{"problem_id":"02RpShoPR0hc5AX","sigma":75,"alpha":0.316,"cost":1,"probabilities":"[0.02, 0.47, 0.14, 0.37]","payoff_matrix":"[[-69, 20, -39, -17, -12, -39], [-84, 32, 105, 26, 11, 10], [55, 72, -55, -6, -46, 98], [-48, 65, 13, 95, 7, -61]]","uncovered":[[6,14,16,8,2,22,10,12,15,11,18,7],[6,10,2,12,18,14,8,22],[22,2,18,6,10,8,12,14],[14,10,6,12,22,18,2,8],[2,22,18,6,14,8,16,10,12,11,15,7],[22,10,14,6,8,12,2,18],[2,6,14,16,8,18,10,12,11,15,22,7],[2,10,22,18,14,6,12],[18,6,10,8,12,2,22,14],[14,18,6,16,8,2,22,10,12,15],[2,18,14,22,10,6,12,8],[22,10,18,2,14,6,8,12],[18,22,10,14,2,6,8,12],[10,2,14,6,12,22,18],[22,18,6,10,8,12,14,2],[14,22,10,18,6,8,12,2],[10,6,8,12,14,2,18,22],[10,6,12,22,18,2,14],[10,2,18,22,14,6,8,12],[22,6,14,8,10,12,18,2],[18,10,22,6,12,2,14],[2,6,18,10,12,14,22],[14,22,6,8,18,10,12,2],[22,18,6,2,14,8,10,12],[18,22,6,14,8,10,12,2],[14,6,8,2,10,12,22,18],[6,14,8,2,16,10,12,15,11,22,18,7],[2,10,6,12,22,18,14,8],[2,10,18,14,22,6,8,12],[2,10,18,14,22,6,8,12],[18,14,10,2,6,8,12,22],[2,22,6,10,8,12,18,14],[22,6,14,8,18,2,10,12],[18,22,2,10,14,6,8,12],[10,6,8,12,2,18,22,14],[14,22,2,10,18,6,12],[6,22,14,16,8,10,12,11,15,2,18,7],[22,6,14,16,8,10,12,11,15,18,2,7],[22,14,18,6,16,8,2,10,12,15],[6,10,12,14,18,2,8,22],[2,18,14,22,6,8,10,12],[2,14,10,18,6,12,22],[2,6,18,22,14,8,10,12],[10,6,8,12,14,18,22,2],[18,10,6,8,12,14,22,2],[10,18,2,6,12,8,14,22],[22,18,6,14,16,8,2,10,12,11,15,7],[14,10,2,22,6,8,12,18],[22,6,2,18,14,8,10,12],[2,14,10,22,18,6,8,12],[14,2,22,6,16,8,10,12,11,15,18,7],[18,6,22,2,10,12,14],[6,10,8,12,14,22,2,18],[10,6,12,22,2,14,18],[6,18,14,16,8,22,2,10,12,15],[2,22,10,14,18,6,8,12],[22,14,10,2,18,6,8,12],[14,10,6,8,12,2,22,18],[10,14,6,22,12,2,18],[14,10,22,2,18,6,12],[6,14,16,8,10,12,11,15,2,22,18,7],[18,6,2,10,12,22,14,8],[22,6,14,8,10,12,18,2],[6,10,8,12,14,2,18,22],[22,14,2,18,10,6,8,12],[6,22,10,8,12,18,2,14],[2,10,22,18,6,12,14],[10,2,6,12,22,18,14],[6,18,14,8,2,10,12,22],[14,2,18,6,8,10,12,22],[2,10,22,6,8,12,18,14],[2,18,10,22,6,8,12,14],[6,22,10,12,18,14,2],[10,14,22,18,2,6,12],[6,18,2,14,16,8,22,10,12,15],[10,22,2,14,18,6,12],[10,6,8,12,22,2,18,14],[6,2,10,8,12,14,18,22],[14,6,8,10,12,22,2,18],[2,14,10,18,22,6,8,12],[22,10,2,14,6,12,18,8],[22,10,6,8,12,2,18,14],[22,14,10,2,18,6,8,12],[14,2,6,8,22,18,10,12],[22,18,14,2,10,6,8,12],[10,22,18,2,14,6,8,12],[6,22,10,8,12,2,14,18],[22,6,14,8,18,10,12,2],[2,6,10,12,14,18,22],[22,10,6,12,2,18,14],[22,6,18,14,8,10,12,2],[6,14,8,22,2,10,12,18],[14,6,8,10,12,18,2,22],[18,2,6,10,8,12,14,22],[14,2,18,10,22,6,8,12],[22,6,10,12,14,2,18],[6,18,14,8,2,22,10,12],[22,14,10,18,2,6,12,8],[18,22,14,10,2,6,8,12],[10,14,2,6,8,12,22,18],[2,6,14,16,8,22,18,10,12,11,15,7],[14,10,2,22,18,6,12,8],[18,2,22,14,6,16,8,10,12,15],[22,10,2,14,18,6,12],[10,14,6,12,18,2,22],[2,14,18,10,6,8,12,22],[10,2,18,14,6,12,22,8],[6,10,12,22,2,18,14],[2,10,6,12,22,14,18],[18,2,22,10,6,12,14],[6,2,22,18,14,8,10,12],[22,2,10,14,6,8,12,18],[2,10,6,12,14,22,18],[2,10,22,18,14,6,8,12],[14,6,8,18,10,12,2,22],[18,2,22,6,14,8,10,12],[6,2,10,8,12,22,18,14],[18,22,2,14,6,8,10,12],[2,22,18,6,14,8,10,12],[14,22,18,10,6,12,2],[2,14,18,22,6,8,10,12],[22,14,10,6,8,12,18,2],[10,6,12,18,2,14,22],[22,2,14,6,8,10,12,18],[10,22,18,14,6,8,12,2],[14,18,10,22,2,6,12],[18,14,6,16,8,2,22,10,12,15],[14,18,6,8,2,22,10,12],[10,22,14,18,2,6,8,12],[2,14,18,10,6,8,12,22],[2,18,10,14,22,6,12],[10,14,22,18,2,6,12,8],[18,10,6,8,12,2,22,14],[14,22,2,6,8,18,10,12],[10,2,14,6,12,22,18],[6,22,2,10,8,12,14,18],[14,10,22,2,18,6,12],[2,22,10,6,14,12,18],[14,10,18,22,6,8,12,2],[6,14,8,18,22,2,10,12],[6,10,8,12,2,18,14,22],[14,6,8,22,10,12,18,2],[22,6,18,10,12,14,2],[22,10,14,6,8,12,18,2],[14,18,22,10,2,6,12],[14,2,10,18,6,8,12,22],[2,18,10,6,8,12,22,14],[18,6,10,12,14,22,2],[14,2,22,6,16,8,18,10,12,11,15,7],[18,14,2,6,16,8,10,12,15,11,22,7],[10,2,22,14,6,12,18,8],[18,6,14,16,8,22,10,12,11,15,2,7],[10,14,18,22,6,8,12,2],[10,6,22,12,14,18,2,8],[18,14,22,6,16,8,10,12,15,11,2,7],[14,18,22,2,6,16,8,10,12,11,15,7],[14,10,2,6,8,12,22,18],[6,2,18,10,12,22,14],[18,2,6,14,8,22,10,12],[2,18,10,6,8,12,14,22],[6,10,8,12,18,22,14,2],[14,6,8,22,10,12,18,2],[10,14,2,18,22,6,12],[14,22,18,6,8,10,12,2],[14,6,8,2,22,10,12,18],[14,10,18,2,22,6,8,12],[6,18,14,16,8,22,2,10,12,15],[10,2,22,18,6,8,12,14],[14,22,18,2,6,8,10,12],[14,2,10,6,8,12,22,18],[10,14,6,8,12,2,22,18],[2,18,10,6,8,12,22,14],[14,2,6,16,8,10,12,11,15,22,18,7],[10,22,18,2,14,6,8,12],[14,10,18,6,8,12,2,22],[14,6,16,8,18,2,22,10,12,15],[18,6,22,10,8,12,14,2],[6,14,8,22,2,18,10,12],[10,6,12,18,2,14,22],[18,10,22,14,6,12,2],[10,22,14,18,2,6,8,12],[14,18,10,22,6,12,2],[10,14,2,6,8,12,18,22],[14,18,2,10,22,6,8,12],[22,2,6,14,16,8,10,12,15,11,18,7],[2,14,22,10,18,6,8,12],[22,6,2,18,14,16,8,10,12,15],[18,22,14,10,2,6,12],[2,18,6,14,16,8,10,12,15,11,22,7],[10,14,18,6,12,2,22],[18,22,2,14,10,6,8,12],[2,14,18,6,8,10,12,22],[14,2,18,22,10,6,12],[22,18,2,10,6,8,12,14],[10,22,6,12,14,2,18],[10,6,12,18,14,22,2],[18,22,14,6,16,8,10,12,15,11,2,7],[6,10,8,12,14,2,18,22],[14,10,6,12,2,18,22],[14,18,22,10,2,6,12],[18,6,10,12,2,8,14,22],[14,18,10,6,12,2,22],[10,2,22,14,18,6,8,12],[18,2,6,14,8,10,12,22],[22,18,2,14,10,6,12],[6,2,22,10,12,18,14,8],[2,14,10,18,6,12,22],[10,14,2,22,18,6,8,12],[14,10,6,8,12,18,22,2],[22,14,6,8,10,12,18,2],[10,22,6,12,2,8,18,14],[10,22,2,18,6,12,14],[14,2,18,10,6,12,22],[14,10,22,2,18,6,8,12],[10,18,6,8,12,2,14,22],[18,22,6,10,8,12,2,14],[22,6,14,16,8,10,12,11,15,2,18,7],[10,6,12,18,2,22,14,8],[2,22,18,14,6,16,8,10,12,15],[22,10,18,14,2,6,12],[2,18,10,14,22,6,12,8],[2,14,18,6,8,10,12,22],[22,2,18,10,14,6,8,12],[18,2,6,22,14,8,10,12],[22,2,18,10,6,12,14,8],[10,14,6,8,12,18,2,22],[14,18,10,6,8,12,22,2],[14,10,6,8,12,18,2,22],[22,2,10,6,12,8,18,14],[2,10,18,22,6,12,14],[22,2,18,14,6,8,16,10,12,11,15,7],[6,10,8,12,14,22,2,18],[22,18,2,10,6,12,8,14],[14,2,18,22,10,6,8,12],[6,18,14,8,10,12,2,22],[18,2,14,22,10,6,12],[2,22,14,10,6,8,12,18],[22,14,6,16,8,18,2,10,12,15],[6,2,18,10,8,12,14,22],[2,22,6,10,12,18,14],[18,22,6,10,12,2,14,8],[22,6,18,2,14,8,10,12],[2,6,22,14,8,10,12,18],[2,10,6,12,22,14,18],[10,18,2,14,6,8,12,22],[2,6,22,10,12,14,18],[22,18,10,14,6,8,12,2],[14,18,10,2,6,12,22,8],[2,18,22,6,10,8,12,14],[10,6,12,18,22,2,14],[14,2,22,6,16,8,10,12,11,15,18,7],[10,14,6,8,12,22,2,18],[10,6,12,22,2,18,14],[14,6,8,2,18,22,10,12],[10,22,18,6,8,12,14,2],[10,18,6,8,12,2,22,14],[2,6,10,12,22,18,14],[14,6,8,22,10,12,18,2],[10,6,8,12,22,18,14,2],[2,22,18,10,14,6,12,8],[22,18,10,2,14,6,12],[6,22,2,14,8,10,12,18],[6,10,12,2,22,18,14],[2,18,22,6,10,12,14],[14,6,16,8,2,22,18,10,12,11,15,7],[6,14,16,8,2,10,12,15,11,22,18,7],[2,6,18,10,8,12,14,22],[18,10,2,22,6,8,12,14],[2,6,18,14,16,8,10,12,15,11,22,7],[2,22,6,14,16,8,10,12,11,15,18,7],[2,14,22,6,8,18,10,12],[2,22,6,14,8,10,12,18],[10,6,12,2,18,14,22,8],[14,18,10,2,22,6,12],[2,10,22,18,14,6,8,12],[2,6,18,10,8,12,14,22],[18,14,2,22,6,8,10,12],[18,2,22,14,10,6,8,12],[22,2,6,18,10,12,14,8],[22,14,18,2,10,6,8,12],[6,18,2,10,8,12,14,22],[10,18,2,22,14,6,12],[14,6,16,8,10,12,15,11,2,18,22,7],[14,10,18,2,22,6,12,8],[2,6,14,16,8,22,18,10,12,15],[6,14,8,18,10,12,2,22],[10,18,22,2,6,8,12,14],[10,22,2,14,6,8,12,18],[22,6,2,14,16,8,18,10,12,11,15,7],[14,2,18,22,10,6,12],[14,18,22,6,8,10,12,2],[6,14,16,8,2,22,10,12,15,11,18,7],[22,14,6,16,8,2,10,12,11,15,18,7],[14,18,2,6,16,8,22,10,12,15],[18,14,22,2,10,6,12],[18,10,14,22,2,6,8,12],[10,6,12,14,18,22,2],[2,10,18,14,22,6,12],[6,2,22,14,8,10,12,18],[22,10,6,18,8,12,2,14],[2,10,22,14,6,12,18,8],[14,6,8,2,22,10,12,18],[22,2,6,10,8,12,18,14],[6,22,14,8,2,18,10,12],[14,10,2,22,18,6,8,12],[10,18,2,6,12,14,22],[22,14,10,6,8,12,2,18],[18,14,10,22,6,8,12,2],[10,18,14,22,6,12,2],[18,14,6,16,8,22,10,12,15,11,2,7],[22,10,6,12,18,14,2],[22,2,18,6,10,12,14,8],[18,14,10,6,12,2,22],[18,2,10,6,12,14,22],[14,2,22,18,6,16,8,10,12,11,15,7],[18,14,2,22,10,6,8,12],[10,18,22,14,2,6,12],[6,14,16,8,10,12,11,15,2,18,22,7],[22,14,6,16,8,2,10,12,11,15,18,7],[10,18,14,6,12,2,22,8],[10,18,2,14,22,6,12,8],[22,6,14,16,8,18,10,12,11,15,2,7],[6,22,14,8,2,18,10,12],[6,14,16,8,2,18,22,10,12,15],[6,10,8,12,18,2,14,22],[10,22,14,2,18,6,12],[14,10,6,12,18,2,22],[18,10,2,14,22,6,8,12],[14,6,16,8,22,2,18,10,12,15],[2,14,22,6,16,8,10,12,15,11,18,7],[6,10,8,12,22,2,18,14],[14,10,22,2,18,6,12],[2,14,22,6,16,8,10,12,11,15,18,7],[6,18,2,22,14,16,8,10,12,11,15,7],[10,14,6,18,12,2,22],[2,6,10,12,14,18,22],[22,10,2,6,8,12,14,18],[10,6,8,12,18,14,22,2],[22,2,14,6,16,8,10,12,15,11,18,7],[18,22,10,6,14,12,2],[22,6,18,14,8,10,12,2],[14,18,2,10,22,6,12],[2,18,14,10,6,8,12,22],[2,22,6,18,14,16,8,10,12,15],[10,6,2,8,12,22,14,18],[6,2,18,14,8,22,10,12],[6,2,22,10,8,12,14,18],[6,18,10,12,2,22,14,8],[14,22,6,8,10,12,2,18],[14,22,2,6,8,18,10,12],[2,18,6,14,8,22,10,12],[18,6,10,12,14,22,8,2],[18,10,2,6,14,12,8,22],[10,6,8,12,18,22,2,14],[18,22,10,14,2,6,12],[10,6,8,12,14,22,18,2],[18,14,2,22,10,6,8,12],[22,2,14,10,6,8,12,18],[10,6,8,12,14,2,18,22],[18,6,10,12,2,14,22,8],[10,2,22,14,6,18,8,12],[10,22,18,14,6,8,12,2],[6,18,14,8,2,22,10,12],[10,6,8,12,2,14,22,18],[14,6,8,2,22,10,12,18],[2,18,6,22,10,12,14],[6,18,2,22,10,8,12,14],[6,10,12,18,2,22,14,8],[14,6,8,22,2,10,12,18],[6,18,22,14,8,2,10,12],[2,22,14,6,8,10,12,18],[2,10,6,8,12,22,18,14],[2,6,10,12,14,22,18],[14,6,16,8,18,2,22,10,12,11,15,7],[6,18,10,12,14,22,8,2],[22,10,2,14,6,12,18],[18,14,6,8,22,2,10,12],[10,22,18,2,6,8,12,14],[22,18,14,2,10,6,8,12],[2,10,18,22,14,6,8,12],[18,6,2,14,16,8,10,12,15,11,22,7],[22,6,18,14,16,8,2,10,12,11,15,7],[6,10,12,14,18,2,22],[18,10,2,14,22,6,8,12],[10,6,12,22,14,18,2],[14,18,22,6,16,8,2,10,12,11,15,7],[14,6,16,8,10,12,15,11,22,2,18,7],[14,2,18,10,6,8,12,22],[6,14,8,2,18,22,10,12],[14,2,10,22,6,12,18],[6,18,14,16,8,10,12,11,15,22,2,7],[2,14,22,6,8,18,16,10,12,15],[18,2,10,6,8,12,14,22],[14,2,18,10,6,8,12,22],[18,6,14,16,8,2,22,10,12,15],[14,2,10,6,12,18,22,8],[2,6,14,16,8,22,18,10,12,15],[18,2,10,6,8,12,14,22],[10,2,18,6,12,14,22],[22,10,6,12,2,18,14],[18,22,10,14,2,6,12,8],[2,18,14,22,6,8,10,12],[6,18,2,14,8,22,10,12],[6,22,10,8,12,18,14,2],[6,22,14,8,10,12,2,18],[18,2,10,14,6,8,12,22],[22,14,2,10,18,6,12],[6,22,10,8,12,2,14,18],[22,10,2,18,14,6,8,12],[6,22,10,12,2,14,18],[2,22,18,6,14,8,10,12],[10,2,6,8,12,22,14,18],[6,10,12,18,14,22,2],[6,22,2,14,8,18,10,12],[18,14,10,2,22,6,8,12],[10,14,6,8,12,18,2,22],[18,2,6,22,10,12,14,8],[14,10,6,12,22,2,18],[22,18,10,14,2,6,8,12],[14,6,16,8,22,2,10,12,11,15,18,7],[2,6,22,10,8,12,18,14],[10,22,14,18,2,6,12],[22,10,18,6,12,14,2],[18,14,10,6,12,2,22],[2,14,18,6,16,8,10,12,15,11,22,7],[6,14,8,18,10,12,2,22],[6,18,10,12,2,14,22],[10,2,6,14,12,22,18,8],[18,2,14,6,16,8,22,10,12,11,15,7],[6,10,22,8,12,14,2,18],[18,2,6,22,10,8,12,14],[2,14,6,8,22,18,10,12],[22,14,6,8,18,10,12,2],[10,18,6,8,12,22,2,14],[22,6,10,8,12,14,2,18],[22,10,6,12,14,18,2],[10,6,12,14,22,2,18],[18,6,22,2,14,16,8,10,12,11,15,7],[22,10,18,6,12,8,2,14],[18,10,14,6,8,12,22,2],[14,10,6,8,12,2,22,18],[14,18,6,8,2,22,10,12],[10,18,2,14,22,6,12,8],[2,14,6,8,10,12,18,22],[22,10,2,18,6,8,12,14],[10,22,2,18,14,6,12],[10,22,6,8,12,14,18,2],[22,18,2,10,14,6,12],[10,18,14,2,6,12,22],[10,14,6,8,12,22,2,18],[10,2,6,12,22,18,14],[22,2,14,18,6,8,10,12],[14,18,2,10,22,6,8,12],[10,22,6,8,12,2,18,14],[10,14,6,12,18,8,2,22],[2,22,18,6,10,8,12,14],[10,22,18,2,6,8,12,14],[22,6,2,14,16,8,10,12,15,11,18,7],[2,6,14,16,8,10,12,11,15,18,22,7],[6,10,12,14,22,8,2,18],[18,2,6,14,16,8,22,10,12,15],[18,14,22,2,10,6,8,12],[14,22,18,6,8,10,12,2],[22,14,6,8,18,10,12,2],[22,14,6,16,8,2,10,12,11,15,18,7],[18,2,14,6,8,22,10,12],[2,22,10,6,8,12,18,14],[22,14,2,10,18,6,12],[6,2,18,10,8,12,14,22],[14,22,10,18,2,6,12],[14,18,10,6,12,2,22],[18,10,2,22,14,6,12],[2,18,22,6,10,12,14],[22,10,2,6,12,18,14],[2,22,18,10,6,8,12,14],[22,18,10,6,12,14,2,8],[18,2,22,6,10,8,12,14],[6,2,10,12,22,14,18],[10,22,18,6,12,2,14],[14,6,8,18,2,22,10,12],[22,18,10,14,2,6,12],[14,18,2,6,16,8,10,12,15,11,22,7],[18,10,6,12,14,22,2],[14,22,18,10,2,6,8,12],[14,10,6,8,12,22,2,18],[22,10,2,14,18,6,12],[22,10,14,6,8,12,18,2],[22,2,10,6,8,12,18,14],[10,22,6,8,12,18,2,14],[10,14,22,18,2,6,12],[22,6,10,12,14,18,8,2],[10,18,2,6,8,12,14,22],[18,6,22,10,8,12,14,2],[22,18,2,6,14,16,8,10,12,11,15,7],[6,18,22,14,16,8,2,10,12,11,15,7],[14,2,6,16,8,10,12,15,11,22,18,7],[18,6,14,8,22,2,10,12],[22,2,18,14,10,6,8,12],[18,6,10,12,14,2,22],[14,6,16,8,18,10,12,11,15,22,2,7],[22,2,10,18,6,12,14],[14,22,6,16,8,2,10,12,15,11,18,7],[10,14,6,8,12,22,2,18],[22,2,18,14,10,6,12,8],[14,22,2,6,16,8,10,12,11,15,18,7],[22,14,18,2,6,8,10,12],[18,2,14,10,22,6,12],[10,6,8,12,22,18,14,2],[2,22,6,10,8,12,14,18],[22,18,2,10,14,6,8,12],[2,22,18,10,6,12,14],[6,14,16,8,2,18,22,10,12,11,15,7],[22,2,6,14,8,18,10,12],[10,22,6,12,14,18,2],[6,10,12,14,2,18,22,8],[22,14,2,18,6,16,8,10,12,15],[2,22,14,10,6,8,12,18],[22,18,2,6,14,16,8,10,12,15],[2,18,10,14,6,8,12,22],[22,14,18,2,6,8,10,12],[10,22,18,6,14,12,2],[10,6,8,12,22,18,2,14],[18,14,10,2,22,6,12],[10,2,14,18,22,6,8,12],[18,22,6,2,10,12,14],[2,10,14,18,22,6,8,12],[6,22,10,8,12,2,18,14],[22,18,10,14,6,12,2],[2,22,14,18,6,16,8,10,12,11,15,7],[18,22,2,10,14,6,12],[14,2,6,8,22,10,12,18],[10,2,14,18,22,6,8,12],[22,2,10,18,14,6,12],[10,2,14,22,6,12,18],[2,18,14,22,10,6,8,12],[22,2,6,14,8,10,12,18],[2,6,10,8,12,22,18,14],[6,10,12,18,8,22,2,14],[22,14,6,8,18,10,12,2],[14,18,10,2,6,12,8,22],[14,2,18,6,8,22,16,10,12,11,15,7],[18,14,10,6,8,12,22,2],[18,10,2,22,6,8,12,14],[22,6,14,8,10,12,18,2],[22,18,10,14,6,12,2],[2,6,14,16,8,10,12,11,15,18,22,7],[6,14,8,22,18,10,12,2],[14,10,2,6,8,12,22,18],[6,18,2,22,14,16,8,10,12,15],[22,2,14,10,6,12,18],[10,6,8,12,18,22,14,2],[6,14,16,8,2,22,18,10,12,15],[10,2,18,22,6,12,14],[18,10,22,2,6,12,14,8],[18,22,6,2,14,8,10,12],[18,2,10,6,12,22,14],[6,18,10,8,12,2,22,14],[6,14,16,8,10,12,15,11,2,18,22,7],[18,22,2,10,6,12,14],[22,2,10,6,12,18,14],[22,2,18,14,6,8,10,12],[18,14,10,6,12,2,8,22],[18,10,6,8,12,22,2,14],[10,2,18,6,8,12,14,22],[14,2,6,8,22,10,12,18],[18,2,14,6,8,22,10,12],[2,14,10,18,22,6,12],[22,10,14,6,8,12,2,18],[10,22,18,2,6,12,14],[22,2,18,10,6,8,12,14],[6,14,16,8,2,10,12,11,15,22,18,7],[10,6,2,12,14,18,22,8],[14,18,2,10,6,8,12,22],[22,6,18,10,8,12,14,2],[14,2,22,10,6,18,12],[14,2,6,16,8,10,12,11,15,18,22,7],[2,6,10,12,14,18,22],[14,6,16,8,22,2,18,10,12,15],[14,22,6,8,10,12,18,2],[10,2,6,18,12,14,8,22],[2,14,10,6,8,12,18,22],[6,10,12,14,18,2,22],[6,2,10,8,12,18,22,14],[22,14,10,18,2,6,12],[2,22,6,10,12,18,8,14],[22,18,6,10,8,12,14,2],[22,14,6,8,2,18,10,12],[10,2,6,12,18,22,14,8],[6,10,8,12,2,14,18,22],[6,18,22,10,8,12,14,2],[2,14,22,10,6,8,12,18],[22,14,18,10,2,6,8,12],[2,14,10,18,22,6,8,12],[18,6,22,14,8,10,12,2],[2,18,22,10,6,12,14],[22,18,2,6,14,16,8,10,12,15],[10,6,12,18,2,14,22],[14,10,18,6,8,12,22,2],[18,6,22,14,8,16,2,10,12,11,15,7],[10,18,14,6,12,22,2],[14,2,22,6,16,8,18,10,12,11,15,7],[14,22,10,6,12,18,8,2],[22,6,2,10,8,12,14,18],[6,14,8,2,10,12,18,22],[6,18,14,8,10,12,22,2],[22,10,14,2,18,6,8,12],[10,18,2,22,6,12,14],[22,2,10,14,6,12,18],[6,14,8,18,2,22,10,12],[18,6,22,10,12,2,14,8],[10,18,6,8,12,14,22,2],[6,10,8,12,2,14,18,22],[2,18,6,14,16,8,22,10,12,11,15,7],[18,22,10,6,12,2,14],[2,18,6,22,10,12,14],[18,6,10,8,12,22,14,2],[10,22,2,14,18,6,8,12],[6,10,8,12,14,18,22,2],[10,2,6,8,12,18,22,14],[10,6,12,18,14,22,2],[6,18,2,22,10,12,14],[22,14,6,16,8,18,10,12,15,11,2,7],[2,14,6,8,10,12,18,22],[10,6,12,22,14,2,18],[14,2,22,6,8,10,12,18],[2,6,14,8,10,12,22,18],[14,6,8,10,12,22,18,2],[18,2,10,6,12,22,14],[6,22,14,8,18,10,12,2],[14,2,6,16,8,22,18,10,12,11,15,7],[14,2,10,6,8,12,22,18],[2,22,6,18,14,8,10,12],[6,2,10,12,14,22,18],[14,6,16,8,22,18,2,10,12,15],[18,22,14,10,2,6,8,12],[6,2,14,8,10,12,18,22],[6,22,2,18,14,8,10,12],[18,6,22,2,10,12,8,14],[6,22,18,10,8,12,2,14],[10,2,18,6,8,12,14,22],[18,6,10,8,12,22,14,2],[22,2,18,10,14,6,8,12],[18,14,6,8,2,10,12,22],[22,2,10,18,6,8,12,14],[18,2,10,14,6,8,12,22],[2,6,10,8,12,22,14,18],[6,2,18,22,14,16,8,10,12,15],[14,22,10,6,12,18,2],[10,6,12,22,14,18,2,8],[14,6,8,10,12,18,2,22],[6,22,18,2,10,12,14],[14,18,22,10,6,8,12,2],[14,22,10,6,12,18,2],[18,14,10,22,2,6,8,12],[22,14,18,6,16,8,10,12,15,11,2,7],[6,22,18,14,8,10,12,2],[6,2,14,8,10,12,22,18],[18,14,22,6,8,2,10,12],[22,2,10,6,12,18,14],[2,18,6,14,16,8,10,12,15,11,22,7],[10,6,8,12,14,2,22,18],[14,18,10,6,8,12,2,22],[10,2,18,6,8,12,14,22],[22,14,6,16,8,10,12,15,11,18,2,7],[18,14,6,16,8,10,12,11,15,2,22,7],[22,6,2,14,8,18,10,12],[18,10,14,2,6,12,22],[22,10,2,18,6,8,12,14],[22,10,6,8,12,18,14,2],[18,10,6,8,12,14,22,2],[10,6,12,18,22,2,14,8],[22,2,10,18,14,6,12],[6,10,8,12,18,2,22,14],[2,18,22,14,6,16,8,10,12,11,15,7],[2,18,22,14,10,6,12],[10,22,2,14,18,6,8,12],[10,2,18,6,8,12,14,22],[22,6,18,10,8,12,2,14],[6,2,18,10,12,22,14,8],[18,14,10,22,2,6,8,12],[6,22,18,2,10,12,14],[10,6,12,22,18,14,2,8],[2,6,18,14,16,8,10,12,11,15,22,7],[6,14,16,8,22,10,12,15,11,18,2,7],[14,10,22,18,6,8,12,2],[10,18,22,6,12,2,14],[6,18,14,8,10,12,22,2],[2,6,10,8,12,22,14,18],[6,14,8,10,12,18,22,2],[10,14,18,6,12,22,2],[6,2,10,8,12,22,18,14],[14,10,18,22,6,8,12,2],[6,22,14,16,8,18,10,12,11,15,2,7],[2,14,18,10,6,12,22],[22,6,10,8,12,2,14,18],[22,18,10,2,14,6,8,12],[2,14,22,18,10,6,8,12],[6,10,8,12,18,22,2,14],[2,10,22,14,18,6,12,8],[10,18,14,2,6,12,22],[18,14,22,6,8,10,12,2],[10,18,2,14,6,12,22,8],[10,22,14,2,18,6,12,8],[18,2,6,14,8,10,12,22],[22,2,10,6,12,14,18],[22,14,18,10,2,6,8,12],[2,18,6,10,8,12,22,14],[22,14,6,16,8,18,2,10,12,11,15,7],[18,14,10,2,6,12,22],[2,6,18,22,10,8,12,14],[10,18,22,2,6,8,12,14],[6,14,8,2,10,12,22,18],[14,2,6,16,8,10,12,15,11,18,22,7],[18,10,14,22,6,8,12,2],[2,22,10,6,12,14,18,8],[18,2,22,6,14,8,16,10,12,15],[6,14,8,2,18,10,12,22],[18,2,6,14,16,8,10,12,15,11,22,7],[18,6,22,10,8,12,2,14],[18,6,22,2,10,8,12,14],[22,2,14,6,16,8,10,12,15,11,18,7],[10,6,8,12,14,22,2,18],[22,18,10,2,14,6,12],[14,2,10,6,8,12,22,18],[2,6,10,8,12,14,22,18],[14,18,2,22,10,6,8,12],[14,22,6,16,8,2,10,12,11,15,18,7],[22,10,14,18,2,6,12],[6,14,8,2,18,22,10,12],[6,14,8,18,2,10,12,22],[18,14,10,6,12,2,22],[22,14,6,16,8,10,12,11,15,18,2,7],[22,2,14,10,18,6,12],[6,2,10,8,12,18,22,14],[10,2,22,6,8,12,14,18],[14,2,18,6,8,10,12,22],[6,22,18,10,12,2,14],[10,18,22,2,14,6,12],[6,10,8,12,14,2,22,18],[22,6,2,14,16,8,10,12,11,15,18,7],[6,14,16,8,2,18,22,10,12,11,15,7],[14,18,2,22,6,16,8,10,12,15],[22,2,18,14,6,8,10,12],[6,14,16,8,18,22,2,10,12,11,15,7],[14,6,8,2,18,10,12,22],[2,10,18,22,14,6,8,12],[18,22,14,10,6,12,2],[14,22,10,18,6,12,2,8],[18,6,22,2,10,12,14],[14,22,2,6,16,8,10,12,15,11,18,7],[14,10,18,6,12,22,2,8],[2,18,14,6,16,8,22,10,12,15],[14,2,10,6,12,18,22],[18,10,2,14,6,12,22],[10,22,18,6,12,8,14,2],[2,14,6,8,18,10,12,22],[22,18,6,10,8,12,14,2],[6,14,8,18,22,2,10,12],[18,22,10,6,12,2,14,8],[10,18,22,6,8,12,14,2],[6,14,8,18,10,12,22,2],[2,6,22,10,8,12,18,14],[6,22,18,10,12,2,8,14],[6,10,12,14,22,18,2],[2,22,14,10,18,6,8,12],[6,22,10,8,12,18,14,2],[6,18,2,14,8,10,12,22],[6,10,12,14,22,18,2,8],[14,18,6,8,22,10,12,2],[14,22,10,18,6,12,2],[10,22,18,14,6,12,2],[10,22,18,2,6,12,8,14],[6,14,8,2,10,12,18,22],[6,18,2,14,16,8,10,12,11,15,22,7],[2,14,22,10,6,12,18],[10,22,18,6,12,2,14],[6,2,18,10,12,22,14],[22,10,2,14,6,8,12,18],[2,6,22,14,8,18,10,12],[10,22,6,8,12,18,2,14],[14,2,22,6,8,18,10,12],[14,10,6,12,18,2,22],[10,22,14,2,18,6,12],[10,22,6,12,14,2,18],[6,2,10,8,12,18,22,14],[2,10,14,6,12,22,18],[10,2,6,12,8,18,14,22],[22,2,6,14,16,8,18,10,12,15],[22,10,18,2,6,8,12,14],[6,14,16,8,18,2,10,12,15,11,22,7],[10,14,6,8,12,22,2,18],[22,14,2,6,8,10,12,18],[14,10,18,22,2,6,12],[6,10,12,22,18,2,14],[22,2,10,6,12,14,18],[22,6,2,14,16,8,10,12,15,11,18,7],[10,6,12,18,22,2,14],[2,10,18,6,12,22,14],[18,2,14,6,16,8,22,10,12,11,15,7],[14,6,8,18,10,12,22,2],[2,22,14,6,8,18,10,12],[18,6,22,10,12,2,14],[10,6,8,12,14,2,18,22],[10,14,22,18,6,12,2,8],[14,6,8,18,22,2,10,12],[18,22,6,10,12,2,14],[22,2,10,18,6,8,12,14],[18,6,2,10,22,8,12,14],[2,10,6,8,12,14,22,18],[18,22,2,10,6,8,12,14],[22,2,10,18,14,6,8,12],[6,18,10,8,12,2,14,22],[6,22,18,10,12,2,14],[22,18,14,6,8,2,10,12],[18,6,2,10,8,12,14,22],[6,14,16,8,18,10,12,11,15,2,22,7],[6,10,8,12,2,18,14,22],[22,14,10,6,12,18,2],[22,2,18,6,10,12,14],[10,22,6,12,18,2,14],[6,18,14,16,8,22,10,12,15,11,2,7],[6,2,14,8,18,22,10,12],[22,18,2,6,14,8,10,12],[10,6,8,12,14,18,22,2],[22,6,18,10,12,2,14],[2,18,6,22,14,8,10,12],[18,2,14,22,6,8,10,12],[22,2,10,18,6,8,12,14],[18,2,10,22,6,8,12,14],[2,6,22,10,12,8,14,18],[6,10,8,12,22,18,2,14],[14,10,22,2,6,18,8,12],[10,18,14,22,6,8,12,2],[18,14,10,6,12,22,2],[18,6,22,2,10,12,14],[22,14,2,18,10,6,8,12],[2,14,22,18,6,8,10,12],[6,2,18,22,14,16,8,10,12,11,15,7],[18,6,22,2,14,8,10,12],[18,10,22,14,6,12,2],[10,22,14,2,6,12,8,18],[6,10,8,12,22,18,14,2],[10,6,12,14,2,22,18],[6,2,18,14,16,8,10,12,15,11,22,7],[14,22,6,8,2,10,12,18],[6,22,18,10,8,12,14,2],[6,14,16,8,22,2,10,12,11,15,18,7],[2,6,10,8,12,14,18,22],[10,22,14,6,12,18,2],[6,10,8,12,18,2,22,14],[22,14,6,8,18,10,12,2],[14,22,2,18,6,16,8,10,12,11,15,7],[2,14,10,6,8,12,18,22],[6,14,8,22,18,10,12,2],[6,10,8,12,2,18,22,14],[22,18,6,2,14,8,10,12],[22,2,14,10,18,6,12,8],[22,10,14,18,6,12,2],[22,10,18,6,8,12,14,2],[10,6,12,2,18,22,14],[14,2,6,8,10,12,18,22],[2,18,22,10,6,8,12,14],[6,14,16,8,10,12,11,15,22,18,2,7],[6,14,8,22,18,10,12,2],[6,18,22,2,10,12,8,14],[14,10,6,8,12,18,22,2],[10,6,8,12,22,18,2,14],[2,18,14,10,6,8,12,22],[10,14,18,2,6,8,12,22],[22,6,18,2,10,8,12,14],[14,2,10,6,12,22,18,8],[2,6,10,12,14,18,22],[22,6,10,8,12,14,18,2],[22,2,10,6,12,14,18],[14,10,6,8,12,18,22,2],[14,2,10,18,6,8,12,22],[14,22,6,8,2,18,10,12],[22,10,2,14,18,6,12],[2,18,14,6,16,8,22,10,12,15],[18,14,6,16,8,22,10,12,11,15,2,7],[10,18,2,22,6,8,12,14],[18,6,10,8,12,2,22,14],[14,22,2,18,10,6,12,8],[6,22,2,18,14,8,10,12],[6,22,18,14,8,10,12,2],[14,2,22,10,18,6,12,8],[22,14,6,8,16,18,2,10,12,15],[22,6,18,2,10,8,12,14],[10,2,22,18,6,12,14],[2,18,6,14,16,8,22,10,12,11,15,7],[22,6,2,10,12,14,18],[2,18,6,10,8,12,14,22],[14,22,18,6,16,8,2,10,12,15],[2,18,10,6,8,12,22,14],[10,2,18,14,22,6,8,12],[2,22,18,10,6,8,12,14],[14,22,6,16,8,18,2,10,12,15],[2,10,18,22,6,8,12,14],[10,14,6,8,12,18,22,2],[22,2,14,18,10,6,8,12],[22,14,10,6,12,2,18],[18,10,2,6,12,22,14],[10,22,14,18,6,12,2],[18,6,14,16,8,10,12,11,15,22,2,7],[6,22,10,8,12,14,2,18],[14,22,2,10,18,6,12],[10,2,6,8,12,18,22,14],[22,6,18,10,12,14,2],[6,22,10,8,12,14,2,18],[2,18,10,14,6,8,12,22],[6,10,8,12,18,22,2,14],[14,2,10,22,18,6,8,12],[2,6,10,8,12,14,22,18],[14,18,2,22,6,8,10,12],[14,2,18,6,16,8,22,10,12,11,15,7],[6,18,10,12,2,22,14],[6,10,12,18,22,2,14],[18,14,22,6,16,8,2,10,12,11,15,7],[18,2,14,10,22,6,12,8],[18,14,6,16,8,10,12,11,15,2,22,7],[6,18,22,10,12,2,14],[2,22,18,6,14,16,8,10,12,15],[10,14,22,18,2,6,8,12],[6,18,2,14,16,8,10,12,11,15,22,7],[6,22,18,10,12,2,14],[2,14,18,6,8,16,22,10,12,15],[18,2,6,10,8,12,14,22],[22,2,14,6,8,10,12,18],[2,22,6,10,8,12,14,18],[10,18,2,6,8,12,14,22],[22,10,2,14,6,8,12,18],[18,22,10,2,6,12,14],[18,10,2,6,12,22,14],[18,6,2,14,16,8,22,10,12,11,15,7],[10,14,2,22,6,12,18],[14,18,10,2,6,12,22],[2,18,10,6,8,12,22,14],[6,14,16,8,2,10,12,15,11,22,18,7],[2,10,6,12,18,22,14],[2,6,22,14,16,8,10,12,15,11,18,7],[14,2,18,22,6,16,8,10,12,15],[22,6,2,10,8,12,18,14],[10,2,22,14,18,6,8,12],[14,6,8,10,12,2,22,18],[18,10,22,6,8,12,2,14],[10,2,22,18,6,12,14,8],[22,6,18,2,10,12,14],[18,2,6,14,8,22,10,12],[18,22,6,2,10,12,14],[18,14,6,8,10,12,22,2],[14,6,8,10,12,18,22,2],[6,18,10,12,14,22,8,2],[18,22,2,6,10,12,14],[22,10,18,6,12,2,14],[14,2,10,22,6,12,18],[22,10,18,6,8,12,14,2],[10,14,6,12,22,8,2,18],[10,2,6,12,18,22,8,14],[14,18,2,22,10,6,8,12],[18,22,10,6,12,2,14],[10,2,6,8,12,14,18,22],[2,10,18,14,22,6,8,12],[6,2,22,10,12,18,14],[22,10,18,14,6,12,2],[2,6,10,12,18,14,22],[2,6,18,22,10,8,12,14],[2,6,18,10,12,22,14,8],[2,10,14,18,22,6,8,12],[18,6,10,12,22,14,2,8],[2,10,22,6,12,18,14],[18,6,22,2,10,8,12,14],[2,14,6,8,18,22,10,12],[14,22,2,6,8,10,12,18],[18,14,2,6,8,10,12,22],[10,6,8,12,18,14,2,22],[14,6,8,18,2,10,12,22],[10,22,14,18,6,8,12,2],[22,14,10,18,2,6,12],[10,6,12,2,18,22,14,8],[2,10,14,18,22,6,12],[18,10,14,6,12,2,22],[2,18,14,10,22,6,8,12],[22,18,14,2,10,6,8,12],[22,10,14,6,12,2,18,8],[2,22,10,18,6,12,14],[6,22,18,2,14,8,16,10,12,15],[22,14,2,18,6,8,10,12],[14,22,18,6,16,8,2,10,12,15],[10,6,8,12,22,18,2,14],[22,2,10,14,18,6,12],[6,2,10,12,14,22,18],[22,10,2,14,18,6,8,12],[14,6,16,8,22,10,12,15,11,18,2,7],[6,2,18,22,10,8,12,14],[18,22,6,2,10,14,12],[14,6,16,8,22,2,18,10,12,11,15,7],[2,18,22,6,10,8,12,14],[2,6,14,8,18,22,10,12],[14,10,18,2,22,6,8,12],[18,22,6,14,8,2,10,12]],"n_human":102}