{"problem_id":"02RpShoPR0hc5AX","sigma":150,"alpha":0.316,"cost":1,"probabilities":"[0.02, 0.47, 0.14, 0.37]","payoff_matrix":"[[-137, 39, -78, -34, -24, -78], [-168, 65, 209, 53, 22, 20], [111, 144, -110, -11, -92, 196], [-96, 130, 25, 190, 15, -121]]","uncovered":[[22,18,2,14,10,6,8,12],[2,14,22,10,18,6,12],[6,18,10,22,2,14,12],[2,14,6,8,10,12,18,22],[2,14,10,6,22,18,8,12],[18,10,22,14,2,6,8,12],[10,22,18,6,14,2,8,12],[6,14,8,18,10,12,2,22],[6,2,10,14,18,22,8,12],[18,2,22,6,10,14,12],[22,14,18,2,6,16,10,12,11,15,8,7],[2,14,10,6,18,22,8,12],[10,6,14,2,18,22,8,12],[10,22,6,2,18,14,8,12],[14,6,8,10,12,2,22,18],[10,14,6,18,2,22,12],[14,22,18,2,6,8,10,12],[10,2,14,22,6,18,8,12],[18,10,2,6,14,22,12],[2,22,18,14,10,6,8,12],[2,22,18,6,10,14,12],[6,2,22,14,16,18,10,12,11,15,8,7],[6,14,8,18,10,12,2,22],[10,14,2,22,6,18,8,12],[2,14,6,8,10,12,18,22],[14,22,18,6,8,2,10,12],[6,22,10,14,18,2,12],[2,14,22,10,18,6,12],[18,14,6,16,22,10,12,2,15,11,8,7],[14,2,18,10,6,22,12],[22,6,10,18,2,14,8,12],[22,6,18,14,16,10,12,2,11,15,8,7],[18,6,14,16,22,10,12,2,15,11,8,7],[14,22,18,6,16,2,10,12,15,11,8,7],[18,14,10,2,6,22,12],[18,10,2,14,6,22,8,12],[6,2,10,22,14,18,8,12],[18,14,10,2,22,6,12],[18,14,22,2,10,6,8,12],[18,2,14,6,16,10,12,22,11,15,8,7],[2,18,22,14,10,6,8,12],[10,6,22,14,18,2,12],[18,2,10,22,6,14,12],[2,14,10,18,22,6,12],[2,18,10,14,6,22,12],[18,6,2,10,22,14,8,12],[10,6,22,2,14,18,12],[18,14,2,6,16,10,12,22,15,11,8,7],[18,6,14,16,2,22,10,12,11,15,8,7],[14,18,10,2,22,6,12],[2,14,18,6,16,22,10,12,11,15,8,7],[22,14,6,8,2,10,12,18],[18,10,22,2,6,14,8,12],[6,22,14,8,18,2,10,12],[18,2,22,10,6,14,12],[2,10,22,14,18,6,12],[22,2,14,18,6,8,10,12],[18,14,10,22,2,6,12],[10,6,2,18,22,14,8,12],[14,6,16,2,22,10,12,18,11,15,8],[18,6,10,14,2,22,12],[10,18,22,2,6,14,12],[10,14,18,2,6,22,12],[14,18,6,16,10,12,2,22,15,11,8,7],[22,2,6,10,14,18,12],[14,6,8,18,10,12,22,2],[2,18,22,14,6,8,10,12],[22,18,6,2,10,14,12],[10,2,6,22,14,18,12],[2,10,6,18,22,14,8,12],[10,14,22,6,18,2,8,12],[22,18,2,10,14,6,8,12],[2,18,14,10,6,22,12],[22,10,14,2,6,18,12],[14,6,8,2,22,10,12,18],[22,2,18,14,10,6,12],[18,6,2,14,16,22,10,12,15,11,8],[18,22,2,14,6,16,10,12,11,15,8,7],[18,14,2,10,6,22,12],[6,2,14,8,10,12,22,18],[2,22,6,10,18,14,8,12],[6,2,10,18,14,22,12],[10,6,14,2,22,18,8,12],[22,14,18,6,8,2,10,12],[2,18,22,6,10,14,8,12],[14,6,16,2,22,10,12,18,15,11,8,7],[14,2,22,6,16,10,12,18,15,11,8,7],[6,14,16,22,18,2,10,12,11,15,8,7],[10,2,6,14,18,22,8,12],[14,6,8,10,12,22,2,18],[2,14,6,8,10,12,18,22],[18,10,22,14,2,6,12],[2,6,18,14,16,10,12,22,11,15,8,7],[2,22,14,18,6,8,10,12],[6,18,2,22,10,14,8,12],[22,18,10,2,14,6,12],[18,6,14,8,2,10,12,22],[22,2,6,14,8,10,12,18],[6,18,2,22,14,16,10,12,11,15,8,7],[10,18,22,2,6,14,8,12],[10,18,6,22,2,14,8,12],[14,2,22,18,10,6,8,12],[6,2,18,22,14,8,10,12],[18,2,22,14,6,16,10,12,11,15,8,7],[6,10,14,18,22,2,8,12],[10,18,14,22,6,2,12],[2,22,18,10,14,6,12],[14,6,8,10,12,18,2,22],[2,22,14,6,8,10,12,18],[2,10,18,6,14,22,12],[6,14,16,22,18,10,12,2,11,15,8,7],[2,18,10,6,14,22,8,12],[2,18,22,10,14,6,12],[10,14,18,6,22,2,12],[22,18,14,6,16,10,12,2,15,11,8,7],[2,22,14,6,16,18,10,12,15,11,8,7],[6,2,22,10,18,14,12],[18,22,10,6,14,2,12],[2,18,6,14,8,22,10,12],[2,14,18,6,8,22,10,12],[18,2,6,10,14,22,12],[18,2,22,10,14,6,8,12],[18,2,6,10,22,14,8,12],[18,14,2,6,16,22,10,12,11,15,8,7],[22,18,10,2,6,14,8,12],[10,2,14,6,22,18,12],[22,14,18,6,16,10,12,2,15,11,8,7],[2,6,10,14,22,18,12],[14,10,2,6,22,18,12],[14,22,6,16,2,18,10,12,15,11,8,7],[14,22,10,18,2,6,12],[14,22,6,8,18,2,10,12],[14,6,16,18,10,12,2,22,15,11,8,7],[6,2,18,14,8,10,12,22],[10,6,18,2,22,14,8,12],[6,10,22,14,18,2,8,12],[14,18,22,10,2,6,8,12],[22,18,6,2,10,14,8,12],[18,10,6,14,2,22,8,12],[22,6,10,18,2,14,12],[22,14,10,6,2,18,8,12],[10,14,6,22,18,2,8,12],[10,18,22,2,14,6,12],[10,18,14,6,22,2,12],[22,14,18,2,6,16,10,12,11,15,8,7],[22,2,10,14,6,18,12],[6,2,14,16,18,22,10,12,15,11,8,7],[6,2,22,18,10,14,8,12],[6,22,10,14,18,2,8,12],[14,18,10,6,2,22,8,12],[10,18,22,2,6,14,12],[22,2,10,18,14,6,12],[14,6,16,18,2,10,12,22,15,11,8,7],[18,2,6,10,14,22,12],[2,6,10,22,14,18,8,12],[2,18,22,14,6,8,10,12],[22,6,18,14,8,10,12,2],[18,6,10,22,2,14,8,12],[2,10,22,18,14,6,12],[18,2,22,14,10,6,8,12],[6,22,10,14,18,2,8,12],[2,18,6,10,22,14,12],[14,18,6,16,22,2,10,12,11,15,8,7],[22,14,10,2,6,18,8,12],[18,6,22,14,16,2,10,12,15,11,8,7],[10,22,18,14,6,2,12],[10,18,2,22,6,14,8,12],[22,6,2,10,18,14,8,12],[2,22,14,6,8,18,10,12],[10,18,2,22,14,6,8,12],[6,18,22,2,14,8,10,12],[6,18,2,10,14,22,12],[22,18,2,10,6,14,8,12],[10,14,22,2,6,18,12],[6,22,18,10,14,2,12],[2,18,14,6,8,10,12,22],[10,18,6,14,22,2,12],[6,14,16,2,10,12,18,22,11,15,8,7],[14,18,2,22,10,6,8,12],[14,6,8,10,12,2,18,22],[6,18,10,14,2,22,12],[22,18,10,6,14,2,12],[22,18,14,10,6,2,12],[6,18,2,10,14,22,8,12],[2,22,14,6,8,18,10,12],[2,18,14,22,10,6,12],[22,2,6,18,10,14,12],[6,10,2,22,18,14,8,12],[10,22,14,2,6,18,8,12],[2,18,14,22,10,6,8,12],[14,6,16,10,12,18,22,2,15,11,8,7],[18,2,14,6,16,10,12,22,15,11,8,7],[2,14,10,18,6,22,8,12],[18,22,2,10,6,14,12],[10,14,2,22,18,6,12],[2,14,22,18,10,6,8,12],[14,6,16,10,12,22,18,2,15,11,8],[10,2,22,6,18,14,8,12],[2,6,22,10,18,14,8,12],[2,14,22,18,6,8,10,12],[14,22,2,6,16,10,12,18,15,11,8,7],[22,18,14,6,16,10,12,2,11,15,8,7],[14,2,10,22,6,18,12],[2,6,10,22,18,14,8,12],[18,14,22,6,8,2,10,12],[22,6,18,2,14,8,10,12],[10,22,14,18,6,2,8,12],[6,10,2,22,14,18,12],[22,10,2,18,6,14,12],[2,6,10,22,14,18,8,12],[22,2,18,10,14,6,12],[22,14,6,8,2,10,12,18],[14,18,10,6,2,22,8,12],[18,10,14,2,6,22,12],[10,22,2,18,6,14,8,12],[14,10,2,6,22,18,8,12],[10,18,22,14,6,2,12],[2,6,10,22,18,14,12],[2,22,18,6,10,14,8,12],[22,6,2,18,14,8,10,12],[22,14,10,6,18,2,12],[18,22,10,2,6,14,12],[14,22,10,2,6,18,8,12],[22,2,10,14,18,6,12],[10,6,2,22,14,18,8,12],[18,14,6,16,2,10,12,22,15,11,8,7],[14,6,8,18,2,22,10,12],[10,6,18,22,2,14,8,12],[18,14,10,2,6,22,12],[6,14,8,2,22,10,12,18],[2,14,18,6,8,22,10,12],[6,2,18,14,16,10,12,22,15,11,8,7],[14,22,2,10,18,6,12],[22,6,10,2,18,14,12],[6,2,10,14,18,22,8,12],[2,18,22,10,14,6,12],[10,2,14,6,22,18,8,12],[14,10,6,22,18,2,12],[14,2,18,22,10,6,8,12],[10,2,14,6,22,18,12],[18,6,22,10,2,14,8,12],[6,10,22,14,2,18,12],[14,2,22,18,10,6,12],[18,6,2,22,10,14,12],[22,14,2,18,10,6,12],[22,18,10,14,2,6,12],[6,22,10,2,18,14,12],[10,6,18,22,2,14,8,12],[18,22,10,14,6,2,12],[18,2,22,10,14,6,8,12],[10,2,18,22,6,14,12],[2,22,18,6,10,14,8,12],[6,14,8,10,12,2,18,22],[10,22,6,2,14,18,8,12],[6,14,16,18,10,12,22,2,11,15,8,7],[2,14,22,10,6,18,8,12],[14,10,6,2,22,18,12],[18,22,10,2,14,6,12],[18,14,6,16,10,12,2,22,15,11,8],[2,14,22,18,10,6,12],[22,14,18,2,10,6,12],[14,18,6,8,10,12,22,2],[6,22,10,2,14,18,12],[10,6,14,2,18,22,8,12],[10,6,2,18,14,22,8,12],[6,22,10,18,14,2,12],[14,2,6,16,22,18,10,12,11,15,8,7],[10,14,18,22,2,6,8,12],[18,10,2,14,6,22,8,12],[18,2,22,10,14,6,12],[10,2,22,18,14,6,12],[18,14,10,22,2,6,12],[6,18,10,14,2,22,12],[2,10,6,22,18,14,12],[6,10,18,2,22,14,12],[6,18,2,22,14,8,10,12],[6,18,14,16,22,10,12,2,11,15,8,7],[6,2,14,8,10,12,22,18],[2,22,6,14,8,10,12,18],[6,18,10,14,22,2,12],[6,14,16,2,18,10,12,22,15,11,8,7],[14,18,22,6,8,10,12,2],[10,18,14,6,22,2,12],[18,10,2,22,6,14,12],[22,6,10,2,18,14,8,12],[18,14,2,10,22,6,8,12],[6,14,8,22,2,10,12,18],[2,6,14,16,10,12,22,18,11,15,8,7],[10,22,14,6,2,18,12],[6,18,10,2,22,14,8,12],[6,10,18,22,14,2,12],[14,10,22,2,18,6,12],[10,18,6,22,14,2,8,12],[2,14,18,10,22,6,8,12],[10,6,14,2,22,18,8,12],[6,18,2,10,22,14,8,12],[14,22,6,16,18,2,10,12,11,15,8,7],[2,22,10,6,14,18,8,12],[10,14,22,2,6,18,12],[18,6,10,14,22,2,8,12],[2,22,10,6,14,18,12],[14,2,18,6,16,22,10,12,11,15,8,7],[10,6,2,18,22,14,8,12],[10,2,22,18,6,14,8,12],[10,22,6,2,14,18,12],[6,22,18,10,14,2,12],[14,10,6,2,22,18,12],[22,10,18,6,14,2,12],[6,14,8,2,22,10,12,18],[10,14,6,2,18,22,8,12],[14,22,6,16,18,2,10,12,15,11,8,7],[18,22,10,2,14,6,12],[22,18,2,6,14,16,10,12,15,11,8,7],[10,6,22,18,2,14,12],[6,22,2,18,14,8,10,12],[22,6,10,14,18,2,8,12],[14,6,16,22,18,2,10,12,11,15,8,7],[10,14,18,2,6,22,8,12],[6,22,14,8,2,18,10,12],[14,10,22,18,6,2,12],[6,22,18,14,16,2,10,12,15,11,8,7],[6,10,2,14,18,22,8,12],[10,14,2,18,22,6,8,12],[6,22,2,18,14,8,10,12],[14,22,18,2,10,6,12],[2,10,18,22,14,6,8,12],[2,14,22,6,16,10,12,18,15,11,8,7],[6,10,14,2,22,18,12],[10,14,2,18,6,22,12],[22,6,14,16,10,12,2,18,11,15,8,7],[18,2,6,14,16,22,10,12,15,11,8,7],[10,22,2,14,6,18,8,12],[22,6,10,14,18,2,8,12],[6,22,14,16,18,2,10,12,15,11,8,7],[18,14,22,10,2,6,8,12],[10,2,22,18,14,6,12],[18,6,14,16,2,10,12,22,11,15,8,7],[14,2,22,6,16,10,12,18,11,15,8,7],[2,10,18,14,6,22,12],[10,22,18,6,14,2,8,12],[22,18,6,10,2,14,12],[10,18,6,22,14,2,8,12],[6,10,2,22,14,18,8,12],[2,18,6,10,14,22,8,12],[6,10,22,2,18,14,8,12],[14,6,8,22,18,10,12,2],[6,10,22,2,18,14,8,12],[22,6,14,8,10,12,2,18],[6,14,16,18,2,10,12,22,15,11,8,7],[22,10,14,18,6,2,12],[22,2,10,14,6,18,12],[22,6,10,14,2,18,12],[14,6,16,10,12,22,18,2,11,15,8,7],[22,14,6,8,10,12,18,2],[2,10,14,6,22,18,12],[22,2,14,10,18,6,8,12],[22,18,14,10,6,2,12],[10,6,2,14,18,22,12],[18,2,6,22,10,14,12],[14,6,8,22,18,10,12,2],[2,6,10,18,14,22,12],[2,14,10,22,6,18,12],[10,22,2,14,6,18,12],[2,6,22,10,14,18,8,12],[2,14,6,8,22,10,12,18],[14,10,22,6,18,2,8,12],[10,2,18,6,22,14,12],[22,6,14,8,10,12,2,18],[18,22,14,6,8,10,12,2],[18,2,6,10,22,14,12],[6,14,16,18,2,10,12,22,15,11,8,7],[22,2,14,6,16,10,12,18,11,15,8,7],[6,14,16,22,18,10,12,2,15,11,8,7],[14,18,2,6,16,10,12,22,15,11,8,7],[14,6,8,10,12,22,18,2],[2,22,18,10,6,14,12],[14,6,8,2,18,10,12,22],[2,6,10,22,18,14,12],[22,6,2,10,18,14,12],[2,10,18,6,14,22,12],[10,6,22,2,18,14,8,12],[18,14,2,10,22,6,12],[14,2,22,18,6,16,10,12,15,11,8,7],[10,14,6,2,22,18,8,12],[10,2,6,14,22,18,8,12],[14,2,22,6,16,10,12,18,11,15,8,7],[22,6,10,2,14,18,12],[10,22,14,2,6,18,8,12],[14,10,6,18,2,22,12],[18,22,10,14,6,2,8,12],[14,22,2,10,18,6,8,12],[2,22,10,18,14,6,12],[22,2,10,18,6,14,8,12],[18,14,22,10,6,2,12],[22,2,10,6,14,18,12],[14,6,16,10,12,2,22,18,11,15,8,7],[22,6,10,2,14,18,8,12],[18,2,10,22,14,6,8,12],[18,6,2,10,22,14,12],[10,18,2,6,22,14,8,12],[22,2,14,6,8,18,10,12],[2,22,18,10,14,6,12],[22,2,18,6,14,16,10,12,11,15,8,7],[14,22,2,10,6,18,8,12],[6,10,14,22,18,2,8,12],[22,18,10,6,2,14,12],[14,22,2,18,6,8,10,12],[2,6,22,18,10,14,8,12],[6,14,16,22,2,10,12,18,15,11,8,7],[2,6,18,14,16,22,10,12,15,11,8,7],[6,10,18,2,22,14,12],[14,18,10,6,22,2,12],[10,22,14,6,18,2,8,12],[6,18,10,2,14,22,8,12],[22,2,14,6,8,18,10,12],[2,6,22,10,14,18,12],[18,22,10,6,2,14,8,12],[2,22,14,6,16,18,10,12,11,15,8,7],[14,2,10,22,6,18,12],[10,6,2,18,14,22,8,12],[22,2,10,18,14,6,12],[10,6,22,14,2,18,12],[18,6,14,16,10,12,2,22,11,15,8,7],[14,18,22,2,10,6,8,12],[6,2,22,10,18,14,8,12],[2,6,22,14,16,10,12,18,11,15,8,7],[22,2,18,6,10,14,8,12],[18,6,14,8,2,10,12,22],[2,6,18,10,22,14,8,12],[22,10,14,18,6,2,12],[18,6,2,10,14,22,12],[6,10,18,14,22,2,8,12],[10,22,14,6,2,18,8,12],[6,2,18,22,10,14,12],[22,2,6,18,14,16,10,12,15,11,8,7],[18,22,2,10,14,6,12],[10,14,2,6,18,22,12],[2,10,22,6,18,14,8,12],[10,18,6,22,14,2,12],[2,6,18,14,8,22,10,12],[14,22,18,6,8,2,10,12],[14,18,6,16,10,12,2,22,11,15,8,7],[10,6,22,14,18,2,8,12],[18,10,14,6,22,2,12],[2,10,14,18,6,22,8,12],[22,10,14,2,18,6,8,12],[10,14,6,18,22,2,12],[2,14,18,10,6,22,8,12],[14,18,22,10,6,2,12],[10,18,6,2,14,22,8,12],[22,18,10,14,6,2,12],[22,18,10,2,6,14,8,12],[6,14,8,2,22,18,10,12],[14,18,2,6,8,10,12,22],[6,10,22,18,2,14,8,12],[6,18,10,22,14,2,8,12],[10,14,2,6,18,22,8,12],[2,18,14,10,6,22,8,12],[14,6,16,2,10,12,22,18,11,15,8,7],[6,14,8,22,2,18,10,12],[18,2,22,14,6,16,10,12,11,15,8,7],[2,6,22,18,14,8,10,12],[2,14,10,6,18,22,8,12],[2,18,6,10,22,14,8,12],[2,10,22,18,14,6,12],[22,14,6,16,2,18,10,12,11,15,8,7],[10,18,2,6,22,14,12],[22,2,10,14,18,6,8,12],[14,18,2,6,16,22,10,12,15,11,8,7],[18,2,22,14,10,6,12],[2,10,22,6,14,18,8,12],[14,10,18,6,22,2,12],[14,2,22,6,16,10,12,18,15,11,8,7],[22,18,2,10,6,14,12],[22,6,18,14,16,2,10,12,11,15,8,7],[14,6,8,22,10,12,18,2],[2,6,14,16,18,22,10,12,15,11,8,7],[2,6,10,18,22,14,12],[2,14,10,6,18,22,8,12],[2,18,14,6,8,10,12,22],[18,6,22,14,8,2,10,12],[6,22,14,16,10,12,18,2,15,11,8,7],[10,14,18,6,2,22,12],[10,22,6,14,18,2,12],[6,10,2,22,14,18,8,12],[10,14,18,2,6,22,12],[10,6,2,18,22,14,12],[2,14,6,8,22,10,12,18],[2,6,18,22,14,16,10,12,11,15,8,7],[18,6,22,14,16,2,10,12,15,11,8,7],[14,6,16,2,22,10,12,18,11,15,8,7],[6,18,10,14,22,2,12],[2,10,6,14,18,22,8,12],[10,2,6,18,22,14,12],[6,2,10,14,18,22,8,12],[14,18,22,6,8,2,10,12],[2,10,22,6,18,14,8,12],[22,18,6,10,2,14,8,12],[14,22,6,8,10,12,2,18],[6,2,22,14,16,18,10,12,11,15,8,7],[10,2,22,6,14,18,8,12],[6,14,16,2,22,18,10,12,15,11,8,7],[22,6,2,10,18,14,8,12],[10,18,14,2,22,6,12],[6,2,14,16,10,12,18,22,11,15,8,7],[6,14,8,22,10,12,2,18],[22,6,18,14,16,2,10,12,11,15,8,7],[18,14,2,22,6,16,10,12,15,11,8,7],[14,6,8,2,10,12,22,18],[14,22,10,6,2,18,8,12],[14,10,18,6,22,2,12],[14,2,22,18,10,6,12],[22,14,2,10,6,18,8,12],[14,10,6,18,22,2,12],[14,22,18,10,2,6,8,12],[10,22,14,6,18,2,12],[14,10,6,22,18,2,8,12],[18,14,22,6,16,10,12,2,15,11,8,7],[18,2,10,14,6,22,8,12],[18,14,10,22,6,2,8,12],[6,2,10,14,22,18,12],[14,10,6,22,2,18,12],[18,14,10,6,22,2,8,12],[6,22,2,14,16,18,10,12,15,11,8,7],[2,14,6,8,22,18,10,12],[22,2,10,6,14,18,12],[2,22,6,10,18,14,8,12],[22,14,6,8,2,10,12,18],[10,14,22,18,6,2,12],[18,22,14,6,16,2,10,12,15,11,8,7],[18,6,10,2,22,14,12],[14,10,6,2,18,22,12],[22,2,6,14,16,10,12,18,11,15,8,7],[18,6,14,8,2,10,12,22],[14,18,6,8,10,12,22,2],[14,2,22,10,18,6,12],[14,2,22,6,16,18,10,12,11,15,8,7],[10,18,22,2,14,6,12],[14,18,22,6,16,10,12,2,15,11,8,7],[14,6,8,10,12,2,18,22],[18,14,22,2,10,6,12],[6,22,10,2,14,18,12],[14,2,6,8,22,18,10,12],[10,6,22,14,18,2,12],[18,10,6,22,2,14,12],[22,2,14,18,10,6,8,12],[22,10,18,2,6,14,8,12],[14,22,6,16,18,2,10,12,15,11,8,7],[6,14,16,2,18,22,10,12,11,15,8,7],[6,10,14,22,2,18,8,12],[10,6,14,2,22,18,12],[14,2,18,10,6,22,8,12],[6,2,10,22,14,18,8,12],[14,22,2,6,8,18,10,12],[10,18,6,22,2,14,8,12],[18,14,2,6,8,22,10,12],[14,22,18,10,2,6,8,12],[18,10,6,2,14,22,12],[22,6,2,10,18,14,8,12],[10,18,6,2,22,14,8,12],[14,2,22,18,10,6,12],[2,6,10,14,22,18,12],[14,10,22,2,18,6,8,12],[6,14,16,22,2,10,12,18,11,15,8,7],[6,2,14,16,22,10,12,18,11,15,8,7],[18,6,22,2,14,16,10,12,15,11,8,7],[22,2,18,14,10,6,8,12],[6,18,10,14,2,22,12],[22,6,18,2,10,14,8,12],[2,18,6,22,14,8,10,12],[10,18,6,22,14,2,8,12],[2,10,18,6,22,14,8,12],[2,6,10,22,18,14,8,12],[18,22,14,6,16,2,10,12,15,11,8,7],[22,2,14,18,6,8,10,12],[6,14,16,2,22,18,10,12,11,15,8,7],[22,6,18,14,16,10,12,2,15,11,8,7],[2,10,22,14,18,6,8,12],[2,10,22,14,6,18,8,12],[6,14,8,18,2,10,12,22],[22,14,6,16,2,18,10,12,15,11,8,7],[18,6,14,8,2,22,10,12],[22,14,6,16,2,18,10,12,11,15,8,7],[18,10,14,2,6,22,12],[14,22,18,2,6,16,10,12,15,11,8,7],[2,6,18,22,14,16,10,12,11,15,8,7],[2,10,22,6,18,14,12],[6,14,8,2,18,22,10,12],[18,2,14,22,10,6,8,12],[22,18,2,14,10,6,8,12],[6,2,10,14,18,22,12],[10,14,18,6,22,2,12],[14,6,16,18,10,12,22,2,11,15,8,7],[18,6,10,2,22,14,12],[10,22,14,6,18,2,12],[14,10,22,18,2,6,12],[14,18,10,22,6,2,8,12],[2,18,10,6,22,14,12],[10,22,14,18,6,2,12],[18,2,10,22,6,14,8,12],[22,18,6,14,16,2,10,12,15,11,8,7],[18,10,2,14,22,6,12],[14,2,18,10,22,6,8,12],[6,18,2,10,22,14,8,12],[10,22,18,6,2,14,8,12],[6,14,8,2,22,10,12,18],[22,6,2,10,18,14,12],[6,18,10,2,14,22,8,12],[2,18,10,6,22,14,12],[14,6,8,22,2,10,12,18],[22,2,14,18,6,16,10,12,11,15,8,7],[14,22,2,10,18,6,12],[22,18,2,14,6,8,10,12],[14,22,6,8,18,2,10,12],[6,18,2,10,14,22,8,12],[18,10,14,22,2,6,12],[2,14,6,8,10,12,22,18],[2,22,10,14,6,18,12],[10,14,22,18,6,2,12],[18,2,14,6,8,22,10,12],[10,22,18,6,2,14,8,12],[14,22,6,16,18,10,12,2,15,11,8,7],[2,6,22,18,10,14,12],[14,18,2,22,10,6,12],[2,14,6,16,10,12,18,22,15,11,8,7],[10,22,14,2,6,18,12],[10,14,6,2,18,22,8,12],[18,6,2,10,14,22,12],[2,18,6,14,8,10,12,22],[10,6,14,18,2,22,8,12],[22,2,10,18,6,14,12],[22,18,14,10,2,6,12],[10,6,22,2,18,14,12],[6,18,22,2,14,16,10,12,11,15,8,7],[2,22,14,18,10,6,12],[10,2,22,6,18,14,8,12],[14,18,22,10,2,6,8,12],[14,18,10,2,6,22,8,12],[14,10,18,2,6,22,12],[22,10,18,14,6,2,12],[18,6,2,14,8,22,10,12],[14,6,8,18,22,10,12,2],[6,10,14,18,2,22,8,12],[2,6,22,10,18,14,12],[22,2,10,18,14,6,8,12],[2,22,14,6,16,10,12,18,15,11,8,7],[10,14,22,18,2,6,8,12],[2,22,14,18,10,6,8,12],[22,14,2,10,18,6,12],[14,6,16,18,22,10,12,2,11,15,8,7],[10,18,22,14,6,2,8,12],[18,2,14,6,8,10,12,22],[18,14,2,6,16,10,12,22,15,11,8,7],[18,2,10,6,14,22,12],[22,18,6,10,14,2,8,12],[10,14,22,18,6,2,8,12],[10,18,22,2,6,14,8,12],[2,14,18,6,16,10,12,22,11,15,8,7],[22,10,6,2,14,18,8,12],[18,14,6,8,10,12,2,22],[22,6,10,18,14,2,12],[2,10,6,18,14,22,12],[2,22,18,6,14,8,10,12],[22,10,6,2,14,18,12],[18,14,22,10,2,6,8,12],[14,2,22,18,6,16,10,12,11,15,8,7],[18,22,2,10,6,14,12],[6,14,8,22,2,10,12,18],[6,18,14,8,2,10,12,22],[14,6,16,10,12,22,18,2,15,11,8,7],[14,18,10,6,22,2,12],[2,22,14,10,6,18,8,12],[6,18,22,14,16,10,12,2,11,15,8,7],[10,2,6,18,22,14,12],[6,10,2,14,18,22,8,12],[2,22,14,18,10,6,12],[10,14,22,2,18,6,12],[10,14,18,6,2,22,12],[18,10,2,22,14,6,8,12],[14,18,10,2,22,6,8,12],[2,6,10,14,22,18,8,12],[6,2,14,8,18,22,10,12],[6,22,14,8,2,18,10,12],[6,10,22,18,2,14,8,12],[18,2,22,6,10,14,8,12],[10,2,14,6,22,18,12],[10,6,22,14,2,18,12],[6,18,2,22,14,16,10,12,15,11,8],[14,22,10,2,18,6,8,12],[22,10,14,6,2,18,8,12],[6,2,14,16,22,10,12,18,15,11,8,7],[6,18,14,16,10,12,22,2,11,15,8,7],[14,22,18,2,10,6,8,12],[10,2,6,14,18,22,12],[14,6,8,2,22,10,12,18],[6,2,10,18,22,14,8,12],[14,22,18,6,8,10,12,2],[2,6,14,16,18,22,10,12,11,15,8,7],[2,22,14,10,6,18,12],[18,2,6,10,14,22,8,12],[10,18,6,14,2,22,8,12],[22,10,2,18,14,6,8,12],[2,18,10,6,22,14,8,12],[22,18,2,14,6,16,10,12,15,11,8,7],[18,22,14,6,16,10,12,2,11,15,8,7],[14,6,16,18,2,10,12,22,11,15,8,7],[10,2,6,18,14,22,12],[18,2,6,14,8,22,10,12],[2,6,22,18,10,14,12],[22,14,10,18,2,6,8,12],[10,18,6,22,2,14,8,12],[18,14,6,16,22,2,10,12,15,11,8,7],[18,6,22,14,16,2,10,12,15,11,8,7],[22,18,6,14,16,2,10,12,15,11,8,7],[22,10,14,6,18,2,12],[2,18,6,22,10,14,8,12],[14,2,22,18,6,16,10,12,11,15,8,7],[10,6,14,2,22,18,12],[10,22,2,14,18,6,12],[22,10,14,18,6,2,12],[10,2,14,22,18,6,12],[10,14,18,22,2,6,12],[18,14,22,6,8,10,12,2],[22,2,10,6,14,18,8,12],[22,6,14,8,10,12,2,18],[18,14,2,22,10,6,12],[18,22,10,2,6,14,8,12],[22,18,6,14,16,2,10,12,15,11,8,7],[6,22,10,18,14,2,12],[6,22,18,2,14,8,10,12],[14,6,16,2,18,22,10,12,11,15,8,7],[18,14,6,8,22,2,10,12],[18,6,2,22,10,14,8,12],[10,14,2,22,18,6,12],[10,22,18,14,6,2,12],[6,14,16,18,22,10,12,2,11,15,8,7],[22,10,14,2,6,18,8,12],[22,18,14,2,10,6,8,12],[10,2,14,22,18,6,12],[18,22,6,10,2,14,12],[2,18,6,10,14,22,8,12],[2,18,10,14,6,22,12],[18,22,2,6,14,8,10,12],[6,22,10,14,18,2,8,12],[14,10,22,6,2,18,12],[6,10,22,18,2,14,8,12],[2,10,18,6,22,14,12],[14,2,6,16,22,10,12,18,15,11,8,7],[18,2,14,10,22,6,12],[2,18,6,14,8,10,12,22],[22,10,6,14,2,18,12],[6,10,14,22,18,2,8,12],[2,22,10,6,18,14,8,12],[2,18,22,10,6,14,12],[2,22,18,6,14,8,10,12],[18,2,22,6,10,14,8,12],[14,10,22,6,2,18,8,12],[18,6,2,14,8,22,10,12],[6,18,2,22,10,14,8,12],[14,10,6,2,22,18,12],[18,14,22,6,16,2,10,12,15,11,8,7],[14,10,6,22,2,18,12],[22,10,2,18,14,6,8,12],[22,14,10,6,18,2,12],[10,14,2,6,22,18,12],[6,22,18,10,14,2,8,12],[22,14,10,6,18,2,8,12],[18,10,6,22,14,2,12],[10,14,22,2,6,18,12],[22,18,2,6,14,8,10,12],[18,6,22,2,10,14,8,12],[14,10,22,2,6,18,8,12],[14,6,8,10,12,2,22,18],[14,18,6,16,10,12,2,22,15,11,8,7],[6,22,10,2,18,14,12],[2,22,18,6,10,14,8,12],[6,22,18,14,16,10,12,2,15,11,8,7],[6,18,10,22,14,2,8,12],[2,10,14,22,18,6,8,12],[2,22,14,10,18,6,8,12],[6,10,14,18,2,22,8,12],[6,22,18,10,2,14,12],[2,6,14,8,18,10,12,22],[22,6,18,14,8,2,10,12],[18,2,22,10,14,6,8,12],[6,22,14,16,18,10,12,2,15,11,8,7],[22,18,14,10,2,6,8,12],[22,18,6,10,14,2,8,12],[2,14,22,18,10,6,12],[10,14,22,6,18,2,12],[22,6,2,10,18,14,8,12],[22,2,10,6,18,14,8,12],[6,22,18,10,2,14,12],[18,10,14,22,2,6,12],[2,6,18,22,10,14,8,12],[22,6,2,10,14,18,8,12],[10,2,22,6,14,18,12],[18,6,22,10,2,14,12],[10,22,6,2,18,14,8,12],[6,2,18,14,8,22,10,12],[22,14,6,8,2,10,12,18],[2,14,18,6,8,22,10,12],[6,22,10,14,18,2,12],[18,14,2,22,6,16,10,12,15,11,8,7],[14,6,16,10,12,18,2,22,11,15,8,7],[22,18,2,10,6,14,12],[2,6,18,14,8,10,12,22],[6,2,10,18,22,14,8,12],[10,18,6,14,2,22,8,12],[2,10,18,22,6,14,12],[6,10,22,2,14,18,12],[18,6,22,2,14,16,10,12,11,15,8,7],[14,22,10,6,18,2,8,12],[10,6,2,22,14,18,12],[18,10,14,2,6,22,12],[2,10,22,18,14,6,12],[10,2,14,22,18,6,8,12],[6,2,10,22,14,18,12],[14,6,16,18,2,10,12,22,11,15,8,7],[2,6,10,14,18,22,12],[14,2,18,22,10,6,8,12],[18,14,2,10,6,22,12],[2,14,22,10,6,18,8,12],[10,22,18,6,14,2,8,12],[6,14,16,18,2,22,10,12,11,15,8,7],[6,18,14,16,2,22,10,12,11,15,8,7],[14,2,18,6,16,10,12,22,11,15,8,7],[2,14,10,18,22,6,12],[18,22,6,2,10,14,12],[22,10,2,6,18,14,12],[22,14,2,10,6,18,12],[18,2,22,10,14,6,8,12],[18,22,10,14,6,2,8,12],[22,2,10,6,18,14,8,12],[22,6,14,8,2,10,12,18],[18,6,14,16,2,10,12,22,11,15,8,7],[22,10,14,6,18,2,12],[18,10,2,22,14,6,12],[22,18,2,14,10,6,8,12],[14,10,6,2,18,22,8,12],[2,6,18,22,10,14,12],[6,18,14,16,22,2,10,12,11,15,8,7],[6,10,14,18,2,22,8,12],[10,22,14,18,2,6,12],[18,2,6,10,14,22,8,12],[18,2,14,22,10,6,12],[2,14,6,8,10,12,22,18],[18,14,6,8,22,2,10,12],[6,22,10,18,2,14,8,12],[22,10,2,14,6,18,8,12],[10,22,6,14,18,2,12],[6,14,16,18,10,12,2,22,15,11,8,7],[10,18,6,22,2,14,8,12],[2,22,6,14,16,18,10,12,11,15,8,7],[14,6,16,10,12,22,2,18,15,11,8,7],[6,18,10,2,22,14,12],[10,18,6,14,2,22,12],[2,18,22,6,14,8,10,12],[18,10,22,6,14,2,12],[10,2,18,6,22,14,8,12],[6,22,18,2,10,14,8,12],[22,10,2,14,18,6,12],[18,14,22,6,16,10,12,2,11,15,8,7],[18,10,14,2,6,22,12],[6,10,14,2,22,18,8,12],[22,14,6,8,10,12,18,2],[6,2,18,22,14,8,10,12],[2,22,6,18,14,8,10,12],[22,18,14,6,8,10,12,2],[14,10,22,2,18,6,8,12],[14,2,18,6,16,22,10,12,11,15,8,7],[10,14,2,22,6,18,8,12],[22,14,10,2,18,6,8,12],[18,10,22,6,14,2,12],[10,14,22,2,18,6,8,12],[10,18,2,14,6,22,8,12],[18,14,2,22,6,16,10,12,11,15,8,7],[22,18,2,10,14,6,8,12],[10,14,22,18,6,2,12],[22,2,10,18,14,6,12],[22,10,18,14,6,2,8,12],[18,22,14,6,8,2,10,12],[18,6,10,22,14,2,12],[6,10,18,22,2,14,12],[6,14,8,2,22,18,10,12],[18,14,6,16,10,12,22,2,11,15,8,7],[10,2,14,6,18,22,12],[6,2,10,22,18,14,8,12],[14,2,10,6,18,22,12],[10,14,18,6,2,22,12],[6,18,10,2,22,14,12],[14,18,22,6,8,2,10,12],[2,6,14,8,10,12,22,18],[18,14,22,6,16,10,12,2,11,15,8,7],[2,6,22,10,14,18,12],[22,6,10,18,2,14,8,12],[6,22,14,16,10,12,18,2,11,15,8,7],[18,2,6,10,14,22,12],[14,22,18,2,6,8,10,12],[2,18,10,6,22,14,8,12],[10,18,14,22,2,6,12],[10,2,18,14,22,6,8,12],[10,14,6,22,2,18,8,12],[6,10,22,18,2,14,8,12],[18,14,22,2,10,6,12],[18,14,22,2,6,8,10,12],[22,10,2,14,6,18,8,12],[10,2,6,18,14,22,8,12],[18,2,10,6,14,22,12],[18,14,6,8,2,22,10,12],[18,22,14,6,16,2,10,12,11,15,8,7],[14,6,16,22,2,10,12,18,15,11,8,7],[22,2,14,6,8,18,10,12],[18,10,6,14,2,22,12],[2,22,10,6,14,18,12],[6,2,18,22,14,8,10,12],[18,14,22,6,16,10,12,2,11,15,8,7],[6,18,22,2,14,16,10,12,11,15,8,7],[6,14,16,18,22,10,12,2,15,11,8,7],[2,10,22,14,18,6,8,12],[22,2,14,18,6,8,10,12],[6,10,2,14,22,18,8,12],[2,22,18,10,6,14,8,12],[10,22,2,18,14,6,8,12],[10,22,18,14,2,6,12],[6,18,22,10,14,2,8,12],[2,10,18,22,6,14,12],[6,2,10,22,14,18,12],[18,2,6,22,14,8,10,12],[2,18,10,14,22,6,8,12],[14,2,10,22,18,6,12],[14,18,22,6,8,2,10,12],[18,6,22,2,14,8,10,12],[6,14,8,22,10,12,18,2],[22,18,14,10,6,2,8,12],[18,22,10,2,6,14,12],[18,22,2,10,6,14,12],[18,2,14,6,16,10,12,22,15,11,8,7],[6,2,10,22,14,18,8,12],[6,14,8,2,22,18,10,12],[2,6,18,14,16,22,10,12,11,15,8,7],[10,14,22,6,2,18,12],[18,10,22,2,14,6,8,12],[10,22,18,6,2,14,12],[18,22,10,6,14,2,12],[22,18,10,14,2,6,8,12],[2,10,14,6,22,18,8,12],[2,18,22,14,6,16,10,12,11,15,8],[18,10,22,2,6,14,8,12],[10,14,22,2,18,6,12],[6,22,10,18,2,14,8,12],[6,10,22,2,18,14,12],[14,6,16,2,18,22,10,12,15,11,8],[14,10,6,2,18,22,12],[18,14,2,22,6,8,10,12],[14,2,22,10,18,6,12],[6,14,8,18,2,10,12,22],[6,10,22,18,2,14,8,12],[18,14,2,22,6,8,10,12],[6,18,14,16,22,10,12,2,15,11,8,7],[14,6,8,22,18,2,10,12],[10,2,14,6,18,22,8,12],[2,10,14,6,22,18,8,12],[10,2,18,22,14,6,8,12],[6,10,2,18,14,22,8,12],[18,22,2,6,10,14,12],[18,2,6,10,22,14,12],[22,6,18,10,14,2,12],[10,6,2,22,18,14,8,12],[22,18,6,14,8,10,12,2],[6,14,16,18,10,12,2,22,15,11,8,7],[14,18,6,16,2,22,10,12,11,15,8,7],[14,18,2,10,6,22,8,12],[18,10,2,14,22,6,12],[2,14,10,18,22,6,12],[2,6,14,8,10,12,18,22],[10,18,6,14,22,2,8,12],[6,22,10,18,2,14,8,12],[18,2,22,6,14,16,10,12,11,15,8],[10,22,6,14,2,18,12],[2,10,22,14,6,18,8,12],[2,10,14,22,18,6,12],[10,2,6,22,14,18,12],[2,6,10,18,22,14,12],[10,6,2,22,18,14,12],[6,10,2,14,22,18,12],[18,6,22,2,10,14,12],[22,2,18,10,14,6,8,12],[6,10,14,2,18,22,12],[10,2,18,6,22,14,8,12],[6,2,22,18,14,8,10,12],[18,2,22,10,6,14,8,12],[18,6,2,14,16,10,12,22,15,11,8,7],[18,2,22,6,10,14,12],[6,10,2,22,18,14,12],[18,10,22,6,2,14,12],[2,18,14,6,16,10,12,22,15,11,8,7],[14,10,18,2,22,6,8,12],[18,6,2,22,10,14,12],[6,10,2,14,22,18,8,12]],"n_human":8}