{"problem_id":"0JQn1mxOJj59q5x","sigma":150,"alpha":0.100,"cost":2,"probabilities":"[0.26, 0.29, 0.22, 0.23]","payoff_matrix":"[[-215, 46, 40, 92, 57, 191], [-2, -209, -21, -100, 155, 116], [-158, 23, -24, 120, 5, -75], [-42, 147, 92, 3, -290, -168]]","uncovered":[[14,22,2,18,17,21,24,20,6,10,1,9,12,11,23,13,16],[6,2,18,22,17,21,20,10,14],[14,10,18,2,22,17,21,24,20,6,1,9,12,11,23,13,16],[18,10,6,14,22,17,21,20,2],[10,18,2,6,22,17,21,20,14],[14,18,2,10,6,22,17,21,24,20,1,9,12,23,11,13,16],[6,18,2,10,22,21,17,24,20,14,1,9,12,23,11,13,16],[2,10,6,14,18,22,21,17,24,20,1,9,12,23,11,13,16],[10,18,2,22,21,17,20,13,14,5,6],[22,18,21,17,24,20,10,6,2,14,1,9,12,11,23,13,16],[6,10,22,18,17,21,24,20,14,2,1,9,12,11,23,13,16],[22,10,18,17,21,20,14,6,2],[14,2,6,10,18,22,21,17,24,20,1,9,12,11,23,13,16],[10,14,6,22,18,17,21,20,2],[6,14,2,22,18,17,21,24,20,10,1,9,12,11,23,13,16],[2,18,14,10,22,21,17,24,20,6,1,9,12,23,11,13,16],[6,22,2,10,18,21,17,20,14],[18,2,22,17,21,24,20,6,14,10,1,9,12,11,23,13,16],[18,10,14,2,22,21,17,20,6],[14,2,18,10,22,17,21,24,20,6,1,9,12,23,11,13,16],[6,22,10,14,2,18,17,21,20],[14,18,10,2,22,17,21,24,20,6,1,9,12,11,23,13,16],[10,18,2,22,17,21,20,14,6],[2,14,22,10,6,18,17,21,20],[22,2,14,10,6,18,21,17,24,20,1,9,12,11,23,13,16],[6,18,2,22,17,21,20,10,14],[18,14,22,17,21,24,20,2,6,10,1,9,12,11,23,13,16],[2,18,22,21,17,24,20,6,14,10,1,9,12,23,11,13,16],[2,10,14,6,22,18,17,21,24,20,1,9,12,11,23,13,16],[14,2,18,6,22,17,21,20,10],[6,22,18,21,17,20,2,10,14],[22,18,17,21,20,10,14,2,6],[14,2,6,22,18,21,17,20,10],[10,22,2,18,21,17,20,6,14],[18,22,17,21,20,6,2,14,10],[2,18,14,6,22,17,21,20,10],[14,22,6,18,17,21,24,20,2,10,1,9,12,11,23,13,16],[2,14,22,6,10,18,21,17,20],[14,10,18,6,22,17,21,24,20,2,1,9,12,23,11,13,16],[2,10,22,6,18,17,21,24,20,14,1,9,12,23,11,13,16],[18,14,22,21,17,24,20,6,10,2,1,9,12,11,23,13,16],[10,14,18,6,2,22,17,21,20],[2,14,18,6,22,17,21,20,10],[2,14,22,10,18,21,17,20,6],[2,14,10,22,6,18,17,21,24,20,1,9,12,11,23,13,16],[2,10,18,6,22,21,17,24,20,14,1,9,12,11,23,13,16],[2,18,14,6,22,17,21,20,10],[6,18,2,10,14,22,21,17,24,20,1,9,12,23,11,13,16],[14,18,6,2,22,21,17,24,20,10,1,9,12,23,11,13,16],[22,14,6,10,2,18,21,17,24,20,1,9,12,23,11,13,16],[14,22,6,18,17,21,20,10,2],[10,14,22,2,6,18,17,21,24,20,1,9,12,11,23,13,16],[22,2,10,18,17,21,20,14,5,6],[22,10,2,18,17,21,20,14,6],[14,6,18,22,21,17,24,20,10,2,1,9,12,23,11,13,16],[10,18,6,22,21,17,24,20,14,2,1,9,12,11,23,13,16],[14,6,2,18,10,22,21,17,24,20,1,9,11],[10,18,6,14,2,22,17,21,20],[6,18,10,2,14,22,21,17,24,20,1,9,12,23,11,13,16],[6,22,18,21,17,24,20,14,2,10,1,9,12,11,23,13,16],[6,2,10,22,18,21,17,24,20,14,1,9,12,23,11,13,16],[10,14,22,6,18,17,21,20,2],[14,18,10,6,22,17,21,24,20,2,1,9,12,11,23,13,16],[18,6,10,22,21,17,20,2,14],[22,14,18,17,21,20,2,10,6],[22,10,18,17,21,20,14,2,6],[2,10,18,14,22,17,21,24,20,6,1,9,12,11,23,13,16],[10,14,18,2,6,22,21,17,24,20,1,9,12,23,11,13,16],[2,14,22,6,18,21,17,20,10],[18,2,10,14,6,22,21,17,24,20,1,9,12,23,11,13,16],[22,18,17,21,20,2,6,14,10],[14,18,22,21,17,20,2,10,6],[6,2,10,18,22,21,17,20,14],[6,2,22,10,14,18,17,21,24,20,1,9,12,11,23,13,16],[18,6,2,14,10,22,21,17,20],[22,14,6,10,2,18,21,17,20],[22,14,18,21,17,20,6,2,10],[10,2,14,6,22,18,21,17,24,20,1,9,12,23,11,13,16],[22,14,2,6,10,18,21,17,20],[2,6,14,22,10,18,21,17,24,20,1,9,12,23,11,13,16],[18,22,17,21,24,20,10,14,2,6,1,9,12,11,23,13,16],[2,14,10,6,22,18,21,17,20],[22,10,2,14,18,17,21,20,6],[18,22,21,17,20,2,6,10,14],[18,14,6,2,10,22,21,17,20],[6,14,2,10,22,18,21,17,24,20,1,9,12,23,11,13,16],[2,14,18,10,6,22,21,17,24,20,1,9,12,11,23,13,16],[14,22,6,10,18,21,17,20,2],[22,6,10,14,2,18,17,21,24,20,1,9,12,23,11,13,16],[10,6,14,2,18,22,21,17,20],[10,6,18,22,17,21,24,20,14,2,1,9,12,23,11,13,16],[6,10,18,14,22,21,17,20,2],[6,10,18,22,21,17,24,20,2,14,1,9,12,11,23,13,16],[10,18,6,14,2,22,17,21,20],[14,10,6,22,2,18,21,17,20],[14,2,10,18,22,17,21,20,6],[10,14,6,22,2,18,21,17,20],[18,6,14,10,2,22,17,21,24,20,1,9,12,23,11,13,16],[22,2,14,6,10,18,21,17,24,20,1,9,12,11,23,13,16],[18,22,21,17,20,6,2,10,14],[22,10,14,2,6,18,17,21,20],[22,14,2,18,17,21,24,20,6,10,1,9,12,23,11,13,16],[22,14,6,2,18,21,17,20,10],[18,6,2,22,17,21,20,10,14],[2,6,22,18,21,17,24,20,10,14,1,9,12,23,11,13,16],[14,2,18,10,6,22,21,17,20],[6,10,14,18,22,21,17,20,2],[18,14,2,22,17,21,20,10,6],[14,18,10,2,6,22,17,21,24,20,1,9,12,23,11,13,16],[6,2,18,22,17,21,20,10,14],[2,22,18,21,17,20,14,12,10,6],[2,14,22,6,18,21,17,24,20,10,1,9,12,11,23,13,16],[6,2,22,14,18,21,17,20,10],[6,14,22,10,18,21,17,20,2],[10,14,18,2,22,21,17,24,20,6,1,9,12,11,23,13,16],[10,2,18,14,22,21,17,20,6],[10,14,18,6,2,22,21,17,24,20,1,9,12,23,11,13,16],[14,18,6,22,17,21,20,10,2],[2,22,14,10,18,17,21,24,20,6,1,9,12,23,11,13,16],[14,10,22,2,18,17,21,24,20,6,1,9,12,11,23,13,16],[10,18,14,2,6,22,21,17,24,20,1,9,12,23,11,13,16],[18,2,22,21,17,24,20,14,6,10,1,9,12,11,23,13,16],[6,22,10,2,14,18,17,21,24,20,1,9,12,11,23,13,16],[14,2,10,6,18,22,17,21,24,20,1,9,12,11,23,13,16],[10,14,22,2,6,18,21,17,20],[10,18,22,17,21,20,6,2,14],[10,22,6,14,18,21,17,24,20,2,1,9,12,11,23,13,16],[14,6,2,22,18,17,21,20,10],[2,6,22,18,21,17,20,15,14,10],[14,6,18,2,10,22,21,17,20],[18,14,2,6,22,17,21,24,20,10,1,9,12,23,11,13,16],[14,22,2,18,21,17,20,10,5,6],[18,22,17,21,20,6,10,14,2],[18,10,14,22,17,21,24,20,6,2,1,9,12,11,23,13,16],[6,10,14,22,18,17,21,24,20,2,1,9,12,11,23,13,16],[14,10,18,22,17,21,20,6,2],[2,14,22,18,21,17,24,20,10,6,1,9,12,23,11,13,16],[6,10,14,18,22,17,21,20,2],[6,2,10,22,18,17,21,24,20,14,1,9,12,11,23,13,16],[6,2,14,10,22,18,17,21,24,20,1,9,12,23,11,13,16],[22,2,10,14,18,17,21,24,20,6,1,9,12,23,11,13,16],[10,18,22,17,21,24,20,2,6,14,1,9,12,23,11,13,16],[22,18,21,17,20,10,2,13,14,6],[14,6,10,2,18,22,21,17,20],[18,6,14,22,17,21,20,2,10],[6,10,18,14,2,22,17,21,24,20,1,9,12,23,11,13,16],[14,2,6,22,10,18,17,21,20],[22,6,2,14,10,18,17,21,24,20,1,9,12,11,23,13,16],[22,18,17,21,24,20,14,10,6,2,1,9,12,23,11,13,16],[10,2,14,6,18,22,21,17,24,20,1,9,12,11,23,13,16],[2,22,14,6,18,17,21,24,20,10,1,9,12,23,11,13,16],[6,2,14,18,22,17,21,20,10],[10,6,22,2,18,17,21,20,14],[14,2,10,6,18,22,17,21,24,20,1,9,12,11,23,16],[14,10,6,2,18,22,17,21,24,20,1,9,12,23,11,13,16],[22,10,14,18,17,21,24,20,6,2,1,9,12,23,11,13,16],[18,2,10,22,17,21,20,14,6],[10,2,18,14,6,22,17,21,20],[14,18,22,21,17,20,6,10,2],[6,10,18,22,17,21,20,2,14],[6,22,18,17,21,24,20,2,10,14,1,9,12,23,11,13,16],[18,22,21,17,24,20,2,14,6,10,1,9,12,11,23,13,16],[14,6,22,2,10,18,17,21,24,20,1,9,12,23,11,13,16],[10,6,14,2,18,22,21,17,24,20,1,9,12,23,11,13,16],[18,22,21,17,24,20,14,10,6,2,1,9,12,23,11,13,16],[22,2,10,18,21,17,24,20,6,14,1,9,12,11,23,13,16],[10,18,22,17,21,20,2,6,14],[10,2,18,14,22,21,17,24,20,6,1,9,12,23,11,13,16],[10,2,18,14,6,22,17,21,20],[18,10,6,14,2,22,17,21,20],[6,2,18,22,17,21,24,20,14,10,1,9,12,23,11,13,16],[22,6,10,2,18,21,17,20,14],[18,14,2,22,17,21,24,20,6,10,1,9,12,23,11,13,16],[22,2,14,10,6,18,21,17,20],[22,14,6,10,2,18,21,17,24,20,1,9,12,23,11,13,16],[14,6,2,22,10,18,17,21,20],[14,22,18,17,21,24,20,2,10,6,1,9,12,11,23,13,16],[18,14,10,6,2,22,21,17,20],[22,14,2,18,21,17,24,20,10,6,1,9,12,11,23,13,16],[18,14,2,10,6,22,21,17,24,20,1,9,12,11,23,13,16],[14,2,10,18,22,17,21,20,6],[2,6,18,10,14,22,17,21,24,20,1,9,12,23,11,13,16],[10,6,2,22,14,18,21,17,24,20,1,9,12,11,23,13,16],[22,10,6,2,14,18,21,17,24,20,1,9,12,11,23,13,16],[22,6,10,2,14,18,21,17,24,20,1,9,12,11,23,13,16],[2,14,18,10,22,21,17,24,20,6,1,9,12,11,23,13,16],[6,2,18,10,22,17,21,24,20,14,1,9,12,23,11,13,16],[14,6,2,18,10,22,17,21,24,20,1,9,12,11,23,13,16],[18,22,21,17,24,20,2,10,6,14,1,9,12,23,11,13,16],[6,2,14,18,22,17,21,24,20,10,1,9,12,23,11,13,16],[2,14,18,10,6,22,21,17,20],[10,18,6,22,17,21,24,20,14,2,1,9,12,11,23,13,16],[14,18,10,2,22,21,17,20,6],[2,14,18,22,17,21,20,10,6],[14,22,10,6,18,17,21,24,20,2,1,9,12,11,23,13,16],[22,10,2,18,21,17,24,20,6,14,1,9,12,23,11,13,16],[14,18,10,6,2,22,17,21,24,20,1,9,12,11,23,13,16],[18,22,21,17,24,20,14,10,2,6,1,9,12,23,11,13,16],[14,18,10,6,22,21,17,20,2],[18,22,17,21,24,20,10,2,6,14,1,9,12,23,11,13,16],[22,6,18,17,21,24,20,2,10,14,1,9,12,23,11,13,16],[6,18,10,14,2,22,21,17,20],[2,10,6,14,22,18,21,17,24,20,1,9,12,11,23,13,16],[22,10,14,2,6,18,17,21,20],[22,10,18,17,21,24,20,14,6,2,1,9,12,11,23,13,16],[22,10,6,14,2,18,21,17,24,20,1,9,12,23,11,13,16],[14,10,22,6,2,18,17,21,20],[18,2,14,6,10,22,17,21,24,20,1,9,12,11,23,13,16],[10,22,18,17,21,20,2,14,6],[18,10,2,22,17,21,24,20,6,14,1,9,12,23,11,13,16],[10,22,2,14,6,18,17,21,20],[6,10,14,18,22,21,17,24,20,2,1,9,12,23,11,13,16],[10,14,2,18,22,21,17,20,6],[22,6,2,18,21,17,20,14,10],[6,18,10,14,2,22,17,21,20],[10,2,22,18,17,21,20,14,6],[14,18,6,2,10,22,21,17,20],[2,6,14,10,18,22,17,21,24,20,1,9,12,11,23,13,16],[18,2,10,14,6,22,21,17,20],[2,18,14,22,21,17,24,20,10,6,1,9,12,11,23,13,16],[2,14,10,18,6,22,21,17,24,20,1,9,12,23,11,13,16],[14,22,6,2,10,18,17,21,20],[14,2,6,10,22,18,17,21,24,20,1,9,12,11,23,13,16],[18,10,2,6,14,22,17,21,24,20,1,9,12,11,23,13,16],[14,10,2,18,22,21,17,20,6],[18,6,14,22,17,21,24,20,10,2,1,9,12,11,23,13,16],[14,2,22,18,17,21,24,20,6,10,1,9,12,11,23,13,16],[2,22,14,10,18,21,17,20,6],[6,10,22,14,18,21,17,24,20,2,1,9,12,11,23,13,16],[14,18,10,6,22,21,17,20,2],[2,18,10,22,21,17,20,6,14],[18,22,17,21,24,20,14,2,10,6,1,9,12,23,11,13,16],[22,18,21,17,20,6,14,2,10],[22,10,2,14,18,21,17,24,20,6,1,9,12,23,11,13,16],[18,2,10,14,22,17,21,24,20,6,1,9,12,11,23,13,16],[14,22,10,2,18,17,21,20,6],[14,22,10,6,2,18,21,17,20],[10,6,22,18,17,21,24,20,14,2,1,9,11],[18,6,10,14,22,21,17,20,2],[6,2,10,22,18,21,17,24,20,14,1,9,12,23,11,13,16],[6,18,10,2,22,17,21,24,20,14,1,9,12,23,11,13,16],[6,14,10,22,2,18,21,17,24,20,1,9,12,23,11,13,16],[18,2,22,17,21,24,20,10,6,14,1,9,12,23,11,13,16],[14,18,6,10,22,21,17,20,2],[14,2,10,18,22,17,21,20,6],[14,6,10,2,18,22,21,17,20],[22,10,14,2,6,18,17,21,20],[14,6,2,22,10,18,17,21,20],[22,6,10,14,18,21,17,20,2],[14,18,22,21,17,20,6,10,2],[6,10,14,22,18,17,21,20,2],[2,22,10,6,18,21,17,20,14],[2,22,14,10,6,18,17,21,20],[10,22,14,6,2,18,21,17,20],[2,10,14,22,6,18,17,21,20],[14,18,2,10,6,22,17,21,20],[14,2,22,10,18,21,17,24,20,6,1,9,12,23,11,13,16],[10,14,18,6,2,22,17,21,20],[14,22,6,10,2,18,17,21,20],[10,6,2,18,22,17,21,20,14],[22,14,10,6,2,18,17,21,24,20,1,9,12,23,11,13,16],[18,10,22,21,17,20,2,6,14],[10,18,2,22,17,21,24,20,14,6,1,9,12,23,11,13,16],[10,14,22,2,6,18,17,21,24,20,1,9,12,11,23,13,16],[22,6,2,18,17,21,24,20,14,10,1,9,12,23,11,13,16],[18,22,21,17,24,20,2,6,14,10,1,9,12,23,11,13,16],[6,2,18,10,22,21,17,20,14],[10,22,2,18,21,17,20,6,14],[14,6,10,18,2,22,21,17,24,20,1,9,12,23,11,13,16],[10,22,18,21,17,20,14,6,2],[2,22,14,6,18,21,17,20,9,10],[6,14,22,2,18,17,21,20,10],[10,14,22,6,2,18,21,17,24,20,1,9,12,23,11,13,16],[22,10,2,6,18,21,17,20,14],[14,22,6,2,10,18,17,21,24,20,1,9,12,23,11,13,16],[18,6,10,22,21,17,24,20,2,14,1,9,12,11,23,13,16],[10,6,22,18,21,17,20,14,2],[6,10,18,14,2,22,17,21,20],[6,22,14,10,2,18,21,17,20],[14,6,10,22,2,18,21,17,24,20,1,9,11],[22,10,2,18,17,21,20,6,14],[2,18,22,17,21,24,20,6,14,10,1,9,12,23,11,13,16],[22,10,18,17,21,24,20,2,6,14,1,9,12,11,23,13,16],[14,10,18,22,17,21,20,2,6],[18,10,14,22,17,21,20,6,2],[2,6,22,14,18,17,21,24,20,10,1,9,12,23,11,13,16],[18,6,14,2,10,22,17,21,20],[2,22,6,14,10,18,21,17,24,20,1,9,12,23,11,13,16],[14,22,18,21,17,24,20,10,6,2,1,9,12,23,11,13,16],[22,14,2,10,6,18,17,21,20],[22,6,18,17,21,20,14,10,2],[14,22,6,18,21,17,24,20,10,2,1,9,12,23,11,13,16],[14,22,2,18,21,17,20,10,6],[10,18,6,2,22,17,21,24,20,14,1,9,12,23,11,13,16],[10,14,22,6,2,18,17,21,24,20,1,9,12,23,11,13,16],[2,6,18,14,10,22,21,17,24,20,1,9,12,11,23,13,16],[22,2,6,18,21,17,20,14,10],[2,22,18,21,17,24,20,10,14,6,1,9,12,23,11,13,16],[6,22,10,18,21,17,24,20,14,2,1,9,12,11,23,13,16],[10,2,14,22,18,17,21,20,6],[2,10,18,14,6,22,17,21,24,20,1,9,12,11,23,13,16],[18,10,6,2,22,17,21,20,14],[22,18,21,17,20,10,13,14,2,6],[18,10,6,2,14,22,17,21,20],[22,14,6,2,10,18,21,17,24,20,1,9,12,23,11,13,16],[6,2,14,18,22,21,17,24,20,10,1,9,12,23,11,13,16],[2,10,18,22,21,17,24,20,14,6,1,9,12,11,23,13,16],[10,2,14,22,18,21,17,24,20,6,1,9,12,11,23,13,16],[14,10,6,2,18,22,17,21,24,20,1,9,12,23,11,13,16],[10,6,22,2,18,17,21,24,20,14,1,9,12,11,23,13,16],[2,6,10,22,18,21,17,24,20,14,1,9,12,11,23,13,16],[6,10,14,2,18,22,21,17,24,20,1,9,12,23,11,13,16],[14,18,6,22,17,21,24,20,10,2,1,9,12,11,23,13,16],[22,14,18,17,21,24,20,2,6,10,1,9,12,23,11,13,16],[10,22,2,14,18,17,21,20,6],[22,14,10,18,21,17,20,6,2],[10,14,6,22,18,17,21,24,20,2,1,9,12,11,23,13,15,16],[2,14,22,10,6,18,17,21,20],[22,2,14,18,17,21,24,20,6,10,1,9,12,23,11,13,16],[22,14,2,10,18,17,21,20,6],[2,18,10,6,14,22,17,21,24,20,1,9,12,11,23,13,16],[14,18,10,2,6,22,17,21,20],[14,18,22,17,21,24,20,10,2,6,1,9,12,11,23,13,16],[18,22,17,21,20,2,6,10,14],[10,14,2,18,6,22,17,21,20],[14,2,6,10,22,18,17,21,20],[22,2,6,18,21,17,24,20,10,14,1,9,12,11,23,13,16],[10,2,22,6,18,17,21,24,20,14,1,9,12,11,23,13,16],[18,22,21,17,20,2,14,6,9,10],[10,14,6,18,22,21,17,24,20,2,1,9,12,11,23,13,16],[10,2,6,18,22,17,21,20,13,14],[10,6,18,14,22,21,17,24,20,2,1,9,12,11,23,13,16],[10,2,22,18,21,17,20,14,6],[10,14,2,6,22,18,17,21,20],[22,18,17,21,20,5,10,2,14,6],[6,2,10,18,22,17,21,20,14],[18,14,2,22,21,17,20,6,10],[14,6,22,18,21,17,20,10,2],[6,14,18,22,21,17,20,2,10],[22,10,6,18,21,17,20,14,2],[22,14,6,18,17,21,24,20,10,2,1,9,12,23,11,13,16],[6,18,14,2,10,22,17,21,24,20,1,9,12,23,11,13,16],[6,22,18,17,21,20,2,14,10],[14,2,6,22,18,21,17,24,20,10,1,9,12,23,11,13,16],[22,14,6,10,18,17,21,20,2],[22,10,6,18,21,17,24,20,14,2,1,9,12,11,23,13,16],[18,14,22,17,21,24,20,2,10,6,1,9,12,11,23,13,16],[6,2,18,14,22,21,17,24,20,10,1,9,12,11,23,13,16],[10,18,6,2,14,22,17,21,20],[10,22,6,2,14,18,17,21,20],[10,6,14,18,22,17,21,24,20,2,1,9,12,11,23,13,16],[18,2,14,10,22,21,17,24,20,6,1,9,12,11,23,13,16],[14,22,18,17,21,20,6,1,10],[22,10,2,6,18,21,17,24,20,14,1,9,12,23,11,13,16],[2,10,18,14,6,22,17,21,24,20,1,9,12,23,11,13,16],[22,10,18,21,17,24,20,6,2,14,1,9,12,11,23,13,16],[22,6,14,18,17,21,24,20,2,10,1,9,12,11,23,13,16],[14,18,2,6,10,22,21,17,24,20,1,9,12,11,23,13,16],[10,18,2,14,6,22,17,21,20],[6,2,18,14,10,22,17,21,20],[2,10,14,22,18,17,21,24,20,6,1,9,12,11,23,13,16],[18,22,21,17,20,14,6,10,2],[10,14,6,18,2,22,21,17,24,20,1,9,12,23,11,13,16],[2,18,22,21,17,20,6,14,10],[2,14,6,10,18,22,17,21,20],[6,22,10,2,18,21,17,24,20,14,1,9,12,11,23,13,16],[10,18,14,2,22,21,17,20,6],[10,6,22,2,14,18,21,17,20],[10,6,18,14,2,22,17,21,20],[14,18,6,22,17,21,20,2,10],[2,10,18,6,14,22,21,17,24,20,1,9,12,11,23,13,16],[14,18,10,22,17,21,24,20,6,2,1,9,12,11,23,13,16],[2,6,14,10,22,18,17,21,24,20,1,9,12,23,11,13,16],[22,6,10,2,14,18,17,21,20],[22,10,14,2,18,21,17,24,20,6,1,9,12,11,23,13,16],[14,10,18,22,21,17,20,5,2,6],[14,22,18,21,17,20,6,2,10],[2,6,14,22,18,21,17,24,20,10,1,9,12,23,11,13,16],[10,2,22,6,14,18,21,17,20],[2,22,10,14,6,18,17,21,20],[2,18,10,14,22,17,21,20,6],[22,6,18,17,21,24,20,10,14,2,1,9,12,23,11,13,16],[22,10,2,6,18,21,17,24,20,14,1,9,12,11,23,13,16],[18,22,17,21,20,10,2,14,6],[6,22,10,2,18,17,21,20,14],[10,6,14,2,22,18,17,21,24,20,1,9,12,23,11,13,16],[6,10,18,22,17,21,24,20,2,14,1,9,12,23,11,13,15,16],[10,6,14,22,18,21,17,24,20,2,1,9,12,23,11,13,16],[10,22,6,18,17,21,20,2,14],[10,2,22,6,18,21,17,24,20,14,1,9,12,11,23,13,16],[18,14,6,22,21,17,20,10,2],[2,10,22,18,21,17,20,14,6],[18,2,22,21,17,20,5,10,14,6],[22,14,6,18,17,21,24,20,10,2,1,9,12,11,23,13,16],[6,14,22,10,2,18,17,21,24,20,1,9,12,23,11,13,16],[10,2,18,14,22,21,17,24,20,6,1,9,12,11,23,13,16],[2,22,10,14,6,18,21,17,24,20,1,9,12,23,11,13,16],[10,6,18,22,21,17,24,20,14,2,1,9,12,11,23,13,16],[22,14,2,18,21,17,24,20,6,10,1,9,12,11,23,13,16],[2,14,22,18,21,17,24,20,6,10,1,9,12,11,23,13,16],[22,18,17,21,24,20,2,14,6,10,1,9,12,23,11,13,16],[6,14,18,2,10,22,21,17,24,20,1,9,12,23,11,13,16],[2,18,14,10,6,22,21,17,20],[2,18,6,22,17,21,20,10,14],[10,6,14,2,22,18,17,21,20],[18,22,21,17,24,20,2,6,10,14,1,9,12,23,11,13,16],[18,22,17,21,20,2,14,10,6],[14,2,10,22,18,17,21,20,6],[2,6,14,22,18,21,17,24,20,10,1,9,12,23,11,13,16],[14,2,22,6,10,18,17,21,20],[22,18,17,21,20,14,10,2,6],[18,2,22,17,21,20,10,6,14],[2,22,6,18,21,17,20,14,10],[10,6,14,18,2,22,21,17,24,20,1,9,12,11,23,13,16],[2,14,22,10,18,17,21,20,5,6],[2,14,6,18,22,17,21,24,20,10,1,9,12,23,11,13,16],[6,10,22,14,18,17,21,20,2],[2,14,10,18,22,21,17,24,20,6,1,9,12,11,23,13,16],[22,10,18,21,17,24,20,6,2,14,1,9,12,23,11,13,16],[18,22,17,21,20,10,2,14,6],[14,22,2,10,6,18,21,17,20],[10,18,2,22,21,17,20,14,6],[14,18,10,6,22,21,17,24,20,2,1,9,12,11,23,13,16],[14,2,6,10,18,22,17,21,20],[2,14,22,10,6,18,21,17,24,20,1,9,12,11,23,13,16],[14,22,2,6,18,21,17,20,10],[6,22,18,21,17,20,10,14,2],[2,6,22,10,14,18,21,17,24,20,1,9,12,23,11,13,16],[14,22,18,21,17,24,20,6,10,2,1,9,12,23,11,13,16],[22,18,17,21,20,14,2,6,10],[22,10,14,2,6,18,17,21,20],[2,22,18,17,21,20,14,6,10],[18,22,21,17,20,6,14,10,2],[6,18,22,21,17,20,14,2,10],[22,10,2,18,17,21,24,20,14,6,1,9,12,11,23,13,16],[10,2,14,6,22,18,21,17,20],[18,2,10,22,17,21,24,20,14,6,1,9,12,23,11,13,16],[6,18,10,22,21,17,24,20,14,2,1,9,12,11,23,13,16],[6,2,18,10,14,22,21,17,20],[10,6,2,18,14,22,21,17,20],[10,22,2,14,18,17,21,20,6],[2,14,18,6,10,22,17,21,24,20,1,9,12,23,11,13,16],[6,14,10,22,2,18,17,21,20],[14,10,22,18,21,17,24,20,6,2,1,9,12,23,11,13,16],[14,2,6,22,18,21,17,20,10],[10,18,14,6,22,17,21,24,20,2,1,9,12,23,11,13,16],[6,10,18,22,17,21,24,20,2,14,1,9,12,23,11,13,16],[6,10,22,14,2,18,21,17,24,20,1,9,12,23,11,13,16],[2,18,6,10,22,17,21,24,20,14,1,9,12,23,11,13,16],[10,22,14,2,6,18,21,17,20],[22,2,10,6,14,18,21,17,24,20,1,9,12,11,23,13,16],[2,22,6,14,10,18,17,21,24,20,1,9,12,11,23,13,16],[18,22,21,17,20,10,2,6,14],[2,6,10,14,22,18,21,17,24,20,1,9,12,23,11,13,16],[22,14,6,2,18,21,17,20,10],[18,10,14,6,2,22,17,21,24,20,1,9,12,11,23,13,16],[10,18,2,14,22,21,17,20,6],[18,2,22,21,17,24,20,14,10,6,1,9,12,23,11,13,15,16],[22,2,10,18,21,17,24,20,14,6,1,9,12,11,23,13,16],[6,22,10,2,14,18,21,17,24,20,1,9,12,11,23,13,16],[10,22,14,6,2,18,21,17,24,20,1,9,12,11,23,13,16],[22,10,18,21,17,24,20,2,6,14,1,9,12,23,11,13,16],[2,10,6,18,14,22,21,17,24,20,1,9,12,23,11,13,16],[2,18,6,10,22,21,17,24,20,14,1,9,12,11,23,13,16],[22,18,21,17,24,20,6,10,14,2,1,9,12,23,11,13,16],[18,14,10,2,6,22,21,17,20],[22,14,2,10,18,21,17,20,6],[10,2,14,22,18,17,21,20,6],[10,6,18,14,22,21,17,20,2],[14,18,10,6,2,22,21,17,20],[2,18,14,10,6,22,21,17,20],[14,22,10,2,18,17,21,20,6],[18,6,22,17,21,20,10,14,2],[6,14,10,18,22,21,17,20,2],[18,22,21,17,20,6,14,2,10],[14,22,10,2,6,18,21,17,24,20,1,9,12,11,23,13,16],[2,6,10,22,14,18,17,21,20],[22,6,18,17,21,20,2,14,10],[2,10,14,22,18,21,17,20,6],[6,10,18,14,22,21,17,24,20,2,1,9,12,11,23,13,16],[22,10,14,18,17,21,20,2,6],[18,14,10,6,22,21,17,20,2],[14,18,2,10,22,21,17,20,6],[6,18,2,14,10,22,17,21,24,20,1,9,12,11,23,13,16],[18,10,6,14,2,22,17,21,24,20,1,9,12,11,23,13,16],[18,2,6,14,10,22,17,21,20],[18,10,2,22,21,17,20,6,14],[14,22,6,10,2,18,17,21,20],[18,2,6,22,21,17,24,20,14,10,1,9,12,23,11,13,16],[22,14,2,6,18,21,17,24,20,10,1,9,12,11,23,13,16],[14,22,6,2,10,18,21,17,20],[22,10,18,17,21,24,20,6,2,14,1,9,12,11,23,13,15,16],[18,10,22,21,17,24,20,14,2,6,1,9,12,23,11,13,15,16],[6,18,14,22,21,17,24,20,10,2,1,9,12,11,23,13,16],[6,10,2,14,22,18,17,21,24,20,1,9,12,11,23,13,16],[6,10,14,18,22,21,17,20,2],[14,10,18,2,6,22,17,21,20],[14,22,10,6,2,18,17,21,24,20,1,9,12,23,11,13,16],[14,2,6,22,18,17,21,24,20,10,1,9,12,23,11,13,16],[22,2,18,21,17,24,20,10,14,6,1,9,12,11,23,13,16],[10,18,14,22,17,21,20,1,6],[10,14,22,6,18,17,21,20,2],[2,6,22,18,17,21,24,20,10,14,1,9,12,23,11,13,16],[18,14,2,10,6,22,21,17,20],[18,2,22,21,17,20,10,6,14],[10,6,22,2,14,18,21,17,20],[6,18,10,14,2,22,17,21,24,20,1,9,12,23,11,13,16],[2,10,22,18,17,21,24,20,14,6,1,9,12,23,11,13,16],[14,22,2,6,10,18,17,21,24,20,1,9,12,23,11,13,16],[6,14,18,10,2,22,21,17,20],[22,18,21,17,24,20,2,14,6,10,1,9,12,23,11,13,16],[10,2,6,14,18,22,17,21,20],[6,2,14,18,10,22,17,21,20],[18,10,14,22,17,21,24,20,6,2,1,9,12,23,11,13,16],[18,6,14,2,22,17,21,20,10],[2,18,6,10,14,22,21,17,20],[22,2,18,17,21,24,20,10,6,14,1,9,12,11,23,13,16],[18,22,17,21,20,2,10,14,6],[2,6,10,14,22,18,21,17,24,20,1,9,12,23,11,13,16],[6,14,18,10,2,22,17,21,20],[6,18,14,10,22,21,17,20,2],[10,2,22,14,18,17,21,24,20,6,1,9,12,11,23,13,16],[14,22,6,18,17,21,24,20,2,10,1,9,12,23,11,13,16],[14,18,2,6,10,22,21,17,24,20,1,9,12,11,23,13,16],[22,18,17,21,24,20,10,2,14,6,1,9,12,11,23,13,16],[22,18,17,21,20,6,14,10,1],[6,18,14,10,22,17,21,24,20,2,1,9,12,11,23,13,16],[22,18,17,21,20,6,14,10,2],[22,2,18,17,21,24,20,6,10,14,1,9,12,11,23,13,16],[14,6,22,10,2,18,21,17,24,20,1,9,12,11,23,13,16],[18,6,22,21,17,24,20,2,14,10,1,9,12,23,11,13,16],[22,18,17,21,20,10,14,2,6],[22,10,2,18,21,17,24,20,6,14,1,9,12,23,11,13,16],[22,10,2,14,18,17,21,24,20,6,1,9,11],[2,22,10,14,6,18,17,21,20],[18,22,17,21,24,20,6,14,10,2,1,9,12,23,11,13,16],[2,6,10,14,22,18,17,21,24,20,1,9,12,23,11,13,16],[22,14,6,10,18,21,17,20,2],[6,10,18,14,2,22,21,17,20],[2,14,18,10,22,17,21,20,6],[2,22,14,10,6,18,17,21,20],[18,6,14,2,22,21,17,20,10],[14,2,10,22,6,18,17,21,20],[10,18,14,6,22,21,17,24,20,2,1,9,12,23,11,13,16],[10,22,6,14,2,18,21,17,20],[14,2,18,10,22,17,21,20,6],[14,6,10,18,22,21,17,20,2],[10,2,22,18,17,21,20,14,6],[2,14,10,6,18,22,21,17,20],[18,14,22,21,17,20,10,2,6],[14,18,22,21,17,20,6,10,2],[18,22,21,17,20,6,14,2,10],[6,18,10,22,21,17,24,20,2,14,1,9,12,23,11,13,16],[6,10,22,18,17,21,20,1,14],[6,10,2,18,22,17,21,24,20,14,1,9,12,11,23,13,16],[6,2,18,10,14,22,17,21,20],[10,22,2,6,14,18,21,17,24,20,1,9,12,11,23,13,16],[18,22,17,21,24,20,6,14,10,2,1,9,12,23,11,13,16],[22,10,18,21,17,24,20,14,2,6,1,9,12,23,11,13,16],[18,2,6,14,10,22,21,17,20],[2,22,10,14,6,18,17,21,20],[10,14,22,18,21,17,24,20,6,2,1,9,12,23,11,13,16],[22,6,18,17,21,20,14,2,10],[10,6,14,18,22,21,17,20,2],[18,6,2,14,22,17,21,20,10],[10,22,18,17,21,20,6,14,2],[14,6,2,18,22,21,17,24,20,10,1,9,12,11,23,13,15,16],[22,14,2,6,18,17,21,24,20,10,1,9,12,23,11,13,16],[2,22,14,10,6,18,21,17,20],[22,6,18,17,21,24,20,14,2,10,1,9,12,23,11,13,16],[6,22,18,17,21,20,10,2,14],[18,10,14,2,6,22,17,21,24,20,1,9,12,11,23,13,16],[6,22,2,18,17,21,24,20,10,14,1,9,12,23,11,13,16],[18,14,2,6,10,22,17,21,24,20,1,9,12,23,11,13,16],[6,14,10,2,18,22,17,21,24,20,1,9,12,11,23,13,16],[22,14,18,17,21,24,20,2,6,10,1,9,12,11,23,13,16],[2,18,22,17,21,20,14,6,10],[2,18,22,17,21,24,20,14,6,10,1,9,12,23,11,13,16],[6,22,18,17,21,24,20,14,2,10,1,9,12,11,23,13,16],[18,10,14,2,22,17,21,20,6],[6,18,10,22,21,17,24,20,2,14,1,9,12,11,23,13,16],[18,10,2,6,22,17,21,24,20,14,1,9,12,23,11,13,16],[22,14,10,6,2,18,21,17,20],[14,6,10,2,18,22,21,17,24,20,1,9,12,11,23,13,16],[18,6,10,2,14,22,17,21,20],[10,22,2,14,18,17,21,24,20,6,1,9,12,11,23,13,16],[18,6,22,21,17,20,10,2,14],[10,2,14,18,22,21,17,24,20,6,1,9,12,11,23,13,16],[2,18,22,21,17,24,20,14,10,6,1,9,12,23,11,13,16],[22,2,10,18,21,17,24,20,14,6,1,9,12,11,23,13,16],[14,22,18,21,17,20,6,10,2],[22,6,14,18,17,21,20,2,10],[10,22,6,14,2,18,17,21,24,20,1,9,12,11,23,13,16],[2,18,6,14,22,21,17,24,20,10,1,9,12,23,11,13,16],[22,14,2,10,6,18,17,21,20],[10,6,14,2,22,18,17,21,20],[10,22,18,17,21,24,20,2,14,6,1,9,12,11,23,13,16],[6,22,10,14,18,21,17,24,20,2,1,9,12,11,23,13,16],[14,10,22,6,18,17,21,20,2],[2,18,6,22,17,21,20,10,14],[6,14,2,22,18,17,21,20,10],[18,10,14,2,6,22,17,21,24,20,1,9,12,11,23,13,16],[10,22,14,2,18,17,21,20,6],[14,22,10,2,6,18,21,17,20],[18,22,21,17,20,6,14,10,2],[2,22,6,18,21,17,24,20,14,10,1,9,12,11,23,13,16],[14,10,18,6,22,21,17,24,20,2,1,9,11],[14,10,6,22,2,18,21,17,24,20,1,9,12,11,23,13,16],[18,22,21,17,24,20,6,2,14,10,1,9,12,23,11,13,16],[18,2,6,14,10,22,21,17,24,20,1,9,12,11,23,13,16],[2,6,14,22,10,18,17,21,24,20,1,9,12,11,23,13,16],[2,14,18,10,22,21,17,20,6],[6,2,14,22,10,18,21,17,24,20,1,9,12,11,23,13,16],[18,2,22,21,17,20,10,6,14],[2,10,14,6,18,22,21,17,20],[2,22,18,17,21,20,10,14,6],[18,10,14,22,17,21,20,5,2,6],[6,10,22,18,17,21,24,20,14,2,1,9,12,23,11,13,16],[18,22,21,17,24,20,2,10,14,6,1,9,12,11,23,13,16],[10,14,22,6,18,21,17,24,20,2,1,9,12,23,11,13,16],[18,14,2,22,21,17,24,20,6,10,1,9,12,11,23,13,16],[22,6,10,18,17,21,20,14,2],[18,14,22,17,21,20,10,2,6],[18,22,21,17,24,20,10,2,14,6,1,9,12,23,11,13,16],[14,22,10,18,17,21,20,2,6],[10,6,2,14,22,18,17,21,24,20,1,9,12,11,23,13,16],[18,22,21,17,24,20,10,14,6,2,1,9,12,11,23,13,16],[14,6,22,18,21,17,24,20,10,2,1,9,12,11,23,13,16],[14,22,10,2,6,18,21,17,24,20,1,9,12,23,11,13,16],[18,14,6,2,22,17,21,24,20,10,1,9,12,11,23,13,16],[2,14,6,18,22,17,21,24,20,10,1,9,12,11,23,13,16],[10,6,14,18,2,22,17,21,20],[14,10,18,22,17,21,24,20,2,6,1,9,12,11,23,13,16],[6,10,14,18,22,17,21,20,2],[6,18,2,22,17,21,24,20,14,10,1,9,12,23,11,13,16],[6,10,2,14,18,22,17,21,24,20,1,9,12,11,23,13,16],[10,22,18,17,21,24,20,14,2,6,1,9,12,23,11,13,16],[6,14,10,22,18,17,21,24,20,2,1,9,12,11,23,13,16],[22,2,6,10,18,21,17,20,14],[14,22,6,10,18,21,17,24,20,2,1,9,12,23,11,13,16],[14,10,2,22,6,18,17,21,24,20,1,9,11],[2,22,14,6,10,18,21,17,24,20,1,9,12,11,23,13,16],[18,14,10,2,22,21,17,24,20,6,1,9,12,11,23,13,16],[10,18,2,22,21,17,24,20,6,14,1,9,12,23,11,13,16],[6,22,10,2,14,18,17,21,24,20,1,9,12,11,23,13,16],[14,22,10,6,2,18,21,17,20],[14,18,2,10,22,21,17,20,6],[18,10,6,14,2,22,21,17,24,20,1,9,12,23,11,13,16],[14,18,6,10,2,22,21,17,24,20,1,9,12,11,23,13,16],[14,2,6,18,10,22,17,21,20],[6,10,14,22,2,18,17,21,24,20,1,9,12,23,11,13,16],[18,6,22,17,21,20,14,10,2],[10,2,6,14,22,18,17,21,24,20,1,9,12,11,23,13,16],[22,6,14,10,18,21,17,20,2],[22,14,10,2,18,21,17,24,20,6,1,9,12,23,11,13,16],[6,22,14,2,10,18,21,17,24,20,1,9,12,11,23,13,16],[6,2,14,18,22,21,17,24,20,10,1,9,12,23,11,13,16],[2,18,22,21,17,24,20,10,6,14,1,9,12,11,23,13,16],[14,10,22,18,21,17,24,20,2,6,1,9,12,23,11,13,16],[22,18,21,17,24,20,10,6,14,2,1,9,12,11,23,13,16],[18,2,14,22,21,17,20,6,10],[18,14,10,2,6,22,17,21,24,20,1,9,12,11,23,13,16],[6,22,10,2,14,18,17,21,20],[10,2,18,6,14,22,17,21,24,20,1,9,12,23,11,13,16],[22,6,14,2,18,21,17,24,20,10,1,9,12,11,23,13,16],[14,22,10,6,18,21,17,20,2],[10,2,22,14,18,17,21,20,6],[10,6,2,22,18,17,21,20,14],[18,6,2,14,22,21,17,20,10],[18,10,14,6,2,22,17,21,24,20,1,9,12,23,11,13,16],[2,18,6,14,22,21,17,24,20,10,1,9,12,11,23,13,16],[2,18,10,22,21,17,24,20,14,6,1,9,12,11,23,13,16],[18,6,22,17,21,24,20,14,2,10,1,9,12,23,11,13,15,16],[14,18,2,22,21,17,20,10,6],[14,10,18,6,22,21,17,24,20,2,1,9,12,23,11,13,16],[18,6,14,10,22,17,21,24,20,2,1,9,12,23,11,13,16],[6,2,14,18,22,17,21,24,20,10,1,9,12,11,23,13,16],[14,10,22,18,17,21,24,20,2,6,1,9,12,23,11,13,16],[18,10,14,22,21,17,20,6,2],[10,14,2,6,18,22,17,21,24,20,1,9,12,11,23,13,16],[10,6,14,2,22,18,21,17,20],[22,2,14,18,17,21,20,10,6],[10,22,6,14,2,18,21,17,24,20,1,9,12,11,23,13,16],[18,10,14,6,2,22,21,17,20],[10,22,6,2,14,18,21,17,24,20,1,9,12,23,11,13,16],[14,2,10,18,22,21,17,24,20,6,1,9,12,11,23,13,16],[10,18,2,22,17,21,20,14,6],[10,2,22,6,14,18,21,17,20],[10,6,18,14,22,17,21,24,20,2,1,9,12,23,11,13,16],[14,18,6,10,2,22,21,17,24,20,1,9,12,23,11,13,16],[14,6,10,2,22,18,21,17,20],[14,6,22,2,18,17,21,20,10],[6,18,10,2,14,22,21,17,20],[6,2,14,22,18,21,17,20,10],[2,14,18,22,17,21,20,10,6],[18,10,22,21,17,20,14,2,6],[2,22,18,21,17,24,20,10,6,14,1,9,12,23,11,13,16],[18,6,2,14,10,22,21,17,24,20,1,9,12,23,11,13,16],[18,2,14,22,17,21,20,6,10],[2,10,22,18,21,17,24,20,14,6,1,9,12,23,11,13,16],[18,2,14,10,22,17,21,24,20,6,1,9,12,11,23,13,16],[6,2,14,10,22,18,21,17,24,20,1,9,12,23,11,13,16],[22,14,10,2,18,21,17,24,20,6,1,9,12,23,11,13,16],[14,6,18,10,22,17,21,24,20,2,1,9,12,11,23,13,16],[2,6,10,22,18,21,17,24,20,14,1,9,12,23,11,13,16],[6,18,10,22,17,21,24,20,14,2,1,9,12,23,11,13,16],[6,10,2,22,18,21,17,24,20,14,1,9,12,23,11,13,16],[18,2,14,22,21,17,24,20,10,6,1,9,12,23,11,13,16],[18,14,22,21,17,20,2,6,10],[18,14,6,22,21,17,20,2,10],[22,18,21,17,24,20,14,2,10,6,1,9,12,23,11,13,16],[10,6,2,22,14,18,21,17,24,20,1,9,12,23,11,13,16],[18,14,2,6,22,17,21,20,10],[10,2,14,22,6,18,21,17,24,20,1,9,12,11,23,13,16],[6,18,2,14,22,17,21,24,20,10,1,9,12,11,23,13,16],[22,18,21,17,24,20,10,2,14,6,1,9,12,11,23,13,16],[6,18,14,10,22,17,21,24,20,2,1,9,12,23,11,13,16],[10,2,14,6,22,18,17,21,20],[2,14,18,6,10,22,17,21,24,20,1,9,12,11,23,13,16],[22,2,10,18,21,17,24,20,14,6,1,9,12,11,23,13,16],[10,2,14,22,6,18,21,17,24,20,1,9,12,23,11,13,16],[2,22,14,10,18,17,21,20,6],[10,18,22,21,17,23,20,14,2,6,1],[2,14,10,6,22,18,21,17,20],[10,18,6,22,21,17,24,20,14,2,1,9,12,23,11,13,16],[22,18,21,17,20,2,14,6,10],[10,18,22,17,21,20,2,6,14],[2,22,6,10,18,21,17,20,14],[14,18,6,22,21,17,24,20,10,2,1,9,12,11,23,13,16],[6,2,18,10,14,22,21,17,24,20,1,9,12,23,11,13,16],[18,6,22,21,17,20,2,10,14],[14,10,6,2,18,22,21,17,24,20,1,9,12,23,11,13,16],[10,18,2,6,22,17,21,24,20,14,1,9,12,23,11,13,16],[2,22,6,14,10,18,17,21,20],[22,6,10,2,14,18,17,21,20],[6,18,10,22,17,21,24,20,2,14,1,9,12,11,23,13,16],[22,6,18,17,21,24,20,14,10,2,1,9,12,11,23,13,16],[2,14,18,22,17,21,20,10,6],[22,6,10,2,18,17,21,20,14],[14,22,10,2,6,18,21,17,20],[22,2,6,18,17,21,24,20,10,14,1,9,12,23,11,13,16],[14,2,6,22,18,17,21,20,10],[14,2,22,18,21,17,24,20,10,6,1,9,12,23,11,13,16],[6,14,10,22,18,17,21,20,2],[18,14,6,2,22,17,21,20,10],[22,18,21,17,24,20,6,14,10,2,1,9,12,23,11,13,16],[18,6,10,2,22,21,17,20,14],[14,18,10,22,21,17,24,20,6,2,1,9,12,23,11,13,16],[14,22,6,18,21,17,20,10,2],[14,22,18,17,21,20,6,2,10],[22,14,6,18,21,17,24,20,2,10,1,9,12,23,11,13,16],[18,10,14,6,22,21,17,24,20,2,1,9,11],[6,2,14,22,18,21,17,24,20,10,1,9,12,11,23,13,16],[10,14,22,18,17,21,24,20,6,2,1,9,12,23,11,13,16],[18,22,21,17,20,1,10,14,6],[14,2,18,22,21,17,24,20,6,10,1,9,12,23,11,13,16],[10,2,6,18,22,21,17,24,20,14,1,9,12,23,11,13,16],[18,22,21,17,20,14,2,6,10],[2,14,6,22,10,18,21,17,24,20,1,9,12,23,11,13,16],[10,14,18,6,2,22,21,17,20],[18,22,17,21,24,20,14,6,10,2,1,9,12,11,23,13,16],[2,10,14,18,6,22,21,17,20],[22,10,14,2,6,18,17,21,20],[10,6,14,18,2,22,21,17,20],[10,2,22,6,14,18,21,17,24,20,1,9,12,23,11,13,16],[14,22,2,18,17,21,24,20,6,10,1,9,12,11,23,13,16],[18,14,2,10,22,17,21,20,6],[10,14,2,18,22,17,21,20,6],[2,6,22,18,21,17,20,14,10],[2,6,14,18,22,21,17,20,10],[22,18,17,21,20,14,10,2,6],[2,14,18,22,21,17,24,20,10,6,1,9,12,11,23,13,16],[10,22,18,21,17,24,20,14,6,2,1,9,12,11,23,13,16],[6,10,22,18,17,21,24,20,2,14,1,9,12,11,23,13,16],[22,6,2,18,21,17,20,14,10],[18,10,22,17,21,24,20,14,2,6,1,9,12,23,11,13,16],[14,10,18,6,22,17,21,24,20,2,1,9,12,23,11,13,16],[6,22,14,10,18,21,17,20,2],[18,6,22,21,17,24,20,2,10,14,1,9,12,23,11,13,16],[2,10,18,14,6,22,21,17,24,20,1,9,12,11,23,13,16],[18,14,2,10,6,22,21,17,20],[22,14,2,10,18,21,17,20,6],[14,22,10,6,2,18,21,17,24,20,1,9,12,23,11,13,16],[2,6,14,22,10,18,21,17,20],[2,6,10,22,14,18,17,21,20],[10,6,22,18,17,21,24,20,14,2,1,9,12,23,11,13,16],[22,18,21,17,24,20,6,14,10,2,1,9,12,23,11,13,16],[14,10,22,2,6,18,21,17,24,20,1,9,12,11,23,13,16],[18,10,2,6,22,21,17,24,20,14,1,9,12,23,11,13,16],[22,10,14,6,2,18,21,17,20],[14,18,22,17,21,20,6,10,2],[22,18,21,17,24,20,2,10,14,6,1,9,12,11,23,13,16],[18,22,17,21,20,10,14,2,6],[6,2,10,14,18,22,17,21,24,20,1,9,12,11,23,13,16],[2,6,10,22,14,18,17,21,20],[2,6,14,22,18,21,17,20,10],[22,18,21,17,20,2,6,10,14],[18,6,22,17,21,20,14,10,2],[18,2,6,22,17,21,20,10,14],[2,22,18,17,21,20,12,10,5,14,6],[22,6,14,2,10,18,21,17,24,20,1,9,12,11,23,13,16],[10,6,22,18,17,21,20,2,14],[22,6,18,17,21,20,10,2,14],[14,6,2,10,22,18,17,21,24,20,1,9,12,11,23,13,16],[10,14,18,2,22,21,17,24,20,6,1,9,12,23,11,13,16],[18,10,22,17,21,24,20,14,2,6,1,9,12,23,11,13,16],[18,10,22,21,17,24,20,6,2,14,1,9,12,23,11,13,16],[18,14,2,10,22,17,21,20,6],[18,22,21,17,24,20,6,14,10,2,1,9,12,23,11,13,16],[2,22,6,18,17,21,24,20,14,10,1,9,12,11,23,13,16],[18,6,14,2,22,21,17,20,10],[22,6,2,18,21,17,20,14,10],[22,14,18,21,17,20,6,2,10],[2,10,14,18,6,22,21,17,24,20,1,9,12,11,23,13,16],[6,2,18,22,17,21,20,10,14],[10,22,18,17,21,24,20,14,6,2,1,9,12,23,11,13,16],[22,2,10,14,6,18,17,21,24,20,1,9,12,11,23,13,16],[6,22,18,17,21,24,20,10,14,2,1,9,12,11,23,13,16],[10,14,2,22,18,17,21,20,6],[18,6,14,2,10,22,17,21,24,20,1,9,12,11,23,13,16],[14,2,22,6,10,18,17,21,24,20,1,9,12,11,23,13,16],[6,2,10,14,22,18,17,21,24,20,1,9,12,23,11,13,16],[6,18,10,22,17,21,24,20,14,2,1,9,12,11,23,13,16],[22,14,10,18,21,17,20,2,6],[2,6,18,14,22,21,17,24,20,10,1,9,12,23,11,13,16],[10,18,6,14,2,22,21,17,24,20,1,9,12,11,23,13,16],[10,14,22,6,2,18,17,21,24,20,1,9,12,11,23,13,16],[6,22,2,14,18,17,21,20,10],[18,2,14,10,6,22,17,21,24,20,1,9,12,11,23,13,16],[14,2,6,18,10,22,21,17,24,20,1,9,12,11,23,13,16],[10,14,18,6,22,21,17,20,2],[18,14,10,6,22,17,21,24,20,2,1,9,12,23,11,13,16],[10,6,22,14,2,18,17,21,24,20,1,9,12,11,23,13,16],[14,18,6,10,2,22,17,21,20],[6,14,22,18,17,21,20,10,2],[14,2,10,18,6,22,17,21,24,20,1,9,12,11,23,13,16],[6,18,22,21,17,20,2,10,14],[14,22,2,10,18,17,21,20,6],[6,14,2,18,22,21,17,24,20,10,1,9,12,23,11,13,16],[2,14,10,22,6,18,17,21,24,20,1,9,12,11,23,13,16],[14,18,10,22,17,21,24,20,2,6,1,9,12,23,11,13,16],[10,6,22,18,21,17,24,20,14,2,1,9,12,23,11,13,16],[10,18,14,22,17,21,24,20,2,6,1,9,12,11,23,13,16],[14,18,22,21,17,20,6,10,2],[14,2,22,18,21,17,20,6,10],[6,14,2,10,22,18,17,21,24,20,1,9,12,11,23,13,16],[6,10,22,14,2,18,17,21,24,20,1,9,12,23,11,13,16],[2,10,18,14,22,21,17,20,6],[2,10,18,22,17,21,24,20,6,14,1,9,12,23,11,13,16],[10,6,2,22,14,18,17,21,20],[6,14,22,2,10,18,17,21,20],[22,18,21,17,24,20,10,2,6,14,1,9,12,23,11,13,16],[18,6,10,22,21,17,20,14,2],[22,18,21,17,20,2,6,14,10],[18,22,21,17,24,20,14,6,2,10,1,9,12,11,23,13,16],[22,2,18,21,17,24,20,14,10,6,1,9,12,11,23,13,16],[10,14,6,22,18,21,17,24,20,2,1,9,12,11,23,13,16],[14,2,18,22,17,21,24,20,6,10,1,9,12,11,23,13,16],[6,18,10,2,14,22,17,21,24,20,1,9,12,23,11,13,16],[6,10,2,18,22,17,21,20,14],[18,22,17,21,20,10,14,2,5,6],[18,6,22,17,21,20,10,14,2],[18,6,10,22,17,21,24,20,14,2,1,9,12,11,23,13,16],[18,10,2,6,22,17,21,24,20,14,1,9,12,23,11,13,16],[14,6,2,18,22,17,21,24,20,10,1,9,12,11,23,13,16],[10,22,6,2,18,21,17,20,14],[2,10,22,18,21,17,20,6,14],[2,10,6,18,14,22,21,17,20],[2,6,14,10,22,18,17,21,24,20,1,9,12,11,23,13,16],[22,14,6,10,2,18,17,21,24,20,1,9,12,11,23,13,16],[6,14,22,2,10,18,17,21,24,20,1,9,12,23,11,13,16],[18,6,14,10,2,22,17,21,24,20,1,9,12,11,23,13,16],[18,22,21,17,20,6,10,14,2],[2,6,22,14,18,21,17,20,10],[2,6,18,22,17,21,24,20,14,10,1,9,12,23,11,13,16],[10,14,2,6,22,18,21,17,24,20,1,9,12,23,11,13,16],[2,14,10,6,18,22,21,17,24,20,1,9,12,23,11,13,15,16],[22,2,14,18,17,21,24,20,10,6,1,9,12,11,23,13,16],[14,6,22,18,21,17,24,20,2,10,1,9,12,23,11,13,16],[6,2,10,22,14,18,17,21,20],[6,22,18,21,17,20,2,10,14],[6,22,10,2,14,18,17,21,20],[2,18,10,14,6,22,17,21,20],[10,6,14,18,2,22,17,21,20],[2,18,10,14,22,17,21,20,6],[2,18,14,6,10,22,17,21,24,20,1,9,12,23,11,13,16],[18,10,2,14,22,21,17,20,6],[10,6,18,14,22,21,17,20,2],[18,6,10,14,22,17,21,24,20,2,1,9,12,11,23,13,16],[2,10,6,14,18,22,21,17,24,20,1,9,12,23,11,13,16],[22,2,18,17,21,20,10,6,14],[22,14,10,6,18,17,21,20,2],[18,10,14,6,22,17,21,24,20,2,1,9,12,23,11,13,16],[10,14,6,18,22,21,17,24,20,2,1,9,12,11,23,13,16],[14,18,22,21,17,20,6,2,10],[2,18,10,6,22,21,17,24,20,14,1,9,12,23,11,13,16],[14,22,10,6,18,21,17,20,2],[18,10,22,17,21,24,20,2,14,6,1,9,12,11,23,13,16],[2,10,14,22,18,21,17,20,6],[6,22,18,21,17,20,14,2,10],[10,18,6,2,14,22,17,21,20],[22,14,18,21,17,24,20,2,6,10,1,9,12,23,11,13,16],[22,2,10,18,17,21,24,20,14,6,1,9,12,23,11,13,16],[10,14,18,6,2,22,21,17,20],[14,2,6,22,18,21,17,20,10],[14,6,22,2,18,17,21,20,10],[6,22,2,10,18,21,17,24,20,14,1,9,12,23,11,13,16],[2,14,22,6,10,18,21,17,24,20,1,9,12,23,11,13,16],[2,18,14,6,22,21,17,20,9,10],[2,22,14,18,21,17,20,10,6],[2,6,18,10,22,21,17,20,14],[22,2,10,18,17,21,24,20,14,6,1,9,12,23,11,13,16],[22,2,18,21,17,20,14,10,6],[18,6,2,14,22,17,21,24,20,10,1,9,12,11,23,13,16],[22,18,21,17,20,2,14,10,7,6],[18,22,21,17,24,20,2,6,10,14,1,9,12,11,23,13,16],[10,22,2,18,17,21,20,6,13,14],[2,22,6,10,14,18,21,17,20],[10,2,14,18,22,17,21,24,20,6,1,9,12,11,23,13,16],[18,14,6,2,22,21,17,20,10],[22,10,14,6,2,18,21,17,24,20,1,9,12,11,23,13,16],[2,14,10,18,6,22,17,21,20],[14,10,6,2,22,18,17,21,20],[22,10,2,14,6,18,17,21,24,20,1,9,12,11,23,13,16],[18,22,17,21,20,6,2,10,14],[22,14,6,2,10,18,17,21,20],[18,22,17,21,20,14,6,2,10],[18,14,6,22,17,21,24,20,10,2,1,9,12,11,23,13,16],[2,10,22,14,18,17,21,24,20,6,1,9,12,23,11,13,16],[22,6,2,14,18,17,21,20,10],[14,18,2,22,21,17,20,9,6,10],[18,10,6,2,22,21,17,20,14],[2,14,6,10,18,22,21,17,20],[22,10,2,6,18,21,17,20,14],[10,22,14,18,21,17,20,2,5,6],[2,6,14,18,22,17,21,20,10],[10,2,14,6,18,22,17,21,24,20,1,9,12,23,11,13,16],[22,10,6,14,2,18,21,17,20],[18,10,6,22,17,21,20,1,14],[22,18,17,21,20,10,2,6,14],[6,14,18,10,22,17,21,24,20,2,1,9,12,11,23,13,16],[18,2,14,10,6,22,17,21,20],[14,6,18,22,21,17,24,20,2,10,1,9,12,23,11,13,16],[6,18,22,21,17,24,20,14,2,10,1,9,12,11,23,13,16],[18,2,14,6,22,21,17,23,20,10,1],[14,18,6,10,2,22,21,17,24,20,1,9,12,23,11,13,16],[6,2,14,10,22,18,17,21,20],[14,2,18,10,22,17,21,24,20,6,1,9,12,11,23,13,16],[22,18,17,21,24,20,14,6,10,2,1,9,12,11,23,13,16],[22,18,21,17,20,14,2,6,10],[18,10,6,22,21,17,24,20,2,14,1,9,12,23,11,13,16],[22,14,2,10,18,17,21,20,6],[14,10,18,22,21,17,24,20,2,6,1,9,12,11,23,13,16],[6,22,2,14,18,17,21,24,20,10,1,9,12,11,23,13,16],[14,22,10,6,18,17,21,20,1],[22,6,10,2,14,18,21,17,20],[14,18,6,10,2,22,17,21,24,20,1,9,12,11,23,13,16],[18,10,2,22,21,17,24,20,14,6,1,9,12,11,23,13,16],[2,14,18,10,22,17,21,24,20,6,1,9,12,11,23,13,16],[6,18,2,14,10,22,17,21,20],[6,22,14,2,10,18,21,17,24,20,1,9,12,11,23,13,16],[18,22,17,21,24,20,10,14,2,6,1,9,12,11,23,13,16],[14,18,6,10,22,17,21,20,2],[2,6,10,14,18,22,17,21,24,20,1,9,12,23,11,13,16],[14,22,2,18,17,21,24,20,6,10,1,9,12,11,23,13,16],[6,10,22,14,18,17,21,24,20,2,1,9,12,23,11,13,16],[22,10,14,18,21,17,20,2,6],[14,18,10,2,6,22,21,17,20],[2,14,10,6,18,22,21,17,20],[2,18,10,6,14,22,21,17,24,20,1,9,12,11,23,13,16],[22,2,10,6,18,17,21,24,20,14,1,9,12,11,23,13,16],[22,18,17,21,24,20,6,14,2,10,1,9,12,11,23,13,16],[10,6,14,18,2,22,17,21,20],[14,2,6,22,10,18,17,21,20],[2,6,18,22,21,17,20,10,14],[22,18,21,17,20,2,14,6,10],[22,10,2,14,6,18,21,17,20],[2,18,6,22,21,17,20,14,10],[18,10,14,2,6,22,17,21,24,20,1,9,12,11,23,13,16],[18,22,21,17,24,20,2,6,14,10,1,9,12,23,11,13,16],[22,14,10,18,17,21,20,2,6],[22,6,18,17,21,24,20,10,14,2,1,9,12,11,23,13,16],[10,22,6,14,2,18,21,17,24,20,1,9,12,23,11,13,16],[18,2,6,14,22,21,17,24,20,10,1,9,12,23,11,13,16],[14,2,18,6,10,22,21,17,20],[10,22,2,6,14,18,21,17,20],[18,10,2,22,21,17,20,6,14],[22,6,2,18,21,17,24,20,14,10,1,9,12,23,11,13,16],[6,18,10,2,14,22,17,21,20],[22,2,6,14,10,18,21,17,20],[2,18,6,10,14,22,17,21,20],[2,6,18,14,22,17,21,24,20,10,1,9,12,23,11,13,16],[2,10,18,6,14,22,21,17,24,20,1,9,12,11,23,13,16],[2,6,14,22,10,18,17,21,20],[22,2,14,18,17,21,24,20,10,6,1,9,12,11,23,13,16],[14,22,10,2,18,17,21,24,20,6,1,9,12,11,23,13,16],[2,6,10,18,22,21,17,20,14],[10,18,2,14,22,17,21,20,6],[2,14,6,10,22,18,17,21,20],[6,10,18,14,2,22,17,21,24,20,1,9,12,11,23,13,16]],"n_human":10}