{"problem_id":"55ecUFp64h8kcBM","sigma":150,"alpha":0.316,"cost":4,"probabilities":"[0.12, 0.32, 0.45, 0.11]","payoff_matrix":"[[133, 44, 47, -68, -244, 192], [274, 157, 178, -29, 281, 4], [-23, -186, -50, -78, -314, 37], [16, 152, -38, -131, 64, 180]]","uncovered":[[23,11,19,7,15,3,22,2],[11,7,23,15,3,19,2],[3,23,11,19,15,7,22,2],[15,23,11,3,7,19,2],[3,19,23,11,7,15,2],[23,7,15,19,3,11,2],[15,19,23,11,7,3,2],[3,19,15,7,11,23,22,2],[23,15,19,3,7,11,22,2],[7,3,15,11,19,23,22,2],[15,19,11,7,23,3,2],[3,15,19,11,23,7,22,2],[11,3,15,19,7,23,2],[15,23,11,19,3,7,2],[19,23,3,11,7,15,2],[3,15,19,11,23,7,22,2],[23,11,7,15,19,3,2],[23,7,19,3,11,15,22,2],[23,7,11,15,3,19,2],[23,3,19,7,15,11,2],[19,23,3,7,11,15,22,2],[11,19,15,3,23,7,22,2],[15,19,11,3,7,23,2],[11,3,7,19,23,15,2],[19,3,7,15,23,11,22,2],[7,15,19,23,3,11,2],[23,15,7,3,11,19,2],[3,11,23,15,7,19,22,2],[23,3,11,15,7,19,2],[15,23,7,19,11,3,22,2],[19,7,15,23,11,3,22,2],[15,3,7,19,23,11,22,2],[15,23,3,11,7,19,22,2],[15,7,19,23,11,3,22,2],[11,7,23,3,19,15,2],[23,7,11,3,19,15,2],[11,3,19,7,15,23,22,2],[23,7,11,15,19,3,2],[3,19,15,11,7,23,2],[15,23,3,19,11,7,2],[7,23,15,3,11,19,2],[3,11,23,7,15,19,2],[3,7,23,19,15,11,2],[19,11,3,7,23,15,22,2],[23,11,7,15,19,3,2],[15,23,3,11,7,19,22,2],[15,11,23,7,19,3,22,2],[15,3,11,19,23,7,2],[19,3,11,23,15,7,22,2],[19,23,3,7,11,15,22,2],[23,19,3,11,15,7,2],[23,7,3,19,11,15,22,2],[23,3,19,15,11,7,2],[15,7,23,19,3,11,2],[19,3,11,15,7,23,22,2],[3,23,19,7,11,15,22,2],[11,19,7,3,15,23,22,2],[7,19,23,15,3,11,22,2],[19,11,3,7,23,15,22,2],[23,7,3,15,19,11,22,2],[3,15,11,19,7,23,2],[19,11,3,7,23,15,2],[11,7,3,15,23,19,22,2],[19,3,11,7,23,15,2],[23,11,15,3,7,19,2],[23,3,7,19,15,11,22,2],[3,15,19,7,23,11,2],[23,15,11,19,7,3,2],[23,15,11,19,3,7,22,2],[3,15,11,19,23,7,2],[19,15,11,7,3,23,2],[3,23,11,15,7,19,22,2],[3,23,11,7,19,15,22,2],[15,23,3,11,7,19,22,2],[23,3,7,19,11,15,2],[7,23,15,19,11,3,22,2],[23,7,3,15,11,19,22,2],[19,23,15,11,3,7,2],[11,23,7,3,15,19,22,2],[19,11,23,3,7,15,2],[11,15,23,3,7,19,22,2],[11,3,19,15,23,7,22,2],[11,15,7,19,23,3,2],[23,15,7,11,3,19,22,2],[11,19,15,23,3,7,2],[23,7,15,19,3,11,2],[3,23,15,19,11,7,2],[19,23,7,3,11,15,2],[19,15,23,7,3,11,22,2],[3,11,23,15,7,19,2],[23,7,15,3,11,19,2],[11,19,15,23,3,7,2],[19,7,11,15,23,3,22,2],[3,19,23,7,15,11,22,2],[3,15,11,23,7,19,2],[3,23,19,11,15,7,22,2],[7,15,3,11,23,19,2],[19,15,7,3,23,11,22,2],[15,3,23,7,19,11,2],[3,19,23,7,11,15,2],[23,7,3,11,15,19,22,2],[15,3,7,11,23,19,2],[3,7,19,11,15,23,2],[7,19,11,15,3,23,22,2],[11,7,23,3,19,15,22,2],[11,23,3,7,19,15,22,2],[23,3,15,7,19,11,22,2],[15,3,19,11,23,7,2],[23,11,15,3,19,7,2],[3,23,19,11,15,7,22,2],[11,19,7,15,23,3,22,2],[7,23,3,19,11,15,2],[19,7,11,15,23,3,2],[15,7,19,11,23,3,22,2],[15,23,7,3,11,19,22,2],[7,11,23,19,15,3,22,2],[3,19,15,23,7,11,22,2],[3,15,19,11,7,23,2],[23,19,3,15,11,7,22,2],[11,19,23,3,15,7,2],[15,7,19,11,3,23,22,2],[23,3,19,11,15,7,22,2],[7,19,11,23,15,3,2],[19,23,7,15,3,11,22,2],[19,3,11,7,15,23,2],[7,19,15,11,3,23,2],[15,23,7,11,3,19,22,2],[3,23,7,11,15,19,22,2],[19,11,15,3,7,23,2],[19,3,11,15,23,7,22,2],[15,23,7,19,11,3,2],[7,23,3,19,15,11,2],[7,19,11,23,3,15,22,2],[19,11,3,15,23,7,22,2],[15,23,19,3,11,7,2],[19,7,3,15,23,11,2],[23,7,3,19,11,15,2],[3,23,19,11,15,7,22,2],[15,7,19,11,23,3,2],[19,15,11,23,3,7,2],[15,23,11,3,7,19,2],[23,11,3,15,19,7,22,2],[3,23,19,11,7,15,22,2],[7,3,23,11,15,19,22,2],[23,11,19,3,7,15,2],[7,3,15,11,19,23,2],[15,3,23,19,7,11,22,2],[15,19,11,7,23,3,2],[15,7,11,23,19,3,22,2],[7,23,15,11,19,3,2],[23,19,3,11,7,15,2],[23,7,11,19,15,3,2],[19,23,3,15,7,11,2],[11,3,7,15,19,23,2],[7,23,11,3,19,15,2],[3,23,19,15,7,11,2],[3,23,15,7,11,19,22,2],[11,3,23,15,19,7,22,2],[19,23,11,7,15,3,2],[23,15,7,11,3,19,22,2],[23,15,19,11,3,7,22,2],[23,11,7,15,19,3,2],[23,11,3,19,7,15,2],[11,23,15,19,7,3,2],[7,19,3,15,23,11,22,2],[19,3,11,7,15,23,2],[7,15,3,23,11,19,2],[3,15,23,19,7,11,22,2],[23,3,7,15,19,11,22,2],[7,3,19,23,11,15,22,2],[3,15,11,7,19,23,2],[15,11,23,7,3,19,22,2],[19,15,23,3,11,7,22,2],[7,15,19,11,3,23,2],[23,7,3,19,11,15,2],[15,11,3,19,23,7,2],[23,7,11,3,19,15,22,2],[3,11,7,23,19,15,2],[15,23,7,3,19,11,22,2],[15,7,3,11,23,19,2],[11,19,7,23,3,15,22,2],[19,11,7,23,15,3,2],[23,7,3,19,15,11,22,2],[3,15,7,19,23,11,22,2],[23,3,15,7,11,19,2],[15,7,19,11,23,3,22,2],[23,15,11,3,19,7,22,2],[7,3,23,15,19,11,22,2],[19,3,7,15,11,23,2],[23,15,19,7,11,3,2],[11,19,3,15,7,23,22,2],[11,7,19,23,15,3,22,2],[23,19,15,11,3,7,2],[19,11,23,3,7,15,2],[7,15,11,19,23,3,2],[3,19,15,7,23,11,22,2],[23,11,15,7,19,3,2],[7,19,11,15,3,23,22,2],[11,7,3,23,15,19,2],[7,19,15,23,3,11,22,2],[7,19,3,11,23,15,2],[23,19,7,11,3,15,2],[7,15,23,3,19,11,2],[3,19,7,11,23,15,2],[11,15,23,3,19,7,22,2],[15,19,7,3,11,23,22,2],[23,15,11,19,7,3,2],[15,11,23,19,3,7,22,2],[23,19,7,3,11,15,2],[7,19,3,23,15,11,2],[11,3,15,23,7,19,22,2],[7,11,3,19,23,15,22,2],[23,7,19,11,15,3,22,2],[3,19,15,23,7,11,2],[23,19,11,7,3,15,22,2],[19,15,3,11,7,23,22,2],[3,23,7,19,15,11,2],[7,23,19,15,11,3,22,2],[19,15,11,7,3,23,2],[7,19,23,15,3,11,2],[7,11,15,19,23,3,22,2],[3,11,7,15,23,19,2],[7,3,11,23,15,19,2],[19,3,23,7,15,11,2],[11,23,3,19,15,7,2],[7,3,15,23,19,11,22,2],[7,15,19,23,11,3,2],[19,3,7,23,11,15,22,2],[3,23,11,7,19,15,22,2],[15,3,19,7,11,23,22,2],[11,7,3,15,19,23,2],[15,3,23,19,11,7,22,2],[3,23,15,11,19,7,2],[7,3,15,11,19,23,22,2],[7,11,3,19,23,15,22,2],[7,3,19,15,11,23,22,2],[23,15,7,19,3,11,2],[15,7,3,19,11,23,22,2],[23,19,7,3,15,11,2],[7,19,3,23,11,15,22,2],[23,7,3,11,19,15,22,2],[23,7,11,19,3,15,2],[7,11,3,23,15,19,2],[11,15,7,3,23,19,22,2],[3,19,15,7,23,11,22,2],[15,3,7,23,19,11,2],[3,11,15,7,23,19,2],[19,23,3,7,11,15,2],[23,11,19,7,15,3,22,2],[15,11,3,7,23,19,2],[23,19,15,3,11,7,2],[15,23,11,3,7,19,2],[7,15,3,23,19,11,2],[19,11,23,7,15,3,22,2],[3,11,23,19,7,15,22,2],[23,15,19,3,7,11,22,2],[19,7,3,23,11,15,22,2],[23,3,11,19,15,7,2],[7,11,23,15,19,3,22,2],[3,15,19,7,23,11,2],[15,19,11,3,23,7,2],[23,11,7,3,15,19,22,2],[7,11,23,3,15,19,22,2],[15,23,19,3,11,7,22,2],[3,23,11,19,15,7,22,2],[15,19,3,11,23,7,2],[7,23,15,3,19,11,22,2],[23,7,11,19,3,15,22,2],[23,19,7,11,15,3,2],[7,23,3,11,19,15,2],[15,7,3,23,19,11,2],[3,23,7,19,15,11,22,2],[7,19,23,3,11,15,22,2],[15,23,3,19,7,11,2],[23,19,15,7,3,11,2],[3,7,15,19,11,23,22,2],[15,23,3,7,11,19,2],[23,15,7,11,3,19,2],[23,15,19,11,7,3,2],[7,23,15,3,11,19,2],[19,7,23,3,15,11,22,2],[23,7,19,3,15,11,22,2],[15,19,7,11,3,23,2],[23,3,19,11,15,7,2],[15,3,11,19,7,23,2],[23,7,19,3,11,15,2],[3,15,23,7,11,19,2],[3,15,23,7,19,11,2],[7,23,15,11,19,3,2],[15,19,11,7,23,3,2],[15,11,23,7,19,3,2],[15,3,11,23,7,19,22,2],[19,11,15,23,3,7,22,2],[7,23,15,11,19,3,2],[23,7,3,11,15,19,2],[19,7,3,11,23,15,22,2],[7,15,19,23,3,11,22,2],[7,19,23,11,3,15,2],[11,3,23,7,19,15,2],[3,23,15,19,7,11,22,2],[15,11,7,19,3,23,2],[7,15,3,19,23,11,2],[23,7,11,15,3,19,22,2],[19,3,23,7,15,11,2],[3,15,7,23,19,11,22,2],[3,7,11,23,19,15,22,2],[19,23,3,15,7,11,22,2],[15,19,23,7,11,3,22,2],[19,7,3,11,23,15,22,2],[23,15,3,11,7,19,2],[15,3,23,11,7,19,2],[3,15,19,23,7,11,2],[3,23,7,11,19,15,2],[7,19,11,3,15,23,2],[7,3,15,23,19,11,2],[19,11,23,7,3,15,22,2],[15,11,19,23,3,7,2],[23,15,19,11,7,3,2],[3,23,19,15,11,7,2],[23,11,7,3,19,15,22,2],[3,23,19,15,11,7,2],[7,15,3,23,11,19,2],[15,11,7,23,3,19,22,2],[19,3,7,15,11,23,2],[3,19,7,23,11,15,2],[23,7,11,15,3,19,22,2],[19,23,3,7,11,15,2],[23,11,19,7,15,3,2],[19,23,7,15,3,11,22,2],[11,23,7,19,3,15,2],[15,23,19,3,11,7,2],[15,11,7,23,3,19,22,2],[15,3,19,11,7,23,2],[3,15,7,19,23,11,2],[11,15,3,23,7,19,22,2],[19,7,23,11,3,15,2],[23,11,7,15,3,19,22,2],[19,3,23,15,7,11,2],[15,7,11,23,19,3,2],[15,3,7,19,11,23,2],[23,7,19,3,11,15,22,2],[3,7,23,15,11,19,22,2],[3,11,19,7,23,15,22,2],[19,11,3,15,23,7,22,2],[15,3,23,19,11,7,2],[11,3,15,19,23,7,2],[11,3,7,19,23,15,22,2],[15,3,11,23,19,7,22,2],[3,19,15,11,7,23,2],[15,7,23,19,11,3,22,2],[3,19,11,23,7,15,2],[19,7,3,11,15,23,2],[7,19,23,3,15,11,22,2],[11,19,3,23,15,7,2],[7,19,15,23,11,3,2],[23,15,3,11,19,7,22,2],[7,19,11,3,23,15,2],[19,15,3,7,23,11,22,2],[11,3,7,15,19,23,22,2],[15,3,7,11,23,19,22,2],[15,23,19,11,3,7,2],[3,15,23,7,11,19,2],[11,15,23,7,3,19,2],[19,3,15,11,7,23,2],[7,19,15,23,11,3,22,2],[19,23,3,7,15,11,22,2],[15,23,11,7,19,3,2],[19,23,7,15,3,11,22,2],[15,23,7,3,19,11,22,2],[3,19,11,23,15,7,22,2],[19,7,15,3,11,23,22,2],[3,23,11,7,19,15,22,2],[3,23,11,7,19,15,2],[23,19,11,15,7,3,22,2],[11,7,15,19,23,3,22,2],[15,11,7,3,23,19,22,2],[19,23,3,15,11,7,2],[11,7,19,15,3,23,22,2],[23,19,7,3,15,11,2],[19,3,11,23,7,15,22,2],[11,7,19,15,3,23,2],[7,15,11,23,19,3,2],[23,15,11,3,7,19,22,2],[3,23,7,19,11,15,2],[19,11,3,23,7,15,2],[15,23,3,7,19,11,22,2],[3,7,11,15,23,19,22,2],[19,15,23,7,11,3,2],[19,7,23,11,15,3,2],[3,19,7,23,11,15,2],[7,11,3,23,19,15,2],[19,11,15,23,7,3,22,2],[11,15,19,7,3,23,22,2],[19,7,3,11,23,15,22,2],[3,19,15,7,23,11,22,2],[19,23,11,7,15,3,2],[23,3,15,7,11,19,2],[7,23,19,11,3,15,2],[19,3,7,15,23,11,2],[3,15,11,19,23,7,22,2],[19,3,15,23,11,7,22,2],[3,23,15,11,7,19,22,2],[3,19,7,11,23,15,22,2],[11,3,23,15,7,19,22,2],[11,15,7,23,19,3,2],[15,11,19,23,7,3,22,2],[23,7,11,19,3,15,2],[19,23,11,15,3,7,22,2],[23,7,3,19,15,11,2],[11,19,7,15,3,23,22,2],[7,19,15,23,3,11,22,2],[3,11,15,19,23,7,22,2],[11,3,19,15,7,23,22,2],[19,3,23,11,15,7,2],[23,7,3,15,19,11,22,2],[7,3,19,23,11,15,2],[23,3,19,11,15,7,2],[15,11,7,3,19,23,22,2],[15,11,7,3,23,19,22,2],[11,19,15,23,7,3,22,2],[15,11,19,3,7,23,22,2],[15,11,3,23,7,19,22,2],[11,19,7,3,23,15,2],[15,19,7,23,11,3,22,2],[19,15,7,23,11,3,2],[15,7,11,3,19,23,22,2],[15,3,19,7,11,23,22,2],[3,19,15,7,11,23,22,2],[7,11,3,15,23,19,22,2],[23,3,15,19,11,7,22,2],[19,7,11,23,3,15,22,2],[23,11,19,15,3,7,2],[11,23,7,15,3,19,22,2],[11,15,7,3,23,19,2],[11,7,23,3,19,15,22,2],[7,15,11,23,3,19,2],[15,11,19,23,7,3,22,2],[7,3,19,11,23,15,2],[19,11,15,7,23,3,2],[23,11,3,15,19,7,22,2],[23,11,15,7,19,3,22,2],[3,19,15,11,23,7,2],[15,7,3,19,11,23,22,2],[23,3,11,19,7,15,22,2],[23,3,11,7,19,15,2],[15,3,7,23,19,11,2],[23,7,15,11,19,3,2],[7,15,23,19,11,3,2],[19,15,23,3,11,7,22,2],[19,15,23,3,11,7,2],[11,3,23,7,15,19,22,2],[19,7,3,23,15,11,22,2],[3,15,19,7,23,11,2],[11,3,7,15,19,23,2],[7,19,15,11,3,23,2],[3,11,15,23,7,19,2],[3,23,19,15,11,7,22,2],[7,15,11,3,19,23,2],[19,7,23,3,15,11,22,2],[11,7,23,19,15,3,22,2],[3,15,19,11,23,7,22,2],[11,15,23,7,19,3,2],[19,15,11,23,7,3,2],[23,3,19,11,15,7,22,2],[15,23,19,7,3,11,2],[15,19,7,3,11,23,2],[15,23,11,19,7,3,2],[3,19,23,15,11,7,22,2],[11,23,3,15,19,7,22,2],[3,15,19,11,23,7,22,2],[15,11,19,3,23,7,2],[3,11,15,23,7,19,2],[23,7,19,3,15,11,22,2],[19,23,15,3,7,11,22,2],[19,23,11,7,3,15,2],[7,15,11,19,3,23,2],[19,15,11,3,23,7,2],[15,7,19,3,23,11,22,2],[19,15,3,7,11,23,22,2],[23,7,19,3,11,15,2],[23,7,11,19,15,3,2],[15,11,23,3,19,7,2],[7,19,23,11,3,15,2],[3,11,7,15,23,19,22,2],[19,15,3,23,11,7,22,2],[11,15,3,7,23,19,22,2],[7,23,19,11,3,15,22,2],[7,23,15,3,11,19,22,2],[11,19,23,3,7,15,22,2],[15,19,3,11,23,7,22,2],[23,11,19,15,7,3,22,2],[7,19,11,15,23,3,2],[19,15,7,23,11,3,2],[7,3,19,15,11,23,2],[15,11,3,19,23,7,22,2],[11,3,19,7,15,23,2],[3,15,19,11,23,7,2],[15,7,3,11,23,19,2],[3,11,15,7,19,23,2],[3,23,15,11,19,7,22,2],[11,23,15,3,19,7,22,2],[15,11,3,19,23,7,2],[7,23,3,11,19,15,2],[3,23,19,11,15,7,2],[23,11,3,7,15,19,2],[3,15,11,19,7,23,2],[15,23,19,11,3,7,2],[3,7,19,15,23,11,2],[3,7,15,23,11,19,22,2],[7,3,15,11,19,23,22,2],[23,3,7,11,15,19,2],[19,23,3,15,11,7,22,2],[15,19,11,3,7,23,2],[19,15,11,3,23,7,2],[3,11,23,19,7,15,2],[23,15,11,3,7,19,2],[7,3,19,15,23,11,2],[11,23,7,15,19,3,2],[3,23,15,11,19,7,2],[7,23,19,11,15,3,22,2],[15,11,19,3,7,23,22,2],[15,11,19,7,23,3,22,2],[7,19,11,23,15,3,22,2],[7,23,15,3,19,11,2],[11,23,19,7,3,15,2],[7,15,23,11,19,3,22,2],[3,19,11,7,15,23,22,2],[19,7,11,23,3,15,2],[3,15,23,7,11,19,2],[11,3,23,7,15,19,22,2],[11,15,23,3,7,19,22,2],[15,7,23,3,11,19,2],[23,7,11,15,3,19,2],[23,19,7,3,11,15,22,2],[23,19,15,7,3,11,22,2],[15,23,3,11,7,19,22,2],[11,23,7,15,3,19,2],[11,19,23,3,15,7,22,2],[7,19,15,23,11,3,22,2],[23,3,15,11,7,19,22,2],[23,15,3,7,11,19,2],[11,15,3,7,23,19,2],[11,3,19,23,15,7,2],[23,3,7,19,11,15,22,2],[11,19,3,7,15,23,22,2],[19,11,23,3,7,15,22,2],[23,15,7,19,11,3,22,2],[11,15,3,19,23,7,2],[3,19,7,23,11,15,22,2],[3,7,11,15,19,23,2],[19,15,11,3,23,7,2],[23,15,19,7,3,11,2],[7,19,11,15,3,23,2],[15,7,3,23,11,19,2],[3,23,11,19,7,15,2],[3,23,11,19,15,7,2],[3,7,15,11,23,19,2],[19,7,11,3,15,23,2],[15,23,3,7,19,11,22,2],[23,15,3,7,19,11,22,2],[23,15,7,11,3,19,22,2],[15,11,7,19,3,23,22,2],[11,15,19,23,7,3,22,2],[19,11,3,23,15,7,2],[23,15,3,11,7,19,22,2],[15,19,3,7,23,11,2],[11,15,19,23,7,3,22,2],[7,15,23,3,11,19,22,2],[19,15,11,3,7,23,2],[7,19,23,3,15,11,2],[15,11,7,19,3,23,22,2],[19,23,15,11,3,7,22,2],[3,11,15,19,7,23,22,2],[19,11,23,3,7,15,22,2],[7,3,23,15,19,11,2],[23,7,19,11,15,3,2],[3,11,7,15,23,19,2],[7,23,11,3,15,19,2],[23,7,15,11,3,19,2],[3,19,11,23,7,15,2],[7,19,11,3,15,23,2],[23,15,7,11,3,19,2],[11,3,23,7,19,15,2],[15,3,23,19,7,11,2],[15,19,23,11,7,3,22,2],[7,11,15,19,23,3,2],[7,15,23,11,19,3,2],[23,11,15,19,7,3,2],[3,15,11,23,19,7,2],[3,23,15,7,11,19,2],[23,19,7,15,3,11,2],[7,23,15,11,19,3,22,2],[11,7,3,15,19,23,2],[19,11,7,15,3,23,2],[3,15,23,19,7,11,2],[11,19,15,23,3,7,22,2],[11,23,3,15,7,19,22,2],[3,11,7,23,19,15,2],[23,7,11,15,3,19,22,2],[3,7,15,23,19,11,2],[3,11,15,7,23,19,2],[3,23,19,11,15,7,22,2],[7,3,19,15,23,11,2],[3,19,15,23,7,11,22,2],[3,23,7,19,15,11,2],[3,19,7,23,15,11,22,2],[3,15,19,7,11,23,22,2],[15,3,11,23,19,7,2],[15,23,3,7,11,19,22,2],[7,3,15,11,19,23,22,2],[7,15,19,3,23,11,2],[3,11,19,15,23,7,2],[15,7,11,23,19,3,2],[19,23,7,11,15,3,2],[11,23,7,19,15,3,22,2],[7,23,19,3,11,15,2],[3,15,7,11,19,23,22,2],[11,3,15,23,19,7,22,2],[7,23,3,15,11,19,22,2],[23,15,3,11,19,7,22,2],[23,15,3,19,7,11,2],[15,11,3,19,23,7,22,2],[11,19,3,7,23,15,2],[11,3,7,15,19,23,2],[7,15,19,3,11,23,2],[15,3,7,23,19,11,22,2],[19,11,15,23,7,3,2],[3,23,19,15,7,11,22,2],[15,19,3,7,11,23,2],[15,23,3,7,11,19,2],[3,11,15,7,23,19,2],[19,11,3,7,15,23,2],[15,23,7,19,3,11,2],[7,3,11,15,19,23,22,2],[15,7,23,11,3,19,22,2],[15,11,3,19,7,23,2],[11,23,19,15,3,7,22,2],[23,3,7,19,15,11,2],[11,15,19,3,23,7,22,2],[15,7,23,19,11,3,2],[23,3,19,7,15,11,22,2],[23,15,19,11,7,3,22,2],[15,3,7,11,19,23,2],[7,19,3,23,11,15,2],[15,7,19,3,11,23,22,2],[7,15,23,19,3,11,22,2],[11,23,3,19,7,15,2],[23,19,15,3,11,7,22,2],[11,23,3,19,15,7,22,2],[11,23,19,15,7,3,22,2],[19,7,11,15,23,3,2],[3,7,19,11,15,23,2],[15,3,11,19,23,7,2],[19,15,7,23,11,3,2],[23,3,15,19,7,11,22,2],[23,19,3,15,7,11,22,2],[23,19,11,3,15,7,22,2],[19,3,23,7,15,11,22,2],[3,7,19,11,23,15,2],[3,11,15,23,19,7,2],[3,23,11,19,7,15,22,2],[7,23,19,3,11,15,2],[19,15,23,7,3,11,2],[19,7,3,11,15,23,22,2],[7,15,3,11,23,19,22,2],[3,19,23,7,11,15,2],[15,23,19,11,7,3,22,2],[19,23,7,3,15,11,22,2],[11,7,15,3,23,19,22,2],[15,3,23,11,19,7,2],[19,7,23,3,11,15,2],[15,11,3,19,23,7,22,2],[3,19,23,11,7,15,2],[7,23,11,15,19,3,22,2],[15,7,19,3,23,11,22,2],[11,23,15,3,19,7,2],[23,3,11,7,15,19,2],[3,11,19,15,23,7,22,2],[7,3,15,11,19,23,2],[7,3,23,11,19,15,2],[3,11,15,19,23,7,22,2],[3,11,7,19,15,23,2],[15,23,3,7,11,19,2],[3,23,15,19,7,11,2],[15,23,7,11,3,19,22,2],[3,7,15,23,19,11,2],[15,23,3,7,19,11,22,2],[19,3,11,7,23,15,2],[11,15,19,7,3,23,2],[11,15,19,3,23,7,22,2],[23,3,7,15,11,19,22,2],[19,23,15,11,3,7,22,2],[15,7,3,11,23,19,22,2],[3,23,11,7,15,19,22,2],[19,23,11,7,3,15,2],[7,19,15,11,3,23,22,2],[15,23,7,3,11,19,2],[3,7,11,19,23,15,2],[23,19,7,3,15,11,2],[23,7,19,3,11,15,22,2],[11,19,3,15,7,23,2],[15,11,23,19,3,7,22,2],[7,19,15,23,11,3,2],[7,11,23,3,19,15,2],[19,11,3,7,23,15,22,2],[15,11,3,7,19,23,2],[15,23,3,7,19,11,22,2],[11,7,19,3,23,15,2],[3,7,15,23,11,19,22,2],[19,15,3,23,7,11,22,2],[23,19,7,3,11,15,22,2],[3,11,19,23,7,15,22,2],[3,11,19,7,23,15,2],[19,3,11,7,15,23,2],[23,3,19,15,11,7,2],[23,11,7,19,15,3,2],[3,19,7,23,11,15,2],[11,3,7,19,23,15,2],[19,3,11,7,15,23,22,2],[7,19,15,11,3,23,2],[3,19,11,23,15,7,2],[11,23,7,15,19,3,2],[19,3,11,23,15,7,2],[3,11,7,19,15,23,2],[19,3,7,15,11,23,2],[23,15,19,3,11,7,22,2],[7,23,15,11,3,19,2],[19,11,7,15,23,3,22,2],[19,15,7,11,3,23,22,2],[11,3,7,15,19,23,2],[11,7,15,23,19,3,2],[19,3,23,7,11,15,22,2],[23,19,11,7,15,3,22,2],[15,19,11,3,7,23,2],[23,3,11,15,19,7,2],[11,19,3,15,23,7,2],[19,23,7,15,11,3,22,2],[11,19,23,7,3,15,22,2],[11,3,19,23,7,15,2],[23,3,15,11,19,7,2],[7,15,23,19,11,3,22,2],[7,11,15,23,3,19,22,2],[7,11,3,19,15,23,2],[19,23,11,7,3,15,2],[23,19,7,15,11,3,2],[3,15,19,11,23,7,22,2],[11,3,19,23,15,7,22,2],[19,3,11,23,7,15,2],[3,7,15,11,19,23,22,2],[23,15,19,7,11,3,22,2],[19,15,7,3,23,11,22,2],[23,15,19,7,3,11,2],[19,11,23,15,7,3,22,2],[15,19,11,7,23,3,2],[15,3,23,19,11,7,22,2],[11,23,3,19,7,15,22,2],[11,15,23,7,19,3,2],[19,15,3,11,23,7,2],[3,11,15,7,19,23,2],[15,23,19,11,3,7,2],[23,3,19,7,15,11,2],[7,15,23,11,3,19,2],[15,7,3,23,19,11,22,2],[7,19,11,15,3,23,22,2],[7,3,23,11,15,19,22,2],[23,7,3,11,19,15,22,2],[19,7,23,11,15,3,22,2],[15,23,11,3,19,7,22,2],[7,23,3,19,11,15,2],[11,7,19,15,23,3,2],[23,11,7,3,19,15,2],[7,11,19,23,15,3,2],[11,19,7,23,15,3,22,2],[11,7,3,19,23,15,22,2],[7,11,15,23,3,19,22,2],[3,11,19,23,7,15,2],[7,3,15,19,11,23,22,2],[3,7,15,23,11,19,2],[11,15,7,19,3,23,22,2],[3,19,15,11,23,7,22,2],[19,7,15,3,23,11,2],[7,3,11,19,23,15,22,2],[3,11,23,15,19,7,2],[7,3,15,19,11,23,2],[23,19,3,7,11,15,2],[19,23,3,15,7,11,2],[23,7,11,3,19,15,22,2],[23,3,15,11,19,7,2],[19,23,15,11,7,3,2],[15,23,3,7,11,19,22,2],[15,23,7,11,3,19,2],[19,23,3,7,15,11,2],[19,23,3,15,7,11,22,2],[19,3,11,23,15,7,2],[7,19,23,3,11,15,2],[15,11,23,19,3,7,22,2],[15,11,23,3,7,19,2],[11,3,23,7,15,19,22,2],[15,11,7,19,23,3,2],[23,15,7,3,19,11,22,2],[3,19,11,23,7,15,22,2],[23,15,3,19,7,11,2],[3,7,15,23,11,19,2],[23,3,15,7,11,19,2],[19,23,3,15,11,7,22,2],[23,3,7,15,19,11,2],[19,7,11,15,3,23,22,2],[19,23,11,15,7,3,2],[7,15,23,3,11,19,2],[23,7,3,19,11,15,2],[7,19,15,11,23,3,2],[3,15,11,19,7,23,22,2],[23,15,11,7,19,3,2],[11,3,15,19,23,7,2],[15,3,23,11,19,7,2],[3,7,23,15,11,19,2],[11,7,19,23,3,15,22,2],[3,11,19,15,23,7,2],[23,15,3,19,7,11,22,2],[23,15,7,11,19,3,2],[23,7,11,19,3,15,22,2],[7,19,3,15,23,11,22,2],[19,15,23,3,7,11,22,2],[23,19,7,11,3,15,2],[15,19,3,7,11,23,2],[3,19,7,11,15,23,2],[15,3,19,11,7,23,22,2],[3,11,23,19,15,7,22,2],[3,7,19,23,11,15,2],[15,23,19,7,3,11,22,2],[19,23,7,3,11,15,2],[23,3,15,19,7,11,22,2],[3,15,7,23,19,11,2],[23,11,15,7,3,19,2],[19,23,11,3,15,7,22,2],[15,11,23,19,7,3,22,2],[23,7,15,11,3,19,2],[11,7,15,23,19,3,2],[19,15,11,23,7,3,2],[7,3,11,15,23,19,22,2],[7,19,3,11,23,15,22,2],[15,11,19,3,23,7,22,2],[15,7,11,23,3,19,2],[11,7,19,23,15,3,22,2],[11,19,7,3,23,15,22,2],[11,19,3,15,23,7,22,2],[23,19,3,7,15,11,2],[3,7,19,23,15,11,2],[19,3,15,23,7,11,22,2],[3,7,23,15,19,11,22,2],[7,19,3,23,15,11,2],[3,19,15,11,23,7,22,2],[15,11,3,23,7,19,22,2],[15,3,7,11,23,19,2],[19,15,11,3,7,23,2],[7,23,11,3,15,19,2],[7,15,19,3,23,11,2],[15,23,11,7,3,19,22,2],[7,19,23,3,11,15,2],[19,15,7,23,3,11,2],[11,7,15,19,3,23,22,2],[19,11,15,7,23,3,22,2],[23,11,15,3,7,19,22,2],[7,11,19,23,15,3,2],[15,19,3,23,11,7,2],[3,23,15,7,19,11,22,2],[11,23,15,3,7,19,2],[19,11,7,15,23,3,22,2],[19,3,23,11,15,7,2],[23,15,7,19,3,11,22,2],[7,23,19,11,3,15,2],[19,7,3,23,11,15,2],[15,23,7,3,19,11,22,2],[11,15,19,23,3,7,2],[15,7,3,11,23,19,22,2],[19,7,23,3,15,11,22,2],[7,19,15,3,11,23,22,2],[7,23,15,11,19,3,2],[19,15,7,23,3,11,22,2],[11,7,19,3,15,23,22,2],[23,15,11,7,3,19,2],[15,23,11,7,3,19,2],[15,7,23,11,19,3,22,2],[19,3,23,15,7,11,22,2],[7,11,15,23,19,3,22,2],[19,3,15,23,11,7,22,2],[19,15,7,11,3,23,22,2],[3,19,23,15,11,7,22,2],[11,3,19,7,23,15,2],[3,23,7,15,11,19,2],[19,11,3,7,23,15,22,2],[23,19,7,15,3,11,2],[15,3,23,11,19,7,2],[7,23,15,19,3,11,22,2],[19,11,7,23,15,3,22,2],[11,3,7,23,19,15,2],[7,3,23,11,19,15,2],[23,19,11,3,7,15,22,2],[15,23,7,19,3,11,2],[7,11,23,3,15,19,2],[7,23,15,19,3,11,22,2],[23,19,15,11,7,3,2],[15,23,19,7,3,11,22,2],[23,19,15,3,11,7,2],[7,3,19,15,11,23,2],[23,15,7,19,3,11,22,2],[11,19,15,7,3,23,2],[15,11,23,7,19,3,2],[19,23,7,11,3,15,22,2],[19,3,7,23,15,11,22,2],[11,15,7,23,3,19,22,2],[19,7,23,3,15,11,22,2],[7,23,19,15,11,3,22,2],[7,11,3,19,23,15,22,2],[7,15,23,11,19,3,22,2],[3,7,19,15,23,11,22,2],[19,7,23,15,11,3,22,2],[3,11,7,23,15,19,2],[19,7,23,3,15,11,2],[15,11,7,3,23,19,2],[11,19,23,7,3,15,2],[15,19,7,11,23,3,2],[7,15,19,23,11,3,22,2],[3,15,19,11,7,23,22,2],[11,3,15,7,19,23,22,2],[11,3,19,23,7,15,2],[15,19,7,11,3,23,22,2],[23,7,19,11,15,3,22,2],[7,3,23,11,15,19,22,2],[11,7,19,15,3,23,22,2],[7,15,19,3,11,23,22,2],[7,3,23,19,15,11,22,2],[19,3,11,23,7,15,22,2],[19,15,3,7,23,11,2],[23,11,15,3,19,7,2],[23,15,11,7,19,3,22,2],[3,7,11,15,19,23,22,2],[19,11,15,3,7,23,2],[15,3,11,19,23,7,22,2],[3,23,7,11,15,19,2],[3,23,11,7,15,19,22,2],[7,19,15,11,3,23,2],[11,23,7,3,15,19,22,2],[19,15,3,11,23,7,22,2],[15,23,3,11,7,19,22,2],[19,3,11,15,7,23,2],[7,11,15,19,23,3,2],[3,7,23,11,19,15,2],[23,3,15,19,11,7,2],[7,11,19,15,3,23,22,2],[7,11,23,15,19,3,22,2],[23,15,19,11,7,3,22,2],[3,11,15,23,7,19,22,2],[3,11,19,23,15,7,2],[11,19,15,23,7,3,22,2],[3,19,15,11,23,7,22,2],[11,23,3,15,19,7,2],[15,11,19,7,23,3,22,2],[11,15,3,19,23,7,22,2],[19,3,23,11,7,15,22,2],[7,19,11,3,23,15,22,2],[19,23,7,11,15,3,22,2],[23,3,11,7,19,15,22,2],[15,3,23,19,7,11,2],[3,19,23,7,15,11,2],[23,3,19,11,7,15,2],[23,3,7,11,15,19,22,2],[3,15,7,19,11,23,22,2],[7,3,19,11,15,23,22,2],[15,23,7,19,11,3,2],[19,23,11,15,3,7,22,2],[7,3,19,23,15,11,2],[23,15,19,7,3,11,22,2],[15,3,11,23,19,7,22,2],[19,15,3,7,11,23,22,2],[15,7,23,3,19,11,22,2],[23,11,15,3,7,19,2],[19,23,7,15,11,3,2],[23,19,15,11,7,3,22,2],[19,11,23,7,15,3,22,2],[23,15,7,11,19,3,22,2],[3,19,15,7,11,23,22,2],[3,23,15,7,19,11,22,2],[23,3,7,15,11,19,22,2],[23,11,3,7,19,15,2],[11,19,23,7,15,3,2],[7,11,19,3,15,23,22,2],[3,23,15,7,19,11,22,2],[23,15,3,19,11,7,22,2],[11,15,19,7,3,23,2],[19,7,11,15,23,3,22,2],[15,3,19,23,7,11,22,2],[11,23,7,15,3,19,22,2],[19,23,15,11,3,7,22,2],[19,15,11,23,7,3,22,2],[7,11,23,15,19,3,2],[7,23,15,19,11,3,2],[11,7,19,3,15,23,2],[7,15,19,11,23,3,22,2],[3,11,23,7,19,15,22,2]],"n_human":11}