{"problem_id":"egiGMVVCgtd1M6z","sigma":75,"alpha":0.100,"cost":1,"probabilities":"[0.45, 0.48, 0.01, 0.06]","payoff_matrix":"[[28, -48, -88, 120, -240, 63], [-91, 85, 14, -15, 100, -14], [-30, -17, 81, 116, -62, -23], [19, 17, -109, 12, 38, -7]]","uncovered":[[10,22,2,14,18,9,6,5],[14,10,2,6,5,9,22,18,17,21],[6,2,22,18,17,14,10,9],[10,2,14,6,5,9,22,18,17,21],[14,18,10,9,22,2,6,5,17,21],[10,22,6,5,9,2,14,18,17,21],[10,6,9,18,17,14,2,22],[14,6,2,18,17,10,5,9,22,21],[10,22,14,6,5,9,18,17,2,21],[14,2,18,10,9,6,17,22],[10,6,9,14,22,18,5,17,2,21],[14,2,18,22,6,17,10,9],[2,18,14,22,6,17,10,5,9,21],[22,6,10,9,14,2,18,5],[10,6,5,9,14,22,18,17,2,21],[6,2,22,10,9,18,17,14],[22,2,14,6,18,5,17,10,9,21],[2,14,6,10,5,9,22,18,17,21],[6,10,5,9,22,14,2,18,17,21],[6,14,2,18,17,22,10,9],[22,14,6,18,17,2,10,5,9,21],[18,6,17,22,14,10,5,9,2,21],[14,22,6,10,5,9,2,18],[18,22,14,2,6,17,10,9],[2,22,18,14,6,5,17,10,9,21],[18,14,22,10,9,2,6,5,17,21],[2,18,6,17,10,9,14,22],[6,22,18,17,14,10,9,2],[10,18,17,6,9,2,22,14],[2,6,10,9,22,18,5,17,14,21],[2,14,10,6,9,22,18,17],[10,2,6,5,9,18,17,14,22,21],[14,10,22,2,6,5,9,18],[18,14,22,2,10,9,6,17],[22,14,18,6,5,17,10,9,2,21],[18,2,6,17,10,5,9,22,14,21],[10,22,14,18,9,2,6,17],[22,2,6,10,5,9,18,17,14,21],[10,14,18,9,2,6,5,17,22,21],[6,18,17,14,22,2,10,9],[14,10,18,9,2,22,6,5,17,21],[10,6,9,14,22,2,18,17],[10,6,5,9,22,2,18,17,14,21],[14,22,2,18,6,17,10,9],[2,18,10,9,6,5,17,22,14,21],[22,18,10,17,14,6,9,2],[18,10,9,14,6,5,17,22,2,21],[18,10,17,2,22,6,9,14],[14,6,22,10,5,9,2,18],[10,14,22,18,9,6,17,2],[18,22,2,10,9,6,17,14],[6,22,14,2,10,5,9,18,17,21],[18,2,6,5,17,22,10,9,14,21],[14,10,18,17,6,9,22,2],[22,10,18,9,6,17,2,14],[2,10,6,5,9,14,22,18,17,21],[10,6,5,9,14,18,17,22,2,21],[14,6,10,9,18,5,17,2,22,21],[6,10,9,14,18,17,22,2],[22,14,6,10,9,2,18,5,17,21],[10,6,9,18,5,17,2,22,14,21],[14,6,18,5,17,22,2,10,9,21],[14,10,18,9,6,5,17,22,2,21],[2,14,22,6,18,17,10,9],[14,18,22,10,17,6,5,9,2,21],[22,2,6,18,5,17,10,9,14,21],[10,18,17,22,2,6,9,14],[18,2,14,22,10,17,6,9],[14,6,22,10,5,9,18,17,2,21],[10,6,5,9,22,18,17,2,14,21],[2,14,10,18,17,22,6,9],[2,14,10,6,9,18,17,22],[10,6,5,9,2,18,17,14,22,21],[22,14,18,2,10,9,6,17],[22,14,10,18,9,6,5,17,2,21],[10,22,2,18,9,6,5,17,14,21],[6,18,17,14,22,10,5,9,2,21],[10,22,2,6,5,9,14,18,17,21],[18,10,9,22,6,5,17,2,14,21],[2,22,6,18,5,17,14,10,9,21],[6,10,9,18,17,14,2,22],[10,2,18,17,6,5,9,14,22,21],[22,18,14,6,5,17,2,10,9,21],[6,2,18,17,10,5,9,22,14,21],[2,10,18,9,22,14,6,5,17,21],[14,6,10,5,9,22,18,17,2,21],[6,2,18,5,17,10,9,22,14,21],[10,18,17,6,9,14,2,22],[14,6,18,17,2,10,9,22],[22,10,18,17,14,6,5,9,2,21],[22,2,18,10,9,14,6,17],[2,14,6,18,5,17,10,9,22,21],[14,18,22,2,6,5,17,10,9,21],[18,22,10,17,2,14,6,5,9,21],[18,10,17,22,2,14,6,9],[2,6,10,9,22,18,17,14],[18,14,2,10,9,6,17,22],[14,18,10,9,2,22,6,5,17,21],[10,22,6,9,14,2,18,5,17,21],[6,10,9,2,18,17,22,14],[2,18,22,6,5,17,10,9,14,21],[14,10,6,5,9,2,18,17,22,21],[2,6,18,5,17,22,10,9,14,21],[2,14,6,18,17,22,10,5,9,21],[14,10,6,5,9,2,18,17,22,21],[14,10,22,18,9,6,17,2],[22,6,18,5,17,14,2,10,9,21],[14,22,10,2,18,9,6,17],[10,6,5,9,14,2,22,18,17,21],[14,2,10,22,6,5,9,18,17,21],[10,14,2,22,18,17,6,5,9,21],[18,14,22,6,17,10,5,9,2,21],[14,10,22,18,17,6,9,2],[18,2,6,17,14,10,9,22],[6,10,5,9,2,18,17,22,14,21],[22,2,18,6,5,17,14,10,9,21],[2,14,6,22,10,9,18,17],[18,14,6,5,17,22,10,9,2,21],[18,14,10,17,6,5,9,2,22,21],[22,6,14,10,9,2,18,17],[14,18,6,5,17,10,9,2,22,21],[22,6,14,2,10,9,18,17],[14,18,10,17,6,9,2,22],[10,18,17,22,6,9,2,14],[18,22,14,10,9,6,5,17,2,21],[22,10,14,6,5,9,2,18,17,21],[10,22,14,6,9,2,18,17],[6,10,9,2,18,5,17,22,14,21],[18,14,6,5,17,2,22,10,9,21],[18,6,17,10,9,14,22,2],[2,10,18,17,14,6,5,9,22,21],[10,22,6,9,14,18,17,2],[10,6,9,22,14,2,18,17],[22,10,2,14,18,17,6,5,9,21],[14,18,6,5,17,22,2,10,9,21],[6,22,10,9,2,14,18,17],[14,18,10,9,22,6,5,17,2,21],[6,2,18,17,10,9,14,22],[6,10,5,9,22,18,17,14,2,21],[6,10,9,2,18,5,17,14,22,21],[14,22,2,18,10,17,6,9],[22,2,10,6,9,14,18,5],[6,22,18,5,17,2,10,9,14,21],[10,14,18,17,6,5,9,2,22,21],[14,22,10,18,17,2,6,5,9,21],[2,18,10,17,6,5,9,22,14,21],[14,22,10,6,9,2,18,5],[14,22,10,18,9,6,5,17,2,21],[2,18,6,17,14,10,5,9,22,21],[18,10,9,22,2,14,6,5],[2,6,14,10,9,22,18,17],[14,10,6,9,2,22,18,17],[10,14,18,17,22,2,6,9],[22,6,10,9,2,18,5,17,14,21],[10,22,2,14,18,9,6,5],[18,14,10,17,6,5,9,22,2,21],[22,6,2,10,9,18,17,14],[6,10,5,9,2,14,18,17,22,21],[2,14,6,10,9,18,17,22],[22,10,6,5,9,2,14,18,17,21],[6,10,9,2,18,5,17,14,22,21],[2,10,14,18,17,6,9,22],[18,10,17,14,6,9,2,22],[6,14,18,17,2,10,5,9,22,21],[10,18,9,22,6,17,2,14],[6,10,9,22,18,5,17,2,14,21],[10,2,22,6,5,9,14,18,17,21],[10,18,9,14,6,5,17,22,2,21],[22,6,2,10,9,18,5,17,14,21],[6,18,5,17,10,9,22,14,2,21],[22,2,14,18,10,9,6,17],[2,10,6,5,9,14,18,17,22,21],[18,22,14,2,6,5,17,10,9,21],[22,6,10,5,9,18,17,2,14,21],[10,6,5,9,14,2,18,17,22,21],[6,14,10,5,9,22,2,18,17,21],[22,10,18,9,14,2,6,5],[18,6,5,17,2,22,14,10,9,21],[14,2,10,18,17,6,5,9,22,21],[10,2,6,5,9,22,18,17,14,21],[18,2,10,9,6,17,14,22],[18,2,22,10,9,14,6,17],[6,22,18,5,17,14,2,10,9,21],[6,18,17,14,10,5,9,2,22,21],[10,14,6,5,9,18,17,22,2,21],[14,10,18,17,22,6,9,2],[6,10,5,9,14,18,17,22,2,21],[14,22,18,2,10,9,6,5],[14,10,2,6,9,22,18,5,17,21],[2,22,10,14,6,9,18,5,17,21],[18,10,9,22,14,6,17,2],[10,6,5,9,22,14,18,17,2,21],[10,6,9,14,2,18,5,17,22,21],[18,2,10,9,14,22,6,17],[14,22,2,10,6,9,18,17],[22,2,18,6,5,17,14,10,9,21],[2,22,18,6,17,14,10,9],[6,18,17,2,22,14,10,9],[6,22,18,5,17,10,9,14,2,21],[22,14,6,2,18,5,17,10,9,21],[14,6,18,5,17,2,10,9,22,21],[6,22,18,5,17,14,2,10,9,21],[18,10,9,22,14,6,5,17,2,21],[14,6,2,22,10,5,9,18],[6,18,5,17,2,22,10,9,14,21],[22,6,10,9,14,18,5,17,2,21],[6,10,5,9,22,14,2,18,17,21],[22,6,2,10,9,14,18,5,17,21],[18,22,10,17,14,2,6,9],[6,18,17,10,9,2,22,14],[10,14,2,18,9,6,17,22],[2,18,14,10,9,6,17,22],[18,22,2,6,17,14,10,9],[2,6,14,18,5,17,22,10,9,21],[14,10,22,18,9,6,5,17,2,21],[10,18,9,2,14,6,17,22],[18,6,5,17,2,14,22,10,9,21],[2,14,6,18,17,10,5,9,22,21],[6,18,17,22,14,10,9,2],[10,2,6,9,14,22,18,17],[18,22,10,17,6,5,9,2,14,21],[14,18,2,10,17,22,6,5,9,21],[6,22,2,10,5,9,18,17,14,21],[6,14,22,2,10,9,18,17],[14,22,2,6,18,5,17,10,9,21],[6,10,9,14,18,5,17,2,22,21],[6,10,9,14,18,5,17,2,22,21],[6,2,18,5,17,10,9,14,22,21],[18,6,17,10,5,9,2,14,22,21],[22,2,6,18,17,10,5,9,14,21],[18,22,14,10,9,2,6,17],[14,6,2,22,18,5,17,10,9,21],[6,14,10,5,9,2,18,17,22,21],[6,2,10,9,22,18,17,14],[6,14,10,9,2,22,18,5,17,21],[6,14,10,9,22,18,5,17,2,21],[14,6,22,10,5,9,18,17,2,21],[22,10,18,17,6,5,9,14,2,21],[22,6,10,5,9,18,17,14,2,21],[2,10,22,14,18,9,6,5,17,21],[14,2,6,18,17,22,10,5,9,21],[10,22,2,18,9,6,17,14],[6,18,17,22,10,9,14,2],[18,14,22,2,6,17,10,5,9,21],[10,6,5,9,22,18,17,14,2,21],[22,6,14,2,18,5,17,10,9,21],[18,10,9,22,2,6,5,17,14,21],[14,6,22,10,9,18,17,2],[6,14,2,22,18,5,17,10,9,21],[6,18,5,17,2,14,22,10,9,21],[2,18,22,6,5,17,10,9,14,21],[6,14,10,5,9,2,22,18],[6,2,14,22,10,9,18,5,17,21],[18,10,9,22,6,5,17,2,14,21],[14,10,6,5,9,18,17,22,2,21],[2,6,14,18,5,17,22,10,9,21],[2,14,18,10,9,6,17,22],[6,22,18,17,2,10,9,14],[22,10,14,18,17,6,5,9,2,21],[14,6,2,18,5,17,10,9,22,21],[2,10,18,9,14,6,5,17,22,21],[6,14,22,2,10,5,9,18],[22,14,2,18,10,17,6,5,9,21],[6,10,5,9,14,18,17,2,22,21],[2,22,18,6,5,17,10,9,14,21],[6,14,2,18,17,10,9,22],[6,2,14,18,17,22,10,9],[14,6,22,2,18,5,17,10,9,21],[14,18,22,6,5,17,2,10,9,21],[6,10,5,9,14,22,18,17,2,21],[10,6,9,22,18,17,2,14],[14,10,6,9,18,17,2,22],[6,18,5,17,2,22,14,10,9,21],[10,22,6,5,9,14,2,18],[18,14,10,9,6,5,17,2,22,21],[14,6,10,5,9,22,2,18,17,21],[18,22,14,2,10,17,6,9],[18,10,9,14,2,6,17,22],[14,22,2,6,10,9,18,5],[18,6,17,14,22,2,10,5,9,21],[10,18,17,22,2,14,6,5,9,21],[14,6,18,5,17,22,2,10,9,21],[22,6,2,10,5,9,18,17,14,21],[6,18,5,17,2,10,9,14,22,21],[18,10,9,14,22,6,5,17,2,21],[22,14,2,10,6,9,18,17],[6,18,17,2,14,10,9,22],[22,6,18,5,17,2,14,10,9,21],[22,6,18,5,17,2,14,10,9,21],[22,14,2,10,18,9,6,5,17,21],[22,6,10,9,14,2,18,17],[6,22,18,5,17,2,14,10,9,21],[10,22,18,9,14,2,6,5],[18,10,17,2,6,5,9,22,14,21],[14,2,6,18,17,22,10,5,9,21],[22,2,6,14,10,9,18,5,17,21],[6,22,14,18,17,2,10,5,9,21],[22,10,14,6,9,2,18,17],[14,22,2,10,18,9,6,17],[22,14,2,10,6,9,18,5],[22,2,10,14,6,9,18,5,17,21],[18,10,17,22,6,9,14,2],[6,10,9,22,2,18,5,17,14,21],[14,10,22,2,18,17,6,5,9,21],[10,18,9,2,22,6,17,14],[18,6,17,14,22,10,9,2],[6,2,22,10,9,18,5,17,14,21],[2,6,22,14,18,5,17,10,9,21],[6,14,10,9,18,5,17,2,22,21],[10,2,6,5,9,18,17,14,22,21],[22,18,6,17,10,5,9,14,2,21],[14,2,22,10,18,9,6,5,17,21],[6,22,14,10,9,2,18,17],[14,22,6,10,5,9,18,17,2,21],[10,14,18,17,2,6,9,22],[10,22,18,9,2,14,6,17],[22,10,18,17,14,2,6,5,9,21],[2,10,6,9,18,17,14,22],[10,22,14,2,6,9,18,17],[6,10,9,14,22,2,18,5,17,21],[22,10,14,18,17,6,5,9,2,21],[10,22,18,17,2,14,6,9],[2,14,6,22,10,5,9,18,17,21],[14,18,10,9,22,6,17,2],[22,2,18,6,5,17,10,9,14,21],[18,22,10,9,2,14,6,17],[6,2,18,5,17,10,9,14,22,21],[2,6,18,5,17,22,10,9,14,21],[14,18,2,22,6,5,17,10,9,21],[10,14,6,9,2,18,17,22],[22,18,2,14,6,17,10,9],[6,10,5,9,18,17,22,2,14,21],[10,22,14,18,17,2,6,5,9,21],[2,18,22,10,17,6,5,9,14,21],[14,22,10,6,9,18,17,2],[18,6,5,17,2,14,22,10,9,21],[2,10,18,17,6,9,14,22],[2,14,18,10,9,6,17,22],[10,2,22,18,9,14,6,5],[18,10,17,2,6,5,9,22,14,21],[22,18,6,17,14,2,10,9],[18,6,17,22,14,10,5,9,2,21],[18,22,2,14,10,9,6,17],[6,22,14,18,5,17,2,10,9,21],[6,22,10,9,18,5,17,14,2,21],[2,18,10,17,22,6,5,9,14,21],[10,18,9,2,6,5,17,22,14,21],[2,10,22,18,9,14,6,5,17,21],[6,2,14,10,5,9,18,17,22,21],[6,14,2,22,10,5,9,18,17,21],[18,14,6,17,22,2,10,9],[18,14,22,10,17,6,9,2],[14,18,2,6,17,22,10,5,9,21],[14,22,18,10,17,6,9,2],[6,2,22,10,5,9,14,18],[10,6,5,9,18,17,22,2,14,21],[14,10,2,18,9,22,6,5,17,21],[18,22,14,6,5,17,2,10,9,21],[22,18,14,6,5,17,10,9,2,21],[10,2,22,6,9,14,18,17],[22,6,2,10,9,14,18,17],[10,6,9,2,14,22,18,17],[18,14,10,17,22,6,9,2],[22,6,2,18,5,17,10,9,14,21],[18,22,10,17,6,5,9,2,14,21],[22,10,6,5,9,2,14,18,17,21],[22,18,2,14,10,17,6,5,9,21],[22,10,14,6,9,18,17,2],[14,10,18,9,22,2,6,5,17,21],[22,10,2,14,6,9,18,17],[14,22,18,2,6,17,10,9],[22,6,2,10,5,9,18,17,14,21],[6,10,9,14,18,17,2,22],[18,10,17,14,6,5,9,22,2,21],[22,6,18,17,10,9,14,2],[6,18,5,17,10,9,2,14,22,21],[22,6,10,9,14,18,5,17,2,21],[2,22,6,10,5,9,14,18,17,21],[2,6,22,10,5,9,18,17,14,21],[10,6,5,9,18,17,2,22,14,21],[6,2,14,18,17,10,5,9,22,21],[18,14,10,9,6,5,17,2,22,21],[2,22,14,18,6,17,10,5,9,21],[6,2,18,5,17,14,10,9,22,21],[6,2,22,18,17,10,5,9,14,21],[10,18,17,14,6,5,9,22,2,21],[6,18,17,22,14,10,5,9,2,21],[10,2,22,18,17,6,9,14],[14,2,6,22,10,5,9,18],[6,14,22,18,5,17,2,10,9,21],[2,6,22,14,10,5,9,18],[22,2,14,6,10,9,18,5,17,21],[18,2,14,6,5,17,10,9,22,21],[6,22,10,9,2,18,17,14],[2,6,14,22,10,5,9,18,17,21],[14,2,10,6,5,9,22,18,17,21],[14,6,2,22,18,17,10,9],[22,6,18,5,17,14,10,9,2,21],[14,22,6,18,17,2,10,5,9,21],[18,14,2,10,17,22,6,9],[22,10,6,5,9,2,18,17,14,21],[2,10,22,18,17,6,5,9,14,21],[6,2,14,18,5,17,10,9,22,21],[18,2,10,17,14,22,6,5,9,21],[22,14,18,10,9,6,5,17,2,21],[2,10,18,9,14,22,6,17],[22,6,2,18,5,17,14,10,9,21],[6,10,9,18,17,22,2,14],[2,18,10,17,22,6,5,9,14,21],[18,2,10,9,6,17,22,14],[10,22,18,17,2,14,6,5,9,21],[18,2,6,5,17,14,22,10,9,21],[6,18,17,14,22,10,5,9,2,21],[14,2,22,10,6,5,9,18,17,21],[6,14,10,5,9,18,17,2,22,21],[14,6,22,18,5,17,2,10,9,21],[18,22,10,9,2,6,17,14],[6,14,2,22,18,5,17,10,9,21],[2,22,14,18,10,9,6,5,17,21],[10,14,18,9,22,2,6,17],[2,10,22,18,9,14,6,5],[18,2,6,17,14,10,9,22],[6,2,14,10,9,18,17,22],[6,22,18,5,17,14,10,9,2,21],[6,14,10,5,9,2,22,18],[22,18,14,2,10,9,6,5,17,21],[14,10,18,17,6,5,9,22,2,21],[14,22,2,18,6,5,17,10,9,21],[22,18,10,17,6,9,14,2],[18,2,14,10,17,22,6,5,9,21],[18,10,17,14,22,6,9,2],[22,10,2,14,18,9,6,5,17,21],[14,10,18,9,6,17,22,2],[2,14,22,6,10,9,18,17],[14,18,10,17,22,6,9,2],[6,10,5,9,18,17,2,22,14,21],[14,10,6,5,9,2,18,17,22,21],[6,10,5,9,14,22,2,18,17,21],[6,10,5,9,22,2,18,17,14,21],[6,22,10,5,9,2,18,17,14,21],[14,2,6,10,9,18,17,22],[6,10,9,2,14,18,5,17,22,21],[6,14,18,17,2,10,9,22],[18,14,22,10,17,6,9,2],[14,10,2,18,9,6,5,17,22,21],[22,6,2,14,10,5,9,18,17,21],[10,6,5,9,2,18,17,22,14,21],[18,14,6,5,17,22,10,9,2,21],[6,10,9,18,17,14,22,2],[6,18,5,17,14,22,10,9,2,21],[10,6,5,9,14,22,2,18],[10,2,22,18,17,14,6,9],[2,6,22,14,10,5,9,18,17,21],[14,2,22,18,6,5,17,10,9,21],[2,10,6,9,22,18,17,14],[10,22,18,9,2,14,6,17],[10,14,22,6,5,9,2,18,17,21],[22,2,18,14,10,9,6,5,17,21],[22,18,14,6,17,10,9,2],[22,18,10,9,6,5,17,14,2,21],[18,10,9,14,22,6,5,17,2,21],[2,18,22,6,17,10,5,9,14,21],[18,14,2,6,5,17,10,9,22,21],[2,14,18,22,6,17,10,9],[22,2,10,18,9,6,17,14],[10,6,9,2,18,17,22,14],[18,10,17,2,6,5,9,22,14,21],[18,10,9,2,14,22,6,5,17,21],[2,6,22,10,9,14,18,5,17,21],[10,22,14,18,17,2,6,5,9,21],[22,6,2,18,17,10,5,9,14,21],[14,6,10,9,22,18,5,17,2,21],[14,18,22,2,6,17,10,5,9,21],[10,18,17,6,9,2,22,14],[18,22,2,6,17,10,5,9,14,21],[2,6,10,9,14,18,17,22],[10,22,18,9,2,6,17,14],[2,22,10,6,9,14,18,5,17,21],[22,14,10,18,9,6,5,17,2,21],[10,6,9,18,17,22,2,14],[10,2,6,5,9,22,14,18,17,21],[2,14,18,10,17,22,6,9],[22,6,14,2,18,5,17,10,9,21],[18,22,10,9,2,6,5,17,14,21],[18,2,22,10,9,6,5,17,14,21],[10,22,14,18,17,2,6,5,9,21],[10,2,14,18,9,6,5,17,22,21],[22,18,2,10,17,6,5,9,14,21],[22,18,14,6,17,2,10,9],[14,10,2,18,9,22,6,17],[22,18,10,17,6,9,14,2],[14,22,18,6,5,17,2,10,9,21],[22,14,2,6,10,9,18,17],[18,2,10,17,6,5,9,14,22,21],[22,14,6,18,17,10,9,2],[14,2,18,10,9,6,17,22],[10,18,9,6,5,17,22,2,14,21],[14,18,22,10,9,2,6,17],[14,18,6,17,2,10,9,22],[14,6,10,5,9,22,18,17,2,21],[10,22,6,9,14,18,17,2],[22,14,6,2,18,5,17,10,9,21],[2,14,22,10,18,9,6,5,17,21],[22,14,2,18,6,5,17,10,9,21],[2,10,18,9,6,5,17,22,14,21],[6,18,17,22,10,5,9,14,2,21],[2,6,22,14,10,9,18,17],[18,2,14,6,5,17,22,10,9,21],[2,22,10,14,6,5,9,18,17,21],[2,6,14,22,10,5,9,18,17,21],[6,18,5,17,2,14,22,10,9,21],[6,2,22,10,9,14,18,5],[22,14,2,6,18,17,10,9],[2,22,10,6,5,9,18,17,14,21],[6,2,10,9,14,18,17,22],[6,14,10,9,18,5,17,2,22,21],[14,22,18,6,17,10,5,9,2,21],[22,6,18,17,2,14,10,5,9,21],[2,18,10,17,22,14,6,9],[6,14,18,5,17,10,9,22,2,21],[22,2,6,18,5,17,10,9,14,21],[14,6,2,18,5,17,10,9,22,21],[6,2,14,22,10,5,9,18],[22,6,10,5,9,14,18,17,2,21],[10,18,9,6,17,14,2,22],[6,22,18,5,17,2,14,10,9,21],[6,14,22,2,10,5,9,18,17,21],[18,6,5,17,14,22,10,9,2,13],[14,6,18,5,17,22,2,10,9,21],[6,14,18,17,10,5,9,22,2,21],[18,10,17,6,5,9,22,2,14,21],[14,2,22,10,6,9,18,17],[14,10,2,6,5,9,18,17,22,21],[18,14,2,10,9,22,6,17],[18,14,6,5,17,2,10,9,22,21],[10,22,6,5,9,14,18,17,2,21],[14,22,10,6,9,18,17,2],[6,22,2,18,5,17,14,10,9,21],[2,6,22,18,5,17,14,10,9,21],[18,6,17,10,9,2,14,22],[14,2,10,22,18,17,6,9],[10,18,17,2,6,9,14,22],[10,2,22,18,17,6,9,14],[10,2,22,6,5,9,14,18,17,21],[18,14,22,2,6,5,17,10,9,21],[2,22,18,6,17,10,9,14],[14,2,10,18,17,6,9,22],[6,22,10,5,9,14,2,18],[10,14,22,6,5,9,18,17,2,21],[10,2,6,9,14,18,5,17,22,21],[14,6,2,10,5,9,18,17,22,21],[6,22,2,10,9,18,17,14],[2,6,18,17,14,22,10,9],[22,10,2,14,6,9,18,17],[18,10,17,14,2,22,6,9],[10,22,6,5,9,2,14,18,17,21],[10,14,6,9,22,2,18,17],[6,10,5,9,14,18,17,22,2,21],[2,22,18,6,17,10,9,14],[22,2,10,18,17,14,6,9],[10,14,6,5,9,18,17,2,22,21],[10,18,9,22,14,2,6,5,17,21],[22,14,10,18,17,2,6,9],[10,18,9,2,22,6,5,17,14,21],[10,2,22,18,9,14,6,17],[6,2,22,10,9,18,17,14],[2,18,6,17,10,9,22,14],[22,2,18,10,9,6,5,17,14,21],[22,2,10,14,18,9,6,17],[10,14,2,22,6,5,9,18,17,21],[14,2,18,22,6,17,10,5,9,21],[18,6,17,14,22,2,10,5,9,21],[10,18,17,2,14,6,9,22],[14,10,6,9,18,17,22,2],[22,14,6,10,5,9,2,18,17,21],[22,18,2,14,6,17,10,9],[22,2,10,6,5,9,18,17,14,21],[2,22,14,18,6,17,10,5,9,21],[22,10,6,9,18,5,17,14,2,21],[18,22,14,6,5,17,2,10,9,21],[2,6,10,9,18,17,22,14],[10,6,9,14,22,2,18,17],[18,22,2,14,6,17,10,9],[6,14,2,10,5,9,18,17,22,21],[14,10,18,9,6,5,17,2,22,21],[22,2,14,10,18,9,6,5,17,21],[6,18,5,17,14,10,9,22,2,21],[22,18,2,10,17,14,6,9],[10,2,18,17,6,5,9,22,14,21],[10,14,22,18,17,6,9,2],[2,6,18,5,17,14,22,10,9,21],[14,10,22,2,18,9,6,17],[14,18,2,10,9,6,5,17,22,21],[18,22,2,10,17,14,6,9],[18,14,10,17,2,22,6,9],[18,14,6,17,2,10,5,9,22,21],[10,22,6,9,14,18,5,17,2,21],[6,14,18,17,2,10,5,9,22,21],[2,14,18,6,5,17,22,10,9,21],[14,18,2,6,17,10,5,9,22,21],[22,2,18,14,10,17,6,5,9,21],[18,2,14,6,17,10,5,9,22,21],[18,2,14,22,10,17,6,9],[14,10,22,18,9,2,6,5,17,21],[2,22,6,10,9,14,18,5,17,21],[6,22,10,9,14,2,18,17],[14,10,22,18,9,2,6,17],[10,22,6,5,9,18,17,14,2,21],[22,18,2,14,6,5,17,10,9,21],[6,14,18,17,2,10,5,9,22,21],[18,6,17,22,14,2,10,5,9,21],[18,22,2,6,17,14,10,5,9,21],[22,2,6,10,5,9,18,17,14,21],[22,6,18,17,10,9,2,14],[10,6,5,9,2,22,18,17,14,21],[22,18,6,5,17,2,10,9,14,21],[18,22,10,9,2,6,5,17,14,21],[2,6,22,10,9,18,5,17,14,21],[10,2,6,9,14,22,18,17],[2,6,10,5,9,18,17,22,14,21],[6,18,5,17,2,10,9,14,22,21],[6,14,2,18,17,10,9,22],[6,10,9,2,14,18,5,17,22,21],[10,6,9,2,22,14,18,5,17,21],[14,18,6,17,10,5,9,22,2,21],[14,18,22,10,17,6,5,9,2,21],[2,6,14,22,10,9,18,17],[10,2,18,17,6,9,14,22],[18,10,17,6,9,22,14,2],[14,18,2,10,9,6,17,22],[2,18,6,5,17,14,10,9,22,21],[22,6,18,17,10,5,9,14,2,21],[22,10,6,9,14,2,18,17],[18,22,2,10,17,6,5,9,14,21],[14,18,6,5,17,22,10,9,2,21],[10,6,5,9,22,14,2,18,17,21],[2,10,18,9,22,14,6,5,17,21],[18,6,5,17,10,9,14,22,2,21],[18,6,5,17,22,2,10,9,14,21],[10,18,9,14,2,6,17,22],[22,14,18,2,6,17,10,5,9,21],[14,10,22,2,18,17,6,9],[18,14,6,5,17,10,9,2,22,21],[22,2,10,18,17,6,5,9,14,21],[6,10,9,2,18,5,17,14,22,21],[6,14,22,10,5,9,18,17,2,21],[22,18,2,14,10,9,6,5,17,21],[14,2,6,10,5,9,18,17,22,21],[22,18,10,17,2,6,9,14],[2,18,10,17,14,22,6,5,9,21],[14,18,6,5,17,2,22,10,9,21],[10,22,14,6,5,9,2,18,17,21],[18,10,9,14,6,17,22,2],[10,22,14,6,9,18,5,17,2,21],[14,18,22,10,9,2,6,17],[14,22,10,6,5,9,2,18],[22,10,18,17,2,14,6,5,9,21],[14,6,2,10,5,9,18,17,22,21],[22,10,2,14,18,17,6,9],[18,22,2,14,10,9,6,5,17,21],[10,2,14,6,5,9,22,18,17,21],[6,14,10,5,9,2,22,18,17,21],[6,2,14,22,18,5,17,10,9,21],[2,14,22,6,10,5,9,18,17,21],[22,6,14,2,18,5,17,10,9,21],[2,14,6,10,9,22,18,17],[14,10,6,5,9,2,22,18,17,21],[22,18,6,5,17,14,10,9,2,21],[10,18,9,2,22,6,5,17,14,21],[18,22,10,9,2,6,17,14],[6,18,5,17,14,22,2,10,9,21],[2,14,18,22,10,9,6,17],[14,22,2,18,6,5,17,10,9,21],[14,2,6,18,17,22,10,9],[18,22,10,9,6,17,2,14],[2,14,18,6,17,10,5,9,22,21],[14,22,6,18,17,2,10,9],[10,2,14,6,9,18,5,17,22,21],[18,2,14,10,17,22,6,5,9,21],[10,14,22,6,9,18,17,2],[6,22,2,10,9,18,5,17,14,21],[2,6,10,5,9,18,17,22,14,21],[18,2,6,17,10,9,14,22],[10,2,6,9,18,5,17,14,22,21],[6,2,18,17,22,14,10,5,9,21],[14,2,22,18,6,5,17,10,9,21],[18,10,9,2,6,5,17,22,14,21],[10,14,18,17,2,22,6,9],[22,2,18,6,5,17,14,10,9,21],[18,6,17,2,14,10,9,22],[22,2,6,14,10,9,18,17],[18,14,2,22,6,17,10,9],[14,10,2,18,17,6,5,9,22,21],[14,22,10,6,5,9,2,18,17,21],[2,6,14,10,9,22,18,5],[10,18,17,14,2,6,5,9,22,21],[22,2,10,18,17,6,5,9,14,21],[6,18,17,2,14,22,10,5,9,21],[22,18,2,6,17,14,10,5,9,21],[6,2,10,5,9,22,18,17,14,21],[6,2,14,22,18,5,17,10,9,21],[10,6,9,2,22,14,18,17],[22,10,6,5,9,14,2,18],[22,18,14,10,9,6,5,17,2,21],[2,18,14,22,6,17,10,5,9,21],[6,22,18,5,17,10,9,14,2,21],[2,22,6,10,5,9,14,18,17,21],[2,6,14,10,9,22,18,17],[2,14,6,10,9,18,17,22],[14,6,2,10,9,18,17,22],[14,18,22,10,9,6,17,2],[10,18,9,14,6,17,22,2],[6,22,18,17,10,5,9,2,14,21],[18,14,10,17,6,9,22,2],[14,22,18,10,9,2,6,17],[6,18,5,17,2,22,14,10,9,21],[10,14,22,18,9,2,6,5,17,21],[2,22,14,18,10,9,6,5,17,21],[10,2,14,22,18,9,6,17],[14,18,10,9,22,2,6,5,17,21],[6,14,18,5,17,2,22,10,9,21],[6,2,10,5,9,22,18,17,14,21],[10,22,14,2,6,9,18,5,17,21],[18,10,9,22,14,2,6,5,17,21],[6,14,22,10,5,9,2,18,17,21],[6,22,14,18,17,10,9,2],[6,22,2,14,10,5,9,18,17,21],[22,2,18,10,9,14,6,17],[6,10,5,9,22,14,18,17,2,21],[22,2,6,14,18,17,10,9],[14,18,2,22,10,9,6,5],[14,22,10,6,5,9,2,18],[6,18,17,2,14,22,10,5,9,21],[2,10,6,9,22,14,18,17],[2,18,10,17,6,5,9,22,14,21],[22,14,2,6,10,5,9,18,17,21],[22,10,14,6,9,2,18,17],[22,18,10,17,14,6,5,9,2,21],[10,6,9,22,14,18,17,2],[18,6,17,14,10,9,2,22],[10,18,9,2,6,17,14,22],[10,6,5,9,14,2,18,17,22,21],[22,14,18,6,5,17,10,9,2,21],[18,10,17,22,14,6,9,2],[14,10,18,17,2,22,6,9],[22,18,14,2,6,5,17,10,9,21],[2,14,6,18,17,22,10,5,9,21],[14,10,2,6,9,18,5,17,22,21],[14,22,18,2,6,5,17,10,9,21],[14,6,18,5,17,10,9,22,2,21],[6,2,18,5,17,22,10,9,14,21],[2,14,18,10,17,6,5,9,22,21],[6,2,18,17,22,14,10,9],[14,18,10,9,22,2,6,17],[6,10,9,22,14,2,18,17],[10,14,22,6,9,2,18,17],[22,18,6,17,2,14,10,5,9,21],[10,22,18,17,14,2,6,5,9,21],[18,2,22,14,10,17,6,9],[14,10,6,5,9,22,2,18,17,21],[18,10,17,2,22,14,6,5,9,21],[14,6,10,5,9,22,18,17,2,21],[18,14,10,17,6,5,9,22,2,21],[22,6,10,9,18,5,17,14,2,21],[18,14,22,10,9,2,6,5,17,21],[14,18,2,10,9,22,6,17],[10,22,18,17,6,9,14,2],[2,6,18,5,17,10,9,14,22,21],[2,14,6,22,10,9,18,5,17,21],[22,6,2,10,9,18,17,14],[2,6,22,10,9,18,5,17,14,21],[14,10,18,9,22,6,5,17,2,21],[22,6,14,18,5,17,2,10,9,21],[10,2,14,6,9,18,5,17,22,21],[6,14,10,9,2,22,18,17],[10,2,6,5,9,22,18,17,14,21],[2,6,10,5,9,14,22,18],[6,10,9,2,14,18,17,22],[10,6,5,9,2,18,17,14,22,21],[22,18,6,17,2,14,10,9],[2,14,22,18,10,17,6,9],[10,6,5,9,18,17,14,2,22,21],[10,2,14,22,6,5,9,18],[18,2,22,14,10,17,6,9],[22,6,2,14,10,9,18,5,17,21],[2,22,18,10,9,6,5,17,14,21],[18,14,10,9,22,2,6,5],[18,6,5,17,14,2,22,10,9,21],[10,22,2,18,17,14,6,9],[14,6,10,5,9,22,18,17,2,21],[10,18,9,2,22,6,17,14],[2,22,18,6,5,17,10,9,14,21],[6,2,22,18,5,17,14,10,9,21],[2,22,14,6,18,17,10,5,9,21],[18,10,9,2,14,6,17,22],[22,18,14,2,10,9,6,5,17,21],[10,6,5,9,2,22,18,17,14,21],[2,10,18,9,22,14,6,17],[18,6,17,14,10,5,9,2,22,21],[22,14,2,18,10,9,6,5,17,21],[2,6,22,14,10,5,9,18,17,21],[18,6,17,2,22,14,10,5,9,21],[10,14,6,9,2,18,17,22],[6,22,18,17,2,10,5,9,14,21],[18,2,6,5,17,22,10,9,14,21],[14,2,6,18,5,17,10,9,22,21],[10,14,6,5,9,18,17,2,22,21],[22,2,10,18,9,6,17,14],[6,18,5,17,2,10,9,22,14,21],[18,14,2,10,17,6,9,22],[18,22,6,17,2,14,10,5,9,21],[10,22,2,18,17,6,5,9,14,21],[22,6,10,9,2,18,5,17,14,21],[14,22,10,18,9,6,17,2],[18,10,9,6,17,14,2,22],[22,6,10,5,9,2,18,17,14,21],[22,18,6,5,17,2,10,9,14,21],[22,6,10,9,2,14,18,5,17,21],[18,22,6,5,17,2,14,10,9,21],[14,2,10,18,17,6,5,9,22,21],[22,18,14,6,5,17,10,9,2,21],[2,22,18,10,17,6,5,9,14,21],[18,22,14,10,17,2,6,5,9,21],[2,22,10,14,6,5,9,18],[22,2,10,6,5,9,14,18],[6,10,5,9,14,2,18,17,22,21],[14,18,22,2,10,9,6,5],[22,14,2,18,10,17,6,5,9,21],[18,10,9,22,2,14,6,17],[14,6,18,5,17,22,10,9,2,21],[22,18,10,17,14,2,6,9],[14,2,10,22,18,17,6,9],[22,10,2,6,9,18,5,17,14,21],[18,6,17,14,22,2,10,9],[2,6,10,5,9,18,17,22,14,21],[6,14,22,10,9,18,5,17,2,21],[6,10,9,22,2,18,17,14],[2,10,14,22,6,9,18,5,17,21],[6,22,18,17,2,14,10,5,9,21],[22,6,14,10,5,9,2,18,17,21],[6,22,18,5,17,2,14,10,9,21],[6,10,5,9,2,22,18,17,14,21],[14,10,6,5,9,2,18,17,22,21],[2,18,10,9,6,17,22,14],[10,22,14,6,9,2,18,5,17,21],[6,18,5,17,14,2,10,9,22,21],[2,22,10,18,17,14,6,9],[18,22,6,17,2,14,10,5,9,21],[6,10,9,14,22,2,18,5],[6,2,18,5,17,14,10,9,22,21],[6,10,5,9,18,17,22,14,2,21],[14,10,2,6,5,9,22,18,17,21],[18,2,14,6,17,10,5,9,22,21],[18,10,17,6,5,9,22,14,2,21],[18,14,10,17,22,2,6,5,9,21],[14,10,18,17,6,9,22,2],[14,18,2,6,17,22,10,5,9,21],[22,6,10,9,14,18,5,17,2,21],[22,14,10,6,9,2,18,5],[18,22,10,17,6,5,9,2,14,21],[2,14,10,18,17,6,5,9,22,21],[22,10,6,5,9,18,17,2,14,21],[6,10,5,9,22,18,17,2,14,21],[18,6,5,17,10,9,22,2,14,21],[22,2,6,14,10,9,18,17],[18,14,10,9,22,6,17,2],[10,6,5,9,14,2,22,18,17,21],[2,18,22,6,5,17,10,9,14,21],[22,10,2,18,9,6,17,14],[2,14,6,18,5,17,22,10,9,21],[22,18,10,9,14,2,6,17],[14,18,22,10,9,2,6,17],[14,18,2,10,9,22,6,17],[6,18,5,17,22,10,9,2,14,21],[6,14,10,9,2,18,17,22],[6,14,22,18,5,17,2,10,9,21],[10,22,14,2,6,5,9,18,17,21],[6,10,5,9,2,14,18,17,22,21],[10,2,18,9,22,6,17,14],[10,2,18,17,14,6,5,9,22,21],[10,14,22,18,9,6,5,17,2,21],[2,22,10,18,9,14,6,5,17,21],[6,18,17,2,14,10,5,9,22,21],[6,22,14,2,10,5,9,18],[10,14,2,18,17,6,5,9,22,21],[18,6,17,2,14,22,10,9],[14,10,22,2,6,9,18,5,17,21],[18,10,17,2,6,5,9,14,22,21],[22,10,14,6,9,18,17,2],[22,2,14,6,10,9,18,5,17,21],[18,22,10,17,14,2,6,9],[22,6,10,5,9,18,17,2,14,21],[14,18,10,17,22,2,6,5,9,21],[18,10,9,6,17,14,22,2],[14,10,22,18,9,6,17,2],[10,2,6,5,9,14,18,17,22,21],[2,22,14,18,6,17,10,9],[10,18,17,6,5,9,22,2,14,21],[22,6,10,5,9,18,17,14,2,21],[18,2,10,17,6,5,9,14,22,21],[2,18,6,5,17,22,10,9,14,21],[2,14,22,6,18,17,10,5,9,21],[18,2,14,6,17,22,10,9],[14,2,10,6,9,18,5,17,22,21],[18,14,6,5,17,22,10,9,2,21],[22,18,14,2,10,9,6,17],[10,2,18,17,22,14,6,9],[2,6,14,10,5,9,22,18],[6,2,10,9,14,22,18,17],[22,2,18,10,9,6,5,17,14,21],[2,10,6,9,14,22,18,17],[18,14,6,5,17,2,10,9,22,21],[14,2,18,10,9,6,5,17,22,21],[6,2,22,14,18,5,17,10,9,21],[6,14,22,18,5,17,10,9,2,21],[2,10,22,18,17,6,5,9,14,21],[22,14,6,2,10,9,18,5,17,21],[14,22,18,2,6,17,10,9],[6,14,18,17,22,10,9,2],[14,6,2,10,9,18,5,17,22,21],[18,22,14,2,10,9,6,17],[10,14,22,18,9,2,6,5,17,21],[2,22,10,18,9,6,5,17,14,21],[10,22,18,17,14,6,5,9,2,21],[18,22,6,17,14,2,10,9],[2,14,22,10,18,17,6,9],[2,6,18,5,17,14,10,9,22,21],[18,2,14,22,6,17,10,5,9,21],[10,14,6,9,22,2,18,17],[2,14,18,6,17,22,10,5,9,21],[2,18,10,9,22,6,5,17,14,21],[18,22,6,17,14,10,5,9,2,21],[10,14,2,6,9,22,18,17],[10,6,5,9,22,18,17,14,2,21],[22,10,18,9,14,2,6,5,17,21],[14,18,10,17,22,2,6,5,9,21],[6,22,10,9,2,18,17,14],[22,18,2,14,10,17,6,9],[6,14,2,18,5,17,22,10,9,21],[6,18,5,17,2,22,14,10,9,21],[6,18,17,10,5,9,14,22,2,21],[6,2,22,10,5,9,18,17,14,21],[18,10,9,6,17,2,14,22],[22,2,6,14,10,9,18,17],[22,2,10,14,6,5,9,18,17,21],[10,6,5,9,22,14,18,17,2,21],[2,22,10,14,6,5,9,18],[10,18,17,6,9,14,2,22],[22,6,18,17,10,5,9,2,14,21],[18,2,14,10,17,6,9,22],[2,18,14,22,6,17,10,9],[6,18,5,17,22,10,9,2,14,21],[22,2,14,10,6,5,9,18,17,21],[10,22,14,6,5,9,2,18,17,21],[10,22,2,14,6,9,18,17],[18,2,6,5,17,10,9,14,22,21],[18,22,14,2,6,5,17,10,9,21],[6,2,14,10,5,9,22,18,17,21],[14,6,2,18,17,10,5,9,22,21],[22,14,2,18,6,5,17,10,9,21],[18,10,17,6,9,14,2,22],[6,22,10,5,9,14,2,18],[2,6,18,17,22,14,10,5,9,21],[2,14,6,22,18,5,17,10,9,21],[22,2,18,6,5,17,10,9,14,21],[6,22,14,18,17,2,10,5,9,21],[14,6,10,9,2,18,5,17,22,21],[18,10,17,22,2,14,6,9],[22,14,10,18,17,6,5,9,2,21],[10,22,18,9,14,2,6,17],[10,18,17,14,6,5,9,2,22,21],[2,6,22,10,9,18,17,14],[10,2,14,22,18,17,6,5,9,21],[10,18,9,6,17,22,14,2],[18,10,9,22,2,6,5,17,14,21],[18,6,5,17,10,9,22,2,14,21],[18,22,10,17,2,14,6,9],[10,6,9,2,22,18,5,17,14,21],[14,18,2,10,17,6,5,9,22,21],[10,18,17,6,5,9,14,2,22,21],[6,22,10,5,9,18,17,2,14,21],[10,2,14,22,18,17,6,9],[10,22,14,18,17,2,6,5,9,21],[10,2,18,17,6,9,22,14],[6,14,10,5,9,22,2,18,17,21],[10,14,22,18,17,2,6,5,9,21],[2,14,6,10,9,18,5,17,22,21],[6,2,18,5,17,22,14,10,9,21],[10,18,9,14,6,17,22,2],[22,6,10,9,2,14,18,17],[22,18,14,6,5,17,10,9,2,21],[6,10,9,14,2,18,17,22],[18,10,9,2,22,6,17,14],[2,18,10,17,14,22,6,5,9,21],[6,18,5,17,14,2,10,9,22,21],[10,6,5,9,18,17,2,14,22,21],[10,22,2,14,18,17,6,5,9,21],[14,6,22,2,18,5,17,10,9,21],[22,10,2,18,9,14,6,17],[14,10,6,5,9,22,2,18]],"n_human":5}