{"problem_id":"SGYXknOdPjHIfP7","sigma":75,"alpha":0.100,"cost":0,"probabilities":"[0.48, 0.39, 0.01, 0.12]","payoff_matrix":"[[-90, -17, -29, 64, 39, 24], [-110, 91, 97, -124, 53, -129], [-15, 184, 41, -26, -83, -163], [22, 42, -114, 5, 88, -25]]","uncovered":[[21,5,1,17,13,18,14,9],[1,5,17,21,13,14,9,22,6,18],[17,21,1,13,18,14,5,9],[1,21,13,5,17,14,9,18],[21,13,5,17,14,9,1,18],[1,13,9,5,17,18,14,21],[17,21,5,1,13,14,9,18],[9,13,21,1,17,18,14,5],[17,21,5,13,18,14,1,9],[5,9,21,13,17,14,1,18],[21,17,13,14,5,1,9,18],[5,21,13,9,17,18,14,1],[13,21,17,14,1,5,9,18],[1,9,5,13,17,14,21,18],[5,9,21,13,1,17,14,22,6,18],[1,21,9,17,5,13,18,14],[17,13,14,5,9,21,1,18],[1,13,17,18,14,9,5,21],[9,5,21,17,1,13,14,18],[17,5,13,18,14,9,1,21],[17,21,9,13,14,1,5,22,6,18],[13,9,21,1,5,17,18,14],[1,13,5,21,9,17,18,14],[21,17,5,13,14,9,1,18],[9,17,13,18,14,1,5,21],[17,21,1,5,9,13,14,22,6,18],[5,21,1,13,17,14,9,18],[13,9,5,17,18,14,21,1],[17,1,13,18,14,9,5,21],[21,9,13,17,18,14,5,1],[13,9,1,17,18,14,21,5],[13,21,5,17,18,14,9,1],[21,1,9,13,5,17,18,14],[1,5,13,9,21,17,18,14],[1,5,9,21,13,17,14,22,18],[5,21,17,1,13,14,9,18],[1,17,9,5,21,13,18,14],[9,5,1,21,17,13,18,14],[1,5,9,21,17,13,14,22,6,18],[13,1,5,21,17,14,9,18],[21,9,5,17,1,13,18,14],[9,5,1,13,17,14,21,22,6,18],[13,1,5,17,14,9,21,22,18],[17,1,13,14,21,9,5,22,18],[13,21,9,17,14,1,5,18],[13,17,18,14,5,1,9,21],[21,5,17,1,13,18,14,9],[1,13,21,5,9,17,14,18],[13,1,9,21,17,18,14,5],[21,17,1,5,9,13,14,22,18],[17,5,13,18,14,21,9,1],[5,1,9,17,13,18,14,21],[5,13,9,17,18,14,21,1],[21,1,5,9,13,17,18,14],[5,13,9,21,1,17,18,14],[17,13,14,9,1,5,21,22,6,18],[21,13,17,14,1,9,5,18],[13,5,9,17,14,21,1,18],[21,13,9,17,18,14,5,1],[21,5,1,17,13,18,14,9],[17,5,9,21,13,14,1,18],[1,17,9,5,21,13,14,18],[5,1,17,13,14,21,9,22,18],[17,13,18,14,1,9,5,21],[21,5,17,1,9,13,14,22,6,18],[9,17,5,1,13,14,21,22,6,18],[13,5,17,14,1,9,21,18],[13,9,21,5,17,18,14,1],[21,1,13,5,9,17,14,18],[9,21,13,1,17,18,14,5],[21,9,13,1,17,14,5,22,18],[13,21,1,9,17,14,5,22,6,18],[17,1,5,13,18,14,21,9],[21,1,17,5,9,13,14,18],[17,9,21,1,13,14,5,18],[5,1,21,9,13,17,18,14],[13,21,17,14,1,5,9,22,18],[17,13,14,9,21,1,5,22,6,18],[5,13,9,1,17,14,21,22,18],[5,13,1,17,18,14,9,21],[13,17,18,14,21,9,5,1],[21,13,17,14,1,5,9,18],[13,21,1,5,17,14,9,22,6,18],[5,13,17,18,14,9,1,21],[1,13,17,18,14,9,21,5],[9,17,13,14,5,21,1,18],[21,17,1,13,14,5,9,22,6,18],[1,5,9,21,13,17,14,18],[1,13,21,9,5,17,18,14],[17,13,14,21,9,5,1,18],[5,17,13,14,9,1,21,22,6,18],[9,21,1,17,5,13,18,14],[1,13,21,5,17,18,14,9],[21,5,13,9,1,17,14,18],[5,21,1,9,17,13,18,14],[1,17,5,21,9,13,14,22,6,18],[9,1,21,17,5,13,18,14],[9,21,17,13,14,5,1,22,18],[9,13,5,1,21,17,18,14],[13,1,21,17,18,14,9,5],[21,13,9,5,1,17,14,18],[5,21,9,1,13,17,18,14],[13,1,17,18,14,21,5,9],[13,9,17,14,21,1,5,22,18],[17,1,5,21,13,18,14,9],[5,17,13,14,21,9,1,18],[5,13,1,21,17,18,14,9],[1,13,21,9,17,14,5,18],[21,9,13,1,17,14,5,22,18],[13,1,17,14,9,21,5,22,6,18],[13,9,5,1,21,17,18,14],[17,13,14,5,9,1,21,22,6,18],[1,21,5,17,13,14,9,22,6,18],[5,13,1,9,17,14,21,18],[17,1,21,13,18,14,9,5],[17,1,9,21,13,18,14,5],[5,17,9,1,21,13,14,18],[1,13,9,5,17,14,21,22,6,18],[17,5,1,13,14,9,21,22,18],[1,5,17,21,13,18,14,9],[13,9,17,18,14,1,21,5],[5,13,9,1,17,14,21,18],[21,17,9,5,13,14,1,18],[17,9,21,5,1,13,14,18],[21,9,17,13,18,14,1,5],[13,21,5,17,14,9,1,18],[21,13,5,9,1,17,18,14],[17,21,13,14,1,5,9,18],[1,17,13,14,5,21,9,22,18],[21,5,13,1,9,17,14,18],[17,9,21,1,5,13,18,14],[21,9,17,1,13,18,14,5],[13,1,5,17,14,21,9,18],[5,13,17,18,14,21,1,9],[1,21,13,5,17,18,14,9],[21,17,1,5,13,14,9,18],[9,5,21,17,13,14,1,22,18],[17,21,9,5,1,13,14,18],[5,21,17,13,18,14,9,1],[1,13,9,21,5,17,18,14],[1,21,5,9,17,13,14,22,18],[1,5,9,21,13,17,14,18],[17,1,5,9,21,13,18,14],[9,13,17,14,5,1,21,22,18],[13,21,9,1,5,17,14,18],[21,9,17,1,13,18,14,5],[5,9,17,13,14,1,21,22,6,18],[1,17,21,5,13,14,9,22,6,18],[21,1,13,17,14,5,9,22,18],[17,13,18,14,9,1,21,5],[21,9,13,5,17,18,14,1],[9,17,13,14,21,1,5,22,18],[13,5,9,1,17,18,14,21],[17,21,5,9,13,18,14,1],[17,5,9,13,18,14,1,21],[17,13,14,5,9,21,1,22,18],[5,17,1,13,18,14,21,9],[13,17,18,14,9,1,21,5],[5,21,1,13,9,17,18,14],[17,13,18,14,21,5,9,1],[17,21,9,1,13,14,5,18],[5,13,9,17,18,14,1,21],[17,21,5,13,14,9,1,22,6,18],[21,1,13,9,17,18,14,5],[13,21,9,1,5,17,14,18],[9,21,17,1,13,18,14,5],[1,13,5,9,17,14,21,18],[5,9,1,17,13,14,21,22,6,18],[5,21,13,1,17,14,9,22,18],[17,13,14,21,5,1,9,22,18],[1,5,9,17,13,14,21,18],[5,1,17,21,13,14,9,18],[1,13,5,17,18,14,9,21],[5,17,9,1,13,14,21,22,18],[17,5,13,14,21,1,9,22,18],[9,1,21,17,13,18,14,5],[17,21,13,14,9,5,1,22,6,18],[17,21,13,18,14,1,5,9],[5,9,13,21,1,17,14,22,18],[13,5,21,17,14,9,22,1,6,18],[13,1,17,18,14,21,5,9],[9,21,5,13,1,17,14,18],[17,13,14,1,21,9,5,18],[13,1,9,17,14,5,21,18],[1,13,17,14,9,5,21,22,6,18],[5,13,9,17,14,21,1,22,18],[13,1,17,18,14,21,5,9],[21,17,5,9,13,14,1,18],[5,1,9,13,17,18,14,21],[21,1,9,17,13,14,5,22,18],[5,1,17,13,14,21,9,18],[17,1,5,13,18,14,21,9],[5,9,1,21,17,13,18,14],[21,1,13,9,5,17,14,18],[17,13,14,5,1,9,21,22,6,18],[5,9,17,21,13,14,1,18],[5,1,13,21,9,17,18,14],[13,17,18,14,1,9,5,21],[13,17,18,14,1,5,9,21],[21,1,9,13,17,18,14,5],[13,5,21,1,9,17,14,22,6,18],[13,17,14,5,1,21,9,18],[17,9,13,14,5,21,1,18],[21,17,13,18,14,1,5,9],[13,1,9,17,14,5,21,22,18],[13,1,21,17,18,14,9,5],[17,9,5,13,14,21,1,22,6,18],[9,13,5,21,1,17,14,18],[21,13,5,17,14,1,9,18],[17,21,5,1,13,14,9,22,18],[17,21,5,13,18,14,9,1],[13,21,9,1,17,18,14,5],[5,13,1,9,17,18,14,21],[5,21,1,17,13,14,9,22,6,18],[9,13,1,21,17,18,14,5],[5,1,21,17,13,14,9,22,6,18],[21,1,9,13,17,14,5,22,6,18],[13,17,14,1,9,21,5,22,6,18],[1,17,13,14,5,21,9,22,6,18],[9,21,5,1,17,13,18,14],[17,5,9,21,13,18,14,1],[9,13,5,17,14,1,21,22,18],[17,13,18,14,9,21,5,1],[13,21,1,9,5,17,18,14],[1,17,21,13,14,9,5,22,18],[13,1,21,17,14,5,9,22,18],[9,21,17,5,13,18,14,1],[9,13,17,14,5,1,21,22,6,18],[1,13,17,18,14,21,5,9],[13,21,1,9,17,18,14,5],[17,21,13,14,9,5,1,22,18],[13,1,17,14,9,5,21,18],[5,9,1,17,21,13,18,14],[17,9,1,21,13,14,5,18],[5,21,1,17,13,14,9,22,18],[5,9,1,13,21,17,18,14],[1,21,5,13,9,17,14,22,18],[9,21,13,17,18,14,1,5],[17,1,13,14,5,21,9,18],[5,13,9,17,14,21,1,18],[5,17,21,13,14,1,9,22,6,18],[13,17,14,1,5,9,21,18],[13,5,21,17,18,14,9,1],[5,13,9,1,21,17,14,22,6,18],[13,21,17,14,5,1,9,18],[17,9,5,13,18,14,21,1],[17,21,13,18,14,5,1,9],[9,13,17,18,14,5,21,1],[21,5,1,13,17,18,14,9],[5,17,13,18,14,1,21,9],[9,1,17,5,13,18,14,21],[9,21,13,5,1,17,14,22,18],[21,17,1,9,13,18,14,5],[5,9,1,17,13,14,21,18],[21,5,1,13,17,14,9,18],[9,5,1,13,17,14,21,18],[17,21,1,9,13,18,14,5],[1,5,9,21,17,13,14,18],[17,13,18,14,9,21,1,5],[1,5,21,13,9,17,18,14],[13,9,17,18,14,21,5,1],[9,1,5,17,13,18,14,21],[1,21,17,13,14,5,9,18],[21,5,13,9,1,17,14,22,18],[9,17,21,5,13,14,1,22,6,18],[9,17,13,14,1,5,21,18],[5,17,21,1,13,14,9,18],[5,1,21,13,9,17,14,22,18],[13,9,1,17,18,14,5,21],[1,21,13,17,14,5,9,22,6,18],[5,9,17,1,13,14,21,22,18],[9,21,1,17,13,14,5,22,18],[13,5,17,14,1,21,9,18],[17,1,5,9,21,13,14,22,18],[1,9,21,17,5,13,14,22,6,18],[9,13,5,1,21,17,14,22,18],[17,5,21,9,13,14,1,22,6,18],[21,5,13,1,9,17,18,14],[5,9,13,21,1,17,18,14],[1,17,9,13,18,14,5,21],[9,21,5,17,13,14,1,18],[21,1,5,9,13,17,14,18],[17,13,14,21,9,1,5,22,18],[13,17,18,14,5,1,21,9],[1,9,21,5,13,17,18,14],[17,21,13,14,1,9,5,22,18],[21,5,1,13,17,18,14,9],[9,21,1,17,5,13,18,14],[13,1,5,21,17,18,14,9],[21,5,13,9,1,17,18,14],[17,21,9,1,5,13,14,18],[9,5,21,1,13,17,14,18],[1,9,13,17,14,5,21,18],[1,21,5,13,17,18,14,9],[5,1,21,13,9,17,14,22,6,18],[5,9,17,21,13,18,14,1],[9,13,1,21,5,17,14,22,6,18],[9,5,1,13,17,14,21,18],[9,17,5,21,13,14,1,18],[13,17,14,1,21,9,5,22,6,18],[9,21,17,13,14,5,22,1,18],[5,13,9,1,21,17,18,14],[17,21,5,9,1,13,18,14],[17,1,9,21,5,13,18,14],[13,21,5,17,14,1,9,18],[21,5,13,9,17,14,1,18],[5,9,21,17,1,13,14,22,6,18],[9,21,13,17,14,5,1,22,6,18],[13,21,5,17,14,9,1,22,6,18],[9,13,1,5,17,14,21,18],[21,1,17,13,18,14,5,9],[17,21,13,14,5,1,22,9,6,18],[21,17,5,9,13,14,1,22,18],[9,1,5,17,21,13,18,14],[13,17,14,9,1,5,21,22,18],[13,5,1,21,17,14,9,18],[13,17,18,14,5,1,21,9],[13,21,17,18,14,9,5,1],[17,21,9,5,1,13,18,14],[9,13,1,17,14,21,5,22,6,18],[9,5,21,1,17,13,14,18],[5,9,1,17,13,18,14,21],[1,5,13,9,21,17,18,14],[21,13,1,9,17,14,5,22,18],[13,17,14,5,9,21,1,18],[13,9,5,1,17,18,14,21],[17,13,18,14,9,21,5,1],[1,13,17,18,14,9,5,21],[9,17,5,1,21,13,18,14],[21,1,17,9,13,14,5,18],[9,5,21,1,17,13,18,14],[17,13,14,5,9,21,1,22,18],[17,13,18,14,9,5,1,21],[9,5,21,13,17,18,14,1],[13,9,21,1,5,17,18,14],[13,17,18,14,21,1,5,9],[1,5,21,17,13,18,14,9],[5,9,17,13,14,21,1,22,6,18],[1,17,21,9,5,13,14,18],[1,17,13,14,21,9,5,22,6,18],[1,5,9,17,13,14,21,18],[21,17,13,14,9,1,5,22,18],[5,17,1,9,21,13,18,14],[17,5,21,9,1,13,14,18],[5,9,21,13,17,14,1,22,18],[5,21,13,9,17,14,1,22,18],[21,1,17,5,13,14,9,18],[21,5,13,1,9,17,18,14],[17,5,1,21,9,13,14,18],[9,21,1,17,5,13,14,22,18],[1,13,17,14,5,9,21,18],[9,13,1,21,17,18,14,5],[9,1,5,17,13,14,21,18],[17,13,14,21,1,9,5,18],[13,9,17,18,14,1,5,21],[9,21,17,1,22,5,13,18,14],[21,9,13,17,14,1,5,18],[13,17,14,21,9,1,5,22,18],[17,9,1,5,13,14,21,18],[5,9,17,13,14,1,21,22,18],[1,5,13,21,9,17,18,14],[5,21,1,13,9,17,14,18],[9,17,13,18,14,5,1,21],[1,5,17,9,13,18,14,21],[5,13,9,21,17,14,1,22,6,18],[17,5,1,9,13,18,14,21],[13,17,18,14,5,1,21,9],[1,13,9,17,18,14,5,21],[13,21,9,17,14,5,1,22,18],[13,9,21,17,14,1,5,18],[1,13,9,5,21,17,18,14],[21,9,13,5,17,14,1,22,6,18],[1,13,9,21,5,17,18,14],[17,9,1,21,13,18,14,5],[13,1,5,17,18,14,9,21],[1,5,13,9,17,18,14,21],[1,17,21,9,13,18,14,5],[1,13,5,17,18,14,9,21],[17,9,21,1,13,14,5,22,6,18],[1,17,13,14,5,9,21,18],[1,21,13,17,14,9,5,22,18],[5,21,9,1,17,13,14,22,6,18],[1,13,9,17,14,21,5,22,18],[5,13,17,14,21,1,9,22,6,18],[17,5,9,21,13,18,14,1],[17,13,18,14,1,21,9,5],[13,21,1,9,17,14,5,18],[17,5,21,1,13,14,9,22,6,18],[17,5,1,21,9,13,18,14],[9,17,21,5,13,14,1,22,6,18],[9,5,1,21,17,13,14,22,18],[9,17,1,13,18,14,5,21],[13,17,18,14,5,1,9,21],[17,21,5,9,13,18,14,1],[9,1,17,21,13,18,14,5],[1,21,13,5,9,17,18,14],[9,17,1,5,21,13,18,14],[1,17,21,9,13,18,14,5],[1,5,21,13,9,17,18,14],[17,9,13,18,14,21,5,1],[1,17,5,21,13,14,9,22,18],[17,13,14,9,5,21,1,22,18],[17,21,1,13,18,14,9,5],[13,17,18,14,1,21,5,9],[17,21,13,18,14,5,9,1],[9,5,21,13,1,17,18,14],[17,5,13,14,9,1,21,22,18],[13,1,5,17,18,14,9,21],[1,21,9,5,17,13,18,14],[1,9,21,17,13,14,5,18],[9,21,1,5,17,13,14,22,6,18],[1,17,5,9,21,13,14,18],[21,13,9,1,5,17,14,22,6,18],[21,17,13,18,14,5,9,1],[17,13,18,14,9,1,5,21],[9,5,17,21,1,13,14,22,18],[9,13,17,18,14,21,5,1],[5,17,9,21,1,13,18,14],[13,21,9,1,5,17,14,18],[9,17,1,21,13,14,5,22,18],[1,13,5,9,17,18,14,21],[9,21,5,1,13,17,18,14],[17,5,21,13,14,9,1,18],[5,1,9,17,21,13,14,22,18],[9,21,17,1,13,14,5,22,6,18],[5,1,13,9,17,14,21,22,6,18],[17,5,21,1,9,13,18,14],[5,9,13,1,21,17,14,18],[1,5,21,17,9,13,14,18],[9,17,21,5,1,13,18,14],[1,5,13,17,14,21,9,22,6,18],[9,21,5,17,18,13,14,1],[1,9,17,21,13,18,14,5],[13,5,1,17,18,14,9,21],[21,1,17,9,13,18,14,5],[5,21,1,9,17,13,14,18],[13,9,1,5,17,14,21,18],[17,21,5,1,9,13,14,18],[5,9,21,13,1,17,14,22,6,18],[21,9,13,1,5,17,14,22,18],[5,13,17,18,14,1,21,9],[5,9,21,17,1,13,14,22,18],[9,1,21,13,5,17,14,18],[1,5,9,13,17,18,14,21],[1,13,17,14,9,5,21,18],[17,21,5,9,1,13,14,22,6,18],[13,5,9,17,14,1,21,18],[21,9,17,1,5,13,18,14],[21,5,13,17,14,1,9,18],[9,5,13,21,17,18,14,1],[17,21,13,18,14,9,5,1],[21,1,5,9,17,13,18,14],[1,17,21,13,14,5,9,18],[17,13,18,14,9,5,1,21],[9,13,1,17,14,5,21,18],[13,9,5,1,21,17,14,18],[9,13,1,17,14,21,5,18],[13,21,5,9,17,18,14,1],[5,17,21,1,9,13,18,14],[1,5,17,13,14,21,9,18],[13,1,9,17,14,5,21,18],[5,9,13,21,1,17,14,18],[13,1,5,17,18,14,21,9],[21,5,9,1,17,13,14,18],[9,1,5,17,21,13,14,18],[1,21,9,5,13,17,14,22,18],[17,5,21,13,14,1,9,18],[17,5,9,13,14,21,1,18],[9,1,21,13,5,17,18,14],[13,21,5,1,17,14,9,18],[13,17,18,14,1,9,21,5],[17,9,21,5,13,14,22,1,6,18],[21,13,17,14,5,9,1,22,18],[5,13,17,14,21,9,1,18],[21,17,1,5,13,18,14,9],[5,21,1,13,9,17,18,14],[21,1,13,9,17,18,14,5],[1,9,21,13,5,17,18,14],[13,17,14,9,1,21,5,18],[5,13,9,1,21,17,18,14],[13,1,21,17,18,14,9,5],[21,13,9,5,17,18,14,1],[9,1,21,5,17,13,18,14],[1,13,17,18,14,9,21,5],[17,1,5,21,9,13,14,18],[9,17,13,14,5,21,1,18],[21,9,5,1,13,17,14,22,18],[1,21,5,13,17,18,14,9],[1,5,17,21,13,14,9,22,18],[5,9,21,1,13,17,14,22,6,18],[9,17,13,18,14,21,1,5],[21,17,1,5,9,13,14,22,6,18],[21,5,1,9,13,17,14,22,18],[5,17,13,18,14,1,9,21],[17,5,21,9,1,13,14,22,18],[5,9,1,13,21,17,18,14],[13,17,14,1,21,5,9,18],[17,13,14,1,9,5,21,18],[21,17,13,18,14,5,9,1],[5,9,21,13,17,14,1,22,6,18],[1,17,5,13,14,9,21,22,18],[13,9,17,18,14,21,5,1],[9,21,1,5,13,17,14,22,18],[5,21,13,9,1,17,18,14],[1,21,17,5,13,18,14,9],[1,13,21,5,9,17,14,22,6,18],[1,17,21,13,14,9,5,18],[13,1,17,18,14,9,21,5],[5,1,21,9,13,17,18,14],[1,13,17,14,5,21,9,18],[21,1,5,17,13,18,14,9],[21,1,17,9,13,14,5,18],[1,9,17,13,14,5,21,22,6,18],[13,9,1,5,17,18,14,21],[5,13,21,17,18,14,9,1],[13,21,9,17,14,5,1,22,6,18],[1,21,13,9,5,17,14,22,18],[1,17,21,13,14,9,5,18],[21,9,1,13,17,18,14,5],[21,1,13,17,18,14,9,5],[9,13,5,17,14,21,1,18],[9,21,1,17,13,18,14,5],[5,21,9,1,17,13,14,22,18],[13,21,5,1,17,18,14,9],[13,21,9,1,17,18,14,5],[13,17,14,21,5,1,9,18],[13,9,5,1,17,18,14,21],[5,13,21,9,1,17,18,14],[1,13,17,14,9,21,5,22,18],[5,13,21,9,17,14,1,22,18],[21,5,13,9,17,14,1,22,18],[13,1,21,17,18,14,5,9],[5,17,9,13,14,1,21,22,18],[5,21,13,1,9,17,18,14],[5,13,21,17,14,1,9,18],[21,17,1,9,5,13,14,18],[9,5,1,13,21,17,18,14],[1,13,21,17,14,9,5,22,18],[17,21,5,1,9,13,18,14],[5,21,13,17,14,1,9,22,6,18],[21,1,13,9,17,14,5,22,6,18],[9,17,5,13,18,14,1,21],[1,9,5,13,21,17,18,14],[5,13,21,9,1,17,18,14],[13,5,1,9,21,17,14,18],[13,9,5,21,1,17,14,18],[9,1,5,17,21,13,14,22,6,18],[21,17,5,9,13,14,1,18],[1,17,9,5,13,18,14,21],[9,1,13,17,18,14,5,21],[21,1,17,5,9,13,18,14],[17,21,1,13,14,9,5,22,6,18],[13,9,5,17,14,1,21,22,18],[9,21,17,13,18,14,5,1],[21,5,1,13,9,17,18,14],[5,21,13,9,17,14,1,18],[9,17,1,13,18,14,21,5],[21,1,9,13,5,17,18,14],[9,13,5,1,17,14,21,18],[21,1,13,9,17,14,5,22,6,18],[5,9,1,21,13,17,18,14],[5,13,9,17,18,14,21,1],[5,13,17,14,21,1,9,18],[9,13,5,21,1,17,18,14],[13,17,18,14,1,21,5,9],[1,21,17,5,9,13,18,14],[17,13,18,14,9,21,5,1],[1,9,13,17,18,14,5,21],[5,17,1,21,9,13,18,14],[17,21,5,13,14,1,9,22,18],[5,13,9,17,18,14,21,1],[21,13,1,9,5,17,18,14],[21,13,9,17,18,14,5,1],[17,21,9,5,1,13,18,14],[9,17,13,14,21,5,1,22,18],[1,5,13,9,17,18,14,21],[21,5,1,9,13,17,18,14],[1,17,13,14,9,5,21,22,18],[9,13,1,17,18,14,21,5],[5,17,9,13,14,21,1,18],[13,21,9,1,5,17,18,14],[5,13,21,9,17,18,14,1],[21,17,1,5,13,14,9,22,18],[1,21,17,5,9,13,18,14],[9,1,21,5,17,13,18,14],[21,1,5,9,17,13,18,14],[13,17,18,14,1,9,21,5],[9,5,1,17,13,14,21,22,18],[1,5,13,21,17,14,9,18],[21,1,9,17,13,14,5,22,6,18],[17,1,9,21,13,14,5,18],[1,13,5,21,17,14,9,22,18],[9,5,21,17,13,18,14,1],[13,9,17,18,14,1,5,21],[21,9,17,13,14,5,1,22,6,18],[9,21,17,1,13,18,14,5],[13,9,21,5,17,14,1,18],[13,1,5,21,17,18,14,9],[1,21,17,5,9,13,18,14],[9,17,21,1,5,13,18,14],[17,1,21,5,9,13,18,14],[1,21,17,5,13,14,9,18],[13,1,21,17,14,9,5,22,6,18],[9,13,1,21,5,17,14,18],[21,9,1,13,17,18,14,5],[21,9,1,5,13,17,14,22,6,18],[13,1,17,14,9,5,21,22,6,18],[13,21,5,17,14,9,1,18],[17,9,5,1,13,14,21,22,18],[1,9,17,21,13,18,14,5],[5,21,13,9,17,14,1,18],[5,17,1,9,21,13,14,22,6,18],[13,5,9,21,17,18,14,1],[5,9,17,1,21,13,14,18],[9,17,5,21,13,14,1,18],[13,1,21,17,18,14,9,5],[9,1,13,21,17,14,5,22,18],[1,9,13,17,18,14,21,5],[13,9,21,1,5,17,18,14],[1,9,17,21,5,13,14,22,6,18],[13,1,9,5,17,14,21,18],[9,13,5,17,18,14,1,21],[21,1,17,13,18,14,9,5],[9,21,13,17,14,1,5,22,6,18],[9,1,21,13,17,18,14,5],[1,21,17,13,14,9,5,18],[21,17,13,14,1,5,9,18],[17,9,5,1,21,13,18,14],[21,13,5,17,18,14,9,1],[21,1,13,5,17,18,14,9],[1,5,17,9,13,18,14,21],[13,21,17,14,1,9,5,18],[13,17,14,1,5,9,21,18],[9,21,1,5,17,13,18,14],[21,17,1,5,13,14,9,18],[13,5,1,17,18,14,21,9],[21,17,5,13,14,9,1,22,6,18],[5,1,17,9,21,13,18,14],[5,21,17,9,1,13,18,14],[17,1,5,21,13,14,9,18],[5,9,13,21,17,18,14,1],[9,13,21,1,17,14,5,22,6,18],[17,13,18,14,9,5,1,21],[5,17,9,1,21,13,14,22,18],[13,21,5,1,9,17,14,22,18],[1,9,21,13,5,17,14,22,6,18],[1,5,13,21,17,14,9,18],[21,1,9,5,13,17,18,14],[9,21,17,13,18,14,1,5],[13,1,17,14,9,5,21,18],[13,9,21,17,14,1,5,22,18],[9,5,17,21,13,14,1,22,18],[1,5,9,21,17,13,14,22,6,18],[9,21,5,13,17,18,14,1],[21,9,17,1,5,13,14,22,18],[9,1,17,13,14,21,5,22,6,18],[21,13,9,1,17,14,5,22,6,18],[17,21,1,13,18,14,5,9],[17,9,5,13,14,1,21,22,6,18],[1,21,17,9,13,14,5,18],[9,13,17,18,14,1,21,5],[1,17,9,21,13,18,14,5],[21,5,1,13,17,14,9,22,6,18],[5,17,1,13,18,14,9,21],[13,17,18,14,5,9,1,21],[1,13,9,21,5,17,14,22,6,18],[21,17,9,5,13,14,1,22,6,18],[5,1,21,9,17,13,14,18],[17,21,1,13,18,14,5,9],[21,17,5,13,18,14,1,9],[13,9,17,14,5,1,21,18],[21,5,9,1,13,17,18,14],[13,5,21,9,1,17,18,14],[21,1,9,17,5,13,18,14],[17,5,9,13,14,21,1,18],[9,1,17,13,14,21,5,18],[9,5,1,13,17,14,21,22,6,18],[13,17,18,14,5,21,1,9],[1,21,5,9,13,17,14,22,6,18],[1,13,9,17,14,21,5,22,18],[17,9,13,18,14,1,21,5],[17,13,18,14,5,9,1,21],[13,1,17,14,5,21,9,22,18],[1,9,17,21,5,13,14,22,18],[5,1,21,9,13,17,18,14],[5,17,13,14,21,9,1,18],[1,13,5,17,18,14,21,9],[13,17,14,21,1,9,5,22,6,18],[21,5,9,1,13,17,14,18],[17,1,9,13,18,14,5,21],[5,1,21,9,17,13,14,18],[5,21,9,17,13,18,14,1],[13,21,5,9,17,14,1,18],[13,5,9,1,21,17,18,14],[9,17,1,21,13,14,5,22,18],[13,5,1,9,21,17,18,14],[5,1,9,21,17,13,18,14],[5,9,1,17,13,18,14,21],[17,1,9,5,13,18,14,21],[5,9,17,13,18,14,1,21],[9,17,1,13,18,14,21,5],[21,13,17,18,14,5,9,1],[17,1,13,18,14,21,9,5],[5,1,9,17,13,14,21,18],[9,21,13,5,1,17,14,22,18],[5,1,17,21,13,18,14,9],[17,13,14,1,9,5,21,22,18],[5,13,21,9,1,17,14,18],[13,17,18,14,5,9,1,21],[1,17,9,13,14,21,5,22,6,18],[1,5,17,9,13,18,14,21],[1,9,21,5,13,17,14,18],[17,5,13,14,1,21,9,18],[9,13,17,14,5,1,21,18],[1,17,5,21,9,13,18,14],[9,13,17,14,1,5,21,22,6,18],[1,13,9,21,5,17,18,14],[1,9,21,17,13,14,5,22,18],[9,5,13,21,1,17,18,14],[9,21,13,1,17,14,5,22,18],[1,21,13,9,5,17,14,22,6,18],[13,21,17,18,14,5,9,1],[1,9,13,5,17,14,21,18],[17,21,1,13,14,5,9,22,6,18],[21,9,17,13,14,1,5,22,18],[9,21,17,5,13,18,14,1],[17,21,13,14,9,5,1,22,6,18],[21,5,9,13,1,17,18,14],[17,1,5,13,14,9,21,18],[21,5,1,9,17,13,18,14],[1,13,17,14,9,5,21,22,6,18],[5,21,9,1,13,17,14,22,6,18],[21,17,5,13,18,14,9,1],[9,1,13,5,17,14,21,22,6,18],[9,17,21,5,1,13,18,14],[13,5,17,14,9,1,21,18],[17,21,1,9,5,13,14,18],[17,9,1,13,14,21,5,18],[9,17,21,13,14,18,1,5],[5,17,9,21,1,13,18,14],[1,21,5,17,13,18,14,9],[17,9,13,18,14,5,1,21],[1,17,5,9,21,13,18,14],[1,17,9,5,21,13,14,18],[13,17,14,9,1,5,21,18],[17,13,14,21,9,5,1,18],[13,5,21,1,9,17,14,22,6,18],[5,13,21,9,17,14,1,22,6,18],[21,17,9,5,22,13,18,14,1],[17,9,21,13,14,1,5,22,6,18],[21,9,1,17,13,14,5,22,6,18],[13,1,21,5,17,18,14,9],[1,9,5,21,17,13,18,14],[17,13,18,14,5,1,21,9],[17,13,14,1,21,9,5,22,6,18],[21,17,1,13,18,14,9,5],[13,5,17,18,14,1,21,9],[17,21,1,13,18,14,9,5],[1,21,9,17,5,13,18,14],[1,13,21,9,17,18,14,5],[21,1,17,13,18,14,9,5],[13,9,21,5,17,18,14,1],[1,9,17,13,18,14,5,21],[21,5,13,9,1,17,14,18],[13,5,1,9,17,18,14,21],[21,1,17,9,13,14,5,22,18],[17,5,9,1,13,14,21,22,18],[5,1,17,9,21,13,14,18],[1,21,9,17,13,14,5,22,18],[21,1,5,17,13,14,9,18],[1,5,17,21,13,14,9,18],[1,5,17,21,9,13,14,22,6,18],[9,21,5,1,13,17,14,22,18],[17,1,13,14,9,5,21,22,6,18],[5,21,9,13,17,14,1,22,18],[21,9,13,17,18,14,1,5],[17,9,1,21,5,13,18,14],[1,21,9,5,17,13,18,14],[5,13,1,21,17,14,9,18],[1,5,9,13,21,17,18,14],[9,1,17,5,13,18,14,21],[21,5,9,13,1,17,14,18],[17,13,14,5,21,1,9,22,6,18],[1,5,13,9,17,18,14,21],[9,21,17,13,18,14,5,1],[21,1,9,13,5,17,18,14],[21,9,13,17,18,14,5,1],[9,13,1,5,21,17,18,14],[21,9,5,1,13,17,14,22,6,18],[9,1,17,21,5,13,14,18],[21,5,9,17,13,18,14,1],[21,5,9,17,1,13,14,18],[13,21,5,9,17,14,1,18],[1,17,13,14,9,5,21,18],[5,1,17,13,18,14,21,9],[17,5,21,9,13,18,14,1],[13,9,5,17,14,21,1,18],[9,13,5,17,18,14,21,1],[13,5,21,9,1,17,18,14],[21,13,17,18,14,9,5,1],[1,9,5,21,13,17,14,18],[17,21,1,9,13,18,14,5],[5,13,9,1,21,17,18,14],[1,17,5,13,18,14,9,21],[1,21,5,17,13,18,14,9],[21,5,13,1,17,18,14,9],[5,1,9,17,21,13,18,14],[21,1,9,5,13,17,18,14],[17,9,1,5,13,18,14,21],[13,21,5,1,9,17,14,18],[1,17,5,13,14,21,9,18],[9,5,17,1,13,14,21,22,18],[21,17,13,18,14,5,9,1],[17,21,13,18,14,9,1,5],[1,5,21,17,13,14,9,22,6,18],[9,17,5,13,14,21,1,18],[5,17,21,1,9,13,18,14],[1,17,13,18,14,21,5,9],[21,1,17,18,9,13,14,5],[9,17,5,13,18,14,21,1],[9,21,5,17,13,18,14,1],[9,21,1,5,17,13,18,14],[21,9,5,1,13,17,18,14],[9,21,13,1,17,14,5,22,18],[5,21,9,13,17,18,14,1],[21,9,13,17,18,14,1,5],[5,1,21,13,9,17,14,18],[9,1,21,5,17,13,18,14],[1,13,5,9,17,14,21,18],[9,1,21,17,5,13,18,14],[9,5,17,21,1,13,18,14],[21,9,17,5,1,13,14,18],[17,5,9,1,21,13,14,22,18],[9,17,21,1,5,13,14,22,6,18],[21,9,13,5,1,17,14,18],[17,1,13,18,14,5,21,9],[13,5,9,21,1,17,14,18],[9,13,17,14,21,5,1,18],[9,21,13,17,14,1,5,18],[1,21,5,9,13,17,14,22,6,18],[1,17,5,9,21,13,14,22,18],[9,21,1,17,13,18,14,5],[13,5,1,9,21,17,18,14],[13,9,1,5,17,18,14,21],[1,21,5,9,17,13,18,14],[21,13,9,17,14,1,5,18],[5,9,1,21,13,17,14,22,18],[5,1,17,13,14,21,9,18],[9,13,5,21,1,17,18,14],[5,9,1,17,13,18,14,21],[13,5,21,1,17,14,9,18],[5,13,21,17,18,14,1,9],[21,13,1,17,14,9,5,18],[13,5,21,1,9,17,14,18],[21,17,9,13,14,1,5,18],[9,21,17,1,5,13,18,14],[5,21,1,17,13,14,9,22,6,18],[17,13,18,14,1,5,9,21],[9,17,5,1,21,13,18,14],[17,1,21,5,13,14,9,22,18],[9,1,21,13,5,17,14,18],[13,17,18,14,5,21,1,9],[1,5,13,9,17,18,14,21],[5,17,13,18,14,1,21,9],[1,21,17,13,14,9,5,18],[13,17,14,1,21,5,9,18],[17,21,1,5,9,13,14,18],[1,13,17,18,14,21,5,9],[5,13,9,17,14,1,21,22,18],[1,13,9,5,21,17,14,22,18],[13,21,9,5,17,14,1,22,6,18],[21,1,17,9,13,14,5,22,18],[1,5,13,21,9,17,14,18],[21,9,1,5,13,17,18,14],[9,13,17,14,21,5,1,22,6,18],[9,17,21,13,14,5,1,18],[21,13,5,17,14,1,9,18],[13,5,21,9,17,18,14,1],[21,1,17,13,18,14,9,5],[17,5,13,18,14,9,1,21],[21,17,13,18,14,9,5,1],[21,9,5,1,13,17,18,14],[5,13,21,1,17,14,9,22,18],[17,21,9,1,5,13,18,14],[21,9,5,17,13,14,1,22,6,18],[5,1,21,13,9,17,18,14],[17,21,9,5,1,13,14,18],[1,13,9,17,18,14,5,21],[13,21,17,18,14,9,1,5],[9,17,21,13,14,5,1,22,6,18],[17,13,18,14,9,1,21,5],[13,9,1,5,21,17,14,22,6,18],[9,21,5,17,13,14,1,18],[5,13,9,1,17,18,14,21],[17,13,18,14,21,9,1,5],[13,17,14,21,9,1,5,22,18],[17,5,21,13,18,14,9,1],[13,9,21,1,17,14,5,18],[9,1,17,5,13,18,14,21],[17,21,13,18,14,5,1,9],[1,9,21,5,13,17,18,14],[21,9,13,17,18,14,1,5],[21,9,17,5,1,13,18,14],[17,5,21,18,9,13,14,1],[17,5,1,21,13,14,9,18],[9,21,1,5,13,17,14,22,6,18],[9,5,13,17,18,14,1,21],[13,21,9,17,18,14,1,5],[1,13,21,9,17,18,14,5],[13,21,17,18,14,5,9,1],[13,21,9,1,5,17,18,14],[1,13,9,17,18,14,21,5],[5,17,21,13,18,14,1,9],[5,17,21,1,13,18,14,9],[5,17,9,1,21,13,18,14],[5,17,21,9,13,14,1,18],[1,5,17,21,9,13,14,22,6,18],[9,1,17,13,18,14,21,5],[21,17,13,14,9,5,1,22,18],[9,17,13,18,14,5,1,21],[21,17,9,1,13,14,5,18],[9,13,17,14,21,5,1,18],[9,1,5,13,21,17,14,22,6,18],[5,1,13,21,9,17,14,22,6,18],[13,1,5,21,17,18,14,9],[9,1,13,17,18,14,5,21],[17,21,9,1,5,13,14,22,6,18],[17,5,1,9,13,14,21,22,6,18],[17,9,21,1,18,13,14,5],[17,13,14,9,1,21,5,18],[13,17,14,1,9,21,5,22,18],[17,9,13,18,14,21,5,1],[1,17,5,13,14,21,9,22,18],[5,9,21,13,17,14,1,18],[5,13,1,17,18,14,9,21],[13,21,5,17,18,14,9,1],[1,5,13,21,17,18,14,9],[9,17,13,18,14,21,5,1],[1,13,17,18,14,5,9,21],[17,1,13,14,5,21,9,22,6,18],[1,9,13,17,14,5,21,22,6,18],[5,13,21,17,18,14,9,1],[5,17,1,9,21,13,14,22,18],[5,17,9,21,13,18,14,1],[5,1,13,17,14,21,9,22,6,18],[17,13,14,9,5,1,21,22,6,18],[1,21,5,17,13,14,9,22,18],[17,21,9,13,14,1,5,22,18],[17,21,5,13,14,9,1,22,6,18],[17,9,1,13,18,14,5,21],[21,13,17,14,9,1,5,22,6,18],[9,1,5,17,13,18,14,21],[9,5,21,1,13,17,18,14],[9,5,13,21,1,17,14,18],[9,13,17,18,14,1,21,5],[21,9,1,13,17,14,5,18],[5,9,13,21,1,17,14,18],[5,21,17,1,13,14,9,18],[21,5,17,13,18,14,1,9],[13,21,17,18,14,9,1,5],[13,17,14,5,9,1,21,18],[13,1,17,14,9,21,5,18],[17,13,14,5,21,9,1,18],[21,5,13,17,18,14,1,9],[17,9,21,1,5,13,18,14],[1,9,21,5,17,13,18,14],[21,5,17,13,18,14,1,9],[17,21,5,1,13,18,14,9],[21,17,1,5,9,13,18,14],[1,9,13,21,17,14,5,18],[5,21,1,9,13,17,14,18],[5,9,17,21,1,13,18,14],[21,1,9,13,17,18,14,5],[1,13,9,17,18,14,21,5],[17,21,1,13,14,5,9,22,6,18],[13,9,5,1,21,17,18,14],[1,21,5,17,9,13,18,14],[5,9,17,21,13,14,1,22,6,18],[21,9,5,17,1,13,14,22,6,18],[17,21,5,13,18,14,9,1],[5,21,1,9,13,17,14,22,6,18],[21,17,5,9,13,18,14,1],[17,21,9,13,18,14,1,5],[5,17,21,13,18,14,1,9],[17,1,9,5,21,13,18,14],[5,21,13,1,17,14,9,22,6,18],[9,1,5,17,13,14,21,22,6,18],[17,9,1,21,13,14,5,18],[17,9,13,18,14,1,5,21],[13,21,9,5,1,17,18,14],[1,5,9,13,17,18,14,21],[13,9,21,17,18,14,1,5],[9,13,5,1,17,18,14,21],[1,9,17,21,5,13,18,14],[1,17,13,18,14,9,5,21],[13,21,17,14,9,5,1,22,6,18],[9,5,17,1,21,13,18,14],[1,9,21,13,5,17,14,22,18],[5,9,13,1,21,17,18,14],[21,17,9,5,13,18,14,1]],"n_human":7}