{"problem_id":"TRbTjUzM32WiCfB","sigma":150,"alpha":10.000,"cost":0,"probabilities":"[0.36, 0.27, 0.23, 0.14]","payoff_matrix":"[[74, 44, 188, 116, -81, -29], [-137, -46, -128, 96, 10, 36], [117, -76, -46, 226, 236, -40], [-144, 150, -182, 175, 36, 41]]","uncovered":[[13,1,2,21,17,9,14,10,5,15],[13,21,9,10,14,1,2,5,17,15],[13,9,10,14,5,17,21,1,2,11,6,15],[5,9,21,1,2,17,13,14,10,11,6,15],[9,21,17,13,10,14,1,2,5,11,6,15],[9,17,21,1,10,2,5,13,14,11,6,15],[21,9,13,14,10,17,1,2,5,15],[17,21,1,13,2,9,14,10,5,11,6,15],[9,21,13,10,14,1,2,5,17,11,6,15],[21,9,5,17,13,10,14,1,2,11,6,15],[5,1,2,13,9,14,10,17,21,15],[1,9,10,2,5,17,21,13,14,11,6,15],[13,21,9,14,10,5,17,15],[17,21,9,5,13,14,10,1,2,11,6,15],[1,5,6,13,14,2,21,17,9,10,11,15],[13,21,1,2,9,10,14,5,17,15],[13,1,14,2,9,10,17,21,5,15],[5,17,9,21,13,10,14,1,2,15],[9,21,13,14,10,5,17,1,2,11,6,15],[1,13,2,17,21,5,9,14,10,15],[17,5,1,2,9,21,13,14,10,15],[13,21,9,10,14,17,1,2,5,15],[5,21,1,2,13,17,9,10,14,11,6,15],[5,9,17,13,10,14,21,1,2,15],[5,17,13,1,14,2,21,9,10,11,6,15],[9,5,13,10,14,17,21,1,2,15],[5,13,17,1,2,21,9,14,10,11,6,15],[9,13,10,14,17,5,21,1,2,11,6,15],[17,1,13,2,9,10,14,5,21,11,6,15],[1,13,2,9,14,10,21,17,5,15],[1,5,6,13,2,17,9,14,10,21,11,15],[1,17,13,14,2,21,9,10,5,11,6,15],[1,13,2,17,9,10,14,21,5,11,6,15],[5,1,6,17,9,10,2,13,14,21,11,15],[9,1,2,5,21,13,10,14,17,11,6,15],[13,17,21,1,2,5,9,14,10,11,6,15],[17,21,5,9,1,2,13,14,10,15],[17,5,21,9,13,14,10,1,2,11,6,15],[17,9,13,14,10,5,21,1,2,15],[9,17,21,1,2,5,13,14,10,11,6,15],[13,1,14,2,17,9,10,21,5,11,6,15],[1,5,6,17,13,2,21,9,10,14,15],[17,9,21,13,10,14,1,2,5,11,6,15],[1,13,2,17,9,14,10,5,21,15],[21,17,5,13,1,14,2,9,10,15],[1,13,14,2,17,9,10,21,5,11,6,15],[1,13,14,2,9,10,21,17,5,11,6,15],[1,5,2,13,9,10,14,21,17,15],[21,1,13,2,17,5,9,14,10,11,6,15],[5,21,13,17,9,10,14,1,2,15],[1,21,5,2,9,13,10,14,17,11,6,15],[13,5,9,14,10,21,1,2,17,15],[17,5,1,6,21,9,10,2,13,14,11,15],[13,17,5,21,1,2,9,10,14,11,6,15],[1,9,2,17,5,13,14,10,21,11,6,15],[13,1,2,5,9,14,10,21,17,11,6,15],[13,5,1,2,9,14,10,17,21,11,6,15],[5,1,6,21,17,13,14,2,9,10,15],[1,13,14,2,9,10,5,21,17,15],[17,5,21,13,9,14,10,1,2,15],[1,17,5,2,21,13,9,14,10,11,6,15],[9,21,13,14,10,1,2,5,17,11,6,15],[21,9,17,13,10,14,5,1,2,15],[9,17,13,14,10,21,1,2,5,11,6,15],[13,9,10,14,17,5,21,1,2,15],[9,17,13,10,14,21,1,2,5,15],[9,5,13,14,10,21,1,2,17,15],[5,1,6,17,9,2,21,13,14,10,11,15],[17,1,9,2,21,5,13,10,14,15],[5,1,2,17,21,13,9,10,14,15],[1,5,2,13,9,14,10,21,17,15],[9,5,1,2,13,10,14,17,21,11,6,15],[5,21,1,2,13,9,14,10,17,15],[5,13,1,2,17,21,9,14,10,11,6,15],[13,1,2,9,10,14,21,17,5,11,6,15],[9,1,10,2,17,21,13,14,5,11,6,15],[17,13,9,10,14,1,2,5,21,15],[17,9,5,13,10,14,21,1,2,11,6,15],[13,5,21,17,9,14,10,1,2,11,6,15],[9,13,10,14,21,17,1,2,5,15],[5,13,17,1,2,9,10,14,21,11,6,15],[9,1,2,13,14,10,17,21,5,11,6,15],[21,5,17,1,6,9,10,2,13,14,15],[5,13,17,21,1,2,9,10,14,11,6,15],[5,17,1,2,9,13,14,10,21,15],[5,17,21,13,9,10,14,1,2,15],[1,9,2,13,14,10,5,21,17,11,6,15],[17,1,13,2,5,9,10,14,21,15],[17,21,9,1,10,2,5,13,14,15],[1,5,6,21,17,13,2,9,10,14,15],[13,17,5,21,1,2,9,10,14,11,6,15],[21,17,1,9,10,2,13,14,5,15],[1,5,2,13,21,17,9,14,10,15],[1,17,13,14,2,5,21,9,10,15],[5,1,2,9,21,13,14,10,17,11,6,15],[5,17,1,6,9,2,13,14,10,21,11,15],[1,9,10,2,5,21,13,14,17,15],[21,13,1,14,2,5,9,10,17,11,6,15],[13,17,21,9,10,14,1,2,5,11,6,15],[1,17,5,6,13,2,9,14,10,21,11,15],[5,13,17,1,14,2,21,9,10,15],[21,1,5,6,17,9,2,13,10,14,15],[21,1,17,5,6,9,10,2,13,14,11,15],[9,17,13,10,14,1,2,5,21,11,6,15],[17,9,13,14,10,5,1,2,21,11,6,15],[9,21,1,2,13,10,14,5,17,15],[5,17,9,13,14,10,1,2,21,15],[13,17,1,2,9,14,10,5,21,15],[1,17,21,13,14,2,5,9,10,11,6,15],[17,9,21,1,10,2,5,13,14,11,6,15],[9,5,17,21,1,2,13,10,14,11,6,15],[13,17,21,1,2,5,9,14,10,11,6,15],[21,5,9,1,2,17,13,14,10,11,6,15],[5,9,17,21,1,10,2,13,14,15],[9,5,1,2,17,21,13,10,14,11,6,15],[1,9,2,21,17,5,13,14,10,11,6,15],[5,9,17,13,10,14,21,1,2,15],[13,21,5,17,1,14,2,9,10,11,6,15],[17,9,13,10,14,21,1,2,5,11,6,15],[13,9,10,14,5,21,1,2,17,11,6,15],[1,5,2,13,21,17,9,14,10,15],[5,13,17,21,9,14,10,1,2,15],[5,1,6,9,10,2,13,14,17,21,15],[21,13,1,14,2,9,10,11,17,5,6,15],[17,13,5,21,9,14,10,1,2,15],[1,9,2,5,13,14,10,21,17,15],[5,1,6,13,2,17,21,9,10,14,11,15],[1,17,13,2,21,5,9,14,10,11,6,15],[13,9,10,14,5,1,2,17,21,15],[17,1,9,10,2,5,13,14,21,11,6,15],[13,9,10,14,1,2,5,17,21,11,6,15],[5,9,21,1,10,2,13,14,17,15],[5,9,1,10,2,17,13,14,21,11,6,15],[5,13,9,14,10,21,1,2,17,11,6,15],[21,5,13,1,2,9,14,10,17,15],[5,21,17,13,1,14,2,9,10,11,6,15],[1,17,21,9,2,5,13,10,14,15],[1,17,21,13,14,2,9,10,5,11,6,15],[1,9,10,2,5,21,13,14,17,11,6,15],[5,9,1,10,2,21,17,13,14,15],[17,9,1,10,2,13,14,5,21,11,6,15],[13,17,1,14,2,5,21,9,10,15],[5,1,6,17,13,14,2,21,9,10,11,15],[21,9,13,14,10,1,2,17,5,15],[5,1,6,9,10,2,17,21,13,14,11,15],[17,21,9,13,10,14,1,2,5,11,6,15],[17,5,1,2,9,21,13,14,10,15],[9,13,14,10,17,1,2,21,5,11,6,15],[13,5,17,1,14,2,21,9,10,15],[9,21,13,10,14,1,2,5,17,11,6,15],[21,17,9,13,14,10,1,2,5,15],[13,9,10,14,5,1,2,17,21,15],[13,1,2,5,17,21,9,14,10,11,6,15],[17,5,9,1,10,2,13,14,21,15],[5,17,21,9,13,10,14,1,2,15],[13,9,14,10,21,5,17,1,2,11,6,15],[13,9,14,10,5,1,2,21,17,11,6,15],[13,17,1,2,21,9,14,10,5,15],[21,17,1,13,14,2,9,10,5,15],[1,21,9,10,2,17,5,13,14,15],[17,13,21,9,10,14,1,2,5,15],[13,21,1,2,9,10,14,17,5,11,6,15],[13,5,9,10,14,17,21,1,2,15],[21,17,5,9,13,14,10,1,2,15],[1,21,17,5,2,9,13,10,14,15],[9,1,2,21,5,13,14,10,17,15],[1,9,10,2,5,13,14,17,21,15],[21,5,1,6,13,14,2,17,9,10,15],[13,21,17,9,14,10,5,11,1,2,6,15],[13,9,14,10,21,1,2,5,17,15],[13,5,1,2,17,21,9,14,10,11,6,15],[21,13,1,2,5,17,9,10,14,15],[13,9,10,14,21,17,5,1,2,15],[13,1,14,2,9,10,21,5,17,11,6,15],[1,17,13,2,5,21,9,14,10,15],[1,5,6,21,13,14,2,17,9,10,11,15],[21,9,13,14,10,17,1,2,5,11,6,15],[9,21,5,13,10,14,17,1,2,11,6,15],[21,17,1,13,14,2,9,10,5,15],[1,5,2,21,9,13,10,14,17,11,6,15],[17,21,13,5,9,10,14,1,2,15],[21,1,5,2,17,9,13,14,10,11,6,15],[1,9,10,2,5,21,13,14,17,15],[5,17,1,2,9,21,13,10,14,15],[1,17,13,2,21,5,9,10,14,15],[5,17,1,6,13,2,21,9,10,14,11,15],[17,1,21,13,2,5,9,10,14,15],[9,13,10,14,21,17,5,1,2,11,6,15],[1,9,10,2,5,17,13,14,21,15],[17,1,13,2,5,21,9,14,10,11,6,15],[9,5,1,2,17,21,13,10,14,11,6,15],[1,9,2,5,13,14,10,21,17,15],[13,5,17,21,9,10,14,1,2,11,6,15],[13,21,9,10,14,17,1,2,5,15],[5,21,1,2,9,13,10,14,17,15],[1,9,2,13,10,14,21,5,17,15],[9,17,5,1,10,2,13,14,21,11,6,15],[9,21,1,2,17,13,10,14,5,11,6,15],[21,9,1,10,2,5,13,14,17,15],[9,21,13,10,14,5,1,2,17,15],[21,17,5,13,1,2,9,10,14,11,6,15],[21,1,5,6,9,10,2,17,13,14,15],[1,5,2,17,9,21,13,14,10,11,6,15],[21,5,9,13,14,10,17,1,2,15],[13,1,14,2,5,17,9,10,21,15],[9,5,13,10,14,17,21,1,2,15],[13,9,14,10,1,2,5,21,17,15],[9,21,5,1,2,13,10,14,17,11,6,15],[17,21,9,1,2,13,14,10,5,15],[9,13,14,10,5,17,21,1,2,15],[13,5,1,2,17,9,10,14,21,11,6,15],[21,17,1,13,14,2,5,9,10,15],[5,21,1,6,17,13,2,9,10,14,15],[1,9,10,2,5,21,13,14,17,11,6,15],[21,1,5,2,17,9,13,10,14,15],[17,21,5,9,1,2,13,14,10,15],[13,1,14,2,21,5,9,10,17,15],[9,17,21,13,14,10,5,1,2,11,6,15],[5,13,21,17,9,10,14,1,2,15],[5,17,21,9,13,10,14,1,2,15],[5,17,21,1,2,13,9,14,10,15],[13,21,9,10,14,17,5,1,2,11,6,15],[5,13,1,14,2,21,17,9,10,15],[9,1,10,2,21,13,14,5,17,11,6,15],[1,13,2,17,21,9,10,14,5,15],[13,9,14,10,21,17,1,2,5,11,6,15],[5,21,17,1,6,9,2,13,14,10,11,15],[21,13,1,14,2,5,17,9,10,15],[17,9,5,21,1,10,2,13,14,11,6,15],[17,1,5,6,9,2,13,14,10,21,15],[9,1,2,5,17,13,14,10,21,15],[1,9,2,5,21,13,10,14,17,15],[9,5,13,10,14,21,1,2,17,11,6,15],[9,21,5,1,2,13,10,14,17,15],[21,1,5,2,9,17,13,10,14,15],[9,21,5,17,1,10,2,13,14,15],[13,5,9,10,14,17,21,1,2,15],[17,5,21,9,13,14,10,1,2,15],[17,13,5,1,2,9,14,10,21,15],[13,9,10,14,17,1,2,21,5,11,6,15],[1,9,10,2,17,21,5,13,14,15],[17,9,21,1,10,2,13,14,5,11,6,15],[1,17,21,5,6,9,2,13,14,10,15],[17,21,1,9,10,2,5,13,14,11,6,15],[13,1,2,9,10,14,5,21,17,15],[5,1,6,21,9,2,17,13,10,14,15],[5,21,9,17,13,10,14,1,2,11,6,15],[5,17,21,1,2,13,9,10,14,11,6,15],[5,9,13,10,14,21,17,1,2,11,6,15],[9,13,10,14,1,2,17,5,21,11,6,15],[1,17,13,2,5,9,14,10,21,15],[1,21,17,5,2,13,9,10,14,15],[17,1,9,2,5,21,13,10,14,15],[5,9,13,14,10,21,1,2,17,15],[9,13,10,14,21,1,2,17,5,15],[9,13,14,10,1,2,21,5,17,11,6,15],[13,21,1,2,5,17,9,14,10,15],[9,1,2,21,5,17,13,14,10,15],[13,1,2,21,9,10,14,5,17,15],[5,9,17,1,2,13,14,10,21,11,6,15],[5,17,13,9,14,10,21,1,2,15],[5,21,17,1,6,9,2,13,14,10,15],[17,13,21,9,10,14,5,1,2,11,6,15],[13,9,14,10,17,1,2,5,21,15],[5,17,9,1,2,21,13,14,10,11,6,15],[21,17,5,9,1,10,2,13,14,15],[5,13,1,14,2,17,9,10,15],[17,21,1,9,10,2,5,13,14,11,6,15],[21,5,1,2,9,13,10,14,17,15],[21,5,13,9,14,10,17,1,2,15],[5,21,9,1,10,2,13,14,17,15],[9,13,14,10,5,17,21,1,2,15],[9,17,13,10,14,21,1,2,5,11,6,15],[13,17,9,14,10,1,2,5,21,11,6,15],[5,21,13,9,10,14,1,2,17,15],[5,1,2,9,13,10,14,21,17,15],[9,5,1,10,2,21,13,14,17,11,6,15],[21,1,17,9,10,2,13,14,5,15],[9,21,1,10,2,17,5,13,14,11,6,15],[9,5,1,10,2,17,21,13,14,15],[21,9,13,10,14,17,5,1,2,15],[13,1,2,9,10,14,5,21,17,15],[17,5,1,6,13,2,21,9,14,10,15],[1,21,9,10,2,17,5,13,14,11,6,15],[13,21,1,2,9,14,10,5,17,15],[1,5,6,9,10,2,21,13,14,17,15],[9,21,17,13,14,10,5,1,2,15],[17,5,9,13,14,10,21,1,2,15],[9,17,13,10,14,1,2,21,5,11,6,15],[5,1,6,17,13,2,9,14,10,21,15],[9,21,1,2,13,10,14,17,5,15],[21,13,1,14,2,5,9,10,17,15],[21,9,17,5,13,14,10,1,2,11,6,15],[5,17,1,2,9,21,13,14,10,11,6,15],[1,9,2,17,5,13,10,14,21,15],[21,9,17,13,14,10,1,2,5,15],[9,17,1,10,2,21,13,14,5,11,6,15],[17,5,1,6,9,10,2,21,13,14,15],[5,21,17,9,1,2,13,14,10,15],[1,5,2,21,17,13,9,14,10,11,6,15],[21,1,9,2,17,13,10,14,5,11,6,15],[13,21,1,14,2,17,5,9,10,11,6,15],[13,9,14,10,21,1,2,17,5,11,6,15],[17,5,9,1,10,2,21,13,14,11,6,15],[5,21,13,1,14,2,9,10,17,15],[5,17,9,1,10,2,13,14,21,15],[5,9,17,13,10,14,1,2,21,11,6,15],[21,5,17,13,1,2,9,14,10,15],[17,13,21,5,9,14,10,1,2,11,6,15],[13,17,5,9,14,10,21,1,2,15],[9,13,14,10,21,17,1,2,5,15],[13,1,14,2,5,9,10,17,21,15],[13,9,10,14,1,2,21,5,17,15],[17,1,13,2,5,21,9,14,10,15],[17,5,9,21,1,10,2,13,14,11,6,15],[21,1,13,14,2,9,10,17,5,11,6,15],[5,9,13,10,14,21,17,1,2,15],[13,21,17,1,14,2,9,10,5,11,6,15],[5,9,21,13,10,14,17,1,2,11,6,15],[21,9,1,2,5,17,13,14,10,15],[17,13,9,10,14,1,2,5,21,11,6,15],[1,9,10,2,13,14,21,17,5,15],[9,13,14,10,21,17,5,1,2,15],[5,17,9,1,10,2,6,13,14,21,11,15],[17,9,1,10,2,13,14,5,21,11,6,15],[5,13,9,14,10,21,1,2,17,15],[13,5,9,14,10,1,2,21,17,11,6,15],[13,5,1,2,17,9,10,14,21,11,6,15],[1,9,2,17,21,5,13,10,14,11,6,15],[21,1,17,9,10,2,13,14,5,11,6,15],[5,13,9,10,14,1,2,21,17,11,6,15],[13,1,14,2,9,10,17,21,5,11,6,15],[9,5,1,2,17,21,13,10,14,11,6,15],[1,17,9,10,2,5,13,14,21,11,6,15],[17,9,1,10,2,13,14,5,21,11,6,15],[17,5,21,1,2,9,13,10,14,15],[21,17,1,13,14,2,5,9,10,15],[5,17,1,2,21,13,9,14,10,11,6,15],[13,1,2,17,9,10,14,5,21,15],[1,21,5,2,17,9,13,10,14,15],[5,17,13,9,14,10,21,1,2,11,6,15],[17,13,1,2,9,10,14,5,21,15],[17,1,5,2,21,9,13,10,14,11,6,15],[9,17,1,10,2,13,14,5,21,15],[21,17,1,5,2,13,9,14,10,15],[17,1,5,6,13,2,21,9,10,14,15],[1,17,13,2,9,10,14,21,5,11,6,15],[1,9,2,13,10,14,17,21,5,11,6,15],[13,5,1,14,2,9,10,21,17,11,6,15],[17,5,13,21,9,10,14,1,2,11,6,15],[21,17,9,5,1,10,2,13,14,11,6,15],[9,13,10,14,17,21,5,1,2,11,6,15],[21,5,13,9,10,14,17,1,2,11,6,15],[17,9,1,2,13,10,14,21,5,11,6,15],[17,9,5,21,13,14,10,1,2,15],[13,21,1,2,17,9,14,10,5,11,6,15],[9,17,13,10,14,1,2,21,5,11,6,15],[17,1,5,6,13,2,21,9,10,14,11,15],[9,1,2,21,13,10,14,5,17,15],[5,17,1,6,21,9,10,2,13,14,15],[21,5,1,6,9,2,17,13,14,10,15],[21,17,5,9,1,2,13,10,14,11,6,15],[17,13,1,14,2,9,10,21,5,15],[13,21,1,2,9,10,14,5,17,15],[17,1,13,14,2,5,9,10,21,11,6,15],[1,5,2,13,9,14,10,21,17,11,6,15],[21,1,17,5,6,13,14,2,9,10,15],[1,21,5,2,9,17,13,10,14,11,6,15],[9,13,10,14,5,17,21,1,2,11,6,15],[17,1,5,2,21,9,13,10,14,11,6,15],[5,17,9,1,10,2,13,14,21,11,6,15],[5,21,17,13,9,10,14,1,2,15],[13,5,17,9,14,10,1,2,21,11,6,15],[9,5,17,21,1,2,13,14,10,15],[1,13,14,2,21,5,17,9,10,11,6,15],[17,13,21,9,14,10,1,2,5,15],[1,5,6,13,14,2,21,17,9,10,11,15],[21,9,5,13,14,10,1,2,17,15],[13,9,10,14,1,2,21,17,5,11,6,15],[1,17,21,13,14,2,5,9,10,15],[17,9,13,14,10,5,21,1,2,15],[17,1,9,2,5,13,10,14,21,11,6,15],[1,5,6,13,14,2,9,10,21,17,15],[17,21,5,13,9,10,14,1,2,11,6,15],[5,9,21,17,13,14,10,1,2,11,6,15],[17,13,5,9,10,14,21,1,2,11,6,15],[21,17,9,1,2,13,10,14,5,11,6,15],[5,21,17,9,1,2,13,14,10,15],[1,17,21,5,6,9,10,2,13,14,15],[5,17,21,13,1,2,9,14,10,15],[5,9,17,21,13,10,14,1,2,11,6,15],[17,13,5,9,10,14,21,1,2,11,6,15],[17,21,9,13,14,10,5,1,2,11,6,15],[1,21,17,13,14,2,5,9,10,11,6,15],[13,17,9,10,14,5,21,1,2,15],[13,1,14,2,5,9,10,17,21,15],[17,5,21,9,13,14,10,1,2,15],[9,5,13,14,10,1,2,17,21,15],[17,21,13,5,1,14,2,9,10,11,6,15],[5,21,1,2,13,17,9,14,10,11,6,15],[17,9,1,10,2,21,13,14,5,15],[5,1,2,13,17,9,10,14,21,15],[9,21,13,14,10,5,17,1,2,15],[5,21,13,17,9,14,10,1,2,11,6,15],[5,13,9,10,14,17,21,1,2,15],[13,1,14,2,21,5,17,9,10,11,6,15],[21,17,13,9,14,10,5,1,2,11,6,15],[21,9,5,1,10,2,13,14,17,15],[1,21,9,2,17,13,10,14,5,15],[13,1,2,9,14,10,5,21,17,15],[21,9,1,2,13,14,10,5,17,15],[1,17,13,2,9,14,10,21,5,15],[17,9,21,13,14,10,5,1,2,15],[9,21,17,5,13,10,14,1,2,15],[13,5,1,2,21,17,9,10,14,15],[21,5,13,1,2,9,14,10,17,11,6,15],[1,21,9,10,2,5,13,14,17,15],[5,13,17,9,14,10,1,2,21,15],[9,1,2,5,21,17,13,10,14,15],[9,21,13,14,10,5,17,1,2,11,6,15],[9,5,13,10,14,17,1,2,21,15],[1,9,2,13,14,10,17,21,5,11,6,15],[1,17,9,2,21,13,14,10,5,15],[5,21,1,2,17,13,9,14,10,11,6,15],[9,13,10,14,17,5,21,1,2,15],[5,21,1,2,17,13,9,10,14,11,6,15],[13,1,2,9,10,14,21,5,17,11,6,15],[5,21,17,9,1,2,13,10,14,15],[21,13,9,10,14,17,1,2,5,11,6,15],[1,17,21,9,10,2,5,13,14,11,6,15],[17,9,13,14,10,1,2,21,5,11,6,15],[17,9,13,14,10,5,21,1,2,15],[13,21,17,9,14,10,5,1,2,11,6,15],[21,9,13,10,14,17,5,1,2,11,6,15],[5,13,9,10,14,21,1,2,17,15],[13,21,17,5,9,14,10,1,2,15],[1,17,5,6,13,14,2,9,10,21,11,15],[21,5,13,9,14,10,1,2,17,15],[9,21,17,5,13,14,10,1,2,15],[1,17,5,2,13,21,9,14,10,11,6,15],[1,21,13,14,2,5,17,9,10,15],[1,9,2,5,13,14,10,17,21,15],[21,17,9,1,2,5,13,14,10,15],[21,9,17,1,10,2,13,14,5,15],[17,1,21,9,10,2,13,14,5,15],[5,13,21,17,9,10,14,1,2,11,6,15],[9,21,13,14,10,17,5,1,2,11,6,15],[21,1,5,6,17,9,10,2,13,14,11,15],[5,9,1,2,21,13,10,14,17,15],[21,9,1,10,2,13,14,5,17,15],[9,21,1,10,2,17,5,13,14,11,6,15],[9,13,10,14,5,17,1,2,21,11,6,15],[21,9,17,1,10,2,13,14,5,15],[5,13,17,1,2,9,14,10,21,15],[1,17,21,9,10,2,13,14,5,15],[1,13,2,5,9,14,10,17,21,11,6,15],[1,5,2,17,21,13,9,14,10,15],[1,9,10,2,17,5,21,13,14,15],[9,1,2,17,21,13,14,10,5,11,6,15],[17,1,21,13,2,9,14,10,5,11,6,15],[5,9,17,1,2,13,10,14,21,15],[21,13,5,1,14,2,9,10,17,15],[9,5,1,2,21,17,13,10,14,15],[5,17,21,13,9,10,14,1,2,11,6,15],[13,17,1,14,2,21,5,9,10,15],[9,21,17,5,1,10,2,13,14,11,6,15],[1,5,6,21,13,14,2,17,9,10,15],[13,9,10,14,17,21,1,2,5,15],[21,9,5,13,10,14,17,1,2,15],[9,13,10,14,5,11,1,2,21,17,6,15],[21,9,1,2,13,14,10,5,17,15],[1,13,14,2,5,21,17,9,10,15],[1,5,2,13,17,21,9,10,14,15],[13,17,1,2,9,10,14,21,5,15],[17,5,9,1,10,2,13,14,21,15],[13,21,17,5,1,2,9,14,10,11,6,15],[13,1,2,17,5,21,9,14,10,11,6,15],[21,13,5,1,2,9,14,10,17,11,6,15],[9,1,2,5,21,17,13,10,14,15],[5,13,1,2,21,9,10,14,17,11,6,15],[9,1,2,17,13,10,14,21,5,11,6,15],[13,9,14,10,21,5,1,2,17,11,6,15],[17,21,5,13,1,14,2,9,10,11,6,15],[9,21,13,14,10,5,17,1,2,11,6,15],[9,17,13,10,14,5,1,2,21,11,6,15],[1,13,14,2,17,9,10,5,21,11,6,15],[17,5,21,1,6,9,10,2,13,14,11,15],[21,1,13,14,2,17,5,9,10,15],[1,5,2,9,13,14,10,17,21,15],[17,13,9,10,14,1,2,5,21,11,6,15],[1,9,10,2,13,14,17,5,21,11,6,15],[5,17,9,13,14,10,21,1,2,11,6,15],[5,9,1,10,2,17,13,14,21,15],[5,1,2,13,9,10,14,17,21,15],[5,17,13,1,14,2,9,10,21,15],[17,5,9,1,10,2,13,14,21,11,6,15],[9,13,14,10,21,5,1,2,17,11,6,15],[21,17,13,1,14,2,9,10,5,11,6,15],[1,13,14,2,17,9,10,21,5,15],[1,9,2,17,5,13,10,14,21,15],[17,13,9,10,14,21,5,1,2,11,6,15],[17,21,5,9,13,14,10,1,2,11,6,15],[13,9,14,10,21,17,1,2,5,15],[13,17,9,14,10,21,5,1,2,15],[21,5,1,6,17,13,14,2,9,10,11,15],[1,13,14,2,5,21,17,9,10,11,6,15],[1,13,2,9,14,10,21,17,5,11,6,15],[5,17,9,21,13,10,14,1,2,11,6,15],[17,21,9,13,14,10,5,1,2,11,6,15],[9,21,5,17,1,10,2,13,14,11,6,15],[1,9,10,2,5,13,14,21,17,15],[9,5,21,17,13,14,10,1,2,11,6,15],[5,17,1,2,9,21,13,14,10,11,6,15],[5,21,9,13,10,14,17,1,2,15],[5,17,21,1,6,13,2,9,10,14,11,15],[9,21,5,1,2,17,13,14,10,15],[5,1,6,9,2,21,13,10,14,17,11,15],[1,5,6,13,2,21,9,14,10,17,11,15],[1,13,2,21,5,17,9,14,10,11,6,15],[5,17,13,9,14,10,21,1,2,15],[21,17,5,1,6,13,14,2,9,10,11,15],[13,9,14,10,21,1,2,5,17,15],[1,13,2,5,9,10,14,17,21,15],[1,9,2,21,13,10,14,17,5,15],[21,1,5,6,9,2,17,13,10,14,11,15],[21,1,17,5,6,9,2,13,10,14,15],[13,21,5,1,14,2,9,10,17,15],[13,5,21,17,1,2,9,14,10,11,6,15],[1,21,9,10,2,5,17,13,14,15],[21,5,1,6,9,2,17,13,14,10,11,15],[5,1,6,17,21,9,10,2,13,14,11,15],[5,9,21,1,10,2,17,6,13,14,15],[9,1,10,2,21,5,13,14,17,15],[17,9,1,10,2,13,14,21,5,11,6,15],[5,17,21,13,9,10,14,1,2,11,6,15],[5,21,17,13,9,14,10,1,2,11,6,15],[5,9,13,14,10,21,1,2,17,15],[5,17,9,13,10,14,21,1,2,11,6,15],[13,17,5,21,1,2,9,10,14,11,6,15],[5,21,1,2,9,17,13,14,10,15],[21,9,13,10,14,1,2,5,17,11,6,15],[9,1,2,5,17,13,10,14,21,15],[9,1,10,2,21,17,13,14,5,15],[5,1,6,17,21,13,14,2,9,10,15],[5,13,21,1,14,2,9,10,17,11,6,15],[13,17,5,21,1,14,2,9,10,15],[13,21,17,5,9,10,14,1,2,15],[17,5,21,13,9,10,14,1,2,15],[13,21,17,9,10,14,1,2,5,15],[17,5,1,6,9,10,2,13,14,21,15],[21,1,5,2,13,9,10,14,17,15],[1,17,21,13,2,5,9,14,10,15],[21,17,13,5,9,14,10,1,2,15],[1,13,2,5,17,21,9,14,10,11,6,15],[21,9,5,13,14,10,1,2,17,11,6,15],[21,17,5,13,1,2,9,14,10,15],[5,17,21,1,6,9,10,2,13,14,11,15],[13,1,2,5,17,9,14,10,21,15],[9,13,10,14,1,2,21,5,17,11,6,15],[21,13,5,9,10,14,1,2,17,11,6,15],[17,1,21,9,10,2,13,14,5,11,6,15],[13,21,9,10,14,17,1,2,5,15],[9,13,14,10,21,1,2,17,5,11,6,15],[9,13,14,10,5,21,17,1,2,15],[17,21,5,1,6,9,10,2,13,14,15],[1,13,2,5,17,9,14,10,21,11,6,15],[9,1,2,17,5,13,10,14,21,15],[5,1,6,21,13,14,2,17,9,10,11,15],[21,13,9,14,10,1,2,17,5,11,6,15],[21,9,13,10,14,17,1,2,5,11,6,15],[5,9,13,14,10,21,1,2,17,15],[1,9,2,21,17,5,13,14,10,15],[9,1,10,2,17,21,13,14,5,11,6,15],[5,21,9,17,13,14,10,1,2,11,6,15],[5,17,13,9,14,10,21,1,2,15],[21,5,1,6,9,10,2,13,14,17,15],[9,13,10,14,5,1,2,21,17,15],[9,17,5,21,1,10,2,13,14,11,6,15],[9,1,2,13,10,14,17,21,5,15],[13,1,2,9,10,14,17,5,21,15],[5,1,2,17,13,9,10,14,21,15],[21,17,9,5,13,10,14,1,2,15],[5,21,1,2,17,9,13,14,10,11,6,15],[17,5,1,2,21,9,13,14,10,15],[5,9,17,21,1,2,13,14,10,11,6,15],[13,5,21,9,14,10,17,1,2,11,6,15],[1,21,5,2,17,13,9,10,14,11,6,15],[1,13,14,2,9,10,17,21,5,11,6,15],[17,9,1,10,2,13,14,21,5,15],[9,17,5,1,2,21,13,14,10,15],[21,9,5,1,10,2,13,14,17,11,6,15],[5,1,2,13,9,10,14,17,21,15],[21,13,1,2,17,9,14,10,5,15],[21,5,17,13,1,14,2,9,10,15],[17,5,9,1,10,2,21,13,14,15],[13,9,14,10,17,1,2,5,21,15],[5,9,13,10,14,21,1,2,17,11,6,15],[1,21,9,10,2,17,13,14,5,15],[1,5,6,17,21,9,10,2,13,14,15],[13,9,14,10,1,2,17,5,21,15],[21,17,1,9,10,2,5,13,14,15],[9,17,21,13,10,14,1,2,5,11,6,15],[21,13,17,5,1,14,2,9,10,11,6,15],[9,21,13,14,10,1,2,5,17,11,6,15],[17,13,21,1,2,5,9,14,10,11,6,15],[9,1,10,2,17,5,13,14,21,15],[21,13,17,9,14,10,1,2,5,15],[13,1,2,21,17,5,9,10,14,11,6,15],[17,1,13,2,21,9,10,14,5,15],[9,17,5,21,1,10,2,13,14,15],[17,1,13,14,2,5,21,9,10,15],[13,1,14,2,9,10,17,21,5,15],[21,13,17,1,2,5,9,14,10,11,6,15],[9,1,2,5,17,21,13,14,10,11,6,15],[13,5,1,14,2,21,9,10,17,11,6,15],[21,9,5,1,10,2,13,14,17,15],[13,1,2,9,10,14,21,17,5,11,6,15],[21,17,1,13,2,5,9,10,14,11,6,15],[1,5,6,21,17,9,2,13,14,10,11,15],[21,5,9,13,14,10,1,2,17,11,6,15],[17,1,9,10,2,5,21,13,14,11,6,15],[13,17,5,9,14,10,21,1,2,11,6,15],[1,17,13,2,9,10,14,5,21,15],[5,21,9,1,2,17,13,14,10,11,6,15],[9,13,14,10,1,2,17,5,21,11,6,15],[13,9,14,10,17,1,2,21,5,11,6,15],[9,1,10,2,13,14,5,17,21,15],[13,17,9,14,10,21,5,1,2,11,6,15],[5,9,1,2,13,14,10,17,21,11,6,15],[13,1,14,17,2,5,9,10,21,15],[21,17,5,9,1,10,2,13,14,11,6,15],[17,5,1,6,9,10,2,13,14,21,15],[21,13,9,10,14,5,17,1,2,11,6,15],[5,13,21,1,2,9,10,14,17,15],[9,17,13,10,14,21,5,1,2,11,6,15],[5,13,17,1,2,9,10,14,21,11,6,15],[9,21,13,14,10,5,17,1,2,15],[17,1,13,14,2,9,10,21,5,15],[13,21,9,10,14,5,17,1,2,15],[9,1,10,2,21,13,14,17,5,11,6,15],[13,17,9,14,10,21,5,1,2,11,6,15],[17,5,9,21,1,10,2,13,14,15],[9,1,2,21,17,5,13,10,14,11,6,15],[1,13,14,2,9,10,17,21,5,11,6,15],[9,13,14,10,21,1,2,5,17,15],[5,21,17,1,2,13,9,10,14,15],[5,9,13,14,10,17,21,1,2,15],[1,17,5,6,9,2,21,13,10,14,15],[1,13,2,21,17,5,9,10,14,11,6,15],[1,17,21,5,6,9,10,2,13,14,11,15],[17,9,5,13,10,14,1,2,21,15],[17,1,21,5,6,13,2,9,14,10,11,15],[5,21,17,13,1,2,9,10,14,15],[17,5,13,9,14,10,1,2,21,15],[21,13,5,17,1,2,9,14,10,11,6,15],[21,1,5,6,13,14,2,9,10,17,15],[21,5,9,17,1,2,13,10,14,15],[5,9,1,2,21,13,14,10,17,15],[13,17,21,9,10,14,1,2,5,11,6,15],[17,13,1,14,2,21,5,9,10,15],[9,5,21,17,1,2,13,14,10,15],[21,9,1,2,5,13,14,10,17,11,6,15],[21,1,5,6,17,13,2,9,14,10,11,15],[1,9,10,2,17,13,14,5,21,15],[1,9,10,2,13,14,21,17,5,15],[9,1,10,2,13,14,17,5,21,11,6,15],[21,5,1,2,13,17,9,14,10,15],[5,13,9,14,10,17,21,1,2,11,6,15],[13,17,1,14,2,9,10,5,21,11,6,15],[5,9,17,1,10,2,21,13,14,11,6,15],[17,13,9,10,14,5,1,2,21,11,6,15],[5,13,21,9,10,14,1,2,17,15],[17,9,5,13,10,14,21,1,2,15],[17,9,21,13,10,14,5,1,2,11,6,15],[13,21,5,9,14,10,1,2,17,15],[17,1,13,2,9,14,10,21,5,15],[21,1,13,14,2,5,17,9,10,11,6,15],[1,17,5,6,21,13,14,2,9,10,15],[5,9,1,10,2,13,14,17,21,15],[5,9,21,13,14,10,17,1,2,15],[5,21,1,6,13,2,9,10,14,17,15],[9,13,10,14,5,1,2,17,21,15],[9,17,5,13,14,10,1,2,21,11,6,15],[21,1,9,10,2,13,14,17,5,11,6,15],[13,21,5,1,14,2,9,10,17,15],[13,5,21,9,14,10,1,2,17,11,6,15],[17,5,9,21,1,10,2,13,14,15],[21,9,1,2,5,17,13,14,10,11,6,15],[9,5,13,14,10,17,21,1,2,11,6,15],[9,17,1,2,21,5,13,10,14,11,6,15],[13,5,9,14,10,1,2,21,17,11,6,15],[21,13,17,9,14,10,1,2,5,15],[21,1,17,9,10,2,13,14,5,15],[9,1,10,2,13,14,21,17,5,15],[9,17,5,13,14,10,21,1,2,15],[5,9,17,1,10,2,13,14,21,15],[13,5,9,10,14,21,17,1,2,15],[5,1,2,13,21,17,9,10,14,15],[21,17,1,13,2,5,9,14,10,11,6,15],[1,9,2,5,21,13,14,10,17,15],[21,5,17,1,6,9,10,2,13,14,11,15],[17,9,13,10,14,1,2,5,21,11,6,15],[9,13,10,14,1,2,21,5,17,15],[17,21,5,9,13,14,10,1,2,15],[21,13,17,9,14,10,5,1,2,15],[21,1,17,5,6,13,14,2,9,10,11,15],[5,13,9,14,10,21,1,2,17,15],[5,21,1,6,9,10,2,13,14,17,15],[1,13,2,17,21,9,10,14,5,11,6,15],[5,13,21,1,14,2,17,9,10,11,6,15],[1,5,2,21,9,13,14,10,17,15],[17,1,9,10,2,21,13,14,5,15],[13,17,1,2,21,9,10,14,5,15],[5,9,21,13,10,14,1,2,17,15],[9,21,13,14,10,17,1,2,5,11,6,15],[1,9,2,21,5,17,13,14,10,11,6,15],[5,9,1,2,13,10,14,21,17,11,6,15],[9,1,2,17,21,13,14,10,5,15],[9,5,21,1,2,17,13,14,10,15],[9,17,21,1,2,13,10,14,5,11,6,15],[1,5,2,21,9,13,10,14,17,11,6,15],[21,13,17,1,2,9,10,14,5,11,6,15],[9,1,2,17,21,13,14,10,5,11,6,15],[17,13,1,14,2,21,5,9,10,11,6,15],[13,17,21,1,2,9,14,10,5,15],[13,1,14,2,17,9,10,21,5,11,6,15],[21,9,17,13,10,14,1,2,5,11,6,15],[17,9,13,14,10,1,2,21,5,15],[13,21,9,14,10,1,2,17,5,15],[21,9,17,13,14,10,5,1,2,11,6,15],[9,5,13,14,10,1,2,17,21,11,6,15],[13,17,21,1,14,2,9,10,5,15],[9,21,5,1,2,13,14,10,17,15],[17,5,1,2,21,9,13,14,10,11,6,15],[13,5,21,1,14,2,17,9,10,15],[9,21,1,10,2,17,5,13,14,15],[21,17,1,13,14,2,9,10,5,15],[5,17,21,13,1,2,9,14,10,15],[17,21,5,1,2,13,9,10,14,11,6,15],[9,17,5,13,14,10,1,2,21,11,6,15],[1,5,6,9,2,21,13,10,14,17,11,15],[21,9,5,13,10,14,1,2,17,15],[1,13,14,2,5,9,10,17,21,11,6,15],[13,1,14,2,9,10,5,21,17,15],[13,1,14,2,21,9,10,17,5,11,6,15],[5,1,2,13,9,10,14,21,17,11,6,15],[13,21,5,1,14,2,9,10,17,11,6,15],[21,13,1,2,5,17,9,14,10,15],[5,17,1,2,21,9,13,10,14,15],[9,21,5,17,13,10,14,1,2,15],[1,13,14,2,21,17,9,10,5,15],[21,17,1,13,2,5,9,10,14,11,6,15],[17,9,1,2,21,5,13,14,10,11,6,15],[5,9,21,13,10,14,1,2,17,11,6,15],[17,9,21,1,2,13,14,10,5,15],[9,1,2,13,10,14,17,5,21,15],[5,1,2,21,9,13,10,14,17,15],[17,5,21,1,2,13,9,14,10,11,6,15],[13,17,9,14,10,21,1,2,5,11,6,15],[21,9,5,1,10,2,13,14,17,11,6,15],[1,21,5,2,9,17,13,14,10,15],[1,5,6,13,2,9,10,14,17,21,15],[13,17,21,1,2,5,9,10,14,11,6,15],[1,21,9,2,13,10,14,17,5,15],[5,17,13,1,14,2,21,9,10,11,6,15],[21,13,17,5,1,14,2,9,10,11,6,15],[21,17,5,13,9,10,14,1,2,11,6,15],[5,9,17,1,2,13,10,14,21,15],[21,5,1,6,17,9,10,2,13,14,11,15],[17,5,13,9,10,14,21,1,2,11,6,15],[9,5,13,14,10,17,21,1,2,15],[17,5,13,21,1,14,2,9,10,15],[17,21,1,5,6,9,2,13,10,14,11,15],[17,1,21,9,2,13,14,10,5,15],[17,5,13,21,9,10,14,1,2,11,6,15],[5,1,2,17,21,13,9,14,10,11,6,15],[21,13,5,9,10,14,17,1,2,15],[1,21,17,13,2,5,9,14,10,11,6,15],[13,5,21,17,1,2,9,10,14,11,6,15],[1,17,9,10,2,13,14,21,5,11,6,15],[5,17,9,1,2,21,13,14,10,11,6,15],[5,9,13,10,14,21,1,2,17,11,6,15],[17,5,9,21,13,10,14,1,2,11,6,15],[17,9,13,14,10,1,2,21,5,11,6,15],[5,21,13,17,9,10,14,1,2,15],[17,1,21,9,2,5,13,14,10,15],[17,1,9,2,5,21,13,10,14,15],[13,5,1,2,9,10,14,21,17,15],[9,5,13,14,10,1,2,21,17,15],[17,21,9,1,10,2,5,13,14,11,6,15],[21,1,17,5,6,13,2,9,10,14,15],[5,9,21,17,13,10,14,1,2,15],[17,21,13,1,14,2,5,9,10,11,6,15],[1,21,9,10,2,5,13,14,17,11,6,15],[1,9,10,2,5,21,13,14,17,15],[17,9,1,10,2,13,14,5,21,11,6,15],[13,21,5,17,9,10,14,1,2,11,6,15],[5,17,13,9,14,10,1,2,21,15],[13,9,14,10,17,5,1,2,21,15],[13,5,17,9,10,14,1,2,21,11,6,15],[13,5,1,2,9,10,14,21,17,15],[13,5,1,2,9,10,14,17,21,15],[17,5,21,1,2,13,9,14,10,15],[17,9,13,10,14,5,1,2,21,11,6,15],[13,9,14,10,5,21,17,1,2,15],[21,9,1,10,2,13,14,17,5,11,6,15],[21,13,17,1,14,2,5,9,10,15],[17,1,21,9,10,2,5,13,14,15],[9,1,10,2,17,13,14,21,5,15],[21,17,13,5,9,14,10,1,2,11,6,15],[13,17,9,10,14,21,1,2,5,11,6,15],[9,1,10,2,21,17,13,14,5,15],[5,1,2,9,21,13,10,14,17,11,6,15],[5,9,13,10,14,21,17,1,2,15],[5,1,2,9,21,17,13,14,10,11,6,15],[21,17,1,13,2,9,10,14,5,11,6,15],[13,5,21,17,9,10,14,1,2,15],[5,1,2,17,21,9,13,10,14,15],[5,1,6,13,2,21,9,14,10,17,11,15],[9,1,2,5,13,14,10,21,17,15],[21,1,13,14,2,5,9,10,17,15],[21,1,17,9,10,2,5,13,14,11,6,15],[17,9,13,10,14,21,5,1,2,11,6,15],[21,17,1,5,6,13,2,9,10,14,15],[13,17,1,14,2,5,21,9,10,11,6,15],[9,5,1,2,13,14,10,21,17,15],[17,21,5,1,2,9,13,10,14,15],[17,5,13,9,10,14,1,2,21,15],[13,1,2,9,14,10,17,5,21,11,6,15],[17,1,13,2,21,5,9,14,10,11,6,15],[1,21,9,10,2,5,17,13,14,11,6,15],[17,1,13,14,2,21,5,9,10,11,6,15],[21,9,1,10,2,5,17,13,14,15],[9,1,10,2,5,17,13,14,21,15],[17,13,1,2,5,9,14,10,21,15],[5,13,1,14,2,17,21,9,10,11,6,15],[9,13,10,14,17,21,5,1,2,15],[1,9,2,5,13,14,10,17,21,11,6,15],[5,1,2,17,9,13,10,14,21,11,6,15],[21,5,9,13,10,14,17,1,2,15],[5,17,13,21,1,14,2,9,10,15],[9,5,13,14,10,17,21,1,2,11,6,15],[13,5,9,10,14,11,1,2,17,21,6,15],[5,21,13,17,1,2,9,14,10,11,6,15],[1,17,5,2,21,13,9,14,10,15],[13,1,14,2,9,10,5,21,17,11,6,15],[5,13,1,14,2,9,10,17,21,15],[17,13,9,14,10,5,1,2,21,15],[21,5,17,1,6,9,2,13,14,10,15],[21,17,13,1,2,5,9,10,14,15],[17,5,9,21,13,14,10,1,2,11,6,15],[13,5,1,14,2,17,21,9,10,15],[17,13,1,14,2,9,10,21,5,11,6,15],[21,1,5,6,9,10,2,13,14,17,11,15],[13,9,10,14,21,5,17,1,2,11,6,15],[17,1,9,2,13,14,10,5,21,11,6,15],[1,17,21,5,6,9,10,2,13,14,15],[21,1,17,5,6,13,2,9,10,14,15],[5,1,2,9,21,13,14,10,17,11,6,15],[21,9,1,2,13,10,14,17,5,15],[5,21,9,1,2,13,10,14,17,11,6,15],[1,5,6,13,2,9,10,14,21,17,11,15],[1,21,5,6,13,2,9,14,10,17,11,15],[21,5,17,1,2,13,9,10,14,11,6,15],[21,5,9,17,13,10,14,1,2,11,6,15],[1,17,13,2,5,21,9,14,10,11,6,15],[1,5,2,9,17,13,10,14,21,15],[17,5,13,9,10,14,21,1,2,11,6,15],[9,5,13,14,10,17,21,1,2,11,6,15],[5,21,13,9,14,10,1,2,17,11,6,15],[13,9,14,10,17,1,2,5,21,11,6,15],[13,17,21,9,14,10,1,2,5,11,6,15],[1,21,13,2,5,17,9,10,14,15],[17,1,9,10,2,13,14,21,5,11,6,15],[21,17,9,5,13,14,10,1,2,15],[17,9,21,1,10,2,13,14,5,15],[21,5,1,2,9,17,13,14,10,15],[5,17,13,21,9,10,14,1,2,15],[13,1,2,17,21,9,10,14,5,15],[17,1,9,2,21,13,10,14,5,15],[17,13,5,21,9,14,10,1,2,11,6,15],[9,1,10,2,5,13,14,17,21,11,6,15],[17,13,9,10,14,5,1,2,21,11,6,15],[5,21,9,17,13,14,10,1,2,11,6,15],[5,9,21,17,13,14,10,1,2,11,6,15],[13,17,1,2,5,9,10,14,21,15],[13,1,14,2,17,5,9,10,21,15],[13,5,17,1,2,9,14,10,21,15],[13,1,2,9,10,14,21,17,5,15],[13,21,17,9,14,10,1,2,5,15],[17,1,9,10,2,21,5,13,14,11,6,15],[13,5,21,1,2,17,9,14,10,11,6,15],[21,5,1,6,13,14,2,17,9,10,15],[9,1,10,2,5,21,13,14,17,15],[13,21,5,17,9,14,10,1,2,15],[5,9,17,21,13,14,10,1,2,11,6,15],[5,9,1,10,2,17,13,14,21,11,6,15],[17,21,1,13,14,2,5,9,10,15],[17,13,5,9,10,14,1,2,21,11,6,15],[21,5,1,6,9,10,2,13,14,17,11,15],[13,21,5,9,14,10,17,1,2,11,6,15],[9,13,10,14,17,5,21,1,2,15],[17,13,21,5,9,14,10,1,2,15],[1,17,13,14,2,5,9,10,21,11,6,15],[13,21,17,1,14,2,5,9,10,11,6,15],[13,9,14,10,5,17,21,1,2,15],[5,1,6,9,2,21,13,14,10,17,15],[9,13,14,10,5,21,1,2,17,15],[1,17,9,10,2,13,14,5,21,11,6,15],[17,21,13,9,14,10,1,2,5,15],[9,1,2,21,13,14,10,5,17,15],[1,21,13,14,2,9,10,17,5,15],[5,17,9,21,1,2,13,10,14,15],[17,1,5,6,9,2,13,10,14,21,11,15],[13,1,14,2,21,9,10,17,5,15],[17,1,21,13,14,2,5,9,10,11,6,15],[1,21,13,14,2,9,10,5,17,11,6,15],[17,13,21,1,14,2,5,9,10,11,6,15],[9,17,21,1,10,2,13,14,5,15],[21,17,5,1,6,13,14,2,9,10,15],[21,1,9,2,5,17,13,10,14,11,6,15],[5,21,17,13,1,2,9,14,10,15],[1,13,14,2,5,17,9,10,21,15],[17,5,1,6,9,10,2,21,13,14,11,15],[17,1,21,13,14,2,5,9,10,11,6,15],[5,17,13,21,9,14,10,1,2,15],[13,21,17,9,10,14,5,1,2,11,6,15],[5,17,13,1,14,2,21,9,10,11,6,15],[17,9,1,2,5,21,13,10,14,11,6,15],[21,9,13,10,14,1,2,17,5,15],[13,17,9,10,14,5,1,2,21,11,6,15],[17,13,21,1,2,5,9,10,14,15],[21,1,17,13,2,5,9,10,14,11,6,15],[21,5,17,13,1,14,2,9,10,15],[5,21,17,1,2,13,9,10,14,15],[1,9,10,2,5,21,13,14,17,11,6,15],[1,21,13,14,2,5,17,9,10,15],[5,17,13,9,10,14,1,2,21,15],[1,13,14,2,21,17,9,10,5,11,6,15],[9,21,13,14,10,1,2,17,5,15],[1,21,17,9,2,13,10,14,5,15],[9,5,17,13,10,14,21,1,2,11,6,15],[21,9,17,1,10,2,13,14,5,11,6,15],[5,21,17,9,1,10,2,13,14,11,6,15],[13,5,1,2,9,10,14,17,21,11,6,15],[5,1,6,21,13,2,9,10,14,17,11,15],[17,13,5,9,10,14,21,1,2,15],[17,9,1,10,2,5,13,14,21,15],[1,17,21,5,2,9,13,14,10,11,6,15],[21,13,9,14,10,1,2,17,5,11,6,15],[5,13,1,2,21,9,10,14,17,11,6,15],[1,5,2,21,9,13,10,14,17,15],[17,1,5,2,21,13,9,14,10,15],[13,17,9,10,14,1,2,5,21,11,6,15],[13,17,1,2,5,21,9,14,10,15],[17,21,5,13,1,14,2,9,10,15],[21,13,9,14,10,17,5,1,2,11,6,15],[5,1,6,9,2,17,13,14,10,21,15],[21,1,5,6,17,13,2,9,10,14,11,15],[1,13,2,21,5,9,10,14,17,11,6,15],[21,5,13,17,1,14,2,9,10,15],[5,13,17,21,1,14,2,9,10,11,6,15],[17,13,21,9,10,14,1,2,5,15],[17,5,9,13,10,14,21,1,2,15],[1,9,10,2,5,21,13,14,17,11,6,15],[1,21,13,2,5,17,9,14,10,15],[17,5,9,13,14,10,1,2,21,15],[17,5,13,9,10,14,21,1,2,11,6,15],[13,9,10,14,21,5,1,2,17,11,6,15],[5,17,1,6,13,14,2,9,10,21,15],[21,9,1,2,13,10,14,5,17,11,6,15],[5,17,1,6,13,2,9,10,14,21,15],[21,5,1,2,9,17,13,10,14,15],[13,1,14,2,9,10,17,21,5,15],[1,5,2,17,9,21,13,14,10,15],[13,21,1,14,2,17,5,9,10,15],[17,1,9,2,5,13,14,10,21,15],[5,13,9,10,14,17,21,1,2,15],[17,9,1,2,13,10,14,5,21,11,6,15],[9,17,13,10,14,21,5,1,2,11,6,15],[1,17,13,2,5,9,10,14,21,11,6,15],[5,13,17,1,2,9,14,10,21,15],[21,13,17,1,2,9,14,10,5,11,6,15],[5,17,9,1,10,2,13,14,21,11,6,15],[9,13,10,14,1,2,17,21,5,15],[1,17,13,14,2,5,9,10,21,15],[5,21,17,1,6,9,2,13,10,14,11,15],[21,13,1,2,9,14,10,5,17,11,6,15],[5,1,6,9,10,2,13,14,21,17,11,15],[9,1,10,2,13,14,17,5,21,11,6,15],[21,1,13,2,9,14,10,5,17,11,6,15],[9,13,14,10,1,2,5,17,21,15],[17,1,5,2,21,13,9,10,14,11,6,15],[17,21,13,1,14,2,5,9,10,15],[17,5,9,13,14,10,21,1,2,11,6,15],[13,21,1,14,2,9,10,17,5,15],[1,13,2,5,17,9,10,14,21,11,6,15],[13,21,17,1,2,9,14,10,5,11,6,15],[21,5,1,6,13,2,17,9,10,14,11,15],[5,17,13,21,9,10,14,1,2,11,6,15]],"n_human":8}