{"problem_id":"DV1m0Nx22GnZmiB","sigma":75,"alpha":10.000,"cost":0,"probabilities":"[0.26, 0.24, 0.27, 0.23]","payoff_matrix":"[[-9, 76, -117, 18, 19, 30], [0, -7, -117, -58, 68, -137], [-3, 22, -62, 40, -68, -216], [-42, -47, 81, -113, -37, 43]]","uncovered":[[15,7,13,5,6,14,19,23,3,11],[3,7,19,15,13,5,14,23,11],[3,15,23,19,7,13,5,14],[3,7,15,5,13,6,14,23,11,19],[11,15,23,3,7,13,5,14],[15,19,11,3,23,7,5,13,14],[3,11,7,15,5,13,6,14,19,23],[15,19,7,5,13,14,11,3,23],[7,3,23,11,15,13,5,14],[11,19,23,3,7,15,13,5,14],[3,11,7,23,15,5,13,14],[23,7,15,5,13,14,19,11],[11,23,7,19,15,13,5,6,14,3],[11,23,15,19,7,13,5,6,14],[3,23,19,15,7,5,13,14],[3,15,7,13,5,14,11,23],[3,7,11,15,5,13,14,19,23],[3,7,23,11,15,5,13,14,19],[7,15,5,13,14,11,3,19,23],[15,23,3,7,13,5,6,14,11,19],[11,15,23,3,7,13,5,14],[19,3,7,11,15,13,5,6,14,23],[19,3,15,11,23,7,13,5,6,14],[7,3,23,11,15,13,5,14],[7,3,23,11,19,15,13,5,6,14],[11,7,3,19,23,15,5,13,14],[3,15,23,19,7,5,13,6,14,11],[3,11,23,19,15,7,13,5,14],[19,15,3,11,23,7,5,13,14],[3,11,15,19,7,5,13,14,23],[15,3,7,5,13,14,23,11],[7,3,15,13,5,14,11,23],[7,19,23,11,3,15,5,13,14],[3,23,15,7,5,13,6,14,11,19],[15,23,19,11,3,7,5,13,14],[23,11,7,15,5,13,6,14,19,3],[11,3,7,19,23,15,13,5,6,14],[3,23,19,11,15,7,5,13,6,14],[23,7,19,3,11,15,13,5,6,14],[3,19,23,11,7,15,13,5,6,14],[3,19,11,7,23,15,13,5,14],[23,15,19,7,13,5,14,11],[11,15,19,7,13,5,6,14,3,23],[23,3,15,19,11,7,5,13,6,14],[11,3,19,7,23,15,13,5,6,14],[23,15,19,3,7,5,13,6,14,11],[7,3,19,23,15,13,5,14],[23,19,7,11,3,15,13,5,14],[15,7,5,13,14,11,19,23],[3,15,7,13,5,14,19,23],[3,15,19,23,11,7,13,5,6,14],[11,7,23,15,13,5,14,19],[15,11,3,19,23,7,13,5,14],[11,23,15,3,19,7,5,13,6,14],[3,19,7,23,11,15,13,5,14],[19,11,15,7,5,13,14,3,23],[23,15,3,7,5,13,6,14,19,11],[11,23,7,15,13,5,6,14,19,3],[23,3,7,19,15,5,13,14],[7,15,13,5,14,3,11,21,23],[23,15,7,5,13,14,11,19],[7,15,5,13,6,14,23,3,11,19],[7,19,11,3,15,5,13,14,23],[23,11,15,3,7,13,5,14],[11,23,3,7,15,5,13,14,19],[15,7,5,13,6,14,11,23,19,3],[15,11,3,19,23,7,13,5,14],[7,15,5,13,6,14,3,11,19,23],[3,23,7,15,13,5,14,11],[7,19,23,15,5,13,14,3,11],[15,19,23,3,7,5,13,14],[3,7,15,13,5,6,14,23,11,19],[11,19,7,3,23,15,5,13,6,14],[7,23,3,19,11,15,13,5,14],[23,19,3,7,15,5,13,14],[15,23,11,3,7,5,13,14],[11,19,15,23,3,7,5,13,6,14],[23,11,3,15,19,7,5,13,14],[15,19,11,3,7,13,5,6,14,23],[11,23,19,3,7,15,13,5,6,14],[11,23,15,3,7,5,13,14],[19,11,15,3,23,7,13,5,6,14],[7,15,5,13,14,11,19,23],[7,15,5,13,14,19,11,23],[3,11,15,7,5,13,6,14,23,19],[15,19,7,5,13,6,14,23,3,11],[11,7,19,3,15,13,5,6,14,23],[15,23,3,7,13,5,6,14,19,11],[7,11,23,3,19,15,13,5,6,14],[7,23,19,3,11,15,13,5,6,14],[23,3,15,11,19,7,5,13,6,14],[3,15,19,23,11,7,13,5,6,14],[11,19,23,7,3,15,5,13,6,14],[7,3,19,15,13,5,6,14,23,11],[19,15,7,5,13,14,3,23],[7,23,15,5,13,6,14,19,11,3],[11,23,7,19,3,15,5,13,6,14],[7,11,19,23,15,5,13,6,14,3],[3,15,23,11,19,7,13,5,14],[3,7,11,19,15,13,5,14,23],[7,23,15,13,5,6,14,3,19,11],[3,7,11,19,15,13,5,14,23],[19,11,3,23,7,15,13,5,14],[3,11,19,15,7,5,13,6,14,23],[11,3,19,23,7,15,5,13,14],[11,19,23,7,15,13,5,14],[15,3,11,23,7,5,13,14],[7,19,23,15,5,13,14,11],[7,19,11,3,23,15,13,5,14],[19,3,11,15,23,7,5,13,6,14],[23,11,3,7,15,5,13,6,14,19],[15,23,11,19,3,7,5,13,6,14],[15,19,11,23,7,13,5,6,14],[11,19,15,23,7,13,5,6,14,3],[23,7,11,15,13,5,14,19],[3,23,7,15,5,13,14,19],[15,11,23,19,7,5,13,6,14,3],[23,3,19,11,7,15,5,13,6,14],[3,19,11,23,15,7,5,13,6,14],[3,11,19,7,23,15,13,5,14],[23,3,7,11,15,5,13,14],[23,3,11,19,7,15,5,13,6,14],[15,19,7,5,13,6,14,3,11,23],[19,23,11,3,7,15,5,13,14],[7,3,19,11,15,5,13,6,14,23],[7,19,3,15,13,5,6,14,11,23],[11,23,3,7,15,5,13,6,14,19],[3,23,11,19,15,7,5,13,14],[3,7,15,5,13,14,11,23],[15,3,11,23,7,5,13,6,14,19],[3,15,7,5,13,14,23,11],[11,7,3,19,23,15,5,13,6,14],[11,7,19,23,15,5,13,14],[19,7,3,23,15,5,13,14],[3,7,11,23,15,13,5,6,14,19],[15,19,23,11,7,5,13,6,14,3],[15,7,13,5,14,19,11,3,23],[3,23,19,15,11,7,13,5,6,14],[23,15,19,3,11,7,13,5,14],[3,19,15,7,13,5,6,14,11,23],[3,19,11,15,7,5,13,6,14,23],[11,15,19,3,23,7,5,13,14],[19,11,7,23,3,15,5,13,6,14],[15,7,5,13,6,14,3,19,11,23],[7,23,11,3,15,13,5,14],[3,19,11,23,7,15,13,5,6,14],[3,11,15,23,7,13,5,6,14,19],[15,23,19,3,7,5,13,14],[3,11,15,19,23,7,5,13,14],[11,7,15,13,5,6,14,23,3,19],[7,11,3,15,5,13,6,14,23,19],[3,15,11,7,5,13,14,19,23],[7,11,3,15,5,13,6,14,23,19],[15,7,13,5,14,19,11,3,23],[19,15,11,23,3,7,5,13,14],[3,19,15,7,5,13,6,14,23,11],[23,19,15,7,13,5,14,3],[11,7,23,15,13,5,14,3,19],[15,23,19,7,13,5,6,14,11,3],[7,15,5,13,14,23,19,3],[23,19,7,11,15,13,5,6,14,3],[3,15,11,19,7,13,5,6,14,23],[3,7,23,19,11,15,13,5,6,14],[23,11,7,3,19,15,13,5,14],[11,7,15,5,13,6,14,19,23,3],[23,3,11,7,19,15,5,13,14],[19,15,3,11,7,5,13,6,14,23],[23,3,19,15,7,5,13,14],[3,15,19,23,7,5,13,14],[15,23,19,11,3,7,5,13,14],[7,11,15,13,5,6,14,19,23,3],[15,3,23,7,5,13,14,11,19],[7,23,15,13,5,14,19,11],[7,15,5,13,6,14,3,19,23,11],[3,15,7,13,5,6,14,19,23,11],[3,15,11,7,13,5,14,23,19],[23,15,19,7,13,5,6,14,3,11],[7,11,23,15,13,5,6,14,19,3],[15,23,11,19,7,13,5,14],[11,7,3,15,13,5,6,14,23,19],[15,23,11,19,7,5,13,14],[19,23,3,11,7,15,13,5,14],[7,19,23,15,13,5,14,3],[11,3,23,19,15,7,5,13,6,14],[7,19,3,15,5,13,6,14,11,23],[7,11,19,15,13,5,14,3,23],[3,19,7,15,13,5,6,14,11,23],[23,3,19,7,15,5,13,6,14,11],[23,11,19,7,15,5,13,6,14,3],[7,11,15,5,13,6,14,19,3,23],[7,19,11,3,15,13,5,14,23],[23,11,15,7,5,13,14,3],[23,7,11,15,5,13,14,3],[7,3,23,11,19,15,5,13,6,14],[19,11,3,15,7,13,5,14,23],[7,3,19,23,11,15,13,5,14],[15,3,11,7,5,13,14,23],[19,7,3,15,13,5,6,14,21,23,11],[15,19,23,11,3,7,13,5,14],[15,19,7,5,13,6,14,23,3,11],[7,19,11,3,15,13,5,6,14,23],[19,7,23,11,15,5,13,6,14,3],[7,11,15,5,13,14,19,23],[19,11,15,23,3,7,5,13,14],[11,7,23,19,15,13,5,14],[23,7,15,5,13,14,3,19],[3,11,23,7,15,13,5,14],[3,19,23,11,15,7,5,13,14],[23,11,19,3,7,15,5,13,6,14],[3,23,19,7,15,13,5,14],[23,3,7,15,5,13,14,19],[15,7,5,13,14,23,11,19],[23,15,11,7,13,5,14,3],[7,3,23,15,5,13,6,14,11,19],[3,7,11,15,13,5,6,14,23,19],[19,11,15,3,23,7,5,13,14],[11,15,23,7,13,5,6,14,3,19],[11,15,3,23,7,13,5,14],[19,15,23,7,13,5,6,14,3,11],[11,19,3,7,23,15,13,5,14],[23,11,7,15,5,13,14,3,19],[19,3,15,23,7,5,13,14],[7,11,15,13,5,6,14,23,3,19],[7,11,19,15,13,5,6,14,23,3],[15,11,7,13,5,14,23,19],[23,15,11,7,13,5,14,3],[23,11,7,15,5,13,14,19],[15,7,5,13,14,19,11,23],[7,15,13,5,14,23,3,11],[23,15,11,3,7,5,13,6,14,19],[19,11,15,23,3,7,5,13,14],[7,15,5,13,14,19,11,23],[7,19,11,3,15,13,5,6,14,21,23],[15,7,13,5,14,3,11,23],[3,19,7,15,5,13,6,14,23,11],[23,7,11,3,19,15,5,13,6,14],[11,23,15,19,3,7,13,5,14],[11,15,19,3,7,13,5,14,23],[23,7,11,19,3,15,5,13,6,14],[15,23,7,5,13,6,14,19,11,3],[19,11,23,3,15,7,5,13,6,14],[11,7,15,5,13,6,14,19,3,23],[3,23,15,7,5,13,14,11],[11,19,15,3,23,7,13,5,14],[11,15,23,19,3,7,5,13,6,14],[23,11,7,19,15,13,5,14],[3,15,11,23,7,13,5,14],[15,23,11,3,7,13,5,14],[15,7,5,13,6,14,11,23,3,19],[23,19,3,7,11,15,5,13,14],[19,23,3,11,7,15,5,13,6,14],[11,23,15,3,7,13,5,14,19],[7,19,15,13,5,6,14,11,3,23],[15,19,23,7,5,13,6,14,3,11],[3,23,19,11,15,7,5,13,14],[11,3,7,23,15,13,5,6,14,19],[7,23,15,13,5,6,14,19,1,11],[19,23,11,7,3,15,13,5,6,14],[11,23,3,19,7,15,13,5,14],[3,19,23,15,11,7,5,13,14],[15,3,19,7,5,13,14,23],[15,3,19,7,5,13,14,11,23],[7,23,15,13,5,14,3,19,11],[11,19,3,15,7,13,5,14,23],[7,3,23,15,5,13,6,14,11,19],[7,23,15,13,5,6,14,11,19,3],[15,19,3,23,7,5,13,6,14,11],[15,3,19,23,7,13,5,6,14,11],[3,7,19,23,11,15,5,13,6,14],[11,19,23,3,15,7,5,13,14],[23,11,19,3,15,7,5,13,14],[7,23,11,3,19,15,5,13,14],[19,11,3,15,23,7,5,13,6,14],[11,19,3,7,15,5,13,14,23],[7,3,19,15,13,5,6,14,23,11],[19,15,11,7,13,5,6,14,3,23],[15,23,7,13,5,14,11,19],[23,11,19,15,7,5,13,14],[15,23,3,11,19,7,13,5,14],[11,15,19,7,5,13,14,3,23],[11,7,23,15,5,13,6,14,3,19],[23,19,15,3,7,13,5,14],[19,15,23,7,13,5,14,11],[23,19,3,11,15,7,5,13,14],[15,23,3,7,5,13,6,14,11,19],[11,15,23,7,13,5,14,19],[15,19,7,13,5,6,14,11,23,3],[15,19,11,3,23,7,5,13,14],[7,19,23,15,5,13,14,3,11],[23,19,11,15,7,5,13,6,14,3],[23,19,3,15,11,7,13,5,6,14],[7,19,15,5,13,6,14,11,3,23],[11,15,23,7,13,5,6,14,19,3],[19,23,7,11,3,15,13,5,6,14],[23,3,7,15,5,13,6,14,11,19],[7,11,23,3,15,5,13,6,14,19],[19,3,15,11,7,5,13,6,14,23],[19,11,15,3,23,7,5,13,14],[23,3,11,19,15,7,13,5,6,14],[19,15,11,7,5,13,6,14,23,3],[7,23,3,19,15,5,13,6,14,11],[11,15,3,23,19,7,5,13,14],[3,15,23,19,11,7,13,5,14],[19,3,15,23,11,7,13,5,14],[23,15,11,7,5,13,6,14,19,3],[15,3,19,23,7,5,13,6,14,11],[11,3,23,15,7,5,13,6,14,19],[11,23,15,3,19,7,5,13,6,14],[19,11,23,3,7,15,5,13,6,14],[15,3,11,7,5,13,14,19,23],[11,3,23,19,15,7,5,13,6,14],[15,7,5,13,14,19,3,11,23],[15,7,5,13,6,14,23,3,11,19],[15,19,11,3,23,7,5,13,14],[15,23,11,3,19,7,13,5,14],[15,11,19,3,7,5,13,6,14,23],[11,19,15,23,3,7,13,5,6,14],[3,11,7,15,5,13,6,14,19,23],[7,15,13,5,6,14,3,23,11,19],[19,15,7,13,5,14,3,23],[3,19,15,11,23,7,13,5,6,14],[11,19,3,15,23,7,5,13,14],[3,23,7,15,5,13,14,11],[7,3,19,23,15,5,13,6,14,9],[23,11,19,7,15,5,13,6,14,3],[3,19,23,11,15,7,5,13,6,14],[3,23,7,11,19,15,13,5,6,14],[7,19,15,5,13,6,14,3,11,23],[7,19,15,13,5,6,14,23,11,3],[11,19,3,7,23,15,13,5,6,14],[11,15,23,3,19,7,13,5,6,14],[15,11,7,13,5,6,14,23,19,3],[23,3,7,15,13,5,14,19],[11,7,15,13,5,6,14,3,19,23],[15,23,19,11,3,7,5,13,14],[19,3,23,11,15,7,13,5,6,14],[3,11,15,7,5,13,14,19,23],[3,23,19,11,7,15,5,13,14],[15,23,19,7,13,5,6,14,11,3],[15,7,13,5,14,23,3,11],[7,15,5,13,14,19,23,3],[11,3,19,23,7,15,5,13,6,14],[23,19,7,11,15,13,5,6,14,3],[15,11,3,23,7,5,13,14,19],[3,7,19,11,15,5,13,14,23],[3,19,7,15,13,5,6,14,11,23],[23,7,19,15,5,13,14,11],[7,15,13,5,14,11,3,19,23],[7,3,11,23,19,15,5,13,6,14],[15,11,23,3,7,5,13,6,14,19],[19,11,3,7,15,5,13,6,14,23],[15,19,7,5,13,14,11,3],[23,15,7,13,5,6,14,11,19,3],[19,15,3,11,23,7,13,5,6,14],[23,11,7,3,19,15,5,13,6,14],[23,15,7,5,13,14,9,19],[23,15,7,13,5,6,14,19,11,3],[7,15,13,5,6,14,19,3,11,23],[7,23,3,15,13,5,14,11],[15,11,23,3,7,5,13,14,19],[11,23,7,3,19,15,5,13,14],[15,7,5,13,6,14,19,23,3,11],[3,15,19,7,5,13,14,11,23],[19,7,15,5,13,6,14,3,11,23],[3,23,7,11,15,13,5,6,14,19],[11,23,7,15,13,5,14,3],[3,7,11,19,15,5,13,6,14,23],[3,19,15,23,11,7,13,5,14],[19,11,7,3,23,15,5,13,6,14],[23,15,3,7,5,13,6,14,19,11],[3,15,11,7,5,13,6,14,19,23],[11,7,3,23,15,13,5,6,14,19],[15,11,7,5,13,14,23,3],[19,11,3,7,15,13,5,6,14,23],[7,3,15,5,13,14,23,11],[7,3,19,15,5,13,14,23],[19,11,23,3,7,15,13,5,6,14],[23,15,7,13,5,6,14,11,19,3],[11,7,19,3,15,5,13,6,14,23],[11,7,15,5,13,6,14,19,23,3],[7,23,11,3,19,15,13,5,14],[23,3,7,11,15,5,13,6,14,19],[23,3,19,7,11,15,5,13,6,14],[7,11,3,23,19,15,5,13,14],[19,11,3,7,23,15,13,5,14],[15,7,13,5,14,3,23,19],[3,23,19,15,7,5,13,14],[15,19,3,11,23,7,5,13,6,14],[23,3,11,15,7,13,5,14],[15,3,11,7,5,13,6,14,23,19],[19,11,7,15,5,13,14,23],[11,23,7,15,5,13,14,19],[7,19,23,15,13,5,14,3],[15,23,3,19,7,5,13,6,14,11],[7,11,3,23,15,13,5,6,14,19],[7,11,15,13,5,6,14,1,23,19],[3,19,23,15,11,7,5,13,6,14],[15,23,7,5,13,6,14,19,3,11],[3,7,15,13,5,14,11,23],[3,7,23,19,11,15,5,13,14],[23,15,3,7,13,5,14,19],[7,15,13,5,14,3,11,23],[3,11,19,7,23,15,13,5,6,14],[7,15,5,13,14,1,19,11,23],[19,15,7,5,13,14,11,23],[23,7,11,19,15,13,5,6,14],[23,7,11,15,13,5,14,3,19],[15,19,23,3,11,7,5,13,6,14],[23,11,15,3,19,7,5,13,6,14],[7,23,15,13,5,6,14,11,3,19],[11,7,15,13,5,14,19,23],[11,7,15,5,13,6,14,23,3,19],[15,19,23,7,5,13,6,14,11,3],[19,11,23,15,7,13,5,14],[15,3,19,11,7,5,13,14,23],[7,23,11,3,15,13,5,14,19],[7,3,23,15,13,5,14,11],[11,23,3,15,7,13,5,6,14,19],[15,19,23,3,11,7,13,5,6,14],[19,15,7,13,5,14,11,3,23],[7,15,5,13,6,14,19,11,23,3],[3,11,7,19,15,5,13,14,23],[11,15,23,7,13,5,6,14,19,3],[15,11,19,23,3,7,13,5,14],[3,11,7,19,15,5,13,14,23],[3,15,23,7,5,13,6,14,11,19],[3,7,15,13,5,14,19,23],[3,19,15,23,11,7,5,13,6,14],[19,11,7,23,15,13,5,6,14,3],[11,3,19,23,7,15,13,5,14],[23,11,19,3,15,7,5,13,14],[23,7,19,3,15,5,13,14],[11,7,23,15,13,5,14,3],[23,7,11,15,5,13,6,14,19,3],[19,23,7,11,3,15,5,13,6,14],[11,3,15,7,13,5,14,19,23],[19,3,11,23,7,15,5,13,6,14],[23,19,7,11,3,15,5,13,14],[19,23,7,3,11,15,5,13,14],[7,19,11,15,13,5,14,23],[11,15,7,13,5,14,23,19],[15,3,19,11,7,5,13,6,14,23],[3,19,11,15,23,7,13,5,14],[15,19,11,3,7,13,5,14,23],[7,15,5,13,14,11,23,3],[19,11,7,15,5,13,14,23],[15,3,23,19,7,5,13,6,14,11],[7,15,5,13,14,19,3,11,23],[23,19,15,3,11,7,5,13,6,14],[23,3,11,15,19,7,13,5,6,14],[3,7,19,11,15,5,13,6,14,23],[7,3,19,23,15,13,5,6,14,11],[3,11,7,15,5,13,14,19,23],[15,3,11,19,7,5,13,14,23],[15,19,3,7,13,5,6,14,23,11],[23,3,19,7,15,13,5,6,14,11],[23,15,19,3,11,7,13,5,6,14],[15,19,23,11,3,7,13,5,6,14],[11,19,7,23,3,15,13,5,6,14],[15,7,5,13,14,19,23,3],[19,15,7,13,5,14,11,23],[23,3,7,19,15,5,13,6,14,11],[7,11,15,5,13,14,23,19],[19,11,15,3,7,5,13,14,23],[11,3,15,7,13,5,14,19,23],[15,19,23,11,7,5,13,14],[15,11,3,23,19,7,13,5,6,14],[3,23,19,7,15,13,5,14],[19,3,7,15,5,13,14,11,23],[11,23,3,15,19,7,13,5,14],[11,15,7,13,5,6,14,3,23,19],[15,19,11,3,7,13,5,6,14,23],[15,7,13,5,6,14,11,23,3,19],[7,23,19,3,15,5,13,6,14,11],[3,19,23,15,11,7,5,13,6,14],[3,7,23,15,13,5,6,14,19,11],[3,15,19,23,11,7,5,13,6,14],[11,15,7,13,5,6,14,23,3,19],[11,15,7,13,5,14,19,23],[23,7,15,13,5,6,14,3,19,11],[19,3,15,23,11,7,13,5,14],[7,23,19,15,13,5,14,3],[3,19,23,7,15,5,13,14],[23,3,11,7,15,5,13,6,14,19],[23,19,7,11,15,5,13,14],[19,15,23,3,11,7,5,13,6,14],[7,11,3,23,15,5,13,6,14,19],[15,3,7,5,13,14,11,19,23],[11,23,7,19,15,13,5,6,14,3],[11,7,23,19,15,5,13,14],[23,19,11,15,7,5,13,14],[19,15,11,3,7,13,5,6,14,23],[3,11,15,7,5,13,6,14,19,23],[3,11,19,7,23,15,13,5,14],[3,23,19,11,7,15,13,5,6,14],[7,19,15,5,13,6,14,3,11,23],[3,11,19,15,7,5,13,6,14,23],[3,19,15,23,7,5,13,6,14,11],[11,3,7,19,23,15,5,13,6,14],[23,3,11,7,19,15,13,5,6,14],[15,11,7,5,13,14,17,23,3],[7,11,19,3,23,15,13,5,14],[19,3,23,7,11,15,5,13,14],[11,23,19,15,7,13,5,14],[19,15,11,7,5,13,6,14,3,23],[23,7,19,3,15,5,13,14],[11,15,23,7,13,5,6,14,19,3],[3,11,7,19,15,5,13,14,23],[19,7,15,13,5,14,23,11],[15,3,19,7,5,13,6,14,11,23],[23,19,15,3,11,7,13,5,14],[19,3,15,7,5,13,6,14,11,23],[11,23,3,19,15,7,5,13,6,14],[15,3,11,7,5,13,14,19,23],[3,11,15,7,5,13,6,14,19,23],[7,11,15,13,5,6,14,1,23,19],[19,11,3,15,23,7,5,13,6,14],[23,15,19,3,7,13,5,6,14,11],[3,23,19,11,15,7,5,13,14],[15,11,23,7,13,5,6,14,3,19],[11,3,19,15,23,7,5,13,6,14],[7,23,11,3,15,13,5,14],[19,3,15,7,13,5,6,14,11,23],[7,11,23,3,15,5,13,6,14,19],[3,19,7,23,15,5,13,14],[19,23,11,15,3,7,5,13,14],[23,7,19,11,15,13,5,14],[23,19,7,3,11,15,13,5,6,14],[7,23,19,3,15,5,13,6,14,11],[11,15,3,7,5,13,6,14,23,19],[7,3,11,15,13,5,6,14,19,23],[19,3,11,23,7,15,13,5,14],[7,23,19,11,15,5,13,6,14],[7,23,15,5,13,6,14,3,11,19],[23,7,19,15,5,13,6,14,3,11],[7,23,3,19,15,13,5,6,14,11],[11,7,3,19,15,13,5,6,14,23],[15,7,5,13,6,14,23,19,11,3],[15,11,3,19,7,5,13,14,23],[7,23,3,15,5,13,6,14,11,19],[23,3,7,15,5,13,14,11],[15,7,13,5,14,11,19,3,23],[23,19,11,7,3,15,13,5,14],[7,23,3,15,5,13,6,14,19,11],[7,15,13,5,14,3,23,19],[19,11,3,15,23,7,5,13,14],[11,23,19,15,7,5,13,14],[15,3,23,7,13,5,6,14,19,11],[15,11,7,5,13,6,14,19,3,23],[7,3,19,11,23,15,5,13,6,14],[7,23,11,3,19,15,5,13,14],[3,23,11,15,19,7,5,13,14],[15,19,11,23,7,13,5,6,14,3],[3,11,15,7,13,5,14,19,23],[19,11,3,15,7,5,13,6,14,23],[23,3,7,11,15,5,13,6,14,19],[3,15,11,19,23,7,13,5,14],[11,23,15,19,7,13,5,14],[7,11,19,3,23,15,5,13,14],[3,23,7,19,15,13,5,6,14,11],[11,15,7,13,5,14,19,23],[3,23,11,15,19,7,5,13,14],[19,3,23,7,15,5,13,14],[7,15,5,13,6,14,11,3,23,19],[23,19,7,3,11,15,5,13,6,14],[23,19,3,15,11,7,13,5,6,14],[15,11,3,23,19,7,13,5,14],[23,19,15,3,11,7,5,13,6,14],[23,19,11,7,15,13,5,6,14,3],[11,23,3,7,19,15,13,5,6,14],[11,3,7,15,5,13,14,19,23],[19,11,23,7,15,13,5,14],[3,19,15,23,11,7,13,5,6,14],[23,15,19,11,3,7,5,13,6,14],[19,3,23,11,15,7,5,13,6,14],[11,15,23,3,7,5,13,6,14,19],[3,15,23,7,5,13,6,14,11,19],[19,11,3,7,23,15,13,5,14],[7,23,3,19,11,15,13,5,6,14],[15,23,11,7,13,5,6,14,3,19],[19,7,23,15,5,13,14,3],[3,19,23,15,11,7,13,5,6,14],[11,19,7,23,3,15,13,5,6,14],[15,19,23,7,13,5,14,11],[11,7,19,3,23,15,13,5,6,14],[19,3,23,11,15,7,5,13,14],[3,15,19,11,23,7,13,5,6,14],[23,15,19,11,3,7,5,13,6,14],[15,11,23,19,3,7,13,5,14],[15,3,7,13,5,6,14,19,23,11],[3,7,23,19,11,15,13,5,6,14],[15,7,13,5,14,23,3,11],[19,7,11,3,23,15,13,5,14],[7,15,5,13,6,14,19,3,11,23],[11,3,15,19,23,7,5,13,6,14],[15,7,13,5,6,14,23,11,3,19],[19,23,7,11,3,15,5,13,14],[3,15,7,5,13,6,14,23,19,11],[7,23,15,5,13,6,14,3,11,19],[19,11,23,3,7,15,13,5,14],[15,3,19,23,11,7,13,5,6,14],[3,15,7,13,5,14,11,23,19],[19,3,11,23,7,15,13,5,14],[15,3,7,5,13,14,19,23],[19,23,3,15,11,7,13,5,6,14],[7,11,15,5,13,14,3,19,23],[23,3,19,7,15,13,5,14,11],[19,3,11,23,15,7,5,13,6,14],[19,11,23,3,7,15,5,13,6,14],[11,3,23,7,19,15,5,13,6,14],[23,19,3,7,11,15,5,13,6,14],[7,3,15,13,5,14,19,23],[19,23,3,11,15,7,5,13,6,14],[19,3,11,7,23,15,5,13,6,14],[19,3,15,7,5,13,14,23],[3,7,23,11,19,15,13,5,14],[7,19,15,5,13,14,3,11,23],[11,23,3,19,15,7,13,5,14],[3,11,19,15,7,13,5,14,23],[19,23,15,3,7,5,13,6,14,11],[19,7,11,15,13,5,6,14,3,23],[7,19,15,13,5,14,3,23],[15,11,3,23,7,5,13,6,14,19],[23,15,7,13,5,6,14,19,3,11],[19,7,3,23,15,13,5,14],[3,11,19,7,23,15,13,5,14],[3,11,23,7,19,15,5,13,6,14],[3,19,23,7,15,5,13,6,14,11],[23,15,11,3,7,5,13,6,14,19],[23,3,7,19,11,15,13,5,6,14],[11,3,7,15,13,5,14,19,23],[23,3,15,11,7,13,5,14],[19,3,23,11,7,15,13,5,14],[19,11,7,23,15,13,5,6,14,3],[3,7,19,15,13,5,6,14,23,11],[3,11,19,15,23,7,13,5,6,14],[7,23,19,15,13,5,6,14,3,11],[19,3,11,23,15,7,13,5,6,14],[19,23,11,7,3,15,13,5,14],[7,15,13,5,6,14,3,23,11,19],[3,7,11,23,19,15,5,13,14],[19,11,7,15,13,5,14,23],[19,23,7,11,3,15,13,5,6,14],[3,15,23,19,7,5,13,6,14,11],[19,15,11,7,5,13,14,3,23],[15,7,13,5,14,23,3,19],[7,15,13,5,6,14,11,3,19,23],[19,11,7,3,23,15,5,13,14],[15,7,5,13,6,14,3,19,11,23],[11,15,19,7,13,5,6,14,23,3],[15,19,11,23,3,7,5,13,6,14],[11,3,7,23,15,5,13,14],[3,19,7,15,13,5,6,14,23,11],[3,15,19,7,5,13,14,23],[15,7,5,13,14,3,23,19],[3,19,23,7,15,13,5,14],[15,3,7,5,13,6,14,23,11,19],[23,3,11,15,19,7,5,13,14],[7,19,3,15,13,5,6,14,23,11],[19,7,11,3,15,5,13,14,23],[23,7,11,15,5,13,14,19],[15,19,3,23,11,7,13,5,14],[15,11,23,3,7,13,5,14,19],[11,19,7,15,5,13,14,3,23],[19,3,7,11,23,15,5,13,14],[7,23,15,5,13,14,11,19],[15,11,3,7,13,5,6,14,23,19],[23,7,19,15,13,5,6,14,3,11],[3,19,23,11,15,7,5,13,14],[7,3,19,15,13,5,6,14,11,23],[23,15,3,7,5,13,14,11],[23,19,3,11,15,7,13,5,14],[11,3,15,7,13,5,6,14,19,23],[23,3,19,7,11,15,5,13,14],[11,7,23,19,3,15,13,5,14],[23,19,7,3,15,5,13,6,14,11],[15,3,23,11,7,13,5,14],[23,11,7,15,5,13,14,19],[7,3,19,23,15,13,5,6,14,11],[15,19,7,13,5,6,14,23,11,3],[3,23,11,15,7,5,13,6,14,19],[19,3,23,11,7,15,5,13,6,14],[11,7,23,3,19,15,5,13,14],[11,23,15,3,7,5,13,6,14,19],[19,11,15,3,23,7,5,13,14],[19,3,11,23,15,7,13,5,14],[3,7,19,15,13,5,14,23],[19,3,11,23,15,7,13,5,6,14],[19,11,15,7,13,5,6,14,23,3],[23,19,15,11,7,13,5,6,14,3],[7,15,13,5,14,3,23,19,11],[3,15,19,7,13,5,14,23],[23,7,15,5,13,14,19,3],[3,11,15,23,19,7,13,5,6,14],[7,19,23,11,3,15,5,13,6,14],[15,23,19,3,7,13,5,6,14,11],[23,15,19,3,11,7,13,5,6,14],[3,11,7,23,15,13,5,6,14,19],[23,15,11,19,7,5,13,6,14,3],[7,15,13,5,6,14,3,19,11,23],[19,23,7,15,5,13,6,14,11,3],[3,7,23,11,19,15,5,13,14],[23,7,3,11,15,13,5,14],[15,7,13,5,6,14,19,3,11,23],[3,19,15,7,5,13,14,11,23],[3,11,23,19,15,7,13,5,14],[19,11,7,15,13,5,14,3,23],[3,11,23,19,15,7,5,13,14],[15,11,3,23,7,13,5,14],[11,19,23,3,7,15,5,13,14],[3,7,11,15,5,13,14,23],[7,23,15,13,5,14,19,3,11],[23,7,11,15,13,5,6,14,3,19],[3,23,11,7,15,13,5,6,14,19],[19,7,15,5,13,6,14,23,11,3],[19,7,11,23,15,13,5,14],[3,19,11,23,15,7,5,13,6,14],[7,23,3,19,15,13,5,6,14,11],[7,15,13,5,6,14,11,19,23,3],[19,23,11,15,3,7,5,13,14],[7,3,15,13,5,6,14,19,23,11],[7,3,15,13,5,6,14,11,19,23],[7,23,3,15,5,13,6,14,11,19],[19,3,15,11,7,13,5,14,23],[23,7,3,15,13,5,6,14,19,11],[11,7,15,13,5,14,19,3,23],[15,3,11,23,7,13,5,14],[23,3,19,7,11,15,13,5,14],[3,15,7,5,13,14,23,19],[15,19,3,23,11,7,13,5,14],[23,11,7,19,3,15,13,5,6,14],[19,3,15,11,23,7,13,5,6,14],[3,23,15,11,7,13,5,6,14,19],[11,19,23,15,7,5,13,14],[3,15,23,19,7,13,5,14],[19,11,7,3,15,5,13,14,23],[23,3,11,7,19,15,13,5,6,14],[11,3,7,19,23,15,13,5,14],[3,7,23,15,5,13,6,14,11,19],[23,19,7,15,13,5,6,14,3,11],[3,15,23,19,11,7,5,13,14],[15,3,11,19,23,7,13,5,14],[15,3,11,19,23,7,5,13,6,14],[23,11,3,19,15,7,5,13,14],[15,19,7,13,5,14,23,3],[11,7,23,15,13,5,6,14,19,3],[23,3,7,11,19,15,5,13,14],[3,19,23,11,15,7,13,5,14],[11,15,7,13,5,14,19,3,23],[15,19,3,11,23,7,5,13,6,14],[15,23,19,11,3,7,13,5,6,14],[11,7,3,19,23,15,5,13,6,14],[15,23,3,19,11,7,5,13,6,14],[23,19,7,11,3,15,13,5,6,14],[23,11,19,15,7,5,13,14],[19,11,23,7,15,13,5,14],[23,3,19,15,7,5,13,14],[3,15,19,7,13,5,14,23],[11,7,3,15,5,13,6,14,19,23],[3,15,7,5,13,14,11,19,23],[3,11,7,15,5,13,6,14,23,19],[3,23,11,19,7,15,13,5,14],[7,3,15,5,13,6,14,11,23,19],[11,3,7,23,15,5,13,14],[19,15,23,3,7,5,13,6,14,11],[23,3,19,15,11,7,13,5,14],[3,11,23,15,7,5,13,14],[3,19,15,7,5,13,6,14,23,11],[7,23,19,3,11,15,5,13,14],[11,19,15,7,5,13,14,23],[3,19,15,23,11,7,13,5,14],[19,15,23,7,13,5,6,14,11,3],[19,7,23,3,11,15,13,5,14],[15,7,13,5,14,11,23,19],[19,15,3,11,23,7,5,13,14],[19,23,11,7,15,5,13,6,14,3],[3,7,11,15,13,5,14,23],[7,19,11,23,3,15,5,13,6,14],[15,11,3,7,5,13,14,23],[23,7,19,3,15,5,13,14],[11,3,23,7,19,15,5,13,14],[3,15,11,23,19,7,5,13,14],[3,19,7,15,13,5,6,14,23,11],[3,11,23,15,7,5,13,6,14,19],[15,19,23,3,11,7,13,5,6,14],[7,23,15,13,5,6,14,3,19,11],[15,7,5,13,14,19,23,11],[3,7,23,15,13,5,6,14,19,11],[7,11,15,5,13,6,14,3,19,23],[15,19,3,23,7,13,5,6,14,11],[11,3,7,15,13,5,14,19,23],[15,3,19,23,7,13,5,6,14,11],[15,19,7,13,5,14,3,11,23],[15,11,7,5,13,14,19,3,23],[3,11,23,15,19,7,5,13,14],[23,19,15,11,7,13,5,6,14],[23,15,11,7,5,13,14,3],[7,11,3,23,19,15,5,13,14],[19,7,11,23,3,15,5,13,14],[19,7,23,3,11,15,5,13,6,14],[15,11,3,19,7,5,13,14,23],[3,23,11,7,15,5,13,14],[11,15,7,13,5,6,14,3,19,23],[19,15,7,13,5,6,14,3,11,23],[3,15,23,19,11,7,13,5,14],[7,11,15,13,5,6,14,3,19,23],[19,15,11,23,7,13,5,14],[19,3,11,23,15,7,5,13,14],[15,19,3,11,23,7,5,13,6,14],[11,7,19,3,23,15,13,5,14],[23,11,19,7,15,13,5,14],[15,23,11,3,19,7,5,13,14],[7,15,5,13,14,23,19,11],[11,15,3,19,23,7,5,13,6,14],[7,11,19,15,13,5,6,14,3,23],[11,15,19,7,13,5,14,3,23],[11,7,15,5,13,6,14,23,19,3],[15,11,7,13,5,6,14,23,3,19],[7,11,19,15,5,13,6,14,3,23],[15,11,7,5,13,14,19,3,23],[19,15,23,7,13,5,14,3],[15,7,13,5,6,14,19,23,3,11],[7,19,23,11,15,5,13,6,14,3],[15,19,23,3,7,13,5,6,14,11],[3,7,11,19,23,15,13,5,6,14],[19,7,23,11,3,15,5,13,6,14],[23,11,15,7,5,13,6,14,19,3],[23,19,7,11,15,13,5,6,14,3],[23,11,15,3,19,7,5,13,14],[11,3,23,19,7,15,5,13,14],[7,3,19,11,15,5,13,14,23],[23,19,11,7,15,5,13,14],[11,7,3,23,15,5,13,14,19],[23,15,11,7,13,5,6,14,3,19],[23,15,7,5,13,6,14,3,11,19],[19,23,15,3,7,13,5,14],[11,3,7,23,19,15,13,5,6,14],[23,15,11,7,5,13,6,14,3,19],[7,19,15,5,13,6,14,3,23,11],[19,7,15,13,5,14,3,23,11],[19,7,15,5,13,6,14,11,23,3],[11,3,15,7,13,5,14,23],[7,11,23,15,13,5,14,19],[7,19,11,3,23,15,5,13,6,14],[23,7,19,15,13,5,6,14,11,3],[3,15,7,5,13,14,11,19,23],[15,3,11,23,19,7,13,5,6,14],[11,19,15,7,13,5,14,3,23],[23,7,11,19,3,15,5,13,6,14],[7,15,13,5,6,14,11,3,23,19],[23,15,3,11,19,7,13,5,14],[19,11,3,23,7,15,5,13,6,14],[7,11,23,15,5,13,6,14,1,19],[15,23,19,3,11,7,13,5,6,14],[19,15,3,7,13,5,14,23],[23,15,3,7,13,5,14,11],[3,7,11,23,19,15,13,5,14],[7,19,3,11,15,5,13,14,23],[7,19,3,23,15,13,5,6,14,11],[23,15,7,13,5,6,14,19,3,11],[7,23,11,19,3,15,5,13,14],[7,3,15,13,5,14,23,19],[15,19,23,3,7,5,13,14],[11,23,3,19,7,15,13,5,6,14],[7,15,5,13,14,3,23,11],[7,15,13,5,14,19,3,11,23],[11,7,15,5,13,14,3,19,23],[19,15,11,7,13,5,6,14,3,23],[23,11,19,7,15,5,13,6,14,3],[7,11,19,3,15,5,13,6,14,23],[15,3,7,13,5,14,23,11,19],[7,23,15,5,13,6,14,3,19,11],[23,7,11,3,19,15,13,5,14],[23,19,11,3,7,15,5,13,6,14],[3,15,7,13,5,14,23,19],[11,3,7,19,15,13,5,14,23],[7,23,11,3,15,13,5,14],[15,7,13,5,14,23,19,3],[19,7,23,15,5,13,6,14,3,11],[7,23,19,3,15,13,5,14],[19,7,3,11,23,15,13,5,6,14],[11,19,23,7,3,15,5,13,14],[11,3,7,23,15,5,13,14,19],[19,23,3,15,11,7,5,13,14],[23,15,3,11,19,7,5,13,6,14],[7,11,15,5,13,6,14,19,23,3],[3,7,19,11,15,13,5,6,14,23],[11,3,15,19,7,5,13,14,23],[11,15,3,23,19,7,5,13,6,14],[11,15,3,19,7,13,5,14,23],[7,11,23,19,3,15,13,5,6,14],[19,11,7,23,3,15,5,13,14],[7,19,3,15,13,5,6,14,23,11],[23,19,7,11,15,13,5,14],[23,3,11,19,15,7,13,5,14],[7,11,15,13,5,14,19,23],[23,7,15,13,5,6,14,19,11,3],[19,15,23,11,7,13,5,6,14,3],[19,11,3,15,7,13,5,6,14,23],[3,11,23,19,7,15,5,13,6,14],[15,11,3,7,5,13,14,23,19],[7,23,15,5,13,14,19,3],[11,7,3,23,15,5,13,14],[23,15,3,11,19,7,5,13,6,14],[7,11,23,3,15,5,13,14,19],[11,15,7,5,13,6,14,3,23,19],[23,3,11,15,7,13,5,6,14,19],[3,7,23,19,11,15,13,5,14],[19,7,11,3,23,15,13,5,14],[19,15,3,11,23,7,13,5,6,14],[15,19,7,5,13,6,14,23,11,3],[11,7,15,5,13,6,14,23,19,3],[11,23,7,15,13,5,14,19],[3,11,7,19,15,5,13,14,23],[7,11,3,19,23,15,13,5,6,14],[7,15,13,5,6,14,23,11,19],[15,11,3,19,7,5,13,6,14,23],[15,11,3,23,19,7,13,5,14],[15,11,3,19,7,13,5,6,14,23],[19,11,23,15,3,7,5,13,14],[3,23,11,19,7,15,5,13,6,14],[23,3,15,19,11,7,13,5,6,14],[23,7,19,15,13,5,14,3],[11,7,15,5,13,14,23,1],[3,15,23,7,13,5,6,14,11,19],[3,15,19,7,13,5,6,14,23,11],[3,23,19,11,15,7,5,13,14],[15,3,7,5,13,6,14,11,19,23],[15,23,3,11,7,13,5,6,14,19],[7,19,11,15,5,13,14,3,23],[11,15,3,7,5,13,6,14,19,23],[11,3,23,7,15,5,13,6,14,17,19],[3,15,19,11,23,7,5,13,14],[23,7,15,5,13,14,11,3,19],[7,23,11,15,5,13,14,19],[23,3,11,19,15,7,13,5,14],[19,3,23,15,11,7,13,5,6,14],[3,23,19,7,11,15,13,5,6,14],[23,3,15,11,7,13,5,14],[19,7,3,11,15,13,5,6,14,23],[3,23,7,11,15,13,5,6,14,19],[23,11,19,3,15,7,5,13,14],[7,23,15,5,13,14,11,19],[3,11,15,23,7,13,5,6,14,19],[3,7,11,23,19,15,5,13,14],[23,7,11,3,15,5,13,6,14,19],[7,23,11,3,19,15,5,13,6,14],[7,19,15,13,5,6,14,23,3,11],[3,23,11,15,19,7,13,5,6,14],[15,19,23,11,3,7,5,13,6,14],[11,7,15,13,5,6,14,23,3,19],[15,19,11,7,5,13,14,23],[11,19,15,23,7,5,13,6,14,3],[15,11,23,7,5,13,6,14,19,3],[23,19,15,3,7,5,13,6,14,11],[3,7,23,11,19,15,13,5,14],[7,11,15,13,5,14,19,23],[3,23,11,19,7,15,13,5,14],[19,3,23,11,7,15,5,13,6,14],[23,3,15,19,11,7,5,13,6,14],[19,3,11,15,23,7,13,5,6,14],[11,19,7,3,23,15,13,5,14],[19,3,7,23,15,13,5,14,11],[3,23,11,19,7,15,5,13,14],[19,23,3,7,15,5,13,6,14,11],[19,15,11,7,5,13,6,14,23,3],[7,15,13,5,6,14,23,19,3,11],[23,19,11,15,7,5,13,14],[23,7,11,3,15,5,13,6,14,19],[19,3,23,7,11,15,13,5,6,14],[11,15,19,23,7,13,5,6,14,3],[19,11,23,3,7,15,5,13,14],[19,7,3,15,13,5,14,23,11],[11,15,19,3,23,7,13,5,14],[11,15,3,19,23,7,5,13,6,14],[11,19,7,23,3,15,13,5,14],[11,19,23,15,7,13,5,14],[23,15,3,19,7,5,13,14],[7,19,23,15,5,13,14,3],[23,11,3,15,19,7,5,13,14],[23,7,3,11,19,15,13,5,14],[7,19,3,23,15,13,5,6,14,11],[19,3,23,15,11,7,5,13,6,14],[19,15,7,13,5,14,11,3,23],[15,11,19,23,7,13,5,6,14],[11,7,19,23,15,5,13,6,14,3],[7,19,3,23,11,15,13,5,6,14],[23,15,7,5,13,6,14,3,11,19],[15,3,19,11,23,7,5,13,14],[19,11,3,7,23,15,5,13,14],[11,19,7,3,23,15,5,13,6,14],[15,7,13,5,6,14,19,23,3,11],[15,7,13,5,6,14,23,19,3,11],[11,19,7,23,3,15,13,5,14],[23,7,11,19,15,13,5,14],[3,7,19,15,13,5,14,23],[7,19,3,11,23,15,5,13,6,14],[15,11,7,13,5,14,3,23,19],[23,3,7,11,15,5,13,14],[19,23,3,15,7,13,5,14]],"n_human":7}