{"problem_id":"ED7gXhW2JCHCeQj","sigma":75,"alpha":10.000,"cost":0,"probabilities":"[0.1, 0.28, 0.35, 0.27]","payoff_matrix":"[[21, 54, 75, -27, 19, -188], [-35, 93, 118, 75, -70, -127], [-94, -37, 26, 0, -1, 66], [-13, -71, 66, 103, 94, 124]]","uncovered":[[23,15,19,11,3,7,22,14,10],[19,3,7,23,15,11,10],[7,19,3,15,11,23,22,10],[15,23,19,11,7,3,22,10],[3,15,23,19,7,11,10],[23,11,19,3,15,7,22,14,10],[23,15,19,11,3,7,10],[19,23,3,11,7,15,22,10],[19,7,11,23,3,15,10],[3,11,23,7,19,15,22,14,10],[11,23,3,19,15,7,22,14,10],[11,23,19,3,7,15,10],[7,19,15,11,3,23,22,10],[23,11,3,7,19,15,22,10],[11,7,15,23,3,19,22,14,10],[23,7,11,15,3,19,22,14,10],[15,11,19,7,23,3,22,10],[7,3,15,23,19,11,10],[7,15,23,3,11,19,22,14,10],[7,19,23,15,3,11,10],[19,11,23,15,7,3,10],[11,15,23,19,7,3,10],[3,15,11,19,7,23,10],[11,3,7,15,23,19,22,14,10],[11,15,23,19,3,7,22,10],[15,23,7,3,11,19,10],[19,11,7,3,23,15,22,10],[11,19,23,15,3,7,10],[19,11,15,23,3,7,10],[7,11,15,19,23,3,10],[23,3,15,11,19,7,22,10],[23,11,3,15,19,7,22,14,10],[23,7,19,3,15,11,10],[3,23,7,11,19,15,22,14,10],[19,7,11,23,15,3,10],[7,11,15,23,3,19,22,10],[23,15,11,19,3,7,10],[23,7,19,3,15,11,10],[7,3,19,23,15,11,22,14,10],[7,3,15,23,11,19,10],[7,11,23,3,15,19,22,10],[19,3,7,23,11,15,22,10],[11,7,19,23,3,15,22,14,10],[7,19,11,23,3,15,22,14,10],[19,15,11,7,3,23,10],[23,15,3,11,19,7,10],[15,7,11,23,19,3,10],[11,3,19,7,15,23,10],[19,7,15,23,3,11,10],[3,11,19,15,23,7,22,10],[23,7,19,11,15,3,22,14,10],[23,11,3,15,19,7,22,10],[3,19,11,15,7,23,10],[15,3,19,23,7,11,22,14,10],[7,23,11,19,3,15,22,14,10],[7,15,23,3,19,11,22,14,10],[15,7,19,3,23,11,10],[15,23,19,11,3,7,22,10],[19,23,11,3,15,7,22,10],[7,11,3,23,19,15,10],[7,23,19,11,15,3,10],[7,11,19,15,3,23,10],[7,19,11,3,23,15,10],[11,19,15,3,7,23,10],[23,15,19,11,7,3,10],[7,11,19,15,3,23,10],[23,7,11,19,3,15,10],[23,15,11,3,19,7,22,10],[23,19,3,7,11,15,10],[11,7,23,3,19,15,22,10],[15,7,3,11,23,19,22,14,10],[11,15,3,19,23,7,10],[3,23,15,7,19,11,10],[3,11,19,15,23,7,22,14,10],[3,15,7,11,19,23,10],[11,23,3,19,7,15,10],[11,7,19,23,3,15,22,10],[7,11,19,3,23,15,10],[7,19,11,23,15,3,10],[3,7,23,15,11,19,22,14,10],[19,7,23,15,11,3,10],[19,15,3,23,11,7,22,10],[3,23,7,19,11,15,10],[15,19,7,23,11,3,22,14,10],[7,3,23,11,15,19,22,14,10],[15,19,23,11,3,7,10],[19,7,15,3,11,23,22,14,10],[7,11,23,19,15,3,10],[15,11,19,7,3,23,22,14,10],[15,19,7,3,11,23,22,10],[23,3,11,19,15,7,10],[7,23,11,15,3,19,10],[15,7,23,3,19,11,10],[23,3,15,19,7,11,10],[3,11,15,19,7,23,10],[19,7,15,11,23,3,22,14,10],[11,19,15,23,7,3,22,10],[15,19,23,3,7,11,22,14,10],[19,3,7,23,11,15,22,10],[23,15,7,3,11,19,22,10],[15,3,11,23,19,7,22,10],[3,19,15,23,11,7,22,14,10],[15,3,19,7,23,11,10],[7,11,3,19,23,15,10],[7,3,19,23,15,11,22,10],[15,23,19,3,11,7,22,10],[15,11,3,19,7,23,22,14,10],[11,23,7,3,19,15,22,10],[19,11,7,15,3,23,10],[7,19,11,3,15,23,22,14,10],[11,7,19,23,3,15,22,10],[19,15,3,7,11,23,22,10],[11,15,23,19,7,3,10],[3,11,7,23,19,15,10],[11,15,7,3,19,23,10],[19,3,11,23,15,7,10],[15,3,7,11,19,23,10],[7,3,15,19,23,11,22,14,10],[19,11,7,15,23,3,10],[11,15,19,23,3,7,22,14,10],[23,15,7,11,3,19,10],[15,11,7,23,3,19,22,14,10],[7,3,19,23,11,15,22,14,10],[11,19,15,3,7,23,10],[15,7,23,3,19,11,22,14,10],[3,15,19,11,23,7,22,14,10],[11,23,15,7,3,19,10],[15,3,7,11,19,23,10],[23,19,11,3,15,7,22,10],[3,19,7,23,15,11,10],[3,15,23,7,19,11,10],[19,11,7,15,23,3,10],[11,3,7,23,19,15,10],[15,11,23,7,19,3,10],[19,11,15,3,23,7,22,14,10],[19,15,3,11,23,7,10],[3,23,19,7,15,11,10],[7,11,15,3,23,19,10],[7,19,11,23,15,3,22,10],[3,7,11,23,15,19,10],[7,11,19,23,3,15,10],[7,15,11,3,19,23,10],[19,23,15,7,11,3,10],[7,3,23,19,15,11,22,14,10],[11,19,3,15,23,7,22,10],[11,15,3,19,7,23,10],[15,3,7,23,19,11,22,14,10],[15,19,23,11,7,3,10],[15,19,7,3,23,11,10],[3,7,11,19,23,15,10],[11,15,19,3,7,23,22,14,10],[15,7,3,19,11,23,22,14,10],[7,15,23,19,3,11,22,10],[11,7,19,15,23,3,22,10],[11,7,23,19,15,3,10],[7,23,3,19,11,15,10],[23,19,15,11,3,7,10],[11,15,3,19,7,23,10],[15,3,23,11,7,19,22,10],[19,3,23,15,7,11,22,10],[15,19,23,3,7,11,22,10],[3,11,7,15,19,23,22,14,10],[19,3,15,11,7,23,22,10],[7,11,15,23,19,3,22,14,10],[11,19,15,23,3,7,10],[23,15,19,11,3,7,22,10],[3,15,7,11,23,19,22,14,10],[3,15,19,11,7,23,22,14,10],[19,11,15,3,7,23,10],[19,7,23,3,11,15,10],[23,15,11,19,3,7,22,14,10],[3,11,15,19,7,23,10],[23,11,7,15,3,19,22,10],[11,19,15,7,3,23,22,14,10],[3,19,11,15,7,23,10],[23,19,11,15,3,7,22,10],[11,3,19,7,23,15,10],[23,11,7,3,15,19,22,14,10],[19,7,3,11,15,23,22,14,10],[7,19,11,3,23,15,10],[19,3,11,23,15,7,22,14,10],[23,15,11,3,7,19,10],[23,19,11,7,3,15,22,14,10],[15,11,23,3,7,19,10],[3,23,11,19,7,15,22,10],[15,11,7,3,19,23,10],[23,3,19,15,7,11,10],[23,7,19,3,15,11,10],[7,15,11,3,23,19,10],[23,19,11,7,15,3,10],[19,23,11,15,3,7,10],[11,3,23,15,7,19,22,14,10],[15,3,19,7,23,11,22,10],[7,23,11,3,19,15,10],[11,7,19,15,23,3,22,10],[3,7,15,19,11,23,22,14,10],[11,7,19,23,3,15,22,10],[11,23,19,3,7,15,22,14,10],[7,23,3,19,15,11,10],[23,19,11,7,15,3,22,14,10],[7,23,11,3,15,19,22,10],[11,19,15,3,23,7,10],[11,15,23,19,7,3,22,14,10],[7,15,11,3,19,23,22,14,10],[19,3,23,15,11,7,10],[23,19,7,3,15,11,10],[15,23,11,7,3,19,22,14,10],[7,11,3,15,19,23,10],[7,3,11,19,15,23,22,14,10],[19,3,23,11,7,15,10],[15,23,19,11,3,7,10],[11,7,23,15,19,3,10],[19,3,15,23,11,7,10],[23,15,7,11,3,19,10],[11,3,15,19,23,7,10],[7,19,23,15,11,3,10],[11,7,19,3,23,15,22,10],[15,3,7,11,23,19,10],[11,7,23,15,19,3,22,14,10],[15,19,23,7,3,11,10],[23,3,11,19,15,7,10],[15,11,7,23,3,19,10],[23,19,7,11,15,3,10],[7,15,3,11,19,23,22,14,10],[3,11,15,7,23,19,22,10],[11,15,19,3,23,7,22,10],[15,3,11,19,23,7,10],[3,15,19,11,7,23,10],[11,3,7,15,23,19,22,10],[19,3,11,7,23,15,10],[15,3,7,11,19,23,10],[19,7,15,11,3,23,10],[15,11,19,7,23,3,10],[3,19,11,15,7,23,22,10],[19,7,11,15,3,23,22,10],[23,7,19,15,11,3,22,10],[15,7,3,19,11,23,10],[11,23,3,7,15,19,10],[15,19,3,7,23,11,10],[11,23,15,7,19,3,10],[15,23,7,19,3,11,22,10],[7,23,11,19,3,15,22,10],[7,23,15,19,11,3,10],[15,7,19,11,3,23,22,14,10],[15,19,3,7,23,11,10],[19,3,7,11,23,15,10],[11,19,23,3,7,15,10],[3,7,15,19,11,23,22,10],[11,3,19,23,15,7,10],[11,7,3,15,23,19,22,14,10],[3,15,7,19,11,23,10],[23,19,3,7,15,11,22,10],[11,3,7,23,15,19,22,14,10],[3,23,15,11,7,19,10],[23,3,7,19,15,11,10],[11,7,15,23,3,19,10],[7,15,11,23,3,19,10],[3,15,11,7,19,23,22,10],[3,11,15,7,23,19,10],[3,19,15,11,23,7,10],[7,11,23,19,3,15,10],[11,15,7,23,3,19,10],[11,23,3,19,7,15,22,14,10],[23,7,15,11,3,19,22,10],[15,19,3,11,7,23,22,10],[19,11,7,23,15,3,22,14,10],[23,11,7,19,3,15,22,10],[23,11,19,3,7,15,22,14,10],[11,7,15,23,19,3,22,10],[3,19,15,23,11,7,22,14,10],[3,7,15,23,11,19,22,14,10],[23,7,3,11,19,15,22,14,10],[23,7,15,19,11,3,22,14,10],[11,7,3,15,23,19,22,10],[11,19,3,23,7,15,10],[23,11,7,3,19,15,22,10],[19,15,23,3,7,11,22,14,10],[19,23,7,11,15,3,10],[15,7,3,11,23,19,10],[19,15,23,7,11,3,22,14,10],[7,11,23,3,15,19,10],[3,19,11,7,15,23,10],[7,11,3,15,23,19,22,14,10],[19,15,23,11,7,3,10],[11,23,3,15,19,7,10],[23,15,11,19,3,7,10],[11,23,15,19,3,7,22,14,10],[23,15,19,7,3,11,10],[15,19,7,23,3,11,22,14,10],[11,3,23,19,7,15,10],[3,11,7,23,15,19,22,14,10],[7,3,11,23,19,15,22,14,10],[23,15,7,19,11,3,10],[7,3,23,15,11,19,22,14,10],[7,19,3,15,11,23,10],[15,23,3,19,7,11,10],[7,11,3,15,19,23,22,14,10],[23,11,15,19,7,3,22,10],[15,19,7,23,3,11,10],[11,23,3,19,15,7,10],[11,23,19,15,7,3,22,14,10],[11,15,23,3,7,19,10],[15,19,23,7,3,11,10],[7,15,11,19,3,23,22,14,10],[11,23,19,7,3,15,22,14,10],[23,11,7,3,15,19,10],[15,11,7,23,19,3,22,10],[7,19,11,15,3,23,10],[23,11,19,7,3,15,22,14,10],[7,15,23,3,19,11,10],[23,15,19,7,11,3,22,10],[7,19,15,23,3,11,10],[3,7,19,23,15,11,10],[19,11,3,23,7,15,10],[19,11,15,7,23,3,22,14,10],[23,19,3,7,11,15,10],[23,15,11,19,7,3,10],[19,15,7,23,3,11,22,14,10],[7,15,19,3,11,23,22,14,10],[23,7,19,3,11,15,10],[3,15,7,11,23,19,22,10],[15,3,7,23,19,11,10],[23,7,3,19,11,15,22,10],[7,3,19,15,11,23,10],[23,15,11,19,7,3,22,14,10],[11,23,15,7,3,19,22,14,10],[3,15,7,19,11,23,22,10],[11,7,3,19,15,23,22,10],[15,7,11,19,23,3,22,14,10],[15,3,19,11,7,23,10],[11,23,3,15,7,19,10],[3,19,11,23,7,15,22,10],[19,7,23,15,11,3,10],[15,11,7,19,3,23,22,10],[3,19,23,7,15,11,22,10],[23,3,19,7,15,11,22,10],[19,15,3,11,7,23,10],[3,23,7,15,11,19,10],[19,11,7,3,15,23,22,10],[15,7,11,23,3,19,22,10],[23,7,15,11,19,3,10],[11,7,15,3,19,23,10],[15,7,19,3,23,11,22,10],[15,19,11,23,7,3,10],[11,15,3,7,19,23,10],[3,7,15,19,11,23,10],[23,3,7,11,19,15,22,14,10],[15,3,23,7,19,11,10],[7,3,11,19,23,15,22,10],[15,11,7,3,23,19,22,10],[11,7,15,19,3,23,10],[3,11,19,23,7,15,22,14,10],[11,23,3,7,15,19,10],[19,15,23,11,7,3,22,14,10],[19,3,23,11,7,15,10],[23,7,11,15,3,19,10],[19,23,3,11,7,15,22,10],[19,7,11,15,3,23,10],[11,7,15,3,19,23,10],[7,11,23,19,3,15,22,14,10],[15,11,7,23,3,19,10],[11,3,19,23,7,15,22,14,10],[23,15,7,3,19,11,10],[3,19,7,11,15,23,10],[7,19,11,3,23,15,10],[15,3,19,11,23,7,10],[23,3,19,15,11,7,10],[7,11,3,15,23,19,22,10],[3,15,23,11,7,19,10],[11,3,23,7,19,15,22,10],[19,7,15,11,3,23,10],[11,15,7,23,3,19,10],[19,7,11,15,3,23,22,14,10],[15,19,11,7,23,3,10],[11,7,19,15,23,3,22,10],[19,7,11,15,23,3,10],[23,19,3,15,11,7,10],[7,15,23,19,3,11,22,10],[15,7,19,23,3,11,10],[19,3,23,15,7,11,10],[23,11,19,15,3,7,22,10],[19,23,7,3,11,15,10],[23,7,15,19,11,3,10],[3,19,15,23,11,7,10],[11,15,7,19,23,3,10],[15,11,23,19,3,7,22,10],[11,3,7,19,15,23,10],[11,3,7,15,19,23,22,14,10],[7,15,3,11,19,23,22,10],[3,11,7,19,23,15,10],[19,15,11,7,23,3,22,10],[15,7,19,11,23,3,10],[19,23,7,15,11,3,22,14,10],[7,23,11,3,15,19,10],[15,23,19,3,11,7,10],[23,15,7,11,3,19,22,14,10],[19,7,15,11,23,3,22,10],[11,15,3,23,7,19,10],[15,19,23,7,11,3,22,10],[7,15,23,11,3,19,22,14,10],[7,15,11,3,23,19,10],[11,15,7,3,23,19,22,10],[7,23,15,19,11,3,10],[19,11,3,23,7,15,10],[7,23,3,11,15,19,10],[7,23,3,15,11,19,10],[15,23,7,19,3,11,10],[3,15,19,23,7,11,10],[11,7,23,3,19,15,10],[3,19,11,7,15,23,22,14,10],[3,7,23,19,15,11,22,10],[19,15,23,3,7,11,10],[7,3,15,11,19,23,22,10],[7,11,15,3,19,23,22,14,10],[7,23,3,15,11,19,10],[11,3,7,23,15,19,10],[15,23,3,11,7,19,10],[15,3,7,19,11,23,22,14,10],[15,7,19,3,23,11,10],[3,15,23,7,19,11,10],[19,11,23,15,7,3,10],[3,11,7,15,23,19,10],[23,3,11,19,7,15,10],[3,7,15,19,23,11,10],[3,19,11,7,15,23,10],[19,23,3,7,11,15,22,10],[11,19,23,15,3,7,10],[7,19,15,11,3,23,10],[11,3,23,7,15,19,22,14,10],[23,15,11,3,7,19,10],[15,11,23,7,19,3,22,14,10],[11,15,7,19,3,23,22,14,10],[19,11,3,15,7,23,10],[15,19,3,11,23,7,10],[19,23,11,15,3,7,10],[19,3,7,23,11,15,10],[23,19,15,7,11,3,22,14,10],[23,3,7,11,19,15,10],[7,11,23,15,19,3,10],[23,11,7,15,3,19,22,10],[19,7,15,3,23,11,10],[19,23,11,15,7,3,10],[3,7,15,19,11,23,22,14,10],[7,23,11,15,3,19,10],[11,15,3,23,7,19,10],[11,3,15,23,19,7,22,10],[11,3,15,19,7,23,22,10],[15,19,11,23,7,3,22,10],[11,7,3,15,23,19,10],[19,7,3,11,15,23,10],[3,11,23,15,7,19,22,14,10],[11,23,19,15,3,7,22,14,10],[11,15,7,19,3,23,22,14,10],[3,7,23,11,15,19,10],[23,7,3,19,11,15,22,10],[11,23,19,15,7,3,10],[11,3,7,23,19,15,22,10],[19,23,11,15,7,3,22,10],[15,3,11,23,7,19,10],[23,7,15,11,3,19,22,10],[19,23,7,11,15,3,10],[7,3,11,23,19,15,10],[23,19,15,11,7,3,10],[23,15,19,3,11,7,10],[11,19,7,3,15,23,10],[19,11,15,23,3,7,22,10],[7,15,11,19,23,3,10],[15,19,11,23,7,3,10],[3,15,7,11,19,23,10],[3,7,15,11,23,19,10],[3,15,23,7,11,19,10],[7,3,11,19,15,23,10],[19,11,15,3,23,7,22,10],[3,15,11,7,23,19,10],[3,19,15,23,11,7,22,14,10],[15,11,23,3,19,7,22,14,10],[3,11,7,15,23,19,10],[3,7,23,15,11,19,22,14,10],[11,15,3,7,19,23,10],[11,23,7,19,15,3,10],[11,3,19,15,23,7,22,14,10],[23,19,3,7,15,11,22,10],[23,19,7,15,11,3,10],[11,3,15,19,23,7,10],[15,19,7,11,23,3,22,14,10],[3,11,15,19,23,7,22,10],[23,7,11,19,3,15,10],[7,3,15,11,19,23,22,14,10],[11,15,7,19,23,3,10],[7,19,15,3,11,23,10],[7,19,23,3,15,11,22,10],[23,15,19,3,11,7,22,14,10],[15,23,7,11,19,3,22,14,10],[23,15,11,3,19,7,22,10],[19,23,7,15,11,3,10],[11,23,19,3,7,15,10],[23,3,11,7,19,15,10],[11,15,3,23,19,7,22,14,10],[7,19,23,15,3,11,22,10],[19,3,7,11,15,23,10],[3,15,19,23,7,11,10],[11,23,7,19,15,3,10],[7,15,19,3,23,11,22,14,10],[19,15,11,23,7,3,10],[3,15,19,23,7,11,22,10],[3,23,15,7,19,11,22,14,10],[15,23,19,11,3,7,22,14,10],[15,19,11,3,23,7,22,10],[23,7,3,11,19,15,22,14,10],[3,15,19,11,7,23,22,14,10],[3,19,11,23,7,15,10],[3,19,23,15,7,11,22,14,10],[15,23,3,19,7,11,22,14,10],[3,7,15,19,23,11,10],[19,7,23,15,3,11,10],[15,19,23,3,11,7,10],[7,19,3,23,11,15,22,14,10],[11,23,3,15,19,7,22,14,10],[15,19,3,11,7,23,22,10],[23,3,11,15,7,19,10],[3,7,11,23,15,19,22,10],[23,19,7,3,15,11,10],[11,19,7,23,15,3,22,14,10],[19,3,15,11,7,23,22,10],[3,11,15,19,23,7,10],[3,15,7,23,11,19,22,10],[11,15,3,19,23,7,10],[7,3,19,11,15,23,10],[3,23,11,7,19,15,10],[23,11,19,7,3,15,10],[7,15,23,3,19,11,22,14,10],[15,23,19,11,7,3,10],[11,7,19,3,15,23,10],[3,11,19,7,23,15,22,10],[15,3,19,11,23,7,22,10],[7,3,23,11,15,19,22,10],[11,23,19,15,3,7,10],[23,11,19,3,7,15,10],[3,11,19,23,7,15,22,10],[15,11,19,3,23,7,22,10],[11,7,23,15,3,19,10],[15,19,11,7,3,23,22,10],[7,19,23,3,11,15,10],[19,15,7,23,11,3,10],[3,15,7,19,23,11,10],[11,15,3,23,7,19,22,14,10],[19,11,3,15,7,23,10],[15,23,19,7,11,3,22,10],[11,7,3,19,23,15,22,14,10],[3,19,7,23,11,15,22,10],[23,3,7,19,15,11,22,10],[11,19,3,23,7,15,10],[23,7,19,15,3,11,10],[23,19,7,11,3,15,22,10],[11,15,7,19,3,23,10],[19,15,7,23,3,11,10],[15,3,23,19,11,7,22,14,10],[7,23,3,11,19,15,22,10],[23,19,7,3,15,11,10],[23,3,7,15,19,11,10],[19,7,3,15,11,23,22,14,10],[15,23,19,11,7,3,22,10],[7,3,23,19,15,11,10],[15,19,3,11,23,7,22,14,10],[3,15,19,7,11,23,22,14,10],[7,11,15,3,19,23,10],[7,15,23,3,19,11,22,10],[15,11,3,19,7,23,22,10],[23,19,11,7,3,15,22,14,10],[23,11,15,3,7,19,10],[11,7,15,19,3,23,22,14,10],[3,15,7,11,19,23,22,10],[19,7,3,15,11,23,10],[19,7,3,15,23,11,22,10],[15,11,7,19,3,23,10],[19,7,11,15,3,23,10],[23,3,11,15,19,7,22,14,10],[11,19,15,7,3,23,10],[19,7,11,15,23,3,10],[15,7,11,23,3,19,22,14,10],[15,11,19,23,7,3,22,10],[3,23,7,15,19,11,10],[7,23,15,19,11,3,10],[11,23,15,19,7,3,22,14,10],[7,19,11,15,3,23,22,14,10],[11,7,19,15,23,3,10],[15,3,23,11,19,7,22,10],[3,7,23,19,15,11,10],[19,23,15,11,7,3,10],[19,3,15,23,7,11,22,10],[11,7,19,15,23,3,10],[15,19,11,3,23,7,10],[19,3,15,23,7,11,10],[23,15,11,3,19,7,10],[23,3,11,19,7,15,10],[19,3,7,15,23,11,10],[7,19,11,15,3,23,10],[7,23,19,11,15,3,22,14,10],[19,7,11,3,15,23,10],[3,23,19,15,11,7,10],[7,19,3,23,11,15,22,14,10],[3,15,23,7,11,19,22,14,10],[23,15,11,7,19,3,10],[15,7,3,19,11,23,22,10],[11,3,23,15,19,7,10],[11,3,7,23,15,19,10],[15,23,19,7,3,11,22,14,10],[7,19,15,23,11,3,22,14,10],[15,3,7,11,23,19,10],[3,11,23,15,19,7,10],[3,15,23,7,11,19,10],[7,15,11,3,19,23,10],[3,23,19,7,11,15,10],[3,15,19,11,7,23,22,10],[7,3,19,23,15,11,10],[19,7,23,3,11,15,10],[3,11,23,7,19,15,10],[23,15,19,3,11,7,22,14,10],[3,19,11,7,15,23,10],[3,23,15,19,11,7,10],[19,23,11,15,3,7,22,10],[19,3,15,7,23,11,10],[3,23,11,7,15,19,10],[23,19,11,15,7,3,10],[23,19,3,15,11,7,10],[7,23,15,19,3,11,10],[23,19,3,11,15,7,10],[19,3,7,15,11,23,22,14,10],[19,23,7,15,11,3,10],[19,15,23,3,11,7,10],[7,3,19,15,23,11,22,14,10],[11,15,3,19,7,23,10],[7,3,23,19,15,11,22,14,10],[19,15,23,3,11,7,22,14,10],[23,19,11,7,15,3,10],[23,7,15,19,3,11,10],[15,11,23,7,3,19,22,10],[15,11,3,23,19,7,22,10],[15,19,3,23,11,7,22,10],[7,15,3,23,11,19,22,14,10],[11,3,23,15,7,19,22,10],[7,3,19,15,23,11,22,10],[23,15,3,7,19,11,22,14,10],[3,23,11,7,15,19,22,14,10],[7,19,23,15,11,3,10],[3,11,7,23,19,15,22,14,10],[19,11,7,3,15,23,10],[23,11,7,15,3,19,10],[7,11,3,19,15,23,10],[3,7,19,11,15,23,10],[23,3,11,15,7,19,10],[3,23,7,11,15,19,22,10],[3,23,15,19,7,11,10],[7,19,3,23,11,15,22,14,10],[15,7,3,19,11,23,10],[7,3,19,23,15,11,22,14,10],[23,3,19,7,11,15,22,10],[15,11,3,19,23,7,22,14,10],[23,11,19,7,15,3,10],[3,19,15,7,23,11,10],[7,19,15,3,11,23,10],[3,23,7,19,11,15,10],[23,7,3,15,11,19,10],[7,23,11,15,19,3,22,10],[7,19,11,23,15,3,22,14,10],[7,3,11,15,23,19,22,10],[15,23,7,3,19,11,10],[23,15,11,3,7,19,22,10],[3,19,15,11,7,23,10],[15,23,19,11,7,3,22,10],[19,15,3,11,23,7,10],[7,23,19,3,15,11,10],[3,15,19,11,23,7,22,10],[19,15,11,7,23,3,10],[3,19,11,23,7,15,22,14,10],[15,7,23,3,19,11,10],[23,15,3,11,7,19,10],[15,3,7,23,19,11,22,10],[11,7,23,3,15,19,10],[19,7,23,15,11,3,22,14,10],[23,7,11,3,15,19,22,14,10],[19,11,15,23,3,7,10],[19,11,15,3,23,7,10],[11,23,3,7,19,15,22,14,10],[19,23,15,3,11,7,22,14,10],[7,19,15,23,3,11,10],[7,15,3,11,19,23,10],[15,23,3,19,11,7,10],[19,3,11,23,7,15,10],[23,11,7,19,3,15,10],[7,11,23,15,3,19,22,14,10],[3,15,11,7,19,23,10],[19,11,3,15,7,23,10],[15,7,11,19,3,23,10],[23,7,19,11,3,15,22,14,10],[7,11,15,23,3,19,22,10],[7,23,15,19,3,11,22,14,10],[19,23,11,15,3,7,10],[15,3,11,7,23,19,22,10],[7,11,19,23,15,3,10],[7,23,15,3,19,11,10],[7,11,23,3,19,15,10],[7,23,15,19,11,3,22,14,10],[3,7,11,15,19,23,22,10],[15,11,19,23,7,3,10],[3,7,19,15,11,23,22,10],[19,15,3,7,11,23,22,10],[3,15,23,19,11,7,10],[3,11,23,15,7,19,10],[19,11,7,23,15,3,22,10],[3,23,11,15,19,7,10],[7,19,3,11,23,15,10],[3,23,19,15,7,11,22,14,10],[19,23,11,15,7,3,22,14,10],[11,15,7,23,3,19,22,10],[15,7,11,23,19,3,10],[7,23,15,3,11,19,10],[23,7,19,11,3,15,22,10],[15,19,11,23,3,7,10],[3,11,15,23,19,7,10],[19,23,11,7,3,15,22,14,10],[19,15,23,3,11,7,10],[15,7,23,11,3,19,10],[3,15,19,7,23,11,10],[19,11,23,7,3,15,22,14,10],[23,11,19,15,3,7,10],[15,7,19,3,11,23,22,10],[7,19,23,3,15,11,22,14,10],[3,23,19,11,15,7,22,10],[11,15,3,19,7,23,10],[23,15,7,3,11,19,22,10],[11,19,3,15,7,23,22,14,10],[15,3,7,19,23,11,22,10],[3,15,7,19,11,23,10],[7,15,3,19,11,23,22,14,10],[23,7,11,19,3,15,22,10],[19,23,15,11,7,3,10],[15,23,3,7,11,19,10],[23,19,3,7,15,11,22,14,10],[15,3,7,23,19,11,10],[15,7,19,3,11,23,10],[7,19,3,11,15,23,10],[19,15,23,11,7,3,10],[11,23,3,7,19,15,22,14,10],[23,11,15,3,7,19,22,10],[15,7,23,19,11,3,10],[23,19,15,3,11,7,10],[11,19,15,3,23,7,22,10],[11,19,15,7,3,23,22,14,10],[11,15,3,19,7,23,10],[3,7,11,23,19,15,10],[19,15,7,11,3,23,10],[11,23,15,7,19,3,22,14,10],[19,7,15,23,11,3,22,10],[11,19,23,15,3,7,22,14,10],[7,3,19,23,15,11,22,14,10],[23,7,19,11,15,3,10],[15,23,19,11,3,7,10],[7,19,15,11,23,3,10],[23,15,11,7,19,3,10],[11,23,19,3,7,15,10],[3,19,11,23,15,7,10],[19,11,15,3,23,7,10],[3,15,7,23,11,19,10],[3,7,11,23,19,15,10],[3,19,7,23,15,11,10],[3,11,15,7,23,19,10],[11,19,3,15,23,7,22,14,10],[23,19,7,11,15,3,10],[19,7,11,15,23,3,22,14,10],[19,3,7,15,11,23,10],[7,15,11,23,19,3,10],[7,11,3,15,23,19,22,14,10],[7,11,23,15,3,19,10],[11,7,19,3,15,23,10],[7,11,3,23,15,19,10],[7,15,19,11,3,23,22,10],[15,7,19,11,3,23,10],[7,3,11,23,19,15,22,10],[11,19,7,3,23,15,10],[15,19,7,11,3,23,10],[11,3,15,19,7,23,10],[11,23,15,7,3,19,10],[15,3,19,11,7,23,10],[11,7,23,19,3,15,22,10],[19,15,3,23,7,11,10],[3,11,7,15,23,19,10],[15,7,23,19,11,3,10],[11,7,23,15,19,3,10],[23,3,7,11,19,15,22,10],[19,15,7,11,23,3,22,10],[23,15,11,3,7,19,22,14,10],[23,7,3,19,11,15,10],[19,15,11,7,23,3,10],[11,3,7,19,15,23,10],[15,19,7,23,11,3,22,14,10],[15,23,7,11,3,19,10],[7,15,3,23,19,11,10],[19,11,3,23,7,15,22,14,10],[15,7,3,11,23,19,22,10],[15,19,7,3,11,23,22,14,10],[19,7,15,23,11,3,10],[23,3,11,7,19,15,10],[19,11,15,7,23,3,10],[11,7,15,19,3,23,10],[23,11,15,7,3,19,22,10],[23,3,11,7,19,15,22,10],[19,3,15,7,11,23,10],[15,11,7,3,19,23,22,10],[11,23,19,7,3,15,22,10],[15,23,3,19,7,11,10],[15,19,3,7,11,23,22,10],[19,15,11,3,7,23,22,14,10],[23,7,15,19,11,3,22,10],[19,11,7,15,3,23,10],[15,3,11,7,19,23,22,14,10],[23,7,3,19,11,15,10],[19,23,7,15,11,3,22,14,10],[11,23,3,7,15,19,22,10],[23,7,15,19,11,3,22,14,10],[7,3,19,23,11,15,10],[15,19,11,7,23,3,10],[19,15,3,11,23,7,10],[3,7,15,19,23,11,10],[11,15,19,7,3,23,22,10],[19,7,15,11,23,3,10],[23,19,15,11,3,7,10],[23,19,7,11,15,3,10],[3,11,15,19,23,7,10],[3,7,23,15,11,19,22,10],[7,3,11,19,15,23,22,14,10],[7,23,15,11,19,3,10],[11,23,3,19,7,15,10],[15,23,19,7,11,3,10],[7,3,15,19,23,11,22,10],[15,7,11,3,19,23,10],[15,19,7,3,11,23,10],[19,7,15,23,3,11,10],[7,15,23,3,19,11,22,14,10],[15,11,3,23,7,19,22,10],[7,23,3,15,11,19,10],[19,11,3,7,23,15,22,14,10],[15,11,3,7,19,23,10],[23,3,7,19,15,11,10],[11,3,19,15,7,23,10],[7,3,15,11,23,19,22,10],[19,23,3,7,15,11,10],[7,19,11,3,15,23,22,10],[19,3,11,7,15,23,22,14,10],[23,3,11,15,19,7,22,14,10],[11,7,23,19,15,3,22,10],[7,11,15,19,3,23,22,10],[7,11,3,19,15,23,22,10],[19,15,7,23,3,11,22,10],[3,23,11,15,19,7,22,14,10],[15,7,23,11,19,3,22,14,10],[15,7,3,23,19,11,10],[15,3,11,7,19,23,10],[19,23,3,7,15,11,10],[11,15,19,3,7,23,10],[23,15,7,19,11,3,22,10],[3,11,7,23,19,15,22,10],[7,15,19,11,23,3,10],[23,7,11,15,3,19,10],[23,15,3,19,11,7,10],[11,19,3,15,7,23,10],[15,3,7,19,11,23,22,10],[19,23,3,15,7,11,10],[7,11,15,19,23,3,10],[15,19,3,23,7,11,22,10],[19,11,7,15,3,23,22,14,10],[7,15,23,11,3,19,10],[19,15,7,23,3,11,10],[7,3,19,15,11,23,22,14,10],[11,23,19,15,3,7,22,14,10],[23,15,3,7,19,11,10],[15,3,7,19,23,11,22,10],[3,7,19,15,11,23,22,14,10],[7,19,3,23,15,11,22,14,10],[23,15,11,7,19,3,10],[19,3,23,15,7,11,10],[15,11,3,23,7,19,10],[11,7,19,3,15,23,10],[15,23,7,3,11,19,10],[7,19,3,23,11,15,22,14,10],[15,11,7,19,23,3,22,10],[15,7,19,23,3,11,10],[23,19,11,3,7,15,10],[15,11,23,3,7,19,22,10],[19,3,7,11,15,23,22,14,10],[15,11,3,7,23,19,22,10],[11,7,23,15,19,3,22,14,10],[19,23,3,15,7,11,10],[15,3,7,11,19,23,10],[23,11,3,19,7,15,10],[23,19,7,11,15,3,22,14,10],[23,7,3,11,19,15,10],[15,7,19,23,11,3,22,14,10],[7,19,11,23,3,15,22,14,10],[23,11,7,19,3,15,22,14,10],[7,19,23,3,15,11,10],[23,7,19,11,15,3,10],[3,19,7,23,11,15,10],[23,11,7,15,19,3,22,14,10],[3,15,11,23,7,19,10],[7,15,23,3,19,11,22,10],[11,15,23,19,3,7,22,10],[19,11,23,7,3,15,10],[3,23,19,7,11,15,10],[15,3,11,7,19,23,10],[23,11,7,15,19,3,10],[19,7,3,23,15,11,22,14,10],[15,19,7,11,3,23,22,14,10],[7,23,19,15,11,3,22,14,10],[11,19,7,15,3,23,22,14,10],[23,19,7,3,11,15,22,10],[15,3,11,7,19,23,22,14,10],[7,19,15,11,3,23,10],[15,23,3,11,7,19,22,14,10],[15,7,3,11,23,19,22,14,10],[23,3,7,15,19,11,22,10],[7,3,23,15,19,11,22,10],[3,23,7,11,19,15,22,14,10],[15,19,23,3,7,11,22,14,10],[15,3,7,11,23,19,10],[3,19,15,23,11,7,22,14,10],[3,23,19,11,15,7,22,14,10],[19,15,23,7,11,3,10],[15,23,11,7,19,3,10],[19,15,3,23,11,7,10],[19,3,11,15,7,23,22,10],[19,11,15,7,3,23,10],[7,3,23,11,15,19,10],[7,3,11,23,15,19,22,14,10],[15,3,11,23,19,7,10],[15,19,11,7,23,3,10],[19,11,3,23,7,15,10],[3,15,7,11,19,23,22,10],[7,19,3,23,11,15,10],[3,15,23,7,19,11,22,14,10],[19,23,11,7,15,3,10],[19,3,7,11,23,15,22,10],[23,11,3,19,15,7,22,10],[15,7,11,23,19,3,22,10],[7,15,23,11,19,3,22,10],[7,11,15,3,23,19,10],[23,11,3,7,15,19,10],[3,11,23,15,7,19,22,10],[11,23,15,19,3,7,10],[7,15,3,11,19,23,22,10],[19,23,7,11,3,15,10],[23,15,7,11,3,19,22,14,10],[3,7,23,11,19,15,10],[7,15,19,23,3,11,10],[23,19,7,11,3,15,10],[7,11,3,23,15,19,22,14,10],[15,7,19,23,3,11,10],[11,15,23,19,3,7,22,10],[23,7,19,15,11,3,22,14,10],[23,19,3,11,15,7,22,14,10],[3,7,15,11,23,19,22,14,10],[3,23,19,11,15,7,10],[7,11,15,23,19,3,10],[11,19,23,3,7,15,10],[19,11,7,15,3,23,10],[19,7,3,23,11,15,22,14,10],[11,7,15,3,19,23,10],[3,7,23,15,11,19,10],[15,19,11,23,7,3,22,10],[19,3,11,7,23,15,10],[3,19,23,15,7,11,22,14,10],[23,19,7,15,11,3,22,14,10],[15,7,23,19,11,3,22,10],[7,11,3,23,15,19,10],[23,15,3,7,11,19,22,10],[11,19,23,15,3,7,10],[11,7,3,19,23,15,22,14,10],[3,19,15,11,7,23,22,14,10],[7,3,11,15,23,19,22,14,10],[7,23,15,19,3,11,22,10],[15,11,19,3,23,7,10],[11,15,7,23,3,19,10],[19,23,7,3,11,15,22,10],[23,7,15,11,19,3,22,10],[3,15,23,11,7,19,10],[7,11,15,23,19,3,10],[23,19,3,15,7,11,22,14,10],[15,7,23,3,11,19,22,10],[15,19,23,7,3,11,22,10],[15,11,7,23,3,19,22,14,10],[19,15,11,3,23,7,22,14,10],[11,23,7,3,15,19,10],[7,19,15,11,3,23,10],[23,3,11,15,19,7,10],[3,23,19,15,11,7,22,14,10],[11,3,19,15,23,7,22,14,10],[7,11,19,23,3,15,10],[11,23,19,15,7,3,10],[23,19,3,7,15,11,10],[15,23,19,3,11,7,22,10]],"n_human":11}