{"problem_id":"FYKXx1m6icHsE7o","sigma":150,"alpha":0.316,"cost":0,"probabilities":"[0.19, 0.12, 0.65, 0.04]","payoff_matrix":"[[0, 37, -132, -86, 167, 178], [-59, 45, 65, 210, -26, 92], [-233, -104, 100, 155, 44, -13], [-153, 333, -217, -314, 14, -217]]","uncovered":[[7,11,23,15,3,19,13,9],[3,19,23,7,15,11,13,9],[23,19,7,15,3,11,9],[11,7,23,15,19,3,9],[19,11,7,23,3,15,9],[11,3,15,7,19,23,9],[11,19,15,7,23,3,13,9],[19,11,23,7,15,3,9],[19,11,3,7,23,15,9],[11,15,23,7,3,19,9],[3,23,11,19,15,7,9],[19,7,15,11,23,3,9],[7,15,3,11,23,19,13,9],[23,15,11,3,19,7,9],[7,11,19,15,23,3,13,9],[11,3,19,15,7,23,13,9],[7,19,15,11,3,23,9],[15,23,7,11,3,19,9],[3,11,7,15,23,19,9],[7,23,15,19,3,11,9],[19,11,23,15,7,3,9],[19,7,15,23,11,3,9],[23,11,3,19,7,15,9],[23,11,19,3,15,7,13,9],[11,7,19,3,15,23,13,9],[11,7,15,3,19,23,13,9],[11,7,19,23,15,3,9],[11,19,23,3,7,15,9],[15,7,23,3,11,19,9],[19,7,11,23,15,3,13,9],[19,7,3,11,23,15,13,9],[15,3,19,11,7,23,13,9],[15,7,19,3,23,11,13,9],[19,11,7,15,23,3,9],[15,19,23,3,7,11,13,9],[19,7,15,23,11,3,9],[19,23,15,7,11,3,13,9],[19,15,11,23,7,3,13,9],[11,23,7,3,15,19,13,9],[19,7,11,23,3,15,9],[15,3,7,23,11,19,13,9],[7,11,19,15,23,3,13,9],[3,23,11,15,19,7,13,9],[3,7,19,11,15,23,9],[3,23,7,19,15,11,9],[15,19,11,3,7,23,13,9],[23,11,15,19,3,7,9],[3,7,19,23,11,15,13,9],[7,19,23,3,15,11,13,9],[19,23,3,11,15,7,13,9],[7,15,11,23,19,3,9],[15,7,23,11,3,19,9],[19,23,15,3,7,11,9],[23,15,19,11,7,3,13,9],[19,3,15,11,23,7,9],[3,15,7,11,19,23,13,9],[11,3,23,15,19,7,13,9],[23,19,15,11,7,3,9],[15,3,19,7,23,11,9],[7,23,3,19,15,11,9],[23,3,11,19,7,15,9],[19,15,7,23,3,11,13,9],[7,23,11,3,15,19,13,9],[15,19,7,11,3,23,9],[11,23,19,15,7,3,9],[19,15,23,7,11,3,13,9],[11,3,15,7,19,23,13,9],[19,7,3,11,23,15,13,9],[11,23,7,3,19,15,13,9],[19,15,7,23,3,11,9],[3,19,15,23,7,11,9],[19,3,23,7,15,11,13,9],[11,23,15,19,7,3,13,9],[23,15,7,19,3,11,9],[15,19,3,23,7,11,9],[19,3,23,7,15,11,9],[7,23,3,11,19,15,9],[7,19,3,23,15,11,9],[15,11,3,23,19,7,9],[15,11,3,7,19,23,9],[7,19,3,15,11,23,13,9],[15,19,11,7,3,23,9],[15,3,11,23,19,7,13,9],[23,3,19,15,11,7,13,9],[7,19,15,11,23,3,9],[3,7,15,19,23,11,13,9],[11,15,7,23,3,19,13,9],[11,23,19,3,15,7,13,9],[7,3,19,11,15,23,13,9],[11,23,19,3,7,15,13,9],[7,15,19,3,23,11,9],[15,3,23,7,19,11,13,9],[23,7,11,3,15,19,13,9],[11,23,3,19,7,15,13,9],[23,15,3,19,11,7,13,9],[3,23,11,15,7,19,9],[19,3,15,11,23,7,13,9],[23,3,7,15,11,19,13,9],[15,11,23,7,19,3,9],[19,7,3,15,23,11,9],[7,15,19,23,3,11,9],[7,11,15,3,19,23,13,9],[23,11,7,3,15,19,13,9],[19,15,7,11,3,23,13,9],[15,11,3,19,23,7,9],[7,3,15,19,11,23,9],[23,15,19,11,7,3,9],[23,11,19,15,7,3,13,9],[11,19,3,15,7,23,13,9],[7,23,3,11,19,15,9],[23,7,19,11,3,15,9],[7,3,15,23,11,19,13,9],[15,19,7,3,11,23,9],[19,15,3,23,11,7,9],[7,15,3,23,11,19,13,9],[11,19,7,15,3,23,13,9],[3,19,23,11,7,15,9],[23,3,15,19,11,7,9],[11,3,19,15,7,23,9],[15,19,7,23,3,11,13,9],[23,11,15,3,7,19,9],[11,3,23,19,15,7,13,9],[3,15,23,7,19,11,9],[23,19,3,7,11,15,13,9],[15,11,19,3,7,23,9],[23,3,19,15,11,7,9],[19,15,23,7,11,3,13,9],[3,19,23,15,7,11,13,9],[3,23,15,19,7,11,13,9],[19,7,15,11,3,23,13,9],[19,23,11,3,15,7,13,9],[15,3,11,19,23,7,9],[3,11,7,19,23,15,13,9],[19,11,15,23,3,7,13,9],[23,11,7,19,3,15,9],[7,19,11,15,3,23,13,9],[3,23,7,15,19,11,9],[15,7,3,23,11,19,9],[11,19,15,7,23,3,13,9],[23,11,19,3,7,15,9],[11,19,15,3,7,23,13,9],[15,19,7,23,11,3,13,9],[3,19,23,7,11,15,13,9],[19,23,3,11,7,15,9],[15,23,19,3,7,11,9],[23,19,3,7,15,11,9],[3,23,19,15,7,11,13,9],[23,7,3,11,15,19,9],[7,11,23,19,3,15,13,9],[3,11,23,19,15,7,13,9],[15,23,7,3,19,11,13,9],[23,15,7,11,19,3,13,9],[3,19,15,7,11,23,9],[15,19,7,23,11,3,9],[3,11,15,23,19,7,9],[19,7,23,11,15,3,9],[23,15,3,19,7,11,13,9],[19,23,7,11,3,15,13,9],[3,19,7,15,11,23,13,9],[7,19,23,3,11,15,9],[15,23,7,19,3,11,9],[7,3,19,23,15,11,13,9],[19,11,15,7,23,3,13,9],[3,11,15,7,19,23,9],[19,3,15,23,11,7,9],[19,15,11,3,7,23,9],[3,11,15,19,7,23,9],[11,15,3,23,7,19,9],[23,3,19,7,11,15,9],[11,15,19,3,23,7,13,9],[23,15,3,19,11,7,13,9],[23,3,19,7,15,11,13,9],[3,15,11,7,19,23,9],[23,15,11,3,19,7,13,9],[15,3,23,19,7,11,9],[23,19,3,15,11,7,9],[11,19,3,7,23,15,13,9],[3,15,23,7,19,11,9],[15,19,7,23,3,11,9],[15,19,3,11,7,23,9],[23,11,15,7,19,3,13,9],[3,11,15,7,19,23,13,9],[19,11,15,23,7,3,9],[19,7,23,11,15,3,9],[19,3,11,15,7,23,13,9],[3,11,15,19,23,7,13,9],[7,3,19,23,15,11,13,9],[23,3,7,15,11,19,9],[15,23,19,7,11,3,13,9],[11,23,7,15,19,3,13,9],[3,19,11,15,23,7,9],[11,19,15,23,3,7,9],[23,3,7,11,15,19,9],[15,23,19,7,11,3,9],[15,19,7,11,3,23,9],[3,23,15,19,11,7,13,9],[15,19,11,7,23,3,13,9],[7,3,19,11,15,23,13,9],[15,7,11,19,23,3,13,9],[19,23,7,11,3,15,13,9],[7,15,23,3,11,19,9],[7,3,11,23,15,19,9],[23,15,3,11,19,7,9],[15,23,11,3,7,19,9],[15,23,7,11,19,3,9],[23,7,19,15,11,3,13,9],[15,11,19,3,23,7,9],[23,11,7,19,15,3,9],[11,19,15,23,3,7,13,9],[3,15,7,23,11,19,13,9],[15,3,11,7,23,19,9],[11,19,23,7,3,15,9],[15,23,7,19,11,3,13,9],[11,23,3,19,7,15,9],[7,15,3,19,11,23,13,9],[23,7,11,15,19,3,13,9],[3,19,7,23,15,11,13,9],[19,3,7,23,11,15,9],[19,7,23,3,11,15,13,9],[3,19,7,23,15,11,9],[23,11,3,19,7,15,13,9],[19,15,3,23,7,11,9],[19,23,7,11,15,3,13,9],[7,23,3,15,11,19,9],[11,3,7,15,19,23,13,9],[3,15,19,7,11,23,9],[3,7,23,19,11,15,13,9],[7,11,23,3,19,15,9],[3,23,15,19,7,11,13,9],[3,19,7,11,23,15,9],[19,15,3,11,7,23,9],[23,15,7,3,19,11,13,9],[15,19,7,23,11,3,9],[23,7,11,3,19,15,9],[3,7,19,11,15,23,13,9],[3,23,15,11,19,7,9],[3,15,23,19,7,11,9],[23,11,19,3,7,15,13,9],[19,23,3,15,7,11,9],[3,23,19,7,11,15,9],[3,11,23,7,19,15,13,9],[19,3,15,7,23,11,9],[3,23,19,15,11,7,9],[11,3,15,19,23,7,13,9],[3,7,15,19,11,23,9],[3,7,11,23,19,15,9],[15,19,23,3,11,7,13,9],[19,11,23,3,15,7,9],[7,11,3,19,23,15,13,9],[11,7,23,3,19,15,9],[19,23,15,7,3,11,13,9],[19,3,7,15,11,23,9],[3,23,19,11,7,15,9],[15,7,23,11,19,3,13,9],[15,23,7,11,3,19,13,9],[19,15,3,7,23,11,9],[15,19,11,23,7,3,13,9],[3,7,23,19,11,15,13,9],[11,3,23,19,15,7,13,9],[7,23,11,3,19,15,9],[19,3,23,15,11,7,13,9],[23,7,3,15,11,19,9],[19,15,11,23,3,7,9],[15,3,19,11,7,23,13,9],[23,15,3,19,7,11,9],[11,23,7,3,19,15,9],[15,3,7,11,23,19,13,9],[19,11,7,23,15,3,13,9],[15,3,7,11,23,19,9],[23,11,7,3,15,19,13,9],[23,15,11,19,7,3,13,9],[11,23,7,15,3,19,13,9],[3,19,15,7,11,23,9],[3,19,23,15,11,7,13,9],[15,19,23,3,7,11,13,9],[7,3,11,23,15,19,13,9],[3,15,7,23,11,19,9],[23,7,11,19,15,3,13,9],[7,19,3,11,15,23,9],[15,11,7,23,3,19,9],[23,11,7,3,15,19,13,9],[19,7,15,11,3,23,13,9],[15,3,7,23,19,11,9],[7,23,3,15,11,19,13,9],[11,7,15,3,23,19,9],[7,3,23,19,15,11,9],[19,7,3,15,11,23,13,9],[3,23,19,11,7,15,13,9],[3,15,11,23,7,19,13,9],[3,7,15,19,11,23,9],[7,3,11,15,19,23,13,9],[11,19,7,3,23,15,9],[15,11,7,23,19,3,13,9],[15,7,11,23,3,19,9],[3,19,11,15,23,7,9],[15,19,23,7,11,3,9],[19,3,23,11,15,7,9],[19,23,3,15,11,7,9],[15,7,11,23,19,3,13,9],[19,3,11,7,15,23,13,9],[7,15,19,23,11,3,13,9],[23,15,3,7,19,11,13,9],[23,3,15,19,11,7,13,9],[7,11,3,15,23,19,13,9],[23,15,19,7,3,11,9],[11,15,19,7,3,23,13,9],[23,3,19,7,15,11,13,9],[15,23,11,19,7,3,13,9],[11,19,7,3,23,15,13,9],[23,7,11,3,15,19,13,9],[15,23,11,19,3,7,13,9],[23,19,15,3,11,7,13,9],[19,11,7,23,15,3,13,9],[11,7,3,19,23,15,9],[7,19,15,3,23,11,13,9],[3,15,19,23,7,11,13,9],[11,15,23,7,3,19,13,9],[3,7,11,23,15,19,9],[15,7,23,19,3,11,13,9],[7,15,19,3,11,23,9],[19,15,7,23,3,11,9],[23,15,19,7,11,3,13,9],[11,23,7,3,15,19,13,9],[3,23,7,19,15,11,9],[15,3,7,19,23,11,9],[15,7,11,3,23,19,13,9],[3,23,15,11,7,19,9],[15,23,11,19,3,7,9],[7,19,23,11,3,15,9],[7,23,19,15,3,11,9],[19,3,15,7,23,11,9],[23,19,15,3,11,7,9],[7,19,23,11,3,15,9],[3,19,15,7,11,23,13,9],[23,3,19,7,15,11,13,9],[11,23,3,15,19,7,9],[23,19,11,3,7,15,13,9],[23,19,15,3,11,7,9],[7,11,3,15,23,19,9],[3,7,23,11,19,15,13,9],[19,7,15,11,3,23,13,9],[19,23,11,3,7,15,13,9],[3,7,19,23,11,15,13,9],[7,11,15,19,3,23,9],[23,15,7,3,11,19,13,9],[7,19,15,11,3,23,13,9],[15,7,3,11,23,19,13,9],[3,23,11,19,7,15,13,9],[3,11,15,19,23,7,9],[15,7,19,11,3,23,9],[15,11,7,3,23,19,9],[15,7,19,11,23,3,13,9],[11,19,3,23,7,15,9],[19,11,23,15,3,7,9],[19,23,15,11,3,7,13,9],[15,7,23,19,11,3,13,9],[3,23,7,15,11,19,13,9],[19,23,15,3,11,7,13,9],[7,19,11,15,23,3,9],[3,11,19,7,15,23,9],[3,23,15,19,11,7,9],[7,11,23,15,19,3,13,9],[7,19,15,23,3,11,9],[23,11,3,15,7,19,13,9],[15,11,23,7,3,19,9],[23,15,19,3,11,7,13,9],[23,15,11,3,7,19,13,9],[15,7,19,3,11,23,13,9],[15,11,23,19,7,3,9],[11,19,7,3,15,23,9],[23,15,3,11,7,19,9],[11,15,23,7,19,3,13,9],[19,7,15,11,3,23,9],[3,23,11,7,15,19,9],[19,15,7,23,3,11,13,9],[15,23,11,7,19,3,9],[3,11,23,19,15,7,9],[7,15,3,11,19,23,9],[23,19,11,7,3,15,9],[3,15,7,23,11,19,9],[15,19,3,23,7,11,9],[11,15,23,19,3,7,9],[11,23,3,7,19,15,9],[23,11,19,15,7,3,13,9],[3,7,11,23,15,19,13,9],[7,11,3,15,19,23,13,9],[11,19,7,23,3,15,13,9],[15,23,3,19,7,11,13,9],[23,15,7,3,19,11,13,9],[3,19,15,11,7,23,13,9],[7,23,11,15,3,19,9],[11,23,7,15,3,19,13,9],[23,11,19,15,3,7,9],[7,19,3,23,15,11,13,9],[23,19,11,3,15,7,13,9],[19,23,15,3,11,7,13,9],[15,7,19,11,3,23,9],[23,7,3,11,19,15,9],[3,19,15,11,23,7,13,9],[11,23,3,15,7,19,9],[19,11,15,23,3,7,13,9],[15,7,23,19,3,11,9],[19,3,7,15,11,23,9],[19,15,3,7,23,11,9],[7,3,19,11,23,15,9],[7,23,19,11,15,3,13,9],[15,23,11,7,19,3,9],[15,11,23,19,3,7,13,9],[19,11,3,7,15,23,9],[7,19,11,15,3,23,13,9],[7,3,15,23,11,19,9],[3,11,23,7,15,19,9],[15,11,19,7,3,23,13,9],[19,3,23,15,7,11,13,9],[19,11,23,3,15,7,13,9],[7,19,11,23,15,3,9],[11,7,3,23,19,15,9],[3,7,23,11,15,19,9],[11,7,23,15,3,19,9],[15,19,23,7,11,3,9],[23,7,19,11,15,3,9],[11,7,15,3,23,19,13,9],[11,19,3,15,23,7,13,9],[3,23,7,11,19,15,13,9],[3,15,23,7,19,11,9],[3,7,23,19,15,11,9],[23,3,11,7,15,19,9],[3,15,11,19,23,7,9],[11,7,23,3,19,15,9],[7,19,15,11,23,3,13,9],[3,23,19,11,7,15,9],[23,15,3,7,11,19,13,9],[15,23,19,3,11,7,9],[23,19,15,7,3,11,9],[15,3,7,11,23,19,13,9],[11,7,3,23,19,15,13,9],[15,23,19,11,7,3,13,9],[11,15,23,7,19,3,9],[15,11,19,7,23,3,9],[11,19,15,23,7,3,9],[7,15,23,11,3,19,9],[7,19,23,15,11,3,9],[7,3,23,11,19,15,13,9],[11,23,7,15,19,3,13,9],[23,7,3,19,15,11,9],[11,3,23,19,15,7,9],[11,3,7,15,23,19,13,9],[11,23,15,7,3,19,9],[7,19,23,11,15,3,9],[19,23,3,11,15,7,9],[23,19,15,11,7,3,13,9],[15,7,19,11,23,3,9],[7,15,11,3,19,23,13,9],[19,23,3,15,11,7,9],[3,11,7,23,15,19,13,9],[11,3,15,7,23,19,13,9],[15,11,19,23,3,7,13,9],[3,23,19,7,11,15,13,9],[7,11,3,19,15,23,9],[3,19,15,11,7,23,9],[15,3,23,7,19,11,9],[3,15,11,23,7,19,13,9],[23,7,19,3,15,11,9],[15,19,7,11,3,23,13,9],[23,7,19,3,15,11,9],[3,19,7,23,15,11,13,9],[11,7,23,19,15,3,13,9],[3,7,19,11,15,23,13,9],[15,19,11,7,3,23,13,9],[11,19,7,23,15,3,13,9],[19,3,15,11,7,23,13,9],[11,19,7,15,3,23,9],[15,11,3,23,7,19,13,9],[19,15,11,23,7,3,13,9],[15,3,19,7,11,23,9],[11,7,3,19,23,15,13,9],[23,19,15,11,7,3,9],[19,7,3,23,15,11,13,9],[23,19,11,7,15,3,9],[15,3,23,11,19,7,13,9],[7,11,3,15,23,19,13,9],[19,7,3,11,23,15,13,9],[3,23,7,19,15,11,9],[15,7,11,23,19,3,9],[19,7,3,11,15,23,9],[15,19,11,23,3,7,13,9],[3,19,11,15,7,23,13,9],[23,3,11,19,15,7,13,9],[11,23,7,15,19,3,9],[3,19,15,23,7,11,9],[19,11,15,3,23,7,13,9],[15,23,19,11,7,3,9],[3,15,7,19,23,11,13,9],[23,19,15,7,11,3,9],[23,15,7,3,11,19,13,9],[3,23,7,19,11,15,9],[11,15,19,23,3,7,9],[19,7,23,15,11,3,9],[3,15,11,19,23,7,13,9],[11,23,3,7,19,15,9],[19,11,15,3,23,7,9],[23,11,19,15,7,3,9],[15,3,19,11,7,23,13,9],[15,19,23,7,11,3,13,9],[11,19,7,3,15,23,9],[7,11,19,3,15,23,9],[3,15,7,11,19,23,13,9],[11,3,19,15,23,7,13,9],[11,19,3,15,23,7,9],[19,23,15,3,7,11,13,9],[11,15,19,7,23,3,9],[11,19,23,7,3,15,9],[11,15,19,7,3,23,13,9],[19,3,11,15,7,23,9],[23,11,3,7,19,15,13,9],[19,3,15,23,7,11,9],[7,11,23,19,3,15,13,9],[23,11,19,15,7,3,13,9],[7,3,11,15,23,19,13,9],[23,3,19,7,15,11,13,9],[15,7,11,3,23,19,13,9],[3,19,7,11,15,23,9],[7,11,3,23,15,19,9],[23,3,11,19,7,15,9],[15,19,3,7,23,11,13,9],[7,23,11,19,15,3,13,9],[7,11,23,15,19,3,9],[19,11,3,7,15,23,9],[23,7,19,15,3,11,13,9],[15,19,3,7,11,23,13,9],[7,19,23,3,15,11,9],[15,19,11,23,7,3,13,9],[7,23,15,19,3,11,9],[15,7,19,3,23,11,13,9],[23,11,15,19,7,3,13,9],[23,7,15,3,19,11,9],[23,11,15,19,3,7,9],[23,7,11,3,15,19,13,9],[23,15,11,19,7,3,9],[11,3,15,19,23,7,13,9],[11,19,3,23,15,7,9],[15,23,19,11,7,3,9],[11,23,15,7,19,3,13,9],[3,19,23,15,7,11,13,9],[15,7,3,19,11,23,13,9],[11,23,7,15,3,19,9],[7,23,19,3,15,11,9],[23,3,7,19,11,15,13,9],[3,19,11,15,23,7,9],[11,19,15,3,7,23,13,9],[23,7,3,11,15,19,13,9],[7,23,19,15,3,11,9],[19,7,23,15,3,11,9],[3,23,11,7,19,15,13,9],[7,15,23,3,19,11,13,9],[15,3,11,7,23,19,13,9],[19,7,15,23,3,11,9],[15,7,11,19,23,3,9],[19,3,15,11,23,7,13,9],[15,23,3,7,19,11,9],[23,3,15,19,7,11,9],[19,23,15,3,11,7,13,9],[3,7,23,11,15,19,13,9],[23,11,15,7,19,3,13,9],[23,19,7,11,3,15,9],[7,23,3,19,11,15,9],[23,7,15,11,19,3,9],[15,11,3,7,19,23,13,9],[3,11,15,23,7,19,13,9],[15,19,11,3,23,7,13,9],[7,19,11,15,3,23,9],[11,7,23,19,3,15,13,9],[7,19,11,23,3,15,9],[15,23,19,7,3,11,13,9],[19,7,3,15,11,23,13,9],[15,19,7,3,11,23,13,9],[7,23,19,15,3,11,13,9],[3,11,7,15,23,19,13,9],[11,3,15,23,7,19,9],[19,15,7,3,11,23,13,9],[19,15,7,23,3,11,13,9],[3,7,23,15,11,19,13,9],[7,3,19,23,11,15,13,9],[7,3,15,19,11,23,13,9],[7,15,23,19,11,3,9],[3,23,15,11,7,19,9],[19,11,7,3,23,15,13,9],[15,7,3,23,11,19,9],[15,11,7,3,23,19,13,9],[15,3,23,7,19,11,9],[11,15,19,23,3,7,13,9],[15,23,7,3,19,11,9],[23,19,11,15,3,7,13,9],[7,15,19,11,3,23,13,9],[15,7,3,11,19,23,13,9],[23,7,11,15,3,19,13,9],[7,23,3,11,19,15,9],[15,23,19,11,3,7,9],[15,7,11,19,23,3,9],[19,23,11,7,3,15,9],[19,23,11,7,3,15,9],[11,23,3,15,19,7,13,9],[15,19,3,23,7,11,9],[19,11,3,23,15,7,9],[23,11,19,7,15,3,13,9],[7,11,15,19,3,23,9],[11,19,3,15,23,7,9],[19,23,7,15,11,3,9],[3,15,11,23,7,19,9],[23,3,19,7,11,15,13,9],[19,7,15,3,23,11,13,9],[11,7,19,15,3,23,13,9],[19,23,3,15,7,11,9],[23,19,3,7,15,11,9],[23,15,7,19,11,3,9],[11,7,19,3,15,23,13,9],[7,11,19,3,23,15,9],[7,19,15,23,11,3,13,9],[11,23,7,3,19,15,9],[11,15,23,7,19,3,13,9],[23,19,11,15,3,7,9],[7,11,19,23,3,15,13,9],[15,11,23,7,19,3,9],[3,15,11,19,7,23,13,9],[3,11,15,23,19,7,13,9],[7,23,11,19,15,3,9],[19,11,3,15,7,23,9],[19,23,3,11,15,7,13,9],[23,19,7,3,11,15,13,9],[23,7,11,15,3,19,13,9],[19,3,23,15,7,11,9],[3,15,11,19,23,7,13,9],[11,23,19,7,15,3,9],[7,15,19,23,3,11,13,9],[7,15,11,3,23,19,9],[11,15,23,19,7,3,9],[3,11,19,23,7,15,9],[23,7,19,15,3,11,9],[3,11,19,15,7,23,13,9],[19,11,15,7,3,23,13,9],[19,11,15,3,23,7,13,9],[23,7,15,3,19,11,13,9],[15,19,7,23,3,11,9],[19,23,3,15,11,7,13,9],[7,11,15,23,19,3,9],[23,11,3,15,19,7,13,9],[11,19,7,15,3,23,9],[19,3,7,15,23,11,13,9],[15,3,7,11,23,19,13,9],[11,7,23,19,3,15,13,9],[15,3,11,23,7,19,9],[11,19,3,15,7,23,13,9],[23,19,7,3,11,15,9],[15,7,19,23,3,11,13,9],[15,7,19,23,11,3,13,9],[15,11,23,7,3,19,13,9],[3,7,15,23,19,11,13,9],[7,19,3,11,23,15,13,9],[15,11,7,3,23,19,9],[15,7,23,3,11,19,13,9],[7,15,11,3,19,23,9],[7,23,3,19,15,11,13,9],[19,11,15,3,7,23,9],[23,15,11,19,3,7,13,9],[11,19,7,23,3,15,13,9],[15,3,19,7,11,23,13,9],[23,15,11,3,7,19,13,9],[15,23,7,11,19,3,9],[3,7,15,23,19,11,9],[3,7,15,11,23,19,9],[7,15,19,3,11,23,9],[3,15,23,19,11,7,9],[19,3,11,15,7,23,9],[7,3,11,19,15,23,13,9],[15,11,7,23,3,19,13,9],[11,19,3,23,7,15,13,9],[15,7,11,23,3,19,9],[23,3,15,19,11,7,13,9],[23,11,3,19,7,15,9],[23,19,15,11,7,3,9],[19,7,23,3,11,15,9],[11,15,19,3,7,23,13,9],[23,7,19,11,15,3,13,9],[15,11,23,7,19,3,9],[7,23,15,11,3,19,9],[7,3,23,15,11,19,13,9],[23,19,7,15,3,11,9],[11,15,7,3,23,19,13,9],[7,23,15,11,3,19,9],[7,15,23,11,19,3,9],[19,3,23,15,11,7,13,9],[15,3,11,23,7,19,13,9],[19,11,7,3,23,15,13,9],[23,3,19,15,11,7,13,9],[19,23,7,3,11,15,13,9],[23,15,3,19,11,7,9],[19,3,23,11,7,15,13,9],[15,23,3,19,11,7,13,9],[19,7,23,11,3,15,13,9],[11,3,7,15,19,23,9],[19,23,7,11,3,15,13,9],[11,7,3,15,23,19,9],[15,23,11,3,19,7,9],[7,15,3,19,23,11,13,9],[7,15,23,19,3,11,13,9],[7,19,15,23,3,11,9],[15,23,7,19,11,3,9],[15,19,11,3,23,7,13,9],[15,7,19,11,3,23,9],[19,11,23,7,3,15,13,9],[15,7,11,19,23,3,13,9],[23,7,11,15,19,3,9],[3,7,19,15,11,23,9],[15,19,23,7,11,3,13,9],[19,7,23,15,11,3,9],[7,23,11,19,15,3,9],[11,7,15,19,23,3,13,9],[7,23,15,11,19,3,9],[23,11,3,15,7,19,9],[15,19,7,23,3,11,13,9],[23,19,3,11,15,7,9],[19,23,7,11,3,15,13,9],[15,3,11,7,19,23,9],[3,15,19,23,11,7,13,9],[3,7,11,15,19,23,13,9],[11,7,19,15,23,3,9],[15,3,7,23,19,11,13,9],[19,11,15,23,7,3,13,9],[3,19,11,15,23,7,9],[7,23,11,15,3,19,13,9],[15,7,3,11,23,19,13,9],[15,19,7,23,3,11,9],[11,3,23,15,7,19,9],[23,3,11,7,15,19,9],[23,11,7,15,19,3,13,9],[23,11,15,19,3,7,9],[3,7,19,15,11,23,13,9],[23,15,3,11,19,7,9],[15,7,19,23,3,11,13,9],[23,19,15,11,7,3,13,9],[23,7,15,19,3,11,9],[11,19,15,3,7,23,9],[19,15,3,7,23,11,13,9],[19,3,7,23,15,11,9],[7,15,19,23,11,3,13,9],[11,7,23,3,15,19,13,9],[19,11,7,15,3,23,9],[11,3,15,19,7,23,13,9],[7,23,11,3,19,15,13,9],[11,19,23,3,7,15,9],[23,3,11,15,19,7,13,9],[15,3,19,11,7,23,9],[19,11,23,7,3,15,9],[3,7,11,19,15,23,9],[19,3,7,15,23,11,9],[15,11,19,7,3,23,13,9],[7,23,11,15,3,19,9],[7,19,3,11,23,15,9],[23,11,15,19,3,7,9],[11,23,3,7,19,15,9],[11,23,3,15,7,19,9],[7,3,15,11,19,23,13,9],[23,15,11,7,19,3,13,9],[11,7,15,23,19,3,13,9],[19,23,3,15,7,11,13,9],[7,23,3,15,11,19,13,9],[15,3,7,23,11,19,13,9],[19,23,15,11,7,3,13,9],[19,15,23,11,3,7,13,9],[23,11,19,15,3,7,13,9],[3,11,7,23,19,15,9],[23,11,19,15,7,3,9],[23,15,11,7,3,19,13,9],[7,23,3,11,15,19,9],[23,19,15,7,11,3,9],[7,15,23,11,19,3,13,9],[7,19,11,23,3,15,13,9],[15,11,19,23,3,7,9],[15,19,3,11,23,7,13,9],[15,23,3,19,11,7,13,9],[11,7,3,23,15,19,9],[23,11,15,19,7,3,9],[7,23,19,15,11,3,13,9],[11,19,15,3,23,7,9],[23,11,3,7,19,15,13,9],[23,19,11,7,15,3,9],[15,3,7,23,19,11,13,9],[7,15,11,3,19,23,9],[15,19,3,7,23,11,13,9],[7,11,3,19,23,15,13,9],[15,19,23,3,11,7,9],[15,11,7,23,19,3,13,9],[11,19,15,7,3,23,13,9],[19,3,23,11,7,15,13,9],[15,7,3,23,19,11,13,9],[11,19,15,3,7,23,13,9],[11,19,7,23,15,3,9],[11,3,23,19,7,15,13,9],[15,7,23,3,19,11,9],[3,15,11,23,7,19,9],[3,19,11,23,7,15,13,9],[23,15,19,11,3,7,13,9],[3,7,11,23,15,19,13,9],[19,15,7,3,11,23,13,9],[19,15,3,11,23,7,9],[7,19,23,11,3,15,9],[15,19,3,23,7,11,13,9],[3,15,23,7,19,11,13,9],[7,11,19,23,3,15,9],[7,3,11,19,15,23,9],[11,19,15,7,3,23,13,9],[3,19,23,11,7,15,13,9],[7,15,23,3,11,19,13,9],[3,7,23,19,15,11,9],[11,15,19,7,3,23,9],[19,23,15,11,7,3,13,9],[11,3,15,7,23,19,9],[23,3,7,11,19,15,13,9],[23,19,15,11,7,3,13,9],[11,23,7,19,3,15,13,9],[23,15,7,3,11,19,13,9],[15,11,19,23,7,3,13,9],[23,3,19,15,7,11,13,9],[3,11,23,7,19,15,9],[7,11,15,19,23,3,13,9],[11,15,19,23,3,7,13,9],[7,23,19,15,3,11,9],[23,3,11,19,7,15,9],[15,7,19,23,11,3,13,9],[7,19,15,11,23,3,13,9],[19,11,7,23,15,3,9],[15,23,7,19,3,11,13,9],[19,3,15,11,7,23,9],[7,3,11,23,15,19,13,9],[19,7,15,3,11,23,9],[11,19,7,23,15,3,9],[23,7,11,19,3,15,13,9],[23,3,19,7,15,11,9],[15,7,19,11,23,3,13,9],[15,3,23,11,19,7,13,9],[7,19,15,3,11,23,13,9],[3,15,11,7,19,23,9],[19,3,23,15,11,7,9],[3,19,23,11,15,7,13,9],[3,19,11,23,7,15,13,9],[19,3,11,7,15,23,9],[11,23,19,3,7,15,9],[19,23,7,15,3,11,9],[19,7,3,23,15,11,13,9],[19,7,23,15,3,11,9],[19,15,3,11,23,7,13,9],[19,11,15,23,3,7,9],[15,3,19,7,23,11,9],[3,23,15,7,11,19,13,9],[23,11,19,7,15,3,13,9],[11,19,7,23,15,3,13,9],[15,23,11,3,19,7,9],[19,15,3,23,7,11,13,9],[11,15,7,19,23,3,9],[3,19,23,15,7,11,9],[7,15,23,3,19,11,13,9],[23,7,15,3,19,11,9],[23,11,7,3,15,19,13,9],[7,3,23,11,19,15,9],[11,7,23,3,15,19,9],[11,23,15,7,3,19,9],[7,23,15,3,11,19,9],[7,3,11,15,19,23,13,9],[15,19,23,3,7,11,9],[3,7,19,15,11,23,9],[7,19,23,11,15,3,13,9],[11,19,7,3,23,15,9],[11,23,3,15,7,19,13,9],[11,7,23,3,19,15,9],[3,15,11,19,7,23,13,9],[19,7,15,11,3,23,9],[15,11,7,19,3,23,13,9],[19,3,23,11,15,7,9],[3,19,11,15,7,23,9],[19,23,3,15,11,7,13,9],[23,19,11,7,15,3,13,9],[7,11,19,3,15,23,9],[3,7,19,11,15,23,13,9],[23,11,19,15,7,3,13,9],[3,23,19,7,15,11,13,9],[15,11,23,3,7,19,13,9],[19,7,15,3,11,23,13,9],[15,19,23,11,3,7,9],[11,19,23,15,7,3,9],[3,15,7,11,23,19,13,9],[11,23,15,3,19,7,13,9],[11,15,19,23,7,3,13,9],[15,11,23,19,7,3,9],[19,3,23,7,15,11,9],[11,19,3,7,23,15,9],[19,3,23,7,15,11,13,9],[19,15,11,7,23,3,9],[7,23,15,11,19,3,9],[7,15,11,3,23,19,13,9],[3,7,15,23,19,11,13,9],[19,7,3,23,15,11,9],[19,3,23,7,15,11,9],[11,3,7,19,23,15,9],[19,3,11,23,7,15,13,9],[19,7,23,15,3,11,9],[3,7,23,11,19,15,9],[19,11,23,7,15,3,13,9],[3,23,19,11,15,7,13,9],[23,3,7,15,11,19,13,9],[19,3,23,15,7,11,13,9],[3,15,19,7,23,11,13,9],[19,15,11,7,3,23,13,9],[7,11,3,15,19,23,9],[19,23,3,15,11,7,9],[11,7,23,15,19,3,9],[7,23,3,19,11,15,9],[3,11,15,23,7,19,13,9],[3,7,15,19,23,11,9],[23,7,15,11,3,19,13,9],[15,7,3,19,23,11,9],[19,15,3,11,7,23,13,9],[19,11,15,23,7,3,13,9],[23,7,11,15,19,3,13,9],[23,11,3,7,15,19,13,9],[11,19,15,3,23,7,9],[7,15,11,23,3,19,13,9],[3,11,7,23,19,15,13,9],[7,3,15,19,11,23,9],[3,11,19,23,7,15,9],[11,7,3,19,23,15,9],[15,19,23,11,7,3,13,9],[23,19,3,7,15,11,13,9],[3,11,23,7,15,19,13,9],[23,3,11,19,7,15,9],[23,3,15,11,7,19,9],[19,23,11,15,3,7,13,9],[11,15,19,23,3,7,13,9],[23,3,11,7,15,19,9],[15,3,23,19,11,7,13,9],[19,3,15,11,7,23,9],[7,23,19,11,15,3,9],[11,19,3,7,23,15,13,9],[3,19,11,7,15,23,13,9],[7,23,19,15,3,11,9],[19,15,3,11,7,23,9],[15,11,3,7,19,23,13,9],[19,11,3,23,15,7,9],[23,11,3,7,19,15,13,9],[19,15,3,23,11,7,13,9],[7,15,11,3,23,19,13,9],[19,7,3,15,23,11,9],[23,11,7,3,15,19,9],[19,15,23,3,7,11,13,9],[19,11,7,23,3,15,9],[11,3,23,15,7,19,13,9],[23,15,7,3,19,11,9],[19,23,15,7,11,3,9],[15,19,3,11,7,23,9],[19,7,11,3,15,23,13,9],[15,3,23,7,11,19,9],[7,19,15,11,23,3,9],[7,23,15,11,19,3,13,9],[23,15,11,7,3,19,9],[3,23,15,11,19,7,13,9],[11,3,19,23,7,15,13,9],[7,3,15,19,11,23,9],[3,19,15,11,7,23,9],[11,3,23,7,19,15,9],[15,3,7,19,11,23,13,9],[19,11,3,15,23,7,13,9],[7,19,3,11,23,15,9],[19,7,23,15,3,11,9],[15,23,11,19,7,3,9],[3,11,15,23,19,7,13,9],[15,7,11,19,3,23,13,9],[3,15,23,11,19,7,9],[15,23,19,7,11,3,13,9],[19,23,15,3,7,11,9],[19,15,7,3,11,23,9],[15,19,11,7,3,23,13,9],[11,3,19,23,15,7,9],[19,23,7,11,3,15,13,9],[3,23,15,7,11,19,9],[3,15,11,7,19,23,13,9],[3,7,15,19,11,23,9],[7,15,3,11,19,23,9],[19,23,3,7,11,15,13,9],[3,7,11,23,19,15,9],[19,3,15,11,7,23,13,9],[3,7,23,19,11,15,9],[3,7,19,23,15,11,9],[23,3,15,7,19,11,13,9],[19,3,23,11,7,15,9],[11,19,23,7,15,3,13,9],[7,11,3,15,23,19,9],[7,23,3,11,19,15,9],[15,23,7,11,19,3,9],[3,7,23,19,15,11,9],[7,3,15,19,11,23,13,9],[15,3,7,11,23,19,13,9]],"n_human":7}