{"problem_id":"iY5ihY525D06K48","sigma":150,"alpha":10.000,"cost":0,"probabilities":"[0.15000000000000002, 0.3, 0.28, 0.27]","payoff_matrix":"[[-90, -68, -11, 19, -83, -164], [-8, -130, -61, -16, -54, -18], [-39, 87, 93, 151, 42, 10], [-50, 31, -111, -89, -40, -22]]","uncovered":[[2,10,6,22,14,18,3,23,15,16,24,19,20,4,11,12,7,8,13],[6,14,18,10,22,2,3,23,15,24,16,19,20,4,11,12,7,8,5,21],[10,18,2,22,14,6,15,3,23,24,19,20,16,4,11,12,7,8,13],[2,6,18,10,14,22,3,23,15,16,24,19,20,4,11,12,7,8,13],[2,22,6,18,14,10,3,23,15,24,16,19,20,4,11,12,7,8,13],[6,18,22,2,10,14,15,3,23,24,16,19,20,4,11,12,7,8,13],[22,14,18,6,10,2,15,3,23,24,16,19,20,4,11,12,7,8,13],[14,22,2,6,10,18,15,3,23,24,16,19,20,4,11,12,7,8,5,13],[18,2,6,22,10,14,3,15,23,16,24,19,20,4,11,12,7,8,5,13],[2,6,22,10,18,14,15,3,23,24,16,19,20,4,11,12,7,8,5,13],[14,18,6,22,2,10,3,15,23,16,24,19,20,4,11,12,7,8,13],[2,14,10,6,22,18,3,15,23,16,24,19,20,4,11,12,7,8,5,13],[14,2,18,22,6,10,15,3,23,16,24,19,20,4,11,12,7,8,13],[10,6,22,2,14,18,3,15,23,16,24,19,20,4,11,12,7,8,13],[14,10,6,2,18,22,15,3,23,16,24,19,20,4,11,12,7,8,5,21],[6,18,14,22,2,10,15,3,23,16,24,19,20,4,11,12,7,8,5,21],[22,2,6,14,10,18,3,15,23,24,16,19,20,4,11,12,7,8,13],[2,14,18,22,10,6,3,15,23,24,16,19,20,4,11,12,7,8,5,13],[10,18,2,22,14,6,15,3,23,16,24,19,20,4,11,12,7,8,5,21],[2,14,10,18,22,6,15,3,23,16,24,19,20,4,11,12,7,8,13],[14,6,2,18,22,10,3,15,23,16,24,19,20,4,11,12,7,8,13],[2,10,18,6,14,22,15,3,23,16,24,19,20,4,11,12,7,8,5,13],[18,2,10,22,14,6,15,3,23,16,24,19,20,4,11,12,7,8,5,21],[10,22,18,2,6,14,15,3,23,24,16,19,20,4,11,12,7,8,5,21],[10,6,18,2,14,22,3,15,23,16,24,19,20,4,11,12,7,8,13],[10,18,14,2,6,22,15,3,23,24,16,19,20,4,11,12,7,8,5,21],[6,14,10,18,22,2,3,23,15,16,24,19,20,4,11,12,7,8,13],[10,22,18,2,14,6,3,15,23,24,16,19,20,4,11,12,7,8,5,13],[18,14,10,2,22,6,15,3,23,16,24,19,20,4,11,12,7,8,5,21],[10,18,22,14,2,6,3,23,15,16,24,19,20,4,11,12,7,8,5,21],[14,22,10,2,18,6,15,3,23,16,24,19,20,4,11,12,7,8,13],[6,10,2,14,18,22,15,3,23,24,16,19,20,4,11,12,7,8,5,13],[22,14,10,2,18,6,3,15,23,24,16,19,20,4,11,12,7,8,5,13],[14,18,22,2,6,10,3,15,23,16,24,19,20,4,11,12,7,8,5,21],[2,18,10,22,14,6,3,23,15,24,16,19,20,4,11,12,7,8,5,21],[6,2,10,22,14,18,15,3,23,24,16,19,20,4,11,12,7,8,5,21],[2,10,18,6,14,22,3,23,15,24,16,19,20,4,11,12,7,8,13],[10,2,14,18,22,6,3,15,23,16,24,19,20,4,11,12,7,8,13],[10,18,22,14,6,2,3,15,23,24,16,19,20,4,11,12,7,8,5,13],[22,2,10,18,14,6,3,23,15,16,24,19,20,4,11,12,7,8,13],[6,18,22,14,2,10,3,15,23,16,24,19,20,4,11,12,7,8,5,13],[18,6,14,2,22,10,3,23,15,24,16,19,20,4,11,12,7,8,13],[18,10,14,22,2,6,3,15,23,24,16,19,20,4,11,12,7,8,13],[6,22,14,10,18,2,15,3,23,16,24,19,20,4,11,12,7,8,13],[10,6,2,18,14,22,3,15,23,24,16,19,20,4,11,12,7,8,5,21],[10,18,2,22,6,14,15,3,23,24,16,19,20,4,11,12,7,8,5,13],[10,22,18,2,6,14,3,23,15,16,24,19,20,4,11,12,7,8,5,21],[22,18,2,14,6,10,15,3,23,24,16,19,20,4,11,12,7,8,13],[22,10,18,6,14,2,15,3,23,24,16,19,20,4,11,12,7,8,13],[10,22,2,18,14,6,15,3,23,24,16,19,20,4,11,12,7,8,13],[14,6,2,22,18,10,3,23,15,16,24,19,20,4,11,12,7,8,13],[22,2,14,6,10,18,3,23,15,16,24,19,20,4,11,12,7,8,5,13],[10,14,6,2,22,18,3,23,15,24,16,19,20,4,11,12,7,8,5,13],[14,18,2,22,6,10,15,3,23,16,24,19,20,4,11,12,7,8,13],[6,10,2,22,14,18,3,23,15,16,24,19,20,4,11,12,7,8,13],[14,2,22,10,18,6,3,15,23,24,16,19,20,4,11,12,7,8,5,21],[18,22,10,2,14,6,3,23,15,24,16,19,20,4,11,12,7,8,13],[18,22,10,6,2,14,3,15,23,24,16,19,20,4,11,12,7,8,5,13],[14,2,18,6,22,10,15,3,23,24,16,19,20,4,11,12,7,8,13],[2,10,22,6,14,18,3,15,23,24,16,19,20,4,11,12,7,8,5,21],[14,6,10,22,18,2,15,3,23,16,24,19,20,4,11,12,7,8,5,21],[18,22,14,2,6,10,15,3,23,24,16,19,20,4,11,12,7,8,5,21],[22,18,2,6,14,10,3,23,15,16,24,19,20,4,11,12,7,8,13],[10,18,14,2,6,22,15,3,23,24,16,19,20,4,11,12,7,8,5,21],[18,14,2,10,22,6,15,3,23,16,24,19,20,4,11,12,7,8,5,21],[10,22,14,18,2,6,3,23,15,24,16,19,20,4,11,12,7,8,5,13],[22,10,6,18,2,14,3,23,15,24,16,19,20,4,11,12,7,8,5,21],[10,2,22,14,6,18,3,23,15,16,24,19,20,4,11,12,7,8,13],[18,2,14,6,10,22,15,3,23,16,24,19,20,4,11,12,7,8,5,21],[2,14,10,6,22,18,3,15,23,24,16,19,20,4,11,12,7,8,13],[14,10,2,18,22,6,15,3,23,16,24,19,20,4,11,12,7,8,13],[6,18,2,22,10,14,15,3,23,16,24,19,20,4,11,12,7,8,13],[2,10,14,6,22,18,15,3,23,24,16,19,20,4,11,12,7,8,13],[2,14,22,6,10,18,15,3,23,16,24,19,20,4,11,12,7,8,13],[6,18,22,2,14,10,3,15,23,16,24,19,20,4,11,12,7,8,5,21],[10,22,6,14,18,2,15,3,23,16,24,19,20,4,11,12,7,8,13],[6,22,2,14,18,10,15,3,23,16,24,19,20,4,11,12,7,8,13],[2,18,6,10,22,14,3,23,15,16,24,19,20,4,11,12,7,8,13],[2,22,10,18,14,6,3,15,23,16,24,19,20,4,11,12,7,8,13],[14,2,6,18,22,10,15,3,23,24,16,19,20,4,11,12,7,8,5,13],[2,18,6,14,22,10,15,3,23,16,24,19,20,4,11,12,7,8,13],[14,22,10,18,6,2,15,3,23,16,24,19,20,4,11,12,7,8,5,21],[10,6,22,2,18,14,3,23,15,24,16,19,20,4,11,12,7,8,5,13],[6,18,14,10,22,2,3,15,23,24,16,19,20,4,11,12,7,8,5,13],[6,18,22,2,14,10,15,3,23,24,16,19,20,4,11,12,7,8,5,21],[22,6,18,10,14,2,3,15,23,24,16,19,20,4,11,12,7,8,5,13],[2,22,18,14,6,10,15,3,23,16,24,19,20,4,11,12,7,8,13],[6,10,22,14,2,18,15,3,23,24,16,19,20,4,11,12,7,8,5,21],[2,22,6,10,14,18,15,3,23,24,16,19,20,4,11,12,7,8,13],[6,10,2,18,14,22,15,3,23,16,24,19,20,4,11,12,7,8,5,21],[10,6,2,18,14,22,15,3,23,24,16,19,20,4,11,12,7,8,5,21],[10,14,18,2,22,6,15,3,23,16,24,19,20,4,11,12,7,8,5,21],[22,10,2,14,6,18,3,23,15,16,24,19,20,4,11,12,7,8,5,21],[6,2,22,18,10,14,3,23,15,16,24,19,20,4,11,12,7,8,5,21],[18,22,10,14,2,6,15,3,23,24,16,19,20,4,11,12,7,8,5,21],[2,18,6,10,14,22,3,15,23,24,16,19,20,4,11,12,7,8,13],[2,10,22,18,14,6,3,23,15,16,24,19,20,4,11,12,7,8,5,21],[14,2,6,10,18,22,3,15,23,16,24,19,20,4,11,12,7,8,5,13],[18,14,22,6,2,10,3,15,23,24,16,19,20,4,11,12,7,8,13],[6,18,22,10,14,2,15,3,23,24,16,19,20,4,11,12,7,8,13],[2,14,18,10,22,6,3,23,15,24,16,19,20,4,11,12,7,8,5,13],[2,22,18,6,14,10,3,15,23,16,24,19,20,4,11,12,7,8,5,13],[22,10,2,18,14,6,3,23,15,16,24,19,20,4,11,12,7,8,5,21],[2,6,18,14,10,22,3,23,15,24,16,19,20,4,11,12,7,8,5,21],[10,6,18,14,2,22,3,23,15,24,16,19,20,4,11,12,7,8,5,13],[2,18,14,22,10,6,15,3,23,24,16,19,20,4,11,12,7,8,5,21],[10,6,14,2,18,22,15,3,23,24,16,19,20,4,11,12,7,8,5,21],[18,22,14,6,2,10,15,3,23,24,16,19,20,4,11,12,7,8,13],[18,14,6,2,22,10,3,15,23,16,24,19,20,4,11,12,7,8,5,21],[22,14,2,10,6,18,3,15,23,24,16,19,20,4,11,12,7,8,13],[6,10,22,2,14,18,15,3,23,16,24,19,20,4,11,12,7,8,5,21],[6,2,14,18,10,22,3,15,23,24,16,19,20,4,11,12,7,8,5,13],[14,18,10,2,6,22,3,15,23,24,16,19,20,4,11,12,7,8,5,21],[18,2,6,14,10,22,3,15,23,24,16,19,20,4,11,12,7,8,5,21],[14,18,22,6,10,2,3,15,23,16,24,19,20,4,11,12,7,8,5,13],[22,18,14,2,6,10,3,15,23,24,16,19,20,4,11,12,7,8,5,21],[6,18,14,10,22,2,15,3,23,24,16,19,20,4,11,12,7,8,5,13],[2,6,14,18,10,22,3,15,23,16,24,19,20,4,11,12,7,8,13],[6,10,2,14,18,22,3,23,15,24,16,19,20,4,11,12,7,8,13],[2,22,14,18,6,10,3,23,15,24,16,19,20,4,11,12,7,8,13],[6,2,18,22,14,10,3,15,23,16,24,19,20,4,11,12,7,8,5,21],[6,14,2,18,22,10,15,3,23,16,24,19,20,4,11,12,7,8,5,13],[2,14,6,18,10,22,15,3,23,24,16,19,20,4,11,12,7,8,13],[6,22,10,2,18,14,3,15,23,24,16,19,20,4,11,12,7,8,13],[18,22,10,2,6,14,3,23,15,24,16,19,20,4,11,12,7,8,13],[22,10,6,14,18,2,15,3,23,16,24,19,20,4,11,12,7,8,13],[10,14,22,6,18,2,3,15,23,16,24,19,20,4,11,12,7,8,13],[6,22,18,14,10,2,3,15,23,24,16,19,20,4,11,12,7,8,13],[22,14,18,10,2,6,3,23,15,24,16,19,20,4,11,12,7,8,5,21],[22,10,14,2,18,6,15,3,23,16,24,19,20,4,11,12,7,8,13],[6,14,2,22,18,10,3,23,15,16,24,19,20,4,11,12,7,8,13],[22,6,18,2,10,14,15,3,23,16,24,19,20,4,11,12,7,8,13],[14,2,18,10,22,6,3,23,15,16,24,19,20,4,11,12,7,8,13],[10,22,6,14,18,2,3,23,15,16,24,19,20,4,11,12,7,8,5,13],[18,2,14,22,10,6,3,23,15,16,24,19,20,4,12,7,8,5,21,11],[10,14,6,2,18,22,15,3,23,24,16,19,20,4,11,12,7,8,13],[22,2,14,6,10,18,15,3,23,16,24,19,20,4,11,12,7,8,5,13],[18,22,14,2,10,6,3,15,23,24,16,19,20,4,11,12,7,8,13],[10,22,14,18,2,6,3,23,15,24,16,19,20,4,11,12,7,8,5,21],[22,2,10,18,14,6,3,15,23,24,16,19,20,4,11,12,7,8,5,13],[22,10,2,6,18,14,3,23,15,16,24,19,20,4,11,12,7,8,5,13],[18,22,14,10,6,2,3,23,15,24,16,19,20,4,11,12,7,8,13],[22,6,10,18,14,2,15,3,23,24,16,19,20,4,11,12,7,8,13],[6,14,22,10,2,18,3,15,23,16,24,19,20,4,11,12,7,8,5,21],[14,18,6,22,10,2,3,15,23,16,24,19,20,4,11,12,7,8,5,13],[10,6,2,22,14,18,15,3,23,24,16,19,20,4,11,12,7,8,5,13],[6,18,14,10,22,2,15,3,23,24,16,19,20,4,11,12,7,8,5,13],[2,18,14,10,6,22,3,15,23,16,24,19,20,4,11,12,7,8,13],[6,22,18,2,14,10,15,3,23,16,24,19,20,4,11,12,7,8,13],[18,14,10,22,2,6,3,23,15,24,16,19,20,4,11,12,7,8,5,21],[22,14,2,6,10,18,15,3,23,24,16,19,20,4,11,12,7,8,5,13],[6,10,2,22,14,18,15,3,23,16,24,19,20,4,11,12,7,8,5,13],[10,22,6,18,14,2,15,3,23,24,16,19,20,4,11,12,7,8,5,13],[14,10,22,6,18,2,3,23,15,16,24,19,20,4,11,12,7,8,5,21],[22,10,14,18,6,2,3,15,23,24,16,19,20,4,11,12,7,8,5,13],[22,14,10,6,2,18,3,23,15,24,16,19,20,4,11,12,7,8,13],[10,2,18,6,22,14,3,15,23,24,16,19,20,4,11,12,7,8,13],[6,14,2,18,10,22,3,15,23,16,24,19,20,11,12,4,7,8,13],[10,14,6,18,2,22,3,23,15,16,24,19,20,4,11,12,8,7,5,21],[10,18,2,6,22,14,15,3,23,24,16,19,20,4,11,12,7,8,5,13],[18,14,2,6,10,22,15,3,23,16,24,19,20,4,11,12,7,8,5,21],[18,6,2,14,22,10,15,3,23,24,16,19,20,4,11,12,7,8,5,21],[2,18,6,14,10,22,3,15,23,24,16,19,20,4,11,12,7,8,5,13],[22,10,18,14,6,2,3,15,23,16,24,19,20,4,11,12,7,8,5,13],[18,10,2,22,6,14,15,3,23,24,16,19,20,4,11,12,7,8,13],[18,2,22,10,14,6,3,15,24,23,16,19,20,4,11,12,7,8,13],[2,6,22,18,10,14,15,3,23,16,24,19,20,4,11,12,7,8,13],[22,18,2,10,6,14,3,15,23,16,24,19,20,4,11,12,7,8,13],[2,14,22,6,10,18,3,23,15,16,24,19,20,4,11,12,7,8,5,21],[6,14,18,22,10,2,15,3,23,24,16,19,20,4,11,12,7,8,13],[22,10,2,6,18,14,3,15,23,16,24,19,20,4,11,12,7,8,13],[14,2,22,10,6,18,15,3,23,16,24,19,20,4,11,12,7,8,5,21],[2,6,18,22,14,10,15,3,23,24,16,19,20,4,11,12,7,8,13],[10,6,22,2,14,18,15,3,23,24,16,19,20,4,11,12,7,8,5,21],[2,18,6,10,14,22,3,23,15,16,24,19,20,4,11,12,7,8,5,13],[6,22,10,14,2,18,3,23,15,16,24,19,20,4,11,12,7,8,13],[14,2,22,10,6,18,15,3,23,16,24,19,20,4,11,12,7,8,5,21],[2,14,22,18,6,10,15,3,23,16,24,19,20,4,11,12,7,8,5,21],[14,10,6,2,22,18,3,15,23,16,24,19,20,4,11,12,7,8,5,21],[10,14,2,22,6,18,3,23,15,24,16,19,20,4,11,12,7,8,5,21],[2,22,10,6,18,14,15,3,23,24,16,19,20,4,11,12,7,8,13],[2,10,18,14,22,6,3,15,23,16,24,19,20,11,12,4,7,8,5,13],[2,14,18,6,22,10,15,3,23,24,16,19,20,4,11,12,7,8,5,13],[22,6,14,18,2,10,15,3,23,24,16,19,20,4,11,12,7,8,5,21],[10,14,6,2,22,18,3,23,15,24,16,19,20,4,11,12,7,8,13],[10,22,2,14,6,18,3,15,23,16,24,19,20,4,11,12,7,8,5,21],[14,6,2,22,10,18,3,15,23,24,16,19,20,4,11,12,7,8,5,13],[18,10,6,14,2,22,15,3,23,16,24,19,20,4,11,12,7,8,13],[6,14,22,18,10,2,15,3,23,24,16,19,20,4,11,12,7,8,5,21],[22,18,14,10,6,2,15,3,23,16,24,19,20,4,11,12,7,8,5,21],[14,2,18,10,6,22,15,3,23,16,24,19,20,4,11,12,7,8,5,21],[10,14,2,22,6,18,15,3,23,24,16,19,20,4,11,12,7,8,13],[2,14,6,18,10,22,15,3,23,24,16,19,20,4,11,12,7,8,13],[10,18,2,22,14,6,3,15,23,16,24,19,20,4,11,12,7,8,5,13],[18,14,10,22,2,6,3,15,23,16,24,19,20,4,11,12,7,8,5,13],[10,18,6,2,14,22,15,3,23,24,16,19,20,4,11,12,7,8,13],[18,2,10,6,14,22,15,3,23,24,16,19,20,4,11,12,7,8,5,21],[2,18,14,10,6,22,15,3,23,24,16,19,20,4,11,12,7,8,5,13],[14,18,2,6,10,22,3,23,15,16,24,19,20,4,11,12,7,8,5,21],[18,14,22,10,6,2,3,15,23,16,24,19,20,4,11,12,7,8,5,21],[2,22,10,14,18,6,15,3,23,24,16,19,20,4,11,12,7,8,13],[18,6,2,14,10,22,15,3,23,24,16,19,20,4,11,12,7,8,5,21],[6,22,10,14,18,2,3,23,15,16,24,19,20,4,11,12,7,8,13],[22,2,18,6,10,14,3,23,15,24,16,19,20,4,11,12,7,8,13],[6,18,14,22,10,2,3,23,15,16,24,19,20,4,11,12,7,8,13],[22,14,6,2,10,18,15,3,23,24,16,19,20,4,11,12,7,8,13],[6,10,14,2,18,22,15,3,23,16,24,19,20,4,11,12,7,8,5,13],[18,22,10,14,6,2,3,15,23,24,16,19,20,4,11,12,7,8,5,21],[10,14,18,6,22,2,15,3,23,16,24,19,20,4,11,12,7,8,5,21],[18,2,14,6,22,10,15,3,23,24,16,19,20,4,11,12,7,8,13],[10,18,2,14,6,22,3,15,23,24,16,19,20,4,11,12,7,8,13],[10,18,6,14,2,22,3,15,23,24,16,19,20,4,11,12,7,8,13],[14,10,22,6,18,2,3,23,15,24,16,19,20,4,11,12,7,8,13],[18,22,6,10,14,2,15,3,23,24,16,19,20,4,11,12,8,7,13],[10,14,18,22,6,2,3,23,15,16,24,19,20,4,11,12,7,8,13],[14,18,22,10,2,6,3,23,15,16,24,19,20,4,11,12,7,8,13],[18,6,10,2,14,22,3,15,23,16,24,19,20,4,11,12,7,8,5,13],[14,22,10,18,2,6,15,3,23,24,16,19,20,4,11,12,7,8,13],[10,6,18,14,22,2,15,3,23,24,16,19,20,4,11,12,7,8,13],[22,18,6,10,2,14,15,3,23,24,16,19,20,4,11,12,7,8,13],[22,10,18,14,6,2,15,3,23,16,24,19,20,4,11,12,7,8,13],[14,10,18,6,22,2,15,3,23,24,16,19,20,4,11,12,7,8,5,13],[18,2,10,6,14,22,15,3,23,24,16,19,20,4,11,12,8,7,5,21],[10,2,18,22,6,14,15,3,23,24,16,19,20,4,11,12,7,8,13],[2,18,22,6,10,14,3,15,23,24,16,19,20,4,11,12,7,8,13],[22,14,2,10,18,6,15,3,23,24,16,19,20,4,11,12,7,8,5,13],[6,18,2,10,22,14,15,3,23,16,24,19,20,4,11,12,7,8,13],[6,22,2,18,14,10,3,15,23,24,16,19,20,4,11,12,7,8,5,13],[14,2,10,18,22,6,3,15,23,24,16,19,20,4,11,12,7,8,13],[10,6,22,2,18,14,3,15,23,24,16,19,20,4,11,12,7,8,13],[14,6,10,2,22,18,15,3,23,16,24,19,20,4,11,12,7,8,5,13],[14,2,10,6,18,22,3,23,15,16,24,19,20,4,11,12,7,8,13],[6,10,14,22,2,18,3,23,15,16,24,19,20,4,11,12,7,8,5,13],[18,22,2,10,14,6,15,3,23,24,16,19,20,4,11,12,7,8,5,21],[22,10,2,6,14,18,3,15,23,24,16,19,20,4,11,12,7,8,13],[6,2,22,14,18,10,15,3,23,24,16,19,20,4,11,12,7,8,13],[10,14,22,6,18,2,15,3,23,24,16,19,20,4,11,12,7,8,13],[2,14,18,6,22,10,3,15,23,16,24,19,20,4,11,12,7,8,13],[10,22,2,14,18,6,3,15,23,16,24,19,20,4,11,12,7,8,5,13],[14,10,6,18,2,22,15,3,23,16,24,19,20,4,11,12,7,8,13],[18,2,10,14,6,22,3,15,23,16,24,19,20,4,11,12,7,8,13],[10,18,14,2,6,22,15,3,23,24,16,19,20,4,11,12,7,8,5,13],[6,18,2,22,10,14,3,15,23,24,16,19,20,4,11,12,7,8,13],[18,6,22,2,10,14,3,15,23,16,24,19,20,4,11,12,7,8,5,13],[22,14,2,18,10,6,15,3,23,24,16,19,20,4,11,12,7,8,5,13],[2,22,18,6,10,14,15,3,23,16,24,19,20,4,11,12,7,8,13],[14,10,18,2,22,6,15,3,23,24,16,19,20,4,11,12,7,8,13],[10,6,2,22,18,14,15,3,23,16,24,19,20,4,11,12,7,8,13],[18,6,22,2,10,14,3,23,15,24,16,19,20,4,11,12,7,8,13],[2,22,6,10,14,18,3,15,23,24,16,19,20,4,11,12,7,8,5,21],[10,6,18,2,14,22,15,3,23,24,16,19,20,4,11,12,8,7,13],[22,18,6,10,14,2,3,15,23,16,24,19,20,4,11,12,7,8,13],[14,6,2,18,22,10,15,3,23,16,24,19,20,4,11,12,7,8,5,13],[6,18,14,22,2,10,15,3,23,24,16,19,20,4,11,12,7,8,13],[18,10,2,22,14,6,15,3,23,24,16,19,20,4,11,12,7,8,5,13],[10,18,6,2,22,14,15,3,23,24,16,19,20,4,11,12,7,8,13],[10,6,14,2,22,18,3,15,23,16,24,19,20,4,11,12,7,8,5,21],[6,22,14,10,2,18,15,3,23,16,24,19,20,4,11,12,7,8,13],[14,6,22,2,10,18,3,15,23,16,24,19,20,4,11,12,7,8,5,13],[14,6,22,2,10,18,15,3,23,24,16,19,20,4,11,12,7,8,13],[22,10,14,18,6,2,3,15,23,24,16,19,20,4,11,12,7,8,13],[14,6,2,22,18,10,15,3,23,16,24,19,20,4,11,12,7,8,5,13],[6,14,22,2,18,10,3,23,15,24,16,19,20,4,11,12,7,8,13],[6,2,14,22,18,10,15,3,23,24,16,19,20,4,11,12,7,8,13],[6,14,22,2,10,18,3,23,15,16,24,19,20,4,11,12,7,8,5,13],[14,18,22,10,2,6,15,3,23,24,16,19,20,4,11,12,7,8,13],[10,22,18,6,2,14,15,3,23,16,24,19,20,4,11,12,7,8,13],[6,10,22,14,18,2,3,23,15,24,16,19,20,4,11,12,7,8,13],[18,6,2,22,14,10,15,3,23,16,24,19,20,4,11,12,7,8,13],[14,18,22,10,2,6,3,15,23,16,24,19,20,4,11,12,7,8,13],[22,14,2,6,10,18,15,3,23,24,16,19,20,4,11,12,7,8,13],[6,2,10,14,22,18,15,3,23,24,16,19,20,4,11,12,7,8,13],[6,18,2,10,22,14,3,23,15,16,24,19,20,4,11,12,7,8,13],[6,22,18,10,2,14,3,23,15,24,16,19,20,4,11,12,7,8,5,13],[14,2,6,10,22,18,3,15,23,24,16,19,20,4,11,12,7,8,5,13],[10,2,14,22,6,18,15,3,23,16,24,19,20,4,11,12,7,8,5,13],[22,10,18,14,2,6,15,3,23,16,24,19,20,4,11,12,7,8,13],[22,14,18,6,10,2,3,23,15,16,24,19,20,4,11,12,7,8,13],[6,14,2,18,10,22,15,3,23,24,16,19,20,4,11,12,7,8,5,21],[10,6,18,22,2,14,3,23,15,24,16,19,20,4,11,12,7,8,5,13],[18,2,10,6,22,14,3,23,15,16,24,19,20,4,11,12,7,8,5,21],[10,6,14,2,18,22,15,3,23,24,16,19,20,4,11,12,7,8,5,13],[22,10,6,2,18,14,15,3,23,16,24,19,20,4,11,12,7,8,5,21],[2,18,22,6,10,14,3,23,15,16,24,19,20,4,11,12,7,8,13],[14,6,18,22,10,2,15,3,23,24,16,19,20,4,11,12,7,8,5,13],[2,14,18,6,10,22,3,23,15,24,16,19,20,4,11,12,7,8,13],[14,2,6,22,18,10,3,15,23,16,24,19,20,4,11,12,7,8,13],[18,2,6,10,14,22,3,23,15,16,24,19,20,4,11,12,7,8,13],[10,18,22,2,14,6,3,23,15,16,24,19,20,4,11,12,7,8,13],[22,6,18,2,10,14,3,15,23,24,16,19,20,4,11,12,7,8,13],[22,2,10,18,14,6,3,23,15,24,16,19,20,4,11,12,7,8,5,13],[14,22,10,18,6,2,15,3,23,24,16,19,20,4,11,12,7,8,13],[6,10,18,22,14,2,3,15,23,16,24,19,20,4,11,12,7,8,13],[14,6,22,2,10,18,3,15,23,16,24,19,20,4,11,12,7,8,5,21],[10,18,2,14,6,22,3,23,15,24,16,19,20,11,12,4,7,8,5,13],[18,22,10,6,2,14,15,3,23,24,16,19,20,4,11,12,7,8,5,13],[14,10,6,22,18,2,15,3,23,16,24,19,20,4,11,12,7,8,13],[14,6,18,2,10,22,3,23,15,16,24,19,20,4,11,12,7,8,5,21],[14,18,2,6,10,22,15,3,23,24,16,19,20,4,11,12,7,8,5,13],[22,2,10,14,18,6,3,15,23,16,24,19,20,4,11,12,7,8,5,13],[2,22,14,6,18,10,15,3,23,16,24,19,20,4,11,12,7,8,13],[18,10,2,6,22,14,15,3,23,24,19,20,16,4,11,12,7,8,13],[6,14,18,22,10,2,15,3,23,16,24,19,20,4,11,12,7,8,5,13],[2,22,14,18,10,6,3,23,15,16,24,19,20,4,11,12,7,8,5,21],[18,2,22,6,10,14,15,3,23,16,24,19,20,4,11,12,7,8,5,21],[2,22,14,10,18,6,3,15,23,24,16,19,20,4,11,12,7,8,13],[14,6,18,2,22,10,3,23,15,24,16,19,20,4,11,12,7,8,13],[6,14,2,18,10,22,15,3,23,24,16,19,20,4,11,12,7,8,5,13],[6,22,18,10,14,2,3,15,23,24,16,19,20,4,11,12,7,8,5,13],[18,2,22,6,10,14,15,3,23,24,16,19,20,4,11,12,7,8,13],[2,10,18,22,6,14,3,15,23,16,24,19,20,4,11,12,7,8,13],[18,2,6,22,14,10,3,15,23,24,16,19,20,4,11,12,7,8,5,13],[6,14,10,2,18,22,3,15,23,16,24,19,20,4,11,12,7,8,13],[14,18,10,2,22,6,3,23,15,24,16,19,20,11,12,4,7,8,5,21],[10,6,14,18,22,2,15,3,23,16,24,19,20,4,11,12,7,8,13],[6,2,10,22,18,14,15,3,23,16,24,19,20,4,11,12,7,8,13],[10,18,2,22,6,14,3,23,15,16,24,19,20,4,11,12,7,8,13],[18,6,22,14,10,2,15,3,23,24,16,19,20,4,11,12,7,8,13],[14,6,18,2,10,22,15,3,23,16,24,19,20,4,11,12,7,8,5,21],[22,6,18,14,10,2,15,3,23,16,24,19,20,4,11,12,7,8,5,21],[10,22,14,6,18,2,15,3,23,24,16,19,20,4,11,12,7,8,13],[18,14,6,2,10,22,15,3,23,24,16,19,20,4,11,12,7,8,13],[2,6,10,22,18,14,15,3,23,24,16,19,20,4,11,12,7,8,5,21],[22,6,10,14,18,2,3,15,23,16,24,19,20,4,11,12,7,8,5,13],[2,14,18,6,22,10,3,23,15,16,24,19,20,4,11,12,7,8,13],[18,14,2,22,10,6,3,23,15,16,24,19,20,4,11,12,7,8,5,21],[14,18,22,10,2,6,15,3,23,24,16,19,20,4,11,12,7,8,5,21],[2,14,6,10,18,22,3,15,23,16,24,19,20,4,11,12,7,8,5,13],[2,14,10,6,22,18,3,23,15,16,24,19,20,4,11,12,7,8,13],[18,22,2,14,10,6,3,23,15,24,16,19,20,4,11,12,7,8,5,13],[10,22,6,14,18,2,3,23,15,16,24,19,20,4,11,12,7,8,13],[14,6,18,22,10,2,15,3,23,24,16,19,20,4,11,12,7,8,13],[14,10,22,18,6,2,15,3,23,24,16,19,20,4,11,12,7,8,5,13],[2,6,22,18,10,14,15,3,23,16,24,19,20,4,11,12,7,8,5,13],[18,14,10,2,22,6,15,3,23,16,24,19,20,4,11,12,7,8,13],[6,10,18,14,22,2,15,3,23,16,24,19,20,4,11,12,7,8,13],[14,2,10,18,6,22,15,3,23,24,16,19,20,4,11,12,7,8,13],[22,6,14,18,10,2,15,3,23,24,16,19,20,11,12,4,7,8,13],[18,14,2,6,10,22,15,3,23,16,24,19,20,4,11,12,7,8,5,21],[18,22,2,14,6,10,15,3,23,24,16,19,20,4,11,12,7,8,5,13],[14,2,6,22,10,18,3,15,23,24,16,19,20,4,11,12,7,8,13],[18,22,14,6,2,10,3,23,15,24,16,19,20,4,11,12,7,8,13],[2,22,14,10,6,18,15,3,23,16,24,19,20,4,11,12,7,8,13],[6,2,22,10,18,14,3,15,23,16,24,19,20,4,11,12,7,8,5,21],[10,2,22,18,6,14,15,3,23,16,24,19,20,4,11,12,7,8,5,13],[10,2,22,18,14,6,15,3,23,24,16,19,20,4,11,12,7,8,13],[18,14,10,2,22,6,15,3,23,16,24,19,20,4,11,12,7,8,5,13],[2,18,10,6,22,14,3,15,23,16,24,19,20,4,11,12,7,8,5,21],[22,2,10,18,14,6,15,3,23,16,24,19,20,4,11,12,7,8,5,21],[14,18,2,6,22,10,15,3,23,16,24,19,20,4,11,12,7,8,13],[22,14,2,10,6,18,15,3,23,16,24,19,20,4,11,12,7,8,13],[22,18,10,14,2,6,15,3,23,16,24,19,20,4,11,12,7,8,5,13],[18,22,10,6,2,14,15,3,23,16,24,19,20,4,11,12,7,8,13],[22,2,14,6,18,10,3,23,15,16,24,19,20,4,11,12,7,8,13],[10,6,18,22,14,2,3,23,15,24,16,19,20,4,11,12,7,8,5,21],[2,22,18,10,6,14,3,23,15,24,16,19,20,4,11,12,7,8,5,21],[22,18,2,14,6,10,3,15,23,16,24,19,20,4,11,12,7,8,13],[14,22,18,2,10,6,15,3,23,24,16,19,20,4,11,12,7,8,5,21],[10,2,22,14,6,18,3,15,23,16,24,19,20,4,11,12,8,7,5,13],[14,22,18,10,6,2,3,23,15,16,24,19,20,4,11,12,7,8,13],[10,22,18,14,2,6,15,3,23,16,24,19,20,4,11,12,7,8,5,13],[22,14,18,10,2,6,3,15,23,24,16,19,20,4,11,12,7,8,5,21],[10,22,2,6,18,14,15,3,23,16,24,19,20,4,11,12,7,8,13],[10,6,2,22,14,18,15,3,23,24,16,19,20,4,11,12,7,8,5,21],[6,18,22,2,14,10,3,23,15,24,16,19,20,4,11,12,8,7,5,13],[6,18,22,10,14,2,15,3,23,16,24,19,20,4,11,12,7,8,5,13],[2,22,6,14,10,18,3,15,23,16,24,19,20,4,11,12,7,8,5,21],[6,10,14,22,2,18,3,23,15,24,16,19,20,4,11,12,7,8,13],[14,22,2,10,6,18,3,23,15,16,24,19,20,4,11,12,7,8,5,13],[18,6,2,14,10,22,15,3,23,24,16,19,20,4,11,12,7,8,5,13],[10,22,6,18,14,2,15,3,23,24,16,19,20,4,11,12,7,8,13],[22,10,18,6,14,2,15,3,23,16,24,19,20,4,11,12,7,8,13],[10,14,6,22,18,2,15,3,23,16,24,19,20,4,11,12,7,8,5,13],[22,2,10,18,6,14,3,23,15,16,24,19,20,4,11,12,7,8,13],[18,14,2,10,22,6,15,3,23,16,24,4,19,20,11,12,7,8,5,13],[10,22,14,2,6,18,3,15,23,24,16,19,20,4,11,12,7,8,5,13],[10,2,22,6,18,14,15,3,23,16,24,19,20,4,11,12,7,8,13],[2,14,22,6,18,10,15,3,23,16,24,19,20,4,11,12,7,8,5,21],[6,14,2,10,18,22,15,3,23,16,24,19,20,4,11,12,7,8,13],[10,22,18,6,2,14,15,3,23,16,24,19,20,4,11,12,7,8,5,21],[2,14,18,22,6,10,3,23,15,16,24,19,20,4,11,12,7,8,5,13],[14,10,22,18,2,6,3,23,15,24,16,19,20,4,11,12,7,8,5,13],[10,22,18,2,14,6,3,23,15,24,16,19,20,4,11,12,7,8,5,21],[14,22,18,10,6,2,15,3,23,16,24,19,20,4,11,12,7,8,13],[22,2,10,6,14,18,15,3,23,24,16,19,20,4,11,12,7,8,13],[2,14,22,10,6,18,15,3,23,16,24,19,20,4,11,12,7,8,13],[22,18,6,2,10,14,15,3,23,16,24,19,20,4,11,12,7,8,13],[14,6,22,18,10,2,3,23,15,16,24,19,20,4,11,12,7,8,13],[6,14,22,2,18,10,15,3,23,24,16,19,20,4,11,12,7,8,13],[14,22,10,2,18,6,15,3,23,16,24,19,20,4,11,12,7,8,13],[6,18,10,14,22,2,3,15,23,16,24,19,20,4,11,12,7,8,5,13],[18,10,2,22,6,14,15,3,23,16,24,19,20,4,11,12,7,8,5,21],[22,2,10,6,14,18,3,23,15,24,16,19,20,4,11,12,7,8,5,13],[22,18,6,2,10,14,15,3,23,16,24,19,20,4,11,12,7,8,13],[22,6,14,18,2,10,3,23,15,24,16,19,20,4,11,12,7,8,5,21],[22,6,18,10,2,14,15,3,23,16,24,19,20,4,11,12,7,8,5,13],[22,6,2,18,14,10,3,23,15,24,16,19,20,4,11,12,7,8,5,21],[22,14,6,2,10,18,15,3,23,16,24,19,20,4,11,12,7,8,13],[14,18,2,22,10,6,3,15,23,16,24,19,20,4,11,12,7,8,5,13],[22,14,2,18,10,6,15,3,23,16,24,19,20,4,11,12,7,8,5,13],[18,14,10,2,6,22,15,3,23,24,16,19,20,4,11,12,7,8,13],[2,18,22,14,10,6,3,23,15,24,16,19,20,4,11,12,7,8,5,13],[18,10,6,22,14,2,15,3,23,16,24,19,20,11,12,4,7,8,13],[10,18,6,22,14,2,15,3,23,24,16,19,20,4,11,12,7,8,5,21],[2,6,22,10,14,18,3,23,15,24,16,19,20,4,11,12,7,8,5,21],[2,14,18,6,22,10,15,3,23,24,16,19,20,4,11,12,7,8,5,13],[18,10,6,2,14,22,15,3,23,16,24,19,20,4,11,12,7,8,13],[22,10,2,14,18,6,3,23,15,16,24,19,20,4,11,12,7,8,13],[22,10,18,14,6,2,3,15,23,24,16,19,20,4,11,12,7,8,13],[2,18,22,10,6,14,3,23,15,16,24,19,20,4,11,12,7,8,13],[18,22,10,2,6,14,3,23,15,24,16,19,20,4,11,12,7,8,13],[14,22,10,18,2,6,15,3,23,16,24,19,20,4,11,12,7,8,13],[10,14,22,6,2,18,15,3,23,16,24,19,20,4,11,12,7,8,13],[18,14,2,10,22,6,3,23,15,16,24,19,20,4,11,12,7,8,13],[2,6,18,14,10,22,15,3,23,16,24,19,20,4,11,12,7,8,13],[6,2,10,18,22,14,3,23,15,16,24,19,20,4,11,12,7,8,5,21],[10,14,18,22,2,6,15,3,23,16,24,19,20,4,11,12,7,8,13],[6,22,2,10,14,18,15,3,23,24,16,19,20,4,11,12,7,8,13],[18,2,6,22,10,14,3,23,15,16,24,19,20,4,11,12,7,8,5,13],[10,14,2,6,22,18,3,15,23,24,16,19,20,4,11,12,7,8,13],[6,22,18,2,14,10,15,3,23,24,16,19,20,4,11,12,7,8,5,13],[6,14,18,22,10,2,15,3,23,24,16,19,20,4,11,12,7,8,13],[22,6,18,2,14,10,3,15,23,16,24,19,20,4,11,12,7,8,5,13],[14,18,2,22,10,6,3,15,23,16,24,19,20,4,11,12,7,8,13],[10,6,14,2,18,22,3,23,15,24,16,19,20,4,11,12,7,8,13],[22,6,2,14,10,18,3,23,15,24,16,19,20,4,11,12,7,8,13],[18,22,14,6,2,10,3,15,23,24,16,19,20,4,11,12,7,8,5,13],[14,6,2,22,18,10,3,15,23,24,16,19,20,4,11,12,7,8,5,21],[18,2,22,10,14,6,3,23,15,16,24,19,20,4,11,12,7,8,5,21],[18,22,6,2,10,14,3,15,23,24,16,19,20,4,11,12,7,8,5,21],[18,6,14,2,10,22,3,23,15,24,16,19,20,4,11,12,7,8,13],[10,14,18,6,2,22,3,15,23,24,16,19,20,4,11,12,7,8,5,21],[10,22,14,2,6,18,15,3,23,24,16,19,20,4,11,12,7,8,5,13],[10,14,2,18,6,22,15,3,23,16,24,19,20,4,11,12,7,8,13],[2,18,10,22,14,6,3,23,15,24,16,19,20,4,11,12,7,8,5,13],[10,22,14,2,18,6,3,23,15,16,24,19,20,4,11,12,7,8,5,13],[18,22,6,10,2,14,3,15,23,16,24,19,20,4,11,12,7,8,13],[2,6,10,14,22,18,3,15,23,24,16,19,20,4,11,12,7,8,13],[10,14,2,22,18,6,3,23,15,16,24,19,20,4,11,12,7,8,5,13],[2,22,6,10,14,18,15,3,23,24,16,19,20,4,11,12,7,8,13],[2,18,14,22,10,6,3,23,15,16,24,19,20,4,11,12,7,8,5,21],[18,22,6,2,14,10,3,15,23,16,24,19,20,4,11,12,7,8,13],[14,18,2,22,6,10,15,3,23,24,16,19,20,4,11,12,7,8,13],[18,22,2,14,6,10,15,3,23,16,24,19,20,4,11,12,7,8,13],[14,18,22,2,10,6,3,15,23,24,16,19,20,4,11,12,7,8,13],[2,10,6,14,18,22,3,23,15,24,16,19,20,4,11,12,7,8,5,21],[14,10,2,22,18,6,3,23,15,16,24,19,20,4,11,12,7,8,13],[14,18,6,2,10,22,15,3,23,24,16,19,20,4,11,12,7,8,5,21],[2,6,22,14,10,18,3,23,15,16,24,19,20,4,11,12,7,8,13],[6,10,18,14,2,22,3,23,15,16,24,19,20,4,11,12,7,8,13],[2,14,18,10,22,6,15,3,23,24,16,19,20,4,11,12,7,8,13],[2,10,14,6,22,18,3,15,23,24,16,19,20,4,11,12,7,8,5,21],[10,14,18,2,6,22,15,3,23,16,24,19,20,4,11,12,7,8,5,21],[10,14,22,2,6,18,3,23,15,24,16,19,20,4,11,12,7,8,5,21],[10,22,2,6,18,14,3,15,23,24,16,19,20,4,11,12,7,8,13],[10,18,2,22,6,14,15,3,23,24,16,19,20,4,11,12,7,8,13],[10,2,18,14,22,6,15,3,23,16,24,19,20,4,11,12,7,8,13],[10,18,14,6,22,2,15,3,23,24,16,19,20,4,11,12,7,8,13],[6,2,14,10,22,18,15,3,23,16,24,19,20,4,11,12,7,8,13],[10,2,18,6,22,14,15,3,23,16,24,19,20,4,11,12,7,8,5,13],[14,2,10,22,6,18,15,3,23,16,24,19,20,4,11,12,7,8,13],[10,2,22,18,6,14,3,15,23,24,16,19,20,4,11,12,7,8,13],[14,6,2,10,18,22,3,23,15,16,24,19,20,4,11,12,7,8,5,21],[6,10,2,18,14,22,3,23,15,24,16,19,20,4,11,12,7,8,5,13],[2,10,14,6,22,18,15,3,23,16,24,19,20,4,11,12,7,8,5,13],[10,22,14,6,18,2,15,3,23,16,24,19,20,4,11,12,7,8,13],[18,22,14,6,10,2,3,23,15,24,16,19,20,4,11,12,7,8,5,21],[6,18,10,14,2,22,15,3,23,24,16,19,20,4,11,12,7,8,13],[2,18,6,14,10,22,15,3,23,24,16,19,20,4,11,12,7,8,5,21],[2,10,6,14,18,22,3,23,15,24,16,19,20,4,11,12,7,8,13],[10,2,6,14,18,22,3,15,23,24,16,19,20,4,11,12,7,8,5,13],[22,10,18,6,14,2,15,3,23,16,24,19,20,4,11,12,7,8,13],[10,14,2,18,22,6,3,23,15,24,16,19,20,4,11,12,7,8,13],[10,6,18,22,2,14,15,3,23,16,24,19,20,4,11,12,7,8,13],[14,2,22,6,18,10,15,3,23,16,24,19,20,4,11,12,7,8,13],[10,22,2,14,6,18,3,23,15,16,24,19,20,4,11,12,7,8,13],[22,14,2,18,10,6,3,23,15,16,24,19,20,4,11,12,8,7,5,21],[22,2,6,14,10,18,15,3,23,16,24,19,20,4,11,12,7,8,5,21],[10,22,2,6,14,18,15,3,23,24,16,19,20,4,11,12,7,8,13],[18,14,22,2,10,6,3,23,15,24,16,19,20,4,11,12,7,8,5,21],[10,6,2,14,22,18,15,3,23,24,16,19,20,4,11,12,7,8,13],[2,14,18,22,10,6,15,3,23,24,16,19,20,4,11,12,7,8,13],[22,18,14,6,10,2,3,23,15,24,16,19,20,4,11,12,7,8,5,13],[14,10,22,2,18,6,15,3,23,24,16,19,20,4,11,12,7,8,13],[6,22,10,14,18,2,3,15,23,24,16,19,20,4,11,12,7,8,13],[10,22,18,2,14,6,3,15,23,16,24,19,20,4,11,12,7,8,13],[10,22,2,6,14,18,15,3,23,16,24,19,20,4,11,12,7,8,13],[6,2,10,18,22,14,3,23,15,16,24,19,20,4,11,12,7,8,13],[6,10,18,14,22,2,15,3,23,16,24,19,20,4,11,12,7,8,13],[22,18,10,6,2,14,3,23,15,24,16,19,20,4,11,12,8,7,13],[6,10,22,2,14,18,3,23,15,16,24,19,20,4,11,12,7,8,13],[6,14,2,18,10,22,15,3,23,16,24,19,20,4,11,12,7,8,5,13],[6,14,10,2,22,18,3,23,15,16,24,19,20,4,11,12,7,8,5,13],[10,22,14,18,2,6,3,15,23,24,16,19,20,4,11,12,7,8,13],[14,22,10,6,18,2,3,23,15,16,24,19,20,4,11,12,7,8,13],[18,14,6,22,10,2,15,3,23,24,16,19,20,4,11,12,7,8,13],[2,22,18,6,10,14,3,15,23,16,24,19,20,4,11,12,7,8,13],[14,6,18,10,22,2,3,15,23,16,24,19,20,4,11,12,7,8,5,13],[6,22,2,10,18,14,15,3,23,16,24,19,20,4,11,12,7,8,5,21],[22,14,18,6,10,2,3,15,23,24,16,19,20,4,11,12,7,8,13],[10,2,18,6,22,14,3,23,15,24,16,19,20,4,11,12,7,8,13],[6,2,18,10,22,14,15,3,23,16,24,19,20,4,11,12,7,8,13],[14,22,6,2,10,18,3,15,23,24,16,19,20,4,11,12,7,8,13],[22,10,14,18,6,2,3,15,23,24,16,19,20,4,11,12,7,8,5,21],[18,14,10,6,2,22,15,3,23,16,24,19,20,4,11,12,7,8,13],[10,18,2,14,22,6,3,15,23,24,16,19,20,4,11,12,7,8,5,21],[22,14,6,18,10,2,15,3,23,16,24,19,20,4,11,12,7,8,5,21],[10,14,6,2,22,18,15,3,23,16,24,19,20,4,11,12,7,8,13],[22,14,6,10,2,18,3,15,23,24,16,19,20,4,11,12,7,8,13],[6,22,2,14,18,10,15,3,23,24,16,19,20,4,11,12,7,8,13],[6,10,22,14,2,18,3,23,15,16,24,19,20,4,11,12,7,8,5,21],[14,6,2,18,22,10,15,3,23,24,16,19,20,4,11,12,7,8,13],[18,10,14,22,2,6,3,15,23,24,16,19,20,4,11,12,7,8,5,21],[18,2,10,14,6,22,15,3,23,16,24,19,20,4,11,12,7,8,5,21],[18,22,14,10,2,6,15,3,23,24,16,19,20,4,11,12,7,8,5,21],[10,22,6,2,14,18,15,3,23,16,24,19,20,4,11,12,7,8,13],[2,22,18,10,14,6,15,3,23,16,24,19,20,4,11,12,7,8,13],[2,10,14,6,18,22,15,3,23,24,16,19,20,4,11,12,7,8,13],[18,10,2,6,14,22,3,15,23,24,16,19,20,4,11,12,7,8,13],[6,22,14,2,10,18,15,3,23,24,16,19,20,4,11,12,7,8,13],[2,10,14,6,22,18,3,15,23,16,24,19,20,4,11,12,7,8,5,21],[2,18,14,6,22,10,15,3,23,24,16,19,20,4,11,12,7,8,5,21],[2,14,22,18,6,10,15,3,23,16,24,19,20,4,11,12,7,8,13],[14,10,6,2,22,18,15,3,23,16,24,19,20,4,11,12,7,8,5,21],[22,6,10,14,2,18,15,3,23,24,16,19,20,4,11,12,7,8,13],[22,10,2,14,18,6,15,3,23,16,24,19,20,11,12,4,7,8,13],[2,10,6,14,18,22,15,3,23,16,24,19,20,4,11,12,7,8,13],[2,18,22,10,6,14,3,23,15,24,16,19,20,4,11,12,7,8,5,13],[18,14,10,6,22,2,3,23,15,24,16,19,20,4,11,12,7,8,13],[18,22,14,6,2,10,15,3,23,24,16,19,20,4,11,12,7,8,13],[14,18,10,22,2,6,3,15,23,16,24,19,20,4,11,12,7,8,5,13],[18,6,14,22,2,10,3,23,15,16,24,19,20,4,11,12,7,8,13],[6,18,14,22,2,10,3,23,15,24,16,19,20,4,11,12,7,8,5,13],[22,6,10,14,18,2,3,23,15,16,24,19,20,4,11,12,7,8,13],[18,2,22,10,14,6,3,15,23,24,16,19,20,4,11,12,7,8,5,13],[2,10,14,22,6,18,15,3,23,24,16,19,20,4,11,12,7,8,13],[18,22,10,14,6,2,15,3,23,24,16,19,20,4,11,12,7,8,13],[18,6,10,14,2,22,3,23,15,24,16,19,20,4,11,12,7,8,5,21],[6,22,18,10,2,14,3,15,23,24,16,19,20,4,11,12,7,8,5,13],[22,14,2,18,10,6,15,3,23,16,24,19,20,4,11,12,7,8,13],[18,14,22,6,2,10,15,3,23,24,16,19,20,4,11,12,7,8,5,13],[14,18,6,2,22,10,15,3,23,16,24,19,20,4,11,12,7,8,13],[6,22,14,18,10,2,15,3,23,24,16,19,20,4,11,12,7,8,5,13],[2,10,18,14,6,22,3,23,15,16,24,19,20,4,11,12,7,8,5,13],[22,18,10,14,2,6,3,23,15,16,24,19,20,4,11,12,7,8,13],[22,6,14,2,10,18,15,3,23,16,24,19,20,4,11,12,7,8,5,13],[22,6,10,18,14,2,3,15,23,24,16,19,20,4,11,12,7,8,5,21],[6,14,2,18,22,10,3,23,15,16,24,19,20,4,11,12,7,8,13],[14,6,2,18,10,22,3,15,23,24,16,19,20,4,11,12,7,8,5,13],[22,6,2,18,10,14,15,3,23,24,16,19,20,4,11,12,7,8,5,13],[18,22,2,10,14,6,3,15,23,16,24,19,20,4,11,12,7,8,13],[2,18,6,22,10,14,3,15,23,16,24,19,20,4,11,12,7,8,13],[6,18,2,10,14,22,15,3,23,24,16,19,20,4,11,12,7,8,5,13],[22,2,14,10,6,18,3,15,23,24,16,19,20,4,11,12,7,8,13],[14,2,22,6,18,10,3,15,23,16,24,19,20,4,11,12,7,8,13],[10,6,2,22,14,18,3,15,23,16,24,19,20,4,11,12,7,8,5,21],[6,18,14,2,10,22,3,23,15,24,16,19,20,4,11,12,7,8,5,13],[22,18,10,6,2,14,15,3,23,16,24,19,20,4,11,12,7,8,5,21],[18,14,10,22,2,6,3,23,15,16,24,19,20,4,11,12,7,8,5,13],[6,22,10,18,2,14,15,3,23,16,24,19,20,4,11,12,7,8,5,13],[14,22,10,6,18,2,3,15,23,16,24,19,20,4,11,12,7,8,13],[6,18,22,2,10,14,15,3,23,24,16,19,20,4,11,12,7,8,13],[6,10,2,18,22,14,15,3,23,24,16,19,20,4,11,12,7,8,13],[6,2,10,14,22,18,3,23,15,16,24,19,20,4,11,12,7,8,13],[2,6,22,14,18,10,3,15,23,16,24,19,20,4,11,12,7,8,5,21],[14,10,2,6,22,18,3,15,23,24,16,19,20,4,11,12,7,8,13],[18,14,2,22,6,10,3,23,15,24,16,19,20,4,11,12,7,8,5,13],[22,14,6,18,10,2,15,3,23,24,16,19,20,4,11,12,7,8,5,21],[18,14,6,22,10,2,15,3,23,24,16,19,20,4,11,12,7,8,13],[14,10,22,6,2,18,3,15,23,16,24,19,20,4,11,12,7,8,13],[22,6,2,14,18,10,3,15,23,24,16,19,20,4,11,12,7,8,5,21],[6,18,22,14,10,2,15,3,23,24,16,19,20,4,11,12,7,8,5,13],[6,2,18,14,10,22,3,23,15,24,16,19,20,4,11,12,7,8,13],[22,2,14,6,18,10,3,23,15,16,24,19,20,4,11,12,7,8,13],[14,10,6,2,18,22,3,15,23,16,24,19,20,4,11,12,7,8,5,21],[2,18,6,10,14,22,15,3,23,16,24,19,20,4,11,12,7,8,13],[22,18,14,2,6,10,15,3,23,24,16,19,20,4,11,12,7,8,5,13],[22,14,18,6,2,10,3,23,15,24,16,19,20,4,11,12,7,8,5,13],[6,10,2,22,18,14,3,23,15,24,16,19,20,4,11,12,7,8,13],[10,2,14,6,22,18,3,15,24,23,16,19,20,4,11,12,7,8,13],[2,22,6,14,10,18,15,3,23,16,24,19,20,4,11,12,7,8,5,21],[6,18,22,2,14,10,15,3,23,16,24,19,20,4,11,12,7,8,13],[14,10,22,18,6,2,15,3,23,24,16,19,20,4,11,12,7,8,13],[2,14,22,18,6,10,3,15,23,24,16,19,20,4,11,12,7,8,5,21],[10,14,2,6,22,18,15,3,23,24,16,19,20,4,11,12,7,8,13],[14,10,2,22,6,18,15,3,23,16,24,19,20,4,11,12,7,8,13],[2,6,14,10,18,22,3,15,23,24,19,20,16,4,11,12,7,8,13],[18,22,14,10,2,6,3,23,15,16,24,19,20,4,11,12,7,8,13],[10,14,6,2,18,22,15,3,23,24,16,19,20,4,11,12,7,8,13],[6,22,18,2,14,10,15,3,23,24,16,19,20,4,11,12,7,8,13],[6,22,14,10,18,2,3,23,15,24,16,19,20,4,11,12,7,8,13],[18,14,2,10,22,6,3,23,15,16,24,19,20,4,11,12,7,8,5,21],[2,10,22,14,6,18,3,23,15,16,24,19,20,4,11,12,7,8,13],[14,6,2,22,18,10,3,23,15,16,24,19,20,4,11,12,7,8,13],[22,10,6,18,14,2,3,15,23,24,16,19,20,4,11,12,7,8,13],[22,2,10,14,6,18,15,3,23,16,24,19,20,4,11,12,7,8,13],[14,2,10,6,18,22,15,3,23,24,16,19,20,4,11,12,7,8,13],[10,6,14,2,18,22,3,15,23,24,16,19,20,4,11,12,7,8,5,21],[10,22,18,6,14,2,15,3,23,24,16,19,20,4,11,12,7,8,5,21],[6,10,22,2,14,18,3,15,23,16,24,19,20,4,11,12,7,8,13],[22,18,2,10,6,14,15,3,23,16,24,19,20,4,11,12,7,8,5,21],[2,6,14,10,18,22,15,3,23,24,16,19,20,4,11,12,7,8,13],[18,2,6,14,22,10,15,3,23,24,16,19,20,4,11,12,7,8,5,21],[2,22,6,10,18,14,15,3,23,16,24,19,20,4,11,12,7,8,13],[10,22,14,6,18,2,3,15,23,16,24,19,20,4,11,12,7,8,5,21],[14,22,10,18,2,6,3,23,15,16,24,19,20,4,11,12,7,8,13],[14,18,10,22,2,6,15,3,23,24,16,19,20,4,11,12,7,8,13],[6,14,10,2,22,18,3,23,15,16,24,19,20,4,11,12,7,8,13],[18,6,14,22,10,2,15,3,23,24,16,19,20,4,11,12,7,8,13],[10,2,14,18,6,22,15,3,23,24,16,19,20,4,11,12,7,8,13],[22,6,14,10,18,2,3,15,23,24,16,19,20,4,11,12,7,8,5,21],[10,18,22,6,2,14,15,3,23,24,16,19,20,4,11,12,7,8,5,21],[18,22,2,14,6,10,15,3,23,24,16,19,20,4,11,12,7,8,5,13],[22,6,18,10,2,14,15,3,23,16,24,19,20,4,11,12,7,8,13],[14,18,22,10,2,6,3,15,23,24,16,19,20,4,11,12,7,8,5,13],[18,10,22,6,14,2,15,3,23,24,16,19,20,4,11,12,7,8,5,13],[2,6,10,18,22,14,15,3,23,24,16,19,20,4,11,12,7,8,5,13],[14,2,22,18,6,10,15,3,23,16,24,19,20,4,11,12,7,8,5,21],[22,18,6,14,10,2,3,15,23,24,16,19,20,4,11,12,7,8,13],[6,2,18,10,14,22,3,23,15,16,24,19,20,4,11,12,7,8,13],[22,2,18,10,14,6,3,15,23,24,16,19,20,4,11,12,7,8,5,21],[10,18,14,22,2,6,15,3,23,24,16,19,20,4,11,12,7,8,5,13],[6,14,18,2,22,10,3,23,15,24,16,19,20,4,11,12,7,8,13],[14,6,22,10,18,2,15,3,23,24,16,19,20,4,11,12,7,8,5,21],[14,6,2,18,22,10,15,3,23,16,24,19,20,4,11,12,7,8,5,21],[10,6,14,2,18,22,15,3,23,24,16,19,20,4,11,12,7,8,13],[14,10,6,22,2,18,3,15,23,24,16,19,20,4,11,12,7,8,5,13],[2,14,18,10,22,6,15,3,23,16,24,19,20,4,11,12,7,8,5,21],[2,6,18,10,14,22,3,15,23,16,24,19,20,4,11,12,7,8,13],[10,14,2,6,18,22,15,3,23,16,24,19,20,4,11,12,7,8,5,21],[18,6,2,10,14,22,15,3,23,24,16,19,20,4,11,12,7,8,5,21],[22,6,2,18,14,10,15,3,23,24,16,19,20,4,11,12,7,8,13],[18,2,14,10,22,6,15,3,23,16,24,19,20,4,11,12,7,8,13],[18,6,22,10,2,14,15,3,23,24,16,19,20,4,11,12,7,8,13],[2,10,22,6,18,14,15,3,23,16,24,19,20,4,11,12,7,8,5,13],[10,14,6,2,22,18,3,15,23,24,16,19,20,4,11,12,7,8,13],[18,10,2,14,6,22,15,3,23,16,24,19,20,4,11,12,7,8,5,13],[18,22,6,10,2,14,15,3,23,16,24,19,20,4,11,12,7,8,13],[10,6,18,2,22,14,3,15,23,16,24,19,20,4,11,12,7,8,13],[14,22,10,18,2,6,15,3,23,24,16,19,20,4,11,12,7,8,5,21],[18,10,22,2,14,6,15,3,23,16,24,19,20,4,11,12,7,8,13],[10,2,6,18,22,14,3,23,15,24,16,19,20,4,11,12,7,8,5,21],[6,10,22,14,18,2,15,3,23,24,16,19,20,4,11,12,7,8,5,13],[10,18,22,2,6,14,15,3,23,16,24,19,20,4,11,12,7,8,13],[14,18,10,2,22,6,3,23,15,16,24,19,20,4,11,12,7,8,13],[22,10,6,14,18,2,15,3,23,16,24,19,20,4,11,12,7,8,5,21],[22,2,14,18,6,10,3,23,15,24,16,19,20,4,11,12,7,8,5,13],[18,14,10,2,22,6,15,3,23,16,24,19,20,4,11,12,7,8,5,13],[10,6,2,22,18,14,3,23,15,24,16,19,20,4,11,12,7,8,13],[6,14,22,2,18,10,3,15,23,16,24,19,20,4,11,12,7,8,13],[6,22,18,10,2,14,15,3,23,24,16,19,20,4,11,12,7,8,13],[6,18,2,14,10,22,15,3,23,16,24,19,20,4,11,12,7,8,5,21],[22,18,2,6,10,14,15,3,23,24,16,19,20,4,11,12,7,8,13],[6,10,22,18,14,2,15,3,23,16,24,19,20,4,11,12,7,8,13],[22,14,2,18,10,6,15,3,23,24,16,19,20,4,11,12,7,8,13],[22,14,2,18,6,10,15,3,23,24,16,19,20,4,11,12,7,8,5,21],[22,14,10,2,18,6,15,3,23,24,16,19,20,4,11,12,7,8,13],[22,6,14,2,10,18,15,3,23,16,24,19,20,4,11,12,7,8,13],[18,2,14,10,22,6,15,3,23,24,16,19,20,4,11,12,7,8,13],[22,10,18,2,6,14,15,3,23,16,24,19,20,4,11,12,7,8,5,21],[2,22,18,14,10,6,3,23,15,16,24,19,20,4,11,12,7,8,13],[6,18,2,14,10,22,15,3,23,16,24,19,20,4,11,12,7,8,13],[18,6,14,10,22,2,3,15,23,24,16,19,20,4,11,12,7,8,13],[10,2,18,6,22,14,15,3,23,24,16,19,20,4,11,12,7,8,13],[22,10,6,18,14,2,15,3,23,24,16,19,20,4,11,12,7,8,13],[14,18,10,2,6,22,3,23,15,24,16,19,20,4,11,12,7,8,5,13],[14,10,2,18,22,6,15,3,23,16,24,19,20,4,11,12,7,8,13],[18,6,10,2,22,14,3,15,23,16,24,19,20,4,11,12,7,8,5,21],[2,10,14,22,18,6,15,3,23,24,16,19,20,4,11,12,7,8,5,13],[22,18,10,2,14,6,3,15,23,24,16,19,20,4,11,12,7,8,13],[22,2,18,6,14,10,15,3,23,16,24,19,20,4,11,12,7,8,5,13],[14,2,6,10,18,22,15,3,23,24,16,19,20,4,11,12,7,8,5,21],[22,6,14,10,2,18,3,15,23,16,24,19,20,4,11,12,7,8,13],[6,10,22,18,14,2,3,23,15,24,16,19,20,4,11,12,7,8,5,21],[14,2,22,6,18,10,3,15,23,16,24,19,20,4,11,12,7,8,13],[14,6,2,10,18,22,3,15,23,16,24,19,20,4,11,12,7,8,13],[14,2,10,18,22,6,15,3,23,16,24,19,20,4,11,12,7,8,5,21],[2,6,14,22,18,10,15,3,23,24,16,19,20,4,11,12,7,8,5,21],[22,14,10,2,6,18,15,3,23,16,24,19,20,4,11,12,7,8,5,13],[14,18,22,6,2,10,3,15,23,24,16,19,20,4,11,12,7,8,13],[14,6,2,10,22,18,3,15,23,24,16,19,20,4,11,12,7,8,5,13],[2,22,10,6,14,18,15,3,23,16,24,19,20,4,11,12,7,8,5,13],[10,2,18,14,6,22,15,3,23,24,16,19,20,4,11,12,7,8,13],[2,6,14,22,10,18,15,3,23,16,24,19,20,4,11,12,7,8,5,21],[22,10,6,14,18,2,3,23,15,24,16,19,20,4,11,12,7,8,13],[22,14,6,18,10,2,15,3,23,16,24,19,20,4,11,12,7,8,5,21],[14,2,10,18,22,6,15,3,23,24,16,19,20,4,11,12,7,8,5,21],[22,10,14,18,2,6,15,3,23,24,16,19,20,4,11,12,7,8,13],[14,6,22,10,18,2,15,3,23,16,24,19,20,4,11,12,7,8,5,21],[22,2,10,18,6,14,15,3,23,16,24,19,20,4,11,12,7,8,13],[2,14,18,22,6,10,3,23,15,24,16,19,20,4,11,12,7,8,5,21],[6,22,10,14,2,18,15,3,23,24,16,19,20,4,11,12,7,8,13],[10,22,6,2,14,18,3,23,15,16,24,19,20,4,11,12,7,8,5,13],[18,10,2,14,6,22,3,23,15,24,16,19,20,4,11,12,7,8,13],[22,2,6,10,14,18,3,15,23,16,24,19,20,4,11,12,7,8,13],[2,10,14,18,22,6,15,3,23,16,24,19,20,4,11,12,7,8,13],[18,2,6,22,10,14,15,3,23,16,24,19,20,4,11,12,7,8,5,21],[14,18,2,6,10,22,3,23,15,16,24,19,20,4,11,12,7,8,5,13],[14,2,6,22,18,10,15,3,23,16,24,19,20,4,11,12,7,8,13],[6,22,18,2,10,14,3,15,23,16,24,19,20,4,11,12,7,8,13],[22,6,2,14,10,18,3,23,15,24,16,19,20,4,11,12,7,8,5,13],[22,6,18,2,14,10,15,3,23,16,24,19,20,4,11,12,7,8,13],[22,2,6,14,18,10,3,15,23,16,24,19,20,4,11,12,7,8,5,13],[6,14,10,22,18,2,15,3,23,24,16,19,20,4,11,12,7,8,5,13],[2,10,14,6,22,18,15,3,23,16,24,19,20,4,11,12,7,8,5,21],[14,22,6,18,10,2,3,15,23,24,16,19,20,4,11,12,7,8,13],[10,6,14,18,2,22,3,15,24,23,16,19,20,4,11,12,7,8,5,21],[2,10,6,14,22,18,15,3,23,24,16,19,20,4,11,12,7,8,5,13],[10,14,6,18,2,22,15,3,23,16,24,19,20,4,11,12,7,8,13],[22,2,18,6,14,10,3,15,23,16,24,19,20,4,11,12,7,8,5,21],[2,6,22,18,10,14,15,3,23,16,24,19,20,4,11,12,7,8,13],[2,22,14,18,6,10,15,3,23,16,24,19,20,4,11,12,7,8,13],[10,2,14,6,22,18,3,23,15,16,24,19,20,4,11,12,7,8,13],[22,6,14,10,18,2,3,23,15,16,24,19,20,4,11,12,7,8,13],[18,10,22,14,6,2,15,3,23,16,24,19,20,4,11,12,7,8,5,13],[18,2,10,22,6,14,15,3,23,16,24,19,20,4,11,12,7,8,13],[14,18,10,22,6,2,3,23,15,16,24,19,20,4,11,12,7,8,13],[2,14,22,10,18,6,3,15,23,24,16,19,20,4,11,12,7,8,13],[18,22,2,10,14,6,3,23,15,24,16,19,20,4,11,12,7,8,5,13],[2,14,10,6,18,22,3,15,23,16,24,19,20,4,11,12,7,8,5,21],[10,6,14,18,2,22,15,3,23,24,16,19,20,4,11,12,7,8,13],[10,14,2,18,6,22,3,15,23,16,24,19,20,4,11,12,7,8,5,13],[10,6,22,14,18,2,15,3,23,16,24,19,20,4,11,12,7,8,5,13],[10,22,6,18,14,2,3,23,15,16,24,19,20,4,11,12,7,8,5,21],[2,22,18,10,6,14,3,15,23,24,16,19,20,4,11,12,7,8,5,13],[14,22,18,10,2,6,3,23,15,24,16,19,20,4,11,12,7,8,13],[10,2,18,22,14,6,15,3,23,24,16,19,20,4,11,12,7,8,13],[6,22,18,10,2,14,15,3,23,16,24,19,20,4,11,12,7,8,13],[18,2,10,6,14,22,3,23,15,16,24,19,20,4,11,12,7,8,5,21],[10,22,18,2,14,6,3,23,15,24,16,19,20,4,11,12,7,8,13],[18,6,14,22,10,2,15,3,23,24,16,19,20,4,11,12,7,8,5,13],[14,10,18,22,6,2,3,15,23,16,24,19,20,4,11,12,7,8,5,13],[10,2,14,18,22,6,3,15,23,16,24,19,20,4,11,12,7,8,5,21],[6,18,14,22,10,2,3,15,23,24,16,19,20,4,11,12,7,8,5,21],[18,14,2,6,22,10,3,15,23,24,16,19,20,4,11,12,7,8,5,21],[10,6,2,14,22,18,15,3,23,24,16,19,20,4,11,12,7,8,5,2