{"problem_id":"Jb1eizne1GmvEvn","sigma":150,"alpha":1.000,"cost":8,"probabilities":"[0.36, 0.28, 0.09, 0.27]","payoff_matrix":"[[12, -241, -188, 55, -156, 1], [-17, -277, -140, 74, 347, -339], [184, 8, 127, 121, -3, -77], [-60, 64, -283, -121, 158, 168]]","uncovered":[[9,21,13,1,17,5,2,22],[13,9,17,21,5,1,14],[1,13,21,17,5,9,2,14],[13,21,17,1,5,9,2,14],[1,5,9,21,13,17,2,22],[5,13,1,21,9,17,2,22],[21,5,13,9,17,1,2,22],[1,17,9,21,13,5,14],[5,21,1,9,13,17,14],[5,21,9,17,1,13,2,14],[17,21,9,5,1,13,2,22],[5,21,1,13,17,9,14],[21,9,13,1,5,17,2,22],[1,21,13,17,5,9,2,22],[9,13,17,1,21,5,2,14],[9,5,1,17,21,13,2,22],[5,9,1,21,13,17,14],[9,13,5,1,21,17,2,22],[5,9,1,13,17,21,2,14],[21,17,1,13,9,5,2,22],[9,13,17,1,21,5,2,14],[17,1,13,5,9,21,2,22],[5,21,17,13,9,1,14],[13,1,5,21,9,17,2,22],[21,17,13,5,1,9,14],[9,1,17,21,5,13,14],[13,17,9,1,21,5,14],[21,5,17,13,9,1,2,14],[5,21,17,1,13,9,14],[17,9,13,21,1,5,2,22],[5,9,21,1,17,13,2,14],[9,13,17,5,1,21,14],[21,13,1,17,9,5,14],[17,5,9,13,21,1,14],[5,1,17,21,9,13,2,14],[1,21,13,5,9,17,14],[5,1,9,17,13,21,14],[21,5,13,9,1,17,14],[5,13,21,17,9,1,2,14],[13,17,5,21,1,9,2,22],[13,17,1,21,5,9,14],[13,21,5,17,9,1,14],[17,21,9,5,1,13,2,22],[21,13,17,9,5,1,14],[9,21,17,5,1,13,2,14],[17,1,9,21,5,13,14],[17,9,13,5,1,21,2,22],[17,1,5,21,13,9,14],[9,21,5,1,13,17,14],[13,5,17,1,21,9,2,14],[1,5,9,17,13,21,2,22],[17,9,5,21,1,13,14],[21,13,1,9,5,17,14],[5,1,21,17,13,9,14],[17,1,9,21,5,13,14],[21,13,17,5,9,1,14],[1,5,17,13,9,21,14],[1,9,17,21,13,5,14],[17,21,13,1,9,5,14],[17,21,9,5,1,13,14],[9,17,21,5,13,1,14],[13,17,5,9,21,1,2,14],[9,21,5,17,1,13,14],[5,9,1,21,13,17,2,14],[9,1,21,13,17,5,2,14],[1,9,13,17,5,21,14],[13,17,1,21,5,9,2,22],[5,21,1,13,17,9,14],[1,9,21,5,13,17,14],[9,17,1,13,5,21,14],[13,21,17,1,9,5,14],[9,17,1,5,13,21,2,22],[5,17,9,21,1,13,2,22],[5,17,9,21,1,13,14],[13,9,17,21,5,1,14],[9,1,5,17,13,21,14],[17,9,1,5,13,21,14],[17,13,21,1,5,9,14],[17,13,5,9,1,21,14],[5,17,13,21,9,1,14],[1,13,9,17,21,5,14],[17,21,1,9,13,5,14],[9,5,21,17,1,13,14],[17,21,13,9,1,5,2,22],[9,17,5,21,13,1,14],[13,1,9,17,21,5,14],[5,13,9,17,21,1,14],[9,1,21,5,13,17,2,14],[9,13,5,17,21,1,14],[17,21,5,9,13,1,2,22],[21,1,13,5,9,17,2,22],[13,9,21,1,17,5,2,14],[21,17,1,9,13,5,2,14],[5,17,13,1,9,21,14],[1,17,9,21,5,13,2,14],[5,17,21,9,1,13,2,22],[5,1,21,13,17,9,2,14],[17,13,1,5,9,21,14],[9,21,13,17,5,1,2,14],[9,21,13,17,1,5,14],[21,9,1,17,13,5,2,14],[17,5,21,1,13,9,2,14],[5,21,13,17,1,9,14],[21,5,9,17,1,13,14],[13,21,5,1,17,9,14],[1,17,21,9,5,13,2,14],[9,21,13,1,17,5,14],[9,17,13,1,5,21,2,22],[1,17,21,13,9,5,2,14],[5,9,21,17,13,1,14],[5,21,1,17,13,9,14],[17,9,5,1,21,13,2,14],[13,5,9,1,17,21,2,22],[21,5,13,9,17,1,2,14],[13,17,9,5,21,1,14],[9,13,21,17,5,1,14],[1,17,5,13,9,21,2,14],[21,13,5,1,17,9,14],[5,1,21,13,17,9,14],[9,1,21,5,17,13,2,14],[1,21,9,5,17,13,14],[1,5,9,17,13,21,14],[21,1,5,17,9,13,2,14],[17,1,13,9,5,21,14],[13,5,21,1,17,9,14],[5,21,9,17,13,1,14],[5,13,21,9,17,1,2,14],[9,17,5,21,13,1,14],[21,17,13,5,9,1,14],[9,17,21,13,5,1,14],[9,13,17,1,5,21,2,14],[1,13,9,5,17,21,14],[17,13,1,9,21,5,2,14],[5,21,13,17,1,9,2,22],[5,17,1,9,13,21,14],[21,9,17,5,13,1,14],[1,13,21,17,5,9,2,22],[17,5,13,1,21,9,2,22],[1,17,21,13,5,9,2,14],[17,21,9,1,5,13,2,14],[17,1,5,21,13,9,14],[9,21,5,17,1,13,2,14],[1,5,21,13,9,17,14],[21,1,9,5,17,13,2,22],[1,13,17,21,9,5,2,22],[5,13,9,1,21,17,2,14],[9,1,13,5,21,17,2,14],[13,1,9,21,17,5,14],[1,5,13,9,21,17,14],[9,21,5,1,17,13,14],[17,13,9,21,1,5,2,14],[1,21,5,9,13,17,2,22],[5,17,9,1,21,13,2,14],[1,17,5,13,21,9,14],[5,1,17,9,21,13,2,14],[9,17,1,13,21,5,14],[21,1,5,13,17,9,2,22],[21,9,1,13,5,17,14],[1,13,9,21,17,5,14],[17,9,1,13,5,21,2,14],[1,17,21,9,5,13,2,14],[17,5,21,9,13,1,14],[13,5,21,1,17,9,2,14],[9,1,5,21,17,13,2,22],[1,9,17,5,21,13,2,14],[9,13,5,1,17,21,2,14],[17,13,9,21,1,5,14],[9,17,5,21,13,1,2,22],[13,17,1,5,21,9,2,22],[1,13,17,21,5,9,2,14],[1,17,21,9,13,5,14],[21,13,5,1,17,9,2,22],[13,21,5,17,9,1,2,22],[5,1,21,17,13,9,14],[9,17,1,13,21,5,14],[5,9,1,13,17,21,14],[1,5,9,17,21,13,14],[9,1,13,21,5,17,2,22],[13,17,9,21,5,1,14],[21,1,9,13,5,17,2,22],[13,17,5,1,9,21,2,14],[5,21,1,17,13,9,2,14],[1,9,17,13,21,5,2,14],[17,9,1,5,21,13,14],[21,9,1,13,5,17,2,22],[21,9,17,13,1,5,2,14],[17,13,5,21,9,1,14],[17,5,21,9,1,13,14],[17,1,21,5,13,9,14],[1,21,17,5,9,13,14],[13,17,21,5,9,1,14],[13,17,5,9,1,21,2,22],[5,13,9,17,1,21,2,22],[13,9,17,21,1,5,14],[1,5,21,13,9,17,2,14],[13,1,21,5,17,9,14],[9,21,1,17,5,13,14],[13,17,1,21,5,9,14],[13,1,5,21,17,9,14],[17,21,9,1,5,13,14],[1,9,13,5,21,17,2,14],[1,13,9,5,17,21,2,14],[21,13,1,9,17,5,14],[13,1,9,17,5,21,14],[1,17,9,13,5,21,14],[1,21,17,5,13,9,14],[13,21,5,17,1,9,14],[9,17,13,21,5,1,2,22],[17,5,9,1,21,13,2,14],[21,9,13,17,1,5,14],[1,13,17,5,9,21,2,22],[17,9,13,5,21,1,2,22],[21,17,9,13,5,1,14],[1,17,5,13,9,21,14],[13,1,21,9,5,17,14],[17,9,5,1,13,21,2,14],[9,1,13,5,21,17,14],[17,21,9,5,13,1,2,14],[9,21,1,5,13,17,14],[5,1,21,9,13,17,14],[17,21,13,9,5,1,14],[21,9,1,13,5,17,2,22],[5,1,17,13,9,21,14],[17,9,13,1,5,21,14],[21,13,5,1,9,17,14],[17,9,1,21,5,13,14],[5,9,21,17,1,13,14],[13,17,9,1,21,5,14],[17,13,1,21,5,9,14],[1,21,17,5,9,13,2,22],[1,17,21,5,13,9,14],[1,13,9,17,21,5,2,22],[9,1,21,13,5,17,14],[21,17,1,5,9,13,2,14],[1,9,21,13,5,17,14],[9,5,21,13,1,17,14],[9,17,13,5,1,21,14],[21,13,17,5,9,1,2,22],[5,21,9,17,13,1,14],[1,17,13,21,5,9,14],[13,9,21,17,5,1,2,14],[1,5,17,13,9,21,2,14],[17,13,9,1,5,21,14],[21,1,17,13,9,5,14],[9,21,1,17,5,13,2,22],[1,5,9,13,21,17,14],[17,21,5,1,13,9,2,14],[21,1,13,5,9,17,2,14],[21,1,17,13,9,5,2,22],[1,21,5,9,17,13,2,14],[13,17,5,1,9,21,14],[21,9,1,13,5,17,2,14],[9,17,13,1,5,21,14],[9,5,1,17,21,13,2,22],[5,1,17,9,21,13,2,14],[9,21,13,1,17,5,14],[5,21,1,17,13,9,2,22],[5,9,21,13,1,17,14],[9,13,5,17,1,21,2,14],[17,9,21,5,1,13,14],[13,1,17,5,9,21,14],[17,9,5,13,1,21,2,14],[21,17,9,1,5,13,2,14],[17,13,21,1,9,5,14],[17,9,5,21,1,13,2,22],[13,1,17,9,21,5,2,22],[17,21,5,9,1,13,2,14],[5,1,17,21,13,9,14],[13,17,1,9,21,5,2,22],[9,5,17,21,13,1,2,22],[21,1,9,17,13,5,2,14],[21,13,17,1,5,9,14],[17,9,21,5,13,1,14],[9,1,5,17,13,21,14],[5,1,9,21,17,13,14],[5,1,17,13,9,21,2,22],[1,13,5,17,9,21,14],[5,17,9,13,1,21,14],[5,13,21,9,1,17,14],[21,5,1,17,13,9,2,14],[5,9,21,1,17,13,14],[5,13,1,17,9,21,14],[5,1,9,21,13,17,14],[21,9,1,13,5,17,14],[5,1,13,21,17,9,2,22],[9,1,5,17,21,13,2,22],[9,21,1,17,5,13,2,22],[5,13,21,17,9,1,2,14],[21,9,1,5,13,17,2,14],[21,9,1,5,13,17,2,22],[21,5,17,13,1,9,14],[17,9,21,1,5,13,2,14],[5,13,17,21,9,1,14],[17,21,13,5,1,9,14],[9,5,1,13,21,17,14],[21,13,1,17,5,9,2,22],[9,5,17,1,13,21,2,22],[17,21,9,1,13,5,14],[5,9,1,17,21,13,2,14],[21,17,1,5,13,9,14],[5,9,1,17,21,13,2,22],[1,13,17,9,21,5,14],[17,21,1,5,9,13,2,14],[13,5,21,17,1,9,2,14],[21,5,1,13,9,17,14],[13,1,5,9,21,17,14],[1,21,9,13,17,5,14],[13,5,1,21,9,17,2,14],[17,21,5,13,9,1,14],[21,17,13,1,5,9,14],[9,17,1,21,5,13,14],[1,21,9,17,13,5,2,14],[21,1,5,9,13,17,2,22],[17,9,13,1,5,21,14],[17,1,9,5,13,21,14],[9,1,17,21,13,5,2,22],[17,5,13,9,21,1,14],[21,17,13,1,5,9,14],[5,13,21,9,1,17,2,14],[13,9,1,5,17,21,14],[9,13,1,5,17,21,2,14],[1,17,13,21,9,5,14],[21,17,1,9,13,5,2,22],[13,1,21,17,5,9,2,22],[1,9,17,13,5,21,14],[13,5,21,17,1,9,2,14],[9,17,21,1,5,13,14],[9,21,17,5,1,13,14],[5,21,17,1,9,13,14],[13,9,21,5,1,17,2,22],[21,5,1,9,13,17,14],[21,13,5,9,17,1,2,14],[13,21,1,17,5,9,14],[9,5,17,13,21,1,14],[21,9,5,13,17,1,2,22],[5,21,13,9,1,17,2,22],[5,17,1,21,9,13,2,22],[21,17,5,1,13,9,14],[17,21,5,1,9,13,2,22],[13,17,9,5,1,21,2,14],[13,9,17,5,21,1,14],[5,1,9,17,13,21,14],[5,1,9,13,17,21,14],[5,17,1,9,13,21,14],[1,21,5,17,13,9,14],[1,9,13,5,17,21,2,22],[5,9,17,13,1,21,14],[9,1,5,21,17,13,14],[9,13,21,1,5,17,2,22],[1,17,21,9,13,5,2,22],[21,17,9,13,5,1,14],[5,17,21,9,13,1,14],[17,5,13,9,1,21,14],[5,17,9,13,1,21,2,14],[13,21,9,5,17,1,14],[5,13,1,21,9,17,2,14],[5,17,13,21,1,9,14],[1,9,17,13,5,21,14],[17,5,21,1,13,9,14],[21,9,1,13,5,17,2,14],[17,9,5,13,1,21,2,14],[9,1,21,13,17,5,2,14],[1,5,13,17,21,9,2,22],[9,21,5,1,17,13,14],[17,5,9,1,21,13,14],[13,17,21,9,1,5,2,22],[17,9,13,1,5,21,14],[5,13,1,9,21,17,2,14],[1,17,13,9,21,5,2,22],[21,5,13,17,9,1,14],[17,21,9,13,1,5,14],[9,1,5,13,17,21,2,14],[1,5,17,13,9,21,2,14],[1,13,5,21,17,9,14],[13,17,5,9,21,1,2,22],[1,21,17,5,13,9,2,14],[5,9,21,17,13,1,2,22],[1,17,13,5,21,9,14],[1,21,5,17,9,13,14],[13,5,9,17,21,1,14],[13,1,9,21,17,5,2,22],[21,9,5,17,1,13,2,22],[13,1,5,21,9,17,2,14],[9,21,1,17,5,13,14],[1,17,13,9,21,5,14],[17,9,5,13,21,1,14],[9,21,5,17,1,13,14],[9,1,21,17,13,5,14],[17,1,9,21,5,13,14],[5,17,21,13,9,1,14],[9,1,21,17,13,5,2,14],[9,17,1,21,5,13,2,14],[5,21,17,1,13,9,14],[1,9,21,5,13,17,14],[5,17,9,21,1,13,2,22],[21,9,17,13,1,5,14],[9,13,21,17,5,1,14],[1,9,13,17,21,5,2,22],[5,9,13,1,21,17,2,22],[17,9,1,13,5,21,2,22],[5,1,13,9,17,21,14],[17,21,5,1,9,13,14],[5,17,13,1,21,9,14],[21,1,9,5,13,17,2,14],[9,21,17,13,5,1,14],[9,21,5,13,1,17,2,22],[1,5,13,17,21,9,2,22],[21,17,1,9,13,5,14],[9,17,5,21,13,1,2,14],[21,5,9,13,1,17,2,22],[9,17,13,5,21,1,14],[1,17,5,9,21,13,2,22],[9,17,5,1,21,13,2,22],[17,13,5,9,1,21,14],[5,21,9,13,17,1,2,22],[5,21,1,13,9,17,2,14],[5,9,1,17,21,13,14],[5,17,21,9,1,13,2,22],[5,1,21,17,13,9,2,14],[1,9,17,5,21,13,14],[5,21,9,17,1,13,2,14],[1,13,21,9,17,5,2,22],[1,9,13,21,5,17,2,14],[17,1,13,21,5,9,2,22],[9,17,13,5,21,1,14],[13,1,9,21,5,17,14],[21,5,9,13,17,1,2,22],[9,21,1,13,17,5,14],[5,21,9,17,1,13,14],[5,17,1,9,13,21,2,14],[9,13,5,17,1,21,2,14],[17,21,13,1,5,9,14],[9,21,13,17,1,5,14],[17,9,5,21,13,1,14],[5,17,1,13,9,21,2,22],[21,5,1,9,13,17,2,22],[13,21,5,9,17,1,2,14],[13,5,21,9,17,1,2,14],[1,9,13,17,5,21,2,22],[9,17,1,13,21,5,2,14],[1,5,21,17,13,9,2,14],[1,21,9,5,17,13,14],[17,1,13,5,9,21,2,14],[13,21,17,9,5,1,14],[21,13,17,9,5,1,14],[9,13,21,5,1,17,2,14],[21,9,17,5,1,13,14],[21,13,9,1,17,5,2,22],[13,5,17,21,1,9,14],[21,9,1,13,5,17,14],[5,1,13,17,9,21,14],[5,21,17,13,9,1,14],[9,17,1,21,5,13,2,22],[13,1,21,17,5,9,14],[5,1,9,21,17,13,2,22],[1,13,21,17,9,5,2,22],[13,1,5,17,21,9,2,22],[13,5,17,9,21,1,2,14],[9,13,5,1,21,17,2,14],[5,9,17,1,21,13,2,22],[21,5,9,13,17,1,14],[1,21,13,9,17,5,2,22],[1,9,17,13,21,5,14],[17,5,13,21,9,1,14],[17,21,1,9,5,13,14],[9,1,21,5,13,17,14],[21,1,13,5,17,9,2,14],[9,21,1,13,5,17,2,22],[13,21,1,5,17,9,2,22],[1,17,13,9,21,5,14],[9,13,5,1,21,17,14],[21,9,13,17,5,1,2,22],[1,21,5,13,17,9,2,22],[21,9,5,13,1,17,14],[13,5,21,1,9,17,14],[21,17,9,13,1,5,2,14],[17,13,9,1,21,5,2,22],[5,9,1,13,17,21,14],[9,21,1,13,5,17,14],[1,21,5,17,9,13,14],[9,13,5,21,1,17,2,22],[17,13,1,5,9,21,14],[9,1,17,5,13,21,14],[21,5,13,9,17,1,14],[21,1,17,13,9,5,14],[9,21,13,5,1,17,2,14],[1,17,13,21,9,5,2,22],[5,21,9,13,1,17,14],[13,1,9,17,5,21,14],[9,17,5,21,1,13,14],[5,1,17,9,21,13,14],[13,1,5,17,21,9,14],[17,1,5,21,13,9,14],[13,17,5,21,9,1,14],[1,5,9,21,13,17,14],[21,13,5,1,9,17,2,14],[1,9,21,13,5,17,14],[9,13,5,1,17,21,14],[5,1,17,21,9,13,14],[5,13,21,9,1,17,2,22],[21,1,5,17,13,9,14],[17,21,9,1,13,5,2,22],[21,1,5,9,17,13,14],[9,5,13,21,1,17,2,22],[9,21,5,17,13,1,14],[17,13,1,21,9,5,2,22],[13,9,17,21,5,1,2,22],[1,5,21,9,17,13,14],[5,21,9,13,17,1,2,22],[9,1,17,13,21,5,2,22],[9,17,21,13,5,1,14],[17,13,1,9,21,5,2,14],[17,9,21,1,13,5,2,14],[9,13,1,5,17,21,2,14],[17,21,9,13,1,5,2,22],[17,5,21,1,9,13,14],[21,1,17,9,13,5,14],[5,17,21,13,1,9,14],[5,21,1,13,17,9,14],[13,21,9,17,1,5,14],[5,13,9,17,1,21,2,22],[21,9,13,1,5,17,2,14],[1,9,17,5,13,21,2,22],[21,1,13,9,5,17,14],[9,1,13,21,17,5,14],[17,5,13,1,21,9,2,22],[17,9,13,1,21,5,14],[13,21,5,9,17,1,14],[13,1,17,9,21,5,14],[17,9,1,21,5,13,2,14],[13,1,9,21,5,17,2,14],[5,9,13,1,17,21,14],[21,5,9,17,13,1,2,22],[17,13,5,9,21,1,14],[13,9,21,1,5,17,2,14],[13,21,17,9,1,5,14],[21,17,9,13,1,5,2,14],[17,1,21,13,9,5,14],[13,1,17,5,21,9,14],[17,5,9,1,13,21,14],[1,21,17,9,5,13,2,22],[5,9,1,17,13,21,2,22],[5,13,21,9,1,17,2,14],[21,17,9,1,13,5,14],[17,1,21,9,5,13,14],[13,21,5,9,17,1,2,14],[17,5,9,13,21,1,2,22],[13,17,9,1,21,5,2,14],[13,9,1,17,21,5,14],[17,21,13,5,1,9,14],[21,9,5,13,1,17,2,22],[5,21,13,1,17,9,14],[17,13,9,1,5,21,14],[21,17,1,5,13,9,14],[17,9,1,5,21,13,2,14],[13,21,17,5,1,9,14],[9,5,17,13,21,1,14],[21,9,5,1,17,13,2,22],[17,21,1,13,9,5,2,22],[9,13,17,5,1,21,2,22],[9,5,1,17,21,13,14],[13,17,21,1,9,5,14],[9,21,17,5,1,13,14],[17,5,1,9,21,13,2,22],[21,17,9,13,5,1,14],[9,1,17,21,13,5,2,14],[13,9,5,21,17,1,14],[5,9,17,1,21,13,14],[9,5,21,1,13,17,2,22],[5,17,13,21,1,9,14],[17,5,13,21,1,9,2,14],[1,21,13,17,9,5,2,14],[17,13,9,21,5,1,14],[5,17,13,1,21,9,2,14],[1,5,21,17,9,13,14],[13,5,21,17,1,9,2,14],[21,17,1,9,5,13,2,22],[17,5,9,13,1,21,14],[9,17,1,13,5,21,2,22],[17,9,13,5,1,21,14],[13,17,9,5,1,21,2,22],[17,1,13,21,9,5,2,22],[21,1,17,13,5,9,2,14],[1,5,21,13,17,9,2,22],[5,9,1,13,17,21,14],[21,1,9,13,5,17,14],[1,13,21,17,9,5,2,14],[21,13,1,5,17,9,14],[5,13,17,9,21,1,14],[21,5,17,9,1,13,2,14],[13,1,21,5,9,17,2,14],[21,17,1,13,5,9,2,14],[21,9,5,1,17,13,14],[1,9,21,5,13,17,2,14],[13,5,9,17,1,21,2,14],[17,9,13,21,1,5,2,14],[13,9,21,5,1,17,14],[21,13,5,9,17,1,14],[9,5,21,1,13,17,14],[9,1,5,13,17,21,2,22],[21,13,17,9,5,1,2,14],[21,5,9,13,1,17,14],[5,21,9,17,1,13,2,14],[5,21,1,17,13,9,2,14],[17,5,9,13,1,21,14],[13,9,5,17,1,21,2,22],[5,21,17,9,13,1,2,14],[21,5,1,13,9,17,2,22],[17,9,1,21,13,5,2,14],[17,21,9,13,5,1,2,22],[1,17,5,9,21,13,2,22],[21,9,5,1,17,13,14],[13,21,17,9,1,5,14],[13,17,9,21,1,5,14],[1,13,5,17,21,9,14],[13,17,21,1,9,5,14],[9,17,5,1,21,13,2,14],[13,5,9,1,17,21,2,14],[1,9,17,13,5,21,14],[9,5,13,17,1,21,14],[1,5,13,21,17,9,2,22],[17,9,1,13,5,21,2,14],[9,1,17,5,21,13,2,14],[13,17,9,21,1,5,14],[5,1,17,9,21,13,14],[1,21,9,5,17,13,14],[21,5,9,1,13,17,2,14],[13,17,21,5,1,9,14],[1,17,5,21,9,13,14],[1,17,13,21,5,9,2,22],[13,21,17,9,5,1,2,14],[21,5,1,9,17,13,14],[1,21,9,13,17,5,2,14],[17,5,9,13,21,1,14],[9,17,21,1,5,13,14],[1,9,17,13,5,21,14],[13,21,17,9,5,1,14],[21,17,5,13,9,1,2,14],[5,9,17,1,13,21,2,22],[1,9,5,17,21,13,2,22],[9,5,1,21,17,13,2,14],[5,17,1,13,9,21,2,14],[9,13,21,5,1,17,14],[9,1,13,5,21,17,2,14],[21,9,13,17,1,5,14],[1,13,21,5,9,17,2,14],[1,9,17,21,5,13,14],[1,9,13,5,17,21,14],[13,5,9,1,21,17,14],[1,17,13,9,21,5,2,14],[1,17,5,21,13,9,2,22],[21,5,13,17,9,1,2,14],[1,17,21,13,5,9,2,14],[21,9,1,5,13,17,14],[1,21,5,9,17,13,2,14],[21,9,5,17,1,13,2,22],[5,21,17,9,13,1,2,22],[9,5,21,1,13,17,2,22],[21,17,5,13,9,1,2,22],[13,1,17,5,21,9,14],[9,13,5,1,17,21,14],[17,21,9,5,13,1,2,22],[5,13,17,21,1,9,14],[21,1,5,17,9,13,2,14],[9,5,1,21,17,13,2,14],[13,1,5,21,9,17,2,22],[21,5,1,9,13,17,2,22],[1,13,5,21,9,17,14],[1,9,5,17,21,13,2,14],[9,21,5,1,17,13,2,14],[1,9,5,13,21,17,2,14],[5,9,13,17,1,21,2,22],[17,5,9,1,13,21,14],[5,13,21,17,1,9,2,14],[13,1,9,21,5,17,2,14],[17,9,13,5,21,1,2,22],[21,1,9,17,5,13,2,14],[13,17,21,9,5,1,2,22],[13,17,1,21,9,5,2,22],[13,21,5,1,9,17,2,22],[17,1,21,13,9,5,14],[5,13,17,1,9,21,14],[13,1,5,21,17,9,14],[9,13,17,5,21,1,2,22],[5,13,1,9,21,17,14],[21,9,1,5,17,13,2,14],[13,5,17,9,21,1,2,22],[13,9,21,1,5,17,14],[9,21,1,5,17,13,14],[17,13,9,5,1,21,14],[1,9,5,13,17,21,14],[1,5,21,9,17,13,2,22],[5,21,13,17,1,9,2,14],[9,1,13,21,5,17,14],[17,5,1,13,9,21,2,22],[1,17,21,9,5,13,2,14],[5,21,1,17,13,9,2,22],[1,5,21,17,13,9,2,22],[9,13,1,17,21,5,14],[9,13,17,1,21,5,2,14],[17,21,5,9,1,13,2,14],[9,17,13,5,1,21,2,14],[1,5,17,9,13,21,14],[1,21,9,13,17,5,14],[5,9,21,1,13,17,2,14],[17,1,13,5,21,9,2,22],[17,9,5,21,1,13,14],[13,1,21,17,9,5,2,14],[13,17,1,9,21,5,2,22],[9,21,5,13,17,1,14],[13,21,9,17,1,5,14],[5,1,9,13,17,21,2,14],[13,1,9,21,5,17,14],[21,13,9,1,5,17,2,22],[1,5,13,9,17,21,14],[9,21,13,5,17,1,2,22],[17,1,5,9,21,13,2,14],[21,13,17,1,5,9,14],[17,5,1,21,13,9,14],[9,1,21,5,13,17,14],[9,21,17,1,5,13,14],[21,5,9,1,17,13,14],[13,1,5,9,17,21,2,22],[5,9,13,1,17,21,2,22],[17,1,9,13,21,5,14],[17,13,1,21,9,5,14],[9,17,5,21,13,1,2,14],[1,21,13,5,9,17,14],[21,5,17,9,1,13,14],[17,13,1,9,21,5,2,14],[21,5,9,17,1,13,14],[17,21,9,5,13,1,14],[21,9,17,5,13,1,14],[17,13,9,21,1,5,14],[13,1,9,21,17,5,2,14],[13,17,9,21,5,1,2,14],[1,5,9,21,17,13,14],[21,13,5,17,1,9,2,14],[13,5,9,1,17,21,2,22],[5,17,21,9,13,1,14],[9,13,17,1,5,21,2,14],[21,1,9,5,13,17,14],[9,17,13,5,1,21,2,14],[1,13,5,17,21,9,2,22],[17,1,21,5,9,13,14],[17,13,21,5,9,1,14],[1,9,21,5,13,17,2,22],[1,21,9,17,13,5,14],[21,1,13,9,5,17,2,14],[13,9,21,5,1,17,14],[17,21,9,13,1,5,14],[5,9,13,21,17,1,2,14],[21,1,5,13,17,9,14],[1,5,17,9,21,13,14],[1,17,13,21,9,5,2,14],[17,13,5,21,9,1,2,14],[17,9,5,21,13,1,2,22],[9,21,13,1,5,17,14],[17,21,13,1,9,5,2,14],[9,17,5,21,13,1,2,14],[5,1,13,9,17,21,14],[1,21,17,9,5,13,14],[21,17,13,9,5,1,14],[17,13,5,21,9,1,14],[21,13,9,1,5,17,2,22],[5,21,9,1,17,13,14],[17,5,1,21,13,9,2,22],[17,5,21,13,9,1,14],[1,17,21,9,13,5,2,22],[13,21,9,5,17,1,2,14],[13,21,5,1,17,9,14],[9,21,17,1,5,13,14],[9,5,13,21,17,1,14],[13,17,5,1,21,9,2,22],[9,1,13,21,17,5,14],[13,5,21,1,17,9,2,22],[21,1,9,13,17,5,2,22],[13,17,1,5,21,9,2,22],[1,13,5,21,17,9,14],[21,5,1,17,13,9,14],[17,21,13,5,9,1,14],[9,17,1,21,5,13,2,14],[13,17,5,21,1,9,2,22],[1,9,21,13,5,17,14],[17,9,13,1,21,5,14],[5,1,9,21,17,13,2,22],[21,1,17,9,13,5,14],[17,13,5,21,1,9,2,14],[21,5,17,13,1,9,2,14],[13,5,1,21,9,17,14],[5,17,21,9,13,1,2,14],[21,5,17,9,13,1,14],[21,13,17,1,5,9,14],[5,1,9,17,13,21,14],[5,17,13,21,9,1,14],[13,5,1,17,9,21,2,22],[1,21,13,9,5,17,2,14],[9,21,13,5,1,17,14],[17,21,9,13,5,1,2,22],[13,5,1,21,17,9,2,14],[13,9,1,21,5,17,14],[9,21,1,13,5,17,2,22],[5,13,21,9,17,1,14],[17,9,21,5,13,1,14],[17,21,5,13,1,9,14],[17,1,5,13,21,9,14],[1,5,13,9,21,17,14],[13,5,1,17,21,9,2,22],[9,13,21,17,1,5,14],[13,1,21,9,5,17,2,14],[13,1,5,17,21,9,14],[21,13,17,9,5,1,14],[9,5,1,13,17,21,14],[17,1,13,5,9,21,2,22],[21,5,1,9,17,13,2,14],[5,13,1,17,9,21,14],[13,17,5,9,1,21,14],[21,13,5,17,9,1,14],[9,21,13,17,1,5,2,14],[5,21,13,17,1,9,2,14],[13,1,5,17,9,21,14],[1,17,13,5,9,21,14],[13,5,9,21,17,1,14],[13,17,5,1,9,21,2,22],[5,17,9,21,1,13,2,14],[17,13,9,1,21,5,14],[1,9,5,13,21,17,14],[13,17,1,21,9,5,14],[1,17,21,5,13,9,2,22],[13,5,1,21,17,9,2,14],[9,5,17,21,13,1,2,22],[13,1,5,9,21,17,2,14],[5,1,13,17,21,9,14],[21,9,1,13,5,17,14],[9,5,17,13,1,21,2,14],[9,17,5,1,21,13,2,22],[17,21,5,1,13,9,14],[21,13,1,5,9,17,14],[1,17,21,9,13,5,2,14],[9,13,5,21,1,17,14],[13,1,17,21,5,9,2,22],[5,17,1,13,9,21,2,22],[9,21,5,1,17,13,2,22],[17,1,13,5,9,21,14],[21,9,17,5,1,13,2,22],[17,21,1,9,5,13,2,22],[1,17,9,13,21,5,14],[9,17,5,21,13,1,14],[1,9,21,5,17,13,2,14],[9,13,5,17,21,1,14],[21,1,13,9,17,5,2,14],[1,17,21,13,5,9,14],[5,13,9,21,1,17,2,14],[9,1,13,5,21,17,14],[21,1,9,13,5,17,2,14],[5,1,9,17,13,21,14],[17,1,9,5,21,13,14],[5,21,9,17,1,13,2,14],[21,5,9,17,1,13,14],[21,5,13,9,1,17,2,14],[9,1,13,17,5,21,2,14],[21,17,9,5,13,1,2,14],[21,1,13,9,17,5,2,22],[1,13,9,17,5,21,14],[5,13,9,21,1,17,2,22],[13,5,17,21,9,1,2,22],[21,13,5,9,17,1,14],[21,9,5,17,1,13,2,14],[17,5,21,1,13,9,14],[17,13,5,21,9,1,2,14],[1,9,5,21,13,17,2,22],[9,21,13,1,5,17,2,14],[13,9,5,1,21,17,2,22],[9,1,21,17,13,5,14],[21,1,9,5,13,17,14],[5,17,13,21,9,1,14],[13,17,5,9,21,1,14],[5,9,1,13,17,21,2,22],[1,17,9,13,21,5,2,14],[9,5,17,13,1,21,14],[13,1,9,21,5,17,2,14],[5,9,17,13,1,21,2,22],[21,5,9,1,17,13,14],[5,9,17,13,1,21,2,22],[13,1,21,9,5,17,14],[5,17,13,9,21,1,2,14],[21,17,1,13,5,9,2,22],[13,17,1,21,9,5,14],[17,21,5,1,9,13,2,14],[17,13,5,21,1,9,14],[21,1,9,17,5,13,2,14],[1,17,13,5,21,9,2,14],[21,17,5,9,1,13,2,22],[9,21,5,17,13,1,2,22],[9,17,5,1,13,21,2,22],[5,13,17,21,1,9,2,14],[1,9,21,13,17,5,2,14],[9,13,17,5,21,1,2,22],[17,1,5,9,21,13,14],[21,1,5,17,13,9,2,14],[5,1,13,9,21,17,2,14],[9,21,1,5,17,13,2,22],[5,17,13,21,1,9,2,22],[17,5,13,21,9,1,14],[5,1,13,9,17,21,2,22],[9,21,1,5,17,13,14],[1,17,13,5,21,9,14],[9,1,5,17,21,13,2,22],[5,13,17,1,9,21,14],[17,21,13,9,1,5,2,22],[1,5,9,13,17,21,2,22],[1,5,9,21,13,17,2,14],[1,21,17,5,13,9,2,14],[21,9,5,13,17,1,14],[9,5,13,17,21,1,14],[13,9,17,21,1,5,14],[9,5,21,13,17,1,2,22],[1,21,17,13,5,9,14],[9,17,13,21,5,1,14],[21,1,5,9,17,13,2,14],[13,21,1,9,17,5,2,14],[5,17,1,13,9,21,2,14],[1,9,21,13,5,17,14],[21,5,17,1,13,9,14],[17,9,5,13,1,21,14],[9,17,13,21,1,5,2,14],[17,9,5,13,1,21,14],[17,21,5,13,9,1,2,14],[21,13,1,9,17,5,14],[21,17,1,5,13,9,14],[21,9,5,1,13,17,2,14],[5,21,1,17,13,9,2,22],[1,9,21,17,13,5,2,22],[9,21,5,17,1,13,2,22],[21,1,13,9,5,17,2,22],[5,1,13,17,9,21,14],[21,5,13,9,17,1,14],[17,9,21,13,5,1,2,22],[9,13,21,17,5,1,14],[17,9,5,21,1,13,2,22],[13,1,21,9,5,17,14],[5,9,13,17,21,1,14],[21,9,17,5,1,13,2,14],[21,9,5,1,13,17,2,14],[13,17,9,1,5,21,14],[17,1,9,5,13,21,2,22],[9,1,17,5,21,13,2,14],[21,9,17,13,1,5,14],[17,21,5,9,1,13,14],[1,17,13,21,9,5,2,22],[9,13,1,17,21,5,2,22],[5,9,13,21,17,1,14],[9,21,17,13,5,1,2,14],[17,1,5,9,13,21,2,22],[21,9,13,1,5,17,14],[13,9,21,17,5,1,2,14],[9,13,5,17,21,1,14],[17,5,9,13,21,1,2,14],[9,1,13,21,5,17,2,22],[1,21,13,9,17,5,2,22],[13,1,21,17,5,9,2,14],[21,13,17,1,9,5,2,22],[5,17,13,9,1,21,14],[1,13,9,5,21,17,2,14],[5,21,17,1,9,13,14],[21,9,5,1,13,17,14],[21,1,17,13,9,5,2,22],[21,13,1,9,17,5,14],[1,9,5,21,13,17,14],[1,17,9,21,13,5,2,14],[1,17,13,21,5,9,14],[9,17,13,1,5,21,2,14],[21,13,9,17,1,5,2,22],[5,9,1,13,17,21,2,22],[5,17,21,13,1,9,2,22],[5,1,9,17,13,21,14],[1,17,5,21,13,9,14],[9,13,5,17,21,1,14],[1,5,13,17,21,9,14],[5,9,17,21,13,1,14],[1,9,5,21,17,13,2,14],[5,9,13,17,21,1,2,14],[13,9,17,1,21,5,2,14],[9,5,1,17,13,21,14],[5,1,17,9,13,21,14],[17,13,21,9,5,1,2,22],[1,21,17,9,5,13,14],[1,9,17,21,13,5,14],[5,9,1,17,13,21,14],[21,9,1,5,13,17,2,22],[13,17,21,5,9,1,2,14],[9,5,17,1,21,13,2,22],[9,1,21,17,13,5,2,14],[5,1,13,9,17,21,2,22],[9,17,21,1,13,5,14],[5,9,17,21,1,13,2,14],[1,5,21,9,13,17,14],[9,17,5,21,1,13,14],[17,13,5,21,1,9,2,22],[1,13,5,9,21,17,2,22]],"n_human":12}