{"problem_id":"YvrenmpZkwG8UMz","sigma":75,"alpha":3.162,"cost":0,"probabilities":"[0.24, 0.27, 0.29, 0.2]","payoff_matrix":"[[-122, 65, -97, -60, -25, 191], [13, -65, -59, -13, -31, -104], [77, 5, -21, -13, 107, -129], [-88, -106, -77, 8, -112, -35]]","uncovered":[[3,11,19,18,2,1,23,7,15,6,14],[11,15,7,3,23,19,18,2,1,6,14],[11,15,23,7,3,19,2,18,1,6,14],[15,19,11,7,3,2,18,17,1,23,6,14,10],[19,7,3,18,2,1,11,15,23,6,14],[3,23,11,15,7,19,2,18,17,1,6,14,10],[11,7,23,3,15,19,2,18,17,1,6,14,10],[15,7,11,3,23,19,18,2,1,6,14],[7,11,3,15,19,18,2,1,23,6,14],[15,19,3,2,18,17,1,23,7,11,6,14,10],[15,23,19,11,7,3,18,2,1,6,14],[11,15,3,7,19,2,18,1,23,6,14],[11,23,3,7,15,19,18,2,1,6,14],[15,11,19,7,3,2,18,1,23,6,14],[23,3,7,19,2,18,17,1,15,11,6,14,10],[19,7,11,3,2,18,1,15,23,6,14],[15,19,23,3,18,2,1,7,11,6,14],[23,19,7,11,3,2,18,17,1,15,6,14,10],[15,23,3,19,18,2,1,7,11,6,14],[19,23,3,2,18,17,1,7,11,15,6,14,10],[15,19,23,11,3,2,18,1,7,6,14],[19,11,23,3,18,2,17,1,7,15,6,14,10],[19,7,23,15,11,3,2,18,1,6,14],[19,11,3,2,18,17,1,15,23,7,6,14,10],[15,11,19,3,18,2,17,1,7,23,6,14,10],[19,15,7,3,18,2,1,11,23,6,14],[3,23,15,7,19,18,2,1,11,6,14],[23,11,19,7,3,18,2,17,1,15,6,14,10],[19,15,23,7,11,3,2,18,17,1,6,14,10],[19,23,3,18,2,17,1,15,7,11,6,14,10],[23,3,11,15,19,2,18,17,1,7,6,14,10],[3,15,19,18,2,1,23,11,7,6,14],[23,19,15,11,3,2,18,1,7,6,14],[15,23,11,19,3,2,18,17,1,7,6,14,10],[19,3,2,18,17,1,15,7,11,23,6,14,10],[7,23,3,11,19,2,18,17,1,15,6,14,10],[3,7,11,23,15,19,18,2,17,1,6,14,10],[7,19,11,3,2,18,17,1,23,15,6,14,10],[23,19,11,15,7,3,18,2,17,1,6,14,10],[15,23,7,3,19,18,2,1,11,6,14],[15,23,3,19,18,2,1,7,11,6,14],[15,19,11,3,18,2,1,23,7,6,14],[19,15,3,2,18,1,23,11,7,6,14],[19,7,15,23,11,3,18,2,17,1,6,14,10],[15,7,19,23,11,3,18,2,1,6,14],[3,23,15,7,19,18,2,1,11,6,14],[19,23,11,15,7,3,18,2,17,1,6,14,10],[3,19,18,2,17,1,7,11,15,23,6,14,10],[3,15,23,11,19,2,18,17,1,7,6,14,10],[3,7,15,11,23,19,2,18,1,6,14],[15,23,19,3,2,18,17,1,11,7,6,14,10],[15,7,11,23,3,19,18,2,1,6,14],[15,7,23,11,3,19,18,2,1,6,14],[7,11,15,23,19,3,18,2,1,6,14],[19,15,23,7,3,2,18,1,11,6,14],[11,23,7,19,3,2,18,1,15,6,14],[23,15,19,11,3,2,18,1,7,6,14],[11,15,23,7,19,3,18,2,1,6,14],[23,11,7,15,3,19,18,2,1,6,14],[11,7,15,23,3,19,2,18,1,6,14],[15,7,23,19,3,2,18,1,11,6,14],[15,3,7,11,23,19,18,2,1,6,14],[3,7,15,19,2,18,17,1,23,11,6,14,10],[3,11,19,18,2,17,1,15,7,23,6,14,10],[11,7,15,23,19,3,2,18,1,6,14],[3,7,11,19,2,18,1,23,15,6,14],[3,11,23,19,18,2,1,15,7,6,14],[11,23,7,3,15,19,18,2,17,1,6,14,10],[23,3,15,11,7,19,2,18,17,1,6,14,10],[19,11,15,7,3,18,2,1,23,6,14],[7,3,15,19,2,18,17,1,23,11,6,14,10],[11,7,3,23,15,19,18,2,17,1,6,14,10],[15,19,23,7,3,18,2,17,1,11,6,14,10],[3,23,11,19,2,18,17,1,7,15,6,14,10],[23,19,11,3,2,18,17,1,7,15,6,14,10],[19,11,23,3,18,2,17,1,7,15,6,14,10],[3,11,23,15,7,19,18,2,1,6,14],[3,23,11,7,19,18,2,1,15,6,14],[3,11,15,19,18,2,1,7,23,6,14],[15,7,23,19,11,3,2,18,17,1,6,14,10],[19,23,11,7,15,3,18,2,17,1,6,14,10],[19,11,15,7,3,18,2,17,1,23,6,14,10],[23,11,19,7,15,3,2,18,17,1,6,14,10],[19,3,2,18,17,1,7,11,23,15,6,14,10],[3,23,7,15,11,19,2,18,17,1,6,14,10],[3,7,11,15,23,19,18,2,1,6,14],[11,19,23,15,3,18,2,17,1,7,6,14,10],[7,19,15,3,2,18,17,1,11,23,6,14,10],[7,15,19,3,2,18,1,23,11,6,14],[3,15,11,7,19,18,2,1,23,6,14],[3,11,7,15,23,19,18,2,17,1,6,14,10],[3,23,19,2,18,17,1,15,11,7,6,14,10],[23,7,15,3,11,19,18,2,17,1,6,14,10],[23,19,15,7,11,3,2,18,1,6,14],[15,3,19,2,18,1,23,11,7,6,14],[11,23,7,3,15,19,2,18,1,6,14],[7,15,3,19,18,2,1,23,11,6,14],[19,11,15,23,3,18,2,17,1,7,6,14,10],[7,23,19,15,3,18,2,17,1,11,6,14,10],[7,3,11,23,19,2,18,17,1,15,6,14,10],[19,23,7,11,15,3,18,2,1,6,14],[19,3,18,2,1,15,11,7,23,6,14],[3,19,2,18,1,7,23,11,15,6,14],[19,3,2,18,1,11,15,23,7,6,14],[19,11,7,3,2,18,1,23,15,6,14],[19,7,15,3,2,18,1,23,11,6,14],[11,23,7,3,19,18,2,17,1,15,6,14,10],[19,7,15,3,2,18,17,1,11,23,6,14,10],[19,7,3,2,18,17,1,15,11,23,6,14,10],[11,15,7,23,19,3,18,2,17,1,6,14,10],[15,3,11,23,7,19,2,18,1,6,14],[11,15,23,7,19,3,2,18,1,6,14],[3,11,19,2,18,1,7,15,23,6,14],[11,15,3,23,19,18,2,17,1,7,6,14,10],[11,19,15,23,3,2,18,17,1,7,6,14,10],[11,3,19,2,18,17,1,23,7,15,6,14,10],[19,11,23,3,18,2,1,7,15,6,14],[15,19,3,2,18,1,11,23,7,6,14],[3,15,11,7,23,19,2,18,1,6,14],[19,11,3,2,18,17,1,7,15,23,6,14,10],[3,19,18,2,17,1,11,15,7,23,6,14,10],[15,3,11,7,19,18,2,17,1,23,6,14,10],[3,7,19,18,2,17,1,15,11,23,6,14,10],[7,23,11,19,3,18,2,1,15,6,14],[15,7,19,11,23,3,18,2,17,1,6,14,10],[7,19,15,23,11,3,2,18,17,1,6,14,10],[19,11,23,7,3,18,2,17,1,15,6,14,10],[11,23,3,15,7,19,2,18,17,1,6,14,10],[11,19,23,15,7,3,18,2,1,6,14],[7,19,11,23,15,3,18,2,1,6,14],[19,15,23,7,3,2,18,1,11,6,14],[7,3,11,19,18,2,1,15,23,6,14],[19,7,3,2,18,1,11,23,15,6,14],[7,11,3,23,19,2,18,1,15,6,14],[23,7,11,3,15,19,2,18,1,6,14],[7,23,19,3,18,2,1,11,15,6,14],[15,7,11,3,23,19,18,2,1,6,14],[15,11,19,7,3,2,18,17,1,23,6,14,10],[15,3,23,7,19,18,2,1,11,6,14],[15,3,11,23,7,19,2,18,17,1,6,14,10],[3,11,23,7,15,19,18,2,1,6,14],[11,23,7,3,19,18,2,1,15,6,14],[3,15,23,7,19,2,18,17,1,11,6,14,10],[15,23,3,11,7,19,2,18,1,6],[7,19,3,18,2,1,11,15,23,6,14],[11,7,19,23,3,2,18,17,1,15,6,14,10],[3,19,2,18,1,11,23,15,7,6,14],[7,3,19,18,2,17,1,23,15,11,6,14,10],[3,7,15,23,11,19,2,18,17,1,6,14,10],[11,15,23,7,19,3,18,2,1,6,14],[23,7,11,19,15,3,2,18,17,1,6,14,10],[19,7,23,3,18,2,17,1,15,11,6,14,10],[3,15,23,11,7,19,18,2,17,1,6,14,10],[19,23,11,3,18,2,17,1,7,15,6,14,10],[23,19,11,15,7,3,2,18,17,1,6,14,10],[15,3,7,11,23,19,18,2,1,6,14],[7,19,11,23,3,2,18,17,1,15,6,14,10],[7,11,19,3,2,18,1,15,23,6,14],[3,23,11,15,19,2,18,17,1,7,6,14,10],[11,3,7,15,19,18,2,17,1,23,6,14,10],[23,3,15,7,19,18,2,1,11,6,14],[7,23,11,19,15,3,18,2,1,6,14],[19,7,15,23,3,18,2,17,1,11,6,14,10],[11,7,19,23,3,18,2,1,15,6,14],[11,15,19,7,3,2,18,1,23,6,14],[23,15,11,7,19,3,2,18,1,6,14],[23,7,15,11,19,3,18,2,1,6,14],[3,7,15,23,19,2,18,1,11,6,14],[7,3,23,19,2,18,1,15,11,6,14],[15,23,7,19,3,18,2,17,1,11,6,14,10],[15,23,11,7,3,19,18,2,17,1,6,14,10],[23,3,7,15,11,19,18,2,17,1,6,14,10],[15,23,7,11,19,3,2,18,17,1,6,14,10],[3,23,15,11,19,18,2,1,7,6,14],[3,7,15,19,18,2,1,11,23,6,14],[7,23,11,19,3,18,2,17,1,15,6,14,10],[11,3,19,18,2,1,7,23,15,6,14],[7,3,23,11,19,2,18,1,15,6,14],[15,23,19,3,18,2,1,11,7,6,14],[11,15,19,23,3,18,2,1,7,6,14],[3,19,2,18,1,23,7,11,15,6,14],[15,3,19,2,18,17,1,7,23,11,6,14,10],[19,23,15,3,18,2,17,1,11,7,6,14,10],[19,7,3,2,18,1,15,23,11,6,14],[7,11,3,23,15,19,2,18,1,6,14],[7,19,15,11,3,18,2,17,1,23,6,14,10],[15,3,7,23,19,2,18,17,1,11,6,14,10],[3,19,2,18,17,1,11,7,23,15,6,14,10],[15,23,19,3,2,18,1,7,11,6,14],[19,15,3,2,18,1,23,11,7,6,14],[19,11,3,18,2,1,7,23,15,6,14],[15,11,19,3,18,2,17,1,7,23,6,14,10],[11,7,15,3,19,2,18,1,23,6,14],[15,7,11,3,23,19,2,18,1,6,14],[11,3,19,2,18,1,15,7,23,6,14],[7,15,23,19,11,3,2,18,1,6,14],[7,3,11,23,15,19,2,18,17,1,6,14,10],[7,23,11,3,15,19,2,18,1,6,14],[11,23,19,3,18,2,1,15,7,6,14],[11,7,3,15,19,18,2,1,23,6,14],[19,3,2,18,17,1,11,7,15,23,6,14,10],[15,7,23,11,19,3,2,18,1,6,14],[19,23,3,18,2,17,1,11,7,15,6,14,10],[11,19,7,15,23,3,18,2,17,1,6,14,10],[15,11,3,23,7,19,2,18,17,1,6,14,10],[7,19,15,23,3,2,18,1,11,6,14],[19,23,11,7,15,3,18,2,17,1,6,14,10],[11,19,15,7,23,3,18,2,17,1,6,14,10],[3,23,15,11,19,2,18,1,7,6,14],[7,11,3,15,19,18,2,1,23,6,14],[3,7,19,18,2,1,11,23,15,6,14],[15,11,7,19,23,3,2,18,1,6,14],[7,3,15,23,11,19,18,2,1,6,14],[11,23,7,15,19,3,2,18,17,1,6,14,10],[15,3,19,18,2,1,11,7,23,6,14],[3,15,7,19,2,18,1,11,23,6,14],[15,7,19,23,11,3,18,2,1,6,14],[23,11,3,19,18,2,17,1,7,15,6,14,10],[23,11,7,19,15,3,2,18,1,6,14],[19,7,15,3,18,2,1,11,23,6,14],[19,15,7,23,3,18,2,17,1,11,6,14,10],[15,11,7,19,23,3,18,2,1,6,14],[7,3,23,15,11,19,18,2,17,1,6,14,10],[19,7,11,3,18,2,17,1,15,23,6,14,10],[15,19,23,11,3,18,2,17,1,7,6,14,10],[23,11,3,19,18,2,1,15,7,6,14],[15,19,11,3,2,18,1,23,7,6,14],[15,7,11,23,3,19,2,18,1,6,14],[11,23,19,15,3,18,2,17,1,7,6,14,10],[15,11,7,23,3,19,18,2,1,6,14],[7,15,19,11,3,2,18,1,23,6,14],[7,3,15,11,23,19,18,2,17,1,6,14,10],[11,19,3,2,18,17,1,7,15,23,6,14,10],[15,7,11,23,3,19,18,2,17,1,6,14,10],[7,19,3,2,18,17,1,11,23,15,6,14,10],[23,19,7,3,18,2,1,15,11,6,14],[11,15,7,3,23,19,18,2,1,6,14],[7,11,23,15,19,3,2,18,1,6,14],[3,23,15,19,18,2,17,1,7,11,6,14,10],[3,7,19,2,18,1,23,11,15,6,14],[3,7,19,18,2,17,1,11,15,23,6,14,10],[11,23,19,3,2,18,17,1,15,7,6,14,10],[19,11,7,15,3,2,18,1,23,6,14],[15,7,11,23,3,19,2,18,1,6,14],[23,7,11,3,19,2,18,1,15,6,14],[3,23,7,11,15,19,18,2,17,1,6,14,10],[23,7,15,11,3,19,18,2,17,1,6,14,10],[11,7,23,19,15,3,2,18,1,6,14],[7,23,11,15,3,19,18,2,17,1,6,14,10],[7,23,11,19,3,2,18,17,1,15,6,14,10],[3,7,11,23,19,2,18,17,1,15,6,14,10],[19,15,3,18,2,1,23,7,11,6,14],[23,11,15,3,7,19,18,2,1,6,14],[3,23,19,2,18,17,1,7,11,15,6,14,10],[23,7,3,11,15,19,2,18,1,6,14],[11,3,19,18,2,17,1,23,7,15,6,14,10],[15,3,7,11,19,18,2,17,1,23,6,14,10],[11,3,15,19,18,2,17,1,7,23,6,14,10],[15,3,11,19,2,18,17,1,7,23,6,14,10],[15,19,11,3,18,2,17,1,7,23,6,14,10],[3,19,2,18,1,15,7,11,23,6,14],[15,19,23,3,18,2,1,7,11,6,14],[11,23,15,19,3,18,2,17,1,7,6,14,10],[19,7,11,3,18,2,17,1,23,15,6,14,10],[7,3,11,15,19,18,2,17,1,23,6,14,10],[7,3,23,19,18,2,1,11,15,6,14],[3,19,2,18,1,15,23,7,11,6,14],[7,3,11,23,15,19,18,2,1,6,14],[19,3,18,2,1,23,11,7,15,6,14],[23,11,7,3,15,19,2,18,1,6,14],[15,3,7,23,19,2,18,1,11,6,14],[15,7,19,23,11,3,2,18,17,1,6,14,10],[3,11,19,2,18,1,23,15,7,6,14],[3,15,19,18,2,1,23,7,11,6,14],[3,11,19,18,2,17,1,15,7,23,6,14,10],[11,3,23,15,7,19,18,2,1,6,14],[19,11,23,15,3,18,2,17,1,7,6,14,10],[19,23,3,18,2,1,11,15,7,6,14],[19,23,3,2,18,17,1,11,7,15,6,14,10],[3,23,7,19,18,2,17,1,15,11,6,14,10],[19,11,7,23,3,2,18,17,1,15,6,14,10],[15,19,3,2,18,1,11,7,23,6,14],[3,23,11,15,19,2,18,17,1,7,6,14,10],[3,7,23,19,2,18,1,15,11,6,14],[11,15,19,7,23,3,2,18,1,6,14],[11,15,3,23,7,19,2,18,17,1,6,14,10],[19,11,23,15,7,3,2,18,17,1,6,14,10],[7,11,23,19,3,18,2,17,1,15,6,14,10],[19,15,7,23,3,18,2,1,11,6,14],[19,7,15,3,18,2,1,23,11,6,14],[19,11,15,7,3,18,2,17,1,23,6,14,10],[19,15,11,7,23,3,2,18,17,1,6,14,10],[7,11,19,3,2,18,17,1,15,23,6,14,10],[11,3,15,19,18,2,1,23,7,6,14],[23,7,3,19,2,18,17,1,11,15,6,14,10],[7,19,11,23,15,3,2,18,17,1,6,14,10],[3,23,7,19,2,18,17,1,15,11,6,14,10],[15,23,11,7,19,3,2,18,17,1,6,14,10],[19,15,3,18,2,17,1,23,7,11,6,14,10],[3,15,7,23,11,19,2,18,17,1,6,14,10],[15,11,23,3,19,2,18,1,7,6,14],[19,23,3,18,2,17,1,11,7,15,6,14,10],[19,11,7,3,18,2,1,23,15,6,14],[19,7,15,23,3,18,2,17,1,11,6,14,10],[11,15,3,23,19,2,18,17,1,7,6,14,10],[23,7,11,19,15,3,2,18,17,1,6,14,10],[7,3,23,15,19,18,2,1,11,6,14],[7,11,15,23,19,3,2,18,17,1,6,14,10],[15,7,23,3,19,2,18,17,1,11,6,14,10],[15,11,7,23,3,19,2,18,1,6,14],[23,19,3,2,18,1,15,7,11,6,14],[11,3,23,7,19,18,2,1,15,6,14],[15,23,11,7,3,19,18,2,1,6,14],[3,11,23,19,18,2,17,1,7,15,6,14,10],[15,19,23,3,18,2,17,1,11,7,6,14,10],[19,7,23,11,15,3,18,2,17,1,6,14,10],[19,11,23,7,15,3,2,18,1,6,14],[3,15,19,18,2,1,23,7,11,6,14],[23,15,7,19,3,2,18,17,1,11,6,14,10],[11,3,15,19,18,2,17,1,7,23,6,14,10],[23,7,15,19,3,2,18,17,1,11,6,14,10],[11,15,7,3,19,18,2,17,1,23,6,14,10],[23,3,11,19,2,18,1,7,15,6,14],[3,11,19,18,2,17,1,7,23,15,6,14,10],[11,19,3,18,2,1,15,23,7,6,14],[23,19,3,2,18,17,1,11,15,7,6,14,10],[3,15,23,7,11,19,2,18,1,6,14],[19,3,2,18,17,1,15,23,7,11,6,14,10],[11,19,15,23,7,3,18,2,17,1,6,14,10],[23,11,7,19,3,2,18,17,1,15,6,14,10],[19,11,23,7,3,2,18,1,15,6,14],[11,15,19,7,23,3,18,2,17,1,6,14,10],[23,3,15,11,7,19,2,18,1,6,14],[15,7,3,23,11,19,2,18,1,6,14],[15,11,7,23,19,3,18,2,1,6,14],[19,11,7,23,15,3,18,2,1,6,14],[3,11,19,2,18,1,15,7,23,6,14],[23,15,7,11,19,3,18,2,17,1,6,14,10],[23,7,15,19,3,2,18,1,11,6,14],[7,3,11,19,2,18,17,1,23,15,6,14,10],[19,3,2,18,17,1,15,23,11,7,6,14,10],[23,19,7,15,3,2,18,1,11,6,14],[7,19,15,3,18,2,1,11,23,6,14],[11,7,19,3,2,18,1,15,23,6,14],[19,3,2,18,1,15,7,23,11,6,14],[15,23,19,7,11,3,18,2,1,6,14],[3,7,23,19,2,18,1,15,11,6,14],[11,15,19,7,3,18,2,17,1,23,6,14,10],[15,23,11,3,19,2,18,1,7,6,14],[23,11,19,7,15,3,18,2,1,6,14],[11,19,15,23,7,3,18,2,1,6,14],[7,15,19,11,3,2,18,1,23,6,14],[3,7,19,2,18,1,15,11,23,6,14],[23,7,11,19,15,3,18,2,1,6,14],[3,7,11,19,2,18,17,1,23,15,6,14,10],[3,19,2,18,17,1,23,11,7,15,6,14,10],[19,23,7,15,3,18,2,1,11,6,14],[15,3,11,7,23,19,18,2,1,6,14],[15,19,11,23,3,18,2,17,1,7,6,14,10],[7,23,3,15,11,19,2,18,17,1,6,14,10],[15,7,19,3,18,2,1,23,11,6,14],[23,3,19,18,2,17,1,15,11,7,6,14,10],[19,7,11,3,18,2,17,1,23,15,6,14,10],[23,15,19,7,3,18,2,17,1,11,6,14,10],[11,7,15,23,19,3,18,2,1,6,14],[7,11,3,15,23,19,2,18,17,1,6,14,10],[11,23,3,19,18,2,17,1,7,15,6,14,10],[15,11,23,3,7,19,2,18,17,1,6,14,10],[3,11,19,18,2,1,7,23,15,6,14],[7,11,19,23,15,3,18,2,1,6,14],[3,23,7,11,15,19,2,18,1,6,14],[7,19,23,15,11,3,2,18,17,1,6,14,10],[19,11,3,18,2,1,23,15,7,6,14],[11,3,23,15,19,18,2,1,7,6,14],[15,7,19,23,11,3,18,2,1,6,14],[15,19,11,23,3,2,18,1,7,6,14],[23,3,19,18,2,1,7,15,11,6,14],[15,23,19,11,7,3,18,2,17,1,6,14,10],[23,15,11,3,19,18,2,1,7,6,14],[3,23,19,18,2,17,1,11,15,7,6,14,10],[15,3,7,19,2,18,1,11,23,6,14],[7,11,23,19,15,3,18,2,17,1,6,14,10],[23,15,19,11,3,18,2,17,1,7,6,14,10],[3,15,23,19,2,18,1,7,11,6,14],[23,3,7,15,11,19,2,18,1,6,14],[19,11,3,18,2,1,7,15,23,6,14],[15,11,7,23,3,19,2,18,1,6,14],[19,23,3,18,2,17,1,15,11,7,6,14,10],[19,3,18,2,17,1,11,7,23,15,6,14,10],[7,11,19,3,18,2,1,23,15,6,14],[19,7,15,11,23,3,18,2,17,1,6,14,10],[11,3,15,19,2,18,17,1,7,23,6,14,10],[23,7,3,11,15,19,2,18,17,1,6,14,10],[23,11,15,3,19,18,2,17,1,7,6,14,10],[15,11,19,3,18,2,17,1,23,7,6,14,10],[7,15,19,11,3,18,2,1,23,6,14],[7,3,23,11,19,18,2,1,15,6,14],[7,15,3,19,18,2,1,11,23,6,14],[19,11,15,23,3,18,2,1,7,6,14],[23,15,3,11,19,2,18,1,7,6,14],[19,7,23,11,15,3,18,2,17,1,6,14,10],[19,11,23,15,3,18,2,1,7,6,14],[11,3,15,19,18,2,1,23,7,6,14],[15,7,11,19,3,2,18,17,1,23,6,14,10],[7,11,19,15,23,3,18,2,17,1,6,14,10],[7,11,19,3,2,18,17,1,23,15,6,14,10],[19,3,18,2,17,1,23,15,11,7,6,14,10],[19,11,23,3,18,2,1,7,15,6,14],[15,19,3,18,2,17,1,23,11,7,6,14,10],[15,3,23,11,7,19,18,2,1,6,14],[11,7,15,23,3,19,18,2,1,6,14],[11,7,15,23,19,3,2,18,1,6,14],[15,23,11,3,7,19,18,2,17,1,6,14,10],[23,3,11,15,19,2,18,17,1,7,6,14,10],[11,7,3,23,15,19,18,2,17,1,6,14,10],[15,3,11,23,19,2,18,17,1,7,6,14,10],[23,3,15,7,11,19,18,2,17,1,6,14,10],[15,23,3,11,7,19,18,2,1,6,14],[7,19,23,3,2,18,17,1,15,11,6,14,10],[23,7,19,15,3,2,18,1,11,6,14],[23,15,7,19,11,3,18,2,17,1,6,14,10],[7,3,23,11,19,2,18,1,15,6,14],[3,15,7,11,23,19,2,18,17,1,6,14,10],[15,3,11,7,19,2,18,1,23,6,14],[3,7,11,19,2,18,1,15,23,6,14],[19,11,7,3,18,2,17,1,15,23,6,14,10],[15,19,3,18,2,17,1,11,23,7,6,14,10],[7,15,19,3,18,2,1,23,11,6,14],[19,7,11,23,15,3,18,2,17,1,6,14,10],[11,7,3,23,15,19,2,18,1,6,14],[7,15,11,19,23,3,2,18,17,1,6,14,10],[7,3,19,18,2,1,23,15,11,6,14],[3,7,11,15,23,19,18,2,1,6,14],[23,11,7,19,15,3,2,18,1,6,14],[11,15,23,19,7,3,18,2,1,6,14],[23,15,7,11,19,3,18,2,1,6,14],[23,3,15,7,11,19,2,18,1,6,14],[3,23,7,11,19,18,2,1,15,6,14],[19,3,2,18,1,7,11,15,23,6,14],[19,15,7,11,23,3,18,2,1,6,14],[11,19,3,2,18,17,1,7,23,15,6,14,10],[11,23,7,15,19,3,2,18,17,1,6,14,10],[19,7,23,15,11,3,2,18,17,1,6,14,10],[23,19,7,11,15,3,2,18,1,6,14],[15,7,3,11,23,19,2,18,1,6,14],[15,3,7,23,11,19,2,18,17,1,6,14,10],[3,19,18,2,1,11,7,15,23,6,14],[3,15,23,11,19,18,2,17,1,7,6,14,10],[19,23,11,7,15,3,18,2,1,6,14],[15,7,19,11,23,3,18,2,1,6,14],[15,3,19,2,18,17,1,11,7,23,6,14,10],[23,11,15,19,3,2,18,17,1,7,6,14,10],[15,23,3,19,18,2,17,1,7,11,6,14,10],[15,11,19,3,2,18,17,1,23,7,6,14,10],[19,11,15,23,7,3,18,2,17,1,6,14,10],[11,15,19,23,7,3,18,2,1,6,14],[7,23,15,19,11,3,2,18,1,6,14],[23,7,15,11,19,3,2,18,1,6,14],[23,15,11,7,3,19,2,18,1,6,14],[11,23,15,7,3,19,18,2,1,6,14],[7,15,19,11,23,3,2,18,17,1,6,14,10],[15,7,11,3,19,2,18,17,1,23,6,14,10],[3,23,15,7,11,19,18,2,17,1,6,14,10],[15,11,23,19,7,3,2,18,1,6,14],[3,11,15,19,18,2,1,7,23,6,14],[23,19,7,15,11,3,2,18,1,6,14],[11,15,19,7,23,3,18,2,1,6,14],[7,19,15,23,3,18,2,17,1,11,6,14,10],[15,11,3,19,2,18,1,23,7,6,14],[11,7,3,23,19,2,18,1,15,6,14],[19,23,15,7,3,2,18,1,11,6,14],[19,7,23,15,11,3,2,18,17,1,6,14,10],[23,15,3,11,19,2,18,17,1,7,6,14,10],[3,19,2,18,1,11,23,7,15,6,14],[23,19,7,3,2,18,17,1,15,11,6,14,10],[3,19,2,18,1,15,23,11,7,6,14],[23,3,19,2,18,1,11,7,15,6,14],[23,19,11,3,18,2,17,1,7,15,6,14,10],[15,11,3,19,2,18,1,23,7,6,14],[23,7,15,19,3,18,2,17,1,11,6,14,10],[11,19,23,7,15,3,18,2,1,6,14],[15,3,19,18,2,17,1,7,11,23,6,14,10],[15,23,19,3,2,18,1,11,7,6,14],[19,7,11,23,3,18,2,1,15,6,14],[15,19,11,3,18,2,17,1,7,23,6,14,10],[15,11,23,3,19,18,2,1,7,6,14],[23,11,3,19,18,2,1,15,7,6,14],[11,19,15,3,2,18,17,1,23,7,6,14,10],[15,3,7,23,11,19,18,2,17,1,6,14,10],[15,3,11,23,7,19,18,2,1,6,14],[23,15,19,7,11,3,2,18,17,1,6,14,10],[11,23,19,15,7,3,18,2,1,6,14],[3,23,15,11,7,19,18,2,17,1,6,14,10],[7,23,3,11,15,19,18,2,1,6,14],[15,23,7,3,11,19,18,2,17,1,6,14,10],[7,15,11,23,19,3,2,18,1,6,14],[19,23,11,7,3,18,2,17,1,15,6,14,10],[7,11,3,23,19,18,2,1,15,6,14],[19,3,18,2,17,1,7,23,11,15,6,14,10],[3,11,19,18,2,17,1,7,15,23,6,14,10],[7,11,23,3,15,19,18,2,17,1,6,14,10],[3,23,7,15,11,19,2,18,17,1,6,14,10],[19,3,18,2,17,1,15,23,11,7,6,14,10],[3,19,18,2,1,23,11,15,7,6,14],[19,3,18,2,17,1,11,15,7,23,6,14,10],[3,7,23,15,11,19,2,18,1,6,14],[3,23,7,19,2,18,1,15,11,6,14],[3,19,18,2,1,15,23,11,7,6,14],[23,19,11,15,3,2,18,17,1,7,6,14,10],[11,19,7,23,3,18,2,1,15,6,14],[23,15,19,3,18,2,1,11,7,6,14],[3,15,23,7,11,19,2,18,1,6,14],[11,19,3,18,2,17,1,23,7,15,6,14,10],[23,11,7,3,19,18,2,17,1,15,6,14,10],[23,3,15,19,18,2,17,1,11,7,6,14,10],[7,11,19,3,18,2,17,1,15,23,6,14,10],[15,23,19,11,7,3,2,18,1,6,14],[15,3,7,11,19,18,2,1,23,6,14],[19,11,15,23,7,3,18,2,1,6,14],[11,7,19,23,3,18,2,17,1,15,6,14,10],[3,15,11,23,19,2,18,17,1,7,6,14,10],[23,15,7,3,19,18,2,1,11,6,14],[11,23,15,3,19,18,2,17,1,7,6,14,10],[11,19,3,18,2,1,23,15,7,6,14],[11,19,3,2,18,1,15,7,23,6,14],[3,19,18,2,1,7,11,15,23,6,14],[19,23,15,11,7,3,2,18,17,1,6,14,10],[15,3,23,19,18,2,1,11,7,6,14],[19,11,23,3,2,18,1,7,15,6,14],[23,11,19,3,18,2,1,7,15,6,14],[23,3,7,19,18,2,17,1,11,15,6,14,10],[3,19,2,18,17,1,7,15,23,11,6,14,10],[23,3,11,15,19,18,2,17,1,7,6,14,10],[7,11,23,15,3,19,2,18,17,1,6,14,10],[11,23,15,3,7,19,18,2,1,6,14],[11,7,23,3,15,19,18,2,1,6,14],[7,11,23,19,3,18,2,1,15,6,14],[11,15,3,19,18,2,1,23,7,6,14],[15,19,7,3,18,2,17,1,11,23,6,14,10],[3,19,18,2,17,1,11,23,7,15,6,14,10],[15,11,23,3,19,18,2,17,1,7,6,14,10],[7,11,3,19,18,2,1,23,15,6,14],[19,7,15,23,11,3,18,2,1,6,14],[3,15,23,11,7,19,2,18,1,6,14],[19,15,3,2,18,17,1,23,7,11,6,14,10],[11,15,7,19,23,3,18,2,17,1,6,14,10],[3,23,19,18,2,17,1,11,7,15,6,14,10],[3,15,11,23,7,19,18,2,1,6,14],[15,19,7,11,3,18,2,1,23,6,14],[23,3,19,2,18,17,1,15,7,11,6,14,10],[19,3,2,18,1,23,11,15,7,6,14],[19,15,11,23,7,3,2,18,1,6,14],[15,3,23,7,19,2,18,1,11,6,14],[7,23,19,3,18,2,17,1,11,15,6,14,10],[11,19,7,23,15,3,18,2,17,1,6,14,10],[7,15,19,11,3,18,2,1,23,6,14],[7,11,3,19,2,18,17,1,15,23,6,14,10],[3,19,2,18,17,1,11,7,15,23,6,14,10],[3,23,15,19,18,2,17,1,7,11,6,14,10],[15,23,19,7,3,2,18,1,11,6,14],[15,19,11,23,3,18,2,1,7,6,14],[19,23,11,7,15,3,2,18,17,1,6,14,10],[3,23,11,19,18,2,17,1,15,7,6,14,10],[15,11,19,23,3,2,18,1,7,6,14],[15,23,3,11,7,19,18,2,1,6,14],[23,3,19,18,2,17,1,11,7,15,6,14,10],[7,11,15,19,3,18,2,17,1,23,6,14,10],[7,19,15,11,3,18,2,17,1,23,6,14,10],[11,23,3,15,7,19,18,2,1,6,14],[3,15,7,23,11,19,2,18,17,1,6,14,10],[7,19,11,15,23,3,2,18,1,6,14],[11,19,3,18,2,17,1,15,7,23,6,14,10],[15,19,3,2,18,17,1,23,7,11,6,14,10],[11,19,7,3,2,18,17,1,23,15,6,14,10],[15,23,11,3,7,19,2,18,17,1,6,14,10],[7,19,3,2,18,1,15,23,11,6,14],[19,7,3,2,18,17,1,15,11,23,6,14,10],[7,3,11,15,19,18,2,17,1,23,6,14,10],[23,7,11,15,19,3,18,2,17,1,6,14,10],[3,11,7,15,19,2,18,1,23,6,14],[11,7,15,23,19,3,18,2,1,6,14],[19,11,15,7,3,18,2,17,1,23,6,14,10],[7,15,3,23,11,19,2,18,17,1,6,14,10],[23,15,11,19,7,3,2,18,1,6,14],[15,23,19,7,3,18,2,1,11,6,14],[11,3,7,19,2,18,1,23,15,6,14],[23,7,11,19,15,3,2,18,17,1,6,14,10],[7,19,11,23,15,3,18,2,17,1,6,14,10],[7,11,19,15,3,2,18,1,23,6,14],[7,19,15,3,18,2,17,1,11,23,6,14,10],[11,15,23,3,7,19,18,2,1,6,14],[19,23,7,11,15,3,2,18,17,1,6,14,10],[7,3,15,23,19,2,18,17,1,11,6,14,10],[23,15,19,11,3,18,2,1,7,6,14],[19,15,23,11,7,3,18,2,17,1,6,14,10],[7,11,19,15,23,3,2,18,1,6,14],[19,3,2,18,1,11,23,7,15,6,14],[11,7,3,15,23,19,2,18,17,1,6,14,10],[7,19,15,23,3,18,2,17,1,11,6,14,10],[11,23,15,7,3,19,2,18,17,1,6,14,10],[15,3,7,19,18,2,1,11,23,6,14],[3,15,23,19,2,18,1,11,7,6,14],[19,15,3,2,18,17,1,23,11,7,6,14,10],[3,11,23,19,18,2,17,1,15,7,6,14,10],[7,23,11,15,3,19,2,18,17,1,6,14,10],[15,19,11,7,3,18,2,1,23,6,14],[3,19,18,2,1,15,23,11,7,6,14],[3,23,19,18,2,1,7,15,11,6,14],[23,15,11,3,7,19,2,18,17,1,6,14,10],[7,23,19,3,2,18,17,1,15,11,6,14,10],[19,23,11,3,18,2,17,1,15,7,6,14,10],[23,7,19,15,3,2,18,17,1,11,6,14,10],[11,23,3,15,7,19,2,18,1,6,14],[7,19,11,23,3,18,2,17,1,15,6,14,10],[23,15,19,7,11,3,2,18,1,6,14],[7,15,19,23,3,18,2,1,11,6,14],[11,15,23,3,19,18,2,1,7,6,14],[7,11,15,19,23,3,18,2,17,1,6,14,10],[11,3,19,18,2,17,1,23,15,7,6,14,10],[23,11,3,19,18,2,17,1,7,15,6,14,10],[15,3,23,7,11,19,18,2,17,1,6,14,10],[3,19,2,18,1,23,15,7,11,6,14],[15,3,7,23,19,18,2,1,11,6,14],[23,7,19,11,3,18,2,1,15,6,14],[7,3,19,18,2,1,11,15,23,6,14],[3,19,2,18,17,1,11,15,7,23,6,14,10],[11,7,19,15,3,18,2,1,23,6,14],[19,15,7,11,3,18,2,1,23,6,14],[19,7,11,23,3,18,2,17,1,15,6,14,10],[3,19,18,2,17,1,11,23,15,7,6,14,10],[11,15,3,7,23,19,2,18,17,1,6,14,10],[3,23,19,2,18,17,1,15,11,7,6,14,10],[15,23,7,19,11,3,2,18,17,1,6,14,10],[11,3,23,19,18,2,17,1,7,15,6,14,10],[19,3,2,18,17,1,15,7,11,23,6,14,10],[15,19,7,23,3,2,18,1,11,6,14],[23,15,7,3,19,2,18,17,1,11,6,14,10],[23,3,7,19,2,18,1,11,15,6,14],[3,19,18,2,1,15,7,23,11,6,14],[11,23,15,19,7,3,18,2,1,6,14],[3,15,19,2,18,17,1,23,7,11,6,14,10],[11,15,23,3,7,19,18,2,1,6,14],[19,11,23,7,15,3,18,2,17,1,6,14,10],[15,11,3,23,19,18,2,17,1,7,6,14,10],[23,7,11,15,3,19,18,2,17,1,6,14,10],[15,7,11,23,3,19,18,2,17,1,6,14,10],[23,19,15,11,3,2,18,1,7,6,14],[7,15,19,11,3,2,18,17,1,23,6,14,10],[11,19,7,3,2,18,1,23,15,6,14],[15,19,3,18,2,1,23,11,7,6,14],[11,19,3,2,18,17,1,15,7,23,6,14,10],[23,11,19,7,15,3,2,18,1,6,14],[11,3,7,23,15,19,2,18,17,1,6,14,10],[7,23,19,15,3,18,2,17,1,11,6,14,10],[19,23,11,7,3,18,2,1,15,6,14],[11,7,3,15,23,19,2,18,17,1,6,14,10],[15,3,11,7,19,2,18,1,23,6,14],[3,7,11,15,19,18,2,1,23,6,14],[7,23,3,19,18,2,17,1,11,15,6,14,10],[15,11,23,19,7,3,2,18,1,6,14],[7,23,11,15,3,19,18,2,17,1,6,14,10],[15,23,11,19,7,3,18,2,1,6,14],[19,23,7,15,3,18,2,1,11,6,14],[23,11,15,7,19,3,18,2,1,6,14],[11,15,19,7,23,3,2,18,17,1,6,14,10],[11,7,23,3,15,19,2,18,17,1,6,14,10],[19,3,18,2,1,11,23,15,7,6,14],[3,15,23,11,19,18,2,17,1,7,6,14,10],[19,23,15,7,3,2,18,17,1,11,6,14,10],[11,15,23,19,7,3,2,18,17,1,6,14,10],[3,15,7,23,19,2,18,17,1,11,6,14,10],[3,7,15,23,19,18,2,1,11,6,14],[23,3,11,15,7,19,2,18,17,1,6,14,10],[3,7,23,15,11,19,2,18,17,1,6,14,10],[19,23,7,15,11,3,18,2,17,1,6,14,10],[15,11,3,23,19,18,2,1,7,6,14],[7,3,19,2,18,1,15,23,11,6,14],[7,23,15,11,3,19,2,18,17,1,6,14,10],[7,11,3,23,19,2,18,1,15,6,14],[3,11,7,19,2,18,1,23,15,6,14],[15,3,23,11,19,2,18,1,7,6,14],[11,7,15,23,3,19,2,18,17,1,6,14,10],[23,19,7,15,11,3,2,18,17,1,6,14,10],[15,11,7,3,23,19,18,2,17,1,6,14,10],[3,23,19,2,18,17,1,7,15,11,6,14,10],[11,19,3,2,18,17,1,23,7,15,6,14,10],[7,3,11,15,19,18,2,1,23,6,14],[15,11,3,7,23,19,18,2,1,6,14],[23,7,19,3,2,18,17,1,11,15,6,14,10],[23,11,15,3,7,19,2,18,17,1,6,14,10],[15,11,3,7,19,2,18,1,23,6,14],[7,3,15,23,11,19,18,2,17,1,6,14,10],[7,19,23,15,3,18,2,17,1,11,6,14,10],[7,15,11,23,3,19,18,2,1,6,14],[15,19,7,23,11,3,2,18,17,1,6,14,10],[7,11,19,23,3,18,2,17,1,15,6,14,10],[23,11,3,7,15,19,2,18,17,1,6,14,10],[7,11,19,23,15,3,18,2,1,6,14],[15,11,23,3,19,2,18,17,1,7,6,14,10],[11,19,15,7,23,3,2,18,1,6,14],[11,7,15,19,23,3,2,18,17,1,6,14,10],[19,11,23,7,15,3,2,18,1,6,14],[3,19,2,18,1,11,23,7,15,6,14],[3,11,19,2,18,17,1,7,15,23,6,14,10],[7,3,23,15,19,2,18,17,1,11,6,14,10],[19,7,23,3,2,18,1,11,15,6,14],[7,11,3,19,18,2,1,23,15,6,14],[7,23,15,19,11,3,18,2,1,6,14],[7,15,11,23,19,3,18,2,1,6,14],[11,23,7,3,15,19,2,18,17,1,6,14,10],[7,11,3,19,2,18,17,1,15,23,6,14,10],[11,3,15,19,18,2,17,1,7,23,6,14,10],[11,15,19,23,3,2,18,17,1,7,6,14,10],[7,19,11,23,3,18,2,1,15,6,14],[19,23,7,3,18,2,1,15,11,6,14],[3,11,19,18,2,1,7,15,23,6,14],[15,3,7,23,11,19,18,2,17,1,6,14,10],[23,3,19,18,2,1,11,7,15,6,14],[23,3,15,19,18,2,17,1,7,11,6,14,10],[11,7,19,23,15,3,18,2,1,6,14],[23,11,15,7,19,3,2,18,1,6,14],[15,3,11,19,2,18,1,7,23,6,14],[23,7,19,15,11,3,2,18,17,1,6,14,10],[15,11,7,19,3,18,2,1,23,6,14],[3,7,11,19,18,2,1,15,23,6,14],[23,19,15,11,3,18,2,1,7,6,14],[7,19,23,11,3,18,2,1,15,6,14],[7,11,19,3,18,2,17,1,23,15,6,14,10],[11,15,3,23,19,2,18,1,7,6,14],[19,7,15,11,23,3,2,18,17,1,6,14,10],[7,15,3,19,18,2,1,11,23,6,14],[19,7,11,3,2,18,1,15,23,6,14],[15,19,7,11,23,3,2,18,17,1,6,14,10],[15,3,7,23,19,2,18,1,11,6,14],[23,3,11,19,18,2,1,7,15,6,14],[11,23,7,19,15,3,2,18,17,1,6,14,10],[3,19,2,18,1,15,7,11,23,6,14],[11,3,19,2,18,1,23,15,7,6,14],[23,19,7,3,18,2,1,11,15,6,14],[15,3,7,19,18,2,17,1,23,11,6,14,10],[19,23,11,7,15,3,18,2,1,6,14],[7,3,23,19,18,2,1,15,11,6,14],[15,23,3,19,18,2,17,1,11,7,6,14,10],[23,3,7,15,11,19,18,2,17,1,6,14,10],[3,19,2,18,1,7,23,11,15,6,14],[7,11,23,15,19,3,2,18,1,6,14],[15,3,23,7,19,2,18,17,1,11,6,14,10],[23,15,19,3,2,18,1,7,11,6,14],[3,7,19,18,2,17,1,11,15,23,6,14,10],[3,19,18,2,17,1,15,7,11,23,6,14,10],[19,11,15,3,2,18,1,7,23,6,14],[11,7,3,19,18,2,1,15,23,6,14],[23,3,11,15,7,19,2,18,17,1,6,14,10],[23,19,3,2,18,17,1,7,11,15,6,14,10],[11,19,23,3,2,18,17,1,7,15,6,14,10],[7,23,11,15,3,19,18,2,17,1,6,14,10],[19,23,11,3,2,18,1,7,15,6,14],[23,7,19,11,15,3,2,18,17,1,6,14,10],[11,15,3,7,23,19,2,18,1,6,14],[23,19,7,3,18,2,17,1,15,11,6,14,10],[19,7,3,2,18,1,11,15,23,6,14],[23,19,7,15,11,3,2,18,17,1,6,14,10],[7,23,19,15,11,3,18,2,1,6,14],[3,23,19,18,2,1,7,15,11,6,14],[23,3,7,19,18,2,1,11,15,6,14],[23,7,15,19,3,2,18,17,1,11,6,14,10],[19,23,11,3,18,2,1,15,7,6,14],[15,11,3,7,23,19,18,2,1,6,14],[23,11,19,7,15,3,18,2,1,6,14],[15,19,3,18,2,17,1,23,11,7,6,14,10],[15,19,7,11,23,3,2,18,17,1,6,14,10],[23,11,3,19,2,18,1,15,7,6,14],[7,11,19,3,18,2,17,1,23,15,6,14,10],[15,11,23,3,19,2,18,17,1,7,6,14,10],[23,19,3,18,2,1,15,11,7,6,14],[3,7,15,19,18,2,17,1,11,23,6,14,10],[7,15,3,19,18,2,17,1,11,23,6,14,10],[15,3,23,19,18,2,17,1,7,11,6,14,10],[7,15,11,23,3,19,18,2,1,6,14],[15,3,19,18,2,17,1,7,11,23,6,14,10],[11,23,15,7,3,19,18,2,1,6,14],[15,19,7,3,2,18,1,23,11,6,14],[19,7,3,2,18,17,1,11,23,15,6,14,10],[19,15,11,7,23,3,18,2,17,1,6,14,10],[11,7,3,15,19,2,18,17,1,23,6,14,10],[7,15,3,23,11,19,2,18,1,6,14],[11,15,7,23,19,3,2,18,17,1,6,14,10],[23,3,7,15,19,18,2,17,1,11,6,14,10],[23,3,11,7,15,19,2,18,17,1,6,14,10],[3,11,7,23,15,19,18,2,1,6,14],[15,3,23,11,7,19,18,2,1,6,14],[7,19,23,3,18,2,1,15,11,6,14],[7,15,11,23,19,3,18,2,17,1,6,14,10],[23,7,15,3,11,19,2,18,1,6,14],[15,23,3,7,11,19,18,2,17,1,6,14,10],[23,3,15,11,7,19,18,2,17,1,6,14,10],[11,3,7,15,23,19,2,18,1,6,14],[3,15,23,11,7,19,2,18,1,6,14],[23,11,19,7,3,18,2,1,15,6,14],[19,23,15,11,3,18,2,17,1,7,6,14,10],[23,11,3,15,7,19,18,2,1,6,14],[11,7,19,15,23,3,18,2,17,1,6,14,10],[19,23,7,3,2,18,17,1,11,15,6,14,10],[19,7,11,15,3,18,2,17,1,23,6,14,10],[23,15,3,19,2,18,1,7,11,6,14],[15,3,19,2,18,1,7,23,11,6,14],[19,15,7,3,2,18,1,11,23,6,14],[7,19,15,23,11,3,2,18,17,1,6,14,10],[7,23,11,19,15,3,18,2,17,1,6,14,10],[3,11,15,19,18,2,17,1,23,7,6,14,10],[7,23,15,3,19,18,2,17,1,11,6,14,10],[15,7,23,11,19,3,18,2,17,1,6,14,10],[7,19,11,23,3,2,18,1,15,6,14],[7,15,11,23,19,3,18,2,1,6,14],[19,15,7,23,11,3,2,18,17,1,6,14,10],[7,11,23,19,15,3,18,2,1,6,14],[19,7,23,11,15,3,2,18,1,6,14],[11,19,3,2,18,1,7,15,23,6,14],[19,3,18,2,17,1,15,7,23,11,6,14,10],[3,11,15,23,7,19,2,18,17,1,6,14,10],[23,19,15,11,3,18,2,1,7,6,14],[11,23,7,3,15,19,2,18,17,1,6,14,10],[3,11,15,7,19,18,2,17,1,23,6,14,10],[23,3,7,19,18,2,17,1,11,15,6,14,10],[7,3,11,15,23,19,2,18,1,6,14],[15,23,19,3,18,2,1,7,11,6,14],[23,15,19,11,3,18,2,1,7,6,14],[7,19,3,2,18,1,23,15,11,6,14],[11,7,19,3,2,18,17,1,23,15,6,14,10],[23,11,15,19,7,3,18,2,1,6,14],[3,15,11,7,23,19,2,18,1,6,14],[11,3,19,18,2,17,1,7,23,15,6,14,10],[15,19,7,11,23,3,18,2,17,1,6,14,10],[3,7,15,11,23,19,18,2,1,6,14],[23,15,19,3,2,18,17,1,7,11,6,14,10],[3,11,7,19,2,18,17,1,23,15,6,14,10],[3,15,19,2,18,1,23,11,7,6,14],[3,15,7,23,11,19,2,18,17,1,6,14,10],[19,23,3,18,2,17,1,7,11,15,6,14,10],[11,23,7,19,3,2,18,1,15,6,14],[19,3,18,2,1,15,23,11,7,6,14],[3,23,11,19,18,2,1,15,7,6,14],[15,7,23,11,19,3,18,2,17,1,6,14,10],[7,19,23,3,18,2,1,15,11,6,14],[7,15,3,23,11,19,2,18,17,1,6,14,10],[3,23,15,11,19,18,2,17,1,7,6,14,10],[3,19,2,18,1,7,15,11,23,6,14],[7,11,3,19,2,18,17,1,23,15,6,14,10],[23,19,7,15,11,3,18,2,17,1,6,14,10],[15,7,23,11,19,3,18,2,1,6,14],[3,15,19,2,18,17,1,11,23,7,6,14,10],[19,3,2,18,17,1,7,23,15,11,6,14,10],[11,23,15,19,7,3,2,18,17,1,6,14,10],[11,23,3,19,18,2,1,15,7,6,14],[3,7,15,19,18,2,1,23,11,6,14],[19,3,18,2,1,23,11,15,7,6,14],[7,3,11,23,15,19,18,2,17,1,6,14,10],[15,19,11,3,18,2,17,1,23,7,6,14,10],[23,15,7,19,3,2,18,1,11,6,14],[3,19,18,2,1,15,23,11,7,6,14],[15,3,19,18,2,17,1,7,11,23,6,14,10],[7,11,15,19,23,3,2,18,17,1,6,14,10],[7,15,19,3,18,2,1,23,11,6,14],[19,23,7,15,11,3,2,18,1,6,14],[11,15,3,23,7,19,18,2,1,6,14],[19,3,18,2,1,15,11,7,23,6,14],[15,3,7,23,19,18,2,1,11,6,14],[3,11,15,23,19,18,2,1,7,6,14],[15,7,11,3,19,2,18,17,1,23,6,14,10],[3,15,7,23,19,2,18,17,1,11,6,14,10],[11,23,19,15,7,3,2,18,17,1,6,14,10],[23,7,11,3,15,19,2,18,1,6,14],[19,11,3,2,18,17,1,15,7,23,6,14,10],[15,23,3,7,19,18,2,1,11,6,14],[15,23,3,7,11,19,2,18,1,6,14],[11,15,23,7,19,3,2,18,1,6,14],[7,15,19,23,11,3,18,2,1,6,14],[23,19,3,18,2,1,11,7,15,6,14],[7,15,11,3,19,2,18,17,1,23,6,14,10],[23,19,7,15,3,18,2,1,11,6,14],[3,15,19,18,2,1,7,23,11,6,14],[7,23,3,15,19,2,18,17,1,11,6,14,10],[15,3,7,23,19,2,18,1,11,6,14],[23,15,19,7,3,18,2,17,1,11,6,14,10],[3,11,15,19,2,18,17,1,7,23,6,14,10],[19,3,18,2,1,11,15,23,7,6,14],[15,3,23,7,11,19,18,2,17,1,6,14,10],[23,7,11,15,3,19,18,2,1,6,14],[7,19,11,3,2,18,17,1,23,15,6,14,10],[11,15,19,3,2,18,17,1,23,7,6,14,10],[23,15,7,19,11,3,2,18,1,6,14],[19,7,23,3,2,18,1,11,15,6,14],[23,19,7,15,3,18,2,17,1,11,6,14,10],[11,15,7,19,23,3,18,2,17,1,6,14,10],[3,15,11,19,18,2,17,1,7,23,6,14,10],[7,3,19,18,2,17,1,15,23,11,6,14,10],[3,23,11,7,15,19,2,18,17,1,6,14,10],[15,3,11,23,19,18,2,1,7,6,14],[11,3,19,18,2,1,7,15,23,6,14],[7,3,19,18,2,1,23,15,11,6,14],[15,19,3,18,2,17,1,7,23,11,6,14,10],[19,3,2,18,17,1,23,15,7,11,6,14,10],[19,7,11,3,18,2,1,23,15,6,14],[11,19,7,3,18,2,1,15,23,6,14],[11,15,23,19,3,18,2,1,7,6,14],[3,11,15,7,19,18,2,17,1,23,6,14,10],[23,11,3,15,7,19,18,2,1,6,14],[7,19,11,15,3,18,2,17,1,23,6,14,10],[15,19,3,2,18,1,7,23,11,6,14],[7,3,23,19,2,18,1,11,15,6,14],[7,23,11,3,15,19,2,18,1,6,14],[3,15,11,7,23,19,18,2,1,6,14],[7,19,3,2,18,1,11,15,23,6,14],[19,15,11,7,23,3,18,2,1,6,14],[3,7,19,18,2,1,11,15,23,6,14],[19,15,11,7,23,3,2,18,17,1,6,14,10],[3,23,15,11,19,18,2,17,1,7,6,14,10],[19,7,11,23,3,2,18,17,1,15,6,14,10],[19,7,3,18,2,1,23,15,11,6,14],[15,23,7,11,3,19,2,18,17,1,6,14,10],[19,15,11,7,23,3,2,18,17,1,6,14,10],[23,11,15,19,3,18,2,17,1,7,6,14,10],[23,11,7,15,19,3,2,18,17,1,6,14,10],[3,7,15,19,18,2,17,1,23,11,6,14,10],[19,11,15,23,7,3,2,18,1,6,14],[11,19,3,18,2,1,7,23,15,6,14],[19,7,3,2,18,17,1,11,15,23,6,14,10],[19,15,11,7,23,3,18,2,1,6,14],[11,23,3,19,18,2,17,1,15,7,6,14,10],[23,7,19,15,3,2,18,1,11,6,14],[15,11,19,7,3,2,18,1,23,6,14],[19,23,7,3,2,18,17,1,11,15,6,14,10],[7,23,15,3,11,19,18,2,17,1,6,14,10],[11,23,7,19,15,3,18,2,1,6,14],[7,15,11,19,23,3,18,2,1,6,14],[15,7,19,3,2,18,17,1,11,23,6,14,10],[3,19,18,2,1,7,23,11,15,6,14],[7,19,11,15,23,3,18,2,17,1,6,14,10],[19,23,11,3,18,2,1,7,15,6,14],[7,3,15,11,19,18,2,17,1,23,6,14,10],[23,19,15,7,3,2,18,1,11,6,14],[23,11,7,3,15,19,2,18,17,1,6,14,10],[15,23,7,3,19,18,2,17,1,11,6,14,10],[11,7,23,3,19,2,18,1,15,6,14],[19,23,3,2,18,1,15,7,11,6,14],[23,11,7,3,15,19,2,18,17,1,6,14,10],[23,3,15,11,7,19,18,2,1,6,14],[19,23,3,2,18,1,15,11,7,6,14],[11,15,23,7,3,19,2,18,17,1,6,14,10],[19,3,18,2,1,7,23,15,11,6,14],[15,7,11,19,3,18,2,17,1,23,6,14,10],[23,19,3,18,2,17,1,11,15,7,6,14,10],[23,11,15,7,3,19,18,2,1,6,14],[7,3,11,19,18,2,1,23,15,6,14],[3,15,11,7,23,19,18,2,1,6,14],[11,19,23,7,15,3,18,2,17,1,6,14,10],[19,23,11,3,2,18,17,1,7,15,6,14,10],[7,19,3,2,18,17,1,15,11,23,6,14,10],[15,11,3,23,7,19,2,18,17,1,6,14,10],[19,23,7,3,2,18,1,11,15,6,14],[3,11,7,23,19,2,18,17,1,15,6,14,10],[7,15,19,3,18,2,17,1,11,23,6,14,10],[15,19,11,3,18,2,1,7,23,6,14],[7,19,23,3,18,2,1,15,11,6,14],[23,11,15,3,7,19,2,18,17,1,6,14,10],[7,15,11,3,23,19,2,18,17,1,6,14,10],[15,11,7,23,19,3,2,18,17,1,6,14,10],[15,23,19,11,7,3,2,18,17,1,6,14,10],[11,19,15,3,18,2,1,7,23,6,14],[15,11,7,23,3,19,2,18,17,1,6,14,10],[23,3,11,19,18,2,17,1,15,7,6,14,10],[11,3,15,23,7,19,2,18,1,6,14],[15,23,11,19,7,3,2,18,1,6,14],[11,19,3,18,2,17,1,7,15,23,6,14,10],[3,11,7,19,2,18,17,1,15,23,6,14,10],[19,23,7,3,18,2,17,1,11,15,6,14,10],[15,7,23,3,19,2,18,1,11,6,14],[3,19,2,18,17,1,15,11,23,7,6,14,10],[23,11,3,19,18,2,1,7,15,6,14],[15,11,3,23,19,2,18,1,7,6,14],[19,23,15,3,18,2,17,1,11,7,6,14,10],[15,11,7,23,19,3,2,18,17,1,6,14,10],[3,23,7,15,19,2,18,1,11,6,14],[7,3,11,15,19,2,18,17,1,23,6,14,10],[3,23,19,2,18,17,1,11,15,7,6,14,10],[15,23,11,19,7,3,18,2,1,6,14],[11,3,15,19,18,2,17,1,7,23,6,14,10],[23,19,15,11,7,3,18,2,17,1,6,14,10],[7,23,3,15,19,18,2,1,11,6,14],[15,23,7,19,3,18,2,17,1,11,6,14,10],[7,19,11,3,18,2,17,1,15,23,6,14,10],[23,3,19,18,2,17,1,11,7,15,6,14,10],[3,11,15,19,2,18,1,7,23,6,14],[11,3,7,23,15,19,2,18,17,1,6,14,10],[11,19,15,7,3,18,2,1,23,6,14],[7,19,3,2,18,1,11,15,23,6,14],[15,23,11,7,3,19,2,18,1,6,14],[15,23,19,7,3,2,18,1,11,6,14],[7,11,19,23,3,18,2,17,1,15,6,14,10],[19,3,18,2,1,7,11,23,15,6,14]],"n_human":13}