{"problem_id":"1iDS8ZSWdkFE2Gz","sigma":150,"alpha":1.000,"cost":2,"probabilities":"[0.17, 0.09, 0.43, 0.31]","payoff_matrix":"[[-112, 11, -79, 188, -106, -93], [267, 154, 330, 274, -24, 160], [40, -83, -135, 110, -180, 55], [-9, 76, 285, -160, -184, 150]]","uncovered":[[15,3,7,11,19,23,24,16],[11,15,19,3,23,16,7,24],[19,3,7,15,11,23,24,16],[3,23,7,11,15,16,19,24],[19,3,23,7,11,15,24,16],[19,3,11,7,15,23,16,24],[23,7,15,24,16,11,3,19],[19,23,15,16,11,7,3,24],[19,15,11,7,3,23,16,24],[23,11,7,15,16,3,19,4,24],[15,23,16,7,19,11,3,24],[15,7,11,19,23,24,16,3],[11,15,23,16,19,7,3,4,24],[15,23,24,16,11,7,19,3],[15,3,23,24,16,19,7,11],[23,19,7,3,15,16,11,4,24],[11,3,23,19,7,15,16,24],[23,7,15,16,3,11,19,24],[11,3,7,19,23,15,16,4,24],[23,11,3,7,19,15,24,16],[3,23,19,11,15,24,16,7],[15,3,19,23,16,7,11,24],[23,7,19,15,16,3,11,24],[19,7,23,15,16,11,3,24],[23,7,3,15,16,11,19,4,24],[11,15,3,23,24,16,7,19],[7,19,3,23,11,15,16,24],[23,15,24,16,19,11,7,3],[3,19,11,23,15,16,7,24],[3,15,11,19,23,16,7,24],[15,3,23,24,16,7,11,19],[3,7,15,23,24,16,19,11],[7,15,3,19,11,23,16,24],[11,15,19,3,23,24,16,7],[15,23,24,16,3,7,19,11],[15,11,23,16,3,7,19,24],[15,23,16,3,7,11,19,4,24],[15,11,3,7,23,24,16,19],[11,19,23,3,7,15,24,16],[19,11,15,3,23,16,7,4,24],[7,15,23,24,16,19,11,3],[15,23,16,7,11,3,19,24],[7,19,15,23,24,16,3,11],[19,7,23,11,3,15,24,16],[15,19,7,23,16,11,3,4,24],[11,19,7,23,3,15,24,16],[3,19,23,7,11,15,24,16],[11,3,7,23,19,15,24,16],[23,11,19,15,24,16,7,3],[23,11,15,24,16,3,19,7],[3,19,11,7,15,23,16,4,24],[15,23,16,11,3,7,19,4,24],[23,7,15,16,3,19,11,24],[19,15,11,3,7,23,16,4,24],[19,3,23,15,16,11,7,24],[3,23,7,15,16,11,19,4,24],[19,23,7,3,11,15,16,4,24],[15,11,19,3,23,16,7,4,24],[19,23,3,11,7,15,16,24],[15,23,24,16,11,3,19,7],[15,7,11,3,19,23,24,16],[23,15,24,16,3,19,11,7],[19,3,7,15,23,16,11,4,24],[15,3,23,24,16,19,7,11],[11,7,23,19,15,16,3,4,24],[3,15,19,7,11,23,24,16],[15,11,19,7,3,23,24,16],[23,19,3,15,24,16,11,7],[3,15,7,23,24,16,19,11],[11,19,7,23,15,16,3,4,24],[3,11,15,19,7,23,16,4,24],[23,11,15,24,16,7,19,3],[11,7,15,19,3,23,24,16],[23,7,19,3,15,16,11,4,24],[15,7,23,16,3,19,11,4,24],[15,3,7,11,23,24,16,19],[15,7,3,19,23,16,11,4,24],[19,15,7,23,16,11,3,24],[7,15,11,23,16,19,3,24],[3,11,19,15,23,24,16,7],[23,19,3,11,15,16,7,4,24],[7,3,15,19,23,16,11,4,24],[3,15,11,23,24,16,7,19],[7,3,23,19,15,24,16,11],[15,23,24,16,19,7,11,3],[19,7,3,23,11,15,24,16],[15,23,16,19,3,11,7,4,24],[11,19,23,15,24,16,7,3],[19,23,11,7,15,24,16,3],[7,3,19,15,11,23,24,16],[19,11,7,3,15,23,16,4,24],[23,15,24,16,3,19,7,11],[19,3,7,15,11,23,24,16],[15,7,19,3,23,24,16,11],[15,11,7,19,23,16,3,24],[7,19,3,11,15,23,16,4,24],[11,23,19,7,15,16,3,24],[23,19,15,24,16,11,3,7],[7,15,19,23,24,16,3,11],[3,23,15,24,16,11,19,7],[7,11,19,3,15,23,24,16],[23,19,3,7,15,24,16,11],[11,15,19,23,16,3,7,4,24],[11,7,19,3,15,23,24,16],[15,11,19,3,7,23,24,16],[23,7,19,11,3,15,16,4,24],[7,3,19,23,11,15,16,4,24],[11,15,23,16,3,19,7,24],[3,7,19,23,15,24,16,11],[19,7,3,11,15,23,16,4,24],[7,23,11,19,3,15,24,16],[7,23,19,11,3,15,16,24],[15,3,23,16,11,19,7,4,24],[23,7,19,3,15,24,16,11],[7,15,19,11,23,24,16,3],[15,3,7,19,23,16,11,24],[3,15,23,24,16,19,11,7],[19,23,15,16,3,11,7,24],[7,15,19,3,23,16,11,4,24],[7,11,19,3,23,15,16,4,24],[11,19,15,3,23,16,7,4,24],[3,19,7,23,15,24,16,11],[15,11,23,16,3,19,7,24],[3,11,15,7,23,24,16,19],[11,23,7,3,19,15,16,4,24],[15,3,23,24,16,19,7,11],[19,7,15,23,24,16,3,11],[11,3,19,23,15,16,7,24],[11,19,7,23,15,16,3,4,24],[3,15,19,7,23,24,16,11],[3,7,15,11,23,24,16,19],[19,11,15,7,3,23,24,16],[3,15,7,23,16,19,11,24],[7,15,3,19,23,24,16,11],[3,11,23,7,15,16,19,4,24],[15,11,7,23,24,16,3,19],[3,11,23,19,15,16,7,24],[3,23,19,7,11,15,16,4,24],[19,7,15,23,16,3,11,4,24],[23,11,3,7,15,16,19,24],[15,3,19,11,23,24,16,7],[3,23,15,24,16,11,7,19],[19,3,15,23,16,7,11,4,24],[7,23,15,24,16,11,3,19],[11,7,19,23,3,15,16,24],[7,15,23,24,16,3,11,19],[15,23,24,16,11,7,19,3],[7,19,23,3,15,16,11,24],[7,15,23,16,3,19,11,24],[23,3,7,11,19,15,16,24],[11,3,7,23,15,16,19,24],[15,7,11,19,23,16,3,4,24],[23,19,11,3,7,15,24,16],[11,23,3,19,7,15,16,4,24],[23,19,7,3,15,16,11,24],[3,23,15,24,16,11,19,7],[15,23,16,7,11,19,3,24],[19,3,15,11,23,24,16,7],[11,15,3,19,23,16,7,24],[19,15,3,23,16,11,7,24],[3,23,15,24,16,19,11,7],[7,3,15,19,23,16,11,4,24],[11,3,15,19,23,24,16,7],[7,3,11,19,23,15,24,16],[23,3,7,11,19,15,24,16],[7,15,3,23,16,19,11,4,24],[23,11,7,15,24,16,19,3],[11,3,23,15,16,19,7,24],[15,7,11,3,23,16,19,24],[19,7,23,3,15,16,11,24],[3,19,15,23,24,16,7,11],[15,19,23,24,16,7,11,3],[23,7,15,24,16,19,3,11],[19,7,23,11,3,15,16,4,24],[7,11,15,23,16,3,19,24],[3,15,23,24,16,11,19,7],[11,3,23,15,16,19,7,24],[3,19,23,11,15,24,16,7],[7,11,15,23,16,19,3,4,24],[15,23,24,16,11,19,3,7],[11,7,15,19,23,16,3,4,24],[7,3,11,23,19,15,16,4,24],[7,19,3,15,11,23,16,24],[11,19,15,7,3,23,16,24],[15,7,19,23,16,11,3,24],[23,19,3,7,15,24,16,11],[23,15,16,11,19,7,3,4,24],[11,23,3,7,19,15,24,16],[7,3,11,19,15,23,24,16],[23,7,3,11,15,16,19,4,24],[11,7,23,15,16,19,3,4,24],[23,15,24,16,19,3,11,7],[19,23,7,11,3,15,16,24],[3,23,7,19,15,16,11,24],[11,3,19,23,7,15,24,16],[11,15,23,24,16,7,19,3],[3,23,15,16,7,11,19,24],[23,15,24,16,11,7,19,3],[19,15,3,23,16,7,11,24],[3,15,23,16,19,7,11,24],[19,3,23,11,15,24,16,7],[7,11,23,3,19,15,24,16],[19,7,23,11,15,24,16,3],[7,15,19,23,24,16,11,3],[19,3,15,7,23,16,11,4,24],[11,3,15,7,19,23,16,4,24],[7,11,19,3,15,23,16,24],[7,11,23,19,3,15,16,24],[3,7,15,23,24,16,19,11],[11,19,15,7,3,23,16,24],[7,3,23,11,15,24,16,19],[15,7,19,11,3,23,24,16],[19,15,7,23,16,11,3,4,24],[19,7,11,3,23,15,16,24],[15,19,11,23,24,16,7,3],[23,19,15,16,3,11,7,24],[7,23,19,15,24,16,11,3],[11,15,23,24,16,19,3,7],[3,19,23,15,16,11,7,4,24],[3,15,11,7,19,23,24,16],[15,7,19,11,3,23,24,16],[11,3,15,23,16,7,19,24],[19,23,11,15,16,7,3,4,24],[19,23,3,7,11,15,24,16],[23,7,11,15,16,3,19,24,4],[23,3,11,19,7,15,16,4,24],[11,19,15,3,23,24,16,7],[23,11,15,16,19,3,7,4,24],[11,3,23,7,19,15,16,4,24],[15,7,3,19,23,16,11,24],[7,19,15,11,3,23,24,16],[19,23,7,3,11,15,16,4,24],[11,19,15,3,23,24,16,7],[23,3,11,7,19,15,16,4,24],[23,19,3,15,16,7,11,4,24],[15,3,19,23,24,16,7,11],[15,11,3,19,7,23,16,24],[23,11,3,15,16,7,19,24],[19,23,11,7,15,24,16,3],[7,15,11,3,19,23,24,16],[3,11,23,15,24,16,19,7],[3,15,7,23,16,19,11,4,24],[3,19,11,23,15,16,7,4,24],[3,7,23,19,11,15,24,16],[7,3,11,19,15,23,24,16],[23,7,15,24,16,19,11,3],[23,3,15,16,11,19,7,24],[3,11,15,19,23,24,16,7],[3,19,15,7,23,24,16,11],[23,7,19,15,16,11,3,24],[19,23,3,11,7,15,24,16],[23,19,11,7,3,15,24,16],[3,19,15,11,7,23,24,16],[19,15,23,16,7,3,11,24],[23,7,19,11,3,15,16,4,24],[3,11,7,23,19,15,24,16],[15,11,3,19,23,16,7,24],[7,15,3,23,24,16,11,19],[3,19,23,11,15,24,16,7],[15,7,19,11,3,23,24,16],[11,3,7,19,23,15,24,16],[7,3,15,19,23,24,16,11],[15,23,24,16,19,11,3,7],[11,3,23,7,19,15,24,16],[11,3,7,23,19,15,24,16],[3,11,23,19,7,15,24,16],[7,23,19,11,3,15,24,16],[15,11,7,3,23,16,19,4,24],[7,11,3,19,15,23,16,24],[19,15,7,11,23,24,16,3],[11,15,23,24,16,3,19,7],[3,19,7,23,11,15,16,24],[23,11,3,19,7,15,24,16],[19,23,3,7,11,15,16,4,24],[23,3,7,11,19,15,16,4,24],[23,15,16,3,11,19,7,4,24],[23,3,11,15,24,16,19,7],[15,19,7,23,24,16,11,3],[7,23,11,19,15,16,3,4,24],[19,3,15,7,11,23,16,4,24],[15,23,24,16,7,3,19,11],[11,3,19,15,23,24,16,7],[15,23,24,16,19,3,11,7],[11,23,3,19,15,16,7,4,24],[11,3,15,23,24,16,19,7],[7,15,11,19,3,23,24,16],[19,23,11,7,3,15,16,24],[3,15,7,11,23,24,16,19],[23,19,11,3,7,15,24,16],[11,19,7,3,23,15,24,16],[11,7,19,23,3,15,16,24],[3,11,7,15,19,23,24,16],[11,23,19,15,16,3,7,4,24],[23,15,16,11,7,3,19,24],[7,15,11,23,16,19,3,4,24],[19,11,3,7,23,15,16,24],[11,3,19,23,7,15,24,16],[23,7,3,19,15,24,16,11],[3,19,23,7,15,16,11,24],[7,19,3,15,23,16,11,4,24],[15,3,11,7,19,23,24,16],[15,23,24,16,11,3,7,19],[7,19,11,23,3,15,24,16],[15,19,23,16,3,7,11,4,24],[15,7,19,11,3,23,16,4,24],[19,7,3,11,23,15,16,24],[3,23,11,15,16,19,7,4,24],[23,3,19,11,15,24,16,7],[7,23,19,15,24,16,3,11],[11,15,23,16,19,3,7,24],[11,3,19,15,7,23,24,16],[7,23,11,19,3,15,24,16],[11,7,19,23,3,15,16,4,24],[15,23,16,3,7,19,11,4,24],[23,11,19,15,24,16,7,3],[11,3,7,19,23,15,24,16],[23,19,3,11,15,16,7,24],[19,7,3,11,23,15,16,4,24],[23,11,3,19,7,15,16,24],[7,23,3,11,15,16,19,24],[19,23,15,24,16,7,11,3],[23,7,11,19,3,15,24,16],[7,19,15,3,23,24,16,11],[19,7,11,3,23,15,24,16],[7,11,15,19,3,23,16,4,24],[7,19,11,23,3,15,16,4,24],[23,11,15,16,19,3,7,24],[23,7,15,24,16,3,11,19],[11,19,15,23,16,3,7,4,24],[11,15,23,24,16,19,7,3],[15,23,24,16,3,11,19,7],[7,19,23,11,3,15,16,24],[15,11,23,16,7,19,3,4,24],[23,11,19,3,7,15,24,16],[11,23,15,24,16,7,3,19],[19,15,23,16,3,7,11,24],[23,3,15,16,11,7,19,4,24],[23,3,7,19,11,15,16,24],[19,7,23,15,16,3,11,4,24],[7,11,23,19,15,24,16,3],[19,23,7,11,15,24,16,3],[15,23,16,19,3,11,7,24],[11,23,7,19,3,15,24,16],[7,19,3,15,11,23,16,4,24],[7,3,19,15,23,24,16,11],[19,3,7,23,11,15,16,4,24],[7,15,19,11,3,23,24,16],[11,23,15,24,16,7,3,19],[19,7,15,11,3,23,16,24],[7,11,3,19,15,23,16,4,24],[23,11,19,3,15,24,16,7],[19,7,3,15,11,23,24,16],[15,19,3,7,11,23,16,24],[19,7,23,11,3,15,24,16],[15,11,19,7,3,23,16,4,24],[11,3,7,23,19,15,16,24],[15,3,7,19,23,24,16,11],[23,7,11,19,15,24,16,3],[11,7,3,15,19,23,24,16],[11,7,23,15,24,16,3,19],[15,11,7,23,16,19,3,4,24],[3,19,23,15,24,16,7,11],[19,15,3,23,24,16,7,11],[15,11,3,7,19,23,24,16],[23,3,19,7,15,24,16,11],[23,15,24,16,11,7,19,3],[11,23,3,15,24,16,19,7],[19,23,11,7,15,16,3,4,24],[15,11,19,7,3,23,16,4,24],[19,3,15,7,11,23,24,16],[23,15,16,19,11,7,3,4,24],[3,23,11,15,16,19,7,24],[19,23,7,15,24,16,3,11],[23,19,7,15,24,16,3,11],[19,7,23,11,3,15,16,4,24],[15,3,23,16,7,11,19,4,24],[15,19,7,3,23,16,11,24],[11,3,7,23,19,15,24,16],[15,11,19,7,3,23,16,4,24],[11,19,15,3,7,23,24,16],[11,7,3,19,15,23,24,16],[7,15,23,24,16,11,3,19],[23,11,15,16,7,19,3,4,24],[23,3,11,19,15,24,16,7],[11,23,19,3,7,15,24,16],[3,15,11,7,23,16,19,4,24],[11,19,7,15,23,16,3,4,24],[19,3,23,11,7,15,24,16],[15,19,11,7,23,16,3,4,24],[23,3,15,24,16,11,7,19],[7,11,3,19,23,15,24,16],[15,11,7,3,19,23,16,4,24],[23,19,3,15,16,11,7,24],[15,3,11,23,16,7,19,24],[3,11,19,23,15,16,7,4,24],[19,7,23,3,11,15,24,16],[15,3,19,7,23,24,16,11],[7,3,11,15,23,24,16,19],[3,15,19,23,24,16,11,7],[11,7,3,15,23,24,16,19],[3,15,23,16,11,19,7,4,24],[15,7,23,16,19,3,11,4,24],[7,23,11,3,19,15,24,16],[3,11,7,15,23,16,19,4,24],[11,23,19,7,15,16,3,4,24],[23,7,19,11,3,15,24,16],[7,19,15,3,23,16,11,24],[7,3,11,15,19,23,24,16],[19,11,15,23,24,16,3,7],[3,15,11,23,24,16,7,19],[11,15,3,23,24,16,7,19],[11,3,15,23,24,16,7,19],[7,19,3,15,23,16,11,24,4],[19,23,7,15,16,11,3,24],[3,23,7,11,19,15,24,16],[15,3,11,19,23,24,16,7],[3,15,7,11,19,23,16,24],[3,23,11,7,19,15,16,4,24],[23,3,11,19,15,24,16,7],[7,23,19,11,15,24,16,3],[15,3,11,19,7,23,16,4,24],[7,15,23,16,11,3,19,24],[3,11,7,23,19,15,24,16],[11,15,3,7,19,23,24,16],[23,15,24,16,19,11,7,3],[11,15,19,7,23,24,16,3],[19,11,23,7,3,15,16,24],[23,19,3,7,15,24,16,11],[3,23,15,16,7,19,11,4,24],[23,7,19,11,15,24,16,3],[15,7,11,23,16,19,3,24],[15,19,23,24,16,7,11,3],[15,11,7,23,16,3,19,4,24],[11,7,3,23,19,15,24,16],[3,11,7,23,15,24,16,19],[15,7,3,11,23,16,19,24],[11,23,19,7,15,24,16,3],[11,15,23,24,16,3,7,19],[19,7,23,11,15,16,3,24],[11,23,19,15,24,16,7,3],[11,15,7,23,24,16,19,3],[23,19,15,16,3,11,7,4,24],[15,11,23,24,16,19,3,7],[3,7,19,15,23,16,11,24],[15,23,16,19,11,3,7,24],[23,7,11,19,3,15,16,4,24],[15,19,3,7,11,23,24,16],[11,15,7,3,23,16,19,24],[19,7,23,11,15,24,16,3],[7,3,11,19,15,23,16,4,24],[23,19,3,11,15,16,7,24],[23,15,16,11,19,7,3,24],[15,7,19,23,24,16,11,3],[11,19,15,23,24,16,3,7],[23,11,19,3,15,24,16,7],[7,11,23,3,19,15,16,4,24],[7,19,15,11,23,16,3,24],[23,3,7,19,15,24,16,11],[7,3,11,15,23,24,16,19],[3,15,7,11,19,23,16,24],[19,23,15,16,3,7,11,24],[15,11,23,16,3,7,19,4,24],[19,3,23,11,15,16,7,24],[15,3,19,23,16,7,11,4,24],[3,11,15,23,24,16,7,19],[15,11,19,3,7,23,16,4,24],[11,19,3,15,23,24,16,7],[11,3,7,19,23,15,24,16],[19,23,3,15,24,16,11,7],[3,15,11,23,24,16,19,7],[7,15,3,11,23,24,16,19],[19,11,15,23,24,16,3,7],[3,7,19,23,15,24,16,11],[7,23,19,15,16,11,3,24],[19,11,3,15,7,23,16,4,24],[19,23,3,7,15,16,11,24],[19,23,7,15,16,3,11,4,24],[23,19,15,24,16,3,7,11],[15,23,24,16,19,7,3,11],[23,7,15,24,16,19,3,11],[11,7,23,3,15,24,16,19],[3,11,15,19,23,16,7,24],[15,19,7,11,3,23,16,24],[3,15,19,11,23,24,16,7],[3,15,23,16,7,19,11,24],[23,19,3,15,16,7,11,4,24],[11,15,3,19,23,16,7,24],[3,11,7,19,15,23,16,4,24],[15,3,7,11,19,23,24,16],[3,23,7,15,16,11,19,4,24],[19,7,3,11,23,15,24,16],[3,15,11,23,16,7,19,24],[3,11,23,19,15,16,7,24],[15,19,7,23,16,3,11,4,24],[19,11,7,3,23,15,24,16],[23,15,16,7,19,11,3,4,24],[3,7,11,19,23,15,24,16],[3,7,19,11,23,15,24,16],[23,7,15,24,16,11,19,3],[19,23,15,16,7,3,11,4,24],[11,23,3,15,24,16,7,19],[7,15,3,23,16,19,11,24],[11,3,19,7,15,23,16,24],[15,3,11,19,7,23,24,16],[11,3,19,23,7,15,24,16],[11,3,19,7,15,23,16,4,24],[23,7,3,11,19,15,16,24],[23,11,19,15,16,3,7,24],[15,11,19,7,3,23,24,16],[23,3,11,15,24,16,7,19],[3,23,7,11,19,15,24,16],[7,15,19,3,23,16,11,24],[3,23,11,15,24,16,7,19],[23,7,11,15,16,3,19,4,24],[11,3,23,7,19,15,16,4,24],[11,19,23,15,16,3,7,24],[15,11,23,24,16,3,19,7],[11,15,19,3,23,24,16,7],[7,11,19,23,3,15,24,16],[3,11,23,7,19,15,16,24],[11,19,15,23,16,3,7,4,24],[23,7,15,24,16,3,11,19],[3,11,7,19,23,15,16,24],[11,19,3,7,23,15,24,16],[19,23,11,15,16,3,7,24],[11,7,3,15,23,16,19,4,24],[23,19,15,16,7,3,11,24],[11,15,7,19,3,23,16,24],[23,19,7,11,15,16,3,24],[11,23,19,7,15,16,3,24],[19,3,23,7,11,15,24,16],[11,19,23,15,24,16,3,7],[3,19,11,15,23,16,7,4,24],[15,3,23,16,11,7,19,4,24],[15,7,11,3,19,23,24,16],[3,23,11,19,7,15,24,16],[3,23,7,15,24,16,19,11],[15,3,7,23,16,11,19,24],[7,19,15,11,23,24,16,3],[19,15,7,3,11,23,16,4,24],[23,11,3,19,7,15,24,16],[11,19,15,3,23,16,7,24],[15,11,3,23,24,16,19,7],[19,23,15,16,7,11,3,4,24],[11,15,19,7,3,23,16,24],[11,19,3,15,23,16,7,4,24],[11,19,15,7,3,23,24,16],[3,7,19,23,15,24,16,11],[7,15,23,16,3,11,19,24],[15,19,7,23,24,16,3,11],[15,11,3,7,23,24,16,19],[23,19,3,15,24,16,7,11],[15,19,3,11,7,23,24,16],[3,15,11,19,7,23,16,4,24],[23,7,3,19,11,15,24,16],[7,11,23,19,15,16,3,24],[15,3,7,23,16,19,11,24],[7,19,23,11,3,15,16,4,24],[23,11,19,7,15,24,16,3],[23,3,19,7,15,16,11,24],[19,3,15,7,23,16,11,4,24],[3,7,23,11,19,15,16,4,24],[3,11,15,7,23,16,19,24],[7,3,23,11,19,15,16,24],[11,3,7,23,19,15,16,4,24],[7,15,3,19,23,24,16,11],[3,19,23,11,15,16,7,24],[3,7,23,15,24,16,11,19],[11,15,23,16,7,19,3,24],[23,15,24,16,3,7,19,11],[7,19,15,3,23,24,16,11],[7,19,3,23,15,24,16,11],[23,3,11,19,7,15,16,4,24],[19,15,23,24,16,3,11,7],[3,7,15,19,11,23,16,4,24],[15,11,19,23,16,3,7,4,24],[7,23,15,16,3,19,11,4,24],[23,15,24,16,11,19,3,7],[19,3,23,11,15,16,7,24],[19,23,3,7,11,15,16,24],[23,19,11,7,15,16,3,4,24],[3,11,19,15,7,23,24,16],[11,7,23,3,15,24,16,19],[3,11,23,19,15,16,7,24],[19,7,11,23,3,15,24,16],[3,11,7,19,23,15,16,4,24],[3,23,11,15,24,16,7,19],[23,7,15,24,16,3,19,11],[11,19,23,3,7,15,24,16],[15,11,19,3,23,24,16,7],[11,3,19,23,15,16,7,4,24],[15,19,7,3,23,16,11,4,24],[11,7,15,23,24,16,3,19],[3,15,19,23,16,7,11,4,24],[11,7,3,15,23,16,19,4,24],[3,11,23,19,7,15,24,16],[19,3,7,23,15,24,16,11],[7,19,23,15,24,16,11,3],[11,15,3,7,19,23,16,4,24],[7,23,19,15,16,11,3,4,24],[7,23,11,3,15,24,16,19],[15,7,3,11,23,24,16,19],[7,15,23,24,16,11,19,3],[7,11,15,19,23,16,3,4,24],[11,3,19,7,15,23,24,16],[11,7,15,23,24,16,19,3],[19,23,3,7,15,24,16,11],[7,19,15,11,3,23,16,24],[11,19,3,23,15,16,7,4,24],[3,7,15,23,16,11,19,24],[15,3,19,11,23,16,7,24],[11,23,3,15,16,7,19,24],[7,11,19,3,23,15,16,24],[23,15,16,19,3,7,11,4,24],[7,23,3,19,11,15,16,4,24],[15,7,23,16,3,11,19,24],[19,15,11,7,23,24,16,3],[15,19,23,16,11,3,7,4,24],[3,19,7,15,23,24,16,11],[19,7,15,11,23,24,16,3],[3,15,11,23,16,7,19,4,24],[3,7,11,23,15,24,16,19],[15,23,16,3,11,19,7,24],[15,7,23,16,3,11,19,24],[23,19,11,7,3,15,24,16],[19,3,23,7,11,15,16,24],[19,23,7,11,3,15,16,24],[3,23,15,16,7,11,19,4,24],[7,19,15,23,16,3,11,24],[7,23,19,11,15,24,16,3],[3,7,19,15,23,24,16,11],[3,23,7,11,19,15,24,16],[15,3,11,23,16,7,19,4,24],[3,11,15,23,24,16,7,19],[23,7,19,15,16,3,11,4,24],[11,15,7,19,23,16,3,4,24],[15,19,23,16,11,7,3,4,24],[19,11,3,7,23,15,16,4,24],[23,15,16,11,3,19,7,4,24],[15,3,19,11,23,24,16,7],[19,3,15,7,23,16,11,24],[15,11,7,19,3,23,24,16],[7,15,19,11,23,24,16,3],[7,19,23,15,16,11,3,24],[3,11,23,15,16,19,7,4,24],[11,3,19,15,23,24,16,7],[19,7,3,15,11,23,24,16],[15,19,11,23,24,16,7,3],[11,15,23,24,16,3,7,19],[23,15,16,7,3,11,19,24],[7,3,15,19,11,23,16,24],[7,3,19,11,23,15,16,24],[23,15,24,16,7,11,19,3],[23,19,7,15,16,3,11,24],[23,11,3,15,24,16,7,19],[23,19,7,11,15,24,16,3],[15,23,24,16,7,11,19,3],[23,15,24,16,19,3,11,7],[15,23,16,3,11,19,7,4,24],[7,19,3,15,11,23,16,4,24],[15,3,23,24,16,19,11,7],[3,19,23,15,16,7,11,4,24],[7,23,19,15,24,16,11,3],[23,15,16,7,3,19,11,24],[11,23,15,24,16,7,19,3],[19,7,3,15,11,23,24,16],[11,7,3,15,23,24,16,19],[3,11,7,23,19,15,16,24],[3,23,19,15,24,16,11,7],[11,3,15,19,23,24,16,7],[11,23,15,16,19,7,3,24],[7,23,3,19,15,24,16,11],[3,15,23,16,11,7,19,4,24],[11,15,3,23,16,7,19,4,24],[11,15,7,3,23,16,19,24],[11,15,7,19,3,23,16,4,24],[7,11,19,3,15,23,16,24],[19,23,11,15,16,7,3,4,24],[7,11,23,15,16,3,19,4,24],[3,7,15,11,23,16,19,4,24],[15,11,3,7,19,23,24,16],[23,11,15,24,16,3,19,7],[11,7,3,19,15,23,24,16],[7,11,15,3,19,23,24,16],[19,11,15,3,23,24,16,7],[7,11,23,15,24,16,3,19],[15,19,11,7,3,23,24,16],[11,3,15,19,23,24,16,7],[19,3,15,23,16,11,7,24],[7,3,19,23,11,15,16,4,24],[19,23,11,3,15,16,7,4,24],[3,23,19,15,16,7,11,24],[23,15,16,19,7,3,11,4,24],[11,15,23,24,16,3,7,19],[3,7,19,15,11,23,16,24],[19,3,7,11,15,23,24,16],[11,3,15,19,7,23,24,16],[11,3,23,15,24,16,19,7],[23,15,16,11,3,7,19,24],[3,19,15,11,7,23,16,4,24],[23,15,16,19,3,7,11,24],[15,23,16,19,7,11,3,4,24],[3,11,7,23,19,15,16,4,24],[15,7,3,11,23,16,19,4,24],[3,19,7,23,11,15,16,24],[15,3,23,24,16,19,7,11],[3,19,7,23,15,24,16,11],[3,7,11,19,15,23,16,24],[3,7,11,19,15,23,16,24],[19,23,11,15,24,16,3,7],[11,3,19,7,15,23,16,4,24],[19,3,15,7,11,23,16,4,24],[11,7,15,23,24,16,19,3],[7,23,15,16,11,19,3,4,24],[23,19,3,15,16,7,11,24],[19,15,3,7,23,24,16,11],[3,15,19,7,11,23,16,24],[19,7,11,23,3,15,24,16],[11,15,7,19,23,16,3,24],[15,3,19,11,23,24,16,7],[7,15,23,16,3,11,19,4,24],[23,3,19,11,7,15,16,4,24],[11,3,7,15,19,23,16,24],[3,11,7,19,15,23,24,16],[19,3,15,7,11,23,16,4,24],[23,11,3,19,7,15,16,24],[23,19,11,15,16,7,3,4,24],[3,15,7,23,16,11,19,24],[23,3,7,19,15,16,11,24],[11,19,15,23,16,7,3,4,24],[23,3,15,16,7,11,19,4,24],[19,15,3,11,23,24,16,7],[3,7,19,23,15,16,11,24],[7,11,23,3,15,24,16,19],[11,3,19,15,23,24,16,7],[7,15,3,11,19,23,24,16],[7,19,3,23,11,15,24,16],[11,19,3,7,23,15,16,4,24],[7,3,11,19,23,15,16,24],[19,11,3,7,15,23,24,16],[11,19,15,23,16,3,7,24],[23,7,15,16,19,11,3,24],[15,11,7,3,19,23,24,16],[3,7,19,15,11,23,16,4,24],[11,7,15,23,16,19,3,24],[11,7,19,15,3,23,24,16],[7,3,15,23,16,11,19,4,24],[23,11,15,24,16,3,7,19],[7,3,23,15,16,11,19,4,24],[11,23,7,3,19,15,16,24],[11,23,15,24,16,19,7,3],[11,3,15,23,16,7,19,4,24],[7,3,15,19,23,16,11,24],[7,15,23,24,16,3,11,19],[3,19,11,23,7,15,16,24],[7,15,19,23,24,16,11,3],[15,7,23,24,16,11,3,19],[3,19,23,15,16,11,7,24],[15,11,7,19,3,23,24,16],[15,19,23,24,16,7,11,3],[23,11,15,24,16,7,19,3],[15,19,23,16,11,7,3,4,24],[11,3,7,15,23,16,19,4,24],[23,3,7,19,15,16,11,24],[15,11,3,19,7,23,16,24],[19,11,23,3,15,16,7,24],[23,3,11,19,7,15,16,4,24],[11,3,15,19,23,24,16,7],[11,23,3,7,19,15,16,24],[15,23,24,16,19,3,7,11],[19,23,7,3,11,15,16,24],[7,15,3,19,23,24,16,11],[3,11,19,15,23,24,16,7],[19,23,3,7,15,24,16,11],[23,3,7,19,11,15,16,24],[11,23,3,15,24,16,7,19],[3,23,11,7,19,15,24,16],[19,23,3,11,15,16,7,24],[7,19,23,15,16,3,11,4,24],[15,23,16,7,3,11,19,4,24],[11,23,19,7,15,24,16,3],[7,23,11,19,3,15,24,16],[23,19,15,24,16,11,7,3],[3,7,23,19,11,15,16,24],[7,19,23,3,11,15,24,16],[3,11,15,7,19,23,24,16],[15,11,3,7,23,24,16,19],[11,23,15,16,3,7,19,4,24],[7,11,19,3,23,15,24,16],[7,11,3,23,19,15,16,4,24],[3,7,11,15,23,24,16,19],[23,19,7,15,24,16,3,11],[23,3,15,16,11,7,19,4,24],[23,11,7,15,16,3,19,4,24],[15,3,11,7,19,23,24,16],[11,15,23,16,3,7,19,24],[3,23,15,16,11,19,7,24],[15,19,23,24,16,3,7,11],[15,7,11,3,23,24,16,19],[7,11,3,15,23,16,19,4,24],[23,19,3,15,24,16,11,7],[11,19,7,3,23,15,24,16],[11,19,3,7,23,15,16,24],[7,19,23,15,16,11,3,4,24],[11,23,15,16,7,3,19,24],[15,19,7,11,23,24,16,3],[19,15,7,3,23,24,16,11],[7,11,15,19,3,23,16,4,24],[3,15,11,7,19,23,16,24],[15,23,24,16,19,3,11,7],[11,7,23,15,24,16,19,3],[15,7,19,11,23,24,16,3],[15,7,3,23,24,16,19,11],[19,3,11,23,7,15,16,24],[3,11,19,15,7,23,24,16],[19,15,3,23,16,11,7,24],[15,3,11,7,23,24,16,19],[7,11,3,19,15,23,24,16],[7,23,11,15,16,3,19,24],[7,3,23,11,15,16,19,4,24],[3,19,11,15,23,16,7,24],[3,7,11,23,19,15,16,24],[19,7,23,15,24,16,3,11],[11,19,23,7,15,16,3,4,24],[23,19,11,15,24,16,7,3],[7,3,11,15,19,23,16,4,24],[11,7,23,15,24,16,19,3],[7,3,19,23,11,15,24,16],[19,7,15,11,23,24,16,3],[23,3,15,16,19,7,11,24],[7,15,11,23,24,16,3,19],[15,23,24,16,19,11,3,7],[7,3,15,19,11,23,16,24],[3,19,7,23,11,15,16,4,24],[15,11,7,23,16,3,19,4,24],[3,19,15,11,7,23,16,4,24],[19,23,15,24,16,3,11,7],[3,19,7,23,15,24,16,11],[7,11,19,15,3,23,16,4,24],[11,15,3,7,23,24,16,19],[3,19,15,11,23,16,7,4,24],[23,19,3,11,15,24,16,7],[3,7,23,11,19,15,16,4,24],[3,11,19,23,7,15,24,16],[23,15,16,19,11,3,7,4,24],[7,23,3,11,19,15,24,16],[23,11,15,24,16,7,3,19],[19,23,11,3,7,15,24,16],[7,15,23,16,11,19,3,4,24],[3,23,11,15,24,16,19,7],[11,19,23,7,15,16,3,24],[19,15,7,3,11,23,16,24],[15,23,16,7,11,19,3,24],[3,19,11,15,23,24,16,7],[19,15,3,7,11,23,16,24],[19,23,3,15,16,11,7,4,24],[23,3,11,15,24,16,7,19],[19,23,3,11,15,24,16,7],[11,23,3,15,24,16,7,19],[23,3,15,24,16,11,19,7],[19,11,3,15,23,24,16,7],[19,3,15,7,11,23,24,16],[15,11,19,23,16,7,3,4,24],[23,11,15,24,16,19,3,7],[3,23,11,7,19,15,16,24],[19,7,23,3,15,16,11,24],[23,3,15,24,16,7,19,11],[3,15,11,7,19,23,24,16],[15,3,19,23,16,11,7,4,24],[3,23,11,7,15,16,19,24],[11,15,7,23,24,16,19,3],[15,7,19,11,3,23,24,16],[23,11,15,24,16,3,7,19],[7,23,15,24,16,11,3,19],[15,19,7,23,16,3,11,24],[11,15,19,3,7,23,16,24],[19,11,3,23,15,16,7,24],[3,7,11,15,19,23,24,16],[7,3,19,11,23,15,16,24],[3,23,11,15,24,16,7,19],[23,15,24,16,3,11,19,7],[3,15,19,23,16,7,11,24],[15,7,19,11,3,23,16,24],[7,23,15,24,16,19,3,11],[15,7,23,16,19,3,11,4,24],[7,15,23,16,3,19,11,4,24],[23,7,3,15,16,19,11,4,24],[3,7,23,11,15,16,19,24],[15,11,7,23,24,16,3,19],[11,3,15,7,19,23,16,4,24],[23,11,3,15,24,16,7,19],[23,15,16,7,3,11,19,24],[7,23,3,11,19,15,16,24],[23,15,24,16,3,11,7,19],[15,3,23,16,7,19,11,24],[7,3,11,15,23,16,19,4,24],[15,19,7,11,3,23,16,24],[19,11,23,3,15,16,7,4,24],[15,7,3,23,16,19,11,24],[3,15,11,7,23,24,16,19],[11,7,23,15,24,16,19,3],[7,3,11,19,23,15,16,4,24],[19,23,3,15,24,16,11,7],[15,3,7,11,19,23,24,16],[11,15,23,16,19,3,7,4,24],[23,15,24,16,3,19,7,11],[3,7,19,23,15,16,11,4,24],[23,11,3,7,15,16,19,24],[19,15,23,24,16,11,7,3],[7,23,15,16,19,3,11,4,24],[23,19,7,11,15,24,16,3],[19,11,23,7,3,15,16,24],[7,3,23,15,16,19,11,4,24],[11,23,15,16,19,7,3,24],[3,15,23,24,16,19,7,11],[15,3,7,11,23,24,16,19],[7,23,15,24,16,3,11,19],[11,19,23,15,24,16,3,7],[19,23,15,16,11,3,7,24],[23,3,19,7,11,15,16,24],[3,23,7,11,15,24,16,19],[3,11,15,7,19,23,24,16],[3,11,23,7,19,15,24,16],[15,19,3,11,7,23,24,16],[7,23,19,11,15,24,16,3],[11,15,19,3,23,16,7,24],[19,3,23,15,16,7,11,24],[15,11,23,24,16,19,3,7],[11,3,19,15,7,23,16,4,24],[3,7,19,11,15,23,16,4,24],[23,19,11,7,15,16,3,24],[11,3,15,23,16,19,7,24],[15,3,23,24,16,11,19,7],[15,7,11,23,16,3,19,4,24],[11,3,19,23,7,15,24,16],[15,7,19,23,16,11,3,24],[19,11,15,7,23,16,3,4,24],[15,23,24,16,3,7,19,11],[15,3,7,19,11,23,24,16],[3,15,19,11,7,23,16,4,24],[15,23,24,16,3,19,11,7],[15,11,3,23,24,16,7,19],[15,23,16,19,11,3,7,4,24],[23,15,24,16,7,11,19,3],[15,23,16,11,7,19,3,4,24],[7,19,23,15,24,16,3,11],[23,15,16,19,11,7,3,24],[19,3,23,7,11,15,16,24],[7,19,15,23,16,11,3,4,24],[19,23,7,15,16,11,3,4,24],[7,11,3,15,19,23,24,16],[23,19,7,3,11,15,24,16],[19,15,23,16,7,3,11,24],[11,15,7,3,19,23,24,16],[7,19,23,3,11,15,24,16],[15,3,19,23,24,16,7,11],[7,19,15,3,23,24,16,11],[23,19,7,11,3,15,16,4,24],[23,3,15,24,16,11,19,7],[3,23,11,7,19,15,16,4,24],[3,15,19,11,7,23,24,16],[15,11,19,3,7,23,16,4,24],[7,15,19,11,23,16,3,24],[7,23,11,3,19,15,16,24],[19,23,15,24,16,7,11,3],[15,19,3,7,11,23,24,16],[19,3,15,23,16,11,7,24],[23,7,19,15,24,16,3,11],[23,7,11,19,15,16,3,24],[23,3,19,11,15,16,7,24],[3,7,19,11,15,23,24,16],[11,23,19,7,3,15,16,24],[23,3,11,7,15,24,16,19],[19,15,11,7,23,24,16,3],[3,7,19,11,23,15,24,16],[19,23,7,15,16,3,11,24],[19,7,3,15,11,23,16,24],[23,11,19,7,15,24,16,3],[7,11,15,19,3,23,24,16],[3,15,11,23,24,16,7,19],[23,3,7,11,19,15,24,16],[11,23,15,16,19,7,3,4,24],[3,19,11,7,15,23,16,4,24],[15,3,7,23,16,19,11,4,24],[7,3,11,23,15,24,16,19],[23,3,7,15,16,19,11,24],[15,11,3,23,24,16,19,7],[7,11,23,3,19,15,16,24],[19,23,15,16,11,7,3,4,24],[15,7,19,11,23,24,16,3],[19,7,23,3,11,15,16,24],[11,7,23,19,15,24,16,3],[23,15,24,16,19,3,11,7],[19,3,15,11,23,16,7,4,24],[7,23,3,15,24,16,11,19],[15,11,7,19,3,23,24,16],[23,19,15,24,16,7,3,11],[23,3,19,15,24,16,7,11],[11,23,19,7,3,15,16,24],[23,19,15,24,16,7,3,11]],"n_human":9}