{"problem_id":"1uGtHLpfCC3GwbQ","sigma":150,"alpha":1.000,"cost":0,"probabilities":"[0.22, 0.19, 0.2, 0.39]","payoff_matrix":"[[111, -260, -64, 15, -241, -146], [-47, -195, -99, -23, -2, 162], [-216, 126, 88, 87, 46, -10], [19, 76, -151, -4, -47, 202]]","uncovered":[[12,16,8,24,20,4,21,5,1,23,3,13,15,14,22],[4,20,16,8,24,12,5,21,1,3,13,15,23,22],[20,4,24,16,8,12,5,1,21,3,13,23,15,14,22],[16,20,4,24,8,12,21,5,1,3,13,23,15,14,22],[4,8,20,16,12,24,21,5,1,3,13,23,15,14,22],[4,12,20,24,8,16,21,5,1,3,13,23,15,14,22],[4,24,8,12,20,16,5,21,1,23,3,13,15,14,22],[8,12,16,24,20,4,21,5,1,23,3,13,15,22],[24,12,4,8,16,20,21,5,1,3,13,15,23,22],[12,20,16,4,8,24,21,5,1,3,13,23,15,14,22],[20,4,24,16,8,12,21,5,1,23,3,13,15,14,22],[4,20,16,24,8,12,21,5,1,23,3,13,15,14,22],[4,24,20,8,16,12,5,21,1,3,13,15,23,14,22],[8,20,24,4,16,12,21,5,1,23,3,13,15,14,22],[20,24,12,16,4,8,5,21,1,3,13,23,15,22],[4,16,24,20,8,12,21,5,1,23,3,13,15,22],[12,16,4,20,24,8,21,5,1,23,3,13,15,22],[24,4,16,20,12,8,5,1,21,23,3,13,15,14,22],[24,12,20,16,4,8,21,5,1,3,13,23,15,14,22],[4,8,12,16,24,20,21,5,1,23,3,13,15,14,22],[4,20,24,16,12,8,21,5,1,3,13,15,23,14,22],[20,12,16,8,4,24,21,5,1,3,13,23,15,14,22],[8,12,16,4,24,20,5,1,21,23,3,13,15,14,22],[20,8,24,16,4,12,21,5,1,23,3,13,15,14,22],[4,12,20,16,24,8,21,5,1,23,3,13,15,14,22],[8,16,4,12,20,24,21,5,1,23,3,13,15,14,22],[12,16,20,8,4,24,5,1,21,3,13,23,15,14,22],[20,8,12,24,4,16,21,5,1,23,3,13,15,22],[24,4,8,20,16,12,5,21,1,3,13,15,23,22],[16,4,8,20,24,12,5,1,21,3,13,15,23,22],[12,20,24,16,4,8,21,5,1,3,13,23,15,14,22],[12,8,24,4,20,16,5,21,1,3,13,23,15,14,22],[12,4,20,16,24,8,21,5,1,3,13,23,15,14,22],[8,12,4,24,20,16,5,21,1,23,3,13,15,14,22],[20,4,12,16,8,24,21,5,1,23,3,13,15,14,22],[16,12,24,8,4,20,5,21,1,23,3,13,15,14,22],[20,4,24,8,12,16,5,1,21,3,13,15,23,22],[20,8,16,4,12,24,21,5,1,3,13,23,15,22],[20,8,12,4,16,24,21,5,1,3,13,23,15,22],[8,4,16,12,24,20,5,21,1,3,13,15,23,22],[24,4,8,20,12,16,5,1,21,3,13,15,23,14,22],[4,24,8,16,12,20,21,5,1,3,13,15,23,22],[16,4,20,24,12,8,21,5,1,23,3,13,15,22],[24,16,8,12,4,20,21,5,1,3,13,23,15,14,22],[8,12,16,24,20,4,21,5,1,23,3,13,15,22],[8,16,4,20,24,12,21,5,1,3,13,23,15,22],[24,12,4,16,8,20,5,1,21,23,3,13,15,14,22],[4,8,24,20,16,12,21,5,1,3,13,15,23,22],[20,24,4,8,16,12,5,1,21,3,13,15,23,22],[24,16,12,4,20,8,5,21,1,23,3,13,15,22],[24,20,4,16,8,12,5,21,1,23,3,13,15,14,22],[16,24,8,20,4,12,21,5,1,23,3,13,15,14,22],[12,4,24,20,16,8,5,21,1,23,3,13,15,22],[12,24,8,16,4,20,5,1,21,3,13,15,23,22],[12,4,8,24,16,20,21,5,1,23,3,13,15,22],[12,16,8,20,4,24,5,1,21,3,13,23,15,14,22],[4,16,8,24,12,20,21,5,1,23,3,13,15,22],[24,16,4,8,20,12,5,21,1,3,13,23,15,22],[8,16,4,12,20,24,21,5,1,23,3,13,15,22],[12,8,4,24,20,16,5,1,21,3,13,23,15,14,22],[16,20,12,4,8,24,21,5,1,23,3,13,15,14,22],[16,20,12,4,8,24,5,1,21,23,3,13,15,22],[24,4,20,12,16,8,5,21,1,23,3,13,15,14,22],[12,4,24,20,16,8,21,5,1,23,3,13,15,22],[4,8,12,24,20,16,21,5,1,3,13,15,23,14,22],[4,24,8,12,16,20,21,5,1,23,3,13,15,22],[16,8,12,4,20,24,5,1,21,23,3,13,15,22],[8,20,12,24,16,4,21,5,1,3,13,23,15,14,22],[4,20,24,16,12,8,5,21,1,23,3,13,15,14,22],[12,24,16,8,20,4,21,5,1,3,13,23,15,22],[20,8,12,24,4,16,21,5,1,23,3,13,15,14,22],[4,8,20,16,24,12,5,1,21,3,13,15,23,14,22],[8,16,24,20,12,4,5,1,21,23,3,13,15,14,22],[24,12,20,8,16,4,5,21,1,3,13,15,23,22],[16,24,4,20,12,8,21,5,1,23,3,13,15,14,22],[24,4,16,20,8,12,5,23,3,13,17],[24,12,20,8,4,16,5,21,1,3,13,15,23,14,22],[8,20,12,4,16,24,21,5,1,23,3,13,15,14,22],[16,24,4,8,20,12,5,1,21,3,13,15,23,22],[24,8,12,16,20,4,5,1,21,3,13,23,15,14,22],[4,24,8,16,20,12,5,21,1,3,13,15,23,22],[20,16,8,24,4,12,5,1,21,3,13,23,15,22],[16,8,12,4,20,24,5,1,21,23,3,13,15,22],[16,20,12,4,24,8,21,5,1,3,13,23,15,14,22],[16,24,12,4,8,20,21,5,1,23,3,13,15,14,22],[4,20,12,8,24,16,21,5,1,23,3,13,15,22],[12,20,8,24,4,16,21,5,1,3,13,23,15,22],[8,20,4,16,12,24,21,5,1,3,13,15,23,14,22],[16,8,4,12,20,24,21,5,1,23,3,13,15,14,22],[16,4,24,20,8,12,5,1,21,3,13,23,15,14,22],[16,20,24,4,12,8,5,21,1,3,13,23,15,14,22],[20,4,8,12,16,24,21,5,1,23,3,13,15,14,22],[4,24,20,12,16,8,5,1,21,23,3,13,15,22],[8,4,12,20,16,24,21,5,1,3,13,15,23,22],[20,4,12,8,24,16,5,1,21,23,3,13,15,22],[8,24,4,12,16,20,21,5,1,23,3,13,15,14,22],[12,4,8,16,20,24,5,21,1,23,3,13,15,14,22],[4,12,20,16,24,8,5,1,21,3,13,15,23,22],[20,8,16,24,4,12,21,5,1,23,3,13,15,14,22],[8,20,12,4,24,16,5,21,1,3,13,23,15,14,22],[8,4,20,12,24,16,5,21,1,23,3,13,15,14,22],[12,8,20,16,4,24,21,5,1,23,3,13,15,22],[8,16,4,12,24,20,21,5,1,3,13,15,23,22],[24,4,16,8,12,20,5,1,21,3,13,23,15,14,22],[4,20,12,24,8,16,5,21,1,3,13,15,23,14,22],[24,12,4,20,16,8,5,1,21,3,13,15,23,22],[20,24,8,4,16,12,5,1,21,23,3,13,15,14,22],[12,4,20,24,16,8,5,21,1,3,13,15,23,14,22],[16,24,12,8,4,20,21,5,1,3,13,15,23,22],[8,20,4,16,24,12,5,1,21,3,13,23,15,22],[16,8,24,4,20,12,21,5,1,23,3,13,15,14,22],[4,16,12,8,20,24,5,1,21,3,13,15,23,14,22],[24,16,20,4,12,8,5,1,21,3,13,23,15,14,22],[8,16,12,24,20,4,5,1,21,23,3,13,15,14,22],[12,20,24,8,4,16,21,5,1,3,13,23,15,14,22],[12,16,4,20,24,8,21,5,1,23,3,13,15,22],[12,24,8,16,20,4,21,5,1,3,13,15,23,14,22],[12,24,8,20,4,16,5,21,1,3,13,15,23,22],[12,24,20,8,16,4,5,1,21,3,13,15,23,14,22],[24,16,12,20,4,8,5,1,21,23,3,13,15,22],[4,16,8,12,20,24,21,5,1,23,3,13,15,14,22],[4,12,24,20,16,8,21,5,1,23,3,13,15,22],[16,24,8,20,12,4,5,1,21,3,13,23,15,14,22],[8,12,4,24,20,16,5,2,21,13,1,23,3,15,14,22],[12,16,8,4,24,20,5,1,21,3,13,15,23,22],[24,16,8,12,20,4,5,21,1,23,3,13,15,14,22],[12,4,16,24,20,8,21,5,1,3,13,15,23,14,22],[4,24,8,20,16,12,5,1,21,23,3,13,15,14,22],[24,12,4,8,20,16,21,5,1,23,3,13,15,22],[12,4,24,8,20,16,5,21,1,23,3,13,15,14,22],[20,8,16,12,24,4,5,21,1,3,13,15,23,14,22],[4,8,20,16,12,24,5,21,1,3,13,23,15,14,22],[8,4,20,24,12,16,5,1,21,3,13,23,15,14,22],[12,8,24,20,16,4,21,5,1,23,3,13,15,22],[24,20,8,16,4,12,21,5,1,3,13,15,23,14,22],[12,24,4,16,8,20,21,5,1,3,13,15,23,14,22],[8,16,4,24,12,20,5,1,21,23,3,13,15,22],[20,16,8,24,12,4,21,5,1,3,13,15,23,14,22],[16,8,12,20,24,4,5,21,1,23,3,13,15,14,22],[24,4,20,16,8,12,21,5,1,3,13,15,23,22],[24,16,4,20,12,8,21,5,1,23,3,13,15,22],[16,8,12,20,24,4,21,5,1,3,13,23,15,14,22],[24,4,12,16,8,20,21,5,1,3,13,15,23,22],[20,12,24,16,4,8,5,1,21,23,3,13,15,14,22],[4,24,20,16,8,12,21,5,1,23,3,13,15,14,22],[20,8,4,16,24,12,21,5,1,3,13,23,15,22],[8,20,16,12,24,4,21,5,1,3,13,15,23,22],[4,24,16,20,12,8,21,5,1,3,13,15,23,22],[8,16,20,12,24,4,21,5,1,23,3,13,15,22],[24,8,12,20,4,16,21,5,1,3,13,23,15,14,22],[16,20,8,4,24,12,5,1,21,23,3,13,15,22],[4,8,16,12,24,20,21,5,1,23,3,13,15,22],[4,24,8,20,16,12,21,5,1,23,3,13,15,14,22],[24,20,4,16,8,12,5,1,21,23,3,13,15,22],[4,8,24,20,12,16,5,1,21,23,3,13,15,22],[16,24,20,12,4,8,21,5,1,23,3,13,15,22],[20,4,8,12,24,16,21,5,1,23,3,13,15,22],[8,16,24,4,12,20,5,1,21,3,13,23,15,14,22],[4,24,16,12,8,20,21,5,1,23,3,13,15,14,22],[4,20,16,24,12,8,5,1,21,3,13,15,23,22],[4,8,20,12,16,24,21,5,1,3,13,23,15,22],[8,24,12,4,20,16,5,1,21,23,3,13,15,22],[4,12,16,24,20,8,21,5,1,23,3,13,15,14,22],[20,12,24,8,16,4,21,5,1,23,3,13,15,22],[16,24,4,8,20,12,5,21,1,3,13,15,23,14,22],[8,4,24,20,12,16,5,21,1,3,13,15,23,22],[16,12,4,24,8,20,5,21,1,3,13,15,23,22],[24,8,4,20,16,12,5,1,21,23,3,13,15,22],[24,8,16,4,12,20,5,21,1,3,13,23,15,14,22],[4,24,8,12,20,16,5,1,21,3,13,23,15,22],[24,20,8,4,16,12,21,5,1,3,13,15,23,14,22],[16,8,24,12,4,20,21,5,1,23,3,13,15,14,22],[4,24,20,12,16,8,21,5,1,23,3,13,15,22],[16,20,24,4,12,8,21,5,1,3,13,23,15,14,22],[20,16,4,24,8,12,5,1,21,3,13,15,23,14,22],[24,12,16,4,8,20,21,5,1,3,13,15,23,22],[20,24,4,12,8,16,5,21,1,3,13,23,15,14,22],[20,24,16,4,8,12,5,21,1,23,3,13,15,14,22],[24,4,20,8,16,12,5,1,21,23,3,13,15,14,22],[4,8,24,12,20,16,5,1,21,3,13,15,23,22],[8,12,16,20,24,4,21,5,1,3,13,23,15,14,22],[4,8,12,24,20,16,21,5,1,23,3,13,15,22],[20,24,16,8,12,4,21,5,1,23,3,13,15,14,22],[20,12,4,24,16,8,21,5,1,23,3,13,15,22],[4,12,16,8,24,20,21,5,1,23,3,13,15,22],[4,8,16,12,24,20,21,5,1,23,3,13,15,22],[4,20,24,16,12,8,5,23,1,21,3,13,15,14,22],[16,4,24,8,20,12,21,5,1,23,3,13,15,22],[12,4,20,8,24,16,5,1,21,3,13,23,15,14,22],[12,8,4,20,16,24,5,21,1,23,3,13,15,14,22],[24,16,8,20,12,4,5,21,1,23,3,13,15,14,22],[4,8,20,24,12,16,21,5,1,23,3,13,15,14,22],[20,4,24,12,16,8,5,21,1,3,13,15,23,14,22],[20,16,4,8,12,24,5,1,21,3,13,15,23,14,22],[12,16,8,20,4,24,21,5,1,3,13,15,23,22],[8,4,16,12,20,24,21,5,1,3,13,15,23,14,22],[20,16,4,24,8,12,21,5,1,23,3,13,15,14,22],[12,20,24,16,4,8,21,5,1,3,13,23,15,14,22],[16,12,20,24,4,8,5,21,1,3,13,15,23,22],[20,16,4,8,24,12,5,21,1,3,13,23,15,22],[24,20,16,4,12,8,5,21,1,23,3,13,15,22],[4,8,24,12,16,20,5,21,1,3,13,23,15,22],[24,20,12,16,4,8,21,5,1,23,3,13,15,22],[24,12,4,20,16,8,5,1,21,3,13,23,15,14,22],[16,12,24,4,20,8,21,5,1,3,13,23,15,22],[16,20,4,8,24,12,21,5,1,3,13,23,15,14,22],[8,12,4,16,24,20,5,21,1,23,3,13,15,22],[24,16,20,12,4,8,21,5,1,23,3,13,15,22],[16,20,12,24,4,8,21,5,1,23,3,13,15,14,22],[24,8,20,16,4,12,5,1,21,23,3,13,15,14,22],[24,12,16,8,20,4,5,1,21,3,13,15,23,14,22],[12,20,24,4,8,16,21,5,1,23,3,13,15,14,22],[8,20,12,24,4,16,5,21,1,23,3,13,15,14,22],[24,16,8,20,4,12,5,21,1,23,3,13,15,22],[24,16,20,8,4,12,5,1,21,23,3,13,15,14,22],[24,8,4,20,12,16,21,5,1,23,3,13,15,22],[24,4,16,20,8,12,21,5,1,23,3,13,15,22],[4,16,20,12,8,24,5,1,21,3,13,23,15,22],[16,20,24,8,12,4,21,5,1,23,3,13,15,14,22],[12,4,24,20,16,8,5,1,21,23,3,13,15,22],[12,4,8,16,20,24,5,1,21,23,3,13,15,14,22],[16,24,12,20,4,8,21,5,1,3,13,15,23,14,22],[24,16,4,8,12,20,21,5,1,23,3,13,15,22],[24,12,4,20,16,8,5,1,21,23,3,13,15,22],[4,24,16,20,8,12,5,21,1,3,13,15,23,14,22],[4,24,12,20,16,8,5,21,1,23,3,13,15,14,22],[20,4,24,12,16,8,21,5,1,23,3,13,15,14,22],[24,8,12,4,16,20,21,5,1,3,13,23,15,14,22],[16,24,12,8,4,20,21,5,1,3,13,15,23,14,22],[16,24,8,20,4,12,5,1,21,23,3,13,15,14,22],[4,24,16,20,12,8,21,5,1,23,3,13,15,22],[24,4,20,12,8,16,5,21,1,23,3,13,15,14,22],[16,8,4,20,12,24,5,21,1,3,13,23,15,14,22],[16,12,20,24,4,8,5,21,1,23,3,13,15,14,22],[12,20,24,4,16,8,5,1,21,23,3,13,15,22],[24,4,20,16,12,8,5,2,23,13,21,1,3,15,14,22],[24,16,8,20,12,4,5,21,1,23,3,13,15,22],[20,24,12,16,8,4,21,5,1,23,3,13,15,14,22],[4,24,16,12,20,8,5,1,21,23,3,13,15,14,22],[4,20,8,12,16,24,5,21,1,3,13,23,15,22],[8,16,20,4,24,12,21,5,1,3,13,15,23,14,22],[16,20,4,12,8,24,5,21,1,23,3,13,15,14,22],[16,24,8,20,4,12,21,5,1,23,3,13,15,14,22],[24,20,4,8,12,16,5,1,21,3,13,15,23,14,22],[12,4,20,16,8,24,21,5,1,3,13,15,23,14,22],[4,8,20,16,12,24,21,5,1,3,13,15,23,14,22],[4,8,12,20,16,24,5,1,21,23,3,13,15,22],[24,8,16,12,4,20,21,5,1,23,3,13,15,22],[24,16,12,20,8,4,5,21,1,23,3,13,15,22],[24,4,8,12,20,16,21,5,1,3,13,23,15,14,22],[8,20,16,24,4,12,21,5,1,23,3,13,15,14,22],[24,4,8,12,20,16,5,1,21,23,3,13,15,14,22],[16,8,12,20,24,4,5,21,1,3,13,15,23,14,22],[24,8,16,20,4,12,5,1,21,3,13,15,23,22],[24,8,16,20,12,4,21,5,1,23,3,13,15,22],[12,8,20,4,16,24,21,5,1,23,3,13,15,14,22],[8,16,20,12,24,4,21,5,1,3,13,15,23,22],[4,12,20,16,8,24,5,1,21,23,3,13,15,14,22],[24,12,4,8,20,16,5,1,21,23,3,13,15,14,22],[8,4,24,12,16,20,5,21,1,3,13,23,15,14,22],[12,4,24,16,20,8,5,21,1,23,3,13,15,22],[20,8,24,16,12,4,5,1,21,23,3,13,15,22],[12,8,24,4,16,20,5,1,21,23,3,13,15,14,22],[4,8,20,12,16,24,5,1,21,3,13,23,15,22],[16,4,12,8,24,20,5,1,21,3,13,15,23,22],[20,8,16,4,24,12,21,5,1,3,13,15,23,14,22],[12,16,24,20,8,4,21,5,1,3,13,23,15,14,22],[12,4,16,24,20,8,5,1,21,23,3,13,15,14,22],[20,8,12,16,24,4,21,5,1,3,13,23,15,14,22],[12,24,4,20,16,8,5,1,21,23,3,13,15,14,22],[4,16,12,24,8,20,5,1,21,23,3,13,15,14,22],[12,8,20,24,4,16,5,21,1,3,13,23,15,22],[20,16,4,24,12,8,5,1,21,3,13,15,23,22],[8,24,4,12,16,20,21,5,1,23,3,13,15,22],[4,24,8,16,12,20,5,1,21,3,13,23,15,22],[16,8,20,4,12,24,5,21,1,23,3,13,15,14,22],[16,24,20,8,4,12,21,5,1,23,3,13,15,22],[4,20,24,16,8,12,21,5,1,3,13,15,23,14,22],[8,4,12,16,24,20,5,1,21,23,3,13,15,14,22],[24,12,4,16,20,8,5,21,1,3,13,23,15,14,22],[24,12,20,4,16,8,21,5,1,23,3,13,15,14,22],[20,8,4,12,24,16,5,21,1,3,13,15,23,14,22],[24,20,8,16,12,4,5,21,1,3,13,15,23,22],[20,16,4,8,12,24,21,5,1,23,3,13,15,22],[20,12,4,16,8,24,5,1,21,23,3,13,15,22],[16,8,20,24,4,12,5,1,21,23,3,13,15,14,22],[12,20,4,8,16,24,21,5,1,23,3,13,15,14,22],[4,24,20,12,8,16,5,1,21,3,13,23,15,22],[4,12,16,24,20,8,21,5,1,3,13,23,15,22],[4,16,20,12,24,8,5,1,21,3,13,15,23,22],[20,24,8,16,4,12,5,21,1,3,13,23,15,22],[24,12,16,8,4,20,5,21,1,3,13,15,23,22],[20,12,8,4,16,24,5,21,1,3,13,23,15,22],[4,8,16,24,12,20,5,1,21,3,13,15,23,22],[20,24,8,16,12,4,5,21,1,23,3,13,15,22],[4,20,8,16,24,12,5,1,21,23,3,13,15,22],[4,24,12,8,20,16,5,21,1,23,3,13,15,22],[16,24,4,12,20,8,5,21,1,3,13,15,23,22],[8,12,24,4,16,20,5,21,1,3,13,15,23,14,22],[16,8,20,12,24,4,5,21,1,23,3,13,15,22],[20,16,12,24,4,8,21,5,1,3,13,23,15,22],[16,4,24,12,20,8,5,1,21,3,13,23,15,14,22],[8,24,20,16,4,12,5,21,1,3,13,23,15,14,22],[20,24,16,4,12,8,21,5,1,3,13,23,15,14,22],[12,20,8,24,4,16,21,5,1,23,3,13,15,14,22],[16,12,8,24,4,20,5,21,1,23,3,13,15,22],[12,16,4,20,8,24,21,5,1,3,13,23,15,14,22],[16,4,20,12,24,8,21,5,1,23,3,13,15,22],[20,12,8,4,16,24,5,1,21,23,3,13,15,14,22],[12,16,8,4,24,20,21,5,1,23,3,13,15,22],[20,8,4,12,24,16,5,1,21,3,13,23,15,14,22],[20,24,8,16,12,4,5,1,21,23,3,13,15,22],[12,8,20,4,16,24,21,5,1,23,3,13,15,14,22],[8,4,20,12,16,24,21,5,1,23,3,13,15,22],[20,12,16,8,24,4,5,1,21,23,3,13,15,14,22],[4,8,20,24,16,12,5,21,1,3,13,15,23,22],[4,8,24,16,20,12,21,5,1,3,13,15,23,14,22],[8,24,4,16,20,12,21,5,1,3,13,23,15,14,22],[16,24,12,8,4,20,21,5,1,3,13,15,23,14,22],[8,12,4,16,24,20,5,1,21,3,13,15,23,14,22],[20,8,12,24,4,16,5,21,1,3,13,23,15,14,22],[16,20,4,12,24,8,21,5,1,3,13,15,23,14,22],[16,8,4,12,24,20,5,21,1,3,13,23,15,22],[12,4,20,16,24,8,5,21,1,3,13,23,15,22],[8,4,20,24,16,12,5,21,1,23,3,13,15,22],[12,8,20,16,4,24,5,21,1,23,3,13,15,14,22],[20,8,12,4,16,24,21,5,1,23,3,13,15,14,22],[12,24,4,16,20,8,21,5,1,3,13,15,23,22],[8,24,4,12,16,20,21,5,1,3,13,15,23,14,22],[4,8,20,24,16,12,5,21,1,23,3,13,15,14,22],[16,20,24,12,4,8,21,5,1,23,3,13,15,22],[8,20,16,12,24,4,21,5,1,3,13,23,15,22],[8,20,12,4,24,16,5,1,21,3,13,23,15,14,22],[4,8,24,20,12,16,5,21,1,3,13,15,23,14,22],[24,12,20,4,8,16,21,5,1,3,13,23,15,14,22],[8,16,24,4,20,12,21,5,1,23,3,13,15,22],[20,8,12,24,4,16,21,5,1,3,13,15,23,22],[12,8,4,16,24,20,5,1,21,23,3,13,15,22],[24,12,16,8,20,4,5,1,21,23,3,13,15,14,22],[16,24,4,20,12,8,21,5,1,3,13,23,15,22],[16,12,20,4,8,24,5,21,1,23,3,13,15,14,22],[8,20,12,24,16,4,5,21,1,23,3,13,15,22],[24,8,16,12,4,20,21,5,1,23,3,13,15,14,22],[4,8,20,24,12,16,21,5,1,23,3,13,15,22],[4,20,12,8,16,24,5,21,1,23,3,13,15,22],[16,4,24,8,20,12,21,5,1,23,3,13,15,22],[12,24,16,8,20,4,5,21,1,23,3,13,15,14,22],[12,4,24,16,20,8,21,5,1,3,13,15,23,22],[16,20,8,24,4,12,21,5,1,3,13,23,15,14,22],[12,8,24,4,16,20,21,5,1,3,13,23,15,22],[20,24,16,12,4,8,5,21,1,3,13,15,23,14,22],[20,4,12,16,24,8,5,1,21,3,13,23,15,22],[12,20,24,4,16,8,21,5,1,3,13,15,23,14,22],[24,8,20,4,12,16,5,1,21,3,13,23,15,14,22],[24,16,4,12,8,20,21,5,1,23,3,13,15,14,22],[12,8,24,20,4,16,21,5,1,3,13,23,15,14,22],[8,16,4,12,24,20,5,21,1,3,13,23,15,22],[24,12,8,20,16,4,5,21,1,3,13,15,23,22],[12,16,8,24,4,20,21,5,1,23,3,13,15,14,22],[16,4,12,20,8,24,5,1,21,23,3,13,15,14,22],[20,24,4,16,8,12,5,21,1,3,13,23,15,14,22],[20,24,8,16,12,4,21,5,1,23,3,13,15,14,22],[12,8,4,24,20,16,5,21,1,23,3,13,15,22],[24,20,16,12,8,4,21,5,1,23,3,13,15,22],[20,8,4,12,24,16,21,5,1,3,13,23,15,22],[12,24,20,16,8,4,5,1,21,3,13,23,15,22],[24,4,12,8,16,20,21,5,1,23,3,13,15,14,22],[16,4,24,8,20,12,5,21,1,3,13,15,23,14,22],[12,8,24,4,16,20,21,5,1,23,3,13,15,22],[8,16,24,20,4,12,5,21,1,3,13,23,15,14,22],[20,12,24,8,16,4,21,5,1,3,13,15,23,22],[12,8,4,16,24,20,21,5,1,23,3,13,15,22],[16,12,4,24,20,8,5,1,21,23,3,13,15,22],[4,8,20,24,12,16,5,1,21,3,13,23,15,22],[12,24,20,16,4,8,21,5,1,3,13,15,23,22],[20,24,16,12,8,4,21,5,1,3,13,23,15,14,22],[4,20,24,12,8,16,21,5,1,3,13,23,15,14,22],[24,4,20,12,8,16,21,5,1,3,13,15,23,22],[20,12,8,4,16,24,21,5,1,3,13,23,15,22],[8,12,20,4,16,24,21,5,1,3,13,15,23,22],[20,12,8,4,16,24,21,5,1,23,3,13,15,14,22],[4,20,16,12,24,8,5,23,1,21,3,13,15,22],[8,12,16,4,20,24,5,1,21,3,13,23,15,14,22],[16,20,24,4,8,12,5,21,1,3,13,23,15,22],[4,16,12,20,24,8,21,5,1,3,13,23,15,14,22],[24,4,8,12,16,20,21,5,1,23,3,13,15,22],[12,4,16,24,8,20,21,5,1,23,3,13,15,14,22],[4,16,24,12,20,8,5,1,21,23,3,13,15,14,22],[20,8,4,12,24,16,5,21,1,3,13,15,23,22],[16,12,8,24,4,20,21,5,1,23,3,13,15,22],[24,12,8,16,4,20,5,1,21,23,3,13,15,22],[16,12,8,4,20,24,21,5,1,3,13,15,23,22],[8,20,16,12,4,24,5,1,21,3,13,23,15,22],[12,24,20,4,8,16,21,5,1,3,13,15,23,14,22],[20,12,24,16,8,4,21,5,1,3,13,15,23,22],[8,24,12,4,20,16,21,5,1,23,3,13,15,14,22],[16,24,4,20,8,12,21,5,1,23,3,13,15,22],[24,12,20,4,16,8,5,21,1,3,13,23,15,14,22],[24,4,20,8,16,12,21,5,1,3,13,15,23,14,22],[8,12,20,4,16,24,21,5,1,23,3,13,15,14,22],[16,24,20,8,4,12,21,5,1,23,3,13,15,14,22],[24,16,12,20,8,4,5,1,21,3,13,15,23,22],[12,8,24,4,20,16,5,21,1,3,13,23,15,14,22],[4,16,24,20,8,12,5,21,1,23,3,13,15,14,22],[4,16,24,20,12,8,5,3,14,21,13,17,23,15,22],[12,16,24,20,8,4,21,5,1,23,3,13,15,14,22],[4,16,20,12,8,24,5,21,1,3,13,23,15,22],[12,24,8,16,20,4,5,1,21,23,3,13,15,22],[8,20,4,12,16,24,21,5,1,23,3,13,15,14,22],[4,12,24,16,20,8,21,5,1,3,13,15,23,22],[8,20,24,4,16,12,5,1,21,3,13,15,23,14,22],[4,24,8,16,12,20,21,5,1,3,13,23,15,14,22],[24,16,4,12,8,20,5,1,21,3,13,15,23,22],[12,8,4,20,16,24,5,1,21,23,3,13,15,14,22],[4,12,20,16,24,8,5,21,1,3,13,15,23,14,22],[20,8,16,4,24,12,5,1,21,23,3,13,15,22],[12,16,24,20,4,8,5,1,21,23,3,13,15,22],[16,24,4,8,12,20,21,5,1,3,13,15,23,22],[16,12,8,20,4,24,21,5,1,23,3,13,15,14,22],[4,20,12,24,8,16,21,5,1,23,3,13,15,22],[20,12,16,8,24,4,21,5,1,23,3,13,15,22],[4,8,20,24,12,16,21,5,1,23,3,13,15,22],[4,8,12,16,24,20,21,5,1,23,3,13,15,14,22],[24,12,20,4,8,16,5,1,21,3,13,15,23,14,22],[16,4,8,20,24,12,21,5,1,23,3,13,15,14,22],[12,8,24,20,16,4,5,21,1,3,13,15,23,14,22],[4,20,8,16,12,24,21,5,1,23,3,13,15,14,22],[4,24,12,20,16,8,21,5,1,3,13,23,15,14,22],[8,20,4,12,24,16,21,5,1,3,13,15,23,14,22],[24,8,4,16,12,20,5,1,21,23,3,13,15,22],[20,12,24,4,8,16,5,21,1,23,3,13,15,14,22],[12,16,20,24,4,8,5,21,1,23,3,13,15,14,22],[16,4,20,24,12,8,5,21,1,23,3,13,15,14,22],[16,12,24,8,20,4,21,5,1,3,13,15,23,14,22],[4,8,20,16,24,12,21,5,1,23,3,13,15,22],[16,8,24,12,20,4,5,21,1,23,3,13,15,22],[8,20,4,16,12,24,5,1,21,3,13,15,23,22],[4,24,16,12,8,20,21,5,1,23,3,13,15,14,22],[20,8,16,24,4,12,21,5,1,23,3,13,15,22],[8,12,16,24,20,4,5,1,21,3,13,23,15,14,22],[16,24,12,4,8,20,5,1,21,3,13,15,23,14,22],[24,20,16,12,8,4,5,1,21,23,3,13,15,22],[20,8,24,12,4,16,5,22],[24,20,4,16,12,8,21,5,1,23,3,13,15,14,22],[16,20,4,12,24,8,5,1,21,23,3,13,15,14,22],[20,12,8,24,4,16,5,1,21,3,13,23,15,14,22],[8,12,24,20,4,16,21,5,1,3,13,15,23,14,22],[12,4,20,16,24,8,21,5,1,3,13,15,23,14,22],[20,16,8,12,24,4,5,1,21,3,13,23,15,14,22],[8,4,20,12,24,16,5,1,21,3,13,23,15,22],[16,20,8,12,24,4,5,1,21,23,3,13,15,22],[4,12,8,24,16,20,21,5,1,23,3,13,15,22],[16,8,4,20,12,24,21,5,1,3,13,23,15,14,22],[20,4,12,8,16,24,5,21,1,23,3,13,15,22],[16,4,24,8,20,12,21,5,1,23,3,13,15,22],[20,12,24,16,8,4,21,5,1,3,13,23,15,22],[20,24,4,16,8,12,21,5,1,3,13,15,23,22],[4,12,24,16,8,20,21,5,1,3,13,15,23,22],[4,16,24,8,12,20,21,5,1,23,3,13,15,22],[4,8,16,12,24,20,5,21,1,23,3,13,15,22],[20,4,8,24,16,12,5,21,1,23,3,13,15,22],[24,4,8,20,12,16,5,1,21,23,3,13,15,14,22],[8,20,16,4,24,12,5,21,1,23,3,13,15,22],[12,8,20,16,24,4,5,1,21,3,13,15,23,14,22],[8,12,16,20,4,24,5,1,21,3,13,15,23,14,22],[20,24,4,12,16,8,5,1,21,3,13,23,15,14,22],[4,20,24,12,16,8,21,5,1,3,13,23,15,14,22],[4,20,12,24,16,8,21,5,1,23,3,13,15,22],[12,20,8,24,16,4,21,5,1,3,13,15,23,22],[12,20,4,8,24,16,21,5,1,3,13,23,15,14,22],[24,12,4,16,8,20,5,21,1,3,13,15,23,14,22],[20,4,12,24,16,8,21,5,1,3,13,15,23,14,22],[16,8,24,12,20,4,5,3,21,13,15,23,14,22],[24,16,12,8,4,20,5,21,1,23,3,13,15,22],[4,12,16,24,8,20,5,21,1,3,13,15,23,14,22],[12,20,24,16,8,4,5,1,21,3,13,15,23,14,22],[12,16,20,8,24,4,5,21,1,3,13,23,15,22],[12,16,4,8,24,20,21,5,1,23,3,13,15,14,22],[20,24,8,4,12,16,5,21,1,3,13,15,23,22],[16,12,8,20,24,4,5,1,21,3,13,23,15,14,22],[16,8,20,12,24,4,5,21,1,23,3,13,15,22],[8,24,20,4,16,12,5,21,1,23,3,13,15,22],[16,8,12,4,24,20,21,5,1,23,3,13,15,14,22],[4,8,24,12,20,16,5,23,1,21,3,13,15,22],[4,8,24,16,20,12,5,1,21,23,3,13,15,22],[20,4,24,16,8,12,21,5,1,23,3,13,15,22],[12,24,8,4,20,16,21,5,1,23,3,13,15,14,22],[24,20,16,4,12,8,5,21,1,3,13,15,23,22],[12,4,16,24,8,20,21,5,1,3,13,23,15,22],[8,24,4,16,12,20,5,1,21,3,13,15,23,14,22],[20,4,8,16,12,24,21,5,1,3,13,15,23,22],[12,8,20,4,24,16,21,5,1,23,3,13,15,22],[8,12,24,16,20,4,5,21,1,3,13,15,23,22],[16,8,20,12,24,4,21,5,1,3,13,15,23,14,22],[16,20,24,8,4,12,5,1,21,3,13,15,23,14,22],[12,24,16,20,4,8,5,21,1,23,3,13,15,14,22],[8,4,24,12,16,20,5,1,21,3,13,23,15,22],[20,12,4,24,16,8,21,5,1,23,3,13,15,14,22],[20,16,8,24,12,4,21,5,1,23,3,13,15,22],[4,12,16,24,8,20,5,1,21,3,13,23,15,14,22],[24,12,20,8,4,16,5,1,21,23,3,13,15,14,22],[20,4,12,8,24,16,21,5,1,23,3,13,15,22],[20,8,24,16,4,12,5,21,1,23,3,13,15,14,22],[20,12,4,8,24,16,5,1,21,3,13,15,23,22],[16,12,24,20,8,4,5,21,1,23,3,13,15,14,22],[8,12,4,20,24,16,21,5,1,3,13,23,15,14,22],[20,16,12,8,24,4,21,5,1,23,3,13,15,22],[16,8,4,24,12,20,5,1,21,3,13,15,23,22],[8,16,4,24,12,20,21,5,1,3,13,23,15,22],[8,24,4,20,16,12,21,5,1,3,13,15,23,14,22],[20,16,12,8,24,4,5,21,1,23,3,13,15,14,22],[12,16,8,20,4,24,5,1,21,3,13,15,23,14,22],[8,16,20,24,12,4,21,5,1,23,3,13,15,14,22],[16,12,24,8,4,20,5,1,21,23,3,13,15,22],[20,4,8,12,24,16,21,5,1,3,13,15,23,14,22],[4,12,8,24,20,16,21,5,1,3,13,23,15,14,22],[24,20,16,12,8,4,5,21,1,3,13,15,23,14,22],[4,12,20,8,16,24,5,3,21,13,23,15,22],[4,20,24,16,8,12,5,1,21,3,13,15,23,14,22],[20,16,24,4,12,8,21,5,1,23,3,13,15,22],[12,20,8,16,4,24,5,21,1,23,3,13,15,22],[20,8,24,16,12,4,5,1,21,23,3,13,15,14,22],[16,24,8,12,4,20,5,21,1,3,13,15,23,14,22],[20,8,12,24,16,4,5,1,21,3,13,23,15,14,22],[12,8,24,16,4,20,5,1,21,3,13,23,15,22],[12,20,8,16,4,24,21,5,1,23,3,13,15,22],[20,24,16,4,12,8,21,5,1,23,3,13,15,14,22],[12,16,20,4,8,24,21,5,1,23,3,13,15,22],[24,8,12,16,20,4,21,5,1,23,3,13,15,22],[24,12,20,8,16,4,21,5,1,23,3,13,15,22],[20,12,4,16,24,8,5,21,1,3,13,15,23,14,22],[12,4,24,16,8,20,5,21,1,3,13,23,15,22],[12,20,4,8,16,24,21,5,1,23,3,13,15,14,22],[8,4,12,20,24,16,5,1,21,3,13,15,23,14,22],[20,16,8,4,24,12,5,1,21,3,13,23,15,14,22],[20,8,4,16,24,12,5,1,21,3,13,15,23,22],[20,16,12,4,24,8,21,5,1,3,13,23,15,22],[4,12,8,20,24,16,5,21,1,23,3,13,15,14,22],[20,8,4,12,24,16,21,5,1,23,3,13,15,14,22],[20,24,4,12,16,8,21,5,1,23,3,13,15,22],[16,12,20,4,8,24,5,1,21,23,3,13,15,14,22],[8,4,16,12,24,20,21,5,1,23,3,13,15,22],[20,16,8,4,12,24,21,5,1,23,3,13,15,22],[24,8,16,20,12,4,21,5,1,23,3,13,15,14,22],[4,8,20,12,24,16,21,5,1,23,3,13,15,22],[4,8,16,20,24,12,21,5,1,3,13,15,23,14,22],[20,8,4,12,16,24,5,1,21,3,13,23,15,22],[20,16,24,4,12,8,5,1,21,3,13,23,15,14,22],[12,8,4,24,16,20,21,5,1,3,13,15,23,14,22],[8,16,4,20,24,12,5,21,1,3,13,23,15,14,22],[24,12,16,8,4,20,5,1,21,23,3,13,15,14,22],[24,12,8,16,20,4,21,5,1,23,3,13,15,14,22],[4,24,20,12,8,16,5,21,1,3,13,23,15,22],[4,16,20,24,8,12,5,21,1,23,3,13,15,22],[16,4,8,12,20,24,5,21,1,3,13,15,23,22],[24,8,12,20,4,16,5,21,1,3,13,23,15,22],[24,12,8,4,16,20,5,1,21,3,13,15,23,22],[8,16,24,12,4,20,5,1,21,23,3,13,15,22],[4,20,8,12,16,24,5,21,1,23,3,13,15,14,22],[8,16,24,20,12,4,5,1,21,23,3,13,15,22],[16,12,20,4,8,24,21,5,1,23,3,13,15,22],[16,20,24,4,12,8,21,5,1,23,3,13,15,22],[24,4,20,8,12,16,21,5,1,23,3,13,15,22],[16,20,24,8,4,12,21,5,1,3,13,15,23,14,22],[20,16,4,24,8,12,5,21,1,23,3,13,15,22],[4,12,24,8,16,20,21,5,1,23,3,13,15,14,22],[12,16,8,20,4,24,21,5,1,3,13,15,23,14,22],[8,16,20,24,12,4,5,1,21,3,13,15,23,14,22],[20,24,8,12,4,16,5,1,21,3,13,15,23,14,22],[16,24,20,8,4,12,5,1,21,23,3,13,15,22],[12,4,8,24,16,20,21,5,1,23,3,13,15,14,22],[8,16,12,20,4,24,5,1,21,23,3,13,15,14,22],[20,24,4,8,12,16,5,1,21,3,13,23,15,22],[4,24,16,12,8,20,21,5,1,3,13,23,15,14,22],[20,24,8,4,16,12,5,1,21,3,13,23,15,22],[12,24,20,8,4,16,5,21,1,3,13,23,15,22],[12,16,8,20,24,4,21,5,1,3,13,23,15,22],[16,8,24,12,4,20,5,21,1,3,13,23,15,22],[4,24,8,16,12,20,5,21,1,3,13,23,15,22],[8,20,12,24,4,16,5,1,21,23,3,13,15,22],[8,4,20,16,24,12,21,5,1,3,13,15,23,14,22],[4,20,16,24,8,12,5,1,21,23,3,13,15,22],[16,8,12,20,4,24,21,5,1,3,13,23,15,14,22],[24,16,20,8,12,4,5,1,21,3,13,15,23,22],[24,12,16,4,20,8,5,21,1,23,3,13,15,22],[8,16,24,4,20,12,5,1,21,3,13,15,23,22],[4,20,12,16,8,24,5,1,21,3,13,23,15,14,22],[12,24,8,4,16,20,5,21,1,23,3,13,15,14,22],[12,16,24,8,20,4,5,1,21,23,3,13,15,22],[24,16,12,4,20,8,21,5,1,3,13,23,15,22],[4,24,8,12,20,16,5,1,21,3,13,15,23,14,22],[4,16,12,20,24,8,21,5,1,3,13,15,23,14,22],[24,16,12,8,20,4,5,1,21,3,13,23,15,14,22],[4,24,20,12,16,8,21,5,1,23,3,13,15,14,22],[16,4,12,24,20,8,5,1,21,23,3,13,15,14,22],[12,20,4,8,24,16,5,1,21,23,3,13,15,14,22],[20,8,24,12,16,4,21,5,1,23,3,13,15,22],[16,8,4,12,20,24,21,5,1,3,13,15,23,22],[16,12,24,4,8,20,21,5,1,23,3,13,15,14,22],[16,12,8,4,20,24,21,5,1,23,3,13,15,22],[12,4,16,8,20,24,21,5,1,23,3,13,15,14,22],[24,16,20,8,12,4,21,5,1,3,13,23,15,22],[8,12,16,4,20,24,21,5,1,23,3,13,15,22],[8,16,20,4,12,24,5,1,21,3,13,23,15,22],[8,24,12,4,20,16,21,5,1,23,3,13,15,22],[12,16,8,24,4,20,5,21,1,3,13,23,15,14,22],[12,4,8,24,16,20,5,1,21,3,13,23,15,22],[12,24,16,20,4,8,21,5,1,3,13,15,23,22],[20,8,24,16,4,12,21,5,1,23,3,13,15,14,22],[4,24,8,12,20,16,5,1,21,23,3,13,15,14,22],[12,20,24,4,16,8,21,5,1,23,3,13,15,22],[12,20,16,8,4,24,21,5,1,3,13,23,15,22],[8,4,12,16,20,24,21,5,1,23,3,13,15,14,22],[24,20,8,12,4,16,21,5,1,3,13,15,23,22],[4,8,16,20,24,12,21,5,1,23,3,13,15,14,22],[24,8,12,4,16,20,21,5,1,3,13,15,23,14,22],[4,16,8,24,12,20,5,23,1,21,3,13,15,14,22],[8,20,4,12,24,16,5,21,1,23,3,13,15,22],[4,12,20,8,16,24,21,5,1,3,13,23,15,22],[24,4,16,8,12,20,5,21,1,3,13,15,23,14,22],[12,16,8,24,4,20,21,5,1,23,3,13,15,14,22],[16,20,4,24,12,8,21,5,1,23,3,13,15,22],[20,8,4,24,16,12,21,5,1,3,13,23,15,22],[12,20,24,8,4,16,21,5,1,3,13,23,15,22],[4,24,20,12,8,16,21,5,1,23,3,13,15,22],[20,16,4,8,12,24,21,5,1,3,13,15,23,22],[8,16,4,24,20,12,21,5,1,23,3,13,15,14,22],[8,20,16,24,4,12,21,5,1,3,13,23,15,22],[24,12,16,8,20,4,21,5,1,3,13,15,23,14,22],[8,12,20,24,16,4,5,1,21,23,3,13,15,14,22],[24,20,8,12,4,16,21,5,1,3,13,23,15,14,22],[20,8,12,24,16,4,21,5,1,3,13,23,15,22],[16,8,4,24,20,12,5,1,21,3,13,15,23,22],[24,20,12,8,16,4,5,21,1,23,3,13,15,14,22],[4,24,8,16,12,20,21,5,1,23,3,13,15,22],[4,24,16,8,12,20,21,5,1,23,3,13,15,22],[4,24,8,12,16,20,21,5,1,23,3,13,15,14,22],[16,4,20,24,12,8,21,5,1,3,13,15,23,22],[20,4,8,16,24,12,5,21,1,3,13,23,15,14,22],[24,12,8,20,16,4,5,3,23,15,13,21,14,22],[20,24,4,16,8,12,5,21,1,23,3,13,15,14,22],[8,16,20,4,12,24,21,5,1,23,3,13,15,14,22],[24,20,16,12,4,8,5,21,1,23,3,13,15,14,22],[16,12,8,4,24,20,21,5,1,3,13,15,23,22],[8,24,12,16,20,4,21,5,1,23,3,13,15,22],[8,20,12,24,16,4,21,5,1,23,3,13,15,22],[24,16,4,20,8,12,5,21,1,3,13,15,23,22],[12,24,8,16,4,20,21,5,1,3,13,23,15,14,22],[16,12,4,8,20,24,21,5,1,3,13,15,23,14,22],[24,12,16,4,8,20,5,21,1,23,3,13,15,22],[24,4,8,12,16,20,21,5,1,23,3,13,15,22],[24,20,8,16,12,4,21,5,1,23,3,13,15,14,22],[16,24,4,20,12,8,5,1,21,23,3,13,15,22],[4,8,20,24,12,16,21,5,1,23,3,13,15,22],[4,20,8,16,24,12,5,1,21,23,3,13,15,14,22],[8,20,24,12,16,4,21,5,1,3,13,15,23,14,22],[12,20,16,4,8,24,21,5,1,23,3,13,15,22],[8,16,12,24,20,4,5,1,21,3,13,15,23,22],[4,12,24,8,16,20,21,5,1,23,3,13,15,14,22],[24,20,16,4,12,8,5,1,21,23,3,13,15,22],[16,12,8,24,4,20,21,5,1,23,3,13,15,14,22],[20,8,24,16,12,4,21,5,1,23,3,13,15,14,22],[24,20,8,16,4,12,5,21,1,3,13,15,23,22],[16,20,24,12,4,8,21,5,1,23,3,13,15,22],[8,4,20,12,24,16,21,5,1,23,3,13,15,22],[20,4,16,24,8,12,5,1,21,23,3,13,15,14,22],[20,24,8,12,4,16,21,5,1,23,3,13,15,22],[4,16,8,12,24,20,5,1,21,3,13,23,15,14,22],[24,16,8,4,12,20,5,21,1,23,3,13,15,14,22],[20,8,12,24,16,4,21,5,1,3,13,23,15,14,22],[4,8,20,24,16,12,5,21,1,3,13,15,23,14,22],[8,20,4,24,12,16,21,5,1,23,3,13,15,22],[20,8,24,16,12,4,21,5,1,3,13,15,23,14,22],[20,24,8,12,16,4,21,5,1,3,13,23,15,22],[20,8,12,16,4,24,21,5,1,23,3,13,15,14,22],[12,24,4,20,16,8,21,5,1,23,3,13,15,22],[16,20,4,12,24,8,5,1,21,3,13,15,23,14,22],[20,4,12,24,8,16,21,5,1,3,13,15,23,14,22],[16,20,4,24,8,12,5,21,1,3,13,23,15,14,22],[20,16,12,4,24,8,5,1,21,3,13,15,23,14,22],[12,16,24,8,20,4,21,5,1,23,3,13,15,22],[8,20,12,24,16,4,21,5,1,3,13,23,15,14,22],[16,20,4,24,8,12,21,5,1,3,13,15,23,22],[8,16,4,12,20,24,21,5,1,3,13,23,15,22],[16,12,8,24,20,4,5,21,1,23,3,13,15,14,22],[4,8,12,24,16,20,21,5,1,23,3,13,15,22],[12,16,8,24,4,20,21,5,1,23,3,13,15,22],[16,8,12,4,24,20,5,21,1,23,3,13,15,22],[12,16,20,8,4,24,21,5,1,23,3,13,15,14,22],[20,16,12,24,8,4,5,1,21,3,13,15,23,22],[12,24,4,16,20,8,21,5,1,23,3,13,15,14,22],[12,16,4,24,20,8,21,5,1,3,13,15,23,14,22],[8,16,20,24,12,4,5,21,1,3,13,15,23,22],[16,8,20,24,12,4,5,1,21,3,13,15,23,14,22],[12,20,8,24,16,4,21,5,1,3,13,15,23,14,22],[20,12,16,8,24,4,5,1,21,23,3,13,15,22],[8,4,12,16,24,20,5,21,1,23,3,13,15,22],[24,12,16,20,4,8,21,5,1,3,13,15,23,22],[24,4,8,16,20,12,21,5,1,3,13,15,23,14,22],[8,20,16,24,12,4,21,5,1,23,3,13,15,14,22],[12,16,24,4,20,8,5,21,1,3,13,23,15,14,22],[16,12,20,8,24,4,5,1,21,3,13,23,15,22],[12,20,8,24,4,16,5,1,21,3,13,23,15,14,22],[20,12,24,4,8,16,21,5,1,3,13,15,23,14,22],[12,20,16,24,4,8,21,5,1,3,13,23,15,22],[16,8,4,20,12,24,5,21,1,3,13,23,15,22],[24,12,16,20,4,8,21,5,1,3,13,15,23,22],[4,8,12,20,24,16,21,5,1,23,3,13,15,14,22],[16,8,12,24,4,20,5,1,21,23,3,13,15,14,22],[16,8,20,12,4,24,21,5,1,23,3,13,15,14,22],[8,20,12,24,4,16,21,5,1,3,13,15,23,22],[24,8,20,16,12,4,5,1,21,3,13,15,23,14,22],[4,8,16,24,20,12,5,1,21,23,3,13,15,14,22],[4,16,8,12,20,24,5,21,1,3,13,15,23,22],[8,24,4,20,16,12,21,5,1,23,3,13,15,14,22],[12,4,20,8,24,16,21,5,1,3,13,23,15,22],[24,12,8,4,20,16,5,1,21,23,3,13,15,22],[8,16,24,4,12,20,21,5,1,23,3,13,15,14,22],[16,8,20,12,24,4,5,1,21,23,3,13,15,14,22],[12,24,8,20,4,16,21,5,1,3,13,23,15,14,22],[24,8,16,20,12,4,5,1,21,23,3,13,15,22],[20,24,8,12,4,16,21,5,1,3,13,15,23,14,22],[16,8,20,24,12,4,21,5,1,23,3,13,15,14,22],[8,16,20,4,24,12,5,1,21,3,13,23,15,14,22],[4,16,24,12,8,20,5,1,21,23,3,13,15,22],[24,8,20,12,16,4,21,5,1,23,3,13,15,14,22],[8,4,24,12,16,20,21,5,1,23,3,13,15,14,22],[20,4,16,12,8,24,21,5,1,3,13,15,23,14,22],[8,12,20,4,16,24,5,21,1,23,3,13,15,22],[4,20,8,12,16,24,5,21,1,3,13,23,15,22],[12,16,8,20,24,4,5,21,1,3,13,23,15,14,22],[4,24,20,8,16,12,21,5,1,3,13,23,15,14,22],[4,20,8,16,24,12,21,5,1,23,3,13,15,14,22],[24,12,4,16,20,8,21,5,1,3,13,15,23,22],[4,8,16,24,12,20,21,5,1,3,13,23,15,14,22],[8,20,24,12,16,4,5,1,21,3,13,15,23,22],[12,4,8,16,24,20,5,21,1,3,13,15,23,14,22],[4,16,8,12,24,20,5,21,1,3,13,15,23,14,22],[16,4,20,24,12,8,5,1,21,23,3,13,15,14,22],[16,20,24,4,8,12,21,5,1,23,3,13,15,14,22],[20,16,4,12,24,8,21,5,1,3,13,23,15,22],[24,8,12,20,4,16,21,5,1,23,3,13,15,14,22],[20,4,8,16,24,12,21,5,1,23,3,13,15,22],[20,4,8,16,12,24,21,5,1,23,3,13,15,22],[20,4,16,12,8,24,5,1,21,3,13,15,23,14,22],[4,20,24,8,16,12,5,1,21,3,13,15,23,22],[20,16,4,8,12,24,21,5,1,3,13,23,15,22],[12,4,8,16,24,20,5,21,1,23,3,13,15,22],[12,24,16,8,20,4,21,5,1,23,3,13,15,22],[4,8,12,20,16,24,5,1,21,23,3,13,15,22],[4,20,16,12,24,8,5,21,1,3,13,15,23,14,22],[24,4,16,8,12,20,5,1,21,23,3,13,15,14,22],[24,4,16,20,12,8,5,21,1,23,3,13,15,22],[20,24,8,4,12,16,5,1,21,3,13,15,23,22],[24,16,4,20,8,12,21,5,1,3,13,23,15,14,22],[16,24,4,20,8,12,21,5,1,3,13,15,23,22],[12,16,24,4,8,20,5,1,21,23,3,13,15,22],[8,24,12,16,20,4,5,21,1,23,3,13,15,22],[24,4,20,8,12,16,21,5,1,23,3,13,15,22],[16,12,24,20,4,8,21,5,1,3,13,15,23,22],[12,8,24,16,4,20,21,5,1,3,13,23,15,14,22],[4,16,24,20,12,8,5,21,1,3,13,15,23,22],[20,12,8,16,4,24,21,5,1,23,3,13,15,22],[12,4,24,20,8,16,5,21,1,23,3,13,15,22],[24,16,4,8,20,12,21,5,1,3,13,15,23,22],[24,12,20,4,8,16,5,1,21,23,3,13,15,22],[24,16,12,20,8,4,5,21,1,23,3,13,15,22],[24,4,12,16,8,20,21,5,1,3,13,15,23,14,22],[16,8,24,4,20,12,5,1,21,23,3,13,15,22],[20,12,16,4,8,24,5,1,21,3,13,15,23,14,22],[20,12,16,8,4,24,21,5,1,23,3,13,15,22],[8,4,24,16,12,20,5,1,21,23,3,13,15,22],[20,16,12,4,24,8,5,1,21,23,3,13,15,14,22],[8,4,12,24,16,20,5,21,1,3,13,23,15,14,22],[16,4,24,20,12,8,5,21,1,3,13,15,23,14,22],[20,24,4,16,12,8,21,5,1,3,13,15,23,14,22],[16,20,8,24,4,12,21,5,1,3,13,15,23,14,22],[4,24,20,12,8,16,5,1,21,23,3,13,15,22],[4,24,8,16,12,20,5,1,21,3,13,23,15,14,22],[12,8,16,24,4,20,21,5,1,23,3,13,15,22],[12,24,20,8,4,16,21,5,1,3,13,23,15,14,22],[4,24,8,20,16,12,21,5,1,3,13,15,23,22],[12,16,24,20,4,8,21,5,1,3,13,15,23,14,22],[8,24,12,16,4,20,21,5,1,23,3,13,15,14,22],[16,12,8,20,24,4,21,5,1,23,3,13,15,14,22],[16,24,20,4,12,8,21,5,1,3,13,23,15,14,22],[8,16,20,24,4,12,5,21,1,3,13,15,23,22],[16,8,12,24,20,4,21,5,1,23,3,13,15,14,22],[24,12,16,4,8,20,5,21,1,3,13,23,15,22],[12,8,24,20,4,16,21,5,1,23,3,13,15,14,22],[24,20,8,12,16,4,21,5,1,3,13,15,23,14,22],[24,4,16,8,12,20,21,5,1,3,13,15,23,22],[4,16,8,20,12,24,21,5,1,23,3,13,15,14,22],[8,12,16,4,20,24,5,1,21,23,3,13,15,22],[20,8,12,4,24,16,5,1,21,3,13,23,15,14,22],[24,8,20,12,16,4,5,21,1,3,13,15,23,22],[24,12,20,16,4,8,5,1,21,23,3,13,15,22],[16,24,20,12,4,8,5,1,21,3,13,15,23,14,22],[16,4,8,24,20,12,5,1,21,3,13,23,15,14,22],[8,4,24,20,16,12,5,1,21,23,3,13,15,22],[24,4,16,20,8,12,5,1,21,3,13,15,23,14,22],[24,8,4,20,12,16,5,21,1,23,3,13,15,22],[20,16,8,24,12,4,21,5,1,3,13,15,23,22],[20,24,4,12,16,8,21,5,1,3,13,15,23,14,22],[20,4,24,12,16,8,5,1,21,23,3,13,15,14,22],[8,20,16,24,12,4,5,1,21,3,13,23,15,22],[4,16,8,20,24,12,21,5,1,23,3,13,15,22],[16,12,8,4,20,24,21,5,1,3,13,15,23,22],[8,24,20,16,12,4,5,21,1,23,3,13,15,22],[20,4,24,12,8,16,5,1,21,3,13,15,23,22],[12,20,8,24,16,4,21,5,1,3,13,23,15,22],[4,12,20,8,24,16,21,5,1,23,3,13,15,14,22],[8,20,4,16,12,24,21,5,1,23,3,13,15,14,22],[20,8,16,4,24,12,21,5,1,23,3,13,15,14,22],[20,4,24,8,12,16,5,1,21,3,13,23,15,22],[8,12,24,4,20,16,21,5,1,23,3,13,15,22],[24,20,8,16,4,12,21,5,1,3,13,23,15,22],[4,8,12,20,24,16,5,21,1,23,3,13,15,22],[4,12,20,24,8,16,21,5,1,3,13,23,15,14,22],[12,8,16,20,4,24,5,21,1,23,3,13,15,14,22],[20,24,16,4,12,8,5,1,21,23,3,13,15,14,22],[4,8,24,12,16,20,21,5,1,3,13,23,15,14,22],[8,24,16,20,12,4,5,1,21,23,3,13,15,22],[12,8,16,4,20,24,5,21,1,23,3,13,15,14,22],[4,12,24,20,8,16,21,5,1,23,3,13,15,14,22],[8,16,20,12,4,24,21,5,1,3,13,23,15,14,22],[24,16,20,12,4,8,21,5,1,23,3,13,15,14,22],[20,24,8,16,4,12,21,5,1,3,13,23,15,14,22],[4,20,24,16,8,12,5,21,1,3,13,15,23,22],[12,8,20,4,24,16,5,1,21,3,13,23,15,14,22],[24,12,16,4,20,8,21,5,1,3,13,15,23,14,22],[16,20,12,8,4,24,21,5,1,23,3,13,15,22],[16,4,24,20,8,12,21,5,1,23,3,13,15,14,22],[4,16,8,12,24,20,21,5,1,3,13,15,23,22],[20,24,16,8,12,4,5,1,21,23,3,13,15,22],[20,4,16,24,8,12,5,21,1,3,13,23,15,22],[4,16,24,20,12,8,21,5,1,23,3,13,15,14,22],[12,16,20,4,24,8,21,5,1,3,13,15,23,22],[4,20,12,8,24,16,21,5,1,23,3,13,15,22],[20,24,12,16,4,8,5,21,1,3,13,23,15,14,22],[4,24,20,12,8,16,5,1,21,23,3,13,15,22],[20,24,12,8,4,16,21,5,1,3,13,23,15,22],[16,4,8,24,12,20,21,5,1,23,3,13,15,22],[4,12,24,8,20,16,21,5,1,23,3,13,15,14,22],[4,8,24,16,12,20,21,5,1,3,13,15,23,14,22],[24,16,20,12,4,8,21,5,1,3,13,23,15,14,22],[12,20,16,8,4,24,5,21,1,3,13,23,15,22],[24,16,12,20,4,8,5,21,1,3,13,23,15,22],[16,4,20,12,24,8,5,1,21,23,3,13,15,22],[8,12,16,20,4,24,21,5,1,3,13,15,23,22],[16,4,12,24,20,8,21,5,1,3,13,23,15,22],[20,24,12,8,16,4,5,21,1,3,13,15,23,22],[12,16,8,4,24,20,5,21,1,23,3,13,15,22],[12,24,20,8,4,16,21,5,1,23,3,13,15,14,22],[20,4,24,8,16,12,21,5,1,3,13,15,23,14,22],[20,16,8,24,12,4,21,5,1,3,13,15,23,14,22],[8,4,24,12,16,20,21,5,1,23,3,13,15,14,22],[4,8,16,12,20,24,21,5,1,3,13,15,23,14,22],[4,24,16,12,8,20,5,1,21,23,3,13,15,22],[24,12,4,8,20,16,5,21,1,23,3,13,15,14,22],[16,12,8,24,20,4,21,5,1,3,13,15,23,22],[12,20,8,16,4,24,5,1,21,3,13,23,15,14,22],[24,16,20,8,12,4,5,1,21,3,13,23,15,14,22],[24,20,16,12,8,4,5,1,21,23,3,13,15,14,22],[20,12,8,4,24,16,5,1,21,3,13,15,23,14,22],[24,20,12,8,16,4,5,21,1,23,3,13,15,22],[20,12,4,8,16,24,5,1,21,23,3,13,15,22],[4,20,16,24,12,8,5,21,1,23,3,13,15,22],[16,8,24,20,12,4,21,5,1,23,3,13,15,22],[16,8,12,24,4,20,21,5,1,23,3,13,15,22],[24,12,8,20,16,4,5,1,21,3,13,23,15,14,22],[20,24,12,8,16,4,21,5,1,23,3,13,15,22],[4,16,12,20,24,8,5,1,21,3,13,23,15,22],[8,12,20,4,24,16,5,1,21,3,13,23,15,22],[20,12,24,16,4,8,5,21,1,23,3,13,15,22],[16,8,20,12,24,4,5,21,1,23,3,13,15,22],[8,20,12,4,24,16,21,5,1,23,3,13,15,14,22],[20,4,24,16,8,12,5,1,21,23,3,13,15,14,22],[4,20,12,16,8,24,5,1,21,3,13,23,15,22],[12,24,4,8,20,16,5,21,1,3,13,15,23,14,22],[16,12,8,24,20,4,21,5,1,3,13,15,23,14,22],[4,16,8,20,12,24,21,5,1,23,3,13,15,22],[20,16,8,12,4,24,5,21,1,3,13,23,15,14,22],[20,8,16,24,4,12,21,5,1,23,3,13,15,14,22],[20,12,24,16,8,4,5,21,1,23,3,13,15,22],[16,20,12,8,4,24,21,5,1,23,3,13,15,22],[24,20,8,16,12,4,21,5,1,3,13,15,23,22],[8,20,12,16,4,24,21,5,1,23,3,13,15,22],[12,24,20,8,16,4,21,5,1,23,3,13,15,14,22],[8,20,12,24,4,16,21,5,1,23,3,13,15,22],[24,8,4,16,20,12,5,1,21,3,13,15,23,14,22],[8,4,24,16,12,20,5,1,21,3,13,15,23,22],[4,16,24,20,12,8,5,1,21,23,3,13,15,22],[20,4,8,12,16,24,21,5,1,3,13,23,15,22],[24,16,20,4,8,12,5,1,21,3,13,23,15,22],[4,12,8,24,20,16,21,5,1,23,3,13,15,14,22],[20,4,16,24,8,12,5,21,1,23,3,13,15,14,22],[4,24,20,12,8,16,21,5,1,23,3,13,15,14,22],[20,8,16,12,24,4,21,5,1,23,3,13,15,22],[24,16,8,12,4,20,5,21,1,23,3,13,15,22],[24,20,8,4,16,12,21,5,1,3,13,23,15,22],[24,8,16,20,12,4,5,21,1,3,13,15,23,22],[16,12,24,4,8,20,21,5,1,23,3,13,15,22],[4,24,20,16,8,12,21,5,1,3,13,15,23,14,22],[20,24,12,16,8,4,21,5,1,3,13,15,23,22],[24,16,8,12,4,20,5,21,1,3,13,15,23,22],[20,24,12,8,16,4,5,21,1,23,3,13,15,22],[24,8,20,4,12,16,21,5,1,23,3,13,15,22],[12,4,24,20,8,16,5,21,1,3,13,15,23,14,22],[4,8,20,24,12,16,5,21,1,23,3,13,15,14,22],[16,4,12,8,20,24,5,21,1,23,3,13,15,22],[8,4,24,16,12,20,5,21,1,3,13,15,23,22],[8,24,12,16,20,4,21,5,1,23,3,13,15,14,22],[12,16,4,8,20,24,5,1,21,23,3,13,15,22],[4,12,24,8,16,20,21,5,1,3,13,15,23,22],[4,16,24,20,8,12,5,21,1,3,13,23,15,14,22],[16,20,8,12,4,24,5,1,21,3,13,23,15,22],[24,4,16,12,20,8,21,5,1,3,13,15,23,22],[8,20,4,16,24,12,5,21,1,3,13,23,15,14,22],[12,4,24,20,16,8,21,5,1,3,13,23,15,22],[24,8,20,16,12,4,21,5,1,23,3,13,15,22],[8,12,20,4,24,16,5,1,21,23,3,13,15,14,22],[24,16,8,12,20,4,21,5,1,3,13,15,23,22],[4,16,20,24,8,12,5,21,1,3,13,23,15,22],[16,4,12,24,8,20,5,1,21,23,3,13,15,22],[4,20,8,12,24,16,21,5,1,3,13,15,23,22],[12,16,8,20,24,4,5,21,1,23,3,13,15,14,22],[24,16,4,20,12,8,5,1,21,23,3,13,15,14,22],[8,24,4,20,16,12,5,1,21,23,3,13,15,14,22],[24,4,20,8,16,12,5,21,1,23,3,13,15,22],[20,4,24,16,8,12,5,1,21,3,13,23,15,14,22],[12,16,20,8,24,4,5,1,21,23,3,13,15,22],[16,8,4,12,20,24,21,5,1,3,13,23,15,14,22],[20,16,8,24,12,4,21,5,1,3,13,15,23,22],[4,20,16,24,12,8,5,1,21,23,3,13,15,22],[24,4,12,20,16,8,21,5,1,3,13,23,15,14,22],[8,16,20,24,12,4,5,21,1,3,13,15,23,22],[24,12,8,16,4,20,5,3,13,21,15,23,14,22],[4,20,12,16,8,24,5,1,21,23,3,13,15,22],[20,12,8,16,24,4,5,1,21,3,13,15,23,14,22],[12,4,16,20,8,24,21,5,1,3,13,15,23,22],[16,24,12,20,4,8,21,5,1,3,13,23,15,14,22],[4,24,12,8,16,20,5,1,21,3,13,23,15,14,22],[20,8,12,4,24,16,21,5,1,3,13,15,23,22],[4,20,24,8,12,16,5,1,21,23,3,13,15,22],[8,20,4,12,16,24,21,5,1,3,13,15,23,14,22],[12,16,20,4,24,8,5,21,1,23,3,13,15,14,22],[24,12,8,16,4,20,5,21,1,3,13,23,15,22],[4,8,12,24,16,20,21,5,1,3,13,15,23,14,22],[16,20,4,12,24,8,5,21,1,3,13,15,23,14,22],[8,20,16,4,12,24,5,21,1,23,3,13,15,22],[24,4,20,8,12,16,5,21,1,23,3,13,15,22],[16,24,8,12,4,20,5,21,1,23,3,13,15,22],[16,20,24,4,8,12,5,1,21,3,13,23,15,22],[20,8,24,16,4,12,5,1,21,23,3,13,15,22],[4,20,24,16,8,12,21,5,1,3,13,23,15,14,22],[20,12,16,8,4,24,5,1,21,23,3,13,15,22],[12,8,20,24,16,4,21,5,1,23,3,13,15,22],[20,8,12,4,24,16,5,1,21,23,3,13,15,22],[12,4,20,24,8,16,21,5,1,23,3,13,15,14,22],[8,12,20,24,4,16,21,5,1,3,13,23,15,22],[16,20,8,24,12,4,5,1,21,23,3,13,15,14,22],[24,16,20,4,12,8,21,5,1,23,3,13,15,22],[24,12,20,8,4,16,21,5,1,23,3,13,15,22],[16,12,24,20,8,4,21,5,1,3,13,23,15,22],[16,20,24,12,4,8,21,5,1,3,13,15,23,22],[12,24,20,4,8,16,5,21,1,3,13,15,23,22],[24,4,16,8,12,20,21,5,1,23,3,13,15,22],[8,20,16,4,12,24,21,5,1,23,3,13,15,14,22],[20,4,12,24,8,16,21,5,1,23,3,13,15,22],[20,16,8,4,24,12,21,5,1,23,3,13,15,22],[8,24,4,16,12,20,5,21,1,3,13,15,23,22],[8,12,20,16,4,24,5,1,21,23,3,13,15,14,22],[12,16,8,4,20,24,21,5,1,23,3,13,15,14,22],[16,8,4,20,12,24,5,21,1,3,13,23,15,22],[16,12,4,24,20,8,5,1,21,23,3,13,15,22],[16,4,20,8,12,24,5,1,21,23,3,13,15,14,22],[4,12,8,20,24,16,5,1,21,3,13,23,15,22],[24,16,8,20,4,12,5,1,21,23,3,13,15,22],[24,16,12,20,8,4,21,5,1,3,13,23,15,22],[8,4,24,12,16,20,21,5,1,23,3,13,15,22],[20,12,8,4,16,24,5,1,2