{"problem_id":"dBNl5dzyNSRu5ql","sigma":150,"alpha":0.100,"cost":2,"probabilities":"[0.22, 0.04, 0.73, 0.01]","payoff_matrix":"[[62, -236, 44, -112, -245, 177], [-63, 74, 77, 20, 49, 44], [-316, 43, -11, 55, -171, -103], [-94, -48, -49, -230, -65, 10]]","uncovered":[[3,19,7,23,15,11,13,5,9],[3,15,23,19,11,7,5],[7,15,23,11,3,19,5],[19,15,11,7,23,3,5],[15,7,3,23,19,11,5],[23,15,19,3,11,7,13,5,9],[11,23,7,19,3,15,5],[23,11,3,7,19,15,5],[23,19,15,11,3,7,5],[15,23,7,11,19,3,13,5,9],[19,11,23,15,3,7,13,5,9],[19,23,3,15,7,11,13,5,9],[3,23,19,15,7,11,13,5,9],[7,15,23,3,11,19,13,5,9],[7,15,23,3,11,19,13,5,9],[19,15,11,3,7,23,5],[3,15,23,7,19,11,5],[23,3,19,15,7,11,13,5,9],[15,23,3,7,11,19,13,5,9],[19,23,3,11,7,15,5],[7,23,11,15,19,3,13,5,9],[15,11,7,23,19,3,5],[15,23,3,7,11,19,13,5,9],[7,3,15,23,11,19,13,5,9],[15,23,19,3,11,7,5],[7,3,19,11,15,23,13,5,9],[19,11,3,7,15,23,5],[7,19,15,3,23,11,5],[11,23,3,19,7,15,5],[3,11,19,23,15,7,13,5,9],[11,23,15,3,19,7,5],[15,19,3,7,23,11,13,5,9],[3,7,23,19,15,11,5],[19,3,7,11,15,23,5],[23,11,15,19,7,3,13,5,9],[7,23,3,11,19,15,5],[23,15,3,7,11,19,13,5,9],[15,7,11,19,23,3,13,5,9],[23,7,3,15,19,11,5],[11,15,7,23,3,19,5],[15,7,19,23,11,3,13,5,9],[11,15,7,23,19,3,13,5,9],[23,3,7,15,19,11,5],[23,7,3,15,19,11,13,5,9],[23,7,3,19,11,15,5],[15,23,3,11,7,19,5],[3,11,23,15,7,19,5],[7,19,3,23,15,11,13,5,9],[7,3,19,15,23,11,13,5,9],[19,3,15,23,11,7,13,5,9],[7,3,19,15,23,11,13,5,9],[11,3,19,23,7,15,13,5,9],[19,7,23,15,11,3,5],[15,23,3,11,19,7,5],[11,19,23,15,3,7,5],[15,19,3,7,11,23,5],[15,19,3,23,11,7,13,5,9],[11,7,19,23,15,3,5],[15,11,3,7,19,23,13,5,9],[15,7,19,3,23,11,13,5,9],[23,15,3,11,19,7,5],[3,7,23,15,19,11,13,5,9],[15,23,3,7,11,19,5],[19,11,15,3,7,23,13,5,9],[11,3,19,15,23,7,5],[11,7,23,19,15,3,13,5,9],[23,11,15,7,3,19,13,5,9],[15,11,19,23,7,3,13,5,9],[11,19,15,23,3,7,5],[11,3,23,15,7,19,5],[19,11,15,7,23,3,5],[15,23,19,3,7,11,13,5,9],[7,23,15,3,19,11,13,5,9],[15,23,11,3,7,19,5],[23,15,11,19,7,3,5],[11,19,7,3,15,23,13,5,9],[23,3,15,7,19,11,5],[15,23,3,11,19,7,5],[23,7,11,19,15,3,5],[15,7,23,19,3,11,5],[11,23,3,7,19,15,13,5,9],[7,15,11,19,3,23,5],[3,7,19,11,15,23,5],[11,3,23,7,15,19,13,5,9],[3,19,15,7,23,11,13,5,9],[3,19,15,7,23,11,5],[23,11,3,7,15,19,5],[7,11,3,23,15,19,5],[15,11,19,23,7,3,13,5,9],[15,23,19,7,3,11,5],[3,11,19,15,23,7,13,5,9],[11,19,3,7,15,23,5],[3,15,7,19,11,23,13,5,9],[19,3,11,15,23,7,5],[11,23,15,7,3,19,5],[3,7,23,15,11,19,5],[11,15,19,3,7,23,5],[11,3,19,7,15,23,13,5,9],[7,23,11,3,15,19,5],[19,11,15,3,23,7,5],[3,7,19,15,11,23,5],[15,3,11,7,23,19,13,5,9],[23,15,7,19,11,3,13,5,9],[19,15,23,3,11,7,13,5,9],[15,19,7,23,3,11,5],[7,19,15,23,3,11,13,5,9],[15,7,23,3,11,19,5],[11,15,3,23,7,19,5],[19,11,7,15,3,23,5],[3,23,19,11,15,7,13,5,9],[23,15,11,3,7,19,5],[23,15,3,11,19,7,5],[15,19,23,3,7,11,13,5,9],[23,15,19,11,3,7,5],[19,15,3,11,7,23,13,5,9],[15,19,7,23,11,3,5],[7,3,11,19,15,23,13,5,9],[23,19,15,3,11,7,5],[7,15,23,3,19,11,5],[23,7,3,11,19,15,5],[23,3,19,7,11,15,13,5,9],[23,7,19,3,11,15,5],[15,23,7,3,19,11,13,5,9],[23,15,19,7,11,3,13,5,9],[11,7,15,23,19,3,13,5,9],[15,23,19,3,11,7,5],[3,15,19,23,11,7,5],[23,19,3,7,11,15,5],[11,19,7,15,3,23,5],[7,3,23,15,11,19,5],[3,7,19,15,23,11,13,5,9],[11,15,19,3,23,7,13,5,9],[23,15,3,7,11,19,5],[15,7,11,19,3,23,13,5,9],[15,11,19,23,3,7,13,5,9],[3,19,15,7,23,11,13,5,9],[23,19,15,7,3,11,13,5,9],[15,3,23,7,11,19,5],[15,7,3,11,19,23,5],[15,7,11,3,19,23,5],[7,11,15,3,19,23,13,5,9],[3,11,23,15,7,19,5],[19,3,23,15,11,7,5],[7,23,3,19,11,15,5],[15,11,19,23,3,7,13,5,9],[23,3,15,11,7,19,13,5,9],[7,19,15,3,23,11,13,5,9],[7,3,19,11,23,15,5],[19,23,7,15,3,11,5],[3,7,23,11,15,19,5],[11,19,23,7,15,3,5],[23,19,11,3,7,15,13,5,9],[19,7,15,23,11,3,13,5,9],[7,3,19,23,15,11,5],[19,15,11,23,3,7,5],[3,19,11,23,7,15,13,5,9],[19,23,7,15,3,11,13,5,9],[3,23,11,19,7,15,13,5,9],[7,15,23,19,11,3,5],[19,11,23,15,3,7,13,5,9],[19,7,11,3,23,15,5],[11,23,19,7,3,15,13,5,9],[11,3,15,23,19,7,13,5,9],[15,11,23,3,19,7,13,5,9],[23,3,19,7,11,15,13,5,9],[7,3,19,11,15,23,5],[3,11,15,19,23,7,5],[15,3,7,23,19,11,13,5,9],[19,11,3,23,7,15,5],[19,7,23,15,3,11,5],[3,15,7,23,11,19,5],[23,19,3,7,11,15,5],[15,3,7,11,23,19,13,5,9],[3,7,11,23,19,15,5],[19,11,7,23,15,3,5],[11,7,3,19,23,15,13,5,9],[23,19,11,15,3,7,5],[11,7,23,15,19,3,5],[19,7,3,15,23,11,5],[3,11,7,15,19,23,13,5,9],[23,19,15,3,7,11,13,5,9],[7,11,23,19,3,15,13,5,9],[11,23,3,7,19,15,13,5,9],[15,11,7,3,23,19,5],[3,15,19,11,7,23,13,5,9],[15,11,3,23,19,7,5],[7,11,15,19,3,23,13,5,9],[3,19,11,23,15,7,5],[3,11,19,23,15,7,5],[7,15,19,11,23,3,13,5,9],[15,23,11,19,3,7,13,5,9],[7,15,11,23,3,19,5],[3,11,23,7,15,19,5],[7,23,15,19,11,3,13,5,9],[23,7,15,19,11,3,13,5,9],[3,23,19,15,11,7,5],[19,23,11,15,3,7,5],[23,3,15,19,7,11,13,5,9],[7,23,15,11,3,19,5],[11,15,3,23,19,7,5],[23,19,3,15,7,11,13,5,9],[7,15,23,3,19,11,5],[23,3,15,11,19,7,13,5,9],[15,3,19,11,23,7,5],[23,15,3,11,19,7,5],[3,15,7,19,11,23,13,5,9],[7,3,23,19,15,11,5],[19,11,3,15,7,23,5],[23,3,7,19,15,11,5],[7,19,3,23,15,11,5],[15,7,11,3,23,19,5],[11,7,15,23,19,3,13,5,9],[19,23,7,15,3,11,13,5,9],[19,11,23,7,3,15,13,5,9],[15,23,7,3,19,11,13,5,9],[23,19,7,11,15,3,5],[19,23,11,7,3,15,13,5,9],[23,3,11,15,19,7,5],[7,19,15,3,23,11,13,5,9],[11,15,3,19,7,23,13,5,9],[19,7,11,3,15,23,5],[23,7,19,3,15,11,5],[7,23,19,3,11,15,13,5,9],[7,3,23,19,15,11,5],[11,3,15,7,19,23,13,5,9],[15,11,3,7,23,19,5],[11,7,3,15,19,23,13,5,9],[19,3,7,23,15,11,5],[23,7,19,15,3,11,5],[11,3,19,7,23,15,5],[3,23,19,11,7,15,13,5,9],[11,3,7,23,19,15,5],[3,7,11,15,19,23,5],[3,11,7,15,19,23,13,5,9],[19,23,15,7,3,11,13,5,9],[23,15,7,19,3,11,13,5,9],[15,23,3,19,11,7,13,5,9],[3,7,23,11,15,19,5],[3,23,11,15,7,19,13,5,9],[7,3,23,11,19,15,13,5,9],[19,15,7,3,23,11,5],[7,23,3,15,11,19,5],[19,7,23,15,11,3,5],[7,23,11,15,19,3,5],[11,23,7,19,3,15,13,5,9],[3,19,11,7,23,15,5],[3,15,11,19,7,23,5],[7,11,23,15,3,19,13,5,9],[15,3,23,7,11,19,5],[11,3,7,23,19,15,5],[23,7,19,11,3,15,13,5,9],[23,3,15,11,7,19,13,5,9],[23,7,11,3,19,15,13,5,9],[3,11,7,23,15,19,13,5,9],[3,23,15,7,19,11,13,5,9],[7,11,15,23,3,19,5],[3,19,15,23,7,11,13,5,9],[19,11,7,15,3,23,13,5,9],[11,19,15,7,3,23,5],[3,15,23,7,19,11,5],[23,19,11,3,7,15,13,5,9],[23,11,19,15,3,7,5],[15,11,3,7,23,19,5],[23,11,7,3,19,15,13,5,9],[23,11,3,7,15,19,5],[19,23,3,11,7,15,5],[15,23,3,11,19,7,13,5,9],[11,7,23,3,15,19,5],[7,19,3,15,11,23,13,5,9],[23,7,15,3,19,11,5],[23,3,11,15,7,19,5],[19,23,11,7,15,3,13,5,9],[19,7,11,23,15,3,13,5,9],[3,23,11,7,19,15,5],[23,3,11,15,7,19,13,5,9],[11,19,15,7,3,23,5],[19,3,11,15,23,7,5],[19,23,7,15,11,3,5],[11,23,7,19,3,15,13,5,9],[15,19,11,7,23,3,13,5,9],[23,15,19,7,3,11,13,5,9],[3,23,7,15,11,19,13,5,9],[23,3,19,15,7,11,5],[7,3,11,19,15,23,5],[23,11,7,15,3,19,13,5,9],[23,15,7,3,11,19,13,5,9],[3,15,23,11,7,19,13,5,9],[23,19,7,15,3,11,13,5,9],[3,15,23,11,7,19,13,5,9],[11,15,23,3,19,7,13,5,9],[3,7,15,11,19,23,13,5,9],[3,11,15,19,23,7,13,5,9],[23,7,11,15,19,3,5],[19,11,3,7,23,15,5],[23,15,7,19,11,3,5],[15,23,3,19,7,11,13,5,9],[19,15,23,7,3,11,5],[11,3,7,23,15,19,13,5,9],[3,7,15,11,23,19,13,5,9],[19,3,23,11,7,15,5],[3,15,19,23,11,7,5],[19,15,11,23,3,7,13,5,9],[19,7,23,11,15,3,5],[15,11,7,23,3,19,13,5,9],[11,19,15,3,7,23,5],[7,23,15,11,3,19,13,5,9],[3,7,23,19,11,15,13,5,9],[15,11,3,23,19,7,5],[11,7,3,23,15,19,13,5,9],[15,3,11,23,7,19,5],[19,15,23,3,7,11,5],[7,3,15,11,19,23,5],[23,7,3,15,11,19,5],[7,15,3,19,11,23,5],[11,19,15,23,3,7,5],[19,15,23,7,11,3,5],[7,15,19,23,11,3,13,5,9],[3,11,7,15,23,19,5],[7,23,15,19,3,11,13,5,9],[15,23,3,19,11,7,5],[7,15,23,11,19,3,5],[23,11,15,19,3,7,13,5,9],[11,7,23,15,19,3,5],[15,3,19,11,7,23,13,5,9],[15,19,3,11,7,23,5],[11,19,7,3,15,23,5],[15,19,7,11,23,3,5],[23,19,3,11,7,15,13,5,9],[19,7,23,15,3,11,13,5,9],[7,15,19,3,23,11,13,5,9],[3,23,11,7,15,19,13,5,9],[7,19,3,23,11,15,5],[7,3,15,19,23,11,13,5,9],[15,19,23,7,11,3,13,5,9],[7,15,19,11,3,23,5],[23,7,11,19,3,15,5],[11,23,15,3,19,7,5],[15,19,23,3,11,7,5],[7,23,15,3,19,11,13,5,9],[7,23,19,3,15,11,5],[23,7,19,15,3,11,5],[19,15,3,23,7,11,5],[23,15,19,7,3,11,13,5,9],[19,15,3,7,23,11,13,5,9],[7,23,11,15,19,3,13,5,9],[23,11,19,7,15,3,5],[7,11,23,3,15,19,13,5,9],[7,11,3,15,19,23,13,5,9],[3,15,19,11,23,7,13,5,9],[15,19,3,23,11,7,5],[15,3,7,11,23,19,13,5,9],[19,7,11,15,3,23,5],[19,11,15,23,7,3,5],[11,23,3,7,15,19,5],[7,19,15,11,3,23,13,5,9],[15,3,19,7,23,11,13,5,9],[15,3,19,23,11,7,5],[19,7,15,23,11,3,13,5,9],[15,19,7,3,11,23,13,5,9],[3,19,11,15,7,23,5],[23,15,3,11,19,7,13,5,9],[15,3,23,7,19,11,13,5,9],[19,15,3,23,11,7,5],[3,19,15,11,23,7,5],[11,3,7,23,15,19,5],[23,11,3,7,15,19,13,5,9],[23,15,7,19,3,11,5],[15,19,23,7,11,3,5],[7,19,3,15,23,11,13,5,9],[3,19,15,7,11,23,13,5,9],[7,15,19,11,23,3,13,5,9],[23,3,7,11,19,15,5],[7,11,19,3,15,23,13,5,9],[19,3,23,15,7,11,13,5,9],[19,23,3,15,7,11,5],[3,19,15,11,7,23,5],[11,3,23,7,15,19,5],[15,3,19,23,7,11,5],[11,19,15,7,23,3,5],[23,7,19,11,15,3,5],[15,11,23,19,7,3,5],[15,3,23,7,11,19,5],[23,7,19,11,3,15,5],[15,23,11,19,7,3,13,5,9],[11,15,23,3,7,19,13,5,9],[11,7,3,23,19,15,13,5,9],[15,11,3,7,23,19,5],[23,7,3,11,19,15,13,5,9],[3,19,11,7,15,23,13,5,9],[3,15,23,19,11,7,5],[19,11,15,3,7,23,5],[7,11,3,15,23,19,5],[3,15,11,7,23,19,13,5,9],[11,3,23,19,7,15,5],[11,7,15,19,23,3,5],[7,3,19,23,15,11,5],[3,11,7,23,15,19,13,5,9],[19,23,11,3,7,15,13,5,9],[3,15,23,7,19,11,13,5,9],[23,7,15,11,3,19,13,5,9],[23,3,15,7,11,19,5],[19,3,23,15,11,7,13,5,9],[23,7,3,19,11,15,5],[11,3,19,15,7,23,13,5,9],[15,19,3,7,23,11,5],[15,3,23,19,11,7,5],[7,19,3,11,23,15,5],[23,11,15,7,19,3,13,5,9],[11,3,15,7,19,23,5],[15,19,7,11,3,23,5],[3,15,7,19,23,11,5],[15,7,19,3,23,11,13,5,9],[19,3,7,23,15,11,5],[11,19,7,3,23,15,13,5,9],[3,23,7,19,11,15,5],[15,19,11,7,23,3,5],[11,7,3,19,23,15,5],[11,7,3,15,23,19,13,5,9],[3,19,11,7,23,15,5],[7,15,23,19,3,11,5],[23,19,15,7,3,11,13,5,9],[7,19,15,3,11,23,13,5,9],[7,23,3,19,15,11,13,5,9],[15,19,7,3,11,23,13,5,9],[3,23,15,7,19,11,5],[19,7,3,23,11,15,13,5,9],[15,19,7,11,23,3,5],[7,19,11,3,15,23,5],[19,15,7,11,23,3,13,5,9],[7,15,23,3,19,11,5],[23,7,19,3,15,11,5],[7,3,15,23,11,19,13,5,9],[11,3,19,15,7,23,13,5,9],[7,3,23,19,11,15,5],[23,19,3,11,7,15,13,5,9],[3,15,7,11,23,19,5],[11,7,3,23,19,15,5],[15,23,19,3,11,7,5],[19,23,3,15,7,11,5],[23,7,11,15,19,3,13,5,9],[11,7,19,23,3,15,13,5,9],[23,19,15,11,7,3,5],[15,3,19,7,11,23,5],[7,23,19,15,3,11,5],[23,11,3,7,19,15,13,5,9],[7,19,3,11,15,23,13,5,9],[3,7,19,11,15,23,13,5,9],[19,7,23,15,3,11,13,5,9],[23,11,19,7,3,15,13,5,9],[15,19,11,23,3,7,5],[19,15,23,11,7,3,13,5,9],[7,23,3,15,19,11,5],[23,11,19,15,3,7,5],[19,3,23,15,11,7,5],[19,7,3,11,23,15,5],[23,11,19,3,7,15,13,5,9],[3,19,11,7,15,23,13,5,9],[23,11,7,19,3,15,13,5,9],[3,23,11,19,15,7,13,5,9],[11,3,23,15,19,7,13,5,9],[11,7,23,3,15,19,13,5,9],[3,7,15,11,19,23,13,5,9],[15,19,3,23,7,11,13,5,9],[23,19,15,3,11,7,5],[3,19,11,7,15,23,5],[3,15,7,23,19,11,13,5,9],[19,7,3,11,23,15,13,5,9],[19,15,23,3,7,11,13,5,9],[23,11,3,7,15,19,5],[23,15,19,7,3,11,13,5,9],[19,3,11,15,7,23,5],[11,23,3,19,7,15,5],[7,23,11,15,3,19,13,5,9],[19,7,23,3,15,11,5],[19,3,23,15,11,7,13,5,9],[7,15,23,3,19,11,13,5,9],[19,3,11,15,23,7,13,5,9],[7,3,15,19,23,11,13,5,9],[11,19,23,7,3,15,5],[15,7,19,23,3,11,13,5,9],[3,7,23,11,19,15,5],[23,11,3,15,7,19,5],[23,11,15,3,7,19,5],[11,7,3,15,19,23,13,5,9],[23,3,15,11,19,7,13,5,9],[15,23,19,11,3,7,13,5,9],[15,23,3,19,11,7,5],[15,3,23,11,19,7,5],[11,19,23,7,15,3,13,5,9],[15,19,23,7,3,11,13,5,9],[11,3,15,19,23,7,5],[15,19,7,23,3,11,13,5,9],[7,19,15,3,23,11,5],[23,15,7,19,3,11,5],[3,15,7,23,11,19,13,5,9],[3,11,7,19,15,23,5],[23,11,19,7,15,3,5],[3,19,7,23,15,11,13,5,9],[15,23,3,11,19,7,5],[11,7,23,15,19,3,5],[7,23,3,15,19,11,13,5,9],[23,3,19,11,15,7,13,5,9],[7,3,11,19,15,23,5],[15,3,19,23,7,11,5],[3,19,7,11,15,23,5],[11,19,15,7,3,23,13,5,9],[7,3,23,19,15,11,5],[19,15,23,11,3,7,5],[7,23,19,11,3,15,13,5,9],[11,3,15,7,23,19,13,5,9],[19,23,15,11,7,3,5],[11,7,19,15,23,3,13,5,9],[23,19,3,15,11,7,5],[11,3,19,15,7,23,5],[23,3,7,11,15,19,5],[19,15,7,23,11,3,13,5,9],[7,19,15,11,23,3,5],[11,3,19,15,23,7,13,5,9],[11,15,19,3,23,7,13,5,9],[15,19,3,11,23,7,5],[15,11,19,23,3,7,5],[7,11,23,15,3,19,5],[23,3,7,11,19,15,13,5,9],[23,7,15,19,3,11,5],[23,19,7,3,15,11,13,5,9],[23,19,3,7,11,15,13,5,9],[23,11,3,7,19,15,5],[11,3,15,23,7,19,5],[3,23,11,7,15,19,5],[3,19,11,15,23,7,13,5,9],[3,15,23,19,7,11,13,5,9],[19,11,23,15,7,3,13,5,9],[11,23,15,3,7,19,5],[3,23,7,19,11,15,5],[7,15,19,3,23,11,5],[11,19,23,15,7,3,5],[19,3,15,23,11,7,5],[11,3,15,7,19,23,13,5,9],[19,7,15,11,23,3,13,5,9],[7,3,11,15,23,19,13,5,9],[11,15,7,3,19,23,13,5,9],[23,15,11,3,7,19,13,5,9],[15,23,3,11,7,19,13,5,9],[23,3,19,11,15,7,13,5,9],[3,19,7,11,23,15,5],[15,19,7,23,11,3,13,5,9],[11,23,7,3,19,15,5],[19,23,15,7,3,11,5],[7,19,23,15,3,11,13,5,9],[3,7,19,11,15,23,5],[23,3,11,7,15,19,5],[15,19,3,11,23,7,5],[3,15,19,7,11,23,5],[23,11,19,7,15,3,5],[15,3,11,7,19,23,13,5,9],[19,23,7,15,11,3,5],[23,7,3,15,11,19,13,5,9],[15,7,19,23,3,11,13,5,9],[3,15,11,19,7,23,13,5,9],[23,19,15,7,3,11,13,5,9],[19,15,7,3,23,11,5],[15,3,7,23,19,11,5],[11,3,23,15,7,19,13,5,9],[23,19,11,3,15,7,5],[15,23,19,7,3,11,13,5,9],[19,7,15,11,23,3,5],[3,11,15,7,23,19,13,5,9],[7,23,15,19,3,11,5],[15,7,23,3,19,11,13,5,9],[15,19,3,7,23,11,13,5,9],[3,23,19,11,7,15,13,5,9],[15,3,23,19,7,11,5],[11,7,15,3,19,23,13,5,9],[11,3,23,7,19,15,13,5,9],[11,3,15,19,23,7,5],[7,3,23,15,19,11,5],[19,15,7,11,3,23,5],[19,23,3,7,11,15,13,5,9],[19,11,23,3,15,7,5],[11,3,19,15,7,23,13,5,9],[23,19,15,7,3,11,13,5,9],[19,15,11,23,7,3,13,5,9],[15,7,19,23,3,11,13,5,9],[11,3,7,15,23,19,13,5,9],[3,11,23,7,19,15,13,5,9],[15,19,23,11,7,3,13,5,9],[15,23,3,11,7,19,5],[15,23,19,7,3,11,5],[7,11,3,23,15,19,13,5,9],[23,11,3,15,19,7,5],[23,11,3,15,7,19,13,5,9],[19,15,11,7,23,3,5],[23,7,11,3,15,19,13,5,9],[7,19,23,15,11,3,13,5,9],[15,23,19,7,11,3,13,5,9],[19,7,23,15,3,11,13,5,9],[23,7,15,11,3,19,5],[7,23,3,15,11,19,13,5,9],[11,23,3,19,7,15,13,5,9],[15,11,3,7,23,19,5],[3,15,7,19,23,11,5],[19,15,7,3,11,23,13,5,9],[23,15,19,11,3,7,5],[3,11,7,19,15,23,5],[3,23,19,11,15,7,13,5,9],[23,7,3,11,19,15,5],[7,3,19,11,15,23,5],[11,3,15,19,23,7,13,5,9],[15,7,19,3,11,23,13,5,9],[23,7,11,3,15,19,13,5,9],[11,3,15,23,19,7,5],[23,3,19,15,7,11,13,5,9],[23,7,19,15,11,3,13,5,9],[15,19,7,23,3,11,5],[7,23,11,15,19,3,5],[7,11,15,23,19,3,13,5,9],[23,7,15,3,11,19,5],[11,15,3,19,7,23,5],[23,3,7,19,15,11,13,5,9],[19,15,3,7,23,11,13,5,9],[19,7,3,11,15,23,13,5,9],[23,19,3,11,7,15,5],[23,15,7,11,3,19,5],[3,15,19,11,7,23,5],[19,15,7,3,11,23,13,5,9],[15,11,23,7,19,3,5],[3,7,23,11,19,15,13,5,9],[11,15,3,7,23,19,5],[19,15,23,7,11,3,13,5,9],[7,3,15,19,11,23,13,5,9],[19,3,23,15,11,7,13,5,9],[3,11,7,23,15,19,5],[15,3,11,7,19,23,5],[3,7,23,15,11,19,13,5,9],[3,23,15,7,11,19,13,5,9],[11,19,3,7,23,15,13,5,9],[23,11,7,15,3,19,13,5,9],[19,23,7,15,11,3,5],[3,15,7,23,11,19,13,5,9],[3,7,11,19,23,15,5],[23,15,19,3,11,7,5],[3,7,19,23,11,15,13,5,9],[23,15,19,7,11,3,5],[15,11,7,19,23,3,13,5,9],[11,19,23,15,3,7,13,5,9],[19,11,15,23,7,3,5],[15,23,7,11,19,3,13,5,9],[15,3,11,7,19,23,13,5,9],[11,7,19,23,15,3,5],[7,23,19,15,11,3,5],[19,23,11,7,15,3,13,5,9],[3,7,11,19,23,15,13,5,9],[19,15,3,23,7,11,5],[7,23,3,11,19,15,13,5,9],[11,7,15,23,3,19,5],[3,23,11,7,19,15,5],[11,19,3,23,7,15,5],[23,15,11,19,7,3,5],[11,3,15,19,7,23,5],[7,11,19,23,15,3,5],[7,23,11,19,3,15,5],[23,7,15,11,19,3,13,5,9],[23,15,3,19,11,7,5],[11,19,3,7,23,15,13,5,9],[23,3,7,15,19,11,13,5,9],[23,15,3,7,19,11,5],[3,23,7,15,19,11,5],[19,7,15,3,11,23,13,5,9],[19,15,7,3,23,11,5],[11,15,3,19,23,7,13,5,9],[3,7,11,15,19,23,5],[3,11,15,23,19,7,13,5,9],[15,7,11,23,3,19,5],[19,15,23,3,7,11,5],[15,19,3,11,7,23,13,5,9],[19,15,11,7,3,23,5],[19,7,3,11,15,23,5],[15,3,19,7,11,23,5],[15,7,19,11,23,3,5],[7,11,19,15,23,3,5],[7,19,11,3,23,15,5],[19,7,23,15,11,3,13,5,9],[19,23,15,3,7,11,5],[11,23,19,7,15,3,13,5,9],[7,19,15,11,3,23,13,5,9],[11,3,19,23,7,15,5],[11,23,15,3,19,7,5],[7,19,11,23,15,3,13,5,9],[23,15,11,3,19,7,5],[23,11,19,15,7,3,13,5,9],[7,3,19,11,15,23,5],[3,15,11,19,7,23,5],[19,7,15,11,3,23,5],[11,7,15,3,23,19,5],[19,11,7,3,23,15,5],[3,19,23,15,11,7,13,5,9],[11,7,19,3,23,15,5],[15,23,3,7,11,19,5],[23,7,11,3,19,15,13,5,9],[11,19,3,7,23,15,5],[15,23,19,7,3,11,5],[15,19,11,7,23,3,5],[7,23,11,19,3,15,5],[15,23,11,3,19,7,5],[3,19,23,7,15,11,5],[7,23,11,15,19,3,5],[3,15,11,23,7,19,5],[3,19,15,23,11,7,5],[7,3,11,19,23,15,5],[11,15,3,7,19,23,5],[11,3,23,15,19,7,13,5,9],[23,15,19,3,11,7,13,5,9],[3,19,7,23,11,15,5],[3,11,23,19,15,7,5],[3,19,7,23,11,15,13,5,9],[7,11,15,19,23,3,5],[19,11,3,15,23,7,13,5,9],[15,23,19,7,11,3,13,5,9],[19,3,7,15,23,11,5],[23,7,3,15,11,19,13,5,9],[15,3,7,11,19,23,13,5,9],[11,15,3,19,7,23,13,5,9],[15,11,19,3,7,23,13,5,9],[23,19,15,3,7,11,13,5,9],[15,7,11,19,3,23,5],[7,11,19,3,15,23,5],[3,19,11,15,23,7,5],[23,11,19,7,3,15,13,5,9],[23,7,11,15,3,19,13,5,9],[11,3,15,19,23,7,5],[15,7,23,3,19,11,13,5,9],[7,23,19,11,15,3,5],[7,11,3,23,19,15,13,5,9],[7,19,3,15,23,11,5],[19,15,3,23,7,11,13,5,9],[15,19,11,3,7,23,5],[19,15,3,11,7,23,5],[19,3,23,15,7,11,13,5,9],[11,3,19,7,23,15,13,5,9],[11,7,3,19,23,15,5],[23,3,7,11,15,19,5],[19,7,3,15,11,23,13,5,9],[15,3,11,23,7,19,13,5,9],[19,23,3,15,7,11,13,5,9],[23,11,3,7,19,15,13,5,9],[23,7,19,15,11,3,5],[11,15,7,19,23,3,13,5,9],[23,19,3,7,15,11,13,5,9],[23,11,15,3,19,7,13,5,9],[23,3,15,7,19,11,13,5,9],[19,3,23,15,7,11,5],[15,7,19,3,23,11,13,5,9],[19,3,11,7,15,23,13,5,9],[23,7,11,3,19,15,5],[19,11,15,7,3,23,13,5,9],[19,15,23,11,7,3,5],[11,15,19,7,23,3,5],[19,3,11,15,7,23,5],[19,7,11,15,23,3,5],[3,23,11,15,19,7,13,5,9],[19,23,15,11,3,7,5],[11,15,3,19,23,7,5],[23,19,7,15,3,11,13,5,9],[19,15,23,3,7,11,13,5,9],[15,23,7,19,3,11,13,5,9],[3,23,15,19,11,7,5],[15,3,7,11,19,23,13,5,9],[11,3,19,23,7,15,5],[19,23,7,15,11,3,5],[19,23,11,3,15,7,13,5,9],[3,19,23,15,7,11,5],[11,23,19,15,3,7,5],[23,11,3,19,7,15,13,5,9],[23,3,11,7,15,19,13,5,9],[7,3,19,11,15,23,13,5,9],[11,7,19,15,23,3,5],[3,11,15,19,7,23,5],[23,11,3,7,15,19,13,5,9],[19,15,7,3,23,11,13,5,9],[11,23,7,15,3,19,5],[15,7,3,11,23,19,13,5,9],[11,23,15,7,19,3,13,5,9],[11,15,23,7,3,19,5],[19,7,15,11,3,23,5],[23,11,3,7,15,19,13,5,9],[3,15,23,19,7,11,5],[11,23,19,7,15,3,13,5,9],[7,23,11,3,15,19,13,5,9],[19,3,23,11,15,7,5],[11,23,7,15,3,19,13,5,9],[3,15,7,19,23,11,13,5,9],[19,11,3,23,7,15,5],[15,11,19,7,3,23,5],[23,3,19,7,15,11,5],[23,3,7,19,15,11,13,5,9],[7,15,11,19,3,23,13,5,9],[23,15,3,7,11,19,13,5,9],[11,15,19,23,7,3,5],[7,3,23,15,11,19,13,5,9],[7,23,11,15,3,19,13,5,9],[7,23,11,3,15,19,5],[19,7,15,23,3,11,13,5,9],[19,3,23,11,15,7,13,5,9],[3,19,15,23,7,11,13,5,9],[7,23,15,11,3,19,13,5,9],[3,11,15,7,19,23,13,5,9],[19,11,3,7,15,23,5],[19,7,23,3,15,11,13,5,9],[3,7,23,11,15,19,5],[7,19,23,15,11,3,13,5,9],[11,3,7,19,15,23,13,5,9],[3,19,15,23,11,7,13,5,9],[3,23,7,15,11,19,13,5,9],[23,3,19,11,15,7,5],[19,23,15,11,3,7,13,5,9],[7,15,23,3,11,19,5],[19,3,15,23,11,7,5],[23,19,3,7,11,15,13,5,9],[11,7,23,3,15,19,13,5,9],[19,11,23,3,7,15,13,5,9],[19,23,7,15,11,3,5],[23,19,15,11,7,3,13,5,9],[11,15,19,3,23,7,5],[23,7,19,3,15,11,5],[11,15,23,3,7,19,5],[11,3,19,7,23,15,13,5,9],[7,3,15,23,11,19,5],[3,19,11,23,15,7,5],[3,11,19,7,23,15,13,5,9],[15,11,3,19,7,23,5],[7,15,3,23,19,11,13,5,9],[11,3,15,19,7,23,5],[3,15,19,11,23,7,5],[11,3,23,7,15,19,5],[19,7,15,11,3,23,5],[23,19,3,15,11,7,13,5,9],[15,23,3,11,19,7,5],[23,7,15,19,3,11,5],[23,11,7,19,15,3,5],[7,23,11,19,3,15,5],[7,15,23,11,3,19,5],[7,3,11,23,19,15,13,5,9],[23,11,15,7,19,3,13,5,9],[19,15,11,7,3,23,5],[11,15,3,23,19,7,5],[3,11,7,15,19,23,13,5,9],[15,23,11,19,7,3,5],[11,23,15,7,3,19,13,5,9],[23,3,7,15,11,19,13,5,9],[15,7,3,11,19,23,5],[19,15,11,3,23,7,5],[7,11,15,19,3,23,5],[3,7,11,19,23,15,5],[23,19,15,7,11,3,5],[23,3,7,19,15,11,13,5,9],[15,3,11,7,19,23,13,5,9],[11,3,23,15,19,7,5],[7,23,15,11,3,19,13,5,9],[23,15,11,3,19,7,13,5,9],[11,3,19,23,7,15,13,5,9],[15,19,11,3,7,23,13,5,9],[15,23,11,19,7,3,5],[23,11,19,3,7,15,5],[23,11,15,19,3,7,13,5,9],[23,15,3,19,11,7,13,5,9],[3,23,15,11,19,7,13,5,9],[11,15,3,7,19,23,13,5,9],[7,3,19,23,15,11,13,5,9],[3,23,7,15,11,19,5],[7,23,3,19,15,11,5],[15,19,11,3,23,7,5],[3,23,11,19,15,7,5],[23,3,19,7,15,11,5],[11,15,3,7,19,23,5],[23,3,15,19,11,7,13,5,9],[19,7,15,23,11,3,13,5,9],[11,7,15,3,19,23,13,5,9],[3,11,19,15,7,23,5],[7,3,19,11,23,15,13,5,9],[3,23,7,11,15,19,5],[15,11,19,3,7,23,5],[15,3,23,19,7,11,5],[7,19,3,23,15,11,13,5,9],[7,23,15,11,3,19,13,5,9],[7,11,3,15,23,19,5],[19,7,23,3,11,15,13,5,9],[15,11,7,3,23,19,13,5,9],[3,7,15,19,11,23,5],[23,3,11,19,7,15,5],[19,11,3,15,7,23,5],[23,11,3,7,15,19,5],[19,7,11,23,15,3,5],[23,3,19,15,11,7,13,5,9],[23,3,7,19,15,11,5],[15,3,23,19,11,7,5],[23,3,19,11,7,15,13,5,9],[7,3,15,23,11,19,13,5,9],[19,11,23,3,7,15,13,5,9],[7,19,3,11,15,23,5],[11,7,19,23,3,15,5],[7,19,23,15,11,3,5],[3,19,11,23,7,15,13,5,9],[7,3,23,15,11,19,5],[15,3,23,11,7,19,5],[23,15,7,11,3,19,5],[11,23,7,19,3,15,13,5,9],[7,15,3,23,19,11,13,5,9],[7,23,19,15,3,11,5],[15,7,3,19,23,11,13,5,9],[23,3,7,19,15,11,13,5,9],[7,3,11,19,15,23,5],[11,3,19,15,7,23,5],[19,11,15,23,3,7,5],[19,11,15,3,23,7,5],[15,7,3,11,23,19,5],[11,3,23,7,19,15,13,5,9],[3,7,19,11,23,15,13,5,9],[15,7,3,19,23,11,13,5,9],[3,15,7,11,23,19,13,5,9],[11,19,7,23,3,15,5],[15,11,3,7,23,19,13,5,9],[7,19,3,23,11,15,5],[19,15,11,3,23,7,5],[23,3,19,7,11,15,5],[3,19,11,23,7,15,13,5,9],[19,7,23,11,3,15,13,5,9],[3,11,19,7,23,15,13,5,9],[3,23,11,7,15,19,5],[7,11,23,15,3,19,5],[15,19,7,3,23,11,13,5,9],[7,23,15,11,3,19,5],[7,11,3,19,23,15,13,5,9],[23,15,19,7,3,11,5],[19,23,7,11,3,15,5],[3,19,11,15,23,7,13,5,9],[15,7,3,23,19,11,13,5,9],[7,19,23,11,15,3,5],[23,11,15,19,3,7,13,5,9],[3,23,11,15,19,7,13,5,9],[15,23,19,3,7,11,13,5,9],[15,19,23,11,7,3,13,5,9],[23,7,3,11,19,15,5],[3,11,15,19,7,23,5],[11,15,7,3,23,19,13,5,9],[3,19,11,15,23,7,13,5,9],[15,19,3,11,23,7,13,5,9],[3,7,23,11,15,19,5],[11,3,7,19,15,23,5],[23,3,15,19,7,11,5],[3,19,15,11,23,7,5],[11,7,19,15,3,23,13,5,9],[23,3,11,15,7,19,13,5,9],[15,7,19,23,11,3,5],[11,15,3,19,23,7,13,5,9],[3,7,11,15,23,19,13,5,9],[19,23,15,7,11,3,5],[11,7,19,23,3,15,5],[15,23,7,3,11,19,5],[11,3,23,19,15,7,5],[19,3,15,7,11,23,5],[15,23,7,11,3,19,5],[15,23,3,7,19,11,13,5,9],[7,23,11,3,19,15,5],[15,7,23,3,11,19,13,5,9],[15,19,7,11,3,23,5],[11,7,15,23,19,3,13,5,9],[19,23,15,3,7,11,13,5,9],[3,15,7,19,11,23,13,5,9],[15,7,23,19,11,3,5],[11,7,19,3,23,15,5],[19,7,3,23,11,15,5],[15,3,11,23,19,7,13,5,9],[15,7,23,11,19,3,5],[15,23,19,3,11,7,13,5,9],[3,7,19,11,23,15,13,5,9],[11,23,3,7,19,15,5],[19,23,7,11,15,3,5],[23,19,7,11,3,15,13,5,9],[19,11,7,15,23,3,13,5,9],[7,23,11,15,3,19,13,5,9],[19,7,11,23,15,3,5],[19,11,7,23,15,3,13,5,9],[15,11,23,19,7,3,5],[7,23,11,15,3,19,13,5,9],[15,3,23,7,19,11,13,5,9],[15,7,3,11,19,23,13,5,9],[3,11,23,15,7,19,5],[15,19,7,3,23,11,5],[15,7,23,3,11,19,13,5,9],[11,15,7,3,23,19,13,5,9],[15,23,7,3,11,19,5],[11,23,7,19,15,3,5],[15,11,3,19,7,23,13,5,9],[19,3,11,15,23,7,5],[11,23,3,19,7,15,13,5,9],[19,3,23,11,15,7,13,5,9],[19,3,7,23,15,11,13,5,9],[7,11,23,3,19,15,5],[11,19,3,7,23,15,5],[15,7,19,23,11,3,5]],"n_human":8}