{"problem_id":"E0iow03ugardVta","sigma":150,"alpha":3.162,"cost":4,"probabilities":"[0.3, 0.21, 0.21, 0.28]","payoff_matrix":"[[-101, -164, -156, 26, 59, -104], [-43, -233, -185, -61, -97, -286], [-35, -63, 31, 12, 23, 113], [17, 164, 241, -3, 4, -109]]","uncovered":[[17,13,20,1,5,21,9,16,14,18,15,19,4,24],[21,1,17,5,13,20,16,9,18,14,19,15,4,24],[5,9,1,17,13,20,21,16,14,19],[17,1,21,13,16,5,9,20,15,18,19,14,4,24],[17,21,1,5,9,13,20,16,15,18,19,14,4,24],[13,1,21,9,5,17,16,20,18,15,14,19,4,24],[17,13,16,21,5,1,9,20,19,15,18,14,4,24],[21,9,5,1,13,17,16,20,19,14],[9,17,13,20,5,21,1,16,14,19],[1,13,17,16,9,21,5,20,15,19,18,14,4,24],[1,13,9,5,21,17,20,16,15,18,14,19,4,24],[9,13,17,20,16,5,1,21,14,18,15,19,4,24],[13,17,20,21,1,9,5,16,14,18,19,15,4,24],[9,5,1,17,13,16,21,20,19,15,14],[21,5,13,17,20,16,1,9,14,19],[1,13,5,21,9,17,16,20,19,15,14],[1,13,9,17,20,5,21,16,14,19],[17,21,9,13,16,5,1,20,18,15,14,19,4,24],[9,13,1,21,17,20,5,16,18,14,15,19,4,24],[17,9,21,13,20,1,16,5,18,15,19,14,4,24],[9,21,13,5,1,17,20,16,18,15,19,14,4,24],[17,21,13,16,1,9,5,20,18,15,19,14,4,24],[17,21,9,13,16,5,1,20,19,15,18,14,4,24],[1,9,17,5,13,16,21,20,19,15,14],[17,5,9,13,16,1,21,20,19,15,18,14,4,24],[13,21,5,1,17,20,9,16,14,18,19,15,4,24],[5,1,9,13,21,17,16,20,14,19],[17,5,13,20,9,21,1,16,19,15,18,14,4,24],[13,5,17,16,1,9,21,20,19,15,14],[21,1,5,13,17,16,9,20,15,18,14,19,4,24],[17,13,9,20,1,16,5,21,18,14,15,19,4,24],[17,13,1,20,5,9,21,16,14,19],[5,17,13,16,21,1,9,20,14,18,19,15,4,24],[1,5,21,13,17,16,9,20,14,19],[9,1,21,17,13,5,20,16,14,19],[1,17,21,5,13,20,9,16,15,19,18,14,4,24],[9,5,13,17,16,21,1,20,14,18,19,15,4,24],[5,17,21,1,9,13,20,16,14,19],[21,13,5,1,17,9,20,16,18,15,19,14,4,24],[9,13,1,5,21,17,20,16,14,19],[21,13,1,9,17,20,5,16,15,18,14,19,4,24],[1,9,17,13,16,21,5,20,18,14,19,15,4,24],[13,9,17,20,5,1,21,16,18,15,14,19,4,24],[1,9,17,13,20,21,5,16,14,19],[17,5,13,16,21,9,1,20,14,18,19,15,4,24],[5,1,9,13,21,17,20,16,19,15,18,14,4,24],[5,1,17,9,13,20,21,16,19,15,14],[5,9,17,13,20,16,21,1,18,14,15,19,4,24],[13,1,17,20,5,16,21,9,14,18,15,19,4,24],[9,1,5,21,17,13,16,20,15,19,14],[9,5,17,1,13,16,21,20,18,15,14,19,4,24],[5,17,21,1,13,20,9,16,19,14],[9,17,21,5,13,16,1,20,19,14],[17,5,1,13,16,9,21,20,15,19,14],[5,21,13,17,20,16,1,9,19,14],[21,1,9,17,5,13,16,20,14,19],[1,13,5,21,17,16,9,20,15,19,14],[13,21,9,5,1,17,20,16,19,15,14],[13,17,16,9,21,1,5,20,15,19,18,14,4,24],[21,9,17,5,13,16,1,20,18,15,14,19,4,24],[13,21,5,9,17,20,1,16,18,14,19,15,4,24],[5,13,17,16,9,21,1,20,15,18,14,19,4,24],[9,21,17,1,5,13,16,20,18,14,15,19,4,24],[13,9,21,1,5,17,20,16,18,15,19,14,4,24],[9,21,1,5,13,17,16,20,18,14,19,15,4,24],[17,13,20,9,1,21,5,16,19,14],[9,1,21,5,17,13,16,20,18,15,19,14,4,24],[1,21,17,13,20,5,9,16,15,18,14,19,4,24],[21,9,5,13,1,17,16,20,15,19,18,14,4,24],[17,9,5,1,13,20,21,16,19,15,18,14,4,24],[21,5,1,17,13,20,9,16,15,18,14,19,4,24],[17,13,20,9,1,21,5,16,15,19,18,14,4,24],[9,5,1,21,13,17,16,20,14,19],[1,17,9,5,13,16,21,20,19,15,14],[1,5,9,13,17,16,21,20,14,18,15,19,4,24],[21,13,9,1,5,17,16,20,18,15,19,14,4,24],[17,1,5,21,9,13,20,16,18,15,14,19,4,24],[17,9,1,13,16,5,21,20,18,14,15,19,4,24],[9,13,5,1,21,17,16,20,19,14],[1,9,17,13,20,21,5,16,14,18,19,15,4,24],[17,9,13,16,1,21,5,20,14,19],[5,1,17,21,13,16,9,20,14,18,15,19,4,24],[9,13,5,21,1,17,16,20,15,18,19,14,4,24],[13,21,17,16,9,5,1,20,14,19],[13,1,5,21,9,17,16,20,18,15,14,19,4,24],[17,21,9,5,1,13,16,20,15,18,19,14,4,24],[1,21,5,17,13,16,9,20,15,19,18,14,4,24],[17,13,16,21,1,5,9,20,19,14],[1,5,21,13,9,17,16,20,14,18,15,19,4,24],[17,21,13,16,1,9,5,20,18,14,19,15,4,24],[17,13,16,5,1,21,9,20,19,14],[9,21,5,13,17,20,1,16,15,19,18,14,4,24],[1,17,5,9,13,16,21,20,15,18,19,14,4,24],[13,5,1,17,20,16,21,9,18,14,15,19,4,24],[13,5,21,1,17,16,9,20,19,14],[1,21,17,5,9,13,16,20,14,19],[17,13,16,21,1,9,5,20,18,14,15,19,4,24],[17,9,13,16,21,5,1,20,18,14,19,15,4,24],[5,17,1,21,13,16,9,20,14,18,19,15,4,24],[13,9,1,5,17,20,21,16,18,15,19,14,4,24],[17,21,9,13,16,1,5,20,14,18,19,15,4,24],[13,9,5,17,16,21,1,20,19,14],[21,17,1,9,13,20,5,16,14,19],[21,5,9,17,1,13,16,20,14,19],[13,9,17,20,21,5,16,1,19,14],[21,1,5,13,17,20,9,16,18,14,15,19,4,24],[13,1,17,20,9,16,21,5,15,19,14],[9,1,13,17,20,16,21,5,19,15,18,14,4,24],[13,9,1,17,5,20,21,16,18,14,15,19,4,24],[21,13,9,5,1,17,16,20,19,14],[5,1,17,13,16,9,21,20,15,18,14,19,4,24],[1,9,21,5,17,13,16,20,19,14],[21,5,9,17,1,13,16,20,14,19],[5,13,21,17,20,9,1,16,14,18,15,19,4,24],[1,13,9,5,17,20,16,21,18,15,19,14,4,24],[1,13,21,5,9,17,20,16,19,14],[1,9,17,21,5,13,20,16,14,19],[1,21,17,13,20,9,5,16,14,18,15,19,4,24],[5,9,13,1,17,16,21,20,14,19],[17,9,5,21,13,20,1,16,14,18,19,15,4,24],[1,5,9,21,17,13,20,16,14,19],[21,1,9,5,13,17,16,20,15,18,19,14,4,24],[9,5,13,17,16,1,21,20,19,15,18,14,4,24],[13,1,9,5,21,17,20,16,14,19],[13,5,21,17,9,16,1,20,15,18,14,19,4,24],[5,9,1,17,21,13,16,20,19,14],[5,17,1,21,9,13,20,16,19,14],[9,17,21,5,13,20,1,16,15,19,18,14,4,24],[9,5,21,17,1,13,20,16,15,19,14],[1,9,17,13,20,5,21,16,15,19,14],[5,9,1,13,21,17,16,20,19,14],[17,1,21,13,20,5,16,9,15,18,19,14,4,24],[9,5,13,21,17,20,1,16,19,15,18,14,4,24],[13,5,9,17,16,1,21,20,14,18,19,15,4,24],[17,13,20,1,16,9,21,5,19,14],[21,9,1,13,5,17,20,16,15,18,14,19,4,24],[13,9,17,16,5,21,1,20,14,18,19,15,4,24],[1,9,5,13,17,20,21,16,18,15,19,14,4,24],[21,1,17,9,13,16,5,20,19,15,14],[13,9,21,5,17,16,1,20,15,18,14,19,4,24],[5,17,9,21,1,13,20,16,14,18,19,15,4,24],[13,5,17,20,21,1,16,9,18,15,14,19,4,24],[17,9,5,1,21,13,16,20,19,14],[17,9,21,1,5,13,20,16,14,19],[9,21,1,17,13,20,16,5,18,14,15,19,4,24],[17,9,21,1,5,13,16,20,18,14,19,15,4,24],[17,21,5,13,20,9,1,16,19,14],[13,5,1,17,16,21,9,20,15,18,14,19,4,24],[1,17,9,13,20,21,16,5,14,18,19,15,4,24],[1,13,21,17,20,16,9,5,14,19],[17,9,13,20,1,21,16,5,15,18,19,14,4,24],[21,1,17,5,9,13,16,20,14,19],[5,13,21,17,20,1,9,16,19,14],[13,9,5,17,16,1,21,20,14,19],[1,13,5,21,17,20,9,16,14,19],[1,5,17,9,21,13,20,16,14,19],[5,1,21,9,17,13,20,16,18,15,19,14,4,24],[1,17,13,16,5,21,9,20,14,18,15,19,4,24],[17,9,1,13,20,5,16,21,15,18,14,19,4,24],[21,13,9,1,5,17,20,16,15,18,19,14,4,24],[9,5,17,13,16,1,21,20,15,19,14],[17,13,20,1,5,21,9,16,18,15,19,14,4,24],[1,5,17,21,9,13,16,20,14,19],[21,1,5,13,17,16,9,20,19,14],[5,21,9,13,17,20,16,1,14,19],[1,9,5,21,17,13,20,16,18,14,19,15,4,24],[21,1,5,9,17,13,16,20,14,18,15,19,4,24],[13,9,5,1,21,17,16,20,15,18,19,14,4,24],[1,9,13,21,5,17,16,20,19,15,14],[13,21,5,9,17,20,16,1,15,19,18,14,4,24],[17,21,13,16,1,9,5,20,15,19,14],[1,17,5,13,16,9,21,20,19,14],[5,1,21,13,17,16,9,20,18,15,14,19,4,24],[5,9,21,13,17,16,1,20,15,18,19,14,4,24],[17,5,1,9,13,20,21,16,14,18,19,15,4,24],[21,5,9,13,1,17,16,20,14,19],[17,9,5,1,13,16,21,20,19,14],[9,17,21,1,13,16,5,20,14,18,15,19,4,24],[9,13,1,5,21,17,20,16,18,15,14,19,4,24],[9,5,21,17,13,16,1,20,18,15,14,19,4,24],[17,1,13,20,9,21,5,16,18,15,14,19,4,24],[13,21,5,9,17,16,1,20,14,19],[13,5,1,9,17,16,21,20,19,15,14],[1,9,17,13,20,5,16,21,19,14],[17,1,13,20,21,5,9,16,18,15,19,14,4,24],[17,5,9,13,16,1,21,20,19,15,14],[17,5,9,13,20,1,21,16,14,19],[9,17,13,16,5,21,1,20,15,19,18,14,4,24],[5,9,21,1,13,17,20,16,15,18,14,19,4,24],[13,1,5,9,17,16,21,20,15,19,14],[17,9,5,1,21,13,20,16,15,18,14,19,4,24],[5,9,21,1,13,17,20,16,14,18,19,15,4,24],[17,9,21,5,1,13,16,20,15,18,14,19,4,24],[13,1,5,21,17,16,9,20,18,15,14,19,4,24],[13,17,16,21,1,5,9,20,18,14,19,15,4,24],[9,17,1,5,21,13,16,20,18,14,15,19,4,24],[9,21,17,5,13,20,1,16,14,19],[13,21,17,16,9,5,1,20,18,15,19,14,4,24],[21,13,5,9,17,16,1,20,14,18,19,15,4,24],[21,17,5,1,9,13,20,16,19,15,18,14,4,24],[1,17,13,16,9,5,21,20,18,15,14,19,4,24],[1,9,5,13,21,17,16,20,18,15,14,19,4,24],[17,9,13,1,16,21,5,20,19,15,14],[17,21,5,1,13,16,9,20,14,19],[17,1,21,13,16,9,5,20,15,19,14],[13,9,17,20,1,16,5,21,18,14,15,19,4,24],[9,21,5,17,1,13,16,20,18,15,14,19,4,24],[21,1,5,17,9,13,16,20,15,19,18,14,4,24],[17,13,20,1,5,21,9,16,19,14],[5,1,13,9,17,20,21,16,14,18,19,15,4,24],[17,5,13,20,1,9,21,16,18,14,15,19,4,24],[5,9,1,17,21,13,16,20,14,18,15,19,4,24],[17,9,1,5,13,16,21,20,18,15,19,14,4,24],[1,9,13,5,17,20,21,16,19,15,18,14,4,24],[17,5,1,21,13,16,9,20,14,19],[1,13,21,17,16,5,9,20,18,14,15,19,4,24],[5,21,13,9,1,17,20,16,18,14,19,15,4,24],[17,13,20,9,21,1,5,16,18,14,15,19,4,24],[1,9,5,21,13,17,20,16,14,19],[5,17,21,13,16,9,1,20,14,18,15,19,4,24],[9,21,5,1,13,17,16,20,14,19],[21,13,1,17,5,20,9,16,18,14,19,15,4,24],[17,21,5,1,13,16,9,20,14,19],[21,17,13,16,9,5,1,20,19,14],[17,5,13,20,21,1,9,16,14,19],[9,1,5,13,21,17,20,16,14,19],[21,13,5,1,17,20,9,16,14,19],[17,9,5,13,20,21,16,1,15,18,14,19,4,24],[1,13,5,9,17,20,21,16,19,15,18,14,4,24],[1,5,9,13,21,17,20,16,18,14,19,15,4,24],[21,9,13,17,5,16,1,20,14,19],[17,1,21,9,13,20,16,5,19,14],[17,13,20,21,5,9,1,16,15,19,14],[9,1,5,21,17,13,20,16,19,15,18,14,4,24],[5,17,9,21,1,13,16,20,14,19],[13,21,1,9,5,17,20,16,18,15,19,14,4,24],[1,17,5,9,21,13,16,20,19,15,14],[9,1,13,17,16,5,21,20,19,15,18,14,4,24],[13,5,9,1,21,17,16,20,18,15,19,14,4,24],[13,9,1,5,21,17,20,16,15,18,19,14,4,24],[17,21,5,9,1,13,16,20,14,19],[9,13,21,17,20,5,1,16,18,15,19,14,4,24],[9,17,13,1,16,21,5,20,14,19],[9,21,1,13,5,17,16,20,15,18,14,19,4,24],[9,21,13,1,17,20,5,16,14,18,19,15,4,24],[9,13,17,16,21,5,1,20,19,14],[9,13,1,5,21,17,20,16,18,15,19,14,4,24],[13,9,17,16,1,21,5,20,14,19],[9,13,17,16,5,21,1,20,19,14],[9,17,13,20,1,5,21,16,15,18,19,14,4,24],[9,1,13,17,16,21,5,20,14,18,15,19,4,24],[5,13,9,17,20,21,1,16,14,18,19,15,4,24],[9,17,5,1,13,20,21,16,18,14,15,19,4,24],[21,5,17,9,13,16,1,20,19,15,18,14,4,24],[13,9,5,21,1,17,16,20,15,19,14],[1,17,5,21,13,20,9,16,19,14],[21,9,1,5,17,13,20,16,14,19],[21,13,17,16,5,1,9,20,19,14],[1,21,13,17,16,9,5,20,14,19],[21,17,13,16,9,5,1,20,18,15,19,14,4,24],[1,13,17,20,5,21,9,16,15,18,19,14,4,24],[5,9,17,21,1,13,16,20,14,18,15,19,4,24],[1,21,17,9,13,16,5,20,18,15,14,19,4,24],[1,13,5,9,17,16,21,20,18,15,14,19,4,24],[9,1,21,13,5,17,20,16,15,19,18,14,4,24],[5,17,13,16,21,9,1,20,18,15,14,19,4,24],[17,21,9,5,1,13,20,16,19,15,14],[1,17,13,16,21,9,5,20,18,15,14,19,4,24],[5,17,13,20,1,21,9,16,19,15,14],[1,21,9,17,5,13,20,16,15,18,14,19,4,24],[13,21,5,9,1,17,20,16,19,15,18,14,4,24],[9,17,5,13,20,1,16,21,19,14],[1,5,13,17,20,21,9,16,15,18,14,19,4,24],[17,21,1,9,5,13,20,16,18,15,19,14,4,24],[13,21,1,9,17,20,5,16,15,19,14],[1,9,5,13,17,16,21,20,19,14],[21,5,17,1,13,20,16,9,15,18,14,19,4,24],[1,21,9,5,13,17,16,20,15,19,14],[9,21,1,13,5,17,20,16,18,15,14,19,4,24],[17,13,16,5,21,1,9,20,19,14],[17,13,20,1,9,5,16,21,15,18,19,14,4,24],[17,13,16,5,9,21,1,20,19,15,18,14,4,24],[1,9,21,13,17,16,5,20,19,15,14],[17,5,21,13,16,1,9,20,18,15,19,14,4,24],[21,5,9,17,1,13,20,16,15,19,18,14,4,24],[9,17,1,21,13,20,5,16,15,19,14],[5,21,13,9,17,20,1,16,19,14],[21,13,1,5,17,16,9,20,18,15,14,19,4,24],[13,17,20,1,9,5,21,16,18,14,19,15,4,24],[13,5,17,16,9,21,1,20,15,19,18,14,4,24],[9,21,17,13,16,1,5,20,14,19],[5,21,17,13,20,1,9,16,18,14,19,15,4,24],[9,21,1,13,5,17,20,16,14,19],[17,13,16,9,1,21,5,20,15,18,19,14,4,24],[21,5,9,1,17,13,20,16,18,14,19,15,4,24],[5,17,21,9,1,13,16,20,18,14,19,15,4,24],[9,17,1,5,13,20,16,21,15,18,14,19,4,24],[5,17,1,13,16,21,9,20,14,19],[5,13,1,17,16,21,9,20,19,15,18,14,4,24],[9,1,5,13,17,16,21,20,15,18,14,19,4,24],[1,17,9,5,13,16,21,20,19,14],[17,1,21,13,16,5,9,20,18,14,15,19,4,24],[9,1,17,5,21,13,16,20,18,14,15,19,4,24],[17,9,5,21,13,20,1,16,14,19],[9,21,1,5,17,13,16,20,15,18,14,19,4,24],[17,21,5,1,9,13,20,16,14,19],[5,21,9,1,17,13,20,16,14,19],[5,1,17,9,13,16,21,20,15,18,19,14,4,24],[9,5,17,1,21,13,20,16,18,15,19,14,4,24],[9,21,5,17,13,16,1,20,14,18,19,15,4,24],[9,13,5,21,17,20,1,16,19,15,14],[13,5,21,9,17,20,16,1,15,18,19,14,4,24],[9,1,5,21,17,13,16,20,15,18,14,19,4,24],[9,5,17,1,13,20,21,16,19,15,14],[13,5,9,17,20,21,1,16,14,18,15,19,4,24],[13,5,17,16,9,21,1,20,19,15,18,14,4,24],[17,5,9,13,16,21,1,20,14,18,15,19,4,24],[9,13,17,20,5,21,1,16,15,19,18,14,4,24],[21,17,5,13,16,1,9,20,19,15,14],[5,1,17,9,13,20,21,16,18,14,15,19,4,24],[5,13,9,21,1,17,20,16,18,15,19,14,4,24],[21,13,5,9,17,16,1,20,18,14,19,15,4,24],[9,1,5,17,21,13,16,20,15,18,14,19,4,24],[21,9,13,17,16,5,1,20,14,19],[17,13,20,1,9,21,16,5,14,18,19,15,4,24],[17,1,5,21,9,13,20,16,14,18,15,19,4,24],[1,5,13,9,17,20,21,16,15,18,14,19,4,24],[17,5,9,21,1,13,20,16,19,14],[9,1,17,5,21,13,20,16,19,14],[5,1,13,17,16,9,21,20,19,14],[1,5,21,13,17,16,9,20,14,19],[9,21,17,1,5,13,16,20,18,15,14,19,4,24],[21,5,13,1,17,20,16,9,14,19],[17,21,1,5,13,20,9,16,15,19,14],[13,9,21,1,5,17,16,20,19,14],[17,5,9,13,16,21,1,20,18,14,15,19,4,24],[17,13,5,16,21,9,1,20,14,19],[17,21,13,20,9,1,16,5,15,19,18,14,4,24],[1,17,13,20,5,9,21,16,15,18,14,19,4,24],[5,13,21,9,17,20,16,1,15,19,18,14,4,24],[17,13,16,9,21,1,5,20,19,14],[5,9,1,13,21,17,20,16,19,14],[13,9,1,17,20,21,5,16,15,19,14],[5,9,17,13,20,1,21,16,15,19,18,14,4,24],[17,9,5,13,20,16,1,21,19,15,14],[1,13,17,21,20,9,5,16,14,19],[13,9,17,16,21,1,5,20,19,14],[21,1,9,17,13,16,5,20,14,18,19,15,4,24],[9,21,5,1,17,13,20,16,18,14,15,19,4,24],[21,13,1,5,9,17,20,16,15,18,14,19,4,24],[13,9,21,17,1,20,5,16,15,18,14,19,4,24],[13,21,17,20,5,1,9,16,18,14,19,15,4,24],[17,1,21,13,16,5,9,20,15,19,18,14,4,24],[9,17,5,13,20,1,21,16,18,15,19,14,4,24],[17,13,16,5,21,1,9,20,15,19,18,14,4,24],[1,17,13,20,9,21,5,16,15,19,18,14,4,24],[13,5,9,21,1,17,20,16,14,18,19,15,4,24],[17,1,5,9,21,13,20,16,14,19],[9,13,1,21,17,20,5,16,19,14],[13,21,17,1,16,5,9,20,15,18,19,14,4,24],[9,21,17,1,5,13,20,16,18,14,19,15,4,24],[1,9,5,17,13,16,21,20,15,18,19,14,4,24],[9,13,1,17,21,16,5,20,19,15,14],[21,13,5,1,9,17,16,20,18,15,14,19,4,24],[21,13,5,9,1,17,16,20,18,14,19,15,4,24],[17,9,1,5,21,13,20,16,14,18,19,15,4,24],[17,1,13,16,5,21,9,20,18,14,19,15,4,24],[13,21,17,20,1,5,16,9,14,18,19,15,4,24],[9,21,1,5,13,17,20,16,19,15,18,14,4,24],[9,21,13,17,16,5,1,20,15,19,18,14,4,24],[1,13,17,20,9,5,21,16,18,15,19,14,4,24],[9,21,13,5,17,16,1,20,18,14,19,15,4,24],[13,17,20,5,9,21,1,16,18,14,19,15,4,24],[13,5,9,1,21,17,20,16,14,19],[21,5,9,17,1,13,16,20,14,19],[5,1,17,9,21,13,16,20,15,19,18,14,4,24],[5,9,17,1,13,20,16,21,14,19],[21,5,13,17,20,9,1,16,18,14,19,15,4,24],[13,17,16,5,21,1,9,20,19,15,14],[17,21,5,1,13,16,9,20,14,19],[1,9,13,21,17,16,5,20,15,19,14],[17,1,5,13,20,21,16,9,19,14],[13,9,1,5,21,17,16,20,18,15,19,14,4,24],[9,21,5,13,1,17,16,20,19,15,14],[1,9,17,13,16,21,5,20,14,19],[5,17,9,21,1,13,16,20,18,15,19,14,4,24],[9,1,21,17,5,13,16,20,19,15,18,14,4,24],[21,9,13,1,17,16,5,20,19,14],[9,5,21,13,17,16,1,20,15,18,14,19,4,24],[5,1,9,13,21,17,20,16,19,14],[9,21,13,1,17,20,5,16,14,19],[9,1,13,5,21,17,20,16,15,19,14],[21,9,13,1,17,20,16,5,19,14],[17,5,9,1,13,20,16,21,19,15,14],[1,21,13,9,5,17,20,16,18,15,14,19,4,24],[13,9,5,21,1,17,20,16,18,14,19,15,4,24],[17,1,13,20,5,21,9,16,18,15,19,14,4,24],[9,5,1,17,13,16,21,20,18,14,19,15,4,24],[13,1,5,21,9,17,16,20,15,18,14,19,4,24],[21,13,1,5,9,17,16,20,18,15,14,19,4,24],[17,13,16,1,9,5,21,20,14,19],[13,5,17,16,9,1,21,20,19,15,18,14,4,24],[5,9,21,13,17,16,1,20,19,14],[13,5,21,9,1,17,20,16,19,14],[5,9,1,21,17,13,16,20,18,14,15,19,4,24],[5,13,17,20,21,1,9,16,18,14,15,19,4,24],[1,9,5,17,21,13,16,20,14,18,15,19,4,24],[21,9,5,1,17,13,20,16,15,18,19,14,4,24],[1,17,9,13,16,21,5,20,14,19],[13,1,21,5,17,20,9,16,15,18,19,14,4,24],[1,13,21,5,17,20,9,16,18,15,19,14,4,24],[5,21,17,9,1,13,20,16,14,18,15,19,4,24],[1,21,13,5,17,16,9,20,19,14],[13,21,9,1,5,17,16,20,15,19,14],[5,9,21,1,13,17,20,16,18,14,15,19,4,24],[9,17,13,20,21,16,5,1,15,18,19,14,4,24],[17,21,1,5,13,20,9,16,14,18,15,19,4,24],[1,5,21,9,17,13,16,20,19,14],[5,13,9,17,20,21,1,16,15,19,14],[5,9,1,13,17,16,21,20,18,15,19,14,4,24],[1,9,17,13,16,5,21,20,18,15,14,19,4,24],[9,1,17,13,20,5,16,21,19,15,18,14,4,24],[13,21,17,20,5,9,16,1,18,15,14,19,4,24],[5,17,1,21,13,20,16,9,19,15,18,14,4,24],[21,17,5,13,20,9,1,16,15,18,14,19,4,24],[1,5,17,13,20,9,21,16,19,14],[17,5,9,1,21,13,20,16,19,15,14],[21,1,13,9,5,17,16,20,18,14,19,15,4,24],[1,9,21,13,5,17,20,16,18,15,14,19,4,24],[1,17,13,9,20,16,21,5,15,19,14],[1,13,17,20,5,9,21,16,14,18,19,15,4,24],[17,21,5,9,1,13,16,20,19,15,18,14,4,24],[9,13,1,17,16,21,5,20,15,18,14,19,4,24],[17,1,9,21,13,20,16,5,15,19,14],[13,5,1,21,9,17,20,16,19,15,14],[9,5,13,17,16,1,21,20,19,15,18,14,4,24],[9,1,5,21,13,17,20,16,14,18,19,15,4,24],[5,13,9,21,17,20,1,16,19,15,18,14,4,24],[1,13,21,9,5,17,16,20,15,18,14,19,4,24],[21,5,9,1,13,17,16,20,15,18,19,14,4,24],[1,17,13,16,5,9,21,20,19,15,14],[17,9,5,13,20,1,21,16,14,19],[21,9,1,13,17,16,5,20,15,18,19,14,4,24],[5,17,13,16,1,21,9,20,14,18,15,19,4,24],[9,13,17,16,5,21,1,20,15,18,14,19,4,24],[5,21,1,13,9,17,20,16,19,14],[1,17,9,13,20,21,5,16,15,19,14],[21,17,13,20,9,1,5,16,14,18,19,15,4,24],[21,5,17,9,1,13,20,16,19,14],[21,13,17,20,5,1,9,16,15,19,14],[1,9,17,13,16,5,21,20,18,14,19,15,4,24],[1,13,5,21,17,20,9,16,15,18,19,14,4,24],[9,17,1,5,13,20,21,16,18,15,19,14,4,24],[13,9,21,5,1,17,16,20,18,15,14,19,4,24],[21,9,5,17,13,16,1,20,18,14,19,15,4,24],[5,17,9,21,1,13,20,16,18,14,19,15,4,24],[5,17,9,21,1,13,20,16,19,14],[21,17,5,13,20,1,9,16,15,19,18,14,4,24],[5,21,17,9,1,13,20,16,18,15,19,14,4,24],[5,13,21,9,17,20,1,16,19,15,18,14,4,24],[13,5,17,21,20,1,9,16,15,19,14],[21,17,1,13,20,9,16,5,19,14],[13,17,20,21,9,5,16,1,15,19,14],[21,17,1,5,9,13,20,16,14,18,19,15,4,24],[5,1,17,9,21,13,16,20,15,18,19,14,4,24],[21,5,13,17,16,1,9,20,14,19],[21,1,9,5,13,17,16,20,15,18,19,14,4,24],[13,21,1,5,9,17,20,16,14,18,15,19,4,24],[1,21,9,5,17,13,20,16,19,14],[5,13,1,9,17,20,21,16,19,14],[5,13,9,21,1,17,16,20,15,19,14],[1,13,21,9,17,20,5,16,19,15,14],[21,9,17,13,20,5,1,16,15,19,18,14,4,24],[5,1,17,13,16,9,21,20,19,15,14],[1,5,13,17,20,21,16,9,14,19],[13,5,17,16,9,1,21,20,18,15,19,14,4,24],[1,5,21,9,13,17,20,16,15,19,14],[5,13,9,17,20,1,21,16,18,15,14,19,4,24],[21,1,9,13,17,20,5,16,15,19,18,14,4,24],[5,9,1,13,17,20,21,16,18,14,19,15,4,24],[9,17,5,13,16,1,21,20,14,19],[9,21,5,1,13,17,20,16,19,14],[21,5,1,13,9,17,16,20,14,19],[1,13,9,5,17,16,21,20,18,14,15,19,4,24],[5,17,1,21,9,13,16,20,15,19,18,14,4,24],[21,5,1,13,17,16,9,20,18,14,19,15,4,24],[1,21,17,9,13,20,5,16,18,15,14,19,4,24],[1,17,5,13,20,9,21,16,19,14],[17,5,13,16,1,21,9,20,19,15,14],[17,1,13,16,9,21,5,20,15,18,14,19,4,24],[21,13,1,9,5,17,20,16,15,18,19,14,4,24],[17,5,13,16,1,21,9,20,18,15,19,14,4,24],[1,21,17,13,20,9,5,16,15,19,14],[21,1,13,5,9,17,20,16,18,14,15,19,4,24],[21,13,1,17,16,5,9,20,19,15,18,14,4,24],[17,9,1,5,21,13,16,20,18,15,14,19,4,24],[17,21,1,9,13,16,5,20,15,18,14,19,4,24],[9,21,5,1,17,13,20,16,15,18,19,14,4,24],[5,9,1,17,21,13,16,20,14,18,15,19,4,24],[9,13,1,21,17,16,5,20,18,15,19,14,4,24],[13,21,5,17,16,9,1,20,19,14],[1,9,13,17,20,5,21,16,18,15,19,14,4,24],[5,21,9,13,1,17,20,16,18,14,15,19,4,24],[5,9,1,13,21,17,20,16,19,14],[5,21,17,13,16,1,9,20,14,19],[9,1,21,17,13,16,5,20,18,14,19,15,4,24],[17,13,16,21,1,5,9,20,14,18,15,19,4,24],[1,21,17,5,13,20,9,16,19,14],[9,13,5,17,16,21,1,20,15,18,19,14,4,24],[21,13,17,20,5,16,9,1,19,14],[17,5,21,1,13,20,9,16,18,14,15,19,4,24],[17,1,9,21,5,13,16,20,15,19,14],[5,17,1,21,13,20,9,16,18,15,14,19,4,24],[17,9,13,20,5,21,1,16,14,19],[21,17,9,1,13,20,5,16,15,18,14,19,4,24],[5,17,21,1,9,13,20,16,18,15,14,19,4,24],[17,5,13,20,1,16,9,21,15,18,14,19,4,24],[1,21,17,9,5,13,16,20,19,15,14],[21,13,5,17,20,9,1,16,18,15,19,14,4,24],[5,13,17,20,1,16,21,9,15,18,19,14,4,24],[13,9,1,21,5,17,20,16,18,15,19,14,4,24],[5,21,17,13,20,9,16,1,15,18,14,19,4,24],[1,17,5,13,16,9,21,20,18,15,14,19,4,24],[13,17,16,1,5,9,21,20,14,19],[17,13,5,16,21,9,1,20,19,14],[21,9,1,13,17,20,16,5,15,18,19,14,4,24],[21,5,17,13,20,16,9,1,14,19],[17,1,9,13,16,5,21,20,14,19],[9,17,5,1,21,13,20,16,19,14],[17,5,1,9,21,13,16,20,18,14,19,15,4,24],[1,9,17,21,5,13,20,16,15,19,14],[5,17,13,1,20,9,16,21,18,15,14,19,4,24],[1,5,9,13,17,16,21,20,18,14,15,19,4,24],[9,13,1,5,17,20,21,16,19,15,14],[17,13,16,1,9,5,21,20,19,15,18,14,4,24],[9,17,1,13,16,21,5,20,18,14,19,15,4,24],[9,13,5,17,16,21,1,20,14,18,15,19,4,24],[17,21,1,5,9,13,16,20,18,14,19,15,4,24],[9,21,13,5,17,20,1,16,18,14,19,15,4,24],[21,17,13,20,1,5,9,16,15,18,14,19,4,24],[17,13,20,21,9,5,1,16,19,14],[9,5,1,21,13,17,16,20,18,15,14,19,4,24],[9,17,13,20,1,5,21,16,19,14],[5,1,13,17,20,21,9,16,19,15,18,14,4,24],[1,9,21,5,17,13,16,20,19,15,18,14,4,24],[9,13,21,1,5,17,16,20,19,14],[1,9,5,13,17,16,21,20,14,19],[17,9,13,20,21,1,5,16,19,14],[21,1,9,17,13,20,16,5,18,14,19,15,4,24],[5,21,17,13,20,9,1,16,14,18,15,19,4,24],[1,5,13,21,17,16,9,20,19,15,18,14,4,24],[21,13,17,16,1,5,9,20,14,18,15,19,4,24],[1,9,17,5,21,13,20,16,18,15,14,19,4,24],[13,9,21,17,16,1,5,20,15,19,14],[17,5,1,13,16,21,9,20,18,14,15,19,4,24],[9,1,5,21,17,13,20,16,15,18,19,14,4,24],[9,1,21,5,13,17,20,16,15,18,14,19,4,24],[9,5,13,21,1,17,16,20,18,15,19,14,4,24],[1,21,17,13,16,5,9,20,14,18,19,15,4,24],[21,1,5,9,13,17,20,16,18,14,19,15,4,24],[5,9,21,17,13,20,1,16,15,18,19,14,4,24],[13,9,1,5,21,17,20,16,14,18,19,15,4,24],[17,5,21,9,1,13,20,16,18,14,15,19,4,24],[9,21,1,17,5,13,16,20,18,15,19,14,4,24],[13,5,21,1,9,17,16,20,15,18,19,14,4,24],[13,21,5,9,17,20,1,16,18,14,15,19,4,24],[5,1,21,17,9,13,20,16,18,14,15,19,4,24],[13,9,5,17,16,21,1,20,14,19],[5,13,21,17,20,1,9,16,19,15,14],[1,13,9,5,17,20,21,16,15,19,14],[21,13,17,20,1,5,9,16,14,18,15,19,4,24],[17,1,5,21,13,20,9,16,14,19],[5,9,21,17,13,16,1,20,15,19,18,14,4,24],[13,1,5,21,17,16,9,20,15,18,19,14,4,24],[1,13,21,5,9,17,20,16,18,15,14,19,4,24],[1,5,13,9,21,17,16,20,14,19],[17,21,13,5,16,1,9,20,19,14],[9,17,13,16,1,5,21,20,14,19],[1,21,5,9,13,17,16,20,14,18,19,15,4,24],[1,13,21,17,16,9,5,20,18,14,19,15,4,24],[5,21,1,13,17,20,9,16,14,19],[17,21,9,5,13,20,1,16,15,19,14],[5,21,9,13,17,20,1,16,19,14],[17,13,9,21,20,5,1,16,15,19,18,14,4,24],[1,9,21,5,17,13,16,20,15,19,18,14,4,24],[9,1,13,17,16,5,21,20,18,14,15,19,4,24],[21,9,13,1,5,17,20,16,19,14],[17,13,1,20,9,5,21,16,18,14,15,19,4,24],[9,1,5,21,13,17,20,16,18,14,15,19,4,24],[9,5,13,17,16,1,21,20,19,14],[17,13,20,1,21,9,5,16,19,14],[1,5,13,17,20,9,21,16,18,14,19,15,4,24],[9,1,5,17,21,13,16,20,18,14,19,15,4,24],[13,17,20,1,21,16,9,5,18,14,19,15,4,24],[17,9,5,1,21,13,20,16,14,18,19,15,4,24],[1,13,17,20,5,9,21,16,15,19,14],[13,21,5,9,1,17,16,20,19,14],[21,5,17,1,13,20,16,9,18,14,19,15,4,24],[13,1,17,16,21,5,9,20,19,15,18,14,4,24],[1,17,13,16,5,21,9,20,19,14],[5,9,17,21,13,20,16,1,14,19],[21,13,5,1,17,16,9,20,14,19],[21,1,5,17,9,13,20,16,14,18,15,19,4,24],[21,17,1,9,13,20,5,16,14,18,15,19,4,24],[9,13,21,17,20,16,1,5,19,15,14],[13,21,17,16,5,1,9,20,14,19],[1,17,21,9,5,13,20,16,14,18,19,15,4,24],[13,21,5,1,17,20,16,9,19,15,14],[13,5,9,21,1,17,16,20,14,19],[9,1,5,13,17,20,21,16,18,15,14,19,4,24],[13,21,1,5,9,17,16,20,18,15,14,19,4,24],[1,5,21,17,9,13,16,20,18,14,19,15,4,24],[13,1,17,20,9,5,21,16,14,18,19,15,4,24],[21,13,17,9,16,1,5,20,14,19],[17,5,9,21,13,16,1,20,19,15,18,14,4,24],[21,17,13,20,5,1,9,16,14,19],[9,17,1,13,20,16,5,21,18,15,14,19,4,24],[17,9,13,20,21,1,16,5,18,14,19,15,4,24],[21,5,9,17,13,16,1,20,19,15,14],[1,21,17,5,13,20,16,9,14,19],[1,9,17,13,16,21,5,20,14,19],[13,9,1,17,20,21,5,16,15,19,14],[9,17,1,13,20,5,21,16,15,19,14],[17,9,21,5,13,16,1,20,14,18,15,19,4,24],[13,1,9,21,17,20,5,16,19,14],[21,17,1,5,9,13,20,16,18,15,14,19,4,24],[13,5,1,17,20,21,9,16,15,18,14,19,4,24],[21,9,5,17,1,13,20,16,19,14],[13,9,5,17,16,1,21,20,18,14,15,19,4,24],[5,17,9,13,20,1,16,21,14,19],[13,9,17,16,21,1,5,20,14,18,19,15,4,24],[21,1,5,17,13,16,9,20,19,14],[1,17,5,13,20,9,16,21,14,18,19,15,4,24],[21,5,13,9,1,17,16,20,18,14,19,15,4,24],[5,1,21,13,9,17,16,20,19,15,18,14,4,24],[17,13,16,5,9,1,21,20,19,14],[9,5,13,17,20,21,1,16,19,15,14],[9,1,17,13,20,21,5,16,15,18,14,19,4,24],[1,17,21,9,5,13,16,20,14,18,19,15,4,24],[21,5,9,17,13,20,1,16,14,19],[21,1,17,9,13,16,5,20,19,14],[13,17,16,1,21,5,9,20,15,19,14],[17,5,21,1,13,20,16,9,18,15,14,19,4,24],[17,5,1,21,13,20,9,16,19,14],[21,13,5,9,17,16,1,20,14,18,15,19,4,24],[13,9,5,17,16,21,1,20,18,15,14,19,4,24],[1,21,13,5,17,20,16,9,15,19,18,14,4,24],[17,9,1,21,5,13,20,16,19,14],[5,13,21,17,16,1,9,20,18,14,15,19,4,24],[1,17,5,21,9,13,20,16,14,19],[9,17,5,1,21,13,20,16,18,14,15,19,4,24],[5,13,1,17,20,21,16,9,19,14],[21,13,17,20,9,1,5,16,15,18,14,19,4,24],[17,9,21,13,16,1,5,20,18,15,14,19,4,24],[9,5,13,17,16,1,21,20,19,14],[21,1,9,13,17,20,5,16,18,15,14,19,4,24],[17,5,1,9,13,16,21,20,14,19],[17,5,21,9,13,16,1,20,14,18,19,15,4,24],[9,1,5,17,13,20,21,16,19,15,18,14,4,24],[9,1,21,13,17,16,5,20,14,19],[1,9,17,21,5,13,20,16,19,14],[1,13,9,17,20,5,21,16,15,18,19,14,4,24],[1,13,9,21,5,17,16,20,19,14],[21,17,9,13,20,1,5,16,14,18,15,19,4,24],[17,1,21,5,13,16,9,20,18,14,15,19,4,24],[9,1,5,21,13,17,20,16,18,14,19,15,4,24],[5,21,9,1,13,17,16,20,14,19],[17,1,13,20,16,9,5,21,14,18,19,15,4,24],[17,5,21,9,1,13,16,20,18,14,19,15,4,24],[1,21,17,9,5,13,20,16,15,18,14,19,4,24],[1,17,21,5,9,13,16,20,15,19,14],[17,5,21,1,9,13,20,16,15,19,18,14,4,24],[17,5,21,13,16,1,9,20,14,18,19,15,4,24],[17,13,16,5,1,9,21,20,18,14,15,19,4,24],[1,9,17,21,5,13,16,20,14,19],[13,9,17,16,21,5,1,20,15,19,18,14,4,24],[5,21,13,17,20,1,9,16,14,19],[17,13,16,1,5,21,9,20,19,14],[1,21,9,13,5,17,20,16,15,18,19,14,4,24],[1,21,9,5,13,17,20,16,18,15,19,14,4,24],[5,9,13,21,1,17,20,16,19,15,18,14,4,24],[5,13,9,21,17,16,1,20,15,18,19,14,4,24],[13,5,17,20,16,9,21,1,14,18,19,15,4,24],[21,13,5,1,17,20,16,9,18,15,19,14,4,24],[13,21,9,1,5,17,20,16,15,19,14],[9,5,21,1,17,13,20,16,15,18,19,14,4,24],[21,9,1,17,13,20,5,16,15,19,18,14,4,24],[17,5,9,1,13,16,21,20,14,18,15,19,4,24],[21,9,13,1,5,17,20,16,19,15,14],[5,21,13,17,20,9,16,1,18,14,19,15,4,24],[1,21,9,17,13,20,5,16,15,18,14,19,4,24],[1,9,5,21,17,13,20,16,18,14,15,19,4,24],[1,9,21,13,17,16,5,20,19,15,18,14,4,24],[5,13,21,17,16,1,9,20,15,18,14,19,4,24],[9,1,21,13,17,20,5,16,18,14,19,15,4,24],[1,9,17,21,5,13,16,20,19,15,18,14,4,24],[1,13,5,21,17,16,9,20,15,18,19,14,4,24],[21,13,17,16,9,5,1,20,19,14],[21,17,1,9,5,13,20,16,18,14,19,15,4,24],[13,1,5,21,9,17,20,16,15,19,18,14,4,24],[21,17,1,5,9,13,20,16,18,15,19,14,4,24],[21,5,9,13,1,17,20,16,19,14],[5,13,1,17,16,9,21,20,18,15,14,19,4,24],[21,9,1,13,17,20,5,16,14,19],[21,1,17,5,13,20,16,9,15,19,18,14,4,24],[1,13,21,17,20,16,9,5,15,18,19,14,4,24],[21,9,17,5,13,20,1,16,14,18,15,19,4,24],[13,5,1,9,21,17,16,20,15,18,19,14,4,24],[9,21,5,13,1,17,16,20,18,15,14,19,4,24],[1,9,5,21,13,17,20,16,19,15,18,14,4,24],[21,9,5,1,13,17,16,20,14,19],[5,1,17,21,9,13,20,16,15,19,14],[21,5,17,13,16,9,1,20,15,18,19,14,4,24],[21,17,5,1,13,16,9,20,15,18,14,19,4,24],[17,9,13,20,1,21,16,5,19,15,18,14,4,24],[1,5,9,17,21,13,16,20,19,14],[21,13,5,1,17,20,9,16,18,15,14,19,4,24],[21,17,13,16,5,1,9,20,15,19,14],[9,21,5,13,1,17,16,20,19,14],[9,13,1,21,5,17,16,20,15,18,19,14,4,24],[13,17,16,5,1,9,21,20,19,14],[1,13,5,21,9,17,16,20,18,14,19,15,4,24],[17,1,5,21,9,13,16,20,18,14,19,15,4,24],[13,5,1,9,21,17,16,20,19,14],[17,9,5,1,21,13,20,16,18,15,14,19,4,24],[1,13,21,9,5,17,16,20,19,15,18,14,4,24],[21,17,13,16,5,9,1,20,15,19,18,14,4,24],[21,5,1,13,17,20,9,16,15,19,14],[13,1,9,5,21,17,16,20,19,15,18,14,4,24],[1,13,17,20,21,9,5,16,19,14],[13,21,17,20,5,9,16,1,14,18,15,19,4,24],[13,21,9,1,17,20,5,16,19,14],[5,1,9,13,17,16,21,20,19,15,18,14,4,24],[17,21,9,1,5,13,16,20,18,14,19,15,4,24],[5,21,1,9,17,13,20,16,19,15,14],[1,21,17,9,5,13,20,16,14,18,19,15,4,24],[5,13,21,1,17,16,9,20,18,14,15,19,4,24],[9,5,13,1,21,17,20,16,18,14,15,19,4,24],[21,9,1,17,13,5,16,20,15,18,19,14,4,24],[17,1,13,16,9,21,5,20,15,19,14],[21,5,13,1,17,16,9,20,15,18,14,19,4,24],[1,9,17,21,13,20,5,16,19,15,14],[1,17,21,9,13,20,16,5,15,18,19,14,4,24],[17,9,13,16,5,21,1,20,14,18,19,15,4,24],[13,1,9,21,5,17,16,20,18,14,15,19,4,24],[5,17,1,9,21,13,16,20,18,15,14,19,4,24],[9,5,13,1,21,17,20,16,18,14,15,19,4,24],[17,21,13,16,9,5,1,20,18,14,15,19,4,24],[13,21,9,5,1,17,20,16,15,18,19,14,4,24],[13,17,20,1,9,21,5,16,19,15,18,14,4,24],[5,9,13,1,17,16,21,20,18,14,19,15,4,24],[5,21,9,13,17,16,1,20,14,18,15,19,4,24],[21,13,1,9,17,20,5,16,15,19,18,14,4,24],[1,17,13,20,9,5,21,16,19,15,18,14,4,24],[13,1,9,17,20,21,5,16,19,15,14],[5,21,9,17,13,20,1,16,14,19],[5,13,1,17,20,9,21,16,14,18,15,19,4,24],[21,5,17,1,13,20,9,16,19,14],[1,13,5,17,20,21,9,16,18,14,15,19,4,24],[17,1,5,13,20,21,9,16,14,18,19,15,4,24],[1,5,9,21,13,17,16,20,18,15,19,14,4,24],[17,21,13,16,5,1,9,20,19,14],[9,21,5,1,13,17,20,16,15,19,14],[1,5,9,17,21,13,20,16,19,14],[17,21,13,20,9,5,1,16,19,14],[13,5,21,17,16,1,9,20,15,19,14],[21,1,5,17,13,20,9,16,18,15,14,19,4,24],[9,21,1,5,17,13,16,20,15,18,14,19,4,24],[21,5,1,9,17,13,16,20,19,15,18,14,4,24],[5,1,13,21,9,17,16,20,14,18,19,15,4,24],[9,5,21,1,17,13,20,16,14,19],[21,5,17,13,20,9,16,1,15,18,14,19,4,24],[21,13,5,9,1,17,16,20,15,19,14],[1,5,13,17,16,9,21,20,19,15,18,14,4,24],[1,13,21,9,17,16,5,20,15,19,18,14,4,24],[21,17,9,1,5,13,16,20,14,18,19,15,4,24],[13,5,1,9,17,16,21,20,18,14,19,15,4,24],[17,9,5,1,13,20,16,21,19,15,14],[21,1,5,9,13,17,20,16,14,19],[1,17,5,21,13,16,9,20,15,18,14,19,4,24],[21,5,9,1,13,17,16,20,18,14,19,15,4,24],[1,9,5,17,21,13,16,20,14,18,19,15,4,24],[5,17,1,9,21,13,20,16,19,15,14],[5,17,9,21,1,13,16,20,15,18,14,19,4,24],[13,17,20,9,1,5,21,16,18,14,19,15,4,24],[1,5,21,9,17,13,20,16,14,19],[9,5,17,1,13,20,21,16,19,14],[17,21,9,13,16,1,5,20,18,14,15,19,4,24],[17,21,13,16,1,5,9,20,19,14],[9,1,21,13,17,16,5,20,18,15,19,14,4,24],[1,17,5,13,21,16,9,20,15,19,14],[1,21,9,5,13,17,20,16,19,14],[17,21,1,5,13,20,9,16,18,15,14,19,4,24],[13,17,20,21,9,1,5,16,18,14,19,15,4,24],[1,9,13,21,17,16,5,20,18,15,19,14,4,24],[17,9,1,21,5,13,20,16,14,19],[1,13,5,21,9,17,20,16,19,14],[21,5,13,9,17,20,1,16,19,14],[1,13,9,5,17,16,21,20,14,19],[17,21,5,1,13,16,9,20,15,19,18,14,4,24],[9,21,13,17,20,1,5,16,15,19,18,14,4,24],[13,17,20,5,9,21,1,16,19,14],[5,9,21,17,13,16,1,20,15,18,14,19,4,24],[13,9,17,20,21,1,5,16,15,18,14,19,4,24],[17,1,21,13,20,16,5,9,14,19],[13,21,17,5,16,9,1,20,14,19],[1,21,9,17,13,20,5,16,18,14,19,15,4,24],[21,1,9,5,13,17,16,20,15,18,19,14,4,24],[5,21,13,17,20,9,1,16,18,14,15,19,4,24],[17,9,1,13,20,16,21,5,15,18,14,19,4,24],[5,13,1,9,21,17,16,20,19,14],[17,21,5,1,13,20,9,16,14,18,15,19,4,24],[21,13,5,9,17,16,1,20,15,19,18,14,4,24],[13,5,9,1,17,16,21,20,14,19],[1,5,21,13,17,20,16,9,14,18,19,15,4,24],[5,13,9,1,21,17,20,16,14,18,19,15,4,24],[5,13,9,17,20,21,1,16,18,14,19,15,4,24],[13,5,17,16,21,1,9,20,18,14,15,19,4,24],[1,21,13,5,9,17,16,20,15,18,14,19,4,24],[13,21,9,5,1,17,16,20,14,19],[17,1,13,16,9,21,5,20,18,15,14,19,4,24],[5,9,1,21,13,17,16,20,14,18,15,19,4,24],[1,17,13,20,5,9,16,21,15,19,14],[9,13,17,20,21,1,16,5,14,18,19,15,4,24],[5,17,1,9,21,13,20,16,19,15,14],[17,5,13,16,1,9,21,20,19,15,14],[9,21,13,5,17,16,1,20,14,18,19,15,4,24],[1,21,13,17,16,5,9,20,19,14],[9,1,13,17,20,21,5,16,14,18,15,19,4,24],[5,17,13,16,21,1,9,20,19,14],[9,17,1,21,13,20,5,16,14,19],[21,17,13,16,9,5,1,20,18,14,15,19,4,24],[1,21,13,5,9,17,16,20,19,14],[13,9,1,17,16,21,5,20,18,15,14,19,4,24],[13,5,9,1,21,17,20,16,18,14,19,15,4,24],[1,13,9,21,17,20,5,16,19,14],[1,13,21,17,20,16,9,5,14,19],[5,21,17,1,9,13,20,16,18,15,14,19,4,24],[17,21,1,9,5,13,20,16,19,15,14],[21,13,5,17,16,1,9,20,15,19,18,14,4,24],[21,17,9,1,5,13,20,16,15,19,14],[17,13,20,9,16,21,1,5,15,19,18,14,4,24],[5,13,17,21,1,16,9,20,14,19],[5,9,21,1,17,13,16,20,18,14,19,15,4,24],[1,13,9,5,21,17,20,16,15,19,14],[13,1,17,20,21,5,9,16,19,15,18,14,4,24],[17,5,13,16,1,9,21,20,19,14],[17,9,13,16,5,1,21,20,15,18,14,19,4,24],[9,17,5,21,13,1,20,16,18,14,19,15,4,24],[1,21,13,9,5,17,16,20,14,19],[17,13,20,5,1,9,21,16,15,19,18,14,4,24],[21,13,17,5,20,9,1,16,18,14,19,15,4,24],[9,13,1,21,5,17,20,16,14,19],[21,5,13,1,9,17,16,20,18,14,19,15,4,24],[17,5,1,9,21,13,16,20,19,14],[13,1,9,21,5,17,16,20,18,14,15,19,4,24],[9,1,5,21,13,17,20,16,15,18,14,19,4,24],[5,9,13,17,20,16,21,1,18,15,19,14,4,24],[17,5,9,13,16,21,1,20,19,14],[21,17,5,1,9,13,20,16,14,18,15,19,4,24],[17,13,16,21,5,1,9,20,15,18,14,19,4,24],[5,17,13,20,9,1,21,16,14,19],[1,5,9,21,13,17,16,20,14,18,15,19,4,24],[21,5,1,17,9,13,16,20,19,15,14],[5,9,17,1,21,13,20,16,14,19],[17,9,5,1,21,13,20,16,18,14,19,15,4,24],[5,21,9,1,17,13,20,16,14,19],[1,21,17,5,13,20,16,9,18,14,19,15,4,24],[5,17,21,1,9,13,20,16,15,19,14],[21,13,5,1,17,20,9,16,18,15,14,19,4,24],[9,1,21,5,17,13,20,16,15,18,19,14,4,24],[17,9,21,1,5,13,20,16,19,15,18,14,4,24],[9,1,5,17,13,16,21,20,15,19,18,14,4,24],[5,1,21,17,9,13,20,16,15,19,18,14,4,24],[21,13,9,17,20,5,1,16,19,14],[1,13,17,20,21,9,16,5,18,15,19,14,4,24],[9,21,17,5,13,20,1,16,14,18,19,15,4,24],[17,13,16,1,21,5,9,20,14,18,15,19,4,24],[13,5,9,17,16,21,1,20,18,14,15,19,4,24],[21,17,9,1,5,13,20,16,19,15,14],[13,9,21,1,17,20,5,16,14,18,19,15,4,24],[21,13,9,5,17,16,1,20,18,15,19,14,4,24],[9,13,1,21,17,20,16,5,19,15,14],[13,9,1,21,5,17,16,20,19,15,18,14,4,24],[9,5,1,13,17,20,16,21,18,15,19,14,4,24],[9,1,13,5,21,17,20,16,15,19,18,14,4,24],[5,13,21,9,1,17,20,16,18,14,19,15,4,24],[5,9,17,1,21,13,16,20,19,14],[13,17,5,20,1,9,21,16,19,15,18,14,4,24],[9,1,21,17,13,16,5,20,14,18,15,19,4,24],[1,17,13,16,21,5,9,20,14,19],[13,17,20,9,1,5,21,16,14,19],[13,1,9,21,5,17,16,20,18,15,19,14,4,24],[1,21,13,5,17,20,9,16,18,15,14,19,4,24],[5,21,9,13,1,17,20,16,18,14,15,19,4,24],[5,17,13,16,21,1,9,20,15,19,14],[21,13,17,16,5,1,9,20,15,19,18,14,4,24],[13,5,17,16,9,1,21,20,14,18,15,19,4,24],[9,1,21,17,13,16,5,20,15,18,19,14,4,24],[9,5,21,1,17,13,16,20,15,18,19,14,4,24],[21,9,1,17,13,16,5,20,14,19],[5,9,21,17,13,20,1,16,14,18,19,15,4,24],[17,5,13,20,1,9,21,16,14,18,15,19,4,24],[21,1,5,9,17,13,20,16,14,18,15,19,4,24],[17,1,13,16,5,21,9,20,18,15,14,19,4,24],[21,9,17,13,16,1,5,20,18,14,15,19,4,24],[1,9,17,5,21,13,16,20,15,19,14],[13,5,17,20,21,9,1,16,18,14,15,19,4,24],[9,13,17,5,16,21,1,20,15,19,14],[1,21,13,5,9,17,20,16,18,15,14,19,4,24],[17,21,5,13,20,9,1,16,18,14,15,19,4,24],[1,9,13,5,17,16,21,20,14,18,19,15,4,24],[17,5,9,13,16,1,21,20,14,19],[17,9,13,20,21,5,1,16,15,19,14],[9,21,13,17,20,1,5,16,18,15,19,14,4,24],[1,17,9,21,5,13,20,16,18,14,19,15,4,24],[9,13,21,17,16,1,5,20,18,15,14,19,4,24],[1,9,17,13,20,5,21,16,15,18,19,14,4,24],[13,1,17,20,5,21,9,16,15,18,19,14,4,24],[21,17,9,13,16,1,5,20,19,15,14],[17,21,13,16,1,9,5,20,14,19],[1,13,21,9,5,17,16,20,15,18,14,19,4,24],[5,9,17,13,16,1,21,20,15,19,18,14,4,24],[9,13,1,5,21,17,20,16,14,19],[5,13,9,1,21,17,16,20,15,18,14,19,4,24],[13,17,20,21,9,1,5,16,19,15,14],[9,13,17,16,1,21,5,20,19,14],[5,17,21,13,16,9,1,20,19,14],[17,9,13,20,1,21,5,16,15,18,14,19,4,24],[21,1,9,13,17,20,5,16,18,14,19,15,4,24],[1,9,17,13,20,21,5,16,18,14,19,15,4,24],[9,1,13,5,21,17,20,16,19,15,14],[9,17,13,16,5,21,1,20,19,15,18,14,4,24],[9,17,21,1,5,13,16,20,18,15,19,14,4,24],[5,13,9,17,20,1,21,16,14,18,15,19,4,24],[21,1,5,17,13,20,9,16,14,18,19,15,4,24],[9,21,17,13,16,5,1,20,15,19,18,14,4,24],[17,9,21,1,5,13,20,16,19,14],[5,1,17,21,9,13,20,16,18,15,19,14,4,24],[13,21,1,9,17,20,5,16,18,15,14,19,4,24],[1,5,13,21,9,17,20,16,19,15,14],[17,21,5,9,13,20,1,16,18,14,19,15,4,24],[9,1,17,13,20,5,21,16,15,18,19,14,4,24],[5,1,13,21,9,17,16,20,14,18,15,19,4,24],[17,21,9,13,20,1,5,16,18,15,14,19,4,24],[1,13,21,9,5,17,20,16,15,18,19,14,4,24],[1,13,21,17,16,9,5,20,18,14,19,15,4,24],[17,9,21,13,16,1,5,20,14,19],[5,9,17,1,21,13,16,20,15,18,19,14,4,24],[21,1,17,5,13,16,9,20,19,14],[5,21,17,9,1,13,16,20,15,19,18,14,4,24],[1,21,13,5,9,17,16,20,19,14],[17,5,13,16,1,9,21,20,15,19,18,14,4,24],[9,5,13,1,17,20,21,16,18,14,19,15,4,24],[5,17,13,16,1,9,21,20,15,18,14,19,4,24],[1,13,17,16,5,21,9,20,15,18,14,19,4,24],[1,5,13,17,20,21,9,16,14,18,19,15,4,24],[17,1,13,16,21,5,9,20,15,19,14],[5,21,13,17,20,1,16,9,14,18,15,19,4,24],[17,1,9,21,13,16,5,20,15,19,14],[21,13,1,9,5,17,20,16,19,15,14],[21,9,17,5,13,16,1,20,18,15,14,19,4,24],[5,21,13,1,9,17,16,20,15,19,14],[13,9,1,5,21,17,20,16,18,14,15,19,4,24],[9,17,13,5,16,21,1,20,19,15,18,14,4,24],[21,13,5,9,17,1,16,20,14,19],[13,5,21,17,16,9,1,20,18,15,19,14,4,24],[13,21,1,9,5,17,20,16,18,15,19,14,4,24],[17,1,5,9,13,16,21,20,19,14],[13,5,21,17,20,1,16,9,15,19,18,14,4,24],[1,5,9,17,13,21,20,16,18,14,19,15,4,24],[21,1,9,5,13,17,20,16,18,14,19,15,4,24],[21,5,9,1,17,13,16,20,19,14],[21,13,1,9,5,17,20,16,15,19,14],[9,21,13,17,16,1,5,20,14,18,15,19,4,24],[13,9,17,20,1,16,21,5,15,19,18,14,4,24],[13,5,9,17,16,21,1,20,15,19,14],[9,13,21,1,5,17,20,16,18,15,14,19,4,24],[9,21,17,1,5,13,16,20,19,14],[1,5,21,13,17,20,16,9,15,18,14,19,4,24],[9,5,13,1,17,16,21,20,15,19,18,14,4,24],[21,5,9,17,1,13,16,20,14,19],[13,5,9,21,17,20,1,16,18,15,14,19,4,24],[13,9,17,16,5,21,1,20,18,14,19,15,4,24],[17,5,21,1,9,13,20,16,19,14],[13,9,1,21,17,20,5,16,15,19,14],[1,13,17,20,9,21,5,16,15,18,14,19,4,24],[9,5,13,17,16,1,21,20,15,18,19,14,4,24],[13,9,1,17,20,21,16,5,14,19],[21,1,13,17,16,5,9,20,14,18,19,15,4,24],[9,1,13,5,21,17,16,20,15,18,19,14,4,24],[9,17,1,5,13,16,21,20,19,15,18,14,4,24],[1,13,17,16,21,5,9,20,19,14],[5,1,9,13,21,17,20,16,14,18,15,19,4,24],[13,17,20,1,5,21,9,16,15,18,19,14,4,24],[1,13,5,21,9,17,20,16,15,19,18,14,4,24],[9,13,21,1,5,17,20,16,18,14,19,15,4,24],[1,13,5,9,17,16,21,20,18,15,14,19,4,24],[5,13,17,20,1,21,9,16,14,18,15,19,4,24],[17,1,5,9,13,20,16,21,15,18,19,14,4,24]],"n_human":5}