{"problem_id":"Jl8E1pVmLJzTD99","sigma":150,"alpha":3.162,"cost":0,"probabilities":"[0.2899999999999999, 0.18, 0.14, 0.39]","payoff_matrix":"[[27, 151, -222, 100, 287, -203], [-7, 9, -41, -158, -37, -62], [-147, 6, -118, -30, -52, 125], [-83, 212, -87, -194, -62, 151]]","uncovered":[[24,4,16,8,21,12,20,5],[16,24,20,8,21,12,4,5],[20,8,12,16,4,24,21,5],[4,24,12,8,5,21],[8,20,4,16,24,5,21],[16,8,24,5,21,4],[24,8,5,21,12,20],[8,4,12,20,16,24,5,21],[8,24,21,16,20,4,12,5],[12,8,24,5,21,4],[4,24,16,8,21,12,20,5],[8,24,21,4,16,12,20,5],[12,8,20,24,21,16,4,5],[12,24,4,8,5,21],[12,16,24,8,21,20,4,5],[20,12,8,16,4,24,21,5],[4,24,8,21,12,16,20,5],[12,20,8,24,5,21],[8,20,12,16,24,21,4,5],[16,4,12,20,8,24,21,5],[24,12,8,5,21,20],[24,8,5,21,4,16],[24,12,20,8,5,21],[4,8,16,12,20,24,21,5],[16,12,20,4,24,8,5,21],[24,16,20,8,21,12,4,5],[20,16,12,8,4,24,5,21],[16,12,8,20,24,21,4,5],[8,20,24,5,21,4],[20,24,8,21,16,4,12,5],[24,12,20,8,21,4,16,5],[16,24,20,8,5,21],[16,24,20,4,12,8,5,21],[24,4,20,8,5,21],[24,16,12,20,4,8,21,5],[12,24,20,16,4,8,5,21],[24,12,8,21,4,20,16,5],[20,12,8,16,4,24,5,21],[24,12,20,16,8,21,4,5],[4,16,24,12,20,8,5,21],[24,8,21,16,12,20,4,5],[24,4,20,16,12,8,21,5],[12,20,8,16,4,24,21,5],[12,8,16,20,4,24,21,5],[16,8,12,4,20,24,5,21],[16,24,20,12,4,8,5,21],[8,12,16,4,24,5,21],[16,8,20,4,12,24,5,21],[20,16,8,24,5,21],[12,20,24,4,16,8,5,21],[12,20,8,24,21,16,4,5],[8,12,4,24,21,20,16,5],[12,20,4,24,8,5,21],[20,4,12,24,16,8,21,5],[20,8,24,21,12,16,4,5],[8,4,16,24,5,21],[20,8,4,24,5,21],[12,4,8,24,21,16,20,5],[24,12,4,8,21,20,16,5],[8,4,20,16,12,24,21,5],[16,8,12,4,20,24,5,21],[24,12,4,16,8,5,21],[4,8,12,16,20,24,5,21],[16,20,12,8,24,5,21],[24,8,21,16,20,4,12,5],[20,12,16,24,8,5,21],[24,4,12,16,20,8,5,21],[16,20,4,8,12,24,21,5],[4,8,24,5,21,12],[24,20,16,8,21,4,12,5],[8,16,24,21,4,12,20,5],[20,4,24,16,12,8,5,21],[12,20,8,16,24,5,21],[16,12,20,4,8,24,21,5],[24,4,20,8,21,16,12,5],[4,8,16,20,12,24,21,5],[12,24,20,4,16,8,21,5],[20,24,4,16,12,8,21,5],[24,20,12,8,5,21],[24,16,20,8,21,12,4,5],[12,20,16,24,4,8,21,5],[16,24,8,5,21,12],[4,24,16,12,8,21,20,5],[4,24,12,8,5,21],[4,20,16,24,12,8,21,5],[20,4,12,16,8,24,21,5],[12,16,20,24,4,8,21,5],[24,4,8,5,21,20],[8,20,12,24,5,21],[4,8,20,12,24,21,16,5],[16,24,12,8,5,21],[8,4,20,12,16,24,21,5],[12,16,20,8,24,21,4,5],[16,4,24,20,12,8,5,21],[8,4,16,20,24,21,12,5],[20,24,8,21,4,16,12,5],[24,16,20,8,5,21],[20,24,8,21,16,4,12,5],[16,12,24,4,20,8,5,21],[24,12,20,16,8,5,21],[8,20,12,24,5,21],[12,20,8,24,21,4,16,5],[8,12,16,24,21,20,4,5],[4,8,20,16,24,5,21],[20,8,4,16,12,24,5,21],[8,16,12,20,4,24,5,21],[12,16,20,24,4,8,21,5],[12,16,8,20,24,5,21],[16,24,4,12,8,21,20,5],[20,12,24,16,4,8,5,21],[20,8,12,24,21,16,4,5],[20,24,16,12,8,21,4,5],[24,4,20,16,8,21,12,5],[12,20,4,24,16,8,5,21],[8,4,16,12,24,21,20,5],[8,16,12,4,24,5,21],[16,20,24,4,8,5,21],[12,24,4,16,20,8,21,5],[8,20,24,21,12,16,4,5],[20,16,4,8,24,5,21],[20,12,8,16,24,5,21],[4,12,20,24,8,5,21],[12,4,20,24,8,21,16,5],[20,4,12,16,24,8,21,5],[8,12,20,24,5,21],[12,4,8,20,16,24,21,5],[4,16,8,24,21,12,20,5],[20,4,16,24,12,8,5,21],[20,4,8,12,16,24,21,5],[16,12,24,20,4,8,21,5],[4,12,16,24,8,5,21],[16,12,8,20,4,24,5,21],[4,20,24,16,8,21,12,5],[20,16,4,24,12,8,5,21],[16,24,12,4,8,21,20,5],[12,24,20,8,5,21],[16,4,8,12,20,24,21,5],[24,12,20,16,8,21,4,5],[16,4,20,8,12,24,5,21],[4,20,16,8,12,24,21,5],[4,16,24,20,12,8,21,5],[8,16,12,24,21,20,4,5],[24,16,8,21,20,12,4,5],[20,12,8,4,24,5,21],[20,12,16,8,4,24,5,21],[24,4,16,8,21,12,20,5],[12,16,20,4,8,24,5,21],[20,16,12,8,24,5,21],[12,24,20,8,21,16,4,5],[4,12,20,16,24,8,5,21],[16,4,20,24,12,8,5,21],[12,4,20,24,16,8,5,21],[20,4,8,16,24,21,12,5],[24,12,16,20,4,8,21,5],[16,8,12,4,24,5,21],[24,8,21,12,4,20,16,5],[24,12,16,4,20,8,5,21],[24,4,16,8,21,20,12,5],[8,12,16,24,21,20,4,5],[16,12,8,24,21,4,20,5],[16,4,12,8,20,24,21,5],[8,20,24,21,12,16,4,5],[8,12,20,16,24,5,21],[12,8,16,4,24,21,20,5],[4,12,20,8,16,24,21,5],[8,16,4,20,12,24,21,5],[12,16,24,20,4,8,21,5],[16,12,20,4,8,24,21,5],[12,4,8,20,16,24,21,5],[4,12,16,24,8,21,20,5],[24,8,21,12,20,4,16,5],[24,4,20,8,21,12,16,5],[20,8,16,24,5,21],[16,12,20,4,24,8,5,21],[12,20,24,4,16,8,5,21],[20,16,12,8,24,5,21],[4,16,12,24,20,8,5,21],[4,16,12,20,8,24,21,5],[8,4,16,12,24,5,21],[24,4,8,5,21,16],[4,8,24,5,21,16],[8,4,12,20,16,24,21,5],[16,12,4,20,8,24,21,5],[20,12,4,16,24,8,21,5],[12,16,24,4,20,8,21,5],[4,12,8,20,16,24,5,21],[16,12,8,20,24,5,21],[8,16,24,21,20,12,4,5],[4,12,24,8,21,20,16,5],[12,20,4,24,16,8,21,5],[20,12,24,8,21,4,16,5],[8,12,16,20,4,24,5,21],[24,20,8,5,21,16],[8,16,24,21,20,4,12,5],[20,4,8,16,24,21,12,5],[12,4,24,16,20,8,5,21],[12,16,4,8,24,5,21],[8,20,24,5,21,4],[24,20,8,21,4,12,16,5],[4,24,16,8,21,20,12,5],[8,20,16,24,21,4,12,5],[16,20,12,8,24,5,21],[8,4,16,24,21,12,20,5],[4,12,16,20,24,8,21,5],[12,16,24,8,5,21],[20,4,8,12,24,5,21],[12,8,24,21,20,4,16,5],[4,20,8,24,5,21],[24,20,16,8,5,21],[8,16,24,21,12,4,20,5],[12,8,4,24,5,21],[24,12,16,20,4,8,5,21],[12,16,24,20,8,21,4,5],[24,4,12,20,16,8,5,21],[4,20,24,8,21,12,16,5],[20,12,4,24,16,8,21,5],[24,12,8,21,20,4,16,5],[4,8,16,24,5,21],[8,4,24,21,12,20,16,5],[12,20,16,24,8,21,4,5],[20,16,8,24,5,21],[4,8,24,21,20,16,12,5],[8,12,20,4,16,24,21,5],[20,8,16,12,24,5,21],[16,8,20,4,24,5,21],[16,4,24,12,20,8,21,5],[20,12,16,24,8,5,21],[8,12,20,16,4,24,21,5],[4,16,20,8,24,21,12,5],[24,12,8,5,21,4],[4,20,8,16,12,24,5,21],[24,4,16,20,8,21,12,5],[8,16,12,24,21,20,4,5],[24,4,16,20,12,8,21,5],[16,8,24,5,21,12],[12,20,8,24,21,16,4,5],[20,12,4,24,8,5,21],[24,8,5,21,12,16],[24,12,4,20,8,21,16,5],[20,24,4,12,16,8,5,21],[20,24,12,16,4,8,5,21],[16,12,20,24,8,21,4,5],[20,12,16,4,24,8,21,5],[4,20,16,24,12,8,5,21],[4,12,8,20,16,24,21,5],[4,16,8,20,24,5,21],[16,4,20,12,24,8,21,5],[24,4,16,20,12,8,5,21],[4,24,12,8,21,16,20,5],[20,12,4,16,8,24,21,5],[4,24,12,20,16,8,5,21],[4,12,24,8,5,21],[16,24,20,4,12,8,21,5],[20,4,12,8,16,24,21,5],[20,4,24,8,5,21],[4,8,24,5,21,12],[12,8,24,21,4,20,16,5],[4,16,8,24,5,21],[24,8,5,21,20,4],[8,16,4,24,21,20,12,5],[12,24,8,21,16,20,4,5],[20,16,12,4,8,24,5,21],[4,8,12,16,24,5,21],[24,20,12,16,4,8,21,5],[8,20,4,12,16,24,5,21],[8,12,20,24,5,21],[12,24,4,8,21,20,16,5],[8,24,21,20,4,12,16,5],[12,24,16,20,8,21,4,5],[12,24,16,20,8,5,21],[16,12,4,24,8,5,21],[12,20,16,24,4,8,21,5],[12,20,24,4,16,8,5,21],[4,12,8,16,24,21,20,5],[12,16,8,24,21,20,4,5],[20,8,16,4,24,5,21],[20,8,24,5,21,12],[24,20,12,8,5,21],[24,4,16,12,8,5,21],[20,16,8,12,24,21,4,5],[12,16,24,4,8,5,21],[20,8,16,12,24,21,4,5],[20,8,24,21,4,16,12,5],[8,4,24,5,21,16],[20,12,24,16,4,8,21,5],[20,16,24,12,8,5,21],[20,24,4,12,16,8,5,21],[24,20,16,4,12,8,21,5],[8,24,21,4,12,16,20,5],[4,24,8,5,21,16],[16,4,8,24,5,21],[16,12,8,20,24,21,4,5],[8,16,12,4,24,21,20,5],[12,24,8,5,21,4],[16,8,24,21,12,20,4,5],[4,12,24,8,5,21],[20,16,12,24,8,5,21],[24,4,12,16,8,21,20,5],[24,4,20,8,5,21],[24,8,5,21,20,9],[4,20,12,16,24,8,21,5],[12,16,20,4,24,8,5,21],[16,12,4,24,20,8,5,21],[16,24,4,8,5,21],[12,4,20,24,8,5,21],[16,4,20,8,12,24,21,5],[4,8,24,5,21,16],[12,4,8,24,21,20,16,5],[16,24,20,4,8,21,12,5],[16,8,20,24,21,4,12,5],[4,20,12,8,24,5,21],[12,4,20,8,24,21,16,5],[8,4,20,12,16,24,21,5],[20,24,16,4,12,8,21,5],[12,20,24,16,8,21,4,5],[16,20,24,8,21,4,12,5],[20,8,12,4,24,21,16,5],[16,8,20,12,4,24,21,5],[8,12,24,21,16,20,4,5],[16,8,20,24,5,21],[8,24,21,16,12,4,20,5],[24,12,8,5,21,4],[24,16,20,8,5,21],[4,16,12,8,24,5,21],[4,24,16,20,8,21,12,5],[20,4,16,12,8,24,21,5],[24,16,8,21,20,4,12,5],[20,24,8,5,21,16],[8,20,24,21,16,12,4,5],[24,16,20,12,8,21,4,5],[20,24,4,16,8,21,12,5],[16,20,8,24,21,4,12,5],[12,4,20,8,16,24,21,5],[4,20,16,24,12,8,21,5],[20,24,4,12,16,8,21,5],[20,12,8,16,4,24,5,21],[8,16,24,5,21,4],[20,4,24,8,5,21],[24,8,21,12,4,20,16,5],[4,20,8,16,12,24,5,21],[4,8,16,12,20,24,5,21],[20,4,12,24,8,5,21],[20,8,12,4,16,24,5,21],[24,8,21,16,12,20,4,5],[16,4,12,24,8,5,21],[8,16,4,20,24,5,21],[12,16,4,8,24,5,21],[8,16,4,20,12,24,21,5],[24,16,12,20,8,21,4,5],[8,16,20,4,24,5,21],[20,12,4,24,16,8,5,21],[12,24,20,8,5,21],[12,20,4,24,8,5,21],[4,8,16,20,12,24,21,5],[4,20,8,24,5,21],[24,12,16,4,20,8,5,21],[12,8,4,16,20,24,21,5],[12,8,24,5,21,4],[4,24,8,21,16,12,20,5],[24,8,5,21,12,4],[16,24,8,5,21,20],[12,20,16,24,4,8,5,21],[20,8,16,24,5,21],[4,24,20,8,5,21],[24,8,5,21,20,12],[16,4,24,20,12,8,21,5],[12,4,24,16,20,8,5,21],[12,24,8,5,21,16],[4,8,24,5,21,12],[4,16,20,12,8,24,21,5],[4,20,8,24,5,21],[4,24,16,20,12,8,21,5],[16,20,8,12,4,24,5,21],[8,20,24,5,21,16],[12,8,20,16,4,24,21,5],[12,16,8,4,20,24,21,5],[24,20,12,4,16,8,5,21],[12,20,8,4,24,5,21],[4,24,20,16,8,5,21],[12,24,16,8,5,21],[16,4,12,24,20,8,21,5],[24,8,21,12,20,4,16,5],[24,20,16,4,12,8,5,21],[16,20,24,12,8,5,21],[16,8,24,21,20,12,4,5],[24,20,16,4,8,5,21],[12,20,8,4,24,5,21],[16,24,12,4,20,8,5,21],[4,24,8,21,12,16,20,5],[12,24,20,4,16,8,5,21],[16,4,24,8,21,12,20,5],[16,24,20,8,5,21],[24,8,5,21,12,4],[4,8,16,24,21,20,12,5],[24,4,8,21,16,20,12,5],[12,24,20,8,5,21],[8,4,12,16,20,24,21,5],[8,24,21,16,20,12,4,5],[4,12,20,24,8,21,16,5],[16,12,24,20,4,8,5,21],[4,20,16,24,12,8,5,21],[20,12,4,8,24,5,21],[24,12,8,5,21,20],[8,12,20,4,24,21,16,5],[4,16,20,24,8,5,21],[12,8,20,4,16,24,21,5],[12,16,20,24,4,8,5,21],[24,20,4,8,5,21],[16,4,8,24,5,21],[12,8,16,24,21,4,20,5],[8,4,16,12,24,21,20,5],[12,16,20,24,8,21,4,5],[8,12,16,4,24,21,20,5],[8,24,5,21,20,4],[16,24,12,4,8,5,21],[16,4,8,12,20,24,5,21],[16,12,4,24,8,21,20,5],[20,4,12,24,8,21,16,5],[24,20,4,8,21,16,12,5],[20,8,24,21,16,4,12,5],[8,20,24,5,21,12],[4,12,24,20,8,21,16,5],[4,16,8,24,5,21],[16,4,12,20,24,8,21,5],[8,20,12,4,16,24,5,21],[16,8,4,12,24,5,21],[12,20,8,4,16,24,21,5],[16,8,20,24,5,21],[24,16,20,4,8,21,12,5],[16,8,12,20,4,24,21,5],[16,4,12,20,24,8,21,5],[24,12,16,8,5,21],[12,24,20,16,8,5,21],[12,20,24,8,21,4,16,5],[12,16,4,8,20,24,21,5],[8,20,4,16,12,24,21,5],[8,4,20,16,24,5,21],[4,24,20,16,8,5,21],[16,24,12,20,8,21,4,5],[4,8,12,20,24,5,21],[24,16,12,8,21,20,4,5],[4,8,12,24,21,16,20,5],[12,8,4,24,21,20,16,5],[16,4,8,12,20,24,5,21],[8,4,16,20,24,21,12,5],[12,4,24,8,21,20,16,5],[8,4,20,12,16,24,5,21],[16,8,20,4,24,5,21],[20,8,24,21,4,12,16,5],[12,16,24,8,21,20,4,5],[12,16,24,8,5,21],[4,8,20,16,24,5,21],[16,12,8,20,24,5,21],[24,16,8,5,21,12],[20,4,24,12,8,5,21],[8,20,16,12,24,21,4,5],[8,24,5,21,20,4],[24,4,20,12,8,5,21],[16,4,24,8,21,12,20,5],[20,16,4,24,12,8,21,5],[24,20,16,12,4,8,21,5],[20,16,4,12,8,24,21,5],[8,20,4,24,5,21],[8,4,24,21,20,16,12,5],[16,20,12,24,8,21,4,5],[12,4,16,20,8,24,5,21],[4,20,8,16,12,24,21,5],[16,20,12,8,24,5,21],[12,20,16,8,4,24,21,5],[20,8,16,4,12,24,5,21],[12,20,8,16,24,5,21],[16,12,20,24,8,21,4,5],[8,12,16,4,20,24,5,21],[4,20,24,8,21,12,16,5],[16,4,8,20,24,5,21],[12,4,16,8,20,24,21,5],[8,16,24,5,21,20],[24,16,12,8,5,21],[8,12,24,5,21,16],[20,16,12,24,4,8,21,5],[8,24,5,21,4,20],[12,4,8,20,16,24,5,21],[8,16,4,20,12,24,21,5],[20,4,8,24,21,16,12,5],[4,24,8,21,20,16,12,5],[8,20,4,24,5,21],[12,4,24,8,21,20,16,5],[24,20,12,16,8,21,4,5],[4,8,12,24,21,20,16,5],[12,16,24,20,4,8,5,21],[24,8,21,20,4,16,12,5],[4,8,24,5,21,12],[8,24,5,21,12,4],[20,12,8,16,24,21,4,5],[8,20,4,24,21,16,12,5],[8,12,16,20,24,5,21],[4,8,20,12,24,21,16,5],[16,12,8,20,4,24,21,5],[12,16,20,4,24,8,5,21],[16,24,20,4,12,8,21,5],[24,16,20,8,5,21],[4,8,12,24,5,21],[24,4,20,12,8,5,21],[20,12,24,8,5,21],[8,24,5,21,12,16],[24,4,8,5,21,12],[20,4,16,12,8,24,21,5],[20,12,8,4,24,21,16,5],[24,12,16,4,20,8,5,21],[12,16,8,20,24,5,21],[4,24,20,12,8,5,21],[12,8,16,24,5,21],[16,12,4,20,8,24,21,5],[12,16,20,24,4,8,21,5],[4,24,20,16,12,8,21,5],[20,8,12,4,24,21,16,5],[16,4,24,8,21,20,12,5],[24,12,8,21,16,20,4,5],[24,8,21,20,16,4,12,5],[8,16,4,12,20,24,5,21],[8,4,20,16,24,5,21],[4,8,16,12,24,21,20,5],[16,20,4,12,8,24,21,5],[4,20,8,24,21,12,16,5],[24,4,20,12,8,5,21],[8,16,4,20,12,24,21,5],[8,12,24,21,20,16,4,5],[4,12,16,20,24,8,21,5],[4,20,12,8,16,24,5,21],[24,4,16,8,5,21],[20,16,8,24,21,4,12,5],[20,8,4,16,24,5,21],[16,8,24,5,21,12],[20,16,8,24,21,12,4,5],[20,24,16,8,5,21],[24,20,16,8,21,4,12,5],[24,4,16,12,20,8,21,5],[16,4,8,24,5,21],[16,4,20,24,12,8,5,21],[24,8,5,21,12,20],[20,8,4,24,21,16,12,5],[8,16,4,24,5,21],[16,8,4,20,24,5,21],[12,24,8,5,21,20],[4,12,20,16,8,24,21,5],[24,20,12,4,8,21,16,5],[8,24,5,21,16,20],[4,20,8,12,24,5,21],[12,20,24,16,8,5,21],[12,4,24,16,8,21,20,5],[8,12,16,4,24,21,20,5],[20,8,16,4,24,5,21],[20,16,24,4,8,5,21],[4,8,24,5,21,16],[16,4,12,20,24,8,21,5],[16,12,20,4,8,24,5,21],[8,20,12,16,4,24,5,21],[12,4,16,20,8,24,21,5],[8,16,20,24,21,12,4,5],[24,4,20,16,8,5,21],[24,12,16,4,8,21,20,5],[20,16,12,4,8,24,5,21],[4,24,12,8,5,21],[16,4,24,8,21,20,12,5],[16,4,20,24,12,8,21,5],[4,12,24,8,21,20,16,5],[24,12,16,20,4,8,21,5],[8,24,5,21,4,12],[20,12,24,4,8,21,16,5],[8,12,24,5,21,4],[12,8,16,4,24,5,21],[12,24,4,16,20,8,5,21],[12,20,16,8,24,5,21],[24,8,5,21,4,16],[8,16,20,4,12,24,21,5],[16,4,12,24,20,8,21,5],[4,20,16,24,8,5,21],[20,24,4,12,16,8,5,21],[16,24,4,8,5,21],[20,8,16,12,24,21,4,5],[20,8,16,24,21,4,12,5],[8,20,24,21,16,4,12,5],[8,24,5,21,20,16],[12,4,20,24,8,5,21],[16,20,8,4,24,5,21],[24,16,12,8,21,4,20,5],[8,20,24,5,21,16],[4,8,20,16,12,24,21,5],[20,24,8,5,21,4],[8,24,5,21,4,12],[4,24,20,16,12,8,5,21],[20,4,12,8,16,24,5,21],[24,12,16,20,4,8,21,5],[4,24,12,16,20,8,21,5],[12,24,16,4,8,5,21],[16,8,4,12,20,24,21,5],[16,24,4,20,12,8,21,5],[16,4,20,8,24,21,12,5],[24,16,12,8,5,21],[24,4,12,16,8,5,21],[8,16,4,24,21,20,12,5],[12,24,20,4,16,8,5,21],[24,12,8,5,21,16],[24,16,12,20,8,5,21],[12,24,16,8,21,4,20,5],[16,20,8,24,21,12,4,5],[12,8,20,16,4,24,5,21],[16,4,24,20,8,21,12,5],[12,20,16,4,8,24,5,21],[12,20,16,8,4,24,5,21],[12,4,24,8,21,16,20,5],[4,24,16,12,20,8,5,21],[8,12,24,21,16,20,4,5],[12,24,16,20,8,5,21],[8,16,20,24,21,4,12,5],[12,16,20,24,4,8,21,5],[16,24,12,20,4,8,5,21],[12,16,4,8,24,5,21],[20,24,16,4,8,21,12,5],[20,24,16,4,12,8,5,21],[12,20,24,8,5,21],[24,4,16,12,20,8,5,21],[4,24,12,20,8,21,16,5],[24,16,8,5,21,12],[24,12,8,5,21,16],[20,16,12,24,4,8,21,5],[24,8,5,21,20,4],[16,4,20,8,24,21,12,5],[16,24,8,21,4,20,12,5],[24,8,21,20,4,12,16,5],[12,8,4,16,20,24,5,21],[20,24,12,8,5,21],[24,8,5,21,20,12],[8,20,12,16,24,5,21],[20,8,16,24,5,21],[16,24,12,20,8,21,4,5],[24,4,20,8,5,21],[12,16,8,24,21,20,4,5],[16,8,24,5,21,20],[8,24,21,20,16,4,12,5],[4,12,20,8,16,24,21,5],[24,20,16,8,5,21],[20,4,16,24,12,8,5,21],[8,12,4,24,21,20,16,5],[8,4,24,21,12,20,16,5],[12,24,16,4,8,21,20,5],[16,24,8,21,4,12,20,5],[8,20,12,16,24,5,21],[24,12,20,8,5,21],[8,20,4,12,24,21,16,5],[12,24,16,20,8,5,21],[24,8,21,12,16,4,20,5],[4,12,24,8,21,16,20,5],[16,8,20,24,5,21],[24,16,20,4,12,8,21,5],[24,12,4,16,20,8,5,21],[12,20,4,8,24,21,16,5],[8,4,12,20,16,24,21,5],[20,16,12,24,8,5,21],[12,4,16,24,20,8,21,5],[12,4,20,24,16,8,21,5],[16,8,24,5,21,20],[24,16,8,21,4,12,20,5],[24,20,4,16,8,5,21],[16,8,20,12,24,21,4,5],[12,24,16,8,21,4,20,5],[24,4,16,12,8,5,21],[12,24,8,5,21,16],[12,16,24,20,4,8,5,21],[24,4,20,16,8,21,12,5],[20,4,8,12,24,5,21],[20,12,4,16,24,8,5,21],[20,24,8,5,21,12],[20,24,16,12,8,5,21],[12,4,8,20,16,24,21,5],[24,4,8,21,12,16,20,5],[16,24,8,5,21,12],[20,8,16,4,24,21,12,5],[12,20,4,16,8,24,5,21],[16,12,20,24,8,5,21],[20,16,24,8,5,21],[8,24,21,4,16,20,12,5],[16,8,4,20,12,24,21,5],[4,16,12,24,8,21,20,5],[16,12,20,4,8,24,5,21],[4,16,12,8,24,5,21],[8,12,16,4,20,24,5,21],[16,8,12,20,24,5,21],[12,4,16,20,24,8,5,21],[4,8,12,16,24,21,20,5],[24,12,16,20,4,8,5,21],[24,4,20,16,8,21,12,5],[12,24,4,8,21,20,16,5],[8,16,12,20,4,24,21,5],[4,12,16,24,20,8,21,5],[20,4,8,24,21,12,16,5],[12,24,20,4,8,21,16,5],[20,12,24,16,4,8,21,5],[16,20,8,12,24,5,21],[24,20,12,4,8,5,21],[8,24,21,4,16,12,20,5],[12,4,20,24,8,5,21],[24,20,12,8,5,21],[20,4,24,12,8,5,21],[8,16,24,21,12,4,20,5],[24,20,12,16,4,8,21,5],[4,24,12,20,8,21,16,5],[24,8,5,21,4,12],[24,4,20,12,8,21,16,5],[20,24,8,5,21,4],[24,8,21,20,4,12,16,5],[12,20,4,8,24,5,21],[4,8,16,12,20,24,21,5],[4,16,24,12,20,8,21,5],[16,24,20,4,8,5,21],[12,4,24,20,16,8,21,5],[12,20,24,4,16,8,5,21],[24,12,16,4,8,21,20,5],[8,12,20,24,5,21],[24,8,5,21,16,12],[12,8,16,4,20,24,21,5],[24,4,16,8,21,20,12,5],[24,16,20,4,8,21,12,5],[20,16,8,4,24,5,21],[12,16,8,4,20,24,5,21],[16,12,24,4,8,21,20,5],[16,8,12,24,21,20,4,5],[20,4,24,16,12,8,21,5],[12,24,16,4,8,21,20,5],[24,20,16,8,5,21],[24,20,16,8,21,4,12,5],[20,8,24,5,21,4],[8,24,5,21,16,20],[20,12,8,4,24,21,16,5],[8,24,5,21,12,20],[4,8,16,12,24,21,20,5],[16,12,20,8,4,24,21,5],[24,20,16,12,4,8,21,5],[4,20,12,8,24,21,16,5],[4,24,16,8,21,20,12,5],[12,20,24,16,4,8,5,21],[4,12,24,20,8,5,21],[8,16,12,20,4,24,5,21],[12,16,4,20,8,24,21,5],[16,12,4,24,20,8,5,21],[20,24,8,5,21,16],[24,4,8,21,16,20,12,5],[20,24,12,4,16,8,5,21],[20,24,8,5,21,4],[24,8,21,20,16,12,4,5],[20,24,12,16,4,8,5,21],[16,24,8,21,12,4,20,5],[8,20,12,16,4,24,5,21],[16,4,12,24,20,8,5,21],[8,16,20,4,12,24,5,21],[12,16,4,8,24,5,21],[8,20,12,16,4,24,21,5],[20,16,12,8,4,24,21,5],[24,4,16,12,20,8,5,21],[16,8,20,12,24,21,4,5],[20,8,4,12,16,24,21,5],[16,24,12,20,4,8,5,21],[8,16,4,24,5,21],[12,24,8,5,21,20],[24,16,4,12,20,8,5,21],[12,16,24,4,20,8,5,21],[20,8,24,21,4,16,12,5],[24,16,8,21,20,4,12,5],[24,4,20,12,16,8,21,5],[24,4,12,8,5,21],[24,12,16,20,4,8,5,21],[24,16,4,12,20,8,5,21],[24,8,5,21,4,16],[8,24,21,16,4,12,20,5],[4,20,12,8,24,5,21],[8,16,12,24,5,21],[20,16,8,24,5,21],[4,24,8,5,21,12],[12,4,16,24,20,8,5,21],[16,8,24,5,21,12],[12,8,4,24,5,21],[4,12,8,20,24,5,21],[12,4,8,24,21,16,20,5],[24,16,4,20,12,8,21,5],[8,16,20,24,21,12,4,5],[8,12,24,21,20,16,4,5],[12,8,20,16,24,5,21],[8,4,12,16,24,21,20,5],[20,8,12,16,24,21,4,5],[16,8,20,24,5,21],[16,4,24,12,20,8,21,5],[12,16,20,24,4,8,21,5],[8,20,16,24,21,4,12,5],[12,20,4,8,16,24,21,5],[12,4,20,16,8,24,21,5],[8,4,20,24,21,16,12,5],[8,24,5,21,20,16],[24,20,12,16,8,21,4,5],[8,24,21,4,16,20,12,5],[16,20,8,12,24,5,21],[16,4,20,12,8,24,21,5],[16,4,20,12,24,8,5,21],[24,20,16,4,8,21,12,5],[24,12,20,4,8,21,16,5],[20,16,12,8,24,5,21],[12,20,8,4,16,24,21,5],[8,4,12,24,21,16,20,5],[8,12,16,24,21,4,20,5],[20,12,24,16,4,8,21,5],[16,8,4,20,12,24,5,21],[4,16,20,24,8,21,12,5],[4,16,20,12,8,24,21,5],[24,8,21,16,4,20,12,5],[16,12,24,4,8,21,20,5],[16,8,12,24,21,4,20,5],[20,16,4,24,8,21,12,5],[24,8,21,20,12,16,4,5],[24,4,12,16,8,5,21],[12,20,16,8,24,5,21],[20,8,4,16,24,21,12,5],[20,16,24,12,8,21,4,5],[12,4,20,16,24,8,21,5],[12,16,20,8,24,5,21],[20,8,12,4,16,24,5,21],[20,24,8,21,12,4,16,5],[4,12,16,24,20,8,5,21],[12,8,16,24,21,20,4,5],[24,16,12,20,4,8,5,21],[20,16,4,24,12,8,5,21],[8,4,12,24,21,20,16,5],[24,12,16,4,20,8,21,5],[16,12,4,8,24,5,21],[24,20,8,5,21,16],[24,12,4,8,21,20,16,5],[12,16,8,24,5,21],[4,16,12,8,24,5,21],[16,8,20,4,12,24,5,21],[24,20,8,5,21,12],[12,16,24,8,21,4,20,5],[8,20,24,5,21,12],[12,4,16,20,8,24,5,21],[8,16,4,24,21,12,20,5],[24,4,16,8,21,12,20,5],[8,24,21,4,20,12,16,5],[4,12,16,20,24,8,5,21],[16,24,8,21,4,12,20,5],[20,12,16,24,4,8,21,5],[8,12,24,5,21,20],[16,20,12,4,24,8,21,5],[24,4,8,5,21,20],[12,4,8,20,16,24,21,5],[4,8,24,5,21,12],[4,16,8,24,21,12,20,5],[20,24,8,21,16,12,4,5],[20,12,16,4,24,8,5,21],[12,8,16,4,24,5,21],[8,16,20,12,4,24,5,21],[8,12,20,24,21,4,16,5],[4,12,20,8,24,5,21],[12,4,8,20,24,21,16,5],[16,20,12,4,8,24,5,21],[4,16,20,12,8,24,21,5],[4,12,8,16,20,24,21,5],[4,20,16,12,24,8,5,21],[16,12,8,20,4,24,21,5],[16,20,8,12,24,5,21],[20,24,16,8,21,4,12,5],[8,12,20,4,24,21,16,5],[16,12,4,8,20,24,5,21],[20,16,12,4,8,24,21,5],[4,8,16,20,12,24,21,5],[8,12,4,16,24,21,20,5],[16,12,24,8,21,20,4,5],[8,4,24,5,21,16],[4,8,20,12,24,21,16,5],[8,12,16,4,24,21,20,5],[20,8,16,24,21,12,4,5],[20,12,8,16,4,24,21,5],[16,20,12,8,4,24,21,5],[20,4,24,8,21,12,16,5],[12,16,20,4,24,8,21,5],[20,24,8,5,21,4],[8,24,21,4,16,20,12,5],[12,24,20,8,21,16,4,5],[4,8,12,16,20,24,5,21],[16,8,4,20,24,21,12,5],[4,8,16,20,12,24,21,5],[24,8,5,21,12,4],[24,4,16,20,8,5,21],[20,4,16,8,12,24,21,5],[16,24,8,21,20,12,4,5],[4,8,12,16,20,24,21,5],[20,24,8,21,12,16,4,5],[24,8,5,21,4,12],[4,20,12,8,16,24,5,21],[8,4,16,24,21,20,12,5],[16,4,24,12,8,21,20,5],[8,12,4,20,24,5,21],[4,16,8,24,5,21],[24,4,12,16,8,5,21],[24,8,5,21,16,4],[4,20,24,16,8,21,12,5],[8,4,16,20,12,24,5,21],[12,24,20,16,8,21,4,5],[8,20,24,5,21,16],[8,4,20,16,24,5,21],[12,20,4,24,16,8,5,21],[24,20,16,4,8,5,21],[8,16,4,12,24,21,20,5],[24,8,21,4,16,12,20,5],[4,12,24,20,8,21,16,5],[16,20,4,12,24,8,21,5],[12,24,8,5,21,20],[12,16,24,8,21,20,4,5],[8,20,12,16,24,21,4,5],[8,4,12,16,20,24,5,21],[16,12,20,4,8,24,21,5],[20,16,8,24,5,21],[24,4,20,8,21,16,12,5],[8,20,24,5,21,12],[16,12,8,20,24,5,21],[20,8,12,4,24,5,21],[20,8,24,21,12,4,16,5],[4,12,20,24,8,5,21],[4,8,20,12,16,24,5,21],[16,8,12,4,20,24,21,5],[4,8,20,16,24,5,21],[24,4,16,20,8,5,21],[8,20,4,24,5,21],[20,8,16,12,4,24,5,21],[16,4,8,12,24,5,21],[4,20,24,8,21,12,16,5],[20,4,24,12,8,21,16,5],[16,8,24,5,21,12],[4,8,24,21,20,16,12,5],[4,8,20,16,24,21,12,5],[16,24,12,8,21,4,20,5],[20,4,24,16,8,5,21],[20,24,8,5,21,12],[12,4,20,24,16,8,5,21],[4,12,20,8,24,5,21],[20,16,12,4,24,8,5,21],[12,24,4,16,8,21,20,5],[12,24,8,5,21,20],[20,4,24,12,8,5,21],[24,12,8,21,20,16,4,5],[4,12,20,8,24,21,16,5],[16,4,12,24,20,8,21,5],[4,16,8,24,21,20,12,5],[8,4,20,16,24,21,12,5],[16,20,24,4,12,8,21,5],[24,12,16,8,21,20,4,5],[8,24,5,21,4,20],[12,8,4,20,24,5,21],[20,16,12,4,8,24,5,21],[4,8,12,20,16,24,21,5],[12,16,24,4,20,8,5,21],[8,24,21,16,4,12,20,5],[24,20,16,12,8,21,4,5],[20,16,24,4,12,8,21,5],[16,4,8,24,5,21],[12,8,24,21,20,16,4,5],[12,24,4,8,5,21],[20,4,12,16,8,24,21,5],[24,16,12,20,8,21,4,5],[4,8,20,16,24,5,21],[12,8,4,16,20,24,5,21],[4,12,20,16,8,24,21,5],[16,24,4,12,8,5,21],[16,12,8,24,5,21],[12,4,16,24,20,8,5,21],[4,16,24,20,12,8,21,5],[24,4,20,12,16,8,5,21],[12,20,24,8,21,16,4,5],[8,24,21,4,16,12,20,5],[8,24,21,12,16,4,20,5],[12,16,24,8,21,20,4,5],[12,24,20,4,8,5,21],[8,20,24,5,21,16],[8,20,24,5,21,4],[8,12,16,24,21,20,4,5],[20,12,4,8,16,24,21,5],[12,4,16,8,24,21,20,5],[24,16,12,20,8,5,21],[12,20,16,4,8,24,21,5],[24,12,16,20,8,5,21],[16,8,24,21,12,20,4,5],[12,8,4,20,16,24,21,5],[20,16,4,24,8,5,21],[4,8,20,16,24,5,21],[16,8,20,24,21,4,12,5],[12,16,8,24,21,20,4,5],[8,20,16,24,21,12,4,5],[24,20,4,12,8,21,16,5],[12,4,24,8,5,21],[8,24,5,21,12,16],[16,20,4,24,12,8,5,21],[20,8,12,4,24,5,21],[16,8,20,12,4,24,21,5],[20,4,16,24,8,5,21]],"n_human":9}