{"problem_id":"qG1kSQiT9DnwWSs","sigma":150,"alpha":0.316,"cost":1,"probabilities":"[0.24, 0.01, 0.25, 0.5]","payoff_matrix":"[[58, -178, 153, -94, -123, -178], [-70, 18, 116, 83, -105, 289], [203, -104, 8, 139, 15, 210], [104, -146, -319, 62, -35, 138]]","uncovered":[[12,8,4,20,16,24,3,23,21,1],[4,20,8,16,24,23,12],[12,24,20,16,8,4,3,23,1,21],[24,4,23,8,12,16,20],[20,12,4,8,16,24,3,23,1,21],[16,4,12,20,8,24,23],[4,16,12,20,24,23,8],[16,12,24,4,23,20,8],[4,24,3,23,21,1,8,16,20,12],[12,16,4,8,20,24,3,23,1,21],[8,16,24,20,4,23,12],[4,24,3,23,21,1,20,12,16,8],[24,12,16,4,23,8,20],[4,12,16,8,24,3,23,1,21,20],[8,4,12,16,20,24,3,23,21,1],[12,4,8,24,3,23,1,21,20,16],[12,20,24,16,8,4,3,23,21,1],[16,20,4,24,23,8,12],[4,8,20,16,24,23,12],[12,20,16,4,8,24,3,23,21,1],[20,8,16,4,12,24,3,23,1,21],[16,4,12,24,23,20,8],[16,8,4,20,12,24,23],[24,4,23,20,8,16,12],[8,12,4,20,24,3,23,21,1,16],[8,20,4,12,24,23,16],[4,24,3,23,21,1,20,16,12,8],[20,16,4,24,3,23,1,21,8,12],[24,20,8,16,4,23,12],[24,12,8,20,16,4,3,23,21,1],[20,24,16,8,12,4,23],[12,16,24,4,3,23,21,1,20,8],[12,8,24,16,4,23,20],[20,12,4,24,3,23,1,21,8,16],[24,4,3,23,21,1,8,20,12,16],[24,4,23,8,12,20,16],[12,16,24,8,4,3,23,21,1,20],[12,16,20,24,4,3,23,21,1,8],[16,8,24,20,12,4,3,23,21,1],[8,24,16,4,23,12,20],[4,16,20,24,3,23,1,21,12,8],[24,8,16,12,4,23,20],[24,8,4,23,16,12,20],[4,16,24,3,23,21,1,8,20,12],[4,12,20,8,16,24,23],[8,16,20,12,24,4,23],[12,16,4,24,23,8,20],[4,16,24,23,8,12,20],[8,24,16,4,23,20,12],[20,24,12,8,4,23,16],[16,20,24,8,12,4,3,23,21,1],[20,12,8,4,24,23,16],[20,16,12,24,4,3,23,1,21,8],[4,20,16,12,8,24,3,23,1,21],[20,4,12,16,8,24,23],[20,24,4,23,16,12,8],[24,20,16,4,3,23,1,21,12,8],[8,12,16,4,24,23,20],[24,16,20,4,3,23,21,1,12,8],[20,24,8,4,23,12,16],[12,4,8,24,23,16,20],[12,4,8,24,3,23,21,1,16,20],[16,4,8,12,20,24,23],[8,24,12,20,16,4,3,23,21,1],[12,16,4,8,24,3,23,1,21,20],[12,20,24,8,4,23,16],[12,16,20,24,4,23,8],[16,24,8,4,23,12,20],[24,12,8,16,20,4,3,23,21,1],[4,24,23,8,20,12,16],[12,16,8,4,24,23,20],[16,8,20,24,4,23,12],[20,12,8,4,24,23,16],[16,4,20,8,12,24,23],[24,16,20,12,8,4,3,23,1,21],[20,24,16,4,23,8,12],[20,12,24,16,8,4,23],[8,4,16,12,24,3,23,21,1,20],[24,12,16,20,8,4,3,23,21,1],[24,12,4,23,8,16,20],[20,12,24,4,3,23,21,1,8,16],[16,12,4,24,3,23,21,1,20,8],[4,12,16,20,24,3,23,1,21,8],[24,16,8,4,23,12,20],[4,20,24,23,12,16,8],[20,12,4,8,24,23,16],[8,20,24,4,3,23,1,21,12,16],[24,8,20,12,16,4,3,23,21,1],[24,20,12,8,16,4,23],[12,4,24,3,23,1,21,8,16,20],[12,20,4,16,24,23,8],[24,12,8,20,4,3,23,21,1,16],[12,16,20,8,4,24,3,23,21,1],[4,16,8,24,23,20,12],[12,4,24,3,23,1,21,8,16,20],[8,16,4,12,20,24,23],[4,24,3,23,1,21,20,16,8,12],[16,12,8,20,4,24,3,23,1,21],[20,8,24,16,4,23,12],[24,12,20,16,4,23,8],[12,20,4,8,24,23,16],[16,20,8,24,4,3,23,1,21,12],[24,12,4,23,8,20,16],[12,4,16,24,23,8,20],[8,24,16,20,12,4,3,23,1,21],[24,8,12,20,4,3,23,21,1,16],[4,8,16,20,24,3,23,21,1,12],[12,4,8,20,24,3,23,1,21,16],[12,24,8,20,4,23,16],[4,16,8,20,24,23,12],[12,8,20,16,24,4,23],[24,8,12,4,23,16,20],[24,16,8,4,3,23,21,1,12,20],[20,12,4,16,8,24,23],[12,20,8,4,24,3,23,21,1,16],[12,16,8,20,24,4,3,23,21,1],[8,20,4,12,16,24,23],[4,8,12,20,24,23,16],[4,12,8,24,3,23,1,21,16,20],[24,4,23,20,8,12,16],[24,12,20,8,16,4,3,23,21,1],[4,24,23,20,16,12,8],[12,20,16,8,4,24,3,23,1,21],[12,4,8,20,24,3,23,21,1,16],[8,16,20,4,24,23,12],[4,8,16,20,12,24,23],[20,4,16,24,3,23,1,21,8,12],[4,24,23,20,12,8,16],[12,8,20,24,16,4,23],[8,4,16,12,20,24,3,23,1,21],[12,20,16,8,4,24,3,23,1,21],[4,16,8,20,24,3,23,21,1,12],[12,8,4,16,20,24,3,23,21,1],[24,20,16,4,3,23,21,1,12,8],[4,24,3,23,1,21,16,12,20,8],[24,8,4,23,12,16,20],[8,20,16,24,4,23,12],[12,20,24,16,8,4,23],[4,16,20,8,12,24,3,23,21,1],[16,4,12,8,24,23,20],[12,24,4,3,23,1,21,8,16,20],[4,24,23,8,12,20,16],[20,4,24,3,23,1,21,8,12,16],[20,12,4,24,23,8,16],[24,12,4,3,23,1,21,8,16,20],[4,16,12,8,20,24,3,23,1,21],[4,24,3,23,1,21,12,20,16,8],[8,16,12,24,20,4,23],[8,24,16,12,4,23,20],[16,24,4,3,23,1,21,20,8,12],[20,12,8,4,24,23,16],[24,16,8,4,23,12,20],[12,4,24,3,23,21,1,20,16,8],[12,24,16,20,4,23,8],[4,8,12,24,23,16,20],[4,20,16,8,12,24,23],[4,16,24,23,8,20,12],[4,24,3,23,1,21,20,16,12,8],[16,8,4,24,23,20,12],[8,4,20,16,12,24,3,23,1,21],[20,4,16,12,24,23,8],[12,24,16,20,8,4,3,23,21,1],[4,24,23,20,12,8,16],[20,8,4,12,24,23,16],[4,12,20,8,24,3,23,21,1,16],[4,20,8,16,24,3,23,1,21,12],[16,12,4,8,24,23,20],[4,20,8,24,23,16,12],[12,24,4,3,23,1,21,8,16,20],[24,20,8,12,16,4,23],[12,16,20,24,8,4,23],[20,16,4,12,24,23,8],[20,24,8,16,4,23,12],[24,16,12,8,20,4,3,23,21,1],[20,12,16,4,24,23,8],[8,4,20,12,24,23,16],[4,16,8,24,3,23,21,1,12,20],[20,16,4,12,24,23,8],[12,16,4,24,23,8,20],[16,24,4,3,23,1,21,8,12,20],[24,4,23,8,12,20,16],[20,8,12,4,16,24,3,23,21,1],[16,8,24,4,3,23,21,1,12,20],[8,4,12,20,16,24,3,23,21,1],[20,12,4,16,24,23,8],[8,4,20,16,24,23,12],[12,4,16,20,8,24,3,23,21,1],[16,4,24,3,23,1,21,12,20,8],[20,4,12,24,23,8,16],[20,4,16,24,23,12,8],[20,8,12,4,16,24,23],[12,16,4,20,24,3,23,1,21,8],[16,12,8,20,4,24,3,23,21,1],[20,8,12,16,24,4,3,23,1,21],[12,16,8,20,4,24,3,23,1,21],[8,20,16,24,12,4,3,23,1,21],[16,8,12,24,4,23,20],[24,8,4,3,23,21,1,16,12,20],[8,24,20,16,4,3,23,21,1,12],[4,12,20,8,24,3,23,1,21,16],[24,20,4,3,23,1,21,8,12,16],[20,24,12,16,8,4,3,23,1,21],[4,20,24,3,23,1,21,16,12,8],[12,24,16,20,8,4,23],[24,12,20,4,3,23,1,21,8,16],[12,24,20,16,8,4,3,23,1,21],[12,8,24,20,16,4,3,23,21,1],[8,20,24,16,4,23,12],[20,12,4,24,23,16,8],[16,8,24,20,12,4,23],[24,4,23,16,12,8,20],[12,24,4,23,16,8,20],[4,8,24,3,23,1,21,20,12,16],[12,4,20,16,24,3,23,21,1,8],[16,20,24,12,4,23,8],[12,8,24,16,4,3,23,1,21,20],[12,24,4,3,23,21,1,8,16,20],[20,12,4,8,24,3,23,1,21,16],[24,8,16,4,23,20,12],[16,20,4,24,3,23,21,1,8,12],[20,24,12,16,8,4,23],[4,12,16,8,20,24,23],[24,20,16,4,23,8,12],[8,12,4,16,24,3,23,21,1,20],[20,12,4,8,16,24,3,23,1,21],[20,8,12,4,16,24,3,23,1,21],[20,24,16,8,12,4,23],[12,8,24,4,23,16,20],[4,16,8,20,24,3,23,21,1,12],[16,8,20,4,24,23,12],[16,8,12,24,4,23,20],[20,12,4,16,8,24,23],[8,20,4,16,24,23,12],[8,12,20,16,24,4,3,23,1,21],[24,16,20,12,4,23,8],[12,24,20,8,16,4,23],[24,4,23,20,8,12,16],[24,4,23,12,20,8,16],[24,8,16,12,20,4,23],[20,24,16,12,8,4,3,23,21,1],[16,20,24,8,4,3,23,21,1,12],[24,20,12,8,16,4,3,23,21,1],[4,8,12,20,24,3,23,21,1,16],[12,24,8,16,20,4,23],[4,16,24,23,12,8,20],[4,20,8,12,16,24,23],[24,8,12,20,4,23,16],[8,12,20,16,4,24,3,23,1,21],[12,24,4,23,8,20,16],[8,4,24,3,23,1,21,20,12,16],[20,8,12,24,4,23,16],[24,12,8,20,16,4,3,23,21,1],[4,12,16,8,20,24,23],[16,4,24,23,8,12,20],[24,12,4,3,23,1,21,20,16,8],[24,12,4,23,16,20,8],[12,4,16,8,24,3,23,1,21,20],[4,12,24,23,8,20,16],[16,24,4,23,20,8,12],[12,8,24,16,4,3,23,1,21,20],[4,16,24,23,12,20,8],[16,8,4,20,12,24,23],[20,16,4,24,3,23,1,21,12,8],[20,16,8,12,24,4,3,23,1,21],[16,12,8,4,24,23,20],[16,24,4,3,23,21,1,8,20,12],[24,16,4,3,23,1,21,12,8,20],[16,4,8,24,23,20,12],[12,8,24,20,4,23,16],[12,20,24,4,3,23,1,21,16,8],[24,16,12,20,4,23,8],[24,4,23,8,20,12,16],[12,8,16,4,20,24,23],[16,24,8,12,20,4,3,23,1,21],[20,16,8,24,4,3,23,1,21,12],[24,8,12,20,4,3,23,1,21,16],[16,20,12,8,24,4,23],[20,8,24,4,23,16,12],[12,4,20,8,24,3,23,21,1,16],[20,24,12,8,4,3,23,21,1,16],[16,4,24,23,12,20,8],[8,20,4,12,16,24,3,23,21,1],[4,12,24,3,23,21,1,8,20,16],[8,12,24,16,4,23,20],[16,20,24,8,4,23,12],[12,24,20,16,8,4,3,23,21,1],[4,16,20,24,23,8,12],[8,4,20,24,3,23,21,1,16,12],[4,12,20,24,3,23,1,21,16,8],[16,4,12,20,24,23,8],[24,16,20,4,3,23,21,1,12,8],[16,12,4,20,8,24,23],[8,4,24,3,23,21,1,20,16,12],[24,4,23,20,12,16,8],[20,16,8,12,24,4,23],[8,20,4,16,12,24,3,23,21,1],[4,8,12,16,20,24,3,23,1,21],[20,12,24,8,16,4,3,23,1,21],[4,16,12,24,23,20,8],[20,24,8,12,16,4,3,23,1,21],[16,8,24,12,4,3,23,21,1,20],[12,20,16,24,8,4,23],[4,20,12,8,24,3,23,1,21,16],[8,20,12,16,24,4,23],[24,12,20,16,4,3,23,21,1,8],[8,16,24,12,20,4,3,23,1,21],[20,8,24,12,16,4,23],[20,8,24,12,16,4,23],[20,16,4,24,3,23,21,1,8,12],[4,24,3,23,1,21,20,16,12,8],[16,12,4,20,24,3,23,21,1,8],[16,24,20,12,4,3,23,21,1,8],[24,16,12,20,4,23,8],[16,8,4,12,24,3,23,1,21,20],[24,20,16,4,3,23,1,21,8,12],[8,20,16,12,4,24,3,23,1,21],[12,16,24,4,23,8,20],[20,16,12,8,24,4,3,23,1,21],[20,4,24,3,23,21,1,16,12,8],[8,16,20,12,24,4,3,23,1,21],[16,20,24,8,4,3,23,21,1,12],[20,16,4,8,24,23,12],[12,16,24,20,8,4,23],[16,8,12,24,20,4,23],[8,4,16,20,12,24,3,23,21,1],[20,12,8,16,4,24,23],[12,20,24,4,23,16,8],[8,24,16,20,4,23,12],[4,16,20,8,12,24,23],[8,12,20,24,4,3,23,21,1,16],[4,12,20,16,24,23,8],[20,4,24,3,23,1,21,12,8,16],[4,12,24,3,23,1,21,20,8,16],[16,4,24,23,20,8,12],[24,4,3,23,1,21,8,20,16,12],[16,24,12,8,4,3,23,21,1,20],[8,20,24,4,3,23,1,21,12,16],[12,24,16,20,8,4,23],[8,20,4,16,24,23,12],[12,4,8,16,24,3,23,1,21,20],[24,8,12,4,3,23,21,1,16,20],[16,8,20,4,24,3,23,21,1,12],[16,4,12,24,3,23,1,21,8,20],[12,16,20,8,24,4,3,23,21,1],[24,4,3,23,1,21,8,20,12,16],[12,24,20,4,23,16,8],[20,4,24,23,12,16,8],[16,12,20,24,4,3,23,21,1,8],[20,16,12,24,8,4,23],[8,12,20,4,16,24,3,23,1,21],[20,24,8,16,12,4,3,23,21,1],[24,16,12,20,8,4,23],[24,12,4,23,8,20,16],[20,24,16,12,8,4,23],[8,16,24,4,3,23,1,21,12,20],[16,8,12,4,20,24,3,23,1,21],[12,16,24,4,23,8,20],[24,20,16,12,4,3,23,1,21,8],[12,4,8,20,16,24,23],[16,4,20,12,8,24,23],[16,24,4,3,23,1,21,20,8,12],[8,4,20,16,24,3,23,21,1,12],[8,4,24,23,12,20,16],[4,12,24,23,8,16,20],[20,12,24,16,8,4,3,23,1,21],[24,16,20,12,4,3,23,21,1,8],[12,20,16,4,24,3,23,1,21,8],[16,24,8,12,4,3,23,21,1,20],[16,4,20,12,8,24,23],[24,16,12,4,23,8,20],[20,16,8,4,12,24,3,23,21,1],[4,20,16,12,24,23,8],[20,16,4,8,12,24,3,23,21,1],[24,8,16,20,4,3,23,21,1,12],[12,4,8,20,16,24,3,23,1,21],[20,16,8,12,4,24,3,23,21,1],[24,8,20,4,3,23,21,1,12,16],[4,20,8,24,23,12,16],[8,16,24,20,4,23,12],[20,4,16,8,12,24,23],[4,24,3,23,21,1,8,20,16,12],[20,8,24,4,23,12,16],[12,20,16,8,24,4,23],[4,8,16,12,24,3,23,1,21,20],[8,12,4,24,23,16,20],[20,24,12,4,23,16,8],[24,20,4,23,16,12,8],[4,12,8,24,23,16,20],[24,16,4,3,23,21,1,20,8,12],[16,8,24,20,4,3,23,1,21,12],[12,4,24,3,23,1,21,8,20,16],[16,8,24,12,4,3,23,21,1,20],[12,8,4,24,3,23,1,21,20,16],[8,4,20,12,16,24,23],[8,4,20,12,24,3,23,1,21,16],[20,24,16,12,8,4,3,23,21,1],[16,24,20,8,4,3,23,21,1,12],[24,12,4,3,23,21,1,8,20,16],[4,12,16,20,24,23,8],[4,12,20,16,8,24,3,23,21,1],[8,12,16,20,4,24,23],[16,4,12,20,24,3,23,21,1,8],[8,4,24,3,23,1,21,12,20,16],[8,4,16,20,12,24,3,23,1,21],[16,4,8,12,20,24,23],[8,12,4,20,24,23,16],[20,24,8,12,4,3,23,1,21,16],[12,24,4,3,23,1,21,20,16,8],[8,12,24,20,4,3,23,21,1,16],[20,16,4,12,8,24,3,23,1,21],[20,16,4,8,24,23,12],[20,16,12,4,8,24,23],[20,12,24,16,8,4,23],[12,24,20,4,3,23,21,1,16,8],[20,4,16,24,23,12,8],[4,20,8,24,3,23,1,21,12,16],[16,12,8,24,4,3,23,1,21,20],[8,20,16,24,4,3,23,21,1,12],[16,24,20,12,4,3,23,21,1,8],[8,20,16,12,24,4,3,23,1,21],[24,4,3,23,1,21,20,16,8,12],[24,20,16,4,3,23,1,21,12,8],[20,16,12,4,8,24,23],[8,12,4,20,16,24,23],[16,8,4,12,20,24,23],[20,16,8,12,24,4,23],[12,4,8,20,16,24,23],[4,16,12,20,24,3,23,1,21,8],[20,24,16,8,12,4,23],[24,4,23,20,8,16,12],[16,20,12,8,4,24,3,23,1,21],[20,16,24,12,8,4,3,23,1,21],[16,20,4,24,23,8,12],[20,4,16,24,23,8,12],[24,16,12,4,23,20,8],[16,8,4,12,24,3,23,1,21,20],[8,16,4,12,24,3,23,21,1,20],[20,12,16,8,24,4,3,23,1,21],[8,24,12,4,3,23,21,1,20,16],[12,16,8,4,20,24,23],[8,12,24,4,3,23,1,21,16,20],[16,4,24,23,20,12,8],[16,20,24,8,12,4,23],[12,16,20,8,24,4,3,23,1,21],[12,16,4,8,20,24,3,23,1,21],[8,12,20,16,4,24,3,23,21,1],[16,4,12,20,24,3,23,21,1,8],[16,24,8,20,4,23,12],[4,8,16,12,24,23,20],[8,20,16,12,24,4,3,23,21,1],[8,20,24,16,4,3,23,1,21,12],[4,20,16,24,3,23,21,1,8,12],[12,8,16,4,20,24,3,23,21,1],[20,16,12,4,8,24,23],[4,8,16,12,20,24,23],[12,16,8,24,20,4,3,23,1,21],[12,16,24,8,20,4,3,23,21,1],[4,12,20,16,24,23,8],[12,4,8,20,24,23,16],[12,24,8,4,3,23,21,1,20,16],[16,12,4,8,20,24,23],[16,24,20,8,4,23,12],[16,24,12,4,23,20,8],[20,4,16,12,8,24,3,23,1,21],[16,24,4,23,8,20,12],[16,20,8,24,12,4,23],[16,24,12,8,4,23,20],[12,20,16,4,8,24,23],[24,8,4,23,12,16,20],[16,12,8,24,20,4,23],[12,4,24,3,23,1,21,16,8,20],[12,4,20,16,24,23,8],[24,16,12,4,23,8,20],[24,8,4,23,20,16,12],[20,12,8,16,4,24,3,23,21,1],[16,20,8,24,12,4,23],[12,4,16,20,8,24,23],[24,16,4,23,12,20,8],[4,8,16,24,3,23,1,21,12,20],[24,12,8,20,4,23,16],[16,12,4,24,3,23,1,21,20,8],[12,20,16,24,8,4,23],[20,8,24,12,16,4,23],[24,4,23,16,12,20,8],[16,20,8,12,24,4,3,23,1,21],[20,16,12,24,8,4,3,23,1,21],[12,4,24,23,16,20,8],[16,8,4,24,3,23,1,21,20,12],[16,4,12,20,24,3,23,21,1,8],[8,16,20,4,24,23,12],[16,24,12,8,20,4,3,23,21,1],[12,16,4,24,23,8,20],[20,16,24,8,12,4,3,23,21,1],[4,16,24,23,12,8,20],[16,24,12,4,3,23,1,21,20,8],[16,4,12,24,23,8,20],[24,12,20,16,8,4,3,23,21,1],[12,16,24,20,8,4,23],[8,12,24,16,20,4,3,23,21,1],[4,24,23,20,12,16,8],[24,4,23,16,8,12,20],[20,4,12,8,16,24,23],[8,24,20,16,12,4,3,23,1,21],[4,20,12,16,24,23,8],[20,12,16,8,24,4,3,23,21,1],[8,12,16,4,20,24,23],[24,8,20,4,3,23,21,1,16,12],[12,4,8,16,20,24,23],[8,20,16,12,4,24,3,23,21,1],[4,16,12,24,23,20,8],[20,24,4,23,12,16,8],[24,16,12,4,23,8,20],[20,12,16,24,4,23,8],[20,24,4,23,12,16,8],[20,12,16,8,4,24,23],[16,20,12,4,8,24,23],[20,4,16,8,12,24,3,23,21,1],[12,24,20,4,3,23,1,21,8,16],[4,12,24,3,23,21,1,20,8,16],[8,4,12,20,16,24,3,23,1,21],[16,4,8,12,20,24,3,23,21,1],[4,12,16,24,23,20,8],[12,4,8,16,20,24,23],[16,8,20,4,12,24,23],[24,16,20,4,23,8,12],[8,4,16,12,24,3,23,21,1,20],[12,4,8,24,3,23,1,21,20,16],[20,16,24,12,8,4,23],[24,8,16,12,20,4,3,23,21,1],[8,12,4,16,24,3,23,1,21,20],[8,12,20,24,4,3,23,1,21,16],[8,24,20,4,23,12,16],[12,24,16,20,4,23,8],[16,12,20,24,8,4,3,23,21,1],[8,24,16,4,23,12,20],[16,4,8,20,12,24,23],[24,20,12,16,4,23,8],[24,8,16,4,23,20,12],[24,20,4,23,8,16,12],[8,12,20,16,24,4,3,23,1,21],[8,24,4,23,12,16,20],[16,20,12,8,4,24,23],[4,12,24,3,23,1,21,8,20,16],[24,20,16,8,4,3,23,1,21,12],[24,4,23,8,16,12,20],[24,12,16,8,4,23,20],[24,12,16,20,8,4,23],[12,16,20,8,24,4,23],[20,12,16,8,24,4,3,23,1,21],[20,12,4,24,23,8,16],[8,12,20,16,24,4,23],[20,12,16,24,8,4,3,23,21,1],[8,4,20,24,23,12,16],[12,16,20,24,8,4,23],[12,16,24,8,4,23,20],[12,16,8,24,20,4,3,23,1,21],[24,12,20,8,4,23,16],[20,8,12,24,4,3,23,1,21,16],[20,8,12,16,24,4,23],[4,24,3,23,21,1,12,16,20,8],[20,24,16,12,8,4,23],[24,12,8,4,23,20,16],[24,12,4,3,23,1,21,16,8,20],[12,4,16,20,24,3,23,1,21,8],[4,16,12,20,8,24,3,23,1,21],[16,24,8,20,4,23,12],[16,4,12,8,20,24,23],[24,8,16,4,3,23,1,21,20,12],[12,4,20,16,8,24,3,23,21,1],[8,4,20,24,3,23,21,1,12,16],[16,4,12,8,24,23,20],[12,8,20,16,4,24,23],[4,16,12,20,8,24,23],[8,16,12,20,24,4,3,23,1,21],[12,20,24,8,16,4,3,23,1,21],[8,20,12,16,4,24,3,23,21,1],[12,16,8,4,20,24,23],[12,16,24,8,20,4,23],[16,8,12,4,20,24,3,23,1,21],[12,4,16,20,8,24,3,23,1,21],[16,8,12,20,4,24,3,23,1,21],[24,12,8,16,20,4,23],[16,24,20,12,8,4,23],[16,24,12,4,23,20,8],[20,4,16,8,24,3,23,1,21,12],[24,12,20,16,8,4,23],[20,24,8,4,3,23,1,21,12,16],[16,12,24,20,8,4,23],[4,20,8,16,24,23,12],[16,12,8,24,4,23,20],[4,20,8,24,3,23,1,21,16,12],[20,8,16,12,4,24,23],[8,16,20,24,4,3,23,1,21,12],[20,8,4,12,16,24,3,23,21,1],[4,24,23,8,20,16,12],[12,16,20,4,24,3,23,21,1,8],[24,12,4,3,23,1,21,16,20,8],[4,8,20,12,24,3,23,21,1,16],[24,4,23,20,8,12,16],[4,16,20,12,8,24,3,23,1,21],[4,16,20,8,12,24,3,23,21,1],[24,16,8,20,12,4,23],[8,16,20,12,4,24,23],[20,12,24,8,4,3,23,21,1,16],[20,4,16,12,24,23,8],[4,24,3,23,21,1,8,12,20,16],[24,20,16,4,3,23,1,21,12,8],[16,4,12,8,24,3,23,1,21,20],[20,24,16,4,23,12,8],[12,24,8,16,4,23,20],[4,20,8,12,16,24,3,23,1,21],[8,20,12,24,4,3,23,21,1,16],[4,12,24,23,20,8,16],[4,16,8,24,3,23,1,21,20,12],[4,24,3,23,1,21,12,20,8,16],[16,8,12,4,24,23,20],[24,4,3,23,21,1,8,16,20,12],[20,4,8,12,24,23,16],[24,16,20,4,3,23,21,1,12,8],[8,20,12,4,16,24,3,23,21,1],[8,24,12,20,16,4,23],[12,8,20,24,4,23,16],[20,4,8,12,24,23,16],[4,24,23,12,20,8,16],[4,8,20,12,24,3,23,21,1,16],[8,4,12,16,20,24,3,23,1,21],[4,16,12,20,24,3,23,21,1,8],[20,24,8,16,4,3,23,21,1,12],[12,16,4,24,3,23,21,1,20,8],[8,24,12,20,16,4,23],[24,8,20,4,3,23,1,21,16,12],[24,16,20,4,23,12,8],[20,4,8,24,3,23,1,21,16,12],[24,8,12,4,3,23,21,1,16,20],[4,12,24,23,20,16,8],[24,12,8,20,16,4,23],[4,8,24,3,23,21,1,20,12,16],[20,8,24,16,12,4,23],[24,20,4,23,12,8,16],[4,24,3,23,21,1,12,16,8,20],[12,16,4,24,23,8,20],[12,20,16,24,4,23,8],[4,16,12,24,3,23,1,21,20,8],[4,24,23,16,20,8,12],[20,8,12,16,24,4,3,23,21,1],[4,24,23,16,20,8,12],[4,20,8,24,23,16,12],[4,12,24,3,23,1,21,16,8,20],[4,12,24,23,8,16,20],[8,20,24,4,3,23,1,21,16,12],[20,24,16,8,12,4,23],[20,8,4,12,24,3,23,21,1,16],[8,16,12,24,20,4,3,23,21,1],[16,4,20,12,8,24,3,23,1,21],[24,16,20,8,4,3,23,1,21,12],[4,24,3,23,21,1,12,8,16,20],[24,4,3,23,1,21,8,20,16,12],[4,24,23,20,8,12,16],[24,16,8,12,20,4,3,23,21,1],[16,20,4,8,24,23,12],[24,16,8,12,20,4,23],[20,16,12,8,24,4,23],[20,8,4,12,16,24,23],[12,24,20,16,8,4,3,23,1,21],[4,16,20,24,23,12,8],[8,24,16,4,23,12,20],[4,12,24,3,23,1,21,20,16,8],[16,20,8,12,24,4,23],[24,8,20,12,16,4,3,23,21,1],[4,8,20,12,24,23,16],[16,4,20,24,23,12,8],[24,4,3,23,1,21,16,8,20,12],[24,16,8,20,12,4,23],[20,16,8,4,12,24,23],[12,8,24,4,23,16,20],[4,16,12,8,20,24,3,23,1,21],[24,16,8,12,4,23,20],[4,24,23,16,8,12,20],[16,8,20,12,4,24,23],[8,12,24,20,16,4,3,23,21,1],[16,8,24,12,20,4,3,23,1,21],[12,24,16,8,20,4,23],[12,8,20,16,4,24,23],[20,4,16,8,12,24,3,23,21,1],[16,24,4,3,23,21,1,8,20,12],[8,20,12,4,24,23,16],[16,20,8,12,24,4,3,23,21,1],[24,12,20,4,23,8,16],[4,8,24,23,16,12,20],[24,16,4,3,23,1,21,12,8,20],[12,16,8,24,20,4,3,23,21,1],[4,16,12,20,24,23,8],[20,16,12,4,8,24,23],[20,12,16,24,8,4,23],[16,20,24,12,4,23,8],[24,16,20,4,23,8,12],[12,4,24,23,8,20,16],[16,24,12,20,4,23,8],[24,20,8,12,4,23,16],[12,16,8,20,24,4,3,23,21,1],[20,4,24,3,23,21,1,8,16,12],[4,12,24,3,23,21,1,8,20,16],[20,4,8,16,24,23,12],[20,4,24,23,16,12,8],[24,4,3,23,1,21,16,12,8,20],[8,24,4,3,23,21,1,16,12,20],[4,12,8,24,23,16,20],[20,8,4,24,23,12,16],[20,16,8,24,12,4,23],[4,8,12,24,23,16,20],[12,4,16,8,20,24,3,23,21,1],[12,4,24,23,16,20,8],[4,20,8,12,24,23,16],[24,16,20,4,3,23,1,21,12,8],[24,8,16,20,4,23,12],[20,24,16,4,23,8,12],[16,12,8,4,24,23,20],[8,4,24,23,12,16,20],[12,4,20,8,24,23,16],[20,4,8,24,23,12,16],[24,20,8,4,23,12,16],[12,16,24,20,8,4,23],[24,4,23,16,20,8,12],[20,12,16,24,4,23,8],[20,12,8,24,16,4,23],[8,12,20,16,4,24,3,23,21,1],[20,4,8,24,23,16,12],[16,12,24,4,3,23,21,1,20,8],[20,8,4,24,3,23,21,1,12,16],[16,12,4,20,8,24,23],[20,8,24,12,4,3,23,1,21,16],[24,16,8,4,23,20,12],[16,12,20,8,4,24,23],[4,8,12,24,3,23,21,1,20,16],[24,16,4,23,20,8,12],[20,24,16,4,23,12,8],[16,12,4,24,3,23,21,1,20,8],[16,4,24,3,23,1,21,20,12,8],[4,16,24,23,20,8,12],[8,24,4,23,12,16,20],[4,20,16,12,24,23,8],[8,16,20,4,12,24,23],[8,20,16,12,4,24,3,23,21,1],[12,20,8,24,4,23,16],[4,12,8,24,3,23,1,21,16,20],[4,16,12,20,8,24,3,23,1,21],[12,4,16,20,24,3,23,1,21,8],[20,12,4,16,8,24,3,23,1,21],[4,16,20,24,23,8,12],[16,12,4,20,24,23,8],[12,4,20,24,23,8,16],[12,20,4,16,8,24,23],[4,16,20,8,24,23,12],[24,8,16,4,3,23,21,1,12,20],[24,4,23,12,20,8,16],[24,20,8,4,3,23,1,21,12,16],[16,4,8,24,3,23,1,21,20,12],[20,16,24,4,23,8,12],[8,12,16,24,4,3,23,1,21,20],[12,4,24,23,8,20,16],[12,20,24,8,4,23,16],[24,16,20,12,8,4,23],[4,20,16,8,12,24,3,23,21,1],[4,16,20,24,23,12,8],[4,16,20,12,24,3,23,21,1,8],[24,8,4,23,20,12,16],[8,4,16,20,24,3,23,21,1,12],[8,20,16,24,4,23,12],[16,20,4,8,24,3,23,1,21,12],[12,16,24,4,3,23,21,1,20,8],[20,4,24,23,16,8,12],[24,12,8,20,4,23,16],[20,16,12,4,8,24,3,23,1,21],[4,24,23,20,8,12,16],[12,8,16,20,24,4,3,23,1,21],[4,16,8,20,12,24,23],[8,12,4,16,24,23,20],[12,4,24,23,8,20,16],[20,8,4,16,24,3,23,1,21,12],[4,20,24,3,23,1,21,16,8,12],[4,16,12,24,23,8,20],[12,8,16,4,20,24,3,23,21,1],[24,16,20,4,3,23,1,21,8,12],[12,20,16,4,24,3,23,21,1,8],[8,4,12,20,24,23,16],[20,12,24,4,23,8,16],[12,20,24,4,3,23,21,1,8,16],[12,4,24,3,23,21,1,20,8,16],[12,24,8,20,4,3,23,1,21,16],[12,16,8,20,24,4,23],[24,20,12,4,23,8,16],[4,12,8,20,24,3,23,1,21,16],[16,20,8,4,12,24,3,23,21,1],[8,4,24,3,23,1,21,12,16,20],[24,8,12,4,3,23,1,21,20,16],[12,24,4,23,20,8,16],[12,16,20,4,24,23,8],[8,4,12,16,20,24,23],[20,12,16,4,24,23,8],[12,20,8,16,24,4,3,23,21,1],[8,20,12,24,16,4,3,23,21,1],[24,8,20,12,4,23,16],[4,20,24,23,8,16,12],[16,4,8,12,24,23,20],[16,24,20,4,3,23,21,1,8,12],[8,12,20,16,4,24,23],[12,24,4,3,23,21,1,16,20,8],[16,4,24,3,23,21,1,8,20,12],[20,24,4,23,16,12,8],[24,16,4,23,20,12,8],[24,20,12,8,16,4,3,23,21,1],[16,8,24,12,20,4,3,23,1,21],[4,24,3,23,1,21,20,16,12,8],[4,16,12,20,8,24,23],[8,4,16,12,20,24,23],[8,24,12,4,3,23,21,1,16,20],[8,16,4,24,3,23,1,21,20,12],[4,16,20,24,23,8,12],[8,12,20,4,16,24,3,23,1,21],[12,8,20,16,4,24,23],[4,20,24,3,23,21,1,16,8,12],[16,12,24,8,20,4,3,23,1,21],[20,4,12,24,3,23,21,1,8,16],[24,20,12,4,3,23,1,21,16,8],[4,20,16,8,12,24,3,23,1,21],[24,16,4,3,23,21,1,8,12,20],[12,16,8,24,20,4,3,23,21,1],[4,16,12,24,3,23,1,21,20,8],[20,12,24,4,3,23,1,21,16,8],[8,20,24,16,4,23,12],[12,4,8,24,3,23,21,1,20,16],[8,24,20,12,4,3,23,1,21,16],[20,12,8,16,4,24,23],[4,24,3,23,1,21,12,20,8,16],[4,12,20,16,8,24,3,23,21,1],[12,8,4,24,3,23,1,21,20,16],[4,8,12,20,16,24,23],[20,12,24,16,4,23,8],[12,24,20,16,4,3,23,21,1,8],[4,16,24,23,12,20,8],[12,16,8,4,20,24,3,23,1,21],[20,4,16,8,24,3,23,1,21,12],[20,24,12,8,16,4,23],[8,12,20,4,24,3,23,21,1,16],[4,8,16,24,23,20,12],[4,12,24,3,23,1,21,8,16,20],[8,24,16,20,4,23,12],[8,16,20,4,12,24,3,23,1,21],[24,12,16,20,8,4,23],[4,16,12,8,20,24,23],[20,12,24,16,8,4,23],[12,24,8,16,20,4,3,23,1,21],[24,12,8,4,23,16,20],[20,16,12,8,24,4,23],[12,16,8,20,4,24,3,23,1,21],[16,4,24,3,23,21,1,8,12,20],[20,8,4,16,12,24,3,23,21,1],[16,20,12,4,8,24,3,23,1,21],[4,16,12,8,20,24,3,23,21,1],[12,4,16,24,3,23,21,1,8,20],[4,24,3,23,21,1,8,12,16,20],[16,24,4,23,8,20,12],[16,8,24,20,12,4,3,23,1,21],[12,4,8,24,3,23,1,21,16,20],[20,12,8,24,4,3,23,21,1,16],[24,4,23,20,8,16,12],[24,8,4,3,23,1,21,12,16,20],[24,4,3,23,1,21,12,16,20,8],[12,24,4,3,23,1,21,20,8,16],[4,12,16,20,8,24,23],[12,24,16,8,20,4,3,23,1,21],[16,4,20,8,24,3,23,21,1,12],[24,4,3,23,1,21,8,20,12,16],[20,4,8,16,24,23,12],[12,4,16,20,8,24,3,23,1,21],[20,4,24,23,8,16,12],[4,24,23,12,16,8,20],[24,16,8,4,23,20,12],[20,8,16,4,12,24,23],[24,20,4,3,23,21,1,12,8,16],[4,12,8,20,24,3,23,21,1,16],[24,8,4,23,20,16,12],[4,24,3,23,21,1,16,20,12,8],[12,4,8,16,20,24,23],[20,12,24,4,23,8,16],[16,24,12,4,23,20,8],[24,20,12,16,4,3,23,1,21,8],[4,8,16,12,24,23,20],[20,4,16,24,23,12,8],[4,8,24,23,12,16,20],[4,12,24,3,23,1,21,8,16,20],[24,12,4,3,23,21,1,20,8,16],[20,4,12,24,23,8,16],[24,8,16,4,3,23,21,1,20,12],[16,20,8,12,4,24,3,23,1,21],[20,12,16,24,4,3,23,1,21,8],[8,4,20,12,24,3,23,1,21,16],[12,8,4,24,3,23,21,1,16,20],[16,8,24,4,3,23,1,21,20,12],[12,16,20,8,24,4,3,23,1,21],[16,8,4,12,24,3,23,1,21,20],[4,8,12,20,24,3,23,1,21,16],[16,4,20,8,12,24,23],[20,16,4,12,24,23,8],[16,24,12,20,8,4,3,23,1,21],[24,8,16,4,3,23,1,21,20,12],[4,8,24,3,23,21,1,20,16,12],[8,12,24,16,4,3,23,21,1,20],[8,20,4,24,23,16,12],[20,16,4,12,24,23,8],[20,4,16,24,23,12,8],[20,24,16,12,8,4,3,23,1,21],[20,24,8,16,12,4,23],[4,24,3,23,21,1,16,20,12,8],[16,4,24,23,12,8,20],[16,24,8,12,20,4,23],[24,8,20,16,4,23,12],[16,8,24,4,23,12,20],[12,8,20,4,24,23,16],[20,4,12,24,23,8,16],[20,16,12,4,24,23,8],[16,24,20,12,8,4,3,23,21,1],[12,16,24,20,8,4,23],[20,12,16,24,8,4,3,23,21,1],[20,12,8,16,24,4,3,23,1,21],[12,24,16,4,3,23,1,21,8,20],[12,24,20,8,4,23,16],[12,8,4,20,16,24,3,23,1,21],[16,20,8,12,4,24,3,23,21,1],[4,8,12,16,24,23,20],[8,20,16,4,12,24,3,23,21,1],[4,24,3,23,1,21,8,20,12,16],[4,12,8,16,20,24,3,23,1,21],[12,16,24,20,8,4,3,23,1,21],[12,8,16,20,24,4,23],[24,4,23,20,8,16,12],[16,8,12,4,24,23,20],[20,24,8,16,12,4,3,23,1,21],[20,8,12,24,16,4,23],[12,24,16,20,4,23,8],[12,4,20,8,16,24,23],[20,12,16,8,4,24,3,23,1,21],[20,8,4,24,23,16,12],[4,16,12,24,3,23,21,1,20,8],[4,24,3,23,21,1,20,8,16,12],[8,24,20,16,12,4,3,23,1,21],[4,8,16,24,3,23,1,21,20,12],[8,16,24,12,4,23,20],[4,24,23,8,16,12,20],[16,12,8,24,4,23,20],[8,12,16,20,4,24,3,23,21,1],[16,8,24,4,3,23,21,1,12,20],[8,4,12,16,20,24,23],[4,16,12,24,3,23,1,21,8,20],[16,8,24,12,20,4,23],[16,12,24,4,3,23,21,1,8,20],[4,24,3,23,21,1,20,12,16,8],[16,8,4,20,12,24,23],[12,16,24,8,20,4,3,23,1,21],[8,4,16,20,24,3,23,1,21,12],[24,16,20,8,12,4,3,23,21,1],[8,20,16,12,4,24,3,23,1,21],[12,16,24,8,20,4,23],[20,12,24,16,4,23,8],[24,12,20,16,4,23,8],[4,12,24,3,23,1,21,16,20,8],[12,20,24,16,8,4,3,23,1,21],[20,16,12,4,8,24,23],[16,8,4,12,24,23,20],[24,4,3,23,21,1,12,16,8,20],[8,4,12,16,20,24,23],[4,24,23,16,20,8,12],[4,16,20,12,8,24,3,23,1,21],[8,20,16,12,24,4,23],[20,16,24,12,4,23,8],[4,8,16,24,23,12,20],[20,12,4,24,23,16,8],[24,8,12,4,23,16,20],[4,20,16,8,12,24,3,23,1,21],[20,12,8,24,16,4,23],[8,16,4,20,24,3,23,21,1,12],[20,4,12,16,24,3,23,21,1,8],[4,8,20,12,16,24,23],[12,4,8,20,24,3,23,21,1,16],[12,16,20,8,24,4,3,23,1,21],[8,4,16,20,24,23,12],[16,4,12,20,24,3,23,21,1,8],[20,4,24,23,12,16,8],[16,20,12,24,8,4,3,23,21,1],[24,4,3,23,21,1,8,12,20,16],[24,4,3,23,1,21,20,8,12,16],[20,16,4,24,23,8,12],[4,12,20,16,8,24,23],[16,4,8,24,23,20,12],[24,4,3,23,1,21,8,16,20,12],[16,4,20,12,8,24,23],[4,20,16,8,12,24,3,23,1,21],[8,20,12,16,24,4,23],[8,24,12,4,3,23,1,21,20,16],[12,16,8,24,4,3,23,21,1,20]],"n_human":6}