{"problem_id":"sKU4nC3yOMAzy81","sigma":150,"alpha":1.000,"cost":4,"probabilities":"[0.15, 0.11, 0.11, 0.63]","payoff_matrix":"[[-97, -15, -3, 150, -52, -68], [-95, -202, 152, -212, -192, -53], [-25, 63, -44, 166, 88, 23], [-73, 121, -30, 10, 111, -74]]","uncovered":[[12,24,4,8,20,16,5,17],[24,8,4,16,12,20,5,17],[12,24,4,8,16,20,17],[8,12,16,24,20,4,17],[12,16,4,20,24,8,17],[12,4,24,8,20,16,5,17],[8,4,20,16,24,12,17],[16,4,24,20,8,12,5,17],[20,8,4,12,16,24,5,17],[20,12,16,8,4,24,5,17],[12,20,4,8,16,24,5,17],[12,4,24,8,20,16,5,17],[20,4,8,12,16,24,5,17],[4,20,24,12,16,8,5,17],[4,20,24,16,8,12,5,17],[4,8,20,24,12,16,17],[8,4,20,12,24,16,5,17],[4,24,8,20,16,12,5,17],[16,24,4,8,12,20,5,17],[24,4,12,8,20,16,17],[8,24,20,4,16,12,5,17],[8,16,4,12,24,20,17],[20,24,4,12,16,8,17],[16,8,4,12,20,24,17],[12,24,4,8,20,16,5,17],[16,24,12,8,4,20,5,17],[4,8,12,24,16,20,5,17],[20,8,4,12,16,24,5,17],[4,20,8,16,12,24,5,17],[20,24,12,4,8,16,17],[8,4,24,20,16,12,5,17],[4,8,24,16,12,20,17],[24,8,20,16,12,4,17],[24,8,20,4,16,12,17],[20,4,12,24,8,16,17],[8,16,24,12,4,20,5,17],[12,4,8,24,20,16,5,17],[4,16,12,8,20,24,17],[20,8,4,24,12,16,5,17],[16,12,24,8,4,20,5,17],[12,8,4,24,20,16,17],[12,16,4,24,8,20,17],[16,8,12,24,4,20,5,17],[4,8,16,20,24,12,5,17],[8,24,20,12,4,16,5,17],[16,4,24,12,20,8,5,17],[12,4,20,8,24,16,5,17],[8,16,4,20,12,24,5,17],[8,20,24,4,16,12,17],[24,8,12,16,20,4,17],[4,16,24,12,8,20,5,17],[12,4,24,20,8,16,17],[16,12,20,4,24,8,17],[12,20,24,8,4,16,17],[16,8,24,4,12,20,5,17],[8,20,4,12,16,24,17],[20,4,8,16,24,12,5,17],[12,16,4,24,8,20,5,17],[16,4,12,24,8,20,5,17],[8,12,4,16,20,24,5,17],[8,16,12,24,4,20,17],[16,4,12,8,24,20,5,17],[12,4,8,20,24,16,17],[20,8,24,4,16,12,5,17],[12,20,4,16,8,24,5,17],[12,8,24,4,20,16,5,17],[20,12,8,4,24,16,17],[4,12,24,16,8,20,17],[20,8,12,24,4,16,5,17],[4,24,16,20,12,8,17],[8,12,16,4,20,24,17],[8,16,24,4,12,20,17],[16,20,8,12,24,4,17],[8,4,12,24,20,16,5,17],[4,24,16,8,20,12,5,17],[20,8,4,16,12,24,17],[24,12,4,20,16,8,5,17],[24,20,16,8,12,4,5,17],[20,4,8,12,24,16,5,17],[16,4,12,20,24,8,17],[8,12,24,16,20,4,5,17],[24,20,16,8,12,4,17],[8,20,4,12,24,16,5,17],[24,16,20,8,4,12,5,17],[24,20,16,4,8,12,17],[4,12,16,8,24,20,17],[20,24,8,4,12,16,5,17],[24,8,20,16,4,12,17],[8,24,20,4,16,12,17],[16,4,24,20,8,12,5,17],[12,4,20,8,16,24,17],[12,4,8,24,20,16,17],[12,8,4,20,16,24,5,17],[4,12,24,20,8,16,5,17],[12,24,16,8,4,20,5,17],[20,8,4,16,12,24,5,17],[4,8,20,16,12,24,5,17],[8,20,12,24,16,4,5,17],[20,12,24,8,4,16,17],[12,4,24,20,16,8,17],[12,20,24,4,8,16,17],[16,12,4,20,24,8,17],[16,20,8,12,4,24,17],[8,24,20,4,16,12,5,17],[8,4,12,24,20,16,17],[20,12,24,8,16,4,17],[4,8,16,20,12,24,17],[20,4,16,24,12,8,17],[4,16,8,24,20,12,17],[16,12,20,24,8,4,17],[20,4,12,8,16,24,17],[12,24,16,8,20,4,5,17],[24,20,16,12,4,8,17],[24,4,16,8,12,20,5,17],[12,4,24,20,16,8,17],[4,20,16,8,12,24,17],[16,8,4,20,24,12,17],[12,8,24,20,16,4,5,17],[24,20,4,12,8,16,5,17],[4,24,16,12,8,20,17],[16,20,24,8,4,12,17],[24,20,12,8,16,4,5,17],[4,16,24,12,20,8,5,17],[12,24,4,8,16,20,5,17],[24,12,16,20,8,4,5,17],[20,8,12,16,24,4,5,17],[24,16,12,8,20,4,5,17],[16,24,20,4,12,8,5,17],[24,4,20,12,16,8,5,17],[20,8,4,24,12,16,5,17],[24,12,8,4,16,20,5,17],[4,8,12,24,20,16,17],[24,16,8,4,20,12,17],[16,12,20,4,24,8,17],[16,20,24,8,12,4,5,17],[20,4,16,24,12,8,17],[4,12,16,24,20,8,17],[12,20,8,16,4,24,17],[24,4,8,20,12,16,5,17],[12,20,8,24,16,4,17],[16,24,4,20,8,12,17],[16,20,24,8,12,4,17],[12,8,16,24,4,20,17],[16,24,20,8,12,4,5,17],[12,24,8,16,4,20,17],[4,24,12,8,16,20,17],[16,8,4,12,24,20,17],[12,16,20,8,24,4,17],[24,16,4,8,20,12,17],[4,20,8,12,24,16,5,17],[12,16,4,20,24,8,5,17],[8,16,24,4,12,20,5,17],[4,16,24,20,12,8,17],[12,8,24,4,16,20,5,17],[24,16,20,12,4,8,17],[4,20,16,24,12,8,17],[4,16,12,24,8,20,5,17],[20,24,4,12,8,16,17],[20,8,12,24,16,4,17],[24,12,8,4,20,16,17],[20,16,8,4,24,12,17],[24,20,16,4,8,12,5,17],[20,16,8,4,24,12,5,17],[24,4,16,8,12,20,5,17],[24,12,4,16,8,20,17],[16,20,4,24,12,8,5,17],[24,4,8,16,12,20,17],[20,8,4,16,24,12,17],[16,20,24,12,8,4,17],[8,16,4,20,12,24,17],[20,24,12,8,4,16,17],[12,16,20,4,8,24,17],[4,12,24,16,20,8,17],[24,8,20,4,12,16,5,17],[8,20,16,12,4,24,5,17],[4,20,8,12,16,24,5,17],[8,16,24,20,4,12,17],[16,24,20,8,4,12,5,17],[20,8,16,4,12,24,5,17],[4,16,20,24,12,8,17],[20,4,16,12,24,8,17],[20,16,12,4,24,8,17],[12,24,20,4,16,8,5,17],[24,8,4,16,12,20,17],[20,24,4,12,8,16,5,17],[16,24,12,8,4,20,17],[24,20,8,16,12,4,5,17],[12,16,20,4,8,24,17],[24,4,20,8,12,16,17],[12,16,20,8,4,24,17],[8,24,16,20,12,4,17],[12,24,16,8,20,4,5,17],[20,8,4,24,16,12,17],[20,4,24,16,12,8,17],[24,20,4,12,8,16,5,17],[16,24,12,4,8,20,17],[8,24,16,4,20,12,17],[24,20,12,4,16,8,5,17],[24,4,20,16,8,12,17],[16,8,12,20,4,24,5,17],[20,8,16,12,4,24,17],[8,4,20,16,24,12,5,17],[16,20,4,8,12,24,17],[20,4,16,24,8,12,17],[4,20,16,12,24,8,5,17],[20,4,24,8,12,16,17],[12,24,20,16,4,8,5,17],[16,12,8,24,4,20,17],[16,24,12,8,20,4,17],[12,24,16,20,8,4,17],[4,12,16,24,20,8,5,17],[8,20,24,4,12,16,17],[24,20,16,12,8,4,5,17],[16,24,12,20,8,4,5,17],[24,16,12,4,20,8,17],[20,12,8,4,24,16,5,17],[4,8,12,16,24,20,5,17],[24,16,20,8,12,4,5,17],[16,20,24,12,4,8,17],[24,20,4,8,12,16,5,17],[4,24,20,8,16,12,5,17],[20,16,24,4,8,12,5,17],[12,16,20,4,24,8,5,17],[4,12,20,8,16,24,5,17],[16,12,24,20,8,4,5,17],[12,8,16,4,24,20,17],[4,12,16,8,20,24,17],[4,16,24,20,8,12,17],[12,20,4,16,8,24,5,17],[16,4,8,24,20,12,5,17],[24,12,8,4,20,16,5,17],[8,16,24,20,4,12,17],[20,8,16,24,4,12,5,17],[8,16,4,20,12,24,5,17],[12,8,20,24,16,4,17],[4,24,12,16,8,20,17],[12,16,4,20,8,24,5,17],[24,8,4,20,16,12,5,17],[4,12,8,24,16,20,5,17],[4,8,20,12,16,24,5,17],[8,24,4,20,16,12,17],[16,4,8,20,12,24,17],[24,8,20,12,4,16,5,17],[4,16,24,20,8,12,17],[8,20,16,4,12,24,5,17],[16,8,24,4,12,20,17],[4,8,12,24,16,20,5,17],[12,20,4,16,24,8,17],[12,20,4,8,24,16,5,17],[16,4,24,8,20,12,17],[24,4,20,12,16,8,5,17],[8,16,4,24,12,20,17],[4,20,24,16,8,12,17],[16,12,8,24,4,20,5,17],[24,16,12,4,20,8,17],[20,24,16,12,4,8,5,17],[4,24,8,20,16,12,17],[24,16,20,8,12,4,17],[8,12,16,24,20,4,5,17],[12,20,8,24,16,4,5,17],[4,16,20,12,8,24,17],[20,8,24,16,12,4,5,17],[24,12,20,4,8,16,17],[16,12,24,4,8,20,5,17],[24,16,4,8,20,12,5,17],[12,20,4,24,16,8,5,17],[24,12,20,16,4,8,5,17],[24,16,12,8,4,20,5,17],[8,24,12,20,4,16,17],[8,24,4,12,20,16,17],[24,8,12,4,16,20,17],[12,8,24,16,4,20,17],[12,8,16,20,4,24,5,17],[12,20,16,24,4,8,5,17],[20,16,24,8,4,12,5,17],[20,24,8,16,4,12,17],[20,8,16,4,24,12,17],[4,16,12,8,20,24,17],[12,8,20,4,16,24,5,17],[8,12,24,16,4,20,5,17],[12,4,24,16,20,8,17],[20,24,4,8,12,16,17],[16,12,4,8,24,20,17],[20,4,24,8,16,12,5,17],[20,8,16,24,12,4,5,17],[20,4,24,8,16,12,5,17],[16,24,4,8,12,20,17],[24,4,8,12,16,20,17],[24,4,12,16,20,8,17],[4,24,12,8,16,20,17],[16,8,24,20,4,12,17],[8,20,4,16,24,12,5,17],[16,4,8,12,24,20,17],[24,20,4,16,8,12,5,17],[16,12,20,24,4,8,17],[20,12,24,16,4,8,17],[20,12,24,4,8,16,5,17],[24,4,16,12,8,20,5,17],[20,8,16,12,4,24,17],[16,20,4,12,24,8,17],[20,16,12,8,24,4,5,17],[16,24,4,8,20,12,17],[24,16,20,12,4,8,17],[20,16,24,12,4,8,17],[20,16,12,4,8,24,5,17],[8,16,12,24,4,20,17],[12,8,4,16,20,24,5,17],[4,24,8,20,16,12,17],[8,16,24,20,12,4,17],[12,20,4,24,8,16,5,17],[12,24,16,4,20,8,5,17],[24,16,8,4,20,12,17],[24,12,8,4,16,20,5,17],[20,24,4,12,16,8,5,17],[4,8,20,12,24,16,5,17],[24,16,12,20,4,8,17],[16,4,20,8,24,12,5,17],[8,24,12,20,4,16,17],[4,16,20,8,12,24,5,17],[4,20,16,8,24,12,5,17],[24,16,12,4,8,20,17],[8,20,4,16,12,24,17],[8,24,4,20,16,12,5,17],[8,20,16,12,24,4,5,17],[20,24,4,8,12,16,17],[16,20,4,8,12,24,5,17],[24,20,12,4,16,8,5,17],[4,12,24,8,16,20,17],[16,24,8,4,12,20,5,17],[4,12,24,16,20,8,17],[20,4,24,16,8,12,17],[20,16,24,12,8,4,5,17],[12,8,16,24,4,20,17],[20,24,12,4,8,16,17],[16,4,24,20,8,12,5,17],[4,20,16,24,8,12,17],[24,8,20,12,4,16,17],[4,8,12,20,16,24,17],[4,12,20,8,16,24,17],[8,4,24,16,20,12,17],[12,16,8,20,24,4,5,17],[12,24,20,8,16,4,17],[20,24,4,16,12,8,5,17],[16,20,8,12,24,4,17],[20,4,16,12,24,8,17],[20,16,12,4,8,24,5,17],[20,24,8,12,16,4,5,17],[8,24,4,12,16,20,5,17],[8,16,12,24,4,20,17],[8,24,16,12,20,4,5,17],[8,20,4,24,12,16,17],[24,20,16,8,4,12,17],[8,16,4,12,24,20,17],[8,20,24,16,4,12,17],[8,4,24,16,12,20,17],[16,20,24,8,12,4,17],[16,4,8,20,24,12,5,17],[16,8,24,20,12,4,5,17],[8,24,20,16,12,4,17],[24,16,4,8,12,20,17],[16,8,20,4,12,24,17],[20,16,12,4,24,8,5,17],[16,4,8,12,24,20,5,17],[24,4,20,12,8,16,5,17],[24,20,16,4,8,12,17],[24,12,4,20,8,16,17],[24,12,16,20,4,8,17],[16,8,12,24,20,4,17],[20,8,16,12,4,24,5,17],[12,20,8,16,24,4,17],[8,16,12,24,20,4,5,17],[16,8,4,24,12,20,17],[12,8,4,20,16,24,5,17],[24,16,20,4,8,12,17],[20,16,12,8,24,4,5,17],[12,16,4,8,20,24,17],[24,4,8,20,12,16,5,17],[24,12,16,20,4,8,5,17],[20,16,8,4,12,24,17],[20,12,8,24,16,4,17],[4,12,24,20,8,16,17],[24,20,4,16,8,12,5,17],[16,12,8,20,24,4,17],[20,16,4,12,24,8,17],[8,12,16,24,4,20,17],[4,20,16,12,8,24,5,17],[16,24,20,12,4,8,5,17],[24,20,12,4,16,8,17],[12,4,20,24,8,16,5,17],[12,16,24,4,20,8,17],[12,24,4,16,20,8,17],[16,12,8,4,20,24,17],[20,4,16,24,12,8,17],[4,12,24,8,16,20,5,17],[16,24,8,12,4,20,5,17],[12,8,20,16,24,4,5,17],[12,24,4,20,8,16,17],[4,12,24,20,8,16,5,17],[24,4,8,12,20,16,17],[4,24,8,16,20,12,17],[12,20,16,4,24,8,17],[16,8,4,24,20,12,5,17],[4,8,20,16,12,24,5,17],[12,20,8,24,4,16,17],[20,4,12,8,16,24,17],[20,16,4,12,24,8,17],[8,16,20,24,12,4,17],[24,4,8,12,20,16,5,17],[20,16,12,8,24,4,17],[12,24,8,16,4,20,17],[20,4,12,24,16,8,17],[8,16,24,20,4,12,5,17],[24,16,4,8,12,20,5,17],[20,4,8,24,16,12,5,17],[20,24,4,8,16,12,17],[20,4,12,8,16,24,17],[24,12,20,4,16,8,5,17],[8,24,12,16,4,20,5,17],[16,20,24,12,4,8,17],[16,4,12,8,20,24,17],[24,12,4,8,16,20,17],[20,4,24,12,8,16,17],[24,4,20,8,12,16,17],[12,8,20,24,16,4,17],[12,8,20,16,24,4,5,17],[8,24,20,16,4,12,5,17],[16,8,12,24,20,4,5,17],[24,20,16,12,4,8,17],[8,20,24,16,12,4,17],[16,20,8,24,4,12,5,17],[4,8,20,16,12,24,17],[20,16,8,12,4,24,17],[24,8,4,12,16,20,5,17],[4,20,8,16,24,12,17],[24,16,4,12,20,8,17],[4,8,24,20,16,12,5,17],[8,24,12,16,4,20,5,17],[24,20,8,4,12,16,17],[12,20,8,16,24,4,5,17],[8,16,24,4,20,12,5,17],[24,20,16,12,8,4,5,17],[12,16,4,20,8,24,5,17],[16,12,8,20,4,24,17],[12,16,8,4,20,24,17],[12,16,20,24,8,4,5,17],[16,24,12,20,4,8,5,17],[8,12,24,16,4,20,17],[12,24,8,20,4,16,5,17],[4,8,16,24,20,12,5,17],[12,8,16,4,20,24,5,17],[4,12,8,24,20,16,17],[12,24,20,8,16,4,17],[24,20,4,8,16,12,5,17],[12,24,20,4,16,8,17],[4,12,16,20,24,8,5,17],[24,20,4,16,12,8,5,17],[20,4,24,8,16,12,5,17],[20,16,8,12,24,4,5,17],[4,12,16,24,20,8,5,17],[20,24,8,16,4,12,17],[24,20,4,16,12,8,17],[12,24,8,16,4,20,5,17],[24,4,12,16,20,8,5,17],[8,16,4,20,12,24,17],[16,12,24,20,8,4,17],[4,16,12,8,24,20,17],[8,4,20,12,24,16,5,17],[12,4,20,16,24,8,5,17],[4,16,8,20,24,12,5,17],[16,4,24,20,8,12,17],[24,16,8,4,20,12,5,17],[4,12,20,16,24,8,5,17],[8,16,20,4,24,12,17],[8,24,16,12,4,20,17],[16,8,12,20,24,4,5,17],[4,12,24,20,8,16,5,17],[12,24,20,8,4,16,17],[4,8,24,20,16,12,5,17],[8,12,24,16,20,4,5,17],[8,4,20,24,12,16,17],[16,24,20,4,12,8,5,17],[4,24,20,16,8,12,17],[24,20,16,12,8,4,5,17],[24,12,8,4,16,20,17],[24,16,20,8,4,12,17],[20,8,24,4,12,16,5,17],[24,20,4,8,12,16,5,17],[4,8,12,24,16,20,5,17],[12,4,8,16,20,24,17],[16,20,24,4,8,12,17],[20,16,4,12,8,24,5,17],[4,24,12,8,16,20,17],[20,16,24,12,8,4,5,17],[20,12,4,8,16,24,5,17],[12,16,20,8,4,24,17],[12,20,4,16,24,8,5,17],[24,16,4,8,12,20,5,17],[8,12,20,4,24,16,5,17],[20,4,8,16,12,24,5,17],[8,12,4,16,20,24,17],[24,12,8,20,4,16,5,17],[8,12,24,16,4,20,17],[24,12,20,4,8,16,5,17],[12,24,20,16,4,8,5,17],[8,16,20,24,12,4,17],[24,4,8,12,16,20,17],[24,12,8,20,4,16,17],[20,16,24,8,12,4,17],[16,12,20,24,8,4,17],[8,4,20,12,16,24,17],[24,16,8,20,12,4,5,17],[24,16,4,8,20,12,5,17],[12,8,24,4,20,16,5,17],[12,8,16,20,4,24,5,17],[8,20,4,16,24,12,17],[16,8,4,12,20,24,17],[20,4,16,24,8,12,17],[8,24,20,4,12,16,17],[4,16,8,12,24,20,17],[20,4,24,8,12,16,5,17],[16,12,4,24,20,8,17],[12,20,16,24,4,8,17],[12,8,20,4,16,24,17],[24,8,12,16,4,20,5,17],[16,24,8,4,20,12,17],[24,16,8,4,20,12,17],[24,16,20,12,4,8,5,17],[4,8,24,12,20,16,17],[24,4,12,16,20,8,17],[4,16,8,20,12,24,17],[20,16,8,24,12,4,5,17],[8,4,16,12,24,20,5,17],[16,8,4,20,24,12,17],[4,20,12,16,8,24,5,17],[12,20,16,8,4,24,17],[24,12,4,16,20,8,17],[8,20,16,12,4,24,17],[16,20,8,4,24,12,5,17],[16,12,20,4,8,24,17],[12,4,16,24,20,8,17],[24,12,4,8,20,16,17],[24,12,16,8,20,4,17],[24,16,4,8,12,20,5,17],[4,8,24,12,16,20,17],[24,16,12,8,4,20,17],[8,24,4,12,20,16,5,17],[12,4,16,8,20,24,5,17],[24,4,20,16,12,8,17],[16,12,8,24,20,4,17],[8,20,24,12,16,4,5,17],[8,24,12,16,4,20,17],[12,24,8,16,4,20,17],[12,4,24,16,8,20,17],[24,20,16,8,4,12,17],[4,8,16,20,12,24,5,17],[4,12,24,20,8,16,17],[4,24,20,12,8,16,5,17],[16,20,4,24,12,8,17],[8,20,24,12,4,16,5,17],[4,24,8,20,12,16,17],[16,12,8,4,20,24,17],[4,20,8,12,24,16,5,17],[16,20,24,8,4,12,5,17],[8,24,4,20,12,16,17],[12,16,4,8,20,24,5,17],[20,4,12,8,16,24,5,17],[12,20,24,8,4,16,17],[16,8,24,20,4,12,5,17],[16,12,24,4,20,8,5,17],[16,20,24,8,4,12,5,17],[4,16,8,12,24,20,5,17],[20,8,4,16,12,24,5,17],[4,12,8,20,24,16,17],[8,16,20,12,4,24,5,17],[4,24,8,16,12,20,5,17],[24,20,8,16,4,12,17],[20,4,12,16,8,24,17],[4,24,20,16,12,8,17],[16,20,8,12,4,24,17],[20,4,24,8,16,12,17],[20,4,8,12,24,16,5,17],[20,8,12,4,24,16,5,17],[8,24,20,4,16,12,5,17],[24,20,4,8,16,12,17],[12,24,16,8,4,20,17],[24,20,16,12,8,4,5,17],[12,16,24,8,20,4,17],[20,16,12,24,8,4,5,17],[8,20,12,4,16,24,5,17],[20,4,24,16,8,12,17],[16,24,12,20,8,4,5,17],[16,20,8,24,4,12,17],[24,8,4,16,20,12,17],[12,24,4,16,8,20,17],[4,16,8,20,12,24,5,17],[4,24,20,12,8,16,5,17],[4,24,16,8,20,12,17],[24,16,4,12,8,20,5,17],[4,8,20,12,24,16,17],[24,12,16,8,4,20,17],[4,16,12,20,8,24,5,17],[24,4,16,12,8,20,17],[16,12,8,4,20,24,17],[24,12,16,4,8,20,17],[4,20,16,12,8,24,5,17],[12,20,16,4,8,24,17],[20,24,4,16,12,8,5,17],[12,8,4,24,20,16,5,17],[20,8,12,24,16,4,17],[20,24,8,16,12,4,17],[24,8,12,20,4,16,17],[16,20,12,8,24,4,5,17],[24,12,16,20,4,8,5,17],[12,8,4,20,16,24,5,17],[16,8,12,4,24,20,17],[4,20,16,12,24,8,5,17],[4,20,12,8,16,24,17],[20,16,4,12,24,8,5,17],[4,8,16,20,12,24,5,17],[24,20,12,8,16,4,5,17],[20,12,24,8,16,4,17],[20,24,12,4,8,16,17],[8,12,20,16,4,24,5,17],[8,12,24,16,4,20,5,17],[20,4,12,16,24,8,17],[8,24,16,20,12,4,17],[4,20,16,12,24,8,5,17],[24,20,16,4,8,12,5,17],[12,8,4,20,16,24,17],[20,24,4,8,16,12,5,17],[4,16,8,24,20,12,5,17],[4,12,24,8,16,20,17],[12,20,24,8,4,16,5,17],[16,4,12,20,8,24,5,17],[8,24,12,4,16,20,17],[4,24,20,8,12,16,17],[8,20,16,24,4,12,5,17],[12,24,16,20,8,4,5,17],[24,16,20,12,4,8,17],[24,20,8,12,4,16,5,17],[20,8,12,16,24,4,17],[12,20,4,24,16,8,17],[20,12,8,16,24,4,17],[12,8,20,4,24,16,17],[24,8,4,20,16,12,5,17],[16,24,4,20,12,8,5,17],[4,20,24,8,16,12,5,17],[4,8,20,24,16,12,17],[4,20,12,8,24,16,17],[16,4,12,20,24,8,17],[24,20,12,8,4,16,17],[16,8,24,20,4,12,17],[24,20,4,8,12,16,5,17],[12,4,20,24,16,8,17],[8,24,12,20,16,4,5,17],[20,4,16,12,8,24,17],[12,20,16,24,8,4,5,17],[16,20,8,4,24,12,5,17],[20,4,16,24,12,8,5,17],[4,8,24,12,20,16,17],[4,20,24,12,8,16,17],[16,24,20,4,12,8,5,17],[24,12,16,8,20,4,5,17],[12,20,24,4,8,16,17],[24,4,12,20,16,8,17],[16,4,20,24,12,8,5,17],[16,20,8,12,4,24,17],[20,24,12,4,8,16,5,17],[8,20,16,12,24,4,5,17],[12,16,20,24,8,4,17],[12,16,4,20,8,24,17],[24,12,4,16,8,20,5,17],[8,24,4,20,16,12,17],[4,24,16,8,12,20,5,17],[12,24,4,20,16,8,5,17],[12,16,24,20,8,4,17],[20,24,12,4,8,16,5,17],[20,4,16,12,24,8,5,17],[16,24,12,4,8,20,5,17],[8,20,4,16,24,12,17],[4,16,24,8,20,12,5,17],[20,8,16,4,24,12,5,17],[12,24,8,20,16,4,17],[16,8,24,20,4,12,17],[20,8,12,4,16,24,5,17],[8,12,24,4,20,16,5,17],[24,8,20,12,4,16,17],[4,20,12,8,16,24,17],[16,24,8,4,12,20,5,17],[8,4,12,20,24,16,5,17],[8,4,20,12,16,24,5,17],[20,12,8,24,4,16,17],[4,12,20,8,16,24,17],[12,4,20,16,8,24,5,17],[8,20,12,16,24,4,5,17],[20,4,12,16,24,8,17],[8,20,24,12,16,4,17],[16,8,12,20,4,24,17],[4,12,20,24,8,16,17],[20,24,8,16,12,4,17],[4,20,16,24,8,12,5,17],[8,16,20,4,12,24,5,17],[24,12,4,8,16,20,17],[4,24,12,20,16,8,5,17],[8,20,12,4,24,16,5,17],[20,24,8,4,16,12,17],[4,12,16,24,8,20,17],[12,16,8,4,24,20,17],[24,20,8,12,4,16,17],[12,4,24,16,8,20,17],[12,20,24,4,8,16,17],[4,16,20,8,24,12,17],[12,20,8,24,16,4,17],[20,24,8,12,4,16,5,17],[12,24,8,20,16,4,17],[12,8,4,16,20,24,5,17],[24,16,8,4,12,20,17],[24,12,20,4,16,8,5,17],[16,4,20,8,24,12,17],[4,12,16,20,24,8,17],[4,24,12,16,20,8,5,17],[16,24,4,12,8,20,17],[20,4,24,8,16,12,17],[4,16,20,24,8,12,17],[12,4,16,8,24,20,5,17],[24,4,8,16,20,12,17],[24,16,20,8,4,12,5,17],[4,16,24,12,20,8,5,17],[24,16,4,8,20,12,5,17],[12,16,4,24,20,8,17],[4,16,8,12,20,24,5,17],[8,12,16,24,4,20,5,17],[12,16,4,20,24,8,17],[8,16,12,4,24,20,17],[24,4,20,8,16,12,5,17],[24,20,8,12,4,16,5,17],[4,20,8,24,16,12,17],[12,16,24,20,8,4,5,17],[20,16,4,12,24,8,5,17],[8,24,20,16,4,12,5,17],[4,8,24,16,20,12,5,17],[24,12,4,16,8,20,5,17],[4,20,8,16,24,12,17],[12,16,4,20,24,8,5,17],[24,12,20,16,4,8,5,17],[12,8,16,24,20,4,17],[12,20,8,24,4,16,5,17],[4,16,8,24,12,20,5,17],[16,24,4,20,12,8,5,17],[24,8,16,12,4,20,17],[20,16,12,4,24,8,17],[16,12,8,24,4,20,5,17],[16,4,24,8,12,20,17],[24,16,8,12,20,4,17],[16,20,24,4,8,12,5,17],[20,12,24,8,16,4,5,17],[24,8,20,4,12,16,5,17],[12,20,4,16,8,24,17],[12,4,20,16,24,8,5,17],[8,4,24,12,16,20,5,17],[4,20,16,12,8,24,5,17],[16,8,12,20,4,24,5,17],[20,4,24,8,16,12,17],[20,24,8,4,16,12,5,17],[24,4,20,12,8,16,5,17],[24,4,20,8,16,12,5,17],[4,12,8,24,20,16,17],[12,4,8,20,16,24,17],[4,20,8,24,12,16,5,17],[20,16,8,12,24,4,17],[16,20,8,12,4,24,5,17],[20,24,16,4,12,8,17],[20,4,12,8,24,16,17],[4,8,12,20,16,24,17],[4,20,8,24,16,12,17],[12,4,24,16,8,20,5,17],[20,24,8,16,12,4,17],[24,4,16,20,8,12,17],[20,4,24,16,12,8,17],[16,4,12,20,8,24,17],[16,4,8,24,12,20,17],[4,24,12,16,20,8,17],[20,4,12,24,16,8,17],[4,20,16,24,12,8,17],[4,20,24,16,12,8,5,17],[24,4,20,12,16,8,5,17],[16,12,8,24,4,20,5,17],[16,12,24,20,8,4,17],[24,8,12,4,16,20,5,17],[8,24,16,12,20,4,5,17],[16,20,12,24,8,4,5,17],[12,20,24,4,8,16,5,17],[4,8,16,24,20,12,17],[12,20,4,8,24,16,17],[4,12,8,20,16,24,17],[16,12,20,4,24,8,17],[12,16,4,24,8,20,5,17],[24,16,12,8,4,20,17],[8,4,16,12,24,20,5,17],[24,8,16,20,4,12,17],[4,20,12,16,8,24,5,17],[12,20,24,8,4,16,17],[24,12,20,8,4,16,17],[12,20,8,24,4,16,17],[12,20,16,24,8,4,5,17],[24,16,20,4,12,8,17],[8,12,20,16,4,24,5,17],[4,20,8,12,16,24,17],[16,4,8,24,12,20,17],[8,4,16,20,12,24,5,17],[12,8,4,20,16,24,5,17],[8,24,4,16,20,12,5,17],[20,4,24,8,12,16,5,17],[8,4,16,12,24,20,17],[20,16,4,12,8,24,17],[8,12,20,24,4,16,5,17],[20,24,8,4,12,16,17],[24,20,16,8,12,4,5,17],[4,12,20,24,16,8,5,17],[12,24,8,4,20,16,5,17],[12,8,24,20,16,4,17],[24,4,20,12,8,16,17],[4,20,24,16,12,8,17],[12,20,4,16,24,8,17],[20,8,4,16,12,24,5,17],[20,16,8,4,24,12,5,17],[8,16,4,12,24,20,17],[12,4,24,8,16,20,5,17],[16,8,4,20,12,24,17],[24,12,16,20,4,8,17],[12,4,24,16,8,20,5,17],[20,8,24,4,12,16,17],[20,12,4,24,16,8,17],[4,20,12,16,8,24,17],[8,24,16,12,4,20,17],[4,8,12,24,16,20,17],[4,24,12,8,16,20,5,17],[4,20,8,16,12,24,5,17],[24,16,4,20,12,8,5,17],[4,12,16,20,8,24,5,17],[12,24,4,16,8,20,5,17],[4,16,12,24,8,20,17],[16,4,20,8,24,12,5,17],[8,20,4,24,12,16,17],[20,24,4,16,8,12,17],[20,8,4,16,12,24,17],[4,12,24,16,8,20,5,17],[16,12,4,8,20,24,5,17],[12,8,24,20,16,4,5,17],[4,12,24,8,16,20,5,17],[20,12,16,4,24,8,5,17],[20,16,4,8,24,12,5,17],[16,20,24,8,12,4,5,17],[24,4,20,12,8,16,5,17],[16,4,12,24,8,20,17],[20,12,4,16,24,8,17],[24,12,16,20,8,4,5,17],[16,20,8,12,24,4,17],[12,24,8,20,4,16,17],[12,20,24,16,4,8,17],[12,8,24,4,20,16,5,17],[16,4,12,8,20,24,5,17],[20,24,16,4,8,12,17],[20,16,12,24,4,8,17],[16,8,4,12,24,20,5,17],[8,16,12,4,20,24,17],[16,12,24,20,8,4,17],[4,12,8,20,16,24,17],[16,4,24,12,8,20,5,17],[16,24,8,12,4,20,5,17],[24,4,16,20,12,8,5,17],[16,20,12,4,8,24,5,17],[20,24,4,8,12,16,17],[24,12,4,20,8,16,17],[4,20,8,24,12,16,5,17],[4,24,8,12,20,16,17],[4,16,24,8,12,20,5,17],[12,20,8,16,4,24,5,17],[20,8,4,24,16,12,5,17],[16,12,8,24,4,20,17],[24,20,16,12,4,8,17],[16,8,24,4,20,12,17],[4,20,24,16,12,8,5,17],[20,24,8,12,16,4,17],[8,16,4,20,12,24,5,17],[20,8,16,24,12,4,5,17],[8,24,20,16,12,4,17],[20,12,16,4,24,8,17],[24,16,20,4,8,12,5,17],[24,4,20,12,8,16,5,17],[16,20,4,8,24,12,17],[8,16,4,20,24,12,5,17],[20,16,12,4,8,24,5,17],[24,16,8,4,12,20,17],[24,12,4,8,20,16,5,17],[16,8,24,12,20,4,17],[8,24,16,20,4,12,17],[4,12,24,8,20,16,17],[20,12,4,16,24,8,17],[8,4,24,20,12,16,17],[16,20,24,8,12,4,17],[12,4,16,20,24,8,5,17],[8,16,12,20,4,24,17],[20,16,12,4,24,8,5,17],[16,20,12,4,8,24,5,17],[16,8,24,12,4,20,17],[24,4,12,20,8,16,17],[4,16,24,20,8,12,5,17],[24,16,12,8,20,4,17],[12,16,24,8,20,4,17],[16,8,20,24,4,12,5,17],[24,4,8,16,20,12,17],[16,20,8,24,12,4,17],[8,4,24,20,12,16,17],[4,8,24,20,12,16,17],[8,16,4,24,12,20,17],[8,20,12,4,24,16,17],[12,4,20,8,16,24,5,17],[8,24,20,4,16,12,17],[8,16,4,24,20,12,17],[16,8,24,20,4,12,17],[24,4,20,12,16,8,17],[12,8,24,20,16,4,17],[8,4,12,16,20,24,5,17],[4,8,20,16,12,24,5,17],[12,24,16,20,4,8,17],[8,24,20,4,16,12,17],[8,20,12,16,4,24,17],[16,20,24,12,4,8,5,17],[8,12,20,16,4,24,17],[4,24,20,16,8,12,5,17],[20,24,16,4,12,8,5,17],[20,4,24,16,8,12,17],[4,8,16,12,20,24,17],[20,4,12,8,24,16,5,17],[20,24,16,4,12,8,17],[24,4,12,16,20,8,17],[4,20,8,12,16,24,5,17],[20,16,12,24,4,8,5,17],[8,4,24,16,20,12,5,17],[24,4,16,12,20,8,5,17],[4,12,20,8,16,24,5,17],[16,8,4,12,24,20,17],[24,16,12,4,8,20,17],[12,8,4,16,20,24,17],[16,4,12,8,24,20,17],[16,24,20,12,4,8,5,17],[4,8,24,16,20,12,17],[12,20,24,4,8,16,5,17],[8,12,4,16,20,24,5,17],[12,16,8,20,24,4,17],[16,8,4,12,20,24,17],[12,20,24,16,8,4,17],[24,4,8,20,16,12,17],[8,4,16,24,12,20,17],[16,12,20,8,24,4,5,17],[8,12,16,4,20,24,5,17],[16,12,20,4,8,24,17],[16,24,20,8,4,12,5,17],[24,4,16,12,8,20,17],[20,12,4,24,8,16,17],[12,20,8,24,4,16,5,17],[12,4,8,16,20,24,17],[8,16,4,12,20,24,17],[8,20,4,12,16,24,5,17],[12,16,4,20,24,8,5,17],[20,4,24,8,12,16,17],[12,8,20,16,24,4,5,17],[24,16,12,4,8,20,5,17],[4,12,16,8,20,24,5,17],[8,16,20,4,24,12,5,17],[16,24,8,20,4,12,17],[4,20,24,16,12,8,5,17],[4,24,8,20,12,16,5,17],[20,12,16,4,24,8,17],[4,20,8,24,12,16,17],[4,20,8,24,16,12,17],[12,16,20,8,24,4,17],[8,4,24,16,12,20,5,17],[8,20,24,12,4,16,17],[8,12,4,20,16,24,17],[20,4,24,12,16,8,17],[24,16,8,20,12,4,17],[20,8,12,24,4,16,5,17],[16,20,4,12,24,8,5,17],[12,24,4,20,16,8,17],[16,8,12,24,20,4,17],[12,24,4,16,8,20,5,17],[24,12,4,16,8,20,5,17],[20,12,24,4,8,16,5,17],[4,16,20,24,12,8,5,17],[16,20,12,4,8,24,5,17],[8,4,20,16,24,12,17],[12,16,24,20,8,4,5,17],[8,20,12,24,16,4,5,17],[20,12,8,24,4,16,5,17],[4,8,20,24,12,16,5,17],[8,4,16,20,24,12,17],[8,4,20,12,16,24,5,17],[20,8,24,4,16,12,17]],"n_human":13}