{"problem_id":"xp3VgN7sg3zxzBg","sigma":75,"alpha":10.000,"cost":2,"probabilities":"[0.17, 0.3, 0.17, 0.36]","payoff_matrix":"[[-14, -91, -219, 43, 133, 94], [98, -63, 37, 95, 20, 94], [23, -36, 21, 7, 169, 32], [27, 27, 24, 5, 68, -40]]","uncovered":[[20,12,4,16,8,24],[4,20,12,8,16,24],[4,12,10,8,16,24,20,18],[12,4,2],[8,24,20,16,4,12],[24,16,20,8,4,12],[20,8,16,4,24,12],[24,12,16,20,8,4],[24,4,20,12,16,8],[24,16,8,4,6,12,10,20,18],[4,20,12,16,24,8],[12,16,8,6,24,20,4],[4,16,24,12,2],[24,8,16,12,10,4,20,18],[24,4,20,16,8,12],[24,16,12,4,10,20,18],[12,24,16,4,2],[20,4,24,16,8,12],[20,24,16,12,4,8,2],[4,20,24,16,8,12],[16,8,24,20,12,4],[12,24,16,20,8,4],[8,20,24,16,4,12],[24,16,8,4,2],[4,24,12,10,20,18],[24,8,4,6,12,2],[12,16,24,4,10,20,18],[24,16,4,8,2],[16,20,12,8,4,24],[4,24,12,10,8,20,18],[16,12,4,10,8,20,18],[12,24,20,8,4,16],[4,12,2],[12,20,4,16,8,24],[4,12,2],[12,8,10,20,18],[8,20,12,4,16,24,18],[8,20,16,4,24,12],[16,20,24,12,4,8],[20,12,8,24,16,4],[4,20,12,8,16,24],[24,4,12,10,20,18],[16,24,8,20,12,4],[24,16,12,20,8,4],[4,20,24,8,12,16],[16,20,24,8,4,12],[24,20,8,12,16,4,6],[8,4,2],[24,8,12,10,16,4,20,18],[24,20,16,8,12,4],[8,24,16,20,4,12],[12,8,6,24,20,4,16],[20,12,16,8,24,4],[24,4,16,20,12,8],[20,4,8,16,24,12],[8,20,24,16,4,12],[8,12,6,4,2],[20,4,16,12,8,24],[16,20,24,8,12,4],[4,8,6,16,12,2],[8,20,4,12,16,24],[12,8,6,16,24,20,4],[12,16,24,4,2],[24,16,8,12,10,4,20,18],[4,24,12,10,8,20,18],[4,20,12,24,8,16],[24,12,20,4,8,16],[24,4,12,2],[16,8,20,24,12,4],[12,24,16,4,10,8,20,18],[20,8,16,24,12,4],[12,24,20,8,16,4],[12,16,24,4,10,20,18],[8,20,16,4,12,24],[4,24,8,2],[24,4,16,20,12,8],[24,16,12,8,6,4,10,20,18],[24,12,16,20,8,4,2],[8,4,6,16,24,20,12],[8,20,24,4,12,16],[12,16,8,6,20,24,4],[20,24,12,4,8,16,2],[20,8,24,16,12,4],[24,12,20,16,8,4],[12,20,4,16,8,24],[4,24,12,2],[20,24,8,4,12,16,6],[24,16,12,8,6,20,4],[20,24,8,12,16,4],[20,8,16,4,12,24],[20,4,8,12,16,24],[4,20,24,12,16,8],[16,12,24,8,6,4,2],[20,4,8,16,12,24],[12,24,8,6,20,4,16],[16,12,4,10,20,18],[24,4,12,2],[16,12,4,10,8,24,20,18],[12,16,4,10,20,18],[8,16,12,6,4,2],[24,16,4,8,2],[12,16,20,4,8,24],[12,16,20,4,24,8,2],[4,8,6,20,12,16,24],[8,20,24,4,12,16],[16,24,4,20,8,12],[12,4,2],[16,24,20,8,12,4],[4,8,2],[16,8,4,6,24,20,12],[8,4,2],[16,20,4,12,24,8],[24,4,20,8,16,12],[12,20,8,16,24,4],[24,16,20,8,12,4,18],[4,12,2],[24,20,16,8,4,12],[8,20,12,24,4,16],[12,4,10,24,20,18],[4,24,8,6,12,10,20,18],[4,16,8,2],[24,8,16,12,10,20,18],[24,8,12,10,4,16,20,18],[16,12,4,2],[20,8,16,24,12,4],[24,12,20,16,8,4],[20,8,12,24,4,16],[16,24,4,8,2],[4,20,8,24,12,16,6],[4,8,6,24,16,20,12],[16,4,12,10,24,8,20,18],[24,8,4,2],[20,4,24,8,16,12,6],[20,4,16,12,8,24],[8,12,6,4,2],[16,8,24,20,4,12],[4,12,2],[24,16,12,20,8,4],[8,12,10,24,20,18],[8,4,6,20,24,16,12],[16,20,8,12,4,24],[24,12,8,6,16,4,2],[4,16,12,10,20,18],[20,16,8,4,12,24],[20,24,8,12,4,16],[8,4,6,24,12,10,20,18],[16,4,20,12,24,8],[20,4,16,12,24,8],[4,8,2],[24,12,8,6,16,4,10,20,18],[8,24,16,20,12,4],[12,16,24,20,4,8],[8,12,6,24,20,16,4],[8,24,12,6,16,20,4],[8,4,2],[12,4,2],[20,12,8,24,4,16],[16,20,8,12,24,4],[8,4,6,16,12,2],[24,12,20,8,4,16],[16,20,8,12,4,24],[16,24,12,4,10,20,18],[8,12,6,20,4,16,24],[4,24,8,2],[16,12,8,6,24,4,10,20,18],[20,12,8,16,24,4],[16,8,20,24,4,12],[12,8,10,20,18],[4,16,12,2],[20,24,12,8,4,16],[8,20,16,4,24,12],[8,12,6,16,4,2],[12,20,16,8,24,4],[4,24,12,10,20,18],[16,4,20,12,8,24,6],[20,8,12,24,4,16],[8,12,6,16,20,24,4],[24,8,16,4,6,12,10,20,18],[24,4,16,8,6,12,10,20,18],[16,20,4,24,8,12],[24,8,20,12,4,16],[12,8,6,24,4,2],[8,12,6,24,20,16,4],[12,20,16,24,8,4],[24,12,4,2],[12,20,24,16,4,8],[16,12,24,20,8,4],[24,4,8,2],[16,20,8,12,24,4],[12,8,6,20,16,4,24],[24,12,20,16,4,8],[20,24,4,8,12,16],[8,20,16,24,4,12],[8,24,4,2],[8,16,20,4,12,24,18],[24,16,4,8,6,12,10,20,18],[20,24,16,8,12,4],[4,8,6,12,2],[16,24,20,8,4,12],[4,20,12,16,8,24],[24,16,20,4,8,12],[24,4,16,12,10,20,18],[24,20,4,16,8,12],[16,4,12,2],[24,12,16,20,4,8],[16,12,8,10,4,24,20,18],[8,16,4,6,24,20,12],[24,20,12,4,16,8],[12,8,6,4,10,20,18],[20,4,16,12,24,8,6],[12,16,24,8,6,4,2],[8,16,20,24,4,12],[12,20,4,8,16,24],[24,4,12,2],[4,24,8,2],[8,24,20,12,16,4],[12,16,4,2],[20,12,16,8,24,4,2],[16,20,8,4,24,12],[20,8,16,12,4,24],[4,20,8,16,12,24],[20,8,4,16,12,24],[16,24,20,12,4,8],[24,16,20,12,4,8],[24,8,4,6,20,16,12],[16,4,24,12,2],[16,12,4,2],[24,16,8,4,6,20,12],[12,8,6,16,24,4,10,20,18],[24,12,16,20,4,8],[8,20,12,24,16,4],[12,4,10,24,8,20,18],[24,8,16,20,4,12],[24,4,12,10,8,16,20,18],[8,4,6,24,20,16,12],[24,4,16,8,2],[12,16,24,20,8,4],[20,4,24,12,16,8],[4,8,2],[20,16,24,8,12,4],[24,8,4,6,12,10,16,20,18],[24,12,8,6,16,4,10,20,18],[4,20,24,8,12,16],[12,4,10,20,18],[20,24,8,4,12,16],[8,20,16,24,12,4],[16,24,12,8,6,20,4],[12,20,8,4,16,24],[16,4,24,20,8,12],[20,16,4,12,8,24],[8,4,2],[4,12,2],[16,12,8,10,20,18],[8,4,2],[12,20,4,16,24,8],[16,24,8,20,4,12,18],[4,12,2],[20,16,8,12,24,4],[4,12,2],[24,20,16,12,4,8],[20,12,24,8,4,16],[4,16,8,6,20,12,24],[8,24,20,12,4,16],[4,24,16,12,2],[16,8,24,4,6,12,2],[12,24,20,16,8,4],[24,12,16,20,8,4],[4,12,10,24,8,16,20,18],[12,16,24,4,2],[8,16,24,4,2],[20,12,16,24,4,8],[20,24,8,4,16,12],[20,12,8,24,16,4],[24,20,16,8,4,12],[12,8,10,4,20,18],[8,16,12,10,20,18],[8,20,24,16,4,12],[16,24,20,4,12,8],[16,20,8,4,12,24],[24,12,20,16,8,4],[4,12,2],[20,4,12,8,24,16],[4,24,12,2],[24,8,12,10,16,20,18],[8,20,16,12,4,24],[12,8,10,16,24,20,18],[16,24,20,12,4,8],[4,20,12,8,24,16],[20,4,24,12,16,8],[12,24,16,4,2],[12,4,10,24,20,18],[4,20,16,12,24,8],[20,24,16,12,8,4,18],[8,20,16,24,4,12],[16,20,8,12,24,4],[12,16,20,8,4,24],[20,12,24,8,16,4],[20,24,8,4,16,12],[20,4,24,16,8,12],[12,20,4,24,8,16],[8,4,6,16,12,10,24,20,18],[12,24,8,10,16,20,18],[4,16,24,12,10,20,18],[16,12,8,10,24,4,20,18],[24,12,8,6,20,4,16],[20,24,16,8,12,4],[8,4,2],[8,20,16,24,4,12],[8,12,10,16,24,20,18],[16,12,20,24,4,8],[20,24,16,12,4,8],[16,4,20,8,12,24],[20,24,12,8,16,4],[24,16,20,12,8,4],[12,24,20,16,4,8,6],[24,20,8,12,4,16],[4,8,6,20,24,16,12],[16,12,8,6,24,4,10,20,18],[12,4,10,8,24,20,18],[8,12,6,4,2],[16,20,8,24,12,4],[4,24,20,12,8,16],[16,8,4,2],[8,12,6,4,2],[8,16,20,24,4,12,18],[4,20,16,12,8,24],[12,24,20,8,16,4],[8,4,6,20,12,24,16],[20,8,24,16,12,4],[8,12,10,24,20,18],[16,12,4,10,8,24,20,18],[12,8,6,20,4,16,24],[16,12,24,20,8,4],[8,16,12,10,24,20,18],[20,12,16,24,8,4],[16,8,12,6,20,24,4],[8,20,12,24,16,4],[12,4,10,24,20,18],[8,24,16,4,2],[8,4,6,24,20,16,12],[8,12,6,24,16,20,4],[12,16,20,4,24,8],[20,8,24,4,16,12],[8,16,4,2],[12,8,10,16,4,24,20,18],[20,12,24,4,16,8],[8,20,16,4,12,24],[16,20,8,12,24,4],[20,8,24,4,16,12],[20,8,24,4,12,16],[20,24,12,16,8,4],[16,12,20,4,8,24],[8,20,16,4,12,24],[20,4,24,12,8,16],[4,12,10,8,16,20,18],[4,20,16,12,24,8],[8,16,24,4,2],[16,12,4,10,24,8,20,18],[24,20,4,12,16,8],[24,12,20,8,4,16],[12,20,8,24,4,16],[12,4,10,20,18],[12,8,6,4,2],[12,16,24,20,4,8],[20,24,4,12,16,8],[16,4,8,2],[20,16,8,12,4,24],[12,16,24,4,2],[20,24,4,16,8,12],[4,12,2],[12,16,8,6,20,24,4],[4,12,2],[4,8,2],[24,20,8,12,16,4],[20,8,12,4,24,16],[20,24,8,16,4,12],[12,8,6,4,10,20,18],[4,8,2],[16,24,20,8,4,12],[16,12,8,10,4,20,18],[4,16,12,2],[4,8,2],[16,12,20,24,8,4],[12,24,4,10,8,20,18],[8,16,24,12,10,20,18],[8,20,24,12,16,4],[8,16,12,10,24,4,20,18],[24,8,16,20,12,4],[20,16,24,12,8,4],[16,12,24,4,10,20,18],[24,8,16,20,12,4],[16,8,20,12,24,4],[24,8,12,10,16,20,18],[4,12,2],[20,16,24,4,8,12],[16,12,24,20,8,4],[12,8,10,4,16,20,18],[20,24,12,16,8,4],[8,12,6,24,16,4,10,20,18],[8,4,6,24,20,16,12],[4,24,16,8,6,12,2],[12,8,6,16,24,20,4],[20,4,8,12,16,24],[4,20,8,24,16,12],[12,20,16,8,24,4],[8,12,6,16,20,4,24],[24,16,4,12,10,20,18],[4,12,10,8,16,24,20,18],[8,4,6,16,24,12,10,20,18],[16,4,20,8,12,24],[16,4,12,10,8,20,18],[20,12,4,8,16,24],[12,8,6,4,2],[20,24,12,8,16,4],[24,20,12,8,4,16],[4,12,10,8,16,24,20,18],[4,12,2],[8,4,6,12,2],[8,16,24,12,6,4,10,20,18],[4,8,6,24,20,16,12],[4,24,12,10,16,20,18],[4,8,2],[20,8,4,16,24,12],[8,20,16,12,4,24,18],[12,8,10,16,20,18],[12,24,16,4,10,20,18],[4,12,2],[24,4,20,16,8,12],[4,12,2],[12,4,10,20,18],[12,16,20,24,8,4],[8,20,24,12,4,16],[8,12,6,24,16,20,4],[12,24,16,20,8,4],[24,20,8,12,16,4],[24,16,12,8,10,20,18],[12,20,16,24,8,4],[8,12,10,20,18],[12,24,16,20,4,8],[20,12,16,8,24,4],[12,8,6,16,4,10,24,20,18],[20,12,8,4,16,24],[4,16,20,12,24,8],[20,8,12,16,4,24],[4,16,12,2],[12,24,8,6,4,10,20,18],[24,16,20,12,8,4],[24,16,8,4,2],[24,16,4,8,2],[16,8,20,24,12,4],[4,20,12,16,24,8],[24,20,12,16,8,4],[24,4,12,10,16,20,18],[20,12,16,24,8,4],[16,12,24,8,6,20,4],[8,4,2],[20,16,24,4,12,8],[12,24,8,10,4,16,20,18],[24,20,8,16,4,12],[8,12,10,4,20,18],[12,20,8,24,4,16],[24,20,4,12,8,16],[20,16,24,12,8,4],[24,16,20,12,4,8],[16,24,20,8,12,4],[4,16,20,24,8,12],[24,4,16,20,12,8],[4,8,6,24,16,12,2],[16,12,8,10,4,20,18],[20,4,8,12,24,16],[16,24,4,8,6,20,12],[16,12,24,4,10,8,20,18],[24,12,8,10,16,4,20,18],[4,24,16,12,10,20,18],[16,12,20,8,24,4],[20,8,4,16,24,12],[12,4,2],[24,20,4,8,12,16,18],[12,8,10,24,4,16,20,18],[16,20,4,12,24,8],[8,16,4,6,20,24,12],[16,8,20,24,4,12],[8,4,2],[4,16,8,6,12,10,24,20,18],[4,24,8,6,12,2],[12,24,4,2],[4,20,12,16,24,8],[12,20,16,4,24,8],[4,12,10,24,16,20,18],[4,8,2],[8,20,12,4,16,24],[24,8,20,16,4,12],[12,4,10,8,16,20,18],[4,20,24,16,8,12],[24,16,12,20,8,4],[4,24,16,20,12,8],[24,8,20,16,4,12],[8,16,24,12,6,20,4],[4,24,16,20,12,8],[16,4,12,2],[20,8,24,4,12,16],[24,4,8,6,20,12,16],[8,12,10,24,4,16,20,18],[4,24,16,8,6,20,12],[8,12,10,16,4,24,20,18],[24,12,4,2],[8,12,10,20,18],[8,4,6,16,20,24,12],[20,16,4,24,8,12],[24,16,20,4,8,12],[20,12,8,4,16,24],[24,4,8,6,12,2],[20,8,16,24,4,12],[12,8,6,16,4,2],[24,8,16,12,10,20,18],[16,4,24,8,6,12,2],[8,24,20,12,4,16],[4,16,20,8,24,12],[12,24,8,10,16,20,18],[24,16,4,20,8,12],[8,24,16,12,10,20,18],[4,12,10,16,8,24,20,18],[4,24,16,8,2],[4,8,2],[12,8,6,16,20,24,4],[4,24,12,2],[16,8,24,20,4,12],[4,12,10,16,24,20,18],[24,8,20,16,4,12],[8,12,10,24,4,16,20,18],[8,24,12,10,16,20,18],[4,24,16,20,8,12],[8,16,4,2],[12,8,10,24,20,18],[24,12,8,6,20,4,16],[8,4,2],[20,8,24,16,4,12],[4,16,12,2],[20,4,8,16,12,24],[16,12,8,10,24,4,20,18],[16,4,20,24,8,12],[24,4,16,20,8,12],[8,4,2],[24,16,8,4,2],[4,20,16,24,8,12],[16,20,4,8,24,12],[4,8,2],[20,4,24,12,16,8],[20,24,16,8,4,12],[20,24,12,16,4,8,6],[8,12,6,16,24,4,10,20,18],[8,12,10,24,20,18],[24,4,20,12,8,16],[8,24,16,4,2],[4,24,12,10,16,20,18],[4,8,6,20,12,24,16],[12,20,16,4,24,8],[24,8,20,16,12,4],[8,16,4,6,12,2],[12,24,16,8,6,20,4],[12,24,16,8,6,4,2],[20,16,4,24,12,8],[8,20,4,24,16,12],[4,16,8,2],[20,24,4,16,8,12,18],[4,24,12,10,16,8,20,18],[16,24,8,12,10,20,18],[16,20,12,4,8,24],[12,24,8,10,20,18],[8,24,12,6,4,10,20,18],[4,16,20,24,12,8,18],[24,12,8,10,16,4,20,18],[8,4,6,20,16,24,12],[16,20,8,24,12,4],[24,16,20,12,4,8],[8,20,12,24,4,16],[8,12,6,20,24,16,4],[16,8,12,6,20,4,24],[4,12,2],[16,4,8,2],[8,20,12,24,4,16,2],[20,8,4,16,12,24],[16,24,20,8,12,4],[16,20,8,4,24,12],[16,20,24,4,8,12],[16,20,12,4,24,8],[16,24,20,12,4,8],[20,24,8,4,12,16],[24,16,4,12,2],[24,16,20,4,8,12],[4,20,8,16,24,12],[20,4,24,8,16,12],[4,12,2],[16,24,8,12,6,20,4],[12,20,16,4,8,24],[16,4,20,8,12,24],[8,24,20,16,4,12],[8,16,4,2],[4,8,6,24,20,12,16],[24,20,12,8,4,16],[12,20,24,16,8,4,6],[16,20,24,12,8,4],[8,20,16,12,24,4],[4,12,10,8,16,24,20,18],[4,8,6,16,12,2],[12,24,4,10,20,18],[20,24,8,16,4,12],[24,16,12,4,10,20,18],[16,4,12,10,24,20,18],[4,12,10,24,20,18],[12,16,4,2],[24,20,16,12,8,4],[8,4,6,24,12,2],[8,16,12,10,24,20,18],[20,24,8,16,12,4],[4,24,16,20,8,12],[20,8,16,24,4,12],[16,12,4,2],[16,24,8,20,4,12],[20,12,24,8,16,4],[16,4,20,12,24,8],[16,20,4,12,24,8],[24,4,20,8,12,16],[24,12,4,2],[8,16,4,6,20,12,24],[12,24,4,2],[16,24,8,12,6,4,2],[20,16,24,8,4,12],[12,24,20,8,16,4],[20,16,12,4,24,8],[24,16,4,20,8,12],[4,16,8,2],[12,4,10,24,8,16,20,18],[12,24,16,4,10,20,18],[8,16,12,10,24,4,20,18],[16,12,24,4,10,20,18],[8,12,6,16,20,4,24],[20,16,4,12,24,8],[8,4,6,20,24,16,12],[4,24,8,6,16,12,10,20,18],[12,16,24,20,8,4],[20,8,12,24,4,16],[16,20,12,24,8,4],[12,24,8,10,16,4,20,18],[8,12,6,24,16,4,2],[4,24,8,2],[20,4,12,24,8,16],[20,16,4,8,24,12],[4,8,6,20,24,16,12],[24,16,4,20,8,12],[4,12,10,8,16,20,18],[12,4,2],[16,24,8,4,6,12,10,20,18],[12,20,8,24,16,4],[16,4,24,12,2],[20,12,4,16,8,24],[4,12,2],[12,4,10,24,16,20,18],[12,16,20,8,24,4],[4,20,8,24,12,16],[16,8,20,24,12,4],[12,16,8,10,4,24,20,18],[8,24,20,4,16,12],[24,4,8,6,20,16,12],[24,16,4,12,2],[12,20,8,24,4,16],[24,20,8,16,4,12],[12,24,8,6,4,10,16,20,18],[12,8,6,24,20,4,16],[20,4,12,16,24,8],[20,4,24,16,12,8],[4,12,10,16,8,20,18],[20,4,8,24,12,16],[24,12,4,10,20,18],[12,20,8,24,16,4,18],[12,20,16,4,24,8],[24,8,4,6,20,12,16],[12,20,8,16,24,4],[24,4,12,10,8,20,18],[4,16,12,10,20,18],[24,12,8,10,16,20,18],[4,8,6,16,24,12,2],[4,16,20,24,8,12],[8,12,10,20,18],[8,4,6,16,20,24,12],[20,8,4,16,24,12],[12,24,4,2],[8,4,2],[24,8,20,16,12,4],[12,20,8,16,24,4],[8,12,6,16,20,4,24],[20,16,24,4,12,8],[12,24,8,10,16,20,18],[8,20,12,24,16,4],[16,12,4,10,20,18],[20,4,16,24,12,8],[4,8,2],[12,24,16,20,8,4],[12,8,10,16,24,4,20,18],[24,16,8,20,12,4],[24,20,16,8,12,4],[8,20,24,12,16,4],[12,4,10,8,20,18],[16,8,24,4,2],[16,8,20,24,12,4],[24,16,20,8,12,4],[4,20,8,24,16,12],[24,16,12,4,2],[8,24,16,20,4,12],[20,8,4,12,24,16],[4,8,6,12,10,24,16,20,18],[4,20,16,12,8,24],[16,24,20,8,12,4],[24,8,4,6,12,2],[16,12,24,20,8,4],[20,8,4,24,12,16],[16,8,12,10,20,18],[8,20,24,12,16,4],[20,8,16,4,24,12],[24,8,20,4,16,12],[8,24,20,12,4,16],[8,24,4,6,12,2],[4,12,10,20,18],[24,8,12,6,4,2],[8,16,24,20,12,4],[16,8,20,12,4,24],[8,24,16,12,10,4,20,18],[24,4,16,20,8,12],[8,24,4,2],[4,24,20,8,16,12],[4,16,12,2],[20,16,24,12,4,8],[12,8,10,20,18],[4,8,2],[12,4,2],[16,20,4,8,12,24],[20,8,24,4,16,12],[8,24,12,6,16,20,4],[8,24,4,2],[16,20,12,8,4,24],[8,16,12,6,20,24,4],[20,16,24,4,12,8,2],[20,16,8,12,4,24],[16,12,20,24,8,4],[4,20,24,16,8,12],[12,24,8,10,20,18],[12,24,16,20,4,8],[12,4,2],[24,8,4,6,16,12,2],[16,4,24,20,8,12],[24,20,12,4,8,16],[12,16,24,8,6,4,10,20,18],[8,12,6,16,20,4,24],[16,4,8,2],[16,24,4,12,2],[4,24,12,10,16,8,20,18],[20,24,4,12,16,8],[20,16,12,4,8,24],[4,16,8,6,24,12,10,20,18],[20,8,12,4,24,16],[8,12,10,4,20,18],[12,8,10,4,16,24,20,18],[24,12,4,10,16,20,18],[4,16,20,12,8,24],[12,8,10,16,4,20,18],[4,12,2],[12,8,10,24,20,18],[24,8,4,2],[24,8,20,16,4,12],[8,20,16,12,4,24],[20,16,24,8,4,12],[4,16,24,8,2],[24,8,16,4,2],[12,4,10,16,24,8,20,18],[4,24,8,6,20,12,16],[20,24,12,4,16,8],[16,4,20,24,8,12],[16,8,20,24,12,4],[12,20,16,8,4,24],[20,16,4,8,24,12],[4,24,16,20,8,12],[16,20,4,24,12,8],[12,8,10,24,4,20,18],[12,8,10,20,18],[20,16,8,12,24,4],[16,20,8,4,12,24],[4,8,6,16,12,10,24,20,18],[24,12,4,2],[24,16,12,8,10,20,18],[12,16,4,10,24,20,18],[20,8,24,12,4,16],[20,24,12,16,8,4],[12,24,20,16,8,4],[12,4,2],[8,24,4,6,12,10,16,20,18],[4,20,12,24,8,16],[8,20,4,16,24,12],[4,20,24,16,12,8],[8,16,24,12,10,20,18],[12,24,4,2],[20,24,4,8,16,12],[24,4,16,12,10,8,20,18],[20,24,12,16,8,4],[16,8,12,6,20,4,24],[8,16,4,6,20,12,24],[16,24,20,12,8,4],[4,12,2],[16,4,24,12,2],[8,20,4,24,12,16],[24,8,4,6,12,10,16,20,18],[16,8,20,4,24,12],[4,24,12,2],[12,4,10,24,16,8,20,18],[24,8,12,6,16,20,4],[8,16,24,20,12,4],[16,20,24,4,8,12],[12,20,24,8,16,4],[12,8,6,16,20,4,24],[20,12,8,24,4,16],[12,20,8,24,16,4],[12,16,4,10,8,24,20,18],[24,12,8,10,4,16,20,18],[16,8,24,4,2],[20,8,12,4,24,16],[20,8,24,12,16,4],[20,12,24,16,4,8],[20,4,12,16,24,8],[20,24,16,12,4,8],[16,24,20,4,12,8,6],[4,20,24,12,8,16],[24,8,20,16,12,4],[12,20,8,24,4,16],[20,16,8,4,24,12],[4,24,16,8,6,20,12],[4,12,10,20,18],[8,16,20,12,4,24],[16,4,8,2],[20,24,4,16,12,8],[12,20,24,8,4,16],[16,8,12,10,24,20,18],[24,12,8,10,20,18],[4,16,12,10,24,20,18],[16,8,20,24,4,12],[8,4,6,24,20,12,16],[8,4,2],[20,16,8,4,24,12],[20,8,12,4,16,24],[12,20,16,24,8,4],[8,4,2],[24,20,12,8,4,16],[8,4,6,20,24,16,12],[8,20,24,12,16,4],[16,24,4,20,8,12],[24,16,12,4,10,8,20,18],[20,8,24,12,4,16],[12,24,4,10,20,18],[4,12,10,16,8,20,18],[16,20,8,4,12,24],[20,8,12,16,4,24],[4,12,10,24,16,8,20,18],[4,16,20,12,8,24],[8,24,12,10,4,20,18],[4,8,2],[20,4,8,24,12,16],[16,4,8,6,20,12,24],[12,20,16,24,4,8],[24,4,8,6,16,20,12],[8,16,24,20,12,4],[24,12,16,8,6,20,4],[12,20,8,24,16,4],[4,12,2],[24,12,4,10,16,8,20,18],[12,20,24,16,4,8],[8,20,12,16,4,24],[24,8,12,10,20,18],[8,16,20,24,4,12],[20,24,12,16,4,8],[8,12,6,20,16,24,4],[8,16,12,6,20,24,4],[12,20,16,8,24,4],[8,12,10,20,18],[20,8,4,12,24,16],[24,20,4,16,12,8],[8,12,10,16,24,4,20,18],[24,16,8,20,4,12],[20,8,16,12,24,4],[8,24,20,4,16,12],[24,8,20,16,12,4],[24,20,8,4,16,12],[24,4,20,12,16,8,2],[16,20,4,12,24,8,2],[8,20,4,24,16,12],[16,20,8,4,24,12],[4,24,20,12,16,8],[16,8,4,2],[16,4,8,6,24,12,10,20,18],[24,20,8,16,4,12],[16,20,12,24,4,8],[20,4,8,12,24,16],[16,8,20,24,4,12],[20,16,8,24,12,4],[8,12,10,16,20,18],[12,8,6,16,24,4,2],[8,24,12,10,16,20,18],[24,16,20,12,8,4],[12,24,4,2],[8,24,12,6,20,16,4],[4,8,6,16,20,24,12],[8,4,6,12,2],[16,20,4,8,24,12,18],[16,24,12,20,8,4],[12,16,8,6,24,4,10,20,18],[12,4,2],[4,8,6,20,16,24,12],[12,4,10,8,16,24,20,18],[12,4,10,8,16,20,18],[8,12,10,4,20,18],[4,12,2],[8,24,12,6,20,16,4],[12,8,10,16,24,20,18],[24,12,8,6,20,4,16],[4,8,6,16,24,12,10,20,18],[12,16,8,6,4,2],[4,16,20,8,24,12],[8,20,16,4,24,12],[12,8,6,16,4,2],[12,4,10,24,16,20,18],[4,24,20,16,8,12],[12,8,10,24,16,4,20,18],[12,16,4,10,20,18],[20,24,16,8,4,12],[12,4,2],[4,20,8,12,24,16],[24,4,12,10,20,18],[16,12,24,4,2],[4,12,10,24,16,20,18],[24,20,12,16,8,4],[16,20,24,4,12,8],[24,8,4,2],[12,4,2],[16,24,12,20,4,8],[4,8,2],[20,12,4,24,8,16],[4,20,16,12,24,8],[4,24,16,12,10,8,20,18],[24,20,16,12,4,8],[20,16,24,4,12,8],[20,12,4,16,24,8],[24,12,20,4,8,16],[16,8,24,12,10,4,20,18],[24,16,8,4,2],[16,20,24,4,12,8],[8,20,16,4,24,12],[16,12,20,8,4,24],[20,24,16,8,4,12,6],[8,12,6,4,10,20,18],[12,8,10,24,4,20,18],[24,12,8,6,4,10,16,20,18],[4,16,24,20,8,12],[20,16,4,24,8,12],[8,24,12,6,16,20,4],[4,12,2],[12,20,8,16,4,24],[24,20,12,16,4,8],[16,20,8,12,24,4],[12,24,16,20,4,8],[16,20,12,24,4,8],[8,12,6,4,10,20,18],[24,12,20,4,8,16],[16,24,12,4,2],[4,20,24,12,8,16],[12,24,8,6,4,2],[8,24,4,6,20,12,16],[8,4,6,20,16,12,24],[16,8,24,4,6,12,2],[16,4,12,10,24,8,20,18],[24,8,16,20,12,4],[12,16,8,6,4,10,20,18],[8,12,10,20,18],[12,16,4,10,20,18],[16,20,8,4,12,24],[24,16,4,20,8,12],[24,20,12,4,16,8],[20,4,12,24,16,8],[4,12,10,8,16,24,20,18],[4,8,2],[24,12,8,10,16,4,20,18],[16,4,12,2],[12,16,4,10,24,8,20,18],[16,12,4,2],[4,24,8,6,12,10,20,18],[12,4,2],[24,4,8,2],[4,16,12,2],[16,24,8,4,6,20,12],[16,24,4,8,2],[12,8,10,20,18],[20,8,4,16,24,12],[20,8,4,12,24,16],[12,24,16,4,10,20,18]],"n_human":10}