{"problem_id":"ImRbPEJImV7MH92","sigma":150,"alpha":10.000,"cost":0,"probabilities":"[0.19, 0.21, 0.34, 0.26]","payoff_matrix":"[[160, -407, -215, 77, -294, -60], [128, 184, 157, 187, -203, 233], [87, 30, 79, 157, -145, 31], [167, -70, -62, -70, 10, -12]]","uncovered":[[7,19,11,15,16,12,3,4,23,2,14,1],[7,11,15,16,12,3,4,19,23,14,2,1],[7,15,11,12,3,16,4,19,23,14,2,13,1],[3,7,23,11,12,15,4,16,19,14,2,13,1],[11,23,19,7,3,4,12,15,16,2,8],[11,23,7,3,12,15,16,4,19,14,2,13,1],[7,23,3,15,4,16,19,11,12,14,2,13,1],[7,15,19,11,12,23,3,4,16,2,24],[19,7,15,3,4,16,11,12,23,2,14,1],[15,19,23,7,11,12,3,4,16,2,14,1],[19,23,15,11,16,12,7,3,4,2,14,13,1],[7,15,19,23,3,16,4,11,12,14,2,1],[19,11,7,23,3,4,12,15,16,2,14,13,1],[19,3,23,11,12,15,4,16,7,2,14,13,1],[15,7,19,3,16,4,23,11,12,2,22,24,1],[15,19,7,3,4,16,11,12,23,2,24],[23,15,7,3,4,16,19,11,12,14,2,13,1],[11,19,3,12,23,7,15,4,16,14,2,13,1],[19,3,7,15,16,4,23,11,12,14,2,13,1],[3,7,11,12,15,16,4,19,23,14,2,13,1],[3,11,12,19,7,23,15,4,16,14,2,13,1],[23,3,11,4,12,7,19,15,16,2,22,24,1],[7,11,23,15,16,12,19,3,4,2,8],[7,23,11,19,3,12,15,16,4,14,2,1],[15,3,16,4,23,11,12,7,19,14,2,1],[23,7,11,15,12,3,16,4,19,14,2,1],[19,23,7,3,15,16,4,11,12,14,2,13,1],[3,23,11,12,15,4,16,7,19,14,2,13,1],[19,3,11,4,12,7,23,15,16,2,24],[3,11,4,12,7,15,16,23,19,2,14,13,1],[23,15,3,16,4,7,11,12,19,14,2,13,1],[15,7,19,23,11,16,12,3,4,14,2,13,1],[11,23,7,3,12,19,15,4,16,14,2,13,1],[11,3,12,19,7,15,16,4,23,14,2,1],[19,3,7,11,12,15,4,16,23,14,2,13,1],[19,15,11,12,23,3,4,16,7,2,13,14,1],[7,3,11,4,12,23,15,16,19,14,2,1],[11,23,15,12,19,3,16,4,7,14,2,1],[15,11,16,12,23,3,4,19,7,2,24],[11,15,16,12,19,23,7,3,4,14,2,13,1],[11,19,3,4,12,23,7,15,16,14,2,1],[7,23,19,3,15,16,4,11,12,2,24],[15,11,12,19,7,3,16,4,23,14,2,1],[19,11,3,12,7,23,15,16,4,14,2,1],[3,23,15,4,16,7,11,12,19,14,2,1],[3,7,19,11,12,15,16,4,23,14,2,13,1],[19,3,7,23,11,4,12,15,16,14,2,1],[15,7,11,12,23,19,3,16,4,14,2,1],[15,3,16,4,19,23,7,11,12,2,14,13,1],[7,23,3,15,16,4,19,11,12,14,2,13,1],[11,15,16,12,3,4,23,19,7,14,2,1],[19,7,3,23,15,16,4,11,12,2,13,14,1],[3,15,4,16,23,19,7,11,12,2,8],[15,19,23,3,16,4,11,12,7,2,13,14,1],[3,7,19,11,12,23,15,16,4,14,2,1],[15,3,16,4,11,12,23,19,7,2,24],[15,23,11,12,19,3,4,16,7,14,2,13,1],[15,11,12,19,23,7,3,4,16,2,14,1],[11,3,12,15,16,4,7,19,23,14,2,1],[23,11,15,12,7,3,16,4,19,14,2,1],[11,7,3,4,12,23,15,16,19,14,2,1],[15,19,23,7,11,16,12,3,4,2,24],[7,11,19,23,3,4,12,15,16,14,2,1],[23,15,3,16,4,19,7,11,12,14,2,1],[15,3,16,4,19,23,7,11,12,14,2,13,1],[23,7,19,15,11,16,12,3,4,2,21],[15,11,12,7,19,23,3,16,4,2,14,1],[3,15,16,4,23,19,11,12,7,14,2,13,1],[3,19,15,16,4,11,12,7,23,2,14,13,1],[19,15,7,11,12,3,4,16,23,14,2,13,1],[7,19,3,23,15,4,16,11,12,14,2,13,1],[19,3,23,11,4,12,7,15,16,2,24],[15,7,3,16,4,19,23,11,12,2,14,13,1],[23,7,3,15,16,4,19,11,12,14,2,13,1],[11,19,15,12,23,7,3,4,16,14,2,1],[11,3,4,12,19,23,7,15,16,2,14,13,1],[11,23,15,16,12,7,19,3,4,14,2,13,1],[3,19,7,23,15,16,4,11,12,14,2,1],[19,15,11,12,7,3,4,16,23,2,14,1],[11,3,4,12,19,7,23,15,16,14,2,13,1],[7,23,15,3,4,16,11,12,19,14,2,13,1],[3,15,16,4,7,23,11,12,19,2,14,1],[7,3,11,4,12,19,15,16,23,14,2,13,1],[15,23,19,11,16,12,7,3,4,2,14,13,1],[23,3,19,7,11,4,12,15,16,2,14,13,1],[19,3,7,23,15,4,16,11,12,2,8],[23,3,7,15,4,16,19,11,12,2,13,14,1],[15,23,7,19,3,4,16,11,12,2,24],[11,15,16,12,7,19,3,4,23,2,8],[7,15,11,12,19,23,3,4,16,2,14,1],[7,19,3,15,16,4,11,12,23,2,1],[15,19,23,7,11,12,3,16,4,2,24],[7,19,15,3,16,4,23,11,12,14,2,13,1],[23,19,7,11,3,4,12,15,16,14,2,1],[3,15,4,16,11,12,7,23,19,14,2,13,1],[23,15,11,12,19,3,16,4,7,2,14,1],[3,11,12,7,19,23,15,16,4,14,2,1],[7,23,11,19,3,4,12,15,16,14,2,13,1],[7,3,23,11,12,19,15,4,16,2,8],[11,7,3,4,12,19,15,16,23,14,2,13,1],[7,11,23,15,16,12,19,3,4,14,2,1],[23,7,15,11,16,12,3,4,19,14,2,13,1],[15,11,16,12,7,19,23,3,4,14,2,13,1],[11,23,7,19,3,12,15,16,4,14,2,1],[23,19,11,3,12,15,16,4,7,14,2,13,1],[15,3,16,4,23,19,11,12,7,2,14,13,1],[3,15,4,16,11,12,7,23,19,2,14,1],[7,3,19,11,12,15,4,16,23,2,6,8],[23,3,19,15,16,4,11,12,7,14,2,1],[19,11,15,16,12,23,3,4,7,14,2,13,1],[15,7,19,11,12,23,3,16,4,2,14,13,1],[11,19,3,4,12,23,7,15,16,2,14,1],[11,19,23,3,4,12,7,15,16,2,14,13,1],[3,23,15,4,16,19,7,11,12,14,2,1],[19,11,3,12,15,16,4,7,14,2,13,1],[3,23,19,11,12,15,4,16,7,2,14,1],[11,3,4,12,23,7,19,15,16,14,2,1],[19,23,3,7,15,4,16,11,12,14,2,1],[19,11,23,3,12,7,15,4,16,2,14,1],[23,19,15,7,11,16,12,3,4,2,24],[15,3,16,4,7,23,19,11,12,14,2,13,1],[23,7,19,3,11,4,12,15,16,2,14,13,1],[15,3,4,16,11,12,23,19,7,14,2,1],[7,15,3,4,16,19,11,12,23,2,5],[3,7,11,4,12,19,23,15,16,2,24],[11,19,23,7,3,12,15,4,16,14,2,13,1],[19,15,3,16,4,7,11,12,23,14,2,13,1],[15,3,4,16,7,19,11,12,23,2,14,1],[19,15,23,3,16,4,7,11,12,2,14,1],[23,19,7,8,3,15,4,16,11,12,2],[7,3,11,12,19,15,4,16,23,2,14,1],[15,11,12,19,7,23,3,4,16,14,2,13,1],[19,11,23,7,3,4,12,15,16,2,8],[19,11,23,3,12,15,4,16,7,14,2,1],[7,15,19,11,12,23,3,4,16,2,24],[19,7,11,15,16,12,23,3,4,2,8],[11,7,23,3,4,12,19,15,16,2,14,1],[23,11,19,7,3,12,15,16,4,14,2,1],[7,15,23,11,12,3,16,4,19,2,8],[23,3,7,15,16,4,11,12,19,14,2,13,1],[3,15,16,4,19,11,12,7,23,2,14,13,1],[3,15,16,4,11,12,19,7,23,14,2,1],[3,7,19,11,12,15,4,16,23,2,14,13,1],[23,3,11,4,12,15,16,19,7,14,2,13,1],[7,23,19,3,15,4,16,11,12,2,8],[7,15,3,4,16,23,11,12,19,14,2,13,1],[7,11,3,4,12,19,15,16,23,14,2,1],[23,15,7,11,12,19,3,16,4,14,2,13,1],[19,15,23,3,4,16,7,11,12,14,2,1],[3,15,16,4,11,12,23,7,19,14,2,1],[19,11,3,12,23,7,15,16,4,2,13,14,1],[23,7,19,3,11,4,12,15,16,14,2,13,1],[23,15,11,12,19,7,3,4,16,2,14,13,1],[11,7,19,15,16,12,3,4,23,2,14,13,1],[15,3,16,4,19,11,12,7,23,2,14,1],[15,3,4,16,11,12,23,19,7,14,2,13,1],[23,7,11,3,4,12,15,16,19,14,2,1],[11,7,19,15,16,12,3,4,23,2,14,1],[3,23,15,16,4,11,12,19,7,14,2,1],[3,11,12,19,23,7,15,4,16,14,2,1],[15,3,4,16,11,12,19,23,7,2,14,13,1],[7,3,15,16,4,19,23,11,12,14,2,13,1],[3,23,11,12,7,15,16,4,19,2,24],[19,15,23,7,3,4,16,11,12,14,2,1],[3,15,16,4,19,23,7,11,12,2,8],[7,23,15,11,12,3,16,4,19,2,24],[7,23,15,11,16,12,19,3,4,2,8],[3,7,11,12,23,19,15,4,16,14,2,13,1],[11,7,15,12,19,3,4,16,23,2,22,24,1],[7,23,3,19,11,4,12,15,16,14,2,1],[23,7,11,19,15,12,3,4,16,14,2,13,1],[7,15,11,12,19,23,3,16,4,2,8],[15,23,7,11,12,19,3,4,16,14,2,13,1],[11,3,4,12,15,16,23,7,19,14,2,13,1],[7,3,11,4,12,23,19,15,16,2,8],[23,3,19,7,11,12,15,16,4,14,2,13,1],[23,3,19,11,12,7,15,16,4,14,2,1],[15,19,3,4,16,23,11,12,7,14,2,1],[3,11,12,19,7,23,15,16,4,2,8],[3,11,12,7,19,15,4,16,23,14,2,13,1],[11,7,3,4,12,23,19,15,16,2,14,13,1],[7,23,19,15,11,12,3,16,4,2,14,1],[23,3,15,16,4,7,11,12,19,2,24],[23,19,15,7,11,16,12,3,4,14,2,13,1],[3,23,15,4,16,11,12,7,19,14,2,13,1],[23,3,19,15,16,4,11,12,7,14,2,13,1],[7,23,3,11,12,19,15,16,4,2,5],[23,19,11,3,4,12,7,15,16,2,14,1],[19,23,11,15,16,12,7,3,4,14,2,13,1],[15,3,16,4,19,23,7,11,12,14,2,1],[23,19,3,15,4,16,7,11,12,2,24],[15,11,16,12,3,4,7,23,19,2,21],[15,3,16,4,7,11,12,19,23,14,2,13,1],[23,7,15,3,4,16,11,12,19,2,13,14,1],[7,3,11,12,15,16,4,19,23,14,2,13,1],[11,19,7,15,12,23,3,4,16,14,2,13,1],[15,7,23,3,4,16,19,11,12,2,14,13,1],[3,7,11,4,12,15,16,23,19,2,14,13,1],[3,15,4,16,11,12,19,7,23,14,2,1],[19,15,23,3,16,4,11,12,7,2,14,13,1],[11,15,16,12,3,4,19,23,7,14,2,13,1],[3,23,7,19,11,12,15,16,4,14,2,1],[11,15,12,3,16,4,23,19,7,2,14,13,1],[7,19,23,3,11,4,12,15,16,14,2,1],[19,11,15,12,7,3,4,16,23,14,2,13,1],[15,7,11,12,23,19,3,4,16,2,14,13,1],[11,7,23,3,4,12,19,15,16,14,2,13,1],[3,15,16,4,7,19,11,12,23,14,2,1],[11,23,19,7,3,12,15,16,4,2,8],[15,11,16,12,3,4,19,23,7,14,2,1],[7,3,11,12,15,4,16,23,19,2,24],[19,23,15,11,12,3,4,16,7,14,2,13,1],[7,3,11,12,23,15,4,16,19,2,14,13,1],[19,3,7,23,11,12,15,4,16,2,8],[7,23,19,3,11,4,12,15,16,14,2,13,1],[3,15,16,4,11,12,19,7,23,14,2,13,1],[15,11,12,19,3,16,4,23,7,2,13,14,1],[23,3,7,19,15,4,16,11,12,14,2,13,1],[23,19,3,7,11,12,15,16,4,14,2,1],[19,3,11,4,12,15,16,7,23,2,1],[7,19,15,3,16,4,11,12,23,14,2,13,1],[11,19,23,7,3,12,15,16,4,14,2,13,1],[23,11,3,4,12,19,15,16,7,14,2,13,1],[11,7,19,15,16,12,3,4,23,2,14,1],[15,19,11,12,7,23,3,16,4,14,2,13,1],[11,7,23,3,4,12,19,15,16,2,14,13,1],[7,15,3,16,4,19,11,12,23,14,2,1],[11,15,12,19,7,3,4,16,23,14,2,1],[15,11,16,12,7,3,4,19,23,2,8],[23,11,3,12,19,15,16,4,7,2,8],[3,19,11,4,12,7,15,16,23,14,2,1],[15,23,7,11,16,12,3,4,19,2,14,13,1],[15,19,23,7,11,16,12,3,4,14,2,13,1],[15,11,12,19,3,16,4,7,23,14,2,1],[3,7,23,15,4,16,11,12,19,2,14,1],[7,23,19,3,15,16,4,11,12,14,2,13,1],[11,3,12,7,15,4,16,23,19,14,2,13,1],[15,7,23,11,16,12,19,3,4,14,2,1],[19,7,15,3,16,4,23,11,12,14,2,1],[11,23,15,16,12,3,4,19,7,2,14,13,1],[3,19,11,12,7,23,15,16,4,2,24],[7,15,19,23,3,16,4,11,12,2,13,14,1],[19,11,3,4,12,15,16,7,23,2,8],[11,19,23,15,16,12,3,4,7,2,14,13,1],[7,23,11,19,3,12,15,4,16,14,2,13,1],[11,3,4,12,23,7,15,16,19,14,2,1],[7,15,23,11,16,12,3,4,19,14,2,13,1],[23,19,11,7,3,4,12,15,16,2,24],[11,23,19,3,12,15,16,4,7,14,2,1],[23,11,19,3,12,7,15,4,16,14,2,1],[23,19,7,15,3,16,4,11,12,2,14,1],[23,19,15,11,12,7,3,4,16,14,2,13,1],[7,11,15,16,12,19,23,3,4,2,14,1],[11,19,3,4,12,23,7,15,16,14,2,1],[19,3,23,11,4,12,7,15,16,2,8],[23,11,3,12,19,7,15,16,4,14,2,1],[7,3,11,4,12,23,15,16,19,2,14,13,1],[3,15,4,16,23,19,7,11,12,14,2,1],[19,7,3,11,12,15,4,16,23,2,8],[19,23,15,11,12,7,3,4,16,14,2,13,1],[15,23,3,16,4,7,11,12,19,2,14,13,1],[15,11,16,12,19,23,3,4,7,2,22,24,21],[11,19,23,3,12,15,16,4,7,2,21],[11,19,15,16,12,23,3,4,7,14,2,13,1],[15,7,19,11,12,3,16,4,23,14,2,13,1],[15,23,19,3,16,4,11,12,7,14,2,1],[3,11,12,19,23,15,16,4,7,2,8],[7,3,11,4,12,15,16,19,23,2,1],[15,7,19,23,3,16,4,11,12,2,14,13,1],[3,15,16,4,11,12,7,19,23,14,2,13,1],[23,19,7,11,15,16,12,3,4,14,2,1],[15,7,11,16,12,23,19,3,4,2,8],[11,3,12,19,15,16,4,7,23,14,2,1],[23,11,19,7,15,12,3,16,4,2,14,1],[15,7,11,12,23,19,3,16,4,14,2,1],[15,23,3,4,16,19,7,11,12,2,14,13,1],[19,15,7,3,4,16,23,11,12,2,14,1],[7,23,15,11,12,19,3,16,4,14,2,13,1],[7,3,15,4,16,23,19,11,12,2,24],[19,11,23,7,3,12,15,16,4,14,2,13,1],[23,3,11,4,12,7,19,15,16,2,14,1],[19,3,7,11,4,12,23,15,16,2,1],[23,7,19,3,15,16,4,11,12,14,2,13,1],[15,11,12,3,4,16,23,7,19,14,2,1],[23,15,3,4,16,11,12,7,19,2,14,13,1],[23,7,19,3,15,16,4,11,12,2,14,1],[3,7,15,16,4,11,12,23,19,2,8],[7,15,3,4,16,11,12,19,23,2,21],[19,3,15,16,4,11,12,7,23,2,14,13,1],[7,23,3,19,11,12,15,4,16,14,2,13,1],[15,23,7,3,16,4,11,12,19,14,2,1],[19,11,23,3,12,7,15,4,16,2,24],[7,3,11,12,15,4,16,19,23,14,2,1],[11,19,15,12,23,3,16,4,7,14,2,13,1],[15,7,19,11,16,12,23,3,4,2,5],[15,11,12,23,3,16,4,19,7,2,24],[23,3,15,16,4,19,11,12,7,2,14,1],[7,15,11,16,12,19,23,3,4,2,8],[19,11,15,16,12,3,4,23,7,14,2,1],[3,11,12,7,23,19,15,4,16,14,2,1],[7,11,23,15,12,3,16,4,19,14,2,1],[23,3,11,12,19,15,16,4,7,2,8],[3,7,19,11,12,23,15,4,16,2,6,8],[7,19,3,23,15,16,4,11,12,2,14,1],[7,19,11,3,4,12,23,15,16,2,8],[15,23,11,12,19,3,4,16,7,14,2,13,1],[19,3,11,4,12,23,7,15,16,14,2,1],[19,3,23,7,11,12,15,16,4,14,2,13,1],[7,19,23,3,15,16,4,11,12,14,2,13,1],[3,19,11,4,12,7,23,15,16,14,2,13,1],[3,23,19,11,4,12,7,15,16,2,14,1],[19,15,11,16,12,23,3,4,7,14,2,1],[23,7,15,19,3,16,4,11,12,14,2,13,1],[23,19,11,7,3,12,15,16,4,2,24],[19,3,23,15,16,4,11,12,7,14,2,13,1],[23,3,15,16,4,11,12,7,19,2,13,14,1],[15,3,16,4,19,23,11,12,7,14,2,1],[19,7,11,23,15,16,12,3,4,14,2,1],[15,3,16,4,11,12,19,23,7,14,2,13,1],[7,15,11,12,23,19,3,16,4,2,8],[11,3,12,7,23,19,15,4,16,2,14,1],[3,7,23,11,4,12,15,16,19,14,2,1],[3,19,7,11,12,15,4,16,23,2,8],[19,11,3,4,12,7,15,16,23,2,24],[19,7,11,3,4,12,23,15,16,2,8],[3,11,4,12,23,19,7,15,16,14,2,13,1],[19,15,23,7,3,4,16,11,12,2,8],[7,3,23,19,11,4,12,15,16,14,2,1],[15,3,4,16,23,7,11,12,19,14,2,1],[11,19,23,15,12,7,3,16,4,14,2,1],[7,15,23,11,16,12,19,3,4,2,14,13,1],[7,19,3,11,4,12,23,15,16,2,14,1],[11,15,12,3,16,4,23,19,7,2,13,14,1],[19,7,23,11,15,16,12,3,4,2,24],[23,3,7,15,16,4,11,12,19,2,14,1],[19,23,15,11,12,3,16,4,7,2,24],[7,15,11,16,12,23,19,3,4,14,2,1],[3,23,19,15,16,4,11,12,7,14,2,1],[11,23,3,12,7,15,4,16,19,2,13,14,1],[3,15,16,4,23,11,12,19,7,14,2,13,1],[19,11,3,12,23,7,15,4,16,2,8],[7,19,15,23,11,16,12,3,4,2,8],[11,23,19,15,16,12,3,4,7,2,24],[11,19,3,4,12,15,16,7,23,14,2,1],[11,3,12,15,16,4,7,23,19,2,24],[23,11,3,4,12,19,7,15,16,2,24],[15,11,12,19,23,7,3,4,16,2,14,13,1],[23,3,15,16,4,7,11,12,19,14,2,1],[19,23,11,7,3,12,15,16,4,14,2,1],[23,15,3,4,16,11,12,19,7,2,8],[15,3,4,16,11,12,23,19,7,2,24],[23,7,11,3,12,15,4,16,19,2,8],[19,3,11,12,23,15,16,4,7,14,2,13,1],[3,11,4,12,23,7,15,16,19,2,14,1],[3,19,11,12,15,16,4,23,7,2,8],[3,7,23,19,15,16,4,11,12,14,2,1],[11,23,15,12,19,3,16,4,7,2,14,1],[11,23,3,4,12,15,16,7,19,14,2,1],[3,15,4,16,7,11,12,19,23,2,14,13,1],[7,11,23,3,4,12,15,16,19,2,14,13,1],[15,11,16,12,23,19,7,3,4,2,14,13,1],[19,3,7,15,4,16,11,12,23,14,2,13,1],[23,15,19,7,11,12,3,4,16,14,2,1],[3,15,16,4,19,11,12,23,7,2,8],[23,11,15,12,19,7,3,4,16,14,2,1],[3,7,23,11,12,19,15,4,16,2,13,14,1],[11,19,23,15,12,3,4,16,7,14,2,13,1],[15,19,3,4,16,23,11,12,7,2,14,1],[23,7,3,19,11,4,12,15,16,2,8],[3,23,15,16,4,11,12,19,7,14,2,1],[3,7,15,4,16,23,19,11,12,2,24],[19,11,15,16,12,23,7,3,4,2,14,13,1],[7,11,15,12,3,4,16,23,19,2,14,13,1],[11,23,19,3,12,15,4,16,7,14,2,1],[3,23,15,4,16,19,11,12,7,14,2,1],[7,23,19,3,15,4,16,11,12,14,2,13,1],[19,23,7,11,3,4,12,15,16,14,2,13,1],[3,11,12,15,16,4,19,23,7,2,14,13,1],[23,19,3,11,4,12,7,15,16,14,2,13,1],[19,7,3,11,12,15,16,4,23,14,2,1],[23,3,19,7,11,12,15,4,16,2,13,14,1],[3,11,12,23,15,16,4,7,19,2,14,1],[3,23,7,11,4,12,19,15,16,2,24],[3,23,19,15,16,4,7,11,12,2,6,8],[23,3,19,11,4,12,7,15,16,2,8],[15,19,7,23,11,16,12,3,4,14,2,13,1],[15,19,7,3,4,16,23,11,12,14,2,1],[7,23,11,3,4,12,15,16,19,2,8],[7,3,19,23,15,16,4,11,12,2,8],[3,19,7,15,4,16,23,11,12,14,2,1],[7,23,3,15,4,16,11,12,19,2,21],[11,15,12,3,4,16,23,19,7,2,14,1],[11,3,4,12,7,15,16,19,23,14,2,1],[7,23,19,11,3,12,15,4,16,2,8],[7,11,15,16,12,23,19,3,4,14,2,1],[15,3,16,4,7,11,12,19,23,14,2,13,1],[19,11,7,15,12,3,16,4,23,14,2,1],[7,19,15,3,16,4,11,12,23,14,2,1],[19,15,3,4,16,11,12,7,23,2,14,13,1],[15,19,3,16,4,7,11,12,23,14,2,1],[23,19,7,11,15,16,12,3,4,2,14,1],[3,7,23,11,12,19,15,16,4,14,2,13,1],[15,19,11,12,23,7,3,4,16,2,22,24,21],[11,19,15,16,12,7,23,3,4,14,2,13,1],[11,3,12,15,4,16,7,19,23,14,2,1],[3,19,11,4,12,7,15,16,23,2,24],[7,23,15,19,11,16,12,3,4,2,24],[23,7,15,11,12,3,4,16,19,2,8],[11,19,3,4,12,15,16,14,2,1],[23,15,19,3,4,16,11,12,7,14,2,1],[15,7,3,4,16,11,12,23,19,14,2,1],[7,23,11,15,16,12,3,4,19,2,14,1],[23,19,7,11,15,16,12,3,4,2,14,13,1],[15,11,12,19,3,4,16,7,23,14,2,13,1],[23,11,3,4,12,7,19,15,16,14,2,13,1],[15,3,4,16,23,11,12,7,19,14,2,1],[7,23,19,15,3,4,16,11,12,14,2,1],[19,7,23,15,3,16,4,11,12,2,24],[7,19,3,23,15,16,4,11,12,2,14,13,1],[7,11,19,15,12,3,16,4,23,14,2,1],[11,3,12,15,4,16,23,19,7,2,14,13,1],[23,3,15,16,4,19,11,12,7,14,2,1],[3,7,11,12,15,4,16,19,23,2,14,13,1],[19,15,3,4,16,23,7,11,12,14,2,13,1],[3,23,11,12,19,15,4,16,7,2,24],[23,3,19,11,4,12,7,15,16,2,8],[11,15,12,19,3,16,4,23,7,2,14,13,1],[15,19,7,23,3,16,4,11,12,14,2,1],[7,3,19,15,16,4,11,12,23,2,14,1],[11,19,7,3,12,15,16,4,23,2,8],[15,3,4,16,11,12,19,7,23,14,2,13,1],[3,7,23,15,4,16,19,11,12,14,2,1],[15,19,7,23,11,16,12,3,4,14,2,13,1],[7,11,3,4,12,15,16,23,19,14,2,1],[19,7,23,3,15,4,16,11,12,14,2,13,1],[7,11,3,4,12,23,19,15,16,14,2,1],[3,11,12,15,4,16,19,23,7,2,14,1],[3,15,16,4,11,12,19,7,23,2,22,24,1],[23,15,19,7,11,16,12,3,4,2,24],[15,3,16,4,7,11,12,19,23,14,2,13,1],[23,3,19,15,4,16,11,12,7,14,2,1],[3,11,4,12,7,19,15,16,23,2,14,1],[19,11,23,3,12,15,16,4,7,2,14,1],[15,23,11,16,12,7,19,3,4,14,2,13,1],[3,23,11,12,15,16,4,7,19,14,2,1],[23,11,15,12,19,3,16,4,7,14,2,13,1],[11,19,3,4,12,15,16,7,23,2,14,1],[7,11,3,12,23,15,4,16,19,14,2,1],[11,23,15,12,3,4,16,19,7,2,8],[7,11,19,15,12,23,3,16,4,2,13,14,1],[11,7,23,19,3,12,15,4,16,14,2,1],[15,23,7,11,12,19,3,4,16,2,14,13,1],[19,7,23,3,15,4,16,11,12,2,14,1],[11,3,12,15,4,16,19,23,7,2,14,13,1],[19,15,23,3,4,16,11,12,7,2,10,14,13,1],[3,19,23,7,11,12,15,16,4,14,2,13,1],[7,3,11,12,19,23,15,4,16,2,8],[7,19,23,11,15,16,12,3,4,14,2,1],[15,19,7,23,11,12,3,16,4,2,14,13,1],[7,19,11,3,4,12,23,15,16,14,2,1],[19,23,3,7,11,12,15,4,16,14,2,13,1],[3,7,15,4,16,23,19,11,12,14,2,13,1],[11,15,12,19,3,4,16,7,23,2,14,13,1],[7,19,11,15,12,23,3,4,16,14,2,1],[23,19,11,7,15,16,12,3,4,2,13,14,1],[7,23,19,11,15,16,12,3,4,14,2,13,1],[23,19,7,15,11,12,3,16,4,14,2,1],[15,3,4,16,7,23,11,12,19,2,14,1],[7,19,23,3,11,4,12,15,16,2,24],[19,23,3,7,15,4,16,11,12,14,2,13,1],[19,23,11,15,12,7,3,4,16,2,14,13,1],[11,23,7,3,4,12,19,15,16,2,6,8],[19,7,23,3,15,16,4,11,12,14,2,13,1],[23,3,15,16,4,19,11,12,7,14,2,13,1],[15,11,16,12,3,4,23,19,7,2,14,1],[3,7,11,4,12,23,19,15,16,2,14,1],[11,19,7,3,4,12,23,15,16,14,2,1],[3,11,4,12,15,16,7,23,19,2,24],[3,11,4,12,19,23,15,16,7,2,24],[7,23,11,15,12,19,3,4,16,14,2,13,1],[3,23,7,11,4,12,15,16,19,14,2,1],[3,19,23,11,12,7,15,16,4,14,2,13,1],[23,11,19,7,15,12,3,16,4,14,2,13,1],[23,3,15,4,16,11,12,7,19,14,2,13,1],[19,11,23,3,4,12,7,15,16,2,24],[15,3,16,4,7,19,11,12,23,2,13,14,1],[19,3,7,11,12,23,15,16,4,2,14,1],[23,11,7,15,12,19,3,4,16,14,2,13,1],[23,15,19,11,16,12,3,4,7,2,14,1],[23,15,7,19,3,4,16,11,12,14,2,13,1],[7,23,19,11,15,16,12,3,4,14,2,13,1],[3,15,16,4,11,12,7,23,19,2,24],[23,11,7,15,12,3,4,16,19,2,14,1],[3,7,19,11,12,15,4,16,23,14,2,13,1],[15,11,12,23,7,19,3,16,4,14,2,1],[15,23,19,11,16,12,7,3,4,2,13,14,1],[19,3,7,23,11,12,15,4,16,14,2,13,1],[15,19,3,4,16,23,11,12,7,2,13,14,1],[23,19,7,11,3,4,12,15,16,14,2,13,1],[11,7,15,16,12,3,4,19,23,14,2,1],[15,11,16,12,7,3,4,23,19,2,14,13,1],[19,23,7,11,3,4,12,15,16,2,13,14,1],[7,23,11,19,3,4,12,15,16,2,14,13,1],[3,23,11,4,12,15,16,7,19,2,14,1],[3,15,4,16,7,11,12,23,19,2,14,1],[19,3,15,4,16,11,12,23,7,2,14,13,1],[19,23,7,15,11,16,12,3,4,2,24],[15,3,4,16,19,23,7,11,12,14,2,13,1],[11,23,3,12,7,15,4,16,19,2,14,1],[11,7,15,16,12,23,3,4,19,2,8],[19,7,11,15,12,23,3,16,4,14,2,13,1],[15,23,11,16,12,3,4,19,7,2,14,13,1],[3,23,15,16,4,19,7,11,12,2,14,1],[3,19,11,12,15,16,4,7,23,14,2,1],[15,3,4,16,7,23,11,12,19,14,2,13,1],[7,19,11,23,3,12,15,4,16,2,13,14,1],[19,7,15,23,11,12,3,16,4,14,2,1],[7,15,3,16,4,19,11,12,23,14,2,13,1],[11,7,3,4,12,19,15,16,23,2,24],[3,19,11,4,12,15,16,7,23,14,2,1],[7,11,19,3,12,15,16,4,23,14,2,1],[23,19,11,3,12,7,15,16,4,2,24],[23,19,3,15,4,16,7,11,12,14,2,1],[7,23,11,3,12,15,16,4,19,14,2,1],[19,23,15,3,16,4,11,12,7,2,8],[11,3,12,7,23,19,15,4,16,2,14,13,1],[3,11,12,23,15,4,16,7,19,2,14,13,1],[7,19,3,11,4,12,23,15,16,2,24],[19,3,11,4,12,15,16,7,23,2,14,13,1],[7,11,3,4,12,23,15,16,19,2,24],[23,15,19,11,12,7,3,16,4,2,8],[19,3,23,15,16,4,7,11,12,14,2,13,1],[15,23,11,16,12,3,4,7,19,14,2,1],[15,7,19,11,16,12,23,3,4,2,24],[23,15,7,19,3,4,16,11,12,2,14,13,1],[7,19,23,3,11,4,12,15,16,2,8],[19,15,7,23,11,16,12,3,4,2,14,13,1],[11,7,19,3,4,12,23,15,16,2,14,1],[3,19,11,12,7,23,15,16,4,2,14,13,1],[15,7,11,12,3,4,16,19,23,2,22,24,21],[3,23,19,7,15,4,16,11,12,2,14,13,1],[23,7,11,3,12,15,4,16,19,2,8],[19,7,23,15,3,4,16,11,12,2,14,13,1],[11,7,23,19,15,16,12,3,4,14,2,13,1],[3,15,4,16,23,19,7,11,12,2,22,24,21],[7,19,15,11,12,23,3,4,16,14,2,1],[11,15,12,23,19,3,16,4,7,14,2,13,1],[15,23,11,12,7,3,4,16,19,2,22,24,21],[7,3,11,4,12,19,23,15,16,14,2,1],[15,3,4,16,19,11,12,7,23,2,14,13,1],[11,23,19,15,12,7,3,4,16,14,2,13,1],[7,11,3,12,15,16,4,23,19,2,14,13,1],[15,23,19,3,16,4,11,12,7,2,24],[3,23,7,19,11,12,15,4,16,14,2,13,1],[7,3,15,16,4,23,19,11,12,14,2,13,1],[11,19,3,4,12,7,15,16,23,14,2,13,1],[23,7,19,3,15,16,4,11,12,14,2,13,1],[11,19,15,16,12,7,3,4,23,14,2,1],[15,23,11,12,3,16,4,7,19,2,24],[7,11,3,12,15,4,16,19,23,2,14,1],[7,15,23,3,16,4,19,11,12,14,2,1],[15,11,12,7,3,16,4,23,19,2,21],[3,7,19,11,12,15,4,16,23,2,14,1],[3,15,4,16,7,19,23,11,12,2,14,13,1],[11,19,3,4,12,23,15,16,7,14,2,13,1],[23,11,15,12,19,3,4,16,7,2,14,1],[19,7,3,23,15,16,4,11,12,2,14,1],[15,3,16,4,23,7,19,11,12,14,2,1],[7,23,15,3,16,4,19,11,12,14,2,1],[7,23,19,3,11,12,15,16,4,2,14,13,1],[11,15,16,12,7,19,23,3,4,14,2,13,1],[15,11,12,19,23,7,3,4,16,14,2,13,1],[23,7,19,11,15,12,3,4,16,2,21],[7,23,11,3,12,19,15,16,4,2,21],[7,19,23,11,15,12,3,4,16,14,2,1],[3,15,16,4,19,23,7,11,12,14,2,13,1],[23,3,19,15,4,16,7,11,12,2,14,1],[11,19,15,16,12,7,23,3,4,14,2,1],[7,11,3,12,19,15,16,4,23,14,2,13,1],[7,3,11,12,19,15,4,16,23,2,13,14,1],[15,7,19,3,16,4,11,12,23,2,14,1],[3,11,4,12,23,7,15,16,19,14,2,1],[11,3,4,12,7,19,15,16,23,14,2,1],[23,7,15,19,3,16,4,11,12,14,2,13,1],[3,23,19,11,12,15,4,16,7,2,14,13,1],[19,15,23,7,11,16,12,3,4,2,14,13,1],[3,11,12,19,15,16,4,7,23,2,14,13,1],[23,3,19,7,11,4,12,15,16,2,22,24,21],[15,11,16,12,19,7,23,3,4,2,14,1],[23,19,15,3,16,4,11,12,7,2,24],[3,11,4,12,15,16,19,7,23,14,2,13,1],[23,11,3,12,19,7,15,16,4,14,2,13,1],[11,7,15,16,12,19,23,3,4,14,2,1],[11,23,7,15,12,19,3,4,16,14,2,13,1],[15,3,16,4,19,11,12,7,23,2,24],[7,11,15,16,12,3,4,23,19,2,14,13,1],[23,11,3,4,12,15,16,19,7,14,2,1],[15,19,23,3,16,4,7,11,12,14,2,1],[15,7,19,3,4,16,23,11,12,2,24],[3,23,11,4,12,15,16,7,19,14,2,13,1],[23,11,7,3,12,19,15,16,4,2,8],[3,15,16,4,7,19,11,12,23,14,2,13,1],[7,11,15,16,12,23,19,3,4,2,14,1],[23,19,7,11,3,4,12,15,16,2,5],[7,11,15,12,19,3,4,16,23,2,8],[3,23,15,16,4,11,12,19,7,2,8],[3,11,12,23,7,15,16,4,19,14,2,1],[15,19,3,16,4,11,12,23,7,14,2,1],[3,15,4,16,11,12,7,23,19,2,13,14,1],[23,3,7,19,15,4,16,11,12,2,14,13,1],[15,19,11,16,12,7,3,4,23,14,2,13,1],[3,7,15,4,16,19,23,11,12,2,14,13,1],[23,3,15,4,16,19,7,11,12,14,2,13,1],[23,15,7,19,11,16,12,3,4,14,2,13,1],[19,7,15,3,16,4,11,12,23,2,14,13,1],[11,7,15,12,3,16,4,19,23,14,2,13,1],[11,7,15,12,23,19,3,4,16,14,2,13,1],[15,23,7,11,12,19,3,16,4,2,14,13,1],[11,15,12,19,3,16,4,7,23,2,24],[11,7,3,12,23,19,15,16,4,14,2,1],[23,11,15,16,12,3,4,7,19,2,14,1],[3,23,19,11,4,12,15,16,7,2,24],[11,23,19,7,3,12,15,16,4,2,13,14,1],[19,11,3,12,7,23,15,16,4,14,2,1],[7,11,19,3,4,12,15,16,23,14,2,13,1],[11,15,16,12,7,23,19,3,4,14,2,13,1],[15,7,23,11,16,12,19,3,4,14,2,1],[23,7,15,3,16,4,11,12,19,14,2,1],[3,7,11,12,15,4,16,19,23,2,8],[7,3,11,4,12,15,16,19,23,2,14,13,1],[23,11,3,12,19,15,4,16,7,14,2,13,1],[15,23,7,3,16,4,11,12,19,2,22,24,21],[7,3,15,4,16,11,12,23,19,14,2,13,1],[7,23,3,15,4,16,11,12,19,14,2,1],[19,15,23,11,16,12,7,3,4,2,24],[19,7,23,15,3,16,4,11,12,14,2,1],[11,7,23,15,12,3,4,16,19,2,21],[3,7,15,4,16,23,19,11,12,14,2,1],[7,23,19,3,11,12,15,4,16,2,14,1],[11,3,4,12,23,19,7,15,16,2,14,13,1],[19,23,7,11,3,4,12,15,16,2,14,1],[7,15,11,12,3,4,16,23,19,14,2,1],[11,7,23,19,3,12,15,4,16,14,2,13,1],[15,11,16,12,19,7,23,3,4,14,2,1],[3,23,19,11,4,12,15,16,7,14,2,13,1],[19,3,15,4,16,7,23,11,12,14,2,13,1],[19,23,3,15,16,4,7,11,12,14,2,13,1],[7,23,19,15,11,12,3,4,16,14,2,1],[23,7,15,3,4,16,19,11,12,2,14,1],[11,7,15,16,12,19,23,3,4,2,8],[23,11,7,19,15,12,3,16,4,2,14,1],[3,15,4,16,23,19,11,12,7,2,6,8],[7,15,19,11,12,23,3,16,4,2,8],[7,19,3,15,16,4,11,12,23,2,14,1],[23,7,11,3,4,12,15,16,19,2,14,1],[19,15,3,4,16,7,11,12,23,2,14,1],[23,11,15,12,19,7,3,4,16,2,14,13,1],[3,7,23,19,11,12,15,16,4,2,24],[7,11,23,3,12,15,4,16,19,14,2,1],[11,19,3,12,7,23,15,16,4,2,14,1],[7,15,3,4,16,11,12,19,23,14,2,1],[7,11,19,23,3,4,12,15,16,14,2,13,1],[7,3,15,16,4,19,11,12,23,2,14,1],[11,7,3,12,19,23,15,16,4,2,14,1],[7,19,3,23,11,12,15,16,4,2,13,14,1],[23,19,7,11,3,12,15,16,4,2,14,13,1],[7,11,19,15,16,12,3,4,23,14,2,1],[15,23,3,16,4,11,12,19,7,2,13,14,1],[23,15,19,3,16,4,11,12,7,2,14,13,1],[3,15,16,4,19,7,11,12,23,14,2,13,1],[23,19,3,7,11,4,12,15,16,2,14,13,1],[19,11,7,23,3,4,12,15,16,2,14,13,1],[15,23,3,16,4,7,11,12,19,14,2,13,1],[3,11,4,12,23,7,15,16,19,2,8],[15,11,12,3,16,4,19,7,23,2,14,1],[11,7,19,15,12,3,4,16,23,14,2,13,1],[15,3,16,4,11,12,23,19,7,14,2,13,1],[3,19,15,16,4,7,11,12,23,2,14,1],[15,3,4,16,23,19,7,11,12,14,2,13,1],[19,23,3,11,4,12,7,15,16,14,2,1],[23,3,11,12,15,4,16,19,7,14,2,1],[19,3,7,11,12,15,4,16,23,2,14,1],[23,19,7,3,15,4,16,11,12,14,2,13,1],[19,15,11,16,12,3,4,7,23,2,14,13,1],[11,15,12,3,4,16,23,7,19,14,2,1],[19,15,11,16,12,3,4,23,7,14,2,13,1],[7,11,15,16,12,3,4,19,23,2,14,13,1],[7,3,23,19,15,16,4,11,12,2,14,1],[23,11,7,19,3,4,12,15,16,14,2,1],[23,7,19,15,3,4,16,11,12,14,2,13,1],[19,3,7,15,4,16,23,11,12,2,24],[11,3,4,12,15,16,7,23,19,14,2,1],[11,7,3,4,12,23,19,15,16,14,2,13,1],[7,11,19,23,15,12,3,16,4,2,14,1],[3,7,11,4,12,23,19,15,16,14,2,1],[19,11,23,7,3,12,15,16,4,14,2,13,1],[7,15,19,23,11,12,3,16,4,14,2,13,1],[3,7,19,11,12,15,4,16,23,14,2,13,1],[7,11,23,15,16,12,19,3,4,2,14,13,1],[19,3,15,4,16,7,23,11,12,2,8],[15,19,3,4,16,7,11,12,23,2,14,1],[15,7,11,16,12,23,19,3,4,2,24],[3,11,12,15,16,4,23,19,7,2,14,13,1],[7,11,19,15,12,3,4,16,23,2,14,1],[3,11,4,12,23,15,16,7,19,2,8],[23,19,15,7,3,16,4,11,12,2,13,14,1],[15,11,12,7,19,23,3,4,16,14,2,13,1],[19,3,15,4,16,23,11,12,7,2,24],[19,15,23,11,12,7,3,4,16,14,2,1],[15,23,19,11,16,12,3,4,7,2,14,1],[7,11,19,15,12,23,3,4,16,2,14,1],[3,11,12,15,4,16,7,23,19,14,2,1],[7,15,23,19,3,4,16,11,12,2,14,13,1],[19,7,15,23,3,4,16,11,12,14,2,1],[19,11,7,3,4,12,15,16,23,14,2,1],[23,3,19,15,16,4,11,12,7,2,14,1],[19,11,23,7,15,12,3,16,4,14,2,13,1],[19,15,11,12,23,3,16,4,7,14,2,13,1],[23,11,7,3,4,12,19,15,16,14,2,13,1],[11,3,4,12,7,19,15,16,23,14,2,1],[15,7,23,3,16,4,11,12,19,2,10,9],[15,19,3,16,4,11,12,23,7,2,24],[11,15,16,12,3,4,7,23,19,14,2,1],[19,3,15,16,4,7,11,12,23,14,2,13,1],[7,23,15,19,11,16,12,3,4,14,2,1],[23,7,15,11,16,12,3,4,19,2,24],[19,7,15,3,16,4,11,12,23,2,14,13,1],[7,3,11,12,23,15,4,16,19,14,2,1],[19,15,23,3,16,4,7,11,12,2,8],[11,19,15,12,3,16,4,23,7,14,2,1],[19,15,11,12,23,7,3,4,16,2,14,1],[15,19,11,16,12,7,23,3,4,2,14,1],[7,23,15,19,11,16,12,3,4,2,14,13,1],[7,11,3,4,12,15,16,19,23,14,2,1],[23,11,19,3,12,7,15,4,16,2,21],[7,11,3,12,19,15,4,16,23,14,2,1],[15,11,16,12,19,7,23,3,4,14,2,1],[15,3,4,16,11,12,19,7,23,14,2,1],[23,15,19,7,11,12,3,4,16,2,14,13,1],[11,19,3,4,12,7,15,16,23,2,14,1],[7,15,3,4,16,11,12,19,23,2,8],[7,3,15,4,16,19,23,11,12,14,2,13,1],[11,15,16,12,19,3,4,7,23,2,14,13,1],[3,23,11,12,15,16,4,19,7,14,2,13,1],[3,15,4,16,19,11,12,23,7,14,2,13,1],[11,15,16,12,19,3,4,7,23,2,14,13,1],[11,3,12,23,19,7,15,16,4,14,2,1],[3,7,19,11,12,23,15,16,4,2,6,8],[23,3,19,11,4,12,15,16,7,2,24],[7,11,3,12,23,15,16,4,19,14,2,13,1],[19,11,23,7,3,12,15,16,4,14,2,13,1],[3,23,11,4,12,7,19,15,16,14,2,1],[15,19,7,23,11,12,3,4,16,2,14,13,1],[23,7,11,19,15,12,3,4,16,2,24],[19,23,11,3,12,15,4,16,7,2,14,13,1],[15,19,7,3,16,4,11,12,23,2,14,13,1],[19,11,23,15,16,12,7,3,4,2,5],[3,15,16,4,19,23,7,11,12,2,14,1],[11,15,16,12,3,4,19,7,23,14,2,13,1],[11,3,12,7,23,19,15,16,4,2,14,1],[3,7,23,11,4,12,15,16,19,2,14,1],[15,11,16,12,3,4,23,7,19,14,2,13,1],[23,7,3,19,15,4,16,11,12,14,2,1],[11,3,12,19,15,16,4,7,23,2,8],[23,3,19,11,4,12,7,15,16,2,13,14,1],[19,11,3,4,12,15,16,7,23,2,24],[3,19,15,16,4,11,12,23,7,14,2,1],[15,7,11,12,3,4,16,23,19,14,2,1],[7,11,3,4,12,19,15,16,23,14,2,1],[23,3,19,7,11,12,15,16,4,2,24],[23,19,3,11,4,12,7,15,16,14,2,13,1],[11,23,7,19,15,12,3,4,16,14,2,1],[19,11,15,12,3,16,4,23,7,14,2,1],[19,11,3,4,12,7,15,16,23,14,2,13,1],[7,19,11,15,16,12,23,3,4,14,2,13,1],[15,11,12,23,7,3,16,4,19,2,24],[15,23,3,4,16,19,7,11,12,14,2,13,1],[3,23,7,11,12,15,4,16,19,2,14,13,1],[19,11,23,15,12,7,3,16,4,14,2,13,1],[23,19,7,11,15,16,12,3,4,2,14,13,1],[19,15,23,3,16,4,7,11,12,2,14,13,1],[19,7,23,3,11,4,12,15,16,2,8],[3,23,11,12,15,16,4,7,19,2,24],[11,19,3,4,12,15,16,23,7,14,2,1],[3,19,23,11,12,15,4,16,7,14,2,13,1],[23,3,7,11,4,12,19,15,16,2,8],[19,23,7,11,15,16,12,3,4,2,24],[15,3,4,16,19,7,23,11,12,14,2,1],[23,11,3,4,12,7,15,16,19,2,14,13,1],[3,11,4,12,7,19,15,16,23,2,14,13,1],[23,3,15,16,4,7,11,12,19,14,2,13,1],[11,19,15,16,12,23,3,4,7,2,24],[3,15,16,4,11,12,19,7,23,2,14,1],[3,23,11,12,15,4,16,19,7,14,2,13,1],[19,11,7,15,12,3,16,4,23,14,2,13,1],[15,23,3,4,16,11,12,19,7,14,2,1],[11,15,12,3,4,16,19,23,7,14,2,1],[15,19,7,23,11,12,3,16,4,2,14,1],[11,15,16,12,3,4,7,23,19,2,24],[11,23,7,15,16,12,19,3,4,2,8],[7,11,19,23,3,12,15,16,4,2,24],[19,23,15,3,16,4,7,11,12,14,2,1],[15,11,12,23,19,3,4,16,7,2,22,24,1],[7,23,3,15,16,4,11,12,19,14,2,1],[15,7,23,19,11,16,12,3,4,2,21],[11,7,19,15,12,3,16,4,23,14,2,13,1],[15,19,7,23,11,16,12,3,4,2,24],[11,19,23,15,16,12,7,3,4,2,14,13,1],[15,7,19,23,11,16,12,3,4,14,2,1],[19,3,23,7,11,12,15,4,16,2,24],[15,23,19,3,16,4,11,12,7,14,2,1],[15,19,7,3,16,4,23,11,12,2,8],[19,23,3,11,12,7,15,16,4,14,2,1],[19,23,7,11,15,12,3,16,4,14,2,1],[23,19,15,3,4,16,11,12,7,14,2,1],[11,3,12,23,7,19,15,16,4,14,2,1],[11,3,4,12,19,15,16,7,23,14,2,1],[7,15,3,16,4,11,12,19,23,2,14,1],[7,15,23,3,4,16,11,12,19,2,24],[7,11,15,16,12,19,23,3,4,14,2,1],[15,7,23,3,16,4,19,11,12,14,2,13,1],[11,15,16,12,3,4,19,7,23,2,14,1],[15,19,11,12,3,4,16,7,23,2,13,14,1],[19,23,15,11,16,12,7,3,4,14,2,13,1],[19,23,3,15,4,16,7,14,2,13,1],[3,7,15,4,16,19,11,12,23,2,14,13,1],[15,7,23,3,16,4,19,11,12,2,14,13,1],[23,7,3,11,12,19,15,4,16,2,14,1],[7,15,3,4,16,19,23,11,12,2,8],[23,15,11,16,12,7,19,3,4,14,2,1],[3,23,15,4,16,19,11,12,7,2,24],[15,19,23,11,16,12,3,4,7,14,2,13,1],[23,19,3,11,4,12,15,16,7,2,8],[19,3,15,4,16,7,23,11,12,14,2,1],[11,15,12,23,19,7,3,16,4,2,14,13,1],[23,15,7,19,11,12,3,16,4,14,2,13,1],[19,3,23,7,11,4,12,15,16,14,2,1],[19,3,11,4,12,7,23,15,16,2,14,13,1],[23,19,3,11,12,7,15,16,4,2,8],[19,3,7,15,16,4,11,12,23,2,14,1],[15,3,4,16,19,11,12,23,7,2,8],[7,3,15,4,16,19,11,12,23,2,24],[19,3,7,11,4,12,23,15,16,2,14,1],[15,7,19,3,4,16,23,11,12,14,2,13,1],[11,19,7,3,4,12,23,15,16,2,13,14,1],[7,11,19,23,15,12,3,4,16,2,24],[23,19,7,11,15,12,3,4,16,14,2,13,1],[7,11,15,16,12,19,3,4,23,2,8],[11,15,12,23,19,3,16,4,7,2,13,14,1],[11,3,4,12,23,7,19,15,16,14,2,13,1],[7,3,19,23,11,4,12,15,16,14,2,13,1],[19,7,3,15,4,16,23,11,12,14,2,13,1],[15,7,11,16,12,19,23,3,4,2,8],[23,3,15,4,16,19,7,11,12,14,2,1],[7,23,3,19,11,12,15,16,4,14,2,1],[11,15,16,12,23,19,7,3,4,2,14,1],[3,7,15,16,4,19,11,12,23,14,2,1],[7,11,19,15,16,12,23,3,4,2,14,1],[3,7,19,23,11,4,12,15,16,14,2,13,1],[11,3,4,12,23,15,16,7,19,2,8],[7,15,23,19,3,16,4,11,12,14,2,1],[11,15,12,3,16,4,7,23,19,14,2,13,1],[11,3,12,19,23,15,16,4,7,14,2,13,1],[15,3,4,16,7,11,12,23,19,14,2,1],[23,3,19,11,12,7,15,16,4,2,14,13,1],[19,7,3,23,11,12,15,16,4,2,14,13,1],[7,15,19,11,16,12,3,4,23,2,8],[11,23,7,15,12,3,16,4,19,2,14,13,1],[15,11,16,12,3,4,7,19,23,14,2,1],[7,15,11,16,12,23,3,4,19,2,24],[7,15,19,23,3,16,4,11,12,2,24],[15,23,3,4,16,7,11,12,19,14,2,13,1],[3,15,16,4,23,11,12,19,7,2,1],[11,15,12,7,23,3,4,16,19,2,14,1],[7,19,15,23,11,12,3,4,16,2,14,13,1],[3,23,11,12,7,15,4,16,19,14,2,1],[11,15,16,12,23,3,4,7,19,2,14,13,1],[11,7,19,3,4,12,23,15,16,2,22,24,1],[7,23,11,19,3,4,12,15,16,2,24],[19,23,7,3,15,4,16,11,12,2,14,13,1],[11,23,15,12,7,19,3,4,16,14,2,1],[7,15,3,4,16,23,11,12,19,2,24],[11,23,7,19,15,16,12,3,4,14,2,13,1],[15,23,19,3,16,4,7,11,12,2,24],[23,7,3,19,11,4,12,15,16,14,2,13,1],[19,23,7,3,15,16,4,11,12,2,14,13,1],[3,7,19,15,16,4,11,12,23,14,2,13,1],[19,3,11,4,12,23,15,16,7,14,2,13,1],[15,11,16,12,23,19,3,4,7,2,14,1],[11,19,15,12,23,7,3,16,4,14,2,1],[19,15,23,3,4,16,7,11,12,14,2,1],[15,7,19,3,4,16,23,11,12,14,2,1],[23,11,7,15,12,19,3,16,4,2,14,1],[11,7,15,12,19,23,3,16,4,14,2,1],[7,19,15,3,16,4,23,11,12,2,8],[19,23,15,11,16,12,7,3,4,2,13,14,1],[11,7,23,15,16,12,3,4,19,14,2,13,1],[23,15,11,12,7,19,3,16,4,14,2,13,1],[7,3,19,23,15,16,4,11,12,14,2,1],[11,19,15,12,7,3,16,4,23,14,2,13,1],[7,3,11,12,19,23,15,4,16,2,14,13,1],[23,11,15,16,12,19,7,3,4,2,5],[7,23,3,11,4,12,15,16,19,14,2,1],[7,23,19,15,3,16,4,11,12,2,14,13,1],[7,23,11,19,3,12,15,4,16,14,2,13,1],[3,19,7,15,16,4,23,11,12,14,2,1],[23,19,7,15,11,12,3,16,4,14,2,1],[7,15,11,12,19,23,3,16,4,14,2,1],[3,15,16,4,11,12,14,2,13,1],[15,7,11,12,23,3,16,4,19,2,14,13,1],[11,19,23,7,3,12,15,4,16,14,2,13,1],[3,7,15,16,4,23,19,11,12,14,2,1],[3,15,4,16,23,11,12,7,19,14,2,13,1],[23,19,15,7,3,16,4,11,12,14,2,13,1],[7,3,23,11,12,15,4,16,19,14,2,13,1],[3,23,19,11,4,12,15,16,7,14,2,1],[7,15,3,16,4,19,11,12,23,2,14,1],[7,19,3,11,12,15,16,4,23,14,2,1],[23,19,7,15,3,4,16,11,12,14,2,1],[7,11,3,12,23,15,16,4,19,2,14,13,1],[23,3,11,4,12,15,16,7,19,14,2,1],[19,3,23,7,11,12,15,4,16,14,2,13,1],[3,11,4,12,19,23,15,16,7,2,14,13,1],[11,19,23,15,16,12,3,4,7,14,2,13,1],[23,11,15,12,3,4,16,19,7,2,14,1],[23,3,11,12,19,7,15,4,16,14,2,13,1],[7,23,19,11,15,12,3,16,4,2,14,1],[15,11,16,12,19,7,3,4,23,2,14,1],[11,7,19,23,15,16,12,3,4,14,2,13,1],[11,23,3,4,12,7,15,16,19,2,8],[15,7,23,19,11,16,12,3,4,14,2,1],[15,23,7,19,3,4,16,11,12,14,2,1],[3,19,23,7,11,12,15,4,16,14,2,1],[3,15,16,4,7,11,12,23,19,14,2,1],[23,11,3,4,12,19,7,15,16,14,2,13,1],[7,3,23,15,4,16,11,12,19,14,2,1],[7,23,15,11,12,19,3,4,16,2,24],[23,7,11,19,3,12,15,16,4,14,2,1],[23,3,11,4,12,15,16,7,19,14,2,1],[15,23,7,11,12,3,4,16,19,2,24],[11,19,23,15,12,3,4,16,7,14,2,13,1],[15,3,16,4,19,11,12,23,7,14,2,13,1],[23,3,19,15,16,4,7,11,12,2,14,13,1],[11,15,16,12,7,23,19,3,4,2,13,14,1],[3,15,4,16,19,7,23,11,12,2,8],[15,19,11,16,12,7,23,3,4,14,2,1],[15,23,11,12,7,19,3,16,4,14,2,13,1],[3,19,11,4,12,15,16,7,23,14,2,13,1],[23,15,11,16,12,19,3,4,7,2,14,13,1],[23,7,11,15,16,12,19,3,4,14,2,1],[15,19,7,11,16,12,23,3,4,2,8],[19,23,3,7,11,12,15,16,4,14,2,1],[3,23,7,19,11,4,12,15,16,14,2,1],[11,15,12,7,3,16,4,23,19,14,2,13,1],[15,19,23,3,4,16,7,2,11,12,14,1],[19,15,3,16,4,7,11,12,23,14,2,1],[7,3,19,11,12,23,15,16,4,2,8],[23,15,7,19,11,12,3,16,4,2,14,1],[11,15,12,19,23,7,3,16,4,2,14,13,1],[23,19,3,15,16,4,11,12,7,14,2,1],[7,11,19,15,12,23,3,4,16,2,14,13,1],[23,7,15,11,16,12,3,4,19,2,8],[7,11,23,3,12,15,16,4,2,19,14,1],[3,7,19,23,15,16,4,11,12,2,13,14,1],[3,23,19,15,4,16,11,12,7,14,2,13,1],[11,23,19,3,12,15,16,4,7,2,24],[7,23,19,11,15,12,3,4,16,14,2,1],[11,19,7,23,3,4,12,15,16,14,2,1],[7,19,3,11,4,12,23,15,16,14,2,1],[7,11,23,3,4,12,19,15,16,14,2,13,1],[23,15,19,11,12,7,3,4,16,14,2,1],[11,3,4,12,19,15,16,23,7,2,14,13,1],[3,15,16,4,7,11,12,19,23,2,14,1],[19,23,15,3,4,16,11,12,7,2,5],[19,23,15,11,16,12,7,3,4,14,2,13,1],[11,3,12,7,23,19,15,16,4,14,2,1],[19,15,23,11,16,12,7,3,4,2,6,8],[3,19,23,7,11,12,15,16,4,14,2,1],[7,11,23,3,12,15,16,4,19,2,14,1],[3,23,11,4,12,15,16,19,7,14,2,13,1],[7,19,3,11,12,23,15,4,16,14,2,13,1],[7,23,11,15,12,3,4,16,19,2,24],[19,7,11,3,12,23,15,4,16,14,2,13,1],[11,3,4,12,7,15,16,19,23,14,2,13,1],[11,19,3,4,12,23,7,15,16,14,2,13,1],[23,11,19,7,15,12,3,4,16,14,2,13,1],[19,15,3,4,16,23,7,11,12,2,14,1],[3,7,19,11,4,12,23,15,16,14,2,13,1],[11,7,3,4,12,15,16,23,19,2,14,13,1],[3,23,11,4,12,15,16,19,7,2,14,13,1],[3,19,15,4,16,23,7,11,12,14,2,1],[7,11,15,16,12,19,23,3,4,14,2,1],[3,23,15,4,16,19,7,11,12,14,2,13,1],[11,23,3,4,12,7,15,16,19,2,8],[11,7,23,3,4,12,19,15,16,14,2,13,1],[15,7,23,19,11,12,3,4,16,14,2,13,1],[11,7,23,15,16,12,3,4,19,2,14,13,1],[7,19,15,11,12,23,3,4,16,14,2,1],[3,15,4,16,7,19,23,11,12,2,24],[7,15,23,11,16,12,3,4,19,2,14,1]],"n_human":14}