{"problem_id":"mlhb2P64mtEuQDH","sigma":75,"alpha":0.316,"cost":1,"probabilities":"[0.5, 0.19, 0.15, 0.16]","payoff_matrix":"[[-53, 18, 23, -85, 45, -33], [-49, 130, -42, -100, 156, -80], [-29, 8, -51, -42, 21, 17], [4, 19, 36, -77, -8, 23]]","uncovered":[[17,9,21,5,1,13,10,6,18],[9,17,13,21,5,1,10,6,18],[21,5,1,17,9,13,18],[13,21,17,9,5,1,10,18],[13,21,17,9,1,5,12,18],[17,1,21,9,13,5,10,18],[13,1,21,9,5,17,18],[21,17,1,13,5,9,18],[21,5,1,17,13,9,10,6,18],[21,1,13,9,17,5,10,6,18],[5,1,21,17,9,13,10,6,18],[9,17,5,13,21,1,10,18],[13,17,21,9,5,1,18],[9,17,5,21,13,1,18],[1,17,21,13,9,5,18],[1,17,21,5,9,13,10,6,18],[5,13,21,17,1,9,18],[17,21,1,13,9,5,10,6,18],[17,21,13,9,1,5,10,6,18],[9,17,1,21,13,5,10,18],[5,1,17,13,21,9,18],[5,17,9,21,1,13,18],[5,21,1,13,9,17,10,18],[5,17,21,9,1,13,18],[9,21,1,5,13,17,10,6,18],[21,17,9,5,13,1,18],[1,9,17,5,13,21,10,7,18],[17,1,9,21,13,5,12,18],[13,21,1,17,5,9,18],[1,13,17,9,21,5,12,18],[13,17,1,21,9,5,18],[1,21,13,17,5,9,10,6,18],[5,17,9,21,13,1,18],[13,5,17,1,21,9,18],[21,17,9,1,5,13,10,18],[1,21,5,17,13,9,18],[9,21,5,1,13,17,18],[21,13,9,17,1,5,18],[1,17,9,13,5,21,18],[5,21,17,9,13,1,18],[1,21,13,17,5,9,18],[13,21,9,1,5,17,18],[21,17,9,5,13,1,19,10,6,18],[1,9,21,13,5,17,10,18],[9,1,5,21,13,17,10,18],[1,21,5,13,9,17,18],[9,5,17,1,13,21,10,18],[13,5,9,17,21,1,10,6,18],[5,17,13,9,21,1,18],[1,9,13,21,17,5,18],[9,21,1,17,5,13,18],[1,13,21,9,17,5,10,6,18],[17,13,21,9,5,1,10,6,18],[17,9,21,5,1,13,18],[9,21,13,5,1,17,10,18],[17,21,9,5,13,1,18],[21,1,9,13,5,17,18],[17,1,13,5,9,21,10,6,18],[9,21,1,13,5,17,18],[13,21,5,17,1,9,18],[1,13,21,9,5,17,18],[17,9,5,21,1,13,18],[13,9,1,5,21,17,10,18],[9,17,1,5,13,21,18],[1,17,9,13,5,21,18],[21,1,9,17,5,13,10,6,18],[21,13,1,9,5,17,10,6,18],[1,21,9,13,17,5,10,18],[21,13,5,17,1,9,18],[21,17,13,9,1,5,18],[9,21,5,13,17,1,18],[13,21,9,17,5,1,18],[5,9,1,13,17,21,10,6,18],[17,13,21,1,5,9,18],[13,21,5,17,9,1,18],[13,17,1,5,9,21,18],[1,5,13,9,17,21,10,6,18],[5,9,17,1,13,21,10,18],[17,1,5,21,13,9,10,18],[21,17,9,5,13,1,18],[5,1,9,21,13,17,18],[17,9,5,21,1,13,10,6,18],[17,13,9,1,21,5,10,6,18],[9,17,13,1,21,5,18],[9,17,13,5,21,1,18],[5,13,21,9,1,17,10,18],[9,5,1,13,17,21,18],[5,13,17,9,21,1,10,6,18],[9,1,13,5,21,17,10,6,18,19],[17,21,1,9,5,13,10,6,18],[5,21,9,17,1,13,18],[13,21,9,5,1,17,18],[9,17,1,13,5,21,18],[1,9,5,17,13,21,18],[9,17,1,5,21,13,10,6,18],[17,9,21,1,5,13,10,6,18],[9,5,21,17,1,13,10,6,18,8,20],[9,1,17,5,21,13,18],[9,13,21,17,1,5,18],[17,21,9,1,5,13,18],[17,1,21,5,9,13,11,6,18],[1,21,13,17,5,9,18],[1,17,9,21,13,5,10,18],[13,21,1,17,5,9,10,18],[13,5,17,1,9,21,12,18],[21,9,17,5,1,13,18],[21,1,17,5,13,9,18],[9,13,21,17,5,1,10,18],[17,5,13,1,21,9,18],[13,1,21,17,5,9,12,18],[21,13,17,5,9,1,18],[1,13,9,17,5,21,10,8,18],[17,1,5,13,21,9,18],[1,9,13,5,17,21,18],[5,9,21,13,1,17,10,6,18],[13,21,9,5,1,17,10,18],[1,13,17,5,21,9,18],[1,5,17,21,13,9,10,18],[5,9,17,13,21,1,18],[9,21,5,1,13,17,10,6,18],[21,13,17,1,9,5,10,6,18],[13,17,9,21,5,1,18],[13,1,9,5,17,21,10,18],[21,1,17,13,9,5,10,6,18],[9,17,5,13,21,1,18],[9,17,21,1,13,5,18],[1,21,13,9,5,17,10,6,18,7],[21,17,1,13,9,5,18],[9,13,21,17,5,1,18],[13,17,5,9,21,1,10,6,18],[9,1,5,13,21,17,18],[17,1,9,5,21,13,18],[5,9,13,17,1,21,10,18],[13,5,17,21,9,1,18],[13,9,1,17,21,5,10,18],[5,17,21,13,1,9,18],[5,17,9,21,1,13,10,6,18],[5,17,21,13,9,1,10,8,18],[5,13,1,9,21,17,18],[13,9,21,17,1,5,18],[9,5,17,1,21,13,18],[9,1,21,17,5,13,10,18],[5,1,17,13,21,9,10,6,18],[5,21,1,17,13,9,10,18],[1,5,17,13,9,21,10,18],[17,1,21,9,13,5,10,6,18],[17,1,9,13,5,21,10,18],[21,1,17,9,5,13,10,6,18,19],[1,13,5,21,9,17,18],[13,1,5,9,21,17,10,18],[5,13,9,21,1,17,18],[17,21,13,9,1,5,10,18],[21,5,13,1,17,9,18],[21,13,5,9,17,1,10,18],[5,17,21,1,9,13,18],[13,1,5,9,17,21,10,18],[21,17,1,13,5,9,10,6,18],[1,21,9,13,5,17,10,6,18],[5,9,1,21,13,17,10,6,18],[5,17,13,1,21,9,12,18],[9,1,17,13,5,21,18],[5,21,9,13,17,1,10,6,18],[9,21,5,17,13,1,10,18],[17,1,9,21,5,13,10,6,18],[17,13,1,9,5,21,18],[17,13,21,5,1,9,18],[5,9,21,1,17,13,18],[13,9,21,5,1,17,18],[9,13,17,1,21,5,18],[21,17,5,1,9,13,18],[9,1,5,21,17,13,18],[5,21,13,17,9,1,10,18],[17,21,5,1,9,13,18],[1,5,9,17,21,13,18],[1,17,9,13,21,5,18],[9,13,5,21,1,17,19,10,6,20,8,18],[21,9,13,1,5,17,18],[21,17,9,1,5,13,18],[5,1,9,21,13,17,18],[17,13,5,9,1,21,18],[9,13,17,21,1,5,18],[1,17,21,13,5,9,10,18],[5,21,9,17,13,1,18],[17,1,13,5,21,9,18],[17,21,9,5,1,13,18],[9,1,13,17,21,5,10,18],[5,21,9,1,13,17,10,18],[5,21,13,9,1,17,18],[17,9,5,21,1,13,18],[5,1,9,17,13,21,18],[5,13,9,17,21,1,10,6,18],[9,5,21,1,13,17,18],[17,21,9,5,13,1,18],[13,21,1,9,5,17,10,19,6,18],[1,13,17,21,9,5,18],[5,1,21,13,9,17,18],[5,21,1,13,9,17,18],[13,1,5,9,17,21,18],[17,21,5,9,1,13,18],[21,5,13,17,1,9,10,20,6,18],[9,13,21,1,5,17,10,6,18],[17,1,9,5,13,21,18],[13,17,5,9,1,21,18],[13,21,17,1,9,5,18],[21,1,5,9,13,17,10,18],[1,13,21,9,17,5,18],[13,17,1,5,21,9,18],[21,13,9,1,17,5,18],[5,21,13,17,9,1,18],[1,5,9,13,17,21,18],[17,1,5,21,9,13,18],[17,21,1,9,13,5,18],[5,21,13,9,1,17,10,6,18],[21,9,5,1,17,13,18],[17,21,13,1,5,9,18],[1,17,21,13,9,5,18],[21,13,17,1,9,5,18],[5,9,13,1,21,17,10,18],[9,21,13,17,5,1,10,6,18],[5,13,1,17,9,21,18],[21,9,1,13,17,5,18],[17,21,9,1,13,5,18],[21,1,5,13,9,17,18],[17,9,21,5,13,1,10,6,18],[21,13,17,1,5,9,10,18],[1,17,5,9,13,21,18],[21,17,5,1,9,13,10,18],[1,13,5,9,17,21,18],[13,9,17,1,21,5,10,6,20,18],[1,9,13,21,17,5,18],[17,9,1,21,13,5,10,6,18],[13,17,1,5,21,9,10,6,18],[5,9,13,1,17,21,10,6,18],[17,21,1,5,9,13,18],[17,13,1,5,9,21,19,10,6,20,7,18],[21,1,17,9,13,5,10,6,18],[13,21,1,17,9,5,10,18],[9,1,17,5,13,21,10,6,18,20],[13,17,21,9,5,1,18],[9,13,1,5,21,17,10,18],[5,9,17,13,21,1,10,18],[17,5,1,21,9,13,10,18],[9,17,21,13,1,5,10,6,18],[21,1,9,5,13,17,18],[21,13,5,9,1,17,18],[5,9,13,1,21,17,10,6,18],[21,1,5,13,17,9,10,18],[5,17,9,13,1,21,10,18],[21,13,5,17,9,1,18],[21,17,1,5,13,9,10,6,18],[13,1,17,21,5,9,18],[9,17,13,5,1,21,18],[17,13,9,1,21,5,10,6,18],[17,21,1,13,9,5,18],[1,13,5,17,9,21,18],[5,9,17,13,1,21,18],[1,9,13,5,21,17,10,18],[21,1,13,17,9,5,10,6,18],[9,1,17,21,5,13,18],[9,17,1,5,13,21,10,18],[9,21,1,13,17,5,18],[17,5,13,1,21,9,10,6,18],[5,13,21,9,1,17,10,18],[21,5,17,1,13,9,19,10,6,18],[21,9,17,13,5,1,10,18],[17,9,21,1,13,5,10,18],[21,17,9,13,5,1,18],[5,9,1,21,17,13,10,18],[13,5,21,9,1,17,10,6,18],[17,5,21,1,9,13,18],[5,17,13,9,21,1,18],[17,9,13,5,1,21,18],[13,21,17,9,1,5,18],[1,9,13,21,17,5,18],[9,1,17,21,5,13,18],[1,21,9,5,17,13,18],[21,13,9,17,1,5,18],[9,1,13,5,17,21,18],[21,13,9,5,1,17,18],[9,21,1,17,13,5,18],[5,21,9,17,1,13,18],[21,5,1,9,13,17,18],[1,9,21,5,17,13,18],[21,9,13,5,17,1,10,18],[5,13,9,17,21,1,18],[5,17,1,13,9,21,10,18],[17,1,21,5,13,9,10,18],[17,9,5,1,13,21,10,6,18],[5,9,1,17,21,13,10,18],[1,9,21,17,5,13,18],[13,9,1,5,21,17,10,6,18],[13,9,21,17,1,5,18],[5,21,1,13,9,17,10,18],[9,13,21,17,5,1,10,18],[13,17,9,21,5,1,10,8,18],[21,9,5,1,17,13,10,6,18],[13,21,17,9,1,5,18],[5,21,9,17,1,13,10,6,18],[17,13,9,21,5,1,10,6,18],[9,17,21,13,1,5,10,18],[9,21,17,1,13,5,12,18],[9,5,13,17,21,1,10,19,6,18],[21,9,13,17,1,5,18],[9,13,17,5,21,1,10,18],[9,5,1,13,21,17,10,6,18],[21,5,1,13,17,9,18],[17,9,13,21,1,5,18],[13,5,1,21,9,17,18],[9,21,13,17,5,1,10,18],[13,5,1,9,21,17,10,6,18],[13,9,17,1,5,21,18],[5,1,9,13,17,21,18],[1,17,9,21,13,5,18],[9,21,13,1,5,17,10,18],[21,13,1,17,9,5,10,18],[21,13,17,5,9,1,18],[13,5,17,21,1,9,10,20,6,19,7,18],[9,13,5,1,21,17,10,8,18],[1,17,13,5,21,9,10,6,18],[21,9,1,17,5,13,10,6,18],[13,17,1,9,21,5,18],[17,9,5,1,13,21,10,18],[13,17,21,1,5,9,18],[21,13,5,9,17,1,10,6,18],[1,5,21,17,13,9,18],[13,5,21,1,9,17,10,18],[5,1,21,17,13,9,10,18],[1,17,5,9,13,21,18],[5,21,13,9,17,1,10,6,18],[13,9,1,5,21,17,10,6,18],[17,9,21,13,5,1,10,6,20,18],[5,21,13,9,1,17,12,18],[9,13,17,1,5,21,18],[21,1,9,5,17,13,18],[1,13,9,21,5,17,10,6,18],[21,5,1,9,13,17,10,6,18],[1,17,5,9,21,13,10,6,18,7],[1,21,13,5,9,17,10,18],[5,9,17,13,1,21,18],[21,17,5,1,9,13,10,8,18],[9,17,21,5,1,13,18],[13,1,17,9,21,5,10,18],[1,5,17,13,21,9,10,6,18],[1,13,17,5,9,21,18],[21,17,13,9,1,5,18],[21,5,9,1,13,17,18],[5,17,21,1,13,9,10,18],[17,1,21,13,5,9,18],[5,17,21,9,1,13,18],[21,1,5,13,9,17,10,19,6,18],[9,21,1,17,5,13,10,18],[13,1,5,9,17,21,18],[13,21,9,1,17,5,10,18],[13,17,1,21,5,9,18],[17,9,5,13,21,1,10,18],[17,5,9,1,13,21,10,18],[9,17,21,13,5,1,18],[5,1,17,21,9,13,18],[1,9,13,21,5,17,10,18],[21,5,17,1,13,9,18],[13,21,5,1,9,17,10,6,18],[5,9,1,13,17,21,18],[21,5,13,1,9,17,18],[13,5,9,17,21,1,18],[21,13,9,1,17,5,18],[13,1,17,5,21,9,18],[13,9,17,5,21,1,10,8,18],[9,13,1,5,21,17,10,18],[5,17,9,21,13,1,10,19,6,18],[5,1,13,9,17,21,10,18],[5,17,9,1,13,21,18],[1,17,5,9,13,21,10,6,18],[13,5,17,1,9,21,18],[1,17,13,5,21,9,18],[1,17,5,21,9,13,18],[1,13,5,17,21,9,10,6,18],[5,9,17,1,21,13,18],[9,1,5,13,17,21,10,6,18],[9,5,17,1,21,13,10,18],[9,21,5,1,13,17,10,18],[1,13,17,21,5,9,18],[5,17,1,9,13,21,18],[1,5,17,9,13,21,10,6,18],[1,17,21,5,9,13,10,18],[5,1,21,9,13,17,10,6,18,20],[13,9,21,17,1,5,10,18],[17,5,1,21,13,9,10,18],[13,9,21,17,1,5,18],[5,21,9,13,17,1,10,18],[1,13,17,9,21,5,10,6,18],[5,1,17,21,13,9,10,18],[1,21,9,13,17,5,18],[9,5,13,21,1,17,10,18],[5,21,17,9,13,1,18],[13,21,17,5,1,9,10,6,18],[13,5,1,17,21,9,10,7,18],[1,13,21,17,9,5,11,6,18,20],[13,21,1,9,5,17,10,8,18],[5,13,1,9,21,17,18],[21,1,13,5,17,9,18],[1,17,13,21,9,5,10,7,18],[9,13,1,5,17,21,10,6,18],[21,17,1,5,9,13,18],[21,13,17,5,1,9,10,6,18],[17,13,1,5,21,9,18],[21,9,5,1,13,17,12,18],[13,21,5,1,17,9,10,18],[5,21,1,9,13,17,18],[17,21,9,1,5,13,18],[5,1,9,13,17,21,10,6,18],[1,5,21,17,13,9,10,18],[17,5,9,21,1,13,18],[9,1,5,17,13,21,18],[17,5,21,1,13,9,18],[5,21,1,17,13,9,18],[9,17,5,21,13,1,10,6,18],[1,5,9,21,13,17,10,6,18],[1,21,13,5,9,17,18],[5,1,21,17,13,9,10,18],[1,9,5,13,21,17,10,6,18],[17,9,1,5,13,21,10,6,18],[17,9,1,5,13,21,10,18],[13,1,9,5,21,17,18],[1,13,9,17,5,21,18],[9,21,17,5,13,1,18],[1,5,21,13,9,17,10,18],[17,13,9,1,5,21,18],[5,9,17,21,1,13,18],[13,21,9,5,17,1,18],[21,17,1,13,5,9,18],[13,5,21,1,17,9,18],[17,13,5,9,1,21,18],[21,13,5,9,17,1,10,18],[1,5,17,13,21,9,10,18],[13,17,5,21,9,1,18],[9,1,5,17,21,13,18],[5,21,13,17,9,1,20,10,6,18],[1,13,17,5,21,9,18],[21,9,1,5,13,17,10,18],[17,5,21,1,13,9,18],[5,21,1,17,9,13,18],[17,13,9,1,21,5,10,18],[13,9,5,17,21,1,10,6,18],[9,17,13,1,5,21,10,6,18],[13,17,1,21,5,9,18],[17,13,9,21,1,5,18],[5,13,17,21,9,1,20,10,6,18],[17,13,9,21,1,5,10,6,18],[1,5,21,9,13,17,18],[9,21,17,5,13,1,10,18],[17,13,21,1,5,9,10,18],[17,21,1,9,5,13,18],[5,17,21,1,13,9,10,6,18],[17,9,5,13,21,1,18],[1,5,21,13,17,9,10,18],[21,1,9,5,17,13,10,18],[1,21,13,17,5,9,18],[1,21,9,5,13,17,10,18],[5,1,9,17,13,21,20,10,6,19,8,18],[21,9,5,17,13,1,18],[17,13,1,5,9,21,10,6,18],[21,9,17,5,1,13,18],[13,9,5,17,21,1,10,18],[9,17,5,1,13,21,10,18],[13,1,5,17,9,21,10,6,18,7],[21,1,5,13,9,17,18],[9,17,5,1,21,13,18],[13,21,5,9,1,17,18],[9,21,13,1,5,17,18],[13,17,5,9,1,21,10,18],[9,1,21,5,13,17,18],[9,13,17,5,21,1,18],[13,5,9,21,17,1,18],[13,1,17,9,21,5,10,18],[17,1,21,5,9,13,18],[17,13,9,1,5,21,10,18],[21,13,1,17,5,9,10,18],[17,13,5,1,9,21,10,18],[17,9,21,13,5,1,18],[21,5,13,17,1,9,18],[1,17,9,5,21,13,18],[9,21,17,13,1,5,19,10,6,18],[17,21,13,1,9,5,10,18],[9,1,17,5,13,21,10,6,18],[9,21,17,5,13,1,18],[9,17,21,5,1,13,18],[21,5,17,1,13,9,10,18],[9,5,21,13,1,17,18],[13,21,5,17,9,1,10,18],[13,9,1,21,5,17,18],[17,21,1,5,13,9,10,20,6,18],[9,5,17,21,1,13,18],[9,5,1,21,13,17,10,18],[13,9,17,21,1,5,18],[9,5,13,1,21,17,18],[21,9,13,1,17,5,18],[9,1,21,5,13,17,12,18],[21,1,5,13,17,9,10,6,18],[13,21,1,5,17,9,10,6,18],[1,5,21,9,17,13,18],[17,9,13,21,5,1,18],[9,1,21,5,17,13,18],[13,9,17,21,5,1,18],[5,17,13,9,1,21,18],[5,9,1,17,13,21,18],[5,1,21,9,13,17,18],[21,9,17,5,13,1,18],[21,13,5,17,9,1,18],[1,13,5,21,17,9,10,18],[9,17,1,21,5,13,10,19,6,18],[9,1,17,5,13,21,10,18],[13,17,21,5,9,1,10,18],[1,17,5,13,21,9,18],[9,13,17,5,21,1,18],[17,5,9,21,1,13,18],[17,1,21,13,9,5,10,6,18],[1,9,5,17,13,21,10,6,18],[5,13,9,17,1,21,10,18],[17,5,21,1,13,9,10,6,18],[1,17,13,21,5,9,10,18],[21,1,9,17,5,13,18],[1,5,9,13,17,21,10,18],[17,9,13,21,5,1,10,18],[1,17,13,5,21,9,18],[13,17,9,21,1,5,10,20,6,18],[5,21,13,1,17,9,18],[17,13,21,1,9,5,18],[13,1,17,5,21,9,10,6,18],[9,5,21,17,13,1,18],[5,21,17,9,1,13,18],[1,9,5,13,21,17,10,18],[21,5,9,13,1,17,18],[9,17,1,21,5,13,10,6,18],[13,21,1,17,5,9,10,18],[9,17,13,21,5,1,18],[21,17,13,1,9,5,18],[13,5,1,17,9,21,10,18],[9,13,21,17,1,5,10,6,18],[21,5,1,13,17,9,18],[9,21,1,17,13,5,18],[17,9,21,13,5,1,18],[5,17,1,21,9,13,10,18],[1,13,21,9,17,5,18],[17,1,9,5,21,13,10,6,18],[17,21,5,13,9,1,18],[21,9,17,5,1,13,18],[21,5,17,9,13,1,10,6,18],[13,9,21,17,1,5,10,6,18],[1,13,21,5,9,17,18],[1,21,17,5,9,13,10,6,18],[5,21,9,13,17,1,12,18],[21,5,13,1,9,17,10,6,18],[21,1,5,17,9,13,18],[13,9,5,17,1,21,18],[5,1,13,9,21,17,10,6,18],[13,17,21,5,1,9,18],[9,21,13,1,17,5,18],[9,1,21,17,5,13,11,6,18],[9,5,21,17,1,13,18],[9,17,21,5,1,13,18],[17,5,13,1,21,9,18],[17,9,13,5,21,1,18],[17,1,5,21,9,13,10,18],[5,1,9,21,17,13,18],[1,17,21,5,9,13,18],[1,9,21,5,17,13,18],[13,5,9,1,21,17,10,18],[1,9,5,17,13,21,10,18],[13,1,5,9,21,17,18],[13,17,1,5,9,21,18],[13,5,1,17,9,21,10,18],[5,13,21,1,17,9,10,18],[17,9,5,1,13,21,18],[5,17,1,9,13,21,18],[9,21,5,13,17,1,10,6,18],[17,13,21,1,5,9,10,6,18],[5,9,13,1,17,21,10,18],[17,1,9,21,13,5,10,18],[9,5,1,21,13,17,18],[5,13,1,9,21,17,10,18],[17,5,1,21,13,9,18],[5,9,21,17,13,1,10,18],[1,13,9,21,17,5,18],[13,9,5,21,17,1,18],[5,17,21,1,9,13,10,6,18],[5,9,17,1,13,21,18],[9,1,17,21,13,5,18],[1,21,13,9,17,5,18],[13,21,5,9,17,1,10,6,18],[13,5,17,9,1,21,18],[21,5,13,9,17,1,18],[1,17,21,9,13,5,18],[17,5,9,21,13,1,18],[1,5,13,9,21,17,18],[9,13,1,17,5,21,10,6,18,20],[1,13,17,21,9,5,10,18],[17,5,9,21,13,1,10,6,18],[21,5,17,13,1,9,18],[1,9,17,21,13,5,18],[17,21,9,5,13,1,10,6,18],[1,9,5,21,17,13,10,18],[17,13,5,1,9,21,18],[9,5,21,13,1,17,18],[9,5,1,21,13,17,18],[21,5,9,1,17,13,18],[9,17,1,13,21,5,18],[5,9,17,1,21,13,10,20,6,18],[17,1,13,9,5,21,18],[21,1,13,5,9,17,10,6,18],[1,21,9,17,13,5,18],[1,21,17,13,9,5,10,6,18],[17,13,21,1,5,9,18],[21,13,5,17,9,1,20,10,6,18],[17,13,1,9,21,5,10,6,18],[9,17,5,1,13,21,18],[17,21,13,1,9,5,18],[9,5,17,1,21,13,10,6,18],[13,5,9,17,21,1,10,6,18],[9,21,5,17,1,13,18],[21,1,9,13,5,17,10,6,18],[17,13,21,1,5,9,18],[21,9,5,13,1,17,10,18],[13,1,9,5,21,17,10,18],[13,9,17,5,21,1,12,18],[9,5,17,1,13,21,10,6,18],[9,13,5,21,1,17,10,18],[5,9,21,1,17,13,10,6,18],[9,1,17,5,21,13,20,12,10,6,18],[13,5,1,21,9,17,10,6,20,18],[17,13,5,9,21,1,18],[9,5,17,21,1,13,18],[9,5,21,13,1,17,10,6,18],[5,13,1,17,9,21,18],[13,17,5,1,21,9,10,6,18,8,19],[21,9,13,5,17,1,18],[1,5,21,9,17,13,10,7,18],[5,13,17,9,21,1,18],[13,9,1,17,21,5,10,6,18],[9,5,1,13,17,21,10,6,18],[21,9,1,5,17,13,18],[21,5,13,17,1,9,10,18],[9,17,5,21,1,13,18],[9,5,1,13,17,21,18],[1,21,17,9,5,13,18],[1,21,5,17,9,13,18],[21,5,13,17,9,1,18],[1,5,13,21,9,17,10,6,18],[1,17,21,5,9,13,18],[1,13,5,9,17,21,12,18],[9,13,17,5,21,1,10,18],[21,17,9,13,5,1,18],[13,5,9,17,1,21,10,18],[9,5,1,17,21,13,10,18],[21,1,13,17,5,9,10,6,18],[21,5,13,1,9,17,18],[9,5,1,21,13,17,18],[5,17,9,21,13,1,10,18],[17,1,21,13,5,9,18],[13,5,17,1,21,9,18],[9,21,1,5,13,17,18],[9,1,21,17,5,13,10,18],[13,9,1,5,17,21,10,6,18],[17,1,9,13,5,21,10,18],[9,17,1,13,5,21,10,18],[17,9,21,5,13,1,10,18],[9,21,13,1,5,17,10,6,18],[13,21,1,5,9,17,18],[1,13,21,17,9,5,10,6,18],[9,5,13,21,1,17,18],[13,5,9,17,21,1,18],[9,21,17,1,13,5,18],[9,1,21,13,17,5,10,18],[21,9,17,1,5,13,18],[9,21,1,17,13,5,10,6,18],[1,17,5,13,21,9,10,6,18],[13,9,5,21,1,17,10,6,18],[5,9,13,21,1,17,18],[17,1,13,21,9,5,10,20,6,18],[5,17,13,21,1,9,10,18],[1,5,13,21,9,17,10,6,18],[13,1,21,9,17,5,10,18],[5,21,13,1,17,9,10,18],[13,5,17,1,9,21,18],[1,5,17,13,9,21,10,6,18],[21,5,17,9,13,1,10,18],[13,17,9,21,5,1,18],[17,1,13,5,21,9,18],[9,21,13,17,5,1,18],[21,5,13,9,17,1,10,6,18],[17,1,5,9,13,21,10,6,18],[13,9,1,5,21,17,10,6,18],[1,21,5,9,13,17,10,6,18],[21,17,13,9,5,1,18],[5,13,17,1,9,21,10,18],[21,17,1,9,13,5,18],[1,17,13,9,21,5,18],[9,21,17,13,1,5,18],[21,1,5,9,13,17,18],[5,21,9,17,1,13,10,18],[5,1,9,17,21,13,18],[1,17,9,21,13,5,18],[17,9,1,21,5,13,18],[13,17,21,1,9,5,18],[1,9,21,13,5,17,10,6,18],[9,21,5,1,17,13,18],[1,13,5,17,21,9,10,6,18],[9,1,13,21,5,17,10,6,18,19],[9,1,5,17,13,21,10,19,6,18],[9,17,21,1,5,13,10,6,18],[21,1,9,17,13,5,10,6,18],[13,21,17,1,9,5,18],[9,1,17,21,13,5,10,18],[13,17,1,21,5,9,10,6,18],[1,13,5,21,9,17,10,6,18],[5,9,13,21,17,1,10,6,18],[9,17,1,21,13,5,10,6,18],[9,5,1,21,13,17,18],[21,5,13,17,9,1,10,18],[9,21,17,1,5,13,10,8,18],[17,21,13,5,9,1,10,18],[17,5,9,13,1,21,10,18],[1,21,17,5,9,13,18],[9,1,5,13,21,17,18],[5,1,9,13,17,21,18],[13,1,5,21,9,17,10,18],[9,17,13,5,21,1,18],[5,17,9,1,13,21,18],[1,5,13,9,21,17,10,6,18],[21,1,5,17,13,9,18],[1,21,13,5,9,17,10,6,18],[21,13,17,5,1,9,10,18],[9,5,1,21,17,13,18],[5,1,21,9,13,17,10,6,18],[9,13,1,21,5,17,18],[1,21,17,13,9,5,18],[17,5,21,13,9,1,18],[21,1,17,13,9,5,18],[13,21,17,9,1,5,10,18],[9,1,17,13,5,21,10,18],[9,17,21,1,5,13,18],[21,17,13,9,1,5,19,12,20,10,6,8,18],[13,21,9,5,1,17,10,6,18],[13,21,17,1,9,5,18],[5,13,21,9,17,1,18],[9,13,1,21,5,17,18],[17,13,5,21,1,9,10,18],[21,5,17,9,1,13,18],[1,9,21,13,5,17,10,18],[5,21,17,1,9,13,10,18],[17,21,13,1,9,5,18],[13,21,17,1,9,5,18],[5,13,17,9,1,21,10,6,18],[1,13,9,21,17,5,18],[9,21,5,17,13,1,18],[5,1,21,17,13,9,19,10,6,18],[17,13,9,21,1,5,18],[13,9,21,1,5,17,10,18],[17,5,13,1,21,9,18],[17,1,13,21,5,9,18],[17,13,9,1,21,5,18],[9,5,13,21,17,1,10,6,18],[1,21,17,9,13,5,18],[1,9,17,21,13,5,18],[13,21,5,9,17,1,10,6,18],[21,5,17,13,1,9,10,20,6,18],[1,13,5,21,17,9,18],[1,5,9,21,13,17,10,18],[5,9,1,17,13,21,10,6,18],[21,13,5,9,1,17,18],[21,13,5,1,17,9,10,6,18],[21,17,13,5,9,1,18],[21,13,5,9,1,17,10,18],[1,21,17,5,13,9,10,18],[17,1,9,5,13,21,18],[1,5,9,21,17,13,18],[9,21,13,1,17,5,18],[17,1,9,13,5,21,10,6,18],[21,9,1,5,13,17,10,6,20,18],[21,17,9,5,13,1,18],[9,13,5,17,1,21,10,6,18,7],[13,5,1,21,17,9,18],[5,13,21,17,1,9,19,10,6,18],[9,5,21,17,1,13,18],[17,9,13,21,1,5,11,6,18],[13,5,1,17,9,21,10,6,18],[9,5,13,21,1,17,18],[13,9,1,21,5,17,10,18],[13,17,21,1,9,5,10,6,18],[9,17,5,1,13,21,10,18],[13,17,9,5,1,21,10,18],[5,9,21,1,17,13,20,10,6,18],[5,17,21,1,9,13,10,6,18],[13,1,5,9,17,21,18],[17,1,21,5,9,13,18],[1,21,9,17,5,13,18],[21,5,13,17,9,1,10,18],[17,13,21,5,9,1,10,6,18],[5,1,21,9,13,17,10,18],[1,21,9,5,17,13,18],[5,21,17,1,13,9,10,6,18],[1,9,17,21,13,5,12,18],[21,9,17,13,1,5,18],[17,21,5,1,13,9,18],[17,5,9,13,1,21,10,18],[21,13,17,5,1,9,18],[5,9,21,1,17,13,18],[17,9,1,13,21,5,18],[9,13,21,17,5,1,18],[9,5,13,21,17,1,10,18],[13,5,9,21,1,17,10,18],[17,1,9,5,13,21,18],[5,9,17,21,13,1,18],[5,1,13,9,17,21,10,18],[17,21,1,13,9,5,10,6,18],[21,17,13,1,9,5,18],[9,17,13,1,21,5,10,6,18,8,20],[17,21,1,5,9,13,10,18],[17,5,13,9,21,1,18],[13,21,1,5,17,9,18],[5,21,13,17,1,9,10,6,18],[1,5,13,21,9,17,18],[5,21,9,1,13,17,18],[5,21,1,13,17,9,10,18],[21,17,9,1,5,13,10,18],[9,21,5,1,13,17,18],[17,9,5,21,13,1,10,18],[1,13,9,21,17,5,10,18],[9,13,17,5,1,21,18],[17,1,9,13,21,5,10,18],[13,17,1,9,21,5,10,6,18],[17,21,1,5,9,13,18],[21,1,5,9,17,13,18],[1,13,21,17,5,9,18],[1,21,9,17,5,13,10,18],[13,17,9,1,21,5,18],[5,1,9,21,13,17,10,6,18],[9,1,21,17,13,5,18],[17,5,21,9,1,13,18],[21,9,5,17,1,13,18],[13,9,1,5,21,17,18],[21,17,1,13,5,9,18],[17,1,13,5,9,21,18],[17,21,9,5,1,13,10,18],[13,17,1,5,21,9,18],[1,5,9,21,13,17,10,18],[1,9,5,13,21,17,18],[9,17,1,21,5,13,10,18],[1,9,13,21,17,5,18],[17,5,1,21,9,13,18],[17,5,9,13,1,21,10,18],[13,1,21,5,9,17,10,6,19,18],[21,17,9,13,5,1,10,20,6,18],[13,21,5,9,1,17,10,20,6,19,8,18],[5,21,13,17,9,1,18],[5,1,21,13,17,9,10,6,18],[13,1,5,21,17,9,18],[9,5,21,1,13,17,20,10,7,6,18],[1,5,13,17,9,21,10,18],[21,1,13,5,9,17,18],[1,17,13,21,5,9,10,6,18],[9,17,5,21,13,1,10,8,18],[21,9,13,1,17,5,10,18],[9,13,17,21,5,1,10,18],[21,13,1,5,17,9,10,6,18],[13,5,9,17,1,21,12,18],[1,21,13,17,9,5,10,7,18],[9,13,5,21,17,1,18],[13,21,5,9,17,1,18],[1,17,21,5,13,9,18],[21,13,17,5,9,1,10,18],[13,1,9,5,17,21,18],[5,17,13,1,21,9,18],[9,13,21,5,1,17,18],[17,1,21,9,13,5,18],[1,17,21,9,13,5,10,18],[9,21,5,1,13,17,18],[21,1,17,9,13,5,20,10,6,19,8,18],[13,1,21,17,5,9,18],[1,21,9,5,17,13,10,18],[13,1,21,5,17,9,10,18],[5,21,1,9,13,17,18],[5,17,21,13,9,1,10,18],[13,21,1,9,17,5,12,18],[1,9,21,17,13,5,18],[21,5,17,1,13,9,18],[13,1,5,21,17,9,18],[13,21,17,9,1,5,10,8,18],[9,21,5,1,17,13,10,6,18],[13,17,1,9,21,5,18],[1,21,5,9,17,13,10,18],[9,1,5,13,21,17,10,18],[13,17,5,1,9,21,18],[13,17,5,21,1,9,18],[1,9,13,21,17,5,18],[1,9,17,5,21,13,18],[5,17,1,21,13,9,18],[9,5,13,1,21,17,18],[5,9,21,1,17,13,18],[1,13,5,9,17,21,10,18],[13,1,17,9,21,5,12,18],[17,21,9,5,1,13,18],[5,13,17,9,21,1,18],[9,17,5,1,21,13,18],[1,13,21,9,5,17,18],[13,5,9,1,21,17,18],[21,9,5,13,1,17,18],[21,1,13,9,5,17,10,6,18,8,20],[17,21,13,5,1,9,10,18],[17,21,9,13,1,5,18],[9,13,5,1,21,17,18],[13,5,1,17,9,21,18],[1,13,5,21,17,9,10,8,18],[17,21,1,9,13,5,18],[5,21,17,13,9,1,10,18],[5,9,1,17,21,13,10,20,6,18],[1,21,13,5,17,9,18],[9,21,1,5,17,13,10,6,19,18],[1,17,5,13,9,21,18],[17,1,21,9,5,13,10,18],[13,21,1,9,17,5,18],[5,21,1,17,9,13,10,20,6,18],[13,5,9,1,17,21,19,10,6,18],[13,5,9,17,1,21,10,18],[13,1,9,5,17,21,20,10,6,18],[17,9,5,13,1,21,10,6,18],[9,13,5,1,17,21,10,18],[13,1,9,21,17,5,10,18],[13,17,21,1,9,5,10,20,6,18],[1,13,5,9,17,21,18],[21,1,9,13,17,5,10,7,19,6,20,18],[21,5,9,13,1,17,18],[5,21,17,9,1,13,10,18],[1,17,13,21,5,9,10,18],[17,9,1,21,13,5,10,18],[21,13,9,5,1,17,18],[17,9,5,13,21,1,18],[9,13,1,21,17,5,18],[21,13,1,5,9,17,10,18],[13,17,1,9,21,5,20,10,6,18],[21,1,17,5,13,9,10,6,18],[21,17,13,9,1,5,18],[9,13,21,1,5,17,18],[9,1,17,21,5,13,10,18],[17,9,13,1,5,21,18],[9,13,21,17,1,5,10,18],[21,1,17,5,9,13,18],[17,5,21,13,9,1,18],[13,9,1,17,21,5,10,6,18],[1,21,17,13,5,9,10,18],[1,13,21,9,17,5,18],[13,5,21,1,9,17,18],[5,9,21,17,13,1,10,6,18],[17,13,5,9,21,1,10,18],[1,9,5,13,21,17,10,6,18],[21,1,17,5,13,9,10,6,18],[17,5,1,21,13,9,10,18],[1,13,17,9,5,21,18],[1,21,5,13,17,9,12,18],[13,21,1,17,5,9,18],[13,21,17,9,1,5,10,6,18],[21,13,5,17,9,1,10,18],[21,5,9,13,1,17,10,6,18],[5,1,13,9,17,21,10,7,18],[21,5,17,9,13,1,10,18],[13,17,9,21,1,5,18],[21,5,13,17,1,9,10,18],[21,9,5,17,1,13,18],[5,1,9,21,17,13,10,6,18],[1,9,17,13,5,21,18],[21,13,5,17,1,9,10,18],[21,1,13,5,17,9,10,18],[9,17,21,1,13,5,10,6,18],[13,21,17,1,5,9,10,6,18],[21,9,1,13,5,17,10,6,18],[1,17,5,13,9,21,18],[13,5,1,17,9,21,10,18],[9,5,1,13,21,17,18],[9,13,21,1,5,17,10,18],[5,13,9,21,17,1,10,6,18],[9,13,21,17,1,5,20,10,6,18],[9,1,17,13,5,21,10,6,18],[1,21,17,5,9,13,10,6,18],[5,1,21,9,13,17,10,8,18],[21,5,1,9,17,13,10,18],[13,5,21,1,17,9,18],[9,17,5,21,1,13,18],[17,1,9,13,5,21,10,6,18],[17,5,9,13,21,1,10,6,18],[9,1,13,21,17,5,10,18],[21,5,9,1,17,13,10,18],[1,13,5,17,21,9,10,18],[5,17,21,13,9,1,18],[9,13,17,5,1,21,18],[1,17,9,13,5,21,10,6,18],[5,17,9,13,1,21,18],[1,17,13,9,5,21,18],[1,5,13,17,21,9,18],[13,1,9,21,17,5,10,6,19,18],[9,17,21,13,5,1,10,18],[17,1,9,13,5,21,10,18]],"n_human":102}