{"problem_id":"6lht0ZurQP2rMOw","sigma":150,"alpha":3.162,"cost":1,"probabilities":"[0.4, 0.14, 0.2, 0.26]","payoff_matrix":"[[-65, -72, -127, -77, -218, 47], [-18, 52, 72, 22, 87, 75], [122, -22, 295, 142, 280, 4], [25, -250, 127, -226, -152, 138]]","uncovered":[[17,5,13,9,1,21,4,24,8,16,10,12,23],[17,9,5,21,1,13,4,24,8,16,12,11,23,10,22],[13,5,17,9,21,1,4,24,8,16,12,3,23],[13,17,5,21,1,9,24,4,8,16,12,11,23,10,22],[9,5,1,13,17,21,24,4,8,16,12,11,23,22,10],[9,21,5,1,17,13,4,24,8,16,23],[5,21,17,1,9,13,24,4,8,16,12,23],[17,5,13,9,21,1,24,4,8,16,10,12,23],[5,13,17,1,21,9,4,24,8,16,11,12,23,22,10],[17,1,21,9,5,13,4,24,8,16,12,23],[17,5,21,13,1,9,24,4,8,16,12,23],[5,13,9,21,1,17,24,4,8,16,12,11,23,10,22],[9,21,1,17,13,5,4,24,8,16,12,3,23],[9,1,17,13,5,21,4,24,8,16,12,11,23,10,22],[1,21,9,17,13,5,4,24,8,16,12,23],[5,9,21,1,17,13,24,4,8,16,12,23],[17,5,9,13,21,1,4,24,8,16,12,11,23,22,10],[5,17,21,9,1,13,24,4,8,16,10,12,23],[5,9,13,17,21,1,4,24,8,16,12,23],[9,17,1,5,21,13,24,4,8,16,10,12,23],[5,21,9,17,13,1,24,4,8,16,10,12,23],[1,17,21,13,5,9,4,24,8,16,12,11,23,10,22],[17,9,13,5,21,1,4,24,8,16,12,11,23,22,10],[21,9,1,17,5,13,24,4,8,16,12,11,23,10,22],[21,5,13,9,1,17,4,24,8,16,12,23],[5,9,17,13,21,1,24,4,8,16,11,12,23,22,10],[13,9,5,21,1,17,4,24,8,16,12,11,23,10,22],[21,1,17,9,5,13,24,4,8,16,10,12,23],[13,17,9,5,1,21,24,4,8,16,12,11,23,22,10],[1,13,9,5,21,17,4,24,8,16,12,23],[17,21,5,9,13,1,24,4,8,16,23],[1,21,17,9,13,5,4,24,8,16,10,12,23],[1,21,5,17,9,13,24,4,8,16,12,23],[13,5,9,17,1,21,24,4,8,16,10,12,23],[5,17,9,13,1,21,24,4,8,16,12,23],[9,13,17,5,1,21,4,24,8,16,12,23],[17,9,21,5,1,13,24,4,8,16,12,23],[9,1,21,5,13,17,24,4,8,16,10,12,23],[5,9,21,17,1,13,24,4,8,16,12,11,23,10,22],[9,17,13,21,1,5,4,24,8,16,12,11,23,22,10],[17,5,13,21,1,9,4,24,8,16,12,23],[5,9,17,1,21,13,4,24,8,16,12,3,23],[17,9,13,1,21,5,4,24,8,16,11,12,23,10,22],[21,13,17,9,5,1,4,24,8,16,12,23],[5,17,13,1,21,9,24,4,8,16,12,11,23,10,22],[5,21,9,1,17,13,24,4,8,16,11,12,23,22,10],[1,21,5,13,9,17,4,24,8,16,12,23],[21,17,13,1,5,9,24,4,8,16,11,12,23,10,22],[13,5,21,17,1,9,24,4,8,16,11,12,23,22,10],[13,1,5,17,21,9,4,24,8,16,12,23],[9,13,1,21,5,17,4,24,8,16,11,12,23,22,10],[13,17,21,1,9,5,4,24,8,16,12,23],[9,17,21,5,1,13,4,24,8,16,12,23],[1,17,13,21,5,9,24,4,8,16,12,23],[9,1,21,5,13,17,24,4,8,16,12,11,23,22,10],[5,1,21,13,9,17,24,4,8,16,10,12,23],[13,5,17,1,21,9,4,24,8,16,11,12,23,22,10],[17,9,13,21,1,5,4,24,8,16,12,23],[13,9,21,17,1,5,24,4,8,16,11,12,23,22,10],[13,1,21,17,5,9,24,4,8,16,11,12,23,22,10],[5,21,13,17,9,1,4,24,8,16,12,23],[1,21,5,9,13,17,24,4,8,16,12,23],[1,21,17,5,13,9,24,4,8,16,12,11,23,22,10],[5,13,21,17,1,9,24,4,8,16,11,12,23,10,22],[1,9,21,17,13,5,24,4,8,16,11,12,23,10,22],[1,17,9,21,13,5,24,4,8,16,11,12,23,22,10],[17,21,9,13,5,1,24,4,8,16,12,23],[21,9,17,13,5,1,24,4,8,16,10,12,23],[13,1,9,21,5,17,24,4,8,16,12,23],[1,5,9,21,13,17,24,4,8,16,12,3,23],[21,9,17,1,13,5,24,4,8,16,12,11,23,22,10],[13,1,5,9,17,21,24,4,8,16,12,11,23,22,10],[21,5,9,13,1,17,4,24,8,16,12,11,23,22,10],[5,13,21,1,9,17,4,24,8,16,11,12,23,10,22],[9,17,13,21,1,5,24,4,8,16,12,23],[21,9,1,17,13,5,4,24,8,16,12,23],[13,5,21,9,17,1,24,4,8,16,12,11,23,10,22],[17,5,1,21,9,13,24,4,16,8,11,12,23,10,22],[21,17,5,1,13,9,24,4,8,16,10,12,23],[13,1,21,9,5,17,24,4,8,16,10,12,23],[13,17,9,1,5,21,24,4,8,16,12,11,23,22,10],[9,13,17,1,5,21,24,4,8,16,12,11,23,10,22],[21,1,9,17,5,13,4,24,8,16,12,22],[13,17,1,5,21,9,4,24,8,16,12,22],[13,21,9,1,5,17,24,4,8,16,12,11,23,22,10],[13,21,1,9,17,5,4,24,8,16,12,23],[1,17,21,5,9,13,24,4,8,16,3,23],[5,17,9,13,21,1,24,4,8,16,12,11,23,10,22],[13,1,21,5,17,9,4,24,8,16,12,11,23,22,10],[5,21,1,13,17,9,4,24,8,16,12,23],[9,1,21,5,17,13,4,24,8,16,11,12,23,10,22],[13,1,21,5,9,17,4,24,8,16,11,12,23,22,10],[1,5,21,17,13,9,24,4,8,16,12,11,23,22,10],[21,5,1,13,17,9,4,24,8,16,10,12,23],[9,1,5,17,13,21,24,4,8,16,12,11,23,10,22],[5,17,13,9,21,1,24,4,8,16,12,23],[1,21,9,5,17,13,4,24,8,16,12,11,23,10,22],[9,1,17,5,13,21,24,4,8,16,12,23],[9,21,13,17,1,5,4,24,8,16,12,23],[13,1,9,5,21,17,4,24,8,16,11,12,23,10,22],[17,5,13,9,21,1,24,4,8,16,12,11,23,22,10],[17,13,21,5,1,9,24,4,8,16,12,11,23,10,22],[13,21,17,1,9,5,4,24,8,16,10,12,23],[1,13,17,21,5,9,4,24,8,16,11,12,23,22,10],[13,17,21,5,9,1,4,24,8,16,11,12,23,10,22],[21,13,17,1,9,5,4,24,8,16,12,10,23],[21,13,5,9,17,1,4,24,8,16,10,12,23],[5,9,13,1,17,21,4,24,8,16,12,11,23,10,22],[1,17,5,9,21,13,4,24,8,16,12,11,23,22,10],[5,21,1,13,17,9,4,24,8,16,12,11,23,10,22],[21,13,5,9,17,1,4,24,8,16,12,23],[9,13,1,21,5,17,4,24,8,16,12,11,23,22,10],[5,9,13,17,21,1,24,4,8,16,11,12,23,10,22],[13,5,17,1,9,21,4,24,8,16,12,11,23,22,10],[17,5,13,21,9,1,4,24,8,16,12,23],[13,21,1,17,9,5,24,4,8,16,11,12,23,10,22],[1,21,17,9,13,5,4,24,8,16,12,23],[13,17,21,9,5,1,24,4,8,16,10,12,23],[13,1,17,21,5,9,24,4,8,16,12,23],[17,13,5,21,9,1,4,24,8,16,3,23],[9,21,13,17,1,5,24,4,8,16,12,11,23,10,22],[13,5,21,1,17,9,24,4,8,16,11,12,23,10,22],[9,1,21,13,17,5,4,24,8,16,12,10,23],[21,5,9,17,13,1,4,24,8,16,12,23],[9,13,21,5,1,17,24,4,8,16,11,12,23,22,10],[17,21,1,5,13,9,4,24,8,16,12,10,23],[17,13,9,5,21,1,24,4,8,16,10,12,23],[13,21,5,1,9,17,24,4,8,16,11,12,23,10,22],[1,17,9,21,13,5,24,4,8,16,12,23],[13,5,9,1,21,17,4,24,8,16,12,23],[5,21,1,17,13,9,24,4,8,16,12,23],[21,1,13,17,9,5,4,24,8,16,12,11,23,10,22],[9,17,13,1,5,21,4,24,8,16,12,23],[13,21,9,1,5,17,4,24,8,16,12,3,23],[17,5,21,1,9,13,4,24,8,16,10,12,23],[17,13,21,9,5,1,4,24,8,16,12,11,23,22,10],[17,1,21,13,9,5,24,4,8,16],[21,5,9,13,17,1,4,24,8,16,12,11,23,22,10],[5,21,17,9,1,13,24,4,8,16,12,11,23,10,22],[13,1,9,17,5,21,4,24,8,16,12,11,23,22,10],[17,1,5,9,21,13,4,24,8,16,11,12,23,22,10],[5,13,17,21,1,9,24,4,8,16,12,23],[5,17,21,13,9,1,4,24,8,16,12,23],[1,9,13,17,5,21,4,24,8,16,12,11,23,10,22],[17,13,21,5,1,9,24,4,8,16,12,3,23],[9,21,17,1,13,5,24,4,8,16,11,12,23,22,10],[17,21,9,13,5,1,24,4,8,16,10,12,23],[17,5,1,21,13,9,24,4,8,16,10,12,23],[13,5,21,9,1,17,24,4,8,16,12,3,23],[17,1,9,13,21,5,4,24,8,16,12,23],[9,17,13,21,1,5,24,4,8,16,12,23],[13,1,5,21,17,9,4,24,8,16,12,23],[5,9,17,13,1,21,4,24,8,16,10,12,23],[21,17,5,9,1,13,24,4,8,16,12,23],[17,13,5,9,1,21,4,24,8,16,10,12,23],[1,5,17,13,9,21,4,24,8,16,11,12,23,22,10],[21,1,13,17,9,5,4,24,8,16,12,3,23],[5,9,21,17,1,13,24,4,8,16,12,23],[5,13,17,9,1,21,24,4,8,16,12,23],[5,21,17,1,13,9,4,24,8,16,12,10,23],[13,17,21,5,9,1,4,24,8,16,10,12,23],[5,17,13,1,9,21,4,24,8,16,11,12,23,10,22],[21,13,1,5,17,9,4,24,8,16,10,12,23],[21,9,17,1,13,5,24,4,8,16,12,11,23,22,10],[5,9,1,13,17,21,4,24,8,16,12,23],[1,9,21,5,17,13,24,4,8,16,12,11,23,10,22],[5,9,1,17,13,21,4,24,8,16,12,11,23,10,22],[5,17,1,13,9,21,24,4,8,16,12,11,23,22,10],[17,5,1,21,9,13,24,4,16,8,12,23],[13,21,9,17,5,1,4,24,8,16,10,12,23],[1,17,5,9,13,21,4,24,8,16,10,12,23],[5,9,21,13,1,17,4,24,8,16,12,11,23,10,22],[13,21,5,17,1,9,4,24,8,16,10,12,23],[17,13,5,9,1,21,24,4,16,8,10,12,23],[5,9,17,1,13,21,4,24,8,16,12,11,23,22,10],[5,17,9,1,21,13,4,24,8,16,12,11,23,22,10],[21,1,5,13,17,9,24,4,8,16,12,11,23,22,10],[9,13,5,21,17,1,4,24,8,16,12,11,23,22,10],[5,13,21,1,9,17,4,24,8,16,12,23],[5,9,17,13,1,21,24,4,8,16,12,23],[21,1,13,17,9,5,24,4,8,16,12,11,23,10,22],[21,9,17,5,13,1,24,4,8,16,12,11,23,22,10],[5,17,1,13,9,21,24,4,8,16,12,11,23,10,22],[21,17,5,13,1,9,4,24,8,16,12,23],[5,21,9,13,17,1,24,4,8,16,11,12,23,22,10],[1,5,17,9,13,21,4,24,8,16,12,11,23,22,10],[17,5,9,1,21,13,24,4,8,16,11,12,23,10,22],[21,9,13,1,17,5,24,4,8,16,12,23],[17,13,1,5,21,9,24,4,8,16,12,23],[5,9,1,21,13,17,4,24,8,16,12,11,23,22,10],[5,17,21,1,9,13,24,4,8,16,12,23],[17,21,9,1,13,5,4,24,8,16,12,3,23],[21,17,13,9,5,1,24,4,8,16,3,23],[17,13,21,9,1,5,4,24,8,16,12,11,23,22,10],[5,9,13,17,21,1,24,4,8,16,12,11,23,10,22],[1,13,9,21,17,5,4,24,8,16,12,23],[1,13,17,5,21,9,4,24,8,16,12,23],[5,21,13,17,9,1,4,24,8,16,12,3,23],[9,13,17,21,1,5,4,24,8,16,12,23],[5,17,13,9,1,21,4,24,8,16,12,11,23,22,10],[5,1,9,13,17,21,24,4,8,16,12,11,23,22,10],[17,1,13,5,21,9,24,4,8,16,12,11,23,10,22],[5,21,13,1,9,17,24,4,8,16,12,11,23,22,10],[1,9,5,13,17,21,24,4,8,16,11,12,23,22,10],[9,5,17,21,13,1,24,4,8,16,12,11,23,22,10],[17,9,13,5,1,21,24,4,8,16,11,12,23,22,10],[13,21,9,1,5,17,24,4,8,16,11,12,23,10,22],[21,5,1,17,9,13,24,4,8,16,12,3,23],[17,1,21,13,9,5,24,4,8,16,12,23],[17,9,13,1,5,21,24,4,8,16,12,11,23,22,10],[13,21,17,1,5,9,24,4,8,16,12,3,23],[17,9,21,1,5,13,4,24,8,16,12,11,23,10,22],[9,1,17,13,21,5,24,4,8,16,12,11,23,22,10],[9,17,1,13,21,5,4,24,8,16,12,23],[9,1,5,21,13,17,24,4,8,16,12,3,23],[5,1,21,9,13,17,24,4,8,16,12,23],[1,21,17,13,9,5,24,4,8,16,12,11,23,22,10],[9,17,13,1,5,21,24,4,8,16,12,11,23,22,10],[21,5,17,1,13,9,24,4,8,16,12,23],[21,1,5,17,13,9,4,24,8,16,12,23],[5,21,13,9,1,17,4,24,8,16,12,11,23,22,10],[5,1,13,17,21,9,4,24,8,16,12,23],[5,17,21,1,13,9,24,4,8,16,11,12,23,22,10],[1,17,5,9,13,21,24,4,8,16,12,23],[17,5,9,1,13,21,24,4,8,16,12,11,23,10,22],[5,13,9,1,17,21,4,24,8,16,12,23],[21,13,17,5,9,1,4,24,8,16,12,23],[5,21,13,9,1,17,4,24,8,16,12,11,23,22,10],[1,17,13,5,9,21,24,4,8,16,11,12,23,10,22],[17,21,9,13,5,1,24,4,8,16,12,23],[21,9,5,17,1,13,4,24,8,16,11,12,23,22,10],[21,1,17,13,5,9,24,4,8,16,12,11,23,22,10],[21,17,9,13,5,1,24,4,8,16,11,12,23,10,22],[9,13,17,5,1,21,24,4,8,16,12,3,23],[17,21,13,5,9,1,24,4,8,16,12,22],[1,21,9,13,17,5,24,4,8,16,12,23],[1,13,17,5,9,21,24,4,8,16,12,23],[21,1,5,13,17,9,4,24,8,16,12,11,23,10,22],[9,13,17,1,21,5,4,24,8,16,11,12,23,22,10],[17,13,21,1,5,9,4,24,8,16,12,11,23,22,10],[5,17,9,1,21,13,4,24,8,16,11,12,23,10,22],[17,1,5,21,13,9,4,24,8,16,12,23],[21,9,17,5,1,13,4,24,8,16,12,11,23,22,10],[21,17,1,13,5,9,24,4,8,16,12,23],[5,1,21,17,13,9,4,24,8,16,12,11,23,22,10],[21,5,1,13,17,9,4,24,8,16,10,12,23],[17,21,1,9,13,5,24,4,8,16,10,12,23],[5,13,21,9,1,17,4,24,8,16,11,12,23,10,22],[21,13,17,1,5,9,4,24,8,16,11,12,23,10,22],[9,5,1,21,17,13,4,24,8,16,12,11,23,22,10],[1,17,5,13,9,21,24,4,8,16,12,11,23,22,10],[13,5,21,1,9,17,24,4,8,16,12,23],[21,17,1,13,5,9,4,24,8,16,12,3,23],[1,17,5,9,21,13,4,24,8,16,11,12,23,22,10],[1,21,5,9,13,17,4,24,8,16,12,23],[1,5,21,13,9,17,4,24,8,16,12,11,23,22,10],[9,1,21,13,17,5,24,4,8,16,10,12,23],[21,9,1,5,13,17,24,4,8,16,12,23],[13,9,5,21,1,17,4,24,8,16,12,23],[21,17,13,9,5,1,4,24,8,16,11,12,23,10,22],[1,13,17,5,9,21,24,4,8,16,12,23],[9,1,21,13,17,5,4,24,8,16,11,12,23,22,10],[13,5,21,17,1,9,4,24,8,16,11,12,23,10,22],[17,1,21,9,13,5,24,4,8,16,12,11,23,10,22],[13,21,17,1,5,9,24,4,8,16,12,11,23,22,10],[9,17,5,1,13,21,4,24,8,16,11,12,23,22,10],[17,1,21,5,13,9,24,4,8,16,10,12,23],[17,1,9,5,13,21,4,24,8,16,12,11,23,22,10],[5,9,17,1,13,21,4,24,8,16,12,11,23,10,22],[9,13,1,5,17,21,4,24,8,16,12,23],[13,9,17,21,1,5,24,4,8,16,12,23],[21,5,13,9,1,17,24,4,8,16,12,11,23,10,22],[17,1,5,13,21,9,24,4,8,16,11,12,23,10,22],[9,13,1,21,17,5,4,24,8,16,11,12,23,10,22],[5,9,1,21,17,13,24,4,8,16,10,12,23],[1,17,9,21,13,5,24,4,8,16,12,11,23,22,10],[9,17,5,1,13,21,4,24,8,16,12,23],[5,17,21,13,9,1,4,24,8,16,12,23],[1,21,13,17,9,5,4,24,8,16,12,11,23,10,22],[5,1,13,9,17,21,24,4,8,16,12,23],[5,13,9,21,17,1,4,24,8,16,11,12,23,10,22],[5,21,13,17,1,9,4,24,8,16,12,23],[17,13,1,5,9,21,24,4,8,16,10,12,23],[9,13,17,5,21,1,24,4,8,16,12,23],[21,13,5,17,1,9,4,24,8,16,10,12,23],[13,17,21,9,5,1,24,4,8,16,12,11,23,22,10],[9,21,17,5,1,13,24,4,16,8,11,12,23,10,22],[5,17,1,13,21,9,4,24,8,16,12,11,23,22,10],[13,17,5,21,1,9,4,24,8,16,12,11,23,10,22],[9,13,17,21,1,5,4,24,8,16,11,12,23,22,10],[17,9,1,21,13,5,4,24,8,16,12,23],[9,21,1,5,17,13,4,24,8,16,12,11,23,22,10],[17,21,1,9,5,13,4,24,8,16,12,23],[17,21,5,13,9,1,4,24,8,16,10,12,23],[1,13,21,5,9,17,24,4,8,16,12,11,23,22,10],[9,21,1,13,17,5,24,4,8,16,12,11,23,10,22],[1,5,9,17,13,21,24,4,8,16,12,23],[9,17,21,1,13,5,4,24,8,16,12,23],[21,5,13,1,17,9,4,24,8,16,11,12,23,10,22],[1,21,9,13,17,5,24,4,8,16,12,3,23],[9,21,13,1,5,17,4,24,8,16,12,11,23,10,22],[1,13,5,21,9,17,4,24,8,16,12,23],[17,5,9,21,1,13,24,4,8,16,12,11,23,22,10],[5,9,17,1,13,21,24,4,8,16,12,11,23,22,10],[21,1,9,17,13,5,4,24,8,16,12,23],[5,1,13,21,9,17,4,24,8,16,12,23],[13,21,9,1,5,17,4,24,8,16,12,23],[5,9,17,21,13,1,24,4,8,16,12,11,23,22,10],[13,5,21,9,1,17,4,24,8,16,11,12,23,22,10],[17,5,9,13,21,1,4,24,8,16,12,23],[9,5,1,17,21,13,4,24,8,16,12,23],[17,13,1,21,5,9,24,4,8,16,12,11,23,22,10],[21,5,13,17,9,1,4,24,8,16,12,23],[5,21,9,1,17,13,4,24,8,16,12,23],[5,13,21,1,17,9,24,4,8,16,12,23],[9,5,13,17,1,21,24,4,8,16,12,23],[9,5,1,17,21,13,24,4,8,16,12,10,23],[1,13,5,9,17,21,24,4,8,16,12,11,23,10,22],[9,1,13,17,21,5,4,24,8,16,12,3,23],[21,13,1,5,9,17,24,4,8,16,12,23],[5,9,1,17,13,21,4,24,8,16,12,11,23,10,22],[9,1,13,21,5,17,4,24,8,16,12,11,23,22,10],[9,17,13,1,5,21,4,24,8,16,11,12,23,22,10],[5,21,13,9,1,17,4,24,8,16,12,3,23],[21,9,17,1,13,5,4,24,8,16,12,11,23,22,10],[17,9,21,5,13,1,4,24,8,16,12,11,23,22,10],[13,9,1,17,5,21,24,4,8,16,12,23],[9,13,5,21,1,17,24,4,8,16,12,3,23],[1,17,9,13,5,21,24,4,8,16,12,23],[13,1,21,5,9,17,4,24,8,16,11,12,23,10,22],[17,9,21,5,13,1,24,4,8,16,12,23],[9,21,5,13,1,17,4,24,8,16,12,3,23],[5,17,9,13,21,1,24,4,8,16,12,11,23,10,22],[13,9,5,17,21,1,4,24,8,16,11,12,23,22,10],[17,1,13,5,9,21,24,4,8,16,11,12,23,22,10],[9,13,21,5,17,1,4,24,8,16,12,11,23,10,22],[21,5,9,13,17,1,4,24,8,16,10,12,23],[1,17,5,21,9,13,24,4,8,16,10,11,12,23,22],[5,1,17,21,13,9,24,4,8,16,11,12,23,22,10],[13,1,17,21,9,5,24,4,8,16,12,11,23,10,22],[21,1,17,9,13,5,24,4,8,16,12,11,23,10,22],[17,9,13,5,21,1,4,24,8,16,11,12,23,22,10],[13,1,5,9,17,21,24,4,8,16,12,11,23,10,22],[9,17,13,1,21,5,24,4,8,16,10,12,23],[13,21,5,17,9,1,4,24,8,16,12,23],[13,1,9,5,21,17,4,24,8,16,12,23],[1,9,21,17,5,13,4,24,8,16,10,12,23],[1,5,9,17,21,13,24,4,8,16,12,11,23,10,22],[21,9,17,5,13,1,4,24,8,16,10,12,23],[5,17,9,13,1,21,4,24,8,16,11,12,23,22,10],[9,21,5,17,1,13,4,24,8,16,12,23],[5,9,1,21,17,13,24,4,8,16,12,23],[17,21,5,1,9,13,24,4,8,16,12,23],[9,17,1,13,5,21,24,4,16,8,12,23],[13,9,1,5,21,17,24,4,8,16,12,11,23,10,22],[9,21,1,13,5,17,4,24,8,16,10,12,23],[21,5,13,1,9,17,4,24,8,16,10,12,23],[9,17,5,1,13,21,24,4,8,16,12,10,23],[17,1,9,13,5,21,24,4,8,16,12,11,23,10,22],[5,13,17,21,9,1,24,4,8,16,12,23],[17,21,9,13,1,5,24,4,8,16,12,23],[9,5,13,17,21,1,24,4,8,16,12,23],[1,5,21,9,13,17,4,24,8,16,12,11,23,22,10],[1,13,17,9,21,5,4,24,8,16,3,23],[9,21,1,17,13,5,4,24,8,16,12,11,23,22,10],[9,17,21,1,13,5,4,24,8,16,11,12,23,22,10],[13,21,1,9,5,17,4,24,8,16,12,10,23],[17,9,1,5,21,13,4,24,8,16,12,23],[13,21,5,9,1,17,4,24,8,16,12,23],[5,1,21,17,9,13,24,4,8,16,12,11,23,22,10],[17,21,13,9,5,1,24,4,8,16,12,23],[17,21,5,13,9,1,24,4,8,16,11,12,23,22,10],[9,13,17,21,5,1,4,24,8,16,11,12,23,10,22],[17,9,1,13,5,21,24,4,8,16,12,23],[5,13,17,9,1,21,4,24,8,16,12,23],[21,9,5,1,13,17,4,24,8,16,11,12,23,10,22],[5,9,21,13,17,1,24,4,8,16,12,23],[13,1,9,21,5,17,24,4,8,16,10,12,23],[21,17,9,1,5,13,4,24,8,16,10,12,23],[13,5,1,9,21,17,24,4,8,16,12,23],[17,5,13,21,9,1,4,24,8,16,12,23],[5,21,17,1,13,9,24,4,8,16,12,23],[21,1,17,9,5,13,4,24,8,16,12,23],[5,17,13,1,21,9,4,24,8,16,10,12,23],[9,13,5,17,21,1,24,4,8,16,12,11,23,10,22],[1,9,5,17,13,21,24,4,8,16,12,3,23],[13,17,21,1,9,5,24,4,8,16,11,12,23,22,10],[1,5,17,21,13,9,4,24,8,16,12,11,23,22,10],[5,17,21,1,9,13,4,24,8,16,12,23],[21,1,17,5,9,13,4,24,8,16,12,11,23,10,22],[17,9,13,1,21,5,4,24,8,16,12,11,23,10,22],[5,9,21,17,13,1,24,8,4,16,12,11,23,22,10],[13,5,9,21,17,1,4,24,8,16,10,12,23],[21,1,13,9,5,17,4,24,8,16,12,11,23,22,10],[9,5,21,13,17,1,24,4,8,16,12,11,23,22,10],[17,21,13,9,5,1,4,24,8,16,12,3,23],[17,21,9,1,13,5,24,4,8,16,12,11,23,10,22],[21,17,9,5,1,13,4,24,8,16,12,11,23,22,10],[5,21,13,1,17,9,24,4,8,16,12,11,23,22,10],[1,5,21,13,17,9,24,4,8,16,12,11,23,22,10],[21,1,17,9,5,13,4,24,8,16,12,11,23,10,22],[21,5,9,17,1,13,4,24,8,16,12,3,23],[21,13,9,1,17,5,4,24,8,16,3,23],[1,9,17,21,13,5,24,4,8,16,10,12,23],[21,17,1,9,13,5,4,24,8,16,12,23],[17,21,9,5,13,1,24,4,8,16,11,12,23,22,10],[21,17,13,1,5,9,24,4,8,16,12,23],[5,9,13,1,21,17,24,4,8,16,12,23],[9,5,1,17,13,21,24,4,8,16,12,23],[1,17,13,9,21,5,4,24,8,16,11,12,23,22,10],[13,17,1,9,5,21,24,4,8,16,12,11,23,10,22],[21,9,13,17,5,1,4,24,8,16,12,11,23,22,10],[5,21,13,9,1,17,4,24,8,16,10,12,23],[21,13,5,9,1,17,24,4,8,16,12,23],[13,21,1,17,5,9,4,24,8,16,12,11,23,22,10],[13,21,1,9,17,5,24,4,8,16,10,12,23],[17,9,1,5,21,13,4,24,8,16,12,11,23,22,10],[9,13,21,5,1,17,24,4,8,16,12,23],[5,13,9,1,17,21,24,4,8,16,12,23],[9,13,17,21,1,5,4,24,8,16,12,11,23,10,22],[5,13,17,9,1,21,4,24,8,16,12,22],[13,21,17,5,9,1,24,4,8,16,12,23],[5,13,9,17,21,1,4,24,8,16,12,23],[21,13,9,5,17,1,24,4,8,16,10,12,23],[21,17,13,1,5,9,4,24,8,16,12,23],[17,5,9,1,21,13,24,4,8,16,12,23],[5,21,13,9,17,1,4,24,8,16,12,23],[9,21,5,17,1,13,4,24,8,16,11,12,23,22,10],[1,5,17,9,13,21,4,24,8,16,10,12,23],[1,5,13,21,9,17,24,4,8,16,12,23],[9,5,17,1,13,21,4,24,8,16,12,23],[9,21,17,13,5,1,24,4,8,16,12,11,23,10,22],[17,21,1,9,13,5,4,24,8,16,10,12,23],[1,17,9,5,13,21,4,24,8,16,12,11,23,22,10],[17,1,13,5,9,21,4,24,8,16,12,11,23,22,10],[21,5,17,1,13,9,4,24,8,16,12,3,23],[5,17,1,9,13,21,24,4,8,16,12,23],[1,9,13,17,21,5,4,24,8,16,11,12,23,10,22],[21,5,1,13,17,9,24,4,8,16,12,11,23,10,22],[13,9,5,17,1,21,4,24,8,16,12,23],[9,5,17,13,21,1,4,24,8,16,12,3,23],[21,17,1,9,5,13,24,4,8,16,12,23],[5,9,13,1,17,21,24,4,8,16,12,23],[13,17,5,1,9,21,24,4,8,16,12,23],[9,21,17,13,5,1,24,4,8,16,11,12,23,22,10],[1,21,13,9,17,5,24,4,8,16,12,23],[21,9,13,5,1,17,4,24,8,16,12,11,23,22,10],[17,5,13,9,1,21,24,4,8,16,10,12,23],[21,13,17,1,5,9,4,24,8,16,10,12,23],[17,13,21,1,9,5,24,4,8,16,11,12,23,10,22],[9,21,1,5,13,17,4,24,8,16,10,12,23],[13,9,17,1,5,21,24,4,8,16,12,11,23,10,22],[13,9,21,17,5,1,24,4,8,16,12,11,23,22,10],[9,1,17,21,5,13,4,24,8,16,12,11,23,10,22],[21,13,5,17,9,1,24,4,8,16,11,12,23,10,22],[1,5,17,9,13,21,4,24,8,16,12,11,23,22,10],[9,1,17,13,5,21,4,24,8,16,10,12,23],[9,21,13,17,1,5,24,4,8,16,12,22],[1,17,21,13,9,5,24,4,8,16,12,23],[5,21,17,13,1,9,24,4,8,16,12,11,23,22,10],[1,21,5,17,9,13,4,24,8,16,12,11,23,10,22],[17,21,9,13,5,1,24,4,8,16,10,12,23],[17,9,13,5,21,1,4,24,8,16,10,11,12,23,22],[21,17,1,5,9,13,4,24,8,16,11,12,23,22,10],[13,17,9,5,21,1,4,24,8,16,10,12,23],[5,13,9,17,1,21,4,24,8,16,12,11,23,10,22],[17,1,9,21,13,5,24,4,8,16,12,23],[21,9,1,17,13,5,4,24,8,16,12,23],[21,9,5,13,1,17,24,4,8,16,12,11,23,10,22],[9,13,1,5,17,21,24,4,8,16,12,11,23,10,22],[1,9,17,13,5,21,4,24,8,16,12,23],[17,1,5,13,21,9,24,4,8,16,12,11,23,10,22],[1,17,5,13,9,21,24,4,8,16,11,12,23,10,22],[9,1,21,13,17,5,4,24,8,16,12,23],[17,9,1,21,13,5,4,24,8,16,12,11,23,10,22],[13,9,5,21,1,17,24,4,8,16,12,3,23],[1,5,13,17,21,9,24,4,8,16,10,12,23],[5,21,9,1,17,13,24,4,8,16,12,11,23,10,22],[5,13,21,17,1,9,24,4,8,16,12,11,23,22,10],[1,17,5,13,9,21,24,4,8,16,11,12,23,22,10],[21,17,5,1,13,9,4,24,8,16,11,12,23,10,22],[21,17,9,5,1,13,4,24,8,16,12,3,23],[1,13,17,9,5,21,4,24,8,16,12,23],[1,5,17,9,13,21,24,4,8,16,12,23],[9,13,1,21,5,17,4,24,8,16,10,12,23],[17,13,5,1,9,21,24,4,8,16,12,23],[21,9,5,17,13,1,4,24,8,16,12,23],[21,5,1,17,9,13,4,24,8,16,12,3,23],[9,21,17,5,1,13,4,24,8,16,10,12,23],[5,21,17,1,9,13,24,4,8,16,12,23],[1,13,5,9,21,17,4,24,8,16,12,11,23,10,22],[5,17,13,21,9,1,24,4,8,16,12,23],[1,17,13,21,9,5,24,4,8,16,11,12,23,10,22],[21,17,9,13,5,1,24,4,8,16,10,12,23],[9,21,17,1,5,13,24,4,8,16,12,11,23,22,10],[17,1,13,9,5,21,24,4,8,16,12,23],[1,21,13,9,17,5,4,24,8,16,11,12,23,22,10],[5,13,1,21,9,17,4,24,8,16,12,23],[17,5,1,9,21,13,24,4,8,16,12,23],[5,13,21,1,17,9,4,24,8,16,12,23],[21,1,9,5,13,17,4,24,8,16,12,11,23,22,10],[13,5,21,9,17,1,24,4,8,16,12,3,23],[17,21,5,13,9,1,4,24,8,16,12,23],[5,1,21,9,17,13,4,24,8,16,12,23],[17,9,1,21,13,5,24,4,8,16,11,12,23,22,10],[13,21,17,9,5,1,4,24,8,16,12,11,23,10,22],[17,13,21,1,5,9,24,4,8,16,12,3,23],[5,9,17,1,21,13,24,4,8,16,11,12,23,22,10],[1,9,13,21,17,5,4,24,8,16,12,11,23,22,10],[9,1,5,17,21,13,4,24,8,16,10,12,23],[5,21,1,9,17,13,24,4,8,16,12,23],[9,21,5,13,1,17,4,24,8,16,12,11,23,22,10],[1,13,21,5,9,17,4,24,8,16,11,12,23,10,22],[21,5,9,1,17,13,4,24,8,16,12,23],[13,17,9,21,1,5,24,4,8,16,12,11,23,22,10],[21,17,1,9,13,5,4,24,8,16,10,12,23],[9,5,21,13,17,1,4,24,8,16,12,2],[5,9,17,13,21,1,4,24,8,16,12,11,23,22,10],[13,5,17,9,1,21,4,24,8,16,12,23],[21,5,13,1,9,17,4,24,8,16,12,23],[21,9,13,5,1,17,24,4,8,16,12,23],[17,1,13,5,9,21,24,4,8,16,10,12,23],[5,13,17,9,1,21,24,4,8,16,12,11,23,22,10],[9,17,1,5,21,13,24,4,8,16,12,11,23,22,10],[5,1,13,9,21,17,4,24,8,16,12,23],[13,1,17,9,5,21,24,4,8,16,12,11,23,10,22],[9,17,21,5,1,13,4,24,8,16,12,23],[9,1,5,13,17,21,24,4,8,16,12,3,23],[9,17,5,13,21,1,4,24,8,16,12,23],[17,1,9,5,13,21,4,24,8,16,10,12,23],[21,1,17,9,13,5,4,24,8,16,12,11,23,22,10],[17,9,1,13,5,21,4,24,8,16,12,23],[13,17,9,1,21,5,24,4,8,16,12,23],[13,5,1,21,9,17,4,24,8,16,12,23],[5,17,13,9,1,21,24,4,8,16],[9,13,17,5,1,21,4,24,8,16,12,11,23,22,10],[17,13,21,5,9,1,4,24,8,16,12,11,23,10,22],[13,17,1,21,5,9,4,24,8,16,10,12,23],[1,21,13,5,17,9,4,24,8,16,10,12,23],[17,9,5,1,21,13,24,4,8,16,11,12,23,10,22],[5,21,1,17,13,9,4,24,8,16,10,12,23],[17,5,21,13,1,9,24,4,8,16,12,23],[5,17,21,1,13,9,4,24,8,16,12,22],[17,13,1,21,9,5,24,4,8,16,12,11,23,10,22],[21,5,1,17,13,9,4,24,8,16,12,23],[9,1,13,21,5,17,24,4,8,16,12,11,23,22,10],[21,9,13,17,1,5,24,4,8,16,12,11,23,10,22],[13,1,21,5,9,17,24,4,8,16,12,11,23,22,10],[9,13,21,17,5,1,24,4,8,16,12,23],[17,1,9,5,21,13,4,24,8,16,12,11,23,10,22],[13,1,21,17,9,5,4,24,8,16,12,11,23,10,22],[9,21,1,13,5,17,24,4,8,16,12,11,23,22,10],[13,21,1,9,5,17,24,4,8,16,12,11,23,10,22],[17,1,13,21,5,9,4,24,8,16,12,11,23,10,22],[21,9,13,5,17,1,24,4,8,16,12,23],[17,21,5,9,1,13,24,4,8,16,12,11,23,10,22],[21,5,13,1,9,17,4,24,8,16,11,12,23,10,22],[21,17,1,13,9,5,24,4,8,16,12,23],[5,9,21,1,17,13,24,4,8,16,12,11,23,10,22],[21,5,9,13,1,17,4,24,8,16,11,12,23,10,22],[21,1,5,13,9,17,24,4,8,16,10,12,23],[13,5,21,1,17,9,24,4,8,16,10,12,23],[17,5,21,1,13,9,24,4,8,16,12,23],[17,5,9,1,21,13,24,4,8,16,10,12,23],[17,5,9,13,21,1,24,4,8,16,12,11,23,22,10],[13,21,5,17,1,9,4,24,8,16,11,12,23,10,22],[13,1,9,5,21,17,24,4,8,16,12,10,23],[21,13,5,17,9,1,4,24,8,16,12,3,23],[21,5,17,1,9,13,4,24,8,16,12,11,23,10,22],[1,5,9,13,21,17,4,24,8,16,12,11,23,10,22],[5,17,21,9,13,1,4,24,8,16,10,12,23],[17,21,13,9,1,5,24,4,8,16,12,11,23,22,10],[17,1,21,9,5,13,4,24,8,16,23],[9,17,21,1,5,13,4,24,8,16,11,12,23,10,22],[1,21,5,17,13,9,4,24,8,16,12,11,23,10,22],[9,13,21,17,5,1,24,4,8,16,12,3,23],[17,9,21,1,5,13,4,24,8,16,12,23],[5,13,17,9,21,1,4,24,8,16,12,11,23,10,22],[5,21,1,17,13,9,24,4,8,16,12,11,23,10,22],[5,9,17,1,13,21,24,4,8,16,10,12,23],[13,17,9,21,1,5,4,24,8,16,12,11,23,10,22],[9,21,17,5,1,13,4,24,8,16,12,11,23,22,10],[1,13,17,21,9,5,24,4,8,16,12,23],[21,5,13,1,17,9,4,24,8,16,12,23],[21,17,5,13,9,1,4,24,8,16,10,12,23],[13,1,17,9,5,21,4,24,8,16,12,11,23,22,10],[5,13,17,9,1,21,24,4,8,16,12,23],[13,5,21,9,17,1,4,24,8,16,12,11,23,10,22],[17,1,9,21,13,5,24,4,8,16,23],[13,21,17,9,5,1,4,24,8,16,12,10,23],[1,9,5,17,21,13,4,24,8,16,10,12,23],[5,13,17,21,1,9,24,4,8,16,10,12,23],[21,17,13,5,9,1,4,24,8,16,10,12,23],[5,1,13,21,17,9,4,24,8,16,12,11,23,22,10],[5,1,13,17,21,9,24,4,8,16,10,12,23],[13,5,21,17,9,1,4,24,8,16,12,11,23,22,10],[1,5,13,17,21,9,24,4,8,16,12,23],[9,17,21,1,13,5,4,24,8,16,12,23],[21,13,5,1,9,17,4,24,8,16,11,12,23,10,22],[5,21,17,1,9,13,24,4,8,16,11,12,23,22,10],[5,1,13,17,21,9,24,4,8,16,12,23],[13,21,5,9,17,1,24,4,8,16,11,12,23,10,22],[21,9,1,13,5,17,4,24,8,16,12,11,23,10,22],[1,21,5,13,17,9,4,24,8,16,10,12,23],[17,21,13,5,9,1,24,4,8,16,12,23],[13,17,5,21,1,9,24,4,8,16,12,11,23,10,22],[13,21,17,9,5,1,4,24,8,16,12,10,23],[9,17,13,1,5,21,4,24,8,16,12,11,23,10,22],[1,13,9,5,21,17,4,24,8,16,11,12,23,10,22],[1,21,9,17,13,5,24,4,8,16,12,11,23,10,22],[9,21,1,17,5,13,24,4,8,16,12,23],[5,13,9,21,1,17,4,24,8,16,12,23],[5,17,9,1,21,13,24,4,8,16,12,23],[21,9,13,1,17,5,24,4,8,16,12,23],[5,1,17,21,13,9,4,24,8,16,12,23],[17,13,1,5,9,21,4,24,8,16],[1,9,21,13,5,17,24,4,8,16,10,12,23],[5,17,21,9,1,13,24,4,8,16,12,11,23,10,22],[1,17,5,13,9,21,4,24,8,16,11,12,23,22,10],[13,5,9,17,21,1,24,4,8,16,12,23],[1,5,13,9,17,21,4,24,8,16,12,23],[21,9,17,5,13,1,4,24,8,16,10,12,23],[5,9,17,21,13,1,4,24,8,16,10,12,23],[21,17,1,9,5,13,24,4,8,16,11,12,23,22,10],[17,9,13,21,5,1,24,4,8,16,12,11,23,10,22],[17,1,13,21,5,9,24,4,8,16,11,12,23,10,22],[21,1,17,5,9,13,24,4,8,16,12,23],[13,1,17,21,9,5,24,4,8,16,12,11,23,10,22],[5,21,9,17,13,1,4,24,8,16,12,11,23,10,22],[13,9,17,21,1,5,24,4,8,16,12,11,23,10,22],[9,13,5,1,21,17,24,4,8,16,12,23],[17,5,21,1,9,13,4,24,8,16,12,3,23],[1,17,5,9,13,21,4,24,8,16,12,3,23],[1,21,9,17,13,5,4,24,8,16,11,12,23,22,10],[5,21,17,9,1,13,4,24,8,16,12,11,23,10,22],[5,1,9,13,21,17,24,4,8,16,12,11,23,10,22],[13,17,1,21,9,5,24,4,8,16,12,23],[5,21,13,9,1,17,4,24,8,16,12,11,23,10,22],[21,17,1,9,13,5,4,24,8,16,12,11,23,10,22],[21,1,17,5,9,13,4,24,8,16,12,11,23,10,22],[21,13,5,1,9,17,4,24,8,16,12,23],[1,9,5,21,13,17,4,24,8,16,12,22],[17,9,5,13,21,1,24,4,8,16,12,23],[1,17,21,13,5,9,4,24,8,16,12,10,23],[17,13,1,5,9,21,4,24,8,16,12,11,23,22,10],[9,21,17,13,1,5,24,4,8,16,12,11,23,10,22],[17,1,9,5,13,21,4,24,8,16,12,11,23,22,10],[21,5,13,9,17,1,24,4,8,16,12,23],[5,21,17,9,1,13,24,4,8,16,3,23],[5,13,1,17,21,9,4,24,8,16,10,12,23],[17,13,21,1,5,9,4,24,8,16,10,12,23],[9,13,1,5,17,21,4,24,8,16,10,12,23],[1,17,5,13,21,9,4,24,8,16,12,2],[21,13,1,5,17,9,24,4,8,16,11,12,23,10,22],[13,17,1,9,21,5,4,24,8,16,12,23],[1,13,5,21,9,17,4,24,8,16,12,23],[21,1,5,9,17,13,4,24,8,16,12,23],[1,17,21,9,5,13,24,4,8,16,12,3,23],[17,5,1,13,9,21,24,4,8,16,12,11,23,22,10],[13,9,5,21,17,1,4,24,8,16,10,12,23],[1,5,17,13,21,9,4,24,8,16,11,12,23,10,22],[5,21,9,17,13,1,4,24,8,16,12,11,23,22,10],[1,9,13,5,17,21,24,4,8,16,10,12,23],[1,5,13,21,17,9,24,4,8,16,10,12,23],[5,9,17,13,21,1,4,24,8,16,12,11,23,22,10],[9,13,1,5,21,17,24,4,8,16,11,12,23,22,10],[9,13,21,17,1,5,24,4,8,16,11,12,23,22,10],[17,5,13,1,21,9,4,24,8,16,12,23],[9,21,13,17,1,5,4,24,8,16,12,3,23],[17,5,1,21,13,9,4,24,8,16,10,12,23],[5,21,9,13,1,17,24,4,8,16,12,11,23,10,22],[13,5,17,1,21,9,24,4,8,16,11,12,23,10,22],[17,1,5,9,13,21,24,4,8,16,12,23],[21,17,13,5,1,9,4,24,8,16,12,11,23,10,22],[13,5,1,21,9,17,4,24,8,16,12,11,23,22,10],[21,13,9,5,17,1,4,24,8,16,11,12,23,10,22],[21,13,5,9,1,17,24,4,8,16,11,12,23,22,10],[13,1,9,17,21,5,24,4,8,16,12,23],[1,13,17,9,5,21,24,4,8,16,10,12,23],[1,5,17,21,9,13,24,4,8,16,12,10,23],[5,1,17,13,21,9,4,24,8,16,10,12,23],[13,9,17,1,5,21,4,24,8,16,12,3,23],[5,21,1,9,17,13,24,4,8,16,12,23],[9,17,13,5,21,1,24,4,8,16,3,23],[1,13,21,9,17,5,4,24,8,16,12,23],[1,21,13,9,5,17,4,24,8,16,12,11,23,22,10],[1,21,13,5,9,17,4,24,8,16,12,11,23,22,10],[21,9,17,5,1,13,4,24,8,16,3,23],[17,13,5,1,21,9,24,4,8,16,11,12,23,22,10],[17,1,21,5,13,9,24,4,8,16,12,23],[1,5,21,9,13,17,4,24,8,16,12,23],[17,5,9,1,13,21,24,4,8,16,11,12,23,10,22],[5,9,13,1,17,21,24,4,8,16,12,11,23,22,10],[17,5,13,21,1,9,24,4,8,16,12,23],[9,1,13,21,17,5,4,24,8,16,12,11,23,22,10],[13,9,21,5,17,1,4,24,8,16,12,11,23,10,22],[9,13,5,17,21,1,24,4,8,16,12,11,23,22,10],[13,1,21,17,5,9,24,4,8,16,12,11,23,10,22],[13,5,17,1,9,21,24,4,8,16,10,12,23],[17,13,21,1,9,5,4,24,8,16,12,3,23],[9,21,13,5,1,17,24,4,8,16,10,12,23],[1,13,17,5,9,21,4,24,8,16,11,12,23,22,10],[1,5,21,13,17,9,24,4,8,16,12,23],[5,13,21,1,9,17,4,24,8,16,11,12,23,10,22],[5,21,1,9,17,13,4,24,8,16,12,11,23,10,22],[1,5,17,21,13,9,24,4,8,16,12,23],[21,1,13,5,9,17,24,4,8,16,12,11,23,22,10],[21,13,17,5,9,1,4,24,8,16,12,11,23,10,22],[9,5,13,1,17,21,4,24,8,16,12,23],[9,1,17,21,5,13,24,4,8,16,12,23],[13,1,21,5,9,17,24,4,8,16,12,11,23,10,22],[13,1,21,9,17,5,4,24,8,16,23],[1,17,21,5,13,9,4,24,8,16,10,12,23],[9,13,1,5,21,17,4,24,8,16,12,23],[21,1,17,5,13,9,4,24,8,16,11,12,23,22,10],[13,5,1,21,17,9,24,4,8,16,12,23],[9,1,21,5,13,17,4,24,8,16,12,23],[1,5,21,13,17,9,24,4,8,16,12,11,23,10,22],[21,9,13,17,5,1,24,4,8,16,12,23],[13,1,9,21,5,17,4,24,8,16,12,23],[13,9,17,1,5,21,4,24,8,16,12,23],[9,1,5,21,17,13,24,4,8,16,12,11,23,10,22],[9,13,17,21,5,1,24,4,8,16,12,11,23,10,22],[13,9,17,1,5,21,4,24,8,16,12,23],[9,1,17,21,5,13,4,24,8,16,12,23],[17,5,9,21,13,1,24,4,8,16,11,12,23,22,10],[1,9,17,13,21,5,24,4,8,16,12,23],[1,13,9,21,5,17,24,4,8,16,10,12,23],[5,1,9,21,17,13,24,4,8,16,12,23],[9,17,5,21,1,13,24,4,8,16,12,23],[17,1,9,5,13,21,24,4,8,16,11,12,23,22,10],[9,21,17,1,5,13,24,4,8,16,12,23],[1,5,9,13,21,17,24,4,8,16,12,11,23,10,22],[13,9,21,17,1,5,24,4,8,16,12,23],[1,13,17,9,21,5,24,4,8,16,12,23],[21,13,9,1,17,5,4,24,8,16,12,23],[1,17,21,5,9,13,4,24,8,16,12,23],[13,17,9,5,21,1,24,4,8,16,12,11,23,22,10],[17,1,5,21,13,9,24,4,8,16,12,11,23,22,10],[21,17,13,5,9,1,4,24,8,16,12,23],[13,9,21,17,1,5,4,24,8,16,12,23],[17,9,5,21,1,13,4,24,8,16,11,12,23,22,10],[17,9,5,1,21,13,4,24,8,16,11,12,23,10,22],[1,13,9,5,17,21,24,4,8,16,12,3,23],[1,17,9,21,5,13,24,4,8,16,12,11,23,22,10],[1,5,17,9,21,13,24,4,8,16,10,12,23],[13,9,17,5,21,1,24,4,8,16,12,23],[21,1,13,9,17,5,24,4,8,16,12,23],[17,1,5,21,9,13,4,24,8,16,11,12,23,22,10],[9,1,5,13,17,21,4,24,8,16,12,23],[13,21,1,5,9,17,24,4,8,16,12,23],[21,17,9,5,13,1,24,4,8,16,10,12,23],[17,9,1,13,21,5,4,24,8,16,12,11,23,10,22],[9,1,5,13,17,21,24,4,8,16,12,23],[13,21,1,9,17,5,4,24,8,16,11,12,23,22,10],[1,17,5,9,21,13,4,24,8,16,12,11,23,22,10],[5,17,13,1,9,21,4,24,16,8,12,23],[21,17,5,13,1,9,4,24,8,16,12,23],[17,5,21,1,9,13,24,4,8,16,12,11,23,22,10],[5,1,21,9,17,13,24,4,8,16,12,23],[17,9,13,1,21,5,4,24,8,16,12,11,23,22,10],[1,17,13,9,21,5,4,24,8,16,12,11,23,22,10],[9,1,17,13,5,21,4,24,8,16,12,11,23,10,22],[5,21,13,17,1,9,24,4,8,16,12,11,23,10,22],[9,13,17,21,1,5,24,4,8,16,12,23],[17,9,1,13,21,5,24,4,8,16,12,11,23,10,22],[5,21,13,17,1,9,4,24,8,16,12,23],[21,13,17,1,9,5,4,24,8,16,12,11,23,10,22],[13,17,21,5,1,9,4,24,8,16,12,11,23,10,22],[17,9,13,5,21,1,24,4,8,16,12,11,23,22,10],[17,9,5,13,21,1,4,24,8,16,11,12,23,22,10],[9,21,1,5,13,17,24,4,8,16,12,3,23],[17,13,5,9,1,21,24,4,8,16,12,3,23],[5,1,9,21,17,13,4,24,8,16,12,11,23,10,22],[17,9,1,21,13,5,24,4,8,16,10,12,23],[5,1,9,21,13,17,24,4,8,16,12,23],[13,5,1,21,9,17,24,4,8,16,11,12,23,22,10],[17,1,21,9,5,13,24,4,8,16,12,3,23],[5,13,9,21,17,1,4,24,8,16,12,11,23,22,10],[21,17,9,13,1,5,24,4,8,16,12,11,23,22,10],[1,9,17,13,5,21,24,4,8,16,12,23],[9,17,21,13,5,1,24,4,8,16,12,11,23,22,10],[21,17,1,13,9,5,24,4,8,16,12,11,23,10,22],[13,17,5,9,1,21,4,24,8,16,12,23],[9,17,21,5,1,13,24,4,8,16,12,11,23,22,10],[1,17,13,21,9,5,4,24,8,16,12,23],[1,21,17,5,13,9,24,4,8,16,11,12,23,22,10],[17,9,5,1,13,21,4,24,8,16,12,11,23,22,10],[17,21,5,1,13,9,24,4,8,16,11,12,23,10,22],[1,13,17,21,5,9,24,4,8,16,11,12,23,22,10],[9,13,21,1,17,5,4,24,8,16,10,12,23],[13,21,9,17,1,5,24,4,8,16,3,23],[17,1,21,5,9,13,24,4,8,16,12,11,23,22,10],[5,21,9,13,17,1,4,24,8,16,10,12,23],[21,1,13,5,9,17,24,4,8,16,12,11,23,10,22],[21,1,17,9,5,13,4,24,8,16,11,12,23,10,22],[13,1,9,21,17,5,24,4,8,16,12,3,23],[21,5,1,9,13,17,24,4,8,16,12,11,23,10,22],[1,17,13,21,9,5,24,4,8,16,12,11,23,22,10],[13,21,5,17,9,1,4,24,8,16,12,23],[1,13,5,9,21,17,24,4,8,16,10,12,23],[9,5,17,1,21,13,4,24,8,16,12,11,23,22,10],[1,21,13,17,5,9,4,24,8,16,11,12,23,10,22],[1,9,13,17,5,21,4,24,8,16,11,12,23,10,22],[1,13,9,17,5,21,4,24,8,16,11,12,23,10,22],[13,9,1,21,17,5,4,24,8,16,12,23],[9,21,17,13,1,5,24,4,8,16,12,23],[1,9,21,5,13,17,24,4,8,16,12,11,23,22,10],[5,21,17,1,9,13,4,24,8,16,12,11,23,10,22],[17,13,21,9,1,5,4,24,8,16,12,11,23,10,22],[17,13,9,21,1,5,24,4,8,16,12,11,23,10,22],[1,5,21,17,9,13,4,24,8,16,12,11,23,10,22],[17,9,1,21,5,13,24,4,8,16,12,23],[9,5,17,13,21,1,4,24,8,16,12,11,23,22,10],[5,21,17,1,9,13,24,4,8,16,10,12,23],[5,1,9,13,17,21,24,4,8,16,12,23],[9,1,13,17,5,21,4,24,8,16,3,23],[9,17,1,5,21,13,24,4,8,16,10,12,23],[9,21,13,5,1,17,24,4,8,16,12,3,23],[1,5,13,17,21,9,4,24,8,16,10,12,23],[5,21,9,13,1,17,24,4,8,16,10,11,12,23,22],[13,1,9,5,17,21,4,24,8,16,23],[13,5,21,1,17,9,24,4,8,16,12,23],[13,17,1,21,9,5,4,24,8,16,12,23],[13,21,17,1,9,5,4,24,8,16,10,12,23],[1,21,5,9,17,13,24,4,8,16,12,11,23,22,10],[9,5,13,17,1,21,4,24,8,16,12,11,23,22,10],[1,13,5,9,17,21,24,4,8,16,12,23],[13,1,17,9,5,21,4,24,8,16,12,23],[1,21,5,13,9,17,24,4,8,16,10,12,23],[9,1,5,21,17,13,4,24,8,16,10,12,23],[5,13,17,9,1,21,4,24,8,16,10,12,23],[21,9,1,5,13,17,24,4,8,16,12,23],[21,9,5,17,1,13,4,24,8,16,12,23],[13,1,9,17,5,21,24,4,8,16,12,23],[5,9,13,1,21,17,4,24,8,16,12,11,23,10,22],[9,13,21,1,17,5,4,24,8,16,12,23],[17,5,1,9,21,13,4,24,8,16,12,23],[21,9,1,17,5,13,24,4,8,16,12,11,23,22,10],[17,9,13,1,21,5,4,24,8,16,12,11,23,22,10],[13,17,9,21,5,1,4,24,8,16,12,23],[17,5,21,13,1,9,4,24,8,16,11,12,23,22,10],[9,13,5,21,1,17,24,4,8,16,11,12,23,10,22],[1,13,9,17,21,5,24,4,8,16,12,3,23],[1,13,9,5,17,21,4,24,8,16,12,11,23,10,22],[13,5,17,9,1,21,24,4,8,16,12,11,23,10,22],[13,1,9,21,5,17,24,4,8,16,12,23],[17,13,1,5,21,9,24,4,8,16,12,23],[5,1,9,21,13,17,24,4,8,16,12,23],[5,21,13,1,9,17,24,4,8,16,12,23],[5,17,9,1,13,21,4,24,8,16,12,11,23,10,22],[13,17,1,9,21,5,24,4,8,16,10,12,23],[21,17,9,1,13,5,4,24,8,16,22],[5,9,13,1,21,17,4,24,8,16,12,11,23,22,10],[1,9,5,21,17,13,24,4,8,16,12,23],[9,1,17,5,21,13,24,4,8,16,10,12,23],[1,17,13,5,21,9,24,4,8,16,12,11,23,22,10],[9,21,13,1,17,5,24,4,8,16,12,23],[1,9,21,17,13,5,4,24,8,16,12,3,23],[13,21,5,1,17,9,24,4,8,16,12,11,23,22,10],[21,13,5,9,17,1,24,4,8,16,12,11,23,22,10],[9,17,1,5,13,21,4,24,8,16,11,12,23,22,10],[9,17,13,21,5,1,4,24,8,16,12,23],[5,17,1,9,13,21,4,24,8,16,10,12,23],[1,5,13,21,9,17,24,4,8,16,11,12,23,22,10],[21,9,13,5,17,1,4,24,8,16,12,23],[5,13,9,1,21,17,4,24,8,16,12,23],[21,5,9,13,17,1,4,24,8,16,12,2],[5,17,13,21,1,9,4,24,8,16,12,11,23,22,10],[13,9,17,21,1,5,24,4,8,16,10,12,23],[1,9,21,17,13,5,24,4,8,16,12,11,23,22,10],[21,5,1,17,9,13,24,4,8,16,11,12,23,10,22],[1,9,5,21,17,13,4,24,8,16,12,11,23,10,22],[21,9,13,5,1,17,24,4,8,16,12,11,23,10,22],[5,13,17,1,21,9,4,24,8,16,10,12,23],[17,9,5,13,1,21,4,24,8,16,12,11,23,22,10],[5,17,9,13,1,21,24,4,8,16,12,11,23,22,10],[13,21,9,1,17,5,24,4,8,16,12,3,23],[17,21,9,13,1,5,24,4,8,16,12,23],[13,17,21,1,9,5,24,4,8,16,12,23],[13,17,21,1,5,9,24,4,8,16,12,23],[21,17,5,1,13,9,24,4,8,16,12,23],[5,17,1,13,21,9,24,4,8,16,12,23],[9,17,1,5,21,13,24,4,8,16,12,10,23],[21,1,9,17,13,5,24,4,8,16,12,3,23],[5,17,13,21,1,9,4,24,8,16,12,11,23,10,22],[13,17,21,9,5,1,4,24,8,16,12,11,23,10,22],[17,9,5,1,13,21,4,24,8,16,12,23],[21,1,9,13,17,5,4,24,8,16,10,12,23],[17,1,9,21,5,13,4,24,8,16,12,11,23,22,10],[21,1,13,5,9,17,4,24,8,16,12,23],[1,17,5,21,9,13,24,4,8,16,12,11,23,22,10],[9,1,13,5,17,21,24,4,8,16,12,3,23],[1,5,17,13,21,9,24,4,8,16,11,12,23,22,10],[5,21,9,17,13,1,4,24,8,16,12,11,23,22,10],[1,9,5,17,13,21,4,24,8,16,10,12,23],[13,5,9,21,17,1,24,4,8,16,12,23],[21,17,13,9,5,1,4,24,8,16,12,3,23],[17,13,5,21,1,9,24,4,8,16,12,11,23,22,10],[9,1,17,21,5,13,4,24,8,16,11,12,23,10,22],[17,21,13,5,1,9,4,24,8,16,12,23],[21,17,9,5,13,1,4,24,8,16,12,11,23,10,22],[13,17,21,9,1,5,24,4,8,16,12,11,23,10,22],[5,1,13,21,17,9,4,24,8,16,12,2],[5,17,13,9,1,21,24,4,8,16,12,11,23,10,22],[1,5,21,17,9,13,24,4,8,16,12,11,23,10,22],[21,13,5,9,1,17,4,24,8,16,12,11,23,10,22],[21,9,1,5,17,13,24,4,8,16,12,23],[9,21,17,13,1,5,4,24,8,16,12,23],[17,1,21,13,9,5,4,24,8,16,12,3,23],[5,1,13,21,17,9,24,4,8,16,12,11,23,22,10],[21,13,1,5,17,9,24,4,8,16,12,23],[5,9,1,17,13,21,4,24,8,16,12,11,23,22,10],[17,9,5,1,13,21,4,24,8,16,12,3,23],[5,1,13,17,9,21,4,24,8,16,10,12,23],[5,9,1,17,13,21,24,4,16,8,10,12,23],[21,17,5,13,9,1,24,4,8,16,12,11,23,10,22],[1,13,9,5,21,17,24,4,8,16,12,23],[13,1,9,17,5,21,4,24,8,16,12,11,23,22,10],[9,13,17,5,1,21,24,4,8,16,12,23],[13,1,9,17,21,5,24,4,8,16,12,11,23,10,22],[9,5,21,1,13,17,4,24,8,16,10,12,23],[1,17,13,21,5,9,24,4,8,16,12,11,23,22,10],[5,1,21,13,17,9,24,4,8,16,12,11,23,10,22],[9,21,5,1,17,13,24,4,8,16,12,11,23,22,10],[1,21,13,17,9,5,24,4,8,16,12,11,23,10,22],[5,13,9,1,21,17,24,4,8,16,12,23],[21,1,5,13,17,9,24,4,8,16,11,12,23,10,22],[21,13,1,17,9,5,4,24,8,16,12,11,23,22,10],[13,17,21,5,9,1,24,4,8,16,12,11,23,10,22],[21,5,9,1,13,17,24,4,8,16,12,23],[9,13,5,1,17,21,24,4,8,16,10,12,23],[13,5,1,9,17,21,24,4,8,16,12,23],[9,5,1,21,13,17,4,24,8,16,12,23],[1,9,17,5,21,13,24,4,8,16,12,11,23,10,22],[17,1,13,21,9,5,24,4,8,16,11,12,23,10,22],[17,9,21,1,5,13,24,4,8,16,12,23],[13,9,17,1,21,5,24,4,8,16,12,23],[9,21,5,13,17,1,24,4,8,16,12,11,23,10,22],[17,1,5,21,9,13,4,24,8,16,11,12,23,10,22],[9,17,1,13,21,5,4,24,8,16,11,12,23,22,10],[9,21,5,13,17,1,4,24,8,16,12,11,23,10,22],[21,5,13,9,1,17,4,24,8,16,11,12,23,10,22],[5,9,1,17,21,13,4,24,8,16,12,11,23,22,10],[9,21,13,1,17,5,24,4,8,16,12,23],[21,1,5,9,13,17,4,24,8,16,12,23],[21,5,9,13,17,1,24,4,16,8,12,11,23,22,10],[1,5,13,21,9,17,4,24,8,16,12,23],[13,1,17,9,21,5,24,4,8,16,12,11,23,10,22],[5,17,13,1,21,9,24,4,8,16,12,11,23,10,22],[9,13,5,21,1,17,4,24,8,16,12,23],[5,9,21,17,13,1,4,24,8,16,12,23],[13,9,1,5,17,21,24,4,8,16,11,12,23,10,22],[1,17,13,21,9,5,4,24,8,16,12,11,23,10,22],[1,5,17,9,21,13,24,4,8,16,12,11,23,22,10],[9,1,21,13,17,5,4,24,8,16,12,11,23,10,22],[13,17,9,1,21,5,4,24,8,16,10,12,23],[13,21,5,17,9,1,24,4,8,16,12,23],[9,13,17,21,5,1,4,24,8,16,12,23],[13,5,17,1,9,21,24,4,8,16,12,11,23,10,22],[13,9,1,5,21,17,4,24,8,16,11,12,23,10,22],[9,17,5,1,13,21,4,24,8,16,12,23],[9,17,1,13,21,5,4,24,8,16,12,10,23],[5,1,21,13,17,9,4,24,8,16,12,11,23,10,22],[1,21,9,5,17,13,24,4,8,16,10,12,23],[21,1,17,5,9,13,4,24,8,16,11,12,23,10,22],[1,13,21,17,9,5,24,4,8,16,12,23],[5,17,9,1,13,21,24,4,8,16,10,12,23],[9,21,17,5,1,13,24,4,8,16,11,12,23,10,22],[17,5,13,21,9,1,24,4,8,16,12,11,23,10,22],[1,9,21,13,17,5,4,24,8,16,12,11,23,10,22],[9,21,5,17,13,1,24,4,8,16,12,23],[13,21,9,1,5,17,24,4,8,16,12,11,23,10,22],[13,5,17,1,21,9,4,24,8,16,12,11,23,22,10],[9,17,21,5,13,1,4,24,8,16,12,23],[1,5,21,13,17,9,24,4,8,16,12,22],[21,1,5,9,13,17,4,24,8,16,12,11,23,22,10],[9,13,1,17,21,5,4,24,8,16,11,12,23,22,10],[1,21,9,17,13,5,24,4,8,16,12,11,23,22,10],[21,1,17,5,9,13,24,4,8,16,12,23],[13,9,21,17,1,5,4,24,8,16],[17,21,1,5,13,9,24,4,8,16,11,12,23,22,10],[1,13,21,9,17,5,24,4,8,16,12,11,23,22,10],[5,13,21,9,1,17,24,4,8,16,12,11,23,22,10],[21,5,9,17,13,1,24,4,8,16,12,11,23,10,22],[21,5,1,17,13,9,4,24,8,16,12,11,23,10,22],[5,1,17,21,9,13,4,24,8,16,11,12,23,22,10],[9,1,13,17,5,21,4,24,8,16,12,11,23,22,10],[21,1,13,17,5,9,4,24,8,16,10,12,23],[17,1,9,21,5,13,24,4,8,16],[5,13,9,1,17,21,24,4,8,16,10,11,12,23,22],[5,17,9,21,13,1,4,24,8,16,12,23],[1,17,5,13,9,21,4,24,8,16,12,23],[9,21,13,1,17,5,24,4,8,16,12,23],[13,1,21,5,9,17,4,24,8,16,12,23],[17,1,13,9,5,21,24,4,8,16,12,23],[13,9,21,17,5,1,4,24,8,16,12,11,23,22,10],[9,1,5,13,21,17,4,24,8,16,12,23],[9,13,21,5,1,17,4,24,8,16,12,11,23,22,10],[13,9,17,1,5,21,4,24,8,16,12,11,23,10,22]],"n_human":8}