{"problem_id":"8xTWpNL9dxfOvpi","sigma":150,"alpha":3.162,"cost":1,"probabilities":"[0.14, 0.37, 0.11, 0.38]","payoff_matrix":"[[77, -83, 98, 180, 155, 72], [122, -281, -8, -69, 46, 106], [-120, -22, -74, -1, -2, 65], [107, 21, -206, 85, 86, 32]]","uncovered":[[24,20,18,8,16,14,12,4,2,22,6,1],[16,12,20,14,24,18,8,4,2,22,6,1],[4,16,14,8,24,12,22,2,20,18,6,21,1],[16,8,24,22,14,12,4,2,20,18,6,1],[24,4,22,2,20,18,8,12,16,14,6,21,1],[16,4,2,14,8,20,18,12,24,22,6,1],[12,8,24,20,18,4,2,16,14,22,6,21,1],[8,16,24,22,14,12,4,2,20,18,6,21,1],[12,24,20,18,16,14,4,2,8,22,6,1],[4,20,18,2,8,24,12,16,14,22,6,1],[4,8,16,14,12,20,2,18,24,22,6,1],[12,4,24,20,2,18,16,14,8,22,6,21,1],[4,12,20,18,2,24,8,16,14,22,6,1],[20,24,22,18,4,2,16,14,12,8,6,1],[12,8,4,16,2,14,24,20,18,22,6,21,1],[24,16,14,12,8,4,20,18,2,22,6,1],[8,4,24,16,14,20,18,2,12,22,6,21,1],[16,12,24,22,14,4,2,8,20,18,6,1],[8,16,4,2,14,12,24,20,18,22,6,21,1],[16,24,14,12,20,22,18,4,2,8,6,21,1],[20,24,18,4,2,8,16,14,12,22,6,21,1],[4,20,2,18,12,16,14,8,24,22,6,21,1],[8,24,16,14,4,12,20,18,2,22,6,1],[24,4,20,2,18,12,8,16,14,22,6,21,1],[8,20,16,14,24,18,4,2,12,22,6,1],[8,12,4,20,18,2,24,16,14,22,6,21,1],[12,8,4,20,2,18,24,16,14,22,6,21,1],[8,16,4,14,24,20,18,2,12,22,6,21,1],[20,4,18,2,8,12,24,16,14,22,6,1],[12,24,16,22,14,4,2,8,20,18,6,1],[12,8,20,4,2,18,24,16,14,22,6,1],[8,20,12,24,22,18,4,2,16,14,6,1],[4,20,2,18,12,16,14,24,8,22,6,21,1],[8,24,16,14,4,12,22,2,20,18,6,21,1],[20,24,18,12,8,4,2,16,14,22,6,1],[4,20,18,2,12,8,24,16,14,22,6,1],[16,8,20,14,24,22,18,12,4,2,6,1],[4,20,18,2,16,14,24,8,12,22,6,21,1],[16,8,12,24,14,4,22,2,20,18,6,1],[8,16,12,20,14,4,18,2,24,22,6,1],[20,4,2,18,16,14,8,12,24,22,6,21,1],[4,24,16,14,12,20,2,18,8,22,6,21,1],[24,12,20,22,18,16,14,4,2,8,6,1],[8,16,4,14,24,20,2,18,12,22,6,21,1],[12,8,4,20,18,2,16,14,24,22,6,21,1],[12,16,24,22,14,8,4,2,20,18,6,21,1],[8,4,16,14,24,12,20,2,18,22,6,1],[12,24,16,22,14,20,18,8,4,2,6,1],[20,16,18,14,4,2,24,8,12,22,6,1],[12,8,16,20,18,14,24,4,2,22,6,21,1],[24,16,22,14,8,20,18,4,2,12,6,1],[4,12,16,2,14,8,20,18,24,22,6,1],[16,20,14,4,18,2,12,8,24,22,6,21,1],[12,16,8,20,14,4,2,18,24,22,6,1],[16,24,22,14,12,20,18,4,2,8,6,21,1],[8,24,4,16,14,12,22,2,20,18,6,21,1],[12,20,16,14,8,24,18,4,2,22,6,1],[20,16,18,14,12,8,24,4,2,22,6,1],[8,4,20,18,2,16,14,24,12,22,6,1],[16,20,14,12,24,22,18,8,4,2,6,21,1],[4,16,2,14,24,8,12,20,18,22,6,21,1],[12,24,20,22,18,4,2,8,16,14,6,21,1],[24,8,4,20,2,18,16,14,12,22,6,21,1],[4,20,18,2,12,24,16,14,8,22,6,21,1],[4,16,2,14,12,20,18,8,24,22,6,1],[16,4,2,14,8,20,18,12,24,22,6,1],[24,8,12,4,22,2,20,18,16,14,6,1],[12,4,16,14,8,20,2,18,24,22,6,21,1],[12,4,20,18,2,8,24,16,14,22,6,21,1],[4,24,2,16,14,12,20,18,8,22,6,21,1],[20,12,24,22,18,16,14,8,4,2,6,1],[4,12,8,16,2,14,24,20,18,22,6,1],[20,8,24,22,18,12,4,2,16,14,6,1],[4,24,22,2,8,12,16,14,20,18,6,1],[16,8,24,22,14,20,18,4,2,12,6,1],[8,20,16,18,14,12,24,4,2,22,6,1],[20,16,18,14,8,4,2,24,12,22,6,1],[8,12,20,24,18,16,14,4,2,22,6,1],[20,4,2,18,8,24,12,16,14,22,6,21,1],[12,24,8,16,14,4,2,20,18,22,6,21,1],[12,20,8,4,2,18,16,14,24,22,6,1],[16,8,24,22,14,12,4,2,20,18,6,1],[8,12,4,20,2,18,24,16,14,22,6,1],[24,8,12,4,22,2,16,14,20,18,6,21,1],[20,4,18,2,8,24,16,14,12,22,6,21,1],[8,24,4,16,14,2,12,20,18,22,6,21,1],[24,4,12,16,14,22,2,8,20,18,6,21,1],[20,4,2,18,8,12,24,16,14,22,6,1],[24,20,22,18,4,2,8,12,16,14,6,1],[16,12,8,24,14,4,22,2,20,18,6,1],[20,8,12,16,18,14,4,2,24,22,6,21,1],[8,16,24,22,14,4,2,12,20,18,6,21,1],[20,4,18,2,8,16,14,12,24,22,6,21,1],[12,16,4,2,14,20,18,24,8,22,6,1],[12,8,24,4,20,2,18,16,14,22,6,1],[16,20,18,14,8,4,2,24,12,22,6,1],[8,24,20,22,18,4,2,12,16,14,6,1],[12,4,24,16,14,20,2,18,8,22,6,1],[24,4,2,12,8,20,18,16,14,22,6,1],[20,24,22,18,4,2,12,8,16,14,6,1],[4,16,2,14,24,12,8,20,18,22,6,1],[16,12,8,4,2,14,24,20,18,22,6,1],[12,20,8,24,18,4,2,16,14,22,6,21,1],[12,24,4,8,16,14,22,2,20,18,6,1],[20,16,18,14,12,24,4,2,8,22,6,1],[8,24,20,22,18,4,2,16,14,12,6,21,1],[8,24,16,22,14,20,18,12,4,2,6,1],[20,12,4,18,2,16,14,24,8,22,6,1],[4,8,24,16,14,22,2,20,18,12,6,1],[24,20,22,18,4,2,8,16,14,12,6,21,1],[8,16,4,14,12,20,18,2,24,22,6,1],[12,24,4,8,16,2,14,20,18,22,6,21,1],[4,12,24,16,2,14,20,18,8,22,6,1],[4,12,20,2,18,8,24,16,14,22,6,1],[24,4,8,16,2,14,20,18,12,22,6,1],[12,8,4,16,14,24,20,18,2,22,6,21,1],[8,4,16,2,14,12,24,20,18,22,6,21,1],[4,20,2,18,16,14,8,12,24,22,6,21,1],[12,20,8,4,2,18,24,16,14,22,6,1],[24,20,22,18,8,4,2,12,16,14,6,1],[16,8,12,24,22,14,20,18,4,2,6,1],[20,24,18,12,16,14,4,2,8,22,6,21,1],[24,4,20,2,18,12,8,16,14,22,6,1],[4,24,8,2,12,20,18,16,14,22,6,1],[8,12,24,20,18,16,14,4,2,22,6,21,1],[24,16,14,20,18,12,4,2,8,22,6,21,1],[24,16,22,14,4,2,20,18,8,12,6,1],[8,24,16,22,14,4,2,12,20,18,6,1],[12,16,20,14,4,18,2,8,24,22,6,21,1],[16,24,22,14,20,18,4,2,8,12,6,21,1],[4,12,16,14,8,20,18,2,24,22,6,21,1],[20,4,18,2,24,8,16,14,12,22,6,21,1],[20,24,22,18,8,12,4,2,16,14,6,21,1],[20,24,22,18,12,16,14,8,4,2,6,21,1],[16,20,18,14,24,8,4,2,12,22,6,21,1],[4,16,2,14,20,18,12,24,8,22,6,21,1],[16,12,8,4,2,14,24,20,18,22,6,21,1],[24,8,12,4,22,2,16,14,20,18,6,1],[24,4,20,2,18,12,16,14,8,22,6,1],[24,20,22,18,8,4,2,12,16,14,6,1],[24,20,18,4,2,16,14,12,8,22,6,1],[16,20,14,24,22,18,8,12,4,2,6,21,1],[12,8,20,24,22,18,16,14,4,2,6,1],[4,16,2,14,20,18,8,12,24,22,6,1],[20,4,18,2,16,14,24,12,8,22,6,21,1],[8,20,12,4,18,2,24,16,14,22,6,21,1],[20,12,8,24,18,16,14,4,2,22,6,21,1],[8,4,16,2,14,12,24,20,18,22,6,21,1],[12,24,20,22,18,4,2,16,14,8,6,1],[20,8,4,18,2,12,16,14,24,22,6,21,1],[24,16,14,12,4,8,20,18,2,22,6,21,1],[20,8,16,18,14,12,24,4,2,22,6,21,1],[4,20,2,18,12,16,14,24,8,22,6,1],[12,20,8,16,18,14,24,4,2,22,6,21,1],[24,16,14,20,22,18,12,8,4,2,6,1],[12,24,8,4,20,2,18,16,14,22,6,1],[16,4,2,14,8,12,24,20,18,22,6,21,1],[16,20,14,4,2,18,8,24,12,22,6,21,1],[24,20,22,18,4,2,12,8,16,14,6,1],[20,12,24,18,4,2,16,14,8,22,6,21,1],[16,12,20,18,14,8,24,4,2,22,6,21,1],[4,24,8,2,12,20,18,16,14,22,6,21,1],[16,8,20,18,14,12,4,2,24,22,6,1],[12,4,20,2,18,16,14,24,8,22,6,1],[4,16,14,20,18,2,8,24,12,22,6,21,1],[8,20,12,16,18,14,24,4,2,22,6,21,1],[24,16,22,14,8,20,18,4,2,12,6,21,1],[4,24,12,20,2,18,8,16,14,22,6,1],[16,4,14,8,12,20,18,2,24,22,6,21,1],[20,4,18,2,12,24,8,16,14,22,6,21,1],[12,20,16,14,4,2,18,24,8,22,6,21,1],[12,4,20,2,18,16,14,8,24,22,6,21,1],[8,4,24,20,18,2,16,14,12,22,6,1],[24,12,16,14,8,20,22,18,4,2,6,1],[24,4,22,2,8,16,14,12,20,18,6,1],[12,8,4,16,2,14,24,20,18,22,6,21,1],[12,20,8,4,2,18,24,16,14,22,6,21,1],[16,4,2,14,12,8,20,18,24,22,6,21,1],[20,8,24,22,18,12,16,14,4,2,6,1],[16,20,14,12,4,2,18,8,24,22,6,1],[20,16,14,12,8,24,18,4,2,22,6,21,1],[16,8,12,20,18,14,24,4,2,22,6,21,1],[16,8,24,22,14,12,20,18,4,2,6,21,1],[20,8,12,24,22,18,4,2,16,14,6,1],[16,20,14,24,18,8,12,4,2,22,6,1],[20,12,24,22,18,8,4,2,16,14,6,21,1],[8,16,4,14,24,22,2,12,20,18,6,1],[16,24,22,14,8,20,18,4,2,12,6,1],[20,8,16,14,24,22,18,4,2,12,6,1],[24,8,16,14,20,22,18,12,4,2,6,1],[16,8,4,2,14,20,18,12,24,22,6,21,1],[16,12,20,14,24,18,8,4,2,22,6,1],[12,20,24,18,16,14,4,2,8,22,6,1],[20,24,22,18,8,4,2,16,14,12,6,1],[20,8,12,4,18,2,24,16,14,22,6,21,1],[4,24,12,8,16,2,14,20,18,22,6,1],[4,8,20,2,18,24,12,16,14,22,6,1],[16,12,4,14,8,24,22,2,20,18,6,21,1],[16,4,2,14,8,12,24,20,18,22,6,21,1],[16,4,14,12,8,20,18,2,24,22,6,21,1],[20,16,18,14,12,8,4,2,24,22,6,1],[24,20,18,4,2,8,12,16,14,22,6,1],[24,4,22,2,20,18,8,16,14,12,6,21,1],[16,24,22,14,8,4,2,12,20,18,6,21,1],[20,24,22,18,8,4,2,16,14,12,6,21,1],[4,24,2,8,16,14,20,18,12,22,6,21,1],[24,8,16,22,14,4,2,20,18,12,6,1],[12,8,20,16,18,14,4,2,24,22,6,21,1],[8,12,16,4,2,14,24,20,18,22,6,1],[4,16,2,14,24,20,18,8,12,22,6,1],[24,8,12,20,18,16,14,4,2,22,6,21,1],[16,8,4,14,24,12,22,2,20,18,6,21,1],[20,8,12,16,18,14,4,2,24,22,6,21,1],[24,16,14,12,8,20,18,4,2,22,6,21,1],[12,20,4,18,2,16,14,24,8,22,6,1],[8,16,12,4,2,14,20,18,24,22,6,21,1],[20,16,14,12,24,18,4,2,8,22,6,1],[20,24,18,12,8,16,14,4,2,22,6,21,1],[24,20,22,18,8,16,14,12,4,2,6,1],[8,20,16,14,24,18,4,2,12,22,6,1],[24,8,12,20,22,18,4,2,16,14,6,21,1],[20,16,18,14,8,12,4,2,24,22,6,1],[20,24,22,18,4,2,16,14,8,12,6,21,1],[20,12,8,16,18,14,4,2,24,22,6,21,1],[12,20,24,22,18,16,14,4,2,8,6,1],[24,4,20,18,2,8,12,16,14,22,6,21,1],[8,16,24,22,14,20,18,12,4,2,6,21,1],[4,16,2,14,24,20,18,8,12,22,6,21,1],[20,12,16,18,14,8,4,2,24,22,6,21,1],[12,20,8,4,2,18,24,16,14,22,6,1],[24,4,8,22,2,16,14,20,18,12,6,21,1],[8,4,16,2,14,20,18,24,12,22,6,21,1],[24,8,12,20,22,18,16,14,4,2,6,1],[20,8,4,18,2,16,14,24,12,22,6,21,1],[4,16,2,14,24,20,18,8,12,22,6,1],[4,20,2,18,16,14,24,12,8,22,6,21,1],[16,8,12,4,2,14,20,18,24,22,6,21,1],[12,4,20,18,2,8,24,16,14,22,6,1],[4,16,14,12,20,18,2,24,8,22,6,21,1],[8,20,12,4,18,2,16,14,24,22,6,1],[16,8,4,2,14,20,18,24,12,22,6,21,1],[12,16,24,14,4,20,18,2,8,22,6,1],[24,20,22,18,16,14,8,4,2,12,6,1],[24,16,22,14,8,20,18,4,2,12,6,1],[24,8,16,22,14,20,18,12,4,2,6,1],[24,8,16,14,4,12,2,20,18,22,6,21,1],[4,8,24,20,18,2,12,16,14,22,6,21,1],[8,16,20,14,4,18,2,12,24,22,6,1],[16,8,20,18,14,4,2,24,12,22,6,1],[24,16,14,20,22,18,8,12,4,2,6,1],[24,16,14,8,20,22,18,4,2,12,6,1],[16,20,18,14,24,8,12,4,2,22,6,1],[24,8,16,22,14,20,18,12,4,2,6,1],[12,20,24,18,16,14,4,2,8,22,6,21,1],[16,8,12,4,14,24,2,20,18,22,6,1],[4,20,18,2,16,14,24,8,12,22,6,1],[8,16,4,14,20,2,18,12,24,22,6,21,1],[16,4,2,14,24,20,18,12,8,22,6,21,1],[8,20,16,14,24,18,12,4,2,22,6,21,1],[12,8,4,16,14,20,18,2,24,22,6,21,1],[20,12,16,18,14,24,4,2,8,22,6,1],[16,12,20,14,4,18,2,24,8,22,6,1],[4,12,20,2,18,24,8,16,14,22,6,1],[24,16,14,4,20,18,2,12,8,22,6,1],[12,16,8,24,14,20,18,4,2,22,6,1],[16,20,14,4,2,18,24,8,12,22,6,21,1],[24,12,4,8,20,18,2,16,14,22,6,21,1],[8,4,20,18,2,24,12,16,14,22,6,1],[8,16,4,2,14,24,20,18,12,22,6,21,1],[4,24,2,12,16,14,8,20,18,22,6,1],[16,24,22,14,4,2,20,18,8,12,6,1],[4,20,18,2,16,14,12,8,24,22,6,21,1],[4,24,8,20,18,2,16,14,12,22,6,1],[4,16,14,24,8,20,18,2,12,22,6,21,1],[24,16,14,8,20,18,12,4,2,22,6,21,1],[8,16,4,14,20,2,18,24,12,22,6,1],[4,12,24,22,2,16,14,20,18,8,6,21,1],[24,12,4,8,16,2,14,20,18,22,6,21,1],[8,12,16,20,18,14,24,4,2,22,6,1],[12,24,8,20,22,18,16,14,4,2,6,1],[12,8,4,24,20,2,18,16,14,22,6,21,1],[16,8,12,20,18,14,4,2,24,22,6,21,1],[24,16,14,8,4,20,18,2,12,22,6,21,1],[4,16,2,14,12,24,8,20,18,22,6,1],[16,24,14,20,22,18,8,4,2,12,6,21,1],[20,4,18,2,8,16,14,24,12,22,6,1],[12,24,8,4,16,2,14,20,18,22,6,1],[16,24,22,14,4,2,8,12,20,18,6,1],[12,16,8,20,14,4,18,2,24,22,6,1],[12,24,16,14,20,18,4,2,8,22,6,21,1],[16,4,2,14,12,8,20,18,24,22,6,1],[16,20,18,14,4,2,12,24,8,22,6,21,1],[12,16,20,14,4,18,2,8,24,22,6,1],[20,8,12,24,18,16,14,4,2,22,6,1],[4,8,24,2,12,16,14,20,18,22,6,1],[8,16,20,14,24,22,18,12,4,2,6,21,1],[8,20,24,18,16,14,12,4,2,22,6,1],[16,24,22,14,8,4,2,20,18,12,6,21,1],[20,24,22,18,8,4,2,12,16,14,6,1],[20,8,4,18,2,16,14,12,24,22,6,21,1],[24,16,14,8,12,4,2,20,18,22,6,1],[12,8,24,20,18,4,2,16,14,22,6,1],[24,16,14,20,18,4,2,8,12,22,6,21,1],[4,8,20,2,18,24,12,16,14,22,6,21,1],[16,24,22,14,4,2,12,8,20,18,6,21,1],[24,12,4,2,16,14,8,20,18,22,6,1],[16,4,14,8,20,18,2,24,12,22,6,21,1],[20,12,24,22,18,4,2,16,14,8,6,1],[20,12,24,18,8,4,2,16,14,22,6,1],[16,24,14,4,12,20,2,18,8,22,6,21,1],[20,12,24,18,4,2,16,14,8,22,6,21,1],[16,4,14,20,18,2,12,8,24,22,6,1],[4,24,22,2,20,18,12,8,16,14,6,21,1],[24,8,16,14,20,22,18,12,4,2,6,21,1],[20,4,2,18,8,12,24,16,14,22,6,21,1],[16,4,2,14,20,18,24,12,8,22,6,1],[8,4,20,2,18,24,16,14,12,22,6,21,1],[8,16,20,18,14,24,12,4,2,22,6,1],[8,4,12,24,16,2,14,20,18,22,6,1],[12,8,16,4,2,14,20,18,24,22,6,21,1],[20,24,18,16,14,8,4,2,12,22,6,1],[4,12,24,8,2,20,18,16,14,22,6,1],[20,16,14,24,18,8,12,4,2,22,6,21,1],[4,12,16,14,8,20,18,2,24,22,6,21,1],[20,4,18,2,24,16,14,12,8,22,6,1],[4,8,12,16,2,14,20,18,24,22,6,1],[4,8,12,20,18,2,16,14,24,22,6,1],[16,20,14,12,24,18,4,2,8,22,6,1],[24,20,18,16,14,8,4,2,12,22,6,21,1],[12,8,20,24,22,18,16,14,4,2,6,21,1],[8,16,4,2,14,12,24,20,18,22,6,1],[4,12,20,2,18,16,14,8,24,22,6,21,1],[12,8,16,24,14,20,22,18,4,2,6,1],[16,8,24,22,14,20,18,4,2,12,6,21,1],[20,24,18,16,14,12,4,2,8,22,6,1],[16,20,18,14,4,2,24,8,12,22,6,1],[12,8,16,4,2,14,24,20,18,22,6,21,1],[4,8,16,14,24,20,18,2,12,22,6,1],[8,12,4,20,2,18,24,16,14,22,6,21,1],[24,16,22,14,20,18,12,8,4,2,6,1],[12,16,4,14,20,2,18,24,8,22,6,1],[16,4,2,14,8,20,18,24,12,22,6,21,1],[4,8,12,20,18,2,16,14,24,22,6,1],[24,12,16,22,14,8,20,18,4,2,6,21,1],[20,8,16,14,12,4,2,18,24,22,6,21,1],[12,24,4,20,2,18,16,14,8,22,6,1],[16,12,24,22,14,8,20,18,4,2,6,1],[12,16,8,20,14,4,2,18,24,22,6,21,1],[12,16,20,18,14,8,4,2,24,22,6,1],[12,8,16,20,14,24,22,18,4,2,6,1],[12,16,4,14,8,24,2,20,18,22,6,21,1],[8,20,4,2,18,16,14,12,24,22,6,21,1],[4,16,2,14,24,20,18,12,8,22,6,1],[20,8,4,2,18,24,16,14,12,22,6,1],[16,8,4,2,14,24,20,18,12,22,6,1],[24,8,4,16,2,14,12,20,18,22,6,1],[24,8,4,20,18,2,16,14,12,22,6,21,1],[12,16,8,24,22,14,20,18,4,2,6,1],[8,12,4,20,18,2,16,14,24,22,6,1],[16,24,22,14,8,4,2,20,18,12,6,21,1],[24,8,20,18,4,2,12,16,14,22,6,1],[12,4,16,14,20,2,18,24,8,22,6,21,1],[16,24,14,12,8,4,2,20,18,22,6,1],[12,20,4,18,2,24,8,16,14,22,6,21,1],[8,16,4,2,14,12,24,20,18,22,6,1],[24,8,4,16,2,14,20,18,12,22,6,1],[4,8,24,12,20,18,2,16,14,22,6,21,1],[16,8,20,18,14,24,12,4,2,22,6,21,1],[20,16,14,12,8,4,18,2,24,22,6,21,1],[12,24,20,18,4,2,8,16,14,22,6,21,1],[12,20,24,22,18,16,14,4,2,8,6,1],[8,20,16,18,14,24,12,4,2,22,6,1],[16,8,4,2,14,24,12,20,18,22,6,1],[24,12,16,14,4,20,18,2,8,22,6,1],[4,12,8,24,22,2,16,14,20,18,6,1],[16,24,14,8,4,20,2,18,12,22,6,1],[12,20,16,14,8,4,2,18,24,22,6,1],[24,8,12,4,2,16,14,20,18,22,6,1],[16,12,20,14,24,18,8,4,2,22,6,21,1],[8,20,16,14,12,4,2,18,24,22,6,21,1],[20,8,24,22,18,16,14,12,4,2,6,1],[20,12,4,2,18,16,14,24,8,22,6,21,1],[12,24,20,22,18,8,16,14,4,2,6,21,1],[12,4,24,8,16,2,14,20,18,22,6,1],[8,20,16,14,12,4,18,2,24,22,6,1],[8,12,20,24,22,18,16,14,4,2,6,21,1],[16,4,2,14,20,18,12,8,24,22,6,1],[16,8,20,18,14,24,12,4,2,22,6,21,1],[12,16,4,2,14,24,20,18,8,22,6,21,1],[4,24,22,2,8,20,18,16,14,12,6,1],[24,20,22,18,16,14,4,2,12,8,6,21,1],[20,4,2,18,24,12,16,14,8,22,6,1],[16,24,22,14,20,18,12,8,4,2,6,21,1],[4,24,16,14,22,2,20,18,12,8,6,21,1],[4,12,24,8,20,2,18,16,14,22,6,1],[16,24,14,20,22,18,12,8,4,2,6,21,1],[8,20,4,18,2,16,14,24,12,22,6,21,1],[4,20,18,2,16,14,24,12,8,22,6,1],[16,12,20,14,8,24,18,4,2,22,6,1],[16,8,20,18,14,24,4,2,12,22,6,1],[8,12,16,4,2,14,20,18,24,22,6,1],[8,24,4,22,2,12,20,18,16,14,6,1],[24,8,16,14,20,22,18,4,2,12,6,21,1],[24,4,20,2,18,12,16,14,8,22,6,1],[12,20,4,18,2,24,8,16,14,22,6,1],[8,12,24,4,16,14,2,20,18,22,6,21,1],[12,24,8,16,14,4,2,20,18,22,6,21,1],[8,20,16,14,12,24,18,4,2,22,6,1],[8,16,24,22,14,4,2,20,18,12,6,1],[4,16,2,14,12,20,18,24,8,22,6,1],[16,4,14,24,22,2,20,18,12,8,6,1],[12,20,16,14,4,18,2,24,8,22,6,1],[16,4,14,12,20,18,2,24,8,22,6,21,1],[20,4,18,2,24,12,8,16,14,22,6,1],[16,12,4,2,14,24,8,20,18,22,6,1],[24,4,16,14,20,18,2,8,12,22,6,21,1],[12,8,16,24,14,20,22,18,4,2,6,1],[12,16,4,14,24,8,22,2,20,18,6,1],[24,8,4,2,12,20,18,16,14,22,6,21,1],[16,8,24,14,12,4,20,2,18,22,6,1],[24,12,4,8,20,2,18,16,14,22,6,1],[16,24,22,14,12,4,2,8,20,18,6,1],[12,24,4,16,14,8,2,20,18,22,6,1],[4,12,20,18,2,8,16,14,24,22,6,21,1],[24,16,22,14,8,4,2,12,20,18,6,1],[12,8,20,24,22,18,4,2,16,14,6,21,1],[12,8,16,24,14,20,22,18,4,2,6,21,1],[8,16,20,18,14,12,4,2,24,22,6,21,1],[4,16,14,20,2,18,24,12,8,22,6,1],[12,20,24,18,8,16,14,4,2,22,6,21,1],[12,8,20,16,14,24,18,4,2,22,6,21,1],[12,8,4,24,22,2,16,14,20,18,6,21,1],[20,24,22,18,12,4,2,16,14,8,6,21,1],[12,24,8,4,22,2,16,14,20,18,6,1],[24,4,8,16,2,14,20,18,12,22,6,1],[12,16,4,14,24,22,2,8,20,18,6,21,1],[4,24,8,22,2,16,14,12,20,18,6,21,1],[12,20,8,24,18,4,2,16,14,22,6,21,1],[16,8,12,4,14,20,2,18,24,22,6,1],[24,4,2,12,8,20,18,16,14,22,6,1],[4,12,24,8,2,20,18,16,14,22,6,1],[16,12,24,22,14,20,18,8,4,2,6,1],[4,24,20,18,2,8,12,16,14,22,6,21,1],[20,4,2,18,24,8,12,16,14,22,6,21,1],[24,4,22,2,16,14,12,8,20,18,6,1],[20,8,16,14,24,18,12,4,2,22,6,1],[24,20,22,18,8,12,4,2,16,14,6,1],[12,16,24,22,14,4,2,20,18,8,6,21,1],[8,12,16,20,18,14,4,2,24,22,6,1],[16,20,14,8,24,18,12,4,2,22,6,21,1],[16,8,24,14,4,20,18,2,12,22,6,21,1],[4,8,24,16,14,12,22,2,20,18,6,21,1],[8,24,12,16,14,20,22,18,4,2,6,1],[16,20,14,4,18,2,24,12,8,22,6,21,1],[20,12,16,14,4,2,18,24,8,22,6,1],[12,8,20,24,22,18,16,14,4,2,6,21,1],[4,16,2,14,12,20,18,24,8,22,6,1],[24,20,22,18,8,4,2,16,14,12,6,21,1],[8,20,12,4,18,2,16,14,24,22,6,1],[24,8,4,2,20,18,16,14,12,22,6,1],[12,4,16,2,14,20,18,24,8,22,6,1],[8,4,16,14,20,18,2,24,12,22,6,21,1],[16,4,14,24,20,2,18,12,8,22,6,1],[12,4,16,14,8,24,20,2,18,22,6,1],[16,8,20,14,24,18,4,2,12,22,6,1],[8,20,24,18,16,14,12,4,2,22,6,1],[16,24,22,14,12,8,20,18,4,2,6,21,1],[8,16,12,20,18,14,24,4,2,22,6,1],[12,16,4,2,14,24,20,18,8,22,6,1],[12,20,16,14,24,22,18,8,4,2,6,21,1],[24,20,22,18,12,16,14,4,2,8,6,1],[24,4,20,18,2,12,8,16,14,22,6,21,1],[16,20,18,14,8,24,12,4,2,22,6,1],[8,12,16,24,14,20,18,4,2,22,6,21,1],[12,16,4,2,14,20,18,8,24,22,6,1],[20,12,24,22,18,16,14,8,4,2,6,1],[4,20,2,18,12,16,14,8,24,22,6,1],[8,24,12,4,20,18,2,16,14,22,6,1],[4,8,24,16,2,14,12,20,18,22,6,21,1],[24,12,20,22,18,8,4,2,16,14,6,1],[12,4,16,14,8,20,2,18,24,22,6,21,1],[24,20,18,8,12,16,14,4,2,22,6,1],[4,20,18,2,16,14,24,8,12,22,6,1],[4,12,16,2,14,20,18,8,24,22,6,21,1],[16,4,14,12,24,8,2,20,18,22,6,21,1],[8,20,4,2,18,16,14,24,12,22,6,1],[12,20,24,22,18,16,14,8,4,2,6,1],[4,20,2,18,8,16,14,24,12,22,6,21,1],[24,20,18,12,8,4,2,16,14,22,6,1],[4,20,18,2,24,16,14,12,8,22,6,1],[12,24,16,14,8,20,22,18,4,2,6,1],[16,20,14,8,4,2,18,24,12,22,6,1],[4,20,18,2,8,24,16,14,12,22,6,21,1],[4,16,14,12,8,24,22,2,20,18,6,1],[8,20,24,18,16,14,12,4,2,22,6,1],[12,24,16,14,4,20,2,18,8,22,6,21,1],[8,4,16,14,12,20,18,2,24,22,6,1],[16,12,8,20,14,4,2,18,24,22,6,21,1],[16,8,24,22,14,12,20,18,4,2,6,1],[16,12,24,22,14,20,18,4,2,8,6,1],[16,12,24,14,4,8,20,18,2,22,6,21,1],[24,8,20,22,18,4,2,12,16,14,6,21,1],[12,24,8,20,18,16,14,4,2,22,6,21,1],[12,16,8,24,22,14,20,18,4,2,6,1],[4,20,2,18,16,14,8,12,24,22,6,21,1],[20,24,22,18,8,16,14,4,2,12,6,21,1],[24,20,22,18,12,4,2,16,14,8,6,1],[12,4,20,18,2,16,14,24,8,22,6,1],[12,8,24,16,22,14,20,18,4,2,6,1],[20,12,16,18,14,24,8,4,2,22,6,1],[8,16,20,18,14,12,4,2,24,22,6,21,1],[12,16,8,20,14,4,18,2,24,22,6,1],[16,12,20,14,8,4,18,2,24,22,6,21,1],[20,24,22,18,12,4,2,16,14,8,6,1],[8,24,4,2,20,18,12,16,14,22,6,1],[12,24,20,22,18,4,2,8,16,14,6,1],[4,16,2,14,12,20,18,24,8,22,6,21,1],[12,8,16,4,14,24,2,20,18,22,6,1],[20,8,12,16,18,14,24,4,2,22,6,21,1],[4,24,8,16,2,14,20,18,12,22,6,1],[12,24,20,18,8,4,2,16,14,22,6,21,1],[12,20,24,22,18,4,2,8,16,14,6,1],[12,8,24,16,22,14,20,18,4,2,6,1],[12,4,8,24,20,2,18,16,14,22,6,21,1],[8,16,24,22,14,20,18,12,4,2,6,1],[4,12,24,20,18,2,8,16,14,22,6,1],[4,24,12,2,8,20,18,16,14,22,6,21,1],[4,24,12,20,18,2,16,14,8,22,6,1],[12,4,20,2,18,8,16,14,24,22,6,21,1],[12,24,20,22,18,4,2,8,16,14,6,21,1],[24,16,14,4,2,8,20,18,12,22,6,1],[8,20,24,18,12,16,14,4,2,22,6,21,1],[20,16,14,12,24,22,18,8,4,2,6,1],[8,4,24,12,20,18,2,16,14,22,6,1],[24,8,4,12,20,18,2,16,14,22,6,21,1],[24,20,18,16,14,8,12,4,2,22,6,21,1],[8,4,16,2,14,24,12,20,18,22,6,21,1],[8,20,4,18,2,16,14,24,12,22,6,21,1],[16,20,18,14,4,2,8,24,12,22,6,21,1],[4,16,2,14,24,20,18,8,12,22,6,21,1],[16,12,8,4,2,14,24,20,18,22,6,1],[8,20,4,18,2,24,12,16,14,22,6,1],[20,16,18,14,12,4,2,24,8,22,6,21,1],[24,16,22,14,8,20,18,4,2,12,6,1],[12,16,4,2,14,24,20,18,8,22,6,21,1],[24,4,16,14,20,18,2,12,8,22,6,1],[20,24,22,18,4,2,16,14,8,12,6,21,1],[12,8,24,16,22,14,4,2,20,18,6,1],[8,16,24,14,4,12,20,18,2,22,6,21,1],[24,8,12,20,18,16,14,4,2,22,6,21,1],[4,20,18,2,24,8,16,14,12,22,6,1],[16,12,8,24,14,20,18,4,2,22,6,1],[4,24,2,8,20,18,16,14,12,22,6,1],[12,4,24,8,16,14,22,2,20,18,6,1],[24,20,18,16,14,8,4,2,12,22,6,21,1],[24,20,18,8,12,16,14,4,2,22,6,1],[12,8,4,24,20,18,2,16,14,22,6,21,1],[20,4,18,2,12,16,14,24,8,22,6,1],[12,24,20,22,18,4,2,16,14,8,6,21,1],[20,24,18,8,12,4,2,16,14,22,6,21,1],[16,24,22,14,12,4,2,20,18,8,6,1],[24,8,12,16,14,4,2,20,18,22,6,21,1],[24,12,8,20,22,18,4,2,16,14,6,21,1],[12,4,20,18,2,16,14,8,24,22,6,1],[4,24,2,20,18,16,14,12,8,22,6,21,1],[12,8,24,16,14,20,22,18,4,2,6,1],[16,12,24,14,20,18,4,2,8,22,6,1],[20,4,2,18,24,16,14,12,8,22,6,21,1],[20,16,14,24,18,12,8,4,2,22,6,21,1],[4,24,20,18,2,16,14,8,12,22,6,21,1],[16,8,4,14,24,2,20,18,12,22,6,21,1],[8,24,16,14,4,22,2,12,20,18,6,21,1],[20,24,18,8,12,4,2,16,14,22,6,21,1],[24,20,22,18,12,16,14,4,2,8,6,1],[8,12,24,20,22,18,16,14,4,2,6,21,1],[20,16,18,14,12,8,4,2,24,22,6,21,1],[8,20,24,18,16,14,4,2,12,22,6,21,1],[24,20,18,8,4,2,12,16,14,22,6,1],[24,20,18,4,2,12,8,16,14,22,6,21,1],[4,16,2,14,8,12,24,20,18,22,6,21,1],[20,24,18,4,2,8,16,14,12,22,6,1],[8,16,20,18,14,4,2,24,12,22,6,21,1],[4,16,14,24,2,8,20,18,12,22,6,21,1],[4,20,18,2,24,8,16,14,12,22,6,1],[24,12,20,18,4,2,8,16,14,22,6,1],[16,4,14,24,8,20,2,18,12,22,6,21,1],[8,12,20,24,22,18,4,2,16,14,6,1],[20,4,18,2,12,24,16,14,8,22,6,21,1],[4,24,8,20,2,18,12,16,14,22,6,21,1],[16,12,24,22,14,4,2,8,20,18,6,1],[12,8,20,4,18,2,24,16,14,22,6,21,1],[24,16,22,14,20,18,8,12,4,2,6,1],[20,24,18,8,16,14,12,4,2,22,6,1],[12,4,24,2,8,16,14,20,18,22,6,21,1],[16,20,18,14,4,2,12,24,8,22,6,1],[24,16,14,12,4,22,2,20,18,8,6,21,1],[24,20,22,18,12,4,2,8,16,14,6,1],[12,20,8,16,18,14,4,2,24,22,6,21,1],[8,20,4,2,18,24,12,16,14,22,6,21,1],[24,12,20,22,18,4,2,8,16,14,6,1],[20,16,14,12,24,18,4,2,8,22,6,21,1],[12,16,4,14,8,24,2,20,18,22,6,21,1],[4,12,20,18,2,16,14,24,8,22,6,21,1],[12,24,4,20,18,2,16,14,8,22,6,21,1],[24,20,18,12,4,2,8,16,14,22,6,21,1],[4,12,20,18,2,8,16,14,24,22,6,1],[4,24,20,2,18,16,14,8,12,22,6,1],[8,16,4,14,12,20,2,18,24,22,6,21,1],[12,8,16,20,18,14,4,2,24,22,6,21,1],[24,8,12,20,22,18,4,2,16,14,6,21,1],[20,16,18,14,24,8,4,2,12,22,6,21,1],[24,12,20,22,18,8,16,14,4,2,6,21,1],[24,4,20,18,2,12,8,16,14,22,6,21,1],[4,16,14,24,12,8,2,20,18,22,6,21,1],[12,24,8,4,16,14,22,2,20,18,6,1],[24,20,18,16,14,8,4,2,12,22,6,21,1],[4,20,18,2,8,24,16,14,12,22,6,1],[4,16,2,14,24,12,8,20,18,22,6,1],[12,20,4,2,18,16,14,8,24,22,6,21,1],[4,12,16,14,8,24,22,2,20,18,6,21,1],[4,24,12,22,2,16,14,20,18,8,6,21,1],[4,12,24,20,18,2,16,14,8,22,6,21,1],[8,16,24,22,14,20,18,4,2,12,6,1],[16,4,14,24,22,2,8,20,18,12,6,21,1],[8,4,24,2,12,16,14,20,18,22,6,1],[4,24,20,2,18,16,14,8,12,22,6,1],[24,12,4,16,2,14,20,18,8,22,6,21,1],[4,12,8,16,14,24,22,2,20,18,6,21,1],[20,12,8,16,18,14,24,4,2,22,6,21,1],[12,4,16,14,8,24,22,2,20,18,6,21,1],[12,4,24,8,16,2,14,20,18,22,6,21,1],[12,20,16,14,8,24,18,4,2,22,6,1],[8,24,16,14,12,20,22,18,4,2,6,1],[4,12,8,20,18,2,24,16,14,22,6,21,1],[20,12,16,18,14,4,2,24,8,22,6,1],[20,4,18,2,8,24,16,14,12,22,6,1],[8,12,24,20,18,4,2,16,14,22,6,21,1],[4,8,16,2,14,24,20,18,12,22,6,1],[24,20,22,18,12,4,2,8,16,14,6,21,1],[20,16,14,12,8,24,22,18,4,2,6,21,1],[4,8,12,24,16,2,14,20,18,22,6,1],[4,16,2,14,24,12,20,18,8,22,6,1],[24,16,22,14,8,20,18,12,4,2,6,21,1],[12,20,8,16,14,24,18,4,2,22,6,21,1],[8,16,4,14,12,20,2,18,24,22,6,1],[12,24,16,22,14,20,18,4,2,8,6,21,1],[24,8,16,22,14,12,4,2,20,18,6,1],[12,8,20,4,18,2,24,16,14,22,6,21,1],[20,12,24,18,8,4,2,16,14,22,6,1],[24,8,12,4,16,2,14,20,18,22,6,1],[8,24,20,22,18,4,2,16,14,12,6,21,1],[12,8,20,4,18,2,24,16,14,22,6,1],[16,20,18,14,12,8,4,2,24,22,6,21,1],[4,24,16,2,14,8,20,18,12,22,6,21,1],[24,8,20,18,16,14,12,4,2,22,6,21,1],[8,16,20,18,14,12,24,4,2,22,6,1],[8,20,24,18,4,2,16,14,12,22,6,1],[4,8,20,2,18,16,14,24,12,22,6,1],[4,12,20,2,18,8,24,16,14,22,6,21,1],[20,8,4,2,18,16,14,24,12,22,6,21,1],[24,16,14,12,20,22,18,4,2,8,6,1],[20,24,22,18,8,4,2,16,14,12,6,1],[4,8,12,16,14,24,20,18,2,22,6,1],[20,12,4,18,2,24,8,16,14,22,6,21,1],[16,20,18,14,24,8,4,2,12,22,6,1],[4,8,24,16,14,20,2,18,12,22,6,1],[8,20,12,24,18,4,2,16,14,22,6,1],[8,24,16,14,20,18,12,4,2,22,6,21,1],[12,16,4,14,20,18,2,8,24,22,6,1],[24,16,22,14,12,4,2,8,20,18,6,21,1],[20,8,4,2,18,12,16,14,24,22,6,21,1],[24,20,22,18,12,4,2,8,16,14,6,1],[24,4,22,2,8,12,16,14,20,18,6,21,1],[24,16,14,8,20,18,12,4,2,22,6,21,1],[20,4,18,2,8,12,24,16,14,22,6,1],[16,4,14,8,20,2,18,12,24,22,6,21,1],[20,24,22,18,4,2,8,16,14,12,6,1],[8,4,12,20,2,18,24,16,14,22,6,1],[12,24,4,22,2,20,18,8,16,14,6,21,1],[20,8,24,22,18,16,14,4,2,12,6,1],[8,12,16,4,14,24,20,2,18,22,6,1],[8,20,12,24,22,18,4,2,16,14,6,1],[16,20,18,14,4,2,24,12,8,22,6,21,1],[4,24,16,14,12,8,2,20,18,22,6,1],[20,12,8,4,18,2,24,16,14,22,6,1],[16,12,8,24,22,14,20,18,4,2,6,1],[8,24,4,22,2,12,16,14,20,18,6,21,1],[16,20,14,8,24,18,12,4,2,22,6,21,1],[12,16,20,14,8,4,18,2,24,22,6,1],[8,20,4,18,2,24,12,16,14,22,6,21,1],[12,20,4,18,2,24,8,16,14,22,6,1],[16,24,14,4,8,20,18,2,12,22,6,1],[8,20,24,18,16,14,4,2,12,22,6,1],[24,4,20,18,2,16,14,12,8,22,6,21,1],[24,4,2,12,20,18,16,14,8,22,6,1],[4,8,24,20,2,18,12,16,14,22,6,1],[24,8,4,12,16,14,20,2,18,22,6,1],[8,16,4,2,14,24,12,20,18,22,6,21,1],[24,20,22,18,8,16,14,12,4,2,6,1],[20,24,22,18,8,12,16,14,4,2,6,21,1],[24,16,22,14,20,18,12,8,4,2,6,21,1],[4,24,12,16,14,2,20,18,8,22,6,1],[12,24,8,20,22,18,4,2,16,14,6,1],[20,16,18,14,8,24,12,4,2,22,6,21,1],[24,16,22,14,4,2,12,20,18,8,6,1],[20,16,18,14,12,24,4,2,8,22,6,1],[8,24,4,12,22,2,16,14,20,18,6,1],[24,20,18,4,2,12,16,14,8,22,6,21,1],[16,12,20,14,4,2,18,8,24,22,6,1],[24,12,4,16,14,2,8,20,18,22,6,1],[24,16,22,14,8,12,20,18,4,2,6,1],[20,16,14,4,18,2,12,24,8,22,6,1],[8,4,16,14,20,2,18,12,24,22,6,1],[8,16,4,2,14,24,12,20,18,22,6,21,1],[16,20,14,12,8,24,22,18,4,2,6,1],[20,8,24,18,16,14,4,2,12,22,6,21,1],[4,16,2,14,20,18,24,8,12,22,6,1],[24,12,16,22,14,8,4,2,20,18,6,1],[8,16,4,14,12,24,2,20,18,22,6,1],[16,24,14,4,12,22,2,20,18,8,6,21,1],[20,8,16,14,24,22,18,12,4,2,6,1],[8,20,16,14,12,4,18,2,24,22,6,1],[4,24,22,2,8,12,16,14,20,18,6,21,1],[16,24,22,14,20,18,12,8,4,2,6,21,1],[4,20,18,2,24,16,14,8,12,22,6,21,1],[12,16,4,14,20,2,18,8,24,22,6,1],[12,20,24,22,18,4,2,8,16,14,6,21,1],[12,24,4,16,14,22,2,20,18,8,6,21,1],[4,12,20,18,2,16,14,8,24,22,6,1],[4,8,20,2,18,12,16,14,24,22,6,21,1],[8,24,12,4,20,18,2,16,14,22,6,1],[24,12,20,22,18,4,2,16,14,8,6,1],[24,16,22,14,4,2,20,18,8,12,6,21,1],[16,12,8,4,2,14,24,20,18,22,6,1],[20,12,4,18,2,24,16,14,8,22,6,1],[8,12,20,4,18,2,24,16,14,22,6,1],[4,16,14,8,12,24,2,20,18,22,6,1],[16,24,14,20,22,18,12,8,4,2,6,1],[4,24,22,2,8,16,14,20,18,12,6,1],[8,4,12,16,2,14,24,20,18,22,6,1],[12,24,4,16,2,14,20,18,8,22,6,1],[20,16,18,14,12,8,4,2,24,22,6,21,1],[16,4,14,8,20,18,2,24,12,22,6,21,1],[4,12,20,2,18,8,16,14,24,22,6,1],[16,12,24,14,8,4,22,2,20,18,6,1],[20,12,8,24,22,18,16,14,4,2,6,21,1],[24,12,16,14,20,18,8,4,2,22,6,1],[24,20,22,18,16,14,8,12,4,2,6,21,1],[12,20,8,24,22,18,4,2,16,14,6,1],[20,16,18,14,8,12,4,2,24,22,6,21,1],[12,16,8,24,14,20,18,4,2,22,6,1],[8,20,24,18,16,14,4,2,12,22,6,1],[4,12,24,20,2,18,8,16,14,22,6,1],[16,4,2,14,20,18,12,24,8,22,6,21,1],[16,8,4,14,24,2,20,18,12,22,6,21,1],[24,4,16,2,14,8,12,20,18,22,6,21,1],[20,12,24,18,4,2,16,14,8,22,6,21,1],[4,16,2,14,8,12,20,18,24,22,6,1],[12,16,20,18,14,24,8,4,2,22,6,1],[8,16,20,18,14,12,4,2,24,22,6,21,1],[4,24,20,18,2,16,14,12,8,22,6,21,1],[12,16,20,14,8,24,22,18,4,2,6,1],[20,24,18,16,14,8,4,2,12,22,6,21,1],[24,12,20,18,8,4,2,16,14,22,6,1],[24,16,22,14,12,20,18,4,2,8,6,1],[12,24,4,16,14,8,20,2,18,22,6,21,1],[8,4,20,18,2,12,16,14,24,22,6,1],[20,4,18,2,16,14,24,12,8,22,6,21,1],[16,24,22,14,12,4,2,8,20,18,6,1],[16,24,14,20,22,18,12,4,2,8,6,21,1],[16,4,2,14,24,20,18,12,8,22,6,1],[4,12,16,14,8,24,22,2,20,18,6,1],[24,4,12,2,8,16,14,20,18,22,6,1],[4,16,14,24,8,20,18,2,12,22,6,1],[4,8,12,20,18,2,24,16,14,22,6,21,1],[4,20,18,2,12,16,14,8,24,22,6,1],[4,24,16,2,14,12,8,20,18,22,6,21,1],[16,20,18,14,12,8,4,2,24,22,6,1],[20,16,18,14,8,12,24,4,2,22,6,1],[4,24,22,2,20,18,16,14,8,12,6,1],[16,20,14,4,18,2,8,12,24,22,6,21,1],[4,24,12,20,2,18,8,16,14,22,6,1],[16,20,18,14,12,4,2,24,8,22,6,1],[8,4,24,22,2,16,14,20,18,12,6,1],[16,12,4,14,20,2,18,8,24,22,6,21,1],[4,20,2,18,12,16,14,24,8,22,6,1],[16,20,18,14,12,8,24,4,2,22,6,21,1],[24,4,12,22,2,16,14,20,18,8,6,1],[20,12,8,16,18,14,24,4,2,22,6,1],[24,4,2,8,12,16,14,20,18,22,6,1],[16,4,2,14,20,18,24,8,12,22,6,21,1],[8,20,24,22,18,16,14,12,4,2,6,21,1],[12,20,24,22,18,16,14,4,2,8,6,1],[16,8,12,24,22,14,4,2,20,18,6,21,1],[8,24,16,14,20,22,18,12,4,2,6,21,1],[24,12,16,22,14,4,2,8,20,18,6,1],[8,12,4,16,14,24,20,18,2,22,6,1],[20,24,22,18,8,12,16,14,4,2,6,1],[4,8,12,24,16,14,20,18,2,22,6,21,1],[12,20,24,18,16,14,4,2,8,22,6,21,1],[12,16,24,22,14,4,2,20,18,8,6,1],[8,20,24,18,4,2,16,14,12,22,6,1],[8,12,24,4,20,18,2,16,14,22,6,1],[4,24,20,2,18,8,12,16,14,22,6,1],[4,24,8,22,2,12,16,14,20,18,6,21,1],[12,20,8,16,14,24,22,18,4,2,6,1],[8,20,16,14,12,4,2,18,24,22,6,1],[24,16,22,14,8,4,2,12,20,18,6,21,1],[16,20,14,4,18,2,12,24,8,22,6,21,1],[8,12,16,24,22,14,20,18,4,2,6,1],[20,4,2,18,24,8,16,14,12,22,6,1],[8,16,4,2,14,20,18,24,12,22,6,1],[8,24,20,18,12,4,2,16,14,22,6,1],[20,24,18,8,12,16,14,4,2,22,6,21,1],[8,24,4,22,2,16,14,12,20,18,6,21,1],[24,12,20,18,4,2,16,14,8,22,6,21,1],[24,8,12,16,14,20,18,4,2,22,6,1],[4,24,16,2,14,12,8,20,18,22,6,1],[24,16,22,14,12,8,20,18,4,2,6,1],[20,12,24,18,8,4,2,16,14,22,6,21,1],[20,4,18,2,24,16,14,12,8,22,6,21,1],[24,8,16,14,4,22,2,20,18,12,6,1],[16,12,24,22,14,20,18,8,4,2,6,21,1],[12,4,8,16,14,24,20,2,18,22,6,1],[16,4,14,20,2,18,8,12,24,22,6,21,1],[16,8,12,20,18,14,24,4,2,22,6,21,1],[20,16,14,24,22,18,12,4,2,8,6,1],[12,8,4,16,14,24,2,20,18,22,6,1],[8,16,20,14,24,22,18,4,2,12,6,21,1],[16,12,20,14,24,18,4,2,8,22,6,1],[24,16,14,4,22,2,12,8,20,18,6,21,1],[8,4,16,14,24,20,2,18,12,22,6,1],[12,24,16,22,14,8,20,18,4,2,6,1],[12,16,20,18,14,4,2,8,24,22,6,1],[8,24,16,14,4,20,18,2,12,22,6,1],[8,4,12,20,2,18,24,16,14,22,6,1],[16,24,22,14,8,4,2,12,20,18,6,1],[8,24,12,16,22,14,4,2,20,18,6,21,1],[24,12,20,22,18,16,14,4,2,8,6,21,1],[12,4,16,2,14,24,20,18,8,22,6,21,1],[20,16,18,14,12,8,4,2,24,22,6,21,1],[12,8,20,16,14,4,2,18,24,22,6,21,1],[24,20,22,18,8,16,14,4,2,12,6,1],[4,16,14,24,8,12,20,2,18,22,6,21,1],[8,4,20,2,18,12,24,16,14,22,6,21,1],[12,16,20,18,14,4,2,8,24,22,6,1],[4,20,18,2,24,16,14,12,8,22,6,21,1],[12,8,4,16,2,14,24,20,18,22,6,1],[4,12,16,14,8,24,2,20,18,22,6,1],[16,8,24,14,4,12,2,20,18,22,6,21,1],[4,8,20,18,2,16,14,12,24,22,6,21,1],[24,4,12,20,18,2,8,16,14,22,6,21,1],[16,4,2,14,24,8,12,20,18,22,6,21,1],[12,24,8,16,14,20,22,18,4,2,6,21,1],[24,12,8,20,18,4,2,16,14,22,6,21,1],[20,4,2,18,16,14,24,8,12,22,6,21,1],[16,12,24,14,20,18,4,2,8,22,6,1],[12,20,8,24,22,18,4,2,16,14,6,21,1],[20,8,4,2,18,24,12,16,14,22,6,1],[20,4,2,18,12,24,8,16,14,22,6,21,1],[12,24,16,22,14,20,18,4,2,8,6,21,1],[20,12,16,14,4,2,18,8,24,22,6,21,1],[20,16,14,4,18,2,24,8,12,22,6,21,1],[4,20,18,2,24,8,12,16,14,22,6,1],[20,16,18,14,4,2,8,24,12,22,6,21,1],[12,4,24,8,16,14,2,20,18,22,6,21,1],[20,4,2,18,12,8,16,14,24,22,6,21,1],[20,4,2,18,24,12,16,14,8,22,6,1],[24,8,20,18,12,4,2,16,14,22,6,1],[24,4,22,2,16,14,20,18,8,12,6,21,1],[20,12,24,18,4,2,16,14,8,22,6,21,1],[8,4,20,18,2,16,14,12,24,22,6,21,1],[4,24,22,2,20,18,16,14,12,8,6,1],[4,20,18,2,16,14,24,12,8,22,6,21,1],[8,16,20,18,14,12,4,2,24,22,6,21,1],[20,16,14,24,18,8,12,4,2,22,6,1],[24,16,22,14,8,4,2,20,18,12,6,1],[16,8,12,4,2,14,20,18,24,22,6,21,1],[8,20,16,18,14,24,12,4,2,22,6,21,1],[20,4,2,18,16,14,24,8,12,22,6,21,1],[8,20,24,18,16,14,4,2,12,22,6,1],[8,20,24,18,4,2,16,14,12,22,6,21,1],[4,12,20,18,2,16,14,24,8,22,6,21,1],[8,4,24,12,22,2,20,18,16,14,6,1],[8,4,24,22,2,12,20,18,16,14,6,1],[20,24,18,12,8,4,2,16,14,22,6,21,1],[24,8,20,22,18,4,2,12,16,14,6,21,1],[8,12,24,4,2,16,14,20,18,22,6,21,1],[16,8,24,22,14,20,18,4,2,12,6,21,1],[12,4,20,2,18,24,16,14,8,22,6,21,1],[24,12,16,22,14,8,4,2,20,18,6,1],[20,16,18,14,12,4,2,24,8,22,6,1],[20,16,14,4,2,18,12,24,8,22,6,21,1],[24,12,20,18,4,2,8,16,14,22,6,21,1],[20,16,18,14,24,12,4,2,8,22,6,1],[20,8,16,14,4,18,2,12,24,22,6,21,1],[16,24,14,20,18,12,4,2,8,22,6,21,1],[24,16,22,14,4,2,20,18,12,8,6,1],[12,8,24,20,18,4,2,16,14,22,6,1],[24,12,8,4,20,18,2,16,14,22,6,21,1],[20,8,16,18,14,4,2,12,24,22,6,1],[12,24,8,16,22,14,20,18,4,2,6,1],[16,20,14,8,4,18,2,12,24,22,6,21,1],[20,16,18,14,24,4,2,8,12,22,6,21,1],[12,4,20,18,2,8,16,14,24,22,6,21,1],[20,24,18,12,4,2,8,16,14,22,6,21,1],[20,12,16,14,8,4,2,18,24,22,6,21,1],[12,8,4,20,2,18,16,14,24,22,6,21,1],[4,20,2,18,24,8,12,16,14,22,6,21,1],[12,20,16,14,8,4,18,2,24,22,6,21,1],[4,20,2,18,12,16,14,8,24,22,6,21,1],[24,20,22,18,4,2,12,16,14,8,6,1],[4,8,16,14,20,18,2,12,24,22,6,21,1],[20,12,16,18,14,24,4,2,8,22,6,1],[4,12,8,20,18,2,16,14,24,22,6,21,1],[20,12,4,2,18,16,14,8,24,22,6,1],[4,24,8,2,20,18,12,16,14,22,6,21,1],[8,12,24,16,22,14,4,2,20,18,6,1],[24,8,4,20,2,18,16,14,12,22,6,1],[8,4,16,14,12,20,2,18,24,22,6,1],[4,16,2,14,12,24,20,18,8,22,6,1],[16,24,14,8,20,18,12,4,2,22,6,1],[16,8,12,4,2,14,20,18,24,22,6,1],[20,8,24,22,18,4,2,16,14,12,6,21,1],[8,12,16,24,22,14,4,2,20,18,6,1],[20,8,24,18,16,14,12,4,2,22,6,21,1],[16,20,14,4,18,2,8,24,12,22,6,21,1],[12,24,8,20,22,18,4,2,16,14,6,1],[12,8,16,4,2,14,24,20,18,22,6,1],[16,20,18,14,8,12,4,2,24,22,6,21,1],[16,20,14,8,24,22,18,12,4,2,6,1],[24,16,22,14,20,18,12,4,2,8,6,21,1],[4,16,2,14,8,12,20,18,24,22,6,1],[12,4,8,20,2,18,16,14,24,22,6,21,1],[20,4,2,18,16,14,12,24,8,22,6,21,1],[4,12,20,18,2,8,16,14,24,22,6,21,1],[8,12,24,16,22,14,20,18,4,2,6,21,1],[12,20,4,18,2,24,16,14,8,22,6,21,1],[24,12,8,16,22,14,20,18,4,2,6,1],[24,12,8,16,22,14,4,2,20,18,6,1],[16,12,8,20,14,4,18,2,24,22,6,21,1],[12,8,4,24,22,2,20,18,16,14,6,1],[8,4,12,20,2,18,16,14,24,22,6,1],[20,12,24,22,18,8,4,2,16,14,6,21,1],[4,12,8,24,20,2,18,16,14,22,6,21,1],[24,8,4,2,12,20,18,16,14,22,6,21,1],[20,8,16,18,14,12,4,2,24,22,6,21,1],[24,20,22,18,4,2,8,16,14,12,6,21,1],[8,20,16,14,12,24,18,4,2,22,6,1],[24,20,22,18,8,16,14,12,4,2,6,1],[4,12,8,16,2,14,24,20,18,22,6,1],[24,8,16,14,12,4,22,2,20,18,6,1],[4,20,2,18,12,24,16,14,8,22,6,21,1],[12,4,24,20,18,2,16,14,8,22,6,21,1],[20,4,18,2,8,24,16,14,12,22,6,1],[16,4,2,14,20,18,12,24,8,22,6,21,1],[12,16,4,2,14,24,8,20,18,22,6,21,1],[4,16,14,24,2,12,20,18,8,22,6,21,1],[12,16,4,14,8,24,20,18,2,22,6,1],[16,12,4,2,14,24,20,18,8,22,6,1],[4,8,20,2,18,24,12,16,14,22,6,1],[12,16,20,14,24,18,4,2,8,22,6,1],[20,24,22,18,16,14,4,2,8,12,6,21,1],[24,12,20,18,16,14,4,2,8,22,6,1],[24,4,2,16,14,20,18,8,12,22,6,21,1],[24,8,12,4,20,2,18,16,14,22,6,1],[8,4,24,16,2,14,12,20,18,22,6,1],[16,8,20,18,14,24,12,4,2,22,6,1],[16,12,20,18,14,4,2,8,24,22,6,21,1],[24,4,8,16,2,14,12,20,18,22,6,21,1],[12,24,4,8,22,2,16,14,20,18,6,1],[16,20,18,14,8,12,24,4,2,22,6,21,1],[20,24,18,4,2,8,16,14,12,22,6,1],[12,24,20,18,8,16,14,4,2,22,6,21,1],[20,12,24,22,18,8,4,2,16,14,6,1],[4,16,2,14,8,20,18,24,12,22,6,21,1],[8,24,16,22,14,12,4,2,20,18,6,21,1],[4,24,16,2,14,8,12,20,18,22,6,1],[24,8,4,12,2,16,14,20,18,22,6,21,1],[4,8,16,2,14,20,18,12,24,22,6,1],[20,4,18,2,24,16,14,8,12,22,6,21,1],[20,12,8,24,18,4,2,16,14,22,6,21,1],[16,24,22,14,8,20,18,12,4,2,6,21,1],[24,20,18,4,2,16,14,12,8,22,6,21,1],[4,24,8,20,2,18,12,16,14,22,6,1],[12,4,16,14,20,18,2,24,8,22,6,21,1],[12,20,8,24,22,18,4,2,16,14,6,21,1],[8,16,20,18,14,4,2,24,12,22,6,1],[16,24,14,8,12,20,22,18,4,2,6,21,1],[4,8,20,2,18,12,16,14,24,22,6,21,1],[24,8,20,22,18,16,14,12,4,2,6,21,1],[20,12,4,2,18,24,8,16,14,22,6,1],[24,16,14,12,8,20,22,18,4,2,6,1],[20,24,22,18,4,2,8,16,14,12,6,1],[16,12,20,18,14,4,2,8,24,22,6,1],[24,16,14,12,8,4,22,2,20,18,6,21,1],[24,16,22,14,12,4,2,20,18,8,6,21,1],[24,8,16,14,20,18,12,4,2,22,6,1],[8,16,12,24,22,14,4,2,20,18,6,1],[24,12,4,20,2,18,8,16,14,22,6,1]],"n_human":10}