{"problem_id":"AcrdfSeVXGbzay3","sigma":75,"alpha":10.000,"cost":1,"probabilities":"[0.32, 0.18, 0.28, 0.22]","payoff_matrix":"[[-75, 22, 17, 13, 124, 130], [90, -14, 94, -21, -68, -43], [104, -120, 81, -81, -25, 10], [2, -100, -48, 1, 34, -24]]","uncovered":[[1,13,5,17,21,19,23,24,20,18,9,7,11,12,15],[13,9,17,3,1,21,23,19,20,24,22,6,18,5,11,12,15,7],[9,17,7,13,3,1,21,23,19,24,20,22,18,11,12,15],[13,1,5,9,21,17,23,19,20,24,22,18,7,11,12,15],[1,21,17,19,23,24,20,18,15,5,9,7,11,12],[21,15,7,20,17,23,19,24,18,9,1,11,12],[9,21,1,5,13,17,23,19,24,20,22,18,7,11,12,15],[5,9,17,21,19,23,24,20,22,1,13,18,7,11,12,15],[5,13,21,17,23,19,24,20,22,9,1,18,7,11,12,15],[5,21,17,19,23,20,24,18,9,15,1,8,11,12],[17,21,23,19,20,24,18,13,5,9,1,7,11,12,15],[17,1,13,21,19,23,20,24,18,9,5,7,10,11,12,22,15],[17,9,5,23,13,1,19,7,21,24,20,18,11,12,15],[13,21,1,17,23,19,20,24,18,5,9,7,11,12,14],[13,1,9,5,17,21,23,19,24,20,22,18,7,11,12,15],[9,21,20,17,23,19,24,22,13,1,5,18,7,11,12,15],[17,1,21,19,23,20,24,18,13,9,5,7,11,12,15],[1,21,5,11,9,23,12,17,19,24,20,18,13,7,15],[21,9,5,15,17,19,23,24,20,22,1,18,7,11,12],[13,17,21,19,23,20,24,22,11,9,12,1,5,18,7,15],[5,13,9,1,17,21,19,23,20,24,22,18,7,11,12,15],[5,9,21,17,23,19,24,20,22,1,13,18,7,11,12,15],[1,5,21,15,17,19,23,20,24,18,9,7,11,12],[9,1,21,13,5,17,23,19,20,24,18,7,11,12,15],[17,5,9,21,23,19,24,20,22,1,13,18,7,11,12,15],[13,5,21,9,17,23,19,20,24,22,1,18,7,11,12,15],[21,17,23,19,20,24,18,1,13,9,5,7,11,12,15],[17,13,1,9,5,21,23,19,20,24,18,7,11,12,15],[5,21,1,15,9,19,23,7,11,12],[1,5,9,13,17,21,19,23,24,20,18,7,11,12,15],[1,13,9,21,17,19,23,20,24,18,5,7,12,15],[5,21,13,17,23,19,24,20,18,10,9,11,12,22,1,7,15],[5,1,13,21,19,9,7,11,23,24,12,15],[13,17,21,19,23,24,20,22,5,9,3,1,18,7,11,12,15],[13,17,9,5,21,23,19,20,24,18,1,7,11,12,15],[5,17,9,1,22,13,19,7,11,20,12,15],[5,21,11,9,23,12,13,17,19,24,20,18,1,7,15],[17,7,21,23,19,24,20,22,1,13,9,18,11,12,15],[9,21,1,13,17,23,19,20,24,18,5,7,11,12,15],[13,9,17,5,3,1,21,19,23,20,24,22,18,7,11,12,15],[1,17,9,21,23,19,24,20,22,5,14,18,7,11,12,13],[21,17,23,19,24,20,22,9,1,13,5,18,7,11,12,15],[17,5,9,1,13,21,19,23,20,24,22,18,7,11,12,15],[17,5,13,12,1,21,23,19,20,24,22,18,7,15],[17,9,22,5,15,1,7,19,11,12,20],[21,17,23,19,20,24,18,14,9,1,5,7,13,11,12],[13,9,5,17,21,23,19,24,20,18,1,7,11,12,15],[5,1,17,21,23,19,20,24,22,13,9,18,7,11,12,15],[5,1,13,17,9,21,19,23,20,24,18,7,11,12,15],[13,17,21,23,19,24,20,22,9,1,5,18,7,11,12,15],[5,17,21,19,23,20,24,18,1,13,9,7,11,12,16],[5,17,9,1,21,23,19,24,20,18,13,7,11,12,15],[17,9,13,3,1,5,23,19,7,21,24,20,22,18,11,12,15],[21,5,17,23,19,24,20,18,13,12,1,7,15],[17,21,19,23,20,24,22,13,5,1,9,18,7,11,12,15],[17,1,21,23,19,24,20,22,9,13,5,18,7,11,12,15],[5,9,1,13,17,21,23,19,24,20,18,7,11,12,15],[1,13,9,17,5,21,23,19,24,20,22,18,7,11,12,15],[9,17,15,21,19,23,20,24,18,5,1,7,11,12],[13,1,5,21,9,20,17,23,19,24,22,18,7,11,12,15],[9,5,21,20,17,23,19,24,22,1,13,18,7,11,12,15],[21,2,1,17,19,23,24,20,22,13,5,9,18,7,11,12,15],[5,1,21,13,17,23,19,20,24,22,11,9,12,18,7,15],[9,13,1,5,17,21,23,19,24,20,22,18,7,11,12,15],[13,5,21,1,9,17,19,23,24,20,22,18,7,11,12,15],[9,1,13,17,23,5,19,7,21,24,20,22,18,11,12,15],[17,1,21,23,19,24,20,18,9,5,13,7,11,12,15],[13,5,1,21,17,19,23,24,20,18,9,7,11,12,15],[5,1,21,13,9,17,19,23,24,20,22,18,7,11,12,15],[13,5,21,9,3,1,17,19,23,24,20,18,7,11,12,15],[13,9,21,1,7,17,23,19,24,20,22,18,11,12,15],[13,21,11,9,23,12,19,5,1,7,15],[5,9,13,1,21,18,7,23,11,24,12,15],[9,13,21,3,1,5,17,23,19,20,24,22,18,7,11,12,15],[21,13,5,1,9,17,23,19,24,20,22,18,7,11,12,15],[1,17,9,13,21,19,23,24,20,18,5,7,11,12,15],[5,1,21,13,11,9,23,12,17,19,24,20,22,18,7,15],[13,17,21,19,23,20,24,18,5,1,9,7,11,12,16],[9,1,13,21,5,17,23,19,20,24,18,7,11,12,15],[1,13,17,5,21,19,23,20,24,22,11,9,12,18,7,15],[17,9,1,5,21,23,19,24,20,22,13,18,7,11,12,15],[1,17,9,21,19,23,24,20,18,13,5,7,11,12,15],[21,9,1,17,19,23,24,20,22,7,13,18,11,12,15],[13,5,1,17,9,21,19,23,24,20,18,7,11,12,15],[5,9,21,13,1,17,19,23,24,20,18,7,11,12,15],[13,5,17,21,19,23,24,20,22,9,1,18,7,11,12,15],[17,5,9,13,21,23,19,24,20,18,1,7,11,12,15],[21,5,11,9,23,24,12,17,19,20,22,1,13,18,7,15],[21,13,1,17,23,19,20,24,22,9,5,18,7,11,12,15],[9,5,17,21,19,23,24,20,22,1,13,18,7,11,12,15],[17,1,9,21,23,19,20,24,18,5,13,7,11,12,15],[21,5,1,20,17,23,19,24,18,9,13,7,11,12,15],[9,17,21,19,23,20,24,18,5,13,1,7,11,12,15],[9,1,17,21,19,23,24,20,18,5,13,7,11,12,15],[9,5,17,21,19,23,24,20,18,13,1,7,11,12,15],[9,5,17,1,21,19,23,20,24,22,15,18,7,11,12],[17,13,1,21,23,19,24,20,18,5,9,7,11,12,15],[5,21,17,19,23,20,24,18,13,1,9,7,11,12,15],[17,1,21,23,19,20,24,18,11,9,12,5,13,7,15],[13,1,9,21,5,17,23,19,20,24,18,7,11,12,15],[1,13,21,9,19,5,23,7,12],[1,17,5,13,21,23,19,20,24,22,11,9,12,18,7,15],[21,1,13,17,23,19,20,24,18,5,9,7,11,12,15],[21,9,13,17,19,23,20,24,22,1,5,18,7,11,12,15],[21,12,13,17,23,19,24,20,22,5,1,18,7,15],[9,21,2,1,17,23,19,24,20,18,13,5,7,11,12,15],[5,17,21,23,19,24,20,22,13,1,9,18,7,11,12,15],[17,1,21,19,23,24,20,22,9,13,5,18,7,11,12,15],[21,9,5,17,23,19,20,24,18,1,13,7,11,12,15],[9,21,5,1,17,23,19,24,20,22,15,18,7,11,12],[17,13,9,21,23,19,24,20,18,1,5,7,11,12,15],[1,21,17,23,19,24,20,22,13,9,5,18,7,11,12,15],[5,21,11,9,23,24,12,1,13,17,19,20,22,18,7,15],[13,9,1,21,17,23,19,20,24,22,5,18,7,11,12,15],[9,17,13,1,7,21,19,23,24,20,18,11,12,15],[9,17,13,5,21,19,23,24,20,22,1,18,7,11,12,15],[17,13,21,23,19,24,20,18,1,5,9,7,11,12,15],[9,1,17,21,23,19,20,24,18,13,5,7,11,12,15],[5,21,3,1,13,17,19,23,20,24,18,9,7,11,12,15],[9,5,21,13,17,23,19,24,20,22,1,18,7,11,12,15],[13,21,2,1,5,9,17,19,23,20,24,18,7,11,12,15],[13,21,17,19,23,20,24,22,5,9,1,18,7,11,12,15],[9,21,13,20,17,23,19,24,18,5,3,1,7,11,12,15],[1,21,7,13,17,23,19,20,24,18,9,11,12,15],[1,17,5,13,9,21,23,19,20,24,22,18,7,11,12,15],[17,5,21,19,23,24,20,22,13,1,9,18,7,11,12,15],[21,9,17,19,23,20,24,18,5,13,1,7,11,12,15],[17,13,9,21,23,19,24,20,22,1,5,18,7,11,12,15],[9,1,21,5,17,23,19,20,24,22,13,18,7,11,12,15],[13,9,1,21,17,19,23,24,20,18,5,7,11,12,16],[1,21,13,5,9,17,23,19,20,24,22,18,7,11,12,15],[17,21,23,19,24,20,22,1,11,9,12,5,13,18,7,15],[21,17,19,23,24,20,18,13,1,9,5,7,11,12,15],[13,17,1,9,21,23,19,24,20,18,5,7,11,12,15],[13,17,5,1,11,9,19,20,12,21,23,24,22,18,7,15],[1,21,13,17,23,19,20,24,18,9,5,7,12,15],[13,5,21,9,1,17,23,19,20,24,18,7,10,11,12,22,15],[13,5,1,21,9,17,19,23,20,24,22,18,7,11,12,15],[1,17,5,9,21,23,19,20,24,18,13,7,11,12,15],[13,21,1,5,17,23,19,20,24,18,9,7,11,10,12,22,15],[5,1,9,17,23,13,19,7,21,24,20,18,11,12,15],[9,13,1,5,21,19,23,7,11,12,15],[1,21,9,13,19,7,24,11,23,12,15],[1,5,17,21,19,23,24,20,18,9,13,7,11,12,15],[17,5,21,19,23,24,20,18,9,1,13,7,11,12,15],[21,5,17,23,19,20,24,18,9,13,1,7,11,12,16],[21,13,1,12,17,19,23,24,20,18,5,7,15],[13,17,7,21,19,23,24,20,22,1,9,18,11,12,15],[21,9,1,5,13,17,23,19,24,20,18,7,11,12,15],[9,17,13,5,1,24,7,11,19,20,12,15],[13,17,3,1,5,9,21,19,23,24,20,18,7,11,12,15],[13,5,17,21,23,19,24,20,18,9,1,8,11,12,15],[1,21,5,9,13,20,17,23,19,24,22,18,7,11,12,15],[13,17,21,19,23,24,20,18,1,5,9,7,11,12,15],[21,5,1,17,23,19,24,20,18,9,13,7,11,12,15],[5,9,17,23,13,1,19,7,21,20,24,22,18,11,12,15],[21,5,3,1,9,17,19,23,24,20,18,13,7,11,12,15],[21,15,9,5,19,1,23,8,11,12],[9,17,2,1,5,13,21,23,19,24,20,22,18,7,11,12,15],[1,9,13,21,8,17,23,19,20,24,22,18,11,12,15],[9,1,21,5,17,23,19,24,20,18,15,7,11,12],[21,17,23,19,20,24,22,5,15,1,9,18,7,11,12],[13,9,17,1,21,23,19,20,24,18,5,7,11,12,15],[1,13,9,21,5,17,19,23,24,20,18,7,11,12,15],[17,23,13,5,1,9,7,21,19,24,20,18,11,12,15],[1,17,21,23,19,20,24,22,5,11,9,12,13,18,7,15],[5,9,1,13,17,21,19,23,24,20,18,7,11,12,15],[9,13,17,1,5,21,23,19,20,24,22,18,7,11,12,15],[1,9,21,5,13,17,19,23,24,20,22,18,7,11,12,15],[5,21,17,23,19,20,24,22,1,13,9,18,7,11,12,15],[17,1,5,21,23,19,24,20,18,13,9,7,11,12,15],[17,13,1,21,19,23,20,24,22,9,5,18,7,11,12,15],[13,17,9,5,1,21,19,23,20,24,18,7,11,12,15],[1,5,13,9,17,21,19,23,24,20,18,7,11,12,15],[13,5,21,9,1,17,19,23,24,20,22,18,7,11,12,15],[9,21,17,23,19,24,20,18,1,13,5,7,11,12,15],[9,21,1,17,19,23,20,24,22,5,13,18,7,11,12,15],[1,21,19,9,13,5,7,11,23,12,15],[9,21,5,4,13,17,23,19,20,24,22,18,7,1,11,12,15],[5,17,1,9,21,23,19,20,24,18,13,7,11,12,15],[21,1,5,13,9,17,19,23,24,20,18,7,11,12,15],[21,17,19,23,24,20,22,3,1,13,9,5,18,7,11,12,15],[1,17,9,16,21,19,23,20,24,18,7,13,11,12,22,15],[1,17,5,13,23,9,7,21,19,24,20,22,18,11,12,15],[17,5,9,1,21,19,23,24,20,18,13,7,11,12,15],[1,17,13,21,19,23,24,20,22,5,9,18,7,11,12,15],[13,21,5,9,1,17,19,23,24,20,22,18,7,11,12,15],[9,1,21,14,5,17,23,19,20,24,22,18,7,11,12,15],[5,13,1,9,17,21,23,19,24,20,22,18,7,11,12,15],[9,5,17,21,19,23,24,20,22,3,1,13,18,7,11,12,15],[21,9,1,5,17,23,19,20,24,22,13,18,7,11,12,15],[5,9,17,21,19,23,24,20,22,1,13,18,7,11,12,15],[5,13,21,17,19,23,20,24,22,1,10,9,11,12,18,7,15],[21,5,17,19,23,20,24,22,13,1,9,18,7,11,12,15],[5,9,21,1,13,17,23,19,24,20,22,18,7,11,12,15],[5,9,1,13,17,21,23,19,24,20,18,7,11,12,15],[9,1,13,21,19,5,23,7,11,24,12,15],[5,21,17,23,19,20,24,22,1,13,9,18,7,11,12,15],[17,5,21,19,23,24,20,22,9,1,13,18,7,11,12,15],[9,13,1,17,5,21,23,19,24,20,18,7,11,12,15],[1,5,17,9,13,21,23,19,20,24,22,18,7,11,12,15],[9,13,17,1,5,21,19,23,20,24,18,7,11,12,15],[5,21,10,9,23,11,24,12,22,17,19,20,18,13,1,7,15],[5,13,17,9,1,21,19,23,20,24,22,18,7,11,12,15],[17,5,1,23,9,15,7,21,19,20,24,18,12],[21,9,19,13,1,5,23,7,11,24,12,15],[21,1,17,19,23,24,20,22,13,5,11,9,12,18,7,15],[13,1,17,21,19,23,20,24,22,11,9,12,5,18,7,15],[21,17,19,23,20,24,22,1,13,5,9,18,7,11,12,15],[5,17,23,13,1,9,7,21,19,24,20,18,11,12,15],[17,3,1,21,23,19,24,20,18,9,13,5,7,12,15],[9,21,17,19,23,24,20,18,1,13,5,7,11,12,15],[13,5,21,17,23,19,20,24,18,1,9,7,11,12,15],[17,5,21,23,19,24,20,22,1,13,11,9,12,18,7,15],[13,1,17,9,5,21,19,23,24,20,18,7,11,12,16],[21,1,5,12,13,17,19,23,20,24,18,7,15],[17,1,5,13,21,23,19,20,24,18,9,7,11,12,15],[21,1,9,17,19,23,24,20,22,13,5,18,7,11,12,15],[21,9,1,13,5,17,23,19,24,20,18,7,11,12,15],[13,5,9,17,21,23,19,20,24,18,1,7,11,12,15],[21,17,23,19,20,24,18,13,5,9,1,7,11,12,15],[1,5,9,17,21,23,19,20,24,18,13,7,11,12,15],[17,1,9,13,5,21,19,23,20,24,22,18,7,11,12,15],[9,17,5,13,1,21,23,19,24,20,18,7,12,15],[13,1,17,11,9,19,12,5,21,23,24,20,22,18,7,15],[5,21,9,13,17,19,23,24,20,22,1,18,7,11,12,15],[1,9,17,13,5,21,19,23,20,24,22,18,7,11,12,15],[9,21,5,1,19,13,7,11,23,24,12,15],[1,13,21,11,9,23,24,12,5,17,19,20,22,18,7,15],[13,9,5,17,1,21,23,19,24,20,22,18,7,11,12,15],[13,5,21,1,9,17,23,19,20,24,22,18,7,11,12,15],[1,21,5,17,23,19,20,24,18,11,9,12,13,7,15],[17,21,23,19,24,20,18,5,13,1,9,7,11,12,15],[13,21,5,1,17,19,23,24,20,18,9,7,11,12,15],[21,5,17,23,19,20,24,22,13,9,3,1,18,7,11,12,15],[21,1,17,19,23,24,20,18,9,5,13,7,11,12,14],[13,17,23,1,9,5,19,7,21,20,24,22,18,11,12,15],[21,1,5,17,23,19,24,20,18,13,9,7,12,15],[9,21,5,13,17,23,19,20,24,18,1,7,11,12,16],[5,17,9,13,21,19,23,20,24,18,1,7,11,12,15],[9,21,19,1,13,5,23,7,12],[1,9,21,5,16,19,13,7,11,23,12],[13,1,17,21,19,23,24,20,22,5,9,18,7,11,12,15],[9,1,17,21,19,23,20,24,18,5,13,7,11,12,15],[1,9,21,17,23,19,24,20,22,5,13,18,7,11,12,15],[1,5,9,13,17,23,19,7,21,20,24,22,18,11,12,15],[21,15,19,5,9,1,7,23,11,12],[17,1,21,23,19,20,24,22,5,9,13,18,7,11,12,15],[21,1,13,7,9,17,23,19,20,24,18,11,12,15],[21,9,5,17,23,19,20,24,22,13,1,18,7,11,12,15],[9,21,13,5,17,19,23,20,24,18,1,7,11,12,15],[17,9,1,21,19,23,24,20,22,7,13,18,11,12,15],[1,5,9,21,13,17,19,23,20,24,22,18,7,11,12,15],[5,9,17,21,23,19,24,20,18,13,1,7,11,12,15],[13,17,9,1,5,21,23,19,20,24,22,18,7,11,12,15],[13,9,21,2,1,17,23,19,24,20,22,5,18,7,11,12,15],[17,13,1,9,21,23,19,20,24,22,5,18,7,11,12,15],[1,9,13,21,5,17,23,19,24,20,22,18,7,11,12,15],[13,1,17,9,21,19,23,20,24,18,5,7,11,12,15],[17,21,19,23,20,24,22,1,13,9,5,18,7,11,12,15],[17,1,5,13,21,23,19,20,24,22,9,18,7,11,12,15],[13,21,17,23,19,20,24,22,1,9,5,18,7,11,12,15],[1,5,17,13,21,19,23,24,20,22,9,18,7,11,12,15],[5,21,13,17,19,23,24,20,18,9,1,7,11,12,15],[21,9,15,3,1,5,17,19,23,20,24,22,18,7,11,12],[1,17,13,11,9,19,20,12,5,21,23,24,18,7,15],[1,9,5,13,17,21,19,23,20,24,18,7,11,12,15],[5,21,13,1,17,23,19,24,20,22,9,18,7,11,12,15],[1,13,17,5,21,19,23,24,20,22,9,18,7,11,12,15],[1,5,9,17,21,19,23,20,24,18,13,7,11,12,14],[13,17,1,9,5,21,19,23,20,24,18,7,11,12,16,22,15],[9,17,1,21,19,23,24,20,22,7,13,18,11,12,15],[1,17,21,19,23,24,20,18,11,9,12,13,5,7,15],[17,9,13,1,21,23,19,24,20,18,7,11,12,15],[21,17,23,19,20,24,22,1,5,13,11,9,12,18,7,16],[17,9,1,13,5,21,19,23,24,20,18,7,11,12,15],[21,13,17,19,23,20,24,22,5,9,1,18,7,11,12,15],[13,9,21,17,19,23,24,20,22,1,5,18,7,11,12,15],[9,21,17,23,19,24,20,18,1,5,13,7,11,12,15],[1,17,5,21,19,23,24,20,18,9,13,7,11,12,15],[5,17,21,19,23,20,24,18,9,1,13,7,11,12,16,22,15],[17,21,19,23,20,24,18,13,1,5,9,7,11,12,15],[9,13,17,5,1,21,19,23,20,24,18,7,11,12,15],[5,13,1,17,9,21,23,19,24,20,18,6,11,12,15,22,7],[1,9,21,13,17,19,23,24,20,18,5,7,11,12,15],[13,5,17,1,9,21,19,23,20,24,18,7,11,12,15],[1,17,9,13,21,19,23,24,20,18,5,7,11,12,15],[13,21,20,17,23,19,24,22,5,9,1,18,7,11,12,15],[17,13,21,23,19,20,24,22,9,3,1,5,18,7,11,12,15],[17,9,5,1,21,23,19,20,24,18,13,7,11,12,15],[17,1,9,13,21,23,19,24,20,18,5,7,11,12,15],[5,1,17,13,21,23,19,24,20,22,9,18,7,11,12,15],[5,1,21,17,19,23,20,24,18,13,9,7,11,12,15],[5,21,19,9,1,13,23,7,12],[17,23,5,1,9,13,7,21,19,24,20,22,18,11,12,15],[5,17,9,21,23,19,20,24,22,13,1,18,7,11,12,15],[21,5,17,23,19,24,20,18,9,13,1,7,11,12,15],[9,21,17,23,19,20,24,22,13,5,4,18,7,1,11,12,15],[17,9,21,19,23,20,24,22,13,1,5,18,7,11,12,15],[5,1,21,9,13,19,23,7,10,11,24,12,22,15],[9,17,1,13,21,19,23,24,20,18,5,7,11,12,15],[5,21,17,23,19,20,24,18,13,1,9,7,11,12,15],[21,5,17,23,19,24,20,18,1,11,9,12,13,7,15],[17,5,9,21,19,23,24,20,22,1,13,18,7,11,12,15],[1,13,9,21,17,19,23,20,24,22,5,18,7,11,12,15],[1,17,13,5,9,21,23,19,24,20,18,7,11,12,15],[1,9,13,17,5,21,23,19,20,24,22,18,7,11,12,15],[1,13,5,21,9,17,19,23,20,24,18,7,11,12,15],[21,5,20,17,23,19,24,18,13,9,1,7,11,12,15],[1,21,11,9,23,12,5,19,15,7],[13,17,9,21,19,23,20,24,18,5,1,7,11,12,15],[13,21,1,9,17,23,19,20,24,22,5,18,7,11,12,15],[21,13,17,19,23,20,24,22,5,1,11,9,12,18,7,15],[5,13,21,17,19,23,24,20,18,1,9,7,11,12,15],[13,5,21,9,3,1,17,19,23,20,24,18,7,11,12,15],[1,21,17,19,23,24,20,22,13,9,5,18,7,11,12,15],[1,5,21,17,23,19,20,24,18,13,9,7,11,12,15],[21,13,1,9,17,23,19,24,20,18,5,7,11,12,15],[21,17,23,19,24,20,18,1,5,13,9,7,11,12,15],[21,9,5,13,17,23,19,24,20,22,1,18,7,11,12,15],[5,9,1,17,21,19,23,24,20,18,13,7,11,12,14],[5,1,13,21,17,19,23,24,20,22,9,18,7,11,12,15],[9,1,13,5,17,21,23,19,20,24,18,7,11,12,15],[5,1,17,9,13,21,19,23,24,20,18,7,11,12,15],[1,5,9,17,13,21,19,23,24,20,18,7,11,12,15],[13,21,1,5,17,23,19,24,20,22,9,18,7,11,12,15],[1,21,9,17,23,19,20,24,22,5,13,18,7,11,12,15],[9,17,1,21,23,19,20,24,22,5,13,18,7,11,12,15],[1,17,5,9,13,21,19,23,20,24,18,7,11,12,15],[9,5,21,4,19,13,1,7,11,23,24,12,15],[5,21,9,13,19,1,23,7,10,11,24,12,22,15],[13,21,5,17,19,23,24,20,22,9,1,18,7,11,12,15],[13,5,21,1,9,17,19,23,20,24,18,7,10,11,12,22,15],[5,9,17,15,1,21,19,23,20,24,22,18,7,11,12],[13,17,5,1,21,23,19,24,20,22,9,18,7,11,12,15],[5,21,9,1,17,19,23,24,20,22,13,18,7,11,12,15],[21,17,19,23,24,20,18,7,9,13,1,11,12,15],[1,5,9,21,13,17,23,19,20,24,18,7,11,12,15],[13,9,5,1,21,17,19,23,24,20,18,7,11,12,22,15],[17,3,1,5,13,23,9,7,21,19,24,20,18,11,12,15],[5,17,21,23,19,20,24,18,9,1,13,7,11,12,15],[1,17,13,21,19,23,24,20,22,5,9,18,7,11,12,15],[13,5,21,17,23,19,20,24,18,1,9,7,11,12,16],[17,5,13,1,21,23,19,24,20,22,9,18,7,11,12,15],[5,17,21,19,23,24,20,22,9,1,13,18,7,11,12,15],[13,9,21,7,1,17,19,23,20,24,22,18,11,12,15],[1,17,5,9,21,23,19,20,24,18,13,7,11,12,15],[5,21,9,13,1,20,17,23,19,24,22,18,7,11,12,15],[17,1,5,9,21,23,19,20,24,22,13,18,7,11,12,15],[1,21,5,9,13,17,19,23,20,24,22,18,7,11,12,15],[1,9,13,21,5,17,23,19,20,24,18,7,11,12,15],[21,1,13,5,9,17,23,19,20,24,18,7,12,14],[17,1,24,9,13,5,19,7,11,12,20,15],[13,5,9,1,17,21,19,23,24,20,22,18,7,11,12,15],[17,9,21,19,23,20,24,18,1,5,13,7,11,12,15],[9,1,13,17,21,19,23,24,20,18,5,7,11,12,15],[5,1,13,17,21,19,23,24,20,18,9,7,11,12,15],[9,1,5,13,17,21,19,23,20,24,18,7,11,12,15],[5,13,1,17,23,9,7,21,19,20,24,22,18,11,12,15],[21,1,17,19,23,24,20,18,13,5,9,7,11,12,15],[5,17,9,4,23,13,1,7,21,19,20,24,18,11,12,15],[21,9,5,13,1,17,19,23,24,20,22,18,7,11,12,15],[17,9,3,1,5,21,19,23,20,24,18,13,7,11,12,15],[1,17,15,9,5,21,19,23,24,20,22,18,7,11,12],[13,1,21,5,17,23,19,24,20,18,9,7,11,12,15],[1,5,17,23,9,15,7,21,19,20,24,22,18,11,12],[5,1,21,17,23,19,24,20,22,13,12,18,7,15],[13,9,1,5,21,17,23,19,24,20,22,18,7,11,12,15],[5,17,1,9,15,21,23,19,20,24,18,7,11,12],[1,17,7,13,21,19,23,24,20,18,9,11,12,15],[9,5,17,21,23,19,20,24,18,13,1,7,11,12,15],[9,1,5,21,13,17,23,19,24,20,22,18,7,11,12,15],[13,17,23,9,1,5,7,21,19,24,20,18,11,12,15],[9,1,5,13,21,17,23,19,20,24,18,7,11,12,15],[1,9,21,13,5,17,19,23,24,20,22,18,7,11,12,15],[17,1,9,21,23,19,24,20,22,15,5,18,7,11,12],[5,1,13,9,17,21,23,19,20,24,22,18,7,11,12,15],[5,13,17,21,19,23,20,24,18,9,1,7,11,12,15],[17,21,19,23,24,20,18,1,13,11,9,12,5,7,15],[5,21,12,3,1,13,17,23,19,24,20,18,7,15],[13,17,9,21,23,19,24,20,22,5,1,18,7,11,12,15],[17,5,13,21,23,19,20,24,18,1,9,7,11,12,15],[1,13,5,21,9,17,23,19,20,24,18,7,11,12,15],[17,9,15,5,21,19,23,20,24,22,3,1,18,7,11,12],[17,23,7,1,9,13,21,19,24,20,22,18,11,12,15],[13,21,10,9,23,11,24,12,22,5,17,19,20,18,1,7,15],[13,5,9,1,17,21,23,19,24,20,22,18,7,11,12,15],[21,1,13,17,19,23,20,24,22,9,5,18,7,11,12,15],[13,9,21,17,23,19,24,20,18,5,1,7,11,12,16],[13,17,9,21,23,19,24,20,22,5,3,1,18,7,11,12,15],[5,21,17,19,23,24,20,22,13,9,1,18,7,11,12,15],[17,5,16,9,21,19,23,20,24,22,1,18,7,13,11,12,15],[13,5,21,17,23,19,24,20,22,1,9,18,7,11,12,15],[21,19,1,5,9,13,23,7,11,24,12,15],[13,5,21,9,1,17,19,23,24,20,18,7,11,12,15],[9,17,21,19,23,24,20,18,1,5,13,7,11,12,15],[1,5,21,14,17,19,23,20,24,18,9,7,13,11,12],[5,17,9,21,19,23,24,20,18,1,13,7,11,12,15],[21,4,5,17,19,23,24,20,22,13,9,18,7,1,11,12,15],[9,1,21,13,5,17,19,23,24,20,18,6,11,12,15,22,7],[5,1,13,17,21,23,19,24,20,22,9,18,8,11,12,15],[13,17,5,1,21,23,19,24,20,18,11,9,12,7,15],[9,17,21,23,19,20,24,18,13,1,5,7,11,12,15],[5,17,9,23,1,13,19,7,21,20,24,22,18,11,12,15],[1,13,21,10,9,23,11,24,12,22,7,17,19,20,18,15],[21,17,19,23,20,24,22,11,9,12,13,7,1,18,15],[1,17,9,5,13,21,23,19,24,20,22,18,7,11,12,15],[1,5,17,21,23,19,20,24,18,13,9,7,11,12,15],[9,5,17,22,1,13,7,11,19,12,20,15],[5,1,21,17,23,19,24,20,18,9,13,7,11,12,15],[17,9,5,14,21,19,23,24,20,22,1,18,7,11,12,13],[1,17,21,19,23,20,24,22,9,5,13,18,7,11,12,15],[1,17,13,11,9,19,20,12,21,23,24,18,5,7,14],[21,5,19,13,1,9,7,24,11,23,12,15],[1,9,17,21,23,19,24,20,22,7,13,18,11,12,15],[17,9,5,13,1,21,19,23,20,24,22,18,7,11,12,15],[9,1,21,5,17,23,19,24,20,22,13,18,7,11,12,15],[21,9,5,17,19,23,24,20,18,1,13,7,11,12,15],[17,1,5,9,21,23,19,24,20,22,13,18,7,11,12,15],[21,9,13,17,19,23,24,20,18,1,5,7,11,12,15],[13,21,9,1,5,17,23,19,20,24,22,18,7,11,12,15],[21,1,9,5,17,19,23,24,20,18,13,7,11,12,15],[1,21,9,7,13,17,23,19,24,20,18,11,12,15],[5,13,1,17,23,9,7,21,19,20,24,18,11,12,15],[1,21,9,13,17,19,23,24,20,22,5,18,7,11,12,15],[9,21,17,23,19,20,24,22,1,13,5,18,7,11,12,15],[1,21,13,17,19,23,20,24,22,5,9,18,7,11,12,15],[21,9,13,17,19,23,20,24,22,5,1,18,7,11,12,15],[9,17,1,5,23,13,7,21,19,24,20,18,11,12,15],[13,1,9,5,17,21,19,23,20,24,18,7,11,12,15],[1,5,13,9,21,19,23,7,11,24,12,16],[17,13,21,23,19,20,24,22,1,5,9,18,7,11,12,15],[9,5,13,1,21,17,19,23,24,20,18,7,11,12,15],[21,17,19,23,24,20,22,13,1,5,9,18,7,11,12,15],[17,9,1,5,13,21,19,23,24,20,22,18,7,11,12,15],[13,5,1,21,9,17,23,19,24,20,22,18,7,11,12,15],[21,20,17,23,19,24,22,13,9,5,1,18,7,11,12,15],[1,5,21,13,9,17,23,19,24,20,18,7,11,12,15],[21,9,18,15,1,5,23,7,11,24,12],[21,1,17,19,23,20,24,22,5,9,13,18,7,11,12,15],[13,21,1,17,19,23,20,24,22,9,5,18,7,11,12,15],[21,5,13,1,9,17,19,23,24,20,22,18,7,11,12,15],[9,1,5,21,17,23,19,24,20,18,13,7,11,12,15],[21,9,1,5,17,23,19,20,24,18,13,7,11,12,15],[17,21,23,19,20,24,18,5,9,15,1,8,11,12],[1,21,5,15,9,19,7,23,11,24,12],[21,5,13,1,17,19,23,20,24,22,9,18,7,11,12,15],[9,5,1,21,15,17,19,23,20,24,18,7,11,12],[17,9,1,5,21,19,23,24,20,18,13,7,11,12,15],[5,17,1,13,21,19,23,20,24,22,9,18,7,11,12,15],[13,21,19,5,11,9,23,24,12,1,7,15],[13,21,9,5,1,17,19,23,20,24,22,18,7,11,12,15],[9,17,1,5,21,23,19,24,20,22,13,18,7,11,12,15],[13,5,21,17,19,23,24,20,18,1,9,7,11,12,15],[13,1,21,17,19,23,20,24,18,9,5,7,11,12,15],[17,1,21,19,23,24,20,18,13,5,11,9,12,7,15],[21,1,5,17,23,19,20,24,18,13,9,7,11,12,15],[9,5,1,13,21,17,23,19,24,20,18,7,11,12,15],[9,1,13,21,17,23,19,24,20,18,5,7,11,12,15],[21,3,1,17,23,19,24,20,18,9,5,15,7,11,12],[21,1,7,9,17,23,19,20,24,18,13,11,12,15],[21,5,17,19,23,20,24,22,9,1,13,18,7,11,12,15],[5,9,17,3,1,13,21,19,23,24,20,18,7,11,12,16,22,15],[5,1,9,13,17,21,23,19,24,20,18,7,11,12,15],[1,5,21,11,9,23,12,20,17,19,24,18,13,7,15],[21,17,23,19,20,24,22,14,9,5,1,18,7,11,12,13],[21,5,1,17,23,19,20,24,18,9,13,7,11,12,15],[1,17,5,9,13,23,7,21,19,20,24,18,11,12,15],[1,13,21,17,19,23,24,20,22,5,9,18,7,11,12,15],[5,17,1,13,9,21,23,19,24,20,22,18,7,11,12,15],[9,17,5,13,3,1,21,19,23,24,20,22,18,7,11,12,15],[13,1,9,17,5,21,23,19,20,24,22,18,7,11,12,15],[17,13,7,21,19,23,20,24,22,9,1,18,11,12,15],[5,1,13,17,9,21,19,23,20,24,18,7,11,12,15],[1,5,21,9,13,19,23,7,11,24,12,15],[17,5,13,9,3,1,21,19,23,20,24,22,18,7,11,12,15],[17,5,1,21,19,23,20,24,18,13,9,7,11,12,15],[21,1,9,15,17,23,19,20,24,18,6,5,11,12,22,7],[13,17,21,19,23,24,20,18,5,9,1,7,11,12,15],[21,5,9,17,19,23,20,24,18,1,13,7,11,12,15],[21,9,13,7,17,19,23,24,20,22,1,18,11,12,15],[1,9,21,17,23,19,20,24,18,5,13,7,11,12,15],[1,9,17,13,5,21,19,23,20,24,22,18,7,11,12,15],[17,21,23,19,24,20,18,9,13,7,1,11,12,15],[9,1,5,13,17,21,19,23,24,20,18,7,11,12,15],[1,5,17,21,23,19,20,24,18,13,9,7,11,12,15],[21,19,1,5,13,9,7,11,23,24,12,15],[21,15,1,9,17,23,19,24,20,18,5,7,12],[5,1,21,13,9,17,23,19,20,24,18,7,11,12,15],[9,1,21,5,15,17,19,23,24,20,22,18,7,11,12],[5,21,17,23,19,20,24,18,9,1,13,7,11,12,15],[17,5,21,19,23,24,20,18,1,9,13,7,12,15],[9,13,21,1,5,17,23,19,20,24,22,18,7,11,12,15],[13,21,6,1,9,17,23,19,24,20,22,18,5,11,12,15,7],[1,17,5,21,23,19,24,20,18,13,9,7,11,12,15],[9,5,21,3,1,17,23,19,20,24,18,13,7,11,12,15],[13,1,17,21,23,19,24,20,18,9,5,7,11,12,15],[13,21,9,17,23,19,20,24,22,1,5,18,7,11,12,15],[9,17,13,1,21,19,23,24,20,18,5,7,11,12,15],[21,1,5,17,23,19,24,20,22,13,9,18,7,11,12,15],[21,5,9,13,1,17,19,23,20,24,22,18,7,11,12,15],[1,21,5,9,17,23,19,20,24,22,13,18,7,11,12,15],[21,11,9,23,24,12,17,19,20,18,5,13,1,7,15],[13,17,21,19,23,24,20,18,1,5,11,9,12,7,15],[13,1,9,21,17,23,19,24,20,18,5,7,11,12,15],[17,13,21,23,19,20,24,22,9,1,5,18,7,11,12,15],[13,5,21,17,19,23,20,24,22,9,1,18,7,11,12,15],[1,9,5,21,13,17,19,23,24,20,22,18,7,11,12,15],[21,1,13,17,19,23,20,24,18,5,9,7,11,12,15],[5,17,13,9,1,21,23,19,20,24,22,18,7,11,12,15],[9,5,1,17,21,23,19,24,20,18,13,7,11,12,15],[17,13,5,1,9,21,23,19,20,24,18,7,11,12,15],[17,9,13,1,22,5,7,19,11,12,20,15],[1,17,13,21,23,19,24,20,18,9,5,7,11,12,15],[21,17,19,23,24,20,22,5,1,13,11,9,12,18,7,15],[1,13,5,9,17,21,19,23,20,24,18,7,11,12,15],[9,5,13,1,21,17,19,23,20,24,22,18,7,11,12,15],[13,21,17,19,23,24,20,18,5,9,1,7,11,12,15],[1,13,9,17,5,21,19,23,20,24,18,7,11,12,15],[17,5,21,23,19,24,20,18,1,9,13,7,11,12,15],[13,1,21,17,23,19,24,20,18,9,5,7,11,12,15],[1,9,21,5,13,17,23,19,20,24,22,18,7,11,12,15],[9,1,21,13,5,17,23,19,24,20,22,18,7,11,12,15],[13,1,9,21,5,19,23,7,11,24,12,15],[13,17,5,21,19,23,20,24,18,3,1,9,7,11,12,15],[9,13,5,1,21,17,19,23,24,20,22,18,7,11,12,15],[13,1,5,21,11,9,23,12,17,19,24,20,18,7,15],[21,9,1,13,5,17,19,23,24,20,18,7,11,12,15],[21,9,3,1,17,23,19,20,24,18,13,5,7,11,12,15],[21,1,15,7,17,19,23,20,24,18,9,11,12],[21,13,1,9,5,17,19,23,20,24,18,7,11,12,15],[1,17,9,13,5,24,7,19,11,20,12,15],[13,5,17,21,23,19,24,20,22,1,9,18,7,11,12,15],[21,17,19,23,24,20,18,1,5,11,9,12,13,7,15],[13,17,9,5,1,21,19,23,24,20,18,7,11,12,15],[9,1,13,21,7,17,19,23,20,24,22,18,11,12,15],[5,17,1,13,21,23,19,20,24,22,11,9,12,18,7,15],[5,21,17,19,23,24,20,22,15,1,9,18,7,11,12],[1,17,13,9,21,23,19,20,24,22,5,18,7,11,12,15],[1,5,17,9,13,21,19,23,24,20,22,18,7,11,12,15],[17,1,9,13,21,19,23,20,24,22,7,18,11,12,15],[9,13,5,21,17,23,19,20,24,18,1,7,11,12,16],[21,19,1,9,14,5,23,7,13,12],[17,13,24,5,1,9,19,7,11,12,20,15],[17,23,13,5,9,1,7,21,19,20,24,18,11,12,15],[21,5,11,9,23,12,15,1,17,19,20,24,22,18,7],[1,17,5,21,19,23,20,24,22,9,13,18,7,11,12,15],[9,13,5,17,1,21,19,23,20,24,22,18,7,11,12,15],[1,13,5,17,21,19,23,24,20,18,9,7,11,12,15],[13,5,1,9,17,21,19,23,20,24,18,7,11,12,15],[13,21,2,1,9,5,17,19,23,24,20,18,7,11,12,15],[5,21,13,1,9,17,23,19,24,20,18,7,11,12,15],[5,17,4,23,13,9,1,19,7,21,24,20,18,11,12,15],[9,21,5,17,19,23,24,20,22,1,13,18,7,11,12,15],[1,9,13,5,21,17,23,19,20,24,22,18,7,11,12,15],[21,1,13,17,19,23,24,20,22,5,9,18,7,11,12,15],[13,17,9,21,23,19,24,20,18,5,1,7,11,12,15],[17,1,13,9,7,21,19,23,24,20,18,11,12,15],[17,9,21,23,19,24,20,22,5,13,1,18,7,11,12,15],[5,1,21,19,9,13,23,7,11,12,14],[13,17,1,23,5,9,19,7,21,20,24,18,11,12,15],[17,21,19,23,24,20,18,5,13,9,1,7,11,12,15],[5,21,12,13,17,19,23,20,24,18,1,7,15],[9,13,17,21,23,19,20,24,18,1,5,7,11,12,16,22],[1,13,21,5,17,19,23,24,20,18,9,7,11,12,15],[1,17,5,21,19,23,24,20,22,9,13,18,7,11,12,15],[21,13,17,23,19,20,24,22,12,1,5,18,7,15],[9,17,8,1,13,21,19,23,24,20,18,11,12,15],[17,5,1,13,21,23,19,20,24,18,9,6,11,12,15,22,7],[21,19,5,1,13,9,7,10,23,11,24,12,22,15],[13,9,5,1,17,21,19,23,20,24,22,18,7,11,12,15],[17,21,19,23,20,24,22,13,5,11,9,12,1,18,7,15],[21,1,13,5,9,17,19,23,24,20,18,7,11,12,15],[1,5,17,13,9,21,23,19,20,24,18,7,12,15],[13,17,1,5,9,21,23,19,20,24,22,18,7,11,12,15],[13,21,17,19,23,20,24,18,1,9,5,7,12,15],[17,9,21,23,19,24,20,18,5,1,15,7,11,12],[17,13,5,21,23,19,24,20,18,9,1,7,11,12,15],[13,1,21,9,7,19,23,11,12,15],[9,1,21,5,17,19,23,24,20,22,13,18,7,11,12,15],[1,17,9,7,13,21,19,23,20,24,18,11,12,15],[5,17,9,21,19,23,20,24,22,13,1,18,7,11,12,15],[5,21,9,1,17,23,19,24,20,18,13,7,11,12,15],[21,9,1,17,19,23,24,20,22,5,13,18,7,11,12,15],[17,1,9,13,5,21,23,19,24,20,18,7,11,12,15],[13,21,17,23,19,20,24,22,1,9,5,18,7,11,12,15],[21,9,13,17,23,19,20,24,22,1,5,18,7,11,12,15],[13,21,17,23,19,24,20,18,5,1,9,7,11,12,15],[5,13,17,9,1,21,23,19,24,20,18,7,11,12,15],[17,1,9,5,13,23,19,7,21,20,24,18,11,12,15],[13,21,17,19,23,20,24,18,5,11,9,12,1,8,15],[9,17,21,23,19,24,20,18,13,1,5,7,11,12,15],[5,1,17,9,21,23,19,24,20,18,13,7,11,12,15],[1,5,13,9,17,21,19,23,24,20,18,7,11,12,15],[17,5,9,21,19,23,20,24,22,13,1,18,7,11,12,15],[21,13,17,19,23,24,20,18,11,9,12,1,5,7,15],[1,13,17,5,21,23,19,20,24,18,9,7,11,12,15],[5,21,12,13,17,23,19,20,24,22,1,18,7,15],[5,9,1,21,17,19,23,20,24,18,13,7,11,12,15],[5,13,1,9,21,17,19,23,20,24,22,18,7,11,12,15],[21,13,9,1,7,17,19,23,20,24,22,18,11,12,15],[17,21,23,19,24,20,22,9,5,1,13,18,7,11,12,15],[13,9,1,17,5,21,23,19,20,24,18,7,11,12,15],[13,1,9,17,21,19,23,24,20,22,5,18,7,11,12,15],[13,9,21,5,17,23,19,20,24,18,1,7,11,12,15],[9,1,17,15,5,21,19,23,24,20,22,18,7,11,12],[1,17,15,7,9,23,21,19,24,20,18,11,12],[9,1,13,17,5,21,19,23,20,24,22,18,7,11,12,15],[9,13,1,17,21,19,23,24,20,22,5,18,7,11,12,15],[5,9,21,13,1,17,23,19,24,20,22,18,7,11,12,15],[17,21,23,19,20,24,18,13,1,5,9,7,11,12,15],[21,17,23,19,20,24,18,11,9,12,3,1,5,13,7,15],[5,9,21,1,13,19,23,7,11,24,12,15],[13,17,1,21,23,19,24,20,18,9,5,7,11,12,15],[21,5,13,17,23,19,24,20,22,9,1,18,7,11,12,15],[13,1,5,21,9,17,23,19,24,20,22,18,7,11,12,15],[5,21,17,23,19,20,24,18,1,13,9,7,11,12,15],[21,5,1,9,13,19,7,11,23,12,16],[9,17,1,13,21,23,19,24,20,18,5,7,11,12,15],[9,1,13,5,21,17,19,23,24,20,18,7,11,12,15],[21,14,1,5,9,17,19,23,20,24,22,18,7,11,12,13],[9,1,21,13,5,17,19,23,20,24,18,7,11,12,15],[13,9,1,21,17,23,19,24,20,22,5,18,7,11,12,15],[5,1,21,9,13,17,23,19,24,20,22,18,7,11,12,15],[17,13,7,1,21,19,23,24,20,18,9,11,12,14,22],[17,5,1,13,21,19,23,20,24,22,9,18,7,11,12,15],[13,17,5,21,23,19,20,24,22,9,1,18,7,11,12,15],[5,13,9,1,21,19,7,23,11,24,12,16],[13,17,21,19,23,24,20,18,9,5,1,7,11,12,15],[13,17,21,19,23,20,24,18,5,9,1,7,11,12,15],[13,1,5,21,9,17,19,23,20,24,22,18,7,11,12,15],[1,13,5,9,21,17,23,19,24,20,18,7,11,12,15],[5,1,17,9,23,13,19,7,21,20,24,18,11,12,15],[17,13,1,5,11,9,19,12,21,23,20,24,22,18,7,15],[5,13,1,9,17,21,19,23,24,20,18,7,11,12,15],[9,5,21,13,17,19,23,24,20,18,1,7,11,12,15],[21,13,5,9,1,17,23,19,20,24,18,7,11,12,15],[17,5,21,23,19,20,24,18,1,9,13,7,11,12,15],[9,5,17,13,1,21,19,23,20,24,18,7,11,12,15],[1,17,9,21,19,23,24,20,22,5,13,18,7,11,12,15],[13,5,1,9,17,21,23,19,24,20,18,7,11,12,15],[13,5,17,21,19,23,24,20,18,9,1,7,11,12,15],[1,21,9,5,17,19,23,20,24,18,13,6,11,12,15,22,7],[17,5,1,9,21,19,23,20,24,22,13,18,7,11,12,15],[9,1,17,21,19,23,24,20,22,13,5,18,7,11,12,15],[1,17,13,21,23,19,24,20,18,5,9,7,11,12,16],[17,3,1,13,21,19,23,20,24,18,9,5,7,11,12,15],[17,21,19,23,24,20,18,13,3,1,5,9,7,10,11,12,22,15],[21,13,5,1,19,9,23,6,10,11,24,12,22,15,7],[21,9,13,17,23,19,20,24,22,1,5,18,7,11,12,15],[9,21,17,19,23,20,24,22,13,5,1,18,7,11,12,15],[9,21,17,23,19,20,24,22,1,5,13,18,7,11,12,15],[13,9,17,21,19,23,24,20,22,5,1,18,7,11,12,15],[5,17,13,21,19,23,20,24,22,1,9,18,7,11,12,15],[17,21,19,23,24,20,22,1,13,5,9,18,7,11,12,15],[21,1,5,13,12,17,23,19,24,20,18,7,15],[13,21,5,17,23,19,24,20,18,9,3,1,7,11,12,15],[13,21,1,5,9,17,19,23,20,24,22,18,7,11,12,15],[1,13,17,21,23,19,20,24,18,5,9,7,11,12,15],[9,5,17,1,13,21,23,19,24,20,22,18,7,11,12,15],[5,1,17,15,21,23,19,24,20,22,9,18,7,11,12],[17,9,5,3,1,23,13,8,21,19,24,20,18,11,12,15],[1,17,21,19,23,24,20,22,9,13,5,18,7,11,12,15],[5,1,17,13,21,19,23,24,20,18,9,7,11,12,15],[1,21,18,13,5,9,23,7,11,12,16],[1,5,13,21,9,17,23,19,20,24,18,7,11,12,15],[5,17,21,23,19,20,24,22,13,9,1,18,7,11,12,15],[21,5,1,13,9,18,23,7,11,12,15],[21,5,9,19,15,1,23,7,11,12],[13,17,5,1,21,19,23,24,20,18,9,7,11,12,15],[5,9,21,17,19,23,24,20,22,1,13,18,7,11,12,15],[13,1,17,9,5,21,19,23,24,20,22,18,7,11,12,15],[17,1,5,9,21,19,23,24,20,18,16,13,7,11,12],[5,1,13,9,17,21,19,23,24,20,22,18,7,11,12,15],[5,9,13,1,17,21,19,23,20,24,22,18,7,11,12,15],[9,21,1,17,23,19,20,24,22,13,5,18,7,11,12,15],[21,5,17,19,23,24,20,18,1,13,9,7,11,12,15],[5,21,1,9,13,17,19,23,24,20,22,18,7,11,12,15],[21,17,23,19,24,20,18,1,11,9,12,13,5,7,15],[17,9,5,13,21,23,19,20,24,22,1,18,7,11,12,15],[13,5,21,9,17,19,23,24,20,18,3,1,7,11,12,15],[5,1,17,21,19,23,24,20,18,13,9,7,11,12,15],[1,9,5,17,21,23,19,20,24,22,15,18,7,11,12],[17,21,23,19,20,24,18,13,5,9,1,7,11,12,15],[9,5,13,1,17,23,7,21,19,24,20,22,18,11,12,15],[13,9,1,21,5,17,23,19,24,20,22,18,7,11,12,15],[5,21,1,13,17,23,19,20,24,18,9,7,11,12,15],[9,13,1,17,21,23,19,20,24,18,8,11,12,15],[13,17,5,1,21,23,19,24,20,22,9,18,7,11,12,15],[5,21,9,13,3,1,17,23,19,20,24,18,7,11,12,15],[21,5,1,15,9,17,23,19,20,24,22,18,7,11,12],[13,9,17,21,23,19,20,24,18,1,5,7,11,12,15],[17,23,9,13,5,1,7,21,19,20,24,18,11,12,16],[9,5,17,1,21,23,19,20,24,22,13,18,7,11,12,15],[5,17,9,21,23,19,20,24,18,3,1,13,7,11,12,15],[13,9,21,3,1,5,17,19,23,24,20,18,7,11,12,16,22,15],[5,13,21,17,19,23,20,24,22,1,9,18,7,11,12,15],[17,5,15,21,19,23,20,24,22,9,1,18,7,11,12],[13,9,21,3,1,5,17,19,23,24,20,18,7,11,12,15],[21,1,17,23,19,24,20,18,5,13,9,8,11,12,15],[5,17,21,23,19,20,24,22,1,9,15,18,7,11,12],[17,5,9,23,13,1,7,21,19,24,20,18,11,12,15],[5,17,9,1,13,21,23,19,24,20,22,18,7,11,12,15],[1,17,9,5,13,21,23,19,20,24,22,18,7,11,12,15],[13,1,17,5,9,21,23,19,20,24,18,7,11,12,15],[17,5,1,13,9,21,19,23,24,20,18,7,11,12,14],[9,17,15,5,1,21,19,23,20,24,22,18,7,11,12],[17,13,5,1,10,9,19,11,20,12,18,21,23,24,22,7,15],[5,1,17,9,13,21,23,19,20,24,18,7,11,12,15],[1,5,17,13,9,21,23,19,24,20,22,18,7,11,12,15],[1,21,15,9,7,17,19,23,20,24,18,11,12],[9,5,21,17,19,23,24,20,22,1,13,18,7,11,12,15],[13,21,5,19,9,1,7,23,12,15],[13,5,17,1,22,11,9,19,12,7,20,15],[5,21,17,19,23,24,20,18,13,9,1,7,10,11,12,22,15],[9,21,3,1,13,5,17,19,23,24,20,18,7,11,12,15],[17,9,13,21,23,19,20,24,22,5,1,18,7,11,12,15],[13,17,21,23,19,24,20,22,1,5,9,18,7,11,12,15],[21,13,9,1,17,23,19,20,24,18,5,7,11,12,15],[1,21,5,17,23,19,20,24,18,9,13,7,11,12,15],[17,9,21,19,23,20,24,22,13,3,1,5,18,7,11,12,15],[5,13,21,9,17,23,19,20,24,18,1,7,11,12,15],[21,9,1,17,23,19,24,20,18,13,5,7,11,12,15],[5,1,21,13,17,23,19,20,24,22,9,18,7,11,12,15],[5,17,21,19,23,20,24,22,1,14,9,18,7,11,12,13],[17,21,23,19,20,24,22,5,1,9,13,18,7,11,12,15],[5,9,13,1,17,21,19,23,20,24,22,18,7,11,12,15],[9,17,7,13,1,21,23,19,20,24,18,11,12,16,22,15],[17,13,1,21,19,23,20,24,22,5,9,18,7,11,12,15],[13,21,5,3,1,17,19,23,24,20,18,9,7,11,12,15],[5,21,19,1,9,13,7,23,11,12,15],[13,1,17,5,21,23,19,20,24,18,11,9,12,7,15],[1,9,21,13,17,23,19,24,20,22,5,18,7,11,12,15],[5,9,21,16,1,17,19,23,20,24,18,13,7,11,12],[1,5,21,17,19,23,24,20,22,9,15,18,7,11,12],[17,21,23,19,20,24,18,1,9,5,13,7,11,12,15],[17,21,19,23,20,24,22,1,13,10,9,11,12,18,5,7,15],[5,13,9,17,24,1,19,7,11,12,20,15],[1,13,5,17,21,23,19,20,24,18,9,7,11,12,15],[1,17,21,23,19,24,20,18,13,5,9,7,11,12,15],[21,17,19,23,20,24,22,9,1,13,5,18,7,11,12,15],[1,21,17,19,23,20,24,22,13,5,9,18,7,11,12,15],[9,5,21,1,17,23,19,24,20,18,13,7,11,12,15],[9,17,21,19,23,20,24,18,13,1,5,7,11,12,16],[5,9,13,1,17,21,19,23,24,20,18,7,11,12,16,22],[17,9,5,4,13,21,23,19,24,20,18,1,7,11,12,15],[17,13,5,9,21,23,19,20,24,18,1,7,11,12,15],[1,5,21,9,17,23,19,20,24,18,13,7,11,12,15],[21,17,23,19,24,20,18,9,5,13,1,7,11,12,14],[17,13,5,9,21,23,19,24,20,22,1,18,7,11,12,15],[9,13,21,19,5,3,1,23,7,11,12,14],[21,9,1,19,14,5,7,15,22,11,23,12],[13,1,17,9,5,23,19,7,21,20,24,22,18,11,12,15],[9,17,21,19,23,24,20,22,13,1,7,18,11,12,15],[1,9,5,21,13,17,19,23,20,24,18,7,11,12,15],[5,17,9,13,1,21,19,23,24,20,18,7,11,12,15],[17,13,5,9,1,21,19,23,20,24,18,7,11,12,15],[17,13,1,21,19,23,20,24,18,5,9,7,11,12,15],[17,1,9,13,5,21,23,19,20,24,22,18,7,11,12,15],[13,17,5,1,9,21,19,23,20,24,18,7,11,12,15],[13,9,1,5,17,23,7,21,19,24,20,18,11,12,15],[13,17,21,19,23,24,20,18,9,5,1,7,11,12,15],[13,17,9,1,21,23,19,20,24,22,5,18,7,11,12,15],[13,17,21,23,19,24,20,22,1,7,9,18,11,12,15],[1,21,17,23,19,24,20,18,13,9,5,7,11,12,15],[1,9,21,17,23,19,24,20,22,16,5,18,7,13,11,12,15],[9,5,21,13,17,23,19,20,24,22,1,18,7,11,12,15],[21,1,13,9,5,17,19,23,24,20,18,7,11,12,15],[1,17,21,23,19,20,24,22,13,5,9,18,7,11,12,15],[13,9,21,4,7,19,1,11,23,12,15],[21,1,5,13,9,20,17,23,19,24,18,7,12,15],[1,9,13,17,21,19,23,24,20,22,5,18,7,11,12,15],[9,21,5,17,23,19,20,24,18,1,13,7,11,12,15],[21,13,1,9,17,19,23,20,24,18,5,7,11,12,15],[17,1,9,15,21,19,23,24,20,18,5,7,11,12],[1,21,13,9,17,19,23,20,24,22,5,18,7,11,12,15],[13,9,5,21,1,17,23,19,20,24,22,18,7,11,12,15],[9,21,17,23,19,20,24,18,13,5,1,7,11,12,15],[9,5,13,17,1,21,23,19,20,24,22,18,7,11,12,15],[9,13,17,23,4,5,1,7,21,19,24,20,22,18,11,12,15],[9,17,1,5,13,21,23,19,24,20,18,7,11,12,15],[17,1,13,9,21,23,19,20,24,18,5,7,11,12,15],[5,1,9,21,17,23,19,20,24,22,13,18,7,11,12,15],[1,13,17,21,19,23,24,20,22,12,5,18,7,15],[13,5,17,1,9,21,23,19,24,20,22,18,7,11,12,15],[17,5,21,23,19,20,24,18,1,9,13,7,11,12,15],[1,5,13,9,17,21,19,23,24,20,18,7,11,12,15],[13,5,21,17,19,23,24,20,22,1,9,18,7,11,12,15],[5,9,13,1,17,21,19,23,20,24,18,7,11,12,15],[5,9,21,3,1,13,17,19,23,24,20,22,18,7,11,12,15],[13,5,17,1,9,21,19,23,24,20,22,18,7,11,12,15],[9,17,5,3,1,13,21,19,23,20,24,22,18,7,11,12,15],[5,21,9,15,17,19,23,24,20,18,1,7,11,12],[21,9,13,17,19,23,24,20,22,5,1,18,7,11,12,15],[17,9,23,1,5,13,19,7,21,20,24,22,18,11,12,15],[13,1,5,9,17,21,23,19,20,24,22,18,7,11,12,15],[1,9,21,17,19,23,20,24,22,13,5,18,7,11,12,15],[17,1,9,7,21,19,23,24,20,18,13,11,12,15],[5,17,13,9,21,19,23,24,20,18,1,7,11,12,15],[17,13,3,1,9,21,19,23,24,20,18,5,7,11,12,15],[9,17,21,19,23,24,20,18,1,5,13,7,11,12,15],[1,5,17,13,9,21,19,23,20,24,18,7,11,12,15],[9,1,13,17,22,5,19,7,11,12,20,15],[5,13,17,21,23,19,20,24,22,1,9,18,7,11,12,15],[5,17,1,13,21,23,19,20,24,22,9,18,7,11,12,15],[9,13,17,1,5,21,23,19,20,24,22,18,7,11,12,15],[13,9,1,5,17,21,19,23,24,20,22,18,7,11,12,15],[5,9,1,13,17,21,23,19,20,24,22,18,7,11,12,15],[13,1,5,9,17,21,23,19,24,20,18,7,11,12,15],[5,1,13,9,21,17,19,23,20,24,22,18,7,11,12,15],[13,1,9,21,5,17,19,23,20,24,22,18,7,11,12,15],[21,9,13,19,5,1,23,7,11,12,15],[17,22,5,13,1,9,20,7,10,11,19,12,18,15,21,23,24],[17,15,9,5,1,21,19,23,20,24,18,7,11,12],[13,1,9,5,17,21,19,23,20,24,18,7,11,12,15],[13,17,5,21,19,23,20,24,22,1,9,18,7,11,12,15],[17,1,21,19,23,20,24,22,5,13,9,18,7,11,12,15],[9,13,1,17,5,21,23,19,24,20,22,18,7,11,12,15],[5,17,11,9,19,20,12,13,21,23,24,18,1,7,15],[13,1,21,17,23,19,20,24,22,9,5,18,7,11,12,15],[13,21,3,1,17,19,23,20,24,18,5,9,7,11,12,15],[9,5,17,13,1,21,19,23,20,24,18,7,11,12,15],[21,16,1,17,19,23,20,24,18,5,9,13,7,11,12,22],[13,5,1,21,9,17,23,19,20,24,22,18,7,11,12,15],[17,13,1,5,9,21,19,23,20,24,22,18,7,11,12,15],[21,13,9,5,17,19,23,20,24,22,1,18,7,11,12,15],[21,17,19,23,24,20,18,13,9,1,5,7,11,12,15],[9,1,21,5,17,19,23,20,24,18,13,7,11,12,15],[9,13,5,1,17,21,19,23,20,24,18,7,11,12,15],[1,5,17,9,21,19,23,24,20,22,13,18,7,11,12,15],[17,1,21,19,23,20,24,22,5,13,9,18,7,11,12,15],[9,21,13,5,17,19,23,24,20,18,1,7,11,12,15],[5,1,21,17,23,19,20,24,22,13,9,18,7,11,12,15],[21,13,1,5,11,9,23,24,12,17,19,20,18,7,15],[9,13,1,5,17,21,23,19,24,20,22,18,7,11,12,15],[5,9,1,13,21,17,23,19,24,20,18,7,11,12,15],[1,13,17,21,23,19,24,20,22,11,9,12,5,18,7,15],[1,9,21,5,13,17,19,23,24,20,18,7,11,12,15],[1,5,17,13,21,23,19,24,20,18,9,7,11,12,15],[17,5,13,1,21,23,19,20,24,22,9,18,7,11,12,15],[13,9,5,21,1,17,23,19,24,20,22,18,7,11,12,15],[9,17,13,1,21,23,19,24,20,18,5,7,11,12,15],[17,13,1,21,23,19,20,24,18,9,5,7,11,12,15],[17,21,19,23,24,20,22,5,9,1,13,18,7,11,12,15],[17,13,22,9,3,1,5,19,7,11,20,12,15],[9,5,13,21,1,17,19,23,20,24,22,18,7,11,12,15],[1,17,21,19,23,24,20,22,9,7,13,18,11,12,15],[13,21,5,17,23,19,20,24,22,11,9,12,1,18,7,15],[21,17,19,23,20,24,18,1,5,13,9,7,12,15],[9,13,5,17,22,1,7,10,19,11,20,12,18,15,21,23,24],[21,13,17,23,19,20,24,22,1,5,9,18,7,11,12,15],[21,9,17,23,19,24,20,18,5,15,1,7,11,12],[21,5,9,13,17,23,19,24,20,18,1,7,11,12,15],[5,17,21,23,19,20,24,18,1,13,9,7,11,12,15],[21,17,19,23,20,24,18,15,9,5,1,7,11,12],[21,13,5,19,9,3,1,23,7,11,24,12,15],[5,21,13,1,17,23,19,24,20,22,9,18,7,11,12,15],[5,1,13,21,9,17,19,23,20,24,18,7,11,12,15],[13,1,5,21,11,9,23,12,17,19,24,20,22,18,7,15],[21,9,3,1,7,15,17,23,19,24,20,22,18,11,12],[17,5,21,19,23,20,24,22,1,9,13,18,7,11,12,15],[1,21,5,13,9,17,23,19,20,24,22,18,7,11,12,15],[21,13,11,9,23,12,1,5,17,19,24,20,18,7,15],[17,13,21,23,19,24,20,22,9,1,5,18,7,11,12,15],[13,9,5,21,17,23,19,20,24,22,1,18,7,11,12,15],[21,17,23,19,20,24,18,7,1,9,13,11,12,15],[21,5,13,1,19,9,7,10,23,11,24,12,22,15],[21,17,19,23,20,24,22,5,9,1,13,18,7,11,12,15],[13,5,21,11,9,23,12,1,17,19,24,20,18,7,15],[17,1,13,9,5,21,19,23,20,24,18,7,11,12,16,22,15],[17,1,21,23,19,24,20,18,9,5,13,7,11,12,15],[1,13,5,17,23,9,7,21,19,24,20,22,18,11,12,15],[5,9,17,13,21,19,23,24,20,18,1,7,11,12,15],[17,9,5,21,23,19,24,20,22,4,13,18,7,1,11,12,15],[21,13,7,3,1,9,17,23,19,20,24,22,18,11,12,15],[13,9,5,1,17,21,19,23,24,20,22,18,7,11,12,15],[17,1,23,9,15,5,7,21,19,20,24,22,18,11,12],[13,9,21,5,19,1,24,7,11,23,12,15],[5,13,17,1,23,9,7,21,19,20,24,22,18,11,12,15],[21,5,1,19,9,13,23,7,11,24,12,15],[13,21,1,5,17,23,19,20,24,22,9,18,7,11,12,15],[17,9,21,23,19,20,24,22,1,13,5,18,7,11,12,15],[1,21,17,19,23,24,20,18,9,5,13,8,11,12,14,22],[9,5,13,17,1,21,23,19,20,24,18,7,11,12,15],[17,1,13,9,5,21,23,19,24,20,22,18,7,11,12,15],[5,9,13,21,1,17,19,23,24,20,22,18,7,11,12,15],[21,1,9,5,17,23,19,20,24,22,13,18,7,11,12,15],[9,1,21,5,13,19,23,7,11,12,15],[17,4,13,5,9,21,23,19,24,20,18,1,7,11,12,15],[21,19,1,13,9,5,23,8,11,24,12,15],[5,1,21,17,19,23,20,24,22,13,9,18,7,11,12,15],[9,21,7,13,17,23,19,20,24,18,1,11,12,15],[21,9,1,17,23,19,20,24,18,13,7,11,12,15],[5,21,17,19,23,20,24,22,3,1,15,10,9,11,12,18,7],[13,5,9,21,17,23,19,20,24,22,1,18,7,11,12,15],[21,9,17,23,19,20,24,18,5,13,1,7,11,12,15],[9,5,21,17,19,23,24,20,18,13,1,7,11,12,15],[1,17,13,21,19,23,24,20,22,9,5,18,7,11,12,15],[1,21,17,19,23,24,20,18,9,5,13,7,11,12,15],[1,13,5,17,21,23,19,20,24,18,9,7,11,12,15],[9,1,21,13,17,19,23,20,24,18,5,7,11,12,15],[9,21,18,13,5,1,24,7,11,23,12,15],[9,21,7,1,17,23,19,20,24,18,15,11,12],[21,9,13,19,1,5,23,7,11,12,15],[5,1,17,9,21,23,19,20,24,22,13,18,7,11,12,15],[9,17,21,19,23,20,24,22,13,7,3,1,18,11,12,15],[1,9,13,21,17,19,23,20,24,22,5,18,7,11,12,15],[5,1,21,17,23,19,20,24,18,9,13,7,11,12,15],[1,13,5,9,17,21,19,23,20,24,22,18,7,11,12,15],[1,21,13,5,17,19,23,20,24,18,9,7,11,12,15],[9,13,5,17,1,21,19,23,20,24,18,7,11,12,15],[1,5,13,21,9,17,23,19,24,20,22,18,7,11,12,15],[13,9,21,17