{"problem_id":"CUjEfjkedHUhVPv","sigma":75,"alpha":10.000,"cost":1,"probabilities":"[0.23, 0.16, 0.41, 0.2]","payoff_matrix":"[[32, 55, -38, -90, 9, -10], [32, 33, -208, -89, -33, 134], [124, 15, 20, -29, 131, -26], [-50, -48, -42, -22, -124, -36]]","uncovered":[[15,11,23,19,3,17,1,4,20,7],[15,7,19,3,17,1,20,11],[19,7,15,23,11,3,1,17,20],[15,11,3,19,17,1,4,20,7,23],[11,7,19,23,3,1,17,4,20,15],[23,7,11,3,19,1,17,4,20,15],[7,23,15,19,11,3,1,17,20],[23,3,7,11,15,19,1,17,20],[23,3,7,11,15,19,1,17,4,20],[19,3,17,1,4,20,11,15,23,7],[15,19,23,11,7,3,17,1,4,20],[15,11,19,7,23,3,17,1,4,20],[7,15,19,11,3,17,1,4,20,23],[7,11,19,15,3,1,17,4,20,23],[15,11,3,19,1,17,20,7],[3,23,19,17,1,4,20,7,11,15],[3,19,1,17,20,7,12,15],[23,3,19,17,1,20,11,7],[3,7,15,19,1,17,4,20,11,23],[11,7,23,15,3,19,17,1,20],[7,23,11,3,15,19,1,17,20],[11,23,7,19,3,17,1,4,20,15],[23,3,19,17,1,20,15,11],[15,3,11,7,23,19,1,17,20],[19,15,23,3,17,1,4,20,7,11],[19,7,3,17,1,4,20,11,23,15],[15,7,11,3,23,19,1,17,20],[3,15,11,19,1,17,4,20,23,7],[7,3,11,15,23,19,1,17,4,20],[19,15,3,1,17,4,20,11,23,7],[7,11,23,15,19,3,1,17,4,20],[11,23,19,15,7,3,1,17,20],[19,15,23,3,17,1,20,7],[19,11,7,15,23,3,1,17,4,20],[3,19,17,1,4,20,23,11,7,15],[15,7,11,23,19,3,17,1,20],[7,3,23,19,17,1,4,20,11,15],[19,15,11,7,3,17,1,4,20,23],[23,19,3,17,1,20,11,15],[23,15,11,19,3,17,1,4,20,7],[23,3,11,19,1,17,4,20,7,15],[7,11,19,3,1,17,4,20,15,23],[23,7,19,3,17,1,20,15],[15,7,23,19,11,3,1,17,20],[11,3,7,23,19,17,1,4,20,15],[15,23,7,3,11,19,1,17,4,20],[3,23,7,15,19,17,1,20],[15,7,3,11,23,19,1,17,20],[19,15,11,23,3,17,1,20],[15,3,23,11,19,1,17,4,20,7],[19,11,3,17,1,20,23,5,7],[11,3,23,7,15,19,1,17,20],[3,19,17,1,20,23,15,7],[3,19,17,1,4,20,11,7,23,15],[23,11,7,3,19,17,1,20],[11,7,19,13,3,17,1,20],[3,11,15,23,7,19,17,1,20],[11,7,15,19,23,3,1,17,20],[23,19,11,3,1,17,20,15],[11,19,23,7,15,3,1,17,20],[3,23,11,19,17,1,4,20,7,15],[11,3,7,19,1,17,20,23],[23,11,15,7,19,3,1,17,4,20],[23,3,19,17,1,4,20,15,7,11],[23,19,15,11,7,3,17,1,20],[7,15,11,23,3,19,1,17,4,20],[7,23,3,19,1,17,4,20,15,11],[11,7,15,23,19,3,17,1,20],[3,15,23,7,11,19,1,17,4,20],[7,23,3,11,15,19,17,1,4,20],[19,3,1,17,20,7,23,16],[23,15,3,19,1,17,20,7],[23,3,11,19,17,1,4,20,15,7],[23,11,19,7,15,3,17,1,4,20],[23,15,19,7,11,3,17,1,20],[3,23,11,15,7,19,17,1,4,20],[7,3,11,15,23,19,17,1,20],[19,3,1,17,4,20,23,11,15,7],[7,11,19,23,3,1,17,20],[3,23,15,11,19,17,1,4,20,7],[19,15,11,7,23,3,17,1,20],[19,7,23,15,11,3,17,1,4,20],[15,11,3,23,19,1,17,20],[15,19,3,17,1,4,20,7,23,11],[19,3,1,17,20,15,11,23],[15,11,3,7,23,19,17,1,4,20],[7,11,23,15,19,3,1,17,4,20],[3,11,7,23,15,19,17,1,20],[3,11,19,1,17,4,20,23,15,7],[15,11,3,23,7,19,1,17,4,20],[15,7,3,11,23,19,1,17,4,20],[23,3,11,19,1,17,20,7],[11,19,15,23,3,17,1,20],[19,23,11,15,7,3,1,17,20],[11,23,19,5,7,15,3,17,1,4,20],[7,19,23,15,11,3,1,17,4,20],[3,15,11,19,17,1,4,20,23,7],[3,11,15,7,23,19,1,17,20],[23,11,3,15,7,19,1,17,4,20],[15,19,23,7,11,3,17,1,20],[7,11,23,15,3,19,17,1,4,20],[7,11,3,15,19,17,1,4,20,23],[15,7,19,3,17,1,4,20,23,11],[3,19,17,1,4,20,7,23,15,11],[15,19,11,7,3,17,1,4,20,23],[15,7,11,19,23,3,1,17,20],[3,7,23,19,1,17,20,11],[3,15,19,17,1,20,7,11],[3,11,15,19,1,17,20,23],[11,23,7,3,15,19,1,17,20],[15,7,3,19,17,1,4,20,11,23],[11,23,19,3,17,1,4,20,7,15],[19,11,3,17,1,4,20,23,15,7],[3,23,15,19,17,1,20,6,7],[3,19,17,1,20,7,24,15],[15,11,3,23,19,1,17,4,20,7],[23,19,3,17,1,20,7,15],[19,11,7,23,3,17,1,4,20,15],[3,15,23,11,19,1,17,4,20,7],[15,7,19,11,23,3,1,17,20],[19,23,3,1,17,4,20,15,7,11],[7,11,15,23,19,3,1,17,4,20],[15,7,19,23,3,1,17,20],[3,19,1,17,4,20,15,7,23,11],[3,15,23,11,19,17,1,4,20,7],[7,23,19,15,3,17,1,4,20,11],[7,15,11,3,19,17,1,20],[15,3,19,1,17,20,6,7,11],[23,7,3,15,11,19,17,1,20],[11,23,3,19,1,17,20,7],[19,11,7,23,15,3,17,1,4,20],[7,3,11,19,1,17,4,20,15,23],[3,11,15,7,23,19,1,17,20],[19,7,11,23,15,3,1,17,4,20],[19,15,23,11,2,3,17,1,20],[15,11,23,3,7,19,1,17,20],[7,15,23,11,3,19,1,17,4,20],[15,3,19,17,1,20,7,23],[7,3,23,19,17,1,20,11],[15,11,3,7,23,19,1,17,4,20],[7,3,15,11,19,17,1,20],[19,7,23,15,3,17,1,4,20,11],[11,23,7,15,3,19,17,1,4,20],[15,19,7,11,3,17,1,20],[11,19,3,17,1,4,20,23,7,15],[11,19,7,15,23,3,17,4,1,20],[3,19,17,1,20,23,11,15],[15,7,23,11,3,19,17,1,4,20],[19,11,15,7,3,1,17,4,20,23],[3,19,1,17,4,20,23,11,15,7],[19,15,7,23,3,17,1,4,20,11],[3,7,15,11,19,1,17,4,20,23],[19,3,1,17,20,23,15,7],[19,15,11,3,1,17,4,20,7,23],[23,19,15,11,7,3,1,17,20],[19,11,15,7,3,17,1,4,20,23],[3,15,19,1,17,20,23,11],[19,23,11,3,1,17,20,7],[23,15,19,7,3,1,17,20],[3,15,19,17,1,4,20,7,23,11],[11,3,15,7,19,1,17,20],[11,3,19,1,17,20,15,23],[3,15,23,19,1,17,4,20,7,11],[7,3,15,23,11,19,17,1,4,20],[19,3,17,1,4,20,7,23,15,11],[15,19,11,3,1,17,4,20,23,7],[7,19,3,1,17,20,11,15],[15,19,7,23,3,17,1,20],[7,11,19,4,23,15],[3,23,19,1,17,20,7,15],[19,23,3,17,1,20,15,7],[3,19,17,1,20,7,23,15],[11,23,15,7,3,19,1,17,4,20],[19,3,1,17,4,20,7,23,11,15],[19,11,3,1,17,4,20,15,7,23],[23,15,19,11,3,1,17,20],[19,23,3,1,17,4,20,15,11,7],[3,15,23,19,1,17,20,11],[23,11,15,3,19,17,1,4,20,7],[19,3,17,1,20,7,11,15],[3,19,17,1,20,7,11,15],[3,7,23,19,1,17,20,12],[3,23,19,17,1,4,20,11,7,15],[23,7,19,15,3,1,17,20],[11,15,19,7,3,17,1,4,20,23],[15,23,3,7,19,17,1,4,20,11],[3,23,7,15,19,1,17,4,20,11],[23,11,3,19,1,17,20,7],[11,7,3,19,1,17,20,15],[19,23,7,3,1,17,20,15],[19,23,2,3,17,1,20],[7,3,19,17,1,20,11,23],[11,3,15,23,7,19,1,17,4,20],[15,19,7,23,3,1,17,4,20,11],[7,11,23,3,19,17,1,20],[23,15,3,19,17,1,20,11],[23,3,11,15,7,19,1,17,20],[3,7,23,15,19,17,1,4,20,11],[7,23,15,3,19,17,1,20],[23,11,7,15,3,19,17,1,4,20],[23,15,7,3,11,19,1,17,4,20],[7,19,3,17,1,20,16,11,22,23],[23,19,7,15,11,3,1,17,20],[7,3,23,19,17,1,20,11],[7,15,19,3,1,17,20,10],[19,7,23,15,11,3,17,1,20],[15,11,23,19,7,3,1,17,4,20],[3,19,1,17,20,23,11,15],[7,3,19,1,17,20,15,11],[11,3,15,7,23,19,17,1,20],[19,11,23,3,1,17,4,20,15,7],[11,15,3,19,1,17,20,7],[11,19,23,3,1,17,20,15],[19,23,7,3,1,17,4,20,11,15],[7,11,15,19,23,3,17,1,4,20],[23,19,11,3,1,17,4,20,15,7],[3,19,1,17,20,9,15,22,23],[23,19,3,1,17,20,7,11],[11,3,7,23,19,1,17,4,20,15],[19,3,17,1,4,20,23,11,7,15],[19,3,17,1,4,20,11,7,23,15],[19,7,23,15,3,1,17,4,20,11],[15,11,19,7,23,3,1,17,4,20],[11,19,3,1,17,20,7,23],[23,7,19,3,17,1,4,20,15,11],[3,19,1,17,20,15,23,7],[19,23,7,15,11,3,1,17,4,20],[3,23,19,17,1,4,20,7,15,11],[11,23,7,15,19,3,17,1,4,20],[11,19,15,7,23,3,17,1,4,20],[11,7,19,3,17,1,4,20,15,23],[19,15,7,3,1,17,20,24],[23,19,3,1,17,20,15,7],[19,3,1,17,4,20,7,11,23,15],[23,3,7,15,11,19,1,17,4,20],[19,15,7,23,11,3,17,1,20],[7,3,11,19,1,17,4,20,23,15],[11,7,3,23,15,19,17,1,20],[7,3,23,15,19,1,17,4,20,11],[7,19,15,3,1,17,20,11],[3,23,7,19,1,17,20,15],[11,3,7,23,15,19,1,17,4,20],[7,11,3,19,1,17,4,20,23,15],[15,11,19,23,7,3,17,1,20],[19,15,11,23,7,3,1,17,4,20],[3,19,17,1,20,23,11,15],[23,7,11,3,15,19,1,17,4,20],[19,11,15,7,3,17,1,20],[11,3,23,15,19,1,17,4,20,7],[3,7,23,19,17,1,20,11],[23,3,7,11,19,17,1,20],[3,23,11,19,1,17,20,7],[23,11,19,3,1,17,4,20,15,7],[11,7,23,19,15,3,1,17,20],[23,3,11,15,19,17,1,4,20,7],[23,15,11,7,19,3,1,17,20],[3,12,7,15,19,1,17,4,20,23],[23,15,19,3,17,1,20,11],[3,7,19,17,1,4,20,23,11,15],[7,19,23,3,1,17,20,11],[7,15,3,23,19,1,17,4,20,11],[11,7,19,23,15,3,17,1,4,20],[23,3,19,1,17,4,20,15,7,11],[3,15,19,1,17,4,20,23,11,7],[15,11,23,19,7,3,17,1,20],[11,15,3,19,1,17,20,23],[19,3,17,1,4,20,23,11,15,7],[19,7,11,3,17,1,20,23],[19,7,11,15,3,1,17,20],[11,7,15,19,22,23,3,17,1,20],[15,23,7,11,19,3,17,1,4,20],[11,3,15,7,23,19,1,17,20],[7,19,23,15,3,1,17,4,20,11],[11,15,23,3,19,1,17,4,20,7],[3,19,17,1,4,20,11,23,7,15],[7,19,15,11,23,3,1,17,20],[23,11,15,7,19,3,1,17,4,20],[11,7,15,23,19,3,17,1,20],[19,11,3,17,1,4,20,7,23,15],[3,23,15,7,19,1,17,4,20,11],[7,23,19,3,1,17,20,15],[19,15,3,1,17,20,11,7],[23,7,19,11,15,3,17,1,4,20],[7,3,11,15,23,19,17,1,20],[11,7,19,3,1,17,20,15],[15,11,3,7,19,1,17,20],[19,23,7,11,15,3,1,17,4,20],[23,19,3,17,1,4,20,11,15,7],[3,15,11,19,17,1,20,23],[7,19,23,3,1,17,20,15],[19,2,3,17,1,20],[7,3,11,23,19,1,17,4,20,15],[7,23,3,15,11,19,17,1,4,20],[23,15,11,19,7,3,17,1,20],[11,19,3,17,1,20,7,23],[15,3,23,7,19,1,17,4,20,11],[15,11,19,23,3,17,1,4,20,7],[19,7,3,17,1,20,11,14,23],[19,15,3,17,1,4,20,7,23,11],[23,15,19,7,11,3,17,1,4,20],[7,23,15,11,3,19,1,17,20],[15,7,11,23,19,3,17,1,20],[11,15,3,19,17,1,20,7],[19,15,11,7,23,3,1,17,4,20],[11,15,7,23,19,3,17,1,20],[23,15,11,3,19,1,17,20],[15,11,3,23,7,19,1,17,4,20],[11,3,15,23,7,19,1,17,4,20],[15,7,11,23,19,3,1,17,20],[15,23,7,19,11,3,17,1,4,20],[19,15,7,11,23,3,17,1,4,20],[15,19,23,11,3,1,17,20],[19,11,23,3,1,17,4,20,15,7],[15,23,7,11,3,19,1,17,4,20],[15,11,3,7,23,19,17,1,20],[15,11,19,7,3,1,17,20],[19,3,1,17,20,11,7,22,23],[7,15,19,3,17,1,20,12],[15,19,23,2,3,17,1,20],[7,19,11,15,3,1,17,20],[15,19,3,17,1,4,20,7,23,11],[19,15,23,7,3,1,17,4,20,11],[11,7,23,15,3,19,17,1,4,20],[11,3,15,23,7,19,17,1,4,20],[23,19,11,15,3,17,1,4,20,7],[15,19,7,11,3,17,1,20],[23,15,3,7,19,17,1,20],[7,3,15,23,19,1,17,20],[19,7,15,3,17,1,4,20,23,11],[3,11,15,7,19,1,17,20],[7,19,23,15,11,3,1,17,20],[11,15,3,19,17,1,4,20,23,7],[3,11,7,19,17,1,20,23],[15,11,19,3,17,1,4,20,7,23],[23,11,3,19,17,1,20,7],[23,15,3,11,19,17,1,4,20,7],[19,3,1,17,4,20,11,7,15,23],[15,3,23,11,19,17,1,20],[19,3,1,17,20,11,7,15],[23,11,3,19,17,1,4,20,7,15],[15,3,11,7,23,19,1,17,20],[15,7,3,11,19,1,17,20],[7,11,3,19,1,17,20,15],[3,15,7,11,19,1,17,20],[11,7,19,15,3,1,17,4,20,23],[15,23,3,11,7,19,17,1,4,20],[7,19,23,15,11,3,1,17,4,20],[19,15,11,7,3,17,1,20],[3,11,15,19,17,1,4,20,23,7],[15,3,7,11,19,17,1,4,20,23],[11,3,15,19,1,17,4,20,23,7],[15,7,11,19,3,17,1,4,20,23],[3,19,17,1,4,20,7,15,11,23],[3,7,15,19,1,17,20,11],[19,7,23,11,3,17,1,4,20,15],[3,19,17,1,4,20,23,7,11,15],[15,19,7,11,3,17,1,4,20,23],[15,23,19,3,1,17,20,7],[11,23,19,7,3,17,1,20],[11,3,7,19,1,17,4,20,23,15],[7,3,19,17,1,4,20,15,23,11],[11,7,23,19,3,1,17,20],[3,19,1,17,4,20,15,11,7,23],[11,23,3,15,19,1,17,20],[11,19,7,23,15,3,17,1,4,20],[15,3,11,7,19,1,17,20],[7,11,15,3,19,1,17,4,20,23],[11,19,23,7,3,1,17,20],[11,15,7,19,3,17,1,4,20,23],[3,7,19,1,17,4,20,15,23,11],[19,3,17,1,4,20,7,11,23,15],[23,7,19,11,3,1,17,4,20,15],[19,7,11,23,3,17,1,4,20,15],[19,11,3,17,1,4,20,15,23,7],[23,3,11,7,15,19,17,1,20],[3,23,7,19,1,17,20,11],[23,15,19,7,3,17,1,20],[11,15,23,7,3,19,17,1,20],[7,15,3,23,19,1,17,4,20,11],[15,19,23,11,3,1,17,4,20,7],[11,15,19,7,23,3,17,1,4,20],[7,11,3,15,19,1,17,4,20,23],[15,7,11,19,23,3,1,17,20],[7,15,23,11,3,19,1,17,20],[23,15,11,3,19,17,1,4,20,7],[3,19,1,17,20,7,11,23],[11,3,15,7,19,17,1,4,20,23],[3,23,11,7,19,1,17,20],[3,15,23,11,7,19,1,17,4,20],[19,15,23,7,3,1,17,20],[15,3,23,19,1,17,20,7],[11,15,19,3,17,1,4,20,7,23],[23,19,15,7,3,1,17,20],[15,19,23,7,11,3,17,1,20],[19,15,1,3,17,4,20,11,7,23],[23,3,7,19,1,17,20,15],[23,19,11,7,15,3,17,1,20],[7,11,23,15,3,19,17,1,4,20],[11,15,19,3,1,17,20,23],[19,11,15,3,1,17,4,20,23,7],[19,15,7,23,11,3,17,1,20],[3,15,11,23,7,19,17,1,4,20],[11,23,3,15,19,1,17,20],[3,7,15,11,23,19,1,17,20],[23,7,3,11,19,17,1,4,20,15],[19,3,17,1,4,20,23,7,11,15],[3,23,7,19,1,17,20,15],[23,11,15,7,3,19,1,17,20],[11,23,3,15,7,19,1,17,4,20],[3,23,7,19,17,1,4,20,15,11],[19,15,23,7,3,1,17,20],[7,15,23,19,3,17,1,20],[23,11,3,7,15,19,17,1,4,20],[3,19,17,1,20,23,9,7],[23,15,19,3,1,17,20,12],[11,19,15,7,23,3,17,1,20],[19,23,11,16,3,17,1,20,7],[3,23,15,7,19,17,1,4,20,11],[3,7,19,17,1,20,23,15],[3,19,1,17,4,20,23,11,7,15],[19,11,15,23,3,17,1,4,20,7],[7,3,15,19,17,1,20,23],[7,15,3,19,17,1,20,11],[23,11,19,15,7,3,17,1,4,20],[23,11,19,3,17,1,4,20,7,15],[15,19,23,7,11,3,17,1,4,20],[7,23,3,15,11,19,17,1,20],[15,11,3,19,17,1,4,20,7,23],[7,11,23,3,15,19,17,1,20],[19,11,3,1,17,20,7,15],[7,19,11,23,3,17,1,4,20,15],[7,11,23,3,19,17,1,20],[15,7,11,3,23,19,17,1,4,20],[7,19,23,15,3,1,17,4,20,11],[11,7,15,3,19,1,17,4,20,23],[19,15,3,17,1,4,20,23,11,7],[7,15,11,23,19,3,1,17,20],[19,11,23,2,3,17,1,20],[15,7,19,11,3,1,17,4,20,23],[19,23,7,11,15,3,17,1,4,20],[23,15,7,11,19,3,17,1,4,20],[19,7,11,3,1,17,4,20,23,15],[19,15,7,23,3,17,1,20],[7,19,15,3,17,1,4,20,11,23],[11,19,15,23,3,1,17,4,20,7],[19,15,23,7,3,1,17,4,20,11],[3,7,19,17,1,4,20,11,23,15],[23,15,11,3,7,19,1,17,4,20],[23,19,7,11,15,3,1,17,20],[7,11,19,15,3,17,1,4,20,23],[7,3,19,17,1,20,23,11],[7,3,15,23,11,19,1,17,4,20],[23,3,7,19,1,17,4,20,11,15],[23,19,15,7,11,3,17,1,20],[19,15,23,7,3,1,17,20],[23,3,7,11,19,1,17,20],[7,3,19,17,1,4,20,15,23,11],[19,15,11,3,17,1,20,7],[11,15,23,19,7,3,1,17,20],[7,11,23,19,3,17,1,4,20,15],[19,3,1,17,20,11,23,7],[11,3,7,23,19,1,17,20],[19,11,15,3,17,1,4,20,23,7],[23,11,19,15,7,3,1,17,20],[7,3,23,11,15,19,17,1,4,20],[23,3,7,15,19,1,17,4,20,11],[19,23,3,17,1,4,20,11,15,7],[23,15,3,11,7,19,1,17,4,20],[15,7,3,23,19,1,17,20],[19,7,11,3,17,1,20,23],[19,7,23,3,1,17,4,20,11,15],[3,7,23,15,19,17,1,20],[15,19,3,17,1,4,20,23,11,7],[23,19,11,15,7,3,17,1,20],[11,3,7,23,15,19,17,1,20],[3,7,15,11,23,19,1,17,4,20],[15,3,7,23,11,19,17,1,4,20],[3,19,1,17,20,7,11,15],[7,15,19,23,3,1,17,4,20,11],[3,19,17,1,4,20,11,15,7,23],[19,3,1,17,4,20,7,11,23,15],[3,23,15,11,7,19,17,1,20],[11,15,23,19,7,3,1,17,4,20],[3,19,17,1,20,11,23,16,7],[3,15,19,17,1,4,20,23,7,11],[15,19,23,3,1,17,4,20,7,11],[19,23,15,3,17,1,4,20,11,7],[15,7,3,11,23,19,1,17,4,20],[3,19,1,17,4,20,11,23,15,7],[15,7,19,21,3,17,1,4,20,11,23],[11,23,7,19,15,3,17,1,4,20],[15,7,3,19,1,17,4,20,11,23],[23,19,15,11,3,17,1,4,20,7],[3,7,11,19,17,1,4,20,15,23],[23,19,11,3,1,17,4,20,15,7],[15,19,23,7,11,3,17,1,4,20],[11,19,15,7,23,3,17,1,4,20],[3,15,23,11,7,19,1,17,20],[11,7,19,23,3,17,1,20],[3,19,17,1,20,11,15,7],[3,11,7,23,15,19,1,17,4,20],[15,3,7,23,19,17,1,4,20,11],[23,3,19,17,1,4,20,11,7,15],[3,11,23,7,15,19,17,1,20],[19,15,23,3,17,1,4,20,11,7],[3,11,7,19,17,1,4,20,23,15],[11,19,3,1,17,4,20,7,23,15],[19,3,1,17,20,7,11,15],[23,11,7,15,3,19,17,1,4,20],[7,15,11,3,23,19,1,17,20],[11,19,23,15,3,1,17,20],[19,15,23,11,3,1,17,4,20,7],[11,23,19,1,3,17,20,7],[3,11,19,17,1,4,20,23,7,15],[11,15,19,7,23,3,1,17,20],[15,7,11,19,3,1,17,4,20,23],[23,15,7,19,3,1,17,20],[7,19,11,15,23,3,1,17,20],[23,15,19,2,3,17,1,20],[3,15,11,19,17,1,4,20,23,7],[19,11,23,7,3,17,1,4,20,15],[11,15,3,7,19,1,17,4,20,23],[3,11,19,17,1,4,20,15,7,23],[3,19,1,17,4,20,7,11,15,23],[11,3,23,15,19,17,1,20],[11,19,7,15,23,3,1,17,20],[7,3,23,19,1,17,20,15],[15,3,19,1,17,20,7,11],[7,11,19,15,23,4],[7,11,19,23,15,3,1,17,4,20],[3,19,17,1,4,20,23,11,7,15],[7,3,15,19,17,1,20,11],[11,7,19,15,23,3,17,1,4,20],[11,23,3,19,1,17,4,20,7,15],[19,15,8,3,1,17,20,11],[15,19,11,23,7,3,17,1,20],[19,11,23,3,1,17,4,20,7,15],[19,23,3,17,1,20,15,7],[15,7,23,3,19,1,17,4,20,11],[19,11,7,3,17,1,4,20,23,15],[23,3,19,17,1,20,7,11],[23,19,15,11,7,3,1,17,4,20],[19,7,3,17,1,4,20,11,15,23],[7,19,11,15,3,1,17,20],[23,11,15,19,3,1,17,20],[23,7,15,11,3,19,1,17,20],[19,11,3,1,17,4,20,15,23,7],[11,19,7,15,23,3,1,17,4,20],[23,19,15,3,1,17,20,12],[15,23,11,19,7,3,1,17,4,20],[19,11,23,7,15,3,1,17,20],[15,11,7,3,19,1,17,20],[3,23,19,1,17,4,20,11,7,15],[7,11,3,15,23,19,1,17,20],[3,7,11,15,23,19,17,1,4,20],[7,23,15,11,19,3,1,17,4,20],[7,11,3,19,1,17,20,23],[3,11,23,7,15,19,17,1,4,20],[7,19,23,15,3,1,17,20],[15,19,3,1,17,20,7,23],[15,3,23,19,17,1,4,20,11,7],[7,19,23,3,17,1,4,20,15,11],[15,7,11,3,19,1,17,20],[19,15,11,7,3,1,17,20],[3,19,17,1,20,23,11,7],[11,7,3,23,19,17,1,20],[3,19,1,17,20,23,15,7],[11,7,3,23,15,19,1,17,20],[11,15,23,19,3,17,1,20],[7,11,19,23,3,1,17,20],[23,15,7,11,3,19,1,17,4,20],[11,23,15,19,7,3,17,1,4,20],[7,3,11,15,23,19,17,1,20],[7,23,11,19,3,17,1,4,20,15],[3,19,1,17,4,20,11,23,15,7],[3,15,11,23,7,19,1,17,20],[19,11,23,7,15,3,1,17,20],[23,3,19,1,17,20,11,7],[19,3,1,17,4,20,15,23,11,7],[15,3,19,1,17,4,20,7,23,11],[23,15,3,11,7,19,17,1,20],[11,23,7,15,19,3,17,1,4,20],[7,23,11,3,19,1,17,20],[19,8,11,15,23,3,17,1,4,20],[3,7,23,11,19,1,17,4,20,15],[7,23,11,3,19,1,17,20],[7,15,11,3,19,1,17,4,20,23],[15,7,3,19,17,1,20,23],[11,19,23,7,3,17,1,4,20,15],[7,19,3,17,1,20,23,11],[7,3,11,23,19,17,1,20],[19,3,1,17,4,20,15,11,7,23],[7,11,15,3,19,17,1,4,20,23],[23,7,15,11,3,19,17,1,4,20],[11,19,3,17,1,4,20,15,7,23],[3,23,15,11,7,19,1,17,4,20],[23,11,15,19,3,1,17,4,20,7],[15,3,23,7,19,1,17,4,20,11],[3,15,11,7,23,19,17,1,4,20],[3,23,19,17,1,20,7,15],[19,3,1,17,4,20,23,7,15,11],[19,3,17,1,4,20,7,11,23,15],[19,3,1,17,4,20,7,15,23,11],[15,3,11,7,23,19,17,1,20],[7,19,23,15,11,3,1,17,4,20],[7,23,15,11,3,19,1,17,4,20],[3,7,15,11,19,17,1,20],[11,7,19,3,17,1,20,15],[3,7,15,19,1,17,4,20,23,11],[7,3,11,15,19,1,17,20],[7,23,11,19,15,3,17,1,20],[19,15,7,23,11,3,1,17,20],[19,3,1,17,20,7,23,11],[23,3,11,7,15,19,17,1,20],[23,11,7,19,3,17,1,4,20,15],[15,19,7,3,17,1,4,20,23,11],[23,3,15,11,19,17,1,4,20,7],[3,11,19,1,17,4,20,15,7,23],[23,7,19,15,3,1,17,4,20,11],[3,15,7,11,23,19,1,17,4,20],[11,19,15,2,3,17,1,20],[11,19,7,3,17,1,4,20,15,23],[7,23,15,11,3,19,1,17,4,20],[19,7,23,3,1,17,4,20,15,11],[19,15,23,11,3,1,17,20],[7,11,3,23,19,17,1,4,20,15],[23,11,7,15,19,3,1,17,4,20],[11,3,19,17,1,4,20,15,7,23],[3,23,19,17,1,20,11,15],[19,3,17,1,4,20,23,15,7,11],[15,23,7,3,11,19,17,1,4,20],[15,19,11,3,1,17,20,23],[11,19,23,3,17,1,20,15],[19,15,12,23,7,3,1,17,4,20],[11,19,15,7,3,1,17,4,20,23],[3,23,15,11,19,1,17,4,20,7],[7,11,3,19,17,1,20,23],[3,7,11,19,17,1,4,20,23,15],[3,19,17,1,4,20,11,7,15,23],[11,15,3,19,17,1,20,7],[15,19,23,7,3,1,17,20],[3,19,1,17,4,20,23,7,15,11],[15,7,3,23,11,19,17,1,20],[19,7,3,1,17,4,20,15,23,11],[19,7,15,11,23,3,1,17,4,20],[7,23,19,3,1,17,4,20,15,11],[23,15,19,3,1,17,4,20,7,11],[7,3,11,23,19,1,17,20],[11,7,19,3,17,1,20,15],[23,19,3,1,17,4,20,7,11,15],[11,15,23,7,19,3,17,1,20],[15,19,23,7,3,1,17,4,20,11],[11,7,23,15,19,3,1,17,4,20],[3,19,17,1,4,20,23,11,15,7],[23,3,7,15,11,19,1,17,4,20],[3,19,1,17,4,20,23,11,7,15],[3,23,11,19,1,17,4,20,15,7],[7,11,19,3,17,1,4,20,15,23],[15,7,23,11,19,3,1,17,4,20],[7,19,23,11,15,3,17,1,20],[15,7,19,3,17,1,4,20,23,11],[11,7,3,23,19,1,17,4,20,15],[15,11,23,7,19,3,1,17,20],[23,11,7,15,3,19,1,17,20],[15,23,19,7,1,3,17,20],[15,3,7,19,17,1,20,10],[19,3,17,1,4,20,11,23,7,15],[23,7,15,3,11,19,1,17,20],[7,3,11,19,17,1,4,20,23,15],[7,15,23,3,19,1,17,20],[7,19,23,3,1,17,4,20,11,15],[7,11,3,19,1,17,4,20,23,15],[15,11,23,3,7,19,17,1,20],[19,15,3,1,17,4,20,11,7,23],[7,15,3,11,19,17,1,4,20,23],[23,3,15,7,19,17,1,20],[3,15,19,1,17,20,11,7],[15,7,19,11,23,3,1,17,4,20],[15,7,11,19,3,1,17,20],[19,15,11,3,1,17,4,20,23,7],[19,11,3,17,1,20,23,15],[23,19,11,7,3,17,1,4,20,15],[3,11,19,17,1,20,23,7],[19,7,11,15,23,3,1,17,20],[15,7,11,3,23,19,17,1,20],[11,19,3,17,1,4,20,7,23,15],[15,11,19,23,3,1,17,20],[19,11,15,23,3,17,1,4,20,7],[15,7,19,3,1,17,4,20,23,11],[3,11,19,17,1,4,20,15,23,7],[15,19,11,23,7,3,17,1,20],[11,19,3,17,1,20,23,15],[11,15,23,19,7,3,1,17,20],[7,15,11,3,19,17,1,20],[15,19,7,23,3,17,1,20],[15,7,3,11,19,17,1,20],[19,23,3,1,17,20,15,5,7],[15,3,23,7,11,20],[15,19,9,7,23,3,1,17,20],[23,7,15,11,19,3,1,17,4,20],[7,15,23,3,11,19,17,1,20],[11,7,19,3,1,17,20,15],[19,15,23,11,3,1,17,20],[23,19,15,11,3,17,1,20],[15,11,7,23,3,19,17,1,4,20],[23,7,11,3,19,17,1,20],[19,23,11,15,3,1,17,4,20,7],[19,23,3,17,1,4,20,15,11,7],[7,15,3,23,19,17,1,20],[15,11,23,7,19,3,17,1,4,20],[3,23,7,15,11,19,1,17,20],[3,19,1,17,20,15,11,7],[11,15,19,7,3,1,17,4,20,23],[7,23,11,15,19,3,17,1,4,20],[15,7,3,19,17,1,4,20,11,23],[3,11,19,17,1,20,15,7],[15,7,11,19,23,3,17,1,4,20],[19,3,17,1,20,11,23,7],[7,23,19,2,3,17,1,20],[19,7,15,11,23,3,1,17,4,20],[19,15,11,3,17,1,4,20,23,7],[23,19,7,11,3,17,1,4,20,15],[7,3,18,23,11,15,19,1,17,4,20],[3,19,1,17,20,23,15,6,7],[3,7,11,19,17,1,4,20,23,15],[3,19,1,17,4,20,11,23,15,7],[11,7,19,23,3,1,17,20],[15,19,23,11,7,3,17,1,20],[19,7,15,23,2,3,17,1,20],[3,23,15,11,7,19,1,17,4,20],[7,15,19,3,1,17,4,20,11,23],[11,3,19,17,1,4,20,23,7,15],[15,7,19,11,23,3,1,17,4,20],[19,7,11,23,15,3,17,1,20],[3,19,17,1,20,12,15,7],[15,23,3,19,1,17,4,20,11,7],[3,7,19,1,17,4,20,15,11,23],[3,19,1,17,20,15,23,11],[23,11,15,19,3,17,1,20],[15,19,3,1,17,4,20,11,7,23],[15,19,11,23,3,1,17,20],[7,23,19,11,15,3,17,1,4,20],[3,7,15,19,17,1,20,23],[3,19,17,1,20,11,15,7],[19,23,15,11,7,3,1,17,4,20],[19,7,3,17,1,20,11,23],[3,11,7,19,1,17,4,20,15,23],[23,11,3,15,7,19,17,1,20],[19,7,23,3,17,1,20,9],[7,23,3,19,1,17,20,11],[3,11,19,1,17,4,20,23,15,7],[3,13,7,23,11,19,1,17,20],[3,19,17,1,4,20,11,15,7,23],[7,23,3,19,17,1,20,11],[19,23,11,15,7,3,17,1,4,20],[19,7,23,3,17,1,20,11],[3,23,7,15,19,1,17,20],[11,19,15,7,3,1,17,4,20,23],[19,7,14,11,3,1,17,4,20,23],[7,3,23,15,11,19,1,17,4,20],[15,3,11,23,19,1,17,4,20,7],[7,23,11,15,3,19,17,1,4,20],[15,11,19,3,17,1,20,23],[19,23,7,15,11,3,1,17,4,20],[7,19,23,15,11,3,17,1,20],[19,7,11,3,1,17,20,15],[3,11,15,23,19,17,1,4,20,7],[23,19,15,3,1,17,20,11],[3,19,17,1,20,7,23,15],[7,23,3,15,19,1,17,4,20,11],[15,19,11,3,1,17,4,20,23,7],[19,7,11,3,1,17,20,15],[19,15,7,23,11,3,1,17,20],[23,7,15,11,19,3,1,17,4,20],[3,19,17,1,20,6,7,22,23,12],[15,11,19,7,23,3,1,17,20],[11,3,7,19,1,17,4,20,15,23],[19,11,3,17,1,20,15,23],[3,23,15,19,17,1,20,11],[15,3,7,23,11,19,1,17,4,20],[19,11,21,7,15,3,1,17,4,20,23],[23,15,3,11,19,17,1,4,20,7],[11,7,15,23,3,19,17,1,4,20],[23,3,15,7,11,19,1,17,20],[11,7,19,23,15,3,1,17,4,20],[23,7,15,19,11,3,17,1,4,20],[11,19,23,3,1,17,4,20,15,7],[3,11,7,19,17,1,4,20,15,23],[23,3,7,19,1,17,4,20,15,11],[11,23,19,3,1,17,20,15],[23,3,7,19,1,17,20,11],[11,23,15,3,19,17,1,20],[7,19,3,1,17,4,20,15,23,11],[11,19,3,17,1,20,15,7],[11,3,23,19,1,17,4,20,7,15],[19,7,23,15,11,3,17,1,20],[3,7,15,11,23,19,1,17,4,20],[7,23,11,19,15,3,17,1,4,20],[23,19,3,17,1,4,20,11,7,15],[11,7,23,3,19,1,17,4,20,15],[11,19,23,3,1,17,4,20,7,15],[19,15,23,7,1,3,17,4,20,11],[19,15,11,3,17,1,20,7],[19,3,1,17,20,15,23,7],[15,19,7,11,3,1,17,4,20,23],[11,19,3,1,17,4,20,23,15,7],[11,3,15,19,1,17,4,20,23,7],[23,7,11,15,19,3,17,1,20],[7,11,15,23,19,3,1,17,20],[3,11,15,23,19,1,17,4,20,7],[23,7,19,3,17,1,20,15],[15,19,11,7,23,1,3,17,20],[23,15,19,11,7,3,1,17,20],[23,11,19,3,17,1,20,7],[19,15,11,23,2,3,17,1,20],[11,19,15,23,3,17,1,4,20,7],[19,23,11,15,3,1,17,4,20,7],[11,15,3,23,19,17,1,20],[23,3,11,7,15,19,17,1,20],[3,15,7,19,1,17,4,20,23,11],[3,11,23,7,15,19,1,17,4,20],[3,23,15,7,19,1,17,20],[3,11,7,19,17,1,4,20,15,23],[3,11,15,7,24,19,1,17,4,20],[7,15,19,23,3,1,17,4,20,11],[23,3,15,11,7,19,17,1,4,20],[19,3,1,17,4,20,15,11,23,7],[3,15,23,11,19,17,1,20],[19,23,7,11,15,3,1,17,4,20],[15,3,7,19,17,1,20,23],[3,11,15,7,23,19,17,1,20],[7,15,19,23,3,1,17,20],[3,19,1,17,4,20,7,11,23,15],[23,19,11,3,1,17,4,20,15,7],[11,3,15,19,17,1,20,7],[7,11,23,3,15,19,1,17,4,20],[23,7,15,19,11,3,17,1,4,20],[15,3,11,23,7,19,17,1,20],[15,19,7,21,3,17,1,20,11],[19,15,7,11,3,17,1,4,20,23],[15,7,23,3,11,19,1,17,20],[11,23,15,7,19,3,17,1,20],[15,19,7,23,11,3,1,17,4,20],[23,19,3,1,17,20,11,7],[15,7,3,23,19,1,17,20],[3,19,17,1,4,20,11,23,15,7],[3,19,17,1,20,7,15,23],[7,15,23,19,3,17,1,20],[11,19,23,7,15,3,1,17,20],[7,23,15,19,3,1,17,4,20,11],[23,15,7,11,3,19,1,17,4,20],[11,19,7,3,17,1,4,20,23,15],[11,19,15,23,7,3,17,1,20],[11,15,7,19,23,3,1,17,20],[3,15,7,19,17,1,20,11],[7,15,19,11,3,1,17,20],[7,23,15,11,19,3,1,17,4,20],[23,7,11,15,19,3,1,17,20],[15,7,3,23,19,1,17,20],[15,7,23,11,3,19,17,1,4,20],[3,11,23,7,15,19,1,17,4,20],[3,23,15,11,19,17,1,20],[15,7,3,19,17,1,20,23],[23,11,19,3,17,1,4,20,7,15],[19,15,2,3,17,1,20],[11,23,15,3,7,19,1,17,4,20],[7,19,3,1,17,20,15,23],[19,3,17,1,4,20,23,11,15,7],[23,7,15,11,19,3,17,1,20],[3,15,23,11,19,1,17,4,20,7],[11,23,19,15,7,3,17,1,4,20],[3,15,19,1,17,4,20,7,23,11],[23,7,15,19,11,3,1,17,20],[23,11,3,7,15,19,17,1,20],[11,23,7,3,15,19,1,17,20],[15,7,3,23,19,1,17,4,20,11],[15,19,3,17,1,4,20,23,7,11],[19,15,23,7,3,1,17,4,20,11],[11,3,15,23,7,19,1,17,20],[3,15,23,7,11,19,17,1,4,20],[15,11,3,7,23,19,1,17,4,20],[23,11,7,3,19,1,17,4,20,15],[23,15,19,11,3,17,1,20],[23,11,7,3,19,1,17,4,20,15],[15,3,19,17,1,4,20,23,7,11],[15,11,19,7,3,1,17,20],[19,23,10,3,1,17,20,13],[11,7,23,3,19,1,17,20],[19,3,17,1,20,11,15,21,7],[7,3,11,15,19,17,1,4,20,23],[7,15,23,3,11,19,17,1,4,20],[19,11,7,3,1,17,20,23],[15,3,11,19,17,1,4,20,23,7],[15,7,11,23,19,3,1,17,4,20],[3,7,15,23,19,17,1,20],[19,15,3,17,1,20,7,11],[15,19,23,11,7,3,17,1,4,20],[15,3,7,11,23,19,17,1,20],[23,19,15,7,11,3,1,17,20],[3,19,1,17,4,20,7,11,15,23],[3,15,11,23,7,19,17,1,4,20],[23,3,19,1,17,4,20,15,11,7],[23,7,3,19,1,17,4,20,15,11],[15,19,11,7,3,1,17,20],[3,23,7,15,19,17,1,20],[15,19,23,7,3,1,17,4,20,11],[19,23,7,15,3,17,1,4,20,11],[23,15,7,3,11,19,17,1,4,20],[3,19,17,1,4,20,11,7,15,23],[11,3,23,7,15,19,17,1,20],[11,19,23,7,3,1,17,20],[19,23,3,17,1,20,15,11],[11,19,3,1,17,4,20,7,15,23],[7,11,23,19,3,1,17,4,20,15],[3,11,7,23,15,19,1,17,20],[15,7,23,11,19,1,3,17,20],[11,15,23,3,19,17,1,4,20,7],[23,15,19,11,7,3,17,1,20],[23,7,11,15,19,3,1,17,20],[19,11,23,3,1,17,20,15],[23,15,19,7,3,1,17,4,20,11],[15,11,3,23,19,17,1,20],[19,7,15,23,3,17,1,20],[7,23,19,15,11,3,17,1,20],[19,7,23,15,11,3,1,17,4,20],[7,11,15,19,23,3,1,17,4,20],[23,15,11,3,19,1,17,20],[15,7,23,11,3,19,1,17,4,20],[7,19,15,23,3,1,17,20],[3,15,11,19,1,17,4,20,23,7],[3,15,19,1,17,20,11,23],[3,15,19,17,1,4,20,23,11,7],[23,19,7,11,3,17,1,20],[7,23,3,15,19,1,17,4,20,11],[15,7,23,3,19,17,1,20],[11,15,7,19,23,3,1,17,20],[23,11,7,3,15,19,17,1,4,20],[23,15,19,7,3,1,17,4,20,11],[11,3,7,23,19,1,17,20],[23,7,19,11,3,17,1,20],[7,19,3,17,1,4,20,15,23,11],[19,7,11,23,3,17,1,4,20,15],[19,3,17,1,20,15,11,7],[11,7,23,15,3,19,17,1,20],[19,7,11,23,15,3,17,1,4,20],[3,23,15,7,11,19,1,17,20],[19,11,15,3,17,1,4,20,7,23],[15,3,23,19,1,17,20,7],[19,11,7,14,3,1,17,4,20,23],[15,19,3,17,1,4,20,11,23,7],[3,19,1,17,4,20,7,11,23,15],[3,15,7,19,17,1,20,23],[7,3,11,19,17,1,20,15],[19,15,11,3,1,17,20,23],[23,15,3,11,7,19,17,1,4,20],[11,15,23,7,3,19,17,1,20],[7,11,3,23,19,1,17,4,20,15],[15,11,23,7,3,19,1,17,20],[3,23,7,19,17,1,4,20,11,15],[11,3,15,23,7,19,17,1,4,20],[3,11,7,19,17,1,20,15],[7,15,19,3,17,1,20,23],[7,3,23,11,19,1,17,20],[23,3,7,15,19,1,17,4,20,11],[15,3,11,7,19,1,17,4,20,23],[7,11,15,3,23,19,1,17,20],[15,23,11,19,7,3,1,17,4,20],[11,15,3,19,1,17,4,20,7,23],[15,19,7,23,3,1,17,4,20,11],[7,23,19,11,15,4],[7,11,3,19,17,1,20,23],[7,15,11,19,3,17,1,4,20,23],[19,23,7,11,3,17,1,4,20,15],[3,23,15,11,19,1,17,20],[7,11,3,19,1,17,4,20,15,23],[19,11,23,3,17,1,4,20,7,15],[15,3,23,7,19,17,1,20],[15,11,3,7,19,1,17,20],[11,15,7,23,19,3,1,17,4,20],[3,7,11,19,17,1,20,15],[23,11,7,15,19,3,17,1,4,20],[15,7,3,11,19,1,17,4,20,23],[23,19,7,3,17,1,4,20,11,15],[3,7,15,11,19,17,1,4,20,23],[23,11,7,19,3,1,17,4,20,15],[19,3,1,17,20,15,23,11],[7,11,3,15,19,1,17,20],[23,3,7,15,19,17,1,20],[3,23,11,19,1,17,4,20,7,15],[3,23,15,19,17,1,20,11],[7,3,23,11,15,19,1,17,20],[3,11,23,15,7,19,17,1,20],[15,11,7,23,3,19,17,1,4,20],[11,19,7,15,23,3,17,1,20],[15,11,19,3,17,1,4,20,7,23],[19,15,11,3,17,1,4,20,7,23],[11,15,7,3,19,1,17,4,20,23],[19,8,11,3,17,1,4,20,15,23],[3,11,19,1,17,20,7,23],[11,23,3,7,19,1,17,4,20,15]],"n_human":11}