{"problem_id":"EeEorZ4EuC60csv","sigma":150,"alpha":3.162,"cost":2,"probabilities":"[0.15, 0.26, 0.26, 0.33]","payoff_matrix":"[[115, 200, -219, 90, -162, -112], [84, -209, 27, -110, -32, 74], [31, -30, 90, -144, -290, -48], [317, 19, -46, 120, -146, 9]]","uncovered":[[24,20,16,4,14,8,12,3],[8,4,12,16,2,15,24],[20,8,16,12,24,4,3,15],[8,20,12,24,16,4,2],[16,4,15,12,8,20,24,3],[20,24,12,4,8,16,3,14],[24,20,12,16,8,4,14,2],[12,8,24,16,4,2,14],[20,8,4,24,16,2,14],[12,16,24,20,8,4,15,7,1],[24,16,8,20,4,15,12,6,22,2],[20,12,16,4,3,15,24,8],[16,8,12,24,4,3,15,20],[16,12,20,8,4,3,15,24],[8,4,20,16,2,14,24],[12,8,20,16,24,4,14,2],[24,20,8,4,12,16,15,3],[24,4,8,20,12,16,14,2],[12,16,24,20,4,14,8,2],[4,12,20,24,8,16,2],[8,24,16,20,4,15,12,7,3],[20,24,12,16,8,4,14,3],[16,12,8,24,20,4,14,3],[4,12,8,16,2,15,20],[24,12,20,4,8,16,15,2],[8,20,4,12,24,16,2],[16,4,14,8,20,12,24,3],[20,24,12,4,8,16,3,15],[8,20,4,24,16,2,14],[4,24,8,20,16,2,15],[24,20,4,12,8,16,15,3],[8,24,12,4,20,16,14,2],[24,8,16,4,15,12,20,2],[24,8,20,12,16,4,15,6,2],[20,12,16,4,3,15,8,24],[16,24,4,15,8,20,12,2],[20,8,16,12,24,4,15,7,3],[24,8,20,16,12,4,2],[16,4,3,14,20,24,12,8],[24,16,20,4,14,12,8,3],[4,24,20,16,15,8,12,22,3],[20,4,12,24,16,3,15,8],[20,4,16,2,15,8],[8,16,4,15,12,20,24,6,2],[8,24,4,20,12,16,14,2],[20,8,12,24,16,4,15,3],[4,24,20,16,15,8,12,23,2],[20,16,24,12,4,2,14],[16,4,15,24,12,20,8,2],[20,8,16,24,12,4,15,6,3],[12,20,8,4,24,16,2],[20,12,16,24,4,14,8,2],[8,12,20,4,24,16,3,14],[16,12,24,20,8,4,2],[4,12,16,15,20,8,24,3],[24,12,20,16,8,4,2],[12,16,24,4,2,15,8],[24,12,8,20,16,4,14,3],[4,20,12,24,16,2,15],[16,4,14,20,12,8,24,2],[24,4,16,3,15,8,12,20],[16,24,8,12,4,14,20,2],[20,8,12,4,16,2,15],[8,16,24,20,12,4,14,2],[8,12,24,4,20,16,14,2],[12,20,8,4,16,14,24,3],[24,16,12,20,4,3,15,8],[4,8,16,3,15,24,12,20],[8,20,16,12,24,4,2],[8,20,12,24,4,16,3,15],[16,12,24,8,4,2,15],[12,24,16,20,4,15,8,2],[8,12,20,16,4,15,24,7,2],[16,24,20,4,15,8,12,3],[12,24,20,4,16,15,8,6,22,2],[20,12,4,24,16,14,8,3],[4,16,2,15,24,8,20],[8,20,24,12,16,4,2],[24,16,8,20,4,3,15,12],[4,24,12,16,3,14,8,20],[12,20,16,4,14,24,8,2],[20,16,24,12,4,14,8,3],[8,20,4,12,24,16,15,3],[20,16,24,4,2,14],[12,4,8,24,20,16,3,15],[4,8,12,24,16,15,20,2],[24,8,16,20,4,2,15],[4,8,20,16,3,15,12,24],[20,12,4,24,8,16,15,7,22,3],[20,16,24,8,12,4,2],[12,20,16,8,4,3,15,24],[20,8,4,16,3,15,12,24],[8,12,24,4,16,3,14,20],[12,24,16,8,4,2,15],[16,20,12,24,4,2,15],[8,12,16,20,4,3,14,24],[8,20,16,12,24,4,2],[12,16,20,8,4,2,14],[20,4,24,12,16,2,14],[24,8,4,12,20,16,3,14],[24,20,16,12,4,15,8,6,3],[8,20,4,16,14,24,12,2],[8,20,12,4,24,16,15,2],[24,4,12,20,8,16,2],[16,24,4,15,20,12,8,6,22,3],[4,24,12,20,8,16,3,14],[4,24,8,16,14,20,12,3],[16,24,4,14,12,8,20,2],[20,12,8,4,24,16,3,15],[8,24,4,16,15,20,12,6,23],[8,4,24,16,2,14,12],[20,16,24,4,2,14],[20,16,4,2,14,24],[4,20,12,8,16,2,14],[12,16,8,20,24,4,14,3],[12,8,20,24,16,4,15,6,22,3],[20,12,24,8,4,16,3,14],[8,12,16,24,4,3,14,20],[24,20,4,12,16,2,14],[24,4,16,14,20,12,8,2],[16,24,8,4,3,14,20,12],[16,4,15,8,24,20,12,2],[8,12,4,24,16,3,14,20],[8,16,12,4,2,15,19],[24,16,12,8,4,3,14,20],[24,8,16,12,4,15,20,3],[8,24,4,12,20,16,3,15],[20,24,12,4,16,14,8,3],[12,4,8,16,3,14,24,20],[12,16,24,4,3,15,20,8],[12,8,4,16,2,14,24],[20,16,8,24,4,14,12,2],[8,4,12,20,16,14,24,2],[8,20,4,24,16,3,15,12],[4,16,15,8,12,24,20,6,23],[20,24,4,8,12,16,14,2],[24,8,16,4,15,12,20,2],[8,20,24,4,12,16,14,3],[16,12,4,15,8,20,24,2],[12,20,4,24,16,2,15],[24,8,4,16,14,20,12,3],[12,20,8,24,16,4,3,15],[20,16,24,12,8,4,2],[16,8,20,24,4,2,14],[8,20,4,16,14,12,24,2],[20,4,12,16,15,8,24,6,23],[12,8,20,24,4,16,3,15],[4,12,16,14,24,8,20,3],[24,16,8,4,15,20,12,6,2],[8,20,4,12,16,2,15],[24,20,8,12,4,16,3,14],[4,16,14,8,20,24,12,3],[8,4,24,20,12,16,14,3],[20,12,8,24,16,4,14,2],[20,16,24,8,12,4,3,14],[16,8,24,20,12,4,15,2],[8,24,12,4,16,14,20,3],[24,12,8,20,16,4,14,3],[8,16,24,20,12,4,15,7,23],[24,8,4,16,14,12,20,3],[24,20,12,16,4,14,8,3],[4,16,3,14,24,8,20,12],[24,20,16,12,8,4,15,3],[12,4,16,14,24,8,20,3],[4,12,24,20,8,16,14,3],[4,12,24,8,16,14,20,2],[12,16,24,8,4,3,14,20],[24,20,12,8,16,4,15,7,2],[12,24,16,20,8,4,3,14],[24,12,4,16,2,14,8],[20,12,16,24,4,15,8,3],[8,12,16,20,24,4,2],[12,4,8,20,24,16,15,6,23],[8,12,4,16,15,24,20,3],[12,8,24,4,20,16,3,14],[20,24,12,4,16,14,8,3],[8,20,4,16,2,14],[20,16,12,24,4,15,8,7,22,2],[16,8,24,12,20,4,2],[8,12,4,16,2,14,24],[24,16,20,4,15,8,12,6,2],[16,8,4,14,20,12,24,2],[4,20,16,15,24,8,12,7,23],[8,20,24,4,16,3,15,12],[4,8,12,16,15,24,20,2],[24,20,4,16,15,12,8,3],[24,12,20,8,4,16,3,14],[24,4,20,8,16,2,15],[4,24,16,14,12,20,8,3],[16,20,12,4,3,14,24,8],[20,24,16,4,3,15,12,8],[8,20,4,24,12,16,3,14],[8,20,24,12,16,4,14,2],[20,16,4,2,14,8],[20,4,12,16,2,15],[12,4,16,15,24,20,8,6,2],[4,16,14,24,12,8,20,2],[16,8,4,2,14,20,24],[20,24,8,4,16,14,12,3],[12,4,20,8,16,2,15],[4,16,14,8,24,12,20,3],[20,4,16,2,15,12],[4,16,3,15,20,8,12,24],[4,24,20,8,16,2,14],[24,20,12,8,4,16,15,7,1],[16,8,24,12,20,4,15,7,22,3],[20,8,4,12,16,15,24,7,3],[12,16,24,8,20,4,3,15],[24,4,16,2,14,8,12],[16,20,4,3,15,8,24,12],[20,8,24,4,16,15,12,7,3],[20,4,12,16,15,24,8,6,2],[4,24,16,14,8,20,12,2],[16,8,20,12,4,2,14],[20,16,12,4,3,15,8,24],[24,16,4,14,8,12,20,2],[8,4,20,24,12,16,2],[8,20,24,4,12,16,14,3],[12,16,24,4,14,20,8,2],[16,20,24,4,3,15,8,12],[20,24,12,8,4,16,3,15],[4,16,3,14,8,20,24,12],[20,8,4,24,12,16,14,7,3],[4,12,8,24,20,16,15,3],[20,16,12,24,8,4,2],[16,24,20,8,12,4,3,14],[20,8,12,4,16,14,24,2],[8,16,4,15,24,20,12,6,22,2],[20,4,24,16,3,15,12,8],[16,24,4,14,12,20,8,3],[12,20,16,4,2,15],[16,8,4,3,15,24,12,20],[24,16,12,4,2,15],[4,24,16,3,14,12,8,20],[8,12,24,16,4,3,14,20],[12,24,8,16,4,14,20,2],[24,20,12,4,16,15,8,2],[20,8,16,12,24,4,14,3],[4,12,20,24,16,14,8,2],[12,24,4,8,20,16,2],[24,12,20,4,8,16,3,14],[4,12,24,20,8,16,3,15],[20,8,24,16,4,14,12,3],[24,8,16,20,12,4,2],[4,20,8,16,2,15],[4,16,15,12,8,20,24,7,2],[12,4,20,24,8,16,15,7,2],[24,4,20,12,16,15,8,7,22,3],[20,24,12,4,16,15,8,7,22,3],[8,24,16,4,2,14,12],[4,8,16,3,14,20,12,24],[8,24,4,16,14,20,12,3],[20,4,16,14,24,12,8,2],[20,8,4,16,14,24,12,2],[4,8,20,24,16,14,12,2],[4,20,8,24,16,3,15,12],[16,12,8,20,24,4,2],[24,4,12,8,20,16,14,2],[16,20,8,4,2,15],[8,12,20,16,4,3,15,24],[4,16,14,8,12,24,20,3],[8,16,24,4,15,12,20,7,23],[4,24,20,8,16,3,15,12],[8,24,20,16,12,4,2],[8,24,16,20,4,14,12,2],[4,20,8,16,14,24,12,2],[24,20,12,8,16,4,2],[16,12,4,14,24,8,20,3],[12,24,16,8,20,4,2],[16,4,3,14,20,8,24,12],[8,20,4,12,16,3,15,24],[4,24,8,20,12,16,14,3],[8,16,20,4,14,12,24,3],[24,12,20,4,16,15,8,7,23],[20,24,4,12,8,16,15,2],[16,4,14,12,20,24,8,3],[16,8,20,4,14,24,12,2],[4,8,12,16,2,14,20],[16,8,20,4,14,12,24,2],[8,4,24,16,2,14,20],[20,24,16,4,3,15,12,8],[12,20,24,8,4,16,2],[16,20,12,8,4,2,14],[12,8,20,4,24,16,15,7,2],[20,16,4,2,14,12],[8,20,4,12,16,14,24,2],[8,24,12,4,20,16,14,3],[20,4,16,15,24,12,8,2],[4,8,16,15,24,12,20,3],[16,4,15,12,24,20,8,7,23],[20,12,8,24,16,4,3,15],[4,8,20,16,2,15],[24,8,20,12,4,16,2],[16,4,2,15,12,24,20],[8,24,20,12,4,16,2],[20,12,8,16,4,2,15],[16,12,24,20,4,14,8,3],[20,16,24,4,2,15],[8,4,24,16,2,15,12],[12,8,24,16,20,4,2],[24,16,4,2,14,12,20],[16,12,24,4,14,8,20,2],[12,8,16,20,24,4,15,3],[20,24,4,12,16,2,14],[20,12,4,24,16,3,15,8],[24,8,16,4,2,15,20],[12,8,24,4,20,16,3,15],[12,16,8,4,3,14,24,20],[4,8,20,12,16,3,15,24],[16,20,8,4,3,14,24,12],[8,12,16,24,4,14,20,2],[16,20,4,14,8,12,24,3],[8,4,12,24,20,16,15,6,23],[16,8,4,14,12,20,24,3],[8,24,4,12,20,16,14,3],[20,4,12,24,16,2,14],[16,20,24,4,15,8,12,2],[20,24,16,12,4,3,14,8],[4,16,2,15,12,20],[24,12,4,8,16,2,15],[16,8,24,20,4,2,15],[8,4,24,16,15,12,20,2],[24,4,16,14,12,20,8,3],[4,16,3,14,20,8,12,24],[8,16,20,12,4,2,15],[20,4,8,16,3,14,12,24],[4,16,15,12,20,8,24,6,3],[24,20,12,16,8,4,2],[20,12,8,16,4,3,14,24],[4,20,16,15,12,24,8,2],[8,4,20,16,14,24,12,3],[16,8,4,2,15,20],[12,24,8,16,4,3,14,20],[24,8,12,20,4,16,2],[24,20,16,8,12,4,14,3],[8,16,24,20,4,15,12,3],[16,20,8,12,4,2,14],[20,12,8,24,16,4,3,14],[20,4,24,8,16,3,14,12],[20,4,12,8,16,3,15,24],[12,4,24,8,20,16,2],[12,4,24,20,8,16,3,15],[12,24,4,16,3,15,20,8],[24,12,8,20,4,16,2],[20,24,8,16,12,4,15,2],[24,12,4,8,20,16,15,7,3],[12,8,16,24,20,4,15,2],[12,8,24,20,16,4,3,14],[4,16,14,20,24,12,8,2],[24,20,4,8,12,16,15,7,2],[16,12,4,15,8,24,20,3],[4,12,24,16,3,14,20,8],[12,4,24,8,16,3,14,20],[8,24,20,16,4,3,14,12],[8,16,20,12,24,4,3,14],[12,24,16,20,4,14,8,3],[16,8,20,12,24,4,14,2],[12,8,20,4,16,14,24,2],[4,12,8,20,16,2,14],[8,24,4,20,16,3,15,12],[4,20,12,16,14,24,8,3],[8,4,12,16,14,24,20,3],[12,16,24,8,20,4,14,3],[8,20,4,12,16,2,15],[8,20,24,16,4,2,15],[16,20,4,14,24,12,8,3],[16,8,24,20,12,4,14,2],[20,16,4,3,15,24,8,12],[12,20,8,16,4,3,14,24],[8,24,12,16,20,4,14,2],[4,16,15,20,8,12,24,7,22,2],[16,4,15,24,20,8,12,2],[20,24,12,8,4,16,2],[24,12,8,20,4,16,3,15],[20,24,8,4,16,14,12,3],[16,12,24,8,20,4,3,14],[8,20,12,24,16,4,3,14],[20,4,8,12,24,16,14,2],[24,4,12,20,16,15,8,6,23],[16,20,24,8,12,4,3,14],[8,16,4,2,15,24,20],[24,12,4,16,14,8,20,3],[20,24,8,4,16,3,15,12],[16,8,24,4,2,14,12],[24,8,20,16,4,15,12,3],[16,24,12,8,4,15,20,6,3],[4,12,24,20,16,14,8,3],[20,8,24,12,4,16,3,15],[12,20,24,4,8,16,14,3],[16,20,4,3,14,12,24,8],[12,16,20,4,3,15,24,8],[24,20,16,4,14,12,8,2],[12,24,8,20,16,4,14,3],[8,16,20,24,4,3,15,12],[20,4,16,14,8,24,12,3],[4,8,20,24,16,3,15,12],[16,8,12,20,24,4,2],[4,12,8,16,14,24,20,3],[16,12,8,24,20,4,15,2],[8,20,16,24,12,4,15,2],[4,24,20,16,15,12,8,7,23],[20,16,12,24,8,4,3,14],[12,16,8,20,24,4,14,2],[24,4,16,15,8,12,20,3],[20,16,4,3,14,12,8,24],[4,20,12,24,8,16,3,14],[20,16,4,15,24,8,12,6,22,3],[12,24,4,16,14,20,8,2],[20,24,4,8,12,16,3,14],[8,12,24,16,4,14,20,2],[8,16,24,12,4,3,15,20],[20,16,12,24,8,4,2],[16,4,2,15,20,8],[12,16,4,14,8,24,20,3],[12,8,4,16,15,24,20,7,23],[24,12,4,8,16,3,14,20],[16,4,2,15,12,20],[8,4,20,24,12,16,14,2],[16,24,12,8,4,15,20,2],[24,8,4,16,15,20,12,6,22,3],[16,4,14,24,12,8,20,2],[24,12,4,16,3,15,20,8],[24,4,8,20,12,16,2],[4,20,8,16,2,15],[24,8,12,4,20,16,2],[8,12,4,20,16,2,15],[24,20,16,8,12,4,2],[4,12,24,16,14,20,8,2],[24,16,8,4,14,12,20,3],[20,12,24,4,8,16,2],[20,12,8,4,24,16,15,2],[12,8,24,20,16,4,2],[4,20,8,16,15,12,24,7,3],[12,16,20,24,4,2,15],[8,20,4,24,16,2,15],[16,8,12,20,4,2,14],[8,24,16,12,20,4,2],[24,4,16,15,12,20,8,3],[16,20,24,8,4,15,12,3],[8,4,16,14,20,12,24,2],[4,8,20,16,3,14,24,12],[12,4,24,20,16,15,8,3],[24,16,8,4,3,14,20,12],[4,16,15,24,12,20,8,6,22,3],[20,4,16,3,15,24,12,8],[4,24,8,12,20,16,14,2],[16,8,4,2,14,12,20],[16,8,4,14,12,20,24,3],[4,16,14,12,20,8,24,3],[20,12,24,8,4,16,2],[12,8,24,20,4,16,14,2],[20,4,12,16,3,14,8,24],[12,4,8,24,16,15,20,7,1],[12,16,8,20,4,15,24,6,21],[12,20,24,4,16,2,15],[4,20,24,12,8,16,15,7,3],[8,12,16,20,24,4,14,3],[8,16,12,24,4,14,20,3],[12,20,16,8,4,2,15],[24,16,4,3,14,8,20,12],[16,4,15,12,20,24,8,3],[12,4,20,8,16,15,24,7,2],[4,20,16,3,14,8,24,12],[8,16,12,4,15,24,20,6,2],[4,20,16,3,14,24,12,8],[16,4,14,20,8,24,12,2],[4,12,16,3,14,24,20,8],[12,16,8,20,24,4,14,2],[24,12,4,16,15,20,8,3],[24,8,12,16,20,4,15,7,2],[20,12,4,16,3,14,24,8],[8,4,12,24,20,16,3,14],[16,12,20,24,4,2,15],[12,16,8,24,4,2,15],[8,16,24,4,3,15,20,12],[16,24,12,20,4,15,8,2],[12,20,4,8,24,16,2],[12,24,16,8,4,14,20,3],[16,12,8,4,15,20,24,2],[4,24,16,14,20,12,8,2],[4,24,8,16,14,12,20,2],[4,8,24,12,20,16,14,2],[16,24,4,14,20,8,12,3],[20,4,24,8,16,15,12,6,2],[12,20,8,24,4,16,14,2],[4,24,16,2,14,20],[16,4,15,20,12,24,8,7,2],[20,16,4,2,14,24],[8,20,16,12,4,15,24,2],[24,20,4,12,16,15,8,3],[12,24,8,4,20,16,15,7,22,3],[4,16,3,15,12,8,20,24],[4,20,12,8,16,14,24,2],[8,16,12,4,14,20,24,3],[12,24,4,8,16,14,20,2],[20,4,24,12,16,14,8,2],[20,12,4,24,8,16,3,14],[20,12,4,16,15,8,24,2],[16,12,24,8,20,4,3,14],[12,4,16,15,8,20,24,2],[24,4,16,2,14,20],[8,16,20,12,24,4,14,2],[20,16,8,12,24,4,2],[8,4,20,24,16,3,14,12],[8,12,4,20,24,16,14,2],[20,16,24,8,12,4,2],[24,12,8,20,16,4,3,15],[12,8,20,24,4,16,3,14],[4,20,16,3,14,8,24,12],[16,20,8,24,12,4,3,14],[16,12,24,20,8,4,14,2],[8,20,16,4,14,24,12,3],[16,24,4,3,14,8,12,20],[8,12,16,24,4,15,20,3],[16,8,24,4,3,15,12,20],[12,20,24,4,16,15,8,7,22,3],[24,16,4,14,8,12,20,3],[12,24,20,16,4,2,15],[16,8,4,14,24,20,12,2],[4,20,24,8,12,16,14,2],[16,24,12,20,8,4,3,14],[16,4,14,20,24,12,8,3],[8,24,4,20,16,3,14,12],[24,4,16,14,12,8,20,2],[8,12,20,24,4,16,2],[24,8,20,4,16,2,15],[12,8,24,20,4,16,2],[20,4,16,3,14,12,24,8],[16,20,24,12,4,15,8,2],[16,24,20,8,4,2,14],[12,16,4,14,24,20,8,2],[20,8,4,24,12,16,15,22,3],[4,16,14,24,20,12,8,2],[8,16,12,24,20,4,15,7,2],[16,20,8,12,24,4,3,14],[20,16,24,4,2,15],[12,24,20,4,16,14,8,2],[8,20,16,12,24,4,14,2],[4,8,24,16,14,20,12,3],[4,8,12,16,3,14,24,20],[4,16,15,20,24,8,12,6,2],[12,24,16,20,4,3,15,8],[4,12,24,8,16,3,15,20],[24,12,4,20,16,2,14],[24,20,12,8,16,4,14,2],[4,8,12,16,2,14,20],[12,4,24,8,16,3,14,20],[20,12,8,4,16,3,14,24],[24,8,16,20,4,15,12,3],[4,12,24,8,16,15,20,2],[8,4,12,24,20,16,15,7,3],[20,8,12,16,24,4,14,2],[20,8,16,24,4,15,12,2],[24,8,16,20,4,14,12,3],[16,8,20,12,4,14,24,3],[12,16,24,8,4,14,20,3],[12,24,16,8,4,2,14],[4,12,20,24,16,3,15,8],[20,8,24,12,4,16,2],[20,4,24,12,8,16,14,2],[8,16,20,4,14,24,12,2],[8,24,16,20,12,4,2],[8,16,12,20,4,14,24,2],[4,20,8,16,3,15,12,24],[4,12,16,3,14,20,24,8],[8,12,24,16,20,4,2],[4,8,24,20,12,16,14,3],[20,16,24,8,12,4,2],[16,24,12,20,4,2,14],[12,24,20,16,4,15,8,3],[4,24,12,8,16,14,20,3],[24,12,16,4,3,15,8,20],[20,8,16,12,24,4,3,14],[4,20,8,16,3,15,12,24],[4,12,20,16,15,24,8,2],[24,20,12,4,8,16,15,2],[16,24,8,12,4,15,20,6,23],[12,20,24,16,4,15,8,2],[16,24,12,20,4,14,8,3],[20,8,16,24,4,15,12,2],[4,8,20,12,24,16,2],[24,12,4,8,20,16,14,2],[12,20,16,24,8,4,14,2],[24,8,20,12,4,16,3,14],[8,20,4,12,24,16,14,2],[24,16,20,12,8,4,14,3],[16,4,14,12,24,8,20,2],[4,12,16,2,15,20],[20,12,4,16,3,15,24,8],[12,8,24,20,4,16,15,2],[12,24,16,8,20,4,3,14],[16,4,14,12,20,8,24,3],[8,24,12,16,4,15,20,2],[24,16,4,15,8,20,12,3],[4,8,16,14,12,20,24,2],[20,8,12,16,4,3,15,24],[8,20,24,12,4,16,2],[12,16,4,15,20,24,8,6,2],[16,12,8,24,20,4,14,2],[4,16,14,20,12,8,24,3],[20,8,16,4,3,14,24,12],[16,20,24,8,4,15,12,2],[8,12,4,24,16,14,20,3],[12,8,24,4,20,16,3,15],[4,12,20,16,14,24,8,2],[24,8,12,16,4,15,20,6,22,3],[20,16,12,24,4,15,8,3],[16,20,4,14,8,24,12,2],[8,20,4,16,3,15,12,24],[20,12,8,4,16,15,24,2],[16,20,8,12,24,4,15,3],[12,20,16,4,14,24,8,2],[24,8,16,4,14,12,20,3],[16,24,12,4,3,14,8,20],[8,16,20,24,4,15,12,2],[8,16,20,12,4,3,15,24],[4,12,20,24,16,3,14,8],[12,20,16,24,8,4,14,3],[20,24,8,12,4,16,15,6,2],[8,4,12,20,24,16,2],[4,20,16,3,15,12,8,24],[16,12,24,20,8,4,2],[12,20,4,16,15,24,8,7,22,3],[16,20,4,14,8,24,12,2],[20,8,4,24,12,16,14,2],[16,20,12,8,4,2,14],[16,12,20,4,2,15],[8,24,20,12,16,4,2],[12,24,8,4,20,16,15,6,2],[16,12,24,8,4,3,15,20],[12,16,8,24,20,4,3,14],[12,4,24,16,3,14,20,8],[24,20,8,16,12,4,15,3],[20,16,8,4,14,12,24,2],[12,20,4,16,3,14,8,24],[12,4,20,8,16,3,14,24],[8,20,12,24,16,4,2],[24,20,8,12,16,4,3,15],[24,20,12,16,8,4,15,3],[24,12,8,20,4,16,14,2],[8,12,20,4,16,3,15,24],[16,24,8,20,12,4,14,3],[20,16,8,4,2,14],[16,8,4,15,20,12,24,6,23],[16,4,15,8,20,12,24,2],[16,20,12,24,4,15,8,2],[4,16,3,15,12,20,8,24],[24,4,8,20,12,16,3,14],[12,16,4,14,20,8,24,3],[4,20,16,2,15,8],[20,4,16,14,8,24,12,3],[4,8,24,12,20,16,3,14],[4,24,8,20,12,16,15,6,2],[8,24,12,20,4,16,15,7,3],[16,4,15,20,8,24,12,3],[16,12,4,3,15,24,8,20],[12,20,8,24,4,16,2],[12,8,20,16,4,15,24,2],[20,24,12,16,8,4,14,3],[12,8,20,24,4,16,3,14],[16,8,12,24,20,4,14,3],[12,8,16,20,4,3,15,24],[12,20,24,16,4,15,8,7,1],[24,8,16,20,12,4,2],[16,20,24,4,15,12,8,7,22,3],[4,8,20,12,16,3,14,24],[20,16,24,12,8,4,15,2],[16,20,4,3,15,8,24,12],[8,16,4,14,24,20,12,3],[12,8,24,4,16,2,15],[16,12,20,24,4,14,8,2],[4,24,16,3,14,8,20,12],[20,12,24,16,8,4,15,6,3],[20,4,24,8,12,16,3,15],[24,8,20,4,16,15,12,6,2],[20,16,12,4,3,15,8,24],[20,4,16,2,14,24],[20,4,8,12,24,16,14,3],[12,20,16,4,15,24,8,2],[12,8,4,24,20,16,14,3],[12,16,4,15,8,20,24,3],[20,8,12,24,4,16,15,2],[4,20,8,24,16,14,12,3],[20,16,8,24,4,3,14,12],[20,4,8,24,16,2,14],[16,12,8,20,24,4,3,14],[8,4,12,24,16,14,20,3],[20,12,4,24,16,2,14],[4,12,16,14,20,24,8,3],[24,8,12,4,20,16,15,7,3],[24,16,12,4,2,14,8],[16,20,12,4,15,24,8,3],[8,24,4,12,20,16,2],[12,20,24,8,16,4,2],[16,12,24,8,4,2,14],[16,24,8,20,12,4,3,14],[4,16,2,15,20,8],[12,8,24,16,4,14,20,2],[20,24,16,4,15,12,8,7,2],[24,20,12,16,4,3,15,8],[4,12,20,16,15,8,24,2],[8,12,4,20,24,16,15,2],[12,8,4,24,16,15,20,3],[8,16,24,12,4,14,20,3],[20,16,4,15,12,8,24,3],[20,8,24,12,16,4,2],[24,12,8,16,20,4,3,14],[16,12,8,20,24,4,14,3],[12,24,16,4,14,8,20,3],[8,20,24,16,12,4,3,14],[8,16,4,2,14,20],[20,4,8,12,24,16,14,3],[20,12,8,16,4,15,24,2],[24,16,20,8,4,15,12,3],[16,20,12,24,4,14,8,2],[24,8,20,16,12,4,3,14],[4,16,2,14,24,20,8],[4,24,20,12,16,3,14,8],[12,24,16,4,15,8,20,3],[24,12,4,20,16,14,8,2],[8,4,20,24,12,16,2],[16,20,12,4,2,14],[12,24,20,4,8,16,14,2],[8,20,24,4,16,3,15,12],[4,20,12,16,2,15],[16,24,8,4,15,20,12,2],[8,20,24,12,4,16,14,3],[16,12,20,8,4,2,14],[4,20,8,24,12,16,2],[4,12,16,14,20,8,24,3],[20,24,8,4,16,14,12,3],[8,24,20,16,12,4,3,14],[4,16,14,12,24,8,20,3],[20,12,4,16,2,15],[16,24,20,8,4,15,12,3],[20,16,24,4,14,12,8,3],[8,24,16,4,3,15,12,20],[20,16,24,12,8,4,14,3],[20,4,24,8,16,15,12,6,2],[24,20,16,8,4,2,15],[8,4,12,16,15,20,24,23,7],[20,24,4,16,2,14],[24,20,8,4,12,16,2],[20,4,8,24,12,16,14,2],[24,8,12,20,4,16,3,14],[16,4,3,14,8,20,12,24],[20,16,12,4,2,14],[8,4,24,20,12,16,2],[12,24,16,20,4,15,8,3],[24,16,20,4,15,12,8,6,2],[4,24,16,2,14,8,12],[12,16,8,4,3,14,20,24],[8,4,12,20,24,16,14,2],[16,8,4,15,20,24,12,6,22,3],[8,12,4,20,24,16,3,15],[8,4,16,2,14,24,20],[16,4,3,14,20,12,24,8],[24,4,16,15,12,8,20,6,3],[8,16,12,4,15,24,20,6,3],[20,8,12,16,4,14,24,3],[16,4,2,14,20,12],[12,20,24,8,16,4,15,7,3],[16,12,24,20,4,15,8,2],[16,8,4,3,15,12,20,24],[20,16,24,4,14,12,8,2],[24,16,20,8,4,14,12,3],[8,24,20,4,16,2,14],[12,20,16,24,4,15,8,7,23],[8,24,12,20,16,4,15,6,23],[24,20,4,16,2,15],[8,16,4,14,20,12,24,3],[24,4,8,12,20,16,2],[20,8,16,4,15,12,24,6,23],[24,4,8,20,16,14,12,3],[12,4,20,8,16,3,14,24],[12,16,8,24,20,4,14,2],[8,24,20,12,16,4,15,2],[8,24,16,4,15,12,20,6,2],[8,20,16,12,4,3,15,24],[4,12,16,15,8,24,20,2],[20,24,4,16,3,15,12,8],[16,24,12,20,4,15,8,7,22,2],[16,4,14,20,8,12,24,2],[4,20,16,14,8,24,12,3],[8,20,4,24,16,3,15,12],[24,8,12,16,20,4,14,2],[24,16,8,20,12,4,14,3],[4,20,8,12,24,16,15,3],[20,24,16,12,4,2,14],[16,8,4,2,15,20],[4,20,12,8,24,16,14,3],[16,20,24,8,12,4,2],[12,20,4,24,16,2,14],[12,20,8,16,24,4,2],[12,16,8,4,14,20,24,2],[16,8,12,4,2,14,23],[8,12,16,20,24,4,2],[24,12,8,20,16,4,15,2],[24,12,20,4,16,15,8,2],[8,24,4,16,14,20,12,3],[4,16,2,15,20,12],[4,20,16,14,24,12,8,2],[8,16,12,24,4,3,14,20],[20,12,16,24,8,4,3,14],[24,8,4,16,3,14,12,20],[8,20,24,16,4,14,12,3],[20,12,24,8,4,16,14,3],[12,8,24,4,16,14,20,3],[12,4,16,14,20,8,24,2],[16,8,20,24,12,4,15,2],[24,16,20,4,3,15,12,8],[8,16,20,24,4,14,12,3],[16,12,20,4,15,8,24,3],[4,8,20,12,16,3,14,24],[16,24,4,14,20,12,8,3],[8,24,4,12,16,15,20,6,2],[12,24,8,4,16,3,15,20],[20,24,16,8,4,3,14,12],[4,16,2,15,8,20],[4,8,12,20,16,14,24,3],[20,24,16,4,15,8,12,6,23],[16,24,20,12,8,4,3,15],[16,8,4,15,24,20,12,23,7],[4,12,8,20,24,16,2],[4,16,3,15,24,8,20,12],[12,20,24,8,16,4,15,3],[8,16,4,15,20,24,12,6,3],[8,12,4,20,24,16,15,3],[24,8,16,4,2,15,20],[4,16,14,12,24,20,8,3],[12,8,24,4,16,2,14],[12,4,8,24,16,14,20,3],[12,24,20,16,4,3,14,8],[20,8,24,12,4,16,15,7,23],[24,8,12,4,20,16,14,3],[24,20,16,8,12,4,15,2],[20,24,16,12,8,4,3,14],[24,16,12,20,4,15,8,6,23],[4,12,8,24,16,15,20,3],[4,24,12,20,16,3,15,8],[8,12,24,20,16,4,2],[20,24,12,8,16,4,3,15],[24,12,16,4,3,15,8,20],[4,16,14,8,20,24,12,2],[8,16,24,12,20,4,15,6,3],[20,16,4,14,8,24,12,3],[24,20,8,16,12,4,3,15],[4,16,15,8,12,24,20,2],[24,8,4,16,15,12,20,7,3],[4,8,24,16,3,14,12,20],[20,8,16,24,4,3,15,12],[20,8,4,12,24,16,3,14],[4,24,20,8,16,3,14,12],[4,24,20,12,16,14,8,3],[4,12,20,8,16,3,14,24],[12,4,16,2,14,8,24],[8,12,24,16,4,2,14],[20,8,16,24,12,4,3,14],[16,24,20,12,4,15,8,2],[4,16,15,24,8,20,12,22,2],[24,8,16,4,3,15,12,20],[24,20,4,8,16,14,12,2],[20,8,24,16,12,4,3,14],[8,24,4,16,14,20,12,2],[8,16,24,20,12,4,15,2],[4,12,20,8,16,14,24,3],[12,16,20,4,14,8,24,3],[4,24,20,12,16,14,8,2],[12,8,4,20,24,16,3,14],[12,24,16,8,20,4,2],[16,8,12,20,24,4,3,15],[4,12,16,15,24,20,8,2],[8,20,24,4,12,16,3,14],[24,16,8,20,4,15,12,7,23],[8,24,12,4,20,16,2],[4,12,8,24,20,16,15,6,23],[4,8,24,20,16,3,14,12],[4,8,24,12,16,14,20,3],[20,8,12,16,4,3,15,24],[24,4,12,16,15,20,8,6,2],[16,24,8,12,4,15,20,22,2],[4,20,24,16,2,14],[16,12,4,2,15,24,20],[16,20,24,12,8,4,2],[8,12,16,20,24,4,14,2],[24,16,4,2,15,8,20],[20,8,24,16,12,4,15,2],[4,16,15,8,12,20,24,7,3],[4,12,16,2,15,24,18],[24,12,20,4,16,14,8,2],[12,16,4,2,15,24,8],[8,4,24,16,2,15,12],[20,12,16,8,24,4,15,6,23],[20,12,24,8,16,4,2],[16,20,24,4,3,14,8,12],[4,12,8,20,16,2,14],[4,20,8,16,15,12,24,3],[12,8,4,24,16,14,20,3],[16,8,12,20,24,4,2],[4,8,12,20,16,15,24,3],[4,16,3,15,24,8,20,12],[4,12,24,16,3,15,8,20],[20,8,24,16,4,2,14],[8,24,20,12,4,16,15,3],[8,20,24,12,4,16,2],[4,12,24,8,16,3,15,20],[20,16,4,14,24,12,8,3],[24,12,20,16,8,4,3,15],[20,16,24,8,4,2,15],[12,4,24,8,16,15,20,3],[24,20,8,12,4,16,15,2],[4,16,2,14,24,8,12],[16,8,20,24,12,4,2],[8,12,16,20,4,14,24,3],[16,4,2,15,8,24,20],[4,8,16,15,20,12,24,2],[16,24,12,4,3,14,20,8],[8,24,12,4,20,16,15,2],[24,12,16,20,8,4,14,3],[4,20,8,12,24,16,3,15],[20,12,4,24,8,16,15,2],[12,20,8,4,16,14,24,3],[8,24,20,4,12,16,3,14],[20,8,24,12,16,4,15,3],[4,20,24,8,16,3,15,12],[12,24,8,16,20,4,3,15],[24,20,4,16,15,8,12,2],[8,12,24,16,4,3,14,20],[20,4,8,16,14,12,24,3],[16,12,8,20,24,4,3,15],[16,4,15,20,8,24,12,2],[20,12,24,4,16,14,8,2],[20,4,8,12,16,14,24,3],[16,4,14,20,12,24,8,2],[8,16,12,24,4,2,14],[16,24,20,4,3,14,12,8],[20,12,16,8,4,15,24,6,23],[16,8,12,4,14,24,20,3],[20,12,8,16,24,4,15,7,23],[20,8,4,16,3,14,24,12],[16,12,8,20,24,4,3,14],[20,16,8,24,4,15,12,3],[20,12,24,8,16,4,2],[8,4,20,12,24,16,15,7,22,2],[4,16,14,24,8,12,20,2],[12,20,4,8,16,2,14],[8,16,4,15,24,20,12,7,2],[4,8,20,16,15,12,24,7,23],[20,12,4,16,2,15],[24,8,12,20,16,4,2],[4,20,16,2,15,24],[24,16,4,2,14,12,8],[12,16,4,15,8,24,20,2],[4,20,24,16,15,12,8,6,3],[12,20,8,16,24,4,2],[12,24,16,8,4,14,20,2],[20,8,24,12,16,4,3,15],[16,24,20,8,4,3,14,12],[12,8,4,24,16,14,20,2],[4,20,8,16,14,12,24,3],[4,20,8,24,16,2,15],[20,12,16,4,15,24,8,6,2],[24,4,12,16,2,14,20],[24,12,4,20,16,15,8,7,3],[4,16,2,15,8,20],[12,20,24,16,4,15,8,6,3],[16,20,4,3,14,8,24,12],[8,4,16,14,20,12,24,2],[16,20,4,15,12,8,24,3],[20,12,16,24,8,4,3,15],[20,4,8,16,2,14],[20,8,4,16,2,14],[8,24,20,16,4,15,12,7,23],[8,4,20,16,3,14,12,24],[8,4,24,12,20,16,14,2],[16,8,24,20,4,3,14,12],[4,12,20,24,8,16,3,15],[16,8,4,14,20,24,12,3],[12,4,16,15,8,24,20,6,22,3],[4,12,16,3,14,8,20,24],[24,4,20,8,12,16,2],[24,12,16,20,8,4,3,14],[24,16,8,4,15,12,20,3],[8,20,16,12,24,4,14,3],[20,24,4,8,12,16,15,7,23],[24,4,12,20,8,16,3,15],[8,4,12,16,3,15,24,20],[12,20,24,4,16,15,8,6,3],[24,8,12,16,20,4,3,14],[12,24,4,20,8,16,3,14],[8,12,24,16,4,15,20,7,3],[20,8,24,4,16,14,12,3],[16,24,20,4,15,12,8,22,3],[12,24,16,20,8,4,3,15],[16,24,4,2,15,12],[16,8,4,2,14,24,20],[4,24,16,3,15,20,8,12],[8,4,20,16,3,15,12,24],[24,12,16,20,8,4,14,2],[16,4,2,14,24,12,8]],"n_human":9}