{"problem_id":"HuIFvOh9Ojwd7BK","sigma":150,"alpha":1.000,"cost":1,"probabilities":"[0.0599999999999999, 0.51, 0.27, 0.16]","payoff_matrix":"[[34, -161, -133, -119, 59, -77], [-150, 136, 78, 5, -129, 278], [-130, -98, -204, -8, 126, 185], [-121, 33, 94, -50, 169, -221]]","uncovered":[[10,14,2,22,18,6,23],[6,10,18,2,14,22,23],[14,18,2,10,6,22,7,23],[2,6,10,22,14,18,7,23],[10,22,6,2,18,14,23],[6,18,14,22,10,2,23],[14,10,18,22,2,6,23],[14,10,2,18,22,6,7,23],[2,14,6,10,18,22,7,23],[14,18,10,2,22,6,7,23],[10,2,6,14,22,18,7,23],[2,14,10,18,6,22,7,23],[10,2,22,6,14,18,7,23],[22,18,2,10,6,14,7,23],[22,2,10,18,6,14,7,23],[14,2,6,18,22,10,7,11],[18,2,6,14,10,22,7,23],[6,2,22,18,14,10,7,23],[10,14,2,18,6,22,7,11],[2,10,6,22,18,14,7,23],[18,22,6,10,2,14,23],[6,14,2,22,10,18,23],[14,10,18,2,22,6,7,23],[18,6,14,2,22,10,7,11],[10,6,22,2,18,14,7,23],[18,6,14,22,10,2,7,23],[2,14,18,22,10,6,7,23],[10,6,22,14,2,18,7,11],[22,10,2,14,18,6,23],[6,18,2,14,10,22,23],[22,10,18,2,6,14,23],[18,10,6,2,22,14,23],[14,22,10,6,2,18,23],[10,18,14,6,22,2,23],[18,10,6,14,2,22,23],[2,18,6,10,22,14,7,23],[6,22,10,2,14,18,23],[6,2,14,18,22,10,23],[14,2,18,6,22,10,7,23],[18,2,22,6,14,10,7,23],[22,18,2,14,10,6,23],[2,10,14,6,18,22,23],[10,18,6,22,2,14,23],[14,2,6,22,18,10,23],[14,18,6,2,10,22,23],[6,10,22,2,14,18,7,23],[2,6,10,14,18,22,23],[14,18,2,10,6,22,23],[2,18,6,14,22,10,7,11],[2,10,22,14,6,18,7,23],[2,22,6,14,18,10,7,23],[10,2,22,14,18,6,7,23],[14,2,18,22,6,10,7,23],[2,22,6,14,10,18,23],[10,2,14,6,18,22,23],[6,18,2,22,14,10,7,11],[6,18,22,14,10,2,23],[2,10,22,18,14,6,7,23],[18,22,2,14,10,6,7,23],[14,22,6,2,18,10,23],[22,18,6,10,2,14,23],[6,2,10,18,14,22,23],[14,18,22,10,6,2,7,23],[22,6,14,2,18,10,23],[22,6,10,18,14,2,23],[18,14,6,2,10,22,7,23],[10,6,18,14,2,22,23],[18,22,14,6,2,10,23],[18,14,6,22,2,10,7,23],[10,18,6,2,14,22,7,23],[18,14,6,2,10,22,7,23],[14,6,10,2,18,22,7,23],[6,2,14,18,10,22,7,11],[2,14,10,22,18,6,23],[6,18,22,10,14,2,7,23],[18,10,6,2,22,14,7,11],[14,6,2,18,10,22,23],[18,6,14,10,2,22,7,23],[18,2,14,10,22,6,7,23],[22,14,6,10,18,2,23],[6,14,18,2,10,22,7,23],[10,22,18,2,14,6,7,23],[14,6,2,22,10,18,23],[22,6,14,18,2,10,23],[14,22,2,18,6,10,23],[14,18,2,6,10,22,7,21,11],[2,22,10,18,14,6,7,23],[14,2,18,10,22,6,7,23],[18,14,22,6,10,2,7,23],[14,10,18,2,22,6,7,23],[10,2,22,6,14,18,23],[2,14,10,22,18,6,23],[10,18,22,14,6,2,7,21,11],[6,14,18,2,10,22,23],[10,22,18,14,2,6,23],[10,14,6,2,18,22,7,23],[14,2,10,6,22,18,23],[14,6,10,18,22,2,23],[14,22,6,10,2,18,23],[6,18,10,22,2,14,7,23],[10,2,6,18,14,22,7,23],[22,6,10,2,14,18,7,23],[14,2,10,18,22,6,7,23],[22,10,6,18,2,14,7,11],[6,14,18,10,22,2,7,23],[18,14,6,2,22,10,23],[10,6,22,2,14,18,7,23],[14,22,6,10,2,18,23],[14,10,22,6,18,2,7,23],[10,6,22,18,2,14,7,23],[14,10,22,18,6,2,7,23],[18,2,22,14,10,6,23],[2,10,6,22,18,14,7,23],[10,2,22,14,6,18,23],[18,2,6,22,10,14,7,23],[22,10,6,18,14,2,7,23],[6,14,18,22,2,10,23],[22,2,14,10,6,18,7,21,23],[2,22,18,6,10,14,7,23],[22,14,6,10,2,18,23],[22,18,6,14,10,2,23],[14,2,18,10,22,6,7,11],[6,2,18,14,22,10,23],[10,22,2,18,14,6,23],[14,18,22,10,2,6,23],[22,10,18,2,14,6,7,23],[18,22,6,14,10,2,7,23],[18,14,10,6,22,2,7,23],[14,22,2,6,18,10,7,23],[10,18,14,2,22,6,7,23],[14,10,18,22,2,6,23],[2,6,10,22,18,14,23],[14,18,6,10,22,2,23],[2,10,22,18,6,14,7,23],[2,6,22,14,10,18,23],[2,18,6,22,10,14,23],[18,14,2,6,22,10,23],[2,18,14,6,22,10,23],[10,6,2,22,18,14,23],[10,6,14,18,2,22,23],[14,22,18,10,2,6,7,23],[14,2,18,10,6,22,7,23],[10,18,2,22,14,6,7,23],[14,10,2,22,6,18,23],[10,22,2,6,14,18,7,23],[18,22,6,2,14,10,23],[22,6,2,18,10,14,7,23],[2,22,18,10,6,14,23],[18,10,22,6,2,14,7,9,23],[6,2,22,14,10,18,23],[18,14,6,22,10,2,23],[14,6,22,10,18,2,7,23],[10,6,2,22,14,18,7,23],[14,10,2,22,6,18,23],[22,6,2,18,14,10,7,23],[2,10,18,22,14,6,23],[14,18,22,10,6,2,23],[22,18,6,14,2,10,7,21,23],[18,10,6,2,22,14,7,23],[6,22,14,10,2,18,7,23],[22,2,10,18,14,6,23],[14,6,10,2,22,18,23],[22,2,6,10,14,18,7,11],[22,2,10,6,18,14,7,23],[14,6,22,18,10,2,23],[14,6,10,18,22,2,7,23],[10,18,14,2,6,22,23],[2,14,6,10,18,22,7,23],[6,14,10,2,22,18,7,11],[18,6,14,22,10,2,23],[6,22,10,18,2,14,7,23],[2,14,22,18,10,6,23],[10,18,2,22,6,14,7,23],[10,6,2,18,22,14,7,21,11],[2,6,10,22,14,18,23],[6,14,10,22,18,2,7,11],[2,6,22,18,14,10,23],[2,22,14,6,10,18,23],[6,14,2,18,22,10,23],[18,10,2,6,14,22,7,23],[10,18,6,14,22,2,7,23],[10,18,14,2,22,6,23],[10,14,2,18,6,22,7,11],[22,10,14,18,2,6,7,23],[22,6,10,2,18,14,23],[18,14,10,2,22,6,23],[2,22,10,14,18,6,7,23],[22,2,10,18,14,6,7,23],[22,14,6,10,2,18,7,23],[10,2,18,22,14,6,7,23],[14,2,18,22,6,10,23],[18,6,10,14,22,2,23],[22,18,6,2,14,10,7,23],[6,22,10,14,2,18,7,9,23],[6,2,18,22,14,10,23],[18,22,6,14,10,2,7,11],[18,2,10,14,6,22,7,11],[6,22,2,18,10,14,7,23],[14,10,18,6,2,22,7,11],[10,14,6,18,22,2,23],[10,14,22,2,18,6,7,23],[14,2,22,10,18,6,23],[14,22,6,18,10,2,23],[2,18,14,22,10,6,7,11],[6,22,2,18,14,10,23],[22,2,10,6,18,14,23],[6,18,2,22,10,14,7,9,23],[14,6,10,22,18,2,7,23],[2,6,18,14,10,22,23],[22,6,18,10,2,14,7,23],[18,14,10,6,22,2,7,23],[10,2,6,14,22,18,23],[6,10,18,22,2,14,7,23],[18,6,22,10,14,2,23],[6,2,18,22,10,14,23],[18,22,10,2,14,6,23],[10,2,6,22,14,18,7,23],[6,2,22,18,10,14,7,23],[18,22,6,2,10,14,7,23],[14,6,10,22,2,18,23],[14,22,10,2,18,6,23],[22,18,10,2,6,14,23],[10,6,2,14,18,22,7,23],[14,10,6,22,2,18,7,23],[18,14,2,10,6,22,7,23],[10,2,18,14,6,22,23],[18,10,14,6,2,22,23],[6,2,14,10,22,18,7,23],[6,2,18,22,14,10,7,23],[22,6,14,18,2,10,23],[6,18,2,14,10,22,23],[6,14,22,2,10,18,7,23],[2,18,10,22,6,14,7,23],[22,14,2,6,18,10,23],[10,6,22,2,14,18,7,11],[14,6,10,18,2,22,23],[22,2,10,6,14,18,7,23],[6,22,18,2,10,14,23],[22,6,14,2,18,10,23],[14,2,6,22,18,10,7,23],[2,14,6,22,18,10,7,21,23],[22,14,6,18,10,2,23],[6,2,14,10,18,22,7,23],[2,14,10,22,6,18,7,23],[14,10,18,22,6,2,7,11],[2,10,14,18,6,22,7,23],[6,14,10,18,22,2,23],[14,10,18,6,2,22,23],[10,14,6,22,2,18,7,23],[6,18,2,22,10,14,23],[10,18,14,22,2,6,7,23],[18,2,10,14,22,6,7,23],[6,14,2,22,10,18,23],[22,10,6,2,14,18,23],[14,18,6,10,22,2,7,11],[18,14,22,6,2,10,23],[14,6,22,10,2,18,23],[10,22,6,18,14,2,23],[22,10,6,2,18,14,23],[6,22,14,2,10,18,23],[22,14,10,2,18,6,23],[2,10,14,18,6,22,23],[14,18,22,2,6,10,7,21,23],[10,18,22,14,2,6,23],[6,14,18,22,10,2,23],[2,6,22,14,10,18,23],[18,10,2,6,14,22,7,11],[2,10,6,14,18,22,7,11],[10,22,6,2,14,18,7,23],[14,18,22,2,6,10,23],[22,18,14,6,2,10,7,23],[18,2,10,6,22,14,23],[10,6,22,2,18,14,23],[22,18,6,2,14,10,23],[22,14,6,18,10,2,7,23],[10,14,22,18,6,2,7,23],[10,14,2,18,6,22,23],[18,22,14,10,6,2,7,23],[14,10,6,18,22,2,23],[18,2,10,6,14,22,7,23],[22,2,14,18,6,10,23],[2,10,6,18,14,22,7,12,23],[10,2,22,18,6,14,7,23],[22,10,18,14,6,2,7,23],[6,14,10,22,2,18,7,23],[14,10,6,18,2,22,7,23],[22,2,18,14,10,6,23],[6,2,18,22,10,14,23],[14,10,2,18,22,6,7,23],[22,6,14,18,2,10,7,23],[14,18,10,6,2,22,7,23],[22,14,6,10,2,18,23],[22,14,18,2,10,6,23],[10,2,6,14,22,18,23],[18,6,2,22,14,10,23],[6,22,10,18,14,2,7,23],[2,10,18,14,22,6,23],[18,10,22,6,14,2,7,21,24,11,23],[6,22,14,2,18,10,23],[18,10,6,2,14,22,23],[14,2,22,10,6,18,7,11],[2,14,6,10,18,22,7,23],[14,2,18,6,10,22,23],[18,22,2,10,14,6,23],[18,22,14,2,10,6,7,23],[14,2,18,22,10,6,23],[22,14,2,10,18,6,7,23],[10,2,14,22,18,6,23],[22,18,10,6,2,14,7,23],[14,10,6,22,18,2,23],[18,6,2,14,10,22,7,23],[6,14,2,10,18,22,7,23],[6,14,18,10,22,2,23],[18,6,2,10,14,22,7,11],[6,14,2,10,18,22,23],[22,6,2,18,14,10,23],[22,10,14,2,6,18,23],[14,10,6,22,18,2,23],[6,2,22,14,10,18,7,11],[10,18,22,6,2,14,23],[10,2,22,14,18,6,7,23],[6,10,18,2,14,22,7,11],[14,6,18,10,2,22,7,11],[22,18,6,10,2,14,7,23],[6,10,22,18,14,2,7,11],[14,10,22,6,2,18,23],[14,6,10,18,22,2,23],[6,22,2,18,10,14,23],[10,22,14,18,2,6,23],[6,22,10,2,18,14,23],[22,6,14,2,10,18,7,23],[22,14,18,2,6,10,7,23],[22,14,10,6,18,2,23],[6,2,18,14,22,10,7,23],[14,10,6,22,18,2,23],[2,10,18,6,22,14,7,23],[10,2,14,22,18,6,23],[14,6,2,22,10,18,7,23],[14,10,2,6,18,22,23],[6,22,10,14,18,2,7,23],[2,10,22,6,14,18,23],[22,14,10,18,2,6,23],[18,2,22,6,14,10,7,23],[10,14,6,2,22,18,7,21,23],[14,22,2,10,18,6,23],[18,14,10,2,22,6,23],[6,18,2,22,14,10,23],[10,6,2,22,18,14,23],[2,22,10,14,18,6,7,23],[2,6,14,18,10,22,23],[10,14,6,2,22,18,7,11],[10,14,18,6,2,22,23],[6,22,2,10,14,18,23],[2,10,18,6,22,14,23],[18,10,22,14,6,2,7,23],[6,14,10,18,22,2,7,11],[2,10,14,6,18,22,7,23],[18,10,22,14,6,2,23],[2,10,18,14,22,6,7,23],[18,22,2,14,10,6,7,23],[18,6,22,2,10,14,7,23],[22,14,18,10,6,2,7,23],[18,2,6,14,10,22,23],[2,18,10,22,6,14,23],[14,6,10,18,22,2,7,23],[6,18,22,14,2,10,7,11],[2,18,10,6,22,14,7,23],[14,18,10,6,22,2,23],[2,6,18,10,14,22,7,23],[6,18,22,10,2,14,23],[6,18,2,10,14,22,23],[10,2,18,6,22,14,7,23],[2,22,14,18,10,6,23],[22,18,6,10,2,14,7,23],[10,2,14,6,22,18,23],[22,2,14,18,6,10,7,23],[14,18,22,2,10,6,7,23],[2,18,10,6,14,22,23],[6,14,10,18,22,2,7,23],[10,18,6,2,22,14,7,23],[6,10,14,22,2,18,23],[6,18,22,2,10,14,23],[22,14,18,2,6,10,23],[10,22,18,14,2,6,23],[14,6,10,2,18,22,23],[6,22,2,18,10,14,7,23],[10,18,6,22,14,2,7,23],[10,2,22,6,18,14,7,11],[14,22,2,6,18,10,23],[2,18,6,10,14,22,7,23],[10,22,14,6,2,18,23],[10,18,22,2,14,6,23],[22,18,2,10,14,6,23],[2,14,6,18,10,22,7,23],[18,6,10,22,14,2,23],[18,6,10,22,14,2,23],[14,22,2,18,10,6,23],[14,6,18,10,22,2,7,23],[14,22,18,6,10,2,23],[14,6,2,22,10,18,23],[2,22,10,6,18,14,7,23],[22,14,10,6,18,2,7,23],[18,22,14,10,2,6,7,23],[14,10,6,2,22,18,23],[18,2,14,22,6,10,7,23],[18,10,22,2,6,14,7,11],[22,14,6,2,18,10,7,23],[10,14,18,2,22,6,7,23],[10,22,6,2,14,18,7,21,11],[6,14,10,2,22,18,23],[10,22,2,6,14,18,7,23],[22,18,10,2,14,6,23],[22,6,10,14,2,18,23],[10,14,18,6,2,22,23],[6,2,22,14,10,18,23],[2,14,18,6,22,10,7,23],[22,2,18,14,10,6,7,23],[22,18,14,2,6,10,7,23],[18,14,2,6,22,10,23],[6,14,2,10,22,18,23],[6,22,14,10,18,2,7,23],[18,22,2,10,14,6,7,24,11,23],[2,22,6,10,18,14,23],[2,14,18,22,10,6,7,23],[2,22,14,18,6,10,7,23],[6,22,14,10,2,18,23],[2,22,18,10,6,14,23],[22,10,6,2,18,14,23],[6,18,2,14,10,22,7,11],[14,22,6,10,18,2,7,23],[10,14,2,22,6,18,7,23],[14,18,6,22,10,2,23],[6,2,22,18,14,10,23],[18,14,10,2,6,22,23],[10,6,18,14,22,2,7,23],[2,14,6,10,18,22,7,23],[2,18,14,6,22,10,23],[2,6,18,22,14,10,7,23],[22,14,18,2,10,6,7,11],[22,2,18,14,6,10,23],[2,22,6,14,10,18,7,11],[14,10,22,6,2,18,7,23],[22,18,6,10,14,2,23],[6,22,2,18,14,10,23],[10,14,6,18,2,22,23],[18,22,2,10,14,6,7,23],[6,14,22,10,2,18,23],[14,2,22,6,10,18,7,23],[22,10,6,14,2,18,23],[2,18,14,10,6,22,7,23],[10,14,22,18,6,2,23],[2,14,18,10,22,6,7,23],[6,18,14,22,10,2,23],[22,10,18,6,2,14,23],[2,22,10,14,18,6,7,21,23],[6,22,10,2,14,18,23],[14,10,2,22,18,6,23],[6,18,10,14,22,2,7,23],[14,6,2,22,18,10,23],[2,14,18,10,6,22,23],[14,22,6,18,10,2,23],[22,2,10,6,14,18,23],[10,6,14,18,22,2,23],[18,6,10,22,2,14,7,23],[14,18,2,22,6,10,7,23],[18,14,10,22,6,2,23],[14,6,22,2,18,10,23],[6,22,18,14,10,2,23],[14,2,10,22,6,18,23],[10,18,14,2,22,6,7,23],[2,6,22,14,10,18,7,23],[6,2,14,22,10,18,7,23],[14,18,22,2,10,6,7,11],[14,2,10,18,6,22,7,11],[14,18,22,2,6,10,7,23],[2,22,6,14,10,18,23],[6,22,10,14,2,18,7,23],[2,22,10,14,6,18,7,11],[6,2,18,14,22,10,7,11],[6,10,14,22,2,18,7,23],[6,10,22,18,14,2,23],[10,18,2,22,14,6,23],[22,18,14,10,6,2,23],[6,22,10,2,14,18,23],[10,14,22,2,6,18,23],[10,2,18,22,6,14,23],[18,6,22,2,10,14,7,23],[2,6,18,14,22,10,7,23],[22,10,6,14,2,18,7,23],[10,18,2,14,22,6,7,11],[6,14,2,18,22,10,7,23],[22,6,10,14,2,18,7,23],[18,10,14,6,2,22,7,23],[10,22,6,14,18,2,7,23],[10,2,14,18,22,6,7,23],[2,6,10,14,18,22,7,23],[14,22,18,6,10,2,23],[2,18,10,14,6,22,23],[2,22,18,10,6,14,7,23],[6,2,22,10,18,14,7,21,23],[22,2,18,10,14,6,23],[14,10,18,22,2,6,23],[6,14,18,22,10,2,7,23],[6,14,18,22,2,10,23],[2,6,18,22,10,14,7,23],[10,14,6,2,18,22,7,11],[10,14,18,6,2,22,23],[6,2,22,10,14,18,23],[18,10,2,14,6,22,7,23],[2,18,10,6,22,14,23],[22,18,2,14,10,6,7,23],[22,2,14,6,10,18,7,23],[22,10,18,14,6,2,7,11],[18,10,2,22,6,14,7,23],[14,18,6,22,10,2,23],[18,22,6,2,10,14,7,23],[22,14,6,2,18,10,23],[22,2,14,18,6,10,23],[22,14,10,6,2,18,23],[6,2,18,22,14,10,23],[22,10,6,18,2,14,23],[22,14,2,6,18,10,23],[22,2,14,18,6,10,23],[10,14,18,22,2,6,23],[2,22,18,10,14,6,23],[14,18,2,22,6,10,7,23],[10,18,14,2,22,6,23],[10,2,18,6,22,14,7,23],[6,18,2,14,10,22,7,23],[18,14,22,2,10,6,7,23],[2,14,10,6,18,22,7,11],[2,10,22,14,6,18,7,23],[10,18,22,14,6,2,23],[14,10,22,18,6,2,23],[10,14,22,6,2,18,7,23],[14,2,10,22,6,18,23],[6,18,14,10,22,2,23],[14,2,18,6,10,22,7,23],[6,14,10,22,2,18,23],[10,18,2,6,14,22,23],[6,18,10,14,2,22,7,23],[14,18,6,10,22,2,7,23],[10,6,22,2,18,14,7,23],[6,22,14,18,10,2,23],[22,2,10,14,18,6,7,23],[22,10,2,6,18,14,7,23],[10,6,18,2,14,22,7,23],[10,6,2,18,22,14,23],[2,18,10,22,6,14,23],[18,22,14,6,10,2,23],[22,18,6,2,14,10,7,23],[2,6,18,14,22,10,23],[18,22,14,2,6,10,7,11],[10,22,18,14,6,2,7,23],[10,22,6,18,2,14,7,23],[6,2,22,18,10,14,7,23],[10,22,2,14,18,6,23],[14,18,10,2,6,22,23],[14,10,22,6,18,2,7,23],[18,10,14,2,22,6,23],[10,6,2,14,22,18,7,11],[22,18,14,6,10,2,7,23],[2,22,18,10,14,6,23],[18,6,14,10,2,22,7,23],[2,18,10,6,22,14,23],[22,14,18,6,10,2,7,11],[6,22,18,14,2,10,23],[6,18,2,10,22,14,7,23],[6,18,14,2,10,22,7,23],[6,2,14,18,22,10,23],[14,2,6,18,10,22,23],[14,2,22,10,18,6,23],[2,18,14,10,6,22,7,23],[10,6,22,2,18,14,23],[14,18,6,22,10,2,23],[6,18,2,22,10,14,23],[2,18,6,22,10,14,7,23],[6,14,22,18,10,2,23],[10,22,18,14,6,2,7,23],[6,10,18,14,2,22,7,11],[2,14,22,18,10,6,23],[22,2,18,14,6,10,7,23],[10,2,6,14,18,22,23],[6,22,2,14,18,10,7,23],[10,2,22,6,14,18,7,23],[10,14,18,22,6,2,7,23],[6,22,2,18,10,14,7,23],[6,10,18,22,14,2,7,23],[14,10,2,6,22,18,7,23],[14,18,6,22,2,10,7,23],[10,18,14,6,22,2,23],[14,22,6,10,18,2,23],[10,22,6,2,14,18,23],[6,22,18,2,14,10,23],[2,6,22,14,10,18,7,11],[2,6,10,18,14,22,23],[18,6,22,2,14,10,23],[14,6,22,10,18,2,23],[2,6,10,22,18,14,23],[14,22,6,10,2,18,23],[6,10,18,22,14,2,23],[18,2,14,22,6,10,7,23],[6,18,22,10,14,2,7,23],[2,14,10,22,18,6,7,23],[2,18,22,6,10,14,23],[2,6,22,18,10,14,7,23],[2,18,22,14,10,6,23],[14,10,2,18,22,6,7,23],[6,18,14,2,22,10,7,12,23],[22,18,2,14,6,10,7,23],[18,6,10,2,22,14,7,23],[22,10,6,18,14,2,7,23],[14,22,18,6,2,10,23],[14,18,22,6,2,10,23],[14,22,2,6,10,18,23],[22,18,2,14,10,6,23],[10,18,2,22,14,6,7,23],[22,2,6,14,10,18,23],[2,22,6,10,18,14,23],[6,2,18,14,10,22,23],[2,14,18,10,6,22,7,23],[22,2,10,14,18,6,23],[22,6,2,10,18,14,7,23],[2,14,6,22,18,10,23],[18,2,6,14,10,22,23],[10,18,6,14,22,2,7,23],[22,18,14,10,6,2,23],[22,10,14,6,18,2,7,23],[18,6,10,22,14,2,23],[10,2,22,6,18,14,23],[6,14,22,2,18,10,23],[10,6,18,2,22,14,23],[22,18,2,10,14,6,7,23],[18,6,22,14,2,10,23],[10,14,22,2,6,18,23],[6,2,22,10,14,18,23],[10,18,14,2,6,22,23],[10,14,18,2,22,6,7,21,23],[18,22,10,2,14,6,23],[2,6,18,10,22,14,23],[22,14,2,18,10,6,23],[14,22,18,10,2,6,23],[18,14,2,22,10,6,7,23],[2,18,14,22,6,10,23],[2,10,22,14,6,18,7,11],[10,22,2,6,18,14,7,23],[6,10,14,22,2,18,7,23],[14,22,18,2,10,6,23],[2,14,18,6,22,10,7,23],[18,22,2,10,6,14,23],[22,10,14,6,18,2,23],[22,14,6,10,18,2,7,11],[6,18,2,22,10,14,7,21,23],[22,14,10,18,6,2,7,23],[10,6,18,2,14,22,23],[14,6,2,18,22,10,7,24,11,23],[10,2,14,6,22,18,23],[10,22,18,14,2,6,23],[14,18,2,10,6,22,7,23],[2,22,6,10,14,18,23],[22,14,18,6,2,10,7,23],[2,22,18,6,14,10,23],[10,2,6,14,22,18,7,23],[10,22,14,18,2,6,23],[18,10,22,14,2,6,23],[6,22,2,14,18,10,7,23],[2,14,18,6,22,10,7,23],[22,6,18,14,2,10,7,11],[10,2,6,14,22,18,7,23],[6,18,14,2,22,10,7,23],[6,2,14,18,10,22,23],[18,14,2,6,10,22,7,11],[2,14,18,22,6,10,23],[14,22,10,18,6,2,23],[6,18,22,14,10,2,7,23],[2,14,18,10,6,22,23],[18,2,10,6,22,14,7,23],[6,2,18,14,10,22,23],[6,10,2,18,22,14,7,23],[10,22,14,6,2,18,23],[14,22,2,10,18,6,23],[2,18,10,14,22,6,23],[2,10,18,6,14,22,7,11],[18,22,2,14,6,10,7,23],[6,14,22,10,18,2,23],[14,6,18,10,22,2,7,23],[2,22,6,10,14,18,7,23],[10,22,2,6,18,14,23],[14,10,18,22,2,6,23],[14,22,2,18,10,6,7,21,23],[22,2,14,10,18,6,7,23],[14,22,2,18,6,10,7,23],[10,2,14,6,18,22,23],[6,18,10,14,22,2,7,23],[14,10,2,6,22,18,7,23],[2,10,14,18,22,6,7,23],[10,22,18,14,2,6,23],[18,2,14,22,10,6,7,23],[6,18,10,14,22,2,23],[14,6,2,10,22,18,23],[14,6,2,22,18,10,23],[10,14,6,18,2,22,7,23],[22,10,6,18,14,2,23],[10,14,6,2,22,18,7,23],[6,18,22,10,14,2,7,11],[6,2,22,18,14,10,23],[22,14,10,2,6,18,23],[14,10,6,18,2,22,23],[2,14,18,10,6,22,7,23],[6,10,22,2,14,18,23],[14,2,22,18,6,10,23],[18,14,22,2,10,6,23],[2,10,14,22,6,18,23],[18,2,22,14,10,6,7,23],[18,14,10,2,6,22,23],[2,18,10,22,6,14,7,23],[18,14,22,6,2,10,23],[18,6,14,2,22,10,7,23],[6,10,2,22,18,14,23],[14,10,6,18,22,2,7,24,11,23],[14,22,6,2,10,18,7,23],[10,2,18,22,14,6,7,23],[18,22,6,14,10,2,23],[18,2,14,10,6,22,23],[22,14,18,10,2,6,7,23],[6,22,18,14,10,2,23],[22,14,6,2,10,18,23],[6,22,18,14,2,10,7,23],[14,2,18,6,10,22,7,23],[6,22,14,18,2,10,23],[2,6,14,10,18,22,7,24,11,23],[10,2,14,6,18,22,7,23],[2,10,6,14,22,18,7,11],[22,2,10,18,6,14,23],[2,10,6,14,18,22,7,23],[2,6,18,22,14,10,7,23],[22,6,2,14,18,10,7,23],[6,14,18,22,10,2,23],[14,10,6,18,2,22,7,23],[18,6,14,22,2,10,23],[6,22,10,2,14,18,23],[22,6,18,2,10,14,23],[10,18,2,14,6,22,23],[6,10,14,2,22,18,23],[6,2,18,14,10,22,23],[22,10,18,6,14,2,23],[10,2,6,14,22,18,7,11],[10,14,2,18,6,22,23],[6,22,10,2,18,14,23],[18,10,2,14,6,22,23],[14,18,10,22,6,2,23],[10,2,14,6,22,18,7,23],[18,6,22,2,14,10,23],[18,6,10,22,14,2,23],[22,10,18,14,6,2,23],[6,22,18,14,2,10,23],[2,6,10,18,22,14,23],[2,22,10,18,14,6,7,23],[18,6,14,2,10,22,7,23],[10,22,14,2,6,18,7,23],[2,6,10,14,18,22,23],[6,18,10,2,14,22,7,23],[6,22,10,18,14,2,7,9,23],[22,2,6,14,10,18,7,23],[18,10,14,22,2,6,7,23],[2,6,14,18,22,10,23],[18,6,14,22,10,2,7,23],[10,2,6,18,22,14,7,23],[6,22,14,2,18,10,23],[2,22,10,14,18,6,23],[14,6,22,10,18,2,23],[14,22,2,18,6,10,23],[10,22,2,6,14,18,23],[14,2,10,22,18,6,23],[10,2,14,18,6,22,7,23],[14,22,2,18,10,6,7,23],[18,2,22,14,6,10,7,23],[6,14,22,10,18,2,7,23],[18,14,6,22,10,2,7,23],[18,2,10,14,22,6,23],[2,10,22,6,14,18,7,11],[14,18,2,22,6,10,23],[18,2,10,14,6,22,23],[18,2,6,14,22,10,7,23],[18,22,6,10,2,14,7,23],[2,22,14,10,6,18,23],[14,10,6,18,2,22,7,23],[14,10,2,6,22,18,23],[2,14,6,10,18,22,7,21,23],[10,18,2,22,6,14,23],[10,22,2,6,18,14,7,23],[18,10,6,14,2,22,7,23],[2,10,22,18,6,14,23],[14,6,10,18,22,2,23],[6,18,2,22,14,10,23],[22,6,14,10,18,2,23],[2,6,18,10,22,14,23],[6,22,2,14,18,10,7,23],[6,22,10,14,18,2,23],[10,22,2,14,6,18,23],[14,6,22,2,10,18,23],[6,2,18,14,10,22,7,23],[10,14,2,22,6,18,23],[14,6,22,2,18,10,7,23],[2,10,18,14,6,22,7,11],[6,14,10,22,2,18,7,23],[14,6,22,18,10,2,7,9,23],[18,6,22,2,10,14,23],[6,14,10,18,2,22,7,23],[10,18,22,6,2,14,7,23],[2,14,22,10,6,18,7,23],[10,18,22,14,2,6,7,23],[2,10,22,6,18,14,7,23],[10,18,14,22,2,6,7,23],[2,10,18,6,22,14,7,21,23],[2,18,6,10,22,14,7,23],[14,6,2,18,22,10,23],[2,18,22,14,6,10,23],[14,18,6,10,2,22,7,11],[2,10,14,6,18,22,23],[10,18,6,2,22,14,7,23],[2,22,18,10,6,14,23],[10,18,14,6,22,2,7,12,23],[18,2,22,6,14,10,7,23],[6,14,2,18,10,22,23],[18,14,6,22,10,2,23],[18,22,14,6,2,10,7,23],[6,10,18,22,14,2,23],[6,18,22,2,14,10,23],[22,10,6,2,18,14,7,23],[18,6,22,2,14,10,7,23],[10,14,22,2,6,18,7,23],[22,6,14,2,10,18,7,23],[10,18,22,2,6,14,23],[6,18,14,10,2,22,23],[2,14,18,22,10,6,23],[10,22,18,6,14,2,23],[18,22,2,10,6,14,23],[22,2,18,10,6,14,23],[22,6,18,2,14,10,7,23],[6,18,2,14,22,10,7,23],[18,2,10,6,22,14,7,23],[18,14,22,2,6,10,7,23],[14,10,22,2,18,6,7,23],[18,2,22,10,14,6,7,11],[10,6,2,18,22,14,7,23],[18,10,14,2,22,6,23],[18,10,2,22,6,14,23],[10,14,2,18,6,22,23],[2,22,14,6,10,18,7,24,11,23],[10,14,2,22,6,18,7,23],[14,22,2,18,6,10,23],[18,22,10,6,14,2,23],[22,6,14,2,18,10,7,23],[6,10,2,22,18,14,7,21,23],[22,14,2,6,10,18,7,23],[14,2,6,18,22,10,23],[10,18,14,2,6,22,7,11],[14,6,2,18,22,10,7,23],[2,10,6,14,22,18,23],[10,18,22,14,2,6,7,23],[2,14,6,22,18,10,23],[10,14,6,18,22,2,23],[6,22,14,18,2,10,7,23],[22,18,14,10,2,6,23],[18,14,2,22,6,10,7,23],[2,10,6,14,18,22,7,23],[22,14,18,6,2,10,23],[18,14,22,10,2,6,7,23],[18,6,14,2,10,22,7,11],[10,14,22,18,2,6,7,23],[10,2,22,14,6,18,7,23],[22,10,14,18,2,6,7,21,11],[10,14,2,6,22,18,23],[6,10,2,22,18,14,23],[10,2,22,6,14,18,23],[14,6,10,2,22,18,7,23],[2,6,18,22,14,10,23],[6,22,18,10,2,14,23],[14,10,6,18,22,2,7,23],[10,18,2,22,6,14,7,23],[2,14,10,18,22,6,23],[14,2,10,22,18,6,23],[14,22,10,6,18,2,7,23],[10,18,6,2,14,22,7,23],[14,18,6,2,22,10,7,23],[18,22,10,2,6,14,7,23],[10,22,18,14,6,2,7,23],[14,10,22,6,18,2,23],[6,10,22,14,18,2,7,11],[22,2,6,10,14,18,23],[10,22,6,14,18,2,23],[6,14,2,22,10,18,7,23],[10,6,2,22,18,14,23],[14,10,2,18,6,22,23],[6,14,10,2,22,18,23],[2,6,14,10,22,18,7,23],[14,6,18,22,2,10,23],[10,6,22,14,2,18,23],[2,10,6,18,14,22,7,23],[22,18,10,14,2,6,23],[6,18,22,10,14,2,23],[14,6,10,2,22,18,7,23],[22,14,10,18,6,2,23],[22,10,2,6,14,18,23],[2,14,18,22,6,10,7,23],[6,18,10,14,22,2,23],[2,10,22,18,14,6,23],[14,22,10,18,2,6,7,23],[2,14,10,22,6,18,23],[22,18,2,6,10,14,7,11],[18,22,6,14,10,2,7,11],[6,18,2,22,10,14,7,23],[14,18,10,2,22,6,23],[18,14,6,10,2,22,23],[2,14,10,18,22,6,23],[18,6,22,2,14,10,7,23],[10,14,6,18,2,22,7,23],[6,14,22,2,18,10,23],[14,2,10,22,18,6,23],[14,22,2,18,6,10,7,23],[22,6,18,10,2,14,23],[22,18,14,2,10,6,7,11],[2,22,18,6,10,14,23],[22,18,10,2,14,6,7,21,23],[6,14,22,18,2,10,23],[18,2,22,6,10,14,7,23],[2,6,14,10,18,22,7,23],[22,14,6,18,2,10,23],[18,14,6,10,2,22,7,23],[10,6,18,2,14,22,23],[2,22,18,10,6,14,7,23],[14,18,2,10,6,22,23],[10,22,6,2,18,14,23],[14,2,22,6,10,18,7,11],[14,18,10,22,6,2,7,23],[14,2,6,18,10,22,7,24,11,23],[2,10,18,22,6,14,7,23],[10,18,22,6,2,14,7,23],[22,10,14,18,2,6,23],[6,2,10,18,14,22,7,23],[22,10,18,6,14,2,23],[6,10,22,2,14,18,23],[14,6,2,18,10,22,7,23],[2,14,6,22,10,18,23],[14,10,2,6,18,22,7,23],[2,10,6,18,22,14,23],[14,10,6,22,18,2,23],[6,14,18,2,22,10,7,23],[18,2,22,10,14,6,23],[14,10,2,18,22,6,23],[10,14,22,2,6,18,7,11],[2,22,18,10,14,6,23],[6,22,10,14,18,2,23],[18,2,14,22,10,6,7,23],[22,2,6,18,10,14,7,11],[14,18,22,10,6,2,23],[18,6,10,14,2,22,7,23],[18,6,2,22,14,10,23],[18,6,2,14,22,10,23],[18,22,14,2,10,6,23],[14,10,6,2,22,18,7,24,11,23],[6,10,22,14,2,18,23],[14,18,6,22,2,10,7,23],[22,6,18,14,10,2,23],[22,18,6,10,14,2,7,23],[10,22,14,2,6,18,23],[6,2,14,18,10,22,7,23],[22,18,10,14,6,2,7,23],[18,6,22,10,14,2,7,23],[6,10,22,14,2,18,23],[10,6,18,2,14,22,7,11],[22,14,18,6,10,2,23],[22,14,10,18,6,2,7,11],[10,6,18,2,22,14,7,23],[6,22,18,2,14,10,7,23],[22,10,18,6,14,2,7,11],[22,18,2,10,6,14,23],[18,14,6,22,2,10,7,23],[18,14,2,10,6,22,7,23],[10,14,18,6,22,2,7,23],[2,6,10,22,14,18,23],[18,6,10,22,14,2,23],[2,10,22,14,18,6,7,21,23],[22,10,14,18,6,2,7,23],[10,2,22,14,6,18,23],[2,10,14,6,18,22,7,24,11,23],[22,18,10,14,2,6,23],[18,14,6,2,10,22,23],[6,18,2,10,22,14,23],[10,6,2,22,14,18,23],[6,14,22,10,18,2,23],[22,18,14,2,10,6,23],[2,10,18,22,14,6,7,23],[22,2,6,14,10,18,23],[6,10,14,22,2,18,7,23],[2,18,10,6,14,22,7,23],[6,2,14,10,22,18,7,23],[22,14,18,6,10,2,23],[2,18,14,6,22,10,23]],"n_human":11}