{"problem_id":"Im0WMVeT8ZSYAOx","sigma":75,"alpha":10.000,"cost":1,"probabilities":"[0.19, 0.31, 0.33, 0.17]","payoff_matrix":"[[-90, -38, -113, -57, -21, -34], [77, 56, 77, 74, -106, -28], [-111, -163, 91, -87, -84, 4], [53, 159, -120, 8, -18, 32]]","uncovered":[[3,23,15,7,11,19,10],[19,11,23,15,7,3,10],[15,11,23,3,7,19,10],[3,11,15,23,19,7,22,10],[23,11,15,18,6,7,3,22,10],[7,19,11,3,23,15,22,10],[23,19,11,3,7,15,10],[23,3,7,15,11,19,22,10],[19,23,11,7,15,2,3,22,10],[11,7,19,23,3,15,22,10],[23,7,11,18,15,3,10],[15,11,7,19,23,3,22,10],[11,15,19,23,3,7,10],[11,15,23,19,3,7,10],[19,7,15,11,3,23,10],[7,19,23,15,3,11,10],[3,7,15,19,11,23,22,10],[23,3,11,19,7,15,10],[15,3,19,23,11,7,22,10],[19,23,3,7,15,11,10],[11,3,23,7,15,19,22,10],[19,3,15,23,11,7,10],[23,15,7,3,19,11,10],[23,11,3,7,18,15,22,10],[15,19,11,3,23,7,22,10],[19,11,15,3,7,23,10],[19,23,15,3,11,7,22,10],[7,11,19,23,3,15,10],[19,11,23,7,3,15,10],[7,23,3,19,11,15,22,10],[3,19,7,15,11,23,10],[19,3,7,23,15,11,22,10],[7,15,3,23,19,11,10],[23,19,15,11,6,7,3,10],[3,23,7,11,14,15,19,22,10],[7,19,11,23,3,14,15,22,10],[23,11,19,15,3,7,10],[23,11,19,3,7,15,10],[23,19,15,7,3,11,10],[23,15,19,7,3,11,22,10],[19,7,23,3,15,11,22,10],[3,15,19,23,11,7,10],[23,19,11,3,7,15,10],[19,11,15,3,23,7,22,10],[19,7,11,23,15,3,10],[10,23,6,11,7,2,3,19],[15,19,23,3,7,11,10],[11,3,7,18,22,15,23,10],[19,7,23,3,11,15,22,10],[19,15,23,11,7,3,10],[11,7,15,3,23,19,22,10],[11,7,3,19,23,15,22,10],[3,19,7,23,15,11,22,10],[19,3,7,15,11,23,10],[7,3,23,19,11,15,22,10],[7,11,23,15,3,19,22,10],[3,7,19,11,15,23,22,10],[23,7,11,3,15,19,10],[11,7,19,15,23,3,22,10],[11,7,19,15,3,23,10],[19,15,7,23,11,3,22,10],[15,3,23,7,11,19,22,10],[7,15,23,11,3,19,10],[23,15,3,19,7,11,10],[7,23,3,15,19,11,10],[23,15,19,3,7,11,22,10],[15,7,3,19,11,23,22,10],[7,19,23,3,11,15,22,10],[3,19,7,15,23,11,22,10],[3,15,11,7,22,19,23,10],[23,7,11,15,3,19,22,10],[3,19,15,11,7,23,10],[23,19,3,11,14,15,7,10],[19,15,7,23,3,11,22,10],[3,19,11,23,7,14,15,10],[7,23,11,3,15,19,22,10],[23,19,3,11,15,7,10],[7,11,15,3,19,23,10],[19,15,7,23,11,3,10],[15,23,19,11,3,7,10],[11,19,15,3,7,23,22,10],[3,19,15,23,7,11,10],[19,11,3,15,23,7,22,10],[23,19,7,3,11,15,10],[11,15,19,23,7,3,22,10],[15,11,19,23,3,7,10],[3,19,11,15,23,7,10],[7,15,11,22,3,19,23,10],[23,15,11,7,19,3,10],[7,23,15,3,11,19,10],[23,19,3,7,15,11,10],[19,3,15,7,11,23,22,10],[19,2,11,3,15,7,23,10],[11,19,15,3,7,23,10],[7,19,23,3,15,11,22,10],[15,19,7,11,23,3,10],[3,19,15,11,6,7,23,10],[23,7,15,19,3,11,22,10],[15,11,19,3,23,7,22,10],[19,7,11,15,3,23,22,10],[3,23,11,14,15,7,19,10],[23,11,19,3,7,15,10],[19,7,23,3,11,15,10],[19,7,23,15,11,3,10],[11,7,23,19,15,3,10],[11,15,3,19,23,7,22,10],[19,7,15,11,23,3,22,10],[23,7,19,11,3,15,10],[11,15,3,23,7,19,22,10],[23,7,11,19,3,15,10],[19,11,15,23,7,3,10],[3,11,23,15,7,19,10],[3,7,23,11,15,19,22,10],[23,19,15,7,3,11,22,10],[19,11,7,3,23,15,10],[3,7,19,15,23,11,22,10],[11,7,23,3,19,15,10],[3,15,19,11,7,23,22,10],[15,19,3,7,11,23,10],[7,3,11,23,19,15,10],[15,19,23,3,11,7,10],[7,11,3,19,23,15,22,10],[15,11,3,23,7,19,22,10],[23,7,15,11,19,3,22,10],[11,15,7,19,23,3,22,10],[19,7,11,22,3,15,23,10],[11,23,7,19,3,15,10],[7,19,11,15,3,23,10],[3,19,23,7,15,11,22,10],[19,11,3,22,15,7,23,10],[23,7,3,19,11,15,10],[19,15,3,7,23,11,10],[3,11,7,23,19,15,22,10],[11,23,7,19,3,14,15,22,10],[3,7,15,23,11,19,22,10],[15,11,19,23,7,3,10],[19,3,7,15,11,23,10],[19,7,15,23,11,3,22,10],[11,23,3,19,7,15,22,10],[15,19,11,3,7,23,22,10],[15,19,11,7,3,23,10],[23,3,15,7,11,19,10],[7,15,19,11,3,23,22,10],[19,23,3,7,15,11,10],[11,23,15,3,19,6,7,22,10],[19,11,7,23,15,3,22,10],[7,3,15,11,23,19,10],[19,11,23,15,7,3,10],[19,15,3,23,11,7,10],[15,11,23,19,3,7,22,10],[23,11,19,15,7,3,22,10],[23,3,7,15,11,19,22,10],[11,6,7,19,15,23,3,22,10],[19,23,15,7,11,3,22,10],[3,15,11,19,23,7,10],[23,19,3,15,11,7,10],[15,3,7,23,11,19,22,10],[19,15,11,3,23,7,22,10],[23,3,7,11,19,15,22,10],[19,15,23,3,7,11,10],[19,7,11,23,3,15,22,10],[15,19,7,11,3,23,22,10],[7,11,3,19,23,15,22,10],[15,7,19,3,11,23,22,10],[11,23,7,19,15,3,22,10],[19,23,7,15,3,11,10],[19,3,11,15,23,7,22,10],[23,15,11,18,3,7,10],[19,11,7,3,23,15,22,10],[23,11,3,15,6,7,19,10],[7,19,3,15,11,23,22,10],[7,23,15,11,3,19,10],[15,3,19,11,7,23,22,10],[3,11,23,19,7,15,10],[19,23,3,11,7,15,22,10],[11,15,3,19,23,7,10],[7,23,3,15,19,11,10],[11,15,3,19,23,7,10],[11,3,23,15,19,7,10],[7,3,19,11,15,23,10],[15,23,3,11,7,18,10],[11,7,23,15,19,2,3,10],[3,15,19,23,7,11,10],[3,15,23,7,11,19,22,10],[7,11,15,3,19,22,23,10],[7,19,23,3,11,15,22,10],[3,19,7,11,15,23,22,10],[19,23,3,15,7,11,10],[23,19,7,11,3,15,22,10],[15,19,3,23,7,11,10],[23,7,15,3,11,19,10],[15,19,7,23,11,3,22,10],[7,19,3,23,15,11,10],[23,7,11,3,19,15,22,10],[15,23,7,11,19,3,10],[7,19,11,22,15,3,23,10],[15,7,3,19,23,11,22,10],[15,19,7,23,3,11,22,10],[15,7,19,23,11,3,22,10],[23,11,7,15,3,19,10],[7,23,11,3,15,19,22,10],[7,23,11,15,19,3,10],[7,11,15,3,22,19,23,10],[15,3,19,11,7,23,10],[11,19,3,15,23,7,10],[7,23,15,19,11,3,10],[23,19,3,11,7,15,10],[3,15,11,7,19,23,22,10],[15,23,7,11,19,3,22,10],[19,23,11,3,7,15,10],[3,11,19,15,7,23,10],[3,15,19,23,11,7,22,10],[11,7,15,19,23,3,22,10],[3,11,23,7,19,15,10],[11,15,23,7,19,3,22,10],[3,15,11,7,23,19,10],[11,19,3,23,14,15,6,7,10],[11,23,7,19,3,15,22,10],[19,3,11,23,15,7,22,10],[7,3,19,23,15,11,22,10],[15,11,3,19,23,7,22,10],[11,15,3,7,19,23,22,10],[7,19,15,23,11,3,10],[15,23,7,3,11,19,22,10],[7,19,23,15,11,3,22,10],[15,3,19,7,23,11,10],[7,19,23,3,15,11,22,10],[23,7,19,3,15,11,10],[3,11,22,15,7,19,23,10],[15,23,19,11,3,7,22,10],[19,7,11,2,3,15,23,10],[19,3,7,23,15,11,22,10],[7,11,3,18,15,23,10],[3,15,23,19,11,7,22,10],[11,14,15,22,19,2,3,7,10],[23,19,15,11,7,2,3,22,10],[15,7,3,23,11,18,10],[11,7,15,23,3,19,10],[15,7,19,11,23,3,22,10],[15,7,23,3,19,11,22,10],[23,11,7,3,19,15,22,10],[19,7,3,11,23,15,22,10],[11,23,3,7,15,19,10],[11,15,7,19,23,3,22,10],[23,19,11,3,15,7,10],[11,19,6,7,3,15,23,10],[11,7,15,22,2,3,19,23,10],[3,11,19,15,7,23,22,10],[19,7,3,11,15,23,10],[3,7,23,19,15,11,10],[15,7,23,19,3,11,10],[23,3,19,11,14,15,7,22,10],[11,3,23,15,19,7,10],[23,11,15,19,3,7,10],[15,7,3,23,19,11,22,10],[7,23,3,19,15,11,10],[3,15,19,11,23,7,10],[11,23,15,3,19,7,22,10],[7,15,11,23,19,3,10],[7,11,23,3,14,15,19,10],[11,7,3,19,23,15,22,10],[7,19,11,23,15,3,10],[23,3,19,7,15,11,10],[23,3,11,15,19,7,22,10],[7,15,11,3,23,19,10],[11,7,3,23,15,19,22,10],[23,3,15,7,11,19,22,10],[19,3,23,11,15,7,22,10],[23,15,7,19,11,3,22,10],[3,15,11,19,7,23,22,10],[23,7,19,11,3,15,10],[19,7,11,22,15,3,23,10],[7,11,23,3,15,19,10],[3,23,15,7,11,19,10],[23,15,7,19,3,11,10],[19,3,23,11,7,15,10],[15,3,23,11,7,19,10],[19,3,7,11,15,23,10],[3,11,18,15,7,23,22,10],[11,15,23,19,2,3,7,10],[3,11,7,23,19,15,22,10],[15,19,3,7,11,23,10],[23,11,15,7,3,19,22,10],[11,3,15,7,23,18,22,10],[7,3,15,11,23,19,22,10],[7,23,3,15,19,11,22,10],[11,23,7,3,19,15,10],[19,3,7,11,23,15,22,10],[23,7,11,19,15,3,10],[7,11,3,23,19,15,10],[19,3,23,15,11,7,22,10],[23,7,3,19,11,15,22,10],[3,15,7,11,19,23,22,10],[15,19,11,3,7,23,10],[19,3,11,15,23,7,22,10],[23,19,11,15,7,3,10],[3,15,7,23,11,19,10],[23,7,11,19,2,3,15,22,10],[11,6,7,23,3,15,19,22,10],[15,11,7,23,19,3,10],[15,11,23,3,7,18,10],[23,11,3,15,19,7,10],[15,11,3,7,23,19,22,10],[15,3,7,11,19,23,22,10],[15,2,23,19,7,11,3,10],[11,7,15,19,23,3,22,10],[23,7,19,3,15,11,22,10],[15,19,3,7,11,23,10],[19,7,3,15,11,23,10],[7,23,11,19,15,3,22,10],[7,15,19,11,23,3,10],[23,7,11,15,3,19,10],[3,7,11,15,23,19,22,10],[23,3,15,7,19,11,22,10],[7,11,3,19,23,15,22,12,10],[7,3,19,23,15,11,22,10],[11,7,3,19,23,15,10],[23,7,3,15,11,19,22,10],[3,23,19,15,11,7,22,10],[19,15,3,11,23,7,10],[19,11,3,7,23,15,22,10],[23,11,15,7,19,3,10],[23,11,15,3,7,19,22,10],[7,23,19,15,11,3,22,10],[15,7,3,23,11,19,22,10],[11,23,18,7,3,15,10],[3,11,7,15,18,23,22,10],[23,19,15,3,7,11,10],[11,3,7,19,15,23,22,10],[19,23,3,11,15,7,22,10],[23,15,7,19,11,3,22,10],[19,3,15,7,11,23,10],[23,19,7,3,15,11,22,10],[7,23,19,11,14,15,3,22,10],[7,15,23,3,11,19,22,10],[23,19,3,11,15,7,22,10],[15,23,7,11,19,3,10],[7,11,3,15,23,19,22,10],[11,23,3,19,7,15,10],[15,3,19,7,11,23,22,10],[11,3,15,19,7,23,10],[19,7,11,23,15,3,10],[3,11,15,7,23,19,10],[3,15,7,19,23,11,22,10],[23,7,11,14,15,3,19,10],[7,19,23,11,15,3,22,10],[3,15,23,11,7,19,22,10],[15,7,3,23,11,19,10],[23,11,7,3,15,19,10],[19,23,3,7,11,15,10],[11,23,3,15,19,7,10],[11,23,7,3,15,19,10],[3,11,7,15,23,19,10],[15,23,7,11,19,3,10],[15,19,11,7,3,23,22,10],[23,19,15,3,7,11,22,10],[23,7,11,15,3,19,22,10],[15,19,23,3,11,7,10],[23,19,7,15,3,11,22,10],[11,7,19,23,3,15,10],[15,7,19,11,3,23,22,10],[23,15,7,11,19,3,22,10],[3,15,19,11,23,7,10],[23,11,7,19,3,15,10],[15,19,23,7,11,3,22,10],[3,7,19,15,11,23,10],[3,15,23,7,11,19,10],[7,15,3,23,11,19,10],[19,11,23,3,7,15,22,10],[3,7,11,15,23,19,22,10],[15,23,3,11,7,19,22,10],[11,3,19,7,15,23,10],[7,15,19,11,3,23,22,10],[3,11,22,19,15,7,23,10],[23,15,7,11,19,3,10],[3,7,11,19,15,23,10],[19,15,11,3,23,7,10],[11,3,7,15,22,19,23,10],[7,23,19,3,11,15,10],[15,3,11,23,7,19,22,10],[3,7,15,11,23,19,10],[11,2,3,19,23,15,7,10],[7,3,11,23,15,19,22,10],[15,11,3,23,19,7,10],[15,19,7,3,23,11,10],[19,3,11,23,7,15,22,10],[19,15,3,7,11,23,22,10],[7,23,15,19,11,3,22,10],[11,19,7,3,15,22,23,10],[19,11,7,23,14,15,3,22,10],[23,11,15,19,3,7,22,10],[11,7,19,3,14,15,23,10],[3,23,7,19,15,11,22,10],[7,3,15,19,23,11,22,10],[7,23,15,3,11,19,10],[19,3,23,11,7,14,15,22,10],[19,15,23,11,7,3,10],[19,23,15,7,11,3,10],[15,11,23,3,19,7,10],[3,15,7,23,19,11,22,10],[3,19,7,11,15,22,23,10],[11,23,3,19,15,7,22,10],[15,11,3,23,7,19,10],[11,3,7,15,19,22,23,10],[23,19,7,11,3,15,10],[11,14,15,3,23,19,7,10],[3,23,15,7,11,19,10],[11,3,15,18,7,23,22,10],[15,11,7,19,23,3,10],[7,11,15,23,19,3,22,10],[7,11,3,19,15,23,22,10],[11,3,7,19,22,15,23,10],[11,19,15,3,7,23,22,10],[11,15,7,3,23,19,10],[23,11,3,19,7,15,22,10],[23,3,7,15,11,19,22,10],[19,3,11,14,15,23,7,10],[15,23,2,11,3,19,7,10],[23,3,15,11,7,19,22,10],[15,3,23,19,11,6,7,22,10],[3,19,11,15,7,23,10],[23,3,15,11,7,19,22,10],[15,23,7,11,3,19,10],[15,7,3,23,11,19,22,10],[23,7,15,19,3,11,10],[23,11,18,3,7,15,10],[11,15,19,7,3,23,10],[3,11,15,23,18,7,10],[3,7,23,15,11,19,22,10],[23,7,11,19,14,15,3,10],[7,15,11,3,23,19,10],[11,15,19,3,7,23,22,10],[11,7,15,23,19,3,22,9,10],[15,19,23,7,11,3,10],[19,15,11,23,3,7,22,10],[19,3,7,15,11,23,22,10],[23,19,15,3,11,7,10],[11,19,3,7,15,23,22,12,10],[19,11,23,7,3,15,22,12,10],[23,7,11,15,19,3,22,10],[7,15,11,23,19,3,22,10],[7,15,23,19,11,3,22,10],[15,11,19,23,7,2,3,22,10],[3,7,19,15,23,11,10],[11,22,15,3,19,7,23,10],[15,23,11,19,7,3,22,10],[23,7,15,3,11,19,10],[23,11,15,3,19,7,22,10],[19,23,15,3,11,7,10],[3,7,15,23,19,11,22,10],[11,19,23,14,15,3,7,10],[11,19,23,15,3,7,10],[23,7,11,19,3,15,10],[19,7,11,3,23,15,22,10],[3,23,11,15,19,7,22,10],[3,7,23,15,19,11,10],[15,11,3,19,7,23,10],[19,3,7,11,15,23,10],[11,7,3,23,15,19,22,10],[3,19,23,15,7,11,22,10],[3,15,23,7,11,19,10],[3,19,15,23,11,7,10],[15,23,19,7,11,3,22,10],[11,15,19,23,7,2,3,22,10],[19,11,3,7,15,22,23,10],[23,11,19,15,3,7,22,10],[3,7,15,23,19,11,10],[15,3,11,19,7,23,22,10],[15,7,23,11,3,19,22,10],[19,11,23,15,7,3,10],[11,15,6,7,3,19,23,22,10],[3,19,7,15,11,23,22,10],[11,3,15,23,19,7,10],[15,3,7,23,19,11,10],[23,3,19,11,15,7,10],[19,3,11,7,15,22,23,10],[3,19,15,23,7,11,10],[11,15,3,7,23,19,22,10],[7,3,23,19,11,15,10],[11,19,7,15,3,23,22,10],[15,23,7,11,3,19,10],[3,19,23,11,7,15,22,10],[11,3,18,7,23,15,22,10],[15,19,7,23,3,11,10],[11,15,7,19,23,3,10],[11,15,19,23,3,7,22,10],[11,3,23,19,7,15,10],[15,23,7,11,3,19,22,10],[7,3,23,11,15,19,22,10],[3,23,15,19,11,7,22,10],[19,15,7,23,11,3,10],[7,15,19,11,23,3,22,10],[11,7,15,2,3,23,19,10],[11,23,2,3,7,15,19,22,10],[7,11,23,3,19,14,15,10],[11,22,15,19,3,7,23,10],[15,3,23,11,7,19,22,10],[11,15,23,19,7,3,22,10],[23,11,7,15,19,3,10],[3,23,15,7,19,11,22,10],[3,7,19,15,11,22,23,10],[11,19,23,7,14,15,3,22,10],[7,3,23,19,15,11,10],[19,15,7,3,11,23,10],[19,15,7,23,11,3,22,10],[23,7,11,19,15,3,10],[19,11,3,23,15,7,22,10],[23,19,3,11,7,15,10],[15,23,19,3,11,7,10],[11,7,15,23,3,19,10],[23,7,3,11,19,15,10],[11,23,3,19,7,15,10],[15,11,18,7,3,23,22,10],[19,11,3,7,15,23,22,10],[3,11,7,23,15,19,22,10],[7,3,23,11,15,19,22,10],[7,3,19,15,23,11,10],[3,11,7,23,19,15,22,10],[7,23,3,19,11,15,22,10],[11,19,23,7,15,3,22,10],[15,3,23,19,7,11,10],[15,7,19,3,11,23,22,10],[3,23,19,15,11,7,10],[19,23,11,3,15,6,7,22,10],[23,7,19,15,3,11,22,10],[15,11,3,19,7,23,10],[15,3,23,7,19,11,10],[23,19,11,3,7,15,22,10],[3,15,7,22,19,11,23,10],[19,11,15,3,7,23,22,10],[23,15,7,11,3,19,22,10],[23,15,7,3,19,11,10],[3,11,15,19,23,7,10],[23,7,3,15,11,19,10],[15,23,19,7,3,11,22,10],[3,15,7,23,19,11,22,10],[7,3,23,11,15,19,22,10],[19,3,11,15,23,7,10],[23,19,3,15,11,7,22,10],[7,15,19,3,23,11,22,10],[11,7,3,22,19,15,23,10],[11,15,19,22,2,3,7,23,10],[23,15,3,19,7,11,22,10],[3,11,19,15,7,23,10],[19,15,7,11,3,23,10],[3,15,11,23,18,7,10],[3,19,15,7,11,23,10],[7,19,3,11,15,23,22,10],[19,11,15,7,23,3,22,10],[15,23,19,11,7,3,10],[11,23,15,3,19,7,10],[23,7,11,15,19,3,22,10],[23,15,3,11,19,7,22,10],[23,7,11,3,15,19,22,10],[7,15,3,11,19,23,10],[3,15,11,18,23,7,10],[19,3,11,23,6,7,15,22,10],[11,23,3,15,19,7,10],[15,3,19,7,11,23,10],[23,15,11,19,7,2,3,10],[19,23,3,11,7,15,10],[11,7,15,19,2,3,23,22,10],[3,11,7,23,15,19,10],[19,11,23,7,3,15,10],[15,11,7,23,3,19,10],[19,3,15,7,11,22,23,10],[23,11,19,3,14,15,7,22,10],[19,23,3,11,15,7,10],[19,11,15,7,3,23,10],[3,23,15,11,19,7,22,10],[15,19,7,3,23,11,22,10],[11,23,19,7,3,15,10],[3,23,7,15,11,19,22,10],[23,11,7,3,19,15,22,10],[2,19,15,11,3,23,7,22,10],[7,19,3,11,23,15,22,10],[15,11,23,19,7,3,10],[7,3,15,19,23,11,10],[23,3,11,19,7,15,22,10],[11,23,6,7,15,3,19,10],[15,3,19,23,11,7,10],[23,11,3,7,15,19,10],[7,23,11,15,19,3,10],[15,11,19,23,7,3,10],[19,15,7,3,23,11,22,10],[19,23,3,15,7,11,22,10],[7,15,19,23,3,11,22,10],[7,19,11,23,15,3,10],[3,7,19,11,15,23,22,10],[19,7,23,11,15,3,22,10],[15,3,19,11,23,6,7,22,10],[23,19,15,11,3,7,10],[3,7,23,11,15,19,10],[23,3,19,15,7,11,22,10],[3,23,7,19,15,11,22,10],[7,15,23,3,19,11,10],[15,7,11,19,3,23,10],[3,11,19,23,7,15,10],[7,23,11,15,2,3,18,22,10],[11,19,15,3,7,23,10],[15,7,23,19,11,3,22,10],[2,7,19,11,3,14,15,23,22,10],[7,11,23,19,14,15,3,10],[11,7,19,22,3,15,23,10],[15,23,19,7,11,2,3,22,10],[7,15,3,23,11,19,22,10],[11,15,3,19,23,7,10],[23,19,7,11,15,3,10],[15,3,7,23,11,18,22,10],[11,15,23,7,3,19,10],[7,19,3,23,11,15,10],[3,15,23,7,19,11,22,10],[19,15,11,23,2,3,7,10],[19,3,23,11,7,15,22,10],[11,19,7,15,3,23,22,10],[15,11,7,3,23,19,10],[11,3,23,19,15,6,7,22,10],[3,15,19,11,6,7,23,10],[15,11,23,19,7,3,22,10],[19,3,15,11,7,23,10],[19,7,15,23,3,11,22,10],[23,3,11,15,19,7,10],[15,23,19,11,3,7,10],[23,19,3,11,7,15,22,10],[3,11,19,14,15,7,23,22,10],[19,15,11,7,3,23,10],[3,15,11,18,23,7,10],[3,11,15,19,23,7,22,10],[11,7,18,3,23,15,22,10],[11,15,3,7,23,19,10],[11,3,23,7,15,19,10],[7,19,23,15,11,3,22,10],[19,15,11,3,7,23,10],[3,7,15,23,19,11,22,10],[15,19,23,3,11,7,22,10],[11,23,19,3,14,15,7,10],[19,3,15,23,11,7,22,10],[3,11,7,23,15,18,22,10],[23,7,19,3,15,11,22,10],[11,23,3,19,15,7,10],[3,7,23,19,15,11,22,10],[3,11,23,15,7,19,22,10],[15,3,19,11,7,23,10],[7,19,23,11,15,3,22,10],[3,7,23,11,15,19,22,10],[19,15,11,3,23,7,22,10],[19,15,7,11,3,22,23,10],[19,23,3,15,7,11,22,10],[7,19,23,11,3,15,10],[3,19,11,23,7,15,22,10],[19,11,23,3,7,15,22,10],[19,23,11,7,3,15,10],[7,3,19,11,23,15,10],[7,23,15,3,11,19,10],[7,23,11,3,19,15,22,10],[15,23,7,3,11,19,22,10],[15,11,19,7,3,23,22,10],[19,15,23,7,11,3,10],[23,19,15,3,7,11,10],[3,15,7,19,11,23,10],[23,19,11,7,15,3,22,10],[3,7,19,11,15,23,10],[11,3,15,7,23,18,10],[11,3,23,19,6,7,15,22,10],[23,19,7,3,11,15,22,10],[23,3,7,11,19,14,15,22,10],[3,19,11,23,15,7,22,10],[19,7,3,11,23,15,10],[15,19,23,3,7,11,22,10],[7,15,11,3,19,22,23,10],[11,23,3,14,15,19,7,22,10],[11,7,3,19,23,15,22,10],[3,7,23,19,15,11,22,10],[3,23,7,15,19,11,22,10],[11,3,23,7,19,15,22,10],[15,11,2,3,23,7,19,10],[3,19,7,11,15,23,10],[23,19,11,7,3,15,10],[15,19,11,7,3,23,10],[3,19,15,10,7,23,11],[23,11,15,7,3,19,22,10],[19,15,7,11,2,3,23,22,10],[11,7,14,15,19,3,22,10],[15,11,19,23,3,7,22,10],[7,15,3,19,11,23,10],[11,3,7,15,19,23,10],[23,11,15,7,19,3,22,10],[7,3,11,19,23,15,10],[19,7,11,23,3,15,10],[3,11,19,23,6,7,15,10],[19,11,7,23,3,14,15,22,10],[19,7,23,15,11,3,10],[23,3,7,15,19,11,22,9,10],[3,15,11,19,7,23,10],[15,7,3,23,19,11,10],[19,3,7,11,23,15,10],[15,11,3,23,19,7,10],[23,19,11,15,3,7,22,9,10],[19,11,6,7,15,23,3,22,10],[19,23,15,7,11,3,10],[23,19,7,3,11,15,22,10],[11,19,23,3,15,7,10],[19,15,7,11,23,3,10],[19,23,7,11,15,3,10],[7,15,3,11,19,23,10],[15,7,3,11,23,19,22,10],[11,6,7,14,15,19,23,3,22,10],[19,23,3,7,15,11,10],[11,19,15,7,23,3,10],[23,11,7,19,15,3,10],[7,23,15,19,11,3,10],[15,3,23,19,11,7,22,10],[19,7,11,3,15,23,10],[11,7,15,19,3,23,10],[15,3,11,23,19,7,10],[7,11,19,23,3,15,10],[7,23,15,3,11,19,10],[15,7,11,19,23,3,22,10],[15,3,7,19,11,23,22,10],[3,11,7,19,15,23,10],[19,23,3,11,7,15,22,10],[15,23,19,3,11,7,10],[3,19,23,15,11,7,22,10],[19,15,7,3,23,11,10],[23,19,3,7,11,15,10],[3,11,7,15,22,19,23,10],[23,19,15,7,11,3,22,10],[11,22,15,7,3,19,23,10],[11,19,7,23,3,15,10],[15,23,7,19,11,3,22,10],[19,23,3,7,15,11,22,10],[11,19,23,14,15,3,7,10],[7,3,23,15,11,19,10],[11,7,3,23,19,15,10],[15,23,19,11,7,3,10],[7,15,3,19,11,23,10],[7,23,15,19,3,11,22,10],[3,15,19,7,11,23,22,10],[15,23,19,3,7,11,22,10],[19,7,11,15,3,23,10],[15,11,3,6,7,23,19,22,10],[7,11,15,18,3,23,22,10],[19,7,15,23,11,3,22,10],[19,23,7,11,3,15,22,10],[11,23,3,7,15,19,22,10],[23,19,3,15,7,11,10],[19,23,15,7,11,3,22,10],[3,23,7,15,19,11,22,10],[23,3,19,15,11,7,10],[15,11,7,23,3,19,22,10],[23,19,15,3,11,7,10],[23,19,11,7,3,15,10],[3,15,19,23,7,11,10],[11,7,15,23,3,19,10],[19,15,11,3,7,23,22,10],[3,23,15,11,7,19,10],[23,15,11,3,7,19,22,10],[3,7,11,19,23,15,22,10],[15,19,23,11,6,7,3,10],[23,11,19,15,7,3,22,10],[15,3,19,11,23,7,10],[19,11,7,23,15,3,22,10],[19,23,3,15,11,7,10],[23,18,3,7,15,11,22,10],[11,14,15,3,7,19,23,22,10],[15,3,7,19,23,11,22,10],[7,11,3,15,19,23,10],[7,15,3,11,19,23,22,10],[23,3,18,11,7,15,22,10],[11,19,23,3,7,15,22,10],[11,15,7,3,23,19,10],[7,19,15,23,11,3,10],[23,11,3,15,19,7,10],[7,23,15,3,11,19,10],[19,7,15,3,11,23,22,10],[15,23,11,19,3,7,22,10],[7,15,23,3,19,11,10],[19,11,7,15,23,3,10],[19,7,23,3,15,11,10],[15,11,7,19,23,3,22,10],[7,23,15,3,11,19,22,10],[23,7,15,3,19,11,22,10],[11,7,3,23,19,15,10],[11,15,7,3,19,23,22,10],[7,19,15,23,11,3,10],[3,15,7,19,11,23,10],[15,19,3,7,11,23,22,10],[7,15,3,19,23,11,22,10],[23,15,7,3,11,19,22,10],[23,15,11,6,7,3,18,22,10],[23,11,2,3,7,19,15,22,10],[3,19,15,7,11,23,10],[7,3,11,15,19,23,22,10],[3,7,23,19,15,11,10],[11,19,3,7,15,23,10],[15,23,7,19,3,11,22,10],[19,23,7,11,2,3,15,10],[7,23,3,15,11,19,22,10],[15,19,7,23,3,11,22,10],[7,11,23,19,3,15,10],[7,23,15,19,3,11,10],[3,7,23,15,11,19,22,10],[3,15,7,23,19,11,10],[11,19,7,3,23,15,22,10],[11,15,3,19,23,7,22,10],[23,7,19,15,11,2,3,22,10],[19,11,3,23,7,15,10],[3,11,15,7,23,19,22,10],[7,23,19,3,15,11,10],[3,15,23,7,19,11,10],[19,3,23,11,7,15,22,10],[19,3,11,15,7,23,22,10],[7,19,11,15,3,23,10],[7,11,23,15,19,3,10],[11,15,19,23,3,7,22,10],[15,3,23,11,19,7,22,10],[19,7,15,3,11,23,22,10],[15,11,19,23,7,3,10],[11,19,7,3,23,15,10],[11,7,23,15,19,3,22,10],[7,15,3,19,11,22,23,10],[3,15,7,19,23,11,10],[15,11,7,19,3,23,10],[7,15,3,23,19,11,10],[15,23,7,11,19,3,22,10],[3,23,7,15,11,19,10],[19,23,7,11,3,15,10],[19,11,23,7,15,3,10],[23,3,7,19,11,15,10],[19,3,7,15,23,11,22,10],[23,7,11,18,3,15,10],[19,23,15,7,11,3,22,10],[15,7,19,23,11,3,22,10],[7,23,3,11,19,15,22,10],[7,15,23,3,19,11,22,10],[11,7,3,19,23,15,10],[19,11,3,15,7,23,10],[11,3,23,19,14,15,7,22,10],[19,15,11,7,23,3,10],[19,3,7,11,15,23,22,10],[19,14,3,23,11,15,7,10],[19,15,23,3,7,11,22,10],[19,7,23,11,3,15,10],[23,15,7,3,19,11,22,10],[23,19,15,7,11,3,22,10],[11,3,15,19,23,7,10],[19,3,7,15,11,23,10],[3,15,23,7,19,11,10],[3,15,19,7,23,11,10],[15,3,23,11,19,7,22,10],[11,3,15,19,7,23,22,10],[11,19,3,7,15,23,22,10],[19,15,7,23,3,11,10],[15,7,23,11,2,3,19,10],[7,19,11,15,3,23,22,10],[15,23,3,11,7,19,10],[19,11,7,23,3,15,22,10],[19,11,23,7,15,3,10],[7,23,19,3,15,11,22,10],[11,23,3,7,15,19,10],[7,11,23,15,3,19,22,10],[3,19,15,23,7,11,22,10],[11,19,3,7,23,15,22,10],[10,19,23,7,3,15,11],[19,3,15,23,7,11,22,10],[7,11,15,3,23,19,22,10],[3,19,15,11,23,7,10],[23,11,7,15,19,3,22,10],[15,19,11,7,3,23,22,10],[3,15,11,7,19,23,10],[7,3,11,15,19,23,10],[15,11,19,7,3,23,22,10],[19,23,3,11,7,15,22,10],[3,23,7,11,15,19,10],[3,11,23,15,18,7,10],[11,7,15,23,3,19,10],[19,15,23,7,3,11,22,10],[3,23,19,15,7,11,22,10],[11,14,15,19,3,23,7,10],[15,3,23,19,11,7,10],[11,19,3,15,7,23,22,10],[15,23,11,7,19,3,10],[3,11,14,15,19,23,6,7,10],[3,11,23,15,19,7,22,10],[7,19,3,15,23,11,22,10],[11,23,3,15,19,7,22,10],[23,15,11,7,3,19,22,10],[23,15,3,7,19,11,22,10],[23,15,3,11,19,6,7,22,10],[11,19,15,3,23,7,22,10],[19,15,3,7,11,23,10],[3,7,23,19,11,15,22,10],[19,15,3,23,11,7,10],[23,11,3,19,7,15,22,10],[7,23,15,19,3,11,22,10],[23,11,7,19,3,15,10],[11,23,3,7,19,15,10],[3,11,23,7,15,19,22,10],[23,7,11,3,15,19,22,10],[15,3,11,7,23,19,10],[7,15,23,19,11,3,22,10],[23,7,15,19,11,2,3,10],[11,3,7,15,18,23,22,10],[15,3,23,19,11,7,22,10],[11,23,7,15,3,19,10],[3,15,19,23,7,11,22,10],[11,22,7,19,15,3,23,10],[3,7,15,19,23,11,10],[3,7,11,23,19,15,10],[7,15,11,23,19,3,10],[19,7,23,15,11,3,10],[11,15,3,23,19,7,22,10],[7,11,15,3,23,18,22,10],[23,11,15,19,7,3,10],[11,15,2,3,7,23,19,22,10],[7,11,15,19,2,3,23,10],[7,11,3,19,23,15,10],[7,19,15,23,11,3,10],[11,3,15,23,7,19,10],[7,11,15,19,3,23,22,10],[19,23,3,11,15,7,10],[19,11,3,23,7,15,22,10],[23,3,19,11,15,7,10],[19,3,15,7,11,23,22,10],[19,15,7,3,11,23,10],[23,3,18,7,11,15,22,10],[15,7,3,19,23,11,22,10],[7,15,11,19,3,23,10],[3,23,7,11,15,19,22,10],[15,11,23,3,7,19,22,10],[3,15,19,11,23,7,22,10],[11,7,19,3,22,15,23,10],[7,15,3,19,11,23,10],[19,23,15,3,7,11,22,10],[23,15,3,19,7,11,10],[11,23,19,3,15,7,10],[3,19,11,7,15,23,10],[23,19,3,15,11,6,7,22,10],[19,11,22,7,15,3,23,10],[11,3,19,15,23,7,10],[3,15,23,7,19,11,10],[3,15,23,7,19,11,10],[15,3,19,23,7,11,10],[7,15,3,23,19,11,10],[3,23,7,15,19,11,10],[3,23,7,11,15,19,10],[23,15,7,11,19,3,22,10],[3,23,7,19,11,14,15,22,10],[23,11,15,18,7,3,22,10],[11,19,3,23,7,15,10],[3,15,23,19,7,11,10],[23,11,19,7,15,3,22,10],[3,23,19,7,11,15,22,10],[15,3,19,23,11,7,22,10],[19,23,11,15,7,3,10],[3,23,11,7,19,15,22,10],[15,3,11,7,23,19,22,10],[3,19,15,11,22,7,23,10],[15,7,11,3,19,23,22,10],[11,7,23,3,15,19,10],[3,11,23,15,19,7,22,10],[7,3,19,15,11,23,22,10],[11,15,7,23,3,19,22,10],[7,3,23,15,19,11,10],[11,19,7,22,15,3,23,10],[3,11,7,23,15,19,22,10],[7,3,11,23,19,15,22,10],[11,15,3,7,22,19,23,10],[11,7,3,19,23,15,10],[23,11,7,3,19,15,22,10],[11,15,19,23,3,7,22,10],[7,11,23,3,19,15,22,10],[19,3,15,23,7,11,22,10],[7,11,23,15,19,3,10],[7,19,3,15,23,11,22,10],[19,11,23,7,3,14,15,10],[15,7,23,19,3,11,10],[7,23,11,2,3,15,19,22,10],[7,19,23,11,15,3,22,10],[11,23,6,7,19,14,15,3,22,10],[7,3,15,19,11,22,23,10],[19,3,11,7,23,15,10],[3,23,19,15,11,7,10],[11,23,19,7,14,15,3,22,10],[7,23,19,3,15,11,10],[3,7,15,23,19,11,10],[7,3,19,23,11,15,22,10],[3,11,15,19,7,23,22,10],[19,15,23,7,11,3,22,10],[3,19,15,7,23,11,10],[7,3,19,11,23,15,10],[7,19,11,3,23,15,10],[7,19,15,23,3,11,10],[23,19,3,15,7,11,22,10],[11,3,7,19,23,15,10],[11,23,3,7,19,15,10],[23,11,6,7,3,19,15,22,10],[19,23,15,11,7,2,3,22,10],[15,11,19,3,23,6,7,10],[11,7,15,19,3,23,10]],"n_human":7}