{"problem_id":"j7XhWAoHVlAXXAz","sigma":75,"alpha":10.000,"cost":2,"probabilities":"[0.24000000000000002, 0.15, 0.3, 0.31]","payoff_matrix":"[[-64, -9, 37, 18, 0, 1], [18, 7, -53, -108, 104, 123], [-24, -2, -41, 8, -9, -9], [-84, -15, 9, 38, 106, -71]]","uncovered":[[24,20,8,16,15,19,13,17,12,11,4],[24,4,20,12,8,16,19,15,13,17],[12,8,24,4,16,11,20,15,19,13,17],[16,12,15,11,8,4,20,19,17,13,24],[16,4,12,15,11,8,20,19,13,17,24],[16,12,11,8,4,20,19,15,13,17,24],[24,12,16,15,11,20,19,13,17,4],[8,4,24,16,12,15,11,20,19,17,13],[8,20,16,15,19,17,13,24,4,12],[12,8,16,11,24,20,19,15,13,17,4],[12,16,11,8,4,24,20,15,19,13,17],[16,12,11,4,8,20,15,19,17,13,24],[8,20,4,12,16,15,19,13,17,11,24],[4,8,16,12,15,11,24,20,19,13,17],[12,8,20,16,19,15,17,13,11,4,24],[8,4,20,24,16,15,19,13,17,12],[4,8,20,24,16,19,15,13,17,12],[24,4,16,12,11,8,20,15,19,13,17],[8,16,12,11,4,24,20,15,19,13,17],[4,12,8,24,16,11,20,19,15,13,17],[12,24,20,4,19,11,8,16,15,13,17],[16,12,15,11,4,20,19,17,13,8,24],[16,24,4,20,19,15,17,13,12,11],[12,8,20,4,24,19,11,16,15,13,17],[16,20,15,19,17,13,12,24,11,8,4],[16,4,12,11,8,24,20,19,15,13,17],[4,16,12,11,20,19,15,17,13,24],[12,8,4,20,19,11,16,15,17,13,24],[4,24,20,16,19,15,17,13,12,11],[24,8,4,16,12,15,11,20,19,13,17],[24,12,8,20,19,11,4,16,15,13,17],[4,8,16,12,11,24,20,19,15,17,13],[24,8,20,16,15,19,17,13,4,12],[8,4,16,24,20,15,19,17,13,12],[20,16,19,15,13,17,8,4,24,12],[4,16,12,11,24,8,20,15,19,17,13],[4,20,12,8,19,16,15,17,13,11,24],[8,20,24,16,19,15,17,13,12,11,4],[20,16,19,15,17,13,24,8,12,11,4],[16,20,15,19,13,17,24,8,12,11,4],[4,12,16,15,11,24,20,19,17,13],[12,20,24,11,4,8,16,15,19,17,13],[24,20,12,8,4,11,16,19,15,17,13],[4,20,8,24,12,19,11,16,15,13,17],[4,16,24,20,15,19,17,13,8,12],[4,8,16,24,20,15,19,13,17,12],[8,24,12,20,16,15,19,13,17,11,4],[16,4,12,11,8,20,15,19,13,17,24],[4,16,24,12,11,8,20,15,19,17,13],[12,4,20,16,19,15,17,13,11,24],[24,8,20,16,19,15,13,17,4,12],[24,20,16,19,15,17,13,4,8,12],[12,16,11,24,4,8,20,15,19,17,13],[20,16,15,19,13,17,24,12,11,8,4],[24,12,4,16,11,8,20,15,19,17,13],[12,24,16,11,8,4,20,19,15,13,17],[8,4,12,16,15,11,20,19,13,17,24],[24,12,4,8,16,11,20,19,15,13,17],[20,16,15,19,13,17,12,11,4,8,24],[16,24,12,11,20,19,15,13,17,4],[20,8,12,4,11,16,15,19,13,17,24],[8,4,16,20,19,15,17,13,12,11,24],[16,12,15,11,4,20,19,13,17,8,24],[24,8,20,12,16,15,19,17,13,4],[4,16,20,19,15,17,13,8,12,11,24],[8,12,16,11,4,24,20,15,19,13,17],[8,24,4,16,12,11,20,19,15,17,13],[20,24,8,12,4,11,16,19,15,17,13],[16,4,12,11,24,20,19,15,13,17],[20,8,12,11,24,4,16,15,19,13,17],[20,12,4,11,16,19,15,17,13,24],[12,16,11,4,20,19,15,13,17,8,24],[24,12,20,4,19,11,16,15,17,13],[20,24,8,16,15,19,13,17,12,4],[24,20,12,16,15,19,17,13,11,8,4],[8,16,24,20,19,15,13,17,4,12],[12,8,16,15,11,24,20,19,13,17,4],[24,12,4,8,20,19,11,16,15,13,17],[4,20,12,8,19,11,24,16,15,13,17],[24,4,8,12,16,15,11,20,19,17,13],[12,20,16,19,15,13,17,11,4,24],[8,16,24,20,19,15,13,17,12,11,4],[4,20,12,24,8,19,11,16,15,17,13],[20,4,12,11,8,24,16,15,19,13,17],[8,24,4,12,20,19,16,15,17,13],[8,16,24,20,15,19,13,17,4,12],[8,16,20,19,15,13,17,4,12,11,24],[4,8,20,12,24,11,16,19,15,13,17],[16,24,20,15,19,13,17,4,8,12],[16,24,4,12,15,11,20,19,17,13],[8,20,4,24,12,19,11,16,15,17,13],[12,20,4,11,24,8,16,19,15,17,13],[20,24,8,16,15,19,17,13,12,11,4],[4,8,12,24,20,16,19,15,17,13],[8,4,16,20,19,15,13,17,24,12],[4,24,20,12,8,16,15,19,13,17],[24,8,16,4,20,15,19,13,17,12],[4,8,20,16,15,19,17,13,12,11,24],[8,16,20,19,15,17,13,4,24,12],[4,8,12,16,11,24,20,15,19,17,13],[20,24,4,8,16,19,15,17,13,12],[12,20,19,4,16,15,13,17,11,24],[16,24,8,12,15,11,4,20,19,13,17],[16,20,19,15,13,17,24,8,12,4],[4,8,20,24,16,15,19,17,13,12],[8,24,4,20,12,16,15,19,13,17],[4,20,12,16,19,15,13,17,11,8,24],[4,12,24,16,15,11,8,20,19,17,13],[8,20,12,4,11,24,16,19,15,17,13],[24,12,4,16,11,20,15,19,13,17],[20,24,8,12,4,11,16,15,19,17,13],[16,8,4,24,12,15,11,20,19,13,17],[16,20,15,19,13,17,24,12,11,8,4],[4,8,20,12,19,11,16,15,13,17,24],[4,12,24,20,11,16,19,15,17,13],[4,20,8,16,15,19,13,17,24,12],[16,20,19,15,13,17,24,4,12,8],[24,12,16,11,4,20,15,19,17,13],[12,4,8,24,20,11,16,19,15,17,13],[20,8,4,12,11,16,15,19,17,13,24],[24,4,16,8,20,19,15,13,17,12],[4,20,12,16,15,19,13,17,11,24],[16,12,11,24,20,19,15,17,13,8,4],[20,12,16,15,19,17,13,11,8,24,4],[8,12,16,11,4,24,20,19,15,13,17],[24,4,12,20,11,16,15,19,17,13],[16,8,24,20,19,15,13,17,12,11,4],[20,4,16,15,19,13,17,12,11,24],[24,20,16,19,15,17,13,12,11,4],[20,4,8,16,15,19,13,17,12,11,24],[24,16,8,12,11,20,19,15,17,13,4],[8,12,24,4,20,16,19,15,13,17],[8,24,4,12,16,11,20,15,19,13,17],[4,24,16,12,15,11,20,19,17,13],[4,20,12,19,8,11,16,15,13,17,24],[16,12,15,11,8,24,20,19,13,17,4],[12,8,4,20,24,16,19,15,13,17],[4,24,20,16,15,19,13,17,8,12],[24,20,12,4,16,19,15,17,13,11],[8,24,4,16,12,11,20,19,15,13,17],[16,4,24,20,15,19,17,13,8,12],[8,12,24,4,20,19,11,16,15,13,17],[4,16,8,24,12,11,20,15,19,17,13],[20,16,15,19,13,17,4,12,11,24],[4,8,16,20,15,19,13,17,24,12],[4,12,24,8,16,11,20,15,19,13,17],[4,20,12,8,24,16,19,15,13,17],[24,4,16,20,19,15,17,13,8,12],[20,12,4,16,19,15,13,17,11,24],[24,4,12,16,11,8,20,15,19,13,17],[20,24,16,19,15,13,17,8,4,12],[20,8,24,12,4,16,15,19,13,17],[24,8,4,16,12,11,20,19,15,13,17],[8,16,12,11,20,15,19,13,17,24,4],[8,20,12,24,19,11,4,16,15,13,17],[4,16,12,11,8,24,20,15,19,13,17],[8,4,20,12,16,15,19,13,17,11,24],[4,24,20,12,16,15,19,13,17,11],[8,12,20,11,16,15,19,13,17,4,24],[24,12,20,16,19,15,13,17,4,11],[12,8,24,20,16,15,19,13,17,11,4],[16,4,12,11,20,19,15,13,17,24],[24,8,16,4,20,15,19,17,13,12],[24,12,20,11,4,16,15,19,13,17],[8,4,12,24,16,15,11,20,19,13,17],[20,24,16,15,19,13,17,12,11,4],[4,16,12,11,24,20,15,19,13,17],[4,24,20,12,16,15,19,17,13,11],[8,12,24,20,16,15,19,17,13,4],[12,4,24,8,16,15,11,20,19,13,17],[24,16,20,15,19,13,17,8,4,12],[24,20,8,16,15,19,13,17,12,11,4],[8,16,20,19,15,17,13,12,11,24,4],[4,20,8,16,19,15,13,17,24,12],[16,12,15,11,24,8,4,20,19,13,17],[12,4,24,8,20,16,15,19,17,13],[20,24,8,16,19,15,17,13,12,11,4],[16,12,15,11,20,19,13,17,24,4],[4,20,24,8,12,11,16,19,15,17,13],[20,4,8,12,24,16,15,19,13,17],[4,24,8,12,16,11,20,15,19,17,13],[20,4,12,11,16,15,19,13,17,8,24],[4,12,24,16,15,11,20,19,17,13],[4,20,16,15,19,13,17,8,24,12],[8,4,20,12,19,16,15,17,13,11,24],[16,24,20,19,15,17,13,4,8,12],[4,16,8,12,11,24,20,19,15,17,13],[8,16,12,15,11,4,20,19,17,13,24],[16,20,15,19,17,13,8,4,12,24],[8,20,4,12,11,24,16,15,19,13,17],[20,12,11,24,4,8,16,15,19,13,17],[20,8,24,16,15,19,13,17,4,12],[4,16,8,24,20,15,19,13,17,12],[4,16,20,15,19,13,17,8,12,11,24],[20,16,15,19,17,13,4,12,11,8,24],[8,12,20,4,11,24,16,19,15,13,17],[4,16,24,12,15,11,20,19,13,17],[20,8,4,16,19,15,17,13,24,12],[8,20,12,19,11,16,15,13,17,4,24],[24,20,4,8,12,16,19,15,13,17],[20,4,12,16,15,19,13,17,11,24],[24,8,12,4,20,11,16,15,19,13,17],[24,20,4,16,15,19,13,17,12,8],[8,16,24,12,15,11,20,19,17,13,4],[16,12,15,11,20,19,13,17,8,24,4],[20,4,8,12,11,24,16,19,15,17,13],[24,20,16,15,19,17,13,12,11,8,4],[12,20,19,11,8,4,24,16,15,13,17],[16,4,20,19,15,17,13,24,12,11],[4,20,24,16,19,15,13,17,8,12],[16,24,4,20,19,15,13,17,12,11],[12,20,4,16,19,15,13,17,11,8,24],[4,20,16,15,19,17,13,24,12,8],[12,8,24,16,15,11,4,20,19,17,13],[4,16,24,12,15,11,8,20,19,13,17],[4,12,20,24,16,19,15,13,17,11],[12,20,8,19,11,24,16,15,17,13,4],[16,20,15,19,17,13,8,24,12,11,4],[20,8,4,12,16,15,19,13,17,11,24],[24,20,8,4,12,19,11,16,15,13,17],[24,8,4,20,12,11,16,15,19,17,13],[20,8,24,16,15,19,17,13,12,4],[20,24,12,11,16,15,19,13,17,4],[12,16,11,8,20,15,19,13,17,4,24],[12,8,16,15,11,20,19,17,13,4,24],[4,20,24,8,16,15,19,13,17,12],[24,8,12,20,16,19,15,17,13,11,4],[12,8,24,20,4,16,15,19,13,17],[4,20,16,19,15,17,13,24,12,11],[8,16,12,11,24,4,20,19,15,13,17],[4,8,16,24,12,15,11,20,19,17,13],[8,16,20,19,15,17,13,24,4,12],[20,16,19,15,17,13,8,12,11,24,4],[4,8,20,12,16,19,15,17,13,11,24],[4,8,16,12,11,20,15,19,17,13,24],[12,24,4,8,16,15,11,20,19,13,17],[4,16,20,19,15,17,13,24,12,11],[8,12,20,11,4,24,16,15,19,13,17],[24,4,20,12,19,16,15,13,17,11],[4,24,16,8,20,15,19,17,13,12],[4,20,12,24,16,19,15,13,17,11],[8,16,4,20,19,15,13,17,24,12],[4,16,24,20,19,15,13,17,12,11],[24,8,20,4,12,19,11,16,15,17,13],[20,24,16,19,15,13,17,4,8,12],[12,8,20,19,11,4,24,16,15,17,13],[4,12,20,16,15,19,17,13,24,8],[8,20,16,15,19,13,17,24,12,11,4],[20,8,12,16,15,19,13,17,24,11,4],[8,4,12,16,11,24,20,19,15,17,13],[12,8,16,15,11,4,24,20,19,17,13],[4,8,24,16,12,11,20,15,19,13,17],[24,20,12,4,8,11,16,19,15,13,17],[12,16,15,11,20,19,17,13,8,4,24],[12,20,4,24,8,19,11,16,15,13,17],[8,16,24,12,15,11,20,19,17,13,4],[24,8,16,4,12,11,20,15,19,13,17],[8,4,20,16,19,15,17,13,12,11,24],[12,24,16,15,11,8,20,19,17,13,4],[20,8,12,4,16,19,15,13,17,11,24],[8,16,24,20,19,15,13,17,12,4],[24,16,12,11,8,4,20,19,15,17,13],[12,8,24,4,16,11,20,15,19,13,17],[12,16,15,11,24,8,20,19,13,17,4],[4,8,20,24,12,11,16,15,19,13,17],[24,16,12,15,11,4,8,20,19,13,17],[4,20,8,16,19,15,13,17,24,12],[16,20,19,15,17,13,8,12,4,11,24],[12,8,24,4,16,11,20,15,19,13,17],[20,16,19,15,13,17,24,8,4,12],[16,24,4,20,15,19,17,13,8,12],[20,4,8,16,19,15,13,17,12,11,24],[20,4,8,12,24,16,19,15,17,13],[12,20,19,16,15,17,13,11,24,4],[20,12,4,19,11,24,16,15,17,13],[24,12,4,20,11,8,16,19,15,13,17],[8,20,16,15,19,13,17,12,11,24,4],[16,8,20,15,19,17,13,4,12,11,24],[4,12,8,20,16,19,15,13,17,11,24],[16,8,12,11,24,4,20,19,15,13,17],[20,16,19,15,13,17,24,4,12,11],[20,8,12,4,11,16,15,19,13,17,24],[20,12,16,15,19,17,13,11,4,8,24],[4,24,8,12,20,19,11,16,15,17,13],[8,20,12,4,24,16,15,19,17,13],[20,8,24,4,12,19,11,16,15,17,13],[20,24,16,19,15,17,13,8,4,12],[12,20,4,19,16,15,13,17,8,11,24],[8,16,20,15,19,17,13,12,11,24,4],[12,8,20,4,24,16,19,15,17,13],[12,8,20,16,19,15,17,13,11,24,4],[24,4,12,20,16,19,15,17,13,11],[20,24,4,8,12,11,16,19,15,17,13],[4,16,20,19,15,13,17,8,12,11,24],[4,20,8,24,16,19,15,13,17,12],[12,8,16,11,24,20,15,19,17,13,4],[16,4,20,15,19,17,13,8,24,12],[16,8,4,20,19,15,17,13,24,12],[8,16,4,12,15,11,24,20,19,17,13],[12,16,11,4,24,8,20,15,19,17,13],[8,4,16,20,15,19,13,17,24,12],[4,24,20,8,16,19,15,17,13,12],[24,8,12,4,20,11,16,19,15,13,17],[4,20,24,12,19,11,8,16,15,17,13],[16,24,4,20,19,15,13,17,8,12],[12,20,16,15,19,17,13,11,4,24],[20,4,8,16,15,19,13,17,12,11,24],[12,24,16,15,11,8,20,19,17,13,4],[8,24,20,16,15,19,17,13,12,11,4],[24,20,12,4,8,11,16,15,19,13,17],[4,8,16,24,20,15,19,17,13,12],[4,12,8,24,20,16,15,19,17,13],[4,24,16,20,15,19,17,13,12,11],[12,4,8,16,15,11,20,19,17,13,24],[16,24,4,20,15,19,17,13,12,11],[20,24,4,16,19,15,17,13,12,8],[24,8,20,16,19,15,13,17,12,11,4],[20,12,8,16,19,15,17,13,11,4,24],[16,12,15,11,8,24,4,20,19,17,13],[16,24,12,15,11,4,20,19,13,17],[4,20,16,19,15,13,17,8,12,11,24],[8,12,20,19,11,16,15,13,17,4,24],[24,16,12,15,11,4,8,20,19,17,13],[4,16,12,11,8,20,15,19,13,17,24],[4,16,24,8,20,15,19,17,13,12],[12,24,8,4,20,19,11,16,15,17,13],[4,12,20,24,16,19,15,13,17,11],[4,20,24,12,19,11,16,15,17,13],[4,12,8,24,16,11,20,15,19,17,13],[4,16,20,19,15,17,13,8,12,11,24],[8,12,4,16,11,20,15,19,17,13,24],[4,20,12,8,16,15,19,17,13,11,24],[20,8,24,16,19,15,13,17,4,12],[16,24,20,19,15,13,17,12,8,11,4],[20,24,8,4,12,16,15,19,13,17],[20,12,16,19,15,17,13,8,4,11,24],[12,4,8,20,24,11,16,19,15,13,17],[8,4,20,16,19,15,13,17,24,12],[8,20,16,19,15,13,17,12,11,4,24],[24,20,16,19,15,13,17,4,8,12],[20,16,15,19,17,13,24,4,8,12],[16,12,15,11,24,4,20,19,13,17],[16,8,20,15,19,13,17,4,24,12],[8,4,20,12,24,16,19,15,13,17],[24,20,8,16,15,19,13,17,4,12],[16,4,12,11,8,20,15,19,13,17,24],[4,16,8,24,20,15,19,13,17,12],[24,12,4,8,20,11,16,15,19,17,13],[16,20,19,15,13,17,24,8,12,11,4],[16,8,20,19,15,17,13,4,12,11,24],[20,24,16,19,15,13,17,4,12,11],[16,4,20,15,19,17,13,24,12,11],[20,8,12,4,19,16,15,13,17,11,24],[8,12,24,16,11,20,19,15,17,13,4],[4,24,16,8,12,11,20,15,19,17,13],[12,20,19,8,11,4,24,16,15,17,13],[4,12,20,24,16,19,15,17,13,11],[12,4,24,16,11,20,15,19,13,17],[16,24,8,4,20,19,15,13,17,12],[8,16,24,4,12,15,11,20,19,17,13],[12,4,8,16,15,11,20,19,13,17,24],[20,24,16,15,19,17,13,12,11,8,4],[8,20,24,16,19,15,17,13,12,11,4],[12,20,16,15,19,17,13,4,11,24],[12,16,11,24,8,20,15,19,17,13,4],[12,16,15,11,8,4,20,19,13,17,24],[4,24,8,12,20,16,15,19,13,17],[8,4,24,12,20,16,15,19,13,17],[20,16,15,19,17,13,12,11,8,4,24],[12,16,11,4,24,8,20,19,15,17,13],[16,12,15,11,24,20,19,17,13,4],[24,12,8,20,16,15,19,17,13,4],[16,4,24,20,19,15,17,13,8,12],[8,16,4,12,11,24,20,19,15,13,17],[8,4,20,24,16,19,15,17,13,12],[24,8,12,4,20,16,19,15,13,17],[20,4,12,24,16,15,19,13,17,11],[16,20,15,19,17,13,24,8,4,12],[12,4,8,24,16,15,11,20,19,13,17],[8,16,4,24,20,19,15,17,13,12],[4,24,12,16,15,11,20,19,17,13],[20,12,24,19,11,16,15,13,17,4],[20,16,15,19,17,13,24,4,8,12],[20,24,16,19,15,17,13,12,11,4],[12,4,16,11,20,15,19,13,17,8,24],[8,24,20,4,16,19,15,17,13,12],[12,24,8,16,11,20,19,15,13,17,4],[20,8,12,19,24,11,4,16,15,13,17],[16,4,12,11,20,15,19,17,13,8,24],[8,4,16,24,12,11,20,15,19,13,17],[4,8,16,20,15,19,13,17,12,11,24],[12,8,20,24,19,4,11,16,15,17,13],[24,12,16,11,4,8,20,15,19,13,17],[12,24,16,15,11,4,20,19,17,13],[12,8,20,16,19,15,17,13,24,11,4],[20,8,24,12,19,16,15,17,13,11,4],[8,12,20,16,19,15,17,13,11,4,24],[20,4,8,16,15,19,17,13,24,12],[16,4,12,11,8,20,19,15,17,13,24],[24,8,12,16,11,4,20,19,15,13,17],[20,8,24,16,19,15,13,17,12,11,4],[4,8,12,20,16,19,15,13,17,11,24],[4,24,8,16,12,15,11,20,19,13,17],[4,24,8,12,16,11,20,15,19,13,17],[12,4,20,8,24,19,16,15,13,17],[8,20,4,24,16,19,15,17,13,12],[16,8,20,15,19,17,13,4,24,12],[12,16,15,11,8,24,20,19,13,17,4],[24,8,12,16,11,20,15,19,17,13,4],[12,16,15,11,20,19,17,13,24,4],[8,4,20,16,15,19,17,13,12,11,24],[20,4,24,16,15,19,17,13,8,12],[16,12,15,11,24,4,20,19,13,17],[24,8,12,16,11,4,20,19,15,13,17],[20,12,8,19,4,16,15,17,13,11,24],[20,12,8,24,11,4,16,19,15,17,13],[20,8,4,24,16,15,19,13,17,12],[20,24,4,16,19,15,17,13,8,12],[4,8,24,20,16,19,15,17,13,12],[20,12,24,4,16,15,19,13,17,11],[16,24,20,19,15,13,17,8,12,11,4],[4,16,12,15,11,8,24,20,19,17,13],[12,8,16,15,11,24,4,20,19,13,17],[16,4,8,24,20,15,19,17,13,12],[20,4,24,12,16,19,15,17,13,11],[24,4,20,12,11,8,16,15,19,17,13],[24,12,20,4,8,16,19,15,17,13],[24,8,4,12,20,11,16,19,15,13,17],[24,4,12,16,15,11,8,20,19,17,13],[4,12,16,11,8,24,20,15,19,17,13],[24,4,20,16,15,19,13,17,12,11],[4,16,20,15,19,17,13,8,12,11,24],[8,24,20,12,4,16,19,15,17,13],[16,12,11,20,19,15,17,13,24,4],[4,20,12,11,8,16,19,15,13,17,24],[20,16,15,19,13,17,8,12,24,11,4],[4,24,12,20,11,8,16,15,19,17,13],[24,4,16,12,15,11,20,19,17,13],[24,4,20,12,19,11,16,15,13,17],[20,16,19,15,17,13,4,24,12,11],[4,20,16,15,19,17,13,24,8,12],[8,24,12,20,4,16,15,19,17,13],[8,16,4,24,12,11,20,15,19,13,17],[16,4,8,24,20,19,15,17,13,12],[24,12,4,8,16,11,20,15,19,17,13],[16,24,12,11,20,15,19,17,13,8,4],[8,16,12,11,20,19,15,17,13,4,24],[16,24,20,19,15,13,17,8,4,12],[4,24,8,20,12,16,15,19,13,17],[8,16,4,12,15,11,20,19,13,17,24],[16,4,12,11,20,19,15,13,17,8,24],[4,16,24,8,20,15,19,13,17,12],[16,20,15,19,13,17,24,12,11,8,4],[24,4,12,16,11,8,20,19,15,17,13],[12,16,11,24,4,20,15,19,13,17],[8,4,20,16,15,19,17,13,24,12],[16,12,15,11,20,19,13,17,4,8,24],[20,8,24,12,4,11,16,19,15,13,17],[12,20,19,11,8,16,15,13,17,4,24],[20,4,8,24,12,19,11,16,15,17,13],[20,24,16,19,15,13,17,12,8,11,4],[8,16,4,24,20,15,19,13,17,12],[4,12,20,16,15,19,17,13,11,24],[24,12,20,19,11,16,15,17,13,8,4],[24,4,16,12,11,8,20,19,15,17,13],[24,8,4,16,12,15,11,20,19,13,17],[24,20,12,16,15,19,17,13,11,4],[20,24,16,19,15,13,17,8,4,12],[8,24,20,4,12,19,11,16,15,13,17],[16,24,12,11,20,19,15,13,17,8,4],[24,12,16,11,20,19,15,13,17,4],[8,24,4,12,16,11,20,15,19,13,17],[8,12,4,20,11,24,16,15,19,17,13],[20,8,4,12,24,16,19,15,13,17],[8,16,24,12,11,20,19,15,17,13,4],[20,8,24,12,19,16,15,17,13,11,4],[16,12,15,11,4,8,20,19,17,13,24],[24,12,20,11,8,16,19,15,17,13,4],[24,4,8,20,12,16,19,15,17,13],[12,16,11,24,8,4,20,15,19,13,17],[24,12,16,15,11,8,4,20,19,17,13],[16,20,19,15,17,13,24,8,4,12],[12,24,20,4,16,15,19,13,17,11],[4,12,16,15,11,8,24,20,19,17,13],[24,20,16,15,19,13,17,8,4,12],[4,16,8,20,15,19,13,17,12,11,24],[20,16,19,15,17,13,4,12,11,8,24],[24,4,12,8,16,15,11,20,19,17,13],[8,12,4,24,16,11,20,15,19,17,13],[20,4,16,19,15,17,13,12,11,24],[20,4,24,16,15,19,17,13,12,11],[12,16,15,11,24,20,19,17,13,4],[24,8,16,4,20,15,19,17,13,12],[8,12,24,16,11,20,15,19,17,13,4],[16,24,20,19,15,17,13,4,12,11],[12,24,20,16,19,15,13,17,11,8,4],[20,24,4,12,8,11,16,15,19,17,13],[24,8,16,4,12,11,20,19,15,17,13],[12,4,20,24,19,11,8,16,15,13,17],[4,8,24,16,20,15,19,17,13,12],[24,8,20,12,19,11,4,16,15,13,17],[12,8,24,4,16,11,20,15,19,17,13],[20,4,12,16,19,15,13,17,11,8,24],[20,24,12,16,19,15,13,17,11,8,4],[24,4,20,16,15,19,13,17,12,11],[8,12,16,15,11,4,20,19,13,17,24],[16,12,15,11,4,20,19,17,13,8,24],[4,20,16,19,15,13,17,24,12,11],[24,12,20,19,11,16,15,17,13,4],[24,20,16,15,19,17,13,8,12,11,4],[20,12,16,19,15,13,17,11,4,24],[8,24,12,20,4,19,16,15,13,17],[12,24,16,15,11,4,8,20,19,17],[4,16,8,24,20,19,15,13,17,12],[12,4,16,11,20,15,19,17,13,8,24],[8,12,20,4,24,16,19,15,17,13],[8,20,16,19,15,13,17,24,12,11,4],[20,4,8,12,11,24,16,19,15,17,13],[20,4,8,12,24,11,16,15,19,13,17],[4,24,12,20,16,15,19,17,13,11],[16,8,12,11,24,20,19,15,17,13,4],[4,20,16,19,15,13,17,12,8,11,24],[24,8,16,12,15,11,4,20,19,13,17],[12,4,16,11,8,24,20,19,15,17,13],[24,8,4,20,16,19,15,13,17,12],[12,20,16,15,19,13,17,11,4,24],[20,16,19,15,17,13,12,11,4,24],[8,24,4,20,16,19,15,13,17,12],[8,16,24,4,20,19,15,17,13,12],[12,8,16,11,4,24,20,15,19,17,13],[16,24,4,20,15,19,13,17,12,11],[4,20,12,11,8,16,19,15,13,17,24],[8,20,24,4,16,19,15,17,13,12],[16,4,24,8,12,15,11,20,19,17,13],[20,12,16,15,19,13,17,11,24,8,4],[8,12,16,11,20,19,15,13,17,4,24],[8,12,16,15,11,20,19,13,17,24,4],[8,16,4,20,15,19,17,13,24,12],[8,24,16,20,15,19,13,17,4,12],[8,16,24,4,20,19,15,17,13,12],[20,8,4,16,19,15,13,17,24,12],[16,12,11,8,24,20,15,19,13,17,4],[4,20,24,12,11,8,16,15,19,17,13],[12,24,8,16,11,4,20,19,15,13,17],[20,4,24,12,16,15,19,17,13,11],[16,20,19,15,13,17,4,8,12,11,24],[8,16,20,19,15,13,17,4,24,12],[8,24,12,16,11,20,15,19,13,17,4],[20,16,15,19,13,17,24,4,12,11],[24,8,4,12,20,16,19,15,17,13],[12,20,11,16,19,15,13,17,4,8,24],[8,16,20,19,15,13,17,12,11,4,24],[4,20,8,16,19,15,17,13,24,12],[8,24,20,4,12,11,16,19,15,13,17],[20,16,19,15,17,13,12,11,24,4],[20,12,4,16,15,19,13,17,11,24],[8,4,20,12,11,24,16,19,15,17,13],[12,16,11,4,20,19,15,13,17,8,24],[16,24,8,4,20,19,15,13,17,12],[12,20,24,16,15,19,13,17,11,4],[8,24,12,16,15,11,4,20,19,17,13],[12,16,11,8,20,19,15,13,17,24,4],[4,12,24,20,16,15,19,17,13,11],[8,20,24,12,16,15,19,17,13,11,4],[24,8,4,12,16,11,20,15,19,17,13],[4,12,16,15,11,20,19,17,13,24],[20,16,15,19,13,17,4,8,24,12],[24,16,12,15,11,8,4,20,19,17,13],[12,24,20,4,19,16,15,17,13,11],[20,12,4,24,8,19,11,16,15,13,17],[24,12,8,4,20,19,11,16,15,13,17],[8,24,12,20,4,16,19,15,17,13],[20,16,19,15,17,13,8,12,11,4,24],[16,8,20,15,19,17,13,24,4,12],[24,20,8,12,11,16,19,15,13,17,4],[20,12,11,8,24,16,19,15,13,17,4],[20,24,16,19,15,17,13,8,4,12],[12,16,11,20,19,15,17,13,8,24,4],[20,24,16,19,15,13,17,8,12,11,4],[4,20,24,16,19,15,13,17,8,12],[12,4,16,11,24,8,20,19,15,17,13],[20,16,15,19,17,13,8,12,11,24,4],[16,24,12,15,11,8,4,20,19,13,17],[24,16,20,15,19,13,17,8,4,12],[12,20,4,8,19,11,24,16,15,17,13],[8,12,16,11,4,20,15,19,17,13,24],[4,24,20,12,8,16,19,15,17,13],[24,4,8,16,20,19,15,13,17,12],[16,4,8,20,15,19,13,17,12,11,24],[24,12,8,4,20,11,16,19,15,13,17],[8,24,4,16,12,11,20,19,15,17,13],[16,24,4,12,11,8,20,15,19,17,13],[24,20,8,16,15,19,17,13,12,11,4],[20,12,16,19,15,13,17,11,4,8,24],[24,20,16,15,19,17,13,8,12,11,4],[24,16,4,20,15,19,13,17,8,12],[16,20,15,19,17,13,24,4,12,11],[16,24,4,20,15,19,17,13,12,11],[20,4,24,12,8,19,11,16,15,13,17],[12,24,8,20,4,11,16,19,15,17,13],[20,4,16,19,15,13,17,8,12,11,24],[20,4,8,24,16,19,15,13,17,12],[12,24,8,16,11,4,20,19,15,17,13],[4,16,20,15,19,13,17,8,24,12],[8,4,16,24,20,19,15,17,13,12],[20,12,11,24,4,8,16,15,19,13,17],[12,4,8,16,15,11,24,20,19,13,17],[8,12,4,24,20,16,19,15,13,17],[20,8,4,16,15,19,17,13,24,12],[8,16,4,20,15,19,13,17,24,12],[16,20,15,19,13,17,4,8,24,12],[12,24,16,15,11,4,8,20,19,17,13],[8,20,16,19,15,13,17,12,24,11,4],[4,16,20,19,15,17,13,12,11,24],[20,4,12,19,11,24,16,15,13,17],[16,8,24,4,20,15,19,17,13,12],[4,12,8,16,11,20,15,19,13,17,24],[24,4,16,12,11,8,20,15,19,13,17],[4,12,24,20,16,15,19,13,17,11],[12,8,16,11,24,20,15,19,13,17,4],[24,20,12,8,4,16,19,15,13,17],[12,24,8,16,11,20,15,19,13,17,4],[16,12,11,24,4,20,19,15,17,13],[24,12,16,11,20,19,15,17,13,8,4],[8,12,4,16,11,20,19,15,17,13,24],[24,12,20,4,8,19,11,16,15,17,13],[12,16,15,11,4,24,8,20,19,17,13],[16,20,19,15,13,17,24,4,8,12],[8,4,20,24,16,19,15,13,17,12],[24,16,4,12,11,8,20,19,15,13,17],[20,16,15,19,17,13,8,12,11,4,24],[12,8,16,15,11,20,19,17,13,24,4],[16,8,4,24,12,11,20,19,15,17,13],[20,24,8,12,16,15,19,17,13,11,4],[8,16,20,19,15,17,13,4,24,12],[24,12,16,11,20,19,15,13,17,8,4],[8,12,16,11,4,24,20,19,15,17,13],[4,16,8,12,11,20,19,15,17,13,24],[12,20,24,11,16,19,15,13,17,8,4],[12,20,11,4,8,24,16,19,15,13,17],[16,4,24,20,15,19,13,17,12,11],[12,20,24,11,8,4,16,19,15,17,13],[4,12,24,20,8,11,16,19,15,13,17],[24,8,16,12,11,4,20,15,19,17,13],[12,24,20,4,16,19,15,13,17,11],[16,12,11,24,4,8,20,15,19,17,13],[16,20,19,15,17,13,24,4,8,12],[24,12,16,15,11,4,8,20,19,17,13],[8,4,24,16,12,11,20,15,19,17,13],[8,16,20,19,15,17,13,12,4,11,24],[4,20,8,24,12,16,19,15,17,13],[20,4,16,19,15,17,13,8,24,12],[16,12,15,11,8,24,4,20,19,13,17],[12,8,16,15,11,4,24,20,19,17,13],[24,12,4,16,15,11,8,20,19,17,13],[16,12,15,11,20,19,17,13,8,4,24],[24,16,12,15,11,8,20,19,17,13,4],[4,20,8,24,12,16,15,19,17,13],[12,4,16,15,11,24,8,20,19,13,17],[8,24,16,4,20,19,15,17,13,12],[12,24,4,20,8,16,19,15,17,13],[12,8,4,20,19,11,24,16,15,17,13],[24,16,12,11,20,15,19,13,17,4],[24,16,12,11,8,20,19,15,17,13,4],[24,4,20,16,15,19,17,13,8,12],[4,24,12,20,16,19,15,17,13,11],[4,20,24,12,16,19,15,17,13,11],[12,24,8,20,11,4,16,19,15,17,13],[20,12,8,4,16,19,15,13,17,24],[4,24,20,12,11,16,15,19,17,13],[8,4,12,20,24,19,11,16,15,13,17],[12,20,24,8,4,16,19,15,13,17],[8,16,4,24,20,15,19,17,13,12],[12,4,16,11,24,8,20,19,15,17,13],[8,20,16,19,15,13,17,12,11,4,24],[8,12,16,15,11,4,20,19,13,17,24],[24,8,20,16,19,15,13,17,4,12],[16,12,15,11,24,20,19,13,17,4],[8,20,24,4,16,15,19,13,17,12],[8,12,24,4,20,16,15,19,13,17],[24,16,4,8,20,19,15,17,13,12],[20,24,12,4,19,16,15,13,17,11],[16,4,24,8,20,19,15,13,17,12],[24,4,12,20,16,15,19,13,17,11],[24,4,8,16,12,11,20,15,19,13,17],[8,16,4,24,20,19,15,17,13,12],[8,12,4,20,16,19,15,13,17,11,24],[24,4,16,20,19,15,13,17,8,12],[20,12,16,19,15,17,13,4,11,8,24],[20,16,15,19,17,13,24,4,8,12],[24,4,20,8,12,16,15,19,13,17],[4,12,20,24,8,16,19,15,13,17],[24,8,12,16,15,11,20,19,17,13,4],[4,16,12,15,11,24,20,19,17,13],[24,20,8,12,16,15,19,13,17,11,4],[24,16,20,15,19,17,13,12,11,4],[8,24,4,16,20,15,19,17,13,12],[20,8,4,12,16,15,19,17,13,11,24],[4,16,12,15,11,8,24,20,19,17,13],[4,20,16,19,15,17,13,24,8,12],[16,4,8,24,12,15,11,20,19,17,13],[20,24,12,8,4,19,16,15,17,13],[12,4,16,11,24,8,20,15,19,17,13],[16,4,12,11,24,8,20,19,15,13,17],[16,8,12,15,11,20,19,17,13,4,24],[24,16,12,11,20,15,19,13,17,4],[16,8,24,4,20,15,19,13,17,12],[12,4,16,11,24,20,19,15,13,17],[8,20,24,12,16,19,15,13,17,4],[24,8,4,20,16,19,15,13,17,12],[24,16,12,15,11,8,20,19,13,17,4],[12,16,11,24,20,19,15,13,17,4],[4,12,20,16,15,19,13,17,11,8,24],[20,4,16,19,15,13,17,8,12,11,24],[8,16,12,11,4,24,20,15,19,17,13],[16,24,8,20,19,15,17,13,4,12],[4,8,20,24,16,15,19,13,17,12],[16,8,12,11,20,15,19,17,13,4,24],[20,8,12,24,16,15,19,17,13,11,4],[4,24,12,16,11,20,19,15,13,17],[20,12,24,4,16,19,15,13,17,11],[16,24,4,20,15,19,13,17,8,12],[16,20,19,15,13,17,4,12,8,11,24],[16,24,8,12,11,20,19,15,13,17,4],[16,8,4,20,15,19,13,17,12,11,24],[8,12,20,24,4,19,11,16,15,13,17],[16,24,8,4,12,11,20,15,19,17,13],[8,20,16,15,19,17,13,12,11,4,24],[16,24,4,12,11,20,15,19,13,17],[24,4,20,12,8,11,16,15,19,17,13],[4,16,24,20,15,19,17,13,8,12],[20,12,24,8,16,15,19,13,17,11,4],[20,8,12,16,15,19,17,13,11,24,4],[4,20,12,16,15,19,17,13,11,8,24],[24,4,8,16,12,15,11,20,19,17,13],[16,8,24,12,15,11,20,19,17,13,4],[20,12,24,4,19,8,11,16,15,17,13],[4,16,24,20,15,19,13,17,12,11],[8,16,4,24,12,11,20,15,19,17,13],[12,16,11,24,4,20,19,15,17,13],[20,16,15,19,13,17,24,12,11,4],[20,8,24,16,15,19,13,17,4,12],[24,20,8,16,19,15,17,13,4,12],[16,20,15,19,13,17,4,8,24,12],[20,24,4,12,16,15,19,13,17,11],[4,8,24,16,12,15,11,20,19,17,13],[20,8,16,19,15,17,13,4,12,11,24],[8,20,12,4,16,15,19,13,17,24],[16,12,11,8,20,19,15,13,17,4,24],[16,24,8,12,11,20,15,19,13,17,4],[8,12,4,20,11,16,15,19,17,13,24],[20,8,16,19,15,13,17,24,12,4],[12,20,24,19,11,4,16,15,13,17],[4,12,24,16,15,11,8,20,19,17,13],[16,4,24,8,12,11,20,15,19,17,13],[8,20,12,24,16,19,15,17,13,11,4],[12,20,8,24,16,15,19,13,17,11,4],[4,8,12,16,11,20,19,15,13,17,24],[8,24,4,16,20,19,15,13,17,12],[8,12,16,15,11,4,24,20,19,17,13],[24,16,12,11,4,8,20,15,19,17,13],[16,8,4,20,15,19,13,17,12,11,24],[16,20,15,19,13,17,24,8,4,12],[20,4,12,8,24,11,16,15,19,13,17],[20,8,24,12,11,16,15,19,13,17,4],[4,12,16,15,11,24,20,19,17,13],[12,4,8,16,15,11,24,20,19,13,17],[12,20,8,24,19,4,11,16,15,13,17],[20,8,16,19,15,13,17,24,4,12],[8,20,16,15,19,17,13,12,11,24,4],[20,8,12,16,19,15,13,17,11,4,24],[12,16,15,11,24,20,19,17,13,4],[4,12,24,16,15,11,20,19,17,13],[8,16,24,12,15,11,20,19,13,17,4],[8,12,4,20,24,11,16,19,15,17,13],[4,8,12,20,19,11,24,16,15,13,17],[4,20,16,19,15,17,13,12,11,8,24],[4,8,16,20,19,15,13,17,12,24],[24,4,8,20,12,16,19,15,13,17],[20,12,8,16,15,19,17,13,24,11,4],[12,4,20,19,11,24,8,16,15,13,17],[16,4,12,15,11,20,19,13,17,24],[4,20,8,16,15,19,13,17,12,11,24],[12,20,8,11,16,15,19,13,17,24,4],[24,4,20,16,19,15,17,13,12,11],[8,12,4,20,16,15,19,17,13,11,24],[24,16,8,20,19,15,17,13,4,12],[12,20,8,11,16,19,15,13,17,4,24],[24,4,8,12,16,11,20,15,19,13,17],[20,4,8,16,15,19,17,13,24,12],[4,16,24,12,15,11,8,20,19,17,13],[4,24,8,20,12,16,15,19,17,13],[4,16,20,19,15,17,13,8,12,11,24],[4,20,16,19,15,17,13,12,11,8,24],[4,24,16,12,11,20,15,19,13,17],[24,8,4,16,20,19,15,17,13,12],[8,24,20,16,19,15,13,17,12,11,4],[4,16,20,15,19,13,17,12,11,8,24],[4,24,16,12,11,20,19,15,13,17],[4,24,12,8,16,15,11,20,19,17,13],[16,20,15,19,13,17,4,8,12,24],[24,20,8,4,12,11,16,15,19,13,17],[16,12,15,11,24,8,20,19,17,13,4],[4,24,16,8,12,15,11,20,19,13,17],[4,8,12,16,11,24,20,15,19,13,17],[12,24,4,16,15,11,8,20,19,17,13],[24,4,8,20,16,15,19,13,17,12],[4,20,8,12,16,19,15,17,13,24],[12,4,16,15,11,24,8,20,19,13,17],[16,12,15,11,8,4,24,20,19,17,13],[16,4,12,11,20,15,19,13,17,8,24],[16,20,19,15,13,17,24,8,12,4],[20,8,12,24,4,16,19,15,17,13],[12,4,20,19,11,16,15,13,17,24],[24,4,16,12,15,11,8,20,19,17,13],[12,20,4,8,19,11,16,15,13,17,24],[24,16,8,4,12,11,20,15,19,17,13],[20,12,11,16,19,15,17,13,8,4,24],[20,16,19,15,17,13,24,4,8,12],[8,16,12,15,11,4,20,19,13,17,24],[4,20,8,16,19,15,13,17,24,12],[24,4,8,20,16,19,15,13,17,12],[24,20,12,8,19,11,16,15,17,13,4],[8,20,16,19,15,17,13,4,24,12],[8,24,12,16,15,11,20,19,17,13,4],[20,12,11,4,24,8,16,19,15,17,13],[4,8,16,12,15,11,20,19,13,17,24],[4,12,16,15,11,20,19,13,17,8,24],[16,8,4,12,15,11,20,19,13,17,24],[20,4,16,15,19,13,17,24,8,12],[8,4,16,24,20,15,19,13,17,12],[4,20,8,12,16,15,19,17,13,11,24],[8,24,12,20,11,4,16,19,15,17,13],[4,16,24,12,11,20,15,19,17,13],[20,12,4,8,24,19,11,16,15,13,17],[12,8,24,4,16,15,11,20,19,13,17],[16,8,12,15,11,24,4,20,19,17,13],[24,4,16,8,20,19,15,17,13,12],[24,16,12,11,20,15,19,13,17,8,4],[20,4,12,8,19,16,15,13,17,11,24],[24,20,4,16,19,15,17,13,12,11],[12,4,8,20,24,11,16,15,19,13,17],[24,4,8,16,20,15,19,17,13,12],[24,8,20,16,15,19,17,13,12,11,4],[4,24,8,12,16,11,20,15,19,13,17],[24,12,4,8,20,16,19,15,13,17],[8,12,16,11,20,15,19,13,17,24,4],[20,12,4,16,15,19,13,17,11,24],[12,24,4,16,15,11,20,19,17,13],[8,24,12,20,16,15,19,13,17,4],[16,12,11,4,20,15,19,17,13,8,24],[12,4,16,15,11,8,24,20,19,13,17],[24,16,8,4,12,15,11,20,19,13,17],[12,8,4,16,11,24,20,15,19,13,17],[12,8,24,4,16,15,11,20,19,13,17],[16,20,15,19,17,13,12,8,4,24],[16,4,8,20,15,19,13,17,24,12],[12,24,20,16,15,19,13,17,11,4],[8,4,16,20,15,19,17,13,24,12],[24,12,8,20,4,11,16,19,15,17,13],[16,12,15,11,8,20,19,13,17,24,4],[24,20,12,11,16,19,15,13,17,8,4],[16,12,15,11,24,8,4,20,19,13,17],[4,12,24,20,8,16,15,19,13,17],[8,16,12,11,24,4,20,19,15,13,17],[16,20,15,19,17,13,4,12,11,8,24],[8,16,12,15,11,4,24,20,19,17,13],[12,24,8,16,11,20,15,19,17,13,4],[20,16,15,19,17,13,12,11,4,24],[4,24,12,16,15,11,20,19,17,13],[8,20,12,16,15,19,13,17,11,4,24],[8,24,4,16,12,15,11,20,19,17,13],[24,16,8,4,20,19,15,17,13,12],[8,4,20,16,19,15,13,17,24,12],[16,8,24,4,20,19,15,13,17,12],[4,12,16,15,11,20,19,13,17,8,24],[24,8,20,12,11,4,16,15,19,13,17],[8,20,16,15,19,13,17,4,12,11,24],[4,24,20,8,16,19,15,17,13,12],[12,24,4,16,15,11,8,20,19,13,17],[20,8,24,4,16,19,15,17,13,12],[24,12,16,15,11,4,20,19,17,13],[20,16,19,15,13,17,24,8,4,12],[4,20,24,12,11,8,16,15,19,13,17],[24,8,12,20,11,4,16,15,19,13,17],[4,12,8,16,15,11,24,20,19,13,17],[20,4,12,16,19,15,13,17,11,8,24],[24,8,16,4,12,11,20,15,19,13,17],[20,24,16,19,15,13,17,4,8,12],[4,16,20,15,19,17,13,12,24,11],[20,24,16,15,19,13,17,8,12,11,4],[12,20,11,16,19,15,13,17,24,8,4],[8,16,20,15,19,13,17,4,24,12],[20,24,4,16,15,19,13,17,8,12],[12,20,24,16,19,15,13,17,4,8],[8,12,20,4,24,11,16,19,15,13,17],[24,8,4,16,20,19,15,13,17,12],[24,8,16,12,11,20,15,19,17,13,4],[16,20,15,19,13,17,4,8,12,11,24],[8,12,20,4,24,11,16,15,19,17,13],[8,4,12,16,11,20,19,15,17,13,24],[16,12,15,11,24,8,20,19,17,13,4],[8,16,20,15,19,17,13,12,24,11,4],[4,16,8,24,20,19,15,13,17,12],[8,4,20,12,11,16,15,19,13,17,24],[16,24,12,11,20,15,19,13,17,4],[24,8,12,20,16,19,15,13,17,11,4],[24,12,20,11,16,15,19,17,13,8,4],[24,20,8,12,4,19,11,16,15,17,13],[20,16,19,15,13,17,24,4,8,12],[16,4,12,15,11,8,24,20,19,13,17],[12,4,20,16,15,19,17,13,11,24],[8,16,4,20,15,19,13,17,12,11,24],[4,20,12,24,16,19,15,13,17,11],[12,16,11,24,20,15,19,13,17,8,4],[8,24,4,16,20,19,15,17,13,12],[16,20,19,15,13,17,24,4,8,12],[20,12,8,4,11,24,16,19,15,17,13],[20,16,15,19,17,13,12,24,4,11],[12,16,15,11,20,19,13,17,4,8,24],[16,8,24,4,20,19,15,17,13,12],[20,24,4,8,16,19,15,17,13,12],[16,4,20,15,19,13,17,8,24,12],[20,4,8,24,16,15,19,17,13,12],[16,4,12,15,11,8,24,20,19,17,13],[20,8,24,16,15,19,17,13,12,11,4],[4,24,8,12,20,11,16,19,15,17,13],[4,16,20,15,19,17,13,8,12,11,24],[16,24,4,8,12,15,11,20,19,13,17],[4,24,12,20,19,11,8,16,15,13,17],[4,12,24,20,11,8,16,15,19,13,17],[4,20,8,16,19,15,13,17,24,12],[20,24,12,19,4,11,8,16,15,17,13],[12,20,24,8,16,19,15,17,13,4],[8,16,24,4,20,15,19,13,17,12],[16,20,15,19,13,17,24,4,12,11],[24,12,16,15,11,20,19,17,13,8,4],[24,8,12,4,20,11,16,15,19,17,13],[8,4,16,24,20,19,15,13,17,12],[24,4,20,12,8,16,15,19,13,17],[24,8,12,16,11,4,20,19,15,17,13],[12,16,15,11,8,4,20,19,13,17,24],[4,24,20,8,12,19,11,16,15,13,17],[4,12,20,16,15,19,13,17,11,24],[16,24,20,15,19,17,13,12,4,11],[12,16,15,11,20,19,17,13,4,24],[24,16,20,19,15,17,13,8,12,11,4],[16,20,19,15,13,17,4,24,8,12],[12,24,8,4,20,11,16,15,19,13,17],[24,16,20,15,19,17,13,12,11,8,4],[4,20,24,16,15,19,17,13,8,12],[20,16,19,15,17,13,4,24,12,8],[16,20,19,15,13,17,12,11,4,24],[8,20,24,4,12,16,19,15,17,13],[16,8,12,15,11,24,4,20,19,17,13],[20,8,24,12,4,19,11,16,15,17,13],[20,12,8,24,4,11,16,15,19,17,13],[16,12,11,8,24,4,20,19,15,17,13],[8,4,12,24,20,16,19,15,13,17],[4,8,20,12,16,19,15,13,17,11,24],[4,24,16,20,15,19,13,17,8,12],[24,12,16,11,4,20,19,15,17,13],[12,20,19,4,11,16,15,17,13,24],[8,20,16,19,15,17,13,4,12,11,24],[20,8,4,16,15,19,17,13,24,12],[12,4,24,8,16,11,20,15,19,13,17],[12,20,4,24,16,19,15,13,17,11],[12,4,20,19,24,11,8,16,15,17,13],[20,16,15,19,13,17,4,12,11,24],[20,24,8,4,16,19,15,17,13,12],[20,24,12,19,11,8,4,16,15,17,13],[20,12,11,16,19,15,13,17,24,8,4],[24,16,20,19,15,17,13,12,8,11,4],[4,16,20,15,19,17,13,24,12,11],[8,24,12,20,19,11,4,16,15,13,17],[8,24,16,4,12,15,11,20,19,17,13],[12,8,24,16,11,4,20,19,15,17,13],[24,16,8,12,11,20,15,19,17,13,4],[16,24,4,20,19,15,13,17,12,11],[8,12,24,4,20,19,11,16,15,13,17],[12,8,16,11,4,24,20,15,19,17,13],[16,24,12,15,11,8,20,19,13,17,4],[24,4,12,8,16,15,11,20,19,17,13],[24,20,8,16,19,15,13,17,12,11,4],[4,20,16,19,15,17,13,12,11,24],[20,8,4,24,16,19,15,13,17,12],[8,4,24,16,12,11,20,19,15,17,13],[16,20,15,19,17,13,12,4,11,24],[24,4,8,20,16,15,19,13,17,12],[20,24,4,12,11,16,15,19,13,17],[16,4,20,19,15,13,17,8,12,11,24],[20,24,8,4,16,19,15,17,13,12],[24,12,16,11,4,20,15,19,13,17],[8,24,4,12,20,19,11,16,15,17,13],[4,24,8,16,12,11,20,15,19,13,17],[20,8,12,11,4,16,19,15,17,13,24],[24,8,16,20,19,15,17,13,12,11,4],[12,16,15,11,8,20,19,13,17,24,4],[16,8,4,24,20,15,19,17,13,12],[12,20,8,16,19,15,17,13,24,11,4]],"n_human":15}