{"problem_id":"NoGvQLUsVhn1hEY","sigma":75,"alpha":0.100,"cost":1,"probabilities":"[0.01, 0.56, 0.28, 0.15]","payoff_matrix":"[[24, -30, 1, -28, 47, 41], [14, -62, 62, -77, -10, -7], [68, 59, 57, 80, 26, -26], [-41, 17, 68, 46, 99, 1]]","uncovered":[[2,10,18,6,14,22,3,11],[10,18,2,14,6,22,11],[6,14,22,10,18,2,3,11],[14,18,6,22,10,2,3,11],[18,10,6,14,2,22,3,11],[10,6,14,18,2,22,11],[10,18,22,14,2,6,11],[22,2,14,18,10,6,3,11],[18,10,22,2,6,14,11],[6,22,10,2,18,14,11],[14,6,2,10,18,22,3,11],[18,14,6,22,10,2,11],[14,22,18,2,10,6,11],[10,22,18,2,14,6,3,11],[6,18,2,22,14,10,3,11],[18,22,14,10,6,2,11],[6,22,2,18,10,14,11],[22,18,2,10,14,6,3,11],[18,22,10,2,14,6,3,11],[10,6,22,14,18,2,11],[10,14,22,6,2,18,11],[18,14,10,2,22,6,11],[18,2,14,22,6,10,3,11],[14,18,10,22,6,2,3,11],[14,10,22,6,2,18,11],[2,10,18,6,22,14,11],[22,2,18,6,14,10,11],[10,14,22,2,6,18,11],[2,6,14,22,10,18,11],[18,10,22,14,2,6,11],[14,6,22,10,18,2,11],[18,22,14,2,10,6,3,11],[14,10,22,2,6,18,11],[2,22,10,6,14,18,11],[2,18,10,14,6,22,3,11],[22,18,10,2,14,6,3,11],[6,2,18,14,22,10,11],[14,22,10,2,18,6,11],[22,6,18,14,10,2,3,11],[18,22,10,6,14,2,11],[2,10,6,22,14,18,3,11],[6,18,22,14,10,2,11],[14,10,2,6,22,18,3,11],[14,22,10,6,2,18,11],[14,2,18,10,22,6,3,11],[10,6,2,14,18,22,11],[6,2,14,22,18,10,3,11],[6,2,18,14,10,22,11],[14,2,18,10,6,22,3,11],[22,10,6,2,14,18,3,11],[10,18,14,2,22,6,11],[22,10,18,2,14,6,3,11],[6,10,22,2,18,14,3,11],[18,22,14,2,6,10,11],[18,14,6,22,10,2,3,11],[10,18,6,2,22,14,11],[22,6,14,18,2,10,3,11],[18,10,14,6,22,2,11],[10,18,14,22,6,2,11],[14,10,22,18,6,2,11],[2,6,14,10,22,18,3,11],[22,10,18,6,2,14,3,11],[10,14,6,18,2,22,11],[10,18,22,6,14,2,11],[2,14,10,18,6,22,11],[2,18,6,22,14,10,3,11],[10,6,18,22,14,2,3,11],[6,10,22,18,14,2,11],[18,2,22,14,6,10,3,11],[14,18,6,22,10,2,11],[14,22,10,2,18,6,3,11],[18,2,10,22,14,6,3,11],[2,10,22,14,6,18,11],[14,18,6,22,2,10,3,11],[2,6,14,18,22,10,11],[10,22,18,2,6,14,3,11],[14,10,6,18,2,22,3,11],[10,18,14,22,2,6,11],[6,18,14,22,2,10,11],[18,14,6,2,10,22,3,11],[2,10,18,14,22,6,11],[14,6,2,22,10,18,11],[6,18,2,22,10,14,3,11],[22,2,18,10,6,14,3,11],[22,14,6,10,18,2,11],[14,10,18,2,22,6,3,11],[14,18,2,6,10,22,11],[2,10,6,18,22,14,3,11],[2,22,10,18,14,6,11],[6,10,22,14,2,18,11],[14,22,18,2,10,6,3,11],[2,18,6,22,10,14,3,11],[18,10,2,6,14,22,3,11],[22,10,14,2,18,6,3,11],[10,2,6,22,14,18,11],[14,18,2,10,6,22,3,11],[14,10,18,22,6,2,11],[2,10,14,22,6,18,3,11],[6,22,18,2,10,14,3,11],[6,14,18,22,10,2,3,11],[6,10,18,14,2,22,3,11],[22,14,6,10,2,18,3,11],[14,2,22,6,10,18,3,11],[14,6,2,10,22,18,11],[10,18,2,6,14,22,3,11],[6,2,10,22,14,18,11],[22,18,10,6,2,14,11],[2,10,14,18,22,6,3,11],[10,2,14,22,18,6,11],[6,10,18,22,2,14,3,11],[18,2,10,6,22,14,3,11],[6,22,18,10,2,14,11],[22,2,14,10,18,6,3,11],[22,10,14,18,2,6,11],[10,6,2,22,18,14,3,11],[14,10,22,6,18,2,3,11],[6,18,22,10,14,2,11],[18,10,2,14,6,22,11],[10,18,6,2,14,22,11],[14,18,22,2,10,6,3,11],[10,2,6,14,18,22,11],[18,10,22,6,14,2,3,11],[14,10,22,6,18,2,3,11],[14,18,22,10,2,6,3,11],[14,22,18,6,2,10,3,11],[18,6,14,2,22,10,11],[2,18,22,14,6,10,11],[18,22,10,6,14,2,3,11],[10,2,6,22,14,18,11],[10,6,18,2,22,14,3,11],[18,2,10,6,14,22,3,11],[10,14,22,2,6,18,11],[22,10,14,2,18,6,11],[14,10,22,6,18,2,3,11],[18,6,22,2,10,14,3,11],[2,10,18,22,6,14,11],[6,18,10,14,2,22,3,11],[2,14,10,18,22,6,3,11],[14,2,22,18,6,10,11],[2,22,10,14,18,6,3,11],[18,2,6,10,14,22,3,11],[22,10,14,6,18,2,3,11],[2,18,22,14,6,10,3,11],[6,2,18,22,10,14,3,11],[14,18,10,22,2,6,11],[10,18,2,14,6,22,3,11],[14,10,18,2,22,6,11],[6,2,18,22,10,14,3,11],[2,18,10,22,14,6,3,11],[6,22,18,10,14,2,11],[14,10,2,6,22,18,3,11],[14,22,6,18,10,2,11],[22,18,2,14,10,6,11],[18,2,22,14,6,10,11],[18,2,10,6,22,14,3,11],[14,2,18,6,10,22,3,11],[10,6,14,22,18,2,3,11],[18,6,14,2,10,22,11],[18,6,22,10,2,14,11],[18,10,6,14,2,22,3,11],[18,10,6,2,14,22,3,11],[6,10,22,2,14,18,3,11],[18,10,2,14,6,22,3,11],[2,14,10,6,22,18,3,11],[18,2,6,10,14,22,3,11],[10,18,2,22,6,14,3,11],[18,10,2,6,14,22,3,11],[14,18,22,10,2,6,11],[6,22,10,18,2,14,11],[2,6,22,14,10,18,11],[22,14,6,18,10,2,3,11],[6,18,14,10,22,2,11],[10,6,22,2,18,14,11],[22,18,14,2,10,6,11],[22,2,10,18,14,6,11],[22,14,10,18,2,6,3,11],[6,10,22,14,2,18,11],[18,6,14,10,22,2,3,11],[14,2,10,18,22,6,11],[14,18,2,6,10,22,11],[14,10,6,2,22,18,11],[2,10,22,18,14,6,3,11],[6,14,22,10,2,18,3,11],[2,6,14,22,10,18,3,11],[10,2,22,6,14,18,3,11],[18,6,10,14,22,2,11],[6,22,10,14,2,18,3,11],[14,2,10,6,22,18,11],[22,10,14,2,6,18,11],[6,22,14,2,10,18,11],[14,6,18,22,10,2,3,11],[22,10,2,18,6,14,3,11],[6,10,18,22,2,14,11],[6,18,2,22,14,10,11],[6,2,18,14,22,10,11],[14,18,10,6,2,22,11],[2,18,14,6,22,10,11],[6,2,22,18,14,10,3,11],[22,18,2,6,14,10,11],[2,22,18,14,6,10,11],[18,10,14,2,22,6,3,11],[18,10,22,2,14,6,3,11],[14,18,6,2,22,10,11],[22,6,10,2,18,14,3,11],[18,10,14,22,6,2,11],[6,22,10,14,18,2,3,11],[6,18,10,22,2,14,11],[6,22,2,18,14,10,3,11],[2,22,6,18,14,10,3,11],[2,10,22,14,6,18,3,11],[2,18,6,14,10,22,3,11],[14,18,10,6,2,22,3,11],[2,22,6,10,14,18,3,11],[2,6,14,18,22,10,11],[18,22,10,2,6,14,3,11],[14,6,22,2,18,10,3,11],[6,14,10,22,18,2,11],[2,6,10,14,22,18,3,11],[6,22,18,2,14,10,3,11],[10,22,2,18,6,14,3,11],[22,18,10,2,6,14,3,11],[18,10,2,6,14,22,3,11],[2,18,22,6,10,14,11],[22,10,6,18,14,2,11],[18,2,10,14,6,22,11],[14,18,22,2,10,6,11],[14,22,2,10,18,6,11],[2,6,22,14,18,10,3,11],[2,10,22,18,6,14,11],[14,18,22,2,6,10,11],[22,10,2,14,18,6,11],[22,6,14,2,18,10,11],[18,22,10,14,2,6,11],[2,18,6,14,22,10,3,11],[14,6,10,22,2,18,11],[6,14,18,2,22,10,3,11],[6,2,22,18,14,10,11],[6,2,18,14,22,10,3,11],[14,2,18,10,6,22,3,11],[22,6,18,10,14,2,3,11],[6,14,22,10,18,2,3,11],[18,6,10,14,22,2,11],[2,22,6,14,10,18,3,11],[6,2,22,14,18,10,3,11],[2,6,14,18,22,10,11],[14,22,10,18,2,6,3,11],[18,6,2,22,14,10,3,11],[18,6,22,2,14,10,3,11],[18,10,14,2,22,6,3,11],[2,6,14,10,18,22,11],[10,18,2,22,6,14,3,11],[22,2,18,14,10,6,3,11],[22,14,10,18,6,2,11],[2,22,10,6,18,14,3,11],[14,2,18,10,6,22,3,11],[2,6,10,14,22,18,3,11],[6,14,22,18,10,2,3,11],[6,22,2,14,10,18,11],[22,10,14,18,6,2,3,11],[2,10,22,18,14,6,11],[14,10,6,2,22,18,3,11],[22,18,10,14,2,6,11],[14,22,2,18,6,10,3,11],[2,18,10,14,6,22,3,11],[2,10,22,14,6,18,11],[22,6,18,2,10,14,3,11],[18,2,14,6,10,22,3,11],[18,14,6,22,10,2,3,11],[6,22,18,2,10,14,11],[18,22,2,14,10,6,11],[10,6,14,22,18,2,11],[18,2,10,22,6,14,3,11],[10,18,6,14,22,2,11],[18,14,10,22,2,6,11],[14,2,18,22,6,10,3,11],[2,14,18,10,22,6,3,11],[14,22,6,10,2,18,11],[2,6,14,22,18,10,3,11],[2,22,14,18,10,6,3,11],[14,22,18,2,10,6,3,11],[10,22,2,14,18,6,3,11],[22,2,6,18,14,10,11],[18,10,2,6,14,22,3,11],[18,10,22,6,14,2,3,11],[10,6,2,22,14,18,11],[6,10,14,18,2,22,3,11],[14,18,2,6,10,22,11],[10,14,6,22,18,2,3,11],[6,10,14,18,2,22,11],[10,18,14,22,6,2,3,11],[22,6,18,10,2,14,3,11],[10,2,14,22,18,6,11],[10,14,6,2,18,22,11],[14,2,18,22,6,10,11],[22,18,2,14,6,10,3,11],[6,14,18,22,10,2,11],[10,6,18,2,22,14,11],[14,6,2,18,10,22,11],[2,6,22,14,18,10,3,11],[14,18,22,10,2,6,11],[6,14,22,18,2,10,3,11],[10,22,6,14,2,18,11],[18,22,10,14,6,2,11],[14,22,2,6,18,10,11],[22,2,10,18,14,6,3,11],[10,6,22,14,2,18,3,11],[10,6,22,2,18,14,3,11],[22,14,18,6,10,2,11],[10,18,6,22,14,2,11],[22,2,10,14,6,18,11],[22,14,10,6,18,2,11],[10,14,2,18,6,22,11],[22,14,2,18,10,6,3,11],[18,14,22,6,2,10,3,11],[14,6,18,22,2,10,11],[22,6,2,10,18,14,3,11],[22,14,6,18,10,2,3,11],[6,18,2,22,10,14,11],[18,6,2,22,14,10,3,11],[14,22,18,10,6,2,3,11],[2,22,18,6,14,10,11],[22,10,18,14,2,6,3,11],[2,14,6,10,22,18,3,11],[2,18,14,22,6,10,3,11],[6,18,14,2,10,22,11],[18,10,22,14,6,2,3,11],[6,18,10,22,14,2,11],[22,14,6,2,18,10,3,11],[2,14,6,10,22,18,3,11],[6,22,14,18,2,10,11],[14,6,18,10,2,22,11],[14,10,2,6,18,22,11],[2,10,18,22,6,14,3,11],[10,2,18,6,14,22,11],[14,6,2,10,18,22,3,11],[2,22,10,6,18,14,3,11],[22,14,10,2,18,6,11],[18,10,22,2,6,14,11],[10,18,14,2,6,22,3,11],[10,6,18,2,14,22,3,11],[6,10,14,22,18,2,11],[14,10,2,6,22,18,11],[2,10,14,6,18,22,11],[22,18,2,10,6,14,3,11],[14,10,6,22,2,18,3,11],[10,22,18,6,14,2,3,11],[14,22,18,10,2,6,11],[22,10,2,6,14,18,3,11],[14,18,6,2,10,22,3,11],[6,10,14,22,18,2,3,11],[14,10,18,22,2,6,3,11],[2,14,22,6,18,10,3,11],[6,22,18,10,14,2,3,11],[2,22,18,10,14,6,11],[22,14,2,10,18,6,11],[18,10,2,14,6,22,3,11],[18,14,6,2,22,10,11],[10,22,14,2,18,6,11],[10,18,2,14,6,22,3,11],[2,14,10,6,22,18,11],[14,22,6,2,10,18,11],[10,2,22,14,18,6,11],[14,18,2,10,22,6,3,11],[22,2,10,14,6,18,3,11],[10,6,14,22,2,18,3,11],[14,22,18,6,10,2,3,11],[14,18,10,2,22,6,11],[10,14,6,18,2,22,3,11],[14,22,6,18,2,10,3,11],[10,22,2,6,18,14,3,11],[10,22,2,18,14,6,3,11],[14,6,10,22,2,18,3,11],[14,2,18,6,10,22,3,11],[6,22,14,2,10,18,3,11],[22,10,14,18,6,2,3,11],[14,6,18,2,10,22,11],[18,10,14,6,2,22,3,11],[2,14,18,22,10,6,3,11],[22,2,10,14,18,6,3,11],[2,22,10,18,14,6,11],[22,10,2,6,18,14,11],[22,18,10,2,6,14,3,11],[10,2,14,6,18,22,3,11],[2,22,10,14,6,18,11],[18,10,14,6,2,22,3,11],[6,2,10,22,18,14,11],[22,18,14,10,6,2,11],[10,22,2,18,14,6,3,11],[22,14,10,18,6,2,3,11],[6,18,10,2,22,14,3,11],[14,2,18,6,22,10,11],[2,18,14,22,10,6,11],[18,14,2,6,22,10,11],[10,18,2,22,14,6,11],[2,22,18,14,10,6,11],[22,10,2,18,6,14,11],[22,18,10,6,14,2,3,11],[22,2,18,10,6,14,3,11],[6,22,2,18,14,10,11],[18,10,2,6,22,14,11],[2,14,18,10,6,22,11],[22,10,18,6,2,14,11],[10,2,14,22,18,6,3,11],[22,14,10,18,2,6,3,11],[22,14,18,2,6,10,11],[10,2,22,6,14,18,3,11],[2,14,10,22,18,6,11],[2,22,18,10,6,14,11],[2,6,10,14,22,18,11],[22,14,6,10,2,18,11],[18,6,22,10,14,2,11],[18,6,2,10,22,14,11],[22,6,14,10,18,2,11],[6,18,14,22,10,2,3,11],[10,2,18,6,14,22,11],[14,2,18,6,22,10,3,11],[22,14,10,6,2,18,3,11],[22,10,2,14,6,18,3,11],[10,14,22,2,6,18,3,11],[22,10,14,2,18,6,11],[2,10,14,6,22,18,11],[2,22,14,6,10,18,11],[18,10,2,14,22,6,3,11],[22,10,14,2,6,18,3,11],[10,18,22,6,2,14,3,11],[14,18,22,10,6,2,11],[10,6,22,2,18,14,11],[6,22,14,2,10,18,3,11],[10,18,22,14,2,6,11],[18,10,2,6,22,14,3,11],[22,2,10,14,18,6,11],[6,22,14,18,2,10,11],[14,2,22,18,10,6,11],[22,14,18,6,2,10,3,11],[14,2,6,18,10,22,3,11],[2,14,6,22,18,10,11],[2,6,22,18,14,10,11],[6,22,14,2,18,10,3,11],[14,22,10,18,2,6,3,11],[22,10,6,2,18,14,11],[14,10,2,18,6,22,11],[22,10,18,6,2,14,3,11],[6,2,18,10,22,14,11],[14,10,2,18,6,22,3,11],[22,6,18,2,14,10,3,11],[10,6,22,18,14,2,3,11],[10,2,22,6,18,14,3,11],[2,18,6,22,10,14,3,11],[10,18,14,2,22,6,11],[14,6,22,18,10,2,11],[2,14,10,22,18,6,3,11],[14,22,2,18,6,10,11],[6,10,14,2,18,22,11],[6,18,14,22,2,10,11],[18,10,14,22,2,6,11],[18,6,14,10,2,22,11],[2,6,10,22,14,18,11],[2,22,6,18,10,14,11],[14,18,22,6,10,2,3,11],[18,6,10,22,14,2,3,11],[10,2,6,14,22,18,11],[18,14,6,10,22,2,11],[6,2,22,14,18,10,11],[10,22,6,2,14,18,11],[22,2,6,10,14,18,3,11],[2,22,10,18,14,6,3,11],[14,6,22,10,18,2,11],[22,18,14,6,10,2,11],[14,22,2,10,6,18,3,11],[10,14,6,22,2,18,3,11],[2,22,18,10,6,14,3,11],[2,22,14,10,6,18,11],[6,18,10,2,14,22,3,11],[6,10,22,14,18,2,11],[22,10,2,18,14,6,3,11],[18,10,6,2,14,22,3,11],[22,6,18,10,14,2,11],[2,6,18,10,22,14,3,11],[22,6,10,18,14,2,11],[22,10,6,2,18,14,3,11],[2,22,6,10,18,14,11],[6,2,14,10,22,18,3,11],[22,18,10,14,2,6,3,11],[18,14,22,6,2,10,3,11],[6,10,2,14,22,18,3,11],[14,2,22,18,6,10,11],[18,2,22,10,6,14,3,11],[10,22,6,14,2,18,3,11],[2,14,10,18,6,22,3,11],[6,10,2,14,18,22,3,11],[2,18,6,22,14,10,3,11],[10,6,14,22,18,2,11],[18,22,2,14,6,10,11],[22,18,14,6,2,10,11],[14,2,6,22,10,18,11],[2,22,18,10,6,14,11],[18,14,22,10,2,6,11],[18,6,14,22,2,10,11],[14,22,2,6,10,18,3,11],[22,6,14,2,18,10,3,11],[2,14,10,6,18,22,11],[14,22,18,6,2,10,3,11],[18,2,14,10,22,6,3,11],[10,18,14,2,22,6,3,11],[22,2,14,6,10,18,3,11],[6,22,2,14,18,10,11],[14,22,2,10,6,18,11],[2,22,6,14,18,10,11],[14,2,18,22,10,6,3,11],[14,22,18,6,2,10,3,11],[6,14,2,18,10,22,11],[10,22,2,18,14,6,11],[10,6,18,14,2,22,3,11],[6,22,14,10,2,18,11],[14,10,2,18,6,22,11],[18,2,10,22,6,14,3,11],[2,22,18,14,10,6,3,11],[2,6,22,14,18,10,11],[14,6,2,10,22,18,3,11],[2,6,18,14,10,22,11],[22,10,18,6,2,14,11],[22,10,14,6,18,2,3,11],[10,6,14,22,2,18,3,11],[10,2,14,6,22,18,3,11],[22,14,6,2,10,18,3,11],[14,10,22,18,2,6,11],[14,10,2,6,22,18,3,11],[14,18,22,10,6,2,3,11],[14,2,18,10,22,6,3,11],[14,18,6,2,22,10,11],[18,22,14,6,10,2,11],[18,6,14,2,22,10,3,11],[10,2,22,18,6,14,11],[22,6,2,18,10,14,11],[18,6,14,10,2,22,11],[6,2,22,18,14,10,11],[18,6,14,10,22,2,3,11],[14,22,6,2,18,10,11],[22,18,2,10,14,6,3,11],[2,18,14,10,22,6,3,11],[14,10,6,18,2,22,3,11],[14,10,6,18,22,2,3,11],[10,22,18,6,2,14,11],[6,18,2,10,14,22,3,11],[10,6,2,18,14,22,3,11],[10,18,2,14,6,22,3,11],[22,10,2,14,18,6,3,11],[18,2,10,14,6,22,11],[2,14,22,18,6,10,11],[2,10,22,6,18,14,11],[22,2,14,6,18,10,3,11],[18,22,2,14,10,6,3,11],[10,22,14,2,6,18,11],[14,6,18,2,22,10,3,11],[14,22,18,2,6,10,11],[6,2,14,22,18,10,11],[18,2,22,10,6,14,3,11],[18,22,2,14,6,10,11],[10,14,6,2,18,22,11],[18,10,6,14,2,22,3,11],[18,14,22,6,2,10,11],[10,14,18,2,6,22,3,11],[6,14,18,22,10,2,3,11],[2,6,18,14,22,10,11],[10,14,18,6,2,22,11],[2,14,10,6,18,22,3,11],[2,14,18,6,10,22,11],[2,6,14,10,18,22,11],[18,10,2,14,6,22,11],[6,2,10,14,22,18,3,11],[22,18,2,10,14,6,11],[6,10,2,18,14,22,3,11],[6,10,14,22,18,2,3,11],[10,18,2,6,14,22,3,11],[6,2,22,10,18,14,3,11],[10,18,2,22,14,6,3,11],[2,22,10,6,18,14,11],[18,6,14,2,22,10,11],[14,6,18,2,22,10,11],[2,22,18,10,6,14,11],[18,22,6,2,14,10,11],[22,14,2,6,18,10,3,11],[22,2,10,14,18,6,11],[22,18,6,14,2,10,3,11],[10,22,14,18,6,2,3,11],[14,18,10,22,2,6,11],[18,2,10,22,6,14,3,11],[2,10,22,6,18,14,3,11],[6,10,22,2,14,18,11],[6,10,22,18,2,14,11],[2,14,6,10,22,18,11],[14,18,10,6,2,22,3,11],[2,22,18,10,14,6,11],[2,22,18,10,14,6,3,11],[10,6,14,22,18,2,11],[18,22,2,14,10,6,3,11],[14,18,22,6,2,10,11],[6,18,14,10,22,2,3,11],[10,22,6,18,2,14,11],[14,10,6,22,18,2,3,11],[6,10,22,14,18,2,11],[6,22,2,14,18,10,3,11],[14,10,6,18,22,2,11],[22,14,10,2,6,18,11],[10,18,6,2,22,14,11],[18,10,2,14,6,22,11],[14,10,22,18,2,6,11],[22,18,10,2,6,14,3,11],[22,10,18,2,14,6,3,11],[14,18,10,22,2,6,11],[18,2,14,22,10,6,11],[18,2,22,6,10,14,11],[22,10,2,14,6,18,11],[14,22,2,10,6,18,3,11],[22,10,6,14,18,2,11],[6,14,2,10,18,22,3,11],[22,14,2,10,6,18,11],[6,2,14,22,10,18,3,11],[10,18,14,2,22,6,3,11],[10,18,22,14,2,6,3,11],[18,10,14,22,6,2,11],[10,22,14,18,6,2,11],[18,14,10,22,6,2,3,11],[14,18,6,2,10,22,3,11],[10,18,22,14,2,6,11],[10,14,22,6,2,18,3,11],[2,10,22,6,14,18,3,11],[10,2,14,6,22,18,11],[18,14,22,6,2,10,3,11],[18,2,10,22,6,14,11],[22,14,18,6,10,2,3,11],[2,22,6,10,14,18,3,11],[14,6,2,18,22,10,11],[10,2,22,18,14,6,3,11],[22,2,18,14,10,6,3,11],[10,6,2,14,22,18,11],[10,6,2,18,22,14,3,11],[14,10,2,6,22,18,11],[22,6,10,2,18,14,11],[18,14,10,2,6,22,11],[2,18,22,14,6,10,11],[18,10,22,6,14,2,11],[14,10,2,22,18,6,11],[10,14,22,2,6,18,11],[2,14,18,10,6,22,11],[2,22,6,10,18,14,3,11],[22,6,14,18,10,2,11],[18,22,14,10,2,6,11],[6,18,14,2,22,10,11],[18,14,22,2,10,6,11],[22,14,6,10,2,18,11],[22,6,14,18,10,2,11],[14,10,6,18,2,22,11],[18,2,10,22,14,6,3,11],[2,14,6,22,18,10,3,11],[14,18,22,2,6,10,11],[2,18,14,6,22,10,3,11],[10,6,2,14,18,22,11],[10,6,22,2,18,14,3,11],[6,14,22,10,18,2,11],[10,6,22,18,2,14,3,11],[10,18,6,22,14,2,11],[14,10,22,18,2,6,11],[22,6,14,10,18,2,3,11],[6,22,14,18,2,10,3,11],[6,14,2,10,18,22,3,11],[6,14,2,10,22,18,11],[18,14,22,10,6,2,11],[2,14,6,10,18,22,3,11],[22,6,2,10,18,14,11],[6,18,22,10,2,14,3,11],[2,18,10,22,6,14,3,11],[10,22,6,2,18,14,3,11],[22,14,6,18,2,10,11],[10,6,22,18,2,14,3,11],[22,2,6,18,10,14,3,11],[14,22,2,6,18,10,3,11],[14,6,2,22,18,10,3,11],[18,10,6,2,22,14,3,11],[10,14,6,18,2,22,3,11],[22,18,14,2,6,10,3,11],[2,18,6,14,10,22,11],[2,14,22,10,18,6,11],[6,2,18,22,10,14,3,11],[6,18,2,14,22,10,3,11],[14,18,6,10,2,22,11],[22,14,10,18,2,6,11],[14,22,10,2,6,18,3,11],[2,10,18,14,6,22,3,11],[22,6,14,10,2,18,11],[6,2,18,22,14,10,11],[18,6,10,22,14,2,3,11],[2,18,6,22,10,14,3,11],[18,10,14,2,6,22,3,11],[14,18,10,2,6,22,3,11],[18,10,22,2,14,6,11],[2,10,18,6,14,22,11],[10,14,6,2,22,18,3,11],[10,14,2,22,18,6,3,11],[2,22,10,6,18,14,11],[6,2,22,18,14,10,3,11],[6,22,2,14,18,10,3,11],[2,6,22,14,10,18,11],[22,10,18,14,6,2,3,11],[2,10,18,22,14,6,3,11],[10,14,6,18,2,22,11],[2,6,14,10,18,22,3,11],[22,6,18,2,14,10,11],[10,14,18,6,2,22,3,11],[14,2,18,22,6,10,3,11],[10,22,2,14,6,18,3,11],[2,6,10,18,22,14,11],[2,6,10,22,14,18,11],[22,10,14,2,18,6,11],[18,2,22,10,14,6,3,11],[22,2,14,18,10,6,3,11],[22,14,18,10,6,2,3,11],[2,10,14,18,22,6,3,11],[10,14,6,22,2,18,3,11],[2,22,10,18,14,6,11],[6,18,2,22,10,14,11],[22,14,10,18,2,6,3,11],[2,10,18,6,22,14,11],[14,6,18,2,10,22,11],[10,2,18,22,14,6,11],[14,22,6,18,2,10,3,11],[6,2,10,18,22,14,3,11],[18,6,14,22,10,2,3,11],[18,6,10,14,22,2,11],[10,18,14,2,22,6,3,11],[10,2,18,14,22,6,11],[14,22,18,2,10,6,3,11],[10,14,22,6,2,18,11],[6,22,2,14,10,18,11],[22,18,2,10,14,6,3,11],[10,14,6,22,2,18,11],[18,22,6,2,10,14,11],[14,10,18,2,6,22,11],[2,10,6,14,22,18,11],[18,10,2,22,6,14,11],[14,22,18,6,10,2,11],[10,14,2,18,22,6,3,11],[18,22,2,6,14,10,11],[22,6,18,10,14,2,3,11],[6,18,10,22,2,14,3,11],[22,6,10,14,2,18,3,11],[22,2,18,10,6,14,11],[6,18,2,10,14,22,11],[2,14,18,6,10,22,11],[2,10,22,14,6,18,11],[2,14,18,6,22,10,3,11],[6,2,14,10,22,18,11],[6,10,18,2,14,22,11],[22,10,2,14,6,18,11],[22,2,18,14,6,10,11],[14,18,22,6,10,2,3,11],[6,2,22,18,14,10,3,11],[6,14,2,22,18,10,11],[10,18,14,22,6,2,11],[22,10,14,2,6,18,3,11],[14,22,2,6,18,10,11],[14,18,22,2,6,10,3,11],[6,10,14,2,22,18,3,11],[2,14,10,18,22,6,3,11],[6,22,2,10,18,14,11],[18,6,2,10,14,22,11],[2,14,6,18,10,22,3,11],[22,10,6,18,2,14,3,11],[22,6,18,10,2,14,3,11],[22,18,10,2,6,14,3,11],[10,22,6,2,14,18,3,11],[14,10,2,6,18,22,3,11],[2,18,22,10,14,6,11],[10,18,2,6,22,14,11],[14,10,6,2,22,18,11],[18,22,14,10,2,6,3,11],[2,10,22,18,6,14,11],[22,14,2,10,18,6,3,11],[14,2,10,22,18,6,3,11],[18,14,6,10,2,22,11],[22,2,14,6,10,18,3,11],[14,2,22,18,6,10,3,11],[10,22,14,2,18,6,11],[2,22,14,18,6,10,11],[10,18,22,14,2,6,3,11],[14,6,10,22,2,18,3,11],[10,2,6,14,18,22,3,11],[22,10,18,2,14,6,3,11],[10,18,6,2,14,22,11],[2,14,10,22,6,18,3,11],[10,22,14,6,2,18,11],[6,18,10,22,14,2,3,11],[22,18,2,6,10,14,11],[14,10,2,6,18,22,3,11],[18,2,22,6,14,10,3,11],[14,6,10,18,2,22,3,11],[14,22,10,6,18,2,11],[14,6,18,10,22,2,3,11],[6,2,18,22,14,10,11],[10,6,22,2,14,18,11],[22,2,10,6,18,14,11],[6,14,2,10,18,22,11],[14,6,2,18,10,22,11],[6,2,22,14,10,18,11],[18,6,14,10,2,22,3,11],[14,2,18,22,6,10,11],[18,10,22,6,14,2,3,11],[10,22,6,2,18,14,3,11],[6,10,18,2,22,14,3,11],[6,2,18,22,14,10,3,11],[2,18,22,14,10,6,11],[18,2,14,22,10,6,11],[22,18,14,6,2,10,11],[18,2,22,10,14,6,3,11],[18,6,2,22,14,10,3,11],[22,10,6,18,14,2,11],[2,22,10,14,6,18,3,11],[18,6,2,14,10,22,11],[6,14,10,18,2,22,11],[14,18,2,10,6,22,11],[14,18,6,22,10,2,11],[14,6,18,10,22,2,3,11],[6,18,10,22,2,14,11],[10,6,22,14,2,18,3,11],[22,10,6,2,14,18,3,11],[22,10,2,14,18,6,11],[2,10,22,14,6,18,11],[18,22,14,10,6,2,3,11],[18,6,14,10,2,22,11],[2,22,6,10,14,18,3,11],[2,6,14,10,18,22,11],[2,14,6,18,10,22,11],[2,22,14,10,6,18,3,11],[6,18,10,14,2,22,11],[10,2,22,14,6,18,3,11],[6,2,22,14,10,18,3,11],[18,10,2,22,14,6,11],[22,10,2,14,18,6,11],[2,14,18,6,10,22,3,11],[6,10,2,22,14,18,3,11],[22,10,18,6,2,14,3,11],[6,10,14,22,2,18,3,11],[2,14,18,10,6,22,11],[6,10,22,18,2,14,3,11],[10,22,6,2,14,18,3,11],[2,14,6,22,10,18,3,11],[14,6,22,2,18,10,3,11],[10,2,18,14,6,22,3,11],[2,6,18,10,22,14,11],[10,22,2,18,14,6,3,11],[6,14,18,22,10,2,3,11],[14,10,18,6,22,2,3,11],[22,6,2,14,10,18,3,11],[14,22,6,2,10,18,11],[14,6,2,10,18,22,3,11],[10,14,22,18,6,2,3,11],[2,14,22,18,10,6,3,11],[22,18,10,6,14,2,11],[2,14,10,6,18,22,3,11],[22,14,2,10,6,18,3,11],[22,6,18,2,10,14,3,11],[22,6,2,18,10,14,3,11],[10,14,22,18,6,2,3,11],[14,2,22,6,10,18,3,11],[22,6,14,18,2,10,11],[14,22,6,10,2,18,3,11],[10,14,6,22,18,2,3,11],[2,10,22,14,6,18,11],[2,6,18,22,14,10,3,11],[18,2,6,14,22,10,3,11],[10,18,22,14,6,2,3,11],[2,14,18,6,10,22,11],[14,18,22,2,6,10,11],[22,18,14,6,2,10,11],[18,10,2,14,6,22,11],[22,6,2,14,10,18,11],[22,14,2,10,18,6,3,11],[2,10,22,14,6,18,11],[6,2,14,22,10,18,11],[10,18,2,6,22,14,3,11],[6,2,22,18,14,10,11],[14,6,2,22,10,18,11],[18,14,6,10,22,2,3,11],[6,2,18,22,10,14,3,11],[22,2,10,6,18,14,3,11],[10,18,14,2,6,22,11],[14,6,22,18,10,2,3,11],[22,6,14,18,2,10,11],[22,14,6,18,2,10,11],[10,14,18,2,22,6,3,11],[6,14,18,2,22,10,11],[14,10,22,18,6,2,11],[22,14,18,6,10,2,11],[22,18,10,2,14,6,3,11],[10,18,22,2,14,6,11],[14,18,10,6,22,2,11],[6,22,2,10,18,14,11],[14,10,18,6,2,22,11],[10,22,6,14,2,18,11],[6,18,22,14,2,10,3,11],[2,14,22,6,18,10,11],[6,2,22,10,14,18,3,11],[18,14,6,22,2,10,11],[18,10,14,22,2,6,3,11],[22,18,14,2,10,6,11],[6,2,22,10,14,18,11],[18,2,6,22,14,10,11],[18,14,22,2,6,10,3,11],[10,22,6,14,2,18,11],[14,10,2,18,6,22,3,11],[22,2,14,18,6,10,11],[10,6,22,18,14,2,11],[2,18,10,6,22,14,11],[14,6,22,2,10,18,3,11],[6,10,14,22,18,2,3,11],[2,22,18,10,14,6,11],[14,18,10,22,2,6,11],[22,14,2,10,18,6,11],[22,6,14,10,2,18,3,11],[2,18,14,10,6,22,3,11],[6,14,18,22,2,10,3,11],[14,18,6,22,2,10,11],[6,10,2,14,22,18,11],[14,22,6,18,2,10,11],[10,14,18,2,22,6,3,11],[18,2,22,10,14,6,11],[10,2,6,14,22,18,3,11],[6,18,2,10,14,22,11],[14,6,10,18,22,2,11],[22,18,10,6,2,14,11],[2,22,10,18,6,14,3,11],[6,10,14,18,2,22,3,11],[14,10,6,22,2,18,11],[10,6,14,2,18,22,11],[22,14,6,10,2,18,3,11],[6,10,18,22,14,2,11],[6,14,22,10,18,2,11],[2,18,10,14,22,6,11],[14,2,22,10,18,6,3,11],[14,10,2,22,6,18,11],[6,10,14,22,2,18,3,11],[2,10,22,18,14,6,3,11],[2,10,6,22,14,18,11],[6,22,10,14,2,18,3,11],[14,10,18,6,2,22,3,11],[10,14,18,6,22,2,11],[10,2,6,14,18,22,3,11],[10,2,6,14,22,18,11],[22,2,10,14,6,18,11],[18,14,2,10,6,22,11],[18,2,10,22,6,14,11],[22,2,14,6,10,18,11],[22,18,6,10,2,14,11],[10,2,22,14,6,18,3,11],[6,2,14,18,22,10,11],[22,10,6,2,14,18,11],[6,22,2,14,18,10,11],[6,2,14,22,18,10,3,11],[18,14,10,2,22,6,3,11],[14,2,10,22,6,18,3,11],[2,6,14,22,10,18,3,11],[18,2,10,14,22,6,3,11],[6,22,2,14,18,10,11],[2,14,6,10,18,22,11],[6,10,22,2,14,18,3,11],[22,2,18,10,6,14,11],[6,14,10,22,18,2,11],[18,22,2,6,10,14,3,11],[14,18,2,10,22,6,3,11],[2,18,22,10,14,6,11],[2,6,18,22,10,14,11],[18,22,10,2,6,14,11],[10,6,14,2,18,22,3,11],[6,14,2,18,22,10,3,11],[6,14,22,2,18,10,11],[2,18,6,10,14,22,11],[10,6,18,22,14,2,11],[2,6,18,22,10,14,11],[6,2,10,14,22,18,11],[14,22,2,6,18,10,3,11],[14,10,18,6,22,2,3,11],[18,10,22,6,2,14,11],[6,22,10,14,18,2,11],[14,2,6,22,10,18,11],[18,6,22,2,14,10,11],[10,6,2,22,14,18,3,11],[22,10,18,2,14,6,3,11],[10,18,14,2,22,6,11],[14,2,6,10,18,22,11],[22,14,2,6,10,18,3,11],[2,6,18,10,22,14,3,11],[10,22,2,6,14,18,3,11],[14,10,22,18,6,2,3,11],[22,6,10,2,18,14,11],[22,10,6,18,2,14,3,11],[2,6,18,22,14,10,11],[10,6,22,14,2,18,11],[18,14,10,2,6,22,11],[6,18,2,14,22,10,3,11],[2,18,22,14,10,6,11]],"n_human":14}