{"problem_id":"NrhQ2FFoeRDuDmA","sigma":75,"alpha":0.100,"cost":1,"probabilities":"[0.48, 0.21, 0.3, 0.01]","payoff_matrix":"[[-170, -25, 47, -7, -32, 135], [53, 75, -28, 3, -55, -13], [-39, -131, 125, -123, 21, 66], [-111, 54, 78, -68, -28, -92]]","uncovered":[[5,21,13,17,9,1,11,23],[17,1,21,13,9,7,11,23],[17,1,9,13,21,5,11,23],[9,17,5,21,1,13,23],[13,1,5,17,21,9,10],[17,13,9,21,5,1,6,11,23],[9,5,13,17,21,1,23],[17,5,1,13,9,21,11,23],[17,9,21,13,5,1,11,23],[21,13,17,9,1,5,11,23],[13,5,9,1,21,17,23],[21,9,5,1,13,17,11,23],[9,21,13,17,1,5,11,23],[13,9,1,21,17,5,23],[13,5,21,17,11,9,23],[9,5,13,21,17,1,11,23],[1,13,5,21,17,9,23],[17,21,13,5,1,9,11,23],[21,1,17,13,9,5,23],[21,17,5,13,1,9,11,23],[1,9,13,21,17,5,11,23],[13,1,21,17,5,9,23],[5,9,17,1,21,13,11,23],[1,9,5,17,21,13,11,23],[13,9,1,21,5,17,12,23],[9,17,5,13,21,1,23],[17,9,21,5,13,1,11,23],[9,5,17,13,1,21,23],[17,1,9,5,21,13,11,23],[17,1,21,5,9,13,24,11,23],[9,17,1,13,5,21,11,23],[17,1,9,13,21,5,11,23],[9,1,13,17,21,5,11,23],[5,21,9,1,13,17,11,23],[1,17,13,9,21,5,11,23],[5,1,9,17,21,13,11,23],[13,21,9,1,17,5,11,23],[13,1,21,9,5,17,23],[17,1,9,21,5,13,11,23],[17,21,9,5,1,13,22],[13,5,1,9,21,17,23],[9,5,17,13,1,21,11,23],[13,1,17,5,21,9,23],[1,9,17,21,5,13,11,23],[1,5,9,21,13,17,11,23],[1,5,17,21,13,9,11,23],[21,1,9,13,17,5,23],[21,13,5,17,9,1,11,23],[5,1,13,9,17,21,23],[17,5,1,13,21,9,23],[17,13,5,9,21,1,11,23],[1,5,9,21,13,17,23],[5,21,13,9,17,1,23],[5,21,9,17,13,1,23],[9,13,1,17,21,5,11,23],[1,17,21,5,13,9,23],[9,5,17,13,1,21,11,23],[1,5,21,17,9,13,11,23],[9,5,21,17,4,1,13,11,23],[13,1,9,21,17,5,24,10],[9,13,17,21,1,5,23],[1,9,21,5,13,17,23],[1,9,21,17,13,5,11,23],[9,21,1,13,5,17,11,23],[21,13,1,9,17,5,10],[9,1,21,13,17,5,23],[1,17,21,5,9,13,10],[13,9,5,1,17,21,23],[21,13,1,9,5,17,24,11,23],[17,21,5,13,1,9,24,22],[13,9,21,17,1,5,11,23],[17,9,1,13,21,5,11,23],[5,13,21,1,17,9,22],[1,5,13,17,9,21,24,11,23],[13,5,9,21,1,17,10],[21,1,5,9,17,13,12,10],[21,5,13,1,17,9,12,11,23],[21,1,17,5,9,13,11,23],[17,13,1,5,21,9,23],[21,17,13,9,5,2,1,11,23],[13,1,21,9,17,5,23],[13,17,5,1,21,9,11,23],[1,21,9,13,5,17,22],[9,5,21,1,17,13,11,23],[21,5,1,9,17,13,11,23],[21,17,1,13,5,9,11,23],[17,5,1,13,9,21,23],[1,17,9,13,5,21,11,23],[17,9,21,5,1,13,23],[21,13,9,1,17,5,11,23],[9,21,5,1,13,17,11,23],[9,17,5,13,1,21,11,23],[5,17,1,21,9,13,23],[9,17,5,1,21,13,23],[17,1,5,21,9,13,22],[5,17,9,21,13,1,11,23],[21,9,5,17,13,1,23],[21,5,9,17,1,13,11,23],[5,21,9,13,17,1,11,23],[21,13,5,9,20,1,17,23],[21,5,1,9,13,17,24,23],[21,13,9,1,17,5,23],[1,5,21,13,9,17,11,23],[21,1,9,17,5,13,10],[17,13,5,1,9,21,11,23],[13,1,21,5,17,9,11,23],[5,21,17,9,13,1,11,23],[13,21,17,5,9,1,23],[1,9,13,21,17,5,23],[17,21,9,15,5,1,11,23],[1,17,9,21,13,5,23],[21,13,1,17,9,5,23],[13,5,21,1,17,9,23],[1,5,21,17,9,13,11,23],[5,9,21,13,17,1,11,23],[5,9,17,13,1,21,11,23],[21,17,5,9,1,13,10],[13,9,21,17,1,5,23],[9,21,13,1,6,5,17,11,23],[1,9,21,5,17,13,11,23],[1,5,9,17,13,21,11,23],[9,21,17,1,13,5,10],[5,13,1,21,9,17,11,23],[17,9,13,5,1,21,23],[1,21,5,13,9,17,11,23],[17,13,9,5,21,1,23],[9,17,13,1,21,5,11,23],[5,13,17,1,9,21,11,23],[5,1,13,17,21,10],[1,17,13,5,9,21,11,23],[5,17,13,1,21,9,11,23],[13,5,9,21,17,1,11,23],[1,13,21,5,17,9,23],[17,5,1,13,21,9,11,23],[17,13,5,9,1,21,11,23],[17,5,13,21,1,9,23],[9,1,5,21,13,17,11,23],[17,1,5,21,13,9,11,23],[9,1,5,13,21,17,23],[9,13,5,1,21,17,22],[13,1,17,5,9,21,23],[9,13,21,5,1,17,23],[17,5,21,1,13,9,12,11,23],[9,5,13,17,21,1,23],[17,21,13,1,5,9,11,23],[13,1,21,5,9,17,23],[13,21,5,1,11,9,23],[13,5,17,21,1,9,11,23],[1,17,9,21,5,13,11,23],[1,5,13,9,17,21,22],[5,9,17,21,13,1,23],[9,17,5,21,1,13,11,23],[1,9,21,13,17,5,23],[5,13,21,17,9,1,23],[13,5,1,21,17,9,23],[1,5,13,21,9,17,23],[1,21,5,9,13,17,11,23],[5,17,13,9,1,21,22],[9,5,1,13,21,17,23],[17,9,5,1,13,21,11,23],[1,13,5,17,21,9,23],[9,13,5,17,21,1,23],[5,21,1,17,9,13,11,23],[5,1,21,13,17,9,23],[21,5,9,13,1,17,12,11,23],[5,17,21,13,1,9,11,23],[1,5,13,17,21,9,24,11,23],[17,1,5,9,13,21,11,23],[9,13,5,17,21,1,23],[1,5,21,17,9,13,23],[1,17,13,9,5,21,11,23],[21,17,10,5,1,13],[13,5,21,1,9,17,23],[21,13,1,9,5,17,22],[21,9,17,1,5,13,11,23],[21,5,1,17,13,9,11,23],[5,13,1,17,9,21,23],[1,5,17,9,13,21,11,23],[17,5,21,13,1,9,23],[5,9,13,21,1,17,23],[21,5,9,1,13,17,23],[9,5,1,13,17,21,12,23],[1,5,9,13,17,21,23],[9,5,17,21,13,1,3,24,23],[5,17,1,13,21,9,23],[13,21,17,5,9,1,11,23],[9,17,5,21,13,1,23],[17,9,1,21,13,5,11,23],[17,1,9,13,5,21,11,23],[21,9,5,1,17,13,11,23],[5,9,1,13,17,21,23],[21,1,5,13,9,17,12,11,23],[13,17,9,21,1,5,11,23],[5,21,9,1,17,13,11,23],[13,5,21,1,9,17,11,23],[5,21,17,13,9,1,23],[17,21,1,5,13,9,23],[1,5,9,17,13,21,11,23],[17,5,13,1,9,21,11,23],[17,9,1,13,21,5,11,23],[5,1,21,13,9,17,11,23],[5,17,21,9,13,1,23],[1,17,21,13,9,5,23],[5,9,17,21,1,13,23],[5,1,9,17,13,21,23],[13,1,17,21,5,9,11,23],[5,21,17,13,1,9,23],[1,5,13,21,17,9,23],[5,21,13,9,17,1,23],[13,1,21,5,17,9,11,23],[5,21,17,13,1,9,23],[9,5,13,1,21,17,23],[21,9,17,5,13,1,12,23],[5,9,17,13,1,21,10],[5,17,9,1,13,21,11,23],[5,13,1,17,21,9,23],[21,13,1,5,9,17,23],[9,5,1,21,13,17,11,23],[13,21,5,17,1,9,23],[9,5,17,13,21,1,23],[5,13,21,9,1,17,11,23],[17,13,9,21,5,1,12,23],[5,13,21,17,1,9,23],[21,9,17,5,13,1,10],[5,21,9,13,17,1,23],[5,21,1,17,9,13,23],[5,13,9,17,21,1,11,23],[21,1,9,13,5,17,11,23],[21,13,17,9,5,1,11,23],[9,17,21,13,5,1,12,11,23],[1,13,21,5,17,9,11,23],[1,17,5,21,13,11,9,23],[5,17,21,1,13,9,12,22],[13,9,21,5,17,1,11,23],[13,21,5,1,9,17,23],[1,21,9,17,5,13,12,11,23],[21,17,1,9,5,13,11,23],[17,9,5,13,21,1,10],[1,21,5,9,20,17,13,22],[9,5,13,1,17,21,23],[21,9,1,17,13,5,23],[17,13,9,21,1,5,11,23],[17,9,13,1,5,21,23],[9,17,21,5,1,13,11,23],[1,9,13,17,21,5,11,23],[9,21,13,1,17,5,11,23],[17,9,5,13,21,1,23],[5,13,9,21,17,1,24,11,23],[1,17,13,21,9,5,11,23],[9,13,21,17,5,1,11,23],[5,9,1,13,21,17,23],[17,9,1,21,13,5,11,23],[17,1,5,9,13,21,11,23],[5,1,21,9,17,13,11,23],[1,13,5,9,21,17,23],[9,5,21,13,17,1,23],[21,5,17,13,9,1,11,23],[13,9,1,21,5,17,23],[1,21,16,19,17,13,5,9,11,23],[5,21,13,9,17,1,11,23],[17,5,9,21,13,1,23],[1,9,21,5,13,17,23],[13,17,21,5,9,1,22],[13,9,21,1,5,17,23],[21,5,13,17,1,9,23],[17,21,13,5,1,9,23],[5,9,17,13,1,21,23],[17,1,13,5,9,21,24,23],[13,5,17,1,21,9,11,23],[21,17,13,1,5,9,11,23],[17,13,21,9,5,1,23],[17,13,9,1,5,21,22],[5,17,21,9,1,13,10],[5,13,9,1,21,17,10],[5,21,13,9,17,1,23],[17,13,5,9,1,21,11,23],[17,5,13,9,1,21,23],[13,1,21,17,5,9,11,23],[17,21,13,1,9,5,11,23],[9,1,21,17,5,13,11,23],[5,17,13,9,21,1,23],[17,9,1,21,13,5,11,23],[5,9,17,1,13,21,11,23],[17,9,1,21,5,13,11,23],[1,9,13,21,5,17,11,23],[9,17,21,5,1,13,10],[17,1,21,9,13,5,23],[21,1,13,9,5,17,11,23],[1,13,17,5,21,9,11,23],[1,9,21,13,17,5,11,23],[1,21,17,13,9,5,23],[9,21,1,5,17,13,11,23],[9,5,13,21,17,1,11,23],[5,1,17,21,9,13,23],[21,1,9,17,5,13,10],[9,17,21,1,5,13,23],[9,21,13,17,5,1,24,11,23],[17,9,13,21,5,1,11,23],[17,13,5,1,21,9,23],[1,9,13,5,21,17,11,23],[5,17,9,1,13,21,23],[1,17,9,5,21,13,23],[9,21,13,17,5,1,23],[1,9,21,17,5,13,11,23],[1,9,21,13,17,5,11,23],[21,9,17,5,1,13,11,23],[17,9,13,1,21,5,11,23],[17,9,1,13,21,5,11,23],[17,9,5,13,1,21,23],[1,21,9,17,13,5,11,23],[9,13,1,21,5,17,11,23],[1,9,13,5,17,21,23],[5,9,1,21,13,17,23],[17,9,5,1,13,21,22],[13,1,5,21,17,9,23],[5,21,9,17,2,1,13,12,24,23],[13,21,1,5,9,17,23],[9,21,5,17,13,1,10],[1,5,13,17,21,9,23],[21,16,17,5,9,1,13,11,23],[9,1,13,21,17,5,11,23],[1,5,21,9,17,13,22],[9,13,21,1,5,17,23],[21,1,13,9,5,17,23],[9,1,13,17,5,21,23],[21,13,5,17,9,1,24,11,23],[17,1,5,13,21,9,23],[17,5,1,13,9,21,23],[1,9,13,5,17,21,23],[17,9,5,13,1,21,23],[17,5,21,9,13,1,11,23],[21,5,1,17,13,9,11,23],[9,5,21,17,1,13,11,23],[1,5,13,9,17,21,23],[1,13,21,5,9,17,11,23],[17,9,5,1,21,13,23],[9,13,1,21,17,5,11,23],[13,21,9,17,5,1,24,23],[1,13,17,5,9,21,23],[17,21,9,5,13,1,23],[17,21,13,1,5,9,10],[13,21,17,5,1,9,11,23],[21,1,5,9,17,13,22],[17,9,13,21,5,1,23],[1,5,13,17,21,9,23],[9,13,5,21,17,1,11,23],[9,21,1,17,5,13,11,23],[17,13,9,21,5,1,11,23],[9,17,5,21,13,1,11,23],[21,5,1,9,13,17,11,23],[17,21,1,13,9,5,23],[9,21,13,1,17,5,10],[9,5,1,21,17,13,12,10],[13,17,9,5,21,1,23],[9,21,17,1,13,5,22],[13,21,9,1,5,17,11,23],[21,5,13,17,1,9,23],[21,5,13,17,1,9,11,23],[17,21,13,7,9,1,11,23],[5,1,21,13,17,9,24,23],[13,9,5,17,21,1,11,23],[5,9,21,17,1,13,22],[1,13,5,17,21,9,11,23],[13,5,1,9,21,17,11,23],[9,1,21,13,5,17,23],[13,21,17,1,9,5,12,11,23],[9,21,17,5,1,13,23],[1,21,5,17,13,9,11,23],[17,5,13,9,21,1,11,23],[13,9,21,1,17,5,23],[9,17,21,1,5,13,12,23],[21,1,13,5,9,17,23],[9,1,21,17,13,5,11,23],[5,17,9,1,13,21,11,23],[21,9,5,1,13,17,11,23],[5,17,13,9,1,21,11,23],[21,13,1,5,17,9,11,23],[17,9,13,1,21,5,11,23],[1,9,17,13,5,21,24,23],[13,5,17,9,1,21,11,23],[9,5,21,1,13,17,23],[17,21,8,9,1,5,13,11,23],[13,17,9,21,1,5,22],[13,1,9,21,5,17,23],[13,9,21,17,5,1,11,23],[5,1,9,17,13,21,24,11,23],[9,5,1,21,13,17,22],[9,5,21,17,1,13,11,23],[9,13,21,17,5,1,11,23],[21,5,13,9,17,1,11,23],[5,17,1,21,9,13,23],[5,21,1,9,17,13,11,23],[21,13,17,1,9,5,24,23],[17,13,21,1,5,9,23],[13,5,21,17,9,1,23],[1,17,13,5,21,9,10],[21,5,17,9,13,1,23],[5,13,1,21,9,17,23],[13,9,5,17,1,21,23],[13,21,5,9,1,17,23],[5,17,9,1,21,13,23],[1,13,21,17,9,5,11,23],[13,1,5,9,21,17,23],[17,1,5,21,9,13,11,23],[5,13,1,17,21,9,23],[9,17,1,13,21,5,11,23],[21,9,1,17,5,13,23],[21,5,17,13,9,1,11,23],[5,1,17,9,21,13,23],[17,5,21,13,9,1,23],[1,9,17,5,13,21,10],[1,21,17,5,9,13,23],[17,21,1,9,5,13,11,23],[5,9,1,13,21,17,10],[13,17,5,1,9,21,11,23],[13,17,1,5,21,9,23],[21,5,17,9,1,13,11,23],[5,13,17,21,9,1,11,23],[13,1,17,21,5,9,23],[9,13,21,5,1,17,22],[1,9,13,17,5,21,11,23],[1,21,5,9,13,17,11,23],[21,5,13,9,1,17,11,23],[9,5,17,21,1,13,11,23],[1,9,17,5,13,21,11,23],[1,5,9,17,21,13,23],[17,1,13,5,21,9,11,23],[17,9,1,21,5,13,24,23],[13,1,5,9,17,21,23],[9,1,21,13,17,5,23],[1,13,17,21,5,9,23],[13,21,5,1,9,17,11,23],[13,17,9,1,5,21,11,23],[1,9,21,13,17,5,12,11,23],[21,9,1,15,17,5,11,23],[13,17,9,21,1,5,23],[9,5,13,21,1,17,11,23],[1,21,13,17,5,9,11,23],[21,17,5,1,9,13,11,23],[1,17,13,21,5,9,11,23],[5,9,17,21,1,13,23],[17,1,21,13,5,9,11,23],[5,9,21,13,17,1,11,23],[13,17,9,21,5,1,23],[9,1,13,17,21,5,12,23],[1,21,5,17,13,9,11,23],[17,13,9,5,21,1,11,23],[5,1,17,9,21,13,11,23],[9,1,17,21,5,13,10],[1,17,21,5,9,13,11,23],[13,17,9,1,21,5,11,23],[5,13,17,21,1,9,11,23],[13,17,5,21,1,9,23],[1,9,5,17,13,21,11,23],[13,5,21,17,1,9,12,23],[21,13,9,1,17,5,23],[1,21,19,9,5,17,13,10],[9,21,13,17,5,1,23],[17,1,13,21,9,5,23],[13,9,1,21,17,5,23],[1,9,13,21,17,5,11,23],[13,5,9,17,1,21,23],[5,9,21,17,13,1,23],[5,21,9,17,13,1,11,23],[21,9,17,5,13,1,11,23],[21,9,1,17,5,13,12,23],[17,13,21,5,9,1,23],[5,9,13,17,21,1,11,23],[17,9,1,21,13,5,23],[13,5,21,17,9,1,11,23],[1,9,17,21,5,13,23],[21,9,1,13,5,17,23],[9,1,13,5,21,17,23],[21,5,13,1,17,9,23],[9,17,1,21,5,13,22],[17,13,21,1,9,5,23],[1,13,17,9,5,21,22],[5,1,9,13,17,21,23],[1,13,9,5,17,21,23],[13,5,9,17,1,21,11,23],[1,5,9,21,17,13,23],[1,5,9,21,17,13,23],[1,17,21,9,5,13,23],[5,17,9,21,1,13,11,23],[5,13,9,21,1,17,11,23],[5,1,13,17,9,21,23],[13,21,5,9,17,1,22],[21,17,5,13,9,1,10],[5,21,17,9,13,1,11,23],[17,1,9,21,13,5,11,23],[13,17,1,5,9,21,11,23],[1,21,9,5,13,20,17,11,23],[1,17,5,13,21,9,22],[17,13,9,1,5,21,11,23],[5,9,21,17,1,13,11,23],[21,13,5,1,17,9,23],[17,5,13,9,1,21,11,23],[17,1,13,9,21,5,23],[5,9,17,21,13,1,23],[5,1,13,21,17,9,23],[21,1,17,9,13,5,23],[13,1,21,9,17,5,23],[13,17,9,5,1,21,23],[1,17,21,13,9,5,11,23],[1,9,5,21,13,17,23],[1,21,5,9,17,13,23],[5,13,17,21,1,9,23],[9,13,1,21,5,17,11,23],[9,21,5,1,17,13,11,23],[13,1,21,5,9,17,11,23],[21,13,5,17,1,11,9,23],[1,17,13,21,9,5,24,23],[9,5,13,21,1,17,23],[13,1,21,5,9,17,23],[5,9,13,17,1,21,11,23],[21,1,9,5,13,17,23],[5,13,21,17,9,1,23],[21,17,5,13,1,9,23],[17,13,21,5,1,9,11,23],[13,5,17,21,9,1,11,23],[1,13,21,5,17,9,24,23],[17,5,1,21,9,13,11,23],[13,9,21,5,1,17,23],[5,9,21,13,17,1,11,23],[13,1,21,5,9,17,23],[13,21,1,17,9,5,23],[9,5,21,1,13,17,11,23],[13,1,21,5,17,9,11,23],[13,17,5,21,9,1,11,23],[9,5,21,17,1,13,11,23],[9,17,21,1,5,13,23],[1,21,9,13,5,17,11,23],[5,1,21,9,13,17,11,23],[13,9,17,21,1,5,11,23],[13,5,9,17,1,21,24,11,23],[5,9,17,21,13,1,11,23],[13,9,17,1,5,21,11,23],[9,13,5,17,21,1,23],[17,9,13,5,1,21,23],[17,5,13,9,21,1,11,23],[5,9,17,1,21,13,23],[5,9,17,13,1,21,11,23],[17,5,9,21,13,1,23],[5,17,9,21,1,13,23],[1,17,13,21,9,5,23],[13,5,17,9,21,1,23],[1,13,21,9,5,17,23],[21,17,1,13,5,9,23],[5,17,21,13,9,1,11,23],[17,5,9,13,1,21,23],[13,1,17,9,21,5,23],[9,13,21,17,1,5,11,23],[5,13,1,21,9,17,22],[21,5,9,13,17,1,23],[5,21,17,9,13,1,23],[13,21,6,5,1,9,18,11,23],[17,5,1,9,21,13,23],[21,5,17,9,1,13,11,23],[17,5,21,13,1,9,11,23],[1,21,5,17,9,13,11,23],[5,17,1,9,13,21,11,23],[21,13,1,9,17,5,11,23],[5,13,9,17,1,21,11,23],[5,1,17,21,13,9,11,23],[13,9,21,17,1,5,23],[1,21,9,13,17,5,11,23],[1,21,9,17,13,5,10],[13,17,1,21,5,9,11,23],[13,5,1,21,17,9,10],[1,5,13,9,21,17,11,23],[9,5,1,21,13,17,10],[1,21,13,17,9,5,23],[17,13,9,5,21,1,11,23],[13,1,21,17,9,5,11,23],[5,1,17,21,9,13,23],[1,5,13,21,9,17,23],[17,9,1,13,5,21,23],[1,13,21,5,17,9,23],[17,1,5,13,9,21,11,23],[13,17,21,9,5,1,23],[1,9,21,17,5,13,23],[9,21,13,5,17,1,23],[1,5,21,9,13,17,11,23],[1,5,9,21,13,17,23],[9,1,21,13,5,17,23],[9,1,5,21,17,14,13,11,23],[5,21,1,17,9,13,11,23],[5,13,9,1,21,17,11,23],[21,13,9,17,1,5,23],[1,9,17,13,21,5,11,23],[17,1,5,13,9,21,23],[9,5,1,13,17,21,11,23],[1,9,5,17,21,13,11,23],[21,5,9,17,1,13,11,23],[5,9,21,13,17,1,23],[1,5,17,13,9,21,23],[1,21,13,9,17,5,11,23],[21,5,13,17,1,9,12,23],[1,9,21,13,17,5,23],[5,1,17,9,21,13,24,11,23],[17,5,13,9,21,2,1,23],[1,13,9,17,21,5,11,23],[9,1,17,13,5,21,11,23],[5,13,9,17,21,1,23],[17,1,9,5,13,21,23],[17,21,13,1,9,5,11,23],[17,5,21,9,1,13,11,23],[13,21,5,1,9,17,11,23],[9,1,17,21,13,5,23],[17,13,9,21,5,1,11,23],[21,1,5,17,13,9,11,23],[17,5,21,9,13,1,11,23],[13,17,1,21,9,5,11,23],[5,9,13,17,1,21,23],[1,21,9,13,17,5,23],[13,9,5,21,17,1,24,10],[9,17,13,1,21,5,23],[17,21,1,5,13,9,11,23],[13,1,17,21,5,9,11,23],[13,9,17,1,5,21,11,23],[17,1,21,13,5,9,11,23],[13,5,9,1,17,21,23],[21,1,9,13,5,17,23],[5,17,1,13,21,9,11,23],[1,13,9,17,5,21,23],[13,1,17,5,21,9,22],[21,17,9,5,1,13,23],[1,17,9,13,5,21,23],[13,17,1,5,21,9,12,23],[5,9,1,17,21,13,23],[9,1,21,5,13,17,12,11,23],[13,5,9,17,21,1,24,11,23],[1,9,13,21,17,5,23],[9,1,17,21,13,5,23],[21,13,5,17,9,1,23],[9,17,13,5,1,21,12,22],[9,17,1,13,5,21,11,23],[13,21,5,9,17,1,12,11,23],[9,17,1,13,5,21,23],[13,17,1,5,21,9,23],[17,5,13,9,1,21,23],[17,9,1,13,21,5,11,23],[5,1,17,13,21,9,12,23],[17,9,21,13,1,5,11,23],[21,1,17,5,13,9,11,23],[21,1,9,5,17,13,23],[17,5,9,13,1,21,24,11,23],[13,17,21,1,9,5,23],[9,5,21,13,17,1,24,23],[17,1,13,9,21,5,23],[1,5,13,17,21,9,11,23],[17,13,1,21,5,9,11,23],[9,13,17,5,21,1,11,23],[17,1,21,13,9,5,23],[13,5,21,17,9,1,12,10],[5,17,21,13,1,9,11,23],[9,5,17,21,13,1,23],[9,21,17,5,1,13,11,23],[9,13,21,1,5,17,11,23],[13,9,21,5,1,17,23],[21,1,18,13,5,9,23],[21,9,5,1,13,17,11,23],[5,21,1,9,17,13,23],[1,5,17,21,9,13,23],[17,1,9,13,5,21,23],[1,21,9,13,5,17,11,23],[5,13,21,17,1,9,23],[1,9,5,13,17,21,11,23],[13,5,9,1,17,21,11,23],[13,17,5,1,9,21,24,11,23],[9,5,17,13,21,1,11,23],[5,21,9,17,1,13,23],[21,13,9,1,17,5,23],[1,21,5,17,9,13,11,23],[1,5,21,9,17,13,11,23],[17,13,9,1,5,21,11,23],[9,5,17,21,1,13,23],[21,9,5,17,1,13,22],[17,21,1,9,13,5,11,23],[21,1,9,17,5,13,11,23],[5,9,17,13,21,1,11,23],[9,17,1,13,21,8,5,23],[5,1,13,21,9,17,10],[9,21,5,17,1,13,23],[17,5,9,13,21,1,23],[21,17,5,1,9,13,11,23],[1,9,17,13,21,5,11,23],[5,13,17,21,3,9,23],[5,17,13,9,1,21,23],[1,13,5,9,17,21,23],[9,21,1,13,5,17,11,23],[13,17,21,5,1,9,11,23],[9,5,13,17,1,21,23],[9,5,21,17,13,1,24,11,23],[21,9,13,1,17,5,23],[13,9,17,5,1,21,11,23],[5,13,17,9,1,21,22],[9,21,13,1,17,5,11,23],[13,5,1,9,21,19,17,22],[21,9,5,13,17,1,11,23],[5,21,13,12,9,17,1,23],[9,1,21,5,17,13,11,23],[21,9,13,17,5,1,23],[17,9,21,13,1,5,11,23],[9,5,17,13,1,21,11,23],[13,9,17,1,21,5,23],[17,9,13,21,1,5,10],[9,21,1,17,5,13,23],[1,5,9,21,13,17,23],[1,17,21,5,9,13,11,23],[1,9,13,21,17,5,23],[5,1,9,17,21,13,23],[1,17,5,21,9,13,23],[9,17,21,13,1,5,23],[1,21,9,5,17,13,11,23],[5,13,17,21,1,9,11,23],[5,17,1,9,13,21,11,23],[1,9,17,5,13,21,23],[9,21,5,13,1,17,23],[21,13,17,5,1,9,11,23],[9,1,5,13,21,17,22],[17,9,1,21,13,5,11,23],[13,9,17,5,1,21,24,11,23],[21,9,1,17,5,13,11,23],[5,9,1,17,13,21,11,23],[5,13,21,17,9,1,11,23],[21,1,9,5,17,13,11,23],[9,17,13,21,5,1,11,23],[9,21,13,17,1,5,22],[21,13,17,1,5,9,23],[13,5,21,17,1,9,11,23],[1,17,5,21,13,9,24,23],[5,13,1,21,17,9,22],[5,9,21,17,1,13,11,23],[13,21,1,9,5,17,23],[9,5,17,21,1,13,11,23],[17,21,13,9,1,5,11,23],[9,1,13,5,17,21,11,23],[17,13,21,9,5,1,23],[17,1,21,5,9,13,11,23],[17,1,21,13,5,9,23],[21,5,17,1,13,9,10],[21,17,5,13,1,9,23],[1,9,13,21,5,17,23],[13,21,9,5,17,1,24,11,23],[5,17,9,21,13,1,23],[21,1,17,9,13,5,11,23],[21,17,9,13,5,1,11,23],[5,21,17,13,9,1,23],[13,21,9,1,5,17,10],[1,13,9,5,17,21,23],[13,21,9,5,1,17,12,23],[17,1,21,13,5,9,22],[9,17,5,13,21,1,23],[9,21,5,17,13,1,11,23],[1,21,9,17,13,5,23],[17,13,1,5,9,21,11,23],[9,17,13,21,5,1,11,23],[1,13,21,9,5,17,23],[13,9,5,17,1,21,11,23],[9,1,5,21,17,13,11,23],[13,21,5,9,17,1,23],[17,13,1,5,9,21,23],[13,17,21,1,9,5,23],[17,21,5,13,1,9,23],[5,9,1,13,21,17,23],[1,21,5,9,17,13,11,23],[1,17,21,9,13,5,11,23],[1,13,9,21,17,5,23],[9,13,1,5,21,17,22],[1,9,13,21,17,5,11,23],[9,5,1,17,21,13,11,23],[5,13,21,9,17,1,11,23],[9,17,5,21,13,1,23],[9,17,13,21,1,5,23],[17,5,13,1,9,21,10],[17,9,21,5,13,1,23],[5,13,17,9,21,1,10],[9,21,1,13,17,5,12,11,23],[21,1,17,9,5,13,23],[5,17,9,1,13,21,23],[13,17,21,9,1,5,11,23],[5,17,21,13,1,9,23],[1,21,17,5,13,9,11,23],[21,9,13,5,17,1,11,23],[5,21,9,13,1,17,23],[9,17,13,1,5,21,23],[21,2,1,9,5,13,17,11,23],[13,17,21,5,1,9,24,23],[5,1,17,21,9,13,11,23],[1,21,9,17,5,13,11,23],[5,9,13,21,1,17,22],[17,9,13,5,21,1,23],[5,9,17,1,13,21,11,23],[9,5,13,17,1,21,23],[1,5,13,21,17,9,24,23],[13,1,21,9,5,17,23],[5,9,13,1,21,17,23],[13,9,5,17,1,21,23],[1,5,17,9,21,13,11,23],[5,9,21,17,13,1,23],[9,21,1,13,7,17,24,23],[1,9,13,5,17,21,11,23],[5,13,17,21,9,1,11,23],[5,17,13,21,9,1,11,23],[13,17,5,1,9,21,11,23],[9,1,21,13,5,17,11,23],[13,1,21,5,17,9,23],[5,1,21,9,17,13,23],[1,9,13,17,21,5,11,23],[17,5,21,1,13,9,11,23],[5,21,13,1,9,17,23],[1,17,5,9,21,13,24,11,23],[13,21,5,17,1,9,11,23],[1,9,17,21,13,5,11,23],[5,13,9,21,1,17,11,23],[17,13,21,5,1,9,23],[5,13,21,1,17,9,11,23],[13,5,17,1,9,21,23],[13,17,1,21,9,5,23],[5,1,9,21,17,13,11,23],[9,1,5,17,13,21,22],[21,9,13,5,1,17,23],[1,9,21,17,5,13,23],[9,13,5,21,17,1,23],[21,1,13,17,5,9,11,23],[13,9,17,5,1,21,23],[5,17,9,13,1,21,11,23],[5,13,21,17,1,9,23],[1,21,9,17,13,5,24,23],[21,1,9,13,5,17,11,23],[17,9,13,5,21,1,23],[5,1,9,17,13,21,23],[21,1,13,5,17,9,23],[5,13,21,9,17,1,23],[9,17,1,5,21,13,11,23],[9,1,13,5,17,21,23],[17,13,1,9,5,21,23],[17,13,1,9,5,21,22],[17,1,13,9,21,5,11,23],[5,1,17,13,21,9,11,23],[13,1,21,17,9,5,23],[5,9,21,17,13,1,11,23],[13,17,9,5,21,1,23],[5,1,21,17,9,13,22],[1,17,21,5,9,13,23],[21,1,5,13,9,17,11,23],[21,1,13,9,5,17,11,23],[5,13,9,1,21,17,11,23],[5,17,1,13,9,21,23],[1,5,17,9,13,21,23],[5,9,1,17,13,21,11,23],[21,17,13,5,1,9,11,23],[5,21,9,13,1,17,23],[9,17,5,21,1,13,11,23],[13,17,5,21,9,1,11,23],[5,13,21,9,1,17,11,23],[21,1,13,9,17,5,11,23],[13,9,21,1,17,5,11,23],[17,5,13,21,9,1,11,23],[13,21,1,9,5,17,11,23],[17,21,13,5,1,9,23],[9,1,5,13,17,21,22],[17,1,21,14,9,5,13,23],[9,13,21,17,1,5,12,23],[1,17,5,13,21,9,11,23],[13,5,1,17,21,9,24,11,23],[17,1,13,9,5,21,23],[21,13,17,9,1,5,23],[17,5,13,1,9,21,24,11,23],[1,17,21,13,9,5,11,23],[1,13,5,17,9,21,11,23],[1,21,17,9,13,5,23],[13,9,17,5,1,21,11,23],[13,9,17,21,5,1,11,23],[13,21,17,9,1,5,23],[13,21,9,17,8,5,1,23],[5,13,9,21,1,17,23],[13,1,17,5,21,9,23],[21,5,13,17,9,1,11,23],[5,13,1,21,17,9,23],[21,5,9,13,17,1,23],[13,1,5,21,9,17,11,23],[13,17,9,5,1,21,11,23],[13,5,1,9,21,17,10],[5,1,21,13,9,17,24,11,23],[21,9,5,1,17,15,23],[17,5,9,1,21,13,23],[17,5,9,1,13,21,12,10],[17,1,13,9,5,21,12,11,23],[1,5,17,9,13,21,11,23],[9,17,21,13,5,1,11,23],[1,5,17,13,21,9,11,23],[9,21,5,1,17,13,23],[9,13,5,1,17,21,12,23],[17,5,9,21,1,13,11,23],[21,1,13,17,5,11,9,23],[5,1,21,9,13,17,11,23],[17,21,5,13,9,1,10],[9,5,13,1,21,17,23],[21,5,17,1,9,13,23],[1,5,21,17,9,13,11,23],[21,1,13,17,9,5,23],[5,1,17,9,21,13,11,23],[9,13,21,17,1,5,23],[17,21,13,9,1,5,11,23],[9,5,17,13,21,1,11,23],[1,5,13,9,17,21,11,23],[21,9,17,13,1,5,11,23],[5,17,13,21,1,9,11,23],[21,1,17,9,5,13,23],[9,21,1,17,13,5,11,23],[17,21,13,5,1,9,24,11,23],[5,1,9,21,17,13,11,23],[5,9,21,17,3,13,11,23],[21,13,17,9,1,5,23],[5,17,13,21,1,9,23],[17,9,13,21,1,5,12,11,23],[13,9,21,1,17,5,23],[21,5,9,13,17,1,23],[5,21,13,9,1,17,11,23],[21,9,5,1,13,17,11,23],[9,21,13,17,1,5,23],[21,9,17,1,5,13,11,23],[1,21,13,5,17,9,23],[13,21,9,5,1,17,10],[1,13,9,5,17,21,23],[13,1,17,9,5,21,11,23],[13,9,21,1,17,5,23],[13,21,17,9,5,1,23],[9,1,5,21,17,13,24,23],[13,17,9,21,5,1,23],[17,1,13,5,9,21,23],[1,9,17,5,13,21,22],[1,17,9,13,21,5,11,23],[17,1,9,13,5,21,22],[1,17,21,9,13,5,10],[5,17,1,13,21,11,9,23],[1,17,13,9,21,5,10],[5,21,13,9,1,17,10],[5,13,1,17,21,9,11,23],[21,17,13,9,1,5,11,23],[17,1,9,5,21,13,10],[13,5,1,9,17,21,23],[21,3,9,13,5,17,23],[13,1,17,9,5,21,23],[17,13,21,9,1,5,11,23],[1,21,13,5,17,9,23],[9,1,13,21,17,5,11,23],[13,21,9,5,1,17,22],[21,20,13,9,5,17,1,23],[17,9,21,16,1,5,13,11,23],[17,1,5,9,21,13,23],[9,17,21,1,5,13,23],[5,13,1,9,17,21,23],[21,1,13,9,5,17,12,23],[9,17,13,21,5,1,11,23],[9,5,21,1,17,13,23],[1,9,21,17,5,13,23],[1,5,21,17,9,13,24,11,23],[5,21,17,13,9,1,22],[9,1,17,21,5,13,11,23],[21,9,13,17,1,5,23],[21,5,13,17,1,9,11,23],[21,9,13,1,17,5,24,23],[1,21,17,9,13,5,11,23],[9,21,17,1,13,5,11,23],[5,1,21,9,17,13,23],[9,17,5,1,21,13,23],[9,5,1,17,13,21,11,23],[17,21,1,9,5,13,23],[5,17,1,21,13,9,23],[17,5,21,13,1,9,23],[1,13,9,5,21,17,11,23],[13,17,21,9,1,5,12,22],[9,17,1,5,13,21,22],[5,13,1,21,17,9,23],[9,21,13,1,17,5,11,23],[17,21,9,5,1,13,11,23],[17,5,21,13,9,1,23],[1,5,17,9,13,21,23],[5,17,1,21,13,12,9,10],[1,13,21,17,5,9,10],[9,21,17,1,5,13,24,23],[21,17,1,9,5,13,23],[17,5,13,9,21,1,11,23],[17,1,13,21,9,5,23],[17,1,9,21,13,5,11,23],[21,13,5,9,17,1,11,23],[5,13,9,21,17,1,23],[5,17,21,13,1,9,23],[9,5,17,13,21,1,10],[9,17,5,13,21,1,11,23],[21,5,1,13,9,17,11,23],[21,1,9,13,5,17,23],[17,1,9,21,5,13,23],[21,17,4,5,9,13,1,11,23],[1,13,17,21,9,5,10],[21,1,13,9,5,17,11,23],[5,1,13,17,21,9,23]],"n_human":11}