{"problem_id":"NrhQ2FFoeRDuDmA","sigma":150,"alpha":0.100,"cost":2,"probabilities":"[0.48, 0.21, 0.3, 0.01]","payoff_matrix":"[[-340, -50, 94, -14, -63, 270], [106, 150, -56, 7, -110, -27], [-77, -262, 251, -246, 42, 133], [-222, 108, 155, -136, -56, -183]]","uncovered":[[1,5,13,17,9,21,23],[21,1,9,13,5,17,23],[13,17,1,21,5,9,23],[1,21,9,5,13,17,23],[1,17,13,9,21,5,23],[5,13,17,21,9,1,11,23],[21,13,5,17,1,9,23],[5,9,1,13,17,21,11,23],[13,21,5,1,17,9,23],[17,9,1,13,21,5,23],[9,1,5,13,17,21,23],[13,17,5,1,21,9,11,23],[21,13,17,1,9,5,23],[21,5,9,13,17,1,23],[21,13,9,1,17,5,23],[17,9,5,1,21,13,11,23],[21,9,17,5,13,1,11,23],[17,5,13,9,21,1,11,23],[9,17,1,5,13,21,11,23],[17,21,13,1,5,9,23],[9,17,21,5,13,1,23],[5,1,17,21,13,9,11,23],[17,13,5,21,9,1,23],[9,5,17,1,21,13,23],[1,9,21,13,17,5,23],[9,21,5,17,13,1,23],[1,21,9,5,17,13,11,23],[5,13,17,9,1,21,23],[13,5,1,17,21,9,11,23],[5,9,21,1,13,17,11,23],[1,17,9,13,5,21,23],[5,17,9,1,21,13,11,23],[1,13,17,9,5,21,23],[17,1,9,5,13,21,11,23],[1,17,5,13,21,9,11,23],[17,1,5,9,13,21,23],[17,5,9,1,21,13,23],[9,13,21,1,5,17,23],[13,5,21,9,1,17,23],[21,1,9,17,5,13,11,23],[17,1,13,5,21,9,11,23],[9,1,13,21,17,5,23],[5,17,21,1,13,9,23],[5,1,21,9,17,13,11,23],[5,9,21,13,1,17,23],[13,21,5,9,1,17,11,23],[5,9,17,13,21,1,23],[13,21,5,9,1,17,23],[21,9,5,13,1,17,11,23],[17,13,1,9,21,5,23],[17,9,1,21,13,5,23],[13,21,9,5,17,1,23],[5,17,1,21,9,13,11,23],[13,9,5,17,1,21,23],[1,5,9,17,21,13,11,23],[5,9,21,1,13,17,11,23],[17,21,1,9,13,5,23],[13,17,5,21,9,1,11,23],[9,5,13,1,17,21,11,23],[17,1,9,5,13,21,23],[17,5,1,9,13,21,11,23],[21,13,5,1,9,17,23],[21,5,17,9,13,1,23],[13,17,9,5,1,21,11,23],[21,9,13,17,1,5,11,23],[1,21,17,13,9,5,11,23],[17,13,21,5,1,9,11,23],[9,5,1,17,21,13,23],[17,1,9,21,5,13,11,23],[9,21,17,5,13,1,11,23],[21,5,17,9,13,1,11,23],[21,1,17,5,13,9,23],[1,13,21,5,9,17,11,23],[13,17,9,21,1,5,11,23],[13,5,9,1,21,17,23],[17,9,1,21,13,5,23],[17,9,13,21,1,5,23],[9,1,17,21,5,13,11,23],[13,1,9,5,21,17,11,23],[5,13,17,1,9,21,23],[13,1,17,5,9,21,23],[13,1,5,21,17,9,11,23],[1,9,5,21,13,17,11,23],[13,9,21,17,1,5,11,23],[1,9,5,13,21,17,23],[5,1,13,21,9,17,11,23],[1,13,9,17,21,5,23],[17,21,1,5,9,13,23],[17,9,13,1,5,21,11,23],[13,5,17,21,1,9,11,23],[1,5,17,21,9,13,23],[21,1,5,9,13,17,11,23],[1,17,21,9,13,5,23],[1,17,5,9,13,21,11,23],[21,1,13,17,9,5,11,23],[1,17,5,13,21,9,11,23],[5,17,1,9,13,21,11,23],[21,13,1,9,17,5,11,23],[5,13,21,1,9,17,23],[1,21,17,13,9,5,11,23],[21,13,9,1,5,17,23],[17,13,9,1,5,21,11,23],[1,9,5,21,13,17,23],[17,1,5,21,9,13,23],[9,17,21,1,5,13,11,23],[9,1,21,5,17,13,23],[13,1,17,9,21,5,11,23],[1,21,17,5,13,9,11,23],[17,9,21,13,5,1,23],[1,5,9,13,21,17,11,23],[13,1,17,5,21,9,23],[5,9,13,1,17,21,23],[5,17,9,13,21,1,11,23],[5,9,1,21,17,13,11,23],[21,9,13,1,17,5,23],[13,21,1,5,17,9,23],[17,13,5,9,1,21,23],[5,9,1,13,17,21,11,23],[13,9,1,17,5,21,23],[9,1,17,21,5,13,11,23],[21,13,9,1,17,5,23],[17,9,5,13,1,21,23],[1,9,17,5,21,13,23],[17,5,13,1,9,21,11,23],[1,17,5,13,9,21,23],[9,1,13,17,5,21,11,23],[21,13,5,9,1,17,23],[9,17,13,1,21,5,11,23],[21,1,17,13,5,9,11,23],[21,5,17,1,9,13,23],[9,13,17,21,5,1,11,23],[1,9,21,5,17,13,11,23],[9,5,1,13,17,21,11,23],[1,9,21,5,13,17,23],[13,1,21,9,5,17,11,23],[1,9,21,5,17,13,11,23],[21,1,9,13,5,17,11,23],[17,5,1,21,9,13,11,23],[5,1,9,21,17,13,23],[9,5,21,13,17,1,11,23],[17,5,21,9,1,13,11,23],[5,9,13,1,21,17,11,23],[1,17,5,9,13,21,23],[17,1,5,13,9,21,11,23],[1,17,13,21,5,9,11,23],[1,17,21,5,9,13,11,23],[17,5,1,9,13,21,11,23],[13,5,21,17,1,9,23],[5,13,21,1,17,9,23],[9,17,1,21,5,13,11,23],[21,5,9,1,17,13,11,23],[13,9,17,1,5,21,23],[17,13,5,9,21,1,23],[5,13,9,21,17,1,23],[5,17,1,13,21,9,11,23],[13,9,21,17,1,5,23],[13,5,21,9,1,17,23],[9,1,5,21,17,13,11,23],[13,1,9,21,5,17,23],[5,13,17,1,9,21,23],[13,1,5,21,9,17,11,23],[1,13,9,17,21,5,11,23],[13,9,1,17,21,5,11,23],[17,5,1,21,13,9,23],[17,9,5,1,13,21,23],[17,9,5,21,1,13,23],[13,1,21,9,17,5,11,23],[9,1,21,17,5,13,23],[13,9,17,21,5,1,11,23],[5,21,1,17,13,9,11,23],[13,17,5,21,9,1,11,23],[1,17,13,21,9,5,11,23],[13,9,21,17,1,5,11,23],[1,21,13,9,5,17,11,23],[21,13,17,9,1,5,23],[21,9,5,13,17,1,11,23],[17,13,5,21,9,1,23],[1,17,5,21,9,13,11,23],[5,21,9,17,1,13,11,23],[13,5,1,9,17,21,11,23],[17,21,9,13,1,5,11,23],[5,17,13,21,9,1,11,23],[5,21,17,13,9,1,23],[1,5,17,21,9,13,11,23],[21,17,13,9,1,5,23],[1,13,9,17,21,5,23],[21,9,17,5,1,13,22,11,23],[9,13,17,21,1,5,23],[9,5,13,21,17,1,11,23],[17,5,9,1,21,13,23],[13,1,5,21,9,17,11,23],[1,9,5,21,13,17,11,23],[9,1,17,21,13,5,11,23],[13,17,1,5,21,9,11,23],[5,13,1,9,21,17,11,23],[1,21,13,9,17,5,11,23],[17,5,9,13,21,1,11,23],[1,5,21,17,13,9,11,23],[5,13,21,1,9,17,11,23],[21,5,9,1,17,13,23],[5,9,1,13,17,21,23],[13,5,17,1,21,9,11,23],[21,5,13,17,1,9,11,23],[1,5,9,17,13,21,23],[5,13,17,21,9,1,23],[1,21,5,9,17,13,11,23],[21,13,5,1,17,9,11,23],[9,13,1,21,17,5,23],[17,5,1,21,13,9,23],[5,17,9,1,21,13,11,23],[1,17,21,9,5,13,11,23],[21,9,13,1,17,5,11,23],[21,9,1,17,5,13,11,23],[17,9,13,1,21,5,23],[5,17,9,13,1,21,23],[1,5,17,9,21,13,23],[5,21,1,17,9,13,23],[17,9,21,13,1,5,23],[13,9,21,5,1,17,23],[13,1,21,9,5,17,23],[1,9,5,21,13,17,11,23],[1,5,21,13,9,17,23],[1,5,17,21,13,9,23],[21,9,17,5,13,1,23],[13,5,17,1,21,9,23],[21,13,5,1,17,9,11,23],[21,17,1,9,13,5,23],[13,21,17,1,5,9,11,23],[13,5,21,9,17,1,11,23],[13,21,1,5,17,9,23],[9,5,17,1,13,21,11,23],[17,9,13,5,1,21,11,23],[5,17,9,21,1,13,23],[5,13,17,9,1,21,23],[1,13,21,9,17,5,11,23],[5,1,21,9,17,13,23],[1,13,5,17,9,21,23],[21,17,1,13,5,9,23],[21,9,17,5,1,13,11,23],[13,1,21,17,5,9,23],[17,1,5,21,9,13,23],[21,9,13,17,5,1,23],[13,9,21,1,17,5,23],[13,5,17,21,1,9,23],[5,1,21,9,13,17,23],[5,9,17,21,1,13,23],[13,9,5,17,21,1,11,23],[13,1,21,5,17,9,11,23],[13,17,1,9,5,21,11,23],[21,17,5,9,13,1,23],[17,1,21,13,5,9,11,23],[9,17,13,5,1,21,23],[17,9,13,5,1,21,11,23],[1,17,13,21,5,9,23],[13,5,9,17,1,21,23],[1,5,17,9,21,13,23],[5,21,9,13,1,17,23],[21,17,1,13,5,9,11,23],[9,13,5,17,21,1,23],[21,5,9,13,17,1,23],[5,1,9,17,21,13,11,23],[21,1,5,13,9,17,11,23],[9,1,13,17,21,5,11,23],[5,1,21,13,17,9,11,23],[5,1,17,9,21,13,23],[5,21,13,17,1,9,23],[9,13,17,21,5,1,23],[13,5,9,1,17,21,23],[17,13,5,9,1,21,11,23],[1,5,21,17,9,13,23],[1,17,5,13,9,21,11,23],[13,1,21,17,9,5,11,23],[5,17,9,13,21,1,23],[17,9,5,21,1,13,23],[17,9,1,13,5,21,11,23],[5,9,21,17,13,1,23],[13,17,5,9,21,1,23],[21,1,17,9,13,5,11,23],[1,21,17,9,13,5,23],[13,17,9,1,5,21,23],[9,21,17,13,5,1,11,23],[13,5,21,1,17,9,11,23],[9,21,5,13,1,17,11,23],[9,5,13,1,17,21,23],[1,9,21,17,5,13,23],[1,13,17,21,5,9,23],[1,13,21,17,5,9,11,23],[21,9,1,17,13,5,11,23],[1,9,21,5,17,13,23],[13,1,9,21,5,17,23],[13,21,17,5,9,1,11,23],[9,17,21,13,5,1,11,23],[17,13,5,9,1,21,11,23],[5,9,17,1,21,13,23],[5,21,13,9,1,17,11,23],[21,5,1,13,17,9,23],[13,17,9,5,21,1,23],[17,9,1,21,13,5,11,23],[1,17,9,13,5,21,11,23],[17,9,5,21,13,1,23],[9,5,21,1,13,17,11,23],[17,9,21,5,1,13,11,23],[13,5,1,9,17,21,23],[17,21,1,5,9,13,23],[5,17,1,13,9,21,11,23],[5,17,1,13,9,21,23],[9,21,5,17,1,13,11,23],[17,13,9,5,1,21,11,23],[21,9,1,5,13,17,11,23],[21,17,5,1,9,13,11,23],[13,17,5,21,1,9,11,23],[21,17,9,1,5,13,23],[5,9,13,17,21,1,11,23],[5,13,9,17,21,1,11,23],[9,5,17,21,13,1,23],[17,13,5,9,21,1,11,23],[13,9,1,21,17,5,23],[21,5,1,9,13,17,11,23],[13,5,9,1,21,17,23],[13,5,17,1,9,21,11,23],[13,17,1,21,9,5,23],[21,9,5,13,17,1,11,23],[17,9,1,5,21,13,23],[17,13,21,1,9,5,11,23],[5,13,17,21,9,1,23],[13,9,21,1,5,17,11,23],[21,13,9,5,17,1,11,23],[5,1,21,13,9,17,23],[21,17,9,13,1,5,11,23],[17,9,21,1,5,13,11,23],[1,21,9,5,17,13,11,23],[17,13,9,1,5,21,23],[21,5,1,13,9,17,11,23],[1,17,13,9,21,5,23],[9,13,5,21,1,17,11,23],[17,1,5,13,21,9,11,23],[13,17,9,21,5,1,11,23],[13,1,9,17,21,5,23],[21,9,5,13,17,1,11,23],[1,13,17,21,5,9,23],[13,9,1,5,17,21,23],[17,5,21,13,1,9,23],[21,1,13,5,17,9,23],[17,13,21,5,1,9,23],[21,17,9,1,5,13,23],[13,9,1,21,17,5,23],[13,17,1,21,9,5,23],[9,1,5,21,13,17,11,23],[1,21,5,17,13,9,23],[21,5,1,9,13,17,23],[9,13,5,21,17,1,23],[5,1,13,9,17,21,11,23],[1,17,9,13,5,21,23],[5,1,9,17,13,21,23],[9,21,1,5,13,17,11,23],[21,17,9,1,13,5,23],[1,9,5,17,21,13,23],[17,5,13,1,21,9,23],[17,21,9,1,13,5,11,23],[9,17,5,21,1,13,11,23],[17,1,9,5,13,21,11,23],[17,13,9,5,1,21,23],[5,1,9,13,17,21,11,23],[17,1,9,13,21,5,23],[13,21,9,1,17,5,23],[9,1,13,17,21,5,23],[1,9,13,21,17,5,23],[21,13,9,17,1,5,11,23],[5,1,21,9,13,17,23],[1,5,17,9,13,21,23],[21,13,17,9,5,1,11,23],[5,17,1,9,21,13,11,23],[13,1,17,9,5,21,23],[5,21,17,9,13,1,11,23],[5,9,13,1,17,21,11,23],[13,1,5,17,21,9,23],[1,9,21,13,5,17,11,23],[21,17,9,5,1,13,23],[17,9,13,1,5,21,23],[9,17,21,1,5,13,11,23],[21,1,17,5,13,9,11,23],[1,21,5,9,17,13,11,23],[1,21,9,5,13,17,11,23],[9,13,21,5,17,1,11,23],[13,9,1,21,17,5,23],[5,1,13,9,17,21,23],[17,13,1,9,5,21,11,23],[9,13,17,1,5,21,11,23],[13,5,17,9,21,1,23],[17,9,13,21,1,5,11,23],[17,1,13,5,9,21,11,23],[1,9,5,13,17,21,11,23],[5,9,17,1,21,13,11,23],[1,9,17,21,13,5,11,23],[9,1,13,17,5,21,11,23],[9,5,13,17,21,1,23],[5,21,13,9,17,1,11,23],[5,21,1,13,9,17,23],[5,13,21,17,9,1,11,23],[5,17,13,1,21,9,11,23],[1,17,13,21,5,9,11,23],[5,17,13,1,21,9,11,23],[17,9,21,5,13,1,23],[9,17,21,5,1,13,11,23],[9,21,13,5,1,17,23],[5,1,21,17,13,9,23],[1,13,21,17,5,9,23],[21,13,17,5,9,1,23],[21,17,5,1,13,9,11,23],[13,21,5,1,17,9,11,23],[13,5,9,1,17,21,11,23],[5,1,9,21,17,13,23],[13,9,17,21,5,1,11,23],[21,13,5,9,17,1,23],[17,5,1,13,21,9,11,23],[1,9,17,13,5,21,11,23],[17,21,1,5,13,9,11,23],[13,5,21,9,1,17,23],[21,5,13,17,9,1,11,23],[17,5,13,9,1,21,11,23],[9,13,21,17,1,5,23],[17,13,1,21,5,9,23],[21,9,17,5,1,13,23],[1,17,9,21,5,13,23],[1,13,21,5,17,9,11,23],[9,1,21,5,13,17,23],[17,9,5,13,21,1,23],[17,5,9,1,13,21,11,23],[9,17,5,13,21,1,11,23],[13,17,21,1,5,9,11,23],[5,1,17,13,9,21,11,23],[1,21,5,13,9,17,11,23],[9,5,13,17,1,21,11,23],[13,5,1,17,9,21,23],[5,17,13,21,9,1,23],[13,5,21,9,17,1,23],[13,1,17,9,21,5,11,23],[5,9,1,17,13,21,23],[17,1,9,21,13,5,11,23],[17,1,9,21,5,13,23],[13,9,17,1,5,21,23],[9,17,5,13,1,21,23],[17,1,9,13,21,5,23],[13,17,1,9,5,21,11,23],[21,1,9,17,5,13,11,23],[9,21,13,5,17,1,23],[9,21,5,1,17,13,23],[1,5,9,13,21,17,23],[17,1,5,21,9,13,11,23],[9,17,5,1,13,21,11,23],[5,13,17,1,9,21,11,23],[1,13,9,17,21,5,11,23],[21,5,1,9,17,13,23],[13,21,17,9,5,1,11,23],[9,13,1,17,21,5,11,23],[5,9,13,17,21,1,11,23],[1,13,21,9,5,17,11,23],[9,5,13,21,17,1,23],[21,9,17,1,5,13,23],[1,9,5,21,13,17,23],[13,1,9,5,21,17,23],[5,13,21,17,9,1,11,23],[1,5,13,9,17,21,11,23],[21,1,9,17,5,13,11,23],[5,9,17,21,13,1,11,23],[21,17,5,1,13,9,11,23],[5,1,17,9,13,21,11,23],[13,9,17,1,5,21,23],[21,17,13,5,1,9,11,23],[9,17,13,5,1,21,11,23],[5,1,9,21,13,17,23],[9,21,5,1,13,17,23],[21,9,13,17,5,1,11,23],[1,5,17,21,13,9,11,23],[1,13,17,21,9,5,11,23],[17,1,9,13,21,5,23],[13,5,9,17,1,21,23],[9,1,21,5,13,17,11,23],[5,13,17,21,9,1,23],[1,5,9,13,21,17,11,23],[17,5,13,9,21,1,23],[9,5,13,1,17,21,11,23],[5,17,1,13,21,9,11,23],[1,13,17,5,21,9,11,23],[13,21,5,17,9,1,11,23],[21,9,13,5,17,1,23],[17,21,13,9,1,5,11,23],[21,13,5,1,17,9,23],[13,9,17,1,5,21,23],[13,17,9,1,21,5,11,23],[13,1,5,9,21,17,23],[21,13,5,1,9,17,11,23],[21,1,13,9,5,17,11,23],[1,9,5,17,21,13,11,23],[21,5,1,9,17,13,23],[9,21,1,13,17,5,11,23],[5,1,9,13,17,21,11,23],[9,13,17,5,1,21,23],[13,17,21,5,9,1,11,23],[21,17,9,13,5,1,23],[5,13,1,21,9,17,23],[17,5,21,13,9,1,23],[21,13,9,1,17,5,11,23],[9,17,1,13,21,5,11,23],[17,13,1,21,5,9,11,23],[1,5,13,9,17,21,11,23],[17,9,5,1,21,13,11,23],[5,17,21,1,13,9,23],[13,17,9,1,21,5,11,23],[13,17,5,9,1,21,11,23],[5,9,21,17,13,1,11,23],[21,1,5,13,17,9,11,23],[17,5,13,21,1,9,11,23],[1,9,5,17,13,21,11,23],[21,9,17,1,5,13,11,23],[5,9,1,17,21,13,11,23],[13,17,21,1,5,9,23],[13,21,5,1,17,9,23],[21,9,17,1,13,5,11,23],[21,9,5,13,1,17,11,23],[5,21,13,9,17,1,23],[17,13,5,9,21,1,11,23],[21,5,9,17,1,13,11,23],[5,13,17,9,1,21,23],[9,13,17,5,1,21,23],[9,17,5,1,21,13,23],[21,9,1,5,13,17,11,23],[17,21,5,1,13,9,23],[21,13,17,9,1,5,23],[17,1,5,13,9,21,11,23],[1,13,5,9,17,21,11,23],[13,21,5,17,9,1,11,23],[1,21,13,17,9,5,23],[1,5,9,21,17,13,23],[21,13,5,1,9,17,11,23],[1,9,17,21,5,13,23],[17,5,1,13,21,9,23],[9,17,21,5,13,1,11,23],[13,5,9,1,17,21,11,23],[17,9,5,1,21,13,23],[13,21,17,9,1,5,11,23],[13,17,9,5,21,1,11,23],[13,9,17,21,5,1,23],[21,17,5,9,13,1,11,23],[1,9,5,17,13,21,11,23],[1,21,17,5,9,13,11,23],[9,13,1,21,5,17,11,23],[13,1,17,9,21,5,23],[21,5,9,13,1,17,23],[21,9,17,13,5,1,23],[9,1,13,17,5,21,11,23],[17,1,13,21,9,5,23],[13,5,9,17,1,21,23],[17,1,13,9,5,21,23],[17,21,9,1,13,5,11,23],[1,21,5,13,9,17,23],[17,13,5,9,1,21,11,23],[13,21,17,1,9,5,23],[13,1,17,5,21,9,23],[17,9,21,5,13,1,11,23],[9,13,17,5,21,1,23],[5,13,1,9,21,17,23],[1,9,5,13,17,21,11,23],[17,9,1,21,13,5,11,23],[13,9,5,21,17,1,23],[5,9,21,17,13,1,11,23],[21,17,9,5,13,1,11,23],[17,5,21,1,13,9,11,23],[1,13,5,17,21,9,11,23],[1,21,9,17,13,5,11,23],[9,1,17,21,5,13,23],[5,13,1,17,9,21,23],[5,17,9,21,1,13,11,23],[5,21,13,17,1,9,11,23],[9,17,13,21,1,5,11,23],[13,9,1,5,17,21,11,23],[17,13,9,5,21,1,23],[21,13,17,5,9,1,23],[9,21,1,5,17,13,11,23],[1,21,9,5,13,17,11,23],[13,17,9,21,5,1,23],[1,9,5,21,13,17,23],[1,5,13,17,21,9,23],[9,17,13,5,21,1,23],[1,21,5,17,13,9,23],[9,21,5,1,17,13,11,23],[17,21,5,9,13,1,11,23],[21,9,1,13,17,5,11,23],[13,9,21,5,1,17,11,23],[9,5,13,17,1,21,11,23],[17,21,1,13,5,9,23],[21,13,1,5,17,9,23],[5,13,17,21,1,9,23],[21,13,1,5,9,17,23],[13,5,9,21,17,1,23],[21,13,1,17,9,5,23],[21,1,5,13,9,17,23],[1,17,9,13,21,5,23],[9,17,13,5,1,21,23],[5,21,13,9,1,17,23],[13,21,5,1,9,17,23],[1,21,5,17,9,13,11,23],[21,9,13,5,17,1,23],[5,1,21,9,13,17,11,23],[13,1,21,5,9,17,23],[17,1,21,9,13,5,11,23],[21,5,9,1,17,13,11,23],[5,13,1,17,21,9,11,23],[5,13,21,1,17,9,11,23],[9,1,5,21,13,17,23],[17,9,21,5,13,1,23],[1,13,21,5,9,17,11,23],[21,5,13,9,17,1,11,23],[13,21,5,17,1,9,23],[1,5,9,17,21,13,11,23],[9,17,1,5,13,21,11,23],[9,5,1,21,17,13,11,23],[21,1,17,9,13,5,23],[13,9,17,21,5,1,11,23],[17,13,21,1,5,9,23],[1,13,9,21,5,17,11,23],[1,21,5,17,13,9,11,23],[9,21,5,1,17,13,11,23],[9,21,1,13,5,17,23],[9,17,21,13,5,1,11,23],[21,13,1,5,17,9,11,23],[5,21,9,13,17,1,11,23],[17,13,9,5,1,21,23],[1,9,17,13,5,21,11,23],[5,17,21,13,1,9,11,23],[17,5,9,1,13,21,11,23],[9,1,21,17,13,5,23],[5,13,21,1,17,9,23],[17,9,5,21,13,1,23],[5,1,17,13,21,9,23],[17,21,1,9,5,13,23],[13,9,21,17,1,5,23],[9,17,5,1,13,21,11,23],[13,21,17,5,1,9,23],[13,9,1,17,21,5,23],[17,5,21,1,13,9,11,23],[21,5,17,9,1,13,11,23],[17,1,9,13,5,21,23],[21,9,13,5,17,1,11,23],[1,9,17,21,5,13,11,23],[5,9,13,17,1,21,11,23],[9,5,13,17,21,1,11,23],[1,17,13,21,9,5,23],[21,9,13,1,17,5,11,23],[5,21,17,1,13,9,23],[9,21,5,17,13,1,23],[17,1,5,9,21,13,23],[13,17,5,1,9,21,23],[17,5,1,9,13,21,23],[17,21,1,9,13,5,23],[17,21,5,9,1,13,23],[9,5,17,21,1,13,23],[1,9,5,13,21,17,23],[1,21,13,5,17,9,11,23],[9,17,21,1,13,5,23],[21,9,17,1,5,13,23],[21,13,9,5,1,17,23],[13,17,9,5,21,1,23],[17,5,9,1,13,21,23],[21,5,1,9,13,17,11,23],[9,13,17,21,5,1,11,23],[13,17,21,1,5,9,23],[9,21,13,5,1,17,11,23],[9,13,1,17,21,5,23],[21,17,5,1,13,9,23],[17,1,13,21,9,5,11,23],[5,1,17,13,9,21,23],[21,9,1,17,5,13,23],[1,5,21,9,13,17,11,23],[1,13,9,21,5,17,11,23],[1,21,17,9,5,13,11,23],[9,17,13,21,1,5,23],[1,5,9,13,17,21,11,23],[9,21,13,17,1,5,11,23],[5,21,17,9,1,13,11,23],[5,13,1,17,21,9,11,23],[1,17,5,21,13,9,11,23],[9,1,5,13,21,17,11,23],[13,17,1,5,9,21,11,23],[5,9,17,13,21,1,11,23],[9,13,1,5,21,17,23],[9,5,17,1,13,21,23],[13,1,17,5,21,9,11,23],[1,21,5,13,9,17,11,23],[13,1,17,5,9,21,11,23],[5,13,17,9,1,21,23],[5,1,17,9,13,21,11,23],[13,9,1,5,17,21,11,23],[21,9,1,5,13,17,23],[21,13,1,9,17,5,23],[5,21,13,17,1,9,23],[21,9,1,13,17,5,11,23],[13,17,9,21,1,5,11,23],[17,5,9,13,1,21,23],[13,1,21,5,9,17,11,23],[9,21,5,13,1,17,11,23],[1,17,5,9,13,21,11,23],[13,5,1,17,9,21,11,23],[9,17,21,13,1,5,23],[1,17,9,5,13,21,11,23],[9,5,1,21,17,13,23],[17,21,9,13,1,5,11,23],[9,13,5,1,21,17,11,23],[21,17,1,13,9,5,11,23],[5,9,21,17,13,1,23],[13,9,1,21,17,5,11,23],[13,1,21,9,5,17,23],[13,1,17,5,9,21,11,23],[21,17,9,5,13,1,23],[5,9,13,21,17,1,23],[5,1,9,21,17,13,11,23],[1,13,9,21,5,17,11,23],[17,5,21,13,9,1,11,23],[17,9,1,13,21,5,23],[21,5,13,17,1,9,11,23],[1,21,5,17,13,9,11,23],[17,21,1,5,13,9,11,23],[13,17,5,21,1,9,11,23],[17,5,13,9,21,1,23],[5,13,9,17,21,1,11,23],[5,1,13,9,21,17,11,23],[9,13,5,1,17,21,23],[13,9,17,5,1,21,23],[21,17,1,9,5,13,23],[9,5,17,21,13,1,11,23],[5,9,17,21,13,1,11,23],[13,5,17,21,9,1,23],[13,1,17,9,5,21,23],[5,13,17,21,9,1,11,23],[17,1,21,5,9,13,23],[17,9,1,21,13,5,23],[21,1,13,5,9,17,23],[13,21,5,9,17,1,23],[17,5,13,1,9,21,23],[9,21,17,13,1,5,23],[17,13,1,9,21,5,23],[13,21,5,1,9,17,11,23],[9,21,13,1,5,17,23],[9,17,21,1,13,5,11,23],[1,9,21,13,5,17,11,23],[1,13,9,5,17,21,23],[21,1,9,13,5,17,11,23],[17,13,9,5,21,1,11,23],[5,1,13,9,21,17,11,23],[1,9,17,13,5,21,11,23],[9,1,17,5,21,13,11,23],[5,1,9,21,13,17,23],[21,1,17,5,13,9,23],[17,13,1,9,21,5,11,23],[1,13,21,17,5,9,11,23],[13,21,17,5,1,9,23],[17,1,13,5,9,21,11,23],[9,17,21,13,5,1,11,23],[9,13,17,1,5,21,11,23],[21,1,13,9,5,17,11,23],[1,17,13,5,9,21,23],[13,1,21,5,9,17,11,23],[5,21,13,1,17,9,11,23],[1,13,9,21,5,17,23],[21,5,1,9,13,17,11,23],[9,13,5,1,21,17,23],[5,17,9,13,21,1,23],[5,21,13,9,17,1,23],[9,17,1,5,13,21,11,23],[21,5,13,17,1,9,23],[9,17,13,5,1,21,23],[17,9,1,21,5,13,11,23],[17,9,1,13,21,5,11,23],[1,17,9,13,5,21,23],[1,5,21,13,9,17,11,23],[21,17,13,5,9,1,23],[13,17,5,21,9,1,23],[5,17,1,13,9,21,11,23],[13,5,9,17,21,1,11,23],[17,13,9,1,5,21,11,23],[21,5,17,13,9,1,23],[13,1,9,17,21,5,11,23],[9,13,1,5,21,17,11,23],[5,17,13,21,1,9,11,23],[9,1,5,17,13,21,11,23],[9,21,13,5,17,1,23],[21,13,5,9,1,17,23],[9,1,17,13,5,21,23],[21,17,13,9,5,1,23],[1,9,5,17,21,13,23],[1,9,5,13,17,21,11,23],[17,1,5,21,9,13,23],[9,1,21,5,13,17,23],[17,1,5,21,13,9,23],[13,5,17,1,9,21,11,23],[17,9,21,5,13,1,11,23],[17,21,9,1,5,13,23],[5,17,9,13,1,21,11,23],[13,21,5,1,17,9,11,23],[9,1,13,5,17,21,11,23],[13,1,17,9,21,5,23],[1,17,5,9,13,21,11,23],[13,21,1,9,5,17,23],[1,13,17,21,5,9,11,23],[13,1,9,17,21,5,11,23],[17,9,5,21,1,13,23],[5,9,17,21,1,13,11,23],[13,21,17,1,9,5,11,23],[17,21,9,13,5,1,23],[5,21,9,1,13,17,23],[17,9,1,5,13,21,11,23],[5,17,9,1,13,21,23],[17,5,9,21,13,1,11,23],[21,9,17,13,5,1,11,23],[13,5,9,1,21,17,23],[5,1,9,21,17,13,11,23],[9,21,17,5,13,1,23],[17,13,5,9,21,1,11,23],[17,9,5,1,21,13,23],[17,1,5,13,9,21,11,23],[1,13,5,21,9,17,23],[21,13,17,1,9,5,23],[13,9,5,17,21,1,23],[17,1,5,13,21,9,11,23],[1,13,5,17,9,21,23],[5,1,13,9,21,17,23],[9,5,13,21,1,17,11,23],[21,5,13,9,17,1,11,23],[21,9,17,13,5,1,11,23],[9,1,17,21,13,5,23],[9,5,17,13,21,1,11,23],[13,9,5,1,17,21,23],[1,9,17,5,13,21,11,23],[21,5,9,17,1,13,23],[9,17,13,21,1,5,23],[21,5,1,17,9,13,23],[13,1,21,9,5,17,11,23],[13,9,17,1,21,5,11,23],[13,9,5,17,21,1,11,23],[17,1,13,9,5,21,23],[1,13,9,21,5,17,11,23],[17,21,1,9,5,13,11,23],[13,5,21,17,1,9,23],[21,13,9,17,5,1,23],[9,21,17,1,13,5,11,23],[5,9,1,17,21,13,23],[1,9,21,17,13,5,11,23],[17,13,21,1,5,9,23],[5,13,21,17,9,1,11,23],[17,5,1,13,9,21,23],[21,17,13,5,9,1,23],[13,21,9,5,17,1,23],[21,13,9,17,1,5,11,23],[1,13,9,5,17,21,23],[13,9,21,17,5,1,11,23],[9,5,17,13,21,1,23],[9,1,21,5,13,17,11,23],[13,9,17,21,5,1,11,23],[5,1,9,21,17,13,11,23],[9,1,21,13,17,5,11,23],[21,5,13,1,17,9,23],[5,9,21,1,17,13,11,23],[1,9,17,5,21,13,11,23],[1,9,13,17,21,5,23],[17,5,9,1,13,21,11,23],[13,1,17,9,21,5,11,23],[21,17,13,5,9,1,11,23],[13,1,9,5,21,17,23],[5,17,1,21,13,9,23],[5,1,13,17,21,9,11,23],[5,1,21,13,9,17,11,23],[13,5,21,1,17,9,23],[13,1,9,17,5,21,23],[1,13,17,5,9,21,11,23],[1,21,17,9,13,5,23],[1,9,17,5,21,13,23],[5,9,21,13,1,17,11,23],[5,9,1,17,13,21,23],[13,9,5,21,17,1,23],[21,13,9,17,5,1,23],[5,21,17,13,9,1,11,23],[21,13,1,5,9,17,23],[17,5,1,21,13,9,11,23],[5,9,13,1,21,17,11,23],[13,17,9,5,1,21,11,23],[9,5,17,1,13,21,23],[1,21,13,9,17,5,11,23],[13,17,5,1,9,21,23],[13,17,9,21,1,5,11,23],[17,1,5,21,13,9,23],[17,9,21,13,1,5,23],[13,21,17,9,1,5,23],[9,5,21,17,13,1,11,23],[21,13,17,1,5,9,23],[21,5,17,13,1,9,23],[17,9,1,21,5,13,11,23],[5,13,17,9,1,21,23],[9,1,5,13,21,17,23],[13,1,5,9,17,21,11,23],[5,13,17,1,21,9,11,23],[9,1,17,21,13,5,11,23],[9,1,21,13,5,17,23],[9,1,5,13,17,21,23],[9,21,5,17,13,1,23],[5,17,1,9,21,13,23],[17,1,13,9,5,21,23],[17,9,1,13,5,21,23],[13,5,9,1,21,17,23],[5,1,9,13,17,21,23],[1,5,13,21,9,17,23],[5,1,9,21,17,13,23],[5,13,9,21,17,1,23],[1,5,21,13,17,9,11,23],[13,1,17,5,21,9,11,23],[5,21,1,13,9,17,11,23],[13,1,9,17,5,21,11,23],[5,21,1,9,13,17,23],[1,17,13,5,9,21,23],[9,13,1,5,21,17,11,23],[13,5,21,17,9,1,11,23],[17,13,9,5,21,1,23],[9,5,17,21,13,1,11,23],[1,5,21,13,17,9,11,23],[1,13,17,9,5,21,11,23],[1,9,13,17,5,21,11,23],[9,13,1,5,21,17,23],[13,5,9,1,21,17,23],[9,5,1,17,21,13,11,23],[1,17,9,13,5,21,11,23],[13,21,9,5,17,1,11,23],[17,9,13,21,5,1,23],[17,21,1,9,5,13,11,23],[1,5,9,13,17,21,23],[9,17,1,21,13,5,23],[9,13,17,21,5,1,23],[17,21,9,1,13,5,11,23],[17,5,13,21,9,1,11,23],[1,9,13,21,17,5,11,23],[21,1,5,9,17,13,23],[17,21,13,1,5,9,11,23],[17,9,1,21,13,5,23],[9,1,5,13,17,21,23],[9,21,17,1,5,13,11,23],[13,21,5,17,9,1,11,23],[1,17,13,5,9,21,11,23],[13,17,5,9,21,1,11,23],[1,13,9,5,17,21,23],[1,13,21,17,5,9,23],[9,1,5,13,21,17,11,23],[5,9,17,13,1,21,11,23],[5,9,17,1,13,21,11,23],[17,21,1,13,9,5,11,23],[17,5,21,13,1,9,11,23],[5,13,17,9,21,1,23],[9,13,21,5,1,17,23],[1,21,13,5,17,9,11,23],[9,13,1,21,17,5,23],[13,21,1,9,5,17,23],[17,21,9,5,13,1,23],[5,9,1,17,21,13,11,23],[5,1,13,17,9,21,23],[1,5,21,9,13,17,11,23],[1,17,5,21,13,9,11,23],[5,21,13,1,9,17,23],[9,5,17,21,13,1,11,23],[13,9,1,17,5,21,23],[17,21,5,13,1,9,11,23],[5,17,21,13,9,1,23],[21,17,9,1,13,5,23],[5,17,13,21,9,1,23],[21,13,1,17,9,5,23],[17,13,5,9,21,1,23],[21,13,1,17,5,9,23],[5,9,13,21,1,17,23],[1,21,5,13,17,9,11,23],[5,21,17,1,13,9,23],[9,21,5,1,13,17,11,23],[1,21,5,13,17,9,23],[13,9,1,17,5,21,23],[9,17,1,13,5,21,23],[1,21,17,9,5,13,23],[21,9,1,5,17,13,23],[1,9,13,21,5,17,11,23],[9,13,17,1,5,21,11,23],[13,1,17,5,9,21,11,23],[5,9,1,21,17,13,23],[5,17,9,1,13,21,23],[5,21,17,13,9,1,11,23],[17,13,5,9,21,1,11,23],[1,21,5,17,13,9,11,23],[17,9,5,1,21,13,23],[17,5,13,21,1,9,11,23],[9,17,1,21,13,5,23],[17,13,9,1,5,21,23],[1,17,13,5,9,21,23],[21,17,13,1,9,5,23],[21,1,13,9,5,17,11,23],[13,21,1,9,5,17,11,23],[17,21,13,1,9,5,23],[13,17,5,21,1,9,11,23]],"n_human":9}