{"problem_id":"RYQR1kMx2qRln2l","sigma":150,"alpha":3.162,"cost":1,"probabilities":"[0.15, 0.34, 0.33, 0.18]","payoff_matrix":"[[36, -131, 150, -69, -235, -258], [-76, -119, 48, 134, 98, 199], [126, -141, -17, -98, -197, 55], [199, -49, -228, 215, 150, 240]]","uncovered":[[18,6,14,19,2,10,11,22,23,15,3,7,24],[18,14,15,19,6,2,22,10,23,11,3,7,24],[18,22,19,2,6,14,23,15,10,11,3,7,4,24],[22,18,19,6,14,15,2,10,23,11,3,7,4,24],[10,2,14,11,22,23,15,6,18,19,3,7,24],[18,2,6,14,15,19,10,11,22,23,3,7,4,24],[18,22,23,19,14,15,2,10,6,11,3,7,4,24],[14,6,10,15,11,18,19,22,2,23,3,7,24],[14,2,22,15,18,19,10,11,6,23,3,7,4,24],[14,10,11,2,6,22,15,18,19,23,3,7,4,24],[10,14,15,11,22,18,19,6,2,23,3,7,4,24],[18,22,19,10,23,6,2,14,15,11,3,7,21,4,24],[18,6,14,19,2,22,15,10,11,23,3,7,4,24],[18,6,14,19,22,23,15,2,10,11,3,7,24],[14,18,15,19,2,6,10,11,22,23,3,7,21,4,24],[2,6,10,18,11,19,22,14,23,15,3,7,24],[2,6,18,22,19,14,23,15,10,11,3,8,4,24],[22,18,19,2,14,15,10,11,6,23,3,7,4,24],[18,2,6,22,19,10,11,14,15,23,3,7,24],[18,14,19,6,2,22,15,10,11,23,3,7,4,24],[18,22,23,19,10,6,14,15,2,11,3,7,1,24],[2,22,6,18,19,14,15,10,23,11,3,7,4,24],[22,6,18,23,19,2,10,14,15,11,3,21,4,24],[10,2,6,14,15,11,18,19,22,23,3,7,21,4,24],[10,14,15,11,18,19,2,22,6,23,3,7,24],[10,6,2,14,15,11,22,18,19,23,3,7,24],[2,18,14,19,6,10,15,11,22,23,3,7,4,24],[18,14,19,2,6,22,15,10,11,23,3,7,1,24],[6,2,10,18,19,14,11,22,15,23,3,7,24],[2,18,14,15,19,10,11,6,22,23,3,7,16,24],[22,14,15,2,6,10,23,18,19,11,3,7,4,24],[22,18,19,10,23,14,15,6,2,11,3,7,24],[22,18,19,6,10,11,2,14,15,23,3,8,4,24],[14,2,10,11,18,15,19,6,22,23,3,7,24],[2,14,18,19,10,11,22,23,15,6,3,7,24],[22,10,11,14,23,15,6,2,18,19,3,7,24],[22,2,14,23,15,10,18,19,6,11,3,7,1,24],[6,2,10,18,19,14,11,22,23,15,3,24],[14,10,15,11,18,19,2,22,6,23,3,7,4,24],[18,14,19,6,2,10,11,22,23,15,3,7,24],[10,22,23,6,18,19,14,15,2,11,3,7,4,24],[6,18,14,19,22,23,15,10,2,11,3,7,24],[2,6,22,10,23,14,15,18,19,11,3,7,1,24],[22,10,23,2,6,14,15,18,19,11,3,7,4,24],[2,14,22,23,15,18,19,6,10,11,3,7,21,4,24],[2,22,18,23,19,14,15,10,6,11,3,7,24],[2,10,18,19,22,23,14,15,6,11,3,7,24],[14,6,2,22,15,10,23,18,19,11,3,7,16,24],[14,10,11,18,15,19,6,22,2,23,3,7,24],[22,6,2,14,15,18,23,19,10,11,3,7,4,24],[14,2,22,15,6,10,11,18,23,19,3,7,21,4,24],[22,6,18,23,19,2,14,15,10,11,3,7,4,24],[10,22,23,2,6,14,15,18,19,11,3,7,4,24],[10,22,11,6,14,23,15,2,18,19,3,7,4,24],[18,2,6,14,19,10,15,11,22,23,3,7,24],[6,14,18,19,22,15,2,10,11,23,3,8,4,24],[2,22,18,19,14,23,15,6,10,11,3,7,24],[14,22,15,18,23,19,2,10,6,11,3,7,24],[22,2,14,23,15,10,6,18,19,11,3,7,24],[18,10,19,2,6,14,15,11,22,23,3,7,21,4,24],[10,18,19,22,23,14,15,6,2,11,3,7,1,24],[6,14,18,15,19,22,10,11,2,23,3,7,21,4,24],[18,14,15,19,2,6,22,10,23,11,3,7,4,24],[2,14,6,10,15,11,22,18,23,19,3,7,4,24],[2,22,6,14,23,15,18,19,10,11,3,7,21,4,24],[14,22,23,15,6,2,18,19,10,11,3,7,4,24],[14,18,19,10,15,11,6,22,2,23,3,16,24],[14,6,2,18,15,19,10,11,22,23,3,7,16,24],[22,18,23,19,6,2,14,15,10,11,3,7,16,24],[10,18,19,2,14,15,11,22,6,23,3,7,21,4,24],[18,14,15,19,6,22,10,23,2,11,3,7,4,24],[22,14,15,2,10,11,6,18,23,19,3,7,4,24],[14,10,11,2,6,22,23,15,18,19,3,7,4,24],[14,18,19,6,2,22,15,10,23,11,3,7,16,24],[22,2,14,15,18,23,19,6,10,11,3,8,4,24],[2,10,6,14,15,11,18,19,22,23,3,7,4,24],[14,10,11,22,23,15,18,19,2,6,3,7,21,4,24],[2,18,6,10,11,19,14,22,23,15,3,7,24],[18,10,19,2,22,23,6,14,15,11,3,7,24],[22,18,19,2,14,15,10,11,6,23,3,7,24],[2,10,22,11,18,19,14,23,15,6,3,7,4,24],[14,6,2,22,15,10,11,18,23,19,3,7,4,24],[2,22,10,11,6,14,23,15,18,19,3,7,24],[14,10,11,18,19,22,15,6,2,23,3,8,4,24],[14,18,15,19,6,10,11,22,2,23,3,7,21,4,24],[2,10,14,15,11,18,19,22,6,23,3,7,4,24],[2,18,22,19,10,23,14,15,6,11,3,7,4,24],[14,22,23,15,6,2,10,18,19,11,3,7,24],[22,14,23,15,10,2,18,19,6,11,3,7,4,24],[22,14,15,10,23,18,19,6,2,11,3,7,4,24],[10,18,19,14,11,22,15,2,6,23,3,7,21,4,24],[14,18,15,19,2,10,11,6,22,23,3,7,24],[10,14,11,2,18,15,19,22,6,23,3,7,24],[10,14,15,11,18,19,22,6,2,23,3,7,24],[10,14,11,2,22,23,15,18,19,6,3,7,24],[18,6,14,19,10,11,2,22,15,23,3,7,4,24],[6,22,18,23,19,10,2,14,15,11,3,7,4,24],[2,6,10,22,23,18,19,14,15,11,3,7,24],[14,6,2,22,23,15,10,18,19,11,3,24],[14,22,15,6,2,10,11,18,19,23,3,7,24],[14,18,15,19,22,2,6,10,11,23,3,7,24],[22,6,14,23,15,2,18,19,10,11,3,7,4,24],[6,10,14,11,18,19,2,22,23,15,3,7,4,24],[10,14,11,2,22,15,18,23,19,6,3,7,4,24],[22,14,23,15,6,2,10,18,19,11,3,7,21,4,24],[18,22,23,19,6,2,10,14,15,11,3,7,4,24],[14,6,18,15,19,22,2,10,11,23,3,7,1,24],[18,10,11,19,2,22,6,14,23,15,3,7,24],[10,14,11,2,6,22,15,18,23,19,3,7,13],[18,2,14,15,19,22,10,23,6,11,3,7,4,24],[6,18,10,11,19,14,22,15,2,23,3,7,4,24],[22,14,15,6,18,23,19,10,2,11,3,7,4,24],[10,18,11,19,22,6,2,14,23,15,3,7,24],[10,18,19,6,22,11,2,14,23,15,3,7,4,24],[14,2,22,15,6,18,23,19,10,11,3,5,13,1],[14,18,15,19,6,22,10,23,2,11,3,7,13],[6,18,2,10,19,22,23,14,15,11,3,7,4,24],[18,6,22,23,19,14,15,2,10,11,3,7,24],[18,2,22,23,19,6,14,15,10,11,3,7,4,24],[22,2,10,23,18,19,6,14,15,11,3,7,24],[22,6,2,18,19,10,23,14,15,11,3,7,4,24],[6,22,2,14,23,15,10,18,19,11,3,7,21,4,24],[14,18,19,6,10,11,2,22,15,23,3,7,24],[2,6,18,22,23,19,10,14,15,11,3,8,21,4,24],[2,6,14,18,19,22,15,10,11,23,3,7,21,4,24],[2,6,10,22,11,14,15,18,23,19,3,7,24],[10,18,11,19,14,22,23,15,2,6,3,7,1,24],[2,14,6,22,23,15,18,19,10,11,3,7,4,24],[18,6,22,19,14,23,15,2,10,11,3,7,24],[10,18,11,19,2,22,6,14,23,15,3,7,4,24],[2,22,10,23,14,15,18,19,6,11,3,7,24],[10,2,14,11,6,18,19,22,23,15,3,7,24],[6,18,2,10,19,22,11,14,15,23,3,7,16,24],[22,18,23,19,14,15,2,10,6,11,3,7,24],[10,6,22,23,14,15,18,19,2,11,3,7,24],[10,14,15,11,2,18,19,6,22,23,3,7,1,24],[6,10,14,11,22,23,15,2,18,19,3,7,24],[22,14,23,15,10,18,19,6,2,11,3,7,24],[6,14,18,19,22,23,15,10,2,11,3,7,9,24],[22,10,23,2,14,15,18,19,6,11,3,7,4,24],[14,18,19,22,23,15,10,6,2,11,3,7,12],[10,18,11,19,2,14,6,22,15,23,3,7,4,24],[2,6,18,22,23,19,10,14,15,11,3,7,4,24],[18,6,14,15,19,2,22,10,23,11,3,7,24],[10,2,18,11,19,14,22,23,15,6,3,7,4,24],[6,2,22,14,23,15,18,19,10,11,3,7,16,24],[10,14,11,2,22,23,15,6,18,19,3,4,24],[6,2,14,10,11,18,19,22,15,23,3,7,16,24],[22,14,23,15,6,18,19,10,2,11,3,7,24],[6,2,10,14,15,11,18,19,22,23,3,7,24],[14,2,22,15,10,11,6,18,19,23,3,7,24],[6,2,22,10,11,18,19,14,15,23,3,7,21,4,24],[22,18,19,2,10,23,14,15,6,11,3,7,21,4,24],[18,10,19,2,14,11,6,22,15,23,3,7,4,24],[6,10,14,11,2,18,15,19,22,23,3,7,4,24],[6,18,22,19,14,15,10,11,2,23,3,7,4,24],[18,14,15,19,10,11,22,2,6,23,3,7,24],[2,22,18,19,14,15,10,11,6,23,3,7,1,24],[18,2,14,19,22,15,6,10,23,11,3,7,21,4,24],[10,22,23,2,18,19,14,15,6,11,3,7,24],[10,2,18,19,14,15,11,6,22,23,3,7,24],[2,10,14,11,18,15,19,22,6,23,3,7,4,24],[10,2,22,11,6,18,23,19,14,15,3,7,16,24],[18,2,6,22,19,10,11,14,15,23,3,7,24],[10,18,19,22,11,2,14,15,6,23,3,7,4,24],[18,14,19,6,22,23,15,10,2,11,3,7,4,24],[10,6,18,11,19,2,14,22,15,23,3,7,13],[2,10,22,11,14,15,6,18,23,19,3,7,1,24],[6,2,10,22,23,18,19,14,15,11,3,7,4,24],[2,18,10,19,6,14,11,22,15,23,3,7,13,21,4,24],[14,6,10,11,18,15,19,2,22,23,3,7,4,24],[18,10,19,14,15,11,6,22,2,23,3,7,21,4,24],[2,22,6,10,11,18,19,14,15,23,3,7,16,24],[10,14,11,22,15,6,2,18,23,19,3,7,4,24],[2,18,6,14,15,19,10,11,22,23,3,7,21,4,24],[22,18,23,19,10,6,2,14,15,11,3,7,24],[2,22,14,23,15,6,18,19,10,11,3,5,21,4,24],[14,18,15,19,2,22,6,10,23,11,3,7,4,24],[22,14,15,10,23,18,19,2,6,11,3,7,24],[6,10,14,15,11,2,18,19,22,23,3,7,4,24],[18,2,14,15,19,6,10,11,22,23,3,7,24],[2,22,18,23,19,10,6,14,15,11,3,7,24],[2,14,18,15,19,10,11,6,22,23,3,7,4,24],[18,22,19,2,6,10,23,14,15,11,3,7,4,24],[22,2,14,23,15,18,19,10,6,11,3,7,24],[14,6,2,22,15,18,23,19,10,11,3,7,24],[10,2,22,11,6,14,15,18,23,19,3,5,21,4,24],[10,18,11,19,14,2,22,23,15,6,3,7,16,24],[2,6,22,14,23,15,10,18,19,11,3,7,4,24],[18,6,10,11,19,14,22,23,15,2,3,7,4,24],[10,18,19,14,15,11,22,6,2,23,3,7,24],[14,22,15,18,23,19,2,10,6,11,3,7,24],[2,18,10,19,22,11,6,14,15,23,3,7,4,24],[14,2,22,15,10,23,6,18,19,11,3,7,4,24],[10,22,11,14,15,2,6,18,23,19,3,7,4,24],[18,10,19,14,15,11,6,22,2,23,3,7,4,24],[18,6,2,14,19,10,11,22,15,23,3,7,21,4,24],[14,22,15,10,11,18,23,19,2,6,3,7,24],[18,2,14,15,19,6,10,11,22,23,3,7,24],[18,22,19,2,6,10,23,14,15,11,3,7,4,24],[6,10,22,11,18,19,14,15,2,23,3,7,1,24],[2,10,6,18,19,14,11,22,23,15,3,7,21,4,24],[14,18,15,19,2,22,6,10,11,23,3,7,4,24],[18,14,19,10,15,11,22,2,6,23,3,7,24],[2,10,22,11,18,23,19,6,14,15,3,7,24],[2,10,18,11,19,6,14,22,15,23,3,7,24],[10,22,23,2,6,14,15,18,19,11,3,7,24],[22,18,23,19,2,10,6,14,15,11,3,7,4,24],[10,22,23,6,2,18,19,14,15,11,3,7,24],[18,2,10,19,6,14,15,11,22,23,3,7,24],[6,2,18,22,23,19,14,15,10,11,3,7,4,24],[22,10,11,6,14,23,15,2,18,19,3,7,13],[2,6,18,10,19,22,11,14,15,23,3,7,4,24],[14,6,22,15,2,18,23,19,10,11,3,7,24],[10,6,14,15,11,2,18,19,22,23,3,7,24],[2,22,6,18,19,14,23,15,10,11,3,7,24],[2,18,10,19,22,23,14,15,6,11,3,7,24],[22,6,18,19,10,11,2,14,15,23,3,7,4,24],[2,22,10,23,14,15,18,19,6,11,3,7,4,24],[6,14,10,11,2,18,15,19,22,23,3,7,4,24],[18,14,15,19,6,2,10,11,22,23,3,7,21,4,24],[14,18,19,22,23,15,6,2,10,11,3,4,24],[18,6,22,19,14,23,15,2,10,11,3,7,4,24],[22,6,2,14,23,15,18,19,10,11,3,7,4,24],[10,14,11,2,18,15,19,6,22,23,3,7,24],[18,6,14,19,22,15,10,11,2,23,3,7,21,4,24],[2,6,10,22,11,14,23,15,18,19,3,7,4,24],[10,18,19,22,23,14,15,6,2,11,3,7,21,4,24],[2,22,18,23,19,10,6,14,15,11,3,7,24],[22,6,18,23,19,10,14,15,2,11,3,7,24],[2,22,14,15,18,23,19,6,10,11,3,7,16,24],[10,6,18,19,2,22,11,14,23,15,3,7,4,24],[10,22,23,6,2,18,19,14,15,11,3,7,24],[18,14,19,6,10,15,11,2,22,23,3,7,16,24],[22,6,18,19,14,23,15,10,2,11,3,7,24],[14,22,23,15,2,18,19,10,6,11,3,7,24],[18,14,15,19,6,2,10,11,22,23,3,5,24],[2,6,14,18,19,10,15,11,22,23,3,7,24],[18,10,11,19,14,6,2,22,23,15,3,7,4,24],[22,14,15,2,10,23,18,19,6,11,3,7,24],[22,6,10,11,2,18,23,19,14,15,3,7,16,24],[14,10,11,18,15,19,2,22,6,23,3,7,24],[18,22,19,6,10,23,2,14,15,11,3,7,1,24],[14,22,15,18,23,19,2,10,6,11,3,7,24],[14,10,11,22,15,6,2,18,23,19,3,5,4,24],[6,2,14,18,15,19,22,10,23,11,3,7,4,24],[18,6,10,19,2,22,11,14,15,23,3,7,12],[2,22,6,18,23,19,10,14,15,11,3,7,24],[18,6,10,11,19,14,22,15,2,23,3,7,24],[2,14,6,22,23,15,10,18,19,11,3,7,24],[18,2,6,10,19,22,11,14,15,23,3,7,21,4,24],[6,2,22,18,23,19,10,14,15,11,3,7,24],[14,18,19,10,11,22,23,15,2,6,3,8,16,24],[22,2,18,23,19,10,6,14,15,11,3,8,4,24],[14,18,15,19,22,2,6,10,23,11,3,7,21,4,24],[10,6,22,23,18,19,2,14,15,11,3,7,16,24],[22,18,19,14,23,15,2,10,6,11,3,7,4,24],[6,10,14,11,22,23,15,18,19,2,3,7,24],[18,10,19,14,15,11,22,2,6,23,3,7,4,24],[2,18,22,23,19,14,15,6,10,11,3,7,4,24],[22,14,15,10,11,6,2,18,19,23,3,7,21,4,24],[14,2,6,10,15,11,22,18,23,19,3,24],[2,6,14,18,15,19,22,10,11,23,3,7,24],[18,22,23,19,10,14,15,2,6,11,3,7,4,24],[22,10,11,2,6,18,19,14,15,23,3,24],[18,14,15,19,6,22,10,23,2,11,3,7,16,24],[22,2,10,11,6,18,19,14,23,15,3,7,24],[22,10,11,6,2,18,19,14,15,23,3,7,21,4,24],[14,18,15,19,22,10,23,6,2,11,3,7,24],[14,10,11,6,18,15,19,2,22,23,3,7,24],[22,18,19,6,14,15,2,10,23,11,3,7,4,24],[18,6,22,19,14,15,10,11,2,23,3,7,4,24],[6,18,2,10,19,14,15,11,22,23,3,7,24],[14,22,23,15,6,18,19,2,10,11,3,7,24],[6,2,10,14,11,22,23,15,18,19,3,7,1,24],[6,2,10,14,15,11,18,19,22,23,3,7,24],[14,2,18,15,19,22,10,11,6,23,3,7,4,24],[10,14,15,11,6,22,18,19,2,23,3,7,1,24],[10,22,11,6,18,19,14,15,2,23,3,7,24],[22,10,11,2,6,18,19,14,23,15,3,7,24],[14,18,15,19,2,10,11,6,22,23,3,7,4,24],[22,6,14,15,10,23,2,18,19,11,3,7,24],[18,22,19,14,23,15,2,6,10,11,3,7,24],[22,10,23,18,19,14,15,6,2,11,3,7,24],[2,14,18,19,22,15,10,23,6,11,3,7,4,24],[18,10,11,19,14,2,22,23,15,6,3,7,24],[18,22,19,2,14,15,10,11,6,23,3,7,24],[10,14,11,22,23,15,18,19,6,2,3,5,24],[10,14,15,11,22,18,19,6,2,23,3,7,16,24],[6,18,2,14,15,19,10,11,22,23,3,7,24],[22,18,23,19,2,10,14,15,6,11,3,7,24],[18,14,19,10,11,22,15,6,2,23,3,7,4,24],[18,22,23,19,10,14,15,2,6,11,3,7,1,24],[2,14,18,15,19,22,6,10,11,23,3,7,4,24],[2,18,22,19,6,14,15,10,23,11,3,7,24],[14,10,11,2,6,22,15,18,23,19,3,7,24],[10,18,11,19,22,14,23,15,2,6,3,7,4,24],[22,14,15,18,23,19,10,2,6,11,3,7,1,24],[2,10,14,15,11,22,18,23,19,6,3,7,4,24],[10,18,19,22,11,14,23,15,2,6,3,7,16,24],[10,18,11,19,22,14,15,6,2,23,3,7,1,24],[22,6,18,23,19,2,10,14,15,11,3,7,24],[2,22,14,23,15,6,18,19,10,11,3,7,21,4,24],[14,22,23,15,6,2,18,19,10,11,3,7,21,4,24],[10,6,18,19,2,14,15,11,22,23,3,7,4,24],[18,14,15,19,10,11,22,2,6,23,3,7,4,24],[14,2,18,15,19,22,6,10,23,11,3,7,24],[14,6,10,11,2,18,15,19,22,23,3,7,1,24],[14,6,2,10,11,18,15,19,22,23,3,7,21,4,24],[6,22,18,23,19,2,14,15,10,11,3,7,24],[14,2,6,22,15,10,11,18,23,19,3,7,24],[2,14,22,23,15,10,6,18,19,11,3,7,24],[2,6,18,10,11,19,14,22,23,15,3,7,24],[18,22,23,19,14,15,6,10,2,11,3,7,13,24],[6,14,18,15,19,2,10,11,22,23,3,7,4,24],[10,6,22,11,18,23,19,2,14,15,3,8,24],[6,22,14,15,2,18,23,19,10,11,3,7,21,4,24],[2,14,10,15,11,22,18,23,19,6,3,8,1,24],[18,10,19,22,23,14,15,6,2,11,3,7,21,4,24],[14,22,23,15,6,18,19,10,2,11,3,7,24],[18,6,2,10,11,19,14,22,15,23,3,7,4,24],[22,18,23,19,14,15,2,10,6,11,3,8,7,4,24],[14,22,23,15,6,10,2,18,19,11,3,7,24],[14,22,15,2,10,23,18,19,6,11,3,7,24],[18,14,15,19,2,22,10,23,6,11,3,7,24],[18,6,10,11,19,14,22,15,2,23,3,7,4,24],[10,6,2,14,15,11,22,18,19,23,3,7,24],[10,14,15,11,2,22,18,23,19,6,3,7,4,24],[22,14,23,15,6,18,19,10,2,11,3,7,24],[10,2,14,15,11,6,18,19,22,23,3,8,1,24],[6,14,10,15,11,18,19,22,2,23,3,7,24],[2,14,18,19,22,23,15,6,10,11,3,7,24],[10,2,14,11,22,23,15,6,18,19,3,7,24],[10,22,23,2,14,15,18,19,6,11,3,7,21,4,24],[18,10,11,19,22,6,14,15,2,23,3,7,16,24],[2,10,22,11,14,15,6,18,23,19,3,7,24],[18,6,2,14,15,19,10,11,22,23,3,7,4,24],[22,2,6,14,23,15,10,18,19,11,3,7,4,24],[6,18,10,19,22,11,2,14,23,15,3,7,24],[22,10,11,6,18,23,19,2,14,15,3,7,1,21,24],[6,10,2,18,19,22,23,14,15,11,3,7,4,24],[2,22,18,19,6,14,23,15,10,11,3,7,1,24],[10,6,14,15,11,18,19,22,2,23,3,7,24],[10,6,14,11,2,22,23,15,18,19,3,7,24],[10,22,11,2,14,15,6,18,23,19,3,5,1,24],[2,22,6,18,23,19,10,14,15,11,3,7,24],[22,14,23,15,6,18,19,2,10,11,3,7,1,24],[14,18,15,19,22,2,10,11,6,23,3,7,4,24],[18,22,19,2,14,15,6,10,23,11,3,7,4,24],[14,6,10,11,22,15,2,18,23,19,3,7,4,24],[18,22,19,6,10,23,2,14,15,11,3,7,24],[6,18,14,15,19,2,22,10,11,23,3,7,4,24],[10,18,11,19,22,6,14,23,15,2,3,7,4,24],[14,6,10,15,11,18,19,2,22,23,3,7,24],[10,2,22,11,14,23,15,6,18,19,3,7,24],[14,18,15,19,2,22,10,11,6,23,3,5,24],[2,10,6,18,11,19,14,22,15,23,3,7,4,24],[2,22,6,14,23,15,10,18,19,11,3,7,4,24],[2,6,14,10,15,11,18,19,22,23,3,7,21,4,24],[10,2,14,15,11,18,19,22,6,23,3,7,4,24],[14,18,15,19,6,2,22,10,11,23,3,7,24],[22,2,10,23,18,19,14,15,6,11,3,7,16,24],[14,22,15,10,11,18,23,19,6,2,3,7,24],[14,2,22,23,15,10,18,19,6,11,3,7,4,24],[14,2,18,15,19,22,10,11,6,23,3,7,21,4,24],[6,10,22,23,18,19,14,15,2,11,3,7,4,24],[14,2,6,22,23,15,18,19,10,11,3,7,21,4,24],[22,14,23,15,18,19,6,10,2,11,3,7,24],[6,22,2,14,15,10,11,18,23,19,3,7,24],[6,10,18,19,22,11,14,23,15,2,3,7,24],[22,10,11,6,2,18,19,14,23,15,3,7,24],[22,10,11,6,2,14,23,15,18,19,3,7,16,24],[18,22,19,14,23,15,10,2,6,11,3,7,4,24],[18,2,14,19,22,23,15,10,6,11,3,7,4,24],[10,22,23,14,15,18,19,6,2,11,3,7,24],[10,18,19,22,23,14,15,6,2,11,3,7,4,24],[6,22,18,19,10,11,14,15,2,23,3,7,4,24],[14,10,11,22,15,18,23,19,6,2,3,7,24],[18,22,23,19,6,2,14,15,10,11,3,7,24],[14,10,11,2,22,23,15,6,18,19,3,7,1,24],[10,6,22,11,14,15,18,23,19,2,3,5,4,24],[14,18,19,22,23,15,10,6,2,11,3,7,4,24],[2,18,6,10,19,22,23,14,15,11,3,7,24],[18,6,22,23,19,2,10,14,15,11,3,5,24],[14,22,23,15,10,6,2,18,19,11,3,7,4,24],[22,2,10,23,18,19,14,15,6,11,3,7,24],[22,6,18,19,14,15,2,10,11,23,3,7,4,24],[6,10,2,18,19,14,11,22,15,23,3,7,4,24],[10,6,22,11,18,23,19,14,15,2,3,7,21,4,24],[14,2,6,22,23,15,10,18,19,11,3,7,24],[22,2,18,19,10,23,14,15,6,11,3,7,4,24],[18,22,19,2,14,15,10,11,6,23,3,7,24],[14,6,2,22,15,10,11,18,19,23,3,7,16,24],[2,18,22,23,19,10,6,14,15,11,3,7,1,24],[10,18,11,19,14,6,22,15,2,23,3,7,24],[14,18,19,6,10,11,22,23,15,2,3,7,24],[18,2,22,23,19,6,14,15,10,11,3,5,24],[22,2,14,15,18,23,19,10,6,11,3,7,24],[18,6,14,15,19,22,2,10,23,11,3,7,4,24],[2,10,18,19,22,11,14,15,6,23,3,7,16,24],[18,22,23,19,14,15,6,10,2,11,3,7,4,24],[14,22,23,15,2,18,19,6,10,11,3,7,4,24],[14,22,15,10,11,6,2,18,23,19,3,7,4,24],[10,14,15,11,18,19,2,6,22,23,3,7,4,24],[2,22,18,19,6,10,23,14,15,11,3,7,4,24],[18,10,11,19,6,22,2,14,15,23,3,7,24],[2,6,10,14,15,11,22,18,19,23,3,7,4,24],[22,2,6,14,23,15,10,18,19,11,3,7,24],[6,10,18,19,14,15,11,2,22,23,3,7,24],[2,6,18,22,19,14,15,10,23,11,3,7,24],[22,18,23,19,6,10,2,14,15,11,3,7,24],[14,2,22,23,15,6,10,18,19,11,3,4,24],[10,14,15,11,2,18,19,6,22,23,3,7,1,24],[2,18,6,22,23,19,10,14,15,11,3,7,24],[6,10,2,18,19,22,23,14,15,11,3,7,4,24],[18,14,15,19,6,10,11,2,22,23,3,7,4,24],[2,14,6,22,23,15,18,19,10,11,3,7,16,24],[2,22,10,11,18,23,19,6,14,15,3,7,24],[18,10,11,19,22,6,14,23,15,2,3,7,9,24],[14,22,15,6,10,23,2,18,19,11,3,7,1,24],[6,18,2,22,19,10,11,14,15,23,3,7,4,24],[14,6,22,15,10,11,2,18,23,19,3,7,4,24],[2,22,10,23,14,15,6,18,19,11,3,7,4,24],[2,10,14,15,11,22,18,19,6,23,3,7,24],[22,2,10,23,18,19,14,15,6,11,3,7,21,4,24],[18,14,19,10,15,11,2,22,6,23,3,7,13],[10,22,23,14,15,18,19,6,2,11,3,7,4,24],[22,6,10,23,14,15,18,19,2,11,3,7,1,24],[6,10,14,15,11,22,2,18,23,19,3,7,16,24],[6,14,18,19,22,15,10,11,2,23,3,7,24],[6,14,10,11,22,15,18,23,19,2,3,7,4,24],[14,6,10,15,11,2,22,18,23,19,3,7,21,4,24],[22,6,14,23,15,2,10,18,19,11,3,7,4,24],[14,6,2,18,15,19,22,10,11,23,3,7,16,24],[18,10,19,2,6,14,11,22,15,23,3,7,24],[2,14,6,10,15,11,22,18,19,23,3,7,4,24],[14,22,15,10,11,6,18,19,2,23,3,7,21,4,24],[10,18,19,2,14,15,11,22,6,23,3,7,4,24],[6,22,2,18,19,10,23,14,15,11,3,7,24],[2,14,10,15,11,22,18,19,6,23,3,7,24],[2,14,6,18,19,22,15,10,23,11,3,7,4,24],[14,10,11,18,19,2,6,22,15,23,3,7,16,24],[18,2,14,15,19,10,11,22,6,23,3,7,21,4,24],[22,18,19,6,2,14,15,10,23,11,3,7,4,24],[22,10,23,14,15,18,19,6,2,11,3,7,4,24],[22,10,23,6,18,19,2,14,15,11,3,7,4,24],[10,14,11,22,15,2,18,19,6,23,3,7,4,24],[10,2,18,11,19,22,6,14,23,15,3,8,4,24],[22,14,15,18,23,19,10,2,6,11,3,5,24],[2,18,6,10,11,19,22,14,15,23,3,7,4,24],[22,10,23,2,18,19,14,15,6,11,3,7,4,24],[18,22,19,10,23,2,14,15,6,11,3,7,24],[10,14,15,11,18,19,22,2,6,23,3,7,24],[2,14,22,23,15,6,18,19,10,11,3,7,4,24],[6,14,18,19,10,15,11,2,22,23,3,7,24],[14,2,6,10,15,11,22,18,23,19,3,8,12,4,24],[6,18,14,19,22,15,10,11,2,23,3,7,24],[22,6,2,10,23,18,19,14,15,11,3,7,4,24],[2,6,18,10,11,19,14,22,23,15,3,7,4,24],[6,2,14,10,11,22,23,15,18,19,3,7,24],[22,2,6,18,23,19,10,14,15,11,3,7,21,4,24],[10,2,6,22,23,14,15,18,19,11,3,7,16,24],[14,18,19,10,11,2,6,22,15,23,3,7,24],[18,22,23,19,6,10,14,15,2,11,3,7,24],[22,6,2,14,23,15,18,19,10,11,3,7,24],[22,2,6,14,15,10,11,18,19,23,3,7,4,24],[10,2,22,11,18,23,19,14,15,6,3,7,16,24],[22,2,18,19,6,14,23,15,10,11,3,7,1,24],[6,2,22,18,23,19,14,15,10,11,3,7,21,4,24],[10,2,6,18,19,22,11,14,23,15,3,7,1,24],[6,22,2,14,15,18,19,10,11,23,3,7,24],[6,22,10,11,2,18,19,14,23,15,3,7,16,24],[14,6,22,15,2,10,11,18,19,23,3,7,24],[18,2,22,23,19,6,10,14,15,11,3,7,24],[10,6,22,23,14,15,18,19,2,11,3,7,24],[6,2,18,22,19,10,23,14,15,11,3,7,24],[10,22,11,2,18,19,14,23,15,6,3,7,4,24],[14,6,18,15,19,22,2,10,11,23,3,7,24],[18,14,15,19,6,10,11,2,22,23,3,7,24],[6,22,10,11,18,23,19,14,15,2,3,8,4,24],[14,6,2,10,11,18,15,19,22,23,3,7,24],[10,22,11,18,23,19,14,15,6,2,3,7,24],[6,18,22,23,19,2,10,14,15,11,3,7,24],[10,2,6,18,11,19,22,14,23,15,3,7,4,24],[10,2,6,22,23,14,15,18,19,11,3,7,24],[2,14,18,15,19,22,6,10,23,11,3,7,4,24],[6,10,2,22,11,18,19,14,15,23,3,7,4,24],[6,22,10,23,18,19,2,14,15,11,3,7,24],[6,2,18,22,19,14,23,15,10,11,3,7,24],[10,14,15,11,6,22,18,23,19,2,3,7,4,24],[2,18,10,11,19,22,6,14,23,15,3,7,21,4,24],[10,6,22,23,14,15,2,18,19,11,3,7,4,24],[22,14,23,15,2,18,19,10,6,11,3,7,4,24],[18,22,19,10,11,6,14,23,15,2,3,7,4,24],[10,14,11,6,22,23,15,18,19,2,3,7,4,24],[6,22,2,10,23,14,15,18,19,11,3,7,4,24],[10,14,11,6,2,18,19,22,23,15,3,7,24],[2,14,18,19,10,15,11,22,6,23,3,7,1,24],[18,10,19,2,22,11,6,14,15,23,3,7,21,4,24],[10,22,23,14,15,18,19,6,2,11,3,7,4,24],[18,6,10,11,19,22,14,23,15,2,3,7,4,24],[6,14,2,18,15,19,10,11,22,23,3,7,1,21,24],[14,10,15,11,6,18,19,2,22,23,3,7,24],[18,10,19,22,11,2,6,14,23,15,3,7,4,24],[6,14,18,19,22,23,15,2,10,11,3,7,24],[22,10,11,18,19,6,14,15,2,23,3,7,24],[18,22,19,10,23,14,15,6,2,11,3,7,13],[6,10,2,14,11,22,15,18,19,23,3,7,4,24],[22,6,14,23,15,2,18,19,10,11,3,7,4,24],[18,6,2,22,19,14,23,15,10,11,3,7,24],[10,6,2,18,11,19,14,22,15,23,3,7,24],[18,6,14,19,2,22,23,15,10,11,3,7,24],[22,10,23,6,14,15,18,19,2,11,3,7,4,24],[22,18,19,2,14,15,10,23,6,11,3,7,21,4,24],[6,2,22,10,11,18,23,19,14,15,3,7,1,24],[22,10,23,2,18,19,7,14,15,11,3,6,4,24],[10,22,23,6,14,15,2,18,19,11,3,7,4,24],[18,14,15,19,10,11,2,22,6,23,3,7,24],[6,10,22,11,2,18,23,19,14,15,3,7,1,24],[10,22,23,18,19,6,2,14,15,11,3,7,24],[22,10,11,6,14,23,15,18,19,2,3,7,24],[10,6,2,14,11,18,19,22,23,15,3,7,4,24],[18,2,6,22,19,10,11,14,15,23,3,7,21,4,24],[2,18,22,19,14,15,10,11,6,23,3,7,4,24],[22,10,23,6,2,18,19,14,15,11,3,7,24],[18,6,22,19,14,15,10,23,3,2,11,7,4,24],[10,14,11,2,18,15,19,6,22,23,3,7,16,24],[22,18,19,2,14,23,15,10,6,11,3,7,1,24],[10,22,11,14,23,15,18,19,6,2,3,7,16,24],[18,6,14,19,2,22,15,10,11,23,3,7,24],[2,14,6,18,15,19,10,11,22,23,3,7,24],[6,2,18,22,19,14,15,10,11,23,3,7,24],[6,10,18,11,19,14,22,15,2,23,3,7,21,4,24],[22,10,23,6,14,15,18,19,2,11,3,7,24],[6,22,2,14,15,18,23,19,10,11,3,24],[14,2,6,22,15,10,11,18,23,19,3,7,12],[10,6,2,22,11,14,15,18,19,23,3,7,21,4,24],[22,10,23,14,15,2,18,19,6,11,3,7,1,24],[18,2,6,10,19,22,11,14,23,15,3,7,12],[6,10,18,11,19,14,2,22,23,15,3,7,24],[6,14,18,19,2,10,15,11,22,23,3,7,24],[14,22,15,6,18,19,10,11,2,23,3,7,24],[18,14,19,2,22,23,15,6,10,11,3,7,4,24],[6,22,14,23,15,10,2,18,19,11,3,7,21,4,24],[2,22,10,23,14,15,6,18,19,11,3,7,1,24],[10,22,23,2,18,19,6,14,15,11,3,21,4,24],[10,2,18,19,6,14,15,11,22,23,3,7,1,24],[2,6,10,18,19,22,11,14,15,23,3,5,21,4,24],[14,22,15,10,11,2,6,18,19,23,3,7,4,24],[14,22,23,15,10,2,6,18,19,11,3,7,24],[10,14,15,11,6,22,18,23,19,2,3,7,24],[18,6,14,19,2,10,11,22,23,15,3,7,21,4,24],[22,10,11,18,23,19,6,14,15,2,3,7,4,24],[22,14,23,15,6,18,19,10,2,11,3,7,4,24],[2,10,22,11,6,18,23,19,14,15,3,7,16,24],[14,10,15,11,22,6,18,19,2,23,3,8,4,24],[10,18,19,2,14,11,22,23,15,6,3,7,24],[6,22,14,23,15,2,10,18,19,11,3,7,24],[6,22,18,19,14,23,15,2,10,11,3,7,4,24],[6,2,14,22,23,15,10,18,19,11,3,7,24],[6,10,2,18,19,14,15,11,22,23,3,7,1,24],[22,6,14,15,2,10,11,18,23,19,3,7,4,24],[2,14,6,10,11,18,19,22,15,23,3,7,21,4,24],[6,18,14,15,19,22,10,23,2,11,3,7,1,24],[2,14,22,23,15,6,18,19,10,11,3,7,24],[14,22,23,15,18,19,10,2,6,11,3,7,1,24],[10,18,11,19,6,2,22,14,23,15,3,7,24],[22,10,11,14,23,15,18,19,6,2,3,7,24],[6,18,10,11,19,14,2,22,15,23,3,7,24],[14,10,15,11,18,19,2,6,22,23,3,7,4,24],[6,18,10,11,19,2,14,22,15,23,3,7,4,24],[10,6,22,23,2,18,19,14,15,11,3,7,24],[2,14,10,11,6,22,15,18,19,23,3,7,4,24],[10,2,22,23,18,19,14,15,6,11,3,7,24],[2,6,18,10,11,19,22,14,23,15,3,7,24],[18,6,22,23,19,10,14,15,2,11,3,7,24],[14,2,10,11,18,15,19,22,6,23,3,7,24],[6,10,22,11,18,19,2,14,23,15,3,7,4,24],[10,18,19,14,15,11,22,6,2,23,3,7,24],[22,10,11,18,19,2,6,14,23,15,3,7,4,24],[18,10,11,19,6,14,22,23,15,2,3,7,24],[22,2,10,23,6,18,19,14,15,11,3,7,4,24],[10,22,11,2,6,18,23,19,14,15,3,7,13,4,24],[22,14,15,10,23,18,19,2,6,11,3,7,4,24],[6,10,18,11,19,14,2,22,23,15,3,7,4,24],[14,18,15,19,22,2,6,10,23,11,3,7,4,24],[22,6,2,14,15,18,23,19,10,11,3,7,21,4,24],[18,10,19,6,22,23,2,14,15,11,3,7,21,4,24],[2,14,22,15,10,23,6,18,19,11,3,7,4,24],[6,22,2,10,11,14,23,15,18,19,3,7,21,4,24],[6,2,18,14,19,10,11,22,23,15,3,7,16,24],[22,6,18,23,19,2,10,14,15,11,3,7,4,24],[14,22,15,10,23,2,18,19,6,11,3,7,4,24],[10,18,11,19,6,14,22,15,2,23,3,7,24],[14,6,10,15,11,18,19,2,22,23,3,7,4,24],[10,2,22,11,6,14,15,18,23,19,3,7,4,24],[10,14,11,2,18,15,19,22,6,23,3,7,4,24],[18,22,23,19,6,14,15,2,10,11,3,7,21,4,24],[10,22,11,14,15,2,6,18,23,19,3,7,21,4,24],[10,6,2,18,19,14,11,22,23,15,3,24],[14,2,18,19,10,15,11,22,6,23,3,7,24],[2,6,22,14,15,18,23,19,10,11,3,7,24],[18,2,14,19,10,15,11,6,22,23,3,7,1,24],[6,10,2,18,11,19,22,14,15,23,3,7,24],[22,14,23,15,18,19,10,2,6,11,3,7,12],[2,18,14,19,6,22,23,15,10,11,3,7,21,4,24],[14,2,10,15,11,18,19,6,22,23,3,7,4,24],[6,10,18,19,22,11,2,14,23,15,3,7,24],[6,10,22,23,2,18,19,14,15,11,3,7,4,24],[2,10,14,11,6,18,15,19,22,23,3,7,16,24],[18,10,19,14,11,6,2,22,23,15,3,7,24],[18,6,2,10,11,19,14,22,15,23,3,7,24],[2,22,14,15,6,18,19,10,11,23,3,7,24],[6,22,18,19,14,15,2,10,11,23,3,7,1,24],[6,22,10,23,18,19,14,15,2,11,3,7,4,24],[14,2,6,22,23,15,18,19,10,11,3,7,24],[10,18,11,19,6,2,14,22,15,23,3,7,21,4,24],[2,6,18,10,19,14,15,11,22,23,3,7,24],[14,6,10,15,11,22,18,19,2,23,3,7,21,4,24],[6,18,14,15,19,10,11,2,22,23,3,7,4,24],[10,2,6,22,11,18,23,19,14,15,3,7,4,24],[6,22,18,19,2,10,11,14,23,15,3,7,12],[10,6,22,23,18,19,14,15,2,11,3,7,24],[22,10,23,2,6,14,15,18,19,11,3,8,21,4,24],[14,22,15,18,19,2,6,10,11,23,3,7,4,24],[2,6,10,14,15,11,18,19,22,23,3,7,1,24],[22,10,23,6,2,18,19,14,15,11,3,7,24],[2,10,6,14,11,22,23,15,18,19,3,7,4,24],[10,6,2,22,11,14,15,18,19,23,3,7,4,24],[22,14,15,10,23,6,2,18,19,11,3,7,1,24],[18,22,19,6,2,14,23,15,10,11,3,7,4,24],[14,2,18,15,19,6,22,10,11,23,3,7,1,24],[6,14,18,15,19,10,11,2,22,23,3,7,4,24],[6,10,18,19,14,11,2,22,15,23,3,7,24],[18,6,10,11,19,22,14,15,2,23,3,5,4,24],[14,6,10,15,11,2,18,19,22,23,3,7,4,24],[10,2,14,15,11,18,19,6,22,23,3,7,4,24],[22,6,2,10,11,18,19,14,23,15,3,7,24],[18,2,14,15,19,6,22,10,11,23,3,7,4,24],[2,10,6,22,11,14,15,18,19,23,3,7,4,24],[6,2,22,14,15,10,23,18,19,11,3,7,4,24],[14,18,19,10,11,22,15,2,6,23,3,7,16,24],[2,22,6,18,23,19,14,15,10,11,3,7,24],[22,2,10,11,6,18,19,14,15,23,3,7,4,24],[6,22,2,14,15,10,11,18,23,19,3,7,4,24],[22,18,19,2,10,23,14,15,6,11,3,7,4,24],[10,6,18,19,22,23,2,14,15,11,3,7,1,24],[14,10,11,2,22,23,15,18,19,6,3,7,16,24],[22,6,18,19,10,23,2,14,15,11,3,7,21,4,24],[22,18,19,6,2,14,23,15,10,11,3,7,24],[6,22,2,14,23,15,10,18,19,11,3,7,21,4,24],[10,22,11,2,14,15,18,19,6,23,3,7,24],[18,14,15,19,22,10,11,6,2,23,3,7,16,24],[14,22,15,10,23,6,18,19,2,11,3,7,4,24],[14,2,10,15,11,22,18,19,6,23,3,7,24],[6,22,18,19,10,23,2,14,15,11,3,24],[10,22,11,18,23,19,2,14,15,6,3,7,24],[2,22,10,11,14,15,18,23,19,6,3,7,24],[2,10,6,18,19,14,15,11,22,23,3,7,4,24],[22,2,14,23,15,10,18,19,6,11,3,7,24],[2,14,6,18,19,22,15,10,11,23,3,7,1,24],[6,22,2,18,19,10,23,14,15,11,3,7,4,24],[14,22,15,18,19,2,6,10,23,11,3,7,4,24],[18,22,23,19,2,10,6,14,15,11,3,7,1,24],[22,18,19,2,6,14,23,15,10,11,3,7,24],[2,14,22,15,10,23,18,19,6,11,3,7,24],[6,10,2,14,15,11,18,19,22,23,3,7,24],[18,10,11,19,14,2,6,22,23,15,3,7,16,24],[6,10,14,15,11,22,18,23,19,2,3,7,1,24],[10,6,14,15,11,18,19,22,2,23,3,7,4,24],[6,14,10,15,11,2,18,19,22,23,3,7,4,24],[22,14,15,10,11,6,18,19,2,23,3,7,24],[10,14,15,11,18,19,6,2,22,23,3,7,4,24],[6,14,18,15,19,22,2,10,23,11,3,7,21,4,24],[14,10,11,6,18,19,22,23,15,2,3,7,24],[10,2,22,11,6,18,23,19,14,15,3,7,4,24],[2,18,14,15,19,6,22,10,23,11,3,7,24],[2,18,10,11,19,14,6,22,15,23,3,7,4,24],[2,14,18,19,6,22,15,10,23,11,3,7,4,24],[2,14,6,22,15,10,11,18,19,23,3,7,21,4,24],[22,6,2,10,23,14,15,18,19,11,3,7,4,24],[22,2,6,14,23,15,18,19,10,11,3,7,4,24],[22,10,23,2,6,18,19,14,15,11,3,7,4,24],[2,6,10,14,15,11,22,18,19,23,3,8,1,24],[6,22,10,11,2,18,23,19,14,15,3,7,24],[18,22,19,2,14,23,15,6,10,11,3,7,4,24],[18,10,11,19,6,2,14,22,23,15,3,7,1,24],[2,18,10,19,22,11,14,23,15,6,3,7,21,4,24],[18,22,23,19,10,6,14,15,2,11,3,5,4,24],[2,14,6,10,15,11,18,19,22,23,3,7,24],[6,2,14,10,11,22,23,15,18,19,3,7,24],[6,10,14,15,11,2,22,18,23,19,3,7,24],[22,14,23,15,2,18,19,10,6,11,3,7,24],[22,10,23,18,19,6,2,14,15,11,3,7,24],[10,18,11,19,6,22,2,14,23,15,3,7,13],[22,18,19,2,10,11,6,14,15,23,3,7,24],[22,2,6,18,19,14,15,10,11,23,3,7,24],[10,14,11,6,22,15,18,23,19,2,3,7,21,4,24],[18,14,19,10,11,6,2,22,23,15,3,8,13,21,4,24],[18,6,22,19,14,15,10,23,2,11,3,7,21,4,24],[6,14,22,15,2,18,23,19,10,11,3,7,4,24],[10,22,11,14,15,18,19,2,6,23,3,7,24],[6,10,18,11,19,22,14,15,2,23,3,7,4,24],[6,10,14,15,11,2,18,19,22,23,3,7,24],[6,22,10,11,14,15,18,23,19,2,3,24],[2,6,22,14,23,15,10,18,19,11,3,7,24],[2,10,14,11,6,22,15,18,23,19,3,7,24],[14,22,15,10,23,6,18,19,2,11,3,7,1,24],[18,10,19,14,15,11,22,2,6,23,3,8,24],[22,14,15,2,18,19,6,10,11,23,3,7,21,4,24],[10,22,23,6,2,18,19,14,15,11,3,7,24],[22,2,6,10,11,18,19,14,15,23,3,7,4,24],[14,18,19,6,10,15,11,22,2,23,3,7,1,24],[6,14,2,22,23,15,10,18,19,11,3,8,24],[14,6,18,15,19,2,22,10,23,11,3,7,24],[6,18,2,10,19,22,23,14,15,11,3,8,4,24],[10,2,14,11,6,22,23,15,18,19,3,7,1,24],[18,10,19,22,23,14,15,2,6,11,3,7,24],[10,14,15,11,22,2,6,18,19,23,3,7,24],[18,10,11,19,14,6,22,23,15,2,3,7,24],[18,6,2,10,11,19,14,22,15,23,3,7,16,24],[10,6,14,11,18,15,19,2,22,23,3,7,4,24],[6,14,22,15,2,18,23,19,10,11,3,8,4,24],[14,22,15,18,23,19,2,6,10,11,3,7,24],[10,14,15,11,2,22,18,19,6,23,3,7,24],[6,10,2,14,11,22,23,15,18,19,3,7,24],[14,10,11,6,22,15,18,19,2,23,3,5,24],[6,18,22,19,10,11,2,14,23,15,3,7,24],[2,18,22,23,19,14,15,10,6,11,3,7,21,4,24],[2,10,18,19,22,23,14,15,6,11,3,7,4,24],[2,14,22,15,6,18,23,19,10,11,3,7,24],[22,14,23,15,10,7,2,18,19,11,3,4,24],[2,10,14,11,6,18,15,19,22,23,3,7,4,24],[18,14,19,22,15,10,23,2,6,11,3,7,4,24],[10,2,14,15,11,18,19,22,6,23,3,7,4,24],[2,10,18,19,14,15,11,6,22,23,3,7,21,4,24],[6,2,18,14,15,19,22,10,11,23,3,7,1,24],[14,22,15,18,23,19,6,2,10,11,3,7,12],[6,22,2,10,23,14,15,18,19,11,3,7,1,24],[14,2,22,15,18,23,19,6,10,11,3,7,4,24],[22,10,23,6,14,15,2,18,19,11,3,7,12],[22,10,23,6,2,14,15,18,19,11,3,7,21,4,24],[18,2,10,11,19,14,6,22,15,23,3,7,4,24],[18,6,14,15,19,10,11,22,2,23,3,7,21,4,24],[18,6,2,22,19,10,11,14,23,15,3,7,24],[18,14,15,19,6,2,10,11,22,23,3,7,4,24],[2,22,18,23,19,10,6,14,15,11,3,7,4,24],[2,6,10,18,11,19,22,14,15,23,3,7,4,24],[14,22,23,15,10,2,6,18,19,11,3,7,24],[2,10,22,23,18,19,6,14,15,11,3,7,4,24],[18,22,19,14,23,15,2,10,6,11,3,7,16,24],[2,22,14,23,15,18,19,6,10,11,3,7,4,24],[10,14,11,2,22,23,15,6,18,19,3,7,4,24],[18,2,14,19,10,11,22,23,15,6,3,7,24],[6,2,18,22,23,19,14,15,10,11,3,7,4,24],[2,6,22,18,19,10,23,14,15,11,3,7,4,24],[2,6,10,14,11,22,15,18,19,23,3,7,4,24],[10,14,15,11,2,6,22,18,19,23,3,7,1,24],[14,18,19,6,10,11,22,15,2,23,3,7,4,24],[10,18,19,22,23,2,14,15,6,11,3,7,1,21,24],[10,2,6,22,11,14,15,18,23,19,3,7,4,24],[14,6,18,19,10,11,2,22,23,15,3,7,21,4,24],[18,14,15,19,6,22,2,10,23,11,3,8,24],[2,22,14,23,15,18,19,6,10,11,3,7,4,24],[6,18,10,11,19,2,22,14,15,23,3,7,21,4,24],[2,6,22,10,11,18,23,19,14,15,3,7,24],[18,14,15,19,10,11,6,2,22,23,3,7,24],[14,18,15,19,22,6,10,23,2,11,3,4,24],[6,2,10,22,23,14,15,18,19,11,3,7,24],[2,22,10,23,14,15,18,19,6,11,3,7,4,24],[22,14,23,15,18,19,2,6,10,11,3,7,24],[22,6,18,23,19,10,14,15,2,11,3,7,4,24],[6,18,22,19,10,11,2,14,23,15,3,7,4,24],[6,2,22,18,23,19,14,15,10,11,3,7,4,24],[6,18,2,22,23,19,14,15,10,11,3,7,21,4,24],[10,14,15,11,22,18,23,19,2,6,3,7,24],[6,18,14,15,19,22,2,10,23,11,3,7,4,24],[22,14,23,15,10,6,18,19,2,11,3,7,4,24],[2,14,10,11,22,15,6,18,23,19,3,7,24],[10,2,14,15,11,18,19,6,22,23,3,7,24],[6,10,14,15,11,22,18,23,19,2,3,7,24],[18,6,14,19,10,11,2,22,23,15,3,7,24],[6,18,2,14,19,22,23,15,10,11,3,7,24],[2,22,14,15,6,18,19,10,11,23,3,7,24],[6,22,10,11,14,15,2,18,19,23,3,7,24],[18,2,6,22,19,10,23,14,15,11,3,7,4,24],[22,10,23,18,19,2,6,14,15,11,3,7,24],[18,6,22,23,19,10,2,14,15,11,3,7,24],[10,18,11,19,22,2,6,14,15,23,3,7,4,24],[14,6,2,22,15,10,11,18,19,23,3,7,4,24],[2,14,18,15,19,10,11,22,6,23,3,7,24],[2,6,18,10,19,22,23,14,15,11,3,7,4,24],[2,18,14,19,6,10,11,22,23,15,3,7,24],[22,18,19,2,14,15,6,10,23,11,3,7,24],[18,6,22,23,19,14,15,2,10,11,3,7,4,24],[14,2,18,15,19,10,11,6,22,23,3,7,9,24],[22,14,23,15,6,2,10,18,19,11,3,7,24],[22,2,18,23,19,6,10,14,15,11,3,7,24],[14,2,6,10,15,11,18,19,22,23,3,7,4,24],[18,22,19,6,10,11,14,15,2,23,3,7,24],[6,18,10,19,14,15,11,22,2,23,3,7,12],[2,10,22,23,6,18,19,14,15,11,3,8,4,24],[2,10,22,11,18,23,19,14,15,6,3,7,24],[18,6,2,14,15,19,22,10,23,11,3,7,21,4,24],[10,6,18,19,2,14,11,22,23,15,3,7,4,24],[6,18,10,11,19,22,14,15,2,23,3,7,16,24],[18,22,23,19,6,10,2,14,15,11,3,7,4,24],[14,10,15,11,18,19,6,2,22,23,3,7,24],[22,18,23,19,6,2,10,14,15,11,3,7,24],[2,18,14,19,22,15,10,11,6,23,3,7,21,4,24],[2,14,18,19,22,23,15,6,10,11,3,7,4,24],[18,10,19,2,22,11,14,15,6,23,3,7,24],[10,14,15,11,6,22,18,19,2,23,3,7,24],[10,6,22,11,14,15,2,18,19,23,3,7,4,24],[14,6,22,23,15,10,18,19,2,11,3,7,24],[2,18,6,22,19,10,11,14,23,15,3,7,24],[18,22,19,6,2,10,11,14,15,23,3,7,24],[18,22,19,6,14,23,15,2,10,11,3,7,4,24],[22,14,23,15,2,10,18,19,6,11,3,7,4,24],[18,14,15,19,10,11,22,2,6,23,3,7,4,24],[14,2,10,15,11,22,18,19,6,23,3,7,24],[14,10,15,11,18,19,6,22,2,23,3,7,1,24],[18,2,6,22,23,19,10,14,15,11,3,7,4,24],[2,6,22,14,23,15,18,19,10,11,3,7,24],[2,18,10,19,6,14,15,11,22,23,3,7,24],[6,18,22,23,19,2,10,14,15,11,3,7,4,24],[6,2,10,18,11,19,14,22,23,15,3,7,21,4,24],[18,2,14,19,10,11,22,23,15,6,3,7,1,24],[10,6,18,11,19,2,22,14,23,15,3,7,4,24],[10,2,18,19,14,11,22,15,6,23,3,8,21,4,24],[6,10,14,15,11,18,19,22,2,23,3,7,24],[2,6,22,10,23,18,19,14,15,11,3,7,13,4,24],[10,18,11,19,14,6,22,15,2,23,3,21,4,24],[18,10,19,14,11,22,15,6,2,23,3,7,24],[6,18,22,23,19,2,14,15,10,11,3,7,4,24],[6,22,14,23,15,10,2,18,19,11,3,7,24],[22,6,18,19,10,23,2,14,15,11,3,7,21,4,24],[18,10,19,2,14,15,11,22,6,23,3,7,21,4,24],[22,2,6,18,23,19,10,14,15,11,3,7,1,24],[18,2,10,11,19,6,14,22,15,23,3,7,1,24],[22,2,18,23,19,14,15,6,10,11,3,7,24],[10,2,6,14,15,11,22,18,23,19,3,7,24],[10,6,14,15,11,2,18,19,22,23,3,7,4,24],[10,14,11,6,22,23,15,18,19,2,3,7,24],[22,18,23,19,2,10,14,15,6,11,3,7,21,4,24],[14,22,15,10,23,6,2,18,19,11,3,7,24],[14,2,10,11,22,23,15,18,19,6,3,7,4,24],[22,10,11,6,18,19,2,14,15,23,3,8,1,24],[18,2,6,14,19,10,11,22,15,23,3,7,24],[22,10,11,2,18,19,6,14,23,15,3,7,21,4,24],[10,22,23,6,18,19,14,15,2,11,3,7,16,24],[2,10,6,18,19,22,23,14,15,11,3,7,1,24],[2,22,14,23,15,6,10,18,19,11,3,7,24],[6,14,10,11,18,19,22,23,15,2,3,7,24],[14,10,11,22,15,6,18,23,19,2,3,7,4,24],[22,2,14,23,15,10,6,18,19,11,3,7,1,24],[18,14,19,10,15,11,22,6,2,23,3,7,24],[14,10,15,11,18,19,22,6,2,23,3,7,21,4,24],[14,2,6,10,15,11,18,19,22,23,3,7,21,4,24],[18,10,19,14,15,11,22,2,6,23,3,7,4,24],[22,14,15,6,10,11,18,23,19,2,3,7,4,24],[22,10,11,18,19,2,6,14,15,23,3,8,24],[2,6,18,14,19,22,23,15,10,11,3,7,4,24],[14,2,6,18,15,19,22,10,23,11,3,7,4,24],[14,2,22,23,15,10,18,19,6,11,3,7,24],[22,18,19,6,2,10,11,14,23,15,3,7,24],[2,6,10,14,15,11,22,18,23,19,3,7,24],[10,18,11,19,14,2,22,23,15,6,3,7,16,24],[22,18,19,14,23,15,6,2,10,11,3,7,1,24],[18,10,11,19,2,14,6,22,15,23,3,7,4,24],[18,22,23,19,6,2,14,15,10,11,3,7,21,4,24],[14,6,22,15,18,19,10,23,2,11,3,7,24],[18,22,23,19,10,6,2,14,15,11,3,8,1,24],[22,14,15,6,2,10,23,18,19,11,3,7,24],[22,10,23,6,14,15,2,18,19,11,3,7,4,24],[10,6,14,15,11,22,18,19,2,23,3,7,4,24],[6,10,2,18,11,19,14,22,23,15,3,7,24],[14,2,18,19,6,10,15,11,22,23,3,7,24],[18,2,22,19,10,23,6,14,15,11,3,8,4,24],[14,18,15,19,10,11,22,6,2,23,3,7,24],[14,6,18,19,10,11,22,23,15,2,3,7,4,24],[22,6,18,23,19,10,2,14,15,11,3,7,24],[10,22,11,18,23,19,14,15,2,6,3,7,1,24],[2,10,6,18,11,19,14,22,15,23,3,7,24],[6,2,14,18,19,22,23,15,10,11,3,7,24],[22,6,18,19,14,15,10,23,2,11,3,7,16,24],[22,14,15,10,23,6,18,19,2,11,3,7,4,24],[6,2,14,10,11,18,15,19,22,23,3,7,4,24],[10,2,6,22,11,14,15,18,19,23,3,7,24],[10,22,23,18,19,2,6,14,15,11,3,7,24],[22,10,23,14,15,18,19,6,2,11,3,7,1,24],[18,22,23,19,2,14,15,10,6,11,3,5,4,24],[6,18,2,10,11,19,22,14,15,23,3,7,4,24],[10,6,18,11,19,14,2,22,23,15,3,7,4,24],[6,22,18,19,14,15,10,23,2,11,3,7,1,24],[18,22,19,14,23,15,2,10,6,11,3,7,24],[2,10,6,18,11,19,22,14,23,15,3,7,24],[6,10,2,14,11,22,15,18,19,23,3,7,4,24],[2,14,22,23,15,6,10,18,19,11,3,7,1,24],[10,6,2,14,15,11,18,19,22,23,3,7,1,24],[6,2,14,18,15,19,10,11,22,23,3,7,24],[14,10,11,22,23,15,6,18,19,2,3,7,24],[10,2,18,19,22,11,6,14,23,15,3,7,24],[2,14,10,11,18,19,22,23,15,6,3,7,21,4,24],[6,22,18,23,19,10,2,14,15,11,3,7,4,24],[10,6,22,23,2,18,19,14,15,11,3,7,21,4,24],[2,10,18,19,22,11,6,14,23,15,3,7,24],[18,14,15,19,22,10,23,6,2,11,3,7,4,24],[18,2,10,19,14,11,22,15,6,23,3,7,4,24],[2,6,14,10,15,11,22,18,19,23,3,7,21,4,24],[14,10,15,11,6,2,22,18,19,23,3,7,24],[6,18,22,19,2,10,23,14,15,11,3,7,16,24],[10,14,11,18,15,19,2,6,22,23,3,7,24],[18,14,15,19,10,11,6,2,22,23,3,7,24],[14,6,22,23,15,2,18,19,10,11,3,8,4,24],[10,18,19,2,6,14,11,22,23,15,3,7,24],[18,14,19,6,2,22,15,10,11,23,3,7,24],[10,2,6,22,23,18,19,14,15,11,3,7,4,24],[6,18,10,19,22,23,2,14,15,11,3,7,4,24],[6,22,10,23,14,15,2,18,19,11,3,7,4,24],[14,22,23,15,18,19,10,2,6,11,3,7,13,24],[2,6,10,14,11,18,15,19,22,23,3,7,4,24],[22,6,10,23,2,14,15,18,19,11,3,7,1,24],[6,10,2,22,11,14,15,18,19,23,3,7,12],[10,2,6,14,15,11,18,19,22,23,3,7,1,24],[14,18,15,19,6,2,10,11,22,23,3,7,24],[10,6,22,23,14,15,2,18,19,11,3,7,16,24],[6,2,10,14,15,11,22,18,19,23,3,7,24],[22,14,23,15,6,18,19,2,10,11,3,7,24],[6,18,22,19,2,14,15,10,11,23,3,8,24],[6,10,14,15,11,2,18,19,22,23,3,7,24],[10,22,11,18,19,6,2,14,23,15,3,7,24],[14,10,11,2,18,19,6,22,23,15,3,7,1,24],[10,18,19,2,14,11,6,22,23,15,3,7,4,24],[2,22,18,23,19,10,14,15,6,11,3,7,4,24],[10,6,22,23,14,15,2,18,19,11,3,7,4,24],[6,14,18,19,10,15,11,22,2,23,3,7,24],[18,10,11,19,6,2,22,14,15,23,3,7,16,24],[2,10,18,11,19,6,14,22,23,15,3,7,24],[6,10,2,14,11,22,15,18,23,19,3,7,1,24],[6,2,22,14,23,15,18,19,10,11,3,7,4,24],[22,14,15,2,6,10,11,18,19,23,3,7,4,24],[6,22,14,23,15,18,19,10,2,11,3,7,4,24],[2,18,14,19,6,10,15,11,22,23,3,7,4,24],[22,2,14,23,15,10,6,18,19,11,3,7,4,24],[2,22,10,11,14,23,15,6,18,19,3,7,4,24],[18,22,19,14,23,15,6,10,2,11,3,7,4,24],[22,2,6,14,23,15,10,18,19,11,3,7,21,4,24],[18,14,15,19,2,6,10,11,22,23,3,7,4,24],[18,10,19,14,11,22,23,15,6,2,3,7,24],[14,6,2,18,19,22,23,15,10,11,3,7,4,24],[10,22,11,2,14,15,6,18,19,23,3,7,4,24],[6,10,22,11,2,14,15,18,19,23,3,7,21,4,24],[18,14,15,19,10,11,6,2,22,23,3,7,4,24],[6,10,2,14,15,11,18,19,22,23,3,7,4,24],[14,22,23,15,18,19,10,2,6,11,3,7,4,24],[6,2,18,10,11,19,14,22,23,15,3,7,24],[2,6,22,14,23,15,10,18,19,11,3,7,21,4,24],[2,22,18,23,19,14,15,6,10,11,3,7,4,24],[2,6,22,18,19,14,23,15,10,11,3,7,24],[18,2,6,22,19,10,23,14,15,11,3,7,24],[14,6,18,19,10,15,11,2,22,23,3,7,24],[14,22,15,6,10,11,18,19,2,23,3,7,24],[2,14,10,11,22,15,6,18,23,19,3,7,4,24],[22,14,15,2,6,10,23,18,19,11,3,7,4,24],[6,14,10,11,2,18,15,19,22,23,3,7,4,24],[10,6,22,23,14,15,18,19,2,11,3,7,1,24],[10,14,15,11,22,2,18,19,6,23,3,7,1,24],[10,22,23,18,19,14,15,2,6,11,3,7,24],[2,14,6,22,23,15,18,19,10,11,3,7,24],[18,10,11,19,2,22,14,15,6,23,3,7,24],[2,6,10,14,15,11,18,19,22,23,3,4,24],[6,22,2,10,23,14,15,18,19,11,3,7,24],[6,2,18,10,19,22,11,14,23,15,3,7,4,24],[6,2,10,14,11,18,19,22,23,15,3,7,24],[18,10,11,19,22,14,23,15,6,2,3,7,24],[10,18,19,14,11,22,23,15,2,6,3,7,4,24],[14,22,23,15,2,18,19,6,10,11,3,7,24],[18,14,15,19,6,22,10,23,2,11,3,16,24],[2,10,18,11,19,6,22,14,23,15,3,7,21,4,24],[22,10,23,18,19,14,15,6,2,11,3,7,24],[22,18,19,14,23,15,10,6,2,11,3,7,24],[2,18,6,14,15,19,10,11,22,23,3,7,4,24],[6,14,22,15,2,18,23,19,10,11,3,7,4,24],[22,6,10,11,14,15,18,19,2,23,3,7,24],[22,10,23,6,14,15,18,19,2,11,3,7,4,24],[2,10,18,11,19,22,6,14,23,15,3,7,21,4,24],[10,18,11,19,6,22,14,23,15,2,3,7,21,4,24],[14,2,6,10,11,18,15,19,22,23,3,7,4,24],[2,6,22,10,23,18,19,14,15,11,3,7,1,24],[14,22,15,2,10,23,18,19,6,11,3,7,21,4,24],[2,18,14,15,19,6,22,10,23,11,3,7,1,24],[18,14,19,22,23,15,10,6,2,11,3,7,4,24],[2,6,14,18,19,10,15,11,22,23,3,7,4,24],[22,14,23,15,10,18,19,6,2,11,3,7,4,24],[6,14,2,10,15,11,18,19,22,23,3,7,24],[2,10,22,23,14,15,6,18,19,11,3,7,24],[2,10,18,11,19,22,6,14,23,15,3,7,9,24],[2,10,22,23,18,19,6,14,15,11,3,7,4,24],[14,10,11,18,19,22,15,6,2,23,3,7,24]],"n_human":6}