{"problem_id":"s66qEszo0ol8hHt","sigma":75,"alpha":10.000,"cost":2,"probabilities":"[0.25, 0.26, 0.25, 0.24]","payoff_matrix":"[[74, 35, -30, -56, 26, 13], [-110, 16, -46, -49, 103, -5], [-74, 46, 100, -49, -90, 80], [30, 13, 154, -27, -197, 37]]","uncovered":[[22,10,2,6,14,18,5,19,17,7,20,21,23,24,8],[6,14,22,18,19,7,5,17,20,2,10,21,23,24,8],[22,6,14,10,2,18,5,19,7,17,8,20],[18,14,6,19,7,5,17,8,20,2,10],[18,2,14,22,10,6,7,17,19,5,20,21,23,24,8],[18,2,22,14,10,6,19,5,17,7,20],[18,14,10,2,22,6,19,7,5,17,20,21,23,8,24],[2,10,18,6,5,17,7,19,20,14,22,23,21,24,8],[14,10,6,18,19,7,17,5,8,20,2],[10,22,2,6,14,18,19,7,17,5,8,20],[10,22,18,6,17,5,19,7,8,20,2],[18,2,10,14,22,6,17,7,19,5,8,20],[22,18,2,10,14,6,7,19,5,17,8,20],[10,14,6,22,2,18,5,17,7,19,20,23,21,24,8],[14,6,2,18,7,17,5,19,20,22,10,23,21,8,24],[6,22,18,5,19,7,17,8,20,14,10,2],[18,6,17,5,19,7,20,10,22,14,2,21],[6,10,18,7,19,17,5,8,20,14,22,2],[22,14,6,2,18,17,5,7,19,20,10,21,23,24,8],[22,6,2,14,18,17,5,7,19,8,20],[6,18,19,5,7,17,8,20,2,22,10],[2,14,10,6,18,7,17,5,19,20,22,23,21,24,8],[10,14,2,22,6,18,7,17,19,5,8,20],[22,10,18,2,6,5,19,7,17,8,20],[22,14,6,18,7,17,5,19,8,20,2],[14,18,10,2,6,17,5,19,7,8,20],[10,2,18,6,19,5,7,17,8,20,22],[14,22,10,6,18,7,19,17,5,8,20,2],[2,22,18,14,10,6,17,7,5,19,8,20],[22,18,2,10,6,17,5,7,19,8,20],[6,22,10,2,18,7,17,5,19,20,14,21,23,24,8],[10,6,2,18,19,7,17,5,8,20,22],[22,10,2,14,6,18,17,7,19,5,8,20],[2,14,22,18,10,6,7,17,19,5,8,20],[10,2,14,6,22,18,17,7,19,5,8,20],[22,14,6,10,2,18,7,19,5,17,8,20],[22,2,18,14,10,6,19,7,17,5,8,20],[2,6,22,18,17,5,7,19,8,20,14],[10,22,6,18,5,19,7,17,20,2,14,21],[10,2,22,18,6,19,7,17,5,20,14,21,23,8,24],[18,6,19,7,17,5,8,20,14,22,2],[2,18,14,6,19,5,7,17,8,20,22],[22,18,6,7,17,5,19,8,20,10,14,2],[14,6,18,5,17,7,19,8,20,22,2],[6,10,2,14,18,7,17,5,19,20,22,21,23,24,8],[14,10,6,22,2,18,5,19,7,17,20,23,21,24,8],[18,22,2,6,5,17,7,19,8,20,10],[10,6,2,18,7,17,19,5,20,22,14,23,21,24,8],[10,14,6,22,18,7,17,5,19,20,2,23,21,24,8],[18,22,10,2,14,6,17,5,19,7,8,20],[10,6,22,14,18,5,19,17,7,20,2,21,23,24,8],[14,6,18,17,5,19,7,8,20,2,10],[14,2,18,22,6,7,19,5,17,20,10],[22,14,6,2,18,5,17,7,19,8,20],[14,2,18,10,22,6,7,17,19,5,20,23,21,8,24],[18,10,2,6,7,19,17,5,8,20,14],[22,2,10,6,18,7,17,5,19,20,14,21,23,8,24],[6,2,22,14,18,7,17,5,19,20,10,23,21,8,24],[10,2,6,14,22,18,7,19,17,5,8,20],[18,22,14,2,10,6,19,7,5,17,20,23,21,24,8],[18,14,22,2,10,6,7,19,17,5,20,23,21,8,24],[14,10,2,6,22,18,17,7,19,5,8,20],[22,14,2,10,6,18,5,19,7,17,20,23,21,8,24],[6,22,14,10,2,18,5,19,7,17,8,20],[14,10,22,18,6,5,19,7,17,20,2,21,23,24,8],[2,14,10,18,6,7,19,5,17,20,22,23,21,24,8],[10,2,6,18,17,7,5,19,8,20,22],[2,14,10,18,6,19,7,5,17,20,22,21,23,8,24],[2,6,22,14,10,18,5,17,19,7,20,21,23,8,24],[22,10,18,2,14,6,5,17,7,19,8,20],[18,2,22,6,5,17,7,19,20,14,10,21,23,24,8],[14,10,6,2,18,7,19,5,17,20,22,21,23,24,8],[2,18,22,6,17,7,5,19,20,14,10,23,21,24,8],[22,18,10,14,6,19,7,17,5,20,2,23,21,24,8],[14,10,22,6,18,5,17,19,7,20,2],[22,10,14,2,6,18,17,7,19,5,8,20],[2,14,6,22,10,18,19,7,17,5,20,21,23,24,8],[14,18,10,2,6,5,19,17,7,8,20],[6,10,18,19,5,17,7,8,20,2,22],[14,6,22,10,18,17,5,19,7,8,20,2],[22,6,2,10,14,18,7,17,19,5,8,20],[10,22,2,18,14,6,19,7,17,5,20,23,21,24,8],[10,22,18,2,6,7,19,17,5,20,14],[14,22,10,18,6,5,19,7,17,20,2,23,21,8,24],[14,18,2,6,17,5,19,7,20,10,22],[2,6,18,5,17,7,19,8,20,10,14],[10,2,22,18,14,6,7,19,5,17,20,21,23,24,8],[14,22,10,18,2,6,7,19,17,5,20,23,21,8,24],[22,2,10,6,18,17,5,19,7,8,20],[6,14,18,19,7,5,17,20,2,22,10],[6,18,19,5,17,7,8,20,14,10,22,2],[10,6,14,18,19,7,5,17,8,20,2],[6,2,10,18,19,7,5,17,20,14,22],[18,22,14,6,17,7,5,19,8,20,2],[10,2,22,6,14,18,17,7,5,19,20,21],[2,10,6,14,22,18,17,5,19,7,8,20],[22,10,6,2,18,7,17,19,5,20,14],[14,22,18,6,7,19,17,5,8,20,10,2],[14,10,6,22,18,7,17,5,19,8,20,2],[18,10,22,2,6,17,5,7,19,20,14,23,21,8,24],[6,10,22,18,5,17,7,19,8,20,14,2],[14,6,2,18,19,5,17,7,8,20,10],[6,14,18,7,19,17,5,20,22,2,10,23,21,8,24],[14,18,10,22,2,6,5,19,7,17,20,21,23,8,24],[10,2,14,18,22,6,17,5,19,7,20,21,23,24,8],[10,14,6,22,2,18,7,19,5,17,8,20],[18,2,14,6,7,17,19,5,20,22,10,21],[14,6,2,18,17,7,5,19,8,20,22],[14,2,10,18,22,6,19,5,7,17,8,20],[18,22,14,6,19,7,5,17,8,20,10,2],[22,10,18,2,6,17,7,5,19,8,20],[10,18,2,22,14,6,19,7,5,17,20,23,21,24,8],[6,22,2,14,10,18,19,5,17,7,20,23,21,8,24],[14,22,6,2,10,18,5,17,19,7,20,23,21,8,24],[6,18,5,19,17,7,20,10,22,2,14,21,23,24,8],[22,14,6,2,18,17,5,7,19,20,10,23,21,24,8],[18,14,10,6,5,19,7,17,8,20,2],[14,18,6,7,17,5,19,20,2,10,22,23,21,24,8],[2,10,18,6,7,17,19,5,20,22,14,23,21,24,8],[14,10,22,6,2,18,19,7,17,5,8,20],[18,22,6,7,17,5,19,20,14,10,2,23,21,24,8],[18,2,22,14,10,6,17,7,5,19,8,20],[2,14,10,22,6,18,17,7,5,19,8,20],[6,22,18,17,5,7,19,20,2,14,10],[18,10,14,22,6,7,19,17,5,8,20,2],[2,14,6,18,17,5,7,19,20,22,10,21],[18,14,22,10,6,17,7,5,19,8,20,2],[10,18,6,5,19,7,17,20,2,14,22,21],[14,10,6,18,17,7,19,5,20,2,22,23,21,24,8],[2,10,22,18,6,7,19,17,5,8,20],[2,22,14,6,10,18,5,19,17,7,8,20],[22,18,6,5,19,17,7,20,14,2,10,21,23,8,24],[6,2,14,10,18,7,17,5,19,8,20],[10,18,22,14,6,5,19,17,7,20,2],[22,18,6,7,17,5,19,8,20,10,14,2],[10,22,2,18,14,6,17,7,19,5,20,21,23,8,24],[6,14,2,10,22,18,17,7,5,19,20,21,23,8,24],[10,14,22,2,6,18,5,19,7,17,8,20],[10,18,22,14,6,17,7,5,19,8,20,2],[2,6,18,19,5,17,7,8,20,14,22],[10,14,18,2,6,7,17,19,5,8,20],[22,10,2,6,14,18,19,5,17,7,20,23,21,24,8],[10,6,2,22,14,18,7,19,17,5,20],[2,6,10,22,14,18,17,7,19,5,8,20],[18,10,2,22,6,7,19,5,17,8,20],[22,18,14,6,19,7,5,17,8,20,10,2],[14,6,10,22,18,5,19,7,17,20,2,23,21,24,8],[6,2,14,18,17,7,19,5,20,22,10,21,23,8,24],[18,6,19,7,17,5,20,22,14,10,2,21,23,24,8],[10,18,22,14,6,17,7,19,5,8,20,2],[18,2,6,5,19,7,17,20,10,22,14,21,23,8,24],[18,14,10,6,17,5,7,19,8,20,2],[2,10,6,22,14,18,5,17,7,19,8,20],[10,2,6,22,18,5,19,7,17,20,14,21,23,24,8],[22,10,6,2,14,18,19,5,7,17,8,20],[6,22,14,2,18,19,7,17,5,20,10,21],[10,14,18,6,5,17,19,7,20,2,22,21,23,8,24],[6,2,14,10,22,18,17,7,19,5,20,21,23,24,8],[14,22,6,10,18,19,5,7,17,8,20,2],[2,10,22,14,6,18,5,19,7,17,8,20],[22,14,10,6,2,18,7,19,17,5,8,20],[14,10,2,22,18,6,17,5,7,19,20],[6,2,10,22,14,18,7,17,5,19,8,20],[14,22,18,10,6,5,19,17,7,8,20,2],[10,18,14,6,7,17,19,5,20,2,22,23,21,8,24],[2,14,22,6,18,5,19,17,7,20,10,21,23,8,24],[14,2,18,10,6,19,5,7,17,8,20],[6,22,10,18,17,7,19,5,8,20,2],[2,14,6,22,10,18,17,5,7,19,8,20],[10,2,22,6,18,5,17,7,19,8,20],[18,14,6,5,19,7,17,20,22,2,10,23,21,24,8],[22,14,10,6,2,18,19,7,17,5,20,23,21,8,24],[18,10,14,2,6,17,5,19,7,20,22,21],[10,18,2,22,6,7,19,17,5,20,14,23,21,8,24],[6,14,18,7,17,19,5,20,10,22,2,23,21,8,24],[22,18,10,6,19,7,5,17,8,20,2],[2,22,6,18,5,17,7,19,20,14,10,21,23,24,8],[6,18,7,19,17,5,20,10,2,14,22,21,23,24,8],[2,18,6,17,5,7,19,8,20,14,10],[22,18,10,6,7,17,5,19,8,20,14,2],[10,2,14,22,6,18,19,7,5,17,20,21,23,24,8],[10,14,18,2,6,19,5,7,17,20,22,23,21,24,8],[18,22,2,10,14,6,5,17,7,19,8,20],[22,6,18,17,5,7,19,8,20,2,10],[22,2,10,18,14,6,19,5,17,7,20,23,21,8,24],[14,10,22,2,6,18,17,5,7,19,8,20],[22,18,10,2,6,5,19,17,7,20,14,23,21,8,24],[2,10,6,22,14,18,17,7,5,19,8,20],[14,10,18,2,6,7,19,17,5,20,22,21],[22,2,6,10,18,7,17,19,5,8,20],[2,22,10,18,14,6,7,19,5,17,20,21,23,24,8],[18,10,22,6,5,17,19,7,8,20,14,2],[14,10,6,2,22,18,5,17,7,19,8,20],[14,6,2,22,18,7,17,5,19,8,20],[2,22,10,14,18,6,7,19,17,5,20,23,21,8,24],[14,10,2,6,22,18,17,7,19,5,20,23,21,24,8],[2,18,22,6,17,5,7,19,8,20,14],[2,10,18,22,14,6,5,19,17,7,20,23,21,8,24],[6,14,10,18,17,7,19,5,8,20,22,2],[6,10,22,18,17,7,5,19,20,14,2,23,21,24,8],[22,2,18,10,6,7,17,5,19,8,20],[6,10,22,18,5,17,7,19,8,20,14,2],[10,18,22,14,6,19,5,7,17,8,20,2],[6,2,10,18,5,19,17,7,8,20,14],[2,10,18,14,6,7,19,5,17,20,22,21,23,24,8],[14,2,6,22,18,5,19,7,17,8,20],[2,18,10,22,6,19,5,7,17,20,14,23,21,24,8],[6,18,19,5,7,17,20,22,14,10,2,23,21,24,8],[10,14,2,18,22,6,19,7,5,17,8,20],[14,22,2,18,6,17,7,19,5,8,20],[22,18,10,6,7,17,5,19,8,20,2],[2,14,18,6,5,19,17,7,20,22,10,23,21,8,24],[6,2,10,22,18,7,17,5,19,8,20],[10,6,2,18,7,17,5,19,20,14,22,23,21,8,24],[2,14,10,6,18,19,7,17,5,20,22,21,23,8,24],[6,14,10,18,5,19,7,17,8,20,2],[10,14,18,22,6,19,5,7,17,20,2,23,21,8,24],[10,2,14,22,18,6,19,5,17,7,20,23,21,8,24],[2,10,22,14,18,6,7,17,5,19,8,20],[6,14,22,18,7,19,5,17,8,20,10,2],[22,14,6,2,10,18,19,7,17,5,20,21],[14,18,6,19,5,17,7,20,10,2,22,21,23,8,24],[14,22,6,18,7,17,19,5,20,2,10,21],[22,14,2,6,18,17,7,19,5,8,20],[22,14,2,6,18,7,19,5,17,8,20],[14,2,18,22,6,7,17,19,5,20,10,21],[10,6,2,18,19,5,7,17,20,22,14,23,21,24,8],[2,10,6,14,18,5,19,17,7,20,22,21,23,8,24],[22,14,2,6,10,18,7,17,19,5,8,20],[2,14,6,10,22,18,7,19,5,17,8,20],[10,22,14,2,6,18,5,19,7,17,20,21,23,24,8],[22,18,2,6,17,7,5,19,20,10,14,21,23,24,8],[22,2,18,6,17,7,19,5,20,14,10,21,23,8,24],[22,2,14,10,18,6,19,5,17,7,20,21,23,24,8],[2,6,10,14,22,18,7,19,17,5,8,20],[6,22,18,5,19,7,17,8,20,14,10,2],[22,18,2,6,7,17,19,5,20,14,10,21,23,24,8],[14,18,22,2,10,6,7,19,5,17,20,23,21,24,8],[2,14,6,22,18,17,5,19,7,8,20],[10,2,14,18,22,6,5,19,7,17,20,23,21,24,8],[18,14,6,5,17,19,7,8,20,2,10],[10,2,22,14,18,6,19,7,17,5,8,20],[10,22,18,6,5,17,19,7,8,20,2],[2,22,14,6,10,18,19,7,17,5,8,20],[14,22,18,6,7,17,5,19,8,20,10,2],[18,6,5,19,17,7,8,20,14,2,22],[6,22,2,14,18,17,5,19,7,8,20],[2,10,18,6,19,5,7,17,20,22,14,21,23,8,24],[10,22,18,6,17,5,7,19,20,14,2,23,21,24,8],[14,10,6,2,22,18,17,5,19,7,20],[22,18,2,10,14,6,19,5,7,17,8,20],[14,10,6,22,2,18,17,5,19,7,8,20],[10,14,22,18,2,6,19,7,5,17,8,20],[2,6,18,19,7,5,17,20,10,22,14,23,21,8,24],[6,10,22,14,2,18,17,5,7,19,8,20],[6,18,5,17,7,19,8,20,2,14,22],[18,6,7,19,5,17,20,2,22,10,14],[2,22,18,10,14,6,5,17,7,19,20,21,23,24,8],[14,10,18,22,2,6,7,17,19,5,20,23,21,24,8],[14,22,18,2,6,5,17,19,7,20,10,23,21,24,8],[22,14,10,18,6,7,19,17,5,8,20,2],[10,14,22,6,18,7,17,19,5,8,20,2],[18,22,14,6,5,19,17,7,20,2,10,21,23,24,8],[2,10,22,18,14,6,5,19,17,7,20],[10,14,2,22,18,6,17,5,19,7,20,23,21,8,24],[22,18,2,10,14,6,7,17,19,5,8,20],[2,18,6,19,5,7,17,20,10,22,14,21],[10,18,14,2,6,7,17,19,5,20,22,21,23,8,24],[22,14,10,2,6,18,5,19,7,17,20,21,23,8,24],[2,6,14,22,18,7,19,17,5,8,20],[10,22,14,18,6,17,5,7,19,8,20,2],[22,18,10,6,5,19,17,7,8,20,14,2],[14,2,10,22,6,18,17,7,19,5,20,23,21,24,8],[22,6,14,10,18,17,5,19,7,20,2,23,21,8,24],[22,14,2,18,6,5,19,7,17,8,20],[10,22,18,6,5,19,17,7,8,20,14,2],[18,22,2,10,14,6,19,5,7,17,8,20],[6,14,10,18,7,19,17,5,20,22,2],[18,6,19,5,17,7,8,20,10,22,2],[18,2,10,14,6,5,19,7,17,20,22,21,23,8,24],[18,7,6,19,17,5,8,20,14,10,2],[18,14,2,6,5,19,7,17,20,10,22,23,21,24,8],[14,10,2,18,6,5,19,7,17,8,20],[14,2,6,10,18,17,5,7,19,8,20],[22,10,2,14,18,6,5,17,19,7,8,20],[2,22,14,6,18,5,17,19,7,20,10,21,23,8,24],[18,22,6,5,17,19,7,20,14,10,2,23,21,8,24],[22,14,6,18,5,17,7,19,8,20,2],[22,2,18,10,6,19,7,17,5,20,14,21,23,24,8],[10,22,2,14,18,6,7,19,17,5,8,20],[10,18,14,6,7,19,5,17,20,22,2,23,21,24,8],[14,22,2,6,10,18,7,19,5,17,20,23,21,24,8],[14,6,10,18,17,5,7,19,8,20,2],[18,22,14,10,6,7,17,19,5,20,2,21,23,8,24],[18,6,17,7,5,19,8,20,22,10,14,2],[10,22,18,14,2,6,7,19,5,17,20,23,21,8,24],[22,6,10,14,2,18,7,17,5,19,8,20],[2,10,18,6,7,17,5,19,20,14,22,23,21,8,24],[18,14,2,10,22,6,19,5,17,7,20,21,23,8,24],[10,14,6,2,18,5,19,7,17,20,22,23,21,24,8],[18,2,6,17,7,19,5,8,20,22,14],[18,10,6,17,7,19,5,20,2,22,14,21,23,8,24],[22,2,18,6,5,19,17,7,8,20,14],[22,6,14,2,18,17,5,19,7,8,20],[14,6,10,2,22,18,19,5,7,17,8,20],[2,18,6,17,5,19,7,20,22,14,10,21,23,8,24],[2,14,18,22,10,6,17,7,5,19,20],[14,6,18,7,17,19,5,8,20,22,10,2],[2,14,10,6,18,7,17,19,5,20,22,23,21,24,8],[2,22,6,14,18,17,5,19,7,20,10,23,21,24,8],[22,2,6,14,10,18,17,5,7,19,20,21],[6,18,19,7,17,5,8,20,14,2,22],[6,2,22,18,19,7,17,5,20,14,10,21],[2,18,6,5,19,7,17,20,22,10,14,21,23,24,8],[22,6,2,10,18,7,19,17,5,8,20],[2,22,10,18,14,6,19,5,17,7,20,23,21,24,8],[6,14,22,2,10,18,19,7,17,5,20,21,23,24,8],[6,14,2,22,10,18,17,7,5,19,20,23,21,24,8],[6,2,14,18,5,19,7,17,8,20,22],[10,2,6,18,17,7,19,5,8,20,14],[18,10,2,6,19,5,17,7,20,22,14,23,21,8,24],[18,22,2,14,10,6,17,5,19,7,20,23,21,8,24],[2,10,6,18,19,7,17,5,8,20,22],[2,22,18,14,6,7,17,5,19,20,10,23,21,8,24],[10,6,18,19,5,17,7,8,20,22,14,2],[18,2,6,17,7,19,5,20,10,22,14,23,21,24,8],[6,22,18,7,19,5,17,8,20,10,14,2],[14,6,2,10,22,18,19,7,5,17,8,20],[22,18,2,14,6,19,5,17,7,8,20],[6,10,2,22,14,18,5,19,17,7,20,23,21,8,24],[10,2,14,18,22,6,17,7,19,5,20,23,21,24,8],[2,14,6,18,7,19,5,17,20,10,22],[14,22,10,18,6,5,17,7,19,20,2,23,21,8,24],[22,18,10,14,6,19,5,17,7,20,2,21,23,8,24],[18,6,7,19,17,5,20,14,2,10,22,21],[10,2,22,18,6,7,19,5,17,8,20],[14,22,2,10,18,6,19,5,17,7,20,23,21,8,24],[18,10,22,6,7,19,5,17,20,2,14,23,21,24,8],[18,10,6,17,7,19,5,8,20,14,22,2],[6,18,17,5,7,19,8,20,14,10,2],[10,22,14,18,6,19,5,7,17,8,20,2],[6,2,18,17,5,7,19,8,20,22,14],[6,22,14,18,17,7,5,19,8,20,2],[22,6,10,2,18,17,7,19,5,20,14,23,21,24,8],[14,18,22,6,5,19,7,17,8,20,10,2],[18,22,2,6,7,19,5,17,20,14,10,23,21,24,8],[2,14,6,22,18,5,19,7,17,20,10,21,23,8,24],[2,22,10,6,18,17,5,19,7,20,14,21,23,8,24],[10,2,14,6,18,19,7,17,5,8,20],[14,22,6,10,2,18,5,19,17,7,20,23,21,8,24],[2,10,6,18,19,7,17,5,20,22,14,23,21,8,24],[18,10,14,6,19,5,17,7,20,2,22,23,21,24,8],[10,2,18,14,6,5,19,17,7,20,22,21,23,24,8],[22,6,18,7,19,5,17,8,20,2,14],[6,22,2,14,18,7,19,5,17,20,10,21,23,24,8],[22,6,18,5,17,7,19,20,10,2,14,23,21,8,24],[6,10,14,2,18,19,7,17,5,8,20],[22,6,14,2,10,18,7,19,5,17,20,23,21,8,24],[2,22,14,10,6,18,7,19,17,5,20,21,23,8,24],[6,14,2,22,18,7,17,5,19,8,20],[14,6,18,19,7,17,5,20,2,22,10,23,21,24,8],[6,22,18,5,17,19,7,20,2,10,14,23,21,24,8],[2,14,6,10,22,18,5,17,7,19,20,23,21,24,8],[22,10,6,18,5,17,7,19,20,2,14,21,23,24,8],[18,22,2,6,7,19,17,5,20,14,10],[18,22,6,7,19,17,5,8,20,2,14],[2,22,6,14,18,19,5,17,7,8,20],[6,2,18,7,19,5,17,20,10,14,22,21,23,24,8],[14,6,2,22,18,17,5,7,19,20,10,21,23,24,8],[18,14,22,2,6,17,5,19,7,20,10],[18,14,2,6,19,5,7,17,8,20,22],[10,6,2,14,18,19,5,7,17,8,20],[14,22,10,18,2,6,19,5,7,17,20],[10,2,6,14,18,19,5,7,17,8,20],[10,2,22,18,6,19,7,17,5,8,20],[18,6,17,7,5,19,8,20,22,2,14],[22,6,18,5,17,7,19,8,20,2,10],[18,14,6,17,5,7,19,20,22,2,10,21],[14,10,18,6,5,17,7,19,20,22,2,21,23,8,24],[6,18,7,19,17,5,8,20,14,10,22,2],[6,14,2,18,7,17,5,19,8,20,22],[2,22,14,10,6,18,5,19,17,7,8,20],[10,6,18,7,19,17,5,20,22,2,14,23,21,24,8],[18,10,22,2,14,6,5,17,7,19,20,21],[10,14,22,18,6,5,19,17,7,20,2,21,23,24,8],[2,18,6,17,7,5,19,8,20,10,22],[22,2,14,6,10,18,5,19,7,17,20,21,23,24,8],[14,2,22,6,18,7,19,17,5,8,20],[14,18,6,17,7,5,19,8,20,2,10],[2,14,10,22,18,6,5,17,19,7,8,20],[2,18,14,6,7,19,5,17,8,20,10],[10,14,18,2,22,6,7,17,19,5,8,20],[6,14,10,2,18,19,7,5,17,20,22],[10,14,2,18,6,17,5,19,7,8,20],[18,2,14,22,6,17,5,19,7,8,20],[2,6,14,18,17,7,5,19,20,22,10,21,23,24,8],[2,6,22,14,18,17,5,7,19,20,10,21,23,24,8],[18,10,6,17,7,19,5,8,20,22,2],[2,14,18,10,22,6,17,7,19,5,8,20],[18,6,5,17,19,7,20,22,2,14,10],[14,22,18,2,6,5,17,7,19,20,10,21,23,24,8],[22,2,10,14,18,6,19,7,5,17,20,23,21,24,8],[22,2,18,14,6,5,17,7,19,20,10],[22,6,14,18,5,19,17,7,20,10,2,21,23,8,24],[18,2,10,6,19,7,5,17,8,20,14],[18,14,10,6,19,7,17,5,8,20,22,2],[2,22,10,6,14,18,17,5,7,19,20,21],[14,2,18,6,7,19,17,5,8,20,10],[18,14,22,10,6,19,7,5,17,8,20,2],[22,2,6,14,10,18,5,19,17,7,8,20],[14,10,2,6,18,5,19,7,17,8,20],[6,10,18,5,17,7,19,20,2,14,22,21,23,24,8],[10,22,18,6,7,17,19,5,20,2,14,23,21,8,24],[14,6,2,18,19,5,17,7,8,20,22],[18,10,2,22,14,6,17,7,19,5,20,21,23,8,24],[10,6,18,19,5,7,17,8,20,14,2],[18,10,6,5,19,17,7,8,20,14,22,2],[18,22,6,17,7,19,5,8,20,10,2],[14,2,18,6,19,7,17,5,20,22,10],[10,14,2,18,6,17,5,7,19,8,20],[2,6,14,10,18,5,17,19,7,8,20],[14,22,10,2,6,18,7,19,5,17,20,23,21,24,8],[2,10,22,18,6,5,19,17,7,20,14,21,23,8,24],[18,14,6,19,5,17,7,20,10,22,2],[18,6,7,19,17,5,20,2,14,10,22,21,23,24,8],[6,22,10,14,2,18,19,7,17,5,8,20],[10,22,6,14,18,5,19,17,7,20,2,23,21,24,8],[10,14,2,18,22,6,7,17,19,5,20],[10,18,2,22,14,6,17,7,19,5,20,21,23,24,8],[6,10,14,2,18,7,19,5,17,20,22,23,21,24,8],[22,10,6,2,14,18,7,19,5,17,20,21,23,24,8],[14,2,18,22,6,19,5,17,7,8,20],[18,2,14,22,10,6,5,17,7,19,8,20],[10,14,6,22,18,19,7,17,5,8,20,2],[2,14,18,6,17,7,19,5,20,10,22,23,21,24,8],[18,14,22,2,6,17,5,19,7,8,20],[10,18,22,2,6,5,17,19,7,8,20],[18,10,2,6,17,7,5,19,20,22,14,23,21,8,24],[2,6,10,18,17,5,19,7,20,14,22,23,21,8,24],[2,22,14,18,10,6,7,19,5,17,8,20],[6,14,18,5,19,7,17,8,20,22,2],[6,22,18,19,7,5,17,8,20,2,10],[2,22,18,6,17,5,19,7,8,20,10],[14,22,2,6,10,18,5,19,17,7,20,21,23,8,24],[2,22,6,14,10,18,19,5,7,17,8,20],[18,10,22,6,19,5,7,17,8,20,14,2],[18,14,2,10,22,6,5,19,17,7,8,20],[18,10,2,22,14,6,7,19,5,17,8,20],[10,6,18,7,19,5,17,20,22,14,2,23,21,24,8],[6,18,7,17,19,5,20,22,14,2,10,23,21,8,24],[6,10,18,5,17,7,19,20,22,2,14,21,23,8,24],[10,6,2,14,18,7,17,19,5,8,20],[22,2,6,10,14,18,7,19,17,5,8,20],[22,18,14,2,6,17,5,7,19,20,10,21],[10,22,2,14,18,6,19,7,5,17,8,20],[10,14,6,22,2,18,17,7,5,19,8,20],[2,10,6,22,14,18,17,5,19,7,8,20],[22,2,14,10,6,18,7,17,19,5,20,21,23,8,24],[10,6,14,2,18,5,17,19,7,8,20],[6,10,2,14,18,7,19,5,17,8,20],[18,15,10,2,6,7,19,17,5,20,22,23,21,24,8],[6,22,14,10,2,18,19,5,17,7,20],[10,2,14,22,18,6,7,17,19,5,20,21,23,8,24],[14,6,10,18,19,5,7,17,8,20,22,2],[6,22,18,19,7,17,5,20,2,14,10,21,23,24,8],[10,2,18,6,19,7,17,5,8,20,14],[14,18,22,2,10,6,19,7,17,5,20],[6,22,10,2,18,19,7,5,17,20,14,21,23,24,8],[10,14,22,6,18,17,7,5,19,20,2,21,23,8,24],[10,2,18,14,22,6,7,17,5,19,20],[2,18,14,10,6,17,5,7,19,8,20],[22,18,2,14,6,5,17,19,7,20,10,21,23,8,24],[14,10,2,6,22,18,17,5,19,7,8,20],[6,2,22,14,10,18,19,5,7,17,8,20],[2,6,22,10,14,18,5,19,7,17,8,20],[6,18,19,5,17,7,20,22,14,2,10,23,21,8,24],[14,10,18,22,2,6,17,5,19,7,8,20],[22,2,10,18,14,6,7,17,19,5,20,23,21,8,24],[6,22,2,10,14,18,5,19,17,7,8,20],[2,14,18,6,19,5,7,17,20,22,10,23,21,8,24],[2,10,6,14,18,7,17,5,19,8,20],[14,10,22,6,2,18,17,5,7,19,8,20],[22,14,6,10,2,18,5,19,7,17,20,23,21,8,24],[10,2,6,14,22,18,17,7,5,19,20,23,21,8,24],[18,22,2,6,17,5,19,7,20,10,14],[6,18,7,19,5,17,8,20,2,22,14],[10,18,14,22,2,6,17,5,7,19,8,20],[6,22,18,19,5,17,7,8,20,14,2],[6,2,10,22,14,18,5,19,17,7,20,21,23,24,8],[10,2,6,22,14,18,17,7,19,5,20,21,23,24,8],[18,14,6,5,19,17,7,8,20,22,2],[6,22,10,2,18,17,5,7,19,8,20],[18,6,17,7,19,5,8,20,10,2,14],[6,14,2,10,22,18,5,19,17,7,8,20],[10,2,22,18,6,19,5,7,17,8,20],[14,10,2,22,18,6,5,19,17,7,20,23,21,8,24],[6,2,10,18,7,17,5,19,8,20,22],[18,22,6,5,17,19,7,8,20,10,14,2],[6,18,17,5,7,19,8,20,2,14,10],[14,10,2,6,18,17,7,5,19,20,22,23,21,24,8],[10,2,14,22,6,18,17,5,7,19,20,23,21,24,8],[6,2,10,14,18,5,17,7,19,20,22,21],[10,14,22,2,18,6,17,5,7,19,8,20],[6,22,2,14,10,18,5,19,17,7,20,21,23,8,24],[2,22,6,18,17,7,5,19,8,20,14],[2,10,22,18,14,6,5,17,7,19,20,23,21,24,8],[2,22,14,18,6,5,19,17,7,8,20],[6,10,18,19,5,7,17,20,2,14,22,23,21,8,24],[14,10,22,6,2,18,17,5,7,19,8,20],[14,2,10,6,18,19,7,5,17,20,22,21,23,8,24],[10,14,2,22,18,6,7,17,5,19,20,21,23,8,24],[22,18,2,6,7,19,5,17,8,20,10],[14,22,6,18,5,17,7,19,8,20,10,2],[6,22,14,18,5,19,7,17,8,20,2],[18,22,2,14,6,5,17,19,7,8,20],[2,18,6,5,17,7,19,20,10,14,22,21,23,8,24],[18,2,10,22,14,6,7,17,5,19,8,20],[14,6,18,17,7,5,19,20,22,2,10,21,23,8,24],[6,10,22,18,17,7,5,19,8,20,2],[22,2,6,14,18,19,7,5,17,20,10,21,23,24,8],[2,10,6,22,14,18,7,19,17,5,20,23,21,24,8],[10,22,18,14,2,6,19,7,17,5,20,23,21,24,8],[10,2,14,6,18,7,19,17,5,8,20],[2,14,6,22,10,18,17,7,19,5,20,23,21,8,24],[14,6,10,18,7,17,19,5,8,20,1,2],[10,2,18,6,7,19,5,17,8,20,22],[6,10,18,17,5,19,7,20,2,22,14,23,21,24,8],[18,14,2,22,10,6,7,19,17,5,8,20],[6,2,10,14,18,7,17,5,19,8,20],[18,6,19,7,5,17,20,2,22,10,14,21,23,24,8],[14,6,2,18,7,17,19,5,8,20,22],[14,2,18,10,6,7,17,19,5,20,22,23,21,24,8],[14,18,2,10,22,6,7,19,17,5,8,20],[2,14,10,18,22,6,7,17,5,19,8,20],[18,2,22,10,6,17,7,5,19,20,14,21,23,8,24],[6,10,2,18,7,19,5,17,20,14,22,21,23,8,24],[22,18,14,10,2,6,7,17,5,19,20,23,21,8,24],[6,18,7,19,5,17,20,14,2,22,10,21,23,8,24],[14,2,10,6,22,18,17,7,5,19,8,20],[18,6,7,19,17,5,20,22,14,2,10,21,23,8,24],[22,6,2,18,5,19,17,7,8,20,10],[2,6,22,18,5,17,19,7,20,14,10,23,21,24,8],[18,14,2,10,6,17,7,5,19,8,20],[14,18,22,2,6,5,17,19,7,8,20],[10,22,6,18,19,5,7,17,8,20,14,2],[14,10,22,2,18,6,7,17,19,5,8,20],[14,22,6,10,18,17,5,7,19,20,2,21,23,8,24],[18,6,5,19,17,7,8,20,14,22,2],[18,2,22,10,6,17,5,19,7,20,14,23,21,8,24],[22,6,14,18,7,19,17,5,20,10,2,23,21,8,24],[22,14,2,6,10,18,17,5,19,7,20,21],[10,6,18,5,19,17,7,8,20,22,2],[2,6,14,22,18,17,5,19,7,8,20],[10,6,2,18,17,5,19,7,20,22,14,21,23,24,8],[10,18,2,14,6,5,19,17,7,8,20],[22,14,6,18,5,17,7,19,8,20,10,2],[22,18,10,2,6,19,7,5,17,8,20],[2,18,10,6,17,7,5,19,20,14,22,21,23,8,24],[14,10,22,2,18,6,19,5,17,7,20,23,21,24,8],[18,2,10,6,7,19,5,17,20,22,14],[22,2,18,14,6,17,7,5,19,8,20],[10,22,18,2,14,6,17,5,7,19,20,21,23,8,24],[6,18,7,19,5,17,20,14,22,2,10],[22,10,18,2,6,7,19,5,17,8,20],[22,2,6,10,18,7,19,5,17,20,14],[22,18,2,6,7,19,17,5,20,10,14,21,23,24,8],[10,2,18,6,5,17,19,7,20,14,22,23,21,8,24],[14,10,18,6,19,5,7,17,8,20,22,2],[18,22,2,14,6,7,19,5,17,20,10,21,23,8,24],[14,6,18,17,7,5,19,20,10,2,22,21,23,8,24],[10,2,18,6,5,19,7,17,20,22,14,21,23,24,8],[2,10,22,18,14,6,5,17,7,19,8,20],[10,6,22,14,18,5,17,7,19,8,20,2],[18,2,22,6,17,5,7,19,20,14,10],[6,10,22,2,14,18,5,19,7,17,20,21,23,8,24],[14,22,2,6,18,7,19,17,5,8,20],[18,6,19,5,17,7,20,2,14,22,10,23,21,8,24],[2,14,6,22,18,5,17,19,7,20,10,21,23,8,24],[6,14,2,10,18,19,7,5,17,8,20],[2,10,22,18,6,5,17,7,19,8,20],[2,10,18,22,6,17,7,5,19,8,20],[6,2,14,18,7,17,5,19,8,20,10],[6,10,14,2,22,18,7,17,5,19,8,20],[18,14,2,22,6,7,19,17,5,8,20],[22,6,10,14,18,19,7,5,17,8,20,2],[10,14,2,22,18,6,7,19,17,5,8,20],[10,6,14,18,7,17,19,5,20,2,22,21],[18,2,22,6,19,7,5,17,20,14,10,23,21,24,8],[14,10,18,22,6,17,7,5,19,20,2,21],[14,22,10,2,6,18,7,17,19,5,20,23,21,8,24],[22,6,10,2,14,18,17,7,19,5,20,21,23,8,24],[10,14,2,22,18,6,19,7,5,17,20,23,21,8,24],[6,22,18,7,19,17,5,8,20,2,10],[10,14,22,6,18,17,5,19,7,20,2,21,23,24,8],[10,2,14,22,18,6,7,19,17,5,20,21],[6,22,18,19,7,5,17,20,10,14,2,21,23,8,24],[18,2,10,6,7,19,17,5,8,20,14],[14,6,18,19,5,17,7,8,20,10,22,2],[22,10,2,14,18,6,17,7,19,5,20,21],[2,6,18,17,5,19,7,8,20,14,22],[10,2,6,22,18,5,17,7,19,8,20],[22,18,2,14,10,6,19,7,17,5,20,21],[2,22,6,10,18,19,5,7,17,8,20],[14,18,2,10,6,19,5,17,7,20,22,23,21,8,24],[2,18,22,10,14,6,5,17,7,19,8,20],[22,18,14,2,10,6,5,17,7,19,20,23,21,8,24],[10,2,6,18,7,17,19,5,8,20,22],[2,14,18,6,5,17,19,7,8,20,10],[10,14,18,22,6,5,17,19,7,8,20,2],[10,14,22,6,2,18,5,19,7,17,20,21],[6,22,10,2,18,17,5,19,7,20,14,23,21,24,8],[22,2,14,6,18,5,17,19,7,8,20],[10,18,14,22,6,5,17,19,7,8,20,2],[18,6,7,19,17,5,20,10,2,22,14,23,21,8,24],[22,18,10,14,2,6,17,7,19,5,8,20],[6,18,5,19,7,17,8,20,2,22,14],[22,10,14,18,2,6,17,7,19,5,20],[6,14,22,18,7,17,19,5,8,20,10,2],[22,14,10,18,6,19,5,17,7,20,2,23,21,8,24],[18,14,2,6,19,5,7,17,20,22,10,23,21,8,24],[10,14,18,22,2,6,19,5,7,17,8,20],[10,6,14,18,7,17,5,19,8,20,22,2],[14,10,18,2,6,5,17,19,7,20,22,23,21,24,8],[18,10,14,2,6,7,17,5,19,8,20],[14,2,10,18,6,17,5,7,19,20,22,23,21,24,8],[2,18,6,7,17,19,5,8,20,22,10],[14,6,2,10,22,18,19,5,17,7,8,20],[14,6,10,18,19,7,5,17,8,20,2],[18,2,10,22,14,6,17,7,5,19,8,20],[2,14,6,10,22,18,19,7,5,17,20,21,23,8,24],[2,10,22,6,14,18,19,5,7,17,20,21,23,24,8],[22,18,10,2,6,17,5,19,7,20,14,21],[22,2,6,10,18,5,19,7,17,8,20],[22,14,10,2,18,6,5,19,7,17,20,21,23,8,24],[22,10,2,14,18,6,19,5,7,17,20,23,21,8,24],[18,10,2,6,17,5,7,19,20,22,14,23,21,24,8],[18,10,6,17,5,19,7,8,20,22,2],[14,22,6,2,18,19,5,17,7,20,10],[6,14,10,22,18,19,7,5,17,20,2,23,21,8,24],[22,14,2,10,6,18,5,19,7,17,8,20],[10,14,22,6,18,7,19,5,17,20,2,21,23,24,8],[2,6,22,14,18,5,19,17,7,20,10,21,23,24,8],[22,14,6,10,2,18,5,19,7,17,20,23,21,24,8],[6,2,10,22,14,18,5,17,7,19,8,20],[10,22,6,18,19,5,7,17,8,20,2],[2,22,14,10,18,6,7,17,19,5,8,20],[10,14,6,18,19,7,17,5,8,20,2],[10,2,22,6,18,5,19,17,7,20,14,21,23,24,8],[18,22,10,14,6,7,19,5,17,20,2,23,21,8,24],[6,22,14,10,18,19,5,7,17,20,2,23,21,24,8],[22,14,10,2,18,6,17,5,19,7,20,21,23,24,8],[10,22,2,14,6,18,7,19,17,5,8,20],[6,22,18,19,7,17,5,8,20,14,2],[2,18,10,14,22,6,19,5,17,7,20,21,23,24,8],[6,10,14,2,22,18,5,19,17,7,8,20],[22,6,10,14,2,18,19,5,7,17,20,23,21,24,8],[14,6,2,18,5,19,17,7,20,22,10,21,23,24,8],[2,6,14,22,18,19,5,7,17,8,20],[2,22,10,6,14,18,17,5,19,7,8,20],[2,22,14,10,18,6,7,17,19,5,8,20],[14,6,2,22,10,18,7,17,19,5,20,21],[2,18,6,17,7,5,19,20,10,14,22],[22,10,6,14,2,18,17,7,5,19,8,20],[10,18,14,2,6,19,7,17,5,20,22,21,23,24,8],[2,6,22,18,17,7,19,5,8,20,14],[18,22,10,2,14,6,7,17,5,19,8,20],[6,14,22,18,19,7,17,5,20,2,10,21,23,24,8],[14,6,10,22,18,5,19,17,7,20,2,21,23,8,24],[14,10,18,2,6,7,19,5,17,8,20],[2,6,22,10,14,18,7,19,17,5,20,23,21,24,8],[2,14,6,22,18,19,5,17,7,8,20],[18,10,22,6,5,19,17,7,20,14,2,21,23,8,24],[18,2,6,17,5,7,19,20,14,22,10,23,21,24,8],[14,22,18,10,6,7,19,5,17,20,2,23,21,8,24],[18,10,6,19,5,17,7,8,20,22,14,2],[22,10,6,18,7,17,19,5,20,14,2,21],[6,22,18,17,5,7,19,8,20,14,10,2],[22,2,14,18,10,6,5,19,17,7,20,23,21,24,8],[14,6,2,18,17,5,19,7,8,20,22],[2,18,10,14,6,19,5,17,7,20,22,21,23,8,24],[18,6,19,5,7,17,8,20,10,2,14],[2,18,22,10,6,5,17,7,19,8,20],[18,6,19,7,5,17,8,20,2,14,22],[6,2,10,18,19,7,5,17,8,20,14],[18,14,2,10,6,17,7,5,19,20,22,23,21,24,8],[18,22,10,14,6,5,17,19,7,20,2],[2,18,14,10,22,6,7,17,19,5,20,21,23,8,24],[2,6,14,10,18,7,19,5,17,20,22,21,23,8,24],[2,10,14,18,22,6,17,5,19,7,20,23,21,24,8],[14,10,18,22,6,17,5,19,7,8,20,2],[6,2,14,18,7,17,5,19,20,10,22,23,21,8,24],[6,2,10,14,22,18,17,7,5,19,20,21],[22,6,18,7,19,17,5,8,20,10,14,2],[2,10,6,18,19,5,17,7,20,22,14,23,21,24,8],[10,6,2,14,22,18,19,5,7,17,8,20],[14,22,10,2,18,6,19,5,17,7,20],[18,2,22,6,19,5,17,7,8,20,10],[18,2,6,19,7,17,5,20,14,10,22,21,23,24,8],[18,2,14,10,22,6,5,17,7,19,20,21,23,24,8],[10,14,18,22,2,6,17,7,19,5,8,20],[6,10,18,7,19,17,5,8,20,14,2],[2,22,18,6,19,5,17,7,20,14,10,23,21,8,24],[14,6,10,22,18,19,7,17,5,20,2,23,21,24,8],[14,18,22,2,6,19,7,5,17,20,10],[22,18,2,6,7,19,5,17,8,20,14],[2,6,22,10,18,19,5,17,7,8,20],[14,6,10,18,7,17,19,5,20,2,22,23,21,24,8],[22,10,14,18,6,17,5,19,7,20,2],[10,6,2,18,5,17,7,19,8,20,22],[18,2,10,14,22,6,17,5,19,7,8,20],[14,6,2,22,10,18,17,5,7,19,8,20],[2,22,14,10,6,18,5,19,7,17,20,23,21,8,24],[2,6,14,22,10,18,5,19,7,17,8,20],[22,14,18,6,5,19,17,7,8,20,2],[18,10,2,22,6,5,17,7,19,8,20],[10,22,18,2,6,5,17,19,7,8,20],[14,18,22,10,6,19,7,17,5,20,2,21,23,8,24],[18,10,6,7,19,17,5,20,2,22,14,21],[14,2,22,6,10,18,17,5,7,19,20,23,21,24,8],[22,18,14,6,19,7,5,17,20,2,10,23,21,8,24],[10,6,2,18,17,7,19,5,8,20,22],[22,18,14,6,5,19,7,17,20,10,2,21,23,8,24],[14,10,22,6,18,7,19,17,5,20,2,23,21,8,24],[18,22,14,10,6,17,7,5,19,20,2,21,23,24,8],[22,18,2,10,14,6,19,7,17,5,8,20],[18,14,6,5,17,7,19,8,20,22,10,2],[22,2,14,6,18,7,17,5,19,8,20],[22,6,18,5,19,7,17,8,20,10,14,2],[18,10,14,22,6,19,7,17,5,8,20,2],[2,6,10,18,5,17,19,7,8,20,22],[18,14,6,19,5,17,7,20,2,10,22,21,23,8,24],[10,14,2,6,22,18,19,7,17,5,8,20],[2,6,14,10,18,17,7,5,19,8,20],[6,18,17,7,19,5,20,14,10,2,22,23,21,8,24],[18,2,6,5,17,19,7,20,22,14,10,23,21,8,24],[18,2,22,14,6,17,7,19,5,8,20],[18,22,10,2,6,5,17,7,19,8,20],[2,14,6,18,7,19,17,5,20,22,10,21,23,8,24],[2,18,6,7,19,17,5,20,14,10,22,23,21,24,8],[14,22,10,6,18,19,7,5,17,8,20,2],[22,14,2,6,18,5,19,17,7,20,10,21,23,24,8],[6,18,17,5,7,19,20,2,14,10,22,23,21,8,24],[10,14,18,22,6,5,17,7,19,20,2,21,23,8,24],[18,6,7,19,17,5,8,20,14,2,22],[10,6,18,5,17,19,7,20,22,2,14,21,23,24,8],[18,2,14,10,22,6,19,5,17,7,8,20],[10,2,18,14,6,17,5,19,7,20,22,21,23,8,24],[18,2,22,6,19,7,5,17,20,10,14,23,21,24,8],[6,22,18,17,5,19,7,20,2,14,10],[14,10,22,6,18,7,19,17,5,20,2,21],[14,2,10,6,22,18,19,5,17,7,8,20],[22,2,6,18,5,19,7,17,8,20,10],[2,14,18,10,6,19,5,7,17,20,22,23,21,24,8],[18,10,14,22,2,6,7,17,5,19,20,21,23,24,8],[22,6,10,14,18,7,19,5,17,8,20,2],[18,10,6,19,7,5,17,8,20,2,14],[2,22,18,6,17,5,7,19,8,20,10],[18,10,6,5,17,19,7,8,20,14,2],[18,22,14,6,17,5,19,7,20,10,2,23,21,8,24],[2,10,6,18,5,17,19,7,20,14,22,23,21,8,24],[14,6,18,7,17,5,19,8,20,22,10,2],[18,6,19,7,5,17,20,10,2,14,22,23,21,24,8],[6,2,22,14,18,17,7,5,19,8,20],[2,22,18,10,14,6,19,5,17,7,8,20],[18,6,7,17,19,5,20,2,22,14,10,21,23,8,24],[2,22,14,6,10,18,5,17,19,7,8,20],[14,18,22,6,19,5,17,7,8,20,10,2],[2,14,18,6,7,19,17,5,8,20,10],[18,6,17,7,5,19,20,10,22,2,14,23,21,24,8],[6,18,17,5,19,7,8,20,10,22,14,2],[10,22,6,18,5,19,7,17,20,2,14,21,23,8,24],[6,2,22,18,7,19,5,17,8,20,14],[10,6,22,2,18,19,5,17,7,8,20],[10,14,18,22,2,6,19,5,7,17,8,20],[14,22,18,6,7,17,5,19,8,20,10,2],[14,22,18,2,6,5,19,17,7,20,10,21,23,24,8],[14,10,6,18,17,7,5,19,8,20,2],[14,6,2,10,22,18,7,19,5,17,8,20],[18,14,10,2,6,7,19,5,17,8,20],[22,14,2,10,18,6,19,7,17,5,20,21,23,8,24],[10,14,6,22,2,18,5,17,19,7,8,20],[10,22,2,14,18,6,7,17,19,5,8,20],[22,2,6,14,18,17,7,5,19,20,10,21,23,24,8],[14,22,2,6,10,18,17,5,19,7,20,23,21,8,24],[2,6,10,18,19,5,7,17,8,20,22],[18,22,6,19,7,5,17,8,20,10,2],[18,10,22,14,2,6,19,7,5,17,20,21,23,24,8],[10,22,6,18,7,19,17,5,20,14,2,23,21,24,8],[22,10,14,6,18,7,19,17,5,20,2,21,23,24,8],[6,18,7,19,5,17,8,20,22,2,14],[2,14,18,10,6,5,19,17,7,8,20],[2,22,10,18,14,6,19,5,17,7,20],[10,6,18,5,17,19,7,20,14,22,2,21,23,24,8],[10,22,14,18,2,6,19,5,17,7,20,23,21,8,24],[2,22,6,14,10,18,7,17,5,19,8,20],[18,14,6,17,7,5,19,20,2,22,10,21,23,8,24],[6,2,18,17,5,19,7,20,10,14,22],[14,18,6,7,17,19,5,20,10,22,2,21,23,24,8],[10,14,18,2,6,7,19,17,5,8,20],[14,10,18,2,22,6,5,19,7,17,8,20],[10,6,18,19,7,17,5,20,22,14,2,21,23,8,24],[2,10,14,18,6,7,19,5,17,20,22,23,21,8,24],[22,18,14,6,7,17,19,5,20,2,10,21,23,8,24],[2,10,18,14,22,6,19,7,5,17,8,20],[2,22,14,6,18,19,7,17,5,20,10,23,21,8,24],[10,2,18,6,7,19,17,5,20,14,22,23,21,24,8],[10,14,18,22,2,6,17,5,19,7,8,20],[14,6,18,19,7,17,5,20,2,22,10,21,23,8,24],[18,6,7,19,5,17,8,20,14,2,22],[22,6,18,19,7,17,5,8,20,10,14,2],[22,6,2,14,18,7,17,5,19,20,10,23,21,24,8],[10,22,14,18,6,17,7,5,19,20,2,21,23,8,24],[14,18,10,22,2,6,7,19,17,5,20,21,23,8,24],[18,22,2,10,14,6,7,17,5,19,8,20],[6,18,17,5,7,19,8,20,2,14,22],[14,18,22,10,2,6,7,17,19,5,8,20],[14,10,22,18,6,19,5,17,7,20,2,21,23,24,8],[14,6,18,7,19,17,5,20,10,2,22,23,21,24,8],[18,14,10,22,6,17,5,7,19,8,20,2],[6,22,14,2,10,18,7,19,5,17,8,20],[6,22,18,19,5,7,17,8,20,14,10,2],[18,6,5,17,19,7,8,20,14,10,22,2],[14,6,22,2,10,18,5,19,7,17,8,20],[18,10,2,22,14,6,17,5,7,19,20,23,21,24,8],[2,6,10,22,14,18,19,5,17,7,8,20],[2,10,6,22,14,18,5,17,19,7,20,21,23,24,8],[14,2,22,10,6,18,17,7,19,5,20,21,23,24,8],[14,10,2,18,22,6,7,17,19,5,20,21,23,8,24],[6,18,19,5,7,17,20,22,10,2,14,21,23,8,24],[6,2,18,5,17,7,19,8,20,10,22],[14,10,2,6,22,18,19,5,7,17,20,21,23,24,8],[6,22,2,18,19,7,17,5,8,20,14],[2,18,10,14,22,6,17,7,5,19,20,23,21,8,24],[22,14,2,18,10,6,17,7,19,5,8,20],[10,6,22,14,18,7,19,17,5,8,20,2],[2,18,22,6,19,5,17,7,8,20,14],[14,18,6,19,5,7,17,20,22,10,2,21,23,24,8],[22,2,14,6,18,5,19,17,7,8,20],[22,10,2,6,18,17,7,19,5,20,14,21,23,8,24],[6,18,19,5,17,7,8,20,22,2,10],[10,18,14,6,7,17,19,5,20,2,22,23,21,24,8],[18,14,2,6,5,19,7,17,8,20,10],[6,18,7,17,19,5,20,22,10,14,2,21,23,8,24],[2,10,14,6,22,18,5,17,7,19,20,23,21,24,8],[18,14,22,6,19,7,5,17,8,20,2],[14,2,6,18,17,5,7,19,20,10,22],[6,10,14,2,18,19,5,7,17,8,20],[10,14,6,18,5,17,7,19,20,22,2,21,23,24,8],[14,18,6,7,19,17,5,8,20,10,22,2],[2,6,14,18,17,7,19,5,20,22,10,23,21,8,24],[18,6,17,5,7,19,20,14,22,10,2,21,23,8,24],[22,6,18,7,19,5,17,8,20,10,2],[18,22,2,14,6,19,7,17,5,8,20],[14,10,2,22,18,6,5,19,7,17,8,20],[2,22,6,14,18,19,7,17,5,20,10,21],[2,22,14,6,18,17,7,19,5,8,20],[6,10,22,14,2,18,5,17,19,7,8,20],[10,2,6,14,18,5,19,7,17,8,20],[22,14,2,10,6,18,19,7,17,5,8,20],[6,18,17,5,19,7,20,22,2,14,10,21,23,24,8],[18,14,22,2,6,19,7,17,5,8,20],[14,22,6,10,18,19,7,5,17,20,2,21,23,8,24],[10,14,18,6,7,19,5,17,8,20,22,2],[2,22,6,10,14,18,5,19,17,7,20],[22,14,2,18,10,6,19,5,17,7,20,21,23,24,8],[14,22,10,18,6,5,19,7,17,20,2,23,21,24,8],[14,18,6,19,5,7,17,20,2,10,22],[2,14,18,10,6,7,19,17,5,20,22,23,21,8,24],[6,18,17,5,19,7,8,20,2,22,14],[14,22,6,2,18,17,5,19,7,8,20],[18,6,17,7,19,5,20,2,14,10,22,21,23,24,8],[6,14,10,2,18,19,5,17,7,20,22,21,23,8,24],[2,22,6,18,19,7,5,17,8,20,14],[6,22,14,18,19,5,17,7,20,10,2,23,21,8,24],[18,10,22,2,14,6,17,7,19,5,8,20],[2,18,10,6,17,7,5,19,20,22,14,23,21,24,8],[10,14,18,6,17,5,19,7,20,22,2],[14,10,18,6,17,7,19,5,20,2,22,21,23,8,24],[6,14,18,5,19,7,17,8,20,10,2],[22,14,6,10,18,17,5,7,19,8,20,2],[18,6,7,17,19,5,8,20,14,10,22,2],[2,18,14,10,22,6,19,5,7,17,20,21],[10,2,14,6,22,18,17,7,5,19,20,21],[10,6,2,18,7,19,17,5,20,22,14],[6,18,7,19,5,17,20,2,10,14,22,23,21,24,8],[14,6,2,10,22,18,19,5,17,7,20],[10,18,2,6,5,17,7,19,20,14,22,21],[6,10,22,14,2,18,17,5,19,7,20,23,21,8,24],[18,6,19,7,5,17,8,20,22,2,10],[22,18,2,6,5,17,19,7,8,20,14],[10,18,2,22,6,17,7,5,19,8,20],[22,14,6,10,18,17,5,7,19,20,2,23,21,24,8],[10,18,22,14,6,19,7,5,17,8,20,2],[2,22,18,10,6,5,19,17,7,20,14,23,21,24,8],[22,2,10,14,18,6,5,19,17,7,8,20],[10,14,2,18,6,17,7,5,19,8,20],[18,6,7,19,5,17,8,20,10,2,14],[6,2,10,18,17,7,5,19,20,14,22,21,23,8,24],[6,14,10,2,18,5,19,17,7,8,20],[18,14,6,5,19,17,7,8,20,10,2],[2,18,22,10,14,6,5,19,17,7,8,20],[6,18,17,7,5,19,8,20,2,22,10],[14,2,22,10,6,18,5,19,17,7,8,20],[2,14,6,22,10,18,17,5,7,19,8,20],[2,22,18,10,6,7,17,19,5,20,14,21,23,8,24],[10,18,6,17,7,5,19,8,20,14,22,2],[18,6,19,5,17,7,8,20,14,2,22],[2,22,10,18,6,5,19,17,7,20,14],[14,10,6,2,22,18,19,7,17,5,8,20],[2,10,18,14,22,6,19,7,5,17,8,20],[18,10,6,5,19,7,17,20,14,2,22,21],[22,6,14,10,2,18,5,19,17,7,20,23,21,8,24],[14,10,2,18,6,17,7,5,19,8,20],[10,2,14,18,22,6,19,7,5,17,8,20],[6,14,10,2,18,19,7,5,17,8,20],[2,14,22,10,18,6,5,19,17,7,8,20],[10,6,22,14,18,7,19,17,5,8,20,2],[10,22,14,2,6,18,19,7,5,17,20,21,23,8,24],[14,2,6,22,10,18,17,5,19,7,20,21,23,24,8],[2,14,6,18,7,19,17,5,20,22,10],[10,22,14,2,6,18,19,7,5,17,20,21,23,24,8],[6,14,10,18,19,7,17,5,8,20,2],[6,14,22,2,18,17,7,19,5,8,20],[10,18,22,14,2,6,5,19,17,7,20,23,21,24,8],[2,6,14,10,18,19,5,17,7,8,20],[14,2,6,22,10,18,7,17,19,5,8,20],[10,2,14,18,22,6,5,19,7,17,8,20],[14,10,18,2,22,6,5,17,19,7,20,23,21,8,24],[18,10,2,22,6,7,19,5,17,20,14,21,23,8,24],[22,6,18,5,19,7,17,8,20,2,14],[22,10,6,18,17,5,19,7,8,20,2],[2,22,18,6,7,19,5,17,20,14,10,21,23,24,8],[22,14,2,6,10,18,19,7,17,5,20,23,21,24,8],[6,18,5,17,7,19,20,10,22,2,14,23,21,24,8],[6,18,17,5,19,7,8,20,14,10,2],[22,2,18,14,6,5,17,19,7,8,20],[18,10,6,5,17,7,19,8,20,2,22],[18,14,6,5,17,19,7,20,10,22,2,21,23,8,24],[22,6,2,14,18,17,7,5,19,8,20],[18,6,19,7,5,17,8,20,14,2,22],[2,14,22,18,10,6,7,17,5,19,8,20],[22,18,14,10,6,5,19,17,7,20,2],[18,10,2,6,19,7,5,17,20,14,22,23,21,8,24],[2,10,22,18,14,6,7,17,5,19,8,20],[14,6,18,17,5,19,7,20,2,10,22,23,21,24,8],[22,2,18,10,6,7,17,5,19,8,20],[6,14,10,22,18,17,5,19,7,8,20,2],[2,6,14,22,18,7,17,5,19,8,20],[6,14,18,7,17,19,5,8,20,10,22,2],[14,2,6,18,17,7,5,19,8,20,22],[2,6,14,18,7,17,5,19,8,20,10],[6,2,22,10,14,18,7,19,17,5,20,23,21,24,8],[14,10,6,18,7,19,5,17,20,22,2,23,21,24,8],[14,2,10,6,18,19,5,7,17,20,22,23,21,8,24],[18,6,5,17,19,7,20,22,10,14,2,23,21,24,8],[22,10,6,14,18,7,17,5,19,8,20,2],[10,14,2,18,22,6,5,17,7,19,8,20],[14,10,22,18,2,6,5,19,7,17,8,20],[10,14,18,22,2,6,17,5,19,7,20,23,21,24,8],[10,14,22,2,18,6,5,17,19,7,20,21,23,24,8],[14,2,22,18,6,7,19,5,17,20,10,23,21,8,24],[18,10,14,22,6,17,5,7,19,20,2,21,23,24,8],[22,14,2,10,18,6,19,7,5,17,20,23,21,8,24],[22,14,2,10,18,6,17,5,19,7,8,20],[2,18,10,14,22,6,17,7,5,19,20,21],[18,14,22,10,6,7,19,5,17,8,20,2],[6,18,5,17,7,19,8,20,14,10,2],[22,18,2,14,10,6,19,7,17,5,8,20],[18,2,10,6,7,19,17,5,8,20,14],[6,18,7,17,19,5,20,14,22,2,10,23,21,8,24],[18,6,17,7,19,5,20,2,10,14,22,21,23,24,8],[18,6,17,5,19,7,20,14,22,10,2,21,23,8,24],[2,18,10,14,6,7,17,5,19,8,20],[14,18,22,10,2,6,7,19,5,17,20,23,21,8,24],[22,14,6,2,18,19,7,5,17,8,20],[22,6,10,18,5,19,7,17,20,14,2,21,23,8,24],[22,14,2,10,18,6,5,19,17,7,8,20],[18,10,22,2,14,6,17,7,19,5,8,20],[22,14,6,2,18,5,19,7,17,8,20],[22,18,10,14,6,17,5,7,19,8,20,2],[18,10,22,14,6,17,7,5,19,8,20,2],[6,22,14,18,19,5,17,7,20,2,10,23,21,8,24],[10,6,22,18,7,19,17,5,8,20,2],[22,18,6,5,17,7,19,20,10,14,2,23,21,24,8],[2,22,6,14,10,18,5,17,7,19,8,20],[10,18,22,14,2,6,19,7,17,5,20,21,23,8,24],[6,22,18,19,5,17,7,20,10,14,2,21,23,8,24],[2,14,10,18,22,6,5,19,7,17,20,23,21,24,8],[22,18,6,5,17,19,7,20,14,10,2,23,21,24,8],[18,10,22,14,2,6,17,5,7,19,8,20],[22,6,2,14,18,5,19,7,17,20,10],[2,18,22,6,7,17,5,19,20,14,10,21,23,8,24],[22,2,18,10,14,6,19,7,5,17,20,21],[14,6,2,18,5,17,19,7,8,20,22],[18,10,2,14,6,17,5,19,7,8,20],[6,2,14,10,22,18,5,19,7,17,20,23,21,8,24],[2,6,14,18,5,19,7,17,20,10,22,23,21,24,8],[6,2,14,22,10,18,19,5,17,7,8,20],[10,2,22,14,6,18,19,7,17,5,8,20],[18,6,19,5,7,17,8,20,22,2,14]],"n_human":7}