{"problem_id":"TkAakDMXBOIGmQ7","sigma":150,"alpha":10.000,"cost":1,"probabilities":"[0.28, 0.22, 0.18, 0.32]","payoff_matrix":"[[-156, 166, 158, 201, -40, 142], [-200, -139, -89, -62, -27, 36], [39, -28, -222, -92, 5, 8], [194, -4, -176, 271, -115, -166]]","uncovered":[[12,20,16,4,1,8,24,13],[12,8,16,20,4,1,24,13],[12,20,16,8,4,1,24,13],[12,16,4,1,8,24,20,13],[24,12,4,16,13,1,7,18],[16,8,24,4,1,20,12,13],[4,24,20,12,8,16,13,1],[16,4,13,1,8,24,12],[12,8,20,4,16,13,1,24],[16,8,20,12,24,4,1,13],[8,4,16,13,1,18,23,11,22,24],[12,24,16,8,20,4,13,1],[4,8,24,16,1,20,12,13],[8,24,16,20,4,1,12,13],[20,24,8,4,12,16,1,13],[20,16,24,12,4,13,1],[24,12,16,20,4,13,1],[8,24,12,20,16,4,1,13],[4,24,12,20,16,13,1],[4,12,24,20,8,16,13,1],[8,24,20,4,12,16,1,13],[12,8,24,20,16,4,13,1],[12,8,24,4,20,16,1,13],[8,24,16,4,1,20,12,13],[20,8,4,24,16,1,12,13],[20,8,24,16,12,4,13,1],[16,4,1,8,24,12,20,13],[12,8,16,20,24,4,1,13],[20,24,4,16,1,8,12,13],[16,4,13,1,12,24,5,8,20],[12,16,20,4,13,1,22,8],[12,8,16,24,4,1,20,13],[8,4,16,1,24,12,20,13],[4,12,20,8,16,13,1,21,24],[16,8,24,12,4,13,1],[24,16,20,8,12,4,1,13],[8,20,12,16,4,13,1,21,24],[8,12,20,16,4,13,1],[24,8,20,4,12,16,1,13],[4,8,12,24,20,16,13,1],[4,8,24,16,13,1,20,9,12],[12,4,16,13,1,23,5,8,17,24],[8,20,16,12,4,13,1,22],[8,20,12,16,4,13,1,22],[8,12,20,4,24,16,1,13],[8,24,16,1,12,20,6,15,2,19,13],[12,8,20,24,4,16,13,1],[24,16,8,4,13,1,17,10],[24,16,4,13,1,11,20],[8,24,12,16,20,4,13,1],[20,24,8,16,12,4,1,13],[8,16,20,12,24,4,13,1],[24,16,8,20,12,4,13,1],[8,20,12,4,24,16,13,1],[4,12,24,16,13,1,17],[4,16,1,24,8,17,12,13],[16,4,13,1,5,8,11,24,19,17],[12,4,20,8,24,16,13,1],[24,16,20,8,12,4,1,13],[12,20,24,8,4,16,13,1],[20,12,24,8,16,4,1,13],[12,8,4,24,20,16,13,1],[20,4,16,13,1,10,22,5,8,24],[8,4,20,12,24,16,13,1],[24,20,16,8,4,13,1,11],[16,20,8,12,24,4,1,13],[4,20,16,13,1,11,6,21,24],[20,24,16,8,4,1,12,13],[8,12,4,16,1,24,20,13],[16,24,8,12,20,4,13,1],[16,8,24,4,1,12,20,13],[24,4,20,16,1,12,8,13],[8,16,20,12,24,4,1,13],[8,4,16,1,24,9,12,20,13],[12,16,8,4,13,1,19,23,24],[24,20,8,16,9,12,4,1,13],[20,4,12,16,13,2,5,8,22,21,24],[16,24,8,9,12,4,1,20,13],[24,20,8,4,16,13,1,12],[4,16,13,1,6,23,20,9,12],[12,20,4,16,13,1,7,23],[8,4,16,13,1,24,17,12],[12,16,8,4,1,20,21,24,13],[16,4,1,12,8,20,24,13],[20,24,4,16,1,12,8,13],[8,20,16,4,1,24,12,13],[4,20,24,8,12,16,1,13],[16,24,12,20,8,4,1,13],[16,24,8,20,4,13,1,12],[4,20,24,12,16,13,1],[8,12,4,20,16,13,1,22],[12,20,4,8,16,13,1,22],[4,16,13,1,17,10,6,21,24],[20,16,8,4,13,2,11,22,24],[16,4,13,1,17,23,10,5,8,21,24],[12,24,16,4,1,20,8,13],[24,4,16,1,20,12,8,13],[12,24,8,20,4,16,1,13],[24,4,12,20,8,16,1,13],[12,8,20,4,24,16,13,1],[8,24,16,12,4,13,1],[4,24,12,16,1,20,8,13],[4,8,20,12,24,16,13,1],[12,20,16,24,8,4,1,13],[12,16,4,13,1,6,20],[12,4,8,16,1,24,20,13],[8,16,24,12,4,13,1],[4,20,16,1,8,12,24,13],[12,20,4,8,24,16,1,13],[24,4,12,16,13,2,8,19],[16,8,4,13,1,23,20,12],[16,12,24,20,8,4,13,1],[8,20,12,4,24,16,1,13],[20,8,16,12,4,13,1,24],[8,12,24,16,20,4,13,1],[4,8,24,12,16,1,20,13],[12,20,24,16,4,13,1],[16,12,4,1,20,24,6,13],[16,24,4,13,1,18,12,8],[4,20,16,13,1,7,11,24],[16,12,4,1,24,8,20,13],[24,4,12,20,16,13,1],[24,12,8,20,4,16,1,13],[8,16,4,13,1,19,21,24,12],[16,12,20,24,4,13,1],[8,24,20,4,12,16,13,1],[12,20,8,24,16,4,13,1],[8,12,4,16,13,1,21,24],[4,12,16,1,20,8,24,13],[12,20,24,4,16,1,8,13],[24,20,8,4,16,13,1,10],[12,16,20,8,4,13,1],[16,20,8,12,21,24,4,13,1],[12,4,24,16,13,1,8],[16,8,20,24,4,1,12,13],[4,20,24,12,8,16,13,1],[16,4,13,1,24,5,8,9,12,17],[16,21,24,8,12,4,1,20,13],[16,8,4,1,12,24,20,13],[24,4,12,20,8,16,1,13],[8,20,24,4,16,13,1,11],[12,8,4,16,1,20,24,13],[8,20,4,16,13,1,9,12],[20,8,16,4,13,1,23,12],[4,20,16,13,1,7,22,9,12,23],[12,16,4,1,24,8,20,13],[4,16,13,1,18,12,8,21,24],[8,16,12,20,4,13,1,21,24],[8,4,16,1,24,12,20,13],[4,8,24,16,1,12,20,13],[16,12,8,20,24,4,1,13],[24,12,8,16,20,4,13,1],[24,4,12,20,16,1,8,13],[4,24,8,16,1,12,20,13],[4,8,12,20,24,16,1,13],[16,8,24,20,4,13,1,10],[4,20,24,16,13,1,5,8,10],[12,16,22,4,1,8,20,24,13],[20,16,4,13,1,7,24,10],[12,20,8,4,16,13,1,24],[8,20,4,12,16,1,24,13],[20,8,24,4,16,13,1],[20,24,16,8,12,4,13,1],[12,24,20,8,16,4,1,13],[12,20,8,16,4,1,24,13],[8,4,16,1,20,12,24,13],[12,24,4,20,8,16,13,1],[4,20,24,16,1,8,12,13],[4,8,16,13,1,19,22,9,12,21,24],[24,12,4,16,1,8,20,13],[16,8,12,20,24,4,13,1],[4,8,12,16,1,24,20,13],[24,16,12,4,13,1,8],[16,12,8,20,4,1,24,13],[12,4,24,16,13,1,5,8,19],[20,24,4,8,16,1,12,13],[8,20,4,24,12,16,1,13],[8,16,4,1,24,20,12,13],[24,12,20,16,8,4,13,1],[4,12,16,1,24,8,20,13],[16,4,13,1,24,20,5,8,12],[12,16,8,20,4,1,24,13],[12,8,24,4,20,16,13,1],[16,4,1,24,12,8,20,13],[12,24,8,20,16,4,13,1],[12,20,24,16,4,1,8,13],[4,20,8,16,13,1,9,12],[8,20,4,16,13,1,23,9,12],[24,12,16,20,4,13,1],[12,24,8,4,16,13,1],[16,24,8,20,12,4,13,1],[16,24,20,12,8,4,13,1],[20,16,8,24,12,4,13,1],[20,16,24,4,1,8,12,13],[16,12,24,8,20,4,1,13],[24,16,4,13,1,11,20],[24,16,4,1,12,20,8,13],[12,20,8,24,16,4,13,1],[20,12,16,4,13,1,6],[16,20,4,13,1,6,11,23],[24,20,12,4,16,1,8,13],[8,4,12,24,20,16,1,13],[8,24,4,16,1,12,20,13],[24,12,20,4,8,16,13,1],[16,12,24,8,20,4,1,13],[8,12,16,20,4,1,24,13],[8,20,12,4,24,16,1,13],[8,12,16,20,24,4,13,1],[4,8,24,20,12,16,13,1],[8,16,20,4,13,1,21,24],[16,12,24,20,8,4,1,13],[16,12,4,1,24,8,20,13],[20,16,4,1,12,24,8,13],[24,16,4,1,8,12,20,13],[24,8,20,12,4,16,1,13],[24,8,20,16,4,1,12,13],[20,12,4,24,16,1,8,13],[20,12,4,16,1,24,8,13],[16,20,4,13,1,11,22,7,23],[20,24,8,16,4,1,9,12,13],[12,24,16,8,4,13,1],[16,4,1,8,20,24,12,13],[16,8,20,4,13,1,10,24],[12,20,24,4,8,16,1,13],[12,20,8,24,16,4,1,13],[4,12,16,13,1,8,19,22,17],[20,4,16,1,8,24,12,13],[24,12,20,8,16,4,13,2],[20,12,16,8,24,4,1,13],[20,4,12,24,16,1,8,13],[8,12,16,24,4,1,20,13],[8,4,12,24,16,1,20,13],[24,8,4,20,12,16,13,1],[16,12,4,13,1,23,5,8,18,21,24],[12,16,8,4,13,1,18,22,21,24],[16,12,4,13,1,8,24],[24,12,8,20,4,16,13,1],[12,16,24,8,4,1,20,13],[8,20,4,12,24,16,1,13],[20,12,16,4,13,1,24],[12,8,16,20,24,4,1,13],[20,4,24,16,1,8,12,13],[8,4,12,24,20,16,13,1],[20,16,4,13,1,8,12,22],[12,24,8,4,16,13,1,18],[12,8,16,4,1,20,24,13],[4,12,24,20,8,16,13,1],[8,20,24,16,12,4,13,1],[8,24,12,16,20,4,13,1],[12,8,24,4,16,1,20,13],[4,8,24,16,1,20,12,13],[4,16,13,1,22,5,8,20,9,12,24],[24,8,20,12,16,4,13,3,1],[20,16,8,24,12,4,13,1],[12,16,20,24,8,4,1,13],[4,24,20,8,12,16,1,13],[4,16,1,12,24,20,8,13],[24,12,16,20,8,4,13,1],[4,20,16,13,1,12,23,7],[12,4,24,20,8,16,13,1],[24,8,4,16,1,12,20,13],[8,12,4,20,16,1,24,13],[20,4,16,13,1,24,12],[20,24,4,12,8,16,13,1],[20,16,24,4,1,12,8,13],[8,16,12,4,13,1,20,21,22,24],[20,12,8,24,16,4,1,13],[12,8,20,4,24,16,13,1],[4,20,16,13,2,8,22,12],[20,16,24,8,4,13,1],[20,4,16,1,12,8,24,13],[24,20,4,8,12,16,13,1],[24,4,8,12,20,16,13,1],[8,4,16,1,20,24,12,13],[4,24,12,8,20,16,1,13],[12,16,4,1,24,8,20,13],[4,16,1,24,8,20,12,13],[24,20,16,8,12,4,1,13],[16,24,4,1,20,12,7,13],[24,16,20,4,1,12,8,13],[16,12,24,20,8,4,13,3,1],[20,12,16,24,4,13,1],[4,12,16,13,1,21,24,20],[24,4,16,13,1,20,11],[16,8,12,4,1,24,20,13],[20,8,24,16,4,1,12,13],[12,24,16,4,1,8,20,13],[8,24,16,20,4,1,12,13],[24,8,12,16,4,13,1],[24,4,8,12,20,16,13,1],[16,12,20,4,1,24,8,13],[12,20,16,4,13,2,5,8,22,21,24],[24,12,4,8,20,16,1,13],[20,12,16,24,8,4,13,1],[24,16,20,12,4,1,8,13],[20,8,4,16,13,1,11,23],[24,20,16,8,4,13,1],[20,16,4,1,12,24,8,13],[20,16,8,24,4,13,1,9,12],[20,8,16,24,12,4,13,1],[16,20,12,24,8,4,13,1],[4,8,20,24,16,13,1,10],[20,12,24,16,8,4,1,13],[12,24,4,8,16,1,20,13],[16,20,21,24,8,12,4,13,1],[24,16,4,1,12,20,8,13],[4,8,12,24,16,13,2,19],[12,4,8,24,16,13,1],[16,8,4,1,12,20,24,13],[8,20,12,24,16,4,13,1],[24,16,12,8,4,13,1],[4,20,8,24,12,16,1,13],[12,24,4,20,16,1,8,13],[8,24,12,16,4,13,1],[12,24,8,4,16,1,20,13],[20,24,4,16,13,1,8,12],[24,16,20,8,4,1,12,13],[12,4,24,8,16,1,20,13],[4,8,12,20,16,1,24,13],[16,12,24,4,1,20,8,13],[8,4,12,24,16,13,1],[20,4,12,16,1,24,8,13],[8,16,4,1,24,20,12,13],[12,16,4,1,20,24,8,13],[4,12,8,16,13,1,20],[12,4,24,8,20,16,1,13],[20,24,16,8,4,1,12,13],[20,4,8,16,13,1,22,10,21,24],[8,4,16,13,1,19,23,11,21,24],[8,4,12,20,24,16,13,1],[20,8,4,12,16,13,1],[4,24,16,13,1,19,10,6],[4,12,16,13,1,17,24],[24,20,12,8,16,4,1,13],[16,20,24,8,12,4,1,13],[24,8,16,4,13,1,12],[16,4,13,1,18,8,12,23,24],[12,24,16,4,13,1,19,5,8],[4,20,16,13,1,11,21,24],[20,4,12,8,24,16,1,13],[24,4,16,1,12,20,8,13],[24,4,16,13,1,20,7,9,12],[20,4,16,1,22,12,8,24,13],[24,16,8,4,13,1,9,12],[8,12,4,20,24,16,1,13],[4,24,16,1,12,8,20,13],[8,16,20,4,1,12,24,13],[8,24,20,12,4,16,13,1],[4,12,8,16,1,24,20,13],[8,24,20,16,12,4,1,13],[24,20,8,16,4,1,12,13],[12,8,4,24,16,13,1],[4,20,24,12,8,16,13,1],[24,12,16,4,1,20,8,13],[16,4,1,12,24,20,8,13],[8,24,16,4,13,1,18,11],[12,24,16,8,20,4,1,13],[20,8,24,12,4,16,13,1],[4,16,13,1,24,7,20,9,12],[16,4,1,12,24,8,20,13],[8,20,12,16,4,1,24,13],[12,20,8,16,24,4,1,13],[8,4,12,16,1,20,24,13],[24,12,8,16,4,1,20,13],[12,8,4,20,24,16,1,13],[12,8,24,20,16,4,1,13],[12,8,16,24,20,4,13,1],[24,8,4,20,16,13,1,12],[12,20,4,16,13,1,7,21,23,24],[4,8,12,20,24,16,1,13],[12,20,16,24,8,4,13,1],[4,16,1,24,8,12,20,13],[24,20,4,16,13,1,7,12],[24,4,20,16,1,8,12,13],[4,12,20,24,8,16,13,1],[12,4,20,16,13,1,8,23],[8,4,12,20,16,1,24,13],[24,12,16,20,8,4,13,1],[4,24,16,1,8,20,12,13],[20,12,16,24,4,1,8,13],[20,12,24,4,8,16,1,13],[20,24,4,16,13,1,12],[12,20,24,16,4,13,1],[4,16,13,1,9,12,24,8],[16,8,24,4,13,1,9,12],[20,24,12,8,16,4,13,1],[12,16,4,1,20,24,8,13],[8,20,4,24,12,16,13,1],[4,20,12,8,24,16,13,1],[4,16,13,1,17,5,8,10,21,24],[8,16,20,4,13,1,9,12,23],[12,24,8,20,4,16,1,13],[8,12,20,24,4,16,1,13],[12,4,8,20,16,1,24,13],[4,16,13,1,22,7,10,18,23,8],[8,12,16,4,1,20,21,24,13],[16,24,12,8,4,13,1],[8,24,4,12,16,1,20,13],[20,12,24,16,8,4,13,1],[8,16,20,4,13,1,10,21,22,24],[20,16,24,4,13,1,7,10],[16,24,4,1,12,20,8,13],[16,12,8,4,1,24,20,13],[8,20,24,12,16,4,1,13],[4,20,16,1,24,12,8,13],[16,4,13,1,19,9,12,23,5,8,20],[8,24,12,4,16,1,20,13],[4,20,24,12,8,16,13,1],[8,20,24,4,12,16,13,1],[16,20,24,4,1,12,8,13],[4,12,20,24,16,13,1],[20,4,12,16,13,1,6],[4,20,12,16,1,24,8,13],[12,16,8,4,1,20,24,13],[4,20,12,16,13,1,6],[20,4,12,8,16,1,24,13],[16,20,4,1,24,12,8,13],[8,12,16,24,4,13,1],[20,12,8,24,16,4,13,1],[24,20,4,12,16,13,1],[12,4,16,1,5,8,13,22,20],[16,4,1,12,20,8,24,13],[20,24,16,4,13,1,12],[4,12,16,1,24,8,20,13],[24,20,4,12,16,13,1],[4,12,8,20,24,16,1,13],[16,20,4,13,1,23,9,12,7,24],[20,24,8,12,16,4,1,13],[4,20,12,24,16,13,1],[12,20,8,16,4,1,24,13],[8,20,12,16,24,4,13,1],[16,12,24,20,4,13,1],[4,24,20,12,16,13,1],[24,8,20,4,16,13,1],[12,8,20,24,16,4,13,1],[16,4,13,1,21,24,7,11,17],[16,8,20,24,4,13,1,9,12],[20,4,24,16,1,8,12,13],[4,20,12,8,24,16,13,1],[8,4,12,24,20,16,1,13],[12,4,24,16,13,1,18,8],[24,8,4,16,13,1,11,19],[12,4,8,24,16,13,1],[16,20,24,8,4,13,1],[4,16,1,20,8,24,12,13],[8,16,4,1,24,20,12,13],[12,16,24,4,1,20,8,13],[16,8,24,4,1,12,20,13],[20,4,12,8,24,16,1,13],[8,16,12,4,13,1,24],[16,20,4,1,12,8,24,13],[16,8,12,20,24,4,1,13],[16,4,13,1,17,7,23,12,24],[12,24,20,16,8,4,13,1],[8,24,4,16,13,1,12],[4,20,8,12,16,1,24,13],[24,20,12,8,16,4,1,13],[8,12,4,16,1,24,20,13],[8,12,4,20,16,1,24,13],[24,12,4,8,20,16,1,13],[4,8,12,20,24,16,13,1],[20,8,4,24,16,13,1,10],[24,4,16,1,12,20,8,13],[20,4,8,12,16,13,1,23],[8,12,24,4,16,13,1],[12,20,16,8,24,4,13,1],[12,8,24,4,20,16,1,13],[20,4,16,1,12,8,24,13],[8,24,12,16,4,13,1],[4,8,12,24,20,16,13,1],[4,12,24,20,16,13,1],[20,8,16,4,13,1,21,24],[20,16,24,8,12,4,13,1],[8,4,12,16,13,1,24],[20,4,12,24,16,1,8,13],[4,12,16,1,20,24,8,13],[16,24,8,12,4,13,1],[12,16,24,4,13,1,5,8,18],[4,20,24,16,1,8,12,13],[24,8,4,16,1,12,20,13],[24,12,4,20,8,16,13,1],[4,24,20,8,16,1,12,13],[12,4,8,20,16,13,1,23],[12,24,20,16,4,13,1],[16,12,24,8,20,4,1,13],[16,24,4,13,1,12,5,8,19],[20,12,4,24,16,13,1],[4,16,13,1,9,12,8,23,19,18],[8,20,4,12,16,1,24,13],[4,20,16,1,24,8,12,13],[20,16,8,24,4,1,12,13],[16,8,12,24,20,4,13,1],[4,12,20,24,8,16,13,1],[8,20,4,24,16,13,1],[16,20,12,24,4,13,1],[24,8,4,20,16,13,2,10],[4,16,1,20,8,24,9,12,13],[16,4,1,20,12,8,24,13],[12,20,8,4,24,16,1,13],[24,4,16,13,1,7,19,11,17],[16,24,8,12,4,13,1],[12,20,8,4,24,16,1,13],[8,20,16,4,1,12,24,13],[20,4,24,8,12,16,13,1],[12,4,8,24,16,13,1],[4,20,16,1,24,8,12,13],[16,4,1,24,20,12,8,13],[12,8,16,20,4,1,24,13],[4,16,13,1,12,7,21,24,20],[4,12,8,24,16,13,1],[8,12,4,24,16,13,1],[12,24,4,20,16,1,8,13],[8,4,12,16,1,20,24,13],[12,20,4,8,16,13,1,22],[24,16,4,13,1,8,9,12],[24,20,8,4,12,16,1,13],[12,8,4,24,16,1,20,13],[20,16,12,8,24,4,13,1],[4,16,13,1,17,24,12],[20,16,24,12,8,4,13,1],[8,4,24,12,20,16,1,13],[8,20,4,16,1,24,12,13],[4,24,12,16,1,8,20,13],[12,16,20,24,4,1,8,13],[4,8,16,13,1,10,21,24,18],[24,12,8,16,20,4,13,1],[20,8,4,16,1,24,12,13],[24,16,20,12,8,4,13,1],[4,20,8,24,12,16,13,1],[20,24,12,16,8,4,1,13],[8,20,16,24,4,13,1,9,12],[16,24,4,1,12,20,8,13],[4,8,20,16,13,1,22,12],[16,20,4,1,24,8,12,13],[4,24,12,16,13,1,19,5,8],[20,24,12,4,16,1,8,13],[20,16,4,1,24,12,8,13],[24,16,4,1,8,20,12,13],[4,20,8,16,1,12,24,13],[12,24,20,16,8,4,1,13],[20,16,12,8,24,4,13,1],[20,16,24,8,12,4,1,13],[4,20,12,16,13,1,23,8],[8,4,12,24,16,1,20,13],[8,12,16,20,24,4,1,13],[24,4,16,13,1,7,19,11,17],[20,8,24,4,12,16,1,13],[24,20,8,12,16,4,13,3,1],[4,24,16,1,12,8,20,13],[24,20,16,8,12,4,1,13],[4,8,24,20,12,16,13,1],[20,24,12,8,16,4,1,13],[12,4,24,20,16,13,1],[24,20,8,12,16,4,1,13],[16,20,4,1,24,8,12,13],[8,24,12,20,16,4,13,1],[20,4,12,16,1,8,24,13],[12,4,16,13,1,7,18,21,24],[16,8,24,12,20,4,1,13],[24,20,4,16,13,1,5,8,12],[8,20,4,24,12,16,1,13],[12,4,8,16,13,1,22,19,21,24],[8,24,4,12,20,16,13,1],[8,16,4,1,12,24,20,13],[12,4,8,20,16,13,1],[4,8,12,24,16,1,20,13],[4,24,12,20,16,1,8,13],[12,16,4,13,1,24,19,6],[8,20,4,16,1,24,12,13],[12,8,4,24,16,1,20,13],[20,8,16,24,12,4,1,13],[8,16,12,20,2,24,13],[16,20,12,8,24,4,1,13],[16,24,8,20,12,4,1,13],[24,12,8,20,16,4,13,1],[16,8,12,4,13,1,17,22],[24,12,20,16,8,4,13,1],[12,16,24,8,20,4,13,1],[20,24,8,16,4,13,1,12],[12,24,4,8,20,16,1,13],[20,16,8,12,4,13,1,22],[8,20,24,4,16,1,12,13],[24,20,4,8,16,1,12,13],[12,4,16,13,1,18,5,8,21,24],[20,8,16,4,13,1,21,24,12],[20,24,16,8,4,13,1,12],[4,16,13,1,7,12,23,17,22],[20,8,16,12,24,4,1,13],[24,4,12,8,20,16,1,13],[12,16,8,4,1,24,20,13],[24,8,16,20,4,1,12,13],[20,24,8,4,16,13,1],[24,16,12,4,1,20,8,13],[4,24,16,13,1,17,6,12],[16,24,12,20,4,1,8,13],[4,8,20,24,12,16,13,1],[8,16,4,13,1,17,23,12],[4,16,13,1,10,18,5,8,24],[12,20,24,4,8,16,13,1],[20,12,24,4,8,16,13,1],[24,8,4,16,1,12,20,13],[20,8,4,12,16,1,24,13],[4,16,13,1,24,6,10,20],[24,8,4,16,13,1,11,19],[24,20,12,8,16,4,13,1],[24,12,8,4,16,13,1],[8,4,20,24,12,16,13,1],[12,16,8,24,4,13,1],[12,24,8,16,20,4,13,1],[20,12,4,24,16,1,8,13],[24,20,12,8,16,4,1,13],[20,8,24,4,12,16,1,13],[4,8,24,16,13,1,18,11],[4,20,24,12,8,16,13,1],[24,16,20,4,13,1,7,10],[24,12,20,8,4,16,1,13],[12,8,20,24,16,4,1,13],[12,20,16,4,13,1,22,8],[8,20,16,4,13,1,21,24,9,12],[24,20,4,8,16,1,12,13],[8,12,16,20,4,1,24,13],[8,4,24,16,1,12,20,13],[12,20,16,24,8,4,13,1],[16,8,20,12,4,1,24,13],[24,12,4,8,16,1,20,13],[20,12,4,8,16,13,1,24],[20,4,24,8,16,13,1,12],[24,12,8,20,16,4,1,13],[8,16,12,20,4,13,1],[4,16,1,8,20,12,24,13],[8,24,12,20,16,1,15,5,13],[20,8,12,4,24,16,1,13],[24,4,12,8,16,13,1],[20,8,16,4,13,1,10,24],[4,20,12,8,24,16,1,13],[4,16,1,8,17,12,24,13],[20,12,16,4,13,1,7,21,24],[20,12,24,16,8,4,13,1],[4,12,20,24,16,1,8,13],[16,8,20,24,12,4,13,1],[8,4,24,12,16,1,20,13],[16,20,8,12,4,1,24,13],[8,16,24,4,1,12,20,13],[12,20,24,4,8,16,13,1],[4,16,1,24,20,12,8,13],[20,4,8,24,12,16,1,13],[20,16,12,8,4,13,1,23],[16,12,20,4,1,24,8,13],[20,24,12,8,4,16,13,1],[16,24,20,8,4,1,12,13],[16,12,20,24,4,13,1],[16,12,4,13,1,20,5,8,23],[24,4,20,12,16,1,8,13],[16,8,20,4,13,1,11,22],[8,12,20,24,16,4,13,1],[20,4,24,12,16,13,1],[8,24,4,12,20,16,1,13],[24,20,4,8,16,13,1,12],[4,24,12,20,16,1,8,13],[24,8,20,4,16,13,1,11],[12,24,8,16,20,4,13,1],[12,4,20,8,24,16,13,1],[20,12,24,4,16,1,8,13],[20,8,12,24,4,16,1,13],[20,8,24,16,12,4,1,13],[16,20,8,4,1,24,12,13],[12,20,16,4,1,24,8,13],[12,8,24,4,16,13,1],[24,4,8,20,12,16,1,13],[4,8,24,20,12,16,13,1],[12,24,8,16,4,1,20,13],[8,24,20,16,4,13,1],[24,4,20,16,1,12,8,13],[24,8,16,4,13,1,11,20],[16,20,4,13,1,6,11,21,24],[24,8,12,16,4,13,1],[8,24,20,12,16,4,13,1],[20,8,12,24,16,4,13,1],[16,4,13,1,18,22,12,7,21,24],[4,16,1,12,20,8,24,13],[24,4,8,12,20,16,1,13],[20,24,16,4,1,8,12,13],[20,12,16,24,4,1,8,13],[24,8,16,4,1,12,20,13],[24,20,12,16,8,4,13,2],[24,12,16,20,4,13,1],[24,4,20,12,16,13,1],[8,20,24,16,12,4,13,1],[16,24,20,8,1,12,13],[20,8,4,24,12,16,13,1],[12,16,4,1,24,8,20,13],[4,8,20,16,13,1,11,24],[20,16,12,24,8,4,13,1],[4,20,12,16,1,8,24,13],[4,16,13,1,12,7,23,20,22],[20,12,16,4,1,24,8,13],[20,24,16,8,12,4,13,1],[8,24,12,4,16,1,20,13],[16,5,8,13,12,19,2,22,17,21,24],[20,12,4,16,1,24,8,13],[16,4,1,12,24,20,8,13],[12,16,20,4,13,1,21,24],[16,24,20,12,7,4,13,1],[20,12,16,4,13,1,24],[16,24,8,20,12,4,13,1],[8,24,12,20,4,16,1,13],[8,4,24,20,12,16,13,1],[8,16,4,1,24,12,20,13],[16,20,4,1,8,12,24,13],[12,20,24,8,16,4,1,13],[8,4,20,24,12,16,13,1],[4,24,8,20,16,13,1,10],[8,20,16,24,4,13,1],[4,20,24,12,16,13,1],[4,20,24,12,8,16,1,13],[24,4,20,8,12,16,1,13],[8,4,20,16,13,1,10,21,24],[20,24,8,16,12,4,1,13],[24,20,12,4,8,16,1,13],[8,20,16,24,12,4,13,1],[20,16,8,24,4,1,12,13],[4,20,16,13,1,23,10,7,22,6],[4,8,24,12,20,16,1,13],[16,8,20,4,1,12,24,13],[20,16,1,8,24,12,13],[16,8,24,20,4,1,12,13],[8,20,12,16,4,13,1,23],[20,16,12,8,24,4,13,1],[8,12,24,16,4,1,20,13],[12,24,8,20,4,16,13,1],[16,4,13,1,5,8,17,12,23,21,24],[24,12,16,8,4,1,20,13],[24,8,4,16,1,20,12,13],[16,12,20,24,4,1,8,13],[20,8,4,24,12,16,1,13],[24,12,16,4,1,8,20,13],[20,12,4,8,24,16,1,13],[8,16,4,1,12,17,24,13],[4,8,24,20,12,16,1,13],[20,24,8,4,12,16,13,1],[16,8,20,4,1,24,12,13],[4,20,16,1,24,12,8,13],[4,12,20,24,16,13,1],[24,20,4,12,16,1,8,13],[4,20,8,16,1,12,24,13],[4,20,8,16,1,12,24,13],[24,20,12,16,8,4,13,1],[4,16,1,24,8,20,12,13],[24,20,12,16,8,4,1,13],[24,16,12,4,13,1,5,8,20],[20,12,16,4,1,24,8,13],[12,24,20,4,8,16,1,13],[16,4,13,1,11,8,17,22,24],[16,4,1,8,12,24,20,13],[8,24,12,4,16,1,20,13],[20,8,24,4,16,1,12,13],[20,16,4,1,24,12,8,13],[4,20,16,13,1,24,8],[8,20,24,16,4,1,12,13],[16,4,1,24,8,12,20,13],[20,8,4,12,24,16,1,13],[4,20,24,12,16,13,1],[16,12,8,20,4,13,1,24],[12,20,16,4,13,1,8,24],[20,8,16,24,12,4,1,13],[16,20,24,4,13,1,8],[16,4,13,1,10,5,8,21,24,19,18],[4,24,12,20,8,16,1,13],[12,4,8,16,1,20,24,13],[16,20,24,4,1,12,8,13],[24,8,12,4,20,16,13,1],[8,20,16,24,12,4,1,13],[8,16,12,4,13,1,19,24],[12,8,16,24,20,4,13,1],[8,4,20,16,1,12,24,13],[20,16,8,12,4,1,24,13],[12,4,24,8,16,1,20,13],[12,16,8,24,20,4,13,1],[12,16,20,8,24,4,13,1],[20,16,8,4,13,1,23,11],[8,4,16,1,20,24,12,13],[20,12,16,24,4,1,8,13],[4,8,16,1,24,12,20,13],[16,12,4,13,1,7,20,24],[16,8,20,12,4,1,24,13],[20,4,16,1,24,12,8,13],[12,8,24,20,16,4,1,13],[16,20,8,4,13,1,12,24],[24,16,8,12,4,13,1],[16,8,20,24,12,4,1,13],[4,12,8,20,24,16,1,13],[24,20,16,12,4,13,1],[20,12,8,4,24,16,1,13],[4,8,24,20,16,1,12,13],[24,8,12,20,4,16,1,13],[12,20,24,4,8,16,1,13],[8,20,12,24,4,16,13,1],[12,16,24,8,20,4,13,1],[4,24,12,8,16,1,20,13],[12,24,4,20,16,13,1],[12,8,4,16,1,20,24,13],[8,16,4,13,1,23,19,12,18],[16,24,20,4,13,1,12],[8,24,12,16,20,4,1,13],[20,24,4,16,1,8,12,13],[24,4,8,20,16,13,1,10],[8,16,4,1,20,12,24,13],[8,4,24,12,20,16,1,13],[16,4,1,8,20,12,24,13],[12,24,20,4,8,16,13,1],[20,24,12,16,4,1,8,13],[20,12,16,24,8,4,13,1],[16,4,1,20,12,24,8,13],[20,4,12,24,8,16,13,1],[20,24,16,8,12,4,13,1],[20,4,12,24,16,1,8,13],[4,16,13,1,9,12,21,24,19,8],[20,16,24,12,4,13,1],[16,20,4,13,1,24,10],[16,20,4,13,1,8,10,23],[16,20,24,4,1,12,8,13],[20,8,12,4,24,16,13,1],[8,24,16,20,9,12,4,1,13],[24,12,20,16,4,13,3,1],[8,24,12,4,16,13,1],[8,12,24,16,4,1,20,13],[20,8,4,24,12,16,1,13],[20,12,16,4,13,1,5,8,23],[8,12,24,4,20,16,13,1],[12,16,4,13,1,5,8,24,19],[4,12,20,8,24,16,13,1],[12,16,8,20,4,13,1,24],[4,8,12,16,1,20,24,13],[12,20,16,24,8,4,13,1],[4,8,20,12,16,13,1,21,24],[8,24,16,20,12,4,1,13],[12,20,16,4,13,1,24],[8,24,20,16,12,4,1,13],[24,12,8,16,4,13,1],[4,20,12,16,1,24,8,13],[12,4,20,24,16,1,8,13],[8,4,20,24,12,16,1,13],[8,4,20,24,16,1,12,13],[16,12,4,13,1,24,19,6],[12,4,8,16,13,1,23,20],[12,16,4,1,20,8,24,13],[8,4,16,1,12,20,24,13],[20,16,8,12,4,1,24,13],[12,24,16,20,8,4,1,13],[24,8,16,4,1,20,12,13],[20,16,12,24,4,13,1],[16,4,1,20,8,24,12,13],[24,4,12,8,20,16,1,13],[12,16,20,24,8,4,1,13],[8,12,16,20,24,4,1,13],[8,12,24,16,20,4,1,13],[4,20,16,1,24,8,12,13],[4,16,1,20,24,12,8,13],[24,20,12,4,16,13,1],[8,20,24,4,12,16,1,13],[16,20,24,4,1,5,8,13,10],[8,16,12,20,24,4,13,1],[4,8,12,16,13,1,21,24],[24,12,16,4,13,1,8],[20,12,8,16,4,1,24,13],[20,4,8,16,1,12,24,13],[20,8,12,24,4,16,13,1],[24,4,16,13,1,18,9,12,5,8],[24,4,12,20,16,1,8,13],[24,4,20,8,12,16,1,13],[16,1,8,12,17,24,13],[8,20,16,4,1,12,24,13],[4,16,1,12,8,24,20,13],[16,8,4,13,1,20,21,24],[4,8,20,12,24,16,1,13],[20,24,16,4,13,1,7,12],[8,24,12,4,20,16,13,1],[12,24,20,4,16,13,2],[12,4,20,8,24,16,1,13],[4,20,24,16,13,1,7,11],[24,4,8,16,1,20,12,13],[4,20,8,12,16,1,24,13],[16,4,13,1,22,20,6,10],[16,4,13,1,7,23,10,20,21,24],[8,24,4,20,16,13,1],[4,16,1,24,20,12,8,13],[20,12,16,8,24,4,1,13],[8,20,12,4,16,1,24,13],[8,16,12,4,1,20,24,13],[24,12,8,20,4,16,1,13],[12,8,16,20,24,4,13,1],[4,24,12,8,20,16,13,1],[8,16,24,4,13,1,9,12],[12,4,16,13,1,8,20,22],[8,24,20,12,4,16,1,13],[12,4,16,13,1,7,20,24],[8,20,12,16,4,13,1],[4,8,24,12,16,1,20,13],[24,20,8,4,12,16,1,13],[12,8,24,16,20,4,13,1],[12,4,24,16,1,8,20,13],[16,17,4,1,12,24,8,13],[8,24,12,20,16,4,1,13],[16,4,1,8,20,24,12,13],[12,8,20,16,24,4,13,1],[24,4,20,16,13,1,12],[12,4,8,20,16,1,24,13],[16,24,4,13,1,12,17],[16,8,24,20,12,4,1,13],[24,20,4,12,8,16,1,13],[8,16,20,4,13,1,9,12,22],[16,4,1,8,24,12,20,13],[20,24,16,12,4,1,8,13],[24,16,12,20,4,1,8,13],[12,20,24,8,16,4,13,1],[24,4,8,20,12,16,1,13],[24,16,8,20,4,13,1,12],[24,4,16,1,20,8,12,13],[8,4,12,16,13,1,24],[8,20,4,16,1,24,12,13],[16,4,1,24,12,8,20,13],[20,24,8,4,12,16,1,13],[8,12,16,20,24,4,1,13],[4,20,24,8,12,16,1,13],[24,16,20,12,4,13,1],[16,24,8,4,1,12,20,13],[16,4,1,8,12,20,24,13],[16,12,20,8,24,4,13,1],[24,16,8,20,12,4,13,1],[12,8,16,24,20,4,13,1],[4,8,12,20,24,16,13,1],[4,24,8,16,13,1,12],[4,8,12,20,16,13,1],[4,16,1,24,20,12,8,13],[8,24,20,12,16,4,1,13],[4,16,1,8,20,12,24,13],[24,16,20,12,4,1,8,13],[4,16,13,1,6,20,24],[12,4,16,13,1,20,6],[16,24,12,8,20,4,13,1],[24,20,16,4,13,1,9,12],[12,16,4,13,1,6,24],[8,12,4,20,24,16,13,1],[24,16,12,4,13,1,5,8,18],[24,4,8,20,16,13,1],[20,12,4,16,13,1,7,24],[20,8,16,24,12,4,1,13],[4,8,24,20,12,16,1,13],[12,16,24,20,8,4,1,13],[24,4,16,1,8,12,20,13],[12,4,20,8,24,16,1,13],[12,24,8,20,4,16,1,13],[24,4,20,8,12,16,13,1],[24,4,20,12,16,13,1],[12,24,8,20,4,16,1,13],[24,16,12,8,4,1,20,13],[12,16,20,4,13,1,24],[4,24,8,16,1,12,20,13],[8,4,16,13,1,18,12,24],[20,12,8,16,4,13,1,24],[24,12,16,8,4,13,1],[12,16,4,1,8,24,20,13],[24,8,20,4,16,13,1,10],[12,4,16,1,20,8,21,24,13],[12,4,24,8,16,1,20,13],[24,20,4,16,13,1,12],[4,24,16,1,20,12,8,13],[16,24,4,13,1,6,20],[8,16,24,4,13,3,1,9,12],[8,24,4,16,13,1,12],[12,8,16,20,24,4,13,1],[20,12,16,8,4,13,1,21,24],[4,8,24,20,16,13,1,10],[8,20,16,12,4,1,24,13],[4,20,16,13,1,22,7,11,21,24],[20,12,4,8,16,13,1],[8,16,12,24,4,13,1,20],[12,4,20,16,1,21,24,8,13],[4,12,20,16,1,8,24,13],[4,20,16,1,12,8,24,13],[8,20,16,4,1,24,9,12,13],[16,4,1,8,12,24,20,13],[8,16,12,4,1,20,24,13],[8,16,4,1,12,24,20,13],[4,16,13,3,1,18,24,12,5,8],[16,4,1,20,12,8,24,13],[20,8,16,12,4,13,1,21,24],[20,8,16,24,12,4,13,1],[20,4,16,1,8,12,24,13],[12,16,24,4,13,1,17],[16,20,4,13,1,8,23,12],[12,16,4,13,1,18,22,6,21,24],[12,20,24,16,8,4,1,13],[12,4,8,20,24,16,1,13],[8,16,20,4,1,12,24,13],[8,24,16,20,12,4,13,1],[20,8,4,16,1,12,24,13],[20,8,16,4,13,1,11,21,24],[16,20,4,1,8,24,12,13],[4,20,8,12,16,1,24,13]],"n_human":5}