{"problem_id":"ZQ7n6qCzp44MHrJ","sigma":150,"alpha":0.316,"cost":1,"probabilities":"[0.31, 0.22, 0.27, 0.2]","payoff_matrix":"[[-171, 0, 161, -91, 279, -145], [-178, -189, -215, -218, 105, 75], [155, 173, -4, 133, 65, -347], [107, 225, -101, 40, -103, 21]]","uncovered":[[1,17,5,9,19,11,13,21,18,10],[9,21,13,5,1,17,19,11,10,8,7,18,6],[13,17,1,5,21,9,19,11,18,12],[13,1,17,9,19,11,21,5,10,7,18,6],[21,1,13,5,17,9,19,11,10,6,15,18],[13,21,9,5,17,19,11,1,10,7,18,6],[9,21,17,19,11,1,5,13,18,10],[1,9,21,5,17,11,19,13,10,7,18,8,6],[21,5,13,9,17,19,11,1,10,7,18,6],[5,9,21,13,17,11,19,1,10,8,7,18,6],[21,9,17,11,19,5,13,1,18,10],[17,9,19,11,1,21,5,13,18,10],[21,17,9,19,11,5,1,13,18,10],[1,9,21,13,17,11,19,5,10,7,18,6],[9,17,11,19,1,21,5,13,18,10],[5,1,17,9,19,11,13,21,10,8,7,18,6],[1,21,17,5,9,11,19,13,10,7,6,16,20,15,18],[21,5,17,9,11,19,13,1,18,12],[13,17,9,19,11,5,1,18,21,10],[9,13,1,17,11,19,21,5,18,10],[21,13,17,1,5,9,11,19,10,7,6,16,20,15,18],[21,17,9,11,19,13,1,5,10,6,16,18],[17,1,21,9,19,11,13,7,5,10,18,8,6],[13,17,9,19,11,1,5,21,18,12],[21,13,5,1,9,17,11,19,10,7,6,14,18],[21,17,9,11,19,13,5,18,2,10],[17,5,9,19,11,13,21,1,10,7,6,18],[17,1,9,19,11,5,21,13,18,12],[21,9,17,19,11,13,5,1,10,6,14],[5,21,17,1,13,9,11,19,10,8,7,18,6],[1,17,13,9,11,19,21,5,18,10],[1,5,21,17,9,19,11,13,10,7,6,16,18],[5,17,21,1,13,9,19,11,18,10],[21,13,17,1,5,9,11,19,10,6,14],[21,1,5,17,9,11,19,13,10,7,18,6],[17,9,19,11,21,10,5,13,1,7,18,6],[13,17,5,21,1,9,11,19,10,7,18,6],[9,1,17,19,11,13,21,5,18,10],[9,5,17,11,19,21,1,13,18,12],[13,17,5,9,19,11,1,23,10,7,6,15,16,20,18],[1,17,13,5,21,9,19,11,18,10],[1,17,13,5,9,11,19,21,10,8,7,18,6],[9,5,17,11,19,13,1,21,10,6,14],[1,9,17,11,19,13,21,5,18,10],[13,9,21,17,11,19,5,1,10,7,20,6,14,24,18],[13,1,5,9,21,17,11,19,18,10],[17,5,21,1,13,9,11,19,18,12],[13,5,21,9,17,19,11,18,3,1,10],[17,9,19,11,13,21,1,5,18,12],[17,21,13,1,5,9,11,19,18,10],[13,1,21,17,9,11,19,5,18,10],[13,21,1,9,5,17,19,11,18,10],[17,1,13,5,21,9,19,11,10,7,18,6],[17,9,19,11,1,5,13,21,18,10],[5,21,1,9,13,17,19,11,10,7,6,14,18],[13,5,21,17,9,19,11,1,18,10],[13,1,9,5,17,19,11,21,18,10],[1,13,17,9,11,19,21,5,18,10],[13,1,17,21,5,9,19,11,10,7,18,6],[1,21,13,5,9,17,19,11,10,7,6,14,18],[17,9,11,19,1,13,21,5,18,10],[5,9,21,13,17,19,11,1,18,10],[13,21,9,5,1,17,11,19,18,12],[21,17,1,5,9,19,11,13,18,10],[5,21,13,9,1,17,11,19,18,12],[21,5,17,9,19,11,1,13,10,7,18,6],[21,5,13,1,17,9,19,11,10,7,6,18],[1,17,9,11,19,7,5,21,13,18,10,6],[1,13,21,5,17,9,19,11,10,7,6,16,15,18],[1,5,13,17,9,19,11,21,18,10],[9,1,21,13,5,17,11,19,18,10],[17,1,13,21,9,19,11,5,18,10],[17,13,5,1,21,9,11,19,18,10],[17,13,9,11,19,1,5,21,18,12],[5,17,1,9,11,19,13,21,10,7,6,15,22,18],[17,13,5,1,9,19,11,21,10,7,6,15,20,14,3,22,4,18],[13,17,9,11,19,1,21,5,18,10],[13,17,1,9,19,11,5,21,18,10],[9,13,17,11,19,5,1,21,18,10],[17,9,19,11,21,1,5,13,10,7,6,16,20,15,18],[13,5,21,1,17,9,19,11,10,7,6,14,18],[9,17,11,19,13,1,21,5,10,6,14],[1,9,21,13,17,11,19,10,5,7,6,16,18],[1,5,9,21,13,17,11,19,18,10],[17,21,5,1,9,19,11,13,10,7,6,15,14,24],[1,13,21,5,9,17,19,11,10,7,18,6],[21,17,5,9,11,19,13,1,10,7,6,16,15,18],[1,13,9,17,11,19,5,21,10,7,18,6],[9,21,1,5,17,19,11,13,18,10],[5,21,9,17,11,19,1,13,10,8,7,18,6],[5,1,21,17,13,9,11,19,18,12],[1,5,21,17,9,19,11,13,18,10],[1,17,21,13,9,19,11,5,18,10],[21,17,13,1,5,9,19,11,10,7,6,14,2],[17,5,21,9,19,11,18,1,13,10],[5,17,1,9,11,19,21,13,18,10],[9,1,17,11,19,13,21,5,10,8,7,18,6],[1,13,17,5,9,11,19,21,10,8,7,18,6],[13,5,9,21,17,11,19,1,10,6,15,14],[9,21,13,1,5,17,19,11,10,7,6,14,18],[5,1,13,9,21,17,19,11,10,7,6,15,14,20,23],[21,1,13,17,5,9,19,11,10,7,18,8,6],[5,17,13,21,9,19,11,1,10,7,6,14,18],[21,17,5,13,1,9,19,11,18,10],[1,9,17,19,11,13,5,21,18,10],[9,13,5,21,1,17,11,19,18,10],[1,5,13,17,21,9,11,19,18,10],[9,21,1,5,17,11,19,10,13,8,7,18,6],[5,9,21,1,13,17,19,11,10,7,6,18],[9,17,11,19,21,13,5,1,18,10],[9,17,11,19,5,1,10,21,13,7,6,16,14,20,22,23],[1,13,21,17,9,19,11,5,18,10],[5,1,17,21,13,9,11,19,10,6,16,15,18],[13,5,21,9,17,19,11,1,10,6,15,20,14,23],[17,5,1,21,13,9,19,11,18,10],[21,1,9,17,11,19,13,5,10,7,6,16,20,15,18],[5,1,13,9,17,11,19,18,21,10],[21,1,5,17,13,9,11,19,18,10],[13,5,21,1,17,9,11,19,10,7,6,14,20,23],[13,21,1,5,9,17,11,19,18,12],[21,1,5,9,17,19,11,13,18,10],[21,1,5,13,9,17,11,19,18,10],[9,1,13,5,21,17,11,19,18,10],[13,1,21,17,5,9,19,11,10,7,18,6],[5,1,17,21,13,9,11,19,10,7,6,15,18],[13,21,5,17,1,9,11,19,10,7,18,6],[1,13,5,21,9,17,11,19,10,7,18,6],[1,17,21,5,13,9,11,19,18,10],[21,9,1,17,11,19,5,13,10,7,6,16,23,18],[1,9,21,13,17,11,19,5,18,12],[9,13,1,5,17,11,19,21,18,10],[1,21,9,13,17,19,11,5,10,7,6,16,15,18],[1,5,17,13,21,9,11,19,10,7,18,8,6],[13,1,5,17,9,11,19,21,18,10],[21,17,13,1,9,11,19,5,18,10],[13,5,9,1,17,19,11,21,10,6,14],[21,13,17,1,9,19,11,5,10,7,18,6],[13,17,5,9,19,11,1,22,21,18,10],[1,21,13,5,9,17,11,19,18,10],[5,17,13,21,9,11,19,1,18,10],[9,21,5,17,11,19,1,13,18,10],[13,5,1,17,21,9,11,19,18,10],[5,1,9,17,11,19,13,21,10,7,18,6],[13,1,21,17,5,9,19,11,10,6,16,23,14],[9,17,19,11,13,5,1,21,10,7,6,15,14,18],[5,17,21,1,9,19,11,13,10,7,6,16,14,20,22,24,18],[21,5,9,1,13,17,11,19,10,7,6,15,16,20,18],[13,9,17,19,11,1,21,5,10,7,18,8,6],[5,1,13,9,21,17,11,19,10,8,7,18,6],[5,17,9,11,19,21,1,13,18,10],[9,5,13,1,21,17,19,11,10,6,15,18],[5,9,21,13,17,19,11,1,18,10],[13,1,9,5,21,17,11,19,10,7,18,6],[9,21,1,13,17,19,11,5,18,12],[21,1,17,5,9,11,19,13,10,7,6,16,18],[1,17,5,21,9,11,19,13,10,7,6,14,18],[1,17,9,19,11,13,21,5,10,7,6,16,18],[1,13,21,9,5,17,19,11,18,10],[1,21,9,17,11,19,5,13,10,7,18,8,6],[5,13,9,17,11,19,21,1,10,7,18,6],[17,5,21,13,1,9,11,19,10,7,6,14,24],[13,21,9,5,1,17,19,11,10,7,18,6],[13,9,1,21,17,19,11,5,18,12],[21,5,13,17,1,9,11,19,10,7,6,14,18],[21,9,13,1,17,11,19,5,18,10],[9,13,17,11,19,1,5,21,18,10],[5,13,17,9,11,19,1,21,18,10],[21,13,1,17,9,11,19,5,10,7,6,14,16,22],[5,13,9,1,21,17,19,11,10,7,18,8,6],[5,9,13,1,21,17,19,11,18,10],[1,13,17,9,19,11,21,5,18,10],[13,1,21,5,9,17,19,11,18,10],[21,13,17,5,1,9,19,11,18,12],[9,5,13,21,17,19,11,1,18,10],[21,5,17,13,9,19,11,1,10,7,6,15,14],[1,9,21,5,17,11,19,13,18,12],[9,1,5,17,11,19,21,13,18,10],[21,5,13,17,9,19,11,18,1,10],[17,21,9,11,19,1,13,5,10,8,7,18,6],[9,1,21,17,19,11,13,5,10,7,6,14,18],[21,17,1,5,9,19,11,13,18,10],[13,21,17,1,9,11,19,10,7,5,18,6],[13,17,5,1,9,11,19,21,18,12],[17,21,13,9,19,11,5,1,10,6,24,15,20,14,4,3,18],[9,17,11,19,13,21,1,5,18,10],[13,1,9,5,17,19,11,21,18,12],[9,1,5,21,13,17,11,19,10,7,6,18],[1,9,17,11,19,13,5,21,18,10],[5,13,21,9,1,17,11,19,18,10],[13,17,1,21,9,19,11,5,18,10],[21,1,5,13,17,9,11,19,10,7,6,16,18],[1,5,9,13,21,17,19,11,10,6,14],[1,17,9,19,11,21,13,5,18,10],[1,9,17,19,11,13,5,21,10,7,18,6],[21,9,1,5,17,11,19,13,18,10],[21,5,13,17,9,19,11,1,18,10],[13,21,1,9,5,17,11,19,18,12],[13,5,21,1,17,9,19,11,10,7,6,14,18],[17,13,21,9,11,19,5,1,18,12],[13,17,9,19,11,5,21,1,10,7,18,6],[9,1,13,5,17,11,19,21,18,10],[9,13,5,21,1,17,11,19,18,10],[1,13,9,5,21,17,19,11,10,7,6,15,18],[1,17,5,13,21,9,11,19,10,7,6,14,20,22,23],[17,13,21,1,5,9,19,11,10,8,7,18,6],[17,1,5,13,9,11,19,21,10,7,6,14,18],[1,17,9,19,11,21,5,13,18,10],[5,9,21,13,17,19,11,1,10,7,6,16,24,18],[9,13,21,1,5,17,19,11,18,10],[9,17,11,19,1,21,18,5,13,10],[21,13,1,5,9,17,11,19,10,7,6,20,15,14,23],[1,5,17,9,11,19,21,13,10,7,6,16,14,23],[9,5,13,17,19,11,1,21,18,10],[1,9,5,21,13,17,11,19,10,6,14],[1,5,17,9,19,11,13,21,10,7,18,6],[17,1,21,13,9,19,11,5,10,7,6,24,18],[21,9,17,11,19,13,5,1,10,8,7,18,6],[1,21,13,9,5,17,11,19,10,7,6,16,15,18],[9,1,21,13,5,17,11,19,18,10],[13,17,9,11,19,5,1,21,10,6,14],[21,1,17,9,19,11,13,5,18,10],[13,17,1,5,9,11,19,21,10,7,18,6],[17,9,19,11,1,13,5,21,10,7,6,15,18],[17,9,19,11,21,1,13,5,10,6,16,15,18],[5,13,21,17,1,9,11,19,18,10],[17,9,11,19,5,1,13,21,18,10],[21,1,17,13,5,9,19,11,18,10],[13,21,1,17,9,19,11,5,10,7,6,16,18],[21,13,1,9,5,17,19,11,18,10],[13,17,21,9,19,11,5,1,10,8,7,18,6],[21,13,9,5,17,11,19,1,10,7,18,6],[9,21,1,13,17,11,19,5,10,7,18,6],[5,21,1,17,9,19,11,16,10,13,7,6,20,15,14,22,24,4,8,18],[5,9,17,19,11,1,13,21,10,7,18,6],[1,13,5,9,17,11,19,18,21,10],[5,9,17,19,11,21,1,13,10,7,18,8,6],[9,21,13,1,17,19,11,5,18,10],[13,21,9,5,1,17,11,19,10,7,18,8,6],[13,9,21,5,1,17,11,19,18,10],[1,9,13,17,19,11,5,21,18,10],[9,13,17,19,11,1,21,5,10,8,7,18,6],[5,9,1,17,11,19,21,13,10,7,6,20,15,14,24,4,3,18],[1,13,5,17,21,9,11,19,10,7,18,8,6],[17,13,5,9,11,19,1,21,10,7,6,16,18],[17,5,13,9,11,19,1,21,10,6,14],[9,1,5,13,17,11,19,21,10,6,14],[1,13,17,9,11,19,21,5,10,7,18,6],[13,21,5,9,17,11,19,1,18,12],[5,1,13,21,17,9,19,11,18,12],[13,17,1,21,5,9,19,11,10,7,6,16,20,14,23],[1,17,5,13,21,9,11,19,10,6,16,18],[21,5,1,9,13,17,11,19,10,7,18,6],[13,17,5,9,19,11,1,21,10,6,14],[13,9,5,17,11,19,1,21,10,7,6,15,16,18],[5,21,1,9,17,11,19,13,10,7,6,14,18],[13,5,1,21,17,9,11,19,18,10],[17,5,13,9,19,11,1,22,21,18,10],[9,17,19,11,13,21,5,1,10,7,6,14,24],[1,13,21,9,5,17,19,11,18,10],[13,5,9,21,17,19,11,1,10,7,6,15,16,20,14,22,23],[9,17,19,11,1,21,10,13,5,7,18,8,6],[13,21,9,1,5,17,19,11,18,10],[9,1,13,5,17,11,19,21,18,12],[13,17,21,5,9,11,19,1,10,7,18,8,6],[13,21,1,17,5,9,11,19,10,6,14],[17,9,11,19,13,21,1,5,10,6,20,15,14,22,23],[1,9,5,21,13,17,19,11,10,7,6,15,16,20,14,2,23],[9,1,13,17,11,19,5,21,10,6,14],[13,21,1,5,9,17,11,19,18,12],[17,1,21,13,9,19,11,5,18,10],[1,9,5,21,13,17,19,11,10,7,18,6],[1,17,5,9,19,11,21,13,18,10],[13,21,5,9,1,17,11,19,18,10],[9,13,17,11,19,1,5,21,10,7,6,15,18],[1,5,9,13,21,17,11,19,18,12],[21,9,17,11,19,13,1,5,18,10],[1,17,21,9,11,19,13,5,10,7,6,15,20,14,22,2],[13,9,1,5,17,11,19,21,18,10],[9,5,21,13,17,19,11,1,10,7,6,16,15,18],[5,17,9,19,11,1,13,21,18,10],[5,1,21,17,9,11,19,13,18,10],[1,13,17,9,19,11,21,5,10,8,7,18,6],[9,13,5,21,17,19,11,1,18,12],[21,1,5,9,13,17,11,19,18,10],[13,1,9,17,19,11,5,21,10,7,18,8,6],[9,5,21,1,13,17,11,19,18,10],[21,1,9,13,5,17,11,19,10,7,18,6],[9,5,1,21,13,17,11,19,10,7,6,14,20,3,23,4,18],[1,21,9,5,13,17,11,19,10,7,18,6],[17,13,9,19,11,21,10,1,5,7,6,15,18],[9,1,13,5,17,19,11,21,18,12],[17,21,13,5,1,9,11,19,18,10],[17,13,5,9,19,11,1,21,10,6,16,23,20,15,14],[5,21,17,13,1,9,19,11,10,7,18,6],[1,5,9,21,17,11,19,13,18,12],[1,9,5,13,21,17,19,11,10,8,7,18,6],[1,13,5,9,21,17,19,11,18,12],[17,5,1,9,11,19,21,13,18,10],[5,17,13,21,1,9,19,11,10,7,6,16,20,15,18],[9,17,11,19,1,7,5,13,21,18,12,8,6],[9,5,1,21,17,11,19,13,18,10],[9,13,21,1,17,11,19,5,10,8,7,18,6],[1,13,17,5,21,9,11,19,18,10],[17,13,21,9,19,11,1,5,18,10],[9,1,13,21,5,17,19,11,18,10],[13,9,1,21,5,17,19,11,18,12],[21,13,9,5,1,17,19,11,10,7,6,16,20,15,18],[13,1,9,17,11,19,21,5,10,7,6,23,15,16,18],[17,9,11,19,1,21,5,13,18,10],[5,13,9,1,21,17,11,19,10,8,7,18,6],[1,9,21,17,11,19,5,13,10,7,6,14,20,22,23],[17,13,9,11,19,5,21,1,18,10],[21,9,5,17,11,19,1,13,18,10],[1,5,21,13,17,9,11,19,10,7,18,6],[17,13,1,21,5,9,11,19,18,12],[9,1,21,5,13,17,19,11,10,6,16,20,15,18],[1,5,13,9,21,17,11,19,18,10],[5,1,21,17,13,9,19,11,18,10],[17,1,21,13,5,9,11,19,10,7,18,6],[17,9,11,19,5,13,21,1,10,8,7,18,6],[9,13,1,21,17,11,19,5,18,10],[5,13,1,21,17,9,11,19,18,12],[17,1,9,19,11,23,13,10,5,7,18,6],[21,13,17,1,9,11,19,5,18,10],[21,5,17,9,11,19,13,1,18,10],[17,1,13,21,5,9,19,11,18,10],[21,5,1,9,17,19,11,13,18,10],[5,21,13,9,17,19,11,1,18,10],[9,5,13,1,21,17,19,11,10,6,15,16,18],[17,9,11,19,1,13,21,5,10,7,6,16,18],[21,1,13,17,9,11,19,5,10,7,6,14,18],[13,9,17,11,19,21,1,5,10,6,16,15,18],[1,21,9,13,17,11,19,5,18,10],[1,9,13,21,5,17,19,11,18,12],[13,21,1,9,17,19,11,10,5,6,16,20,15,18],[21,9,17,11,19,5,1,13,10,7,18,6],[5,9,13,17,19,11,21,1,10,6,14],[1,5,21,13,17,9,19,11,18,10],[17,9,19,11,5,21,1,13,10,7,6,14,18],[1,9,5,17,11,19,13,21,10,7,18,8,6],[13,21,1,5,9,17,19,11,18,10],[13,17,21,1,9,19,11,5,10,7,18,6],[1,21,13,17,9,19,11,5,18,12],[13,5,21,17,1,9,11,19,10,7,6,16,20,15,18],[13,17,21,5,1,9,11,19,10,8,7,18,6],[5,21,9,1,13,17,19,11,18,10],[5,1,21,17,13,9,11,19,10,7,18,6],[5,13,9,17,11,19,21,1,10,8,7,18,6],[17,1,5,21,13,9,19,11,10,7,18,6],[21,17,13,5,9,19,11,1,10,7,6,14,20,22,18],[9,21,5,13,1,17,11,19,10,6,15,18],[13,9,17,19,11,5,18,3,1,21,10],[21,17,5,9,19,11,1,13,18,10],[13,1,9,17,19,11,21,5,18,10],[1,17,21,9,11,19,13,5,10,7,6,15,16,20,14,24,2],[17,13,9,11,19,5,21,1,10,7,6,20,15,14,23],[9,21,5,1,13,17,11,19,10,7,18,8,6],[1,13,9,5,21,17,11,19,18,10],[9,5,17,19,11,21,13,1,10,7,6,15,18],[21,13,9,17,11,19,5,1,10,7,18,6],[17,21,1,9,19,11,5,13,18,10],[5,9,13,21,17,19,11,1,10,7,18,6],[1,17,21,13,5,9,19,11,18,10],[13,1,5,9,21,17,11,19,18,10],[17,1,5,13,9,11,19,21,18,12],[21,13,1,9,5,17,19,11,18,10],[9,17,19,11,21,13,5,1,10,7,18,6],[1,17,9,11,19,5,13,10,21,7,6,15,16,20,18],[13,21,17,1,5,9,11,19,10,7,18,6],[1,17,5,13,9,11,19,21,10,7,18,6],[1,21,17,9,11,19,13,5,18,10],[9,13,21,1,17,11,19,5,10,7,18,6],[21,13,17,1,9,11,19,5,10,7,18,6],[17,13,21,1,9,11,19,5,18,12],[13,21,1,17,9,11,19,5,10,7,6,16,18],[1,21,9,17,11,19,5,13,10,7,18,6],[17,13,9,11,19,1,5,21,10,6,15,22,18],[21,1,13,17,5,9,11,19,10,7,18,6],[9,13,5,1,17,19,11,21,18,10],[13,9,5,17,11,19,1,21,18,10],[13,21,9,1,5,17,11,19,18,10],[13,1,5,21,17,9,11,19,18,10],[13,21,9,1,5,17,11,19,10,7,18,6],[17,13,1,21,5,9,19,11,18,10],[21,17,1,13,9,19,11,5,20,10,7,6,16,15,14,24,4,3,2],[21,9,5,17,11,19,13,1,18,10],[13,17,1,9,19,11,5,21,10,7,6,16,23,18],[5,17,9,11,19,1,21,15,13,18,12],[13,17,5,21,1,9,11,19,10,7,6,15,14,4,20,24,3,2],[1,5,17,13,21,9,19,11,10,7,18,6],[5,21,9,1,13,17,11,19,18,12],[5,9,13,1,17,11,19,21,18,10],[5,21,13,9,1,17,11,19,10,7,18,6],[1,13,9,5,17,11,19,21,18,10],[9,21,17,19,11,13,1,5,10,8,7,18,6],[1,13,17,9,19,11,5,21,18,10],[17,5,1,21,13,9,11,19,18,10],[1,5,17,9,19,11,13,21,10,7,18,6],[5,21,9,1,17,19,11,13,18,10],[21,1,5,9,17,19,11,13,18,10],[9,17,19,11,13,1,21,5,18,10],[21,1,17,9,19,11,5,13,10,7,18,6],[5,1,9,13,17,19,11,21,10,6,16,20,15,18],[1,5,9,21,17,19,11,13,18,10],[21,17,5,9,19,11,13,1,10,7,18,6],[1,9,21,13,17,19,11,5,18,10],[5,17,13,9,11,19,18,24,4,1,22,21,12],[9,21,17,11,19,13,1,18,5,10],[1,9,5,13,21,17,11,19,18,10],[5,9,1,21,17,19,11,13,18,10],[17,5,21,9,19,11,1,13,10,6,16,18],[17,5,9,19,11,13,1,21,18,12],[21,9,1,5,17,19,11,13,18,10],[13,9,1,17,11,19,5,21,18,10],[1,17,9,19,11,5,21,13,18,10],[9,21,1,13,17,19,11,5,10,7,18,6],[1,5,21,9,13,17,11,19,18,10],[5,21,13,9,1,17,19,11,10,7,6,15,16,18],[5,21,13,1,17,9,11,19,10,7,6,14,20,24,3,22,4,18],[1,9,13,5,21,17,19,11,10,7,18,6],[21,5,9,1,17,11,19,13,18,10],[21,9,17,11,19,1,13,5,10,7,18,6],[9,13,1,17,19,11,21,5,10,7,18,8,6],[17,5,13,1,21,9,11,19,18,12],[5,21,17,1,9,19,11,13,10,7,18,6],[9,21,17,11,19,1,13,5,18,10],[5,1,17,9,11,19,13,21,10,8,7,18,6],[5,17,9,11,19,13,1,21,10,7,6,15,16,18],[9,1,21,5,13,17,11,19,10,8,7,18,6],[17,9,19,11,13,21,1,5,10,7,6,14,20,22,4,23],[5,17,13,21,9,11,19,1,18,10],[9,13,17,19,11,1,5,21,10,7,6,20,16,15,23,18],[21,5,1,13,17,9,11,19,18,10],[5,9,13,21,1,17,19,11,10,7,6,16,15,18],[5,1,21,9,13,17,19,11,10,7,18,6],[9,17,11,19,10,13,5,1,21,7,6,14,4,22,3,20,18],[9,17,19,11,5,1,13,21,10,7,18,6],[13,9,1,5,17,19,11,21,18,10],[13,21,1,17,9,19,11,5,18,10],[17,21,1,5,9,11,19,13,18,10],[1,13,5,17,21,9,11,19,18,10],[13,5,1,9,21,17,19,11,10,7,6,15,18],[13,5,21,1,9,17,11,19,18,10],[17,5,1,21,9,11,19,13,10,6,15,16,18],[9,21,1,17,11,19,13,5,10,7,6,15,20,14,22,23],[5,17,1,21,9,11,19,13,10,7,18,8,6],[9,13,17,19,11,5,1,21,10,7,6,16,18],[1,17,5,9,19,11,21,16,18,13,10],[9,1,5,17,19,11,21,13,18,10],[17,1,21,13,9,11,19,5,10,7,18,6],[9,5,17,19,11,1,21,13,10,6,15,16,18],[9,13,21,5,17,19,11,1,10,8,7,18,6],[13,17,5,9,19,11,1,21,10,7,18,6],[13,9,1,5,21,17,19,11,18,10],[9,13,17,11,19,21,3,1,5,18,10],[13,5,1,17,9,19,11,21,10,7,18,6],[17,21,9,19,11,5,1,18,14,10],[5,21,13,17,9,11,19,1,18,10],[1,21,17,9,19,11,5,13,10,7,6,16,23,20,15,18],[17,13,5,21,1,9,11,19,18,12],[9,1,5,13,21,17,19,11,10,7,6,16,18],[21,1,9,17,19,11,5,13,18,10],[17,1,9,19,11,21,5,13,10,7,6,15,16,18],[17,21,9,19,11,1,13,5,18,10],[5,13,1,21,9,17,11,19,18,10],[17,1,21,9,19,11,13,5,18,12],[1,21,13,17,5,9,11,19,10,8,7,18,6],[9,1,13,5,21,17,11,19,10,7,6,14,20,23],[13,1,5,9,17,19,11,21,18,10],[5,17,1,13,9,11,19,21,10,8,7,18,6],[5,9,13,17,19,11,21,1,10,7,6,14,20,23],[5,9,21,13,1,17,19,11,10,7,6,15,18],[21,5,13,17,1,9,19,11,10,7,6,14],[21,1,9,17,11,19,5,13,10,7,18,6],[1,21,13,9,17,11,19,5,18,10],[17,21,1,13,9,19,11,5,18,10],[5,9,21,13,1,17,19,11,10,7,18,6],[13,5,21,17,9,19,11,1,10,7,6,20,15,14,24,3,2],[9,17,11,19,13,1,21,5,18,10],[13,17,1,21,5,9,19,11,18,12],[5,1,21,13,17,9,11,19,18,10],[5,13,21,1,17,9,19,11,10,8,7,18,6],[9,21,1,17,19,11,5,13,10,7,18,6],[9,21,5,13,17,19,11,1,10,7,6,14,18],[1,9,21,5,17,11,19,13,18,10],[21,1,17,9,19,11,13,5,18,12],[5,13,21,1,9,17,19,11,18,10],[9,17,19,11,5,1,13,23,10,7,18,8,6],[9,1,13,21,17,11,19,5,10,6,15,14],[13,21,17,1,5,9,19,11,18,10],[9,1,17,19,11,13,5,21,18,12],[5,9,17,11,19,21,1,13,10,7,6,15,16,18],[21,13,5,17,9,11,19,1,18,10],[21,5,13,17,1,9,11,19,18,10],[21,9,1,17,19,11,13,18,5,10],[17,5,1,13,21,9,19,11,10,7,18,6],[9,21,1,17,19,11,13,5,10,7,18,8,6],[1,5,13,17,21,9,19,11,10,8,7,18,6],[1,5,13,9,21,17,11,19,10,7,18,6],[1,21,17,5,9,11,19,13,10,6,14],[1,13,9,21,17,19,11,5,18,10],[5,1,17,21,9,11,19,13,10,8,7,18,6],[9,21,5,1,17,19,11,13,18,10],[17,21,5,9,19,11,10,1,13,7,18,6],[13,5,9,21,17,19,11,1,18,10],[5,9,17,19,11,1,21,13,18,10],[9,13,21,17,19,11,10,5,1,7,18,6],[21,17,9,11,19,5,13,10,1,7,18,6],[5,9,1,21,17,19,11,13,18,10],[17,13,9,19,11,1,5,21,18,12],[21,9,1,17,11,19,5,13,10,7,18,6],[13,21,5,1,17,9,11,19,10,6,20,16,15,18],[21,5,13,1,9,17,19,11,18,10],[13,17,21,9,19,11,5,1,10,7,18,8,6],[9,5,13,1,21,17,19,11,18,10],[17,9,11,19,13,1,21,5,10,6,15,18],[21,17,9,11,19,5,1,13,18,10],[17,21,9,11,19,5,13,1,10,6,16,14],[13,21,9,1,5,17,19,11,18,10],[21,13,1,5,17,9,19,11,10,6,16,23,15,18],[17,1,5,13,9,19,11,21,18,10],[17,1,5,9,19,11,21,13,18,10],[1,21,17,5,9,19,11,13,10,7,6,15,14],[13,5,21,9,17,11,19,1,18,10],[5,21,13,1,9,17,11,19,18,10],[1,9,21,13,5,17,11,19,18,10],[13,17,5,1,9,19,11,21,10,8,7,18,6],[1,17,13,5,9,19,11,21,10,7,6,16,20,15,18],[9,5,13,17,19,11,1,21,10,7,18,6],[9,21,17,19,11,5,1,10,13,7,18,8,6],[17,1,13,5,21,9,11,19,10,7,18,6],[5,17,9,19,11,1,13,21,18,10],[21,13,17,9,11,19,5,4,1,10,7,18,6],[9,13,17,11,19,5,1,21,10,7,6,14,2],[21,9,5,13,1,17,19,11,18,10],[17,5,21,9,11,19,1,13,18,12],[5,9,17,11,19,1,21,13,18,10],[5,9,13,17,19,11,1,21,10,6,15,18],[1,17,5,13,9,11,19,21,10,7,6,15,18],[21,5,17,13,1,9,11,19,10,8,7,18,6],[1,17,9,11,19,21,13,5,10,7,6,16,14,18],[5,1,21,13,17,9,11,19,10,7,6,16,2,18],[17,21,5,9,19,11,1,13,18,10],[5,17,1,9,19,11,13,21,10,6,16,18],[1,13,9,5,21,17,11,19,18,10],[9,5,1,13,17,11,19,21,10,7,6,15,14,18],[17,9,11,19,21,1,13,5,18,12],[1,13,17,5,21,9,11,19,18,10],[17,1,5,13,9,11,19,21,18,10],[1,13,9,17,11,19,5,21,10,7,6,14,20,23],[5,1,17,9,11,19,21,13,10,7,6,15,16,18],[5,9,13,1,17,11,19,21,18,10],[17,1,5,9,19,11,13,21,18,12],[5,17,1,21,9,11,19,15,13,10,7,18,6],[1,5,13,9,21,17,11,19,18,10],[5,1,9,21,17,19,11,13,18,10],[13,17,21,1,9,19,11,5,10,7,18,6],[13,17,5,9,19,11,21,1,10,7,6,15,20,16,14,22,18],[21,17,5,1,9,11,19,10,13,7,18,6],[17,13,5,1,21,9,19,11,10,7,6,15,14,20,23],[5,17,21,1,9,11,19,13,10,6,18],[17,5,1,13,21,9,19,11,10,7,18,6],[5,13,1,9,21,17,11,19,18,10],[13,1,21,9,5,17,19,11,10,8,7,18,6],[1,13,21,17,9,11,19,5,18,10],[9,13,1,5,21,17,19,11,18,10],[9,5,17,11,19,13,1,21,10,7,18,6],[17,21,13,1,5,9,19,11,18,10],[5,17,21,13,9,11,19,1,10,7,6,18],[9,13,17,19,11,21,5,1,18,10],[9,13,1,5,17,19,11,21,10,6,16,2,20,15,18],[21,9,13,17,11,19,1,5,10,7,6,14,4,12],[5,13,1,21,9,17,11,19,18,10],[13,1,5,21,17,9,19,11,10,7,6,15,14,18],[5,21,13,9,17,11,19,1,10,7,6,16,20,15,22,18],[1,13,17,21,9,19,11,5,18,12],[9,13,21,5,1,17,11,19,10,7,18,8,6],[1,13,9,21,5,17,11,19,18,10],[17,5,13,9,19,11,21,1,18,10],[21,13,1,5,9,17,11,19,10,7,18,6],[5,13,1,9,17,19,11,21,18,10],[9,5,13,21,1,17,11,19,18,10],[17,5,9,19,11,1,21,13,18,10],[9,17,11,19,5,1,13,21,10,6,16,20,15,18],[5,1,17,21,9,19,11,13,18,10],[5,21,1,9,17,11,19,18,13,10],[17,21,9,19,11,1,5,13,18,10],[21,17,13,5,1,9,11,19,18,10],[1,9,21,5,17,19,11,13,10,7,6,14,18],[9,1,17,19,11,21,13,5,10,7,6,16,14,18],[1,17,9,11,19,13,5,21,18,10],[5,17,9,19,11,13,21,1,18,10],[1,5,9,17,19,11,15,13,21,18,10],[17,21,5,9,11,19,1,13,10,7,18,8,6],[9,5,13,17,11,19,21,10,1,7,18,6],[9,17,19,11,5,13,21,1,18,10],[5,21,9,13,1,17,11,19,18,10],[5,13,1,9,21,17,11,19,10,7,6,15,20,14,23],[17,13,5,9,11,19,1,21,18,10],[1,17,5,21,9,19,11,13,18,10],[1,13,9,5,21,17,11,19,18,10],[21,9,1,13,17,19,11,5,10,6,15,16,18],[21,13,17,9,19,11,5,1,10,6,14],[21,13,5,17,9,19,11,3,1,18,10],[13,1,5,17,21,9,11,19,18,10],[9,21,5,1,13,17,11,19,18,10],[13,17,5,21,9,11,19,1,10,7,6,16,15,20,14,23],[5,9,13,1,17,11,19,21,18,10],[21,1,17,9,11,19,5,13,10,7,6,15,23,20,14],[13,17,5,1,21,9,11,19,10,7,18,6],[5,21,1,9,13,17,19,11,18,10],[17,1,5,13,21,9,19,11,10,7,6,14,20,22,2],[5,9,13,1,21,17,11,19,10,6,16,22,20,15,18],[21,17,1,5,13,9,19,11,10,7,6,15,14,18],[13,1,9,21,5,17,19,11,10,7,18,6],[1,5,13,9,17,19,11,21,18,12],[21,13,5,9,1,17,19,11,18,10],[21,5,9,13,17,19,11,1,18,10],[9,21,5,17,11,19,1,13,18,10],[9,21,1,13,17,19,11,5,10,8,7,18,6],[5,1,9,13,21,17,11,19,10,7,18,6],[1,21,17,13,9,11,19,5,10,7,6,14,20,24,3,2],[21,5,1,17,9,11,19,13,10,7,6,20,16,15,18],[13,21,9,1,5,17,11,19,10,7,18,8,6],[13,1,5,9,17,19,11,10,21,7,18,6],[21,1,17,13,9,11,19,5,10,8,7,18,6],[1,13,5,17,9,11,19,24,18,22,21,10],[17,9,11,19,5,13,21,1,10,7,6,16,15,18],[21,13,17,1,9,11,19,5,18,10],[9,5,21,1,13,17,11,19,18,12],[17,21,1,13,9,11,19,5,18,10],[13,5,21,9,17,11,19,1,10,7,6,14,18],[1,9,17,11,19,21,13,5,10,6,15,18],[9,1,13,5,17,19,11,21,10,7,18,6],[17,9,11,19,21,13,5,1,10,6,15,14],[1,13,5,9,17,11,19,21,10,8,7,18,6],[9,21,5,1,17,11,19,13,10,6,14],[9,21,5,17,19,11,13,1,10,7,6,15,18],[17,5,1,21,13,9,19,11,10,7,18,8,6],[13,1,17,5,9,19,11,21,10,7,6,16,15,18],[17,21,1,9,11,19,5,13,18,10],[9,17,11,19,13,5,1,21,10,7,18,6],[13,9,1,5,21,17,19,11,18,10],[9,17,19,11,1,5,13,21,10,7,6,16,20,14,23],[5,9,1,17,11,19,13,18,21,10],[17,1,21,5,9,19,11,13,18,10],[21,13,17,5,9,11,19,3,1,10,7,18,6],[21,13,1,5,9,17,19,11,10,6,15,14],[21,17,5,9,11,19,15,13,1,10,7,6,20,14,3,4,24,18],[9,17,11,19,1,21,13,5,18,10],[17,21,13,5,1,9,11,19,10,7,6,15,20,14,24,2],[17,21,1,5,13,9,11,19,10,7,6,14,18],[17,1,21,5,9,19,11,13,18,10],[9,1,21,5,13,17,19,11,10,6,15,18],[5,17,9,11,19,21,1,13,10,7,18,6],[17,13,21,9,19,11,5,1,10,6,16,18],[17,5,9,19,11,21,13,1,10,7,18,6],[5,13,1,21,17,9,11,19,18,10],[9,21,17,11,19,5,1,10,13,7,6,15,20,16,18],[17,21,13,9,11,19,5,1,10,6,16,14],[1,5,17,21,9,19,11,13,18,10],[13,1,17,21,9,19,11,5,18,10],[1,9,17,11,19,13,5,21,18,10],[5,9,1,17,11,19,13,21,18,10],[5,21,1,9,13,17,11,19,10,7,18,6],[1,13,21,9,17,19,11,5,18,10],[21,17,1,9,19,11,13,5,10,7,6,16,18],[1,13,9,17,19,11,18,21,8,5,7,6,10],[9,21,13,5,17,11,19,1,18,10],[21,17,5,13,9,11,19,1,18,10],[13,21,1,17,9,11,19,5,18,10],[13,17,5,9,19,11,21,1,10,8,7,18,6],[21,1,17,13,5,9,11,19,10,7,6,15,2,14],[21,1,9,17,19,11,13,5,10,7,18,6],[21,9,17,11,19,13,18,7,5,1,12,8,6],[1,5,9,17,11,19,21,10,13,8,7,18,6],[17,13,5,1,9,11,19,21,18,12],[21,5,13,9,17,19,11,1,18,12],[5,17,21,9,11,19,13,10,1,7,18,6],[5,1,9,17,11,19,13,21,18,10],[21,5,1,9,17,19,11,13,18,10],[5,1,9,17,19,11,21,13,18,10],[21,13,17,5,9,19,11,1,10,7,18,6],[9,1,21,5,13,17,11,19,18,10],[13,5,1,21,17,9,19,11,18,10],[1,17,21,13,5,9,19,11,18,10],[13,5,9,1,21,17,11,19,18,10],[9,17,11,19,5,1,13,21,18,10],[5,17,13,21,9,19,11,1,10,6,15,20,14,24,2],[21,1,13,17,9,11,19,7,5,18,10,6],[13,17,1,9,11,19,21,5,10,7,6,15,14,20,23],[1,5,21,17,13,9,11,19,18,10],[21,1,5,13,17,9,19,11,10,6,14],[9,1,13,5,17,11,19,21,18,10],[17,1,13,21,9,19,11,18,5,10],[21,17,13,1,5,9,19,11,18,10],[9,21,13,1,17,19,11,5,18,10],[5,13,21,1,17,9,11,19,10,7,18,6],[1,21,17,13,9,11,19,5,10,6,16,18],[21,17,13,1,5,9,11,19,18,10],[21,9,13,5,17,19,11,1,10,7,6,16,22,18],[5,1,21,13,17,9,19,11,10,8,7,18,6],[1,13,21,9,17,11,19,5,18,10],[9,21,1,13,17,11,19,5,18,10],[9,21,17,19,11,1,13,5,10,7,6,15,18],[1,5,17,13,9,11,19,23,18,10],[5,13,21,9,1,17,19,11,18,10],[1,21,17,13,9,19,11,5,10,7,6,16,24,14],[1,9,5,17,11,19,21,13,18,10],[17,9,11,19,13,5,1,21,10,7,6,14,18],[21,13,17,9,11,19,1,10,5,7,18,6],[5,1,9,17,11,19,13,21,10,7,6,16,12,18],[17,5,21,9,19,11,13,1,10,8,7,18,6],[13,21,17,5,9,19,11,1,18,10],[9,5,1,21,17,19,11,13,18,10],[21,5,1,17,9,11,19,10,13,7,6,16,20,15,14,23],[21,13,9,1,5,17,11,19,18,10],[5,1,21,9,17,19,11,13,18,10],[21,1,5,13,17,9,19,11,18,10],[17,9,11,19,1,21,5,13,18,10],[1,13,9,5,21,17,19,11,18,10],[5,9,13,21,1,17,11,19,18,10],[13,1,21,17,5,9,11,19,10,6,15,18],[17,9,19,11,5,23,1,13,18,10],[13,17,9,11,19,21,5,1,10,7,6,14,4,20,23],[9,1,13,21,17,11,19,5,10,8,7,18,6],[13,17,21,1,9,19,11,5,10,7,18,6],[17,9,19,11,5,1,13,21,10,7,6,14,24],[5,1,9,13,17,11,19,21,18,10],[17,9,19,11,13,1,21,5,10,8,7,18,6],[1,17,9,19,11,5,21,13,10,7,18,6],[17,1,13,5,9,11,19,21,10,7,18,6],[9,21,1,13,17,19,11,5,18,10],[1,5,13,21,17,9,19,11,10,6,15,20,14,23],[13,1,5,9,17,11,19,21,10,6,20,16,14,24],[1,13,5,17,9,11,19,21,10,7,6,20,15,14,23],[5,9,1,13,17,19,11,21,18,12],[13,1,17,5,9,11,19,21,18,10],[21,13,1,17,9,19,11,5,10,7,6,14,20,24,2],[9,17,19,11,21,1,13,5,18,10],[17,21,9,19,11,13,1,5,10,7,18,6],[13,17,9,11,19,1,21,5,18,10],[17,21,1,5,13,9,11,19,10,7,18,6],[9,5,13,17,19,11,21,1,10,6,15,18],[13,5,1,17,21,9,11,19,18,12],[13,1,21,9,5,17,19,11,10,7,18,6],[13,17,5,1,21,9,19,11,18,10],[5,21,1,17,13,9,19,11,18,10],[17,21,1,9,19,11,13,5,10,7,18,6],[5,13,1,9,21,17,11,19,10,7,18,6],[5,13,17,9,11,19,1,21,18,12],[17,5,13,21,9,11,19,1,10,7,18,8,6],[17,5,13,1,9,19,11,21,18,10],[17,1,21,9,19,11,5,13,18,10],[13,1,5,17,21,9,19,11,18,10],[9,21,17,19,11,13,1,5,18,10],[21,1,9,13,5,17,11,19,10,7,6,16,18],[13,9,5,1,21,17,19,11,18,10],[13,5,1,9,21,17,19,11,18,10],[9,17,11,19,21,1,5,13,10,8,7,18,6],[9,1,5,21,17,19,11,13,10,7,18,6],[1,13,9,5,17,11,19,21,18,10],[9,1,5,13,21,17,19,11,18,10],[13,9,1,17,11,19,5,21,10,7,6,15,18],[13,1,9,5,17,11,19,21,10,7,18,6],[17,13,1,21,5,9,11,19,18,10],[13,9,1,17,11,19,5,21,18,10],[21,17,13,5,1,9,11,19,10,6,15,18],[13,9,5,1,17,19,11,21,10,7,6,15,14,20,23],[21,5,9,1,17,11,19,13,10,7,6,14,18],[5,9,21,1,13,17,19,11,18,10],[1,17,9,19,11,21,13,10,5,7,6,15,20,14,22,24,2],[13,21,5,17,9,11,19,1,10,7,18,8,6],[1,21,13,5,9,17,11,19,18,12],[13,17,5,21,1,9,11,19,10,6,16,2,22,15,18],[21,5,9,17,19,11,1,15,13,18,10],[1,17,13,5,21,9,11,19,10,7,18,6],[9,1,21,5,13,17,19,11,10,7,18,8,6],[17,9,11,19,13,5,10,21,1,7,6,16,20,15,14,23],[17,13,5,21,1,9,19,11,10,7,6,15,14,18],[1,17,9,11,19,5,13,21,10,7,6,20,15,14,23],[13,1,21,17,9,11,19,5,18,10],[21,1,17,5,9,19,11,13,18,10],[13,9,17,11,19,21,1,5,10,6,14],[5,9,17,19,11,1,13,21,10,8,7,18,6],[5,13,21,9,1,17,19,11,18,10],[9,1,21,13,17,19,11,5,18,12],[1,9,13,21,5,17,11,19,10,6,15,14],[1,5,9,21,13,17,19,11,18,10],[21,1,9,5,17,19,11,13,10,7,18,8,6],[9,5,13,17,11,19,21,1,18,10],[1,21,13,9,17,19,11,5,10,6,15,14],[13,21,1,5,17,9,11,19,10,7,6,14,20,23],[21,9,1,13,5,17,19,11,10,6,15,14],[17,1,9,11,19,5,21,13,18,10],[13,21,5,1,17,9,19,11,18,10],[9,13,17,11,19,5,10,1,21,7,18,6],[5,17,21,1,13,9,19,11,10,7,18,6],[17,13,21,1,9,11,19,5,10,7,6,16,14,24],[13,21,9,1,17,19,11,5,10,7,6,16,20,15,14,23],[17,21,9,11,19,1,13,10,5,7,6,16,14,24],[9,13,1,17,11,19,21,5,10,7,6,14,20,22,24,18],[13,5,21,9,1,17,11,19,18,12],[17,1,9,11,19,13,21,5,10,6,14],[21,1,13,5,9,17,19,11,10,7,6,20,15,14,22,4,18],[1,17,21,5,9,11,19,13,10,7,6,16,18],[1,9,17,11,19,21,5,13,18,10],[21,9,1,13,17,19,11,5,10,8,7,18,6],[1,9,17,19,11,5,21,13,10,7,6,15,18],[9,17,19,11,1,21,5,18,13,10],[9,1,5,21,17,19,11,13,18,10],[1,5,13,21,9,17,11,19,10,6,14],[5,21,17,1,13,9,11,19,10,7,18,6],[13,9,1,5,17,19,11,21,18,10],[9,1,13,5,21,17,11,19,10,7,6,16,23,18],[17,13,9,11,19,21,1,5,18,10],[17,21,5,9,19,11,1,13,10,7,6,14,18],[1,21,17,5,9,19,11,13,10,8,7,18,6],[5,17,9,11,19,13,21,1,18,10],[21,1,9,17,19,11,5,13,18,10],[21,17,1,5,9,19,11,13,18,10],[17,9,11,19,1,13,21,5,10,7,18,8,6],[1,17,21,5,13,9,11,19,10,7,6,2,15,14],[1,17,5,21,13,9,11,19,18,10],[5,9,21,1,13,17,19,11,18,10],[17,1,5,21,9,11,19,13,10,7,6,14,24],[21,13,5,1,9,17,11,19,18,10],[13,5,17,9,11,19,1,21,18,10],[1,5,9,17,19,11,21,13,10,8,7,18,6],[5,1,13,17,21,9,11,19,18,10],[5,9,21,17,11,19,1,13,18,10],[5,13,1,17,21,9,19,11,10,8,7,18,6],[21,5,9,17,11,19,13,1,18,12],[17,13,1,21,5,9,11,19,18,10],[21,1,17,5,9,19,11,13,10,6,15,14],[17,13,1,21,5,9,19,11,10,7,18,6],[9,5,13,21,1,17,19,11,10,7,6,18],[9,17,19,11,13,5,1,21,18,10],[5,1,13,21,9,17,11,19,18,10],[17,5,1,9,11,19,13,23,10,6,14],[13,9,21,5,17,19,11,1,18,10],[13,17,9,11,19,1,5,21,18,10],[21,5,13,1,17,9,11,19,10,7,18,8,6],[21,5,17,1,13,9,11,19,10,7,6,14,20,24,2],[13,1,9,17,19,11,21,10,5,7,6,16,20,15,18],[21,13,1,5,17,9,11,19,18,12],[21,17,5,13,9,11,19,1,18,10],[1,21,13,9,17,11,19,5,18,12],[1,21,5,17,9,11,19,13,18,10],[13,17,21,9,11,19,1,5,10,6,15,18],[17,1,9,19,11,13,21,5,10,7,18,6],[9,21,17,11,19,13,1,5,10,6,14],[21,13,17,5,1,9,19,11,18,10],[13,9,1,5,17,19,11,21,10,7,18,6],[1,21,5,17,9,19,11,13,18,10],[17,1,5,21,9,11,19,13,10,7,6,16,18],[5,13,21,9,17,11,19,1,10,7,6,15,16,20,18],[5,1,17,9,19,11,21,13,18,10],[1,5,9,13,21,17,19,11,18,10],[9,1,17,19,11,18,21,15,13,5,10],[1,5,21,13,9,17,19,11,18,10],[9,17,11,19,13,21,10,1,5,7,18,8,6],[5,21,9,17,19,11,13,1,18,10],[21,1,9,5,13,17,19,11,18,10],[13,9,21,1,5,17,11,19,18,10],[9,5,17,19,11,1,13,10,21,7,6,16,18],[17,13,5,9,11,19,1,21,18,10],[9,1,17,19,11,13,21,5,10,7,6,15,16,18],[17,21,13,9,11,19,1,5,10,7,6,16,20,15,18],[13,1,17,21,9,19,11,5,10,7,18,6],[9,21,13,5,17,19,11,1,10,7,6,15,16,18],[9,17,19,11,13,1,5,21,18,10],[5,1,9,21,17,11,19,13,18,10],[1,13,5,17,21,9,19,11,10,7,18,8,6],[9,13,17,19,11,21,1,5,18,10],[1,13,9,5,21,17,19,11,10,7,6,18],[17,5,1,21,13,9,11,19,10,7,6,14,20,23],[21,13,17,1,5,9,19,11,10,6,14],[17,5,1,13,9,19,11,21,18,10],[1,5,13,17,21,9,11,19,10,7,6,16,18],[21,5,13,17,9,11,19,1,18,10],[9,1,13,17,19,11,5,21,18,10],[13,5,21,9,1,17,11,19,10,7,6,14,24],[5,13,21,1,17,9,19,11,10,7,18,6],[5,13,9,21,1,17,11,19,18,10],[5,1,17,9,19,11,21,15,13,18,10],[21,9,1,5,17,11,19,13,10,7,6,14,24],[13,1,5,9,21,17,19,11,18,10],[21,1,9,17,11,19,13,5,10,7,6,14,20,22,23],[5,17,13,21,9,11,19,1,18,10],[1,17,13,5,9,11,19,21,10,7,18,6],[9,17,19,11,21,5,13,1,10,7,18,8,6],[17,5,9,19,11,13,1,21,10,7,18,6],[9,1,21,17,19,11,5,13,10,6,16,20,15,18],[9,5,17,19,11,13,21,1,18,10],[5,21,17,9,11,19,13,1,18,12],[17,21,13,9,11,19,5,1,18,10],[13,21,17,9,11,19,5,1,18,10],[9,21,1,13,17,19,11,5,10,7,6,14,20,23],[21,9,1,5,17,19,11,13,18,10],[5,1,9,13,21,17,11,19,10,7,6,14,18],[17,21,13,5,1,9,19,11,18,10],[1,9,21,13,5,17,19,11,10,7,6,16,18],[9,21,5,13,17,11,19,1,10,7,6,15,14,20,2,23],[21,13,9,5,17,19,11,1,10,8,7,18,6],[1,21,17,13,9,11,19,5,18,10],[1,5,13,21,9,17,11,19,10,7,6,15,20,14,24,2],[13,5,1,21,9,17,11,19,18,10],[13,21,17,1,5,9,19,11,18,10],[9,21,17,11,19,13,5,1,10,6,15,14],[13,17,1,21,5,9,19,11,10,7,18,6],[5,17,9,11,19,21,1,13,10,7,18,6],[5,1,9,17,11,19,13,21,10,7,18,8,6],[5,1,13,17,21,9,11,19,10,7,18,6],[1,17,9,19,11,13,5,21,10,6,14],[17,9,11,19,21,1,13,10,5,7,6,14,24],[17,13,21,5,9,11,19,1,10,6,14],[5,21,13,17,1,9,11,19,10,7,18,8,6],[21,5,9,17,11,19,1,13,18,10],[9,5,21,1,17,19,11,13,10,7,6,15,24,14],[21,5,9,1,13,17,19,11,10,7,18,6],[5,17,1,9,11,19,21,13,18,10],[21,17,5,1,9,19,11,16,13,10,7,18,6],[5,17,13,1,21,9,11,19,18,10],[13,17,1,9,19,11,21,5,10,7,18,6],[21,13,1,17,9,19,11,5,18,10],[21,1,5,9,17,19,11,16,13,18,12],[1,17,9,19,11,13,5,21,18,10],[1,5,17,21,9,11,19,13,18,10],[9,1,21,5,17,19,11,13,18,10],[13,1,9,17,19,11,5,21,10,8,7,18,6],[21,17,1,9,19,11,5,13,18,10],[1,13,5,21,9,17,11,19,18,10],[17,9,19,11,13,1,21,5,10,7,18,8,6],[9,21,17,19,11,13,5,1,18,12],[9,13,1,17,11,19,21,5,10,7,6,16,20,15,14,24,4,2],[21,1,9,13,5,17,11,19,18,10],[5,9,13,21,17,19,11,1,18,12],[21,5,17,1,13,9,19,11,10,7,18,6],[1,13,5,9,17,19,11,21,18,10],[5,9,13,1,17,11,19,21,18,12],[1,13,5,9,21,17,11,19,18,10],[9,17,19,11,1,13,21,5,10,7,18,6],[13,17,5,9,11,19,1,21,10,7,6,22,18],[5,13,17,9,19,11,21,1,10,7,6,20,15,14,24,4,3,2],[1,9,13,21,5,17,11,19,18,10],[9,13,1,21,5,17,19,11,10,7,6,16,18],[17,21,5,13,1,9,19,11,10,7,6,15,20,14,24,3,2],[5,17,21,1,9,11,19,13,18,12],[1,13,21,17,9,19,11,5,18,10],[5,9,1,21,17,19,11,13,10,8,7,18,6],[1,9,13,5,21,17,19,11,18,12],[1,13,17,5,21,9,11,19,10,6,14],[5,9,21,1,17,19,11,13,10,6,16,3,22,18],[9,1,17,11,19,21,5,13,18,10],[21,17,9,19,11,1,5,13,10,7,6,15,20,14,24,18],[1,21,9,5,17,19,11,13,10,7,6,14,3,20,23,2],[13,21,5,9,17,11,19,1,18,12],[21,5,13,17,9,19,11,1,18,10],[5,9,21,1,13,17,11,19,18,10],[13,1,17,5,21,9,19,11,18,10],[13,9,21,5,1,17,19,11,18,10],[1,21,9,17,19,11,13,10,5,7,6,16,18],[13,17,9,11,19,1,21,5,18,12],[13,5,21,9,1,17,19,11,18,10],[1,21,9,5,13,17,19,11,10,7,6,15,16,20,14,22,4,3,2],[5,17,21,1,13,9,19,11,18,10],[5,13,9,21,17,19,11,1,18,10],[17,1,9,19,11,21,5,13,18,12],[17,13,1,9,11,19,21,5,18,10],[21,1,13,17,9,19,11,5,18,10],[17,5,9,11,19,13,21,1,10,7,18,6],[1,21,13,17,5,9,11,19,10,7,18,6],[5,21,17,1,9,11,19,13,18,12],[9,13,21,17,11,19,1,8,5,7,18,6,10],[13,5,17,21,9,19,11,1,18,10],[13,17,1,21,9,19,11,5,10,7,18,6],[9,17,11,19,21,5,13,1,18,10],[13,17,1,9,19,11,5,23,18,10],[9,21,17,11,19,1,5,13,10,7,6,14,20,23],[13,21,5,9,1,17,11,19,18,10],[21,5,9,13,1,17,19,11,18,10],[1,17,21,9,11,19,13,10,5,7,18,6],[1,13,5,9,21,17,11,19,18,12],[9,1,13,21,5,17,11,19,18,10],[1,21,5,17,13,9,11,19,18,10],[13,1,5,9,17,11,19,21,18,10],[21,1,17,13,5,9,19,11,18,12],[9,17,11,19,21,13,1,5,10,7,6,16,22,4,14,18],[5,17,1,13,21,9,11,19,18,10],[9,17,19,11,5,21,1,13,10,7,6,18],[13,9,21,5,1,17,19,11,18,10],[9,13,17,19,11,5,1,21,10,7,18,6],[9,5,1,13,21,17,19,11,10,7,18,6],[17,1,9,11,19,21,13,5,10,8,7,18,6],[5,17,1,21,13,9,11,19,18,10],[5,17,13,21,1,9,19,11,10,7,6,16,18],[1,9,5,13,21,17,11,19,18,12],[13,21,5,17,9,19,11,1,18,10],[1,17,5,21,13,9,11,19,18,10]],"n_human":6}