{"problem_id":"8gCWMUjgQskfbUz","sigma":150,"alpha":10.000,"cost":1,"probabilities":"[0.29, 0.24, 0.21, 0.26]","payoff_matrix":"[[-89, 17, -160, -5, 38, 11], [-13, -170, 13, 202, -78, -93], [-170, 170, -420, -155, 57, 172], [56, -106, -18, 200, 46, -32]]","uncovered":[[13,21,17,5,9,1,20,8,24,16,18,14],[1,13,17,5,21,9,8,24,16,20,14],[5,21,13,17,1,9,20,8,24,16,14],[1,5,13,9,21,17,20,8,24,16,18,14],[1,13,21,5,17,9,20,8,24,16,18,14],[9,21,5,13,1,17,8,20,24,16,14],[1,17,9,5,21,13,20,8,24,16,18,14],[17,21,5,13,1,9,20,8,24,16,18,14],[13,5,1,9,21,17,8,20,24,16,14],[5,13,9,21,17,1,20,8,24,16,18,14],[5,17,21,9,1,13,8,20,24,16,14],[9,17,21,5,13,1,8,20,24,16,14],[5,13,9,17,1,21,8,20,24,16,18,14],[17,13,5,1,9,21,20,8,24,16,18,14],[5,1,9,17,13,21,20,8,24,16,14],[1,17,13,9,5,21,8,20,24,16,18,14],[13,5,9,17,1,21,20,8,24,16,14],[9,1,5,17,21,13,20,8,24,16,14],[1,17,5,9,21,13,20,8,24,16,14],[21,5,17,9,13,1,20,8,24,16,14],[21,1,5,13,17,9,8,24,20,16,14],[5,13,21,9,1,17,20,8,24,16,14],[17,13,5,1,9,21,20,8,24,16,14],[17,5,9,13,1,21,20,8,24,16,14],[1,17,13,9,21,5,20,8,24,16,14],[1,13,5,9,21,17,8,24,16,20,14],[1,5,17,13,9,21,20,8,24,16,14],[1,17,9,5,13,21,8,24,20,16,14],[21,9,17,5,1,13,8,20,24,16,18,14],[13,1,21,17,5,9,8,24,16,20,14],[9,21,1,17,13,5,20,8,24,16,18,14],[17,13,21,1,9,5,20,8,24,16,18,14],[21,17,13,1,9,5,8,24,16,20,18,14],[13,5,17,1,21,9,8,24,20,16,18,14],[5,1,13,17,9,21,20,8,24,16,14],[5,1,17,21,13,9,20,8,24,16,14],[5,1,17,9,13,21,20,8,24,16,18,14],[1,21,13,5,9,17,8,24,20,16,14],[5,9,17,21,13,1,8,20,24,16,14],[5,1,21,17,13,9,20,8,24,16,18,14],[17,5,13,9,1,21,20,8,24,16,14],[1,21,5,17,13,9,20,8,24,16,18,14],[5,1,9,17,13,21,20,8,24,16,18,14],[21,17,1,5,13,9,8,24,20,16,18,14],[21,17,9,5,13,1,20,8,24,16,14],[17,1,13,21,5,9,8,24,20,16,14],[9,21,5,1,13,17,8,20,24,16,18,14],[1,13,9,5,17,21,8,24,20,16,14],[21,5,9,1,13,17,8,20,24,16,14],[5,17,21,13,9,1,20,8,24,16,18,14],[21,13,5,1,9,17,8,20,24,16,18,14],[21,1,5,9,13,17,20,8,24,16,14],[5,1,9,17,21,13,20,8,24,16,18,14],[5,17,21,1,13,9,20,8,24,16,18,14],[17,5,9,1,21,13,8,20,24,16,18,14],[21,9,5,17,13,1,20,8,24,16,18,14],[9,17,13,5,1,21,8,24,16,20,14],[13,21,17,5,1,9,20,8,24,16,18,14],[1,5,21,13,9,17,20,8,24,16,14],[13,17,9,1,5,21,8,24,16,20,14],[1,5,13,9,17,21,20,8,24,16,18,14],[17,21,13,1,9,5,20,8,24,16,14],[17,1,5,9,21,13,8,20,24,16,14],[1,21,5,17,9,13,20,8,24,16,18,14],[17,1,5,21,13,9,8,20,24,16,18,14],[21,13,1,17,5,9,20,8,24,16,18,14],[5,9,1,21,13,17,8,20,24,16,14],[13,1,5,21,9,17,20,8,24,16,18,14],[1,17,13,5,21,9,8,24,20,16,18,14],[17,13,1,5,21,9,8,20,24,16,18,14],[13,9,21,5,17,1,20,8,24,16,14],[13,1,21,5,9,17,8,20,24,16,14],[13,21,1,5,9,17,20,8,24,16,14],[1,21,13,5,9,17,8,24,16,20,18,14],[21,1,5,17,13,9,8,20,24,16,18,14],[5,1,9,17,21,13,8,20,24,16,14],[21,9,5,13,1,17,20,8,24,16,18,14],[9,17,5,21,1,13,20,8,24,16,18,14],[9,5,1,13,21,17,20,8,24,16,18,14],[9,1,13,17,5,21,20,8,24,16,18,14],[17,9,21,13,5,1,8,24,16,20,14],[21,5,17,1,9,13,20,8,24,16,18,14],[5,13,17,1,9,21,20,8,24,16,14],[21,9,1,13,5,17,8,20,24,16,14],[13,17,5,1,9,21,20,8,24,16,14],[21,5,1,13,17,9,20,8,24,16,14],[17,1,21,13,9,5,20,8,24,16,14],[5,17,21,13,1,9,20,8,24,16,14],[17,1,5,9,13,21,20,8,24,16,14],[9,1,21,13,5,17,20,8,24,16,18,14],[21,5,17,9,13,1,8,24,20,16,18,14],[9,21,17,13,5,1,8,24,16,20,14],[5,1,21,17,9,13,20,8,24,16,18,14],[21,1,9,13,5,17,20,8,24,16,18,14],[13,17,1,5,9,21,8,20,24,16,18,14],[5,13,21,1,9,17,8,20,24,16,18,14],[21,9,5,1,13,17,8,20,24,16,14],[1,5,17,13,9,21,20,8,24,16,18,14],[5,21,9,13,1,17,8,20,24,16,18,14],[13,5,17,9,1,21,8,24,16,20,14],[1,9,13,17,21,5,8,20,24,16,14],[13,5,21,17,9,1,8,20,24,16,14],[13,9,21,5,17,1,8,24,16,20,18,14],[9,13,1,21,5,17,20,8,24,16,18,14],[17,21,9,1,5,13,20,8,24,16,14],[21,1,9,17,5,13,20,8,24,16,14],[17,21,9,5,13,1,8,24,16,20,18,14],[9,1,13,5,17,21,20,8,24,16,18,14],[5,9,21,13,17,1,20,8,24,16,18,14],[5,17,13,21,9,1,8,24,16,20,18,14],[13,9,17,21,5,1,20,8,24,16,14],[13,9,5,21,1,17,20,8,24,16,18,14],[21,5,9,13,17,1,20,8,24,16,18,14],[9,1,5,17,13,21,8,24,16,20,14],[21,1,13,9,17,5,20,8,24,16,18,14],[21,17,9,5,13,1,8,24,20,16,18,14],[17,9,21,13,1,5,8,20,24,16,18,14],[9,1,13,17,5,21,8,24,16,20,14],[1,17,21,9,5,13,20,8,24,16,18,14],[5,21,17,9,1,13,8,24,16,20,14],[17,21,9,1,5,13,8,20,24,16,14],[5,17,1,13,21,9,20,8,24,16,18,14],[21,9,17,5,1,13,8,24,16,20,18,14],[13,9,5,17,21,1,8,20,24,16,18,14],[17,5,21,9,13,1,20,8,24,16,14],[17,21,5,1,9,13,20,8,24,16,14],[21,17,13,5,9,1,20,8,24,16,14],[17,5,13,9,1,21,8,20,24,16,18,14],[1,13,5,21,17,9,20,8,24,16,14],[1,9,13,21,17,5,8,24,20,16,14],[21,9,5,1,17,13,20,8,24,16,14],[13,17,21,1,5,9,20,8,24,16,14],[5,17,9,21,13,1,20,8,24,16,14],[17,13,5,9,21,1,8,20,24,16,14],[13,21,9,5,17,1,20,8,24,16,14],[21,5,17,13,9,1,8,24,16,20,18,14],[1,17,13,9,21,5,20,8,24,16,18,14],[13,21,17,1,5,9,20,8,24,16,14],[17,21,9,13,1,5,20,8,24,16,14],[9,17,21,13,1,5,8,20,24,16,14],[9,21,5,13,17,1,20,8,24,16,14],[5,17,21,9,1,13,20,8,24,16,18,14],[13,21,1,9,5,17,8,24,20,16,18,14],[13,1,21,5,9,17,20,8,24,16,14],[21,13,17,1,9,5,8,24,16,20,18,14],[9,5,1,13,21,17,20,8,24,16,14],[5,17,9,1,13,21,8,20,24,16,18,14],[21,13,17,9,1,5,20,8,24,16,18,14],[17,5,9,1,21,13,20,8,24,16,14],[13,5,17,21,1,9,8,20,24,16,14],[13,9,1,21,5,17,8,20,24,16,14],[13,17,5,21,9,1,8,24,20,16,14],[13,21,9,1,5,17,20,8,24,16,14],[13,1,5,9,17,21,8,20,24,16,18,14],[9,5,21,13,1,17,8,20,24,16,14],[9,1,5,21,17,13,20,8,24,16,14],[9,5,21,1,17,13,8,24,20,16,14],[17,13,5,21,9,1,20,8,24,16,18,14],[5,13,1,9,17,21,8,24,20,16,14],[17,1,5,13,9,21,20,8,24,16,14],[9,21,1,13,17,5,8,24,16,20,14],[13,5,9,21,17,1,8,20,24,16,14],[1,13,9,5,17,21,20,8,24,16,14],[17,1,5,9,13,21,20,8,24,16,14],[17,21,9,5,1,13,8,20,24,16,18,14],[5,13,1,17,9,21,20,8,24,16,14],[5,17,1,21,13,9,20,8,24,16,18,14],[21,9,13,17,5,1,20,8,24,16,14],[21,1,17,5,13,9,8,20,24,16,18,14],[21,13,5,1,9,17,8,20,24,16,14],[1,21,5,9,13,17,20,8,24,16,18,14],[1,9,21,17,5,13,20,8,24,16,14],[17,21,13,5,9,1,20,8,24,16,18,14],[1,13,5,17,9,21,8,20,24,16,14],[5,1,21,9,13,17,20,8,24,16,14],[17,21,5,1,9,13,20,8,24,16,14],[5,9,1,21,17,13,8,24,20,16,14],[9,1,21,13,17,5,8,24,20,16,18,14],[21,17,5,1,13,9,20,8,24,16,18,14],[1,17,21,5,13,9,20,8,24,16,18,14],[5,1,21,9,17,13,20,8,24,16,14],[1,5,13,21,17,9,8,24,20,16,18,14],[21,9,17,5,13,1,8,24,16,20,14],[17,5,1,21,9,13,8,20,24,16,18,14],[21,1,9,5,17,13,20,8,24,16,14],[17,1,9,21,13,5,8,24,16,20,14],[9,5,21,1,13,17,8,24,20,16,14],[13,21,5,9,1,17,20,8,24,16,14],[1,13,9,5,17,21,8,24,20,16,18,14],[9,1,21,13,17,5,20,8,24,16,14],[17,9,13,21,5,1,8,24,20,16,18,14],[21,17,9,5,13,1,8,24,20,16,14],[5,17,21,1,9,13,20,8,24,16,14],[17,13,5,9,1,21,20,8,24,16,18,14],[5,21,13,17,1,9,20,8,24,16,18,14],[13,1,9,21,17,5,8,20,24,16,14],[13,9,1,17,21,5,8,24,16,20,18,14],[5,1,13,21,9,17,20,8,24,16,14],[21,1,5,9,13,17,20,8,24,16,14],[21,5,1,13,9,17,20,8,24,16,14],[5,9,21,1,13,17,8,20,24,16,14],[1,21,5,17,13,9,8,20,24,16,14],[9,13,5,21,17,1,8,24,20,16,18,14],[21,9,1,13,17,5,20,8,24,16,18,14],[17,21,13,9,5,1,8,24,16,20,14],[5,9,1,17,21,13,8,20,24,16,18,14],[1,9,5,17,21,13,8,24,16,20,18,14],[1,5,13,21,9,17,8,20,24,16,14],[9,1,17,5,13,21,20,8,24,16,14],[21,9,13,5,17,1,20,8,24,16,14],[9,1,13,21,5,17,8,24,20,16,18,14],[5,1,13,9,21,17,20,8,24,16,18,14],[9,1,5,17,21,13,8,20,24,16,18,14],[9,13,1,21,17,5,8,24,20,16,18,14],[17,9,5,1,13,21,20,8,24,16,14],[5,9,21,13,17,1,20,8,24,16,14],[13,1,9,17,21,5,20,8,24,16,18,14],[5,17,13,21,9,1,8,20,24,16,18,14],[1,21,5,13,9,17,8,24,16,20,14],[9,17,1,13,5,21,8,24,20,16,14],[9,13,5,17,1,21,20,8,24,16,18,14],[13,1,5,9,21,17,20,8,24,16,18,14],[13,5,17,1,21,9,20,8,24,16,14],[13,9,5,21,1,17,8,24,20,16,14],[21,17,1,13,9,5,8,20,24,16,14],[13,17,9,21,5,1,8,24,16,20,14],[17,13,1,5,9,21,20,8,24,16,18,14],[17,9,1,5,21,13,8,24,16,20,18,14],[13,17,9,1,5,21,8,20,24,16,18,14],[17,9,1,13,21,5,20,8,24,16,14],[5,9,17,13,21,1,20,8,24,16,18,14],[1,21,13,17,9,5,20,8,24,16,18,14],[21,13,17,9,5,1,8,20,24,16,18,14],[9,5,1,21,17,13,8,20,24,16,14],[5,13,9,21,1,17,20,8,24,16,14],[17,9,13,5,1,21,20,8,24,16,18,14],[5,17,21,9,1,13,8,24,20,16,18,14],[9,13,17,21,5,1,8,24,16,20,14],[5,21,13,9,1,17,8,24,16,20,18,14],[13,21,1,5,9,17,20,8,24,16,18,14],[9,21,17,1,13,5,20,8,24,16,14],[21,9,13,1,5,17,8,24,16,20,14],[9,1,21,13,17,5,8,20,24,16,18,14],[9,17,13,1,5,21,20,8,24,16,18,14],[13,21,5,17,1,9,8,24,20,16,18,14],[9,13,5,1,17,21,20,8,24,16,14],[21,1,13,9,5,17,20,8,24,16,14],[21,17,13,5,9,1,20,8,24,16,14],[9,21,1,13,5,17,8,20,24,16,14],[1,5,17,13,9,21,20,8,24,16,18,14],[13,9,21,17,5,1,20,8,24,16,14],[21,1,5,9,17,13,20,8,24,16,18,14],[17,21,9,1,13,5,20,8,24,16,18,14],[21,1,13,9,5,17,8,24,16,20,18,14],[17,5,1,13,9,21,8,20,24,16,18,14],[9,13,21,1,17,5,8,20,24,16,14],[1,5,13,21,9,17,20,8,24,16,18,14],[21,9,17,1,13,5,8,24,16,20,14],[17,9,21,5,1,13,8,24,16,20,18,14],[1,9,17,21,5,13,8,24,16,20,18,14],[13,5,17,21,9,1,20,8,24,16,14],[13,21,1,9,17,5,20,8,24,16,18,14],[21,9,13,5,1,17,8,20,24,16,14],[17,9,5,13,21,1,8,20,24,16,14],[5,13,21,17,1,9,20,8,24,16,18,14],[9,13,1,17,21,5,20,8,24,16,14],[21,13,17,9,5,1,8,24,20,16,18,14],[1,5,21,9,13,17,20,8,24,16,18,14],[21,5,9,17,1,13,8,24,20,16,18,14],[5,21,1,17,13,9,20,8,24,16,18,14],[9,1,5,17,21,13,20,8,24,16,18,14],[21,17,9,1,5,13,8,20,24,16,14],[1,17,5,21,9,13,8,20,24,16,14],[17,21,13,1,9,5,20,8,24,16,14],[1,13,21,9,17,5,20,8,24,16,18,14],[1,9,5,13,17,21,20,8,24,16,18,14],[9,13,21,5,17,1,8,24,16,20,14],[21,13,1,5,17,9,8,20,24,16,18,14],[21,9,13,5,1,17,20,8,24,16,14],[17,21,13,1,9,5,8,20,24,16,14],[13,1,9,21,5,17,20,8,24,16,18,14],[21,1,5,9,13,17,8,24,20,16,18,14],[5,21,1,9,13,17,20,8,24,16,18,14],[17,21,13,5,9,1,8,20,24,16,14],[5,9,1,21,17,13,8,20,24,16,18,14],[1,9,17,21,5,13,20,8,24,16,14],[5,13,1,17,21,9,8,20,24,16,14],[5,17,13,1,21,9,8,20,24,16,18,14],[21,13,17,9,1,5,8,20,24,16,18,14],[17,13,1,5,21,9,8,24,20,16,14],[21,1,13,5,17,9,8,24,20,16,18,14],[5,1,17,9,21,13,20,8,24,16,14],[1,9,5,21,13,17,8,20,24,16,18,14],[9,21,1,17,5,13,20,8,24,16,14],[9,21,13,17,5,1,8,20,24,16,14],[17,5,13,1,21,9,20,8,24,16,14],[13,21,5,17,1,9,20,8,24,16,14],[9,5,21,17,13,1,8,24,16,20,18,14],[21,17,9,1,13,5,8,20,24,16,18,14],[5,21,9,13,1,17,8,20,24,16,18,14],[21,13,9,17,1,5,8,24,20,16,18,14],[13,5,1,21,9,17,8,24,16,20,14],[17,21,1,13,9,5,20,8,24,16,14],[13,9,21,5,17,1,20,8,24,16,14],[1,21,5,13,17,9,8,20,24,16,14],[13,9,17,1,5,21,8,20,24,16,18,14],[17,1,5,13,21,9,20,8,24,16,18,14],[21,9,1,17,13,5,20,8,24,16,14],[1,5,21,17,13,9,20,8,24,16,18,14],[21,9,17,13,5,1,8,24,20,16,14],[21,1,17,13,9,5,20,8,24,16,14],[9,5,13,21,1,17,8,20,24,16,14],[21,1,9,17,13,5,20,8,24,16,14],[21,13,9,1,17,5,20,8,24,16,18,14],[9,21,13,1,17,5,20,8,24,16,18,14],[21,1,13,5,9,17,20,8,24,16,14],[9,13,17,21,5,1,8,20,24,16,14],[17,13,21,1,5,9,20,8,24,16,14],[5,1,13,9,21,17,20,8,24,16,18,14],[5,13,9,21,17,1,8,24,20,16,18,14],[13,1,5,17,9,21,8,20,24,16,14],[5,9,1,13,17,21,20,8,24,16,18,14],[13,17,21,9,5,1,8,20,24,16,18,14],[5,1,13,9,17,21,20,8,24,16,14],[1,21,13,9,17,5,8,20,24,16,14],[1,9,17,13,5,21,20,8,24,16,18,14],[13,1,5,9,17,21,8,20,24,16,18,14],[13,5,9,21,17,1,8,24,16,20,14],[9,1,21,5,17,13,8,24,16,20,18,14],[17,9,1,13,21,5,8,20,24,16,14],[9,21,13,17,1,5,8,20,24,16,18,14],[17,5,1,13,9,21,8,24,16,20,18,14],[9,17,13,21,1,5,8,20,24,16,14],[13,5,9,17,21,1,20,8,24,16,14],[17,13,5,9,1,21,8,20,24,16,14],[1,17,13,9,5,21,20,8,24,16,18,14],[21,5,13,9,1,17,20,8,24,16,18,14],[9,17,1,13,21,5,20,8,24,16,18,14],[1,13,17,5,9,21,20,8,24,16,14],[5,1,21,17,9,13,8,20,24,16,14],[17,5,13,9,21,1,20,8,24,16,14],[9,13,1,17,5,21,20,8,24,16,18,14],[21,1,17,13,5,9,8,24,16,20,18,14],[17,13,9,5,1,21,8,24,20,16,14],[21,13,9,1,5,17,20,8,24,16,14],[9,17,13,1,21,5,20,8,24,16,18,14],[9,5,13,1,17,21,20,8,24,16,18,14],[9,21,1,17,5,13,20,8,24,16,14],[9,5,1,17,21,13,20,8,24,16,18,14],[5,9,17,13,1,21,20,8,24,16,14],[21,13,17,5,9,1,20,8,24,16,14],[1,13,9,17,5,21,20,8,24,16,14],[21,13,1,17,5,9,20,8,24,16,14],[1,21,9,17,13,5,8,24,20,16,18,14],[5,17,21,1,13,9,8,24,16,20,14],[1,9,21,17,13,5,20,8,24,16,18,14],[1,9,17,13,21,5,8,20,24,16,14],[13,1,17,5,21,9,20,8,24,16,14],[5,17,1,21,9,13,20,8,24,16,18,14],[1,21,17,5,13,9,20,8,24,16,14],[17,13,9,1,21,5,20,8,24,16,18,14],[17,9,21,5,1,13,20,8,24,16,14],[13,5,1,21,17,9,20,8,24,16,14],[17,21,9,13,5,1,20,8,24,16,14],[9,13,1,5,17,21,8,24,20,16,18,14],[9,17,13,5,1,21,8,24,20,16,14],[13,1,9,21,5,17,20,8,24,16,18,14],[5,13,17,9,1,21,20,8,24,16,14],[13,5,21,1,17,9,20,8,24,16,18,14],[5,1,13,17,21,9,8,24,16,20,14],[5,9,17,1,13,21,20,8,24,16,14],[21,17,5,9,1,13,20,8,24,16,14],[1,13,5,21,17,9,8,20,24,16,18,14],[13,1,17,9,21,5,20,8,24,16,18,14],[5,1,21,9,17,13,8,24,16,20,14],[5,13,21,1,17,9,20,8,24,16,18,14],[5,1,17,9,13,21,8,24,16,20,14],[17,5,1,13,9,21,8,24,16,20,18,14],[1,17,5,21,13,9,20,8,24,16,14],[21,5,17,13,1,9,20,8,24,16,14],[13,9,1,21,17,5,8,20,24,16,14],[5,17,1,13,9,21,8,20,24,16,18,14],[5,13,17,21,9,1,8,20,24,16,14],[17,21,9,5,13,1,8,24,20,16,18,14],[9,17,13,21,1,5,8,24,20,16,14],[5,9,1,13,17,21,20,8,24,16,14],[17,21,13,5,1,9,8,24,16,20,14],[17,9,21,5,1,13,20,8,24,16,14],[5,9,13,21,17,1,8,20,24,16,18,14],[9,21,13,1,5,17,8,24,20,16,18,14],[1,9,21,5,17,13,8,20,24,16,14],[9,13,5,1,17,21,8,24,16,20,14],[9,5,13,1,17,21,8,20,24,16,14],[21,5,13,9,17,1,8,24,20,16,18,14],[13,1,21,5,9,17,8,24,20,16,18,14],[1,13,21,9,17,5,20,8,24,16,18,14],[21,5,17,1,13,9,20,8,24,16,18,14],[9,1,17,5,21,13,8,24,20,16,18,14],[1,21,13,5,17,9,20,8,24,16,18,14],[17,9,13,21,1,5,20,8,24,16,18,14],[21,17,13,9,5,1,8,20,24,16,18,14],[17,13,21,5,1,9,20,8,24,16,18,14],[21,17,5,9,13,1,8,24,16,20,14],[9,17,21,5,1,13,8,20,24,16,14],[21,17,1,13,5,9,8,24,16,20,14],[1,21,13,17,9,5,20,8,24,16,14],[21,5,1,13,17,9,20,8,24,16,18,14],[13,9,21,5,1,17,8,20,24,16,18,14],[21,5,13,17,9,1,8,20,24,16,14],[5,9,13,17,21,1,8,20,24,16,18,14],[13,21,5,17,9,1,20,8,24,16,18,14],[1,9,21,5,17,13,8,20,24,16,18,14],[17,9,5,1,13,21,8,20,24,16,18,14],[9,13,21,1,5,17,20,8,24,16,14],[5,21,1,9,17,13,20,8,24,16,18,14],[5,17,21,13,1,9,8,20,24,16,18,14],[5,21,13,9,1,17,8,24,20,16,14],[1,21,5,17,9,13,20,8,24,16,18,14],[21,13,5,1,9,17,8,20,24,16,14],[9,5,21,13,17,1,8,24,20,16,18,14],[17,1,21,5,9,13,20,8,24,16,14],[13,9,21,5,1,17,20,8,24,16,14],[21,5,17,13,1,9,8,24,20,16,14],[5,9,13,21,17,1,8,20,24,16,14],[1,5,9,13,17,21,20,8,24,16,18,14],[17,9,5,13,1,21,8,24,20,16,14],[21,13,17,5,1,9,20,8,24,16,14],[9,17,5,21,13,1,20,8,24,16,18,14],[21,17,13,5,9,1,20,8,24,16,18,14],[17,13,21,9,1,5,8,20,24,16,18,14],[5,1,21,9,17,13,20,8,24,16,14],[13,1,17,5,9,21,20,8,24,16,18,14],[1,13,5,9,17,21,8,20,24,16,14],[9,21,1,13,17,5,20,8,24,16,14],[1,21,9,17,13,5,8,20,24,16,18,14],[17,21,9,13,1,5,20,8,24,16,14],[9,21,5,13,17,1,8,24,16,20,18,14],[5,21,17,9,1,13,20,8,24,16,18,14],[1,21,17,13,5,9,20,8,24,16,14],[21,17,5,9,13,1,8,24,16,20,14],[1,13,17,9,21,5,8,20,24,16,14],[5,9,21,1,17,13,20,8,24,16,14],[21,1,9,17,5,13,8,24,20,16,18,14],[9,21,13,5,17,1,20,8,24,16,18,14],[13,9,1,21,17,5,8,20,24,16,18,14],[13,1,5,17,21,9,8,24,16,20,14],[9,21,1,5,13,17,8,20,24,16,14],[5,13,17,9,1,21,8,24,20,16,18,14],[13,1,9,5,17,21,8,24,16,20,14],[1,5,9,17,13,21,8,24,16,20,18,14],[21,1,13,9,5,17,20,8,24,16,18,14],[1,13,21,17,9,5,8,20,24,16,18,14],[13,1,17,5,21,9,20,8,24,16,18,14],[5,1,21,9,13,17,8,24,16,20,18,14],[13,1,9,5,21,17,20,8,24,16,18,14],[5,9,1,13,17,21,8,24,16,20,14],[17,9,1,21,5,13,8,24,16,20,14],[1,17,5,13,9,21,20,8,24,16,14],[1,17,9,21,13,5,8,20,24,16,18,14],[9,21,17,5,1,13,8,24,16,20,14],[21,1,5,9,17,13,8,24,16,20,18,14],[21,17,5,9,1,13,8,24,20,16,14],[1,9,5,13,21,17,20,8,24,16,18,14],[21,13,1,9,17,5,8,20,24,16,14],[13,21,5,17,9,1,8,24,20,16,14],[17,21,5,1,13,9,20,8,24,16,14],[21,5,9,13,17,1,8,24,20,16,14],[21,17,9,13,1,5,20,8,24,16,14],[21,1,9,5,13,17,8,24,16,20,18,14],[1,13,21,17,9,5,8,20,24,16,14],[9,21,5,17,1,13,20,8,24,16,18,14],[9,17,5,13,1,21,8,24,20,16,14],[17,9,5,1,13,21,8,20,24,16,14],[1,13,21,5,17,9,20,8,24,16,14],[1,17,9,5,21,13,8,20,24,16,18,14],[21,13,1,9,17,5,20,8,24,16,14],[21,17,1,13,9,5,20,8,24,16,14],[1,13,5,9,21,17,20,8,24,16,14],[21,13,5,9,17,1,20,8,24,16,14],[1,21,9,5,17,13,8,24,20,16,14],[9,13,1,21,5,17,8,20,24,16,18,14],[17,21,13,5,9,1,8,20,24,16,14],[9,21,5,1,17,13,20,8,24,16,14],[21,9,1,13,5,17,8,20,24,16,14],[13,17,5,9,1,21,20,8,24,16,14],[5,9,1,17,21,13,20,8,24,16,14],[13,1,5,17,9,21,20,8,24,16,14],[17,5,9,13,21,1,20,8,24,16,14],[5,1,13,17,21,9,20,8,24,16,14],[5,17,9,21,1,13,20,8,24,16,14],[17,5,9,21,1,13,20,8,24,16,14],[1,13,5,9,21,17,8,20,24,16,14],[1,5,21,17,13,9,20,8,24,16,18,14],[17,1,21,13,9,5,8,20,24,16,14],[5,13,1,17,9,21,8,24,20,16,14],[17,1,13,21,5,9,8,20,24,16,18,14],[9,5,21,13,17,1,20,8,24,16,14],[5,17,9,1,21,13,8,20,24,16,14],[1,5,9,17,21,13,8,20,24,16,18,14],[17,5,21,1,13,9,8,24,20,16,14],[1,9,17,21,5,13,8,20,24,16,14],[5,21,13,17,1,9,8,24,16,20,14],[9,17,13,5,1,21,8,20,24,16,14],[1,5,13,17,9,21,20,8,24,16,14],[1,9,5,21,17,13,20,8,24,16,14],[9,1,17,21,5,13,8,20,24,16,14],[17,21,9,13,5,1,20,8,24,16,18,14],[1,13,9,21,5,17,20,8,24,16,14],[17,5,13,9,1,21,8,20,24,16,14],[1,9,5,13,21,17,8,24,16,20,14],[5,9,17,21,13,1,20,8,24,16,14],[21,17,9,13,5,1,8,24,16,20,14],[13,17,21,9,1,5,8,24,16,20,18,14],[13,5,17,21,1,9,20,8,24,16,18,14],[21,1,9,13,17,5,8,24,16,20,14],[21,9,17,13,5,1,8,20,24,16,14],[5,21,1,9,13,17,8,24,16,20,18,14],[21,9,5,17,1,13,8,20,24,16,18,14],[1,17,9,13,5,21,8,24,20,16,18,14],[5,9,1,17,21,13,8,20,24,16,14],[21,1,9,13,5,17,20,8,24,16,14],[5,17,9,13,1,21,20,8,24,16,14],[17,5,13,9,1,21,8,24,16,20,14],[13,17,1,9,21,5,20,8,24,16,18,14],[9,13,17,5,21,1,20,8,24,16,14],[9,13,17,21,5,1,20,8,24,16,14],[17,21,1,13,9,5,20,8,24,16,14],[9,17,13,1,21,5,20,8,24,16,18,14],[9,21,13,17,1,5,20,8,24,16,14],[1,21,9,17,13,5,20,8,24,16,18,14],[9,5,21,13,1,17,20,8,24,16,18,14],[1,21,9,5,13,17,20,8,24,16,14],[1,5,17,9,13,21,20,8,24,16,14],[1,9,21,13,5,17,8,24,16,20,14],[1,13,9,5,21,17,8,24,16,20,18,14],[1,13,17,5,21,9,20,8,24,16,14],[1,5,9,13,17,21,20,8,24,16,18,14],[17,21,9,5,13,1,20,8,24,16,14],[13,21,9,1,17,5,20,8,24,16,18,14],[1,5,9,21,13,17,20,8,24,16,18,14],[17,13,21,9,1,5,8,24,16,20,14],[13,21,17,5,1,9,8,24,16,20,14],[5,13,21,1,17,9,20,8,24,16,18,14],[17,13,5,1,9,21,8,20,24,16,14],[21,13,5,17,1,9,8,20,24,16,18,14],[1,21,5,9,17,13,20,8,24,16,14],[13,5,1,17,9,21,8,24,16,20,18,14],[21,5,17,1,9,13,8,24,20,16,14],[5,17,13,9,1,21,20,8,24,16,14],[1,5,21,9,13,17,20,8,24,16,14],[1,21,5,17,9,13,8,20,24,16,14],[9,1,13,17,5,21,8,20,24,16,18,14],[1,13,9,5,17,21,20,8,24,16,18,14],[9,21,5,13,17,1,8,24,16,20,18,14],[5,1,21,13,17,9,8,24,16,20,14],[1,5,17,21,9,13,20,8,24,16,18,14],[5,9,13,17,21,1,20,8,24,16,14],[5,1,13,9,21,17,20,8,24,16,18,14],[1,17,9,5,21,13,20,8,24,16,18,14],[1,17,9,13,21,5,8,20,24,16,14],[13,5,21,17,1,9,20,8,24,16,14],[17,21,13,1,5,9,8,24,20,16,18,14],[13,1,21,9,17,5,8,24,16,20,18,14],[5,9,17,21,13,1,20,8,24,16,18,14],[1,17,9,13,21,5,20,8,24,16,18,14],[5,17,9,13,21,1,8,20,24,16,14],[17,5,13,1,21,9,20,8,24,16,18,14],[21,5,1,13,9,17,8,24,16,20,14],[21,9,17,13,5,1,8,20,24,16,14],[21,9,5,13,1,17,20,8,24,16,18,14],[1,5,13,21,17,9,20,8,24,16,18,14],[21,9,5,1,17,13,8,20,24,16,14],[21,13,17,5,1,9,20,8,24,16,18,14],[21,17,9,5,13,1,8,20,24,16,14],[9,13,21,17,1,5,8,24,16,20,18,14],[21,13,1,9,17,5,8,24,16,20,14],[13,5,1,21,17,9,8,20,24,16,14],[21,13,5,9,17,1,8,20,24,16,18,14],[9,17,13,5,1,21,8,24,16,20,18,14],[17,5,9,13,1,21,20,8,24,16,14],[17,5,21,9,1,13,20,8,24,16,18,14],[1,13,5,17,9,21,8,24,16,20,14],[9,21,17,1,13,5,8,20,24,16,18,14],[17,21,5,9,1,13,8,24,16,20,14],[13,1,17,21,9,5,8,20,24,16,14],[21,9,13,17,1,5,8,24,16,20,18,14],[13,21,1,5,17,9,8,24,16,20,18,14],[13,17,21,9,1,5,20,8,24,16,14],[5,13,17,1,21,9,8,20,24,16,14],[21,9,13,5,1,17,8,20,24,16,14],[1,5,17,13,9,21,20,8,24,16,18,14],[13,21,1,9,5,17,20,8,24,16,14],[9,13,5,21,1,17,8,20,24,16,14],[13,5,1,9,17,21,8,20,24,16,18,14],[17,5,13,21,9,1,20,8,24,16,18,14],[17,5,21,9,13,1,20,8,24,16,14],[13,1,5,17,21,9,8,20,24,16,18,14],[13,1,9,21,5,17,20,8,24,16,18,14],[17,5,1,9,21,13,8,24,16,20,18,14],[9,1,13,17,5,21,20,8,24,16,18,14],[9,13,17,1,5,21,8,24,16,20,18,14],[1,21,17,9,13,5,8,24,20,16,14],[21,9,17,1,5,13,20,8,24,16,18,14],[5,13,9,1,17,21,8,24,16,20,18,14],[1,17,13,5,9,21,8,24,16,20,18,14],[9,1,5,21,13,17,20,8,24,16,14],[13,1,9,21,17,5,20,8,24,16,18,14],[21,13,9,17,5,1,8,24,16,20,18,14],[13,5,21,9,1,17,20,8,24,16,18,14],[9,1,13,21,5,17,20,8,24,16,14],[21,9,5,17,13,1,8,20,24,16,18,14],[21,17,9,5,1,13,20,8,24,16,18,14],[5,21,13,1,17,9,8,20,24,16,14],[5,17,9,21,1,13,20,8,24,16,18,14],[21,17,5,1,13,9,20,8,24,16,14],[17,9,5,21,1,13,20,8,24,16,18,14],[21,9,13,5,17,1,8,24,16,20,18,14],[13,21,17,1,5,9,20,8,24,16,14],[13,1,17,5,9,21,20,8,24,16,18,14],[1,9,13,21,17,5,20,8,24,16,18,14],[9,17,13,5,21,1,20,8,24,16,14],[9,5,21,13,17,1,20,8,24,16,14],[21,17,9,5,1,13,8,20,24,16,14],[17,5,1,21,13,9,8,20,24,16,18,14],[13,21,9,1,5,17,8,24,16,20,14],[21,17,5,1,13,9,8,24,16,20,14],[1,5,9,21,13,17,8,24,20,16,14],[17,13,21,5,1,9,20,8,24,16,18,14],[21,5,13,9,17,1,20,8,24,16,18,14],[17,21,9,1,13,5,8,24,16,20,14],[9,1,13,5,21,17,20,8,24,16,14],[9,1,17,21,13,5,8,20,24,16,18,14],[21,5,13,1,9,17,8,20,24,16,14],[5,17,1,13,9,21,20,8,24,16,18,14],[1,5,9,17,13,21,20,8,24,16,18,14],[1,17,21,13,5,9,8,24,20,16,14],[9,17,1,21,5,13,8,24,20,16,14],[5,9,1,21,13,17,8,24,20,16,14],[9,21,5,17,1,13,20,8,24,16,18,14],[13,9,1,17,5,21,8,20,24,16,14],[1,13,9,21,17,5,8,20,24,16,14],[13,17,5,1,9,21,20,8,24,16,18,14],[9,13,17,21,5,1,20,8,24,16,14],[13,9,17,1,5,21,8,20,24,16,18,14],[9,13,17,5,21,1,20,8,24,16,18,14],[1,13,17,5,9,21,20,8,24,16,14],[13,5,21,17,1,9,8,20,24,16,18,14],[21,5,1,17,9,13,8,20,24,16,14],[13,1,21,9,5,17,20,8,24,16,14],[1,5,9,17,21,13,8,24,20,16,18,14],[9,1,13,21,5,17,20,8,24,16,14],[9,13,17,1,21,5,20,8,24,16,18,14],[9,13,21,1,17,5,20,8,24,16,18,14],[13,1,5,17,9,21,8,20,24,16,14],[9,1,5,13,17,21,20,8,24,16,18,14],[13,5,1,21,17,9,20,8,24,16,14],[17,13,5,1,9,21,20,8,24,16,18,14],[17,21,9,1,5,13,8,20,24,16,18,14],[1,9,13,21,17,5,8,20,24,16,14],[17,1,21,13,5,9,8,24,20,16,18,14],[17,5,13,9,1,21,8,24,16,20,18,14],[1,13,5,17,9,21,20,8,24,16,14],[13,21,1,9,17,5,20,8,24,16,14],[21,5,13,9,17,1,20,8,24,16,18,14],[1,13,5,21,17,9,20,8,24,16,18,14],[1,5,17,13,21,9,20,8,24,16,18,14],[13,1,17,9,5,21,20,8,24,16,18,14],[5,17,1,13,9,21,20,8,24,16,14],[21,17,5,1,13,9,8,24,20,16,14],[17,21,5,1,13,9,20,8,24,16,14],[17,1,5,9,21,13,20,8,24,16,18,14],[5,13,21,17,9,1,20,8,24,16,18,14],[13,5,21,17,9,1,8,20,24,16,14],[17,21,9,13,5,1,8,24,20,16,18,14],[5,1,9,21,17,13,20,8,24,16,18,14],[21,17,13,9,1,5,20,8,24,16,14],[5,9,13,21,17,1,8,24,16,20,18,14],[13,9,17,21,5,1,20,8,24,16,14],[9,17,13,5,1,21,20,8,24,16,14],[9,17,1,5,21,13,20,8,24,16,14],[1,5,17,9,21,13,20,8,24,16,14],[5,1,9,13,21,17,8,24,16,20,14],[1,5,9,21,13,17,8,24,16,20,14],[17,1,9,5,21,13,8,24,20,16,14],[13,21,1,17,9,5,8,24,16,20,18,14],[5,21,1,9,13,17,20,8,24,16,18,14],[1,5,17,9,13,21,8,24,20,16,18,14],[21,13,17,1,9,5,8,24,20,16,14],[21,13,5,9,1,17,8,20,24,16,18,14],[17,5,13,1,21,9,8,20,24,16,14],[1,9,5,21,13,17,20,8,24,16,18,14],[13,17,5,21,1,9,20,8,24,16,18,14],[1,13,9,5,21,17,20,8,24,16,18,14],[17,5,9,21,13,1,20,8,24,16,14],[21,9,1,17,13,5,20,8,24,16,14],[1,5,13,21,17,9,20,8,24,16,14],[17,9,13,21,5,1,8,20,24,16,18,14],[9,13,1,21,17,5,8,24,20,16,14],[1,5,17,9,21,13,8,20,24,16,14],[1,5,9,13,21,17,8,20,24,16,14],[9,5,21,1,17,13,20,8,24,16,14],[13,5,1,21,9,17,20,8,24,16,14],[5,17,1,21,9,13,8,20,24,16,14],[13,21,1,5,9,17,20,8,24,16,14],[9,17,13,5,1,21,20,8,24,16,18,14],[13,21,17,5,1,9,20,8,24,16,14],[17,5,21,1,13,9,20,8,24,16,18,14],[21,9,5,1,17,13,20,8,24,16,14],[5,9,17,21,13,1,20,8,24,16,14],[5,17,9,21,1,13,20,8,24,16,14],[5,9,17,1,21,13,8,24,16,20,18,14],[9,21,5,17,1,13,8,24,16,20,18,14],[17,5,9,13,21,1,8,20,24,16,14],[17,1,9,13,21,5,20,8,24,16,14],[5,13,1,17,9,21,8,20,24,16,14],[21,9,1,17,5,13,20,8,24,16,18,14],[17,5,21,13,1,9,8,20,24,16,14],[1,17,9,13,21,5,8,20,24,16,18,14],[1,13,21,9,5,17,20,8,24,16,14],[17,1,9,5,13,21,8,24,20,16,18,14],[5,9,1,21,13,17,8,20,24,16,18,14],[13,1,17,9,5,21,20,8,24,16,14],[1,5,17,13,9,21,8,20,24,16,14],[5,1,17,9,13,21,8,24,16,20,14],[13,1,21,9,5,17,8,20,24,16,14],[21,1,13,5,9,17,20,8,24,16,18,14],[5,1,21,17,13,9,20,8,24,16,18,14],[21,5,1,17,9,13,8,20,24,16,18,14],[5,21,9,17,13,1,8,20,24,16,18,14],[9,13,5,21,1,17,20,8,24,16,14],[1,21,9,17,5,13,8,20,24,16,18,14],[5,9,21,17,13,1,20,8,24,16,14],[1,5,13,21,17,9,8,24,20,16,14],[1,21,9,5,13,17,20,8,24,16,18,14],[9,17,13,5,21,1,20,8,24,16,18,14],[9,21,17,13,5,1,8,20,24,16,14],[13,21,17,5,1,9,20,8,24,16,18,14],[13,9,17,5,1,21,8,24,20,16,18,14],[1,13,21,9,17,5,8,24,16,20,18,14],[5,13,1,17,21,9,8,24,20,16,14],[21,17,13,5,9,1,20,8,24,16,18,14],[13,1,21,9,17,5,8,20,24,16,14],[17,13,9,1,21,5,20,8,24,16,18,14],[17,13,5,1,9,21,20,8,24,16,18,14],[21,13,9,5,17,1,8,24,20,16,14],[9,5,17,1,21,13,8,24,20,16,18,14],[9,5,1,17,13,21,8,20,24,16,18,14],[9,5,21,1,13,17,8,20,24,16,14],[5,17,21,13,9,1,8,20,24,16,14],[21,9,13,5,1,17,20,8,24,16,18,14],[1,17,9,21,13,5,20,8,24,16,14],[13,21,5,9,1,17,20,8,24,16,14],[13,1,5,21,9,17,8,24,16,20,18,14],[13,5,9,17,1,21,20,8,24,16,14],[13,5,21,1,17,9,20,8,24,16,14],[21,13,1,17,9,5,8,20,24,16,14],[9,1,5,21,17,13,8,20,24,16,14],[1,13,17,5,21,9,20,8,24,16,18,14],[9,1,21,13,5,17,8,24,20,16,14],[13,9,5,1,17,21,20,8,24,16,14],[13,1,17,9,5,21,20,8,24,16,18,14],[5,13,1,9,17,21,20,8,24,16,14],[9,17,13,5,1,21,20,8,24,16,18,14],[5,21,9,13,17,1,8,20,24,16,14],[1,5,17,21,13,9,20,8,24,16,18,14],[21,17,13,5,9,1,20,8,24,16,18,14],[9,13,17,1,5,21,8,24,20,16,18,14],[21,1,17,9,5,13,8,24,16,20,18,14],[9,21,1,5,17,13,20,8,24,16,18,14],[1,21,5,17,13,9,20,8,24,16,18,14],[13,5,1,9,17,21,20,8,24,16,14],[9,21,17,5,13,1,8,24,20,16,14],[1,21,5,13,9,17,8,24,16,20,14],[17,21,13,1,5,9,8,20,24,16,18,14],[17,5,1,21,13,9,20,8,24,16,18,14],[1,17,9,13,5,21,20,8,24,16,14],[17,9,5,1,13,21,8,20,24,16,18,14],[13,5,9,17,21,1,8,24,16,20,18,14],[1,17,21,5,9,13,20,8,24,16,18,14],[9,13,21,17,5,1,20,8,24,16,18,14],[17,5,1,21,13,9,8,24,16,20,14],[21,17,5,1,13,9,8,24,20,16,18,14],[1,13,17,9,5,21,20,8,24,16,18,14],[5,9,17,1,21,13,8,24,20,16,18,14],[17,21,5,1,9,13,20,8,24,16,18,14],[1,13,9,5,17,21,8,24,16,20,14],[1,13,5,17,9,21,20,8,24,16,18,14],[17,13,21,1,5,9,8,24,16,20,14],[21,17,1,13,5,9,8,20,24,16,14],[1,13,21,5,9,17,8,24,16,20,18,14],[21,13,9,5,17,1,20,8,24,16,14],[21,5,13,1,9,17,8,24,16,20,14],[1,17,21,5,13,9,8,20,24,16,14],[5,9,17,21,13,1,8,20,24,16,18,14],[5,13,9,1,21,17,20,8,24,16,18,14],[9,17,1,5,21,13,8,24,16,20,18,14],[1,17,9,13,21,5,8,20,24,16,14],[5,17,1,9,13,21,20,8,24,16,14],[5,21,1,9,13,17,20,8,24,16,14],[13,5,9,1,17,21,20,8,24,16,18,14],[9,5,21,13,1,17,20,8,24,16,18,14],[21,13,5,9,17,1,20,8,24,16,14],[9,21,17,5,13,1,8,20,24,16,14],[9,5,1,21,17,13,8,24,16,20,18,14],[9,5,17,1,21,13,20,8,24,16,14],[17,13,5,1,21,9,20,8,24,16,18,14],[21,1,17,5,13,9,8,20,24,16,18,14],[9,5,21,13,1,17,8,20,24,16,18,14],[17,21,5,13,9,1,8,20,24,16,18,14],[5,1,13,21,9,17,8,20,24,16,18,14],[9,21,17,13,5,1,20,8,24,16,14],[9,17,13,5,1,21,20,8,24,16,18,14],[13,9,17,21,5,1,8,20,24,16,14],[1,13,21,5,9,17,20,8,24,16,18,14],[9,21,13,5,1,17,20,8,24,16,18,14],[13,5,1,9,17,21,8,24,20,16,14],[17,9,21,13,1,5,8,20,24,16,18,14],[9,13,21,5,17,1,20,8,24,16,18,14],[17,13,5,21,1,9,8,20,24,16,18,14],[17,9,13,21,1,5,20,8,24,16,14],[21,9,13,17,5,1,8,24,16,20,18,14],[1,5,13,17,9,21,20,8,24,16,18,14],[17,21,9,5,13,1,8,20,24,16,18,14],[17,13,21,1,5,9,8,24,20,16,18,14],[1,9,21,5,17,13,8,20,24,16,14],[1,13,9,5,21,17,8,24,16,20,14],[9,5,1,21,17,13,8,24,20,16,18,14],[9,13,1,17,21,5,8,20,24,16,14],[1,13,21,17,9,5,8,20,24,16,14],[13,1,21,9,17,5,8,24,16,20,18,14],[1,13,9,17,21,5,20,8,24,16,18,14],[21,17,5,9,13,1,8,20,24,16,14],[17,5,9,21,13,1,8,24,20,16,18,14],[21,9,13,5,1,17,20,8,24,16,14],[1,5,17,9,21,13,20,8,24,16,18,14],[1,9,17,21,5,13,20,8,24,16,14],[5,13,21,1,17,9,20,8,24,16,18,14],[5,13,17,21,9,1,8,20,24,16,18,14],[17,5,21,1,9,13,8,20,24,16,18,14],[5,9,13,1,17,21,20,8,24,16,14],[17,13,1,5,21,9,20,8,24,16,14],[13,9,21,17,5,1,8,24,20,16,14],[9,17,13,1,21,5,20,8,24,16,14],[5,17,9,13,21,1,8,20,24,16,14],[13,9,5,17,21,1,8,24,16,20,18,14],[13,21,9,17,5,1,20,8,24,16,18,14],[17,1,13,9,21,5,20,8,24,16,14],[21,13,1,5,9,17,20,8,24,16,14],[17,1,5,9,13,21,8,24,16,20,18,14],[17,1,5,13,21,9,20,8,24,16,14],[17,13,5,1,9,21,8,24,20,16,18,14],[21,5,17,13,1,9,8,20,24,16,14],[13,17,9,5,1,21,20,8,24,16,14],[9,17,1,13,21,5,8,24,20,16,14],[13,17,21,9,1,5,8,20,24,16,18,14],[1,17,21,5,13,9,8,20,24,16,18,14],[1,5,9,13,21,17,20,8,24,16,18,14],[21,1,13,9,17,5,20,8,24,16,18,14],[5,9,21,1,13,17,8,24,20,16,18,14],[13,5,1,9,21,17,8,24,20,16,18,14],[9,21,13,5,17,1,20,8,24,16,18,14],[9,21,1,13,17,5,20,8,24,16,14],[9,13,5,17,21,1,8,24,20,16,18,14],[9,5,13,21,17,1,8,24,16,20,14],[9,17,21,1,5,13,8,24,16,20,14],[5,1,9,13,21,17,20,8,24,16,18,14],[5,1,17,13,9,21,8,24,20,16,14],[17,9,13,1,5,21,8,20,24,16,14],[17,1,21,5,13,9,8,24,20,16,18,14],[13,9,5,17,1,21,8,24,16,20,14],[13,21,1,9,5,17,8,20,24,16,14],[17,13,9,21,1,5,20,8,24,16,14],[9,17,13,1,21,5,8,24,20,16,14],[5,9,1,13,21,17,8,20,24,16,14],[1,13,5,17,9,21,20,8,24,16,18,14],[17,5,9,1,21,13,20,8,24,16,14],[9,13,17,21,5,1,20,8,24,16,14],[1,17,9,5,21,13,20,8,24,16,14],[13,17,5,1,9,21,20,8,24,16,14],[21,13,17,9,1,5,20,8,24,16,18,14],[17,13,21,1,9,5,8,20,24,16,18,14],[1,9,17,21,13,5,8,24,16,20,14],[17,9,13,1,21,5,20,8,24,16,14],[21,5,17,9,1,13,20,8,24,16,14],[13,1,9,5,21,17,8,20,24,16,14],[17,1,21,9,13,5,20,8,24,16,18,14],[5,21,13,17,9,1,8,20,24,16,14],[17,13,9,1,21,5,8,24,16,20,18,14],[5,21,17,13,1,9,20,8,24,16,18,14],[5,17,9,13,21,1,20,8,24,16,18,14],[17,5,9,21,13,1,20,8,24,16,18,14],[5,9,1,17,21,13,8,24,16,20,18,14],[1,9,17,13,5,21,20,8,24,16,18,14],[17,1,13,21,9,5,20,8,24,16,18,14],[13,17,9,1,21,5,20,8,24,16,14],[13,1,9,5,17,21,20,8,24,16,14],[1,21,5,13,9,17,20,8,24,16,18,14],[5,9,21,13,17,1,8,20,24,16,18,14],[17,1,13,5,9,21,8,24,16,20,14],[21,9,13,17,1,5,8,24,16,20,14],[13,1,21,9,5,17,8,20,24,16,18,14],[17,5,9,21,1,13,20,8,24,16,14],[17,1,13,9,21,5,20,8,24,16,14],[21,9,13,1,17,5,20,8,24,16,14],[9,13,21,17,5,1,8,20,24,16,14],[21,17,13,9,5,1,20,8,24,16,14],[9,17,5,21,1,13,8,20,24,16,18,14],[21,1,17,5,13,9,8,20,24,16,14],[5,9,21,1,17,13,20,8,24,16,18,14],[1,9,17,13,21,5,20,8,24,16,18,14],[21,17,1,13,9,5,20,8,24,16,14],[5,1,17,9,21,13,20,8,24,16,18,14],[9,1,13,17,5,21,8,20,24,16,18,14],[13,21,5,1,17,9,20,8,24,16,18,14],[9,17,21,13,5,1,20,8,24,16,14],[17,13,9,1,5,21,8,20,24,16,14],[17,13,1,21,9,5,8,24,20,16,18,14],[21,13,5,17,1,9,20,8,24,16,14],[17,9,1,5,13,21,8,24,16,20,14],[9,17,1,21,5,13,20,8,24,16,18,14],[9,13,17,5,21,1,20,8,24,16,18,14],[21,13,5,1,9,17,8,20,24,16,14],[9,17,13,5,1,21,20,8,24,16,14],[21,1,17,5,9,13,8,20,24,16,18,14],[13,1,21,5,17,9,20,8,24,16,18,14],[5,17,21,13,9,1,8,20,24,16,18,14],[5,21,1,9,17,13,20,8,24,16,18,14],[1,17,5,21,13,9,8,24,20,16,18,14],[9,13,5,1,17,21,20,8,24,16,14],[17,13,9,1,5,21,20,8,24,16,14],[5,1,9,13,17,21,8,24,16,20,18,14],[21,13,1,9,5,17,8,20,24,16,18,14],[1,9,21,13,5,17,20,8,24,16,14],[17,9,13,21,5,1,20,8,24,16,18,14],[1,13,9,17,5,21,20,8,24,16,18,14],[5,21,9,13,1,17,20,8,24,16,14],[21,13,5,1,9,17,20,8,24,16,14],[17,21,5,13,1,9,8,24,16,20,14],[21,1,13,9,17,5,8,24,16,20,14],[9,17,1,13,5,21,8,24,16,20,14],[17,1,13,5,9,21,8,24,20,16,18,14],[21,17,5,9,13,1,8,20,24,16,18,14],[21,5,1,9,13,17,20,8,24,16,14],[21,5,17,1,9,13,8,24,16,20,18,14],[13,5,9,17,21,1,8,20,24,16,14],[1,17,5,21,13,9,8,24,16,20,14],[17,5,1,21,9,13,8,20,24,16,18,14],[21,17,9,5,13,1,8,20,24,16,14],[1,17,5,9,13,21,8,20,24,16,18,14],[9,21,13,5,1,17,8,20,24,16,18,14],[1,5,21,13,9,17,8,20,24,16,18,14],[5,1,9,13,21,17,8,20,24,16,18,14],[21,17,1,13,5,9,20,8,24,16,14],[5,13,1,9,17,21,20,8,24,16,14],[13,21,5,9,1,17,8,24,16,20,14],[5,17,9,21,1,13,20,8,24,16,18,14],[9,5,1,17,13,21,20,8,24,16,14],[13,21,9,1,17,5,8,24,20,16,14],[13,9,17,21,5,1,8,24,20,16,14],[13,1,17,5,21,9,8,24,16,20,18,14],[13,17,5,21,9,1,8,20,24,16,18,14],[21,9,5,13,1,17,20,8,24,16,18,14],[9,17,1,21,5,13,8,20,24,16,18,14],[1,21,17,5,13,9,20,8,24,16,18,14],[9,17,13,21,1,5,20,8,24,16,18,14],[13,1,21,9,5,17,20,8,24,16,18,14],[1,5,9,21,17,13,8,20,24,16,18,14],[17,13,1,21,9,5,20,8,24,16,14],[9,21,13,5,17,1,20,8,24,16,14],[9,17,13,5,21,1,8,20,24,16,18,14],[1,21,17,9,5,13,20,8,24,16,14],[13,1,5,17,21,9,8,20,24,16,18,14],[13,9,1,21,17,5,20,8,24,16,14],[17,13,21,9,5,1,8,20,24,16,18,14],[21,17,1,13,9,5,8,20,24,16,18,14],[5,17,13,9,1,21,20,8,24,16,18,14],[1,21,17,13,5,9,8,20,24,16,14],[1,13,9,17,21,5,20,8,24,16,18,14],[21,17,13,9,1,5,20,8,24,16,14],[9,21,17,13,1,5,8,20,24,16,18,14],[9,13,17,21,5,1,20,8,24,16,18,14],[9,5,21,1,13,17,8,20,24,16,14],[5,17,13,1,9,21,20,8,24,16,14],[1,9,21,17,13,5,20,8,24,16,18,14],[9,17,5,13,1,21,20,8,24,16,18,14],[17,21,1,9,13,5,8,24,20,16,18,14],[5,17,21,13,9,1,20,8,24,16,18,14],[5,21,13,1,9,17,20,8,24,16,18,14],[13,9,1,21,17,5,8,24,20,16,14],[17,1,9,5,21,13,8,24,20,16,18,14],[13,17,9,1,21,5,8,20,24,16,18,14],[9,13,21,17,5,1,8,20,24,16,14],[9,21,17,5,1,13,8,24,16,20,18,14],[9,5,1,13,17,21,20,8,24,16,14],[17,9,5,13,21,1,8,20,24,16,14],[21,17,5,9,13,1,20,8,24,16,18,14],[1,5,21,17,13,9,8,20,24,16,14],[21,9,1,5,13,17,20,8,24,16,18,14],[9,21,13,17,1,5,8,24,20,16,18,14],[21,17,1,9,13,5,20,8,24,16,14]],"n_human":10}