{"problem_id":"bPImZdiPoLbnxVF","sigma":150,"alpha":10.000,"cost":0,"probabilities":"[0.3800000000000002, 0.29, 0.19, 0.14]","payoff_matrix":"[[40, 66, -85, 248, -9, 28], [-342, 116, 137, 72, 134, 54], [-191, -96, -143, -101, 46, -280], [-135, -45, 9, -353, 74, 292]]","uncovered":[[5,21,9,17,13,1,6,14],[21,9,17,5,1,6,13,14],[5,9,1,2,17,13,21,14],[9,13,5,17,1,21,6,14],[9,21,1,17,13,5,14],[5,9,21,17,13,1,14],[1,9,17,13,5,21,14],[5,17,21,9,13,1,14],[21,17,5,13,9,1,14],[21,5,9,13,1,17,6,14],[13,9,5,17,21,1,14],[1,13,21,17,9,5,6,14],[5,17,13,9,21,1,6,14],[1,17,13,5,9,21,6,14],[13,21,17,9,5,1,14],[1,17,9,5,6,21,13,14],[13,17,9,1,21,5,14],[13,1,21,17,5,9,14],[5,9,1,6,13,14,21,17],[1,9,13,21,5,17,6,14],[5,1,6,21,9,13,14,17],[17,21,5,9,1,2,13,14],[17,5,21,1,2,9,13,14],[5,17,1,2,21,13,9,14],[1,5,2,17,21,13,9,6,14],[21,17,9,5,1,2,13,6,14],[13,21,1,9,17,5,14],[13,5,21,1,17,9,14],[21,9,5,13,1,17,6,14],[13,21,9,5,1,17,6,14],[9,21,17,1,5,2,13,6,14],[5,17,21,1,2,9,13,14],[13,17,5,9,21,1,6,14],[17,9,13,21,1,5,6,14],[1,17,21,13,5,9,6,14],[9,13,1,21,17,5,6,14],[1,21,13,5,17,9,6,14],[13,21,17,9,1,5,6,14],[13,1,17,9,21,5,6,14],[21,1,17,9,13,5,6,14],[17,5,13,6,14,9,21,1],[17,21,1,13,9,5,14],[13,21,9,5,17,1,6,14],[1,5,2,9,13,21,17,14],[9,5,21,13,17,1,6,14],[5,17,13,21,1,9,14],[17,21,13,1,5,9,14],[21,1,9,5,2,13,17,14],[17,21,1,9,13,5,6,14],[13,1,5,17,21,9,14],[21,17,1,13,5,9,6,14],[17,9,5,21,1,6,13,14],[13,17,5,21,9,1,14],[13,21,17,5,1,9,14],[1,5,2,9,13,17,21,14],[9,5,21,13,17,1,14],[9,13,17,21,1,5,14],[21,13,5,17,1,9,6,14],[5,1,2,9,13,17,21,14],[13,17,9,5,1,21,14],[9,21,1,17,5,2,13,6,14],[21,13,5,9,17,1,6,14],[17,21,9,1,5,2,13,14],[17,21,5,13,9,1,6,14],[5,1,6,17,21,9,13,14],[9,17,13,21,5,1,6,14],[17,21,1,5,13,9,14],[17,5,1,6,21,9,13,14],[5,21,13,17,9,1,6,14],[13,17,21,1,9,5,14],[5,21,9,1,6,13,14,17],[5,1,2,13,17,21,9,6,14],[21,5,9,17,1,6,13,14],[1,17,9,13,5,21,6,14],[9,17,13,1,5,21,14],[1,21,9,13,17,5,14],[9,5,1,13,21,17,14],[21,17,9,13,1,5,6,14],[13,5,9,21,1,17,6,14],[5,1,6,17,13,14,21,9],[5,1,2,9,21,17,13,14],[5,1,6,21,17,9,13,14],[5,13,1,9,17,21,6,14],[21,9,17,5,13,1,6,14],[21,5,17,13,1,9,6,14],[17,5,1,2,13,9,21,6,14],[21,17,9,1,5,6,13,14],[17,13,1,21,9,5,6,14],[1,9,21,17,5,6,13,14],[5,9,13,17,21,1,6,14],[17,5,21,1,2,9,13,14],[5,9,13,17,1,21,14],[9,1,17,5,6,13,14,21],[13,17,9,5,21,1,6,14],[5,9,17,21,13,1,14],[13,5,9,6,14,17,1,21],[9,21,17,13,5,1,6,14],[21,5,9,17,1,6,13,14],[5,9,1,2,17,21,13,6,14],[9,21,1,17,13,5,14],[21,9,5,1,6,13,14,17],[17,13,5,21,1,9,14],[5,21,13,9,17,1,6,14],[5,21,13,9,1,17,14],[1,21,13,17,5,9,14],[13,5,17,21,9,1,14],[13,1,9,5,21,17,14],[13,21,1,5,9,17,14],[9,1,13,21,17,5,14],[21,17,9,5,1,6,13,14],[17,1,9,13,5,21,6,14],[17,1,21,5,2,13,9,14],[13,1,9,17,5,21,6,14],[21,13,1,5,17,9,6,14],[1,9,21,17,13,5,6,14],[13,5,1,21,9,17,14],[5,1,6,17,13,14,21,9],[5,9,21,1,2,17,13,6,14],[17,1,5,9,2,21,13,14],[17,21,5,13,1,9,14],[21,13,1,5,17,9,14],[9,5,13,21,17,1,6,14],[1,21,17,5,9,6,13,14],[1,5,17,6,9,21,13,14],[13,21,5,9,17,1,6,14],[9,1,21,5,2,13,17,6,14],[5,21,9,13,17,1,6,14],[21,9,17,13,1,5,6,14],[21,5,13,17,9,1,14],[5,17,21,9,13,1,14],[21,13,1,9,17,5,14],[13,5,9,1,21,17,14],[9,1,21,13,5,17,6,14],[5,13,21,17,9,1,14],[5,13,1,9,21,17,14],[13,17,21,1,9,5,14],[21,5,1,2,17,13,9,14],[17,9,13,21,5,1,14],[5,17,9,21,1,2,13,14],[5,1,2,9,21,17,13,14],[1,21,13,9,5,14,17],[1,17,9,21,13,5,6,14],[13,9,5,1,17,21,6,14],[9,5,1,6,13,14,17,21],[5,9,17,13,21,1,6,14],[1,13,17,5,9,21,14],[9,13,5,17,1,21,14],[21,13,9,5,1,17,6,14],[1,9,17,21,13,5,14],[13,1,9,5,17,21,6,14],[13,17,1,5,9,21,6,14],[13,17,9,5,21,1,14],[5,17,21,9,13,1,6,14],[13,21,5,17,1,9,6,14],[17,5,13,9,1,21,6,14],[13,17,21,1,9,5,14],[13,21,5,17,1,9,14],[21,17,13,9,5,1,14],[17,13,1,9,5,21,14],[1,17,13,9,5,21,6,14],[21,9,5,17,1,2,13,6,14],[1,17,5,6,21,13,14,9],[5,9,21,17,1,2,13,14],[5,17,1,6,13,14,9,21],[13,17,5,1,9,21,6,14],[1,9,21,17,5,6,13,14],[13,5,1,9,21,17,14],[5,17,9,21,1,2,13,6,14],[21,17,13,5,9,1,6,14],[21,1,9,5,2,17,13,6,14],[17,13,1,9,5,21,6,14],[17,5,9,13,21,1,14],[1,13,9,5,17,21,6,14],[21,1,13,17,5,9,6,14],[9,5,21,13,17,1,6,14],[9,1,5,2,13,17,21,6,14],[1,5,6,21,17,9,13,14],[13,9,17,5,21,1,6,14],[21,17,5,13,9,1,14],[13,17,9,21,5,1,14],[9,17,21,5,13,1,6,14],[9,5,17,1,6,13,14,21],[9,13,1,5,17,21,6,14],[13,1,17,21,5,9,6,14],[5,1,2,13,21,17,9,6,14],[13,9,17,21,5,1,6,14],[21,13,9,5,1,17,6,14],[5,17,13,9,1,21,6,14],[9,21,5,1,2,13,17,14],[17,1,9,21,5,6,13,14],[1,13,5,9,21,17,6,14],[13,21,1,9,17,5,6,14],[17,9,21,5,13,1,14],[5,9,1,2,21,13,17,14],[13,5,21,17,1,9,6,14],[9,5,17,1,21,6,13,14],[17,1,13,5,21,9,14],[5,17,21,9,13,1,6,14],[21,1,17,9,5,6,13,14],[9,21,5,1,6,13,14,17],[17,21,13,5,1,9,6,14],[1,9,17,13,21,5,14],[17,13,9,21,5,1,6,14],[5,17,21,13,1,9,6,14],[17,9,1,13,21,5,6,14],[13,21,17,9,5,1,6,14],[5,17,9,1,2,21,13,14],[17,13,21,5,9,1,6,14],[9,21,17,13,1,5,6,14],[9,17,13,1,21,5,14],[21,13,17,1,5,9,6,14],[21,17,5,9,1,6,13,14],[9,1,17,13,5,21,6,14],[17,13,1,21,5,9,14],[17,21,5,9,1,13,6,14],[1,5,2,13,21,17,9,14],[21,1,13,17,9,5,14],[5,21,9,17,1,2,13,6,14],[17,21,9,1,5,6,13,14],[9,21,1,5,2,17,13,6,14],[1,9,21,17,5,2,13,6,14],[13,1,5,21,9,17,14],[17,1,13,5,21,9,14],[1,9,17,5,6,21,13,14],[9,5,21,17,1,6,13,14],[9,1,17,13,21,5,6,14],[5,21,9,17,13,1,14],[9,5,13,17,1,21,6,14],[5,17,9,1,2,13,21,6,14],[17,1,9,21,5,2,13,6,14],[21,9,17,1,5,2,13,14],[17,1,9,21,13,5,14],[17,21,13,5,1,9,14],[1,5,2,9,21,13,17,14],[21,13,17,1,9,5,6,14],[5,1,2,13,9,21,17,6,14],[9,21,5,17,1,6,13,14],[9,5,13,17,21,1,14],[17,1,21,13,9,5,14],[17,21,13,1,5,9,14],[21,13,9,17,1,5,6,14],[5,1,6,13,14,9,17,21],[13,1,9,5,17,21,14],[1,9,5,6,21,17,13,14],[17,5,9,21,1,2,13,14],[9,1,21,5,6,17,13,14],[13,5,9,17,21,1,6,14],[1,21,5,2,9,17,13,14],[9,5,1,2,17,13,21,6,14],[9,13,17,21,5,1,14],[5,1,2,9,17,21,13,14],[5,1,2,13,17,9,21,6,14],[21,17,9,5,1,2,13,6,14],[17,9,21,13,5,1,6,14],[1,5,2,21,9,17,13,14],[21,13,9,5,1,17,14],[13,21,9,17,5,6,14,1],[17,21,5,1,6,13,14,9],[9,21,17,5,13,1,14],[21,5,9,13,1,17,6,14],[1,17,5,6,13,14,9,21],[9,5,21,17,13,1,14],[9,17,21,13,5,1,6,14],[17,5,1,9,6,21,13,14],[17,9,5,13,1,21,14],[17,9,21,1,13,5,6,14],[17,13,5,1,9,21,14],[9,1,17,21,13,5,6,14],[17,5,1,2,9,13,21,14],[5,17,13,21,1,9,14],[17,1,21,13,9,5,14],[17,1,13,9,21,5,14],[13,17,9,5,21,1,14],[1,5,2,17,21,9,13,6,14],[13,9,5,21,1,17,6,14],[9,17,1,21,5,6,13,14],[5,21,17,9,1,6,13,14],[5,1,6,13,14,21,17,9],[5,9,21,13,17,1,14],[13,21,5,17,9,1,6,14],[17,1,13,9,21,5,14],[5,17,13,21,1,9,6,14],[5,1,2,17,9,21,13,6,14],[5,13,1,17,9,21,14],[21,13,9,1,5,17,14],[17,21,5,9,13,1,6,14],[5,9,13,1,21,17,14],[9,13,1,17,5,21,6,14],[17,5,21,1,2,9,13,6,14],[17,9,13,1,21,5,14],[21,9,5,17,1,6,13,14],[1,13,5,9,17,21,14],[1,13,5,9,21,17,14],[13,17,21,9,5,1,6,14],[13,21,17,9,1,5,6,14],[5,21,1,2,9,17,13,6,14],[9,1,13,21,17,5,14],[9,5,21,13,1,17,6,14],[1,5,2,9,17,13,21,14],[1,21,13,5,9,17,6,14],[9,17,21,13,5,1,14],[5,9,1,2,13,17,21,14],[5,9,1,6,21,17,13,14],[5,1,6,9,17,21,13,14],[13,17,1,9,5,21,14],[1,13,5,9,21,17,14],[17,1,13,9,5,21,6,14],[13,5,17,1,21,9,14],[1,21,9,17,13,5,6,14],[5,13,21,9,17,1,14],[21,17,1,9,13,5,14],[1,5,2,17,13,21,9,14],[5,17,1,2,13,9,21,6,14],[9,1,5,6,21,13,14,17],[5,1,13,21,17,9,6,14],[13,1,21,9,17,5,14],[21,1,17,13,9,5,6,14],[9,5,21,17,1,6,13,14],[1,21,13,17,5,9,14],[13,1,17,9,21,5,14],[17,21,13,1,5,9,6,14],[21,13,17,5,1,9,14],[21,9,17,13,5,1,6,14],[17,9,21,13,5,1,14],[9,13,21,17,1,5,14],[1,17,13,21,5,9,6,14],[9,17,5,21,13,1,14],[13,21,5,9,1,17,14],[17,21,13,9,5,1,14],[21,13,9,5,17,1,14],[21,13,17,9,5,1,6,14],[13,5,21,9,1,17,14],[17,13,9,5,21,1,6,14],[21,17,1,9,5,6,13,14],[21,13,17,1,9,5,14],[17,5,1,6,21,9,13,14],[1,5,2,17,9,21,13,6,14],[1,9,17,5,6,13,14,21],[21,1,17,9,13,5,6,14],[1,5,2,9,21,17,13,6,14],[17,13,9,5,1,21,6,14],[5,17,13,9,1,21,6,14],[21,9,13,17,1,5,6,14],[21,9,17,1,5,2,13,14],[13,9,21,1,17,5,6,14],[17,5,21,1,6,13,14,9],[5,21,9,1,6,17,13,14],[5,21,9,17,1,13,14],[1,13,5,17,9,21,6,14],[13,1,9,17,5,21,6,14],[21,9,17,1,5,6,13,14],[13,5,1,21,17,9,14],[17,13,5,9,21,1,14],[13,21,5,9,17,1,6,14],[21,5,13,17,9,1,14],[17,21,9,1,13,5,14],[9,13,1,5,21,17,14],[5,13,21,1,17,9,14],[13,21,5,17,9,1,6,14],[21,5,9,1,2,13,17,14],[13,9,1,21,5,17,14],[17,21,1,9,13,5,14],[9,13,5,1,21,17,14],[17,1,21,9,13,5,14],[13,5,1,9,21,17,14],[17,13,9,21,1,5,14],[5,9,1,6,13,14,21,17],[1,9,13,5,17,21,14],[9,13,5,21,17,1,14],[21,5,13,17,1,9,14],[5,1,6,9,13,14,21,17],[21,1,5,2,17,9,13,14],[1,13,17,21,9,5,14],[13,5,9,21,17,1,6,14],[21,9,1,17,5,2,13,14],[13,21,5,9,1,17,14],[5,17,1,6,13,14,9,21],[9,13,21,1,5,17,14],[1,9,17,21,5,2,13,6,14],[5,9,1,6,13,14,21,17],[17,5,13,1,21,9,6,14],[1,21,5,2,13,17,9,6,14],[1,17,5,6,9,21,13,14],[9,21,1,17,5,2,13,6,14],[21,1,5,6,13,14,9,17],[5,21,17,9,1,2,13,14],[1,21,17,5,2,9,13,6,14],[9,13,5,1,21,17,14],[1,9,21,13,17,5,14],[21,9,13,5,1,17,14],[21,1,5,6,9,13,14,17],[5,17,21,1,2,13,9,14],[21,5,13,9,17,1,6,14],[13,21,5,1,17,9,6,14],[9,13,17,21,5,1,14],[17,9,21,13,1,5,14],[5,13,21,17,9,1,6,14],[9,5,21,1,6,13,14,17],[9,21,1,13,17,5,6,14],[1,13,9,17,21,5,6,14],[5,21,9,1,17,2,13,14],[17,21,5,13,9,1,6,14],[9,13,17,21,5,14,1],[5,1,2,9,21,13,17,14],[13,9,5,21,17,1,6,14],[17,21,5,1,2,9,13,6,14],[9,5,17,21,1,2,13,14],[21,5,1,2,17,13,9,6,14],[21,17,9,5,1,2,13,14],[13,21,17,1,9,5,14],[13,9,21,17,5,1,14],[1,13,9,5,17,21,14],[5,1,6,17,21,13,14,9],[9,13,5,21,17,1,6,14],[5,17,1,9,6,21,13,14],[13,1,5,9,21,17,6,14],[9,13,21,17,1,5,14],[21,9,17,5,13,1,14],[13,5,9,21,1,17,6,14],[21,5,13,17,1,9,14],[13,17,5,1,9,21,14],[5,1,2,9,21,13,17,14],[1,21,5,13,9,17,14],[17,5,1,2,21,9,13,6,14],[1,21,5,6,9,17,13,14],[9,1,17,5,2,13,21,14],[21,1,5,6,17,13,14,9],[5,17,13,21,9,1,6,14],[1,9,13,21,17,5,6,14],[1,5,21,6,13,14,9,17],[9,13,21,1,17,5,6,14],[21,13,17,9,5,1,6,14],[9,21,5,1,6,13,14,17],[13,21,1,5,17,9,6,14],[5,21,1,6,17,13,14,9],[13,1,21,5,9,14,17],[9,21,1,5,2,17,13,6,14],[13,1,9,5,17,21,14],[21,1,5,6,13,14,17,9],[5,9,21,13,17,1,6,14],[9,13,17,1,5,21,14],[17,21,13,1,5,9,14],[21,13,5,1,17,9,6,14],[9,21,1,13,17,5,14],[21,9,1,17,13,5,14],[17,9,21,1,5,13,6,14],[1,21,5,6,17,9,13,14],[5,13,17,21,1,9,14],[1,5,6,17,9,21,13,14],[13,21,5,1,9,17,6,14],[13,21,5,1,9,17,6,14],[1,5,2,9,13,21,17,6,14],[17,9,5,21,13,1,14],[13,9,1,17,5,21,14],[21,5,1,6,13,14,17,9],[21,5,9,1,2,13,17,14],[21,9,5,13,17,1,6,14],[21,1,5,2,13,17,9,14],[9,21,5,17,1,6,13,14],[1,9,5,6,13,14,21,17],[21,1,9,17,13,5,6,14],[17,1,5,2,9,21,13,6,14],[9,13,1,21,5,17,6,14],[13,21,5,1,17,9,14],[1,9,21,13,5,17,14],[9,13,5,17,21,1,6,14],[21,1,9,17,5,2,13,14],[1,13,21,9,17,5,6,14],[1,21,17,13,5,9,6,14],[1,17,13,9,5,21,6,14],[5,17,9,1,2,21,13,6,14],[1,13,9,17,5,21,14],[13,1,5,17,21,9,6,14],[1,21,5,2,13,9,17,6,14],[13,21,17,5,9,1,14],[21,9,5,1,6,13,14,17],[21,13,5,9,1,17,6,14],[21,17,9,13,5,1,14],[9,1,5,2,21,13,17,14],[13,5,1,17,9,21,6,14],[21,17,13,5,9,1,6,14],[13,9,5,17,1,21,6,14],[21,5,1,13,17,9,6,14],[1,9,21,17,13,5,14],[9,13,21,5,17,1,14],[17,1,5,2,13,9,21,14],[13,5,21,17,9,1,14],[1,13,21,17,5,9,14],[1,9,13,5,17,21,6,14],[5,21,17,13,9,1,6,14],[5,9,1,13,17,21,14],[5,9,21,17,1,2,13,14],[5,13,17,21,9,1,6,14],[17,5,13,1,9,21,14],[21,5,17,9,13,1,14],[13,17,9,21,1,5,6,14],[21,9,5,13,1,17,6,14],[17,9,21,5,13,1,14],[21,1,9,5,6,17,13,14],[13,1,9,17,21,5,6,14],[13,9,1,5,17,21,6,14],[21,9,13,5,17,1,14],[21,9,5,17,1,2,13,6,14],[5,17,13,1,9,21,6,14],[17,5,21,9,13,1,6,14],[5,1,21,6,17,9,13,14],[5,21,17,1,2,9,13,14],[9,17,13,1,5,21,14],[9,1,13,17,5,21,6,14],[13,17,9,5,21,1,14],[13,9,5,21,17,1,14],[9,5,13,21,1,17,14],[13,1,5,17,21,9,6,14],[1,21,9,5,2,17,13,6,14],[5,17,9,21,13,1,14],[21,9,17,5,1,2,13,6,14],[17,9,1,13,5,21,6,14],[13,17,5,21,1,9,6,14],[17,9,21,13,1,5,14],[21,5,13,17,1,9,6,14],[5,21,9,17,1,2,13,14],[13,1,21,17,5,9,6,14],[13,5,21,17,9,1,14],[5,1,2,13,9,17,21,14],[9,5,13,21,1,17,6,14],[17,5,13,21,1,9,14],[13,21,5,17,1,9,14],[13,5,9,1,21,17,6,14],[1,5,6,13,14,21,17,9],[5,21,17,9,13,1,6,14],[13,9,5,21,1,17,14],[1,17,21,5,6,13,14,9],[13,17,9,5,21,1,6,14],[1,17,21,9,5,6,13,14],[5,21,17,1,2,9,13,6,14],[5,13,17,1,21,9,14],[13,1,9,17,5,21,14],[5,21,1,6,17,9,13,14],[13,9,21,5,1,17,6,14],[9,1,17,13,5,21,14],[9,13,21,5,17,1,6,14],[1,17,5,2,9,21,13,6,14],[5,9,13,1,21,17,6,14],[9,1,21,5,2,17,13,14],[1,17,13,21,9,5,6,14],[13,9,21,17,5,1,14],[21,9,17,1,5,2,13,14],[17,5,13,9,21,1,6,14],[13,1,9,17,5,21,14],[9,1,17,13,21,5,14],[9,13,21,1,5,17,6,14],[21,9,17,1,13,5,6,14],[1,9,13,17,5,21,6,14],[21,9,13,1,5,17,6,14],[1,21,5,6,9,17,13,14],[17,1,5,6,21,13,14,9],[17,1,9,21,5,2,13,14],[13,21,17,5,1,9,14],[5,13,1,21,9,17,14],[1,5,6,9,17,21,13,14],[13,21,5,17,9,1,14],[5,21,9,17,1,2,13,14],[13,17,5,9,21,1,14],[13,5,1,9,17,21,14],[5,13,21,1,17,9,6,14],[5,21,1,2,13,17,9,14],[17,21,9,5,13,1,6,14],[9,1,5,17,2,13,21,6,14],[17,21,1,9,5,2,13,14],[9,21,17,13,1,5,6,14],[5,1,6,13,14,17,9,21],[1,17,13,5,9,21,14],[1,21,17,13,9,5,6,14],[13,21,1,9,5,17,14],[5,17,9,1,2,21,13,6,14],[21,1,5,2,17,13,9,14],[21,9,13,17,1,5,6,14],[13,1,5,21,17,9,14],[17,21,9,5,13,1,6,14],[1,5,13,9,17,21,14],[21,9,1,17,13,5,6,14],[5,13,1,17,21,9,14],[1,9,5,2,21,17,13,14],[21,17,1,13,5,9,14],[1,21,5,2,9,13,17,6,14],[21,13,1,9,17,5,14],[17,9,5,1,2,13,21,14],[5,17,21,1,2,9,13,14],[17,9,21,13,5,1,6,14],[5,21,9,13,17,1,6,14],[9,1,5,6,21,17,13,14],[1,5,17,2,9,21,13,14],[5,13,17,21,1,9,14],[5,9,21,1,6,13,14,17],[1,5,2,13,17,9,21,14],[21,5,9,17,13,1,6,14],[9,21,1,17,5,6,13,14],[9,21,5,17,13,1,6,14],[9,21,5,13,1,17,14],[5,13,21,17,1,9,14],[1,21,9,5,6,17,13,14],[9,21,13,5,1,17,6,14],[1,21,17,9,5,2,13,14],[17,13,21,5,1,9,14],[21,17,9,13,1,5,6,14],[21,5,13,17,9,1,6,14],[21,17,9,13,5,1,14],[1,5,2,17,13,9,21,14],[21,1,5,6,9,17,13,14],[13,17,5,9,21,1,6,14],[13,1,21,17,5,9,6,14],[21,9,13,17,1,5,14],[17,9,13,21,5,1,14],[21,9,17,1,13,5,14],[17,13,9,1,21,5,14],[21,17,1,9,13,5,6,14],[9,13,1,5,17,21,6,14],[21,17,5,13,9,1,14],[13,17,21,1,5,9,14],[13,1,5,21,9,17,6,14],[5,13,21,17,9,1,14],[13,21,5,1,9,17,6,14],[5,13,9,17,1,21,6,14],[9,17,13,21,1,5,6,14],[5,1,6,9,17,13,14,21],[9,17,21,13,5,1,14],[13,5,9,17,1,21,6,14],[5,13,1,9,17,21,6,14],[5,9,21,1,2,13,17,14],[13,5,21,9,1,17,6,14],[9,21,1,17,13,5,14],[13,9,5,1,17,21,14],[9,5,1,6,13,14,21,17],[9,13,21,5,1,17,6,14],[1,21,5,2,9,17,13,14],[1,13,9,5,17,21,14],[5,9,17,1,2,21,13,6,14],[13,17,5,9,1,21,6,14],[17,21,13,9,1,5,6,14],[21,17,13,1,9,5,14],[5,9,17,1,6,21,13,14],[13,17,5,1,9,21,6,14],[9,13,1,5,17,21,6,14],[5,21,9,1,2,17,13,6,14],[9,17,13,5,21,1,14],[5,1,2,21,9,13,17,14],[17,13,9,1,21,5,14],[17,21,9,5,1,6,13,14],[5,13,21,17,1,9,14],[9,21,1,13,5,17,6,14],[5,13,1,21,9,17,14],[9,13,5,21,1,17,6,14],[9,1,5,2,17,13,21,6,14],[13,1,21,9,17,5,6,14],[1,13,17,21,5,9,14],[1,5,6,21,9,13,14,17],[13,21,5,17,1,9,6,14],[21,1,5,17,6,9,13,14],[17,1,5,2,9,13,21,14],[9,13,21,17,1,5,14],[9,1,21,17,13,5,6,14],[17,9,5,13,21,1,6,14],[9,21,1,5,2,17,13,6,14],[21,13,1,5,9,17,6,14],[17,5,1,6,9,21,13,14],[13,21,5,1,17,9,6,14],[21,1,17,13,9,5,14],[17,21,9,13,5,1,6,14],[5,9,1,6,21,13,14,17],[17,5,13,1,21,9,6,14],[17,9,1,21,13,5,14],[13,17,1,5,21,9,6,14],[5,17,21,13,1,9,14],[9,21,1,17,5,2,13,14],[13,1,9,21,17,5,6,14],[13,17,21,9,5,1,6,14],[13,5,17,1,21,9,6,14],[17,5,9,1,6,13,14,21],[17,21,5,13,1,9,6,14],[9,13,5,21,17,1,6,14],[5,9,1,2,13,17,21,6,14],[17,1,13,9,5,21,6,14],[21,5,1,2,13,9,17,14],[13,5,1,21,17,9,14],[13,17,1,21,9,5,14],[17,21,1,5,6,9,13,14],[17,1,9,13,5,21,14],[13,17,9,21,1,5,14],[9,21,1,5,2,17,13,6,14],[9,17,5,13,21,1,14],[21,9,17,5,13,1,6,14],[21,5,13,17,9,1,14],[17,13,9,5,1,21,14],[17,9,21,13,5,1,14],[13,17,9,1,5,21,6,14],[1,9,21,13,17,5,14],[1,17,5,6,13,14,9,21],[21,5,13,17,9,6,14,1],[21,9,5,17,13,1,14],[17,9,5,1,6,21,13,14],[13,21,5,17,9,1,14],[17,9,21,1,13,5,6,14],[21,17,1,13,5,9,6,14],[17,13,9,5,1,21,6,14],[17,1,9,5,2,13,21,6,14],[13,21,1,9,5,17,14],[9,17,5,13,1,21,6,14],[9,13,5,1,17,21,14],[17,9,13,5,21,1,14],[17,9,1,5,6,21,13,14],[9,1,17,5,6,13,14,21],[21,13,5,1,9,17,6,14],[1,13,5,9,17,21,6,14],[17,9,1,5,6,13,14,21],[9,21,5,13,1,17,6,14],[21,5,17,9,1,6,13,14],[9,5,21,1,6,13,14,17],[1,21,5,6,13,14,9,17],[13,17,21,1,9,5,6,14],[21,1,9,5,6,17,13,14],[9,5,13,1,17,21,6,14],[21,17,9,13,5,1,6,14],[21,5,1,6,17,13,14,9],[13,9,5,17,21,1,14],[21,17,1,9,13,5,6,14],[9,1,13,17,21,5,6,14],[13,17,5,1,9,21,6,14],[13,1,9,17,5,21,6,14],[17,21,1,5,6,9,13,14],[5,21,1,2,17,13,9,14],[21,5,13,17,1,9,6,14],[17,1,21,13,5,9,6,14],[5,17,21,13,1,9,14],[21,1,17,13,9,5,14],[9,21,5,1,6,13,14,17],[9,17,5,1,2,21,13,6,14],[17,21,13,1,9,5,14],[5,17,9,13,21,1,14],[1,17,9,21,5,6,13,14],[9,21,13,5,1,17,6,14],[21,13,1,17,5,9,14],[21,1,13,5,17,9,6,14],[17,5,1,6,13,14,9,21],[13,5,9,17,21,1,14],[21,9,1,5,6,13,14,17],[1,9,21,5,6,17,13,14],[5,13,1,17,21,9,14],[21,5,1,2,9,17,13,6,14],[9,17,21,5,13,1,6,14],[17,9,13,5,21,1,14],[17,1,5,2,21,9,13,14],[17,9,13,21,1,5,6,14],[1,13,17,5,9,21,14],[5,17,21,13,9,1,14],[13,1,5,17,21,9,6,14],[13,17,21,1,5,9,6,14],[13,17,1,5,9,21,6,14],[21,9,13,1,17,5,14],[9,1,21,17,13,5,6,14],[1,17,13,21,5,9,14],[1,9,13,5,21,17,14],[1,5,2,21,13,17,9,6,14],[21,9,13,1,17,5,6,14],[17,13,5,21,1,9,14],[17,9,1,5,6,13,14,21],[13,5,21,17,1,9,14],[1,13,17,9,21,5,6,14],[5,9,1,6,21,13,14,17],[9,17,13,5,21,1,6,14],[5,13,17,9,1,21,6,14],[9,21,1,17,5,2,13,6,14],[1,9,21,13,17,5,14],[1,5,13,17,9,21,14],[1,13,21,9,17,5,14],[9,1,5,6,21,13,14,17],[9,5,17,1,6,13,14,21],[17,9,13,1,21,5,14],[13,5,17,1,9,21,14],[17,9,5,21,13,1,14],[21,13,5,17,9,1,6,14],[21,5,13,17,1,9,6,14],[17,21,9,1,5,6,13,14],[1,17,13,5,21,9,6,14],[21,13,17,1,9,5,14],[5,9,1,2,17,21,13,14],[21,17,9,13,1,5,14],[21,9,5,13,1,17,6,14],[9,21,1,17,5,2,13,14],[1,13,17,9,21,5,6,14],[5,17,21,1,13,9,14],[9,21,13,17,5,1,6,14],[1,5,6,17,21,13,14,9],[21,13,5,9,17,1,14],[21,9,5,1,2,17,13,6,14],[1,21,13,9,17,5,14],[21,5,9,13,1,17,14],[13,17,21,5,1,9,6,14],[1,9,5,2,21,17,13,14],[13,9,5,21,17,1,14],[1,9,21,13,5,17,14],[5,1,6,9,13,14,21,17],[5,9,1,2,17,13,21,14],[1,5,2,21,13,9,17,6,14],[13,17,1,21,9,5,14],[17,5,21,9,13,1,14],[21,1,5,6,9,13,14,17],[9,5,21,17,13,1,6,14],[13,17,21,9,5,1,14],[9,1,21,13,5,17,6,14],[1,9,21,17,5,2,13,14],[13,5,21,9,17,1,14],[21,17,1,9,13,5,14],[5,17,9,13,21,1,6,14],[21,13,17,1,5,9,14],[5,17,21,1,13,9,14],[1,9,13,21,5,17,6,14],[13,9,1,17,5,21,14],[5,13,17,9,21,1,14],[9,17,1,5,2,13,21,6,14],[13,5,9,17,1,21,14],[1,5,6,21,17,13,14,9],[17,5,21,1,2,13,9,14],[21,17,1,5,2,13,9,14],[21,13,9,17,1,5,14],[21,9,1,5,2,13,17,14],[9,17,13,21,1,5,14],[13,9,17,1,21,5,6,14],[5,9,13,17,21,1,14],[5,17,13,21,9,1,6,14],[13,9,17,21,1,5,6,14],[13,17,5,1,9,21,14],[13,1,9,17,5,21,14],[1,5,6,13,14,9,17,21],[13,17,5,1,9,21,6,14],[1,9,21,13,17,5,6,14],[1,5,2,17,13,21,9,14],[17,1,5,6,21,9,13,14],[21,9,13,1,5,17,6,14],[9,5,17,1,2,13,21,6,14],[9,5,17,21,13,1,6,14],[1,13,17,5,9,21,14],[9,13,5,14,1,17,22,21],[9,21,1,17,5,2,13,14],[9,17,21,13,1,5,6,14],[5,17,1,6,21,9,13,14],[1,5,2,21,17,13,9,14],[21,17,13,5,9,1,14],[21,13,5,17,9,1,14],[13,17,1,5,9,21,14],[13,1,9,21,5,17,14],[9,17,1,13,5,21,6,14],[13,1,17,9,5,21,14],[13,17,9,5,21,1,6,14],[21,13,1,9,5,17,6,14],[1,9,21,5,6,13,14,17],[17,9,21,1,13,5,6,14],[5,21,17,9,13,1,6,14],[9,5,17,1,2,13,21,14],[9,5,17,13,1,21,6,14],[5,21,17,1,6,13,14,9],[17,21,1,13,5,9,6,14],[21,5,9,13,1,17,6,14],[13,5,21,9,1,17,6,14],[17,1,13,9,21,5,6,14],[13,9,1,21,5,17,6,14],[9,13,5,17,21,1,14],[21,17,13,5,1,9,14],[5,13,17,21,9,1,14],[5,17,9,21,1,6,13,14],[21,17,1,13,5,9,6,14],[21,1,9,17,13,5,6,14],[1,17,13,9,21,5,14],[1,17,13,21,5,9,6,14],[1,21,5,6,13,14,17,9],[21,1,9,17,13,5,6,14],[1,17,13,5,21,9,6,14],[9,1,17,13,21,5,6,14],[13,21,9,1,5,6,14,17],[1,5,6,13,14,17,21,9],[17,9,5,21,1,6,13,14],[13,17,5,1,9,21,6,14],[21,17,9,5,1,2,13,14],[9,17,1,5,2,21,13,14],[9,21,1,13,5,17,6,14],[1,5,6,17,13,14,21,9],[21,5,17,1,6,13,14,9],[17,9,5,21,1,6,13,14],[21,13,17,1,9,5,6,14],[13,9,17,5,1,21,6,14],[1,13,5,17,9,21,6,14],[21,5,13,9,17,1,6,14],[13,5,21,9,1,17,6,14],[17,13,9,1,5,21,14],[21,1,13,17,9,5,6,14],[5,13,17,9,21,1,14],[17,21,13,1,9,5,6,14],[17,21,1,13,5,9,14],[9,13,5,21,17,1,14],[17,1,5,2,9,21,13,6,14],[17,13,1,5,9,21,14],[17,13,1,21,9,5,14],[21,1,13,5,17,9,6,14],[17,21,5,9,1,6,13,14],[21,13,1,17,9,5,6,14],[21,9,1,17,5,2,13,6,14],[13,17,21,5,9,1,14],[13,9,5,1,21,17,6,14],[1,5,6,9,13,14,21,17],[13,9,21,5,17,1,14],[17,5,9,1,13,21,14],[5,21,17,1,6,13,14,9],[9,17,13,21,1,5,6,14],[17,5,9,21,1,2,13,6,14],[21,9,13,17,1,5,6,14],[9,21,17,1,5,6,13,14],[17,13,9,21,5,1,6,14],[21,1,13,17,9,5,14],[13,1,17,5,9,21,14],[1,21,9,5,6,13,14,17],[1,13,21,17,5,9,6,14],[13,5,21,1,17,9,14],[9,21,13,1,5,17,6,14],[5,9,1,2,17,21,13,6,14],[17,1,5,2,9,13,21,14],[1,5,21,2,13,9,17,6,14],[1,5,6,9,13,14,21,17],[21,9,5,17,1,6,13,14],[1,5,2,13,21,9,17,6,14],[21,5,13,9,17,1,6,14],[17,5,21,13,1,9,6,14],[21,13,17,1,9,5,6,14],[13,21,5,1,17,9,6,14],[1,9,21,5,2,13,17,14],[13,21,1,17,9,5,14],[17,21,5,1,2,13,9,14],[5,13,9,21,1,17,6,14],[21,1,13,17,5,9,6,14],[5,9,1,21,2,13,17,6,14],[5,9,13,21,1,17,6,14],[1,17,5,6,21,9,13,14],[21,13,17,5,1,9,14],[9,1,17,21,13,5,14],[1,21,17,9,13,5,6,14],[9,17,5,21,13,1,14],[5,9,13,17,1,21,6,14],[1,5,2,17,13,9,21,14],[13,9,17,5,21,1,14],[21,9,17,5,13,1,6,14],[1,13,21,5,9,17,6,14],[9,21,1,5,6,17,13,14],[5,21,17,1,6,13,14,9],[1,13,9,21,5,17,14],[9,17,1,21,5,6,13,14],[13,17,1,5,21,9,14],[13,17,1,21,9,5,6,14],[1,21,17,9,13,5,6,14],[21,17,9,5,1,2,13,6,14],[13,5,1,17,21,9,6,14],[9,13,17,1,21,5,14],[1,17,21,5,2,9,13,6,14],[17,21,13,5,9,1,14],[17,9,1,21,5,6,13,14],[5,13,1,21,9,17,14],[1,9,13,17,5,21,14],[5,21,9,1,6,13,14,17],[5,9,13,21,1,17,14],[1,5,6,17,13,14,21,9],[9,1,21,17,5,2,13,6,14],[17,5,13,9,1,21,6,14],[5,13,1,21,17,9,14],[13,9,5,1,17,21,6,14],[1,17,9,21,13,5,14],[13,1,17,21,9,5,6,14],[13,1,17,9,5,21,6,14],[13,9,1,21,17,5,6,14],[17,13,5,21,1,9,6,14],[17,13,9,5,21,1,6,14],[9,17,1,13,5,21,14],[5,1,6,9,17,21,13,14],[5,21,1,2,17,9,13,14],[17,21,13,1,9,5,6,14],[9,1,21,5,6,13,14,17],[1,17,13,21,5,9,6,14],[1,5,2,9,21,13,17,6,14],[21,1,5,2,17,9,13,14],[5,1,9,6,13,14,21,17],[13,9,17,1,5,21,14],[9,13,1,21,17,5,14],[5,1,2,9,13,17,21,6,14],[5,9,17,13,21,1,6,14],[1,5,6,17,9,21,13,14],[1,13,21,5,9,17,14],[9,21,13,17,1,5,6,14],[5,1,2,9,17,21,13,6,14],[5,9,17,1,2,21,13,14],[9,13,17,5,1,21,6,14],[1,17,9,5,6,13,14,21],[17,9,1,5,6,21,13,14],[9,1,5,6,21,13,14,17],[5,17,9,21,13,1,6,14]],"n_human":6}