{"problem_id":"lEKdcs2hGgTa1g5","sigma":75,"alpha":1.000,"cost":0,"probabilities":"[0.28, 0.09, 0.42, 0.21]","payoff_matrix":"[[18, -83, 162, 7, 74, -46], [17, -12, -60, -86, 33, 13], [-25, 5, -91, 32, 12, -3], [48, -18, -7, 90, -37, 116]]","uncovered":[[19,23,11,7,3,15,17,13,16],[11,3,15,7,23,19,13,17,20,16],[11,19,7,3,23,15,17,13,20,16],[7,23,11,19,15,3,17,13,20,16],[23,7,3,19,11,15,17,13,20,16],[23,11,15,3,7,19,17,13,20,16],[7,23,15,19,11,3,17,13,20,16],[15,11,7,23,19,3,13,17,20,16],[23,19,15,11,7,3,17,13,20,16],[7,15,3,11,19,23,13,17,16],[19,7,3,15,11,23,13,17,20,16],[3,11,15,23,19,7,13,17,16],[7,3,11,15,23,19,17,13,16],[3,15,11,7,19,23,13,17,16],[19,7,3,23,11,15,13,17,20,16],[15,3,11,19,7,23,17,13,16],[7,19,11,3,15,23,17,13,16],[19,23,11,7,3,15,17,13,16],[7,19,11,15,23,3,13,17,20,16],[19,15,23,3,7,11,17,13,20,16],[23,15,19,3,7,11,13,17,20,16],[23,7,3,19,15,11,17,13,16],[11,19,15,23,3,7,13,17,16],[7,15,11,3,23,19,17,13,20,16],[19,3,23,15,11,7,17,13,20,16],[11,15,19,23,7,3,13,17,20,16],[19,11,15,23,3,7,13,17,16],[19,23,7,11,3,15,13,17,20,16],[11,15,7,19,3,23,17,13,16],[15,11,3,19,23,7,13,17,16],[11,15,19,23,7,3,13,17,20,16],[7,15,3,23,19,11,17,13,16],[19,3,11,15,7,23,17,13,16],[3,23,19,15,11,7,13,17,16],[11,23,3,15,19,7,13,17,16],[19,15,23,11,3,7,17,13,20,16],[15,19,7,11,3,23,17,13,16],[7,3,19,11,15,23,13,17,16],[15,23,3,7,11,19,13,17,16],[7,15,3,19,11,23,17,13,16],[7,19,11,23,15,3,13,17,16],[11,15,23,19,7,3,17,13,16],[19,3,11,15,23,7,13,17,20,16],[3,19,11,15,23,7,13,17,16],[15,23,19,3,11,7,13,17,20,16],[15,19,3,7,11,23,17,13,16],[19,3,23,11,7,15,17,13,20,16],[19,15,3,7,11,23,17,13,16],[23,7,15,19,3,11,13,17,20,16],[15,7,3,11,23,19,13,17,20,16],[15,3,23,11,7,19,17,13,16],[3,19,23,11,7,15,17,13,16],[19,15,23,11,7,3,13,17,16],[15,19,3,7,23,11,13,17,20,16],[19,7,3,11,23,15,17,13,20,16],[7,19,3,11,15,23,17,13,20,16],[15,11,7,23,19,3,13,17,16],[23,3,15,19,7,11,13,17,16],[15,19,11,23,7,3,17,13,20,16],[7,23,3,11,15,19,17,13,16],[23,7,19,3,15,11,13,17,16],[23,3,7,19,15,11,13,17,20,16],[11,23,19,3,7,15,13,17,16],[23,19,15,7,11,3,13,17,16],[3,19,15,11,7,23,17,13,16],[19,3,11,7,15,23,17,13,20,16],[11,23,15,7,19,3,17,13,16],[19,7,11,3,23,15,17,13,20,16],[23,19,3,7,11,15,13,17,20,16],[3,7,15,19,23,11,17,13,20,16],[23,15,3,7,11,19,13,17,16],[3,23,15,11,19,7,17,13,16],[19,23,15,11,7,3,17,13,20,16],[23,15,11,3,19,7,13,17,16],[3,11,19,23,7,15,17,13,20,16],[3,7,11,19,15,23,13,17,20,16],[11,15,19,3,23,7,17,13,16],[7,23,11,15,3,19,17,13,16],[19,3,11,15,23,7,13,17,20,16],[7,19,23,11,3,15,17,13,16],[15,7,19,3,23,11,17,13,16],[3,19,7,23,11,15,13,17,20,16],[15,7,3,19,11,23,17,13,20,16],[3,19,23,15,11,7,17,13,20,16],[3,15,11,19,7,23,13,17,20,16],[19,3,23,7,15,11,17,13,16],[19,7,23,11,3,15,17,13,16],[11,23,15,3,19,7,17,13,20,16],[23,11,7,19,3,15,13,17,16],[7,11,23,15,3,19,13,17,16],[7,15,19,3,11,23,17,13,16],[23,3,15,7,11,19,13,17,16],[7,3,23,19,15,11,13,17,20,16],[23,19,7,11,3,15,17,13,20,16],[19,15,11,7,23,3,17,13,20,16],[15,11,3,19,7,23,17,13,20,16],[3,23,11,19,7,15,13,17,16],[7,15,3,23,19,11,13,17,20,16],[3,23,15,11,19,7,13,17,20,16],[15,11,3,19,7,23,17,13,20,16],[11,19,3,15,23,7,13,17,20,16],[19,15,7,11,3,23,13,17,20,16],[15,19,11,3,23,7,13,17,16],[15,3,11,19,23,7,17,13,16],[3,11,7,19,15,23,13,17,16],[3,19,11,15,7,23,17,13,16],[7,19,11,3,23,15,13,17,16],[3,23,11,7,19,15,17,13,20,16],[19,11,7,23,3,15,13,17,20,16],[15,11,19,7,23,3,13,17,16],[15,23,3,7,19,11,17,13,16],[15,7,3,11,19,23,13,17,16],[11,15,23,3,19,7,13,17,20,16],[3,7,11,15,23,19,17,13,16],[7,3,11,19,15,23,17,13,20,16],[7,3,15,19,11,23,13,17,20,16],[11,7,19,15,23,3,17,13,16],[3,7,11,23,15,19,17,13,16],[7,11,3,19,15,23,13,17,16],[15,19,11,23,7,3,17,13,20,16],[11,3,7,23,19,15,13,17,20,16],[7,23,19,15,3,11,17,13,20,16],[3,11,15,19,7,23,13,17,16],[23,11,15,7,19,3,17,13,20,16],[11,23,3,19,7,15,13,17,20,16],[7,15,11,23,19,3,17,13,20,16],[7,3,11,23,15,19,17,13,16],[23,3,15,11,19,7,17,13,16],[23,7,11,19,15,3,13,17,16],[19,3,11,7,15,23,13,17,16],[23,15,19,3,7,11,13,17,16],[7,11,23,3,15,19,13,17,16],[11,7,19,23,3,15,17,13,16],[11,7,23,3,15,19,13,17,16],[19,11,23,3,7,15,17,13,20,16],[19,3,11,7,23,15,17,13,20,16],[15,3,11,19,23,7,13,17,20,16],[19,7,23,11,15,3,17,13,16],[23,15,11,7,3,19,13,17,16],[19,7,3,11,23,15,17,13,16],[3,15,11,19,23,7,17,13,16],[15,7,11,19,23,3,17,13,16],[11,23,19,3,7,15,13,17,20,16],[15,3,7,19,23,11,13,17,20,16],[7,3,19,11,15,23,13,17,16],[11,7,15,3,19,23,13,17,16],[11,23,19,7,3,15,17,13,16],[23,19,7,11,15,3,17,13,16],[7,23,19,15,3,11,17,13,16],[19,11,15,7,23,3,13,17,16],[19,15,23,7,11,3,13,17,16],[3,11,23,19,15,7,13,17,16],[19,23,15,7,3,11,13,17,16],[11,15,23,19,3,7,13,17,16],[7,19,3,15,11,23,17,13,16],[15,3,19,23,7,11,17,13,20,16],[19,7,3,15,11,23,13,17,20,16],[19,7,23,11,3,15,17,13,20,16],[7,3,19,23,11,15,13,17,16],[23,15,7,19,3,11,17,13,16],[3,15,19,7,23,11,17,13,20,16],[19,3,11,7,15,23,13,17,16],[7,23,3,19,15,11,13,17,20,16],[19,11,23,3,7,15,17,13,20,16],[3,7,15,11,19,23,13,17,20,16],[19,3,11,23,7,15,17,13,16],[11,3,15,19,7,23,13,17,16],[19,15,11,3,7,23,13,17,20,16],[23,11,19,7,3,15,13,17,16],[7,23,3,19,15,11,13,17,20,16],[15,7,3,23,19,11,17,13,20,16],[11,7,15,19,23,3,17,13,20,16],[15,11,7,23,3,19,13,17,20,16],[11,3,15,23,7,19,13,17,20,16],[11,7,15,3,19,23,17,13,20,16],[3,11,23,15,7,19,13,17,16],[19,11,3,15,23,7,17,13,16],[23,3,7,15,11,19,17,13,16],[11,19,15,7,23,3,13,17,16],[15,7,19,3,11,23,13,17,16],[19,23,7,3,15,11,13,17,20,16],[7,23,11,15,3,19,13,17,16],[3,7,15,23,19,11,17,13,16],[15,19,3,11,23,7,13,17,20,16],[7,19,11,23,3,15,17,13,16],[15,23,3,11,7,19,17,13,16],[7,11,23,15,3,19,17,13,20,16],[15,19,23,11,3,7,17,13,20,16],[7,19,11,3,23,15,13,17,20,16],[3,15,7,11,23,19,17,13,20,16],[3,7,11,15,23,19,13,17,20,16],[23,11,7,19,3,15,17,13,20,16],[23,7,15,11,3,19,13,17,20,16],[11,7,15,23,3,19,17,13,16],[3,23,7,11,15,19,13,17,20,16],[19,3,23,15,11,7,13,17,20,16],[15,11,23,3,19,7,13,17,16],[19,23,3,11,7,15,17,13,16],[7,11,15,23,3,19,13,17,20,16],[15,19,23,7,11,3,17,13,16],[23,3,11,7,19,15,13,17,20,16],[11,7,23,3,19,15,13,17,16],[3,7,15,11,23,19,17,13,16],[11,23,19,7,3,15,17,13,16],[7,19,15,11,3,23,13,17,16],[11,7,15,23,19,3,17,13,20,16],[7,15,19,3,11,23,17,13,20,16],[11,3,7,15,23,19,13,17,20,16],[23,15,11,7,19,3,13,17,20,16],[11,15,3,23,7,19,17,13,16],[15,11,19,7,23,3,13,17,20,16],[23,11,3,15,7,19,17,13,16],[15,23,11,19,3,7,13,17,20,16],[23,11,3,7,15,19,17,13,16],[3,7,15,23,19,11,13,17,20,16],[11,23,3,7,15,19,13,17,16],[7,19,11,23,15,3,13,17,16],[23,19,7,3,11,15,13,17,20,16],[19,7,3,11,15,23,17,13,20,16],[15,3,19,7,11,23,13,17,16],[7,15,11,3,19,23,13,17,16],[15,23,11,3,7,19,13,17,20,16],[3,23,15,7,11,19,13,17,16],[3,23,7,15,19,11,17,13,20,16],[23,11,19,3,15,7,13,17,16],[15,7,19,11,3,23,13,17,20,16],[23,7,19,3,11,15,17,13,20,16],[3,7,15,23,11,19,17,13,16],[19,15,3,7,23,11,17,13,20,16],[15,7,3,11,19,23,13,17,16],[23,11,15,7,19,3,13,17,20,16],[19,7,11,23,3,15,17,13,16],[19,15,11,3,7,23,13,17,16],[19,3,7,23,11,15,17,13,16],[3,11,15,23,7,19,13,17,20,16],[19,23,15,11,3,7,13,17,16],[3,7,11,23,15,19,13,17,20,16],[11,7,3,19,23,15,13,17,20,16],[11,15,23,19,3,7,17,13,16],[19,15,11,3,23,7,17,13,16],[15,7,23,3,11,19,13,17,20,16],[3,15,11,19,23,7,13,17,20,16],[7,11,3,15,23,19,13,17,16],[3,7,11,15,19,23,13,17,20,16],[19,3,15,11,23,7,13,17,16],[3,7,19,15,11,23,17,13,20,16],[19,15,3,7,23,11,13,17,16],[23,3,7,15,11,19,17,13,16],[3,15,23,7,11,19,13,17,16],[7,11,19,23,15,3,13,17,20,16],[23,15,3,11,7,19,17,13,20,16],[15,3,7,11,23,19,17,13,20,16],[19,7,15,23,3,11,13,17,20,16],[15,23,7,11,3,19,13,17,16],[7,15,3,23,11,19,13,17,20,16],[15,19,11,3,23,7,17,13,20,16],[15,3,7,23,11,19,17,13,16],[3,19,7,11,23,15,13,17,20,16],[19,15,23,3,7,11,17,13,20,16],[15,3,11,23,19,7,13,17,16],[19,3,11,7,15,23,13,17,16],[15,19,7,23,3,11,17,13,16],[3,23,7,11,15,19,17,13,16],[7,3,15,11,23,19,13,17,16],[23,19,7,3,11,15,17,13,16],[23,15,7,3,11,19,13,17,20,16],[11,7,15,3,19,23,13,17,16],[7,3,11,15,23,19,17,13,16],[3,23,15,7,11,19,13,17,16],[15,3,7,23,19,11,17,13,20,16],[23,19,15,11,3,7,13,17,20,16],[15,23,11,7,19,3,17,13,16],[11,7,3,19,15,23,17,13,16],[11,19,23,7,3,15,17,13,20,16],[7,19,15,23,11,3,13,17,20,16],[11,19,15,3,7,23,13,17,20,16],[19,3,11,23,7,15,13,17,16],[23,11,15,19,3,7,17,13,20,16],[3,7,11,19,15,23,13,17,20,16],[7,15,23,11,19,3,17,13,20,16],[7,3,15,23,11,19,13,17,16],[19,7,23,11,3,15,13,17,20,16],[15,11,3,23,19,7,17,13,20,16],[3,11,7,19,15,23,17,13,20,16],[15,23,11,19,3,7,13,17,16],[7,11,19,15,3,23,17,13,20,16],[15,23,7,3,11,19,17,13,16],[3,19,23,11,7,15,13,17,16],[15,3,19,7,11,23,13,17,20,16],[3,23,15,7,11,19,13,17,16],[23,7,3,11,19,15,13,17,16],[7,3,15,23,11,19,13,17,20,16],[23,19,7,15,11,3,13,17,20,16],[7,3,11,23,15,19,17,13,16],[19,11,15,7,3,23,17,13,20,16],[19,15,3,11,7,23,13,17,16],[11,7,23,15,19,3,17,13,16],[11,23,7,19,15,3,17,13,20,16],[23,15,19,7,3,11,13,17,16],[11,7,19,15,3,23,13,17,20,16],[3,19,11,15,7,23,13,17,20,16],[3,15,23,11,19,7,13,17,16],[7,3,19,23,15,11,13,17,16],[15,23,19,3,7,11,17,13,16],[3,23,15,11,19,7,13,17,20,16],[19,23,7,3,11,15,13,17,16],[7,11,3,23,15,19,13,17,20,16],[7,11,15,3,19,23,17,13,16],[19,3,23,7,11,15,13,17,16],[3,19,15,7,11,23,13,17,16],[11,19,7,15,23,3,13,17,16],[7,11,3,15,19,23,13,17,20,16],[11,23,7,19,15,3,13,17,16],[19,7,3,11,15,23,13,17,20,16],[19,3,23,15,7,11,13,17,16],[7,11,23,19,15,3,17,13,20,16],[15,11,19,7,23,3,17,13,16],[7,15,11,19,3,23,13,17,20,16],[23,7,19,3,15,11,17,13,16],[11,19,7,3,23,15,13,17,20,16],[19,7,15,3,11,23,17,13,20,16],[11,19,3,23,15,7,13,17,16],[7,15,3,23,11,19,17,13,16],[15,7,19,11,3,23,17,13,20,16],[15,23,11,7,19,3,17,13,16],[7,3,19,11,23,15,17,13,20,16],[3,15,11,7,23,19,17,13,20,16],[7,23,11,3,15,19,13,17,16],[19,3,23,11,15,7,13,17,20,16],[23,7,3,19,15,11,17,13,16],[7,23,3,15,11,19,13,17,16],[3,19,11,7,23,15,17,13,20,16],[3,7,19,15,11,23,13,17,16],[19,23,15,7,3,11,17,13,16],[3,7,15,23,11,19,17,13,16],[19,7,11,23,15,3,17,13,16],[15,19,3,11,23,7,17,13,20,16],[11,7,15,19,23,3,13,17,20,16],[7,11,15,3,19,23,17,13,16],[7,3,15,19,23,11,17,13,20,16],[19,11,23,15,7,3,13,17,16],[3,7,23,11,19,15,17,13,20,16],[19,23,15,7,11,3,13,17,16],[23,11,3,7,15,19,13,17,16],[3,7,19,23,15,11,17,13,16],[11,15,23,3,19,7,17,13,20,16],[15,3,19,7,23,11,13,17,20,16],[7,11,3,23,19,15,17,13,16],[3,15,11,7,23,19,13,17,16],[7,23,3,15,11,19,13,17,20,16],[7,23,19,15,11,3,17,13,16],[23,3,19,15,7,11,13,17,16],[11,23,15,3,19,7,17,13,16],[19,7,23,11,3,15,17,13,20,16],[23,19,15,3,7,11,17,13,20,16],[7,15,3,11,19,23,17,13,16],[3,7,23,11,19,15,13,17,20,16],[23,7,3,15,19,11,17,13,16],[11,19,3,7,15,23,17,13,16],[3,19,15,11,7,23,13,17,16],[15,11,23,19,3,7,13,17,20,16],[3,11,7,15,19,23,17,13,20,16],[3,19,23,15,7,11,13,17,20,16],[15,11,19,7,3,23,17,13,16],[15,11,3,23,19,7,13,17,16],[3,15,23,11,7,19,17,13,16],[23,3,7,15,11,19,17,13,16],[7,19,23,15,3,11,13,17,20,16],[11,19,23,15,3,7,17,13,20,16],[7,3,15,11,19,23,13,17,20,16],[3,11,7,19,15,23,13,17,20,16],[15,7,11,23,3,19,13,17,16],[19,11,23,3,15,7,13,17,16],[7,11,23,3,15,19,13,17,20,16],[11,19,23,7,15,3,13,17,20,16],[3,23,7,11,19,15,17,13,16],[11,19,3,15,7,23,17,13,16],[3,19,15,7,11,23,17,13,16],[11,3,19,15,23,7,17,13,16],[7,3,11,23,15,19,13,17,20,16],[19,7,15,11,23,3,13,17,20,16],[7,19,23,3,11,15,13,17,16],[7,11,15,23,3,19,17,13,16],[11,7,15,23,3,19,13,17,20,16],[15,3,11,19,23,7,13,17,16],[15,11,7,23,3,19,13,17,16],[23,7,3,15,19,11,13,17,20,16],[15,11,19,3,23,7,17,13,16],[7,11,15,3,19,23,17,13,16],[11,19,23,7,3,15,13,17,16],[11,15,7,19,23,3,13,17,20,16],[15,23,3,7,11,19,13,17,20,16],[19,7,15,3,23,11,17,13,20,16],[7,3,23,15,11,19,13,17,20,16],[7,15,23,3,11,19,13,17,16],[19,15,11,3,7,23,17,13,16],[23,3,15,11,7,19,17,13,16],[3,15,7,19,11,23,13,17,20,16],[23,15,7,3,19,11,17,13,20,16],[15,23,19,7,3,11,13,17,16],[23,7,19,11,3,15,17,13,16],[7,23,11,15,3,19,13,17,16],[19,11,23,7,3,15,17,13,20,16],[19,15,23,3,7,11,13,17,16],[11,19,7,23,15,3,17,13,20,16],[7,11,3,19,15,23,17,13,20,16],[3,7,11,23,15,19,17,13,20,16],[15,19,23,3,11,7,13,17,16],[23,19,15,7,3,11,17,13,20,16],[15,3,19,11,23,7,17,13,16],[11,19,23,7,15,3,17,13,16],[19,11,7,23,15,3,13,17,16],[11,15,19,3,7,23,17,13,16],[15,3,11,19,7,23,13,17,16],[23,7,3,11,19,15,13,17,20,16],[23,19,15,11,7,3,17,13,20,16],[3,23,15,19,11,7,13,17,16],[3,7,19,23,15,11,13,17,16],[23,11,3,19,7,15,13,17,16],[7,19,3,15,11,23,13,17,20,16],[7,15,3,23,19,11,17,13,16],[11,15,19,7,23,3,13,17,20,16],[3,11,23,15,19,7,17,13,16],[3,19,11,7,15,23,17,13,16],[15,23,3,7,19,11,13,17,16],[23,15,11,7,19,3,17,13,20,16],[23,11,19,7,3,15,13,17,20,16],[11,15,3,7,19,23,13,17,20,16],[11,7,19,15,23,3,13,17,20,16],[7,23,3,11,15,19,17,13,20,16],[11,23,3,15,19,7,13,17,20,16],[15,19,3,23,7,11,17,13,16],[3,7,19,11,23,15,13,17,20,16],[23,3,15,19,11,7,13,17,16],[11,15,23,19,7,3,13,17,20,16],[19,11,23,7,15,3,17,13,16],[3,19,7,11,15,23,13,17,20,16],[11,15,7,3,23,19,13,17,20,16],[23,19,7,15,11,3,17,13,20,16],[11,23,7,3,19,15,17,13,20,16],[7,3,23,15,19,11,17,13,16],[19,3,7,23,11,15,17,13,16],[7,15,19,11,3,23,13,17,20,16],[11,3,23,19,15,7,17,13,20,16],[3,23,15,7,11,19,17,13,20,16],[3,19,23,7,11,15,13,17,20,16],[7,23,11,19,3,15,17,13,20,16],[7,11,15,3,19,23,17,13,16],[23,15,7,3,19,11,17,13,20,16],[15,3,23,19,11,7,13,17,20,16],[23,15,11,7,19,3,13,17,16],[3,11,7,15,23,19,13,17,16],[15,3,11,19,7,23,17,13,20,16],[19,3,23,11,7,15,17,13,20,16],[11,3,19,15,23,7,17,13,16],[7,23,3,19,15,11,17,13,20,16],[15,23,11,3,19,7,17,13,20,16],[3,11,19,7,23,15,17,13,20,16],[15,11,7,23,19,3,13,17,16],[19,15,7,11,3,23,13,17,16],[19,7,23,15,3,11,17,13,20,16],[23,15,11,3,19,7,17,13,16],[23,15,19,11,3,7,13,17,20,16],[3,11,15,19,7,23,17,13,20,16],[3,23,7,19,15,11,17,13,16],[23,15,7,3,11,19,13,17,16],[3,7,11,19,23,15,13,17,16],[15,23,19,7,3,11,13,17,16],[19,11,23,15,3,7,17,13,16],[19,3,15,23,11,7,17,13,20,16],[23,19,15,7,11,3,17,13,16],[19,23,7,3,15,11,17,13,16],[15,23,11,19,7,3,17,13,20,16],[23,3,7,15,11,19,13,17,20,16],[23,3,7,19,15,11,13,17,16],[19,3,11,23,15,7,17,13,20,16],[23,7,19,15,11,3,13,17,16],[15,19,11,23,3,7,17,13,16],[19,7,11,23,15,3,17,13,16],[11,23,19,7,3,15,13,17,16],[23,11,19,7,3,15,13,17,20,16],[7,19,3,15,11,23,13,17,20,16],[19,11,23,7,15,3,17,13,16],[23,15,11,19,3,7,17,13,16],[19,23,15,3,7,11,17,13,16],[3,19,15,23,11,7,17,13,20,16],[23,11,19,3,15,7,13,17,16],[11,3,15,7,23,19,13,17,16],[7,23,11,19,15,3,13,17,16],[19,23,7,15,11,3,17,13,20,16],[7,23,3,19,15,11,13,17,20,16],[15,3,7,23,11,19,17,13,20,16],[19,15,7,3,23,11,13,17,20,16],[3,7,11,23,15,19,13,17,20,16],[11,23,7,19,15,3,13,17,20,16],[19,15,11,7,23,3,13,17,20,16],[15,7,23,3,11,19,17,13,16],[11,19,3,23,15,7,17,13,20,16],[19,11,23,15,3,7,13,17,16],[19,15,11,3,7,23,13,17,20,16],[15,19,7,11,3,23,13,17,16],[19,15,3,23,11,7,17,13,20,16],[11,23,19,7,15,3,13,17,16],[11,15,19,7,3,23,17,13,16],[15,23,19,7,11,3,17,13,16],[23,15,3,11,7,19,17,13,20,16],[3,7,11,19,15,23,13,17,16],[23,15,19,3,7,11,13,17,20,16],[7,15,23,3,11,19,13,17,16],[7,15,3,23,11,19,17,13,16],[19,11,7,15,23,3,13,17,16],[15,23,3,7,11,19,13,17,20,16],[15,23,19,3,7,11,13,17,16],[15,7,19,11,3,23,13,17,20,16],[7,3,11,19,23,15,13,17,16],[7,23,11,19,15,3,17,13,20,16],[19,3,15,11,7,23,17,13,16],[15,11,23,3,7,19,17,13,16],[7,11,3,23,19,15,13,17,20,16],[7,19,11,15,3,23,17,13,20,16],[15,23,3,19,7,11,17,13,20,16],[11,7,19,23,3,15,13,17,20,16],[19,23,11,15,3,7,13,17,20,16],[19,3,23,15,11,7,13,17,20,16],[3,7,15,23,11,19,13,17,16],[7,3,19,11,23,15,13,17,20,16],[11,3,19,7,23,15,17,13,20,16],[3,23,19,15,11,7,17,13,20,16],[11,7,23,19,15,3,17,13,20,16],[19,7,15,3,23,11,13,17,16],[15,23,3,19,7,11,17,13,20,16],[3,11,23,19,15,7,13,17,20,16],[23,3,15,19,7,11,17,13,20,16],[15,11,19,23,3,7,13,17,16],[11,19,7,15,23,3,17,13,16],[19,11,7,15,3,23,17,13,20,16],[3,23,7,11,15,19,13,17,20,16],[7,11,23,3,15,19,13,17,16],[15,23,19,11,3,7,17,13,16],[7,3,19,23,15,11,17,13,16],[15,3,19,7,23,11,17,13,20,16],[3,23,15,19,11,7,17,13,16],[7,3,15,11,19,23,17,13,20,16],[11,23,3,7,19,15,13,17,16],[7,19,3,15,11,23,13,17,20,16],[19,15,7,23,11,3,13,17,20,16],[7,23,15,19,3,11,13,17,16],[15,23,7,3,19,11,17,13,16],[15,7,23,3,19,11,13,17,20,16],[19,7,23,15,11,3,17,13,16],[23,3,11,7,19,15,17,13,20,16],[3,19,11,7,23,15,17,13,20,16],[3,23,7,11,19,15,17,13,16],[15,3,11,7,19,23,13,17,20,16],[3,15,23,19,11,7,17,13,16],[19,23,11,7,3,15,17,13,20,16],[23,15,3,19,7,11,13,17,20,16],[15,11,23,3,19,7,13,17,16],[3,11,23,7,19,15,17,13,20,16],[19,7,3,23,15,11,13,17,20,16],[19,23,15,11,3,7,13,17,20,16],[15,23,11,7,19,3,13,17,16],[19,7,23,11,15,3,13,17,16],[3,11,15,19,23,7,13,17,16],[11,15,7,3,23,19,13,17,16],[19,3,7,11,15,23,17,13,16],[23,3,15,11,19,7,13,17,16],[19,15,23,11,3,7,17,13,20,16],[7,11,3,19,15,23,13,17,16],[11,19,23,15,3,7,17,13,16],[19,3,15,23,7,11,13,17,20,16],[15,3,11,19,7,23,13,17,16],[15,7,3,19,23,11,13,17,16],[23,7,15,19,11,3,17,13,16],[7,23,19,15,3,11,17,13,16],[11,15,3,19,7,23,13,17,16],[7,3,23,19,11,15,13,17,16],[23,19,7,3,15,11,17,13,20,16],[3,7,23,19,11,15,17,13,20,16],[19,15,11,23,7,3,17,13,20,16],[15,19,11,7,3,23,17,13,20,16],[11,7,15,19,23,3,17,13,20,16],[23,11,19,7,3,15,17,13,16],[15,7,11,23,19,3,13,17,20,16],[3,19,7,11,23,15,17,13,16],[19,23,15,11,7,3,13,17,16],[15,11,23,7,3,19,13,17,16],[15,7,3,11,23,19,17,13,20,16],[3,15,19,11,23,7,13,17,16],[23,11,3,15,19,7,13,17,20,16],[7,19,3,11,23,15,13,17,16],[15,23,7,11,3,19,13,17,20,16],[19,11,15,7,3,23,13,17,16],[15,19,3,7,11,23,13,17,16],[11,7,23,19,3,15,17,13,20,16],[7,19,15,23,11,3,17,13,20,16],[15,3,7,19,11,23,17,13,16],[23,7,15,3,19,11,17,13,20,16],[11,7,15,23,3,19,17,13,20,16],[3,15,19,23,11,7,13,17,16],[3,7,19,11,23,15,17,13,20,16],[23,7,19,11,15,3,17,13,20,16],[3,7,19,23,11,15,17,13,20,16],[23,7,19,11,15,3,17,13,20,16],[23,3,15,19,11,7,13,17,16],[19,7,23,15,11,3,13,17,20,16],[3,11,23,15,7,19,13,17,20,16],[3,11,15,23,7,19,13,17,16],[3,19,23,11,7,15,17,13,20,16],[7,11,19,23,3,15,13,17,16],[3,11,7,15,23,19,13,17,16],[3,7,15,19,23,11,13,17,20,16],[7,23,19,15,11,3,13,17,16],[7,3,15,11,19,23,17,13,20,16],[11,15,7,23,3,19,13,17,20,16],[11,19,3,15,23,7,13,17,20,16],[3,23,19,15,11,7,17,13,16],[3,19,7,11,23,15,17,13,20,16],[23,11,19,15,7,3,17,13,16],[23,7,3,15,11,19,13,17,20,16],[23,3,19,11,15,7,17,13,16],[7,23,11,15,3,19,13,17,16],[11,19,7,3,23,15,17,13,20,16],[15,23,7,19,3,11,17,13,16],[11,15,23,3,7,19,17,13,16],[23,7,15,19,11,3,17,13,20,16],[11,7,23,3,15,19,13,17,16],[15,19,23,11,7,3,13,17,16],[7,3,19,11,15,23,13,17,16],[3,15,23,19,7,11,13,17,16],[11,7,23,15,3,19,17,13,16],[23,7,3,15,19,11,17,13,20,16],[7,15,3,23,11,19,13,17,20,16],[11,3,19,15,7,23,17,13,16],[15,11,7,23,3,19,13,17,16],[3,19,15,7,11,23,17,13,16],[19,7,23,3,11,15,17,13,16],[11,19,23,3,7,15,13,17,16],[3,7,11,23,15,19,13,17,16],[11,7,15,3,19,23,17,13,20,16],[3,23,19,7,11,15,17,13,20,16],[23,15,7,3,19,11,13,17,16],[23,11,19,15,3,7,17,13,20,16],[19,15,23,7,3,11,13,17,16],[7,15,19,23,11,3,13,17,20,16],[3,23,11,15,7,19,17,13,20,16],[3,23,7,11,19,15,13,17,20,16],[3,19,23,7,15,11,13,17,20,16],[15,19,11,3,23,7,17,13,20,16],[19,11,15,3,7,23,13,17,16],[23,7,19,15,3,11,13,17,16],[11,7,3,19,15,23,17,13,20,16],[19,23,15,11,7,3,13,17,20,16],[11,23,3,7,19,15,13,17,20,16],[11,3,15,7,19,23,13,17,16],[15,23,19,7,11,3,17,13,16],[11,19,15,7,23,3,13,17,20,16],[19,3,11,15,23,7,17,13,16],[15,3,7,19,11,23,13,17,20,16],[7,11,3,15,19,23,17,13,16],[15,7,3,19,23,11,13,17,20,16],[7,3,23,11,15,19,13,17,16],[15,7,3,19,11,23,13,17,20,16],[23,19,7,15,3,11,13,17,20,16],[15,19,3,11,23,7,13,17,20,16],[3,7,19,23,11,15,17,13,16],[3,11,23,15,7,19,17,13,16],[15,19,23,3,11,7,13,17,16],[23,7,15,11,3,19,17,13,20,16],[3,19,11,23,7,15,13,17,16],[15,3,23,11,7,19,13,17,20,16],[15,23,7,11,3,19,13,17,16],[11,23,7,3,15,19,13,17,16],[3,19,11,15,23,7,17,13,20,16],[3,19,15,7,23,11,17,13,20,16],[15,23,3,19,11,7,13,17,16],[19,11,3,23,7,15,17,13,16],[15,19,3,7,11,23,17,13,20,16],[15,19,11,3,23,7,13,17,20,16],[7,15,19,23,3,11,13,17,16],[11,15,23,19,3,7,17,13,20,16],[19,3,23,11,15,7,13,17,16],[11,15,19,23,3,7,13,17,20,16],[15,3,11,23,19,7,13,17,20,16],[7,3,11,15,23,19,13,17,16],[19,15,11,7,3,23,17,13,16],[23,11,3,15,19,7,13,17,20,16],[15,7,3,19,11,23,13,17,16],[15,3,7,23,19,11,17,13,16],[3,15,19,23,11,7,13,17,16],[19,15,7,23,3,11,17,13,20,16],[23,7,3,11,19,15,13,17,20,16],[23,3,19,7,15,11,13,17,20,16],[7,23,11,3,19,15,13,17,16],[7,19,23,15,3,11,17,13,20,16],[15,3,23,11,19,7,17,13,16],[19,7,15,23,3,11,13,17,20,16],[11,23,7,15,3,19,17,13,16],[23,15,7,3,19,11,13,17,20,16],[19,3,7,15,11,23,17,13,16],[3,19,23,7,15,11,17,13,20,16],[11,7,19,3,15,23,13,17,16],[7,3,15,23,19,11,17,13,16],[3,19,7,15,23,11,17,13,16],[19,15,11,23,7,3,13,17,16],[23,15,3,19,11,7,17,13,16],[23,15,11,7,19,3,17,13,16],[3,15,23,11,19,7,13,17,16],[23,7,3,19,15,11,13,17,16],[19,11,15,7,23,3,13,17,16],[15,19,3,23,11,7,13,17,20,16],[7,19,23,15,11,3,13,17,20,16],[11,23,19,3,7,15,17,13,20,16],[19,15,7,11,3,23,17,13,16],[15,7,19,23,3,11,13,17,20,16],[11,23,15,3,19,7,13,17,16],[15,7,23,3,11,19,13,17,16],[3,15,19,11,7,23,17,13,20,16],[15,11,7,19,23,3,13,17,16],[7,15,3,11,19,23,13,17,20,16],[23,15,11,19,3,7,13,17,20,16],[19,23,7,15,3,11,17,13,20,16],[7,3,11,23,19,15,13,17,20,16],[15,7,3,23,11,19,17,13,20,16],[15,19,3,7,11,23,13,17,16],[11,15,7,19,23,3,13,17,16],[19,7,11,15,3,23,13,17,16],[19,3,23,15,7,11,13,17,16],[11,19,7,3,23,15,17,13,20,16],[15,19,11,3,7,23,13,17,16],[11,15,7,19,3,23,17,13,16],[7,3,11,15,19,23,13,17,16],[11,15,19,23,3,7,17,13,20,16],[11,19,3,15,23,7,17,13,20,16],[3,19,15,23,7,11,17,13,16],[23,7,19,11,3,15,13,17,20,16],[23,11,7,19,15,3,17,13,20,16],[19,15,3,23,7,11,17,13,20,16],[19,23,11,7,15,3,13,17,16],[11,23,7,15,3,19,17,13,20,16],[19,23,15,3,11,7,17,13,20,16],[23,19,7,15,11,3,17,13,20,16],[11,3,23,7,15,19,13,17,20,16],[23,3,19,7,11,15,13,17,16],[3,7,23,19,11,15,13,17,16],[11,23,7,15,19,3,13,17,20,16],[7,15,11,3,23,19,17,13,20,16],[19,7,3,23,11,15,17,13,16],[19,15,11,7,3,23,13,17,16],[23,7,3,11,15,19,13,17,16],[19,3,15,23,7,11,17,13,20,16],[19,11,23,3,7,15,13,17,16],[19,7,23,3,15,11,17,13,20,16],[19,7,3,15,11,23,13,17,16],[7,11,15,23,3,19,17,13,16],[19,23,15,3,11,7,17,13,20,16],[7,11,19,3,23,15,17,13,20,16],[15,7,11,19,3,23,13,17,16],[23,11,19,7,3,15,13,17,16],[19,7,11,23,15,3,17,13,20,16],[15,7,23,3,11,19,17,13,20,16],[11,23,15,7,3,19,17,13,20,16],[3,7,15,11,19,23,13,17,20,16],[19,7,11,15,23,3,17,13,20,16],[7,11,15,3,19,23,13,17,16],[23,11,15,7,19,3,17,13,16],[7,23,11,15,19,3,17,13,16],[7,11,15,19,23,3,13,17,16],[15,19,11,23,3,7,17,13,16],[11,19,7,3,15,23,13,17,20,16],[11,19,15,23,7,3,13,17,16],[19,11,3,15,7,23,13,17,16],[11,3,15,7,19,23,17,13,16],[3,23,15,7,19,11,13,17,16],[19,3,15,11,23,7,17,13,16],[7,19,23,3,15,11,13,17,16],[19,3,7,23,15,11,17,13,20,16],[15,19,3,7,11,23,13,17,20,16],[15,7,19,3,23,11,13,17,20,16],[23,11,15,7,19,3,17,13,20,16],[19,11,23,15,3,7,17,13,16],[19,11,15,7,23,3,13,17,16],[11,7,15,3,23,19,17,13,20,16],[19,7,15,11,23,3,13,17,20,16],[15,11,3,23,7,19,17,13,20,16],[19,11,23,15,7,3,17,13,20,16],[11,23,3,15,19,7,17,13,20,16],[23,19,7,3,11,15,13,17,20,16],[23,11,3,19,15,7,13,17,16],[7,11,19,15,3,23,17,13,16],[3,11,19,23,7,15,17,13,20,16],[15,19,11,3,7,23,13,17,16],[15,3,11,7,19,23,13,17,16],[19,15,3,23,11,7,17,13,20,16],[19,7,23,11,15,3,13,17,20,16],[7,23,19,11,3,15,13,17,16],[15,11,23,19,3,7,17,13,16],[3,15,11,7,23,19,17,13,20,16],[3,15,11,7,23,19,13,17,16],[23,7,15,11,3,19,17,13,20,16],[19,3,15,7,23,11,13,17,20,16],[23,11,3,7,19,15,17,13,16],[19,23,15,7,11,3,17,13,20,16],[3,19,23,15,11,7,13,17,20,16],[3,11,15,19,23,7,17,13,20,16],[15,19,7,11,3,23,17,13,20,16],[11,19,15,23,3,7,17,13,20,16],[7,11,23,19,3,15,17,13,20,16],[19,15,11,7,3,23,13,17,20,16],[19,7,3,23,15,11,13,17,16],[3,7,11,15,19,23,13,17,16],[7,15,19,3,23,11,13,17,16],[23,3,19,7,11,15,17,13,16],[3,15,7,23,19,11,13,17,20,16],[15,3,19,11,23,7,17,13,20,16],[19,3,7,15,11,23,13,17,16],[15,11,19,3,23,7,13,17,20,16],[15,19,11,3,23,7,13,17,16],[7,19,3,11,15,23,13,17,16],[23,7,15,3,19,11,13,17,20,16],[23,7,15,3,11,19,13,17,16],[3,15,23,7,11,19,13,17,20,16],[23,11,3,15,7,19,13,17,20,16],[23,7,15,11,3,19,17,13,16],[23,19,7,3,11,15,13,17,20,16],[3,19,15,7,23,11,17,13,20,16],[15,3,11,19,23,7,13,17,20,16],[19,7,15,23,11,3,17,13,20,16],[3,15,23,7,19,11,13,17,16],[23,15,19,7,3,11,13,17,16],[19,11,23,15,7,3,13,17,20,16],[23,19,15,3,11,7,17,13,16],[3,7,19,15,11,23,17,13,20,16],[11,19,3,7,23,15,13,17,20,16],[19,7,11,15,23,3,17,13,16],[15,11,19,7,3,23,17,13,16],[23,11,15,7,3,19,17,13,20,16],[11,23,7,3,19,15,13,17,16],[3,19,23,7,15,11,17,13,16],[15,19,7,23,11,3,13,17,20,16],[11,23,15,3,19,7,13,17,16],[7,11,23,19,15,3,17,13,20,16],[19,3,7,23,11,15,17,13,20,16],[11,3,15,19,7,23,17,13,16],[23,15,11,19,3,7,17,13,20,16],[19,3,23,7,15,11,17,13,16],[7,15,19,11,3,23,17,13,16],[7,3,23,19,11,15,13,17,20,16],[23,7,11,3,19,15,17,13,16],[11,3,15,19,23,7,13,17,16],[7,15,11,3,23,19,13,17,20,16],[19,7,23,11,3,15,17,13,16],[7,23,11,19,15,3,17,13,16],[19,23,15,11,7,3,17,13,16],[19,15,7,3,11,23,17,13,20,16],[15,11,3,7,19,23,17,13,20,16],[11,7,3,19,15,23,13,17,16],[19,23,15,7,11,3,17,13,20,16],[19,3,11,7,23,15,13,17,16],[19,7,15,3,23,11,17,13,20,16],[19,7,3,15,11,23,17,13,16],[15,11,23,19,7,3,17,13,16],[19,3,15,7,11,23,13,17,16],[15,3,19,23,11,7,17,13,20,16],[23,15,7,19,11,3,13,17,20,16],[19,11,23,3,7,15,13,17,16],[15,23,11,7,3,19,13,17,16],[19,11,3,7,15,23,13,17,20,16],[23,11,3,7,15,19,13,17,20,16],[3,7,23,11,15,19,13,17,16],[23,11,19,15,7,3,13,17,16],[7,23,15,11,3,19,13,17,16],[7,23,19,3,11,15,13,17,20,16],[19,7,23,11,15,3,17,13,16],[15,11,7,19,23,3,13,17,16],[11,19,15,7,3,23,17,13,20,16],[7,19,11,15,23,3,13,17,16],[11,23,7,19,3,15,17,13,16],[15,19,7,3,23,11,17,13,20,16],[19,7,3,23,15,11,17,13,16],[7,23,3,19,15,11,17,13,16],[7,3,11,23,15,19,17,13,20,16],[3,7,23,15,19,11,13,17,16],[23,7,11,19,3,15,17,13,20,16],[15,3,23,11,7,19,13,17,20,16],[7,11,15,23,19,3,17,13,16],[7,3,11,23,19,15,13,17,20,16],[15,23,11,3,19,7,13,17,16],[7,19,3,11,15,23,17,13,20,16],[3,7,19,15,23,11,13,17,16],[3,15,11,19,7,23,13,17,20,16],[23,7,15,11,19,3,17,13,16],[11,19,15,3,7,23,13,17,20,16],[19,15,11,3,7,23,13,17,20,16],[15,7,23,3,11,19,13,17,16],[23,19,3,7,11,15,13,17,20,16],[7,19,3,15,23,11,17,13,16],[23,19,11,7,3,15,17,13,20,16],[15,11,23,7,3,19,17,13,20,16],[3,15,23,7,19,11,17,13,20,16],[7,19,3,15,11,23,17,13,20,16],[23,15,7,3,11,19,13,17,16],[7,15,19,11,3,23,17,13,16],[3,23,15,11,19,7,17,13,20,16],[15,3,19,7,23,11,13,17,16],[19,15,11,3,23,7,17,13,16],[11,23,15,7,19,3,17,13,16],[15,7,19,11,3,23,17,13,16],[23,19,3,7,11,15,17,13,20,16],[23,3,7,15,11,19,17,13,20,16],[7,11,23,3,15,19,17,13,16],[19,11,15,23,7,3,17,13,20,16],[15,23,3,7,11,19,13,17,16],[7,15,3,11,19,23,17,13,16],[19,23,7,3,15,11,13,17,16],[11,3,15,23,7,19,17,13,16],[19,15,7,23,3,11,13,17,20,16],[23,19,3,11,7,15,17,13,20,16],[23,11,15,3,7,19,13,17,20,16],[7,19,3,11,23,15,13,17,20,16],[7,11,3,15,23,19,17,13,20,16],[11,7,19,23,15,3,17,13,20,16],[23,3,7,15,11,19,13,17,20,16],[3,7,15,11,19,23,13,17,16],[19,11,15,7,23,3,17,13,20,16],[23,7,3,11,19,15,13,17,16],[7,11,23,19,15,3,17,13,16],[7,3,23,19,15,11,17,13,20,16],[3,23,11,19,7,15,17,13,20,16],[19,23,3,7,11,15,17,13,20,16],[19,3,23,11,15,7,13,17,16],[23,3,11,19,7,15,17,13,20,16],[3,19,11,23,15,7,17,13,20,16],[23,11,7,15,3,19,13,17,20,16],[15,3,11,19,7,23,17,13,16],[19,15,23,3,7,11,17,13,20,16],[3,11,7,23,19,15,13,17,20,16],[3,7,23,19,11,15,13,17,16],[7,23,3,19,15,11,13,17,16],[3,15,7,23,11,19,17,13,16],[19,23,3,11,15,7,13,17,20,16],[3,11,23,7,15,19,13,17,16],[3,11,7,15,23,19,13,17,16],[3,23,15,11,7,19,17,13,20,16],[11,7,15,3,19,23,17,13,16],[11,3,19,23,7,15,13,17,16],[23,7,3,15,19,11,13,17,20,16],[11,23,3,19,15,7,13,17,20,16],[3,7,15,23,19,11,17,13,16],[7,11,15,23,19,3,17,13,20,16],[19,23,11,15,7,3,13,17,16],[11,19,15,3,23,7,17,13,16],[11,23,7,19,3,15,17,13,20,16],[3,15,11,23,7,19,13,17,16],[3,23,11,7,15,19,13,17,20,16],[19,11,15,7,3,23,17,13,16],[3,19,7,23,15,11,13,17,20,16],[7,11,3,23,15,19,13,17,20,16],[23,7,3,15,19,11,13,17,16],[23,15,11,3,7,19,13,17,16],[11,3,7,15,23,19,13,17,16],[23,15,19,7,3,11,17,13,16],[11,7,19,3,23,15,13,17,20,16],[19,7,3,11,23,15,17,13,16],[3,23,15,11,7,19,13,17,16],[7,15,19,11,23,3,17,13,20,16],[19,11,7,3,23,15,13,17,20,16],[7,3,19,23,15,11,13,17,16],[19,3,23,15,11,7,13,17,20,16],[19,3,15,23,11,7,13,17,20,16],[11,23,7,19,15,3,17,13,16],[11,19,15,23,7,3,13,17,16],[23,19,7,3,15,11,17,13,16],[11,23,3,15,19,7,13,17,20,16],[19,11,23,15,3,7,13,17,16],[11,23,3,19,7,15,17,13,16],[3,15,23,7,19,11,17,13,20,16],[11,23,7,15,19,3,13,17,16],[19,11,7,23,3,15,13,17,16],[3,19,11,7,15,23,13,17,16],[19,11,23,15,3,7,17,13,16],[19,23,3,11,7,15,13,17,16],[19,23,3,7,11,15,17,13,20,16],[15,19,3,7,11,23,13,17,16],[3,11,7,23,19,15,13,17,20,16],[11,3,23,7,15,19,13,17,20,16],[15,11,7,3,19,23,17,13,20,16],[3,11,19,23,15,7,17,13,20,16],[15,19,7,3,23,11,13,17,20,16],[15,19,23,7,11,3,13,17,20,16],[15,19,3,23,7,11,13,17,20,16],[15,11,3,7,23,19,13,17,20,16],[3,7,11,15,23,19,13,17,20,16],[3,23,11,15,19,7,13,17,20,16],[19,11,15,3,23,7,13,17,16],[11,3,15,7,23,19,17,13,20,16],[15,3,7,23,19,11,13,17,16],[11,3,23,15,19,7,13,17,16],[3,23,11,19,7,15,13,17,16],[11,3,19,23,15,7,17,13,20,16]],"n_human":10}