{"problem_id":"S6N5EVdxIC7DYEA","sigma":150,"alpha":1.000,"cost":1,"probabilities":"[0.3, 0.25, 0.22, 0.23]","payoff_matrix":"[[-258, 1, 213, -159, -72, -45], [184, -200, -9, -44, -28, 154], [235, -203, -90, 39, -79, 26], [279, -166, -147, 54, 30, 60]]","uncovered":[[13,9,1,17,5,21,6,10,22,12,24,23,11],[13,21,17,1,5,9,10,6,22,12,24,23,11],[9,1,5,21,17,13,10,8,22,12,24,11,18,23],[9,13,1,21,17,5,6,10,22,24,12,11,18,23],[13,21,1,17,9,5,6,22,10,24,12,11,18,23],[1,17,5,21,9,13,6,22,10,12,24,11,18,23],[21,5,13,17,1,9,12,6,22,10,24,11,18,23],[9,17,21,13,1,5,6,10,22,12,24,11,18,23],[17,21,1,5,13,9,6,11,22,10,24,12,18,23],[9,1,17,21,5,13,6,22,10,12,24,23,11],[1,9,17,13,21,5,6,22,10,12,24,23,11],[13,1,17,9,5,21,6,10,22,24,12,11,18,23],[17,5,13,21,1,9,6,12,22,10,24,23,11],[21,5,13,17,1,9,6,10,22,24,12,23,11],[13,1,21,17,5,9,10,6,22,24,12,23,11],[1,17,9,21,5,13,10,6,22,24,12,23,11],[1,13,9,17,21,5,6,10,24,22,12,23,11],[1,5,17,13,9,21,6,10,22,12,24,11,18,23],[5,9,13,17,21,1,10,6,22,12,24,23,11],[17,13,21,5,1,9,6,22,10,12,24,23,11],[1,9,17,5,13,21,10,6,22,24,12,11,18,23],[21,13,9,1,17,5,6,22,10,12,24,23,11],[17,5,1,9,13,21,10,6,22,24,12,23,11],[5,21,9,13,1,17,10,6,22,12,24,11,18,23],[9,21,1,13,5,17,6,10,22,12,24,11,18,23],[17,21,5,1,13,9,10,6,22,12,24,23,11],[1,5,17,13,9,21,6,10,22,24,12,23,11],[21,1,17,9,5,13,10,6,22,24,12,23,11],[13,1,17,9,5,21,10,6,22,12,24,11,18,23],[17,1,9,13,21,5,10,6,22,24,12,23,11],[17,13,1,9,5,21,10,6,22,12,24,11,18,23],[1,9,5,21,17,13,6,10,22,12,24,11,18,23],[5,21,17,9,13,1,10,6,22,24,12,23,11],[9,21,13,1,17,5,6,12,22,10,24,11,18,23],[5,13,1,21,9,17,6,10,22,12,24,23,11],[5,1,9,21,13,17,10,6,22,12,24,11,18,23],[1,5,13,17,21,9,10,6,22,12,24,11,18,23],[1,13,21,17,5,9,10,6,24,22,12,23,11],[9,21,5,1,13,17,10,6,24,22,12,11,18,23],[1,5,21,17,9,13,10,6,22,24,12,23,11],[1,21,13,9,17,5,10,6,22,24,12,23,11],[13,1,5,9,17,21,6,22,10,12,24,11,18,23],[13,9,21,5,1,17,10,6,22,24,12,11,18,23],[17,9,5,21,1,13,6,10,22,12,24,23,11],[5,9,1,21,17,13,6,22,10,12,24,23,11],[5,9,21,1,13,17,10,6,22,12,24,23,11],[5,1,21,17,9,13,6,10,22,24,12,11,18,23],[13,5,17,1,21,9,7,10,22,12,24,11,20,23],[1,9,21,13,5,17,10,6,22,12,24,23,11],[21,1,9,17,5,13,6,22,10,12,24,11,18,23],[5,1,21,17,9,13,6,10,22,12,24,23,11],[17,9,1,13,5,21,6,22,10,24,12,23,11],[5,1,13,17,9,21,6,22,10,24,12,23,11],[5,17,13,1,9,21,10,6,22,12,24,11,18,23],[1,5,9,17,13,21,6,10,22,24,12,23,11],[17,5,9,21,1,13,10,6,22,12,24,23,11],[1,21,5,17,9,13,10,6,22,24,12,11,18,23],[13,17,21,5,1,9,6,10,22,24,12,23,11],[1,9,13,21,17,5,10,6,22,12,24,23,11],[21,13,5,1,17,9,10,6,22,12,24,11,18,23],[13,5,17,1,21,9,10,6,22,24,12,11,18,23],[21,5,13,1,17,9,6,22,10,12,24,23,11],[9,21,17,5,1,13,6,22,10,12,24,23,11],[17,13,1,21,5,9,6,22,10,12,24,11,18,23],[9,13,21,5,17,1,6,10,22,12,24,11,18,23],[5,21,17,9,1,13,10,6,22,12,24,11,18,23],[13,17,9,5,21,1,10,6,22,12,24,11,18,23],[13,1,17,9,21,5,10,6,22,12,24,11,18,23],[13,21,1,17,9,5,10,6,22,12,24,11,18,23],[17,21,1,13,5,9,10,6,22,12,24,23,11],[21,9,1,17,13,5,6,22,10,12,24,23,11],[5,21,1,17,13,9,10,6,22,12,24,11,18,23],[9,1,5,13,21,17,6,22,10,24,12,23,11],[1,5,13,21,17,9,10,6,23,19],[17,1,21,9,13,5,6,22,10,12,24,11,18,23],[17,13,21,5,9,1,6,24,10,22,12,11,18,23],[17,9,1,5,21,13,6,10,22,24,12,11,18,23],[9,5,21,17,1,13,6,10,22,12,24,11,18,23],[5,21,9,13,1,17,10,6,22,24,12,23,11],[9,5,17,13,1,21,10,6,22,12,24,11,18,23],[13,5,17,1,21,9,10,6,22,12,24,23,11],[17,13,1,5,21,9,6,22,10,12,24,23,11],[17,5,13,21,1,9,6,10,22,24,12,23,11],[13,9,5,1,21,17,10,6,22,12,24,23,11],[17,9,21,5,13,1,6,10,23,18],[21,9,5,1,13,17,10,6,22,12,24,23,11],[1,9,21,5,17,13,6,24,10,22,12,23,11],[17,9,1,13,5,21,10,6,22,24,12,23,11],[9,17,21,13,1,5,6,22,10,24,12,11,18,23],[21,13,1,5,9,17,10,6,22,12,24,11,18,23],[21,9,13,17,5,1,6,24,10,22,12,23,11],[1,13,17,21,9,5,6,10,22,24,12,23,11],[5,17,1,21,13,9,10,6,22,12,24,23,11],[9,1,21,13,17,5,10,6,22,24,12,11,18,23],[5,13,1,21,9,17,10,6,22,12,24,23,11],[13,17,1,9,21,5,10,6,22,12,24,11,18,23],[21,1,9,17,13,5,6,10,22,24,12,11,18,23],[5,9,17,21,1,13,10,6,22,12,24,23,11],[21,13,5,1,17,9,6,22,10,24,12,11,18,23],[13,1,5,17,21,9,10,6,22,12,24,11,18,23],[9,5,21,1,17,13,6,10,22,24,12,23,11],[21,9,5,1,13,17,10,6,22,12,24,23,11],[1,9,13,21,5,17,6,10,22,12,24,11,18,23],[17,13,9,5,21,1,6,10,22,24,12,11,18,23],[17,5,9,21,1,13,10,6,22,12,24,11,18,23],[9,5,21,17,1,13,6,10,22,12,24,23,11],[21,1,17,5,13,9,6,22,10,12,24,11,18,23],[9,17,1,5,21,13,10,6,22,12,24,11,18,23],[9,13,5,1,17,21,6,22,10,24,12,11,18,23],[5,9,21,17,1,13,6,22,10,12,24,23,11],[13,9,5,21,17,1,10,6,22,12,24,23,11],[5,1,21,9,17,13,10,6,22,24,12,23,11],[13,5,9,21,17,1,10,6,22,24,12,11,18,23],[5,17,13,9,21,1,6,22,10,24,12,23,11],[5,21,9,17,1,13,10,6,22,24,12,23,11],[21,5,13,1,9,17,6,10,22,12,24,11,18,23],[13,9,5,21,1,17,10,6,22,24,12,11,18,23],[21,9,13,17,5,1,10,6,22,24,12,23,11],[13,5,9,21,17,1,10,6,22,24,12,11,18,23],[9,17,21,1,5,13,6,22,10,24,12,11,18,23],[5,13,9,1,21,17,10,6,22,12,24,23,11],[13,1,17,9,5,21,10,6,22,12,24,23,11],[1,21,5,17,9,13,10,6,22,24,12,23,11],[5,13,17,9,1,21,10,6,22,24,12,23,11],[17,1,9,21,5,13,6,12,22,10,24,23,11],[13,17,9,21,5,1,6,22,10,12,24,23,11],[17,21,5,9,1,13,6,12,22,10,24,11,18,23],[9,1,17,5,13,21,6,10,22,12,24,11,18,23],[5,13,1,21,17,9,6,10,22,24,12,11,18,23],[1,21,13,17,9,5,10,6,22,24,12,11,18,23],[21,1,5,13,17,9,6,10,22,12,24,23,11],[9,1,13,17,5,21,10,6,22,12,24,23,11],[21,13,1,5,17,9,10,6,22,12,24,11,18,23],[5,13,17,1,21,9,6,22,10,24,12,11,18,23],[5,17,21,13,1,9,10,6,22,24,12,11,18,23],[17,13,21,1,9,5,6,10,22,12,24,11,18,23],[5,9,21,1,17,13,6,22,10,12,24,11,18,23],[21,13,5,9,1,17,6,22,10,12,24,11,18,23],[5,1,13,17,21,9,10,6,22,24,12,23,11],[13,21,1,9,5,17,10,6,22,24,12,11,18,23],[13,1,5,17,9,21,6,22,10,24,12,23,11],[13,9,5,21,1,17,10,6,22,12,24,11,18,23],[17,5,13,9,21,1,10,6,22,12,24,23,11],[1,5,17,21,13,9,10,6,22,24,12,23,11],[21,5,1,17,9,13,10,6,24,22,12,23,11],[1,9,5,21,13,17,6,22,10,12,24,23,11],[21,17,5,9,1,13,10,6,22,12,24,23,11],[9,5,1,17,13,21,10,6,22,24,12,11,18,23],[13,9,1,21,17,5,10,6,24,22,12,23,11],[9,21,5,1,13,17,6,10,22,12,24,11,18,23],[1,9,21,17,13,5,6,10,22,24,12,23,11],[5,17,13,9,21,1,6,22,10,12,24,11,18,23],[17,9,5,13,21,1,6,10,22,24,12,23,11],[5,21,1,13,9,17,6,10,22,24,12,11,18,23],[21,13,9,1,17,5,6,10,22,12,24,23,11],[9,21,1,5,17,13,6,10,22,12,24,23,11],[5,13,17,21,9,1,10,6,22,12,24,23,11],[5,13,17,9,21,1,10,6,22,12,24,23,11],[1,21,13,9,17,5,10,6,22,24,12,11,18,23],[13,17,5,21,9,1,6,22,10,23,12,24,11],[17,21,9,5,1,13,6,10,24,22,12,23,11],[5,1,13,9,17,21,6,10,22,24,12,11,18,23],[9,5,21,1,17,13,10,6,22,12,24,11,18,23],[5,13,21,17,9,1,12,6,22,10,24,23,11],[9,21,17,5,13,1,10,6,22,12,24,23,11],[1,21,13,17,5,9,10,6,22,12,24,11,18,23],[1,9,17,21,13,5,6,10,22,12,24,23,11],[13,17,1,9,5,21,6,10,22,12,24,23,11],[1,9,13,17,5,21,6,10,22,12,24,23,11],[13,1,17,5,9,21,6,22,10,12,24,23,11],[9,21,13,17,5,1,10,6,22,24,12,11,18,23],[21,9,5,17,1,13,6,11,22,10,24,12,18,23],[13,5,1,9,17,21,10,6,22,12,24,11,18,23],[9,21,17,13,5,1,6,22,10,12,24,23,11],[1,17,13,5,21,9,10,6,22,12,24,23,11],[21,9,5,1,13,17,10,6,22,24,12,11,18,23],[9,21,1,17,13,5,6,10,22,24,12,11,18,23],[17,13,21,9,1,5,10,6,22,12,24,11,18,23],[17,5,1,21,13,9,6,12,22,10,24,11,18,23],[21,9,5,17,1,13,6,10,22,12,24,23,11],[17,13,9,5,21,1,10,6,22,12,24,23,11],[5,21,17,1,13,9,6,22,10,12,24,23,11],[17,9,13,5,1,21,6,22,10,24,12,23,11],[9,21,13,1,17,5,6,10,22,24,12,11,18,23],[1,5,13,9,21,17,6,22,10,24,12,11,18,23],[13,1,9,17,21,5,10,6,22,24,12,23,11],[17,1,9,5,13,21,10,6,22,12,24,23,11],[5,17,13,9,1,21,10,6,22,12,24,11,18,23],[9,13,5,1,17,21,10,6,22,12,24,23,11],[13,17,5,21,1,9,10,6,22,24,12,11,18,23],[13,17,21,9,5,1,10,6,22,24,12,23,11],[17,1,21,5,13,9,6,22,10,12,24,11,18,23],[21,1,17,9,13,5,10,6,22,24,12,23,11],[21,13,1,9,5,17,10,6,22,12,24,23,11],[5,9,21,17,13,1,6,10,22,12,24,11,18,23],[17,13,1,5,9,21,10,6,22,12,24,23,11],[17,5,21,1,13,9,6,24,10,22,12,23,11],[21,9,13,5,17,1,10,6,22,24,12,23,11],[13,9,1,17,21,5,6,22,10,12,24,11,18,23],[9,5,17,1,21,13,10,6,22,12,24,11,18,23],[1,5,17,9,21,13,6,22,10,12,24,23,11],[21,13,17,5,1,9,10,6,22,24,12,11,18,23],[21,5,1,9,17,13,6,22,10,24,12,23,11],[5,9,17,1,13,21,10,6,22,12,24,23,11],[1,9,21,5,17,13,6,10,22,24,12,23,11],[21,9,13,17,1,5,6,10,22,24,12,23,11],[9,5,1,21,13,17,6,12,22,10,24,23,11],[13,9,17,1,21,5,10,6,24,22,12,23,11],[13,17,9,1,5,21,6,10,22,24,12,11,18,23],[5,17,13,1,9,21,10,6,22,24,12,23,11],[17,21,5,13,9,1,6,10,22,12,24,23,11],[13,17,1,5,9,21,10,6,22,12,24,23,11],[21,9,1,13,5,17,6,22,10,24,12,11,18,23],[13,5,21,1,17,9,10,6,22,24,12,23,11],[1,17,9,5,21,13,10,6,22,24,12,11,18,23],[21,9,5,1,17,13,6,10,22,12,24,23,11],[17,9,13,5,21,1,10,6,22,24,12,23,11],[5,21,13,1,9,17,6,10,24,22,12,23,11],[13,1,9,5,21,17,10,6,22,12,24,23,11],[13,21,17,1,5,9,10,6,24,22,12,11,18,23],[5,9,13,1,17,21,10,6,22,12,24,11,18,23],[5,17,9,21,1,13,10,6,22,12,24,23,11],[21,5,17,1,9,13,10,6,22,24,12,11,18,23],[17,21,1,5,9,13,6,10,22,12,24,23,11],[5,1,21,13,17,9,10,6,22,12,24,11,18,23],[5,1,13,17,9,21,10,6,22,24,12,23,11],[5,17,21,1,13,9,6,23,12,22,10,24,11],[17,1,5,13,21,9,10,6,22,24,12,11,18,23],[9,1,13,17,21,5,6,10,22,12,24,23,11],[21,17,13,1,9,5,10,6,22,24,12,11,18,23],[1,13,17,9,21,5,6,10,22,24,12,11,18,23],[17,1,5,13,21,9,10,6,22,24,12,23,11],[1,5,13,21,9,17,10,6,22,12,24,11,18,23],[21,5,1,13,9,17,6,10,22,12,24,11,18,23],[13,1,5,21,9,17,10,6,22,24,12,23,11],[9,17,1,5,13,21,6,22,10,12,24,23,11],[5,17,13,9,1,21,6,10,22,24,12,23,11],[13,1,21,9,5,17,6,10,22,24,12,11,18,23],[1,9,5,13,21,17,10,6,22,24,12,11,18,23],[13,21,17,1,5,9,6,12,22,10,24,11,18,23],[1,21,9,17,5,13,10,6,22,24,12,11,18,23],[13,5,1,21,9,17,10,6,22,24,12,23,11],[21,9,5,13,1,17,10,6,22,24,12,23,11],[17,5,13,21,1,9,6,10,22,12,24,11,18,23],[13,17,21,9,5,1,10,6,24,22,12,11,18,23],[13,9,5,1,21,17,10,6,23,18],[5,9,13,17,21,1,10,6,22,24,12,11,18,23],[1,9,13,17,5,21,10,6,22,24,12,11,18,23],[9,5,1,17,13,21,10,6,22,12,24,23,11],[5,9,1,17,21,13,6,24,10,22,12,23,11],[1,21,17,13,5,9,10,6,22,24,12,23,11],[17,1,9,13,21,5,10,8,23,19],[9,5,21,13,1,17,10,6,22,12,24,23,11],[1,9,5,17,21,13,6,24,10,22,12,11,18,23],[13,9,1,5,21,17,10,6,22,24,12,11,18,23],[5,1,13,9,21,17,6,10,22,12,24,23,11],[17,1,21,9,13,5,6,10,22,24,12,11,18,23],[9,17,13,1,5,21,6,10,23,18],[21,1,13,17,9,5,6,10,24,22,12,11,18,23],[9,17,5,13,21,1,10,6,22,12,24,23,11],[17,21,5,9,13,1,10,6,22,24,12,23,11],[1,21,5,13,9,17,6,22,10,24,12,23,11],[5,9,1,13,17,21,10,6,22,24,12,11,18,23],[17,5,13,9,1,21,6,10,22,24,12,11,18,23],[9,1,13,17,21,5,10,6,22,24,12,23,11],[1,13,21,17,5,9,6,22,10,24,12,23,11],[9,17,21,1,5,13,6,23,11,22,10,12,24],[17,13,21,9,1,5,6,12,22,10,24,23,11],[5,21,9,13,17,1,6,22,10,12,24,11,18,23],[13,21,9,17,1,5,6,22,10,12,24,23,11],[17,5,9,1,13,21,10,6,22,24,12,11,18,23],[21,1,5,13,17,9,6,10,24,22,12,11,18,23],[1,9,21,5,17,13,6,22,10,24,12,11,18,23],[21,17,1,9,13,5,10,6,22,24,12,23,11],[5,21,9,1,13,17,10,6,24,22,12,23,11],[21,17,1,13,5,9,6,10,22,12,24,11,18,23],[5,13,17,9,1,21,10,6,22,24,12,23,11],[1,13,5,9,21,17,10,6,22,24,12,23,11],[21,5,9,1,17,13,6,10,23,18],[17,5,9,21,13,1,6,10,22,24,12,23,11],[17,13,1,5,21,9,6,10,24,22,12,11,18,23],[21,1,17,13,9,5,8,10,22,24,12,11,18,23],[21,1,9,5,13,17,6,22,10,12,24,23,11],[9,5,1,17,13,21,10,6,22,12,24,11,18,23],[5,1,17,9,21,13,6,22,10,24,12,23,11],[21,9,5,1,17,13,10,6,22,24,12,11,18,23],[17,21,9,1,5,13,10,6,22,24,12,11,18,23],[17,5,1,21,9,13,10,6,22,24,12,23,11],[21,17,5,9,13,1,6,12,22,10,24,23,11],[5,21,17,9,13,1,6,22,10,24,12,11,18,23],[21,5,9,13,17,1,10,6,22,12,24,23,11],[13,5,9,21,1,17,6,22,10,24,12,23,11],[21,13,9,1,5,17,10,6,22,12,24,23,11],[17,5,13,21,9,1,6,10,22,12,24,11,18,23],[13,9,17,1,21,5,10,6,22,24,12,11,18,23],[9,5,13,17,21,1,6,10,22,12,24,11,18,23],[13,17,5,21,1,9,10,6,24,22,12,11,18,23],[5,13,1,21,17,9,10,6,22,24,12,23,11],[1,5,21,13,9,17,6,10,22,24,12,11,20,23],[21,1,13,9,17,5,10,6,22,24,12,11,18,23],[17,1,21,5,13,9,10,6,22,24,12,11,18,23],[21,13,17,5,9,1,10,6,22,12,24,23,11],[5,9,13,21,1,17,6,10,22,12,24,11,18,23],[13,9,1,5,17,21,10,6,22,12,24,23,11],[9,13,5,17,1,21,10,6,22,12,24,23,11],[13,17,21,1,9,5,6,22,10,12,24,23,11],[21,5,1,13,9,17,10,6,22,24,12,23,11],[17,21,1,13,5,9,6,22,10,24,12,11,18,23],[9,13,5,17,21,1,6,10,22,12,24,11,18,23],[5,9,13,17,21,1,10,6,22,24,12,11,18,23],[17,21,1,9,5,13,10,6,22,24,12,11,18,23],[21,1,9,5,13,17,10,6,22,24,12,23,11],[9,21,1,17,5,13,10,6,23,18],[5,1,13,17,21,9,10,6,22,12,24,11,18,23],[13,17,21,9,5,1,6,22,10,24,12,11,18,23],[21,17,1,13,5,9,6,10,22,12,24,11,18,23],[9,21,5,1,17,13,10,6,22,12,24,23,11],[13,21,5,1,9,17,10,6,22,12,24,11,18,23],[17,13,5,1,9,21,10,6,22,24,12,23,11],[1,13,17,9,5,21,10,6,22,24,12,11,18,23],[17,21,13,5,1,9,6,10,22,12,24,23,11],[5,1,13,21,17,9,6,10,22,24,12,23,11],[9,1,21,13,5,17,6,22,10,24,12,23,11],[21,5,9,1,17,13,10,6,22,12,24,11,18,23],[5,21,1,17,13,9,6,22,10,24,12,11,18,23],[9,21,13,1,17,5,10,6,22,24,12,11,18,23],[1,21,17,5,13,9,6,12,22,10,24,23,11],[21,1,13,5,9,17,6,24,10,22,12,23,11],[5,13,17,9,1,21,10,6,22,12,24,11,18,23],[1,5,17,13,9,21,10,6,22,12,24,23,11],[21,1,17,5,13,9,6,22,10,24,12,11,18,23],[1,9,21,17,13,5,10,6,22,24,12,23,11],[5,13,9,21,17,1,10,6,22,24,12,23,11],[1,13,17,21,5,9,10,6,22,12,24,23,11],[17,9,1,5,21,13,10,6,22,24,12,23,11],[9,13,1,21,5,17,10,6,22,12,24,11,18,23],[9,17,1,5,13,21,6,22,10,24,12,11,18,23],[1,21,5,13,17,9,10,6,22,12,24,23,11],[9,17,1,5,13,21,10,6,22,24,12,23,11],[5,9,21,17,1,13,10,6,22,24,12,23,11],[1,13,5,21,9,17,10,6,22,24,12,11,18,23],[9,1,13,21,17,5,10,6,22,24,12,23,11],[5,1,13,17,9,21,10,6,22,24,12,23,11],[9,21,1,5,13,17,10,6,22,24,12,23,11],[21,17,1,5,13,9,6,22,10,12,24,11,18,23],[21,5,13,17,1,9,6,10,22,24,12,23,11],[13,21,1,9,5,17,6,22,10,24,12,23,11],[13,9,1,5,17,21,6,10,22,24,12,23,11],[1,21,9,5,17,13,8,10,24,22,12,23,11],[13,21,9,1,17,5,10,6,22,24,12,23,11],[17,5,21,9,13,1,6,10,22,12,24,23,11],[21,13,5,17,9,1,6,22,10,12,24,11,18,23],[17,9,13,5,21,1,6,10,22,24,12,23,11],[17,9,1,21,5,13,6,22,10,24,12,11,18,23],[17,21,1,5,9,13,10,6,22,12,24,11,18,23],[9,5,17,21,1,13,10,6,24,22,12,23,11],[1,13,9,21,17,5,10,6,22,12,24,23,11],[9,13,1,5,17,21,10,6,22,12,24,11,18,23],[17,13,21,1,9,5,10,6,22,24,12,11,18,23],[9,17,1,5,21,13,10,6,22,12,24,23,11],[13,5,1,9,17,21,6,12,22,10,24,11,18,23],[21,17,1,5,9,13,10,6,22,24,12,11,18,23],[5,13,17,21,9,1,10,6,22,12,24,11,18,23],[1,17,5,13,9,21,6,24,10,22,12,11,18,23],[13,21,17,5,9,1,10,6,22,24,12,23,11],[1,17,5,21,13,9,6,10,22,12,24,11,18,23],[17,9,5,21,13,1,10,6,22,12,24,11,18,23],[5,13,1,21,17,9,10,6,22,12,24,11,18,23],[17,9,1,21,5,13,6,10,24,22,12,23,11],[13,5,21,1,9,17,10,6,24,22,12,23,11],[9,1,17,5,13,21,10,6,22,24,12,11,18,23],[1,9,17,21,5,13,6,22,10,24,12,23,11],[5,9,1,21,17,13,6,10,22,12,24,11,18,23],[21,9,1,13,5,17,6,22,10,12,24,23,11],[13,21,17,1,9,5,6,22,10,24,12,11,18,23],[9,17,21,1,5,13,6,10,22,24,12,23,11],[21,5,13,9,17,1,6,10,22,24,12,23,11],[17,21,9,5,13,1,6,12,22,10,24,23,11],[21,13,5,1,17,9,6,22,10,24,12,23,11],[1,17,13,21,9,5,6,10,24,22,12,11,18,23],[9,13,5,21,17,1,6,12,22,10,24,11,18,23],[13,17,1,5,9,21,10,6,22,24,12,11,18,23],[1,17,5,21,9,13,10,6,22,24,12,23,11],[5,21,9,17,1,13,6,10,24,22,12,23,11],[13,1,21,17,5,9,6,22,10,24,12,23,11],[1,5,21,17,13,9,10,6,22,12,24,23,11],[5,9,1,21,13,17,10,6,22,24,12,23,11],[9,21,5,17,13,1,10,6,24,22,12,23,11],[9,21,17,1,13,5,12,6,22,10,24,11,18,23],[1,5,21,17,13,9,10,6,22,24,12,11,18,23],[9,13,21,5,1,17,10,6,22,24,12,11,18,23],[1,9,21,5,13,17,6,12,22,10,24,11,18,23],[9,17,13,5,1,21,10,6,22,24,12,23,11],[5,1,9,21,17,13,6,22,10,24,12,11,18,23],[17,21,13,1,9,5,10,6,24,22,12,23,11],[9,13,21,17,5,1,10,6,22,24,12,11,18,23],[5,21,1,17,9,13,10,6,22,24,12,11,18,23],[21,13,17,5,1,9,6,10,22,12,24,23,11],[13,9,1,21,17,5,10,6,22,12,24,11,18,23],[5,13,21,9,1,17,10,6,22,12,24,23,11],[9,21,1,5,13,17,6,22,10,12,24,11,18,23],[21,5,17,9,1,13,10,6,22,12,24,23,11],[17,21,1,5,13,9,10,6,22,24,12,23,11],[1,5,21,17,13,9,6,24,10,22,12,11,18,23],[5,21,13,17,9,1,6,10,22,24,12,23,11],[13,21,17,5,1,9,10,6,22,12,24,11,18,23],[21,9,1,5,17,13,10,6,24,22,12,23,11],[17,13,21,9,1,5,6,24,10,22,12,23,11],[21,9,5,1,17,13,6,10,22,24,12,11,18,23],[9,13,17,21,5,1,10,6,22,24,12,11,18,23],[13,21,1,9,17,5,10,6,22,24,12,11,18,23],[5,13,9,1,17,21,6,22,10,12,24,11,18,23],[5,13,1,17,21,9,10,6,22,24,12,23,11],[21,17,5,13,1,9,6,22,10,12,24,23,11],[17,1,5,9,21,13,10,6,22,24,12,11,18,23],[21,9,13,5,17,1,10,6,24,22,12,23,11],[5,13,21,17,9,1,6,22,10,12,24,23,11],[21,1,9,5,13,17,6,10,22,24,12,11,18,23],[1,21,17,9,13,5,6,22,10,12,24,11,18,23],[17,21,5,13,9,1,6,10,22,24,12,23,11],[9,5,17,21,13,1,6,12,22,10,24,23,11],[9,5,21,17,13,1,10,6,22,24,12,11,18,23],[17,1,5,13,21,9,6,22,10,24,12,23,11],[1,21,5,13,9,17,6,10,22,12,24,23,11],[17,5,13,21,9,1,6,22,10,24,12,23,11],[5,21,13,9,17,1,10,6,22,24,12,11,18,23],[21,5,17,1,9,13,10,6,22,24,12,23,11],[1,21,5,13,17,9,10,6,24,22,12,11,18,23],[1,13,17,21,9,5,10,6,22,12,24,11,18,23],[13,17,1,5,21,9,10,6,22,24,12,23,11],[1,9,5,17,13,21,6,22,10,12,24,11,18,23],[1,17,9,21,13,5,10,6,22,24,12,23,11],[21,5,1,9,13,17,6,10,22,12,24,23,11],[5,9,1,21,17,13,6,22,10,24,12,11,18,23],[9,1,5,17,13,21,10,6,22,12,24,11,18,23],[5,21,13,9,17,1,10,6,22,12,24,23,11],[13,17,9,5,1,21,6,10,22,24,12,11,18,23],[13,21,17,9,5,1,6,10,24,22,12,11,18,23],[13,9,5,21,1,17,6,12,22,10,24,11,18,23],[1,17,9,5,13,21,6,10,22,24,12,23,11],[9,1,5,17,13,21,6,22,10,24,12,23,11],[5,13,1,9,17,21,10,6,22,12,24,23,11],[5,9,1,21,17,13,10,6,22,24,12,11,18,23],[21,17,5,9,13,1,6,22,10,12,24,23,11],[5,13,9,21,17,1,6,10,22,12,24,23,11],[21,9,13,17,5,1,10,6,24,22,12,23,11],[1,21,5,17,13,9,10,6,22,12,24,11,18,23],[21,1,13,5,9,17,10,6,22,24,12,11,18,23],[17,1,9,5,21,13,6,12,22,10,24,11,18,23],[13,5,1,17,9,21,10,6,22,12,24,23,11],[21,1,17,5,9,13,10,6,23,20],[17,1,13,9,21,5,6,10,22,12,24,23,11],[21,13,5,9,1,17,6,22,10,12,24,11,18,23],[13,17,9,5,21,1,6,22,10,24,12,23,11],[9,17,21,5,1,13,10,6,22,12,24,23,11],[9,21,1,17,13,5,10,6,22,24,12,11,18,23],[17,1,21,13,9,5,6,10,22,12,24,11,18,23],[1,9,13,5,17,21,10,6,22,24,12,11,18,23],[13,9,5,21,1,17,10,6,22,12,24,11,18,23],[9,21,5,13,1,17,6,10,23,18],[1,21,17,13,9,5,6,10,22,24,12,11,18,23],[17,1,9,21,13,5,10,6,24,22,12,23,11],[13,9,5,21,17,1,10,6,22,12,24,11,18,23],[5,9,1,21,17,13,10,6,22,24,12,23,11],[17,13,21,5,9,1,6,10,24,22,12,23,11],[1,21,5,17,13,9,10,6,22,24,12,11,18,23],[9,5,13,1,21,17,6,22,10,24,12,23,11],[5,13,21,9,1,17,6,10,22,24,12,23,11],[17,13,9,21,1,5,10,6,22,24,12,23,11],[21,13,5,9,1,17,6,10,22,24,12,11,18,23],[5,1,9,17,13,21,10,6,24,22,12,11,18,23],[5,13,1,21,17,9,6,22,10,12,24,11,18,23],[5,9,21,1,13,17,10,6,24,22,12,11,18,23],[1,21,13,9,5,17,10,6,22,24,12,11,18,23],[5,21,9,17,1,13,6,22,10,12,24,23,11],[13,5,17,21,9,1,10,6,22,12,24,23,11],[9,5,1,13,21,17,6,10,22,12,24,11,18,23],[5,17,1,21,13,9,10,6,22,12,24,11,18,23],[21,9,13,17,5,1,10,6,22,24,12,23,11],[5,9,13,1,21,17,6,10,24,22,12,11,18,23],[17,13,9,21,1,5,10,6,22,12,24,23,11],[1,21,13,9,5,17,6,10,22,24,12,11,18,23],[13,17,9,1,5,21,6,11,22,10,24,12,18,23],[21,17,5,13,1,9,6,24,10,22,12,23,11],[9,17,1,13,5,21,10,6,22,12,24,11,18,23],[1,9,5,13,17,21,10,6,22,24,12,11,18,23],[1,17,13,5,9,21,10,6,22,24,12,23,11],[5,9,21,1,13,17,10,6,22,24,12,11,18,23],[21,1,5,17,13,9,10,6,22,24,12,11,18,23],[9,17,1,13,21,5,10,6,22,24,12,23,11],[5,21,1,9,17,13,6,22,10,12,24,23,11],[9,1,13,5,17,21,6,10,22,12,24,23,11],[1,9,21,17,5,13,6,22,10,24,12,11,18,23],[21,5,1,17,13,9,6,10,22,24,12,23,11],[17,5,21,9,13,1,6,10,22,12,24,11,18,23],[13,5,9,1,17,21,10,6,22,12,24,11,18,23],[21,13,1,9,5,17,6,22,10,24,12,23,11],[21,17,5,1,13,9,6,10,22,24,12,11,18,23],[1,17,9,5,13,21,10,6,22,12,24,11,18,23],[17,9,13,21,5,1,10,6,22,24,12,11,18,23],[9,13,5,21,17,1,6,10,22,24,12,23,11],[1,17,9,21,13,5,10,6,22,24,12,11,18,23],[17,21,9,13,1,5,6,22,10,12,24,23,11],[13,21,17,9,5,1,10,6,22,12,24,11,18,23],[17,13,21,9,1,5,10,6,22,24,12,11,18,23],[17,21,5,13,1,9,10,6,22,12,24,23,11],[1,21,9,13,5,17,6,22,10,12,24,23,11],[17,5,13,9,21,1,10,6,22,12,24,23,11],[13,21,5,17,1,9,6,10,22,24,12,23,11],[21,9,5,1,17,13,10,6,22,24,12,23,11],[1,5,21,17,9,13,12,6,22,10,24,11,18,23],[21,13,5,17,1,9,10,6,24,22,12,11,18,23],[17,13,1,5,21,9,10,6,24,22,12,23,11],[17,9,13,21,1,5,10,6,22,24,12,11,18,23],[1,5,13,17,21,9,6,11,22,10,24,12,18,23],[1,5,17,21,9,13,10,6,22,12,24,23,11],[1,17,21,9,13,5,6,22,10,24,12,11,18,23],[1,17,13,5,21,9,6,10,22,12,24,23,11],[13,9,1,5,17,21,6,22,10,24,12,11,18,23],[9,17,5,1,13,21,10,6,22,24,12,23,11],[9,17,1,5,21,13,10,6,22,24,12,23,11],[21,9,17,5,1,13,6,23,10,18],[9,21,1,5,13,17,10,6,24,22,12,11,18,23],[21,9,1,17,5,13,10,6,22,12,24,23,11],[1,9,5,17,13,21,6,22,10,12,24,11,18,23],[21,9,5,17,13,1,10,6,24,22,12,11,18,23],[17,1,21,9,13,5,6,22,10,12,24,11,18,23],[21,5,13,17,9,1,10,6,22,12,24,11,18,23],[1,17,13,9,5,21,10,6,22,12,24,11,18,23],[13,17,9,5,1,21,10,6,22,12,24,23,11],[21,9,1,5,13,17,6,10,22,12,24,23,11],[9,17,13,1,21,5,6,10,22,24,12,11,18,23],[17,21,9,13,5,1,6,10,22,24,12,23,11],[9,5,1,13,17,21,10,6,22,24,12,23,11],[9,5,1,21,17,13,6,10,22,12,24,23,11],[13,17,9,5,21,1,10,6,22,12,24,23,11],[1,5,13,9,21,17,6,10,23,18],[1,21,9,17,5,13,10,6,23,18],[17,13,9,1,5,21,6,22,10,24,12,11,18,23],[13,1,17,9,5,21,10,6,22,24,12,11,18,23],[9,17,21,5,1,13,10,6,22,24,12,11,18,23],[17,1,5,9,21,13,6,10,22,24,12,11,18,23],[5,9,21,1,17,13,10,6,24,22,12,23,11],[1,17,13,9,21,5,10,6,22,24,12,11,18,23],[13,21,17,9,5,1,10,6,22,24,12,23,11],[17,1,5,9,13,21,10,6,22,24,12,23,11],[21,9,5,1,13,17,6,22,10,12,24,11,18,23],[1,5,13,21,17,9,6,22,10,24,12,23,11],[1,5,9,17,21,13,6,10,22,12,24,11,18,23],[5,9,17,21,13,1,6,22,10,24,12,23,11],[9,13,17,5,1,21,10,6,22,12,24,11,18,23],[21,13,1,17,5,9,10,6,22,24,12,11,18,23],[5,9,13,1,17,21,10,6,22,12,24,23,11],[1,13,21,17,5,9,10,6,22,12,24,23,11],[17,1,5,21,9,13,6,10,24,22,12,11,18,23],[21,17,9,13,1,5,6,22,10,24,12,23,11],[5,1,21,9,17,13,6,22,10,24,12,11,18,23],[17,21,13,9,1,5,6,10,22,24,12,11,18,23],[21,1,9,5,13,17,6,24,10,22,12,11,18,23],[9,5,13,1,21,17,6,22,10,24,12,11,18,23],[9,21,1,17,13,5,10,6,22,12,24,11,18,23],[1,13,17,5,21,9,10,6,22,12,24,23,11],[21,5,17,1,13,9,10,6,22,24,12,23,11],[9,13,17,21,5,1,6,22,10,12,24,23,11],[13,5,9,1,17,21,6,22,10,24,12,11,18,23],[5,1,21,9,17,13,6,22,10,24,12,11,18,23],[9,5,17,13,1,21,10,6,22,12,24,23,11],[21,5,1,9,17,13,10,6,22,12,24,23,11],[21,17,1,5,13,9,6,10,22,12,24,11,18,23],[13,5,1,17,21,9,6,22,10,24,12,11,18,23],[21,5,17,9,13,1,10,6,22,12,24,11,18,23],[21,13,5,17,9,1,10,6,22,12,24,11,18,23],[13,5,9,17,1,21,6,23,10,18],[5,21,9,17,1,13,6,11,22,10,24,12,18,23],[9,1,13,21,17,5,6,22,10,24,12,11,18,23],[17,21,13,5,1,9,6,10,22,24,12,23,11],[9,17,13,1,5,21,6,22,10,24,12,23,11],[5,17,21,9,1,13,10,6,22,24,12,23,11],[17,1,5,13,21,9,10,6,23,18],[9,13,21,5,1,17,10,6,22,12,24,11,18,23],[9,21,17,1,13,5,6,10,23,18],[1,21,13,17,9,5,6,22,10,12,24,11,18,23],[1,17,9,21,13,5,10,6,22,12,24,11,18,23],[5,13,21,9,17,1,6,10,23,20],[5,9,1,17,21,13,6,10,22,24,12,11,18,23],[9,1,17,5,21,13,10,6,22,12,24,11,18,23],[5,21,1,13,9,17,6,10,22,12,24,11,18,23],[13,9,21,5,1,17,6,10,22,24,12,23,11],[17,1,5,9,21,13,10,6,22,12,24,11,18,23],[13,9,1,21,17,5,6,22,10,12,24,11,18,23],[17,5,1,21,9,13,10,6,22,24,12,11,18,23],[13,17,5,1,21,9,6,10,22,24,12,23,11],[17,9,21,5,13,1,6,10,22,12,24,23,11],[1,21,9,13,17,5,6,10,22,24,12,23,11],[13,1,17,21,5,9,10,6,22,12,24,11,18,23],[21,5,13,1,9,17,10,6,22,12,24,11,18,23],[9,17,13,21,5,1,10,7,22,12,24,23,11],[1,21,9,13,17,5,6,22,10,12,24,23,11],[17,9,13,5,1,21,6,22,10,12,24,23,11],[5,1,13,9,21,17,10,6,22,12,24,11,18,23],[9,5,17,1,21,13,10,6,24,22,12,23,11],[13,21,5,1,9,17,10,6,22,24,12,23,11],[13,1,21,9,5,17,6,22,10,24,12,23,11],[17,9,13,1,21,5,6,22,10,24,12,11,18,23],[21,1,5,13,9,17,6,24,10,22,12,23,11],[17,13,9,5,21,1,6,10,22,12,24,23,11],[17,21,13,5,9,1,6,10,22,24,12,23,11],[17,5,1,21,13,9,10,6,22,12,24,23,11],[21,13,17,5,1,9,10,6,22,12,24,23,11],[21,13,1,5,17,9,6,10,22,12,24,11,18,23],[17,5,9,21,13,1,6,22,10,24,12,23,11],[17,21,5,13,1,9,10,6,22,12,24,11,18,23],[5,21,13,1,17,9,6,10,22,24,12,11,18,23],[5,1,9,21,13,17,6,22,10,24,12,23,11],[17,13,1,21,9,5,6,22,10,24,12,11,18,23],[13,9,1,21,5,17,10,6,22,24,12,11,18,23],[17,21,1,13,5,9,6,10,24,22,12,11,18,23],[21,9,13,1,5,17,6,22,10,24,12,23,11],[1,17,21,13,5,9,10,6,22,12,24,11,18,23],[9,1,13,5,17,21,10,6,22,24,12,11,18,23],[5,9,21,1,13,17,10,6,22,12,24,23,11],[21,17,5,13,1,9,10,6,23,19],[17,5,13,21,1,9,10,6,22,24,12,11,18,23],[21,9,13,17,5,1,10,6,22,12,24,11,18,23],[13,5,1,17,21,9,6,10,22,12,24,23,11],[21,13,17,5,9,1,10,6,22,12,24,11,18,23],[21,9,1,17,5,13,10,6,24,22,12,23,11],[13,9,1,17,21,5,10,6,22,24,12,23,11],[13,17,1,5,9,21,6,22,10,12,24,11,18,23],[9,17,5,13,1,21,10,6,22,24,12,11,18,23],[1,13,5,21,17,9,6,22,10,24,12,11,18,23],[21,5,13,17,1,9,10,6,22,24,12,23,11],[21,9,17,13,5,1,10,6,22,24,12,23,11],[17,5,1,13,9,21,10,6,22,12,24,11,18,23],[13,5,17,9,21,1,10,6,23,18],[13,9,1,21,5,17,6,10,22,24,12,23,11],[5,1,9,21,13,17,6,10,24,22,12,23,11],[5,13,17,21,9,1,10,6,22,12,24,11,18,23],[5,1,9,21,17,13,6,10,22,24,12,11,18,23],[9,5,17,13,1,21,10,6,22,24,12,11,18,23],[13,9,21,5,1,17,6,10,24,22,12,23,11],[5,17,9,1,21,13,6,12,22,10,24,11,18,23],[5,13,9,1,21,17,10,6,22,12,24,23,11],[17,1,21,9,13,5,6,22,10,12,24,23,11],[17,21,13,5,9,1,6,22,10,12,24,23,11],[5,21,13,1,17,9,10,6,22,24,12,11,18,23],[1,21,13,17,5,9,10,6,22,24,12,11,20,23],[5,21,9,17,13,1,6,10,22,24,12,23,11],[1,13,17,9,21,5,10,6,22,24,12,23,11],[21,13,17,1,9,5,6,22,10,12,24,23,11],[13,9,1,17,21,5,10,6,22,12,24,11,18,23],[9,5,1,21,17,13,10,6,22,12,24,11,18,23],[17,9,1,5,21,13,10,6,22,12,24,11,18,23],[9,13,5,21,17,1,6,10,22,12,24,11,18,23],[5,21,9,17,13,1,6,10,22,24,12,23,11],[21,9,17,1,13,5,6,22,10,12,24,11,18,23],[9,1,5,13,17,21,10,6,22,12,24,23,11],[13,9,5,17,21,1,10,6,22,12,24,23,11],[13,21,1,9,5,17,10,6,22,12,24,23,11],[1,5,13,17,9,21,6,22,10,24,12,11,18,23],[21,9,17,1,5,13,6,10,22,24,12,11,18,23],[17,5,1,13,21,9,10,6,22,24,12,11,18,23],[17,9,5,13,21,1,10,6,22,12,24,23,11],[5,13,9,21,17,1,6,22,10,24,12,23,11],[9,21,1,5,13,17,6,22,10,24,12,23,11],[17,13,1,9,5,21,10,6,22,24,12,23,11],[21,13,5,17,1,9,6,12,22,10,24,11,18,23],[1,17,5,13,9,21,6,10,22,12,24,23,11],[21,5,9,17,13,1,6,23,12,22,10,24,11],[9,5,21,1,13,17,6,10,24,22,12,11,18,23],[13,5,17,21,1,9,6,10,22,12,24,11,18,23],[21,1,9,5,17,13,10,8,22,12,24,11,18,23],[1,21,9,17,5,13,10,6,22,12,24,11,18,23],[13,1,5,17,21,9,10,6,22,24,12,11,18,23],[5,13,17,9,21,1,6,12,22,10,24,23,11],[1,21,17,9,13,5,6,22,10,12,24,11,18,23],[1,21,17,13,9,5,6,22,10,24,12,11,18,23],[1,13,21,9,5,17,6,22,10,12,24,11,18,23],[13,5,17,21,1,9,10,6,22,24,12,23,11],[1,9,17,21,13,5,10,6,22,24,12,23,11],[5,21,1,13,9,17,10,6,22,12,24,11,18,23],[17,21,5,9,1,13,10,6,22,12,24,11,18,23],[13,1,17,9,21,5,6,22,10,12,24,11,18,23],[1,17,9,13,5,21,10,6,22,24,12,23,11],[21,17,9,1,13,5,10,6,22,12,24,11,18,23],[1,5,9,17,13,21,10,6,22,12,24,23,11],[5,1,9,13,21,17,10,6,22,12,24,11,18,23],[5,9,1,17,21,13,6,22,10,24,12,23,11],[17,1,9,5,21,13,10,6,22,12,24,23,11],[17,9,5,21,13,1,10,6,22,12,24,11,18,23],[17,5,13,9,21,1,10,6,22,12,24,23,11],[1,5,21,9,17,13,6,22,10,12,24,11,18,23],[9,21,5,17,1,13,6,10,22,12,24,11,18,23],[21,1,13,9,5,17,6,22,10,12,24,23,11],[17,5,1,21,9,13,10,6,22,24,12,23,11],[5,1,21,9,17,13,10,6,22,12,24,11,18,23],[13,5,9,21,1,17,6,11,22,10,24,12,18,23],[9,21,1,13,5,17,6,10,22,24,12,11,18,23],[21,1,13,9,17,5,10,6,22,24,12,11,18,23],[21,9,17,13,1,5,6,22,10,12,24,23,11],[9,1,5,21,13,17,6,10,22,24,12,23,11],[1,5,17,21,13,9,10,6,22,24,12,23,11],[1,13,17,9,21,5,6,10,22,24,12,23,11],[21,1,5,13,17,9,10,6,22,24,12,11,18,23],[17,5,13,21,9,1,10,6,22,12,24,23,11],[13,1,17,9,21,5,6,11,22,10,24,12,18,23],[5,9,13,17,1,21,10,6,22,24,12,23,11],[13,1,17,9,21,5,10,6,22,12,24,11,18,23],[9,13,5,1,21,17,10,6,22,12,24,11,18,23],[17,21,5,1,9,13,6,10,22,24,12,11,18,23],[21,13,5,9,17,1,6,22,10,12,24,11,18,23],[13,17,5,21,9,1,10,6,22,24,12,11,18,23],[17,21,5,13,1,9,10,6,23,18],[13,9,5,21,1,17,10,6,22,24,12,23,11],[5,21,9,1,17,13,10,6,22,12,24,11,18,23],[21,13,9,1,17,5,6,10,22,12,24,11,18,23],[13,5,1,21,9,17,10,6,22,24,12,11,18,23],[5,1,21,9,17,13,10,6,22,24,12,11,18,23],[1,13,17,5,9,21,10,6,22,24,12,23,11],[1,17,5,13,21,9,6,22,10,24,12,11,18,23],[9,17,13,5,21,1,10,6,22,12,24,11,18,23],[17,13,21,1,9,5,6,22,10,12,24,11,18,23],[13,17,21,5,9,1,10,6,22,12,24,23,11],[5,17,9,13,1,21,6,22,10,12,24,23,11],[13,5,17,9,1,21,6,12,22,10,24,23,11],[1,21,5,9,17,13,6,22,10,24,12,23,11],[5,9,13,1,21,17,10,6,22,12,24,23,11],[1,9,21,13,17,5,10,6,22,24,12,11,18,23],[17,5,21,9,13,1,10,6,22,12,24,23,11],[17,21,5,1,13,9,10,6,22,12,24,23,11],[9,1,13,21,17,5,6,10,22,24,12,11,18,23],[1,5,21,17,9,13,6,22,10,12,24,11,18,23],[9,5,17,21,13,1,10,6,22,12,24,23,11],[13,1,17,21,9,5,6,22,10,24,12,23,11],[9,21,1,13,5,17,6,10,22,12,24,23,11],[1,21,13,17,5,9,10,6,22,12,24,11,18,23],[21,5,13,9,1,17,6,24,10,22,12,11,18,23],[13,17,9,5,21,1,10,6,22,12,24,23,11],[17,9,13,5,1,21,10,6,22,12,24,23,11],[5,9,1,13,17,21,10,6,22,12,24,11,18,23],[13,17,5,1,21,9,6,24,10,22,12,11,18,23],[13,9,1,21,17,5,10,6,22,24,12,23,11],[9,5,17,21,13,1,6,10,22,24,12,11,18,23],[21,5,1,17,9,13,6,10,22,24,12,11,18,23],[9,5,21,1,13,17,6,22,10,12,24,23,11],[1,17,9,21,13,5,10,6,22,12,24,23,11],[1,5,9,13,21,17,6,10,22,12,24,23,11],[13,21,17,5,1,9,10,6,22,12,24,11,18,23],[5,21,17,1,13,9,6,10,22,24,12,23,11],[17,9,1,13,21,5,10,6,22,24,12,23,11],[1,21,5,17,9,13,6,10,22,24,12,23,11],[21,17,9,13,5,1,10,6,22,24,12,23,11],[13,9,5,17,21,1,10,6,22,24,12,11,18,23],[13,9,1,17,5,21,10,8,22,12,24,23,11],[17,1,13,9,5,21,10,6,22,12,24,23,11],[13,21,1,17,9,5,6,22,10,24,12,23,11],[21,9,1,13,17,5,6,10,22,24,12,11,18,23],[5,1,21,17,9,13,10,6,22,12,24,11,18,23],[9,1,5,21,17,13,10,6,22,12,24,11,18,23],[21,17,9,5,1,13,6,10,22,24,12,11,18,23],[9,1,13,21,5,17,10,6,22,12,24,11,18,23],[9,1,21,17,5,13,10,6,22,24,12,23,11],[21,5,13,9,1,17,10,6,22,24,12,11,18,23],[13,5,1,21,17,9,6,10,22,24,12,11,18,23],[1,5,17,21,13,9,6,22,10,24,12,11,18,23],[17,21,1,13,9,5,10,6,22,12,24,11,18,23],[17,5,1,21,9,13,10,6,22,24,12,23,11],[5,21,13,17,9,1,6,10,22,24,12,23,11],[21,17,13,1,9,5,10,6,22,24,12,23,11],[17,21,5,1,13,9,10,6,22,12,24,11,18,23],[5,1,9,13,17,21,6,10,22,12,24,23,11],[21,17,1,9,13,5,6,10,22,24,12,11,18,23],[13,9,21,17,5,1,6,10,22,24,12,11,18,23],[5,9,17,13,21,1,6,10,22,24,12,23,11],[17,21,1,9,13,5,10,6,23,20],[17,21,13,9,1,5,10,6,22,24,12,23,11],[9,13,21,5,1,17,6,10,22,24,12,23,11],[21,9,1,13,5,17,6,22,10,24,12,23,11],[5,9,1,17,21,13,6,10,22,24,12,23,11],[21,5,13,1,17,9,10,6,22,24,12,23,11],[9,21,1,5,17,13,6,22,10,24,12,11,18,23],[13,1,17,21,9,5,10,6,22,12,24,11,18,23],[17,1,5,21,9,13,6,22,10,24,12,11,18,23],[13,9,1,5,17,21,10,6,22,24,12,11,18,23],[5,13,17,9,1,21,10,6,22,12,24,11,18,23],[21,5,17,13,9,1,10,6,22,24,12,11,18,23],[21,1,9,5,17,13,10,6,22,12,24,11,18,23],[5,1,17,13,21,9,10,6,23,18],[17,13,9,1,21,5,10,6,22,24,12,23,11],[21,9,17,5,13,1,10,6,22,12,24,23,11],[1,5,13,17,9,21,12,6,22,10,24,11,18,23],[13,9,21,5,1,17,10,6,22,24,12,11,18,23],[13,21,5,17,9,1,10,6,22,24,12,23,11],[5,9,17,13,21,1,6,10,22,12,24,23,11],[1,21,9,5,13,17,6,22,10,24,12,11,18,23],[9,21,5,1,13,17,6,22,10,24,12,11,18,23],[21,5,17,1,9,13,6,22,10,24,12,23,11],[1,9,5,21,17,13,10,6,22,12,24,11,18,23],[5,1,21,9,17,13,10,6,22,12,24,11,18,23],[9,5,17,1,21,13,6,10,22,12,24,23,11],[21,5,13,17,1,9,6,22,10,24,12,11,18,23],[17,13,21,1,9,5,8,10,22,24,12,11,18,23],[21,9,13,17,1,5,6,11,22,10,24,12,18,23],[5,9,17,1,13,21,6,23,10,18],[9,5,1,17,21,13,10,6,24,22,12,23,11],[1,9,21,13,5,17,10,6,22,24,12,23,11],[13,5,21,17,1,9,6,22,10,12,24,11,18,23],[1,5,9,21,13,17,6,22,10,12,24,11,18,23],[5,9,17,21,13,1,6,10,22,12,24,11,18,23],[9,17,21,5,13,1,10,6,22,12,24,11,18,23],[13,1,17,5,21,9,10,6,22,12,24,11,18,23],[9,5,13,1,21,17,10,6,22,12,24,11,18,23],[17,1,21,5,9,13,10,6,22,24,12,11,18,23],[9,1,17,21,5,13,10,6,24,22,12,23,11],[5,21,1,13,9,17,6,10,22,24,12,23,11],[21,5,1,17,9,13,6,10,22,12,24,23,11],[17,21,13,1,9,5,6,10,22,12,24,23,11],[5,1,13,21,17,9,10,6,22,24,12,23,11],[17,21,1,13,9,5,6,10,22,24,12,23,11],[5,21,9,17,1,13,6,10,24,22,12,23,11],[17,13,9,21,5,1,6,12,22,10,24,11,18,23],[13,1,9,5,21,17,10,6,22,12,24,23,11],[5,17,13,9,1,21,10,6,22,24,12,23,11],[9,17,1,13,5,21,10,6,23,18],[9,1,13,17,21,5,6,10,22,24,12,11,18,23],[13,21,9,1,5,17,6,10,24,22,12,11,18,23],[17,13,1,5,9,21,10,6,22,24,12,23,11],[13,21,5,1,9,17,10,6,22,24,12,11,18,23],[1,9,21,13,5,17,10,6,22,12,24,23,11],[17,5,1,21,9,13,6,22,10,24,12,23,11],[21,1,9,5,13,17,6,22,10,12,24,11,18,23],[5,21,9,13,17,1,6,23,10,19],[13,21,9,17,5,1,6,11,22,10,24,12,18,23],[21,13,1,17,9,5,6,11,22,10,24,12,18,23],[9,17,1,21,13,5,10,6,22,12,24,11,18,23],[9,21,5,1,13,17,10,6,22,12,24,11,18,23],[13,9,17,21,1,5,6,10,22,24,12,23,11],[21,13,9,5,1,17,10,6,22,24,12,23,11],[17,5,13,9,21,1,6,12,22,10,24,23,11],[13,9,17,1,5,21,6,22,10,24,12,11,18,23],[5,9,1,17,13,21,10,6,22,24,12,11,18,23],[9,21,1,13,5,17,6,10,22,24,12,11,18,23],[1,17,9,13,5,21,10,6,22,12,24,11,18,23],[5,17,21,9,1,13,6,22,10,24,12,23,11],[13,9,1,5,17,21,10,6,22,24,12,23,11],[21,17,5,13,9,1,10,6,22,24,12,23,11],[1,17,21,5,9,13,6,10,22,24,12,11,18,23],[17,5,21,1,9,13,10,6,22,12,24,11,18,23],[5,1,17,9,13,21,10,6,22,12,24,11,18,23],[1,17,21,5,9,13,6,10,22,12,24,11,18,23],[1,13,5,21,17,9,10,6,22,12,24,11,18,23],[17,5,21,13,9,1,10,6,23,18],[9,13,21,5,1,17,6,22,10,24,12,23,11],[13,9,21,5,17,1,10,6,22,12,24,23,11],[9,21,1,13,17,5,10,6,22,24,12,11,18,23],[17,1,5,13,21,9,10,6,22,12,24,23,11],[5,1,9,13,17,21,10,6,22,24,12,23,11],[5,17,21,9,13,1,10,6,22,12,24,23,11],[5,17,13,9,21,1,6,11,22,10,24,12,18,23],[9,5,1,17,13,21,6,10,24,22,12,23,11],[1,13,5,17,9,21,6,10,22,24,12,23,11],[1,17,9,13,5,21,10,6,22,12,24,11,18,23],[13,9,1,21,17,5,6,10,22,24,12,11,18,23],[5,13,9,17,1,21,10,6,22,12,24,23,11],[1,21,5,13,9,17,10,6,22,12,24,23,11],[5,21,13,9,17,1,10,6,22,24,12,11,18,23],[13,1,9,21,17,5,6,10,22,24,12,23,11],[21,9,17,13,5,1,10,6,22,12,24,23,11],[5,21,1,9,13,17,10,6,22,24,12,23,11],[21,13,17,9,5,1,10,6,22,12,24,23,11],[21,9,17,1,5,13,6,10,22,12,24,23,11],[1,13,21,17,9,5,10,6,22,12,24,23,11],[17,1,21,13,5,9,6,10,22,24,12,11,18,23],[21,5,17,13,1,9,10,6,22,12,24,23,11],[21,9,13,1,5,17,10,6,22,23,12,24,11],[1,13,9,5,21,17,6,10,22,12,24,23,11],[21,9,17,5,1,13,10,6,22,24,12,11,18,23],[1,5,17,13,21,9,10,6,22,24,12,11,18,23],[1,21,17,13,5,9,10,6,22,24,12,11,18,23],[9,5,1,17,21,13,10,6,22,12,24,23,11],[9,1,13,17,21,5,10,6,22,12,24,23,11],[5,9,17,13,1,21,6,22,10,24,12,23,11],[17,5,1,21,9,13,10,6,22,12,24,23,11],[13,17,21,1,9,5,10,6,22,12,24,11,18,23],[9,1,17,5,13,21,10,6,22,12,24,11,18,23],[5,9,21,13,17,1,10,6,22,12,24,11,18,23],[9,21,5,1,17,13,10,6,22,12,24,23,11],[1,9,13,17,21,5,10,6,24,22,12,11,18,23],[9,5,21,1,17,13,10,6,24,22,12,11,18,23],[21,17,1,13,5,9,10,6,22,12,24,23,11],[13,1,5,17,21,9,10,6,22,12,24,11,18,23],[5,9,1,17,13,21,10,6,22,12,24,23,11],[5,21,17,1,9,13,10,6,22,24,12,11,18,23],[5,21,9,13,17,1,6,10,22,24,12,11,18,23],[9,13,17,5,1,21,10,6,22,12,24,11,18,23],[17,5,13,1,9,21,10,6,23,18],[5,13,9,1,21,17,6,10,22,24,12,23,11],[13,17,9,5,1,21,10,6,22,24,12,11,18,23],[17,21,1,9,5,13,6,12,22,10,24,23,11],[1,5,17,9,13,21,10,6,22,24,12,11,18,23],[1,21,9,17,13,5,10,6,22,12,24,11,18,23],[17,9,5,1,13,21,6,23,10,20],[9,17,13,1,21,5,6,22,10,12,24,11,18,23],[5,9,17,13,21,1,6,22,10,24,12,23,11],[13,1,5,21,17,9,10,6,22,12,24,11,18,23],[21,5,17,9,13,1,6,22,10,12,24,23,11],[17,21,1,5,13,9,10,6,22,23,12,24,11],[1,5,13,17,9,21,10,6,22,12,24,11,18,23],[9,5,21,13,1,17,10,6,22,24,12,23,11],[17,9,21,1,13,5,6,24,10,22,12,23,11],[5,21,9,17,1,13,10,6,22,12,24,23,11],[17,1,5,13,21,9,10,6,24,22,12,11,18,23],[21,1,13,17,9,5,10,6,22,24,12,11,18,23],[13,1,17,9,21,5,10,6,22,12,24,11,18,23],[21,13,1,9,17,5,10,6,24,22,12,23,11],[13,21,5,17,1,9,10,6,22,12,24,23,11],[5,13,1,17,9,21,10,6,22,12,24,23,11],[5,21,9,1,13,17,10,6,22,12,24,11,18,23],[5,21,1,13,17,9,10,6,22,24,12,23,11],[21,5,17,1,13,9,6,22,10,12,24,23,11],[9,1,21,5,13,17,6,10,22,12,24,11,18,23],[21,17,1,13,9,5,6,10,22,12,24,11,18,23],[5,9,21,17,1,13,10,6,22,24,12,23,11],[17,5,1,13,9,21,10,6,22,12,24,11,18,23],[9,21,17,13,5,1,6,22,10,24,12,23,11],[1,5,13,17,9,21,6,10,22,12,24,11,18,23],[9,17,21,5,1,13,6,22,10,12,24,11,18,23],[1,9,21,17,13,5,6,12,22,10,24,23,11],[1,9,13,5,21,17,10,6,22,24,12,23,11],[1,13,17,5,21,9,10,6,22,12,24,11,18,23],[21,5,13,1,17,9,10,6,22,24,12,11,18,23],[17,13,1,9,5,21,10,6,22,11,24,12,18,23],[5,21,17,1,9,13,10,6,24,22,12,11,18,23],[9,1,5,21,17,13,6,10,22,24,12,11,18,23],[21,1,13,5,17,9,6,10,22,12,24,11,18,23],[21,5,9,13,17,1,10,6,22,12,24,11,18,23],[17,21,5,9,1,13,6,10,22,12,24,11,18,23],[5,1,21,13,9,17,6,10,22,24,12,11,18,23],[13,1,9,21,17,5,10,6,22,12,24,11,18,23],[1,21,13,9,5,17,6,22,10,24,12,11,18,23],[9,17,13,5,21,1,10,6,22,12,24,23,11],[5,13,1,21,9,17,10,6,22,12,24,11,18,23],[17,1,9,5,21,13,6,10,24,22,12,11,18,23],[1,13,5,17,9,21,10,6,24,22,12,23,11],[21,1,9,13,5,17,6,22,10,24,12,11,18,23],[17,13,9,5,21,1,6,11,22,10,24,12,18,23],[17,5,9,1,13,21,6,10,22,24,12,23,11],[1,13,21,17,9,5,10,6,22,24,12,11,18,23],[13,1,9,5,21,17,10,6,22,12,24,23,11],[21,13,5,1,9,17,6,23,10,20],[13,21,17,5,9,1,6,22,10,12,24,11,18,23],[5,17,9,1,13,21,10,6,22,24,12,23,11],[1,21,13,17,5,9,6,10,22,24,12,23,11],[5,17,1,13,9,21,6,24,10,22,12,23,11],[21,5,13,9,1,17,10,6,22,24,12,23,11],[17,13,21,5,1,9,6,10,22,12,24,11,18,23],[17,5,9,21,13,1,10,6,22,24,12,11,18,23],[1,17,13,9,5,21,10,6,22,12,24,23,11],[17,5,13,21,1,9,6,10,22,24,12,23,11],[9,21,5,17,13,1,6,22,10,12,24,23,11],[1,13,21,9,17,5,6,10,23,19],[1,5,9,17,21,13,10,6,22,12,24,23,11],[1,21,17,13,5,9,6,22,10,24,12,11,18,23],[9,17,21,1,13,5,6,24,10,22,12,23,11],[21,17,5,13,1,9,6,22,10,12,24,23,11],[17,1,5,13,21,9,6,10,22,24,12,11,18,23],[13,5,9,1,21,17,6,22,10,24,12,23,11],[17,5,13,1,9,21,10,6,22,12,24,23,11],[9,1,5,13,21,17,10,6,22,24,12,11,18,23],[13,5,17,9,1,21,6,12,22,10,24,23,11],[1,21,13,9,5,17,10,6,24,22,12,23,11],[5,17,13,1,21,9,6,10,22,24,12,11,18,23],[21,17,13,1,5,9,10,6,22,24,12,23,11],[13,17,21,9,5,1,6,10,22,12,24,23,11],[13,5,9,21,1,17,10,6,22,12,24,23,11],[1,5,13,21,9,17,6,22,10,24,12,11,18,23],[1,9,17,5,21,13,6,22,10,24,12,11,18,23],[5,1,21,13,9,17,6,22,10,12,24,23,11],[1,13,9,17,21,5,10,6,22,12,24,11,18,23],[17,9,5,13,21,1,10,6,22,24,12,11,18,23],[5,13,17,9,21,1,10,6,22,24,12,23,11],[13,5,1,17,21,9,6,10,22,12,24,23,11],[21,1,17,5,13,9,6,22,10,24,12,23,11],[1,5,17,13,21,9,10,6,22,12,24,23,11],[21,5,9,1,17,13,10,6,23,18],[5,1,13,21,9,17,6,22,10,12,24,23,11],[13,5,17,21,9,1,6,22,10,12,24,23,11],[1,17,21,13,9,5,10,6,22,24,12,23,11],[1,21,13,9,5,17,6,12,22,10,24,11,18,23],[21,13,9,5,17,1,6,10,22,12,24,23,11],[9,13,5,21,1,17,6,23,10,18],[9,13,1,21,17,5,10,6,22,24,12,11,18,23],[5,17,9,21,1,13,10,6,22,12,24,11,18,23],[9,5,21,1,13,17,6,12,22,10,24,23,11],[5,21,13,1,17,9,10,6,22,12,24,23,11],[21,17,9,13,1,5,10,6,22,12,24,23,11],[13,21,5,17,1,9,10,6,22,24,12,11,18,23],[13,5,17,9,1,21,10,6,24,22,12,11,18,23],[1,17,13,21,9,5,6,10,23,18],[21,13,1,9,17,5,6,10,22,24,12,23,11]],"n_human":6}