{"problem_id":"X3OTEplv9f3ZtFz","sigma":150,"alpha":1.000,"cost":1,"probabilities":"[0.2, 0.18, 0.08, 0.54]","payoff_matrix":"[[-1, -56, -67, -311, -184, -154], [-17, 119, -68, -12, -192, 171], [-18, -4, 227, 373, -52, 80], [-156, 66, -59, 138, 52, 109]]","uncovered":[[24,12,16,4,8,20,21,5,17],[24,12,20,16,8,4,13,5,21,17,6,22],[8,24,12,4,20,16,21,13,17,5,22],[12,4,16,8,20,24,21,13,17,5,6,22],[8,4,20,12,16,24,21,13,5,17,6,22],[12,20,8,4,16,24,21,5,17],[16,12,4,24,20,8,21,13,17,5,22],[16,4,24,12,8,20,21,5,17],[12,8,16,24,4,20,13,5,21,17,22],[24,16,4,8,20,12,21,5,13,17,6,22],[4,24,16,12,20,8,13,21,5,17,22],[16,20,8,4,24,12,21,5,17],[12,20,8,16,4,24,21,5,17],[16,8,4,20,24,12,13,5,17,21,6,22],[12,16,4,24,20,8,21,13,5,17,6,22],[4,8,24,16,20,12,13,21,17,5,6,22],[24,12,20,4,16,8,21,13,17,5,6,22],[4,20,24,16,12,8,13,5,17,21,22],[16,4,24,20,12,8,21,13,17,5,22],[12,20,4,16,8,24,21,5,17],[16,24,8,20,4,12,21,13,17,5,6,22],[24,4,16,12,20,8,21,13,17,5,6,22],[20,16,12,24,8,4,13,5,17,21,22],[16,12,20,4,8,24,21,5,13,17,6,22],[24,12,4,16,20,8,13,5,21,17,22],[24,4,12,16,20,8,13,5,17,21,6,22],[4,20,12,16,8,24,21,13,5,17,6,22],[24,8,16,4,12,20,21,5,17],[24,16,20,8,4,12,13,21,5,17,22],[16,8,24,20,12,4,13,5,21,17,6,22],[20,8,16,12,24,4,13,5,21,17,6,22],[4,8,16,12,24,20,21,5,13,17,22],[24,4,20,16,8,12,21,13,17,5,22],[20,12,8,16,4,24,21,5,17],[16,12,20,8,4,24,21,5,13,17,6,22],[20,12,16,8,24,4,21,13,5,17,22],[24,12,4,8,16,20,13,21,17,5,22],[20,4,8,16,12,24,13,21,17,5,6,22],[4,12,8,24,16,20,13,21,5,17,6,22],[20,24,12,8,16,4,21,5,17],[16,24,8,20,4,12,13,21,17,5,6,22],[24,4,16,8,20,12,21,5,17],[8,4,20,12,16,24,13,21,5,17,22],[20,24,12,16,4,8,21,5,13,17,6,22],[12,20,8,4,16,24,21,13,5,17,22],[12,20,16,8,24,4,13,21,5,17,6,22],[4,12,8,20,24,16,21,5,13,17,22],[12,24,8,4,20,16,13,21,5,17,22],[12,16,20,4,24,8,13,21,5,17,22],[12,4,20,16,8,24,21,13,5,17,6,22],[24,12,16,20,8,4,21,13,17,5,6,22],[4,24,12,20,16,8,13,21,17,5,22],[16,24,20,4,12,8,21,13,5,17,22],[8,12,4,20,24,16,21,13,17,5,22],[12,8,20,4,16,24,13,5,17,21,22],[20,24,12,16,8,4,13,21,5,17,22],[12,8,20,4,24,16,21,5,17],[24,20,12,16,8,4,21,13,17,5,6,22],[12,4,20,16,8,24,21,13,5,17,6,22],[4,20,12,16,8,24,21,13,5,17,22],[20,16,8,4,24,12,13,5,21,17,22],[20,24,4,16,8,12,21,5,17],[4,16,8,24,20,12,21,13,5,17,22],[4,24,20,8,16,12,21,13,5,17,6,22],[4,12,8,16,24,20,13,21,17,5,6,22],[20,4,24,16,8,12,13,5,21,17,22],[24,8,16,4,20,12,21,13,17,5,6,22],[8,4,16,24,12,20,13,21,17,5,22],[8,20,4,16,24,12,21,13,17,5,22],[20,12,8,16,24,4,21,13,5,17,22],[12,8,16,20,24,4,21,5,17],[20,4,12,8,16,24,13,5,21,17,22],[12,4,20,16,8,24,13,5,21,17,22],[4,12,20,24,8,16,13,5,17,21,22],[24,4,8,12,16,20,21,13,17,5,6,22],[16,4,20,24,8,12,13,21,5,17,22],[4,24,12,20,16,8,21,5,13,17,22],[20,12,4,16,8,24,21,13,5,17,22],[24,12,20,16,4,8,21,13,17,5,6,22],[4,24,12,8,16,20,21,13,5,17,6,22],[24,4,12,8,16,20,21,5,17],[24,8,4,20,16,12,13,21,5,17,22],[20,8,24,4,16,12,13,5,17,21,6,22],[24,8,20,16,12,4,21,5,17],[20,8,16,24,4,12,21,5,13,17,22],[16,4,20,12,24,8,21,13,17,5,6,22],[16,24,4,20,12,8,21,13,5,17,22],[24,12,8,16,20,4,21,5,17],[12,16,4,8,20,24,13,21,17,5,6,22],[4,8,12,24,20,16,13,5,17,21,22],[4,16,20,12,24,8,13,21,17,5,22],[16,24,8,12,4,20,21,13,5,17,22],[4,8,16,20,24,12,13,5,17,21,6,22],[20,12,16,8,4,24,13,21,17,5,6,22],[16,12,24,20,8,4,13,21,5,17,22],[16,4,12,24,8,20,13,5,17,21,6,22],[8,12,24,4,20,16,21,13,17,5,6,22],[24,20,12,16,4,8,13,5,17,21,22],[4,16,24,12,8,20,21,5,13,17,6,22],[4,12,20,24,8,16,21,5,17],[12,16,24,20,8,4,21,5,17],[24,4,16,12,8,20,13,21,5,17,22],[16,8,4,20,12,24,21,13,5,17,22],[8,12,24,4,20,16,21,5,17],[4,20,12,24,8,16,21,13,17,5,22],[16,20,8,24,4,12,13,21,5,17,22],[24,20,16,8,4,12,13,21,5,17,6,22],[16,24,20,8,4,12,13,21,17,5,22],[8,24,12,16,20,4,21,13,17,5,22],[4,8,12,24,16,20,21,13,5,17,22],[16,24,4,20,12,8,13,5,17,21,22],[20,4,12,24,8,16,21,5,13,17,22],[12,20,4,24,8,16,21,13,5,17,22],[12,8,24,20,4,16,21,5,17],[4,20,12,8,16,24,13,21,5,17,6,22],[8,12,16,20,24,4,13,21,17,5,6,22],[16,24,4,8,20,12,13,5,21,17,22],[24,12,8,20,16,4,21,13,5,17,6,22],[4,8,20,12,24,16,21,13,17,5,22],[24,20,8,4,16,12,21,13,5,17,22],[20,4,16,8,12,24,21,5,17],[12,8,24,20,4,16,21,13,17,5,22],[16,24,4,8,20,12,13,5,17,21,22],[16,24,12,4,8,20,21,13,17,5,6,22],[20,12,16,24,8,4,13,21,17,5,6,22],[8,16,20,24,4,12,13,21,17,5,6,22],[20,8,4,16,12,24,21,13,5,17,6,22],[24,8,12,16,20,4,21,5,17],[8,16,4,24,12,20,21,13,17,5,22],[12,24,4,8,20,16,21,13,17,5,6,22],[4,16,8,12,20,24,21,5,13,17,6,22],[8,16,4,24,20,12,13,21,5,17,22],[8,24,16,20,12,4,13,5,21,17,6,22],[8,16,24,4,20,12,21,5,13,17,6,22],[8,4,20,12,16,24,21,5,17],[4,16,24,12,20,8,21,13,5,17,22],[8,20,4,12,16,24,13,5,17,21,6,22],[8,4,24,12,20,16,13,5,17,21,6,22],[12,4,24,16,8,20,21,5,17],[20,24,8,4,12,16,13,21,17,5,22],[16,8,24,20,4,12,21,13,17,5,6,22],[8,16,24,20,4,12,13,21,5,17,6,22],[12,24,8,20,16,4,13,21,5,17,22],[4,16,8,24,12,20,13,5,21,17,22],[4,12,8,16,24,20,13,5,21,17,22],[8,24,20,12,16,4,13,21,17,5,6,22],[12,24,4,8,20,16,21,5,17],[8,4,16,24,12,20,21,13,5,17,6,22],[20,24,4,12,8,16,13,5,21,17,22],[20,24,8,16,12,4,21,5,13,17,22],[20,16,12,4,8,24,21,13,17,5,22],[12,20,16,4,24,8,21,13,5,17,22],[20,12,24,4,16,8,13,21,5,17,6,22],[8,24,12,16,20,4,13,5,17,21,6,22],[4,16,20,8,24,12,13,5,21,17,22],[20,4,16,8,12,24,13,21,5,17,22],[12,20,4,16,24,8,13,21,5,17,6,22],[12,8,20,24,4,16,13,5,21,17,6,22],[20,8,4,24,16,12,21,13,5,17,6,22],[20,8,4,16,12,24,21,5,17],[16,12,8,4,20,24,21,13,5,17,22],[20,16,12,4,24,8,13,21,5,17,22],[8,12,16,20,24,4,13,5,21,17,6,22],[8,20,16,12,24,4,13,21,17,5,6,22],[24,12,4,8,20,16,21,5,13,17,6,22],[12,24,8,16,20,4,13,5,17,21,6,22],[8,12,20,4,16,24,13,5,17,21,6,22],[8,24,20,12,4,16,13,21,17,5,22],[12,16,24,20,8,4,13,21,17,5,22],[16,20,24,8,4,12,21,5,17],[20,12,4,24,16,8,13,21,5,17,22],[16,20,4,12,24,8,13,5,21,17,22],[4,12,16,8,24,20,13,5,21,17,6,22],[20,24,4,16,8,12,13,21,17,5,22],[8,24,12,16,4,20,13,21,17,5,22],[8,16,12,24,4,20,21,13,5,17,22],[20,16,4,24,8,12,13,5,21,17,22],[16,8,12,4,20,24,21,13,5,17,6,22],[12,20,24,4,16,8,13,5,17,21,6,22],[4,20,24,8,12,16,13,5,17,21,22],[24,12,20,8,4,16,21,5,13,17,22],[4,16,24,20,8,12,21,13,5,17,6,22],[20,4,16,12,8,24,13,5,21,17,22],[16,12,24,8,4,20,13,21,5,17,6,22],[24,12,8,4,16,20,21,5,17],[16,24,4,20,8,12,13,5,21,17,22],[24,12,20,4,8,16,13,21,5,17,6,22],[4,12,20,16,24,8,21,13,5,17,6,22],[4,8,20,16,24,12,13,21,17,5,22],[4,20,24,12,8,16,21,13,17,5,22],[20,16,12,4,24,8,21,5,13,17,22],[24,4,20,8,12,16,13,5,21,17,6,22],[24,4,8,12,16,20,13,5,17,21,22],[4,8,16,24,20,12,13,5,21,17,6,22],[20,8,16,24,4,12,13,21,5,17,22],[24,8,16,4,12,20,21,13,17,5,6,22],[12,16,4,20,8,24,13,21,17,5,22],[16,20,4,12,8,24,13,21,5,17,6,22],[20,24,16,4,8,12,21,5,13,17,6,22],[16,12,4,24,20,8,21,5,13,17,22],[24,12,16,4,8,20,21,5,13,17,22],[20,12,16,24,4,8,21,13,5,17,22],[24,12,4,8,20,16,13,5,17,21,6,22],[12,20,16,8,4,24,13,21,17,5,22],[4,16,12,24,8,20,13,21,5,17,22],[24,16,20,4,12,8,13,21,5,17,6,22],[16,24,20,4,8,12,21,13,5,17,6,22],[8,12,24,16,4,20,21,5,13,17,22],[8,4,12,16,20,24,13,21,5,17,6,22],[20,8,12,4,16,24,21,5,13,17,22],[16,8,12,20,24,4,13,5,17,21,22],[24,4,12,16,20,8,13,5,21,17,6,22],[12,20,16,8,4,24,13,21,17,5,6,22],[4,24,8,16,12,20,13,5,17,21,6,22],[16,12,20,4,24,8,21,13,17,5,22],[4,16,8,20,12,24,21,13,17,5,22],[16,8,12,24,4,20,13,5,21,17,22],[16,12,20,8,4,24,13,21,17,5,6,22],[24,20,4,8,16,12,13,5,21,17,6,22],[4,24,12,8,20,16,21,5,13,17,22],[8,20,12,16,24,4,13,5,21,17,22],[24,4,12,16,20,8,13,5,21,17,6,22],[24,4,8,20,16,12,21,5,17],[8,24,12,16,4,20,21,13,5,17,6,22],[16,12,24,8,20,4,21,13,5,17,6,22],[12,24,20,4,8,16,13,5,17,21,22],[20,4,24,16,8,12,21,5,13,17,6,22],[12,4,24,16,8,20,21,13,5,17,6,22],[4,8,16,24,20,12,21,13,5,17,6,22],[4,8,24,20,16,12,13,5,17,21,22],[16,8,4,12,24,20,21,13,5,17,6,22],[20,8,16,4,24,12,21,13,17,5,6,22],[4,12,8,16,24,20,21,13,5,17,22],[24,12,16,20,8,4,21,5,17],[12,24,20,4,8,16,13,21,17,5,6,22],[4,8,16,12,24,20,13,5,21,17,6,22],[20,4,24,16,12,8,21,5,17],[24,4,12,8,20,16,21,13,17,5,6,22],[20,4,16,24,8,12,21,13,17,5,6,22],[4,20,16,12,24,8,21,13,17,5,22],[12,24,20,16,8,4,21,13,17,5,6,22],[12,8,4,20,16,24,13,21,17,5,22],[12,24,16,8,20,4,13,5,21,17,6,22],[12,20,8,16,4,24,13,5,17,21,6,22],[4,24,12,8,20,16,13,21,5,17,22],[8,20,16,12,24,4,21,5,13,17,6,22],[24,4,16,12,20,8,21,5,13,17,22],[16,12,8,4,20,24,13,5,17,21,22],[16,12,4,8,20,24,21,13,17,5,22],[4,8,20,16,24,12,13,21,5,17,22],[4,20,8,24,16,12,13,21,17,5,22],[12,16,8,20,24,4,21,5,17],[24,20,8,16,4,12,13,21,5,17,22],[24,12,16,4,8,20,21,13,17,5,22],[24,16,12,4,8,20,21,5,17],[24,4,12,20,8,16,21,13,5,17,6,22],[20,12,8,24,16,4,13,21,17,5,6,22],[4,12,24,8,16,20,13,21,17,5,22],[24,8,16,12,20,4,21,5,17],[4,24,16,20,12,8,13,21,17,5,22],[8,4,24,20,12,16,21,13,5,17,22],[8,4,12,20,16,24,21,5,17],[20,12,4,16,24,8,21,5,17],[4,20,8,12,24,16,13,21,17,5,22],[24,4,16,20,8,12,21,13,17,5,22],[24,16,8,12,4,20,13,21,17,5,6,22],[12,4,8,24,20,16,13,5,21,17,6,22],[4,12,16,20,24,8,13,21,5,17,22],[24,8,4,20,12,16,21,5,17],[12,8,20,4,24,16,13,5,17,21,6,22],[8,16,20,24,12,4,21,5,13,17,22],[4,12,20,8,16,24,21,13,17,5,6,22],[8,20,12,16,4,24,13,5,17,21,22],[4,24,12,8,16,20,21,5,17],[24,4,8,20,12,16,21,13,5,17,6,22],[12,8,24,4,16,20,13,5,21,17,22],[4,8,24,20,12,16,21,5,13,17,22],[4,12,8,16,20,24,13,5,21,17,22],[20,24,16,12,4,8,13,21,5,17,22],[8,12,20,16,24,4,13,21,17,5,6,22],[20,16,12,24,4,8,21,13,5,17,22],[16,24,8,20,4,12,21,13,17,5,22],[8,20,24,4,12,16,13,5,21,17,6,22],[8,4,16,12,20,24,21,13,5,17,6,22],[12,24,4,16,8,20,13,5,21,17,6,22],[8,12,24,20,4,16,21,5,17],[4,8,12,24,20,16,13,21,5,17,6,22],[12,8,24,20,4,16,13,21,17,5,6,22],[12,4,16,8,24,20,21,13,5,17,22],[20,8,24,16,12,4,21,5,17],[20,24,4,12,16,8,21,5,17],[12,24,16,8,20,4,21,5,13,17,6,22],[20,12,24,4,8,16,21,13,5,17,22],[20,8,24,16,12,4,13,21,5,17,22],[12,8,20,16,4,24,21,5,17],[4,16,24,8,12,20,13,5,21,17,22],[4,16,20,24,8,12,13,5,17,21,22],[4,20,12,8,16,24,21,13,5,17,6,22],[16,20,4,8,12,24,13,21,5,17,6,22],[8,20,16,4,12,24,21,5,17],[16,8,24,20,4,12,21,5,13,17,6,22],[20,8,16,12,24,4,21,5,13,17,6,22],[24,20,4,12,8,16,21,13,5,17,6,22],[16,20,24,8,12,4,13,5,21,17,22],[24,20,8,12,4,16,21,13,17,5,22],[24,20,4,12,8,16,21,5,17],[16,12,8,4,20,24,21,13,17,5,22],[16,24,20,12,4,8,21,5,13,17,22],[12,4,8,24,16,20,21,5,13,17,22],[8,24,12,20,16,4,21,5,13,17,22],[8,12,16,24,4,20,13,21,17,5,22],[16,4,8,12,24,20,21,5,17],[16,8,4,12,20,24,13,5,21,17,6,22],[16,24,12,4,8,20,13,5,17,21,22],[24,4,12,8,16,20,13,5,17,21,22],[16,20,24,12,4,8,13,5,17,21,22],[24,20,4,8,12,16,21,5,17],[24,16,4,8,12,20,21,5,17],[24,12,16,8,4,20,21,5,17],[24,12,8,16,20,4,13,5,21,17,6,22],[8,16,20,4,24,12,13,5,17,21,22],[4,20,8,16,24,12,21,5,13,17,22],[4,8,12,16,24,20,13,5,21,17,6,22],[20,8,24,4,16,12,21,5,17],[8,24,20,4,16,12,21,13,5,17,6,22],[12,16,4,24,8,20,21,5,17],[16,24,4,20,8,12,13,21,5,17,22],[8,16,12,24,4,20,21,13,5,17,6,22],[4,24,12,16,8,20,21,5,13,17,22],[12,4,16,20,24,8,13,21,5,17,6,22],[20,4,8,12,16,24,21,5,13,17,22],[20,12,4,24,16,8,13,5,21,17,6,22],[16,4,24,20,12,8,21,5,13,17,6,22],[12,8,24,20,4,16,21,13,17,5,6,22],[16,4,12,8,20,24,13,5,17,21,6,22],[24,12,8,4,16,20,21,5,17],[16,20,8,24,4,12,13,21,17,5,6,22],[8,24,12,4,20,16,13,5,17,21,22],[4,8,20,24,12,16,21,5,17],[4,8,24,20,16,12,21,5,17],[24,8,20,12,16,4,13,21,5,17,22],[12,24,8,4,20,16,13,21,5,17,6,22],[12,4,16,8,24,20,21,5,17],[4,24,8,12,20,16,13,5,21,17,6,22],[12,4,16,24,8,20,13,21,5,17,6,22],[12,20,8,4,24,16,21,5,13,17,22],[8,20,12,16,24,4,13,21,17,5,22],[24,4,8,12,16,20,21,5,13,17,22],[8,24,4,20,16,12,21,13,17,5,6,22],[24,4,20,8,16,12,13,21,17,5,6,22],[12,8,24,4,20,16,13,21,17,5,6,22],[20,12,8,24,16,4,21,13,5,17,6,22],[20,24,12,16,4,8,13,5,17,21,22],[8,24,4,16,20,12,21,5,13,17,6,22],[12,24,4,16,20,8,13,5,21,17,6,22],[8,16,24,4,20,12,13,21,5,17,6,22],[8,4,12,20,16,24,13,5,21,17,6,22],[20,24,12,16,8,4,13,21,5,17,6,22],[24,12,20,4,16,8,21,5,13,17,22],[16,12,8,20,24,4,13,5,17,21,22],[8,16,24,12,4,20,21,5,17],[8,16,20,12,24,4,21,5,17],[16,4,24,8,20,12,21,13,17,5,22],[24,16,20,12,8,4,21,5,17],[8,24,16,20,4,12,21,5,13,17,22],[12,24,20,4,16,8,21,13,5,17,22],[12,20,24,16,8,4,13,5,21,17,22],[16,8,20,24,12,4,13,5,21,17,6,22],[4,12,20,24,16,8,21,5,13,17,6,22],[24,4,16,8,20,12,21,5,13,17,22],[4,20,16,12,24,8,21,5,17],[20,24,4,8,12,16,13,21,17,5,6,22],[20,16,12,24,4,8,13,21,17,5,22],[12,8,20,24,4,16,13,21,5,17,22],[16,20,12,24,4,8,21,5,17],[4,16,8,12,20,24,13,5,17,21,6,22],[8,20,12,4,24,16,21,5,13,17,22],[16,12,4,8,24,20,13,21,17,5,6,22],[8,12,24,20,16,4,21,13,17,5,6,22],[8,4,24,12,16,20,13,21,17,5,6,22],[16,20,12,8,24,4,21,5,17],[8,16,24,12,20,4,21,13,17,5,22],[16,8,20,12,4,24,21,13,5,17,22],[16,4,8,20,12,24,21,13,17,5,22],[20,8,16,4,24,12,13,21,17,5,6,22],[24,16,20,4,8,12,13,21,5,17,22],[4,12,16,24,20,8,13,21,5,17,6,22],[8,16,4,20,24,12,13,5,17,21,22],[16,12,20,24,4,8,13,5,17,21,22],[16,4,8,12,20,24,13,21,5,17,22],[8,16,12,24,20,4,21,5,17],[12,8,4,24,16,20,13,21,17,5,22],[12,16,20,24,8,4,21,13,5,17,6,22],[8,24,20,12,16,4,21,13,17,5,6,22],[16,8,24,20,12,4,13,21,17,5,6,22],[24,16,4,8,12,20,21,13,5,17,6,22],[24,4,12,20,16,8,13,21,5,17,6,22],[12,20,4,8,16,24,21,5,13,17,6,22],[8,24,4,16,20,12,13,5,21,17,6,22],[24,12,16,4,8,20,13,5,21,17,6,22],[8,20,12,16,4,24,13,5,21,17,6,22],[8,20,24,4,12,16,13,21,5,17,22],[12,16,8,24,20,4,21,13,5,17,22],[4,12,20,8,16,24,21,5,13,17,22],[24,4,12,16,20,8,21,13,5,17,6,22],[8,4,16,20,12,24,21,13,17,5,22],[12,20,8,16,24,4,13,21,17,5,6,22],[20,8,24,4,16,12,13,5,17,21,22],[16,20,24,12,4,8,21,5,17],[16,24,20,12,4,8,21,13,5,17,6,22],[4,20,16,12,24,8,21,13,17,5,22],[4,16,8,12,24,20,13,5,21,17,6,22],[4,8,20,12,24,16,13,21,5,17,22],[4,8,16,24,20,12,13,5,17,21,22],[16,8,24,12,4,20,13,21,17,5,22],[8,20,4,12,24,16,13,21,5,17,6,22],[12,24,4,20,8,16,13,21,5,17,6,22],[16,4,8,24,12,20,13,5,21,17,22],[8,20,12,4,16,24,13,21,5,17,22],[20,12,8,24,16,4,13,5,17,21,22],[8,20,12,4,24,16,13,21,17,5,6,22],[12,4,24,20,16,8,13,21,5,17,6,22],[8,20,4,16,12,24,13,21,5,17,6,22],[20,4,24,8,16,12,13,5,17,21,22],[16,4,12,20,24,8,13,21,17,5,6,22],[20,16,8,12,4,24,21,13,17,5,6,22],[4,12,24,20,16,8,13,5,21,17,6,22],[8,16,12,4,24,20,21,5,17],[4,12,24,8,16,20,21,13,17,5,22],[8,4,20,16,12,24,13,5,21,17,6,22],[16,12,4,8,20,24,21,13,17,5,22],[8,20,4,16,24,12,21,13,17,5,22],[4,20,12,8,16,24,21,5,17],[20,12,8,16,24,4,21,5,17],[16,8,24,20,12,4,21,5,17],[4,16,20,24,8,12,13,5,21,17,22],[24,8,16,4,20,12,21,13,5,17,6,22],[16,20,24,12,8,4,21,5,17],[20,12,8,16,4,24,21,5,13,17,6,22],[16,24,8,12,20,4,13,5,21,17,22],[24,20,8,4,12,16,13,21,17,5,22],[20,8,16,24,12,4,21,13,17,5,22],[12,16,8,4,20,24,21,5,13,17,22],[8,20,16,24,12,4,21,13,17,5,22],[20,12,16,4,8,24,21,13,5,17,6,22],[20,4,16,24,8,12,21,13,5,17,22],[20,12,16,4,24,8,21,5,13,17,22],[20,16,24,12,4,8,21,13,5,17,6,22],[20,12,16,8,24,4,21,13,17,5,22],[8,4,24,12,20,16,13,21,5,17,6,22],[8,4,24,16,12,20,13,5,21,17,22],[4,8,12,16,20,24,21,13,5,17,22],[20,16,4,8,12,24,13,5,21,17,6,22],[16,8,4,12,24,20,21,13,5,17,6,22],[16,20,24,4,12,8,13,5,17,21,6,22],[24,8,12,16,4,20,13,5,17,21,6,22],[12,20,24,16,4,8,13,21,17,5,22],[12,20,4,8,24,16,21,13,17,5,6,22],[16,4,12,24,8,20,21,13,5,17,22],[24,16,8,4,20,12,13,5,21,17,6,22],[24,4,12,16,8,20,13,5,21,17,22],[12,24,20,4,16,8,13,5,17,21,22],[12,24,4,20,8,16,21,5,17],[4,12,24,16,8,20,21,5,17],[12,16,24,4,20,8,13,5,17,21,6,22],[4,12,20,8,24,16,13,5,21,17,22],[8,16,4,20,12,24,21,13,17,5,22],[16,20,4,12,8,24,21,5,13,17,22],[24,16,12,20,4,8,21,5,17],[12,20,24,8,4,16,21,13,17,5,22],[12,16,8,20,24,4,21,5,13,17,22],[4,8,24,16,20,12,13,5,17,21,22],[8,16,12,24,4,20,21,5,17],[4,16,12,8,20,24,21,13,17,5,6,22],[24,20,12,8,16,4,13,21,5,17,6,22],[12,8,24,20,4,16,21,5,17],[12,16,8,24,4,20,21,13,5,17,22],[20,12,24,8,16,4,13,21,5,17,6,22],[24,12,20,8,16,4,21,5,17],[8,4,20,16,24,12,21,5,17],[24,4,12,20,8,16,21,5,13,17,22],[12,8,4,16,20,24,21,5,13,17,6,22],[16,24,12,8,20,4,21,13,17,5,22],[24,20,4,12,8,16,13,5,17,21,22],[4,12,8,20,16,24,13,21,5,17,22],[12,20,8,16,4,24,21,5,17],[4,16,20,24,12,8,21,13,17,5,6,22],[16,12,4,8,24,20,13,21,17,5,6,22],[16,12,24,8,20,4,13,5,17,21,22],[8,16,24,20,4,12,13,21,17,5,6,22],[16,4,8,12,20,24,13,5,21,17,22],[8,16,20,24,4,12,21,5,17],[24,4,16,12,20,8,13,21,17,5,22],[20,24,8,16,4,12,13,5,21,17,6,22],[20,8,4,24,16,12,13,21,5,17,6,22],[16,12,24,8,20,4,13,21,5,17,22],[20,4,12,8,24,16,21,13,17,5,6,22],[12,24,20,4,16,8,13,21,5,17,22],[24,20,8,12,4,16,21,13,17,5,6,22],[16,12,4,8,20,24,21,5,17],[24,8,4,12,16,20,13,5,17,21,6,22],[12,8,20,4,24,16,13,21,5,17,6,22],[16,12,8,20,24,4,13,5,17,21,22],[16,4,20,8,24,12,13,21,5,17,6,22],[20,16,4,12,24,8,13,21,5,17,22],[4,8,20,24,16,12,13,5,17,21,22],[8,24,20,16,4,12,13,21,5,17,6,22],[4,12,20,16,24,8,13,21,17,5,22],[4,20,24,12,8,16,21,13,5,17,22],[24,16,4,20,8,12,21,5,17],[12,24,8,4,20,16,13,5,21,17,22],[24,16,12,4,20,8,21,13,5,17,6,22],[20,16,12,24,4,8,21,5,13,17,6,22],[20,16,24,4,12,8,13,5,21,17,6,22],[4,16,12,20,24,8,13,5,21,17,22],[8,16,12,20,24,4,13,5,17,21,6,22],[8,12,16,24,20,4,21,5,17],[16,24,12,8,20,4,21,5,13,17,6,22],[20,8,12,4,16,24,21,5,13,17,6,22],[20,16,12,4,8,24,13,21,17,5,6,22],[8,4,16,24,20,12,13,21,5,17,22],[16,24,4,12,8,20,21,5,13,17,22],[20,8,16,12,24,4,13,5,21,17,6,22],[12,4,24,16,20,8,21,5,17],[4,20,16,24,8,12,21,5,17],[12,20,16,24,8,4,13,5,17,21,22],[20,16,24,4,8,12,21,13,17,5,22],[4,8,16,12,24,20,13,5,21,17,22],[24,12,20,8,16,4,13,21,17,5,6,22],[4,24,20,12,16,8,13,5,17,21,6,22],[4,12,20,8,16,24,13,21,17,5,6,22],[24,12,8,16,20,4,21,5,17],[12,8,16,20,24,4,21,13,5,17,6,22],[20,16,4,8,12,24,13,5,21,17,22],[8,4,16,20,12,24,13,21,5,17,22],[16,24,20,8,4,12,13,5,21,17,6,22],[24,12,16,20,8,4,21,13,5,17,6,22],[4,24,8,12,16,20,21,5,13,17,6,22],[12,24,20,16,4,8,21,13,5,17,22],[16,8,12,4,20,24,13,5,21,17,22],[24,16,4,8,20,12,13,5,17,21,22],[4,12,24,16,8,20,21,5,17],[8,20,24,12,16,4,13,21,17,5,6,22],[16,20,24,12,4,8,13,21,17,5,22],[12,4,24,20,16,8,21,13,5,17,22],[4,12,16,24,8,20,13,5,17,21,6,22],[8,12,16,4,20,24,13,21,5,17,6,22],[12,24,4,8,16,20,13,21,5,17,22],[8,12,16,20,24,4,13,21,5,17,6,22],[8,12,24,16,4,20,21,5,17],[16,8,12,24,4,20,13,5,21,17,22],[8,20,4,16,24,12,13,21,5,17,22],[4,8,12,20,24,16,13,5,21,17,6,22],[12,16,4,20,8,24,21,13,17,5,22],[8,20,24,12,4,16,21,5,13,17,6,22],[4,16,12,24,8,20,21,13,17,5,6,22],[4,12,20,24,8,16,13,21,5,17,22],[16,12,24,4,8,20,13,21,5,17,22],[4,12,16,8,24,20,13,5,21,17,22],[24,20,8,12,16,4,13,5,21,17,6,22],[8,16,20,24,12,4,21,5,17],[8,20,4,16,24,12,13,5,17,21,22],[20,16,12,24,8,4,13,5,21,17,6,22],[16,8,20,4,24,12,21,13,17,5,22],[20,24,8,12,4,16,21,5,17],[20,16,24,12,4,8,21,5,17],[20,16,12,4,24,8,13,21,5,17,6,22],[20,12,24,8,4,16,13,5,21,17,22],[20,4,24,8,12,16,13,21,17,5,22],[16,24,4,20,8,12,13,5,17,21,6,22],[12,16,20,8,4,24,13,21,17,5,22],[12,20,16,24,4,8,21,5,17],[4,20,8,12,16,24,13,5,17,21,22],[16,12,8,4,20,24,21,13,5,17,22],[20,8,4,12,24,16,13,5,17,21,6,22],[8,4,16,20,12,24,13,21,17,5,6,22],[8,20,16,24,12,4,13,5,17,21,22],[20,4,12,8,24,16,13,21,17,5,6,22],[16,8,4,20,12,24,21,13,5,17,6,22],[8,16,24,4,12,20,13,21,17,5,22],[16,8,24,4,20,12,13,21,5,17,6,22],[16,24,20,4,8,12,13,21,17,5,6,22],[24,12,20,8,16,4,13,21,5,17,22],[16,4,24,8,12,20,13,21,17,5,6,22],[16,20,24,12,8,4,13,21,5,17,6,22],[20,4,12,16,24,8,13,21,17,5,6,22],[16,12,24,4,20,8,21,5,13,17,6,22],[20,12,8,4,16,24,13,21,5,17,6,22],[20,16,12,4,24,8,21,5,13,17,22],[4,20,12,16,24,8,21,13,5,17,6,22],[16,8,24,20,12,4,13,21,5,17,22],[8,24,12,16,4,20,13,5,21,17,6,22],[12,20,4,24,8,16,13,21,5,17,6,22],[8,4,12,16,24,20,13,5,21,17,6,22],[4,24,20,12,16,8,21,5,17],[24,8,20,16,4,12,13,21,17,5,6,22],[20,4,24,8,16,12,21,13,17,5,6,22],[4,16,24,20,12,8,13,5,17,21,6,22],[24,8,16,12,20,4,13,5,21,17,6,22],[4,16,12,20,8,24,21,13,5,17,6,22],[16,20,4,12,24,8,13,21,17,5,22],[12,16,4,24,20,8,21,13,17,5,6,22],[8,20,24,12,4,16,13,5,17,21,6,22],[12,16,8,24,20,4,13,21,17,5,22],[8,20,16,4,24,12,21,5,17],[12,4,20,24,16,8,13,21,17,5,22],[12,24,8,16,4,20,21,13,17,5,6,22],[16,24,8,12,20,4,21,13,17,5,22],[16,4,12,20,24,8,13,5,17,21,22],[24,8,16,12,4,20,21,13,5,17,22],[4,8,12,16,20,24,21,5,13,17,22],[20,4,8,12,24,16,13,21,5,17,6,22],[24,20,4,8,16,12,21,5,17],[20,4,24,8,12,16,21,13,5,17,6,22],[4,20,8,16,12,24,21,5,13,17,22],[24,16,20,8,12,4,13,5,17,21,6,22],[8,16,12,24,20,4,21,13,17,5,22],[8,24,4,20,12,16,13,5,21,17,6,22],[20,4,8,24,16,12,13,21,5,17,22],[24,4,8,20,12,16,13,21,17,5,22],[16,20,12,4,8,24,21,13,17,5,6,22],[20,16,8,12,24,4,21,13,17,5,6,22],[8,12,16,20,24,4,13,21,17,5,22],[20,8,16,4,24,12,13,5,17,21,22],[24,4,8,12,16,20,21,5,17],[8,24,12,20,4,16,21,5,17],[16,20,24,4,12,8,13,5,21,17,22],[8,16,12,24,4,20,21,5,13,17,22],[12,8,20,16,4,24,21,5,13,17,6,22],[8,16,4,24,20,12,21,13,5,17,6,22],[12,8,20,4,24,16,13,5,17,21,6,22],[24,4,20,8,12,16,21,13,17,5,22],[8,20,12,4,16,24,21,5,13,17,6,22],[20,16,4,8,24,12,21,13,5,17,6,22],[12,16,4,20,8,24,13,5,21,17,22],[4,8,12,24,20,16,21,5,13,17,22],[24,16,8,20,12,4,21,13,17,5,6,22],[12,8,4,16,24,20,13,21,5,17,22],[24,20,4,8,12,16,21,5,13,17,22],[12,16,4,20,24,8,21,5,17],[20,8,4,12,24,16,13,21,5,17,22],[8,12,4,20,16,24,13,5,21,17,22],[16,4,8,12,20,24,21,13,5,17,22],[4,8,16,20,12,24,21,5,14],[16,12,4,20,8,24,21,13,5,17,22],[16,12,8,24,4,20,13,21,17,5,22],[4,24,16,12,20,8,13,5,17,21,6,22],[8,16,24,20,4,12,21,13,5,17,6,22],[8,20,24,16,12,4,21,5,13,17,6,22],[4,20,8,24,16,12,21,5,13,17,6,22],[16,24,12,20,8,4,13,5,21,17,22],[24,4,16,20,8,12,21,5,13,17,22],[24,8,16,20,12,4,13,5,17,21,6,22],[12,4,8,16,20,24,21,13,5,17,6,22],[8,4,24,12,20,16,13,5,21,17,22],[16,8,4,20,12,24,21,5,17],[20,4,12,8,24,16,13,5,17,21,22],[4,16,24,12,8,20,13,5,21,17,22],[8,20,16,4,24,12,13,5,21,17,22],[12,16,4,8,24,20,13,21,5,17,22],[12,24,20,16,8,4,21,5,13,17,22],[12,8,24,4,20,16,13,21,17,5,6,22],[8,12,4,20,16,24,21,5,17],[16,12,20,8,4,24,13,5,17,21,6,22],[20,16,4,8,12,24,21,13,5,17,22],[12,24,20,4,16,8,13,5,21,17,6,22],[4,16,8,12,24,20,21,5,17],[16,24,12,8,4,20,21,5,13,17,6,22],[4,24,12,20,16,8,13,5,17,21,22],[16,8,12,4,20,24,13,21,17,5,22],[20,8,4,16,24,12,21,13,17,5,6,22],[8,4,12,16,20,24,21,5,13,17,6,22],[20,4,8,12,16,24,13,5,17,21,22],[20,16,8,12,4,24,21,5,13,17,22],[24,12,20,16,8,4,21,5,17],[24,20,4,8,16,12,13,21,5,17,6,22],[24,4,16,12,20,8,13,21,5,17,6,22],[4,8,16,12,20,24,21,13,5,17,22],[20,24,8,4,16,12,13,5,17,21,22],[4,24,8,12,20,16,21,5,17],[20,4,8,12,24,16,21,13,5,17,6,22],[20,12,16,8,24,4,21,5,13,17,22],[12,24,20,4,8,16,13,21,17,5,6,22],[12,24,16,4,8,20,21,5,13,17,22],[24,20,12,4,8,16,13,21,17,5,22],[8,12,4,16,24,20,13,21,17,5,6,22],[20,24,16,4,12,8,13,21,5,17,6,22],[8,16,4,12,20,24,21,5,17],[8,4,24,12,20,16,13,21,17,5,6,22],[12,16,20,24,4,8,21,5,13,17,22],[24,8,12,20,4,16,21,13,17,5,6,22],[20,24,12,4,16,8,13,5,17,21,6,22],[12,16,8,4,20,24,21,13,5,17,6,22],[16,20,24,8,4,12,13,5,21,17,22],[24,4,12,20,16,8,21,5,13,17,22],[8,12,16,4,24,20,13,5,21,17,6,22],[16,4,20,8,24,12,13,5,17,21,6,22],[20,4,16,12,8,24,21,13,5,17,6,22],[16,24,12,8,20,4,13,21,17,5,6,22],[4,20,24,12,8,16,21,5,17],[20,4,24,8,16,12,21,13,17,5,22],[12,16,8,24,20,4,13,5,21,17,6,22],[4,20,8,12,24,16,13,5,21,17,6,22],[20,24,16,12,8,4,21,13,17,5,22],[4,12,16,20,8,24,13,21,17,5,6,22],[8,16,24,12,20,4,21,5,13,17,6,22],[12,20,8,4,16,24,13,21,17,5,22],[16,12,8,24,4,20,13,21,5,17,22],[24,8,4,12,20,16,21,13,5,17,6,22],[4,24,12,16,20,8,21,13,5,17,22],[24,16,12,8,4,20,21,13,5,17,6,22],[20,4,16,12,8,24,13,5,17,21,22],[20,12,4,24,16,8,21,13,17,5,22],[4,8,20,24,12,16,21,13,5,17,22],[12,4,24,20,16,8,13,21,17,5,22],[20,12,16,4,8,24,21,13,17,5,22],[16,12,4,20,8,24,13,21,17,5,22],[16,4,8,20,12,24,21,13,17,5,6,22],[8,4,12,20,24,16,21,5,13,17,6,22],[12,16,20,8,24,4,21,13,17,5,6,22],[16,12,4,20,8,24,21,13,17,5,6,22],[16,24,12,8,4,20,21,13,5,17,22],[16,12,20,24,8,4,21,13,5,17,22],[8,20,16,24,4,12,21,5,17],[8,16,20,24,12,4,13,5,21,17,22],[8,4,16,12,20,24,21,5,13,17,6,22],[12,16,24,20,8,4,13,5,17,21,22],[20,12,24,4,8,16,13,21,17,5,6,22],[20,4,24,12,16,8,21,5,17],[8,4,12,20,24,16,13,5,21,17,6,22],[20,16,24,12,8,4,13,21,17,5,22],[8,16,4,24,12,20,21,5,17],[8,20,4,16,12,24,21,13,5,17,6,22],[8,24,4,16,20,12,21,13,5,17,6,22],[12,4,8,20,16,24,21,5,13,17,22],[12,8,4,24,16,20,21,5,13,17,6,22],[16,24,8,20,12,4,13,21,17,5,22],[24,20,8,16,12,4,13,21,5,17,22],[4,16,20,24,8,12,21,5,17],[16,20,12,8,24,4,13,21,5,17,22],[12,20,8,4,24,16,21,13,5,17,22],[8,16,12,20,24,4,13,5,21,17,6,22],[24,8,4,20,16,12,21,13,5,17,22],[12,20,24,16,8,4,13,21,5,17,6,22],[8,12,20,24,4,16,21,13,17,5,22],[24,12,8,20,16,4,13,21,17,5,22],[24,8,16,12,20,4,13,21,5,17,6,22],[20,24,16,4,8,12,13,5,17,21,22],[8,16,4,12,20,24,13,5,17,21,6,22],[4,8,24,16,20,12,13,21,17,5,6,22],[4,20,8,24,16,12,21,5,17],[12,24,20,4,16,8,13,21,5,17,22],[20,12,8,16,24,4,13,5,21,17,22],[12,8,20,16,4,24,13,5,21,17,6,22],[20,24,12,4,8,16,13,21,5,17,22],[16,20,8,12,24,4,21,5,13,17,6,22],[20,24,8,16,12,4,21,5,17],[4,16,12,20,8,24,21,5,17],[24,12,8,4,16,20,13,5,17,21,6,22],[20,4,16,24,8,12,21,13,5,17,22],[12,16,4,8,24,20,13,5,17,21,22],[16,24,8,20,4,12,13,21,5,17,22],[8,16,24,20,12,4,21,13,17,5,22],[16,4,20,12,24,8,13,5,21,17,22],[4,24,16,20,8,12,21,5,17],[8,12,20,4,16,24,13,5,21,17,6,22],[12,4,8,16,24,20,21,13,17,5,22],[24,16,4,8,12,20,21,5,13,17,22],[8,4,12,16,20,24,13,5,21,17,6,22],[4,16,24,12,20,8,21,13,5,17,22],[12,16,24,4,8,20,13,21,17,5,6,22],[24,8,12,16,4,20,13,21,5,17,6,22],[4,12,24,8,20,16,21,13,5,17,6,22],[8,16,12,24,20,4,21,5,13,17,22],[12,16,4,24,8,20,21,13,5,17,6,22],[8,24,20,4,16,12,21,5,13,17,22],[8,12,4,20,16,24,21,5,13,17,22],[4,24,8,20,16,12,13,21,17,5,22],[16,4,12,24,8,20,21,13,5,17,22],[4,16,20,8,24,12,21,5,17],[12,16,4,20,8,24,21,5,13,17,22],[4,12,20,24,16,8,21,5,13,17,22],[20,12,8,24,16,4,13,21,5,17,6,22],[8,12,24,20,16,4,13,5,21,17,6,22],[12,20,24,4,8,16,21,5,17],[8,24,12,4,16,20,13,21,5,17,22],[24,12,20,4,16,8,21,5,13,17,22],[4,20,24,8,12,16,21,5,17],[24,4,16,12,20,8,21,5,13,17,6,22],[8,20,12,24,16,4,13,21,17,5,22],[12,20,24,4,16,8,13,5,21,17,22],[8,16,20,24,12,4,13,21,5,17,6,22],[12,16,4,20,8,24,13,5,21,17,6,22],[20,8,24,4,16,12,13,5,21,17,22],[8,4,12,16,24,20,13,21,5,17,22],[4,12,8,16,24,20,13,5,17,21,6,22],[16,8,12,24,20,4,13,21,17,5,6,22],[24,16,12,8,4,20,21,13,5,17,6,22],[8,24,20,16,4,12,13,5,17,21,22],[24,8,12,4,16,20,13,5,21,17,22],[16,8,20,24,12,4,13,5,21,17,22],[12,4,20,8,24,16,21,5,17],[4,8,24,20,12,16,13,21,17,5,22],[24,4,20,8,12,16,21,5,13,17,22],[12,4,20,8,24,16,13,5,17,21,22],[4,20,8,16,12,24,21,5,17],[8,12,4,16,24,20,13,5,21,17,22],[4,8,12,16,20,24,13,5,21,17,6,22],[16,24,4,8,20,12,21,5,13,17,22],[4,20,24,16,12,8,13,5,17,21,6,22],[20,12,24,16,4,8,21,13,17,5,6,22],[4,20,8,16,24,12,21,13,5,17,22],[12,24,8,4,20,16,13,21,17,5,6,22],[20,24,12,4,16,8,13,5,21,17,6,22],[4,16,12,24,20,8,13,5,17,21,6,22],[8,4,12,16,20,24,13,5,21,17,6,22],[20,16,8,12,24,4,21,13,17,5,22],[4,24,8,20,16,12,21,5,17],[4,16,20,8,24,12,21,13,17,5,6,22],[12,8,16,20,4,24,13,5,21,17,6,22],[4,8,12,24,16,20,21,13,5,17,22],[4,16,8,20,12,24,13,5,17,21,6,22],[20,24,12,16,8,4,13,5,21,17,22],[24,4,16,12,20,8,21,5,13,17,6,22],[24,8,16,12,4,20,13,5,17,21,6,22],[20,8,24,12,16,4,13,21,17,5,22],[8,16,4,12,24,20,13,5,21,17,6,22],[8,16,20,12,4,24,13,5,17,21,6,22],[8,4,20,24,12,16,21,13,17,5,22],[4,8,24,12,16,20,13,21,5,17,6,22],[16,4,12,20,24,8,13,5,17,21,6,22],[16,12,20,8,24,4,21,13,17,5,6,22],[8,4,12,24,20,16,13,5,21,17,6,22],[4,20,16,12,8,24,13,21,17,5,22],[20,4,24,8,16,12,21,5,17],[8,4,20,12,16,24,13,5,17,21,22],[12,16,4,20,24,8,21,13,17,5,22],[4,16,12,24,8,20,13,21,17,5,22],[4,12,24,16,20,8,21,13,17,5,22],[20,8,16,12,24,4,13,21,17,5,6,22],[12,8,24,4,16,20,13,5,17,21,22],[12,8,20,4,16,24,21,13,5,17,6,22],[8,4,12,16,20,24,13,21,17,5,22],[16,24,12,4,20,8,13,21,17,5,22],[4,16,8,24,12,20,13,21,17,5,6,22],[24,20,8,16,4,12,13,5,17,21,22],[8,12,4,24,20,16,13,21,5,17,6,22],[20,24,8,12,16,4,21,5,13,17,22],[4,24,8,16,12,20,13,5,17,21,6,22],[16,20,8,24,12,4,13,5,17,21,22],[20,8,16,4,24,12,21,13,17,5,22],[4,24,20,16,8,12,13,21,17,5,22],[24,12,8,4,16,20,13,21,5,17,22],[4,12,16,20,8,24,13,5,17,21,22],[4,16,8,20,24,12,21,13,5,17,22],[4,16,12,24,20,8,21,5,13,17,6,22],[4,20,16,12,8,24,13,5,21,17,22],[4,24,8,12,16,20,13,21,5,17,22],[16,20,8,24,4,12,21,5,13,17,22],[8,12,20,16,4,24,13,5,21,17,6,22],[4,20,24,16,8,12,13,5,21,17,22],[8,20,24,16,12,4,21,5,17],[16,8,20,4,24,12,13,21,17,5,6,22],[8,20,4,16,24,12,21,5,13,17,22],[12,20,24,8,4,16,21,13,17,5,6,22],[12,16,20,4,8,24,13,21,17,5,22],[4,12,8,24,16,20,21,5,17],[8,16,12,20,24,4,13,21,17,5,22],[12,16,4,8,24,20,13,21,17,5,22],[12,16,8,20,24,4,13,21,5,17,6,22],[4,8,20,16,12,24,13,21,5,17,22],[12,16,8,4,24,20,13,21,5,17,6,22],[12,16,24,8,4,20,13,21,17,5,22],[4,12,20,24,8,16,21,5,13,17,6,22],[8,16,4,12,20,24,13,21,17,5,22],[12,20,8,4,24,16,13,21,17,5,6,22],[8,4,12,20,16,24,21,5,17],[4,24,16,20,8,12,13,5,21,17,22],[24,12,20,16,4,8,21,5,17],[20,12,8,4,16,24,13,21,5,17,6,22],[4,8,12,20,24,16,13,5,21,17,6,22],[16,24,4,8,20,12,21,13,5,17,6,22],[8,4,12,20,16,24,21,5,17],[20,12,4,8,16,24,13,21,17,5,6,22],[12,8,20,24,4,16,13,5,21,17,6,22],[16,4,24,20,8,12,13,21,5,17,22],[24,20,8,12,16,4,13,5,21,17,6,22],[4,8,24,12,16,20,13,21,17,5,22],[16,8,12,24,4,20,21,5,17],[12,20,8,16,24,4,13,21,17,5,6,22],[20,16,8,4,12,24,13,5,17,21,22],[20,12,4,24,16,8,13,21,5,17,6,22],[4,20,24,12,8,16,21,5,17],[4,24,8,16,20,12,13,21,17,5,22],[20,4,16,8,12,24,21,13,5,17,6,22],[24,4,16,12,8,20,13,5,17,21,22],[16,12,20,24,4,8,13,5,17,21,6,22],[4,12,20,24,8,16,13,21,5,17,6,22],[4,12,24,8,16,20,21,13,5,17,22],[16,24,4,8,20,12,21,13,17,5,22],[4,20,24,12,8,16,21,5,17],[12,24,4,8,20,16,13,21,17,5,22],[20,16,24,8,12,4,21,13,17,5,6,22],[8,24,20,16,12,4,13,5,17,21,6,22],[4,16,12,20,8,24,21,5,13,17,22],[24,4,8,16,20,12,21,13,17,5,22],[20,8,24,4,12,16,13,5,17,21,22],[20,8,24,12,4,16,13,21,17,5,22],[12,20,16,4,8,24,21,13,5,17,6,22],[16,12,8,24,20,4,13,21,5,17,6,22],[12,8,24,20,4,16,21,13,17,5,22],[8,12,20,16,24,4,13,5,21,17,22],[12,8,4,24,20,16,13,21,5,17,22],[8,4,16,24,12,20,13,5,17,21,6,22],[16,12,24,4,8,20,13,21,5,17,6,22],[8,12,4,16,24,20,21,13,5,17,6,22],[12,16,20,4,8,24,13,21,5,17,6,22],[16,24,20,4,12,8,13,21,5,17,6,22],[20,4,12,16,8,24,13,5,21,17,22],[20,24,8,16,4,12,13,21,17,5,22],[20,16,12,24,8,4,21,13,17,5,6,22],[20,4,12,8,16,24,13,5,17,21,6,22],[20,8,12,4,24,16,21,5,17],[8,24,12,20,16,4,13,5,17,21,22],[20,12,24,16,4,8,21,13,5,17,6,22],[20,24,4,12,8,16,13,5,17,21,6,22],[20,8,16,4,24,12,13,21,17,5,22],[4,12,20,24,16,8,13,21,5,17,6,22],[12,24,20,8,16,4,21,13,17,5,22],[4,24,16,12,20,8,21,5,17],[20,24,16,8,4,12,13,5,17,21,22],[20,4,24,16,8,12,21,13,17,5,6,22],[16,12,20,24,8,4,13,21,5,17,22],[16,4,12,20,24,8,13,5,17,21,22],[8,24,16,12,20,4,13,21,5,17,6,22],[8,20,16,12,4,24,13,21,17,5,22],[16,12,4,20,24,8,21,5,17],[12,4,20,8,16,24,13,5,17,21,22],[12,4,16,8,24,20,21,5,13,17,22],[12,16,20,8,24,4,13,5,17,21,22],[4,12,24,16,20,8,13,21,17,5,22],[8,16,12,20,24,4,13,5,17,21,6,22],[20,8,16,4,24,12,21,13,5,17,22],[24,12,20,8,16,4,21,13,5,17,22],[24,8,12,20,16,4,13,5,21,17,6,22],[12,20,24,8,16,4,13,5,17,21,6,22],[24,20,12,16,4,8,13,5,21,17,22],[8,24,16,12,20,4,21,13,17,5,22],[16,12,8,24,20,4,21,5,17],[16,20,24,4,12,8,21,13,5,17,22],[20,8,12,4,24,16,21,5,17],[12,16,20,24,8,4,13,21,5,17,22],[4,8,16,20,12,24,21,5,17],[8,12,4,24,16,20,13,5,17,21,22],[20,24,8,12,16,4,13,21,5,17,6,22],[16,24,8,4,12,20,21,5,13,17,6,22],[24,12,4,16,20,8,13,21,5,17,6,22],[12,8,20,24,4,16,21,13,5,17,22],[4,20,12,8,24,16,13,21,17,5,22],[8,24,12,20,16,4,13,21,17,5,22],[8,16,20,4,12,24,13,21,17,5,6,22],[12,16,24,20,8,4,21,5,13,17,22],[4,20,24,16,8,12,13,21,5,17,22],[12,20,4,16,8,24,21,5,17],[20,8,16,12,4,24,21,13,5,17,22],[4,16,8,24,12,20,13,21,17,5,6,22],[20,12,8,16,4,24,21,13,17,5,6,22],[12,20,8,4,16,24,21,5,13,17,6,22],[16,20,12,8,4,24,21,5,13,17,6,22],[16,20,24,12,8,4,13,21,17,5,22],[16,24,12,4,8,20,21,5,17],[24,12,4,16,20,8,13,21,17,5,22],[24,20,12,8,16,4,21,13,5,17,22],[20,24,4,8,12,16,13,5,17,21,22],[16,8,4,20,12,24,13,21,17,5,6,22],[16,8,4,24,12,20,13,21,5,17,6,22],[4,12,8,24,20,16,21,5,13,17,6,22],[4,20,24,16,8,12,13,21,5,17,22],[20,12,4,24,8,16,21,13,5,17,6,22],[8,4,16,20,12,24,13,21,17,5,6,22],[4,24,12,16,20,8,13,21,17,5,22],[20,16,12,8,24,4,13,5,17,21,6,22],[12,24,20,4,16,8,13,21,17,5,22],[16,12,24,4,20,8,13,21,5,17,22],[24,8,20,12,4,16,21,13,5,17,6,22],[16,24,4,8,20,12,21,13,17,5,22],[8,24,12,20,16,4,13,21,17,5,22],[20,24,12,8,4,16,21,13,5,17,6,22],[24,12,20,4,8,16,21,13,17,5,6,22],[16,20,8,12,24,4,13,5,21,17,22],[20,24,8,12,16,4,21,13,5,17,22],[20,16,12,8,4,24,13,5,17,21,6,22],[12,20,4,8,16,24,21,13,17,5,22],[16,4,8,20,12,24,13,21,17,5,6,22],[12,4,16,8,24,20,13,5,21,17,6,22],[8,16,20,4,12,24,21,5,17],[12,20,24,16,4,8,21,5,17],[16,8,20,12,24,4,21,13,17,5,22],[8,20,24,12,4,16,21,5,13,17,6,22],[16,24,4,8,20,12,13,5,17,21,22]],"n_human":4}