{"problem_id":"19mjNYiWu0No6AG","sigma":75,"alpha":3.162,"cost":2,"probabilities":"[0.2, 0.24, 0.31, 0.25]","payoff_matrix":"[[-31, 44, 96, -94, 41, -49], [-45, -40, 172, -127, -3, 18], [-36, -2, -25, -125, 11, 23], [-51, 0, -123, -128, 172, 22]]","uncovered":[[23,15,19,7,3,11,20],[23,11,19,3,15,7,24,20],[3,11,15,23,7,19,20],[15,19,3,11,7,23,20],[15,3,19,7,23,11,24,20],[11,15,19,23,3,7,20],[19,15,3,7,11,23,24,20],[19,7,23,3,15,11,24,20],[11,7,23,19,15,3,20],[15,19,3,7,23,11,20],[15,11,23,7,3,19,24,20],[11,23,19,3,15,7,24,20],[19,15,23,11,7,3,20],[3,15,23,7,11,19,24,20],[3,15,19,7,23,11,24,20],[3,19,15,23,11,7,24,20],[7,23,15,3,19,11,20],[11,15,23,19,7,3,24,20],[3,7,23,15,19,11,20],[23,15,19,3,11,7,20],[11,15,19,23,3,7,20],[11,15,23,3,7,19,24,20],[7,11,19,23,15,3,20],[11,7,23,19,15,3,20],[23,7,11,19,3,15,20],[15,7,11,19,3,23,20],[23,7,19,15,11,3,20],[19,23,15,3,11,7,20],[3,11,19,15,23,7,24,20],[19,3,11,23,15,7,20],[3,11,15,7,23,19,24,20],[15,23,19,11,3,7,20],[23,3,7,19,11,15,20],[11,15,3,19,7,23,20],[19,23,11,3,7,15,24,20],[23,19,7,3,15,11,20],[3,7,15,19,23,11,24,20],[19,23,15,11,7,3,20],[23,3,19,11,7,15,20],[11,19,7,23,3,15,24,20],[19,3,23,15,11,7,24,20],[23,19,15,3,7,11,24,20],[11,3,15,19,7,23,20],[23,11,7,3,15,19,20],[15,7,19,11,3,23,24,20],[3,15,23,19,7,11,20],[11,7,19,23,15,3,24,20],[11,15,23,19,7,3,20],[11,23,19,7,3,15,24,20],[3,19,23,7,11,15,24,20],[11,7,15,23,3,19,24,20],[23,19,15,11,3,7,20],[11,23,3,15,19,7,24,20],[19,15,23,11,7,3,20],[11,15,23,19,7,3,20],[3,23,11,19,7,15,24,20],[3,15,23,19,11,7,20],[7,3,15,23,19,11,24,20],[15,11,3,7,23,19,20],[23,15,3,7,11,19,20],[23,3,11,19,7,15,20],[19,23,3,11,15,7,24,20],[19,3,7,15,23,11,20],[15,3,11,23,7,19,24,20],[23,7,3,11,19,15,24,20],[7,3,11,23,15,19,24,20],[15,11,7,19,23,3,24,20],[3,7,23,11,19,15,24,20],[23,19,15,7,11,3,24,20],[11,7,19,3,23,15,24,20],[7,3,15,19,23,11,20],[15,7,23,19,11,3,20],[11,3,19,15,23,7,20],[11,19,3,7,23,15,24,20],[15,23,11,3,19,7,20],[23,3,7,15,11,19,24,20],[15,7,19,23,11,3,20],[7,19,15,3,11,23,20],[3,19,7,15,23,11,24,20],[7,19,11,3,15,23,24,20],[15,11,7,23,3,19,24,20],[7,23,3,11,15,19,24,20],[3,15,7,23,19,11,24,20],[11,23,15,7,19,3,24,20],[15,7,23,11,19,3,24,20],[23,11,3,7,19,15,20],[19,11,3,7,23,15,20],[15,3,19,23,7,11,20],[7,19,3,23,11,15,24,20],[11,3,15,7,19,23,24,20],[3,23,11,15,7,19,24,20],[23,3,7,15,11,19,20],[19,3,11,23,7,15,24,20],[11,15,7,19,3,23,24,20],[19,11,3,7,15,23,24,20],[19,7,3,23,11,15,20],[3,23,15,19,11,7,20],[23,3,15,11,7,19,20],[15,11,19,3,23,7,20],[19,7,3,11,15,23,20],[7,19,3,23,11,15,20],[23,7,15,3,19,11,24,20],[7,19,15,23,3,11,24,20],[15,23,19,11,7,3,24,20],[15,19,7,23,11,3,24,20],[11,15,7,19,23,3,20],[7,15,11,19,3,23,24,20],[7,3,15,11,19,23,24,20],[23,3,11,19,7,15,24,20],[11,3,23,7,19,15,20],[7,23,3,15,19,11,20],[23,19,7,3,15,11,24,20],[11,3,15,23,19,7,20],[19,3,15,7,11,23,20],[15,23,3,19,11,7,20],[15,11,7,3,23,19,24,20],[15,23,7,11,19,3,20],[19,7,15,3,11,23,20],[23,15,19,11,7,3,20],[11,3,7,15,23,19,24,20],[23,15,7,3,19,11,24,20],[3,7,19,15,23,11,24,20],[23,15,11,19,3,7,24,20],[15,11,3,7,23,19,24,20],[19,15,3,11,23,7,24,20],[7,15,19,23,3,11,24,20],[11,7,23,3,15,19,20],[23,19,11,15,7,3,20],[7,11,19,23,15,3,24,20],[23,19,3,11,7,15,20],[7,19,15,11,23,3,24,20],[7,15,3,19,23,11,24,20],[15,19,11,3,7,23,24,20],[15,19,3,23,7,11,20],[7,11,15,19,3,23,24,20],[3,15,19,7,23,11,20],[7,11,19,15,3,23,24,20],[11,15,7,19,3,23,20],[3,15,23,11,7,19,20],[7,23,11,19,15,3,24,20],[11,23,19,15,7,3,24,20],[3,15,19,11,7,23,20],[11,19,3,15,23,7,20],[7,11,23,15,19,3,24,20],[15,3,23,19,11,7,24,20],[7,11,23,19,3,15,20],[7,11,23,15,3,19,24,20],[23,15,3,11,19,7,24,20],[23,15,7,11,3,19,24,20],[11,3,19,23,7,15,24,20],[7,19,3,15,11,23,24,20],[3,7,19,23,15,11,20],[19,15,23,7,3,11,20],[7,19,3,15,23,11,24,20],[23,15,3,11,19,7,20],[19,3,7,23,11,15,24,20],[19,7,11,3,23,15,20],[15,19,23,11,3,7,20],[3,7,15,23,11,19,24,20],[11,15,7,3,23,19,20],[19,7,23,15,3,11,20],[19,23,15,7,3,11,20],[3,19,7,15,23,11,24,20],[23,15,7,3,11,19,20],[3,19,15,23,11,7,24,20],[7,11,3,19,15,23,24,20],[23,3,15,19,7,11,20],[3,11,23,7,19,15,20],[7,19,15,3,11,23,24,20],[19,3,23,7,11,15,20],[3,11,19,23,15,7,20],[7,23,19,3,11,15,24,20],[11,7,15,23,3,19,20],[15,19,7,11,3,23,24,20],[23,19,15,7,11,3,20],[15,19,3,23,7,11,24,20],[11,23,3,19,15,7,24,20],[11,7,15,19,23,3,24,20],[19,23,11,15,3,7,24,20],[15,23,19,7,11,3,20],[19,23,7,3,11,15,20],[15,19,3,11,7,23,24,20],[11,15,23,3,19,7,20],[15,19,7,11,3,23,24,20],[19,15,3,23,11,7,24,20],[11,7,23,3,19,15,20],[3,19,15,23,7,11,24,20],[3,23,15,11,19,7,20],[23,15,3,11,7,19,24,20],[19,15,7,23,3,11,20],[7,15,3,19,23,11,20],[19,7,3,11,23,15,20],[3,7,15,11,23,19,20],[15,19,11,3,7,23,24,20],[11,19,23,3,7,15,20],[11,3,23,19,15,7,20],[23,19,15,3,11,7,24,20],[3,23,15,7,19,11,24,20],[15,7,23,11,19,3,24,20],[11,7,15,23,3,19,20],[3,7,19,15,11,23,24,20],[19,7,3,15,23,11,24,20],[11,23,19,3,7,15,24,20],[23,7,3,15,19,11,24,20],[23,15,7,19,3,11,24,20],[7,3,15,11,19,23,20],[3,23,15,11,19,7,20],[3,19,23,7,11,15,20],[3,19,15,11,23,7,24,20],[7,15,19,3,11,23,24,20],[19,3,11,23,15,7,24,20],[7,3,15,19,23,11,24,20],[3,7,19,11,15,23,20],[15,3,7,23,19,11,24,20],[7,11,19,15,23,3,20],[15,11,7,3,19,23,20],[19,15,3,7,23,11,24,20],[15,11,23,7,19,3,20],[15,11,19,3,23,7,24,20],[11,7,23,3,15,19,20],[23,19,15,11,7,3,20],[3,19,7,11,15,23,24,20],[3,11,7,15,23,19,24,20],[15,11,3,7,23,19,20],[11,23,7,19,15,3,20],[3,23,11,15,7,19,24,20],[19,15,11,3,23,7,24,20],[7,23,15,3,19,11,24,20],[7,19,23,11,15,3,20],[19,7,3,15,23,11,24,20],[23,11,3,15,7,19,24,20],[3,15,11,7,19,23,24,20],[11,23,19,15,7,3,24,20],[3,23,11,19,7,15,24,20],[7,3,11,19,15,23,20],[3,7,19,11,15,23,20],[19,23,3,15,11,7,24,20],[7,19,23,11,3,15,24,20],[7,19,15,23,3,11,20],[15,3,11,23,7,19,20],[7,3,15,19,11,23,24,20],[3,15,7,11,19,23,20],[19,23,3,7,15,11,20],[3,7,19,23,15,11,20],[23,3,7,11,19,15,20],[15,3,11,19,7,23,24,20],[11,23,3,15,7,19,24,20],[7,19,11,23,15,3,20],[11,3,15,19,7,23,24,20],[23,15,19,7,3,11,20],[3,23,11,7,19,15,24,20],[11,15,23,3,19,7,20],[11,3,19,23,15,7,24,20],[15,7,19,11,3,23,20],[15,11,3,23,19,7,24,20],[19,23,11,15,3,7,20],[3,19,7,11,23,15,24,20],[11,23,3,7,19,15,20],[19,23,11,15,7,3,20],[7,3,23,11,15,19,24,20],[3,23,19,15,7,11,24,20],[11,15,19,23,3,7,24,20],[7,11,3,19,23,15,20],[7,23,19,11,3,15,24,20],[11,15,3,19,7,23,20],[11,15,19,23,3,7,20],[15,19,3,23,11,7,24,20],[19,7,11,23,3,15,24,20],[23,15,7,19,11,3,20],[3,7,23,11,19,15,24,20],[15,3,19,23,7,11,20],[11,23,15,19,7,3,24,20],[15,7,3,11,19,23,24,20],[19,7,3,11,23,15,20],[11,19,23,7,3,15,24,20],[19,23,15,3,7,11,20],[23,11,3,15,7,19,24,20],[11,7,3,23,15,19,20],[3,11,7,19,15,23,20],[23,3,19,7,15,11,24,20],[7,15,3,23,11,19,20],[11,7,15,19,23,3,20],[15,19,3,11,7,23,24,20],[11,3,23,15,19,7,24,20],[15,3,11,19,23,7,20],[23,3,15,19,7,11,24,20],[19,23,7,15,3,11,20],[23,15,3,19,11,7,20],[19,15,23,11,3,7,24,20],[19,3,7,23,11,15,20],[19,23,7,11,15,3,24,20],[19,23,3,7,11,15,24,20],[19,7,11,3,23,15,20],[7,15,23,3,11,19,20],[19,7,23,11,15,3,24,20],[23,11,15,19,7,3,24,20],[7,11,19,15,3,23,24,20],[23,19,3,7,15,11,24,20],[19,15,11,3,23,7,20],[11,7,19,3,15,23,20],[15,3,19,23,11,7,24,20],[19,23,7,3,11,15,20],[23,3,15,7,19,11,20],[19,7,3,11,23,15,24,20],[3,7,15,19,23,11,20],[11,3,15,7,23,19,24,20],[11,7,23,19,3,15,24,20],[15,7,3,19,11,23,24,20],[3,11,19,15,7,23,24,20],[15,19,23,7,3,11,20],[3,15,23,11,19,7,24,20],[11,19,7,3,23,15,24,20],[23,3,7,15,11,19,20],[3,23,11,7,19,15,20],[7,23,3,15,11,19,24,20],[11,7,19,15,23,3,24,20],[19,11,7,15,23,3,24,20],[11,19,23,7,15,3,20],[11,3,19,23,15,7,24,20],[11,23,3,7,19,15,24,20],[19,11,23,7,3,15,24,20],[3,15,11,19,23,7,24,20],[15,7,3,19,11,23,24,20],[19,15,11,23,7,3,20],[23,3,7,19,15,11,24,20],[7,15,11,19,23,3,20],[3,19,15,7,11,23,20],[23,19,11,7,15,3,20],[23,11,15,3,7,19,24,20],[23,3,11,15,19,7,24,20],[3,7,15,11,19,23,24,20],[23,19,15,7,3,11,20],[15,7,3,23,19,11,24,20],[19,11,23,3,15,7,24,20],[3,15,11,19,7,23,24,20],[19,7,3,11,23,15,24,20],[23,11,3,7,15,19,20],[15,23,11,7,3,19,20],[23,3,7,11,15,19,24,20],[23,19,11,15,7,3,24,20],[7,3,15,23,19,11,20],[23,15,7,3,11,19,20],[23,7,11,3,15,19,24,20],[11,19,15,3,23,7,24,20],[23,15,7,11,19,3,20],[19,23,7,3,11,15,24,20],[19,15,3,11,23,7,24,20],[7,15,3,19,23,11,24,20],[11,7,3,15,23,19,24,20],[7,19,3,15,11,23,20],[3,7,19,11,15,23,20],[7,15,3,19,23,11,20],[7,23,19,15,11,3,20],[11,3,23,7,19,15,24,20],[11,7,23,3,15,19,24,20],[19,23,3,11,15,7,20],[7,15,11,23,3,19,24,20],[15,3,19,7,23,11,20],[15,7,23,11,19,3,24,20],[23,11,7,15,19,3,24,20],[3,19,7,23,15,11,24,20],[7,19,3,11,15,23,20],[15,3,11,19,7,23,20],[19,15,23,11,3,7,20],[7,23,11,3,15,19,24,20],[19,7,23,15,3,11,24,20],[23,11,7,15,3,19,20],[15,23,11,7,19,3,24,20],[23,3,11,7,15,19,20],[3,11,7,19,23,15,24,20],[23,3,15,19,7,11,20],[23,19,7,15,11,3,24,20],[7,11,15,3,19,23,24,20],[3,23,11,7,15,19,24,20],[7,23,11,19,15,3,24,20],[15,19,3,11,7,23,20],[23,3,7,11,19,15,20],[11,7,3,23,15,19,24,20],[19,15,7,23,3,11,20],[15,11,23,7,19,3,20],[15,7,11,3,23,19,24,20],[3,11,19,23,15,7,20],[7,19,15,23,3,11,24,20],[15,11,19,3,23,7,20],[11,19,7,15,3,23,20],[19,11,23,7,15,3,24,20],[15,7,23,19,3,11,24,20],[15,3,19,7,11,23,20],[23,11,19,7,15,3,20],[7,3,23,19,15,11,24,20],[19,15,3,11,23,7,24,20],[23,7,11,3,19,15,20],[3,19,15,7,23,11,20],[3,11,15,19,23,7,20],[7,15,23,11,19,3,20],[15,19,3,7,23,11,20],[7,23,15,3,11,19,20],[7,11,23,15,19,3,20],[3,15,23,11,19,7,20],[11,7,19,15,3,23,20],[7,15,23,11,19,3,20],[15,7,19,3,11,23,20],[15,19,23,3,7,11,24,20],[19,3,7,23,11,15,24,20],[11,15,7,23,19,3,20],[11,15,7,3,23,19,24,20],[11,3,19,7,15,23,24,20],[19,23,3,15,11,7,20],[3,23,19,11,7,15,24,20],[7,23,11,19,3,15,20],[23,11,7,19,3,15,24,20],[7,11,3,19,23,15,24,20],[15,11,23,3,19,7,24,20],[23,7,19,15,3,11,24,20],[19,15,7,23,11,3,24,20],[15,3,23,19,7,11,20],[7,19,11,15,3,23,20],[7,23,19,3,11,15,20],[7,11,23,3,19,15,20],[23,3,15,7,19,11,24,20],[19,11,7,3,23,15,20],[19,11,15,3,7,23,24,20],[3,7,19,11,23,15,20],[19,7,23,11,3,15,24,20],[3,23,7,11,19,15,20],[3,23,11,7,15,19,20],[19,7,3,23,15,11,20],[23,15,3,11,19,7,24,20],[15,19,7,23,3,11,20],[23,3,19,7,11,15,20],[19,7,23,11,3,15,20],[11,15,23,7,3,19,24,20],[7,19,15,23,3,11,20],[7,15,23,19,11,3,20],[7,11,19,3,23,15,20],[3,23,11,19,7,15,24,20],[15,7,23,19,3,11,24,20],[15,7,3,19,23,11,24,20],[7,19,11,15,23,3,24,20],[23,7,15,11,3,19,24,20],[3,11,19,7,15,23,20],[7,23,11,3,15,19,24,20],[23,15,3,19,7,11,20],[7,15,19,11,3,23,20],[15,3,11,19,23,7,24,20],[19,15,7,23,11,3,24,20],[19,7,11,23,15,3,24,20],[15,7,19,11,23,3,24,20],[19,11,3,7,23,15,24,20],[19,11,3,23,7,15,20],[19,7,3,15,11,23,24,20],[15,3,11,19,7,23,24,20],[15,11,3,19,7,23,24,20],[3,7,11,23,19,15,20],[11,7,15,3,23,19,24,20],[15,3,23,19,7,11,24,20],[15,23,7,19,11,3,24,20],[7,23,11,15,19,3,24,20],[23,15,11,7,19,3,24,20],[19,3,23,11,15,7,24,20],[3,19,7,23,15,11,20],[19,15,7,23,3,11,24,20],[3,7,15,23,19,11,24,20],[15,19,11,3,23,7,20],[11,3,7,15,23,19,24,20],[23,3,7,11,19,15,20],[7,19,15,11,3,23,20],[7,23,11,15,3,19,20],[23,3,7,19,11,15,20],[19,23,7,15,3,11,24,20],[7,23,11,19,15,3,20],[11,19,3,15,7,23,24,20],[7,19,23,11,15,3,20],[23,3,15,7,11,19,24,20],[15,7,11,3,23,19,20],[3,7,23,11,19,15,24,20],[3,11,7,19,23,15,24,20],[23,15,3,19,7,11,20],[7,23,11,15,19,3,24,20],[23,3,11,15,7,19,20],[11,23,15,3,19,7,24,20],[7,15,3,11,19,23,24,20],[11,23,3,15,19,7,24,20],[23,3,15,7,11,19,20],[23,15,7,3,11,19,20],[3,11,15,19,7,23,24,20],[3,7,19,23,15,11,20],[23,19,3,11,15,7,24,20],[19,7,11,3,15,23,20],[23,3,11,7,15,19,24,20],[11,7,23,3,15,19,20],[11,7,3,23,19,15,20],[11,15,7,19,3,23,24,20],[19,23,15,11,3,7,24,20],[19,23,7,15,3,11,20],[3,11,15,7,19,23,20],[11,19,7,3,23,15,20],[11,23,15,19,7,3,24,20],[11,7,15,3,23,19,20],[11,15,3,7,23,19,20],[15,3,23,11,7,19,20],[3,19,15,23,7,11,24,20],[15,7,3,19,23,11,20],[7,19,15,23,11,3,20],[11,23,19,15,7,3,20],[3,7,23,15,11,19,20],[19,23,3,15,11,7,20],[7,23,3,19,11,15,20],[7,19,15,3,11,23,24,20],[7,19,15,3,23,11,20],[7,15,11,23,19,3,24,20],[11,7,23,15,3,19,20],[3,15,19,23,11,7,20],[23,7,11,15,19,3,24,20],[23,19,15,7,11,3,20],[15,11,23,19,3,7,20],[23,15,11,3,19,7,20],[19,7,11,15,23,3,20],[19,3,23,11,7,15,20],[3,11,19,7,23,15,24,20],[11,23,19,15,7,3,20],[19,15,11,23,3,7,20],[7,19,23,3,15,11,24,20],[3,11,7,19,23,15,24,20],[19,3,23,7,11,15,20],[3,7,15,19,23,11,24,20],[15,19,11,7,23,3,24,20],[11,7,15,19,23,3,20],[15,19,23,11,3,7,24,20],[23,15,3,11,19,7,24,20],[19,3,7,11,15,23,24,20],[3,19,11,15,7,23,20],[15,7,19,11,23,3,24,20],[3,7,15,11,19,23,20],[7,3,15,23,11,19,20],[3,7,15,23,11,19,24,20],[7,3,23,15,11,19,20],[15,11,19,23,7,3,24,20],[7,19,23,3,11,15,24,20],[11,23,15,7,19,3,20],[3,19,23,7,15,11,24,20],[7,19,11,23,3,15,20],[11,15,19,23,3,7,24,20],[3,7,11,15,19,23,24,20],[3,23,11,15,7,19,24,20],[7,23,19,11,3,15,20],[11,19,3,7,23,15,24,20],[15,11,3,7,23,19,20],[3,7,15,19,23,11,20],[7,11,23,3,15,19,20],[15,7,3,23,19,11,20],[15,23,3,19,11,7,20],[11,19,7,15,23,3,24,20],[15,11,23,19,7,3,24,20],[19,23,15,7,11,3,20],[3,7,15,23,19,11,24,20],[23,3,15,19,11,7,20],[7,11,3,23,15,19,24,20],[19,23,15,3,11,7,20],[19,23,15,3,7,11,24,20],[19,3,11,7,15,23,20],[15,7,3,23,11,19,24,20],[11,3,23,15,7,19,20],[15,11,19,7,23,3,20],[7,23,15,19,3,11,20],[19,23,11,7,15,3,24,20],[23,15,19,3,11,7,24,20],[19,3,15,7,23,11,20],[15,23,3,7,19,11,20],[15,23,3,11,19,7,20],[11,23,7,3,19,15,20],[3,15,11,19,7,23,20],[23,3,11,7,15,19,20],[7,19,11,15,3,23,24,20],[3,15,7,11,23,19,20],[19,7,15,23,3,11,24,20],[11,7,15,19,23,3,24,20],[23,15,11,7,3,19,20],[11,23,7,19,15,3,20],[11,3,23,19,7,15,24,20],[11,15,7,19,23,3,20],[23,15,7,11,19,3,24,20],[23,7,3,19,15,11,20],[7,23,3,19,11,15,24,20],[7,19,15,11,23,3,24,20],[19,11,15,7,3,23,20],[19,23,11,15,3,7,24,20],[3,23,19,7,15,11,20],[11,19,15,23,3,7,24,20],[11,19,23,7,3,15,20],[19,15,11,3,23,7,24,20],[19,15,3,23,11,7,20],[19,7,15,11,3,23,20],[7,19,23,3,11,15,24,20],[7,3,19,15,23,11,20],[11,19,23,15,7,3,24,20],[15,11,7,23,3,19,20],[23,11,19,15,3,7,20],[7,23,15,11,19,3,24,20],[15,7,11,23,19,3,24,20],[3,19,23,11,15,7,24,20],[15,7,19,3,23,11,24,20],[23,15,7,19,11,3,20],[23,15,11,19,7,3,24,20],[7,11,3,19,15,23,24,20],[11,23,3,7,15,19,24,20],[7,19,23,3,15,11,24,20],[19,7,3,15,11,23,20],[7,19,11,15,3,23,20],[19,23,11,3,15,7,24,20],[11,23,7,3,15,19,24,20],[23,15,7,11,19,3,24,20],[23,3,15,19,7,11,20],[23,7,3,19,11,15,24,20],[15,11,19,23,3,7,24,20],[19,23,7,3,15,11,24,20],[7,11,3,15,19,23,24,20],[3,15,7,11,19,23,20],[7,23,3,19,15,11,20],[7,23,11,3,19,15,20],[3,15,23,11,19,7,20],[23,15,11,19,3,7,24,20],[19,11,15,3,23,7,20],[3,19,15,23,7,11,20],[19,15,23,7,11,3,20],[23,15,3,7,19,11,20],[3,15,7,11,23,19,20],[15,23,7,19,11,3,20],[11,7,3,15,19,23,20],[19,23,15,11,7,3,24,20],[7,15,3,11,19,23,20],[19,3,11,23,7,15,20],[15,3,7,23,19,11,20],[11,15,7,19,23,3,24,20],[23,19,15,11,7,3,20],[11,23,19,3,7,15,24,20],[19,11,15,7,23,3,20],[7,3,23,11,15,19,24,20],[11,19,3,7,15,23,24,20],[19,15,11,3,23,7,20],[7,23,19,11,3,15,24,20],[7,23,11,19,3,15,20],[3,19,11,15,7,23,24,20],[23,7,19,11,15,3,20],[15,11,19,3,7,23,20],[15,11,7,23,3,19,24,20],[19,7,3,11,23,15,24,20],[7,23,11,15,19,3,24,20],[7,3,11,15,19,23,24,20],[23,11,19,3,15,7,20],[19,11,3,7,15,23,20],[15,23,19,3,7,11,24,20],[7,19,15,11,23,3,20],[11,7,3,15,19,23,24,20],[15,19,23,11,7,3,20],[3,7,15,19,11,23,24,20],[19,3,7,23,15,11,24,20],[7,15,19,23,11,3,20],[19,7,15,3,11,23,20],[7,23,11,3,19,15,20],[23,7,15,3,11,19,20],[7,3,23,19,15,11,24,20],[11,15,19,23,7,3,20],[11,7,3,19,23,15,20],[23,11,3,15,7,19,20],[3,23,7,15,19,11,20],[19,23,3,15,11,7,24,20],[11,15,3,23,7,19,24,20],[11,23,7,15,19,3,20],[3,11,23,15,19,7,20],[19,11,23,3,7,15,24,20],[23,3,7,19,15,11,24,20],[15,11,7,3,23,19,20],[15,3,7,23,11,19,20],[23,3,19,11,15,7,20],[23,7,3,11,19,15,20],[19,23,7,15,11,3,24,20],[3,15,23,7,11,19,20],[7,11,15,3,19,23,24,20],[3,11,19,7,23,15,20],[7,3,11,19,23,15,20],[19,23,15,3,11,7,20],[7,3,19,11,15,23,20],[23,19,3,7,11,15,24,20],[7,3,19,15,11,23,20],[19,7,3,11,15,23,20],[19,7,3,11,23,15,20],[15,11,23,19,3,7,24,20],[3,11,19,23,15,7,20],[19,11,23,15,7,3,24,20],[15,7,23,19,3,11,20],[19,23,11,15,7,3,24,20],[19,23,7,15,3,11,20],[7,19,23,15,3,11,24,20],[11,19,23,15,7,3,20],[11,3,7,15,23,19,24,20],[3,7,19,15,23,11,24,20],[11,15,3,7,19,23,20],[15,7,11,23,19,3,24,20],[15,11,19,23,7,3,24,20],[23,3,11,19,15,7,24,20],[19,11,3,7,23,15,24,20],[3,7,15,19,11,23,20],[3,15,19,11,23,7,24,20],[7,3,15,23,11,19,20],[7,3,19,11,23,15,20],[11,15,7,3,19,23,20],[19,3,23,11,15,7,20],[11,3,23,7,15,19,20],[11,19,15,3,7,23,24,20],[19,15,7,23,11,3,20],[15,11,7,3,19,23,20],[11,7,19,3,23,15,24,20],[19,3,23,15,7,11,20],[15,19,7,11,23,3,20],[19,3,23,15,11,7,20],[19,23,11,15,3,7,20],[7,23,15,3,11,19,20],[7,23,15,11,3,19,20],[19,11,15,7,3,23,20],[7,15,19,3,11,23,20],[3,23,7,11,15,19,24,20],[15,3,7,11,19,23,24,20],[23,11,15,19,3,7,24,20],[23,19,3,7,15,11,24,20],[11,15,19,23,3,7,24,20],[3,11,7,23,19,15,24,20],[11,7,3,19,23,15,20],[11,19,3,23,15,7,24,20],[7,23,11,3,15,19,20],[7,15,23,11,3,19,20],[7,3,23,11,15,19,20],[7,19,3,15,11,23,24,20],[7,23,19,11,15,3,20],[3,15,11,19,23,7,24,20],[23,3,11,15,7,19,24,20],[15,3,11,7,19,23,24,20],[15,19,11,3,23,7,24,20],[15,19,23,11,7,3,20],[19,23,15,11,3,7,24,20],[7,11,3,15,23,19,24,20],[15,23,3,7,11,19,20],[11,23,3,19,7,15,24,20],[19,11,3,15,7,23,20],[7,23,11,15,19,3,20],[19,23,7,11,3,15,24,20],[15,19,23,7,11,3,24,20],[15,7,23,3,11,19,20],[7,19,23,11,3,15,20],[11,15,3,7,19,23,20],[11,7,23,3,15,19,24,20],[15,11,19,3,23,7,24,20],[3,19,15,11,23,7,24,20],[11,15,7,19,23,3,24,20],[15,3,11,7,23,19,24,20],[3,7,23,15,19,11,20],[19,23,7,11,3,15,24,20],[15,3,7,19,11,23,24,20],[7,15,11,23,19,3,20],[3,19,15,11,23,7,24,20],[7,19,3,15,11,23,24,20],[23,15,11,3,19,7,20],[11,7,23,3,19,15,24,20],[15,3,19,23,11,7,20],[23,7,19,3,11,15,24,20],[23,19,11,3,15,7,24,20],[7,23,19,3,11,15,24,20],[23,3,19,7,11,15,20],[11,3,19,23,15,7,24,20],[7,23,3,11,15,19,24,20],[11,23,19,7,15,3,20],[7,19,15,23,3,11,20],[7,15,23,11,19,3,24,20],[11,19,3,7,23,15,20],[19,11,3,7,23,15,24,20],[19,3,15,23,11,7,24,20],[11,23,3,7,15,19,24,20],[3,19,15,7,23,11,20],[15,7,11,19,23,3,24,20],[11,7,15,19,23,3,24,20],[7,23,15,3,11,19,24,20],[3,15,19,11,23,7,20],[3,19,15,7,23,11,24,20],[11,3,23,7,19,15,24,20],[15,19,11,23,3,7,24,20],[7,11,3,23,19,15,20],[19,15,11,7,23,3,20],[23,11,3,19,7,15,24,20],[19,11,3,23,7,15,24,20],[19,15,3,7,23,11,20],[23,7,19,11,15,3,24,20],[11,15,23,3,19,7,20],[23,7,3,19,11,15,20],[19,23,11,15,7,3,24,20],[19,7,23,3,11,15,20],[11,19,3,23,15,7,20],[7,19,23,3,11,15,24,20],[7,19,11,23,15,3,24,20],[7,15,3,11,23,19,24,20],[11,7,23,3,19,15,20],[11,23,19,7,15,3,20],[15,23,19,11,7,3,20],[3,11,23,19,7,15,24,20],[7,15,3,11,23,19,24,20],[3,7,23,15,11,19,24,20],[7,23,15,3,11,19,20],[7,11,15,23,19,3,20],[15,3,7,23,19,11,24,20],[15,23,19,3,11,7,20],[15,19,23,11,7,3,24,20],[19,7,3,15,11,23,24,20],[11,7,3,15,19,23,24,20],[15,11,7,3,23,19,24,20],[19,3,15,7,23,11,24,20],[19,23,3,11,7,15,24,20],[3,23,7,11,15,19,24,20],[23,19,3,11,15,7,24,20],[7,11,15,19,3,23,24,20],[7,19,15,11,3,23,20],[23,15,7,3,19,11,20],[23,7,3,19,11,15,20],[7,3,23,15,11,19,24,20],[23,3,19,7,15,11,20],[15,11,7,23,3,19,20],[19,11,15,7,23,3,20],[15,11,19,7,23,3,20],[11,23,7,15,3,19,24,20],[3,19,11,7,15,23,20],[11,19,23,7,15,3,20],[7,19,15,3,11,23,24,20],[7,19,23,3,11,15,20],[15,19,7,23,3,11,20],[3,11,19,7,15,23,20],[15,3,23,11,19,7,20],[15,23,11,7,19,3,20],[11,3,15,7,23,19,24,20],[3,15,7,11,23,19,20],[15,19,23,3,7,11,20],[11,15,7,19,3,23,20],[7,15,11,23,19,3,24,20],[15,11,23,19,3,7,24,20],[23,15,3,11,7,19,24,20],[3,19,7,15,11,23,24,20],[3,11,19,23,15,7,20],[3,15,23,7,19,11,24,20],[19,23,11,3,15,7,20],[19,23,7,15,11,3,24,20],[11,7,19,15,3,23,24,20],[19,23,15,11,7,3,20],[3,7,23,15,11,19,20],[15,7,19,23,11,3,24,20],[19,7,15,11,3,23,20],[11,7,23,3,15,19,24,20],[3,15,11,7,23,19,20],[19,23,3,7,15,11,20],[23,7,15,11,19,3,24,20],[23,19,11,3,15,7,20],[15,11,7,3,19,23,24,20],[3,15,7,11,19,23,20],[11,15,23,3,7,19,24,20],[7,11,19,15,23,3,24,20],[11,7,15,3,23,19,20],[23,3,15,7,11,19,24,20],[23,15,3,11,7,19,24,20],[19,3,7,23,15,11,24,20],[23,7,15,11,3,19,20],[3,11,19,7,23,15,20],[3,7,11,15,23,19,20],[19,11,3,15,7,23,20],[23,3,19,7,11,15,24,20],[15,3,19,23,11,7,24,20],[7,15,23,3,19,11,20],[11,19,3,23,15,7,20],[11,7,15,23,19,3,20],[7,19,23,11,15,3,20],[19,3,15,11,23,7,20],[15,19,11,7,23,3,20],[11,23,3,7,15,19,24,20],[3,11,15,7,19,23,24,20],[15,19,3,11,23,7,20],[15,7,11,23,19,3,20],[19,23,15,11,7,3,20],[7,11,3,19,23,15,24,20],[7,15,11,3,23,19,24,20],[7,23,15,19,11,3,20],[23,11,7,19,15,3,24,20],[3,15,23,11,7,19,24,20],[11,3,23,19,7,15,24,20],[15,7,3,19,23,11,24,20],[7,11,3,15,23,19,24,20],[19,15,3,23,7,11,20],[3,11,15,7,23,19,24,20],[15,23,19,7,11,3,24,20],[15,11,3,7,19,23,24,20],[15,23,7,3,11,19,24,20],[7,3,15,11,19,23,20],[7,19,15,11,23,3,20],[19,3,15,23,11,7,24,20],[23,3,15,11,7,19,24,20],[19,11,15,3,23,7,20],[15,3,23,19,7,11,24,20],[11,19,15,3,7,23,20],[3,23,19,11,15,7,20],[11,7,3,23,19,15,24,20],[23,3,19,7,11,15,24,20],[23,19,11,3,15,7,20],[3,11,7,19,23,15,20],[7,3,19,15,11,23,20],[11,19,7,23,15,3,20],[11,15,3,7,23,19,20],[7,23,11,3,19,15,20],[7,23,19,3,11,15,20],[23,7,3,19,15,11,20],[15,7,23,3,11,19,24,20],[23,15,7,11,3,19,20],[7,19,15,11,23,3,20],[11,3,19,15,7,23,20],[11,19,3,23,15,7,24,20],[23,3,7,15,19,11,24,20],[19,23,3,15,11,7,24,20],[23,3,11,7,19,15,24,20],[3,19,15,11,7,23,20],[15,19,7,11,23,3,24,20],[11,15,19,23,7,3,20],[15,7,11,3,19,23,24,20],[7,19,3,11,15,23,20],[7,11,23,15,3,19,24,20],[11,19,3,7,23,15,20],[3,15,7,11,19,23,24,20],[7,11,23,3,19,15,20],[19,7,15,23,3,11,20],[15,19,3,7,23,11,24,20],[3,15,11,19,23,7,24,20],[7,15,11,23,19,3,20],[3,19,23,11,7,15,24,20],[11,3,23,15,7,19,24,20],[11,23,19,7,15,3,24,20],[19,15,23,3,7,11,20],[15,11,19,3,7,23,20],[7,3,23,19,15,11,20],[3,7,11,23,15,19,24,20],[23,3,15,19,11,7,20],[23,19,11,15,3,7,20],[11,15,3,19,23,7,20],[23,11,3,7,15,19,24,20],[7,11,19,15,3,23,24,20],[11,7,3,15,19,23,20],[3,19,7,15,23,11,20],[19,23,15,3,11,7,20],[3,7,19,15,23,11,20],[19,7,11,23,15,3,24,20],[7,23,19,15,3,11,20],[3,19,7,11,15,23,24,20],[11,19,3,7,15,23,20],[15,11,7,19,23,3,24,20],[15,11,19,7,3,23,24,20],[19,23,3,15,11,7,24,20],[7,15,19,23,3,11,24,20],[3,19,15,23,11,7,20],[19,7,15,11,3,23,24,20],[11,19,23,15,3,7,24,20],[19,3,7,15,23,11,20],[3,23,15,19,7,11,20],[11,7,15,23,19,3,24,20],[15,23,3,11,7,19,24,20],[3,23,19,15,7,11,24,20],[7,23,19,3,15,11,20],[11,3,7,19,23,15,24,20],[15,19,7,11,3,23,20],[3,15,11,7,19,23,20],[19,15,11,23,7,3,24,20],[3,19,15,7,11,23,20],[11,3,15,19,23,7,20],[7,11,3,19,23,15,24,20],[19,11,7,15,3,23,24,20],[7,15,11,3,19,23,24,20],[15,3,11,23,19,7,20],[23,15,3,11,7,19,24,20],[3,11,7,23,19,15,24,20],[15,11,19,3,23,7,20],[11,3,7,15,19,23,24,20],[15,19,11,3,7,23,24,20],[3,19,11,15,7,23,20],[7,11,15,23,3,19,24,20],[7,15,19,23,3,11,24,20],[19,15,7,11,23,3,20],[7,23,3,15,19,11,24,20],[15,3,23,19,7,11,24,20],[15,19,3,7,11,23,20],[3,23,15,7,19,11,24,20],[23,7,3,15,11,19,24,20],[3,23,7,19,15,11,20],[7,15,3,11,19,23,24,20],[15,23,19,3,11,7,24,20],[23,11,3,15,7,19,20],[11,19,3,15,23,7,24,20],[11,23,3,19,15,7,20],[19,23,11,15,3,7,24,20],[15,3,7,11,23,19,24,20],[3,15,23,7,19,11,24,20]],"n_human":10}