{"problem_id":"9O2lgD5ZyLLdmIF","sigma":150,"alpha":3.162,"cost":4,"probabilities":"[0.18000000000000002, 0.4, 0.22, 0.2]","payoff_matrix":"[[-84, 244, -103, 105, -56, -37], [36, -69, 19, 205, 66, 146], [-88, -25, 136, -381, -207, 241], [248, 240, 289, -96, 292, -27]]","uncovered":[[22,18,6,14,15,10,2],[6,18,22,14,15,2,10],[2,22,10,6,18,14,23],[18,10,2,22,14,23],[14,2],[6,14],[2,14],[22,6,2,18,10,14,15],[18,2,14],[2,18,22,6,10,14,23],[18,10,22,2,14,15,6],[22,18,2,10,14,15,6],[6,22,2,18,10,14,23],[22,2,6,10,18,14,15],[18,2,22,6,14,23],[2,18,14],[6,2,10,22,18,14,15],[2,14],[10,18,14],[18,14],[14,2],[14,6],[22,2,14,23],[2,10,22,6,14,15,18],[18,2,10,6,22,14,15],[10,18,22,2,6,14,23],[10,6,2,18,14],[2,10,6,18,14],[22,18,10,14,23],[10,18,14],[22,2,14,15,6,10,18],[18,2,22,6,14,23],[6,18,14],[10,6,22,18,14,23],[14,18],[18,2,6,10,14],[6,18,10,14],[14,18],[2,6,14],[2,10,22,18,6,14,15],[10,6,18,14],[14,2],[10,2,14],[18,2,22,10,6,14,15],[10,6,22,14,15,18,2],[2,14],[14,18],[18,14],[10,6,18,14],[14,10],[22,2,14,15,18,10,6],[22,6,18,14,23],[14,22,15,18,6,2,10],[14,22,15,6,10,2,18],[6,10,14],[14,18],[22,2,14,23],[2,22,6,18,14,15,10],[6,14],[22,18,2,14,23],[2,6,14],[2,22,14,23],[18,2,14],[22,6,18,10,14,15,2],[10,18,6,22,2,14,15],[6,10,18,2,14],[14,2],[6,18,10,2,14],[14,18],[14,18],[6,22,14,15,2,18,10],[22,18,10,2,14,15,6],[22,10,18,2,14,23],[22,2,10,6,14,23],[10,18,22,14,15,6,2],[22,10,6,2,18,14,23],[18,6,10,22,2,14,23],[14,22,23],[18,14],[18,10,14],[2,6,14],[2,6,22,14,15,10,18],[18,10,22,6,14,15,2],[6,14],[18,14],[2,6,10,14],[2,14],[6,2,10,14],[14,10],[14,10],[10,14],[6,22,10,14,23],[22,18,2,14,23],[10,22,2,14,23],[22,18,14,23],[10,18,6,22,14,23],[22,10,2,14,23],[2,22,18,14,15,10,6],[6,10,22,18,2,14,23],[22,10,18,6,2,14,15],[2,18,10,6,14],[10,6,2,18,14],[14,18],[6,10,14],[10,2,18,22,6,14,23],[14,18],[18,6,10,14],[22,10,18,14,15,6,2],[6,22,18,2,14,15,10],[10,6,2,14],[10,2,18,22,14,23],[10,18,6,2,22,14,23],[18,22,14,23],[10,14],[2,10,6,22,14,23],[22,6,2,10,18,14,23],[10,6,2,22,18,14,15],[10,6,2,22,18,14,15],[6,14],[18,2,6,10,22,14,15],[18,10,6,2,22,14,23],[2,18,14],[2,14],[2,10,18,14],[22,10,14,23],[14,18],[10,22,18,6,2,14,23],[18,6,2,10,22,14,23],[22,6,2,10,14,23],[14,22,23],[10,2,6,22,18,14,23],[10,14],[2,22,18,6,14,23],[14,10],[10,18,2,6,22,14,23],[14,18],[2,18,10,22,6,14,23],[22,18,2,14,23],[10,22,14,15,2,18,6],[18,14],[22,10,2,18,14,23],[14,2],[18,22,14,23],[22,18,14,15,10,2,6],[22,2,14,23],[10,2,22,14,15,18,6],[2,6,14],[6,22,2,14,23],[2,6,22,10,18,14,15],[2,14],[10,14],[2,6,22,10,14,23],[22,2,6,10,18,14,15],[10,6,2,18,22,14,23],[14,18],[2,14],[2,18,10,14],[14,6],[14,2],[6,2,18,14],[2,22,18,14,15,10,6],[14,10],[6,18,22,2,14,15,10],[22,18,10,14,15,2,6],[6,18,10,14],[6,14],[6,22,14,23],[6,10,14],[2,10,14],[2,6,22,10,18,14,15],[22,14,23],[2,10,6,22,14,15,18],[18,6,22,10,2,14,15],[10,2,22,14,23],[18,6,14],[22,10,2,18,6,14,15],[10,14],[18,6,2,10,22,14,23],[14,22,15,10,2,6,18],[18,6,10,22,14,15,2],[14,10],[18,6,14],[6,22,10,2,14,15,18],[2,10,14],[18,6,10,2,22,14,23],[18,6,2,10,22,14,23],[10,14],[18,2,22,10,6,14,23],[18,22,10,2,6,14,15],[18,10,6,14],[2,22,6,10,14,23],[14,10],[18,10,6,14],[2,6,14],[6,22,2,10,18,14,23],[6,2,22,10,14,23],[22,18,6,10,2,14,23],[6,10,14],[6,18,10,2,14],[2,10,22,14,23],[14,6],[6,2,14],[18,14],[6,18,14],[14,22,23],[14,22,23],[22,2,10,18,6,14,23],[2,22,6,10,18,14,15],[10,18,2,22,14,15,6],[6,22,14,23],[14,18],[10,2,18,22,14,15,6],[18,2,6,10,22,14,15],[6,10,22,2,14,23],[18,10,6,14],[18,10,2,14],[14,22,15,6,18,10,2],[6,2,18,22,14,23],[18,2,10,6,14],[22,10,18,14,15,2,6],[10,18,22,2,14,23],[2,14],[2,18,14],[18,6,22,10,2,14,23],[2,18,6,22,10,14,15],[18,2,10,6,22,14,23],[22,6,10,2,18,14,15],[6,2,10,18,22,14,23],[14,6],[14,22,23],[6,18,14],[2,18,6,10,14],[18,2,22,14,15,10,6],[18,6,22,10,14,23],[6,10,2,18,14],[14,22,23],[22,6,14,23],[10,14],[2,6,18,14],[14,22,15,18,2,10,6],[14,10],[22,6,18,14,23],[22,14,23],[22,6,2,10,18,14,15],[22,10,14,15,2,18,6],[6,2,10,22,18,14,15],[6,14],[22,10,2,14,15,18,6],[18,2,22,6,14,23],[18,2,22,14,15,6,10],[2,14],[22,2,6,18,14,23],[18,22,10,6,2,14,15],[14,18],[18,10,6,22,2,14,23],[22,10,2,14,23],[14,22,23],[22,2,18,10,14,23],[10,18,14],[10,14],[18,10,14],[2,14],[6,10,2,22,14,23],[6,10,14],[22,14,23],[14,22,15,2,6,10,18],[2,6,10,18,22,14,15],[18,14],[14,10],[2,6,14],[6,2,14],[14,10],[22,10,14,23],[10,14],[10,22,2,18,6,14,15],[6,2,22,10,14,15,18],[2,10,14],[6,14],[22,6,2,14,15,18,10],[2,10,18,6,22,14,15],[14,6],[2,6,10,22,18,14,15],[18,10,6,2,22,14,23],[6,14],[2,10,14],[22,10,6,18,14,15,2],[14,10],[14,18],[18,14],[22,6,18,10,2,14,23],[22,18,2,14,15,6,10],[22,18,10,2,14,15,6],[14,2],[18,14],[22,6,18,2,14,15,10],[2,22,10,6,18,14,23],[6,22,2,10,14,23],[18,6,14],[18,14],[2,10,6,14],[22,14,23],[6,22,18,10,2,14,23],[14,18],[18,14],[18,6,22,2,10,14,15],[22,2,14,15,10,18,6],[2,10,18,14],[18,14],[18,6,22,2,10,14,23],[18,6,10,22,2,14,23],[6,10,22,14,15,2,18],[14,10],[18,2,22,14,23],[18,10,2,6,22,14,23],[10,2,22,14,23],[18,2,22,14,23],[6,18,2,14],[6,10,22,14,23],[14,22,15,6,18,10,2],[2,10,14],[2,10,14],[22,18,14,15,6,2,10],[22,10,6,2,14,15,18],[18,22,2,6,10,14,15],[18,22,14,23],[14,10],[2,6,14],[2,14],[6,18,22,10,14,15,2],[22,6,14,23],[6,10,18,22,14,23],[10,6,2,18,22,14,15],[22,10,2,14,15,6,18],[2,14],[2,10,14],[10,14],[18,10,22,2,6,14,15],[18,10,6,22,2,14,15],[18,2,10,14],[18,6,22,10,2,14,15],[2,6,14],[6,2,22,14,15,10,18],[2,10,22,18,6,14,23],[6,14],[22,14,15,6,18,2,10],[18,10,22,2,14,15,6],[2,14],[2,22,14,15,6,18,10],[18,22,10,6,2,14,23],[14,22,15,2,6,10,18],[14,10],[22,2,10,6,14,23],[14,22,23],[22,14,15,2,10,6,18],[2,10,22,14,15,6,18],[10,6,2,14],[18,2,6,14],[2,22,18,6,10,14,23],[6,22,2,14,23],[14,18],[2,22,6,14,23],[10,6,2,14],[14,6],[6,22,14,15,10,18,2],[22,14,15,18,2,10,6],[14,6],[10,14],[2,18,14],[18,6,22,10,14,23],[6,18,10,2,14],[2,10,14],[10,18,22,14,15,6,2],[18,10,6,14],[6,10,18,22,2,14,23],[22,18,10,2,6,14,15],[2,22,10,14,15,18,6],[18,6,14],[14,6],[22,6,14,15,2,18,10],[2,18,22,10,6,14,23],[14,18],[18,22,6,2,10,14,23],[22,14,23],[2,22,14,15,10,18,6],[10,6,22,18,14,15,2],[10,2,6,22,18,14,23],[10,14],[2,22,10,18,14,15,6],[18,2,22,10,6,14,15],[6,10,22,2,14,23],[10,18,6,14],[2,18,10,14],[18,22,14,15,6,10,2],[6,10,18,14],[18,22,14,15,6,2,10],[10,22,18,2,6,14,23],[22,6,10,2,14,23],[18,2,14],[10,6,14],[18,14],[22,2,10,18,6,14,15],[22,2,14,23],[22,10,14,23],[18,22,10,6,14,23],[18,6,2,14],[22,2,18,10,14,23],[10,18,6,14],[6,14],[14,10],[10,14],[2,10,18,14],[14,2],[22,6,18,14,23],[2,14],[14,10],[18,2,10,6,22,14,23],[18,22,2,14,15,10,6],[2,10,14],[10,18,14],[14,10],[6,14],[14,22,23],[22,2,10,6,14,15,18],[2,10,22,18,6,14,15],[18,2,14],[18,6,10,2,22,14,23],[22,10,2,18,6,14,23],[10,6,14],[14,6],[14,6],[22,6,2,14,23],[18,2,14],[6,22,10,2,14,15,18],[6,14],[10,2,18,6,22,14,15],[2,10,18,14],[6,18,2,14],[10,14],[18,10,14],[6,10,22,14,15,2,18],[22,2,6,10,14,15,18],[18,2,10,6,22,14,23],[10,6,14],[2,18,10,6,14],[22,10,2,18,14,15,6],[18,22,10,14,23],[22,10,14,15,2,18,6],[6,14],[10,22,18,6,14,15,2],[22,10,2,18,6,14,23],[6,14],[10,2,22,18,14,23],[2,14],[10,6,14],[6,22,14,23],[2,10,22,14,23],[2,22,10,18,14,23],[2,14],[18,14],[6,18,2,10,14],[22,10,14,23],[2,6,22,18,10,14,15],[22,2,14,15,18,6,10],[22,14,23],[2,14],[6,2,14],[2,14],[14,22,15,10,2,18,6],[22,6,14,15,18,2,10],[22,2,18,6,14,23],[22,18,10,6,14,15,2],[22,10,2,6,14,15,18],[14,22,23],[18,22,2,14,23],[10,18,22,2,6,14,15],[10,14],[6,18,14],[6,18,2,14],[18,10,2,6,22,14,15],[6,14],[14,18],[22,6,2,10,14,23],[2,6,10,14],[6,22,18,2,14,15,10],[18,14],[10,2,14],[6,10,14],[14,18],[14,2],[10,6,18,14],[22,2,10,14,23],[18,10,22,2,14,15,6],[22,18,2,6,10,14,15],[10,14],[10,18,22,6,2,14,15],[14,22,23],[22,14,23],[2,14],[22,2,14,23],[22,6,14,23],[6,2,18,10,22,14,23],[10,22,6,14,23],[14,22,23],[10,14],[14,2],[14,2],[18,10,6,2,22,14,15],[22,14,23],[6,10,2,18,14],[6,22,10,18,14,23],[10,6,14],[2,22,10,18,14,23],[6,14],[22,18,2,14,15,10,6],[2,6,14],[22,10,18,14,15,6,2],[18,14],[6,14],[18,2,14],[2,18,14],[6,10,22,18,2,14,15],[6,2,18,10,14],[6,18,14],[18,6,22,10,2,14,23],[18,22,10,2,6,14,15],[10,22,6,14,15,2,18],[18,14],[14,6],[2,14],[6,18,22,14,23],[2,18,22,6,14,23],[6,2,14],[14,18],[18,14],[22,10,14,23],[2,18,10,6,22,14,23],[18,14],[10,14],[6,2,10,18,22,14,23],[6,18,10,2,22,14,23],[2,22,14,23],[22,14,15,10,2,6,18],[10,18,2,14],[6,10,2,14],[18,22,2,10,6,14,23],[22,18,10,14,15,6,2],[2,10,14],[2,14],[22,14,15,18,2,10,6],[22,6,10,14,15,18,2],[14,22,23],[2,10,14],[2,6,10,22,14,23],[10,2,14],[14,2],[10,14],[18,2,14],[18,14],[2,10,14],[10,22,6,2,18,14,15],[6,22,10,14,15,2,18],[10,2,22,6,14,23],[2,22,6,10,18,14,15],[6,10,22,2,14,15,18],[14,18],[22,10,2,14,23],[6,22,10,14,23],[6,10,2,18,14],[2,18,14],[18,10,6,22,2,14,15],[22,2,18,6,10,14,15],[10,6,22,18,14,15,2],[2,6,10,22,18,14,23],[14,10],[6,14],[2,22,18,14,23],[6,18,14],[10,2,6,14],[18,22,14,23],[18,2,14],[18,22,6,2,14,23],[2,14],[2,6,22,14,15,18,10],[2,22,14,23],[2,6,22,14,23],[14,10],[2,10,22,14,15,18,6],[18,10,14],[14,22,23],[14,6],[10,22,2,6,14,23],[6,22,10,14,15,18,2],[2,18,10,22,6,14,23],[2,18,10,22,14,15,6],[18,22,14,23],[18,14],[22,14,15,10,2,6,18],[6,22,14,15,10,18,2],[6,14],[18,6,22,2,10,14,23],[22,6,18,2,14,23],[2,6,14],[10,6,18,14],[6,14],[22,2,10,14,15,6,18],[2,10,18,22,14,15,6],[18,22,10,6,14,15,2],[6,10,2,14],[22,10,14,15,18,6,2],[6,2,22,10,18,14,15],[2,18,10,14],[14,10],[10,6,22,14,15,2,18],[14,6],[2,14],[22,10,2,6,18,14,23],[14,22,15,2,18,10,6],[2,6,22,10,18,14,23],[2,10,14],[10,14],[18,10,14],[22,18,10,14,15,2,6],[22,18,14,15,10,2,6],[2,14],[18,22,6,14,23],[18,2,14],[2,18,10,6,22,14,15],[6,10,22,14,15,2,18],[22,6,18,14,15,2,10],[10,22,6,14,23],[10,18,22,6,14,23],[18,14],[22,14,15,6,2,18,10],[18,14],[22,18,6,2,10,14,15],[14,2],[10,14],[2,14],[14,2],[22,10,14,15,18,6,2],[10,2,14],[6,10,2,18,14],[18,2,14],[2,6,18,14],[14,18],[2,6,18,22,14,23],[10,22,6,18,14,23],[6,22,10,14,23],[10,2,18,22,14,23],[10,22,14,23],[22,10,18,14,15,6,2],[10,14],[2,6,22,14,15,10,18],[14,22,23],[6,10,22,14,23],[14,2],[2,6,18,10,14],[14,22,15,18,2,10,6],[6,18,2,22,14,15,10],[22,10,6,14,15,2,18],[2,6,10,18,22,14,23],[14,22,15,10,18,6,2],[14,22,23],[6,22,14,15,10,2,18],[10,14],[18,10,6,22,2,14,23],[6,18,10,2,14],[10,18,22,6,14,23],[22,10,6,18,2,14,15],[22,2,14,15,10,18,6],[10,22,14,15,2,6,18],[2,14],[18,2,6,22,10,14,15],[6,18,10,2,14],[18,2,10,6,14],[10,2,22,18,14,15,6],[14,10],[14,18],[10,6,2,14],[10,14],[6,18,22,14,23],[18,22,6,10,14,15,2],[2,10,22,6,18,14,15],[6,10,18,22,2,14,15],[14,22,23],[14,22,23],[10,6,22,14,15,2,18],[18,22,2,14,23],[6,10,2,18,14],[10,22,6,14,15,2,18],[14,6],[10,2,18,22,6,14,23],[14,10],[2,18,10,14],[14,6],[18,14],[14,6],[6,22,2,14,23],[2,18,22,6,10,14,23],[6,22,14,15,18,2,10],[14,10],[14,2],[18,10,2,6,22,14,15],[18,22,6,14,23],[14,2],[14,22,15,2,18,10,6],[14,6],[14,6],[22,2,6,18,14,15,10],[2,18,22,14,23],[22,10,18,2,14,15,6],[22,18,14,15,2,10,6],[18,14],[6,22,14,15,10,18,2],[6,14],[2,22,14,23],[14,6],[22,18,10,6,2,14,15],[2,14],[10,14],[18,22,10,2,14,23],[6,18,22,2,14,15,10],[2,18,14],[6,2,18,10,22,14,23],[14,18],[14,18],[18,14],[14,10],[14,6],[14,22,15,2,10,6,18],[22,14,23],[2,14],[18,22,6,10,2,14,15],[6,22,10,14,15,18,2],[10,14],[14,6],[14,6],[18,6,22,2,14,23],[10,22,14,23],[14,10],[14,2],[6,22,10,2,14,23],[18,22,10,6,14,15,2],[14,2],[10,2,14],[18,6,22,14,15,2,10],[2,10,14],[18,14],[18,10,2,14],[6,10,2,22,18,14,23],[22,6,14,23],[22,14,15,6,18,2,10],[22,18,14,15,6,2,10],[14,18],[6,18,14],[2,22,6,14,15,10,18],[6,2,18,14],[22,18,6,2,14,15,10],[22,2,6,10,18,14,23],[6,18,22,14,23],[14,2],[10,2,22,18,6,14,15],[18,2,10,22,6,14,23],[22,2,6,18,10,14,23],[14,22,15,6,2,10,18],[6,2,14],[10,18,22,6,14,23],[14,2],[14,2],[22,18,14,15,6,2,10],[10,14],[22,14,15,10,2,18,6],[6,14],[22,18,14,15,2,10,6],[2,18,10,14],[6,22,2,18,10,14,15],[18,14],[14,18],[14,6],[10,22,2,14,23],[10,6,18,2,14],[2,18,6,22,10,14,15],[6,18,2,14],[2,10,22,14,15,18,6],[18,22,10,14,23],[10,18,14],[14,22,15,2,18,10,6],[6,2,18,14],[18,14],[18,10,14],[10,18,22,6,14,23],[18,10,14],[2,10,6,18,14],[6,10,22,18,14,15,2],[2,18,6,10,22,14,15],[10,6,22,14,23],[6,2,22,14,23],[2,14],[22,2,14,23],[10,6,18,14],[18,14],[6,14],[22,18,2,6,10,14,23],[10,14],[14,18],[10,2,22,18,6,14,15],[10,18,14],[22,10,6,2,14,23],[6,22,14,15,18,10,2],[22,14,15,18,2,10,6],[22,10,18,6,2,14,15],[22,10,14,23],[2,18,14],[6,2,18,22,14,23],[2,10,6,22,14,15,18],[18,22,6,2,14,15,10],[6,18,14],[18,14],[6,14],[22,14,15,18,10,2,6],[6,18,2,14],[14,18],[14,6],[22,2,6,14,15,10,18],[10,22,6,2,14,23],[22,18,14,23],[18,10,6,2,22,14,15],[22,18,6,10,14,15,2],[18,2,10,14],[14,10],[10,6,22,14,23],[2,14],[6,22,2,14,23],[10,18,14],[22,10,14,23],[22,2,6,10,14,23],[10,18,22,6,14,23],[10,22,2,6,14,23],[10,6,14],[2,18,10,6,22,14,15],[22,18,2,14,23],[6,10,22,14,15,18,2],[2,18,14],[14,2],[2,6,10,22,18,14,23],[22,18,10,2,14,15,6],[2,6,22,14,15,18,10],[10,6,14],[6,18,10,2,14],[6,22,14,23],[2,18,6,14],[2,18,14],[10,2,14],[14,2],[22,2,18,14,15,10,6],[22,6,2,18,10,14,23],[22,18,2,14,15,6,10],[14,10],[10,6,2,22,18,14,23],[10,14],[2,14],[14,10],[14,10],[6,2,22,18,10,14,15],[6,2,10,22,14,15,18],[2,10,6,14],[22,14,15,10,6,18,2],[10,14],[18,2,6,22,14,23],[6,18,2,10,14],[2,10,14],[2,18,22,14,23],[2,6,22,18,10,14,23],[2,14],[14,6],[2,10,14],[22,14,23],[6,14],[6,2,22,10,14,15,18],[22,18,2,6,14,15,10],[22,14,15,10,2,6,18],[10,2,18,22,14,15,6],[22,18,6,10,14,23],[2,18,14],[10,22,14,15,2,18,6],[10,22,2,6,14,15,18],[6,22,2,18,14,23],[2,10,6,14],[10,18,6,14],[2,10,14],[6,22,14,15,18,10,2],[18,2,14],[22,2,18,14,23],[10,14],[14,6],[2,18,10,22,14,15,6],[18,2,22,10,6,14,23],[10,14],[14,18],[6,18,14],[2,22,10,18,6,14,15],[6,10,22,18,14,23],[6,18,10,14],[2,10,22,18,14,23],[6,14],[10,14],[18,6,10,22,14,23],[10,22,6,2,18,14,23],[18,6,2,14],[18,6,10,22,14,23],[2,10,6,14],[10,6,2,18,22,14,15],[22,10,6,14,23],[6,10,22,2,18,14,15],[22,14,15,6,10,18,2],[22,18,10,14,15,6,2],[6,2,10,18,14],[6,2,10,18,22,14,23],[6,22,2,14,15,10,18],[6,10,14],[6,18,22,10,2,14,23],[2,18,6,10,22,14,23],[14,10],[10,6,14],[22,14,15,10,18,2,6],[22,2,18,6,10,14,23],[22,18,2,14,23],[22,18,10,2,6,14,15],[2,14],[10,18,6,14],[6,2,14],[2,14],[22,10,14,23],[6,10,2,22,18,14,15],[14,6],[6,14],[10,18,2,14],[22,14,15,2,18,10,6],[6,2,10,18,22,14,23],[18,22,2,6,14,23],[14,22,15,6,2,18,10],[14,22,15,6,18,2,10],[6,18,10,2,14],[18,10,22,6,2,14,15],[14,2],[2,14],[22,14,15,10,2,6,18],[6,10,2,18,14],[10,22,14,23],[2,14],[22,18,10,2,14,23],[22,2,6,18,14,23],[14,6],[14,22,15,10,2,18,6],[2,6,18,10,14],[6,14],[2,18,10,14],[6,18,2,10,22,14,23],[18,10,14],[10,22,14,15,6,18,2],[18,6,10,2,22,14,15],[22,6,2,14,23],[14,2],[6,18,14],[2,10,22,18,6,14,15],[22,14,23],[2,18,10,22,6,14,23],[14,10],[18,10,2,14],[10,6,2,14],[6,2,18,22,14,15,10],[2,10,14],[18,14],[2,10,22,6,14,15,18],[2,10,14],[18,10,22,6,2,14,15],[18,2,10,14],[22,6,10,2,18,14,15],[6,2,14],[10,14],[14,22,15,18,6,2,10],[18,10,22,2,14,23],[14,2],[6,22,10,2,18,14,15],[14,10],[18,2,10,6,14],[2,6,10,14],[14,22,15,18,6,10,2],[6,10,22,14,15,18,2],[22,10,6,2,14,23],[2,14],[2,22,6,10,14,15,18],[14,18],[10,2,6,18,22,14,23],[14,6],[2,18,6,22,10,14,15],[2,14],[22,14,15,18,2,6,10],[6,14],[14,22,15,2,6,18,10]],"n_human":7}