{"problem_id":"e1CCsYsRBIgd2zM","sigma":150,"alpha":0.100,"cost":2,"probabilities":"[0.01, 0.24, 0.26, 0.49]","payoff_matrix":"[[-20, 79, -22, -355, 151, -38], [-130, 37, -156, -55, 407, -161], [-145, -8, 54, -145, 151, 150], [142, 29, 124, -70, 58, 55]]","uncovered":[[20,24,8,12,4,11,3,16,19,10,23,22,18],[8,24,4,16,20,12,11,3,19,18],[24,12,4,3,20,8,16,11,19,18],[12,20,16,8,4,3,24,11,19,18],[12,4,11,3,8,16,20,24,19,10,23,22,18],[16,4,8,12,11,3,24,20,19,10,23,18],[16,20,12,4,3,8,24,11,19,18],[24,20,4,12,3,16,8,11,19,10,23,18],[12,20,16,8,24,4,3,11,19,10,23,18],[24,8,20,12,16,4,11,3,19,10,23,18],[12,8,24,16,4,11,3,20,19,10,23,22,18],[12,8,20,4,11,3,24,16,19,18],[16,24,20,12,8,4,11,3,19,18],[8,24,4,12,11,3,16,20,19,18],[16,24,4,8,12,3,20,11,19,18],[4,16,20,24,12,11,3,8,19,18],[12,4,11,3,20,16,8,24,19,10,23,18],[24,8,16,20,12,4,11,3,19,10,23,18],[8,24,12,4,11,3,20,16,19,18],[20,8,24,4,16,12,11,3,19,10,23,18],[8,20,4,24,16,12,11,3,19,10,23,18],[20,4,24,16,8,12,11,3,19,18],[24,8,16,20,4,12,11,3,19,18],[12,8,20,4,3,16,24,11,19,10,23,18],[20,4,24,8,16,12,11,3,19,10,23,18],[20,12,4,11,3,24,8,16,19,18],[12,24,4,11,3,20,16,8,19,18],[4,8,24,16,12,11,3,20,19,10,23,18],[12,20,4,11,3,16,8,24,19,18],[12,24,8,20,16,4,3,11,19,10,23,22,18],[16,8,12,4,3,20,24,11,19,10,23,18],[4,20,12,3,8,24,16,11,19,10,23,22,18],[24,8,20,12,16,4,11,3,19,10,23,22,18],[24,16,8,4,20,12,3,11,19,18],[4,8,20,24,16,12,3,11,19,10,23,18],[16,24,8,4,12,3,20,11,19,18],[4,24,8,20,16,12,11,3,19,10,23,18],[8,4,12,3,24,16,20,11,19,18],[16,8,24,12,20,4,3,11,19,18],[20,4,16,12,3,24,8,11,19,18],[4,12,3,20,8,24,16,11,19,18],[24,20,16,8,12,4,3,11,19,10,23,18],[20,8,12,4,3,24,16,11,19,18],[12,16,8,24,20,4,3,11,19,18],[24,4,8,20,12,3,16,11,19,10,23,22,18],[20,8,16,24,12,4,3,11,19,10,23,18],[16,12,8,24,4,11,3,20,19,18],[16,12,20,4,3,8,24,11,19,18],[4,16,8,24,20,12,11,3,19,18],[4,24,16,8,12,11,3,20,19,10,23,18],[16,20,12,4,3,24,8,11,19,10,23,18],[8,12,16,20,24,4,11,3,19,18],[12,8,20,16,4,3,24,11,19,18],[12,16,8,4,3,24,20,11,19,10,23,22,18],[16,24,20,12,8,4,11,3,19,10,23,18],[20,24,16,4,12,3,8,11,19,10,23,18],[20,4,12,11,3,24,16,8,19,10,23,18],[8,12,20,16,24,4,3,11,19,10,23,22,18],[24,16,8,20,12,4,3,11,19,10,23,22,18],[12,16,24,4,3,8,20,11,19,18],[20,12,4,3,8,16,24,11,19,10,23,22,18],[12,24,20,4,3,8,16,11,19,18],[8,12,24,20,16,4,3,11,19,18],[16,8,12,20,24,4,3,11,19,10,23,18],[20,8,16,24,12,4,11,3,19,18],[20,4,12,3,24,8,16,11,19,18],[20,4,8,16,12,3,24,11,19,18],[24,4,8,16,20,12,3,11,19,18],[12,24,4,11,3,16,8,20,19,10,23,22,18],[24,8,16,4,20,12,11,3,19,10,23,18],[16,8,24,12,4,11,3,20,19,10,23,22,18],[8,4,20,12,11,3,16,24,19,10,23,22,18],[4,24,12,11,3,8,16,20,19,10,23,18],[8,24,20,16,12,4,3,11,19,10,23,18],[8,20,12,16,4,11,3,24,19,10,23,22,18],[4,8,24,20,12,11,3,16,19,10,23,22,18],[20,4,12,3,8,24,16,11,19,10,23,18],[20,4,12,3,8,16,24,11,19,10,23,22,18],[20,16,8,4,12,3,24,11,19,10,23,18],[20,24,16,4,12,3,8,11,19,10,23,18],[8,12,24,20,16,4,11,3,19,18],[20,8,24,12,16,4,3,11,19,10,23,22,18],[12,4,11,3,8,20,16,24,19,18],[16,20,8,24,4,12,11,3,19,18],[8,20,4,16,24,12,3,11,19,10,23,22,18],[20,16,4,24,8,12,3,11,19,18],[24,8,20,16,4,12,11,3,19,18],[12,16,4,3,8,20,24,11,19,10,23,22,18],[20,4,24,12,11,3,16,8,19,18],[24,16,8,4,20,12,11,3,19,10,23,22,18],[20,24,16,12,4,3,8,11,19,18],[24,12,20,4,3,16,8,11,19,10,23,22,18],[16,4,8,12,11,3,24,20,19,18],[4,24,16,8,12,11,3,20,19,18],[24,4,8,16,12,11,3,20,19,10,23,22,18],[24,20,12,16,8,4,11,3,19,10,23,22,18],[8,20,4,16,12,3,24,11,19,10,23,18],[8,24,20,12,4,11,3,16,19,10,23,22,18],[16,20,24,4,8,12,3,11,19,10,23,18],[24,16,12,8,4,3,20,11,19,18],[20,4,16,12,11,3,24,8,19,10,23,22,18],[8,4,12,11,3,24,16,20,19,10,23,18],[4,12,3,20,16,8,24,11,19,10,23,22,18],[16,12,20,8,4,3,24,11,19,10,23,22,18],[16,4,20,24,8,12,3,11,19,18],[4,12,11,3,20,24,16,8,19,18],[12,4,3,8,20,24,16,11,19,18],[12,8,16,4,3,24,20,11,19,18],[8,4,24,12,3,16,20,11,19,10,23,22,18],[16,24,4,8,12,11,3,20,19,10,23,22,18],[16,24,20,12,8,4,3,11,19,10,23,18],[24,16,8,20,12,4,11,3,19,18],[20,12,4,11,3,8,24,16,19,18],[4,12,3,20,24,8,16,11,19,10,23,18],[24,12,16,4,11,3,20,8,19,18],[12,16,20,24,8,4,11,3,19,18],[4,12,3,20,16,8,24,11,19,18],[12,16,4,11,3,8,24,20,19,18],[8,20,12,24,4,3,16,11,19,18],[8,12,24,4,3,20,16,11,19,18],[20,12,8,16,4,11,3,24,19,10,23,22,18],[12,16,24,8,20,4,3,11,19,10,23,18],[12,16,20,24,8,4,3,11,19,18],[8,12,24,4,3,16,20,11,19,18],[8,12,16,4,11,3,20,24,19,18],[4,16,8,24,12,11,3,20,19,18],[4,16,24,12,11,3,8,20,19,18],[24,12,16,4,11,3,20,8,19,10,23,18],[20,16,12,24,4,3,8,11,19,18],[20,24,16,8,12,4,3,11,19,18],[20,4,24,8,16,12,3,11,19,18],[12,8,24,4,3,20,16,11,19,10,23,22,18],[20,4,24,12,11,3,16,8,19,18],[16,20,8,4,12,3,24,11,19,10,23,18],[8,12,20,16,24,4,3,11,19,18],[16,12,8,24,20,4,3,11,19,18],[24,4,8,12,11,3,16,20,19,18],[8,4,20,24,16,12,11,3,19,18],[16,8,4,12,3,20,24,11,19,18],[16,20,4,8,24,12,11,3,19,10,23,18],[4,12,3,24,20,8,16,11,19,18],[16,4,20,12,3,24,8,11,19,10,23,18],[20,16,24,8,4,12,11,3,19,18],[8,20,12,4,3,24,16,11,19,18],[24,12,4,11,3,16,20,8,19,18],[12,24,20,4,11,3,8,16,19,18],[12,4,3,16,20,8,24,11,19,10,23,22,18],[12,20,4,3,24,16,8,11,19,18],[24,4,8,16,12,3,20,11,19,18],[16,20,24,4,12,11,3,8,19,10,23,22,18],[20,8,12,24,4,3,16,11,19,10,23,18],[20,12,16,24,4,11,3,8,19,10,23,22,18],[20,4,12,11,3,24,8,16,19,10,23,22,18],[12,16,24,4,11,3,8,20,19,10,23,22,18],[8,20,4,24,12,11,3,16,19,10,23,22,18],[8,12,4,11,3,20,16,24,19,10,23,18],[20,16,24,4,8,12,11,3,19,18],[20,12,8,24,16,4,11,3,19,18],[16,20,12,4,3,8,24,11,19,10,23,22,18],[4,12,3,16,24,20,8,11,19,10,23,22,18],[24,4,12,3,16,8,20,11,19,18],[4,12,3,16,20,8,24,11,19,10,23,22,18],[12,8,20,16,4,3,24,11,19,10,23,18],[8,12,20,24,16,4,3,11,19,10,23,18],[24,12,8,20,16,4,11,3,19,18],[16,20,12,24,4,11,3,8,19,10,23,22,18],[24,20,4,16,12,3,8,11,19,10,23,22,18],[24,20,4,12,11,3,8,16,19,18],[4,16,24,8,12,3,20,11,19,18],[24,16,4,12,11,3,20,8,19,18],[4,20,8,24,12,3,16,11,19,10,23,18],[20,12,8,16,4,3,24,11,19,10,23,18],[24,16,20,4,8,12,3,11,19,10,23,22,18],[8,12,4,3,24,16,20,11,19,10,23,22,18],[12,8,20,16,4,3,24,11,19,10,23,22,18],[12,4,3,16,20,8,24,11,19,18],[12,16,24,8,20,4,11,3,19,10,23,18],[24,4,16,8,20,12,3,11,19,10,23,22,18],[8,12,20,16,4,11,3,24,19,18],[24,8,12,4,11,3,16,20,19,18],[16,4,8,12,11,3,24,20,19,18],[20,24,4,12,11,3,16,8,19,18],[8,20,4,16,12,11,3,24,19,10,23,18],[16,12,20,24,4,11,3,8,19,18],[4,20,8,12,3,16,24,11,19,10,23,22,18],[24,16,20,4,8,12,11,3,19,18],[16,12,4,11,3,8,24,20,19,18],[24,4,8,16,20,12,3,11,19,18],[12,20,24,4,11,3,16,8,19,10,23,22,18],[24,12,20,8,16,4,11,3,19,10,23,18],[24,12,4,11,3,8,16,20,19,10,23,18],[8,4,12,11,3,20,16,24,19,10,23,18],[8,16,12,24,20,4,3,11,19,10,23,18],[4,24,16,8,20,12,3,11,19,10,23,22,18],[20,8,16,12,4,3,24,11,19,18],[12,20,8,24,4,3,16,11,19,18],[24,4,12,3,16,20,8,11,19,10,23,18],[8,4,12,11,3,24,20,16,19,18],[16,12,4,11,3,24,20,8,19,18],[8,24,20,4,12,11,3,16,19,18],[8,24,12,20,4,11,3,16,19,10,23,22,18],[8,12,24,4,11,3,20,16,19,10,23,22,18],[24,20,8,16,4,12,3,11,19,18],[8,4,12,3,24,20,16,11,19,18],[16,8,4,24,12,3,20,11,19,18],[4,16,20,24,8,12,3,11,19,10,23,22,18],[16,12,20,4,11,3,24,8,19,10,23,18],[16,12,24,4,3,8,20,11,19,18],[20,4,24,16,8,12,11,3,19,18],[24,4,8,12,3,20,16,11,19,18],[16,24,12,20,4,11,3,8,19,10,23,22,18],[24,20,4,16,8,12,3,11,19,18],[16,20,8,4,12,11,3,24,19,10,23,18],[12,4,3,8,20,24,16,11,19,10,23,22,18],[20,4,16,12,11,3,8,24,19,10,23,22,18],[16,24,12,4,11,3,20,8,19,18],[20,24,16,12,8,4,3,11,19,10,23,18],[24,12,16,20,8,4,11,3,19,18],[8,24,12,4,3,16,20,11,19,10,23,18],[8,16,20,4,12,3,24,11,19,18],[8,12,16,24,20,4,3,11,19,18],[8,4,20,16,24,12,11,3,19,10,23,22,18],[16,24,12,4,3,8,20,11,19,10,23,22,18],[4,20,8,24,16,12,3,11,19,18],[24,8,16,4,20,12,3,11,19,18],[4,12,3,20,8,24,16,11,19,10,23,22,18],[12,4,11,3,8,16,24,20,19,10,23,18],[24,8,12,16,20,4,3,11,19,18],[8,12,20,4,11,3,16,24,19,10,23,18],[20,8,16,4,24,12,11,3,19,10,23,22,18],[20,8,16,4,12,3,24,11,19,10,23,22,18],[16,20,4,8,12,3,24,11,19,10,23,22,18],[12,20,4,3,16,8,24,11,19,18],[12,8,20,16,4,3,24,11,19,18],[12,4,3,8,24,16,20,11,19,10,23,18],[8,20,16,4,12,11,3,24,19,10,23,22,18],[16,8,24,20,12,4,11,3,19,10,23,22,18],[4,20,24,16,12,3,8,11,19,10,23,22,18],[20,16,4,24,8,12,11,3,19,18],[16,8,24,12,4,3,20,11,19,10,23,18],[12,24,20,8,16,4,11,3,19,10,23,22,18],[16,20,24,4,12,3,8,11,19,10,23,22,18],[20,8,12,4,11,3,16,24,19,10,23,22,18],[20,16,8,4,24,12,3,11,19,10,23,22,18],[24,8,20,16,12,4,3,11,19,18],[16,8,20,24,4,12,11,3,19,10,23,18],[24,8,20,4,12,3,16,11,19,18],[24,12,4,11,3,20,16,8,19,18],[8,20,24,16,12,4,11,3,19,18],[24,16,8,4,12,3,20,11,19,10,23,22,18],[8,12,4,3,16,24,20,11,19,10,23,22,18],[20,24,16,4,12,3,8,11,19,18],[16,24,8,12,4,11,3,20,19,18],[12,16,20,4,11,3,24,8,19,18],[8,24,16,20,4,12,3,11,19,10,23,22,18],[12,20,8,24,4,3,16,11,19,18],[20,24,16,12,8,4,3,11,19,18],[24,4,16,12,11,3,8,20,19,10,23,18],[4,20,24,8,16,12,11,3,19,10,23,22,18],[16,20,24,8,12,4,3,11,19,18],[20,4,16,24,8,12,3,11,19,10,23,22,18],[8,20,12,4,3,24,16,11,19,18],[24,16,12,4,3,20,8,11,19,10,23,18],[12,8,16,24,4,3,20,11,19,10,23,18],[12,20,4,11,3,16,8,24,19,10,23,22,18],[20,16,8,12,24,4,3,11,19,18],[16,8,12,20,4,11,3,24,19,18],[24,12,4,3,8,16,20,11,19,10,23,22,18],[20,8,12,24,4,11,3,16,19,18],[24,20,4,8,12,3,16,11,19,18],[20,4,24,16,12,11,3,8,19,10,23,18],[20,8,4,16,24,12,3,11,19,10,23,22,18],[8,16,12,20,4,11,3,24,19,10,23,18],[12,16,4,11,3,8,24,20,19,18],[20,8,24,16,12,4,11,3,19,18],[8,16,12,24,4,3,20,11,19,10,23,18],[20,8,16,24,4,12,3,11,19,18],[12,20,16,8,24,4,3,11,19,18],[8,16,20,4,12,3,24,11,19,18],[4,8,20,12,11,3,24,16,19,18],[16,4,24,20,8,12,11,3,19,18],[24,8,16,20,4,12,3,11,19,18],[20,12,24,16,4,11,3,8,19,10,23,22,18],[24,20,4,8,12,11,3,16,19,18],[12,24,20,16,8,4,3,11,19,10,23,18],[20,24,16,4,8,12,11,3,19,18],[8,4,16,12,11,3,20,24,19,10,23,22,18],[20,16,24,8,12,4,3,11,19,18],[16,24,4,8,12,11,3,20,19,10,23,18],[20,4,8,24,12,3,16,11,19,18],[8,20,16,24,12,4,3,11,19,18],[24,12,16,8,4,3,20,11,19,18],[16,4,24,20,8,12,3,11,19,18],[12,20,24,4,3,8,16,11,19,10,23,18],[8,4,16,12,11,3,24,20,19,18],[24,8,4,16,12,11,3,20,19,18],[24,20,12,4,11,3,16,8,19,18],[16,12,24,20,8,4,3,11,19,18],[12,16,24,4,3,8,20,11,19,10,23,22,18],[8,20,12,4,3,24,16,11,19,10,23,22,18],[20,4,8,16,24,12,3,11,19,18],[4,8,16,12,3,20,24,11,19,18],[20,24,8,12,4,11,3,16,19,18],[16,20,4,24,8,12,3,11,19,10,23,22,18],[24,16,20,4,8,12,3,11,19,18],[24,4,20,16,12,11,3,8,19,10,23,22,18],[4,16,12,3,24,20,8,11,19,10,23,22,18],[4,24,8,16,20,12,3,11,19,10,23,18],[12,24,8,16,4,11,3,20,19,18],[16,8,20,12,24,4,3,11,19,10,23,22,18],[20,24,12,8,4,11,3,16,19,10,23,18],[24,16,4,12,11,3,20,8,19,18],[20,12,16,24,8,4,11,3,19,18],[24,8,4,12,3,16,20,11,19,10,23,18],[24,16,20,8,4,12,11,3,19,18],[16,12,20,8,4,11,3,24,19,10,23,22,18],[24,8,4,20,16,12,3,11,19,10,23,22,18],[12,16,8,24,4,3,20,11,19,10,23,22,18],[24,16,20,4,12,11,3,8,19,18],[24,16,4,20,12,11,3,8,19,18],[20,12,4,3,24,16,8,11,19,10,23,22,18],[8,24,12,4,3,16,20,11,19,18],[20,24,16,8,4,12,11,3,19,10,23,22,18],[24,4,12,11,3,20,16,8,19,18],[4,24,12,11,3,20,16,8,19,18],[20,12,24,8,16,4,3,11,19,18],[16,20,12,4,11,3,24,8,19,10,23,18],[20,4,16,8,12,3,24,11,19,18],[24,8,20,12,16,4,3,11,19,18],[4,24,16,8,12,3,20,11,19,18],[8,16,24,4,12,11,3,20,19,10,23,22,18],[12,8,20,24,4,11,3,16,19,10,23,18],[8,16,4,12,11,3,24,20,19,18],[8,12,20,4,11,3,24,16,19,18],[4,8,16,12,11,3,24,20,19,18],[24,4,8,12,11,3,20,16,19,18],[12,24,8,16,4,11,3,20,19,18],[16,20,8,12,24,4,3,11,19,10,23,18],[8,12,4,11,3,16,20,24,19,10,23,22,18],[20,16,8,4,24,12,11,3,19,10,23,22,18],[8,16,4,20,24,12,3,11,19,10,23,22,18],[24,20,16,4,12,3,8,11,19,18],[24,12,4,3,8,16,20,11,19,18],[8,16,24,12,20,4,11,3,19,18],[20,8,12,16,4,11,3,24,19,10,23,18],[4,16,8,20,12,11,3,24,19,10,23,18],[4,20,16,12,11,3,24,8,19,10,23,22,18],[4,12,11,3,20,8,16,24,19,18],[16,4,24,8,20,12,11,3,19,18],[12,8,4,11,3,16,24,20,19,10,23,18],[8,20,24,4,12,3,16,11,19,18],[12,8,20,16,24,4,11,3,19,18],[12,4,3,20,24,16,8,11,19,10,23,22,18],[24,12,20,16,8,4,3,11,19,10,23,22,18],[16,4,12,3,8,20,24,11,19,18],[8,16,4,24,12,3,20,11,19,10,23,22,18],[8,24,12,16,4,11,3,20,19,18],[12,24,4,3,16,20,8,11,19,10,23,22,18],[20,4,24,8,16,12,11,3,19,18],[20,12,8,16,24,4,3,11,19,10,23,22,18],[24,16,8,20,12,4,11,3,19,10,23,22,18],[8,12,4,3,16,20,24,11,19,10,23,22,18],[4,16,24,8,20,12,11,3,19,10,23,18],[24,4,12,3,8,20,16,11,19,18],[8,20,4,24,12,11,3,16,19,18],[16,4,8,20,12,11,3,24,19,18],[12,4,3,8,24,16,20,11,19,10,23,18],[16,8,24,4,12,3,20,11,19,10,23,18],[4,20,16,12,3,8,24,11,19,18],[16,20,4,12,11,3,24,8,19,18],[12,8,24,4,11,3,20,16,19,18],[4,16,24,12,3,8,20,11,19,10,23,18],[16,12,8,20,24,4,3,11,19,10,23,22,18],[12,8,20,24,16,4,3,11,19,10,23,18],[20,12,24,16,4,3,8,11,19,10,23,22,18],[8,24,20,16,12,4,11,3,19,18],[4,8,24,16,12,11,3,20,19,10,23,22,18],[12,20,4,3,16,8,24,11,19,18],[24,8,20,4,16,12,11,3,19,18],[12,16,20,8,24,4,3,11,19,18],[4,24,8,16,12,3,20,11,19,18],[8,20,12,24,4,11,3,16,19,18],[20,8,24,12,4,11,3,16,19,10,23,18],[12,20,24,8,16,4,3,11,19,10,23,18],[24,20,16,4,12,11,3,8,19,10,23,22,18],[4,20,16,12,11,3,24,8,19,10,23,18],[8,16,24,4,12,3,20,11,19,10,23,22,18],[12,4,11,3,20,8,16,24,19,10,23,22,18],[24,12,20,8,4,3,16,11,19,10,23,18],[24,20,4,16,12,3,8,11,19,10,23,22,18],[12,24,8,20,4,11,3,16,19,10,23,18],[12,16,4,11,3,24,20,8,19,10,23,18],[12,16,4,11,3,8,20,24,19,18],[4,8,20,16,24,12,11,3,19,10,23,18],[16,24,8,20,4,12,11,3,19,18],[16,8,12,4,11,3,24,20,19,18],[8,12,16,24,20,4,11,3,19,10,23,18],[8,16,24,4,20,12,3,11,19,10,23,18],[16,8,12,24,4,11,3,20,19,10,23,18],[24,16,4,20,8,12,11,3,19,10,23,22,18],[24,8,12,4,11,3,20,16,19,18],[16,20,4,8,24,12,11,3,19,10,23,18],[24,16,8,20,4,12,3,11,19,10,23,22,18],[12,8,24,20,16,4,3,11,19,10,23,18],[8,20,24,4,16,12,3,11,19,10,23,22,18],[8,20,16,4,24,12,11,3,19,18],[4,16,12,11,3,20,24,8,19,18],[24,8,4,20,16,12,11,3,19,10,23,18],[12,24,20,8,16,4,11,3,19,18],[16,8,20,12,4,11,3,24,19,10,23,22,18],[20,4,12,11,3,8,24,16,19,18],[20,4,24,12,11,3,8,16,19,10,23,18],[24,8,4,16,12,11,3,20,19,10,23,18],[8,12,20,4,11,3,16,24,19,10,23,18],[16,8,4,24,12,3,20,11,19,18],[24,12,16,8,20,4,11,3,19,18],[24,4,8,16,12,3,20,11,19,18],[16,20,24,12,8,4,3,11,19,10,23,18],[16,24,4,12,3,20,8,11,19,18],[24,4,16,8,20,12,3,11,19,10,23,22,18],[20,8,4,24,16,12,11,3,19,18],[16,24,12,20,8,4,3,11,19,18],[24,4,16,8,20,12,11,3,19,18],[20,4,24,8,12,3,16,11,19,10,23,22,18],[24,20,4,16,12,3,8,11,19,18],[8,20,4,16,12,3,24,11,19,10,23,22,18],[24,4,16,12,3,20,8,11,19,10,23,22,18],[16,4,8,24,12,3,20,11,19,18],[12,16,4,3,8,24,20,11,19,10,23,18],[12,16,4,3,8,20,24,11,19,18],[20,8,24,12,4,3,16,11,19,18],[20,16,4,24,12,3,8,11,19,10,23,22,18],[24,4,12,3,8,16,20,11,19,18],[4,8,12,3,20,16,24,11,19,18],[4,8,16,20,24,12,11,3,19,18],[4,20,12,3,24,8,16,11,19,10,23,22,18],[16,4,12,3,20,24,8,11,19,10,23,18],[20,16,8,4,24,12,11,3,19,18],[4,24,12,3,8,20,16,11,19,10,23,22,18],[24,12,20,16,4,3,8,11,19,10,23,18],[20,8,16,12,24,4,3,11,19,10,23,18],[20,16,8,24,12,4,3,11,19,10,23,18],[4,16,20,8,24,12,3,11,19,10,23,18],[20,4,8,12,11,3,16,24,19,18],[20,8,4,16,12,11,3,24,19,18],[24,16,12,4,11,3,20,8,19,10,23,22,18],[4,16,20,8,24,12,11,3,19,10,23,18],[8,4,16,24,20,12,11,3,19,18],[4,12,11,3,16,24,20,8,19,18],[24,20,16,12,4,11,3,8,19,10,23,18],[4,16,12,11,3,24,20,8,19,18],[16,24,4,20,12,11,3,8,19,18],[12,20,24,16,8,4,3,11,19,10,23,22,18],[16,8,4,24,12,11,3,20,19,10,23,18],[24,16,4,20,8,12,11,3,19,10,23,22,18],[20,8,24,12,4,11,3,16,19,18],[4,20,16,24,8,12,3,11,19,10,23,18],[8,16,12,24,4,11,3,20,19,18],[24,12,4,11,3,16,8,20,19,10,23,18],[8,12,24,16,20,4,11,3,19,10,23,18],[16,8,12,4,3,20,24,11,19,10,23,18],[16,12,24,8,4,3,20,11,19,10,23,22,18],[4,8,20,24,12,11,3,16,19,10,23,22,18],[24,20,8,16,4,12,11,3,19,10,23,22,18],[24,16,8,20,4,12,11,3,19,10,23,22,18],[20,24,16,4,12,3,8,11,19,10,23,18],[4,16,8,12,3,24,20,11,19,10,23,22,18],[4,12,11,3,20,8,16,24,19,10,23,18],[4,20,24,12,11,3,8,16,19,18],[24,16,8,12,20,4,11,3,19,18],[24,4,12,11,3,16,20,8,19,18],[8,12,16,24,20,4,3,11,19,10,23,22,18],[12,8,20,4,11,3,24,16,19,18],[8,20,24,4,12,3,16,11,19,10,23,18],[4,12,11,3,8,16,20,24,19,10,23,18],[16,24,20,12,8,4,11,3,19,10,23,22,18],[16,20,4,24,12,3,8,11,19,10,23,22,18],[20,8,12,16,4,3,24,11,19,10,23,22,18],[12,16,20,24,4,3,8,11,19,10,23,18],[8,24,16,20,4,12,11,3,19,10,23,22,18],[16,8,12,24,20,4,11,3,19,10,23,22,18],[24,16,20,12,8,4,11,3,19,18],[20,4,12,3,24,8,16,11,19,10,23,22,18],[16,24,20,12,4,3,8,11,19,18],[20,24,8,16,12,4,11,3,19,10,23,22,18],[8,24,16,20,12,4,11,3,19,18],[8,16,12,4,11,3,24,20,19,10,23,18],[8,16,4,20,24,12,3,11,19,18],[12,20,8,4,11,3,16,24,19,10,23,22,18],[8,16,24,20,4,12,3,11,19,10,23,18],[16,8,24,20,12,4,3,11,19,10,23,18],[4,8,24,12,3,20,16,11,19,18],[8,16,24,20,12,4,11,3,19,10,23,22,18],[12,20,8,16,24,4,3,11,19,18],[20,24,8,4,16,12,11,3,19,18],[4,24,20,16,12,3,8,11,19,18],[4,12,11,3,20,24,8,16,19,18],[24,4,8,16,20,12,11,3,19,18],[12,8,24,16,4,11,3,20,19,18],[24,8,4,20,12,11,3,16,19,10,23,18],[24,12,16,8,20,4,11,3,19,10,23,22,18],[8,16,24,20,4,12,3,11,19,18],[16,12,24,4,3,8,20,11,19,18],[8,20,4,12,11,3,24,16,19,18],[20,4,12,11,3,24,8,16,19,18],[20,24,4,12,11,3,16,8,19,18],[24,4,8,16,20,12,11,3,19,10,23,18],[16,8,4,12,11,3,24,20,19,18],[24,20,16,12,8,4,11,3,19,18],[20,4,16,12,11,3,24,8,19,10,23,22,18],[8,12,4,11,3,16,20,24,19,18],[24,20,8,4,12,11,3,16,19,10,23,18],[20,8,16,12,24,4,11,3,19,18],[4,8,16,24,20,12,3,11,19,10,23,18],[4,8,16,20,12,11,3,24,19,10,23,18],[8,12,4,3,16,24,20,11,19,18],[20,16,12,4,3,8,24,11,19,10,23,18],[16,12,20,24,8,4,3,11,19,10,23,22,18],[8,16,4,20,24,12,3,11,19,10,23,18],[4,8,12,11,3,16,24,20,19,10,23,22,18],[20,8,24,12,4,3,16,11,19,10,23,18],[24,8,16,12,4,3,20,11,19,10,23,22,18],[24,20,4,12,11,3,8,16,19,10,23,22,18],[12,4,3,20,24,16,8,11,19,10,23,18],[16,24,4,20,8,12,11,3,19,10,23,22,18],[12,4,3,20,8,24,16,11,19,18],[8,16,4,12,3,20,24,11,19,10,23,18],[24,12,16,8,4,11,3,20,19,10,23,18],[20,8,12,16,24,4,3,11,19,18],[24,16,12,20,4,3,8,11,19,10,23,18],[20,16,4,12,3,8,24,11,19,18],[12,24,20,16,4,11,3,8,19,18],[4,12,11,3,16,8,24,20,19,18],[4,20,8,24,12,3,16,11,19,18],[24,20,8,4,16,12,3,11,19,10,23,18],[4,8,12,3,20,16,24,11,19,10,23,22,18],[8,16,20,4,24,12,11,3,19,18],[24,20,16,12,4,11,3,8,19,18],[24,20,16,8,12,4,3,11,19,10,23,22,18],[4,16,8,24,12,11,3,20,19,18],[24,8,4,12,3,20,16,11,19,10,23,22,18],[20,16,8,24,12,4,11,3,19,10,23,22,18],[8,4,12,11,3,24,20,16,19,10,23,22,18],[20,24,12,4,3,16,8,11,19,10,23,18],[12,24,4,3,8,20,16,11,19,18],[8,12,24,20,4,11,3,16,19,10,23,18],[24,8,20,12,16,4,11,3,19,18],[8,4,16,20,24,12,3,11,19,18],[20,12,24,4,11,3,16,8,19,18],[16,24,12,4,11,3,20,8,19,10,23,18],[4,24,20,12,11,3,16,8,19,10,23,22,18],[20,4,16,24,12,3,8,11,19,18],[20,24,4,8,12,11,3,16,19,18],[4,16,8,20,12,3,24,11,19,10,23,22,18],[24,16,20,12,4,3,8,11,19,10,23,22,18],[8,16,4,20,24,12,3,11,19,18],[12,20,16,24,4,3,8,11,19,18],[24,20,8,12,4,3,16,11,19,10,23,18],[12,20,4,11,3,16,8,24,19,18],[12,24,20,8,16,4,11,3,19,10,23,18],[12,8,16,4,11,3,20,24,19,18],[8,12,24,20,16,4,11,3,19,18],[24,20,8,12,4,11,3,16,19,18],[20,16,12,8,4,3,24,11,19,18],[8,24,20,12,16,4,3,11,19,18],[8,4,24,16,20,12,11,3,19,18],[16,20,4,8,24,12,11,3,19,10,23,22,18],[16,8,20,12,24,4,11,3,19,18],[8,24,16,4,12,11,3,20,19,10,23,22,18],[20,12,8,16,4,11,3,24,19,10,23,22,18],[24,8,16,12,4,3,20,11,19,10,23,18],[20,4,12,11,3,8,24,16,19,10,23,18],[12,4,11,3,16,8,20,24,19,18],[12,16,20,8,4,3,24,11,19,18],[8,12,20,4,3,16,24,11,19,18],[4,16,20,24,8,12,11,3,19,18],[4,16,24,12,11,3,20,8,19,10,23,18],[8,24,4,16,12,11,3,20,19,18],[24,16,20,12,4,3,8,11,19,10,23,18],[12,16,20,8,24,4,3,11,19,18],[4,8,24,12,11,3,20,16,19,18],[4,16,12,11,3,20,24,8,19,18],[8,24,16,4,12,3,20,11,19,10,23,18],[20,4,8,16,12,11,3,24,19,18],[24,12,20,16,4,3,8,11,19,10,23,22,18],[20,4,24,12,11,3,16,8,19,18],[24,20,4,12,3,8,16,11,19,10,23,22,18],[12,4,3,16,8,24,20,11,19,10,23,22,18],[20,24,4,12,3,16,8,11,19,10,23,22,18],[12,20,24,16,8,4,11,3,19,10,23,18],[20,24,4,8,12,11,3,16,19,10,23,18],[4,12,11,3,24,8,16,20,19,18],[16,4,20,12,3,8,24,11,19,10,23,18],[20,16,8,4,24,12,11,3,19,10,23,18],[12,4,11,3,20,24,16,8,19,10,23,18],[12,24,20,16,8,4,11,3,19,18],[16,12,8,24,20,4,3,11,19,10,23,18],[24,20,12,4,3,16,8,11,19,18],[24,20,8,12,4,11,3,16,19,10,23,18],[4,16,12,11,3,8,20,24,19,18],[4,20,12,11,3,8,24,16,19,10,23,22,18],[8,24,12,16,20,4,11,3,19,10,23,18],[4,12,3,20,24,8,16,11,19,10,23,18],[16,20,4,8,12,11,3,24,19,18],[16,20,12,24,8,4,3,11,19,18],[4,16,12,11,3,24,20,8,19,10,23,18],[4,20,12,11,3,16,8,24,19,10,23,18],[24,20,16,4,8,12,3,11,19,10,23,18],[8,24,4,16,12,3,20,11,19,10,23,18],[16,4,20,8,24,12,11,3,19,10,23,18],[16,12,20,8,4,11,3,24,19,18],[16,24,4,12,11,3,20,8,19,18],[4,16,8,24,20,12,11,3,19,18],[4,24,12,11,3,8,20,16,19,18],[8,12,24,20,16,4,11,3,19,10,23,18],[24,20,4,12,3,8,16,11,19,18],[4,20,24,16,8,12,3,11,19,10,23,22,18],[12,24,8,20,16,4,11,3,19,18],[4,16,20,24,8,12,3,11,19,10,23,22,18],[12,20,16,24,8,4,3,11,19,10,23,18],[4,8,12,3,16,20,24,11,19,10,23,22,18],[12,20,8,4,3,16,24,11,19,10,23,18],[24,8,4,20,12,11,3,16,19,18],[12,4,3,20,8,24,16,11,19,10,23,18],[12,20,8,16,4,3,24,11,19,10,23,22,18],[8,24,4,12,3,20,16,11,19,18],[24,4,16,12,11,3,20,8,19,18],[12,4,3,8,24,16,20,11,19,18],[8,24,16,4,12,3,20,11,19,18],[8,16,12,24,20,4,3,11,19,18],[8,16,12,24,4,11,3,20,19,18],[12,20,4,3,16,24,8,11,19,10,23,18],[16,12,24,4,3,8,20,11,19,10,23,22,18],[8,24,12,20,16,4,3,11,19,18],[16,8,20,4,12,3,24,11,19,18],[16,12,20,8,4,11,3,24,19,10,23,18],[4,16,8,24,12,3,20,11,19,10,23,18],[20,8,12,24,16,4,3,11,19,10,23,22,18],[16,24,20,8,4,12,3,11,19,18],[12,8,24,20,4,3,16,11,19,10,23,18],[24,12,8,16,20,4,3,11,19,18],[20,8,24,4,16,12,3,11,19,18],[4,24,16,8,20,12,3,11,19,18],[20,4,12,3,16,8,24,11,19,18],[12,24,8,4,11,3,20,16,19,18],[4,16,24,12,3,20,8,11,19,10,23,18],[12,24,20,16,8,4,11,3,19,10,23,22,18],[4,16,8,20,12,11,3,24,19,10,23,22,18],[8,12,20,4,11,3,16,24,19,18],[4,24,16,8,20,12,11,3,19,10,23,18],[16,24,4,8,12,3,20,11,19,18],[8,20,16,24,4,12,3,11,19,10,23,22,18],[20,4,24,12,3,16,8,11,19,10,23,22,18],[24,16,20,12,8,4,11,3,19,10,23,18],[20,24,8,12,4,11,3,16,19,18],[8,12,20,24,16,4,3,11,19,18],[24,20,12,4,11,3,16,8,19,10,23,18],[16,24,20,12,8,4,3,11,19,10,23,22,18],[16,4,24,12,11,3,8,20,19,10,23,18],[20,12,16,8,24,4,3,11,19,10,23,22,18],[12,24,16,8,20,4,3,11,19,10,23,22,18],[20,16,12,4,3,24,8,11,19,18],[12,16,20,24,4,11,3,8,19,18],[12,24,4,3,8,20,16,11,19,10,23,18],[16,12,20,4,11,3,24,8,19,18],[8,12,4,11,3,24,20,16,19,10,23,22,18],[4,24,20,16,8,12,3,11,19,10,23,22,18],[24,8,4,12,11,3,16,20,19,18],[20,24,12,16,4,3,8,11,19,18],[20,8,4,16,12,11,3,24,19,18],[12,24,4,3,8,16,20,11,19,18],[12,20,8,24,16,4,11,3,19,10,23,22,18],[24,16,12,4,11,3,8,20,19,10,23,18],[4,8,24,20,16,12,3,11,19,10,23,22,18],[16,8,12,4,11,3,24,20,19,10,23,22,18],[16,12,4,11,3,20,8,24,19,18],[8,20,16,4,12,3,24,11,19,18],[20,12,16,8,24,4,11,3,19,18],[4,24,16,20,8,12,3,11,19,18],[20,12,4,3,24,8,16,11,19,10,23,22,18],[12,8,4,3,16,20,24,11,19,18],[8,24,20,4,12,3,16,11,19,18],[24,8,4,12,11,3,20,16,19,18],[4,24,12,11,3,8,16,20,19,10,23,18],[12,20,4,11,3,24,16,8,19,18],[4,20,16,24,8,12,3,11,19,18],[16,12,8,4,3,20,24,11,19,10,23,22,18],[20,24,4,8,12,11,3,16,19,10,23,18],[8,20,16,4,12,11,3,24,19,10,23,18],[12,16,24,20,8,4,11,3,19,10,23,18],[4,12,3,16,24,8,20,11,19,18],[12,24,20,16,4,3,8,11,19,18],[4,20,8,16,24,12,11,3,19,10,23,22,18],[16,12,20,4,3,8,24,11,19,18],[24,8,16,12,4,11,3,20,19,10,23,22,18],[16,24,12,8,20,4,3,11,19,18],[12,20,24,8,16,4,3,11,19,10,23,18],[24,4,12,11,3,16,8,20,19,18],[8,12,20,16,4,11,3,24,19,10,23,22,18],[4,12,11,3,16,24,8,20,19,10,23,22,18],[16,4,8,12,3,24,20,11,19,18],[20,12,8,24,4,11,3,16,19,10,23,18],[4,8,24,16,12,3,20,11,19,18],[4,8,12,3,20,24,16,11,19,10,23,22,18],[20,8,16,4,12,11,3,24,19,10,23,22,18],[16,4,8,12,3,20,24,11,19,18],[16,12,4,3,20,8,24,11,19,10,23,18],[24,12,8,16,4,11,3,20,19,10,23,18],[4,12,3,16,8,24,20,11,19,10,23,18],[8,20,4,24,12,11,3,16,19,18],[20,12,24,4,11,3,16,8,19,10,23,22,18],[24,8,16,20,4,12,11,3,19,18],[24,20,4,12,3,16,8,11,19,10,23,22,18],[4,12,11,3,24,16,20,8,19,18],[8,24,20,12,16,4,3,11,19,10,23,22,18],[12,4,11,3,24,8,16,20,19,10,23,18],[4,12,11,3,20,16,8,24,19,18],[12,16,8,24,4,3,20,11,19,18],[4,24,20,8,12,3,16,11,19,18],[8,4,24,12,11,3,16,20,19,18],[20,4,12,3,24,16,8,11,19,10,23,18],[12,16,24,8,4,3,20,11,19,10,23,18],[12,4,11,3,16,8,24,20,19,18],[16,8,4,12,3,24,20,11,19,10,23,22,18],[16,24,12,8,20,4,3,11,19,10,23,22,18],[4,8,20,24,16,12,11,3,19,10,23,22,18],[20,8,4,24,16,12,11,3,19,18],[24,4,12,3,16,8,20,11,19,18],[8,4,24,12,3,20,16,11,19,10,23,22,18],[16,20,24,4,8,12,3,11,19,10,23,18],[24,8,16,4,20,12,3,11,19,18],[24,16,4,20,8,12,11,3,19,18],[16,4,24,8,12,11,3,20,19,10,23,22,18],[8,24,12,4,3,20,16,11,19,10,23,18],[20,4,8,12,3,24,16,11,19,10,23,22,18],[20,16,24,4,12,11,3,8,19,10,23,22,18],[4,12,11,3,16,24,8,20,19,10,23,18],[24,20,12,8,4,3,16,11,19,10,23,22,18],[4,20,16,24,12,3,8,11,19,10,23,18],[8,16,20,4,24,12,3,11,19,18],[16,4,20,24,12,11,3,8,19,18],[4,12,3,16,20,24,8,11,19,18],[20,24,12,8,16,4,11,3,19,10,23,22,18],[24,20,16,8,12,4,3,11,19,18],[4,8,24,20,12,11,3,16,19,18],[20,24,12,16,4,3,8,11,19,10,23,22,18],[4,16,20,8,12,11,3,24,19,18],[20,24,4,16,8,12,3,11,19,10,23,18],[16,20,24,8,4,12,3,11,19,10,23,18],[12,20,24,8,16,4,3,11,19,18],[8,16,12,4,11,3,20,24,19,18],[4,20,8,16,12,11,3,24,19,10,23,18],[4,16,24,20,12,3,8,11,19,18],[4,20,8,16,24,12,11,3,19,18],[24,12,20,4,11,3,16,8,19,10,23,22,18],[20,12,4,11,3,8,16,24,19,18],[20,12,24,4,3,16,8,11,19,10,23,18],[16,20,12,24,4,11,3,8,19,10,23,18],[24,4,12,11,3,20,16,8,19,10,23,22,18],[20,4,12,3,8,24,16,11,19,10,23,18],[4,8,24,12,11,3,20,16,19,10,23,22,18],[20,12,24,8,4,3,16,11,19,18],[20,16,12,4,11,3,24,8,19,10,23,18],[20,4,8,12,3,24,16,11,19,18],[20,16,24,8,4,12,11,3,19,18],[16,24,20,12,4,3,8,11,19,18],[16,12,20,24,8,4,3,11,19,18],[12,16,4,3,8,20,24,11,19,10,23,22,18],[24,4,16,12,3,20,8,11,19,10,23,18],[4,24,16,8,12,11,3,20,19,18],[12,24,4,11,3,16,20,8,19,10,23,18],[12,8,20,16,4,11,3,24,19,18],[4,12,11,3,20,16,24,8,19,18],[16,4,24,12,3,20,8,11,19,18],[12,20,8,4,3,16,24,11,19,18],[24,8,4,20,12,11,3,16,19,18],[24,20,8,12,16,4,11,3,19,18],[24,20,16,8,12,4,3,11,19,18],[24,4,20,8,16,12,3,11,19,10,23,22,18],[20,24,12,4,11,3,16,8,19,10,23,18],[12,8,24,4,3,20,16,11,19,10,23,18],[20,16,8,4,12,3,24,11,19,18],[16,20,24,12,4,11,3,8,19,18],[4,24,20,8,16,12,3,11,19,10,23,22,18],[4,12,3,16,20,8,24,11,19,10,23,22,18],[12,8,20,24,4,11,3,16,19,18],[20,16,12,8,24,4,11,3,19,18],[20,24,4,12,3,8,16,11,19,10,23,18],[4,12,11,3,8,16,20,24,19,18],[8,24,4,16,20,12,11,3,19,18],[16,24,8,4,12,11,3,20,19,10,23,18],[20,8,12,16,24,4,3,11,19,10,23,18],[4,20,12,11,3,8,16,24,19,10,23,22,18],[8,16,24,12,20,4,11,3,19,18],[4,20,12,11,3,24,8,16,19,18],[16,12,20,4,11,3,8,24,19,18],[24,16,20,8,12,4,11,3,19,18],[12,24,16,4,11,3,8,20,19,10,23,18],[8,16,4,24,12,3,20,11,19,18],[24,8,12,16,4,3,20,11,19,18],[8,16,4,20,12,3,24,11,19,10,23,22,18],[8,4,20,24,12,11,3,16,19,10,23,22,18],[4,20,16,12,3,8,24,11,19,18],[12,16,24,20,8,4,3,11,19,18],[20,12,4,11,3,16,8,24,19,18],[16,8,4,20,12,3,24,11,19,10,23,18],[20,4,8,24,16,12,11,3,19,10,23,22,18],[4,12,3,24,16,20,8,11,19,10,23,18],[24,16,20,8,12,4,3,11,19,10,23,22,18],[4,24,8,20,16,12,3,11,19,18],[16,8,24,20,12,4,3,11,19,18],[4,8,16,24,12,3,20,11,19,18],[16,8,12,24,4,11,3,20,19,18],[20,16,4,24,12,3,8,11,19,10,23,22,18],[4,24,20,12,3,16,8,11,19,18],[16,8,24,4,12,3,20,11,19,18],[16,8,24,20,12,4,3,11,19,10,23,22,18],[24,4,16,20,8,12,11,3,19,10,23,18],[20,4,16,12,3,24,8,11,19,18],[16,20,24,4,12,3,8,11,19,10,23,18],[12,16,4,3,8,20,24,11,19,10,23,22,18],[8,24,4,16,12,11,3,20,19,10,23,22,18],[8,12,20,16,24,4,11,3,19,18],[12,24,4,11,3,20,16,8,19,10,23,18],[24,20,12,4,11,3,8,16,19,18],[12,20,8,24,16,4,11,3,19,10,23,18],[20,16,24,12,8,4,3,11,19,10,23,18],[16,12,8,20,24,4,3,11,19,10,23,22,18],[24,4,8,16,20,12,3,11,19,10,23,18],[24,8,20,12,4,11,3,16,19,10,23,18],[4,16,20,24,8,12,11,3,19,18],[16,24,4,20,12,3,8,11,19,10,23,18],[20,4,12,3,8,24,16,11,19,18],[4,12,3,20,8,16,24,11,19,10,23,22,18],[16,8,12,4,3,24,20,11,19,10,23,22,18],[20,12,4,3,24,16,8,11,19,18],[4,8,20,12,3,16,24,11,19,18],[12,20,4,3,16,24,8,11,19,18],[8,12,20,24,16,4,3,11,19,10,23,18],[20,8,4,12,3,16,24,11,19,10,23,18],[12,20,4,11,3,24,8,16,19,10,23,18],[16,24,20,12,4,11,3,8,19,18],[4,8,16,24,12,11,3,20,19,10,23,18],[16,20,8,24,4,12,11,3,19,18],[12,4,3,20,24,8,16,11,19,10,23,22,18],[12,24,20,4,3,16,8,11,19,18],[12,20,8,16,24,4,3,11,19,10,23,22,18],[12,8,20,4,3,24,16,11,19,10,23,22,18],[24,20,16,4,8,12,3,11,19,18],[24,8,16,12,4,3,20,11,19,18],[4,16,12,11,3,20,8,24,19,18],[4,24,16,20,8,12,11,3,19,18],[24,12,4,3,20,8,16,11,19,18],[8,16,20,24,12,4,11,3,19,18],[8,20,16,12,24,4,11,3,19,18],[20,8,24,4,12,11,3,16,19,18],[16,8,4,24,20,12,3,11,19,10,23,22,18],[16,24,20,4,12,11,3,8,19,18],[4,24,20,8,16,12,3,11,19,18],[16,4,20,8,24,12,11,3,19,18],[12,8,24,20,4,11,3,16,19,10,23,22,18],[4,8,20,24,16,12,3,11,19,18],[8,4,20,16,24,12,11,3,19,18],[12,24,20,8,4,11,3,16,19,18],[16,12,4,11,3,24,8,20,19,10,23,18],[20,24,4,8,16,12,3,11,19,18],[4,8,12,11,3,24,16,20,19,18],[8,4,12,11,3,24,20,16,19,10,23,22,18],[4,20,12,3,24,16,8,11,19,10,23,22,18],[8,16,24,12,20,4,11,3,19,10,23,18],[24,8,4,12,11,3,16,20,19,10,23,18],[16,20,24,12,8,4,11,3,19,10,23,22,18],[4,12,3,24,16,20,8,11,19,10,23,22,18],[16,24,20,8,12,4,11,3,19,10,23,18],[20,8,24,4,12,3,16,11,19,10,23,22,18],[24,8,16,4,12,11,3,20,19,10,23,18],[4,12,3,20,16,8,24,11,19,18],[12,8,20,24,4,11,3,16,19,18],[20,12,16,8,4,11,3,24,19,10,23,18],[4,16,8,12,11,3,20,24,19,10,23,22,18],[8,12,24,16,4,3,20,11,19,18],[16,4,24,20,12,3,8,11,19,18],[16,4,24,20,8,12,11,3,19,18],[8,24,4,20,12,11,3,16,19,10,23,22,18],[24,20,16,4,8,12,11,3,19,10,23,22,18],[8,20,12,16,4,3,24,11,19,10,23,22,18],[16,20,24,12,8,4,3,11,19,10,23,22,18],[8,12,24,4,3,16,20,11,19,18],[20,12,16,4,3,8,24,11,19,18],[16,4,12,11,3,8,24,20,19,10,23,22,18],[8,12,20,16,24,4,11,3,19,10,23,18],[24,12,20,16,8,4,11,3,19,10,23,22,18],[24,8,4,20,16,12,3,11,19,18],[12,8,16,24,20,4,11,3,19,10,23,18],[4,24,16,12,3,20,8,11,19,18],[8,12,20,16,4,11,3,24,19,10,23,18],[4,24,20,16,12,11,3,8,19,10,23,22,18],[4,16,8,24,20,12,11,3,19,10,23,22,18],[4,12,3,20,24,8,16,11,19,10,23,18],[16,8,12,24,20,4,11,3,19,18],[8,4,16,12,3,20,24,11,19,18],[8,12,24,16,4,11,3,20,19,10,23,22,18],[4,20,16,24,12,11,3,8,19,18],[8,20,12,24,4,3,16,11,19,10,23,18],[24,8,4,16,20,12,11,3,19,18],[12,16,8,4,11,3,20,24,19,10,23,18],[12,8,16,24,4,3,20,11,19,18],[16,24,12,8,4,3,20,11,19,18],[16,12,20,24,8,4,3,11,19,10,23,18],[12,8,20,16,24,4,11,3,19,18],[24,12,4,3,16,8,20,11,19,10,23,22,18],[16,8,4,12,3,20,24,11,19,18],[24,16,8,20,4,12,11,3,19,18],[16,24,20,12,4,11,3,8,19,10,23,18],[8,24,4,16,12,11,3,20,19,10,23,18],[4,12,3,16,24,8,20,11,19,10,23,18],[8,24,16,20,12,4,11,3,19,10,23,22,18],[16,4,12,11,3,8,24,20,19,10,23,18],[4,16,20,12,11,3,8,24,19,18],[16,20,8,4,24,12,11,3,19,10,23,22,18],[12,4,11,3,8,20,16,24,19,18],[12,20,24,4,3,16,8,11,19,10,23,18],[20,12,24,8,16,4,11,3,19,10,23,22,18],[20,16,12,8,24,4,3,11,19,10,23,18],[16,8,20,12,24,4,11,3,19,18],[8,4,12,3,20,16,24,11,19,18],[4,24,12,3,8,20,16,11,19,18],[4,12,11,3,24,16,20,8,19,10,23,18],[8,16,4,24,20,12,3,11,19,10,23,18],[4,24,12,3,20,8,16,11,19,10,23,18],[16,8,20,4,24,12,11,3,19,10,23,18],[8,24,12,4,3,16,20,11,19,10,23,18],[8,20,12,24,16,4,3,11,19,10,23,22,18],[16,12,20,8,24,4,11,3,19,10,23,22,18],[24,12,16,20,8,4,11,3,19,18],[16,4,24,20,12,3,8,11,19,10,23,22,18],[4,24,20,16,12,3,8,11,19,18],[20,16,4,12,3,8,24,11,19,18],[16,4,8,20,12,3,24,11,19,10,23,22,18],[24,4,16,8,12,11,3,20,19,18],[12,4,3,8,20,24,16,11,19,18],[4,20,16,24,8,12,3,11,19,10,23,22,18],[12,20,8,16,24,4,11,3,19,18],[4,8,16,24,12,3,20,11,19,10,23,22,18],[24,12,8,20,16,4,3,11,19,10,23,22,18],[16,20,12,4,11,3,24,8,19,18],[24,16,12,8,4,11,3,20,19,10,23,22,18],[24,16,8,20,4,12,11,3,19,10,23,22,18],[4,16,24,12,3,20,8,11,19,18],[20,8,24,4,12,3,16,11,19,10,23,18],[20,16,8,24,12,4,11,3,19,10,23,18],[4,20,16,8,12,3,24,11,19,10,23,22,18],[8,4,20,24,12,11,3,16,19,18],[24,20,8,16,12,4,11,3,19,18],[4,8,24,12,3,16,20,11,19,18],[8,12,4,11,3,20,16,24,19,18],[16,4,24,12,11,3,20,8,19,10,23,22,18],[24,16,8,12,4,11,3,20,19,18],[12,24,4,3,8,16,20,11,19,18],[24,12,8,16,4,11,3,20,19,18],[8,24,16,20,12,4,11,3,19,18],[12,4,3,24,16,8,20,11,19,18],[16,24,8,4,12,3,20,11,19,18],[16,24,12,8,4,11,3,20,19,10,23,18],[16,24,20,8,12,4,3,11,19,18],[24,12,20,16,4,11,3,8,19,10,23,18],[24,12,4,3,20,16,8,11,19,10,23,22,18],[20,12,16,24,8,4,3,11,19,10,23,18],[4,12,3,24,16,20,8,11,19,18],[16,8,20,24,4,12,3,11,19,18],[16,8,20,12,4,11,3,24,19,18],[4,20,12,3,8,24,16,11,19,10,23,18],[12,16,20,24,8,4,3,11,19,18],[16,4,8,12,3,24,20,11,19,18],[20,12,4,11,3,8,24,16,19,10,23,22,18],[12,4,3,24,16,8,20,11,19,18],[16,20,8,12,4,3,24,11,19,18],[20,24,16,4,12,3,8,11,19,18],[24,16,20,8,4,12,11,3,19,10,23,22,18],[16,20,8,12,4,3,24,11,19,18],[12,16,24,20,4,3,8,11,19,18],[16,24,8,4,20,12,11,3,19,10,23,18],[4,16,8,20,12,11,3,24,19,10,23,18],[12,24,16,4,3,8,20,11,19,18],[12,4,3,20,16,24,8,11,19,10,23,22,18],[12,8,20,24,16,4,3,11,19,10,23,18],[16,20,12,8,4,3,24,11,19,10,23,22,18],[16,12,4,3,8,24,20,11,19,18],[8,20,16,4,12,11,3,24,19,10,23,18],[8,16,20,12,24,4,11,3,19,18],[24,8,20,12,4,11,3,16,19,18],[16,4,8,20,12,3,24,11,19,18],[8,4,12,3,24,20,16,11,19,10,23,18],[8,20,4,16,24,12,3,11,19,10,23,18],[24,4,16,20,8,12,3,11,19,10,23,18],[4,16,8,12,11,3,20,24,19,18],[16,12,4,3,24,8,20,11,19,10,23,18],[20,16,12,24,8,4,11,3,19,18],[16,12,8,20,4,11,3,24,19,18],[16,8,12,24,4,3,20,11,19,10,23,18]],"n_human":12}