{"problem_id":"etWxXiPEENM8zyz","sigma":75,"alpha":3.162,"cost":0,"probabilities":"[0.07, 0.22, 0.41, 0.3]","payoff_matrix":"[[18, 15, 19, -62, 62, 77], [44, -21, -9, -157, 115, -15], [-31, -41, -19, 50, 7, 67], [-11, 91, -83, 34, 26, 33]]","uncovered":[[7,11,23,19,15,16,24,22,14,3],[19,23,7,11,3,15,16,24,22,14],[19,11,7,23,3,15,16,24,14],[23,3,7,15,16,24,22,14,11,19],[15,11,7,3,19,23,16,24,14],[19,7,23,15,24,16,14,11,3],[23,15,24,16,22,14,11,3,19,7],[15,11,7,19,23,16,24,14,3],[23,19,15,16,24,14,7,3,11],[15,19,11,23,24,16,22,14,3,7],[11,3,19,7,23,15,16,24,22,14],[15,7,23,24,16,22,14,11,3,19],[7,19,3,15,11,23,16,24,22,14],[15,3,11,23,24,16,14,19,7],[23,15,24,16,22,14,11,19,7,3],[7,15,3,11,19,23,24,16,22,14],[23,19,11,15,24,16,14,3,7],[23,19,3,15,24,16,14,11,7],[15,19,23,24,16,22,14,7,11,3],[15,11,3,7,19,23,24,16,14],[11,7,23,3,15,24,16,22,14,19],[19,11,3,7,23,15,24,16,14],[23,19,15,24,16,22,14,7,3,11],[7,3,23,15,16,24,22,14,19,11],[7,19,23,11,3,15,24,16,22,14],[3,11,15,7,23,16,24,22,14,19],[23,11,19,3,15,16,24,14,7],[23,3,15,16,24,14,19,7,11],[3,23,11,19,7,15,16,24,14],[15,3,7,23,24,16,14,19,11],[3,19,11,23,15,16,24,22,14,7],[3,11,15,19,23,16,24,22,14,7],[7,15,3,23,24,16,22,14,19,11],[7,11,15,23,24,16,14,19,3],[7,15,11,19,23,16,24,14,3],[11,3,15,7,23,24,16,14,19],[3,19,23,7,15,24,16,22,14,11],[15,19,23,24,16,14,11,7,3],[3,15,23,16,24,22,14,19,7,11],[7,11,19,15,23,16,24,22,14,3],[23,15,16,24,22,14,11,3,19,7],[11,15,23,24,16,14,7,19,3],[7,11,19,23,15,16,24,22,14,3],[11,7,19,3,23,15,16,24,14],[15,3,11,19,7,23,16,24,14],[19,23,3,15,16,24,14,11,7],[11,7,3,15,19,23,16,24,22,14],[19,3,11,23,15,24,16,22,14,7],[23,3,11,7,19,15,16,24,22,14],[19,3,23,11,15,24,16,14,7],[3,23,7,11,19,15,24,16,22,14],[11,15,23,24,16,14,19,7,3],[15,3,19,11,23,16,24,14,7],[3,23,11,7,19,15,16,24,14],[19,3,7,11,15,23,16,24,14],[15,19,23,24,16,14,11,3,7],[3,23,19,7,15,16,24,14,11],[3,11,19,7,15,23,16,24,22,14],[23,3,11,19,15,16,24,22,14,7],[7,15,3,19,23,24,16,14,11],[11,23,3,19,15,16,24,22,14,7],[15,19,7,23,16,24,14,11,3],[3,15,7,19,23,24,16,14,11],[23,7,11,15,16,24,14,3,19],[11,23,15,24,16,22,14,19,3,7],[15,19,7,11,23,24,16,14,3],[15,23,24,16,14,19,7,3,11],[19,3,7,11,23,15,24,16,14],[3,7,11,15,19,23,16,24,22,14],[15,3,11,7,19,23,16,24,22,14],[7,19,11,3,23,15,16,24,14],[7,19,3,23,15,24,16,14,11],[23,15,16,24,14,7,3,11,19],[23,19,11,15,24,16,22,14,7,3],[3,19,7,11,23,15,24,16,22,14],[11,23,15,24,16,14,7,19,3],[15,19,23,24,16,14,3,11,7],[3,19,23,11,15,24,16,14,7],[3,11,7,19,23,15,16,24,22,14],[3,15,11,19,23,16,24,14,7],[3,7,11,19,23,15,16,24,22,14],[11,15,23,16,24,22,14,7,19,3],[11,23,3,7,15,16,24,14,19],[15,3,7,23,24,16,22,14,19,11],[11,15,7,23,16,24,14,19,3],[3,19,7,11,23,15,16,24,22,14],[19,23,15,24,16,22,14,7,3,11],[3,23,19,7,11,15,24,16,22,14],[19,7,15,11,23,24,16,22,14,3],[19,15,3,23,24,16,22,14,11,7],[7,11,3,15,23,16,24,22,14,19],[7,15,19,23,16,24,22,14,11,3],[23,3,19,15,16,24,14,7,11],[11,19,3,23,7,15,24,16,22,14],[23,11,7,15,24,16,14,3,19],[19,3,23,11,7,15,16,24,22,14],[23,19,11,3,15,24,16,14,7],[15,23,24,16,14,19,3,11,7],[3,23,7,15,24,16,14,11,19],[23,3,7,11,19,15,24,16,14],[3,11,7,23,15,24,16,14,19],[19,11,23,3,15,16,24,22,14,7],[11,19,3,7,15,23,16,24,14],[11,19,23,15,16,24,22,14,3,7],[15,3,7,11,23,16,24,22,14,19],[7,19,11,3,23,15,24,16,14],[19,11,15,3,23,24,16,22,14,7],[7,3,15,23,24,16,14,19,11],[3,19,11,23,7,15,16,24,22,14],[3,15,7,11,19,23,24,16,14],[11,3,15,7,23,16,24,14,19],[15,3,11,19,7,23,24,16,14],[19,3,15,23,16,24,14,7,11],[15,19,23,16,24,22,14,3,11,7],[11,3,15,7,19,23,24,16,14],[11,7,15,23,24,16,22,14,19,3],[15,3,23,16,24,14,7,19,11],[7,19,23,11,15,16,24,14,3],[11,15,23,24,16,14,7,3,19],[11,3,19,15,7,23,24,16,22,14],[7,15,3,23,16,24,14,11,19],[11,7,19,23,3,15,16,24,14],[15,19,7,11,23,16,24,22,14,3],[7,19,15,3,11,23,16,24,22,14],[3,19,11,23,15,24,16,22,14,7],[23,7,3,15,24,16,14,11,19],[19,7,3,11,15,23,16,24,22,14],[11,3,19,15,7,23,24,16,22,14],[19,7,3,11,23,15,16,24,14],[7,15,19,23,24,16,22,14,11,3],[23,19,3,7,15,16,24,14,11],[3,7,15,23,24,16,14,19,11],[15,19,11,3,7,23,24,16,14],[7,3,15,23,16,24,22,14,11,19],[7,11,15,3,23,24,16,14,19],[11,7,23,3,19,15,16,24,14],[19,3,7,15,23,24,16,22,14,11],[15,3,23,16,24,14,11,7,19],[11,23,15,24,16,14,3,7,19],[11,23,15,16,24,22,14,7,3,19],[7,15,19,11,23,16,24,22,14,3],[3,19,11,15,23,24,16,14,7],[3,11,23,7,19,15,16,24,14],[7,15,23,24,16,22,14,3,19,11],[11,15,3,19,23,24,16,14,7],[15,3,11,23,16,24,22,14,19,7],[11,15,19,7,3,23,16,24,22,14],[7,23,19,15,24,16,22,14,3,11],[11,3,15,7,23,24,16,22,14,19],[23,11,15,24,16,22,14,3,7,19],[11,15,19,3,7,23,24,16,22,14],[7,11,15,19,3,23,16,24,14],[19,11,23,3,7,15,24,16,14],[15,23,16,24,14,7,11,19,3],[19,15,3,23,16,24,14,7,11],[11,7,3,19,23,15,24,16,22,14],[7,15,23,16,24,22,14,19,3,11],[15,7,23,24,16,14,19,3,11],[23,7,19,3,15,24,16,14,11],[23,15,24,16,22,14,11,7,19,3],[7,23,11,3,15,16,24,22,14,19],[23,15,16,24,14,11,19,3,7],[7,15,3,11,23,16,24,14,19],[15,11,7,19,23,24,16,22,14,3],[23,7,11,19,3,15,24,16,22,14],[19,7,23,15,16,24,14,11,3],[19,23,7,15,16,24,22,14,11,3],[11,19,7,23,3,15,24,16,14],[7,19,23,3,15,24,16,22,14,11],[23,7,11,19,15,16,24,22,14,3],[15,7,19,11,3,23,24,16,22,14],[15,23,16,24,14,11,3,7,19],[15,11,3,7,23,24,16,22,14,19],[3,7,15,11,23,16,24,14,19],[23,11,7,3,19,15,16,24,22,14],[23,11,3,19,7,15,24,16,14],[7,19,23,11,3,15,16,24,14],[11,19,15,23,16,24,14,7,3],[23,19,15,16,24,14,3,11,7],[15,3,11,23,24,16,22,14,19,7],[7,19,15,11,3,23,24,16,22,14],[7,19,23,3,15,24,16,22,14,11],[11,3,19,23,15,24,16,22,14,7],[15,19,3,7,11,23,24,16,22,14],[19,11,23,3,15,16,24,14,7],[19,23,7,15,24,16,22,14,3,11],[15,11,3,23,16,24,14,19,7],[23,11,7,19,15,24,16,22,14,3],[19,11,15,23,24,16,14,7,3],[23,7,3,15,16,24,22,14,19,11],[7,19,3,23,11,15,16,24,14],[3,19,11,15,23,24,16,22,14,7],[19,11,23,7,15,16,24,22,14,3],[19,15,11,23,16,24,14,7,3],[19,15,3,23,24,16,14,7,11],[11,15,3,19,7,23,16,24,14],[3,23,15,16,24,22,14,7,19,11],[15,19,3,11,23,24,16,22,14,7],[23,11,15,16,24,22,14,19,3,7],[15,11,19,3,7,23,16,24,14],[3,11,15,7,23,16,24,22,14,19],[11,19,3,15,23,24,16,22,14,7],[11,15,23,24,16,22,14,3,19,7],[19,11,15,23,24,16,22,14,7,3],[11,3,7,19,15,23,16,24,14],[15,7,3,19,11,23,16,24,22,14],[23,15,16,24,22,14,3,11,7,19],[7,19,3,15,11,23,16,24,22,14],[7,15,23,16,24,22,14,19,3,11],[11,15,3,19,7,23,24,16,22,14],[19,23,15,16,24,14,7,11,3],[7,3,11,19,23,15,16,24,14],[23,3,11,7,19,15,24,16,22,14],[3,23,15,24,16,22,14,19,11,7],[11,7,19,23,15,24,16,14,3],[3,23,19,7,15,16,24,22,14,11],[7,11,23,19,3,15,24,16,22,14],[23,3,11,19,15,16,24,14,7],[7,3,15,11,19,23,16,24,14],[11,3,19,15,23,16,24,14,7],[11,7,15,3,23,16,24,22,14,19],[19,7,3,23,15,24,16,22,14,11],[11,3,19,7,15,23,24,16,14],[23,7,19,11,15,16,24,14,3],[15,19,11,3,23,16,24,22,14,7],[3,19,11,15,23,24,16,14,7],[7,19,23,11,15,16,24,14,3],[3,23,19,11,15,24,16,14,7],[23,3,7,19,15,24,16,14,11],[23,7,15,24,16,22,14,3,11,19],[7,11,19,3,23,15,24,16,22,14],[15,3,7,11,19,23,24,16,14],[15,23,24,16,22,14,11,19,3,7],[3,11,7,15,19,23,16,24,22,14],[11,23,19,7,3,15,16,24,14],[7,15,11,19,3,23,24,16,22,14],[19,3,7,11,23,15,16,24,22,14],[3,7,19,23,11,15,24,16,22,14],[11,3,23,15,16,24,22,14,7,19],[23,19,11,15,24,16,14,3,7],[3,11,23,7,19,15,16,24,22,14],[11,19,15,7,3,23,24,16,22,14],[15,23,24,16,22,14,7,3,11,19],[3,23,15,24,16,14,11,7,19],[19,11,23,15,24,16,14,3,7],[15,23,24,16,22,14,7,19,11,3],[11,23,19,3,7,15,16,24,14],[7,19,3,23,15,16,24,14,11],[15,19,11,3,7,23,16,24,22,14],[19,11,3,15,7,23,24,16,22,14],[19,11,23,3,7,15,16,24,14],[3,7,23,19,15,16,24,14,11],[3,7,11,19,23,15,16,24,14],[23,11,19,7,15,16,24,22,14,3],[23,19,11,3,7,15,16,24,22,14],[3,7,15,23,16,24,22,14,11,19],[7,15,3,19,11,23,16,24,22,14],[15,11,7,3,23,16,24,22,14,19],[7,19,11,3,15,23,24,16,14],[15,19,3,7,23,24,16,22,14,11],[11,7,23,15,24,16,14,3,19],[23,19,11,15,24,16,22,14,3,7],[19,3,15,23,16,24,22,14,7,11],[19,11,7,15,3,23,16,24,22,14],[15,19,7,3,11,23,24,16,22,14],[15,11,7,19,3,23,16,24,14],[11,23,7,15,16,24,22,14,3,19],[11,3,7,23,19,15,16,24,22,14],[7,11,3,19,15,23,16,24,22,14],[15,19,3,23,16,24,14,11,7],[11,23,7,3,15,24,16,22,14,19],[11,7,15,19,23,24,16,22,14,3],[3,19,15,23,16,24,14,11,7],[11,23,15,24,16,22,14,7,3,19],[3,11,23,7,15,16,24,22,14,19],[23,11,19,7,15,16,24,22,14,3],[11,23,19,3,15,24,16,14,7],[19,7,15,23,16,24,14,3,11],[19,3,11,15,7,23,24,16,14],[7,19,3,11,15,23,16,24,14],[19,23,3,11,7,15,24,16,14],[19,15,7,23,24,16,14,3,11],[11,7,23,3,15,16,24,22,14,19],[15,7,23,16,24,14,19,11,3],[3,7,11,15,23,16,24,22,14,19],[7,19,15,3,11,23,16,24,14],[11,7,19,23,3,15,24,16,22,14],[7,11,23,19,15,24,16,14,3],[11,23,15,16,24,22,14,3,19,7],[19,23,15,16,24,22,14,7,11,3],[7,15,23,16,24,22,14,3,11,19],[7,23,19,15,24,16,14,3,11],[23,3,11,19,7,15,24,16,22,14],[15,19,7,11,23,16,24,14,3],[11,3,7,19,23,15,24,16,22,14],[11,15,23,24,16,14,7,3,19],[15,3,23,24,16,22,14,19,11,7],[7,3,19,23,11,15,16,24,22,14],[11,19,23,7,15,24,16,14,3],[11,15,7,23,24,16,22,14,3,19],[23,19,3,15,24,16,14,11,7],[3,11,7,23,19,15,16,24,14],[23,15,24,16,14,3,19,11,7],[3,23,15,16,24,14,7,19,11],[23,3,11,19,15,24,16,14,7],[23,19,11,15,24,16,14,3,7],[7,3,15,11,19,23,24,16,22,14],[23,19,3,11,7,15,16,24,22,14],[19,11,23,3,7,15,16,24,14],[11,23,7,19,3,15,24,16,14],[11,19,15,23,24,16,22,14,7,3],[19,23,11,3,7,15,16,24,14],[15,3,7,19,11,23,24,16,22,14],[3,7,23,11,19,15,16,24,22,14],[11,7,3,23,19,15,16,24,14],[15,11,3,19,23,24,16,14,7],[3,23,11,19,15,24,16,22,14,7],[3,23,11,15,16,24,22,14,19,7],[3,15,11,23,16,24,22,14,7,19],[19,11,23,15,24,16,14,3,7],[15,11,3,19,23,24,16,14,7],[23,15,24,16,14,19,7,11,3],[3,15,19,23,24,16,14,7,11],[15,7,3,23,16,24,14,19,11],[11,19,3,7,15,23,16,24,14],[15,23,24,16,22,14,19,7,3,11],[11,3,19,23,15,24,16,22,14,7],[19,7,3,15,11,23,16,24,14],[15,3,23,16,24,22,14,7,11,19],[7,19,3,15,23,24,16,22,14,11],[11,15,7,23,24,16,22,14,3,19],[23,3,7,19,15,24,16,14,11],[19,15,23,16,24,22,14,11,3,7],[3,19,15,23,24,16,22,14,11,7],[11,19,3,7,15,23,24,16,22,14],[23,15,16,24,14,3,19,11,7],[11,3,23,15,24,16,14,7,19],[19,15,23,16,24,22,14,3,7,11],[11,7,15,19,23,16,24,14,3],[15,23,24,16,14,7,19,11,3],[11,3,15,19,23,24,16,22,14,7],[3,23,7,11,19,15,24,16,14],[3,7,23,15,24,16,14,19,11],[11,7,23,19,15,24,16,22,14,3],[19,23,7,3,15,24,16,14,11],[7,15,11,19,23,24,16,14,3],[19,3,23,11,15,24,16,14,7],[15,11,23,16,24,14,7,19,3],[3,19,11,23,7,15,24,16,22,14],[19,3,7,23,11,15,24,16,14],[7,3,19,23,11,15,24,16,14],[23,19,7,3,15,16,24,14,11],[3,15,11,23,24,16,14,7,19],[19,7,23,3,11,15,24,16,22,14],[11,19,23,7,15,24,16,22,14,3],[19,7,23,11,15,16,24,14,3],[15,11,3,19,23,24,16,22,14,7],[3,11,19,15,23,16,24,22,14,7],[15,11,19,23,16,24,14,7,3],[3,7,15,23,16,24,14,11,19],[15,19,3,7,23,16,24,22,14,11],[15,7,19,11,3,23,16,24,22,14],[7,11,19,15,3,23,24,16,14],[11,19,15,7,3,23,24,16,22,14],[3,19,23,7,15,16,24,14,11],[15,23,16,24,14,3,7,19,11],[11,19,23,15,24,16,14,3,7],[19,23,15,16,24,22,14,3,7,11],[23,15,16,24,22,14,19,3,11,7],[19,3,7,11,23,15,24,16,14],[15,11,3,23,16,24,22,14,19,7],[19,15,11,7,23,24,16,14,3],[15,3,7,19,11,23,24,16,22,14],[11,3,15,7,19,23,24,16,22,14],[19,3,23,11,15,24,16,22,14,7],[19,7,23,15,16,24,22,14,3,11],[3,19,11,15,23,16,24,14,7],[3,19,23,7,15,16,24,22,14,11],[19,11,7,23,3,15,16,24,14],[3,7,23,15,16,24,22,14,19,11],[23,3,11,7,15,16,24,22,14,19],[3,19,7,23,15,24,16,14,11],[19,15,7,3,11,23,16,24,22,14],[15,23,24,16,14,3,11,7,19],[7,19,15,23,16,24,22,14,3,11],[23,7,3,19,15,16,24,14,11],[3,11,19,7,15,23,24,16,14],[19,3,7,15,11,23,24,16,14],[15,19,3,11,7,23,16,24,14],[19,7,3,11,23,15,24,16,22,14],[3,7,11,15,19,23,24,16,14],[15,11,3,7,23,24,16,22,14,19],[19,23,15,16,24,22,14,7,3,11],[3,15,11,19,23,16,24,14,7],[15,7,11,19,3,23,24,16,14],[3,7,11,15,19,23,16,24,14],[7,3,23,15,24,16,14,19,11],[19,11,15,7,3,23,16,24,22,14],[19,15,11,23,24,16,22,14,3,7],[19,3,11,7,23,15,24,16,14],[15,19,3,11,23,16,24,22,14,7],[23,11,15,16,24,14,7,19,3],[15,19,3,7,23,16,24,14,11],[23,3,7,15,16,24,14,11,19],[19,11,3,7,23,15,24,16,14],[19,7,11,23,15,24,16,22,14,3],[23,11,19,7,3,15,24,16,14],[7,15,19,23,16,24,22,14,3,11],[15,3,7,23,16,24,22,14,11,19],[15,3,19,23,16,24,22,14,7,11],[11,3,23,19,15,24,16,14,7],[15,3,23,24,16,14,7,19,11],[3,19,7,15,11,23,24,16,22,14],[15,3,19,7,11,23,24,16,14],[23,11,15,16,24,22,14,3,19,7],[19,3,23,11,7,15,24,16,22,14],[7,19,23,11,3,15,16,24,22,14],[23,3,7,15,16,24,22,14,11,19],[23,15,16,24,14,19,7,11,3],[19,23,11,3,15,24,16,22,14,7],[11,3,7,15,23,24,16,22,14,19],[15,3,11,7,23,16,24,22,14,19],[3,19,23,15,24,16,22,14,7,11],[11,23,7,3,15,16,24,22,14,19],[19,15,11,3,7,23,16,24,22,14],[19,7,23,3,11,15,24,16,14],[11,15,19,7,3,23,24,16,14],[7,3,19,11,15,23,16,24,14],[15,11,19,3,23,24,16,22,14,7],[7,15,3,19,11,23,16,24,14],[19,3,11,23,15,24,16,14,7],[11,23,3,19,15,16,24,14,7],[23,19,15,24,16,14,11,7,3],[11,3,19,15,7,23,24,16,22,14],[3,19,15,7,11,23,24,16,22,14],[7,19,23,15,16,24,22,14,11,3],[3,7,19,15,11,23,16,24,14],[11,15,19,23,24,16,14,7,3],[7,19,23,15,16,24,14,11,3],[15,19,11,3,23,24,16,22,14,7],[23,3,19,15,16,24,14,11,7],[19,11,3,7,15,23,16,24,14],[15,19,23,24,16,14,11,7,3],[7,19,23,3,15,16,24,22,14,11],[11,3,19,23,7,15,24,16,14],[7,3,11,23,15,16,24,22,14,19],[23,3,7,19,15,16,24,22,14,11],[3,23,7,15,16,24,22,14,11,19],[3,15,11,7,23,24,16,14,19],[7,11,19,3,23,15,24,16,14],[15,3,11,7,19,23,16,24,14],[7,19,23,3,15,24,16,14,11],[7,3,23,11,15,16,24,22,14,19],[11,7,23,15,16,24,22,14,19,3],[23,7,19,15,16,24,22,14,11,3],[7,3,11,23,19,15,24,16,22,14],[19,3,23,15,24,16,14,7,11],[11,3,15,23,24,16,22,14,19,7],[15,23,16,24,14,11,3,7,19],[11,23,19,3,7,15,24,16,22,14],[7,3,15,19,23,16,24,14,11],[15,3,19,23,16,24,22,14,7,11],[23,11,15,16,24,22,14,7,19,3],[7,23,15,16,24,14,19,11,3],[11,3,19,7,15,23,24,16,14],[11,15,7,3,23,16,24,22,14,19],[23,7,19,15,16,24,14,3,11],[3,11,19,15,7,23,24,16,14],[11,7,19,23,3,15,16,24,22,14],[23,3,11,19,7,15,16,24,22,14],[7,3,11,23,15,24,16,14,19],[15,11,3,7,23,16,24,14,19],[19,15,7,11,3,23,24,16,14],[11,19,15,23,16,24,14,3,7],[3,15,19,11,7,23,16,24,22,14],[15,23,16,24,14,11,3,7,19],[3,7,23,15,16,24,22,14,11,19],[11,19,3,15,23,16,24,14,7],[3,23,15,16,24,14,11,19,7],[7,15,3,11,19,23,16,24,22,14],[7,3,11,23,15,24,16,22,14,19],[3,23,11,19,7,15,16,24,14],[7,3,19,11,23,15,24,16,14],[3,11,7,19,23,15,16,24,22,14],[15,19,11,3,7,23,16,24,22,14],[3,11,15,7,23,24,16,22,14,19],[3,11,15,23,16,24,22,14,19,7],[3,7,19,15,11,23,16,24,22,14],[15,3,19,11,23,16,24,14,7],[23,15,16,24,14,7,11,19,3],[19,15,7,3,11,23,16,24,22,14],[15,7,19,11,23,24,16,14,3],[11,7,3,19,15,23,24,16,22,14],[3,19,7,11,23,15,24,16,14],[23,3,11,7,15,24,16,22,14,19],[11,3,23,15,24,16,14,19,7],[15,23,16,24,14,19,3,7,11],[19,3,7,11,23,15,24,16,14],[19,11,7,15,3,23,24,16,22,14],[11,23,3,15,16,24,22,14,7,19],[7,19,3,11,23,15,16,24,22,14],[23,15,24,16,14,11,7,3,19],[3,7,15,23,24,16,22,14,11,19],[7,3,15,19,11,23,16,24,14],[15,3,19,23,24,16,14,11,7],[15,7,19,3,23,16,24,14,11],[3,11,15,7,23,24,16,22,14,19],[7,11,19,3,23,15,24,16,14],[11,15,3,7,23,16,24,22,14,19],[19,15,7,11,3,23,24,16,22,14],[11,7,3,23,19,15,16,24,14],[7,23,15,24,16,14,3,19,11],[3,15,23,24,16,22,14,7,11,19],[19,11,3,23,15,16,24,14,7],[7,19,3,11,15,23,24,16,14],[7,23,15,24,16,14,19,11,3],[23,3,11,7,15,16,24,14,19],[3,11,7,23,19,15,16,24,22,14],[3,11,15,23,24,16,14,7,19],[7,23,3,19,11,15,16,24,14],[19,11,23,15,24,16,22,14,7,3],[23,11,3,7,19,15,16,24,22,14],[11,7,15,19,23,24,16,14,3],[7,3,11,15,19,23,24,16,14],[19,23,3,15,16,24,22,14,11,7],[19,23,3,15,24,16,14,11,7],[15,19,11,3,7,23,24,16,14],[23,11,3,15,24,16,22,14,7,19],[11,7,15,19,23,16,24,14,3],[7,19,23,11,3,15,16,24,14],[23,7,15,16,24,14,11,3,19],[3,23,15,16,24,22,14,11,7,19],[19,11,23,3,7,15,24,16,14],[7,15,23,24,16,22,14,19,11,3],[3,7,19,23,15,24,16,14,11],[23,19,11,7,3,15,16,24,14],[7,23,11,15,24,16,22,14,3,19],[7,15,11,3,19,23,16,24,14],[15,23,24,16,22,14,11,7,3,19],[7,15,11,19,3,23,16,24,14],[11,15,19,3,7,23,24,16,22,14],[3,7,11,23,19,15,24,16,14],[19,7,11,15,3,23,24,16,22,14],[15,11,23,24,16,22,14,7,3,19],[19,3,15,23,24,16,22,14,11,7],[3,7,15,23,16,24,14,11,19],[11,7,19,15,3,23,24,16,14],[19,3,23,15,16,24,22,14,7,11],[7,23,15,16,24,22,14,19,11,3],[15,23,24,16,14,7,11,3,19],[11,23,7,19,3,15,24,16,14],[3,11,7,23,19,15,24,16,22,14],[23,3,11,15,16,24,22,14,7,19],[7,23,3,19,15,24,16,22,14,11],[19,15,3,23,16,24,14,7,11],[3,19,7,11,15,23,16,24,22,14],[3,11,7,19,15,23,24,16,14],[3,11,19,15,23,24,16,14,7],[3,15,23,16,24,22,14,7,19,11],[19,3,7,15,11,23,24,16,14],[23,7,11,15,16,24,22,14,19,3],[23,3,19,7,11,15,24,16,14],[15,19,7,3,11,23,24,16,22,14],[11,19,3,15,23,16,24,14,7],[3,11,7,15,19,23,24,16,22,14],[19,23,7,15,16,24,14,11,3],[3,11,15,7,19,23,16,24,22,14],[15,19,7,23,24,16,22,14,3,11],[3,15,23,24,16,14,19,7,11],[11,23,15,16,24,14,7,19,3],[7,19,15,3,23,24,16,14,11],[3,19,7,11,15,23,24,16,14],[19,23,7,11,3,15,16,24,14],[23,7,11,19,15,16,24,22,14,3],[19,11,3,15,23,24,16,14,7],[19,15,7,3,23,16,24,14,11],[7,15,23,16,24,14,11,19,3],[3,15,7,19,23,16,24,22,14,11],[3,11,23,15,16,24,14,7,19],[3,11,15,23,24,16,14,19,7],[23,15,16,24,22,14,19,3,11,7],[7,3,23,15,16,24,22,14,11,19],[3,11,19,23,15,24,16,14,7],[11,3,19,7,15,23,24,16,22,14],[11,19,23,3,15,24,16,14,7],[11,15,23,24,16,14,19,3,7],[11,3,19,23,15,16,24,22,14,7],[11,19,7,3,23,15,16,24,14],[3,19,15,11,7,23,24,16,14],[23,3,11,19,7,15,16,24,22,14],[3,15,11,19,23,24,16,14,7],[19,7,23,3,11,15,24,16,14],[19,3,15,23,24,16,14,7,11],[19,7,15,23,24,16,14,3,11],[23,3,7,11,15,24,16,14,19],[23,7,3,19,15,16,24,14,11],[11,19,15,23,24,16,22,14,3,7],[7,15,23,24,16,22,14,3,11,19],[7,3,23,19,15,16,24,22,14,11],[23,19,11,7,3,15,16,24,14],[15,11,7,19,23,16,24,14,3],[19,15,11,7,23,24,16,14,3],[7,23,15,24,16,22,14,3,19,11],[19,15,7,3,23,24,16,22,14,11],[3,23,19,15,24,16,22,14,11,7],[19,23,15,16,24,14,3,7,11],[3,19,15,11,23,16,24,22,14,7],[23,7,19,3,15,16,24,22,14,11],[19,23,11,15,24,16,22,14,7,3],[11,15,19,3,7,23,16,24,22,14],[23,19,15,16,24,14,7,11,3],[11,15,7,19,23,24,16,22,14,3],[7,11,23,15,16,24,14,3,19],[23,3,15,24,16,22,14,11,7,19],[11,23,7,15,16,24,22,14,3,19],[11,3,15,7,23,24,16,22,14,19],[7,11,23,3,15,24,16,22,14,19],[3,7,19,23,11,15,24,16,14],[19,15,3,7,11,23,24,16,14],[3,19,23,7,11,15,24,16,14],[7,3,19,11,23,15,16,24,22,14],[7,3,19,15,23,16,24,14,11],[3,7,15,19,23,16,24,14,11],[7,15,23,16,24,22,14,19,3,11],[7,11,19,15,3,23,24,16,14],[3,7,11,15,23,16,24,22,14,19],[7,23,3,15,24,16,22,14,19,11],[7,3,15,11,23,16,24,22,14,19],[11,3,15,23,24,16,22,14,19,7],[3,19,7,11,15,23,24,16,22,14],[3,23,7,11,19,15,24,16,14],[7,15,11,3,23,24,16,14,19],[23,15,16,24,14,11,19,3,7],[23,7,15,24,16,22,14,11,19,3],[15,23,16,24,22,14,3,19,7,11],[19,3,15,11,7,23,16,24,22,14],[23,7,3,19,15,16,24,14,11],[15,7,11,19,23,16,24,14,3],[19,23,7,11,3,15,16,24,14],[19,11,3,15,23,24,16,22,14,7],[23,7,3,15,24,16,22,14,19,11],[7,15,11,3,19,23,16,24,22,14],[7,3,23,15,16,24,22,14,19,11],[15,11,19,7,3,23,16,24,14],[7,23,3,11,15,24,16,22,14,19],[7,11,15,3,23,16,24,22,14,19],[3,19,15,7,11,23,16,24,22,14],[15,23,24,16,22,14,19,11,3,7],[15,11,3,7,19,23,16,24,22,14],[19,23,11,15,24,16,22,14,7,3],[11,19,7,23,3,15,24,16,22,14],[23,7,11,15,24,16,22,14,3,19],[11,3,19,15,7,23,16,24,14],[23,11,7,3,15,16,24,14,19],[19,7,23,11,3,15,24,16,22,14],[19,7,11,23,15,16,24,22,14,3],[7,19,11,15,23,24,16,14,3],[15,7,23,24,16,22,14,11,19,3],[3,15,19,23,16,24,14,7,11],[23,15,24,16,14,3,11,7,19],[11,15,19,23,24,16,14,3,7],[7,11,19,15,3,23,24,16,14],[23,3,11,19,7,15,16,24,14],[7,23,15,16,24,14,11,19,3],[23,11,15,24,16,22,14,19,7,3],[3,11,19,7,23,15,24,16,22,14],[15,7,23,24,16,14,11,3,19],[11,7,23,3,15,24,16,22,14,19],[3,23,15,24,16,22,14,7,19,11],[7,3,23,11,19,15,24,16,22,14],[11,23,15,24,16,22,14,19,7,3],[15,11,19,7,23,16,24,22,14,3],[19,3,11,15,23,24,16,22,14,7],[3,19,11,23,15,24,16,22,14,7],[15,23,16,24,14,19,11,3,7],[19,11,23,3,15,16,24,22,14,7],[15,11,19,7,3,23,24,16,22,14],[11,19,7,23,3,15,16,24,22,14],[3,7,15,11,23,24,16,14,19],[3,19,23,15,24,16,22,14,11,7],[15,7,11,3,19,23,16,24,22,14],[23,7,11,15,24,16,14,3,19],[7,23,11,15,24,16,14,19,3],[3,11,19,7,15,23,24,16,22,14],[15,3,23,16,24,14,11,19,7],[15,7,23,16,24,22,14,3,11,19],[11,15,19,3,7,23,24,16,22,14],[11,7,23,15,16,24,14,3,19],[3,19,7,11,15,23,24,16,14],[11,19,7,15,3,23,16,24,14],[7,15,19,3,23,24,16,14,11],[19,15,3,11,7,23,24,16,14],[15,3,11,23,24,16,14,19,7],[11,19,15,23,24,16,14,7,3],[15,11,23,24,16,14,19,7,3],[11,7,19,23,15,24,16,14,3],[3,23,15,16,24,14,7,19,11],[19,3,15,11,23,16,24,22,14,7],[23,7,11,3,19,15,16,24,22,14],[19,23,3,11,7,15,16,24,14],[19,7,23,11,15,16,24,14,3],[11,19,23,7,15,24,16,22,14,3],[23,19,11,7,3,15,24,16,22,14],[11,23,15,24,16,14,19,3,7],[11,3,15,23,24,16,22,14,19,7],[23,11,15,24,16,22,14,19,3,7],[11,23,3,15,24,16,22,14,7,19],[15,23,16,24,22,14,3,19,7,11],[3,15,23,24,16,14,11,7,19],[23,7,3,15,24,16,22,14,19,11],[15,3,7,23,24,16,22,14,11,19],[3,19,23,15,16,24,22,14,11,7],[19,15,7,23,24,16,14,11,3],[3,11,23,19,15,24,16,22,14,7],[3,7,23,15,24,16,22,14,19,11],[11,19,15,3,7,23,24,16,22,14],[11,19,7,15,3,23,24,16,22,14],[7,15,3,19,23,16,24,22,14,11],[15,3,11,23,24,16,22,14,7,19],[19,7,3,11,15,23,16,24,14],[15,3,7,23,16,24,22,14,19,11],[19,11,3,7,23,15,16,24,14],[23,3,7,15,24,16,22,14,19,11],[15,3,7,23,16,24,14,11,19],[11,7,23,15,16,24,14,19,3],[19,7,15,11,23,24,16,14,3],[19,15,7,3,23,24,16,14,11],[15,7,11,23,24,16,14,3,19],[3,23,19,7,15,16,24,14,11],[19,11,15,23,16,24,22,14,7,3],[15,23,16,24,14,3,11,7,19],[23,11,19,15,16,24,14,7,3],[11,15,23,24,16,22,14,7,3,19],[7,3,11,19,15,23,16,24,22,14],[3,7,15,19,23,24,16,22,14,11],[23,3,19,11,15,16,24,14,7],[7,15,3,23,24,16,22,14,11,19],[15,3,23,16,24,22,14,11,7,19],[19,11,23,7,15,16,24,22,14,3],[23,7,15,24,16,14,3,19,11],[3,23,19,11,15,24,16,22,14,7],[11,15,7,3,19,23,24,16,22,14],[3,15,23,16,24,22,14,19,7,11],[3,7,11,19,23,15,24,16,14],[7,15,3,23,24,16,22,14,11,19],[11,19,3,23,7,15,16,24,22,14],[3,19,7,23,15,24,16,22,14,11],[11,19,15,7,3,23,24,16,22,14],[19,7,23,15,24,16,22,14,3,11],[11,23,19,15,24,16,22,14,7,3],[11,3,7,19,15,23,24,16,22,14],[23,11,19,3,15,16,24,14,7],[23,15,16,24,14,19,11,3,7],[11,23,7,15,24,16,14,3,19],[3,7,11,19,15,23,16,24,22,14],[23,19,7,3,11,15,16,24,14],[23,3,15,24,16,14,19,11,7],[3,7,19,15,23,24,16,14,11],[11,15,3,19,23,24,16,14,7],[11,23,3,19,7,15,16,24,22,14],[7,3,15,23,16,24,14,19,11],[15,3,19,23,24,16,22,14,11,7],[3,23,7,11,19,15,24,16,14],[7,15,11,19,23,16,24,22,14,3],[7,23,19,3,11,15,24,16,22,14],[19,23,7,11,3,15,16,24,14],[23,3,11,19,15,16,24,14,7],[11,7,15,19,3,23,24,16,22,14],[15,7,19,23,24,16,14,11,3],[3,15,19,7,11,23,16,24,14],[19,3,7,15,23,24,16,22,14,11],[11,15,19,3,7,23,16,24,22,14],[11,7,23,19,3,15,16,24,14],[15,19,23,16,24,14,11,7,3],[7,19,23,3,15,16,24,22,14,11],[23,7,11,3,15,16,24,14,19],[11,19,15,7,23,16,24,22,14,3],[23,19,3,15,16,24,22,14,11,7],[7,19,15,3,11,23,16,24,14],[11,7,15,3,19,23,16,24,14],[7,19,3,23,15,24,16,14,11],[11,19,3,7,23,15,16,24,14],[15,11,3,7,23,16,24,14,19],[23,15,16,24,14,11,7,19,3],[11,3,19,15,23,16,24,14,7],[7,11,3,19,23,15,24,16,22,14],[15,3,19,7,11,23,24,16,22,14],[15,3,23,16,24,22,14,7,11,19],[11,7,19,23,3,15,24,16,22,14],[23,19,11,7,3,15,24,16,14],[15,19,11,3,7,23,24,16,14],[23,19,3,7,15,16,24,14,11],[19,11,15,3,7,23,24,16,14],[11,19,7,3,15,23,24,16,22,14],[19,11,15,7,3,23,16,24,14],[11,7,3,23,19,15,16,24,14],[7,19,15,11,23,16,24,14,3],[23,11,3,7,19,15,24,16,14],[23,7,3,15,16,24,22,14,11,19],[3,23,15,16,24,22,14,19,11,7],[23,3,11,7,15,24,16,14,19],[23,3,7,19,15,24,16,22,14,11],[3,15,11,19,7,23,16,24,14],[3,11,7,15,19,23,16,24,22,14],[3,11,15,19,23,24,16,22,14,7],[19,3,15,7,11,23,24,16,22,14],[23,3,19,7,11,15,16,24,14],[11,23,7,19,15,16,24,14,3],[7,23,19,11,3,15,16,24,22,14],[3,19,11,23,15,16,24,14,7],[19,23,15,16,24,14,11,3,7],[15,11,7,19,3,23,16,24,14],[15,23,16,24,14,7,19,11,3],[11,7,19,23,15,24,16,14,3],[7,15,23,16,24,22,14,19,11,3],[23,7,11,3,15,24,16,14,19],[3,23,19,7,11,15,24,16,14],[11,3,7,23,15,16,24,22,14,19],[15,11,3,7,19,23,24,16,14],[7,23,15,24,16,14,11,19,3],[3,7,19,15,11,23,24,16,14],[23,15,16,24,14,7,3,19,11],[15,7,23,16,24,22,14,3,19,11],[15,19,7,23,16,24,14,3,11],[15,7,23,24,16,14,19,11,3],[19,11,23,3,7,15,24,16,22,14],[19,3,23,15,24,16,14,11,7],[19,7,11,3,15,23,16,24,14],[19,7,23,11,3,15,24,16,22,14],[11,23,7,3,15,24,16,22,14,19],[3,23,19,7,11,15,16,24,14],[7,19,11,15,3,23,24,16,14],[7,19,3,23,11,15,16,24,22,14],[15,3,19,23,24,16,22,14,7,11],[23,15,24,16,14,7,3,11,19],[7,23,19,3,15,24,16,14,11],[19,15,23,24,16,14,11,3,7],[23,15,24,16,22,14,7,19,3,11],[19,23,7,11,15,24,16,14,3],[19,15,7,3,23,24,16,22,14,11],[7,15,19,11,3,23,16,24,22,14],[11,7,19,3,23,15,16,24,22,14],[19,7,3,11,15,23,16,24,22,14],[15,19,3,23,24,16,14,7,11],[7,3,11,19,23,15,24,16,14],[11,7,3,15,23,16,24,14,19],[7,19,11,23,15,16,24,22,14,3],[11,7,19,3,15,23,24,16,14],[15,3,11,19,7,23,24,16,22,14],[19,7,23,11,3,15,16,24,14],[19,15,3,23,24,16,22,14,11,7],[19,15,7,11,23,24,16,22,14,3],[23,7,15,16,24,22,14,19,3,11],[19,7,23,3,11,15,16,24,14],[3,15,7,19,11,23,24,16,22,14],[23,3,7,15,16,24,14,19,11],[19,11,3,23,7,15,24,16,22,14],[7,23,19,3,11,15,24,16,14],[11,23,15,16,24,14,3,19,7],[15,7,23,16,24,22,14,11,19,3],[3,7,23,11,19,15,24,16,14],[3,23,15,16,24,14,7,11,19],[7,11,3,19,15,23,24,16,22,14],[3,11,23,7,15,16,24,14,19],[19,23,11,3,7,15,16,24,14],[3,7,11,23,15,24,16,14,19],[15,3,11,7,19,23,24,16,14],[19,11,7,3,23,15,16,24,22,14],[19,11,15,3,23,24,16,14,7],[19,15,3,11,7,23,16,24,22,14],[3,19,7,23,11,15,16,24,14],[23,3,15,24,16,22,14,11,7,19],[19,7,23,15,24,16,14,11,3],[19,11,15,3,7,23,24,16,22,14],[23,3,7,15,24,16,22,14,19,11],[7,23,11,3,19,15,16,24,14],[11,15,23,16,24,14,19,3,7],[15,3,19,23,24,16,22,14,11,7],[3,23,11,19,15,24,16,22,14,7],[19,23,15,24,16,14,11,3,7],[23,15,16,24,14,11,19,3,7],[15,11,23,24,16,14,3,19,7],[11,3,7,15,23,24,16,14,19],[19,15,7,11,3,23,16,24,22,14],[23,7,11,15,16,24,22,14,3,19],[11,3,19,23,15,16,24,22,14,7],[23,7,3,11,19,15,16,24,22,14],[15,7,23,24,16,14,3,19,11],[19,11,23,15,24,16,22,14,3,7],[7,3,11,19,15,23,24,16,14],[19,23,3,11,7,15,24,16,14],[11,23,19,15,24,16,14,7,3],[19,7,23,3,15,16,24,22,14,11],[15,23,16,24,22,14,7,19,11,3],[7,19,11,23,3,15,16,24,14],[15,7,19,23,16,24,14,3,11],[19,3,7,15,23,16,24,14,11],[15,19,3,7,11,23,24,16,22,14],[11,15,23,16,24,14,19,3,7],[15,3,19,7,23,24,16,14,11],[7,15,23,16,24,14,19,3,11],[15,19,23,16,24,22,14,3,11,7],[11,7,15,19,3,23,24,16,22,14],[11,3,19,23,7,15,24,16,14],[15,3,19,11,23,16,24,22,14,7],[11,7,15,19,23,16,24,14,3],[3,15,23,16,24,14,7,19,11],[15,23,24,16,14,11,3,7,19],[19,11,15,7,23,24,16,14,3],[23,11,19,15,16,24,22,14,3,7],[23,7,19,11,3,15,24,16,22,14],[19,11,23,15,24,16,14,3,7],[11,23,15,16,24,22,14,3,19,7],[7,15,23,16,24,14,3,11,19],[3,7,23,19,11,15,24,16,22,14],[11,3,23,7,19,15,16,24,22,14],[3,15,23,16,24,14,11,19,7],[7,19,23,15,16,24,22,14,11,3],[23,3,15,16,24,14,7,19,11],[7,19,15,23,16,24,14,11,3],[7,15,3,11,19,23,16,24,22,14],[7,23,15,16,24,22,14,19,11,3],[7,15,19,23,16,24,14,3,11],[23,7,11,19,15,24,16,14,3],[23,11,3,7,19,15,16,24,14],[11,19,7,23,15,16,24,14,3],[19,23,3,7,15,16,24,14,11],[7,11,3,19,15,23,16,24,14],[15,11,3,23,16,24,22,14,7,19],[23,11,19,15,16,24,14,7,3],[3,11,15,7,19,23,16,24,22,14],[15,23,24,16,22,14,19,3,11,7],[23,7,15,16,24,22,14,3,19,11],[15,3,23,16,24,22,14,7,11,19],[23,15,16,24,14,11,19,7,3],[23,7,3,11,15,24,16,22,14,19],[19,7,23,3,11,15,24,16,14],[15,19,11,3,23,16,24,14,7],[3,11,7,15,23,24,16,14,19],[23,15,16,24,14,19,7,11,3],[11,15,23,24,16,14,3,19,7],[11,15,23,24,16,14,7,19,3],[19,11,3,7,23,15,16,24,14],[19,7,3,23,11,15,16,24,22,14],[7,15,3,19,23,24,16,22,14,11],[11,19,7,3,23,15,16,24,22,14],[3,7,15,23,16,24,22,14,19,11],[11,7,15,19,23,16,24,14,3],[11,7,23,3,15,16,24,22,14,19],[23,15,24,16,14,19,7,11,3],[3,11,19,23,7,15,16,24,14],[23,3,11,15,16,24,22,14,7,19],[19,15,3,11,23,24,16,14,7],[19,11,7,23,15,24,16,22,14,3],[7,19,11,3,23,15,24,16,22,14],[3,15,23,16,24,22,14,19,11,7],[11,23,15,16,24,14,7,3,19],[19,23,7,11,15,24,16,14,3],[3,15,7,11,19,23,16,24,22,14],[19,3,11,23,15,16,24,14,7],[11,15,7,3,23,16,24,14,19],[7,15,23,16,24,14,19,3,11],[23,15,24,16,14,11,3,7,19],[7,11,15,23,16,24,22,14,19,3],[19,15,7,23,24,16,14,3,11],[15,19,7,23,16,24,22,14,3,11],[19,23,15,16,24,22,14,7,11,3],[15,11,7,23,16,24,22,14,3,19],[11,3,19,7,23,15,16,24,22,14],[19,11,15,3,7,23,16,24,14],[23,15,24,16,14,11,3,7,19],[19,23,15,24,16,14,3,7,11],[23,7,3,11,15,24,16,14,19],[3,15,19,7,23,24,16,14,11],[15,3,11,7,19,23,24,16,14],[19,15,7,11,23,16,24,22,14,3],[15,11,23,16,24,22,14,7,3,19],[15,19,23,16,24,14,11,7,3],[23,19,3,15,24,16,22,14,7,11],[23,7,11,19,3,15,16,24,22,14],[15,19,23,24,16,22,14,7,11,3],[23,15,24,16,14,11,19,3,7],[15,3,11,19,7,23,16,24,22,14],[3,11,7,19,15,23,16,24,22,14],[3,7,19,11,23,15,16,24,14],[23,15,16,24,14,7,11,19,3],[7,23,11,19,15,16,24,22,14,3],[19,7,15,23,24,16,14,11,3],[7,15,19,11,23,24,16,14,3],[15,23,24,16,22,14,3,11,19,7],[15,11,23,16,24,22,14,3,7,19],[7,3,11,15,23,16,24,22,14,19],[19,3,7,11,15,23,24,16,14],[11,3,7,19,15,23,24,16,22,14],[7,15,11,23,24,16,22,14,19,3],[7,3,23,11,19,15,24,16,14],[3,15,7,11,19,23,24,16,22,14],[23,15,16,24,22,14,11,19,7,3],[7,11,19,23,3,15,16,24,22,14],[15,19,7,23,16,24,22,14,3,11]],"n_human":13}