{"problem_id":"HWnzLBuUIWOsg2x","sigma":150,"alpha":3.162,"cost":0,"probabilities":"[0.22, 0.43, 0.11, 0.24]","payoff_matrix":"[[15, -96, -294, -146, 73, 23], [-125, 81, -120, 184, -238, -44], [248, -27, 121, -33, -218, 91], [-180, -114, -46, -152, 227, 2]]","uncovered":[[10,22,18,2,14,6,16,8,13,5,24,21,12,4],[14,10,22,2,6,18,16,8,13,5,24,21,12,4],[18,10,14,2,6,22,8,16,13,5,24,21,12,4],[14,2,10,6,18,22,8,16,5,24],[14,18,6,10,22,2,16,8,5,24],[2,22,10,6,14,18,8,16,13,5,24,21,12,4],[14,18,6,22,2,10,8,16,5,24],[14,18,2,22,6,10,16,8,5,24],[2,6,14,22,10,18,16,8,5,24],[6,10,14,22,2,18,16,8,13,5,24,21,12,4],[18,2,14,22,6,10,16,8,13,5,24,21,12,4],[18,14,6,2,22,10,8,16,13,5,24,21,12,4],[22,14,10,2,18,6,8,16,13,5,24,21,12,4],[22,10,2,18,14,6,16,8,13,5,24,21,12,4],[22,10,6,18,2,14,8,16,13,5,24,21,12,4],[18,10,14,22,6,2,16,8,13,5,24,21,12,4],[10,22,6,2,14,18,8,16,5,24],[14,22,10,18,2,6,16,8,13,5,24,21,12,4],[6,2,14,10,18,22,16,8,13,5,24,21,12,4],[2,18,6,10,22,14,8,16,5,24],[18,2,10,14,22,6,16,8,5,24],[18,6,10,2,22,14,8,16,13,5,24,21,12,4],[10,18,2,6,14,22,8,16,5,24],[6,2,22,14,18,10,8,16,5,24],[18,14,6,10,22,2,8,16,13,5,24,21,12,4],[2,18,14,22,6,10,16,8,5,24],[6,10,18,14,22,2,16,8,13,5,24,21,12,4],[22,10,14,2,18,6,8,13,16,5,24,21,12,4],[14,18,2,22,10,6,16,8,5,24],[2,10,6,14,18,22,8,16,13,5,24,21,12,4],[6,22,14,10,18,2,16,8,13,5,24,21,12,4],[14,18,6,2,22,10,8,16,5,24],[22,14,18,10,2,6,8,16,13,5,24,21,12,4],[18,2,6,14,22,10,8,16,13,5,24,21,12,4],[22,10,2,6,14,18,16,8,5,24],[22,14,6,10,18,2,16,8,5,24],[14,10,18,22,6,2,16,8,5,24],[2,6,14,22,18,10,8,16,5,24],[22,6,2,10,14,18,8,16,13,5,24,21,12,4],[18,10,22,2,14,6,8,16,13,5,24,21,12,4],[6,2,22,10,18,14,8,16,13,5,24,21,12,4],[18,6,10,2,14,22,16,8,13,5,24,21,12,4],[22,10,18,14,2,6,16,8,13,5,24,21,12,4],[18,14,22,2,10,6,8,13,16,5,24,21,12,4],[14,6,10,22,2,18,16,8,5,24],[6,18,14,22,2,10,16,8,5,24],[6,22,10,2,14,18,8,16,5,24],[14,18,6,22,10,2,16,8,5,24],[6,22,10,18,14,2,8,16,5,24],[10,18,6,2,22,14,8,13,16,5,24,21,12,4],[6,22,2,10,18,14,8,16,5,24],[6,14,22,10,2,18,16,8,5,24],[10,22,14,18,6,2,16,8,13,5,24,21,12,4],[6,22,14,18,10,2,16,8,5,24],[22,14,2,10,6,18,8,16,13,5,24,21,12,1],[22,14,6,2,18,10,16,8,5,24],[18,14,10,6,2,22,8,16,5,24],[18,22,6,14,10,2,16,8,13,5,24,21,12,4],[6,10,14,2,22,18,16,8,5,24],[22,10,14,2,18,6,8,16,5,24],[2,6,18,10,14,22,8,16,13,5,24,21,12,1],[2,18,22,10,14,6,8,13,16,5,24,21,12,4],[10,14,18,2,22,6,8,16,13,5,24,21,12,4],[18,10,22,6,2,14,16,8,5,24],[6,18,14,2,22,10,16,8,13,5,24,21,12,4],[6,18,10,14,22,2,8,16,13,5,24,21,12,4],[2,18,14,22,6,10,16,8,13,5,24,21,12,4],[6,14,2,22,10,18,16,8,13,5,24,21,12,4],[14,18,2,10,6,22,16,8,13,5,24,21,12,4],[18,22,14,2,6,10,8,16,13,5,24,21,12,4],[14,10,18,2,6,22,8,16,13,5,24,21,12,4],[14,2,22,10,18,6,16,8,5,24],[10,6,22,2,14,18,16,8,13,5,24,21,12,4],[10,22,6,18,14,2,8,16,5,24],[2,10,14,18,6,22,8,16,13,5,24,21,12,4],[14,22,18,2,6,10,16,8,13,5,24,21,12,1],[18,10,22,6,2,14,8,16,13,5,24,21,12,4],[10,6,18,14,2,22,8,16,5,24],[2,18,10,14,6,22,8,16,13,5,24,21,12,4],[2,22,6,10,14,18,8,16,5,24],[18,14,2,6,10,22,8,16,13,5,24,21,12,4],[6,18,14,2,10,22,16,8,13,5,24,21,12,4],[10,18,14,6,22,2,16,8,5,24],[14,22,6,10,18,2,16,8,5,24],[14,2,6,22,18,10,16,8,13,5,24,21,12,4],[6,22,18,14,2,10,8,16,5,24],[10,6,18,14,2,22,8,16,5,24],[18,22,6,2,14,10,16,8,13,5,24,21,12,4],[2,18,6,22,10,14,16,8,5,24],[22,6,14,18,2,10,8,16,5,24],[2,18,10,22,14,6,8,16,5,24],[22,14,6,2,10,18,8,16,13,5,24,21,12,4],[22,18,14,2,6,10,8,16,5,24],[22,6,14,18,2,10,16,8,13,5,24,21,12,4],[2,18,6,10,14,22,16,8,13,5,24,21,12,4],[14,10,6,2,22,18,8,16,13,5,24,21,12,4],[22,2,18,10,6,14,16,8,5,24],[10,2,6,22,14,18,16,8,5,24],[18,10,22,6,14,2,8,16,5,24],[22,10,18,2,6,14,8,16,13,5,24,21,12,4],[2,10,22,18,14,6,16,8,13,5,24,21,12,4],[2,10,14,22,6,18,16,8,13,5,24,21,12,4],[14,22,18,6,10,2,16,8,5,24],[10,18,14,6,22,2,16,8,13,5,24,21,12,4],[10,22,2,14,6,18,8,16,13,5,24,21,12,4],[22,6,10,18,2,14,8,16,13,5,24,21,12,4],[6,22,2,14,10,18,16,8,5,24],[6,22,2,14,18,10,8,16,5,24],[2,6,10,18,22,14,16,8,5,24],[10,2,22,14,18,6,8,16,13,5,24,21,12,4],[2,10,14,18,22,6,8,16,5,24],[6,18,14,10,2,22,16,8,13,5,24,21,12,1],[10,22,18,6,14,2,16,8,5,24],[6,2,22,10,18,14,8,16,13,5,24,21,12,4],[10,2,14,6,22,18,8,16,13,5,24,21,12,4],[2,14,6,18,22,10,16,8,13,5,24,21,12,4],[18,10,14,22,2,6,16,8,5,24],[6,2,10,18,22,14,8,16,5,24],[22,10,6,2,14,18,8,16,13,5,24,21,12,4],[6,14,18,22,2,10,16,8,13,5,24,21,12,4],[18,14,10,2,22,6,8,16,5,24],[18,10,2,6,22,14,8,16,13,5,24,21,12,4],[6,10,2,22,14,18,8,16,5,24],[2,22,14,18,10,6,8,16,5,24],[6,14,22,18,10,2,16,8,5,24],[6,2,14,18,22,10,16,8,5,24],[18,10,2,6,22,14,16,8,13,5,24,21,12,4],[10,6,22,2,14,18,16,8,5,24],[2,14,10,22,18,6,16,8,5,24],[10,6,2,22,18,14,16,8,5,24],[6,14,2,22,18,10,8,16,13,5,24,21,12,4],[2,22,10,18,14,6,16,8,5,24],[2,22,10,18,14,6,16,8,5,24],[2,22,14,10,6,18,8,16,5,24],[22,6,14,18,2,10,8,16,13,5,24,21,12,4],[6,2,14,10,18,22,16,8,5,24],[14,2,18,10,22,6,16,8,5,24],[2,14,18,22,10,6,8,13,16,5,24,21,12,4],[10,2,18,22,14,6,16,8,5,24],[14,2,22,6,18,10,16,8,13,5,24,21,12,4],[6,22,18,14,2,10,16,8,5,24],[22,14,6,10,18,2,8,16,5,24],[14,10,6,2,22,18,16,8,5,24],[18,6,10,22,2,14,8,16,13,5,24,21,12,4],[2,14,22,6,18,10,16,8,5,24],[18,2,10,22,6,14,8,16,5,24],[18,14,6,2,10,22,16,8,5,24],[10,14,22,18,6,2,16,8,5,24],[18,6,2,14,22,10,16,8,5,24],[10,14,18,2,22,6,16,8,5,24],[10,2,14,22,6,18,16,8,13,5,24,21,12,4],[18,10,2,14,6,22,8,16,13,5,24,21,12,4],[10,6,22,14,2,18,8,16,13,5,24,21,12,4],[22,14,6,18,2,10,8,16,5,24],[10,14,22,6,18,2,16,8,5,24],[2,18,14,10,22,6,8,16,13,5,24,21,12,4],[2,14,10,6,18,22,8,16,13,5,24,21,12,4],[6,10,2,14,18,22,8,16,5,24],[2,14,10,18,6,22,8,16,13,5,24,21,12,4],[2,18,22,6,14,10,8,16,13,5,24,21,12,4],[22,10,18,2,6,14,16,8,5,24],[14,6,18,22,10,2,16,8,5,24],[22,6,18,10,2,14,8,16,13,5,24,21,12,4],[14,2,22,18,6,10,8,16,13,5,24,21,12,4],[22,10,14,18,2,6,8,16,13,5,24,21,12,4],[10,2,14,22,6,18,16,8,13,5,24,21,12,4],[14,2,6,10,18,22,16,8,5,24],[6,22,14,10,2,18,16,8,5,24],[2,14,18,10,22,6,16,8,5,24],[18,10,6,14,2,22,16,8,13,5,24,21,12,4],[10,22,14,2,18,6,16,8,5,24],[18,10,14,22,2,6,16,8,13,5,24,21,12,4],[22,2,14,6,18,10,8,16,13,5,24,21,12,4],[14,2,10,22,6,18,8,16,5,24],[2,14,22,18,6,10,8,16,13,5,24,21,12,4],[18,22,6,2,10,14,16,8,13,5,24,21,12,4],[18,2,22,6,10,14,8,16,5,24],[22,6,18,2,10,14,8,16,5,24],[6,2,22,10,14,18,8,16,13,5,24,21,12,4],[14,22,18,10,6,2,8,13,16,5,24,21,12,4],[10,14,22,6,2,18,16,8,13,5,24,21,12,4],[6,14,18,22,10,2,16,8,5,24],[14,2,6,18,22,10,8,16,5,24],[14,2,6,22,10,18,8,16,5,24],[18,22,10,6,14,2,16,8,5,24],[6,14,2,18,22,10,16,8,5,24],[18,10,22,6,14,2,16,8,13,5,24,21,12,4],[18,2,14,10,22,6,16,8,5,24],[14,18,10,6,2,22,8,16,5,24],[10,14,18,2,6,22,16,8,13,5,24,21,12,4],[2,14,18,10,6,22,16,8,13,5,24,21,12,4],[2,10,14,6,18,22,16,8,5,24],[10,14,18,22,2,6,8,16,5,24],[6,22,14,18,2,10,16,8,13,5,24,21,12,4],[6,18,10,2,14,22,8,16,13,5,24,21,12,4],[22,6,14,18,2,10,8,16,5,24],[6,22,2,10,18,14,8,16,13,5,24,21,12,4],[10,18,22,2,14,6,16,8,13,5,24,21,12,4],[14,2,10,18,22,6,16,8,13,5,24,21,12,4],[14,22,2,6,10,18,16,8,5,24],[6,10,18,14,22,2,8,16,5,24],[14,18,10,22,6,2,8,16,13,5,24,21,12,4],[6,10,18,14,22,2,8,16,13,5,24,21,12,4],[14,6,10,18,22,2,8,16,5,24],[22,2,10,18,14,6,8,16,5,24],[10,14,2,22,18,6,8,16,5,24],[22,2,14,6,10,18,16,8,5,24],[22,14,18,6,2,10,16,8,13,5,24,21,12,4],[6,2,18,14,22,10,8,16,13,5,24,21,12,4],[14,18,22,10,6,2,8,16,13,5,24,21,12,4],[6,14,22,18,2,10,16,8,13,5,24,21,12,4],[14,2,18,6,10,22,8,16,5,24],[14,18,6,2,22,10,16,8,13,5,24,21,12,4],[6,10,18,2,22,14,16,8,13,5,24,21,12,4],[22,18,6,14,2,10,8,16,13,5,24,21,12,4],[2,14,6,10,22,18,8,16,13,5,24,21,12,4],[18,2,10,6,22,14,16,8,13,5,24,21,12,4],[14,18,6,2,10,22,16,8,5,24],[18,10,14,22,2,6,8,16,5,24],[6,10,14,22,18,2,8,13,16,5,24,21,12,4],[10,18,6,14,22,2,8,16,5,24],[22,2,18,14,6,10,16,8,5,24],[18,10,6,22,2,14,8,16,5,24],[14,2,18,10,6,22,16,8,5,24],[10,18,22,14,2,6,16,8,13,5,24,21,12,4],[2,22,14,10,18,6,8,16,5,24],[22,18,10,2,14,6,16,8,5,24],[2,22,6,14,18,10,8,16,5,24],[22,18,6,2,14,10,8,16,13,5,24,21,12,4],[6,18,22,14,10,2,16,8,13,5,24,21,12,4],[2,22,10,18,14,6,16,8,5,24],[14,18,22,2,6,10,8,16,13,5,24,21,12,4],[2,6,10,18,14,22,8,13,16,5,24,21,12,4],[14,2,22,18,6,10,8,16,5,24],[22,6,18,10,2,14,16,8,13,5,24,21,12,4],[14,6,22,2,10,18,8,13,16,5,24,21,12,4],[18,10,6,22,2,14,8,16,5,24],[18,22,14,2,6,10,16,8,5,24],[2,10,22,14,18,6,16,8,13,5,24,21,12,4],[6,18,2,14,22,10,8,16,5,24],[14,6,2,22,18,10,8,16,13,5,24,21,12,4],[22,14,2,10,18,6,8,16,5,24],[22,6,2,10,18,14,16,8,5,24],[6,18,14,22,2,10,8,16,5,24],[2,6,14,18,22,10,16,8,13,5,24,21,12,4],[10,18,6,2,14,22,16,8,5,24],[6,14,18,2,10,22,8,16,13,5,24,21,12,4],[22,2,6,10,14,18,8,16,5,24],[18,10,14,22,6,2,8,16,13,5,24,21,12,4],[14,2,18,6,10,22,8,16,5,24],[2,22,18,10,6,14,8,16,13,5,24,21,12,4],[10,18,2,6,14,22,8,16,13,5,24,21,12,4],[2,14,22,10,6,18,16,8,5,24],[14,2,18,6,22,10,8,16,5,24],[6,22,2,14,18,10,8,16,5,24],[6,18,22,14,10,2,8,16,13,5,24,21,12,4],[6,18,22,2,10,14,16,8,5,24],[14,10,2,22,18,6,8,16,13,5,24,21,12,4],[14,2,6,10,18,22,16,8,5,24],[6,10,2,22,14,18,8,16,13,5,24,21,12,4],[18,2,6,22,10,14,16,8,5,24],[6,14,2,22,10,18,16,8,13,5,24,21,12,1],[18,14,6,10,2,22,8,16,13,5,24,21,12,4],[6,10,22,14,18,2,16,8,5,24],[14,2,6,22,18,10,8,16,13,5,24,21,12,4],[2,18,10,6,14,22,8,16,13,5,24,21,12,4],[22,18,14,10,6,2,16,8,13,5,24,21,12,4],[22,14,10,6,2,18,8,16,5,24],[22,2,6,18,10,14,16,8,13,5,24,21,12,4],[6,14,10,22,18,2,16,8,13,5,24,21,12,4],[14,6,18,2,10,22,8,16,5,24],[14,6,2,22,10,18,16,8,13,5,24,21,12,4],[10,22,2,18,6,14,16,8,13,5,24,21,12,4],[18,10,2,22,6,14,16,8,5,24],[6,18,22,2,10,14,16,8,13,5,24,21,12,4],[2,6,22,18,14,10,16,8,5,24],[18,14,10,22,2,6,8,13,16,5,24,21,12,4],[10,2,14,18,22,6,16,8,13,5,24,21,12,4],[14,18,6,2,22,10,16,8,5,24],[18,10,22,6,2,14,16,8,13,5,24,21,12,4],[18,6,22,14,10,2,16,8,13,5,24,21,12,4],[22,10,2,14,6,18,16,8,13,5,24,21,12,4],[14,2,6,22,18,10,16,8,13,5,24,21,12,4],[22,6,18,2,14,10,8,16,5,24],[22,2,18,6,10,14,16,8,13,5,24,21,12,4],[18,10,22,6,2,14,8,16,13,5,24,21,12,4],[10,6,14,18,2,22,8,16,13,5,24,21,12,4],[14,18,22,2,6,10,8,16,5,24],[14,22,10,2,6,18,16,8,5,24],[6,14,10,22,18,2,8,16,5,24],[18,22,2,14,10,6,8,16,13,5,24,21,12,4],[18,6,14,10,22,2,16,8,13,5,24,21,12,4],[14,10,22,18,2,6,8,13,16,5,24,21,12,4],[2,22,10,18,14,6,8,16,5,24],[18,10,14,22,6,2,16,8,13,5,24,21,12,4],[2,22,14,18,10,6,8,16,13,5,24,21,12,4],[6,10,14,18,2,22,16,8,13,5,24,21,12,4],[18,6,10,14,22,2,8,16,5,24],[2,14,22,18,10,6,16,8,13,5,24,21,12,4],[14,6,22,2,18,10,8,16,5,24],[14,18,22,6,10,2,8,16,13,5,24,21,12,4],[18,2,14,22,6,10,16,8,13,5,24,21,12,4],[10,22,2,6,14,18,8,16,5,24],[18,6,14,22,10,2,8,16,5,24],[2,6,10,14,18,22,16,8,5,24],[10,14,22,6,2,18,8,16,13,5,24,21,12,4],[18,22,10,2,14,6,8,16,13,5,24,21,12,4],[18,14,6,10,22,2,16,8,5,24],[10,2,22,14,6,18,16,8,13,5,24,21,12,4],[22,18,6,14,10,2,16,8,13,5,24,21,12,4],[22,2,10,6,14,18,8,16,13,5,24,21,12,4],[2,6,14,18,22,10,8,16,13,5,24,21,12,4],[22,14,18,2,6,10,16,8,13,5,24,21,12,4],[22,14,10,2,18,6,8,16,5,24],[10,6,22,18,14,2,16,8,5,24],[22,2,10,18,14,6,8,16,5,24],[6,2,22,10,14,18,8,16,13,5,24,21,12,4],[14,2,18,22,6,10,16,8,5,24],[2,14,10,6,22,18,16,8,13,5,24,21,12,4],[14,22,6,2,10,18,16,8,13,5,24,21,12,4],[22,14,6,10,18,2,16,8,5,24],[2,18,10,22,14,6,16,8,5,24],[2,18,22,10,14,6,8,16,13,5,24,21,12,4],[22,10,6,14,18,2,8,16,13,5,24,21,12,4],[18,14,22,6,10,2,16,8,13,5,24,21,12,4],[6,14,2,18,22,10,16,8,5,24],[14,18,22,10,2,6,16,8,13,5,24,21,12,4],[22,14,2,6,18,10,16,8,13,5,24,21,12,4],[14,2,22,18,10,6,8,16,5,24],[22,2,18,14,10,6,8,16,5,24],[22,6,18,2,10,14,8,16,13,5,24,21,12,4],[22,10,14,2,18,6,16,8,5,24],[10,2,14,18,6,22,8,16,5,24],[22,10,18,2,14,6,8,16,13,5,24,21,12,4],[22,6,10,18,2,14,16,8,13,5,24,21,12,4],[18,14,22,10,6,2,16,8,13,5,24,21,12,4],[14,6,22,18,10,2,16,8,13,5,24,21,12,4],[22,6,14,2,10,18,8,16,13,5,24,21,12,4],[6,14,2,22,18,10,8,16,13,5,24,21,12,4],[2,14,18,6,22,10,16,8,5,24],[18,22,10,2,6,14,16,8,13,5,24,21,12,4],[14,22,10,18,2,6,16,8,13,5,24,21,12,4],[14,10,18,6,22,2,8,16,5,24],[6,22,18,10,2,14,16,8,13,5,24,21,12,4],[6,10,18,22,2,14,16,8,5,24],[6,18,22,14,10,2,8,13,16,5,24,21,12,4],[6,14,10,2,22,18,8,16,13,5,24,21,12,4],[10,6,18,2,14,22,16,8,5,24],[6,10,22,2,18,14,8,16,5,24],[2,18,22,14,6,10,16,8,5,24],[2,10,14,6,18,22,8,16,5,24],[18,10,22,2,14,6,16,8,13,5,24,21,12,4],[18,10,2,22,6,14,16,8,5,24],[22,2,18,6,14,10,16,8,5,24],[6,14,18,2,10,22,16,8,5,24],[18,10,22,6,14,2,8,16,5,24],[22,14,2,10,6,18,16,8,5,24],[10,22,18,6,14,2,8,16,13,5,24,21,12,4],[14,22,2,10,18,6,8,16,5,24],[18,22,10,2,14,6,8,16,13,5,24,21,12,4],[18,14,2,22,10,6,8,16,13,5,24,21,12,4],[10,18,22,14,6,2,16,8,13,5,24,21,12,4],[18,22,2,14,6,10,16,8,13,5,24,21,12,4],[14,2,6,18,10,22,16,8,13,5,24,21,12,4],[2,6,10,14,18,22,16,8,13,5,24,21,12,4],[10,2,14,6,22,18,16,8,13,5,24,21,12,4],[2,18,10,14,6,22,8,16,13,5,24,21,12,4],[10,22,14,18,6,2,8,16,5,24],[6,10,18,14,2,22,8,16,13,5,24,21,12,4],[6,22,18,2,10,14,16,8,13,5,24,21,12,4],[18,14,6,10,22,2,8,16,13,5,24,21,12,4],[10,2,18,14,22,6,8,16,13,5,24,21,12,4],[22,18,14,10,6,2,16,8,13,5,24,21,12,4],[6,2,18,14,22,10,8,16,13,5,24,21,12,4],[14,10,22,2,18,6,16,8,5,21,24],[2,22,18,10,6,14,16,8,5,24],[2,6,14,22,18,10,16,8,5,24],[18,10,14,6,2,22,16,8,13,5,24,21,12,4],[6,2,18,14,22,10,8,16,13,5,24,21,12,4],[14,2,18,10,22,6,16,8,5,24],[2,14,22,6,10,18,8,16,5,24],[6,2,22,18,10,14,16,8,5,24],[2,14,18,22,10,6,16,8,5,24],[6,14,18,10,2,22,8,16,5,24],[2,22,6,10,14,18,16,8,5,24],[10,22,6,2,14,18,8,16,5,24],[18,6,10,22,14,2,16,8,5,24],[22,6,18,2,10,14,8,16,13,5,24,21,12,4],[2,10,22,18,6,14,16,8,13,5,24,21,12,4],[22,6,14,2,18,10,16,8,5,24],[6,2,22,18,10,14,8,16,13,5,24,21,12,4],[22,14,2,6,18,10,8,16,5,24],[6,18,14,2,22,10,8,16,5,24],[18,22,14,6,2,10,16,8,13,5,24,21,12,4],[18,14,22,10,2,6,8,16,13,5,24,21,12,4],[18,10,22,2,14,6,8,16,5,24],[18,22,6,14,10,2,8,16,13,5,24,21,12,4],[6,14,10,18,2,22,8,16,5,24],[2,22,10,14,18,6,16,8,5,24],[2,22,6,14,10,18,8,16,5,24],[6,2,10,18,22,14,8,16,5,24],[2,22,14,18,6,10,8,16,5,24],[2,22,10,18,6,14,16,8,13,5,24,21,12,4],[6,18,10,14,2,22,8,16,5,24],[18,22,14,2,6,10,16,8,5,24],[22,2,14,10,6,18,16,8,13,5,24,21,12,4],[10,18,2,22,14,6,16,8,13,5,24,21,12,4],[18,22,6,14,10,2,16,8,5,24],[14,18,22,2,6,10,8,16,5,24],[2,6,18,22,14,10,8,16,13,5,24,21,12,4],[2,22,10,18,14,6,16,8,13,5,24,21,12,4],[14,6,18,10,22,2,16,8,13,5,24,21,12,4],[2,10,18,14,6,22,16,8,13,5,24,21,12,4],[2,10,18,22,14,6,16,8,13,5,24,21,12,4],[6,14,10,2,22,18,8,16,13,5,24,21,12,4],[2,22,14,10,18,6,8,16,5,24],[10,6,22,14,2,18,16,8,13,5,24,21,12,4],[18,14,6,22,2,10,8,16,5,24],[10,2,22,6,14,18,8,16,13,5,24,21,12,4],[10,14,2,6,18,22,16,8,13,5,24,21,12,4],[18,10,14,2,22,6,16,8,5,24],[10,22,6,14,18,2,16,8,5,24],[22,6,10,18,14,2,16,8,13,5,24,21,12,1],[6,14,22,10,2,18,16,8,13,5,24,21,12,4],[22,18,10,6,2,14,8,16,13,5,24,21,12,4],[6,22,18,2,10,14,8,16,13,5,24,21,12,4],[10,2,22,18,6,14,16,8,5,24],[14,6,18,10,2,22,16,8,5,24],[2,14,10,6,18,22,8,16,13,5,24,21,12,4],[6,2,10,18,14,22,16,8,5,24],[6,18,22,14,2,10,16,8,5,24],[2,22,14,10,6,18,8,16,13,5,24,21,12,4],[10,6,22,2,14,18,8,16,13,5,24,21,9,4],[18,22,10,14,6,2,16,8,5,24],[10,22,6,2,18,14,8,16,5,24],[6,18,2,22,14,10,8,16,13,5,24,21,12,4],[14,18,6,2,10,22,16,8,13,5,24,21,12,4],[14,10,18,6,22,2,8,16,13,5,24,21,12,4],[22,18,6,2,14,10,16,8,5,24],[10,22,6,14,18,2,16,8,13,5,24,21,12,4],[6,14,22,18,10,2,8,16,5,24],[18,14,2,10,6,22,16,8,13,5,24,21,12,4],[14,22,18,10,2,6,16,8,13,5,24,21,12,4],[22,18,2,10,6,14,8,16,5,24],[2,14,22,10,6,18,8,16,13,5,24,21,12,4],[18,22,10,6,2,14,16,8,5,24],[18,6,10,14,2,22,8,16,5,24],[2,22,6,10,18,14,8,16,13,5,24,21,12,4],[2,10,18,6,14,22,8,16,5,24],[14,22,6,10,18,2,8,16,5,24],[14,2,22,18,10,6,16,8,13,5,24,21,12,4],[18,10,22,6,2,14,16,8,5,24],[6,18,14,22,2,10,8,16,5,24],[6,2,14,10,18,22,8,13,16,5,24,21,9,4],[22,10,18,6,14,2,8,16,13,5,24,21,12,4],[10,18,2,14,22,6,16,8,13,5,24,21,12,4],[6,14,18,22,10,2,16,8,13,5,24,21,12,4],[22,6,2,14,18,10,8,16,5,24],[2,6,10,14,18,22,16,8,13,5,24,21,12,4],[2,22,18,6,14,10,16,8,13,5,24,21,12,4],[14,10,22,18,2,6,8,16,13,5,24,21,12,4],[10,22,18,6,2,14,8,13,16,5,24,21,12,4],[18,10,6,2,14,22,16,8,13,5,24,21,12,4],[18,6,14,2,22,10,8,16,5,24],[18,14,22,2,6,10,8,16,13,5,24,21,12,4],[6,14,22,10,2,18,8,16,13,5,24,21,12,4],[18,6,2,10,22,14,16,8,5,24],[22,2,10,14,6,18,8,16,5,24],[6,14,22,18,10,2,8,16,13,5,24,21,12,4],[22,6,2,18,10,14,8,16,5,24],[18,6,14,10,2,22,8,16,13,5,24,21,12,4],[22,2,14,6,10,18,8,16,13,5,24,21,12,4],[22,6,2,14,10,18,8,16,5,24],[22,10,6,18,2,14,16,8,13,5,24,21,12,4],[18,2,10,14,6,22,8,16,13,5,24,21,12,4],[2,14,6,10,22,18,8,16,13,5,24,21,12,4],[18,14,22,2,10,6,8,16,5,24],[2,22,14,6,18,10,8,16,13,5,24,21,12,4],[10,6,18,2,22,14,8,13,16,5,24,21,12,4],[6,18,22,10,14,2,8,16,5,24],[10,14,22,18,6,2,16,8,13,5,24,21,12,4],[18,14,10,22,2,6,8,16,5,24],[10,18,2,22,14,6,8,16,13,5,24,21,12,4],[2,14,18,6,10,22,8,16,13,5,24,21,12,4],[14,10,18,2,22,6,8,16,5,24],[14,22,18,2,10,6,16,8,13,5,24,21,12,4],[2,18,6,22,14,10,16,8,5,24],[18,2,6,22,14,10,8,16,5,24],[22,14,18,2,10,6,8,16,13,5,24,21,12,4],[22,18,6,14,10,2,8,13,16,5,24,21,12,4],[18,10,2,14,6,22,8,16,5,24],[14,10,6,18,22,2,16,8,5,24],[2,18,14,22,10,6,16,8,5,24],[10,22,14,2,18,6,8,16,13,5,24,21,12,4],[14,2,6,10,22,18,16,8,5,24],[6,22,14,10,2,18,16,8,5,24],[6,10,2,14,22,18,8,16,13,5,24,21,12,4],[22,14,18,6,2,10,8,16,13,5,24,21,12,4],[2,22,6,10,14,18,16,8,5,24],[2,10,6,18,22,14,16,8,5,24],[10,14,22,2,6,18,8,16,5,24],[18,14,22,6,10,2,16,8,13,5,24,21,12,4],[6,22,2,18,10,14,16,8,5,24],[18,6,22,14,2,10,8,16,5,24],[18,22,14,10,2,6,16,8,5,24],[2,18,6,10,14,22,16,8,13,5,24,21,12,4],[2,10,22,6,14,18,8,13,16,5,24,21,12,1],[2,18,22,10,6,14,16,8,13,5,24,21,12,4],[22,10,18,6,2,14,8,16,5,24],[6,10,2,14,22,18,8,16,13,5,24,21,12,4],[18,22,2,10,6,14,8,16,5,24],[2,10,14,6,22,18,8,16,13,5,24,21,12,4],[14,18,22,2,6,10,8,16,13,5,24,21,12,4],[18,22,6,2,10,14,8,16,13,5,24,21,12,4],[2,6,22,18,14,10,8,16,5,24],[2,10,6,18,22,14,16,8,5,24],[14,2,6,10,18,22,16,8,13,5,24,21,12,4],[22,18,6,2,14,10,8,16,5,24],[6,10,2,14,18,22,16,8,13,5,24,21,12,4],[22,6,18,14,2,10,16,8,13,5,24,21,12,4],[18,10,22,14,6,2,8,16,13,5,24,21,12,4],[22,6,2,18,10,14,8,16,5,24],[14,2,10,18,6,22,8,16,13,5,24,21,12,4],[10,22,2,6,18,14,16,8,5,24],[18,22,6,14,2,10,8,16,5,24],[10,22,2,6,18,14,16,8,5,24],[6,10,2,22,18,14,16,8,5,24],[2,14,10,6,22,18,8,16,5,24],[6,14,18,2,22,10,8,16,13,5,24,21,12,4],[14,18,22,2,10,6,16,8,5,24],[22,2,10,18,6,14,8,16,5,24],[18,14,2,22,6,10,8,16,13,5,24,21,12,4],[14,6,22,18,2,10,8,16,5,24],[6,22,14,10,18,2,16,8,5,24],[14,6,22,10,2,18,16,8,13,5,24,21,12,4],[14,22,2,6,18,10,16,8,13,5,24,21,12,4],[10,18,22,14,2,6,8,16,5,24],[18,6,10,22,14,2,8,16,13,5,24,21,12,4],[2,14,10,22,6,18,16,8,5,24],[22,6,2,14,18,10,8,16,13,5,24,21,12,4],[6,2,10,18,14,22,16,8,13,5,24,21,12,4],[2,22,14,18,6,10,8,16,13,5,24,21,12,1],[18,10,22,14,2,6,16,8,5,24],[22,6,2,14,18,10,16,8,5,24],[18,22,2,10,14,6,8,16,5,24],[6,2,22,10,18,14,8,13,16,5,24,21,12,4],[22,6,18,2,10,14,16,8,13,5,24,21,12,4],[10,22,2,14,18,6,8,16,5,24],[6,22,10,2,14,18,16,8,13,5,24,21,12,4],[22,6,10,14,2,18,8,16,5,24],[6,2,18,22,10,14,8,16,5,24],[14,22,18,6,10,2,8,16,5,24],[10,6,18,14,22,2,16,8,13,5,24,21,12,4],[10,6,2,18,14,22,16,8,5,24],[18,22,10,14,6,2,8,16,5,24],[2,18,6,10,22,14,8,16,13,5,24,21,12,4],[22,6,10,14,2,18,8,16,5,24],[2,10,18,22,14,6,8,13,16,5,24,21,12,4],[22,18,10,14,6,2,16,8,5,24],[6,10,2,14,22,18,16,8,5,24],[18,14,10,2,22,6,8,16,13,5,24,21,12,4],[22,6,14,2,10,18,8,16,5,24],[6,2,22,18,14,10,8,16,5,24],[2,10,14,6,22,18,16,8,13,5,24,21,12,4],[10,22,14,6,18,2,16,8,13,5,24,21,12,4],[18,22,14,6,10,2,8,16,5,24],[6,22,2,14,10,18,16,8,5,24],[6,22,10,18,14,2,16,8,5,24],[14,6,10,18,2,22,16,8,13,5,24,21,12,4],[10,14,2,22,18,6,16,8,13,5,24,21,12,4],[6,22,18,2,14,10,16,8,13,5,24,21,12,4],[18,22,14,6,2,10,8,16,5,24],[6,18,14,10,2,22,8,16,5,24],[6,10,14,18,2,22,16,8,5,24],[10,6,22,2,18,14,8,16,13,5,24,21,12,4],[14,10,6,22,2,18,8,16,13,5,24,21,12,4],[2,22,18,10,6,14,16,8,13,5,24,21,12,4],[22,6,18,2,10,14,16,8,13,5,24,21,12,4],[18,22,6,2,10,14,8,13,16,5,24,21,12,4],[14,18,10,22,2,6,16,8,5,24],[6,18,22,14,2,10,8,16,13,5,24,21,12,4],[22,10,6,2,18,14,8,16,13,5,24,21,12,4],[2,6,14,22,10,18,8,16,13,5,24,21,12,4],[22,10,14,6,18,2,8,16,5,24],[2,18,14,22,10,6,16,8,5,24],[18,2,6,10,22,14,8,16,13,5,24,21,12,4],[10,22,18,2,6,14,8,16,5,24],[14,18,10,22,6,2,8,13,16,5,24,21,12,4],[10,22,14,2,18,6,8,13,16,5,24,21,12,4],[22,10,6,2,14,18,16,8,13,5,24,21,12,4],[10,6,14,2,18,22,16,8,5,24],[2,18,6,14,10,22,16,8,5,24],[6,18,10,14,22,2,8,16,13,5,24,21,12,4],[22,2,10,18,6,14,8,16,5,24],[18,22,14,2,6,10,16,8,13,5,24,21,9,4],[2,18,10,6,14,22,8,16,13,5,24,21,12,4],[14,18,2,10,22,6,16,8,5,24],[10,2,18,22,14,6,8,16,13,5,24,21,12,4],[10,18,14,6,22,2,8,16,13,5,24,21,12,4],[22,10,2,14,18,6,8,16,13,5,24,21,12,4],[18,6,10,2,22,14,8,16,5,24],[6,18,10,22,2,14,16,8,13,5,24,21,12,4],[22,2,14,10,6,18,16,8,5,24],[18,6,2,10,22,14,16,8,13,5,24,21,12,4],[6,2,22,10,18,14,16,8,13,5,24,21,12,4],[2,10,14,22,18,6,8,16,13,5,24,21,12,4],[14,22,6,2,18,10,16,8,5,24],[14,2,10,18,22,6,16,8,5,24],[6,2,10,14,18,22,8,16,5,24],[18,2,22,14,6,10,8,16,13,5,24,21,12,4],[2,14,10,18,22,6,16,8,13,5,24,21,12,4],[2,22,18,10,6,14,8,16,5,24],[22,2,10,14,18,6,8,16,5,24],[22,18,6,10,2,14,16,8,5,24],[6,10,14,18,2,22,8,16,13,5,24,21,12,4],[14,6,22,10,18,2,8,16,5,24],[22,10,14,18,6,2,16,8,5,24],[18,2,10,14,6,22,8,16,5,24],[6,14,2,10,22,18,16,8,13,5,24,21,12,4],[22,14,10,6,2,18,8,16,5,24],[6,10,18,14,22,2,16,8,5,24],[22,2,10,14,18,6,16,8,5,24],[18,22,2,10,14,6,8,16,5,24],[14,10,18,2,6,22,16,8,5,24],[18,22,6,2,10,14,16,8,5,24],[22,18,14,10,6,2,16,8,5,24],[22,2,6,18,10,14,16,8,13,5,24,21,12,4],[18,6,22,14,10,2,16,8,5,24],[18,22,14,10,6,2,16,8,13,5,24,21,12,4],[18,2,14,6,22,10,16,8,5,24],[18,6,2,14,22,10,8,16,5,24],[22,2,14,10,6,18,16,8,13,5,24,21,12,4],[2,14,10,6,18,22,8,16,13,5,24,21,12,4],[22,14,2,6,18,10,16,8,13,5,24,21,12,4],[2,14,18,6,10,22,16,8,5,24],[14,18,2,10,6,22,8,16,5,24],[6,10,2,22,14,18,8,16,5,24],[14,2,18,10,22,6,8,13,16,5,24,21,12,4],[10,14,2,6,18,22,8,16,5,24],[10,14,6,18,2,22,16,8,5,24],[10,22,6,14,2,18,8,16,5,24],[14,6,22,2,18,10,8,16,5,24],[18,10,22,14,6,2,16,8,5,24],[10,18,22,2,14,6,8,16,13,5,24,21,12,4],[14,18,6,2,10,22,8,16,13,5,24,21,12,4],[10,2,6,22,14,18,8,13,16,5,24,21,12,4],[14,10,18,2,22,6,8,16,13,5,24,21,12,4],[18,2,10,22,14,6,16,8,13,5,24,21,12,4],[2,22,18,6,14,10,16,8,13,5,24,21,12,4],[6,22,14,2,18,10,8,16,5,24],[18,14,10,2,22,6,8,16,13,5,24,21,12,4],[18,14,2,6,22,10,8,16,13,5,24,21,12,4],[18,6,2,22,10,14,16,8,5,24],[18,2,14,10,6,22,16,8,13,5,24,21,12,4],[14,22,18,6,10,2,8,16,13,5,24,21,12,4],[18,14,2,22,6,10,8,16,13,5,24,21,12,4],[22,18,6,10,2,14,8,16,5,24],[22,6,10,2,14,18,8,16,13,5,24,21,12,4],[14,6,22,10,18,2,8,16,13,5,24,21,12,4],[10,14,2,18,22,6,16,8,13,5,24,21,12,4],[14,6,10,18,22,2,8,13,16,5,24,21,12,4],[18,6,14,10,22,2,16,8,5,24],[18,2,10,14,22,6,8,16,5,24],[10,14,2,22,6,18,16,8,13,5,24,21,12,4],[22,18,10,14,6,2,16,8,13,5,24,21,12,4],[14,2,22,10,18,6,8,16,13,5,24,21,12,4],[2,6,14,10,18,22,16,8,13,5,24,21,12,4],[2,18,22,14,10,6,16,8,13,5,24,21,12,4],[2,6,10,14,18,22,16,8,5,24],[6,22,14,2,18,10,8,13,16,5,24,21,12,4],[18,2,22,14,6,10,8,16,5,24],[2,10,14,22,6,18,16,8,5,24],[10,22,6,14,18,2,8,16,5,24],[2,14,18,22,10,6,8,13,16,5,24,21,12,4],[18,14,22,6,10,2,8,16,13,5,24,21,12,4],[22,10,18,2,6,14,8,16,13,5,24,21,12,4],[18,22,10,14,2,6,16,8,5,24],[2,14,10,6,18,22,16,8,5,24],[22,14,18,2,10,6,8,13,16,5,24,21,12,4],[14,18,2,10,6,22,16,8,13,5,24,21,12,4],[6,18,2,22,14,10,16,8,5,24],[18,14,2,22,6,10,16,8,13,5,24,21,12,4],[14,10,18,6,22,2,8,16,13,5,24,21,12,4],[2,14,18,6,22,10,8,13,16,5,24,21,12,4],[2,22,14,10,18,6,16,8,5,24],[22,2,18,14,6,10,8,16,5,24],[10,6,14,18,2,22,16,8,5,24],[14,2,10,6,22,18,8,16,5,24],[10,22,6,14,18,2,16,8,13,5,24,21,12,1],[6,18,10,2,14,22,8,16,5,24],[22,14,2,10,6,18,16,8,5,24],[18,2,10,22,6,14,16,8,5,24],[10,18,22,2,6,14,8,16,13,5,24,21,12,4],[10,22,14,6,2,18,16,8,13,5,24,21,12,4],[14,18,6,22,10,2,16,8,5,24],[10,22,18,14,2,6,16,8,5,24],[22,6,10,14,2,18,8,16,13,5,24,21,12,4],[18,10,6,2,22,14,8,16,5,24],[10,14,6,22,18,2,8,16,5,24],[14,2,22,10,6,18,16,8,13,5,24,21,12,4],[22,10,14,6,18,2,16,8,5,24],[22,18,10,14,2,6,16,8,13,5,24,21,12,4],[14,6,2,22,10,18,16,8,5,24],[6,14,22,2,18,10,8,16,13,5,24,21,12,1],[14,18,2,6,22,10,16,8,5,24],[18,2,6,22,10,14,8,16,5,24],[10,14,18,22,2,6,8,16,13,5,24,21,12,4],[6,10,18,14,2,22,16,8,5,24],[22,18,14,2,6,10,8,16,5,24],[14,2,10,18,22,6,16,8,5,24],[6,22,18,14,10,2,16,8,13,5,24,21,12,4],[14,18,2,10,22,6,16,8,5,24],[6,2,14,18,22,10,8,16,13,5,24,21,12,4],[22,10,6,18,2,14,16,8,13,5,24,21,12,4],[14,2,18,6,10,22,8,16,13,5,24,21,12,4],[22,14,10,6,18,2,8,16,13,5,24,21,12,4],[18,14,22,6,2,10,8,16,5,24],[2,18,6,14,22,10,8,16,5,24],[14,18,22,2,10,6,8,16,5,24],[18,6,14,10,2,22,8,16,13,5,24,21,12,4],[2,22,14,10,6,18,8,16,13,5,24,21,12,4],[2,14,18,10,22,6,16,8,5,24],[6,18,14,10,22,2,16,8,5,24],[10,2,22,6,18,14,8,16,13,5,24,21,12,4],[18,14,6,22,2,10,8,16,13,5,24,21,12,4],[6,14,18,22,2,10,8,16,13,5,24,21,12,4],[18,10,14,2,22,6,16,8,5,24],[22,6,18,2,14,10,8,16,5,24],[10,22,14,6,18,2,8,16,5,24],[14,2,18,6,22,10,8,16,13,5,24,21,12,4],[6,18,22,2,10,14,8,16,13,5,24,21,12,4],[18,10,6,14,2,22,16,8,13,5,24,21,12,4],[10,22,6,2,18,14,16,8,5,24],[18,10,6,14,2,22,16,8,5,24],[6,10,14,18,22,2,8,16,13,5,24,21,12,4],[2,10,14,22,6,18,8,16,13,5,24,21,12,4],[14,6,10,18,22,2,8,16,13,5,24,21,12,4],[22,10,6,14,18,2,8,16,13,5,24,21,12,4],[14,22,2,6,18,10,16,8,5,24],[2,10,18,6,14,22,16,8,13,5,24,21,12,4],[10,2,6,22,18,14,8,16,5,24],[10,18,2,6,14,22,16,8,13,5,24,21,12,4],[10,18,14,22,2,6,8,16,5,24],[14,6,18,10,22,2,16,8,5,24],[22,14,6,18,2,10,8,16,13,5,24,21,12,4],[22,6,14,2,10,18,8,16,5,24],[6,2,10,18,14,22,8,16,5,24],[14,6,10,18,2,22,8,13,16,5,24,21,12,1],[18,10,22,14,2,6,8,16,13,5,24,21,12,4],[22,18,10,6,2,14,16,8,5,24],[18,2,22,14,6,10,16,8,13,5,24,21,12,4],[22,14,18,2,6,10,16,8,13,5,24,21,12,4],[6,10,2,18,14,22,16,8,13,5,24,21,12,4],[2,22,14,6,18,10,16,8,5,24],[6,22,14,2,18,10,16,8,5,24],[2,18,10,22,6,14,16,8,13,5,24,21,12,4],[18,14,6,10,2,22,8,16,5,24],[18,6,14,2,10,22,16,8,5,24],[2,6,10,22,14,18,16,8,5,24],[10,14,18,6,2,22,16,8,13,5,24,21,12,4],[22,10,18,2,14,6,16,8,13,5,24,21,12,4],[18,14,2,10,6,22,16,8,13,5,24,21,12,4],[6,2,14,18,10,22,16,8,5,24],[2,18,6,10,14,22,16,8,13,5,24,21,12,4],[18,22,2,6,14,10,8,16,13,5,24,21,12,4],[10,22,6,2,14,18,16,8,5,24],[2,6,14,22,10,18,16,8,5,24],[14,18,2,10,6,22,8,16,5,24],[22,6,18,14,2,10,16,8,5,24],[14,22,2,18,6,10,8,16,13,5,24,21,12,4],[22,18,14,6,10,2,16,8,5,24],[6,10,22,18,14,2,8,16,5,24],[10,14,6,18,2,22,16,8,13,5,24,21,12,4],[2,14,10,22,18,6,16,8,13,5,24,21,12,4],[2,18,6,10,14,22,8,16,5,24],[14,2,6,22,10,18,8,16,13,5,24,21,12,4],[10,6,18,22,2,14,8,16,5,24],[14,2,18,22,6,10,8,16,5,24],[2,18,6,10,14,22,16,8,5,24],[10,6,22,14,2,18,8,16,5,24],[10,6,22,2,18,14,8,16,5,24],[10,18,22,2,6,14,8,16,5,24],[6,22,14,10,2,18,8,16,5,24],[6,14,10,2,18,22,8,16,5,24],[2,18,10,22,14,6,16,8,13,5,24,21,12,4],[2,22,6,10,14,18,8,16,13,5,24,21,12,4],[2,6,22,18,10,14,16,8,5,24],[2,18,14,10,6,22,16,8,5,24],[18,14,22,6,2,10,8,16,5,24],[22,14,18,2,6,10,16,8,13,5,24,21,12,4],[22,2,6,10,18,14,8,16,13,5,24,21,12,4],[6,22,2,18,14,10,8,16,5,24],[14,2,10,22,18,6,16,8,13,5,24,21,12,4],[14,10,18,6,22,2,8,16,5,24],[6,18,2,10,22,14,16,8,5,24],[14,6,18,2,10,22,16,8,5,24],[10,22,18,6,14,2,16,8,5,24],[6,10,14,18,2,22,8,16,13,5,24,21,12,4],[6,10,14,2,18,22,8,13,16,5,24,21,12,4],[6,14,2,10,18,22,16,8,13,5,24,21,12,4],[2,18,6,22,14,10,8,16,13,5,24,21,12,4],[22,18,10,14,2,6,16,8,13,5,24,21,12,4],[14,10,6,22,18,2,16,8,13,5,24,21,12,4],[10,2,6,22,14,18,16,8,13,5,24,21,12,4],[18,14,10,6,22,2,16,8,13,5,24,21,12,4],[18,10,6,2,14,22,16,8,13,5,24,21,12,4],[2,14,6,18,22,10,8,16,5,24],[18,6,14,2,22,10,8,16,5,24],[22,10,18,14,2,6,16,8,13,5,24,21,12,4],[10,6,22,14,18,2,16,8,5,24],[2,6,22,10,18,14,8,16,13,5,24,21,12,4],[2,10,18,14,22,6,8,16,13,5,24,21,12,4],[22,6,10,2,14,18,16,8,5,24],[10,18,6,2,22,14,8,16,13,5,24,21,12,4],[18,22,14,10,6,2,16,8,13,5,24,21,12,4],[18,14,10,2,22,6,16,8,13,5,24,21,12,4],[14,18,6,22,2,10,8,16,13,5,24,21,12,4],[6,14,2,18,10,22,16,8,5,24],[6,18,10,14,22,2,16,8,5,24],[6,2,14,22,18,10,8,16,5,24],[6,22,18,14,10,2,16,8,13,5,24,21,12,4],[18,14,6,2,10,22,16,8,5,24],[6,2,10,18,22,14,8,16,5,24],[2,10,18,22,14,6,8,16,13,5,24,21,12,4],[10,6,18,14,2,22,8,16,13,5,24,21,12,4],[18,14,6,10,22,2,16,8,5,24],[10,6,2,14,22,18,8,16,5,24],[6,14,22,18,10,2,16,8,5,24],[14,18,22,2,6,10,8,16,5,24],[6,2,10,14,18,22,8,13,16,5,24,21,12,4],[14,6,22,10,18,2,16,8,13,5,24,21,12,4],[22,14,2,6,18,10,16,8,5,24],[22,6,2,14,18,10,8,16,5,24],[2,22,18,10,6,14,16,8,5,24],[2,10,18,6,14,22,16,8,5,24],[22,2,18,10,6,14,16,8,13,5,24,21,12,4],[14,2,18,22,6,10,8,16,5,24],[10,22,18,6,14,2,16,8,5,24],[6,10,18,2,22,14,8,16,5,24],[6,14,10,2,22,18,16,8,5,24],[10,2,6,22,14,18,16,8,13,5,24,21,12,4],[2,14,10,22,6,18,8,16,13,5,24,21,12,4],[22,2,10,14,18,6,8,16,13,5,24,21,12,4],[10,6,2,18,14,22,16,8,13,5,24,21,12,4],[2,6,10,14,18,22,16,8,13,5,24,21,12,4],[2,10,22,6,14,18,16,8,5,24],[22,10,6,18,2,14,8,16,5,24],[10,2,6,14,22,18,16,8,13,5,24,21,12,4],[18,22,6,2,10,14,8,16,13,5,24,21,12,4],[18,22,6,2,14,10,16,8,5,24],[10,14,18,6,22,2,16,8,13,5,24,21,12,4],[18,2,6,22,14,10,8,16,5,24],[18,14,6,22,2,10,8,16,5,24],[22,6,10,14,18,2,16,8,13,5,24,21,12,4],[22,18,6,10,14,2,8,16,5,24],[6,18,2,14,10,22,16,8,5,24],[22,6,2,10,14,18,16,8,5,24],[2,10,14,6,18,22,16,8,5,24],[18,6,10,22,2,14,16,8,13,5,24,21,12,4],[10,6,22,14,18,2,8,16,5,24],[6,14,2,10,18,22,8,16,5,24],[18,2,14,6,22,10,8,16,13,5,24,21,12,4],[2,6,14,18,22,10,8,16,5,24],[10,18,14,22,6,2,16,8,13,5,24,21,12,4],[14,10,18,22,2,6,16,8,13,5,24,21,12,4],[2,10,6,22,14,18,8,16,5,24],[10,18,14,2,22,6,16,8,5,24],[22,18,6,10,2,14,16,8,5,24],[18,2,10,22,6,14,8,16,13,5,24,21,12,4],[6,14,10,22,18,2,16,8,5,24],[14,10,2,6,18,22,16,8,5,24],[14,2,6,22,10,18,16,8,13,5,24,21,12,4],[14,22,10,18,6,2,16,8,13,5,24,21,12,4],[2,22,6,10,18,14,16,8,13,5,24,21,12,4],[18,10,6,14,22,2,16,8,13,5,24,21,12,4],[22,10,18,14,6,2,8,16,5,24],[10,18,22,14,6,2,16,8,13,5,24,21,12,4],[22,2,18,6,10,14,8,16,5,24],[10,2,18,14,22,6,16,8,13,5,24,21,12,4],[14,22,6,2,18,10,8,16,13,5,24,21,12,4],[18,10,22,6,14,2,16,8,13,5,24,21,12,4],[22,10,2,6,14,18,16,8,5,24],[6,14,18,10,22,2,8,16,5,24],[10,2,18,22,6,14,8,16,13,5,24,21,12,4],[2,18,10,22,6,14,8,16,5,24],[2,22,18,10,14,6,16,8,13,5,24,21,12,4],[22,10,6,18,2,14,16,8,5,24],[2,14,6,10,22,18,8,16,13,5,24,21,12,4],[22,14,10,18,6,2,8,16,5,24],[6,22,14,18,2,10,16,8,5,24],[14,10,18,6,22,2,16,8,5,24],[22,10,18,14,2,6,16,8,5,24],[2,18,6,10,22,14,8,16,5,24],[10,14,2,22,18,6,8,16,13,5,24,21,12,1],[14,18,2,22,6,10,16,8,5,24],[18,2,6,10,22,14,16,8,5,24],[10,22,18,14,2,6,16,8,13,5,24,21,12,4],[22,2,14,10,18,6,8,13,16,5,24,21,12,4],[14,10,22,2,18,6,16,8,13,5,24,21,12,4],[2,22,10,14,18,6,8,16,5,24],[10,6,14,18,22,2,8,16,5,24],[2,6,10,14,18,22,16,8,13,5,24,21,12,4],[10,18,6,2,22,14,16,8,5,24],[6,14,18,22,2,10,16,8,5,24],[14,18,10,2,22,6,16,8,5,24],[14,10,2,18,22,6,16,8,5,24],[2,22,6,18,14,10,8,16,5,21,24],[22,18,6,10,14,2,16,8,13,5,24,21,12,4],[2,22,18,6,14,10,16,8,5,24],[14,10,22,18,2,6,16,8,5,24],[6,22,10,18,2,14,8,16,5,24],[2,14,6,10,18,22,8,16,13,5,24,21,12,4],[14,6,10,18,2,22,16,8,5,24],[18,14,22,6,10,2,8,16,13,5,24,21,12,4],[10,18,14,22,2,6,8,16,5,24],[14,2,10,18,6,22,16,8,13,5,24,21,12,4],[2,14,18,6,22,10,8,16,13,5,24,21,12,4],[10,6,18,2,22,14,8,16,5,21,24],[18,2,6,10,14,22,16,8,13,5,24,21,12,4],[14,18,6,10,2,22,8,13,16,5,24,21,12,4],[14,10,18,6,2,22,16,8,13,5,24,21,12,4],[2,18,10,6,14,22,16,8,13,5,24,21,12,4],[2,22,14,10,18,6,16,8,13,5,24,21,12,4],[10,18,2,22,14,6,8,16,5,24],[14,18,2,22,6,10,16,8,5,24],[2,10,18,14,22,6,16,8,5,24],[6,22,10,2,18,14,8,13,16,5,24,21,12,4],[14,22,6,10,2,18,8,16,5,24],[14,18,22,10,2,6,16,8,13,5,24,21,12,4],[14,2,22,6,10,18,8,16,13,5,24,21,12,4],[2,18,22,14,10,6,8,16,13,5,24,21,12,4],[6,18,22,14,10,2,8,16,5,24],[18,22,14,10,6,2,8,16,13,5,24,21,12,4],[18,10,6,2,22,14,16,8,5,24],[10,14,6,18,2,22,8,16,5,24],[2,6,22,18,14,10,8,16,5,24],[18,6,22,2,14,10,16,8,5,24],[2,10,14,22,6,18,16,8,5,24],[2,22,14,6,10,18,16,8,5,24],[2,14,6,18,22,10,16,8,5,24],[14,18,10,6,22,2,8,16,5,24],[14,6,18,2,10,22,8,16,5,24],[6,10,18,2,22,14,8,16,13,5,24,21,12,4],[22,18,10,2,14,6,8,16,13,5,24,21,12,4],[22,14,6,2,18,10,16,8,5,24],[18,6,10,22,2,14,16,8,13,5,24,21,12,4],[22,6,14,10,18,2,16,8,13,5,24,21,12,4],[14,22,18,2,6,10,8,16,5,24],[6,2,10,22,14,18,8,16,13,5,24,21,12,4],[14,6,2,18,10,22,16,8,13,5,24,21,12,4],[14,2,6,10,22,18,16,8,13,5,24,21,12,4],[22,2,10,14,18,6,16,8,13,5,24,21,12,4],[2,18,14,6,10,22,8,16,5,24],[14,22,2,18,10,6,16,8,5,24],[18,6,22,2,14,10,16,8,5,24],[18,2,22,6,10,14,8,16,13,5,24,21,12,4],[14,22,6,18,10,2,8,16,13,5,24,21,12,4],[18,2,14,10,6,22,8,16,13,5,24,21,12,4],[14,2,22,10,18,6,16,8,13,5,24,21,12,4],[6,10,2,22,14,18,16,8,5,24],[22,2,18,10,6,14,16,8,5,24],[18,22,14,6,2,10,16,8,13,5,24,21,12,4],[14,2,18,6,22,10,8,16,13,5,24,21,12,4],[10,2,22,14,6,18,8,16,13,5,24,21,12,4],[14,18,2,10,6,22,16,8,5,24],[2,10,14,6,18,22,8,16,13,5,24,21,12,4],[18,10,22,6,2,14,16,8,13,5,24,21,12,4],[6,10,2,14,22,18,16,8,5,24],[14,22,10,2,6,18,16,8,13,5,24,21,12,4],[14,22,6,18,2,10,16,8,13,5,24,21,12,4],[18,6,10,22,2,14,16,8,5,24],[10,22,14,2,18,6,8,16,5,24],[18,10,22,6,2,14,16,8,5,24],[2,6,22,18,10,14,8,16,13,5,24,21,12,4],[14,6,10,2,22,18,8,16,5,24],[18,10,14,2,6,22,8,16,5,24],[18,10,2,22,14,6,16,8,5,24],[14,22,2,10,18,6,16,8,13,5,24,21,12,4],[6,22,14,10,18,2,16,8,5,24],[6,14,22,2,18,10,16,8,13,5,24,21,12,4],[14,18,6,10,2,22,16,8,13,5,24,21,12,4],[14,2,6,10,18,22,16,8,13,5,24,21,12,4],[2,18,14,22,6,10,8,16,13,5,24,21,12,4],[18,2,22,10,14,6,8,16,13,5,24,21,12,4],[10,18,22,6,14,2,16,8,13,5,24,21,12,4],[2,14,22,10,6,18,8,16,5,24],[22,18,6,14,10,2,16,8,13,5,24,21,12,4],[2,6,18,10,22,14,8,16,5,24],[22,14,10,18,2,6,16,8,5,24],[22,14,18,2,10,6,8,16,13,5,24,21,12,4],[22,6,18,10,14,2,16,8,13,5,24,21,12,4],[10,22,6,2,18,14,16,8,13,5,24,21,12,4],[2,22,14,6,10,18,16,8,13,5,24,21,12,4],[18,10,14,22,6,2,16,8,5,24],[14,10,6,18,22,2,8,16,5,24],[18,14,6,22,2,10,8,16,5,24],[18,22,10,14,2,6,16,8,5,24],[10,14,22,2,18,6,16,8,5,24],[6,14,10,2,18,22,16,8,5,24],[6,18,14,2,10,22,16,8,13,5,24,21,12,4]],"n_human":6}