{"problem_id":"OyNTv7w2tf8yH1l","sigma":150,"alpha":10.000,"cost":0,"probabilities":"[0.28, 0.17, 0.38, 0.17]","payoff_matrix":"[[-93, 169, -112, -111, -107, 34], [-236, -162, -168, 284, 279, 356], [-79, -212, -54, -134, -156, 187], [67, 164, 42, -80, -32, -139]]","uncovered":[[3,23,15,19,11,7,9,1,13],[19,23,3,11,7,15,21],[15,7,23,11,19,3,9,21],[15,3,11,23,7,19,9,1,17],[15,3,11,7,19,23,9,1,16],[19,3,11,7,23,15,9,21],[3,11,7,19,15,23,9,21],[11,23,3,15,7,19,21],[3,15,19,11,23,7,21],[11,23,7,19,15,3,9,1,17],[15,3,23,11,7,19,9,1,16],[3,23,19,11,15,7,9,4,21],[3,11,23,7,15,19,21],[15,19,7,11,23,3,9,1,22],[19,7,23,15,3,11,21],[7,15,23,3,19,11,21],[11,23,7,15,3,19,21],[23,7,11,19,15,3,21],[23,11,7,19,15,3,9,1,18,21],[11,23,15,19,3,7,9,1,21],[7,3,15,11,19,23,9,1,21],[19,3,7,23,15,11,9,1,18,21],[3,15,11,19,23,7,9,1,20],[23,7,3,19,15,11,21],[11,23,15,7,3,19,21],[11,3,15,7,23,19,21],[3,15,11,19,7,23,9,1,16],[19,3,11,7,15,23,9,1,21],[15,11,19,23,7,3,21],[15,19,23,3,7,11,21],[19,3,11,23,7,15,21],[19,7,23,11,3,15,9,21],[15,11,7,19,23,3,9,21],[23,7,15,19,3,11,21],[11,7,15,19,3,23,21],[19,3,23,15,7,11,21],[3,23,19,15,11,7,21],[7,3,11,23,19,15,21],[3,7,15,19,23,11,9,21],[3,23,15,11,19,7,21],[11,23,19,3,7,15,21],[15,11,19,23,7,3,9,1,16],[23,7,15,19,11,3,21],[7,3,15,19,11,23,9,4,21],[19,11,3,15,7,23,21],[19,7,15,23,11,3,21],[15,23,11,7,3,19,21],[19,23,11,7,3,15,9,1,17],[11,7,3,19,15,23,21],[23,19,15,7,11,3,9,1,6],[23,19,15,3,7,11,9,21],[19,11,23,7,15,3,9,21],[19,23,11,15,7,3,9,1,10],[7,15,19,11,3,23,9,1,5,21],[11,19,7,23,15,3,9,1,16],[15,7,3,23,11,19,9,21],[7,19,15,11,23,3,9,21],[3,15,7,23,19,11,21],[19,11,3,23,15,7,21],[15,7,19,23,11,3,21],[7,15,23,3,11,19,9,21],[19,11,7,23,3,15,21],[7,15,11,3,23,19,9,21],[19,23,7,15,3,11,21],[19,23,15,7,11,3,21],[15,11,23,19,7,3,21],[15,19,7,3,11,23,21],[19,15,3,7,11,23,21],[7,15,19,11,3,23,21],[23,11,7,3,15,19,21],[11,7,3,19,15,23,21],[15,19,3,11,7,23,9,21],[23,3,15,19,7,11,9,2,13],[11,19,15,3,7,23,21],[15,3,11,23,7,19,21],[3,19,7,15,23,11,21],[7,19,11,23,15,3,21],[7,3,19,15,11,23,9,21],[11,19,7,23,15,3,21],[7,23,15,19,3,11,21],[11,3,19,23,15,7,9,1,16],[11,3,15,19,7,23,9,24,1,13,21],[23,19,15,7,3,11,21],[11,15,19,3,7,23,9,21],[23,15,11,3,7,19,21],[23,11,15,19,7,3,9,21],[7,23,11,19,15,3,21],[7,19,15,3,11,23,9,1,6],[7,11,3,15,23,19,9,1,13],[19,3,11,23,7,15,21],[11,19,23,3,7,15,9,1,16],[11,7,3,15,23,19,21],[7,23,3,11,15,19,9,1,16],[11,7,15,23,19,3,9,21],[23,19,11,7,3,15,9,1,12,24,8,21],[23,15,3,11,7,19,9,22],[11,19,7,23,15,3,9,21],[23,11,3,15,7,19,9,1,8,21],[11,19,23,15,3,7,9,21],[7,11,23,19,3,15,21],[19,3,7,11,23,15,21],[3,19,7,15,11,23,9,1,18,21],[7,3,15,11,19,23,21],[23,11,15,3,7,19,9,21],[3,23,15,7,19,11,21],[3,11,23,19,7,15,9,1,12,24,13,21],[15,3,11,23,7,19,21],[15,23,19,7,11,3,22],[23,3,11,19,7,15,9,21],[23,3,11,7,15,19,9,1,13],[7,23,3,19,11,15,9,21],[15,7,3,23,11,19,21],[19,15,3,7,11,23,21],[3,23,19,15,7,11,21],[23,3,11,15,7,19,21],[3,11,23,19,7,15,21],[19,11,7,23,15,3,21],[15,19,23,7,3,11,9,1,20],[3,11,7,19,15,23,21],[15,7,23,11,3,19,9,21],[11,7,19,23,3,15,9,21],[7,19,11,3,23,15,21],[19,7,15,11,23,3,9,1,21],[11,19,3,15,23,7,9,1,18,21],[11,7,19,3,15,23,21],[19,15,11,23,3,7,9,1,4,22],[3,23,15,19,11,7,21],[3,7,11,15,19,23,21],[23,3,15,7,19,11,9,21],[15,19,23,11,3,7,9,2,17],[7,11,19,23,3,15,9,21],[7,3,23,11,15,19,21],[7,3,11,23,15,19,9,21],[3,7,19,15,11,23,9,21],[23,7,3,19,11,15,9,1,10],[11,15,23,7,19,3,9,21],[3,7,11,19,15,23,9,1,21],[23,3,11,15,7,19,9,21],[19,7,23,15,3,11,21],[23,15,3,7,11,19,21],[15,11,23,19,7,3,21],[15,11,23,7,19,3,21],[11,7,23,3,15,19,9,21],[15,11,3,19,7,23,9,1,22],[11,3,19,15,7,23,9,1,20],[19,11,7,3,15,23,21],[11,7,23,15,3,19,9,21],[15,11,23,19,7,3,21],[3,7,23,15,11,19,21],[7,3,15,23,19,11,21],[15,3,7,23,19,11,21],[11,3,19,23,15,7,9,21],[15,11,3,23,19,7,21],[23,11,19,15,7,3,9,17,1],[19,7,11,15,3,23,21],[15,23,11,3,7,19,9,21],[19,11,3,23,15,7,9,21],[3,7,15,19,11,23,9,4,21],[15,3,23,19,7,11,21],[3,11,23,19,7,15,21],[15,7,3,11,19,23,21],[7,15,19,3,11,23,9,21],[11,7,19,23,15,3,9,21],[23,7,3,11,15,19,9,21],[23,7,3,19,15,11,9,21],[19,15,7,11,3,23,21],[3,19,7,15,11,23,21],[3,7,15,23,11,19,9,21],[3,11,7,15,19,23,21],[23,7,15,19,11,3,9,4,21],[19,23,15,11,7,3,9,1,8,24,13,21],[7,11,19,15,23,3,21],[3,7,11,23,19,15,21],[7,19,3,11,23,15,21],[7,15,11,23,3,19,9,1,14,21],[15,7,3,11,23,19,9,21],[15,3,19,23,7,11,9,1,18,21],[11,3,7,15,19,23,21],[23,15,7,11,3,19,21],[15,11,7,3,23,19,21],[3,19,7,11,23,15,21],[19,23,15,7,11,3,9,1,21],[15,3,19,11,23,7,9,21],[23,7,19,3,15,11,9,21],[3,19,11,15,7,23,9,1,13],[19,15,11,3,23,7,21],[11,15,19,3,7,23,9,21],[23,7,19,3,15,11,9,21],[15,7,11,19,3,23,21],[7,19,23,15,3,11,9,4,21],[23,15,3,11,7,19,21],[11,3,15,19,23,7,21],[3,7,23,11,15,19,21],[7,11,23,19,3,15,21],[11,23,15,7,3,19,9,1,14,21],[15,11,3,23,19,7,9,21],[11,3,7,19,15,23,21],[7,11,23,3,15,19,9,1,14,21],[11,15,23,7,3,19,21],[3,15,19,11,7,23,21],[3,15,23,19,7,11,21],[23,3,11,19,7,15,21],[7,11,23,3,19,15,21],[3,19,15,7,11,23,21],[19,3,7,11,15,23,9,21],[15,23,3,11,19,7,21],[23,11,7,15,3,19,9,1,6],[11,15,23,19,3,7,21],[19,11,3,7,23,15,21],[19,7,23,3,15,11,9,1,16],[19,23,11,7,3,15,21],[11,19,15,3,23,7,21],[23,19,15,7,11,3,9,21],[7,19,15,3,23,11,9,1,17],[11,3,7,23,15,19,21],[23,19,3,11,15,7,9,1,24,13,17],[11,19,15,7,3,23,9,1,4,16],[3,15,7,23,19,11,21],[19,7,11,3,23,15,21],[23,7,15,19,3,11,9,21],[19,11,23,15,7,3,21],[23,11,3,15,19,7,9,1,10],[19,7,3,11,15,23,21],[7,19,3,23,15,11,9,1,14,21],[23,11,3,19,7,15,9,1,17],[11,19,3,7,15,23,21],[23,11,3,19,7,15,9,21],[3,19,15,23,7,11,9,21],[3,23,11,7,19,15,9,1,5,21],[23,7,19,15,11,3,21],[23,7,11,3,19,15,9,1,18,21],[7,3,11,15,23,19,21],[19,15,11,23,7,3,9,13,1],[3,23,19,7,11,15,21],[15,23,7,3,19,11,21],[19,7,11,23,3,15,21],[15,11,3,19,23,7,9,1,6],[11,15,19,3,23,7,9,1,13],[15,23,19,11,3,7,9,22],[23,7,3,19,11,15,21],[11,7,15,23,3,19,21],[19,23,15,3,11,7,9,21],[15,3,7,23,19,11,21],[23,3,11,7,19,15,9,21],[3,19,11,23,15,7,9,21],[23,11,3,15,7,19,21],[3,19,23,15,7,11,9,1,14,21],[3,11,23,7,15,19,9,21],[3,23,19,11,7,15,21],[19,11,3,15,23,7,9,21],[19,3,11,15,7,23,9,1,17],[7,23,3,19,15,11,21],[23,3,7,11,15,19,9,21],[3,23,7,15,11,19,9,21],[3,7,15,19,11,23,21],[15,3,19,7,23,11,21],[15,11,3,19,7,23,9,1,24,13,21],[7,19,11,3,15,23,9,21],[3,23,11,7,19,15,9,1,21],[19,11,15,23,7,3,9,21],[19,11,7,23,3,15,21],[3,11,7,15,19,23,9,21],[3,15,11,7,19,23,21],[19,23,3,7,11,15,21],[19,23,3,7,15,11,9,1,17],[3,15,23,7,19,11,9,1,2,13],[15,7,11,23,3,19,21],[7,3,23,19,15,11,21],[7,15,3,23,19,11,21],[7,3,15,19,11,23,21],[19,15,11,7,3,23,21],[11,7,23,19,15,3,9,21],[11,23,15,3,19,7,21],[3,7,11,23,15,19,9,1,21],[7,19,23,3,11,15,21],[23,11,19,7,15,3,9,1,20],[11,15,7,19,23,3,9,1,21],[11,19,3,23,7,15,9,1,13],[15,11,7,19,3,23,9,4,1,21],[3,11,19,23,7,15,21],[19,7,3,23,11,15,21],[11,23,19,3,15,7,9,21],[19,7,3,23,15,11,21],[15,23,19,11,7,3,9,1,13],[11,23,15,7,3,19,21],[23,3,11,7,19,15,9,21],[23,7,19,3,15,11,9,21],[7,15,3,19,11,23,21],[19,23,11,3,7,15,9,1,5,21],[23,3,19,15,7,11,21],[23,15,3,19,11,7,9,21],[11,23,15,7,3,19,9,21],[3,19,11,23,7,15,21],[11,19,3,15,7,23,21],[19,11,7,3,15,23,21],[15,19,23,3,11,7,21],[15,7,23,3,11,19,9,1,13],[7,3,15,19,11,23,21],[19,7,3,15,11,23,21],[23,11,19,15,7,3,9,21],[7,19,11,23,15,3,9,21],[15,23,3,7,11,19,21],[3,19,11,7,23,15,9,17,21],[11,19,23,7,15,3,21],[15,11,19,7,23,3,9,24,1,13,21],[3,15,19,7,11,23,21],[23,7,11,19,15,3,9,1,21],[23,3,7,11,15,19,9,1,13],[15,7,11,19,23,3,9,1,13],[3,11,19,7,15,23,9,1,14,21],[23,11,7,15,19,3,21],[19,3,15,7,11,23,21],[3,19,23,11,7,15,9,1,13],[3,19,15,23,11,7,21],[19,7,15,11,23,3,21],[7,23,15,11,3,19,21],[3,15,19,11,7,23,9,21],[23,15,19,7,11,3,9,21],[11,3,7,15,19,23,21],[11,15,19,23,3,7,21],[15,7,11,3,23,19,9,21],[11,19,23,7,3,15,9,21],[7,23,11,19,15,3,9,1,20],[11,3,23,15,19,7,9,14,21,13],[15,7,3,11,19,23,21],[11,15,23,7,19,3,21],[23,7,3,11,15,19,9,21],[15,11,19,3,7,23,9,21],[23,11,7,19,3,15,9,21],[7,15,11,3,23,19,9,21],[7,11,23,19,3,15,9,21],[7,11,19,23,15,3,9,1,20],[19,3,15,11,23,7,21],[11,3,15,23,19,7,9,22],[11,3,23,19,15,7,9,1,13],[3,11,23,15,19,7,9,1,14,21],[15,3,19,11,23,7,9,21],[7,11,3,23,19,15,21],[11,23,19,15,7,3,21],[3,15,7,23,19,11,21],[19,11,3,15,7,23,21],[19,11,23,7,15,3,9,21],[3,23,11,19,7,15,9,1,24,13,18,17],[23,7,19,3,11,15,9,21],[7,19,3,23,11,15,21],[7,23,19,11,15,3,9,1,16],[7,19,3,15,11,23,9,1,14,21],[11,23,15,19,3,7,9,1,21],[15,7,3,11,23,19,9,21],[11,7,15,23,19,3,21],[3,15,19,11,7,23,24,9,1,13,21],[7,23,19,11,15,3,21],[15,11,19,7,3,23,21],[23,3,15,7,11,19,21],[7,11,3,15,19,23,9,1,5,21],[7,3,23,11,15,19,9,1,12,21],[11,7,19,23,15,3,21],[11,15,19,23,7,3,9,22],[7,19,23,15,3,11,21],[23,19,3,15,7,11,21],[19,7,11,3,23,15,9,1,24,13,17],[23,19,3,11,15,7,9,21],[11,19,23,15,3,7,9,21],[7,11,3,15,23,19,9,22],[19,3,7,23,11,15,21],[23,15,19,7,3,11,9,1,16],[3,7,11,19,23,15,9,21],[3,11,23,7,15,19,21],[15,3,7,23,11,19,21],[3,15,19,11,23,7,9,21],[3,11,7,23,15,19,21],[3,15,11,19,23,7,21],[15,19,11,23,7,3,9,22],[11,19,15,3,7,23,21],[11,3,23,7,15,19,9,21],[15,19,3,7,23,11,21],[15,3,23,11,19,7,10,21],[11,23,7,3,19,15,9,21],[19,15,23,7,3,11,9,21],[19,11,7,3,15,23,2,9,21],[19,7,23,3,11,15,9,21],[19,11,3,15,7,23,9,1,21],[7,15,11,23,3,19,1,21],[15,11,19,7,23,3,21],[7,3,23,19,15,11,9,1,21],[19,7,23,15,3,11,9,1,22],[23,19,3,7,15,11,9,21],[7,19,11,23,15,3,21],[3,23,15,11,19,7,21],[23,15,19,7,3,11,21],[11,15,23,7,3,19,21],[7,15,23,3,11,19,9,2,13],[15,19,23,3,7,11,1,21],[15,23,7,11,3,19,9,1,16],[19,23,7,11,3,15,9,1,17],[7,19,11,23,15,3,9,1,22],[7,23,3,19,15,11,21],[19,3,23,15,11,7,9,21],[23,19,7,3,11,15,9,1,13],[11,15,23,7,19,3,9,1,12,8,21],[11,23,3,19,7,15,9,21],[23,15,7,11,3,19,21],[11,3,19,23,7,15,21],[3,23,7,15,19,11,9,2,14,21],[23,15,11,19,7,3,21],[15,7,23,3,11,19,21],[15,11,23,19,7,3,21],[3,23,11,15,19,7,9,21],[11,19,15,23,7,3,21],[15,3,19,11,7,23,21],[23,15,11,7,19,3,9,21],[15,7,23,19,11,3,9,21],[7,11,19,15,23,3,9,21],[11,19,7,3,23,15,21],[7,11,19,23,3,15,21],[15,7,19,11,23,3,9,21],[15,19,23,11,7,3,21],[15,3,19,7,11,23,21],[11,19,15,23,7,3,9,21],[7,23,15,19,3,11,9,1,20],[15,23,3,11,7,19,9,21],[15,11,19,7,23,3,9,21],[15,3,7,23,11,19,21],[15,3,11,23,19,7,9,24,1,13,18,21],[7,23,19,3,11,15,9,21],[23,7,11,19,3,15,9,21],[3,15,11,7,19,23,9,21],[11,23,19,15,3,7,9,21],[11,23,15,7,3,19,21],[15,19,11,3,23,7,9,16,22],[19,7,3,23,11,15,9,1,17],[19,3,7,11,23,15,9,21],[7,23,3,11,19,15,21],[3,19,23,7,11,15,21],[19,3,11,23,7,15,21],[7,19,3,23,15,11,21],[11,3,7,23,15,19,21],[23,15,11,19,3,7,21],[7,23,19,11,3,15,21],[15,11,23,3,7,19,21],[11,3,7,19,23,15,9,21],[7,3,19,23,15,11,9,21],[23,7,3,11,19,15,9,1,2,17],[15,7,23,11,3,19,21],[15,7,23,3,11,19,21],[15,7,19,11,23,3,21],[23,15,19,11,7,3,21],[15,11,3,7,23,19,9,1,14,21],[15,19,11,3,23,7,9,1,21],[23,7,3,19,15,11,9,1,13],[7,23,15,11,3,19,9,1,13],[11,3,15,19,7,23,9,21],[3,15,11,23,7,19,9,21],[19,11,15,3,23,7,21],[11,15,7,23,19,3,21],[19,15,7,11,3,23,9,1,21],[3,11,19,7,23,15,21],[23,19,15,7,11,3,21],[15,19,11,23,7,3,9,1,18,21],[3,19,11,7,23,15,21],[15,23,11,19,7,3,21],[15,11,3,23,7,19,21],[11,19,3,15,7,23,9,1,18,21],[15,19,3,23,11,7,9,1,6],[19,7,3,23,15,11,21],[7,3,19,15,11,23,9,1,5,10,21],[15,3,7,23,11,19,21],[3,7,11,19,15,23,21],[3,7,15,19,11,23,21],[23,11,19,7,3,15,21],[11,7,23,3,19,15,9,21],[11,3,15,23,19,7,21],[11,23,3,19,15,7,21],[19,23,11,3,7,15,9,1,14,21],[3,7,23,19,11,15,9,1,24,13,21],[23,3,19,7,15,11,9,21],[7,11,15,23,3,19,21],[3,19,15,7,11,23,9,1,21],[15,3,19,11,23,7,9,1,5,21],[23,7,11,19,15,3,21],[3,19,15,7,23,11,9,1,18,21],[11,19,23,15,3,7,9,1,21],[7,15,19,23,11,3,9,21],[7,19,23,15,3,11,9,1,21],[19,7,23,15,3,11,21],[11,3,15,19,23,7,21],[11,23,3,7,15,19,21],[7,19,3,11,15,23,9,4,21],[7,19,3,23,11,15,9,21],[19,3,7,11,23,15,9,1,13],[7,3,23,15,11,19,21],[23,3,15,7,19,11,21],[19,3,15,11,23,7,9,1,10],[19,23,11,7,3,15,9,21],[7,15,23,3,19,11,9,1,14,21],[15,23,11,3,19,7,21],[19,7,15,23,3,11,9,21],[15,7,3,11,19,23,21],[11,7,3,23,15,19,21],[15,3,11,23,7,19,9,21],[7,23,3,19,15,11,9,1,20],[3,11,15,19,7,23,21],[3,15,23,11,7,19,21],[7,19,3,15,23,11,9,1,22],[7,11,19,3,15,23,9,21],[11,15,23,7,19,3,9,1,20],[19,3,11,15,23,7,9,1,20],[3,11,23,7,19,15,9,1,13],[7,11,23,3,15,19,9,21],[11,19,23,3,15,7,9,24,1,21],[15,19,23,3,11,7,21],[15,11,7,19,3,23,9,21],[15,11,7,19,3,23,21],[7,11,3,23,19,15,9,1,14,21],[19,7,11,15,3,23,21],[23,15,19,3,11,7,21],[11,19,15,3,23,7,21],[3,7,11,23,15,19,9,21],[3,19,7,15,11,23,21],[3,11,23,19,7,15,9,1,21],[3,19,11,23,15,7,21],[23,11,19,15,3,7,21],[19,7,15,23,3,11,21],[23,3,7,11,19,15,21],[15,19,23,3,11,7,21],[3,23,7,11,15,19,9,1,20],[11,3,19,7,15,23,21],[19,11,15,7,23,3,9,21],[3,11,15,7,19,23,9,1,21],[7,15,19,11,23,3,21],[15,11,19,7,3,23,21],[3,7,15,11,19,23,21],[7,23,15,19,3,11,9,1,20],[19,15,23,7,11,3,9,1,20],[11,23,7,15,3,19,9,1,13],[3,15,11,7,23,19,9,21],[19,11,7,15,3,23,9,21],[7,15,19,3,11,23,9,1,21],[19,11,23,3,15,7,9,1,4,10],[23,3,7,11,19,15,21],[7,23,11,19,15,3,21],[19,15,23,3,7,11,21],[19,15,3,23,7,11,9,21],[23,11,15,19,3,7,9,1,20],[7,23,15,11,3,19,21],[3,15,23,19,7,11,9,1,16],[3,11,15,23,19,7,9,1,24,13,17],[7,19,23,11,3,15,9,1,21],[23,19,11,3,15,7,21],[15,11,3,23,19,7,21],[19,7,11,23,3,15,21],[23,11,3,19,15,7,9,21],[19,11,7,15,3,23,21],[15,19,7,23,3,11,9,21],[23,7,3,11,15,19,9,21],[19,23,15,7,3,11,21],[7,23,3,11,19,15,9,1,20],[15,19,7,23,11,3,9,22],[19,7,15,23,11,3,9,21],[7,15,11,23,3,19,9,21],[7,15,11,23,19,3,9,1,14,21],[3,15,11,7,19,23,21],[23,15,19,11,7,3,21],[7,15,23,11,19,3,21],[15,7,23,3,11,19,9,1,14,21],[3,23,11,15,7,19,9,21],[23,11,7,19,15,3,21],[11,23,7,3,19,15,9,1,22],[15,23,7,3,19,11,21],[19,23,15,11,7,3,9,21],[19,15,3,7,23,11,9,1,14,21],[3,19,11,15,23,7,9,21],[15,11,19,3,23,7,21],[23,15,11,3,7,19,1,9,21],[23,7,11,19,3,15,21],[11,19,15,7,23,3,21],[19,15,23,3,7,11,21],[19,15,23,7,11,3,21],[7,15,11,19,23,3,21],[19,23,11,3,15,7,21],[23,11,7,19,15,3,9,1,21],[15,7,19,3,23,11,9,1,21],[7,3,11,15,19,23,21],[11,15,7,19,23,3,21],[19,3,15,7,11,23,9,1,21],[11,15,23,19,7,3,9,21],[7,11,19,3,15,23,21],[11,23,7,3,19,15,9,21],[3,23,19,15,7,11,9,1,14,21],[3,11,7,19,23,15,9,21],[3,23,7,11,19,15,9,21],[7,11,15,3,23,19,9,1,16],[23,7,19,15,3,11,21],[23,15,19,7,3,11,21],[19,7,23,11,15,3,21],[15,11,3,7,19,23,9,1,14,21],[23,15,3,7,11,19,9,1,13],[15,3,19,11,23,7,9,21],[11,19,23,15,7,3,9,1,13],[3,15,19,23,7,11,9,21],[3,23,19,15,11,7,9,4,21],[3,23,7,15,11,19,21],[15,11,23,7,19,3,9,21],[3,19,15,11,7,23,9,1,24,21],[11,15,7,23,3,19,21],[19,3,11,15,7,23,21],[7,23,3,19,11,15,21],[19,7,3,11,15,23,21],[11,3,19,7,15,23,9,21],[15,7,19,3,11,23,21],[23,15,7,19,3,11,21],[15,23,7,3,19,11,9,21],[3,11,23,7,19,15,9,1,5,21],[11,7,15,19,23,3,9,21],[19,15,23,3,11,7,21],[19,11,7,15,3,23,9,21],[3,15,23,7,19,11,9,1,14,21],[11,3,7,19,15,23,21],[3,7,19,11,15,23,21],[23,11,3,19,15,7,21],[15,7,23,19,3,11,21],[7,19,3,23,15,11,9,22],[23,11,3,19,7,15,21],[3,15,7,19,23,11,21],[7,11,3,23,19,15,21],[7,3,23,11,19,15,9,21],[3,7,19,23,15,11,9,1,21],[11,19,15,23,3,7,21],[23,3,7,19,15,11,21],[15,23,3,19,11,7,21],[11,15,23,7,19,3,9,1,16],[3,11,19,23,15,7,9,21],[11,7,3,15,23,19,9,21],[15,3,23,7,19,11,21],[15,19,7,23,11,3,9,21],[11,19,7,15,23,3,9,21],[7,3,19,15,23,11,21],[19,11,23,3,7,15,21],[23,7,11,3,15,19,9,21],[3,15,11,23,19,7,9,1,5,21],[15,23,7,3,19,11,9,21],[19,7,3,15,11,23,9,21],[19,23,15,3,7,11,9,21],[15,11,3,23,7,19,1,21],[23,3,19,11,7,15,21],[23,11,15,3,19,7,21],[3,11,7,15,19,23,9,21],[23,7,3,19,11,15,21],[23,15,7,11,19,3,9,1,13],[7,19,3,11,23,15,21],[7,15,11,23,19,3,9,1,16],[23,19,11,15,7,3,9,21],[3,15,23,11,19,7,9,21],[15,23,7,19,11,3,9,1,18,21],[7,11,23,19,15,3,21],[7,3,19,15,23,11,21],[19,7,15,11,23,3,21],[19,7,23,15,3,11,9,21],[3,23,11,19,7,15,1,9,14,21],[19,7,15,23,11,3,9,21],[11,7,15,3,19,23,9,1,5,16],[11,19,3,7,23,15,21],[15,3,19,23,11,7,21],[7,3,23,19,15,11,9,1,4,17],[23,19,11,3,7,15,21],[15,19,23,11,7,3,21],[23,15,3,11,7,19,9,1,13],[23,15,3,19,7,11,9,21],[15,7,11,19,23,3,21],[19,11,15,7,23,3,9,1,20],[19,23,3,15,11,7,9,1,24,13,21],[7,11,19,3,23,15,21],[3,19,11,15,23,7,9,1,22],[3,19,15,23,7,11,21],[19,7,3,15,23,11,21],[3,15,19,23,11,7,9,1,20],[11,19,23,3,15,7,21],[15,11,19,23,7,3,21],[7,15,23,19,3,11,9,1,13],[23,3,11,19,7,15,21],[11,19,7,15,23,3,9,1,24,13,21],[7,3,15,11,19,23,9,1,21],[7,23,15,3,11,19,9,1,17],[7,15,19,23,3,11,21],[7,19,3,23,11,15,21],[19,23,11,15,7,3,21],[23,19,3,15,7,11,9,21],[15,23,19,7,11,3,9,21],[3,15,19,7,11,23,21],[19,23,15,11,7,3,9,1,22],[23,19,7,3,15,11,21],[7,11,19,15,3,23,9,1,22],[19,3,23,11,15,7,21],[15,3,11,7,19,23,21],[23,7,3,19,11,15,9,14,21,13],[7,23,19,3,11,15,21],[15,3,11,7,23,19,21],[15,7,23,19,3,11,9,4,21],[7,19,3,11,23,15,21],[19,11,15,23,3,7,9,1,21],[15,19,11,7,3,23,21],[15,23,19,7,3,11,21],[15,23,11,3,19,7,21],[7,19,3,15,11,23,9,1,14,21],[11,15,19,3,7,23,21],[19,15,23,7,11,3,21],[11,19,15,23,3,7,9,21],[3,15,11,23,7,19,9,21],[15,19,7,23,11,3,21],[15,7,23,19,11,3,9,1,17],[3,23,15,19,11,7,9,1,13],[3,11,19,7,15,23,9,1,13],[7,19,23,3,11,15,9,1,22],[11,15,19,7,23,3,9,21],[11,23,7,19,15,3,21],[7,19,15,23,3,11,9,21],[19,15,11,3,7,23,9,21],[11,15,23,7,3,19,21],[23,11,3,7,19,15,9,21],[7,23,11,19,15,3,21],[23,19,15,3,7,11,21],[19,3,23,11,15,7,9,21],[19,11,3,7,15,23,9,1,18,21],[7,15,23,3,19,11,9,21],[19,15,7,11,23,3,21],[11,7,3,23,19,15,21],[7,3,19,15,11,23,21],[19,23,3,7,11,15,21],[11,15,23,19,7,3,21],[15,23,19,7,11,3,21],[3,23,15,11,7,19,9,1,14,21],[7,11,23,19,15,3,9,1,20],[15,3,23,19,7,11,9,21],[7,23,11,3,19,15,21],[7,11,23,15,19,3,9,24,21],[15,3,7,23,11,19,21],[23,3,19,15,11,7,21],[19,23,7,11,3,15,9,1,13],[3,7,19,15,23,11,9,6,21],[15,19,23,7,3,11,21],[19,11,7,23,15,3,9,1,13],[19,7,11,15,3,23,21],[3,7,15,11,23,19,21],[7,15,19,23,3,11,21],[23,15,11,3,19,7,21],[3,19,15,11,7,23,21],[23,15,19,7,11,3,9,21],[23,15,19,3,11,7,21],[15,7,19,3,11,23,21],[7,23,11,19,3,15,9,21],[15,23,7,3,11,19,21],[23,11,15,7,19,3,21],[3,15,11,7,19,23,9,1,10],[11,23,15,3,7,19,9,1,21],[23,11,15,19,7,3,21],[3,7,11,15,23,19,21],[7,19,23,15,11,3,9,1,24,13,5,21],[3,7,19,11,15,23,9,21],[15,3,23,11,19,7,9,1,21],[7,19,15,11,3,23,21],[23,15,11,3,19,7,21],[11,23,7,19,15,3,9,1,5,21],[11,23,15,7,3,19,9,1,6],[19,7,3,15,23,11,9,1,17],[23,19,3,15,7,11,9,21],[3,23,7,19,15,11,9,1,24,13,17],[19,3,15,11,7,23,21],[11,23,19,7,15,3,21],[15,19,3,11,7,23,9,1,2],[3,7,19,11,15,23,21],[7,19,3,15,23,11,9,21],[23,7,19,15,3,11,9,1,5,13],[3,15,7,19,23,11,21],[11,23,19,3,15,7,21],[3,23,11,15,7,19,9,21],[3,7,23,11,19,15,21],[11,19,23,7,3,15,21],[3,19,23,7,15,11,9,1,24,13,21],[7,11,23,19,15,3,9,1,6],[7,3,11,15,19,23,21],[11,15,19,3,23,7,21],[7,15,11,23,19,3,9,21],[23,11,7,3,15,19,21],[19,11,3,23,15,7,9,21],[11,15,19,7,23,3,9,21],[15,3,23,11,7,19,21],[15,3,19,23,7,11,21],[11,3,23,19,7,15,9,21],[23,11,7,19,3,15,9,1,17],[11,23,19,7,15,3,9,1,5,21],[3,23,7,19,11,15,21],[3,23,15,7,19,11,9,21],[11,15,23,7,3,19,21],[11,19,23,7,15,3,21],[7,11,15,23,19,3,9,1,22],[11,19,7,15,23,3,21],[15,7,19,11,3,23,21],[3,7,11,15,23,19,21],[11,23,7,3,15,19,9,10,1],[7,19,15,11,3,23,21],[7,15,3,11,19,23,9,1,17],[15,7,3,19,11,23,9,1,18,21],[7,19,3,23,11,15,21],[7,19,15,3,11,23,21],[23,3,11,7,15,19,9,21],[11,7,23,15,19,3,9,21],[3,11,7,23,19,15,21],[15,11,19,7,3,23,9,1,20],[23,11,7,15,19,3,21],[3,23,11,7,19,15,9,1,13],[15,19,7,3,11,23,9,21],[23,11,19,7,3,15,9,21],[11,3,7,19,23,15,9,22],[7,15,3,19,23,11,9,1,16],[15,11,23,7,19,3,21],[7,15,19,11,3,23,9,21],[15,19,11,7,3,23,9,22],[11,3,15,23,7,19,9,21],[23,19,7,3,15,11,21],[15,11,19,7,23,3,21],[23,19,7,11,3,15,9,21],[11,3,19,7,23,15,21],[3,19,7,11,23,15,9,21],[23,19,7,3,11,15,21],[7,11,19,3,23,15,9,21],[19,11,7,3,23,15,9,1,10],[7,15,23,3,19,11,21],[3,7,23,15,11,19,9,21],[11,19,15,7,23,3,21],[15,3,23,19,7,11,21],[15,3,11,23,7,19,21],[19,3,23,7,15,11,9,1,14,21],[11,15,7,19,3,23,21],[23,19,11,7,15,3,9,21],[7,15,11,3,23,19,9,21],[3,19,23,15,11,7,21],[11,3,23,19,7,15,21],[23,15,3,7,11,19,21],[7,19,23,3,11,15,21],[19,11,15,3,7,23,21],[7,3,19,23,11,15,21],[11,15,7,3,19,23,21],[3,7,15,11,23,19,9,1,13],[19,15,11,7,3,23,21],[11,23,3,19,7,15,21],[7,19,11,3,23,15,9,21],[7,11,19,15,3,23,9,21],[11,23,19,15,7,3,21],[19,7,11,3,23,15,9,1,16],[23,15,3,11,7,19,9,1,17],[7,19,11,23,3,15,21],[3,11,23,19,15,7,9,1,17],[7,15,23,3,11,19,21],[7,11,19,3,23,15,9,1,17],[3,19,15,23,11,7,21],[15,23,7,19,11,3,9,24,1,13,18,17],[15,23,3,19,7,11,9,21],[3,7,15,11,19,23,21],[11,15,19,7,3,23,9,21],[7,15,11,23,3,19,21],[11,3,7,15,19,23,9,1,17],[7,15,19,23,3,11,21],[3,19,15,7,11,23,21],[23,7,19,11,15,3,9,21],[3,23,7,19,11,15,9,21],[15,11,7,3,19,23,21],[19,11,15,7,23,3,21],[15,19,3,11,7,23,9,21],[11,15,23,19,3,7,9,1,13],[7,15,19,23,3,11,21],[7,11,3,15,23,19,21],[15,23,3,19,11,7,21],[19,15,23,11,7,3,9,13,1],[15,3,7,11,19,23,9,21],[11,19,23,7,3,15,21],[7,15,23,19,3,11,21],[3,11,15,23,7,19,21],[7,15,3,23,19,11,9,21],[19,23,11,3,15,7,21],[3,23,15,7,19,11,21],[15,7,23,3,19,11,9,1,22],[7,15,11,3,19,23,21],[23,19,3,11,7,15,9,1,22],[15,3,19,7,11,23,21],[19,23,3,7,11,15,9,24,1,13,21],[15,7,23,3,19,11,9,1,4,21],[3,23,7,19,11,15,9,21],[19,7,23,11,3,15,9,1,13],[3,23,7,11,19,15,21],[15,7,3,11,23,19,9,21],[7,23,15,3,11,19,9,21],[11,3,23,15,19,7,21],[11,7,15,3,23,19,9,1,22],[11,23,7,3,15,19,9,14,21],[15,19,11,23,3,7,21],[7,15,11,19,23,3,21],[3,19,11,23,15,7,21],[15,23,11,7,19,3,21],[7,11,19,3,23,15,9,21],[19,7,11,15,3,23,21],[11,19,7,23,3,15,21],[19,23,15,11,3,7,9,21],[11,3,19,7,15,23,21],[23,3,11,7,19,15,21],[11,15,19,3,23,7,9,21],[23,7,19,11,15,3,21],[19,3,23,7,15,11,21],[7,3,11,15,19,23,9,20,1],[7,15,19,11,23,3,9,21],[11,3,19,23,15,7,9,21],[7,19,15,3,11,23,9,1,5,21],[3,7,23,15,11,19,9,1,13],[3,15,11,7,23,19,21],[7,23,3,11,15,19,9,21],[11,15,23,7,19,3,9,21],[11,15,19,3,7,23,21],[15,3,11,23,19,7,9,21],[11,3,23,15,7,19,9,21],[15,19,23,3,7,11,21],[19,3,7,11,15,23,21],[11,19,7,3,15,23,9,21],[11,19,23,7,15,3,21],[11,15,3,23,19,7,21],[3,11,7,23,15,19,21],[7,23,19,3,15,11,9,21],[3,19,11,23,7,15,9,21],[15,19,7,23,3,11,9,21],[7,3,11,23,15,19,21],[23,7,15,3,19,11,21],[11,7,3,15,19,23,21],[19,3,7,15,23,11,9,1,10],[11,15,3,19,23,7,21],[19,11,7,15,3,23,9,21],[7,11,19,23,15,3,9,1,21],[23,15,19,11,3,7,21],[11,3,23,15,7,19,21],[3,15,23,11,19,7,21],[7,19,23,3,15,11,9,21],[3,15,11,7,19,23,9,21],[15,19,23,11,7,3,9,1,13],[15,11,19,7,3,23,21],[15,11,3,19,23,7,9,21],[19,23,15,11,7,3,21],[3,11,15,23,19,7,9,21],[11,3,23,19,15,7,9,1,22],[7,19,23,11,3,15,21],[15,23,7,19,3,11,9,21],[7,11,3,23,15,19,9,22],[15,23,3,19,11,7,9,1,22],[23,7,11,19,15,3,9,21],[7,11,3,23,15,19,21],[7,11,19,3,15,23,21],[7,15,19,11,3,23,21],[11,23,7,19,3,15,9,1,13],[15,11,3,23,19,7,21],[3,15,11,7,23,19,9,1,17],[7,15,19,23,3,11,9,21],[23,15,11,19,7,3,9,21],[11,19,15,7,23,3,9,21],[19,11,15,23,7,3,9,1,4,16],[11,23,19,7,15,3,9,1,13],[11,15,7,3,19,23,9,21],[19,7,3,15,23,11,21],[23,19,3,15,7,11,21],[15,7,23,3,11,19,21],[3,7,23,15,11,19,1,9,17],[15,7,3,11,19,23,21],[15,19,23,11,7,3,9,1,14,21],[3,23,11,7,19,15,21],[3,23,15,19,11,7,21],[19,3,15,7,11,23,9,21],[7,3,11,19,23,15,9,1,17],[3,11,23,19,7,15,9,21],[23,11,19,15,7,3,21],[23,11,3,15,19,7,9,10,21],[11,19,3,15,23,7,21],[3,11,19,15,7,23,21],[7,15,11,3,23,19,21],[15,19,23,7,11,3,21],[15,3,11,7,19,23,9,21],[19,7,23,11,3,15,9,21],[23,7,11,19,3,15,9,1,22],[15,19,11,7,23,3,9,24,1,14,21,13],[19,15,23,3,7,11,9,21],[23,3,19,7,15,11,21],[19,23,15,3,11,7,21],[23,7,3,19,11,15,21],[15,19,3,7,11,23,21],[23,19,7,3,15,11,9,1,20],[3,15,23,19,7,11,21],[7,19,3,23,11,15,9,21],[23,7,3,11,19,15,21],[15,23,7,11,19,3,21],[7,23,15,11,3,19,21],[19,7,23,3,11,15,9,21],[7,3,11,19,15,23,21],[7,11,19,23,15,3,9,1,12,21],[19,11,15,7,3,23,9,18,21],[3,7,15,11,19,23,9,21],[19,23,11,15,7,3,9,21]],"n_human":7}