{"problem_id": "0JQn1mxOJj59q5x", "sigma": 150, "alpha": 0.1, "cost": 0, "probabilities": "[0.26, 0.29, 0.22, 0.23]", "payoff_matrix": "[[-215, 46, 40, 92, 57, 191], [-2, -209, -21, -100, 155, 116], [-158, 23, -24, 120, 5, -75], [-42, 147, 92, 3, -290, -168]]", "uncovered": [[2, 14, 10, 18, 22, 17, 21, 24, 20, 6, 1, 9, 12, 23, 11, 19], [22, 18, 17, 21, 20, 14, 10], [10, 6, 22, 2, 18, 21, 17, 20], [14, 2, 22, 10, 18, 17, 21, 20], [2, 18, 6, 14, 10, 22, 21, 17, 24, 20, 1, 9, 12, 23, 11, 19], [10, 6, 18, 2, 14, 22, 17, 21, 24, 20, 1, 9, 12, 23, 11, 19], [2, 10, 22, 6, 14, 18, 21, 17, 20], [14, 10, 18, 22, 17, 21, 24, 20, 6, 2, 1, 9, 12, 23, 11, 19], [10, 2, 6, 18, 22, 17, 21, 20], [18, 14, 2, 10, 22, 17, 21, 20], [2, 10, 22, 14, 6, 18, 21, 17, 24, 20, 1, 9, 12, 23, 11, 19], [6, 22, 10, 2, 14, 18, 17, 21, 20], [22, 6, 14, 18, 21, 17, 20], [22, 10, 6, 2, 18, 21, 17, 20], [22, 18, 17, 21, 24, 20, 6, 10, 2, 14, 1, 9, 12, 23, 11, 19], [2, 14, 6, 18, 22, 17, 21, 24, 20, 10, 1, 9, 12, 23, 11, 19], [10, 18, 22, 17, 21, 20, 2], [6, 18, 22, 17, 21, 24, 20, 10, 2, 14, 1, 9, 12, 11, 23, 19], [18, 6, 14, 22, 17, 21, 24, 20, 2, 10, 1, 9, 12, 11, 23, 19], [2, 10, 14, 6, 22, 18, 17, 21, 20], [6, 22, 2, 18, 17, 21, 20], [2, 6, 14, 22, 10, 18, 21, 17, 24, 20, 1, 9, 12, 11, 23, 19], [6, 10, 14, 2, 22, 18, 17, 21, 20], [2, 18, 10, 22, 17, 21, 20], [18, 6, 2, 22, 17, 21, 24, 20, 10, 14, 1, 9, 12, 23, 11, 19], [14, 2, 6, 22, 18, 21, 17, 24, 20, 10, 1, 9, 12, 23, 11, 19], [14, 6, 18, 22, 17, 21, 20], [6, 18, 2, 14, 10, 22, 17, 21, 20], [10, 18, 6, 2, 14, 22, 21, 17, 20], [6, 22, 2, 14, 18, 17, 21, 20], [10, 14, 22, 6, 18, 17, 21, 20], [2, 10, 14, 22, 18, 17, 21, 24, 20, 6, 1, 9, 12, 23, 11, 19], [10, 6, 14, 2, 18, 22, 17, 21, 20], [10, 18, 22, 21, 17, 20, 6], [10, 18, 6, 2, 14, 22, 21, 17, 24, 20, 1, 9, 12, 11, 23, 19], [18, 2, 6, 14, 22, 21, 17, 20], [18, 6, 2, 22, 21, 17, 20], [14, 6, 22, 10, 2, 18, 21, 17, 24, 20, 1, 9, 12, 11, 23, 19], [14, 6, 18, 10, 2, 22, 21, 17, 24, 20, 1, 9, 12, 23, 11, 19], [2, 14, 6, 22, 10, 18, 17, 21, 24, 20, 1, 9, 12, 23, 11, 19], [10, 18, 6, 2, 14, 22, 21, 17, 24, 20, 1, 9, 12, 11, 23, 19], [14, 22, 2, 10, 6, 18, 17, 21, 20], [14, 22, 2, 18, 17, 21, 20], [6, 10, 14, 2, 18, 22, 21, 17, 24, 20, 1, 9, 12, 23, 11, 19], [2, 14, 22, 10, 6, 18, 17, 21, 20], [14, 22, 10, 18, 21, 17, 20], [2, 6, 18, 22, 21, 17, 24, 20, 10, 14, 1, 9, 12, 11, 23, 19], [2, 14, 6, 22, 18, 17, 21, 20], [22, 10, 14, 6, 2, 18, 21, 17, 24, 20, 1, 9, 12, 11, 23, 19], [14, 22, 18, 17, 21, 20, 6], [22, 14, 10, 18, 21, 17, 20], [14, 10, 6, 2, 22, 18, 21, 17, 24, 20, 1, 9, 12, 23, 11, 19], [22, 18, 21, 17, 24, 20, 14, 2, 10, 6, 1, 9, 12, 11, 23, 19], [2, 14, 22, 18, 17, 21, 24, 20, 10, 6, 1, 9, 12, 23, 11, 19], [22, 18, 21, 17, 24, 20, 6, 10, 2, 14, 1, 9, 12, 11, 23, 19], [22, 18, 17, 21, 20, 14, 10], [10, 2, 14, 6, 22, 18, 21, 17, 24, 20, 1, 9, 12, 23, 11, 19], [2, 14, 18, 6, 22, 21, 17, 20], [10, 6, 14, 2, 18, 22, 21, 17, 24, 20, 1, 9, 12, 11, 23, 19], [22, 6, 18, 21, 17, 24, 20, 2, 10, 14, 1, 9, 12, 11, 23, 19], [10, 18, 2, 22, 17, 21, 24, 20, 14, 6, 1, 9, 12, 23, 11, 19], [18, 10, 14, 6, 2, 22, 21, 17, 24, 20, 1, 9, 12, 23, 11, 19], [6, 22, 14, 2, 10, 18, 21, 17, 20], [2, 14, 6, 10, 22, 18, 21, 17, 20], [22, 14, 18, 17, 21, 24, 20, 10, 6, 2, 1, 9, 12, 23, 11, 19], [22, 10, 6, 18, 21, 17, 24, 20, 2, 14, 1, 9, 12, 23, 11, 19], [14, 6, 2, 18, 10, 22, 21, 17, 24, 20, 1, 9, 12, 23, 11, 19], [6, 18, 22, 21, 17, 24, 20, 2, 14, 10, 1, 9, 12, 11, 23, 19], [6, 10, 22, 2, 18, 21, 17, 24, 20, 14, 1, 9, 12, 23, 11, 19], [18, 10, 6, 14, 2, 22, 17, 21, 24, 20, 1, 9, 12, 11, 23, 19], [2, 18, 6, 14, 22, 17, 21, 24, 20, 10, 1, 9, 12, 23, 11, 19], [22, 6, 10, 2, 14, 18, 21, 17, 24, 20, 1, 9, 12, 11, 23, 19], [6, 2, 10, 18, 22, 17, 21, 24, 20, 14, 1, 9, 12, 11, 23, 19], [18, 6, 10, 14, 2, 22, 17, 21, 24, 20, 1, 9, 12, 11, 23, 19], [2, 14, 6, 18, 10, 22, 17, 21, 24, 20, 1, 9, 12, 23, 11, 19], [10, 18, 6, 14, 2, 22, 17, 21, 20], [14, 18, 2, 10, 22, 21, 17, 20], [22, 10, 6, 14, 18, 17, 21, 20], [14, 22, 18, 21, 17, 24, 20, 6, 2, 10, 1, 9, 12, 11, 23, 19], [14, 22, 10, 6, 18, 17, 21, 20], [18, 14, 10, 22, 17, 21, 24, 20, 2, 6, 1, 9, 12, 23, 11, 19], [6, 10, 14, 18, 22, 17, 21, 24, 20, 2, 1, 9, 12, 23, 11, 19], [18, 14, 6, 10, 22, 21, 17, 20], [2, 14, 18, 6, 10, 22, 21, 17, 24, 20, 1, 9, 12, 11, 23, 19], [6, 14, 18, 2, 10, 22, 21, 17, 20], [18, 6, 22, 21, 17, 20, 2], [6, 10, 22, 2, 14, 18, 21, 17, 20], [22, 10, 6, 14, 2, 18, 21, 17, 20], [6, 10, 18, 22, 21, 17, 20], [22, 10, 2, 18, 17, 21, 24, 20, 14, 6, 1, 9, 12, 11, 23, 19], [6, 2, 14, 22, 18, 21, 17, 20], [6, 10, 14, 22, 2, 18, 17, 21, 20], [14, 18, 22, 17, 21, 20, 10], [2, 14, 10, 6, 18, 22, 17, 21, 20], [14, 6, 10, 2, 18, 22, 17, 21, 24, 20, 1, 9, 12, 11, 23, 19], [14, 6, 18, 22, 17, 21, 24, 20, 2, 10, 1, 9, 12, 23, 11, 19], [22, 18, 17, 21, 20, 6, 14], [2, 10, 22, 14, 18, 21, 17, 20], [6, 2, 10, 14, 18, 22, 17, 21, 24, 20, 1, 9, 12, 23, 11, 19], [2, 22, 18, 21, 17, 20, 6], [22, 10, 18, 17, 21, 20, 6], [22, 18, 17, 21, 24, 20, 10, 6, 2, 14, 1, 9, 12, 11, 23, 19], [22, 6, 14, 10, 2, 18, 17, 21, 20], [14, 6, 18, 10, 22, 21, 17, 20], [18, 10, 14, 22, 17, 21, 24, 20, 2, 6, 1, 9, 12, 23, 11, 19], [10, 18, 22, 17, 21, 20, 2, 14], [6, 2, 10, 14, 22, 18, 17, 21, 24, 20, 1, 9, 12, 11, 23, 19], [22, 14, 10, 2, 18, 17, 21, 24, 20, 6, 1, 9, 12, 11, 23, 19], [18, 14, 10, 2, 6, 22, 21, 17, 24, 20, 1, 9, 12, 23, 11, 19], [18, 6, 14, 10, 2, 22, 21, 17, 24, 20, 1, 9, 12, 11, 23, 19], [6, 2, 22, 14, 10, 18, 21, 17, 24, 20, 1, 9, 12, 23, 11, 19], [18, 14, 10, 2, 6, 22, 17, 21, 24, 20, 1, 9, 12, 23, 11, 19], [14, 10, 18, 2, 6, 22, 17, 21, 20], [22, 14, 10, 2, 6, 18, 17, 21, 20], [14, 2, 18, 22, 17, 21, 24, 20, 10, 6, 1, 9, 12, 23, 11, 19], [2, 22, 6, 10, 14, 18, 21, 17, 24, 20, 1, 9, 12, 11, 23, 19], [18, 2, 14, 6, 10, 22, 17, 21, 20], [2, 18, 6, 22, 17, 21, 20], [14, 6, 18, 10, 2, 22, 17, 21, 20], [14, 6, 18, 2, 10, 22, 21, 17, 24, 20, 1, 9, 12, 11, 23, 19], [6, 14, 2, 10, 22, 18, 17, 21, 24, 20, 1, 9, 12, 23, 11, 19], [10, 18, 22, 21, 17, 24, 20, 2, 6, 14, 1, 9, 12, 23, 11, 19], [6, 14, 10, 2, 22, 18, 17, 21, 20], [10, 18, 2, 14, 6, 22, 21, 17, 24, 20, 1, 9, 12, 11, 23, 19], [2, 10, 6, 22, 14, 18, 21, 17, 24, 20, 1, 9, 12, 23, 11, 19], [10, 2, 6, 22, 18, 21, 17, 24, 20, 14, 1, 9, 12, 11, 23, 19], [6, 2, 18, 22, 21, 17, 24, 20, 10, 14, 1, 9, 12, 11, 23, 19], [10, 2, 14, 18, 6, 22, 17, 21, 24, 20, 1, 9, 12, 23, 11, 19], [6, 22, 2, 10, 14, 18, 21, 17, 20], [2, 6, 14, 10, 18, 22, 21, 17, 24, 20, 1, 9, 12, 11, 23, 19], [14, 6, 10, 22, 18, 21, 17, 20], [2, 10, 22, 14, 18, 21, 17, 24, 20, 6, 1, 9, 12, 23, 11, 19], [18, 22, 21, 17, 24, 20, 10, 6, 14, 2, 1, 9, 12, 23, 11, 19], [18, 2, 6, 14, 22, 21, 17, 20], [6, 2, 22, 18, 17, 21, 20], [6, 10, 14, 18, 22, 21, 17, 24, 20, 2, 1, 9, 12, 23, 11, 19], [2, 18, 10, 14, 6, 22, 21, 17, 24, 20, 1, 9, 12, 23, 11, 19], [2, 10, 6, 14, 18, 22, 17, 21, 20], [22, 10, 18, 21, 17, 20, 2], [22, 10, 6, 2, 18, 21, 17, 24, 20, 14, 1, 9, 12, 23, 11, 19], [2, 22, 10, 6, 14, 18, 17, 21, 24, 20, 1, 9, 12, 11, 23, 19], [22, 10, 14, 2, 18, 21, 17, 24, 20, 6, 1, 9, 12, 23, 11, 19], [6, 22, 10, 2, 18, 17, 21, 24, 20, 14, 1, 9, 12, 23, 11, 19], [2, 18, 10, 22, 17, 21, 24, 20, 14, 6, 1, 9, 12, 11, 23, 19], [22, 18, 17, 21, 24, 20, 6, 2, 14, 10, 1, 9, 12, 11, 23, 19], [18, 22, 21, 17, 20, 14, 10], [10, 2, 14, 18, 6, 22, 21, 17, 20], [14, 10, 2, 18, 6, 22, 21, 17, 20], [10, 2, 18, 22, 17, 21, 20], [14, 22, 18, 17, 21, 24, 20, 2, 10, 6, 1, 9, 12, 11, 23, 19], [22, 6, 18, 17, 21, 20], [2, 22, 10, 18, 17, 21, 20], [22, 14, 18, 17, 21, 20, 10], [14, 22, 18, 17, 21, 20, 6], [14, 6, 18, 22, 17, 21, 24, 20, 2, 10, 1, 9, 12, 11, 23, 19], [2, 14, 22, 18, 17, 21, 20], [18, 6, 22, 21, 17, 20, 14], [2, 22, 10, 14, 6, 18, 21, 17, 24, 20, 1, 9, 12, 23, 11, 19], [2, 10, 18, 6, 22, 21, 17, 24, 20, 14, 1, 9, 12, 11, 23, 19], [2, 22, 18, 21, 17, 20, 14], [2, 18, 22, 21, 17, 24, 20, 14, 10, 6, 1, 9, 12, 11, 23, 19], [22, 18, 17, 21, 20, 14, 10], [10, 18, 14, 6, 22, 17, 21, 20], [10, 18, 14, 6, 2, 22, 21, 17, 24, 20, 1, 9, 12, 11, 23, 19], [18, 6, 14, 10, 2, 22, 17, 21, 20], [18, 10, 14, 6, 2, 22, 21, 17, 20], [2, 22, 14, 10, 6, 18, 21, 17, 24, 20, 1, 9, 12, 11, 23, 19], [14, 2, 6, 10, 18, 22, 17, 21, 20], [14, 6, 18, 10, 2, 22, 17, 21, 20], [22, 18, 17, 21, 20, 6, 10], [18, 10, 6, 2, 14, 22, 17, 21, 24, 20, 1, 9, 12, 23, 11, 19], [18, 6, 22, 21, 17, 24, 20, 14, 10, 2, 1, 9, 12, 11, 23, 19], [18, 14, 2, 10, 6, 22, 21, 17, 24, 20, 1, 9, 12, 11, 23, 19], [2, 22, 14, 10, 6, 18, 21, 17, 24, 20, 1, 9, 12, 11, 23, 19], [2, 18, 14, 10, 6, 22, 21, 17, 20], [10, 2, 6, 18, 14, 22, 21, 17, 20], [10, 14, 6, 2, 22, 18, 21, 17, 20], [10, 18, 14, 6, 2, 22, 17, 21, 24, 20, 1, 9, 12, 23, 11, 19], [2, 10, 14, 22, 18, 21, 17, 24, 20, 6, 1, 9, 12, 23, 11, 19], [14, 6, 22, 18, 17, 21, 24, 20, 2, 10, 1, 9, 12, 11, 23, 19], [10, 2, 18, 14, 6, 22, 21, 17, 20], [10, 2, 6, 22, 18, 21, 17, 24, 20, 14, 1, 9, 12, 11, 23, 19], [14, 2, 22, 6, 18, 21, 17, 24, 20, 10, 1, 9, 12, 11, 23, 19], [22, 14, 10, 2, 6, 18, 17, 21, 24, 20, 1, 9, 12, 23, 11, 19], [6, 18, 10, 2, 14, 22, 17, 21, 20], [22, 6, 14, 10, 18, 17, 21, 20], [6, 2, 18, 10, 22, 17, 21, 20], [18, 22, 17, 21, 20, 6, 10], [22, 14, 6, 10, 2, 18, 17, 21, 24, 20, 1, 9, 12, 23, 11, 19], [10, 2, 14, 6, 18, 22, 17, 21, 20], [2, 14, 22, 6, 18, 21, 17, 20], [18, 2, 22, 21, 17, 24, 20, 14, 10, 6, 1, 9, 12, 11, 23, 19], [10, 6, 18, 2, 22, 21, 17, 24, 20, 14, 1, 9, 12, 23, 11, 19], [10, 2, 18, 6, 14, 22, 17, 21, 24, 20, 1, 9, 12, 23, 11, 19], [6, 14, 10, 22, 18, 17, 21, 20], [14, 2, 18, 10, 6, 22, 17, 21, 20], [14, 10, 2, 6, 18, 22, 17, 21, 20], [18, 6, 22, 17, 21, 20, 14], [22, 2, 18, 21, 17, 20, 14], [18, 10, 14, 6, 22, 17, 21, 20], [22, 10, 6, 2, 18, 21, 17, 20], [10, 22, 18, 21, 17, 20, 6], [22, 18, 17, 21, 20, 10, 2], [22, 2, 14, 6, 18, 21, 17, 20], [2, 22, 10, 6, 14, 18, 17, 21, 24, 20, 1, 9, 12, 11, 23, 19], [6, 2, 10, 18, 22, 17, 21, 20], [22, 10, 2, 6, 14, 18, 21, 17, 24, 20, 1, 9, 12, 11, 23, 19], [6, 2, 14, 22, 18, 21, 17, 24, 20, 10, 1, 9, 12, 23, 11, 19], [6, 2, 10, 22, 18, 21, 17, 20], [10, 2, 18, 22, 17, 21, 24, 20, 6, 14, 1, 9, 12, 23, 11, 19], [6, 22, 10, 2, 18, 21, 17, 24, 20, 14, 1, 9, 12, 23, 11, 19], [10, 22, 2, 14, 6, 18, 17, 21, 20], [14, 22, 2, 18, 21, 17, 20], [22, 10, 18, 17, 21, 24, 20, 6, 14, 2, 1, 9, 12, 11, 23, 19], [18, 6, 10, 2, 22, 21, 17, 20], [18, 14, 10, 2, 22, 21, 17, 24, 20, 6, 1, 9, 12, 23, 11, 19], [6, 14, 22, 2, 18, 21, 17, 24, 20, 10, 1, 9, 12, 11, 23, 19], [18, 14, 10, 22, 21, 17, 24, 20, 6, 2, 1, 9, 12, 23, 11, 19], [18, 22, 21, 17, 24, 20, 14, 6, 10, 2, 1, 9, 12, 23, 11, 19], [18, 22, 17, 21, 24, 20, 6, 10, 14, 2, 1, 9, 12, 23, 11, 19], [18, 10, 2, 22, 21, 17, 20, 14], [10, 18, 14, 2, 6, 22, 17, 21, 24, 20, 1, 9, 12, 23, 11, 19], [10, 18, 6, 2, 14, 22, 17, 21, 24, 20, 1, 9, 12, 11, 23, 19], [22, 6, 2, 18, 21, 17, 20], [6, 22, 10, 2, 14, 18, 17, 21, 24, 20, 1, 9, 12, 23, 11, 19], [18, 10, 14, 2, 6, 22, 21, 17, 20], [6, 18, 2, 10, 14, 22, 17, 21, 24, 20, 1, 9, 12, 23, 11, 19], [22, 10, 6, 18, 21, 17, 20], [6, 18, 14, 22, 17, 21, 24, 20, 10, 2, 1, 9, 12, 23, 11, 19], [6, 2, 14, 18, 22, 17, 21, 20], [22, 14, 18, 17, 21, 20, 2], [2, 14, 22, 18, 17, 21, 20], [6, 10, 2, 18, 22, 21, 17, 20], [18, 10, 14, 2, 22, 21, 17, 24, 20, 6, 1, 9, 12, 23, 11, 19], [18, 22, 17, 21, 24, 20, 10, 2, 14, 6, 1, 9, 12, 23, 11, 19], [6, 22, 14, 2, 18, 21, 17, 24, 20, 10, 1, 9, 12, 11, 23, 19], [10, 18, 2, 6, 14, 22, 17, 21, 24, 20, 1, 9, 12, 11, 23, 19], [14, 6, 22, 2, 18, 21, 17, 24, 20, 10, 1, 9, 12, 23, 11, 19], [14, 6, 2, 18, 22, 17, 21, 20], [6, 18, 22, 21, 17, 20, 14], [14, 10, 18, 22, 21, 17, 20], [10, 2, 22, 14, 18, 21, 17, 20], [10, 18, 6, 22, 17, 21, 20], [6, 22, 14, 10, 2, 18, 17, 21, 24, 20, 1, 9, 12, 23, 11, 19], [18, 6, 10, 2, 22, 21, 17, 20], [2, 6, 14, 22, 18, 17, 21, 24, 20, 10, 1, 9, 12, 11, 23, 19], [18, 2, 22, 21, 17, 20, 10], [14, 6, 2, 18, 22, 21, 17, 24, 20, 10, 1, 9, 12, 23, 11, 19], [18, 6, 10, 22, 21, 17, 20], [14, 6, 18, 10, 22, 21, 17, 24, 20, 2, 1, 9, 12, 23, 11, 19], [2, 18, 10, 22, 21, 17, 20, 6], [6, 10, 14, 2, 22, 18, 17, 21, 20], [22, 14, 10, 18, 21, 17, 24, 20, 6, 2, 1, 9, 12, 11, 23, 19], [18, 10, 14, 22, 17, 21, 24, 20, 2, 6, 1, 9, 12, 23, 11, 19], [22, 6, 2, 14, 18, 21, 17, 24, 20, 10, 1, 9, 12, 23, 11, 19], [22, 14, 6, 2, 10, 18, 17, 21, 24, 20, 1, 9, 12, 11, 23, 19], [10, 2, 18, 6, 14, 22, 17, 21, 24, 20, 1, 9, 12, 11, 23, 19], [14, 22, 18, 21, 17, 20, 6], [14, 2, 10, 22, 18, 21, 17, 20], [6, 18, 14, 10, 22, 17, 21, 24, 20, 2, 1, 9, 12, 23, 11, 19], [22, 18, 17, 21, 24, 20, 2, 10, 14, 6, 1, 9, 12, 23, 11, 19], [6, 14, 18, 2, 22, 21, 17, 24, 20, 10, 1, 9, 12, 23, 11, 19], [6, 22, 14, 2, 18, 17, 21, 24, 20, 10, 1, 9, 12, 11, 23, 19], [22, 14, 18, 17, 21, 24, 20, 2, 10, 6, 1, 9, 12, 11, 23, 19], [10, 6, 18, 14, 2, 22, 21, 17, 20], [10, 2, 22, 6, 14, 18, 17, 21, 20], [2, 6, 18, 22, 21, 17, 24, 20, 14, 10, 1, 9, 12, 23, 11, 19], [2, 6, 18, 14, 22, 17, 21, 20], [6, 18, 14, 22, 21, 17, 24, 20, 2, 10, 1, 9, 12, 23, 11, 19], [2, 18, 6, 10, 22, 17, 21, 20], [18, 22, 21, 17, 24, 20, 10, 6, 14, 2, 1, 9, 12, 11, 23, 19], [18, 2, 14, 10, 22, 21, 17, 20], [2, 10, 18, 6, 22, 17, 21, 20], [14, 10, 18, 6, 22, 21, 17, 20], [18, 10, 14, 2, 22, 17, 21, 20], [6, 14, 18, 22, 17, 21, 24, 20, 10, 2, 1, 9, 12, 11, 23, 19], [14, 18, 22, 17, 21, 24, 20, 2, 6, 10, 1, 9, 12, 23, 11, 19], [10, 22, 2, 14, 18, 17, 21, 20], [14, 10, 22, 18, 21, 17, 20], [10, 2, 22, 18, 17, 21, 24, 20, 6, 14, 1, 9, 12, 23, 11, 19], [14, 18, 6, 10, 2, 22, 17, 21, 20], [18, 14, 22, 21, 17, 24, 20, 2, 10, 6, 1, 9, 12, 23, 11, 19], [10, 2, 22, 6, 14, 18, 21, 17, 24, 20, 1, 9, 12, 11, 23, 19], [18, 14, 10, 6, 2, 22, 17, 21, 24, 20, 1, 9, 12, 23, 11, 19], [22, 10, 2, 14, 6, 18, 17, 21, 20], [18, 10, 6, 22, 17, 21, 24, 20, 2, 14, 1, 9, 12, 23, 11, 19], [10, 18, 22, 17, 21, 20, 2, 6], [18, 2, 6, 10, 14, 22, 17, 21, 24, 20, 1, 9, 12, 23, 11, 19], [10, 18, 14, 2, 22, 17, 21, 24, 20, 6, 1, 9, 12, 23, 11, 19], [22, 18, 21, 17, 24, 20, 6, 10, 14, 2, 1, 9, 12, 11, 23, 19], [18, 10, 6, 22, 21, 17, 20], [6, 2, 14, 22, 10, 18, 17, 21, 24, 20, 1, 9, 12, 11, 23, 19], [18, 2, 14, 6, 22, 17, 21, 24, 20, 10, 1, 9, 12, 11, 23, 19], [18, 10, 22, 17, 21, 24, 20, 14, 2, 6, 1, 9, 12, 11, 23, 19], [22, 10, 18, 21, 17, 20, 14], [22, 14, 2, 18, 21, 17, 20], [10, 6, 22, 14, 2, 18, 17, 21, 24, 20, 1, 9, 12, 23, 11, 19], [2, 18, 10, 14, 6, 22, 17, 21, 24, 20, 1, 9, 12, 23, 11, 19], [18, 14, 6, 10, 22, 17, 21, 20], [22, 10, 14, 18, 17, 21, 20], [22, 2, 18, 21, 17, 20, 10, 6], [10, 18, 2, 14, 6, 22, 17, 21, 24, 20, 1, 9, 12, 11, 23, 19], [10, 18, 2, 6, 22, 21, 17, 20], [14, 6, 18, 22, 17, 21, 20], [6, 14, 18, 10, 22, 21, 17, 24, 20, 2, 1, 9, 12, 11, 23, 19], [2, 22, 14, 6, 18, 21, 17, 24, 20, 10, 1, 9, 12, 23, 11, 19], [10, 22, 6, 14, 18, 21, 17, 20], [10, 2, 14, 6, 18, 22, 21, 17, 24, 20, 1, 9, 12, 23, 11, 19], [10, 18, 14, 6, 2, 22, 21, 17, 24, 20, 1, 9, 12, 11, 23, 19], [2, 14, 6, 18, 10, 22, 21, 17, 20], [14, 22, 6, 2, 10, 18, 17, 21, 24, 20, 1, 9, 12, 11, 23, 19], [10, 2, 22, 14, 6, 18, 21, 17, 24, 20, 1, 9, 12, 23, 11, 19], [10, 14, 2, 22, 6, 18, 21, 17, 24, 20, 1, 9, 12, 23, 11, 19], [18, 14, 10, 22, 21, 17, 20], [14, 2, 6, 10, 22, 18, 21, 17, 20], [18, 14, 22, 21, 17, 24, 20, 2, 10, 6, 1, 9, 12, 11, 23, 19], [6, 14, 10, 18, 22, 17, 21, 20], [14, 2, 22, 6, 10, 18, 21, 17, 20], [18, 22, 21, 17, 24, 20, 6, 14, 10, 2, 1, 9, 12, 11, 23, 19], [22, 10, 18, 21, 17, 20, 6], [22, 14, 10, 6, 18, 17, 21, 20], [6, 2, 14, 18, 22, 17, 21, 20], [18, 2, 22, 21, 17, 20, 14], [14, 2, 6, 22, 10, 18, 21, 17, 20], [10, 18, 2, 6, 14, 22, 21, 17, 20], [18, 6, 22, 17, 21, 20, 10], [6, 22, 18, 21, 17, 24, 20, 2, 14, 10, 1, 9, 12, 23, 11, 19], [18, 14, 22, 21, 17, 24, 20, 6, 10, 2, 1, 9, 12, 23, 11, 19], [6, 10, 14, 18, 2, 22, 21, 17, 24, 20, 1, 9, 12, 23, 11, 19], [14, 22, 10, 6, 18, 21, 17, 20], [18, 10, 22, 17, 21, 24, 20, 2, 14, 6, 1, 9, 12, 23, 11, 19], [22, 14, 6, 10, 18, 21, 17, 20], [6, 2, 10, 14, 22, 18, 17, 21, 20], [22, 6, 2, 14, 10, 18, 21, 17, 24, 20, 1, 9, 12, 11, 23, 19], [22, 6, 18, 21, 17, 24, 20, 2, 10, 14, 1, 9, 12, 23, 11, 19], [10, 14, 22, 6, 18, 17, 21, 24, 20, 2, 1, 9, 12, 11, 23, 19], [10, 18, 6, 14, 2, 22, 17, 21, 24, 20, 1, 9, 12, 11, 23, 19], [10, 2, 18, 22, 17, 21, 24, 20, 6, 14, 1, 9, 12, 23, 11, 19], [14, 18, 22, 17, 21, 24, 20, 6, 10, 2, 1, 9, 12, 23, 11, 19], [14, 22, 2, 10, 18, 17, 21, 24, 20, 6, 1, 9, 12, 23, 11, 19], [6, 14, 22, 10, 18, 17, 21, 24, 20, 2, 1, 9, 12, 11, 23, 19], [22, 10, 6, 2, 14, 18, 21, 17, 24, 20, 1, 9, 12, 23, 11, 19], [22, 14, 18, 17, 21, 20, 2], [22, 10, 14, 18, 21, 17, 24, 20, 6, 2, 1, 9, 12, 11, 23, 19], [6, 18, 10, 14, 2, 22, 21, 17, 24, 20, 1, 9, 12, 11, 23, 19], [22, 14, 10, 2, 18, 21, 17, 20], [18, 14, 10, 22, 17, 21, 20], [6, 10, 18, 2, 22, 17, 21, 20], [6, 14, 22, 18, 21, 17, 20], [2, 18, 22, 21, 17, 24, 20, 10, 14, 6, 1, 9, 12, 23, 11, 19], [6, 2, 22, 18, 17, 21, 20], [18, 6, 14, 10, 22, 17, 21, 20], [22, 6, 10, 18, 21, 17, 20], [2, 6, 14, 10, 22, 18, 17, 21, 24, 20, 1, 9, 12, 23, 11, 19], [2, 18, 10, 14, 22, 17, 21, 20], [6, 14, 10, 18, 2, 22, 21, 17, 24, 20, 1, 9, 12, 23, 11, 19], [18, 10, 22, 21, 17, 24, 20, 14, 2, 6, 1, 9, 12, 11, 23, 19], [14, 6, 10, 22, 2, 18, 21, 17, 20], [14, 10, 18, 22, 17, 21, 24, 20, 6, 2, 1, 9, 12, 11, 23, 19], [18, 2, 10, 14, 6, 22, 17, 21, 24, 20, 1, 9, 12, 11, 23, 19], [18, 2, 6, 10, 22, 21, 17, 24, 20, 14, 1, 9, 12, 11, 23, 19], [22, 18, 21, 17, 24, 20, 10, 14, 2, 6, 1, 9, 12, 23, 11, 19], [10, 18, 2, 14, 22, 21, 17, 20], [14, 2, 6, 10, 18, 22, 21, 17, 20], [22, 6, 18, 17, 21, 24, 20, 2, 10, 14, 1, 9, 12, 23, 11, 19], [22, 14, 2, 10, 18, 17, 21, 20], [10, 2, 22, 6, 18, 21, 17, 24, 20, 14, 1, 9, 12, 23, 11, 19], [2, 22, 18, 21, 17, 20, 14], [6, 10, 14, 18, 2, 22, 21, 17, 20], [22, 2, 10, 18, 17, 21, 20, 14], [2, 10, 18, 6, 22, 17, 21, 20], [18, 22, 21, 17, 24, 20, 6, 14, 2, 10, 1, 9, 12, 11, 23, 19], [2, 18, 10, 22, 21, 17, 20], [2, 22, 6, 18, 21, 17, 24, 20, 14, 10, 1, 9, 12, 23, 11, 19], [10, 22, 14, 6, 2, 18, 21, 17, 20], [18, 6, 22, 17, 21, 20, 14], [2, 6, 18, 14, 10, 22, 21, 17, 20], [10, 22, 18, 21, 17, 24, 20, 14, 2, 6, 1, 9, 12, 11, 23, 19], [10, 22, 14, 6, 18, 17, 21, 20], [10, 14, 18, 22, 21, 17, 20], [6, 18, 22, 17, 21, 24, 20, 14, 10, 2, 1, 9, 12, 11, 23, 19], [22, 2, 14, 10, 18, 17, 21, 24, 20, 6, 1, 9, 12, 23, 11, 19], [10, 18, 6, 2, 14, 22, 21, 17, 20], [10, 14, 6, 2, 18, 22, 21, 17, 24, 20, 1, 9, 12, 11, 23, 19], [10, 22, 2, 6, 18, 21, 17, 24, 20, 14, 1, 9, 12, 11, 23, 19], [2, 10, 22, 14, 18, 17, 21, 20], [10, 22, 18, 21, 17, 20, 6], [18, 14, 2, 22, 21, 17, 20], [14, 10, 18, 6, 22, 17, 21, 24, 20, 2, 1, 9, 12, 23, 11, 19], [18, 2, 22, 21, 17, 20, 14], [10, 14, 6, 2, 22, 18, 21, 17, 24, 20, 1, 9, 12, 11, 23, 19], [18, 6, 10, 14, 22, 17, 21, 24, 20, 2, 1, 9, 12, 23, 11, 19], [6, 22, 14, 18, 21, 17, 20], [18, 2, 14, 22, 17, 21, 24, 20, 10, 6, 1, 9, 12, 11, 23, 19], [14, 22, 10, 6, 2, 18, 17, 21, 20], [22, 18, 21, 17, 24, 20, 6, 2, 14, 10, 1, 9, 12, 23, 11, 19], [2, 14, 10, 22, 18, 21, 17, 20], [18, 6, 14, 2, 10, 22, 21, 17, 24, 20, 1, 9, 12, 11, 23, 19], [18, 6, 2, 22, 21, 17, 24, 20, 14, 10, 1, 9, 12, 11, 23, 19], [22, 10, 18, 17, 21, 20, 2], [18, 10, 14, 6, 2, 22, 17, 21, 20], [14, 10, 6, 22, 18, 21, 17, 20], [10, 22, 6, 2, 14, 18, 21, 17, 20], [10, 18, 6, 22, 21, 17, 20], [10, 14, 22, 2, 6, 18, 17, 21, 24, 20, 1, 9, 12, 11, 23, 19], [18, 6, 10, 22, 21, 17, 24, 20, 14, 2, 1, 9, 12, 11, 23, 19], [22, 10, 18, 21, 17, 20, 14], [10, 14, 18, 2, 22, 17, 21, 24, 20, 6, 1, 9, 12, 23, 11, 19], [6, 10, 18, 14, 2, 22, 17, 21, 20], [2, 6, 14, 22, 18, 21, 17, 24, 20, 10, 1, 9, 12, 23, 11, 19], [10, 6, 14, 2, 18, 22, 17, 21, 24, 20, 1, 9, 12, 11, 23, 19], [6, 10, 22, 14, 18, 21, 17, 24, 20, 2, 1, 9, 12, 23, 11, 19], [2, 6, 22, 10, 14, 18, 17, 21, 24, 20, 1, 9, 12, 23, 11, 19], [2, 6, 10, 18, 14, 22, 21, 17, 20], [22, 14, 6, 18, 21, 17, 20], [6, 2, 10, 22, 18, 21, 17, 24, 20, 14, 1, 9, 12, 23, 11, 19], [10, 22, 18, 17, 21, 20, 6], [10, 14, 22, 2, 18, 17, 21, 20], [14, 18, 2, 6, 10, 22, 17, 21, 24, 20, 1, 9, 12, 23, 11, 19], [2, 18, 22, 17, 21, 20, 10], [22, 18, 17, 21, 20, 6, 14], [10, 18, 14, 6, 2, 22, 17, 21, 20], [14, 6, 10, 22, 2, 18, 17, 21, 24, 20, 1, 9, 12, 11, 23, 19], [14, 2, 10, 6, 22, 18, 21, 17, 20], [18, 10, 22, 21, 17, 20, 14], [14, 2, 18, 22, 17, 21, 20], [2, 6, 14, 10, 18, 22, 21, 17, 20], [18, 6, 22, 21, 17, 24, 20, 2, 14, 10, 1, 9, 12, 11, 23, 19], [18, 10, 6, 22, 17, 21, 20], [14, 22, 6, 2, 18, 21, 17, 20], [18, 2, 10, 14, 22, 21, 17, 20], [10, 2, 6, 14, 22, 18, 17, 21, 24, 20, 1, 9, 12, 11, 23, 19], [14, 2, 18, 10, 22, 17, 21, 24, 20, 6, 1, 9, 12, 23, 11, 19], [14, 6, 18, 22, 17, 21, 20], [14, 6, 18, 2, 10, 22, 21, 17, 20], [2, 14, 10, 6, 18, 22, 21, 17, 20], [2, 6, 14, 18, 22, 17, 21, 20], [10, 18, 2, 14, 22, 21, 17, 20], [6, 14, 22, 10, 2, 18, 21, 17, 24, 20, 1, 9, 12, 23, 11, 19], [22, 2, 6, 10, 18, 21, 17, 20], [6, 2, 14, 10, 18, 22, 17, 21, 20], [18, 22, 17, 21, 20, 2, 14], [2, 22, 10, 14, 6, 18, 21, 17, 20], [22, 6, 14, 18, 21, 17, 20], [18, 2, 14, 6, 10, 22, 21, 17, 24, 20, 1, 9, 12, 11, 23, 19], [14, 10, 18, 6, 22, 17, 21, 24, 20, 2, 1, 9, 12, 23, 11, 19], [6, 18, 10, 22, 17, 21, 24, 20, 2, 14, 1, 9, 12, 11, 23, 19], [14, 10, 18, 2, 6, 22, 17, 21, 20], [2, 10, 22, 6, 14, 18, 21, 17, 24, 20, 1, 9, 12, 23, 11, 19], [14, 10, 6, 22, 18, 21, 17, 24, 20, 2, 1, 9, 12, 11, 23, 19], [10, 2, 22, 14, 18, 17, 21, 24, 20, 6, 1, 9, 12, 23, 11, 19], [2, 10, 14, 18, 6, 22, 17, 21, 24, 20, 1, 9, 12, 23, 11, 19], [14, 18, 10, 2, 6, 22, 17, 21, 24, 20, 1, 9, 12, 23, 11, 19], [2, 6, 10, 14, 18, 22, 21, 17, 24, 20, 1, 9, 12, 11, 23, 19], [18, 14, 10, 22, 21, 17, 20], [14, 22, 10, 18, 21, 17, 20], [2, 10, 18, 6, 22, 17, 21, 20], [2, 6, 10, 18, 22, 17, 21, 24, 20, 14, 1, 9, 12, 11, 23, 19], [2, 22, 14, 6, 10, 18, 21, 17, 24, 20, 1, 9, 12, 23, 11, 19], [22, 14, 10, 6, 2, 18, 21, 17, 20], [2, 10, 22, 6, 18, 17, 21, 24, 20, 14, 1, 9, 12, 23, 11, 19], [10, 6, 2, 14, 22, 18, 17, 21, 24, 20, 1, 9, 12, 11, 23, 19], [10, 22, 14, 2, 18, 17, 21, 24, 20, 6, 1, 9, 12, 23, 11, 19], [2, 14, 6, 22, 18, 21, 17, 20], [22, 2, 18, 21, 17, 20, 14], [14, 2, 18, 10, 22, 21, 17, 24, 20, 6, 1, 9, 12, 11, 23, 19], [6, 14, 10, 22, 2, 18, 21, 17, 20], [14, 10, 6, 18, 22, 17, 21, 24, 20, 2, 1, 9, 12, 23, 11, 19], [14, 22, 2, 18, 21, 17, 20], [6, 14, 2, 10, 22, 18, 21, 17, 24, 20, 1, 9, 12, 23, 11, 19], [6, 10, 22, 14, 18, 21, 17, 20], [22, 10, 18, 21, 17, 24, 20, 2, 14, 6, 1, 9, 12, 23, 11, 19], [6, 18, 2, 22, 21, 17, 20], [10, 6, 22, 14, 2, 18, 21, 17, 24, 20, 1, 9, 12, 11, 23, 19], [6, 10, 22, 14, 18, 17, 21, 24, 20, 2, 1, 9, 12, 11, 23, 19], [10, 6, 2, 22, 14, 18, 21, 17, 20], [14, 10, 6, 2, 22, 18, 17, 21, 24, 20, 1, 9, 12, 23, 11, 19], [10, 22, 2, 18, 17, 21, 20], [22, 6, 10, 2, 18, 17, 21, 20], [10, 6, 2, 18, 22, 21, 17, 24, 20, 14, 1, 9, 12, 23, 11, 19], [14, 22, 6, 2, 18, 17, 21, 24, 20, 10, 1, 9, 12, 23, 11, 19], [2, 6, 10, 18, 14, 22, 21, 17, 24, 20, 1, 9, 12, 11, 23, 19], [22, 6, 2, 18, 17, 21, 20], [10, 22, 2, 18, 17, 21, 24, 20, 6, 14, 1, 9, 12, 11, 23, 19], [6, 18, 14, 22, 21, 17, 20], [2, 6, 14, 22, 18, 17, 21, 24, 20, 10, 1, 9, 12, 11, 23, 19], [2, 14, 6, 18, 22, 17, 21, 20], [10, 18, 2, 6, 14, 22, 21, 17, 24, 20, 1, 9, 12, 11, 23, 19], [6, 10, 2, 18, 22, 21, 17, 24, 20, 14, 1, 9, 12, 11, 23, 19], [22, 2, 6, 14, 10, 18, 17, 21, 24, 20, 1, 9, 12, 11, 23, 19], [6, 18, 2, 14, 22, 21, 17, 24, 20, 10, 1, 9, 12, 11, 23, 19], [18, 6, 14, 10, 2, 22, 21, 17, 24, 20, 1, 9, 12, 11, 23, 19], [6, 14, 22, 10, 2, 18, 17, 21, 20], [22, 10, 18, 21, 17, 24, 20, 6, 2, 14, 1, 9, 12, 11, 23, 19], [22, 14, 18, 21, 17, 20, 6], [6, 10, 2, 14, 22, 18, 21, 17, 24, 20, 1, 9, 12, 23, 11, 19], [18, 22, 21, 17, 24, 20, 6, 2, 14, 10, 1, 9, 12, 23, 11, 19], [10, 18, 14, 6, 22, 21, 17, 24, 20, 2, 1, 9, 12, 11, 23, 19], [14, 10, 22, 6, 18, 17, 21, 20], [14, 2, 10, 22, 6, 18, 21, 17, 20], [14, 22, 6, 18, 21, 17, 24, 20, 10, 2, 1, 9, 12, 11, 23, 19], [6, 18, 22, 17, 21, 20, 10], [10, 14, 6, 18, 22, 17, 21, 20], [22, 14, 6, 10, 18, 17, 21, 20], [10, 6, 2, 14, 22, 18, 17, 21, 20], [2, 22, 6, 10, 14, 18, 21, 17, 20], [10, 14, 2, 18, 6, 22, 21, 17, 24, 20, 1, 9, 12, 11, 23, 19], [18, 6, 10, 22, 21, 17, 24, 20, 14, 2, 1, 9, 12, 23, 11, 19], [22, 14, 18, 21, 17, 24, 20, 6, 10, 2, 1, 9, 12, 11, 23, 19], [22, 18, 17, 21, 20, 2, 14], [14, 22, 18, 17, 21, 20, 6], [14, 18, 10, 2, 22, 21, 17, 20], [6, 10, 14, 18, 2, 22, 17, 21, 20], [2, 6, 14, 10, 22, 18, 21, 17, 24, 20, 1, 9, 12, 11, 23, 19], [22, 6, 14, 18, 17, 21, 20], [2, 14, 6, 22, 18, 21, 17, 20], [6, 2, 14, 18, 22, 21, 17, 20], [10, 18, 14, 2, 6, 22, 17, 21, 24, 20, 1, 9, 12, 11, 23, 19], [18, 10, 14, 22, 21, 17, 24, 20, 2, 6, 1, 9, 12, 23, 11, 19], [22, 10, 2, 6, 14, 18, 21, 17, 20], [10, 18, 6, 14, 22, 17, 21, 24, 20, 2, 1, 9, 12, 11, 23, 19], [10, 18, 14, 22, 17, 21, 20], [18, 2, 22, 21, 17, 20, 6], [10, 14, 2, 22, 18, 17, 21, 24, 20, 6, 1, 9, 12, 11, 23, 19], [6, 18, 22, 21, 17, 24, 20, 2, 10, 14, 1, 9, 12, 11, 23, 19], [2, 6, 22, 10, 18, 21, 17, 24, 20, 14, 1, 9, 12, 23, 11, 19], [2, 6, 22, 10, 14, 18, 21, 17, 20], [22, 10, 18, 21, 17, 20, 14], [6, 14, 18, 10, 2, 22, 21, 17, 24, 20, 1, 9, 12, 23, 11, 19], [6, 10, 22, 18, 21, 17, 24, 20, 14, 2, 1, 9, 12, 23, 11, 19], [6, 10, 18, 2, 14, 22, 17, 21, 24, 20, 1, 9, 12, 23, 11, 19], [6, 10, 22, 14, 18, 21, 17, 20], [18, 14, 6, 22, 21, 17, 20], [2, 22, 6, 14, 18, 17, 21, 20], [6, 10, 18, 22, 21, 17, 20], [6, 22, 18, 17, 21, 20, 14], [2, 10, 14, 6, 18, 22, 21, 17, 20], [22, 10, 14, 6, 18, 17, 21, 20], [22, 18, 17, 21, 20, 10, 2, 6], [14, 2, 10, 22, 6, 18, 21, 17, 20], [6, 14, 2, 22, 10, 18, 17, 21, 20], [10, 22, 18, 21, 17, 20, 6], [2, 10, 14, 18, 6, 22, 17, 21, 24, 20, 1, 9, 12, 11, 23, 19], [22, 18, 21, 17, 24, 20, 6, 14, 10, 2, 1, 9, 12, 11, 23, 19], [2, 18, 22, 17, 21, 24, 20, 14, 6, 10, 1, 9, 12, 11, 23, 19], [18, 14, 22, 17, 21, 24, 20, 10, 6, 2, 1, 9, 12, 23, 11, 19], [10, 14, 22, 2, 6, 18, 17, 21, 24, 20, 1, 9, 12, 23, 11, 19], [2, 18, 22, 21, 17, 20, 6], [6, 18, 14, 22, 17, 21, 24, 20, 10, 2, 1, 9, 12, 23, 11, 19], [22, 10, 14, 6, 18, 21, 17, 20], [22, 2, 10, 6, 14, 18, 17, 21, 20], [14, 10, 18, 22, 17, 21, 20], [10, 2, 18, 22, 21, 17, 24, 20, 14, 6, 1, 9, 12, 23, 11, 19], [6, 22, 18, 21, 17, 20, 10], [14, 18, 22, 21, 17, 20, 2], [18, 14, 22, 21, 17, 24, 20, 10, 6, 2, 1, 9, 12, 23, 11, 19], [2, 22, 14, 10, 18, 17, 21, 20], [6, 14, 10, 22, 18, 21, 17, 24, 20, 2, 1, 9, 12, 11, 23, 19], [2, 10, 22, 6, 18, 21, 17, 20], [14, 10, 6, 18, 2, 22, 21, 17, 20], [14, 22, 10, 2, 6, 18, 17, 21, 20], [18, 2, 6, 22, 21, 17, 20], [10, 6, 18, 22, 21, 17, 20], [22, 14, 10, 18, 21, 17, 24, 20, 2, 6, 1, 9, 12, 11, 23, 19], [18, 2, 10, 14, 6, 22, 21, 17, 24, 20, 1, 9, 12, 23, 11, 19], [18, 6, 2, 10, 22, 17, 21, 20], [14, 22, 18, 21, 17, 24, 20, 10, 6, 2, 1, 9, 12, 11, 23, 19], [14, 18, 22, 21, 17, 24, 20, 10, 2, 6, 1, 9, 12, 11, 23, 19], [18, 22, 21, 17, 20, 10, 14], [14, 22, 18, 21, 17, 20, 2], [2, 18, 14, 22, 17, 21, 24, 20, 6, 10, 1, 9, 12, 23, 11, 19], [10, 6, 18, 2, 14, 22, 17, 21, 24, 20, 1, 9, 12, 23, 11, 19], [18, 22, 21, 17, 20, 14, 6], [10, 14, 22, 2, 18, 21, 17, 20], [18, 22, 17, 21, 20, 14, 10], [2, 10, 18, 6, 14, 22, 21, 17, 24, 20, 1, 9, 12, 11, 23, 19], [2, 18, 10, 14, 6, 22, 17, 21, 24, 20, 1, 9, 12, 11, 23, 19], [18, 6, 22, 21, 17, 24, 20, 10, 14, 2, 1, 9, 12, 23, 11, 19], [6, 14, 2, 18, 22, 21, 17, 24, 20, 10, 1, 9, 12, 11, 23, 19], [6, 2, 10, 22, 18, 17, 21, 20], [22, 6, 10, 14, 18, 17, 21, 24, 20, 2, 1, 9, 12, 23, 11, 19], [2, 6, 18, 14, 10, 22, 21, 17, 20], [14, 2, 10, 22, 6, 18, 17, 21, 24, 20, 1, 9, 12, 23, 11, 19], [10, 18, 14, 22, 17, 21, 24, 20, 2, 6, 1, 9, 12, 11, 23, 19], [2, 22, 14, 10, 6, 18, 21, 17, 20], [10, 14, 6, 2, 18, 22, 21, 17, 24, 20, 1, 9, 12, 11, 23, 19], [10, 6, 22, 14, 18, 17, 21, 24, 20, 2, 1, 9, 12, 23, 11, 19], [10, 6, 18, 2, 14, 22, 21, 17, 24, 20, 1, 9, 12, 23, 11, 19], [22, 2, 18, 17, 21, 20, 10], [6, 10, 22, 18, 21, 17, 20], [14, 18, 10, 22, 21, 17, 24, 20, 6, 2, 1, 9, 12, 11, 23, 19], [18, 22, 21, 17, 20, 10, 6], [22, 2, 6, 14, 18, 21, 17, 20], [10, 6, 18, 14, 22, 21, 17, 20], [18, 6, 14, 22, 17, 21, 20], [14, 18, 22, 17, 21, 24, 20, 2, 10, 6, 1, 9, 12, 11, 23, 19], [22, 6, 18, 21, 17, 20, 10], [10, 2, 14, 18, 22, 21, 17, 20], [2, 22, 18, 17, 21, 20, 6], [6, 22, 14, 2, 18, 21, 17, 24, 20, 10, 1, 9, 12, 11, 23, 19], [14, 10, 22, 18, 17, 21, 20], [22, 14, 10, 2, 18, 17, 21, 24, 20, 6, 1, 9, 12, 23, 11, 19], [22, 18, 17, 21, 20, 10, 6], [14, 22, 2, 6, 18, 17, 21, 24, 20, 10, 1, 9, 12, 11, 23, 19], [6, 2, 22, 14, 18, 21, 17, 20], [22, 2, 18, 17, 21, 20, 10], [2, 14, 18, 22, 17, 21, 24, 20, 10, 6, 1, 9, 12, 11, 23, 19], [22, 10, 14, 6, 2, 18, 21, 17, 24, 20, 1, 9, 12, 11, 23, 19], [22, 18, 21, 17, 20, 10, 2], [6, 14, 2, 18, 22, 21, 17, 20], [22, 14, 2, 10, 6, 18, 21, 17, 20], [18, 2, 14, 6, 10, 22, 17, 21, 24, 20, 1, 9, 12, 23, 11, 19], [6, 2, 14, 22, 10, 18, 21, 17, 24, 20, 1, 9, 12, 11, 23, 19], [14, 6, 22, 10, 18, 17, 21, 24, 20, 2, 1, 9, 12, 11, 23, 19], [22, 6, 10, 14, 18, 17, 21, 20], [18, 22, 17, 21, 24, 20, 6, 14, 10, 2, 1, 9, 12, 11, 23, 19], [6, 14, 10, 22, 2, 18, 21, 17, 24, 20, 1, 9, 12, 11, 23, 19], [2, 10, 14, 22, 6, 18, 17, 21, 20], [22, 6, 14, 18, 21, 17, 20], [10, 14, 2, 18, 6, 22, 17, 21, 20], [10, 2, 14, 22, 18, 17, 21, 24, 20, 6, 1, 9, 12, 11, 23, 19], [10, 14, 18, 6, 2, 22, 17, 21, 24, 20, 1, 9, 12, 23, 11, 19], [22, 2, 18, 17, 21, 24, 20, 14, 10, 6, 1, 9, 12, 23, 11, 19], [18, 22, 17, 21, 24, 20, 6, 14, 2, 10, 1, 9, 12, 23, 11, 19], [18, 22, 17, 21, 20, 14, 2], [18, 10, 14, 6, 22, 17, 21, 20], [22, 6, 10, 2, 14, 18, 21, 17, 24, 20, 1, 9, 12, 23, 11, 19], [6, 18, 2, 14, 10, 22, 21, 17, 20], [22, 14, 6, 18, 21, 17, 20], [22, 6, 14, 10, 18, 21, 17, 24, 20, 2, 1, 9, 12, 11, 23, 19], [22, 2, 18, 21, 17, 20, 14], [10, 22, 2, 14, 18, 21, 17, 20], [14, 18, 22, 21, 17, 20, 2], [10, 6, 14, 18, 2, 22, 17, 21, 24, 20, 1, 9, 12, 11, 23, 19], [10, 6, 22, 2, 14, 18, 21, 17, 24, 20, 1, 9, 12, 23, 11, 19], [18, 10, 22, 21, 17, 24, 20, 6, 2, 14, 1, 9, 12, 23, 11, 19], [22, 14, 10, 2, 6, 18, 21, 17, 24, 20, 1, 9, 12, 23, 11, 19], [22, 2, 18, 21, 17, 24, 20, 6, 10, 14, 1, 9, 12, 11, 23, 19], [2, 14, 6, 10, 22, 18, 17, 21, 20], [10, 6, 2, 14, 18, 22, 21, 17, 24, 20, 1, 9, 12, 23, 11, 19], [14, 2, 22, 6, 18, 21, 17, 24, 20, 10, 1, 9, 12, 23, 11, 19], [22, 10, 18, 17, 21, 24, 20, 14, 6, 2, 1, 9, 12, 11, 23, 19], [14, 6, 2, 22, 10, 18, 21, 17, 24, 20, 1, 9, 12, 23, 11, 19], [18, 10, 6, 2, 22, 21, 17, 20], [22, 10, 6, 14, 2, 18, 21, 17, 20], [6, 10, 14, 2, 22, 18, 17, 21, 24, 20, 1, 9, 12, 23, 11, 19], [2, 22, 10, 6, 18, 17, 21, 20], [22, 10, 6, 18, 21, 17, 24, 20, 14, 2, 1, 9, 12, 11, 23, 19], [2, 14, 10, 6, 22, 18, 17, 21, 24, 20, 1, 9, 12, 11, 23, 19], [6, 18, 10, 14, 2, 22, 17, 21, 24, 20, 1, 9, 12, 11, 23, 19], [14, 22, 18, 17, 21, 20, 6], [22, 6, 10, 2, 14, 18, 17, 21, 24, 20, 1, 9, 12, 11, 23, 19], [22, 6, 10, 18, 17, 21, 20], [2, 10, 18, 14, 22, 17, 21, 20], [2, 6, 14, 22, 10, 18, 17, 21, 24, 20, 1, 9, 12, 11, 23, 19], [18, 14, 2, 10, 22, 17, 21, 20], [10, 6, 22, 2, 14, 18, 17, 21, 20], [2, 14, 6, 22, 18, 17, 21, 24, 20, 10, 1, 9, 12, 23, 11, 19], [2, 14, 22, 6, 10, 18, 17, 21, 20], [6, 18, 10, 2, 14, 22, 21, 17, 20], [18, 14, 22, 21, 17, 24, 20, 2, 6, 10, 1, 9, 12, 11, 23, 19], [10, 6, 14, 18, 2, 22, 17, 21, 24, 20, 1, 9, 12, 11, 23, 19], [22, 10, 2, 18, 21, 17, 20], [2, 18, 10, 14, 22, 21, 17, 24, 20, 6, 1, 9, 12, 11, 23, 19], [10, 2, 18, 6, 14, 22, 21, 17, 24, 20, 1, 9, 12, 23, 11, 19], [10, 22, 14, 2, 6, 18, 21, 17, 20], [14, 22, 18, 21, 17, 24, 20, 6, 10, 2, 1, 9, 12, 11, 23, 19], [2, 18, 22, 17, 21, 24, 20, 10, 14, 6, 1, 9, 12, 11, 23, 19], [10, 2, 18, 22, 21, 17, 24, 20, 14, 6, 1, 9, 12, 23, 11, 19], [14, 6, 18, 22, 21, 17, 24, 20, 10, 2, 1, 9, 12, 11, 23, 19], [6, 14, 2, 22, 18, 21, 17, 24, 20, 10, 1, 9, 12, 23, 11, 19], [6, 18, 14, 10, 22, 21, 17, 24, 20, 2, 1, 9, 12, 23, 11, 19], [14, 18, 2, 10, 6, 22, 21, 17, 20], [22, 2, 6, 10, 18, 17, 21, 20], [22, 18, 17, 21, 24, 20, 6, 10, 14, 2, 1, 9, 12, 23, 11, 19], [18, 14, 2, 22, 17, 21, 20], [22, 10, 6, 18, 17, 21, 24, 20, 14, 2, 1, 9, 12, 23, 11, 19], [14, 18, 6, 10, 22, 21, 17, 20], [18, 2, 6, 10, 14, 22, 21, 17, 20], [18, 10, 14, 2, 22, 17, 21, 24, 20, 6, 1, 9, 12, 11, 23, 19], [18, 10, 2, 14, 6, 22, 21, 17, 20], [18, 14, 10, 2, 6, 22, 17, 21, 24, 20, 1, 9, 12, 23, 11, 19], [18, 2, 10, 6, 14, 22, 17, 21, 24, 20, 1, 9, 12, 23, 11, 19], [14, 18, 22, 17, 21, 24, 20, 6, 10, 2, 1, 9, 12, 23, 11, 19], [2, 14, 10, 6, 22, 18, 21, 17, 24, 20, 1, 9, 12, 11, 23, 19], [18, 14, 2, 6, 10, 22, 17, 21, 24, 20, 1, 9, 12, 23, 11, 19], [22, 2, 10, 6, 18, 17, 21, 24, 20, 14, 1, 9, 12, 11, 23, 19], [22, 14, 18, 17, 21, 24, 20, 6, 10, 2, 1, 9, 12, 23, 11, 19], [22, 6, 18, 17, 21, 24, 20, 10, 2, 14, 1, 9, 12, 23, 11, 19], [10, 18, 14, 6, 22, 21, 17, 24, 20, 2, 1, 9, 12, 11, 23, 19], [2, 6, 10, 18, 22, 17, 21, 20], [22, 10, 14, 18, 21, 17, 20], [14, 18, 22, 17, 21, 24, 20, 10, 2, 6, 1, 9, 12, 23, 11, 19], [22, 18, 21, 17, 24, 20, 14, 2, 10, 6, 1, 9, 12, 23, 11, 19], [22, 10, 6, 18, 17, 21, 24, 20, 2, 14, 1, 9, 12, 11, 23, 19], [2, 6, 18, 10, 22, 21, 17, 20], [6, 14, 10, 22, 18, 21, 17, 20], [22, 10, 6, 2, 14, 18, 17, 21, 24, 20, 1, 9, 12, 23, 11, 19], [14, 2, 22, 18, 21, 17, 24, 20, 6, 10, 1, 9, 12, 11, 23, 19], [6, 10, 22, 2, 18, 17, 21, 24, 20, 14, 1, 9, 12, 23, 11, 19], [6, 10, 18, 2, 22, 17, 21, 24, 20, 14, 1, 9, 12, 11, 23, 19], [22, 2, 10, 18, 17, 21, 24, 20, 6, 14, 1, 9, 12, 11, 23, 19], [2, 18, 10, 6, 22, 17, 21, 24, 20, 14, 1, 9, 12, 11, 23, 19], [2, 6, 18, 10, 14, 22, 17, 21, 24, 20, 1, 9, 12, 11, 23, 19], [14, 2, 6, 18, 10, 22, 17, 21, 20], [22, 18, 17, 21, 24, 20, 2, 10, 14, 6, 1, 9, 12, 11, 23, 19], [18, 10, 22, 21, 17, 20, 6], [10, 14, 18, 6, 2, 22, 17, 21, 20], [2, 6, 10, 14, 22, 18, 21, 17, 24, 20, 1, 9, 12, 23, 11, 19], [22, 18, 21, 17, 24, 20, 6, 10, 2, 14, 1, 9, 12, 11, 23, 19], [6, 2, 10, 18, 14, 22, 21, 17, 24, 20, 1, 9, 12, 11, 23, 19], [10, 14, 18, 2, 6, 22, 17, 21, 24, 20, 1, 9, 12, 23, 11, 19], [18, 22, 21, 17, 24, 20, 6, 10, 14, 2, 1, 9, 12, 11, 23, 19], [10, 2, 6, 22, 14, 18, 17, 21, 20], [18, 10, 14, 22, 21, 17, 20], [18, 14, 2, 6, 10, 22, 21, 17, 24, 20, 1, 9, 12, 23, 11, 19], [22, 10, 18, 21, 17, 24, 20, 2, 14, 6, 1, 9, 12, 23, 11, 19], [22, 2, 14, 10, 18, 17, 21, 24, 20, 6, 1, 9, 12, 11, 23, 19], [14, 22, 18, 17, 21, 20, 10], [22, 6, 10, 2, 18, 21, 17, 24, 20, 14, 1, 9, 12, 23, 11, 19], [6, 18, 22, 21, 17, 20, 14], [14, 6, 10, 18, 22, 21, 17, 20], [18, 6, 22, 17, 21, 24, 20, 10, 14, 2, 1, 9, 12, 23, 11, 19], [6, 18, 14, 2, 10, 22, 21, 17, 20], [10, 18, 22, 17, 21, 24, 20, 6, 14, 2, 1, 9, 12, 11, 23, 19], [2, 6, 18, 10, 22, 21, 17, 20], [22, 18, 21, 17, 24, 20, 10, 6, 2, 14, 1, 9, 12, 11, 23, 19], [2, 22, 14, 18, 17, 21, 20], [22, 10, 6, 18, 17, 21, 20], [22, 14, 2, 18, 21, 17, 24, 20, 6, 10, 1, 9, 12, 11, 23, 19], [6, 2, 18, 10, 22, 17, 21, 24, 20, 14, 1, 9, 12, 11, 23, 19], [10, 6, 2, 18, 14, 22, 17, 21, 24, 20, 1, 9, 12, 23, 11, 19], [2, 22, 18, 21, 17, 24, 20, 6, 10, 14, 1, 9, 12, 11, 23, 19], [22, 10, 6, 2, 14, 18, 17, 21, 24, 20, 1, 9, 12, 23, 11, 19], [2, 10, 14, 18, 6, 22, 21, 17, 24, 20, 1, 9, 12, 11, 23, 19], [6, 10, 2, 22, 18, 21, 17, 24, 20, 14, 1, 9, 12, 11, 23, 19], [14, 2, 10, 22, 18, 21, 17, 24, 20, 6, 1, 9, 12, 23, 11, 19], [18, 22, 17, 21, 20, 14, 6], [6, 10, 14, 18, 2, 22, 21, 17, 20], [14, 6, 2, 22, 18, 21, 17, 20], [14, 6, 22, 18, 21, 17, 20], [14, 10, 6, 22, 18, 17, 21, 24, 20, 2, 1, 9, 12, 23, 11, 19], [22, 6, 10, 2, 14, 18, 21, 17, 24, 20, 1, 9, 12, 23, 11, 19], [18, 14, 2, 6, 10, 22, 21, 17, 20], [22, 18, 17, 21, 24, 20, 2, 14, 10, 6, 1, 9, 12, 11, 23, 19], [10, 22, 2, 18, 21, 17, 20], [2, 10, 6, 14, 18, 22, 17, 21, 24, 20, 1, 9, 12, 23, 11, 19], [22, 10, 6, 14, 18, 17, 21, 20], [2, 22, 10, 14, 6, 18, 21, 17, 24, 20, 1, 9, 12, 23, 11, 19], [6, 10, 2, 18, 14, 22, 21, 17, 20], [10, 14, 22, 2, 18, 17, 21, 24, 20, 6, 1, 9, 12, 23, 11, 19], [18, 22, 21, 17, 24, 20, 10, 6, 2, 14, 1, 9, 12, 11, 23, 19], [10, 14, 22, 2, 18, 17, 21, 20], [22, 10, 14, 6, 2, 18, 17, 21, 20], [2, 22, 6, 18, 17, 21, 20], [14, 6, 10, 22, 2, 18, 21, 17, 24, 20, 1, 9, 12, 11, 23, 19], [14, 6, 2, 10, 22, 18, 21, 17, 24, 20, 1, 9, 12, 11, 23, 19], [18, 14, 22, 21, 17, 20, 2], [10, 18, 6, 14, 22, 17, 21, 20], [14, 10, 6, 22, 2, 18, 17, 21, 24, 20, 1, 9, 12, 23, 11, 19], [6, 22, 10, 14, 2, 18, 17, 21, 20], [14, 22, 18, 21, 17, 20, 6], [22, 2, 6, 10, 14, 18, 17, 21, 20], [10, 22, 2, 6, 18, 21, 17, 20], [22, 2, 10, 6, 14, 18, 17, 21, 24, 20, 1, 9, 12, 11, 23, 19], [2, 18, 14, 10, 6, 22, 21, 17, 24, 20, 1, 9, 12, 23, 11, 19], [2, 14, 10, 18, 22, 21, 17, 20], [2, 14, 18, 22, 21, 17, 24, 20, 6, 10, 1, 9, 12, 23, 11, 19], [18, 2, 22, 17, 21, 20, 6], [2, 6, 18, 22, 17, 21, 24, 20, 10, 14, 1, 9, 12, 23, 11, 19], [2, 10, 22, 6, 18, 17, 21, 24, 20, 14, 1, 9, 12, 11, 23, 19], [22, 6, 14, 18, 17, 21, 24, 20, 10, 2, 1, 9, 12, 11, 23, 19], [6, 10, 22, 18, 17, 21, 20], [18, 10, 22, 21, 17, 20, 2, 6], [14, 2, 22, 6, 18, 17, 21, 24, 20, 10, 1, 9, 12, 11, 23, 19], [10, 2, 6, 22, 14, 18, 17, 21, 20], [2, 22, 14, 10, 18, 21, 17, 24, 20, 6, 1, 9, 12, 23, 11, 19], [14, 10, 22, 6, 18, 21, 17, 24, 20, 2, 1, 9, 12, 23, 11, 19], [10, 22, 6, 2, 14, 18, 21, 17, 20], [2, 14, 6, 10, 18, 22, 17, 21, 20], [2, 18, 22, 21, 17, 20, 14], [2, 10, 18, 22, 21, 17, 20], [2, 10, 22, 14, 6, 18, 17, 21, 20], [2, 10, 18, 22, 21, 17, 20], [6, 14, 22, 18, 17, 21, 24, 20, 2, 10, 1, 9, 12, 11, 23, 19], [10, 6, 2, 14, 18, 22, 17, 21, 24, 20, 1, 9, 12, 11, 23, 19], [18, 6, 22, 17, 21, 20, 2], [22, 18, 21, 17, 20, 6, 14], [14, 22, 10, 2, 6, 18, 21, 17, 20], [14, 6, 18, 2, 22, 17, 21, 20], [22, 2, 6, 18, 21, 17, 24, 20, 14, 10, 1, 9, 12, 11, 23, 19], [14, 6, 18, 22, 17, 21, 20], [6, 18, 2, 10, 14, 22, 21, 17, 20], [6, 22, 18, 21, 17, 24, 20, 14, 10, 2, 1, 9, 12, 11, 23, 19], [2, 10, 6, 22, 14, 18, 17, 21, 24, 20, 1, 9, 12, 11, 23, 19], [22, 14, 18, 21, 17, 24, 20, 2, 10, 6, 1, 9, 12, 23, 11, 19], [18, 2, 14, 10, 22, 17, 21, 24, 20, 6, 1, 9, 12, 11, 23, 19], [14, 10, 2, 18, 22, 17, 21, 20], [2, 14, 22, 6, 18, 17, 21, 20], [6, 10, 14, 22, 18, 17, 21, 20], [18, 10, 2, 22, 21, 17, 20], [22, 2, 14, 10, 6, 18, 21, 17, 20], [2, 22, 14, 18, 17, 21, 24, 20, 10, 6, 1, 9, 12, 11, 23, 19], [10, 22, 2, 6, 14, 18, 21, 17, 24, 20, 1, 9, 12, 11, 23, 19], [14, 22, 6, 2, 10, 18, 17, 21, 20], [14, 18, 6, 22, 17, 21, 20], [6, 10, 2, 22, 14, 18, 17, 21, 24, 20, 1, 9, 12, 11, 23, 19], [2, 18, 14, 22, 21, 17, 20], [14, 18, 22, 17, 21, 24, 20, 2, 6, 10, 1, 9, 12, 23, 11, 19], [10, 6, 18, 22, 17, 21, 24, 20, 14, 2, 1, 9, 12, 11, 23, 19], [18, 6, 14, 2, 22, 17, 21, 24, 20, 10, 1, 9, 12, 11, 23, 19], [2, 10, 18, 6, 22, 21, 17, 24, 20, 14, 1, 9, 12, 23, 11, 19], [14, 6, 22, 18, 21, 17, 24, 20, 10, 2, 1, 9, 12, 11, 23, 19], [18, 22, 17, 21, 24, 20, 10, 6, 14, 2, 1, 9, 12, 23, 11, 19], [6, 2, 10, 18, 22, 17, 21, 20], [10, 2, 14, 22, 6, 18, 17, 21, 24, 20, 1, 9, 12, 11, 23, 19], [10, 2, 18, 6, 14, 22, 21, 17, 24, 20, 1, 9, 12, 11, 23, 19], [10, 18, 6, 2, 22, 17, 21, 20], [14, 6, 2, 18, 10, 22, 17, 21, 20], [18, 14, 10, 2, 6, 22, 21, 17, 20], [10, 2, 14, 18, 6, 22, 17, 21, 24, 20, 1, 9, 12, 11, 23, 19], [6, 22, 18, 17, 21, 24, 20, 10, 14, 2, 1, 9, 12, 11, 23, 19], [22, 10, 14, 18, 21, 17, 24, 20, 2, 6, 1, 9, 12, 23, 11, 19], [6, 22, 18, 21, 17, 24, 20, 14, 2, 10, 1, 9, 12, 11, 23, 19], [22, 14, 6, 10, 2, 18, 21, 17, 20], [22, 6, 14, 18, 17, 21, 24, 20, 2, 10, 1, 9, 12, 23, 11, 19], [22, 18, 17, 21, 24, 20, 14, 2, 10, 6, 1, 9, 12, 11, 23, 19], [2, 6, 18, 10, 14, 22, 21, 17, 24, 20, 1, 9, 12, 11, 23, 19], [6, 2, 18, 10, 14, 22, 17, 21, 20], [18, 10, 14, 2, 22, 21, 17, 24, 20, 6, 1, 9, 12, 23, 11, 19], [22, 2, 10, 6, 18, 17, 21, 20], [14, 6, 22, 18, 21, 17, 20], [18, 2, 6, 22, 17, 21, 24, 20, 14, 10, 1, 9, 12, 23, 11, 19], [14, 10, 6, 2, 18, 22, 17, 21, 24, 20, 1, 9, 12, 23, 11, 19], [14, 2, 18, 22, 17, 21, 20], [2, 10, 6, 22, 18, 21, 17, 20], [6, 22, 10, 2, 18, 21, 17, 24, 20, 14, 1, 9, 12, 23, 11, 19], [2, 14, 10, 6, 18, 22, 21, 17, 20], [2, 10, 22, 6, 18, 17, 21, 20], [6, 2, 22, 14, 18, 21, 17, 24, 20, 10, 1, 9, 12, 23, 11, 19], 