{"problem_id":"2isFyMigCOfbVpk","sigma":150,"alpha":3.162,"cost":4,"probabilities":"[0.15000000000000002, 0.37, 0.25, 0.23]","payoff_matrix":"[[-169, 304, 76, -126, 54, 223], [-60, -300, -113, -22, -28, 48], [-15, -13, -50, 180, 497, -40], [52, -208, -143, -27, 130, 117]]","uncovered":[[2,6,10,18,14,22,23,15],[2,14,6,22,18,10,23,15],[6,10,18,22,14,2,15],[22,6,2,10,18,14,23,15],[18,10,2,14,6,22,23,15],[18,14,6,10,2,22,23,15],[18,2,22,10,6,14,23,15],[2,10,18,6,14,22,23,15],[6,18,22,14,10,2,23,15],[6,18,22,14,2,10,15],[22,10,2,6,14,18,23,15],[2,10,18,22,14,6,15],[18,22,2,10,6,14,15],[22,10,18,2,6,14,23,15],[6,18,22,2,10,14,23,15],[6,22,10,18,14,2,23,15],[18,2,10,14,6,22,23,15],[22,10,6,14,18,2,15],[6,14,22,10,18,2,15],[10,14,18,6,22,2,15],[22,18,6,2,10,14,23,15],[10,2,18,22,6,14,15],[6,10,18,2,14,22,15],[10,6,14,18,2,22,23,15],[6,18,10,2,14,22,15],[10,22,18,14,2,6,23,15],[6,10,2,22,18,14,23,15],[14,18,6,22,10,2,15],[22,6,2,10,18,14,23,15],[10,22,14,6,2,18,23,15],[14,2,6,10,18,22,15],[18,6,14,10,2,22,23,15],[22,18,6,10,2,14,15],[22,6,2,18,10,14,15],[6,2,10,14,18,22,23,15],[2,14,22,10,18,6,23,15],[2,6,14,22,10,18,15],[10,6,22,14,18,2,15],[18,2,22,6,14,10,15],[10,22,14,6,2,18,23,15],[2,10,22,18,14,6,23,15],[6,14,18,22,2,10,15],[14,6,2,22,10,18,15],[6,10,22,18,2,14,15],[22,14,10,6,2,18,15],[10,14,18,2,22,6,23,15],[22,10,6,14,2,18,15],[2,14,18,10,22,6,23,15],[14,2,6,18,10,22,23,15],[10,22,6,14,18,2,23,15],[6,22,10,14,2,18,23,15],[2,10,14,22,18,6,23,15],[2,22,10,6,14,18,23,15],[2,18,14,6,22,10,15],[10,14,6,18,2,22,15],[14,22,6,18,2,10,15],[14,22,18,10,2,6,23,15],[10,22,14,18,2,6,15],[14,18,10,2,22,6,15],[14,22,2,18,6,10,15],[22,10,2,18,14,6,15],[2,22,10,6,18,14,23,15],[10,18,22,14,6,2,15],[18,22,6,10,2,14,15],[2,10,14,6,22,18,23,15],[2,14,6,10,18,22,15],[10,18,6,22,2,14,15],[18,14,6,10,2,22,23,15],[2,14,22,10,18,6,23,15],[18,6,2,14,10,22,15],[18,2,22,10,14,6,15],[22,18,14,10,2,6,23,15],[6,14,18,22,10,2,15],[22,6,2,10,14,18,23,15],[2,18,14,10,6,22,15],[6,18,2,22,14,10,15],[18,14,22,6,10,2,15],[18,6,14,22,10,2,23,15],[18,14,22,10,2,6,23,15],[22,6,2,18,14,10,15],[18,6,22,2,10,14,15],[14,22,2,18,6,10,15],[18,2,10,14,22,6,15],[10,6,14,18,22,2,15],[22,10,18,14,2,6,23,15],[22,10,14,6,2,18,23,15],[18,22,2,6,10,14,15],[14,2,22,6,10,18,15],[22,6,2,10,14,18,23,15],[6,22,2,14,18,10,15],[10,2,18,14,22,6,15],[6,18,14,22,2,10,15],[14,18,2,6,22,10,23,15],[22,6,14,10,18,2,23,15],[14,10,6,2,22,18,15],[10,18,6,22,2,14,15],[10,2,14,22,18,6,15],[22,14,2,18,10,6,23,15],[2,10,22,14,6,18,23,15],[18,2,6,22,14,10,23,15],[14,18,22,6,2,10,23,15],[22,10,18,2,14,6,15],[2,6,10,22,18,14,23,15],[18,22,6,10,14,2,23,15],[22,2,14,6,10,18,23,15],[22,14,6,18,10,2,23,15],[6,10,2,18,14,22,15],[6,2,14,22,10,18,15],[6,2,18,22,10,14,23,15],[22,14,6,2,18,10,23,15],[2,22,10,18,14,6,23,15],[10,2,18,22,14,6,23,15],[2,18,10,14,22,6,23,15],[18,6,10,22,14,2,23,15],[14,22,18,2,10,6,23,15],[22,6,14,10,18,2,15],[18,14,2,22,10,6,15],[10,18,22,6,2,14,15],[10,22,6,18,14,2,15],[6,2,10,22,14,18,23,15],[6,14,2,10,22,18,15],[2,22,14,10,18,6,23,15],[6,14,18,10,22,2,23,15],[10,2,22,18,14,6,23,15],[22,18,10,6,14,2,23,15],[10,2,6,14,18,22,23,15],[18,14,10,6,22,2,15],[2,18,22,6,14,10,23,15],[18,14,10,22,2,6,23,15],[22,14,10,2,18,6,23,15],[18,22,6,14,2,10,23,15],[14,10,18,2,6,22,15],[18,2,6,22,14,10,23,15],[10,22,18,6,2,14,23,15],[14,18,6,10,2,22,23,15],[14,6,22,10,18,2,15],[22,6,18,10,2,14,23,15],[10,6,18,14,22,2,23,15],[6,22,18,2,10,14,15],[22,2,18,14,6,10,23,15],[10,2,6,22,14,18,23,15],[22,14,6,10,2,18,15],[22,6,14,10,2,18,23,15],[10,18,14,6,22,2,23,15],[10,22,18,14,2,6,23,15],[10,14,2,22,6,18,15],[6,22,18,2,10,14,15],[2,6,10,18,22,14,23,15],[10,6,14,22,2,18,15],[2,10,14,6,18,22,15],[18,22,10,6,2,14,23,15],[22,14,18,10,6,2,23,15],[22,14,2,18,10,6,23,15],[2,22,6,18,14,10,23,15],[6,22,2,18,10,14,23,15],[6,22,14,10,18,2,23,15],[18,6,22,2,14,10,23,15],[14,22,2,18,10,6,15],[2,14,6,18,10,22,15],[14,10,18,22,6,2,15],[22,10,2,18,14,6,15],[10,18,14,6,2,22,15],[18,6,14,10,2,22,23,15],[2,18,6,10,22,14,23,15],[2,14,6,10,18,22,15],[2,18,22,10,6,14,15],[18,10,6,2,14,22,23,15],[14,2,10,18,22,6,23,15],[2,14,22,18,10,6,23,15],[10,22,2,18,14,6,23,15],[14,18,10,2,6,22,15],[18,6,14,2,22,10,23,15],[6,18,10,22,2,14,23,15],[2,14,10,22,18,6,23,15],[2,18,10,14,22,6,15],[10,6,2,22,14,18,23,15],[14,10,18,22,2,6,23,15],[2,6,14,18,22,10,15],[22,10,18,14,6,2,23,15],[22,6,14,18,10,2,15],[14,18,10,6,22,2,23,15],[22,18,10,6,2,14,15],[22,2,10,6,14,18,15],[2,10,18,14,6,22,15],[2,22,18,14,6,10,15],[14,10,18,2,22,6,23,15],[6,22,10,18,14,2,23,15],[18,6,2,10,22,14,15],[18,14,6,22,10,2,23,15],[18,14,6,22,2,10,15],[22,6,14,18,10,2,15],[14,6,2,18,22,10,23,15],[14,6,2,22,10,18,15],[6,2,14,10,22,18,15],[10,2,18,22,6,14,23,15],[22,10,14,6,18,2,15],[18,14,2,22,6,10,15],[18,22,6,2,14,10,15],[18,14,22,2,6,10,15],[6,18,10,22,2,14,23,15],[18,22,6,14,10,2,23,15],[10,22,14,6,18,2,23,15],[10,2,22,14,6,18,23,15],[6,10,22,18,14,2,15],[14,2,10,18,22,6,15],[6,2,10,14,18,22,15],[6,22,18,14,2,10,15],[22,6,14,10,18,2,23,15],[10,22,2,18,14,6,23,15],[6,2,10,18,14,22,23,15],[22,18,2,6,10,14,23,15],[22,18,2,14,6,10,23,15],[6,2,14,18,22,10,15],[10,6,22,14,18,2,23,15],[10,2,6,22,18,14,23,15],[22,6,2,14,10,18,15],[10,14,22,2,18,6,23,15],[2,22,6,14,18,10,15],[2,6,10,18,14,22,15],[22,18,14,2,10,6,15],[6,2,10,14,18,22,15],[6,18,22,14,10,2,15],[22,6,14,10,18,2,15],[14,6,2,10,22,18,23,15],[22,18,10,14,6,2,15],[14,10,2,18,6,22,23,15],[2,22,18,6,14,10,23,15],[6,18,10,14,22,2,23,15],[6,2,14,10,18,22,23,15],[22,18,14,2,6,10,15],[22,6,14,2,18,10,23,15],[18,2,6,14,22,10,23,15],[22,2,18,10,14,6,23,15],[18,10,22,14,6,2,23,15],[2,10,14,18,6,22,23,15],[6,18,2,22,14,10,15],[22,10,14,2,6,18,23,15],[2,22,10,14,18,6,15],[10,18,6,14,2,22,23,15],[22,6,14,10,18,2,15],[14,22,10,2,18,6,23,15],[14,6,2,22,18,10,15],[2,14,18,6,22,10,23,15],[18,2,22,6,14,10,15],[10,22,2,14,6,18,15],[10,14,6,2,22,18,23,15],[2,14,22,10,18,6,23,15],[14,22,2,6,10,18,15],[18,22,10,2,6,14,15],[10,14,22,18,2,6,15],[6,2,18,10,22,14,23,15],[10,18,14,22,6,2,23,15],[2,10,14,18,6,22,15],[10,18,2,22,14,6,23,15],[18,22,14,6,2,10,15],[14,22,10,6,18,2,15],[18,14,2,22,6,10,15],[10,6,2,14,18,22,23,15],[10,14,18,6,22,2,15],[22,2,10,14,18,6,23,15],[18,10,6,14,22,2,15],[2,22,10,18,14,6,15],[18,6,14,22,10,2,15],[10,14,18,2,22,6,23,15],[2,10,22,18,14,6,15],[14,6,2,10,22,18,15],[14,2,18,10,22,6,15],[14,2,18,10,22,6,23,15],[2,14,10,6,22,18,23,15],[14,6,2,18,22,10,23,15],[6,22,14,10,2,18,15],[22,6,14,18,10,2,23,15],[14,18,6,2,22,10,23,15],[14,10,18,6,2,22,23,15],[2,22,18,6,10,14,23,15],[22,14,6,2,18,10,15],[10,18,6,22,2,14,23,15],[2,22,10,18,6,14,15],[2,6,18,14,10,22,15],[18,10,14,2,6,22,15],[14,22,18,2,6,10,15],[14,18,6,10,22,2,15],[6,2,18,10,22,14,15],[6,18,22,10,14,2,23,15],[2,10,14,22,18,6,23,15],[2,22,14,6,18,10,15],[6,2,18,14,10,22,15],[14,18,10,6,2,22,15],[2,10,6,18,22,14,15],[18,6,14,10,22,2,15],[2,14,22,18,6,10,15],[22,6,18,2,14,10,15],[22,18,14,10,2,6,15],[10,18,22,14,2,6,15],[10,14,18,6,2,22,15],[6,14,10,18,2,22,23,15],[6,14,18,22,2,10,15],[18,10,2,22,14,6,23,15],[10,14,18,2,6,22,15],[2,22,6,10,14,18,15],[18,2,22,10,14,6,15],[6,22,10,2,18,14,15],[2,14,22,18,10,6,23,15],[10,2,6,14,18,22,23,15],[6,10,18,22,2,14,15],[22,10,18,2,14,6,23,15],[22,6,2,14,18,10,23,15],[22,18,6,14,10,2,23,15],[6,22,2,14,10,18,15],[2,18,6,14,22,10,23,15],[2,10,14,6,18,22,15],[22,6,2,10,14,18,23,15],[14,10,18,2,22,6,23,15],[2,10,6,14,22,18,23,15],[10,2,22,6,14,18,23,15],[2,6,18,22,10,14,23,15],[22,2,14,10,18,6,15],[14,10,22,6,2,18,23,15],[2,10,14,6,18,22,23,15],[2,6,14,22,18,10,15],[18,22,2,14,6,10,23,15],[22,10,2,14,6,18,23,15],[18,14,2,6,22,10,23,15],[10,18,14,22,6,2,15],[18,2,6,10,14,22,15],[18,10,6,14,22,2,15],[14,2,18,22,6,10,23,15],[14,22,6,18,2,10,15],[14,2,10,18,22,6,23,15],[10,6,18,22,14,2,15],[10,14,6,22,2,18,23,15],[6,18,22,10,14,2,23,15],[2,6,18,10,22,14,15],[2,6,22,10,18,14,23,15],[10,22,2,18,6,14,23,15],[22,10,2,14,6,18,15],[6,14,10,22,18,2,23,15],[10,6,14,22,18,2,15],[10,22,18,14,6,2,15],[22,14,2,6,10,18,23,15],[2,14,18,22,10,6,23,15],[18,6,14,10,22,2,23,15],[14,10,22,6,18,2,15],[14,6,10,22,18,2,15],[14,6,22,10,2,18,15],[22,14,2,10,6,18,23,15],[14,18,10,22,2,6,23,15],[2,22,10,6,18,14,23,15],[18,2,6,10,14,22,15],[6,2,14,22,10,18,23,15],[10,18,2,22,14,6,23,15],[22,10,18,6,14,2,23,15],[6,18,22,14,10,2,23,15],[22,18,10,14,6,2,23,15],[10,22,6,2,18,14,23,15],[14,22,6,10,18,2,23,15],[10,18,14,6,2,22,15],[22,18,6,14,10,2,23,15],[2,18,6,14,10,22,15],[22,6,18,2,10,14,15],[18,14,10,2,6,22,23,15],[2,10,6,14,18,22,23,15],[6,14,22,18,2,10,15],[22,18,6,10,14,2,23,15],[2,6,18,22,10,14,23,15],[2,14,6,22,10,18,23,15],[6,10,18,2,14,22,23,15],[2,10,18,14,6,22,23,15],[10,14,6,18,2,22,23,15],[2,22,6,10,14,18,15],[14,6,2,22,18,10,15],[18,6,22,10,14,2,23,15],[14,6,2,22,10,18,23,15],[18,6,10,2,22,14,15],[22,2,10,18,14,6,15],[18,22,2,10,6,14,15],[10,6,14,22,2,18,23,15],[14,2,18,10,6,22,15],[14,22,6,2,10,18,15],[6,2,10,14,22,18,15],[14,10,18,22,2,6,23,15],[10,18,6,14,22,2,23,15],[22,2,14,10,18,6,15],[2,6,14,18,10,22,23,15],[6,10,18,22,2,14,15],[18,2,10,14,22,6,23,15],[18,6,2,14,22,10,23,15],[2,14,10,18,6,22,23,15],[22,18,2,10,6,14,15],[14,2,18,10,22,6,15],[10,14,22,18,2,6,23,15],[10,22,14,6,18,2,23,15],[6,10,2,22,14,18,15],[2,14,6,10,18,22,23,15],[18,6,22,2,14,10,23,15],[2,14,18,6,10,22,15],[2,14,10,18,6,22,23,15],[18,6,2,14,22,10,15],[10,6,2,22,14,18,23,15],[2,18,6,10,14,22,23,15],[6,22,10,14,2,18,23,15],[14,18,2,10,6,22,23,15],[18,6,2,10,14,22,15],[14,18,10,2,22,6,23,15],[10,22,2,18,14,6,23,15],[6,14,18,10,2,22,15],[22,10,6,2,18,14,23,15],[10,2,22,18,6,14,23,15],[18,14,22,10,2,6,15],[10,18,6,22,2,14,23,15],[14,18,6,2,22,10,15],[22,6,2,14,18,10,15],[2,10,18,22,6,14,23,15],[6,2,22,18,10,14,23,15],[18,14,2,10,22,6,15],[22,6,2,10,14,18,15],[2,6,10,18,14,22,15],[2,22,18,6,14,10,23,15],[2,10,22,6,14,18,23,15],[2,22,10,14,18,6,15],[14,18,22,6,10,2,15],[6,10,22,2,14,18,15],[2,6,10,22,18,14,15],[18,22,2,10,6,14,23,15],[10,22,18,14,2,6,23,15],[6,18,14,10,22,2,15],[22,18,2,14,6,10,23,15],[22,10,14,6,2,18,23,15],[10,6,18,22,2,14,23,15],[14,22,18,6,2,10,15],[18,6,22,14,2,10,15],[18,2,6,22,14,10,15],[6,22,10,18,2,14,15],[6,18,22,10,2,14,23,15],[22,18,14,2,6,10,15],[22,6,14,10,2,18,23,15],[2,22,6,14,18,10,15],[10,6,18,22,2,14,15],[22,14,18,2,6,10,15],[10,6,2,14,18,22,15],[14,10,6,18,22,2,15],[10,18,2,22,14,6,23,15],[2,6,18,14,10,22,15],[2,6,14,10,18,22,15],[22,14,10,6,18,2,23,15],[10,6,22,14,2,18,15],[10,2,18,22,6,14,23,15],[14,18,22,6,10,2,15],[6,14,2,10,18,22,15],[10,14,18,2,22,6,23,15],[18,2,22,14,6,10,23,15],[2,18,10,22,6,14,23,15],[14,22,10,18,6,2,15],[10,22,14,6,2,18,23,15],[6,10,18,14,22,2,15],[2,6,10,14,22,18,15],[10,2,14,22,18,6,23,15],[18,10,14,22,2,6,15],[2,18,14,10,6,22,23,15],[14,2,22,6,10,18,15],[14,2,6,10,22,18,15],[10,22,14,18,2,6,23,15],[14,10,2,6,18,22,15],[6,18,2,14,22,10,23,15],[2,14,18,10,6,22,15],[6,2,18,10,14,22,15],[10,14,2,22,6,18,15],[14,10,2,6,22,18,23,15],[6,14,10,22,2,18,15],[6,2,10,22,14,18,15],[18,10,22,6,2,14,23,15],[18,6,10,14,22,2,23,15],[22,6,2,18,10,14,15],[22,14,6,18,2,10,23,15],[6,2,18,22,10,14,23,15],[10,2,18,22,14,6,23,15],[14,10,18,2,6,22,15],[14,2,10,6,22,18,15],[22,18,2,6,14,10,15],[22,18,10,14,6,2,23,15],[14,10,2,22,18,6,15],[18,10,22,6,14,2,23,15],[10,18,2,14,6,22,15],[2,6,10,22,14,18,15],[14,6,2,18,10,22,23,15],[18,14,2,6,10,22,15],[18,10,14,2,22,6,23,15],[2,22,14,6,18,10,23,15],[18,14,22,2,6,10,23,15],[10,6,2,22,18,14,15],[6,2,10,22,18,14,23,15],[22,6,2,10,14,18,23,15],[18,2,6,14,10,22,23,15],[10,18,14,2,6,22,15],[18,2,10,14,6,22,23,15],[22,10,14,18,6,2,23,15],[10,18,6,2,14,22,15],[22,6,2,18,10,14,15],[18,6,2,22,14,10,23,15],[22,2,10,6,18,14,15],[6,22,10,14,2,18,23,15],[6,14,2,18,22,10,23,15],[6,18,22,2,10,14,23,15],[14,18,6,22,10,2,23,15],[2,6,14,22,18,10,23,15],[10,6,18,2,14,22,23,15],[14,10,22,18,6,2,23,15],[10,18,6,22,2,14,23,15],[18,2,10,22,6,14,23,15],[18,22,10,2,14,6,15],[14,6,22,10,18,2,23,15],[6,14,10,22,18,2,23,15],[18,6,22,2,14,10,23,15],[18,6,22,14,10,2,23,15],[22,2,18,14,10,6,23,15],[22,14,10,6,2,18,15],[22,2,14,18,6,10,15],[18,14,6,10,2,22,23,15],[10,18,2,6,14,22,23,15],[22,14,6,18,10,2,23,15],[6,18,10,14,22,2,23,15],[22,2,6,18,10,14,23,15],[18,6,2,22,14,10,23,15],[14,10,18,2,22,6,23,15],[14,2,6,22,10,18,15],[10,22,18,14,6,2,23,15],[6,14,18,10,22,2,15],[14,18,10,2,6,22,15],[18,2,6,22,14,10,15],[10,18,2,14,22,6,23,15],[14,22,6,10,18,2,23,15],[10,14,6,22,2,18,23,15],[14,22,18,10,2,6,23,15],[14,6,10,18,2,22,15],[6,10,14,2,18,22,15],[2,18,22,10,14,6,15],[6,2,14,18,10,22,15],[10,14,22,18,2,6,23,15],[10,22,14,18,6,2,15],[18,2,22,14,10,6,23,15],[22,10,6,14,18,2,15],[6,14,10,2,18,22,23,15],[22,10,14,6,2,18,15],[6,2,14,18,22,10,23,15],[14,22,2,10,6,18,15],[2,18,6,10,22,14,23,15],[18,10,6,22,14,2,23,15],[2,14,18,22,6,10,15],[2,10,14,22,6,18,15],[6,2,10,14,22,18,15],[22,2,10,14,6,18,23,15],[18,2,14,6,10,22,15],[2,6,22,18,14,10,15],[10,14,6,22,2,18,15],[14,22,2,6,10,18,15],[14,10,22,2,18,6,23,15],[6,2,10,14,18,22,23,15],[18,10,14,22,6,2,23,15],[18,6,10,2,14,22,23,15],[18,10,14,6,2,22,15],[22,2,10,6,18,14,15],[18,22,6,10,14,2,15],[2,22,14,6,10,18,15],[10,22,6,14,18,2,15],[18,14,22,2,10,6,15],[18,10,2,6,14,22,23,15],[2,18,10,6,22,14,23,15],[14,6,10,18,22,2,23,15],[18,10,14,2,6,22,23,15],[18,6,14,10,2,22,23,15],[14,6,18,2,10,22,23,15],[18,10,2,22,6,14,15],[18,22,10,2,6,14,23,15],[10,14,2,18,6,22,15],[10,18,14,2,6,22,15],[10,22,18,14,2,6,15],[6,10,2,18,22,14,23,15],[18,10,22,2,6,14,15],[10,2,6,18,14,22,23,15],[2,6,22,10,14,18,15],[2,22,18,10,14,6,15],[18,10,14,22,6,2,15],[6,10,14,22,18,2,15],[6,14,10,22,18,2,23,15],[2,10,14,18,6,22,15],[6,22,14,10,2,18,23,15],[10,14,22,6,18,2,23,15],[6,10,18,22,14,2,23,15],[2,6,14,10,22,18,15],[18,10,2,6,22,14,15],[10,22,18,14,6,2,23,15],[10,14,18,6,22,2,15],[10,2,18,22,6,14,23,15],[18,6,22,2,10,14,23,15],[22,18,14,10,6,2,15],[10,22,6,14,18,2,23,15],[6,2,10,18,14,22,15],[10,6,18,22,14,2,23,15],[10,18,14,22,6,2,15],[2,14,6,18,22,10,23,15],[2,10,14,22,6,18,15],[6,10,22,2,18,14,15],[10,2,6,18,14,22,23,15],[2,10,6,14,22,18,15],[2,6,10,18,22,14,23,15],[2,6,10,18,22,14,15],[14,18,6,10,2,22,15],[10,2,18,14,22,6,15],[18,6,14,22,2,10,23,15],[14,2,22,18,10,6,23,15],[18,6,10,2,22,14,15],[14,22,18,10,2,6,23,15],[6,18,2,22,10,14,15],[2,14,6,18,22,10,15],[6,18,10,2,22,14,23,15],[2,18,14,22,6,10,15],[18,22,10,2,14,6,23,15],[18,6,2,10,22,14,15],[18,22,2,14,10,6,23,15],[6,14,2,10,22,18,23,15],[18,10,14,22,2,6,15],[6,18,10,2,22,14,23,15],[14,18,10,2,22,6,23,15],[14,18,2,22,6,10,15],[6,2,18,22,14,10,23,15],[22,18,10,6,2,14,15],[10,14,18,6,22,2,15],[10,14,6,22,18,2,23,15],[2,6,18,22,14,10,23,15],[22,14,18,10,2,6,15],[14,18,2,10,6,22,15],[10,6,2,18,14,22,15],[18,14,22,2,10,6,15],[22,14,18,2,10,6,15],[2,10,22,18,6,14,23,15],[22,10,2,14,6,18,15],[22,2,18,6,14,10,23,15],[10,22,2,14,6,18,23,15],[14,2,10,6,22,18,15],[22,6,2,14,10,18,23,15],[18,6,10,22,2,14,15],[14,6,18,10,2,22,15],[2,22,10,18,6,14,15],[6,18,22,14,10,2,23,15],[2,18,14,6,22,10,23,15],[22,14,18,6,10,2,23,15],[2,22,14,10,6,18,23,15],[22,6,18,10,2,14,15],[14,22,6,10,2,18,23,15],[2,14,10,6,18,22,15],[6,10,22,2,14,18,23,15],[6,2,22,14,18,10,23,15],[6,2,18,14,10,22,23,15],[2,22,14,6,18,10,15],[2,22,6,14,10,18,15],[2,10,14,22,18,6,15],[2,18,10,6,14,22,23,15],[10,2,6,22,18,14,23,15],[22,14,6,2,18,10,23,15],[10,6,2,14,18,22,15],[18,22,6,14,2,10,23,15],[14,6,10,22,2,18,23,15],[18,10,2,22,14,6,23,15],[22,6,14,18,2,10,15],[18,22,10,2,6,14,23,15],[2,10,18,6,22,14,15],[10,18,14,2,22,6,15],[14,10,2,18,22,6,15],[10,18,6,2,22,14,15],[2,6,10,14,22,18,15],[14,22,6,18,10,2,23,15],[6,22,2,14,10,18,15],[14,6,18,10,22,2,15],[22,6,18,14,10,2,23,15],[2,22,6,18,14,10,15],[22,18,6,2,10,14,15],[10,14,22,2,18,6,15],[14,22,2,6,10,18,23,15],[14,22,6,18,10,2,23,15],[2,10,18,6,14,22,15],[10,2,6,18,22,14,15],[6,2,22,18,14,10,23,15],[2,14,22,18,10,6,23,15],[10,14,6,22,2,18,23,15],[22,10,14,6,18,2,15],[6,22,14,18,10,2,15],[2,6,10,22,14,18,23,15],[2,10,6,14,18,22,23,15],[14,10,22,18,2,6,23,15],[18,14,10,2,22,6,23,15],[14,18,22,2,6,10,23,15],[6,14,18,22,10,2,15],[10,6,14,2,22,18,15],[22,6,14,2,18,10,23,15],[2,6,18,14,10,22,15],[22,14,18,10,6,2,15],[10,14,22,2,6,18,23,15],[18,2,22,14,10,6,23,15],[2,18,22,10,6,14,23,15],[10,22,18,2,6,14,15],[2,14,6,18,10,22,23,15],[10,14,22,18,2,6,15],[22,18,14,2,10,6,23,15],[10,6,18,22,2,14,15],[14,10,18,22,2,6,23,15],[14,10,6,2,18,22,15],[14,6,22,2,10,18,23,15],[22,6,18,10,14,2,23,15],[2,18,10,14,6,22,23,15],[6,14,2,10,22,18,23,15],[2,22,14,6,10,18,23,15],[6,10,22,18,14,2,15],[2,22,14,18,6,10,15],[10,2,6,14,22,18,15],[22,18,2,14,10,6,15],[10,14,6,2,22,18,23,15],[10,2,22,6,14,18,15],[14,6,18,2,10,22,15],[10,2,6,22,18,14,23,15],[6,2,18,10,22,14,15],[2,10,14,18,22,6,15],[10,18,22,6,14,2,23,15],[14,18,10,2,22,6,15],[14,22,10,18,2,6,15],[14,18,10,22,6,2,23,15],[10,2,6,22,18,14,15],[22,18,10,14,2,6,23,15],[14,6,10,18,22,2,15],[18,14,10,22,2,6,23,15],[14,2,10,6,18,22,15],[2,18,14,6,10,22,23,15],[14,22,18,2,10,6,23,15],[10,18,22,2,14,6,15],[18,6,2,22,14,10,23,15],[18,14,2,6,10,22,15],[10,2,18,14,22,6,23,15],[22,2,6,18,10,14,15],[2,6,22,10,14,18,15],[10,2,6,22,18,14,15],[10,22,6,14,18,2,23,15],[10,22,18,2,6,14,23,15],[22,2,6,18,14,10,23,15],[10,6,14,18,2,22,23,15],[22,14,18,2,6,10,23,15],[6,18,2,10,22,14,15],[10,18,2,6,22,14,23,15],[22,6,18,14,10,2,15],[6,22,18,14,10,2,15],[18,14,22,10,2,6,23,15],[10,6,18,14,22,2,23,15],[2,14,22,6,18,10,15],[18,10,22,2,6,14,15],[6,14,10,22,2,18,23,15],[14,2,18,22,10,6,15],[10,2,18,22,6,14,23,15],[10,14,2,18,22,6,23,15],[6,2,10,18,14,22,15],[6,14,2,22,10,18,15],[2,14,18,6,10,22,23,15],[2,18,10,14,22,6,15],[2,22,14,10,18,6,23,15],[14,18,10,6,22,2,23,15],[2,22,6,14,10,18,23,15],[14,18,10,2,6,22,23,15],[18,10,14,22,6,2,23,15],[6,18,14,22,2,10,23,15],[18,6,10,22,14,2,15],[14,22,10,18,6,2,15],[10,18,22,2,14,6,23,15],[2,14,18,6,10,22,23,15],[10,14,22,18,2,6,15],[14,18,22,6,10,2,15],[2,10,6,22,18,14,15],[2,14,22,18,6,10,23,15],[14,22,6,10,2,18,23,15],[2,6,18,14,22,10,15],[6,2,14,18,10,22,23,15],[14,22,2,6,18,10,15],[6,14,22,18,10,2,15],[2,14,6,18,22,10,23,15],[2,18,10,14,6,22,23,15],[18,10,2,6,14,22,23,15],[14,2,22,6,18,10,23,15],[6,14,2,22,10,18,15],[6,2,22,10,18,14,23,15],[22,2,10,14,18,6,23,15],[2,18,22,6,10,14,23,15],[18,22,10,14,2,6,15],[6,10,14,2,18,22,23,15],[6,18,2,14,10,22,15],[14,22,6,10,18,2,15],[6,14,10,22,18,2,15],[2,14,10,6,22,18,15],[22,2,6,10,18,14,15],[2,22,14,18,10,6,15],[18,22,2,6,14,10,23,15],[6,18,2,22,10,14,15],[14,22,10,6,18,2,23,15],[6,10,22,2,18,14,15],[22,18,6,14,10,2,23,15],[6,22,2,10,18,14,23,15],[22,2,14,6,10,18,15],[22,18,6,14,10,2,23,15],[6,10,18,2,14,22,23,15],[22,6,2,18,14,10,15],[2,14,10,22,18,6,15],[2,10,6,18,14,22,23,15],[2,14,6,10,18,22,15],[14,18,10,2,6,22,15],[6,2,22,10,14,18,15],[10,14,18,22,6,2,23,15],[14,6,22,10,2,18,15],[18,6,10,22,14,2,23,15],[6,18,22,14,2,10,23,15],[14,6,22,2,10,18,23,15],[2,22,6,14,18,10,15],[6,14,18,22,10,2,23,15],[18,2,6,22,10,14,15],[14,18,10,6,2,22,15],[14,2,10,22,6,18,23,15],[18,6,22,10,14,2,23,15],[10,2,22,6,14,18,15],[22,6,14,10,18,2,23,15],[14,2,22,18,10,6,23,15],[10,14,22,2,18,6,15],[14,2,10,22,18,6,15],[22,14,6,10,18,2,15],[6,18,14,22,2,10,23,15],[10,2,22,14,6,18,23,15],[2,14,22,6,10,18,23,15],[10,6,2,14,18,22,15],[6,14,10,18,22,2,15],[18,6,14,10,2,22,15],[6,14,2,22,18,10,15],[18,10,2,6,14,22,15],[18,14,10,22,6,2,15],[22,18,6,2,10,14,23,15],[18,2,22,14,10,6,15],[18,2,22,10,6,14,15],[10,6,18,14,2,22,23,15],[10,18,6,14,22,2,15],[6,10,18,2,14,22,23,15],[18,10,22,2,14,6,23,15],[18,22,10,6,2,14,23,15],[14,6,2,10,18,22,23,15],[10,22,2,6,18,14,15],[6,18,10,14,22,2,23,15],[14,6,2,18,22,10,15],[2,6,18,14,22,10,23,15],[14,18,10,22,6,2,15],[14,6,22,2,10,18,23,15],[6,14,10,22,18,2,23,15],[22,18,2,10,14,6,15],[10,22,14,18,2,6,15],[6,14,10,22,2,18,15],[18,6,22,14,2,10,23,15],[14,6,10,18,22,2,15],[14,10,18,22,6,2,23,15],[14,10,18,6,2,22,15],[2,10,6,18,22,14,15],[14,6,2,22,18,10,15],[10,18,22,14,6,2,23,15],[10,18,6,2,22,14,15],[14,2,10,22,18,6,23,15],[6,22,14,18,10,2,15],[18,10,2,14,6,22,15],[22,14,18,10,6,2,15],[2,14,10,6,22,18,23,15],[18,22,14,10,2,6,15],[10,22,14,18,2,6,23,15],[14,22,6,2,18,10,15],[2,18,10,22,6,14,15],[2,14,22,10,6,18,23,15],[10,6,18,22,2,14,23,15],[22,6,18,2,10,14,15],[14,18,6,22,2,10,23,15],[22,2,6,10,14,18,23,15],[14,6,22,18,10,2,23,15],[18,2,22,6,14,10,15],[18,6,2,10,22,14,23,15],[14,22,18,2,10,6,15],[18,2,10,22,6,14,23,15],[18,2,10,6,22,14,23,15],[2,14,18,22,6,10,23,15],[10,18,14,22,6,2,23,15],[18,14,2,10,6,22,23,15],[10,18,14,2,6,22,23,15],[14,10,18,2,6,22,15],[14,6,2,22,18,10,15],[22,6,18,2,14,10,15],[18,10,6,2,14,22,15],[18,14,2,22,6,10,15],[18,2,6,22,14,10,15],[2,18,22,10,14,6,23,15],[10,2,18,14,22,6,15],[6,22,2,18,14,10,23,15],[14,18,6,10,22,2,23,15],[22,6,14,10,2,18,15],[18,10,6,2,22,14,23,15],[6,10,14,18,2,22,23,15],[22,18,2,14,10,6,15],[14,6,2,22,10,18,23,15],[22,2,14,6,10,18,15],[10,2,18,6,22,14,23,15],[10,18,14,2,22,6,23,15],[2,18,10,14,6,22,23,15],[6,22,18,14,10,2,15],[14,6,22,2,18,10,15],[6,10,14,22,18,2,23,15],[6,10,2,14,22,18,15],[2,14,18,10,22,6,23,15],[22,6,14,2,10,18,15],[22,18,6,2,10,14,15],[6,14,2,18,22,10,15],[2,18,6,14,10,22,23,15],[18,10,2,22,14,6,15],[10,6,2,22,18,14,23,15],[14,2,10,18,22,6,15],[14,2,6,18,10,22,23,15],[10,18,6,22,2,14,23,15],[6,2,18,14,10,22,23,15],[18,10,22,14,2,6,15],[18,2,22,14,6,10,15],[14,22,10,6,18,2,15],[14,18,2,22,10,6,15],[18,22,6,2,10,14,23,15],[22,10,14,6,18,2,15],[18,6,2,22,10,14,23,15],[2,6,14,18,10,22,23,15],[14,22,18,2,6,10,23,15],[10,18,6,22,14,2,23,15],[2,22,14,10,6,18,23,15],[14,18,10,6,2,22,23,15],[2,6,14,10,18,22,23,15],[2,14,22,18,6,10,15],[14,18,2,22,6,10,15],[22,6,18,2,10,14,15],[18,10,6,2,22,14,23,15],[18,22,14,2,6,10,15],[2,18,10,6,14,22,23,15],[22,2,18,6,14,10,23,15],[14,6,22,18,10,2,23,15],[14,2,22,18,10,6,23,15],[14,18,22,2,10,6,23,15],[18,22,14,10,2,6,15],[22,14,6,10,2,18,23,15],[22,18,2,6,10,14,23,15],[6,18,10,2,14,22,15],[22,10,14,2,18,6,23,15],[2,6,22,18,10,14,15],[22,10,14,6,2,18,15],[14,22,18,2,6,10,23,15],[14,6,2,18,22,10,23,15],[18,6,22,2,10,14,15],[10,2,22,6,14,18,15],[6,14,10,2,22,18,15],[2,10,22,6,14,18,15],[22,10,18,2,6,14,15],[14,22,18,6,10,2,23,15],[6,14,10,18,2,22,23,15],[6,18,22,14,2,10,23,15],[18,22,10,14,6,2,23,15],[14,10,22,2,6,18,15],[22,2,18,6,14,10,23,15],[10,2,14,6,18,22,23,15],[2,22,6,18,10,14,15],[10,2,6,22,18,14,15],[14,22,6,10,2,18,23,15],[18,2,6,22,14,10,15],[18,2,6,10,14,22,15],[6,14,2,18,22,10,23,15],[2,22,10,6,18,14,15],[2,6,18,14,10,22,15],[10,22,2,14,18,6,23,15],[10,14,6,22,18,2,15],[2,18,10,22,6,14,15],[6,10,2,14,18,22,15],[22,2,18,10,14,6,15],[6,10,2,14,22,18,23,15],[14,2,18,22,6,10,15],[18,14,22,6,2,10,23,15],[18,22,10,2,14,6,23,15],[22,10,18,6,2,14,23,15],[18,6,14,2,22,10,15],[22,10,18,6,2,14,15],[14,10,18,6,2,22,15],[22,18,6,14,2,10,15],[14,2,6,18,22,10,23,15],[10,14,18,2,6,22,23,15],[2,6,14,10,18,22,15],[14,6,22,2,10,18,23,15],[14,18,6,2,10,22,23,15],[14,10,18,22,6,2,15],[10,14,18,22,2,6,23,15],[14,18,22,2,10,6,15],[18,22,14,6,2,10,23,15],[18,14,6,2,22,10,23,15],[22,2,10,18,6,14,15],[18,6,14,22,10,2,23,15],[18,22,2,14,10,6,15]],"n_human":6}