{"problem_id": "3Ne8pBMhNEyW1e4", "sigma": 75, "alpha": 3.162, "cost": 0, "probabilities": "[0.18, 0.14, 0.12, 0.56]", "payoff_matrix": "[[-13, 7, 119, 22, 141, -34], [-71, -108, 29, -107, 22, 55], [-83, -91, -67, -20, -23, -35], [3, 68, 21, 67, 34, -3]]", "uncovered": [[20, 12, 8, 24, 16, 7, 4], [12, 16, 24, 8, 13, 5, 4, 20], [16, 4, 12, 24, 8, 13, 5, 20], [24, 8, 20, 16, 13, 5, 4, 12], [12, 8, 4, 16, 5, 13, 20, 24], [4, 8, 16, 5, 14, 24, 20, 12], [16, 12, 8, 5, 13, 4, 24, 20], [24, 12, 20, 8, 16, 13, 5, 4], [4, 12, 16, 24, 20, 8, 5, 13], [16, 4, 24, 20, 8, 5, 13, 12], [12, 24, 4, 8, 20, 16, 13, 5], [4, 12, 24, 20, 8, 16, 13, 5], [4, 20, 12, 8, 24, 16, 6], [20, 8, 4, 24, 16, 5, 13, 12], [16, 12, 8, 5, 13, 20, 4, 24], [20, 12, 8, 24, 4, 16, 7], [20, 12, 4, 8, 24, 16, 5, 13], [24, 4, 20, 12, 8, 16, 13, 5], [8, 16, 13, 6, 4, 24, 20], [16, 8, 5, 13, 12, 24, 20, 4], [16, 4, 20, 24, 12, 8, 5, 13], [16, 4, 12, 20, 8, 13, 5, 24], [20, 24, 12, 4, 8, 16, 5, 13], [8, 20, 24, 4, 12, 16, 5, 13], [8, 4, 12, 24, 16, 5, 13, 20], [8, 12, 16, 5, 13, 4, 24, 20], [4, 24, 16, 20, 12, 8, 5, 13], [12, 16, 4, 20, 8, 13, 5, 24], [12, 4, 16, 20, 8, 5, 13, 24], [4, 8, 12, 16, 14, 20, 24], [16, 12, 4, 24, 20, 8, 14], [4, 8, 16, 5, 13, 20, 12, 24], [24, 20, 8, 16, 5, 13, 4, 12], [20, 8, 24, 12, 16, 15, 5, 4], [8, 16, 5, 13, 20, 4, 12, 24], [8, 24, 20, 16, 13, 5, 12, 4], [24, 4, 16, 20, 8, 13, 5, 12], [8, 20, 24, 4, 16, 5, 13, 12], [20, 12, 4, 8, 16, 5, 13, 24], [8, 12, 24, 4, 16, 13, 5, 20], [12, 4, 24, 16, 20, 8, 13, 5], [20, 16, 4, 24, 12, 8, 13, 5], [4, 8, 16, 13, 5, 24, 12, 20], [4, 16, 8, 13, 5, 24, 12, 20], [8, 4, 12, 24, 16, 13, 7], [24, 4, 16, 12, 8, 13, 5, 20], [4, 16, 20, 8, 13, 5, 24, 11], [16, 20, 12, 4, 8, 13, 5, 24], [16, 8, 13, 5, 20, 12, 4, 24], [12, 16, 8, 13, 5, 24, 4, 20], [20, 24, 16, 8, 13, 5, 12, 4], [16, 20, 12, 4, 8, 13, 5, 24], [24, 20, 4, 12, 16, 8, 13, 5], [12, 24, 20, 8, 4, 16, 5, 15], [16, 4, 12, 24, 8, 13, 5, 20], [8, 12, 4, 24, 20, 16, 13, 5], [12, 16, 24, 4, 8, 13, 5, 20], [4, 8, 20, 24, 12, 16, 13, 5], [4, 12, 20, 24, 8, 16, 13, 6], [12, 20, 16, 4, 8, 5, 13, 24], [16, 12, 8, 14, 24, 4, 20], [12, 4, 8, 24, 20, 16, 13, 5], [20, 16, 4, 8, 13, 5, 24, 12], [12, 20, 4, 16, 24, 8, 13, 5], [20, 4, 16, 24, 12, 8, 5, 13], [16, 20, 12, 8, 14, 24, 4], [24, 4, 16, 20, 12, 8, 13, 6], [4, 16, 8, 5, 13, 12, 20, 24], [24, 16, 8, 5, 13, 20, 12, 4], [16, 4, 8, 5, 13, 24, 12, 20], [4, 24, 12, 16, 20, 8, 13, 6], [24, 16, 12, 4, 8, 5, 13, 20], [24, 12, 8, 4, 20, 16, 5, 13], [24, 16, 20, 8, 5, 13, 12, 4], [4, 20, 16, 8, 5, 13, 12, 24], [8, 16, 13, 5, 24, 12, 20, 4], [16, 8, 5, 14, 4, 12, 24, 20], [16, 24, 4, 8, 13, 5, 12, 20], [24, 4, 8, 16, 14, 12, 20], [16, 20, 12, 8, 13, 5, 4, 24], [12, 20, 8, 16, 5, 13, 24, 4], [24, 8, 12, 4, 20, 16, 13, 5], [12, 16, 24, 4, 20, 8, 13, 5], [12, 4, 8, 24, 16, 13, 5, 20], [8, 4, 24, 20, 12, 16, 13, 5], [4, 24, 12, 8, 16, 13, 5, 20], [8, 20, 12, 24, 4, 16, 5, 13], [4, 24, 20, 12, 8, 16, 13, 5], [12, 8, 24, 20, 16, 5, 13, 4], [20, 8, 12, 4, 16, 5, 13, 24], [20, 12, 16, 24, 4, 8, 5, 14], [4, 16, 12, 24, 8, 7, 20], [16, 4, 12, 24, 20, 8, 13, 5], [20, 12, 8, 4, 24, 16, 5, 13], [20, 24, 8, 12, 16, 5, 13, 4], [24, 20, 16, 12, 4, 8, 13, 7], [24, 20, 4, 8, 16, 13, 5, 12], [4, 16, 24, 8, 5, 13, 20, 12], [12, 24, 4, 20, 16, 8, 13, 6], [16, 24, 4, 12, 20, 8, 13, 5], [8, 24, 16, 5, 13, 20, 12, 4], [4, 24, 20, 8, 12, 16, 13, 5], [20, 24, 4, 16, 8, 6, 12], [4, 16, 20, 24, 8, 5, 13, 12], [16, 8, 5, 13, 20, 24, 12, 4], [4, 20, 12, 16, 8, 5, 13, 24], [12, 4, 20, 8, 24, 16, 13, 5], [8, 4, 12, 24, 16, 5, 14, 20], [4, 12, 16, 20, 8, 13, 5, 24], [16, 4, 24, 20, 12, 8, 13, 5], [16, 4, 20, 12, 8, 5, 13, 24], [4, 12, 16, 8, 13, 6, 20], [4, 20, 8, 24, 12, 16, 5, 13], [24, 12, 4, 8, 16, 13, 5, 20], [24, 20, 4, 8, 16, 13, 5, 12], [8, 24, 4, 12, 20, 16, 5, 13], [4, 24, 12, 16, 8, 5, 13, 20], [4, 12, 20, 24, 8, 16, 5, 13], [16, 20, 8, 13, 5, 12, 24, 4], [4, 12, 16, 20, 24, 8, 5, 13], [4, 12, 16, 24, 20, 8, 13, 5], [4, 8, 12, 24, 16, 13, 5, 20], [8, 12, 24, 4, 16, 14, 20], [8, 24, 16, 14, 20, 4, 12], [24, 20, 4, 16, 8, 5, 13, 12], [12, 8, 4, 24, 16, 5, 13, 20], [24, 20, 8, 4, 12, 16, 13, 5], [12, 20, 8, 24, 16, 5, 13, 4], [4, 16, 20, 8, 5, 13, 24, 12], [16, 12, 20, 4, 24, 8, 6], [20, 8, 24, 12, 16, 5, 13, 4], [20, 4, 8, 12, 24, 16, 5, 13], [8, 16, 13, 5, 24, 4, 12, 20], [12, 16, 4, 20, 8, 5, 13, 24], [8, 12, 4, 16, 13, 5, 20, 24], [12, 16, 8, 13, 5, 20, 4, 24], [16, 4, 8, 13, 5, 20, 24, 12], [20, 8, 4, 12, 16, 5, 13, 24], [20, 4, 12, 16, 24, 8, 13, 5], [24, 16, 12, 4, 20, 8, 13, 5], [20, 24, 16, 4, 8, 5, 13, 12], [12, 24, 16, 4, 20, 8, 13, 5], [24, 8, 4, 16, 5, 13, 20, 12], [20, 4, 16, 8, 13, 6, 24], [24, 16, 12, 8, 5, 13, 4, 20], [16, 24, 8, 5, 15, 12, 20, 4], [4, 8, 12, 16, 13, 5, 20, 24], [20, 12, 16, 8, 13, 5, 24, 4], [24, 8, 4, 16, 5, 13, 20, 12], [12, 4, 20, 8, 24, 16, 13, 5], [16, 12, 20, 4, 8, 5, 13, 24], [4, 8, 12, 20, 24, 16, 13, 5], [24, 12, 16, 20, 8, 5, 13, 4], [20, 4, 16, 8, 6, 12, 24], [12, 4, 16, 24, 20, 8, 13, 6], [8, 24, 20, 12, 16, 13, 5, 4], [8, 24, 4, 12, 20, 16, 5, 13], [12, 4, 8, 20, 16, 13, 5, 24], [16, 20, 8, 5, 14, 4, 12, 24], [4, 8, 20, 16, 5, 13, 24, 12], [8, 12, 24, 16, 13, 5, 20, 4], [12, 24, 16, 4, 8, 13, 5, 20], [24, 8, 12, 16, 14, 20, 4], [20, 24, 16, 8, 5, 15, 12, 4], [8, 20, 4, 12, 16, 6, 24], [4, 24, 12, 8, 20, 16, 13, 5], [24, 16, 4, 8, 13, 5, 12, 20], [12, 8, 4, 16, 5, 15, 20, 24], [12, 4, 16, 20, 24, 8, 5, 13], [20, 24, 8, 12, 16, 5, 14, 4], [4, 16, 24, 12, 20, 8, 13, 5], [16, 4, 20, 12, 8, 5, 14, 24], [20, 4, 16, 24, 12, 8, 13, 5], [12, 16, 4, 8, 5, 13, 20, 24], [20, 4, 16, 24, 12, 8, 14], [24, 4, 8, 12, 16, 5, 13, 20], [8, 24, 16, 5, 14, 12, 20, 4], [12, 20, 4, 24, 16, 8, 5, 15], [20, 24, 8, 16, 5, 13, 12, 4], [8, 4, 24, 16, 5, 13, 12, 20], [8, 12, 16, 13, 5, 20, 4, 24], [20, 12, 4, 16, 8, 5, 13, 24], [20, 12, 8, 4, 24, 16, 14], [4, 24, 12, 20, 8, 16, 13, 5], [8, 20, 4, 24, 16, 13, 5, 12], [16, 20, 12, 8, 7, 24, 4], [20, 12, 16, 8, 15, 5, 4, 24], [16, 8, 5, 13, 24, 12, 20, 4], [4, 8, 20, 24, 16, 5, 13, 12], [12, 4, 8, 24, 20, 16, 13, 5], [20, 4, 12, 8, 24, 16, 13, 5], [8, 16, 13, 5, 12, 4, 24, 20], [8, 24, 16, 14, 4, 12, 20], [4, 8, 12, 24, 16, 13, 6], [8, 12, 4, 20, 16, 13, 5, 24], [20, 8, 16, 13, 5, 4, 12, 24], [12, 4, 24, 16, 20, 8, 13, 5], [12, 8, 20, 4, 24, 16, 13, 5], [12, 8, 4, 20, 16, 13, 5, 24], [4, 20, 8, 24, 16, 5, 13, 12], [4, 12, 16, 8, 5, 13, 24, 20], [4, 8, 24, 20, 16, 5, 13, 12], [16, 24, 12, 8, 13, 5, 4, 20], [8, 12, 20, 16, 13, 5, 4, 24], [24, 16, 12, 8, 5, 13, 20, 4], [12, 4, 8, 16, 5, 13, 24, 20], [16, 12, 20, 8, 5, 13, 4, 24], [24, 4, 20, 16, 8, 13, 5, 12], [24, 16, 8, 13, 5, 20, 12, 4], [16, 4, 24, 8, 5, 14, 20, 12], [24, 12, 4, 8, 16, 13, 5, 20], [20, 12, 16, 4, 24, 8, 6], [12, 16, 24, 20, 4, 8, 5, 13], [12, 20, 4, 24, 8, 16, 13, 7], [4, 12, 8, 16, 13, 6, 20], [16, 8, 5, 13, 20, 12, 4, 24], [16, 4, 24, 20, 8, 13, 6], [16, 24, 8, 5, 13, 12, 4, 20], [24, 4, 12, 16, 8, 5, 13, 20], [8, 24, 16, 6, 12, 20, 4], [20, 24, 4, 12, 8, 16, 7], [16, 12, 20, 24, 4, 8, 13, 5], [20, 24, 8, 12, 4, 16, 13, 5], [20, 24, 16, 8, 5, 13, 12, 4], [8, 4, 16, 13, 5, 20, 12, 24], [20, 12, 24, 8, 16, 13, 7], [4, 8, 12, 16, 5, 13, 24, 20], [4, 20, 24, 8, 16, 13, 5, 12], [4, 12, 8, 24, 16, 5, 13, 20], [24, 20, 4, 16, 8, 5, 13, 12], [4, 12, 20, 8, 24, 16, 13, 5], [4, 20, 8, 16, 5, 13, 12, 24], [24, 8, 20, 4, 16, 13, 5, 12], [24, 16, 8, 5, 13, 12, 4, 20], [16, 20, 4, 8, 5, 13, 12, 24], [16, 20, 4, 12, 24, 8, 5, 13], [16, 8, 14, 4, 24, 12, 20], [4, 16, 8, 5, 13, 12, 20, 24], [12, 20, 24, 8, 16, 13, 5, 4], [16, 24, 20, 12, 4, 8, 13, 5], [4, 20, 12, 16, 24, 8, 15, 6], [20, 12, 24, 16, 8, 5, 14, 4], [20, 4, 16, 8, 13, 5, 24, 12], [20, 8, 16, 13, 5, 24, 4, 12], [4, 8, 12, 24, 20, 16, 14], [4, 24, 12, 8, 20, 16, 5, 13], [8, 16, 5, 13, 12, 20, 4, 24], [24, 12, 4, 20, 16, 8, 5, 13], [24, 12, 16, 20, 4, 8, 5, 13], [4, 12, 8, 20, 16, 13, 7], [4, 16, 24, 20, 12, 8, 6], [20, 16, 4, 8, 5, 13, 12, 24], [12, 16, 8, 13, 5, 20, 24, 4], [20, 4, 12, 8, 16, 13, 5, 24], [4, 8, 16, 13, 5, 12, 24, 20], [12, 16, 24, 8, 5, 13, 4, 20], [4, 8, 20, 16, 5, 13, 12, 24], [20, 24, 12, 16, 8, 5, 13, 4], [8, 20, 12, 24, 16, 5, 13, 4], [20, 8, 16, 13, 5, 12, 24, 4], [16, 12, 8, 5, 13, 4, 20, 24], [16, 8, 6, 4, 12, 24, 20], [20, 4, 16, 12, 24, 8, 5, 13], [8, 16, 5, 13, 20, 4, 12, 24], [12, 4, 16, 24, 20, 8, 5, 13], [12, 4, 20, 24, 16, 8, 13, 5], [8, 24, 4, 12, 16, 5, 13, 20], [12, 24, 20, 4, 8, 16, 5, 13], [16, 8, 5, 13, 4, 24, 20, 12], [20, 12, 4, 8, 24, 16, 5, 13], [16, 24, 8, 13, 5, 12, 20, 4], [12, 4, 20, 8, 16, 5, 13, 24], [16, 4, 20, 12, 24, 8, 5, 13], [8, 12, 24, 20, 16, 13, 5, 4], [16, 20, 12, 8, 5, 13, 24, 4], [24, 4, 16, 8, 13, 5, 20, 12], [24, 16, 8, 5, 13, 20, 4, 12], [12, 16, 24, 4, 8, 13, 5, 20], [12, 4, 20, 16, 8, 13, 6], [16, 12, 8, 13, 5, 20, 4, 24], [8, 4, 16, 5, 13, 12, 20, 24], [16, 20, 24, 12, 4, 8, 13, 5], [16, 12, 24, 8, 6, 4, 20], [16, 4, 8, 6, 12, 20, 24], [8, 20, 16, 13, 5, 12, 24, 4], [16, 24, 4, 8, 6, 12, 20], [4, 8, 24, 16, 13, 5, 12, 20], [12, 16, 4, 20, 8, 5, 13, 24], [24, 8, 4, 20, 12, 16, 5, 13], [24, 16, 20, 12, 4, 8, 13, 5], [4, 16, 20, 8, 5, 13, 12, 24], [16, 24, 4, 8, 5, 13, 12, 20], [20, 8, 16, 13, 6, 24, 12], [16, 20, 8, 13, 5, 24, 12, 4], [4, 16, 8, 13, 5, 24, 20, 12], [12, 8, 24, 16, 13, 5, 20, 4], [4, 20, 24, 16, 12, 8, 13, 5], [16, 12, 4, 8, 5, 13, 20, 24], [20, 4, 8, 16, 13, 5, 24, 12], [4, 20, 24, 16, 12, 8, 5, 13], [4, 12, 16, 24, 20, 8, 5, 13], [20, 8, 4, 16, 6, 12, 24], [20, 4, 8, 24, 16, 5, 13, 12], [16, 24, 20, 4, 12, 8, 13, 5], [20, 24, 12, 4, 16, 8, 5, 13], [12, 24, 4, 8, 20, 16, 5, 13], [20, 12, 4, 8, 24, 16, 5, 13], [24, 12, 16, 20, 4, 8, 15, 5], [24, 12, 16, 8, 5, 13, 4, 20], [20, 4, 8, 16, 13, 5, 24, 12], [12, 16, 4, 24, 20, 8, 5, 13], [8, 4, 12, 16, 13, 5, 24, 20], [12, 24, 16, 20, 4, 8, 13, 5], [20, 8, 16, 5, 13, 4, 12, 24], [12, 8, 4, 20, 16, 5, 13, 24], [4, 20, 12, 16, 24, 8, 7], [24, 8, 20, 12, 4, 16, 13, 5], [4, 8, 16, 13, 5, 24, 20, 12], [8, 20, 24, 12, 4, 16, 5, 13], [24, 20, 8, 16, 5, 13, 12, 4], [12, 24, 8, 16, 7, 20, 4], [8, 16, 5, 13, 24, 20, 12, 4], [8, 24, 16, 5, 13, 4, 20, 12], [24, 4, 16, 12, 8, 5, 14, 20], [24, 20, 12, 8, 4, 16, 13, 5], [12, 20, 4, 8, 16, 13, 5, 24], [12, 4, 20, 8, 24, 16, 13, 5], [8, 24, 4, 12, 20, 16, 14], [24, 16, 20, 8, 13, 5, 12, 4], [20, 16, 8, 13, 5, 24, 12, 4], [12, 16, 20, 24, 8, 5, 13, 4], [12, 8, 20, 16, 5, 13, 4, 24], [20, 8, 24, 4, 12, 16, 14], [12, 24, 8, 4, 20, 16, 13, 5], [16, 24, 20, 4, 8, 5, 13, 12], [4, 16, 8, 13, 5, 24, 20, 12], [12, 8, 20, 24, 16, 13, 6], [4, 12, 24, 8, 16, 5, 13, 20], [8, 24, 20, 12, 16, 5, 13, 4], [12, 20, 24, 8, 16, 5, 13, 4], [8, 16, 13, 5, 24, 12, 4, 20], [20, 12, 8, 16, 5, 13, 4, 24], [24, 20, 12, 8, 16, 13, 5, 4], [16, 8, 5, 13, 12, 4, 24, 20], [20, 8, 16, 5, 13, 12, 24, 4], [16, 24, 4, 8, 5, 13, 20, 12], [8, 12, 24, 4, 20, 16, 7], [12, 24, 16, 4, 20, 8, 5, 13], [16, 12, 4, 8, 13, 5, 20, 24], [12, 16, 4, 20, 8, 5, 13, 24], [16, 24, 4, 12, 8, 5, 13, 20], [12, 16, 8, 5, 13, 20, 24, 4], [20, 8, 24, 12, 4, 16, 13, 5], [8, 4, 24, 20, 12, 16, 5, 14], [8, 16, 5, 13, 20, 4, 12, 24], [12, 4, 20, 16, 8, 13, 5, 24], [12, 8, 24, 20, 16, 13, 5, 4], [20, 12, 24, 8, 4, 16, 13, 5], [4, 20, 8, 16, 14, 24, 12], [20, 16, 12, 4, 8, 5, 13, 24], [24, 16, 12, 4, 8, 5, 13, 20], [24, 20, 12, 16, 4, 8, 5, 13], [16, 4, 20, 8, 13, 5, 24, 12], [16, 8, 14, 20, 4, 24, 12], [12, 16, 4, 20, 8, 5, 13, 24], [8, 24, 20, 16, 13, 5, 12, 4], [16, 24, 12, 20, 4, 8, 6], [12, 20, 8, 4, 24, 16, 13, 5], [20, 4, 24, 8, 12, 16, 13, 6], [24, 16, 4, 12, 20, 8, 5, 14], [12, 8, 24, 4, 16, 13, 5, 20], [4, 20, 16, 8, 13, 5, 24, 12], [16, 4, 20, 8, 6, 24, 12], [24, 20, 4, 8, 12, 16, 13, 5], [8, 20, 16, 5, 15, 12, 24, 4], [8, 4, 16, 5, 13, 12, 24, 20], [12, 8, 24, 4, 20, 16, 13, 5], [24, 16, 8, 13, 6, 20, 4], [20, 8, 24, 4, 16, 13, 5, 12], [16, 20, 24, 8, 5, 13, 12, 4], [20, 4, 12, 24, 8, 16, 13, 5], [12, 8, 16, 5, 13, 24, 4, 20], [20, 12, 24, 16, 8, 5, 13, 4], [4, 24, 12, 8, 16, 14, 20], [20, 4, 12, 8, 24, 16, 5, 13], [8, 24, 4, 20, 12, 16, 13, 5], [4, 8, 16, 5, 13, 20, 24, 12], [4, 12, 24, 16, 8, 13, 7], [24, 16, 20, 12, 4, 8, 13, 5], [12, 4, 20, 8, 24, 16, 13, 5], [8, 20, 4, 12, 16, 13, 5, 24], [8, 4, 24, 16, 13, 5, 9, 12, 20], [8, 24, 16, 5, 13, 20, 12, 4], [20, 8, 12, 16, 13, 5, 24, 4], [8, 12, 16, 13, 5, 20, 24, 4], [4, 20, 16, 8, 13, 5, 24, 12], [16, 12, 8, 5, 13, 24, 4, 20], [8, 20, 24, 12, 4, 16, 13, 5], [20, 16, 12, 8, 13, 5, 24, 4], [8, 12, 16, 5, 13, 24, 20, 4], [24, 8, 4, 20, 12, 16, 5, 13], [16, 24, 4, 12, 8, 5, 13, 20], [16, 12, 8, 13, 6, 24, 4], [12, 8, 20, 4, 24, 16, 7], [16, 8, 13, 5, 24, 20, 4, 12], [20, 16, 4, 24, 8, 13, 5, 12], [8, 24, 12, 4, 20, 16, 13, 6], [20, 24, 4, 16, 8, 5, 13, 12], [16, 20, 4, 12, 8, 5, 13, 24], [20, 4, 16, 12, 8, 15, 5, 24], [8, 16, 13, 5, 20, 4, 24, 12], [12, 20, 16, 24, 8, 5, 13, 4], [12, 20, 16, 24, 8, 5, 13, 4], [4, 8, 12, 16, 13, 5, 20, 24], [8, 12, 16, 13, 5, 24, 4, 20], [8, 20, 4, 24, 16, 5, 13, 12], [16, 4, 20, 8, 13, 5, 24, 12], [20, 12, 4, 8, 16, 5, 13, 24], [24, 20, 8, 16, 5, 13, 12, 4], [12, 8, 20, 4, 16, 5, 13, 24], [8, 12, 24, 16, 13, 5, 20, 4], [20, 4, 24, 16, 8, 13, 5, 12], [16, 4, 12, 20, 24, 8, 5, 13], [4, 8, 20, 12, 16, 5, 13, 24], [16, 24, 4, 12, 8, 5, 13, 20], [12, 20, 16, 4, 8, 13, 5, 24], [12, 24, 20, 8, 4, 16, 13, 7], [24, 12, 8, 16, 5, 13, 4, 20], [24, 4, 12, 20, 16, 8, 13, 5], [8, 20, 24, 4, 12, 16, 13, 5], [12, 24, 20, 8, 4, 16, 13, 5], [4, 12, 16, 8, 13, 5, 20, 24], [20, 12, 4, 8, 16, 5, 13, 24], [20, 4, 24, 12, 8, 16, 13, 5], [24, 4, 8, 20, 12, 16, 5, 13], [24, 16, 12, 20, 4, 8, 13, 5], [4, 8, 20, 16, 13, 5, 24, 12], [8, 24, 12, 20, 16, 5, 13, 4], [24, 4, 16, 12, 8, 13, 6], [24, 8, 4, 16, 5, 13, 12, 20], [12, 16, 20, 4, 24, 8, 13, 6], [4, 16, 24, 12, 20, 8, 13, 5], [4, 20, 16, 24, 12, 8, 5, 13], [4, 24, 8, 12, 16, 5, 14, 20], [24, 8, 4, 20, 12, 16, 5, 13], [20, 24, 4, 16, 12, 8, 5, 15], [12, 16, 24, 20, 8, 5, 13, 4], [24, 16, 8, 13, 5, 20, 4, 12], [12, 24, 8, 20, 4, 16, 6], [4, 8, 24, 16, 13, 5, 12, 20], [20, 24, 12, 4, 16, 8, 13, 5], [8, 24, 16, 13, 5, 12, 4, 20], [12, 20, 4, 24, 8, 16, 13, 5], [4, 12, 8, 16, 6, 20, 24], [24, 12, 16, 4, 8, 6, 20], [16, 20, 4, 12, 8, 5, 13, 24], [4, 12, 16, 24, 8, 13, 5, 20], [24, 4, 16, 20, 8, 13, 5, 12], [12, 24, 4, 20, 8, 16, 13, 5], [16, 20, 8, 7, 12, 24, 4], [8, 20, 16, 13, 5, 24, 12, 4], [16, 24, 20, 12, 8, 5, 13, 4], [12, 4, 8, 20, 16, 13, 5, 24], [24, 4, 12, 8, 16, 13, 5, 20], [12, 16, 20, 8, 5, 13, 24, 4], [12, 20, 8, 4, 16, 13, 5, 24], [8, 24, 12, 4, 16, 5, 13, 20], [16, 20, 8, 5, 13, 24, 4, 12], [24, 8, 16, 13, 5, 4, 12, 20], [24, 12, 8, 4, 20, 16, 5, 13], [24, 16, 8, 5, 13, 12, 20, 4], [20, 8, 24, 4, 12, 16, 5, 13], [8, 16, 5, 14, 20, 12, 4, 24], [12, 4, 24, 8, 16, 5, 13, 20], [24, 4, 8, 12, 16, 13, 5, 20], [20, 8, 24, 16, 13, 5, 4, 12], [4, 12, 20, 16, 8, 13, 5, 24], [20, 8, 12, 24, 4, 16, 13, 5], [20, 4, 24, 16, 12, 8, 13, 5], [20, 16, 24, 8, 5, 13, 4, 12], [16, 12, 24, 20, 8, 13, 5, 4], [20, 4, 12, 16, 8, 13, 5, 24], [20, 16, 12, 4, 24, 8, 5, 13], [24, 8, 20, 16, 13, 5, 12, 4], [24, 16, 12, 4, 20, 8, 5, 13], [24, 8, 12, 16, 14, 4, 20], [16, 24, 12, 8, 13, 5, 4, 20], [24, 8, 4, 16, 5, 13, 20, 12], [8, 4, 24, 16, 7, 12, 20], [24, 8, 12, 16, 5, 14, 20, 4], [20, 12, 16, 4, 24, 8, 5, 13], [16, 4, 8, 5, 15, 20, 12, 24], [8, 4, 16, 5, 13, 12, 24, 20], [24, 4, 8, 12, 16, 13, 5, 20], [24, 8, 4, 20, 12, 16, 5, 13], [24, 8, 16, 5, 13, 12, 4, 20], [24, 8, 16, 13, 5, 4, 12, 20], [16, 24, 8, 5, 13, 4, 20, 12], [20, 16, 12, 4, 24, 8, 13, 5], [16, 24, 4, 8, 5, 13, 20, 12], [24, 16, 12, 20, 4, 8, 13, 5], [24, 20, 8, 16, 5, 13, 12, 4], [4, 16, 8, 14, 24, 20, 12], [16, 8, 5, 14, 4, 24, 12, 20], [24, 8, 16, 5, 14, 20, 4, 12], [8, 4, 16, 13, 5, 24, 20, 12], [4, 8, 20, 12, 16, 13, 5, 24], [12, 4, 24, 20, 8, 16, 6], [24, 12, 16, 8, 13, 5, 20, 4], [4, 24, 8, 16, 13, 5, 20, 12], [16, 24, 8, 13, 5, 4, 20, 12], [16, 8, 13, 6, 4, 20, 24], [8, 20, 24, 4, 16, 13, 5, 12], [8, 16, 13, 5, 24, 4, 12, 20], [24, 20, 16, 4, 12, 8, 5, 13], [4, 8, 24, 12, 20, 16, 13, 5], [12, 20, 16, 8, 13, 6, 24], [8, 20, 4, 12, 16, 5, 14, 24], [24, 4, 16, 8, 13, 5, 12, 20], [8, 20, 16, 5, 13, 4, 24, 12], [20, 12, 4, 24, 16, 8, 5, 13], [8, 24, 16, 13, 5, 4, 20, 12], [8, 24, 12, 4, 20, 16, 5, 14], [20, 8, 12, 16, 13, 5, 24, 4], [20, 4, 12, 24, 16, 8, 13, 5], [4, 12, 24, 20, 8, 16, 5, 13], [20, 12, 4, 24, 8, 16, 13, 5], [16, 4, 8, 13, 5, 20, 24, 12], [4, 16, 12, 20, 8, 14, 24], [4, 12, 20, 8, 16, 14, 24], [12, 8, 16, 13, 5, 4, 24, 20], [8, 20, 24, 4, 12, 16, 13, 5], [8, 12, 4, 16, 5, 13, 24, 20], [4, 24, 16, 20, 12, 8, 5, 13], [12, 16, 24, 20, 4, 8, 5, 13], [20, 8, 4, 24, 12, 16, 5, 13], [8, 20, 4, 24, 16, 5, 13, 12], [20, 8, 4, 24, 16, 13, 5, 12], [4, 8, 24, 12, 16, 6, 20], [16, 19, 12, 4, 24, 8, 5, 13], [4, 8, 20, 12, 24, 16, 15, 5], [12, 16, 20, 8, 14, 24, 4], [24, 4, 8, 20, 16, 13, 5, 12], [24, 20, 8, 12, 16, 13, 5, 4], [12, 4, 20, 8, 24, 16, 13, 5], [20, 16, 24, 4, 12, 8, 5, 13], [12, 4, 16, 20, 24, 8, 5, 14], [12, 4, 24, 8, 16, 5, 13, 20], [20, 16, 12, 4, 24, 8, 5, 13], [4, 20, 8, 12, 24, 16, 13, 5], [8, 16, 5, 13, 4, 20, 24, 12], [16, 24, 4, 20, 12, 8, 13, 5], [16, 8, 13, 6, 20, 12, 4], [20, 16, 8, 13, 5, 24, 4, 12], [24, 16, 8, 13, 5, 12, 4, 20], [16, 24, 12, 20, 8, 5, 13, 4], [4, 24, 20, 12, 16, 8, 5, 13], [4, 8, 12, 20, 24, 16, 5, 14], [8, 16, 5, 13, 24, 12, 20, 4], [12, 24, 16, 8, 13, 5, 4, 20], [8, 20, 4, 24, 16, 5, 13, 12], [16, 24, 20, 12, 4, 8, 5, 13], [16, 4, 20, 12, 24, 8, 13, 5], [24, 8, 4, 12, 20, 16, 13, 5], [16, 4, 24, 20, 12, 8, 13, 5], [16, 12, 24, 20, 8, 5, 13, 4], [4, 8, 16, 7, 12, 20, 24], [24, 12, 16, 4, 20, 8, 5, 13], [8, 24, 16, 5, 13, 4, 12, 20], [8, 20, 12, 4, 16, 15, 5, 24], [12, 24, 20, 8, 16, 13, 5, 4], [20, 4, 8, 12, 16, 5, 13, 24], [24, 4, 12, 8, 20, 16, 13, 5], [20, 12, 8, 16, 15, 5, 24, 4], [4, 12, 8, 16, 5, 13, 24, 20], [16, 20, 8, 5, 13, 4, 12, 24], [8, 4, 24, 20, 12, 16, 13, 5], [4, 24, 8, 16, 5, 14, 12, 20], [12, 20, 24, 4, 8, 16, 5, 13], [24, 20, 4, 8, 16, 13, 5, 12], [4, 8, 20, 16, 13, 5, 24, 12], [20, 8, 4, 24, 12, 16, 13, 5], [24, 20, 8, 16, 6, 12, 4], [4, 8, 16, 5, 13, 20, 12, 24], [4, 16, 12, 24, 8, 6, 20], [16, 20, 8, 5, 13, 12, 4, 24], [16, 8, 13, 5, 12, 24, 4, 20], [12, 24, 16, 20, 8, 13, 5, 4], [16, 12, 24, 8, 5, 14, 4, 20], [16, 12, 20, 8, 5, 13, 24, 4], [24, 20, 12, 4, 16, 8, 6], [20, 12, 4, 8, 16, 13, 5, 24], [24, 20, 12, 16, 4, 8, 13, 7], [24, 12, 4, 16, 8, 13, 7], [16, 12, 4, 20, 8, 13, 5, 24], [20, 16, 4, 24, 8, 13, 5, 12], [20, 24, 16, 4, 8, 5, 13, 12], [4, 12, 8, 24, 16, 5, 13, 20], [20, 16, 4, 9, 12, 13, 8, 5, 24], [20, 8, 16, 13, 5, 24, 4, 12], [12, 16, 8, 5, 13, 20, 24, 4], [8, 24, 20, 16, 5, 13, 4, 12], [8, 20, 16, 13, 5, 4, 12, 24], [24, 8, 16, 6, 12, 4, 20], [24, 8, 16, 13, 5, 20, 12, 4], [20, 16, 4, 24, 12, 8, 5, 13], [12, 20, 4, 8, 16, 5, 13, 24], [16, 4, 12, 20, 24, 8, 5, 13], [8, 16, 13, 5, 4, 24, 20, 12], [16, 24, 20, 8, 13, 5, 12, 4], [20, 12, 16, 8, 13, 5, 4, 24], [20, 24, 8, 16, 13, 6, 12], [24, 20, 8, 16, 5, 13, 4, 12], [20, 12, 16, 8, 5, 13, 4, 24], [8, 20, 12, 24, 4, 16, 5, 13], [20, 4, 12, 16, 8, 13, 5, 24], [24, 16, 20, 8, 5, 13, 12, 4], [24, 12, 4, 8, 20, 16, 5, 13], [16, 24, 20, 12, 4, 8, 13, 5], [4, 24, 8, 20, 12, 16, 6], [12, 24, 16, 8, 5, 13, 4, 20], [16, 12, 20, 4, 24, 8, 5, 13], [12, 8, 24, 16, 5, 13, 4, 20], [4, 12, 16, 20, 24, 8, 5, 14], [16, 8, 13, 6, 20, 24, 4], [8, 20, 12, 24, 4, 16, 13, 5], [16, 8, 13, 5, 20, 24, 4, 12], [4, 12, 24, 16, 20, 8, 13, 5], [8, 12, 16, 13, 5, 20, 4, 24], [16, 8, 5, 13, 4, 24, 20, 12], [12, 20, 8, 24, 16, 14, 4], [12, 4, 16, 24, 8, 13, 5, 20], [4, 12, 16, 8, 15, 6, 24, 20], [12, 20, 24, 16, 4, 8, 13, 5], [16, 12, 20, 24, 8, 13, 5, 4], [24, 4, 12, 20, 8, 16, 5, 13], [8, 20, 4, 24, 16, 13, 5, 12], [24, 8, 12, 16, 14, 4, 20], [8, 24, 17, 20, 5, 16, 13, 14], [16, 24, 4, 12, 8, 6, 20], [4, 20, 8, 12, 24, 16, 13, 5], [16, 12, 8, 5, 14, 20, 24, 4], [4, 24, 12, 20, 16, 8, 13, 5], [16, 12, 8, 5, 13, 24, 4, 20], [12, 16, 24, 4, 20, 8, 13, 5], [20, 8, 4, 12, 24, 16, 5, 13], [8, 24, 12, 20, 16, 5, 13, 4], [8, 4, 24, 16, 5, 13, 20, 12], [12, 24, 8, 16, 13, 5, 4, 20], [12, 20, 16, 8, 5, 13, 4, 24], [16, 20, 8, 5, 13, 12, 4, 24], [4, 8, 20, 24, 16, 5, 13, 12], [20, 8, 16, 13, 6, 24, 4], [16, 4, 12, 20, 24, 8, 5, 13], [4, 20, 12, 16, 8, 5, 13, 24], [8, 4, 16, 5, 15, 24, 20, 12], [4, 16, 8, 13, 5, 12, 20, 24], [16, 12, 8, 7, 20, 4, 24], [12, 16, 20, 24, 4, 8, 5, 13], [12, 16, 8, 5, 13, 4, 20, 24], [8, 16, 13, 5, 4, 20, 24, 12], [4, 12, 16, 24, 8, 5, 13, 20], [16, 20, 8, 13, 5, 24, 12, 4], [12, 20, 4, 24, 16, 8, 13, 5], [24, 16, 20, 12, 8, 13, 5, 4], [12, 8, 4, 20, 24, 16, 5, 15], [8, 4, 12, 24, 20, 16, 13, 5], [8, 4, 16, 13, 5, 24, 12, 20], [20, 16, 24, 4, 12, 8, 13, 5], [16, 20, 24, 8, 13, 6, 4], [8, 20, 4, 24, 12, 16, 5, 13], [20, 4, 16, 8, 13, 5, 12, 24], [16, 24, 20, 12, 8, 5, 13, 4], [16, 20, 4, 8, 13, 5, 24, 12], [16, 20, 4, 24, 8, 5, 14, 12], [16, 24, 20, 4, 8, 6, 12], [20, 12, 24, 16, 4, 8, 13, 5], [16, 12, 4, 20, 8, 13, 5, 24], [20, 24, 12, 8, 4, 16, 6], [20, 12, 24, 16, 4, 8, 5, 13], [8, 20, 12, 16, 6, 24, 4], [12, 20, 8, 16, 5, 13, 4, 24], [16, 4, 8, 5, 15, 24, 12, 20], [20, 16, 4, 24, 8, 13, 5, 12], [16, 24, 8, 15, 5, 4, 12, 20], [16, 4, 8, 5, 13, 12, 24, 20], [16, 8, 13, 5, 4, 12, 24, 20], [12, 20, 24, 16, 4, 8, 13, 5], [24, 12, 8, 20, 16, 5, 13, 4], [16, 24, 20, 4, 8, 5, 13, 12], [8, 24, 4, 12, 20, 16, 13, 5], [12, 20, 24, 4, 8, 16, 5, 13], [12, 20, 24, 8, 16, 5, 13, 4], [4, 20, 12, 24, 8, 16, 6], [20, 24, 4, 12, 16, 8, 5, 13], [12, 16, 8, 6, 20, 24, 4], [8, 16, 13, 5, 4, 20, 24, 12], [16, 12, 8, 5, 13, 4, 20, 24], [20, 4, 24, 8, 16, 5, 13, 12], [8, 20, 24, 12, 16, 5, 13, 4], [8, 12, 4, 20, 16, 5, 13, 24], [12, 16, 24, 4, 20, 8, 13, 5], [8, 20, 24, 4, 16, 6, 12], [4, 20, 12, 24, 8, 16, 5, 13], [20, 12, 4, 8, 24, 16, 5, 13], [20, 4, 16, 12, 8, 5, 13, 24], [12, 8, 20, 4, 16, 5, 13, 24], [24, 8, 16, 14, 20, 4, 12], [20, 8, 24, 12, 4, 16, 13, 5], [20, 8, 24, 4, 12, 16, 13, 5], [24, 20, 16, 4, 12, 8, 5, 13], [12, 4, 24, 8, 16, 5, 13, 20], [12, 24, 8, 16, 5, 13, 20, 4], [8, 20, 12, 24, 16, 5, 13, 4], [4, 20, 12, 16, 8, 13, 5, 24], [4, 24, 12, 16, 20, 8, 5, 13], [20, 24, 12, 4, 16, 8, 13, 5], [4, 20, 24, 16, 8, 13, 6], [12, 8, 4, 16, 5, 13, 24, 20], [8, 16, 13, 5, 4, 20, 24, 12], [12, 8, 24, 16, 5, 13, 20, 4], [12, 8, 24, 20, 16, 5, 13, 4], [4, 16, 12, 20, 8, 5, 13, 24], [20, 8, 24, 4, 16, 5, 13, 12], [24, 12, 20, 8, 16, 5, 13, 4], [4, 16, 20, 8, 5, 13, 12, 24], [12, 16, 20, 8, 5, 13, 24, 4], [20, 4, 12, 16, 8, 5, 13, 24], [12, 8, 4, 20, 24, 16, 5, 13], [20, 24, 8, 16, 5, 13, 4, 12], [20, 16, 8, 13, 5, 24, 12, 4], [12, 20, 4, 16, 8, 6, 24], [4, 20, 24, 8, 12, 16, 5, 13], [8, 12, 4, 16, 13, 7, 20], [4, 24, 12, 8, 20, 16, 5, 13], [4, 8, 24, 12, 20, 16, 13, 7], [24, 12, 20, 4, 16, 8, 5, 14], [4, 16, 20, 12, 8, 13, 5, 24], [20, 8, 4, 12, 16, 13, 5, 24], [4, 20, 8, 24, 12, 16, 13, 5], [8, 4, 20, 24, 12, 16, 13, 5], [12, 8, 16, 15, 5, 24, 20, 4], [12, 24, 4, 20, 16, 8, 13, 7], [24, 12, 8, 20, 4, 16, 13, 5], [8, 12, 16, 13, 7, 4, 24], [24, 20, 8, 4, 16, 5, 13, 12], [20, 8, 24, 4, 12, 16, 13, 6], [24, 20, 12, 16, 4, 8, 13, 5], [20, 4, 8, 12, 16, 13, 5, 24], [12, 4, 20, 24, 16, 8, 13, 6], [8, 20, 16, 5, 13, 4, 24, 12], [20, 8, 16, 5, 13, 4, 12, 24], [24, 20, 4, 12, 8, 16, 5, 13], [24, 12, 16, 20, 8, 5, 13, 4], [4, 20, 12, 8, 24, 16, 5, 13], [12, 16, 20, 24, 8, 13, 5, 4], [24, 8, 12, 4, 20, 16, 13, 5], [4, 8, 16, 5, 14, 12, 20, 24], [12, 4, 16, 8, 5, 13, 24, 20], [20, 24, 12, 8, 4, 16, 13, 5], [4, 8, 12, 20, 24, 16, 13, 6], [16, 4, 8, 5, 13, 24, 12, 20], [20, 4, 24, 8, 16, 14, 12], [16, 20, 24, 4, 12, 8, 13, 5], [20, 4, 8, 16, 13, 7, 12], [12, 4, 8, 20, 16, 13, 5, 24], [8, 16, 13, 7, 20, 24, 4], [16, 12, 4, 20, 8, 5, 13, 24], [8, 24, 12, 4, 16, 6, 20], [16, 20, 24, 4, 8, 13, 5, 12], [16, 12, 4, 24, 20, 8, 13, 6], [12, 20, 16, 8, 13, 5, 4, 24], [16, 12, 20, 4, 8, 5, 15, 24], [4, 8, 24, 16, 13, 5, 12, 20], [12, 24, 4, 16, 8, 5, 13, 20], [24, 20, 16, 12, 8, 13, 5, 4], [20, 8, 16, 5, 13, 4, 24, 12], [8, 20, 4, 16, 13, 5, 12, 24], [8, 24, 12, 16, 14, 20, 4], [8, 24, 16, 5, 13, 20, 4, 12], [20, 8, 4, 16, 13, 5, 12, 24], [12, 4, 8, 20, 24, 16, 5, 13], [24, 12, 20, 4, 8, 16, 13, 5], [4, 16, 12, 24, 8, 14, 20], [4, 12, 8, 20, 16, 5, 13, 24], [4, 8, 12, 20, 16, 6, 24], [20, 8, 16, 5, 13, 4, 24, 12], [16, 4, 20, 12, 24, 8, 13, 5], [8, 20, 24, 4, 12, 16, 5, 13], [24, 8, 12, 20, 4, 16, 5, 13], [8, 24, 12, 16, 13, 6, 4], [4, 12, 20, 8, 16, 7, 24], [24, 20, 4, 8, 12, 16, 5, 13], [24, 12, 8, 16, 14, 4, 20], [20, 16, 12, 8, 5, 13, 4, 24], [24, 12, 8, 16, 13, 5, 20, 4], [12, 20, 16, 24, 8, 13, 6], [24, 16, 4, 12, 8, 5, 13, 20], [8, 24, 12, 4, 16, 13, 5, 20], [12, 8, 16, 5, 15, 4, 20, 24], [16, 4, 12, 20, 8, 5, 13, 24], [12, 20, 4, 24, 16, 8, 5, 14], [16, 20, 8, 13, 5, 12, 24, 4], [24, 12, 4, 8, 16, 13, 5, 20], [12, 20, 4, 16, 24, 8, 13, 5], [12, 4, 8, 20, 16, 5, 13, 24], [8, 4, 20, 24, 12, 16, 13, 5], [24, 8, 12, 16, 5, 13, 4, 20], [16, 12, 20, 24, 4, 8, 13, 5], [20, 24, 16, 8, 6, 4, 12], [20, 24, 4, 16, 8, 13, 5, 12], [20, 24, 8, 12, 16, 5, 13, 4], [4, 8, 16, 13, 5, 24, 20, 12], [16, 4, 12, 8, 13, 5, 20, 24], [16, 24, 20, 12, 8, 13, 5, 4], [4, 12, 8, 20, 16, 5, 13, 24], [16, 4, 20, 12, 8, 5, 13, 24], [24, 4, 16, 8, 13, 5, 20, 12], [16, 8, 13, 5, 20, 24, 4, 12], [20, 12, 24, 8, 16, 13, 5, 4], [20, 16, 12, 4, 24, 8, 5, 13], [4, 12, 20, 8, 16, 5, 13, 24], [20, 24, 8, 12, 16, 5, 13, 4], [4, 24, 16, 12, 20, 8, 13, 5], [20, 16, 4, 24, 8, 5, 13, 12], [16, 4, 8, 13, 6, 12, 24], [16, 4, 8, 5, 13, 20, 12, 24], [8, 16, 5, 13, 4, 12, 20, 24], [24, 4, 16, 20, 12, 8, 13, 5], [4, 24, 8, 12, 16, 13, 5, 20], [24, 8, 4, 16, 13, 5, 12, 20], [16, 12, 24, 8, 14, 4, 20], [16, 24, 8, 6, 4, 12, 20], [20, 8, 24, 4, 16, 5, 13, 12], [16, 20, 12, 8, 13, 5, 24, 4], [4, 12, 8, 20, 24, 16, 13, 5], [4, 12, 20, 8, 24, 16, 5, 13], [12, 4, 16, 24, 20, 8, 13, 5], [20, 24, 12, 8, 16, 13, 5, 4], [4, 24, 20, 16, 8, 5, 14, 12], [20, 12, 8, 24, 16, 5, 14, 4], [12, 8, 24, 20, 4, 16, 13, 5], [16, 12, 20, 8, 5, 13, 24, 4], [8, 16, 5, 13, 20, 12, 4, 24], [4, 16, 12, 8, 13, 5, 20, 24], [8, 24, 16, 13, 5, 4, 20, 12], [16, 12, 4, 8, 5, 13, 24, 20], [12, 4, 20, 8, 24, 16, 5, 13], [8, 4, 20, 12, 24, 16, 5, 13], [24, 8, 4, 20, 12, 16, 13, 6], [24, 12, 4, 8, 16, 13, 5, 20], [12, 16, 24, 8, 5, 14, 4, 20], [12, 16, 20, 24, 4, 8, 5, 15], [24, 20, 16, 8, 5, 13, 12, 4], [20, 24, 12, 8, 4, 16, 13, 5], [20, 16, 8, 5, 13, 12, 24, 4], [20, 4, 8, 16, 5, 13, 12, 24], [20, 12, 24, 8, 16, 13, 6], [12, 20, 16, 8, 13, 5, 4, 24], [4, 8, 16, 6, 24, 20, 12], [4, 24, 12, 8, 16, 5, 14, 20], [4, 24, 16, 8, 13, 5, 12, 20], [12, 8, 20, 4, 16, 13, 5, 24], [16, 20, 12, 24, 8, 5, 13, 4], [20, 12, 8, 24, 16, 5, 13, 4], [8, 20, 16, 13, 5, 4, 24, 12], [12, 8, 16, 5, 13, 4, 20, 24], [12, 20, 4, 24, 16, 8, 5, 13], [8, 12, 20, 4, 16, 5, 13, 24], [12, 4, 20, 24, 16, 8, 14], [4, 16, 8, 13, 5, 12, 20, 24], [4, 12, 24, 20, 16, 8, 13, 5], [12, 8, 16, 13, 5, 20, 4, 24], [12, 4, 8, 20, 24, 16, 13, 5], [8, 12, 24, 20, 16, 13, 7], [16, 8, 13, 5, 24, 20, 4, 12], [24, 8, 12, 4, 16, 13, 5, 20], [4, 24, 12, 20, 8, 16, 5, 13], [8, 20, 4, 16, 13, 5, 12, 24], [4, 16, 20, 12, 8, 13, 5, 24], [20, 12, 4, 24, 16, 8, 13, 5], [4, 16, 8, 14, 24, 12, 20], [20, 12, 24, 8, 16, 13, 5, 4], [8, 4, 12, 24, 16, 5, 13, 20], [20, 4, 12, 24, 8, 16, 13, 5], [16, 8, 5, 13, 4, 12, 24, 20], [12, 8, 24, 20, 16, 13, 5, 4], [20, 16, 4, 12, 8, 13, 5, 24], [20, 16, 12, 4, 8, 5, 13, 24], [4, 20, 12, 16, 8, 13, 5, 24], [12, 24, 16, 8, 13, 5, 4, 20], [20, 24, 12, 4, 8, 16, 13, 5], [12, 20, 24, 16, 8, 5, 13, 4], [4, 24, 8, 20, 12, 16, 13, 5], [8, 16, 5, 13, 24, 20, 4, 12], [8, 4, 16, 5, 13, 12, 24, 20], [20, 24, 4, 16, 12, 8, 5, 13], [24, 12, 16, 20, 4, 8, 13, 5], [4, 20, 24, 8, 12, 16, 5, 13], [4, 16, 20, 8, 5, 13, 24, 12], [24, 20, 12, 16, 4, 8, 13, 5], [16, 20, 4, 12, 8, 5, 13, 24], [24, 8, 20, 12, 4, 16, 5, 13], [16, 24, 12, 20, 8, 5, 13, 4], [16, 24, 12, 4, 8, 13, 5, 20], [20, 16, 12, 24, 8, 5, 13, 4], [16, 24, 12, 20, 4, 8, 6], [12, 24, 4, 8, 16, 14, 20], [4, 20, 16, 12, 8, 6, 24], [4, 8, 20, 12, 24, 16, 5, 13], [24, 16, 20, 12, 8, 5, 13, 4], [12, 8, 4, 16, 5, 13, 24, 20], [4, 12, 24, 8, 16, 7, 20], [12, 8, 20, 4, 24, 16, 13, 5], [12, 4, 20, 8, 16, 13, 5, 24], [8, 24, 12, 4, 20, 16, 14], [4, 16, 8, 5, 13, 12, 20, 24], [24, 20, 4, 8, 12, 16, 5, 13], [12, 4, 24, 20, 8, 16, 14], [12, 24, 20, 8, 16, 5, 13, 4], [24, 12, 20, 8, 16, 5, 13, 4], [4, 12, 24, 8, 16, 13, 5, 20], [20, 12, 4, 8, 24, 16, 14], [24, 16, 12, 20, 8, 13, 5, 4], [20, 4, 24, 16, 8, 13, 5, 9, 12], [4, 20, 16, 8, 13, 5, 24, 12], [12, 16, 24, 20, 8, 13, 5, 4], [24, 20, 12, 8, 4, 16, 5, 13], [4, 20, 12, 24, 16, 8, 13, 5], [24, 16, 20, 4, 12, 8, 13, 5], [16, 8, 5, 15, 24, 12, 20, 4, 14], [8, 24, 16, 6, 4, 12, 20], [24, 8, 4, 16, 13, 5, 12, 20], [24, 16, 12, 8, 13, 5, 4, 20], [16, 8, 14, 20, 4, 12, 24], [24, 16, 20, 4, 8, 5, 13, 12], [8, 4, 12, 16, 5, 13, 24, 20], [16, 8, 6, 20, 24, 12, 4], [4, 8, 24, 16, 13, 5, 20, 12], [12, 16, 8, 6, 24, 4, 20], [8, 24, 16, 5, 13, 12, 20, 4], [8, 12, 20, 4, 24, 16, 7], [12, 24, 8, 16, 5, 13, 20, 4], [12, 16, 8, 5, 13, 4, 20, 24], [4, 20, 8, 16, 13, 5, 24, 12], [16, 20, 8, 6, 12, 24, 4], [24, 12, 4, 20, 16, 8, 13, 5], [8, 12, 24, 20, 4, 16, 6], [8, 16, 13, 5, 20, 12, 4, 24], [20, 12, 24, 4, 16, 8, 13, 5], [4, 16, 8, 13, 5, 24, 20, 12], [24, 20, 4, 16, 8, 5, 13, 12], [8, 12, 4, 16, 5, 13, 24, 20], [4, 20, 8, 24, 12, 16, 13, 5], [12, 4, 8, 16, 13, 5, 20, 24], [16, 12, 24, 4, 8, 13, 5, 20], [4, 24, 16, 8, 13, 5, 12, 20], [12, 4, 20, 24, 8, 16, 5, 13], [12, 24, 8, 20, 16, 13, 5, 4], [24, 20, 4, 12, 16, 8, 13, 5], [12, 4, 8, 20, 24, 16, 5, 13], [8, 16, 13, 6, 12, 20, 24], [4, 24, 20, 8, 12, 16, 13, 5], [4, 16, 20, 12, 24, 8, 13, 5], [4, 20, 16, 12, 8, 13, 5, 24], [12, 8, 4, 24, 16, 5, 13, 20], [4, 8, 20, 24, 16, 5, 13, 12], [20, 12, 4, 16, 8, 5, 13, 24], [24, 16, 12, 4, 8, 13, 5, 20], [12, 16, 20, 24, 8, 14, 4], [20, 12, 16, 24, 8, 13, 5, 4], [12, 24, 4, 20, 8, 16, 6], [4, 16, 20, 12, 8, 5, 13, 24], [8, 16, 5, 13, 12, 20, 24, 4], [24, 4, 12, 20, 16, 8, 13, 6], [20, 24, 4, 16, 8, 5, 13, 12], [16, 12, 24, 20, 8, 5, 15, 4], [16, 4, 8, 5, 13, 12, 24, 20], [4, 8, 12, 20, 24, 16, 13, 5], [20, 16, 4, 12, 24, 8, 13, 6], [16, 4, 20, 8, 5, 13, 24, 12], [12, 8, 16, 5, 13, 20, 4, 24], [20, 8, 16, 13, 5, 12, 4, 24], [4, 20, 8, 24, 16, 5, 13, 12], [12, 16, 4, 8, 5, 13, 20, 24], [20, 16, 12, 8, 6, 4, 24], [24, 20, 4, 12, 8, 16, 13, 6], [16, 8, 5, 13, 12, 24, 4, 20], [20, 16, 4, 8, 13, 6, 24], [16, 12, 24, 20, 4, 8, 13, 6], [8, 20, 24, 12, 16, 5, 13, 4], [4, 24, 8, 20, 12, 16, 13, 5], [12, 4, 16, 20, 8, 5, 13, 24], [8, 4, 24, 16, 13, 5, 12, 20], [4, 24, 16, 20, 12, 8, 13, 7], [4, 24, 8, 20, 12, 16, 5, 13], [16, 8, 5, 15, 12, 24, 20, 4], [12, 20, 8, 16, 13, 5, 24, 4], [24, 4, 20, 8, 16, 13, 5, 12], [8, 16, 13, 5, 24, 4, 12, 20], [4, 8, 12, 20, 24, 16, 13, 5, 6], [4, 24, 16, 8, 5, 13, 12, 20, 6], [24, 4, 20, 8, 16, 5, 13, 12, 14], [12, 4, 16, 24, 20, 8, 13, 5, 14], [16, 4, 24, 20, 12, 8, 13, 5, 6], [8, 12, 24, 16, 13, 5, 4, 20, 14], [4, 16, 8, 13, 5, 24, 12, 20, 14], [12, 8, 20, 24, 4, 16, 13, 5, 6], [4, 20, 24, 16, 8, 5, 13, 12, 6], [12, 20, 4, 16, 24, 8, 5, 13, 14], [8, 20, 16, 13, 5, 24, 4, 12, 14], [12, 16, 4, 8, 13, 5, 20, 24, 6], [24, 20, 16, 12, 8, 5, 13, 4, 14], [20, 12, 24, 4, 16, 8, 5, 13, 6], [8, 16, 5, 13, 12, 20, 4, 24, 14], [12, 24, 4, 8, 16, 5, 13, 20, 6], [4, 12, 24, 8, 16, 5, 13, 20, 6], [24, 20, 4, 16, 8, 5, 13, 12, 6], [24, 12, 16, 20, 4, 8, 5, 13, 14], [20, 24, 12, 16, 4, 8, 5, 13, 6], [4, 12, 16, 20, 24, 8, 13, 5, 6], [12, 8, 24, 4, 20, 16, 5, 13, 14], [12, 4, 16, 8, 13, 5, 24, 20, 14], [16, 20, 4, 12, 8, 5, 13, 24, 6], [12, 4, 8, 16, 5, 13, 20, 24, 14], [20, 8, 4, 12, 16, 5, 13, 24, 6], [4, 8, 16, 13, 5, 12, 20, 24, 6], [8, 20, 16, 5, 13, 12, 24, 4, 14], [4, 12, 16, 24, 8, 5, 13, 20, 6], [8, 20, 12, 4, 16, 13, 5, 24, 14], [8, 20, 4, 12, 24, 16, 13, 5, 6], [4, 8, 24, 20, 12, 16, 13, 5, 6], [24, 16, 4, 12, 8, 5, 13, 20, 14], [4, 24, 8, 16, 5, 13, 20, 12, 6], [4, 24, 20, 8, 12, 16, 13, 5, 6], [16, 8, 5, 13, 20, 24, 4, 12, 14], [24, 4, 12, 8, 16, 13, 5, 20, 6], [4, 16, 12, 20, 8, 5, 13, 24, 14], [20, 16, 4, 8, 5, 13, 24, 12, 6], [8, 4, 12, 24, 16, 13, 5, 20, 6], [24, 16, 20, 8, 13, 5, 12, 4, 6], [12, 8, 24, 4, 20, 16, 13, 5, 6], [12, 20, 24, 16, 8, 5, 13, 4, 6], [8, 4, 20, 16, 5, 13, 12, 24, 6], [4, 24, 16, 8, 5, 13, 12, 20, 14], [4, 24, 16, 12, 8, 5, 13, 20, 6], [20, 16, 24, 8, 5, 13, 12, 4, 6], [20, 4, 16, 8, 13, 5, 12, 24, 6], [4, 20, 8, 16, 5, 13, 12, 24, 14], [12, 4, 8, 16, 13, 5, 24, 20, 6], [12, 4, 20, 8, 16, 5, 13, 24, 6], [16, 20, 8, 13, 5, 24, 4, 12, 14], [16, 20, 24, 12, 8, 5, 13, 4, 6], [20, 24, 4, 12, 16, 8, 13, 5, 6], [4, 24, 12, 8, 16, 13, 5, 20, 14], [16, 12, 24, 20, 4, 8, 13, 5, 14], [24, 4, 12, 16, 20, 8, 5, 13, 14], [20, 16, 12, 4, 24, 8, 13, 5, 6], [8, 4, 24, 16, 5, 13, 12, 20, 6], [12, 8, 16, 13, 5, 4, 24, 20, 6], [8, 12, 4, 16, 5, 13, 24, 20, 14], [24, 16, 20, 8, 5, 13, 4, 12, 6], [12, 20, 4, 24, 8, 16, 13, 5, 6], [4, 8, 12, 16, 5, 13, 24, 20, 14], [20, 16, 4, 12, 24, 8, 5, 13, 6], [8, 20, 12, 16, 5, 13, 4, 24, 6], [20, 8, 24, 12, 4, 16, 13, 5, 14], [12, 24, 16, 4, 20, 8, 5, 13, 14], [12, 16, 8, 5, 13, 24, 4, 20, 14], [24, 8, 12, 4, 20, 16, 5, 13, 14], [8, 24, 16, 13, 5, 12, 20, 4, 14], [4, 16, 20, 12, 24, 8, 5, 13, 6], [8, 4, 16, 5, 13, 20, 12, 24, 14], [24, 16, 4, 20, 8, 5, 13, 12, 14], [20, 16, 24, 8, 13, 5, 12, 4, 6], [24, 8, 12, 4, 20, 16, 13, 5, 6], [12, 24, 20, 8, 16, 13, 5, 4, 14], [20, 12, 16, 24, 8, 13, 5, 4, 14], [12, 8, 4, 24, 16, 13, 5, 20, 14], [4, 16, 20, 12, 8, 13, 5, 24, 14], [16, 8, 5, 13, 12, 20, 4, 24, 14], [8, 20, 24, 16, 13, 5, 12, 4, 6], [8, 20, 16, 5, 13, 24, 12, 4, 14], [12, 16, 8, 13, 5, 4, 24, 20, 14], [4, 12, 8, 24, 20, 16, 5, 13, 14], [16, 20, 24, 8, 13, 5, 4, 12, 6], [16, 8, 13, 5, 12, 24, 20, 4, 14], [16, 20, 24, 4, 12, 8, 5, 13, 6], [4, 24, 16, 8, 5, 13, 20, 12, 6], [24, 8, 12, 4, 16, 5, 13, 20, 6], [8, 4, 16, 5, 13, 12, 20, 24, 6], [24, 20, 4, 12, 8, 16, 13, 5, 14], [20, 4, 24, 16, 8, 13, 5, 12, 14], [12, 20, 4, 16, 8, 5, 13, 24, 6], [24, 20, 16, 4, 12, 8, 5, 13, 14], [16, 24, 12, 8, 13, 5, 4, 20, 14], [4, 24, 20, 8, 16, 5, 13, 12, 14], [4, 24, 20, 8, 16, 13, 5, 12, 6], [12, 4, 20, 16, 8, 5, 13, 24, 14], [16, 24, 4, 8, 13, 5, 12, 20, 14], [20, 8, 4, 12, 24, 16, 5, 13, 14], [16, 20, 12, 8, 5, 13, 4, 24, 14], [16, 4, 20, 8, 13, 5, 12, 24, 6], [24, 8, 20, 12, 16, 5, 13, 4, 6], [12, 4, 24, 20, 16, 8, 5, 13, 14], [12, 16, 8, 13, 5, 24, 20, 4, 14], [8, 4, 16, 5, 13, 24, 12, 20, 6], [24, 4, 16, 20, 12, 8, 13, 5, 14], [16, 20, 24, 8, 5, 13, 12, 4, 14], [20, 12, 24, 4, 16, 8, 13, 5, 6], [24, 8, 12, 4, 20, 16, 5, 13, 14], [24, 8, 20, 12, 4, 16, 13, 5, 14], [16, 24, 20, 8, 13, 5, 12, 4, 6], [8, 4, 24, 20, 16, 13, 5, 12, 14], [12, 20, 24, 4, 8, 16, 13, 5, 14], [12, 8, 20, 4, 24, 16, 5, 13, 6], [4, 20, 16, 8, 5, 13, 12, 24, 14], [8, 12, 16, 5, 13, 20, 4, 24, 6], [8, 20, 16, 13, 5, 24, 12, 4, 6], [8, 4, 24, 20, 16, 5, 13, 12, 14], [12, 24, 16, 8, 5, 13, 20, 4, 14], [4, 12, 24, 20, 16, 8, 5, 13, 14], [20, 16, 8, 13, 5, 4, 24, 12, 6], [20, 24, 12, 8, 16, 5, 13, 4, 14], [20, 16, 12, 24, 4, 8, 5, 13, 14], [4, 12, 16, 24, 8, 5, 13, 20, 6], [12, 4, 16, 24, 20, 8, 5, 13, 6], [24, 12, 16, 20, 4, 8, 5, 13, 14], [12, 20, 24, 4, 8, 16, 13, 5, 6], [4, 24, 16, 20, 8, 13, 5, 12, 6], [4, 8, 20, 12, 24, 16, 5, 13, 6], [16, 24, 20, 4, 12, 8, 5, 13, 14], [12, 24, 20, 8, 16, 5, 13, 4, 6], [12, 24, 8, 20, 16, 5, 13, 4, 14], [4, 8, 20, 12, 24, 16, 5, 13, 6], [4, 16, 20, 24, 8, 5, 13, 12, 14], [8, 4, 24, 16, 5, 13, 20, 12, 14], [20, 24, 4, 8, 16, 5, 13, 12, 14], [16, 4, 8, 13, 5, 24, 12, 20, 14], [4, 24, 16, 8, 5, 13, 20, 12, 6], [20, 16, 8, 13, 5, 12, 24, 4, 6], [12, 4, 8, 24, 20, 16, 13, 5, 14], [8, 24, 16, 5, 13, 4, 12, 20, 14], [4, 12, 16, 8, 5, 13, 24, 20, 14], [24, 12, 20, 16, 4, 8, 5, 13, 6], [4, 12, 16, 24, 20, 8, 13, 5, 6], [16, 24, 4, 8, 5, 13, 12, 20, 14], [4, 12, 24, 20, 16, 8, 13, 5, 6], [8, 24, 20, 12, 4, 16, 13, 5, 14], [16, 24, 12, 8, 13, 5, 4, 20, 14], [16, 8, 5, 13, 24, 4, 12, 20, 14], [20, 16, 12, 8, 13, 5, 4, 24, 6], [12, 8, 4, 20, 16, 5, 13, 24, 6], [12, 8, 20, 24, 4, 16, 13, 5, 6], [4, 24, 16, 12, 8, 13, 5, 20, 6], [12, 24, 4, 16, 20, 8, 5, 13, 6], [4, 24, 16, 12, 20, 8, 5, 13, 6], [20, 12, 24, 8, 4, 16, 5, 13, 6], [20, 4, 24, 8, 12, 16, 13, 5, 14], [20, 8, 12, 24, 4, 16, 5, 13, 6], [20, 16, 12, 4, 24, 8, 13, 5, 14], [8, 4, 24, 20, 12, 16, 5, 13, 6], [8, 4, 24, 20, 12, 16, 13, 5, 14], [12, 24, 4, 16, 8, 13, 5, 20, 14], [12, 16, 20, 8, 13, 5, 4, 24, 14], [20, 16, 24, 8, 13, 5, 12, 4, 14], [16, 20, 24, 4, 8, 5, 13, 12, 6], [24, 4, 8, 16, 5, 13, 12, 20, 6], [12, 4, 24, 16, 20, 8, 5, 13, 6], [8, 16, 13, 5, 20, 4, 24, 12, 6], [4, 20, 8, 16, 5, 13, 12, 24, 14], [16, 24, 8, 5, 13, 12, 20, 4, 14], [24, 16, 4, 8, 5, 13, 12, 20, 14], [24, 12, 16, 8, 5, 13, 20, 4, 14], [8, 16, 5, 13, 24, 4, 20, 12, 6], [16, 24, 20, 12, 8, 5, 13, 4, 14], [20, 4, 16, 8, 5, 13, 12, 24, 6], [8, 20, 24, 4, 12, 16, 13, 5, 6], [20, 12, 24, 16, 4, 8, 13, 5, 14], [8, 24, 20, 4, 12, 16, 13, 5, 14], [16, 12, 24, 4, 20, 8, 13, 5, 14], [8, 12, 20, 16, 13, 5, 4, 24, 14], [24, 16, 8, 13, 5, 20, 12, 4, 6], [8, 24, 16, 5, 13, 12, 4, 20, 6], [16, 12, 20, 4, 24, 8, 5, 13, 6], [8, 16, 5, 13, 4, 12, 20, 24, 6], [8, 20, 4, 16, 13, 5, 12, 24, 6], [8, 20, 4, 16, 13, 5, 24, 12, 6], [16, 4, 8, 5, 13, 12, 20, 24, 14], [4, 16, 20, 8, 13, 5, 24, 12, 14], [24, 12, 8, 16, 13, 5, 4, 20, 6], [16, 8, 5, 13, 20, 12, 24, 4, 6], [12, 20, 24, 8, 16, 13, 5, 4, 6], [20, 16, 8, 13, 5, 12, 4, 24, 6], [20, 8, 16, 5, 13, 12, 4, 24, 14], [4, 20, 12, 24, 16, 8, 13, 5, 6], [4, 8, 20, 12, 24, 16, 13, 5, 6], [24, 4, 8, 12, 20, 16, 5, 13, 6], [16, 24, 20, 4, 12, 8, 5, 13, 6], [12, 16, 8, 5, 13, 24, 20, 4, 14], [8, 16, 13, 5, 12, 24, 20, 4, 6], [12, 8, 4, 20, 16, 5, 13, 24, 6], [8, 12, 4, 24, 20, 16, 13, 5, 14], [8, 16, 5, 13, 20, 24, 4, 12, 6], [16, 20, 8, 5, 13, 4, 24, 12, 14], [20, 8, 16, 13, 5, 4, 12, 24, 14], [24, 4, 16, 12, 20, 8, 13, 5, 6], [16, 4, 12, 24, 20, 8, 5, 13, 6], [8, 12, 16, 13, 5, 4, 20, 24, 14], [12, 4, 20, 24, 8, 16, 5, 13, 14], [24, 4, 8, 20, 12, 16, 13, 5, 6], [24, 16, 20, 4, 8, 5, 13, 12, 6], [24, 16, 12, 8, 13, 5, 20, 4, 6], [4, 24, 16, 8, 5, 13, 20, 12, 6], [8, 12, 24, 20, 16, 13, 5, 4, 6], [24, 8, 20, 4, 16, 13, 5, 12, 6], [4, 8, 20, 16, 13, 5, 24, 12, 14], [8, 16, 13, 5, 4, 20, 12, 24, 14], [24, 8, 16, 13, 5, 20, 12, 4, 14], [8, 4, 24, 20, 16, 5, 13, 12, 14], [8, 12, 24, 16, 5, 13, 4, 20, 6], [24, 12, 4, 8, 20, 16, 5, 13, 14], [4, 16, 24, 20, 12, 8, 13, 5, 14], [24, 16, 20, 8, 13, 5, 12, 4, 14], [8, 16, 5, 13, 4, 20, 24, 12, 6], [24, 4, 20, 12, 16, 8, 5, 13, 6], [20, 12, 24, 16, 4, 8, 13, 5, 6], [24, 4, 8, 12, 20, 16, 5, 13, 14], [24, 4, 12, 8, 16, 13, 5, 20, 14], [20, 8, 16, 5, 13, 12, 4, 24, 6], [8, 12, 20, 16, 13, 5, 4, 24, 6], [8, 20, 16, 5, 13, 24, 12, 4, 6], [8, 4, 24, 12, 20, 16, 5, 13, 6], [8, 12, 24, 4, 16, 5, 13, 20, 14], [20, 12, 4, 16, 8, 5, 13, 24, 6], [24, 20, 16, 8, 5, 13, 4, 12, 14], [8, 4, 16, 5, 13, 12, 20, 24, 14], [20, 24, 12, 16, 8, 13, 5, 4, 14], [16, 8, 13, 5, 24, 12, 4, 20, 14], [12, 4, 24, 20, 16, 8, 5, 13, 14], [24, 8, 4, 16, 13, 5, 12, 20, 14], [8, 12, 4, 20, 24, 16, 5, 13, 6], [4, 16, 20, 12, 8, 5, 13, 24, 6], [16, 24, 8, 13, 5, 4, 20, 12, 6], [24, 12, 16, 8, 13, 5, 20, 4, 6], [8, 20, 4, 12, 16, 13, 5, 24, 6], [12, 20, 24, 16, 8, 5, 13, 4, 14], [12, 8, 24, 4, 16, 13, 5, 20, 14], [16, 8, 5, 13, 4, 20, 24, 12, 6], [4, 8, 20, 16, 13, 5, 24, 12, 14], [12, 16, 4, 24, 20, 8, 5, 13, 14], [20, 16, 4, 12, 24, 8, 13, 5, 14], [20, 24, 8, 12, 16, 13, 5, 4, 14], [8, 20, 16, 13, 5, 24, 4, 12, 6], [12, 20, 4, 24, 16, 8, 5, 13, 6], [24, 20, 16, 12, 4, 8, 5, 13, 14], [8, 16, 13, 5, 12, 4, 20, 24, 14], [20, 12, 4, 24, 8, 16, 5, 13, 14], [8, 12, 16, 13, 5, 24, 4, 20, 14], [12, 20, 16, 4, 24, 8, 5, 13, 14], [4, 8, 12, 20, 24, 16, 5, 13, 6], [4, 24, 12, 8, 20, 16, 13, 5, 6], [8, 20, 12, 4, 24, 16, 13, 5, 14], [16, 20, 4, 24, 12, 8, 5, 13, 14], [4, 16, 12, 20, 8, 13, 5, 24, 6], [12, 16, 8, 13, 5, 24, 4, 20, 6], [8, 24, 16, 5, 13, 12, 20, 4, 14], [20, 4, 1