{"problem_id":"aIfvrznIQLqTBd0","sigma":150,"alpha":3.162,"cost":2,"probabilities":"[0.31, 0.33, 0.09, 0.27]","payoff_matrix":"[[164, 90, 11, -239, -11, -43], [-7, -264, 89, 156, 11, 4], [-24, -28, 29, -86, 20, 178], [-227, 145, 50, 113, 148, 202]]","uncovered":[[10,2,22,6,18,14,13,9,17,21,1,12,4],[2,10,18,22,6,14,9,13,17,21,1,12,4],[18,2,14,6,22,10,9,13,17,21,1,12,4],[6,14,18,2,21,10,9,13,17,1,4,22],[10,14,9,13,6,18,2,22,17,21,1,12,4],[14,6,22,10,13,18,2,17,21,9,1,12,4],[2,22,10,14,13,6,18,9,17,21,1,4],[10,2,14,9,13,6,18,22,17,21,1,4],[22,14,10,13,6,18,2,17,9,21,1,12,4],[10,6,2,22,14,9,13,18,17,21,1,12,4],[22,6,14,10,13,18,2,17,9,21,1,4],[14,22,18,10,9,13,6,2,17,21,1,12,4],[14,22,2,18,6,10,13,9,17,21,1,4],[10,6,13,22,2,18,9,17,21,1,12,4],[6,22,2,14,18,10,9,13,17,21,1,4],[14,18,22,1,2,13,10,9,6,12,4,17],[14,6,18,10,9,13,22,2,17,21,1,12,4],[6,10,18,2,14,9,13,22,17,21,1,4],[10,2,18,14,9,13,6,22,17,21,1,12,4],[14,18,22,2,6,9,10,13,17,21,1,12,4],[10,22,14,13,18,6,2,17,21,9,1,12,4],[22,2,18,6,10,14,9,13,17,21,1,12,4],[10,22,2,14,13,18,6,9,17,21,1,12,4],[2,10,6,22,18,14,9,13,17,21,1,12,4],[22,18,2,6,10,14,9,13,17,21,1,4],[6,18,22,10,14,13,2,9,17,21,1,12,4],[10,17,14,13,2,22,6,9,21,18,1,12,4],[2,22,6,14,10,9,13,18,17,21,1,12,4],[10,18,14,13,6,22,2,9,17,21,1,4],[18,2,6,10,14,13,22,9,17,21,1,12,4],[10,14,13,18,6,22,2,17,9,21,1,4],[14,2,22,10,9,13,5,6,18,17,21,1,12,4],[18,10,6,22,14,13,2,9,17,21,1,12,4],[2,14,22,18,6,10,13,9,17,21,1,12,4],[14,6,2,10,9,13,22,18,17,21,1,4],[10,22,2,6,18,14,9,13,17,21,1,4],[14,6,18,2,10,9,13,22,17,21,1,4],[14,6,10,9,13,18,2,22,17,21,1,4],[22,14,10,9,13,6,2,18,17,21,1,4],[22,10,2,14,13,18,6,9,17,21,1,4],[22,2,18,6,10,14,9,13,17,21,1,12,4],[2,18,22,10,14,13,6,9,17,21,1,4],[22,14,6,10,13,18,2,17,9,21,1,4],[22,18,6,10,14,9,13,2,17,21,1,12,4],[6,18,2,14,10,9,13,22,17,21,1,4],[6,14,2,22,18,10,9,13,17,21,1,4],[10,14,13,22,6,18,2,9,17,21,1,12,4],[2,6,22,14,18,10,9,13,17,21,1,4],[6,14,22,10,13,2,18,9,17,21,1,4],[6,10,22,14,13,18,2,9,17,21,1,4],[10,18,2,22,14,9,13,6,17,21,1,12,4],[10,22,18,6,2,14,13,9,17,21,1,4],[14,6,17,10,9,13,22,2,21,18,1,4],[10,14,9,13,22,6,18,2,17,21,1,12,4],[2,18,6,22,10,14,13,17,9,21,1,12,4],[10,2,14,13,22,18,6,9,17,21,1,4],[22,6,18,2,14,10,13,17,9,21,1,12,4],[2,22,10,13,6,18,9,17,21,1,12,4],[14,2,22,9,18,6,10,13,17,21,1,12,4],[10,14,9,13,6,22,18,2,17,21,1,12,4],[2,18,10,6,22,14,9,13,17,21,1,4],[2,14,10,13,6,22,18,9,17,21,1,4],[10,6,2,18,14,13,22,9,17,21,1,4],[6,22,18,10,2,14,9,13,17,21,1,4],[2,6,18,10,13,22,9,17,21,1,12,4],[6,18,22,10,2,14,9,13,17,21,1,4],[6,18,13,22,10,2,17,21,9,1,4],[22,14,18,6,2,10,13,17,9,21,1,4],[2,6,14,18,10,9,13,22,17,21,1,4],[10,18,2,22,14,9,13,6,17,21,1,4],[2,18,14,10,9,13,6,22,17,21,1,12,4],[2,14,18,5,6,22,10,13,17,9,21,1,12,4],[10,22,6,2,14,9,13,18,17,21,1,12,4],[18,14,10,9,13,2,6,22,17,21,1,12,4],[18,6,2,22,14,10,9,13,17,21,1,4],[14,6,22,10,9,13,18,2,17,21,1,12,4],[10,18,2,6,14,13,22,9,17,21,1,4],[14,2,6,22,10,9,13,18,17,21,1,12,4],[22,6,14,18,2,10,13,17,21,9,1,12,4],[2,10,14,13,22,18,6,9,17,21,1,4],[18,14,2,22,10,9,13,6,17,21,1,12,4],[2,10,22,6,18,14,13,17,21,9,1,12,4],[14,22,10,9,13,6,2,18,17,21,1,4],[22,10,6,2,18,14,13,17,9,21,1,12,4],[2,10,6,14,9,13,18,22,17,21,1,4],[22,6,18,10,2,14,9,13,17,21,1,12,4],[18,14,22,6,10,13,2,9,17,21,1,12,4],[10,2,22,14,13,18,6,9,17,21,1,12,4],[2,6,18,10,14,13,22,9,17,21,1,4],[18,6,10,2,22,14,9,13,17,21,1,4],[22,10,2,6,14,13,18,17,21,9,1,12,4],[18,2,22,14,10,13,6,17,21,9,1,4],[22,2,18,14,6,10,13,17,21,9,1,12,4],[6,14,10,9,13,2,18,22,17,21,1,12,4],[22,18,10,2,6,14,13,17,9,21,1,12,4],[14,6,22,18,2,10,13,9,17,21,1,4],[6,2,14,10,9,13,22,18,17,21,1,4],[10,14,9,13,22,6,18,2,17,21,1,12,4],[22,18,6,14,2,10,9,13,17,21,1,12,4],[14,22,2,6,18,10,13,9,17,21,1,4],[10,2,6,22,18,14,13,9,17,21,1,4],[18,2,14,6,10,13,22,17,21,9,1,12,4],[14,10,13,22,18,6,2,9,17,21,1,4],[6,14,2,18,22,10,13,9,17,21,1,12,4],[6,14,22,10,9,13,18,2,17,21,1,4],[10,18,14,9,13,6,22,2,17,21,1,4],[6,10,22,18,14,9,13,2,17,21,1,4],[18,10,14,9,13,2,6,22,17,21,1,12,4],[18,10,14,9,13,6,2,22,17,21,1,4],[14,10,13,22,6,18,2,17,9,21,1,12,4],[18,22,2,10,6,14,13,9,17,21,1,4],[6,10,2,18,14,13,22,17,21,9,1,12,4],[14,22,18,10,9,13,6,2,17,21,1,4],[2,14,18,6,22,10,9,13,17,21,1,4],[2,22,14,18,10,13,6,17,9,21,1,4],[6,14,22,18,10,9,13,2,17,21,1,12,4],[10,18,2,13,6,22,9,17,21,1,4],[10,6,14,9,13,2,22,18,17,21,1,4],[10,6,14,9,13,22,18,2,17,21,1,4],[2,22,18,14,5,6,10,13,17,21,9,1,12,4],[14,2,18,6,10,13,22,9,17,21,1,12,4],[22,2,18,14,6,10,13,9,17,21,1,4],[22,18,14,10,9,13,2,6,17,21,1,4],[22,18,6,14,10,13,2,9,17,21,1,12,4],[18,6,2,14,22,10,13,9,17,21,1,4],[22,6,10,14,13,18,2,17,21,9,1,12,4],[18,14,2,21,10,13,6,17,9,1,12,4],[22,18,10,14,9,13,2,6,17,21,1,4],[14,22,2,10,13,6,18,9,17,21,1,12,4],[2,22,10,6,14,13,18,9,17,21,1,4],[2,6,14,22,18,10,13,17,21,9,1,4],[2,10,6,22,18,14,9,13,17,21,1,12,4],[2,22,10,6,18,14,13,17,21,9,1,4],[18,22,6,2,10,14,9,13,17,21,1,12,4],[10,22,6,2,14,13,18,9,17,21,1,4],[2,10,18,22,14,9,13,6,17,21,1,4],[14,5,6,22,10,9,13,18,2,17,21,1,12,4],[5,18,14,6,10,9,13,22,2,17,21,1,12,4],[14,10,13,2,18,6,22,9,17,21,1,12,4],[2,22,6,14,10,13,18,9,17,21,1,12,4],[2,10,6,14,9,13,18,22,17,21,1,12,4],[22,14,6,2,10,13,18,9,17,21,1,12,4],[2,14,18,6,10,13,22,17,9,21,1,12,4],[2,18,14,6,22,10,13,9,17,21,1,12,4],[2,10,18,6,22,14,9,13,17,21,1,12,4],[18,14,2,22,10,13,6,9,17,21,1,12,4],[10,2,6,22,14,13,18,9,17,21,1,12,4],[2,6,14,18,10,13,22,17,9,21,1,4],[10,14,13,22,2,6,18,17,9,21,1,12,4],[2,6,10,22,14,13,18,9,17,21,1,4],[2,18,6,22,10,14,9,13,17,21,1,4],[10,2,22,6,14,13,18,9,17,21,1,12,4],[6,14,18,22,2,10,9,13,17,21,1,4],[18,22,2,6,14,10,9,13,17,21,1,4],[2,14,6,18,10,9,13,22,17,21,1,4],[18,22,6,10,2,14,9,13,17,21,1,12,4],[18,2,22,10,6,14,13,17,21,9,1,4],[2,6,14,18,10,13,22,9,17,21,1,12,4],[2,6,18,14,10,9,13,22,17,21,1,12,4],[10,6,2,22,18,14,13,9,17,21,1,12,4],[2,10,18,22,6,14,9,13,17,21,1,12,4],[6,22,10,18,2,14,13,9,17,21,1,4],[22,18,6,2,10,14,9,13,17,21,1,12,4],[2,6,22,18,14,10,13,9,17,21,1,4],[6,10,22,18,2,14,13,17,9,21,1,4],[22,14,10,13,6,2,18,17,21,9,1,12,4],[10,6,22,14,13,18,2,9,17,21,1,4],[14,10,13,2,18,22,6,9,17,21,1,12,4],[10,14,13,18,6,22,2,9,17,21,1,12,4],[18,10,22,6,14,13,2,9,17,21,1,12,4],[10,6,22,14,9,13,18,2,17,21,1,4],[2,14,22,18,10,9,13,6,17,21,1,4],[2,22,10,6,18,14,9,13,17,21,1,12,4],[10,14,9,13,6,18,2,22,17,21,1,4],[22,14,2,10,9,13,18,6,17,21,1,12,4],[14,2,10,13,6,22,18,9,17,21,1,4],[6,18,2,14,22,10,13,17,21,9,1,4],[14,18,2,10,13,22,6,17,9,21,1,12,4],[6,14,10,9,13,2,22,18,17,21,1,4],[6,14,10,9,13,18,2,22,17,21,1,4],[14,6,22,2,10,13,18,9,17,21,1,12,4],[6,22,10,14,13,18,2,17,21,9,1,4],[2,14,6,9,18,22,10,13,17,21,1,12,4],[10,22,14,13,6,18,2,17,21,9,1,4],[18,6,10,14,13,22,2,9,17,21,1,4],[14,22,2,18,6,10,13,9,17,21,1,12,4],[6,10,2,22,14,9,13,18,17,21,1,4],[18,10,22,14,9,13,6,2,17,21,1,4],[18,2,6,10,22,14,13,17,9,21,1,12,4],[18,22,6,2,10,14,9,13,17,21,1,4],[22,6,14,2,18,10,13,17,9,21,1,12,4],[10,14,9,13,18,6,22,2,17,21,1,4],[18,6,10,2,22,14,9,13,17,21,1,4],[22,18,2,10,14,9,13,6,17,21,1,4],[2,14,22,18,10,9,13,6,17,21,1,12,4],[22,18,6,14,2,10,9,13,17,21,1,12,4],[18,22,6,10,14,13,2,17,9,21,1,12,4],[6,2,10,18,22,14,9,13,17,21,1,12,4],[6,18,10,2,14,13,22,9,17,21,1,12,4],[6,2,14,18,10,13,22,17,9,21,1,12,4],[2,10,22,14,9,13,6,18,17,21,1,4],[2,6,10,14,9,13,22,18,17,21,1,4],[14,22,9,2,6,18,10,13,17,21,1,4],[22,6,10,14,9,13,2,18,17,21,1,12,4],[10,22,18,6,2,14,13,17,21,9,1,12,4],[14,6,21,2,10,9,13,18,17,1,4,22],[18,10,6,14,13,2,22,9,17,21,1,12,4],[18,22,14,6,10,13,2,17,9,21,1,12,4],[14,2,22,18,10,13,6,17,9,21,1,4],[6,22,14,2,18,10,13,9,17,21,1,4],[2,6,14,10,9,13,22,18,17,21,1,4],[2,18,14,6,22,10,13,9,17,21,1,4],[18,22,14,10,9,13,2,6,17,21,1,12,4],[10,14,9,13,22,6,18,2,17,21,1,4],[22,18,10,6,14,13,2,17,21,9,1,4],[2,18,10,6,22,14,9,13,17,21,1,12,4],[14,18,22,10,9,13,6,2,17,21,1,12,4],[22,6,10,18,14,13,2,9,17,21,1,4],[2,6,10,14,13,18,22,9,17,21,1,12,4],[2,18,10,14,13,6,22,9,17,21,1,12,4],[18,6,14,2,10,13,22,9,17,21,1,12,4],[2,22,14,10,9,13,18,6,17,21,1,4],[2,10,6,14,13,18,22,9,17,21,1,4],[22,14,2,6,18,10,13,17,9,21,1,12,4],[22,6,10,18,14,13,2,17,9,21,1,4],[14,22,18,10,13,6,2,17,9,21,1,12,4],[2,14,6,22,10,13,18,17,9,21,1,12,4],[10,22,18,6,14,13,2,17,9,21,1,4],[18,6,14,22,10,13,2,17,21,9,1,4],[22,18,14,2,6,10,13,17,9,21,1,12,4],[14,6,18,9,22,2,10,13,17,21,1,12,4],[22,18,6,14,10,9,13,2,17,21,1,12,4],[6,2,22,14,10,13,18,17,9,21,1,12,4],[18,10,2,6,14,13,22,9,17,21,1,12,4],[10,14,13,6,18,22,2,17,21,9,1,12,4],[18,6,14,10,13,22,2,9,17,21,1,12,4],[10,14,9,13,22,6,18,2,17,21,1,12,4],[18,2,6,10,22,14,9,13,17,21,1,12,4],[10,14,13,22,6,18,2,9,17,21,1,4],[18,6,22,14,2,9,10,13,17,21,1,12,4],[2,22,6,14,10,9,13,18,17,21,1,4],[18,10,6,22,14,9,13,2,17,21,1,4],[2,22,6,14,10,13,18,17,21,9,1,4],[2,18,14,6,10,13,22,9,17,21,1,4],[6,14,22,9,18,2,10,13,17,21,1,12,4],[18,6,10,14,13,2,22,17,9,21,1,4],[2,22,18,14,10,9,13,6,17,21,1,4],[14,2,10,9,13,6,22,18,17,21,1,12,4],[18,2,22,6,10,14,13,17,21,9,1,4],[2,14,22,18,10,13,6,17,21,9,1,4],[6,2,18,14,10,9,13,22,17,21,1,12,4],[2,6,18,14,22,10,9,13,17,21,1,12,4],[14,10,13,6,18,22,2,17,21,9,1,12,4],[10,2,22,14,13,6,18,17,9,21,1,12,4],[6,10,14,13,18,22,2,9,17,21,1,4],[10,6,22,2,18,14,13,17,21,9,1,12,4],[2,10,22,18,14,9,13,6,17,21,1,4],[14,10,13,22,18,2,6,9,17,21,1,12,4],[14,18,2,10,9,13,6,22,17,21,1,12,4],[2,22,9,14,6,18,10,13,17,21,1,12,4],[6,18,10,2,14,9,13,22,17,21,1,4],[6,2,18,22,14,10,9,13,17,21,1,4],[10,2,6,18,14,13,22,9,17,21,1,4],[6,2,14,18,22,10,13,9,17,21,1,4],[10,18,6,2,22,14,13,9,17,21,1,4],[22,18,6,14,2,10,13,17,21,9,1,4],[22,18,2,10,14,9,13,6,17,21,1,12,4],[14,1,2,13,6,18,22,10,9,12,4,17],[22,10,2,18,6,14,13,9,17,21,1,4],[2,14,6,10,9,13,18,22,17,21,1,4],[14,6,22,2,18,10,9,13,17,21,1,4],[2,14,10,9,13,6,18,22,17,21,1,4],[2,10,18,6,14,13,22,9,17,21,1,12,4],[10,14,13,22,2,6,18,17,21,9,1,4],[10,2,6,22,14,9,13,18,17,21,1,4],[22,2,18,10,6,14,13,9,17,21,1,12,4],[2,22,6,14,18,10,13,9,17,21,1,12,4],[18,14,6,10,9,13,2,22,17,21,1,4],[22,2,18,14,6,10,13,17,9,21,1,12,4],[10,14,13,18,22,2,6,17,9,21,1,12,4],[18,2,14,10,13,6,22,9,17,21,1,4],[6,2,14,18,10,9,13,22,17,21,1,12,4],[22,18,14,6,2,10,13,17,9,21,1,4],[10,18,2,14,13,6,22,9,17,21,1,4],[6,14,18,10,13,2,22,9,17,21,1,12,4],[22,14,6,10,13,18,2,9,17,21,1,12,4],[2,6,14,18,9,22,10,13,17,21,1,4],[14,18,2,22,6,10,9,13,17,21,1,12,4],[10,22,6,18,2,14,13,9,17,21,1,12,4],[2,22,6,10,18,14,13,9,17,21,1,12,4],[10,6,14,9,13,22,2,18,17,21,1,4],[22,6,2,14,10,13,18,17,21,9,1,4],[14,18,22,6,2,10,13,9,17,21,1,12,4],[22,6,18,10,14,9,13,2,17,21,1,4],[2,22,18,6,10,14,9,13,17,21,1,12,4],[14,18,6,21,10,13,2,9,17,1,12,4],[18,6,10,2,22,14,13,17,21,9,1,4],[6,22,10,2,18,14,9,13,17,21,1,4],[6,2,22,18,14,10,9,13,17,21,1,4],[6,18,14,10,13,2,22,9,17,21,1,12,4],[18,6,10,14,13,2,22,17,9,21,1,4],[18,2,10,14,13,6,22,9,17,21,1,12,4],[18,22,14,2,6,10,9,13,17,21,1,12,4],[10,18,14,9,13,22,2,6,17,21,1,12,4],[22,6,2,18,10,14,9,13,17,21,1,4],[10,2,18,6,22,14,13,9,17,21,1,12,4],[2,14,22,10,9,13,18,6,17,21,1,12,4],[10,18,14,13,6,2,22,9,17,21,1,4],[14,10,13,18,6,22,2,17,9,21,1,12,4],[14,18,2,6,10,13,22,17,9,21,1,4],[22,18,10,6,14,13,2,17,9,21,1,4],[2,6,10,18,14,9,13,22,17,21,1,12,4],[22,2,18,14,10,13,6,17,21,9,1,4],[22,6,14,2,18,10,9,13,17,21,1,12,4],[10,2,14,9,13,22,18,6,17,21,1,4],[2,6,10,14,9,13,22,18,17,21,1,4],[14,22,6,10,13,2,18,9,17,21,1,4],[22,18,2,14,6,10,13,17,9,21,1,4],[6,10,22,18,14,13,2,9,17,21,1,4],[6,10,18,14,13,2,22,17,9,21,1,4],[2,6,22,14,10,13,18,9,17,21,1,12,4],[18,10,6,14,9,13,2,22,17,21,1,12,4],[6,2,18,10,14,13,22,9,17,21,1,4],[22,2,6,10,18,14,13,17,9,21,1,4],[2,18,6,22,10,14,9,13,17,21,1,12,4],[10,22,6,18,14,13,2,17,21,9,1,4],[18,6,22,2,14,10,13,9,17,21,1,12,4],[22,2,14,18,6,10,13,17,21,9,1,4],[18,2,22,14,6,10,9,13,17,21,1,12,4],[18,14,2,6,22,10,9,13,17,21,1,12,4],[2,14,18,10,9,13,6,22,17,21,1,4],[14,22,10,9,13,18,6,2,17,21,1,12,4],[22,14,18,6,2,10,13,9,17,21,1,4],[14,2,6,22,10,9,13,18,17,21,1,12,4],[10,18,13,2,22,6,9,17,21,1,4],[2,14,22,6,10,13,18,17,21,9,1,12,4],[10,22,2,14,9,13,18,6,17,21,1,4],[22,5,10,6,18,14,9,13,2,17,21,1,12,4],[2,10,22,18,6,14,13,9,17,21,1,12,4],[14,22,18,10,13,6,2,17,9,21,1,12,4],[2,18,14,22,10,13,6,9,17,21,1,12,4],[2,14,10,13,6,22,18,17,21,9,1,12,4],[2,18,14,21,6,10,9,13,17,1,12,4],[10,6,2,18,14,13,22,9,17,21,1,12,4],[2,6,18,22,10,14,9,13,17,21,1,12,4],[14,22,18,10,9,13,2,6,17,21,1,4],[2,22,6,14,10,13,18,17,9,21,1,4],[18,2,22,6,14,9,10,13,17,21,1,12,4],[2,18,6,10,14,13,22,17,21,9,1,4],[10,18,2,6,14,13,22,9,17,21,1,4],[10,18,6,22,2,14,9,13,17,21,1,12,4],[22,10,6,18,14,13,2,17,9,21,1,4],[18,10,6,2,14,9,13,22,17,21,1,12,4],[18,14,22,2,10,9,13,6,17,21,1,12,4],[14,18,2,10,13,22,6,17,9,21,1,4],[2,22,6,18,14,10,13,17,9,21,1,4],[2,6,22,10,18,14,13,9,17,21,1,4],[10,22,18,6,2,14,13,17,21,9,1,4],[22,2,6,18,14,10,13,9,17,21,1,12,4],[6,18,2,14,22,10,13,17,21,9,1,4],[18,22,6,10,14,13,2,17,9,21,1,12,4],[18,14,10,9,13,2,6,22,17,21,1,12,4],[2,6,22,14,10,9,13,18,17,21,1,4],[10,6,2,14,9,13,22,18,17,21,1,12,4],[14,18,6,2,10,9,13,22,17,21,1,12,4],[2,10,18,22,14,9,13,6,17,21,1,12,4],[22,14,10,9,13,6,18,2,17,21,1,4],[14,22,18,2,6,10,9,13,17,21,1,12,4],[22,18,2,14,9,6,10,13,17,21,1,12,4],[2,14,10,13,22,6,18,9,17,21,1,4],[14,10,13,2,22,18,6,9,17,21,1,4],[10,22,2,6,14,13,18,17,21,9,1,4],[2,22,18,6,10,14,13,17,21,9,1,12,4],[2,10,6,18,14,13,22,9,17,21,1,12,4],[18,6,10,14,13,22,2,9,17,21,1,12,4],[18,6,22,10,2,14,9,13,17,21,1,12,4],[6,18,2,14,22,10,13,9,17,21,1,4],[22,14,2,5,6,10,13,18,9,17,21,1,12,4],[22,14,18,6,1,2,13,10,9,4,17,21],[2,10,6,22,18,14,9,13,17,21,1,12,4],[2,10,18,14,9,13,6,22,17,21,1,4],[22,18,14,10,13,6,2,9,17,21,1,12,4],[18,14,6,2,10,9,13,22,17,21,1,4],[10,2,6,18,14,13,22,17,9,21,1,4],[10,22,18,2,6,14,9,13,17,21,1,4],[22,2,14,10,9,13,6,18,17,21,1,12,4],[2,10,18,22,14,13,6,17,21,9,1,12,4],[22,10,18,6,2,14,9,13,17,21,1,12,4],[14,2,6,18,10,9,13,22,17,21,1,4],[14,10,9,13,2,22,18,6,17,21,1,4],[6,18,10,14,13,2,22,17,9,21,1,4],[22,18,2,6,14,10,13,9,17,21,1,12,4],[6,2,10,22,14,13,18,9,17,21,1,12,4],[6,22,2,18,10,14,9,13,17,21,1,4],[2,10,14,13,6,18,22,17,21,9,1,12,4],[10,18,14,9,13,6,2,22,17,21,1,4],[2,6,14,22,10,9,13,18,17,21,1,4],[6,10,2,22,18,14,9,13,17,21,1,12,4],[6,14,2,21,18,10,9,13,17,1,4,22],[2,22,18,6,14,10,9,13,17,21,1,12,4],[2,10,18,22,14,9,13,6,17,21,1,4],[14,18,2,22,10,13,6,17,21,9,1,4],[18,14,2,10,9,13,6,22,17,21,1,12,4],[2,22,18,14,6,10,9,13,17,21,1,12,4],[18,14,10,13,22,2,6,9,17,21,1,4],[22,6,14,10,9,13,18,2,17,21,1,12,4],[22,14,18,6,2,9,10,13,17,21,1,4],[22,14,10,13,2,6,18,17,9,21,1,4],[18,10,2,6,22,14,13,17,21,9,1,12,4],[6,22,18,10,14,13,2,9,17,21,1,4],[6,18,14,22,10,13,2,9,17,21,1,4],[10,14,9,13,22,6,2,18,17,21,1,12,4],[2,22,18,10,6,14,13,17,9,21,1,4],[22,6,14,18,2,10,9,13,17,21,1,4],[22,10,2,18,14,9,13,6,17,21,1,4],[6,13,22,10,18,2,17,9,21,1,4],[6,22,18,10,14,9,13,2,17,21,1,12,4],[14,22,10,9,13,18,6,2,17,21,1,4],[14,2,6,18,10,9,13,22,17,21,1,4],[22,14,2,6,18,10,13,9,17,21,1,4],[10,22,18,1,2,9,14,13,6,12,4,17],[22,18,6,2,10,14,9,13,17,21,1,4],[10,6,2,22,14,9,13,18,17,21,1,4],[6,18,2,22,14,10,9,13,17,21,1,4],[1,14,2,13,22,18,9,6,10,4,17,21],[14,18,6,2,22,10,9,13,17,21,1,12,4],[14,18,22,2,10,9,13,6,17,21,1,12,4],[6,14,22,18,9,2,10,13,17,21,1,4],[10,2,18,22,6,14,9,13,17,21,1,12,4],[14,2,6,10,9,13,22,18,17,21,1,12,4],[14,18,22,2,6,10,13,17,21,9,1,12,4],[10,14,13,18,6,2,22,17,9,21,1,12,4],[14,22,18,2,10,13,6,9,17,21,1,4],[6,10,2,14,9,13,18,22,17,21,1,12,4],[10,22,6,14,13,2,18,9,17,21,1,12,4],[2,14,18,10,13,22,6,17,9,21,1,4],[6,10,18,22,2,14,9,13,17,21,1,4],[10,6,14,13,22,2,18,17,9,21,1,4],[2,10,6,22,18,14,13,9,17,21,1,12,4],[6,18,14,10,9,13,22,2,17,21,1,12,4],[22,2,14,10,13,6,18,17,21,9,1,12,4],[18,14,6,2,10,9,13,22,17,21,1,12,4],[22,2,10,14,13,18,6,9,17,21,1,4],[22,10,6,2,18,14,13,9,17,21,1,12,4],[6,2,14,10,13,22,18,9,17,21,1,12,4],[2,18,10,6,14,9,13,22,17,21,1,4],[6,22,18,10,2,14,13,17,9,21,1,4],[22,14,6,2,18,10,13,17,21,9,1,12,4],[14,22,10,9,13,18,6,2,17,21,1,12,4],[22,2,14,18,6,10,13,9,17,21,1,4],[14,6,2,22,10,9,13,18,17,21,1,12,4],[2,6,18,10,14,13,22,9,17,21,1,4],[14,10,9,13,18,2,6,22,17,21,1,12,4],[2,6,10,22,18,14,9,13,17,21,1,4],[2,6,18,10,22,14,9,13,17,21,1,12,4],[18,22,6,10,2,14,9,13,17,21,1,12,4],[2,10,14,9,13,18,22,6,17,21,1,12,4],[22,2,18,6,14,10,13,17,9,21,1,4],[6,10,14,9,13,22,2,18,17,21,1,4],[2,18,14,10,13,6,22,9,17,21,1,4],[18,22,14,2,6,9,10,13,17,21,1,12,4],[22,10,2,6,14,9,13,18,17,21,1,4],[6,22,10,18,2,14,13,17,21,9,1,12,4],[22,10,18,6,2,14,9,13,17,21,1,12,4],[2,14,22,6,18,10,9,13,17,21,1,4],[14,10,13,2,18,22,6,9,17,21,1,12,4],[6,10,14,9,13,18,22,2,17,21,1,4],[2,14,6,18,10,9,13,22,17,21,1,4],[2,6,22,18,14,10,9,13,17,21,1,4],[22,2,6,14,18,10,9,13,17,21,1,4],[2,22,6,10,14,9,13,18,17,21,1,12,4],[6,10,2,14,9,13,22,18,17,21,1,12,4],[18,6,14,2,10,9,13,22,17,21,1,12,4],[10,6,14,9,13,22,2,18,17,21,1,12,4],[14,10,13,6,18,2,22,17,21,9,1,12,4],[22,18,6,14,10,9,13,2,17,21,1,12,4],[14,18,10,9,13,6,22,2,17,21,1,4],[6,2,14,10,13,22,18,9,17,21,1,4],[2,22,14,6,18,10,13,9,17,21,1,12,4],[18,22,2,6,14,10,9,13,17,21,1,4],[22,6,2,18,10,14,9,13,17,21,1,4],[14,10,9,13,2,18,6,22,17,21,1,12,4],[18,22,2,10,14,9,13,6,17,21,1,12,4],[22,14,2,6,18,10,9,13,17,21,1,12,4],[18,22,6,14,2,10,9,13,17,21,1,12,4],[10,2,17,6,22,14,9,13,21,18,1,4],[22,18,10,2,6,14,9,13,17,21,1,12,4],[14,22,10,9,13,6,18,2,17,21,1,4],[14,6,22,18,10,13,2,9,17,21,1,4],[22,2,6,14,10,13,18,9,17,21,1,4],[14,6,2,17,22,10,9,13,21,18,1,12,4],[14,18,22,6,2,10,9,13,17,21,1,4],[18,14,22,6,2,10,13,9,17,21,1,4],[14,10,9,13,18,6,22,1,2,12,4,17],[14,6,18,2,22,10,13,17,21,9,1,12,4],[14,21,6,10,9,13,18,2,17,1,4,22],[2,14,6,10,9,13,18,22,17,21,1,12,4],[18,14,10,13,22,6,2,9,17,21,1,4],[22,18,2,6,10,14,13,17,9,21,1,12,4],[14,2,10,13,6,18,22,9,17,21,1,12,4],[18,14,2,10,13,22,6,9,17,21,1,12,4],[2,10,14,9,13,6,22,18,17,21,1,12,4],[14,6,18,2,22,10,9,13,17,21,1,4],[6,14,18,2,10,13,22,17,9,21,1,4],[22,2,14,10,9,13,6,18,17,21,1,12,4],[6,22,10,2,14,9,13,18,17,21,1,12,4],[6,22,18,14,2,10,13,17,9,21,1,12,4],[18,22,14,10,9,13,6,2,17,21,1,4],[6,22,18,10,2,14,13,17,21,9,1,4],[6,22,14,2,18,10,13,17,9,21,1,12,4],[6,22,2,14,9,18,10,13,17,21,1,4],[6,22,2,18,10,14,9,13,17,21,1,12,4],[10,14,9,13,22,6,18,2,17,21,1,4],[2,18,14,22,6,10,13,17,21,9,1,4],[18,2,6,10,22,14,9,13,17,21,1,12,4],[10,14,9,13,6,22,2,18,17,21,1,12,4],[22,18,6,14,10,13,2,17,21,9,1,4],[10,14,13,18,6,2,22,17,21,9,1,12,4],[6,10,1,2,9,21,14,13,18,4,17,22],[14,2,6,10,9,13,18,22,17,21,1,4],[10,22,14,9,13,18,2,6,17,21,1,12,4],[18,2,22,6,10,14,9,13,17,21,1,4],[22,2,14,6,10,9,13,18,17,21,1,12,4],[10,2,6,22,14,13,18,9,17,21,1,4],[18,10,2,22,14,9,13,6,17,21,1,4],[18,6,22,14,1,2,13,10,9,12,4,17],[22,14,6,2,10,9,13,18,17,21,1,4],[18,6,22,2,10,14,13,17,21,9,1,12,4],[2,6,14,10,9,13,22,18,17,21,1,4],[6,18,14,22,2,10,9,13,17,21,1,4],[14,6,22,18,2,10,9,13,17,21,1,4],[2,10,14,9,13,18,22,6,17,21,1,4],[6,2,22,14,10,13,18,9,17,21,1,12,4],[2,10,22,18,13,6,9,17,21,1,4],[2,6,22,18,10,14,13,9,17,21,1,4],[22,6,14,10,13,18,2,17,9,21,1,12,4],[2,18,10,14,9,13,22,6,17,21,1,12,4],[2,18,22,10,14,13,6,9,17,21,1,4],[22,10,14,13,2,18,6,9,17,21,1,4],[18,14,2,6,10,9,13,22,17,21,1,12,4],[2,10,18,22,6,14,13,17,21,9,1,12,4],[2,18,10,22,6,14,9,13,17,21,1,4],[22,6,18,2,14,10,9,13,17,21,1,4],[18,2,13,6,22,10,9,17,21,1,4],[6,14,10,9,13,2,18,22,17,21,1,12,4],[2,22,6,14,10,9,13,18,17,21,1,12,4],[6,18,22,14,2,10,9,13,17,21,1,4],[6,14,10,9,13,18,22,2,17,21,1,12,4],[6,10,14,9,13,18,22,2,17,21,1,4],[10,14,13,6,18,22,2,9,17,21,1,4],[18,14,6,22,10,9,13,2,17,21,1,12,4],[10,2,14,13,18,6,22,17,9,21,1,12,4],[6,10,18,22,2,14,9,13,17,21,1,12,4],[2,22,6,10,18,14,13,9,17,21,1,4],[2,10,22,6,14,9,13,18,17,21,1,12,4],[18,2,14,10,9,13,6,22,17,21,1,12,4],[22,18,14,2,6,10,13,9,17,21,1,4],[6,10,2,14,9,13,18,22,17,21,1,12,4],[10,14,9,13,2,18,6,22,17,21,1,12,4],[2,22,18,14,10,13,6,17,21,9,1,4],[6,10,14,9,13,22,18,2,17,21,1,4],[18,14,2,22,6,10,9,13,17,21,1,4],[6,18,22,14,10,13,2,17,21,9,1,12,4],[10,18,6,14,13,22,2,17,9,21,1,12,4],[6,22,14,10,9,13,2,18,17,21,1,12,4],[18,22,13,2,6,10,17,21,9,1,4],[18,22,10,6,2,14,9,13,17,21,1,4],[22,14,18,10,9,13,2,6,17,21,1,4],[6,10,2,18,14,13,22,17,9,21,1,12,4],[2,22,18,6,10,14,9,13,17,21,1,12,4],[14,2,10,13,18,6,22,17,21,9,1,4],[6,10,18,2,22,14,13,17,9,21,1,4],[18,6,22,2,14,10,9,13,17,21,1,12,4],[10,6,22,2,14,9,13,18,17,21,1,12,4],[22,14,10,13,6,18,2,17,9,21,1,12,4],[6,2,22,14,10,13,18,17,21,9,1,4],[18,10,14,9,13,2,22,6,17,21,1,12,4],[14,10,13,18,2,6,22,9,17,21,1,4],[22,18,2,6,14,10,9,13,17,21,1,12,4],[6,18,14,10,9,13,22,2,17,21,1,12,4],[6,14,2,18,9,22,10,13,17,21,1,4],[6,22,14,2,18,10,9,13,17,21,1,4],[2,10,22,6,18,14,9,13,17,21,1,4],[14,6,10,13,22,18,2,17,21,9,1,4],[2,10,18,6,14,9,13,22,17,21,1,4],[10,18,14,13,6,22,2,17,9,21,1,4],[10,2,14,13,6,22,17,9,21,18,1,4],[22,6,2,14,10,9,13,18,17,21,1,12,4],[10,2,14,13,18,6,22,9,17,21,1,4],[14,6,2,10,9,13,22,18,17,21,1,12,4],[6,18,10,22,2,14,9,13,17,21,1,4],[2,22,18,6,10,14,9,13,17,21,1,12,4],[14,2,10,13,18,6,22,17,21,9,1,12,4],[22,2,6,10,18,14,9,13,17,21,1,4],[14,2,22,18,10,13,6,17,21,9,1,12,4],[2,18,14,10,9,13,22,6,17,21,1,4],[10,6,22,18,2,14,9,13,17,21,1,4],[17,6,2,22,10,14,9,13,21,18,1,12,4],[22,18,2,10,6,14,9,13,17,21,1,4],[18,22,6,2,14,10,9,13,17,21,1,4],[17,10,6,14,13,22,2,9,21,18,1,4],[22,14,10,13,2,6,18,9,17,21,1,4],[14,18,10,9,13,6,2,22,17,21,1,12,4],[6,22,18,2,14,10,13,17,21,9,1,12,4],[10,22,6,18,14,9,13,2,17,21,1,12,4],[10,18,6,14,13,2,22,9,17,21,1,12,4],[6,2,22,18,14,10,9,13,17,21,1,4],[6,10,18,22,2,14,13,9,17,21,1,4],[18,14,6,22,2,10,9,13,17,21,1,4],[10,18,6,2,14,13,22,17,9,21,1,12,4],[18,22,10,2,14,9,13,6,17,21,1,4],[22,10,14,13,18,2,6,9,17,21,1,12,4],[14,2,22,10,13,6,17,21,18,9,1,4],[10,2,6,22,18,14,13,17,9,21,1,12,4],[10,14,9,13,18,22,6,2,17,21,1,4],[2,10,22,18,6,14,9,13,17,21,1,4],[6,14,18,22,10,9,13,2,17,21,1,4],[2,10,18,22,6,14,9,13,17,21,1,4],[6,14,2,18,22,10,9,13,17,21,1,4],[6,10,18,22,2,14,9,13,17,21,1,4],[10,6,22,18,2,14,13,9,17,21,1,12,4],[2,10,6,22,18,14,9,13,17,21,1,12,4],[2,22,18,14,6,10,13,17,21,9,1,12,4],[10,14,13,6,18,2,22,9,17,21,1,4],[10,18,22,14,13,6,2,9,17,21,1,4],[18,22,14,6,10,9,13,2,17,21,1,4],[2,10,22,18,6,14,13,9,17,21,1,4],[18,6,2,10,14,9,13,22,17,21,1,12,4],[6,10,18,2,14,9,13,22,17,21,1,4],[2,22,18,10,14,9,13,6,17,21,1,12,4],[18,10,2,6,14,9,13,22,17,21,1,12,4],[22,6,2,18,14,10,13,17,21,9,1,4],[22,2,6,10,14,13,18,9,17,21,1,4],[18,6,2,10,22,14,9,13,17,21,1,12,4],[10,14,9,13,2,6,22,18,17,21,1,12,4],[14,10,13,22,6,18,2,17,9,21,1,4],[10,6,2,22,18,14,13,17,21,9,1,4],[10,2,18,22,6,14,9,13,17,21,1,4],[2,14,6,22,18,10,9,13,17,21,1,12,4],[14,18,22,2,10,13,6,9,17,21,1,12,4],[18,2,22,14,6,10,13,17,21,9,1,4],[10,2,18,22,14,13,6,9,17,21,1,4],[10,6,14,9,13,18,2,22,17,21,1,4],[22,6,10,2,14,13,18,17,21,9,1,12,4],[14,22,10,13,18,6,2,9,17,21,1,4],[10,14,13,2,6,18,22,9,17,21,1,4],[14,18,2,22,10,9,13,6,17,21,1,4],[14,2,18,22,6,10,13,9,17,21,1,12,4],[10,2,22,14,13,6,18,17,9,21,1,4],[10,22,6,14,9,13,2,18,17,21,1,4],[2,22,14,18,6,10,9,13,17,21,1,4],[14,18,22,10,13,2,6,17,9,21,1,12,4],[6,18,22,14,1,2,13,10,9,12,4,17],[14,18,6,2,22,9,10,13,17,21,1,4],[18,6,14,22,2,10,9,13,17,21,1,12,4],[18,10,6,22,14,13,2,9,17,21,1,4],[14,18,6,9,22,2,10,13,17,21,1,12,4],[6,22,10,14,9,13,1,2,18,12,4,17],[2,6,10,22,18,14,9,13,17,21,1,12,4],[22,14,18,6,2,10,13,9,17,21,1,4],[10,2,18,6,14,13,22,17,21,9,1,4],[2,18,14,10,9,13,22,6,17,21,1,4],[6,2,10,14,13,18,22,9,17,21,1,4],[6,10,18,2,22,14,9,13,17,21,1,12,4],[6,18,14,10,13,22,2,9,17,21,1,12,4],[2,22,10,18,6,14,13,9,17,21,1,12,4],[22,18,6,14,2,10,9,13,17,21,1,12,4],[10,14,13,22,6,2,18,17,21,9,1,4],[14,2,22,18,6,10,9,13,17,21,1,4],[14,2,10,9,13,22,6,17,21,18,1,4],[18,14,22,9,2,6,10,13,17,21,1,12,4],[14,10,9,13,18,22,6,2,17,21,1,4],[14,2,5,6,9,18,22,10,13,17,21,1,12,4],[6,18,10,2,14,9,13,22,17,21,1,12,4],[10,22,2,6,14,9,13,18,17,21,1,12,4],[6,14,2,22,10,13,18,9,17,21,1,12,4],[10,14,13,22,2,6,18,17,21,9,1,12,4],[18,10,2,14,9,13,22,6,17,21,1,12,4],[2,6,22,14,18,9,10,13,17,21,4],[18,10,2,14,13,6,22,17,21,9,1,4],[10,14,9,13,18,6,2,22,17,21,1,12,4],[5,10,6,18,22,14,9,13,2,17,21,1,12,4],[6,22,2,14,18,10,9,13,17,21,1,4],[6,22,10,14,9,13,2,18,17,21,1,12,4],[10,14,13,18,22,6,2,17,9,21,1,4],[10,6,14,13,22,18,2,17,21,9,1,4],[10,6,22,18,14,9,13,2,17,21,1,12,4],[10,18,14,9,13,6,22,2,17,21,1,12,4],[18,10,22,2,14,9,13,6,17,21,1,12,4],[14,22,2,18,6,10,13,17,21,9,1,4],[22,10,14,13,18,6,2,17,21,9,1,12,4],[22,18,6,2,14,10,13,9,17,21,1,12,4],[10,22,6,2,14,9,13,18,17,21,1,12,4],[18,10,6,22,14,9,13,2,17,21,1,12,4],[18,22,6,14,2,10,9,13,17,21,1,4],[6,14,10,13,18,22,2,17,9,21,1,12,4],[2,10,22,6,18,14,9,13,17,21,1,12,4],[22,6,18,14,10,13,2,9,17,21,1,12,4],[10,18,14,13,2,6,22,17,9,21,1,4],[6,14,10,9,13,2,22,18,17,21,1,4],[2,10,18,22,6,14,9,13,17,21,1,12,4],[6,10,2,22,18,14,9,13,17,21,1,4],[2,14,18,6,10,13,22,9,17,21,1,12,4],[14,10,9,13,22,2,18,5,6,17,21,1,4],[2,10,6,22,14,13,18,9,17,21,1,12,4],[22,18,2,14,6,10,9,13,17,21,1,12,4],[18,2,22,6,14,10,13,9,17,21,1,4],[14,6,22,10,13,2,18,9,17,21,1,12,4],[22,18,14,10,9,13,6,2,17,21,1,12,4],[6,10,14,13,18,2,22,17,21,9,1,4],[18,6,14,10,9,13,22,2,17,21,1,4],[22,2,10,14,13,18,6,17,9,21,1,12,4],[22,18,10,14,13,6,2,9,17,21,1,12,4],[2,14,10,9,13,6,18,22,17,21,1,4],[14,18,6,2,22,10,13,9,17,21,1,4],[2,18,22,14,10,13,6,9,17,21,1,4],[14,18,10,9,13,6,2,22,17,21,1,4],[6,22,10,18,14,9,13,2,17,21,1,4],[6,14,2,9,18,22,10,13,17,21,1,4],[22,6,2,18,14,10,13,9,17,21,1,12,4],[6,18,14,2,22,9,10,13,17,21,1,4],[2,6,14,18,22,10,9,13,17,21,1,4],[6,2,22,10,18,14,13,17,21,9,1,12,4],[14,10,13,2,22,18,6,17,9,21,1,4],[6,18,10,22,2,14,13,17,21,9,1,12,4],[13,2,6,22,18,10,9,17,21,1,4],[2,6,22,10,14,9,13,18,17,21,1,4],[6,22,18,10,14,9,13,2,17,21,1,12,4],[14,10,13,18,22,2,6,17,9,21,1,4],[22,14,6,2,10,9,13,18,17,21,1,4],[2,14,10,13,22,6,18,9,17,21,1,12,4],[2,6,18,14,10,9,13,22,17,21,1,4],[2,14,22,6,18,10,13,9,17,21,1,12,4],[10,6,14,9,13,2,18,22,17,21,1,12,4],[10,14,13,18,6,2,22,9,17,21,1,12,4],[22,18,2,10,13,6,9,17,21,1,12,4],[10,6,2,22,18,14,13,9,17,21,1,4],[6,22,10,18,2,14,13,9,17,21,1,4],[14,21,18,10,13,6,2,17,9,1,4,22],[6,22,10,14,9,13,2,18,17,21,1,4],[18,10,6,14,13,22,2,17,9,21,1,4],[14,22,2,6,10,9,13,18,17,21,1,4],[6,14,2,18,10,13,22,9,17,21,1,12,4],[6,2,22,10,14,9,13,18,17,21,1,12,4],[22,2,18,10,14,9,13,6,17,21,1,12,4],[2,18,6,14,9,22,10,13,17,21,1,12,4],[2,10,14,13,22,18,6,9,17,21,1,12,4],[22,6,10,2,14,9,13,18,17,21,1,12,4],[14,2,10,13,18,22,6,9,17,21,1,12,4],[10,2,22,18,14,9,13,6,17,21,1,4],[14,10,9,13,6,22,18,2,17,21,1,12,4],[6,2,10,14,13,17,22,21,18,9,1,4],[18,14,22,2,10,13,6,9,17,21,1,4],[18,22,14,2,10,9,13,6,17,21,1,4],[22,10,2,6,14,13,18,9,17,21,1,12,4],[6,18,14,10,9,13,22,2,17,21,1,4],[6,14,18,22,10,9,13,2,17,21,1,12,4],[2,6,14,18,10,9,13,22,17,21,1,4],[10,22,2,14,9,13,18,6,17,21,1,4],[14,18,22,10,13,2,6,9,17,21,1,4],[6,10,18,22,14,9,13,2,17,21,1,4],[10,22,2,14,13,6,18,17,21,9,1,4],[10,14,13,6,22,2,18,17,9,21,1,12,4],[14,10,9,13,2,18,6,22,17,21,1,4],[6,22,10,14,9,13,2,18,17,21,1,4],[6,18,22,2,14,10,9,13,17,21,1,12,4],[2,10,14,9,13,6,22,18,17,21,1,4],[14,6,22,18,10,9,13,2,17,21,1,4],[18,2,6,22,10,14,13,17,9,21,1,12,4],[6,14,2,22,18,9,10,13,17,21,1,4],[6,10,18,21,14,9,13,2,17,1,4,22],[10,22,14,13,2,18,6,17,9,21,1,12,4],[6,14,10,13,2,22,18,17,9,21,1,12,4],[2,14,22,18,10,13,6,9,17,21,1,4],[10,6,2,22,18,14,13,9,17,21,1,4],[18,6,14,2,10,9,13,22,17,21,1,4],[6,2,14,22,18,10,9,13,17,21,1,4],[10,2,18,14,9,13,6,22,17,21,1,12,4],[10,14,13,22,6,18,2,17,9,21,1,4],[18,22,14,1,2,13,10,9,6,4,17,21],[10,2,18,6,14,13,22,9,17,21,1,12,4],[2,18,14,10,13,6,22,9,17,21,1,12,4],[18,10,6,2,14,9,13,22,17,21,1,4],[14,10,13,2,22,18,6,17,21,9,1,4],[6,22,10,14,13,2,18,17,9,21,1,4],[2,18,10,22,6,14,13,17,21,9,1,4],[2,10,14,9,13,22,6,18,17,21,1,12,4],[14,2,22,18,6,10,13,17,9,21,1,4],[2,6,22,14,18,10,9,13,17,21,1,12,4],[10,14,13,22,6,18,2,9,17,21,1,4],[18,14,10,13,6,22,2,9,17,21,1,4],[22,6,18,10,2,14,13,17,9,21,1,12,4],[22,2,10,14,13,18,6,9,17,21,1,4],[6,18,22,2,10,14,9,13,17,21,1,4],[22,18,6,14,2,10,9,13,17,21,1,4],[10,2,18,22,14,9,13,6,17,21,1,12,4],[18,10,2,14,9,13,6,22,17,21,1,12,4],[10,6,2,18,22,14,13,17,21,9,1,12,4],[22,18,2,10,14,9,13,6,17,21,1,12,4],[10,22,6,2,18,14,9,13,17,21,1,4],[18,6,10,22,14,9,13,2,17,21,1,12,4],[18,6,22,14,2,10,9,13,17,21,1,12,4],[10,22,14,9,13,6,18,2,17,21,1,4],[18,10,22,2,14,9,13,6,17,21,1,12,4],[10,22,14,9,13,18,6,2,17,21,1,12,4],[6,10,22,14,9,13,18,2,17,21,1,4],[18,22,6,10,2,14,13,9,17,21,1,12,4],[2,6,22,14,10,13,18,17,9,21,1,4],[18,10,14,13,22,2,6,17,21,9,1,4],[10,14,13,18,6,2,22,17,9,21,1,4],[18,10,14,9,13,22,6,2,17,21,1,12,4],[18,22,14,2,10,13,6,9,17,21,1,4],[6,2,10,18,14,13,22,9,17,21,1,4],[6,22,14,17,10,9,13,2,21,18,1,12,4],[10,22,6,2,18,14,9,13,17,21,1,4],[10,14,9,13,22,6,18,2,17,21,1,12,4],[22,14,18,10,9,13,6,2,17,21,1,12,4],[2,6,14,22,18,10,9,13,17,21,1,4],[10,14,9,13,6,22,2,18,17,21,1,4],[10,18,22,6,14,9,13,2,17,21,1,12,4],[14,22,18,10,9,13,6,2,17,21,1,12,4],[14,2,22,10,13,18,6,9,17,21,1,12,4],[10,18,22,14,9,13,6,2,17,21,1,4],[2,18,14,6,22,10,13,17,21,9,1,12,4],[2,6,22,14,18,10,9,13,17,21,1,12,4],[18,10,14,9,13,2,22,6,17,21,1,4],[6,2,18,14,10,13,22,9,17,21,1,4],[18,14,22,10,13,6,2,17,9,21,1,4],[6,22,18,10,14,9,13,2,17,21,1,4],[6,22,2,10,18,14,13,17,21,9,1,4],[22,6,18,10,2,14,9,13,17,21,1,4],[22,2,6,18,14,10,9,13,17,21,1,4],[18,6,14,2,10,9,13,22,17,21,1,4],[22,14,10,9,13,6,2,18,17,21,1,4],[14,18,6,2,10,9,13,22,17,21,1,12,4],[18,6,22,2,14,10,13,9,17,21,1,4],[2,6,18,10,14,9,13,22,17,21,1,4],[2,10,14,13,18,6,22,17,21,9,1,4],[18,22,10,6,14,13,2,17,9,21,1,12,4],[6,18,2,10,22,14,9,13,17,21,1,12,4],[14,10,9,13,18,2,22,6,17,21,1,4],[14,6,10,13,22,18,2,9,17,21,1,12,4],[18,10,14,13,6,22,2,9,17,21,1,4],[14,6,2,22,18,10,13,9,17,21,1,12,4],[2,14,22,18,10,13,6,9,17,21,1,12,4],[18,6,10,14,13,22,2,17,21,9,1,4],[22,18,10,6,14,9,13,2,17,21,1,4],[14,21,10,13,6,2,18,17,9,1,12,4],[10,22,6,14,13,18,2,17,9,21,1,12,4],[6,2,14,10,13,18,22,17,21,9,4],[22,10,6,18,14,13,2,17,9,21,1,12,4],[10,14,9,13,18,22,6,2,17,21,1,12,4],[14,18,22,6,10,13,2,17,21,9,1,4],[10,18,6,2,14,9,13,22,17,21,1,4],[2,14,10,13,22,6,18,17,21,9,1,4],[14,2,18,22,10,13,6,17,9,21,1,4],[10,2,6,22,18,14,13,9,17,21,1,12,4],[2,10,6,18,14,13,22,17,21,9,1,4],[18,10,22,6,14,9,13,2,17,21,1,12,4],[22,6,10,2,14,9,13,18,17,21,1,12,4],[22,10,2,6,18,14,13,17,21,9,1,4],[10,6,2,18,22,14,13,17,9,21,1,4],[10,14,13,22,18,2,6,17,9,21,1,12,4],[10,18,22,2,6,14,9,13,17,21,1,12,4],[14,2,10,9,13,18,6,22,17,21,1,12,4],[22,2,9,14,6,18,10,13,17,21,1,12,4],[22,14,18,2,10,9,13,6,17,21,1,12,4],[10,22,6,18,14,9,13,2,17,21,1,4],[2,14,18,22,6,10,13,9,17,21,1,4],[10,6,14,9,13,18,22,2,17,21,1,4],[2,6,22,18,14,10,9,13,17,21,1,12,4],[2,22,18,6,14,10,13,9,17,21,1,4],[6,10,2,18,22,14,9,13,17,21,1,12,4],[6,2,18,22,10,14,13,9,17,21,1,4],[22,6,2,14,18,10,13,17,21,9,1,4],[10,18,6,2,22,14,13,17,9,21,1,12,4],[6,18,10,22,14,13,2,9,17,21,1,4],[2,18,14,22,10,9,13,6,17,21,1,4],[2,18,22,6,10,14,13,17,21,9,1,12,4],[22,10,18,6,2,14,9,13,17,21,1,4],[22,18,14,6,2,10,9,13,17,21,1,12,4],[18,22,14,2,6,10,13,17,9,21,1,4],[14,22,10,9,13,2,18,6,17,21,1,4],[10,18,6,2,22,14,13,9,17,21,1,12,4],[22,14,6,2,10,13,18,9,17,21,1,12,4],[10,22,2,6,14,9,13,18,17,21,1,4],[6,18,10,2,14,13,22,17,21,9,1,4],[18,2,22,14,10,13,6,9,17,21,1,12,4],[2,6,14,10,9,13,22,18,17,21,1,4],[6,10,14,9,13,2,22,18,17,21,1,4],[6,10,14,13,22,2,18,17,9,21,1,12,4],[22,6,10,2,18,14,13,9,17,21,1,4],[6,14,18,22,10,9,13,2,17,21,1,4],[14,2,18,10,9,13,22,6,17,21,1,12,4],[2,18,6,14,22,10,9,13,17,21,1,12,4],[18,6,14,22,10,13,2,17,21,9,1,4],[10,2,6,14,9,13,18,22,17,21,1,4],[6,2,22,14,10,13,18,20,9,17,12,21],[14,2,6,10,13,22,18,17,21,9,1,4],[18,10,2,6,14,13,22,17,21,9,1,12,4],[22,2,18,10,6,14,9,13,17,21,1,4],[6,22,18,2,14,10,9,13,17,21,1,12,4],[14,22,2,18,10,9,13,6,17,21,1,4],[18,10,2,6,22,14,9,13,17,21,1,12,4],[10,2,6,18,14,9,13,22,17,21,1,12,4],[10,14,9,13,6,2,18,22,17,21,1,12,4],[2,18,14,6,9,22,10,13,17,21,1,4],[18,14,10,13,6,2,22,17,21,9,1,12,4],[10,22,14,13,18,2,6,17,9,21,1,4],[6,9,2,14,18,22,10,13,17,21,1,4],[2,14,18,22,6,10,13,9,17,21,1,12,4],[14,10,13,18,6,2,22,17,21,9,1,4],[18,10,22,14,13,6,2,17,9,21,1,4],[6,22,18,14,2,10,9,13,17,21,1,12,4],[6,22,10,18,2,14,13,17,9,21,1,4],[6,18,22,14,10,13,2,9,17,21,1,12,4],[22,14,18,6,2,10,13,9,17,21,1,12,4],[22,14,6,18,2,10,13,9,17,21,1,12,4],[6,22,10,2,18,14,9,13,17,21,1,12,4],[18,2,14,22,10,13,6,9,17,21,1,12,4],[22,2,6,10,14,9,13,18,17,21,1,4],[2,14,18,6,22,10,9,13,17,21,1,12,4],[22,18,2,14,10,9,13,6,17,21,1,12,4],[6,10,18,14,9,13,22,2,17,21,1,4],[6,2,14,17,10,9,13,22,21,18,1,4],[22,18,10,2,14,13,6,9,17,21,1,12,4],[14,6,18,2,22,10,9,13,17,21,1,12,4],[22,2,6,10,18,14,9,13,17,21,1,12,4],[18,10,22,6,14,9,13,2,17,21,1,4],[2,22,14,6,18,10,13,9,17,21,1,12,4],[2,10,18,22,14,9,13,6,17,21,1,4],[14,22,2,18,6,10,9,13,17,21,1,4],[22,14,2,10,13,6,18,9,17,21,1,12,4],[14,10,13,22,18,2,6,17,21,9,1,4],[22,6,18,14,2,10,13,9,17,21,1,12,4],[18,6,2,14,10,13,22,9,17,21,1,12,4],[10,22,2,14,9,13,18,5,6,17,21,1,4],[22,10,6,14,9,13,2,18,17,21,1,4],[10,18,22,14,9,13,2,6,17,21,1,12,4],[14,10,13,18,22,2,6,9,17,21,1,4],[10,18,22,14,9,13,6,2,17,21,1,4],[10,2,14,9,13,18,6,22,17,21,1,4],[2,22,10,6,18,14,13,17,21,9,1,4],[6,14,18,10,9,13,2,22,17,21,1,4],[2,22,10,18,14,13,6,17,21,9,1,12,4],[22,14,1,2,13,18,6,10,9,12,4,17],[10,2,22,14,13,6,18,17,21,9,1,12,4],[22,10,18,2,6,14,9,13,17,21,1,12,4],[18,6,14,2,22,10,13,17,9,21,1,4],[14,18,10,13,22,6,2,17,21,9,1,4],[14,22,18,2,10,13,6,17,21,9,1,12,4],[10,2,6,18,14,9,13,22,17,21,1,12,4],[2,6,10,18,14,9,13,22,17,21,1,12,4],[2,10,6,14,9,13,18,22,17,21,1,12,4],[2,18,6,14,22,10,9,13,17,21,1,4],[6,14,10,13,18,2,22,9,17,21,1,12,4],[10,2,18,6,22,14,9,13,17,21,1,4],[2,14,18,22,10,9,13,6,17,21,1,4],[10,18,2,13,6,22,17,21,9,1,12,4],[18,10,6,22,14,13,2,9,17,21,1,12,4],[22,2,14,18,6,10,13,9,17,21,1,12,4],[22,2,10,14,9,13,18,6,17,21,1,12,4],[22,14,2,6,18,10,9,13,17,21,1,12,4],[14,22,6,18,10,9,13,2,17,21,1,12,4],[18,10,22,2,14,13,6,9,17,21,1,12,4],[2,18,10,6,22,14,9,13,17,21,1,12,4],[10,22,2,6,18,14,13,17,21,9,1,12,4],[10,6,18,22,2,14,13,9,17,21,1,12,4],[10,6,14,9,13,2,18,22,17,21,1,12,4],[22,14,2,18,6,10,13,17,21,9,1,4],[22,18,10,14,9,13,6,2,17,21,1,4],[22,2,14,10,9,13,18,6,17,21,1,4],[10,18,6,22,14,9,13,2,17,21,1,12,4],[10,14,9,13,6,18,22,2,17,21,1,4],[22,18,2,10,14,13,6,17,21,9,1,12,4],[22,18,10,2,14,13,6,17,9,21,1,12,4],[18,10,14,13,2,22,6,9,17,21,1,12,4],[2,6,10,18,22,14,9,13,17,21,1,4],[18,22,6,10,14,13,2,9,17,21,1,4],[10,18,6,14,9,13,22,2,17,21,1,4],[22,2,10,6,18,14,13,17,21,9,1,12,4],[10,22,18,6,14,9,13,2,17,21,1,12,4],[6,10,14,9,13,18,2,22,17,21,1,12,4],[18,6,10,2,14,13,22,9,17,21,1,4],[2,14,6,10,9,13,22,18,17,21,1,12,4],[14,2,18,10,9,13,22,6,17,21,1,12,4],[14,18,6,2,10,9,13,22,17,21,1,12,4],[6,10,18,2,14,13,22,9,17,21,1,12,4],[22,6,2,10,18,14,9,13,17,21,1,12,4],[2,18,14,22,10,13,6,9,17,21,1,4],[22,6,10,2,14,9,13,18,17,21,1,4],[22,10,14,9,13,18,6,2,17,21,1,4],[6,18,10,2,22,14,9,13,17,21,1,4],[18,22,2,14,5,6,10,13,9,17,21,1,12,4],[2,10,18,22,6,14,9,13,17,21,1,12,4],[22,2,17,6,14,10,13,21,18,9,1,12,4],[18,2,6,14,10,9,13,22,17,21,1,4],[22,10,6,2,14,9,13,18,17,21,1,4],[10,14,9,13,22,2,18,6,17,21,1,12,4],[10,6,18,2,22,14,13,17,21,9,1,4]],"n_human":13}