{"problem_id":"cjl6Kl5YcQIULec","sigma":75,"alpha":0.316,"cost":0,"probabilities":"[0.51, 0.04, 0.04, 0.41]","payoff_matrix":"[[-79, 77, 10, 38, 8, 84], [-48, -34, 80, 65, 87, 4], [60, 95, 61, 60, -56, 9], [97, 0, -96, -54, 77, -2]]","uncovered":[[9,5,17,1,21,8,24,13,16],[1,5,13,17,9,21,24,8,16],[9,1,17,13,21,5,24,8,16],[9,5,21,24,8,13,1,17,16],[21,1,9,5,8,24,13,17,16],[21,13,5,8,24,1,17,9,16],[13,1,21,9,17,5,8,24,16],[17,1,5,21,8,24,13,12,16],[9,21,13,17,5,8,24,1,16],[17,13,5,1,9,21,24,8,16],[9,21,5,8,24,1,17,13,16],[5,9,21,24,8,13,1,17,16],[1,5,21,24,8,17,13,9,16],[9,1,13,5,17,21,8,24,16],[13,1,21,5,8,24,9,17,16],[21,17,13,9,1,5,8,24,16],[21,1,5,24,8,17,13,9,16],[9,17,1,5,21,24,8,13,16],[5,13,17,9,21,8,24,1,16],[21,1,5,24,8,16,9,17],[5,13,24,1,17,9,16,21,8],[1,21,17,5,24,8,9,13,16],[1,17,13,9,21,5,8,24,16],[9,5,17,21,8,24,13,1,16],[17,9,13,21,1,5,24,8,16],[9,5,17,1,13,21,8,24,16],[9,13,21,5,8,24,17,1,16],[21,17,9,13,5,8,24,1,16],[9,1,13,5,17,21,24,8,16],[21,9,5,8,24,17,16,1],[9,13,17,5,1,24,8,16,21],[1,17,13,5,21,24,8,9,16],[9,17,13,1,5,21,8,24,16],[21,9,13,5,8,24,17,1,16],[17,13,9,1,5,21,24,8,16],[5,17,11,9,13,21,8,24,1,16],[5,17,13,9,21,24,8,1,16],[17,9,5,21,8,24,13,1,16],[5,9,21,24,8,17,2,13,1,16],[9,17,1,21,13,5,24,8,16],[17,5,9,1,13,21,24,8,16],[13,9,1,17,21,5,24,8,16],[5,9,17,1,13,21,8,24,16],[21,13,5,8,24,17,9,1,16],[17,13,21,9,8,1,24,16,5],[13,1,9,5,21,24,8,17,16],[1,9,13,21,17,5,24,8,16],[1,9,5,17,13,21,24,8,16],[13,4,1,17,21,8,9,24,16,5],[1,21,13,5,8,24,9,17,16],[17,12,1,5,13,21,24,8,16],[13,9,21,1,17,5,8,24,16],[13,9,21,17,1,5,24,8,16],[5,21,24,8,9,17,1,13,16],[17,13,21,1,5,8,24,9,16],[13,21,9,5,8,24,17,1,16],[9,1,24,17,13,5,8,16,21],[5,9,13,1,21,24,8,17,16],[9,21,13,1,17,5,8,24,16],[21,5,24,8,1,20,17,9,13,16],[1,21,13,9,17,5,8,24,16],[1,17,9,21,5,8,24,13,16],[1,5,21,24,8,13,9,17,16],[21,13,17,9,1,5,8,24,16],[21,1,17,9,13,5,24,8,16],[1,21,9,5,24,8,13,20,17,16],[17,13,5,1,9,23,21,8,24,16],[1,17,13,21,12,5,24,8,16],[9,1,17,5,21,24,8,13,16],[13,21,9,17,1,5,24,8,16],[5,17,1,13,21,8,24,9,16],[21,5,8,24,1,17,13,9,16],[21,17,13,1,5,24,8,9,16],[21,1,13,9,5,8,24,17,16],[17,21,9,5,8,24,13,1,16],[9,13,17,1,5,21,24,8,16],[9,1,5,13,21,24,8,17,16],[21,17,1,9,13,5,24,8,16],[21,1,5,24,8,17,9,13,16],[9,13,17,21,1,5,24,8,16],[5,13,1,9,17,21,24,8,16],[21,13,9,5,24,8,1,17,16],[9,1,21,5,24,8,13,17,16],[13,21,1,5,24,8,12,17,16],[5,21,24,8,9,13,1,20,17,16],[9,5,21,24,8,17,4,1,13,16],[17,13,1,9,5,21,24,8,16],[5,9,13,17,1,21,24,8,16],[5,21,24,8,13,1,17,9,16],[13,5,9,1,17,24,8,16,21],[21,5,8,24,9,1,17,13,16],[1,17,21,5,8,24,13,9,16],[9,21,1,5,8,24,13,17,16],[17,21,13,9,4,1,5,24,8,16],[1,13,5,9,21,24,8,17,16],[21,9,1,5,24,8,13,17,16],[5,21,24,8,9,13,1,17,16],[9,1,17,13,21,5,24,8,16],[21,13,5,8,24,1,9,17,16],[9,21,16,1,17,5,8,24],[17,21,1,5,24,8,13,9,16],[13,1,17,21,8,9,16,5,24],[13,1,5,21,8,24,9,17,16],[1,5,9,17,21,24,8,13,16],[1,21,9,20,17,24,5,8,13,16],[17,5,1,13,9,21,24,8,16],[13,1,9,5,17,21,8,24,16],[9,1,17,21,13,5,8,24,16],[9,5,13,17,21,24,8,1,16],[21,13,17,9,5,24,8,1,16],[9,13,1,5,21,8,24,17,16],[9,13,17,5,1,21,8,24,16],[1,9,17,5,13,21,8,24,16],[9,13,5,21,8,24,1,17,16],[1,21,9,5,24,8,13,17,16],[13,1,5,9,21,24,8,17,16],[9,21,13,1,17,5,24,8,16],[13,21,7,5,24,8,4,1,9,17,16],[9,17,1,5,21,24,8,13,16],[9,13,1,5,21,8,24,17,16],[5,21,24,8,9,17,13,1,16],[1,17,13,5,21,8,24,9,16],[1,21,13,9,17,5,8,24,16],[17,5,21,8,24,1,13,9,16],[13,1,5,9,17,21,8,24,16],[21,13,9,1,5,24,8,17,16],[21,1,17,5,8,24,13,9,16],[1,21,17,5,24,8,13,9,16],[21,17,9,13,1,5,8,24,16],[17,5,21,8,24,4,1,13,9,16],[5,21,24,8,9,1,17,13,16],[17,9,5,21,8,24,1,13,16],[9,1,17,21,13,5,8,24,16],[1,21,9,5,24,8,17,13,16],[1,5,17,13,9,24,8,16,21],[13,1,17,5,21,24,8,9,16],[5,13,21,8,24,1,17,9,16],[17,13,9,21,1,5,24,8,16],[1,5,17,21,24,8,9,16],[1,17,21,13,9,5,24,8,16],[17,1,5,13,9,21,8,24,16],[9,5,17,13,1,21,8,24,16],[13,21,17,5,24,8,1,9,16],[13,17,9,5,21,24,8,1,16],[21,4,1,9,13,17,5,8,24,16],[9,5,13,20,17,8,21,24,1,16],[21,1,13,9,17,5,8,24,16],[17,9,21,13,1,5,24,8,16],[13,21,1,17,5,24,8,9,16],[17,1,5,21,8,24,12,13,16],[17,13,9,5,1,21,24,8,16],[21,5,8,24,9,13,17,1,16],[9,1,13,21,17,5,24,8,16],[13,9,17,21,1,8,16,5,24],[13,21,9,5,8,24,17,1,16],[21,17,13,2,5,24,8,9,1,16],[17,1,13,21,9,5,24,8,16],[9,21,1,5,8,24,20,17,16],[17,9,13,21,5,24,8,1,16],[13,17,1,21,9,5,8,24,16],[21,5,8,24,9,13,1,17,16],[5,1,9,17,16,21,24,8],[21,9,13,2,5,8,24,17,1,16],[13,17,21,1,5,8,24,9,16],[21,1,13,9,17,5,8,24,16],[5,17,9,1,13,21,8,24,16],[5,9,21,8,24,13,1,17,16],[21,5,24,8,1,17,13,9,16],[1,21,17,9,5,8,24,13,16],[17,13,5,1,24,9,8,16,21],[17,5,21,8,24,1,9,13,16],[5,17,9,13,1,21,8,24,16],[13,21,1,17,5,8,24,9,16],[13,21,1,17,9,5,24,8,16],[1,21,9,13,17,5,24,8,16],[17,5,21,24,8,9,13,1,16],[1,5,21,8,24,13,17,9,16],[13,9,5,20,17,8,21,24,1,16],[21,5,8,24,13,9,17,1,16],[17,9,5,1,21,8,24,13,16],[5,1,17,21,24,8,9,13,16],[1,21,5,8,24,13,17,9,16],[1,5,21,24,8,13,17,9,16],[1,13,5,21,24,8,17,9,16],[9,13,21,8,1,17,16,5,24],[13,5,9,20,17,8,1,21,24,16],[13,17,9,1,5,21,24,8,16],[1,5,13,17,11,9,21,8,24,16],[5,21,24,8,13,1,9,17,16],[17,13,9,1,21,5,8,24,16],[21,13,12,17,5,24,8,1,16],[5,17,9,21,8,24,1,13,16],[17,9,21,5,8,24,13,1,16],[13,1,5,9,21,24,8,17,16],[9,1,21,17,13,5,8,24,16],[13,9,5,21,24,8,17,1,16],[5,21,8,24,17,1,13,9,16],[9,5,21,24,8,13,17,1,16],[13,1,5,17,21,8,24,9,16],[17,5,9,13,1,21,8,24,16],[1,9,21,13,5,24,8,17,16],[13,1,9,17,21,5,24,8,16],[13,5,9,21,8,24,1,20,17,16],[13,1,5,17,9,21,8,24,16],[17,13,1,21,9,5,8,24,16],[13,1,17,9,5,21,24,8,16],[13,17,9,21,4,1,5,24,8,16],[9,13,21,5,24,8,17,1,16],[1,13,5,9,21,24,8,20,17,16],[13,1,17,5,9,21,8,24,16],[13,17,21,9,1,5,8,24,16],[1,5,13,21,8,24,9,17,16],[17,13,21,4,1,9,5,24,8,16],[13,21,9,5,24,8,1,17,16],[21,9,5,8,24,17,1,13,16],[5,1,21,24,8,9,17,13,16],[13,17,9,5,1,21,24,8,16],[17,13,1,9,21,5,24,8,16],[21,17,9,13,5,24,8,1,16],[13,5,20,17,8,1,21,24,9,16],[21,17,9,5,24,8,13,1,16],[21,9,1,5,8,24,17,13,16],[13,5,17,9,1,21,24,8,16],[17,21,5,24,8,9,13,4,1,16],[21,9,13,17,5,8,24,1,16],[17,13,5,1,9,21,8,24,16],[1,17,21,9,13,5,24,8,16],[21,8,1,17,9,13,16,5,24],[21,17,9,13,1,5,8,24,16],[13,17,9,21,5,8,24,1,16],[1,5,17,13,9,21,24,8,16],[9,1,5,13,21,24,8,17,16],[5,21,24,8,17,9,1,13,16],[5,17,21,8,24,9,13,1,16],[5,17,21,24,8,13,1,9,16],[1,9,5,13,17,21,8,24,16],[13,1,17,5,9,21,24,8,16],[9,13,21,1,5,8,24,17,16],[1,5,9,13,21,8,24,17,16],[21,9,20,17,24,1,13,5,8,16],[9,13,5,1,21,24,8,20,17,16],[9,1,5,13,17,21,24,8,16],[13,5,21,24,8,1,9,17,16],[9,1,17,13,5,21,8,24,16],[5,1,17,21,24,8,9,13,16],[17,5,1,13,9,21,24,8,16],[13,21,9,5,24,8,1,17,16],[1,5,17,13,24,9,8,16,21],[13,21,9,1,5,24,8,17,16],[21,5,24,8,17,16,1,9],[9,5,1,21,24,8,13,17,16],[1,5,21,8,24,17,9,13,16],[1,21,5,24,8,17,9,13,16],[1,9,13,17,21,5,8,24,16],[17,1,21,16,5,24,8,9],[17,1,21,13,12,5,24,8,16],[21,1,9,17,13,5,24,8,16],[13,9,1,17,5,21,8,24,16],[5,9,17,21,8,24,13,1,16],[9,21,1,13,17,5,8,24,16],[13,1,17,9,21,5,8,24,16],[21,9,1,13,5,24,8,17,16],[1,21,13,9,17,5,24,8,16],[9,17,21,13,1,5,8,24,16],[9,13,5,17,1,21,24,8,16],[21,16,1,17,5,24,8,12],[17,21,5,8,24,9,1,13,16],[21,17,5,24,8,9,1,13,16],[5,9,13,21,24,8,1,17,16],[21,1,13,17,9,5,24,8,16],[17,1,21,9,5,24,8,13,16],[13,21,1,9,7,5,24,8,17,16],[9,13,21,17,4,1,5,8,24,16],[21,13,9,5,24,8,17,1,16],[1,5,13,21,24,8,17,9,16],[9,17,1,13,5,21,8,24,16],[5,17,9,13,1,21,8,24,16],[13,17,21,9,5,8,24,1,16],[21,1,5,8,24,13,17,9,16],[5,17,1,13,9,21,24,8,16],[1,9,5,17,13,21,8,24,16],[9,5,13,1,17,21,24,8,16],[5,1,9,16,21,8,24,17],[9,1,5,13,17,21,24,8,16],[9,21,1,13,8,17,24,16,6,5],[13,9,17,21,5,8,24,1,16],[1,13,5,17,21,8,24,9,16],[9,17,5,1,13,21,24,8,16],[9,17,13,1,5,21,8,24,16],[9,1,21,17,13,5,8,24,16],[13,17,5,21,24,8,1,12,16],[9,21,5,24,8,13,1,17,16],[1,17,13,9,21,5,8,24,16],[13,1,17,5,21,8,24,9,16],[17,9,1,5,13,21,8,24,16],[9,21,13,17,1,5,24,8,16],[13,21,1,9,17,5,24,8,16],[17,9,13,21,5,24,8,4,1,16],[13,9,17,1,5,21,24,8,16],[13,21,17,1,9,8,24,16,5],[5,1,9,13,21,24,8,17,16],[1,9,17,5,21,8,24,13,16],[9,13,1,21,5,8,24,17,16],[9,21,13,1,17,5,8,24,16],[9,13,5,21,24,8,1,17,16],[9,5,13,1,21,24,8,17,16],[5,1,17,9,13,21,24,8,16],[1,13,21,9,17,5,8,24,16],[13,21,9,1,5,24,8,17,16],[5,13,9,1,21,24,8,17,16],[21,17,9,1,5,24,8,13,16],[9,17,21,1,5,8,24,13,16],[13,9,17,5,21,8,24,1,16],[1,9,13,21,17,5,24,8,16],[13,9,17,21,1,5,8,24,16],[17,9,5,1,21,8,24,13,16],[1,5,17,21,8,24,13,9,16],[5,1,13,17,21,8,24,9,16],[9,5,13,17,1,21,8,24,16],[17,13,1,5,9,21,8,24,16],[13,5,9,1,17,21,24,8,16],[21,13,1,5,24,8,12,17,16],[21,13,9,1,17,5,24,8,16],[21,17,5,24,8,9,13,1,16],[17,21,1,13,5,24,8,9,16],[17,21,1,5,8,24,13,9,16],[17,13,21,9,5,24,8,1,16],[5,21,8,24,1,13,9,17,16],[1,9,13,17,5,21,8,24,16],[13,21,1,17,9,5,8,24,16],[17,1,5,9,13,21,24,8,16],[5,21,24,8,13,17,9,1,16],[13,5,9,21,24,8,17,1,16],[21,13,1,5,24,8,9,17,16],[1,17,21,5,8,24,9,13,16],[21,17,13,9,5,24,8,1,16],[21,13,5,24,8,17,9,1,16],[17,1,5,13,9,21,8,24,16],[17,5,1,9,13,21,8,24,16],[17,13,1,21,9,5,24,8,16],[5,9,21,24,8,1,13,17,16],[5,1,17,13,21,8,24,9,16],[13,5,9,17,22,21,8,24,1,16],[9,21,5,8,24,13,17,1,16],[1,13,9,21,20,17,24,5,8,16],[5,21,8,24,13,1,9,17,16],[17,9,5,13,1,21,24,8,16],[5,17,13,1,21,24,8,9,16],[21,5,8,24,1,9,17,13,16],[9,21,17,13,5,24,8,1,16],[21,5,24,8,4,1,9,17,13,16],[5,1,9,17,13,21,24,8,16],[5,21,24,8,9,13,4,1,17,16],[1,13,17,9,5,21,8,24,16],[13,9,17,5,1,21,8,24,16],[9,13,5,17,1,21,8,24,16],[9,1,17,13,5,21,24,8,16],[13,17,21,9,1,5,24,8,16],[9,17,13,21,1,5,24,8,16],[21,9,13,5,8,24,17,1,16],[21,13,9,1,5,8,24,17,16],[17,13,5,9,1,21,8,24,16],[13,1,9,21,17,5,24,8,16],[1,21,13,12,5,24,8,17,16],[1,9,17,5,21,8,24,13,16],[5,9,21,24,8,17,1,13,16],[21,5,8,24,1,17,9,13,16],[21,4,1,17,5,8,24,13,9,16],[5,21,24,8,9,20,17,13,1,16],[1,9,5,21,8,24,17,13,16],[13,1,17,21,9,5,24,8,16],[17,5,9,13,21,8,24,1,16],[13,21,1,5,8,24,9,17,16],[21,1,9,5,24,8,13,17,16],[5,13,1,17,21,24,8,9,16],[1,9,5,21,8,24,17,13,16],[1,21,9,17,5,24,8,13,16],[17,5,13,9,1,21,24,8,16],[17,13,1,9,21,5,24,8,16],[9,1,13,17,21,5,8,24,16],[5,17,9,13,1,21,8,24,16],[21,9,17,8,1,13,16,5,24],[17,5,1,9,13,21,24,8,16],[17,5,9,1,21,8,24,13,16],[1,9,13,21,17,5,24,8,16],[1,9,21,8,13,17,24,16,5],[17,13,21,9,4,1,5,8,24,16],[5,21,8,24,13,9,1,17,16],[13,1,9,21,17,5,8,24,16],[1,13,17,21,9,5,8,24,16],[13,21,8,9,1,17,24,16,5],[9,17,21,1,13,5,24,8,16],[21,5,24,8,13,17,9,1,16],[5,17,13,9,24,1,16,21,8],[21,5,8,24,1,9,13,20,17,16],[1,21,13,9,17,5,8,24,16],[21,17,5,8,24,9,1,13,16],[17,5,13,9,4,1,21,24,8,16],[13,17,9,5,1,21,24,8,16],[9,17,1,21,5,24,8,13,16],[21,5,24,8,1,17,9,13,16],[13,17,1,21,5,8,24,9,16],[9,17,21,1,5,8,24,13,16],[17,13,21,1,5,8,24,9,16],[13,21,5,24,8,1,10,9,17,16],[13,1,17,9,5,21,24,8,16],[13,21,9,5,8,24,17,1,16],[9,17,5,21,24,8,13,1,16],[9,17,1,5,21,24,8,13,16],[21,5,8,24,9,13,1,20,17,16],[5,21,8,24,13,17,1,9,16],[9,21,13,1,5,24,8,17,16],[5,17,21,8,24,9,1,13,16],[21,1,17,5,8,24,9,13,16],[9,21,13,1,5,8,24,17,16],[21,5,24,8,17,13,4,1,9,16],[13,17,1,5,9,21,8,24,16],[1,9,13,5,21,24,8,17,16],[21,1,17,13,5,24,8,9,16],[5,17,21,24,8,13,9,1,16],[5,13,9,21,8,24,1,17,16],[9,13,17,5,21,24,8,1,16],[9,21,5,8,24,17,1,13,16],[5,1,21,24,8,17,13,9,16],[21,7,5,24,8,13,17,9,1,16],[1,17,13,5,21,8,24,9,16],[9,5,13,17,1,21,24,8,16],[13,5,17,9,21,8,24,1,16],[21,1,12,17,13,5,8,24,16],[9,1,21,17,13,5,24,8,16],[21,9,17,1,5,24,8,13,16],[9,1,13,17,21,5,8,24,16],[5,1,9,13,17,21,8,24,16],[13,5,9,21,24,8,1,17,16],[21,1,9,5,24,8,17,13,16],[5,13,1,17,12,21,8,24,16],[13,1,17,9,5,21,8,24,16],[9,13,5,1,17,21,24,8,16],[13,5,1,9,24,17,8,16,21],[1,13,17,21,5,8,24,9,16],[1,17,21,13,5,24,8,9,16],[5,17,21,24,8,1,9,13,16],[13,5,17,9,1,21,24,8,16],[9,13,1,21,17,5,24,8,16],[9,17,1,5,21,24,8,13,16],[17,13,5,24,9,1,16,21,8],[9,5,13,1,21,8,24,17,16],[5,9,17,21,8,24,13,1,16],[5,13,9,1,17,21,8,24,16],[21,1,9,5,24,8,17,13,16],[17,13,9,5,1,21,8,24,16],[9,5,21,8,24,1,17,13,16],[21,17,9,1,13,5,8,24,16],[21,5,8,24,1,9,13,17,16],[17,21,5,8,24,1,13,9,16],[21,17,1,13,9,5,8,24,16],[21,5,24,8,13,1,17,9,16],[9,5,17,1,21,8,24,13,16],[5,20,17,8,21,24,1,9,13,16],[21,1,5,8,24,12,17,13,16],[17,5,21,24,8,13,1,9,16],[5,9,1,13,17,21,24,8,16],[5,13,9,21,8,24,17,1,16],[9,1,13,17,5,21,8,24,16],[9,5,21,24,8,13,17,1,16],[9,17,5,1,13,21,8,24,16],[13,5,9,21,24,8,20,17,1,16],[13,9,21,1,5,24,8,17,16],[9,13,1,21,17,5,24,8,16],[5,17,9,21,24,8,1,13,16],[13,1,21,5,8,24,17,9,16],[1,21,17,9,13,5,8,24,16],[17,9,5,1,21,24,8,13,16],[13,1,5,9,17,21,24,8,16],[1,21,9,5,8,24,17,13,16],[17,13,5,21,8,24,9,1,16],[21,1,17,5,8,24,9,13,16],[1,9,21,5,8,24,13,17,16],[5,17,9,13,21,24,8,1,16],[21,9,5,8,24,1,13,17,16],[13,5,21,24,8,1,17,12,16],[5,9,1,21,24,8,16,17],[9,13,17,21,1,5,24,8,16],[5,2,9,13,17,22,21,8,24,1,16],[21,9,1,17,5,8,24,13,16],[5,17,13,9,21,8,24,4,1,16],[9,1,21,16,17,5,24,8],[1,5,13,17,9,21,24,8,16],[5,9,21,8,24,13,17,1,16],[21,5,8,24,1,9,17,13,16],[5,17,9,13,1,21,8,24,16],[21,13,5,8,24,17,9,1,16],[21,17,5,8,24,13,1,9,16],[21,5,24,8,9,1,17,13,16],[5,1,9,13,21,8,24,17,16],[9,21,17,5,24,8,1,16],[5,9,13,21,8,24,17,1,16],[1,17,13,5,21,8,24,9,16],[21,9,17,13,5,8,24,1,16],[21,1,13,8,9,17,16,5,24],[17,5,16,9,21,8,24,1],[5,17,1,9,21,24,8,13,16],[21,5,24,8,13,17,1,9,16],[9,21,8,13,17,1,16,5,24],[1,5,9,21,8,24,13,17,16],[1,13,17,9,5,21,24,8,16],[13,5,9,21,8,24,17,1,16],[5,9,1,21,24,8,17,13,16],[17,1,9,13,5,21,24,8,16],[17,5,9,13,21,24,8,1,16],[5,13,21,24,8,17,9,1,16],[9,13,1,17,21,5,24,8,16],[9,21,1,17,5,24,8,13,16],[1,9,5,13,17,21,8,24,16],[13,1,17,9,5,21,24,8,16],[13,9,17,21,1,5,24,8,16],[13,21,17,1,5,24,8,9,16],[5,13,17,1,9,21,8,24,16],[9,21,17,1,8,13,16,6,5,24],[13,21,9,17,1,5,24,8,16],[17,21,9,1,13,5,24,8,16],[21,5,24,8,17,1,13,9,16],[17,9,5,13,21,8,24,1,16],[5,17,21,24,8,9,1,13,16],[13,5,21,8,24,1,9,17,16],[1,21,17,9,13,5,8,24,16],[9,21,13,5,8,24,1,17,16],[13,21,1,17,9,5,8,24,16],[9,21,1,5,8,24,13,17,16],[13,21,17,1,5,24,8,12,16],[21,1,13,17,9,5,8,24,16],[5,21,8,24,9,17,13,1,16],[13,1,21,9,5,8,24,17,16],[1,21,17,5,24,8,13,9,16],[17,9,1,5,21,8,24,13,16],[21,13,1,5,24,8,17,9,16],[5,17,9,13,24,1,16,21,8],[9,5,1,13,21,8,24,17,16],[17,9,21,13,5,24,8,1,16],[1,13,17,5,21,8,24,9,16],[17,9,5,13,21,24,8,1,16],[1,5,21,24,8,13,19,9,17,16],[9,21,5,8,24,13,1,17,16],[13,17,1,5,9,21,24,8,16],[5,17,21,24,8,12,13,3,1,16],[1,5,13,21,8,24,17,9,16],[5,24,13,9,17,1,16,21,8],[9,1,17,5,13,21,24,8,16],[13,5,17,9,21,8,24,1,16],[5,13,17,21,24,8,9,1,16],[1,9,21,5,8,24,17,13,16],[1,13,5,17,9,21,24,8,16],[17,9,13,21,5,8,24,1,16],[21,13,5,8,24,1,9,17,16],[13,1,21,17,5,8,24,9,16],[9,21,13,1,17,5,8,24,16],[13,5,9,17,21,24,8,1,16],[17,21,5,24,8,13,1,9,16],[13,5,23,21,8,24,17,1,9,16],[17,21,9,13,1,5,24,8,16],[13,9,1,5,17,21,8,24,16],[1,17,21,12,13,5,8,24,16],[13,9,1,5,21,24,8,17,16],[21,13,5,8,24,9,1,17,16],[21,17,5,8,24,13,1,9,16],[5,13,21,8,24,17,1,9,16],[1,9,5,21,8,24,17,13,16],[9,1,13,21,17,5,8,24,16],[5,17,21,8,24,13,9,1,16],[1,9,17,5,21,24,8,13,16],[13,21,1,17,5,24,8,9,16],[9,5,17,1,21,8,24,13,16],[1,5,9,17,21,24,8,13,16],[5,9,17,21,24,8,13,1,16],[5,21,8,24,1,9,13,17,16],[17,1,21,13,9,5,8,24,16],[1,17,21,13,9,5,8,24,16],[1,5,9,21,8,24,13,17,16],[9,13,1,21,5,8,24,17,16],[13,17,5,9,1,21,24,8,16],[17,21,13,1,9,5,8,24,16],[1,13,21,9,17,5,24,8,16],[13,21,9,5,8,24,1,20,17,16],[13,5,9,21,8,24,17,1,16],[21,1,9,5,8,24,13,17,16],[9,13,5,21,24,8,17,1,16],[1,13,17,5,9,21,8,24,16],[13,9,17,1,21,5,24,8,16],[5,9,21,8,24,13,1,17,16],[5,1,13,21,8,24,17,12,16],[17,9,13,5,21,24,8,1,16],[1,13,9,5,21,24,8,17,16],[17,1,9,5,21,8,24,13,16],[21,1,12,5,8,24,13,17,16],[1,17,21,13,5,24,8,9,16],[1,17,9,21,5,24,8,13,16],[17,9,13,5,1,21,8,24,16],[17,1,5,13,21,24,8,9,16],[9,13,5,21,24,8,17,1,16],[13,1,5,9,17,21,8,24,16],[21,1,5,8,24,17,9,13,16],[13,9,5,17,1,21,24,8,16],[17,21,1,5,8,24,9,13,16],[5,17,9,24,13,1,16,21,8],[5,1,17,9,13,21,8,24,16],[1,21,13,17,5,8,24,9,16],[13,5,21,24,8,17,9,1,16],[1,5,21,8,24,13,9,18,17,16],[9,1,21,13,17,5,24,8,16],[5,17,1,13,9,21,24,8,16],[17,9,5,13,1,21,24,8,16],[17,5,13,9,1,22,21,8,24,16],[17,1,21,9,5,8,24,13,16],[21,5,8,24,17,1,16,9],[1,5,17,13,9,21,24,8,16],[5,13,9,1,17,21,8,24,16],[21,17,5,24,8,1,9,13,16],[9,17,1,13,21,5,24,8,16],[13,1,21,9,20,17,24,6,5,8,16],[17,13,21,5,24,8,9,1,16],[17,5,13,9,1,21,8,24,16],[5,21,24,8,9,17,1,13,16],[13,1,5,9,21,24,8,17,16],[9,13,21,1,17,5,24,8,16],[5,21,24,8,9,1,13,17,16],[17,13,1,21,9,5,24,8,16],[21,5,24,8,17,13,1,9,16],[21,13,5,8,24,1,17,9,16],[1,21,5,24,8,16,9,17],[21,13,1,5,8,24,9,17,16],[9,13,17,21,1,5,24,8,16],[9,5,13,1,17,21,24,8,16],[17,5,13,1,9,21,8,24,16],[5,9,17,21,8,24,1,13,16],[1,5,21,24,8,9,13,17,16],[21,13,1,9,17,5,8,24,16],[21,20,17,24,5,8,9,1,13,16],[1,21,13,5,24,8,9,17,16],[13,21,9,1,17,5,24,8,16],[17,21,13,5,24,8,9,1,16],[9,1,17,5,21,24,8,13,16],[21,9,5,24,8,17,1,13,16],[9,17,21,13,1,5,8,24,16],[5,17,9,13,21,8,24,1,16],[21,13,9,17,5,8,24,1,16],[13,1,17,9,21,5,8,24,16],[1,17,5,21,24,8,9,13,16],[21,13,9,1,17,5,8,24,16],[5,1,13,17,9,21,24,8,16],[21,9,1,17,14,13,5,8,24,16],[13,5,17,21,8,24,4,1,9,16],[13,1,21,9,5,24,8,17,16],[1,5,9,13,21,24,8,17,16],[13,21,9,20,17,24,5,8,1,16],[17,9,1,13,21,5,24,8,16],[9,17,1,5,21,8,24,13,16],[13,17,5,1,9,21,8,24,16],[1,13,21,9,17,5,8,24,16],[9,13,1,5,21,24,8,17,16],[13,17,1,21,9,5,8,24,16],[13,5,9,17,1,21,8,24,16],[5,9,21,24,8,13,1,17,16],[13,9,21,5,24,8,1,17,16],[13,21,1,17,5,8,24,11,9,16],[5,17,9,1,13,21,24,8,16],[5,9,13,21,24,8,4,1,17,16],[5,13,17,1,21,24,8,9,16],[5,17,1,21,24,8,9,13,16],[5,13,17,21,8,24,9,1,16],[5,9,13,21,8,24,17,1,16],[1,5,9,13,21,24,8,17,16],[1,5,13,9,21,8,24,17,16],[5,1,17,21,24,8,13,9,16],[9,5,13,17,1,21,24,8,16],[9,13,17,21,5,8,24,1,16],[13,1,17,9,21,5,8,24,16],[9,13,17,1,5,21,24,8,16],[13,5,1,17,9,21,24,8,16],[13,1,9,5,17,21,8,24,16],[21,13,20,17,24,1,9,5,8,16],[5,13,17,1,9,21,8,24,16],[17,13,21,5,24,8,1,9,16],[21,1,13,9,17,5,8,24,16],[17,21,9,5,8,24,13,1,16],[9,17,1,13,5,21,24,8,16],[21,9,17,1,5,24,8,13,16],[17,13,1,5,9,21,8,24,16],[9,1,17,13,5,21,24,8,16],[13,1,17,5,21,8,24,9,16],[17,5,13,1,21,8,24,9,16],[21,9,1,13,5,24,8,17,16],[17,13,5,21,24,8,1,12,16],[21,1,13,9,5,8,24,17,16],[1,21,13,9,8,17,24,16,5],[5,13,17,9,1,21,24,8,16],[5,17,9,21,24,8,13,1,16],[17,21,9,1,8,13,24,16,5],[17,21,9,7,8,13,4,1,24,16,5],[9,13,17,21,1,5,24,8,16],[17,1,9,13,21,5,24,8,16],[5,13,17,9,1,21,24,8,16],[17,9,5,21,8,24,1,13,16],[9,21,13,17,5,24,8,1,16],[21,17,13,1,9,5,24,8,16],[9,5,17,1,13,21,8,24,16],[1,21,9,13,5,24,8,17,16],[13,5,17,9,1,21,8,24,16],[1,13,17,21,9,5,24,8,16],[1,13,9,5,21,24,8,17,16],[9,21,5,24,8,13,1,17,16],[21,1,17,9,16,5,8,24],[1,17,21,5,24,8,13,9,16],[5,21,24,8,17,9,1,13,16],[17,5,1,21,8,24,9,13,16],[17,13,1,9,5,21,24,8,16],[1,9,21,5,24,8,17,13,16],[9,17,21,5,24,8,1,13,16],[17,13,1,5,21,24,8,12,16],[21,12,5,8,24,13,1,17,16],[21,5,8,24,1,9,13,17,16],[5,13,17,21,24,8,9,1,16],[13,21,5,24,8,9,3,1,17,16],[1,21,17,9,5,24,8,13,16],[17,21,1,5,8,24,13,9,16],[21,1,17,5,24,8,9,13,16],[9,1,21,5,24,8,13,17,16],[21,16,9,1,5,24,8,17],[9,1,21,5,24,8,17,13,16],[17,1,21,13,9,5,8,24,16],[17,21,1,12,5,8,24,13,16],[13,5,17,21,24,8,9,1,16],[5,13,1,21,8,24,17,9,16],[1,17,5,9,13,21,8,24,16],[13,5,1,21,24,8,9,17,16],[1,17,5,13,9,21,24,8,16],[13,9,1,17,21,5,8,24,16],[1,13,17,21,9,5,8,24,16],[21,17,5,8,24,13,1,9,16],[9,1,13,17,21,5,24,8,16],[5,21,24,8,17,13,9,1,16],[1,17,9,13,21,5,8,24,16],[9,13,21,17,5,8,24,1,16],[13,17,1,5,9,21,24,8,16],[5,9,17,1,13,24,16,21,8],[9,5,21,24,8,17,1,13,16],[5,21,8,24,1,20,17,9,13,16],[9,5,1,13,17,21,24,8,16],[5,13,21,24,8,17,9,4,1,16],[17,1,13,9,21,5,8,24,16],[5,13,12,21,8,24,1,17,16],[1,17,13,21,5,24,8,9,16],[21,9,13,5,8,24,17,1,16],[13,9,1,5,17,21,8,24,16],[1,5,9,21,24,8,20,17,13,16],[21,5,24,8,13,17,9,1,16],[5,1,17,9,13,21,8,24,16],[9,1,13,17,21,5,8,24,16],[9,13,1,21,17,5,24,8,16],[9,1,17,13,21,5,8,24,16],[21,9,5,8,24,13,17,1,16],[9,5,1,21,8,24,13,17,16],[21,13,12,1,5,8,24,17,16],[17,21,5,8,24,4,1,13,12,16],[13,9,17,1,21,5,24,8,16],[17,21,1,5,24,8,9,13,16],[21,17,1,9,5,24,8,13,16],[17,13,1,5,21,24,8,9,16],[13,5,1,21,8,24,17,9,16],[13,9,5,21,8,24,1,17,16],[13,9,17,1,21,5,24,8,16],[17,1,21,5,8,24,13,9,16],[21,1,13,5,8,24,9,17,16],[17,13,9,1,5,21,8,24,16],[9,13,5,17,1,21,8,24,16],[17,1,13,5,21,24,8,9,16],[5,13,21,24,8,1,9,17,16],[17,21,9,1,16,5,8,24],[21,1,9,17,5,24,8,13,16],[17,5,9,13,21,24,8,1,16],[9,21,13,5,24,8,17,1,16],[17,5,9,1,13,21,24,8,16],[13,5,24,1,9,17,16,21,8],[1,17,9,5,21,24,8,13,16],[17,5,21,24,8,9,13,4,1,16],[13,9,17,1,5,21,24,8,16],[1,5,21,8,24,9,17,13,16],[1,21,17,13,5,8,24,9,16],[1,17,5,9,13,21,8,24,16],[9,1,17,21,13,5,24,8,16],[5,9,17,1,21,24,8,13,16],[9,13,21,1,20,17,24,5,8,16],[17,5,13,1,21,24,8,9,16],[21,1,9,20,17,24,13,5,8,16],[9,5,1,21,8,24,13,17,16],[21,13,9,5,24,8,17,4,1,16],[1,13,9,5,21,8,24,17,16],[13,5,21,8,24,17,1,9,16],[9,13,17,21,5,8,24,1,16],[9,1,17,13,5,21,8,24,16],[17,21,5,24,8,13,1,9,16],[1,17,5,13,9,21,24,8,16],[21,9,13,5,24,8,1,17,16],[1,17,21,16,9,5,24,8],[13,9,21,20,17,24,1,5,8,16],[1,9,13,17,5,21,8,24,16],[5,21,24,8,20,17,1,13,9,16],[13,5,9,21,8,24,17,1,16],[21,17,9,13,2,5,8,24,1,16],[1,13,17,21,8,9,16,5,24],[1,21,9,13,17,5,8,24,16],[13,21,9,5,24,8,1,20,17,16],[1,9,17,21,13,5,24,8,16],[21,5,24,8,16,1,9,17],[1,17,21,5,8,24,9,13,16],[5,21,8,24,9,1,13,17,16],[13,17,1,9,21,5,8,24,16],[17,1,9,13,5,21,24,8,16],[9,13,5,21,8,24,17,1,16],[13,9,1,5,17,21,24,8,16],[9,13,1,5,17,24,16,21,8],[1,21,17,13,5,24,8,9,16],[5,9,17,21,24,8,1,13,16],[17,21,5,24,8,9,13,1,16],[17,9,21,8,1,13,16,5,24],[21,5,8,24,13,17,9,1,16],[1,9,5,21,8,24,17,13,16],[1,21,17,13,5,24,8,9,16],[21,5,24,8,13,1,9,17,16],[17,5,1,9,13,21,24,8,16],[21,17,5,24,8,16,9,1],[21,9,5,8,24,13,4,1,17,16],[21,20,17,24,13,5,8,1,9,16],[1,5,13,21,8,24,9,17,16],[13,1,9,5,21,24,8,17,16],[1,5,17,13,9,21,24,8,16],[5,21,24,8,17,9,1,13,16],[21,1,9,17,5,8,24,13,16],[21,17,1,13,9,5,8,24,16],[5,1,13,17,21,8,24,9,16],[17,9,13,1,21,5,24,8,16],[1,5,17,21,24,8,9,13,16],[17,1,9,13,5,21,8,24,16],[21,17,13,9,1,5,8,24,16],[21,5,8,24,1,13,9,17,16],[1,17,9,21,5,8,24,13,16],[21,1,13,17,9,8,24,16,5],[1,17,9,5,21,8,24,13,16],[1,9,13,5,17,21,8,24,16],[5,17,21,8,24,9,4,1,13,16],[5,13,1,17,21,8,24,9,16],[17,5,1,21,8,24,9,13,16],[5,13,9,21,24,8,1,17,16],[17,9,1,13,5,21,8,24,16],[5,17,9,21,8,24,13,4,1,16],[5,9,1,17,21,8,24,13,16],[9,5,13,1,21,8,24,17,16],[9,21,13,5,24,8,20,17,1,16],[5,21,24,8,17,1,16,9],[9,13,21,1,5,8,24,17,16],[5,1,13,9,17,21,8,24,16],[1,9,21,17,5,24,8,13,16],[17,9,21,13,1,5,24,8,16],[9,1,5,13,20,17,8,21,24,16],[13,21,5,24,8,9,1,17,16],[1,17,13,21,5,8,24,9,16],[5,17,13,1,21,24,8,9,16],[21,13,1,17,9,5,8,24,16],[17,13,1,21,5,24,8,9,16],[9,13,1,21,17,5,24,8,16],[17,5,21,24,8,9,1,13,16],[17,5,21,24,8,13,9,1,16],[13,1,17,5,9,21,8,24,16],[17,1,21,9,5,8,24,13,16],[21,1,13,5,8,24,9,17,16],[17,5,21,24,8,13,1,9,16],[5,13,9,17,21,8,24,1,16],[17,1,9,21,5,24,8,13,16],[17,21,1,13,9,5,8,24,16],[21,9,13,5,8,24,17,1,16],[13,17,1,5,21,8,24,9,16],[17,13,21,1,9,5,8,24,16],[21,17,16,1,8,9,5,24],[1,5,21,8,24,9,17,16],[21,9,13,5,24,8,17,1,16],[17,5,21,24,8,13,9,1,16],[5,17,9,21,24,8,13,1,16],[17,13,5,21,8,24,1,9,16],[5,13,17,1,9,21,24,8,16],[5,21,24,8,17,4,1,9,13,16],[21,9,13,5,8,24,17,4,1,16],[13,5,9,4,1,17,24,8,16,23,21],[5,1,21,8,24,9,17,13,16],[5,21,8,24,1,9,13,17,16],[21,17,9,1,8,13,16,5,24],[17,9,21,5,8,24,1,13,16],[5,13,1,17,9,21,8,24,16],[9,13,20,17,1,5,8,21,24,16],[13,5,2,9,21,24,8,20,17,1,16],[21,12,1,5,24,8,17,13,16],[13,9,5,17,21,8,24,1,16],[17,13,5,9,1,21,24,8,16],[13,17,9,21,1,5,24,8,16],[17,21,13,9,1,5,24,8,16],[9,5,17,13,1,21,8,24,16],[13,1,17,5,21,24,8,9,16],[9,5,21,24,8,20,17,13,1,16],[17,13,5,1,9,24,8,16,21],[13,24,1,17,9,5,16,21,8],[1,21,17,9,13,5,8,24,16],[9,1,5,13,17,21,24,8,16],[1,21,9,13,17,5,8,24,16],[9,21,17,4,1,5,8,24,13,16],[13,17,1,9,5,21,8,24,16],[5,1,9,17,16,21,24,8],[1,5,21,8,24,17,13,9,16],[17,13,1,21,9,5,8,24,16],[13,1,5,17,9,24,16,21,8],[5,13,17,1,9,21,8,24,16],[13,5,9,17,1,21,8,24,16],[13,5,9,21,8,24,17,1,16],[5,17,1,12,21,24,8,13,16],[21,1,13,5,24,8,9,17,16],[5,13,21,24,8,1,9,17,16],[1,21,9,13,17,5,24,8,16],[9,13,1,17,21,5,8,24,16],[21,1,5,24,8,13,9,17,16],[9,5,1,17,21,8,24,13,16],[9,21,5,8,24,1,17,13,16],[21,13,1,17,5,24,8,9,16],[21,5,24,8,1,17,9,13,16],[17,13,9,1,21,5,24,8,16],[13,1,17,5,9,21,24,8,16],[13,9,17,1,5,21,8,24,16],[5,1,17,9,21,8,24,13,16],[17,13,1,5,9,21,24,8,16],[13,17,21,1,9,5,8,24,16],[5,21,8,24,17,13,9,4,1,16],[9,21,1,5,24,8,13,17,16],[5,21,24,8,13,1,18,17,9,16],[5,13,21,8,24,1,17,9,16],[9,21,17,1,5,8,24,13,16],[13,17,5,9,1,21,24,8,16],[13,1,5,17,9,21,24,8,16],[9,5,13,17,1,21,24,8,16],[21,1,17,13,5,8,24,9,16],[9,13,21,17,5,8,24,1,16],[5,21,24,8,17,1,9,13,16],[21,5,24,8,1,13,17,9,16],[1,5,17,21,24,8,9,13,16],[9,1,17,21,5,8,24,13,16],[17,1,21,9,16,5,24,8],[17,1,13,21,12,5,8,24,16],[17,1,9,13,21,5,8,24,16],[21,9,13,1,5,8,24,17,16],[5,1,13,21,24,8,17,9,16],[1,9,5,21,24,8,17,13,16],[17,13,1,5,9,21,24,8,16],[5,13,17,1,21,8,24,9,16],[1,9,17,5,13,21,8,24,16],[5,1,13,9,21,24,8,17,16],[1,21,17,13,5,8,24,9,16],[5,17,16,1,21,8,24,9],[1,5,17,13,9,21,24,8,16],[13,21,17,1,9,5,8,24,16],[13,1,17,5,9,21,24,8,16],[16,1,9,17,21,5,24,8],[5,17,21,8,24,9,13,1,16],[17,9,21,1,5,24,8,13,16],[13,17,9,1,21,5,8,24,16],[21,1,17,13,9,5,24,8,16],[5,1,9,21,8,24,17,13,16],[21,5,8,24,13,17,1,9,16],[1,9,17,21,5,24,8,13,16],[17,9,1,13,5,21,24,8,16],[1,5,21,8,24,17,9,13,16],[21,13,5,24,8,1,9,17,16],[21,13,5,8,24,9,1,17,16],[9,13,17,5,1,21,24,8,16],[17,9,1,13,21,5,8,24,16],[5,21,8,24,13,1,9,17,16],[9,17,1,21,13,5,8,24,16],[17,21,13,9,1,5,24,8,16],[5,1,21,8,24,9,13,17,16],[1,9,21,17,13,5,24,8,16],[1,21,17,13,9,5,24,8,16],[9,17,21,13,5,24,8,1,16],[13,1,21,9,17,5,24,8,16],[5,9,13,1,17,21,24,8,16],[9,1,5,16,17,21,8,24],[17,9,1,5,13,21,24,8,16],[1,13,5,9,17,21,8,24,16],[13,9,17,1,5,21,24,8,16],[1,9,21,13,17,5,8,24,16],[5,17,1,21,24,8,9,13,16],[21,1,17,9,5,8,24,13,16],[13,9,5,21,24,8,1,17,16],[17,21,9,13,1,5,24,8,16],[17,5,1,24,9,13,8,16,21],[9,13,21,5,8,24,17,1,16],[17,1,9,13,5,21,8,24,16]],"n_human":10}