{"problem_id":"CSVWeBVBrMi4BHM","sigma":75,"alpha":0.316,"cost":0,"probabilities":"[0.1699999999999999, 0.28, 0.38, 0.17]","payoff_matrix":"[[45, -60, -80, -37, -186, 9], [37, -15, -21, 29, 130, 24], [-11, -28, 17, 49, 29, 14], [-93, 105, 33, -55, -75, -87]]","uncovered":[[3,7,11,19,15,23,18],[15,3,7,19,23,11,18],[15,7,19,23,3,11,14,18],[23,19,7,3,11,15,18],[23,7,15,3,19,11,18],[19,7,23,15,11,3,14,18],[19,15,11,3,7,23,18],[15,11,23,19,3,7,14,18],[11,7,3,15,23,19,14,18],[3,15,23,19,7,11,14,18],[15,11,3,23,7,19,14,18],[19,11,3,15,23,7,14,18],[19,7,11,3,23,15,14,18],[7,11,23,3,19,15,14,18],[15,3,23,7,19,11,14,18],[7,11,23,15,19,3,14,18],[3,7,23,15,19,11,18],[7,3,19,11,23,15,14,18],[7,23,15,19,3,11,18],[19,15,23,7,3,11,18],[15,19,23,7,3,11,18],[19,11,3,7,23,15,14,18],[7,23,11,15,19,3,14,18],[7,15,23,3,19,11,18],[19,3,7,11,23,15,14,18],[19,11,15,3,23,7,14,17,10,22],[11,15,19,23,7,3,13,18],[11,7,23,19,3,15,14,18],[3,23,11,19,15,7,18],[15,19,7,23,11,3,14,18],[11,19,3,7,15,23,18],[3,7,15,11,23,19,14,18],[3,19,7,23,11,15,14,18],[15,3,7,11,19,23,18],[19,11,23,7,3,15,18],[23,15,7,3,11,19,14,18],[3,7,15,19,23,11,14,18],[15,3,19,7,11,23,14,18],[11,23,7,15,19,3,14,18],[11,23,15,19,3,7,14,18],[23,19,11,3,15,7,18],[7,23,11,15,19,3,18],[11,19,7,3,23,15,18],[15,11,7,19,23,3,18],[23,7,11,19,3,15,18],[23,7,19,15,11,3,18],[7,15,3,11,23,19,18],[3,11,7,23,15,19,18],[15,7,11,23,3,19,14,18],[3,11,23,19,7,15,14,18],[3,15,7,23,11,19,18],[3,19,7,23,15,11,18],[3,7,19,11,15,23,14,18],[11,23,7,15,3,19,14,18],[7,3,23,15,11,19,14,18],[3,15,23,7,11,19,14,18],[3,19,15,7,23,11,14,18],[19,15,3,7,23,11,14,18],[11,23,19,15,7,3,14,18],[3,15,6,23,11,19,14,18],[11,15,23,3,7,19,14,18],[7,11,23,19,3,15,18],[11,19,7,3,15,23,18],[11,19,7,3,23,15,18],[7,3,11,15,23,19,14,18],[7,23,15,11,3,19,14,18],[23,19,11,3,7,15,14,18],[3,19,23,11,15,7,18],[23,11,7,3,19,15,18],[7,3,15,23,11,19,18],[15,11,19,23,7,3,18],[7,3,11,23,15,19,18],[7,19,11,15,23,3,14,18],[19,23,15,11,3,7,14,18],[23,11,19,7,15,3,18],[19,11,15,7,23,3,18],[11,15,19,3,7,23,18],[3,7,23,15,19,11,18],[23,3,11,19,15,7,14,18],[15,7,23,11,3,19,18],[11,19,23,15,3,7,18],[15,23,7,11,3,19,14,18],[23,7,3,19,15,11,14,18],[11,23,15,3,19,7,18],[23,3,7,11,15,19,14,18],[11,7,23,3,15,19,18],[19,3,7,11,23,15,18],[19,3,7,11,15,23,18],[19,15,7,23,11,3,18],[7,3,19,11,15,23,14,18],[23,15,7,3,19,11,18],[15,19,7,3,11,23,18],[7,3,11,19,15,23,18],[11,3,23,15,7,19,14,18],[7,11,15,19,23,3,18],[3,19,23,15,11,7,14,18],[23,19,11,15,7,3,14,18],[23,11,19,3,15,7,14,18],[7,23,15,3,11,19,18],[15,11,23,19,7,3,14,18],[7,11,23,19,3,15,18],[11,15,7,23,19,3,18],[15,19,23,7,3,11,18],[7,11,3,23,15,19,14,18],[3,7,11,15,19,23,18],[19,15,3,7,11,23,14,18],[11,15,3,7,23,19,14,18],[7,19,15,3,11,23,14,18],[23,7,3,19,11,15,14,18],[11,3,15,19,23,7,18],[11,3,7,23,15,19,14,18],[7,23,11,19,15,3,18],[23,7,11,3,19,15,18],[3,15,23,11,19,7,18],[3,11,23,19,7,15,18],[15,7,23,3,11,19,14,17,10,21,22],[23,3,15,11,7,19,14,18],[19,15,11,3,23,7,14,18],[23,11,19,15,3,7,14,18],[11,7,15,19,23,3,14,18],[3,11,15,19,23,7,14,18],[11,15,23,7,19,3,18],[15,3,23,11,19,7,14,18],[3,11,19,7,15,23,18],[23,7,3,11,19,15,14,18],[23,7,19,11,3,15,14,18],[7,19,15,3,23,11,14,18],[23,7,3,11,19,15,18],[23,7,3,15,11,19,14,18],[3,19,23,15,7,11,14,18],[19,3,11,15,7,23,18],[11,23,19,15,3,7,14,18],[7,11,19,3,23,15,14,18],[15,19,23,11,7,3,18],[7,11,15,19,23,3,14,18],[7,11,19,23,3,15,18],[23,7,3,15,19,11,14,18],[7,23,11,19,15,3,18],[19,11,23,7,15,3,18],[15,7,3,23,11,19,18],[7,23,3,15,19,11,14,18],[11,23,15,19,3,7,14,18],[15,7,3,11,19,23,14,18],[11,3,23,7,15,19,14,18],[11,23,7,3,15,19,14,18],[15,7,3,23,19,11,14,18],[15,3,19,7,23,11,18],[15,11,7,19,23,3,18],[15,19,22,23,7,3,11,14,18],[11,3,7,19,23,15,18],[3,23,7,15,19,11,18],[3,7,19,23,15,11,18],[11,3,23,19,15,7,18],[7,15,19,23,3,11,14,18],[19,23,11,15,7,3,14,18],[7,3,11,19,23,15,14,18],[19,11,7,15,3,23,18],[15,7,23,11,3,19,14,18],[11,3,7,19,15,23,18],[3,19,7,15,11,23,14,18],[7,15,3,23,19,11,18],[15,3,11,19,23,7,18],[23,15,19,7,11,3,18],[11,23,15,3,19,7,18],[7,15,3,23,19,11,14,18],[23,15,7,11,3,19,18],[11,15,23,3,7,19,14,18],[23,3,19,7,15,10,14,18],[15,3,11,7,23,19,14,18],[19,7,23,3,15,11,18],[3,23,19,7,15,11,18],[15,3,7,11,19,23,14,18],[23,19,11,7,14,15,3,18],[3,11,23,7,15,19,14,18],[7,19,15,3,23,11,14,18],[7,15,3,19,11,23,18],[19,23,15,3,7,11,14,18],[15,23,3,19,7,11,14,18],[19,23,3,15,11,7,18],[19,11,15,23,7,3,14,18],[15,23,7,19,3,11,18],[11,7,15,3,23,19,14,18],[23,7,11,15,19,3,18],[7,3,23,11,19,15,18],[19,3,11,23,7,15,18],[3,15,7,11,19,23,18],[15,3,7,23,11,19,18],[7,23,19,11,15,3,18],[19,7,15,3,11,23,14,18],[23,15,3,7,19,11,14,18],[11,7,23,3,19,15,14,18],[19,15,7,11,3,23,18],[11,15,7,23,19,3,14,18],[7,23,3,15,11,19,18],[19,23,7,15,11,3,18],[11,3,19,23,7,15,14,18],[23,7,15,11,3,19,18],[15,3,11,23,7,19,14,18],[7,15,23,3,19,11,14,18],[19,7,15,23,3,11,13,18],[11,23,3,7,15,19,18],[3,7,19,23,15,11,14,18],[19,7,15,23,11,3,14,18],[15,7,11,3,19,23,18],[19,15,23,3,7,11,14,18],[11,15,23,19,7,3,14,18],[23,7,19,3,11,15,18],[7,23,19,11,15,3,18],[11,7,23,3,15,19,18],[23,7,11,3,15,19,18],[7,11,15,19,22,23,3,14,18],[11,19,3,15,7,23,18],[23,19,3,15,7,11,18],[11,23,7,3,15,19,14,18],[3,11,19,7,23,15,18],[7,15,19,23,11,3,18],[23,11,19,7,15,3,14,18],[23,7,15,19,11,3,18],[7,23,19,11,15,3,18],[15,7,19,23,3,11,14,18],[15,23,7,11,3,19,18],[3,15,19,11,7,23,18],[7,15,11,23,3,19,18],[15,23,11,7,19,3,18],[3,19,23,7,15,11,14,18],[11,7,19,3,23,15,14,18],[23,15,19,3,7,11,18],[23,3,15,11,19,7,18],[15,19,11,23,7,3,18],[7,3,23,15,11,19,14,18],[7,19,23,11,3,15,18],[11,3,7,19,23,15,14,18],[23,7,11,19,15,3,14,18],[7,11,19,23,15,3,14,18],[11,23,3,19,15,7,18],[23,3,7,15,19,11,14,18],[19,15,11,23,7,3,14,18],[3,23,15,19,11,7,18],[7,3,23,19,15,11,18],[7,11,15,19,23,3,14,18],[19,23,11,3,15,7,14,18],[15,7,23,19,3,11,18],[3,23,7,15,19,11,14,18],[11,7,19,15,23,3,18],[7,3,11,19,23,15,14,18],[7,23,3,11,19,15,14,18],[23,19,11,15,7,3,14,18],[11,3,23,7,15,19,14,18],[7,3,15,19,11,23,18],[23,3,11,15,7,19,18],[23,15,7,19,3,11,14,18],[3,11,19,15,7,23,18],[15,23,7,11,3,19,14,18],[23,7,15,3,11,19,14,18],[7,15,3,23,19,11,14,18],[19,15,3,11,7,23,18],[19,7,11,15,3,23,18],[15,11,19,7,23,3,18],[3,7,11,23,15,19,18],[15,23,19,7,11,3,18],[19,23,15,11,3,7,18],[23,11,15,19,7,3,18],[23,7,15,19,3,11,18],[3,15,11,7,23,19,18],[19,15,7,11,3,23,18],[15,3,7,11,23,19,18],[19,7,23,11,15,3,18],[15,3,11,23,19,7,14,18],[15,7,23,11,3,19,14,18],[19,15,3,11,7,23,14,18],[3,7,15,23,11,19,18],[3,23,19,7,11,15,14,18],[7,3,19,23,15,11,18],[7,23,3,15,19,11,18],[3,11,15,19,23,7,14,18],[19,11,3,15,7,23,14,18],[11,7,3,23,15,19,18],[3,7,15,19,23,11,14,18],[3,23,7,19,11,15,14,20,10,22],[11,7,19,23,3,15,14,18],[23,3,7,15,11,19,14,18],[3,11,7,19,15,23,14,18],[3,11,23,19,15,7,18],[23,7,3,15,19,11,14,17,10,22],[7,15,11,23,19,3,18],[3,15,7,11,19,23,18],[7,15,11,19,3,23,18],[15,11,3,23,7,19,18],[3,7,23,11,15,19,14,18],[19,11,15,23,7,3,14,18],[23,7,3,15,19,11,18],[15,3,11,19,7,23,18],[7,19,23,3,11,15,18],[15,19,11,23,3,7,18],[3,11,23,15,19,7,14,18],[11,7,23,19,15,3,14,18],[3,15,19,7,23,11,14,18],[19,3,7,23,15,11,18],[19,11,7,15,3,23,18],[15,19,23,7,3,11,14,18],[19,15,23,3,11,7,14,18],[3,23,19,15,7,11,14,18],[11,3,23,19,7,15,18],[23,19,7,3,11,15,14,18],[7,19,23,11,3,15,14,18],[3,11,15,19,23,7,18],[19,23,15,11,7,3,14,18],[11,19,15,23,3,7,14,18],[7,11,15,23,19,3,18],[19,23,7,15,11,3,14,18],[11,3,19,23,7,15,14,18],[3,15,19,7,11,23,14,18],[23,11,3,7,15,19,18],[11,7,15,23,3,19,14,18],[7,3,15,23,19,11,14,18],[11,23,19,15,7,3,18],[15,19,7,11,3,23,18],[3,7,11,15,19,23,18],[7,23,19,11,15,3,14,18],[11,15,23,3,19,7,14,18],[19,7,15,3,11,23,14,18],[19,15,7,23,11,3,14,18],[23,7,3,19,11,15,14,18],[15,19,3,23,11,7,18],[15,19,11,3,7,23,18],[7,23,19,3,11,15,18],[11,3,23,15,19,7,14,18],[15,7,3,23,19,11,14,18],[11,3,7,15,23,19,14,18],[23,19,11,3,7,15,18],[7,23,11,19,3,15,14,18],[3,23,19,15,11,7,18],[15,3,11,19,23,7,18],[15,11,3,23,19,7,18],[11,3,23,19,7,15,18],[19,15,23,7,11,3,18],[15,11,7,23,19,3,14,18],[19,3,7,23,11,15,14,18],[15,11,3,19,23,7,14,18],[3,23,7,19,11,15,14,18],[3,11,15,19,7,23,14,18],[3,19,7,11,23,15,14,18],[23,11,3,19,7,15,14,18],[7,15,23,3,19,11,14,18],[15,23,19,3,11,7,14,18],[15,11,19,3,7,23,14,18],[15,3,19,11,7,23,18],[3,15,23,7,19,11,14,18],[7,3,19,11,15,23,14,18],[19,7,11,15,3,23,14,18],[3,15,23,11,7,19,18],[15,19,7,11,3,23,14,18],[3,15,23,7,11,19,14,18],[7,19,11,15,3,23,14,18],[3,11,7,15,23,19,14,18],[23,19,15,11,3,7,14,18],[11,19,3,15,23,7,14,18],[23,11,7,15,3,19,18],[3,7,19,11,23,15,14,18],[3,19,7,15,23,11,14,18],[11,19,23,3,15,7,14,18],[23,3,7,19,11,15,18],[23,19,3,11,15,7,14,18],[7,3,15,11,19,23,14,18],[19,15,23,11,3,7,14,18],[23,19,7,11,15,3,18],[11,15,23,3,19,7,18],[19,15,7,3,23,11,14,18],[15,11,23,19,7,3,14,18],[15,19,11,7,3,23,18],[7,19,15,11,3,23,14,18],[3,23,15,7,19,11,18],[3,23,7,19,15,11,18],[3,23,7,11,15,19,18],[7,23,11,15,19,3,18],[3,11,7,23,15,19,14,18],[23,11,3,19,15,7,14,18],[19,11,23,7,15,3,14,18],[7,3,23,15,11,19,18],[23,19,7,15,11,3,18],[7,15,3,19,11,23,18],[23,15,11,3,19,7,18],[11,19,3,23,15,7,14,18],[23,19,15,3,7,11,18],[11,23,3,19,15,7,14,18],[19,15,11,7,3,23,18],[15,7,11,3,19,23,14,18],[3,19,7,23,15,11,14,18],[3,23,7,15,11,19,18],[11,15,19,23,7,3,14,18],[23,15,7,3,11,19,18],[11,15,7,19,3,23,14,18],[11,3,15,23,7,19,18],[23,7,19,3,11,15,14,18],[7,19,15,3,23,11,18],[19,11,23,15,7,3,14,18],[11,15,23,3,7,19,14,18],[23,19,15,11,7,3,18],[3,11,7,23,15,19,14,18],[23,19,7,15,11,3,14,18],[7,11,23,15,19,3,18],[19,11,7,23,3,15,18],[15,11,23,19,7,3,18],[11,7,3,23,19,15,18],[3,11,23,7,19,15,18],[3,23,7,15,11,19,18],[7,23,18,11,15,19],[19,23,7,15,11,3,18],[23,3,11,19,15,7,18],[15,7,11,19,3,23,18],[15,19,3,23,7,11,18],[11,15,7,23,3,19,18],[19,7,11,23,15,3,14,18],[11,23,19,15,3,7,14,18],[7,23,15,11,3,19,14,18],[15,19,11,23,7,3,14,18],[23,15,7,3,11,19,18],[15,23,11,3,19,7,14,18],[3,7,23,11,19,15,14,18],[11,23,7,3,19,15,18],[15,3,19,11,7,23,14,20,10,21,22],[3,11,23,19,15,7,14,18],[7,3,15,11,23,19,18],[15,3,11,23,7,19,18],[11,3,19,7,15,23,18],[23,7,11,19,15,3,14,18],[3,11,15,23,7,19,14,18],[7,23,11,3,19,15,14,18],[7,23,3,19,11,15,18],[3,23,11,7,15,19,14,18],[11,7,23,3,19,15,18],[11,3,7,19,15,23,14,18],[11,23,7,15,19,3,18],[7,3,15,19,11,23,14,18],[11,19,15,7,3,23,14,18],[15,19,7,3,11,23,18],[7,11,15,23,19,3,18],[15,23,3,19,11,7,14,18],[15,11,7,3,23,19,14,18],[23,7,19,15,11,3,14,18],[23,15,3,19,11,7,14,18],[23,7,3,15,11,19,14,18],[19,11,15,3,23,7,18],[3,7,23,19,11,15,18],[11,23,7,15,19,3,18],[3,15,11,7,23,19,18],[15,19,23,7,11,3,18],[3,11,19,7,15,23,14,18],[11,15,3,7,19,23,14,18],[23,3,11,19,15,7,14,18],[23,7,11,3,19,15,14,18],[3,23,7,19,15,11,18],[11,19,15,23,3,7,14,18],[11,15,3,19,23,7,14,18],[3,15,11,19,7,23,18],[19,3,7,15,23,11,14,18],[23,3,11,19,7,15,14,18],[23,7,15,19,3,11,18],[11,3,7,15,23,19,18],[11,3,23,7,15,19,18],[3,15,19,23,7,11,14,18],[15,3,19,11,23,7,18],[3,19,7,11,15,23,18],[19,3,15,7,11,23,18],[11,3,19,15,7,23,18],[11,7,15,19,23,3,18],[19,23,15,7,3,11,14,18],[7,3,15,19,23,11,14,18],[23,15,19,11,3,7,18],[23,7,3,19,11,15,18],[15,7,19,11,3,23,18],[3,19,23,15,7,11,18],[23,19,15,7,3,11,14,18],[19,23,15,11,7,3,14,18],[3,23,19,15,7,11,14,18],[7,23,11,19,3,15,14,18],[23,19,7,15,11,3,14,18],[19,3,11,23,7,15,18],[7,19,3,15,23,11,14,18],[19,11,3,15,23,7,18],[19,11,3,23,15,7,18],[7,15,3,19,23,11,14,18],[19,3,23,7,11,15,18],[3,23,11,19,7,15,18],[11,7,3,15,23,19,14,18],[23,19,15,6,11,3,14,18],[19,23,7,11,15,3,14,17,10,22],[7,11,3,23,15,19,14,18],[7,23,3,19,11,15,18],[23,11,19,15,7,3,14,18],[11,3,23,7,15,19,14,18],[11,15,23,7,3,19,14,18],[3,11,7,23,19,15,14,18],[11,15,7,3,19,23,18],[11,3,7,23,15,19,14,18],[23,3,19,15,11,7,18],[23,7,19,3,15,11,18],[11,15,23,7,19,3,14,18],[3,7,23,11,19,15,20,10,24,16,14,2,18],[7,15,19,23,11,3,18],[7,11,3,19,23,15,18],[15,7,23,19,3,11,18],[23,15,3,11,7,19,14,18],[23,3,11,15,7,19,18],[11,3,15,7,23,19,14,18],[7,19,11,15,23,3,18],[19,7,11,15,23,3,18],[19,7,3,11,15,23,18],[7,19,11,15,23,3,18],[15,19,3,7,11,23,18],[7,19,15,11,3,23,18],[19,23,3,15,11,7,18],[11,15,7,19,23,3,18],[19,15,23,3,11,7,18],[15,23,3,19,7,11,18],[23,15,11,3,7,19,14,18],[19,11,23,3,7,15,18],[11,3,15,7,19,23,18],[19,11,23,3,15,7,18],[3,19,11,15,23,7,14,18],[3,23,11,19,7,15,14,18],[3,15,19,11,23,7,18],[15,7,11,19,23,3,14,18],[15,23,3,19,11,7,18],[7,23,19,11,3,15,14,18],[15,3,7,11,23,19,18],[7,11,23,15,3,19,18],[15,19,11,3,7,23,18],[19,3,7,23,15,11,18],[3,7,11,19,15,23,18],[19,11,7,3,15,23,18],[19,11,7,23,15,3,18],[23,3,19,7,15,11,14,18],[7,3,11,15,23,19,14,18],[15,23,19,7,3,11,18],[11,3,23,15,7,19,14,18],[7,23,15,11,3,19,14,20,10,22],[3,15,19,7,11,23,18],[15,7,19,3,11,23,14,18],[19,23,7,11,3,15,14,18],[11,23,7,15,3,19,14,18],[11,15,19,3,7,23,18],[11,19,23,7,15,3,18],[11,23,15,7,19,3,14,18],[11,19,7,3,15,23,14,18],[3,11,19,23,7,15,18],[19,7,23,3,15,11,14,18],[15,23,11,7,19,3,18],[11,15,23,19,7,3,18],[23,3,7,11,15,19,18],[11,19,3,15,7,23,18],[11,3,19,23,15,7,18],[19,3,11,23,7,15,14,18],[23,11,15,19,3,6,18],[15,3,11,19,23,7,14,18],[19,11,7,3,23,15,18],[3,11,23,7,19,15,18],[23,15,11,3,19,7,18],[19,23,7,11,3,15,14,18],[7,15,23,11,3,19,14,18],[3,15,19,23,11,7,18],[3,19,11,23,7,15,14,18],[15,3,7,11,23,19,18],[3,11,19,15,7,23,18],[7,19,23,3,11,15,18],[7,19,23,11,15,3,17,14,10,22],[19,15,7,3,11,23,18],[15,3,11,19,6,23,14,18],[3,11,7,23,15,19,18],[15,11,23,7,19,3,14,18],[7,15,11,3,19,23,14,18],[11,3,15,23,7,19,14,18],[19,6,15,23,3,11,18],[3,19,15,7,11,23,14,18],[11,7,15,3,19,23,14,18],[15,19,3,11,23,7,14,18],[11,15,7,23,19,3,14,18],[15,19,11,3,23,7,14,18],[19,3,23,15,11,7,14,20,10,22],[11,7,3,19,15,23,18],[19,15,7,23,11,3,14,18],[11,7,15,23,19,3,18],[15,3,7,19,11,23,14,18],[11,15,19,7,23,3,18],[11,19,3,15,7,23,18],[23,19,15,7,3,11,18],[23,15,7,3,11,19,14,18],[7,19,15,3,23,11,14,18],[19,23,11,15,3,7,14,18],[19,11,15,23,7,3,18],[7,3,23,15,18,19],[7,11,3,15,19,23,18],[15,3,11,7,19,23,18],[3,19,15,7,23,11,18],[11,15,7,22,23,19,3,14,18],[23,15,7,3,11,19,14,18],[7,11,3,23,19,15,18],[7,3,23,11,19,15,17,10,14,22],[15,23,3,7,19,11,14,18],[3,23,19,11,7,15,18],[7,3,11,15,19,23,18],[3,11,15,7,23,19,18],[15,23,7,19,3,11,18],[19,7,11,15,23,3,18],[7,11,19,15,23,3,18],[23,3,11,19,15,7,18],[19,23,7,15,3,11,14,18],[23,11,19,7,3,15,18],[7,11,15,3,23,19,14,18],[19,3,7,11,15,23,14,18],[11,23,19,7,3,15,18],[3,19,23,15,7,11,18],[19,7,11,15,3,23,14,18],[11,7,15,23,19,3,14,18],[3,11,15,19,23,7,18],[19,15,23,7,11,3,18],[23,3,15,19,11,7,18],[23,3,7,19,11,15,14,18],[11,22,23,19,18],[15,23,19,11,7,3,14,18],[11,19,15,23,3,7,18],[23,15,19,7,11,3,18],[3,19,7,15,11,23,18],[15,23,11,19,3,7,14,18],[7,3,23,11,19,15,14,18],[23,11,19,7,3,15,18],[11,19,23,3,15,7,18],[19,11,23,15,3,7,18],[11,15,23,3,7,18,19],[15,3,23,19,11,7,14,18],[23,11,3,19,15,7,14,18],[11,19,15,3,23,7,18],[23,15,3,7,19,11,14,18],[7,19,23,3,15,11,14,18],[11,23,15,19,3,7,18],[15,7,23,11,3,19,18],[15,3,7,19,23,11,14,18],[23,19,15,3,11,7,14,18],[19,7,23,11,3,15,14,18],[15,19,23,3,11,7,14,18],[3,19,15,7,23,11,18],[19,3,15,11,23,7,14,18],[15,11,19,23,3,7,14,18],[15,7,19,3,11,23,14,18],[19,23,3,11,15,7,14,18],[3,19,15,11,7,23,18],[7,23,15,19,11,3,18],[3,23,19,11,15,7,14,18],[23,15,3,19,11,7,18],[15,7,19,3,11,23,14,18],[19,23,3,7,11,15,14,20,10,22],[19,7,15,11,23,3,18],[19,23,7,3,11,15,14,18],[15,7,23,19,3,11,14,18],[3,15,7,19,23,11,14,18],[11,19,23,7,3,15,14,18],[19,3,11,15,7,23,18],[3,23,19,7,15,11,18],[7,11,15,3,19,23,14,18],[23,11,3,7,19,15,18],[15,7,3,19,11,23,14,18],[11,23,7,19,15,3,18],[3,11,7,15,23,19,14,18],[15,7,11,19,3,23,14,18],[15,23,3,19,11,7,14,18],[15,19,7,3,11,23,18],[3,7,23,19,11,15,18],[11,15,19,3,7,23,18],[15,3,11,23,7,19,18],[7,15,23,19,11,3,14,18],[15,23,7,3,11,19,18],[3,23,7,19,15,11,18],[15,23,11,3,7,19,14,18],[11,15,23,7,3,19,14,18],[15,19,3,11,7,23,14,18],[3,11,15,7,23,19,18],[7,11,19,23,3,15,18],[7,23,15,11,19,3,14,18],[15,23,19,3,11,7,14,18],[23,15,19,3,11,7,14,18],[7,3,11,15,19,23,14,18],[3,15,7,11,19,23,14,18],[11,19,7,23,15,3,14,18],[19,11,23,3,7,15,14,18],[19,7,15,3,11,23,14,18],[19,3,11,15,23,7,14,18],[11,7,15,19,3,23,18],[3,15,23,10,19,7,14,18],[15,3,7,19,23,11,14,18],[19,23,11,15,3,7,14,18],[15,19,3,7,11,23,18],[7,23,3,19,15,11,18],[7,15,11,3,19,23,14,18],[11,23,3,7,19,15,14,18],[15,11,23,19,7,3,18],[11,3,19,23,7,15,18],[7,11,23,3,19,15,18],[3,15,11,19,23,7,18],[19,7,11,23,15,3,18],[7,11,23,19,15,3,18],[23,15,3,7,19,11,14,18],[15,23,7,19,3,11,14,18],[19,7,3,11,23,15,18],[19,3,23,15,11,7,18],[23,3,7,15,11,19,14,18],[23,11,19,7,15,3,14,18],[11,23,19,15,3,7,18],[3,23,15,19,7,11,18],[23,3,7,19,11,15,14,18],[7,11,3,19,23,15,14,18],[23,11,3,15,19,7,18],[19,15,23,7,11,3,14,18],[15,19,7,23,11,3,18],[7,3,23,19,15,11,14,18],[7,11,19,23,3,15,14,18],[3,19,11,7,15,23,14,18],[23,19,11,15,3,7,14,18],[23,15,2,3,11,7,19,14,18],[15,3,7,19,23,11,14,18],[23,7,19,11,3,15,14,18],[3,15,23,7,11,19,14,18],[7,23,11,3,19,15,18],[11,15,19,3,23,7,18],[23,19,11,7,15,3,14,18],[19,11,23,15,7,3,14,18],[23,19,11,15,7,3,18],[11,15,23,19,3,7,18],[7,3,23,19,11,15,14,18],[3,19,15,11,7,23,18],[19,23,15,11,7,3,14,18],[19,3,23,7,15,11,18],[23,19,11,15,3,7,14,18],[7,23,15,19,11,3,14,18],[11,3,23,19,7,15,18],[15,3,11,7,23,19,14,18],[11,23,3,15,7,19,18],[15,19,11,3,7,23,14,18],[7,3,19,15,11,23,18],[3,15,23,11,19,7,14,18],[7,23,3,15,11,19,14,18],[7,11,3,19,15,23,14,18],[15,11,3,7,23,19,14,18],[15,23,7,3,19,11,14,20,10,21,22,13,1,2,4,18],[7,15,3,23,19,11,14,18],[3,19,15,23,7,11,20,14,10,22],[3,19,7,11,15,23,14,18],[23,15,11,7,3,19,18],[23,3,11,15,7,19,18],[3,23,7,19,15,11,14,18],[11,3,23,7,15,19,18],[7,23,15,11,3,19,18],[15,23,19,7,11,3,14,18],[11,7,15,19,3,23,18],[23,7,11,19,15,3,14,18],[3,11,7,19,15,23,14,18],[11,15,23,19,7,3,18],[19,3,7,11,23,15,18],[11,15,19,23,7,3,14,18],[3,19,11,7,15,23,18],[11,23,15,7,19,3,18],[3,23,7,15,19,11,14,18],[15,23,7,11,3,19,18],[15,3,19,23,7,11,14,18],[23,19,3,15,7,11,18],[7,3,19,11,15,22,23,14,18],[19,7,11,3,15,23,14,18],[7,11,23,19,3,15,14,18],[23,19,3,15,11,7,18],[15,19,23,7,3,11,14,18],[11,7,19,15,23,3,14,18],[15,11,23,7,19,3,14,18],[19,3,15,7,23,11,18],[7,19,11,3,23,15,14,18],[7,23,19,11,15,3,14,18],[7,3,15,23,11,19,18],[19,3,15,23,7,11,14,18],[23,11,3,19,7,15,14,18],[7,3,19,11,23,15,14,18],[23,19,7,11,15,3,14,18],[11,19,7,23,3,15,18],[11,7,3,23,15,19,18],[15,19,23,7,11,3,14,18],[23,7,15,3,11,19,18],[11,23,3,19,7,15,14,18],[3,7,15,11,19,23,14,18],[7,23,11,3,19,15,18],[19,23,11,3,7,15,18],[3,11,7,15,19,23,14,18],[11,7,15,19,23,3,18],[15,19,23,3,7,11,18],[19,23,11,15,3,7,18],[7,3,19,11,15,23,18],[3,7,23,11,19,15,14,18],[15,7,3,19,23,11,18],[23,15,11,7,19,3,18],[11,3,23,19,7,15,18],[19,3,15,11,7,23,14,18],[23,3,11,19,7,15,14,20,10,22],[15,19,11,7,3,23,14,18],[15,19,7,3,23,11,18],[19,15,7,23,3,11,14,18],[15,23,7,3,19,11,14,18],[23,3,19,15,11,7,14,18],[19,11,3,7,15,23,14,18],[19,11,3,7,23,15,14,18],[15,19,23,11,3,7,14,18],[3,22,11,23,19,18],[11,3,19,15,23,7,18],[3,11,23,19,15,7,18],[19,3,11,7,23,15,14,18],[7,23,3,15,19,11,14,18],[23,11,7,19,3,15,18],[23,11,7,19,15,3,14,18],[7,23,15,3,19,11,14,18],[19,7,23,3,11,15,14,18],[23,11,3,19,15,7,18],[15,23,11,3,19,7,14,18],[15,11,7,3,23,19,18],[3,7,15,11,19,23,18],[23,7,15,19,11,3,18],[3,23,19,11,15,7,14,18],[19,11,15,23,3,7,18],[15,19,3,11,7,23,18],[7,23,19,3,15,11,18],[23,19,7,11,15,3,18],[3,15,11,19,23,7,18],[15,23,11,7,3,19,18],[15,3,23,11,19,7,14,18],[3,7,15,19,23,11,14,18],[23,3,15,7,11,19,18],[15,11,19,3,7,23,14,20,10,22],[19,15,3,11,7,23,18],[11,7,15,3,23,19,18],[3,15,11,23,7,19,14,18],[23,15,3,11,7,19,14,18],[3,19,7,15,11,23,14,18],[23,3,11,19,7,15,14,18],[7,15,23,19,11,3,18],[7,3,23,11,15,19,14,18],[15,11,7,23,3,19,14,18],[15,7,23,19,3,11,18],[15,7,23,11,3,19,14,18],[11,3,15,7,19,23,18],[19,23,3,7,15,11,18],[11,23,15,7,3,19,14,18],[11,3,7,19,15,23,14,18],[15,3,23,19,11,7,14,18],[7,3,15,19,11,23,18],[3,11,19,7,15,23,14,18],[11,23,3,7,15,19,14,18],[3,23,11,15,19,7,18],[15,7,11,23,3,19,18],[3,19,23,15,11,7,18],[15,19,11,23,7,3,14,18],[7,15,3,11,19,23,18],[11,3,15,7,23,19,18],[19,3,23,7,15,11,18],[15,19,11,3,7,23,14,18],[11,7,23,19,15,3,14,18],[7,19,23,3,15,11,14,18],[19,2,3,15,11,7,23,18],[3,11,19,7,23,15,18],[7,11,15,19,23,3,18],[11,3,19,7,23,15,18],[11,7,23,15,19,3,18],[3,7,19,15,23,11,14,18],[23,19,3,11,15,7,18],[11,7,3,15,19,23,14,18],[7,15,19,11,23,3,14,18],[15,23,3,19,7,11,18],[3,10,23,7,15,19,14,18],[23,11,15,7,3,19,14,18],[3,7,15,19,23,11,14,18],[23,19,11,3,15,7,18],[23,11,7,15,19,3,18],[3,11,23,7,19,15,14,18],[15,3,11,7,19,23,14,18],[11,15,7,19,3,23,18],[19,23,7,3,15,11,18],[7,3,11,19,23,15,14,18],[7,15,19,11,23,3,14,18],[15,3,7,11,19,23,18],[11,23,15,3,7,19,14,18],[7,11,19,15,3,23,14,18],[23,11,3,7,15,19,14,18],[11,7,15,23,19,3,14,18],[15,23,19,3,11,7,18],[23,15,3,19,11,7,18],[19,23,3,11,7,15,18],[11,15,3,7,19,23,14,18],[7,3,15,11,23,19,18],[11,15,23,3,7,19,14,18],[23,19,7,15,11,3,18],[3,15,11,7,23,19,14,18],[19,7,3,11,23,15,14,18],[11,23,7,19,15,3,18],[19,23,15,3,7,11,14,18],[3,11,15,7,23,19,14,18],[19,3,15,7,23,11,14,18],[7,3,15,11,19,23,18],[23,11,7,15,19,3,18],[19,3,11,23,14,15,7,18],[19,7,23,3,15,11,14,18],[23,11,3,7,19,15,14,18],[7,15,19,11,3,23,18],[3,7,11,19,15,23,14,18],[11,19,7,23,15,3,14,18],[19,15,7,23,3,11,14,18],[11,7,3,15,23,19,14,18],[7,19,11,23,15,3,14,18],[11,19,23,3,15,7,18],[15,7,23,19,3,11,14,18],[15,19,7,23,3,11,18],[23,19,15,11,3,7,14,18],[19,15,23,7,3,11,14,18],[7,15,19,23,11,3,14,18],[19,11,3,23,7,15,18],[11,19,3,7,15,23,14,18],[11,7,23,3,15,19,14,18],[3,11,19,23,15,7,14,18],[23,3,19,7,11,15,14,18],[3,19,7,23,15,11,18],[3,11,19,23,7,15,18],[7,11,19,3,15,23,18],[23,7,3,19,11,15,14,18],[19,3,15,11,7,23,14,18],[3,19,11,23,15,7,18],[19,23,11,7,15,3,18],[7,19,23,3,11,15,14,18],[11,23,19,15,7,3,18],[7,11,15,3,19,23,14,18],[3,11,7,23,15,19,14,18],[7,15,19,23,11,3,14,18],[23,11,15,3,19,7,18],[11,3,15,19,23,7,14,18],[19,15,23,3,7,11,14,18],[23,7,15,19,11,3,18],[3,23,11,19,7,15,14,18],[19,23,11,7,3,15,18],[7,23,15,3,11,19,14,18],[11,15,3,7,19,23,18],[11,19,7,23,15,3,18],[11,19,3,7,23,15,14,18],[23,11,7,15,19,3,18],[15,3,7,23,19,11,14,18],[23,19,3,7,15,11,18],[15,3,19,11,23,7,14,18],[7,15,11,19,3,23,14,18],[11,15,7,23,3,19,18],[15,19,11,3,23,7,14,18],[19,23,7,11,15,3,18],[7,23,11,15,19,3,14,18],[23,15,7,3,11,19,18],[23,15,11,7,19,3,14,18],[11,15,7,3,19,23,18],[19,15,23,3,11,7,14,18],[23,7,3,15,19,11,18],[19,3,15,7,11,23,18],[7,3,15,19,23,11,14,18],[19,7,15,3,23,10,14,18],[23,19,3,7,11,15,18],[11,3,23,7,19,15,14,18],[3,23,19,11,7,15,14,18],[7,15,11,23,19,3,14,18],[15,7,11,23,19,3,18],[15,23,11,7,3,19,18],[7,19,15,23,3,11,14,18],[7,19,3,15,11,23,14,18],[23,19,11,15,7,3,14,18],[3,23,11,19,7,15,18],[19,11,3,7,15,23,14,18],[11,7,15,19,3,23,18],[19,3,15,7,23,11,14,18],[19,11,3,7,15,23,14,18],[7,11,3,15,23,19,18],[11,15,19,23,3,7,18],[15,19,7,3,11,23,14,18],[3,7,19,10,23,15,18],[19,11,3,15,7,23,14,18],[19,7,3,15,11,23,18],[15,3,19,11,7,23,14,18],[23,19,7,11,3,15,18],[19,23,15,11,3,7,18],[11,3,23,7,19,15,14,18],[3,23,19,7,15,11,18],[15,3,7,11,19,23,18],[3,15,7,19,23,11,18],[19,15,7,23,3,11,18],[19,3,23,7,11,15,14,18],[3,19,23,11,15,7,14,18],[15,7,3,23,11,19,18],[23,11,3,15,7,19,18],[15,3,23,11,7,19,14,18],[3,15,19,23,11,7,18],[3,23,19,7,11,15,18],[15,23,7,11,3,19,14,20,10,22],[11,23,19,3,7,15,18],[7,15,19,3,23,11,14,18],[3,15,19,7,11,23,14,18],[19,3,15,11,7,23,14,18]],"n_human":11}