{"problem_id":"E0iow03ugardVta","sigma":150,"alpha":3.162,"cost":2,"probabilities":"[0.3, 0.21, 0.21, 0.28]","payoff_matrix":"[[-101, -164, -156, 26, 59, -104], [-43, -233, -185, -61, -97, -286], [-35, -63, 31, 12, 23, 113], [17, 164, 241, -3, 4, -109]]","uncovered":[[1,17,5,21,9,13,20,16,18,14,4,24,15,19,12,11],[1,21,5,17,13,9,16,20,19,15,14,4,24],[21,5,9,1,13,17,16,20,14,19,4,24],[21,17,9,5,1,13,20,16,15,19,14,4,24],[5,13,17,9,1,21,16,20,18,15,4,24,19,14,12,11],[1,9,13,5,17,21,16,20,18,14,4,24,19,15,12,10],[17,1,9,21,13,5,16,20,15,18,4,24,19,14,12,11],[5,13,21,17,1,9,16,20,19,15,14,4,24],[21,9,17,1,5,13,20,16,15,18,4,24,19,14,12,11],[13,5,17,1,9,21,16,20,14,18,4,24,19,15,12,11],[17,13,5,1,21,9,20,16,15,18,4,24,14,19,12,11],[21,17,5,1,13,9,20,16,19,14,4,24],[13,17,9,1,5,21,16,20,15,19,14,4,24],[9,1,21,5,13,17,20,16,18,14,4,24,15,19,12,11],[5,17,9,13,21,1,20,16,14,19,4,24],[13,9,21,17,1,5,16,20,19,14,4,24],[5,21,13,1,17,9,20,16,19,15,14,4,24],[5,1,17,9,13,21,16,20,19,14,4,24],[17,9,1,13,5,21,20,16,14,19,4,24],[17,5,1,21,13,9,20,16,15,19,14,4,24],[9,5,13,17,21,1,16,20,18,15,4,24,14,19,12,10],[1,21,9,5,17,13,20,16,18,15,4,24,14,19,12,10],[13,5,21,17,9,1,20,16,18,14,4,24,15,19,12,11],[13,5,21,17,9,1,20,16,15,18,4,24,14,19,12,10],[1,17,21,5,9,13,20,16,15,18,4,24,14,19,12,11],[9,21,17,13,5,1,16,20,18,14,4,24,19,15,12,10],[17,5,1,21,13,9,20,16,14,19,4,24],[9,1,5,13,17,21,20,16,14,18,4,24,15,19,12,11],[17,21,5,13,1,9,16,20,15,18,4,24,14,19,12,11],[13,1,21,5,9,17,16,20,19,14,4,24],[1,17,21,13,9,5,16,20,14,18,4,24,19,15,12,10],[17,21,9,1,5,13,20,16,15,19,14,4,24],[21,17,5,9,13,1,16,20,18,14,4,24,19,15,12,11],[1,13,21,5,17,9,20,16,18,14,4,24,19,15,12,11],[1,21,5,13,9,17,20,16,19,15,14,4,24],[17,9,13,5,1,21,16,20,18,14,4,24,19,15,12,10],[13,21,9,1,5,17,16,20,14,18,4,24,15,19,12,11],[9,17,13,1,5,21,20,16,15,18,4,24,14,19,12,11],[21,9,1,17,5,13,16,20,19,14,4,24],[13,21,1,9,17,5,20,16,15,18,4,24,14,19,12,11],[5,9,21,1,13,17,16,20,19,14,4,24],[9,21,17,1,5,16,13,20,15,19,14,4,24],[5,17,21,9,1,13,16,20,15,18,4,24,14,19,12,10],[13,21,5,1,17,9,16,20,15,18,4,24,14,19,12,10],[17,5,21,13,1,9,20,16,14,18,4,24,19,15,12,11],[13,17,9,21,1,5,20,16,19,15,18,14,4,24,12,11],[13,9,17,1,5,21,20,16,14,19,4,24],[9,21,1,5,13,17,16,20,15,18,4,24,14,19,12,10],[9,17,13,1,21,5,20,16,18,15,4,24,19,14,12,10],[1,5,21,13,9,17,20,16,19,15,14,4,24],[5,21,9,13,1,17,20,16,14,18,4,24,15,19,12,10],[13,17,9,21,5,1,20,16,18,14,4,24,15,19,12,10],[5,1,13,9,17,21,16,20,15,18,4,24,14,19,12,11],[13,17,1,21,5,9,16,20,19,14,4,24],[21,13,5,17,9,1,20,16,18,15,4,24,14,19,12,10],[1,17,9,5,13,21,20,16,14,18,4,24,19,15,12,11],[9,21,5,1,17,13,16,20,18,15,4,24,19,14,12,11],[17,1,21,13,9,5,20,16,15,18,4,24,19,14,12,11],[17,21,1,5,13,9,20,16,14,19,4,24],[13,21,5,9,17,1,16,20,18,15,4,24,19,14,12,10],[21,17,5,13,9,1,16,20,14,19,4,24],[9,17,1,5,13,24,16,20,15,18,21,4,14,19,12,10],[9,13,21,1,17,5,20,16,14,18,4,24,19,15,12,11],[5,17,13,9,1,21,16,20,14,18,4,24,15,19,12,11],[9,1,13,21,5,17,20,16,19,14,4,24],[5,1,21,17,9,13,16,20,15,18,4,24,19,14,12,11],[13,1,17,9,21,5,20,16,18,14,4,24,19,15,12,11],[1,21,9,13,17,5,20,16,19,14,4,24],[17,5,21,13,1,9,20,16,18,15,4,24,14,19,12,10],[9,21,1,13,17,5,16,20,18,14,4,24,19,15,12,10],[13,1,21,17,9,5,16,20,15,18,4,24,14,19,2],[13,17,9,1,5,21,16,20,19,15,14,4,24],[9,1,13,5,17,21,16,20,15,19,14,4,24],[1,5,17,13,21,9,16,20,15,19,18,14,4,24,12,11],[9,1,21,13,5,17,20,16,19,14,4,24],[13,21,5,1,17,9,20,16,19,15,18,14,4,24,12,10],[17,13,9,21,1,5,20,16,15,19,14,4,24],[21,13,9,17,5,1,16,20,15,18,4,24,14,19,12,10],[5,21,17,9,13,1,20,16,18,14,4,24,19,15,12,11],[17,21,13,1,5,9,20,16,18,14,4,24,15,19,12,11],[5,17,9,1,13,21,16,20,18,15,4,24,19,14,12,11],[1,17,21,5,9,13,16,20,18,15,4,24,19,14,12,10],[17,21,9,13,1,5,16,20,18,15,4,24,19,14,12,11],[13,5,17,1,9,21,20,16,15,19,18,14,4,24,12,11],[13,21,1,17,5,9,20,16,18,14,4,24,15,19,12,11],[17,13,5,9,1,24,16,20,15,18,21,4,14,19,12,11],[5,21,1,9,13,17,20,16,14,19,4,24],[17,5,21,1,13,9,16,20,18,15,4,24,14,19,12,11],[17,9,1,5,21,13,16,20,19,15,14,4,24],[21,1,13,5,17,9,20,16,19,15,18,14,4,24,12,11],[21,1,13,9,17,5,16,20,15,19,14,4,24],[17,21,13,9,1,5,20,16,15,19,18,14,4,24,12,10],[1,13,17,5,9,21,16,20,19,15,14,4,24],[21,9,5,17,1,13,16,20,18,15,4,24,14,19,12,11],[21,9,5,1,17,13,16,20,15,18,4,24,14,19,12,10],[5,13,17,21,1,9,20,16,19,15,14,4,24],[9,21,13,17,1,5,20,16,18,15,4,24,19,14,12,11],[13,9,1,5,21,17,20,16,14,18,4,24,19,15,12,11],[17,5,21,13,9,1,16,20,19,15,14,4,24],[9,13,1,21,5,17,20,16,19,14,4,24],[17,5,13,9,1,21,16,20,18,15,4,24,14,19,12,10],[9,13,5,1,17,21,20,16,18,15,4,24,19,14,12,10],[5,17,21,1,9,13,16,20,18,15,4,24,14,19,12,11],[17,9,24,13,5,1,20,16,18,15,21,4,14,19,12,11],[17,5,13,21,1,9,16,20,15,18,4,24,19,14,12,11],[9,13,5,21,17,1,16,20,14,18,4,24,15,19,12,11],[9,13,21,5,1,17,16,20,15,19,14,4,24],[5,21,1,9,17,13,20,16,14,19,4,24],[21,17,1,9,13,5,16,20,15,19,18,14,4,24,12,11],[17,1,21,13,9,5,16,20,19,15,18,14,4,24,12,10],[17,9,13,1,21,5,16,20,19,15,14,4,24],[9,5,1,13,21,17,20,16,15,18,4,24,14,19,12,11],[17,1,13,9,5,21,16,20,19,15,14,4,24],[17,21,9,1,13,5,20,16,15,19,18,14,4,24,12,10],[5,1,9,13,21,17,20,16,14,18,4,24,19,15,12,11],[9,1,5,13,21,17,16,20,14,18,4,24,19,15,12,11],[17,5,21,1,13,9,16,20,18,15,4,24,19,14,12,10],[13,17,21,5,1,9,16,20,19,14,4,24],[1,9,17,5,13,21,20,16,14,19,4,24],[17,5,1,9,21,13,16,20,14,19,4,24],[13,21,9,5,17,1,20,16,19,15,18,14,4,24,12,11],[21,5,17,13,9,1,20,16,18,15,4,24,19,14,12,10],[9,13,5,21,17,1,16,20,14,18,4,24,19,15,12,10],[17,21,5,13,1,9,16,20,19,14,4,24],[9,21,1,5,17,13,16,20,19,14,4,24],[5,9,13,17,21,1,20,16,15,18,4,24,19,14,12,11],[5,1,17,9,13,21,20,16,14,18,4,24,19,15,12,10],[1,9,17,5,21,13,16,20,15,19,14,4,24],[5,1,9,21,13,17,16,20,19,14,4,24],[17,9,21,13,1,5,16,20,19,14,4,24],[9,21,17,13,1,5,20,16,15,19,14,4,24],[13,21,5,17,1,9,16,20,18,15,4,24,19,14,12,10],[5,13,21,1,9,17,16,20,14,19,4,24],[21,5,17,9,13,1,16,20,19,14,4,24],[9,5,1,17,21,13,20,16,14,19,4,24],[9,1,13,5,21,17,20,16,19,14,4,24],[1,5,21,13,17,9,20,16,15,18,4,24,19,14,12,11],[5,13,9,17,1,21,20,16,19,15,14,4,24],[13,9,8,1,17,5,21,20,16,14,6,18,4,24,19,15],[1,5,21,13,9,17,16,20,15,19,18,14,4,24,12,11],[5,13,17,9,21,1,16,20,15,18,4,24,19,14,12,11],[17,13,5,21,9,1,20,16,15,18,4,24,14,19,12,11],[5,21,1,9,17,13,20,16,14,18,4,24,19,15,12,10],[13,9,5,17,21,1,16,20,14,18,4,24,19,15,12,10],[13,5,1,9,21,17,20,16,19,14,4,24],[5,9,13,17,21,1,16,20,19,14,4,24],[13,9,5,1,17,21,16,20,19,14,4,24],[13,1,17,21,9,5,20,16,19,15,14,4,24],[1,9,21,16,5,17,13,20,15,18,4,24,19,14,12,10],[17,13,1,9,5,21,16,20,15,19,14,4,24],[21,9,17,13,1,5,20,16,14,19,4,22],[13,9,1,21,17,5,16,20,15,18,4,24,19,14,12,10],[17,9,13,5,21,1,16,20,18,15,4,24,19,14,12,10],[13,5,17,1,9,21,20,16,18,14,4,24,19,15,12,10],[21,13,17,1,9,5,16,20,14,19,4,24],[21,1,9,5,17,13,20,16,14,18,4,24,15,19,12,11],[1,21,17,9,13,5,20,16,18,15,4,24,19,14,12,11],[1,21,13,17,9,5,20,16,19,15,14,4,24],[13,17,5,21,1,9,16,20,19,14,4,24],[13,1,5,21,17,9,20,16,14,19,4,24],[9,5,17,21,1,13,20,16,18,14,4,24,15,19,12,10],[17,1,9,5,13,21,20,16,14,18,4,24,19,15,12,10],[1,17,13,9,5,21,20,16,15,18,4,24,19,14,12,11],[5,9,17,21,1,13,20,16,15,19,14,4,24],[5,1,13,21,9,17,16,20,14,19,4,24],[17,1,21,9,5,13,16,20,14,18,4,24,19,15,12,11],[9,17,1,13,21,5,20,16,18,15,4,24,19,14,12,10],[1,21,9,13,5,17,16,20,19,14,4,24],[21,1,13,5,9,17,16,20,15,18,4,24,14,19,12,11],[9,21,13,1,17,5,20,16,18,15,4,24,19,14,2],[5,21,9,1,17,13,16,20,18,14,4,24,19,15,12,10],[1,5,9,21,17,13,16,20,14,19,4,24],[21,1,5,9,13,17,16,20,18,15,4,24,19,14,12,11],[5,17,9,1,13,21,16,20,19,15,18,14,4,24,12,11],[9,17,1,5,13,21,16,20,14,19,4,24],[9,17,21,13,1,5,16,20,14,19,4,24],[1,9,5,21,17,13,16,20,14,18,4,24,15,19,12,11],[1,5,9,13,17,21,20,16,18,14,4,24,15,19,12,11],[17,5,1,13,9,21,20,16,19,14,4,24],[17,21,1,9,13,5,20,16,18,15,4,24,19,14,12,10],[21,5,1,9,13,17,20,16,19,14,4,24],[9,17,21,13,5,1,20,16,15,18,4,24,19,14,12,11],[13,17,5,21,9,1,16,20,15,19,18,14,4,24,12,11],[1,21,13,9,5,17,16,20,19,15,18,14,4,24,12,10],[13,5,17,1,9,21,16,20,14,19,4,24],[21,1,5,9,13,17,20,16,19,15,14,4,24],[13,5,21,1,9,17,20,16,14,18,4,24,15,19,12,10],[13,17,9,1,5,21,20,16,14,19,4,24],[21,13,1,17,9,5,20,16,18,15,4,24,19,14,12,11],[5,9,13,21,17,1,20,16,14,19,4,24],[13,1,5,9,21,17,20,16,19,15,18,14,4,24,12,11],[5,21,17,1,13,9,20,16,19,14,4,24],[21,13,17,1,5,9,16,20,14,18,4,24,19,15,12,11],[13,1,9,5,17,21,16,20,14,18,4,24,15,19,12,10],[5,21,13,17,9,1,16,20,19,15,18,14,4,24,12,11],[17,1,9,21,13,5,20,16,15,18,4,24,14,19,12,10],[13,5,9,17,1,21,20,16,19,14,4,24],[13,1,9,21,17,5,16,20,15,18,4,24,14,19,12,11],[21,13,17,9,5,1,20,16,14,19,4,24],[5,13,9,21,17,1,20,16,15,18,4,24,19,14,3],[21,1,13,17,9,5,20,16,18,14,4,24,15,19,12,11],[5,21,9,1,13,17,20,16,15,18,4,24,19,14,12,10],[5,13,9,1,21,17,16,20,15,19,14,4,24],[21,17,1,5,9,13,20,16,15,19,14,4,24],[17,13,9,1,5,21,16,20,15,19,14,4,24],[1,13,17,21,9,5,20,16,15,19,14,4,24],[5,17,1,21,9,13,16,20,18,15,4,24,14,19,12,11],[13,5,21,1,17,9,16,20,18,15,4,24,14,19,12,11],[13,21,17,1,5,9,16,20,18,14,4,24,19,15,12,11],[21,1,13,5,9,17,16,20,14,19,4,24],[21,1,5,13,9,17,20,16,14,18,4,24,15,19,12,11],[13,1,5,21,12,17,9,20,16,10,18,14,4,24,19,15],[5,9,21,17,1,13,16,20,14,18,4,24,15,19,12,11],[5,13,1,9,21,17,20,16,19,14,4,24],[17,9,5,1,13,21,20,16,15,19,18,14,4,24,12,10],[21,5,13,1,17,9,20,16,15,19,18,14,4,24,12,11],[9,1,17,21,13,5,20,16,14,18,4,24,15,19,12,10],[5,1,21,20,9,13,17,16,18,14,4,24,19,15,12,10],[13,21,1,9,17,5,16,20,15,19,14,4,24],[5,21,1,17,13,9,16,20,14,19,4,24],[1,13,9,17,21,5,20,16,14,18,4,24,15,19,12,11],[17,5,1,13,9,21,20,16,19,14,4,24],[1,9,5,17,13,21,20,16,15,19,14,4,24],[17,5,9,13,1,21,16,20,15,19,18,14,4,24,12,11],[21,9,13,17,5,1,16,20,14,19,4,24],[13,21,9,1,17,5,20,16,14,19,4,24],[21,9,17,1,13,5,20,16,14,18,4,24,19,15,12,10],[5,17,1,21,13,9,16,20,18,14,4,24,19,15,12,11],[21,13,17,1,12,9,20,5,16,19,10,15,14,4],[17,13,5,9,1,21,16,20,18,15,4,24,14,19,3],[21,1,13,17,9,5,20,16,15,18,4,24,14,19,12,11],[17,5,21,1,13,9,16,20,18,14,4,24,19,15,12,11],[21,13,1,9,17,5,16,20,15,19,14,4,24],[5,21,1,17,13,9,16,20,18,15,4,24,14,19,12,11],[9,1,13,5,21,17,16,20,19,14,4,24],[1,13,17,5,21,9,20,16,19,15,14,4,24],[1,9,17,21,5,13,20,16,15,19,18,14,4,24,12,10],[13,17,5,21,9,1,20,16,15,19,14,4,24],[9,21,17,13,1,5,16,20,18,15,4,24,14,19,12,10],[17,21,13,5,12,9,20,1,16,18,10,15,4,24,19,14],[1,5,21,13,17,9,20,16,18,14,4,24,15,19,12,11],[13,1,9,5,21,17,16,20,18,15,4,24,14,19,12,11],[21,13,1,17,5,9,20,16,14,19,4,24],[9,13,5,1,17,21,20,16,14,19,4,24],[9,1,21,5,17,13,16,20,14,19,4,24],[9,21,5,17,1,13,20,16,14,18,4,24,19,15,12,10],[21,1,17,5,9,13,20,16,18,15,4,24,19,14,2],[1,5,21,16,9,17,13,20,18,15,4,24,14,19,12,11],[9,5,13,1,17,21,16,20,18,14,4,24,15,19,12,11],[17,13,9,21,5,1,20,16,19,14,4,24],[21,5,1,13,9,17,20,16,19,15,18,14,4,24,12,10],[9,1,17,5,21,13,20,16,18,14,4,24,19,15,12,10],[9,17,1,21,5,13,20,16,15,18,4,24,14,19,12,11],[21,13,9,1,5,17,20,16,15,19,14,4,24],[5,21,9,17,1,13,20,16,18,14,4,24,15,19,12,11],[5,1,21,17,13,9,16,20,19,14,4,24],[9,17,1,5,21,13,20,16,18,14,4,24,15,19,12,11],[1,21,5,13,17,9,20,16,14,18,4,24,19,15,12,10],[13,9,17,5,21,1,16,20,14,19,4,24],[9,21,17,5,13,1,16,20,15,19,14,4,24],[13,17,21,9,1,5,16,20,19,15,18,14,4,24,12,10],[5,9,13,17,1,21,20,16,19,15,18,14,4,24,12,11],[9,5,13,17,1,21,20,16,15,18,4,24,19,14,12,11],[21,5,1,13,17,9,16,20,15,19,18,14,4,24,12,10],[21,13,17,1,9,5,20,16,19,14,4,24],[9,13,1,21,17,5,20,16,15,19,18,14,4,24,12,10],[21,9,17,5,13,1,20,16,14,18,4,24,15,19,12,11],[13,17,5,9,1,21,20,16,15,18,4,24,19,14,12,10],[17,5,1,21,13,9,16,20,14,19,4,24],[5,9,13,21,1,17,20,16,19,14,4,24],[17,13,1,9,5,21,20,16,15,19,18,14,4,24,12,10],[1,17,13,9,5,21,20,16,19,15,18,14,4,24,12,11],[5,9,13,17,21,1,20,16,19,14,4,24],[17,13,21,1,9,5,16,20,19,14,4,24],[21,9,1,5,13,17,16,20,15,18,4,24,14,19,12,11],[9,13,1,5,17,21,20,16,14,18,4,24,15,19,12,11],[9,21,1,17,13,5,20,16,18,15,4,24,14,19,12,11],[9,13,1,21,17,5,20,16,19,15,14,4,24],[5,9,21,17,13,1,16,20,19,15,18,14,4,24,12,10],[1,13,17,21,5,9,16,20,19,15,14,4,24],[13,21,9,1,5,17,16,20,19,14,4,24],[17,13,5,9,1,21,16,20,14,18,4,24,19,15,12,10],[13,21,5,9,1,17,20,16,15,18,4,24,14,19,12,11],[17,5,13,9,1,21,20,16,19,14,4,24],[13,21,5,9,17,1,16,20,18,15,4,24,14,19,12,11],[9,21,17,1,5,13,16,20,14,18,4,24,15,19,12,11],[17,1,13,21,9,5,16,20,15,18,4,24,14,19,12,10],[1,17,5,21,9,13,16,20,15,18,4,24,19,14,12,10],[1,21,13,17,9,5,20,16,14,19,4,24],[13,1,9,17,5,21,20,16,18,15,4,24,19,14,12,11],[13,1,21,5,17,9,20,16,19,14,4,24],[21,9,13,17,5,1,20,16,19,15,18,14,4,24,12,11],[13,17,21,1,9,5,16,20,15,19,14,4,24],[21,5,9,13,1,17,20,16,15,19,18,14,4,24,12,10],[17,5,13,1,9,21,20,16,19,15,14,4,24],[17,13,9,21,1,5,20,16,19,15,18,14,4,24,12,10],[9,17,13,1,21,5,16,20,15,19,18,14,4,24,12,10],[9,1,13,21,5,17,16,20,18,14,4,24,19,15,12,10],[9,13,17,21,1,5,20,16,18,14,4,24,15,19,12,10],[17,1,9,21,13,5,20,16,18,14,4,24,19,15,12,11],[21,13,5,1,9,17,16,20,18,14,4,24,19,15,12,11],[5,1,9,13,21,17,16,20,19,14,4,24],[1,13,17,21,9,5,16,20,18,14,4,24,19,15,12,11],[5,17,9,1,13,21,20,16,15,18,4,24,19,14,12,11],[21,5,9,13,1,17,20,16,15,18,4,24,19,14,12,11],[1,5,21,9,13,17,20,16,19,14,4,24],[17,21,13,1,9,5,20,16,15,18,4,24,19,14,12,11],[5,9,21,1,17,13,20,16,18,15,4,24,19,14,12,11],[1,9,5,21,13,17,20,16,18,15,4,24,19,14,12,11],[21,9,13,5,17,1,20,16,14,19,4,24],[9,5,17,21,13,1,16,20,15,19,18,14,4,24,12,10],[1,17,13,9,5,21,16,20,18,14,4,24,19,15,12,10],[5,13,9,21,17,1,16,20,14,18,4,24,15,19,12,11],[9,17,21,13,1,5,16,20,19,14,4,24],[1,17,9,13,21,5,16,20,15,19,14,4,24],[21,1,13,17,9,5,16,20,19,14,4,24],[21,1,5,13,9,17,16,20,18,14,4,24,15,19,12,11],[13,5,17,1,21,9,20,16,18,14,4,24,19,15,12,11],[5,9,17,1,21,13,20,16,18,14,4,24,15,19,12,11],[21,13,9,17,5,1,20,16,15,19,18,14,4,24,12,11],[1,5,13,17,9,21,20,16,15,18,4,24,19,14,12,10],[1,13,21,17,5,9,20,16,18,14,4,24,15,19,12,11],[13,5,9,21,17,1,16,20,19,15,14,4,24],[5,9,13,17,21,1,20,16,15,19,14,4,24],[1,21,13,5,17,9,20,16,18,15,4,24,19,14,12,10],[21,17,9,1,5,13,20,16,19,14,4,24],[5,13,9,17,1,21,16,20,15,18,4,24,19,14,12,11],[5,1,9,17,21,13,20,16,18,14,4,24,15,19,12,11],[13,17,9,21,5,1,16,20,19,15,18,14,4,24,12,10],[21,9,17,8,5,1,13,16,20,15,19,7,14,4],[1,5,9,13,17,21,20,16,14,18,4,24,15,19,12,11],[13,9,17,5,1,21,20,16,19,14,4,24],[17,5,1,21,9,13,20,16,14,18,4,24,15,19,12,10],[17,1,21,5,13,9,16,20,19,14,4,24],[17,13,1,21,9,5,16,20,19,15,14,4,24],[21,9,1,17,13,5,20,16,15,19,14,4,24],[5,9,17,1,13,21,20,16,15,19,18,14,4,24,12,11],[9,5,1,13,17,21,20,16,14,18,4,24,15,19,12,10],[9,13,21,5,17,1,16,20,19,15,14,4,24],[1,17,5,9,21,13,20,16,19,15,14,4,24],[21,13,5,17,9,1,20,16,15,18,4,24,19,14,12,10],[13,21,1,17,9,5,20,16,18,14,4,24,19,15,12,11],[21,9,17,1,13,5,16,20,19,14,4,24],[21,17,1,5,13,9,20,16,15,18,4,24,19,14,12,10],[21,9,1,17,13,5,16,20,18,14,4,24,15,19,12,11],[21,9,1,13,5,17,16,20,14,19,4,24],[13,17,21,1,9,5,16,20,14,19,4,24],[5,17,1,21,13,9,16,20,18,15,4,24,19,14,12,10],[9,13,1,21,17,5,20,16,19,14,4,24],[17,13,5,1,9,21,20,16,14,19,4,24],[9,13,21,5,17,1,20,16,19,15,18,14,4,24,12,10],[13,5,17,21,1,9,16,20,19,15,18,14,4,24,12,11],[17,13,9,5,1,21,20,16,18,15,4,24,14,19,12,10],[21,13,17,1,5,9,16,20,15,19,18,14,4,24,12,11],[5,21,17,9,1,13,16,20,18,15,4,24,19,14,12,11],[5,13,21,9,1,17,20,16,14,18,4,24,19,15,12,11],[17,5,21,9,13,1,16,20,19,14,4,24],[17,21,13,1,5,9,20,16,18,14,4,24,19,15,12,10],[9,5,21,1,17,13,20,16,18,15,4,24,19,14,12,10],[21,17,9,1,5,13,20,16,14,18,4,24,19,15,12,11],[21,5,17,9,13,1,16,20,19,14,4,24],[9,1,5,21,17,13,20,16,14,19,4,24],[1,17,9,21,5,13,20,16,18,15,4,24,19,14,12,11],[1,5,21,13,9,17,20,16,18,15,4,24,14,19,12,10],[9,21,5,1,13,17,16,20,18,15,4,24,14,19,12,11],[13,21,17,5,1,9,20,16,19,14,4,24],[5,9,17,21,13,1,16,20,15,18,4,24,19,14,12,11],[21,13,1,17,9,5,20,16,14,19,4,24],[1,17,21,9,13,5,16,20,14,19,4,24],[13,5,17,1,9,21,16,20,14,19,4,24],[1,9,21,13,17,5,16,20,19,14,4,24],[17,1,5,13,9,21,20,16,14,19,4,24],[17,13,21,5,9,1,20,16,19,14,4,24],[1,21,9,13,17,5,16,20,14,18,4,24,15,19,12,11],[5,21,1,17,9,13,20,16,14,18,4,24,19,15,12,10],[17,1,21,5,9,13,16,20,18,14,4,24,15,19,12,10],[5,1,21,9,13,17,20,16,14,18,4,24,19,15,12,11],[9,13,5,17,1,21,20,16,18,15,4,24,19,14,12,11],[1,21,9,13,5,17,16,20,18,14,4,24,15,19,12,11],[9,21,1,17,5,13,20,16,14,18,4,24,19,15,12,11],[9,5,13,17,1,21,16,20,15,18,4,24,14,19,12,10],[21,1,13,17,5,9,20,16,15,19,14,4,24],[9,5,21,13,17,1,16,20,19,14,4,24],[17,9,21,5,1,13,20,16,15,19,14,4,24],[9,13,17,21,1,5,16,20,19,14,4,24],[13,5,9,1,17,21,20,16,18,15,4,24,14,19,12,11],[21,5,17,1,9,13,20,16,19,15,18,14,4,24,12,11],[1,9,5,13,21,17,20,16,18,14,4,24,19,15,12,10],[21,9,5,17,13,1,20,16,14,19,4,24],[17,13,1,5,21,9,20,16,14,19,4,24],[13,5,21,9,17,1,16,20,18,14,4,24,15,19,12,10],[5,13,21,1,17,9,20,16,15,19,14,4,24],[17,13,9,21,5,1,20,16,19,15,14,4,24],[21,1,13,17,9,5,20,16,18,15,4,24,19,14,12,11],[9,13,17,21,4,5,16,20,1,14,19,24],[9,17,5,21,13,1,16,20,14,18,4,24,15,19,12,11],[9,1,17,5,21,13,16,20,14,19,4,24],[5,13,17,1,9,21,16,20,19,15,18,14,4,24,12,11],[1,17,21,9,13,5,16,20,19,14,4,24],[1,17,21,13,9,5,20,16,15,18,4,24,14,19,12,10],[9,1,13,21,17,5,16,20,14,19,4,24],[9,13,1,17,5,21,16,20,18,14,4,24,15,19,12,11],[1,9,13,21,5,17,20,16,14,19,4,24],[9,17,1,21,13,5,20,16,15,18,4,24,14,19,12,10],[1,17,13,5,9,21,16,20,19,14,4,24],[21,5,9,13,17,1,20,16,18,15,4,24,19,14,12,10],[1,5,9,17,13,21,16,20,19,14,4,24],[1,17,5,13,9,21,16,20,18,15,4,24,14,19,12,10],[13,21,17,9,5,1,16,20,19,15,14,4,24],[1,21,13,17,5,9,16,20,15,18,4,24,14,19,12,10],[1,21,5,9,17,13,16,20,19,14,4,24],[13,5,17,21,1,9,20,16,18,14,4,24,15,19,12,11],[1,21,5,17,9,13,20,16,14,18,4,24,15,19,12,11],[5,21,1,17,13,9,16,20,15,19,18,14,4,24,12,11],[13,9,5,17,21,1,16,20,15,19,14,4,24],[13,17,5,9,1,21,16,20,15,19,18,14,4,24,12,11],[13,1,21,9,17,5,16,20,18,15,4,24,14,19,12,11],[5,17,21,1,9,13,16,20,14,18,4,24,19,15,12,10],[1,17,13,5,9,21,16,20,14,19,4,24],[21,5,9,13,1,17,20,16,14,18,4,24,15,19,12,10],[13,21,9,1,17,5,20,16,15,18,4,24,19,14,12,11],[1,5,13,21,9,17,16,20,19,14,4,24],[5,1,21,13,17,9,16,20,19,15,18,14,4,24,12,11],[21,17,13,5,1,9,20,16,15,19,14,4,24],[1,17,5,21,9,13,20,16,14,19,4,24],[5,17,21,1,9,13,20,16,14,19,4,24],[17,21,13,1,5,9,20,16,14,18,4,24,15,19,12,10],[1,17,5,13,21,9,16,20,19,14,4,24],[9,13,5,1,17,21,20,16,18,14,4,24,19,15,12,11],[13,5,1,17,21,9,16,20,15,18,4,24,19,14,12,10],[13,17,5,1,12,9,20,21,16,11,19,10,15,14,4],[17,5,9,1,13,21,20,16,19,15,14,4,24],[9,5,17,1,21,13,20,16,15,19,14,4,24],[21,5,17,13,9,1,20,16,18,15,4,24,14,19,12,11],[21,13,5,9,17,1,16,20,15,18,4,24,14,19,12,10],[13,9,17,1,21,5,16,20,14,18,4,24,19,15,12,10],[5,17,13,1,9,21,16,20,15,18,4,24,19,14,12,10],[13,1,17,5,9,21,16,20,19,15,18,14,4,24,12,10],[13,5,9,21,17,1,16,20,15,18,4,24,19,14,12,10],[17,1,5,9,21,13,20,16,14,19,4,24],[9,21,5,17,1,13,16,20,19,14,4,24],[21,9,5,17,13,1,20,16,14,18,4,24,15,19,12,10],[13,9,17,21,1,5,20,16,15,19,18,14,4,24,12,10],[1,5,21,13,17,9,16,20,19,14,4,24],[1,13,17,5,9,21,20,16,19,14,4,24],[5,17,13,9,21,1,20,16,19,15,14,4,24],[17,13,9,21,1,5,16,20,19,14,4,24],[17,9,5,21,13,1,20,16,15,18,4,24,14,19,12,11],[1,13,17,21,9,8,5,20,16,14,7,19,4,24],[5,1,9,13,21,17,20,16,14,18,4,24,15,19,12,11],[9,17,21,1,13,5,20,16,14,19,2,24],[17,5,13,21,9,1,20,16,15,18,4,24,19,14,12,11],[13,17,5,21,1,9,16,20,15,19,18,14,4,24,12,10],[17,21,13,5,9,1,16,20,18,14,4,24,15,19,12,10],[5,1,9,21,13,17,20,16,18,14,4,24,19,15,2],[1,13,5,9,17,21,20,16,14,19,4,24],[13,1,9,21,5,17,16,20,14,18,4,24,19,15,12,10],[9,1,13,21,5,17,16,20,19,14,4,24],[13,1,17,21,5,9,16,20,15,19,18,14,4,24,12,10],[9,13,5,21,17,1,16,20,19,14,4,24],[1,21,9,5,13,17,16,20,14,18,4,24,15,19,12,10],[13,21,17,5,9,1,16,20,15,18,4,24,19,14,12,11],[9,5,13,1,17,21,16,20,14,18,4,24,19,15,12,11],[21,16,9,1,17,5,13,20,18,14,4,24,15,19,12,10],[1,9,5,17,13,21,20,16,14,19,4,24],[5,17,1,13,9,21,20,16,14,19,4,24],[17,1,9,5,21,13,20,16,15,18,4,24,14,19,12,10],[21,17,5,16,4,9,1,13,20,14,18,24,19,15,12,10],[1,13,21,9,5,17,16,20,19,15,18,14,4,24,12,10],[17,1,13,5,21,9,16,20,18,14,4,24,15,19,12,10],[5,9,1,21,17,13,16,20,18,14,4,24,15,19,12,10],[5,13,1,9,17,21,20,16,14,19,4,24],[17,5,21,1,9,13,16,20,15,18,4,24,19,14,12,10],[17,13,9,5,21,1,20,16,15,19,18,14,4,24,12,10],[13,5,1,21,17,9,20,16,14,19,4,24],[13,5,17,9,21,1,16,20,14,19,4,24],[1,13,21,17,9,5,16,20,18,14,4,24,19,15,12,11],[21,13,5,9,1,17,16,20,19,15,14,4,24],[9,13,17,1,5,21,16,20,19,14,4,24],[5,13,9,17,21,1,20,16,15,18,4,24,14,19,12,11],[1,17,13,9,21,5,16,20,15,18,4,24,14,19,12,10],[5,9,17,1,21,13,16,20,19,14,4,24],[13,1,17,5,21,9,20,16,15,19,18,14,4,24,12,10],[5,9,21,17,1,13,20,16,14,19,4,24],[5,13,21,9,17,1,20,16,15,19,18,14,4,24,12,10],[13,5,21,9,1,17,20,16,19,14,4,24],[17,5,1,9,21,16,13,20,14,18,4,24,19,15,12,11],[17,9,13,1,21,5,16,20,18,15,4,24,14,19,12,11],[21,1,13,17,5,9,20,16,14,19,4,24],[1,5,21,13,17,9,16,20,18,15,4,24,19,14,12,11],[1,9,21,13,17,5,20,16,15,18,4,24,19,14,12,11],[17,1,5,21,9,13,20,16,15,18,4,24,19,14,12,10],[5,17,13,9,1,21,16,20,14,18,4,24,19,15,12,10],[13,5,1,21,9,17,16,20,19,14,4,24],[13,9,1,17,21,5,16,20,14,19,4,24],[13,9,5,21,1,17,16,20,15,18,4,24,19,14,12,10],[5,13,1,17,21,9,20,16,18,14,4,24,15,19,12,11],[21,17,1,9,5,13,20,16,14,18,4,24,15,19,12,10],[5,13,17,9,1,21,16,20,14,18,4,24,19,15,12,11],[1,13,5,17,21,9,20,16,14,18,4,24,19,15,12,10],[17,5,1,21,9,13,16,20,14,18,4,24,15,19,12,11],[9,1,21,5,13,17,16,20,19,15,18,14,4,24,12,10],[5,9,13,1,21,17,16,20,14,19,4,24],[1,17,21,5,9,13,16,20,15,18,4,24,19,14,12,10],[5,9,1,21,17,13,16,20,19,14,4,24],[21,5,1,9,13,17,16,20,19,14,4,24],[21,1,5,9,17,13,16,20,15,18,4,24,19,14,12,10],[9,21,13,5,17,1,20,16,15,19,14,4,24],[1,5,9,17,13,21,16,20,18,14,4,24,19,15,12,11],[21,1,17,9,5,13,20,16,18,15,4,24,19,14,12,11],[1,9,13,17,5,21,16,20,19,15,14,4,24],[5,21,1,9,13,20,17,16,15,18,4,24,14,19,12,10],[17,21,9,1,13,5,16,20,19,14,4,24],[13,21,5,1,17,9,16,20,18,14,4,24,19,15,12,11],[5,17,9,21,1,13,20,16,18,14,4,24,15,19,12,10],[17,9,13,5,1,21,16,20,15,19,14,4,24],[9,17,1,5,13,21,20,16,18,14,4,24,19,15,12,10],[17,13,5,21,9,1,16,20,15,18,4,24,14,19,12,10],[17,21,1,5,9,13,20,16,15,18,4,24,19,14,12,11],[9,21,5,13,17,1,20,16,19,15,14,4,24],[13,5,1,17,9,21,20,16,19,15,18,14,4,24,12,11],[21,5,9,1,17,13,20,16,18,14,4,24,15,19,12,10],[9,1,21,13,5,17,20,16,15,19,18,14,4,24,12,10],[17,5,1,21,9,13,20,16,18,14,4,24,15,19,12,11],[1,21,13,5,17,9,16,20,18,14,4,24,19,15,12,11],[9,1,21,17,5,13,16,20,15,18,4,24,19,14,12,11],[5,13,1,9,17,21,20,16,19,15,18,14,4,24,12,10],[9,5,17,21,1,13,16,20,14,18,4,24,19,15,12,10],[9,1,13,21,17,5,16,20,14,18,4,24,15,19,12,11],[13,21,17,5,1,9,16,20,15,18,4,24,19,14,12,11],[9,5,21,13,1,17,20,16,19,15,14,4,24],[5,17,9,21,13,1,16,20,14,18,4,24,19,15,12,10],[9,1,21,5,17,13,16,20,14,18,4,24,15,19,12,10],[17,21,5,1,9,13,20,16,18,14,4,24,19,15,12,11],[5,9,13,17,1,21,16,20,14,19,4,24],[1,17,9,21,5,13,20,16,18,15,4,24,19,14,12,10],[5,13,21,17,1,9,16,20,14,19,4,24],[17,1,21,13,9,5,20,16,19,14,4,24],[17,21,9,13,5,1,16,20,15,18,4,24,14,19,12,11],[5,17,21,1,13,9,20,16,18,14,4,24,15,19,12,11],[17,13,21,1,5,9,20,16,14,18,4,24,15,19,12,10],[21,9,1,5,17,13,16,20,14,19,4,24],[5,13,17,9,21,1,20,16,18,15,4,24,19,14,12,11],[21,13,9,17,1,5,16,20,15,18,4,24,14,19,12,11],[21,5,9,17,1,13,16,20,15,19,14,4,24],[21,9,17,5,1,13,16,20,14,19,4,24],[13,1,17,21,9,5,16,20,15,18,4,24,19,14,12,10],[13,9,17,5,21,1,16,20,18,15,4,24,14,19,12,11],[17,21,13,5,1,9,20,16,15,18,4,24,19,14,12,11],[1,17,9,21,13,5,16,20,15,19,18,14,4,24,12,11],[9,21,17,13,5,1,16,20,15,19,14,4,24],[9,13,17,1,8,5,21,16,20,19,14,6,4,24],[13,5,17,21,1,9,16,20,19,14,4,24],[13,5,17,9,1,21,20,16,15,18,4,24,19,14,12,10],[21,1,13,17,9,5,20,16,14,19,4,24],[1,5,9,13,17,21,20,16,18,14,4,24,19,15,12,10],[13,5,1,17,21,9,16,20,18,14,4,24,19,15,12,10],[9,1,13,5,17,21,20,16,19,15,14,4,24],[9,1,5,21,17,13,16,20,18,15,4,24,14,19,12,11],[21,13,9,5,17,1,16,20,19,15,18,14,4,24,12,11],[17,13,21,9,5,1,16,20,15,18,4,24,14,19,12,10],[1,5,21,13,9,17,16,20,15,19,18,14,4,24,12,10],[21,13,1,17,9,5,16,20,18,14,4,24,19,15,12,11],[1,17,21,5,13,9,20,16,19,15,18,14,4,24,12,10],[17,9,1,13,21,5,16,20,19,14,4,24],[9,5,17,21,1,13,20,16,15,19,14,4,24],[17,21,5,9,1,13,16,20,18,15,4,24,14,19,12,10],[17,13,5,1,9,21,20,16,19,14,4,24],[1,17,21,13,9,5,20,16,15,19,18,14,4,24,12,10],[21,17,1,9,13,5,20,16,18,14,4,24,15,19,12,10],[13,1,17,9,21,5,16,20,14,18,4,24,19,15,12,10],[9,5,17,13,21,1,20,16,14,19,4,24],[13,17,1,9,5,21,20,16,14,19,4,24],[9,21,1,13,17,5,16,20,19,14,4,24],[21,5,1,9,17,13,20,16,18,15,4,24,19,14,12,11],[5,13,9,1,17,21,20,16,15,18,4,24,19,14,12,11],[9,17,1,5,13,21,16,20,18,15,4,24,19,14,12,11],[5,1,21,17,13,9,16,20,18,14,4,24,19,15,12,10],[17,5,9,1,13,21,16,20,15,19,14,4,24],[9,5,21,1,17,13,20,16,14,18,4,24,15,19,12,11],[24,5,17,1,13,9,16,20,15,18,21,4,14,19,12,11],[1,17,9,13,21,5,20,16,14,19,4,24],[1,21,17,12,9,20,13,5,16,11,18,15,10,4,24,14,19],[5,1,13,21,9,17,20,16,18,15,4,24,14,19,12,10],[1,21,17,13,5,9,20,16,19,14,4,24],[9,1,17,13,5,21,16,20,15,18,4,24,14,19,12,10],[13,1,21,17,5,9,20,16,15,19,18,14,4,24,12,10],[17,1,9,21,13,5,20,16,14,19,4,24],[17,9,13,5,21,1,20,16,15,18,4,24,19,14,12,10],[21,9,17,13,1,5,20,16,14,18,4,24,19,15,12,10],[1,9,21,5,17,13,20,16,15,19,18,14,4,24,12,11],[17,13,9,5,21,1,16,20,14,19,4,24],[21,5,9,13,17,1,16,20,15,18,4,24,19,14,12,11],[9,5,17,1,21,13,16,20,18,14,4,24,15,19,12,10],[9,1,21,17,13,5,16,20,19,15,18,14,4,24,12,11],[5,13,17,1,21,9,16,20,14,19,4,24],[13,1,17,21,5,9,16,20,19,14,4,24],[1,17,5,21,9,13,16,20,15,18,4,24,19,14,12,11],[1,9,5,17,13,21,16,20,15,19,14,4,24],[5,17,21,9,1,13,20,16,14,19,4,24],[13,21,17,9,5,1,20,16,15,18,4,24,19,14,12,10],[17,1,13,9,21,5,20,16,14,19,4,24],[13,1,17,21,5,9,16,20,14,18,4,24,19,15,12,10],[9,21,17,5,1,13,20,16,14,19,4,24],[1,5,17,21,9,13,20,16,14,18,4,24,15,19,12,11],[5,17,13,21,9,1,16,20,14,18,4,24,19,15,12,11],[13,1,21,9,5,17,20,16,18,14,4,24,19,15,12,11],[21,1,13,9,5,17,20,16,15,19,14,4,24],[9,5,21,17,1,13,16,20,18,15,4,24,14,19,12,10],[1,13,9,17,21,5,16,20,15,18,4,24,14,19,12,10],[5,9,17,13,1,21,20,16,19,15,14,4,24],[17,13,9,5,1,21,16,20,19,15,18,14,4,24,12,11],[13,5,1,17,21,9,16,20,18,15,4,24,14,19,12,11],[13,1,21,17,9,5,20,16,18,14,4,24,19,15,12,11],[5,9,1,13,17,21,20,16,14,19,4,24],[21,1,13,17,9,5,16,20,19,15,18,14,4,24,12,11],[21,13,5,1,17,9,20,16,14,19,4,24],[17,9,1,5,21,13,20,16,19,14,4,24],[1,5,9,13,17,21,20,16,15,19,18,14,4,24,12,11],[1,5,21,9,13,17,16,20,15,19,18,14,4,24,12,11],[1,13,17,5,21,9,16,20,14,18,4,24,19,15,12,10],[9,17,5,13,21,1,16,20,18,14,4,24,19,15,12,11],[1,17,5,21,13,9,20,16,15,19,18,14,4,24,12,11],[1,9,17,5,21,13,16,20,18,14,4,24,19,15,12,11],[17,13,21,1,9,5,20,16,18,14,4,24,15,19,12,10],[17,13,21,5,9,1,16,20,18,14,4,24,15,19,12,11],[17,5,1,21,9,13,16,20,18,15,4,24,14,19,12,10],[9,21,1,17,13,5,16,20,14,19,4,24],[5,21,13,1,9,17,20,16,14,19,4,24],[5,9,13,17,21,1,16,20,15,18,4,24,19,14,12,11],[21,5,17,13,9,1,16,20,18,14,4,24,15,19,12,10],[5,1,21,13,17,9,16,20,19,14,4,24],[17,5,9,13,21,1,20,16,18,14,4,24,15,19,12,11],[1,17,13,9,5,21,16,20,14,19,4,24],[21,5,1,13,9,17,20,16,15,19,18,14,4,24,12,11],[21,17,13,9,1,5,20,16,15,19,18,14,4,24,12,10],[9,17,5,1,16,21,13,20,14,19,4,24],[21,1,9,13,5,17,20,16,18,14,4,24,19,15,12,10],[9,13,5,17,1,21,16,20,15,19,14,4,24],[1,9,21,5,17,13,20,16,19,14,4,24],[13,17,9,5,1,21,16,20,18,15,4,24,19,14,12,10],[9,5,1,21,13,17,20,16,18,15,4,24,19,14,12,11],[21,1,17,9,5,13,16,20,19,15,18,14,4,24,12,10],[9,17,5,21,13,1,20,16,15,19,14,4,24],[21,5,17,13,1,9,16,20,19,14,4,24],[21,9,17,13,1,5,20,16,19,14,4,24],[5,1,21,17,9,13,16,20,19,14,4,24],[13,9,1,5,17,21,20,16,15,19,14,4,24],[1,5,17,13,21,9,20,16,15,18,4,24,19,14,12,11],[17,21,9,1,13,5,16,20,14,19,4,24],[17,1,21,5,9,13,16,20,14,19,4,24],[9,5,13,21,17,1,16,20,19,15,14,4,24],[21,5,9,13,17,1,20,16,18,14,4,24,19,15,12,11],[9,21,5,17,1,13,16,20,18,15,4,24,14,19,12,11],[1,5,9,13,17,21,20,16,15,19,18,14,4,24,12,10],[17,13,5,1,21,9,20,16,18,15,4,24,14,19,12,10],[5,1,9,17,21,13,16,20,14,19,4,24],[17,13,9,21,1,5,16,20,15,19,18,14,4,24,12,10],[17,9,21,13,5,1,16,20,14,18,4,24,15,19,12,10],[5,1,13,17,9,21,20,16,18,15,4,24,14,19,12,11],[5,1,13,21,17,9,20,16,15,18,4,24,14,19,12,11],[9,1,21,20,5,13,17,16,19,14,4,24],[1,9,17,21,5,13,20,16,15,18,4,24,14,19,12,10],[9,21,17,5,1,13,20,16,14,19,4,24],[9,21,17,13,1,5,20,16,18,15,4,24,19,14,12,11],[17,21,1,9,13,5,20,16,19,14,4,24],[17,1,5,9,21,13,16,20,14,19,4,24],[1,21,13,17,9,5,20,16,14,18,4,24,19,15,12,11],[17,21,5,1,9,13,16,20,14,19,4,24],[1,5,9,17,13,24,16,20,15,19,14,21],[17,21,9,1,5,13,20,16,19,15,18,14,4,24,12,10],[9,1,21,5,13,17,16,20,19,14,4,24],[21,1,9,5,17,13,16,20,18,14,4,24,19,15,12,11],[1,13,9,21,17,5,20,16,18,15,4,24,19,14,12,11],[9,13,5,1,17,21,20,16,15,19,14,4,24],[9,1,21,13,17,5,20,16,18,15,4,24,14,19,12,10],[5,21,1,9,17,13,20,16,19,15,18,14,4,24,12,10],[21,9,13,5,17,1,16,20,14,18,4,24,19,15,12,10],[17,13,5,21,1,9,20,16,18,15,4,24,14,19,12,11],[21,17,9,1,13,5,16,20,14,19,4,24],[1,5,13,17,21,9,20,16,14,19,4,24],[9,5,13,1,21,17,16,20,14,18,4,24,19,15,12,10],[9,13,5,21,17,1,20,16,19,14,4,24],[21,5,13,9,17,1,16,20,14,18,4,24,15,19,12,11],[1,9,13,17,5,21,16,20,19,14,4,24],[1,17,9,5,13,21,16,20,19,14,4,24],[17,5,1,13,9,21,16,20,19,14,4,24],[1,21,17,5,9,13,16,20,19,14,4,24],[1,9,13,17,5,21,16,20,19,15,18,14,4,24,12,11],[9,5,21,17,13,1,16,20,19,14,4,24],[9,17,21,1,5,13,16,20,15,19,14,4,24],[5,13,9,21,17,1,16,20,18,14,4,24,15,19,12,11],[21,1,17,9,13,5,16,20,18,14,4,24,19,15,12,10],[1,17,9,21,13,5,16,20,18,15,4,24,19,14,12,10],[5,9,13,17,1,21,16,20,19,14,4,24],[9,21,13,5,1,17,16,20,14,19,4,24],[17,21,5,13,1,9,20,16,15,19,18,14,4,24,12,11],[17,9,5,13,1,21,16,20,15,19,18,14,4,24,12,11],[9,13,1,17,21,5,20,16,19,14,4,24],[5,9,13,21,1,17,16,20,19,14,4,24],[21,13,9,5,1,17,20,16,18,14,4,24,15,19,12,11],[5,17,13,9,1,21,20,16,19,15,18,14,4,24,12,10],[17,1,21,13,5,9,16,20,15,18,4,24,14,19,12,11],[13,9,5,21,1,17,20,16,19,14,4,24],[21,13,9,5,17,1,20,16,19,15,14,4,24],[21,1,9,5,17,13,16,20,19,14,4,24],[17,5,9,21,13,1,16,20,18,14,4,24,19,15,12,11],[5,21,1,13,9,17,16,20,15,18,4,24,14,19,12,11],[9,17,1,21,13,5,16,20,18,14,4,24,19,15,12,10],[17,9,13,1,21,5,20,16,19,14,4,24],[1,5,17,21,13,9,20,16,14,19,4,24],[13,5,17,9,21,1,20,16,18,15,4,24,14,19,12,11],[5,17,21,13,9,1,16,20,14,18,4,24,15,19,12,11],[1,21,13,5,17,9,20,16,18,15,4,24,19,14,12,11],[13,9,1,17,21,5,16,20,18,15,4,24,19,14,12,10],[5,21,13,1,17,9,20,16,19,14,4,24],[13,17,5,9,21,1,20,16,19,15,18,14,4,24,12,11],[17,21,5,13,9,1,20,16,14,18,4,24,15,19,12,10],[13,21,9,5,1,17,20,16,15,18,4,24,14,19,12,10],[21,1,5,13,9,17,16,20,15,18,4,24,14,19,12,11],[5,9,13,1,17,21,16,20,15,18,4,24,19,14,12,11],[9,1,21,13,5,17,20,16,18,15,4,24,14,19,12,10],[5,9,21,13,1,17,20,16,14,18,4,24,15,19,12,11],[21,5,9,1,13,17,16,20,15,18,4,24,19,14,12,11],[5,21,1,13,9,17,16,20,15,18,4,24,14,19,12,10],[17,21,1,13,9,5,20,16,14,19,4,24],[9,17,5,1,13,21,20,16,15,18,4,24,14,19,12,11],[1,17,9,5,13,21,16,20,14,18,4,24,15,19,12,11],[1,13,5,9,21,17,20,16,18,15,4,24,14,19,12,10],[13,1,21,17,9,5,16,20,18,15,4,24,14,19,12,10],[9,21,1,5,13,17,16,20,15,19,14,4,24],[5,1,9,21,17,13,20,16,15,19,14,4,24],[9,21,1,17,5,13,20,16,19,14,4,24],[21,5,9,13,17,1,20,16,18,15,4,24,19,14,12,10],[5,13,9,21,17,1,20,16,15,19,14,4,24],[21,1,5,13,17,9,16,20,14,18,4,24,15,19,12,11],[21,1,13,17,9,5,16,20,14,18,4,24,15,19,12,10],[5,17,13,21,9,1,16,20,14,19,4,24],[5,9,17,1,13,21,20,16,19,14,4,24],[9,13,1,21,17,5,16,20,14,18,4,24,19,15,12,11],[1,9,21,17,13,5,16,20,15,18,4,24,14,19,12,10],[17,13,1,9,5,21,16,20,19,14,4,24],[13,5,21,1,17,9,16,20,15,19,18,14,4,24,12,10],[17,9,21,13,5,1,20,16,18,14,4,24,19,15,12,10],[13,21,1,17,5,9,20,16,14,18,4,24,15,19,12,10],[5,17,21,13,9,1,20,16,14,18,4,24,19,15,12,10],[5,9,17,1,21,13,16,20,14,18,4,24,19,15,12,10],[21,1,5,9,13,17,20,16,14,19,4,24],[9,17,1,13,21,5,20,16,15,19,18,14,4,24,12,10],[13,17,9,21,1,5,20,16,14,18,4,24,19,15,12,11],[17,1,9,5,21,13,16,20,18,14,4,24,15,19,12,11],[9,17,13,1,5,21,16,20,15,18,4,24,14,19,12,11],[9,1,17,21,13,5,20,16,19,14,4,24],[1,9,13,21,5,17,20,16,15,19,14,4,24],[13,21,17,9,1,5,20,16,15,19,18,14,4,24,12,11],[1,17,21,9,5,13,20,16,15,18,4,24,19,14,12,10],[21,5,1,13,17,9,20,16,15,18,4,24,19,14,12,11],[1,21,9,13,5,17,16,20,15,19,18,14,4,24,12,10],[21,13,9,5,1,17,16,20,19,15,18,14,4,24,12,11],[9,17,1,24,13,5,20,16,18,14,21,4,15,19,12,10],[9,1,21,5,13,17,20,16,14,19,4,24],[13,5,1,17,9,21,20,16,19,14,4,24],[17,21,5,13,9,1,16,20,15,19,14,4,24],[5,21,13,17,9,1,16,20,19,14,4,24],[21,13,1,9,5,17,16,20,14,19,4,24],[17,21,5,9,13,1,16,20,14,19,4,24],[9,1,17,5,21,13,20,16,14,19,4,24],[5,21,9,1,13,17,16,20,19,14,4,24],[13,21,9,1,17,5,20,16,15,18,4,24,14,19,12,11],[9,13,1,21,17,5,16,20,19,14,4,24],[1,5,21,17,13,9,20,16,18,15,4,24,19,14,12,11],[9,21,5,13,17,1,20,16,19,14,4,24],[5,13,21,1,9,17,16,20,15,19,14,4,24],[8,9,13,1,21,17,5,16,20,19,14,6,4,24],[17,5,1,9,13,21,16,20,14,19,4,24],[5,17,21,1,13,9,16,20,14,18,4,24,15,19,12,10],[1,13,5,17,21,9,20,16,14,19,4,24],[9,13,17,1,5,21,16,20,19,14,4,24],[17,5,9,21,1,13,16,20,18,14,4,24,15,19,12,11],[13,5,21,9,17,1,20,16,14,19,4,24],[13,21,9,1,5,17,20,16,14,19,4,24],[13,21,1,17,5,9,20,16,19,14,4,24],[13,9,1,5,21,17,16,20,14,19,4,24],[5,1,17,9,13,21,16,20,15,19,14,4,24],[21,5,17,1,9,13,20,16,18,14,4,24,19,15,12,11],[21,9,13,5,17,1,16,20,19,14,4,24],[5,9,21,17,13,1,20,16,14,18,4,24,19,15,12,11],[17,5,21,1,9,13,20,16,19,15,18,14,4,24,12,10],[9,1,17,5,13,21,20,16,15,19,14,4,24],[5,9,13,17,21,1,20,16,14,18,4,24,19,15,12,10],[17,9,13,1,21,5,16,20,19,14,4,24],[17,9,13,1,5,21,16,20,15,19,14,4,24],[21,13,1,5,17,9,16,20,15,19,18,14,4,24,12,11],[21,9,1,13,17,5,16,20,18,15,4,24,14,19,12,11],[17,21,1,5,9,13,16,20,14,18,4,24,15,19,12,11],[17,1,9,21,13,5,16,20,14,19,4,24],[13,21,1,9,5,17,20,16,19,15,18,14,4,24,12,10],[1,5,9,21,13,17,20,16,15,19,18,14,4,24,12,10],[1,21,9,17,13,5,16,20,19,14,4,24],[1,13,21,5,9,17,20,16,18,15,4,24,19,14,12,10],[5,17,9,21,4,13,20,16,1,14,19,24],[9,5,1,17,21,13,20,16,14,19,4,24],[13,17,21,1,5,9,16,20,15,19,18,14,4,24,12,11],[13,9,5,1,21,17,16,20,15,19,18,14,4,24,12,11],[5,17,21,13,1,9,20,16,18,15,4,24,19,14,12,11],[9,21,5,1,17,13,20,16,15,19,14,4,24],[13,1,17,5,21,9,16,20,18,15,4,24,14,19,12,11],[9,17,13,21,5,1,20,16,15,19,14,4,24],[13,17,1,9,21,5,16,20,15,18,4,24,19,14,12,11],[21,17,9,5,1,13,16,20,18,15,4,24,19,14,12,10],[17,9,5,21,13,1,16,20,14,19,4,24],[13,17,1,9,21,5,20,16,19,14,4,24],[5,9,13,21,17,1,16,20,19,15,18,14,4,24,3],[5,13,9,1,21,17,20,16,15,19,14,4,24],[1,9,17,13,21,5,20,16,14,18,4,24,15,19,12,11],[13,9,1,5,21,17,20,16,18,14,4,24,15,19,12,10],[9,21,1,13,5,17,16,20,15,18,4,24,14,19,12,11],[1,9,17,5,21,13,20,16,19,14,4,24],[5,9,21,13,17,1,16,20,15,19,14,4,24],[5,21,17,1,9,13,20,16,14,19,4,24],[17,13,1,21,9,5,16,20,14,19,4,24],[17,21,13,1,5,9,20,16,15,18,4,24,14,19,12,10],[1,9,21,17,5,13,20,16,14,18,4,24,15,19,12,10],[5,13,21,9,17,1,20,16,14,18,4,24,15,19,12,10],[17,21,5,1,9,13,16,20,19,15,14,4,24],[1,17,21,9,5,13,16,20,15,19,14,4,24],[21,1,17,9,5,13,20,16,14,19,4,24],[9,17,13,21,1,5,16,20,19,15,18,14,4,24,12,11],[21,5,1,17,13,9,20,16,15,19,14,4,24],[5,9,21,13,1,17,20,16,15,19,18,14,4,24,12,11],[1,21,13,5,17,9,20,16,18,15,4,24,14,19,12,10],[9,5,13,21,1,17,16,20,15,18,4,24,14,19,12,10],[13,21,9,5,17,1,16,20,19,15,18,14,4,24,12,10],[5,13,9,17,1,21,20,16,15,18,4,24,14,19,12,10],[5,13,21,17,9,1,16,20,18,15,4,24,19,14,12,11],[5,21,17,13,1,9,16,20,15,18,4,24,14,19,12,11],[5,13,21,17,1,9,20,16,19,15,14,4,24],[5,17,21,9,13,1,20,16,19,15,14,4,24],[9,13,1,17,21,5,20,16,19,15,18,14,4,24,12,10],[9,21,17,1,5,13,16,20,14,18,4,24,15,19,12,10],[1,13,17,9,21,5,16,20,14,18,4,24,15,19,12,11],[1,9,13,21,17,5,16,20,19,14,4,24],[9,21,1,17,13,5,20,16,18,14,4,24,15,19,12,11],[17,9,1,21,5,13,16,20,14,18,4,24,19,15,12,11],[21,13,5,17,1,9,20,16,15,19,14,4,24],[21,17,9,1,5,13,16,20,19,15,14,4,24],[21,5,17,13,4,9,20,16,1,19,14,24],[1,17,9,13,5,21,16,20,15,18,4,24,19,14,12,10],[13,1,5,21,9,17,16,20,15,19,14,4,22],[5,13,9,17,21,1,16,20,18,15,4,24,19,14,12,10],[13,21,5,9,1,17,20,16,15,19,18,14,4,24,12,11],[9,21,5,13,17,1,16,20,15,19,14,4,24],[17,13,9,5,1,21,16,20,15,19,14,4,24],[9,21,1,17,13,5,20,16,14,19,4,24],[17,1,21,13,5,9,20,16,14,18,4,24,15,19,12,11],[17,9,1,21,13,5,20,16,15,19,18,14,4,24,12,11],[9,1,21,5,13,17,16,20,18,14,4,24,19,15,12,11],[21,9,13,17,5,1,16,20,15,18,4,24,19,14,12,10],[21,13,9,5,1,17,20,16,14,19,4,24],[17,5,9,13,21,1,20,16,18,15,4,24,19,14,12,11],[13,17,5,21,1,9,20,16,15,18,4,24,19,14,12,10],[13,9,17,5,21,1,16,20,19,14,4,24],[5,9,17,21,13,1,16,20,15,18,4,24,14,19,12,10],[17,13,21,9,5,1,16,20,14,19,4,24],[5,13,17,1,21,9,16,20,15,18,4,24,14,19,12,11],[1,13,9,17,21,5,16,20,19,15,14,4,24],[1,5,21,9,13,17,16,20,14,18,4,24,19,15,12,10],[9,13,5,1,17,21,20,16,15,18,4,24,19,14,12,11],[21,17,9,1,5,13,20,16,18,14,4,24,19,15,12,10],[17,1,21,13,5,9,16,20,18,14,4,24,15,19,12,11],[17,1,13,5,21,9,20,16,14,18,4,24,19,15,12,11],[5,13,9,1,17,21,20,16,19,15,14,4,24],[13,17,1,5,9,21,16,20,19,14,4,24],[21,9,5,17,1,13,16,20,14,19,4,24],[1,9,21,5,17,13,16,20,19,15,18,14,4,24,12,11],[1,13,5,9,21,17,16,20,15,19,14,4,24],[13,17,21,5,1,9,20,16,15,18,4,24,19,14,12,11],[17,21,13,5,9,1,20,16,18,14,4,24,15,19,12,11],[13,17,9,21,5,1,20,16,19,15,18,14,4,24,12,10],[21,17,5,1,9,13,20,16,19,15,18,14,4,24,12,10],[1,21,5,13,17,9,16,20,19,14,4,24],[17,13,21,5,1,9,16,20,19,14,4,24],[13,21,5,1,17,9,20,16,19,14,4,24],[9,13,21,1,20,5,17,16,15,18,4,24,19,14,12,10],[17,13,21,5,1,9,20,16,15,18,4,24,19,14,12,11],[9,1,5,13,17,21,20,16,18,15,4,24,14,19,12,11],[17,1,5,9,21,13,20,16,15,18,4,24,14,19,12,11],[13,1,5,9,21,17,20,16,19,15,14,4,24],[9,17,21,5,1,16,13,20,19,14,4,24],[13,17,9,21,1,5,20,16,15,18,4,24,14,19,12,10],[5,1,17,21,9,13,20,16,14,18,4,24,15,19,12,10],[1,13,9,21,5,17,20,16,18,14,4,24,15,19,12,11],[5,17,21,13,9,1,20,16,19,14,4,24],[5,21,9,13,17,1,20,16,14,18,4,24,15,19,12,10],[1,5,17,21,13,9,20,16,15,19,14,4,24],[13,1,5,21,17,9,16,20,15,18,4,24,14,19,12,10],[13,17,1,21,9,5,20,16,15,18,4,24,19,14,12,11],[1,5,17,13,21,9,20,16,14,18,4,24,19,15,12,11],[21,13,9,1,5,17,20,16,15,18,4,24,14,19,12,10],[13,21,5,9,1,17,16,20,15,19,14,4,24],[5,9,13,1,17,21,20,16,15,18,4,24,19,14,12,11],[17,16,21,9,1,5,13,20,19,14,4,24],[5,21,13,17,1,9,16,20,14,19,4,24],[9,5,17,21,1,13,16,20,14,19,4,24],[13,9,1,5,17,21,16,20,15,19,14,4,24],[5,9,17,13,21,1,16,20,15,19,18,14,4,24,12,11],[17,9,5,1,21,13,16,20,19,15,18,14,4,24,12,10],[21,5,1,13,9,17,20,16,19,14,4,24],[1,21,13,9,17,5,20,16,19,15,14,4,24],[21,13,1,17,5,9,16,20,18,14,4,24,15,19,12,10],[13,1,5,17,9,21,16,20,14,19,4,24],[21,1,9,5,13,17,16,20,15,19,14,4,24],[5,21,13,9,17,1,20,16,19,15,18,14,4,24,12,11],[13,21,1,5,9,17,16,20,14,18,4,24,15,19,12,10],[17,21,9,13,1,5,20,16,19,14,4,24],[17,5,9,1,13,21,20,16,14,19,4,24],[13,9,5,21,17,1,16,20,19,15,18,14,4,24,12,11],[1,21,17,9,5,13,16,20,19,14,4,24],[13,21,9,17,1,5,16,20,14,19,4,24],[9,13,21,1,5,17,20,16,19,15,18,14,4,24,12,10],[9,17,21,5,13,1,16,20,19,15,14,4,24],[9,13,17,5,21,1,16,20,15,18,4,24,14,19,12,11],[9,17,13,1,5,21,16,20,14,18,4,24,15,19,12,11],[5,13,21,1,9,17,16,20,19,15,18,14,4,24,12,10],[21,13,5,9,17,1,16,20,18,15,4,24,19,14,12,11],[5,9,17,13,21,1,16,20,18,14,4,24,19,15,12,11],[21,1,9,17,13,5,20,16,15,18,4,24,14,19,12,10],[17,5,21,1,13,9,16,20,14,18,4,24,19,15,12,10],[9,17,21,13,1,5,20,16,19,15,14,4,24],[21,1,13,5,9,17,16,20,14,18,4,24,15,19,12,11],[17,1,21,5,9,13,20,16,15,18,4,24,14,19,12,10],[21,5,13,17,1,9,20,16,18,14,4,24,15,19,12,11],[13,21,9,1,17,5,20,16,14,19,4,24],[1,17,5,9,13,21,20,16,19,14,4,24],[9,5,17,13,1,21,20,16,14,19,4,24],[17,1,21,5,13,9,20,16,18,14,4,24,15,19,12,10],[21,9,5,17,1,13,16,20,19,15,14,4,24],[1,21,17,13,5,9,16,20,19,15,18,14,4,24,12,10],[13,1,17,21,5,9,20,16,14,19,4,24],[17,13,9,21,5,1,16,20,14,19,4,24],[13,9,21,17,5,1,16,20,15,18,4,24,14,19,12,10],[5,13,17,1,21,9,16,20,15,18,4,24,19,14,12,10],[17,1,9,13,21,5,20,16,14,19,4,24],[13,21,1,17,9,5,20,16,14,19,4,24],[13,9,21,17,1,5,16,20,18,15,4,24,14,19,12,10],[1,5,21,13,9,17,20,16,15,18,4,24,19,14,12,11],[17,13,5,9,1,21,16,20,15,19,18,14,4,24,12,11],[21,5,1,13,9,17,20,16,15,18,4,24,19,14,12,11],[13,21,5,9,1,17,20,16,18,15,4,24,19,14,12,10],[1,5,13,17,9,21,16,20,18,15,4,24,19,14,12,11],[5,13,17,21,9,1,20,16,14,19,4,24],[13,9,1,21,17,5,20,16,19,14,4,24],[17,5,21,9,13,1,16,20,19,14,4,24],[9,17,13,21,1,5,20,16,19,14,4,24],[17,21,1,13,9,5,20,16,18,15,4,24,14,19,12,10],[13,5,17,1,21,9,20,16,15,18,4,24,19,14,12,10],[13,21,1,9,5,17,20,16,19,14,4,24],[1,17,21,5,9,13,16,20,19,14,4,24],