{"problem_id":"E0iow03ugardVta","sigma":75,"alpha":3.162,"cost":0,"probabilities":"[0.3, 0.21, 0.21, 0.28]","payoff_matrix":"[[-50, -82, -78, 13, 29, -52], [-21, -117, -92, -30, -49, -143], [-18, -31, 15, 6, 12, 56], [8, 82, 121, -2, 2, -54]]","uncovered":[[13,1,21,9,17,5,16,20,14,18,15,19,4,24],[5,9,21,13,1,17,20,16,19,14,4,24],[13,17,5,1,9,21,16,20,15,18,19,14,4,24],[17,13,21,9,1,5,20,16,18,15,19,14,4,24],[21,17,9,5,13,1,20,16,14,19,4,24],[13,21,17,9,5,1,20,16,14,18,19,4,24,15],[1,5,17,13,9,21,16,20,18,15,14,19,4,24],[13,17,1,9,21,5,16,20,19,15,18,14,4,24],[9,17,21,5,13,1,20,16,15,18,14,19,4,24],[13,21,5,17,1,9,20,16,15,19,18,14,4,24],[17,9,21,13,5,1,20,16,19,14,4,24],[1,21,17,5,9,13,20,16,15,18,19,14,4,24],[21,9,13,5,17,1,20,16,14,19,4,24],[21,9,5,17,1,13,16,20,15,18,19,14,4,24],[5,9,13,21,1,17,16,20,19,15,14,4],[9,5,1,21,13,17,16,20,14,19,4,24],[13,9,1,21,17,5,16,20,19,14,4,24],[21,17,13,5,9,1,20,16,19,15,18,14,4,24],[9,17,21,1,5,13,20,16,18,15,14,19,4,24],[21,13,9,1,5,17,16,20,18,15,14,19,4,24],[17,1,13,9,21,5,20,16,19,15,14,4],[5,9,13,1,21,17,16,20,19,15,14,4],[9,1,13,21,5,17,16,20,15,18,19,14,4,24],[9,5,1,17,21,13,16,20,19,14,4,24],[17,9,21,13,1,5,16,20,15,18,19,14,4,24],[5,17,1,21,9,13,20,16,19,15,18,14,4,24],[13,21,5,17,1,9,20,16,15,19,14,4],[13,17,21,5,1,9,20,16,14,19,4,24],[9,17,13,5,1,21,20,16,18,15,14,19,4,24],[13,1,5,9,17,21,16,20,15,19,14,4],[13,9,21,17,1,5,16,20,15,19,14,4],[9,21,17,13,1,5,20,16,14,18,19,4,24,15],[21,5,1,13,17,9,20,16,15,18,19,14,4,24],[13,9,5,17,21,1,20,16,15,18,14,19,4,24],[17,1,13,5,9,21,20,16,19,15,14,24],[13,21,1,5,9,17,16,20,18,14,19,4,24,15],[9,13,21,17,1,5,16,20,19,15,14,4],[5,9,1,13,21,17,20,16,14,18,15,19,4,24],[1,21,13,5,9,17,16,20,14,19,4,24],[1,21,9,17,5,13,16,20,14,19,4,24],[13,21,17,1,5,9,16,20,19,15,14,4],[13,9,1,21,5,17,20,16,14,19,4,24],[13,17,5,9,1,21,16,20,15,19,18,14,4,24],[1,13,21,17,9,5,16,20,18,15,19,14,4,24],[5,1,13,17,9,21,20,16,19,14,4,24],[5,1,17,21,9,13,20,16,19,15,14,4],[9,21,13,5,1,17,20,16,18,14,19,4,24,15],[5,13,21,17,1,9,16,20,19,15,14,4],[21,1,9,5,13,17,16,20,14,18,15,19,4,24],[9,5,1,13,17,21,16,20,18,15,19,14,4,24],[5,9,17,13,21,1,20,16,15,18,14,19,4,24],[21,9,5,17,13,1,20,16,19,15,14,4],[5,13,21,9,17,1,20,16,14,18,19,4,24,15],[13,1,9,5,17,21,16,20,18,15,19,14,4,24],[17,5,9,13,21,1,16,20,19,14,4,24],[13,1,9,17,5,21,20,16,18,15,14,19,4,24],[13,1,21,5,17,9,20,16,14,19,4,24],[1,21,9,17,13,5,16,20,14,19,4,24],[21,17,5,9,13,1,20,16,14,19,4,24],[17,13,1,9,5,21,20,16,15,19,14,4],[21,1,13,9,5,17,20,16,15,18,19,14,4,24],[17,13,21,5,9,1,20,16,14,19,4,24],[21,17,9,13,5,1,16,20,19,14,4,24],[13,9,17,5,21,1,20,16,18,15,19,14,4,24],[5,9,17,21,1,13,20,16,15,18,19,14,4,24],[1,5,13,21,9,17,16,20,18,15,19,14,4,24],[21,5,9,13,1,17,20,16,15,19,14,4],[21,17,5,1,13,9,16,20,14,19,4,24],[9,21,13,1,17,5,20,16,15,18,14,19,4,24],[13,9,1,21,5,17,20,16,18,14,19,4,24,15],[13,9,5,21,1,17,20,16,19,15,14,4],[21,9,1,17,5,13,20,16,15,18,19,14,4,24],[21,9,1,5,17,13,20,16,15,19,14,4],[13,17,5,21,1,9,20,16,19,15,14,4],[5,13,9,17,1,21,20,16,14,18,15,19,4,24],[9,17,13,1,21,5,20,16,18,14,19,4,24,15],[21,1,13,17,9,5,16,20,18,15,19,14,4,24],[5,13,1,9,21,17,16,20,14,19,4,24],[1,17,13,5,9,21,20,16,18,15,14,19,4,24],[17,1,5,13,9,21,20,16,14,18,19,4,24,15],[17,1,21,9,13,5,16,20,18,15,14,19,4,24],[9,13,21,17,1,5,20,16,15,18,14,19,4,24],[1,21,17,13,5,9,20,16,19,15,14,4],[21,1,17,9,5,13,16,20,15,18,14,19,4,24],[9,5,13,17,1,21,20,16,14,19,4,24],[9,1,5,21,17,13,20,16,18,15,14,19,4,24],[17,21,1,13,9,5,16,20,19,15,14,4],[9,13,1,5,17,21,16,20,15,19,14,4],[5,13,17,9,21,1,16,20,15,19,18,14,4,24],[17,13,5,9,21,1,20,16,15,19,18,14,4,24],[1,21,5,17,9,13,20,16,15,18,14,19,4,24],[1,13,21,9,17,5,20,16,14,18,15,19,4,24],[17,21,1,5,13,9,20,16,19,15,18,14,4,24],[21,13,9,5,1,17,16,20,14,19,4,24],[5,9,17,21,13,1,16,20,14,18,19,4,24,15],[1,21,17,5,13,9,20,16,15,18,14,19,4,24],[13,21,1,9,5,17,20,16,15,19,14,4],[9,21,1,17,5,13,20,16,15,18,19,14,4,24],[9,21,1,17,13,5,16,20,14,19,4,24],[1,5,21,13,17,9,20,16,15,18,14,19,4,24],[21,1,5,13,9,17,16,20,15,18,19,14,4,24],[5,1,21,13,17,9,16,20,15,18,14,19,4,24],[21,1,13,17,5,9,16,20,18,14,15,19,4,24,3],[21,13,5,1,17,9,20,16,18,14,15,19,4,24],[21,9,13,5,17,1,16,20,15,19,18,14,4,24],[21,1,13,5,9,17,16,20,15,19,18,14,4,24],[1,5,13,21,9,17,20,16,19,15,14,4],[1,5,17,13,9,21,16,20,19,14,4,24],[1,5,9,13,21,17,20,16,14,19,4,24],[21,17,13,5,9,1,16,20,18,14,15,19,4,24],[9,21,17,5,13,1,20,16,18,14,19,4,24,15],[5,13,21,1,17,9,20,16,19,14,4,24],[1,17,21,5,9,13,20,16,19,15,14,4],[13,21,17,9,1,5,20,16,14,19,4,24],[13,1,21,17,9,5,20,16,14,19,4,24],[9,1,13,17,21,5,16,20,15,19,18,14,4,24],[13,17,21,1,5,9,20,16,18,14,19,4,24,15],[1,17,13,21,9,5,20,16,18,14,19,4,24,15],[21,17,13,5,1,9,20,16,19,14,4,24],[1,5,9,21,17,13,20,16,15,19,14,4],[17,1,5,9,13,21,16,20,18,14,19,4,24,15],[17,9,5,21,1,13,20,16,15,18,19,14,4,24],[1,5,9,21,13,17,16,20,14,19,4,24],[17,9,1,21,5,13,16,20,15,18,4,19,14,24],[1,9,17,21,13,5,16,20,14,18,19,4,24,15],[9,5,1,21,13,17,16,20,19,15,18,14,4,24],[1,17,21,9,5,13,20,16,15,19,14,4],[1,13,9,21,17,5,20,16,14,18,15,19,4,24],[17,1,13,9,5,21,20,16,15,19,14,4],[13,5,1,17,9,21,16,20,19,14,4,24],[17,21,1,5,9,13,20,16,18,15,19,14,4,24],[17,9,21,1,5,13,20,16,14,19,4,24],[1,9,17,21,13,5,16,20,15,18,19,14,4,24],[21,1,13,5,17,9,20,16,14,19,4,24],[17,13,9,21,1,5,16,20,19,15,18,14,4,24],[9,1,5,13,21,17,20,16,14,19,4,24],[1,21,9,13,5,17,16,20,14,19,4,24],[21,5,9,1,17,13,16,20,18,15,14,19,4,24],[13,9,21,17,5,1,20,16,14,19,4,24],[1,13,21,9,5,17,16,20,19,14,4,24],[9,17,21,1,13,5,20,16,14,18,19,4,24,15],[13,9,17,21,1,5,20,16,19,14,4,24],[21,9,1,13,17,5,20,16,19,15,18,14,4,24],[13,5,1,21,17,9,20,16,15,19,14,4],[1,17,5,9,21,13,16,20,19,14,4,24],[13,17,9,21,1,5,20,16,18,15,19,14,4,24],[21,5,13,1,9,17,16,20,15,19,14,4],[13,5,1,17,21,9,20,16,14,19,4,24],[13,1,21,17,9,5,20,16,15,18,19,14,4,24],[17,1,5,21,9,13,16,20,15,19,14,4],[17,21,9,1,5,13,16,20,19,14,4,24],[17,13,21,1,9,5,16,20,18,15,19,14,4,24],[1,17,9,5,13,21,16,20,18,14,15,19,4,24],[5,17,1,21,13,9,20,16,18,14,15,19,4,24],[9,1,5,13,21,17,16,20,15,18,19,14,4,24],[9,1,17,13,21,5,16,20,15,18,14,19,4,24],[9,5,17,21,13,1,20,16,18,15,14,19,4,24],[5,9,21,13,1,17,20,16,14,18,15,19,4,24],[17,9,13,5,1,21,20,16,18,15,14,19,4,24],[13,5,21,17,9,1,20,16,15,19,14,4],[1,21,5,9,13,17,16,20,14,18,15,19,4,24],[1,21,5,17,9,13,20,16,18,14,15,19,4,24],[17,1,21,13,5,9,20,16,15,18,19,14,4,24],[21,5,13,17,9,1,20,16,18,14,19,4,24,15],[5,13,21,1,9,17,20,16,18,15,19,14,4,24],[13,9,21,1,5,17,20,16,18,14,19,4,24,15],[1,9,13,21,17,5,20,16,19,15,18,14,4,24],[21,5,1,13,9,17,20,16,14,18,15,19,4,24],[1,13,9,17,5,21,16,20,18,15,14,19,4,24],[13,5,1,21,9,17,16,20,19,15,18,14,4,24],[13,9,17,1,5,21,20,16,15,18,14,19,4,24],[17,13,21,1,9,5,20,16,18,14,15,19,4,24],[9,13,21,1,5,17,16,20,15,18,19,14,4,24],[9,5,21,13,1,17,16,20,14,19,4,24],[17,21,9,13,5,1,16,20,18,15,14,19,4,24],[17,9,1,5,13,21,16,20,15,18,14,19,4,24],[1,5,13,17,21,9,20,16,18,15,14,19,4,24],[17,9,1,5,21,13,16,20,19,14,4,24],[13,21,17,9,5,1,16,20,18,14,15,19,4,24],[1,9,13,21,17,5,20,16,14,18,15,19,4,24],[13,17,1,5,9,21,16,20,18,15,19,14,4,24],[9,1,21,17,5,13,20,16,14,18,19,4,24,15],[9,1,21,13,17,5,16,20,19,15,18,14,4,24],[13,9,5,21,17,1,20,16,15,19,18,14,4,24],[1,17,9,13,21,5,16,20,14,19,4,24],[9,5,1,17,21,13,20,16,15,19,18,14,4,24],[5,21,17,9,1,13,20,16,18,14,19,4,24,15],[1,5,13,17,21,9,20,16,19,14,4,24],[17,5,21,13,1,9,16,20,14,18,19,4,24,15],[9,1,13,17,21,5,16,20,18,15,14,19,4,24],[17,9,5,1,13,21,20,16,15,18,19,14,4,24],[13,5,17,21,9,1,20,16,14,18,19,4,24,15],[21,17,1,9,5,13,20,16,15,18,14,19,4,24],[17,1,5,21,9,13,16,20,14,18,19,4,24,15],[21,5,13,9,1,17,20,16,15,18,19,14,4,24],[1,17,9,21,5,13,16,20,14,18,19,4,24,15],[9,17,13,21,1,5,16,20,18,15,19,14,4,24],[17,13,5,1,21,9,16,20,19,15,18,14,4,24],[13,9,1,21,17,5,16,20,19,15,14,4],[1,13,21,9,5,17,16,20,14,19,4,24],[1,5,21,17,9,13,16,20,18,14,19,4,24,15],[21,5,17,13,1,9,16,20,18,15,14,19,4,24],[21,13,17,9,5,1,16,20,19,15,18,14,4,24],[5,13,17,9,1,21,16,20,15,18,14,19,4,24],[13,5,1,9,21,17,20,16,18,15,14,19,4,24],[17,9,21,1,5,13,16,20,18,15,14,19,4,24],[21,9,13,17,1,5,20,16,19,14,4,24],[5,13,1,9,21,17,16,20,19,14,4,24],[21,5,13,17,9,1,20,16,19,14,4,24],[5,1,21,9,17,13,16,20,19,15,14,4],[21,9,13,17,1,5,16,20,18,15,19,14,4,24],[5,9,13,1,17,21,16,20,14,18,19,4,24,15],[21,9,13,17,1,5,16,20,18,14,15,19,4,24],[21,13,5,9,1,17,20,16,14,19,4,24],[17,5,21,1,13,9,16,20,14,19,4,24],[17,9,21,13,1,5,16,20,19,15,14,4],[17,21,9,13,5,1,16,20,14,18,19,4,24,15],[1,17,5,21,9,13,16,20,15,19,14,4],[13,9,21,17,5,1,20,16,19,14,4,24],[13,17,9,5,1,21,20,16,19,15,14,4],[1,21,13,9,17,5,16,20,18,15,14,19,4,24],[1,9,13,5,17,21,20,16,14,19,4,24],[9,13,21,5,1,17,20,16,19,14,4,24],[1,21,17,5,9,13,20,16,15,19,18,14,4,24],[1,5,17,9,13,21,20,16,15,19,18,14,4,24],[21,1,5,9,13,17,20,16,14,18,19,4,24,15],[1,13,17,9,5,21,16,20,18,15,14,19,4,24],[21,5,17,1,9,13,20,16,19,14,4,24],[17,21,13,1,5,9,20,16,14,18,15,19,4,24],[1,5,17,13,9,21,16,20,14,19,4,24],[1,5,9,21,13,17,20,16,19,15,18,14,4,24],[1,9,5,17,13,21,20,16,15,19,14,4],[1,17,13,21,9,5,16,20,14,19,4,24],[9,1,13,17,21,5,20,16,14,19,4,24],[13,5,17,1,9,21,16,20,15,18,14,19,4,24],[13,1,17,5,21,9,20,16,19,15,14,4],[1,5,17,9,21,13,20,16,15,18,14,19,4,24],[13,17,9,5,1,21,20,16,15,18,14,19,4,24],[13,21,5,17,1,9,20,16,19,15,14,4],[5,21,1,13,9,17,20,16,15,19,18,14,4,24],[1,13,21,5,17,9,16,20,18,14,15,19,4,24],[13,1,17,21,9,5,16,20,14,19,4,24],[21,1,5,9,13,17,16,20,18,14,19,4,24,15],[21,9,13,1,5,17,20,16,15,18,19,14,4,24],[21,13,5,17,9,1,20,16,14,19,4,24],[21,13,5,1,17,9,16,20,19,15,18,14,4,24],[9,21,5,13,17,1,20,16,18,15,19,14,4,24],[5,1,13,9,21,17,20,16,18,15,14,19,4,24],[17,9,21,13,1,5,16,20,14,19,4,24],[1,13,9,5,17,21,16,20,18,14,15,19,4,24],[21,5,1,9,17,13,20,16,14,19,4,24],[17,5,1,13,21,9,16,20,18,15,14,19,4,24],[1,17,5,13,9,21,16,20,18,15,19,14,4,24],[9,21,5,1,13,17,16,20,19,14,4,24],[9,5,1,13,17,21,16,20,19,14,4,24],[21,1,17,9,5,13,16,20,18,14,19,4,24,15],[21,9,13,5,17,1,20,16,19,14,4,24],[5,9,17,1,13,21,16,20,19,14,4,24],[17,21,5,13,9,1,16,20,14,19,4,24],[17,9,13,21,1,5,16,20,15,19,18,14,4,24],[21,1,13,9,5,17,20,16,15,18,4,19,14,24],[13,9,5,17,1,21,20,16,18,15,19,14,4,24],[21,1,17,9,5,13,20,16,18,15,19,14,4,24],[13,17,1,21,5,9,16,20,14,18,15,19,4,24],[5,21,13,17,9,1,16,20,19,14,4,24],[13,21,17,1,9,5,16,20,18,15,14,19,4,24],[5,9,13,17,1,21,20,16,19,14,4,24],[21,13,1,17,5,9,20,16,14,19,4,24],[5,21,1,9,13,17,20,16,18,15,14,19,4,24],[5,21,9,13,17,1,20,16,18,14,15,19,4,24],[21,17,5,9,13,1,20,16,14,19,4,24],[9,17,13,21,5,1,20,16,15,18,14,19,4,24],[5,21,17,9,1,13,16,20,18,14,15,19,4,24],[9,13,5,17,21,1,16,20,18,15,19,14,4,24],[5,17,13,9,1,21,16,20,19,14,4,24],[1,21,5,17,9,13,16,20,19,14,4,24],[9,21,1,17,5,13,16,20,15,19,18,14,4,24],[17,5,21,1,13,9,16,20,15,18,19,14,4,24],[21,9,17,13,1,5,16,20,15,18,14,19,4,24],[9,21,5,13,17,1,16,20,18,14,19,4,24,15],[9,21,1,13,17,5,16,20,18,15,14,19,4,24],[13,5,17,9,1,21,20,16,18,14,19,4,24,15],[9,17,1,5,21,13,16,20,18,15,19,14,4,24],[13,5,21,17,1,9,20,16,18,15,14,19,4,24],[9,17,5,21,1,13,20,16,14,18,15,19,4,24],[5,13,17,1,9,21,20,16,15,19,18,14,4,24],[1,17,13,21,9,5,20,16,19,14,4,24],[9,21,17,13,1,5,16,20,18,14,15,19,4,24],[9,21,13,1,17,5,16,20,19,14,4,24],[17,9,1,21,5,13,16,20,14,19,4,24],[1,13,17,5,21,9,16,20,15,18,14,19,4,24],[21,5,1,17,9,13,16,20,14,18,15,19,4,24],[17,1,9,5,13,21,20,16,15,19,14,4],[17,9,1,21,5,13,20,16,15,19,18,14,4,24],[17,5,13,9,1,21,20,16,15,18,14,19,4,24],[5,17,13,1,21,9,16,20,14,19,4,24],[5,13,9,17,1,21,20,16,19,15,18,14,4,24],[5,9,21,17,1,13,16,20,19,14,4,24],[9,5,21,1,13,17,20,16,19,15,18,14,4,24],[21,9,13,5,17,1,16,20,14,19,4,24],[1,13,9,17,21,5,16,20,15,19,14,4],[1,17,9,13,5,21,16,20,15,18,19,14,4,24],[13,17,1,9,5,21,16,20,19,14,4,24],[9,13,21,5,1,17,20,16,19,15,18,14,4,24],[17,13,9,5,1,21,20,16,14,19,4,24],[21,17,13,9,1,5,16,20,18,14,15,19,4,24],[5,21,17,9,13,1,20,16,19,15,18,14,4,24],[9,5,13,17,21,1,16,20,19,15,14,4],[21,17,9,1,5,13,20,16,18,14,15,19,4,24],[9,13,1,21,17,5,16,20,14,19,4,24],[1,13,17,9,21,5,20,16,14,18,19,4,24,15],[21,17,9,13,1,5,20,16,19,14,4,24],[13,5,1,21,9,17,20,16,14,19,4,24],[13,17,1,5,21,9,16,20,19,14,4,24],[13,17,1,21,5,9,20,16,15,19,14,4],[9,13,21,17,1,5,20,16,18,15,14,19,24,4],[9,5,1,17,21,13,20,16,14,18,19,4,24,15],[5,1,9,21,17,13,20,16,19,14,4,24],[17,5,9,21,1,13,20,16,14,18,19,4,24,15],[21,1,5,17,9,13,20,16,15,19,14,4],[13,17,5,1,9,21,20,16,18,14,15,19,4,24],[21,17,5,13,9,1,16,20,18,15,14,19,4,24],[1,9,5,17,21,13,20,16,14,18,19,4,24,15],[1,21,9,17,13,5,16,20,18,15,19,14,4,24],[17,9,13,21,1,5,20,16,19,15,14,4],[9,21,5,17,1,13,20,16,14,18,19,4,24,15],[13,17,1,5,9,21,16,20,15,18,19,14,4,24],[21,1,13,17,9,5,16,20,18,14,19,4,24,15],[17,21,13,1,9,5,20,16,14,18,19,4,24,15],[1,21,17,5,9,13,16,20,15,19,18,14,4,24],[17,5,9,21,13,1,20,16,19,15,18,14,4,24],[1,21,13,17,9,5,16,20,14,18,19,4,24,15],[5,17,13,9,1,21,20,16,19,14,4,24],[9,13,5,17,21,1,20,16,19,14,4,24],[1,13,21,9,5,17,16,20,14,18,19,4,24,15],[21,13,9,5,17,1,16,20,14,19,4,24],[9,5,21,1,13,17,20,16,14,18,15,19,4,24],[13,1,5,9,17,21,20,16,15,19,18,14,4,24],[21,17,5,1,9,13,16,20,15,18,14,19,4,24],[1,9,5,13,17,21,20,16,15,18,14,19,4,24],[21,1,5,9,13,17,20,16,19,14,4,24],[9,5,1,13,21,17,20,16,19,14,4,24],[1,9,21,13,5,17,16,20,14,18,15,19,4,24],[1,13,17,21,9,5,20,16,19,14,4,24],[21,1,17,5,13,9,20,16,18,14,19,4,24,15],[1,17,13,5,21,9,20,16,19,15,18,14,4,24],[5,17,21,13,9,1,20,16,18,15,14,19,4,24],[21,13,17,9,5,1,16,20,15,18,19,14,4,24],[1,17,9,5,13,21,20,16,18,15,19,14,4,24],[9,21,5,1,13,17,20,16,15,18,19,14,4,24],[17,9,13,5,21,1,16,20,14,18,15,19,4,24],[1,5,9,13,21,17,20,16,14,18,19,4,24,15],[13,1,17,9,21,5,20,16,15,19,18,14,4,24],[5,21,9,17,13,1,16,20,18,14,15,19,4,24],[5,9,17,13,1,21,16,20,19,15,14,4],[1,5,21,9,13,17,16,20,19,15,14,4],[13,21,9,5,17,1,20,16,18,14,19,4,24,15],[9,17,13,1,21,5,20,16,18,15,14,19,4,24],[1,5,9,17,13,21,16,20,19,14,4,24],[17,1,21,13,5,9,16,20,19,14,4,24],[21,1,9,13,17,5,20,16,18,15,19,14,4,24],[13,5,17,21,1,9,20,16,18,14,15,19,4,24],[21,13,5,9,17,1,20,16,19,15,18,14,4,24],[13,21,1,9,17,5,16,20,18,14,15,19,4,24],[21,13,5,17,1,9,16,20,19,14,4,24],[9,5,21,1,13,17,16,20,19,15,18,14,4,24],[5,17,1,9,21,13,20,16,18,15,14,19,4,24],[1,5,13,21,9,17,20,16,19,14,4,24],[9,17,13,21,1,5,20,16,14,19,4,24],[17,5,1,9,13,21,20,16,14,18,15,19,4,24],[17,21,13,9,5,1,16,20,19,14,4,24],[13,9,17,21,5,1,20,16,14,18,15,19,4,24],[9,5,17,1,21,13,16,20,15,19,18,14,4,24],[1,13,17,9,21,5,20,16,18,15,14,19,4,24],[17,5,13,21,9,1,20,16,15,18,14,19,4,24],[13,17,9,1,5,21,20,16,19,15,18,14,4,24],[13,17,21,9,5,1,20,16,15,18,14,19,4,24],[13,5,17,1,9,21,16,20,15,18,19,14,4,24],[1,9,17,13,21,5,20,16,19,14,4,24],[9,5,13,1,21,17,16,20,18,15,19,14,4,24],[13,21,1,9,5,17,16,20,15,18,19,14,4,24],[5,1,9,13,21,17,16,20,18,15,19,14,4,24],[5,13,1,9,17,21,20,16,18,14,15,19,4,24],[5,13,17,21,1,9,16,20,15,18,19,14,4,24],[9,21,5,17,1,13,20,16,15,19,18,14,4,24],[1,13,9,21,5,17,20,16,15,18,19,14,4,24],[1,21,13,17,9,5,20,16,18,14,15,19,4,24],[5,9,17,21,13,1,16,20,14,18,19,4,24,15],[1,5,9,13,21,17,20,16,15,18,14,19,4,24],[1,5,13,17,9,21,16,20,14,18,19,4,24,15],[17,13,9,1,5,21,20,16,14,18,15,19,4,24],[9,17,1,21,5,13,20,16,14,18,15,19,4,24],[9,1,13,21,17,5,16,20,14,18,15,19,4,24],[17,13,9,1,5,21,16,20,15,18,14,19,4,24],[13,9,1,5,17,21,16,20,15,19,14,4],[13,9,21,1,5,17,20,16,18,15,19,14,4,24],[13,17,21,1,5,9,20,16,18,14,15,19,4,24],[9,21,13,17,1,5,20,16,19,15,18,14,4,24],[5,9,17,1,13,21,16,20,18,15,14,19,4,24],[1,13,5,17,21,9,20,16,14,19,4,24],[13,9,17,1,21,5,20,16,18,14,15,19,4,24],[21,13,1,9,17,5,20,16,19,14,4,24],[13,21,17,5,9,1,16,20,14,18,15,19,4,24],[21,17,1,9,5,13,20,16,14,18,19,4,24,15],[17,9,1,13,21,5,20,16,15,19,18,14,4,24,2],[13,5,21,17,9,1,20,16,19,15,14,4],[5,9,21,13,1,17,20,16,14,19,4,24],[17,21,9,13,5,1,16,20,19,15,14,4],[17,21,1,9,13,5,16,20,18,15,14,19,4,24],[9,13,17,1,5,21,20,16,19,14,4,24],[1,21,17,5,13,9,20,16,19,15,14,4],[5,21,1,13,9,17,16,20,19,14,4,24],[5,9,21,1,17,13,20,16,15,19,18,14,4,24],[9,1,5,13,21,17,20,16,18,14,19,4,24,15],[1,9,5,17,13,21,20,16,18,14,15,19,4,24],[5,17,1,9,21,13,16,20,18,15,19,14,4,24],[1,17,9,5,13,21,16,20,18,14,15,19,4,24],[13,1,5,21,9,17,16,20,14,19,4,24],[9,21,17,13,1,5,20,16,19,15,14,4],[13,1,17,5,9,21,20,16,15,18,19,14,4,24],[17,13,5,1,21,9,16,20,18,15,19,14,4,24],[13,5,9,1,17,21,20,16,18,15,19,14,4,24],[9,1,5,13,21,17,20,16,14,19,4,24],[1,17,13,5,9,21,20,16,15,18,14,19,4,24],[5,9,17,13,21,1,20,16,15,18,19,14,4,24],[21,17,1,9,13,5,16,20,18,15,19,14,4,24],[21,5,1,17,9,13,20,16,18,15,19,14,4,24],[13,5,9,17,1,21,16,20,14,18,15,19,4,24],[21,13,9,1,17,5,16,20,19,15,18,14,4,24],[9,1,17,5,21,13,16,20,18,14,19,4,24,15],[17,21,13,5,9,1,16,20,18,15,19,14,4,24],[5,21,13,1,17,9,16,20,18,14,15,19,4,24],[1,5,13,9,17,21,16,20,19,14,4,24],[21,5,13,1,9,17,16,20,19,15,14,4],[1,5,21,9,13,17,16,20,18,14,15,19,4,24],[5,17,13,21,1,9,16,20,18,14,19,4,24,15],[17,13,1,5,21,9,20,16,15,19,18,14,4,24],[17,9,21,5,1,13,16,20,15,19,14,4],[1,5,17,13,21,9,20,16,15,19,14,4],[21,1,5,13,9,17,16,20,19,14,4,24],[21,5,1,13,17,9,20,16,19,15,18,14,4,24],[9,5,1,21,13,17,20,16,19,15,14,4],[17,1,9,13,21,5,20,16,14,18,15,19,4,24],[17,1,5,21,13,9,16,20,14,19,24],[17,5,21,1,13,9,20,16,19,14,4,24],[17,1,5,21,9,13,16,20,15,19,18,14,4,24],[1,21,13,17,9,5,20,16,14,18,19,4,24,15],[13,1,17,21,5,9,16,20,15,19,18,14,4,24],[9,21,13,17,5,1,16,20,14,19,4,24],[5,17,1,13,9,21,20,16,18,15,19,14,4,24],[1,17,9,13,5,21,20,16,19,14,4,24],[1,13,5,21,17,9,20,16,14,18,19,4,24,15],[5,17,9,21,1,13,20,16,14,19,4,24],[5,9,17,13,21,1,16,20,18,14,15,19,4,24],[17,13,1,21,5,9,16,20,14,19,4,24],[9,1,5,17,13,21,16,20,18,15,14,19,4,24],[13,21,5,9,1,17,16,20,19,15,14,4],[13,1,5,9,17,21,16,20,19,14,4,24],[9,5,17,1,21,13,16,20,18,15,14,19,4,24],[13,5,9,17,1,21,20,16,19,15,14,4],[13,21,17,9,5,1,16,20,15,19,18,14,4,24],[21,17,5,13,1,9,16,20,14,18,15,19,4,24],[1,5,9,13,17,21,20,16,18,15,19,14,4,24],[1,13,5,9,17,21,20,16,19,14,4,24],[17,9,13,21,5,1,16,20,18,14,15,19,4,24],[1,9,13,17,21,5,20,16,14,18,15,19,4,24],[13,21,9,1,17,5,20,16,18,15,14,19,4,24],[9,21,5,13,17,1,20,16,19,14,4,24],[9,21,17,1,13,5,16,20,18,15,19,14,4,24],[5,17,9,13,1,21,16,20,14,18,15,19,4,24],[17,1,9,5,13,21,16,20,19,15,18,14,4,24],[17,9,1,13,21,5,16,20,19,14,4,24],[17,1,9,13,21,5,16,20,14,18,15,19,4,24],[17,5,9,1,13,21,16,20,19,14,4,24],[21,9,5,13,17,1,16,20,15,18,14,19,4,24],[1,5,21,17,9,13,20,16,15,18,14,19,4,24],[21,13,1,5,17,9,20,16,19,14,4,24],[9,13,5,21,17,1,16,20,18,14,15,19,4,24],[13,21,9,5,1,17,20,16,18,14,15,19,4,24],[1,17,5,21,9,13,20,16,19,15,18,14,4,24],[17,9,21,13,5,1,16,20,19,15,14,4],[13,21,5,1,9,17,16,20,15,19,14,4],[17,5,1,13,9,21,16,20,18,14,15,19,4,24],[17,5,1,13,9,21,20,16,19,15,14,4],[13,1,17,5,21,9,20,16,14,18,19,4,24,15],[5,9,1,13,21,17,20,16,19,14,4,24],[5,13,17,1,9,21,16,20,14,18,19,4,24,15],[1,21,9,13,5,17,20,16,19,14,4,24],[9,21,5,13,17,1,16,20,18,14,19,4,24,15],[9,5,17,13,21,1,20,16,15,19,18,14,4,24],[21,17,1,13,5,9,20,16,14,18,15,19,4,24],[9,13,5,1,21,17,20,16,14,19,4,24],[1,21,9,5,17,13,16,20,15,18,14,19,4,24],[17,13,1,9,5,21,20,16,18,15,14,19,4,24],[21,5,17,9,13,1,20,16,19,15,14,4],[21,5,17,13,1,9,20,16,18,15,19,14,4,24],[1,9,5,13,17,21,20,16,14,18,19,4,24,15],[1,21,9,5,17,13,20,16,15,18,14,19,4,24],[5,9,21,13,17,1,20,16,15,19,18,14,4,24],[1,9,17,5,13,21,16,20,18,14,19,4,24,15],[9,1,21,17,13,5,20,16,19,14,4,24],[1,13,5,17,21,9,20,16,15,19,14,4],[9,21,1,5,17,13,20,16,19,14,4,24],[1,21,17,9,5,13,20,16,18,14,15,19,4,24],[1,5,17,13,21,9,16,20,15,19,14,4],[21,9,1,13,17,5,16,20,14,19,4,24],[9,17,5,13,1,21,20,16,18,14,15,19,4,24],[13,21,1,9,17,5,20,16,14,18,19,4,24,15],[9,1,5,13,21,17,16,20,15,19,18,14,4,24],[21,13,5,9,1,17,16,20,18,14,19,4,24,15],[17,13,21,5,9,1,20,16,19,14,4,24],[17,9,21,1,5,13,16,20,18,14,19,4,24,15],[9,5,1,17,21,13,20,16,14,18,19,4,24,15],[5,21,17,9,1,13,16,20,15,19,14,4],[17,5,1,9,21,13,20,16,19,15,18,14,4,24],[1,9,17,21,5,13,20,16,19,14,4,24],[21,17,13,5,1,9,20,16,19,14,4,24],[5,1,21,9,13,17,20,16,19,14,4,24],[5,21,1,9,17,13,20,16,18,15,19,14,4,24,2],[13,21,1,5,9,17,16,20,18,15,14,19,4,24],[5,9,17,1,13,21,16,20,18,14,19,4,24,15],[13,5,9,1,17,21,16,20,14,19,4,24],[5,9,17,13,1,21,20,16,19,15,18,14,4,24],[5,1,9,17,21,13,16,20,18,14,19,4,24,15],[17,21,5,9,1,13,16,20,15,18,14,19,4,24],[13,5,17,21,9,1,20,16,18,15,14,19,4,24],[1,9,13,17,5,21,20,16,19,14,4,24],[1,17,9,21,5,13,20,16,14,18,19,4,24,15],[13,21,1,5,17,9,20,16,19,15,14,4],[1,13,9,5,17,21,16,20,15,19,18,14,4,24],[13,5,9,1,21,17,20,16,19,15,14,4],[21,9,13,1,5,17,16,20,14,18,15,19,4,24],[21,13,9,5,1,17,20,16,15,18,19,14,4,24],[1,17,9,21,13,5,16,20,19,14,4,24],[5,9,21,13,1,17,16,20,18,14,15,19,4,24],[17,13,1,21,9,5,20,16,19,14,4,24],[1,17,13,21,9,5,16,20,18,15,19,14,4,24],[13,9,21,17,5,1,16,20,19,14,4,24],[9,17,5,13,1,21,16,20,18,14,19,4,24,15],[21,13,1,9,5,17,20,16,18,15,19,14,4,24],[9,5,17,1,13,21,16,20,18,15,14,19,4,24],[1,17,5,9,21,13,16,20,15,18,19,14,4,24],[17,13,21,5,9,1,20,16,19,14,4,24],[5,17,1,21,9,13,20,16,18,14,15,19,4,24],[21,9,5,1,17,13,20,16,19,14,4,24],[13,17,5,21,1,9,20,16,19,15,14,4],[1,5,17,21,9,13,20,16,19,14,4,24],[9,17,1,21,13,5,20,16,14,18,15,19,4,24],[1,9,5,17,13,21,20,16,14,19,4,24],[5,17,1,21,9,13,20,16,14,18,15,19,4,24],[1,9,17,5,21,13,20,16,14,18,19,4,24,15],[13,21,5,17,9,1,16,20,18,15,19,14,4,24],[13,1,17,9,21,5,20,16,18,15,19,14,4,24],[13,5,21,17,9,1,20,16,19,15,14,4],[21,17,1,9,5,13,16,20,14,18,15,19,4,24],[17,21,5,9,13,1,16,20,15,19,14,4],[13,17,9,5,1,21,20,16,14,19,4,24],[21,13,9,5,1,17,20,16,15,19,18,14,4,24],[9,17,1,5,13,21,16,20,14,18,19,4,24,15],[9,1,13,17,21,5,16,20,14,19,4,24],[5,9,13,1,17,21,16,20,18,14,19,4,24,15],[5,1,21,17,13,9,16,20,15,18,19,14,4,24],[17,13,21,9,1,5,20,16,19,14,4,24],[1,17,21,9,13,5,20,16,14,18,15,19,4,24],[5,1,17,13,9,21,20,16,19,14,4,24],[13,9,1,17,21,5,20,16,19,14,4,24],[21,17,5,13,9,1,16,20,18,15,14,19,4,24],[5,9,13,21,17,1,20,16,19,15,14,4],[1,5,13,21,17,9,20,16,15,18,19,14,4,24],[17,5,9,21,13,1,20,16,14,18,15,19,4,24],[9,17,21,13,1,5,16,20,19,14,4,24],[9,1,5,13,17,21,20,16,14,19,4,24],[17,5,21,1,13,9,16,20,14,18,15,19,4,24],[13,21,5,9,1,17,20,16,19,14,4,24],[9,17,1,21,13,5,16,20,15,18,14,19,4,24],[1,21,17,5,13,9,20,16,15,18,14,19,4,24],[13,21,9,1,17,5,20,16,14,19,4,24],[21,13,5,9,17,1,16,20,19,15,18,14,4,24],[17,1,21,9,13,5,16,20,18,14,19,4,24,15],[17,13,21,5,1,9,16,20,14,18,19,4,24,15],[5,13,9,1,21,17,16,20,14,18,19,4,15,24],[1,13,9,5,17,21,20,16,15,18,4,19,14,24],[1,21,17,9,5,13,20,16,14,19,4,24],[13,9,5,21,17,1,20,16,14,18,19,4,24,15],[9,5,17,1,13,21,16,20,15,19,14,4],[21,13,1,9,5,17,20,16,14,18,15,19,4,24],[13,1,17,9,5,21,20,16,18,15,19,14,4,24],[9,13,17,21,1,5,20,16,19,14,4,24],[13,5,17,9,21,1,20,16,18,15,14,19,4,24],[17,5,13,1,21,9,16,20,18,14,15,19,4,24],[9,17,1,21,13,5,16,20,18,14,19,4,24,15],[9,17,1,21,5,13,20,16,19,14,4,24],[21,13,1,17,9,5,20,16,15,18,14,19,4,24],[9,13,17,1,21,5,20,16,14,18,15,19,4,24],[21,5,9,13,17,1,16,20,14,19,4,24],[21,9,1,13,17,5,16,20,19,15,18,14,4,24],[9,13,17,1,21,5,16,20,15,18,14,19,4,24],[21,13,5,9,1,17,20,16,18,15,14,19,4,24],[1,13,5,21,9,17,20,16,15,19,14,4],[9,21,5,1,13,17,20,16,18,14,15,19,4,24],[21,17,13,9,1,5,16,20,15,19,14,4],[5,1,21,9,17,13,16,20,19,14,4,24],[13,1,9,21,17,5,16,20,19,15,18,14,4,24],[1,21,17,9,13,5,16,20,18,14,15,19,4,24],[5,9,1,21,13,17,20,16,15,18,19,14,4,24],[5,13,1,21,17,9,16,20,19,14,4,24],[5,17,1,13,9,21,16,20,19,15,18,14,4,24],[13,17,1,5,9,21,20,16,14,18,15,19,4,24],[21,9,13,17,1,5,16,20,15,18,14,19,4,24],[1,21,5,17,9,13,16,20,15,19,18,14,4,24],[13,1,5,21,17,9,20,16,14,18,15,19,4,24],[17,9,21,13,5,1,20,16,19,15,18,14,4,24],[21,13,17,9,5,1,20,16,19,14,4,24],[9,21,5,1,13,17,16,20,15,19,18,14,4,24],[21,1,9,17,5,13,20,16,19,15,18,14,4,24],[17,9,1,21,5,13,16,20,18,15,19,14,4,24],[9,5,13,1,21,17,16,20,14,18,15,19,4,24],[21,13,1,5,17,9,16,20,15,18,14,19,4,24],[5,9,21,1,17,13,16,20,14,18,19,4,24,15],[21,13,1,5,17,9,16,20,19,15,14,4],[21,5,9,13,1,17,20,16,15,18,14,19,4,24],[21,17,13,5,1,9,16,20,18,14,19,4,24,15],[17,21,1,5,9,13,16,20,15,18,14,19,4,24],[5,13,21,9,17,1,20,16,14,19,4,24],[13,1,21,17,5,9,16,20,18,15,19,14,4,24],[5,13,17,21,9,1,20,16,19,14,4,24],[17,1,21,13,9,5,16,20,15,19,14,4],[9,13,21,17,1,5,20,16,19,14,4,24],[5,17,9,13,21,1,20,16,19,15,14,4],[9,1,17,21,5,13,16,20,15,19,18,14,4,24],[5,9,1,13,21,17,16,20,14,19,4,24],[9,21,1,13,5,17,16,20,14,18,19,4,24,15],[21,9,13,17,5,1,20,16,15,19,18,14,4,24,2],[21,13,1,5,17,9,20,16,18,14,19,4,24,15],[9,5,21,1,13,17,20,16,19,15,18,14,4,24],[1,17,21,5,9,13,20,16,19,14,4,24],[13,1,21,5,17,9,20,16,15,19,14,4],[5,13,9,21,17,1,16,20,19,14,4,24],[21,1,17,9,13,5,20,16,19,15,14,4],[1,5,9,17,21,13,16,20,14,18,15,19,4,24],[21,17,5,1,9,13,20,16,19,14,4,24],[21,1,17,5,9,13,20,16,18,14,15,19,4,24],[1,21,5,9,13,17,20,16,19,15,14,4],[5,9,13,1,21,17,20,16,18,14,19,4,24,15],[1,17,9,21,13,5,16,20,14,18,15,19,4,24],[5,9,1,13,21,17,16,20,15,19,18,14,4,24],[9,1,21,17,13,5,20,16,14,19,4,24],[13,17,1,9,21,5,20,16,14,18,15,19,4,24],[13,17,5,1,21,9,16,20,14,19,4,24],[13,17,1,9,5,21,20,16,14,19,4,24],[9,17,1,21,13,5,20,16,19,14,4,24],[5,21,9,17,1,13,16,20,18,14,15,19,4,24],[5,21,9,1,13,17,16,20,18,15,19,14,4,24],[13,17,9,21,1,5,20,16,18,15,19,14,4,24],[17,1,5,21,9,13,16,20,19,15,18,14,4,24],[5,9,13,21,1,17,16,20,19,14,4,24],[9,5,13,21,17,1,20,16,18,14,19,4,24,15],[9,17,13,1,21,5,16,20,19,14,4,24],[13,1,17,9,5,21,20,16,14,19,4,24],[1,17,13,5,21,9,16,20,14,18,19,4,24,15],[21,1,5,9,13,17,16,20,15,19,18,14,4,24],[17,21,13,1,9,5,20,16,15,18,19,14,4,24],[17,13,21,5,1,9,20,16,18,14,15,19,4,24],[9,17,5,21,1,13,20,16,14,19,4,24],[5,13,21,17,9,1,20,16,14,19,4,24],[1,17,21,5,9,13,20,16,14,19,4,24],[17,13,9,5,21,1,16,20,18,14,15,19,4,24],[17,13,5,1,9,21,20,16,19,15,14,4],[5,17,21,1,9,13,20,16,15,18,14,19,4,24],[9,13,21,1,17,5,16,20,15,19,18,14,4,24],[5,17,9,1,21,13,20,16,14,18,19,4,24,15],[5,17,21,9,13,1,20,16,14,19,4,24],[5,9,13,1,17,21,20,16,15,18,14,19,4,24],[17,21,1,9,5,13,16,20,19,15,14,4],[21,17,5,1,9,13,20,16,18,14,19,4,24,15],[5,9,1,17,13,21,20,16,15,19,14,4],[17,13,9,5,21,1,20,16,19,15,14,4],[13,1,5,9,17,21,20,16,15,19,14,4],[9,5,21,1,13,17,16,20,15,19,14,4],[1,9,17,13,5,21,16,20,19,15,14,4],[17,1,5,21,13,9,16,20,18,14,15,19,4,24],[21,1,5,13,9,17,16,20,19,15,18,14,4,24],[13,1,9,5,21,17,20,16,14,18,15,19,4,24],[21,1,13,17,5,9,20,16,14,18,15,19,4,24],[13,9,1,21,17,5,20,16,18,15,14,19,4,24],[17,5,9,13,1,21,20,16,18,14,15,19,4,24],[13,5,9,17,21,1,20,16,19,14,4,24],[5,17,1,21,9,13,16,20,14,18,15,19,4,24],[9,5,21,13,1,17,16,20,14,18,15,19,4,24],[5,21,9,1,13,17,20,16,14,19,4,24],[13,17,9,1,21,5,20,16,15,18,14,19,4,24],[5,17,9,21,1,13,16,20,18,15,14,19,4,24],[1,9,13,5,21,17,20,16,15,19,18,14,4,24],[1,21,13,5,9,17,20,16,18,15,19,14,4,24],[21,9,17,1,13,5,20,16,15,19,18,14,4,24],[17,1,21,9,5,13,16,20,18,14,19,4,24,15],[21,5,1,17,9,13,20,16,18,14,19,4,24,15],[5,1,21,9,17,13,16,20,19,15,14,4],[1,13,21,5,9,17,20,16,15,19,14,4],[5,13,1,21,17,9,16,20,14,18,19,4,24,15],[5,21,9,17,1,13,16,20,18,15,14,19,4,24],[5,1,17,21,9,13,20,16,14,18,15,19,4,24],[5,9,13,17,1,21,16,20,19,15,14,4],[9,5,1,17,21,13,20,16,18,14,19,4,24,15],[21,1,13,17,9,5,16,20,19,14,4,24],[5,17,1,9,21,13,20,16,15,19,14,4],[17,5,9,13,1,21,16,20,15,18,14,19,4,24],[1,17,21,9,5,13,16,20,14,18,19,4,24,15],[17,5,21,13,9,1,16,20,19,14,4,24],[21,13,5,17,9,1,20,16,18,15,14,19,4,24],[9,5,21,17,13,1,20,16,15,18,14,19,4,24],[9,21,17,13,1,5,20,16,14,18,15,19,4,24],[9,17,5,13,1,21,16,20,14,19,4,24],[9,1,13,17,5,21,20,16,14,19,4,24],[17,21,1,9,13,5,20,16,18,15,19,14,4,24],[13,17,21,9,5,1,20,16,18,15,19,14,4,24],[1,13,21,9,17,5,16,20,14,18,15,19,4,24],[1,5,9,13,21,17,16,20,14,19,4,24],[13,5,1,21,17,9,16,20,15,19,18,14,4,24],[17,9,21,1,5,13,20,16,19,14,4,24],[13,17,9,5,1,21,16,20,15,19,18,14,4,24],[17,9,13,21,1,5,16,20,18,15,19,14,4,24],[17,13,5,9,1,21,20,16,19,15,14,4],[13,9,1,17,21,5,20,16,19,14,4,24],[13,17,21,5,9,1,20,16,15,18,19,14,4,24],[9,17,13,5,21,1,20,16,19,14,4,24],[21,5,1,9,17,13,16,20,19,14,24],[1,13,21,5,17,9,20,16,14,18,15,19,4,24],[21,9,5,17,1,13,20,16,15,19,14,4],[1,21,5,13,17,9,20,16,15,18,14,19,4,24],[17,1,21,9,13,5,16,20,19,14,4,24],[17,1,9,21,13,5,20,16,18,14,19,4,24,15],[13,17,1,21,9,5,16,20,15,18,19,14,4,24],[5,1,9,21,13,17,16,20,14,19,4,24],[13,1,17,21,5,9,20,16,15,18,14,19,4,24],[1,21,5,9,13,17,20,16,19,15,14,4],[5,21,17,1,9,13,16,20,14,18,15,19,4,24],[17,9,21,1,5,13,16,20,15,18,19,14,4,24],[13,17,9,21,5,1,20,16,15,19,18,14,4,24],[17,21,5,1,13,9,16,20,18,14,19,4,24,15],[9,5,13,21,17,1,20,16,14,19,4,24],[17,1,21,5,9,13,16,20,19,14,4,24],[9,17,21,1,5,13,20,16,19,14,4,24],[5,1,21,17,13,9,20,16,14,18,19,4,24,15],[9,5,21,1,13,17,20,16,14,18,15,19,4,24],[5,21,1,9,13,17,16,20,19,14,4,24],[5,9,1,17,21,13,16,20,14,18,19,4,24,15],[5,21,9,1,17,13,16,20,18,14,15,19,4,24],[1,21,17,5,9,13,20,16,15,19,14,4],[17,1,5,21,9,13,16,20,19,15,14,4],[17,13,1,9,5,21,20,16,19,15,18,14,4,24],[1,9,17,5,13,21,16,20,15,19,18,14,4,24],[21,5,17,1,9,13,16,20,18,14,19,4,24,15],[5,13,1,9,17,21,20,16,15,19,14,4],[21,13,9,17,1,5,16,20,18,15,14,19,4,24],[1,5,9,17,13,21,20,16,14,19,4,24],[21,9,13,5,17,1,16,20,18,14,15,19,4,24],[13,21,1,9,5,17,20,16,15,19,18,14,4,24],[9,13,1,17,21,5,16,20,19,15,14,4],[13,17,1,5,9,21,16,20,18,15,14,19,4,24],[17,1,9,13,5,21,20,16,14,18,15,19,4,24],[5,21,13,1,17,9,20,16,14,18,19,4,24,15],[17,1,21,9,5,13,16,20,15,19,14,4],[9,13,1,5,17,21,20,16,18,15,19,14,4,24],[13,1,17,21,5,9,16,20,19,15,18,14,4,24],[9,13,21,17,5,1,16,20,19,14,4,24],[5,13,17,9,21,1,16,20,18,14,15,19,4,24],[9,5,21,1,13,17,16,20,15,18,14,19,4,24],[13,5,17,1,9,21,20,16,18,15,19,14,4,24],[1,9,5,21,13,17,16,20,19,14,4,24],[9,1,17,13,5,21,20,16,18,14,19,4,24,15],[5,17,21,1,9,13,16,20,15,18,14,19,4,24],[17,21,1,9,13,5,16,20,18,15,4,14,19,24],[17,9,13,5,21,1,16,20,19,14,4,24],[1,5,17,21,13,9,16,20,18,14,15,19,4,24],[13,1,9,5,17,21,20,16,15,18,14,19,4,24],[9,17,13,1,21,5,20,16,19,14,4,24],[5,13,21,17,9,1,20,16,14,18,15,19,4,24],[5,13,1,9,21,17,20,16,14,18,19,4,24,15],[1,17,21,9,5,13,16,20,19,15,18,14,4,24],[1,13,17,9,21,5,20,16,15,18,19,14,4,24],[13,1,17,9,21,5,20,16,18,15,14,19,4,24],[9,21,1,13,5,17,16,20,19,14,4,24],[1,21,17,13,9,5,16,20,14,18,15,19,4,24],[9,13,5,1,17,21,20,16,14,19,4,24],[13,21,17,9,5,1,16,20,15,19,14,4],[1,17,21,5,13,9,16,20,18,15,19,14,4,24],[17,13,21,5,9,1,16,20,14,18,15,19,4,24],[17,13,9,5,21,1,20,16,14,18,15,19,4,24],[9,13,17,21,5,1,20,16,15,19,14,4],[1,21,5,13,9,17,16,20,15,19,14,4],[21,13,5,17,9,1,16,20,14,18,15,19,4,24],[13,1,5,17,9,21,16,20,19,15,18,14,4,24],[17,21,5,9,13,1,20,16,14,19,4,24],[5,9,17,21,13,1,20,16,18,14,15,19,4,24],[17,9,5,21,13,1,20,16,14,19,4,24],[17,21,1,5,13,9,16,20,14,18,19,4,24,15],[13,5,21,17,1,9,20,16,18,15,14,19,4,24],[1,13,21,5,17,9,20,16,15,19,14,4],[9,5,13,21,1,17,16,20,14,19,4,24],[13,5,1,17,21,9,20,16,14,19,4,24],[21,5,17,9,1,13,20,16,14,18,15,19,4,24],[9,1,13,17,21,5,16,20,15,18,14,19,4,24],[9,13,17,1,21,5,16,20,18,14,15,19,4,24],[13,5,21,1,17,9,20,16,15,18,14,19,4,24],[13,17,9,21,5,1,16,20,19,14,4,24],[17,13,1,5,21,9,20,16,19,15,18,14,4,24],[5,1,9,13,21,17,16,20,18,15,19,14,4,24],[13,1,5,17,21,9,20,16,18,14,19,4,24,15],[21,17,13,1,5,9,20,16,18,14,15,19,4,24],[17,5,9,21,1,13,20,16,15,18,14,19,4,24],[17,13,9,1,5,21,16,20,15,18,19,14,4,24],[5,21,9,17,13,1,16,20,15,18,19,14,4,24],[13,17,5,1,21,9,16,20,14,18,15,19,4,24],[17,9,13,5,21,1,20,16,14,19,4,24],[13,1,5,21,17,9,20,16,19,15,18,14,4,24],[1,17,9,5,21,13,16,20,18,15,19,14,4,24],[9,13,21,17,5,1,20,16,18,15,19,14,4,24],[9,5,1,13,21,17,20,16,18,14,15,19,4,24],[9,21,1,17,5,13,16,20,14,19,4,24],[17,21,5,9,13,1,16,20,15,18,19,14,4,24],[9,21,17,1,13,5,20,16,18,15,19,14,4,24],[1,21,17,13,5,9,20,16,19,15,18,14,4,24],[9,1,21,5,13,17,16,20,15,18,14,19,4,24],[17,1,5,9,21,13,16,20,18,15,14,19,4,24],[13,21,9,17,5,1,16,20,14,19,4,24],[9,1,13,5,17,21,16,20,15,18,14,19,4,24],[17,5,21,9,13,1,20,16,18,14,15,19,4,24],[1,17,9,5,21,13,16,20,15,19,18,14,4,24],[13,9,5,21,1,17,16,20,14,18,19,4,24,15],[1,21,13,17,5,9,16,20,18,14,15,19,4,24],[1,5,9,13,17,21,20,16,19,15,18,14,4,24],[9,13,21,17,1,5,20,16,18,15,14,19,4,24],[21,17,1,13,5,9,16,20,18,14,19,4,24,15],[5,13,21,1,9,17,20,16,19,15,14,4],[17,13,1,9,21,5,16,20,19,14,4,24],[21,1,13,17,5,9,16,20,15,19,14,4],[13,1,5,21,9,17,20,16,18,14,15,19,4,24],[1,13,5,17,9,21,16,20,19,15,14,4],[5,21,9,17,1,13,20,16,14,19,4,24],[5,17,21,1,13,9,16,20,14,19,4,24],[5,17,21,1,13,9,20,16,18,14,15,19,4,24],[21,1,5,17,13,9,20,16,14,19,4,24],[17,5,1,9,21,13,20,16,18,14,19,4,24,15],[13,5,1,9,21,17,16,20,19,14,4,24],[5,17,1,13,9,21,16,20,14,18,15,19,4,24],[9,17,21,13,1,5,16,20,19,14,4,24],[9,13,1,5,21,17,20,16,18,14,19,4,24,15],[17,1,13,21,5,9,16,20,15,19,14,4],[1,17,5,13,21,9,16,20,14,18,19,4,24,15],[13,9,17,5,1,21,20,16,18,14,15,19,4,24],[1,17,5,21,13,9,16,20,18,14,15,19,4,24],[17,9,13,1,5,21,16,20,19,14,4,24],[1,5,9,13,17,21,20,16,15,19,14,4],[21,5,1,13,9,17,16,20,18,15,14,19,4,24],[21,5,17,9,1,13,16,20,19,15,14,4],[5,9,17,21,1,13,16,20,15,19,14,4],[13,21,1,9,17,5,20,16,14,18,19,4,24,15],[21,1,17,9,13,5,16,20,19,14,4,24],[9,17,21,13,5,1,16,20,15,19,14,4],[21,9,17,13,5,1,16,20,19,15,18,14,4,24],[21,9,13,5,1,17,20,16,18,14,15,19,4,24],[21,17,5,9,1,13,20,16,14,19,4,24],[1,9,17,21,13,5,16,20,18,14,15,19,4,24],[5,17,9,1,21,13,16,20,19,14,4,24],[13,5,21,1,9,17,20,16,14,18,15,19,4,24],[13,17,1,21,5,9,20,16,14,19,4,24],[5,9,13,1,17,21,20,16,19,15,18,14,4,24],[1,17,21,13,5,9,20,16,19,15,14,4],[1,9,13,17,21,5,20,16,18,15,14,19,4,24],[17,1,21,9,13,5,20,16,15,18,19,14,4,24],[21,1,17,5,9,13,16,20,18,14,15,19,4,24],[1,21,5,13,17,9,20,16,14,19,4,24],[5,17,21,1,13,9,16,20,19,15,18,14,4,24],[1,21,5,9,17,13,16,20,18,14,19,4,24,15],[21,13,9,5,1,17,20,16,15,19,14,4],[5,9,1,17,13,21,20,16,18,14,19,4,24,15],[13,21,17,9,5,1,16,20,15,19,14,4],[17,1,5,21,9,13,20,16,15,19,14,4],[21,17,13,5,9,1,20,16,14,18,19,24,4,15],[1,17,9,5,13,21,20,16,15,19,18,14,4,24],[1,17,9,13,21,5,20,16,14,18,15,19,4,24],[5,13,1,21,17,9,20,16,18,15,19,14,4,24],[9,21,1,5,13,17,20,16,15,18,19,14,4,24],[21,13,9,1,17,5,20,16,14,19,4,24],[21,9,1,5,13,17,20,16,15,19,14,4],[21,5,17,9,13,1,20,16,18,15,19,14,4,24],[5,1,9,17,13,21,20,16,15,18,19,14,4,24],[1,9,5,17,21,13,16,20,18,15,14,19,4,24],[21,13,17,5,9,1,20,16,15,18,14,19,4,24],[13,21,1,9,17,5,16,20,15,18,19,14,4,24],[5,9,13,21,17,1,16,20,19,14,4,24],[21,17,1,5,9,13,20,16,14,19,4,24],[5,13,21,1,9,17,20,16,18,14,15,19,4,24],[13,9,21,1,17,5,16,20,18,15,14,19,4,24],[1,21,17,9,5,13,20,16,19,15,18,14,4,24],[17,5,21,9,13,1,16,20,19,14,4,24],[5,21,13,17,1,9,20,16,19,15,18,14,4,24],[1,17,13,5,21,9,20,16,18,15,14,19,4,24],[9,13,5,17,21,1,16,20,15,18,14,19,4,24],[9,13,21,5,1,17,20,16,19,15,18,14,4,24],[21,17,9,1,5,13,16,20,15,19,14,4],[1,5,9,21,13,17,20,16,14,19,4,24],[9,21,1,13,5,17,20,16,14,18,15,19,4,24],[1,17,9,13,21,5,20,16,14,18,15,19,4,24],[17,9,13,5,21,1,16,20,18,15,19,14,4,24],[21,5,17,13,1,9,20,16,19,14,4,24],[9,1,5,21,17,13,16,20,15,18,14,19,4,24],[13,5,9,1,17,21,20,16,18,15,14,19,4,24],[9,13,21,1,17,5,20,16,18,14,19,4,24,15],[17,5,9,21,1,13,16,20,18,15,19,14,4,24],[5,1,17,21,13,9,20,16,15,19,18,14,4,24],[1,13,5,17,9,21,16,20,15,19,14,4],[21,13,5,17,1,9,16,20,15,19,14,4],[5,21,1,13,17,9,16,20,14,18,15,19,4,24],[21,17,9,1,5,13,20,16,15,19,14,4],[5,1,17,9,13,21,20,16,18,15,19,14,4,24],[5,1,13,21,17,9,16,20,15,19,14,4],[21,13,1,17,9,5,16,20,15,18,19,14,4,24],[13,1,21,17,5,9,16,20,19,15,14,4],[13,17,21,5,1,9,20,16,14,18,19,4,24,15],[13,1,9,5,17,21,20,16,15,18,19,14,4,24],[5,17,1,13,9,21,20,16,19,14,4,24],[9,5,13,1,17,21,16,20,15,19,14,4],[21,5,13,17,9,1,16,20,15,19,14,4],[1,13,9,21,5,17,16,20,18,15,19,14,4,24],[5,1,21,13,9,17,20,16,15,19,18,14,4,24],[1,21,5,17,13,9,16,20,15,18,19,14,4,24],[17,21,5,13,9,1,16,20,15,19,14,4],[5,1,9,17,21,13,16,20,19,15,18,14,4,24],[21,9,17,5,1,13,16,20,18,15,14,19,4,24],[21,13,1,5,17,9,20,16,18,14,15,19,4,24],[13,1,9,5,17,21,16,20,18,14,15,19,4,24],[1,9,17,13,21,5,16,20,19,15,14,4],[5,1,9,17,21,13,16,20,14,18,15,19,4,24],[21,13,1,17,5,9,16,20,14,18,15,19,4,24],[9,13,17,1,21,5,20,16,19,14,4,24],[9,13,5,17,1,21,20,16,18,15,14,19,4,24],[9,1,13,5,17,21,20,16,19,14,4,24],[9,1,13,5,17,21,16,20,19,15,14,4],[1,13,17,9,5,21,20,16,15,18,19,14,4,24],[13,17,21,9,1,5,16,20,19,14,4,24],[17,21,13,1,5,9,16,20,15,19,14,4],[13,5,9,21,17,1,16,20,14,18,15,19,4,24],[1,21,5,13,17,9,20,16,19,15,14,4],[9,21,17,1,5,13,16,20,19,14,4,24],[1,17,21,13,9,5,16,20,14,19,4,24],[13,9,21,17,1,5,16,20,15,18,19,14,4,24],[9,13,17,5,1,21,16,20,19,14,4,24],[1,17,13,9,5,21,20,16,15,19,14,4],[21,5,1,17,9,13,16,20,15,19,14,4],[17,21,5,9,1,13,20,16,18,14,15,19,4,24],[21,17,1,9,13,5,20,16,14,18,19,4,24,15],[17,21,1,9,13,5,16,20,18,15,19,14,4,24],[5,21,9,13,1,17,20,16,18,15,14,19,4,24],[21,13,1,17,5,9,16,20,15,18,19,14,4,24],[9,21,5,13,1,17,16,20,19,14,4,24],[21,13,1,5,17,9,16,20,14,18,19,4,24,15],[13,17,5,1,21,9,16,20,18,15,14,19,4,24],[17,5,9,13,21,1,20,16,19,15,14,4],[1,9,17,5,13,21,20,16,19,15,18,14,4,24],[17,5,13,9,1,21,16,20,19,15,18,14,4,24],[13,1,17,5,9,21,16,20,18,14,15,19,4,24],[13,9,5,21,1,17,20,16,15,19,18,14,4,24],[21,9,5,17,13,1,16,20,19,15,18,14,4,24],[9,21,13,5,1,17,16,20,14,19,4,24],[5,21,13,1,9,17,20,16,14,19,4,24],[13,9,17,21,5,1,20,16,19,14,4,24],[13,21,9,17,1,5,20,16,14,19,4,24],[9,17,5,13,1,21,16,20,18,14,19,4,24,15],[5,17,13,1,21,9,20,16,14,18,15,19,4,24],[9,5,1,21,13,17,20,16,15,19,18,14,4,24],[13,17,21,1,9,5,20,16,19,14,4,24],[9,13,17,5,1,21,16,20,15,19,14,4],[5,1,9,21,17,13,20,16,14,18,15,19,4,24],[13,9,1,5,21,17,16,20,14,18,19,4,24,15],[13,17,5,21,1,9,20,16,14,18,15,19,4,24],[13,17,9,21,5,1,20,16,14,19,4,24],[5,13,17,9,21,1,20,16,19,15,14,4],[1,9,21,13,17,5,16,20,18,14,15,19,4,24],[1,17,21,5,13,9,16,20,15,19,18,14,4,24],[17,1,13,5,9,21,16,20,15,18,19,14,4,24],[1,13,5,17,9,21,16,20,14,19,4,24],[13,17,21,1,9,5,16,20,19,15,14,4],[5,17,21,9,13,1,20,16,15,19,18,14,4,24],[5,21,1,13,17,9,16,20,15,18,14,19,4,24],[13,9,21,1,5,17,16,20,15,18,14,19,4,24],[1,5,17,9,21,13,20,16,15,19,14,4],[1,17,21,5,9,13,16,20,19,14,4,24],[13,17,9,1,5,21,20,16,14,19,4,24],[9,13,17,5,21,1,16,20,19,15,14,4],[1,5,9,13,17,21,20,16,19,15,14,4],[17,5,9,21,1,13,20,16,19,15,18,14,4,24],[1,21,5,13,17,9,20,16,19,15,14,4],[9,17,21,13,5,1,16,20,15,19,14,4],[21,17,9,13,5,1,20,16,19,14,4,24],[21,17,5,1,13,9,20,16,15,18,14,19,4,24],[13,17,9,21,5,1,16,20,14,19,4,24],[9,21,1,17,13,5,20,16,14,18,19,4,24,15],[13,5,1,17,21,9,20,16,14,19,4,24]],"n_human":7}