{"problem_id": "GfmMpiq6KeZDgh3", "sigma": 150, "alpha": 1.0, "cost": 1, "probabilities": "[0.03, 0.5, 0.11, 0.36]", "payoff_matrix": "[[316, -34, 384, -14, 19, 132], [3, -49, -22, 66, 184, 29], [-267, 173, -53, 47, 77, 86], [-124, 59, -143, -95, -79, 76]]", "uncovered": [[22, 10, 18, 6, 2, 14, 16], [22, 18, 6, 10, 14, 2, 16], [10, 6, 14, 18, 22, 2, 16], [14, 22, 2, 10, 18, 6, 20, 16, 24, 4], [10, 14, 2, 6, 18, 22, 20, 16, 24, 4], [18, 6, 22, 10, 2, 14, 20, 16, 24, 4], [6, 22, 2, 10, 18, 14, 16], [10, 22, 14, 2, 18, 6, 20, 16, 24, 4], [2, 6, 14, 10, 22, 18, 20, 16, 24, 4], [18, 22, 2, 14, 10, 6, 16], [18, 2, 14, 10, 6, 22, 16], [18, 14, 2, 10, 6, 22, 20, 16, 24, 4], [10, 14, 6, 22, 2, 18, 16], [6, 18, 22, 14, 10, 2, 16], [14, 10, 6, 18, 2, 22, 20, 16, 24, 4], [2, 14, 18, 6, 10, 22, 16], [10, 14, 6, 2, 22, 18, 16], [6, 22, 14, 2, 10, 18, 16], [2, 18, 6, 14, 10, 22, 20, 16, 24, 4], [10, 14, 2, 6, 22, 18, 16], [6, 18, 22, 2, 10, 14, 20, 16, 24, 4], [22, 2, 18, 14, 10, 6, 20, 16, 24, 4], [14, 10, 6, 22, 18, 2, 16], [14, 10, 2, 18, 6, 22, 16], [22, 14, 6, 10, 2, 18, 20, 16, 24, 4], [6, 22, 14, 2, 10, 18, 20, 16, 24, 4], [14, 2, 18, 6, 10, 22, 20, 16, 24, 4], [18, 14, 10, 6, 22, 2, 16], [6, 22, 14, 18, 10, 2, 16], [10, 18, 14, 6, 22, 2, 16], [18, 6, 10, 2, 22, 14, 16], [18, 10, 14, 6, 22, 2, 20, 16, 24, 4], [14, 10, 2, 18, 22, 6, 16], [18, 10, 14, 6, 2, 22, 20, 16, 24, 4], [22, 18, 10, 14, 2, 6, 20, 16, 24, 4], [10, 2, 6, 14, 22, 18, 16], [14, 6, 2, 10, 18, 22, 20, 16, 24, 4], [10, 22, 6, 14, 2, 18, 16], [2, 6, 18, 14, 22, 10, 20, 16, 24, 4], [6, 22, 18, 2, 14, 10, 20, 16, 24, 4], [22, 6, 2, 18, 14, 10, 20, 16, 24, 4], [10, 22, 2, 14, 6, 18, 20, 16, 24, 4], [10, 18, 22, 6, 14, 2, 20, 16, 24, 4], [18, 14, 22, 6, 2, 10, 20, 16, 24, 4], [14, 18, 22, 10, 2, 6, 16], [6, 18, 14, 2, 10, 22, 20, 16, 24, 4], [6, 14, 2, 18, 10, 22, 20, 16, 24, 4], [2, 14, 22, 10, 18, 6, 16], [10, 18, 2, 6, 14, 22, 16], [6, 18, 22, 14, 2, 10, 20, 16, 24, 4], [14, 22, 10, 18, 2, 6, 20, 16, 24, 4], [6, 22, 10, 2, 18, 14, 16], [6, 22, 14, 18, 10, 2, 16], [6, 14, 22, 18, 2, 10, 16], [22, 6, 14, 18, 10, 2, 20, 16, 24, 4], [18, 6, 10, 14, 2, 22, 20, 16, 24, 4], [10, 6, 18, 22, 14, 2, 20, 16, 24, 4], [18, 2, 10, 14, 22, 6, 20, 16, 24, 4], [2, 18, 10, 22, 14, 6, 20, 16, 24, 4], [2, 22, 18, 14, 10, 6, 20, 16, 24, 4], [18, 6, 2, 10, 22, 14, 16], [2, 14, 18, 22, 10, 6, 20, 16, 24, 4], [14, 10, 2, 22, 6, 18, 20, 16, 24, 4], [14, 6, 2, 18, 10, 22, 16], [14, 6, 10, 18, 2, 22, 16], [18, 10, 22, 6, 14, 2, 20, 16, 24, 4], [10, 18, 2, 6, 14, 22, 16], [22, 6, 2, 18, 10, 14, 20, 16, 24, 4], [10, 2, 18, 6, 22, 14, 20, 16, 24, 4], [18, 2, 14, 6, 22, 10, 16], [22, 6, 14, 18, 10, 2, 16], [6, 22, 10, 14, 18, 2, 20, 16, 24, 4], [2, 10, 18, 6, 22, 14, 20, 16, 24, 4], [2, 10, 22, 14, 18, 6, 20, 16, 24, 4], [10, 22, 6, 2, 18, 14, 20, 16, 24, 4], [14, 18, 6, 10, 22, 2, 20, 16, 24, 4], [10, 22, 14, 2, 6, 18, 20, 16, 24, 4], [2, 6, 18, 10, 14, 22, 16], [18, 6, 14, 2, 10, 22, 20, 16, 24, 4], [6, 18, 2, 22, 14, 10, 20, 16, 24, 4], [18, 14, 10, 2, 6, 22, 16], [6, 14, 10, 18, 22, 2, 16], [22, 18, 6, 2, 14, 10, 16], [2, 18, 6, 10, 22, 14, 16], [2, 10, 6, 18, 14, 22, 16], [22, 2, 6, 10, 14, 18, 20, 16, 24, 4], [14, 2, 6, 22, 18, 10, 16], [2, 18, 6, 10, 14, 22, 16], [18, 6, 10, 22, 14, 2, 20, 16, 24, 4], [10, 18, 14, 2, 22, 6, 16], [10, 6, 14, 2, 18, 22, 16], [6, 18, 14, 10, 2, 22, 16], [14, 6, 22, 2, 18, 10, 20, 16, 24, 4], [2, 22, 18, 14, 10, 6, 20, 16, 24, 4], [2, 10, 18, 22, 14, 6, 20, 16, 24, 4], [2, 10, 6, 18, 22, 14, 16], [6, 10, 14, 18, 22, 2, 16], [18, 22, 6, 10, 14, 2, 16], [6, 22, 14, 18, 10, 2, 16], [18, 22, 2, 14, 6, 10, 20, 16, 24, 4], [6, 10, 2, 18, 22, 14, 20, 16, 24, 4], [10, 6, 18, 22, 2, 14, 20, 16, 24, 4], [6, 10, 22, 18, 14, 2, 16], [10, 18, 6, 14, 22, 2, 16], [2, 22, 6, 18, 10, 14, 16], [6, 22, 10, 14, 2, 18, 20, 16, 24, 4], [2, 10, 22, 18, 14, 6, 16], [18, 22, 10, 14, 2, 6, 16], [14, 18, 22, 6, 2, 10, 20, 16, 24, 4], [18, 14, 6, 22, 10, 2, 16], [22, 2, 18, 14, 6, 10, 16], [22, 18, 10, 14, 6, 2, 20, 16, 24, 4], [22, 14, 6, 10, 2, 18, 20, 16, 24, 4], [18, 10, 6, 2, 14, 22, 16], [18, 6, 2, 14, 22, 10, 20, 16, 24, 4], [14, 18, 10, 2, 22, 6, 16], [10, 18, 22, 2, 6, 14, 20, 16, 24, 4], [2, 18, 6, 22, 10, 14, 20, 16, 24, 4], [10, 6, 2, 18, 14, 22, 16], [6, 10, 2, 22, 14, 18, 16], [18, 22, 14, 10, 6, 2, 20, 16, 24, 4], [18, 14, 22, 6, 10, 2, 20, 16, 24, 4], [22, 18, 14, 6, 2, 10, 20, 16, 24, 4], [18, 2, 10, 22, 6, 14, 16], [22, 6, 18, 10, 2, 14, 16], [10, 14, 2, 6, 18, 22, 20, 16, 24, 4], [2, 14, 22, 18, 10, 6, 16], [22, 2, 10, 18, 14, 6, 16], [10, 22, 14, 6, 18, 2, 20, 16, 24, 4], [14, 18, 22, 6, 2, 10, 20, 16, 24, 4], [22, 6, 10, 2, 18, 14, 16], [18, 10, 22, 6, 2, 14, 20, 16, 24, 4], [6, 22, 18, 2, 10, 14, 16], [10, 14, 22, 2, 18, 6, 16], [2, 18, 6, 14, 22, 10, 20, 16, 24, 4], [18, 14, 10, 22, 6, 2, 20, 16, 24, 4], [22, 10, 6, 2, 14, 18, 16], [6, 10, 14, 22, 2, 18, 20, 16, 24, 4], [10, 22, 6, 18, 14, 2, 20, 16, 24, 4], [22, 10, 18, 6, 14, 2, 20, 16, 24, 4], [22, 10, 14, 18, 2, 6, 16], [22, 2, 18, 10, 14, 6, 16], [2, 6, 10, 18, 22, 14, 20, 16, 24, 4], [10, 6, 2, 22, 18, 14, 16], [10, 14, 2, 22, 6, 18, 16], [18, 6, 2, 22, 10, 14, 20, 16, 24, 4], [2, 22, 14, 6, 10, 18, 16], [2, 22, 10, 18, 14, 6, 20, 16, 24, 4], [6, 18, 10, 22, 14, 2, 16], [14, 18, 6, 2, 22, 10, 20, 16, 24, 4], [14, 10, 2, 22, 18, 6, 20, 16, 24, 4], [10, 14, 2, 22, 18, 6, 16], [10, 18, 2, 14, 6, 22, 16], [6, 10, 18, 2, 14, 22, 16], [22, 10, 2, 18, 6, 14, 20, 16, 24, 4], [10, 6, 22, 14, 18, 2, 20, 16, 24, 4], [22, 18, 14, 10, 2, 6, 20, 16, 24, 4], [22, 18, 2, 10, 14, 6, 16], [18, 22, 6, 2, 10, 14, 20, 16, 24, 4], [18, 22, 2, 10, 6, 14, 20, 16, 24, 4], [14, 18, 10, 2, 6, 22, 20, 16, 24, 4], [6, 2, 10, 14, 18, 22, 20, 16, 24, 4], [18, 22, 10, 2, 6, 14, 20, 16, 24, 4], [22, 14, 10, 2, 18, 6, 16], [18, 10, 6, 2, 22, 14, 20, 16, 24, 4], [14, 22, 2, 10, 18, 6, 16], [22, 14, 2, 18, 10, 6, 16], [6, 10, 22, 2, 14, 18, 16], [18, 10, 2, 22, 6, 14, 20, 16, 24, 4], [2, 10, 14, 18, 22, 6, 20, 16, 24, 4], [6, 2, 10, 22, 14, 18, 20, 16, 24, 4], [10, 14, 6, 2, 22, 18, 20, 16, 24, 4], [10, 22, 2, 18, 14, 6, 20, 16, 24, 4], [22, 6, 14, 18, 2, 10, 20, 16, 24, 4], [10, 2, 6, 14, 22, 18, 16], [10, 6, 22, 2, 18, 14, 16], [10, 14, 18, 22, 2, 6, 16], [14, 6, 22, 2, 10, 18, 20, 16, 24, 4], [22, 2, 10, 6, 18, 14, 16], [10, 6, 22, 14, 2, 18, 20, 16, 24, 4], [22, 2, 10, 14, 6, 18, 20, 16, 24, 4], [18, 2, 14, 22, 10, 6, 20, 16, 24, 4], [6, 18, 22, 10, 2, 14, 16], [22, 2, 6, 10, 18, 14, 20, 16, 24, 4], [2, 18, 22, 14, 6, 10, 20, 16, 24, 4], [18, 6, 2, 14, 10, 22, 20, 16, 24, 4], [18, 10, 2, 22, 14, 6, 20, 16, 24, 4], [18, 14, 2, 10, 6, 22, 20, 16, 24, 4], [14, 22, 6, 18, 10, 2, 20, 16, 24, 4], [22, 14, 6, 2, 10, 18, 20, 16, 24, 4], [14, 10, 6, 22, 18, 2, 16], [2, 14, 6, 10, 18, 22, 16], [2, 6, 14, 10, 18, 22, 20, 16, 24, 4], [22, 10, 18, 2, 14, 6, 16], [10, 18, 22, 6, 14, 2, 20, 16, 24, 4], [10, 18, 14, 6, 2, 22, 20, 16, 24, 4], [10, 2, 18, 22, 6, 14, 20, 16, 24, 4], [10, 2, 6, 14, 18, 22, 20, 16, 24, 4], [2, 22, 6, 14, 10, 18, 20, 16, 24, 4], [18, 14, 6, 10, 22, 2, 20, 16, 24, 4], [18, 2, 10, 14, 6, 22, 16], [14, 2, 18, 6, 10, 22, 16], [22, 6, 2, 14, 10, 18, 20, 16, 24, 4], [18, 6, 22, 14, 2, 10, 20, 16, 24, 4], [2, 6, 18, 10, 22, 14, 16], [6, 2, 14, 18, 10, 22, 20, 16, 24, 4], [18, 10, 2, 6, 14, 22, 20, 16, 24, 4], [14, 10, 18, 22, 2, 6, 16], [22, 10, 2, 6, 14, 18, 20, 16, 24, 4], [6, 14, 10, 2, 18, 22, 20, 16, 24, 4], [2, 22, 10, 6, 14, 18, 20, 16, 24, 4], [10, 14, 22, 18, 6, 2, 16], [2, 14, 18, 10, 22, 6, 20, 16, 24, 4], [6, 10, 2, 22, 18, 14, 16], [10, 22, 2, 18, 14, 6, 16], [10, 6, 22, 2, 14, 18, 20, 16, 24, 4], [18, 2, 10, 14, 6, 22, 20, 16, 24, 4], [18, 2, 14, 22, 10, 6, 16], [2, 10, 22, 18, 6, 14, 16], [6, 2, 22, 10, 18, 14, 20, 16, 24, 4], [18, 6, 2, 14, 22, 10, 16], [6, 2, 14, 18, 10, 22, 16], [14, 2, 22, 6, 18, 10, 20, 16, 24, 4], [18, 10, 14, 2, 6, 22, 16], [22, 2, 6, 10, 18, 14, 20, 16, 24, 4], [10, 22, 6, 14, 2, 18, 16], [6, 22, 14, 10, 18, 2, 16], [14, 18, 2, 22, 6, 10, 16], [2, 10, 18, 22, 14, 6, 20, 16, 24, 4], [10, 22, 18, 14, 2, 6, 20, 16, 24, 4], [22, 2, 18, 10, 6, 14, 20, 16, 24, 4], [10, 22, 18, 6, 14, 2, 16], [14, 10, 22, 2, 6, 18, 20, 16, 24, 4], [6, 22, 10, 18, 2, 14, 16], [22, 18, 6, 10, 2, 14, 16], [18, 2, 10, 22, 14, 6, 16], [10, 18, 2, 22, 6, 14, 16], [2, 14, 18, 6, 10, 22, 16], [6, 18, 22, 14, 10, 2, 16], [2, 10, 14, 22, 18, 6, 16], [14, 22, 6, 18, 10, 2, 16], [14, 18, 2, 6, 22, 10, 16], [18, 2, 10, 22, 6, 14, 16], [14, 2, 18, 10, 6, 22, 20, 16, 24, 4], [10, 18, 2, 14, 6, 22, 20, 16, 24, 4], [18, 6, 2, 14, 22, 10, 16], [6, 18, 22, 2, 10, 14, 20, 16, 24, 4], [10, 14, 22, 6, 18, 2, 20, 16, 24, 4], [22, 18, 6, 2, 14, 10, 20, 16, 24, 4], [2, 14, 6, 10, 18, 22, 16], [18, 2, 22, 6, 10, 14, 16], [14, 2, 6, 22, 10, 18, 16], [18, 10, 2, 6, 14, 22, 16], [6, 14, 18, 22, 10, 2, 20, 16, 24, 4], [14, 22, 10, 6, 2, 18, 16], [22, 2, 6, 14, 18, 10, 16], [10, 18, 2, 22, 14, 6, 16], [14, 10, 6, 18, 2, 22, 16], [18, 22, 6, 10, 14, 2, 16], [22, 18, 14, 2, 6, 10, 20, 16, 24, 4], [10, 6, 22, 2, 14, 18, 16], [6, 22, 10, 18, 14, 2, 16], [18, 2, 6, 22, 10, 14, 20, 16, 24, 4], [6, 2, 22, 18, 10, 14, 20, 16, 24, 4], [22, 2, 14, 10, 6, 18, 20, 16, 24, 4], [22, 2, 14, 10, 18, 6, 16], [6, 2, 22, 10, 18, 14, 20, 16, 24, 4], [14, 18, 10, 6, 22, 2, 20, 16, 24, 4], [14, 22, 10, 6, 2, 18, 20, 16, 24, 4], [22, 2, 14, 10, 18, 6, 16], [14, 2, 22, 10, 6, 18, 20, 16, 24, 4], [2, 10, 6, 18, 14, 22, 16], [18, 6, 14, 2, 22, 10, 20, 16, 24, 4], [18, 10, 22, 14, 2, 6, 20, 16, 24, 4], [18, 22, 2, 6, 14, 10, 20, 16, 24, 4], [10, 22, 6, 18, 14, 2, 20, 16, 24, 4], [6, 14, 10, 2, 22, 18, 20, 16, 24, 4], [18, 6, 2, 14, 22, 10, 16], [22, 2, 18, 14, 10, 6, 20, 16, 24, 4], [14, 18, 10, 2, 6, 22, 20, 16, 24, 4], [22, 18, 6, 10, 14, 2, 16], [6, 14, 18, 2, 10, 22, 20, 16, 24, 4], [2, 6, 22, 18, 14, 10, 20, 16, 24, 4], [6, 10, 2, 22, 14, 18, 16], [14, 6, 22, 18, 10, 2, 16], [18, 10, 14, 2, 22, 6, 16], [22, 14, 2, 6, 10, 18, 16], [2, 14, 18, 6, 10, 22, 16], [10, 18, 14, 22, 6, 2, 16], [10, 14, 22, 6, 18, 2, 20, 16, 24, 4], [10, 2, 6, 14, 18, 22, 16], [10, 22, 6, 2, 18, 14, 16], [10, 2, 6, 18, 14, 22, 16], [22, 10, 14, 6, 18, 2, 20, 16, 24, 4], [18, 10, 2, 6, 22, 14, 20, 16, 24, 4], [18, 22, 6, 10, 2, 14, 20, 16, 24, 4], [2, 10, 22, 18, 6, 14, 16], [6, 2, 10, 18, 14, 22, 20, 16, 24, 4], [22, 2, 10, 14, 18, 6, 20, 16, 24, 4], [14, 2, 6, 10, 18, 22, 20, 16, 24, 4], [18, 10, 22, 2, 6, 14, 16], [6, 2, 22, 10, 14, 18, 20, 16, 24, 4], [14, 2, 10, 18, 6, 22, 20, 16, 24, 4], [14, 18, 6, 2, 10, 22, 20, 16, 24, 4], [14, 18, 10, 22, 6, 2, 16], [22, 10, 18, 6, 14, 2, 20, 16, 24, 4], [14, 10, 22, 6, 18, 2, 16], [10, 2, 22, 14, 6, 18, 16], [10, 6, 2, 14, 18, 22, 16], [6, 14, 2, 18, 22, 10, 16], [18, 22, 2, 6, 10, 14, 20, 16, 24, 4], [2, 18, 6, 10, 22, 14, 16], [10, 18, 2, 6, 14, 22, 20, 16, 24, 4], [18, 22, 14, 6, 10, 2, 16], [22, 2, 10, 6, 18, 14, 16], [14, 22, 2, 10, 6, 18, 16], [18, 22, 14, 10, 6, 2, 16], [18, 6, 22, 14, 2, 10, 16], [10, 6, 22, 18, 14, 2, 20, 16, 24, 4], [18, 10, 22, 14, 2, 6, 20, 16, 24, 4], [6, 2, 10, 18, 14, 22, 20, 16, 24, 4], [14, 18, 22, 6, 2, 10, 20, 16, 24, 4], [22, 10, 6, 14, 18, 2, 16], [2, 18, 6, 10, 14, 22, 20, 16, 24, 4], [22, 10, 18, 14, 2, 6, 20, 16, 24, 4], [10, 2, 14, 22, 6, 18, 16], [10, 6, 18, 14, 22, 2, 20, 16, 24, 4], [2, 10, 6, 18, 14, 22, 20, 16, 24, 4], [22, 6, 18, 14, 10, 2, 20, 16, 24, 4], [22, 10, 6, 18, 14, 2, 16], [22, 10, 14, 6, 18, 2, 20, 16, 24, 4], [22, 10, 14, 2, 6, 18, 16], [18, 6, 10, 22, 2, 14, 20, 16, 24, 4], [6, 14, 10, 18, 22, 2, 16], [10, 18, 6, 22, 14, 2, 16], [14, 2, 18, 22, 6, 10, 20, 16, 24, 4], [22, 6, 18, 14, 2, 10, 16], [22, 2, 18, 10, 6, 14, 16], [6, 14, 22, 18, 2, 10, 16], [6, 2, 22, 14, 18, 10, 16], [2, 14, 22, 6, 10, 18, 20, 16, 24, 4], [2, 14, 6, 18, 22, 10, 16], [10, 22, 2, 18, 6, 14, 20, 16, 24, 4], [14, 10, 18, 6, 22, 2, 16], [10, 14, 2, 18, 22, 6, 16], [14, 10, 22, 6, 18, 2, 20, 16, 24, 4], [2, 22, 14, 10, 18, 6, 16], [10, 6, 2, 14, 22, 18, 20, 16, 24, 4], [18, 22, 10, 14, 2, 6, 16], [10, 22, 6, 18, 14, 2, 16], [6, 10, 14, 18, 2, 22, 20, 16, 24, 4], [18, 14, 10, 6, 22, 2, 20, 16, 24, 4], [14, 22, 18, 10, 6, 2, 16], [22, 2, 18, 14, 10, 6, 16], [6, 10, 14, 22, 18, 2, 16], [14, 10, 22, 18, 2, 6, 16], [14, 6, 22, 2, 18, 10, 20, 16, 24, 4], [10, 2, 18, 14, 6, 22, 20, 16, 24, 4], [14, 22, 10, 2, 6, 18, 20, 16, 24, 4], [10, 22, 14, 6, 2, 18, 20, 16, 24, 4], [6, 14, 10, 22, 18, 2, 16], [22, 14, 10, 18, 6, 2, 16], [22, 14, 10, 18, 6, 2, 16], [6, 18, 22, 2, 14, 10, 20, 16, 24, 4], [18, 14, 6, 2, 10, 22, 16], [14, 18, 22, 6, 2, 10, 20, 16, 24, 4], [22, 6, 14, 18, 2, 10, 16], [14, 6, 22, 18, 2, 10, 16], [10, 6, 18, 2, 14, 22, 16], [6, 22, 10, 18, 2, 14, 16], [6, 18, 14, 10, 22, 2, 20, 16, 24, 4], [18, 14, 10, 6, 2, 22, 16], [2, 6, 18, 22, 10, 14, 16], [22, 10, 2, 18, 6, 14, 20, 16, 24, 4], [14, 10, 22, 6, 2, 18, 16], [14, 6, 18, 22, 2, 10, 16], [18, 6, 14, 2, 10, 22, 16], [6, 2, 14, 18, 22, 10, 16], [22, 6, 2, 14, 18, 10, 16], [18, 6, 10, 22, 2, 14, 16], [6, 14, 22, 10, 18, 2, 20, 16, 24, 4], [2, 6, 14, 18, 10, 22, 16], [6, 18, 2, 10, 22, 14, 20, 16, 24, 4], [22, 6, 10, 14, 18, 2, 16], [10, 6, 18, 14, 2, 22, 16], [10, 6, 2, 22, 14, 18, 16], [22, 10, 18, 6, 2, 14, 20, 16, 24, 4], [18, 2, 14, 22, 10, 6, 16], [10, 22, 18, 2, 14, 6, 20, 16, 24, 4], [6, 14, 18, 10, 22, 2, 20, 16, 24, 4], [6, 18, 10, 2, 22, 14, 16], [10, 18, 22, 2, 14, 6, 16], [2, 6, 22, 14, 10, 18, 20, 16, 24, 4], [2, 22, 10, 14, 18, 6, 20, 16, 24, 4], [22, 6, 2, 10, 14, 18, 16], [6, 2, 14, 22, 10, 18, 20, 16, 24, 4], [10, 22, 14, 2, 6, 18, 16], [14, 18, 22, 6, 2, 10, 20, 16, 24, 4], [18, 14, 22, 2, 6, 10, 16], [2, 22, 14, 18, 10, 6, 20, 16, 24, 4], [22, 14, 2, 18, 10, 6, 20, 16, 24, 4], [2, 10, 22, 6, 18, 14, 16], [14, 10, 18, 22, 2, 6, 16], [10, 22, 18, 14, 6, 2, 20, 16, 24, 4], [18, 10, 22, 6, 14, 2, 20, 16, 24, 4], [22, 18, 2, 6, 14, 10, 20, 16, 24, 4], [2, 18, 22, 10, 6, 14, 20, 16, 24, 4], [2, 10, 14, 22, 6, 18, 16], [14, 2, 18, 6, 10, 22, 20, 16, 24, 4], [22, 10, 2, 18, 14, 6, 16], [14, 18, 2, 22, 6, 10, 20, 16, 24, 4], [18, 6, 2, 10, 22, 14, 20, 16, 24, 4], [2, 14, 18, 6, 22, 10, 16], [22, 18, 14, 2, 10, 6, 16], [6, 14, 10, 18, 22, 2, 16], [14, 22, 18, 6, 10, 2, 20, 16, 24, 4], [6, 14, 22, 2, 10, 18, 20, 16, 24, 4], [22, 18, 14, 2, 6, 10, 16], [6, 2, 14, 18, 10, 22, 16], [2, 6, 18, 22, 10, 14, 20, 16, 24, 4], [10, 22, 18, 14, 2, 6, 16], [22, 18, 14, 2, 10, 6, 16], [22, 10, 2, 14, 18, 6, 20, 16, 24, 4], [2, 6, 10, 14, 18, 22, 20, 16, 24, 4], [10, 6, 2, 18, 14, 22, 20, 16, 24, 4], [18, 2, 10, 6, 14, 22, 20, 16, 24, 4], [2, 6, 18, 10, 22, 14, 20, 16, 24, 4], [6, 10, 14, 18, 22, 2, 16], [22, 10, 14, 18, 6, 2, 16], [22, 10, 18, 6, 2, 14, 20, 16, 24, 4], [22, 2, 14, 10, 18, 6, 16], [22, 2, 10, 18, 6, 14, 20, 16, 24, 4], [14, 18, 2, 10, 6, 22, 20, 16, 24, 4], [22, 18, 2, 14, 6, 10, 16], [6, 10, 18, 22, 14, 2, 20, 16, 24, 4], [22, 14, 18, 2, 6, 10, 20, 16, 24, 4], [18, 6, 22, 2, 10, 14, 16], [6, 22, 14, 2, 10, 18, 16], [14, 10, 18, 2, 22, 6, 20, 16, 24, 4], [6, 14, 18, 22, 10, 2, 20, 16, 24, 4], [22, 2, 14, 6, 10, 18, 20, 16, 24, 4], [22, 10, 2, 14, 6, 18, 16], [2, 14, 22, 10, 18, 6, 20, 16, 24, 4], [22, 2, 14, 6, 10, 18, 20, 16, 24, 4], [6, 2, 22, 18, 10, 14, 20, 16, 24, 4], [10, 18, 14, 2, 22, 6, 16], [14, 10, 22, 18, 6, 2, 20, 16, 24, 4], [10, 14, 2, 6, 22, 18, 16], [2, 10, 18, 14, 6, 22, 20, 16, 24, 4], [22, 2, 6, 14, 10, 18, 20, 16, 24, 4], [10, 22, 18, 2, 6, 14, 16], [14, 6, 22, 18, 2, 10, 16], [6, 10, 14, 2, 18, 22, 20, 16, 24, 4], [6, 2, 10, 22, 18, 14, 20, 16, 24, 4], [18, 22, 2, 14, 10, 6, 16], [2, 18, 14, 22, 6, 10, 16], [18, 22, 6, 14, 2, 10, 20, 16, 24, 4], [6, 22, 14, 10, 2, 18, 20, 16, 24, 4], [10, 14, 2, 18, 22, 6, 16], [22, 14, 18, 6, 10, 2, 20, 16, 24, 4], [6, 2, 14, 18, 22, 10, 20, 16, 24, 4], [6, 10, 18, 2, 22, 14, 16], [18, 2, 6, 22, 14, 10, 20, 16, 24, 4], [6, 22, 2, 10, 14, 18, 20, 16, 24, 4], [2, 10, 6, 14, 18, 22, 16], [2, 18, 14, 22, 10, 6, 20, 16, 24, 4], [18, 10, 2, 14, 22, 6, 20, 16, 24, 4], [6, 22, 10, 18, 14, 2, 20, 16, 24, 4], [6, 18, 14, 22, 2, 10, 20, 16, 24, 4], [14, 10, 6, 18, 22, 2, 20, 16, 24, 4], [2, 14, 6, 22, 18, 10, 20, 16, 24, 4], [6, 22, 2, 14, 10, 18, 20, 16, 24, 4], [14, 6, 18, 2, 10, 22, 20, 16, 24, 4], [2, 10, 6, 22, 14, 18, 16], [6, 22, 10, 2, 18, 14, 20, 16, 24, 4], [22, 10, 6, 18, 2, 14, 16], [14, 6, 2, 18, 22, 10, 16], [6, 22, 14, 10, 2, 18, 16], [6, 2, 18, 22, 10, 14, 20, 16, 24, 4], [14, 6, 2, 22, 18, 10, 16], [6, 18, 14, 10, 22, 2, 20, 16, 24, 4], [2, 22, 18, 10, 6, 14, 16], [2, 14, 6, 22, 10, 18, 16], [18, 2, 10, 6, 22, 14, 20, 16, 24, 4], [22, 10, 18, 6, 14, 2, 16], [10, 6, 22, 2, 14, 18, 20, 16, 24, 4], [18, 2, 22, 14, 6, 10, 20, 16, 24, 4], [2, 22, 6, 18, 10, 14, 16], [22, 14, 10, 18, 6, 2, 20, 16, 24, 4], [2, 6, 18, 14, 10, 22, 20, 16, 24, 4], [6, 2, 18, 10, 14, 22, 20, 16, 24, 4], [22, 6, 14, 10, 2, 18, 16], [2, 14, 10, 18, 22, 6, 16], [2, 14, 6, 18, 10, 22, 20, 16, 24, 4], [2, 22, 10, 18, 6, 14, 20, 16, 24, 4], [10, 14, 2, 18, 6, 22, 20, 16, 24, 4], [2, 6, 10, 14, 18, 22, 20, 16, 24, 4], [22, 10, 18, 6, 2, 14, 20, 16, 24, 4], [14, 18, 2, 10, 6, 22, 16], [6, 2, 10, 22, 14, 18, 16], [10, 22, 2, 6, 18, 14, 20, 16, 24, 4], [2, 10, 6, 18, 22, 14, 16], [14, 6, 2, 22, 18, 10, 16], [6, 10, 2, 14, 22, 18, 20, 16, 24, 4], [2, 22, 10, 18, 14, 6, 20, 16, 24, 4], [10, 2, 6, 22, 14, 18, 16], [6, 2, 18, 14, 22, 10, 20, 16, 24, 4], [14, 18, 2, 22, 6, 10, 20, 16, 24, 4], [18, 10, 22, 14, 6, 2, 20, 16, 24, 4], [18, 10, 22, 2, 14, 6, 20, 16, 24, 4], [22, 18, 2, 10, 6, 14, 20, 16, 24, 4], [14, 10, 6, 18, 22, 2, 16], [22, 6, 10, 2, 18, 14, 20, 16, 24, 4], [14, 6, 10, 22, 18, 2, 16], [2, 18, 22, 10, 6, 14, 16], [6, 2, 22, 10, 14, 18, 20, 16, 24, 4], [18, 22, 10, 2, 14, 6, 16], [2, 6, 22, 10, 14, 18, 16], [2, 22, 18, 10, 6, 14, 20, 16, 24, 4], [2, 6, 10, 18, 14, 22, 16], [2, 18, 14, 10, 6, 22, 16], [2, 14, 18, 10, 6, 22, 16], [14, 10, 2, 18, 22, 6, 16], [10, 18, 22, 14, 2, 6, 20, 16, 24, 4], [2, 14, 18, 10, 22, 6, 20, 16, 24, 4], [2, 22, 18, 6, 10, 14, 16], [2, 14, 18, 10, 22, 6, 16], [10, 2, 22, 14, 6, 18, 20, 16, 24, 4], [22, 14, 10, 6, 2, 18, 16], [10, 22, 6, 14, 2, 18, 16], [18, 14, 2, 22, 6, 10, 20, 16, 24, 4], [6, 10, 2, 14, 22, 18, 16], [14, 10, 18, 2, 6, 22, 16], [10, 2, 22, 6, 14, 18, 20, 16, 24, 4], [10, 2, 14, 18, 22, 6, 20, 16, 24, 4], [2, 6, 22, 14, 10, 18, 16], [22, 18, 6, 10, 2, 14, 20, 16, 24, 4], [14, 6, 22, 10, 18, 2, 16], [18, 10, 6, 2, 22, 14, 16], [2, 6, 14, 18, 10, 22, 16], [18, 2, 22, 14, 10, 6, 20, 16, 24, 4], [14, 18, 2, 10, 22, 6, 20, 16, 24, 4], [18, 14, 22, 6, 10, 2, 16], [10, 22, 18, 6, 2, 14, 20, 16, 24, 4], [10, 18, 22, 6, 14, 2, 20, 16, 24, 4], [14, 2, 6, 18, 22, 10, 16], [18, 14, 6, 10, 22, 2, 16], [6, 10, 14, 22, 2, 18, 20, 16, 24, 4], [2, 6, 14, 10, 18, 22, 20, 16, 24, 4], [18, 6, 14, 2, 22, 10, 16], [18, 2, 10, 6, 14, 22, 16], [14, 6, 18, 2, 10, 22, 16], [14, 2, 18, 22, 10, 6, 20, 16, 24, 4], [10, 2, 22, 6, 18, 14, 20, 16, 24, 4], [18, 22, 10, 2, 14, 6, 16], [2, 18, 14, 22, 6, 10, 16], [14, 2, 18, 10, 6, 22, 16], [14, 22, 18, 2, 10, 6, 16], [18, 6, 14, 22, 10, 2, 16], [14, 6, 18, 22, 10, 2, 16], [6, 2, 10, 22, 18, 14, 20, 16, 24, 4], [14, 18, 22, 2, 10, 6, 20, 16, 24, 4], [22, 10, 2, 18, 6, 14, 20, 16, 24, 4], [18, 22, 2, 14, 6, 10, 20, 16, 24, 4], [6, 22, 18, 10, 2, 14, 16], [2, 22, 14, 6, 10, 18, 16], [10, 18, 14, 2, 6, 22, 20, 16, 24, 4], [10, 2, 22, 6, 18, 14, 16], [6, 18, 14, 10, 22, 2, 16], [2, 22, 18, 10, 14, 6, 16], [18, 22, 10, 6, 2, 14, 16], [22, 18, 14, 6, 10, 2, 16], [10, 14, 6, 2, 22, 18, 20, 16, 24, 4], [2, 14, 6, 10, 22, 18, 16], [14, 6, 10, 2, 18, 22, 20, 16, 24, 4], [22, 14, 18, 6, 2, 10, 20, 16, 24, 4], [2, 10, 14, 22, 6, 18, 20, 16, 24, 4], [10, 6, 18, 2, 22, 14, 20, 16, 24, 4], [18, 22, 10, 6, 2, 14, 16], [10, 22, 14, 18, 2, 6, 16], [6, 18, 2, 22, 14, 10, 20, 16, 24, 4], [2, 6, 18, 22, 10, 14, 20, 16, 24, 4], [6, 18, 22, 2, 10, 14, 20, 16, 24, 4], [2, 22, 18, 10, 14, 6, 16], [14, 10, 6, 2, 18, 22, 20, 16, 24, 4], [18, 6, 10, 14, 2, 22, 16], [10, 2, 18, 14, 6, 22, 20, 16, 24, 4], [10, 14, 22, 2, 18, 6, 20, 16, 24, 4], [14, 6, 18, 22, 2, 10, 16], [6, 2, 18, 10, 22, 14, 16], [6, 2, 10, 14, 22, 18, 20, 16, 24, 4], [14, 6, 22, 18, 2, 10, 16], [22, 2, 18, 14, 6, 10, 20, 16, 24, 4], [2, 6, 22, 10, 18, 14, 20, 16, 24, 4], [22, 10, 6, 18, 14, 2, 20, 16, 24, 4], [18, 10, 6, 22, 14, 2, 20, 16, 24, 4], [18, 2, 6, 14, 22, 10, 20, 16, 24, 4], [14, 22, 2, 18, 6, 10, 16], [2, 18, 6, 14, 10, 22, 16], [14, 18, 2, 22, 6, 10, 20, 16, 24, 4], [18, 14, 2, 6, 10, 22, 20, 16, 24, 4], [22, 6, 18, 2, 14, 10, 16], [22, 18, 14, 10, 2, 6, 16], [6, 2, 22, 18, 10, 14, 16], [14, 2, 22, 10, 18, 6, 16], [6, 18, 14, 22, 2, 10, 20, 16, 24, 4], [2, 6, 22, 18, 10, 14, 16], [10, 18, 6, 22, 2, 14, 16], [18, 22, 10, 6, 2, 14, 20, 16, 24, 4], [14, 18, 22, 2, 6, 10, 20, 16, 24, 4], [22, 10, 6, 14, 2, 18, 16], [14, 2, 10, 18, 22, 6, 20, 16, 24, 4], [10, 6, 2, 22, 14, 18, 20, 16, 24, 4], [2, 6, 14, 22, 18, 10, 16], [10, 22, 6, 18, 14, 2, 20, 16, 24, 4], [14, 2, 6, 22, 18, 10, 20, 16, 24, 4], [18, 2, 6, 22, 10, 14, 20, 16, 24, 4], [18, 2, 14, 22, 6, 10, 20, 16, 24, 4], [2, 14, 10, 6, 22, 18, 20, 16, 24, 4], [2, 22, 18, 10, 14, 6, 16], [14, 6, 22, 18, 10, 2, 16], [6, 18, 22, 2, 14, 10, 20, 16, 24, 4], [22, 6, 14, 2, 10, 18, 20, 16, 24, 4], [18, 2, 14, 10, 6, 22, 16], [14, 2, 22, 18, 10, 6, 16], [18, 6, 14, 10, 22, 2, 16], [14, 22, 6, 18, 10, 2, 20, 16, 24, 4], [22, 6, 10, 2, 14, 18, 20, 16, 24, 4], [6, 14, 18, 10, 2, 22, 16], [22, 14, 10, 2, 18, 6, 20, 16, 24, 4], [14, 6, 22, 10, 2, 18, 16], [10, 6, 2, 22, 14, 18, 20, 16, 24, 4], [2, 18, 10, 6, 14, 22, 16], [2, 18, 22, 14, 6, 10, 16], [6, 10, 22, 14, 18, 2, 16], [14, 18, 10, 22, 2, 6, 20, 16, 24, 4], [14, 10, 22, 2, 6, 18, 20, 16, 24, 4], [2, 10, 22, 18, 14, 6, 16], [22, 18, 6, 2, 14, 10, 20, 16, 24, 4], [2, 10, 6, 14, 18, 22, 16], [22, 2, 10, 18, 6, 14, 16], [6, 2, 22, 18, 14, 10, 16], [18, 14, 6, 2, 10, 22, 16], [10, 2, 6, 18, 14, 22, 16], [10, 18, 22, 2, 6, 14, 16], [22, 6, 14, 18, 2, 10, 20, 16, 24, 4], [2, 6, 18, 14, 22, 10, 20, 16, 24, 4], [6, 10, 22, 18, 2, 14, 16], [18, 22, 2, 10, 14, 6, 16], [18, 14, 2, 6, 10, 22, 20, 16, 24, 4], [2, 6, 14, 18, 10, 22, 16], [18, 2, 14, 10, 22, 6, 16], [18, 2, 22, 6, 14, 10, 20, 16, 24, 4], [6, 18, 2, 10, 14, 22, 16], [14, 22, 10, 6, 18, 2, 20, 16, 24, 4], [14, 18, 10, 6, 2, 22, 16], [14, 22, 6, 18, 2, 10, 16], [6, 2, 14, 22, 18, 10, 20, 16, 24, 4], [6, 14, 10, 22, 18, 2, 16], [6, 14, 22, 18, 2, 10, 20, 16, 24, 4], [2, 18, 6, 14, 22, 10, 20, 16, 24, 4], [18, 2, 14, 6, 22, 10, 16], [6, 22, 18, 10, 2, 14, 16], [14, 6, 10, 2, 18, 22, 20, 16, 24, 4], [22, 6, 2, 18, 10, 14, 16], [2, 18, 6, 10, 22, 14, 20, 16, 24, 4], [14, 22, 6, 2, 10, 18, 16], [6, 10, 2, 14, 22, 18, 20, 16, 24, 4], [2, 22, 18, 14, 10, 6, 20, 16, 24, 4], [22, 14, 10, 6, 18, 2, 16], [14, 10, 18, 2, 22, 6, 16], [18, 22, 10, 14, 2, 6, 20, 16, 24, 4], [22, 6, 10, 14, 2, 18, 16], [22, 2, 6, 18, 14, 10, 20, 16, 24, 4], [14, 18, 10, 6, 22, 2, 20, 16, 24, 4], [14, 6, 10, 18, 2, 22, 20, 16, 24, 4], [6, 14, 22, 2, 18, 10, 20, 16, 24, 4], [2, 6, 14, 18, 22, 10, 20, 16, 24, 4], [10, 14, 2, 18, 22, 6, 16], [10, 14, 6, 22, 18, 2, 16], [2, 14, 18, 6, 22, 10, 16], [14, 6, 10, 22, 18, 2, 20, 16, 24, 4], [18, 22, 2, 6, 10, 14, 16], [14, 2, 6, 10, 22, 18, 20, 16, 24, 4], [18, 22, 10, 14, 6, 2, 16], [22, 6, 10, 14, 2, 18, 20, 16, 24, 4], [18, 22, 14, 10, 2, 6, 16], [10, 2, 18, 14, 22, 6, 16], [2, 18, 22, 10, 6, 14, 16], [18, 6, 14, 22, 10, 2, 16], [18, 2, 14, 22, 6, 10, 16], [22, 14, 6, 2, 10, 18, 16], [10, 6, 22, 18, 2, 14, 16], [14, 22, 10, 6, 18, 2, 16], [2, 6, 14, 18, 10, 22, 16], [6, 22, 14, 10, 2, 18, 20, 16, 24, 4], [6, 18, 10, 2, 22, 14, 16], [18, 14, 6, 22, 2, 10, 16], [10, 22, 6, 14, 18, 2, 16], [6, 10, 14, 2, 22, 18, 20, 16, 24, 4], [2, 10, 14, 22, 6, 18, 20, 16, 24, 4], [2, 22, 14, 6, 18, 10, 16], [2, 18, 14, 6, 22, 10, 16], [2, 6, 22, 18, 14, 10, 16], [18, 2, 6, 10, 22, 14, 20, 16, 24, 4], [6, 2, 10, 14, 18, 22, 16], [2, 22, 10, 14, 6, 18, 16], [14, 18, 22, 10, 6, 2, 16], [14, 2, 22, 18, 6, 10, 16], [14, 6, 22, 10, 18, 2, 16], [2, 22, 14, 10, 18, 6, 16], [6, 10, 18, 14, 22, 2, 20, 16, 24, 4], [22, 10, 18, 2, 6, 14, 20, 16, 24, 4], [22, 2, 18, 10, 6, 14, 20, 16, 24, 4], [14, 6, 22, 18, 10, 2, 16], [22, 18, 6, 10, 2, 14, 16], [18, 22, 6, 2, 14, 10, 16], [18, 10, 6, 2, 14, 22, 16], [14, 2, 18, 6, 10, 22, 20, 16, 24, 4], [22, 10, 6, 18, 2, 14, 20, 16, 24, 4], [18, 6, 2, 22, 10, 14, 20, 16, 24, 4], [14, 10, 18, 6, 22, 2, 16], [22, 10, 6, 14, 18, 2, 16], [2, 14, 6, 18, 22, 10, 20, 16, 24, 4], [2, 14, 18, 10, 22, 6, 20, 16, 24, 4], [2, 10, 18, 14, 6, 22, 20, 16, 24, 4], [6, 14, 2, 10, 18, 22, 20, 16, 24, 4], [6, 10, 14, 22, 2, 18, 16], [6, 14, 22, 2, 10, 18, 20, 16, 24, 4], [18, 14, 2, 22, 10, 6, 20, 16, 24, 4], [14, 2, 22, 10, 18, 6, 16], [6, 18, 14, 22, 2, 10, 20, 16, 24, 4], [6, 10, 2, 18, 22, 14, 20, 16, 24, 4], [22, 10, 14, 6, 18, 2, 20, 16, 24, 4], [6, 18, 22, 14, 2, 10, 20, 16, 24, 4], [14, 10, 6, 22, 18, 2, 20, 16, 24, 4], [6, 10, 18, 2, 14, 22, 16], [14, 6, 10, 2, 18, 22, 20, 16, 24, 4], [22, 18, 2, 14, 6, 10, 20, 16, 24, 4], [22, 14, 18, 2, 6, 10, 16], [2, 18, 22, 6, 10, 14, 16], [18, 6, 22, 10, 2, 14, 16], [2, 22, 10, 6, 18, 14, 16], [18, 2, 22, 6, 14, 10, 16], [18, 10, 22, 2, 14, 6, 20, 16, 24, 4], [10, 6, 2, 18, 14, 22, 20, 16, 24, 4], [10, 6, 14, 22, 18, 2, 20, 16, 24, 4], [22, 6, 10, 2, 14, 18, 20, 16, 24, 4], [14, 2, 6, 22, 18, 10, 20, 16, 24, 4], [2, 18, 10, 6, 14, 22, 20, 16, 24, 4], [18, 10, 2, 6, 14, 22, 16], [10, 6, 2, 22, 14, 18, 16], [10, 14, 18, 22, 2, 6, 20, 16, 24, 4], [22, 18, 10, 6, 2, 14, 16], [2, 18, 6, 14, 10, 22, 16], [2, 6, 18, 10, 22, 14, 16], [6, 14, 22, 10, 18, 2, 20, 16, 24, 4], [22, 14, 10, 6, 2, 18, 16], [10, 18, 6, 14, 22, 2, 16], [2, 6, 18, 22, 14, 10, 16], [14, 2, 10, 22, 18, 6, 16], [18, 6, 2, 22, 14, 10, 16], [14, 18, 10, 6, 2, 22, 20, 16, 24, 4], [14, 10, 18, 22, 6, 2, 20, 16, 24, 4], [6, 14, 10, 2, 22, 18, 20, 16, 24, 4], [14, 22, 2, 6, 10, 18, 16], [18, 14, 2, 10, 6, 22, 16], [6, 22, 2, 18, 10, 14, 16], [10, 6, 2, 22, 18, 14, 16], [10, 18, 6, 22, 2, 14, 16], [6, 10, 14, 18, 2, 22, 20, 16, 24, 4], [14, 18, 2, 22, 10, 6, 20, 16, 24, 4], [14, 22, 2, 18, 10, 6, 20, 16, 24, 4], [6, 2, 10, 22, 14, 18, 16], [22, 10, 18, 2, 14, 6, 16], [6, 2, 22, 18, 10, 14, 20, 16, 24, 4], [14, 6, 18, 10, 2, 22, 20, 16, 24, 4], [22, 14, 18, 10, 2, 6, 20, 16, 24, 4], [10, 14, 6, 22, 2, 18, 20, 16, 24, 4], [2, 18, 10, 14, 6, 22, 20, 16, 24, 4], [6, 22, 14, 10, 2, 18, 16], [14, 6, 22, 18, 10, 2, 20, 16, 24, 4], [6, 22, 14, 10, 2, 18, 16], [2, 10, 6, 18, 14, 22, 20, 16, 24, 4], [2, 14, 10, 6, 18, 22, 16], [10, 6, 2, 14, 22, 18, 16], [6, 14, 2, 18, 10, 22, 16], [18, 14, 10, 2, 6, 22, 20, 16, 24, 4], [18, 2, 6, 10, 14, 22, 20, 16, 24, 4], [10, 18, 22, 6, 2, 14, 16], [22, 10, 6, 18, 2, 14, 20, 16, 24, 4], [22, 10, 6, 14, 18, 2, 16], [14, 22, 6, 2, 18, 10, 20, 16, 24, 4], [14, 18, 6, 22, 10, 2, 16], [6, 18, 22, 2, 10, 14, 20, 16, 24, 4], [6, 10, 2, 14, 18, 22, 16], [10, 6, 14, 18, 22, 2, 16], [22, 14, 6, 18, 10, 2, 20, 16, 24, 4], [14, 18, 10, 2, 22, 6, 20, 16, 24, 4], [18, 14, 2, 22, 6, 10, 20, 16, 24, 4], [10, 22, 14, 18, 6, 2, 16], [10, 18, 2, 22, 14, 6, 20, 16, 24, 4], [18, 14, 22, 10, 6, 2, 20, 16, 24, 4], [10, 14, 6, 2, 22, 18, 16], [22, 2, 6, 18, 10, 14, 20, 16, 24, 4], [22, 14, 6, 18, 2, 10, 16], [10, 22, 2, 6, 14, 18, 16], [2, 22, 10, 6, 14, 18, 16], [18, 2, 10, 14, 6, 22, 16], [2, 6, 14, 10, 22, 18, 16], [14, 6, 10, 18, 22, 2, 16], [6, 2, 14, 10, 22, 18, 16], [22, 6, 18, 2, 14, 10, 20, 16, 24, 4], [22, 6, 10, 14, 18, 2, 16], [2, 14, 22, 10, 18, 6, 16], [18, 10, 22, 2, 6, 14, 16], [14, 6, 10, 18, 22, 2, 16], [6, 22, 2, 10, 18, 14, 16], [10, 2, 22, 6, 14, 18, 20, 16, 24, 4], [18, 14, 2, 6, 10, 22, 20, 16, 24, 4], [18, 14, 10, 2, 22, 6, 16], [14, 6, 18, 22, 10, 2, 16], [10, 18, 6, 2, 22, 14, 20, 16, 24, 4], [14, 18, 10, 22, 2, 6, 16], [2, 14, 18, 10, 22, 6, 16], [10, 18, 2, 14, 6, 22, 20, 16, 24, 4], [22, 14, 10, 6, 2, 18, 16], [22, 6, 18, 10, 2, 14, 16], [14, 2, 22, 6, 10, 18, 20, 16, 24, 4], [14, 6, 10, 18, 2, 22, 16], [10, 18, 22, 14, 2, 6, 16], [22, 10, 18, 2, 14, 6, 16], [6, 2, 14, 10, 18, 22, 16], [18, 14, 6, 22, 2, 10, 20, 16, 24, 4], [2, 14, 6, 22, 10, 18, 20, 16, 24, 4], [22, 14, 2, 6, 18, 10, 20, 16, 24, 4], [10, 14, 6, 18, 2, 22, 20, 16, 24, 4], [10, 18, 22, 14, 2, 6, 16], [2, 10, 6, 22, 18, 14, 20, 16, 24, 4], [2, 14, 18, 22, 10, 6, 16], [2, 18, 6, 22, 14, 10, 16], [18, 10, 14, 6, 22, 2, 20, 16, 24, 4], [18, 14, 6, 22, 10, 2, 20, 16, 24, 4], [2, 18, 14, 6, 10, 22, 16], [6, 14, 18, 22, 2, 10, 16], [14, 6, 22, 2, 18, 10, 16], [14, 18, 2, 22, 10, 6, 16], [14, 6, 10, 22, 2, 18, 16], [18, 14, 6, 10, 22, 2, 20, 16, 24, 4], [6, 14, 10, 18, 2, 22, 20, 16, 24, 4], [6, 2, 22, 14, 18, 10, 20, 16, 24, 4], [6, 18, 22, 2, 10, 14, 16], [22, 2, 14, 10, 18, 6, 20, 16, 24, 4], [10, 2, 18, 14, 22, 6, 16], [22, 14, 2, 10, 6, 18, 20, 16, 24, 4], [10, 22, 6, 14, 18, 2, 20, 16, 24, 4], [6, 14, 18, 2, 10, 22, 16], [6, 2, 10, 22, 14, 18, 16], [18, 6, 14, 2, 22, 10, 16], [18, 2, 6, 10, 22, 14, 16], [6, 14, 10, 18, 2, 22, 20, 16, 24, 4], [22, 14, 6, 2, 18, 10, 16], [22, 10, 2, 14, 6, 18, 20, 16, 24, 4], [18, 14, 22, 2, 10, 6, 20, 16, 24, 4], [22, 18, 6, 14, 2, 10, 20, 16, 24, 4], [18, 22, 2, 14, 10, 6, 20, 16, 24, 4], [14, 22, 6, 2, 18, 10, 20, 16, 24, 4], [22, 6, 2, 18, 14, 10, 20, 16, 24, 4], [14, 22, 6, 10, 18, 2, 20, 16, 24, 4], [22, 6, 18, 14, 2, 10, 16], [14, 22, 6, 18, 2, 10, 16], [2, 18, 14, 10, 22, 6, 16], [2, 6, 22, 18, 14, 10, 20, 16, 24, 4], [14, 10, 6, 18, 2, 22, 16], [2, 22, 10, 6, 14, 18, 16], [14, 2, 22, 10, 18, 6, 20, 16, 24, 4], [22, 14, 2, 6, 10, 18, 20, 16, 24, 4], [22, 18, 6, 2, 10, 14, 16], [6, 14, 22, 2, 18, 10, 20, 16, 24, 4], [18, 2, 10, 22, 14, 6, 16], [14, 22, 2, 10, 18, 6, 20, 16, 24, 4], [22, 6, 10, 18, 14, 2, 20, 16, 24, 4], [14, 2, 18, 10, 22, 6, 20, 16, 24, 4], [6, 2, 14, 10, 22, 18, 20, 16, 24, 4], [6, 2, 14, 18, 22, 10, 16], [6, 22, 18, 2, 14, 10, 16], [18, 6, 14, 2, 10, 22, 16], [22, 2, 6, 18, 10, 14, 20, 16, 24, 4], [6, 14, 22, 10, 18, 2, 16], [22, 18, 10, 6, 14, 2, 20, 16, 24, 4], [2, 10, 22, 6, 14, 18, 20, 16, 24, 4], [22, 10, 18, 2, 6, 14, 16], [18, 22, 10, 14, 6, 2, 16], [22, 6, 18, 10, 14, 2, 20, 16, 24, 4], [2, 18, 14, 10, 22, 6, 20, 16, 24, 4], [6, 2, 22, 14, 18, 10, 20, 16, 24, 4], [22, 18, 2, 6, 10, 14, 20, 16, 24, 4], [6, 22, 2, 18, 10, 14, 20, 16, 24, 4], [2, 10, 14, 18, 22, 6, 20, 16, 24, 4], [14, 10, 2, 6, 22, 18, 20, 16, 24, 4], [18, 14, 6, 22, 2, 10, 16], [10, 2, 6, 22, 18, 14, 16], [22, 10, 2, 6, 18, 14, 20, 16, 24, 4], [10, 14, 22, 18, 6, 2, 16], [2, 10, 22, 14, 6, 18, 20, 16, 24, 4], [22, 10, 2, 6, 18, 14, 16], [14, 6, 2, 22, 18, 10, 20, 16, 24, 4], [22, 6, 18, 10, 14, 2, 16], [18, 6, 14, 10, 2, 22, 20, 16, 24, 4], [6, 2, 18, 10, 14, 22, 16], [18, 14, 2, 6, 22, 10, 20, 16, 24, 4], [18, 14, 2, 10, 6, 22, 16], [6, 14, 10, 2, 22, 18, 20, 16, 24, 4], [6, 18, 14, 10, 22, 2, 20, 16, 24, 4], [10, 2, 18, 14, 6, 22, 20, 16, 24, 4], [6, 14, 2, 10, 18, 22, 16], [6, 2, 14, 22, 10, 18, 20, 16, 24, 4], [14, 6, 10, 18, 22, 2, 16], [22, 10, 6, 18, 2, 14, 20, 16, 24, 4], [14, 2, 18, 10, 22, 6, 20, 16, 24, 4], [10, 22, 6, 14, 2, 18, 16], [10, 6, 18, 2, 14, 22, 20, 16, 24, 4], [2, 18, 14, 6, 22, 10, 16], [18, 2, 14, 22, 6, 10, 20, 16, 24, 4], [14, 6, 10, 22, 18, 2, 20, 16, 24, 4], [22, 10, 6, 18, 14, 2, 20, 16, 24, 4], [18, 2, 10, 14, 22, 6, 16], [10, 6, 2, 22, 14, 18, 20, 16, 24, 4], [2, 18, 22, 10, 14, 6, 20, 16, 24, 4], [6, 22, 18, 14, 2, 10, 20, 16, 24, 4], [18, 14, 2, 6, 10, 22, 16], [22, 2, 6, 18, 10, 14, 20, 16, 24, 4], [18, 10, 22, 2, 6, 14, 20, 16, 24, 4], [10, 14, 22, 2, 6, 18, 20, 16, 24, 4], [2, 22, 14, 6, 18, 10, 20, 16, 24, 4], [6, 18, 22, 2, 14, 10, 20, 16, 24, 4], [10, 14, 6, 22, 18, 2, 16], [6, 18, 10, 22, 2, 14, 20, 16, 24, 4], [10, 6, 22, 2, 14, 18, 16], [18, 2, 10, 22, 6, 14, 20, 16, 24, 4], [14, 22, 18, 10, 6, 2, 20, 16, 24, 4], [22, 2, 14, 18, 10, 6, 16], [10, 22, 14, 2, 18, 6, 20, 16, 24, 4], [22, 6, 14, 2, 18, 10, 20, 16, 24, 4], [6, 2, 18, 14, 10, 22, 16], [22, 2, 10, 14, 18, 6, 16], [2, 14, 10, 22, 18, 6, 20, 16, 24, 4], [14, 10, 22, 2, 18, 6, 16], [14, 2, 18, 6, 10, 22, 16], [10, 18, 2, 22, 6, 14, 20, 16, 24, 4], [18, 22, 14, 2, 6, 10, 16], [6, 22, 18, 2, 14, 10, 20, 16, 24, 4], [6, 10, 14, 22, 2, 18, 20, 16, 24, 4], [6, 18, 10, 14, 22, 2, 16], [14, 22, 10, 2, 18, 6, 20, 16, 24, 4], [10, 2, 14, 18, 22, 6, 16], [2, 14, 18, 6, 22, 10, 16], [10, 2, 14, 6, 18, 22, 20, 16, 24, 4], [2, 18, 10, 22, 14, 6, 16], [18, 10, 6, 14, 2, 22, 16], [22, 14, 6, 2, 10, 18, 20, 16, 24, 4], [10, 14, 18, 2, 6, 22, 20, 16, 24, 4], [6, 18, 10, 22, 14, 2, 16], [10, 14, 6, 2, 18, 22, 20, 16, 24, 4], [2, 6, 14, 22, 18, 10, 20, 16, 24, 4], [22, 18, 10, 2, 14, 6, 20, 16, 24, 4], [2, 22, 6, 14, 18, 10, 20, 16, 24, 4], [6, 10, 18, 22, 2, 14, 20, 16, 24, 4], [6, 14, 22, 18, 10, 2, 20, 16, 24, 4], [6, 18, 2, 22, 10, 14, 20, 16, 24, 4], [6, 10, 14, 22, 2, 18, 20, 16, 24, 4], [10, 2, 6, 22, 14, 18, 20, 16, 24, 4], [18, 10, 2, 6, 14, 22, 16], [6, 22, 2, 10, 14, 18, 16], [2, 6, 14, 10, 18, 22, 16], [10, 18, 2, 14, 6, 22, 20, 16, 24, 4], [2, 6, 10, 22, 18, 14, 16], [6, 10, 22, 2, 18, 14, 16], [14, 18, 6, 22, 2, 10, 16], [18, 22, 10, 2, 14, 6, 16], [2, 18, 22, 6, 10, 14, 20, 16, 24, 4], [10, 2, 18, 6, 14, 22, 16], [14, 10, 2, 18, 6, 22, 20, 16, 24, 4], [2, 14, 10, 18, 22, 6, 20, 16, 24, 4], [14, 18, 22, 10, 2, 6, 16], [22, 10, 18, 6, 14, 2, 16], [22, 10, 18, 2, 14, 6, 16], [6, 10, 22, 2, 14, 18, 20, 16, 24, 4], [14, 10, 2, 22, 18, 6, 20, 16, 24, 4], [14, 10, 6, 2, 18, 22, 16], [2, 22, 10, 6, 18, 14, 16], [2, 6, 18, 10, 22, 14, 20, 16, 24, 4], [2, 14, 18, 10, 22, 6, 16], [10, 18, 2, 14, 22, 6, 16], [14, 6, 10, 22, 18, 2, 16], [2, 18, 14, 6, 22, 10, 20, 16, 24, 4], [14, 6, 18, 2, 10, 22, 16], [14, 6, 18, 22, 2, 10, 16], [6, 10, 2, 18, 14, 22, 16], [14, 2, 10, 22, 6, 18, 16], [22, 18, 10, 2, 6, 14, 20, 16, 24, 4], [2, 6, 14, 18, 22, 10, 20, 16, 24, 4], [10, 18, 14, 6, 22, 2, 20, 16, 24, 4], [22, 18, 10, 6, 14, 2, 16, 20, 24, 4], [18, 10, 2, 14, 6, 22, 16, 24, 20, 4], [6, 22, 14, 18, 2, 10, 20, 16, 24, 4], [18, 2, 22, 14, 6, 10, 16, 24, 20, 4], [22, 10, 18, 2, 14, 6, 16, 20, 24, 4], [10, 22, 2, 6, 14, 18, 20, 16, 24, 4], [22, 2, 6, 18, 10, 14, 16, 20, 24, 4], [18, 6, 22, 14, 10, 2, 20, 16, 24, 4], [22, 6, 2, 14, 10, 18, 20, 16, 24, 4], [10, 6, 14, 2, 22, 18, 16, 24, 20, 4], [22, 10, 18, 14, 2, 6, 16, 24, 20, 4], [18, 6, 22, 2, 10, 14, 16, 20, 24, 4], [10, 22, 6, 14, 18, 2, 16, 24, 20, 4], [2, 22, 18, 14, 10, 6, 20, 16, 24, 4], [14, 22, 2, 6, 18, 10, 16, 20, 24, 4], [2, 14, 18, 22, 10, 6, 20, 16, 24, 4], [2, 22, 14, 10, 18, 6, 16, 24, 20, 4], [10, 14, 6, 18, 22, 2, 20, 16, 24, 4], [10, 6, 18, 22, 14, 2, 20, 16, 24, 4], [10, 18, 14, 22, 6, 2, 20, 16, 24, 4], [10, 22, 14, 18, 6, 2, 20, 16, 24, 4], [14, 22, 6, 18, 10, 2, 20, 16, 24, 4], [18, 10, 14, 2, 6, 22, 16, 24, 20, 4], [18, 22, 2, 14, 10, 6, 16, 24, 20, 4], [22, 18, 6, 14, 10, 2, 16, 20, 24, 4], [10, 18, 6, 2, 22, 14, 20, 16, 24, 4], [2, 6, 10, 14, 18, 22, 20, 16, 24, 4], [18, 6, 10, 2, 22, 14, 16, 24, 20, 4], [18, 14, 6, 22, 2, 10, 16, 20, 24, 4], [2, 10, 18, 6, 22, 14, 20, 16, 24, 4], [22, 10, 6, 14, 18, 2, 16, 24, 20, 4], [18, 22, 10, 2, 14, 6, 20, 16, 24, 4], [22, 10, 6, 18, 14, 2, 20, 16, 24, 4], [14, 6, 10, 22, 18, 2, 20, 16, 24, 4], [14, 6, 18, 2, 10, 22, 20, 16, 24, 4], [10, 14, 18, 2, 22, 6, 16, 24, 20, 4], [10, 14, 6, 2, 18, 22, 20, 16, 24, 4], [18, 6, 10, 22, 2, 14, 20, 16, 24, 4], [18, 14, 6, 22, 10, 2, 16, 20, 24, 4], [18, 22, 6, 10, 2, 14, 16, 24, 20, 4], [2, 18, 22, 14, 10, 6, 16, 24, 20, 4], [10, 14, 6, 2, 22, 18, 16, 24, 20, 4], [2, 18, 22, 14, 10, 6, 20, 16, 24, 4], [22, 14, 18, 6, 2, 10, 20, 16, 24, 4], [2, 10, 6, 22, 18, 14, 20, 16, 24, 4], [2, 22, 6, 18, 14, 10, 20, 16, 24, 4], [2, 14, 18, 22, 10, 6, 16, 20, 24, 4], [6, 14, 22, 10, 2, 18, 20, 16, 24, 4], [6, 14, 10, 18, 2, 22, 20, 16, 24, 4], [18, 6, 14, 2, 10, 22, 16, 24, 20, 4], [6, 2, 14, 18, 10, 22, 20, 16, 24, 4], [22, 10, 14, 6, 18, 2, 20, 16, 24, 4], [18, 6, 14, 22, 10, 2, 20, 16, 24, 4], [6, 14, 18, 22, 10, 2, 20, 16, 24, 4], [10, 18, 22, 6, 14, 2, 16, 24, 20, 4], [14, 22, 18, 10, 2, 6, 16, 24, 20, 4], [2, 18, 14, 22, 10, 6, 20, 16, 24, 4], [18, 14, 10, 22, 6, 2, 16, 24, 20, 4], [22, 10, 14, 2, 6, 18, 16, 24, 20, 4], [22, 10, 2, 18, 14, 6, 16, 20, 24, 4], [22, 10, 2, 6, 18, 14, 16, 20, 24, 4], [22, 2, 14, 18, 10, 6, 16, 20, 24, 4], [10, 6, 18, 22, 14, 2, 20, 16, 24, 4], [14, 10, 22, 6, 18, 2, 16, 20, 24, 4], [10, 2, 18, 14, 22, 6, 20, 16, 24, 4], [14, 18, 10, 6, 2, 22, 20, 16, 24, 4], [2, 22, 14, 10, 6, 18, 20, 16, 24, 4], [6, 10, 18, 22, 2, 14, 16, 20, 24, 4], [14, 22, 10, 6, 2, 18, 16, 24, 20, 4], [18, 10, 14, 2, 22, 6, 20, 16, 24, 4], [22, 6, 10, 2, 14, 18, 16, 20, 24, 4], [2, 6, 10, 14, 18, 22, 16, 24, 20, 4], [18, 22, 6, 2, 14, 10, 16, 20, 24, 4], [2, 22, 6, 14, 18, 10, 16, 24, 20, 4], [14, 2, 18, 6, 22, 10, 16, 24, 20, 4], [22, 18, 6, 2, 10, 14, 20, 16, 24, 4], [6, 10, 14, 2, 22, 18, 20, 16, 24, 4], [18, 14, 2, 6, 22, 10, 16, 20, 24, 4], [22, 18, 2, 10, 6, 14, 16, 20, 24, 4], [22, 18, 2, 14, 6, 10, 20, 16, 24, 4], [10, 22, 2, 18, 6, 14, 20, 16, 24, 4], [6, 10, 18, 14, 2, 22, 20, 16, 24, 4], [22, 18, 14, 6, 10, 2, 16, 20, 24, 4], [2, 10, 22, 18, 14, 6, 16, 24, 20, 4], [22, 6, 2, 14, 10, 18, 20, 16, 24, 4], [14, 22, 2, 6, 10, 18, 20, 16, 24, 4], [22, 6, 10, 2, 18, 14, 20, 16, 24, 4], [10, 6, 22, 2, 18, 14, 20, 16, 24, 4], [14, 10, 18, 6, 22, 2, 20, 16, 24, 4], [6, 2, 14, 18, 10, 22, 20, 16, 24, 4], [18, 22, 10, 2, 6, 14, 20, 16, 24, 4], [22, 2, 18, 6, 10, 14, 20, 16, 24, 4], [2, 10, 6, 18, 22, 14, 20, 16, 24, 4], [22, 18, 14, 2, 10, 6, 16, 24, 20, 4], [2, 14, 10, 18, 6, 22, 16, 20, 24, 4], [22, 14, 18, 10, 6, 2, 20, 16, 24, 4], [14, 22, 6, 2, 18, 10, 16, 24, 20, 4], [14, 6, 10, 2, 18, 22, 16, 24, 20, 4], [10, 2, 18, 6, 22, 14, 16, 20, 24, 4], [14, 22, 6, 10, 2, 18, 16, 24, 20, 4], [14, 6, 22, 18, 10, 2, 16, 24, 20, 4], [22, 2, 6, 14, 18, 10, 20, 16, 24, 4], [10, 6, 22, 2, 14, 18, 20, 16, 24, 4], [18, 14, 2, 6, 22, 10, 16, 24, 20, 4], [2, 14, 6, 18, 22, 10, 16, 24, 20, 4], [18, 2, 22, 10, 6, 14, 20, 16, 24, 4], [18, 14, 6, 10, 2, 22, 20, 16, 24, 4], [6, 10, 14, 22, 18, 2, 16, 20, 24, 4], [2, 18, 14, 10, 6, 22, 20, 16, 24, 4], [6, 18, 22, 2, 14, 10, 16, 24, 20, 4], [6, 14, 18, 22, 10, 2, 20, 16, 24, 4], [14, 22, 2, 10, 18, 6, 20, 16, 24, 4], [2, 10, 22, 6, 14, 18, 16, 24, 20, 4], [10, 22, 14, 18, 6, 2, 20, 16, 24, 4], [6, 2, 14, 22, 10, 18, 16, 24, 20, 4], [22, 6, 10, 18, 14, 2, 20, 16, 24, 4], [2, 18, 10, 22, 14, 6, 20, 16, 24, 4], [14, 22, 18, 6, 10, 2, 16, 24, 20, 4], [14, 2, 18, 22, 10, 6, 16, 20, 24, 4], [10, 18, 22, 6, 14, 2, 20, 16, 24, 4], [22, 2, 10, 14, 6, 18, 16, 24, 20, 4], [18, 14, 10, 2, 6, 22, 20, 16, 24, 4], [6, 10, 22, 18, 2, 14, 20, 16, 24, 4], [14, 6, 22, 10, 2, 18, 16, 20, 24, 4], [22, 6, 18, 2, 14, 10, 16, 24, 20, 4], [10, 14, 18, 6, 22, 2, 20, 16, 24, 4], [10, 6, 18, 22, 2, 14, 20, 16, 24, 4], [14, 10, 6, 2, 22, 18, 20, 16, 24, 4], [14, 18, 6, 22, 10, 2, 20, 16, 24, 4], [10, 14, 18, 6, 2, 22, 16, 24, 20, 4], [10, 6, 2, 18, 14, 22, 20, 16, 24, 4], [22, 2, 14, 18, 10, 6, 20, 16, 24, 4], [14, 22, 2, 18, 6, 10, 20, 16, 24, 4], [14, 18, 10, 6, 2, 22, 20, 16, 24, 4], [2, 22, 14, 6, 18, 10, 16, 20, 24, 4], [22, 10, 14, 6, 18, 2, 16, 20, 24, 4], [10, 2, 6, 18, 22, 14, 16, 20, 24, 4], [6, 10, 14, 22, 18, 2, 16, 20, 24, 4], [2, 14, 22, 6, 18, 10, 20, 16, 24, 4], [10, 2, 18, 6, 14, 22, 16, 20, 24, 4], [10, 22, 14, 2, 6, 18, 20, 16, 24, 4], [10, 2, 6, 22, 14, 18, 20, 16, 24, 4], [10, 14, 22, 6, 18, 2, 20, 16, 24, 4], [2, 10, 14, 6, 22, 18, 16, 20, 24, 4], [18, 14, 10, 6, 2, 22, 20, 16, 24, 4], [14, 22, 2, 6, 18, 10, 20, 16, 24, 4], [6, 10, 18, 22, 14, 2, 20, 16, 24, 4], [2, 22, 10, 6, 14, 18, 20, 16, 24, 4], [6, 2, 14, 22, 10, 18, 16, 24, 20, 4], [18, 6, 2, 14, 22, 10, 20, 16, 24, 4], [18, 22, 6, 10, 2, 14, 20, 16, 24, 4], [6, 14, 18, 10, 22, 2, 16, 24, 20, 4], [22, 6, 10, 2, 18, 14, 20, 16, 24, 4], [22, 18, 6, 14, 10, 2, 16, 20, 24, 4], [2, 22, 18, 10, 14, 6, 20, 16, 24, 4], [6, 14, 18, 2, 10, 22, 20, 16, 2