{"problem_id":"jZUwNecCFAlql4P","sigma":75,"alpha":0.316,"cost":0,"probabilities":"[0.37, 0.44, 0.03, 0.16]","payoff_matrix":"[[-91, -40, 21, -7, -94, 50], [75, -98, -9, -85, 29, -97], [114, -19, -105, 51, -21, -50], [212, -46, -51, -122, -40, 60]]","uncovered":[[14,10,2,6,18,22,1,17,9,12,4],[22,10,6,14,2,18,17],[6,18,10,22,2,14,1,17,9,4],[6,10,2,18,14,22,17],[22,14,10,18,6,2,1,17,9,12,4],[2,6,10,14,22,18,1,17,9,12,4],[2,14,10,22,6,18,1,17,9,4],[18,6,22,2,10,14,1,17,9,12,4],[22,18,14,10,6,1,17,9,2,12,4],[14,6,22,2,10,18,17],[6,18,14,22,2,10,17],[2,22,18,14,10,6,17],[18,22,10,6,14,2,17],[10,2,22,14,5,18,17],[10,6,14,2,18,22,1,17,9,4],[18,2,14,22,6,10,1,17,9,4],[6,22,10,14,2,18,17],[14,2,18,22,6,10,17],[18,14,22,2,10,6,17],[10,22,2,18,6,14,1,17,9,4],[6,14,10,18,2,21,22,17],[22,14,6,2,18,10,1,17,9,4],[2,22,18,6,14,10,17],[22,14,2,6,17,10],[14,22,2,6,18,10,17],[22,18,2,10,14,5,1,17,9,6,4],[22,10,2,6,18,14,17],[10,22,6,2,18,14,17],[2,18,9,21,22,6,14,10,17,1,12,4],[18,10,6,2,22,14,1,17,9,4],[22,14,10,18,2,6,1,17,9,12,4],[22,14,2,18,10,6,1,17,9,12,4],[6,14,10,22,18,2,1,17,9,4],[10,22,18,14,2,6,1,17,9,4],[22,6,14,10,18,2,17],[18,6,22,14,10,2,17],[18,6,14,2,22,10,17],[10,18,14,22,2,6,17],[18,10,14,22,6,2,1,17,9,4],[14,22,18,10,2,6,17],[10,2,18,21,22,14,6,17],[22,14,2,10,6,18,1,17,9,4],[22,2,10,18,13,6,1,14,17,9,4],[2,10,18,6,22,14,1,17,9,12,4],[18,6,22,2,10,14,17],[22,14,6,2,10,18,1,17,9,12,4],[18,6,14,10,2,22,1,17,9,12,4],[22,2,14,10,18,6,17],[18,2,14,10,22,6,17],[2,22,14,18,10,6,1,17,9,4],[14,10,6,18,2,21,22,1,17,9,12,4],[22,6,2,10,14,18,17],[6,14,18,2,9,22,10,1,17,12,4],[18,10,6,22,2,14,17],[22,2,18,10,14,6,1,17,9,4],[18,14,22,6,10,2,1,17,9,4],[2,14,22,18,6,10,1,17,9,4],[2,18,22,6,10,14,1,17,9,4],[14,18,6,2,22,10,17],[2,18,6,10,22,14,17],[10,6,2,17,22,14],[22,2,18,9,6,14,10,1,17,12,4],[10,14,18,6,22,2,17],[22,18,2,14,6,9,10,1,17,4],[2,22,14,18,10,6,1,17,9,4],[17,22,2,14,5,10],[22,10,2,18,14,6,1,17,9,12,4],[10,2,22,18,7,14,6,17],[14,10,6,18,2,22,17],[18,22,14,6,10,2,1,17,9,4],[22,6,14,18,2,10,17],[18,14,2,10,5,22,1,17,9,6,4],[10,6,2,22,14,18,1,17,9,4],[22,2,6,17,9,14,10,1,12,4],[2,10,6,22,14,18,1,17,9,4],[2,14,10,18,22,6,17],[6,2,10,22,14,18,17],[10,18,14,2,6,22,1,17,9,12,4],[22,6,10,14,2,17],[10,18,6,14,2,22,1,17,9,4],[14,22,18,6,2,10,1,17,9,12,4],[6,22,10,2,14,18,1,17,9,4],[18,22,2,13,6,10,1,14,17,9,12,4],[14,2,6,22,9,18,10,1,17,4],[6,10,2,22,14,18,1,17,9,12,4],[22,2,18,6,10,14,1,17,9,4],[10,2,22,6,14,18,1,17,9,12,4],[14,10,22,6,2,18,17],[18,10,14,2,6,22,1,17,9,4],[10,6,14,18,2,22,17],[6,18,22,10,14,2,1,17,9,4],[22,18,14,6,2,10,1,17,9,4],[22,2,14,6,10,18,17],[22,1,6,10,14,18,17,9,2,4],[2,14,18,10,6,22,1,17,9,12,4],[2,14,22,18,10,6,1,17,9,12,4],[10,2,18,14,22,6,1,17,9,12,4],[14,6,2,10,18,22,17],[22,10,18,6,14,2,17],[10,22,14,6,2,18,1,17,9,4],[10,18,22,2,14,6,17],[18,2,22,14,10,6,1,17,9,12,4],[22,14,18,6,2,10,17],[18,22,13,10,6,2,17,14],[10,22,18,6,14,2,1,17,9,12,4],[14,2,22,9,5,18,10,17,1,6,4],[2,14,6,22,10,18,17],[6,10,2,18,22,14,1,17,9,12,4],[2,14,10,18,22,6,1,17,9,4],[14,18,22,2,10,6,1,17,9,4],[10,6,18,14,2,22,1,17,9,12,4],[22,14,2,18,10,6,17],[2,6,22,14,10,18,17],[10,14,22,18,6,2,1,17,9,12,4],[18,6,14,10,22,2,17],[18,14,22,6,10,2,17],[22,2,14,10,18,6,17],[22,6,18,10,14,2,17],[22,6,10,2,18,14,17],[6,14,2,22,9,18,10,17,1,12,4],[6,2,22,14,10,18,17],[6,14,18,10,22,2,17],[10,2,14,22,18,6,17],[22,2,18,14,9,6,10,17,1,12,4],[18,6,22,9,2,14,10,1,17,12,4],[6,2,14,18,22,10,1,17,9,4],[10,18,6,2,14,22,17],[6,2,10,18,14,22,1,17,9,4],[2,6,21,22,18,13,10,1,14,17,9,12,4],[22,6,10,18,2,14,17],[10,2,6,14,18,22,1,17,9,12,4],[2,14,17,22,10,6],[6,10,14,22,2,18,17],[2,10,18,22,6,14,1,17,9,4],[14,2,22,5,18,10,1,17,9,6,12,4],[2,10,6,22,18,14,17],[22,6,2,14,10,18,1,17,9,12,4],[2,10,14,21,22,6,18,17],[6,22,14,2,18,10,17],[14,18,2,22,6,10,17],[22,6,18,14,2,10,1,17,9,12,4],[6,22,2,18,14,10,1,17,9,4],[18,6,2,14,10,22,17],[10,18,2,22,14,6,17],[10,6,14,2,18,22,1,17,9,12,4],[6,18,2,22,14,10,17],[14,18,22,10,5,2,17],[22,6,10,14,2,20,18,1,17,9,4],[14,2,10,22,18,6,17],[14,6,18,22,2,10,1,17,9,4],[18,10,2,6,22,14,1,17,9,4],[14,10,6,2,22,18,1,17,9,4],[2,10,14,6,18,22,17],[10,14,6,2,22,18,1,17,9,4],[18,22,6,2,10,14,17],[2,22,17,10,6,14],[10,14,22,6,2,18,1,17,9,12,4],[2,6,18,22,14,10,17],[14,22,2,10,6,18,17],[6,18,14,2,10,22,1,17,9,12,4],[2,18,6,14,22,10,17],[2,18,10,14,22,6,17],[22,10,14,6,18,1,9,17,2,4],[2,14,6,10,17,22],[2,18,22,14,6,10,1,17,9,4],[6,22,13,2,10,18,17,14],[2,6,18,10,14,22,1,17,9,12,4],[22,18,6,2,13,10,1,14,17,9,4],[10,14,22,18,2,6,1,17,9,4],[22,2,17,14,6,9,10,1,12,4],[18,6,2,22,10,14,17],[6,14,18,2,10,22,1,17,9,4],[14,10,22,18,2,6,1,17,9,12,4],[10,14,22,2,18,8,1,6,17,9,4],[10,14,22,6,17,2],[6,22,10,2,14,18,1,17,9,4],[10,18,2,6,22,13,17,14],[6,14,22,10,2,18,1,17,9,4],[18,21,22,2,6,14,10,17],[2,22,6,10,14,18,17],[10,18,2,14,6,22,17],[18,22,10,14,6,2,17],[18,2,22,5,14,10,1,17,9,6,4],[18,2,22,6,14,10,1,17,9,4],[14,6,10,22,18,2,17],[22,14,6,2,10,18,17],[2,6,18,10,22,14,1,17,9,4],[14,18,22,2,6,10,17],[22,14,18,10,6,2,17],[10,2,14,18,22,6,17],[18,22,1,14,10,6,9,17,2,12,4],[18,2,22,14,10,6,1,17,9,12,4],[2,6,14,18,10,22,17],[6,22,2,10,18,14,1,17,9,12,4],[10,18,2,22,6,14,17],[22,14,10,6,18,2,1,17,9,4],[6,18,14,2,22,10,1,17,9,12,4],[14,18,6,22,2,10,1,17,9,12,4],[14,10,18,22,2,6,17],[22,10,6,14,2,18,1,17,9,12,4],[22,6,18,2,14,10,1,17,9,4],[18,22,2,10,6,14,17],[14,6,22,2,10,18,1,17,9,12,4],[22,2,14,18,10,6,1,17,9,12,4],[14,10,18,2,6,22,1,17,9,4],[18,22,14,10,6,2,1,17,9,12,4],[10,2,6,21,22,18,15,14,17],[2,22,18,10,14,6,17],[2,10,6,22,18,13,1,14,17,9,4],[10,22,2,18,6,14,17],[6,10,18,2,22,13,1,14,17,9,12,4],[22,2,10,18,14,6,17],[14,2,6,10,22,18,1,17,9,12,4],[14,22,10,17,6,2],[14,18,10,6,22,2,1,17,9,12,4],[10,22,14,2,6,18,1,17,9,4],[2,14,10,22,6,18,17],[2,6,10,18,14,22,1,17,9,12,4],[6,22,2,13,10,18,17,14],[18,6,22,2,10,14,17],[2,14,10,6,22,18,1,17,9,4],[18,22,6,10,2,14,1,17,9,12,4],[18,22,6,10,14,2,17],[14,10,22,2,18,6,17],[2,22,18,5,10,14,1,17,9,6,4],[14,18,2,10,6,21,22,17],[14,2,6,22,10,18,1,17,9,4],[14,10,22,18,2,6,17],[6,10,14,2,18,22,17],[22,14,18,6,2,10,1,17,9,4],[6,10,18,2,13,22,17,14],[14,18,10,2,6,22,1,17,9,12,4],[10,14,6,18,22,2,17],[6,14,10,18,22,2,17],[10,2,14,22,6,18,17],[6,22,14,2,10,18,1,17,9,12,4],[6,14,2,10,22,18,1,17,9,4],[18,2,14,6,10,22,1,17,9,12,4],[2,22,18,14,6,10,1,17,9,12,4],[10,22,2,14,18,6,1,17,9,12,4],[22,6,18,10,14,2,17],[18,22,2,6,14,10,17],[14,6,18,22,2,10,17],[18,22,2,14,6,10,1,17,9,4],[2,5,14,21,22,10,18,1,17,9,6,12,4],[6,18,14,2,11,22,10,17],[22,2,10,14,18,6,17],[18,22,6,2,14,10,1,17,9,4],[2,10,22,14,18,6,17],[6,2,15,14,10,22,17],[14,2,10,18,6,21,22,17],[2,14,22,18,10,6,1,17,9,4],[10,18,14,22,2,6,17],[2,18,22,10,6,14,1,17,9,12,4],[18,2,14,10,22,6,1,17,9,4],[5,18,10,22,2,13,17,14],[10,6,22,14,2,18,17],[2,14,22,18,10,6,1,17,9,4],[10,18,14,6,2,22,17],[10,2,14,6,22,18,17],[18,14,10,6,22,2,17],[2,6,10,14,18,22,17],[6,14,22,2,10,18,1,17,9,4],[22,10,2,18,5,14,17],[2,10,22,18,6,14,17],[6,22,2,14,18,10,1,17,9,4],[6,10,22,18,14,2,17],[2,6,21,22,10,18,14,17],[13,22,18,5,2,10,1,14,17,9,6,4],[6,22,10,2,14,18,1,17,9,12,4],[22,2,14,6,18,10,1,17,9,12,4],[6,18,10,2,14,22,1,17,9,12,4],[10,14,6,22,2,18,1,17,9,12,4],[2,14,10,18,6,22,17],[22,2,6,10,14,18,17],[14,2,22,6,17,10],[18,6,22,14,2,10,17],[14,10,22,2,18,6,17],[14,22,6,10,2,18,17],[2,22,14,18,6,10,17],[14,6,22,18,2,10,1,17,9,12,4],[6,14,18,10,22,2,17],[6,14,2,9,18,22,10,17,1,4],[18,22,2,6,14,10,1,17,9,4],[6,18,2,10,22,14,17],[2,6,10,14,21,22,18,17],[22,14,2,18,10,6,17],[10,22,14,18,6,2,1,17,9,12,4],[10,2,18,6,14,22,1,17,9,4],[6,18,22,10,2,14,1,17,9,12,4],[2,10,22,14,6,18,17],[2,6,14,22,18,10,17],[18,6,22,14,10,2,17],[22,6,10,2,18,14,1,17,9,12,4],[10,2,22,18,13,6,17,14],[9,2,6,18,22,14,10,1,17,4],[14,6,18,2,22,9,10,17,1,4],[10,22,14,2,18,5,1,17,9,6,12,4],[22,6,10,18,1,14,9,17,2,4],[14,22,18,6,10,2,1,17,9,4],[10,18,22,2,6,14,17],[14,2,6,17,10,22],[18,6,22,14,2,10,17],[18,14,22,2,10,6,17],[10,18,2,22,14,6,1,17,9,12,4],[18,22,2,6,10,14,17],[6,10,2,22,18,14,1,17,9,12,4],[1,14,6,22,18,10,17,9,2,12,4],[6,21,18,22,10,14,2,1,17,9,12,4],[18,2,6,10,14,22,17],[2,22,14,6,10,18,1,17,9,4],[2,10,18,21,22,13,6,1,14,17,9,12,4],[6,18,22,10,2,14,17],[6,14,10,18,22,2,1,17,9,4],[22,2,18,14,10,6,17],[22,6,18,10,14,2,1,17,9,12,4],[22,2,6,18,10,14,1,17,9,4],[22,2,10,18,5,14,17],[22,2,18,5,14,10,1,17,9,6,4],[2,18,22,6,10,14,1,17,9,4],[2,6,18,9,22,14,10,1,17,4],[22,14,18,10,6,2,1,17,9,4],[14,6,18,22,10,2,17],[22,14,18,2,10,6,17],[14,18,6,2,22,10,1,17,9,12,4],[18,10,14,2,6,22,17],[18,2,10,22,14,6,17],[2,22,10,18,6,14,1,17,9,12,4],[18,22,2,13,10,6,1,14,17,9,12,4],[14,6,10,2,19,22,18,1,17,9,12,4],[18,6,2,22,14,10,1,17,9,12,4],[22,18,14,2,10,6,17],[14,2,9,18,22,6,10,17,1,12,4],[14,6,22,18,2,10,17],[6,2,18,10,22,14,1,17,9,4],[22,2,18,10,6,14,17],[2,22,14,18,10,6,17],[18,14,10,22,6,2,1,17,9,12,4],[10,2,22,14,5,18,1,17,9,6,4],[18,6,22,10,14,2,17],[14,22,10,6,18,2,1,17,9,12,4],[6,2,22,10,18,14,17],[10,22,2,18,6,14,17],[18,10,22,6,2,14,1,17,9,4],[10,18,2,6,14,22,1,17,9,4],[14,6,10,18,22,2,17],[6,18,10,2,14,22,17],[6,2,14,18,10,22,1,17,9,12,4],[10,14,18,22,2,6,1,17,9,4],[18,22,14,2,6,10,17],[2,10,18,13,6,21,22,1,14,17,9,4],[2,14,18,6,22,10,1,17,9,12,4],[6,22,18,2,14,10,1,17,9,12,4],[2,14,10,6,18,21,22,17],[6,22,2,18,14,10,17],[22,6,10,14,18,2,1,17,9,12,4],[10,14,6,22,18,2,1,17,9,12,4],[6,10,18,14,2,22,1,17,9,12,4],[10,14,22,18,5,2,1,17,9,6,12,4],[6,10,22,2,18,13,1,14,17,9,12,4],[2,6,10,18,22,13,1,14,17,9,12,4],[10,22,18,2,14,6,17],[18,6,22,14,2,9,10,17,1,4],[22,13,18,2,6,10,17,14],[22,10,6,2,14,18,1,17,9,4],[22,6,10,2,14,18,1,17,9,12,4],[6,10,14,2,18,21,22,17],[6,22,2,14,18,10,17],[22,6,14,18,10,2,1,17,9,12,4],[10,22,14,2,6,18,1,17,9,4],[6,14,18,2,22,10,17],[14,6,9,18,22,2,10,17,1,12,4],[2,10,22,18,14,8,17,6],[2,18,22,14,6,10,1,17,9,4],[18,6,22,2,9,14,10,17,1,4],[22,14,6,2,9,18,10,1,17,12,4],[14,18,6,2,10,22,1,17,9,12,4],[22,2,6,10,14,17],[22,14,18,10,6,2,1,17,9,12,4],[6,22,18,2,14,10,17],[6,22,14,18,10,2,17],[18,14,6,2,22,10,1,17,9,4],[22,10,2,6,14,18,1,17,9,4],[2,10,5,22,18,14,1,17,9,6,12,4],[22,18,6,14,2,10,17],[18,14,10,6,22,2,17],[14,10,18,2,22,6,17],[10,22,2,18,6,14,17],[22,18,14,6,10,2,1,17,9,12,4],[2,22,6,18,14,10,1,17,9,12,4],[14,10,22,18,6,2,1,17,9,4],[2,14,6,22,10,18,1,17,9,12,4],[10,6,2,18,21,22,14,1,17,9,12,4],[6,22,13,10,18,2,1,14,17,9,4],[14,22,2,18,10,6,17],[6,22,10,18,14,2,1,17,9,4],[22,6,14,10,2,18,17],[14,10,22,6,18,2,17],[6,22,14,18,10,2,1,17,9,12,4],[22,14,6,2,10,18,1,17,9,12,4],[10,6,22,2,18,14,1,17,9,12,4],[22,10,18,14,6,2,17],[22,14,10,6,2,18,17],[14,6,10,22,2,18,17],[6,14,18,2,22,10,17],[14,6,10,22,18,2,1,17,9,4],[10,6,14,18,22,2,17],[18,6,14,2,22,10,20,1,17,9,4],[10,18,6,14,2,22,1,17,9,4],[18,22,6,14,10,2,1,17,9,12,4],[14,2,18,22,5,10,17],[10,18,14,22,6,2,17],[6,2,22,14,18,10,1,17,9,4],[18,6,2,14,10,22,1,17,9,4],[18,10,2,22,6,14,1,17,9,12,4],[22,18,13,10,2,6,1,14,17,9,4],[22,2,14,18,10,6,17],[10,14,22,18,6,2,1,17,9,4],[18,22,6,2,14,10,17],[18,6,14,10,2,22,1,17,9,4],[18,22,2,14,6,10,17],[6,18,22,10,2,14,1,17,9,12,4],[14,2,22,10,6,17],[6,22,14,2,10,17],[18,2,22,14,10,5,1,17,9,6,12,4],[22,18,14,10,6,2,1,17,9,12,4],[14,10,2,22,6,18,1,17,9,4],[22,18,14,6,2,9,10,1,17,4],[18,22,2,6,14,10,17],[6,18,22,14,2,10,17],[2,21,22,10,18,6,14,1,17,9,4],[14,6,10,22,2,18,1,17,9,12,4],[6,14,2,22,18,10,17],[10,6,14,18,22,2,1,17,9,12,4],[18,10,2,6,22,14,1,17,9,4],[14,18,22,10,6,2,17],[6,10,14,22,2,18,17],[14,22,2,10,18,8,17,7,6],[2,10,18,6,22,14,17],[6,14,2,22,18,10,17],[6,14,10,2,18,22,17],[2,18,14,10,22,6,1,17,9,4],[22,18,6,14,2,10,1,17,9,4],[13,22,2,6,18,9,10,1,17,14,12,4],[6,18,22,2,14,9,10,17,1,12,4],[14,2,18,6,10,22,17],[6,18,22,2,14,10,17],[10,1,6,22,18,14,17,9,2,4],[2,5,14,9,18,22,10,17,1,6,4],[18,14,1,22,10,6,17,9,2,12,4],[22,14,10,6,18,2,17],[2,22,14,10,18,6,1,17,9,4],[14,2,18,10,5,22,1,17,9,6,4],[13,22,6,10,2,18,17,14],[6,18,14,10,22,2,1,17,9,4],[22,6,10,18,14,2,17],[22,14,2,6,18,10,1,17,9,4],[22,10,2,18,14,6,17],[14,18,6,22,2,10,1,17,9,12,4],[18,6,2,10,14,22,17],[14,2,18,10,6,22,17],[17,14,10,2,22,5],[10,6,14,22,2,18,1,17,9,4],[18,14,10,22,6,2,17],[6,10,14,18,22,2,17],[18,6,22,9,2,14,10,17,1,12,4],[6,10,2,22,18,14,1,17,9,4],[18,6,10,2,13,21,22,17,14],[2,22,17,10,14,6],[10,22,18,6,2,14,17],[14,18,6,22,10,2,1,17,9,12,4],[18,14,22,2,10,6,1,17,9,12,4],[14,2,18,10,22,6,17],[2,6,14,10,22,18,1,17,9,4],[14,2,10,18,22,6,1,17,9,4],[2,13,18,6,10,22,17,14],[2,6,14,10,22,18,1,17,9,4],[2,14,22,6,20,10,18,1,17,9,4],[6,18,10,22,14,2,1,17,9,12,4],[18,14,10,6,2,22,17],[14,10,6,2,22,18,1,17,9,4],[6,2,18,22,10,14,17],[14,22,18,6,10,2,1,17,9,12,4],[6,22,14,10,18,2,1,17,9,4],[6,10,2,13,18,22,17,14],[14,6,18,10,21,22,2,1,17,9,4],[10,14,6,22,18,2,17],[6,18,10,14,22,2,1,17,9,4],[14,6,2,18,22,10,1,17,9,4],[14,6,2,22,18,10,17],[6,2,18,10,22,14,1,17,9,4],[10,2,14,5,18,22,1,17,9,6,4],[14,22,2,10,6,18,17],[6,18,22,2,10,14,1,17,9,4],[14,18,22,6,10,2,17],[18,2,6,10,22,14,1,17,9,4],[22,18,14,6,2,10,1,17,9,12,4],[6,2,14,10,18,22,1,17,9,4],[2,14,18,10,22,5,1,17,9,6,12,4],[2,18,22,10,14,6,17],[14,18,2,10,6,22,17],[2,10,14,6,18,22,17],[22,2,10,14,18,6,1,17,9,4],[10,18,2,14,22,6,17],[6,14,22,2,18,9,10,1,17,12,4],[10,14,6,18,21,22,2,17],[10,6,18,2,14,22,17],[18,22,6,10,14,2,1,17,9,12,4],[18,6,14,2,22,10,1,17,9,4],[6,18,14,22,2,10,17],[14,2,10,22,6,18,17],[2,10,18,14,22,6,17],[2,6,14,22,18,9,10,1,17,12,4],[22,2,10,13,18,6,17,14],[13,10,6,22,18,2,17,14],[14,10,18,22,6,2,1,17,9,12,4],[2,10,18,14,22,6,1,17,9,12,4],[14,10,22,18,2,6,17],[18,2,10,22,6,14,1,17,9,12,4],[6,14,2,18,22,10,1,17,9,12,4],[10,2,18,14,6,22,1,17,9,12,4],[22,6,18,10,14,2,17],[18,10,22,6,14,2,1,17,9,4],[14,22,2,10,6,18,1,17,9,12,4],[14,22,18,10,2,6,1,17,9,4],[22,10,6,14,2,18,1,17,9,12,4],[10,6,2,14,18,22,17],[6,2,14,18,9,22,10,17,1,12,4],[6,22,18,2,10,14,17],[22,6,14,2,10,18,1,17,9,4],[18,14,6,2,10,22,1,17,9,4],[6,22,2,14,10,18,1,17,9,4],[10,14,6,2,22,18,1,17,9,12,4],[14,6,2,18,10,22,1,17,9,4],[9,18,22,2,14,6,10,17,1,12,4],[14,18,6,2,22,10,17],[14,22,2,10,5,18,17],[14,10,18,6,2,21,22,1,17,9,12,4],[22,10,14,18,2,6,1,17,9,12,4],[14,2,17,10,6,22],[6,10,22,14,18,2,17],[6,14,10,2,18,22,1,17,9,4],[2,6,14,18,22,10,17],[18,2,22,6,14,10,17],[14,22,18,10,6,2,1,17,9,4],[6,2,14,18,10,22,1,17,9,12,4],[2,18,22,14,10,6,1,17,9,4],[10,18,6,14,22,2,1,17,9,4],[2,6,14,10,21,22,18,1,17,9,12,4],[2,14,10,6,22,17],[22,2,18,14,6,10,1,17,9,12,4],[22,14,18,10,6,2,17],[2,6,22,18,14,10,17],[10,22,6,14,18,2,17],[6,18,10,14,22,2,1,17,9,4],[6,2,18,14,9,22,10,1,17,4],[10,6,14,2,22,18,1,17,9,12,4],[14,22,6,10,18,2,17],[18,10,22,14,2,6,1,17,9,4],[2,6,18,13,22,10,1,14,17,9,4],[22,2,10,18,14,6,17],[6,22,14,10,2,18,1,17,9,12,4],[22,6,10,2,18,13,17,14],[6,22,10,14,2,18,17],[14,22,6,10,18,2,1,17,9,4],[6,18,2,10,14,22,1,17,9,12,4],[2,22,14,10,5,18,17],[14,6,10,22,2,18,1,17,9,4],[22,2,10,6,13,18,1,14,17,9,12,4],[2,22,10,13,6,18,17,14],[10,22,18,6,14,2,17],[6,18,10,22,14,2,17],[6,10,22,14,18,2,17],[14,18,2,22,6,10,1,17,9,12,4],[14,6,18,22,10,2,1,17,9,12,4],[10,6,22,2,14,18,17],[18,6,10,14,22,2,17],[14,22,18,6,2,9,10,1,17,4],[22,18,2,10,14,6,17],[14,6,2,10,22,18,17],[18,10,22,2,6,14,17],[22,18,6,10,2,14,17],[2,22,6,14,10,17],[14,18,22,6,10,2,17],[10,14,2,18,22,6,1,17,9,4],[14,6,18,10,2,22,1,17,9,12,4],[10,14,2,18,22,6,17],[14,22,10,2,18,6,1,17,9,12,4],[6,18,10,22,14,2,17],[6,22,18,14,2,10,17],[18,10,6,2,14,22,1,17,9,12,4],[10,2,14,6,22,18,1,17,9,4],[10,2,6,18,22,14,1,17,9,12,4],[6,10,14,18,2,22,17],[14,2,18,6,10,22,17],[14,6,2,18,22,10,1,17,9,4],[18,14,2,10,22,5,17],[18,2,22,14,5,10,17],[18,2,10,14,6,22,1,17,9,4],[6,10,14,2,22,18,1,17,9,12,4],[2,10,5,18,22,14,1,17,9,6,12,4],[6,10,22,14,18,2,17],[10,2,6,21,22,14,17],[18,10,2,14,22,6,1,17,9,12,4],[2,14,6,22,18,10,17],[2,10,6,18,22,13,17,14],[6,2,22,18,14,10,17],[10,22,18,2,6,13,1,14,17,9,12,4],[22,14,10,2,18,6,1,17,9,4],[18,6,14,22,10,2,17],[14,10,6,22,18,2,17],[18,2,10,14,22,6,1,17,9,12,4],[22,18,6,2,14,10,1,17,9,4],[18,14,10,22,2,6,17],[6,14,10,18,22,1,9,17,2,4],[22,2,6,9,14,18,10,17,1,12,4],[10,18,6,14,22,2,17],[6,22,14,18,10,2,1,17,9,4],[2,14,22,10,18,6,17],[2,6,22,18,14,10,1,17,9,4],[6,10,14,22,18,2,17],[6,10,18,2,14,22,1,17,9,12,4],[10,2,6,18,14,22,17],[10,22,14,18,2,6,17],[14,18,22,6,2,10,1,17,9,12,4],[18,14,2,6,22,10,1,17,9,12,4],[6,18,10,22,14,2,1,17,9,4],[22,2,18,14,10,6,17],[14,22,2,6,9,18,10,17,1,12,4],[2,6,14,18,22,10,17],[14,10,6,22,18,2,1,17,9,12,4],[6,14,18,10,22,2,1,17,9,12,4],[22,6,2,14,18,10,17],[6,2,14,10,22,18,1,17,9,12,4],[14,18,10,6,22,2,1,17,9,4],[10,2,22,6,14,18,1,17,9,12,4],[10,18,6,13,22,2,17,14],[6,18,22,10,2,14,17],[22,18,10,2,14,6,17],[14,22,2,6,18,10,17],[22,6,2,10,18,14,1,17,9,12,4],[14,18,6,22,2,10,1,17,9,4],[2,18,9,22,14,5,10,1,17,6,12,4],[14,10,2,22,6,18,17],[22,2,14,6,18,10,1,17,9,4],[10,22,2,6,18,14,17],[6,2,18,10,14,22,1,17,9,12,4],[6,2,14,10,18,22,17],[22,6,14,18,10,2,17],[10,14,2,6,18,22,17],[10,22,18,1,14,6,9,17,2,12,4],[2,10,20,5,22,13,18,1,14,17,9,6,12,4],[2,22,18,6,10,14,1,17,9,12,4],[14,6,2,22,10,18,17],[2,18,22,10,14,6,1,17,9,4],[18,14,22,10,6,2,17],[10,2,18,6,22,14,17],[2,22,18,10,14,6,1,17,9,4],[22,14,18,10,6,2,17],[22,18,14,9,2,6,10,1,17,12,4],[14,2,22,18,10,6,17],[2,22,14,10,6,18,17],[10,22,14,6,2,18,1,17,9,12,4],[2,6,14,22,10,18,17],[2,22,14,6,18,10,17],[14,10,18,2,22,6,17],[14,2,22,18,10,6,1,17,9,4],[2,10,6,22,14,18,17],[18,22,2,14,10,6,17],[6,22,18,2,10,14,17],[22,18,14,2,10,6,17],[14,22,6,2,10,18,17],[14,18,10,22,6,2,1,17,9,12,4],[10,18,2,14,22,6,1,17,9,4],[22,2,18,10,14,6,17],[18,14,22,6,2,10,1,17,9,12,4],[2,18,6,10,22,13,1,14,17,9,12,4],[10,14,22,18,6,2,1,17,9,12,4],[22,14,2,18,10,6,17],[6,18,2,10,14,22,17],[2,13,6,18,10,22,17,14],[6,18,2,10,14,22,17],[2,6,22,18,14,10,1,17,9,12,4],[10,18,22,14,1,6,9,17,2,4],[10,22,6,2,18,14,1,17,9,4],[18,22,14,10,6,2,17],[18,6,2,22,14,10,17],[10,6,22,2,14,18,17],[18,2,22,10,14,6,17],[6,18,10,14,2,21,22,17],[22,18,2,14,6,10,17],[6,18,14,10,2,22,17],[10,18,2,22,14,6,17],[22,18,1,14,6,9,10,17,2,4],[6,10,22,18,14,2,17],[18,22,2,6,14,10,17],[6,14,22,2,10,18,1,17,9,4],[22,10,2,14,6,18,17],[10,22,2,18,13,6,17,14],[10,14,2,18,6,22,1,17,9,12,4],[2,6,21,22,14,9,18,10,17,1,12,4],[6,22,18,10,2,14,17],[22,6,10,2,18,14,17],[22,14,6,2,10,18,17],[22,18,14,10,6,2,1,17,9,4],[2,18,22,14,6,10,1,17,9,4],[14,22,10,2,6,18,17],[10,22,2,18,6,14,1,17,9,12,4],[14,22,6,18,10,2,1,17,9,4],[6,1,18,14,10,22,17,9,2,12,4],[2,17,22,6,10,14],[22,14,2,6,18,10,1,17,9,4],[10,14,18,22,2,5,17],[6,10,2,22,13,18,1,14,17,9,12,4],[18,22,2,6,10,14,17],[2,22,18,10,6,14,17],[6,2,10,14,17,22],[14,6,22,2,18,10,17],[6,10,2,14,17,22],[18,10,6,14,22,2,17],[10,14,22,18,2,6,1,17,9,12,4],[6,22,2,10,18,14,1,17,9,12,4],[22,2,6,14,17,10],[22,2,10,14,18,6,1,17,9,4],[14,18,10,2,22,6,1,17,9,12,4],[22,14,6,10,18,2,17],[18,14,2,22,10,6,1,17,9,12,4],[18,10,6,22,2,14,1,17,9,4],[10,22,14,18,5,2,1,17,9,6,4],[22,14,10,2,18,6,17],[14,18,22,10,2,6,17],[22,2,13,10,18,5,1,14,17,9,6,4],[14,6,18,22,10,2,1,17,9,4],[10,22,18,2,14,5,17],[6,10,14,22,18,2,17],[14,22,18,2,10,6,17],[10,6,22,2,18,14,1,17,9,4],[22,10,2,18,14,6,17],[10,2,22,18,14,6,1,17,9,12,4],[2,17,14,6,10,22],[6,2,14,18,10,22,17],[14,10,6,22,18,2,17],[6,18,22,2,10,14,17],[18,10,2,22,14,6,17],[10,14,6,18,22,2,17],[14,2,22,18,6,10,1,17,9,12,4],[6,14,10,2,22,18,1,17,9,4],[6,2,18,22,14,9,10,1,17,12,4],[2,14,21,22,10,17,6],[6,10,22,2,14,18,1,17,9,12,4],[22,10,2,6,18,14,1,17,9,4],[14,18,22,10,2,6,17],[2,14,10,18,6,22,17],[22,6,18,2,14,10,1,17,9,4],[10,14,18,2,22,6,17],[6,18,10,1,22,14,9,17,2,4],[10,14,18,2,22,6,1,17,9,12,4],[2,22,18,6,10,14,1,17,9,12,4],[10,17,22,14,6,2],[14,2,10,5,22,18,17],[14,22,2,18,6,10,17],[2,10,14,18,6,22,17],[10,2,22,6,13,18,1,14,17,9,4],[6,18,14,22,2,10,1,17,9,12,4],[10,22,6,14,2,18,1,17,9,12,4],[6,18,10,14,2,22,1,17,9,12,4],[10,6,14,18,2,22,1,17,9,12,4],[18,14,22,10,2,6,17],[14,2,10,17,6,22],[14,2,6,18,22,10,17],[2,6,10,18,23,14,22,17],[10,2,22,6,18,14,17],[14,9,22,18,5,2,10,17,1,6,4],[2,10,18,14,6,22,17],[14,2,6,18,22,10,1,17,9,4],[10,22,18,14,2,6,17],[10,6,2,14,22,18,17],[6,10,2,14,18,22,1,17,9,12,4],[6,18,22,2,10,14,1,17,9,12,4],[10,18,14,6,22,2,17],[22,18,14,10,6,2,17],[22,2,10,17,14,6],[18,14,6,2,22,10,1,17,9,4],[22,14,18,6,2,10,1,17,9,12,4],[14,10,2,22,18,6,17],[10,6,22,14,2,18,1,17,9,12,4],[14,10,2,18,6,22,17],[14,22,10,18,2,6,17],[6,14,10,2,18,22,1,17,9,4],[18,2,13,6,10,22,17,14],[18,22,6,2,10,14,17],[14,18,6,2,22,10,17],[5,10,14,18,22,2,17],[2,22,18,6,14,10,1,17,9,12,4],[22,18,14,10,6,2,17],[14,22,2,18,6,9,10,17,1,4],[14,2,22,10,6,18,17],[22,6,18,2,10,14,17],[2,5,14,9,18,22,10,17,1,6,12,4],[14,10,2,6,21,22,18,1,17,9,12,4],[10,14,6,2,18,22,17],[14,6,10,2,18,22,17],[6,14,2,10,22,18,1,17,9,4],[10,18,2,14,22,5,1,17,9,6,12,4],[14,10,18,22,2,6,1,17,9,12,4],[14,22,6,10,2,17],[6,14,18,10,22,2,17],[2,14,10,22,6,18,17],[14,6,10,2,22,18,17],[22,10,2,14,6,18,17],[2,10,6,18,14,22,1,17,9,12,4],[14,6,2,18,22,10,1,17,9,12,4],[18,14,2,22,6,10,1,17,9,4],[6,18,10,2,14,22,1,17,9,4],[2,18,10,6,14,22,1,17,9,12,4],[22,10,6,14,18,2,1,17,9,12,4],[14,2,10,22,6,18,1,17,9,4],[2,9,22,14,18,6,10,17,1,12,4],[18,22,2,6,10,14,17],[22,6,14,2,10,18,17],[6,14,10,18,22,2,17],[14,6,18,22,10,2,1,17,9,4],[14,6,10,2,18,22,1,17,9,12,4],[10,6,22,18,2,14,17],[6,14,22,18,2,10,17],[14,6,22,18,10,2,17],[22,6,2,10,14,17],[6,2,14,10,18,22,1,17,9,12,4],[14,6,2,22,10,18,1,17,9,4],[6,10,2,18,14,22,1,17,9,12,4],[10,6,22,18,14,2,1,17,9,4],[2,22,10,14,18,6,1,17,9,12,4],[22,14,18,2,10,6,17],[2,14,22,10,6,18,17],[22,18,6,14,2,10,1,17,9,4],[17,2,6,10,22,14],[14,10,18,6,22,2,17],[18,22,2,6,14,10,1,17,9,12,4],[22,14,2,10,6,18,17],[14,6,2,22,10,18,17],[2,10,22,14,18,6,17],[10,14,22,2,18,6,17],[18,14,2,22,6,10,1,17,9,12,4],[6,22,18,2,10,14,17],[6,10,22,2,14,18,17],[14,22,2,6,10,18,1,17,9,4],[14,22,6,18,10,2,17],[2,10,6,18,22,14,17],[14,2,18,6,22,10,17],[22,18,6,14,10,2,1,17,9,12,4],[10,18,6,22,14,2,17],[10,14,2,22,18,6,1,17,9,4],[2,10,6,22,18,14,1,17,9,4],[14,6,2,22,18,10,17],[22,18,14,6,10,2,17],[6,14,2,10,18,22,1,17,9,12,4],[18,14,22,2,10,6,17],[6,22,10,14,2,18,17],[22,2,14,6,10,18,17],[21,6,2,22,18,10,14,1,17,9,12,4],[18,6,10,2,14,22,17],[14,2,18,6,22,9,10,17,1,12,4],[14,10,2,18,21,22,6,1,17,9,12,4],[6,2,14,22,10,18,1,17,9,12,4],[18,14,10,6,22,2,17],[10,18,14,6,22,2,1,17,9,12,4],[22,18,14,6,10,2,17],[10,2,22,6,14,18,17],[10,2,22,14,6,18,1,17,9,4],[14,2,22,6,10,18,17],[10,6,2,22,18,14,17],[18,13,6,10,22,2,1,14,17,9,12,4],[18,10,14,22,2,6,17],[10,6,22,14,2,18,17],[22,6,2,18,14,10,1,17,9,12,4],[2,14,18,22,6,10,1,17,9,12,4],[14,2,18,10,6,22,17],[14,10,18,22,2,6,1,17,9,4],[14,22,6,18,10,2,1,17,9,4],[2,18,22,10,14,6,17],[2,10,6,14,17,21,22],[14,22,6,18,2,10,17],[2,18,21,22,14,10,6,17],[14,6,10,22,2,17],[10,6,22,2,18,13,1,14,17,9,12,4],[10,22,2,14,6,18,17],[10,2,22,6,18,14,17],[18,14,22,10,2,6,17],[2,10,6,18,14,22,17],[22,18,14,6,10,2,1,17,9,4],[10,22,1,6,18,14,9,17,2,12,4],[14,6,2,9,22,18,10,1,17,12,4],[10,22,2,14,6,18,1,17,9,4],[14,22,2,17,6,10],[22,9,14,2,18,6,10,1,17,12,4],[10,2,6,14,22,18,1,17,9,4],[10,18,6,2,22,14,1,17,9,4],[10,22,14,6,2,18,1,17,9,4],[14,2,18,10,6,22,1,17,9,12,4],[2,6,14,18,10,22,17],[18,10,2,22,13,6,1,14,17,9,4],[14,10,6,18,22,2,1,17,9,4],[2,10,5,18,14,22,17],[2,18,10,6,22,14,1,17,9,4],[10,6,2,18,22,14,1,17,9,4],[14,10,18,2,22,6,17],[10,6,22,14,18,2,17],[10,14,18,2,22,6,1,17,9,4],[2,6,18,10,22,14,1,17,9,4],[14,6,22,10,18,2,17],[2,10,18,22,6,14,1,17,9,12,4],[2,22,14,6,10,18,1,17,9,12,4],[18,22,6,14,2,10,1,17,9,12,4],[6,2,10,18,14,22,17],[2,10,22,14,6,18,17],[6,14,18,2,10,22,17],[10,2,6,14,22,18,1,17,9,4],[18,22,6,2,14,10,1,17,9,12,4],[22,2,14,6,18,10,17],[10,18,2,14,22,5,17],[14,18,2,6,9,22,10,17,1,4],[14,2,18,22,6,10,1,17,9,12,4],[6,2,17,22,14,10],[22,10,2,18,14,6,1,17,9,12,4],[6,18,10,22,2,14,17],[18,14,2,22,6,10,1,17,9,4],[18,10,22,14,6,2,17],[14,2,6,22,18,10,17],[14,6,2,10,18,21,22,1,17,9,12,4],[2,6,18,22,10,14,17],[10,18,22,14,2,6,17],[6,22,2,10,18,14,17],[14,6,18,10,2,21,22,1,17,9,4],[2,14,10,22,18,6,1,17,9,12,4],[1,14,6,22,18,10,17,9,2,4],[14,2,10,18,6,22,1,17,9,4],[2,22,18,6,13,10,1,14,17,9,4],[22,10,6,14,2,18,17],[10,6,2,18,22,14,1,17,9,4],[22,14,10,6,2,18,1,17,9,12,4],[22,14,10,18,2,6,1,17,9,4],[22,6,18,2,10,14,1,17,9,12,4],[10,14,18,22,2,6,1,17,9,12,4],[22,10,6,14,1,18,17,9,2,4],[14,10,6,22,18,2,17],[6,18,21,22,10,14,2,1,17,9,12,4],[10,6,14,22,18,2,1,17,9,4],[18,10,14,22,2,6,1,17,9,4],[18,6,14,10,22,2,1,17,9,4],[6,14,10,18,2,22,17],[10,6,21,18,22,2,14,1,17,9,12,4],[6,14,2,18,10,22,1,17,9,12,4],[22,6,14,18,10,2,1,17,9,4],[14,6,22,18,2,10,1,17,9,12,4],[2,5,22,14,18,10,17],[18,6,10,2,14,22,1,17,9,12,4],[14,18,10,6,2,21,22,1,17,9,12,4],[10,14,6,22,18,2,17],[18,22,14,6,10,2,1,17,9,4],[2,14,6,22,18,10,1,17,9,4],[10,2,6,22,18,14,1,17,9,4],[10,18,22,6,2,14,1,17,9,4],[6,10,18,14,2,22,17],[10,14,6,22,18,2,1,17,9,12,4],[6,22,2,10,14,18,1,17,9,4],[10,18,22,6,14,2,1,17,9,12,4],[2,10,18,22,6,14,1,17,9,12,4],[10,2,6,18,22,14,17],[2,22,5,17,10,14],[21,2,22,18,10,14,6,1,17,9,12,4],[10,18,2,6,22,14,1,17,9,12,4],[10,22,6,18,14,2,17],[14,18,6,22,10,2,1,17,9,4],[14,22,2,6,18,10,1,17,9,12,4],[6,14,10,2,18,22,1,17,9,4],[18,10,6,22,14,2,1,17,9,4],[14,22,18,2,6,10,1,17,9,4],[14,18,1,10,22,6,9,17,2,4],[18,22,10,14,2,6,17],[2,6,10,14,22,18,17],[22,14,18,2,6,10,1,17,9,12,4],[22,2,14,10,18,6,17],[18,2,6,22,14,10,1,17,9,4],[18,10,6,14,2,22,17],[18,6,14,22,10,2,1,17,9,4],[10,18,6,22,14,2,17],[6,14,18,2,10,22,1,17,9,12,4],[2,18,10,22,6,14,17],[10,6,14,2,18,22,17],[18,6,13,10,2,22,17,14],[2,18,6,22,10,14,1,17,9,4],[18,14,22,2,6,10,1,17,9,4],[18,22,6,10,2,14,1,17,9,12,4],[10,18,2,22,6,14,1,17,9,4],[10,18,14,22,6,2,1,17,9,4],[18,22,10,14,6,2,17],[6,2,10,22,17,14],[14,2,18,10,22,6,1,17,9,4],[6,18,22,14,2,9,10,1,17,12,4],[18,14,6,10,22,2,17]],"n_human":8}