{"problem_id":"LeQDodEIRk8a9O7","sigma":150,"alpha":1.000,"cost":1,"probabilities":"[0.51, 0.05, 0.11, 0.33]","payoff_matrix":"[[71, -30, -281, 115, 55, -59], [-145, -121, 192, 66, -36, -191], [-60, -49, 151, -127, 202, -175], [-10, 0, -9, 208, 19, -196]]","uncovered":[[13,21,17,1,5,9,16],[1,5,13,21,9,17,4,16],[1,13,9,21,17,5,4,16],[17,1,9,13,5,21,16],[13,9,5,1,17,21,4,16],[9,17,1,13,5,21,16],[9,13,1,5,17,21,16],[13,9,1,21,5,17,4,16],[9,5,21,17,13,1,4,16],[17,1,5,9,21,13,4,16],[17,5,21,13,1,9,16],[21,13,9,5,17,1,4,16],[21,13,17,9,1,5,16],[1,9,21,17,13,5,16],[9,1,5,13,17,21,4,16],[1,9,21,5,17,13,16],[13,17,9,5,21,1,16],[21,9,13,5,17,1,4,16],[1,17,9,21,5,13,16],[1,9,13,21,17,5,4,16],[9,17,13,5,1,21,16],[1,21,17,9,5,13,4,16],[21,17,5,1,9,13,16],[17,5,9,1,21,13,4,16],[1,13,9,21,17,5,4,16],[9,1,21,5,13,17,4,16],[13,9,17,21,5,1,16],[9,5,13,1,21,17,16],[1,5,9,13,21,17,16],[13,17,21,1,5,9,16],[9,1,17,13,5,21,16],[17,9,21,5,1,13,4,16],[9,5,1,17,21,13,4,16],[1,17,21,5,9,13,16],[13,1,5,9,21,17,16],[9,21,13,5,1,17,16],[17,9,1,21,5,13,16],[21,17,1,5,13,9,4,16],[17,1,9,21,13,5,4,16],[1,21,17,5,13,9,4,16],[9,17,1,13,5,21,16],[21,1,9,17,5,13,16],[9,17,1,5,21,13,16],[9,17,13,21,1,5,16],[17,5,9,1,13,21,16],[1,5,21,17,9,13,16],[5,21,9,13,17,1,4,16],[9,1,5,21,17,13,16],[21,5,1,9,13,17,16],[5,17,9,21,13,1,16],[13,5,9,1,21,17,4,16],[9,21,1,5,13,17,4,16],[21,1,9,5,13,17,4,16],[1,13,5,21,17,9,16],[5,17,21,13,9,1,4,16],[1,21,9,5,13,17,4,16],[21,9,1,5,17,13,4,16],[5,9,1,13,21,17,4,16],[1,9,5,17,21,13,4,16],[13,1,17,5,9,21,16],[1,13,21,9,5,17,4,16],[5,13,21,17,9,1,16],[5,1,17,9,21,13,16],[13,5,9,17,21,1,16],[21,1,5,9,13,17,4,16],[5,1,21,17,9,13,4,16],[13,1,17,21,5,9,4,16],[9,21,1,13,5,17,4,16],[13,5,21,17,1,9,4,16],[13,21,17,1,5,9,16],[21,5,17,9,13,1,16],[21,13,1,9,17,5,4,16],[13,1,17,9,21,5,16],[13,9,21,5,1,17,4,16],[21,9,5,1,17,13,16],[13,21,9,1,5,17,4,16],[5,17,13,9,1,21,4,16],[1,17,9,21,5,13,16],[21,5,9,17,13,1,16],[5,13,1,9,21,17,16],[9,1,5,17,13,21,16],[1,21,5,9,17,13,16],[17,1,13,5,9,21,4,16],[9,5,1,13,17,21,16],[1,13,21,5,17,9,16],[21,5,9,13,17,1,16],[17,21,1,9,13,5,4,16],[9,17,21,5,1,13,4,16],[1,17,9,5,13,21,16],[17,5,13,1,21,9,16],[5,1,17,9,21,13,4,16],[17,9,5,13,21,1,4,16],[5,13,17,1,21,9,4,16],[21,9,1,5,13,17,4,16],[5,9,21,1,13,17,16],[21,9,5,17,13,1,4,16],[21,17,5,9,13,1,4,16],[5,9,1,13,21,17,4,16],[13,9,21,5,17,1,4,16],[21,5,9,17,13,1,16],[21,9,5,1,13,17,4,16],[9,13,17,21,5,1,16],[1,13,21,5,17,9,16],[9,1,17,21,13,5,16],[5,1,21,9,17,13,16],[13,1,9,5,21,17,16],[13,9,21,17,5,1,4,16],[17,9,21,1,13,5,4,16],[17,9,21,5,1,13,4,16],[9,13,21,17,1,5,16],[13,17,21,9,5,1,4,16],[17,5,1,9,21,13,4,16],[9,17,5,21,13,1,4,16],[5,17,13,1,9,21,4,16],[1,13,21,5,9,17,16],[9,21,13,17,1,5,16],[13,9,1,21,17,5,16],[21,5,1,17,9,13,4,16],[1,9,5,13,21,17,16],[21,5,9,17,13,1,4,16],[21,13,9,17,1,5,4,16],[5,1,9,17,13,21,16],[5,1,17,9,13,21,16],[13,17,1,21,5,9,4,16],[1,17,5,13,9,21,4,16],[13,9,17,21,5,1,16],[5,1,13,17,9,21,16],[9,17,13,5,21,1,4,16],[21,13,17,1,9,5,4,16],[9,21,5,1,17,13,4,16],[17,5,13,1,21,9,16],[1,5,9,13,21,17,16],[9,13,5,21,1,17,4,16],[17,5,13,1,21,9,16],[5,9,13,17,1,21,4,16],[17,5,21,9,13,1,4,16],[1,21,5,13,17,9,4,16],[17,21,1,13,5,9,4,16],[17,21,5,13,1,9,4,16],[5,17,1,21,13,9,16],[13,21,1,17,9,5,4,16],[21,9,13,1,5,17,16],[9,17,21,13,1,5,16],[1,5,9,17,13,21,16],[9,13,17,1,5,21,4,16],[17,13,1,21,9,5,4,16],[13,1,17,5,21,9,4,16],[5,17,13,9,21,1,16],[1,13,5,21,17,9,4,16],[1,9,21,17,13,5,16],[13,9,5,17,1,21,4,16],[21,1,13,5,9,17,16],[1,13,17,9,21,5,16],[9,17,13,1,5,21,16],[17,5,21,9,1,13,4,16],[21,5,13,9,1,17,16],[13,21,9,1,17,5,16],[17,9,1,13,5,21,16],[9,17,5,21,1,13,4,16],[21,9,5,17,13,1,4,16],[21,13,9,1,17,5,16],[5,21,9,13,1,17,4,16],[13,5,1,21,9,17,4,16],[13,21,5,1,17,9,4,16],[5,1,21,9,17,13,4,16],[21,17,1,9,5,13,16],[5,9,1,13,17,21,16],[13,17,5,21,1,9,4,16],[13,1,5,9,17,21,16],[5,9,1,17,13,21,4,16],[5,17,13,21,9,1,4,16],[21,17,9,13,5,1,4,16],[9,21,5,17,1,13,16],[1,21,5,13,9,17,16],[9,5,1,13,17,21,4,16],[17,9,5,21,13,1,4,16],[5,21,1,17,13,9,16],[13,9,21,5,1,17,16],[21,17,1,9,5,13,4,16],[1,5,9,13,17,21,16],[21,1,5,9,13,17,16],[5,17,1,21,9,13,4,16],[9,1,13,21,17,5,16],[21,13,9,1,17,5,16],[5,21,13,9,17,1,16],[5,9,1,21,17,13,16],[5,17,13,9,21,1,4,16],[1,17,21,9,5,13,4,16],[5,1,9,13,21,17,4,16],[21,5,1,9,17,13,4,16],[9,1,5,21,13,17,4,16],[1,9,21,5,13,17,16],[1,13,21,17,9,5,16],[17,13,5,9,21,1,4,16],[1,5,9,17,21,13,4,16],[17,1,13,21,5,9,4,16],[17,13,21,1,9,5,4,16],[17,9,21,5,13,1,16],[21,17,1,13,5,9,16],[13,5,17,9,21,1,16],[13,1,9,5,17,21,16],[9,1,21,5,17,13,16],[5,21,17,13,9,1,16],[1,5,17,13,21,9,16],[1,17,21,9,5,13,4,16],[9,13,21,5,1,17,16],[21,17,9,5,1,13,4,16],[5,13,1,9,17,21,16],[1,13,9,21,5,17,4,16],[5,1,17,21,13,9,16],[17,21,1,13,5,9,4,16],[13,21,9,5,1,17,4,16],[5,17,9,21,13,1,4,16],[5,17,9,21,1,13,16],[17,1,13,9,21,5,16],[17,21,9,5,1,13,4,16],[17,21,1,13,9,5,4,16],[9,1,13,5,17,21,16],[21,9,1,17,5,13,4,16],[1,5,9,17,13,21,4,16],[9,1,5,17,21,13,4,16],[21,17,5,9,1,13,4,16],[5,1,13,9,17,21,4,16],[17,13,9,21,1,5,16],[5,21,13,1,9,17,4,16],[5,9,21,1,17,13,16],[1,17,13,5,9,21,4,16],[17,1,21,5,13,9,4,16],[1,5,17,9,21,13,16],[9,21,17,5,1,13,4,16],[1,21,5,13,9,17,16],[5,21,1,9,17,13,16],[13,1,5,9,21,17,16],[5,9,17,21,13,1,16],[17,13,5,1,21,9,16],[21,13,17,5,1,9,4,16],[1,17,21,5,9,13,16],[5,21,13,9,1,17,16],[17,13,21,5,1,9,16],[21,9,13,5,17,1,4,16],[5,13,1,17,21,9,16],[17,5,21,9,1,13,4,16],[13,5,1,21,17,9,4,16],[13,17,9,21,1,5,16],[1,13,5,9,17,21,16],[17,1,5,9,21,13,16],[13,9,1,5,21,17,4,16],[21,9,17,5,13,1,16],[17,5,9,21,1,13,4,16],[13,1,9,17,21,5,4,16],[17,13,5,9,1,21,4,16],[21,9,5,17,13,1,4,16],[9,21,1,13,5,17,4,16],[1,17,13,5,21,9,16],[13,5,1,9,17,21,4,16],[9,21,13,5,17,1,4,16],[1,5,21,9,17,13,16],[9,5,13,17,1,21,4,16],[9,13,21,17,5,1,16],[17,9,21,5,13,1,4,16],[1,9,5,13,21,17,16],[17,21,5,1,9,13,16],[5,9,17,1,21,13,4,16],[1,9,13,5,21,17,16],[17,5,1,21,9,13,4,16],[13,9,21,5,1,17,16],[13,17,9,5,1,21,4,16],[9,5,21,17,1,13,4,16],[13,21,1,9,5,17,4,16],[1,5,13,21,9,17,4,16],[13,9,17,5,21,1,16],[21,1,9,5,17,13,16],[5,9,13,1,21,17,16],[1,9,17,13,21,5,16],[5,13,9,1,17,21,16],[13,17,9,1,21,5,4,16],[13,17,5,1,21,9,4,16],[1,9,17,5,21,13,16],[17,21,1,9,13,5,16],[17,5,9,21,13,1,16],[17,5,9,1,21,13,4,16],[1,5,17,21,13,9,4,16],[17,1,5,9,21,13,4,16],[17,21,9,1,5,13,16],[1,5,9,13,21,17,4,16],[21,13,1,17,9,5,16],[17,13,1,21,5,9,16],[17,13,9,1,21,5,16],[13,21,9,1,17,5,16],[5,17,13,1,9,21,16],[1,9,17,5,21,13,4,16],[17,13,9,1,21,5,16],[13,1,5,17,21,9,4,16],[17,13,9,21,1,5,4,16],[9,1,5,17,13,21,4,16],[1,21,17,9,13,5,16],[21,13,9,5,17,1,16],[1,9,17,21,5,13,16],[17,13,1,21,9,5,16],[21,13,5,1,17,9,16],[9,17,5,13,21,1,4,16],[1,5,17,9,21,13,16],[17,9,5,1,13,21,16],[21,13,9,1,17,5,16],[9,21,1,13,17,5,16],[21,5,9,1,13,17,16],[5,9,13,17,21,1,16],[5,21,9,13,17,1,4,16],[5,13,21,1,17,9,4,16],[9,17,1,5,13,21,16],[13,1,9,5,17,21,4,16],[21,5,1,13,9,17,16],[5,13,17,1,21,9,16],[21,13,17,9,5,1,4,16],[17,9,21,1,5,13,16],[13,5,17,1,21,9,16],[9,5,17,1,21,13,4,16],[13,1,21,9,5,17,4,16],[5,1,13,21,9,17,4,16],[13,17,5,1,9,21,16],[13,21,9,1,5,17,4,16],[21,9,1,13,5,17,16],[1,21,17,13,5,9,4,16],[17,13,5,21,9,1,16],[17,1,21,5,9,13,4,16],[1,21,9,17,13,5,4,16],[21,13,9,5,1,17,16],[13,21,5,1,9,17,16],[1,9,5,13,17,21,4,16],[17,21,5,1,9,13,16],[21,1,9,5,17,13,4,16],[13,17,5,21,9,1,4,16],[1,13,9,21,17,5,16],[5,1,21,13,17,9,16],[17,1,9,13,21,5,16],[1,5,17,9,21,13,4,16],[21,17,5,13,1,9,16],[5,17,13,9,21,1,16],[5,1,21,9,17,13,4,16],[9,17,13,21,5,1,4,16],[13,17,1,9,21,5,16],[9,1,13,17,21,5,16],[21,1,9,17,13,5,4,16],[13,1,21,17,9,5,16],[1,13,17,21,9,5,16],[1,17,9,13,5,21,16],[9,13,1,21,17,5,4,16],[13,9,17,5,21,1,16],[5,21,17,1,13,9,16],[17,9,1,13,5,21,16],[5,17,9,1,13,21,4,16],[9,17,21,13,5,1,4,16],[17,21,5,9,1,13,4,16],[1,21,17,13,9,5,16],[5,21,13,17,9,1,4,16],[9,5,13,21,17,1,4,16],[1,21,13,17,9,5,16],[21,1,17,13,5,9,4,16],[17,1,5,21,9,13,16],[5,13,21,17,1,9,16],[13,9,1,21,5,17,4,16],[21,1,5,17,9,13,16],[1,5,21,9,17,13,4,16],[17,21,9,13,1,5,4,16],[21,17,1,9,5,13,16],[21,9,5,13,1,17,16],[17,21,5,1,13,9,4,16],[1,5,17,21,13,9,16],[9,21,13,1,5,17,16],[13,5,1,9,21,17,4,16],[17,1,5,21,9,13,16],[5,13,17,9,21,1,4,16],[21,17,1,13,9,5,4,16],[21,1,17,13,5,9,4,16],[1,5,17,9,13,21,4,16],[21,17,5,13,9,1,16],[5,13,1,17,21,9,4,16],[13,9,1,21,17,5,16],[17,5,13,1,21,9,4,16],[17,1,9,13,21,5,4,16],[21,17,5,13,1,9,16],[9,13,17,5,21,1,4,16],[1,17,9,21,5,13,4,16],[13,17,9,5,1,21,16],[1,5,9,21,13,17,16],[21,17,13,5,9,1,16],[21,5,13,1,9,17,4,16],[5,21,1,13,17,9,16],[17,1,9,13,5,21,4,16],[17,1,9,13,21,5,16],[13,21,1,17,5,9,4,16],[5,1,21,17,13,9,4,16],[21,13,5,9,1,17,4,16],[17,5,9,13,1,21,16],[1,17,21,13,5,9,16],[5,9,1,21,17,13,4,16],[5,9,21,1,17,13,16],[21,9,5,1,13,17,4,16],[5,13,1,17,9,21,4,16],[1,9,17,21,5,13,16],[13,17,1,9,5,21,16],[1,21,5,9,13,17,16],[1,21,13,17,5,9,4,16],[1,5,17,21,13,9,16],[9,1,5,13,17,21,4,16],[9,1,13,5,21,17,4,16],[17,5,13,1,21,9,16],[5,17,21,13,9,1,16],[9,21,17,13,1,5,16],[1,13,21,5,17,9,4,16],[9,17,1,13,5,21,4,16],[1,21,13,17,5,9,16],[17,21,1,5,13,9,16],[17,13,21,9,5,1,16],[21,9,13,5,17,1,16],[9,17,13,21,5,1,16],[13,21,17,5,9,1,16],[17,21,5,13,9,1,16],[21,1,17,5,13,9,16],[21,13,1,17,9,5,16],[1,17,13,5,21,9,4,16],[17,21,9,13,5,1,16],[1,17,5,13,9,21,16],[5,9,21,1,17,13,16],[1,17,21,9,5,13,16],[9,17,1,13,21,5,4,16],[17,1,9,21,5,13,4,16],[13,5,21,1,9,17,4,16],[9,5,1,21,13,17,16],[9,5,21,17,1,13,4,16],[13,1,9,17,21,5,16],[9,13,1,17,5,21,16],[17,1,9,21,5,13,16],[1,21,13,9,17,5,4,16],[5,1,9,13,17,21,16],[9,21,5,13,17,1,16],[21,9,17,1,5,13,4,16],[17,13,21,5,1,9,4,16],[9,17,1,13,21,5,16],[21,13,9,5,17,1,4,16],[17,1,9,5,13,21,4,16],[17,9,13,5,21,1,16],[21,9,13,1,5,17,4,16],[17,13,1,9,21,5,4,16],[9,1,21,13,5,17,16],[13,1,21,9,5,17,16],[13,21,9,1,17,5,4,16],[13,21,17,9,1,5,4,16],[21,13,17,1,9,5,4,16],[21,17,1,5,13,9,4,16],[5,21,9,1,13,17,4,16],[1,9,5,13,21,17,16],[1,17,21,13,5,9,16],[13,17,1,5,21,9,4,16],[21,5,17,13,1,9,16],[13,9,1,17,5,21,16],[9,17,13,21,5,1,4,16],[21,1,5,9,13,17,16],[9,21,1,17,5,13,16],[21,1,13,9,5,17,4,16],[17,13,21,1,5,9,4,16],[5,1,21,9,17,13,16],[9,21,13,5,1,17,4,16],[13,5,1,17,9,21,16],[13,1,21,5,9,17,16],[13,9,5,1,17,21,16],[1,5,17,21,13,9,4,16],[17,21,5,1,9,13,4,16],[9,17,5,21,13,1,4,16],[5,17,21,9,1,13,16],[5,21,1,13,9,17,16],[13,5,21,17,1,9,4,16],[17,5,13,21,1,9,4,16],[21,1,13,9,5,17,16],[9,21,13,5,1,17,4,16],[17,21,13,5,1,9,4,16],[13,21,17,5,9,1,4,16],[21,5,17,1,13,9,4,16],[13,21,5,17,1,9,4,16],[21,13,5,17,9,1,16],[13,9,1,21,5,17,4,16],[9,17,1,5,13,21,16],[1,17,21,5,13,9,16],[9,21,1,13,17,5,4,16],[9,1,13,17,5,21,16],[1,13,9,5,17,21,4,16],[1,21,17,5,9,13,4,16],[9,21,13,1,17,5,4,16],[13,5,17,1,9,21,16],[21,1,9,13,5,17,4,16],[9,1,5,21,17,13,16],[17,1,13,21,9,5,4,16],[21,9,1,5,13,17,16],[5,17,1,13,21,9,4,16],[9,21,17,13,5,1,4,16],[5,13,1,21,17,9,16],[21,1,5,17,13,9,16],[17,13,1,5,21,9,16],[21,17,9,1,5,13,16],[17,5,9,1,13,21,4,16],[9,13,1,17,21,5,4,16],[5,17,9,13,21,1,4,16],[5,21,1,13,17,9,16],[13,1,9,5,21,17,4,16],[21,5,1,13,17,9,16],[13,5,17,9,1,21,16],[9,1,5,13,21,17,4,16],[9,21,1,5,13,17,4,16],[1,5,13,9,21,17,16],[5,17,13,21,1,9,16],[21,1,9,13,17,5,16],[13,9,1,17,5,21,4,16],[13,17,21,9,5,1,16],[5,21,1,13,17,9,4,16],[1,13,9,17,21,5,16],[9,5,13,21,1,17,16],[21,9,1,5,13,17,16],[9,17,1,13,21,5,4,16],[1,21,13,5,9,17,16],[17,9,1,5,13,21,4,16],[5,13,9,17,1,21,4,16],[1,17,21,13,9,5,16],[17,5,21,9,13,1,4,16],[9,1,21,17,5,13,16],[5,13,21,9,1,17,4,16],[9,5,17,1,13,21,16],[1,13,9,5,17,21,16],[9,17,1,13,21,5,4,16],[5,21,17,1,9,13,4,16],[17,5,13,9,21,1,16],[21,5,17,13,9,1,16],[9,21,17,13,1,5,4,16],[17,9,1,13,5,21,4,16],[13,17,21,9,1,5,16],[21,17,13,1,5,9,16],[5,13,1,17,9,21,16],[17,13,1,21,5,9,4,16],[1,21,17,9,13,5,16],[13,9,1,5,21,17,4,16],[17,21,13,5,9,1,16],[17,9,1,5,21,13,16],[9,21,13,5,1,17,16],[13,21,1,17,5,9,4,16],[21,5,1,9,17,13,4,16],[13,1,17,21,5,9,16],[5,9,13,17,1,21,16],[9,21,17,13,5,1,4,16],[9,17,21,1,5,13,4,16],[13,9,17,21,5,1,4,16],[1,17,9,5,13,21,16],[21,1,5,13,17,9,16],[1,21,13,9,17,5,16],[17,21,5,1,9,13,16],[1,21,13,17,5,9,4,16],[17,13,21,5,1,9,16],[9,13,5,1,17,21,16],[1,5,13,9,21,17,4,16],[21,13,5,9,1,17,4,16],[5,13,17,9,21,1,16],[9,17,1,21,5,13,16],[13,5,1,21,9,17,16],[9,1,21,13,17,5,4,16],[13,9,5,17,1,21,16],[5,9,17,1,13,21,4,16],[1,17,9,21,5,13,16],[1,21,5,17,13,9,4,16],[5,17,1,13,21,9,4,16],[1,9,21,5,17,13,4,16],[13,9,5,1,21,17,4,16],[13,9,21,17,1,5,4,16],[5,13,21,17,9,1,4,16],[9,17,21,5,13,1,4,16],[17,13,21,5,9,1,4,16],[17,21,1,9,13,5,16],[13,17,21,9,1,5,4,16],[1,17,5,21,9,13,16],[5,1,17,9,21,13,16],[21,5,9,17,13,1,16],[5,17,9,13,1,21,4,16],[1,5,13,21,17,9,4,16],[13,21,5,17,1,9,16],[17,21,5,13,1,9,16],[17,9,21,13,5,1,4,16],[1,5,21,17,13,9,16],[1,9,13,17,5,21,16],[1,5,13,21,17,9,4,16],[17,1,9,13,5,21,4,16],[9,13,5,21,1,17,4,16],[9,1,17,13,5,21,16],[9,17,1,21,13,5,16],[17,13,5,21,9,1,4,16],[9,13,1,5,17,21,4,16],[5,13,21,1,17,9,16],[9,21,17,1,13,5,16],[21,17,9,5,13,1,4,16],[13,1,21,17,5,9,16],[9,13,5,17,1,21,16],[5,1,21,9,13,17,16],[9,17,21,13,1,5,16],[5,1,13,9,21,17,4,16],[21,17,5,1,13,9,16],[5,17,13,9,1,21,4,16],[17,5,9,21,13,1,4,16],[21,17,5,1,13,9,4,16],[13,1,9,21,17,5,4,16],[17,9,21,5,1,13,16],[21,5,17,13,1,9,4,16],[1,5,9,13,21,17,4,16],[13,5,17,21,1,9,16],[21,9,5,13,1,17,16],[9,13,17,1,21,5,16],[21,13,5,1,9,17,16],[13,5,1,17,21,9,4,16],[21,13,1,17,9,5,16],[17,1,5,13,9,21,16],[17,21,1,9,13,5,16],[13,21,5,9,17,1,16],[21,5,1,9,17,13,4,16],[13,21,17,1,5,9,4,16],[21,9,17,1,13,5,4,16],[5,9,13,17,21,1,4,16],[21,13,9,5,17,1,16],[9,21,5,17,13,1,4,16],[13,5,21,1,17,9,4,16],[5,9,21,17,1,13,4,16],[21,5,17,9,1,13,16],[1,13,9,17,21,5,4,16],[13,17,21,1,9,5,16],[9,1,5,17,13,21,4,16],[17,13,21,1,5,9,4,16],[17,5,1,13,9,21,4,16],[1,21,5,13,9,17,4,16],[9,5,17,13,1,21,16],[13,21,1,9,17,5,4,16],[1,13,21,5,9,17,4,16],[5,9,21,13,1,17,16],[21,13,5,9,1,17,4,16],[9,21,5,13,17,1,16],[13,1,9,21,5,17,4,16],[5,13,21,9,17,1,4,16],[21,17,13,9,1,5,4,16],[1,17,5,13,21,9,16],[9,21,1,17,13,5,16],[17,21,5,9,1,13,4,16],[1,17,9,5,21,13,16],[9,21,5,13,17,1,4,16],[13,21,9,17,5,1,16],[1,21,5,13,17,9,4,16],[5,17,1,13,9,21,4,16],[1,21,5,13,9,17,16],[5,1,13,17,21,9,16],[17,13,21,9,5,1,4,16],[13,9,21,5,1,17,16],[21,17,1,5,13,9,16],[21,5,13,1,17,9,4,16],[17,5,1,13,9,21,4,16],[13,9,21,5,17,1,16],[21,9,5,13,1,17,4,16],[1,13,9,5,17,21,16],[21,9,5,13,1,17,16],[5,13,9,21,1,17,4,16],[5,1,21,17,9,13,16],[1,13,5,21,9,17,16],[5,21,1,17,9,13,4,16],[1,5,17,13,9,21,4,16],[17,13,9,1,5,21,16],[13,1,21,5,17,9,16],[13,21,5,17,9,1,16],[13,9,21,1,17,5,16],[17,9,13,21,1,5,16],[13,17,1,5,21,9,16],[1,9,13,17,5,21,16],[1,9,21,13,5,17,4,16],[1,5,21,13,17,9,16],[9,1,13,21,17,5,16],[17,1,13,5,21,9,4,16],[21,17,13,9,5,1,4,16],[5,21,13,1,17,9,16],[9,13,17,21,5,1,16],[9,21,17,5,1,13,4,16],[17,9,1,5,13,21,4,16],[5,17,1,13,21,9,4,16],[1,21,9,13,5,17,4,16],[1,13,9,21,5,17,16],[1,17,13,21,9,5,16],[1,17,21,5,9,13,16],[9,17,1,13,21,5,16],[5,1,21,17,9,13,4,16],[17,5,1,21,9,13,4,16],[21,13,17,9,5,1,4,16],[21,13,1,5,9,17,16],[9,1,13,17,21,5,4,16],[21,9,17,1,5,13,16],[13,5,21,17,1,9,16],[17,9,13,1,21,5,4,16],[21,5,9,13,1,17,16],[5,13,17,1,9,21,4,16],[17,1,21,5,13,9,4,16],[1,17,21,13,5,9,16],[5,9,1,21,17,13,4,16],[21,1,17,9,13,5,4,16],[17,5,1,21,13,9,4,16],[5,9,21,17,13,1,4,16],[1,17,21,5,13,9,4,16],[21,5,17,1,9,13,16],[5,1,17,21,9,13,16],[13,1,5,21,17,9,16],[17,1,21,5,13,9,4,16],[21,5,9,13,1,17,16],[21,13,17,9,1,5,16],[1,21,17,5,13,9,16],[13,21,1,17,9,5,16],[5,17,1,13,21,9,16],[9,5,1,13,17,21,16],[5,13,9,17,1,21,16],[17,1,5,9,13,21,16],[21,5,13,1,9,17,16],[1,21,17,9,5,13,4,16],[5,17,1,13,9,21,4,16],[13,5,21,1,17,9,16],[5,21,9,13,1,17,16],[13,9,21,5,1,17,16],[1,17,5,9,13,21,16],[1,17,21,5,9,13,4,16],[21,9,5,13,1,17,16],[17,5,9,1,21,13,16],[5,21,1,17,9,13,16],[1,21,9,17,5,13,4,16],[21,1,9,5,13,17,4,16],[21,5,17,9,13,1,4,16],[21,17,1,5,13,9,16],[13,5,21,17,1,9,4,16],[17,5,21,13,1,9,4,16],[9,21,13,5,17,1,16],[9,1,17,13,5,21,4,16],[13,5,1,21,9,17,16],[9,5,1,13,21,17,16],[21,5,9,13,1,17,16],[21,1,17,5,13,9,16],[13,17,21,1,9,5,4,16],[21,9,1,17,13,5,16],[9,17,1,21,13,5,4,16],[9,13,1,17,21,5,16],[1,9,21,5,13,17,16],[21,13,1,9,5,17,16],[21,13,5,1,17,9,4,16],[21,17,1,13,9,5,16],[1,5,17,21,13,9,16],[17,13,5,1,21,9,16],[1,9,17,21,5,13,4,16],[5,21,9,17,1,13,16],[21,17,1,13,9,5,16],[13,5,9,21,1,17,16],[21,9,17,1,5,13,4,16],[9,1,13,5,17,21,16],[5,17,9,1,21,13,4,16],[1,5,13,17,9,21,16],[21,9,17,1,5,13,16],[13,21,17,1,9,5,4,16],[1,5,13,17,21,9,16],[5,21,1,13,9,17,16],[13,21,9,5,17,1,16],[21,1,13,17,9,5,4,16],[13,1,21,17,5,9,16],[17,5,1,21,13,9,4,16],[9,17,5,21,1,13,4,16],[5,1,9,17,13,21,16],[21,13,9,1,5,17,16],[5,9,1,21,13,17,16],[13,21,9,17,5,1,16],[1,9,13,5,21,17,16],[1,21,13,9,17,5,16],[9,17,1,13,21,5,16],[21,1,13,5,17,9,16],[21,9,17,1,13,5,4,16],[21,9,5,17,1,13,4,16],[17,21,5,1,9,13,4,16],[13,17,9,1,21,5,4,16],[9,5,21,17,1,13,16],[21,9,17,1,13,5,4,16],[21,9,13,5,17,1,4,16],[1,5,13,17,21,9,4,16],[9,5,1,17,13,21,16],[17,13,5,1,21,9,4,16],[9,13,5,21,1,17,4,16],[21,5,9,17,13,1,4,16],[13,9,1,21,17,5,4,16],[21,17,9,1,5,13,4,16],[21,1,5,17,13,9,16],[9,21,17,1,5,13,4,16],[21,1,9,13,5,17,4,16],[5,1,9,13,17,21,16],[21,13,1,5,17,9,16],[9,17,13,1,5,21,4,16],[21,13,1,17,5,9,4,16],[5,1,9,17,21,13,16],[9,17,13,1,5,21,16],[9,17,1,5,13,21,16],[17,1,21,9,13,5,4,16],[13,9,1,5,17,21,16],[21,1,13,5,9,17,16],[5,21,9,13,17,1,4,16],[13,1,5,17,21,9,16],[21,1,17,13,5,9,16],[17,9,5,13,1,21,4,16],[21,17,9,1,13,5,4,16],[1,9,13,21,17,5,16],[9,21,17,13,5,1,16],[5,17,13,1,21,9,16],[13,9,21,17,1,5,16],[1,9,21,13,5,17,4,16],[13,17,9,1,21,5,4,16],[1,9,13,5,17,21,4,16],[13,5,9,17,1,21,4,16],[13,9,17,21,1,5,4,16],[13,1,21,9,5,17,16],[17,5,21,9,1,13,4,16],[17,9,5,1,21,13,4,16],[21,13,1,5,9,17,16],[5,17,13,1,21,9,16],[5,21,9,13,1,17,16],[1,5,17,21,13,9,16],[9,1,17,21,13,5,4,16],[9,5,13,21,17,1,16],[9,5,17,1,21,13,4,16],[5,17,9,1,21,13,4,16],[1,9,17,21,5,13,16],[13,21,5,9,17,1,4,16],[21,5,1,9,17,13,4,16],[1,17,21,9,13,5,16],[5,13,1,9,17,21,16],[17,13,5,21,1,9,4,16],[21,5,13,9,1,17,4,16],[17,9,5,1,13,21,16],[5,21,13,9,1,17,16],[13,9,1,21,5,17,16],[13,5,21,1,17,9,4,16],[9,13,5,21,17,1,4,16],[5,9,17,21,13,1,16],[1,13,9,17,5,21,16],[9,21,5,13,17,1,4,16],[21,9,13,5,1,17,4,16],[1,17,5,21,13,9,16],[1,13,9,17,21,5,16],[17,21,5,9,1,13,16],[5,21,9,13,17,1,16],[17,13,5,9,1,21,16],[21,13,1,5,9,17,4,16],[17,13,5,21,9,1,4,16],[5,17,1,13,9,21,16],[21,9,13,1,5,17,16],[21,5,13,9,1,17,16],[13,5,1,17,21,9,4,16],[1,17,21,5,9,13,16],[13,5,21,17,9,1,4,16],[9,1,17,5,13,21,4,16],[17,5,13,9,1,21,4,16],[5,17,21,9,13,1,16],[13,5,17,1,9,21,16],[17,9,5,21,13,1,4,16],[5,21,13,1,17,9,4,16],[1,5,17,21,13,9,16],[17,1,13,9,21,5,16],[9,17,13,21,1,5,16],[21,13,17,9,5,1,16],[17,21,13,1,9,5,16],[5,21,13,9,1,17,4,16],[9,21,1,5,17,13,4,16],[1,13,21,17,9,5,4,16],[5,21,17,9,1,13,4,16],[13,17,9,21,1,5,16],[21,17,5,1,9,13,4,16],[13,1,21,5,9,17,16],[13,1,17,5,21,9,4,16],[21,13,5,1,9,17,16],[17,21,9,13,1,5,4,16],[9,21,1,17,5,13,16],[1,21,9,13,5,17,16],[9,5,17,1,21,13,4,16],[21,13,17,9,1,5,16],[21,9,17,13,1,5,4,16],[1,5,17,9,21,13,4,16],[5,21,17,1,9,13,16],[9,21,5,13,17,1,4,16],[21,13,5,9,17,1,16],[17,21,9,5,13,1,16],[5,9,1,21,17,13,4,16],[17,21,5,13,9,1,4,16],[5,9,1,17,21,13,16],[9,21,5,1,17,13,4,16],[13,9,5,21,17,1,16],[13,9,1,5,21,17,4,16],[17,5,13,21,1,9,16],[13,9,17,1,21,5,4,16],[9,17,13,5,21,1,16],[13,17,1,5,21,9,16],[1,9,21,17,13,5,4,16],[9,13,5,21,17,1,16],[1,13,17,5,9,21,4,16],[5,13,9,21,1,17,16],[21,5,13,1,17,9,16],[17,13,9,1,21,5,16],[13,5,1,17,21,9,4,16],[1,5,9,17,21,13,16],[17,5,13,21,1,9,4,16],[5,21,13,17,9,1,4,16],[5,1,17,9,13,21,16],[17,5,13,1,9,21,4,16],[13,1,21,5,9,17,16],[17,5,9,21,1,13,16],[9,17,13,21,1,5,16],[9,21,5,17,1,13,4,16],[21,5,9,1,13,17,4,16],[13,9,21,1,17,5,4,16],[5,1,17,13,9,21,4,16],[5,1,21,17,9,13,16],[1,21,5,17,13,9,4,16],[9,1,13,17,5,21,16],[17,1,5,9,21,13,4,16],[9,5,1,17,21,13,16],[17,1,5,9,13,21,16],[5,9,21,17,13,1,4,16],[17,5,13,9,21,1,4,16],[17,5,21,9,13,1,16],[21,5,13,9,1,17,16],[21,13,5,9,17,1,16],[9,5,13,17,1,21,16],[13,1,9,21,5,17,4,16],[17,9,5,1,21,13,16],[21,17,13,9,5,1,4,16],[17,1,5,21,13,9,16],[1,13,17,21,9,5,16],[21,17,13,1,9,5,16],[5,21,13,1,17,9,4,16],[17,5,13,21,9,1,4,16],[5,1,9,17,21,13,16],[13,9,17,5,21,1,16],[1,17,13,5,21,9,16],[5,9,21,13,1,17,16],[1,17,5,13,21,9,16],[13,9,1,5,21,17,4,16],[13,9,21,17,1,5,4,16],[21,17,9,13,1,5,16],[21,5,17,9,13,1,4,16],[9,21,5,13,17,1,4,16],[5,17,21,9,13,1,16],[21,9,13,5,17,1,4,16],[21,13,5,1,17,9,4,16],[5,1,9,21,13,17,4,16],[13,17,1,9,5,21,4,16],[13,1,21,9,17,5,4,16],[5,13,9,1,17,21,16],[17,9,5,13,1,21,4,16],[17,1,5,9,13,21,16],[1,5,13,17,21,9,4,16],[9,13,21,17,5,1,4,16],[13,5,1,9,17,21,16],[13,17,1,5,21,9,4,16],[1,17,5,21,13,9,4,16],[17,5,9,1,13,21,16],[21,17,13,1,9,5,16],[13,9,5,1,21,17,4,16],[17,13,9,1,21,5,4,16],[13,21,1,5,9,17,4,16],[21,1,5,17,13,9,4,16],[13,17,9,21,1,5,4,16],[17,13,21,1,9,5,4,16],[21,17,5,1,9,13,16],[17,21,9,1,5,13,16],[5,1,21,17,9,13,4,16],[13,21,17,5,1,9,4,16],[9,5,1,21,13,17,4,16],[13,1,21,17,9,5,4,16],[17,5,21,9,1,13,4,16],[13,21,17,9,5,1,4,16],[1,13,17,21,9,5,4,16],[17,1,21,5,13,9,4,16],[21,1,5,13,17,9,16],[9,1,5,21,13,17,16],[13,1,21,9,5,17,4,16],[1,13,21,17,9,5,4,16],[1,9,17,21,13,5,4,16],[5,13,1,21,9,17,4,16],[1,13,17,5,21,9,4,16],[13,1,5,21,9,17,16],[13,9,21,17,1,5,16],[21,13,1,5,17,9,16],[1,13,9,5,21,17,16],[1,9,17,5,21,13,4,16],[21,9,13,5,1,17,4,16],[17,1,13,21,9,5,4,16],[1,21,5,13,17,9,16],[5,1,13,17,21,9,4,16],[17,13,21,5,9,1,4,16],[1,9,13,17,21,5,4,16],[13,5,1,17,9,21,4,16],[17,1,21,9,13,5,4,16],[9,13,17,1,5,21,4,16],[17,9,5,21,13,1,16],[5,9,17,21,1,13,4,16]],"n_human":6}