{"problem_id":"O1lEHUswzeMqfAZ","sigma":150,"alpha":10.000,"cost":2,"probabilities":"[0.36, 0.3, 0.15, 0.19]","payoff_matrix":"[[42, 126, 227, 72, 146, -26], [203, -378, -302, -136, 43, 27], [-123, 24, 34, -114, -41, 103], [148, -88, 141, -37, -222, 42]]","uncovered":[[21,17,9,18,10,5,6,1,13,14],[5,17,6,9,10,1,13,18,14,21],[1,9],[13,21,5,14,1,9,6],[9],[9],[13,17,14,1,9,18,10,21,5,6],[9],[13,9],[9],[13,5,14,9,10,21,17,18,6,1],[1,21,17,9,10,13,14,5,18,6],[9],[13,1,14,9],[9],[5,13,14,21,9,6],[21,9],[21,9],[5,9,10,13,14,1,21,17,6,18],[21,13,1,2,14],[21,1,17,9,10,13,18,14,5,6],[1,21,9],[21,1,17,5,18,6,13,14,9,10],[21,17,5,18,6,1,13,14,9,10],[5,13,6,21,1,2,14],[13,17,14,21,1,9,10,5,6,18],[5,21,9,10,17,6,13,18,14,1],[13,1,2,14,5,6],[9],[9],[17,1,21,13,14,9,10,5,18,6],[13,9],[9],[1,5,13,14,17,6,9,10,21,2,18,4],[1,21,13,14,9],[17,5,18,6,21,9,10,1,13,14],[1,9],[1,17,5,6,9,10,13,18,14,21],[5,1,21,9,10,13,14,17,6,2,18,4],[9],[13,5,14,21,9,10,17,18,6,1],[13,9],[17,1,9,18,10,13,14,21,5,6],[13,17,14,1,21,9,18,10,5,6],[1,13,2,14,21],[17,9,18,10,5,6,13,14,21,1],[9],[1,21,13,14,9],[13,5,14,21,1,9,10,17,18,6],[17,1,5,18,6,9,10,21,13,14],[5,1,9,6],[9],[5,17,6,13,18,14,1,9,10,21],[5,17,6,9,18,10,13,14,1,21],[17,5,18,6,13,14,9,10,21,1],[17,13,14,1,5,6,21,9,18,10],[17,9,10,21,13,14,1,5,18,6],[21,13,5,6,1,2,14],[13,1,2,14,5,6],[17,5,6,13,14,9,10,21,1,18],[5,1,17,18,6,21,13,14,9,10],[9],[9],[5,1,21,13,14,17,18,6,9,10],[21,9],[21,17,1,9,18,10,5,6,13,14],[9],[13,1,14,5,17,6,21,9,18,10],[1,9],[9],[13,1,14,21,9],[13,1,2,14],[9],[21,13,9],[9],[5,1,21,13,14,17,6,9,18,10],[1,9],[5,21,17,18,6,1,9,10,13,14],[17,5,18,6,1,9,10,21,13,14],[13,1,2,14,21],[5,13,6,21,9],[1,9],[21,5,17,18,6,1,9,10,13,14],[5,1,9,10,17,18,6,21,13,14],[17,5,18,6,13,14,9,10,21,1],[1,9],[13,9],[13,17,14,1,21,9,18,10,5,6],[1,9],[1,21,9],[13,1,2,14,17,18,20],[13,9],[9],[21,1,5,9,10,13,6,2],[1,9],[21,13,1,2,14],[1,21,9],[17,21,1,13,18,14,5,6,9,10],[21,9],[13,17,18,14,5,6,21,9,10,1],[13,5,6,1,14,21,9],[9],[21,9],[21,9],[1,17,21,13,14,5,6,9,18,10],[1,13,14,5,17,18,6,21,9,10],[13,1,2,14,9,10],[1,9],[5,21,17,6,1,13,14,9,10,18],[9],[5,17,18,6,21,9,10,1,13,14],[1,9],[1,17,13,14,5,18,6,21,9,10],[9],[21,5,17,6,9,18,10,1,13,14],[17,21,1,13,14,5,18,6,9,10],[5,9,10,17,6,21,13,14,1,2,18,4],[21,5,9,6],[17,1,9,18,10,13,14,5,6,21],[17,1,13,18,14,5,6,21,9,10],[17,9,18,10,5,6,13,14,21,1],[9],[5,21,1,17,18,6,13,14,9,10],[5,17,6,9,18,10,1,21,13,14],[17,9,10,1,21,13,18,14,5,6],[17,13,18,14,9,10,5,6,1,21],[5,9,6],[13,5,14,17,18,6,21,1,9,10],[1,9],[1,21,17,13,14,5,6,9,18,10],[17,13,18,14,9,10,1,5,6,21],[9],[9],[1,21,13,14,17,5,6,9,18,10],[21,13,5,6,17,14,1,9,18,10],[1,5,13,6,14,21,9],[9],[21,5,13,14,1,9,6],[17,1,13,18,14,9,10,5,6,21],[13,1,14,21,9],[13,9],[1,9],[17,9,10,13,18,14,21,5,6,1],[9],[9],[1,13,14,9],[17,9,18,10,1,21,13,14,5,6],[5,9,6],[5,17,18,6,21,1,9,10,13,14],[13,5,6,21,1,14,17,9,18,10],[17,9,10,21,1,5,18,6,13,14],[13,1,14,5,9,10,21,17,6,2,18,20],[5,1,9,6],[21,17,5,6,1,9,10,13,14,2,18,20],[17,1,13,14,9,10,5,6,21,2,18,4],[5,9,6],[21,13,17,14,1,9,18,10,5,6],[1,17,21,5,6,13,18,14,9,10],[13,21,9],[13,5,6,1,2,14],[17,1,13,14,5,6,9,18,10,21],[5,21,1,9,6],[1,9],[5,13,14,1,9,10,17,18,6,21],[1,5,17,6,13,18,14,21,9,10],[9],[13,17,14,1,21,9,18,10,5,6],[9],[17,21,9,10,13,14,1,5,18,6],[1,9],[17,1,5,6,13,18,14,9,10,21],[1,21,9],[9],[1,21,5,17,6,9,18,10,13,14],[17,21,5,6,13,14,9,10,1,2,18,20],[17,9,18,10,1,21,13,14,5,6],[13,17,14,9,10,5,18,6,1,21],[17,21,1,13,14,9,18,10,5,6],[17,13,18,14,5,6,9,10,21,1],[9],[17,5,18,6,9,10,21,1,13,14],[13,17,14,9,18,10,21,1,5,6],[17,13,18,14,21,1,5,6,9,10],[5,13,6,9],[1,5,17,18,6,9,10,21,13,14],[1,5,13,14,17,6,9,18,10,21],[9],[13,21,5,6,17,14,9,10,1,2,18,4],[1,9],[13,9],[17,1,21,9,18,10,13,14,5,6],[9],[5,17,6,9,10,1,21,13,14,2,18,20],[17,9,18,10,21,1,13,14,5,6],[1,9],[1,9],[9],[17,9,10,5,6,21,1,13,18,14],[17,21,9,10,13,18,14,5,6,1],[21,17,5,6,9,18,10,13,14,1],[1,5,17,18,6,13,14,9,10,21],[5,13,14,17,6,21,1,9,10,18],[21,13,5,14,1,9,6],[21,9],[1,21,17,13,14,9,10,5,18,6],[17,1,5,6,21,9,10,13,14,2,18,4],[21,9],[1,13,14,21,17,5,18,6,9,10],[13,9,10,5,14,1,21,17,18,6],[9],[1,5,21,17,6,13,18,14,9,10],[5,13,14,9,10,17,18,6,1,21],[21,13,5,14,9,10,17,18,6,1],[5,1,9,10,17,18,6,21,13,14],[21,1,17,5,18,6,9,10,13,14],[17,21,13,14,1,5,6,9,10,18],[5,17,6,9,10,13,14,21,1,18],[5,13,14,21,1,17,18,6,9,10],[5,21,17,6,9,18,10,1,13,14],[9],[21,13,17,14,1,5,6,9,10,2,18,4],[17,13,14,9,18,10,5,6,21,1],[21,17,5,6,13,14,9,18,10,1],[9],[9],[5,9,6],[17,21,5,6,9,10,13,18,14,1],[17,5,18,6,9,10,1,21,13,14],[17,9,10,21,1,5,18,6,13,14],[5,9,10,13,14,21,17,18,6,1],[1,5,17,18,6,13,14,21,9,10],[21,17,13,14,9,18,10,5,6,1],[17,5,18,6,9,10,21,13,14,1],[17,1,5,6,21,9,10,13,18,14],[13,5,14,9,6],[9],[9],[9],[1,21,17,13,14,5,18,6,9,10],[21,9],[5,21,9,6],[21,1,5,13,14,17,18,6,9,10],[17,21,5,6,9,10,1,13,14,18],[21,1,9],[5,1,21,13,6,14,17,9,10,18],[17,1,21,5,18,6,9,10,13,14],[1,9],[13,1,14,5,21,9,10,17,6,18],[17,13,14,1,21,5,6,9,10,2,18,20],[17,5,18,6,9,10,1,13,14,21],[1,9],[5,9,10,13,14,17,18,6,1,21],[5,9,10,17,18,6,21,1,13,14],[9],[21,13,5,14,1,9,10,17,18,6],[21,5,9,6],[21,13,1,2,14],[9],[21,1,17,9,18,10,5,6,13,14],[21,1,9],[9],[9],[13,21,17,14,5,18,6,1,9,10],[17,5,6,13,18,14,21,1,9,10],[1,5,21,9,6],[9],[21,9],[5,9,6],[1,5,9,10,13,6,14,21,17,2,18,4],[1,5,21,9,10,17,18,6,13,14],[13,5,6,21,1,2,14],[5,21,1,9,6],[13,5,14,9,6],[9],[1,5,13,6,14,9],[13,9],[5,9,6],[5,21,1,9,10,13,6,14,17,2,18,4],[17,5,6,9,10,13,14,1,21,18],[21,1,5,9,6],[1,5,17,6,21,13,18,14,9,10],[9],[21,17,13,18,14,9,10,1,5,6],[9],[9],[17,13,14,1,21,9,10,5,18,6],[13,5,6,9],[17,1,9,18,10,5,6,21,13,14],[9],[9],[13,17,14,5,6,1,9,10,21,18],[1,13,14,17,9,10,21,5,6,18],[9],[21,9],[1,13,14,21,9],[21,5,17,6,1,13,18,14,9,10],[1,5,21,13,6,14,9],[21,17,9,10,1,13,14,5,6,18],[5,17,6,13,14,21,9,10,1,18],[17,9,10,21,13,14,1,5,18,6],[21,5,17,6,1,9,10,13,18,14],[21,17,13,14,9,10,1,5,18,6],[5,17,18,6,9,10,1,13,14,21],[5,21,9,10,17,18,6,1,13,14],[1,13,14,17,21,5,6,9,18,10],[9],[13,9],[21,5,9,6],[13,21,17,14,5,6,1,9,10,18],[1,21,5,13,6,2,14],[17,9,10,21,5,18,6,13,14,1],[21,13,1,2,14],[5,17,18,6,13,14,1,9,10,21],[5,1,21,13,6,2,14],[1,5,17,18,6,9,10,13,14,21],[17,5,6,1,13,14,21,9,10,2,18,20],[21,5,9,10,13,14,1,17,6,2,18,4],[17,9,18,10,1,21,5,6,13,14],[9],[5,13,14,21,9,6],[17,9,18,10,1,13,14,5,6,21],[21,17,5,18,6,9,10,13,14,1],[1,13,2,14,21],[17,5,6,13,14,1,21,9,10,2,18,4],[13,5,14,1,21,9,6],[9],[17,13,18,14,5,6,1,21,9,10],[17,9,18,10,5,6,13,14,1,21],[13,1,14,17,5,6,21,9,18,10],[17,21,9,18,10,1,13,14,5,6],[13,9],[21,9],[1,17,5,18,6,13,14,21,9,10],[17,13,18,14,5,6,21,1,9,10],[5,9,6],[21,1,13,14,17,9,10,5,18,6],[21,13,17,18,14,9,10,1,5,6],[5,13,6,21,17,14,1,9,18,10],[1,21,9],[21,13,9],[21,17,1,9,18,10,13,14,5,6],[13,1,14,17,21,5,6,9,18,10],[5,21,9,10,17,6,13,14,1,18],[9],[5,21,17,18,6,9,10,1,13,14],[13,17,14,9,18,10,21,1,5,6],[21,9],[5,1,9,6],[9],[17,9,10,5,18,6,13,14,21,1],[17,5,6,21,13,14,9,10,1,18],[17,21,1,5,18,6,13,14,9,10],[5,9,6],[5,13,14,17,18,6,1,9,10,21],[9],[1,17,21,9,10,5,6,13,18,14],[21,9],[17,9,18,10,13,14,1,21,5,6],[9],[5,1,13,6,14,9],[5,17,6,9,10,21,1,13,18,14],[21,17,1,9,18,10,5,6,13,14],[5,21,13,14,1,9,10,17,18,6],[9],[5,17,18,6,9,10,21,13,14,1],[1,5,13,14,21,9,6],[17,21,9,10,1,5,6,13,18,14],[13,17,14,9,18,10,5,6,1,21],[5,17,18,6,13,14,9,10,1,21],[13,9],[21,9],[13,1,2,14,17,18,4],[1,9],[5,21,13,14,1,17,6,9,18,10],[17,9,18,10,21,13,14,5,6,1],[21,13,9],[1,5,9,6],[17,21,13,18,14,5,6,9,10,1],[1,13,2,14,21],[21,13,17,14,5,6,1,9,18,10],[17,1,21,13,14,9,10,5,6,2,18,20],[1,9],[21,17,1,9,18,10,5,6,13,14],[9],[13,17,14,9,18,10,5,6,1,21],[1,21,13,2,14],[9],[17,5,6,1,9,18,10,21,13,14],[13,21,5,6,1,14,17,9,10,18],[5,21,17,6,13,14,9,10,1,2,18,4],[21,13,9],[9],[9],[5,21,9,6],[13,17,14,9,10,1,21,5,18,6],[21,9],[5,13,6,17,14,9,10,1,21,2,18,20],[1,13,14,5,9,10,17,6,21,18],[9],[21,13,17,18,14,5,6,9,10,1],[13,5,6,9],[9],[9],[13,9],[9],[13,21,5,14,1,9,10,17,18,6],[5,13,6,9],[13,17,18,14,21,5,6,1,9,10],[21,17,1,5,6,13,18,14,9,10],[17,5,18,6,13,14,1,9,10,21],[21,5,13,14,17,6,9,18,10,1],[1,21,9],[9],[13,21,17,14,1,5,6,9,18,10],[1,5,21,9,10,17,18,6,13,14],[1,21,9],[21,17,1,5,6,13,18,14,9,10],[5,9,10,17,6,1,13,18,14,21],[21,5,13,14,9,10,1,17,6,18],[17,9,10,5,6,1,21,13,18,14],[21,13,1,14,9],[1,5,17,6,9,10,13,14,21,2,18,20],[9],[13,1,14,21,17,5,18,6,9,10],[1,13,14,17,9,10,5,6,21,2,18,20],[13,5,14,9,6],[21,9],[1,5,17,18,6,13,14,9,10,21],[9],[9],[13,21,9],[5,9,10,1,17,6,21,13,14,2,18,20],[9],[17,13,18,14,9,10,21,5,6,1],[5,9,6],[17,21,1,13,18,14,5,6,9,10],[9],[21,5,13,6,1,14,17,9,18,10],[13,1,14,9],[9],[13,17,18,14,5,6,1,9,10,21],[1,17,5,6,9,18,10,21,13,14],[17,1,5,18,6,13,14,21,9,10],[13,1,2,14,17,18,4],[21,13,17,18,14,9,10,5,6,1],[5,1,17,6,21,13,14,9,18,10],[5,1,17,6,13,14,21,9,18,10],[5,9,10,17,18,6,21,1,13,14],[5,1,13,6,2,14],[9],[9],[5,9,10,1,17,18,6,13,14,21],[5,9,6],[5,17,6,21,1,13,14,9,10,2,18,20],[9],[9],[17,1,9,10,13,18,14,21,5,6],[5,17,6,13,14,1,21,9,18,10],[9],[9],[9],[9],[21,9],[21,5,17,18,6,1,9,10,13,14],[5,17,18,6,9,10,1,13,14,21],[9],[5,21,9,6],[13,21,1,2,14],[1,9],[21,5,13,14,9,6],[13,17,18,14,9,10,5,6,21,1],[9],[1,9],[13,5,14,17,18,6,1,9,10,21],[21,5,9,10,17,18,6,13,14,1],[5,1,21,13,6,2,14],[5,1,17,6,13,14,21,9,18,10],[5,21,13,6,1,2,14],[9],[5,21,1,17,18,6,13,14,9,10],[1,21,5,9,6],[21,1,17,13,14,5,18,6,9,10],[5,21,1,9,6],[1,17,21,9,18,10,5,6,13,14],[21,5,17,6,13,18,14,1,9,10],[17,13,18,14,1,21,9,10,5,6],[1,21,17,9,10,13,14,5,18,6],[17,9,10,1,21,13,14,5,18,6],[1,5,17,18,6,9,10,21,13,14],[5,13,14,9,10,21,17,6,1,2,18,20],[17,5,6,1,9,10,21,13,14,18],[1,13,14,21,9],[5,17,18,6,1,9,10,13,14,21],[9],[17,13,14,9,18,10,1,5,6,21],[13,17,18,14,1,5,6,9,10,21],[13,5,6,1,2,14],[1,5,9,10,17,18,6,21,13,14],[9],[17,13,18,14,21,5,6,1,9,10],[9],[13,5,14,21,1,17,6,9,10,2,18,4],[21,1,17,9,18,10,5,6,13,14],[9],[21,5,1,13,6,2,14],[1,5,17,18,6,13,14,9,10,21],[13,21,1,14,17,9,18,10,5,6],[17,21,1,13,14,5,18,6,9,10],[13,17,14,1,9,18,10,21,5,6],[9],[1,21,9],[17,9,10,1,21,13,14,5,6,2,18,20],[13,21,1,2,14],[13,1,2,14],[9],[17,9,18,10,13,14,1,21,5,6],[1,5,9,10,13,14,21,17,6,18],[21,5,13,14,17,18,6,1,9,10],[1,21,17,13,14,5,18,6,9,10],[5,1,13,14,21,17,18,6,9,10],[13,5,14,17,6,9,10,21,1,2,18,20],[17,1,9,18,10,21,13,14,5,6],[1,17,5,18,6,21,13,14,9,10],[13,17,18,14,21,5,6,1,9,10],[21,13,5,14,17,18,6,1,9,10],[21,17,9,18,10,5,6,13,14,1],[21,5,13,6,9],[5,1,9,10,13,6,2,14],[5,9,6],[17,13,18,14,5,6,9,10,1,21],[5,13,6,1,14,17,9,10,21,2,18,20],[21,1,17,5,6,13,14,9,10,2,18,20],[5,21,13,14,17,6,9,10,1,2,18,20],[1,5,9,10,13,6,14,17,21,2,18,20],[17,9,10,21,13,18,14,5,6,1],[13,17,18,14,21,1,5,6,9,10],[1,13,2,14,21],[5,21,13,14,17,18,6,1,9,10],[21,1,17,5,18,6,9,10,13,14],[5,9,10,17,18,6,21,13,14,1],[5,17,6,1,13,18,14,21,9,10],[9],[21,17,1,5,6,9,10,13,18,14],[13,9],[13,21,9],[1,5,17,6,9,18,10,13,14,21],[17,21,5,18,6,9,10,1,13,14],[5,9,10,13,6,17,18,14,21,1],[5,17,18,6,21,9,10,13,14,1],[5,21,1,9,10,13,14,17,18,6],[9],[9],[1,13,14,9],[5,13,14,17,18,6,1,21,9,10],[21,5,17,6,9,18,10,13,14,1],[21,9],[21,17,13,14,1,9,18,10,5,6],[1,9],[9],[1,9],[21,1,17,5,18,6,9,10,13,14],[9],[17,21,5,6,1,9,10,13,14,18],[17,21,5,6,1,9,10,13,14,18],[13,5,14,17,6,21,1,9,18,10],[21,13,9],[5,1,17,18,6,9,10,21,13,14],[17,1,13,18,14,21,5,6,9,10],[17,13,14,21,9,18,10,5,6,1],[1,9],[1,21,5,17,18,6,13,14,9,10],[17,1,5,18,6,13,14,21,9,10],[9],[9],[21,5,13,6,1,14,17,9,10,18],[9],[9],[17,9,18,10,13,14,1,21,5,6],[1,13,2,14,21],[9],[13,17,14,5,18,6,9,10,21,1],[21,5,9,6],[5,21,1,9,6],[17,1,9,10,13,18,14,21,5,6],[17,5,18,6,9,10,21,13,14,1],[13,9,14],[17,13,18,14,5,6,1,21,9,10],[1,13,2,14,9,10],[21,17,13,14,5,18,6,9,10,1],[21,5,1,17,18,6,13,14,9,10],[17,1,5,6,21,13,18,14,9,10],[13,5,14,9,6],[21,5,17,18,6,9,10,13,14,1],[17,21,5,18,6,1,9,10,13,14],[13,17,18,14,9,10,5,6,21,1],[1,13,2,14,21],[13,17,18,14,5,6,21,9,10,1],[9],[5,21,9,6],[5,13,14,21,1,9,6],[1,9],[21,13,5,14,1,17,6,9,18,10],[13,9],[5,13,14,9,6],[21,17,5,18,6,13,14,1,9,10],[17,9,18,10,13,14,5,6,21,1],[9],[1,17,13,14,9,10,5,18,6,21],[21,1,17,13,14,9,10,5,18,6],[13,17,14,1,21,9,10,5,18,6],[13,1,14,21,5,17,6,9,10,2,18,4],[17,9,10,21,5,18,6,1,13,14],[17,1,21,9,10,5,6,13,18,14],[5,9,10,1,21,13,6,2],[17,5,6,9,18,10,13,14,1,21],[17,21,1,9,18,10,5,6,13,14],[21,1,17,5,6,9,18,10,13,14],[17,5,6,13,14,9,10,1,21,18],[17,21,5,6,1,13,18,14,9,10],[5,13,6,21,1,14,17,9,18,10],[9],[9],[21,1,13,14,9],[1,9],[1,21,17,13,18,14,9,10,5,6],[5,13,6,17,18,14,1,9,10,21],[21,1,9],[5,17,6,21,13,18,14,9,10,1],[5,17,6,21,13,18,14,1,9,10],[17,5,18,6,1,13,14,21,9,10],[21,1,9],[9],[21,9],[13,17,14,21,1,5,18,6,9,10],[5,21,9,6],[21,13,1,14,9],[9],[1,5,13,14,9,6],[5,21,9,10,1,13,6,2],[21,5,17,18,6,13,14,9,10,1],[17,9,10,21,1,5,18,6,13,14],[13,1,14,9],[21,5,1,13,6,2,14],[17,13,18,14,1,5,6,21,9,10],[1,17,9,18,10,5,6,13,14,21],[1,5,17,6,21,13,14,9,18,10],[21,1,13,2,14],[21,13,1,2,14],[1,17,9,18,10,5,6,21,13,14],[17,1,5,6,9,18,10,21,13,14],[17,21,1,9,10,13,18,14,5,6],[17,1,5,6,13,18,14,9,10,21],[13,17,18,14,21,5,6,9,10,1],[1,5,13,14,21,17,6,9,10,18],[17,1,9,18,10,13,14,21,5,6],[9],[13,9],[1,13,2,14,21],[9],[1,5,13,14,9,6],[9],[13,5,14,9,10,17,6,1,21,18],[5,17,6,1,13,14,9,18,10,21],[21,17,13,18,14,1,5,6,9,10],[5,21,17,6,1,9,10,13,14,2,18,4],[17,21,9,18,10,5,6,1,13,14],[13,5,14,17,6,1,9,10,21,18],[9],[13,5,14,9,10,21,17,18,6,1],[17,9,18,10,13,14,21,1,5,6],[1,9],[5,9,6],[9],[9],[5,21,9,10,1,17,18,6,13,14],[5,13,14,17,18,6,21,9,10,1],[9],[9],[9],[9],[13,9],[17,21,9,10,5,6,13,18,14,1],[17,1,9,18,10,21,13,14,5,6],[5,17,18,6,21,1,9,10,13,14],[21,13,5,6,9],[9],[1,9],[13,1,14,9],[13,1,2,14,17,18,20],[21,1,17,9,10,13,18,14,5,6],[9],[17,1,9,10,13,14,5,18,6,21],[21,5,1,17,18,6,9,10,13,14],[5,21,17,6,1,13,18,14,9,10],[21,5,17,6,9,18,10,13,14,1],[21,5,13,6,1,14,17,9,10,2,18,4],[1,21,17,13,14,5,6,9,18,10],[9],[5,1,21,17,6,13,14,9,10,18],[1,9],[13,21,17,18,14,1,5,6,9,10],[17,9,10,1,13,14,5,6,21,18],[17,1,5,6,13,18,14,9,10,21],[13,1,2,14,21],[21,17,13,14,1,5,18,6,9,10],[9],[21,9],[9],[5,9,10,1,21,17,18,6,13,14],[17,13,18,14,9,10,5,6,1,21],[13,21,5,14,9,10,17,6,1,2,18,4],[1,17,13,14,9,18,10,5,6,21],[5,9,6],[13,5,14,21,17,6,9,18,10,1],[1,9],[9],[13,9],[21,9],[17,9,10,13,14,21,1,5,18,6],[13,5,14,17,6,1,9,10,21,2,18,4],[17,21,5,6,13,14,1,9,18,10],[1,17,9,18,10,21,13,14,5,6],[17,9,18,10,5,6,1,21,13,14],[21,5,9,10,17,6,13,14,1,2,18,4],[17,5,6,1,21,9,10,13,14,2,18,4],[21,9],[13,5,14,1,9,6],[13,17,18,14,21,1,9,10,5,6],[13,1,2,14,21],[13,1,14,17,9,18,10,21,5,6],[1,5,17,6,9,10,13,18,14,21],[13,1,14,17,5,6,9,18,10,21],[5,1,9,10,21,13,6,2],[17,5,18,6,9,10,13,14,21,1],[1,17,21,5,6,9,18,10,13,14],[9],[13,9],[13,21,9],[5,1,9,10,13,6,14,17,21,2,18,4],[1,5,21,9,6],[17,1,9,18,10,5,6,13,14,21],[21,1,13,2,14],[21,9],[17,13,14,9,10,5,18,6,1,21],[1,21,9],[1,17,13,14,5,6,9,18,10,21],[1,5,21,13,14,9,10,17,6,18],[9],[13,21,17,18,14,1,9,10,5,6],[17,1,13,14,5,6,9,18,10,21],[13,17,18,14,5,6,9,10,1,21],[1,21,17,5,18,6,13,14,9,10],[9],[21,9],[9],[13,5,14,1,21,9,10,17,18,6],[21,5,13,14,17,6,1,9,10,2,18,20],[13,17,18,14,21,5,6,9,10,1],[1,13,2,14,5,6],[1,9],[5,1,9,6],[13,21,17,18,14,1,9,10,5,6],[5,13,6,17,18,14,9,10,21,1],[13,5,14,9,6],[5,1,21,13,6,14,9],[1,9],[1,13,2,14,17,18,4],[5,21,17,18,6,1,9,10,13,14],[9],[5,9,10,1,13,6,2,14],[5,17,6,9,18,10,21,1,13,14],[9],[17,9,18,10,5,6,1,13,14,21],[9],[21,1,5,9,10,17,6,13,18,14],[5,21,9,6],[21,1,5,13,6,14,17,9,10,18],[1,17,5,6,13,14,9,18,10,21],[13,17,14,9,10,1,5,6,21,2,18,20],[13,9],[9],[13,17,18,14,5,6,1,21,9,10],[9],[5,17,6,9,18,10,21,13,14,1],[5,21,9,6],[21,1,13,14,5,17,6,9,18,10],[9],[1,17,5,18,6,21,9,10,13,14],[13,1,2,14,5,6],[5,17,6,1,13,18,14,21,9,10],[5,17,18,6,21,13,14,1,9,10],[1,9],[13,9],[13,17,14,21,5,6,9,18,10,1],[21,9],[5,1,21,9,10,17,18,6,13,14],[5,9,10,13,14,17,18,6,1,21],[13,17,18,14,5,6,9,10,21,1],[1,9],[13,1,14,17,9,18,10,21,5,6],[17,9,18,10,21,13,14,1,5,6],[1,9],[21,9],[13,1,2,14],[21,5,13,6,1,14,17,9,18,10],[9],[21,9],[21,17,13,18,14,9,10,5,6,1],[13,17,18,14,5,6,21,1,9,10],[13,9],[21,17,9,10,5,18,6,13,14,1],[17,1,5,6,13,14,9,10,21,18],[21,13,5,6,9],[13,1,2,14],[13,1,14,21,5,17,18,6,9,10],[21,13,9],[13,1,2,14,5,6],[9],[21,13,1,2,14],[17,1,13,18,14,9,10,5,6,21],[21,9],[9],[13,5,14,1,17,18,6,9,10,21],[13,5,14,21,9,10,17,18,6,1],[5,9,6],[1,17,9,10,21,13,18,14,5,6],[5,21,17,6,1,13,18,14,9,10],[21,17,13,14,5,6,1,9,18,10],[5,17,18,6,9,10,1,13,14,21],[13,5,14,21,1,9,10,17,6,18],[1,21,5,9,10,13,6,14,17,2,18,4],[21,9],[13,21,17,18,14,1,9,10,5,6],[13,21,9],[17,21,1,9,10,13,18,14,5,6],[1,13,2,14],[9],[5,21,13,6,17,18,14,9,10,1],[17,5,6,21,1,9,10,13,18,14],[21,17,5,6,9,10,1,13,18,14],[13,1,2,14,5,6],[13,21,9],[9],[9],[13,5,14,1,9,10,17,6,21,18],[9],[1,17,5,18,6,21,13,14,9,10],[5,9,6],[17,5,18,6,13,14,21,1,9,10],[17,9,10,1,21,13,14,5,6,2,18,20],[13,17,14,21,1,9,10,5,6,18],[9],[1,9],[21,13,9],[17,5,6,13,14,21,9,10,1,2,18,4],[13,17,14,1,9,10,5,6,21,2,18,20],[5,1,9,10,17,6,13,18,14,21],[5,17,18,6,21,9,10,1,13,14],[13,1,14,21,5,9,6],[1,13,2,14],[17,1,21,5,6,9,10,13,18,14],[1,9],[9],[17,5,18,6,9,10,1,21,13,14],[9],[13,21,1,2,14],[13,17,14,5,18,6,21,1,9,10],[17,1,9,10,13,14,5,6,21,2,18,4],[1,17,5,6,9,18,10,21,13,14],[13,21,5,14,9,10,17,6,1,2,18,4],[13,17,18,14,9,10,5,6,21,1],[5,17,18,6,21,9,10,13,14,1],[1,9],[17,9,18,10,13,14,21,1,5,6],[9],[21,5,9,6],[17,21,1,5,6,9,18,10,13,14],[13,21,5,6,1,14,9],[9],[1,17,13,18,14,9,10,21,5,6],[5,21,17,18,6,9,10,13,14,1],[5,21,1,17,18,6,9,10,13,14],[21,17,13,14,9,18,10,1,5,6],[5,1,9,10,17,18,6,21,13,14],[5,21,13,6,9],[1,21,5,17,18,6,13,14,9,10],[5,1,21,13,14,9,10,17,6,18],[21,9],[5,1,13,14,21,17,6,9,10,2,18,4],[17,9,10,1,5,18,6,13,14,21],[13,1,2,14],[1,17,5,6,9,10,13,18,14,21],[17,21,1,5,6,13,14,9,18,10],[9],[21,13,17,18,14,1,9,10,5,6],[13,5,6,1,14,17,21,9,10,18],[1,13,14,17,9,18,10,5,6,21],[21,5,9,10,1,13,6,14,17,2,18,20],[5,21,13,6,17,14,9,10,1,2,18,20],[9],[5,1,13,14,17,18,6,9,10,21],[13,1,14,21,5,17,18,6,9,10],[5,17,6,1,13,14,21,9,10,18],[21,13,1,14,9],[21,1,13,2,14],[5,1,9,10,21,13,14,17,6,18],[21,9],[13,21,1,2,14],[9],[21,1,5,17,6,9,18,10,13,14],[21,5,1,13,6,2,14],[1,21,9],[5,17,18,6,21,1,9,10,13,14],[5,17,6,9,18,10,1,13,14,21],[13,21,5,6,1,2,14],[1,5,17,6,13,18,14,9,10,21],[1,21,9],[13,5,14,1,9,6],[9],[5,1,21,13,6,2,14],[1,17,21,9,18,10,13,14,5,6],[1,9],[13,21,9],[5,1,17,18,6,9,10,13,14,21],[9],[17,13,14,1,9,10,21,5,18,6],[21,13,1,14,5,17,6,9,18,10],[21,17,5,6,13,14,9,18,10,1],[17,5,18,6,21,13,14,1,9,10],[9],[13,21,1,2,14],[1,17,9,18,10,5,6,21,13,14],[9],[9],[9],[21,13,9],[17,21,9,10,13,14,1,5,18,6],[9],[9],[21,17,13,18,14,5,6,9,10,1],[13,9],[21,5,13,14,9,10,1,17,18,6],[17,5,18,6,1,13,14,21,9,10],[5,9,10,13,6,21,17,14,1,18],[5,9,6],[9],[1,9],[1,9],[21,5,13,6,17,18,14,9,10,1],[1,21,17,9,18,10,13,14,5,6],[17,9,18,10,1,5,6,13,14,21],[13,21,9],[1,9],[17,21,13,14,9,10,1,5,18,6],[21,13,17,18,14,9,10,5,6,1],[17,21,13,14,9,18,10,5,6,1],[9],[21,17,13,14,5,6,9,10,1,2,18,20],[5,21,1,17,18,6,9,10,13,14],[21,13,1,14,17,9,10,5,18,6],[5,1,9,10,17,18,6,13,14,21],[17,13,14,9,10,21,1,5,18,6],[17,21,1,5,6,9,10,13,18,14],[17,13,14,9,18,10,1,5,6,21],[9],[9],[21,17,9,10,13,18,14,5,6,1],[1,17,9,18,10,13,14,21,5,6],[17,1,21,9,10,13,18,14,5,6],[5,17,18,6,1,13,14,21,9,10],[13,9],[17,13,14,9,18,10,1,21,5,6],[21,13,1,14,5,9,6],[17,21,13,14,5,6,9,10,1,18],[9],[9],[21,5,1,9,6],[1,9],[17,13,18,14,9,10,21,5,6,1],[21,5,9,10,1,13,6,2],[5,13,14,1,9,10,21,17,18,6],[13,21,9],[17,1,21,13,18,14,9,10,5,6],[13,9],[9],[9],[13,5,6,21,17,14,9,18,10,1],[9],[1,17,5,6,9,10,13,14,21,18],[13,1,14,21,9],[17,5,6,21,13,14,1,9,18,10],[17,13,18,14,5,6,21,1,9,10],[13,21,17,18,14,1,5,6,9,10],[13,5,14,9,10,21,17,18,6,1],[1,5,17,6,21,9,18,10,13,14],[1,17,13,18,14,9,10,21,5,6],[17,9,10,13,14,21,5,18,6,1],[17,1,21,5,18,6,9,10,13,14],[17,1,13,18,14,9,10,21,5,6],[9]],"n_human":5}