{"problem_id":"oS0CVMgSL8iDTh8","sigma":150,"alpha":3.162,"cost":2,"probabilities":"[0.3, 0.09, 0.29, 0.32]","payoff_matrix":"[[-332, -55, -51, -127, 118, 33], [3, -151, -83, 96, 250, -86], [-38, -80, -296, 54, -154, -154], [-36, -65, -94, -70, -132, -94]]","uncovered":[[4,12,20,24,8,16,1,13,21,5,9,19,7,11],[8,20,16,12,24,4,1,13,21,5,11,17,19,7],[16,4,20,24,8,12,5,13,1,21,9,17,19,7,11],[8,1,24,12,20,16,13,21,5,11,19,7],[20,16,24,12,4,8,5,13,1,21,9,19,7,11],[24,20,8,16,4,12,1,5,13,9,21,19,7,11],[12,8,4,16,20,24,3,5,13,9,21,1,17,23,7],[24,12,20,16,4,8,1,13,9,21,7,17,23,5],[24,8,20,12,4,16,1,5,13,9,21,19,7,23,15,11],[20,16,24,12,8,4,5,13,1,9,21,17,23,19,11,7,15],[8,20,16,12,4,24,1,13,21,5,9,17,23,19,11,7,15],[16,4,12,8,20,24,1,13,23,5,9,17,7],[4,12,20,16,24,8,5,13,1,9,21,17,23,7],[8,21,20,16,4,12,24,1,5,13,9,17,23,19,7,11,15],[16,4,12,8,20,24,1,13,21,5,9,17,23,7],[12,24,8,20,16,4,5,1,13,9,21,17,23,19,11,7,15],[12,16,24,4,8,20,7,1,13,21,9,17,19,5,23,11,15],[16,4,8,12,24,20,1,13,5,21,9,19,7,11],[8,12,4,16,24,20,5,1,13,21,9,17,19,23,7,11,15],[12,24,16,4,8,20,5,13,9,1,21,17,19,7,23,11,15],[20,24,12,8,16,4,1,13,9,5,21,17,23,7],[16,24,8,20,4,12,1,5,9,13,21,17,19,7,11],[8,16,24,20,12,4,5,13,1,9,21,17,23,7],[12,20,24,16,8,4,1,5,13,21,9,17,19,23,11,7,15],[16,12,24,20,4,8,5,1,9,21,13,17,23,7],[4,24,20,16,8,12,1,5,9,13,21,17,23,19,7,11,15],[8,24,16,20,4,12,1,5,21,13,9,17,23,7],[24,20,8,16,4,12,1,13,9,7,21,19,5,11],[12,20,16,24,8,4,1,13,21,5,9,19,7,23,11,15],[12,20,24,4,16,8,1,5,9,13,21,17,23,19,11,7,15],[24,4,20,8,16,12,5,13,21,1,9,19,7,11],[20,8,4,24,12,16,7,13,9,21,1,17,23,5],[16,4,20,8,24,12,5,1,13,21,9,17,19,23,11,7,15],[16,20,12,4,24,8,1,13,21,5,9,17,23,7],[4,8,20,12,24,16,5,1,13,9,21,17,19,23,11,7,15],[12,16,24,20,8,4,1,13,5,9,21,17,23,19,11,7,15],[20,24,8,16,4,12,5,1,13,21,9,17,19,7,11],[12,16,8,4,24,20,1,5,21,13,9,17,19,23,7,11,15],[16,20,4,8,12,24,1,7,21,13,9,17,19,5,11],[4,8,12,20,24,16,3,13,5,21,9,1,17,23,19,11,7,15],[8,24,4,20,16,12,1,5,13,9,21,17,23,7],[12,8,24,16,20,4,5,1,13,21,9,17,23,7],[16,12,4,8,20,24,3,5,13,21,9,1,17,19,7,23,11,15],[4,8,24,12,20,16,5,13,1,21,9,17,19,23,7,11,15],[4,8,12,24,16,20,1,13,9,5,21,17,23,7],[16,8,12,20,4,24,5,13,9,1,21,17,23,7],[8,24,4,16,12,20,5,15,1,21,9,13,19,23,7,11],[24,20,8,12,4,16,1,13,21,5,11,17,19,23,7,15],[4,8,12,24,20,16,1,13,21,5,9,17,23,7],[24,16,20,4,8,12,5,1,21,13,9,17,19,23,11,7,15],[16,24,8,12,20,4,5,13,1,9,21,17,19,23,11,7,15],[20,16,12,8,24,4,5,13,21,1,9,17,23,7],[24,20,12,8,4,16,5,1,21,15,9,13,17,23,19,7,11],[12,8,4,16,20,24,1,13,21,5,9,17,23,7],[12,20,16,8,24,4,1,13,5,9,21,17,19,7,11],[4,16,8,20,12,24,1,13,9,21,5,17,19,7,23,11,15],[20,16,8,12,24,4,5,13,1,21,11,19,23,7,15],[4,12,24,8,16,20,5,15,1,21,9,13,17,19,7,23,11],[4,24,12,20,16,8,1,13,9,5,21,17,19,23,11,7,15],[12,20,24,8,4,16,1,13,9,5,21,17,19,7,11],[12,24,20,8,16,4,5,15,1,9,21,13,17,23,7],[12,20,16,8,24,4,1,13,5,21,9,17,23,7],[20,12,16,8,24,4,1,13,23,9,5,17,7],[8,24,16,12,4,20,1,5,9,21,13,17,19,7,11],[20,16,8,12,4,24,1,5,9,21,13,17,23,19,11,7,15],[20,8,16,12,24,4,5,13,23,1,9,17,19,7,11,15],[4,12,24,16,20,8,7,1,21,13,9,17,19,5,11],[20,24,4,12,8,16,5,13,1,9,21,17,19,23,7,11,15],[24,4,16,12,20,8,5,1,13,9,23,17,19,11,7,15],[8,16,24,20,4,12,5,13,1,21,9,17,19,23,7,11,15],[20,24,12,16,4,8,1,13,5,11,21,17,19,23,7,15],[16,12,20,4,24,8,1,13,9,21,5,17,19,23,7,11,15],[24,12,20,8,4,16,5,1,15,21,9,13,17,19,23,7,11],[16,12,24,20,8,4,1,13,21,5,9,17,19,7,11],[20,24,8,12,4,16,5,13,1,9,21,17,23,7],[20,8,4,24,12,16,5,13,21,1,9,17,19,7,23,11,15],[16,8,20,12,24,4,1,5,9,21,13,17,23,7],[8,20,24,4,16,12,1,15,5,9,23,17,13,19,7,11],[8,16,4,20,24,12,5,13,21,1,9,17,23,7],[24,8,20,4,16,12,1,13,5,21,9,17,23,19,11,7,15],[8,4,24,12,16,20,1,5,9,21,13,17,19,7,23,11,15],[12,16,20,4,24,8,1,5,21,13,9,17,23,19,11,7,15],[12,20,8,4,24,16,1,5,21,13,9,17,23,19,11,7,15],[12,4,20,24,16,8,1,13,9,21,5,17,19,7,23,11,15],[12,16,20,24,4,8,7,13,21,1,9,17,23,5],[24,4,20,12,16,8,5,1,9,13,21,17,23,7],[24,12,16,8,4,20,5,1,9,13,21,17,19,7,11],[20,12,16,4,8,24,1,13,9,21,5,17,23,19,7,11,15],[16,8,24,4,12,20,5,1,9,13,21,19,23,11,15,7],[20,12,16,4,24,8,1,5,9,15,21,13,17,19,23,7,11],[4,20,12,8,24,16,1,5,13,21,9,17,19,23,11,7,15],[24,8,4,12,20,16,5,13,21,1,9,17,23,19,7,11,15],[24,8,16,4,20,12,1,13,21,5,9,17,19,7,11],[4,8,12,24,20,16,5,1,13,9,21,17,23,7],[12,24,8,20,4,16,1,13,9,7,21,17,19,5,23,11,15],[20,16,12,4,24,8,5,13,21,1,9,19,23,7,11,15],[20,8,4,16,24,12,1,5,13,21,9,17,19,23,11,7,15],[16,24,8,4,20,12,5,13,21,1,9,17,23,19,11,7,15],[24,12,20,16,8,4,1,13,9,5,21,17,19,7,23,11,15],[4,16,12,8,20,24,1,5,21,13,9,17,23,7],[8,24,20,12,4,16,5,13,9,1,21,17,19,7,23,11,15],[24,12,20,8,16,4,1,13,9,5,21,17,19,23,11,7,15],[16,20,12,8,4,24,5,13,9,1,21,17,19,23,11,7,15],[20,8,16,4,12,24,5,13,21,1,9,17,19,7,23,11,15],[20,16,24,4,12,8,1,5,9,21,13,17,23,19,7,11,15],[24,20,4,8,12,16,5,13,9,21,1,17,23,7],[24,16,4,20,12,8,3,5,13,21,9,1,17,23,7],[16,8,24,12,20,4,5,13,1,21,9,19,7,11],[12,4,16,24,20,8,1,5,13,9,21,17,23,19,11,7,15],[20,24,12,16,8,4,1,13,9,5,21,17,19,7,11],[4,20,12,16,8,24,5,13,1,21,9,17,23,19,7,11,15],[20,8,16,24,1,12,5,9,21,13,19,7,23,15,11],[16,12,24,20,8,4,1,5,13,9,21,17,19,23,7,11,15],[4,24,20,12,16,8,1,5,21,13,9,19,7,11],[16,24,4,8,12,20,5,13,9,1,21,17,19,7,23,11,15],[12,24,20,16,8,4,1,13,11,5,23,17,7],[24,4,16,8,20,12,1,5,9,13,21,17,23,7],[20,4,12,24,16,8,5,1,15,21,9,13,17,23,7],[20,16,4,24,8,12,7,13,9,1,21,17,19,5,23,11,15],[12,4,8,16,24,20,3,13,5,9,21,1,17,23,7],[20,4,24,12,8,16,1,5,13,9,21,17,23,7],[16,12,20,4,24,8,5,13,1,21,9,17,23,7],[12,4,8,16,20,24,3,5,13,9,21,1,17,19,23,7,11,15],[20,24,16,8,4,12,5,13,9,21,1,17,23,19,11,7,15],[20,24,16,8,12,4,1,13,21,5,9,17,19,7,11],[24,12,20,16,4,8,1,5,13,21,9,17,19,23,7,11,15],[12,8,16,24,20,4,1,15,5,9,21,13,17,23,19,7,11],[24,16,8,4,20,12,1,5,21,13,9,17,23,7],[4,12,16,20,8,24,1,13,9,5,21,17,19,23,11,7,15],[16,4,12,24,20,8,5,1,13,9,21,17,23,7],[16,8,20,24,12,4,5,13,1,21,9,17,23,19,11,7,15],[16,12,8,4,20,24,5,1,9,13,21,17,19,7,11],[4,20,8,16,12,24,1,13,7,9,21,17,19,5,11],[8,20,16,12,4,24,1,13,21,5,9,19,7,11],[16,24,4,8,20,12,7,13,1,21,9,19,5,11],[16,4,8,20,12,24,1,5,21,13,9,17,19,23,11,7,15],[16,8,20,4,24,12,5,1,13,21,9,17,23,7],[20,16,8,4,24,12,7,13,9,1,21,17,19,5,23,11,15],[16,24,20,8,12,4,1,5,9,21,13,17,23,7],[20,4,24,16,12,8,1,5,21,13,9,17,23,19,11,7,15],[16,12,20,24,8,4,1,13,9,5,21,17,23,19,7,11,15],[24,12,20,8,4,16,5,13,9,21,1,17,19,23,11,7,15],[4,12,8,24,16,20,1,5,9,23,13,17,7],[4,16,8,12,24,20,1,5,15,9,21,13,19,23,7,11],[24,8,4,12,20,16,1,13,21,5,11,17,19,7],[12,4,24,8,16,20,5,13,21,1,9,17,23,7],[12,4,24,8,16,20,1,13,9,5,21,17,23,7],[24,4,8,12,20,16,1,5,13,9,21,17,23,7],[12,8,20,4,24,16,1,13,21,5,9,17,19,7,23,11,15],[24,4,20,16,12,8,5,1,9,21,13,17,19,7,11],[4,12,8,16,20,24,5,1,9,13,21,17,19,7,23,11,15],[20,12,16,4,8,24,5,13,9,1,21,17,19,7,23,11,15],[20,12,24,4,16,8,1,13,5,9,21,17,19,7,11],[20,24,4,16,8,12,5,1,13,21,9,17,19,23,7,11,15],[16,12,20,24,4,8,5,13,21,3,9,1,19,7,11],[4,16,8,20,12,24,1,5,21,13,9,17,19,7,23,11,15],[20,16,24,8,4,12,1,13,21,5,11,17,23],[24,16,8,12,4,20,1,5,21,13,9,19,7,11],[24,8,12,20,16,4,5,13,1,9,21,17,23,7],[20,4,24,12,8,16,5,13,1,21,9,17,19,7,11],[16,12,8,20,4,24,1,13,21,5,9,17,19,7,11],[16,8,4,9,24,20,12,5,1,13,21,17,23,7],[4,16,8,20,24,12,1,13,21,5,9,17,19,23,7,11,15],[16,24,8,4,20,12,1,13,5,23,9,17,19,11,7,15],[4,24,12,16,20,8,1,7,11,21,13,17,19,5],[4,12,8,16,20,24,3,13,5,21,9,1,17,23,7],[16,8,4,12,24,20,5,1,9,13,21,17,23,19,7,11,15],[4,24,8,12,20,16,1,5,13,21,9,17,19,7,11],[20,8,12,4,24,16,5,1,9,13,21,17,23,19,11,7,15],[16,12,20,24,4,8,5,13,1,9,21,17,23,19,7,11,15],[16,12,8,20,4,24,1,5,9,21,13,17,23,7],[20,12,16,24,4,8,1,5,13,21,9,17,19,7,23,11,15],[16,20,4,24,12,8,5,13,21,1,9,17,23,7],[8,16,24,4,20,12,1,5,9,13,21,17,23,19,7,11,15],[12,24,4,20,16,8,5,13,1,21,9,17,19,7,23,11,15],[12,8,16,24,4,20,1,5,9,21,13,17,23,7],[8,4,16,12,20,24,1,5,13,21,9,17,23,19,7,11,15],[16,12,20,4,24,8,1,5,13,9,21,17,23,7],[4,16,8,12,20,24,5,1,21,13,9,17,23,19,11,7,15],[16,8,20,12,4,24,5,1,13,9,21,17,19,23,11,7,15],[12,24,16,8,20,4,1,5,9,21,13,17,19,23,11,7,15],[20,16,12,8,4,24,1,5,13,9,21,17,19,23,7,11,15],[16,8,4,12,24,20,5,13,1,21,9,19,7,11],[24,8,4,12,16,20,5,13,21,1,9,17,19,23,11,7,15],[12,20,4,16,8,24,5,13,21,3,9,1,19,7,23,11,15],[24,12,20,16,1,8,5,13,21,9,17,23,7],[12,24,16,8,4,20,5,1,9,13,21,17,23,19,11,7,15],[8,4,16,20,12,24,1,5,11,13,21,17,23],[16,8,4,12,24,20,5,13,9,1,21,17,19,7,23,11,15],[12,16,20,8,4,24,5,1,9,13,21,17,19,7,23,11,15],[20,12,24,4,16,8,1,5,9,21,13,17,23,7],[8,20,12,24,4,16,1,5,9,21,15,13,17,23,7],[4,8,20,24,12,16,5,1,21,13,9,17,19,7,11],[20,8,12,24,16,4,5,1,23,13,9,19,11,7,15],[12,4,16,24,8,20,5,3,13,21,9,1,19,23,11,7,15],[8,12,16,24,4,20,1,13,21,5,9,17,23,19,11,7,15],[16,4,24,8,12,20,5,1,9,21,13,17,23,19,7,11,15],[4,8,12,16,24,20,1,13,21,5,9,19,7,11],[12,20,4,24,16,8,5,1,13,21,9,17,19,23,7,11,15],[24,16,20,4,12,8,3,13,5,21,9,1,17,19,23,11,7,15],[12,20,16,24,8,4,1,13,21,5,9,17,23,19,7,11,15],[24,8,16,12,20,4,5,13,1,9,21,17,23,19,7,11,15],[8,24,4,20,16,12,1,13,21,5,9,17,19,7,23,11,15],[12,24,20,4,16,8,5,1,21,13,9,17,23,7],[12,16,4,20,8,24,5,1,21,13,9,17,23,7],[8,4,20,16,24,12,1,5,13,9,21,17,23,7],[16,20,8,12,4,24,5,1,13,9,21,17,23,19,7,11,15],[24,4,12,8,20,16,1,13,9,5,21,17,19,7,11],[4,16,20,24,8,12,7,13,9,1,21,17,19,5,23,11,15],[16,8,24,12,4,20,5,13,1,9,21,17,19,7,23,11,15],[12,4,16,8,20,24,1,13,5,9,21,17,23,19,7,11,15],[4,16,12,8,20,24,1,5,13,9,21,17,19,7,11],[24,12,8,4,20,16,1,13,21,5,9,17,23,7],[4,20,12,8,24,16,5,13,1,21,9,17,23,7],[24,16,20,4,12,8,7,13,1,21,9,17,23,5],[16,12,8,20,4,24,1,5,21,13,9,17,19,23,11,7,15],[24,20,4,12,8,16,1,5,21,13,9,17,23,7],[16,8,24,4,20,12,5,1,21,13,9,17,23,19,7,11,15],[12,24,16,4,20,8,5,1,21,13,11,19,23,15,7],[20,12,8,4,24,16,1,5,21,13,9,17,23,7],[24,16,8,4,12,20,1,5,11,21,13,17,19,7],[20,16,12,4,24,8,7,1,13,9,17,21,23,5],[24,12,4,8,16,20,3,5,13,23,9,17,1,7],[8,20,16,4,24,12,3,5,13,21,9,1,17,19,23,7,11,15],[24,4,12,20,16,8,5,1,21,13,9,17,23,19,11,7,15],[12,4,8,16,24,20,1,13,9,21,5,17,23,7],[16,12,8,24,20,4,1,13,9,5,21,17,19,7,11],[4,24,12,16,20,8,5,1,23,13,9,17,19,11,7,15],[16,12,20,8,4,24,5,13,9,1,21,17,19,7,23,11,15],[20,12,16,24,8,4,5,1,21,13,9,17,23,19,7,11,15],[16,8,24,20,12,4,1,13,5,21,9,17,23,7],[20,24,4,12,8,16,5,1,21,13,9,17,23,19,7,11,15],[16,12,8,4,24,20,5,13,9,23,1,17,7],[16,12,4,20,8,24,1,15,5,9,21,13,17,23,7],[8,20,4,24,12,16,5,1,21,13,9,17,19,23,11,7,15],[16,12,20,8,24,4,1,13,23,5,9,17,7],[12,8,4,20,24,16,1,5,21,13,9,17,23,7],[24,20,16,4,8,12,1,13,9,5,21,17,23,7],[8,4,24,20,12,16,5,1,21,13,9,17,23,7],[24,4,12,8,16,20,1,5,13,9,21,17,19,23,11,7,15],[20,12,16,8,24,4,5,1,21,13,9,17,19,23,7,11,15],[8,24,12,4,16,20,5,1,13,21,9,17,19,23,7,11,15],[4,8,24,16,12,20,5,13,21,1,9,19,7,11],[12,16,8,4,20,24,5,1,13,21,9,17,19,7,11],[16,24,12,8,4,20,5,13,1,9,21,17,23,19,7,11,15],[4,8,20,16,24,12,5,1,21,13,9,17,19,23,7,11,15],[24,8,16,20,12,4,1,5,13,9,21,17,19,7,23,11,15],[20,8,12,24,16,4,1,5,21,13,11,17,19,7],[20,8,4,16,12,24,1,13,5,9,21,17,19,7,11],[12,24,4,8,20,16,5,3,13,9,21,1,17,23,7],[4,8,12,16,20,24,1,13,5,21,9,17,19,23,7,11,15],[24,20,12,4,16,8,7,13,1,9,21,17,19,5,23,11,15],[8,20,24,16,4,12,1,5,21,13,9,17,23,19,11,7,15],[16,8,4,24,20,9,12,3,5,13,21,1,19,7,11],[20,8,4,16,12,24,5,13,21,1,9,17,23,19,11,7,15],[24,16,20,4,8,12,1,5,9,13,21,17,23,19,11,7,15],[12,24,4,20,16,8,1,5,21,13,9,17,23,19,11,7,15],[16,4,24,12,20,8,1,13,9,21,5,17,19,23,11,7,15],[16,8,24,20,12,4,5,13,9,1,21,17,23,7],[12,4,24,8,20,16,5,1,9,13,21,17,23,7],[12,4,8,24,16,20,5,13,21,1,9,17,23,19,7,11,15],[20,16,8,12,24,4,5,13,9,1,21,17,19,23,7,11,15],[24,8,12,4,16,20,5,13,9,1,21,17,23,19,7,11,15],[12,8,24,20,4,16,1,5,9,21,13,17,23,19,11,7,15],[8,24,16,20,4,12,1,5,13,21,11,17,19,23,7,15],[8,24,16,4,12,20,5,1,9,13,21,17,23,7],[8,16,4,20,12,24,1,5,13,9,21,17,23,7],[16,24,12,20,8,4,1,7,21,15,9,13,17,19,5,23,11],[24,16,8,4,12,20,1,5,9,21,13,17,23,7],[16,12,8,24,4,20,1,5,21,13,9,17,23,7],[4,12,24,8,16,20,1,5,21,13,9,17,23,7],[20,8,4,12,16,24,5,15,1,9,21,13,17,23,7],[24,20,4,8,16,12,1,13,21,5,9,17,23,7],[8,12,24,4,16,20,5,1,13,23,9,17,7],[24,8,12,4,20,16,1,13,5,21,9,17,19,7,23,11,15],[8,16,4,12,20,24,5,1,13,21,9,17,19,23,7,11,15],[12,8,16,4,20,24,5,1,21,13,9,19,7,23,15,11],[12,8,4,16,20,24,5,1,9,21,13,17,23,19,7,11,15],[20,24,8,4,12,16,1,13,9,21,5,17,23,7],[8,12,4,16,20,24,1,13,9,5,21,17,23,19,7,11,15],[8,20,12,4,16,24,1,13,21,5,9,17,23,19,11,7,15],[20,12,16,8,24,4,1,5,21,13,11,17,19,7],[12,4,8,16,20,24,5,13,21,1,9,17,23,7],[8,24,16,20,12,4,1,5,13,21,11,17,23],[8,12,4,24,16,20,1,5,13,21,9,17,23,19,11,7,15],[24,20,16,12,4,8,1,13,9,5,21,17,19,23,11,7,15],[4,24,20,12,16,8,1,5,9,13,21,17,19,7,23,11,15],[4,16,8,20,24,12,1,5,21,13,9,17,23,7],[8,12,4,24,16,20,5,1,9,15,21,13,17,23,19,7,11],[4,8,20,16,24,12,1,5,21,13,9,17,23,19,7,11,15],[4,8,16,20,24,12,5,13,1,21,9,17,19,23,7,11,15],[4,16,12,20,24,8,1,5,21,13,9,19,23,7,15,11],[24,8,16,4,12,20,1,7,13,9,21,19,5,11],[8,20,24,4,12,16,5,1,13,21,9,17,19,23,11,7,15],[12,8,24,4,20,16,5,1,9,23,13,17,7],[24,12,16,4,20,8,5,13,21,1,9,17,23,7],[24,20,8,4,16,12,1,13,9,5,21,17,23,19,7,11,15],[8,4,16,24,12,20,1,5,13,23,9,17,7],[20,24,8,16,12,4,5,13,21,1,9,17,19,23,11,7,15],[20,8,4,16,24,12,5,1,13,9,21,17,23,19,7,11,15],[20,16,8,24,12,4,5,13,21,1,9,17,19,7,11],[12,24,20,8,4,16,1,13,21,5,9,17,23,19,11,7,15],[12,24,4,20,16,8,1,15,5,9,21,13,17,23,19,7,11],[12,20,4,8,16,24,1,5,21,13,9,17,19,7,11],[12,16,20,8,4,24,5,13,9,1,21,17,19,23,11,7,15],[20,8,12,24,16,4,1,13,21,5,9,17,19,23,11,7,15],[16,20,12,24,4,8,1,5,9,21,13,17,19,7,11],[16,20,24,8,12,4,5,13,9,21,1,17,19,23,11,7,15],[4,24,16,20,12,8,1,13,5,21,9,17,19,7,23,11,15],[20,16,8,24,12,4,1,13,5,21,9,17,19,7,23,11,15],[8,16,24,4,12,20,7,1,21,13,9,17,19,5,11],[4,24,8,20,16,12,1,5,9,21,13,17,23,19,11,7,15],[4,16,24,12,20,8,1,13,5,9,21,17,19,23,7,11,15],[12,8,4,16,24,20,1,13,9,21,5,17,23,7],[20,8,12,4,24,16,5,13,1,21,9,17,23,7],[20,12,24,4,8,16,3,13,5,9,21,1,17,23,7],[12,8,4,24,20,16,1,13,21,5,9,17,19,23,11,7,15],[4,20,8,12,24,16,5,1,9,13,21,17,23,19,7,11,15],[16,20,8,24,12,4,1,5,21,13,9,17,23,7],[4,8,24,20,12,16,1,13,21,5,9,17,19,23,11,7,15],[24,16,20,12,8,4,1,7,13,9,17,21,19,5,23,11,15],[16,24,12,20,4,8,5,13,21,1,9,17,19,23,7,11,15],[16,20,9,4,24,8,12,5,13,21,1,17,19,7,11],[16,8,4,24,20,12,1,5,13,9,21,17,19,23,7,11,15],[24,8,20,4,16,12,1,5,21,13,11,17,23],[8,24,4,20,16,12,1,5,21,13,9,17,19,23,7,11,15],[4,20,16,12,24,8,5,1,9,21,13,17,23,7],[20,4,8,16,12,24,1,13,9,5,21,17,23,7],[20,16,12,4,8,24,5,1,21,13,11,17,19,7],[16,8,12,4,24,20,5,13,21,1,9,17,23,7],[4,20,8,12,24,16,5,1,13,9,21,17,23,19,7,11,15],[12,16,8,24,20,4,1,5,13,21,9,17,23,7],[4,16,12,20,8,24,5,1,21,13,9,17,23,7],[8,24,20,4,12,16,5,1,9,21,13,17,19,23,7,11,15],[12,4,16,24,5,20,8,13,9,1,21,19,7,11],[24,16,20,4,8,12,1,13,21,5,9,17,23,19,7,11,15],[4,8,24,20,16,12,5,1,9,21,13,17,23,19,7,11,15],[8,16,12,24,4,20,5,13,11,21,1,17,19,23,7,15],[16,24,12,8,20,4,5,13,21,1,9,17,19,7,11],[8,20,24,16,4,12,5,13,21,1,9,17,23,19,7,11,15],[20,4,16,8,24,12,1,5,13,21,9,19,7,11],[24,4,12,20,16,8,5,1,13,21,9,19,23,11,7,15],[20,24,16,8,4,12,5,3,13,21,9,1,17,19,7,23,11,15],[16,24,4,12,8,20,7,3,13,9,21,1,17,23,5],[4,24,8,16,12,20,5,13,11,21,1,19,23,15,7],[4,16,12,20,24,8,1,13,5,21,9,17,23,7],[12,8,4,16,24,20,5,1,13,21,9,17,23,19,7,11,15],[12,8,20,16,4,24,1,5,21,13,9,17,23,19,11,7,15],[24,20,4,12,8,16,1,13,9,21,5,17,23,19,7,11,15],[12,20,8,16,24,4,5,13,21,1,9,17,23,7],[8,12,16,20,4,24,5,1,13,9,21,17,19,23,7,11,15],[24,20,16,12,4,8,1,5,21,13,9,17,23,19,11,7,15],[4,16,12,8,24,20,1,5,21,13,9,17,19,23,7,11,15],[12,16,24,4,8,20,5,13,21,1,9,19,7,11],[4,20,12,24,16,8,5,13,9,1,21,17,23,19,7,11,15],[1,12,24,16,20,8,5,9,21,13,17,19,7,23,11,15],[12,24,20,16,4,8,1,5,9,21,13,17,19,23,11,7,15],[8,20,16,24,4,12,5,1,9,21,13,17,19,7,11],[20,24,16,4,8,12,5,13,9,21,1,17,23,7],[12,8,24,4,20,16,5,1,13,9,21,17,23,19,11,7,15],[12,4,20,8,24,16,1,13,9,5,21,17,23,7],[12,4,24,16,8,20,1,13,11,21,5,17,19,23,7,15],[16,12,20,4,24,8,5,1,13,21,9,17,19,7,23,11,15],[8,12,4,16,24,20,5,1,13,9,21,17,23,19,7,11,15],[20,16,4,8,24,12,1,13,9,21,5,17,23,7],[16,20,12,24,4,8,1,13,9,21,5,17,23,19,7,11,15],[20,4,8,12,24,16,1,5,13,21,9,17,23,7],[4,16,12,20,8,24,1,13,5,9,21,17,23,19,11,7,15],[4,16,24,12,20,8,1,5,21,13,9,19,7,23,11,15],[8,24,16,12,20,4,1,5,21,13,9,17,19,23,11,7,15],[8,24,20,16,4,12,5,3,13,21,9,1,17,23,7],[12,20,24,16,4,8,5,13,9,21,1,17,19,7,23,11,15],[20,24,16,8,4,12,5,1,9,13,21,17,19,23,11,7,15],[16,12,4,8,17,24,20,1,5,13,9,21,19,7,11],[4,16,12,8,24,20,1,5,9,21,13,19,7,23,11,15],[12,20,24,8,4,16,1,13,21,5,9,17,23,7],[16,20,8,24,4,12,1,13,21,5,9,17,19,23,11,7,15],[12,4,24,20,8,16,1,13,21,7,9,19,5,11],[12,4,20,8,16,24,1,5,13,21,9,17,19,7,23,11,15],[16,20,8,12,4,24,5,13,9,21,1,17,23,7],[20,12,16,24,8,4,3,5,15,9,21,13,1,19,7,23,11],[20,16,24,8,12,4,3,5,15,21,9,13,1,17,19,7,23,11],[12,4,24,20,16,8,1,5,9,13,21,17,19,23,11,7,15],[4,24,8,20,16,12,5,13,11,1,21,17,23],[12,20,16,24,4,8,5,1,13,21,9,17,23,19,11,7,15],[20,16,4,12,24,8,1,5,13,21,9,17,23,19,7,11,15],[20,16,12,24,4,8,5,13,21,1,9,17,19,23,7,11,15],[12,4,20,8,16,24,5,1,9,21,13,17,19,23,11,7,15],[8,24,20,12,16,4,5,1,9,21,13,17,23,7],[4,16,20,24,12,8,5,1,9,13,21,17,19,7,11],[16,8,12,20,4,24,1,5,21,13,9,17,23,19,11,7,15],[20,4,16,8,24,12,5,13,21,1,9,17,23,7],[24,20,12,16,4,8,5,13,1,21,9,17,19,7,23,11,15],[4,24,8,20,16,12,7,1,13,21,9,17,19,5,23,11,15],[24,8,12,4,16,20,5,13,1,9,21,19,23,11,15,7],[12,8,16,4,20,24,1,5,21,13,9,17,19,23,7,11,15],[8,12,16,20,24,4,1,15,5,9,21,13,17,23,19,7,11],[16,8,12,20,4,24,1,13,23,9,5,17,7],[8,12,16,20,24,4,5,1,13,21,9,17,23,19,11,7,15],[20,24,8,16,4,12,1,5,13,21,9,17,19,23,11,7,15],[4,12,20,16,24,8,3,13,5,21,9,1,17,19,23,7,11,15],[16,20,24,12,4,8,1,5,21,15,9,13,17,23,19,7,11],[12,16,24,4,8,20,1,5,13,9,21,19,23,11,15,7],[20,12,24,16,8,4,5,13,1,9,21,19,23,7,11,15],[4,24,12,16,8,20,7,13,9,1,17,21,23,5],[16,8,20,12,4,24,1,5,13,23,9,17,7],[8,4,20,16,12,24,7,13,9,21,1,17,19,5,23,11,15],[20,4,8,12,16,24,5,1,13,9,21,17,19,7,23,11,15],[4,24,20,16,8,12,5,13,9,1,21,17,23,7],[20,4,8,16,24,12,5,13,9,1,21,17,19,23,11,7,15],[4,16,8,12,20,24,1,5,9,21,13,17,19,7,23,11,15],[12,24,8,4,16,20,1,13,21,5,9,17,23,19,7,11,15],[4,12,20,16,24,8,5,1,9,13,21,17,19,23,7,11,15],[8,16,24,12,20,4,5,15,1,11,21,13,17,19,23,7],[20,12,8,24,4,16,1,5,21,13,9,17,23,7],[16,20,24,4,12,8,7,1,9,21,13,17,19,5,23,11,15],[16,12,4,8,24,20,7,1,13,9,21,17,19,5,11],[8,23,20,12,4,16,5,13,1,9,24,17,7],[16,24,8,4,20,12,1,13,9,21,7,17,19,5,23,11,15],[12,24,20,16,4,8,1,5,9,13,21,17,23,19,11,7,15],[16,20,8,4,24,12,1,5,9,13,21,17,23,7],[24,4,20,12,8,16,1,13,5,23,9,17,7],[20,16,8,24,4,12,5,13,1,9,21,17,23,19,7,11,15],[24,8,20,16,4,12,1,13,9,21,7,17,19,5,23,11,15],[16,12,4,8,24,20,5,13,9,1,21,17,23,19,11,7,15],[4,20,16,24,12,8,5,13,1,9,21,17,19,23,11,7,15],[12,16,4,24,8,20,7,1,21,13,9,17,19,5,23,11,15],[20,24,12,16,4,8,5,13,1,21,9,17,23,7],[20,24,4,8,12,16,1,5,9,13,21,17,23,19,11,7,15],[24,4,12,16,20,8,5,3,13,21,9,1,17,23,19,7,11,15],[4,24,12,16,8,20,1,13,21,7,9,17,19,5,11],[20,24,4,12,8,16,1,5,21,15,9,13,17,19,7,23,11],[16,8,12,24,20,4,5,1,13,21,9,17,19,23,11,7,15],[16,4,12,20,8,24,1,13,21,5,11,17,19,7],[8,4,12,16,20,24,1,5,13,21,9,17,19,23,11,7,15],[8,24,1,16,12,20,5,13,21,9,17,23,7],[20,24,16,12,8,4,5,13,1,9,21,17,23,19,11,7,15],[12,8,16,20,24,4,1,5,21,13,9,17,19,23,7,11,15],[16,12,24,4,8,20,1,13,21,5,9,17,19,23,11,7,15],[12,20,8,16,24,4,5,13,21,1,9,17,19,23,7,11,15],[24,8,20,12,16,4,1,7,21,13,9,17,19,5,23,11,15],[16,4,20,8,24,12,5,1,21,13,9,17,23,19,7,11,15],[16,4,24,12,20,8,5,13,1,21,9,17,23,19,11,7,15],[24,8,12,4,20,16,5,1,21,13,9,17,23,19,11,7,15],[24,16,8,20,4,12,5,13,1,9,21,17,23,7],[12,16,8,20,4,24,1,13,5,9,21,17,19,7,23,11,15],[16,20,12,24,4,8,5,1,9,13,23,17,19,7,11,15],[4,12,8,20,24,16,1,13,5,21,9,17,23,7],[4,12,8,24,20,16,5,1,13,9,21,17,23,7],[20,24,12,16,8,1,13,5,21,9,17,23,7],[24,12,20,8,4,16,3,13,5,9,21,1,17,23,19,11,7,15],[12,24,16,8,20,4,1,13,9,5,21,19,7,11],[8,12,4,16,20,24,1,5,21,13,9,17,23,19,7,11,15],[12,16,24,20,4,8,5,13,23,9,1,17,19,11,7,15],[4,16,12,24,8,20,1,5,13,21,9,17,23,7],[16,20,4,12,24,8,5,13,9,21,1,17,19,23,11,7,15],[24,8,16,4,20,12,1,13,5,9,21,17,19,23,7,11,15],[24,20,4,16,12,8,5,1,21,13,9,17,19,7,23,11,15],[8,24,16,4,20,12,5,1,21,15,9,13,17,19,7,23,11],[16,24,20,4,12,8,1,5,11,21,13,17,19,23,7,15],[12,16,20,8,24,4,1,15,5,21,9,13,17,19,23,7,11],[12,20,8,24,4,16,1,13,23,5,9,17,19,7,11,15],[8,12,24,16,20,4,1,13,21,5,9,17,23,19,11,7,15],[12,16,24,8,4,20,1,5,13,21,11,17,19,23,7,15],[12,20,24,8,4,16,1,5,9,13,21,17,23,19,7,11,15],[12,4,24,20,8,16,5,13,9,21,1,17,19,23,7,11,15],[24,20,4,12,8,16,5,1,21,13,11,19,7],[20,24,8,12,16,4,1,13,21,5,9,17,23,19,11,7,15],[4,20,24,12,16,8,7,1,13,21,9,17,23,5],[24,8,12,4,16,20,1,7,9,21,13,17,23,5],[20,24,4,12,16,8,1,5,21,13,9,17,23,19,11,7,15],[24,12,16,8,4,20,1,13,5,21,9,17,23,19,7,11,15],[24,16,8,20,12,4,5,13,21,1,9,17,23,19,7,11,15],[4,16,24,12,8,20,1,13,9,5,21,17,19,23,7,11,15],[4,20,16,8,24,12,5,13,21,1,9,17,19,23,7,11,15],[8,20,4,24,12,16,1,13,5,21,9,17,23,19,11,7,15],[20,16,24,4,12,8,1,5,13,21,9,17,23,7],[24,20,4,12,16,8,3,13,5,9,21,1,17,19,7,11],[20,12,4,24,8,16,1,13,5,11,21,19,23,15,7],[12,8,16,4,24,20,1,15,5,21,9,13,17,23,7],[4,16,24,12,20,8,5,1,13,21,9,17,19,23,11,7,15],[4,24,12,16,20,8,1,13,11,5,21,17,23],[20,24,16,12,4,8,5,13,21,1,9,17,19,23,11,7,15],[12,20,8,16,24,4,1,13,5,21,9,17,23,19,11,7,15],[4,20,16,8,12,24,7,1,13,23,17,11],[16,24,4,8,20,12,1,5,9,13,21,17,23,7],[12,8,20,4,16,24,1,13,9,21,5,17,19,7,11],[12,8,24,4,16,20,1,13,5,9,21,17,19,7,11],[4,12,8,16,20,24,5,1,9,23,13,17,19,7,11,15],[16,8,12,4,24,20,5,1,9,13,23,17,7],[16,4,20,12,24,8,5,13,9,1,21,17,23,7],[8,4,12,24,20,16,5,1,21,13,9,17,23,7],[4,16,12,24,8,20,5,1,13,9,21,17,19,7,11],[20,16,4,8,24,12,5,1,13,21,9,19,7,23,11,15],[4,24,8,16,20,12,1,15,5,9,21,13,17,19,23,7,11],[16,24,12,4,8,20,5,1,13,9,21,17,19,7,11],[8,12,16,4,24,20,5,13,21,1,9,17,23,19,11,7,15],[8,16,4,12,24,20,1,13,21,5,9,17,19,23,11,7,15],[12,24,4,16,20,8,5,1,21,13,9,17,19,23,11,7,15],[24,12,4,16,8,20,1,13,5,21,9,17,23,7],[8,24,16,12,20,4,5,13,1,9,21,17,23,7],[4,20,8,12,16,24,5,1,9,21,13,17,19,7,23,11,15],[8,12,20,24,4,16,1,13,21,5,9,17,19,23,11,7,15],[16,8,20,12,24,4,5,1,21,13,9,17,19,7,23,11,15],[12,16,20,24,8,4,1,5,21,13,9,17,19,23,7,11,15],[8,20,4,24,16,12,5,13,9,1,21,17,23,19,7,11,15],[16,12,20,4,8,24,5,1,21,13,9,17,19,7,23,11,15],[16,8,4,20,12,21,24,1,5,15,9,13,19,23,7,11],[20,8,12,4,24,16,5,15,1,9,21,13,17,23,7],[8,12,16,20,24,4,5,1,13,21,9,17,19,7,11],[12,16,24,20,8,4,1,5,9,21,13,17,19,7,11],[4,16,24,20,8,12,5,1,21,13,9,19,7,11],[12,8,24,20,16,4,1,5,13,9,21,17,19,7,23,11,15],[24,4,12,20,16,8,1,5,15,21,9,13,17,19,7,23,11],[8,12,20,24,4,16,5,1,21,13,9,17,19,7,23,11,15],[24,8,4,20,16,12,5,3,13,9,21,1,17,19,23,7,11,15],[24,4,8,12,20,16,1,13,21,5,9,17,19,23,11,7,15],[24,8,20,4,12,16,5,13,9,1,21,17,19,23,11,7,15],[24,16,20,12,4,8,5,1,13,9,21,17,19,7,11],[12,8,4,16,24,20,5,1,9,21,13,17,23,19,7,11,15],[20,24,8,12,16,4,5,1,9,13,21,17,19,7,23,11,15],[8,20,24,16,12,4,1,5,15,9,21,13,17,23,19,7,11],[24,4,20,8,16,12,5,13,1,9,21,17,23,7],[24,20,8,4,16,12,5,13,1,9,21,17,23,19,11,7,15],[20,24,8,12,16,4,1,13,21,5,9,17,23,19,7,11,15],[12,24,20,16,4,8,7,15,1,9,23,17,13,5],[4,16,8,20,24,12,1,13,9,21,5,17,23,7],[16,24,20,12,4,8,5,1,9,21,13,17,19,23,11,7,15],[24,4,8,16,12,20,1,13,21,5,9,17,19,23,11,7,15],[8,16,24,20,4,12,1,5,13,21,9,17,23,19,7,11,15],[20,16,12,24,4,8,5,13,9,21,1,17,19,23,11,7,15],[12,16,4,20,24,8,5,3,13,9,21,1,17,19,23,7,11,15],[16,20,24,4,12,8,5,3,13,21,9,1,17,19,7,23,11,15],[12,8,20,24,4,16,5,13,1,21,9,17,23,19,7,11,15],[16,4,8,24,20,12,5,15,1,9,21,13,17,19,23,7,11],[4,16,12,24,20,8,5,13,9,21,1,17,23,7],[8,4,12,20,16,24,5,13,1,11,21,17,19,7],[4,20,12,16,24,8,5,13,9,23,1,17,19,7,11,15],[12,24,8,16,4,20,1,13,9,23,17,5,19,7,11,15],[20,8,12,4,16,24,1,15,5,9,21,13,17,19,23,7,11],[4,20,8,16,12,24,3,5,13,21,9,1,17,19,23,7,11,15],[8,24,20,12,4,16,1,5,13,9,21,17,19,23,7,11,15],[8,12,16,4,20,24,1,5,13,9,21,17,23,19,11,7,15],[24,20,16,12,8,4,1,5,13,9,21,17,19,7,11],[8,12,24,20,4,16,5,1,21,15,9,13,17,19,7,23,11],[12,20,16,4,8,24,1,5,21,13,9,17,19,7,11],[24,12,4,8,20,16,5,1,15,21,9,13,17,19,7,23,11],[8,4,24,16,20,12,1,5,21,13,9,17,23,19,7,11,15],[4,20,16,12,8,24,3,5,13,9,21,1,17,19,7,11],[24,12,20,8,4,16,1,5,21,13,9,17,23,19,11,7,15],[4,20,8,24,16,12,5,1,21,13,9,17,19,23,7,11,15],[20,4,24,16,12,8,1,13,5,21,9,17,19,23,7,11,15],[12,4,24,8,20,16,5,13,21,1,9,17,23,7],[20,24,16,4,12,8,5,13,1,9,21,17,23,7],[24,20,4,12,16,8,1,7,9,13,21,17,23,5],[24,4,20,16,8,12,5,1,13,9,21,17,23,7],[24,8,4,12,20,16,5,1,23,13,9,17,19,11,7,15],[20,12,4,24,8,16,1,15,7,9,21,13,17,19,5,23,11],[8,12,24,20,16,4,1,13,9,21,5,17,23,19,7,11,15],[20,4,24,8,12,16,1,5,13,9,23,17,7],[12,20,4,8,24,16,1,13,21,5,9,17,23,19,11,7,15],[16,4,20,8,12,24,5,13,1,9,21,17,19,7,11],[8,12,20,24,4,16,5,1,13,9,21,17,23,7],[12,4,8,16,24,20,1,13,23,11,5,17,19,7,15],[24,16,12,8,20,4,1,5,9,13,21,17,19,7,23,11,15],[8,4,24,12,20,16,1,7,13,9,17,21,19,5,23,11,15],[4,16,20,8,12,24,1,13,21,5,9,19,23,7,15,11],[4,8,24,16,12,20,1,5,13,9,21,17,23,7],[12,20,8,16,4,24,5,13,21,1,9,17,23,7],[12,16,4,20,8,24,5,1,21,13,9,19,23,7,11,15],[4,8,16,12,20,24,1,13,7,9,21,17,23,5],[12,24,4,16,20,8,1,13,5,21,9,17,23,7],[20,16,24,8,12,4,1,7,21,13,9,17,19,5,11],[24,16,8,4,12,20,5,1,9,13,21,17,23,19,11,7,15],[20,12,24,4,16,8,1,13,5,9,21,17,23,19,7,11,15],[24,16,8,4,20,12,1,13,7,21,9,17,19,5,11],[8,16,12,20,24,4,5,13,1,21,9,17,23,19,11,7,15],[12,20,8,24,16,4,5,13,11,1,21,17,19,7],[4,20,24,12,8,16,1,5,21,13,9,17,23,7],[8,12,24,16,4,20,5,13,9,1,21,17,23,19,11,7,15],[12,24,8,4,16,20,5,1,13,21,9,17,19,23,7,11,15],[20,8,24,16,4,12,1,13,21,5,9,17,19,23,7,11,15],[24,16,8,20,4,12,3,13,5,9,21,1,17,19,7,11],[16,24,12,20,4,8,3,13,5,23,9,17,1,19,7,11,15],[16,8,12,4,20,24,7,1,21,13,11,17,23],[4,16,24,8,12,20,1,13,21,5,9,17,19,7,11],[12,24,16,4,8,20,1,5,9,13,21,19,23,11,15,7],[16,20,24,12,4,8,5,13,21,1,9,17,23,19,7,11,15],[24,16,20,4,12,8,1,13,5,21,9,17,19,7,23,11,15],[24,16,20,4,8,12,1,7,9,21,13,17,19,5,23,11,15],[12,8,24,20,16,4,5,1,15,9,21,13,17,19,23,7,11],[24,8,12,20,4,16,1,13,5,21,9,17,23,19,11,7,15],[16,4,20,12,24,8,1,13,9,21,5,17,23,7],[20,12,4,24,8,16,1,13,5,9,21,17,23,7],[12,24,16,8,4,20,1,5,21,13,9,17,19,7,23,11,15],[20,24,8,4,16,12,1,5,9,23,13,17,7],[16,20,24,4,12,8,5,1,21,13,9,17,19,23,7,11,15],[16,8,24,12,4,20,5,1,9,21,13,17,23,7],[16,4,20,8,24,12,3,13,5,21,9,1,17,19,23,11,7,15],[12,8,24,20,16,1,13,5,21,9,17,19,7,23,11,15],[12,20,24,8,4,16,5,1,21,13,9,17,23,19,11,7,15],[8,16,4,20,12,24,1,5,13,9,21,17,23,19,7,11,15],[8,4,24,12,20,16,1,13,21,5,9,19,23,7,11,15],[8,20,24,12,16,4,5,13,1,21,9,17,23,7],[24,12,8,4,16,20,1,7,13,21,11,17,23],[4,24,20,12,8,16,5,13,9,1,21,17,19,7,11],[8,12,4,20,16,24,5,13,9,21,1,17,23,19,11,7,15],[24,16,8,20,4,12,1,5,9,13,21,17,23,7],[4,20,8,12,24,16,1,5,13,9,21,17,23,7],[16,24,4,20,12,8,1,5,9,21,13,17,19,23,7,11,15],[20,12,16,24,4,8,1,13,21,5,9,17,23,19,7,11,15],[8,16,12,24,4,20,5,1,9,15,21,13,17,19,7,23,11],[16,4,8,12,20,24,1,13,21,5,9,17,23,19,11,7,15],[12,16,20,4,24,8,5,13,1,9,21,17,23,19,11,7,15],[16,8,20,4,24,12,5,13,21,1,11,17,23],[16,20,12,24,4,8,1,5,13,21,9,17,23,19,7,11,15],[12,8,24,20,16,4,1,13,5,9,21,17,23,7],[12,24,20,4,8,16,5,13,9,21,1,17,23,19,7,11,15],[12,24,4,8,16,20,5,1,13,9,21,17,19,23,11,7,15],[21,16,4,8,20,12,24,1,5,13,9,17,23,7],[4,12,24,8,16,20,1,7,13,21,9,17,19,5,11],[12,24,4,20,16,8,5,1,13,21,9,17,23,7],[8,24,20,16,4,12,1,5,9,13,21,17,19,23,11,7,15],[4,24,8,16,20,12,5,13,23,1,9,17,7],[4,20,16,8,12,24,5,13,1,21,9,17,23,7],[8,4,20,12,16,24,5,13,21,1,9,17,23,7],[16,8,20,24,12,4,1,5,13,21,9,17,23,19,11,7,15],[20,8,4,24,12,16,1,5,21,13,9,17,19,23,7,11,15],[4,12,8,20,24,16,5,13,1,9,21,17,23,7],[16,12,24,8,20,4,1,13,23,11,5,17,7],[8,4,12,16,20,24,5,1,21,13,9,17,19,23,7,11,15],[16,12,20,24,4,8,1,13,21,5,9,17,23,19,7,11,15],[20,12,4,8,16,24,5,1,9,21,13,17,23,7],[4,16,12,20,24,8,5,13,9,21,3,1,17,23,19,7,11,15],[20,24,4,8,12,16,1,13,21,7,9,17,19,5,11],[24,20,12,16,4,8,1,13,21,5,9,17,23,7],[4,8,24,12,20,16,1,13,9,21,5,17,19,23,7,11,15],[20,24,4,16,8,12,3,13,5,21,9,1,17,23,19,11,7,15],[16,8,12,24,20,4,1,5,15,21,11,13,17,19,7],[16,8,12,20,24,4,1,5,13,9,21,17,23,19,7,11,15],[24,20,8,12,16,4,1,15,7,9,21,13,17,19,5,23,11],[20,4,24,8,16,12,1,13,9,5,21,17,19,23,7,11,15],[8,24,4,20,12,16,1,5,13,21,9,17,23,7],[16,4,8,12,24,20,5,13,1,9,21,17,23,7],[16,12,4,24,8,20,1,13,5,21,9,17,23,19,7,11,15],[4,24,20,8,12,16,1,13,5,9,21,17,23,19,11,7,15],[12,8,20,24,16,4,1,5,21,13,9,17,19,23,11,7,15],[24,8,16,12,20,4,1,13,23,5,9,17,7],[20,16,12,4,24,8,5,13,1,9,21,17,23,7],[12,24,4,8,16,20,5,13,1,9,21,17,19,23,11,7,15],[12,24,8,16,4,20,5,1,9,13,21,17,19,7,23,11,15],[8,20,24,12,4,16,5,13,21,1,9,17,23,19,7,11,15],[12,4,16,20,24,8,1,13,9,5,21,17,19,23,11,7,15],[8,12,16,20,24,4,5,13,9,1,21,17,23,7],[20,8,12,16,24,4,1,5,21,13,9,17,19,7,23,11,15],[12,4,16,8,20,24,1,13,5,21,9,17,19,23,7,11,15],[4,8,12,20,24,16,5,13,21,1,9,17,19,7,23,11,15],[24,16,20,12,4,8,1,13,9,21,7,17,23,5],[20,16,8,4,12,24,1,13,23,9,5,17,19,11,7,15],[12,20,24,8,4,16,5,1,9,21,13,17,23,7],[16,8,24,4,20,12,5,13,21,3,9,1,17,23,19,11,7,15],[8,4,12,16,20,24,1,5,13,21,9,17,23,19,7,11,15],[12,20,24,8,4,16,5,13,9,21,1,17,19,7,11],[20,16,4,12,24,8,1,15,5,11,21,13,17,23],[16,24,8,4,20,12,1,5,21,13,9,17,19,23,7,11,15],[16,24,12,20,4,8,5,13,21,1,9,17,23,19,11,7,15],[8,20,12,24,16,4,5,1,9,15,21,13,17,23,19,7,11],[20,12,8,24,4,16,5,1,21,13,9,17,19,7,11],[24,20,8,4,16,12,5,13,1,9,21,17,19,7,23,11,15],[8,24,12,20,4,16,5,3,13,9,21,1,17,19,23,11,7,15],[20,12,4,24,8,16,1,13,5,9,21,17,23,7],[4,20,12,8,24,16,1,13,21,5,9,17,23,19,7,11,15],[8,24,12,4,20,16,5,1,13,9,21,17,19,23,7,11,15],[16,8,12,24,4,20,1,5,13,9,21,17,23,7],[16,24,20,4,12,8,5,13,1,21,11,17,23],[16,4,20,24,8,12,5,3,15,23,9,13,19,1,7,11],[8,4,16,12,24,20,1,13,5,9,21,17,23,19,11,7,15],[16,20,24,8,4,12,5,13,9,21,1,17,19,23,7,11,15],[12,20,4,16,8,24,5,1,9,13,21,17,23,19,7,11,15],[20,24,8,16,12,4,5,13,1,21,9,17,19,7,11],[16,8,20,24,12,4,1,5,13,9,21,17,19,7,11],[24,16,4,8,20,12,1,13,5,9,21,17,23,7],[16,8,4,24,12,20,5,1,9,13,21,17,23,19,7,11,15],[16,8,24,4,12,20,1,5,21,13,9,17,19,7,11],[12,20,16,4,24,8,5,1,9,21,13,17,19,23,7,11,15],[24,8,4,20,12,16,5,13,9,21,1,17,19,7,23,11,15],[20,12,8,24,16,4,5,13,21,1,9,17,23,7],[20,4,12,16,8,24,1,13,9,5,21,17,23,19,7,11,15],[24,12,4,20,16,8,5,13,21,1,9,17,19,23,11,7,15],[16,24,4,8,12,20,1,15,5,21,9,13,17,19,23,7,11],[24,16,8,12,20,4,1,5,21,13,9,17,23,7],[12,20,4,8,24,16,1,5,9,21,13,17,23,7],[16,20,12,4,8,24,5,1,11,13,21,17,19,7],[16,24,20,4,8,12,5,15,1,9,21,13,19,7,23,11],[20,24,16,12,8,4,1,13,9,5,21,17,23,19,11,7,15],[4,24,12,8,16,20,5,1,13,9,23,17,7],[12,16,4,24,20,8,1,5,21,13,11,19,7],[16,12,4,20,8,24,5,1,9,21,13,17,23,19,7,11,15],[12,24,20,8,16,4,1,5,9,13,21,17,19,23,7,11,15],[20,4,16,8,24,12,1,13,21,5,9,17,19,7,11],[12,24,4,16,8,20,1,13,9,5,21,19,7,11],[4,8,24,16,12,20,3,5,13,21,9,1,17,23,7],[20,8,24,12,16,4,1,13,21,7,9,17,19,5,23,11,15],[8,4,16,12,20,24,1,13,5,21,9,17,23,19,7,11,15],[8,16,12,4,20,24,5,13,9,3,21,1,17,19,23,7,11,15],[8,20,12,16,24,4,5,13,9,21,1,17,19,23,7,11,15],[8,24,12,20,4,16,5,1,21,13,9,17,19,23,7,11,15],[20,24,4,8,12,16,5,13,1,21,9,17,19,7,23,11,15],[20,4,16,8,12,24,1,13,9,21,5,19,23,11,7,15],[20,8,24,4,16,12,5,1,13,21,9,17,19,23,7,11,15],[12,20,8,24,4,16,1,13,9,21,5,17,23,19,7,11,15],[24,4,16,12,20,8,1,13,9,5,21,19,7,23,15,11],[12,20,16,4,8,24,5,1,9,15,21,13,17,23,19,7,11],[24,4,16,12,20,8,5,13,21,1,11,17,19,7],[16,4,20,8,24,12,5,1,13,21,9,17,19,23,11,7,15],[12,24,8,16,20,4,1,5,13,9,21,17,23,19,11,7,15],[16,4,8,24,12,20,5,1,9,13,21,17,23,7],[24,4,8,12,16,20,1,13,21,5,9,17,23,19,11,7,15],[24,12,8,16,4,20,1,13,9,21,5,17,23,7],[8,16,12,24,20,4,1,5,21,13,9,17,19,23,7,11,15],[8,24,20,4,16,12,1,13,21,7,9,17,23,5],[4,24,8,16,20,12,5,13,9,21,1,17,19,7,23,11,15],[24,8,20,16,12,4,1,5,9,13,21,17,23,7],[16,24,12,8,4,20,5,13,23,1,11,17,19,7,15],[12,20,4,8,24,16,1,13,7,9,17,21,23,5],[24,4,8,20,16,12,3,5,13,9,21,1,17,23,7],[8,20,12,4,16,24,1,5,9,13,21,17,23,19,11,7,15],[20,12,4,24,16,8,5,13,9,21,1,19,23,7,11,15],[12,4,20,24,16,8,1,5,13,9,21,17,19,23,11,7,15],[12,4,20,16,8,24,1,5,9,21,13,17,19,23,11,7,15],[16,12,8,24,20,4,5,13,21,1,9,17,23,7],[12,16,20,4,24,8,5,1,13,21,9,17,19,7,11],[24,8,12,4,16,20,5,13,21,1,9,17,19,23,11,7,15],[24,12,8,20,4,16,7,13,9,21,1,17,19,5,23,11,15],[20,12,16,8,4,24,7,1,21,13,9,17,23,5],[20,8,16,12,24,4,1,5,13,21,9,17,23,7],[8,12,20,16,24,4,5,1,21,15,9,13,17,23,7],[12,16,8,4,20,24,1,5,21,13,9,17,19,7,23,11,15],[12,16,4,8,20,24,5,13,1,21,9,17,19,23,7,11,15],[24,8,4,12,20,16,1,13,21,5,9,17,19,23,7,11,15],[20,4,24,8,12,16,1,5,9,13,21,17,23,19,11,7,15],[16,4,8,12,20,24,1,13,21,5,9,17,19,7,11],[12,8,24,16,20,4,1,5,9,21,13,17,23,19,7,11,15],[12,16,8,20,24,4,5,1,13,11,21,17,23],[24,16,8,20,4,12,1,13,21,5,9,17,23,19,7,11,15],[24,20,8,4,12,16,1,13,21,5,9,17,23,7],[12,24,4,20,8,16,5,1,9,21,13,17,19,7,23,11,15],[12,24,20,8,4,16,5,1,9,21,13,17,19,23,11,7,15],[24,20,12,16,4,8,1,5,9,21,13,17,23,7],[12,24,4,16,20,8,1,13,5,21,9,17,19,7,11],[8,24,20,4,12,16,1,13,5,21,9,17,19,7,11],[24,4,12,16,8,20,1,5,21,13,9,17,19,7,11],[8,16,24,20,4,12,1,13,21,5,9,17,19,7,23,11,15],[20,4,8,16,24,12,5,1,9,21,13,17,23,19,7,11,15],[12,24,20,8,4,16,1,13,9,21,5,19,7,11],[4,8,12,16,24,20,1,13,9,21,5,17,23,7],[20,4,12,16,24,8,1,13,5,21,9,19,23,11,7,15],[24,8,4,20,16,12,1,13,5,21,9,17,19,7,23,11,15],[24,16,12,8,20,4,5,1,21,13,9,17,19,7,23,11,15],[20,16,4,24,12,8,1,5,9,21,13,17,23,19,7,11,15],[8,4,20,16,24,12,5,13,21,1,9,17,19,7,23,11,15],[16,24,12,4,8,20,3,5,13,9,21,1,17,19,23,11,7,15],[24,4,16,12,8,20,5,1,21,13,9,17,23,19,11,7,15],[20,8,24,16,12,4,1,15,5,21,9,13,17,19,23,7,11],[24,8,16,20,4,12,1,13,9,5,21,17,19,7,11],[4,16,20,12,8,24,1,13,5,21,9,17,23,7],[12,16,24,8,20,4,5,1,9,21,13,17,19,23,11,7,15],[20,8,4,24,16,12,1,13,21,5,9,17,23,7],[8,20,12,4,16,24,1,5,23,9,13,17,7],[16,20,8,12,24,4,5,1,21,13,9,17,19,23,11,7,15],[12,4,16,20,8,24,5,13,9,1,21,17,23,19,11,7,15],[4,24,8,20,12,16,5,1,21,13,9,17,23,7],[16,20,24,4,12,8,7,1,21,13,9,17,19,5,11],[12,16,8,20,24,4,5,13,1,9,23,17,19,7,11,15],[8,4,20,16,24,12,1,5,9,21,13,17,19,7,23,11,15],[8,24,12,20,16,4,1,5,9,21,13,17,23,19,11,7,15],[20,12,24,8,4,16,5,1,21,13,9,19,23,11,7,15],[24,8,4,12,16,20,5,13,21,1,11,17,19,23,7,15],[20,24,12,4,16,8,1,5,23,13,11,17,7],[4,8,12,20,24,16,5,1,9,13,21,17,23,7],[20,8,4,16,12,24,1,13,5,9,21,17,23,7],[4,24,20,16,8,12,5,1,21,13,9,17,19,23,7,11,15],[24,4,12,20,16,8,5,1,9,13,21,17,19,23,7,11,15],[4,12,16,20,24,8,1,13,21,5,9,19,23,7,15,11],[8,12,24,20,16,4,1,7,9,23,17,13,5],[8,16,12,20,24,4,1,7,11,13,17,21,19,5],[12,4,16,24,20,8,1,5,21,13,9,17,23,19,11,7,15],[12,24,8,16,4,20,1,5,9,21,13,17,19,7,11],[4,20,16,12,24,8,1,13,11,21,5,17,19,23,7,15],[16,24,8,4,20,12,5,13,1,21,9,17,23,19,11,7,15],[4,16,24,20,8,12,5,13,21,1,11,17,23],[24,20,8,12,4,16,5,15,1,9,21,13,17,19,23,7,11],[24,4,12,8,20,16,1,5,21,13,9,17,19,23,7,11,15],[12,16,8,24,20,4,5,1,9,23,13,17,19,11,7,15],[16,4,8,12,24,20,1,13,5,9,21,17,23,19,7,11,15],[20,8,24,16,12,4,5,1,9,13,21,17,19,7,11],[16,8,4,20,12,24,5,1,21,13,9,17,19,23,11,7,15],[24,4,8,12,20,16,1,5,9,13,21,17,19,23,11,7,15],[4,8,20,24,12,16,5,13,9,23,1,17,7],[16,12,8,24,20,4,5,13,9,21,1,17,23,19,11,7,15],[8,12,16,24,20,4,1,13,9,21,5,17,19,23,7,11,15],[16,20,8,24,12,4,1,5,21,13,9,17,19,7,23,11,15],[20,24,16,4,12,5,8,13,9,21,1,17,23,19,7,11,15],[8,24,16,4,12,20,5,1,13,9,21,17,23,7],[8,24,12,16,4,20,1,13,9,21,5,17,23,19,7,11,15],[16,24,4,20,8,12,5,13,21,1,9,17,19,23,11,7,15],[4,20,12,8,24,16,1,5,13,21,9,19,7,11],[4,20,8,24,12,16,1,5,9,13,21,19,7,23,15,11],[24,4,12,20,16,8,5,1,21,13,11,19,23,15,7],[8,4,20,12,16,24,5,1,9,13,21,17,19,7,11],[16,20,24,12,4,8,5,3,13,21,9,1,17,23,7],[20,12,24,16,4,8,1,13,5,21,9,17,19,23,7,11,15],[16,12,8,20,4,24,1,13,9,21,5,17,19,7,23,11,15],[8,24,20,4,16,12,5,1,21,13,9,17,19,7,11],[24,4,16,12,8,20,1,5,13,21,9,17,23,7],[16,4,12,20,8,24,5,1,21,13,9,17,19,7,23,11,15],[20,8,4,12,24,16,1,13,9,5,21,17,23,7],[4,12,20,16,8,24,1,13,9,21,5,17,19,7,11],[8,20,24,16,4,12,3,5,13,9,21,1,17,23,19,11,7,15],[4,20,8,16,12,24,5,13,1,9,21,17,19,23,7,11,15],[8,4,20,12,24,16,1,5,9,13,21,17,19,7,11],[24,12,8,20,4,16,1,5,13,9,21,17,23,19,7,11,15],[8,20,24,12,4,16,1,5,21,13,9,17,23,7],[16,24,8,20,4,12,5,1,21,15,9,13,17,23,7],[16,8,20,12,4,24,1,5,13,21,9,19,7,23,15,11],[20,8,12,24,4,16,5,13,1,9,23,17,19,7,11,15],[16,4,8,12,24,20,1,13,5,9,21,17,23,19,11,7,15],[16,8,4,20,24,12,1,7,13,9,21,17,19,5,11],[16,8,20,24,12,4,1,5,13,9,21,17,23,7],[24,8,4,20,12,16,1,13,9,5,21,17,19,7,23,11,15],[8,24,20,4,12,16,1,5,11,21,13,17,23],[16,20,8,24,4,12,5,13,9,21,1,17,19,23,11,7,15],[12,16,24,20,8,4,5,1,21,13,9,17,19,7,23,11,15],[4,8,16,20,24,12,1,13,9,5,21,17,23,7],[24,8,4,16,12,20,1,13,9,5,21,17,23,19,11,7,15],[8,12,24,16,20,4,1,5,13,21,9,17,23,19,11,7,15],[20,16,12,24,4,8,1,13,21,5,9,17,23,7],[24,20,12,4,8,16,5,13,1,21,9,19,7,23,15,11],[16,12,24,8,20,4,5,13,21,3,9,1,17,23,19,11,7,15],[8,16,4,20,24,12,1,13,5,9,21,17,19,7,11],[12,24,16,20,4,8,1,13,5,9,21,17,19,23,11,7,15],[8,4,16,12,24,20,1,7,13,21,9,17,19,5,11],[12,8,24,4,16,20,5,13,1,9,21,17,19,23,11,7,15],[4,16,8,24,20,12,5,1,9,13,21,17,23,19,11,7,15],[16,24,12,4,20,8,1,13,5,21,9,17,19,23,7,11,15],[24,8,12,20,4,16,1,5,9,13,21,17,23,19,7,11,15],[4,12,16,24,8,20,1,5,9,13,21,17,23,7],[8,4,16,12,24,20,1,13,5,23,9,17,7],[20,8,4,12,24,16,1,5,9,15,21,13,17,19,23,7,11],[20,16,24,12,4,8,5,13,21,1,9,17,19,23,7,11,15],[12,24,4,20,16,8,5,1,21,13,9,17,23,7],[8,16,12,4,20,24,1,7,21,13,9,17,19,5,23,11,15],[4,8,24,12,20,16,5,13,9,1,21,17,23,7],[8,16,20,4,24,12,1,13,21,7,9,19,5,11],[8,4,24,16,20,12,5,13,21,1,9,17,23,7],[12,20,4,24,8,16,5,1,13,9,21,17,19,7,11],[16,8,12,20,24,4,1,5,13,21,9,17,23,7],[20,24,16,4,12,8,5,1,21,15,9,13,17,19,7,23,11],[4,20,16,12,8,24,1,5,13,21,9,19,7,11],[8,20,12,4,24,16,5,1,13,9,21,17,19,7,11],[4,24,16,8,12,20,5,13,21,1,9,19,7,23,11,15],[24,8,12,17,4,16,20,1,5,13,21,9,23,7],[12,20,8,24,16,4,1,5,9,21,13,17,19,23,11,7,15],[4,12,8,24,20,16,1,13,5,9,21,17,23,19,7,11,15],[20,12,24,8,16,4,5,1,9,21,13,17,19,7,23,11,15],[4,12,16,24,20,8,1,5,13,9,21,17,19,7,23,11,15],[20,24,16,8,4,12,5,1,13,21,9,19,7,11],[24,16,12,20,8,4,5,13,1,21,9,17,23,19,7,11,15],[24,20,8,16,4,12,1,13,21,5,9,17,23,7],[12,8,20,4,16,24,5,13,21,1,9,17,23,7],[16,4,20,8,12,24,1,13,5,9,21,17,19,23,7,11,15],[16,24,20,12,4,8,1,13,9,5,21,17,19,7,11],[4,24,16,12,20,8,3,13,5,21,9,1,17,23,7],[16,4,12,20,24,8,5,1,21,13,9,17,19,7,11],[24,12,20,16,4,8,7,13,1,9,21,17,19,5,23,11,15],[20,8,24,12,16,4,5,13,21,1,9,19,7,11],[4,12,16,8,20,24,7,13,21,1,11,17,23],[12,4,20,24,8,16,3,5,13,9,21,1,17,19,23,7,11,15],[16,24,12,4,8,20,5,13,1,21,9,17,19,23,11,7,15],[4,12,20,16,24,8,1,5,9,21,13,19,7,23,11,15],[20,12,4,24,16,8,1,13,5,9,21,17,23,19,7,11,15],[20,4,16,24,8,12,5,15,1,9,21,13,17,19,23,7,11],[24,4,20,12,8,16,5,1,21,13,9,17,23,7],[16,20,24,12,8,4,7,1,21,13,9,17,23,5],[8,20,12,4,16,24,5,1,13,9,21,17,23,7],[8,16,12,4,24,20,5,13,21,1,9,17,19,7,11],[20,24,16,8,12,4,5,13,1,21,9,17,23,19,7,11,15],[24,20,16,5,12,4,8,13,9,21,1,17,19,23,7,11,15],[24,16,12,4,8,20,1,13,5,9,21,17,19,7,23,11,15],[16,24,12,20,4,8,1,13,5,9,21,17,19,7,23,11,15],[8,12,24,20,16,4,5,15,1,9,21,13,17,23,19,7,11],[12,24,20,16,4,8,1,5,9,13,21,17,19,7,11],[16,20,4,24,12,8,1,13,9,21,5,17,23,7],[20,12,4,16,24,8,5,15,1,21,11,13,17,23],[16,8,24,20,12,4,1,13,9,5,21,17,19,23,7,11,15],[8,24,12,4,16,20,1,5,21,13,9,17,19,7,11],[16,12,8,24,4,20,5,13,9,1,21,17,23,19,7,11,15],[12,24,8,4,16,20,1,5,21,13,9,17,19,23,11,7,15],[20,8,12,24,16,4,5,1,9,13,21,17,19,7,11],[20,12,4,16,8,24,1,5,15,21,9,13,17,23,19,7,11],[20,4,8,24,16,12,5,13,9,1,21,17,19,7,23,11,15],[16,20,4,12,8,24,1,5,21,13,9,17,19,23,7,11,15],[16,8,20,24,12,4,1,5,21,13,9,19,23,7,11,15],[8,12,4,20,24,16,1,13,21,5,9,17,23,19,7,11,15],[4,12,16,20,8,24,5,13,21,1,9,17,23,7],[24,20,16,12,4,8,5,1,13,21,9,17,23,7],[16,24,12,8,4,20,1,13,9,21,5,17,23,7],[24,16,12,8,20,4,3,13,5,21,9,1,17,23,19,11,7,15],[8,20,24,16,12,4,1,5,21,13,9,17,23,19,11,7,15],[8,24,20,16,4,12,1,13,21,5,11,17,19,23,7,15],[4,16,20,12,24,8,5,1,13,9,21,17,23,7],[20,24,8,12,4,16,5,13,21,3,9,1,19,7,23,11,15],[24,12,20,16,8,4,1,7,13,21,9,17,19,5,23,11,15],[24,4,12,20,16,8,5,13,21,1,9,17,19,23,7,11,15],[12,8,20,16,24,4,1,5,9,21,13,17,19,23,7,11,15],[16,12,8,20,24,4,1,13,21,5,9,17,23,7],[8,24,20,16,4,12,5,13,9,1,23,17,7],[12,24,20,16,4,8,7,1,9,13,21,17,