{"problem_id":"vjxnDrgaIgGg9Zy","sigma":150,"alpha":3.162,"cost":2,"probabilities":"[0.32, 0.33, 0.19, 0.16]","payoff_matrix":"[[-158, 65, -176, 76, -30, 56], [-112, -31, -104, -39, -70, -113], [14, 19, 37, 179, -221, 98], [30, -95, 124, 126, 33, -53]]","uncovered":[[2,6,18,9,14,22,13,5,7,15],[10,18,22,6,14,2,13,5,7,15],[6,18,14,22,10,2,5,13,7,15],[2,18,10,22,6,14,13,5,15],[10,6,22,2,18,14,5,13,7,15],[18,10,22,6,14,2,5,13,15],[22,2,13,6,9,18,14,5,7,15],[10,18,21,6,14,2,22,5,13,7,15],[2,6,18,10,22,14,13,5,7,15],[22,14,6,10,18,2,5,13,15],[2,10,14,22,18,6,13,5,15],[6,10,18,22,14,2,5,13,15],[6,14,10,22,2,18,5,13,15],[18,10,2,22,14,6,5,13,15],[10,2,5,18,14,22,6,13,7,15],[5,2,10,17,13,14,22,6,18,15],[14,2,22,18,6,10,5,13,15],[2,10,18,22,5,14,6,13,7,15],[14,10,2,22,18,6,13,5,7,15],[22,2,10,6,14,18,5,13,7,15],[6,10,14,2,22,18,13,5,15],[18,22,14,10,6,2,13,5,7,15],[22,2,18,14,5,10,6,13,15],[13,6,18,2,10,22,14,5,7,15],[14,6,10,2,22,18,5,13,15],[18,10,2,21,13,22,6,14,5,15],[22,2,14,10,6,18,5,13,15],[18,2,10,22,14,6,5,13,15],[18,14,10,6,2,22,5,13,15],[22,2,10,14,18,6,13,5,7,15],[2,6,18,10,13,21,22,14,5,7,15],[14,10,22,6,18,2,5,13,7,15],[10,22,6,2,14,18,13,5,15],[18,10,6,22,2,14,5,13,7,15],[6,18,22,2,14,10,5,13,15],[10,5,18,22,14,2,6,13,15],[9,6,21,14,2,18,22,13,5,7,15],[13,18,6,22,10,2,14,5,15],[10,18,6,14,22,2,5,13,7,15],[22,18,10,2,6,14,5,13,7,15],[6,10,18,2,14,21,22,5,13,15],[2,22,13,10,6,18,14,5,7,15],[2,14,10,6,18,22,5,13,7,15],[18,6,22,10,14,2,5,13,7,15],[22,6,10,14,18,2,13,5,7,15],[17,2,14,10,6,22,18,13,5,15],[22,18,14,10,2,6,5,13,7,15],[6,18,22,2,10,14,13,5,7,15],[2,10,22,14,6,18,13,5,7,15],[14,22,6,18,2,10,5,13,7,15],[22,6,10,2,18,14,13,5,15],[22,6,18,2,10,14,5,13,15],[2,22,6,10,14,18,5,13,15],[22,10,6,14,18,2,13,5,7,15],[10,6,2,22,18,14,5,13,7,15],[14,6,18,10,2,22,5,13,7,15],[10,22,6,2,18,14,5,13,15],[22,18,14,9,6,2,5,13,7,15],[18,14,10,2,22,6,5,13,7,15],[2,14,10,6,18,22,13,5,7,15],[18,22,10,6,14,2,5,13,15],[6,2,17,10,14,22,18,13,5,15],[22,5,2,14,10,18,6,13,15],[22,18,6,10,14,2,5,13,15],[22,6,2,14,10,18,13,5,7,15],[6,22,10,18,14,2,5,13,15],[14,2,22,6,10,18,13,5,15],[14,6,22,2,10,18,13,5,15],[22,14,6,9,18,2,5,13,7,15],[17,6,22,2,14,10,18,5,13,7,15],[10,18,6,2,14,22,5,13,15],[22,13,2,6,18,10,14,5,15],[18,22,13,6,10,2,14,5,15],[18,10,2,6,22,14,13,5,7,15],[2,13,22,18,10,6,14,5,7,15],[14,18,22,10,6,2,5,13,15],[2,10,18,22,14,6,5,13,7,15],[10,2,18,22,14,6,13,5,15],[22,18,2,5,10,14,6,13,15],[2,22,10,6,18,14,13,5,15],[13,18,5,14,22,10,1,6,7,15],[2,6,10,14,22,18,5,13,7,15],[2,18,14,22,10,6,5,13,15],[6,2,10,22,14,18,13,5,15],[22,6,2,10,14,18,13,5,7,15],[14,2,10,18,6,22,5,13,7,15],[18,14,2,6,22,10,5,13,7,15],[6,14,2,22,10,18,13,5,7,15],[10,14,2,6,18,22,5,13,15],[22,9,18,6,14,2,13,5,15],[18,2,10,6,22,14,5,13,7,15],[18,22,10,14,2,6,5,13,15],[2,10,14,18,22,5,6,13,7,15],[18,2,22,6,10,14,5,13,7,15],[18,14,6,2,10,21,22,13,5,7,15],[10,18,2,14,22,6,13,5,15],[18,14,22,5,10,2,6,13,7,15],[18,10,22,14,2,6,5,13,15],[14,22,18,6,10,2,5,13,7,15],[13,10,21,22,6,18,2,14,5,7,15],[17,14,2,10,6,21,22,18,5,13,15],[18,2,22,14,6,10,13,5,7,15],[22,18,10,6,14,2,13,5,7,15],[22,10,2,6,14,18,13,5,7,15],[6,10,18,14,2,22,13,5,15],[10,2,22,18,6,14,5,13,15],[10,22,2,6,18,14,13,5,7,15],[2,14,18,6,10,22,5,13,15],[18,2,10,14,6,22,13,5,15],[14,18,2,22,6,10,5,13,15],[10,6,21,18,13,14,2,22,5,15],[14,22,10,18,1,6,5,13,15],[6,18,14,10,22,2,5,13,7,15],[6,10,2,22,18,13,14,5,7,15],[2,22,14,6,10,18,5,13,15],[14,2,6,10,22,18,13,5,7,15],[22,10,2,6,14,18,13,5,15],[2,6,22,10,18,13,14,5,15],[10,2,22,18,14,6,13,5,15],[18,22,1,10,6,14,13,5,15],[22,14,2,10,18,6,5,13,15],[18,6,14,2,22,10,5,13,7,15],[10,6,2,14,22,18,5,13,15],[10,14,22,6,2,18,5,13,15],[10,2,18,6,14,22,13,5,7,15],[2,22,18,10,6,14,5,13,15],[6,14,2,22,10,18,5,13,15],[14,2,10,18,6,22,5,13,7,15],[14,10,6,17,22,2,18,13,5,7,15],[2,6,14,18,22,10,5,13,15],[6,22,10,18,2,14,13,5,15],[21,18,6,2,14,10,22,5,13,7,15],[6,14,18,22,2,10,5,13,15],[10,14,22,6,18,2,5,13,15],[22,5,14,10,1,18,6,13,7,15],[6,14,22,2,10,18,13,5,15],[6,18,10,2,14,22,5,13,7,15],[22,14,2,6,18,10,5,13,7,15],[2,14,18,22,9,6,13,5,7,15],[6,22,14,18,2,10,13,5,7,15],[2,22,10,14,6,18,13,5,15],[2,6,14,10,18,22,5,13,15],[6,2,10,22,18,14,5,13,15],[6,17,22,14,2,10,18,13,5,7,15],[22,2,14,10,18,6,13,5,7,15],[2,6,10,14,18,22,13,5,15],[18,6,14,22,2,10,13,5,15],[22,10,14,2,6,18,5,13,15],[18,14,2,10,6,22,13,5,15],[6,2,14,18,22,10,13,5,15],[14,6,2,22,18,10,5,13,7,15],[1,10,6,22,14,18,5,13,7,15],[6,14,2,10,22,18,13,5,7,15],[10,18,6,22,14,2,13,5,15],[6,22,10,2,14,17,18,13,5,7,15],[10,2,18,22,14,6,13,5,15],[6,14,22,10,18,1,13,5,7,15],[6,2,10,22,14,18,5,13,7,15],[10,14,22,18,2,6,5,13,7,15],[10,18,14,1,6,22,5,13,7,15],[22,14,6,10,18,2,13,5,15],[14,22,6,18,10,2,5,13,15],[14,22,2,10,18,6,13,5,7,15],[10,22,13,17,6,2,14,18,5,15],[10,2,18,21,14,6,22,5,13,15],[6,2,9,21,18,13,14,22,5,7,15],[10,22,2,6,14,18,5,13,7,15],[5,18,10,14,22,2,6,13,7,15],[14,10,2,18,22,6,5,13,15],[18,6,9,2,22,14,13,5,15],[6,2,10,22,14,18,13,5,7,15],[18,14,22,10,2,6,13,5,7,15],[18,9,2,22,14,6,13,5,7,15],[10,18,2,6,14,22,13,5,15],[22,13,10,6,17,2,18,14,5,7,15],[14,18,22,6,10,2,5,13,7,15],[18,1,6,14,10,22,13,5,7,15],[10,1,22,14,6,18,5,13,7,15],[1,22,18,10,6,14,13,5,15],[2,14,22,10,18,6,5,13,15],[2,14,18,6,22,10,13,5,7,15],[18,14,6,22,2,10,13,5,15],[2,10,14,6,22,18,5,13,15],[18,22,6,2,10,14,13,5,15],[14,22,10,6,18,2,5,13,7,15],[14,6,10,22,18,2,13,5,15],[18,2,6,10,22,14,13,5,7,15],[2,22,18,14,10,6,5,13,15],[22,18,2,10,6,14,13,5,7,15],[6,18,2,10,21,14,22,13,5,7,15],[13,2,10,22,18,6,14,5,7,15],[18,14,22,2,6,10,13,5,7,15],[10,2,6,14,18,22,13,5,7,15],[10,22,6,2,18,13,14,5,7,15],[2,18,10,6,14,22,13,5,7,15],[22,2,18,6,10,14,13,5,7,15],[2,6,10,18,22,14,13,5,7,15],[1,6,18,14,10,22,5,13,7,15],[6,22,14,2,18,10,13,5,15],[6,10,14,21,18,2,22,13,5,7,15],[14,22,18,10,6,2,13,5,7,15],[2,18,6,14,10,22,5,13,7,15],[18,22,10,14,2,5,6,13,15],[6,2,18,10,22,13,14,5,7,15],[18,14,22,6,2,10,13,5,15],[14,10,22,18,6,1,13,5,15],[10,6,18,22,14,1,5,13,7,15],[6,10,2,18,14,22,5,13,15],[2,10,6,14,22,18,5,13,15],[21,6,18,1,14,10,22,13,5,15],[18,10,22,6,1,14,5,13,7,15],[18,1,10,13,21,22,6,14,5,15],[10,2,6,18,22,14,13,5,7,15],[21,6,18,14,2,10,22,5,13,7,15],[6,18,2,10,14,22,5,13,15],[6,22,2,18,14,10,5,13,7,15],[18,14,2,6,22,10,13,5,7,15],[14,6,22,18,10,2,5,13,15],[18,14,10,1,6,22,5,13,7,15],[6,2,22,18,9,14,5,13,7,15],[14,22,6,10,18,2,13,5,15],[9,18,6,2,14,22,13,5,15],[5,13,14,17,10,2,22,6,18,15],[13,6,18,22,10,2,14,5,7,15],[14,10,6,18,2,22,13,5,15],[2,14,6,10,18,22,13,5,7,15],[10,2,6,22,18,14,13,5,15],[22,18,6,10,13,2,14,5,7,15],[6,10,13,2,18,22,14,5,7,15],[14,6,10,2,22,18,13,5,7,15],[22,5,18,14,2,9,6,13,15],[14,10,22,18,2,6,13,5,15],[6,10,22,2,18,14,5,13,15],[22,14,18,6,2,10,5,13,7,15],[14,2,6,18,10,22,13,5,7,15],[14,6,10,22,18,2,13,5,15],[18,14,10,2,22,6,5,13,7,15],[14,18,2,6,10,22,13,5,7,15],[14,10,17,22,6,2,18,5,13,15],[1,6,22,10,18,14,5,13,7,15],[10,2,6,22,14,18,5,13,15],[2,18,9,6,14,22,5,13,7,15],[22,14,10,2,18,6,5,13,7,15],[6,2,18,22,14,10,13,5,7,15],[10,18,14,2,22,6,5,13,15],[18,6,10,22,2,14,13,5,7,15],[6,14,18,22,10,2,13,5,15],[22,10,2,18,14,6,13,5,15],[14,6,10,22,18,2,5,13,7,15],[6,14,22,2,18,10,5,13,15],[17,5,22,10,14,2,6,18,13,7,15],[21,6,14,10,18,2,22,5,13,7,15],[6,18,14,22,2,10,13,5,15],[6,10,2,18,21,14,22,13,5,15],[14,18,6,10,2,22,13,5,15],[18,2,9,14,6,22,5,13,7,15],[6,10,22,14,18,2,5,13,7,15],[18,14,2,5,22,10,6,13,15],[10,6,14,22,18,2,5,13,7,15],[6,10,22,18,2,14,5,13,7,15],[18,22,2,6,14,10,5,13,15],[6,2,18,13,22,10,14,5,15],[22,2,6,10,18,14,13,5,7,15],[18,10,2,14,6,22,13,5,15],[22,14,2,6,18,10,5,13,15],[22,14,18,6,10,1,13,5,15],[18,22,14,1,10,6,13,5,15],[22,2,18,14,6,10,5,13,7,15],[13,22,6,18,10,1,14,5,15],[22,6,17,2,10,14,18,13,5,15],[22,18,2,10,6,14,5,13,7,15],[18,6,10,2,14,22,5,13,7,15],[2,6,18,22,10,14,5,13,15],[18,22,5,10,2,14,6,13,7,15],[6,14,18,22,2,10,5,13,15],[6,2,18,10,14,22,5,13,7,15],[6,18,2,14,10,22,5,13,15],[14,2,22,18,6,10,5,13,15],[18,22,6,14,10,2,13,5,15],[10,17,2,14,6,22,18,13,5,7,15],[14,6,2,22,18,10,13,5,15],[2,22,6,18,14,9,13,5,15],[14,2,6,22,10,18,13,5,7,15],[2,22,18,10,6,14,5,13,7,15],[22,10,6,14,18,2,5,13,7,15],[6,22,10,18,2,14,5,13,15],[2,14,6,22,10,18,5,13,7,15],[22,10,2,18,14,6,5,13,7,15],[14,18,10,2,6,22,5,13,15],[6,22,10,2,18,14,13,5,15],[6,2,10,14,22,18,13,5,15],[18,2,10,22,13,6,14,5,7,15],[18,6,14,22,10,2,13,5,7,15],[18,10,6,2,22,14,5,13,7,15],[18,2,22,14,10,6,13,5,7,15],[2,14,6,18,10,22,5,13,15],[22,10,18,6,14,2,13,5,7,15],[6,18,22,10,14,2,13,5,15],[14,18,22,2,6,10,5,13,15],[2,18,22,10,6,14,13,5,7,15],[18,22,2,10,6,14,5,13,7,15],[6,22,2,10,18,14,5,13,15],[14,2,22,6,18,10,13,5,15],[14,6,2,10,18,22,13,5,15],[2,14,10,22,6,18,13,5,15],[18,2,14,6,10,22,5,13,15],[14,6,1,10,22,17,18,13,5,15],[22,2,14,18,10,6,5,13,7,15],[6,17,14,2,22,10,18,13,5,15],[6,14,10,22,18,2,5,13,15],[10,6,2,17,22,14,18,5,13,7,15],[18,2,10,6,22,14,13,5,7,15],[10,2,14,18,22,6,13,5,7,15],[18,22,10,6,14,2,13,5,15],[10,18,2,6,14,22,5,13,15],[2,10,6,17,14,21,22,18,13,5,7,15],[10,14,6,2,22,18,5,13,15],[6,18,14,22,2,10,13,5,7,15],[10,2,22,6,18,14,5,13,15],[2,6,18,22,14,10,13,5,7,15],[22,10,2,6,18,14,13,5,7,15],[17,14,2,22,6,10,18,13,5,7,15],[6,2,18,10,14,22,5,13,15],[2,10,18,14,22,6,13,5,15],[22,2,10,14,6,18,5,13,15],[6,14,22,18,10,2,5,13,7,15],[10,14,22,18,2,6,5,13,15],[6,18,22,2,10,14,5,13,15],[14,10,6,22,18,2,13,5,15],[18,22,9,14,6,2,13,5,15],[5,22,13,6,2,18,10,14,7,15],[18,14,6,10,22,2,13,5,15],[18,6,14,10,22,2,5,13,15],[2,14,10,18,22,6,5,13,15],[10,14,22,6,2,18,5,13,15],[18,6,10,22,13,2,14,5,7,15],[2,6,22,10,18,14,5,13,7,15],[6,18,14,22,10,2,5,13,7,15],[22,14,2,6,10,18,13,5,15],[10,6,18,2,14,22,13,5,15],[14,18,22,2,6,9,13,5,15],[22,18,10,6,2,14,5,13,7,15],[22,2,18,14,6,10,13,5,15],[6,2,13,22,18,10,14,5,7,15],[2,10,6,14,22,17,18,5,13,7,15],[6,22,10,14,18,2,5,13,15],[6,14,18,22,2,10,5,13,7,15],[14,6,22,2,18,10,13,5,15],[14,10,6,2,22,18,5,13,15],[6,22,18,14,2,10,13,5,7,15],[6,18,10,14,22,2,13,5,15],[18,22,2,10,6,14,5,13,15],[10,2,14,18,6,22,5,13,7,15],[22,6,2,18,14,10,13,5,7,15],[22,13,10,18,6,2,14,5,7,15],[6,10,18,14,2,22,5,13,15],[22,6,2,14,18,10,13,5,7,15],[6,18,14,10,2,22,13,5,15],[22,2,10,18,6,14,13,5,7,15],[22,10,13,2,6,18,14,5,15],[22,2,6,14,10,18,5,13,7,15],[2,10,22,6,14,18,5,13,15],[6,18,22,2,14,10,13,5,7,15],[2,22,18,14,6,10,5,13,15],[18,14,10,6,22,2,13,5,7,15],[10,18,6,2,22,14,5,13,15],[18,13,22,10,2,6,14,5,15],[13,18,6,22,10,2,14,5,7,15],[2,6,22,14,18,10,5,13,7,15],[2,22,10,14,6,18,5,13,15],[14,2,6,22,18,10,5,13,7,15],[2,18,10,6,22,14,13,5,15],[10,18,22,6,1,13,14,5,7,15],[22,14,18,2,10,6,13,5,7,15],[22,10,14,6,17,2,18,5,13,7,15],[18,2,6,14,10,22,13,5,15],[17,6,2,9,14,21,18,22,13,5,15],[18,6,2,10,14,22,13,5,15],[6,18,22,10,2,14,5,13,15],[17,22,14,10,2,6,18,13,5,15],[14,22,2,10,6,18,5,13,15],[22,2,10,13,6,18,14,5,7,15],[6,2,14,22,18,10,5,13,15],[22,6,14,18,2,10,5,13,7,15],[2,6,14,18,10,22,13,5,15],[6,10,18,2,22,14,13,5,7,15],[22,6,10,18,1,14,5,13,15],[18,10,2,14,6,22,5,13,15],[2,10,6,18,14,22,13,5,7,15],[10,18,22,6,2,14,5,13,15],[6,22,14,10,18,1,13,5,7,15],[22,14,18,2,6,10,13,5,7,15],[2,14,18,22,6,10,5,13,15],[6,22,10,14,2,17,18,13,5,15],[22,6,10,2,14,18,13,5,15],[10,22,2,14,18,6,13,5,15],[10,14,6,18,2,22,13,5,15],[14,10,2,5,22,18,6,13,15],[18,6,10,14,22,2,13,5,7,15],[14,10,6,18,2,22,5,13,7,15],[2,22,17,14,10,6,18,13,5,7,15],[2,6,10,14,18,22,13,5,15],[18,22,1,10,6,14,5,13,15],[14,10,18,6,22,2,13,5,7,15],[6,14,22,2,18,10,5,13,15],[2,14,6,22,10,18,5,13,7,15],[17,14,10,6,22,2,18,13,5,7,15],[14,18,22,6,9,2,13,5,15],[6,14,22,18,2,10,13,5,15],[18,10,2,14,6,22,5,13,7,15],[14,22,1,6,18,10,13,5,15],[10,2,6,18,14,22,13,5,15],[14,6,2,22,10,18,5,13,7,15],[14,6,2,22,10,18,5,13,15],[22,14,10,6,18,2,13,5,7,15],[18,10,22,2,14,6,13,5,15],[1,14,22,10,18,6,13,5,7,15],[14,10,22,18,1,6,13,5,7,15],[21,10,6,2,18,13,14,22,5,7,15],[22,10,2,14,6,18,13,5,15],[9,22,18,1,14,6,13,5,7,15],[6,14,22,18,2,10,5,13,7,15],[6,2,18,10,22,14,5,13,7,15],[10,2,6,14,22,18,13,5,7,15],[22,10,17,2,6,14,18,13,5,7,15],[22,2,10,6,14,18,5,13,7,15],[6,18,14,10,22,2,5,13,15],[2,22,14,18,10,6,13,5,15],[14,2,18,10,6,22,13,5,15],[2,18,14,10,6,22,13,5,15],[10,6,2,17,22,14,18,5,13,15],[6,18,10,22,14,2,13,5,15],[14,21,18,6,2,10,22,5,13,15],[6,10,22,2,14,18,5,13,7,15],[22,10,2,14,18,6,13,5,7,15],[18,10,21,2,14,6,22,13,5,15],[6,18,22,2,10,14,5,13,15],[18,6,2,14,22,10,5,13,15],[18,6,10,14,22,2,13,5,7,15],[2,14,6,18,22,10,13,5,15],[6,14,10,18,2,22,5,13,15],[10,22,6,18,14,2,5,13,15],[14,22,2,10,18,6,5,13,7,15],[10,18,22,2,6,14,5,13,15],[14,2,22,10,18,6,5,13,15],[10,22,14,18,1,6,5,13,15],[18,14,22,2,6,10,5,13,7,15],[22,6,14,2,10,18,5,13,15],[6,14,2,10,18,22,13,5,7,15],[22,2,18,10,6,14,5,13,7,15],[10,18,6,2,22,14,5,13,15],[18,10,2,6,22,14,13,5,7,15],[22,14,6,18,10,2,13,5,7,15],[17,6,2,14,21,10,18,22,13,5,7,15],[6,22,2,10,18,14,5,13,15],[6,14,2,10,22,17,18,5,13,15],[14,5,2,18,22,10,6,13,15],[18,14,10,1,6,22,13,5,7,15],[14,22,18,2,6,10,13,5,15],[18,14,2,22,6,10,5,13,15],[2,18,6,10,22,14,13,5,7,15],[10,14,6,18,2,22,13,5,7,15],[22,14,2,6,18,10,13,5,15],[6,2,22,14,18,10,13,5,7,15],[2,6,22,10,18,14,13,5,7,15],[6,22,2,18,10,14,13,5,15],[14,10,18,6,2,22,5,13,15],[2,13,18,10,22,6,14,5,15],[2,10,14,18,6,21,22,5,13,15],[14,6,10,18,2,22,13,5,15],[18,6,22,2,14,10,5,13,15],[10,14,2,18,22,6,13,5,15],[22,2,10,18,14,6,13,5,7,15],[2,14,22,6,9,18,13,5,15],[18,2,14,6,10,22,13,5,15],[14,9,22,18,6,2,5,13,7,15],[2,14,18,22,10,6,13,5,15],[10,2,14,18,22,6,13,5,15],[13,18,2,6,10,22,14,5,7,15],[2,6,22,18,14,10,5,13,15],[2,10,6,14,18,22,13,5,7,15],[21,6,10,18,14,2,22,5,13,15],[14,22,10,6,2,18,5,13,15],[22,6,10,2,14,18,13,5,15],[6,22,18,14,10,2,5,13,7,15],[14,2,18,10,22,6,5,13,7,15],[2,18,10,6,14,22,13,5,15],[6,18,2,22,14,10,13,5,7,15],[2,14,22,5,10,18,6,13,15],[1,14,10,6,18,22,13,5,15],[14,22,10,17,2,6,18,13,5,15],[14,2,10,6,18,22,13,5,15],[22,10,6,2,18,14,13,5,15],[2,22,14,10,6,18,5,13,15],[10,18,2,14,22,6,13,5,15],[18,2,10,22,6,14,5,13,7,15],[10,22,18,2,14,6,5,13,7,15],[2,6,10,22,14,18,13,5,7,15],[2,22,10,6,17,14,18,13,5,15],[1,18,14,6,10,22,5,13,15],[14,6,18,22,2,10,5,13,7,15],[22,18,2,6,14,10,13,5,7,15],[21,6,14,2,18,10,22,13,5,15],[2,10,14,18,22,6,5,13,7,15],[2,10,22,13,6,18,14,5,15],[21,2,13,22,6,10,18,14,5,15],[14,18,6,10,2,22,13,5,7,15],[2,18,14,10,22,6,13,5,15],[10,14,6,22,2,18,13,5,7,15],[18,6,10,14,2,22,5,13,7,15],[10,18,22,6,2,14,13,5,7,15],[22,14,18,6,2,10,13,5,15],[17,6,22,14,10,2,18,5,13,7,15],[10,22,13,17,6,2,14,18,5,7,15],[21,9,18,14,6,2,22,5,13,15],[6,2,14,10,18,22,5,13,15],[2,18,10,14,22,6,5,13,15],[10,6,14,18,22,2,5,13,15],[10,1,18,14,22,6,13,5,7,15],[13,10,22,2,6,18,14,5,15],[6,2,22,18,14,10,13,5,15],[14,6,1,10,18,22,5,13,7,15],[22,10,6,18,2,14,13,5,7,15],[2,17,22,14,10,6,18,13,5,15],[14,6,22,10,2,18,13,5,7,15],[18,22,2,10,14,6,13,5,15],[13,2,10,18,6,22,14,5,7,15],[18,6,10,22,14,2,5,13,7,15],[10,14,6,18,22,2,13,5,15],[14,22,18,10,2,6,13,5,15],[10,22,2,14,6,18,5,13,7,15],[18,22,6,10,2,14,5,13,15],[14,6,2,22,18,10,13,5,15],[14,22,17,2,10,6,18,5,13,15],[22,10,2,14,6,18,13,5,7,15],[14,22,2,6,10,18,5,13,15],[6,22,14,1,10,18,5,13,15],[6,18,22,10,2,14,13,5,15],[2,10,6,22,18,14,13,5,15],[10,22,6,2,14,18,13,5,7,15],[10,22,2,18,6,14,5,13,7,15],[10,2,14,6,22,18,13,5,15],[14,10,2,18,22,6,5,13,15],[18,2,6,10,22,14,13,5,7,15],[2,18,13,6,10,22,14,5,7,15],[6,1,14,18,22,10,13,5,15],[2,10,22,14,6,18,13,5,15],[14,18,6,2,22,10,13,5,15],[22,10,14,6,2,18,13,5,7,15],[2,18,10,22,6,14,13,5,15],[18,10,22,2,14,6,5,13,15],[6,10,14,18,22,2,5,13,15],[22,10,2,14,18,6,13,5,7,15],[18,2,6,10,22,14,13,5,7,15],[6,10,1,18,22,14,13,5,7,15],[14,18,2,6,22,10,5,13,7,15],[2,14,9,6,22,18,5,13,7,15],[22,18,10,14,2,6,13,5,7,15],[22,2,6,14,18,10,5,13,7,15],[5,10,22,2,14,18,6,13,15],[14,10,22,2,6,18,5,13,7,15],[14,18,10,22,6,2,5,13,15],[14,6,18,22,2,10,5,13,15],[22,18,14,6,10,2,13,5,15],[6,17,22,14,2,10,18,13,5,15],[22,18,6,14,2,10,5,13,7,15],[9,6,2,22,14,17,18,5,13,15],[10,14,22,18,6,1,5,13,15],[18,10,6,22,14,2,13,5,15],[10,2,6,22,14,18,5,13,15],[10,18,5,14,21,22,2,6,13,7,15],[18,6,10,14,22,2,13,5,7,15],[14,10,22,6,18,2,5,13,15],[6,14,10,2,18,22,13,5,7,15],[6,18,9,14,2,21,22,5,13,7,15],[18,10,13,1,6,22,14,5,15],[14,22,2,18,6,10,5,13,15],[6,14,22,18,2,10,5,13,15],[18,6,14,22,10,2,13,5,15],[22,18,10,14,1,6,13,5,15],[22,18,6,2,10,14,13,5,7,15],[1,10,6,14,18,22,5,13,7,15],[2,6,22,14,18,10,13,5,15],[22,2,10,14,18,6,5,13,15],[6,22,18,2,10,14,13,5,15],[18,14,10,2,6,22,5,13,15],[2,14,6,22,18,10,13,5,7,15],[18,14,22,2,6,10,13,5,15],[6,18,22,10,14,2,13,5,7,15],[14,18,6,2,10,22,5,13,7,15],[6,2,18,10,22,14,5,13,7,15],[22,18,14,2,10,6,5,13,15],[10,22,6,18,2,14,5,13,7,15],[14,18,22,2,5,10,6,13,7,15],[22,2,6,14,18,10,5,13,7,15],[14,2,18,6,22,10,5,13,15],[22,9,2,6,18,14,5,13,7,15],[10,18,22,6,2,14,5,13,7,15],[10,2,22,18,6,14,13,5,7,15],[6,14,22,17,10,2,18,5,13,7,15],[6,22,10,14,2,18,13,5,7,15],[2,22,10,6,18,14,13,5,7,15],[2,18,14,22,6,10,13,5,15],[17,6,13,2,22,10,18,14,5,7,15],[18,14,6,22,10,2,5,13,7,15],[2,6,22,10,14,18,5,13,7,15],[2,6,13,10,22,18,14,5,15],[10,18,14,6,22,2,13,5,15],[6,2,18,22,14,10,13,5,7,15],[14,2,22,18,6,10,13,5,7,15],[14,22,6,2,17,10,18,5,13,15],[22,10,1,14,6,18,13,5,7,15],[10,14,2,18,6,22,5,13,7,15],[22,14,18,10,5,2,6,13,15],[18,22,14,10,2,6,13,5,7,15],[2,18,22,14,6,10,5,13,15],[18,14,10,6,22,1,5,13,7,15],[14,6,2,22,10,17,18,13,5,7,15],[18,10,2,22,6,14,5,13,15],[6,22,18,10,14,2,13,5,15],[10,2,6,14,22,18,5,13,15],[10,6,2,18,14,21,22,13,5,15],[6,18,2,14,10,22,5,13,15],[18,14,6,2,22,10,5,13,7,15],[2,22,18,14,6,10,5,13,15],[22,2,10,18,14,6,13,5,15],[18,22,6,10,14,2,5,13,7,15],[10,6,22,14,18,2,5,13,15],[2,6,10,22,14,18,13,5,15],[14,2,10,6,18,22,5,13,7,15],[6,10,14,18,22,2,5,13,7,15],[22,18,6,14,10,1,13,5,7,15],[14,1,18,6,10,22,13,5,15],[18,2,14,10,22,6,13,5,15],[2,14,10,18,5,22,6,13,7,15],[10,2,18,22,14,6,5,13,15],[14,2,18,22,10,6,5,13,7,15],[22,10,6,2,14,18,13,5,7,15],[14,6,22,18,2,9,13,5,15],[22,18,2,10,6,14,5,13,15],[10,2,6,22,14,17,18,13,5,15],[6,10,14,2,18,22,5,13,7,15],[1,14,18,6,10,22,13,5,15],[22,2,6,18,14,10,5,13,15],[22,9,6,18,2,14,13,5,7,15],[18,22,6,14,2,10,13,5,7,15],[22,2,10,14,6,18,5,13,7,15],[14,2,10,6,18,22,13,5,15],[6,18,2,14,22,10,5,13,15],[6,22,2,14,10,18,13,5,7,15],[18,22,6,2,10,14,13,5,7,15],[22,5,18,2,14,10,6,13,15],[14,2,10,22,6,17,18,5,13,7,15],[6,18,2,10,14,22,13,5,7,15],[22,10,18,2,6,14,13,5,7,15],[2,22,10,6,18,14,13,5,7,15],[10,18,22,2,6,14,5,13,7,15],[14,2,6,18,22,10,13,5,15],[6,14,2,18,22,10,13,5,15],[6,18,2,22,14,10,13,5,15],[10,14,6,2,18,22,5,13,15],[14,22,6,18,2,10,5,13,15],[14,6,18,9,22,2,13,5,7,15],[6,2,22,10,14,18,13,5,15],[2,10,18,6,22,14,13,5,15],[18,14,22,2,10,6,5,13,7,15],[18,14,10,22,2,6,5,13,7,15],[6,14,18,2,22,10,13,5,7,15],[10,22,18,2,14,6,13,5,15],[14,6,10,18,2,22,5,13,15],[14,10,22,6,2,18,13,5,7,15],[22,10,18,13,6,2,14,5,15],[22,10,18,2,6,14,13,5,15],[18,10,2,22,6,14,5,13,7,15],[18,10,2,14,22,6,13,5,7,15],[6,10,22,18,2,13,14,5,15],[10,2,22,18,14,6,13,5,15],[10,22,18,6,14,2,5,13,7,15],[14,6,22,18,2,10,13,5,7,15],[2,18,14,6,10,22,5,13,15],[14,2,22,10,6,18,13,5,7,15],[22,18,13,2,10,6,14,5,15],[2,6,18,14,10,22,13,5,7,15],[6,22,18,2,10,14,5,13,15],[18,6,14,2,10,22,13,5,7,15],[2,10,22,5,18,14,6,13,7,15],[2,13,18,6,21,14,10,22,5,7,15],[14,22,6,18,1,10,5,13,7,15],[14,10,18,6,22,1,13,5,7,15],[13,6,10,22,1,18,14,5,15],[22,2,18,6,14,10,13,5,7,15],[2,6,14,18,22,10,5,13,7,15],[22,14,18,10,6,2,5,13,15],[22,14,2,9,18,6,5,13,15],[18,10,6,13,22,2,14,5,15],[6,14,2,18,10,22,13,5,15],[18,6,22,14,10,2,5,13,15],[22,18,14,2,6,10,13,5,15],[22,10,2,14,18,5,6,13,15],[6,14,18,2,10,22,5,13,15],[14,6,2,18,22,10,5,13,7,15],[6,10,14,18,2,22,13,5,15],[6,18,10,14,22,2,5,13,7,15],[6,2,14,22,10,18,13,5,7,15],[14,22,18,2,10,6,5,13,7,15],[2,22,10,14,6,18,5,13,7,15],[2,10,6,22,14,18,13,5,7,15],[22,10,6,18,2,14,13,5,7,15],[14,2,18,10,22,6,13,5,7,15],[14,18,10,22,2,6,13,5,15],[5,18,21,6,10,2,14,22,13,7,15],[10,2,22,6,14,18,13,5,7,15],[18,14,2,10,22,6,13,5,15],[18,2,14,6,10,22,5,13,7,15],[22,10,6,2,18,14,13,5,15],[22,14,2,6,10,18,13,5,15],[18,14,22,2,6,10,13,5,7,15],[18,14,22,6,2,10,13,5,7,15],[18,22,5,14,2,10,6,13,15],[14,6,10,18,22,2,13,5,7,15],[2,6,18,14,22,10,5,13,15],[6,14,22,10,18,2,13,5,15],[10,22,2,14,18,6,5,13,15],[2,6,18,10,14,22,5,13,7,15],[22,18,2,13,6,9,14,5,15],[13,6,2,22,18,10,14,5,15],[6,10,14,2,18,22,5,13,15],[2,18,5,10,14,22,6,13,7,15],[2,14,18,6,22,10,5,13,15],[2,6,18,22,10,14,5,13,15],[6,14,2,10,18,22,13,5,15],[18,14,2,10,22,6,13,5,7,15],[22,6,9,18,1,14,5,13,15],[14,22,10,6,18,2,13,5,7,15],[6,1,14,10,18,22,5,13,7,15],[18,9,14,2,22,6,13,5,7,15],[6,13,2,18,22,10,14,5,15],[2,14,10,6,18,22,13,5,15],[14,10,6,18,1,22,13,5,7,15],[14,17,2,5,22,10,6,18,13,7,15],[18,2,14,6,10,21,22,13,5,15],[18,10,14,6,22,1,13,5,7,15],[10,18,22,14,6,2,13,5,7,15],[22,14,2,9,18,6,5,13,15],[10,6,2,22,18,14,5,13,7,15],[2,22,14,10,6,18,5,13,15],[10,22,14,2,18,6,5,13,15],[14,10,2,22,6,18,13,5,15],[6,22,18,14,2,10,13,5,15],[22,6,18,14,10,2,13,5,15],[6,10,2,14,18,22,5,13,15],[22,14,2,6,18,10,5,13,7,15],[22,9,14,5,18,2,6,13,15],[2,6,18,22,10,14,13,5,15],[10,22,18,6,2,14,13,5,7,15],[2,22,10,6,18,14,5,13,7,15],[18,10,6,14,2,22,13,5,15],[14,18,22,10,2,6,5,13,15],[14,18,22,10,6,2,5,13,15],[14,2,10,6,18,22,13,5,15],[2,6,14,22,18,10,5,13,7,15],[6,22,10,14,2,18,13,5,15],[18,6,14,10,22,2,5,13,7,15],[14,22,18,6,2,10,5,13,15],[10,6,18,2,14,22,13,5,15],[10,18,22,14,2,6,5,13,7,15],[14,6,10,2,22,18,13,5,7,15],[6,18,10,14,2,22,5,13,7,15],[6,14,18,22,10,2,5,13,15],[10,18,22,2,6,14,13,5,15],[18,21,14,6,10,2,22,5,13,15],[22,10,6,2,14,18,5,13,7,15],[18,22,6,10,2,14,13,5,15],[18,22,6,14,10,2,13,5,15],[22,18,6,10,2,14,5,13,15],[10,18,2,6,14,21,22,5,13,7,15],[22,14,2,10,6,18,5,13,7,15],[22,2,14,18,10,6,13,5,15],[2,6,10,13,18,22,14,5,7,15],[10,5,18,1,14,22,6,13,7,15],[21,2,18,10,6,14,22,13,5,15],[22,2,6,14,18,10,13,5,7,15],[14,18,22,6,10,2,13,5,7,15],[10,22,2,18,14,6,13,5,15],[10,1,18,22,14,6,5,13,15],[14,10,22,6,2,18,5,13,7,15],[22,6,2,18,10,14,13,5,15],[14,6,21,10,18,2,22,13,5,15],[10,6,22,18,2,14,5,13,7,15],[6,22,18,2,10,14,13,5,7,15],[6,18,14,2,10,22,5,13,15],[18,1,10,6,13,22,14,5,7,15],[14,22,2,10,6,18,5,13,7,15],[14,22,6,9,17,2,18,5,13,15],[9,22,14,6,2,18,13,5,7,15],[22,6,2,18,14,10,13,5,7,15],[10,22,1,18,14,6,13,5,15],[14,18,10,2,21,6,22,5,13,15],[22,17,2,6,10,14,18,13,5,7,15],[18,14,22,2,10,6,13,5,7,15],[9,22,6,18,13,2,14,5,7,15],[22,6,14,10,18,2,5,13,7,15],[18,10,2,14,22,6,13,5,7,15],[6,2,14,22,18,10,5,13,7,15],[10,22,14,6,2,18,13,5,7,15],[2,14,6,10,18,22,5,13,7,15],[2,6,10,22,18,14,13,5,15],[14,10,17,6,2,22,18,5,13,15],[22,10,2,18,14,6,13,5,15],[22,10,2,17,14,6,18,5,13,7,15],[14,10,2,22,17,6,18,5,13,15],[2,14,22,18,6,10,13,5,7,15],[2,10,18,6,14,22,5,13,7,15],[10,1,18,22,14,6,5,13,15],[22,17,2,10,14,6,18,13,5,7,15],[14,2,22,10,18,6,13,5,7,15],[22,18,14,5,2,9,6,13,15],[14,2,18,6,22,10,13,5,7,15],[22,10,6,18,14,2,5,13,7,15],[14,10,18,6,21,2,22,13,5,7,15],[10,2,22,18,6,14,5,13,15],[2,18,10,6,22,14,13,5,15],[14,18,2,10,6,22,5,13,7,15],[18,6,22,10,14,2,13,5,15],[2,22,14,10,18,6,13,5,15],[10,18,6,14,22,2,5,13,15],[6,2,22,18,14,10,5,13,15],[14,10,18,21,6,2,22,5,13,7,15],[14,2,22,18,6,10,5,13,15],[10,6,18,2,14,22,13,5,15],[21,6,18,10,2,14,22,13,5,7,15],[10,6,22,18,14,1,5,13,15],[14,6,18,22,10,2,5,13,7,15],[10,18,14,22,2,6,5,13,15],[14,18,22,10,2,6,13,5,15],[10,6,14,18,2,22,5,13,15],[22,14,18,6,2,10,13,5,15],[13,22,1,18,10,6,14,5,7,15],[10,6,14,2,22,18,5,13,7,15],[14,22,2,18,5,10,6,13,7,15],[14,10,18,21,6,2,22,5,13,7,15],[14,18,10,6,2,22,5,13,7,15],[2,6,10,14,18,22,13,5,15],[2,14,18,6,22,10,5,13,7,15],[14,18,2,22,6,9,13,5,15],[1,6,18,10,22,14,5,13,15],[14,2,6,10,22,18,13,5,15],[6,14,22,2,18,10,13,5,15],[6,2,22,10,14,18,5,13,7,15],[18,2,22,10,6,14,13,5,7,15],[22,10,6,18,2,14,5,13,15],[2,10,14,22,6,18,13,5,7,15],[10,2,22,6,14,18,13,5,15],[22,2,6,14,18,10,5,13,15],[2,14,18,22,6,10,5,13,7,15],[10,18,22,2,14,6,5,13,15],[2,17,22,10,14,6,18,5,13,7,15],[22,14,18,10,2,6,5,13,15],[6,10,2,17,13,22,18,14,5,15],[14,2,6,10,18,22,5,13,15],[10,2,18,22,14,6,5,13,15],[5,10,2,14,18,22,6,13,7,15],[2,22,6,14,18,10,5,13,7,15],[6,22,10,2,14,18,5,13,15],[18,6,10,14,2,22,5,13,7,15],[14,22,18,6,10,2,13,5,15],[10,18,14,6,22,2,5,13,7,15],[5,22,14,10,2,18,6,13,15],[14,22,2,6,18,9,13,5,7,15],[2,22,18,14,10,6,5,13,7,15],[22,10,14,2,18,6,5,13,7,15],[6,2,10,22,14,18,5,13,15],[10,18,2,14,6,22,13,5,7,15],[6,10,14,2,18,21,22,5,13,15],[17,10,6,22,2,14,18,13,5,15],[2,6,10,21,18,14,22,5,13,7,15],[14,6,22,18,10,2,5,13,15],[22,10,2,18,6,14,13,5,7,15],[2,14,22,18,10,6,5,13,15],[10,14,6,22,18,2,5,13,7,15],[14,6,10,2,18,22,5,13,7,15],[10,14,5,18,2,22,6,13,15],[2,10,18,6,21,14,22,5,13,7,15],[2,6,10,22,14,18,13,5,7,15],[14,22,10,6,18,2,13,5,7,15],[2,14,10,18,22,6,13,5,7,15],[18,2,22,6,14,10,5,13,15],[10,2,22,18,6,14,5,13,15],[22,6,14,2,18,10,13,5,7,15],[10,22,2,18,6,14,5,13,7,15],[14,2,6,22,10,18,5,13,7,15],[2,6,22,10,14,18,5,13,7,15],[18,6,10,2,22,14,13,5,7,15],[2,6,18,14,22,10,5,13,15],[14,22,18,6,2,9,5,13,7,15],[22,18,14,2,6,10,5,13,15],[10,1,14,22,18,6,5,13,7,15],[22,18,2,9,6,14,5,13,7,15],[2,18,6,14,10,22,5,13,15],[2,6,14,10,18,22,13,5,15],[10,2,14,22,18,6,5,13,7,15],[22,10,6,14,18,2,5,13,7,15],[14,6,22,18,2,10,13,5,15],[10,2,22,6,14,17,18,5,13,7,15],[6,22,10,2,14,18,13,5,15],[22,14,2,5,18,10,6,13,7,15],[22,10,6,2,18,14,5,13,7,15],[18,6,14,10,2,22,13,5,15],[22,10,14,6,18,2,13,5,7,15],[6,2,14,9,18,22,13,5,15],[18,13,10,22,2,6,14,5,7,15],[6,22,10,14,18,2,5,13,15],[14,22,2,18,10,5,6,13,15],[22,13,10,6,2,18,14,5,15],[10,6,22,18,2,14,5,13,7,15],[6,10,18,22,2,14,5,13,7,15],[10,6,18,1,22,14,13,5,15],[13,6,10,18,2,22,14,5,15],[18,22,2,14,6,10,5,13,15],[14,18,2,10,22,6,5,13,7,15],[2,14,18,6,22,10,5,13,7,15],[6,14,10,2,18,22,5,13,15],[6,2,18,10,14,22,5,13,15],[5,18,14,22,10,2,6,13,7,15],[2,18,10,14,6,22,13,5,15],[6,18,14,2,22,10,13,5,15],[14,18,22,6,2,9,13,5,7,15],[2,10,14,22,18,6,5,13,7,15],[10,18,14,2,6,22,13,5,15],[10,6,14,22,18,1,5,13,15],[18,10,21,6,14,2,22,13,5,7,15],[14,18,6,10,22,2,13,5,7,15],[2,6,18,14,10,22,5,13,7,15],[2,14,22,18,9,6,13,5,15],[6,22,18,1,14,10,13,5,7,15],[10,2,22,14,18,6,5,13,7,15],[10,2,6,18,22,14,13,5,7,15],[14,10,22,1,6,18,5,13,15],[22,6,14,2,10,18,5,13,15],[6,14,18,22,2,10,5,13,7,15],[2,6,18,22,10,14,13,5,15],[22,2,6,10,14,18,5,13,15],[17,6,14,22,2,10,18,5,13,15],[22,6,14,2,10,18,5,13,7,15],[10,18,2,6,22,14,13,5,15],[18,2,6,10,14,22,5,13,15],[18,22,10,14,5,2,6,13,15],[14,6,2,18,22,10,13,5,15],[13,22,6,2,10,18,14,5,7,15],[2,14,18,22,10,6,13,5,7,15],[10,18,22,14,6,2,5,13,7,15],[22,6,18,14,2,10,5,13,7,15],[22,6,10,18,2,14,13,5,15],[2,10,18,14,5,22,6,13,7,15],[6,10,18,14,2,22,5,13,7,15],[14,6,2,10,18,22,13,5,15],[6,10,22,1,14,18,13,5,7,15],[10,22,6,2,14,18,5,13,7,15],[18,14,6,2,22,10,5,13,15],[18,22,2,10,6,14,5,13,15],[22,14,18,6,2,9,13,5,7,15],[22,10,6,18,14,2,13,5,7,15],[2,6,10,22,18,14,5,13,7,15],[18,2,13,10,5,14,22,6,7,15],[22,14,6,18,10,2,13,5,15],[6,2,14,22,18,10,5,13,15],[14,2,17,6,22,10,18,13,5,15],[22,14,9,6,18,2,13,5,15],[14,2,10,5,18,22,6,13,7,15],[10,2,18,21,14,6,22,13,5,7,15],[22,6,10,18,14,2,5,13,15],[18,10,14,22,2,6,13,5,15],[10,6,22,14,2,18,5,13,7,15],[10,18,22,6,14,2,5,13,7,15],[2,18,10,22,14,6,13,5,15],[6,22,14,10,18,2,5,13,7,15],[22,10,14,18,6,2,5,13,7,15],[6,2,18,22,14,10,5,13,7,15],[22,6,14,10,18,2,5,13,15],[6,9,14,2,18,21,22,5,13,15],[18,2,14,22,10,6,13,5,7,15],[9,22,2,14,18,6,5,13,15],[18,22,2,10,14,6,13,5,15],[2,10,18,6,14,22,5,13,7,15],[10,2,14,22,18,6,13,5,7,15],[22,10,18,6,2,14,5,13,15],[14,6,18,10,21,2,22,13,5,7,15],[2,22,14,18,6,10,13,5,15],[6,18,2,22,10,14,13,5,7,15],[14,22,18,10,6,2,13,5,15],[6,22,10,2,13,18,14,5,7,15],[18,10,22,14,2,6,5,13,7,15],[10,22,14,18,2,6,5,13,7,15],[6,18,2,10,14,22,5,13,7,15],[10,22,2,6,14,17,18,5,13,7,15],[10,14,6,2,18,22,5,13,7,15],[6,10,2,22,18,14,5,13,15],[10,18,2,14,22,5,6,13,15],[18,10,22,14,6,2,5,13,15],[2,9,22,6,18,13,14,5,15]],"n_human":4}