{"problem_id":"7AfAH9c0lNBVLIV","sigma":150,"alpha":0.100,"cost":0,"probabilities":"[0.62, 0.01, 0.04, 0.33]","payoff_matrix":"[[-166, -189, 169, 98, 127, -225], [-77, 124, 88, -195, -81, 149], [144, 95, -209, 194, 38, -125], [137, -122, -41, 113, 49, -41]]","uncovered":[[13,9,17,20,12,1,5,21,16,19,15],[9,21,1,13,17,12,20,5,16,15],[9,5,1,17,12,20,13,21,16,15],[9,13,21,5,1,17,20,12,16,19,15],[1,5,21,17,9,20,12,13,16,15],[1,5,17,9,20,12,21,13,16,19,15],[21,5,9,1,13,17,12,20,16,15],[1,17,21,13,9,20,12,5,16,15],[5,17,1,9,12,20,13,21,16,19,15],[9,5,1,13,17,20,12,21,16,19,15],[17,1,9,12,20,5,13,21,16,15],[5,9,17,12,20,13,21,1,16,19,15],[13,21,9,5,1,17,20,12,16,15],[13,1,5,21,17,9,20,12,16,15],[5,1,21,9,17,12,20,13,16,19,15],[21,1,13,5,9,17,12,20,16,19,15],[13,21,17,1,5,9,12,20,16,19,15],[21,1,17,9,20,12,13,5,16,15],[1,9,5,17,12,20,13,21,16,15],[9,1,17,12,20,13,5,21,16,15],[13,5,1,17,9,20,12,21,16,19,15],[9,5,17,20,12,13,21,1,16,15],[17,1,9,12,20,13,21,5,16,15],[17,5,9,12,20,1,13,21,16,19,15],[21,5,9,17,20,12,13,1,16,15],[9,21,5,13,17,20,12,1,16,15],[1,5,13,9,21,17,12,20,16,15],[21,5,1,17,13,9,20,12,16,19,15],[17,1,5,9,12,20,13,21,16,19,15],[17,5,21,13,9,12,20,1,16,19,15],[21,9,17,20,12,13,5,1,16,15],[9,17,20,12,21,5,13,1,16,19,15],[13,1,9,5,21,17,20,12,16,15],[21,13,17,1,9,20,12,5,16,19,15],[13,1,9,5,17,12,20,21,16,19,15],[13,5,21,1,9,17,20,12,16,15],[17,5,1,9,12,20,21,13,16,19,15],[1,9,13,21,17,20,12,5,16,19,15],[13,1,9,17,12,20,21,5,16,15],[9,5,21,1,17,20,12,13,16,15],[21,9,5,1,17,12,20,13,16,19,15],[17,5,13,1,21,9,20,12,16,19,15],[9,21,17,12,20,13,5,1,16,19,15],[17,5,21,9,12,20,1,13,16,19,15],[17,13,21,1,5,9,20,12,16,19,15],[13,17,9,20,12,1,21,5,16,19,15],[21,17,5,9,20,12,13,1,16,19,15],[5,9,21,17,12,20,13,1,16,15],[21,5,9,1,17,20,12,13,16,15],[21,9,17,20,12,13,5,1,16,15],[13,9,1,17,20,12,21,5,16,15],[1,5,13,9,21,17,12,20,16,15],[5,1,9,13,21,17,12,20,16,19,15],[9,21,1,17,12,20,5,13,16,15],[9,21,1,17,20,12,13,5,16,15],[5,1,17,9,12,20,13,21,16,15],[17,9,12,20,21,1,5,13,16,19,15],[1,17,13,5,9,20,12,21,16,19,15],[21,13,1,5,9,17,12,20,16,19,15],[17,9,12,20,5,21,13,1,16,19,15],[5,9,13,17,12,20,21,1,16,19,15],[1,21,17,9,20,12,13,5,16,19,15],[9,5,17,12,20,1,21,13,16,15],[17,1,5,21,9,12,20,13,16,19,15],[9,5,13,1,17,20,12,21,16,15],[1,5,13,17,21,9,12,20,16,15],[21,17,9,12,20,5,13,1,16,19,15],[21,17,13,9,20,12,1,5,16,19,15],[13,17,9,12,20,1,5,21,16,15],[21,1,17,5,9,12,20,13,16,15],[5,1,17,13,9,12,20,21,16,19,15],[1,17,13,21,5,9,20,12,16,19,15],[1,9,17,12,20,21,13,5,16,15],[9,21,13,5,17,20,12,1,16,15],[9,21,13,1,17,20,12,5,16,15],[21,13,1,5,17,9,20,12,16,15],[1,17,13,5,21,9,12,20,16,15],[17,5,21,13,1,9,20,12,16,15],[17,21,1,9,12,20,5,13,16,19,15],[5,1,21,13,9,17,20,12,16,19,15],[9,5,13,21,1,17,20,12,16,15],[17,13,21,5,1,9,20,12,16,15],[5,1,13,9,17,20,12,21,16,15],[9,5,13,1,21,17,20,12,16,19,15],[1,17,21,5,13,9,20,12,16,15],[17,13,1,21,5,9,12,20,16,15],[17,9,12,20,5,1,13,21,16,19,15],[21,9,5,13,17,12,20,1,16,15],[9,13,1,21,17,20,12,5,16,15],[17,21,9,20,12,5,1,13,16,15],[9,21,13,5,17,12,20,1,16,19,15],[9,1,5,21,17,12,20,13,16,15],[17,1,9,20,12,13,21,5,16,15],[9,21,1,5,17,12,20,13,16,15],[17,1,21,13,5,9,12,20,16,19,15],[5,9,1,17,12,20,13,21,16,19,15],[9,17,12,20,21,13,5,1,16,19,15],[9,1,17,20,12,21,13,5,16,19,15],[1,17,13,21,9,20,12,5,16,19,15],[1,21,5,13,17,9,12,20,16,15],[9,1,5,17,12,20,13,21,16,19,15],[5,21,1,17,13,9,12,20,16,15],[1,5,17,21,13,9,12,20,16,15],[21,5,13,9,17,12,20,1,16,19,15],[9,21,1,17,12,20,5,13,16,15],[13,17,1,21,9,20,12,5,16,19,15],[21,9,5,13,17,20,12,1,16,15],[13,17,1,21,9,12,20,5,16,19,15],[1,13,21,5,17,9,20,12,16,19,15],[5,13,17,1,9,12,20,21,16,19,15],[1,17,9,12,20,21,5,13,16,19,15],[9,21,13,5,1,17,20,12,16,19,15],[9,5,21,13,17,20,12,1,16,15],[21,9,17,12,20,1,5,13,16,15],[13,9,21,5,1,17,12,20,16,19,15],[17,1,5,21,13,9,12,20,16,19,15],[21,13,1,5,17,9,20,12,16,19,15],[9,13,5,21,1,17,20,12,16,15],[13,5,21,17,9,20,12,1,16,19,15],[9,5,13,21,17,12,20,1,16,19,15],[9,13,5,17,12,20,1,21,16,19,15],[13,1,9,21,17,12,20,5,16,19,15],[9,17,12,20,21,5,13,1,16,19,15],[5,21,13,1,9,17,20,12,16,15],[13,21,17,9,12,20,5,1,16,15],[9,1,17,12,20,13,21,5,16,19,15],[17,5,9,12,20,13,21,1,16,19,15],[21,9,17,12,20,13,5,1,16,15],[1,17,21,13,5,9,12,20,16,15],[17,13,9,12,20,1,21,5,16,19,15],[21,9,5,13,1,17,12,20,16,15],[17,9,20,12,5,13,1,21,16,19,15],[9,5,17,20,12,21,13,1,16,15],[9,21,5,17,20,12,13,1,16,19,15],[9,17,12,20,1,21,13,5,16,15],[17,21,9,20,12,13,5,1,16,19,15],[5,21,17,1,9,12,20,13,16,15],[21,13,1,5,17,9,20,12,16,15],[17,1,9,20,12,21,13,5,16,15],[9,21,5,13,17,20,12,1,16,15],[13,9,5,21,1,17,20,12,16,19,15],[17,1,5,9,12,20,21,13,16,19,15],[5,1,17,9,12,20,21,13,16,19,15],[9,21,13,1,17,12,20,5,16,19,15],[1,17,21,13,5,9,20,12,16,15],[21,13,17,5,1,9,12,20,16,19,15],[5,21,9,13,17,12,20,1,16,15],[17,9,12,20,5,21,1,13,16,19,15],[13,17,1,21,5,9,20,12,16,19,15],[5,1,17,9,12,20,21,13,16,19,15],[5,9,17,12,20,21,1,13,16,19,15],[5,1,13,17,21,9,20,12,16,15],[9,21,17,20,12,13,1,5,16,15],[9,17,12,20,21,1,13,5,16,19,15],[13,17,1,21,5,9,20,12,16,19,15],[21,13,5,1,9,17,20,12,16,15],[1,13,21,9,5,17,20,12,16,15],[17,5,21,9,20,12,13,1,16,15],[13,1,21,5,9,17,20,12,16,19,15],[21,5,17,13,1,9,20,12,16,15],[17,21,1,5,13,9,20,12,16,19,15],[13,5,17,9,20,12,21,1,16,15],[17,13,5,21,9,12,20,1,16,15],[13,21,17,1,5,9,12,20,16,15],[13,1,5,9,17,20,12,21,16,15],[13,17,5,9,20,12,21,1,16,15],[9,1,21,17,12,20,5,13,16,15],[9,5,1,13,21,17,20,12,16,19,15],[1,5,13,9,17,20,12,21,16,19,15],[5,21,13,1,17,9,20,12,16,15],[1,9,5,17,12,20,21,13,16,15],[1,21,5,13,17,9,20,12,16,15],[1,21,17,5,13,9,20,12,16,19,15],[5,9,13,21,17,12,20,1,16,15],[9,17,20,12,13,21,1,5,16,19,15],[9,13,1,17,12,20,5,21,16,15],[13,1,5,21,17,9,12,20,16,15],[21,17,9,12,20,13,1,5,16,19,15],[5,17,13,1,9,12,20,21,16,19,15],[13,5,9,1,21,17,12,20,16,15],[17,1,9,12,20,21,13,5,16,15],[5,17,13,21,1,9,12,20,16,15],[9,13,21,17,20,12,5,1,16,15],[5,9,17,12,20,21,13,1,16,15],[5,21,9,17,20,12,1,13,16,15],[9,17,20,12,13,5,1,21,16,15],[1,9,5,17,12,20,21,13,16,15],[5,13,9,21,17,20,12,1,16,19,15],[9,17,20,12,13,1,5,21,16,19,15],[9,17,12,20,13,21,1,5,16,15],[21,17,1,13,9,20,12,5,16,15],[13,21,5,17,1,9,20,12,16,15],[13,1,17,21,5,9,12,20,16,15],[5,1,21,17,13,9,20,12,16,15],[1,5,13,9,17,20,12,21,16,19,15],[1,5,9,21,13,17,20,12,16,15],[13,1,9,17,12,20,21,5,16,15],[5,17,21,13,9,12,20,1,16,19,15],[9,5,13,21,17,12,20,1,16,15],[21,17,5,9,20,12,1,13,16,15],[1,5,21,17,13,9,20,12,16,19,15],[9,13,21,5,17,12,20,1,16,19,15],[21,1,13,17,9,20,12,5,16,15],[1,13,17,9,20,12,5,21,16,19,15],[17,1,5,21,9,12,20,13,16,19,15],[13,17,1,9,20,12,5,21,16,19,15],[17,13,9,20,12,21,5,1,16,19,15],[5,1,9,21,13,17,12,20,16,15],[17,21,1,13,9,12,20,5,16,19,15],[9,17,20,12,1,13,21,5,16,19,15],[9,21,13,5,17,20,12,1,16,19,15],[21,13,9,17,20,12,1,5,16,19,15],[9,5,21,17,12,20,1,13,16,15],[9,13,5,1,17,20,12,21,16,15],[5,13,1,9,21,17,20,12,16,15],[1,17,5,9,20,12,13,21,16,19,15],[9,1,17,20,12,13,21,5,16,19,15],[21,13,9,5,17,12,20,1,16,19,15],[5,9,13,1,21,17,12,20,16,19,15],[21,5,9,13,1,17,12,20,16,15],[9,1,21,13,17,12,20,5,16,19,15],[17,5,13,21,9,20,12,1,16,19,15],[5,1,21,9,13,17,12,20,16,19,15],[5,1,17,13,21,9,12,20,16,15],[9,17,12,20,1,21,13,5,16,15],[21,17,9,12,20,5,1,13,16,15],[1,5,21,17,13,9,20,12,16,15],[17,13,9,12,20,1,21,5,16,19,15],[5,21,9,17,12,20,1,13,16,15],[9,5,13,17,20,12,1,21,16,19,15],[13,9,1,5,21,17,20,12,16,19,15],[9,5,13,17,12,20,21,1,16,15],[13,17,21,9,12,20,5,1,16,15],[5,21,13,17,9,20,12,1,16,19,15],[1,13,17,5,21,9,12,20,16,15],[5,9,13,21,1,17,12,20,16,15],[17,9,20,12,5,13,1,21,16,19,15],[21,13,9,5,1,17,20,12,16,15],[1,9,13,21,5,17,12,20,16,15],[5,13,9,1,17,20,12,21,16,15],[21,5,13,1,17,9,20,12,16,15],[13,21,9,1,17,20,12,5,16,19,15],[13,1,9,17,12,20,5,21,16,19,15],[1,5,13,21,17,9,20,12,16,15],[1,5,21,17,9,20,12,13,16,19,15],[5,13,1,21,9,17,20,12,16,15],[17,13,1,9,20,12,21,5,16,15],[17,13,9,12,20,21,5,1,16,15],[1,21,13,5,9,17,20,12,16,15],[9,13,17,12,20,1,5,21,16,19,15],[17,13,21,1,5,9,20,12,16,19,15],[9,13,1,21,5,17,12,20,16,19,15],[17,1,21,13,9,12,20,5,16,15],[1,21,17,13,5,9,12,20,16,19,15],[9,1,17,20,12,21,13,5,16,15],[9,17,12,20,5,1,13,21,16,15],[17,21,5,13,1,9,20,12,16,15],[1,5,17,9,12,20,13,21,16,19,15],[1,17,13,21,9,12,20,5,16,19,15],[5,13,21,17,9,20,12,1,16,15],[9,21,1,13,17,12,20,5,16,19,15],[9,17,12,20,13,21,5,1,16,15],[21,17,5,13,9,12,20,1,16,19,15],[1,9,21,5,13,17,20,12,16,19,15],[17,13,1,5,21,9,20,12,16,15],[13,17,1,21,5,9,12,20,16,19,15],[5,1,13,17,21,9,20,12,16,19,15],[13,17,21,9,20,12,1,5,16,19,15],[5,1,9,17,12,20,13,21,16,15],[9,13,1,5,21,17,12,20,16,19,15],[5,1,21,13,17,9,12,20,16,15],[13,9,5,21,17,12,20,1,16,15],[13,5,9,21,17,12,20,1,16,19,15],[17,9,20,12,1,21,5,13,16,19,15],[21,5,13,9,17,12,20,1,16,19,15],[13,17,21,1,9,12,20,5,16,15],[5,13,17,9,20,12,21,1,16,15],[9,1,13,17,12,20,5,21,16,15],[5,9,13,1,17,20,12,21,16,19,15],[13,5,9,1,21,17,20,12,16,15],[5,13,9,17,12,20,21,1,16,19,15],[1,9,13,5,21,17,12,20,16,19,15],[1,5,13,9,17,12,20,21,16,15],[13,17,21,5,9,12,20,1,16,15],[17,5,13,1,9,20,12,21,16,19,15],[17,1,21,5,13,9,20,12,16,15],[5,21,1,9,13,17,12,20,16,19,15],[13,1,9,5,21,17,12,20,16,19,15],[9,17,20,12,13,5,21,1,16,15],[1,9,5,13,21,17,20,12,16,15],[9,21,1,13,5,17,12,20,16,15],[9,5,21,1,13,17,12,20,16,19,15],[9,1,21,13,5,17,12,20,16,19,15],[5,17,21,13,9,20,12,1,16,19,15],[17,1,5,13,9,20,12,21,16,19,15],[13,21,5,17,9,12,20,1,16,15],[21,9,13,17,12,20,5,1,16,15],[17,5,1,21,9,20,12,13,16,19,15],[1,21,9,13,17,20,12,5,16,15],[21,9,1,5,17,20,12,13,16,15],[1,17,13,9,12,20,21,5,16,15],[5,17,13,21,9,20,12,1,16,15],[5,9,21,17,20,12,13,1,16,15],[5,13,21,1,9,17,12,20,16,19,15],[13,9,21,1,17,20,12,5,16,19,15],[21,5,17,13,9,12,20,1,16,19,15],[9,13,1,21,17,20,12,5,16,15],[9,17,20,12,1,5,13,21,16,15],[1,9,5,17,20,12,13,21,16,19,15],[13,21,5,9,1,17,12,20,16,19,15],[5,17,13,9,20,12,1,21,16,19,15],[9,13,1,21,5,17,20,12,16,19,15],[5,1,17,21,13,9,12,20,16,19,15],[21,9,13,1,17,12,20,5,16,19,15],[13,5,1,9,17,20,12,21,16,19,15],[5,13,9,1,17,20,12,21,16,19,15],[5,9,17,12,20,21,13,1,16,19,15],[17,1,9,20,12,21,13,5,16,19,15],[5,9,13,1,17,20,12,21,16,15],[1,9,17,12,20,13,21,5,16,15],[1,21,17,5,9,12,20,13,16,15],[9,1,13,21,17,12,20,5,16,15],[1,9,5,13,21,17,12,20,16,19,15],[9,13,17,20,12,5,21,1,16,19,15],[9,21,17,12,20,13,5,1,16,19,15],[9,17,20,12,1,21,5,13,16,15],[17,13,9,20,12,5,1,21,16,15],[1,13,17,21,9,12,20,5,16,15],[21,1,17,9,20,12,13,5,16,15],[13,1,9,5,17,12,20,21,16,19,15],[9,21,5,17,20,12,13,1,16,15],[17,9,20,12,5,21,13,1,16,19,15],[13,17,1,9,12,20,5,21,16,19,15],[21,13,5,1,9,17,20,12,16,19,15],[17,13,5,1,21,9,12,20,16,15],[1,13,5,9,17,12,20,21,16,15],[1,17,9,20,12,13,5,21,16,19,15],[17,1,13,9,20,12,21,5,16,19,15],[5,1,9,17,20,12,13,21,16,19,15],[9,5,17,12,20,1,21,13,16,15],[9,5,1,17,12,20,21,13,16,19,15],[21,5,1,17,13,9,20,12,16,15],[13,21,9,5,17,20,12,1,16,19,15],[9,21,5,1,13,17,12,20,16,19,15],[9,1,13,17,20,12,21,5,16,15],[9,5,1,21,13,17,12,20,16,19,15],[9,21,17,20,12,5,1,13,16,19,15],[5,21,1,17,9,20,12,13,16,19,15],[17,5,1,9,20,12,13,21,16,15],[13,1,17,5,21,9,12,20,16,15],[5,17,1,21,9,20,12,13,16,19,15],[5,9,1,13,21,17,20,12,16,15],[13,17,5,1,21,9,12,20,16,15],[13,9,21,1,17,12,20,5,16,15],[9,13,1,21,5,17,20,12,16,19,15],[17,5,1,21,9,20,12,13,16,15],[17,21,1,13,5,9,20,12,16,15],[1,21,17,5,13,9,20,12,16,15],[5,21,1,13,17,9,12,20,16,19,15],[5,1,9,21,13,17,20,12,16,19,15],[1,13,17,9,20,12,21,5,16,15],[5,9,1,13,17,20,12,21,16,19,15],[17,5,1,13,21,9,12,20,16,19,15],[17,5,13,21,9,20,12,1,16,15],[1,21,9,5,17,20,12,13,16,15],[13,17,5,1,21,9,20,12,16,15],[9,5,17,12,20,1,21,13,16,19,15],[13,17,9,12,20,5,1,21,16,15],[1,21,9,17,20,12,13,5,16,19,15],[21,5,1,13,17,9,20,12,16,19,15],[17,9,20,12,1,21,5,13,16,19,15],[1,9,13,17,20,12,21,5,16,15],[9,5,13,17,12,20,1,21,16,15],[13,17,1,5,9,12,20,21,16,19,15],[9,1,13,21,17,20,12,5,16,19,15],[13,17,9,12,20,21,5,1,16,19,15],[21,5,13,17,1,9,20,12,16,15],[21,1,9,17,12,20,13,5,16,19,15],[5,21,1,17,9,20,12,13,16,15],[21,17,1,9,12,20,13,5,16,19,15],[1,5,13,17,9,12,20,21,16,15],[21,1,9,13,17,20,12,5,16,15],[17,21,13,5,1,9,12,20,16,15],[17,13,1,9,12,20,21,5,16,15],[13,9,17,20,12,21,1,5,16,19,15],[9,1,17,12,20,13,5,21,16,15],[5,1,17,13,9,20,12,21,16,15],[9,17,20,12,21,1,5,13,16,15],[13,17,1,21,9,12,20,5,16,19,15],[13,5,9,1,17,12,20,21,16,15],[1,5,21,13,17,9,20,12,16,19,15],[21,13,17,1,9,20,12,5,16,15],[21,9,1,5,17,12,20,13,16,15],[1,17,13,9,12,20,21,5,16,19,15],[21,9,5,17,12,20,1,13,16,15],[17,21,1,9,20,12,5,13,16,19,15],[13,9,21,1,5,17,12,20,16,15],[9,21,1,17,20,12,13,5,16,19,15],[21,9,1,5,13,17,20,12,16,19,15],[5,13,9,17,12,20,21,1,16,15],[17,1,13,9,20,12,5,21,16,19,15],[21,9,17,12,20,5,13,1,16,15],[1,9,17,20,12,21,5,13,16,19,15],[17,21,1,5,13,9,12,20,16,19,15],[1,17,13,9,20,12,21,5,16,19,15],[21,13,9,5,1,17,20,12,16,19,15],[13,21,17,9,20,12,5,1,16,15],[1,21,5,9,17,12,20,13,16,19,15],[5,13,1,21,9,17,20,12,16,19,15],[9,5,1,21,13,17,12,20,16,19,15],[5,1,9,13,17,20,12,21,16,15],[1,5,9,21,13,17,20,12,16,15],[17,5,21,1,13,9,12,20,16,15],[13,9,1,17,20,12,21,5,16,15],[5,21,9,1,17,20,12,13,16,15],[9,17,20,12,13,5,21,1,16,15],[13,5,21,17,1,9,12,20,16,15],[1,21,13,17,5,9,12,20,16,19,15],[1,21,9,17,20,12,13,5,16,19,15],[17,1,9,20,12,5,13,21,16,15],[17,13,21,5,9,12,20,1,16,19,15],[9,1,13,5,21,17,20,12,16,15],[9,17,12,20,1,21,5,13,16,19,15],[5,1,9,21,17,12,20,13,16,15],[5,1,21,13,17,9,20,12,16,15],[13,21,9,5,17,12,20,1,16,15],[1,17,5,9,12,20,13,21,16,15],[1,21,9,5,13,17,20,12,16,19,15],[21,1,5,13,9,17,12,20,16,15],[21,13,9,5,1,17,20,12,16,15],[1,17,13,21,5,9,12,20,16,15],[21,5,1,9,17,12,20,13,16,19,15],[21,13,17,1,9,20,12,5,16,19,15],[17,9,20,12,5,1,21,13,16,15],[1,21,9,17,20,12,5,13,16,15],[17,1,21,9,20,12,13,5,16,19,15],[17,13,21,5,9,12,20,1,16,15],[1,9,21,13,17,20,12,5,16,19,15],[13,21,5,9,17,20,12,1,16,19,15],[17,1,9,12,20,5,21,13,16,19,15],[13,17,5,21,9,12,20,1,16,19,15],[17,9,20,12,1,13,21,5,16,15],[17,9,20,12,21,13,5,1,16,19,15],[5,9,21,1,17,12,20,13,16,15],[5,21,9,1,13,17,20,12,16,19,15],[9,17,12,20,13,21,5,1,16,19,15],[5,1,9,13,17,20,12,21,16,15],[1,21,9,5,17,12,20,13,16,15],[13,17,21,5,1,9,12,20,16,19,15],[13,1,17,9,20,12,5,21,16,19,15],[21,5,13,9,17,12,20,1,16,19,15],[13,9,21,5,1,17,12,20,16,19,15],[1,5,21,9,17,20,12,13,16,15],[5,21,1,13,9,17,20,12,16,19,15],[5,21,1,17,13,9,20,12,16,19,15],[21,17,5,13,1,9,12,20,16,15],[9,21,5,13,17,12,20,1,16,15],[5,21,1,17,9,20,12,13,16,15],[1,21,17,13,5,9,20,12,16,15],[1,21,5,13,9,17,20,12,16,19,15],[13,17,5,9,20,12,21,1,16,19,15],[1,21,9,17,20,12,5,13,16,19,15],[21,5,9,1,13,17,12,20,16,15],[1,9,13,17,20,12,21,5,16,19,15],[17,13,9,12,20,5,1,21,16,19,15],[17,1,9,20,12,13,21,5,16,15],[17,5,9,12,20,21,1,13,16,19,15],[13,5,17,1,9,20,12,21,16,15],[21,9,17,12,20,1,5,13,16,19,15],[5,1,9,17,20,12,13,21,16,15],[21,1,9,5,17,12,20,13,16,15],[1,17,5,13,9,20,12,21,16,15],[9,1,5,13,17,12,20,21,16,19,15],[9,21,1,5,13,17,20,12,16,19,15],[5,13,21,17,1,9,12,20,16,15],[1,17,21,9,20,12,5,13,16,15],[17,1,5,9,12,20,21,13,16,15],[17,5,9,12,20,21,1,13,16,19,15],[5,21,17,1,9,20,12,13,16,19,15],[1,13,9,5,17,12,20,21,16,15],[13,17,1,21,5,9,12,20,16,19,15],[17,21,9,20,12,1,13,5,16,15],[1,13,9,5,21,17,20,12,16,19,15],[21,17,13,5,9,12,20,1,16,15],[17,9,20,12,5,21,1,13,16,15],[1,13,21,17,5,9,20,12,16,19,15],[13,9,17,20,12,5,21,1,16,15],[5,17,21,13,1,9,12,20,16,19,15],[9,13,21,5,17,20,12,1,16,19,15],[9,13,21,5,1,17,20,12,16,15],[21,5,13,17,9,12,20,1,16,15],[5,21,13,1,9,17,12,20,16,19,15],[9,5,13,17,20,12,1,21,16,15],[1,17,5,21,9,20,12,13,16,19,15],[1,21,13,5,9,17,12,20,16,19,15],[9,1,5,21,17,20,12,13,16,15],[17,13,1,9,20,12,21,5,16,19,15],[21,17,13,9,20,12,5,1,16,19,15],[21,13,1,9,5,17,12,20,16,15],[1,9,5,21,17,20,12,13,16,19,15],[17,1,5,9,20,12,13,21,16,15],[1,9,21,17,20,12,5,13,16,15],[1,5,17,21,13,9,12,20,16,15],[9,5,17,20,12,13,1,21,16,15],[5,1,9,13,17,20,12,21,16,15],[1,17,21,13,5,9,20,12,16,19,15],[17,13,9,20,12,1,5,21,16,19,15],[1,5,9,21,17,12,20,13,16,15],[17,21,13,1,5,9,20,12,16,19,15],[9,13,1,21,17,20,12,5,16,15],[17,13,1,5,9,12,20,21,16,19,15],[1,21,17,5,9,12,20,13,16,19,15],[21,17,1,9,20,12,13,5,16,19,15],[1,5,21,9,17,12,20,13,16,15],[21,5,9,17,12,20,13,1,16,19,15],[17,13,9,12,20,5,21,1,16,19,15],[5,21,1,9,13,17,12,20,16,19,15],[17,1,21,5,13,9,12,20,16,19,15],[9,13,5,21,1,17,20,12,16,19,15],[13,21,9,1,5,17,12,20,16,15],[17,5,9,12,20,21,13,1,16,15],[1,13,5,21,17,9,12,20,16,15],[9,17,12,20,13,5,1,21,16,15],[17,9,12,20,1,21,13,5,16,15],[17,21,5,9,20,12,13,1,16,15],[21,13,9,5,17,20,12,1,16,15],[5,9,21,17,12,20,13,1,16,15],[13,9,1,21,17,20,12,5,16,15],[21,17,13,1,9,12,20,5,16,15],[9,17,12,20,5,1,13,21,16,15],[21,1,13,9,17,20,12,5,16,19,15],[9,21,13,1,5,17,20,12,16,19,15],[5,13,9,21,1,17,12,20,16,15],[9,13,17,20,12,5,21,1,16,19,15],[5,21,9,13,17,12,20,1,16,19,15],[17,21,1,9,12,20,13,5,16,19,15],[13,5,1,21,17,9,20,12,16,19,15],[9,17,12,20,5,13,1,21,16,15],[5,9,21,13,1,17,12,20,16,19,15],[5,1,9,21,13,17,12,20,16,19,15],[5,21,13,1,17,9,20,12,16,19,15],[1,13,5,21,17,9,20,12,16,15],[21,9,5,13,1,17,12,20,16,15],[9,21,13,5,1,17,12,20,16,15],[17,9,12,20,1,13,5,21,16,15],[1,13,21,9,5,17,12,20,16,19,15],[17,21,5,13,9,20,12,1,16,19,15],[5,9,13,1,17,20,12,21,16,15],[1,13,17,9,12,20,5,21,16,19,15],[13,5,9,1,21,17,20,12,16,19,15],[13,5,9,21,1,17,20,12,16,15],[5,21,1,13,17,9,20,12,16,19,15],[13,1,9,5,21,17,12,20,16,15],[1,21,9,17,12,20,13,5,16,19,15],[9,1,21,5,17,12,20,13,16,19,15],[1,21,13,5,17,9,12,20,16,15],[1,21,5,9,13,17,12,20,16,15],[13,5,1,9,17,20,12,21,16,19,15],[21,1,9,17,12,20,13,5,16,19,15],[21,17,9,20,12,5,1,13,16,19,15],[21,1,13,9,5,17,20,12,16,15],[5,17,13,9,20,12,21,1,16,15],[5,13,9,21,17,20,12,1,16,15],[5,9,1,17,20,12,21,13,16,15],[9,1,21,5,13,17,12,20,16,19,15],[21,9,17,20,12,13,1,5,16,19,15],[1,21,17,13,9,20,12,5,16,15],[21,9,17,20,12,13,5,1,16,15],[1,13,9,17,20,12,21,5,16,19,15],[13,9,17,20,12,1,5,21,16,15],[21,17,1,5,13,9,20,12,16,19,15],[21,1,17,5,13,9,20,12,16,15],[1,21,5,13,9,17,20,12,16,15],[9,21,17,20,12,13,5,1,16,15],[1,13,17,9,20,12,21,5,16,15],[9,13,1,5,21,17,20,12,16,15],[17,21,5,1,13,9,20,12,16,15],[21,1,9,5,17,20,12,13,16,15],[1,21,5,9,17,20,12,13,16,19,15],[5,13,17,9,12,20,21,1,16,15],[17,13,5,9,12,20,21,1,16,15],[17,21,9,20,12,13,1,5,16,15],[5,17,21,13,9,20,12,1,16,19,15],[1,13,5,9,17,12,20,21,16,19,15],[5,21,13,1,9,17,20,12,16,19,15],[17,1,13,5,21,9,12,20,16,19,15],[1,21,5,13,9,17,12,20,16,15],[21,5,9,13,17,12,20,1,16,19,15],[9,13,5,1,17,12,20,21,16,15],[13,21,17,9,20,12,1,5,16,19,15],[1,5,9,13,17,20,12,21,16,15],[17,21,9,12,20,13,1,5,16,19,15],[17,13,21,5,9,20,12,1,16,19,15],[9,13,17,12,20,21,5,1,16,19,15],[1,17,13,21,9,12,20,5,16,15],[9,1,17,12,20,21,5,13,16,19,15],[5,21,1,17,9,12,20,13,16,19,15],[5,17,9,20,12,13,1,21,16,15],[13,1,17,9,12,20,5,21,16,19,15],[9,1,21,17,12,20,5,13,16,15],[13,17,5,21,1,9,20,12,16,19,15],[9,17,20,12,21,13,1,5,16,19,15],[1,9,5,21,13,17,20,12,16,15],[1,5,9,13,21,17,20,12,16,19,15],[9,21,5,17,12,20,1,13,16,19,15],[1,21,9,13,5,17,12,20,16,15],[9,5,13,1,21,17,12,20,16,19,15],[9,17,20,12,5,13,21,1,16,19,15],[13,5,21,1,9,17,20,12,16,15],[5,13,9,17,20,12,1,21,16,19,15],[9,17,12,20,5,13,21,1,16,15],[1,21,17,13,5,9,12,20,16,19,15],[13,5,1,17,9,20,12,21,16,15],[17,13,21,9,20,12,5,1,16,19,15],[5,9,17,12,20,1,21,13,16,15],[9,13,5,1,21,17,12,20,16,15],[1,17,21,13,9,12,20,5,16,19,15],[1,17,5,13,21,9,20,12,16,15],[21,9,17,20,12,13,1,5,16,15],[9,17,20,12,5,21,1,13,16,15],[5,21,13,17,1,9,20,12,16,15],[13,17,5,9,12,20,21,1,16,19,15],[21,13,5,9,17,20,12,1,16,15],[13,21,1,17,5,9,12,20,16,19,15],[17,21,1,9,12,20,13,5,16,19,15],[17,9,12,20,21,5,13,1,16,19,15],[9,21,13,17,12,20,5,1,16,19,15],[13,17,1,21,9,12,20,5,16,19,15],[1,21,13,9,17,12,20,5,16,19,15],[9,21,1,17,12,20,13,5,16,15],[17,21,1,9,20,12,13,5,16,19,15],[9,17,12,20,21,13,1,5,16,15],[5,1,9,13,21,17,12,20,16,15],[9,21,1,5,17,20,12,13,16,19,15],[13,1,21,9,17,12,20,5,16,19,15],[17,5,21,9,12,20,13,1,16,15],[13,5,21,9,1,17,12,20,16,15],[1,21,13,5,9,17,20,12,16,15],[1,9,13,21,17,12,20,5,16,15],[21,5,1,13,17,9,12,20,16,15],[17,1,5,13,9,20,12,21,16,15],[13,17,9,20,12,5,1,21,16,15],[9,21,13,5,17,20,12,1,16,15],[9,5,1,17,20,12,21,13,16,19,15],[1,21,13,17,9,20,12,5,16,15],[17,1,21,13,9,20,12,5,16,19,15],[21,5,1,9,13,17,12,20,16,15],[21,13,9,5,1,17,20,12,16,15],[17,13,1,5,9,12,20,21,16,19,15],[9,17,20,12,1,21,5,13,16,19,15],[5,13,9,21,1,17,20,12,16,15],[17,1,21,5,13,9,20,12,16,19,15],[13,5,1,21,17,9,20,12,16,19,15],[1,5,13,9,21,17,20,12,16,19,15],[9,13,1,5,17,12,20,21,16,19,15],[17,9,20,12,21,1,5,13,16,15],[21,17,1,9,12,20,5,13,16,19,15],[1,21,13,5,9,17,20,12,16,15],[13,9,17,12,20,1,21,5,16,15],[9,5,1,21,17,12,20,13,16,19,15],[21,5,17,13,1,9,12,20,16,15],[21,5,17,13,9,12,20,1,16,19,15],[9,17,20,12,5,13,1,21,16,19,15],[21,9,5,1,13,17,12,20,16,19,15],[13,1,5,17,21,9,12,20,16,19,15],[5,17,1,9,20,12,21,13,16,15],[21,1,5,13,9,17,12,20,16,19,15],[5,9,17,20,12,1,21,13,16,15],[1,21,5,13,9,17,12,20,16,19,15],[9,13,5,1,21,17,12,20,16,19,15],[5,21,9,1,17,12,20,13,16,15],[17,5,1,13,9,12,20,21,16,15],[21,1,13,9,17,20,12,5,16,15],[5,17,9,20,12,1,13,21,16,15],[1,9,5,13,17,12,20,21,16,15],[13,9,1,5,17,12,20,21,16,15],[9,17,20,12,5,1,13,21,16,15],[1,17,5,21,13,9,12,20,16,19,15],[21,1,9,13,17,20,12,5,16,15],[17,13,9,12,20,1,21,5,16,15],[1,9,5,21,17,12,20,13,16,19,15],[13,5,17,1,9,12,20,21,16,19,15],[17,9,20,12,1,5,13,21,16,19,15],[1,17,13,21,5,9,12,20,16,19,15],[9,17,20,12,13,21,1,5,16,15],[5,1,9,13,21,17,20,12,16,19,15],[5,17,1,21,13,9,12,20,16,19,15],[5,9,21,13,17,20,12,1,16,19,15],[13,21,17,9,12,20,5,1,16,15],[9,21,5,17,20,12,13,1,16,15],[9,13,17,12,20,5,1,21,16,19,15],[1,5,21,9,13,17,12,20,16,15],[1,17,13,9,20,12,21,5,16,15],[9,13,21,1,5,17,12,20,16,15],[21,5,9,13,1,17,12,20,16,19,15],[17,5,21,9,12,20,13,1,16,15],[13,17,1,5,21,9,20,12,16,19,15],[1,17,9,20,12,21,13,5,16,15],[1,5,21,9,17,20,12,13,16,19,15],[17,1,9,12,20,21,5,13,16,19,15],[17,13,9,20,12,21,1,5,16,19,15],[9,13,5,17,12,20,1,21,16,19,15],[1,5,21,17,13,9,20,12,16,19,15],[1,21,5,13,17,9,20,12,16,15],[9,5,17,12,20,1,21,13,16,19,15],[13,17,5,9,12,20,1,21,16,15],[21,9,13,1,17,20,12,5,16,15],[5,9,1,13,21,17,12,20,16,15],[1,13,5,21,9,17,12,20,16,19,15],[17,9,12,20,1,5,21,13,16,15],[13,9,21,1,5,17,20,12,16,15],[17,21,13,1,9,12,20,5,16,15],[9,1,21,5,17,12,20,13,16,15],[1,13,17,9,12,20,5,21,16,19,15],[13,5,17,21,1,9,12,20,16,19,15],[1,13,17,5,21,9,12,20,16,15],[13,17,21,1,9,20,12,5,16,19,15],[9,5,13,1,21,17,20,12,16,19,15],[9,17,12,20,5,13,1,21,16,15],[5,1,21,13,9,17,20,12,16,15],[9,13,17,20,12,1,5,21,16,15],[17,1,5,13,21,9,20,12,16,15],[21,5,13,9,17,20,12,1,16,19,15],[21,9,1,13,5,17,20,12,16,19,15],[17,13,5,1,9,12,20,21,16,19,15],[21,5,13,1,17,9,12,20,16,19,15],[13,9,17,20,12,21,1,5,16,19,15],[17,9,20,12,1,21,13,5,16,15],[1,5,13,21,9,17,12,20,16,19,15],[21,1,9,17,12,20,5,13,16,15],[1,5,13,9,21,17,12,20,16,19,15],[9,5,1,17,20,12,13,21,16,19,15],[17,1,5,21,9,12,20,13,16,19,15],[9,13,17,12,20,5,1,21,16,19,15],[17,9,20,12,1,13,21,5,16,15],[5,9,21,13,1,17,20,12,16,19,15],[17,9,20,12,21,13,5,1,16,15],[9,13,1,17,12,20,5,21,16,15],[13,17,1,5,21,9,12,20,16,15],[9,1,5,21,17,12,20,13,16,15],[21,1,9,17,12,20,5,13,16,15],[9,5,17,20,12,1,13,21,16,19,15],[21,17,9,20,12,5,1,13,16,19,15],[5,9,17,12,20,13,21,1,16,19,15],[21,9,1,17,20,12,5,13,16,19,15],[21,9,1,5,17,12,20,13,16,15],[17,13,1,21,5,9,20,12,16,19,15],[5,1,9,21,17,20,12,13,16,15],[21,5,9,1,17,20,12,13,16,19,15],[13,17,9,12,20,5,21,1,16,15],[9,21,5,1,17,20,12,13,16,19,15],[5,1,13,9,17,12,20,21,16,19,15],[9,5,21,17,12,20,13,1,16,15],[17,1,21,5,13,9,12,20,16,19,15],[1,9,5,17,20,12,13,21,16,15],[21,13,1,9,5,17,12,20,16,19,15],[13,1,17,21,9,12,20,5,16,19,15],[21,17,13,9,12,20,5,1,16,19,15],[13,17,1,9,12,20,5,21,16,19,15],[9,1,13,5,21,17,20,12,16,19,15],[1,5,17,21,9,12,20,13,16,15],[13,5,21,9,17,12,20,1,16,19,15],[13,17,21,1,5,9,20,12,16,15],[9,17,20,12,1,13,5,21,16,19,15],[17,21,5,1,9,12,20,13,16,19,15],[5,1,13,9,21,17,20,12,16,19,15],[9,17,12,20,13,1,5,21,16,15],[9,5,1,13,21,17,20,12,16,15],[1,17,21,9,12,20,13,5,16,19,15],[5,1,9,13,17,20,12,21,16,19,15],[13,1,21,17,5,9,20,12,16,19,15],[9,1,13,5,17,12,20,21,16,15],[1,9,21,5,17,12,20,13,16,15],[1,13,21,9,17,12,20,5,16,19,15],[9,17,20,12,5,13,1,21,16,15],[9,21,5,17,12,20,1,13,16,15],[13,9,17,12,20,21,1,5,16,19,15],[1,21,5,13,9,17,12,20,16,15],[13,21,5,9,1,17,20,12,16,15],[21,5,9,13,1,17,20,12,16,15],[1,17,13,9,12,20,5,21,16,15],[13,21,17,5,9,12,20,1,16,15],[13,1,17,5,21,9,20,12,16,19,15],[1,9,13,5,17,20,12,21,16,15],[13,9,17,12,20,21,5,1,16,19,15],[9,21,5,13,1,17,12,20,16,15],[9,1,13,21,17,20,12,5,16,19,15],[9,5,17,20,12,13,21,1,16,19,15],[9,5,21,1,13,17,20,12,16,15],[1,5,21,17,9,20,12,13,16,15],[5,1,13,17,21,9,12,20,16,19,15],[17,21,5,9,12,20,1,13,16,19,15],[13,1,9,17,20,12,21,5,16,19,15],[1,13,17,5,9,12,20,21,16,19,15],[1,5,21,13,17,9,12,20,16,19,15],[21,9,17,12,20,13,1,5,16,15],[17,5,21,9,12,20,1,13,16,19,15],[21,13,9,1,17,20,12,5,16,15],[13,5,1,9,17,12,20,21,16,15],[17,9,12,20,21,1,5,13,16,19,15],[1,5,21,13,17,9,12,20,16,15],[9,5,13,1,17,20,12,21,16,19,15],[21,17,1,9,12,20,5,13,16,15],[21,9,13,5,1,17,20,12,16,15],[21,9,1,5,13,17,12,20,16,19,15],[1,21,17,9,12,20,5,13,16,19,15],[21,17,9,12,20,13,1,5,16,15],[5,13,9,21,1,17,12,20,16,19,15],[13,1,5,21,17,9,20,12,16,15],[13,21,5,1,17,9,20,12,16,15],[13,21,17,5,1,9,12,20,16,15],[5,13,17,1,9,20,12,21,16,15],[1,21,9,5,13,17,12,20,16,15],[21,17,13,9,12,20,5,1,16,19,15],[13,17,21,1,9,12,20,5,16,19,15],[9,13,17,12,20,1,5,21,16,19,15],[21,13,9,1,5,17,20,12,16,19,15],[5,21,1,17,13,9,12,20,16,15],[1,9,13,21,5,17,20,12,16,15],[1,17,21,5,9,20,12,13,16,15],[9,21,1,5,13,17,20,12,16,15],[21,9,1,17,12,20,5,13,16,19,15],[9,21,5,1,17,12,20,13,16,19,15],[1,13,5,21,9,17,12,20,16,15],[5,1,21,17,13,9,12,20,16,15],[1,9,17,12,20,13,5,21,16,19,15],[13,5,21,1,17,9,20,12,16,15],[5,21,17,9,12,20,1,13,16,19,15],[17,13,5,1,21,9,12,20,16,15],[1,5,21,17,13,9,20,12,16,15],[21,9,5,1,13,17,20,12,16,19,15],[1,5,9,21,13,17,20,12,16,19,15],[1,5,13,21,9,17,12,20,16,15],[13,17,9,20,12,21,5,1,16,19,15],[1,5,17,9,20,12,13,21,16,19,15],[5,21,9,17,12,20,13,1,16,15],[17,13,5,1,21,9,20,12,16,15],[21,1,5,17,13,9,20,12,16,15],[5,9,13,1,17,12,20,21,16,19,15],[1,21,13,17,9,20,12,5,16,15],[13,9,5,17,20,12,21,1,16,15],[1,9,21,13,5,17,20,12,16,15],[17,21,5,13,9,20,12,1,16,15],[17,13,5,1,9,20,12,21,16,15],[1,13,5,17,9,20,12,21,16,19,15],[9,13,5,17,12,20,1,21,16,15],[9,13,17,12,20,5,21,1,16,19,15],[17,13,1,5,9,20,12,21,16,15],[21,13,5,9,1,17,20,12,16,15],[9,1,5,21,17,20,12,13,16,19,15],[17,21,1,9,12,20,5,13,16,19,15],[9,21,5,13,1,17,20,12,16,19,15],[1,17,9,20,12,5,13,21,16,15],[17,21,9,20,12,5,1,13,16,19,15],[21,1,5,13,9,17,12,20,16,15],[13,1,9,21,5,17,20,12,16,19,15],[5,21,1,9,13,17,20,12,16,15],[5,9,1,13,21,17,12,20,16,19,15],[9,17,12,20,5,13,1,21,16,19,15],[9,17,20,12,13,21,1,5,16,19,15],[13,17,1,21,9,12,20,5,16,19,15],[1,5,21,9,13,17,12,20,16,19,15],[13,21,1,9,17,12,20,5,16,19,15],[1,21,9,5,17,20,12,13,16,15],[9,13,21,17,12,20,5,1,16,19,15],[21,1,9,17,12,20,5,13,16,19,15],[1,13,9,21,17,12,20,5,16,15],[5,17,21,9,20,12,13,1,16,19,15],[9,17,12,20,5,21,1,13,16,19,15],[5,1,17,21,9,12,20,13,16,19,15],[21,1,13,5,17,9,12,20,16,19,15],[5,9,13,17,12,20,1,21,16,19,15],[1,17,9,20,12,21,13,5,16,19,15],[9,17,20,12,13,5,21,1,16,15],[9,1,5,17,12,20,21,13,16,19,15],[21,5,13,1,17,9,12,20,16,15],[9,17,12,20,5,13,1,21,16,15],[17,21,9,12,20,1,5,13,16,19,15],[9,21,1,13,5,17,20,12,16,19,15],[9,5,21,13,1,17,20,12,16,19,15],[13,21,1,17,5,9,12,20,16,19,15],[9,1,17,12,20,5,13,21,16,15],[21,17,1,9,12,20,5,13,16,15],[13,9,1,5,21,17,20,12,16,15],[5,13,17,1,9,20,12,21,16,19,15],[21,17,1,5,9,12,20,13,16,15],[21,17,1,9,12,20,5,13,16,15],[13,9,1,21,17,20,12,5,16,15],[13,5,21,1,9,17,20,12,16,15],[9,1,13,21,17,12,20,5,16,19,15],[17,1,21,5,13,9,20,12,16,19,15],[1,17,13,21,9,20,12,5,16,19,15],[5,1,17,13,9,20,12,21,16,15],[5,13,17,21,9,20,12,1,16,15],[5,1,9,21,17,20,12,13,16,19,15],[17,21,13,5,1,9,20,12,16,19,15],[5,1,13,9,21,17,12,20,16,19,15],[9,21,1,5,13,17,12,20,16,15],[21,5,13,17,1,9,20,12,16,19,15],[17,5,13,9,12,20,21,1,16,15],[9,17,20,12,5,13,21,1,16,19,15],[13,9,17,12,20,21,1,5,16,15],[13,21,9,17,20,12,1,5,16,19,15],[13,9,17,12,20,21,1,5,16,19,15],[5,13,17,21,1,9,12,20,16,15],[5,21,9,13,17,20,12,1,16,15],[5,21,9,1,13,17,20,12,16,15],[9,1,17,20,12,13,21,5,16,15],[1,9,21,17,12,20,13,5,16,15],[5,9,1,13,21,17,12,20,16,19,15],[5,21,9,17,20,12,1,13,16,19,15],[13,9,17,12,20,5,21,1,16,15],[17,13,5,1,9,20,12,21,16,15],[9,1,21,5,13,17,20,12,16,19,15],[1,9,13,5,17,20,12,21,16,19,15],[5,1,17,13,21,9,20,12,16,19,15],[5,17,1,21,13,9,20,12,16,15],[9,17,12,20,21,1,13,5,16,15],[9,13,17,12,20,5,1,21,16,15],[17,9,20,12,1,5,13,21,16,15],[17,9,12,20,13,1,21,5,16,19,15],[5,1,17,13,9,20,12,21,16,19,15],[13,1,17,21,9,20,12,5,16,19,15],[5,9,13,21,1,17,12,20,16,19,15],[17,13,9,12,20,1,5,21,16,19,15],[5,9,17,20,12,13,21,1,16,15],[5,13,21,9,1,17,12,20,16,15],[1,21,13,5,17,9,20,12,16,19,15],[1,13,17,21,9,20,12,5,16,19,15],[13,5,17,1,9,20,12,21,16,15],[13,1,9,17,20,12,5,21,16,15],[17,1,13,21,9,20,12,5,16,15],[1,17,21,5,9,20,12,13,16,15],[5,13,1,17,9,20,12,21,16,19,15],[5,17,13,1,9,20,12,21,16,19,15],[21,9,5,13,17,12,20,1,16,19,15],[17,13,21,9,12,20,1,5,16,19,15],[1,5,17,9,12,20,21,13,16,15],[13,5,17,9,12,20,1,21,16,19,15],[21,13,1,5,17,9,20,12,16,15],[5,13,9,1,21,17,20,12,16,15],[1,13,9,21,17,12,20,5,16,19,15],[1,5,17,13,9,12,20,21,16,19,15],[5,17,9,12,20,21,13,1,16,15],[21,13,1,9,17,12,20,5,16,15],[17,9,20,12,1,13,5,21,16,19,15],[9,13,21,5,1,17,12,20,16,15],[13,9,1,21,5,17,12,20,16,19,15],[17,13,9,12,20,1,5,21,16,19,15],[13,21,1,9,5,17,20,12,16,19,15],[13,9,5,17,20,12,21,1,16,15],[1,17,5,21,9,20,12,13,16,19,15],[9,5,13,17,12,20,1,21,16,15],[5,13,21,9,17,12,20,1,16,19,15],[13,21,1,9,5,17,12,20,16,15],[9,21,13,5,17,12,20,1,16,19,15],[13,1,5,9,17,20,12,21,16,19,15],[21,17,5,13,9,20,12,1,16,19,15],[21,13,5,17,9,12,20,1,16,19,15],[17,1,9,12,20,13,21,5,16,19,15],[9,21,5,13,1,17,12,20,16,15],[13,1,21,5,9,17,12,20,16,19,15],[13,9,5,21,17,12,20,1,16,15],[17,5,21,1,13,9,20,12,16,19,15],[21,13,17,9,20,12,1,5,16,15],[17,9,20,12,21,5,13,1,16,15],[21,9,1,5,17,12,20,13,16,19,15],[13,5,9,1,21,17,12,20,16,19,15],[1,13,21,9,5,17,12,20,16,15],[1,5,21,9,17,20,12,13,16,15],[1,17,9,20,12,5,21,13,16,15],[9,21,5,17,12,20,1,13,16,15],[5,21,1,17,13,9,20,12,16,19,15],[9,13,5,1,17,20,12,21,16,15],[17,9,12,20,5,13,21,1,16,19,15],[21,13,5,1,9,17,20,12,16,19,15],[21,9,5,1,13,17,20,12,16,15],[5,9,17,20,12,1,13,21,16,15],[5,17,21,1,9,20,12,13,16,15],[21,5,17,1,13,9,20,12,16,15],[13,9,5,17,12,20,1,21,16,19,15],[13,17,1,5,9,12,20,21,16,19,15],[5,21,1,13,17,9,20,12,16,15],[13,9,21,17,20,12,5,1,16,15],[13,9,1,17,20,12,21,5,16,19,15],[13,9,17,20,12,1,21,5,16,15],[13,9,1,17,20,12,5,21,16,19,15],[13,1,17,9,20,12,21,5,16,15],[21,5,1,13,9,17,12,20,16,19,15],[5,9,13,21,1,17,20,12,16,15],[17,1,21,13,9,12,20,5,16,19,15],[5,1,21,13,17,9,20,12,16,19,15],[1,9,13,17,12,20,21,5,16,19,15],[21,5,1,17,13,9,12,20,16,15],[21,5,17,9,12,20,13,1,16,15],[13,1,9,5,17,12,20,21,16,15],[5,9,17,12,20,1,13,21,16,15],[1,5,17,9,20,12,21,13,16,19,15],[9,5,13,1,17,12,20,21,16,15],[9,13,17,12,20,5,21,1,16,19,15]],"n_human":7}