{"problem_id":"B7AmiGrF0VHtZKs","sigma":150,"alpha":3.162,"cost":0,"probabilities":"[0.45, 0.2, 0.18, 0.17]","payoff_matrix":"[[80, -3, 39, 225, 37, 149], [94, -227, -196, -77, 26, 172], [-181, -144, -23, -175, 175, 131], [-203, 69, -174, 30, -25, 115]]","uncovered":[[21,5,1,17,13,22,14,23,15],[9,1,17,21,5,13,14,22,23,15],[1,21,5,9,17,13,14,22,23,15],[9,1,5,13,17,21,14,22,23,15],[21,9,17,1,13,22,14,23,15],[9,13,5,1,21,14,22,15,17,23],[5,9,21,1,17,13,22,14,15,23],[21,9,17,1,13,14,22,15,5,23],[17,5,1,21,13,22,14,15,9,23],[5,17,13,21,14,22,15,1,9,23],[13,17,5,9,21,22,14,15,1,23],[17,5,1,9,21,13,14,22,23,15],[21,17,13,14,22,15,5,9,1,24],[9,5,21,13,14,22,23,15,17],[13,17,5,9,21,22,14,23,15],[1,17,5,21,9,13,14,22,15,24],[9,17,5,13,1,21,22,14,15,24],[9,21,1,13,22,14,23,15,5],[13,1,9,21,14,22,23,15,5],[5,13,17,1,9,21,14,22,15,23],[13,1,17,21,14,22,15,5,9,23],[13,17,9,1,5,21,22,14,23,15],[13,5,21,22,14,23,15,9,1],[13,1,21,14,22,23,15,5,9],[9,21,1,5,17,13,22,14,23,15],[13,21,14,22,15,9,5,1,17,23],[1,21,17,13,22,14,23,15,5],[9,5,21,13,14,22,15,1,17,2,3,23],[21,17,13,22,14,23,15,9,5],[9,21,17,13,22,14,23,15,5],[13,17,5,21,14,22,23,15,1],[5,21,17,13,22,14,23,15,9],[21,13,22,14,23,15,1,17,9],[9,1,17,13,5,21,22,14,15,23],[17,13,5,9,21,22,14,15,1,23],[21,13,22,14,23,15,17,9,1],[1,17,9,5,21,13,14,22,15,23],[1,5,21,13,22,14,15,9,17,23],[17,9,1,13,21,22,14,15,5,23],[17,5,9,13,21,22,14,15,1,23],[9,17,21,1,5,13,22,14,23,15],[1,9,17,5,13,21,22,14,15,23],[1,21,5,9,17,13,14,22,15,23],[13,1,17,5,9,21,22,14,23,15],[5,1,21,17,13,14,22,15,9,23],[9,5,13,17,1,21,14,22,23,15],[9,17,13,5,21,14,22,23,15],[1,17,9,13,21,14,22,15,5,23],[9,17,21,5,1,13,22,14,23,15],[1,9,17,21,5,13,22,14,23,15],[9,5,17,21,13,14,22,23,15],[13,9,21,14,22,23,15,5,17],[1,17,9,13,5,21,14,22,23,15],[5,1,21,17,9,13,14,22,23,15],[9,17,5,1,13,21,22,14,23,15],[13,1,17,9,21,22,14,23,15],[13,9,21,14,22,23,15,17,5],[17,21,9,5,1,13,14,22,15,23],[13,1,9,21,22,14,15,17,5,23],[5,13,1,9,17,21,14,22,23,15],[5,1,21,9,13,14,22,23,15],[13,17,9,1,5,21,22,14,23,15],[5,17,21,1,13,14,22,23,15],[13,21,22,14,23,15,1,17,9],[13,1,17,21,14,22,23,15,9],[1,5,9,17,21,13,22,14,23,15],[21,5,13,22,14,15,9,17,1,23],[17,21,9,13,22,14,23,15,1],[1,9,13,17,5,21,22,14,23,15],[13,17,21,14,22,15,9,5,1,23],[21,1,13,22,14,23,15,17,5],[5,1,13,9,21,14,22,15,17,23],[13,5,17,1,9,21,14,22,23,15],[17,21,1,5,9,13,22,14,15,23],[13,9,5,21,22,14,15,1,17,23],[5,21,17,1,9,13,14,22,15,23],[1,21,17,5,9,13,14,22,15,23],[13,9,5,17,21,14,22,15,1,23],[17,13,5,9,1,21,22,14,23,15],[17,1,21,13,22,14,15,5,9,23],[17,1,21,5,13,14,22,23,15],[1,17,21,13,14,22,23,15,9],[1,5,21,9,17,13,22,14,23,15],[17,13,5,21,22,14,15,1,9,2,3,23],[5,13,9,1,17,21,22,14,23,15],[21,9,1,5,13,14,22,23,15],[5,13,9,1,21,22,14,23,15],[21,17,13,14,22,23,15,1,9],[13,17,9,1,5,21,14,22,15,23],[21,5,9,13,14,22,15,17,1,23],[5,9,17,1,21,13,14,22,15,23],[21,17,1,5,13,14,22,23,15],[21,9,5,13,14,22,23,15,1],[5,13,17,9,1,21,14,22,15,23],[21,17,1,9,13,22,14,15,5,23],[13,17,5,1,9,21,14,22,23,15],[1,17,13,9,21,22,14,15,5,2,23],[9,21,1,17,13,22,14,15,5,23],[5,1,9,13,17,21,14,22,15,2,24],[17,13,5,9,21,22,14,23,15],[17,21,9,13,14,22,15,5,1,23],[13,21,14,22,23,15,5,1,17],[13,9,1,17,5,21,14,22,23,15],[17,5,9,1,13,21,22,14,23,15],[5,13,21,22,14,23,15,17,9],[17,1,21,9,13,22,14,23,15],[9,21,1,17,13,14,22,23,15],[17,1,13,21,14,22,23,15,5],[17,13,1,9,5,21,14,22,15,2,23],[13,1,9,17,21,22,14,23,15],[5,17,9,1,13,21,14,22,15,23],[13,9,5,21,14,22,23,15,1],[13,1,21,14,22,15,9,5,17,4,23],[21,1,17,13,22,14,15,9,5,24],[5,21,9,1,17,13,22,14,15,23],[13,1,5,21,14,22,23,15,17],[9,13,17,1,21,14,22,15,5,23],[21,17,13,14,22,23,15,1,5],[21,5,13,14,22,15,1,9,17,23],[17,21,1,5,9,13,22,14,23,15],[1,21,17,5,9,13,22,14,15,23],[9,5,21,13,14,22,23,15,17],[21,13,14,22,23,15,5,9,1],[1,9,17,13,21,22,14,15,5,23],[9,1,5,17,13,21,14,22,15,24],[5,1,21,17,9,13,14,22,23,16],[9,13,5,21,22,14,23,15,1],[1,17,5,21,9,13,14,22,23,15],[21,9,17,5,13,22,14,15,1,23],[1,9,17,21,5,13,14,22,15,2,3,23],[1,13,17,21,14,22,23,15,5],[9,1,13,21,22,14,15,17,5,24],[21,13,22,14,23,15,1,9,17],[17,1,9,13,21,14,22,15,5,2,3,23],[13,9,5,1,21,14,22,23,15],[1,9,13,5,17,21,14,22,23,15],[5,21,13,14,22,23,15,1,17],[17,9,21,13,22,14,23,15,5],[5,13,1,17,9,21,14,22,15,2,24],[17,5,13,1,21,22,14,23,15],[21,17,5,9,13,14,22,23,15],[5,17,13,21,22,14,23,15,9],[21,17,9,13,14,22,15,1,5,23],[13,17,9,1,5,21,22,14,15,23],[17,5,1,13,9,21,22,14,23,15],[5,21,17,9,1,13,22,14,23,16],[17,9,13,5,21,22,14,15,1,23],[21,17,13,22,14,15,9,5,1,23],[13,9,21,22,14,23,15,5,1],[13,1,5,21,14,22,15,9,17,2,23],[17,1,5,13,9,21,14,22,23,15],[17,13,1,5,21,22,14,23,15],[13,5,21,22,14,15,1,17,9,24],[17,9,21,5,1,13,22,14,23,15],[21,13,14,22,15,9,1,5,17,23],[17,5,13,1,9,21,14,22,15,23],[9,21,5,17,13,22,14,15,1,2,3,23],[13,5,17,1,9,21,14,22,23,15],[9,5,1,17,13,21,22,14,23,15],[17,21,5,13,22,14,15,1,9,23],[9,13,5,21,22,14,23,15,1],[1,17,9,5,21,13,22,14,15,23],[13,17,21,22,14,23,15,1,9],[1,9,5,13,17,21,14,22,23,15],[21,13,14,22,23,15,5,9,1],[13,9,17,1,21,22,14,15,5,23],[13,5,21,14,22,15,9,1,17,4,23],[17,1,21,13,22,14,15,9,5,2,3,23],[17,21,1,13,22,14,15,5,9,23],[21,5,17,1,13,22,14,15,9,23],[13,9,5,17,21,22,14,15,1,23],[17,9,21,1,13,14,22,23,15],[9,1,13,21,14,22,23,15,5],[17,13,21,14,22,15,9,5,1,23],[13,1,5,17,21,14,22,15,9,3,24],[13,5,1,21,22,14,23,15,17],[9,21,13,14,22,23,15,17,1],[1,9,5,13,17,21,14,22,15,23],[13,21,14,22,23,15,5,1,9],[9,1,13,21,22,14,15,17,5,2,4,23],[21,5,13,14,22,15,9,17,1,23],[9,1,13,21,14,22,23,15,17],[21,13,14,22,15,5,9,17,1,23],[9,17,21,5,1,13,14,22,15,23],[5,13,17,21,22,14,15,9,1,23],[21,17,1,5,9,13,22,14,15,23],[9,21,17,13,22,14,15,5,1,23],[9,21,17,1,13,22,14,23,15],[1,13,17,5,21,14,22,23,15],[13,21,22,14,15,9,1,17,5,24],[1,13,5,9,17,21,14,22,15,23],[13,5,1,17,21,14,22,15,9,23],[21,9,13,22,14,15,17,1,5,23],[13,17,21,14,22,15,5,1,9,23],[1,17,13,5,9,21,14,22,15,23],[13,5,21,22,14,23,15,17,1],[13,21,22,14,23,15,1,17,9],[5,17,21,13,22,14,15,9,1,23],[21,5,9,13,22,14,23,15,1],[17,13,1,9,5,21,14,22,23,15],[9,13,21,14,22,23,15,17,5],[1,17,5,13,9,21,22,14,23,15],[17,5,1,9,21,13,22,14,23,15],[17,21,9,13,14,22,23,15,1],[5,1,17,21,13,22,14,23,15],[17,13,21,14,22,23,15,5,9],[13,5,1,21,22,14,23,15,9],[17,5,13,1,21,14,22,23,15],[17,13,5,9,21,22,14,15,1,23],[21,5,9,17,1,13,14,22,15,23],[17,13,5,21,22,14,15,9,1,23],[9,5,21,13,14,22,23,15,1],[1,9,21,5,17,13,22,14,23,15],[1,9,5,13,17,21,22,14,23,15],[5,21,1,13,14,22,23,15,9],[9,13,21,22,14,23,15,17,1],[21,1,13,22,14,23,15,9,17],[13,1,5,21,14,22,15,17,9,23],[21,17,9,1,13,22,14,23,16,5],[5,9,17,1,21,13,14,22,15,23],[13,5,17,9,1,21,22,14,23,15],[17,9,13,21,14,22,23,15,5],[5,9,17,1,13,21,14,22,15,23],[1,9,21,17,13,22,14,23,15],[13,17,21,14,22,23,15,9,5],[21,1,5,17,13,22,14,23,15],[17,13,21,14,22,15,5,9,1,2,3,23],[21,17,5,1,9,13,14,22,23,15],[5,13,21,14,22,23,15,9,17],[21,9,17,1,5,13,22,14,23,15],[5,17,13,21,14,22,15,9,1,3,23],[13,1,5,21,14,22,15,17,9,2,23],[9,13,17,21,22,14,15,1,5,4,23],[5,17,13,9,21,14,22,23,15],[5,17,13,21,14,22,15,9,1,23],[21,13,22,14,23,15,1,17,9],[1,21,5,17,9,13,14,22,23,15],[1,17,5,13,21,22,14,23,15],[13,17,21,14,22,23,15,9,5],[9,5,1,13,17,21,22,14,15,23],[21,1,13,14,22,23,15,9,17],[5,1,13,17,21,22,14,23,15],[17,5,9,21,13,22,14,23,15],[9,13,1,21,14,22,15,5,17,24],[5,13,1,17,21,14,22,15,9,23],[21,5,9,1,13,14,22,15,17,2,3,23],[5,13,17,9,21,14,22,15,1,23],[9,1,13,5,21,14,22,23,15],[13,9,1,21,14,22,15,5,17,3,23],[9,21,13,22,14,23,15,5,1],[9,5,21,17,13,22,14,23,15],[17,1,21,13,14,22,23,15,5],[5,17,13,9,21,14,22,23,15],[21,17,9,5,1,13,22,14,15,2,23],[1,21,13,22,14,15,9,17,5,24],[5,13,9,17,21,14,22,15,1,23],[21,9,13,14,22,23,15,5,1],[5,13,21,22,14,15,1,9,17,24],[17,5,9,21,1,13,22,14,15,23],[17,5,21,9,1,13,14,22,15,23],[13,1,9,5,17,21,14,22,15,23],[13,1,21,22,14,15,5,17,9,23],[5,17,1,13,9,21,22,14,15,23],[17,5,9,21,13,14,22,15,1,23],[9,5,13,17,21,14,22,23,15],[17,5,21,1,13,22,14,23,15],[21,9,5,17,13,14,22,23,15],[9,1,21,17,5,13,22,14,15,2,3,23],[5,1,17,21,13,22,14,15,9,23],[21,5,9,13,22,14,15,1,17,23],[13,9,21,22,14,15,1,5,17,23],[5,13,9,21,22,14,15,17,1,23],[5,1,9,13,17,21,14,22,15,2,23],[13,1,21,14,22,15,17,5,9,23],[17,21,13,14,22,23,15,5,9],[17,1,5,21,13,14,22,15,9,23],[9,1,5,17,21,13,14,22,23,15],[17,1,13,9,21,14,22,23,15],[1,9,5,17,21,13,14,22,23,15],[5,21,1,17,13,22,14,23,15],[5,13,9,17,1,21,22,14,23,15],[21,5,1,13,22,14,15,17,9,23],[1,13,9,21,22,14,23,15,5],[13,5,1,21,22,14,23,15,17],[5,1,21,17,13,14,22,23,15],[17,5,21,13,14,22,15,1,9,23],[9,5,21,17,13,14,22,15,1,23],[17,1,21,9,5,13,22,14,23,15],[21,1,13,14,22,23,15,17,9],[1,21,9,13,22,14,15,5,17,23],[1,13,21,22,14,15,17,5,9,23],[13,21,14,22,23,15,1,5,9],[17,1,5,13,21,22,14,15,9,23],[1,9,13,17,5,21,14,22,23,15],[21,1,13,14,22,23,15,9,17],[17,13,1,5,21,14,22,15,9,23],[9,17,21,13,14,22,15,1,5,23],[5,1,21,9,17,13,22,14,23,15],[1,9,13,17,21,14,22,15,5,23],[5,13,21,22,14,23,15,17,1],[17,1,9,13,21,14,22,23,15],[13,5,21,14,22,15,17,9,1,23],[17,9,1,21,13,22,14,15,5,23],[21,9,5,13,14,22,23,15,17],[9,1,13,21,14,22,23,15,5],[17,5,9,13,1,21,14,22,15,23],[21,5,1,13,14,22,23,15,17],[21,1,9,13,22,14,23,15,5],[17,21,1,5,13,22,14,23,15],[5,1,13,21,14,22,23,15,17],[17,5,13,21,14,22,23,15,9],[13,21,14,22,15,17,1,9,5,23],[5,21,17,13,14,22,23,15,1],[13,21,14,22,23,15,5,17,9],[1,21,17,13,14,22,15,5,9,23],[17,5,21,1,9,13,22,14,23,15],[13,21,22,14,15,17,1,5,9,23],[9,17,5,13,1,21,22,14,23,15],[5,21,17,9,1,13,22,14,15,23],[9,5,21,13,22,14,15,17,1,23],[13,5,21,14,22,23,15,17,1],[17,5,13,21,22,14,23,15,9],[1,17,5,9,13,21,14,22,23,15],[13,1,5,17,21,22,14,15,9,24],[13,21,22,14,23,15,1,9,17],[1,21,17,13,14,22,15,5,9,23],[5,1,9,17,13,21,14,22,23,15],[5,17,1,13,21,22,14,15,9,23],[21,5,9,13,14,22,23,15,1],[9,1,17,21,5,13,14,22,23,15],[1,5,17,13,21,14,22,15,9,23],[13,5,9,1,21,14,22,23,15],[5,13,1,21,22,14,23,15,17],[13,17,9,21,14,22,23,15,5],[5,17,13,9,1,21,14,22,23,15],[13,1,9,17,21,14,22,15,5,23],[5,1,13,9,17,21,22,14,23,15],[5,13,1,21,22,14,15,9,17,23],[13,21,14,22,15,9,5,1,17,23],[13,21,22,14,15,1,5,9,17,23],[5,17,9,13,1,21,14,22,23,15],[5,17,9,21,1,13,14,22,23,15],[9,1,21,13,14,22,15,17,5,23],[1,21,5,9,13,22,14,23,15],[5,13,9,21,14,22,23,15,1],[13,9,5,1,21,14,22,23,15],[13,5,17,9,21,14,22,15,1,23],[21,13,14,22,23,15,9,17,5],[17,13,1,9,5,21,14,22,23,15],[17,9,13,21,22,14,15,5,1,23],[1,21,5,17,13,22,14,15,9,23],[5,17,9,1,13,21,22,14,23,15],[21,9,1,13,22,14,23,15,17],[21,13,22,14,15,17,5,1,9,23],[13,17,5,9,1,21,22,14,15,23],[13,17,21,14,22,15,5,9,1,23],[21,1,9,13,22,14,23,15,5],[17,13,9,21,22,14,15,1,5,23],[5,1,17,13,9,21,22,14,15,23],[1,17,13,9,21,22,14,15,5,23],[17,5,9,13,21,22,14,15,1,23],[21,13,14,22,23,15,1,9,17],[9,17,1,13,5,21,14,22,23,15],[5,9,1,13,17,21,22,14,23,15],[9,21,5,17,1,13,22,14,23,15],[5,9,17,21,13,14,22,23,15],[1,9,5,17,13,21,22,14,23,15],[5,9,21,17,1,13,22,14,23,16],[21,9,5,17,1,13,14,22,15,23],[17,1,21,13,14,22,15,9,5,24],[17,9,13,5,21,14,22,23,15],[9,13,1,5,17,21,22,14,15,23],[13,5,9,21,22,14,23,15,1],[13,21,14,22,15,5,9,17,1,23],[21,13,22,14,23,15,17,1,5],[5,1,13,9,21,14,22,23,15],[21,5,9,17,13,22,14,15,1,3,23],[21,13,14,22,23,15,1,17,9],[21,13,22,14,15,1,9,5,17,23],[5,21,13,22,14,15,17,1,9,23],[1,17,21,9,5,13,22,14,23,15],[17,21,13,22,14,23,15,5,9],[5,21,17,1,9,13,22,14,23,15],[9,1,21,13,22,14,23,15,5],[5,1,17,9,21,13,22,14,15,23],[9,17,21,5,1,13,22,14,23,15],[5,17,21,9,13,14,22,15,1,23],[13,21,14,22,23,15,17,5,1],[13,1,9,17,5,21,22,14,23,15],[1,17,5,9,21,13,14,22,15,23],[21,1,5,17,13,14,22,23,15],[5,13,17,21,22,14,15,1,9,4,23],[21,5,1,17,9,13,14,22,23,15],[5,13,9,17,1,21,14,22,15,2,4,23],[5,13,17,21,14,22,15,1,9,23],[13,17,5,9,1,21,22,14,23,15],[13,1,17,9,5,21,14,22,15,23],[1,5,17,21,9,13,22,14,15,24],[5,17,9,21,1,13,14,22,23,15],[1,17,5,21,9,13,22,14,15,23],[13,1,17,9,5,21,14,22,23,15],[1,5,17,13,9,21,22,14,15,23],[9,5,13,21,22,14,15,17,1,23],[17,21,13,14,22,23,15,5,9],[9,5,13,21,14,22,15,1,17,23],[13,17,5,1,9,21,14,22,15,23],[5,1,17,13,9,21,14,22,15,23],[21,1,9,13,14,22,15,5,17,23],[13,17,1,21,14,22,23,16,9,5],[9,5,21,17,1,13,22,14,15,2,23],[21,1,17,13,22,14,15,5,9,23],[17,9,5,13,1,21,22,14,15,23],[17,13,1,21,22,14,15,5,9,23],[17,5,13,21,22,14,23,15,9],[5,13,1,21,14,22,15,9,17,23],[17,9,1,21,13,22,14,15,5,2,3,23],[9,13,5,1,21,14,22,23,15],[1,17,21,9,13,22,14,23,15],[17,9,1,13,21,22,14,23,15],[5,21,1,9,17,13,22,14,15,23],[1,9,5,21,13,22,14,15,17,23],[5,13,21,14,22,23,15,9,17],[9,21,13,14,22,15,17,1,5,23],[1,21,13,14,22,15,17,5,9,23],[17,5,1,9,21,13,14,22,15,2,3,24],[21,5,13,14,22,23,15,9,17],[5,17,21,9,1,13,22,14,23,15],[13,21,22,14,23,15,1,9,17],[1,13,17,5,21,22,14,15,9,23],[21,17,9,13,14,22,15,5,1,23],[1,13,21,22,14,15,9,17,5,23],[9,5,17,21,1,13,22,14,15,23],[13,21,14,22,23,15,17,5,1],[13,9,17,1,5,21,22,14,15,23],[13,5,21,14,22,15,1,17,9,23],[21,9,1,13,14,22,23,15,17],[13,5,17,21,22,14,15,9,1,24],[21,1,9,5,17,13,22,14,15,23],[5,13,1,21,22,14,23,15,17],[13,21,14,22,15,5,1,17,9,23],[9,13,21,14,22,15,1,17,5,2,3,24],[21,13,22,14,23,15,5,9,1],[13,1,9,21,22,14,23,15,5],[13,17,5,9,21,14,22,23,15],[5,17,9,21,1,13,14,22,23,15],[9,13,5,21,14,22,23,15,1],[5,13,9,17,1,21,14,22,23,15],[17,21,1,13,22,14,15,5,9,24],[17,21,5,9,1,13,22,14,23,15],[5,17,1,21,9,13,22,14,23,15],[21,1,5,9,17,13,22,14,23,15],[5,1,21,9,13,14,22,15,17,23],[21,5,13,14,22,15,1,17,9,23],[5,17,21,13,22,14,23,15,9],[5,1,13,9,21,22,14,23,15],[17,21,9,1,13,22,14,15,5,23],[17,13,21,22,14,23,15,9,5],[9,5,1,13,21,22,14,23,15],[9,1,17,21,13,22,14,15,5,23],[21,17,13,14,22,23,15,1,9],[9,17,21,1,13,14,22,15,5,2,3,23],[5,9,13,1,21,14,22,15,17,23],[21,13,14,22,15,17,9,5,1,23],[17,1,21,13,22,14,15,5,9,23],[13,1,21,14,22,15,17,9,5,3,23],[17,9,1,21,5,13,14,22,23,15],[21,1,9,17,13,22,14,23,15],[21,5,9,17,13,22,14,15,1,23],[13,17,9,5,21,22,14,23,15],[1,17,5,21,13,22,14,15,9,23],[13,9,17,21,14,22,15,5,1,23],[13,9,17,21,14,22,23,15,1],[1,13,17,5,21,22,14,23,15],[13,21,22,14,23,15,17,1,9],[5,21,17,1,13,14,22,23,15],[21,9,1,17,13,14,22,23,15],[5,1,21,13,22,14,15,17,9,23],[5,9,1,21,17,13,22,14,15,23],[13,21,14,22,23,15,9,5,17],[5,17,9,1,21,13,22,14,15,23],[9,5,13,1,17,21,14,22,23,15],[13,1,9,17,21,14,22,23,15],[21,1,9,17,13,14,22,23,15],[1,17,21,13,14,22,23,15,5],[1,9,5,21,17,13,14,22,23,15],[21,1,13,14,22,23,15,17,9],[1,13,9,21,14,22,23,15,17],[9,1,13,21,22,14,15,17,5,23],[5,21,9,17,13,22,14,15,1,23],[9,1,17,21,13,14,22,23,15],[1,21,9,5,13,22,14,23,15],[17,13,9,5,1,21,22,14,15,23],[5,21,1,13,22,14,23,15,9],[13,21,22,14,23,15,1,17,5],[1,13,21,22,14,23,15,17,5],[17,9,1,21,5,13,22,14,15,23],[13,5,1,21,14,22,15,17,9,23],[21,17,13,14,22,15,5,9,1,23],[21,5,1,13,22,14,15,9,17,23],[1,21,5,13,14,22,15,17,9,23],[5,13,17,1,9,21,14,22,23,15],[5,21,17,9,1,13,14,22,15,4,23],[9,1,17,5,13,21,22,14,15,23],[17,5,1,21,9,13,22,14,23,15],[5,9,17,21,1,13,14,22,23,15],[21,17,9,1,13,14,22,15,5,23],[13,17,21,22,14,23,15,1,9],[5,1,21,9,13,22,14,15,17,23],[9,21,17,5,1,13,14,22,15,23],[5,13,17,21,22,14,23,15,9],[9,5,21,1,17,13,22,14,23,15],[17,21,13,22,14,23,15,9,1],[17,5,13,21,14,22,23,15,9],[21,5,1,9,17,13,14,22,15,23],[9,5,1,13,21,22,14,23,15],[1,17,5,13,21,22,14,15,9,2,23],[21,17,9,13,14,22,15,5,1,23],[9,5,13,1,17,21,14,22,15,3,23],[13,9,5,21,14,22,23,15,17],[5,13,21,22,14,15,1,17,9,23],[9,17,5,13,1,21,22,14,23,15],[13,5,9,21,22,14,23,15,1],[9,17,13,1,5,21,14,22,23,15],[1,17,5,13,9,21,22,14,23,15],[17,9,1,21,13,14,22,15,5,23],[21,13,14,22,23,15,17,1,9],[13,17,5,21,14,22,23,15,9],[1,5,17,9,13,21,22,14,15,23],[17,5,9,13,1,21,14,22,23,15],[9,13,17,21,22,14,23,15,1],[1,21,13,22,14,15,17,5,9,23],[5,13,9,17,1,21,14,22,23,15],[1,13,9,5,17,21,14,22,23,15],[9,1,13,17,5,21,22,14,15,24],[21,17,13,22,14,15,9,5,1,23],[9,13,1,5,21,14,22,23,15],[5,9,1,21,13,22,14,23,15],[1,21,5,9,13,14,22,23,15],[17,1,13,9,21,14,22,23,15],[13,5,21,22,14,15,17,9,1,23],[1,21,5,17,13,22,14,23,15],[13,17,1,21,14,22,23,15,9],[13,21,14,22,23,15,17,5,9],[9,21,17,13,22,14,15,1,5,23],[9,13,21,14,22,23,15,17,1],[5,9,1,17,21,13,14,22,23,15],[17,5,1,9,21,13,14,22,15,23],[9,1,17,5,21,13,14,22,15,23],[1,17,5,13,21,22,14,23,15],[9,5,17,13,21,14,22,23,15],[9,13,17,21,22,14,15,5,1,2,3,23],[17,1,5,9,13,21,22,14,23,15],[17,1,5,21,9,13,14,22,15,23],[5,9,1,17,21,13,22,14,23,15],[5,1,9,21,13,22,14,15,17,2,23],[17,21,5,1,13,14,22,23,15],[13,5,9,17,1,21,14,22,23,15],[5,9,21,13,22,14,15,1,17,23],[5,13,17,21,22,14,15,1,9,2,23],[9,5,21,1,13,22,14,23,15],[5,1,17,9,13,21,22,14,15,24],[17,1,9,5,21,13,14,22,15,24],[1,13,21,22,14,15,5,17,9,23],[21,9,17,13,22,14,23,15,5],[21,5,1,13,14,22,23,15,17],[9,5,13,1,17,21,22,14,15,23],[1,13,9,17,21,22,14,23,15],[5,9,21,17,13,22,14,15,1,23],[17,1,13,21,14,22,15,9,5,23],[13,1,21,14,22,23,15,9,5],[17,5,1,9,21,13,14,22,23,15],[21,9,1,17,5,13,22,14,23,15],[21,5,17,13,22,14,23,15,1],[1,17,9,5,21,13,14,22,15,23],[1,5,9,17,21,13,22,14,23,15],[17,1,21,13,14,22,23,15,9],[13,9,17,21,22,14,23,15,1],[21,17,9,1,5,13,22,14,23,15],[21,13,14,22,15,9,5,17,1,23],[21,9,1,5,13,22,14,15,17,23],[13,1,21,14,22,15,17,9,5,2,3,23],[17,13,5,1,21,14,22,15,9,23],[9,13,17,1,5,21,14,22,15,23],[5,1,17,13,21,14,22,23,15],[13,17,5,9,1,21,22,14,15,23],[1,21,5,17,9,13,22,14,15,23],[21,5,13,22,14,15,9,1,17,23],[9,21,13,14,22,23,15,5,17],[9,21,17,1,13,14,22,23,15],[21,1,5,13,14,22,23,15,17],[21,13,22,14,15,5,17,9,1,24],[9,5,1,13,21,14,22,15,17,23],[13,5,21,14,22,23,15,17,9],[17,1,21,13,22,14,23,15,9],[9,17,13,5,21,14,22,15,1,23],[21,13,22,14,15,17,5,1,9,24],[5,9,21,1,13,22,14,23,15],[17,13,5,21,22,14,15,9,1,23],[13,9,5,17,21,22,14,15,1,23],[17,5,9,13,21,22,14,23,15],[13,17,9,21,22,14,23,15,5],[5,13,17,1,21,22,14,15,9,23],[17,13,5,9,1,21,14,22,15,23],[9,13,5,1,21,22,14,15,17,23],[17,21,13,14,22,23,15,9,5],[1,17,5,21,13,22,14,23,16,9],[1,13,9,17,5,21,14,22,23,15],[1,13,9,17,21,14,22,23,15],[13,9,21,14,22,15,5,17,1,23],[1,13,9,5,17,21,22,14,15,23],[21,17,9,5,13,22,14,15,1,23],[13,21,14,22,15,9,17,5,1,23],[13,1,17,21,14,22,15,9,5,24],[1,17,5,13,9,21,14,22,15,23],[9,13,1,17,5,21,14,22,15,23],[17,9,21,1,13,14,22,15,5,24],[5,13,21,22,14,15,1,17,9,24],[1,21,13,14,22,23,15,9,5],[5,13,21,22,14,15,1,17,9,23],[21,17,9,13,22,14,23,15,5],[5,21,9,13,14,22,23,15,17],[5,1,9,21,13,14,22,23,15],[1,21,9,5,13,14,22,23,15],[21,17,9,13,14,22,15,1,5,4,23],[9,21,17,13,14,22,15,5,1,23],[21,9,13,14,22,15,1,17,5,23],[5,17,1,13,9,21,14,22,23,15],[5,21,9,13,14,22,15,1,17,23],[9,1,13,21,22,14,23,15,5],[5,17,21,1,13,14,22,23,15],[13,17,21,14,22,23,15,9,5],[13,9,17,1,21,22,14,23,15],[21,1,13,22,14,23,15,5,9],[5,1,17,13,9,21,14,22,15,23],[5,1,13,17,21,14,22,23,15],[17,21,9,13,14,22,15,5,1,23],[1,5,9,13,17,21,22,14,23,16],[1,5,9,21,13,14,22,15,17,23],[9,1,21,13,14,22,15,17,5,24],[13,5,21,14,22,15,9,1,17,23],[5,17,13,1,21,22,14,23,16,9],[21,1,5,17,13,22,14,23,15],[5,17,9,1,13,21,14,22,23,15],[9,13,5,21,14,22,23,15,17],[5,17,21,13,14,22,15,9,1,23],[9,17,21,5,13,22,14,15,1,23],[1,13,21,14,22,23,15,9,17],[21,17,5,13,22,14,23,15,9],[9,13,5,1,21,22,14,15,17,23],[1,17,9,21,13,14,22,15,5,23],[1,17,9,13,5,21,14,22,15,23],[5,21,13,22,14,23,15,9,17],[1,17,13,21,22,14,15,5,9,23],[9,1,13,5,17,21,22,14,23,15],[13,1,17,21,14,22,15,5,9,23],[9,5,17,1,13,21,14,22,15,23],[17,1,9,13,21,14,22,23,15],[5,21,9,17,1,13,22,14,15,23],[21,9,1,17,13,22,14,15,5,23],[21,13,14,22,15,1,17,5,9,23],[5,17,21,9,1,13,14,22,15,23],[9,21,13,22,14,15,5,1,17,23],[9,13,5,1,17,21,14,22,15,24],[13,5,21,14,22,23,15,9,1],[13,1,17,9,5,21,22,14,15,24],[5,17,21,1,13,22,14,15,9,23],[13,9,5,17,21,22,14,15,1,23],[9,1,21,5,17,13,22,14,15,23],[21,17,9,1,13,14,22,23,15],[13,21,22,14,23,15,1,9,17],[5,9,13,17,1,21,22,14,15,23],[9,13,21,14,22,15,5,17,1,23],[21,1,13,22,14,23,15,17,9],[21,1,9,13,14,22,15,5,17,23],[1,5,13,9,21,22,14,15,17,24],[9,17,5,21,13,14,22,15,1,23],[13,21,14,22,23,15,5,9,1],[5,17,21,9,1,13,22,14,23,15],[13,21,14,22,15,5,17,9,1,23],[21,9,13,14,22,23,15,5,1],[17,9,21,1,5,13,22,14,15,23],[17,1,5,9,13,21,14,22,15,4,24],[9,21,1,17,5,13,22,14,15,24],[13,21,22,14,15,9,5,17,1,2,23],[1,21,9,13,14,22,23,15,5],[13,9,5,17,1,21,14,22,23,15],[13,5,9,1,17,21,22,14,23,15],[21,9,17,13,14,22,15,5,1,23],[21,1,17,13,14,22,23,15,5],[21,1,17,13,22,14,23,15,5],[17,5,1,13,21,14,22,23,15],[5,13,1,17,21,22,14,23,15],[21,1,5,13,14,22,23,15,17],[9,13,5,17,21,14,22,15,1,23],[17,5,1,9,21,13,22,14,23,15],[5,21,17,1,13,14,22,15,9,23],[9,13,21,14,22,23,15,1,5],[17,21,9,13,14,22,23,15,5],[5,21,9,1,17,13,14,22,15,23],[1,13,5,21,22,14,15,9,17,24],[9,1,5,21,17,13,14,22,23,15],[17,13,9,5,1,21,22,14,15,23],[13,5,17,9,21,14,22,23,15],[1,13,17,21,14,22,23,15,9],[5,21,17,13,14,22,15,9,1,23],[9,13,21,14,22,23,15,17,1],[5,13,9,17,1,21,22,14,15,23],[9,21,17,5,13,14,22,23,15],[5,13,9,21,14,22,15,1,17,23],[17,1,9,13,21,22,14,23,15],[9,5,1,17,13,21,22,14,23,15],[21,13,22,14,15,9,1,17,5,23],[9,1,17,13,5,21,14,22,15,24],[9,17,5,1,21,13,14,22,23,15],[21,17,5,1,9,13,22,14,23,15],[9,5,17,21,13,22,14,15,1,23],[17,5,1,9,21,13,22,14,23,15],[9,13,17,21,14,22,15,1,5,24],[9,1,21,13,22,14,23,15,5],[17,9,1,5,21,13,22,14,15,23],[13,21,22,14,23,15,9,5,1],[5,9,13,17,1,21,22,14,23,15],[17,9,21,1,13,14,22,15,5,23],[13,21,22,14,23,15,5,17,9],[13,17,21,22,14,23,15,5,9],[13,5,9,17,1,21,14,22,15,23],[9,21,17,5,13,22,14,15,1,23],[21,17,13,14,22,15,5,9,1,24],[13,17,9,21,14,22,15,5,1,3,23],[17,9,13,5,21,22,14,15,1,23],[5,21,13,22,14,15,17,9,1,23],[13,1,5,9,17,21,14,22,15,3,23],[1,5,21,9,13,22,14,15,17,23],[9,1,13,21,22,14,23,15,5],[9,17,21,5,1,13,22,14,15,23],[9,1,13,21,14,22,23,15,5],[17,13,5,21,14,22,23,15,9],[21,17,5,9,1,13,22,14,23,15],[21,9,1,13,22,14,23,15,17],[21,17,13,22,14,15,9,1,5,23],[17,5,1,9,21,13,22,14,15,23],[9,17,13,21,14,22,23,15,1],[9,17,5,21,1,13,14,22,15,23],[5,13,1,21,22,14,23,15,17],[1,5,17,9,13,21,22,14,15,2,3,23],[5,21,13,22,14,15,17,9,1,23],[17,21,5,1,13,22,14,15,9,2,3,23],[5,21,1,9,17,13,14,22,23,15],[9,1,5,17,21,13,14,22,15,23],[13,1,17,5,21,22,14,23,15],[9,17,13,5,21,22,14,15,1,23],[1,5,17,21,13,14,22,15,9,23],[1,5,13,9,17,21,22,14,23,15],[17,9,13,5,21,14,22,15,1,23],[17,21,13,14,22,23,15,5,9],[13,17,9,1,5,21,14,22,23,15],[9,21,13,22,14,23,15,17,1],[21,5,17,9,13,14,22,15,1,23],[17,9,1,21,13,14,22,23,15],[1,13,17,5,21,22,14,15,9,23],[21,13,14,22,23,15,5,1,9],[5,9,1,21,13,14,22,23,15],[9,17,5,1,21,13,22,14,23,15],[1,5,17,21,9,13,14,22,15,23],[17,1,13,5,21,14,22,15,9,23],[9,5,17,13,21,22,14,15,1,4,23],[17,5,21,1,13,22,14,23,15],[13,17,21,14,22,23,15,5,9],[13,1,21,14,22,23,15,9,17],[9,21,1,17,13,14,22,23,15],[13,9,5,21,22,14,15,1,17,23],[1,17,9,5,21,13,14,22,15,23],[17,21,5,13,14,22,15,1,9,23],[13,1,5,17,21,22,14,23,16,9],[5,9,17,13,21,22,14,23,15],[21,5,1,13,22,14,15,17,9,23],[9,5,17,1,21,13,14,22,15,23],[5,17,9,13,21,14,22,15,1,23],[21,5,9,13,14,22,23,15,1],[17,21,1,5,13,22,14,15,9,23],[5,1,17,21,13,22,14,15,9,23],[13,9,17,5,21,22,14,23,15],[1,17,9,5,21,13,14,22,15,23],[5,9,17,1,21,13,14,22,15,23],[1,17,5,21,9,13,22,14,15,2,3,23],[5,21,9,1,13,14,22,23,15],[13,5,17,9,21,22,14,23,15],[5,1,9,13,21,22,14,23,15],[5,21,9,17,1,13,22,14,23,15],[21,13,14,22,15,9,5,17,1,23],[5,9,17,13,1,21,14,22,23,15],[13,17,9,21,14,22,15,5,1,23],[21,9,5,1,13,14,22,15,17,23],[9,17,21,1,5,13,22,14,15,23],[5,9,13,17,21,22,14,15,1,23],[9,5,21,17,13,22,14,23,15],[5,1,21,9,17,13,22,14,23,15],[17,13,5,9,1,21,14,22,23,15],[13,5,1,21,22,14,23,15,17],[13,1,5,17,21,14,22,23,15],[21,1,9,5,13,14,22,15,17,23],[9,5,21,13,14,22,23,15,17],[17,5,13,21,14,22,23,15,1],[21,17,13,22,14,23,15,1,9],[9,1,21,13,22,14,23,15,5],[21,9,5,13,22,14,15,17,1,3,23],[5,21,1,17,13,14,22,15,9,23],[17,13,21,22,14,15,5,9,1,2,3,23],[21,17,5,13,22,14,23,15,1],[5,17,21,1,13,22,14,23,15],[1,17,9,13,5,21,22,14,15,23],[1,5,21,17,13,14,22,15,9,23],[1,21,13,22,14,23,15,9,5],[13,1,9,17,5,21,22,14,15,23],[13,17,5,1,21,14,22,15,9,23],[1,17,5,21,13,14,22,15,9,23],[21,5,13,14,22,15,1,9,17,23],[9,1,21,13,22,14,15,17,5,2,3,23],[1,9,17,5,21,13,14,22,23,15],[1,13,17,5,9,21,14,22,15,23],[17,5,21,13,14,22,15,1,9,23],[21,1,13,22,14,23,15,9,17],[17,9,1,13,21,14,22,15,5,23],[1,21,13,14,22,23,15,9,5],[1,17,9,5,13,21,22,14,23,15],[21,1,17,5,13,14,22,23,15],[1,5,13,21,14,22,23,15,17],[9,1,21,17,5,13,14,22,15,23],[17,9,5,13,1,21,22,14,23,15],[9,13,21,14,22,15,5,1,17,23],[5,13,9,21,22,14,15,1,17,23],[9,17,21,5,1,13,22,14,15,23],[21,1,9,5,17,13,14,22,23,15],[5,13,21,22,14,15,1,17,9,24],[9,1,21,17,13,22,14,15,5,23],[9,5,13,17,21,22,14,23,15],[13,17,5,9,1,21,22,14,23,15],[9,1,17,5,21,13,22,14,23,15],[9,21,5,1,17,13,14,22,15,23],[17,13,1,5,21,14,22,15,9,23],[9,17,13,5,21,22,14,23,15],[17,1,5,13,21,14,22,23,15],[13,5,1,17,9,21,14,22,23,15],[9,17,21,1,5,13,22,14,15,23],[17,1,9,5,21,13,14,22,15,23],[9,21,13,22,14,15,1,17,5,23],[1,17,5,21,9,13,22,14,23,15],[5,13,21,14,22,15,1,9,17,24],[13,17,5,1,21,14,22,15,9,23],[21,17,5,9,1,13,22,14,15,23],[9,21,5,1,13,14,22,15,17,23],[1,5,13,9,17,21,22,14,23,15],[21,9,13,22,14,15,1,5,17,2,23],[9,1,17,5,21,13,22,14,15,23],[9,1,21,13,22,14,15,5,17,2,3,23],[17,21,1,13,14,22,23,15,5],[9,13,1,5,17,21,22,14,15,23],[13,5,21,22,14,15,1,9,17,23],[9,17,1,5,13,21,14,22,15,23],[5,17,13,1,9,21,14,22,15,23],[17,1,5,9,13,21,22,14,15,23],[17,9,5,1,13,21,22,14,15,23],[5,13,21,14,22,15,17,9,1,23],[9,21,13,14,22,15,5,1,17,23],[17,1,9,5,13,21,14,22,15,23],[21,1,5,9,13,14,22,15,17,24],[9,13,21,22,14,23,15,17,1],[1,17,5,13,9,21,14,22,15,23],[1,9,17,5,13,21,22,14,23,15],[5,13,9,1,21,14,22,23,15],[5,21,13,22,14,15,1,9,17,23],[9,21,17,13,14,22,15,1,5,23],[9,1,21,5,13,22,14,15,17,2,3,23],[21,13,14,22,15,9,17,5,1,23],[13,1,9,21,22,14,23,15,5],[9,21,17,5,13,14,22,23,15],[17,9,5,1,13,21,22,14,23,15],[17,21,5,1,13,22,14,15,9,23],[1,9,21,13,14,22,15,5,17,2,23],[21,17,1,5,9,13,14,22,23,15],[9,21,17,5,13,22,14,23,15],[9,5,17,1,21,13,14,22,23,15],[5,21,1,13,14,22,15,17,9,3,23],[5,21,13,14,22,15,9,1,17,23],[1,5,9,13,17,21,22,14,15,23],[13,21,22,14,15,17,5,1,9,23],[17,13,1,5,9,21,14,22,23,15],[17,5,9,1,21,13,14,22,23,15],[13,1,9,21,14,22,15,17,5,23],[13,1,5,17,9,21,22,14,15,4,23],[17,13,5,1,9,21,22,14,15,23],[13,9,17,1,21,22,14,23,15],[9,17,5,1,21,13,14,22,15,23],[9,5,17,1,13,21,14,22,23,15],[1,5,13,21,22,14,23,16,9,17],[1,21,17,9,13,22,14,15,5,23],[5,21,1,17,9,13,22,14,15,23],[17,21,5,9,13,22,14,15,1,24],[9,1,21,13,22,14,15,17,5,24],[5,17,13,21,22,14,23,15,9],[5,13,21,22,14,23,15,9,1],[21,5,13,22,14,23,15,17,9],[21,17,13,14,22,23,15,5,1],[17,5,9,13,21,14,22,15,1,23],[21,5,17,9,1,13,22,14,15,23],[5,17,13,1,9,21,14,22,15,23],[17,13,5,1,21,14,22,23,15],[13,5,1,17,9,21,14,22,23,15],[1,17,21,13,14,22,23,15,5],[1,5,9,21,13,14,22,23,15],[9,13,17,5,21,22,14,23,15],[5,17,21,1,13,22,14,23,15],[9,5,21,13,14,22,23,15,1],[1,9,13,21,22,14,23,15,17],[9,21,5,1,17,13,14,22,23,15],[17,1,21,13,14,22,15,9,5,23],[13,17,21,22,14,15,5,9,1,23],[5,13,9,17,1,21,14,22,15,2,23],[1,9,5,13,17,21,14,22,23,15],[13,5,21,14,22,23,15,17,9],[9,1,5,21,17,13,14,22,23,15],[21,17,13,14,22,23,15,1,9],[13,21,14,22,15,5,9,1,17,23],[9,17,5,13,21,22,14,15,1,24],[1,5,17,9,13,21,14,22,15,23],[21,9,17,1,5,13,14,22,23,15],[5,13,1,17,21,22,14,23,15],[1,17,5,13,9,21,14,22,23,15],[9,13,21,14,22,23,15,5,1],[17,21,1,5,9,13,22,14,15,2,3,23],[1,9,21,13,14,22,15,5,17,23],[9,5,17,13,1,21,22,14,15,24],[1,5,13,21,22,14,15,17,9,3,23],[5,1,9,13,21,22,14,23,15],[5,13,9,1,17,21,22,14,23,15],[13,9,1,5,21,14,22,23,15],[17,13,21,22,14,15,1,9,5,23],[13,17,1,5,9,21,22,14,23,15],[17,5,13,1,9,21,14,22,23,15],[5,1,13,17,21,22,14,23,15],[17,9,1,21,13,14,22,15,5,23],[13,5,1,17,9,21,14,22,23,15],[21,1,9,17,13,22,14,15,5,23],[9,17,21,1,5,13,22,14,23,15],[13,1,5,9,21,14,22,15,17,23],[9,5,1,21,13,22,14,15,17,23],[13,9,17,1,5,21,22,14,23,15],[9,13,17,21,14,22,15,1,5,23],[9,21,13,22,14,15,5,17,1,23],[21,1,17,5,13,22,14,15,9,23],[13,17,1,5,9,21,14,22,15,23],[9,13,21,22,14,15,5,1,17,23],[13,9,1,21,22,14,15,17,5,23],[17,5,9,1,21,13,14,22,23,15],[5,9,17,21,1,13,14,22,15,23],[1,5,17,21,13,22,14,15,9,23],[21,9,17,13,22,14,15,1,5,23],[21,13,22,14,23,15,17,9,1],[1,17,5,21,9,13,14,22,15,23],[13,9,21,22,14,23,15,5,1],[21,1,5,9,13,14,22,23,15],[5,1,9,21,13,14,22,15,17,23],[1,5,17,9,13,21,14,22,23,15],[17,9,5,13,1,21,14,22,15,23],[9,1,13,5,17,21,22,14,23,15],[21,5,13,22,14,15,1,9,17,23],[1,9,21,17,5,13,22,14,15,23],[9,5,21,1,13,14,22,15,17,23],[13,21,14,22,23,15,1,9,5],[17,1,5,13,9,21,14,22,15,23],[21,9,17,13,22,14,23,15,1],[13,9,1,5,17,21,14,22,23,15],[21,5,17,1,9,13,14,22,23,15],[9,5,17,21,1,13,22,14,23,15],[17,1,13,5,21,22,14,15,9,23],[21,13,14,22,15,5,17,1,9,2,3,23],[13,9,1,17,21,22,14,15,5,23],[5,17,1,9,13,21,14,22,23,15],[9,5,1,17,13,21,14,22,15,23],[1,5,17,21,13,22,14,23,15],[5,9,17,1,13,21,22,14,15,23],[5,13,9,17,21,22,14,23,16,1],[13,1,5,21,14,22,23,15,17],[17,5,13,9,21,14,22,15,1,2,23],[13,1,9,21,14,22,15,5,17,23],[21,13,22,14,15,17,1,9,5,23],[1,5,13,9,17,21,22,14,23,15],[9,17,21,5,1,13,14,22,15,23],[21,5,9,1,13,14,22,15,17,23],[13,9,5,17,21,14,22,15,1,23],[9,5,1,21,13,14,22,23,15],[17,13,5,1,9,21,22,14,23,15],[1,9,21,17,5,13,22,14,15,24],[5,21,1,9,17,13,14,22,15,23],[21,5,1,17,9,13,22,14,15,23],[1,5,9,21,17,13,22,14,23,15],[17,21,1,5,9,13,14,22,15,23],[13,9,21,22,14,15,17,1,5,23],[13,9,1,5,17,21,14,22,23,15],[17,13,1,5,21,22,14,23,15]],"n_human":9}