{"problem_id":"q3TRZwTlyo0X8Yu","sigma":150,"alpha":1.000,"cost":4,"probabilities":"[0.23, 0.2, 0.28, 0.29]","payoff_matrix":"[[52, 83, -77, -53, -58, 69], [-55, -150, 4, -181, 155, -45], [-66, -27, -21, -41, 71, 55], [-236, 227, -210, -129, 92, 40]]","uncovered":[[24,4,16,12,8,20,19,7,17,5],[8,4,12,20,19,7,5,17],[20,12,16,4,24,19,8,7,5],[16,8,20,7,19,5,17],[24,20,19,12,4,8,7,5],[24,4,12,20,19,8,7,5],[24,12,20,19,4,16,8,7,5],[12,4,16,24,20,19,8,7,5],[16,20,8,19,7,17,12,24,4,5],[4,24,16,12,20,23,19,8,7,17,5],[24,8,20,7,19,5,17],[16,12,4,8,20,19,7,5],[4,12,8,24,19,20,7,5],[20,8,7,19,5,17],[20,16,4,24,19,8,7,5],[8,24,16,12,4,20,7,19,5],[16,12,24,4,8,20,7,19,5],[24,4,8,20,7,19,17,16,11,5],[16,8,12,4,24,20,7,19,17,5],[24,8,12,4,20,7,19,5],[24,16,8,12,4,20,19,7,5],[4,24,16,12,20,19,8,7,5],[12,16,20,24,19,4,8,7,17,5],[8,12,4,20,7,19,5],[16,24,12,20,23,19,4,8,7,5],[8,12,20,19,7,17,4,16,24,5],[24,4,16,12,20,8,19,7,5],[20,12,4,24,23,19,8,7,17,16,5],[12,16,24,20,19,4,8,7,5],[12,8,16,4,24,20,7,19,5],[12,20,4,24,19,16,8,7,17,5],[4,12,8,20,7,19,5],[24,20,16,19,8,7,17,4,12,5],[8,20,7,19,17,16,24,12,4,5],[20,4,12,16,8,19,7,5],[4,12,16,8,24,20,19,7,17,5],[12,8,20,7,19,5,17],[16,12,4,20,8,7,19,5],[4,8,16,24,20,7,19,17,12,5],[24,16,8,4,20,7,19,17,12,5],[20,8,7,19,5,17],[12,24,8,16,4,20,19,7,17,5],[4,24,16,20,8,7,19,17,12,5],[8,4,16,20,19,7,17,24,12,5],[24,4,8,16,12,20,7,19,5],[8,4,20,7,19,5,17],[16,20,12,8,19,7,17,24,4,5],[12,16,8,24,20,19,7,17,4,5],[4,16,24,20,23,19,12,8,7,17,5],[16,20,8,7,19,5,17],[8,24,16,12,4,20,19,7,17,5],[12,24,16,4,20,23,19,8,7,17,5],[4,8,20,7,19,5,17],[4,24,12,8,16,20,19,7,5],[24,16,20,8,7,19,5,17],[4,12,8,24,20,19,7,5],[8,16,20,19,7,17,24,4,12,5],[20,4,8,19,7,17,16,12,24,5],[12,8,15,24,20,7,19,5,17],[24,12,20,23,19,8,7,5,17],[12,4,8,24,20,7,19,17,16,5],[16,20,24,23,19,8,7,5,17],[12,16,4,20,24,23,19,8,7,5],[24,4,12,8,16,20,7,19,5],[24,12,20,19,8,7,17,16,4,5],[24,16,12,8,4,20,19,7,17,5],[16,4,24,12,8,20,19,7,17,5],[8,16,4,24,12,20,19,7,5],[4,20,16,8,19,7,17,24,12,5],[8,24,20,19,7,17,16,12,4,5],[8,3,12,16,24,20,7,19,5],[16,12,4,8,20,19,7,5],[20,12,8,19,7,17,16,24,4,5],[12,4,16,8,24,20,19,7,5],[16,20,12,4,8,7,19,5],[4,16,12,8,20,19,7,5],[12,24,8,16,20,7,19,5],[4,8,19,20,7,17,24,16,12,5],[8,12,16,4,24,20,7,19,5],[12,4,20,24,8,7,19,5],[20,4,16,8,19,7,5],[12,20,16,4,24,23,19,8,7,17,5],[24,16,8,12,20,19,7,5],[4,16,8,24,12,20,7,19,17,5],[8,16,4,24,12,20,7,19,5],[24,12,20,19,8,7,17,4,16,5],[12,20,16,4,24,19,8,7,5],[12,4,16,24,8,20,7,19,5],[8,16,4,12,20,19,7,17,24,5],[20,12,24,4,23,19,8,7,5],[12,24,4,8,20,19,7,17,16,5],[20,12,4,16,24,19,8,7,5],[24,16,12,4,8,20,7,19,5],[4,8,16,20,7,19,5,17],[16,20,4,12,24,19,8,7,5],[8,16,4,20,19,7,5,17],[24,20,19,4,12,16,8,7,17,5],[12,4,8,20,19,7,17,16,24,5],[12,20,16,24,23,19,4,8,7,5],[8,20,19,7,5,17],[24,16,20,8,7,19,5,17],[16,4,12,24,8,20,19,7,5],[16,8,24,20,19,7,17,12,4,5],[4,24,16,8,20,7,19,5],[16,8,12,4,24,20,19,7,5],[4,20,8,19,7,17,24,12,16,5],[16,4,20,24,19,8,7,5],[20,8,19,7,5,17],[24,12,16,8,4,20,19,7,17,5],[16,4,24,12,8,19,20,7,17,5],[8,16,4,12,20,19,7,5],[4,16,12,20,8,19,7,5],[20,12,8,19,7,5,17],[8,12,4,24,20,19,7,17,16,5],[24,20,16,4,19,8,7,17,12,5],[8,24,20,19,7,5,17],[8,20,19,7,5,17],[12,20,4,24,23,19,16,8,7,5],[20,24,23,19,8,7,5,17],[20,8,19,7,17,24,12,4,16,5],[24,20,23,19,4,16,8,7,17,12,5],[8,12,4,24,20,19,7,17,16,5],[16,20,4,8,19,7,17,12,24,5],[12,24,4,16,20,8,19,7,5],[4,20,8,19,7,17,12,16,24,5],[12,24,8,20,19,7,17,4,16,5],[16,24,20,12,23,19,8,7,5],[8,24,16,4,12,20,7,19,17,5],[4,24,20,23,19,12,16,8,7,5],[20,16,12,4,8,19,7,17,24,5],[16,12,20,8,19,7,5,17],[20,24,4,23,19,8,7,17,12,16,5],[16,8,24,4,12,20,7,19,5],[24,4,8,16,20,19,7,5],[24,12,4,8,20,19,7,17,16,5],[4,12,8,16,24,20,19,7,5],[8,16,20,19,7,17,4,12,23,24,5],[20,12,24,23,19,4,16,8,7,17,5],[24,8,4,16,12,20,19,7,5],[12,8,24,16,4,20,19,7,17,5],[24,12,16,8,20,19,7,5],[16,12,24,4,8,20,19,7,17,5],[8,20,19,7,5,17],[8,16,12,24,4,19,20,7,17,5],[24,12,4,16,20,23,19,8,7,5],[4,24,12,16,8,20,7,19,17,5],[20,8,19,7,5,17],[20,8,7,19,17,24,12,4,16,5],[8,4,12,24,20,7,19,5],[16,12,20,4,24,23,19,8,7,5],[8,20,7,19,17,16,24,4,12,5],[24,8,20,19,7,5,17],[16,24,12,4,8,20,7,19,17,5],[12,8,19,20,7,5,17],[24,8,12,20,19,7,5,17],[24,20,19,4,12,8,7,17,16,5],[16,4,8,20,19,7,5],[12,8,16,24,20,7,19,5],[12,4,24,8,20,7,19,17,16,5],[24,8,12,4,20,7,19,5],[8,4,16,20,19,7,5,17],[20,4,12,16,24,19,8,7,5],[4,24,20,16,19,12,8,7,5],[8,24,4,20,19,7,17,16,12,5],[4,20,16,12,24,23,19,8,7,5],[24,16,12,8,20,7,19,17,4,5],[16,8,4,20,19,7,5,17],[12,20,8,7,19,17,24,4,16,5],[8,12,24,20,19,7,17,16,4,5],[4,8,12,16,24,20,7,19,5],[12,16,20,24,23,19,8,7,5],[24,8,4,20,19,7,17,12,16,5],[12,24,16,4,8,20,19,7,17,5],[12,8,4,16,24,20,19,7,5],[20,16,8,19,7,17,12,4,24,5],[8,20,7,19,5,17],[24,20,12,16,23,19,8,7,5],[24,8,4,12,16,20,19,7,5],[4,12,8,24,20,7,19,17,16,5],[12,24,16,8,20,19,7,5],[20,8,7,19,5,17],[8,12,16,4,24,20,7,19,5],[4,12,16,20,24,23,19,8,7,17,5],[16,8,4,12,19,20,7,5],[20,24,19,16,4,8,7,5],[16,4,8,20,19,7,17,12,24,5],[8,16,20,19,7,17,12,4,24,5],[16,20,8,19,7,17,24,4,12,5],[4,8,20,7,19,5,17],[4,16,24,20,23,19,8,7,17,12,5],[8,16,24,4,12,20,7,19,5],[8,12,20,19,7,5,17],[20,24,23,19,8,7,5,17],[12,4,24,8,16,20,7,19,5],[20,16,24,19,8,7,17,4,12,5],[12,20,4,8,7,19,5],[20,24,12,16,19,8,7,5],[16,12,24,4,20,19,8,7,17,5],[20,24,19,12,4,8,7,5],[20,4,24,19,12,16,8,7,5],[16,24,20,4,23,19,8,7,5],[8,12,24,20,7,19,5,17],[16,8,24,4,20,7,19,17,12,5],[24,20,12,4,23,19,16,8,7,17,5],[24,4,20,16,23,19,12,8,7,5],[8,16,12,20,7,19,17,4,24,5],[20,12,16,4,8,7,19,5],[12,24,8,4,16,20,7,19,5],[8,24,4,16,20,19,7,5],[12,20,16,4,8,19,7,17,24,5],[12,20,8,19,7,17,4,24,16,5],[12,8,23,20,7,19,17,24,16,4,5],[20,4,16,12,8,7,19,17,24,5],[12,8,4,20,19,7,17,16,24,5],[16,12,8,20,7,19,17,4,24,5],[4,8,24,16,20,19,7,17,12,5],[20,12,4,16,24,8,19,7,5],[24,12,16,4,20,19,8,7,17,5],[8,24,4,20,19,7,17,16,12,5],[4,8,16,24,20,7,19,5],[24,8,20,7,19,17,4,16,12,5],[12,16,20,24,23,19,4,8,7,17,5],[24,8,12,16,4,20,19,7,5],[4,8,16,24,12,20,19,7,17,5],[24,4,8,20,19,7,17,16,12,5],[20,8,7,19,5,17],[16,12,20,8,7,19,5,17],[12,4,8,24,16,20,19,7,17,5],[12,4,16,24,8,20,7,19,17,5],[12,8,4,24,20,7,19,17,16,5],[24,20,12,23,19,16,4,8,7,5],[16,8,12,4,20,7,19,5],[12,8,16,20,19,7,17,24,4,5],[4,20,12,16,8,19,7,17,24,5],[8,4,15,12,20,19,7,17,24,5],[4,20,12,8,19,7,5],[20,24,16,19,12,4,8,7,5],[16,24,20,8,7,19,17,4,12,5],[16,8,4,24,12,20,7,19,17,5],[20,8,19,7,17,16,12,24,4,5],[20,12,8,19,7,5,17],[16,8,20,7,19,5,17],[20,4,24,12,19,8,7,5],[4,20,8,19,7,5,17],[8,12,16,24,20,7,19,17,4,5],[24,16,8,4,12,20,19,7,5],[16,4,8,20,7,19,5,17],[8,12,16,4,24,20,19,7,17,5],[24,8,16,4,20,7,19,17,12,5],[4,16,20,24,23,19,12,8,7,17,5],[4,8,16,23,20,7,19,17,24,12,5],[24,8,12,4,20,19,7,5],[8,20,19,7,5,17],[24,16,4,20,12,23,19,8,7,5],[16,20,24,12,23,19,8,7,5],[4,20,12,8,19,7,17,24,16,5],[4,8,24,16,12,20,19,7,17,5],[8,24,19,20,7,17,16,4,12,5],[24,20,23,19,4,16,12,8,7,5],[20,16,12,4,8,7,19,17,24,5],[12,20,24,4,19,16,8,7,17,5],[8,4,16,20,19,7,17,24,12,5],[8,20,7,19,17,16,4,24,12,5],[8,12,16,20,7,19,5,17],[8,20,7,19,5,17],[24,4,8,20,7,19,17,12,16,5],[20,16,8,7,19,17,24,12,4,5],[20,8,7,19,5,17],[4,24,8,20,7,19,5,17],[12,4,16,20,24,23,19,8,7,17,5],[16,4,20,24,8,19,7,5],[16,20,24,4,23,19,8,7,5],[12,8,24,4,20,7,19,5],[20,12,8,19,7,17,4,24,16,5],[20,8,19,7,5,17],[24,16,8,20,19,7,17,12,4,5],[12,8,20,7,19,5,17],[8,4,24,20,7,19,5,17],[24,12,20,19,4,16,8,7,5],[16,8,24,20,19,7,17,12,4,5],[4,20,24,23,19,8,7,17,12,16,5],[20,12,24,19,4,8,7,5],[8,24,16,20,19,7,17,4,12,5],[8,12,20,19,7,17,16,4,24,5],[12,4,8,16,20,7,19,17,24,5],[16,8,20,19,7,17,24,4,12,5],[8,4,20,7,19,17,24,16,12,5],[4,12,24,16,20,19,8,7,5],[24,20,19,8,7,17,16,12,4,5],[8,12,24,16,4,20,7,19,5],[20,24,19,8,7,17,16,4,12,5],[4,8,16,20,7,19,17,12,24,5],[4,16,8,24,20,19,7,17,12,5],[12,4,20,24,19,8,7,5],[20,16,24,23,19,4,12,8,7,5],[16,8,24,20,7,19,5,17],[12,8,20,19,7,5,17],[8,4,16,24,20,7,19,5],[4,20,24,19,8,7,17,16,12,5],[8,16,20,7,19,17,4,12,24,5],[12,8,16,20,7,19,17,4,24,5],[16,20,8,7,19,5,17],[24,8,16,20,19,7,17,12,4,5],[24,16,4,8,20,19,7,5],[24,4,20,8,7,19,17,12,16,5],[16,8,24,20,19,7,17,4,12,5],[16,12,20,24,19,4,8,7,17,5],[16,4,8,20,19,7,5],[4,20,12,8,7,19,17,16,24,5],[4,8,16,12,24,20,7,19,17,5],[20,4,8,19,7,17,24,16,12,5],[16,4,8,20,19,7,17,24,12,5],[24,20,23,19,12,16,8,7,17,4,5],[8,12,20,19,7,5,17],[20,24,12,8,7,19,17,16,4,5],[12,24,16,4,20,19,8,7,17,5],[16,20,12,4,24,23,19,8,7,17,5],[16,12,20,4,8,19,7,17,24,5],[24,16,12,8,20,19,7,17,4,5],[12,16,24,20,8,19,7,17,4,5],[4,12,20,16,24,8,7,19,5],[8,4,16,12,24,20,19,7,17,5],[24,8,20,19,7,17,4,16,12,5],[12,4,16,20,24,19,8,7,17,5],[20,16,4,12,24,23,19,8,7,5],[20,24,19,8,7,5,17],[12,16,4,8,24,20,7,19,17,5],[4,24,8,12,20,19,7,17,16,5],[12,16,8,4,20,19,7,5],[8,4,20,19,7,17,12,24,16,5],[12,4,8,24,16,20,7,19,5],[8,24,4,16,20,7,19,5],[12,16,20,4,24,23,19,8,7,5],[16,4,24,20,8,19,7,5],[12,16,4,8,20,7,19,17,24,5],[24,16,20,23,19,8,7,5,17],[8,20,19,7,17,12,24,4,16,5],[8,4,16,20,7,19,5],[4,16,8,20,19,7,17,24,12,5],[4,20,24,19,8,7,17,12,16,5],[4,24,20,19,8,7,5,17],[20,24,16,4,8,7,19,5],[24,16,8,4,20,19,7,17,12,5],[12,20,4,8,7,19,5,17],[24,8,16,4,20,7,19,17,12,5],[4,20,24,23,19,8,7,5,17],[8,4,20,19,7,5,17],[12,20,8,19,7,17,4,16,24,5],[8,20,19,7,5,17],[24,12,4,16,20,23,19,8,7,17,5],[20,8,7,19,5,17],[8,16,20,7,19,5,17],[20,12,24,19,16,4,8,7,5],[20,4,24,23,19,8,7,17,16,12,5],[20,16,12,24,19,8,7,5],[20,4,12,24,16,19,8,7,5],[4,24,16,20,12,19,8,7,17,5],[16,12,8,4,24,20,7,19,5],[4,12,20,16,24,23,19,8,7,17,5],[24,16,4,12,20,19,8,7,17,5],[16,20,4,8,7,19,5,17],[24,16,20,4,19,12,8,7,5],[4,20,16,12,24,19,8,7,5],[20,12,24,4,23,19,16,8,7,5],[24,16,4,12,20,19,8,7,5],[12,24,20,23,19,4,16,8,7,5],[8,20,7,19,5,17],[4,20,8,19,7,5,17],[24,20,23,19,4,8,7,17,16,12,5],[12,24,16,8,4,20,7,19,17,5],[12,16,24,8,20,19,7,17,4,5],[12,8,20,7,19,5,17],[4,16,24,20,23,19,12,8,7,17,5],[4,16,12,20,8,7,19,5],[4,24,16,20,12,23,19,8,7,17,5],[24,20,4,19,12,16,8,7,5],[24,20,19,12,4,8,7,5],[20,4,16,8,7,19,5,17],[8,24,16,4,20,19,7,17,12,5],[4,24,8,20,19,7,17,12,16,5],[24,4,12,20,16,19,8,7,5],[24,4,20,8,7,19,17,12,16,5],[4,8,12,20,19,7,17,24,16,5],[16,12,24,4,8,20,7,19,5],[12,24,20,19,8,7,17,4,16,5],[12,4,16,8,24,20,7,19,5],[12,20,4,24,23,19,8,7,17,16,5],[4,16,20,12,24,19,8,7,17,5],[8,16,12,4,24,20,7,19,17,5],[24,8,16,20,19,7,5,17],[16,20,8,7,19,5,17],[20,24,19,4,12,8,7,5],[20,8,19,7,17,24,12,4,16,5],[24,4,20,19,8,7,17,12,16,5],[16,24,12,8,20,19,7,17,4,5],[8,24,20,7,19,17,4,12,16,5],[4,16,12,8,24,20,7,19,17,5],[12,8,16,20,19,7,5,17],[24,4,8,16,12,20,19,7,17,5],[4,20,8,19,7,5,17],[4,8,12,19,20,7,5],[24,4,12,8,20,19,7,5],[16,12,24,4,8,20,19,7,5],[8,20,7,19,17,16,4,12,24,5],[24,20,23,19,4,16,12,8,7,5],[12,20,16,24,19,8,7,5],[12,16,24,20,4,23,19,8,7,5],[4,8,24,12,16,20,7,19,5],[4,16,24,12,20,19,8,7,17,5],[16,8,20,19,7,17,4,12,24,5],[12,16,4,8,20,19,7,17,24,5],[8,16,24,20,7,19,17,4,12,5],[16,4,20,8,19,7,17,24,12,5],[12,16,8,4,24,20,7,19,5],[4,20,24,8,7,19,5,17],[8,16,20,19,7,5,17],[4,8,12,20,7,19,17,24,16,5],[4,20,24,12,23,19,16,8,7,5],[20,8,7,19,17,16,4,12,24,5],[4,12,20,8,19,7,5,17],[24,12,4,16,20,19,8,7,5],[12,16,4,20,24,19,8,7,5],[4,24,8,12,20,19,7,17,16,5],[4,12,8,20,19,7,17,16,24,5],[8,24,4,20,7,19,17,12,16,5],[12,8,20,7,19,17,16,24,4,5],[16,24,12,4,8,20,7,19,5],[8,12,16,24,3,20,19,7,17,5],[16,12,4,8,20,19,7,17,24,5],[8,16,24,4,20,19,7,17,12,5],[8,16,24,12,20,19,7,17,4,5],[12,20,24,19,16,4,8,7,17,5],[8,16,12,19,20,7,17,4,24,5],[24,16,20,23,19,12,8,7,17,4,5],[16,12,24,20,19,8,7,17,4,5],[16,4,8,24,12,19,20,7,17,5],[24,8,20,19,7,17,16,12,4,5],[12,4,16,8,24,20,19,7,17,5],[12,24,4,16,20,19,8,7,5],[12,4,16,24,8,20,19,7,17,5],[16,12,24,4,8,20,19,7,17,5],[16,8,24,12,4,20,7,19,17,5],[24,8,16,20,7,19,17,4,12,5],[8,24,16,12,20,7,19,17,4,5],[16,24,20,12,23,19,4,8,7,5],[24,16,20,19,8,7,5,17],[8,24,4,20,19,7,5,17],[8,16,24,12,4,20,19,7,5],[16,4,24,12,20,19,8,7,17,5],[8,12,24,4,16,20,19,7,5],[8,4,12,16,24,20,7,19,17,5],[16,8,12,24,4,20,19,7,5],[4,20,12,8,7,19,5],[20,8,19,7,5,17],[16,8,12,20,19,7,5],[16,24,20,23,19,8,7,17,12,4,5],[24,8,16,20,19,7,5,17],[8,24,4,16,12,20,19,7,17,5],[12,4,8,16,20,19,7,17,24,5],[20,8,7,19,5,17],[8,16,4,24,20,7,19,17,12,5],[4,16,12,8,20,19,7,17,24,5],[20,4,24,19,8,7,5,17],[4,8,12,16,20,19,7,17,24,5],[24,20,12,19,8,7,17,16,4,5],[12,4,24,8,20,19,7,17,16,5],[16,12,24,20,19,4,8,7,17,5],[16,4,20,8,19,7,17,24,12,5],[16,20,24,8,19,7,17,12,4,5],[16,4,20,8,7,19,5,17],[8,4,24,20,7,19,17,16,12,5],[20,24,23,19,8,7,5,17],[24,8,20,7,19,5,17],[4,12,8,20,19,7,5,17],[24,20,19,12,8,7,17,4,16,5],[20,8,19,7,17,16,12,24,4,5],[4,24,16,12,20,23,19,8,7,5],[4,8,20,7,19,5,17],[24,4,8,20,19,7,5,17],[4,20,24,16,8,19,7,17,12,5],[16,20,8,7,19,17,24,12,4,5],[16,12,8,24,20,19,7,17,4,5],[8,16,20,7,19,17,12,24,4,5],[24,20,23,19,16,12,8,7,17,4,5],[20,8,19,7,17,16,24,4,12,5],[20,8,7,19,17,16,24,12,4,5],[4,24,8,12,20,19,7,17,16,5],[20,16,8,7,19,17,4,24,12,5],[4,20,12,8,19,7,5],[8,4,12,24,15,20,7,19,5],[16,24,8,4,12,20,19,7,5],[8,12,16,20,7,19,5,17],[4,16,20,12,8,19,7,17,24,5],[24,8,16,4,12,20,19,7,17,5],[8,12,16,20,7,19,5],[16,4,20,12,24,19,8,7,17,5],[16,24,12,20,19,4,8,7,5],[24,16,20,12,19,4,8,7,17,5],[4,8,24,16,12,20,7,19,17,5],[12,20,8,7,19,5,17],[24,16,20,19,12,8,7,17,4,5],[16,24,4,8,20,19,7,17,12,5],[20,4,24,8,7,19,5,17],[16,4,20,8,7,19,5,17],[8,12,4,16,24,20,19,7,5],[24,8,4,20,7,19,17,16,12,5],[4,24,8,16,12,20,7,19,17,5],[20,8,19,7,17,24,4,16,12,5],[12,8,4,16,20,19,7,17,24,5],[24,12,8,4,16,20,7,19,5],[4,12,8,24,20,19,7,17,16,5],[4,8,12,24,20,19,7,5],[4,8,20,7,19,17,24,16,12,5],[8,24,12,20,19,7,5,17],[8,24,20,7,19,17,16,4,12,5],[16,4,24,8,20,7,19,5],[20,12,4,16,8,19,7,5],[8,24,12,20,19,7,5,17],[8,16,24,4,20,19,7,17,12,5],[8,24,12,16,20,7,19,17,4,5],[24,12,4,20,19,8,7,17,16,5],[4,8,12,24,16,20,19,7,17,5],[24,8,12,4,20,19,7,17,16,5],[24,4,12,8,16,20,7,19,5],[8,16,4,24,12,20,19,7,17,5],[12,4,16,8,20,7,19,17,24,5],[4,24,8,20,19,7,5,17],[20,24,16,19,4,12,8,7,17,5],[12,16,24,20,8,7,19,5],[20,4,8,7,19,17,24,12,16,5],[12,4,24,16,8,20,19,7,5],[12,20,24,19,8,7,5,17],[8,20,7,19,5,17],[4,24,8,12,16,20,19,7,17,5],[12,8,4,16,20,19,7,17,24,5],[20,16,8,7,19,17,4,24,12,5],[20,4,24,8,7,19,17,12,16,5],[12,16,20,24,19,8,7,17,4,5],[20,12,8,7,19,5,17],[16,24,12,8,4,20,19,7,5],[4,8,20,7,19,5,17],[12,20,4,16,8,7,19,5],[4,12,8,24,16,20,7,19,5],[16,4,24,20,8,7,19,5],[12,20,16,4,8,7,19,17,24,5],[4,8,16,12,24,20,19,7,5],[16,24,20,19,8,7,17,12,4,5],[12,24,8,4,16,20,7,19,17,5],[24,12,20,19,4,16,8,7,17,5],[12,20,16,8,19,7,5,17],[4,8,20,7,19,5,17],[8,24,16,20,19,7,5,17],[16,12,24,20,4,19,8,7,5],[4,12,24,8,16,20,7,19,17,5],[20,8,7,19,5,17],[24,12,8,20,7,19,5,17],[8,4,24,20,7,19,17,12,16,5],[8,24,16,12,20,7,19,5],[8,24,12,16,20,19,7,5],[8,23,20,7,19,5,17],[20,4,12,24,23,19,8,7,17,16,5],[20,4,12,8,19,7,17,24,16,5],[16,24,8,20,19,7,5,17],[24,12,4,16,20,19,8,7,5],[12,8,24,16,4,20,7,19,5],[4,20,16,24,19,8,7,17,12,5],[8,20,7,19,17,4,12,24,16,5],[24,20,16,23,19,12,8,7,5],[16,8,12,4,24,20,7,19,5],[8,4,12,24,20,19,7,17,16,5],[20,12,8,7,19,17,4,24,16,5],[12,8,4,20,19,7,17,24,16,5],[4,12,16,8,24,20,19,7,17,5],[16,4,20,12,8,7,19,5],[12,20,24,16,19,4,8,7,17,5],[4,16,24,8,12,20,7,19,5],[12,4,8,24,16,20,7,19,17,5],[8,20,19,7,5,17],[20,8,19,7,17,12,24,4,16,5],[24,4,8,16,12,20,7,19,5],[12,24,4,20,19,8,7,17,16,5],[16,20,12,24,4,19,8,7,17,5],[12,4,20,24,16,23,19,8,7,5],[24,12,16,20,19,4,8,7,17,5],[12,4,24,20,23,19,16,8,7,5],[8,20,19,7,17,24,16,4,12,5],[4,24,8,20,7,19,17,16,12,5],[20,8,7,19,5,17],[24,12,20,19,8,7,5,17],[24,4,8,20,19,7,17,16,12,5],[24,20,19,12,4,8,7,5],[16,24,12,8,20,19,7,17,4,5],[16,4,20,24,23,19,12,8,7,17,5],[16,20,8,7,19,17,12,23,24,4,5],[20,24,19,16,4,8,7,5],[8,12,16,4,24,20,7,19,17,5],[8,4,20,7,19,17,24,16,12,5],[12,24,20,19,8,7,17,16,4,5],[16,8,20,7,19,5,17],[24,16,4,12,8,20,7,19,5],[12,24,16,4,8,20,19,7,5],[4,8,20,19,7,17,24,12,16,5],[4,8,20,7,19,17,24,12,16,5],[12,16,24,4,20,19,8,7,5],[20,24,23,19,4,16,8,7,17,12,5],[4,8,16,12,24,20,19,7,5],[4,16,20,12,8,19,7,5],[8,4,12,20,19,7,17,24,16,5],[12,20,24,19,8,7,17,4,16,5],[4,16,20,8,7,19,17,24,12,5],[8,20,7,19,5,17],[12,8,16,4,20,7,19,5],[4,20,8,7,19,5,17],[16,4,12,8,24,20,7,19,17,5],[24,12,8,4,20,7,19,5],[16,4,24,20,8,19,7,17,12,5],[4,12,16,8,20,7,19,5],[16,8,12,24,20,19,7,5,17],[12,16,20,8,19,7,17,24,4,5],[4,8,24,16,12,20,19,7,5],[12,4,16,24,20,23,19,8,7,17,5],[4,20,12,16,8,19,7,17,23,24,5],[24,12,4,20,19,16,8,7,5],[20,8,7,19,17,12,16,4,24,5],[24,4,16,12,8,20,7,19,17,5],[4,8,20,19,7,5,17],[20,12,4,16,8,19,7,5],[16,4,20,12,8,7,19,17,24,5],[12,20,4,24,19,8,7,17,16,5],[20,8,7,19,17,24,4,16,12,5],[4,16,20,24,23,19,8,7,17,12,5],[8,4,23,12,16,20,19,7,17,24,5],[20,8,7,19,5,17],[4,8,16,24,20,7,19,5],[20,24,8,19,7,17,4,16,12,5],[16,12,4,24,20,19,8,7,5],[12,8,4,16,24,20,7,19,17,5],[20,16,8,19,7,17,24,4,12,5],[16,12,20,24,23,19,8,7,5],[16,20,8,19,7,5,17],[12,8,16,20,7,19,17,24,3,5],[12,8,16,24,20,7,19,5],[12,20,16,4,24,23,19,8,7,5],[16,20,24,23,19,4,12,8,7,5],[4,8,20,19,7,17,16,24,12,5],[16,24,8,12,4,20,19,7,17,5],[24,20,12,23,19,8,7,17,4,16,5],[24,12,16,4,8,20,7,19,17,5],[12,8,24,4,20,7,19,17,16,5],[4,8,19,20,7,17,12,24,16,5],[20,24,23,19,8,7,17,16,4,12,5],[12,16,4,8,20,7,19,17,24,5],[4,12,8,24,16,20,7,19,5],[16,24,4,20,19,8,7,5],[12,8,20,19,7,17,16,4,24,5],[12,20,24,23,19,4,16,8,7,17,5],[16,20,8,7,19,17,12,24,4,5],[8,4,20,7,19,17,12,16,24,5],[20,4,8,7,19,5,17],[16,4,24,12,8,20,19,7,5],[20,4,16,12,8,19,7,5],[8,12,20,7,19,17,16,4,24,5],[8,16,20,7,19,5,17],[20,4,24,19,16,12,8,7,17,5],[20,16,8,7,19,5,17],[4,16,8,12,24,20,19,7,17,5],[24,20,19,4,16,8,7,17,12,5],[16,4,8,20,7,19,5],[24,4,16,20,23,19,8,7,5],[4,12,24,16,8,20,19,7,5],[20,8,19,7,5,17],[4,12,24,16,20,23,19,8,7,5],[16,8,4,24,20,19,7,17,12,5],[8,4,12,20,19,7,5],[8,24,16,4,12,20,19,7,5],[12,24,20,23,19,8,7,5,17],[12,8,20,7,19,5,17],[20,8,7,19,5,17],[8,4,16,20,7,19,5],[16,4,20,12,24,23,19,8,7,17,5],[20,12,24,16,19,4,8,7,5],[8,20,19,7,5,17],[8,12,4,24,16,20,7,19,5],[16,20,8,7,19,5,17],[8,20,19,7,17,24,12,16,4,5],[24,8,12,16,4,20,7,19,5],[20,24,19,4,12,8,7,5],[20,4,12,24,19,8,7,17,16,5],[4,16,8,20,19,7,5],[8,4,24,16,20,7,19,5],[20,8,7,19,17,24,12,16,4,5],[8,24,12,4,16,20,7,19,5],[12,20,24,16,4,8,19,7,17,5],[8,24,4,12,16,20,19,7,5],[24,20,8,19,7,5,17],[12,24,4,20,19,16,8,7,5],[24,8,12,16,4,20,7,19,17,5],[24,8,12,4,16,20,19,7,17,5],[12,4,20,24,8,19,7,5],[4,20,24,19,8,7,17,12,16,5],[24,16,20,23,19,4,12,8,7,17,5],[8,24,12,20,7,19,17,4,16,5],[20,24,8,19,7,5,17],[16,8,20,7,19,5,17],[20,4,8,19,7,5,17],[8,20,19,7,5,17],[4,8,12,24,20,19,7,5],[16,8,12,4,24,20,19,7,5],[12,8,16,4,24,20,19,7,5],[20,24,8,7,19,17,16,4,12,5],[4,12,24,16,20,23,19,8,7,17,5],[8,12,16,20,7,19,17,24,4,5],[12,20,16,4,8,7,19,17,24,5],[4,8,24,16,12,20,7,19,5],[4,12,16,24,20,19,8,7,5],[24,16,8,12,20,7,19,5],[12,8,24,20,7,19,5,17],[8,16,4,23,12,20,19,7,17,24,5],[12,8,16,4,20,7,19,17,24,5],[20,24,8,7,19,17,12,4,16,5],[20,16,12,8,19,7,5,17],[12,16,24,8,20,7,19,5],[20,4,24,12,19,8,7,5],[8,20,19,7,5,17],[4,24,12,20,16,19,8,7,5],[12,16,20,8,7,19,17,24,4,5],[4,20,16,12,8,19,7,5],[8,20,19,7,17,4,12,16,24,5],[4,8,20,7,19,5,17],[4,8,16,12,24,19,20,7,5],[8,24,16,20,19,7,5,17],[16,8,12,4,20,7,19,5],[8,12,20,19,7,5,17],[4,24,16,20,19,8,7,5],[20,16,8,19,7,5,17],[16,4,24,8,20,19,7,17,12,5],[16,4,24,20,8,7,19,17,12,5],[20,24,12,19,8,7,17,16,4,5],[4,12,16,8,20,19,7,5],[4,24,12,8,16,20,7,19,17,5],[24,16,20,19,4,8,7,5],[24,8,12,4,16,20,19,7,5],[24,8,16,12,4,20,19,7,5],[24,12,4,16,20,19,8,7,17,5],[16,24,12,20,8,7,19,5],[8,24,16,12,20,19,7,17,4,5],[20,8,19,7,17,12,16,24,4,5],[24,12,16,4,8,20,7,19,17,5],[4,16,8,20,19,7,17,24,12,5],[4,8,16,24,12,20,7,19,5],[4,8,24,20,7,19,17,16,12,5],[24,4,20,23,19,16,8,7,17,12,5],[4,20,24,23,19,16,12,8,7,17,5],[4,8,24,16,12,20,7,19,5],[12,8,20,7,19,5,17],[16,12,4,24,8,20,19,7,5],[4,20,8,19,7,5,17],[8,24,12,20,19,7,5,17],[20,4,24,19,8,7,5,17],[8,4,12,24,20,7,19,5],[12,20,8,19,7,17,24,4,16,5],[24,4,20,23,19,16,8,7,5],[4,16,12,20,24,19,8,7,17,5],[16,4,20,24,12,19,8,7,5],[8,4,12,20,19,7,17,24,16,5],[8,4,12,20,19,7,5],[20,8,19,7,5,17],[24,8,20,7,19,5,17],[4,8,16,20,7,19,17,24,12,5],[20,4,8,7,19,5,17],[16,12,20,8,7,19,5,17],[12,4,24,16,20,23,19,8,7,5],[12,24,8,16,20,19,7,5],[16,24,4,12,8,20,19,7,5],[8,16,20,7,19,5,17],[16,20,8,19,7,5,17],[4,12,16,20,8,7,19,17,24,5],[8,12,4,20,19,7,17,16,24,5],[16,20,4,8,7,19,17,12,24,5],[8,12,20,7,19,5,17],[20,4,8,19,7,5,17],[24,20,23,19,8,7,5,17],[20,8,19,7,17,16,11,4,24,5],[8,12,20,19,7,17,24,4,16,5],[24,12,8,20,7,19,17,4,16,5],[4,16,20,8,7,19,17,24,12,5],[16,24,20,19,8,7,17,3,12,5],[12,24,4,20,16,23,19,8,7,5],[8,20,19,7,5,17],[24,12,20,23,19,4,8,7,17,16,5],[20,12,24,16,4,23,19,8,7,5],[16,24,4,20,19,8,7,5],[16,4,12,24,8,20,7,19,5],[12,8,4,20,19,7,5,17],[24,4,8,20,7,19,5,17],[16,20,8,7,19,17,4,12,24,5],[12,20,24,19,8,7,5,17],[8,4,20,7,19,17,24,16,12,5],[12,8,16,24,4,20,19,7,5],[8,4,12,23,20,19,7,5],[16,20,24,19,12,8,7,5],[24,8,4,20,7,19,17,12,16,5],[8,24,4,20,7,19,5,17],[12,16,24,20,23,19,4,8,7,17,5],[12,20,24,19,8,7,5,17],[16,20,24,23,19,8,7,17,4,12,5],[8,4,20,19,7,5,17],[8,12,20,7,19,5,17],[16,20,4,12,24,23,19,8,7,5],[20,12,4,24,23,19,16,8,7,17,5],[24,8,16,12,4,20,7,19,5],[24,20,4,23,19,8,7,5,17],[8,4,20,7,19,5,17],[12,24,20,19,8,7,17,16,4,5],[20,8,19,7,5,17],[20,16,12,4,24,8,19,7,5],[16,24,4,20,19,12,8,7,5],[16,8,24,12,4,20,19,7,17,5],[16,20,12,8,7,19,17,24,4,5],[20,16,24,8,19,7,17,4,12,5],[24,16,20,4,19,8,7,17,12,5],[24,16,12,20,23,19,8,7,17,4,5],[8,12,15,4,24,20,7,19,17,5],[4,8,12,24,16,20,7,19,17,5],[20,8,19,7,17,16,12,4,24,5],[8,20,7,19,17,4,24,16,12,5],[4,24,8,16,20,7,19,17,12,5],[4,24,20,19,12,16,8,7,5],[4,20,12,24,19,16,8,7,17,5],[16,4,24,8,20,19,7,5],[24,20,16,12,19,8,7,17,4,5],[4,8,20,7,19,17,16,12,24,5],[8,4,24,12,20,19,7,17,16,5],[12,24,4,8,16,20,7,19,5],[16,4,20,12,24,23,19,8,7,5],[4,16,20,8,19,7,5,17],[16,20,12,24,19,4,8,7,5],[16,8,24,4,12,20,19,7,5],[20,24,4,12,19,8,7,17,16,5],[20,16,24,19,8,7,5,17],[8,12,24,16,20,7,19,5],[8,16,24,12,20,7,19,5],[16,20,8,7,19,17,4,24,12,5],[24,8,16,3,12,20,7,19,17,5],[16,20,12,4,8,7,19,17,24,5],[20,8,7,19,5,17],[24,4,20,12,8,19,7,17,16,5],[8,12,20,7,19,17,24,4,16,5],[8,20,7,19,5,17],[4,24,16,20,8,19,7,17,12,5],[12,4,20,8,19,7,17,24,16,5],[24,16,8,20,19,7,17,4,12,5],[20,24,23,19,16,12,4,8,7,17,5],[20,12,16,24,19,4,8,7,17,5],[16,4,20,8,7,19,17,24,12,5],[24,4,12,20,19,8,7,5],[8,16,20,7,19,17,4,12,24,5],[8,20,7,19,17,12,16,4,24,5],[4,20,16,12,8,7,19,17,24,5],[12,4,8,20,19,7,5],[8,20,19,7,17,16,24,4,12,5],[24,4,12,20,8,19,7,17,16,5],[12,20,4,16,24,8,7,19,17,5],[16,4,24,8,20,19,7,5],[4,12,24,20,23,19,16,8,7,17,5],[20,8,7,19,17,24,12,4,16,5],[20,12,8,19,7,5,17],[24,8,4,11,16,20,7,19,5],[8,20,19,7,17,16,24,4,12,5],[12,4,8,20,19,7,17,24,16,5],[16,24,20,19,4,12,8,7,5],[12,8,24,20,19,7,5,17],[4,20,24,12,23,19,8,7,5],[16,12,8,4,24,20,7,19,5],[4,20,12,24,19,16,8,7,17,5],[16,12,20,4,24,19,8,7,17,5],[8,16,4,24,20,7,19,5],[8,4,24,20,19,7,5,17],[4,24,20,8,19,7,17,12,16,5],[8,24,12,4,16,20,7,19,17,5],[24,4,12,16,8,20,7,19,17,5],[24,20,4,19,12,16,8,7,17,5],[16,20,12,8,7,19,17,4,24,5],[8,24,4,16,20,19,7,17,12,5],[4,12,24,8,20,19,7,5],[20,12,24,19,8,7,5,17],[16,4,12,8,24,20,7,19,17,5],[12,16,24,4,8,20,7,19,17,5],[12,16,20,24,23,19,8,7,5],[16,20,24,23,19,12,8,7,17,4,5],[12,20,4,16,24,23,19,8,7,17,5],[4,16,24,12,20,23,19,8,7,5],[16,12,8,20,7,19,5],[8,16,4,12,24,20,19,7,17,5],[8,16,24,20,7,19,5,17],[20,12,4,8,19,7,17,16,24,5],[8,20,19,7,5,17],[12,8,20,19,7,5,17],[12,8,24,4,20,7,19,5],[24,4,8,16,12,20,7,19,5],[8,4,16,20,7,19,17,24,12,5],[16,20,4,8,19,7,17,12,24,5],[12,24,4,20,23,19,16,8,7,5],[16,4,12,20,24,19,8,7,5],[4,16,24,20,23,19,12,8,7,17,5],[16,8,20,7,19,17,4,24,12,5],[8,20,19,7,17,12,24,4,16,5],[8,24,12,20,19,7,17,4,16,5],[24,8,4,20,19,7,5,17],[24,20,8,19,7,5,17],[24,16,12,4,8,20,7,19,5],[12,8,4,16,24,20,7,19,5],[24,4,16,12,20,23,19,8,7,5],[4,8,12,16,20,19,7,5],[8,24,20,19,7,5,17],[8,4,16,12,24,20,7,19,5],[16,4,8,24,12,20,7,19,17,5],[4,24,16,12,20,23,19,8,7,17,5],[20,8,19,7,17,24,12,4,16,5],[8,19,20,7,5,17],[4,20,8,7,19,5,17],[12,4,24,16,8,20,7,19,5],[12,24,16,4,20,23,19,8,7,17,5],[4,12,24,16,20,23,19,8,7,5],[4,12,24,8,20,7,19,5],[12,20,8,7,19,17,24,4,16,5],[12,4,16,24,8,20,7,19,5],[12,4,24,20,8,7,19,5],[16,8,20,19,7,17,12,4,24,5],[20,24,4,16,23,19,12,8,7,17,5],[24,4,20,23,19,16,8,7,5],[12,8,16,23,20,7,19,17,24,4,5],[16,24,12,8,4,20,19,7,5],[12,20,4,16,24,23,19,8,7,5],[16,20,4,24,19,8,7,17,12,5],[4,16,24,12,20,19,8,7,5],[4,24,16,20,23,19,8,7,17,12,5],[20,16,8,19,7,5,17],[16,4,20,12,8,19,7,5],[24,12,16,20,23,19,4,8,7,5],[24,20,4,23,19,16,8,7,17,12,5],[16,20,4,24,19,12,8,7,5],[16,4,12,8,24,20,7,19,5],[20,4,8,19,7,17,24,16,12,5],[12,20,24,23,19,4,16,8,7,5],[20,16,4,24,23,19,8,7,17,12,5],[4,12,8,16,24,20,19,7,17,5],[20,16,24,23,19,12,8,7,17,4,5],[8,16,24,4,12,20,19,7,5],[4,24,12,16,8,20,19,7,17,5],[24,16,12,8,20,19,7,17,4,5],[12,16,20,8,7,19,17,24,4,5],[16,4,12,20,8,7,19,17,24,5],[8,20,19,7,5,17],[20,24,12,23,19,16,8,7,17,4,5],[8,24,12,16,4,20,7,19,5],[24,20,19,16,12,8,7,17,4,5],[16,8,4,20,19,7,5,17],[20,8,19,7,5,17],[4,24,8,12,20,7,19,17,16,5],[16,4,12,8,20,19,7,5],[4,12,16,20,24,23,19,8,7,17,5],[24,8,20,7,19,17,4,12,16,5],[4,20,16,24,19,12,8,7,5],[8,4,16,20,7,19,17,24,12,5],[20,24,4,23,19,12,16,8,7,5],[16,24,12,8,20,19,7,5],[12,20,16,24,8,19,7,5],[12,8,16,20,19,7,5,17],[4,20,16,12,8,19,7,5],[20,16,4,12,8,7,19,17,24,5],[8,12,16,4,24,20,7,19,5],[16,8,4,24,20,7,19,17,12,5],[24,16,20,19,12,4,8,7,17,5],[12,16,4,20,24,19,8,7,5],[24,4,20,19,8,7,17,16,12,5],[20,4,12,24,8,7,19,5],[16,20,8,7,19,17,24,4,12,5],[12,16,24,8,20,7,19,5],[20,16,12,4,24,19,8,7,17,5],[12,4,16,20,24,19,8,7,5],[16,8,12,20,7,19,5,17],[12,8,4,24,20,19,7,17,16,5],[4,20,12,24,23,19,8,7,5],[12,24,16,20,8,19,7,5,17],[16,20,12,24,23,19,8,7,5],[4,20,16,24,19,8,7,17,12,5],[12,24,20,4,23,19,8,7,17,16,5],[20,16,12,24,19,8,7,5],[8,20,7,19,5,17],[16,20,12,4,24,23,19,8,7,5],[12,24,8,4,20,7,19,5],[4,8,20,19,7,5,17],[20,4,16,24,19,8,7,17,12,5],[8,20,19,7,17,16,12,24,4,5],[24,8,16,4,12,20,7,19,17,5],[16,4,24,20,23,19,12,8,7,17,5],[24,16,12,20,4,23,19,8,7,5],[8,12,4,16,20,7,19,17,24,5],[4,12,16,24,8,20,7,19,17,5]],"n_human":8}