{"problem_id":"2Yvnaa23YsgtcIy","sigma":150,"alpha":1.000,"cost":0,"probabilities":"[0.22, 0.33, 0.15, 0.3]","payoff_matrix":"[[54, -16, 229, 70, 145, 36], [-14, -61, -181, 69, -95, 140], [-63, -123, 25, -30, -190, 97], [-36, -116, 96, 237, 97, -77]]","uncovered":[[6,2,14,18,22,24,16,10,4,13],[18,22,6,10,2,14,16,24,4,13],[6,14,22,24,16,18,10,2,4,21,13],[10,14,18,6,22,16,24,2,4,13],[6,18,22,2,14,16,24,10,4,21,13],[10,2,14,6,18,22,24,16,4,21,13],[10,2,14,6,18,22,16,24,4,13],[2,6,10,18,14,22,24,16,4,8],[6,10,2,22,18,14,16,24,4,13],[2,14,22,24,16,10,18,6,4,13],[10,14,22,24,16,6,2,18,4,21,13],[2,6,10,14,18,22,16,24,4,13],[18,6,14,10,22,24,16,2,4,13],[18,6,14,22,16,24,2,10,4,13],[2,10,18,22,6,14,16,24,4,13],[10,14,18,6,22,24,16,2,4,13],[6,2,22,10,18,14,24,16,4,13],[22,6,10,2,18,14,24,16,4,13],[6,2,22,10,18,14,24,16,4,13],[10,6,2,14,18,22,16,24,4,21,13],[6,10,14,22,16,24,2,18,4,21,13],[2,14,22,24,16,6,10,18,4,13],[6,22,10,2,14,16,24,18,4,13],[14,6,2,18,22,16,24,10,4,21,13],[6,22,2,10,18,14,16,24,4,21,13],[6,22,14,16,24,18,10,2,4,13],[2,14,22,24,16,6,18,10,4,13],[14,10,2,18,22,16,24,6,4,13],[14,10,18,22,16,24,6,2,4,21,13],[18,10,6,22,2,14,16,24,4,21,13],[10,14,2,6,22,24,16,18,4,21,13],[6,22,14,16,24,18,10,2,4,21,13],[10,18,14,22,16,24,2,6,4,21,13],[22,18,10,6,2,14,24,16,4,13],[10,14,2,22,24,16,18,6,4,13],[6,10,18,14,2,22,16,24,4,13],[14,10,18,22,16,24,2,6,4,21,13],[2,14,18,10,22,16,24,6,4,13],[10,14,2,6,18,22,16,24,4,21,13],[6,2,22,14,24,16,18,10,4,21,13],[2,6,10,14,22,24,16,18,4,21,13],[2,18,6,14,22,16,24,10,4,13],[14,22,24,16,10,6,18,2,4,21,13],[18,10,22,2,14,24,16,6,4,13],[14,18,2,10,6,22,24,16,4,21,13],[10,18,2,14,6,22,16,24,4,21,13],[6,2,10,18,22,14,24,16,4,21,13],[2,22,6,18,14,16,24,10,4,13],[14,18,2,6,22,24,16,10,4,21,13],[10,6,2,14,18,22,24,16,4,21,13],[14,22,16,24,6,10,2,18,4,21,13],[2,18,22,6,10,14,16,24,4,13],[18,2,22,14,24,16,6,10,4,13],[14,18,22,24,16,2,10,6,4,21,13],[14,2,10,6,22,16,24,18,4,21,13],[22,14,24,16,2,18,6,10,4,21,13],[2,6,22,10,14,24,16,18,4,13],[14,10,6,18,22,16,24,2,4,13],[18,14,2,6,10,22,24,16,4,21,13],[10,2,18,6,14,22,24,16,4,13],[10,18,22,6,2,14,24,16,4,21,13],[2,6,10,18,22,14,24,16,4,13],[10,2,18,22,14,24,16,6,4,13],[18,2,10,6,22,14,16,24,4,13],[2,10,6,22,14,24,16,18,4,13],[18,10,22,2,6,14,24,16,4,13],[14,10,22,16,24,2,18,6,4,13],[6,10,2,22,18,14,16,24,4,21,13],[10,2,18,14,22,16,24,6,4,21,13],[10,18,2,14,6,22,16,24,4,8],[2,18,6,14,10,22,24,16,4,21,13],[10,14,6,2,18,22,16,24,4,21,13],[18,22,14,16,24,6,2,10,4,21,13],[6,10,14,18,2,22,24,16,4,13],[14,6,2,22,24,16,10,18,4,21,13],[2,10,6,18,22,14,24,16,4,13],[14,6,10,22,24,16,2,18,4,21,13],[6,10,2,18,14,22,16,24,4,21,13],[22,6,18,2,10,14,24,16,4,13],[10,2,6,18,14,22,16,24,4,13],[10,18,2,14,6,22,16,24,4,21,13],[2,10,14,6,18,22,16,24,4,13],[18,2,22,6,14,16,24,10,4,13],[14,22,24,16,6,18,10,2,4,21,13],[6,2,22,14,24,16,10,18,4,13],[22,10,6,14,16,24,2,18,4,13],[18,10,22,6,2,14,16,24,4,13],[22,18,10,6,2,14,16,24,4,13],[2,14,6,18,22,16,24,10,4,21,13],[2,6,22,10,18,14,16,24,4,13],[14,18,22,24,16,10,6,2,4,21,13],[10,18,22,6,2,14,16,24,4,21,13],[6,14,2,10,18,22,24,16,4,21,13],[6,22,2,10,18,14,16,24,4,13],[2,22,6,18,10,14,24,16,4,13],[22,6,18,10,14,16,24,2,4,13],[18,22,6,14,16,24,2,10,4,21,13],[22,18,6,14,24,16,10,2,4,13],[10,6,22,18,2,14,24,16,4,21,13],[10,2,18,22,14,16,24,6,4,13],[6,10,2,14,18,22,24,16,4,21,13],[14,2,22,16,24,18,6,10,4,21,13],[18,6,14,2,22,24,16,10,4,21,13],[6,2,22,10,18,14,24,16,4,21,13],[10,22,2,6,18,14,16,24,4,21,13],[14,18,10,2,22,24,16,6,4,21,13],[6,22,14,16,24,2,10,18,4,21,13],[2,6,22,10,14,16,24,18,4,21,13],[6,10,2,22,18,14,16,24,4,13],[14,22,16,24,2,6,18,10,4,13],[6,22,18,10,2,14,16,24,4,21,13],[18,10,6,22,14,24,16,2,4,21,13],[6,2,10,18,22,14,24,16,4,13],[14,2,18,10,22,16,24,6,4,13],[2,22,18,6,10,14,16,24,4,13],[18,10,22,2,6,14,24,16,4,13],[22,2,6,14,24,16,18,10,4,21,13],[14,18,22,24,16,10,2,6,4,13],[2,14,22,24,16,10,18,6,4,13],[14,22,16,24,10,6,18,2,4,8],[10,2,6,22,18,14,16,24,4,13],[10,18,14,2,22,24,16,6,4,13],[14,6,10,22,16,24,18,2,4,13],[18,2,22,10,14,24,16,6,4,13],[10,2,14,22,24,16,18,6,4,13],[14,18,2,10,6,22,16,24,4,21,13],[14,18,22,24,16,6,2,10,4,21,13],[18,6,2,10,22,14,16,24,4,21,13],[10,6,14,22,24,16,2,18,4,21,13],[2,10,14,6,22,24,16,18,4,21,13],[2,22,10,18,14,24,16,6,4,21,13],[22,14,24,16,2,6,10,18,4,21,13],[14,10,18,2,22,24,16,6,4,13],[10,22,14,16,24,18,2,6,4,13],[22,6,14,24,16,18,2,10,4,21,13],[6,2,10,18,22,14,16,24,4,13],[22,10,2,18,6,14,16,24,4,21,13],[18,6,14,10,22,24,16,2,4,21,13],[6,22,18,14,24,16,2,10,4,21,13],[2,14,18,22,24,16,6,10,4,21,13],[10,2,22,6,18,14,16,24,4,21,13],[10,6,18,14,2,22,24,16,4,13],[6,14,2,22,24,16,10,18,4,21,13],[6,14,22,16,24,2,18,10,4,13],[10,6,18,14,22,16,24,2,4,21,13],[10,14,6,22,24,16,2,18,4,21,13],[2,18,6,22,10,14,16,24,4,13],[6,18,10,14,2,22,24,16,4,21,13],[10,2,18,22,14,16,24,6,4,21,13],[2,14,6,10,22,16,24,18,4,21,13],[18,6,22,10,14,16,24,2,4,21,13],[18,10,22,14,24,16,6,2,4,21,13],[18,2,14,6,10,22,16,24,4,13],[14,18,22,16,24,2,6,10,4,13],[6,18,14,2,10,22,24,16,4,8],[22,6,18,10,2,14,16,24,4,13],[10,18,6,14,22,24,16,2,4,21,13],[18,14,2,22,16,24,6,10,4,13],[6,2,14,10,22,16,24,18,4,13],[14,10,18,2,6,22,24,16,4,13],[10,14,6,18,2,22,16,24,4,21,13],[18,6,14,10,2,22,24,16,4,21,13],[18,10,2,6,14,22,24,16,4,13],[10,14,18,22,16,24,2,6,4,8],[6,10,2,18,14,22,24,16,4,21,13],[10,6,22,14,16,24,2,18,4,21,13],[14,22,16,24,18,10,2,6,4,21,13],[18,6,14,22,24,16,10,2,4,13],[2,14,10,22,24,16,6,18,4,21,13],[22,2,18,14,24,16,10,6,4,21,13],[14,10,22,24,16,6,2,18,4,21,13],[14,6,18,2,10,22,24,16,4,21,13],[14,2,6,22,24,16,18,10,4,8],[6,14,22,24,16,18,10,2,4,21,13],[14,22,16,24,18,2,10,6,4,21,13],[22,18,2,10,14,16,24,6,4,21,13],[18,6,14,10,2,22,16,24,4,13],[14,18,10,22,24,16,6,2,4,21,13],[2,10,18,22,14,16,24,6,4,13],[2,6,18,10,14,22,24,16,4,21,13],[6,10,18,22,14,16,24,2,4,21,13],[2,6,10,14,18,22,16,24,4,21,13],[14,18,22,24,16,2,6,10,4,13],[14,6,18,10,22,24,16,2,4,21,13],[2,10,18,22,6,14,16,24,4,21,13],[18,14,22,16,24,2,10,6,4,13],[14,18,6,2,10,22,24,16,4,13],[14,2,6,22,24,16,10,18,4,21,13],[6,14,10,22,24,16,18,2,4,21,13],[14,2,10,18,6,22,24,16,4,21,13],[2,6,22,10,14,24,16,18,4,13],[18,10,6,2,22,14,16,24,4,13],[14,10,6,18,22,16,24,2,4,13],[6,2,22,18,10,14,24,16,4,13],[10,2,14,6,22,24,16,18,4,21,13],[2,10,14,22,24,16,6,18,4,13],[14,6,10,2,22,24,16,18,4,13],[18,6,10,2,22,14,16,24,4,13],[18,22,14,16,24,6,2,10,4,8],[22,2,18,10,14,16,24,6,4,21,13],[22,6,10,18,2,14,24,16,4,21,13],[18,10,14,2,6,22,16,24,4,13],[10,6,2,18,14,22,16,24,4,13],[14,18,22,16,24,10,2,6,4,13],[6,18,14,22,16,24,10,2,4,13],[10,6,2,22,18,14,24,16,4,21,13],[10,14,2,6,22,16,24,18,4,21,13],[14,18,2,10,6,22,24,16,4,13],[6,10,22,18,2,14,16,24,4,21,13],[18,6,14,10,2,22,16,24,4,21,13],[10,6,22,18,14,24,16,2,4,13],[6,22,10,14,24,16,2,18,4,21,13],[22,18,14,16,24,2,10,6,4,21,13],[18,2,6,22,10,14,24,16,4,21,13],[14,6,10,2,22,16,24,18,4,13],[2,14,22,16,24,10,18,6,4,21,13],[6,22,10,18,2,14,24,16,4,13],[22,10,14,16,24,6,18,2,4,21,13],[2,10,14,22,24,16,18,6,4,13],[10,14,2,6,22,24,16,18,4,13],[14,22,24,16,10,2,18,6,4,21,13],[10,22,2,14,16,24,6,18,4,13],[18,22,6,14,24,16,10,2,4,21,13],[6,18,2,10,22,14,16,24,4,13],[22,14,16,24,18,2,6,10,4,13],[22,6,18,14,16,24,2,10,4,13],[14,2,10,22,16,24,18,6,4,13],[14,6,2,22,24,16,10,18,4,21,13],[10,14,18,2,6,22,24,16,4,21,13],[2,14,18,22,24,16,6,10,4,13],[10,2,14,18,6,22,24,16,4,13],[2,22,10,6,18,14,16,24,4,21,13],[6,18,2,14,10,22,16,24,4,13],[18,10,6,2,22,14,24,16,4,21,13],[10,6,2,14,18,22,24,16,4,13],[6,2,14,10,22,24,16,18,4,21,13],[14,22,24,16,2,6,18,10,4,21,13],[14,18,6,22,16,24,10,2,4,13],[2,10,22,14,24,16,6,18,4,13],[22,14,24,16,6,2,10,18,4,13],[18,22,6,2,14,24,16,10,4,21,13],[18,10,14,6,2,22,16,24,4,21,13],[14,2,10,22,24,16,6,18,4,21,13],[2,14,6,18,22,16,24,10,4,13],[6,22,10,14,24,16,2,18,4,13],[10,22,18,6,2,14,16,24,4,13],[10,18,2,6,14,22,16,24,4,21,13],[6,22,14,16,24,10,2,18,4,8],[6,14,18,22,24,16,2,10,4,21,13],[2,6,14,10,22,24,16,18,4,21,13],[6,2,22,14,24,16,10,18,4,13],[2,10,22,18,14,16,24,6,4,21,13],[2,14,18,10,22,24,16,6,4,13],[22,6,14,24,16,2,10,18,4,13],[22,2,6,10,14,24,16,18,4,13],[18,2,10,14,22,16,24,6,4,13],[22,10,6,14,24,16,18,2,4,21,13],[2,14,18,10,22,16,24,6,4,13],[6,14,2,22,16,24,18,10,4,13],[14,22,16,24,10,2,6,18,4,21,13],[2,14,10,18,6,22,16,24,4,21,13],[2,18,22,10,14,16,24,6,4,13],[14,10,18,2,6,22,24,16,4,21,13],[6,2,10,18,14,22,24,16,4,21,13],[18,6,10,14,22,16,24,2,4,13],[6,2,18,14,22,24,16,10,4,13],[2,10,22,6,18,14,16,24,4,13],[2,6,18,14,22,16,24,10,4,13],[22,6,10,14,16,24,18,2,4,13],[14,6,2,10,18,22,24,16,4,21,13],[18,2,22,6,10,14,16,24,4,21,13],[14,18,22,24,16,6,2,10,4,21,13],[14,2,18,6,22,24,16,10,4,21,13],[22,2,6,18,10,14,16,24,4,13],[22,14,24,16,6,10,2,18,4,21,13],[2,6,14,18,22,16,24,10,4,13],[2,6,18,10,14,22,24,16,4,21,13],[10,22,14,16,24,2,6,18,4,21,13],[2,22,18,6,14,16,24,10,4,21,13],[14,10,18,6,22,24,16,2,4,13],[14,22,24,16,6,10,2,18,4,8],[2,18,14,22,16,24,10,6,4,13],[10,14,18,2,22,16,24,6,4,21,13],[2,14,18,10,22,24,16,6,4,21,13],[22,6,18,2,10,14,24,16,4,21,13],[10,2,6,14,22,16,24,18,4,21,13],[14,10,6,18,2,22,24,16,4,13],[14,2,18,6,22,16,24,10,4,21,13],[6,10,2,14,18,22,16,24,4,21,13],[2,14,18,22,16,24,10,6,4,21,13],[6,22,18,10,14,24,16,2,4,13],[6,14,2,10,18,22,16,24,4,13],[10,6,2,18,14,22,16,24,4,13],[2,14,18,6,10,22,16,24,4,13],[2,18,10,6,22,14,16,24,4,21,13],[6,10,2,18,14,22,24,16,4,21,13],[18,22,14,24,16,10,6,2,4,13],[10,18,22,2,6,14,24,16,4,13],[6,22,10,18,2,14,16,24,4,13],[18,6,10,22,14,24,16,2,4,13],[22,18,10,2,6,14,16,24,4,21,13],[10,22,2,6,14,16,24,18,4,13],[10,22,6,18,14,16,24,2,4,21,13],[22,6,14,24,16,10,2,18,4,13],[14,6,2,18,10,22,24,16,4,13],[10,18,6,22,14,16,24,2,4,13],[2,6,18,22,10,14,24,16,4,13],[14,22,24,16,18,10,2,6,4,13],[10,14,6,22,24,16,2,18,4,13],[22,6,14,16,24,2,18,10,4,13],[18,14,22,24,16,10,2,6,4,13],[14,22,16,24,2,18,10,6,4,13],[14,22,24,16,18,6,2,10,4,13],[14,18,10,6,2,22,16,24,4,21,13],[18,14,6,2,10,22,24,16,4,21,13],[10,22,2,6,18,14,16,24,4,13],[14,18,6,22,24,16,10,2,4,13],[18,6,10,22,2,14,16,24,4,21,13],[18,22,14,24,16,6,2,10,4,13],[2,10,22,14,24,16,6,18,4,21,13],[18,22,6,14,16,24,2,10,4,13],[22,14,16,24,10,18,2,6,4,21,13],[22,6,10,18,2,14,16,24,4,13],[2,18,6,14,22,16,24,10,4,13],[22,6,18,2,10,14,24,16,4,21,13],[10,18,14,2,22,24,16,6,4,13],[6,18,2,22,14,24,16,10,4,13],[22,14,16,24,6,18,2,10,4,21,13],[22,18,6,10,2,14,16,24,4,13],[22,6,2,14,24,16,18,10,4,13],[14,6,2,18,22,24,16,10,4,21,13],[18,14,6,2,10,22,16,24,4,13],[22,2,10,6,14,24,16,18,4,21,13],[22,10,2,14,16,24,6,18,4,13],[6,22,2,18,14,16,24,10,4,21,13],[18,6,22,2,14,24,16,10,4,21,13],[2,6,18,10,22,14,24,16,4,13],[10,22,14,24,16,6,18,2,4,21,13],[14,6,22,16,24,2,10,18,4,21,13],[2,6,14,22,16,24,10,18,4,21,13],[22,2,6,18,14,16,24,10,4,21,13],[14,22,16,24,18,2,6,10,4,13],[2,18,14,22,24,16,6,10,4,21,13],[6,10,18,2,14,22,16,24,4,21,13],[18,10,22,14,16,24,2,6,4,13],[18,22,2,6,14,16,24,10,4,21,13],[14,18,6,22,16,24,10,2,4,8],[2,6,22,18,14,16,24,10,4,21,13],[6,18,10,22,14,24,16,2,4,13],[10,2,22,14,24,16,6,18,4,13],[6,22,2,18,14,24,16,10,4,21,13],[10,22,6,18,2,14,24,16,4,21,13],[10,18,2,22,14,16,24,6,4,21,13],[10,6,18,22,14,24,16,2,4,13],[6,18,2,22,14,24,16,10,4,21,13],[10,2,18,14,6,22,16,24,4,21,13],[2,22,18,10,14,24,16,6,4,13],[14,2,18,10,22,24,16,6,4,21,13],[2,22,10,18,6,14,24,16,4,21,13],[22,10,18,2,14,24,16,6,4,21,13],[14,2,22,16,24,6,10,18,4,21,13],[10,22,6,2,18,14,24,16,4,21,13],[22,6,10,14,16,24,2,18,4,13],[18,22,6,10,2,14,24,16,4,21,13],[10,2,18,22,14,24,16,6,4,13],[22,2,18,6,14,16,24,10,4,21,13],[18,2,10,6,22,14,24,16,4,21,13],[6,2,14,22,24,16,18,10,4,21,13],[2,22,18,14,16,24,10,6,4,13],[6,14,10,18,22,16,24,2,4,13],[14,22,24,16,18,6,10,2,4,21,13],[14,18,6,2,10,22,24,16,4,13],[22,2,18,10,14,16,24,6,4,21,13],[18,6,2,14,22,24,16,10,4,13],[18,10,6,2,14,22,24,16,4,13],[18,10,14,22,24,16,6,2,4,13],[18,14,10,6,2,22,16,24,4,21,13],[18,6,2,14,10,22,24,16,4,21,13],[18,14,6,2,10,22,16,24,4,21,13],[10,6,22,18,14,16,24,2,4,13],[6,18,10,22,14,24,16,2,4,13],[18,14,22,16,24,6,2,10,4,21,13],[18,2,14,6,22,24,16,10,4,21,13],[2,22,14,24,16,18,10,6,4,13],[18,6,22,14,24,16,2,10,4,13],[14,6,10,2,22,16,24,18,4,13],[2,22,10,6,18,14,16,24,4,21,13],[22,14,24,16,2,6,10,18,4,8],[18,22,2,10,6,14,24,16,4,21,13],[18,6,2,22,14,24,16,10,4,21,13],[6,10,14,2,22,16,24,18,4,8],[6,10,2,22,14,16,24,18,4,8],[14,6,2,18,22,16,24,10,4,13],[2,22,10,14,24,16,6,18,4,21,13],[18,22,6,14,24,16,2,10,4,13],[18,22,6,14,24,16,2,10,4,13],[2,18,22,6,14,16,24,10,4,21,13],[2,22,10,14,24,16,18,6,4,13],[10,2,14,18,6,22,24,16,4,13],[22,10,6,2,18,14,24,16,4,21,13],[2,22,18,14,16,24,6,10,4,13],[2,18,10,22,14,16,24,6,4,13],[2,18,6,14,22,16,24,10,4,21,13],[22,2,10,6,14,16,24,18,4,13],[22,10,6,18,2,14,16,24,4,13],[22,10,14,24,16,18,2,6,4,21,13],[14,22,24,16,18,2,6,10,4,7],[6,10,2,14,18,22,16,24,4,21,13],[22,18,10,14,24,16,2,6,4,13],[22,14,24,16,2,6,18,10,4,21,13],[10,18,2,6,14,22,24,16,4,21,13],[18,14,6,22,24,16,2,10,4,13],[10,18,6,22,2,14,16,24,4,21,13],[2,14,6,10,22,16,24,18,4,21,13],[2,18,14,10,22,16,24,6,4,13],[22,2,10,14,16,24,18,6,4,13],[22,2,18,10,6,14,16,24,4,13],[14,22,24,16,2,10,18,6,4,13],[18,14,6,22,16,24,2,10,4,21,13],[14,10,22,16,24,18,2,6,4,21,13],[2,18,10,6,22,14,24,16,4,13],[14,10,6,18,22,24,16,2,4,21,13],[14,22,24,16,10,6,18,2,4,21,13],[2,10,18,14,22,24,16,6,4,21,13],[18,2,14,6,22,24,16,10,4,13],[2,18,22,14,16,24,10,6,4,13],[10,14,22,24,16,18,6,2,4,13],[14,10,2,22,16,24,18,6,4,13],[6,22,14,16,24,18,2,10,4,13],[10,2,18,22,14,16,24,6,4,13],[14,10,18,22,16,24,6,2,4,13],[18,22,14,16,24,6,10,2,4,21,13],[10,18,14,6,22,24,16,2,4,21,13],[22,10,2,18,6,14,16,24,4,21,13],[10,18,6,2,22,14,16,24,4,13],[10,6,22,2,14,24,16,18,4,13],[6,10,18,14,22,24,16,2,4,13],[14,22,16,24,18,10,6,2,4,13],[2,18,6,10,14,22,16,24,4,13],[14,10,6,18,22,16,24,2,4,13],[10,2,18,6,22,14,16,24,4,21,13],[22,14,16,24,6,10,18,2,4,13],[22,6,14,24,16,10,2,18,4,13],[14,22,16,24,18,6,10,2,4,21,13],[6,18,22,14,16,24,2,10,4,13],[10,14,6,2,22,16,24,18,4,21,13],[18,6,22,14,24,16,10,2,4,13],[18,6,10,14,22,16,24,2,4,21,13],[6,18,10,14,22,16,24,2,4,21,13],[22,2,14,16,24,6,10,18,4,13],[18,2,22,14,16,24,6,10,4,13],[6,10,14,22,24,16,2,18,4,13],[22,10,14,24,16,18,2,6,4,21,13],[14,10,6,18,22,16,24,2,4,21,13],[18,10,2,14,22,16,24,6,4,21,13],[22,6,2,18,14,24,16,10,4,13],[18,6,10,2,14,22,24,16,4,21,13],[10,22,14,24,16,6,18,2,4,21,13],[14,2,22,16,24,6,10,18,4,21,13],[18,22,14,24,16,10,6,2,4,21,13],[14,10,2,6,22,16,24,18,4,21,13],[6,18,14,10,2,22,24,16,4,21,13],[2,14,10,6,18,22,16,24,4,21,13],[14,2,22,24,16,18,10,6,4,13],[22,14,16,24,10,18,2,6,4,21,13],[6,18,14,10,2,22,16,24,4,13],[2,22,14,24,16,10,18,6,4,21,13],[14,2,22,16,24,10,18,6,4,21,13],[6,18,22,2,14,24,16,10,4,21,13],[2,22,14,16,24,18,10,6,4,13],[18,6,2,14,10,22,16,24,4,21,13],[2,6,22,10,14,24,16,18,4,21,13],[14,2,10,22,24,16,6,18,4,21,13],[10,14,18,22,24,16,2,6,4,21,13],[10,14,22,16,24,6,18,2,4,21,13],[6,14,10,2,22,16,24,18,4,21,13],[22,2,10,18,6,14,24,16,4,21,13],[18,6,22,2,10,14,16,24,4,21,13],[6,10,22,14,16,24,18,2,4,21,13],[2,18,22,14,24,16,6,10,4,21,13],[6,14,22,16,24,10,18,2,4,13],[22,14,16,24,2,18,10,6,4,8],[14,18,2,22,24,16,6,10,4,13],[6,22,18,14,24,16,10,2,4,21,13],[22,18,10,14,24,16,2,6,4,21,13],[18,22,2,6,10,14,16,24,4,21,13],[22,2,10,14,16,24,18,6,4,21,13],[14,10,6,2,18,22,24,16,4,13],[14,6,10,2,18,22,24,16,4,13],[10,6,18,2,14,22,24,16,4,21,13],[18,10,6,22,14,24,16,2,4,13],[10,6,14,18,22,16,24,2,4,13],[2,14,10,22,24,16,18,6,4,8],[6,22,14,16,24,10,18,2,4,21,13],[14,2,22,24,16,18,10,6,4,13],[14,10,6,22,16,24,2,18,4,13],[2,18,6,10,22,14,16,24,4,13],[6,18,2,14,22,16,24,10,4,13],[18,2,22,14,16,24,10,6,4,21,13],[10,14,22,24,16,2,18,6,4,13],[14,18,10,2,6,22,16,24,4,13],[6,2,14,18,22,16,24,10,4,13],[2,14,10,22,24,16,6,18,4,13],[22,2,14,24,16,10,18,6,4,13],[10,14,22,24,16,18,6,2,4,8],[6,2,10,18,22,14,16,24,4,13],[14,10,22,24,16,18,6,2,4,13],[18,6,22,14,24,16,10,2,4,21,13],[10,18,22,2,6,14,16,24,4,13],[14,6,2,18,22,16,24,10,4,13],[2,18,10,6,14,22,24,16,4,13],[18,6,2,14,22,16,24,10,4,21,13],[22,14,24,16,2,6,18,10,4,21,13],[18,22,10,6,2,14,16,24,4,13],[18,14,22,24,16,2,6,10,4,21,13],[14,22,16,24,18,6,2,10,4,13],[2,22,10,18,14,16,24,6,4,13],[2,22,18,14,24,16,6,10,4,13],[10,14,18,2,6,22,24,16,4,13],[2,14,18,22,24,16,6,10,4,13],[14,10,6,2,18,22,24,16,4,13],[2,6,10,14,22,24,16,18,4,13],[14,18,6,2,10,22,24,16,4,13],[18,10,14,22,24,16,2,6,4,13],[2,22,10,18,14,24,16,6,4,13],[22,2,10,14,24,16,18,6,4,21,13],[6,18,14,10,2,22,16,24,4,21,13],[6,10,2,14,18,22,16,24,4,13],[10,2,6,18,22,14,24,16,4,21,13],[6,14,22,24,16,2,18,10,4,21,13],[10,6,2,18,14,22,24,16,4,13],[6,18,2,14,22,24,16,10,4,21,13],[18,2,6,10,22,14,24,16,4,21,13],[14,18,22,16,24,10,2,6,4,13],[14,6,22,24,16,18,10,2,4,13],[10,6,14,22,24,16,18,2,4,21,13],[6,18,22,14,24,16,2,10,4,21,13],[14,22,16,24,10,6,2,18,4,21,13],[18,22,6,14,16,24,10,2,4,21,13],[6,18,22,2,10,14,16,24,4,13],[2,6,22,14,24,16,10,18,4,21,13],[14,2,22,16,24,6,10,18,4,13],[14,2,10,6,22,16,24,18,4,21,13],[14,10,18,2,22,24,16,6,4,21,13],[10,14,6,22,24,16,2,18,4,21,13],[6,18,2,14,22,16,24,10,4,13],[14,2,6,10,22,16,24,18,4,21,13],[10,6,22,18,14,24,16,2,4,21,13],[6,22,10,2,14,16,24,18,4,13],[22,10,14,16,24,2,6,18,4,13],[18,2,22,10,6,14,16,24,4,21,13],[10,2,6,14,18,22,16,24,4,13],[18,22,2,14,16,24,6,10,4,13],[14,22,24,16,10,18,2,6,4,21,13],[22,10,6,14,24,16,18,2,4,13],[14,18,22,24,16,10,2,6,4,21,13],[10,22,18,6,14,16,24,2,4,13],[2,6,14,18,22,24,16,10,4,13],[6,2,14,10,22,24,16,18,4,13],[14,2,10,6,22,16,24,18,4,13],[2,18,14,6,22,24,16,10,4,21,13],[10,6,22,2,18,14,24,16,4,21,13],[10,14,2,18,22,16,24,6,4,13],[18,22,6,10,2,14,24,16,4,8],[22,6,2,10,14,24,16,18,4,8],[10,18,2,6,14,22,16,24,4,21,13],[10,18,6,14,2,22,16,24,4,8],[22,14,16,24,18,10,2,6,4,21,13],[14,6,22,16,24,2,18,10,4,21,13],[6,14,18,2,10,22,24,16,4,13],[22,14,24,16,10,6,2,18,4,21,13],[18,22,6,2,14,24,16,10,4,21,13],[18,2,6,14,22,24,16,10,4,13],[10,18,14,22,24,16,2,6,4,13],[6,22,10,2,18,14,24,16,4,21,13],[6,14,2,22,16,24,10,18,4,21,13],[6,10,18,2,22,14,24,16,4,13],[2,10,18,6,22,14,24,16,4,21,13],[14,6,10,2,22,16,24,18,4,21,13],[14,22,16,24,2,6,18,10,4,21,13],[10,2,22,6,18,14,24,16,4,21,13],[2,10,18,14,22,24,16,6,4,21,13],[6,14,10,2,22,24,16,18,4,13],[18,2,14,6,10,22,16,24,4,13],[6,2,18,14,10,22,24,16,4,21,13],[14,2,6,10,18,22,16,24,4,21,13],[18,22,10,6,2,14,16,24,4,21,13],[6,10,18,14,22,24,16,2,4,13],[2,6,22,10,14,16,24,18,4,13],[22,10,18,14,16,24,2,6,4,13],[14,18,10,22,24,16,2,6,4,21,13],[6,18,14,2,10,22,24,16,4,21,13],[22,2,6,10,14,16,24,18,4,21,13],[22,6,10,2,14,16,24,18,4,13],[2,10,18,22,14,24,16,6,4,13],[2,14,10,6,22,24,16,18,4,21,13],[14,2,22,16,24,18,6,10,4,21,13],[22,14,24,16,6,18,2,10,4,21,13],[22,10,18,6,2,14,16,24,4,21,13],[6,14,22,16,24,10,2,18,4,21,13],[18,10,22,14,24,16,6,2,4,21,13],[2,18,22,10,6,14,16,24,4,21,13],[18,22,10,6,14,24,16,2,4,13],[14,2,10,18,6,22,24,16,4,13],[2,14,6,22,16,24,10,18,4,13],[6,2,14,22,16,24,18,10,4,13],[2,14,18,10,6,22,24,16,4,13],[18,10,2,14,6,22,16,24,4,21,13],[10,6,18,2,14,22,16,24,4,13],[18,10,14,22,24,16,6,2,4,13],[14,6,10,22,16,24,18,2,4,13],[2,10,6,22,14,16,24,18,4,21,13],[18,10,22,6,14,24,16,2,4,7],[6,18,10,22,14,16,24,2,4,13],[10,22,2,14,24,16,18,6,4,13],[14,10,6,22,16,24,2,18,4,13],[14,10,18,2,6,22,24,16,4,21,13],[22,6,14,16,24,10,2,18,4,13],[6,10,22,18,14,24,16,2,4,13],[6,22,10,14,16,24,18,2,4,21,13],[2,10,18,22,6,14,16,24,4,21,13],[6,2,14,18,10,22,24,16,4,13],[18,2,6,14,22,24,16,10,4,21,13],[18,2,22,10,6,14,24,16,4,21,13],[14,22,16,24,2,6,18,10,4,21,13],[14,10,18,6,2,22,24,16,4,13],[14,22,16,24,10,18,2,6,4,13],[22,6,14,16,24,10,18,2,4,21,13],[2,18,6,22,10,14,16,24,4,21,13],[2,14,10,22,16,24,18,6,4,21,13],[10,22,2,6,14,24,16,18,4,21,13],[14,10,2,6,22,16,24,18,4,13],[14,6,2,18,10,22,16,24,4,13],[10,6,18,2,14,22,16,24,4,21,13],[2,14,10,18,6,22,16,24,4,21,13],[14,2,10,18,22,16,24,6,4,13],[14,2,6,22,24,16,18,10,4,21,13],[6,22,10,2,18,14,16,24,4,13],[22,10,6,14,16,24,18,2,4,21,13],[18,6,2,10,22,14,24,16,4,21,13],[6,2,22,14,24,16,18,10,4,13],[18,2,10,22,6,14,16,24,4,21,13],[6,10,14,2,22,24,16,18,4,21,13],[2,14,18,6,10,22,16,24,4,21,13],[6,18,14,2,22,24,16,10,4,21,13],[10,14,22,24,16,6,2,18,4,13],[14,18,6,22,16,24,10,2,4,21,13],[10,22,6,2,18,14,16,24,4,21,13],[2,6,10,22,18,14,24,16,4,13],[18,10,22,14,16,24,2,6,4,13],[14,6,2,22,24,16,18,10,4,21,13],[22,6,2,18,10,14,16,24,4,13],[18,14,6,10,22,16,24,2,4,23,13],[14,6,22,24,16,2,18,10,4,13],[10,22,6,14,16,24,18,2,4,13],[2,18,6,22,10,14,24,16,4,13],[10,18,14,2,22,16,24,6,4,13],[18,6,10,22,14,16,24,2,4,21,13],[10,2,18,14,22,16,24,6,4,21,13],[18,10,14,2,6,22,24,16,4,21,13],[22,18,10,2,14,16,24,6,4,21,13],[14,18,10,2,6,22,16,24,4,21,13],[22,14,16,24,18,2,6,10,4,13],[18,6,14,10,2,22,24,16,4,8],[18,22,10,2,14,16,24,6,4,21,13],[10,2,6,14,18,22,24,16,4,13],[22,6,18,2,14,24,16,10,4,13],[14,6,18,22,24,16,2,10,4,21,13],[10,6,18,22,14,24,16,2,4,21,13],[2,22,10,14,24,16,18,6,4,21,13],[6,2,18,10,14,22,16,24,4,13],[18,10,6,14,2,22,24,16,4,21,13],[14,22,24,16,18,2,6,10,4,13],[22,18,14,24,16,10,2,6,4,21,13],[10,2,22,18,14,24,16,6,4,21,13],[18,10,22,6,14,16,24,2,4,8],[14,2,10,22,24,16,18,6,4,21,13],[10,6,18,14,22,16,24,2,4,21,13],[22,2,18,6,14,16,24,10,4,13],[10,6,2,18,14,22,24,16,4,21,13],[14,18,10,2,6,22,24,16,4,8],[18,22,14,16,24,10,2,6,4,21,13],[18,6,10,2,14,22,16,24,4,21,13],[6,22,14,24,16,2,18,10,4,13],[2,6,10,14,22,16,24,18,4,21,13],[14,6,2,18,10,22,16,24,4,13],[2,14,22,24,16,6,18,10,4,21,13],[2,10,6,14,22,24,16,18,4,13],[22,14,24,16,10,2,6,18,4,13],[22,18,2,14,16,24,10,6,4,13],[2,14,6,18,22,24,16,10,4,21,13],[18,10,2,14,6,22,16,24,4,13],[2,6,18,10,14,22,16,24,4,13],[18,2,22,10,6,14,16,24,4,13],[22,6,2,18,14,24,16,10,4,13],[10,18,14,22,24,16,6,2,4,13],[18,14,6,10,22,16,24,2,4,21,13],[14,10,6,18,2,22,24,16,4,8],[18,22,10,2,6,14,16,24,4,21,13],[22,2,6,10,18,14,24,16,4,21,13],[2,22,18,6,14,16,24,10,4,21,13],[10,22,18,2,14,16,24,6,4,13],[6,22,10,14,24,16,2,18,4,13],[2,22,6,18,14,24,16,10,4,13],[6,2,10,18,22,14,16,24,4,13],[2,18,6,14,22,16,24,10,4,13],[22,6,10,2,18,14,16,24,4,13],[10,2,6,22,18,14,24,16,4,21,13],[22,10,6,14,16,24,18,2,4,21,13],[10,18,2,14,6,22,16,24,4,13],[6,10,22,18,2,14,16,24,4,21,13],[22,2,10,6,14,24,16,18,4,13],[2,18,22,6,10,14,24,16,4,13],[22,2,14,24,16,6,10,18,4,13],[6,2,14,18,10,22,24,16,4,21,13],[14,10,2,22,24,16,6,18,4,21,13],[2,18,6,22,14,24,16,10,4,21,13],[18,6,14,2,10,22,16,24,4,13],[6,14,10,22,24,16,18,2,4,13],[6,18,10,14,2,22,24,16,4,21,13],[2,22,10,18,6,14,16,24,4,13],[22,2,6,18,14,16,24,10,4,21,13],[2,10,6,22,14,24,16,18,4,21,13],[18,22,14,24,16,10,6,2,4,21,13],[18,14,2,10,22,24,16,6,4,13],[10,14,2,18,6,22,24,16,4,13],[18,10,14,22,16,24,2,6,4,21,13],[22,2,18,10,14,24,16,6,4,21,13],[22,2,18,14,16,24,6,10,4,13],[2,18,6,22,10,14,24,16,4,21,13],[18,14,22,16,24,10,2,6,4,21,13],[22,6,10,14,16,24,2,18,4,13],[18,6,14,22,16,24,10,2,4,21,13],[18,10,2,22,6,14,24,16,4,21,13],[2,18,6,22,14,24,16,10,4,13],[2,10,18,22,6,14,16,24,4,8],[6,14,10,22,16,24,18,2,4,13],[2,18,10,6,14,22,16,24,4,13],[6,14,22,24,16,2,18,10,4,21,13],[6,10,2,22,18,14,16,24,4,13],[6,22,14,24,16,18,2,10,4,13],[10,22,14,16,24,2,6,18,4,21,13],[2,14,10,6,18,22,16,24,4,21,13],[6,18,2,10,22,14,24,16,4,21,13],[14,22,16,24,18,10,2,6,4,13],[6,14,22,24,16,2,18,10,4,13],[2,14,22,24,16,6,10,18,4,21,13],[10,2,6,14,22,16,24,18,4,21,13],[14,10,18,22,16,24,2,6,4,13],[2,10,18,22,14,24,16,6,4,13],[2,14,18,10,6,22,16,24,4,21,13],[14,10,18,6,22,24,16,2,4,21,13],[6,10,22,2,18,14,24,16,4,13],[22,6,2,10,14,16,24,18,4,13],[2,6,18,22,14,24,16,10,4,13],[18,10,22,14,24,16,2,6,4,21,13],[22,14,24,16,2,10,6,18,4,21,13],[6,22,10,14,24,16,2,18,4,21,13],[14,6,10,18,22,16,24,2,4,13],[2,14,18,22,24,16,10,6,4,21,13],[2,18,6,22,10,14,24,16,4,21,13],[18,2,14,22,16,24,10,6,4,13],[6,14,10,22,16,24,18,2,4,21,13],[22,10,18,2,6,14,24,16,4,21,13],[6,10,18,2,14,22,16,24,4,21,13],[6,14,18,2,10,22,16,24,4,21,13],[22,14,24,16,2,10,18,6,4,13],[2,22,6,10,14,24,16,18,4,21,13],[14,2,6,10,18,22,16,24,4,21,13],[10,14,22,16,24,18,2,6,4,21,13],[10,6,2,22,14,24,16,18,4,21,13],[2,10,14,22,16,24,18,6,4,13],[14,2,22,16,24,10,6,18,4,21,13],[22,2,18,6,10,14,24,16,4,13],[10,2,14,6,18,22,16,24,4,21,13],[6,18,22,2,10,14,16,24,4,13],[2,22,6,18,10,14,16,24,4,13],[22,6,14,24,16,2,10,18,4,21,13],[6,14,2,10,18,22,24,16,4,13],[18,14,2,10,22,16,24,6,4,21,13],[14,2,6,10,22,16,24,18,4,8],[2,10,6,14,22,16,24,18,4,13],[2,22,18,6,10,14,24,16,4,13],[6,10,14,18,2,22,16,24,4,21,13],[18,2,6,10,14,22,16,24,4,13],[10,6,22,2,14,16,24,18,4,8],[18,22,2,6,10,14,16,24,4,13],[10,18,14,6,22,16,24,2,4,21,13],[18,22,6,2,10,14,24,16,4,13],[18,14,6,22,24,16,10,2,4,21,13],[14,22,24,16,6,2,10,18,4,13],[14,18,6,22,24,16,10,2,4,13],[10,6,14,22,24,16,18,2,4,21,13],[10,18,14,6,22,16,24,2,4,13],[22,18,6,10,2,14,16,24,4,13],[18,6,10,22,14,16,24,2,4,21,13],[18,14,10,22,16,24,2,6,4,21,13],[2,10,6,18,22,14,16,24,4,13],[10,14,6,22,16,24,2,18,4,21,13],[6,10,18,22,14,16,24,2,4,13],[2,6,18,14,10,22,24,16,4,13],[22,2,18,10,6,14,24,16,4,21,13],[10,6,22,14,24,16,18,2,4,13],[10,18,2,22,14,24,16,6,4,13],[6,22,10,14,16,24,2,18,4,13],[14,10,22,16,24,2,6,18,4,8],[6,10,18,2,14,22,16,24,4,13],[14,2,18,6,10,22,16,24,4,13],[22,2,18,14,16,24,6,10,4,13],[10,14,22,16,24,18,2,6,4,21,13],[18,14,2,22,24,16,6,10,4,21,13],[14,10,6,18,22,16,24,2,4,21,13],[14,22,24,16,2,6,10,18,4,21,13],[14,2,22,24,16,6,18,10,4,13],[14,2,22,24,16,10,18,6,4,13],[6,22,10,14,24,16,18,2,4,21,13],[2,22,18,14,24,16,6,10,4,13],[2,22,14,16,24,18,10,6,4,21,13],[2,14,6,18,22,24,16,10,4,13],[18,14,2,10,6,22,24,16,4,8],[6,2,14,18,10,22,24,16,4,21,13],[14,18,6,2,22,24,16,10,4,13],[6,14,2,10,22,24,16,18,4,13],[10,14,18,6,2,22,24,16,4,13],[18,2,6,22,10,14,16,24,4,13],[6,2,14,10,22,16,24,18,4,13],[10,2,18,22,14,24,16,6,4,21,13],[18,14,6,10,22,16,24,2,4,21,13],[10,6,22,14,16,24,18,2,4,21,13],[18,22,10,2,6,14,24,16,4,13],[18,6,14,10,2,22,16,24,4,13],[22,14,24,16,2,10,18,6,4,13],[18,22,14,16,24,2,10,6,4,21,13],[6,22,14,24,16,10,2,18,4,13],[18,14,10,2,22,16,24,6,4,8],[10,18,22,2,6,14,24,16,4,13],[22,2,10,6,14,24,16,18,4,13],[18,10,14,22,24,16,6,2,4,21,13],[14,2,22,24,16,18,10,6,4,13],[10,6,2,14,18,22,16,24,4,21,13],[18,22,2,6,10,14,24,16,4,13],[14,2,22,16,24,10,6,18,4,21,13],[22,2,10,14,16,24,6,18,4,21,13],[18,2,22,6,10,14,24,16,4,21,13],[2,6,18,14,22,24,16,10,4,13],[10,18,2,6,22,14,16,24,4,21,13],[18,6,10,2,22,14,24,16,4,13],[18,10,22,2,6,14,24,16,4,8],[14,18,22,16,24,10,6,2,4,21,13],[6,2,22,10,18,14,16,24,4,13],[10,18,6,22,14,24,16,2,4,21,13],[6,18,2,10,22,14,16,24,4,13],[18,22,2,10,6,14,24,16,4,21,13],[6,10,14,18,22,16,24,2,4,8],[18,10,2,22,6,14,16,24,4,13],[14,10,18,22,16,24,6,2,4,21,13],[18,14,6,22,16,24,2,10,4,13],[14,22,16,24,6,2,10,18,4,21,13],[14,22,16,24,6,18,2,10,4,13],[14,10,22,16,24,2,6,18,4,21,13],[18,2,10,22,6,14,24,16,4,21,13],[18,10,2,6,22,14,24,16,4,21,13],[18,2,6,10,14,22,24,16,4,8],[6,14,10,22,24,16,2,18,4,21,13],[22,18,2,14,16,24,6,10,4,21,13],[2,22,10,14,24,16,18,6,4,13],[18,6,2,22,14,24,16,10,4,21,13],[6,22,10,18,2,14,24,16,4,21,13],[18,2,22,6,14,16,24,10,4,13],[18,2,22,14,24,16,6,10,4,13],[22,6,10,18,14,16,24,2,4,13],[18,14,10,2,6,22,24,16,4,13],[6,2,10,14,18,22,16,24,4,21,13],[18,14,6,10,2,22,16,24,4,13],[18,14,6,2,22,24,16,10,4,13],[6,2,22,18,14,16,24,10,4,21,13],[10,2,18,14,6,22,16,24,4,13],[6,18,22,14,24,16,10,2,4,21,13],[10,18,14,2,22,16,24,6,4,21,13],[18,14,10,2,6,22,16,24,4,21,13],[10,14,18,2,22,16,24,6,4,21,13],[6,2,22,10,18,14,16,24,4,21,13],[14,6,22,16,24,10,2,18,4,13],[14,6,18,10,2,22,24,16,4,13],[2,22,10,18,6,14,16,24,4,13],[18,10,22,6,14,16,24,2,4,21,13],[14,6,18,10,2,22,16,24,4,21,13],[22,10,2,14,16,24,18,6,4,21,13],[18,6,22,10,14,24,16,2,4,21,13],[18,22,2,14,24,16,10,6,4,13],[18,22,10,2,14,24,16,6,4,8],[18,10,14,6,2,22,16,24,4,13],[10,14,2,6,22,16,24,18,4,13],[6,10,18,2,14,22,24,16,4,21,13],[6,10,2,22,18,14,16,24,4,21,13],[22,14,16,24,10,18,6,2,4,21,13],[22,6,14,24,16,2,18,10,4,13],[6,18,10,22,14,16,24,2,4,21,13],[6,2,10,14,22,16,24,18,4,21,13],[2,6,14,10,18,22,24,16,4,21,13],[10,6,2,14,18,22,16,24,4,13],[10,6,22,18,14,16,24,2,4,21,13],[14,18,10,2,22,24,16,6,4,21,13],[22,2,10,6,14,24,16,18,4,8],[6,2,18,22,14,16,24,10,4,13],[14,10,22,16,24,2,6,18,4,13],[10,18,22,14,24,16,2,6,4,13],[2,18,14,6,22,16,24,10,4,21,13],[6,2,22,14,16,24,10,18,4,13],[6,2,14,18,22,24,16,10,4,13],[14,22,16,24,10,2,6,18,4,13],[10,14,22,24,16,18,6,2,4,8],[2,18,22,6,14,16,24,10,4,13],[2,14,18,22,24,16,10,6,4,13],[2,22,18,14,24,16,10,6,4,13],[2,14,18,10,22,16,24,6,4,13],[2,6,18,14,22,16,24,10,4,21,13],[6,2,10,18,22,14,16,24,4,13],[2,14,10,18,22,16,24,6,4,8],[2,14,10,18,6,22,24,16,4,21,13],[6,10,14,2,18,22,24,16,4,21,13],[2,10,22,6,18,14,16,24,4,8],[2,18,10,22,6,14,16,24,4,13],[14,22,16,24,2,18,10,6,4,21,13],[10,2,6,18,14,22,24,16,4,13],[6,22,18,10,14,16,24,2,4,21,13],[2,10,18,14,22,16,24,6,4,13],[22,14,16,24,2,6,18,10,4,21,13],[22,14,16,24,18,10,2,6,4,21,13],[6,22,14,24,16,10,18,2,4,13],[2,22,10,14,16,24,18,6,4,13],[14,2,6,18,22,24,16,10,4,13],[2,6,14,18,10,22,24,16,4,21,13],[10,6,18,14,2,22,24,16,4,21,13],[22,2,10,14,16,24,18,6,4,21,13],[2,18,14,10,6,22,24,16,4,21,13],[14,22,24,16,6,18,10,2,4,13],[10,2,22,18,14,24,16,6,4,21,13],[10,18,22,6,14,16,24,2,4,21,13],[18,22,6,10,2,14,24,16,4,21,13],[10,18,22,6,2,14,16,24,4,13],[18,2,10,6,22,14,16,24,4,13],[6,22,18,2,14,16,24,10,4,13],[6,2,14,10,22,16,24,18,4,13],[10,2,6,18,22,14,16,24,4,21,13],[22,14,24,16,6,2,10,18,4,13],[22,14,16,24,2,10,18,6,4,13],[2,22,6,14,24,16,18,10,4,21,13],[22,2,10,18,14,16,24,6,4,13],[2,14,6,10,18,22,16,24,4,13],[18,10,14,6,2,22,16,24,4,8],[18,2,22,10,14,24,16,6,4,13],[2,22,6,10,18,14,16,24,4,21,13],[14,2,6,18,22,16,24,10,4,21,13],[6,22,10,18,2,14,24,16,4,13],[22,18,2,6,10,14,24,16,4,21,13],[18,10,2,14,22,24,16,6,4,21,13],[18,14,22,16,24,2,6,10,4,21,13],[22,10,18,14,24,16,6,2,4,21,13],[6,18,10,22,14,24,16,2,4,13],[22,14,24,16,18,2,10,6,4,21,13],[10,6,18,22,2,14,16,24,4,13],[10,6,18,22,2,14,24,16,4,13],[18,22,6,14,16,24,2,10,4,21,13],[22,18,14,24,16,6,2,10,4,23,13],[22,10,2,6,18,14,16,24,4,21,13],[10,22,6,2,18,14,16,24,4,13],[6,22,2,10,14,16,24,18,4,21,13],[10,18,14,22,24,16,6,2,4,21,13],[22,2,6,18,14,16,24,10,4,13],[6,14,18,10,22,24,16,2,4,21,13],[6,10,14,2,18,22,16,24,4,13],[6,18,2,14,10,22,16,24,4,13],[10,2,6,18,22,14,24,16,4,21,13],[22,18,6,10,14,24,16,2,4,13],[14,18,6,10,22,16,24,2,4,13],[18,22,2,6,14,24,16,10,4,21,13],[14,10,22,24,16,18,6,2,4,13],[14,10,18,2,22,24,16,6,4,13],[2,18,14,22,24,16,6,10,4,21,13],[14,6,10,2,22,24,16,18,4,13],[6,22,2,18,14,24,16,10,4,8],[10,22,18,2,14,24,16,6,4,13],[10,14,2,6,22,16,24,18,4,21,13],[2,18,10,6,14,22,16,24,4,21,13],[10,22,6,14,16,24,2,18,4,21,13],[10,22,18,14,16,24,2,6,4,21,13],[2,22,14,24,16,18,6,10,4,21,13],[14,18,6,10,22,24,16,2,4,21,13],[10,2,22,6,14,16,24,18,4,21,13],[14,10,2,6,18,22,16,24,4,21,13],[22,10,14,24,16,18,6,2,4,13],[22,6,2,10,18,14,16,24,4,21,13],[22,14,16,24,10,6,2,18,4,13],[6,2,22,10,18,14,24,16,4,13],[18,22,14,16,24,10,2,6,4,13],[14,22,24,16,18,2,6,10,4,21,13],[10,14,2,22,24,16,6,18,4,21,13],[2,18,6,14,10,22,24,16,4,13],[14,6,18,10,2,22,24,16,4,13]],"n_human":10}