{"problem_id":"3Ne8pBMhNEyW1e4","sigma":150,"alpha":3.162,"cost":0,"probabilities":"[0.18, 0.14, 0.12, 0.56]","payoff_matrix":"[[-27, 13, 238, 45, 283, -68], [-142, -217, 58, -214, 45, 111], [-166, -181, -135, -40, -47, -70], [6, 136, 42, 134, 68, -6]]","uncovered":[[24,16,20,8,13,5,12,4,6,17,18,14],[16,20,24,8,5,13,4,12,6,17,18,14],[12,8,20,24,4,16,13,5,6,17,14],[12,16,20,4,8,13,5,24,6,17,18,14],[20,4,8,12,24,16,13,5,6,17,18,14],[4,20,24,8,16,5,13,12,6,17,18,14],[4,16,20,24,12,8,5,13,6,17,14],[16,24,8,13,5,4,20,12,14,17,6],[12,4,20,16,8,13,5,24,6,17,18,14],[8,20,4,16,13,5,24,12,14,17,18,6],[8,4,24,20,12,16,13,5,6,17,18,14],[12,24,8,4,16,13,5,20,14,17,6],[4,20,12,24,8,16,13,5,14,17,18,6],[20,24,4,8,16,5,13,12,14,17,6],[20,4,8,24,16,5,13,12,14,17,18,6],[20,12,24,8,4,16,13,5,14,17,18,6],[16,12,4,24,8,5,13,20,6,17,14],[8,24,16,13,5,20,12,4,6,17,18,14],[4,12,20,8,24,16,13,5,14,17,18,6],[20,4,8,12,16,13,5,24,14,17,18,6],[16,20,8,5,13,24,4,12,6,17,18,14],[24,8,16,5,13,12,4,20,6,17,18,14],[12,4,8,24,20,16,13,5,6,17,14],[4,16,8,5,13,12,24,20,14,17,18,6],[24,8,20,12,16,13,5,4,6,17,18,14],[24,12,4,8,16,13,5,20,14,17,18,6],[4,24,16,8,5,13,20,12,6,17,14],[20,16,8,13,5,24,4,12,14,17,18,6],[24,8,4,20,12,16,13,5,14,17,6],[4,12,16,20,24,8,13,5,6,17,14],[20,24,12,16,4,8,13,5,14,17,6],[4,16,12,24,20,8,13,5,6,17,18,14],[4,8,12,24,20,16,5,13,14,17,6],[8,24,12,16,13,5,4,20,6,17,18,14],[12,4,16,20,8,13,5,24,6,17,14],[4,8,12,24,16,5,13,20,14,17,18,6],[20,24,12,16,8,13,5,4,6,17,18,14],[8,16,5,13,24,4,20,12,6,17,14],[8,16,13,5,20,4,12,24,14,17,6],[4,12,24,16,20,8,5,13,14,17,6],[12,20,4,24,8,16,13,5,6,17,14],[12,16,8,5,13,20,4,24,14,17,6],[24,8,16,5,13,12,20,4,6,17,14],[24,16,20,8,13,5,4,12,6,17,18,14],[8,16,5,13,12,24,20,4,14,17,6],[4,12,8,20,16,5,13,24,6,17,18,14],[4,20,8,16,5,13,12,24,14,17,18,6],[20,24,4,8,16,13,5,12,6,17,18,14],[24,16,4,20,12,8,5,13,6,17,18,14],[16,20,12,24,4,8,5,13,6,17,14],[20,4,16,24,8,13,5,12,6,17,18,14],[4,12,24,16,20,8,5,13,6,17,14],[24,4,20,8,12,16,5,13,14,17,18,6],[12,20,16,24,8,13,5,4,14,17,6],[16,20,4,24,8,13,5,12,6,17,14],[16,24,8,13,5,4,12,20,14,17,6],[24,20,12,8,4,16,5,13,14,17,6],[8,16,13,5,12,4,24,20,14,17,6],[20,8,16,13,5,12,4,24,14,17,6],[20,24,8,4,16,13,5,12,6,17,18,14],[16,4,8,13,5,20,24,12,6,17,14],[20,16,4,12,24,8,5,13,6,17,14],[24,4,8,12,16,13,5,20,6,17,14],[4,24,8,12,20,16,13,5,14,17,6],[12,4,20,8,24,16,5,13,6,17,14],[16,4,12,24,8,13,5,20,6,17,14],[24,8,12,20,16,13,5,4,14,17,18,6],[20,16,12,4,24,8,5,13,6,17,18,14],[16,24,4,12,8,5,13,20,14,17,6],[8,16,13,5,24,20,12,4,6,17,18,14],[8,12,20,24,16,5,13,4,14,17,18,6],[24,20,8,4,12,16,13,5,6,17,18,14],[4,20,12,24,16,8,13,5,6,17,14],[12,8,4,20,24,16,5,13,6,17,14],[4,24,16,20,8,5,13,12,14,17,6],[24,4,8,12,20,16,13,5,6,17,14],[8,20,4,16,5,13,24,12,14,17,18,6],[24,20,8,12,4,16,5,13,6,17,14],[24,20,4,8,12,16,5,13,14,17,6],[16,8,13,5,4,24,12,20,6,17,18,14],[12,4,8,16,5,13,20,24,14,17,6],[20,16,12,8,13,5,4,24,14,17,6],[16,4,20,12,8,5,13,24,6,17,18,14],[20,24,4,12,8,16,13,5,14,17,18,6],[4,20,24,16,12,8,13,5,14,17,18,6],[16,4,8,13,5,12,24,20,14,17,6],[8,24,16,13,5,12,20,4,14,17,18,6],[12,8,16,13,5,4,24,20,14,17,6],[24,4,8,20,12,16,13,5,6,17,14],[8,24,12,20,4,16,13,5,14,17,18,6],[8,24,12,16,5,13,4,20,14,17,18,6],[20,4,24,16,8,13,5,12,14,17,6],[24,8,12,20,16,5,13,4,14,17,6],[4,20,24,8,16,13,5,12,14,17,6],[4,24,8,16,13,5,20,12,6,17,14],[4,8,24,16,5,13,20,12,6,17,14],[8,20,4,24,16,13,5,12,14,17,18,6],[4,12,16,8,13,5,24,20,6,17,18,14],[12,8,4,20,24,16,5,13,6,17,18,14],[16,12,8,5,13,4,20,24,14,17,6],[16,20,8,5,13,4,24,12,6,17,18,14],[8,20,4,12,24,16,13,5,14,17,18,6],[8,24,20,4,12,16,5,13,14,17,18,6],[20,4,8,16,13,5,24,12,14,17,6],[8,16,13,5,20,4,24,12,6,17,18,14],[16,4,12,20,8,5,13,24,6,17,14],[20,12,8,4,16,13,5,24,14,17,6],[4,12,8,16,13,5,24,20,14,17,18,6],[8,24,16,5,13,4,12,20,14,17,18,6],[16,8,13,5,4,20,12,24,6,17,14],[8,4,16,5,13,24,20,12,6,17,18,14],[24,12,20,8,4,16,13,5,14,17,6],[4,16,20,8,5,13,12,24,6,17,14],[20,4,24,12,8,16,5,13,14,17,6],[24,8,20,12,16,13,5,4,6,17,14],[24,16,8,13,5,12,4,20,6,17,14],[16,12,8,5,13,4,24,20,14,17,6],[16,12,20,8,13,5,4,24,6,17,18,14],[8,16,5,13,24,4,12,20,14,17,6],[12,8,4,16,13,5,20,24,6,17,14],[12,24,8,4,20,16,5,13,14,17,6],[24,4,12,8,16,5,13,20,6,17,14],[12,16,8,13,5,4,20,24,14,17,18,6],[16,24,12,20,8,5,13,4,14,17,6],[8,24,20,4,12,16,13,5,14,17,6],[12,24,4,20,8,16,13,5,6,17,18,14],[8,20,4,12,16,5,13,24,14,17,6],[16,24,20,4,12,8,13,5,14,17,6],[12,20,4,8,24,16,5,13,14,17,18,6],[20,12,8,24,16,13,5,4,6,17,18,14],[8,12,20,4,24,16,13,5,14,17,18,6],[20,16,8,13,5,24,12,4,6,17,14],[16,20,12,24,8,5,13,4,14,17,18,6],[16,20,12,8,13,5,4,24,6,17,14],[16,8,5,13,12,24,20,4,6,17,14],[12,4,20,8,24,16,13,5,6,17,18,14],[20,12,8,16,13,5,4,24,6,17,18,14],[20,4,12,16,24,8,13,5,14,17,18,6],[12,16,4,8,5,13,24,20,6,17,18,14],[16,4,24,8,5,13,20,12,14,17,6],[12,24,8,16,5,13,20,4,14,17,18,6],[16,20,8,5,13,4,12,24,14,17,6],[12,16,24,4,8,5,13,20,6,17,14],[24,12,16,4,20,8,13,5,14,17,18,6],[12,8,20,4,24,16,5,13,14,17,6],[8,24,20,16,13,5,12,4,6,17,18,14],[16,4,12,20,8,13,5,24,6,17,14],[4,16,8,13,5,12,20,24,14,17,18,6],[20,4,24,8,16,5,13,12,14,17,18,6],[20,24,12,16,8,13,5,4,6,17,18,14],[4,20,12,24,8,16,13,5,6,17,14],[20,12,24,16,8,5,13,4,6,17,18,14],[8,24,12,16,5,13,20,4,6,17,14],[4,20,8,12,16,13,5,24,6,17,14],[16,20,4,12,8,13,5,24,6,17,14],[8,16,13,5,12,4,24,20,14,17,18,6],[4,20,12,8,16,5,13,24,6,17,14],[24,4,16,8,13,5,12,20,14,17,6],[16,4,12,8,13,5,20,24,14,17,6],[24,12,4,8,16,13,5,20,14,17,6],[12,8,24,20,4,16,13,5,6,17,14],[12,8,4,24,16,13,5,20,6,17,18,14],[24,4,8,12,20,16,5,13,6,17,18,14],[24,16,4,8,5,13,20,12,14,17,18,6],[16,24,20,8,5,13,12,4,6,17,14],[12,16,4,8,13,5,24,20,6,17,18,14],[12,8,16,5,13,24,20,4,14,17,18,6],[20,24,16,8,5,13,12,4,6,17,18,14],[12,16,8,5,13,4,24,20,14,17,6],[24,16,20,12,4,8,5,13,14,17,18,6],[8,4,24,12,16,5,13,20,14,17,18,6],[4,20,16,8,13,5,12,24,6,17,14],[8,20,24,16,13,5,4,12,6,17,18,14],[4,20,24,16,8,13,5,12,6,17,14],[12,16,24,8,13,5,20,4,14,17,6],[12,24,16,8,13,5,4,20,6,17,14],[20,16,4,8,5,13,24,12,14,17,18,6],[24,4,12,20,8,16,5,13,6,17,18,14],[8,16,13,5,4,20,12,24,6,17,18,14],[12,4,24,20,16,8,5,13,6,17,18,14],[20,24,8,12,4,16,13,5,6,17,14],[24,8,12,4,16,13,5,20,6,17,14],[8,12,20,4,24,16,5,13,6,17,14],[16,4,8,13,5,24,12,20,14,17,6],[24,12,4,16,8,13,5,20,6,17,18,14],[20,16,4,12,24,8,13,5,14,17,6],[24,8,16,13,5,4,20,12,6,17,14],[12,24,16,8,13,5,20,4,6,17,14],[16,4,8,13,5,12,20,24,14,17,6],[24,16,8,13,5,20,4,12,6,17,14],[8,4,12,20,24,16,13,5,14,17,18,6],[4,12,20,8,16,5,13,24,6,17,18,14],[20,12,4,16,8,13,5,24,14,17,6],[12,24,16,20,8,13,5,4,6,17,14],[8,12,16,5,13,20,24,4,14,17,6],[8,24,16,13,5,20,4,12,14,17,6],[24,4,8,16,13,5,12,20,14,17,6],[24,4,20,8,16,5,13,12,14,17,6],[12,20,16,8,13,5,4,24,14,17,6],[24,20,12,8,4,16,13,5,6,17,14],[4,12,8,20,24,16,5,13,14,17,18,6],[24,20,8,4,12,16,5,13,14,17,6],[12,16,8,13,5,20,4,24,6,17,14],[24,4,20,16,8,5,13,12,6,17,18,14],[16,8,13,5,24,12,20,4,6,17,18,14],[20,16,8,5,13,24,4,12,14,17,18,6],[16,12,4,20,24,8,5,13,14,17,6],[16,24,20,4,12,8,13,5,14,17,18,6],[16,20,4,12,24,8,13,5,6,17,18,14],[16,8,13,5,12,20,4,24,6,17,18,14],[12,8,4,24,16,13,5,20,14,17,18,6],[4,16,20,8,13,5,24,12,6,17,18,14],[16,20,8,5,13,12,4,24,14,17,6],[24,16,8,13,5,12,4,20,6,17,18,14],[12,4,24,8,16,13,5,20,6,17,14],[24,12,8,16,13,5,4,20,6,17,14],[12,20,4,8,16,13,5,24,6,17,18,14],[4,16,20,8,5,13,12,24,14,17,18,6],[16,4,8,5,13,24,12,20,6,17,18,14],[12,24,16,8,5,13,4,20,14,17,6],[8,4,20,12,24,16,5,13,6,17,18,14],[16,24,20,4,8,13,5,12,14,17,18,6],[12,4,8,20,16,5,13,24,6,17,14],[16,20,8,13,5,12,4,24,14,17,6],[24,12,16,4,8,5,13,20,14,17,6],[24,4,8,20,12,16,5,13,14,17,18,6],[20,24,8,16,5,13,12,4,6,17,14],[20,24,16,4,8,5,13,12,6,17,14],[12,24,4,20,8,16,5,13,6,17,14],[8,4,24,12,20,16,5,13,6,17,18,14],[24,16,12,8,5,13,20,4,6,17,18,14],[16,24,8,5,13,12,20,4,14,17,6],[8,20,24,4,12,16,13,5,14,17,6],[8,20,24,12,16,5,13,4,14,17,18,6],[12,24,16,4,20,8,13,5,6,17,14],[24,12,16,4,20,8,5,13,6,17,18,14],[4,20,16,12,8,13,5,24,14,17,6],[16,24,12,4,8,13,5,20,6,17,14],[16,4,12,24,20,8,5,13,6,17,18,14],[20,8,12,16,13,5,4,24,14,17,18,6],[8,20,4,16,5,13,24,12,14,17,6],[20,8,16,13,5,4,24,12,14,17,18,6],[16,8,13,5,12,4,24,20,6,17,18,14],[4,16,8,13,5,12,24,20,14,17,6],[12,8,20,16,5,13,24,4,14,17,18,6],[12,20,24,4,8,16,13,5,6,17,14],[16,24,12,8,13,5,4,20,6,17,18,14],[12,16,24,8,13,5,20,4,14,17,18,6],[20,16,24,4,12,8,5,13,14,17,6],[8,4,20,16,13,5,12,24,14,17,18,6],[16,4,20,24,8,13,5,12,14,17,18,6],[4,12,16,8,13,5,24,20,6,17,18,14],[16,4,20,24,12,8,13,5,14,17,18,6],[24,16,8,13,5,4,12,20,14,17,6],[12,16,4,24,20,8,5,13,14,17,6],[12,24,8,20,16,5,13,4,14,17,6],[16,12,8,5,13,4,24,20,14,17,6],[12,24,8,16,13,5,4,20,14,17,6],[8,16,5,13,4,24,12,20,6,17,18,14],[24,20,16,8,5,13,4,12,14,17,18,6],[4,8,24,20,16,13,5,12,6,17,18,14],[16,24,4,12,8,5,13,20,6,17,14],[4,24,8,20,12,16,5,13,14,17,18,6],[12,16,4,20,24,8,13,5,6,17,14],[4,8,24,20,16,13,5,12,14,17,6],[16,8,13,5,12,24,4,20,14,17,6],[8,20,16,5,13,12,24,4,6,17,14],[8,12,4,24,20,16,13,5,14,17,6],[4,8,16,13,5,20,12,24,6,17,18,14],[24,4,12,16,8,13,5,20,6,17,14],[12,4,24,8,16,13,5,20,14,17,18,6],[16,24,12,8,13,5,4,20,6,17,18,14],[8,4,24,12,16,5,13,20,6,17,14],[4,8,20,24,16,13,5,12,14,17,6],[20,16,12,24,8,5,13,4,14,17,18,6],[8,20,24,12,16,5,13,4,14,17,6],[8,20,24,4,16,13,5,12,14,17,18,6],[12,24,4,16,20,8,5,13,6,17,14],[16,8,5,13,12,20,24,4,14,17,18,6],[16,20,24,8,13,5,12,4,6,17,18,14],[24,20,12,8,16,5,13,4,14,17,18,6],[8,24,20,12,16,13,5,4,14,17,6],[24,8,20,12,16,5,13,4,6,17,18,14],[16,8,13,5,12,4,20,24,6,17,18,14],[16,4,24,8,13,5,12,20,6,17,14],[4,12,24,8,16,13,5,20,6,17,18,14],[8,24,16,5,13,4,20,12,6,17,18,14],[4,20,16,8,13,5,12,24,6,17,18,14],[24,4,16,8,13,5,12,20,6,17,14],[24,20,16,8,5,13,4,12,14,17,18,6],[4,12,16,24,8,5,13,20,14,17,6],[4,16,24,20,8,13,5,12,6,17,14],[16,20,12,8,5,13,4,24,14,17,18,6],[12,4,24,16,8,5,13,20,6,17,18,14],[20,12,4,24,16,8,13,5,14,17,18,6],[16,20,12,4,24,8,5,13,6,17,18,14],[24,8,12,20,16,13,5,4,14,17,18,6],[20,4,24,8,16,13,5,12,6,17,14],[24,12,20,16,4,8,5,13,14,17,18,6],[20,24,8,4,12,16,5,13,6,17,18,14],[12,4,20,8,24,16,5,13,6,17,18,14],[12,4,24,20,16,8,13,5,14,17,6],[16,4,24,20,12,8,5,13,6,17,18,14],[16,4,20,12,24,8,5,13,14,17,18,6],[20,16,24,8,13,5,4,12,14,17,18,6],[16,8,13,5,20,12,24,4,6,17,14],[20,4,16,24,12,8,5,13,6,17,18,14],[4,24,20,8,16,5,13,12,6,17,18,14],[20,16,4,24,8,13,5,12,6,17,14],[8,12,4,20,16,13,5,24,14,17,6],[24,4,20,8,16,5,13,12,14,17,6],[16,24,12,4,8,13,5,20,6,17,14],[24,20,12,16,8,5,13,4,6,17,18,14],[16,12,4,24,8,13,5,20,6,17,18,14],[20,16,12,24,8,13,5,4,6,17,14],[8,24,16,13,5,4,12,20,14,17,6],[24,12,16,20,8,13,5,4,6,17,18,14],[16,24,20,12,8,5,13,4,14,17,6],[4,8,16,5,13,20,12,24,6,17,18,14],[4,24,16,8,13,5,12,20,6,17,18,14],[24,20,12,4,16,8,5,13,6,17,14],[20,8,12,16,13,5,4,24,6,17,18,14],[8,16,13,5,20,12,4,24,14,17,18,6],[20,24,4,12,16,8,5,13,14,17,18,6],[24,4,20,12,8,16,13,5,14,17,6],[4,16,20,24,8,5,13,12,14,17,18,6],[12,20,16,4,24,8,13,5,6,17,18,14],[24,8,16,5,13,20,12,4,6,17,14],[4,8,12,24,16,13,5,20,14,17,18,6],[24,8,12,20,4,16,13,5,14,17,18,6],[12,16,8,5,13,4,24,20,6,17,14],[16,8,13,5,24,20,4,12,14,17,18,6],[24,4,12,20,8,16,13,5,6,17,18,14],[24,12,4,16,20,8,13,5,14,17,18,6],[12,20,24,4,8,16,13,5,6,17,14],[8,12,24,20,4,16,5,13,6,17,14],[8,16,13,5,24,20,12,4,14,17,18,6],[8,12,24,4,16,5,13,20,14,17,18,6],[12,8,4,24,20,16,13,5,6,17,18,14],[8,20,24,4,12,16,13,5,6,17,18,14],[4,16,24,12,8,13,5,20,6,17,18,14],[20,4,12,16,8,5,13,24,14,17,6],[16,20,8,5,13,24,12,4,6,17,18,14],[20,12,4,16,8,13,5,24,14,17,6],[8,12,24,20,16,13,5,4,14,17,18,6],[8,20,4,12,24,16,5,13,14,17,18,6],[4,8,24,12,20,16,5,13,14,17,18,6],[20,16,24,12,8,5,13,4,6,17,18,14],[8,12,16,13,5,20,24,4,14,17,6],[16,24,4,8,13,5,12,20,6,17,14],[8,12,16,5,13,4,24,20,14,17,18,6],[16,4,12,20,24,8,13,5,6,17,18,14],[4,24,12,20,8,16,5,13,6,17,14],[8,4,16,5,13,20,24,12,6,17,14],[24,12,16,8,5,13,4,20,14,17,6],[4,24,8,12,20,16,5,13,14,17,6],[8,16,5,13,24,4,20,12,6,17,18,14],[24,8,12,4,16,13,5,20,6,17,18,14],[12,8,24,4,16,13,5,20,14,17,6],[4,12,24,20,16,8,13,5,6,17,14],[12,20,4,24,8,16,13,5,6,17,18,14],[12,4,8,24,20,16,13,5,6,17,14],[8,24,16,13,5,20,12,4,6,17,14],[12,16,20,24,8,13,5,4,14,17,6],[12,8,20,4,16,5,13,24,14,17,18,6],[24,8,16,5,13,20,12,4,14,17,18,6],[24,4,12,8,16,5,13,20,14,17,18,6],[4,20,24,12,16,8,5,13,6,17,18,14],[12,4,24,8,16,5,13,20,6,17,14],[8,12,4,16,5,13,24,20,14,17,18,6],[16,12,8,5,13,4,20,24,6,17,18,14],[8,12,16,13,5,20,4,24,6,17,14],[20,4,8,16,5,13,24,12,14,17,18,6],[12,4,16,24,8,13,5,20,6,17,14],[20,24,4,12,16,8,13,5,14,17,18,6],[8,12,24,16,5,13,4,20,14,17,6],[12,8,16,13,5,20,4,24,6,17,14],[12,4,8,20,24,16,13,5,6,17,18,14],[12,4,20,8,16,5,13,24,14,17,6],[16,8,13,5,4,12,24,20,14,17,18,6],[16,12,20,24,8,13,5,4,6,17,14],[8,16,5,13,20,12,4,24,6,17,14],[8,24,20,12,16,5,13,4,14,17,18,6],[4,16,20,8,13,5,24,12,14,17,6],[24,16,20,8,5,13,12,4,14,17,6],[16,24,8,5,13,20,4,12,6,17,14],[16,4,12,8,5,13,20,24,6,17,18,14],[8,12,4,20,16,13,5,24,6,17,14],[20,12,8,16,5,13,24,4,6,17,14],[24,4,20,16,12,8,13,5,14,17,18,6],[12,20,8,4,16,5,13,24,6,17,14],[20,24,12,16,4,8,13,5,14,17,18,6],[4,8,24,20,12,16,13,5,14,17,6],[20,16,12,4,24,8,5,13,6,17,14],[24,12,20,8,4,16,13,5,6,17,18,14],[12,20,8,4,16,13,5,24,6,17,18,14],[8,16,5,13,12,20,4,24,6,17,18,14],[4,12,8,24,20,16,13,5,14,17,18,6],[8,16,5,13,12,4,24,20,14,17,6],[16,20,12,24,4,8,5,13,6,17,14],[24,4,16,8,13,5,20,12,14,17,6],[8,12,20,16,5,13,4,24,6,17,18,14],[8,20,24,4,12,16,5,13,14,17,6],[24,12,4,20,16,8,13,5,6,17,14],[8,12,24,20,16,5,13,4,14,17,18,6],[4,16,8,13,5,24,12,20,6,17,14],[12,20,24,16,4,8,13,5,6,17,18,14],[4,8,24,16,5,13,20,12,6,17,14],[8,24,12,4,16,5,13,20,6,17,14],[16,4,8,13,5,12,20,24,14,17,18,6],[16,12,4,20,8,5,13,24,6,17,14],[20,24,16,8,5,13,12,4,14,17,18,6],[12,4,16,8,5,13,24,20,6,17,18,14],[24,16,4,12,20,8,13,5,14,17,6],[12,16,4,8,13,5,24,20,6,17,18,14],[20,16,12,24,8,13,5,4,14,17,18,6],[24,4,12,16,20,8,13,5,14,17,18,6],[16,8,13,5,4,12,20,24,6,17,18,14],[12,24,16,20,4,8,5,13,14,17,6],[20,4,12,16,8,13,5,24,14,17,18,6],[12,8,20,16,5,13,24,4,6,17,18,14],[4,16,24,8,5,13,20,12,14,17,18,6],[20,4,16,8,5,13,24,12,6,17,14],[4,20,12,8,24,16,5,13,6,17,14],[20,8,12,4,24,16,13,5,14,17,6],[12,20,4,8,24,16,5,13,14,17,6],[12,24,16,4,8,13,5,20,6,17,18,14],[12,20,8,24,4,16,5,13,14,17,18,6],[12,24,8,20,4,16,5,13,6,17,18,14],[4,8,16,13,5,20,12,24,6,17,18,14],[20,8,24,12,16,5,13,4,14,17,18,6],[20,16,4,24,8,13,5,12,6,17,18,14],[24,20,8,16,13,5,4,12,6,17,18,14],[4,24,20,8,12,16,13,5,6,17,18,14],[12,8,16,5,13,4,20,24,14,17,18,6],[12,8,20,16,5,13,24,4,6,17,18,14],[12,16,24,4,20,8,5,13,6,17,18,14],[16,8,5,13,12,4,24,20,6,17,18,14],[4,12,16,8,5,13,20,24,14,17,6],[4,8,12,20,24,16,5,13,6,17,14],[16,24,20,4,8,5,13,12,14,17,6],[4,24,16,8,5,13,20,12,6,17,14],[8,16,5,13,4,24,12,20,14,17,18,6],[16,20,12,8,5,13,4,24,14,17,18,6],[16,8,5,13,24,4,12,20,6,17,18,14],[24,4,8,16,5,13,20,12,6,17,14],[8,12,20,24,16,13,5,4,14,17,18,6],[20,12,16,8,13,5,4,24,14,17,18,6],[16,4,24,20,8,5,13,12,6,17,18,14],[24,8,16,13,5,20,12,4,6,17,18,14],[24,16,8,13,5,20,4,12,14,17,6],[12,8,4,20,16,5,13,24,6,17,14],[20,8,16,5,13,4,12,24,6,17,14],[24,8,20,16,13,5,4,12,6,17,18,14],[24,20,8,12,16,13,5,4,14,17,6],[24,20,12,16,8,13,5,4,6,17,18,14],[8,24,16,13,5,20,4,12,6,17,18,14],[4,8,24,16,13,5,12,20,14,17,18,6],[8,16,5,13,20,4,12,24,14,17,6],[20,4,16,12,24,8,5,13,14,17,6],[20,4,8,16,5,13,12,24,6,17,14],[16,12,8,13,5,20,24,4,14,17,18,6],[24,16,12,4,20,8,5,13,14,17,6],[16,24,4,12,8,13,5,20,6,17,14],[8,12,16,13,5,4,20,24,14,17,18,6],[12,20,8,4,24,16,13,5,14,17,6],[12,24,16,4,20,8,13,5,6,17,14],[20,8,16,13,5,12,24,4,14,17,18,6],[24,4,20,8,12,16,13,5,6,17,18,14],[12,4,20,8,24,16,13,5,6,17,18,14],[20,12,8,24,4,16,5,13,6,17,18,14],[8,20,4,12,16,13,5,24,6,17,18,14],[24,16,8,13,5,4,20,12,14,17,18,6],[8,4,20,16,5,13,24,12,6,17,18,14],[20,8,16,13,5,24,12,4,6,17,14],[8,12,24,20,4,16,5,13,14,17,18,6],[12,16,24,20,4,8,5,13,6,17,14],[4,8,24,12,16,5,13,20,14,17,18,6],[24,12,8,20,4,16,13,5,14,17,6],[12,8,16,13,5,20,4,24,14,17,18,6],[16,4,12,24,8,5,13,20,14,17,6],[12,20,4,8,16,5,13,24,6,17,14],[24,4,20,8,12,16,5,13,14,17,6],[24,12,4,20,8,16,13,5,6,17,14],[20,8,4,16,5,13,24,12,6,17,18,14],[24,20,16,8,5,13,4,12,6,17,14],[24,12,4,16,20,8,13,5,6,17,18,14],[8,12,4,16,13,5,24,20,6,17,14],[20,12,24,16,4,8,13,5,14,17,18,6],[24,20,16,8,5,13,4,12,6,17,14],[20,12,8,24,16,13,5,4,6,17,18,14],[12,16,24,20,4,8,13,5,14,17,18,6],[20,24,16,12,4,8,13,5,6,17,14],[4,16,20,12,24,8,5,13,14,17,6],[20,24,12,4,16,8,5,13,6,17,18,14],[20,12,16,8,13,5,24,4,14,17,6],[12,16,4,20,24,8,13,5,14,17,6],[24,16,4,12,20,8,13,5,14,17,18,6],[12,8,16,13,5,24,4,20,14,17,6],[12,20,16,8,5,13,24,4,6,17,14],[20,24,16,4,8,13,5,12,6,17,18,14],[4,16,24,12,20,8,5,13,6,17,14],[24,12,16,4,8,13,5,20,14,17,18,6],[16,12,24,4,20,8,13,5,6,17,18,14],[4,24,16,8,13,5,12,20,14,17,18,6],[20,24,16,4,12,8,13,5,14,17,18,6],[4,16,20,8,13,5,12,24,6,17,14],[4,8,12,16,13,5,20,24,14,17,18,6],[8,16,13,5,20,24,4,12,6,17,18,14],[20,12,16,8,13,5,24,4,6,17,18,14],[20,12,24,4,16,8,13,5,6,17,14],[8,12,4,20,16,5,13,24,6,17,18,14],[8,24,20,12,16,13,5,4,6,17,18,14],[24,12,20,16,8,13,5,4,14,17,18,6],[20,8,12,4,16,13,5,24,6,17,14],[12,16,24,20,8,13,5,4,6,17,18,14],[24,4,8,20,12,16,13,5,6,17,14],[20,24,16,4,12,8,5,13,14,17,6],[16,12,8,5,13,4,20,24,14,17,18,6],[24,16,8,13,5,4,12,20,14,17,6],[8,12,4,16,5,13,24,20,6,17,14],[12,16,4,24,8,13,5,20,14,17,18,6],[12,4,20,8,16,13,5,24,6,17,18,14],[4,24,8,20,12,16,5,13,14,17,18,6],[8,12,20,24,4,16,5,13,14,17,18,6],[12,24,20,16,4,8,5,13,14,17,6],[8,12,20,24,16,5,13,4,14,17,18,6],[12,4,20,16,8,5,13,24,6,17,18,14],[8,16,13,5,12,4,24,20,6,17,14],[16,4,8,13,5,12,20,24,6,17,18,14],[8,24,16,5,13,12,20,4,6,17,14],[12,20,8,4,24,16,5,13,14,17,6],[20,16,12,4,8,5,13,24,14,17,18,6],[12,20,24,4,16,8,13,5,14,17,18,6],[8,16,13,5,20,24,4,12,6,17,14],[20,12,4,16,8,13,5,24,6,17,18,14],[20,24,16,4,8,13,5,12,14,17,18,6],[16,24,8,5,13,20,4,12,6,17,18,14],[24,20,12,16,8,5,13,4,14,17,6],[8,4,16,5,13,24,12,20,6,17,18,14],[16,24,4,8,5,13,20,12,14,17,18,6],[4,20,16,8,13,5,24,12,6,17,18,14],[16,24,4,12,8,5,13,20,6,17,18,14],[8,16,5,13,12,4,24,20,14,17,6],[24,20,12,8,4,16,5,13,6,17,18,14],[16,20,24,4,8,5,13,12,14,17,18,6],[4,20,16,12,8,5,13,24,14,17,18,6],[8,24,12,20,16,5,13,4,6,17,14],[20,8,4,12,16,5,13,24,14,17,6],[16,12,4,24,20,8,5,13,14,17,6],[24,4,12,8,16,5,13,20,6,17,14],[12,24,20,8,16,13,5,4,14,17,18,6],[16,8,13,5,20,4,24,12,14,17,18,6],[16,20,12,24,8,13,5,4,14,17,6],[4,24,12,16,20,8,13,5,6,17,18,14],[24,20,8,12,4,16,13,5,6,17,14],[8,20,24,16,13,5,4,12,14,17,18,6],[16,20,24,4,12,8,13,5,14,17,18,6],[16,24,4,12,20,8,5,13,6,17,14],[12,8,24,16,5,13,20,4,6,17,18,14],[12,20,24,16,4,8,5,13,14,17,6],[4,12,16,20,24,8,13,5,6,17,18,14],[20,24,12,16,4,8,13,5,6,17,14],[4,8,12,24,16,5,13,20,6,17,14],[4,8,12,16,5,13,20,24,14,17,6],[12,16,24,4,20,8,5,13,14,17,6],[16,20,24,4,12,8,5,13,14,17,18,6],[16,4,12,20,24,8,5,13,14,17,18,6],[20,24,8,16,13,5,12,4,6,17,14],[16,8,13,5,4,24,12,20,14,17,6],[16,8,5,13,24,12,4,20,6,17,14],[12,8,4,20,24,16,13,5,14,17,18,6],[4,24,16,8,13,5,12,20,6,17,18,14],[8,24,20,12,16,5,13,4,14,17,18,6],[12,8,20,4,16,13,5,24,6,17,18,14],[24,12,8,4,16,13,5,20,6,17,14],[20,4,12,24,16,8,5,13,14,17,6],[24,8,12,20,16,5,13,4,6,17,14],[8,24,12,20,4,16,5,13,6,17,18,14],[24,16,4,20,12,8,13,5,14,17,6],[24,8,20,16,13,5,12,4,6,17,14],[12,8,4,24,20,16,5,13,6,17,14],[8,12,4,24,20,16,13,5,14,17,18,6],[20,4,16,12,8,13,5,24,6,17,14],[20,8,16,13,5,24,12,4,14,17,18,6],[12,20,4,16,8,5,13,24,6,17,14],[12,20,24,16,8,13,5,4,14,17,6],[16,20,4,24,12,8,5,13,6,17,14],[24,8,16,13,5,20,4,12,6,17,18,14],[8,24,16,5,13,4,12,20,6,17,14],[16,20,12,8,13,5,4,24,14,17,6],[4,12,8,16,13,5,20,24,6,17,14],[12,8,4,16,13,5,20,24,14,17,6],[12,16,8,5,13,24,20,4,6,17,18,14],[4,24,16,8,5,13,12,20,6,17,14],[8,20,4,12,16,5,13,24,6,17,18,14],[20,16,4,12,8,5,13,24,14,17,6],[4,16,8,13,5,12,24,20,14,17,6],[24,20,8,12,4,16,5,13,14,17,6],[12,8,20,16,13,5,4,24,6,17,14],[20,4,8,16,5,13,12,24,14,17,18,6],[8,16,5,13,4,20,24,12,14,17,18,6],[12,20,4,24,16,8,13,5,14,17,6],[12,16,20,4,8,13,5,24,14,17,18,6],[4,8,16,5,13,12,20,24,14,17,18,6],[20,4,12,16,8,5,13,24,14,17,6],[24,20,16,4,12,8,13,5,6,17,18,14],[16,8,5,13,24,20,12,4,6,17,14],[8,4,16,5,13,12,24,20,14,17,6],[20,24,4,8,12,16,13,5,14,17,6],[8,24,20,4,12,16,5,13,14,17,18,6],[12,24,16,20,8,13,5,4,6,17,14],[16,8,5,13,4,12,24,20,6,17,18,14],[20,16,4,8,13,5,24,12,6,17,14],[8,20,12,16,13,5,4,24,6,17,18,14],[8,4,16,13,5,12,24,20,6,17,18,14],[8,20,12,16,13,5,24,4,14,17,18,6],[20,24,8,12,4,16,5,13,14,17,6],[12,4,24,16,20,8,13,5,14,17,6],[4,12,16,20,8,13,5,24,14,17,18,6],[20,24,12,16,4,8,13,5,14,17,18,6],[16,24,4,8,5,13,12,20,14,17,6],[12,8,16,13,5,4,24,20,14,17,6],[8,12,24,20,16,5,13,4,6,17,14],[24,4,16,20,8,5,13,12,6,17,14],[20,12,16,24,4,8,13,5,14,17,18,6],[16,20,8,13,5,12,24,4,6,17,18,14],[20,16,12,8,13,5,4,24,6,17,14],[20,24,8,4,12,16,13,5,14,17,6],[16,24,4,8,5,13,12,20,6,17,14],[16,4,8,5,13,24,20,12,6,17,18,14],[16,20,12,4,8,13,5,24,6,17,14],[4,16,12,24,8,13,5,20,6,17,18,14],[4,24,16,8,5,13,12,20,14,17,18,6],[24,12,20,8,16,13,5,4,6,17,18,14],[8,16,13,5,20,4,24,12,6,17,14],[8,20,16,5,13,24,4,12,14,17,18,6],[16,20,12,24,8,5,13,4,6,17,18,14],[12,24,4,16,20,8,5,13,6,17,14],[16,4,12,8,5,13,24,20,6,17,14],[20,24,8,12,16,5,13,4,14,17,18,6],[8,24,12,20,4,16,13,5,6,17,14],[16,8,5,13,24,4,20,12,6,17,18,14],[4,8,12,16,5,13,24,20,14,17,6],[12,20,8,4,24,16,13,5,14,17,6],[12,4,20,24,16,8,5,13,6,17,14],[4,8,16,5,13,12,20,24,6,17,14],[20,8,4,12,24,16,5,13,14,17,18,6],[24,8,12,16,5,13,4,20,14,17,18,6],[16,12,4,20,24,8,5,13,6,17,18,14],[8,20,24,4,12,16,13,5,14,17,18,6],[12,16,8,13,5,20,24,4,6,17,18,14],[16,24,8,5,13,4,20,12,14,17,18,6],[16,8,5,13,4,20,24,12,6,17,14],[8,4,20,16,5,13,24,12,14,17,18,6],[24,4,20,12,8,16,5,13,14,17,6],[12,24,4,8,16,13,5,20,6,17,18,14],[12,16,8,5,13,24,20,4,6,17,18,14],[8,4,24,16,13,5,20,12,14,17,18,6],[12,16,24,4,8,13,5,20,14,17,18,6],[16,20,8,5,13,12,4,24,14,17,18,6],[4,12,16,20,24,8,5,13,14,17,6],[8,12,20,24,16,13,5,4,14,17,6],[20,4,16,24,8,5,13,12,6,17,18,14],[20,12,24,4,8,16,5,13,14,17,6],[16,4,12,20,8,13,5,24,6,17,18,14],[12,20,24,4,8,16,5,13,6,17,14],[16,24,20,4,12,8,5,13,14,17,18,6],[24,8,4,16,5,13,20,12,6,17,18,14],[12,20,4,24,16,8,13,5,14,17,18,6],[12,4,24,16,8,13,5,20,6,17,14],[12,4,20,16,8,13,5,24,6,17,18,14],[20,16,8,13,5,12,24,4,14,17,18,6],[12,16,4,24,8,5,13,20,6,17,18,14],[12,4,16,20,8,5,13,24,6,17,14],[12,4,8,16,5,13,20,24,6,17,18,14],[16,12,4,24,8,13,5,20,14,17,6],[24,20,12,16,4,8,13,5,14,17,18,6],[16,20,24,12,8,13,5,4,6,17,14],[20,4,16,12,24,8,13,5,6,17,18,14],[20,12,8,4,16,5,13,24,14,17,18,6],[24,8,20,12,4,16,13,5,14,17,6],[20,16,8,13,5,24,12,4,6,17,14],[16,4,20,24,12,8,13,5,14,17,18,6],[20,24,4,8,16,13,5,12,6,17,18,14],[16,12,20,8,5,13,4,24,14,17,6],[24,4,16,8,13,5,20,12,6,17,14],[16,12,20,8,5,13,4,24,14,17,6],[4,20,12,24,16,8,5,13,6,17,14],[20,8,12,24,4,16,13,5,14,17,18,6],[12,24,4,16,8,5,13,20,14,17,6],[8,16,5,13,12,24,4,20,14,17,18,6],[4,20,16,8,5,13,24,12,6,17,14],[8,16,13,5,12,4,20,24,6,17,14],[16,4,20,24,12,8,5,13,14,17,18,6],[16,20,4,12,24,8,5,13,6,17,18,14],[16,20,12,8,5,13,4,24,6,17,14],[12,20,8,16,5,13,4,24,6,17,14],[4,24,16,12,8,13,5,20,6,17,18,14],[20,4,24,12,8,16,13,5,14,17,18,6],[4,12,16,20,24,8,5,13,14,17,18,6],[8,24,4,16,5,13,12,20,6,17,18,14],[8,12,4,24,16,13,5,20,14,17,18,6],[16,8,5,13,24,12,20,4,6,17,14],[20,8,16,13,5,4,24,12,14,17,6],[16,12,24,8,13,5,20,4,14,17,18,6],[24,8,16,13,5,12,20,4,14,17,18,6],[16,4,12,8,5,13,24,20,6,17,14],[24,8,16,5,13,20,12,4,6,17,18,14],[8,12,20,24,16,5,13,4,6,17,14],[12,20,4,8,16,5,13,24,6,17,18,14],[16,24,8,5,13,12,4,20,6,17,18,14],[24,4,8,20,12,16,13,5,6,17,14],[16,8,5,13,12,4,20,24,6,17,18,14],[20,4,12,16,8,13,5,24,6,17,18,14],[24,12,8,20,16,13,5,4,6,17,18,14],[4,24,8,12,20,16,13,5,6,17,14],[12,20,8,24,4,16,5,13,6,17,14],[8,16,13,5,20,24,4,12,14,17,18,6],[12,4,24,20,16,8,13,5,14,17,6],[8,4,16,5,13,12,20,24,14,17,6],[4,20,24,8,12,16,13,5,6,17,14],[16,8,13,5,12,20,24,4,6,17,14],[24,8,20,12,4,16,13,5,14,17,18,6],[8,24,20,12,16,5,13,4,6,17,14],[16,12,8,5,13,24,4,20,14,17,6],[8,20,16,13,5,24,4,12,14,17,18,6],[16,24,4,20,8,13,5,12,6,17,18,14],[20,16,24,12,4,8,5,13,14,17,18,6],[4,16,20,24,8,5,13,12,6,17,18,14],[12,8,20,4,16,5,13,24,6,17,14],[20,8,24,16,13,5,12,4,14,17,6],[24,4,16,20,8,13,5,12,14,17,18,6],[8,12,4,24,16,5,13,20,6,17,18,14],[24,4,12,8,20,16,5,13,14,17,18,6],[16,4,20,12,8,13,5,24,6,17,18,14],[12,20,8,16,5,13,24,4,14,17,18,6],[20,12,24,16,4,8,13,5,14,17,6],[8,12,16,5,13,4,24,20,6,17,14],[16,4,12,8,5,13,20,24,14,17,6],[12,16,24,20,8,13,5,4,6,17,14],[24,20,16,12,8,5,13,4,14,17,6],[12,16,24,20,8,13,5,4,14,17,18,6],[24,20,8,12,16,13,5,4,14,17,6],[16,24,8,13,5,20,4,12,14,17,18,6],[20,8,4,24,16,5,13,12,14,17,18,6],[24,12,4,16,20,8,13,5,6,17,18,14],[20,4,24,12,16,8,5,13,6,17,18,14],[12,4,24,20,8,16,5,13,6,17,18,14],[4,16,8,13,5,20,12,24,14,17,6],[24,16,4,12,20,8,5,13,14,17,6],[16,8,5,13,24,12,4,20,6,17,18,14],[12,4,24,20,8,16,5,13,14,17,18,6],[8,24,20,12,16,13,5,4,14,17,18,6],[24,16,20,8,5,13,4,12,6,17,18,14],[12,8,4,20,24,16,5,13,6,17,18,14],[20,12,8,4,24,16,5,13,6,17,14],[8,12,4,20,16,13,5,24,14,17,6],[16,12,8,5,13,20,4,24,6,17,14],[4,16,12,24,20,8,13,5,14,17,6],[20,24,12,16,4,8,5,13,14,17,18,6],[20,16,8,5,13,4,24,12,6,17,14],[16,8,5,13,20,12,4,24,14,17,18,6],[24,8,20,16,5,13,12,4,6,17,14],[24,8,12,16,13,5,20,4,14,17,6],[8,24,4,12,16,13,5,20,6,17,18,14],[8,24,20,12,16,5,13,4,6,17,14],[12,4,16,24,8,13,5,20,6,17,14],[12,4,24,8,20,16,13,5,6,17,14],[24,20,4,8,12,16,5,13,6,17,14],[4,8,20,12,16,13,5,24,6,17,14],[4,24,12,16,8,13,5,20,14,17,18,6],[16,12,8,13,5,24,4,20,6,17,18,14],[8,20,24,16,5,13,4,12,6,17,18,14],[12,24,8,4,16,5,13,20,6,17,14],[8,20,4,12,24,16,13,5,6,17,18,14],[12,16,20,24,4,8,5,13,14,17,6],[20,12,16,24,8,13,5,4,14,17,18,6],[12,8,24,4,20,16,13,5,14,17,18,6],[16,4,20,24,12,8,13,5,14,17,18,6],[12,16,8,13,5,24,20,4,14,17,6],[20,4,24,12,8,16,13,5,14,17,18,6],[20,12,16,8,5,13,4,24,6,17,18,14],[24,16,8,5,13,20,4,12,6,17,14],[12,20,8,4,16,13,5,24,14,17,18,6],[16,12,4,8,5,13,24,20,14,17,6],[16,4,20,12,24,8,5,13,14,17,6],[4,20,8,24,16,5,13,12,6,17,14],[20,12,16,4,8,13,5,24,14,17,6],[8,20,4,12,16,5,13,24,6,17,14],[4,8,20,16,5,13,12,24,6,17,18,14],[20,4,8,16,5,13,12,24,14,17,6],[12,24,8,20,16,13,5,4,14,17,6],[16,12,4,8,5,13,20,24,6,17,18,14],[8,24,12,20,16,5,13,4,6,17,14],[20,4,16,8,13,5,12,24,6,17,18,14],[12,24,16,4,20,8,5,13,14,17,18,6],[20,24,4,16,8,13,5,12,14,17,6],[24,16,12,4,8,13,5,20,6,17,18,14],[24,20,8,12,4,16,13,5,6,17,18,14],[12,16,4,20,8,13,5,24,14,17,6],[4,24,16,20,12,8,5,13,6,17,14],[20,8,24,12,4,16,5,13,14,17,18,6],[4,16,12,20,24,8,13,5,6,17,14],[20,12,24,8,16,13,5,4,6,17,14],[12,4,24,8,20,16,5,13,6,17,14],[4,24,8,16,5,13,20,12,6,17,14],[20,8,24,4,16,5,13,12,6,17,18,14],[16,4,8,13,5,12,20,24,6,17,14],[12,20,4,8,24,16,5,13,6,17,14],[8,12,20,24,16,13,5,4,6,17,14],[8,20,4,12,16,13,5,24,6,17,14],[8,16,5,13,4,12,24,20,14,17,6],[4,16,24,12,8,5,13,20,6,17,14],[8,16,13,5,20,12,24,4,14,17,6],[20,24,4,8,12,16,13,5,6,17,14],[20,12,8,16,5,13,4,24,14,17,6],[20,12,24,8,4,16,13,5,6,17,18,14],[4,24,20,8,16,5,13,12,6,17,14],[16,8,13,5,4,24,12,20,6,17,14],[16,12,8,5,13,20,4,24,14,17,18,6],[24,12,20,16,8,5,13,4,14,17,6],[12,4,20,24,16,8,5,13,6,17,14],[16,20,4,12,8,13,5,24,6,17,18,14],[20,12,16,4,24,8,13,5,6,17,14],[4,24,12,16,20,8,5,13,6,17,18,14],[8,12,16,5,13,4,20,24,14,17,6],[4,12,24,8,16,5,13,20,6,17,14],[8,12,20,16,5,13,24,4,14,17,6],[20,16,12,4,24,8,5,13,14,17,6],[16,4,20,24,12,8,5,13,6,17,18,14],[12,16,24,8,5,13,4,20,14,17,6],[16,20,24,4,8,5,13,12,6,17,14],[24,8,16,13,5,20,4,12,14,17,6],[4,16,20,8,13,5,24,12,6,17,18,14],[12,16,8,13,5,24,20,4,14,17,6],[4,20,8,24,12,16,5,13,14,17,6],[20,12,24,4,8,16,5,13,14,17,18,6],[20,8,4,12,24,16,5,13,6,17,14],[20,8,16,13,5,12,4,24,6,17,18,14],[20,8,24,12,16,13,5,4,6,17,14],[4,16,8,13,5,12,24,20,6,17,18,14],[16,12,20,24,4,8,13,5,6,17,18,14],[24,16,4,20,8,5,13,12,14,17,18,6],[4,20,12,24,8,16,5,13,6,17,18,14],[4,12,24,16,8,13,5,20,6,17,14],[4,20,8,16,5,13,24,12,14,17,18,6],[24,4,12,20,16,8,13,5,6,17,14],[16,24,12,4,20,8,13,5,6,17,18,14],[20,8,16,13,5,12,4,24,14,17,18,6],[16,24,8,5,13,12,4,20,14,17,18,6],[12,16,4,8,5,13,20,24,6,17,14],[20,12,24,16,8,13,5,4,14,17,18,6],[12,16,20,4,24,8,5,13,6,17,18,14],[8,4,20,16,5,13,24,12,6,17,18,14],[16,8,5,13,4,20,24,12,14,17,6],[12,4,16,8,5,13,20,24,14,17,18,6],[20,4,24,12,8,16,5,13,14,17,18,6],[20,16,8,13,5,4,12,24,14,17,18,6],[24,20,16,8,13,5,4,12,6,17,14],[20,4,16,12,8,13,5,24,6,17,14],[8,20,24,4,16,5,13,12,6,17,14],[16,4,8,5,13,20,24,12,6,17,14],[8,20,16,13,5,24,4,12,14,17,6],[12,24,16,4,20,8,5,13,6,17,18,14],[24,12,16,8,13,5,20,4,14,17,18,6],[16,24,12,8,5,13,4,20,14,17,6],[20,8,24,4,16,13,5,12,14,17,6],[12,4,16,20,8,13,5,24,14,17,6],[8,24,4,16,5,13,20,12,6,17,14],[16,8,5,13,24,4,20,12,14,17,6],[12,16,24,20,8,13,5,4,14,17,6],[20,8,12,24,16,5,13,4,14,17,18,6],[16,12,4,24,20,8,13,5,14,17,18,6],[8,16,5,13,4,24,12,20,6,17,14],[20,24,4,12,16,8,5,13,6,17,14],[20,8,12,16,13,5,4,24,14,17,6],[4,20,16,12,8,13,5,24,6,17,14],[4,16,12,24,8,5,13,20,14,17,6],[24,20,12,16,8,5,13,4,14,17,6],[4,20,24,16,12,8,13,5,14,17,18,6],[4,16,20,12,24,8,13,5,14,17,18,6],[20,4,16,12,24,8,13,5,14,17,18,6],[4,20,16,8,13,5,24,12,14,17,18,6],[16,8,13,5,20,12,24,4,14,17,6],[16,8,5,13,4,12,20,24,6,17,18,14],[12,4,8,24,20,16,13,5,6,17,18,14],[20,16,4,8,5,13,24,12,14,17,18,6],[20,16,12,8,5,13,24,4,14,17,6],[24,8,16,13,5,20,4,12,6,17,18,14],[8,16,13,5,20,24,4,12,6,17,18,14],[12,24,16,20,8,5,13,4,14,17,6],[20,16,8,13,5,24,4,12,14,17,18,6],[12,20,4,8,16,5,13,24,14,17,6],[16,24,4,20,8,13,5,12,6,17,18,14],[8,12,20,24,16,5,13,4,6,17,14],[4,16,8,5,13,12,20,24,6,17,18,14],[20,24,12,16,8,13,5,4,14,17,18,6],[24,20,4,16,12,8,5,13,14,17,18,6],[8,4,12,20,16,13,5,24,6,17,14],[8,24,16,5,13,20,12,4,6,17,14],[16,12,4,20,8,5,13,24,6,17,18,14],[24,12,20,8,4,16,5,13,14,17,6],[16,8,5,13,4,12,24,20,14,17,18,6],[12,20,16,4,24,8,5,13,14,17,6],[16,20,12,24,4,8,5,13,6,17,18,14],[4,12,16,8,5,13,24,20,14,17,6],[20,16,4,24,12,8,13,5,14,17,6],[24,12,20,8,16,5,13,4,14,17,18,6],[20,24,8,4,12,16,5,13,14,17,6],[20,8,24,12,4,16,13,5,6,17,18,14],[4,16,12,8,5,13,20,24,14,17,18,6],[8,20,16,5,13,24,4,12,14,17,6],[12,16,4,20,24,8,5,13,14,17,18,6],[16,24,20,8,5,13,4,12,6,17,18,14],[4,24,8,16,5,13,20,12,14,17,6],[24,4,12,8,20,16,5,13,14,17,18,6],[4,16,12,24,8,13,5,20,14,17,6],[12,24,8,20,16,5,13,4,14,17,6],[4,8,16,5,13,20,12,24,14,17,18,6],[8,20,12,24,4,16,5,13,14,17,18,6],[12,16,8,13,5,4,20,24,14,17,6],[24,8,20,12,16,13,5,4,14,17,18,6],[20,24,16,12,4,8,13,5,14,17,6],[24,4,20,12,8,16,13,5,6,17,14],[12,20,16,8,13,5,4,24,6,17,18,14],[20,8,24,16,13,5,12,4,14,17,18,6],[4,8,12,24,16,5,13,20,6,17,14],[8,4,20,24,12,16,13,5,14,17,18,6],[8,24,20,12,4,16,5,13,6,17,18,14],[4,16,12,8,5,13,24,20,6,17,18,14],[24,16,20,4,12,8,13,5,6,17,14],[24,20,8,16,5,13,12,4,14,17,18,6],[16,12,8,5,13,4,24,20,14,17,18,6],[12,16,4,8,13,5,20,24,14,17,6],[24,20,16,4,12,8,5,13,14,17,18,6],[4,20,24,16,12,8,13,5,6,17,18,14],[16,12,20,4,24,8,5,13,14,17,6],[16,4,8,5,13,24,12,20,6,17,18,14],[8,12,4,16,5,13,24,20,6,17,14],[4,12,24,8,20,16,13,5,6,17,18,14],[8,12,16,13,5,20,24,4,14,17,6],[16,8,5,13,24,12,20,4,14,17,6],[16,24,8,13,5,12,20,4,6,17,18,14],[4,12,16,24,20,8,13,5,6,17,14],[4,24,16,8,5,13,20,12,6,17,14],[20,16,12,4,24,8,5,13,6,17,14],[12,4,20,24,8,16,13,5,14,17,6],[20,8,12,4,16,5,13,24,14,17,18,6],[4,24,20,16,8,13,5,12,14,17,18,6],[20,16,4,24,12,8,13,5,14,17,18,6],[12,8,20,4,16,13,5,24,6,17,18,14],[8,20,12,24,4,16,13,5,14,17,18,6],[4,12,20,8,16,5,13,24,6,17,18,14],[8,12,24,16,5,13,4,20,14,17,6],[8,24,4,20,12,16,13,5,6,17,14],[4,8,20,16,13,5,12,24,6,17,18,14],[20,8,4,16,5,13,12,24,6,17,18,14],[4,20,8,12,24,16,13,5,14,17,6],[4,12,8,16,13,5,24,20,6,17,14],[24,12,8,20,16,13,5,4,14,17,18,6],[8,24,4,20,16,13,5,12,14,17,18,6],[12,4,20,16,24,8,5,13,6,17,18,14],[12,16,24,20,4,8,13,5,14,17,6],[8,24,4,20,16,5,13,12,6,17,14],[12,20,8,4,24,16,5,13,6,17,14],[16,24,12,20,8,13,5,4,6,17,14],[8,16,5,13,24,12,20,4,14,17,18,6],[8,16,5,13,20,4,12,24,14,17,18,6],[8,16,13,5,20,24,12,4,6,17,14],[20,16,24,12,8,5,13,4,14,17,18,6],[4,8,12,24,20,16,13,5,14,17,6],[8,4,16,13,5,24,12,20,14,17,18,6],[8,12,20,24,16,5,13,4,14,17,6],[24,20,12,16,8,5,13,4,14,17,6],[24,8,20,16,13,5,12,4,14,17,18,6],[24,20,16,8,5,13,12,4,6,17,18,14],[16,8,13,5,12,20,4,24,6,17,14],[20,12,24,4,8,16,13,5,6,17,18,14],[16,24,20,4,12,8,13,5,14,17,18,6],[4,12,16,24,20,8,5,13,6,17,14],[4,12,16,24,8,5,13,20,14,17,18,6],[20,8,4,16,5,13,24,12,14,17,6],[8,4,16,13,5,12,20,24,6,17,18,14],[4,24,12,20,16,8,13,5,6,17,18,14],[4,24,20,16,8,13,5,12,14,17,18,6],[20,24,8,4,12,16,13,5,14,17,18,6],[16,24,12,8,13,5,20,4,14,17,6],[20,4,16,8,13,5,24,12,6,17,14],[16,12,4,8,13,5,24,20,6,17,14],[16,20,12,24,4,8,5,13,14,17,6],[8,16,13,5,20,4,12,24,6,17,14],[24,20,8,4,12,16,5,13,6,17,18,14],[16,24,20,12,4,8,13,5,6,17,18,14],[16,12,24,4,8,13,5,20,14,17,18,6],[20,24,8,4,12,16,5,13,6,17,18,14],[8,16,5,13,4,20,12,24,6,17,18,14],[12,4,20,8,24,16,5,13,6,17,14],[20,8,4,24,16,13,5,12,14,17,18,6],[16,4,20,12,8,13,5,24,14,17,6]],"n_human":11}