{"problem_id":"EeEorZ4EuC60csv","sigma":150,"alpha":3.162,"cost":0,"probabilities":"[0.15, 0.26, 0.26, 0.33]","payoff_matrix":"[[115, 200, -219, 90, -162, -112], [84, -209, 27, -110, -32, 74], [31, -30, 90, -144, -290, -48], [317, 19, -46, 120, -146, 9]]","uncovered":[[20,24,8,16,12,4,3,14],[4,12,20,24,16,15,8,1],[24,4,8,16,2,15,12],[8,20,12,24,4,16,3,15],[4,24,8,12,16,15,20,6,22,2],[12,4,24,20,8,16,15,3],[12,24,20,16,4,14,8,2],[12,20,24,8,4,15,2],[4,20,16,14,8,12,24,2],[20,4,16,15,8,12,24,7,22,3],[20,24,8,16,4,3,14,12],[12,4,8,16,15,20,24,6,22,2],[16,24,4,2,15,12,19],[16,20,8,12,4,15,24,2],[4,24,16,14,12,20,8,2],[16,8,20,12,24,4,3,15],[12,8,24,4,16,14,20,3],[16,8,24,12,4,2,13,15],[24,4,12,8,20,16,15,2],[8,24,12,20,16,4,15,3],[4,8,16,15,24,12,20,6,22,3],[8,16,4,2,14,24,18,12],[16,4,3,14,17,12,8,24],[8,24,20,12,16,4,15,1],[24,20,12,16,4,15,8,3],[8,24,4,12,20,16,14,2],[24,16,8,20,12,4,2,14],[12,24,4,8,16,14,20,2],[16,8,12,24,4,3,15,20],[4,8,20,12,24,16,15,6,3],[16,24,12,20,4,3,15,6],[20,24,16,4,2,14,7],[8,12,24,20,4,16,15,7,22,2],[24,20,12,16,4,2,14],[24,4,20,12,16,14,8,1],[8,12,24,16,4,14,20,3],[4,8,12,24,16,14,20,2],[8,4,24,12,20,16,2,14],[20,24,12,4,16,2,14],[16,24,4,14,20,8,12,3],[16,12,4,14,20,8,24,2],[8,4,16,2,15,17,11,12],[16,24,8,4,14,12,20,2],[16,8,4,3,15,20,24,12],[8,24,20,16,4,15,12,5,2],[8,16,4,2,14,22,20,9],[8,16,4,3,14,12,24,20],[20,4,12,16,14,8,24,2],[20,4,12,16,2,14,7],[8,16,24,4,2,14,19],[24,12,16,4,14,20,8,2],[16,24,12,4,14,20,8,3],[8,12,4,24,20,16,3,14],[20,12,24,4,8,16,14,2],[4,20,8,12,24,16,2,14],[12,8,20,24,4,14,5,3,6],[12,4,24,8,20,16,3,14],[8,20,4,24,12,16,3,14],[20,8,16,4,14,24,12,2],[20,8,16,12,4,2,15],[8,24,4,16,15,20,12,1],[8,20,12,4,16,14,24,3],[20,24,12,8,4,16,14,2],[4,16,15,8,20,23,12,7,24],[8,16,20,24,12,4,15,7,1],[4,12,16,15,20,8,24,2],[4,20,12,8,24,16,3,14],[12,24,20,4,8,16,2,15],[20,16,8,24,12,4,15,2],[4,20,8,12,16,2,14],[24,12,8,16,4,14,20,1],[8,12,24,20,4,16,3,15],[20,24,16,8,4,3,14,12],[4,16,3,14,24,12,8,20],[16,12,24,8,20,4,14,3],[16,24,8,12,4,14,20,2],[24,20,16,4,2,14,10],[24,4,8,20,16,14,12,3],[16,24,8,4,3,15,19,12],[20,24,12,16,4,15,8,7,2],[20,16,4,3,14,24,12,8],[20,8,16,24,4,2,15],[4,16,2,15,17,24,8,11,12],[16,4,14,12,24,8,20,3],[12,24,4,16,2,14,7],[24,20,8,16,12,4,3,15],[12,16,20,24,8,4,14,2],[4,16,2,15,18,12,21],[8,20,16,4,2,14,12],[4,12,20,16,15,24,8,7,23],[12,8,20,4,16,15,24,7,23],[12,4,20,24,16,14,8,2],[20,12,8,4,16,15,24,3],[4,16,15,12,24,20,8,7,1],[20,12,24,8,4,16,2,14],[12,8,16,20,24,4,2,15],[16,12,24,20,8,4,14,2],[24,16,8,12,20,4,15,6,2],[8,16,4,2,15,23,12],[8,4,20,16,15,24,12,2],[20,4,12,8,16,15,24,2],[24,20,4,16,14,8,12,2],[24,8,4,12,16,15,20,7,22,3],[12,24,16,4,3,15,6,20],[4,16,14,20,12,24,8,3],[12,4,8,16,14,24,20,2],[4,12,20,24,8,16,2,15],[8,20,16,12,24,4,14,3],[24,4,16,2,14,5,8,17,10],[20,8,4,16,2,14,12],[8,12,4,24,16,14,20,3],[24,16,20,12,8,4,14,1],[8,16,12,20,4,14,24,2],[16,24,8,4,2,15,19],[8,20,24,4,12,16,15,2],[4,8,12,20,16,14,24,2],[8,24,12,4,20,15,3],[12,4,20,8,16,14,24,2],[4,23,8,20,12,16,15,1],[20,12,4,8,16,15,24,3],[20,4,12,8,16,15,24,2],[12,20,8,16,24,4,14,3],[12,16,4,3,15,8,24,20],[4,12,8,20,16,2,15],[16,8,12,20,24,4,14,3],[4,16,2,15,8,9,23],[4,8,20,16,14,12,21,24,2],[4,8,16,2,14,11,12,22,20],[4,8,20,16,3,15,12,24],[8,20,12,24,16,4,2,14],[20,8,12,16,24,4,3,14],[20,8,4,24,16,15,12,3],[24,20,12,4,8,16,15,2],[20,16,12,8,24,4,15,3],[12,20,8,16,24,4,14,2],[4,24,8,12,20,16,2,14],[4,8,16,15,12,20,24,3],[8,12,4,16,14,20,24,3],[12,16,24,4,14,8,20,2],[24,4,8,20,12,16,14,3],[20,8,12,24,16,4,2,15],[16,8,12,20,24,4,15,6,2],[16,4,15,20,24,8,12,2],[8,24,16,12,20,4,15,7,3],[4,20,24,16,14,12,8,3],[8,4,12,24,16,3,14,19],[8,16,20,12,4,14,24,3],[12,8,24,20,16,4,2,14],[4,8,12,20,24,16,14,2],[12,24,8,4,16,2,14],[16,12,24,8,20,4,2,15],[4,12,8,20,16,3,15,24],[4,12,20,16,14,8,24,3],[8,12,16,4,15,24,20,7,2],[4,12,24,20,8,16,14,3],[4,16,14,24,20,8,12,2],[24,20,8,16,4,2,14],[20,4,24,16,2,15,7],[20,12,4,8,24,16,14,3],[4,24,8,12,20,16,14,2],[8,12,24,4,16,15,20,2],[8,24,12,16,4,14,20,3],[24,12,20,16,8,4,3,14],[24,16,12,20,4,2,14],[12,16,24,20,8,4,14,2],[16,24,8,20,12,4,3,15],[4,16,3,15,20,8,12,24],[8,16,20,24,4,15,12,1],[16,24,12,4,3,15,8,20],[4,8,24,12,20,16,3,15],[4,20,12,8,16,14,24,2],[20,16,4,2,15,8,11,12],[8,16,20,24,4,14,12,2],[20,24,12,16,8,4,14,3],[20,8,16,4,2,15,10],[16,12,8,20,4,15,24,6,21],[12,20,8,24,16,4,2,15],[4,12,8,20,16,14,24,1],[8,4,24,16,3,14,20,12],[24,16,4,14,20,12,8,2],[16,20,12,24,4,3,14,8],[8,12,16,20,24,4,15,3],[12,16,24,4,3,14,8,20],[24,12,4,20,16,2,15],[20,12,24,8,4,16,14,3],[16,24,4,2,15,12,8],[12,24,8,16,20,4,15,1],[12,8,24,16,4,15,20,7,22,2],[12,24,20,16,4,2,14],[8,24,12,20,4,16,3,15],[8,20,24,4,12,16,15,7,23],[4,8,20,24,12,16,2,15],[4,16,14,12,20,24,8,1],[12,4,8,16,15,24,20,3],[24,16,4,15,12,8,20,3],[16,20,24,12,8,4,3,15],[12,24,8,20,4,16,2,15],[16,20,12,24,8,4,2,15],[4,20,8,16,2,14,12],[8,20,12,4,16,15,24,2],[8,16,20,24,4,15,12,6,23],[12,16,8,24,4,14,20,3],[16,24,12,8,20,4,14,1],[4,8,20,24,16,14,12,2],[24,8,20,4,12,13,16,2,15],[16,20,4,15,12,8,24,2],[20,8,4,24,16,3,14,12],[16,20,24,12,8,4,15,3],[20,24,16,8,12,4,3,15],[24,20,12,8,16,4,3,15],[8,4,12,24,16,15,20,6,3],[4,16,3,15,20,8,24,12],[24,12,8,20,4,16,3,14],[4,8,16,2,14,20,24],[20,4,12,15,24,8,5,2],[12,20,24,8,16,4,14,3],[12,16,24,4,3,14,20,8],[20,8,16,24,4,15,12,2],[24,8,20,16,12,4,3,15],[20,4,24,16,14,8,12,3],[4,16,3,14,20,24,12,8],[24,20,16,8,12,4,2,15],[12,4,16,2,13,15,20,6],[8,16,12,24,20,4,14,3],[24,16,8,20,12,4,2,14],[24,12,20,8,16,4,3,14],[20,4,24,8,12,16,15,2],[4,24,12,8,20,16,15,2],[8,20,16,24,12,4,2,14],[8,24,12,4,20,16,2,15],[16,20,8,4,15,24,12,6,3],[8,20,24,12,16,4,2,15],[12,24,16,4,14,20,8,3],[24,20,4,12,16,15,8,7,1],[16,4,3,14,12,8,24,20],[12,4,20,24,8,16,2,14],[4,8,12,16,2,15,19],[16,20,4,3,14,12,22,24,8],[4,8,20,16,3,15,24,12],[4,12,20,8,24,16,15,2],[16,8,24,4,14,20,12,3],[4,12,24,8,20,16,3,14],[20,12,4,24,16,14,8,3],[24,16,8,20,12,4,3,15],[12,8,4,20,16,15,24,6,3],[4,8,24,16,14,12,20,1],[4,8,20,12,16,2,15],[12,16,24,8,4,15,20,2],[24,8,4,20,16,2,14],[8,12,16,24,20,4,14,2],[12,20,16,24,4,2,14],[16,20,24,12,8,4,15,2],[24,4,16,3,14,20,12,8],[24,20,12,8,16,4,2,14],[24,20,4,12,16,3,14,8],[16,4,14,20,8,12,24,3],[20,16,4,3,14,23,8,12],[4,12,16,14,24,20,8,2],[16,12,4,15,20,24,8,3],[24,4,20,16,3,14,11,12,8],[12,24,20,4,16,15,8,3],[12,8,20,16,24,4,15,2],[24,4,16,15,8,20,12,7,3],[12,24,16,20,4,3,15,8],[20,8,24,12,4,16,2,15],[4,8,12,24,16,3,14,20],[24,12,20,16,8,4,3,14],[24,12,20,8,16,4,2,15],[16,4,15,12,8,20,24,7,2],[16,24,8,12,20,4,15,5,3,7],[8,20,12,4,16,15,24,2],[8,12,16,20,24,4,2,15],[20,12,24,8,16,4,15,6,23],[20,16,8,12,4,15,24,7,23],[16,24,8,20,12,4,2,14],[4,16,14,8,12,24,20,1],[24,12,4,8,16,2,15],[16,12,4,15,8,20,24,3],[8,4,24,12,20,16,14,2],[4,8,12,24,16,15,20,6,1],[4,16,14,12,8,20,24,3],[16,12,4,15,24,20,8,3],[12,8,24,4,16,15,20,6,23],[4,16,15,12,20,8,24,3],[8,24,20,4,16,14,12,2],[4,20,24,12,8,16,15,2],[4,8,12,20,16,15,24,3],[4,8,12,24,20,16,2,14],[12,24,4,16,3,14,8,20],[16,8,4,15,24,20,12,6,1],[16,24,4,2,14,18,10,7],[4,24,16,3,14,8,12,20],[16,20,24,8,4,15,12,2],[20,12,24,4,16,2,14],[4,16,15,12,8,20,24,2],[16,12,20,8,24,4,14,1],[16,20,24,8,4,14,12,2],[4,24,8,16,15,20,12,7,22,3],[20,8,16,12,24,4,15,3],[12,8,16,24,4,3,15,20],[20,4,8,12,16,3,14,24],[4,12,8,20,16,15,24,6,1],[12,20,24,16,8,4,2,14],[4,16,14,24,12,8,20,3],[24,12,16,20,8,4,14,1],[12,24,20,4,16,14,8,2],[4,12,24,8,16,15,19,6,3],[20,4,16,3,15,8,12,24],[16,24,12,4,14,8,20,3],[24,20,16,4,3,14,8,12],[12,24,16,20,4,2,14],[4,16,2,15,22,20,10,24],[8,12,16,4,14,24,20,2],[16,8,24,4,3,15,20,12],[24,4,16,15,8,20,12,5,3,6],[20,8,16,12,4,2,14],[12,4,8,24,20,16,3,15],[16,24,8,12,20,4,3,15],[4,16,15,8,20,12,24,7,2],[4,16,15,24,12,8,20,7,2],[4,17,16,2,14,23,12],[16,12,24,20,4,2,14],[4,24,8,20,16,3,15,12],[20,12,24,8,16,4,14,2],[20,16,24,4,15,12,7,8,22,3],[8,4,12,20,24,16,3,15],[8,4,16,14,12,20,24,2],[24,20,12,4,8,16,2,15],[24,20,12,8,4,16,14,3],[4,12,8,24,20,16,2,15],[12,20,4,16,3,15,8,24],[12,16,4,3,15,8,23,19],[20,12,4,16,14,8,24,2],[20,16,8,24,4,14,10,12,3],[8,16,4,14,24,12,20,3],[16,20,8,4,2,14,12],[16,20,12,8,4,2,14],[12,4,16,14,24,20,8,2],[24,16,12,4,14,20,8,2],[16,24,8,12,20,4,15,2],[24,12,16,8,4,15,20,7,23],[12,20,8,24,4,16,2,15],[20,16,12,24,4,3,14,6],[24,16,20,12,8,4,3,14],[8,20,4,12,16,14,24,2],[24,4,20,12,16,15,8,6,23],[12,4,24,8,16,2,15],[20,24,8,12,16,4,14,2],[24,12,20,16,8,4,3,15],[8,24,4,16,14,20,12,2],[12,8,20,24,4,16,3,14],[4,12,8,20,24,16,2,15],[4,24,16,14,8,20,12,2],[8,20,24,16,4,15,12,3],[8,4,16,3,15,24,20,12],[20,24,16,4,2,14,8],[4,12,16,3,15,20,8,24],[8,20,4,16,3,15,12,23],[4,12,16,3,14,17,8,24],[12,4,24,8,16,14,20,2],[24,4,8,20,12,16,14,2],[20,16,8,4,15,12,24,3],[24,16,20,8,12,4,15,6,3],[24,8,20,4,16,2,15],[4,12,8,16,14,24,20,2],[12,4,22,24,8,16,3,15,20],[20,16,4,2,15,24,7],[24,20,12,8,4,16,2,15],[20,8,4,12,16,15,24,3],[12,24,16,4,3,14,8,18],[4,20,12,8,24,16,15,7,2],[8,4,16,14,12,24,20,2],[20,16,24,4,3,15,12,8],[16,20,12,4,3,15,24,8],[20,24,8,16,12,4,3,14],[20,4,16,3,14,24,8,12],[8,16,20,12,24,4,14,2],[8,12,24,20,16,4,15,2],[24,4,20,12,16,14,8,2],[4,8,12,20,16,2,15],[24,8,20,16,12,4,15,2],[16,24,4,15,12,20,8,3],[12,8,24,20,16,4,2,15],[4,20,16,3,15,24,8,12],[20,8,16,12,24,4,3,15],[20,4,16,3,15,8,24,12],[16,4,15,8,20,12,24,3],[8,16,20,12,24,4,2,15],[24,8,12,16,20,4,15,7,22,3],[24,20,12,4,8,16,3,15],[20,16,8,4,2,14,11,12],[8,24,16,12,4,2,15],[4,24,8,12,20,16,14,2],[4,16,15,20,12,8,24,7,2],[4,16,3,15,22,24,12,8,20],[24,12,8,4,16,15,20,2],[24,16,4,3,15,9,20,8],[8,20,16,4,3,14,12,24],[16,20,4,3,15,8,10,24,12],[16,8,24,20,12,4,3,14],[8,16,24,4,15,12,20,7,23],[16,12,20,24,8,4,15,3],[16,4,3,15,24,20,6,12],[24,4,16,15,8,20,12,7,3],[12,16,20,8,24,4,15,7,2],[12,16,24,20,4,14,8,3],[24,8,16,12,20,4,14,3],[16,12,4,14,20,24,8,2],[24,4,12,20,16,15,8,6,2],[12,4,24,16,3,15,20,8],[12,4,8,16,14,19,24,3],[4,24,12,20,14,8,2],[20,12,16,8,24,4,15,6,3],[12,16,8,24,20,4,2,14],[24,16,8,20,12,4,3,14],[4,12,8,16,2,15,21],[24,16,4,3,15,8,20,12],[8,12,24,16,20,4,14,2],[8,20,24,4,16,3,14,12],[16,20,12,24,8,4,3,15],[12,4,8,24,20,16,15,1],[8,20,4,24,16,2,15],[20,16,4,15,10,24,8,12,7,2],[8,4,16,15,12,24,20,7,22,2],[8,20,16,12,24,4,3,15],[24,8,20,16,12,4,2,15],[4,8,24,20,12,16,3,15],[8,20,16,4,15,12,24,6,23],[4,24,20,8,12,16,2,15],[24,4,8,16,15,12,20,6,2],[16,4,14,20,12,8,24,3],[24,4,16,14,12,20,8,3],[20,24,8,16,4,3,14,12],[16,20,24,12,8,4,15,6,3],[20,12,24,8,4,16,15,1],[16,20,4,14,12,8,24,2],[16,24,8,20,4,15,12,2],[20,4,24,12,8,16,14,2],[20,12,24,16,8,4,15,1],[4,8,12,16,14,24,20,3],[24,20,4,12,8,16,2,14],[4,24,12,16,15,20,8,3],[20,12,16,4,14,8,24,2],[24,4,20,8,12,16,15,3],[24,4,8,16,3,15,20,12],[24,20,8,16,12,4,15,6,2],[4,24,20,8,16,3,14,12],[20,8,24,4,12,16,14,3],[4,20,12,16,3,14,8,24],[4,8,12,16,3,15,24,20],[20,16,12,8,4,14,24,3],[4,16,2,14,10,18,24,7],[4,20,12,24,8,16,14,3],[8,20,4,16,14,12,24,3],[8,16,24,4,3,15,12,19],[20,12,24,4,8,16,2,14],[4,20,24,16,2,15,8],[16,20,24,4,2,14,8],[4,24,5,8,3,20,13,16,14,12,7],[4,12,16,3,15,24,20,8],[8,16,20,12,4,3,14,24],[12,4,20,8,24,16,14,2],[20,4,24,12,16,2,14],[12,4,20,8,16,14,24,3],[20,24,12,8,16,4,14,3],[12,24,4,8,16,15,19,2],[12,16,20,24,8,4,14,2],[20,16,24,12,4,2,14],[12,4,8,24,16,15,20,1],[16,8,24,12,20,4,15,6,2],[16,4,2,14,20,22,10,5,8,24],[20,24,8,16,12,4,14,2],[12,20,4,24,8,16,3,14],[4,20,24,16,2,15,5,8,12],[12,16,24,4,2,15,17],[12,4,24,20,16,3,14,8],[24,4,20,8,16,3,15,12],[20,8,4,12,16,14,24,1],[4,20,16,14,8,24,12,2],[16,4,3,15,24,8,12,17],[4,16,15,20,8,12,24,7,23],[20,12,8,4,24,16,14,2],[20,8,16,24,12,4,14,3],[16,24,4,14,8,12,20,2],[12,20,16,8,4,14,24,3],[24,16,4,14,20,12,8,2],[24,16,12,4,2,15,8],[24,8,4,12,20,16,14,2],[20,4,24,16,3,15,5,8,12,7],[16,12,24,20,8,4,3,14],[20,4,24,12,16,14,8,2],[12,24,16,20,4,2,14],[16,20,4,14,24,12,8,3],[12,4,16,15,8,20,24,7,2],[20,8,24,12,4,16,15,7,3],[20,16,8,24,4,3,15,12],[24,12,8,20,16,4,15,2],[20,4,12,8,24,16,3,14],[20,8,4,12,16,15,24,3],[4,16,2,14,9,24,20],[20,24,8,16,12,4,14,3],[12,16,20,8,4,15,24,3],[16,12,20,8,4,3,14,24],[20,24,12,8,4,16,15,6,22,3],[20,12,16,8,24,4,15,7,22,3],[8,12,4,16,2,14,24],[16,20,24,8,12,4,15,2],[20,4,12,16,15,8,24,7,23],[24,16,20,12,8,4,3,15],[12,24,20,4,16,15,8,3],[8,20,4,12,24,16,14,3],[20,24,16,12,8,4,14,2],[20,24,4,12,16,3,15,8],[4,20,12,16,3,15,8,24],[20,16,24,12,4,2,14],[12,16,8,4,15,24,20,3],[4,24,8,12,20,16,15,7,23],[20,8,16,24,4,2,15],[12,24,4,16,14,20,8,3],[16,24,12,8,20,4,14,3],[12,24,4,20,8,16,14,3],[16,4,14,24,20,8,12,2],[20,4,24,12,8,16,2,15],[24,12,16,8,4,15,20,7,3],[24,4,20,8,12,16,2,15],[12,24,4,20,8,16,14,3],[16,20,12,24,8,4,15,3],[12,16,8,4,3,14,24,20],[4,12,16,14,20,24,8,3],[8,16,4,15,24,10,20,12,3],[8,4,12,16,3,15,20,24],[12,4,24,8,20,16,2,15],[8,4,12,16,2,14,20],[8,12,16,24,4,3,14,20],[8,16,20,24,12,4,2,15],[20,8,4,24,12,16,15,6,23],[8,4,20,16,14,12,24,2],[8,4,12,20,24,16,2,15],[4,12,8,24,16,15,20,3],[24,8,16,12,20,4,3,14],[16,4,3,14,8,20,12,24],[20,4,8,24,16,14,12,3],[20,16,12,24,4,3,14,8],[4,12,20,8,14,24,2],[16,4,2,14,18,12,23],[8,16,20,24,4,15,12,7,3],[20,16,4,15,8,24,12,6,2],[20,16,4,15,12,24,8,1],[4,8,20,24,12,16,14,2],[4,24,16,2,15,8,9],[4,12,16,15,8,24,20,2],[24,16,12,20,4,14,8,2],[8,24,12,20,16,4,3,14],[4,20,8,16,3,15,24,12],[24,8,20,4,12,16,2,15],[16,12,24,8,4,2,15],[12,16,8,4,2,15,18],[20,16,8,4,2,15,11,12],[8,24,4,12,16,14,20,2],[4,16,15,12,24,20,8,3],[8,16,20,12,4,3,14,24],[12,8,20,16,24,4,3,15],[16,4,14,12,24,20,8,3],[20,12,4,8,24,16,15,6,1],[4,24,12,8,20,16,15,6,23],[20,4,8,24,12,16,14,3],[4,16,2,15,18,6,22,11,12],[4,12,8,16,14,24,20,3],[20,16,12,4,3,15,24,8],[16,12,4,15,8,20,24,3],[16,24,8,4,3,14,20,12],[4,20,8,24,16,3,15,12],[4,12,20,24,16,2,14],[12,4,20,16,14,8,24,2],[24,12,4,8,16,2,14],[4,16,15,20,8,24,12,3],[24,16,4,2,15,12,8],[12,24,16,4,15,20,8,3],[16,20,24,12,4,2,14],[8,24,4,12,16,3,14,20],[8,16,4,14,12,20,24,3],[8,24,20,4,16,2,14],[4,16,3,14,20,24,12,8],[12,20,8,4,16,2,14],[24,4,8,12,20,16,3,15],[20,16,12,8,24,4,3,14],[24,8,12,16,20,4,3,14],[16,8,20,4,2,15,10,23],[20,16,4,15,12,8,24,1],[4,12,24,8,20,16,3,14],[24,4,20,12,16,3,14,8],[16,24,8,12,20,4,14,2],[4,24,16,14,12,8,20,2],[24,4,16,3,15,20,12,8],[4,12,24,20,6,16,15,21],[4,20,24,12,16,14,8,2],[12,24,4,20,16,14,8,3],[4,12,8,20,16,3,15,24],[8,12,20,16,24,4,14,3],[24,20,16,8,4,15,12,6,23],[24,16,8,12,20,4,2,14],[20,16,4,14,24,8,12,3],[20,8,24,4,16,14,12,2],[8,16,20,12,4,3,14,22,24],[16,8,24,12,20,4,14,2],[16,12,4,3,14,19,8,24],[12,8,20,16,24,4,14,2],[4,24,8,20,16,3,15,11,12],[8,16,12,24,4,2,15],[20,8,16,4,2,15,12],[4,16,2,14,21,6,12],[16,20,8,12,24,4,15,3],[20,12,4,24,8,16,2,15],[8,4,16,15,24,20,12,3],[12,8,16,4,14,24,20,2],[4,20,12,24,16,2,14],[20,16,4,2,15,12,24],[12,4,20,8,16,15,24,2],[20,8,24,12,16,4,14,2],[8,4,24,12,16,15,20,7,21],[24,4,16,15,12,8,20,6,22,2],[4,12,16,2,14,6,24],[20,16,8,12,4,14,24,3],[4,24,18,16,15,12,8,20,3],[16,12,4,2,14,24,5,8,20],[12,8,24,4,16,15,20,7,1],[16,24,4,15,19,8,12,1],[16,12,4,15,20,8,24,2],[4,12,20,5,8,3,16,14,24,7],[12,4,16,15,24,20,8,2],[4,16,15,12,8,20,24,7,23],[16,24,12,8,4,2,15],[24,12,4,20,8,16,15,6,23],[4,12,20,8,24,16,3,14],[4,16,3,15,12,20,8,22,24],[4,16,3,14,20,12,24,8],[4,20,24,8,16,3,15,12],[8,4,20,16,3,15,24,12],[4,12,16,14,8,24,20,2],[12,16,20,8,24,4,3,14],[8,4,20,24,16,3,15,11,12],[20,8,12,16,4,15,24,2],[4,20,24,8,12,16,14,3],[4,20,24,8,16,3,14,12],[16,12,4,15,8,24,20,6,2],[24,4,8,20,16,2,14],[16,12,20,24,8,4,15,7,22,2],[24,12,4,20,8,16,15,3],[8,16,12,24,4,14,20,3],[24,16,4,14,8,20,12,3],[4,8,24,20,12,16,14,2],[8,12,4,16,14,20,24,2],[8,12,20,4,24,16,2,15],[24,16,20,8,4,3,15,12],[16,8,12,24,20,4,15,7,1],[8,20,4,16,3,14,12,24],[12,20,4,8,16,3,15,24],[24,16,8,4,15,12,20,3],[20,4,8,12,16,15,24,2],[16,24,8,12,4,15,20,6,3],[20,8,12,16,24,4,15,2],[16,8,12,24,20,4,2,15],[24,12,4,8,16,15,20,2],[4,12,20,24,8,16,3,14],[16,24,12,20,4,3,14,8],[12,24,8,16,20,4,3,15],[24,16,4,2,15,12,8],[8,4,20,24,16,15,12,2],[20,8,4,16,14,23,12,3],[12,8,4,24,20,16,2,14],[24,16,4,14,12,20,8,3],[8,24,16,20,4,2,15],[16,20,8,24,4,14,12,3],[8,24,4,16,15,12,18,20,3],[24,8,12,16,4,2,15],[16,8,4,2,15,24,9],[20,24,4,16,14,8,12,3],[24,16,20,8,12,4,15,7,22,3],[24,4,8,16,3,15,12,20],[4,12,24,20,8,16,3,15],[24,12,20,16,4,3,14,8],[20,16,8,24,12,4,15,2],[8,24,16,12,4,3,14,20],[4,24,20,12,8,16,14,2],[16,8,4,14,24,12,20,3],[8,20,4,12,16,2,15],[8,24,4,20,16,14,12,2],[12,4,24,16,2,15,20],[12,20,24,4,8,16,15,3],[4,12,24,8,16,15,20,7,23],[4,12,24,8,20,16,14,3],[8,24,16,4,14,12,18,2],[8,12,24,16,4,15,20,7,1],[4,8,24,16,14,12,20,2],[4,12,16,2,15,22,18,8],[20,12,16,8,4,3,14,24],[20,4,16,3,15,8,12,24],[4,20,12,24,8,16,14,2],[24,20,4,8,12,16,14,3],[24,20,4,12,16,15,8,1],[4,20,12,24,8,16,14,2],[12,24,8,4,16,15,20,2],[4,24,12,20,16,14,8,3],[12,16,4,14,20,8,24,2],[12,16,24,8,20,4,2,15],[20,12,4,24,8,16,15,6,22,3],[8,12,20,24,16,4,15,3],[20,12,8,24,4,16,15,6,3],[4,12,24,8,20,16,15,3],[8,16,12,20,24,4,15,6,2],[20,4,16,14,24,12,8,2],[24,12,8,20,16,4,14,3],[4,20,8,12,24,16,14,3],[8,4,12,16,3,14,24,20],[12,20,24,8,16,4,2,15],[16,24,20,4,3,14,9,8],[24,8,16,12,20,4,2,14],[24,16,8,4,3,14,12,20],[16,24,12,8,20,4,15,7,21],[8,16,4,3,14,20,24,12],[20,8,24,4,16,14,12,3],[4,24,12,8,20,16,3,15],[20,8,16,4,2,15,24],[4,20,16,3,14,24,8,12],[16,20,24,4,2,14,12],[16,8,20,12,4,3,14,24],[16,8,12,24,4,3,15,20],[12,4,8,16,15,20,24,2],[24,8,16,20,4,2,14],[8,16,4,14,12,20,24,3],[12,20,24,16,8,4,2,14],[24,16,4,14,12,8,20,3],[24,4,20,12,16,15,8,2],[12,20,16,24,8,4,15,2],[12,20,24,4,8,16,2,15],[4,16,2,14,24,10,17,5,8,6],[20,12,16,24,8,4,3,14],[4,12,24,20,8,16,2,15],[20,16,8,4,2,14,24],[24,16,20,4,15,12,8,7,3],[16,12,24,20,4,3,15,8],[24,8,4,20,12,16,14,2],[8,4,20,12,16,15,24,3],[4,16,2,14,8,20,21],[8,12,24,4,20,16,14,3],[8,12,24,20,16,4,14,3],[12,24,4,16,3,14,8,20],[12,24,8,20,16,4,3,14],[4,16,14,12,20,24,8,3],[12,20,24,4,8,16,14,3],[12,4,16,3,14,24,8,20],[20,24,12,8,4,16,15,1],[8,12,24,16,20,4,3,14],[12,24,20,16,4,15,8,7,2],[12,4,20,16,3,14,8,24],[4,8,12,20,24,16,15,6,22,2],[12,16,20,8,24,4,15,3],[12,16,24,20,8,4,2,14],[20,8,4,12,24,16,3,14],[16,24,20,8,12,4,2,14],[8,24,12,20,16,4,14,3],[16,12,4,14,20,8,24,3],[20,16,8,24,4,15,12,3],[24,4,12,8,20,16,3,14],[12,16,20,8,24,4,14,2],[4,16,2,14,24,8,11,12],[20,16,12,8,24,4,15,5,3,6],[24,12,16,20,4,2,14],[24,8,20,4,12,16,14,2],[20,8,24,4,16,14,12,3],[16,20,8,4,2,15,12],[24,16,8,20,4,3,14,9],[8,12,16,24,20,4,14,2],[20,16,4,2,15,11,12,24],[20,12,24,8,16,4,2,14],[16,4,2,15,8,19,21],[24,4,20,8,12,16,14,2],[8,16,24,4,15,20,12,6,2],[12,4,16,15,20,24,8,6,22,2],[4,8,12,24,16,15,19,1],[8,24,12,16,4,15,20,3],[8,4,12,24,16,15,20,7,3],[20,12,24,4,8,16,2,14],[8,24,20,16,12,4,14,3],[12,4,24,20,13,16,3,15,8],[20,24,12,8,4,16,2,15],[24,12,4,16,3,14,20,8],[20,4,12,8,24,16,14,3],[20,16,8,4,3,15,24,12],[24,4,16,14,12,8,20,3],[16,4,3,14,20,8,12,24],[16,24,20,12,4,2,14],[20,24,8,4,16,2,14],[8,24,16,12,20,4,3,14],[16,4,3,15,8,20,24,10,12],[20,16,8,4,14,12,24,2],[4,12,16,2,15,24,20],[4,8,12,20,16,2,15],[16,8,4,3,14,12,20,24],[20,4,16,2,14,9,24],[8,12,4,20,24,16,3,14],[4,12,8,16,14,24,20,1],[8,16,24,12,20,4,15,3],[16,24,8,20,4,3,14,12],[20,4,16,15,24,8,12,6,22,2],[12,24,20,16,4,14,8,3],[12,8,16,24,20,4,3,14],[16,8,24,12,4,2,15],[4,20,16,2,15,21,12],[12,24,8,4,20,16,14,2],[20,24,16,12,8,4,2,14],[20,8,12,24,16,4,14,2],[16,20,8,12,24,4,3,15],[8,12,16,20,24,4,2,14],[24,4,16,2,14,9,20],[16,24,8,12,4,14,20,2],[4,8,24,16,2,14,12],[24,8,16,20,12,4,3,14],[24,20,16,12,8,4,14,3],[20,12,16,4,3,14,24,8],[8,20,16,24,4,15,12,6,2],[4,24,20,12,8,16,3,15],[4,24,16,15,20,8,12,7,2],[16,24,12,4,3,15,8,17],[4,8,24,20,12,16,14,2],[12,24,20,4,8,16,14,3],[12,4,8,24,16,2,14],[8,12,24,20,16,4,14,1],[20,4,24,8,12,16,14,3],[16,24,12,4,15,20,8,2],[16,8,4,14,20,24,12,3],[4,16,2,15,8,22,12,20],[4,16,14,8,24,12,20,3],[24,20,4,16,3,14,8,12],[12,16,4,3,15,20,24,8],[8,20,16,12,24,4,15,7,22,2],[20,8,16,24,4,3,14,12],[8,20,12,16,4,15,24,3],[8,16,12,4,2,14,18],[4,16,2,14,21,11,12,7],[8,20,24,12,4,16,2,15],[24,20,8,16,4,3,14,12],[4,16,14,8,20,24,12,3],[12,8,4,24,16,2,15],[8,4,20,16,3,14,24,12],[12,4,24,8,20,16,3,15],[12,20,4,24,8,16,14,2],[24,12,4,20,8,16,14,2],[24,8,12,16,20,4,15,7,23],[12,8,4,16,3,15,20,24],[16,8,20,24,12,4,15,6,22,3],[16,12,4,3,15,8,21,20],[20,8,24,12,16,4,14,3],[24,4,16,2,14,8,11,12],[24,12,20,8,4,16,2,14],[20,4,12,24,8,16,15,6,3],[8,24,12,16,4,2,15],[16,4,3,14,8,20,12,24],[12,24,20,8,4,16,3,14],[12,20,4,16,15,8,24,2],[20,16,4,3,14,12,8,24],[24,12,4,16,2,14,20],[12,4,20,24,8,16,3,14],[24,20,8,12,4,16,15,6,22,3],[4,16,3,14,12,8,20,24],[24,8,16,12,4,15,20,3],[24,8,20,4,16,15,12,2],[4,24,8,12,20,16,2,13,15],[12,24,4,16,3,15,20,6],[4,12,16,14,24,20,8,2],[16,24,8,20,4,14,12,2],[20,24,12,4,8,16,3,15],[4,8,24,20,16,14,12,3],[16,8,20,12,24,4,15,6,22,3],[12,4,16,2,14,8,20],[4,8,12,20,14,24,3],[12,24,20,4,8,16,15,3],[16,4,14,12,8,24,20,2],[20,24,8,12,16,4,3,14],[16,4,2,14,7,22,20,12],[20,16,4,14,24,12,8,3],[16,8,4,14,20,24,12,3],[4,20,16,14,12,24,8,3],[12,8,16,20,24,4,15,6,21],[24,20,4,8,16,3,14,12],[12,16,24,8,20,4,14,1],[16,12,24,8,4,14,20,1],[20,24,16,8,4,2,14],[20,12,4,16,15,8,24,6,1],[4,16,14,12,8,20,24,2],[4,20,8,24,16,2,15],[8,24,20,16,12,4,14,2],[16,12,8,24,20,4,2,15],[8,12,24,20,16,4,3,14],[4,16,3,14,24,20,8,12],[4,16,3,15,10,8,21,20,12],[24,4,16,2,14,12,8],[20,8,12,16,24,4,3,15],[4,24,16,3,15,8,12,20],[20,8,16,24,4,2,14],[12,8,20,24,4,16,3,15],[16,8,12,24,4,2,15],[16,24,12,8,20,4,14,2],[16,4,3,14,20,7,24,12],[8,20,12,24,4,16,15,5,3,6],[16,8,12,4,2,14,17],[16,12,20,4,3,15,8,24],[8,20,16,12,4,15,24,6,3],[4,12,20,24,16,2,15],[8,24,4,16,14,12,20,2],[8,20,4,16,14,24,12,2],[8,12,24,16,4,3,14,18],[20,24,16,4,15,8,12,2],[8,4,24,20,16,2,15],[4,24,20,12,8,16,2,15],[16,20,24,4,14,12,8,2],[20,12,24,4,16,2,15],[24,8,16,20,4,14,12,2],[12,4,24,8,16,14,20,3],[24,8,20,4,16,3,14,12],[24,12,16,4,2,15,20],[16,12,24,20,4,14,8,1],[8,4,12,20,16,3,14,24],[24,20,8,4,12,16,15,6,2],[20,24,8,16,12,4,2,15],[24,20,4,8,12,16,15,7,22,2],[24,20,8,12,16,4,15,7,23],[12,20,4,8,15,24,3],[16,24,8,20,12,4,15,2],[4,20,12,16,3,14,24,8],[16,24,20,4,14,8,12,3],[20,16,4,2,14,24,12],[20,12,4,24,16,2,14],[20,4,8,16,3,14,12,24],[16,12,4,15,8,20,24,7,2],[4,24,20,8,12,16,2,15],[4,20,12,16,3,15,24,8],[16,24,20,8,12,4,2,15],[16,20,8,24,12,4,3,15],[8,4,16,2,14,12,24],[24,4,12,8,20,16,3,14],[20,4,24,12,16,15,8,3],[8,24,12,4,16,15,20,2],[4,8,12,20,16,15,24,3],[20,24,16,4,15,8,12,3],[8,4,16,14,20,24,12,2],[12,4,16,3,14,8,20,24],[8,12,24,16,4,3,15,20],[24,12,16,20,4,2,15],[8,24,4,12,16,3,15,20],[24,8,16,20,12,4,3,15],[8,20,16,12,24,4,3,15],[12,8,16,24,20,4,3,15],[16,4,2,15,8,20,12],[4,8,20,24,16,14,12,3],[4,20,8,16,15,24,12,7,2],[4,24,16,2,14,20,12],[8,16,20,12,4,15,24,7,2],[4,20,24,12,8,16,3,15],[20,8,4,16,14,12,24,3],[8,12,4,16,2,15,22,19],[8,20,24,12,16,4,3,15],[24,16,4,3,14,8,12,20],[8,12,24,16,4,2,14],[8,12,20,24,16,4,15,1],[16,8,24,4,3,15,20,12],[24,12,20,4,16,3,14,8],[16,24,12,4,14,8,20,2],[12,20,16,4,15,24,6,3],[12,8,20,24,4,16,15,2],[8,16,12,20,24,4,3,15],[24,12,4,20,16,15,8,7,2],[8,24,16,20,4,15,12,2],[8,4,20,24,12,16,14,2],[16,8,4,14,11,12,24,20,2],[20,12,8,4,16,14,24,2],[16,20,12,24,4,3,14,8],[12,16,24,8,20,4,14,3],[16,20,24,4,14,12,8,3],[20,16,8,12,4,15,24,3],[8,20,24,16,12,4,3,14],[16,20,8,24,12,4,14,3],[16,20,24,4,14,12,8,3],[20,16,24,12,4,15,8,6,1],[16,20,12,4,3,15,8,24],[16,24,12,4,3,15,20,8],[12,24,20,8,4,16,14,3],[16,8,4,15,24,12,20,2],[24,16,20,4,3,15,8,12],[8,24,12,20,4,16,14,3],[4,23,20,16,2,15,6],[12,20,16,4,2,14,21],[16,8,20,4,2,15,12],[8,16,20,24,12,4,2,15],[24,12,4,16,3,14,8,20],[16,8,20,4,3,14,12,24],[16,8,4,3,14,12,23,20],[16,24,12,4,2,14,8],[20,16,8,4,2,14,10,22,24],[24,16,20,12,8,4,2,14]],"n_human":16}