{"problem_id":"oKEjixWgZOAjBao","sigma":150,"alpha":1.000,"cost":2,"probabilities":"[0.06, 0.19, 0.51, 0.24]","payoff_matrix":"[[-159, -53, 154, 11, 129, 38], [-130, 186, -39, -234, 19, 206], [28, -51, -126, -123, 104, 99], [-6, 127, 279, 195, 158, 74]]","uncovered":[[7,15,11,23,19,24,20,3,18],[19,7,11,23,24,20,15,3,18],[3,11,19,15,7,23,24,20,18],[7,19,11,23,24,20,15,3,18],[3,11,15,7,19,23,20],[11,19,15,3,7,23,24,20,18],[3,11,7,19,23,20,15],[19,23,24,20,15,7,11,3,22,18],[23,7,19,24,20,15,11,3,22,18],[11,3,19,15,7,23,20],[15,23,7,19,24,20,11,3,18],[23,11,3,15,19,24,20,7,22,18],[15,11,7,3,23,19,24,20,22,18],[3,19,7,15,11,23,24,20,18],[19,23,24,20,3,7,15,11,22,18],[19,7,15,23,24,20,3,11,22,18],[23,7,19,20,3,11,15],[11,15,19,7,3,23,24,20,18],[19,3,11,15,7,23,20],[7,15,23,19,20,11,3],[15,7,3,23,19,20,11],[19,15,7,11,23,20,3],[7,19,11,15,3,23,24,20,18],[23,7,3,11,19,24,20,15,18],[23,15,7,11,3,19,20],[3,7,11,15,23,19,24,20,18],[19,11,3,7,23,20,15],[19,15,11,23,20,7,3],[23,7,3,11,15,19,20],[11,15,19,3,23,20,7],[15,7,3,19,23,20,11],[19,11,7,15,23,24,20,3,18],[15,7,23,11,19,20,3],[7,19,15,11,23,24,20,3,18],[19,11,7,23,24,20,3,15,22,18],[19,3,15,7,11,23,20],[15,23,3,7,19,24,20,11,22,18],[11,3,23,19,20,7,15],[3,19,15,23,24,20,11,7,18],[19,11,7,23,20,3,15],[11,7,19,23,20,3,15],[19,3,11,23,20,7,15],[11,19,23,24,20,3,7,15,22,18],[3,19,11,15,7,23,20],[11,19,23,20,3,7,15],[15,3,19,7,23,20,11],[23,7,19,20,11,3,15],[15,23,7,19,24,20,11,3,22,18],[23,11,3,15,7,19,24,20,18],[15,11,23,19,20,7,3],[7,3,19,23,24,20,11,15,18],[11,7,23,19,20,15,3],[19,11,23,24,20,7,15,3,22,18],[15,19,3,23,20,11,7],[23,19,24,20,3,11,15,7,18],[3,7,11,15,23,19,24,20,22,18],[19,23,20,3,7,15,11],[15,19,11,7,23,24,20,3,22,18],[15,11,3,19,7,23,24,20,22,18],[19,3,11,7,23,24,20,15,22,18],[23,7,11,19,24,20,3,15,18],[23,3,7,15,19,20,11],[23,3,15,11,19,24,20,7,22,18],[3,7,23,15,11,19,24,20,22,18],[7,3,11,23,19,20,15],[3,11,19,15,23,24,20,7,18],[23,3,7,15,19,20,11],[7,3,23,19,24,20,15,11,18],[11,7,15,19,3,23,20],[23,15,19,24,20,7,3,11,18],[3,23,7,11,15,19,20],[3,23,19,20,15,7,11],[11,15,19,7,23,20,3],[19,7,3,23,20,11,15],[19,7,15,3,11,23,20],[3,11,19,15,23,24,20,7,22,18],[11,15,23,19,24,20,3,7,22,18],[15,7,23,11,19,24,20,3,22,18],[11,7,3,19,23,24,20,15,18],[3,11,19,23,20,15,7],[15,3,11,19,7,23,24,20,18],[23,7,3,11,15,19,24,20,22,18],[23,3,19,20,7,15,11],[23,15,11,19,20,3,7],[11,3,19,7,15,23,24,20,18],[23,15,7,11,19,24,20,3,22,18],[19,23,24,20,3,11,7,15,18],[11,23,7,3,15,19,20],[7,11,19,3,23,24,20,15,22,18],[23,19,24,20,3,11,15,7,18],[3,11,19,15,23,24,20,7,18],[23,19,20,3,15,7,11],[11,7,15,3,23,19,24,20,22,18],[15,11,23,19,24,20,7,3,22,18],[11,7,3,15,19,23,24,20,18],[11,3,23,15,7,19,24,20,18],[19,7,11,3,23,24,20,15,18],[3,11,23,19,24,20,15,7,22,18],[3,23,15,7,19,20,11],[19,7,23,24,20,3,15,11,22,18],[7,19,15,11,3,23,20],[11,23,15,3,7,19,20],[15,23,7,19,24,20,11,3,18],[15,3,19,23,20,11,7],[15,3,7,23,11,19,24,20,18],[3,11,19,15,23,24,20,7,18],[23,3,15,11,7,19,24,20,22,18],[23,3,15,7,11,19,24,20,22,18],[3,7,19,15,11,23,24,20,22,18],[7,19,23,24,20,15,11,3,18],[7,3,19,15,11,23,24,20,18],[23,15,3,7,19,24,20,11,22,18],[23,3,11,15,7,19,24,20,22,18],[3,11,15,19,23,20,7],[11,15,19,7,3,23,24,20,18],[15,11,19,23,24,20,3,7,18],[23,3,7,19,20,15,11],[23,11,7,3,15,19,24,20,22,18],[3,11,7,19,23,20,15],[19,3,15,11,7,23,24,20,22,18],[23,19,24,20,3,11,15,7,18],[15,23,19,24,20,3,7,11,22,18],[11,7,23,3,15,19,20],[7,23,15,19,24,20,3,11,22,18],[23,15,3,19,24,20,11,7,18],[23,15,3,11,7,19,20],[11,7,15,23,3,19,24,20,18],[15,23,7,11,3,19,24,20,22,18],[7,15,3,19,11,23,20],[7,15,11,19,23,24,20,3,22,18],[19,3,23,20,7,11,15],[19,15,23,20,11,7,3],[19,23,24,20,15,11,7,3,22,18],[7,15,3,11,19,23,20],[11,7,3,23,15,19,24,20,22,18],[11,19,3,23,24,20,15,7,22,18],[7,23,11,3,19,20,15],[23,19,24,20,7,11,3,15,18],[3,11,7,19,23,24,20,15,22,18],[23,11,19,20,15,7,3],[15,19,11,3,7,23,20],[11,15,3,23,19,24,20,7,22,18],[19,3,7,15,23,24,20,11,22,18],[11,23,7,3,15,19,24,20,22,18],[19,15,11,7,3,23,24,20,22,18],[11,7,19,23,24,20,15,3,18],[7,3,23,19,20,15,11],[23,11,7,15,19,20,3],[11,3,7,19,23,20,15],[15,19,7,3,11,23,24,20,18],[11,19,23,24,20,3,15,7,22,18],[23,3,19,24,20,15,7,11,18],[7,15,23,19,24,20,3,11,22,18],[3,19,23,24,20,7,11,15,22,18],[3,11,15,19,23,24,20,7,22,18],[3,11,23,19,24,20,7,15,22,18],[11,15,7,3,23,19,24,20,22,18],[23,11,15,3,19,24,20,7,18],[23,11,19,24,20,7,3,15,18],[11,15,7,23,19,24,20,3,22,18],[3,7,19,11,23,20,15],[23,15,3,11,19,24,20,7,22,18],[23,15,7,11,3,19,24,20,22,18],[23,19,24,20,7,11,3,15,18],[11,3,19,15,7,23,24,20,18],[7,23,15,11,19,20,3],[15,19,23,24,20,7,3,11,22,18],[3,19,15,11,7,23,24,20,22,18],[19,15,23,20,7,3,11],[3,7,19,23,20,15,11],[3,11,23,19,24,20,7,15,22,18],[19,7,11,23,20,3,15],[15,23,3,7,11,19,20],[11,23,19,24,20,15,7,3,22,18],[19,7,3,11,23,20,15],[3,15,11,23,7,19,24,20,22,18],[23,11,19,20,3,15,7],[7,3,23,19,24,20,11,15,18],[3,11,23,7,19,20,15],[19,3,23,20,15,11,7],[7,15,23,19,20,11,3],[7,15,23,11,19,24,20,3,18],[11,23,7,3,19,24,20,15,18],[15,3,7,11,19,23,24,20,18],[11,7,23,3,15,19,20],[7,11,19,23,20,3,15],[7,11,19,23,20,15,3],[23,11,3,19,20,7,15],[15,23,19,24,20,7,11,3,22,18],[7,3,19,11,23,20,15],[3,23,15,11,7,19,24,20,18],[11,15,3,19,7,23,20],[7,3,11,19,23,20,15],[23,19,24,20,15,11,3,7,18],[15,23,19,24,20,11,3,7,18],[23,3,15,19,24,20,7,11,22,18],[11,19,3,23,24,20,15,7,22,18],[7,19,3,23,24,20,11,15,22,18],[19,11,7,23,24,20,3,15,22,18],[7,23,3,11,19,20,15],[7,11,15,19,3,23,20],[11,19,23,24,20,15,3,7,22,18],[23,19,20,15,3,7,11],[3,23,19,20,7,15,11],[3,19,15,11,7,23,20],[23,19,20,15,7,11,3],[3,19,15,11,7,23,24,20,18],[7,3,19,15,23,20,11],[11,3,7,19,23,24,20,15,18],[11,23,19,24,20,3,7,15,22,18],[23,7,11,19,20,3,15],[11,23,7,15,19,20,3],[7,23,15,11,3,19,24,20,22,18],[7,3,19,11,23,24,20,15,22,18],[3,15,23,19,20,11,7],[7,19,15,11,3,23,24,20,18],[23,3,19,24,20,7,15,11,22,18],[7,3,15,11,23,19,20],[15,19,11,3,23,24,20,7,22,18],[19,11,3,23,20,15,7],[11,7,3,19,15,23,20],[19,15,7,23,24,20,11,3,22,18],[7,23,19,24,20,11,3,15,18],[15,19,23,20,3,7,11],[11,19,15,23,24,20,7,3,22,18],[15,7,3,23,11,19,24,20,22,18],[23,11,15,7,3,19,20],[11,19,15,23,20,7,3],[7,11,23,3,15,19,24,20,22,18],[3,15,7,11,23,19,24,20,22,18],[3,15,23,7,11,19,24,20,22,18],[15,7,3,23,11,19,20],[23,3,15,19,20,11,7],[7,11,23,19,24,20,15,3,22,18],[23,3,19,24,20,7,15,11,18],[11,19,3,7,15,23,20],[3,23,7,11,19,24,20,15,22,18],[23,7,3,11,15,19,20],[23,15,7,11,3,19,24,20,18],[7,11,15,3,23,19,24,20,18],[15,19,3,7,23,20,11],[7,11,3,23,15,19,20],[15,7,23,3,11,19,20],[23,11,19,20,7,3,15],[11,23,15,7,3,19,20],[11,23,19,24,20,3,15,7,18],[15,23,7,19,24,20,11,3,22,18],[19,23,24,20,11,7,15,3,22,18],[3,7,11,19,23,24,20,15,22,18],[7,11,3,19,15,23,20],[23,3,15,7,19,24,20,11,18],[15,19,11,3,7,23,20],[23,15,3,11,19,24,20,7,18],[7,15,19,23,24,20,3,11,18],[7,19,23,24,20,11,3,15,18],[11,3,7,23,19,24,20,15,18],[7,19,11,3,15,23,24,20,18],[7,19,11,23,20,15,3],[19,11,15,23,20,3,7],[3,15,7,23,11,19,20],[3,11,19,23,24,20,7,15,22,18],[15,3,19,11,7,23,20],[7,3,11,15,19,23,24,20,18],[23,3,11,7,19,20,15],[7,3,19,15,11,23,20],[23,15,7,3,11,19,24,20,22,18],[3,15,19,23,24,20,11,7,22,18],[23,11,19,20,15,7,3],[15,7,3,23,11,19,20],[11,7,19,15,23,24,20,3,18],[7,11,23,15,3,19,20],[19,3,11,23,20,15,7],[11,19,3,7,15,23,24,20,18],[3,19,7,23,24,20,11,15,18],[11,23,19,24,20,7,3,15,22,18],[19,23,20,3,7,11,15],[23,11,3,15,19,24,20,7,18],[3,23,7,19,20,11,15],[3,19,15,7,11,23,24,20,22,18],[11,7,3,23,15,19,20],[7,3,19,11,15,23,20],[15,3,19,11,23,20,7],[15,11,23,3,7,19,20],[3,11,15,19,23,24,20,7,22,18],[3,23,19,24,20,15,11,7,22,18],[23,11,15,19,20,7,3],[19,23,20,7,3,15,11],[7,3,11,19,15,23,24,20,18],[15,3,7,23,11,19,20],[23,15,3,7,11,19,20],[11,19,23,20,15,3,7],[19,23,24,20,11,7,15,3,22,18],[15,23,3,19,24,20,7,11,22,18],[3,11,19,15,23,20,7],[3,7,15,19,11,23,20],[15,3,23,11,7,19,24,20,22,18],[11,19,15,3,7,23,24,20,18],[7,19,3,23,24,20,11,15,22,18],[15,23,11,19,24,20,7,3,18],[7,23,3,11,15,19,20],[19,3,23,20,11,15,7],[3,19,11,23,20,7,15],[15,11,23,19,20,3,7],[7,23,15,3,11,19,20],[15,3,11,23,7,19,20],[23,11,19,20,3,15,7],[11,15,19,3,23,24,20,7,22,18],[19,7,23,24,20,11,3,15,22,18],[19,15,23,20,7,11,3],[15,19,23,20,3,7,11],[3,7,15,11,19,23,24,20,18],[15,11,19,23,20,3,7],[23,3,19,24,20,15,7,11,18],[3,7,19,15,11,23,24,20,22,18],[7,15,23,19,20,11,3],[15,19,3,7,11,23,20],[19,11,7,3,23,20,15],[19,15,11,3,7,23,24,20,22,18],[15,3,7,19,11,23,20],[3,19,23,24,20,11,7,15,22,18],[15,3,11,7,23,19,24,20,18],[7,15,19,3,23,20,11],[23,11,15,19,24,20,7,3,22,18],[15,7,11,19,3,23,20],[7,23,19,24,20,11,3,15,18],[19,15,7,3,23,24,20,11,18],[23,7,19,20,3,11,15],[15,3,11,23,19,24,20,7,18],[15,23,3,11,19,24,20,7,18],[23,15,7,11,3,19,20],[3,23,19,24,20,7,15,11,22,18],[19,23,20,15,11,7,3],[23,7,3,11,19,20,15],[23,3,11,15,7,19,20],[15,23,19,20,3,11,7],[15,23,11,7,3,19,20],[3,19,11,15,23,20,7],[7,19,15,11,23,20,3],[7,11,23,3,15,19,24,20,22,18],[11,3,23,7,15,19,20],[15,3,11,19,23,20,7],[11,3,23,7,15,19,24,20,18],[3,19,11,23,20,7,15],[15,19,23,24,20,11,7,3,18],[15,19,11,23,24,20,7,3,18],[23,15,11,3,7,19,20],[23,15,11,3,19,24,20,7,18],[23,3,11,7,15,19,24,20,22,18],[19,11,7,15,3,23,24,20,18],[11,15,3,7,19,23,20],[23,19,20,11,15,3,7],[11,23,3,19,20,15,7],[7,19,3,23,20,15,11],[3,15,19,11,23,24,20,7,18],[23,15,19,20,3,11,7],[15,11,19,3,23,20,7],[11,15,3,19,23,24,20,7,22,18],[23,3,11,15,7,19,20],[15,7,23,3,11,19,20],[19,7,3,11,23,20,15],[23,19,20,3,15,11,7],[11,15,23,19,24,20,3,7,18],[23,15,11,7,3,19,24,20,22,18],[19,7,15,23,24,20,3,11,22,18],[23,19,20,3,15,7,11],[11,23,15,3,19,24,20,7,22,18],[3,23,11,15,19,20,7],[23,7,3,19,24,20,15,11,18],[19,11,7,15,3,23,24,20,18],[19,23,20,11,3,15,7],[19,3,11,23,20,15,7],[11,19,15,23,20,3,7],[3,15,11,19,23,24,20,7,22,18],[3,7,15,19,23,24,20,11,18],[7,3,23,11,19,20,15],[7,3,15,23,11,19,20],[11,7,15,3,19,23,24,20,18],[7,23,19,20,15,3,11],[19,23,20,11,7,15,3],[15,23,3,7,11,19,24,20,22,18],[19,7,15,3,11,23,24,20,22,18],[7,15,3,23,19,24,20,11,22,18],[7,19,3,23,24,20,15,11,18],[3,23,19,20,15,7,11],[7,11,23,3,15,19,20],[15,23,19,24,20,7,11,3,22,18],[3,7,11,23,15,19,20],[15,3,7,23,11,19,20],[19,11,3,23,20,7,15],[7,23,15,11,19,24,20,3,22,18],[23,15,11,19,20,7,3],[19,7,11,3,15,23,24,20,22,18],[15,19,23,24,20,3,11,7,18],[15,19,11,23,20,7,3],[7,15,19,11,3,23,24,20,18],[19,3,7,15,11,23,20],[23,3,7,11,19,20,15],[3,15,7,11,19,23,24,20,22,18],[3,15,19,23,24,20,11,7,18],[11,3,19,23,24,20,15,7,18],[3,15,7,23,11,19,20],[3,19,7,23,20,11,15],[23,15,19,20,11,7,3],[15,3,7,11,19,23,24,20,22,18],[11,15,7,3,19,23,20],[3,11,19,7,23,24,20,15,18],[23,19,20,3,15,11,7],[19,23,24,20,15,11,7,3,22,18],[15,7,19,3,23,24,20,11,22,18],[19,3,23,20,11,7,15],[11,7,3,19,15,23,20],[11,23,19,24,20,3,15,7,18],[19,15,7,3,23,20,11],[23,15,3,19,20,11,7],[3,23,7,11,15,19,24,20,18],[3,15,11,19,23,20,7],[7,23,3,11,19,24,20,15,22,18],[7,19,15,3,11,23,20],[7,15,3,23,19,20,11],[7,23,15,11,19,20,3],[15,23,7,19,24,20,3,11,18],[15,7,3,19,11,23,24,20,18],[7,15,23,11,19,20,3],[11,15,23,3,19,24,20,7,22,18],[19,15,3,7,23,20,11],[23,19,24,20,7,15,11,3,18],[3,11,23,7,19,20,15],[19,3,23,24,20,7,11,15,22,18],[7,3,11,15,23,19,24,20,22,18],[19,3,23,24,20,15,7,11,22,18],[15,19,7,23,20,3,11],[19,7,23,20,15,11,3],[19,3,15,11,23,24,20,7,22,18],[11,7,15,19,23,20,3],[7,23,11,19,20,3,15],[15,7,3,19,11,23,20],[7,19,15,11,3,23,24,20,22,18],[23,19,24,20,7,11,3,15,18],[23,19,20,11,15,7,3],[11,23,7,15,3,19,20],[15,23,11,3,7,19,20],[15,23,11,7,3,19,24,20,22,18],[19,23,24,20,3,7,15,11,18],[19,3,15,11,23,24,20,7,22,18],[3,11,19,7,23,20,15],[19,11,23,20,7,15,3],[11,7,19,23,24,20,15,3,18],[19,3,7,11,15,23,24,20,22,18],[11,7,23,3,19,20,15],[11,23,15,19,20,7,3],[7,3,15,19,11,23,24,20,22,18],[15,7,19,3,23,20,11],[15,11,3,23,7,19,20],[15,11,3,23,7,19,20],[11,7,3,15,23,19,20],[23,19,24,20,7,15,11,3,18],[11,15,3,7,23,19,24,20,22,18],[7,23,15,19,24,20,3,11,22,18],[23,19,24,20,3,15,11,7,18],[11,7,15,3,23,19,24,20,22,18],[23,7,11,19,20,3,15],[11,19,15,7,23,24,20,3,18],[19,7,11,3,15,23,24,20,18],[11,19,15,3,7,23,20],[19,23,24,20,3,11,15,7,22,18],[3,19,15,7,11,23,20],[23,11,15,3,7,19,24,20,18],[15,11,19,23,20,3,7],[3,7,11,19,15,23,24,20,18],[11,3,7,19,15,23,20],[19,11,3,15,23,24,20,7,18],[7,11,19,3,15,23,24,20,22,18],[3,19,11,7,23,20,15],[23,3,19,20,11,15,7],[3,7,11,23,15,19,24,20,22,18],[3,15,19,11,23,20,7],[19,11,7,15,3,23,20],[23,15,3,11,19,24,20,7,22,18],[15,3,7,19,11,23,24,20,18],[7,3,15,11,19,23,24,20,18],[15,19,11,23,20,7,3],[7,19,15,11,23,24,20,3,22,18],[7,3,23,11,15,19,20],[7,11,23,3,19,20,15],[15,19,7,23,24,20,11,3,22,18],[19,23,20,7,11,3,15],[3,11,19,7,15,23,20],[3,19,23,20,15,7,11],[7,11,23,15,19,24,20,3,18],[23,7,19,20,3,11,15],[19,3,7,23,24,20,11,15,18],[15,7,11,23,3,19,20],[7,19,3,15,11,23,24,20,22,18],[23,11,3,15,19,20,7],[3,7,19,23,20,11,15],[11,19,15,23,20,3,7],[11,23,15,7,3,19,24,20,22,18],[3,11,7,23,15,19,24,20,22,18],[19,7,23,24,20,15,11,3,22,18],[15,7,19,23,24,20,11,3,18],[7,11,19,23,20,3,15],[15,11,7,23,19,20,3],[15,23,7,11,19,20,3],[23,7,19,20,15,3,11],[3,15,19,11,7,23,20],[11,7,3,19,15,23,20],[7,15,3,11,19,23,20],[19,7,3,23,20,11,15],[15,7,23,19,24,20,3,11,22,18],[7,11,23,19,20,3,15],[15,23,3,19,24,20,11,7,18],[15,7,3,23,19,20,11],[3,11,7,15,19,23,20],[19,7,11,23,20,15,3],[11,23,15,7,19,20,3],[15,23,11,19,24,20,7,3,22,18],[7,3,15,23,11,19,24,20,18],[7,23,3,11,15,19,24,20,22,18],[7,3,19,15,11,23,20],[19,23,20,11,15,3,7],[11,7,3,15,23,19,20],[19,11,3,15,23,24,20,7,22,18],[23,15,19,24,20,11,7,3,18],[23,15,19,24,20,3,7,11,18],[15,19,11,7,3,23,20],[23,7,19,24,20,11,15,3,22,18],[23,3,19,24,20,15,11,7,22,18],[19,7,3,15,11,23,24,20,22,18],[23,11,3,7,19,20,15],[19,23,20,15,7,11,3],[15,7,23,19,24,20,3,11,22,18],[7,23,3,15,11,19,24,20,18],[19,23,20,7,11,15,3],[19,15,3,23,24,20,7,11,22,18],[19,15,7,11,23,20,3],[7,19,3,11,15,23,24,20,22,18],[7,15,3,11,23,19,20],[15,23,3,7,11,19,24,20,22,18],[11,19,3,23,24,20,7,15,22,18],[7,23,11,3,19,24,20,15,22,18],[15,19,23,20,3,7,11],[23,19,24,20,15,3,11,7,22,18],[7,3,19,11,15,23,20],[7,3,19,15,11,23,20],[15,11,3,23,7,19,24,20,18],[7,23,19,20,11,3,15],[3,19,11,15,23,24,20,7,18],[23,19,24,20,11,15,7,3,18],[7,15,3,11,23,19,24,20,18],[15,19,7,23,24,20,3,11,22,18],[15,3,11,23,19,20,7],[11,3,15,19,23,20,7],[23,11,3,7,15,19,24,20,18],[15,3,23,7,19,20,11],[15,19,3,23,20,11,7],[7,19,11,15,3,23,20],[15,23,3,19,20,11,7],[23,15,7,11,19,20,3],[3,7,15,23,11,19,24,20,18],[15,11,19,23,20,7,3],[11,15,19,7,3,23,20],[23,3,7,15,19,20,11],[15,7,11,19,23,24,20,3,18],[23,11,7,3,19,20,15],[7,3,19,15,23,24,20,11,22,18],[19,11,7,15,23,24,20,3,18],[23,15,11,19,20,7,3],[11,23,7,3,19,24,20,15,22,18],[3,7,19,11,23,20,15],[23,15,7,11,19,20,3],[11,19,23,24,20,3,15,7,18],[19,7,3,15,23,20,11],[7,19,11,23,24,20,3,15,18],[7,19,23,20,15,3,11],[23,7,3,15,19,20,11],[11,19,15,7,3,23,20],[3,23,15,19,24,20,7,11,18],[7,11,19,15,23,24,20,3,18],[15,3,7,11,23,19,24,20,18],[15,23,11,19,20,7,3],[15,19,23,24,20,7,3,11,18],[11,19,15,23,24,20,7,3,18],[3,11,19,23,24,20,7,15,18],[3,23,11,19,24,20,7,15,22,18],[11,15,3,23,19,20,7],[3,23,11,7,19,20,15],[19,11,15,23,24,20,3,7,18],[7,15,11,19,3,23,20],[11,23,7,19,24,20,15,3,18],[23,11,3,19,24,20,15,7,22,18],[15,3,11,19,7,23,20],[11,19,15,7,3,23,20],[23,11,7,3,19,24,20,15,22,18],[19,11,7,15,23,20,3],[11,19,23,20,15,7,3],[3,19,11,15,23,20,7],[11,3,15,7,23,19,24,20,22,18],[23,11,15,19,24,20,3,7,18],[11,23,19,20,15,3,7],[19,11,23,20,3,7,15],[7,3,15,23,19,24,20,11,22,18],[3,15,7,23,19,24,20,11,22,18],[11,23,15,3,19,20,7],[7,15,11,23,3,19,24,20,22,18],[19,11,3,23,20,7,15],[3,23,7,15,11,19,24,20,18],[7,23,19,24,20,3,11,15,22,18],[3,7,15,19,11,23,20],[7,11,23,15,19,20,3],[19,11,7,3,15,23,24,20,18],[7,11,23,15,19,20,3],[23,3,7,15,19,24,20,11,22,18],[7,23,3,15,19,20,11],[11,7,19,23,24,20,15,3,18],[7,23,11,15,19,24,20,3,22,18],[23,11,15,7,19,20,3],[7,15,23,11,3,19,24,20,18],[15,3,23,7,19,24,20,11,18],[11,7,15,23,3,19,20],[23,7,11,15,19,24,20,3,18],[7,19,15,3,23,24,20,11,22,18],[15,11,3,19,23,24,20,7,18],[19,23,24,20,3,15,11,7,18],[23,15,11,7,19,24,20,3,22,18],[11,3,23,7,19,20,15],[7,15,11,23,19,20,3],[7,23,11,15,19,20,3],[15,11,7,19,3,23,20],[11,3,15,19,23,24,20,7,22,18],[7,3,15,19,11,23,24,20,22,18],[19,7,3,15,11,23,20],[11,15,23,3,19,20,7],[3,19,23,24,20,7,11,15,22,18],[19,11,23,24,20,7,3,15,22,18],[15,3,7,19,11,23,24,20,22,18],[7,3,19,15,11,23,20],[19,23,24,20,11,15,3,7,22,18],[15,11,3,19,7,23,20],[7,11,23,15,19,20,3],[7,15,11,19,3,23,20],[23,15,7,11,3,19,20],[3,23,7,11,19,20,15],[7,3,11,15,23,19,24,20,18],[23,11,3,19,24,20,7,15,18],[23,19,24,20,7,11,15,3,18],[7,23,3,15,19,24,20,11,18],[23,15,3,19,24,20,7,11,22,18],[11,19,3,7,15,23,20],[3,19,11,7,15,23,20],[7,15,23,3,11,19,20],[11,19,23,20,7,3,15],[11,23,15,19,24,20,7,3,22,18],[15,7,3,11,23,19,24,20,18],[19,23,24,20,11,7,15,3,22,18],[23,15,7,11,19,24,20,3,18],[7,11,15,19,23,24,20,3,18],[15,3,11,7,23,19,24,20,22,18],[23,19,24,20,7,3,15,11,22,18],[23,19,20,11,3,7,15],[15,11,3,7,19,23,24,20,18],[11,15,23,7,3,19,24,20,18],[7,3,23,19,20,15,11],[11,23,7,19,20,15,3],[15,11,7,23,19,24,20,3,18],[19,11,7,15,23,24,20,3,18],[11,19,15,7,3,23,20],[15,11,7,3,23,19,24,20,22,18],[15,3,19,11,23,24,20,7,18],[23,19,24,20,15,11,3,7,18],[23,11,3,15,7,19,24,20,22,18],[7,11,3,23,15,19,20],[7,23,15,11,19,24,20,3,22,18],[3,19,23,24,20,7,15,11,18],[15,7,23,11,3,19,20],[23,15,7,3,11,19,24,20,22,18],[15,19,3,7,23,20,11],[7,15,11,23,19,24,20,3,18],[15,11,3,7,19,23,20],[15,19,3,23,20,11,7],[19,15,23,20,7,11,3],[3,23,7,19,20,15,11],[11,15,7,23,19,20,3],[23,3,7,15,11,19,24,20,18],[23,19,24,20,7,15,11,3,22,18],[23,3,19,24,20,11,7,15,22,18],[23,3,11,15,19,20,7],[15,7,19,3,11,23,20],[19,3,15,23,20,7,11],[15,19,3,11,7,23,24,20,22,18],[15,19,7,3,23,20,11],[23,11,19,24,20,7,3,15,18],[11,3,15,23,19,20,7],[19,7,3,11,23,24,20,15,18],[19,23,24,20,7,15,11,3,18],[7,23,3,19,20,15,11],[11,19,3,7,23,20,15],[15,7,3,23,19,20,11],[15,11,19,7,3,23,24,20,22,18],[15,11,7,3,19,23,20],[23,7,19,24,20,15,11,3,22,18],[7,3,11,19,23,20,15],[7,23,11,3,19,24,20,15,18],[23,15,3,11,7,19,24,20,22,18],[23,3,11,7,15,19,20],[11,7,23,15,3,19,20],[23,15,7,19,20,11,3],[7,19,15,11,3,23,24,20,18],[11,7,15,3,19,23,24,20,18],[11,7,23,19,20,15,3],[23,11,19,20,7,15,3],[3,19,23,20,11,7,15],[23,11,19,20,3,15,7],[15,11,19,3,7,23,24,20,22,18],[15,7,11,19,3,23,24,20,18],[23,19,24,20,11,3,15,7,22,18],[19,11,23,20,15,7,3],[15,3,23,7,19,24,20,11,18],[7,15,11,19,23,24,20,3,22,18],[7,11,15,23,19,20,3],[19,3,7,11,15,23,20],[3,11,23,15,19,24,20,7,22,18],[23,19,24,20,11,15,3,7,18],[15,3,11,23,7,19,24,20,22,18],[3,23,19,20,15,11,7],[23,3,15,19,20,7,11],[23,7,19,20,11,3,15],[23,11,3,15,19,20,7],[15,3,7,23,11,19,20],[7,15,11,19,23,24,20,3,18],[19,23,24,20,3,7,15,11,22,18],[3,19,15,23,24,20,11,7,22,18],[19,23,20,3,7,11,15],[3,7,23,11,15,19,24,20,22,18],[3,11,23,7,15,19,20],[15,19,3,11,7,23,20],[23,15,3,19,24,20,7,11,18],[19,11,23,20,15,7,3],[15,23,19,20,7,3,11],[11,23,15,3,19,24,20,7,18],[7,23,19,24,20,3,11,15,18],[23,19,20,11,7,15,3],[11,15,23,19,20,3,7],[3,15,11,19,23,20,7],[7,3,15,23,11,19,20],[23,7,15,19,20,3,11],[19,15,11,3,7,23,24,20,18],[15,19,3,7,23,24,20,11,18],[11,15,19,7,3,23,24,20,22,18],[23,3,11,7,19,20,15],[7,23,15,19,24,20,11,3,18],[3,11,19,7,23,20,15],[19,3,15,23,20,11,7],[19,3,15,11,23,20,7],[7,23,19,24,20,15,11,3,18],[11,23,15,7,3,19,24,20,18],[11,15,7,19,23,24,20,3,18],[7,15,11,19,23,20,3],[3,15,19,7,23,20,11],[7,19,23,24,20,11,3,15,22,18],[3,11,15,19,7,23,24,20,22,18],[15,23,7,11,19,20,3],[3,15,7,23,19,20,11],[3,15,11,23,19,20,7],[7,19,3,15,11,23,24,20,18],[23,15,3,7,19,20,11],[15,7,19,11,3,23,24,20,22,18],[23,15,7,19,20,11,3],[15,19,7,3,11,23,24,20,22,18],[7,11,19,15,23,20,3],[7,15,23,3,19,20,11],[3,23,7,19,24,20,15,11,18],[15,23,3,19,20,7,11],[19,23,20,11,3,7,15],[15,7,19,23,20,11,3],[19,3,23,24,20,15,11,7,22,18],[19,15,23,24,20,3,7,11,18],[3,19,7,23,24,20,15,11,22,18],[7,23,15,3,11,19,24,20,18],[3,23,15,11,7,19,20],[23,11,3,15,19,24,20,7,22,18],[19,15,7,11,23,24,20,3,18],[3,7,19,23,24,20,15,11,18],[7,3,23,19,24,20,15,11,22,18],[23,11,19,20,7,15,3],[19,3,11,7,23,24,20,15,22,18],[19,15,23,24,20,3,11,7,22,18],[15,11,23,3,19,24,20,7,22,18],[15,11,19,7,23,24,20,3,18],[19,7,3,23,20,11,15],[11,3,7,19,15,23,20],[19,11,23,20,3,15,7],[3,23,11,19,20,7,15],[11,15,3,19,23,24,20,7,18],[3,15,7,11,23,19,24,20,22,18],[23,7,3,19,20,15,11],[19,11,7,23,20,3,15],[23,15,3,19,20,11,7],[11,19,15,23,24,20,3,7,22,18],[3,15,11,23,19,20,7],[19,23,20,7,11,3,15],[19,23,24,20,11,7,15,3,22,18],[23,7,15,19,24,20,11,3,18],[11,3,7,23,15,19,20],[3,7,23,11,15,19,20],[7,15,19,23,24,20,3,11,22,18],[23,11,19,24,20,3,7,15,22,18],[7,23,15,19,24,20,11,3,18],[19,15,23,20,11,3,7],[19,3,15,7,11,23,24,20,22,18],[3,23,19,24,20,11,15,7,18],[3,7,23,15,11,19,24,20,22,18],[19,15,3,7,23,24,20,11,18],[23,7,11,3,15,19,24,20,18],[3,7,11,15,19,23,20],[7,19,11,15,23,24,20,3,22,18],[19,7,11,3,23,20,15],[23,19,20,7,3,15,11],[23,3,15,19,24,20,11,7,18],[3,11,23,19,20,7,15],[19,11,23,24,20,3,15,7,22,18],[19,7,23,20,15,11,3],[7,23,11,19,24,20,15,3,18],[23,11,3,15,7,19,24,20,18],[19,23,24,20,11,15,7,3,22,18],[7,19,15,23,20,3,11],[7,15,23,19,24,20,11,3,22,18],[11,15,23,7,19,20,3],[7,3,15,11,23,19,20],[11,15,3,19,7,23,20],[11,3,23,15,7,19,20],[19,3,11,15,23,20,7],[3,23,19,24,20,11,15,7,18],[19,15,23,24,20,11,7,3,18],[23,19,24,20,15,3,11,7,18],[7,11,23,3,19,24,20,15,18],[7,19,15,3,23,20,11],[11,7,15,23,3,19,20],[11,7,19,23,24,20,3,15,18],[11,23,7,3,19,24,20,15,18],[7,19,11,3,23,20,15],[3,7,19,15,23,24,20,11,18],[23,19,24,20,7,11,3,15,22,18],[3,23,19,24,20,11,7,15,22,18],[11,19,15,7,3,23,20],[11,19,23,20,3,15,7],[23,3,15,11,19,24,20,7,22,18],[19,11,3,15,23,24,20,7,22,18],[3,11,19,7,15,23,24,20,18],[23,11,7,3,15,19,20],[23,19,24,20,7,11,15,3,18],[7,3,19,11,23,24,20,15,22,18],[7,11,15,3,19,23,24,20,22,18],[23,15,7,3,19,20,11],[19,11,7,3,23,20,15],[7,3,19,11,23,20,15],[3,15,23,19,20,11,7],[19,7,11,15,3,23,24,20,18],[11,23,3,19,24,20,15,7,22,18],[3,11,15,19,23,24,20,7,18],[23,3,7,19,20,15,11],[23,19,20,11,7,3,15],[23,15,19,24,20,7,3,11,22,18],[3,11,23,7,19,24,20,15,18],[23,11,15,19,24,20,3,7,18],[19,15,7,11,3,23,24,20,22,18],[15,11,19,23,20,3,7],[3,19,15,11,7,23,24,20,18],[15,7,23,11,3,19,24,20,18],[15,23,11,3,7,19,24,20,22,18],[15,19,3,11,23,20,7],[3,23,15,7,19,20,11],[11,23,19,24,20,7,3,15,18],[19,23,24,20,3,15,11,7,22,18],[23,15,11,3,19,24,20,7,18],[23,19,20,7,11,3,15],[3,23,7,19,24,20,11,15,18],[15,11,7,3,23,19,24,20,22,18],[23,7,3,19,24,20,11,15,22,18],[11,3,15,7,23,19,20],[3,15,19,7,11,23,20],[7,23,3,15,19,24,20,11,22,18],[19,7,15,11,23,20,3],[23,7,15,11,19,24,20,3,22,18],[23,11,15,3,7,19,24,20,22,18],[11,15,7,19,23,20,3],[3,19,11,23,24,20,15,7,18],[23,3,7,15,19,24,20,11,22,18],[15,11,23,7,19,24,20,3,18],[7,19,11,3,15,23,24,20,18],[7,15,19,3,23,20,11],[19,3,11,7,15,23,20],[23,3,19,24,20,7,11,15,22,18],[23,11,3,7,19,24,20,15,18],[7,3,11,19,15,23,20],[15,19,23,20,7,3,11],[7,23,19,20,11,3,15],[19,11,23,24,20,3,7,15,18],[23,15,11,3,19,24,20,7,18],[7,3,19,23,20,11,15],[11,15,3,7,19,23,20],[23,3,11,15,19,20,7],[11,3,7,15,23,19,24,20,18],[19,7,3,15,23,20,11],[23,11,7,3,15,19,20],[3,15,23,7,19,20,11],[3,19,23,20,7,15,11],[23,3,7,19,20,11,15],[19,23,24,20,7,3,11,15,18],[15,19,7,3,23,24,20,11,18],[3,19,23,20,7,15,11],[19,11,15,23,20,3,7],[7,15,23,11,19,24,20,3,22,18],[15,23,3,11,19,20,7],[11,3,19,23,20,15,7],[23,7,3,19,24,20,15,11,22,18],[11,7,3,19,15,23,20],[7,3,19,23,24,20,11,15,22,18],[23,7,19,24,20,11,3,15,18],[19,15,3,23,24,20,7,11,18],[11,23,7,19,20,15,3],[15,3,23,7,19,24,20,11,18],[11,7,23,19,24,20,15,3,18],[3,19,15,23,24,20,11,7,22,18],[19,23,20,3,15,11,7],[11,3,7,15,19,23,20],[23,19,20,7,3,15,11],[15,7,3,19,23,20,11],[11,15,3,19,23,20,7],[3,11,7,15,19,23,20],[11,7,23,19,24,20,3,15,18],[23,11,7,19,24,20,15,3,22,18],[19,7,11,23,24,20,15,3,22,18],[23,3,19,20,11,7,15],[23,11,3,7,19,24,20,15,22,18],[3,15,23,11,7,19,24,20,22,18],[15,19,23,20,3,11,7],[7,3,15,19,11,23,24,20,18],[19,3,11,23,20,15,7],[15,11,3,7,23,19,24,20,22,18],[11,23,19,20,3,7,15],[15,19,3,23,24,20,7,11,22,18],[11,19,23,20,15,3,7],[19,23,20,3,15,11,7],[11,7,15,19,23,24,20,3,18],[19,15,23,24,20,11,3,7,18],[7,23,19,20,3,15,11],[23,15,3,7,11,19,24,20,18],[15,23,7,3,19,20,11],[3,11,19,7,23,24,20,15,22,18],[19,7,11,23,24,20,3,15,22,18],[7,15,23,11,3,19,24,20,18],[7,3,11,15,19,23,20],[19,7,3,15,23,20,11],[7,11,19,15,23,20,3],[15,19,23,24,20,7,3,11,22,18],[3,11,19,23,24,20,7,15,18],[7,19,23,24,20,15,3,11,22,18],[23,15,3,11,7,19,24,20,22,18],[15,19,7,3,11,23,20],[11,15,23,7,3,19,20],[3,11,23,19,24,20,15,7,18],[15,3,19,23,24,20,7,11,18],[3,19,11,7,15,23,24,20,18],[3,15,7,23,11,19,20],[19,23,24,20,11,15,7,3,22,18],[7,11,15,23,19,24,20,3,18],[7,3,11,23,15,19,20],[23,15,19,24,20,7,11,3,18],[19,3,11,15,7,23,24,20,18],[3,23,11,7,15,19,24,20,22,18],[23,19,20,7,15,11,3],[3,15,11,19,23,20,7],[23,15,19,20,11,3,7],[11,7,15,23,3,19,24,20,18],[3,23,19,24,20,7,15,11,22,18],[23,3,11,15,19,20,7],[11,7,23,19,24,20,15,3,22,18],[19,11,15,3,7,23,24,20,18],[23,15,11,19,20,7,3],[19,7,3,23,20,15,11],[23,11,15,3,7,19,24,20,22,18],[3,19,15,11,23,24,20,7,22,18],[7,23,19,24,20,3,15,11,18],[11,3,15,19,23,20,7],[7,23,19,20,3,11,15],[7,11,23,19,20,15,3],[11,15,19,3,23,24,20,7,22,18],[3,11,23,15,7,19,24,20,22,18],[3,7,19,23,24,20,15,11,22,18],[7,3,23,15,19,20,11],[3,23,11,15,19,24,20,7,18],[11,3,7,23,15,19,20],[3,15,7,23,19,24,20,11,22,18],[23,19,20,11,15,3,7],[3,11,15,19,23,24,20,7,22,18],[3,15,7,23,19,24,20,11,22,18],[23,7,19,20,15,11,3],[15,3,7,11,23,19,24,20,18],[7,3,19,15,11,23,20],[23,15,19,24,20,11,3,7,22,18]],"n_human":10}