{"problem_id":"sKU4nC3yOMAzy81","sigma":150,"alpha":1.000,"cost":0,"probabilities":"[0.15, 0.11, 0.11, 0.63]","payoff_matrix":"[[-97, -15, -3, 150, -52, -68], [-95, -202, 152, -212, -192, -53], [-25, 63, -44, 166, 88, 23], [-73, 121, -30, 10, 111, -74]]","uncovered":[[12,4,8,16,20,24,17,5,18],[16,12,24,4,20,8,17,5,18],[8,4,16,12,24,20,17,5,7,18],[20,12,8,24,4,16,17,5,7,18],[12,24,4,8,16,20,5,17,19,6],[16,20,12,4,24,8,5,17,19,7,18],[4,20,8,12,16,24,5,17,7,18],[20,4,24,8,12,16,17,5,19,6],[12,24,8,16,4,20,17,5,18],[16,8,24,12,4,20,5,17,7,18],[4,12,24,20,16,8,17,5,7,19,18],[4,20,16,24,12,8,17,5,18],[16,24,20,8,12,4,17,5,6,18,19,7],[16,12,24,4,20,8,17,5,19,7,6,18],[12,24,8,16,20,4,5,17,7,19,6,18],[24,12,16,20,8,4,5,17,7,18],[4,24,12,20,8,16,5,17,7,18],[8,24,16,12,20,4,17,5,6,18,19,7],[8,24,16,4,12,20,17,5,19,7,18],[8,4,24,16,12,20,17,5,7,19,6,18],[8,12,4,24,16,20,17,5,7,19,6,18],[8,12,16,24,20,4,17,5,18],[8,12,20,4,24,16,5,17,18],[16,20,24,4,12,8,17,5,7,19,6,18],[16,12,8,24,20,4,17,5,6,19],[4,8,20,24,12,16,17,5,7,18],[12,16,8,4,20,24,17,5,6,19],[4,24,16,20,8,12,17,5,7,19,6,18],[12,4,16,24,8,20,5,17,6,19],[20,4,24,16,8,12,5,17,7,18],[16,12,8,20,24,4,5,17,19,6],[8,16,20,12,24,4,5,17,18],[20,8,24,12,16,4,5,17,18],[24,8,12,20,4,16,17,5,19,6],[12,20,4,24,16,8,17,5,7,18],[16,20,24,8,4,12,5,17,6,19],[4,16,12,20,24,8,17,5,19,6],[8,4,12,16,20,24,17,5,19,6],[24,12,8,20,4,16,17,5,7,18],[16,8,12,4,24,20,17,5,18],[16,20,8,24,4,12,17,5,7,18],[4,24,20,8,12,16,17,5,19,7,6,18],[8,4,16,12,24,20,5,17,6,19],[24,20,12,4,16,8,5,17,6,19],[4,8,24,12,16,20,5,17,19,6],[4,20,8,12,24,16,5,17,7,19,18],[24,12,20,16,4,8,17,5,19,6],[12,24,16,4,20,8,5,17,19,7,18],[4,16,8,24,12,20,5,17,6,19],[12,8,16,24,4,20,17,5,6,18,7],[20,4,8,16,24,12,17,5,6,19],[24,4,20,12,16,8,17,5,7,19,18],[20,16,4,12,8,24,5,17,18],[16,4,8,12,24,20,17,5,18],[16,24,12,8,4,20,17,5,19,7,6,18],[16,12,4,20,24,8,17,5,7,18],[20,4,12,16,24,8,17,5,19,7,6,18],[20,16,4,8,24,12,17,5,19,6],[8,20,24,4,12,16,5,17,18],[16,4,8,24,20,12,5,17,18],[8,12,16,20,4,24,5,17,7,18],[4,16,24,20,8,12,5,17,18],[16,4,8,20,24,12,17,5,18],[24,4,20,16,8,12,17,5,6,19],[16,24,4,20,8,12,5,17,6,18,19,7],[8,12,16,4,20,24,5,17,6,19],[24,20,4,8,12,16,5,17,6,18,19,7],[4,20,24,8,12,16,5,17,19,6],[24,20,4,16,8,12,17,5,18],[20,4,16,8,24,12,5,17,18],[4,12,16,20,24,8,5,17,6,19],[20,4,12,8,16,24,17,5,6,18,19,7],[24,16,20,8,12,4,17,5,6,19],[24,12,4,8,20,16,5,17,6,18,7],[24,16,4,20,8,12,17,5,7,18],[8,12,4,16,24,20,5,17,7,18],[20,24,8,16,12,4,17,5,7,19,6,18],[12,24,20,4,8,16,17,5,19,7,18],[16,4,24,8,20,12,5,17,6,19],[16,12,24,8,4,20,17,5,19,6],[20,24,8,16,12,4,17,5,18],[20,16,8,12,4,24,5,17,7,19,6,18],[24,12,4,16,8,20,17,5,7,18],[20,16,8,12,24,4,5,17,18],[4,24,16,8,12,20,5,17,6,19],[12,16,24,20,4,8,17,5,19,7,6,18],[16,8,4,12,20,24,5,17,18],[24,16,4,12,20,8,17,5,6,18,7],[4,12,8,24,20,16,17,5,18],[8,12,20,24,16,4,5,17,6,19],[4,8,24,12,16,20,5,17,7,18],[16,24,12,4,8,20,5,17,18],[16,20,24,12,8,4,5,17,6,19],[8,24,4,20,16,12,5,17,6,19],[24,12,20,16,8,4,17,5,19,6],[4,12,24,8,20,16,17,5,7,19,18],[4,16,8,12,20,24,17,5,6,18,7],[24,12,8,20,4,16,17,5,7,18],[24,16,4,12,20,8,17,5,6,18,7],[8,24,4,16,12,20,5,17,19,7,18],[4,20,24,12,8,16,17,5,6,19],[24,4,12,8,16,20,17,5,6,19],[24,8,4,16,20,12,5,17,18],[20,4,24,16,12,8,17,5,7,18],[12,20,24,16,4,8,5,17,6,18,7],[16,4,8,24,12,20,17,5,18],[4,24,12,20,8,16,17,5,6,18,19,7],[24,20,12,8,16,4,17,5,19,6],[16,4,8,20,24,12,5,17,7,18],[4,16,8,12,20,24,5,17,6,18,19,7],[20,4,16,12,24,8,17,5,6,19],[20,24,8,12,16,4,17,5,19,7,18],[20,4,16,8,12,24,5,17,6,19],[4,8,16,24,20,12,17,5,19,7,18],[8,4,16,12,20,24,5,17,18],[4,24,8,12,16,20,17,5,7,18],[12,24,16,8,4,20,5,17,7,18],[8,4,24,16,20,12,5,17,18],[8,24,20,12,16,4,17,5,6,19],[16,4,8,20,12,24,17,5,7,19,18],[12,24,8,16,20,4,17,5,7,18],[4,24,8,20,16,12,17,5,6,18,19,7],[20,4,8,12,16,24,17,5,18],[12,20,4,8,16,24,5,17,18],[20,16,24,8,12,4,17,5,19,6],[4,16,24,8,12,20,5,17,7,18],[24,8,16,4,20,12,17,5,19,7,18],[12,24,4,16,8,20,5,17,6,19],[4,8,24,12,16,20,17,5,19,7,18],[24,4,12,8,16,20,17,5,18],[4,12,8,16,20,24,17,5,6,19],[20,16,8,12,24,4,17,5,19,7,6,18],[16,20,24,8,4,12,17,5,19,7,6,18],[8,20,4,16,12,24,5,17,19,6],[20,4,12,24,16,8,5,17,18],[8,20,12,16,24,4,5,17,19,7,18],[8,16,24,20,12,4,17,5,19,7,18],[4,24,20,12,16,8,17,5,18],[4,12,8,24,20,16,17,5,7,19,6,18],[16,8,24,12,4,20,17,5,18],[8,4,12,24,16,20,17,5,7,18],[20,16,4,8,12,24,17,5,19,6],[24,4,20,16,12,8,5,17,18],[24,20,16,4,8,12,5,17,18],[4,20,24,16,12,8,17,5,6,19],[12,24,16,8,4,20,17,5,7,18],[24,20,4,12,8,16,5,17,6,18,19,7],[4,20,16,12,24,8,17,5,7,19,18],[16,8,24,4,20,12,5,17,18],[16,4,8,20,24,12,17,5,18],[20,8,12,16,24,4,17,5,6,19],[8,4,12,16,24,20,5,17,6,18,19,7],[16,20,24,12,4,8,17,5,19,7,18],[16,24,20,12,4,8,17,5,7,18],[20,4,16,12,8,24,5,17,7,19,18],[20,16,12,4,8,24,17,5,6,18,7],[16,4,24,12,20,8,17,5,7,19,18],[16,8,12,4,24,20,5,17,6,19],[4,16,8,12,20,24,5,17,19,7,6,18],[20,12,4,24,16,8,5,17,7,18],[16,4,8,24,12,20,5,17,18],[24,20,12,16,8,4,5,17,6,19],[12,16,4,20,8,24,17,5,18],[12,24,8,4,16,20,17,5,18],[16,24,8,4,12,20,5,17,19,7,18],[24,4,20,12,8,16,5,17,19,6],[4,24,8,20,16,12,5,17,19,6],[20,16,8,24,4,12,5,17,18],[12,20,24,16,4,8,17,5,19,7,6,18],[8,4,12,24,20,16,5,17,19,6],[8,4,24,16,12,20,5,17,6,19],[20,12,4,24,8,16,17,5,7,19,18],[12,4,8,20,24,16,17,5,7,18],[20,24,12,4,8,16,5,17,18],[4,24,12,8,16,20,5,17,7,18],[12,8,20,24,4,16,17,5,6,18,7],[8,16,4,20,12,24,17,5,7,18],[24,8,16,12,4,20,17,5,6,19],[8,12,16,24,4,20,17,5,18],[8,20,24,16,12,4,17,5,18],[24,16,8,12,20,4,17,5,18],[8,4,20,12,24,16,17,5,18],[4,20,16,24,8,12,5,17,6,18,19,7],[20,4,24,8,16,12,17,5,6,18,7],[8,12,16,20,24,4,5,17,6,18,7],[20,8,16,12,24,4,17,5,6,19],[8,20,24,16,4,12,5,17,7,19,18],[4,8,12,16,20,24,17,5,19,7,6,18],[16,8,4,20,12,24,5,17,18],[20,8,16,24,4,12,5,17,18],[12,20,24,4,16,8,5,17,6,18,19,7],[8,24,20,4,12,16,5,17,6,19],[8,16,12,24,20,4,17,5,6,18,19,7],[20,24,16,12,8,4,17,5,7,18],[12,16,24,4,8,20,5,17,19,7,18],[12,8,24,4,16,20,5,17,19,6],[12,16,24,4,20,8,17,5,7,18],[8,16,24,4,12,20,17,5,19,6],[16,24,8,12,4,20,17,5,7,18],[20,8,4,24,12,16,17,5,6,18,19,7],[16,12,24,20,8,4,17,5,18],[12,8,20,16,24,4,5,17,18],[16,4,20,12,24,8,17,5,18],[20,24,8,16,12,4,17,5,19,7,6,18],[16,24,20,4,8,12,17,5,7,19,18],[8,24,20,4,12,16,5,17,6,19],[24,16,12,4,8,20,5,17,7,18],[16,12,8,24,20,4,17,5,6,18,19,7],[4,24,16,20,8,12,17,5,19,6],[12,20,24,4,16,8,5,17,6,18,7],[16,8,4,12,24,20,5,17,19,6],[24,16,4,8,20,12,5,17,18],[4,12,8,16,20,24,17,5,6,19],[12,8,4,20,24,16,17,5,6,18,19,7],[20,4,12,24,8,16,17,5,18],[12,24,20,8,16,4,5,17,7,19,18],[8,20,4,24,16,12,5,17,6,19],[4,8,16,24,12,20,17,5,7,18],[24,4,16,20,12,8,5,17,7,18],[8,24,4,20,12,16,5,17,6,19],[8,24,12,20,16,4,17,5,7,18],[20,4,8,12,16,24,17,5,19,7,6,18],[24,16,20,4,12,8,5,17,7,18],[8,16,4,24,12,20,5,17,6,19],[4,8,20,24,12,16,5,17,18],[12,20,4,24,16,8,17,5,6,18,19,7],[8,20,24,4,12,16,5,17,6,19],[4,12,24,8,20,16,17,5,7,19,18],[12,8,24,20,16,4,5,17,19,7,18],[12,20,8,24,16,4,17,5,18],[12,8,20,24,4,16,17,5,6,19],[16,24,8,4,12,20,17,5,6,19],[24,20,4,16,8,12,5,17,6,18,19,7],[20,4,12,24,16,8,17,5,18],[12,24,8,16,20,4,5,17,19,6],[16,4,24,20,12,8,5,17,7,18],[8,24,4,12,16,20,17,5,7,19,6,18],[16,20,8,24,12,4,5,17,19,6],[12,16,4,20,8,24,17,5,19,6],[12,24,16,8,4,20,5,17,19,7,6,18],[24,12,20,8,4,16,5,17,18],[4,24,12,8,16,20,17,5,18],[12,20,8,16,4,24,5,17,19,6],[12,16,8,24,20,4,5,17,6,18,7],[24,4,16,20,12,8,17,5,19,6],[20,8,12,4,16,24,17,5,18],[12,24,4,20,16,8,5,17,6,18,19,7],[8,12,20,16,24,4,17,5,6,19],[4,20,24,16,8,12,5,17,7,19,18],[16,4,8,20,12,24,17,5,6,19],[16,20,4,24,8,12,17,5,18],[24,8,16,12,20,4,17,5,6,19],[4,16,8,12,20,24,5,17,6,19],[20,12,16,4,8,24,17,5,18],[8,16,20,24,12,4,17,5,7,18],[24,16,20,4,8,12,5,17,19,6],[24,8,4,20,12,16,17,5,18],[16,24,4,20,8,12,5,17,6,19],[20,12,16,4,8,24,5,17,19,7,6,18],[16,24,8,12,20,4,17,5,6,19],[12,20,8,24,16,4,5,17,18],[20,8,12,16,4,24,5,17,19,7,6,18],[16,20,8,12,24,4,17,5,19,6],[12,20,4,24,16,8,17,5,19,7,18],[24,4,20,8,16,12,17,5,7,19,18],[4,24,8,16,12,20,17,5,18],[8,12,20,24,4,16,5,17,19,6],[20,4,24,12,8,16,17,5,19,6],[24,20,4,8,12,16,5,17,18],[20,4,24,12,8,16,17,5,18],[8,20,24,16,4,12,5,17,7,18],[24,8,20,16,12,4,17,5,19,7,6,18],[16,24,12,8,4,20,17,5,19,6],[8,24,12,16,4,20,17,5,19,7,18],[4,8,16,24,20,12,17,5,19,6],[8,20,24,16,4,12,5,17,6,18,19,7],[12,24,16,4,20,8,5,17,19,6],[12,8,24,4,16,20,17,5,19,6],[20,4,24,12,8,16,17,5,6,18,7],[12,20,24,16,8,4,5,17,19,6],[4,20,16,8,24,12,17,5,6,18,7],[24,12,8,16,4,20,17,5,18],[4,8,12,20,24,16,5,17,18],[20,8,24,4,16,12,17,5,7,18],[20,24,12,16,8,4,17,5,18],[16,12,8,4,20,24,17,5,6,18,19,7],[24,16,4,12,8,20,17,5,6,19],[24,4,16,20,12,8,17,5,19,7,6,18],[16,24,20,8,4,12,5,17,19,7,6,18],[24,12,20,16,4,8,17,5,7,19,6,18],[12,24,16,20,8,4,17,5,18],[12,20,8,16,4,24,5,17,6,18,19,7],[24,4,16,12,20,8,5,17,6,18,7],[16,4,20,8,12,24,5,17,6,18,19,7],[12,16,4,24,8,20,5,17,6,19],[4,20,24,16,8,12,17,5,19,7,18],[8,20,24,12,16,4,17,5,19,6],[8,16,20,4,24,12,5,17,18],[20,16,24,4,12,8,5,17,7,19,6,18],[16,12,24,8,4,20,17,5,19,6],[20,24,4,12,16,8,17,5,6,18,19,7],[24,16,20,4,8,12,17,5,7,18],[20,16,24,12,4,8,5,17,18],[20,4,16,24,12,8,5,17,7,18],[12,4,20,24,8,16,5,17,7,18],[24,20,12,16,4,8,17,5,18],[16,20,24,12,8,4,17,5,7,18],[12,4,24,8,20,16,17,5,7,19,18],[16,12,8,20,4,24,5,17,7,19,6,18],[8,16,4,24,20,12,5,17,19,7,6,18],[24,8,12,20,16,4,5,17,18],[20,8,16,4,12,24,5,17,7,18],[12,16,8,24,20,4,17,5,6,19],[12,24,4,8,20,16,17,5,7,19,18],[20,4,12,16,24,8,17,5,6,18,7],[24,4,20,8,16,12,5,17,18],[8,16,24,20,12,4,17,5,6,19],[24,20,4,12,16,8,17,5,7,18],[20,16,8,24,12,4,5,17,19,6],[24,16,4,20,8,12,17,5,19,6],[16,24,4,20,8,12,5,17,7,19,18],[16,4,8,24,12,20,17,5,19,6],[12,24,8,20,4,16,17,5,19,6],[16,20,8,4,24,12,5,17,18],[20,12,4,8,16,24,17,5,18],[12,24,16,20,4,8,5,17,18],[20,8,24,16,4,12,17,5,18],[12,20,24,16,4,8,17,5,19,6],[16,12,24,4,20,8,5,17,7,19,6,18],[20,16,12,4,24,8,17,5,18],[8,16,4,12,24,20,5,17,19,6],[24,8,20,16,4,12,17,5,7,19,6,18],[12,4,16,24,8,20,5,17,7,19,6,18],[20,24,4,12,16,8,17,5,18],[12,8,4,16,20,24,5,17,6,18,19,7],[16,20,4,12,24,8,5,17,19,6],[12,8,24,20,16,4,17,5,7,18],[16,20,24,12,4,8,5,17,7,19,6,18],[16,8,12,4,24,20,17,5,18],[16,20,8,12,4,24,5,17,18],[24,16,12,20,8,4,17,5,19,6],[20,8,24,12,16,4,17,5,6,19],[16,24,20,8,4,12,17,5,6,18,7],[24,12,4,20,8,16,5,17,19,6],[12,20,24,8,4,16,17,5,7,18],[16,24,12,20,4,8,5,17,6,19],[4,24,16,8,12,20,5,17,18],[4,20,12,16,24,8,5,17,19,6],[16,24,20,8,12,4,17,5,19,7,18],[24,16,12,20,8,4,5,17,19,6],[8,16,20,12,4,24,17,5,19,7,6,18],[4,24,8,12,16,20,17,5,7,18],[24,8,12,16,4,20,17,5,6,19],[4,8,24,20,16,12,17,5,7,18],[16,4,8,24,20,12,17,5,6,19],[4,16,20,24,8,12,5,17,6,19],[12,24,8,16,4,20,5,17,18],[20,12,16,4,24,8,5,17,18],[4,20,8,12,16,24,5,17,19,7,18],[20,12,4,8,16,24,5,17,6,19],[24,12,4,8,16,20,17,5,6,19],[16,24,20,8,12,4,5,17,7,19,18],[8,24,4,12,16,20,17,5,6,19],[12,8,4,24,16,20,5,17,7,19,18],[16,8,4,24,12,20,17,5,18],[8,16,24,20,12,4,17,5,6,19],[16,24,20,4,8,12,5,17,7,18],[24,8,12,20,16,4,17,5,6,19],[12,24,8,20,4,16,17,5,19,6],[24,4,12,8,16,20,5,17,18],[12,8,20,24,16,4,5,17,18],[12,4,8,20,16,24,5,17,18],[16,12,8,24,20,4,17,5,6,18,7],[16,12,20,4,8,24,5,17,19,7,6,18],[8,20,4,24,16,12,5,17,6,18,19,7],[24,20,12,16,8,4,5,17,7,19,18],[4,16,8,12,20,24,5,17,18],[16,12,4,24,8,20,5,17,6,19],[8,12,24,20,16,4,5,17,19,7,6,18],[20,12,4,8,16,24,17,5,18],[16,24,12,4,20,8,5,17,19,6],[20,4,24,8,16,12,17,5,18],[24,16,12,8,4,20,5,17,6,19],[16,4,8,12,24,20,5,17,19,6],[12,20,24,4,8,16,5,17,7,19,6,18],[4,16,20,12,24,8,17,5,18],[20,24,12,16,8,4,5,17,7,18],[4,8,24,16,12,20,17,5,19,7,6,18],[4,24,16,12,8,20,5,17,19,7,6,18],[12,16,4,20,8,24,17,5,7,18],[4,8,16,12,20,24,5,17,7,19,6,18],[8,20,4,16,24,12,5,17,18],[24,8,4,20,16,12,5,17,7,19,6,18],[20,4,8,24,16,12,5,17,6,19],[12,24,4,16,8,20,17,5,18],[16,8,24,12,20,4,17,5,19,6],[24,8,4,16,12,20,5,17,7,18],[12,8,16,20,4,24,5,17,7,18],[20,4,8,12,16,24,5,17,19,7,6,18],[16,20,24,8,4,12,17,5,18],[16,24,4,8,20,12,5,17,6,18,19,7],[24,4,8,16,12,20,5,17,19,6],[20,12,4,24,8,16,17,5,19,7,6,18],[24,8,20,12,16,4,5,17,19,7,6,18],[4,16,20,12,8,24,17,5,19,7,18],[24,4,20,8,12,16,17,5,7,19,18],[24,4,8,12,20,16,5,17,18],[24,4,8,16,12,20,17,5,18],[12,4,16,8,24,20,17,5,19,7,6,18],[24,12,4,8,16,20,5,17,19,7,18],[4,8,24,16,12,20,17,5,19,6],[24,8,12,4,16,20,17,5,6,19],[24,4,12,20,16,8,17,5,6,18,19,7],[8,16,24,20,12,4,5,17,19,7,6,18],[16,24,20,8,4,12,17,5,7,18],[20,4,12,8,24,16,5,17,19,6],[20,24,8,4,12,16,17,5,18],[4,24,20,16,12,8,17,5,6,18,7],[24,4,12,8,20,16,17,5,18],[8,16,4,12,20,24,5,17,19,7,6,18],[20,8,16,12,4,24,5,17,7,19,6,18],[16,24,4,20,12,8,17,5,7,18],[8,4,16,20,24,12,17,5,19,7,6,18],[20,16,12,8,4,24,5,17,18],[20,24,16,4,12,8,17,5,19,7,18],[24,20,4,12,16,8,17,5,6,18,19,7],[4,8,16,24,12,20,17,5,6,18,7],[24,16,12,20,8,4,17,5,19,6],[4,20,16,8,24,12,17,5,7,18],[16,8,20,4,24,12,17,5,7,18],[12,4,8,20,24,16,17,5,18],[16,12,4,20,24,8,5,17,6,19],[12,16,4,24,20,8,5,17,19,7,6,18],[24,4,20,12,8,16,5,17,19,7,18],[16,24,20,4,12,8,5,17,7,18],[24,20,4,12,16,8,17,5,19,7,6,18],[20,8,16,12,4,24,5,17,6,19],[4,16,24,8,20,12,17,5,7,18],[20,8,24,4,12,16,5,17,19,6],[24,8,16,4,12,20,5,17,18],[24,8,20,16,4,12,17,5,6,19],[8,4,12,20,16,24,17,5,7,18],[8,4,24,16,20,12,17,5,7,18],[24,8,16,12,20,4,17,5,6,19],[16,20,12,8,24,4,5,17,18],[8,12,4,24,20,16,5,17,19,6],[8,16,4,20,12,24,17,5,19,6],[8,24,16,12,20,4,5,17,19,6],[16,20,4,12,24,8,17,5,6,19],[24,12,16,4,20,8,5,17,7,19,6,18],[4,24,16,12,20,8,17,5,7,19,18],[4,12,16,20,8,24,17,5,18],[4,8,24,12,16,20,5,17,7,18],[16,4,24,8,12,20,17,5,6,19],[12,20,4,24,16,8,5,17,19,6],[24,20,8,12,16,4,5,17,19,7,6,18],[8,4,12,16,24,20,17,5,19,6],[12,4,16,20,24,8,17,5,19,7,18],[8,4,20,16,24,12,17,5,6,18,7],[16,4,8,12,24,20,17,5,18],[12,8,24,16,4,20,17,5,7,19,6,18],[20,24,4,8,12,16,17,5,19,6],[20,12,4,8,24,16,17,5,18],[4,16,8,20,24,12,17,5,19,7,6,18],[12,8,16,20,4,24,5,17,6,18,7],[16,12,20,8,4,24,17,5,19,6],[8,16,4,12,20,24,17,5,19,6],[4,16,20,12,8,24,5,17,19,6],[20,16,12,8,4,24,5,17,18],[4,8,12,24,20,16,5,17,6,19],[16,24,4,8,12,20,5,17,19,7,18],[4,12,16,8,24,20,5,17,6,19],[20,16,8,12,4,24,17,5,6,19],[4,16,20,24,12,8,17,5,7,18],[16,24,4,20,12,8,17,5,6,19],[16,8,24,12,4,20,17,5,6,18,7],[20,8,12,16,24,4,17,5,19,7,18],[12,16,8,4,24,20,5,17,7,19,18],[24,12,4,20,16,8,17,5,19,6],[4,20,16,12,24,8,17,5,7,18],[8,20,12,16,4,24,5,17,18],[24,12,20,8,16,4,5,17,19,6],[24,12,20,16,4,8,17,5,19,6],[16,8,4,12,24,20,17,5,6,18,19,7],[8,12,24,20,16,4,5,17,7,19,18],[12,24,20,16,4,8,5,17,18],[20,4,16,12,24,8,5,17,6,18,7],[8,24,16,12,20,4,5,17,18],[24,20,4,8,16,12,17,5,18],[24,12,16,8,4,20,17,5,19,6],[24,20,16,8,12,4,5,17,6,19],[24,8,12,16,20,4,17,5,7,19,6,18],[12,20,4,16,8,24,17,5,18],[24,12,8,20,16,4,17,5,7,18],[20,16,8,12,4,24,17,5,7,19,6,18],[20,24,4,16,8,12,17,5,18],[4,8,20,16,12,24,5,17,6,18,19,7],[12,20,4,16,8,24,5,17,18],[8,20,4,24,12,16,17,5,7,18],[24,16,12,4,8,20,17,5,18],[12,24,16,20,8,4,5,17,6,19],[4,8,24,16,12,20,5,17,18],[12,20,4,24,8,16,17,5,19,6],[8,24,20,16,12,4,5,17,7,19,18],[4,16,24,12,8,20,17,5,7,19,18],[4,12,16,20,24,8,17,5,6,18,7],[20,24,12,4,16,8,5,17,18],[8,24,12,16,4,20,17,5,18],[4,12,24,20,16,8,17,5,7,18],[4,12,8,24,16,20,5,17,6,19],[20,4,12,8,16,24,5,17,6,18,19,7],[12,4,24,20,16,8,17,5,19,7,6,18],[16,20,8,4,12,24,17,5,18],[12,4,16,24,20,8,5,17,18],[20,12,8,24,16,4,5,17,6,19],[4,8,12,16,20,24,5,17,18],[4,20,12,24,16,8,5,17,6,18,7],[24,8,20,4,12,16,17,5,18],[24,16,4,20,8,12,5,17,7,18],[8,12,24,4,20,16,17,5,6,18,7],[20,12,24,4,16,8,17,5,7,18],[20,12,8,24,4,16,17,5,19,7,18],[8,4,20,16,24,12,5,17,19,7,6,18],[16,12,20,8,4,24,5,17,19,6],[4,24,8,12,20,16,5,17,6,19],[8,12,4,24,16,20,5,17,6,18,19,7],[16,24,4,20,8,12,17,5,19,7,18],[12,16,24,4,8,20,5,17,19,6],[4,24,12,20,8,16,5,17,6,19],[8,12,24,20,16,4,5,17,7,19,6,18],[16,8,4,24,12,20,17,5,19,6],[20,12,8,4,16,24,5,17,7,18],[20,16,4,8,12,24,17,5,18],[8,24,16,12,20,4,5,17,6,19],[8,24,12,20,16,4,17,5,19,7,18],[12,16,20,24,4,8,5,17,19,6],[20,16,24,12,4,8,17,5,19,6],[4,24,12,8,16,20,5,17,7,18],[12,24,20,8,16,4,17,5,18],[24,16,8,20,4,12,17,5,18],[12,20,24,8,16,4,5,17,18],[24,4,8,12,20,16,5,17,6,18,7],[20,4,12,24,16,8,5,17,19,7,6,18],[4,20,16,12,8,24,5,17,18],[16,4,24,20,8,12,17,5,19,6],[16,24,20,4,8,12,5,17,7,18],[12,4,20,24,8,16,17,5,6,18,7],[4,12,8,20,16,24,5,17,7,19,6,18],[20,16,12,4,8,24,17,5,18],[12,20,16,4,8,24,5,17,6,18,19,7],[12,24,4,20,16,8,17,5,18],[24,12,4,20,16,8,5,17,18],[24,16,12,8,20,4,17,5,19,6],[20,8,4,24,12,16,17,5,7,19,18],[8,24,4,12,20,16,5,17,6,19],[16,12,8,20,4,24,5,17,18],[20,4,24,16,8,12,17,5,19,7,6,18],[16,8,24,20,4,12,17,5,6,18,19,7],[20,12,24,16,8,4,17,5,18],[4,20,16,12,24,8,5,17,7,19,18],[12,20,8,24,4,16,5,17,18],[8,24,20,4,12,16,5,17,6,19],[12,8,4,24,16,20,5,17,19,6],[4,24,16,12,20,8,17,5,18],[20,16,8,12,4,24,5,17,6,18,19,7],[24,8,16,20,12,4,5,17,19,6],[12,20,16,24,4,8,5,17,19,7,6,18],[20,16,4,12,8,24,17,5,7,19,6,18],[16,4,24,20,12,8,5,17,6,19],[16,8,4,24,12,20,5,17,19,6],[4,12,24,16,8,20,17,5,18],[12,8,20,24,16,4,17,5,18],[12,16,24,20,8,4,17,5,18],[24,16,20,8,12,4,17,5,18],[4,12,24,16,20,8,17,5,19,6],[8,20,4,16,24,12,17,5,18],[24,20,12,4,16,8,5,17,6,19],[8,20,24,12,16,4,5,17,18],[16,8,24,12,4,20,17,5,7,19,18],[8,4,12,16,24,20,5,17,6,18,19,7],[8,12,24,20,16,4,17,5,18],[12,20,16,4,8,24,17,5,6,18,19,7],[8,12,4,20,16,24,17,5,7,18],[4,12,8,16,24,20,5,17,19,6],[16,4,8,12,20,24,17,5,19,6],[8,24,20,4,12,16,5,17,6,19],[20,8,4,24,12,16,17,5,6,18,19,7],[16,24,12,8,20,4,5,17,7,18],[4,8,24,20,16,12,5,17,6,18,7],[4,24,16,20,12,8,5,17,7,19,6,18],[16,4,8,20,12,24,17,5,19,7,18],[12,16,4,8,20,24,17,5,7,19,6,18],[12,24,4,20,16,8,5,17,18],[24,4,20,16,12,8,17,5,6,19],[12,20,24,4,8,16,17,5,6,18,7],[8,24,20,16,12,4,5,17,19,7,18],[4,24,16,12,20,8,17,5,6,19],[24,12,20,16,4,8,17,5,6,18,7],[16,20,4,24,12,8,5,17,18],[16,24,8,12,20,4,17,5,19,7,18],[24,12,8,16,4,20,5,17,18],[16,4,24,20,8,12,5,17,18],[8,4,16,20,24,12,5,17,7,19,18],[20,16,4,12,24,8,17,5,7,19,18],[8,24,20,4,16,12,5,17,18],[20,16,24,4,12,8,5,17,7,19,6,18],[12,24,20,4,8,16,5,17,19,6],[24,4,12,20,8,16,17,5,6,18,7],[16,12,8,20,24,4,5,17,19,7,18],[8,24,12,16,4,20,5,17,19,6],[16,12,24,4,8,20,17,5,19,7,18],[16,8,4,12,24,20,5,17,19,7,18],[8,4,20,12,16,24,5,17,6,18,7],[12,4,8,20,16,24,17,5,6,19],[20,24,16,12,4,8,5,17,6,18,7],[8,12,16,20,4,24,5,17,18],[12,4,8,24,16,20,5,17,6,18,7],[16,24,8,12,4,20,5,17,6,18,7],[4,24,20,16,8,12,17,5,18],[24,12,20,16,8,4,5,17,7,18],[16,8,20,24,4,12,5,17,7,18],[4,12,20,16,8,24,5,17,7,18],[16,8,20,4,24,12,5,17,7,18],[20,24,8,12,4,16,5,17,6,19],[24,4,12,8,16,20,17,5,7,18],[4,20,8,16,12,24,17,5,7,18],[16,20,12,8,4,24,5,17,19,6],[16,20,8,4,24,12,5,17,19,6],[16,8,12,20,24,4,17,5,7,19,6,18],[20,16,24,12,4,8,17,5,7,18],[20,16,12,4,24,8,17,5,18],[16,20,24,8,4,12,17,5,19,7,18],[12,4,16,8,24,20,17,5,7,18],[16,20,12,8,24,4,5,17,7,18],[12,16,8,4,24,20,17,5,19,7,18],[24,4,12,16,8,20,17,5,6,18,19,7],[20,4,24,12,16,8,5,17,19,6],[16,24,4,12,20,8,5,17,19,7,18],[20,8,24,12,16,4,5,17,7,19,18],[24,12,20,16,4,8,17,5,19,6],[20,16,4,24,12,8,5,17,7,18],[24,4,8,16,12,20,17,5,19,6],[4,16,8,24,20,12,17,5,6,18,19,7],[8,24,16,4,20,12,17,5,18],[20,8,16,24,12,4,17,5,6,19],[12,20,16,4,8,24,17,5,7,19,18],[24,8,16,4,12,20,5,17,19,7,18],[24,12,20,8,16,4,5,17,6,19],[16,8,24,12,20,4,5,17,7,18],[12,16,4,20,8,24,17,5,19,6],[24,8,20,12,4,16,17,5,7,19,6,18],[12,24,8,20,16,4,5,17,18],[24,12,16,20,4,8,5,17,7,18],[8,24,16,20,12,4,17,5,18],[4,16,24,20,12,8,5,17,6,19],[24,12,4,20,8,16,5,17,18],[4,24,20,12,8,16,17,5,6,19],[12,16,8,24,20,4,17,5,18],[16,8,4,20,24,12,5,17,7,19,18],[8,16,20,12,24,4,5,17,19,6],[16,4,24,12,8,20,17,5,7,19,18],[20,8,4,24,16,12,17,5,18],[24,20,8,4,12,16,17,5,19,7,18],[24,20,8,16,12,4,17,5,6,19],[12,8,20,4,16,24,5,17,6,19],[16,20,24,8,4,12,5,17,18],[20,12,16,24,8,4,5,17,6,18,7],[8,24,16,20,12,4,17,5,6,19],[8,12,20,4,16,24,5,17,18],[12,16,20,8,4,24,17,5,19,6],[24,8,20,16,4,12,17,5,18],[24,8,20,4,12,16,17,5,19,6],[8,16,12,4,24,20,17,5,7,18],[24,12,4,8,16,20,17,5,7,19,18],[16,12,4,20,24,8,17,5,6,18,7],[12,4,16,20,24,8,5,17,7,19,18],[8,12,16,4,20,24,17,5,7,19,6,18],[4,8,16,12,20,24,5,17,7,19,6,18],[24,12,8,16,4,20,17,5,18],[16,12,8,4,24,20,5,17,18],[20,8,12,16,24,4,5,17,18],[4,16,8,20,24,12,17,5,7,18],[4,12,24,16,20,8,17,5,19,6],[24,4,20,8,16,12,5,17,7,18],[16,8,20,24,12,4,17,5,7,19,6,18],[12,24,16,8,4,20,17,5,18],[20,24,4,8,12,16,5,17,19,6],[12,24,16,4,8,20,17,5,7,18],[16,20,8,24,4,12,17,5,7,18],[8,4,16,12,24,20,17,5,18],[16,24,20,4,12,8,17,5,19,7,6,18],[4,16,24,20,8,12,5,17,19,6],[16,8,12,24,4,20,17,5,6,19],[8,24,12,16,4,20,5,17,6,18,19,7],[4,16,12,8,20,24,5,17,6,19],[4,8,16,12,20,24,5,17,19,7,18],[8,4,16,12,24,20,5,17,19,7,6,18],[12,20,24,16,8,4,5,17,19,7,18],[16,8,4,12,20,24,17,5,19,6],[24,4,8,20,12,16,17,5,19,7,18],[4,20,16,8,24,12,5,17,18],[16,12,8,20,4,24,17,5,6,19],[12,4,20,24,16,8,5,17,19,6],[8,4,12,16,24,20,17,5,7,19,18],[20,4,8,24,12,16,5,17,7,18],[12,4,24,20,8,16,17,5,18],[12,24,16,20,8,4,5,17,18],[20,4,24,12,16,8,5,17,18],[8,24,20,12,16,4,17,5,18],[8,16,24,4,12,20,5,17,6,19],[12,20,24,8,16,4,5,17,19,6],[12,24,8,4,16,20,5,17,18],[12,24,16,4,8,20,5,17,7,18],[12,4,20,8,16,24,5,17,7,19,18],[4,16,20,8,24,12,17,5,7,19,18],[20,16,24,12,8,4,17,5,19,7,18],[20,8,16,24,12,4,17,5,6,18,7],[8,16,4,12,20,24,17,5,7,19,18],[12,24,20,4,8,16,17,5,7,18],[4,20,12,24,16,8,5,17,18],[8,4,16,20,12,24,17,5,6,19],[8,20,12,24,4,16,17,5,18],[24,20,8,12,16,4,17,5,7,19,18],[20,16,4,8,12,24,5,17,7,19,6,18],[8,4,24,12,16,20,5,17,19,6],[24,4,16,12,8,20,5,17,19,7,6,18],[24,20,4,16,8,12,17,5,7,19,18],[4,8,12,16,20,24,5,17,6,18,7],[4,20,12,24,8,16,17,5,19,7,6,18],[16,24,20,8,12,4,17,5,19,7,6,18],[8,16,4,12,24,20,5,17,18],[4,8,24,16,20,12,17,5,18],[20,4,12,24,8,16,5,17,18],[4,16,24,20,8,12,17,5,19,6],[4,8,12,16,24,20,5,17,6,19],[4,24,8,16,20,12,5,17,7,18],[12,16,20,24,8,4,5,17,7,19,18],[20,12,8,24,16,4,5,17,18],[24,4,8,20,12,16,17,5,19,6],[12,20,24,4,8,16,5,17,7,19,18],[12,8,24,4,16,20,5,17,6,19],[24,12,8,16,20,4,5,17,6,19],[4,24,12,20,16,8,5,17,19,7,6,18],[20,24,16,4,12,8,5,17,7,19,6,18],[16,20,12,4,24,8,17,5,6,19],[8,4,12,16,24,20,5,17,7,18],[4,8,12,24,20,16,17,5,19,6],[20,16,8,12,24,4,5,17,19,6],[12,16,8,20,24,4,5,17,6,19],[16,4,12,20,24,8,17,5,19,7,6,18],[8,20,4,12,24,16,17,5,19,7,18],[4,16,24,20,8,12,17,5,7,18],[20,24,16,12,8,4,17,5,19,6],[4,12,24,20,8,16,17,5,18],[24,4,16,20,12,8,5,17,6,19],[8,24,4,12,16,20,17,5,19,7,18],[20,8,24,16,12,4,17,5,18],[24,12,4,16,20,8,17,5,19,7,6,18],[4,12,20,8,24,16,17,5,7,19,6,18],[12,8,24,16,4,20,5,17,18],[20,8,16,4,24,12,5,17,19,7,18],[12,24,4,20,8,16,5,17,19,7,6,18],[16,4,20,24,12,8,17,5,18],[24,16,20,8,4,12,5,17,6,18,19,7],[16,4,20,24,12,8,17,5,18],[8,24,4,12,20,16,5,17,18],[4,16,8,24,12,20,5,17,6,18,7],[12,8,20,24,16,4,5,17,18],[20,12,16,4,8,24,17,5,7,18],[24,4,20,8,12,16,5,17,18],[16,20,12,4,8,24,5,17,6,18,7],[24,8,20,16,4,12,17,5,18],[4,12,24,16,20,8,17,5,19,7,6,18],[20,4,24,12,8,16,5,17,19,6],[4,8,12,16,20,24,17,5,19,7,6,18],[8,16,24,20,12,4,17,5,19,7,18],[4,24,20,16,12,8,5,17,6,19],[4,20,24,16,12,8,17,5,6,18,7],[12,24,8,4,16,20,17,5,18],[8,24,4,12,20,16,5,17,6,19],[24,4,12,16,8,20,5,17,6,19],[12,24,20,16,4,8,5,17,7,18],[4,20,12,24,16,8,5,17,7,18],[4,16,8,20,12,24,17,5,6,18,7],[24,12,20,8,16,4,17,5,7,18],[16,4,12,8,24,20,5,17,7,19,6,18],[16,20,8,12,24,4,17,5,18],[24,4,16,8,12,20,17,5,7,18],[4,16,20,12,24,8,5,17,7,18],[20,16,12,8,4,24,17,5,6,18,19,7],[8,12,20,4,16,24,17,5,19,6],[20,24,8,4,16,12,5,17,7,18],[12,8,16,20,4,24,17,5,6,18,7],[12,4,8,24,16,20,5,17,7,19,18],[16,4,20,8,24,12,17,5,19,6],[20,8,12,16,4,24,17,5,18],[8,16,20,4,12,24,17,5,6,19],[4,24,16,20,8,12,5,17,19,7,18],[4,24,8,16,12,20,17,5,19,6],[16,20,4,8,24,12,17,5,7,18],[4,8,12,20,24,16,17,5,19,6],[24,4,20,12,8,16,5,17,19,7,6,18],[12,8,4,20,24,16,17,5,18],[20,24,4,16,8,12,17,5,7,19,18],[16,8,4,20,24,12,17,5,6,18,7],[16,8,4,12,24,20,5,17,6,19],[16,8,4,20,12,24,5,17,6,18,19,7],[24,12,8,16,4,20,5,17,7,19,6,18],[4,16,20,8,24,12,5,17,6,18,19,7],[8,4,16,24,12,20,5,17,6,18,7],[4,20,8,12,24,16,5,17,6,19],[24,8,4,12,20,16,17,5,19,7,6,18],[16,8,4,12,24,20,5,17,7,19,6,18],[16,20,24,8,12,4,5,17,7,18],[8,16,24,12,4,20,5,17,19,6],[4,24,12,16,8,20,5,17,7,19,18],[4,12,20,24,8,16,5,17,6,18,19,7],[24,20,16,8,12,4,5,17,7,18],[4,12,8,16,20,24,5,17,6,19],[24,16,20,8,4,12,17,5,6,18,19,7],[12,4,24,8,20,16,17,5,7,19,18],[16,8,20,12,4,24,5,17,7,18],[8,4,24,16,12,20,5,17,18],[20,4,24,12,8,16,17,5,6,18,19,7],[20,16,8,12,24,4,17,5,18],[4,24,16,20,12,8,5,17,18],[24,16,8,20,12,4,5,17,19,7,6,18],[16,24,20,8,4,12,17,5,18],[12,16,4,8,24,20,17,5,7,19,6,18],[24,12,8,16,20,4,5,17,19,7,18],[8,12,16,24,4,20,17,5,18],[16,24,4,20,8,12,5,17,18],[16,12,8,20,24,4,17,5,18],[12,20,8,16,4,24,17,5,6,19],[24,8,20,12,4,16,17,5,7,19,18],[12,20,16,4,8,24,17,5,7,18],[4,24,8,16,20,12,5,17,19,6],[24,12,20,16,8,4,17,5,19,6],[4,24,8,16,12,20,17,5,19,6],[16,4,12,8,24,20,17,5,7,19,6,18],[8,4,20,24,16,12,17,5,19,6],[20,4,12,24,8,16,17,5,7,18],[16,4,20,24,12,8,17,5,6,19],[24,16,8,4,12,20,17,5,19,6],[16,12,20,8,4,24,17,5,19,7,18],[20,24,4,12,8,16,5,17,18],[4,12,20,16,24,8,17,5,7,19,18],[4,24,16,20,8,12,5,17,7,19,18],[20,12,24,8,16,4,5,17,6,18,7],[4,24,12,16,8,20,17,5,19,6],[12,20,4,16,8,24,17,5,7,19,18],[12,24,20,8,16,4,17,5,18],[20,8,12,24,4,16,17,5,6,18,19,7],[12,20,16,24,8,4,17,5,6,18,19,7],[16,12,8,4,24,20,17,5,18],[4,20,12,8,16,24,17,5,7,19,6,18],[12,20,24,16,4,8,5,17,19,6],[20,24,12,8,4,16,5,17,18],[24,12,20,8,4,16,17,5,18],[4,8,16,20,12,24,17,5,19,6],[8,24,16,4,20,12,5,17,7,18],[16,8,20,12,24,4,5,17,6,18,19,7],[8,16,20,24,4,12,5,17,6,18,19,7],[4,16,24,8,20,12,5,17,18],[20,24,16,4,8,12,17,5,7,19,6,18],[4,16,8,20,12,24,17,5,19,7,18],[24,20,8,12,16,4,5,17,7,18],[16,24,4,12,20,8,5,17,18],[12,8,16,24,4,20,17,5,7,19,18],[4,12,20,16,8,24,17,5,19,7,6,18],[16,8,20,4,12,24,17,5,6,18,7],[4,8,16,20,12,24,17,5,7,19,18],[8,16,12,20,24,4,5,17,18],[20,16,4,8,12,24,5,17,7,19,18],[4,24,8,20,16,12,5,17,7,19,6,18],[12,8,24,16,20,4,5,17,6,18,19,7],[24,4,16,20,12,8,17,5,19,7,18],[24,12,16,8,20,4,5,17,6,18,7],[12,20,24,8,4,16,5,17,19,6],[12,16,8,24,20,4,17,5,19,6],[4,16,8,24,12,20,17,5,6,18,19,7],[16,8,4,12,20,24,5,17,6,19],[8,16,12,24,20,4,5,17,18],[20,16,8,4,12,24,5,17,19,6],[24,8,20,12,16,4,5,17,18],[20,12,24,4,16,8,5,17,6,19],[16,24,20,12,8,4,5,17,18],[8,4,16,12,20,24,5,17,19,6],[8,4,12,24,16,20,5,17,19,7,18],[24,16,8,20,12,4,17,5,7,19,6,18],[8,24,16,20,12,4,17,5,18],[24,12,20,8,16,4,5,17,19,6],[24,4,12,8,16,20,5,17,6,19],[4,24,12,8,16,20,5,17,18],[24,4,20,12,8,16,17,5,18],[16,20,4,12,24,8,5,17,19,7,18],[20,8,12,4,24,16,17,5,18],[8,24,16,4,12,20,5,17,6,19],[24,4,8,20,16,12,5,17,6,18,19,7],[24,16,8,12,4,20,5,17,18],[4,24,12,8,16,20,5,17,18],[4,12,24,16,20,8,5,17,18],[8,12,24,16,4,20,5,17,19,6],[4,8,12,20,16,24,5,17,18],[8,20,4,16,12,24,5,17,7,18],[24,12,4,20,8,16,17,5,18],[20,4,12,24,16,8,17,5,7,18],[4,20,24,16,12,8,17,5,6,19],[16,12,20,4,8,24,5,17,7,18],[24,8,12,4,16,20,5,17,19,7,18],[24,12,16,8,4,20,17,5,6,19],[20,4,8,24,12,16,5,17,7,19,6,18],[12,24,16,8,4,20,5,17,6,19],[12,20,16,8,4,24,17,5,6,19],[8,12,16,4,20,24,17,5,19,7,6,18],[20,16,4,24,12,8,5,17,7,18],[20,4,16,8,12,24,5,17,19,7,6,18],[20,24,8,4,16,12,5,17,7,19,6,18],[12,16,24,8,20,4,5,17,6,18,19,7],[12,24,4,16,20,8,5,17,7,18],[20,4,8,24,16,12,5,17,19,6],[8,4,16,12,24,20,5,17,6,19],[8,4,16,24,20,12,5,17,7,18],[4,16,8,20,12,24,17,5,19,6],[16,20,4,24,12,8,17,5,7,19,6,18],[12,24,16,20,4,8,17,5,7,18],[24,4,16,20,12,8,17,5,7,18],[12,4,20,24,8,16,17,5,6,19],[16,20,8,12,24,4,5,17,6,18,7],[12,4,24,16,8,20,17,5,19,7,6,18],[24,12,20,4,8,16,17,5,18],[24,8,4,12,16,20,17,5,18],[16,24,12,20,4,8,17,5,19,7,6,18],[24,4,8,16,12,20,5,17,6,19],[20,4,24,16,12,8,17,5,19,7,6,18],[4,24,12,16,20,8,5,17,19,6],[12,24,20,16,8,4,5,17,18],[20,12,24,8,16,4,5,17,19,6],[12,8,20,24,16,4,17,5,19,7,18],[12,8,4,16,24,20,5,17,7,19,6,18],[4,16,24,8,12,20,17,5,6,19],[4,16,12,8,24,20,17,5,7,18],[12,24,20,16,8,4,5,17,7,19,6,18],[4,16,12,8,24,20,17,5,7,18],[24,20,8,16,4,12,5,17,6,19],[4,20,16,12,24,8,5,17,19,7,6,18],[8,24,12,16,4,20,5,17,7,18],[20,4,12,8,16,24,5,17,19,7,18],[4,16,12,24,20,8,17,5,6,18,19,7],[12,16,4,8,20,24,17,5,6,18,7],[20,12,8,16,4,24,5,17,7,18],[20,4,16,12,24,8,17,5,6,18,7],[20,16,12,8,24,4,17,5,18],[8,4,12,16,24,20,17,5,18],[16,4,20,12,24,8,5,17,6,19],[12,20,16,24,8,4,5,17,18],[24,12,20,16,4,8,17,5,7,19,18],[20,8,24,12,16,4,5,17,7,18],[24,8,16,12,20,4,17,5,18],[8,4,24,16,12,20,17,5,7,19,6,18],[24,8,4,12,20,16,5,17,19,7,18],[4,8,20,24,12,16,5,17,19,7,6,18],[8,4,12,16,20,24,17,5,6,19],[4,16,24,20,8,12,5,17,19,6],[16,8,4,12,20,24,5,17,7,19,6,18],[4,12,20,8,16,24,5,17,19,6],[12,20,8,4,24,16,5,17,18],[16,20,8,4,12,24,17,5,18],[16,8,12,20,24,4,17,5,7,18],[20,12,16,8,24,4,5,17,6,18,19,7],[24,20,8,12,4,16,5,17,6,18,7],[12,8,4,24,20,16,17,5,6,19],[4,24,16,20,12,8,17,5,19,7,6,18],[12,16,4,24,20,8,17,5,7,18],[8,12,16,4,24,20,5,17,6,18,7],[20,24,4,8,12,16,17,5,6,18,19,7],[16,8,4,12,20,24,17,5,19,7,18],[8,24,12,16,20,4,5,17,6,19],[24,12,4,20,8,16,17,5,6,19],[20,24,8,12,16,4,5,17,19,7,18],[8,24,12,20,4,16,17,5,7,18],[16,20,12,8,4,24,17,5,7,18],[24,16,8,4,12,20,17,5,19,6],[16,8,24,12,4,20,5,17,6,19],[16,12,24,8,20,4,5,17,19,6],[24,4,8,12,20,16,17,5,7,19,6,18],[8,12,20,24,16,4,5,17,18],[24,16,20,8,4,12,17,5,19,6],[8,20,24,12,4,16,17,5,6,18,7],[16,20,24,12,8,4,5,17,19,7,18],[24,8,20,16,12,4,17,5,19,6],[16,4,20,24,8,12,17,5,19,6],[4,20,24,8,12,16,17,5,7,18],[4,20,12,8,16,24,17,5,7,18],[8,20,12,24,4,16,17,5,19,6],[24,12,4,20,8,16,17,5,19,7,18],[12,20,4,16,8,24,5,17,18],[16,12,8,4,20,24,17,5,6,18,19,7],[8,24,16,20,4,12,5,17,19,7,6,18],[8,12,20,4,16,24,5,17,7,18]],"n_human":6}