{"problem_id":"x4QT805ZKs6sFHS","sigma":150,"alpha":0.316,"cost":0,"probabilities":"[0.21, 0.03, 0.62, 0.14]","payoff_matrix":"[[214, 114, 54, -207, -81, -60], [-115, -311, 131, 59, -68, -64], [-106, 118, 26, -242, 14, -214], [219, -23, -227, -44, 75, 125]]","uncovered":[[15,11,19,7,3,23,9,5],[7,11,19,3,23,15,9,5],[23,15,3,19,7,11,5],[3,19,23,11,7,15,9,5],[7,15,3,19,11,23,9,5],[19,15,3,7,11,23,9,5],[19,15,11,7,23,3,5],[19,7,15,3,11,23,5],[23,19,7,15,3,11,9,5],[3,15,19,7,11,23,5],[23,19,3,7,15,11,9,5],[19,7,11,23,3,15,9,5],[7,11,15,19,3,23,9,5],[7,11,23,3,19,15,9,5],[15,11,7,23,19,3,5],[11,15,19,3,7,23,9,5],[3,7,11,23,19,15,9,5],[11,7,3,15,23,19,9,5],[3,19,11,23,7,15,5],[7,11,19,15,3,23,5],[11,23,7,19,3,15,5],[3,11,19,15,23,7,9,5],[15,3,11,19,23,7,9,5],[11,15,19,7,23,3,9,5],[3,23,11,7,19,15,5],[19,7,11,23,15,3,9,5],[19,11,15,3,23,7,9,5],[7,15,3,11,23,19,5],[19,11,3,23,15,7,5],[3,23,15,7,11,19,5],[19,7,11,23,15,3,5],[15,19,3,11,23,7,9,5],[11,15,19,3,7,23,9,5],[19,7,3,15,23,11,9,5],[7,11,23,3,19,15,5],[11,3,7,15,23,19,9,5],[7,3,11,23,19,15,5],[15,23,11,19,7,3,5],[11,15,19,23,7,3,9,5],[15,7,19,3,23,11,5],[3,11,23,7,19,15,9,5],[19,15,3,11,7,23,5],[23,3,15,11,7,19,9,5],[11,23,15,7,3,19,9,5],[7,23,11,15,3,19,9,5],[15,11,23,19,3,7,9,5],[3,19,23,15,7,11,9,5],[11,3,19,7,15,23,9,5],[15,19,7,11,23,3,9,5],[23,3,11,19,7,15,5],[7,3,11,23,15,19,9,5],[19,7,15,11,23,3,9,5],[15,3,7,19,23,11,9,5],[23,11,15,3,7,19,9,5],[7,23,15,19,11,3,9,5],[7,11,19,23,3,15,5],[19,23,15,3,7,11,5],[19,15,23,7,3,11,9,5],[11,7,15,23,3,19,9,5],[11,3,7,23,15,19,9,5],[7,11,23,19,15,3,5],[15,11,7,3,19,23,5],[7,15,11,19,3,23,9,5],[23,19,3,15,11,7,9,5],[19,23,3,11,7,15,9,5],[11,3,15,19,23,7,5],[11,7,19,23,3,15,9,5],[19,11,23,15,3,7,5],[11,23,7,15,19,3,9,5],[23,19,15,7,3,11,5],[15,23,19,7,11,3,5],[15,7,11,23,19,3,5],[23,7,19,15,11,3,5],[3,19,11,23,15,7,9,5],[3,11,15,23,7,19,9,5],[7,11,3,19,23,15,9,5],[3,15,7,11,19,23,5],[3,7,23,19,15,11,9,5],[23,3,15,7,11,19,5],[11,15,23,19,3,7,5],[15,19,7,23,3,11,5],[3,23,15,7,11,19,5],[19,23,3,15,7,11,9,5],[15,23,7,3,19,11,5],[7,11,3,15,23,19,9,5],[15,3,7,19,11,23,9,5],[15,7,23,11,3,19,5],[3,15,11,23,7,19,5],[23,15,7,19,3,11,5],[23,7,3,15,19,11,9,5],[3,15,19,11,23,7,5],[3,23,11,15,19,7,5],[23,11,15,7,19,3,5],[7,11,3,23,19,15,9,5],[15,3,19,11,23,7,5],[11,3,7,15,19,23,9,5],[15,3,7,11,23,19,9,5],[3,7,23,15,11,19,5],[11,3,15,19,23,7,5],[23,11,3,19,7,15,9,5],[19,3,11,15,23,7,5],[3,19,7,23,15,11,5],[15,19,3,11,7,23,9,5],[11,3,19,23,7,15,5],[11,15,19,3,23,7,9,5],[11,19,7,15,3,23,5],[15,11,7,3,19,23,9,5],[11,7,23,19,15,3,5],[23,11,3,19,7,15,5],[23,19,11,7,15,3,9,5],[19,7,15,11,23,3,5],[23,7,15,19,3,11,5],[11,19,23,3,7,15,5],[3,7,15,11,19,23,5],[23,3,15,7,11,19,5],[11,19,3,23,7,15,9,5],[3,7,15,11,19,23,5],[15,19,23,11,7,3,5],[3,7,23,15,19,11,9,5],[3,19,11,15,7,23,9,5],[23,11,19,15,3,7,5],[11,19,15,3,23,7,5],[7,19,23,11,3,15,5],[19,15,11,23,7,3,5],[15,23,3,19,11,7,9,5],[11,15,23,19,3,7,9,5],[3,23,7,19,15,11,9,5],[23,19,3,15,7,11,5],[7,3,15,23,19,11,9,5],[7,15,23,11,19,3,9,5],[19,15,11,23,3,7,5],[19,15,23,11,3,7,9,5],[11,15,3,19,7,23,5],[11,23,3,19,15,7,9,5],[11,23,19,7,3,15,9,5],[23,11,3,19,15,7,5],[11,15,19,23,7,3,5],[23,3,15,7,19,11,9,5],[19,11,23,7,3,15,5],[7,19,23,3,11,15,9,5],[11,3,7,19,23,15,5],[19,7,11,3,15,23,9,5],[15,7,3,11,19,23,9,5],[7,23,15,3,19,11,9,5],[19,15,23,3,7,11,5],[15,7,11,19,3,23,9,5],[23,15,19,11,7,3,9,5],[7,15,3,19,11,23,9,5],[19,15,7,11,23,3,9,5],[19,3,7,15,23,11,5],[3,11,19,7,23,15,5],[7,15,19,11,3,23,9,5],[7,3,11,23,15,19,5],[19,3,15,11,23,7,9,5],[15,3,11,23,19,7,9,5],[15,23,3,19,7,11,9,5],[3,7,11,19,23,15,9,5],[3,19,7,15,11,23,9,5],[7,11,3,15,23,19,5],[19,23,11,3,7,15,9,5],[7,15,19,3,11,23,5],[7,11,3,19,23,15,5],[11,3,15,19,7,23,9,5],[7,23,3,15,19,11,9,5],[19,7,15,11,23,3,5],[19,15,3,23,7,11,5],[11,3,23,7,19,15,9,5],[7,15,11,19,23,3,5],[15,23,19,11,7,3,9,5],[15,11,19,7,3,23,5],[7,15,11,3,19,23,9,5],[3,11,15,23,7,19,9,5],[23,11,19,15,7,3,9,5],[3,7,11,19,15,23,5],[15,3,23,7,11,19,5],[19,11,15,3,23,7,9,5],[11,3,23,15,7,19,9,5],[7,3,19,11,23,15,5],[19,7,23,15,11,3,5],[19,23,11,3,15,7,5],[7,3,19,23,11,15,5],[19,7,11,3,15,23,5],[15,23,19,7,11,3,5],[15,11,19,23,7,3,5],[11,7,19,15,23,3,9,5],[19,15,7,3,11,23,9,5],[23,3,7,11,19,15,9,5],[23,11,3,7,19,15,5],[11,3,15,7,19,23,5],[3,15,7,11,19,23,5],[7,15,3,11,19,23,5],[19,7,11,23,15,3,9,5],[11,15,19,23,3,7,9,5],[7,3,19,11,15,23,5],[15,7,23,19,3,11,5],[3,23,19,11,15,7,9,5],[7,3,23,11,15,19,5],[15,3,23,7,19,11,9,5],[11,23,7,3,19,15,5],[7,15,3,19,23,11,5],[15,23,7,19,11,3,5],[15,3,7,23,19,11,9,5],[19,3,11,15,7,23,9,5],[19,23,7,15,11,3,5],[19,23,15,11,7,3,9,5],[3,15,19,7,11,23,5],[11,7,15,3,23,19,5],[23,19,3,7,11,15,9,5],[19,11,3,7,23,15,5],[7,11,3,15,19,23,5],[11,23,15,7,19,3,9,5],[19,11,23,7,15,3,9,5],[3,19,11,15,23,7,5],[15,7,23,3,11,19,5],[11,15,23,3,19,7,5],[23,15,19,11,3,7,9,5],[19,7,3,15,23,11,5],[19,15,7,23,3,11,5],[11,19,23,3,15,7,9,5],[23,19,3,7,11,15,5],[19,11,7,23,3,15,9,5],[3,11,23,15,19,7,5],[11,23,3,7,19,15,9,5],[23,7,19,15,3,11,5],[23,7,19,11,15,3,9,5],[11,15,3,23,7,19,9,5],[15,11,7,23,19,3,5],[7,3,11,19,15,23,5],[23,19,11,3,7,15,5],[23,7,3,11,15,19,5],[19,11,23,3,15,7,5],[7,11,3,15,19,23,5],[23,7,19,15,11,3,9,5],[11,23,15,19,3,7,5],[11,19,23,7,15,3,5],[7,15,19,23,11,3,9,5],[7,19,15,3,23,11,5],[15,19,11,3,7,23,5],[15,11,19,7,3,23,9,5],[7,11,15,23,3,19,5],[19,7,3,15,23,11,9,5],[7,11,19,23,15,3,9,5],[19,15,23,11,7,3,5],[19,7,15,11,3,23,5],[7,19,11,3,23,15,5],[7,23,19,11,3,15,9,5],[7,15,19,3,11,23,9,5],[11,7,23,15,3,19,5],[3,19,23,15,7,11,5],[23,15,11,7,3,19,5],[11,23,3,7,19,15,9,5],[3,19,23,11,15,7,9,5],[15,11,7,23,19,3,5],[7,11,23,19,15,3,5],[11,7,15,23,3,19,9,5],[19,3,23,11,7,15,9,5],[11,23,15,19,7,3,9,5],[15,23,3,7,19,11,9,5],[7,3,19,23,15,11,9,5],[19,15,23,7,3,11,9,5],[3,7,19,11,15,23,5],[7,15,3,23,19,11,5],[7,23,11,15,3,19,5],[7,19,15,11,3,23,9,5],[7,19,3,23,15,11,5],[3,11,15,19,23,7,9,5],[3,23,19,11,7,15,5],[23,3,19,11,7,15,5],[3,23,7,15,19,11,9,5],[7,3,23,19,15,11,9,5],[7,3,23,11,15,19,5],[3,11,19,23,15,7,5],[23,7,19,3,11,15,9,5],[7,23,11,15,3,19,5],[7,19,23,3,15,11,9,5],[3,7,23,15,19,11,9,5],[3,23,7,15,11,19,5],[23,15,3,7,11,19,5],[3,15,23,19,7,11,9,5],[23,7,15,3,11,19,5],[15,19,3,7,23,11,9,5],[15,19,3,7,11,23,5],[3,11,7,23,19,15,9,5],[11,15,19,3,7,23,5],[7,3,23,15,19,11,5],[15,3,23,11,7,19,5],[15,3,7,23,19,11,9,5],[11,15,23,3,7,19,5],[15,3,7,19,23,11,5],[3,7,19,15,11,23,9,5],[23,3,7,11,15,19,5],[19,15,23,3,11,7,9,5],[23,15,11,3,19,7,9,5],[19,15,7,11,3,23,9,5],[15,23,3,11,19,7,5],[3,19,7,15,11,23,5],[3,19,23,15,7,11,9,5],[19,23,3,15,11,7,5],[23,3,11,19,7,15,5],[11,7,3,19,23,15,9,5],[3,15,11,23,19,7,9,5],[19,3,7,15,23,11,9,5],[11,19,23,15,7,3,9,5],[19,7,3,11,23,15,9,5],[19,11,3,15,7,23,5],[15,19,23,11,7,3,5],[15,19,7,3,11,23,5],[23,3,11,19,7,15,5],[3,19,7,11,23,15,5],[11,3,7,19,15,23,9,5],[15,23,3,19,7,11,9,5],[3,11,7,23,19,15,5],[19,15,3,23,11,7,5],[11,23,3,15,19,7,9,5],[7,15,3,11,23,19,5],[3,19,23,15,7,11,5],[11,7,3,19,15,23,5],[3,7,19,23,11,15,9,5],[19,23,3,15,11,7,9,5],[3,15,11,7,23,19,5],[19,23,3,7,11,15,5],[7,11,23,3,15,19,9,5],[15,11,19,7,3,23,5],[23,11,7,15,3,19,5],[11,7,23,19,3,15,9,5],[23,3,15,7,19,11,9,5],[19,3,11,23,15,7,5],[19,15,3,7,11,23,5],[11,15,19,3,7,23,9,5],[23,19,11,7,3,15,9,5],[11,7,19,23,15,3,5],[3,15,11,7,19,23,5],[23,7,11,15,19,3,9,5],[3,11,19,23,15,7,5],[3,7,15,23,11,19,9,5],[3,23,11,15,7,19,5],[19,23,7,15,11,3,5],[23,7,11,3,15,19,9,5],[23,7,11,15,3,19,9,5],[19,11,7,3,15,23,9,5],[23,19,15,7,3,11,9,5],[7,3,23,15,11,19,5],[15,23,11,3,19,7,5],[7,15,19,11,3,23,5],[3,19,7,23,11,15,9,5],[3,11,15,7,23,19,5],[7,19,11,23,15,3,5],[15,11,23,7,19,3,9,5],[11,3,15,19,7,23,9,5],[19,7,15,11,3,23,5],[19,11,3,7,23,15,9,5],[23,19,7,15,3,11,9,5],[7,19,23,15,3,11,9,5],[23,11,7,15,3,19,9,5],[15,11,7,3,23,19,9,5],[19,11,3,23,15,7,9,5],[23,7,19,15,11,3,9,5],[19,3,11,23,7,15,9,5],[23,11,19,3,7,15,9,5],[15,23,3,11,19,7,5],[7,15,23,3,19,11,5],[11,15,23,7,3,19,5],[15,19,3,7,23,11,5],[19,15,3,11,7,23,9,5],[15,7,23,19,11,3,9,5],[19,11,23,15,3,7,9,5],[11,19,3,15,23,7,5],[3,15,11,19,7,23,5],[15,3,23,19,7,11,9,5],[15,11,7,3,19,23,5],[3,11,19,23,7,15,5],[11,15,7,23,3,19,5],[23,15,7,19,3,11,5],[7,23,15,19,11,3,5],[15,23,19,3,7,11,5],[23,3,19,11,7,15,9,5],[23,19,7,3,11,15,5],[15,3,19,23,7,11,5],[3,11,15,19,23,7,9,5],[23,7,15,11,19,3,9,5],[3,7,15,23,11,19,9,5],[23,3,7,11,19,15,5],[3,11,15,7,19,23,5],[7,19,15,3,23,11,9,5],[3,7,15,23,19,11,9,5],[7,11,23,3,19,15,9,5],[11,23,3,19,7,15,5],[3,7,11,15,19,23,5],[19,3,15,7,11,23,9,5],[11,15,19,3,7,23,9,5],[3,7,23,15,11,19,5],[11,23,15,7,19,3,5],[19,11,23,3,7,15,9,5],[11,7,15,23,3,19,9,5],[7,19,3,23,15,11,5],[19,7,23,15,3,11,9,5],[15,3,11,19,7,23,5],[23,7,19,15,11,3,9,5],[23,3,11,19,7,15,9,5],[11,3,23,15,19,7,9,5],[23,11,19,7,15,3,9,5],[19,3,7,11,15,23,9,5],[19,7,15,23,11,3,9,5],[7,15,3,19,23,11,9,5],[11,3,7,15,23,19,9,5],[3,7,23,11,19,15,9,5],[3,7,23,19,15,11,9,5],[15,3,11,7,19,23,9,5],[15,23,3,19,7,11,5],[19,23,15,11,3,7,5],[3,11,23,7,19,15,9,5],[19,23,7,3,15,11,9,5],[15,7,11,19,23,3,9,5],[19,23,11,3,15,7,9,5],[15,7,11,3,19,23,5],[7,11,23,3,15,19,5],[7,3,23,19,11,15,5],[19,23,3,15,7,11,9,5],[3,23,11,7,19,15,9,5],[19,7,15,23,3,11,5],[19,15,7,23,3,11,5],[19,15,3,11,7,23,9,5],[11,23,19,7,15,3,9,5],[3,23,19,7,15,11,9,5],[19,3,11,15,7,23,9,5],[11,3,7,23,15,19,5],[19,15,7,11,3,23,5],[15,23,19,7,11,3,5],[19,3,7,11,23,15,5],[7,15,3,23,19,11,5],[11,23,7,15,3,19,5],[7,11,23,3,19,15,9,5],[15,7,19,3,23,11,9,5],[23,3,15,11,19,7,5],[7,19,11,23,3,15,5],[23,11,7,3,19,15,5],[7,19,23,15,3,11,5],[7,3,15,11,23,19,5],[3,7,19,11,15,23,9,5],[23,7,3,11,15,19,9,5],[19,15,7,3,11,23,5],[11,23,7,19,15,3,5],[3,7,23,19,11,15,9,5],[7,3,11,23,19,15,5],[23,3,7,11,15,19,5],[7,3,23,15,11,19,9,5],[23,3,11,7,19,15,9,5],[15,11,7,19,23,3,9,5],[19,15,3,7,23,11,9,5],[3,15,7,19,23,11,9,5],[11,3,7,15,19,23,5],[19,7,15,23,3,11,9,5],[15,3,23,19,11,7,5],[15,23,3,7,19,11,9,5],[11,3,7,19,23,15,9,5],[3,15,7,19,23,11,5],[3,23,7,11,19,15,5],[15,3,23,11,7,19,9,5],[3,23,7,19,15,11,5],[19,7,3,23,15,11,9,5],[19,11,15,3,23,7,5],[3,15,23,7,11,19,9,5],[7,11,19,3,15,23,9,5],[19,11,15,7,23,3,5],[11,15,19,7,23,3,9,5],[15,23,7,11,19,3,5],[15,11,3,7,19,23,9,5],[3,19,7,15,11,23,5],[3,23,11,7,19,15,9,5],[23,7,15,19,11,3,9,5],[15,7,23,3,19,11,5],[3,19,23,15,7,11,5],[3,15,11,7,23,19,9,5],[23,11,3,7,19,15,9,5],[11,23,19,7,3,15,9,5],[19,3,15,23,11,7,9,5],[7,15,11,3,19,23,5],[11,3,19,23,7,15,5],[15,3,19,23,7,11,5],[7,19,15,11,23,3,5],[19,3,7,23,15,11,5],[19,7,3,23,11,15,9,5],[23,3,7,19,15,11,9,5],[15,23,11,19,7,3,5],[23,3,15,19,7,11,9,5],[3,7,19,15,23,11,5],[15,7,3,19,23,11,5],[7,11,23,3,19,15,5],[15,3,19,7,11,23,9,5],[7,19,3,15,11,23,9,5],[23,15,7,19,3,11,5],[11,7,19,3,23,15,9,5],[15,7,11,23,19,3,5],[7,3,11,23,19,15,9,5],[7,11,19,3,15,23,5],[7,23,11,15,19,3,5],[3,19,15,7,11,23,5],[15,11,19,7,3,23,9,5],[15,3,11,23,19,7,5],[15,3,7,11,23,19,5],[11,15,3,19,7,23,9,5],[19,3,23,11,15,7,5],[23,7,15,11,3,19,9,5],[23,3,19,11,7,15,5],[11,15,23,19,3,7,5],[23,7,3,19,15,11,9,5],[23,7,3,11,15,19,9,5],[3,15,23,7,19,11,9,5],[15,11,3,23,19,7,5],[11,7,3,23,15,19,5],[3,7,19,23,11,15,9,5],[11,23,7,15,3,19,9,5],[23,15,3,19,11,7,9,5],[23,3,7,11,19,15,9,5],[3,15,7,11,19,23,9,5],[11,7,15,19,23,3,9,5],[23,7,11,19,3,15,5],[3,19,15,7,11,23,9,5],[19,15,7,3,11,23,9,5],[15,3,23,11,7,19,5],[11,23,15,7,3,19,5],[11,19,7,23,15,3,5],[15,19,23,7,11,3,9,5],[3,7,19,23,15,11,5],[3,15,23,11,7,19,9,5],[11,3,19,7,23,15,9,5],[15,7,23,11,19,3,9,5],[7,3,23,19,11,15,5],[7,3,15,19,23,11,5],[15,11,23,19,3,7,5],[11,3,19,15,7,23,5],[15,11,23,7,3,19,5],[23,15,3,11,7,19,5],[3,15,19,7,11,23,9,5],[11,19,15,3,23,7,5],[3,23,11,15,7,19,5],[3,19,23,15,7,11,5],[19,23,7,3,11,15,5],[11,3,7,23,19,15,5],[19,11,7,23,15,3,9,5],[15,7,19,3,23,11,5],[11,19,7,23,15,3,5],[11,23,3,15,7,19,9,5],[15,7,3,11,23,19,5],[23,3,11,15,19,7,5],[11,15,7,23,19,3,5],[19,23,7,3,11,15,5],[23,19,7,11,3,15,5],[15,19,11,3,7,23,5],[15,3,19,11,7,23,9,5],[19,11,15,3,7,23,5],[7,23,11,3,15,19,9,5],[19,15,11,3,23,7,5],[7,23,11,19,15,3,9,5],[15,19,3,23,11,7,5],[7,19,15,3,23,11,9,5],[15,3,11,7,19,23,5],[15,11,23,7,19,3,9,5],[19,7,11,23,15,3,9,5],[23,3,15,19,11,7,9,5],[3,7,11,15,19,23,5],[23,7,15,3,19,11,9,5],[15,7,3,23,11,19,9,5],[7,11,3,23,15,19,5],[11,23,15,3,19,7,9,5],[11,7,23,19,3,15,5],[15,7,19,3,11,23,9,5],[11,3,7,19,23,15,5],[3,15,7,11,19,23,5],[7,11,19,3,23,15,9,5],[15,19,7,11,3,23,9,5],[23,7,3,19,11,15,5],[23,11,15,7,19,3,5],[3,23,11,19,15,7,5],[7,3,15,23,11,19,5],[19,7,23,3,15,11,5],[7,11,23,3,15,19,5],[3,7,23,11,15,19,5],[11,19,23,3,15,7,5],[15,7,11,23,19,3,5],[15,19,3,7,11,23,5],[11,7,15,3,19,23,5],[23,11,7,15,3,19,5],[15,23,19,7,11,3,9,5],[7,19,15,23,11,3,9,5],[19,23,11,7,15,3,5],[11,15,19,3,7,23,9,5],[19,11,15,3,7,23,5],[7,15,11,23,3,19,9,5],[15,3,23,19,7,11,9,5],[15,19,3,11,7,23,9,5],[23,15,11,7,19,3,5],[3,11,19,23,15,7,9,5],[15,19,23,3,7,11,5],[19,3,15,7,11,23,5],[15,23,7,11,19,3,9,5],[15,19,23,11,3,7,5],[3,7,23,11,15,19,5],[15,11,23,7,19,3,5],[7,19,15,11,23,3,9,5],[23,15,7,3,11,19,5],[23,15,11,19,3,7,9,5],[3,15,23,11,7,19,9,5],[15,23,19,3,11,7,9,5],[19,7,23,11,15,3,5],[15,11,3,19,7,23,9,5],[19,15,23,11,7,3,9,5],[15,23,3,7,19,11,5],[3,7,15,23,11,19,9,5],[7,3,19,23,15,11,9,5],[15,3,23,11,7,19,5],[3,19,7,15,11,23,5],[11,19,23,3,7,15,9,5],[7,15,11,23,19,3,5],[3,15,11,19,7,23,9,5],[19,11,23,7,3,15,9,5],[3,19,7,11,23,15,5],[15,19,3,23,11,7,9,5],[15,3,23,19,11,7,5],[23,15,19,7,11,3,5],[3,23,15,11,7,19,5],[15,19,23,3,7,11,9,5],[3,15,11,7,23,19,9,5],[19,3,7,11,23,15,9,5],[7,19,23,3,11,15,5],[23,19,11,3,15,7,5],[11,7,23,19,3,15,5],[23,7,11,19,15,3,5],[3,7,15,19,23,11,9,5],[7,15,19,3,23,11,9,5],[3,15,7,23,11,19,5],[19,7,23,11,3,15,9,5],[19,3,23,7,15,11,5],[7,15,11,23,19,3,9,5],[19,15,7,3,11,23,5],[19,3,15,7,11,23,9,5],[11,23,15,19,7,3,5],[11,15,3,23,19,7,9,5],[7,19,23,15,11,3,5],[11,19,7,3,23,15,5],[3,7,15,23,11,19,9,5],[3,7,15,23,11,19,5],[19,3,15,23,7,11,9,5],[15,19,3,11,7,23,5],[23,3,7,19,11,15,5],[23,3,19,7,15,11,5],[3,7,15,19,23,11,9,5],[11,3,19,15,23,7,5],[11,23,15,7,19,3,9,5],[19,23,3,15,7,11,9,5],[11,19,7,15,23,3,9,5],[7,3,19,15,23,11,5],[11,19,7,3,15,23,9,5],[11,15,3,7,23,19,9,5],[3,7,19,11,15,23,5],[7,15,23,11,19,3,9,5],[19,11,23,15,3,7,9,5],[23,3,15,19,11,7,5],[7,15,3,19,23,11,5],[23,7,19,11,3,15,5],[15,11,23,19,3,7,5],[3,23,7,11,15,19,9,5],[7,11,23,19,15,3,9,5],[11,3,23,7,19,15,9,5],[23,11,15,7,3,19,5],[23,11,15,7,3,19,9,5],[7,3,23,19,11,15,5],[19,15,3,7,11,23,5],[19,23,11,7,15,3,9,5],[15,3,11,23,19,7,5],[3,19,7,15,11,23,9,5],[7,23,19,3,15,11,9,5],[23,19,15,3,7,11,9,5],[15,3,19,11,7,23,5],[19,23,7,3,15,11,5],[11,15,7,19,3,23,5],[7,3,19,23,11,15,5],[7,19,15,11,23,3,5],[3,11,23,15,19,7,5],[23,15,7,11,19,3,9,5],[3,23,7,15,19,11,5],[11,3,23,19,15,7,5],[3,7,23,15,19,11,5],[11,15,7,23,3,19,9,5],[23,7,11,19,3,15,5],[15,3,11,19,7,23,5],[19,7,11,15,23,3,5],[23,19,7,15,11,3,5],[7,19,3,15,11,23,9,5],[23,3,7,15,11,19,9,5],[3,19,7,11,23,15,9,5],[11,3,15,7,19,23,9,5],[23,11,7,15,3,19,5],[11,15,3,23,7,19,5],[7,3,19,15,11,23,5],[23,19,3,11,7,15,9,5],[3,15,11,7,23,19,5],[3,19,7,23,15,11,5],[3,7,19,23,11,15,5],[19,7,15,11,3,23,5],[7,15,3,23,19,11,9,5],[11,19,23,7,15,3,9,5],[7,3,11,15,23,19,9,5],[11,7,19,23,15,3,5],[3,15,11,23,7,19,5],[3,7,23,15,11,19,5],[15,3,11,7,19,23,9,5],[3,19,23,11,15,7,5],[7,11,19,23,3,15,5],[23,3,19,15,11,7,9,5],[3,15,19,11,23,7,9,5],[3,15,11,7,19,23,9,5],[3,11,7,15,19,23,5],[19,11,3,23,15,7,5],[23,7,19,15,11,3,5],[11,23,19,15,3,7,5],[3,7,15,11,23,19,5],[15,11,3,19,7,23,5],[3,15,11,7,19,23,5],[7,19,15,23,11,3,9,5],[15,3,11,7,19,23,5],[7,3,23,11,19,15,9,5],[11,7,15,19,3,23,5],[15,3,23,7,19,11,9,5],[3,15,23,7,11,19,9,5],[19,23,3,7,11,15,9,5],[11,3,23,19,7,15,5],[7,19,15,11,3,23,5],[19,7,11,3,15,23,9,5],[7,11,15,3,19,23,9,5],[3,15,11,7,23,19,5],[7,3,15,23,11,19,9,5],[15,11,19,3,23,7,5],[19,3,23,15,11,7,9,5],[7,23,11,15,3,19,5],[15,3,19,11,7,23,5],[15,3,11,7,23,19,9,5],[3,7,11,15,19,23,9,5],[23,7,11,15,19,3,5],[19,23,11,7,15,3,5],[19,3,15,23,7,11,9,5],[7,3,11,15,23,19,9,5],[3,11,23,19,7,15,5],[7,11,19,3,15,23,9,5],[15,23,3,7,19,11,9,5],[19,23,3,11,7,15,5],[11,19,3,7,15,23,9,5],[7,11,3,15,23,19,9,5],[15,23,7,3,11,19,5],[15,19,23,7,3,11,5],[7,19,11,3,23,15,9,5],[11,7,15,19,3,23,9,5],[3,11,7,19,15,23,9,5],[7,3,15,19,23,11,9,5],[23,7,15,3,19,11,9,5],[3,19,7,23,11,15,9,5],[15,11,19,3,23,7,9,5],[19,23,11,3,15,7,9,5],[15,23,11,3,19,7,9,5],[23,19,7,15,11,3,5],[7,11,19,23,15,3,9,5],[15,11,3,7,23,19,5],[19,7,23,3,11,15,5],[15,7,3,19,23,11,9,5],[3,19,15,23,11,7,5],[19,3,23,15,7,11,9,5],[3,15,23,7,19,11,5],[11,7,19,15,3,23,5],[11,3,19,15,7,23,5],[3,11,7,15,23,19,9,5],[23,19,7,11,15,3,5],[7,3,19,23,11,15,9,5],[15,11,19,23,3,7,9,5],[19,23,11,3,15,7,9,5],[23,19,7,15,11,3,5],[7,23,3,11,19,15,9,5],[15,19,3,7,23,11,9,5],[19,23,7,3,15,11,9,5],[23,15,7,3,19,11,5],[15,11,7,3,19,23,9,5],[11,15,3,19,7,23,9,5],[19,11,7,3,23,15,9,5],[19,7,23,15,3,11,9,5],[19,11,7,15,3,23,5],[3,11,15,7,19,23,5],[19,7,23,11,15,3,9,5],[7,19,23,11,15,3,5],[15,23,19,11,7,3,5],[23,3,7,15,11,19,5],[19,15,7,23,11,3,5],[7,11,15,23,19,3,5],[15,23,7,19,11,3,5],[11,3,23,7,15,19,9,5],[23,7,11,19,15,3,9,5],[3,7,15,11,23,19,5],[7,19,23,15,11,3,5],[15,3,7,11,19,23,9,5],[11,7,3,23,19,15,9,5],[11,15,7,3,23,19,5],[3,19,11,15,23,7,9,5],[15,3,11,23,7,19,9,5],[7,19,11,23,15,3,5],[7,19,15,23,3,11,9,5],[11,19,23,15,3,7,9,5],[23,19,7,11,3,15,5],[3,11,15,19,7,23,9,5],[7,15,19,11,23,3,9,5],[15,19,3,11,23,7,9,5],[19,11,15,7,23,3,5],[15,7,3,11,23,19,9,5],[11,23,7,19,3,15,5],[11,7,19,15,3,23,9,5],[3,7,19,15,23,11,9,5],[11,3,23,7,15,19,5],[3,7,15,19,23,11,5],[23,19,15,3,7,11,5],[7,15,3,19,11,23,9,5],[7,3,11,23,15,19,5],[15,7,19,23,11,3,5],[7,19,23,15,11,3,5],[3,23,19,15,7,11,5],[3,23,15,19,11,7,5],[23,7,19,3,11,15,9,5],[15,11,7,3,23,19,5],[11,23,19,15,7,3,9,5],[7,19,23,11,3,15,9,5],[3,15,11,23,7,19,5],[11,19,3,23,15,7,5],[3,19,23,7,15,11,5],[19,15,3,7,23,11,9,5],[11,3,15,7,23,19,9,5],[23,19,11,7,15,3,5],[15,3,19,23,11,7,9,5],[3,7,11,19,15,23,9,5],[7,11,3,23,19,15,5],[3,15,23,11,7,19,9,5],[3,19,7,23,15,11,5],[3,19,15,23,7,11,9,5],[7,19,3,15,23,11,9,5],[3,23,15,11,7,19,9,5],[15,23,3,7,19,11,9,5],[11,7,19,23,3,15,5],[7,19,11,3,15,23,9,5],[15,19,11,7,23,3,5],[15,7,11,23,19,3,5],[7,23,11,19,3,15,9,5],[11,3,23,19,15,7,9,5],[11,23,19,3,15,7,5],[11,3,7,23,19,15,5],[3,19,15,11,23,7,5],[23,11,19,15,7,3,5],[11,7,19,3,15,23,5],[11,15,19,7,3,23,9,5],[3,15,19,11,7,23,9,5],[23,19,11,7,15,3,5],[15,3,23,7,19,11,9,5],[3,19,7,11,23,15,9,5],[3,7,11,15,23,19,9,5],[19,3,7,15,23,11,5],[23,7,15,3,19,11,5],[19,3,11,15,7,23,5],[15,19,7,11,23,3,9,5],[7,3,11,23,19,15,9,5],[3,15,7,19,23,11,9,5],[11,19,15,3,7,23,5],[23,15,11,3,19,7,5],[7,3,19,23,11,15,9,5],[19,3,15,23,7,11,9,5],[23,19,7,15,11,3,5],[15,11,3,19,7,23,5],[19,23,7,3,11,15,9,5],[23,3,15,11,19,7,9,5],[19,15,11,23,3,7,9,5],[3,7,15,19,11,23,9,5],[3,23,11,7,15,19,5],[3,19,7,11,23,15,9,5],[11,3,23,19,7,15,9,5],[11,3,23,19,7,15,9,5],[11,15,23,19,3,7,9,5],[3,7,15,11,23,19,5],[19,7,3,15,11,23,5],[15,19,7,23,3,11,5],[23,19,7,3,15,11,5],[7,3,15,11,23,19,5],[19,7,15,11,3,23,9,5],[11,3,19,23,15,7,5],[11,3,19,23,15,7,9,5],[7,23,11,19,15,3,9,5],[15,7,11,3,19,23,9,5],[11,15,23,3,19,7,9,5],[7,19,15,3,11,23,9,5],[3,19,15,11,23,7,5],[15,3,23,7,11,19,9,5],[3,23,11,15,19,7,5],[3,7,15,11,19,23,5],[23,19,3,11,7,15,5],[15,19,3,7,23,11,5],[23,19,3,15,11,7,5],[7,3,23,19,15,11,9,5],[11,15,23,7,3,19,9,5],[23,7,11,19,15,3,5],[23,3,19,7,15,11,5],[15,19,11,7,23,3,5],[3,15,7,19,11,23,9,5],[11,3,19,7,23,15,5],[15,11,3,7,23,19,9,5],[11,15,23,7,3,19,5],[23,11,7,3,19,15,5],[7,23,11,19,15,3,5],[19,11,23,15,3,7,5],[11,19,7,3,23,15,5],[11,3,7,19,15,23,9,5],[11,15,3,19,23,7,5],[19,3,11,7,15,23,5],[3,7,15,23,11,19,9,5],[3,23,15,11,19,7,5],[19,7,3,23,11,15,5],[15,11,19,23,3,7,9,5],[7,19,11,15,3,23,5],[3,23,19,15,11,7,9,5],[15,7,19,11,3,23,9,5],[15,7,23,19,11,3,5],[3,11,19,15,7,23,9,5],[15,7,11,23,3,19,5],[23,15,7,11,19,3,9,5],[15,3,11,19,7,23,5],[3,15,19,7,11,23,9,5],[3,19,15,11,23,7,9,5],[11,19,15,3,23,7,9,5],[15,23,3,7,11,19,9,5],[11,7,15,19,3,23,5],[15,7,11,23,19,3,5],[11,7,19,15,23,3,5],[19,15,11,23,3,7,9,5],[23,19,11,3,7,15,9,5],[7,19,3,15,11,23,9,5],[15,19,11,7,3,23,9,5],[11,15,7,19,3,23,5],[19,15,3,23,7,11,9,5],[7,11,3,15,19,23,5],[11,15,3,19,7,23,9,5],[3,23,15,7,11,19,9,5],[11,7,3,19,15,23,5],[7,19,3,23,15,11,5],[11,7,3,23,15,19,5],[7,19,15,23,3,11,5],[11,23,19,3,7,15,9,5],[3,23,19,7,15,11,9,5],[19,3,11,15,23,7,5],[23,7,3,11,15,19,9,5],[23,7,19,11,3,15,9,5],[3,7,11,23,19,15,5],[7,15,23,19,3,11,5],[7,19,23,3,15,11,9,5],[7,15,3,19,23,11,5],[3,15,7,19,23,11,5],[15,19,11,7,3,23,9,5],[3,15,11,19,23,7,5],[3,19,7,23,11,15,9,5],[3,15,7,19,23,11,5],[11,7,23,3,15,19,9,5],[19,15,11,3,23,7,5],[7,11,3,15,23,19,9,5],[7,15,3,11,23,19,5],[15,7,23,19,3,11,9,5],[7,15,23,11,3,19,9,5],[15,11,23,19,7,3,9,5],[11,15,3,7,19,23,9,5],[19,7,23,3,15,11,9,5],[3,7,19,11,23,15,5],[23,7,15,3,19,11,9,5],[19,7,15,11,3,23,5],[11,3,15,7,19,23,9,5],[19,23,11,3,15,7,9,5],[23,19,3,15,11,7,5],[7,11,15,19,3,23,9,5],[3,15,11,23,19,7,9,5],[23,15,11,7,19,3,5],[19,3,23,15,11,7,5],[23,7,11,3,15,19,5],[3,19,11,15,7,23,5],[7,23,19,15,11,3,9,5],[7,3,15,19,11,23,5],[23,11,19,3,7,15,5],[19,15,7,23,3,11,5],[15,19,7,23,11,3,5],[3,23,15,7,11,19,9,5],[7,15,19,3,23,11,5],[19,23,7,15,11,3,9,5],[23,3,7,11,19,15,9,5],[3,7,15,23,19,11,5],[11,7,3,23,19,15,9,5],[3,23,15,11,7,19,9,5],[7,3,23,19,15,11,5],[3,15,19,11,23,7,9,5],[11,3,15,23,19,7,9,5],[3,15,7,23,11,19,5],[15,23,7,3,19,11,5],[11,19,23,3,15,7,9,5],[19,11,15,3,7,23,5]],"n_human":6}