{"problem_id":"x9Jij7rdFOW78is","sigma":75,"alpha":3.162,"cost":0,"probabilities":"[0.26, 0.3, 0.11, 0.33]","payoff_matrix":"[[-119, 72, 7, -5, -46, 40], [-15, 51, 8, -126, -80, -19], [-78, -93, 54, 94, -67, -101], [-12, 64, -84, -58, 32, 69]]","uncovered":[[4,12,20,8,6,18,16,24,22,21,5],[24,4,8,22,6,20,18,12,16,5],[24,8,22,6,16,4,20,18,12,21,5],[20,4,12,8,6,18,24,22,16,5],[16,20,8,18,12,24,6,22,4,5],[4,20,8,6,18,24,22,16,12,21,5],[12,16,4,20,8,6,18,24,22,5],[12,4,24,16,20,18,8,6,22,5],[12,20,24,22,18,16,8,6,4,21,5],[16,12,8,24,6,22,20,18,4,21,5],[8,12,16,4,20,6,18,24,22,5],[24,4,20,22,18,12,8,6,16,21,5],[4,24,20,22,18,8,6,12,16,5],[16,4,20,24,22,18,12,8,6,5],[24,16,8,6,22,12,20,18,4,21,5],[20,24,18,8,6,22,16,12,4,21,5],[16,12,8,20,18,24,6,22,4,21,5],[24,4,8,22,6,20,18,12,16,21,5],[24,20,22,18,12,8,6,4,16,21,5],[20,8,18,24,6,22,16,4,12,21,5],[12,4,20,16,24,18,8,6,22,21,5],[24,4,8,22,6,20,18,16,12,5],[8,20,6,18,16,12,24,22,4,21,5],[8,4,24,6,22,12,16,20,18,21,5],[8,20,6,18,16,4,12,24,22,21,5],[12,16,4,20,24,18,8,6,22,21,5],[16,8,24,22,6,20,18,4,12,5],[20,4,16,12,8,18,24,6,22,5],[20,4,24,22,18,12,8,6,16,21,5],[16,24,12,4,8,6,22,20,18,21,5],[16,20,4,12,24,22,18,8,6,21,5],[12,16,20,8,6,18,4,24,22,21,5],[12,24,20,22,18,4,8,6,16,21,5],[8,24,6,22,12,20,18,16,4,21,5],[16,4,8,20,6,18,24,22,12,5],[20,24,22,18,4,12,8,6,16,21,5],[12,4,8,24,6,22,20,18,16,5],[4,24,16,8,22,6,20,18,12,21,5],[8,20,6,18,24,22,4,12,16,21,5],[8,16,24,22,6,20,18,12,4,21,5],[16,4,8,20,18,12,24,6,22,5],[12,24,8,22,6,16,4,20,18,5],[12,24,16,4,8,6,22,20,18,21,5],[4,24,20,22,18,16,8,6,12,5],[12,16,24,4,20,18,8,6,22,5],[12,20,8,18,4,24,6,22,16,5],[12,20,8,18,24,22,6,16,4,21,5],[16,24,12,20,22,18,8,6,4,21,5],[16,24,8,6,22,4,12,20,18,5],[12,4,24,8,22,6,16,20,18,21,5],[12,16,24,8,6,22,4,20,18,5],[24,4,16,20,22,18,12,8,6,5],[8,4,20,18,24,22,6,12,16,21,5],[12,4,20,24,18,16,8,22,6,5],[24,16,8,6,22,12,20,18,4,5],[16,12,4,8,24,22,6,20,18,5],[12,24,8,22,6,4,20,18,16,21,5],[8,12,4,16,20,18,24,22,6,5],[8,16,4,20,6,18,24,22,12,5],[4,16,12,8,24,22,6,20,18,21,5],[8,16,20,6,18,4,12,24,22,21,5],[4,20,16,8,18,24,6,22,12,21,5],[16,24,4,20,22,18,8,6,12,5],[12,4,20,24,18,16,8,22,6,21,5],[8,24,6,22,4,12,20,18,16,5],[16,24,8,22,6,12,4,20,18,21,5],[16,24,12,20,18,8,6,22,4,21,5],[24,8,6,22,4,12,20,18,16,5],[4,12,16,20,24,22,18,8,6,5],[16,12,8,24,22,6,4,20,18,5],[24,12,20,22,18,16,8,6,4,5],[8,4,12,24,22,6,20,18,16,5],[24,12,4,8,6,22,20,18,16,5],[8,4,24,22,6,12,16,20,18,21,5],[12,4,16,8,24,22,6,20,18,5],[8,12,24,6,22,16,4,20,18,5],[4,12,20,24,22,18,8,6,16,5],[12,20,16,8,18,24,22,6,4,5],[16,24,8,22,6,4,12,20,18,21,5],[24,12,16,8,22,6,20,18,4,5],[16,8,20,18,24,6,22,4,12,21,5],[20,4,8,18,16,24,6,22,12,5],[16,24,4,20,18,12,8,6,22,5],[20,16,12,24,18,8,6,22,4,21,5],[12,4,20,8,6,18,16,24,22,21,5],[20,24,22,18,8,6,16,4,12,21,5],[20,24,22,18,8,6,16,12,4,5],[4,24,20,22,18,16,8,6,12,21,5],[4,24,20,18,8,6,22,12,16,21,5],[16,4,20,12,24,22,18,8,6,21,5],[20,8,18,12,4,24,22,6,16,5],[4,12,16,24,8,22,6,20,18,21,5],[12,8,20,6,18,4,24,22,16,21,5],[8,24,22,6,4,12,16,20,18,5],[12,24,4,16,8,22,6,20,18,5],[20,8,18,16,24,22,6,12,4,21,5],[12,24,20,22,18,8,6,4,16,21,5],[4,12,16,20,8,18,24,6,22,5],[24,8,6,22,12,16,20,18,4,5],[24,20,18,16,4,8,22,6,12,21,5],[24,8,6,22,20,18,12,16,4,5],[24,20,22,18,8,6,4,12,16,5],[24,16,8,6,22,4,12,20,18,21,5],[16,12,20,8,18,4,24,6,22,21,5],[16,12,4,8,20,18,24,6,22,21,5],[12,20,24,18,4,8,6,22,16,5],[20,12,8,18,16,4,24,22,6,21,5],[12,8,16,20,6,18,24,22,4,5],[16,24,8,6,22,4,12,20,18,5],[4,12,8,24,6,22,20,18,16,5],[8,16,20,18,12,24,22,6,4,5],[8,12,24,6,22,16,4,20,18,21,5],[4,16,8,24,22,6,20,18,12,5],[8,12,20,18,16,24,6,22,4,21,5],[4,20,24,22,18,16,8,6,12,5],[12,4,8,24,6,22,16,20,18,21,5],[12,4,16,8,20,6,18,24,22,21,5],[8,20,6,18,12,24,22,16,4,5],[4,8,16,12,20,18,24,6,22,5],[8,20,6,18,12,16,4,24,22,21,5],[16,8,24,6,22,12,4,20,18,5],[20,24,18,8,6,22,16,4,12,5],[24,12,20,22,18,16,8,6,4,5],[24,16,8,6,22,20,18,4,12,5],[4,8,16,24,6,22,12,20,18,21,5],[20,8,6,18,16,12,24,22,4,5],[20,8,18,4,16,12,24,22,6,21,5],[4,20,8,6,18,12,24,22,16,21,5],[24,8,6,22,20,18,4,16,12,21,5],[24,12,4,8,22,6,20,18,16,5],[16,20,4,8,6,18,24,22,12,21,5],[4,16,12,24,8,6,22,20,18,21,5],[20,8,6,18,12,16,24,22,4,5],[20,4,24,22,18,8,6,16,12,5],[4,20,8,18,24,6,22,16,12,21,5],[16,4,24,12,20,22,18,8,6,21,5],[20,4,24,22,18,12,16,8,6,5],[16,4,24,20,18,12,8,22,6,5],[12,8,4,24,6,22,20,18,16,5],[12,20,8,18,4,16,24,22,6,5],[20,4,16,12,8,18,24,6,22,5],[16,24,12,8,6,22,4,20,18,5],[16,4,8,20,18,12,24,22,6,21,5],[8,16,4,20,6,18,24,22,12,5],[16,4,24,20,18,12,8,22,6,5],[12,16,24,4,20,22,18,8,6,5],[20,8,18,16,12,4,24,6,22,5],[8,4,16,12,24,22,6,20,18,21,5],[12,4,8,24,6,22,20,18,16,5],[20,24,22,18,8,6,16,4,12,5],[24,8,6,22,20,18,12,4,16,21,5],[20,16,12,8,18,4,24,6,22,5],[16,20,24,18,4,12,8,22,6,5],[12,4,24,8,6,22,16,20,18,21,5],[24,20,18,4,8,22,6,12,16,5],[8,16,20,6,18,24,22,12,4,21,5],[20,16,4,8,18,24,6,22,12,5],[16,24,20,18,12,8,6,22,4,21,5],[20,4,16,24,18,8,6,22,12,5],[8,20,6,18,16,12,4,24,22,5],[20,4,16,8,18,24,6,22,12,5],[4,8,16,20,6,18,24,22,12,5],[12,20,24,22,18,4,16,8,6,21,5],[16,8,12,24,22,6,4,20,18,21,5],[8,24,22,6,4,16,20,18,12,5],[4,12,24,16,8,6,22,20,18,21,5],[16,20,24,18,8,6,22,4,12,5],[16,4,24,12,20,18,8,22,6,5],[20,12,24,18,16,4,8,22,6,21,5],[4,24,12,20,22,18,8,6,16,21,5],[4,12,16,8,24,6,22,20,18,5],[16,12,4,8,24,22,6,20,18,5],[8,20,6,18,4,24,22,16,12,21,5],[16,4,12,8,24,22,6,20,18,5],[20,12,4,16,24,22,18,8,6,5],[4,8,12,16,24,6,22,20,18,21,5],[20,24,18,16,12,4,8,6,22,5],[20,4,16,12,24,22,18,8,6,21,5],[4,24,8,22,6,20,18,16,12,21,5],[20,8,6,18,4,16,12,24,22,21,5],[24,12,20,22,18,4,8,6,16,21,5],[20,8,18,4,16,12,24,6,22,21,5],[12,20,24,22,18,16,8,6,4,5],[12,8,4,24,22,6,20,18,16,21,5],[24,12,20,18,4,16,8,6,22,5],[20,12,16,8,18,4,24,6,22,21,5],[12,24,4,20,22,18,16,8,6,21,5],[20,12,8,18,24,6,22,16,4,21,5],[8,16,24,6,22,12,4,20,18,5],[4,12,8,16,24,22,6,20,18,21,5],[8,20,18,24,22,6,16,12,4,5],[12,20,8,6,18,4,16,24,22,5],[8,20,6,18,4,16,24,22,12,5],[8,16,20,18,4,12,24,22,6,5],[20,12,4,24,22,18,16,8,6,21,5],[12,24,8,6,22,4,16,20,18,5],[16,20,4,24,22,18,8,6,12,5],[12,24,8,22,6,4,20,18,16,5],[16,24,20,18,12,8,6,22,4,21,5],[8,4,20,6,18,16,24,22,12,5],[8,16,20,18,4,12,24,22,6,21,5],[16,24,20,18,4,8,22,6,12,21,5],[24,12,8,6,22,4,20,18,16,21,5],[8,16,20,18,4,12,24,6,22,21,5],[24,12,20,22,18,8,6,4,16,21,5],[20,4,12,16,8,18,24,22,6,21,5],[16,24,20,18,8,6,22,4,12,21,5],[4,20,16,24,22,18,8,6,12,5],[12,4,16,24,8,22,6,20,18,21,5],[20,12,8,18,4,24,6,22,16,21,5],[20,8,18,16,4,24,6,22,12,5],[12,20,4,24,22,18,8,6,16,5],[8,12,24,6,22,16,20,18,4,5],[16,20,12,24,18,4,8,6,22,21,5],[16,20,8,18,4,12,24,6,22,5],[24,12,8,22,6,20,18,16,4,5],[4,20,8,6,18,24,22,12,16,21,5],[8,16,24,22,6,4,20,18,12,5],[16,24,8,6,22,12,4,20,18,5],[16,24,4,8,6,22,20,18,12,5],[4,12,20,16,24,18,8,6,22,5],[8,12,20,6,18,16,24,22,4,21,5],[4,16,24,8,6,22,12,20,18,5],[12,8,4,20,6,18,16,24,22,5],[16,8,20,6,18,4,24,22,12,5],[24,16,20,22,18,4,12,8,6,21,5],[8,12,20,18,16,24,22,6,4,21,5],[24,4,12,20,18,16,8,6,22,5],[20,16,12,8,6,18,24,22,4,5],[4,20,16,12,24,22,18,8,6,5],[20,4,8,6,18,16,12,24,22,21,5],[8,4,16,12,20,6,18,24,22,5],[12,16,24,4,8,22,6,20,18,21,5],[12,4,16,8,20,6,18,24,22,5],[24,8,22,6,20,18,4,16,12,5],[4,24,20,18,8,22,6,12,16,21,5],[20,24,22,18,12,16,8,6,4,21,5],[4,20,24,22,18,16,8,6,12,21,5],[24,16,12,20,22,18,8,6,4,5],[4,20,12,24,18,16,8,6,22,5],[12,4,24,8,22,6,16,20,18,5],[20,24,22,18,12,8,6,16,4,21,5],[24,16,4,8,6,22,12,20,18,5],[12,20,8,18,4,24,6,22,16,21,5],[8,24,6,22,20,18,12,16,4,21,5],[20,24,22,18,8,6,4,12,16,21,5],[24,8,6,22,12,20,18,4,16,21,5],[24,4,8,22,6,20,18,16,12,5],[20,12,4,8,6,18,16,24,22,21,5],[24,12,4,16,8,6,22,20,18,21,5],[8,12,16,4,20,18,24,22,6,5],[24,4,16,20,18,12,8,22,6,5],[20,24,22,18,8,6,4,16,12,21,5],[24,20,22,18,4,8,6,16,12,21,5],[8,4,20,18,16,24,6,22,12,5],[20,16,24,18,8,6,22,12,4,5],[4,8,16,20,18,12,24,6,22,21,5],[20,24,22,18,8,6,16,4,12,21,5],[16,8,4,12,24,22,6,20,18,21,5],[8,20,18,12,4,16,24,22,6,5],[16,20,4,12,24,18,8,6,22,21,5],[20,12,16,24,18,8,22,6,4,21,5],[20,8,6,18,4,12,24,22,16,5],[4,12,24,8,6,22,16,20,18,21,5],[20,12,4,16,8,18,24,6,22,21,5],[16,24,20,22,18,12,8,6,4,5],[4,16,8,12,24,22,6,20,18,21,5],[8,20,6,18,24,22,16,4,12,5],[16,24,12,4,20,22,18,8,6,5],[20,4,8,6,18,16,24,22,12,5],[16,20,24,22,18,12,4,8,6,21,5],[8,24,22,6,20,18,12,4,16,21,5],[16,24,12,8,22,6,20,18,4,5],[20,8,18,16,4,24,6,22,12,21,5],[16,20,12,8,6,18,4,24,22,21,5],[24,12,8,6,22,4,20,18,16,5],[4,12,8,16,20,6,18,24,22,5],[16,12,20,4,24,18,8,22,6,21,5],[16,8,4,20,18,24,6,22,12,21,5],[24,20,22,18,16,12,4,8,6,5],[20,24,18,16,8,6,22,4,12,21,5],[4,12,16,8,24,6,22,20,18,21,5],[24,8,6,22,12,4,16,20,18,5],[16,12,8,4,20,18,24,22,6,5],[4,12,20,24,22,18,8,6,16,21,5],[8,4,24,22,6,20,18,16,12,5],[16,20,8,6,18,4,12,24,22,21,5],[24,4,16,20,22,18,8,6,12,21,5],[4,8,20,18,12,16,24,22,6,21,5],[4,12,16,8,24,22,6,20,18,5],[12,4,24,16,8,22,6,20,18,21,5],[4,12,16,8,24,22,6,20,18,21,5],[4,8,16,20,6,18,24,22,12,5],[16,4,20,24,22,18,12,8,6,21,5],[8,16,4,24,22,6,20,18,12,5],[4,24,8,6,22,16,20,18,12,5],[12,16,20,8,18,4,24,6,22,5],[24,12,16,20,22,18,4,8,6,5],[8,20,6,18,24,22,12,16,4,5],[8,20,6,18,24,22,16,12,4,5],[24,4,8,22,6,20,18,12,16,21,5],[4,12,24,8,22,6,16,20,18,5],[4,8,24,6,22,20,18,16,12,21,5],[16,12,20,4,24,18,8,6,22,5],[16,20,12,4,8,18,24,22,6,5],[16,4,8,12,20,18,24,22,6,21,5],[20,4,8,18,16,24,22,6,12,5],[12,16,20,8,6,18,4,24,22,21,5],[24,4,8,22,6,16,20,18,12,5],[4,12,8,20,18,24,22,6,16,5],[8,4,12,16,24,6,22,20,18,5],[20,4,16,24,22,18,12,8,6,21,5],[20,24,22,18,8,6,16,12,4,21,5],[16,20,12,24,18,4,8,6,22,5],[4,12,8,16,24,22,6,20,18,5],[16,12,8,24,22,6,20,18,4,21,5],[8,24,22,6,16,20,18,4,12,21,5],[12,24,8,6,22,20,18,4,16,21,5],[16,8,12,24,6,22,20,18,4,5],[20,16,4,8,6,18,24,22,12,21,5],[12,16,4,20,24,22,18,8,6,21,5],[20,16,8,18,4,12,24,22,6,5],[12,20,8,18,4,24,6,22,16,5],[12,4,16,20,8,6,18,24,22,5],[20,8,18,16,12,24,22,6,4,21,5],[24,12,16,4,8,22,6,20,18,5],[4,20,8,6,18,24,22,12,16,21,5],[20,16,12,4,24,18,8,22,6,5],[4,20,8,6,18,12,24,22,16,21,5],[12,4,16,20,8,6,18,24,22,5],[24,8,6,22,16,12,20,18,4,5],[20,8,6,18,12,16,24,22,4,21,5],[16,20,12,24,22,18,8,6,4,21,5],[20,8,6,18,16,4,24,22,12,5],[24,20,18,8,22,6,4,12,16,5],[24,16,20,18,4,8,22,6,12,5],[20,12,4,24,18,8,6,22,16,21,5],[16,20,4,8,18,24,22,6,12,21,5],[20,4,16,12,8,6,18,24,22,5],[24,8,22,6,4,12,20,18,16,5],[20,24,18,12,16,8,22,6,4,5],[24,12,4,20,18,16,8,6,22,5],[20,12,4,24,18,8,22,6,16,21,5],[24,8,22,6,16,4,20,18,12,5],[20,8,6,18,24,22,4,16,12,21,5],[8,20,6,18,24,22,16,4,12,5],[8,20,6,18,24,22,4,16,12,21,5],[24,4,12,16,20,22,18,8,6,5],[20,8,18,24,22,6,12,16,4,5],[8,4,12,24,6,22,16,20,18,21,5],[20,12,16,24,18,8,6,22,4,21,5],[12,8,16,24,6,22,20,18,4,21,5],[4,12,8,16,20,18,24,22,6,21,5],[20,24,22,18,16,8,6,4,12,21,5],[8,24,22,6,20,18,4,16,12,21,5],[24,12,8,22,6,16,4,20,18,21,5],[24,16,4,20,18,8,6,22,12,21,5],[20,24,18,8,22,6,16,4,12,5],[24,12,8,22,6,16,20,18,4,5],[24,12,16,20,18,8,6,22,4,5],[12,24,4,8,22,6,16,20,18,21,5],[12,4,8,24,6,22,20,18,16,5],[4,20,24,18,16,12,8,6,22,21,5],[4,20,8,6,18,16,12,24,22,21,5],[20,12,8,18,4,16,24,6,22,5],[20,8,18,12,16,4,24,6,22,21,5],[12,20,8,6,18,16,4,24,22,5],[4,8,12,16,20,6,18,24,22,5],[24,8,22,6,16,20,18,4,12,5],[24,20,18,12,8,6,22,16,4,21,5],[20,16,4,12,24,18,8,22,6,21,5],[12,4,24,16,8,22,6,20,18,5],[16,4,12,24,20,18,8,22,6,5],[12,8,24,6,22,4,16,20,18,21,5],[20,8,18,4,24,6,22,16,12,5],[20,12,16,24,18,8,22,6,4,5],[12,20,8,6,18,24,22,16,4,5],[16,12,4,8,24,22,6,20,18,21,5],[24,16,12,8,6,22,20,18,4,5],[16,20,8,6,18,12,24,22,4,21,5],[16,4,24,8,22,6,20,18,12,5],[4,12,20,24,18,16,8,6,22,21,5],[24,4,12,16,8,6,22,20,18,21,5],[4,16,8,24,22,6,12,20,18,21,5],[20,4,16,12,8,6,18,24,22,5],[20,24,18,16,12,8,6,22,4,21,5],[8,20,6,18,12,24,22,4,16,21,5],[16,8,20,6,18,24,22,12,4,5],[8,20,6,18,24,22,16,12,4,21,5],[4,16,12,24,8,22,6,20,18,21,5],[24,8,6,22,12,20,18,4,16,5],[4,16,24,20,22,18,8,6,12,21,5],[24,12,16,4,8,22,6,20,18,21,5],[24,20,22,18,4,16,12,8,6,5],[24,12,8,22,6,16,4,20,18,21,5],[4,8,12,20,6,18,24,22,16,5],[24,4,20,18,12,8,6,22,16,21,5],[12,4,20,24,18,8,22,6,16,21,5],[12,16,24,4,20,22,18,8,6,21,5],[4,16,24,8,22,6,12,20,18,5],[24,8,22,6,12,4,20,18,16,5],[4,8,12,16,20,6,18,24,22,21,5],[8,24,6,22,16,12,4,20,18,5],[12,16,24,8,22,6,20,18,4,21,5],[24,20,18,4,8,6,22,12,16,21,5],[16,24,12,8,22,6,4,20,18,5],[4,12,24,20,18,16,8,6,22,5],[20,12,8,6,18,16,24,22,4,21,5],[24,4,12,20,22,18,8,6,16,5],[24,20,22,18,4,16,8,6,12,21,5],[4,8,16,20,18,24,6,22,12,5],[8,16,4,20,18,24,6,22,12,5],[8,16,20,18,12,4,24,22,6,21,5],[16,24,20,22,18,4,12,8,6,5],[20,4,16,8,18,12,24,22,6,21,5],[8,16,4,12,24,22,6,20,18,21,5],[12,4,8,24,22,6,20,18,16,5],[8,4,12,24,22,6,16,20,18,21,5],[4,16,20,8,6,18,12,24,22,21,5],[4,24,20,18,16,8,22,6,12,21,5],[24,12,8,22,6,20,18,16,4,21,5],[16,20,12,24,22,18,4,8,6,5],[4,20,12,8,6,18,16,24,22,5],[24,16,8,22,6,4,20,18,12,5],[4,20,12,24,18,16,8,6,22,5],[20,4,16,12,8,6,18,24,22,5],[8,24,22,6,12,16,4,20,18,5],[12,16,8,24,6,22,20,18,4,21,5],[20,12,8,18,16,24,6,22,4,21,5],[8,20,6,18,12,24,22,16,4,21,5],[4,8,16,20,18,24,6,22,12,5],[24,12,16,20,18,8,6,22,4,21,5],[8,4,20,6,18,12,16,24,22,5],[4,20,12,8,6,18,16,24,22,21,5],[16,4,20,8,6,18,12,24,22,5],[24,16,8,6,22,4,20,18,12,5],[16,8,20,6,18,12,24,22,4,5],[4,16,12,24,20,22,18,8,6,5],[4,16,8,20,6,18,24,22,12,5],[12,8,4,20,18,16,24,22,6,5],[4,20,16,12,8,6,18,24,22,5],[12,24,20,22,18,16,8,6,4,5],[24,20,18,4,12,16,8,6,22,5],[4,12,16,24,20,18,8,6,22,5],[24,16,8,6,22,4,12,20,18,5],[24,20,18,8,6,22,4,16,12,5],[4,12,20,8,6,18,16,24,22,5],[12,20,24,22,18,8,6,16,4,5],[4,24,12,8,6,22,20,18,16,5],[12,8,4,16,24,22,6,20,18,5],[8,24,6,22,20,18,12,16,4,5],[16,4,12,20,24,18,8,22,6,5],[8,4,16,20,6,18,24,22,12,5],[24,16,4,20,18,12,8,6,22,5],[12,24,8,6,22,20,18,16,4,5],[12,20,24,22,18,16,4,8,6,5],[24,16,4,12,8,6,22,20,18,5],[16,24,8,22,6,12,4,20,18,5],[4,24,8,22,6,16,20,18,12,5],[8,16,4,12,20,18,24,6,22,21,5],[12,20,4,24,22,18,8,6,16,21,5],[20,4,16,24,22,18,12,8,6,5],[8,16,24,22,6,12,4,20,18,21,5],[12,16,24,8,6,22,4,20,18,21,5],[16,12,20,24,22,18,4,8,6,21,5],[20,16,12,4,8,6,18,24,22,21,5],[20,16,12,8,6,18,4,24,22,5],[4,8,12,16,20,6,18,24,22,5],[8,20,6,18,12,4,16,24,22,5],[24,16,20,22,18,12,8,6,4,5],[8,20,6,18,12,16,4,24,22,21,5],[20,4,16,24,18,8,22,6,12,5],[20,12,4,24,22,18,16,8,6,21,5],[24,12,8,6,22,20,18,16,4,5],[16,20,12,24,22,18,8,6,4,5],[8,12,4,20,6,18,24,22,16,21,5],[16,4,12,24,20,22,18,8,6,5],[12,4,20,24,22,18,16,8,6,21,5],[4,20,12,24,18,8,6,22,16,21,5],[16,24,8,6,22,20,18,12,4,21,5],[12,24,20,22,18,8,6,4,16,5],[8,12,20,6,18,16,24,22,4,21,5],[20,8,6,18,16,4,12,24,22,21,5],[8,20,18,16,4,12,24,22,6,5],[20,16,12,24,22,18,4,8,6,21,5],[8,16,20,18,12,4,24,22,6,5],[4,16,12,8,24,22,6,20,18,21,5],[16,24,20,22,18,12,8,6,4,21,5],[8,12,20,6,18,4,16,24,22,21,5],[24,4,16,8,6,22,12,20,18,21,5],[8,12,16,20,18,24,6,22,4,5],[16,24,4,8,6,22,12,20,18,21,5],[16,20,12,24,22,18,4,8,6,21,5],[12,20,4,24,22,18,16,8,6,5],[20,8,18,16,4,12,24,6,22,5],[20,12,24,22,18,8,6,16,4,5],[20,8,6,18,16,12,4,24,22,5],[20,24,22,18,8,6,4,12,16,21,5],[4,12,16,24,20,18,8,22,6,5],[4,20,12,24,18,8,6,22,16,5],[16,12,24,4,8,22,6,20,18,5],[4,12,20,16,8,18,24,22,6,5],[4,20,8,6,18,12,16,24,22,21,5],[16,12,20,8,18,4,24,6,22,21,5],[8,4,24,6,22,12,20,18,16,5],[8,4,24,22,6,20,18,12,16,5],[4,20,24,22,18,8,6,12,16,21,5],[16,24,20,18,12,8,22,6,4,5],[24,20,18,12,16,8,22,6,4,5],[24,20,22,18,8,6,4,16,12,5],[12,8,24,6,22,20,18,16,4,5],[12,4,20,24,22,18,16,8,6,5],[16,20,4,12,24,18,8,6,22,21,5],[12,16,20,4,24,18,8,6,22,5],[20,8,6,18,16,24,22,12,4,5],[8,16,24,6,22,20,18,12,4,21,5],[16,24,4,12,8,6,22,20,18,21,5],[20,4,8,18,12,16,24,6,22,21,5],[20,24,18,12,4,16,8,22,6,21,5],[12,20,4,8,18,24,22,6,16,21,5],[12,16,24,4,8,6,22,20,18,5],[20,24,22,18,12,4,8,6,16,21,5],[16,12,4,8,20,18,24,6,22,5],[16,20,8,6,18,4,12,24,22,21,5],[12,8,20,6,18,24,22,16,4,5],[24,16,4,20,18,8,22,6,12,5],[16,8,4,12,20,18,24,22,6,5],[24,4,20,22,18,12,8,6,16,21,5],[4,16,24,12,8,22,6,20,18,5],[4,8,20,6,18,12,16,24,22,5],[24,16,12,4,20,18,8,6,22,21,5],[24,8,6,22,12,4,16,20,18,5],[12,4,16,8,24,6,22,20,18,21,5],[12,4,24,8,6,22,16,20,18,5],[16,24,20,18,4,12,8,22,6,21,5],[24,16,4,20,22,18,12,8,6,5],[12,16,24,20,22,18,4,8,6,5],[24,20,18,4,8,22,6,16,12,5],[24,4,20,18,8,22,6,16,12,5],[4,8,20,6,18,12,16,24,22,5],[24,20,22,18,16,12,8,6,4,21,5],[4,8,16,24,6,22,12,20,18,21,5],[24,12,20,22,18,16,8,6,4,5],[20,12,4,16,24,18,8,6,22,21,5],[4,12,24,8,22,6,16,20,18,5],[20,16,8,6,18,4,24,22,12,5],[16,24,20,22,18,12,8,6,4,5],[8,16,12,20,6,18,4,24,22,5],[16,8,4,20,18,24,22,6,12,21,5],[24,8,22,6,16,20,18,12,4,21,5],[24,16,12,20,22,18,4,8,6,21,5],[20,16,12,8,6,18,4,24,22,21,5],[24,16,4,8,22,6,20,18,12,21,5],[20,24,22,18,12,16,8,6,4,21,5],[16,4,24,8,6,22,20,18,12,5],[12,20,4,16,8,18,24,22,6,21,5],[24,8,22,6,4,16,20,18,12,21,5],[4,20,12,24,18,16,8,22,6,5],[4,24,20,22,18,16,8,6,12,5],[12,20,24,18,16,4,8,22,6,21,5],[8,24,6,22,12,20,18,4,16,5],[8,12,24,22,6,20,18,4,16,21,5],[20,4,8,18,24,6,22,12,16,21,5],[4,12,24,20,18,16,8,22,6,21,5],[4,24,20,22,18,16,8,6,12,5],[4,12,16,20,8,6,18,24,22,21,5],[12,8,24,6,22,4,20,18,16,21,5],[16,24,8,6,22,12,4,20,18,21,5],[24,12,16,8,6,22,20,18,4,21,5],[8,24,6,22,12,16,20,18,4,5],[24,16,20,18,4,8,6,22,12,21,5],[20,12,16,24,22,18,4,8,6,5],[20,8,6,18,12,16,24,22,4,5],[24,4,20,18,16,8,22,6,12,21,5],[24,4,8,22,6,12,20,18,16,21,5],[4,8,16,12,20,18,24,22,6,21,5],[8,4,20,18,16,12,24,6,22,5],[4,12,20,8,6,18,16,24,22,21,5],[4,24,20,18,16,12,8,22,6,21,5],[8,20,6,18,4,24,22,12,16,21,5],[8,12,4,24,6,22,16,20,18,21,5],[20,16,4,12,24,18,8,6,22,5],[20,12,4,8,6,18,24,22,16,21,5],[20,12,16,4,24,22,18,8,6,5],[16,12,8,24,22,6,4,20,18,5],[16,4,24,8,22,6,20,18,12,21,5],[4,12,16,20,8,18,24,6,22,21,5],[8,4,20,18,16,12,24,6,22,21,5],[24,16,20,22,18,8,6,12,4,21,5],[16,8,24,22,6,12,4,20,18,5],[16,8,20,6,18,4,12,24,22,5],[12,20,4,8,6,18,16,24,22,5],[24,4,12,20,22,18,8,6,16,5],[12,8,16,24,6,22,20,18,4,21,5],[16,12,8,4,20,6,18,24,22,21,5],[4,24,8,6,22,16,20,18,12,5],[20,8,18,4,24,22,6,16,12,5],[8,16,12,20,18,4,24,22,6,5],[24,8,6,22,16,4,20,18,12,5],[12,16,24,20,18,8,22,6,4,21,5],[4,8,12,20,18,16,24,6,22,21,5],[4,12,16,24,8,6,22,20,18,21,5],[12,20,16,24,18,4,8,6,22,5],[24,16,8,22,6,4,12,20,18,21,5],[16,20,24,22,18,8,6,4,12,21,5],[12,20,24,18,16,4,8,6,22,5],[8,20,6,18,12,16,4,24,22,21,5],[16,12,20,4,24,22,18,8,6,5],[4,8,16,24,6,22,12,20,18,21,5],[20,8,18,16,24,22,6,4,12,5],[8,16,24,22,6,12,20,18,4,5],[24,8,6,22,12,20,18,4,16,21,5],[24,4,16,20,18,8,6,22,12,5],[12,4,16,8,20,6,18,24,22,21,5],[12,24,16,4,8,6,22,20,18,5],[8,16,20,6,18,12,4,24,22,5],[20,16,24,22,18,12,4,8,6,21,5],[12,24,8,6,22,20,18,16,4,21,5],[4,20,16,12,8,18,24,6,22,5],[8,4,20,6,18,24,22,12,16,21,5],[16,8,20,18,4,12,24,22,6,5],[12,4,16,24,8,6,22,20,18,21,5],[4,20,8,6,18,24,22,12,16,5],[16,4,20,12,8,6,18,24,22,21,5],[4,8,16,24,6,22,12,20,18,5],[24,4,16,20,22,18,12,8,6,5],[8,20,18,4,24,22,6,12,16,21,5],[24,4,20,18,16,12,8,22,6,21,5],[20,12,4,16,8,18,24,6,22,21,5],[16,12,20,4,24,22,18,8,6,21,5],[4,20,12,16,8,18,24,22,6,21,5],[8,24,6,22,12,4,20,18,16,5],[12,8,4,20,18,16,24,6,22,21,5],[24,20,22,18,12,16,8,6,4,5],[24,20,18,12,16,4,8,6,22,21,5],[20,8,18,24,6,22,12,16,4,21,5],[12,24,16,20,18,4,8,6,22,5],[12,8,16,20,6,18,4,24,22,5],[4,16,24,12,20,22,18,8,6,5],[4,12,8,24,22,6,20,18,16,21,5],[16,20,8,6,18,4,12,24,22,21,5],[16,12,24,8,22,6,4,20,18,21,5],[12,20,8,6,18,24,22,4,16,5],[20,16,12,4,8,6,18,24,22,21,5],[16,20,12,4,24,18,8,6,22,21,5],[24,16,20,18,4,12,8,22,6,21,5],[8,20,18,24,6,22,16,4,12,21,5],[20,12,16,4,24,18,8,6,22,5],[8,20,6,18,24,22,12,4,16,5],[20,24,22,18,4,16,12,8,6,5],[12,8,16,4,20,18,24,22,6,21,5],[8,20,6,18,16,24,22,12,4,21,5],[24,4,20,18,16,12,8,22,6,5],[4,24,12,8,22,6,16,20,18,21,5],[12,20,16,24,22,18,4,8,6,21,5],[24,16,8,22,6,4,12,20,18,5],[16,12,4,8,20,18,24,6,22,5],[12,24,20,18,4,16,8,6,22,5],[8,20,18,4,12,24,22,6,16,5],[12,20,8,6,18,24,22,16,4,21,5],[24,8,22,6,16,12,20,18,4,21,5],[4,16,24,12,20,22,18,8,6,5],[16,4,20,12,24,22,18,8,6,21,5],[20,8,6,18,12,24,22,16,4,21,5],[24,16,20,18,4,12,8,6,22,5],[4,16,12,8,24,6,22,20,18,5],[20,8,18,12,24,6,22,16,4,5],[4,24,16,8,6,22,20,18,12,5],[24,4,12,20,18,16,8,6,22,21,5],[12,8,24,6,22,20,18,4,16,21,5],[16,20,4,8,6,18,12,24,22,21,5],[16,8,24,22,6,12,20,18,4,5],[16,12,4,20,8,6,18,24,22,5],[4,24,20,18,12,8,22,6,16,5],[20,8,6,18,16,4,24,22,12,21,5],[20,8,18,16,24,22,6,12,4,5],[20,12,8,18,4,24,22,6,16,5],[24,16,8,6,22,12,20,18,4,21,5],[8,4,20,6,18,24,22,16,12,21,5],[4,20,16,12,8,6,18,24,22,5],[24,4,12,8,22,6,20,18,16,21,5],[8,24,6,22,12,20,18,16,4,21,5],[20,8,6,18,12,16,24,22,4,21,5],[12,24,16,20,22,18,8,6,4,5],[20,24,18,12,4,8,6,22,16,21,5],[8,20,18,12,4,24,22,6,16,5],[16,24,12,20,18,8,22,6,4,21,5],[16,12,20,24,18,8,22,6,4,5],[24,12,4,16,8,22,6,20,18,21,5],[16,4,12,24,20,18,8,22,6,21,5],[24,4,8,22,6,12,16,20,18,21,5],[4,16,24,20,18,12,8,6,22,5],[24,20,22,18,8,6,4,16,12,5],[16,24,20,22,18,12,8,6,4,21,5],[8,4,24,22,6,12,16,20,18,21,5],[12,24,4,20,18,8,6,22,16,5],[8,4,12,16,24,22,6,20,18,21,5],[12,4,8,24,22,6,20,18,16,5],[16,12,24,8,6,22,4,20,18,5],[16,4,12,20,8,18,24,6,22,21,5],[8,24,6,22,12,16,20,18,4,5],[8,16,20,6,18,24,22,4,12,21,5],[20,24,18,12,8,22,6,4,16,21,5],[12,24,20,18,8,6,22,16,4,21,5],[4,8,20,6,18,24,22,16,12,21,5],[4,12,8,16,24,22,6,20,18,21,5],[16,4,12,20,24,18,8,22,6,5],[24,4,20,18,16,12,8,6,22,21,5],[16,8,24,22,6,20,18,12,4,21,5],[16,4,24,12,8,6,22,20,18,5],[16,20,12,24,22,18,8,6,4,21,5],[12,8,4,20,18,24,6,22,16,5],[12,16,4,8,24,6,22,20,18,5],[24,8,6,22,4,20,18,12,16,5],[16,24,8,6,22,20,18,4,12,5],[16,4,8,12,20,6,18,24,22,5],[12,24,4,20,22,18,16,8,6,5],[16,12,20,8,18,4,24,6,22,5],[8,24,22,6,12,20,18,16,4,21,5],[24,4,20,22,18,8,6,12,16,5],[12,16,24,4,8,22,6,20,18,5],[8,24,6,22,12,4,20,18,16,5],[20,4,8,6,18,12,16,24,22,5],[4,24,8,6,22,20,18,16,12,21,5],[16,24,4,20,22,18,12,8,6,21,5],[16,4,8,12,24,6,22,20,18,21,5],[16,24,4,20,22,18,12,8,6,5],[8,16,4,20,18,12,24,6,22,21,5],[24,16,4,8,22,6,20,18,12,5],[16,20,12,8,6,18,4,24,22,21,5],[20,8,6,18,16,12,24,22,4,5],[8,16,24,22,6,4,20,18,12,5],[24,20,22,18,16,12,8,6,4,21,5],[12,4,24,20,18,8,6,22,16,21,5],[20,4,12,8,18,16,24,6,22,21,5],[24,4,16,20,18,12,8,6,22,21,5],[12,20,4,8,6,18,24,22,16,21,5],[4,16,20,8,18,24,22,6,12,21,5],[12,24,20,22,18,4,16,8,6,21,5],[24,8,6,22,20,18,4,16,12,21,5],[20,4,12,24,22,18,16,8,6,21,5],[20,12,16,24,18,4,8,22,6,21,5],[20,8,6,18,16,4,12,24,22,21,5],[24,16,4,12,8,22,6,20,18,21,5],[16,20,4,8,6,18,12,24,22,21,5],[4,24,8,22,6,16,12,20,18,5],[20,24,18,8,6,22,16,12,4,21,5],[12,24,20,22,18,16,4,8,6,21,5],[16,12,24,20,22,18,8,6,4,5],[4,16,20,8,6,18,12,24,22,5],[12,24,4,16,20,22,18,8,6,5],[4,20,8,18,12,24,22,6,16,5],[24,16,20,22,18,8,6,4,12,21,5],[24,16,12,20,18,4,8,6,22,21,5],[12,4,24,20,22,18,8,6,16,5],[16,24,8,6,22,12,20,18,4,5],[24,16,12,8,22,6,4,20,18,5],[4,20,8,18,24,6,22,16,12,21,5],[4,8,24,22,6,12,16,20,18,5],[20,4,16,12,8,6,18,24,22,5],[20,8,6,18,4,16,24,22,12,5],[16,4,12,24,8,6,22,20,18,21,5],[16,12,24,8,6,22,20,18,4,21,5],[8,4,24,22,6,16,20,18,12,21,5],[12,16,4,24,8,6,22,20,18,21,5],[20,24,18,4,12,8,22,6,16,5],[4,12,24,16,8,6,22,20,18,21,5],[8,24,6,22,12,4,16,20,18,5],[8,16,4,24,6,22,20,18,12,5],[8,20,6,18,12,4,24,22,16,21,5],[16,24,8,6,22,20,18,4,12,21,5],[20,8,6,18,16,4,24,22,12,5],[4,16,20,24,22,18,12,8,6,21,5],[20,4,16,12,8,6,18,24,22,5],[20,16,4,24,18,8,22,6,12,5],[8,20,18,4,16,12,24,6,22,21,5],[24,12,16,4,8,6,22,20,18,21,5],[12,4,16,8,20,18,24,22,6,5],[20,16,12,8,18,4,24,6,22,5],[8,12,24,22,6,4,20,18,16,5],[16,12,4,24,8,6,22,20,18,21,5],[4,24,20,18,16,8,6,22,12,21,5],[8,16,20,18,4,12,24,22,6,21,5],[20,24,18,4,16,12,8,6,22,21,5],[4,16,24,20,22,18,12,8,6,21,5],[8,12,24,6,22,20,18,16,4,21,5],[20,12,8,18,4,24,22,6,16,5],[24,8,6,22,12,20,18,4,16,5],[20,12,24,22,18,8,6,4,16,5],[4,16,8,20,6,18,12,24,22,21,5],[8,20,6,18,4,16,24,22,12,21,5],[12,24,4,16,20,18,8,22,6,21,5],[12,20,16,8,6,18,4,24,22,5],[4,24,20,18,16,12,8,6,22,5],[24,8,22,6,16,12,4,20,18,21,5],[8,12,16,4,20,6,18,24,22,5],[16,12,8,4,24,6,22,20,18,21,5],[20,4,24,22,18,8,6,12,16,21,5],[24,4,8,6,22,16,12,20,18,21,5],[4,24,12,16,20,22,18,8,6,21,5],[24,16,20,22,18,4,12,8,6,21,5],[16,4,12,20,24,22,18,8,6,5],[12,24,16,8,6,22,4,20,18,5],[24,20,18,4,8,6,22,12,16,21,5],[20,16,4,24,18,8,6,22,12,5],[24,12,4,16,20,18,8,6,22,21,5],[20,12,4,24,22,18,16,8,6,5],[8,16,20,18,4,12,24,22,6,21,5],[20,8,18,4,24,6,22,12,16,21,5],[12,24,8,22,6,16,20,18,4,21,5],[24,16,4,20,18,8,6,22,12,21,5],[20,12,4,24,18,8,22,6,16,21,5],[8,4,20,18,12,24,6,22,16,21,5],[24,12,16,20,18,8,22,6,4,5],[4,12,20,16,8,18,24,22,6,5],[20,8,6,18,4,24,22,16,12,21,5],[16,8,20,6,18,4,24,22,12,21,5],[24,12,8,6,22,20,18,4,16,5],[8,24,6,22,4,20,18,16,12,21,5],[12,8,24,22,6,20,18,16,4,5],[12,24,8,6,22,16,20,18,4,5],[12,16,24,20,18,8,6,22,4,5],[12,24,20,22,18,16,4,8,6,21,5],[12,16,24,4,20,22,18,8,6,21,5],[4,16,12,8,20,6,18,24,22,5],[4,8,24,6,22,12,20,18,16,21,5],[24,4,8,6,22,20,18,12,16,5],[4,12,24,20,18,16,8,6,22,5],[4,24,20,22,18,16,8,6,12,21,5],[20,4,8,18,16,12,24,6,22,5],[16,12,4,20,24,18,8,22,6,5],[16,20,12,24,18,8,6,22,4,21,5],[4,20,12,16,8,18,24,22,6,21,5],[8,4,12,24,22,6,20,18,16,21,5],[16,12,20,4,8,6,18,24,22,21,5],[16,8,24,22,6,20,18,12,4,5],[20,12,4,16,8,18,24,6,22,21,5],[20,12,16,24,22,18,4,8,6,5],[4,24,20,22,18,16,12,8,6,5],[4,24,16,20,18,12,8,22,6,5],[24,16,4,12,20,18,8,22,6,21,5],[20,8,18,16,4,12,24,6,22,5],[16,24,20,18,8,22,6,12,4,21,5],[16,8,20,6,18,12,4,24,22,5],[4,12,24,20,22,18,8,6,16,5],[16,20,12,24,22,18,4,8,6,21,5],[8,16,4,20,18,24,22,6,12,5],[24,4,16,8,22,6,12,20,18,5],[24,16,8,22,6,4,12,20,18,5],[20,4,8,6,18,24,22,12,16,5],[4,16,20,12,24,18,8,22,6,21,5],[4,20,16,8,18,12,24,22,6,21,5],[20,8,18,24,22,6,12,16,4,21,5],[4,12,16,20,8,18,24,22,6,21,5],[12,4,24,16,8,6,22,20,18,5],[20,24,18,16,8,6,22,4,12,21,5],[24,16,12,8,6,22,20,18,4,5],[24,8,6,22,12,20,18,4,16,21,5],[4,8,24,6,22,20,18,16,12,5],[20,16,8,18,12,4,24,6,22,21,5],[8,20,18,24,6,22,12,16,4,21,5],[16,12,8,24,22,6,4,20,18,5],[24,8,6,22,12,16,20,18,4,21,5],[24,20,22,18,8,6,12,4,16,5],[8,12,16,24,6,22,4,20,18,21,5],[24,16,8,6,22,12,4,20,18,5],[16,12,24,4,20,18,8,6,22,21,5],[12,24,8,6,22,4,16,20,18,5],[16,12,24,4,8,6,22,20,18,5],[12,16,8,20,6,18,24,22,4,21,5],[24,8,22,6,20,18,4,16,12,21,5],[4,12,16,8,24,6,22,20,18,5],[24,16,4,8,6,22,12,20,18,21,5],[16,24,8,6,22,4,20,18,12,21,5],[24,20,22,18,8,6,16,4,12,21,5],[8,4,24,6,22,12,16,20,18,5],[20,8,18,16,4,24,6,22,12,5],[20,8,6,18,4,12,24,22,16,21,5],[8,20,18,4,24,22,6,16,12,21,5],[4,24,20,18,8,22,6,16,12,21,5],[4,12,16,20,24,18,8,22,6,5],[20,16,12,24,18,8,22,6,4,21,5],[12,16,20,4,8,18,24,6,22,21,5],[12,20,8,6,18,24,22,16,4,5],[16,4,20,12,24,18,8,6,22,5],[4,24,12,20,18,8,6,22,16,5],[8,12,4,16,20,6,18,24,22,5],[8,16,4,24,6,22,12,20,18,5],[4,16,12,20,8,6,18,24,22,5],[20,12,4,8,18,16,24,6,22,5],[16,8,20,6,18,4,12,24,22,5],[4,24,20,18,16,12,8,6,22,21,5],[12,24,8,22,6,16,4,20,18,21,5],[24,4,16,8,22,6,20,18,12,21,5],[12,16,4,24,8,22,6,20,18,21,5],[8,16,4,20,18,12,24,22,6,21,5],[16,4,20,24,22,18,12,8,6,5],[20,12,4,16,8,6,18,24,22,21,5],[20,8,18,12,4,24,22,6,16,5],[20,8,18,24,22,6,4,12,16,5],[16,20,12,24,18,4,8,22,6,21,5],[12,4,20,8,6,18,16,24,22,5],[16,20,8,6,18,4,12,24,22,21,5],[16,20,12,4,8,6,18,24,22,21,5],[24,16,12,4,8,6,22,20,18,5],[12,8,20,18,16,24,6,22,4,5],[24,4,12,16,20,18,8,6,22,21,5],[4,12,16,8,24,6,22,20,18,5],[8,16,20,6,18,24,22,12,4,5],[20,24,18,4,16,12,8,22,6,5],[20,4,16,24,18,12,8,6,22,5],[24,12,20,18,8,6,22,4,16,5],[16,24,8,6,22,12,20,18,4,5],[4,20,12,8,18,24,6,22,16,5],[4,24,12,20,22,18,8,6,16,5],[8,4,20,18,24,22,6,12,16,5],[12,20,4,8,18,16,24,6,22,21,5],[24,8,6,22,20,18,16,4,12,21,5],[8,4,20,6,18,16,24,22,12,5],[8,20,6,18,4,12,24,22,16,5],[16,20,4,24,22,18,8,6,12,5],[12,4,24,16,8,22,6,20,18,5],[16,24,12,8,22,6,20,18,4,21,5],[24,20,18,16,12,4,8,6,22,21,5],[16,8,12,4,20,6,18,24,22,5],[4,24,20,22,18,16,12,8,6,5],[16,4,8,20,18,24,22,6,12,5],[4,12,16,24,20,22,18,8,6,5],[16,4,24,12,20,18,8,22,6,5],[20,8,18,4,24,6,22,12,16,5],[8,12,16,24,6,22,4,20,18,21,5],[20,24,22,18,8,6,12,16,4,5],[16,24,4,12,20,18,8,6,22,21,5],[12,4,20,24,22,18,8,6,16,21,5],[12,4,24,16,20,18,8,6,22,21,5],[12,4,24,16,20,22,18,8,6,21,5],[20,16,4,8,6,18,12,24,22,5],[8,12,24,6,22,16,20,18,4,5],[24,12,4,20,22,18,16,8,6,21,5],[4,20,24,18,16,12,8,22,6,5],[16,24,4,8,22,6,12,20,18,5],[20,16,8,6,18,4,12,24,22,21,5],[4,20,24,22,18,12,16,8,6,5],[16,8,24,22,6,12,4,20,18,21,5],[16,4,8,12,20,18,24,22,6,5],[8,24,6,22,4,16,12,20,18,21,5],[24,16,12,8,6,22,4,20,18,5],[4,8,24,22,6,16,12,20,18,5],[16,24,8,22,6,12,4,20,18,21,5],[12,20,4,24,22,18,8,6,16,5],[24,16,12,20,22,18,4,8,6,5],[24,12,4,16,8,22,6,20,18,5],[12,16,24,20,18,4,8,6,22,5],[8,24,6,22,16,20,18,4,12,21,5],[4,12,24,8,22,6,20,18,16,21,5],[20,12,24,18,16,4,8,22,6,5],[24,8,22,6,4,16,12,20,18,5],[24,8,6,22,20,18,4,16,12,5],[20,8,6,18,16,24,22,12,4,21,5],[20,8,6,18,16,24,22,12,4,5],[8,16,12,4,24,6,22,20,18,21,5],[16,20,4,8,18,24,6,22,12,21,5],[12,4,16,24,20,22,18,8,6,21,5],[8,16,20,6,18,12,4,24,22,5],[24,20,22,18,16,12,4,8,6,21,5],[4,24,8,6,22,16,12,20,18,5],[8,20,18,12,24,22,6,4,16,5],[24,16,4,12,8,22,6,20,18,5],[24,4,12,8,6,22,16,20,18,5],[24,20,18,16,4,8,6,22,12,5],[20,16,12,4,8,6,18,24,22,5],[8,12,4,20,18,16,24,6,22,21,5],[12,8,16,20,18,4,24,6,22,5],[8,16,12,24,22,6,4,20,18,5],[20,24,22,18,4,8,6,16,12,21,5],[8,4,12,24,6,22,20,18,16,5],[4,20,12,8,6,18,24,22,16,21,5],[20,8,18,12,24,22,6,16,4,21,5],[8,24,22,6,4,12,16,20,18,21,5],[24,4,8,6,22,16,12,20,18,5],[16,12,4,20,24,18,8,22,6,21,5],[12,20,4,8,6,18,16,24,22,5],[8,20,18,16,24,22,6,12,4,5],[8,12,24,6,22,20,18,4,16,5],[16,8,24,22,6,20,18,4,12,5],[16,24,8,22,6,12,4,20,18,5],[4,24,20,18,16,12,8,22,6,5],[12,8,20,6,18,24,22,16,4,5],[20,24,22,18,12,16,4,8,6,21,5],[20,4,16,12,24,18,8,22,6,21,5],[8,12,4,16,24,6,22,20,18,21,5],[16,4,12,20,24,22,18,8,6,5],[4,8,20,6,18,24,22,16,12,5],[24,16,12,20,22,18,8,6,4,21,5],[8,20,6,18,12,24,22,16,4,21,5],[12,8,20,6,18,24,22,4,16,5],[20,24,18,4,8,6,22,12,16,5],[24,8,22,6,12,16,20,18,4,5],[12,8,16,4,24,22,6,20,18,5],[20,24,22,18,4,16,8,6,12,21,5]],"n_human":10}