{"problem_id":"8KRi3gpD56McsmX","sigma":150,"alpha":10.000,"cost":0,"probabilities":"[0.32, 0.27, 0.24, 0.17]","payoff_matrix":"[[-234, 106, 273, 232, 155, 142], [122, -87, 69, 80, -45, 141], [-110, -185, -380, -187, 224, 0], [273, -34, 104, 307, -12, -119]]","uncovered":[[21,9,22,10,11,13,14,23,15,5,6,17,18,1,19,24],[1,13,5,6,9,10,14,15,21,22,11,23,17,18,19,24],[21,1,13,22,14,15,23,5,6,17,18,9,10,11,19,24],[13,1,9,14,10,11,5,6,17,18,21,22,23,15,19,24],[21,9,22,10,23,11,13,14,15,1,5,6,17,18,19,20,24],[17,21,22,18,5,6,10,9,23,11,13,14,15,1,19,24],[13,5,14,6,1,9,10,15,23,17,18,11,19,21,22,20,24],[21,13,14,22,23,15,17,18,9,10,11,1,5,6,19,24],[17,1,5,18,6,13,14,9,10,11,21,22,15,23,19,24],[9,1,5,6,21,22,10,23,11,17,18,13,14,15,19,20,24],[5,17,6,9,18,10,2,1,13,14,11,21,22,15,23,19,24],[9,1,17,10,18,13,14,15,5,6,22,21,11,23,19,20,24],[17,21,22,18,5,6,1,9,10,23,11,13,14,15,19,20,24],[9,21,10,22,11,1,13,14,23,15,17,18,5,6,19,20,24],[21,5,6,13,22,14,23,15,1,9,10,11,17,18,19,20,24],[13,17,14,18,5,6,9,10,11,21,22,23,15,1,19,20,24],[13,17,14,18,5,6,9,10,15,1,22,21,23,11,19,24],[1,5,13,6,21,22,14,15,23,17,18,9,10,11,19,24],[5,21,6,1,9,22,10,11,17,18,13,14,15,23,19,20,24],[21,1,5,22,6,13,14,23,15,17,18,9,10,11,19,20,24],[21,17,18,22,5,6,1,13,14,23,15,9,10,11,19,20,24],[17,1,5,18,6,21,22,13,14,15,23,9,10,11,19,24],[5,21,6,9,22,10,11,1,13,14,23,15,17,18,19,24],[17,13,18,14,1,5,6,9,10,11,21,22,23,15,19,24],[17,5,6,13,14,18,24,1,9,10,11,19,15],[17,1,9,10,18,21,22,11,5,6,13,14,15,23,19,20,24],[13,1,5,6,9,14,10,11,21,22,15,23,17,18,19,24],[1,13,17,18,14,9,10,11,21,22,23,15,5,6,19,24],[17,21,22,18,9,10,23,11,13,14,15,1,5,6,19,20,24],[17,13,14,18,21,22,15,23,5,6,9,10,11,1,19,20,24],[5,13,6,21,14,22,23,15,17,18,1,9,10,11,19,24],[13,17,14,18,5,6,2,1,9,10,11,21,22,15,23,19,20,24],[21,9,10,22,23,11,17,18,5,6,1,13,14,15,19,20,24],[1,9,17,10,18,21,22,23,11,5,6,13,14,15,19,24],[21,1,9,10,22,11,5,6,13,14,15,23,17,18,19,24],[1,17,5,18,6,13,14,9,10,15,21,22,23,11,19,24],[5,9,10,6,19,17,18,11,1,13,14,15,21,22,23,24],[5,17,18,6,21,22,1,13,14,15,23,9,10,11,19,20,24],[1,13,5,14,6,21,22,15,23,9,10,11,17,18,19,20,24],[13,17,18,14,9,10,15,8,1,21,22,23,11,5,6,19,24],[21,1,9,22,10,23,11,5,6,17,18,13,14,15,19,20,24],[1,17,13,18,14,5,6,21,22,23,15,9,10,11,19,24],[9,17,18,10,13,14,11,5,6,21,22,15,23,1,19,20,24],[13,17,14,18,5,6,21,22,15,23,9,10,11,1,19,20,24],[9,13,10,14,15,1,7,18,21,22,23,11],[5,9,10,6,21,22,11,17,18,1,13,14,23,15,19,20,24],[9,5,10,6,1,17,18,21,22,11,13,14,15,23,19,20,24],[21,9,22,10,23,11,1,13,14,15,5,6,17,18,19,20,24],[13,5,6,21,14,22,15,23,17,18,9,10,11,1,19,20,24],[13,1,5,14,6,21,22,15,23,17,18,9,10,11,19,24],[13,1,9,14,10,11,5,6,17,18,21,22,23,15,19,24],[13,1,9,14,10,11,5,6,17,18,21,22,23,15,19,20,24],[17,21,18,22,5,6,1,9,10,11,13,14,23,15,19,24],[9,21,10,22,11,13,14,23,15,5,6,17,18,1,19,24],[1,17,5,6,21,18,22,9,10,23,11,13,14,15,19,24],[21,1,13,22,14,15,23,5,6,17,18,9,10,11,19,24],[9,13,10,14,15,5,6,1,17,18,21,22,23,11,19,20,24],[21,5,22,6,13,14,15,23,17,18,9,10,11,1,19,20,24],[9,14,13,10,11,5,6,21,22,23,15,17,18,1,19,24],[5,21,6,13,14,22,15,23,17,18,1,9,10,11,19,24],[5,9,6,13,14,10,11,1,21,22,23,15,17,18,19,20,24],[9,13,10,14,15,17,18,21,22,11,23,1,5,6,19,24],[9,13,10,14,11,21,22,23,15,5,6,17,18,1,19,20,24],[9,13,10,14,15,1,5,6,23,17,18,11,19,21,22,24],[13,17,14,18,21,22,15,23,9,10,11,5,6,1,19,20,24],[13,5,14,6,9,10,11,17,18,21,22,15,23,1,19,24],[17,21,22,18,1,5,6,13,14,15,23,9,10,11,19,20,24],[5,21,6,1,13,22,14,15,23,9,10,11,17,18,19,24],[9,17,10,18,2,1,21,22,23,11,13,14,15,5,6,19,20,24],[21,9,10,22,23,11,5,6,17,18,13,14,15,1,19,24],[17,21,22,18,9,10,23,11,5,6,1,13,14,15,19,24],[9,13,10,14,15,5,6,17,18,21,22,23,11,1,19,20,24],[5,1,13,6,17,18,14,9,10,11,21,22,23,15,19,20,24],[1,21,5,22,6,13,14,23,15,17,18,9,10,11,19,20,24],[13,17,14,18,9,10,11,7,1,21,22,15,23,19,24],[5,17,18,6,1,9,10,23,13,14,15,11,19,21,22,24],[9,21,22,10,23,11,1,5,6,17,18,13,14,15,19,20,24],[13,1,9,10,14,11,21,22,23,15,17,18,5,6,19,24],[9,13,14,10,11,1,21,22,15,23,5,6,17,18,19,24],[1,13,9,14,10,11,17,18,5,6,21,22,23,15,19,20,24],[1,5,13,14,6,17,18,21,22,23,15,9,10,11,19,24],[5,1,21,22,6,9,10,11,17,18,13,14,23,15,19,20,24],[1,13,21,14,22,15,23,9,10,11,5,6,17,18,19,24],[17,13,14,18,9,10,15,22,21,11,23,5,6,1,19,20,24],[13,5,14,6,17,18,9,10,11,21,22,23,15,1,19,24],[21,9,22,10,11,17,18,5,6,1,13,14,23,15,19,20,24],[17,13,14,18,5,6,9,10,15,2,1,22,21,23,11,19,24],[9,13,10,14,15,23,6,1,18,11,21,22,17,19,24],[17,5,18,6,1,21,22,9,10,11,13,14,23,15,19,24],[5,1,9,6,13,14,10,15,17,18,21,22,11,23,19,20,24],[1,17,13,18,14,5,6,9,10,11,21,22,23,15,19,24],[5,13,14,6,9,10,15,21,22,23,11,17,18,1,19,24],[5,9,6,13,10,14,11,1,17,18,22,21,15,23,19,20,24],[1,13,5,14,6,21,22,15,23,9,10,11,17,18,19,20,24],[9,21,22,10,23,11,1,13,14,15,17,18,5,6,19,24],[13,9,14,10,15,8,3,21,22,23,11,17,18,5,6,19,20,24],[5,9,10,6,4,1,21,22,11,13,14,15,23,17,18,19,24],[17,13,14,18,9,10,11,5,6,1,21,22,23,15,19,24],[1,9,5,6,17,18,10,13,14,15,21,22,11,23,19,24],[13,5,6,9,14,10,11,21,22,23,15,1,17,18,19,24],[5,21,22,6,9,10,11,17,18,13,14,15,23,1,19,20,24],[13,21,14,22,23,15,9,10,11,1,5,6,17,18,19,20,24],[13,21,14,22,15,23,9,10,11,1,5,6,17,18,19,24],[9,1,13,14,10,11,24,5,6,17,18,15,19],[13,9,14,10,15,5,6,18,21,22,11,23,1],[13,9,14,10,15,1,5,6,18,21,22,23,11],[17,13,18,14,1,21,22,15,23,9,10,11,6,19,24],[21,5,22,6,1,17,18,13,14,23,15,9,10,11,19,24],[9,13,14,10,11,17,18,5,6,21,22,15,23,1,19,24],[13,5,6,21,22,14,15,23,17,18,1,9,10,11,19,24],[5,9,10,7,17,18,13,14,11,1,21,22,23,15,19,20,24],[21,1,17,18,22,13,14,15,23,5,6,9,10,11,19,20,24],[1,5,9,6,17,18,10,21,22,11,13,14,15,23,19,20,24],[13,1,5,6,17,18,14,9,10,11,21,22,23,15,19,20,24],[5,17,6,9,18,10,3,21,22,23,11,13,14,15,19,24],[13,1,9,14,10,11,5,6,18,21,22,23,15],[5,9,10,6,1,21,22,23,11,17,18,13,14,15,19,20,24],[1,17,13,14,18,9,10,15,8,21,22,11,23,5,6,19,20,24],[17,5,18,6,9,10,2,1,16,13,14,11],[5,1,13,14,6,21,22,15,23,17,18,9,10,11,19,20,24],[9,13,14,10,11,5,6,1,21,22,23,15,17,18,19,20,24],[9,13,14,10,15,1,21,22,23,11,17,18,5,6,19,24],[9,1,13,14,10,15,23,5,6,17,18,11,19,21,22,20,24],[1,9,17,10,18,21,22,23,11,5,6,13,14,15,19,24],[9,5,6,17,18,10,21,22,23,11,1,13,14,15,19,24],[17,21,22,18,5,6,1,9,10,11,13,14,23,15,19,24],[1,17,21,22,18,13,14,15,23,9,10,11,5,6,19,20,24],[9,13,10,14,15,1,24,17,18,5,6,11,19],[21,17,22,18,9,10,11,5,6,13,14,15,23,1,19,20,24],[5,13,6,21,14,22,23,15,9,10,11,17,18,1,19,24],[1,9,17,18,10,22,21,11,13,14,15,23,5,6,19,24],[13,17,18,14,9,10,11,21,22,23,15,1,5,6,19,24],[9,21,22,10,11,1,13,14,23,15,17,18,5,6,19,24],[21,1,9,22,10,11,5,6,13,14,23,15,17,18,19,24],[21,5,22,6,17,18,1,9,10,11,13,14,15,23,19,20,24],[13,1,5,6,21,14,22,23,15,9,10,11,17,18,19,20,24],[1,13,5,14,6,18,21,22,23,15,9,10,11],[1,5,17,6,21,22,18,13,14,15,23,9,10,11,19,20,24],[17,5,6,13,14,18,1,9,10,11,21,22,15,23,19,20,24],[9,5,10,6,4,1,13,14,11,17,18,24,19,15],[5,17,18,6,9,10,13,14,15,1,24,11,19],[21,17,18,22,13,14,15,23,5,6,1,9,10,11,19,20,24],[1,17,9,10,18,13,14,15,6,21,22,23,11,19,24],[17,1,21,22,18,5,6,9,10,23,11,13,14,15,19,20,24],[21,13,14,22,15,23,17,18,1,9,10,11,5,6,19,20,24],[1,9,13,10,14,11,5,6,17,18,21,22,15,23,19,24],[17,1,5,18,6,13,14,9,10,11,21,22,15,23,19,20,24],[21,5,6,1,13,22,14,23,15,9,10,11,17,18,19,20,24],[9,17,10,18,5,6,21,22,23,11,1,13,14,15,19,24],[1,5,13,6,21,14,22,15,23,9,10,11,17,18,19,24],[1,9,19,17,10,18,11,13,14,15,21,22,23,24,5,6],[5,13,6,9,10,14,15,17,18,22,21,23,11,1,19,24],[21,9,22,10,23,11,1,17,18,13,14,15,5,6,19,20,24],[1,9,13,14,10,11,17,18,22,21,15,23,5,6,19,20,24],[21,17,18,22,1,5,6,9,10,11,13,14,15,23,19,24],[9,5,10,6,13,14,11,22,21,23,15,1,17,18,19,24],[9,5,10,6,13,14,15,2,1,21,22,11,23,17,18,19,20,24],[9,13,14,10,11,5,6,17,18,1,21,22,23,15,19,24],[21,9,22,10,23,11,13,14,15,17,18,1,5,6,19,24],[9,17,18,10,13,14,11,21,22,15,23,1,5,6,19,20,24],[5,13,14,6,9,10,11,21,22,23,15,17,18,1,19,20,24],[13,1,17,18,14,9,10,15,21,22,11,23,5,6,19,24],[21,13,22,14,23,15,5,6,17,18,9,10,11,1,19,20,24],[13,9,14,10,11,5,6,1,21,22,23,15,17,18,19,20,24],[13,17,14,18,21,22,15,23,5,6,9,10,11,1,19,20,24],[5,17,18,6,1,9,10,21,22,23,11,13,14,15,19,24],[13,21,14,22,15,23,9,10,11,5,6,1,17,18,19,20,24],[17,5,6,1,13,14,18,21,22,23,15,9,10,11,19,20,24],[9,21,10,22,23,11,5,6,17,18,13,14,15,1,19,20,24],[9,1,5,6,21,10,22,23,11,17,18,13,14,15,19,20,24],[21,5,6,1,13,22,14,23,15,17,18,9,10,11,19,24],[1,17,13,14,18,5,6,9,10,15,21,22,11,23,19,20,24],[13,17,18,14,21,22,23,15,5,6,9,10,11,1,19,20,24],[1,5,21,22,6,17,18,13,14,15,23,9,10,11,19,20,24],[1,13,9,14,10,15,21,22,23,11,17,18,5,6,19,20,24],[1,9,13,10,14,15,21,22,23,11,17,18,5,6,19,20,24],[5,9,6,13,10,14,15,17,18,21,22,23,11,1,19,20,24],[21,9,22,10,23,11,17,18,5,6,1,13,14,15,19,24],[13,17,14,18,9,10,15,21,22,23,11,5,6,1,19,20,24],[5,17,18,6,9,10,3,13,14,11,21,22,23,15,19,20,24],[17,21,22,18,13,14,15,23,1,9,10,11,5,6,19,20,24],[13,9,10,14,11,1,5,6,17,18,21,22,15,23,19,20,24],[5,9,6,1,13,10,14,15,18,22,21,23,11],[9,17,10,18,4,1,5,6,22,21,11,13,14,23,15,19,20,24],[5,21,22,6,13,14,15,23,1,17,18,9,10,11,19,20,24],[21,17,18,22,1,13,14,15,23,9,10,11,5,6,19,24],[1,21,9,22,10,23,11,5,6,17,18,13,14,15,19,24],[9,21,10,22,23,11,13,14,15,5,6,17,18,1,19,24],[5,9,10,6,13,14,15,17,18,21,22,23,11,1,19,20,24],[13,5,14,6,1,17,18,21,22,15,23,9,10,11,19,20,24],[1,17,13,18,14,9,10,15,5,6,23,11,19,21,22,24],[21,9,22,10,11,17,18,1,13,14,23,15,5,6,19,24],[9,1,21,10,22,23,11,17,18,13,14,15,5,6,19,20,24],[13,1,5,14,6,17,18,9,10,15,23,11,19,21,22,24],[9,13,10,14,11,21,22,15,23,1,5,6,17,18,19,20,24],[21,17,22,18,5,6,9,10,23,11,1,13,14,15,19,20,24],[21,17,18,22,9,10,23,11,13,14,15,1,5,6,19,24],[9,17,18,10,8,22,21,11,13,14,15,23,1,5,6,19,24],[5,21,6,17,22,18,13,14,23,15,9,10,11,1,19,24],[21,13,14,22,15,23,1,9,10,11,5,6,17,18,19,24],[9,13,10,14,11,17,18,5,6,2,1,21,22,15,23,19,20,24],[1,9,17,18,10,13,14,15,23,8,11,19,5,6,21,22,24],[1,13,5,6,9,14,10,11,21,22,15,23,17,18,19,24],[9,13,10,14,15,5,6,4,1,23,17,18,11,19,21,22,20,24],[21,9,10,22,23,11,17,18,1,5,6,13,14,15,19,20,24],[17,13,14,18,5,6,1,9,10,11,21,22,15,23,19,20,24],[13,1,9,14,10,15,6,21,22,11,23,17,18,19,20,24],[17,1,9,10,18,16,13,14,11],[21,13,22,14,23,15,5,6,9,10,11,17,18,1,19,24],[5,9,10,6,21,22,23,11,17,18,1,13,14,15,19,20,24],[17,21,18,22,9,10,23,11,1,13,14,15,5,6,19,24],[9,13,10,14,11,21,22,15,23,17,18,1,5,6,19,24],[17,9,18,10,5,6,21,22,11,13,14,15,23,1,19,24],[1,5,13,6,21,22,14,23,15,9,10,11,17,18,19,20,24],[21,1,9,10,22,23,11,13,14,15,5,6,17,18,19,24],[21,17,22,18,13,14,15,23,5,6,1,9,10,11,19,24],[5,17,18,6,21,22,1,13,14,15,23,9,10,11,19,24],[13,17,18,14,1,5,6,9,10,15,21,22,11,23,19,20,24],[1,13,21,22,14,23,15,5,6,17,18,9,10,11,19,24],[17,21,18,22,13,14,23,15,5,6,1,9,10,11,19,20,24],[1,5,13,6,9,14,10,15,21,22,23,11,17,18,19,20,24],[5,17,6,21,22,18,1,13,14,15,23,9,10,11,19,24],[21,1,13,22,14,15,23,5,6,17,18,9,10,11,19,20,24],[5,9,10,6,21,22,11,1,13,14,23,15,17,18,19,24],[17,9,18,10,5,6,21,22,11,1,13,14,23,15,19,20,24],[17,1,21,22,18,13,14,23,15,9,10,11,5,6,19,24],[21,5,6,17,22,18,9,10,23,11,1,13,14,15,19,24],[1,13,5,14,6,21,22,15,23,9,10,11,17,18,19,20,24],[17,21,18,22,9,10,11,13,14,15,23,5,6,1,19,20,24],[5,1,21,22,6,17,18,9,10,23,11,13,14,15,19,24],[1,17,9,18,10,5,6,15,21,22,11,23,19,20,24],[1,13,9,10,14,15,7,17,18,21,22,11,23,19,20,24],[21,17,18,22,9,10,11,5,6,13,14,15,23,1,19,20,24],[1,9,17,10,18,13,14,11,5,6,21,22,15,23,19,20,24],[13,5,14,6,1,9,10,11,17,18,21,22,23,15,19,20,24],[17,21,22,18,1,5,6,9,10,11,13,14,23,15,19,20,24],[21,13,14,22,15,23,5,6,17,18,1,9,10,11,19,24],[1,13,21,14,22,23,15,5,6,17,18,9,10,11,19,20,24],[21,1,9,22,10,11,5,6,17,18,13,14,15,23,19,20,24],[9,1,21,22,10,23,11,5,6,13,14,15,17,18,19,20,24],[13,5,14,6,9,10,15,2,1,20,24,11,17,18,19],[17,13,14,18,1,9,10,15,5,6,23,11,19,21,22,20,24],[5,21,6,13,22,14,15,23,1,9,10,11,17,18,19,24],[5,13,6,1,9,14,10,11,21,22,15,23,17,18,19,20,24],[21,13,14,22,23,15,5,6,9,10,11,17,18,1,19,24],[9,1,13,10,14,11,22,21,15,23,17,18,5,6,19,24],[13,5,14,6,17,18,21,22,15,23,1,9,10,11,19,20,24],[5,1,21,6,17,22,18,13,14,23,15,9,10,11,19,20,24],[17,5,6,1,9,10,18,21,22,11,13,14,15,23,19,24],[21,1,13,22,14,15,23,9,10,11,5,6,17,18,19,24],[5,13,14,6,17,18,21,22,23,15,1,10,9,11,19,20,24],[9,21,22,10,11,13,14,23,15,17,18,1,5,6,19,24],[5,21,6,1,13,14,22,15,23,17,18,9,10,11,19,20,24],[17,1,5,18,6,21,22,13,14,15,23,9,10,11,19,24],[1,13,5,6,21,22,14,15,23,9,10,11,17,18,19,24],[13,5,6,21,22,14,15,23,9,10,11,1,17,18,19,24],[21,1,9,22,10,11,5,6,13,14,15,23,17,18,19,24],[17,1,9,18,10,13,14,15,22,21,23,11,5,6,19,24],[21,9,22,10,23,11,17,18,13,14,15,5,6,1,19,24],[1,17,21,22,18,13,14,15,23,5,6,9,10,11,19,24],[5,21,6,9,10,22,23,11,13,14,15,17,18,1,19,24],[9,13,10,14,11,17,18,21,22,23,15,1,5,6,19,24],[9,21,22,10,11,13,14,23,15,17,18,2,1,5,6,19,24],[9,1,13,14,10,15,8,17,18,21,22,23,11,5,6,19,24],[13,21,22,14,15,23,5,6,17,18,1,9,10,11,19,20,24],[1,17,21,18,22,5,6,9,10,23,11,13,14,15,19,20,24],[21,1,13,14,22,15,23,17,18,5,6,9,10,11,19,24],[17,21,22,18,9,10,23,11,1,13,14,15,5,6,19,24],[13,21,22,14,15,23,9,10,11,17,18,1,5,6,19,24],[9,21,22,10,23,11,5,6,13,14,15,17,18,1,19,24],[5,9,10,6,21,22,23,11,13,14,15,1,17,18,19,24],[13,17,14,18,21,22,23,15,5,6,9,10,11,1,19,24],[9,17,18,10,13,14,11,21,22,23,15,1,5,6,19,24],[9,5,10,6,17,18,21,22,23,11,1,13,14,15,19,20,24],[13,21,14,22,15,23,9,10,11,5,6,17,18,1,19,20,24],[17,13,18,14,9,10,15,21,22,23,11,1,5,6,19,24],[1,21,9,22,10,23,11,13,14,15,5,6,17,18,19,24],[13,1,17,14,18,21,22,23,15,9,10,11,5,6,19,20,24],[17,9,18,10,5,6,1,13,14,11,21,22,15,23,19,24],[21,17,22,18,9,10,23,11,1,14,13,15,5,6,19,20,24],[1,13,5,6,17,14,18,21,22,15,23,9,10,11,19,20,24],[9,1,17,10,18,21,22,23,11,13,14,15,5,6,19,24],[5,21,6,13,22,14,15,23,9,10,11,17,18,2,1,19,20,24],[17,13,14,18,1,9,10,11,5,6,21,22,23,15,19,20,24],[17,13,14,18,21,22,23,15,5,6,9,10,11,1,19,24],[1,17,13,18,14,21,22,23,15,5,6,9,10,11,19,20,24],[9,13,14,10,15,1,5,6,21,22,23,11,17,18,19,20,24],[17,1,21,22,18,13,14,15,23,9,10,11,7,19,24],[5,9,6,1,21,10,22,11,13,14,15,23,17,18,19,20,24],[1,13,9,10,14,11,21,22,15,23,17,18,5,6,19,24],[5,21,6,1,13,14,22,23,15,17,18,9,10,11,19,20,24],[13,17,14,18,5,6,21,22,23,15,1,9,10,11,19,24],[5,9,6,13,14,10,11,3,21,22,15,23,17,18,19,20,24],[1,13,5,6,21,14,22,23,15,9,10,11,17,18,19,20,24],[1,5,13,6,17,14,18,9,10,11,21,22,15,23,19,24],[13,5,14,6,21,22,23,15,9,10,11,17,18,1,19,24],[13,21,22,14,15,23,9,10,11,1,17,18,5,6,19,20,24],[21,13,22,14,15,23,5,6,1,17,18,9,10,11,19,20,24],[13,1,5,14,6,9,10,15,17,18,21,22,23,11,19,20,24],[1,13,5,6,9,10,14,11,17,18,21,22,23,15,19,24],[5,13,14,6,9,10,15,21,22,11,23,17,18,1,19,20,24],[1,9,17,18,10,7,21,22,23,11,13,14,15,19,24],[13,17,14,18,5,6,21,22,15,23,1,9,10,11,19,20,24],[13,9,10,14,11,17,18,5,6,23,1,21,22,15,19,24],[17,5,18,6,1,9,10,21,22,11,13,14,15,23,19,24],[9,17,10,18,7,3,22,21,11,13,14,23,15,19,24],[13,1,21,22,14,15,23,9,10,11,5,6,17,18,19,24],[5,21,6,17,22,18,9,10,23,11,1,13,14,15,19,20,24],[13,1,9,14,10,15,21,22,23,11,5,6,17,18,19,20,24],[9,22,21,10,23,11,5,6,13,14,15,17,18,1,19,24],[21,17,22,18,5,6,9,10,23,11,13,14,15,1,19,24],[5,17,6,9,10,18,23,13,14,15,1,11,19,21,22,24],[13,1,5,6,21,14,22,15,23,9,10,11,17,18,19,20,24],[9,21,10,22,23,11,13,14,15,1,17,18,5,6,19,24],[21,5,6,9,10,22,11,13,14,15,23,17,18,1,19,20,24],[21,5,22,6,9,10,23,11,13,14,15,17,18,1,19,20,24],[21,13,14,22,23,15,17,18,9,10,11,1,5,6,19,20,24],[13,21,14,22,23,15,9,10,11,5,6,17,18,1,19,24],[17,1,13,14,18,5,6,9,10,15,21,22,23,11,19,20,24],[9,1,17,10,18,13,14,11,21,22,23,15,5,6,19,24],[9,21,22,10,23,11,17,18,5,6,1,13,14,15,19,24],[17,5,18,6,9,10,21,22,11,13,14,15,23,1,19,24],[13,17,18,14,5,6,1,21,22,23,15,9,10,11,19,20,24],[13,9,14,10,11,17,18,5,6,1,21,22,15,23,19,20,24],[17,1,13,14,18,21,22,15,23,5,6,9,10,11,19,20,24],[5,9,6,13,14,10,11,21,22,23,15,1,17,18,19,20,24],[5,1,17,6,13,18,14,9,10,15,24,11,19],[9,21,10,22,23,11,1,13,14,15,5,6,17,18,19,20,24],[1,17,9,18,10,21,22,23,11,13,14,15,5,6,19,20,24],[9,5,10,6,1,17,18,13,14,11,21,22,23,15,19,24],[9,13,10,14,15,21,22,23,11,17,18,5,6,1,19,20,24],[9,21,10,22,11,5,6,17,18,13,14,15,23,1,19,20,24],[13,17,14,18,1,21,22,15,23,5,6,9,10,11,19,20,24],[17,13,14,18,5,6,4,1,21,22,23,15,9,10,11,19,24],[21,1,13,22,14,23,15,17,18,9,10,11,5,6,19,20,24],[9,5,6,17,10,18,13,14,11,1,21,22,23,15,19,20,24],[17,13,14,18,5,6,21,22,23,15,9,10,11,1,19,20,24],[1,21,5,6,17,18,22,9,10,11,13,14,23,15,19,24],[5,1,21,22,6,9,10,23,11,13,14,15,17,18,19,20,24],[13,9,10,14,11,21,22,23,15,17,18,1,5,6,19,20,24],[21,13,22,14,15,23,9,10,11,5,6,1,17,18,19,24],[17,21,18,22,9,10,23,11,5,6,1,13,14,15,19,20,24],[5,17,6,9,18,10,24,13,14,11,1,19,15],[17,1,13,14,18,21,22,23,15,5,6,9,10,11,19,20,24],[9,21,10,22,23,11,17,18,5,6,13,14,15,1,19,20,24],[17,13,18,14,1,9,10,15,21,22,11,23,5,6,19,24],[1,13,17,14,18,9,10,15,5,6,21,22,23,11,19,24],[21,1,13,14,22,23,15,17,18,9,10,11,5,6,19,24],[21,13,22,14,15,23,9,10,11,1,17,18,5,6,19,20,24],[5,17,18,6,1,21,22,9,10,11,13,14,15,23,19,24],[9,17,18,10,5,6,21,22,23,11,1,13,14,15,19,24],[13,21,22,14,15,23,5,6,9,10,11,1,17,18,19,20,24],[13,5,14,6,17,18,1,21,22,15,23,9,10,11,19,20,24],[13,21,22,14,15,23,9,10,11,5,6,1,17,18,19,24],[17,9,18,10,13,14,11,1,5,6,21,22,15,23,19,24],[1,9,5,10,6,16,13,14,11],[9,21,10,22,23,11,5,6,1,17,18,13,14,15,19,24],[17,1,9,10,18,7,21,22,23,11,13,14,15,19,20,24],[13,9,10,14,11,1,21,22,15,23,5,6,17,18,19,24],[13,17,14,18,1,21,22,23,15,9,10,11,5,6,19,20,24],[9,5,6,21,22,10,23,11,17,18,13,14,15,1,19,24],[17,5,18,6,13,14,9,10,11,21,22,15,23,1,19,24],[13,1,21,14,22,15,23,5,6,9,10,11,17,18,19,20,24],[13,1,5,14,6,9,10,11,21,22,23,15,17,18,19,20,24],[1,17,9,10,18,5,6,23,16,13,14,11],[9,13,14,10,11,5,6,1,17,18,21,22,23,15,19,20,24],[1,9,5,10,6,21,22,23,11,17,18,13,14,15,19,20,24],[9,1,17,10,18,21,22,23,11,5,6,13,14,15,19,24],[9,18,1,13,10,14,15,23,5,6,11,21,22],[21,13,22,14,15,23,1,5,6,9,10,11,17,18,19,24],[17,21,22,18,9,10,11,1,13,14,23,15,5,6,19,24],[9,21,22,10,23,11,13,14,15,1,17,18,5,6,19,20,24],[5,17,6,13,14,18,9,10,11,21,22,23,15,1,19,24],[17,13,14,18,1,9,10,15,6,21,22,11,23,19,20,24],[9,21,22,10,11,13,14,15,23,1,5,6,17,18,19,24],[17,13,18,14,1,23,5,6,9,10,15,11,19,21,22,24],[17,5,18,6,1,13,14,9,10,15,21,22,23,11,19,24],[9,21,10,22,23,11,5,6,13,14,15,17,18,1,19,20,24],[1,17,13,14,18,5,6,21,22,15,23,9,10,11,19,24],[21,1,17,18,22,9,10,11,5,6,13,14,23,15,19,20,24],[5,17,18,6,1,21,22,13,14,15,23,9,10,11,19,20,24],[21,5,6,13,14,22,23,15,9,10,11,1,17,18,19,20,24],[17,9,18,10,16,13,14,11],[5,21,22,6,13,14,23,15,9,10,11,17,18,1,19,20,24],[13,5,6,17,18,14,21,22,15,23,1,9,10,11,19,20,24],[13,5,6,1,9,14,10,11,21,22,23,15,17,18,19,20,24],[17,1,13,14,18,21,22,23,15,5,6,9,10,11,19,20,24],[17,1,5,6,9,18,10,24,13,14,15,11,19],[1,9,13,14,10,15,21,22,23,11,5,6,17,18,19,24],[13,5,6,21,14,22,15,23,9,10,11,17,18,1,19,20,24],[13,21,22,14,23,15,9,10,11,17,18,5,6,1,19,24],[5,9,6,21,22,10,23,11,1,17,18,13,14,15,19,24],[5,21,6,1,13,14,22,15,23,9,10,11,17,18,19,24],[9,1,5,10,6,17,18,13,14,11,21,22,15,23,19,20,24],[17,21,22,18,5,6,9,10,23,11,1,13,14,15,19,20,24],[21,9,10,22,23,11,17,18,13,14,15,1,5,6,19,24],[9,5,10,6,17,18,13,14,15,1,23,11,19,21,22,24],[1,21,5,22,6,17,18,13,14,15,23,9,10,11,19,20,24],[5,21,6,1,13,14,22,15,23,9,10,11,17,18,19,20,24],[13,9,14,10,11,5,6,17,18,21,22,23,15,1,19,20,24],[17,21,18,22,5,6,9,10,23,11,13,14,15,1,19,24],[1,21,17,22,18,5,6,13,14,23,15,9,10,11,19,20,24],[9,1,21,10,22,23,11,17,18,13,14,15,5,6,19,20,24],[13,5,6,17,14,18,1,21,22,15,23,9,10,11,19,24],[1,21,13,14,22,23,15,9,10,11,17,18,5,6,19,24],[13,5,6,21,22,14,15,23,1,17,18,9,10,11,19,20,24],[5,13,14,6,17,18,3,21,22,15,23,9,10,11,19,20,24],[21,9,10,22,23,11,13,14,15,1,17,18,5,6,19,24],[21,13,14,22,15,23,1,5,6,9,10,11,17,18,19,24],[13,9,14,10,11,17,18,1,21,22,23,15,5,6,19,24],[9,13,10,14,11,5,6,1,21,22,15,23,17,18,19,20,24],[5,21,22,6,17,18,13,14,23,15,9,10,11,1,19,24],[13,17,14,18,21,22,15,23,5,6,1,9,10,11,19,20,24],[17,13,14,18,10,1,21,22,23,15,9,11,5,6,19,20,24],[17,5,18,6,13,14,9,10,11,21,22,23,15,1,19,20,24],[21,13,22,14,15,23,9,10,11,1,17,18,5,6,19,20,24],[9,21,10,22,23,11,13,14,15,5,6,1,17,18,19,20,24],[1,5,21,6,17,22,18,13,14,23,15,9,10,11,19,24],[13,21,14,22,23,15,5,6,1,17,18,9,10,11,19,20,24],[17,13,14,18,5,6,21,22,15,23,9,10,11,1,19,24],[21,13,22,14,15,23,1,9,10,11,5,6,17,18,19,20,24],[1,9,17,18,10,14,13,11,22,21,15,23,5,6,19,24],[9,21,10,22,23,11,13,14,15,1,5,6,17,18,19,24],[1,21,17,18,22,13,14,23,15,9,10,11,5,6,19,24],[5,17,18,6,13,14,9,10,11,21,22,15,23,1,19,24],[17,1,9,18,10,21,22,11,5,6,13,14,15,23,19,24],[17,1,5,6,13,18,14,9,10,11,21,22,23,15,19,20,24],[5,17,6,9,10,18,1,13,14,11,22,21,15,23,19,20,24],[13,17,14,18,5,6,21,22,15,23,1,9,10,11,19,20,24],[5,9,10,6,13,14,15,17,18,1,21,22,11,23,19,20,24],[9,17,18,10,13,14,11,24,5,6,2,1,15,19],[5,9,10,6,17,18,1,22,21,23,11,13,14,15,19,24],[5,13,6,17,18,14,1,21,22,23,15,9,10,11,19,24],[13,9,10,14,11,1,21,22,23,15,5,6,17,18,19,20,24],[17,5,6,1,21,22,18,13,14,23,15,9,10,11,19,24],[1,17,9,10,18,14,13,15,5,6,21,22,11,23,19,24],[1,21,17,22,18,13,14,23,15,9,10,11,5,6,19,20,24],[13,1,21,14,22,15,23,5,6,9,10,11,17,18,19,24],[13,21,14,22,15,23,9,10,11,5,6,17,18,1,19,24],[21,13,22,14,23,15,17,18,5,6,9,10,11,1,19,20,24],[13,17,14,18,5,6,9,10,11,21,22,23,15,1,19,24],[9,13,10,14,15,17,18,5,6,21,22,11,23,1,19,20,24],[1,5,17,6,21,18,22,9,10,23,11,13,14,15,19,24],[17,13,14,18,22,21,23,15,1,9,10,11,5,6,19,24],[1,5,21,22,6,17,18,9,10,23,11,13,14,15,19,24],[1,9,17,18,10,21,22,23,11,13,14,15,5,6,19,24],[21,17,18,22,5,6,13,14,15,23,1,9,10,11,19,20,24],[1,5,21,22,6,9,10,11,17,18,13,14,15,23,19,24],[17,9,10,18,1,13,14,11,21,22,23,15,5,6,19,24],[1,13,9,14,10,15,23,5,6,17,18,11,19,21,22,20,24],[21,17,22,18,13,14,15,23,1,9,10,11,5,6,19,20,24],[21,5,6,17,22,18,1,13,14,15,23,9,10,11,19,20,24],[17,5,18,6,13,14,1,9,10,11,21,22,15,23,19,24],[1,13,17,14,18,5,6,9,10,15,21,22,23,11,19,20,24],[5,1,21,6,9,22,10,23,11,13,14,15,17,18,19,20,24],[13,1,5,6,9,10,14,15,18,21,22,23,11],[17,1,21,18,22,9,10,23,11,5,6,13,14,15,19,20,24],[5,1,13,14,6,17,18,21,22,15,23,9,10,11,19,24],[1,13,5,6,9,14,10,11,17,18,21,22,15,23,19,24],[17,21,22,18,5,6,9,10,23,11,13,14,15,1,19,24],[17,5,6,1,21,22,18,9,10,11,13,14,23,15,19,24],[21,1,17,22,18,9,10,23,11,13,14,15,5,6,19,20,24],[9,5,6,1,21,10,22,11,13,14,23,15,17,18,19,24],[5,1,21,6,13,14,22,23,15,17,18,9,10,11,19,24],[9,17,10,18,5,6,13,14,15,21,22,11,23,1,19,20,24],[1,5,21,6,9,10,22,11,17,18,13,14,23,15,19,20,24],[13,9,10,14,11,5,6,18,1,21,22,15,23],[17,21,22,18,5,6,13,14,23,15,9,10,11,1,19,20,24],[5,1,9,10,6,17,18,24,13,14,15,11,19],[13,5,14,6,9,10,11,23,1,17,18,21,22,15,19,24],[17,9,18,10,5,6,1,21,22,11,13,14,23,15,19,20,24],[13,17,14,18,1,21,22,23,15,9,10,11,5,6,19,20,24],[5,1,17,18,6,21,22,9,10,11,13,14,15,23,19,24],[5,1,17,18,6,9,10,21,22,11,13,14,15,23,19,20,24],[1,13,5,6,17,18,14,9,10,11,21,22,23,15,19,24],[9,21,10,22,23,11,17,18,13,14,15,5,6,1,19,24],[17,1,13,18,14,9,10,11,5,6,23,21,22,15,19,20,24],[17,9,10,18,5,6,14,13,15,1,24,11,19],[9,13,10,14,15,21,22,23,11,17,18,5,6,1,19,20,24],[13,21,14,22,15,23,9,10,11,3,5,6,17,18,19,24],[17,21,22,18,9,10,11,1,13,14,23,15,5,6,19,20,24],[13,1,17,18,14,5,6,21,22,23,15,9,10,11,19,24],[5,1,17,6,9,10,18,14,13,15,21,22,23,11,19,20,24],[13,9,14,10,11,17,18,1,21,22,23,15,5,6,19,24],[5,1,17,6,21,22,18,13,14,23,15,9,10,11,19,24],[1,13,17,18,14,9,10,15,5,6,21,22,23,11,19,24],[17,9,18,10,21,22,23,11,13,14,15,1,5,6,19,24],[17,21,18,22,13,14,15,23,9,10,11,1,5,6,19,24],[13,21,14,22,15,23,17,18,5,6,1,9,10,11,19,20,24],[5,17,6,13,14,18,1,9,10,11,21,22,23,15,19,20,24],[13,9,14,10,11,1,5,6,21,22,15,23,17,18,19,20,24],[13,5,6,17,18,14,1,9,10,11,21,22,15,23,19,24],[1,9,13,14,10,15,5,6,22,21,23,11,17,18,19,24],[5,17,6,9,18,10,1,21,22,11,13,14,15,23,19,24],[1,13,21,22,14,15,23,5,6,9,10,11,17,18,19,24],[5,21,6,9,10,22,23,11,13,14,15,1,17,18,19,20,24],[5,21,6,13,14,22,15,23,1,9,10,11,17,18,19,20,24],[21,13,14,22,23,15,17,18,9,10,11,1,5,6,19,20,24],[17,21,18,22,1,9,10,23,11,5,6,13,14,15,19,24],[9,21,10,23,8,13,14,11,1,17,18,22,15,7,19,24],[21,17,18,22,1,5,6,9,10,11,13,14,23,15,19,24],[5,13,14,6,9,10,11,17,18,1,22,21,15,23,19,20,24],[1,21,5,22,6,13,14,15,23,9,10,11,17,18,19,20,24],[9,17,10,18,15,6,21,22,11,1,19,23,24],[13,21,22,14,15,23,5,6,9,10,11,17,18,2,1,19,24],[17,5,6,9,10,18,21,22,11,13,14,15,23,1,19,20,24],[9,13,14,10,11,1,5,6,21,22,15,23,17,18,19,24],[13,1,5,6,9,10,14,15,17,18,21,22,23,11,19,24],[21,1,5,22,6,13,14,23,15,9,10,11,17,18,19,24],[21,5,6,17,18,22,13,14,15,23,9,10,11,1,19,20,24],[9,21,22,10,23,11,17,18,1,5,6,13,14,15,19,20,24],[9,21,10,22,23,11,5,6,17,18,1,13,14,15,19,24],[1,5,21,6,9,22,10,11,17,18,13,14,15,23,19,20,24],[13,1,21,22,14,15,23,9,10,11,17,18,5,6,19,24],[1,13,17,14,18,9,10,15,5,6,22,21,11,23,19,20,24],[5,21,6,13,14,22,23,15,1,17,18,9,10,11,19,24],[1,5,13,14,6,21,22,15,23,9,10,11,17,18,19,20,24],[1,5,17,6,13,14,18,9,10,11,21,22,23,15,19,20,24],[5,1,9,6,21,22,10,11,13,14,15,23,17,18,19,24],[21,9,10,22,23,11,5,6,13,14,15,1,17,18,19,24],[17,1,21,22,18,9,10,11,5,6,13,14,15,23,19,24],[21,5,6,17,22,18,9,10,11,1,13,14,15,23,19,20,24],[17,5,6,21,22,18,1,13,14,15,23,9,10,11,19,24],[21,13,14,22,23,15,5,6,17,18,1,9,10,11,19,24],[21,13,22,14,23,15,1,9,10,11,5,6,17,18,19,20,24],[21,1,17,18,22,5,6,9,10,23,11,13,14,15,19,24],[5,1,13,14,6,17,18,21,22,15,23,9,10,11,19,20,24],[1,9,17,10,18,21,22,11,5,6,13,14,15,23,19,20,24],[21,13,14,22,15,23,9,10,11,1,17,18,5,6,19,20,24],[9,13,10,14,15,1,5,6,21,22,23,11,17,18,19,20,24],[21,13,14,22,23,15,17,18,5,6,9,10,11,1,19,20,24],[21,17,22,18,9,10,11,1,13,14,15,23,5,6,19,20,24],[17,5,6,1,21,22,18,9,10,11,13,14,23,15,19,20,24],[13,5,14,6,1,17,18,21,22,23,15,9,10,11,19,20,24],[21,9,22,10,23,11,13,14,15,17,18,5,6,1,19,24],[21,17,18,22,13,14,15,23,9,10,11,1,5,6,19,24],[13,21,22,14,15,23,17,18,1,9,10,11,5,6,19,20,24],[21,17,22,18,1,9,10,11,13,14,15,23,5,6,19,20,24],[21,17,18,22,1,5,6,13,14,23,15,9,10,11,19,24],[5,17,6,9,10,18,1,16,13,14,11],[17,1,13,14,18,9,10,11,21,22,23,15,5,6,19,20,24],[9,5,10,6,4,1,21,22,11,17,18,13,14,15,23,19,24],[13,17,14,18,22,21,15,23,9,10,11,5,6,1,19,24],[21,1,9,22,10,11,5,6,17,18,13,14,23,15,19,20,24],[9,17,10,18,13,14,15,21,22,11,23,1,5,6,19,24],[17,9,10,18,23,13,14,15,1,5,6,11,19,21,22,20,24],[21,1,5,6,17,18,22,9,10,11,13,14,23,15,19,24],[1,9,17,10,18,21,22,11,5,6,13,14,23,15,19,24],[21,1,13,22,14,23,15,9,10,11,17,18,5,6,19,24],[9,13,10,14,11,1,17,18,5,6,21,22,23,15,19,24],[17,9,18,10,2,1,5,6,21,22,11,13,14,15,23,19,20,24],[13,1,17,14,18,5,6,21,22,23,15,9,10,11,19,20,24],[21,5,22,6,17,18,13,14,23,15,9,10,11,1,19,20,24],[9,1,13,14,10,15,5,6,19,17,18,11,21,22,23,20,24],[5,17,6,1,21,22,18,13,14,23,15,9,10,11,19,24],[17,13,14,18,9,10,15,1,21,22,23,11,5,6,19,20,24],[9,1,13,10,14,11,17,18,5,6,21,22,15,23,19,20,24],[9,17,18,10,22,21,11,13,14,23,15,5,6,1,19,24],[21,1,17,18,22,13,14,23,15,5,6,9,10,11,19,24],[1,5,9,6,17,18,10,21,22,23,11,13,14,15,19,24],[5,21,6,13,14,22,15,23,1,9,10,11,17,18,19,24],[9,21,10,22,23,11,5,6,17,18,13,14,15,1,19,24],[13,9,14,10,15,5,6,23,1,17,18,11,19,21,22,20,24],[13,1,5,6,17,14,18,9,10,15,22,21,23,11,19,24],[21,13,14,22,15,23,1,17,18,9,10,11,5,6,19,24],[9,1,17,18,10,21,22,23,11,13,14,15,5,6,19,24],[1,13,9,10,14,11,17,18,6,21,22,15,23,19,20,24],[21,13,22,14,23,15,17,18,9,10,11,5,6,1,19,24],[1,17,9,18,10,24,6,14,13,11,15,19],[5,9,10,6,21,22,23,11,13,14,15,17,18,1,19,24],[5,1,9,10,6,17,18,13,14,11,21,22,15,23,19,24],[9,13,14,10,15,22,21,23,11,17,18,1,5,6,19,20,24],[17,21,22,18,1,5,6,9,10,11,13,14,15,23,19,24],[5,13,6,17,18,14,10,24,1,9,11,15,19],[17,1,9,10,18,21,23,16,13,14,11],[21,9,10,22,23,11,17,18,5,6,13,14,15,1,19,20,24],[5,9,10,6,1,13,14,11,21,22,15,23,17,18,19,24],[21,1,13,22,14,23,15,9,10,11,17,18,5,6,19,20,24],[1,21,17,18,22,5,6,9,10,11,13,14,23,15,19,20,24],[9,21,10,22,23,11,13,14,15,1,5,6,17,18,19,24],[21,17,22,18,13,14,15,23,1,5,6,9,10,11,19,20,24],[5,9,6,17,18,10,1,22,21,23,11,13,14,15,19,24],[1,5,17,6,13,14,18,21,22,23,15,9,10,11,19,20,24],[9,13,10,14,11,17,18,21,22,15,23,1,5,6,19,24],[5,21,6,13,14,22,15,23,1,17,18,9,10,11,19,20,24],[5,17,18,6,13,14,9,10,11,1,22,21,23,15,19,24],[21,13,14,22,23,15,5,6,17,18,9,10,11,1,19,24],[21,9,22,10,11,13,14,23,15,17,18,1,5,6,19,20,24],[1,9,17,10,18,13,14,11,6,21,22,23,15,19,20,24],[17,9,10,18,3,21,22,23,11,13,14,15,5,6,19,24],[5,21,22,6,9,10,23,11,1,13,14,15,17,18,19,20,24],[21,1,13,22,14,15,23,9,10,11,17,18,5,6,19,24],[13,17,14,18,21,22,23,15,5,6,9,10,11,1,19,24],[17,5,18,6,13,14,21,22,15,23,9,10,11,1,19,24],[5,1,17,18,6,21,22,9,10,23,11,13,14,15,19,20,24],[21,5,6,1,9,10,22,11,17,18,13,14,23,15,19,20,24],[1,9,21,22,10,11,17,18,13,14,23,15,5,6,19,24],[9,21,22,10,11,5,6,17,18,13,14,15,23,1,19,24],[21,5,22,6,17,18,1,13,14,15,23,9,10,11,19,20,24],[1,9,21,22,10,11,17,18,5,6,13,14,15,23,19,20,24],[17,5,6,9,10,18,13,14,11,1,21,22,23,15,19,24],[9,17,18,10,21,22,23,11,1,13,14,15,5,6,19,24],[5,13,14,6,17,18,9,10,11,1,21,22,23,15,19,20,24],[9,1,13,14,10,11,18,21,22,23,15,5,6],[9,13,14,10,11,18,5,6,21,22,15,23,1],[9,17,10,18,21,22,11,13,14,23,15,1,5,6,19,24],[17,1,5,18,6,21,22,9,10,11,13,14,23,15,19,20,24],[1,9,21,10,22,11,5,6,17,18,13,14,23,15,19,20,24],[13,5,6,17,14,18,23,9,10,15,1,11,19,21,22,20,24],[17,21,18,22,5,6,1,13,14,23,15,9,10,11,19,24],[21,1,17,22,18,5,6,13,14,23,15,9,10,11,19,20,24],[5,1,9,10,6,13,14,11,17,18,21,22,23,15,19,24],[13,1,5,14,6,17,18,21,22,23,15,9,10,11,19,20,24],[17,21,22,18,9,10,11,5,6,1,13,14,23,15,19,20,24],[9,21,22,10,11,13,14,23,15,17,18,5,6,1,19,20,24],[13,17,14,18,1,9,10,11,22,21,23,15,5,6,19,24],[1,21,13,14,22,23,15,5,6,17,18,9,10,11,19,24],[1,13,5,14,6,21,22,15,23,9,10,11,17,18,19,24],[17,13,14,18,9,10,11,23,5,6,1,21,22,15,19,24],[9,17,10,18,23,5,6,13,14,11,1,21,22,15,19,20,24],[1,5,9,10,6,17,18,16,13,14,11],[9,21,10,22,11,5,6,13,14,15,23,1,17,18,19,20,24],[13,17,14,18,9,10,15,1,7,21,22,23,11,19,20,24],[21,5,22,6,9,10,23,11,13,14,15,17,18,1,19,24],[13,1,17,18,14,5,6,21,22,23,15,9,10,11,19,20,24],[9,5,6,21,10,22,23,11,13,14,15,1,17,18,19,24],[5,13,14,6,1,9,10,11,21,22,15,23,17,18,19,24],[17,1,5,18,6,9,10,13,14,15,22,21,23,11,19,24],[1,5,13,6,17,14,18,21,22,15,23,9,10,11,19,20,24],[9,17,10,18,5,6,13,14,11,1,21,22,23,15,19,20,24],[13,17,18,14,21,22,15,23,5,6,1,9,10,11,19,20,24],[13,5,6,1,21,14,22,15,23,17,18,9,10,11,19,24],[13,5,14,6,17,18,21,22,15,23,9,10,11,1,19,20,24],[21,5,6,17,18,22,13,14,23,15,1,9,10,11,19,24],[13,9,10,14,11,5,6,21,22,23,15,17,18,1,19,20,24],[17,5,6,21,18,22,9,10,23,11,13,14,15,1,19,20,24],[9,1,17,10,18,5,7,21,22,23,11,13,14,15,19,20,24],[21,17,18,22,9,10,11,5,6,13,14,23,15,1,19,24],[13,21,22,14,23,15,5,6,1,9,10,11,17,18,19,20,24],[13,9,14,10,11,5,6,21,22,23,15,17,18,1,19,20,24],[5,13,14,6,9,10,11,24,17,18,4,1,19,15],[13,9,10,14,15,1,5,6,21,22,11,23,17,18,19,20,24],[17,13,18,14,21,22,15,23,9,10,11,1,5,6,19,20,24],[21,9,10,22,23,11,1,13,14,15,17,18,5,6,19,20,24],[21,17,22,18,1,13,14,23,15,9,10,11,5,6,19,20,24],[5,1,9,6,17,10,18,21,22,23,11,13,14,15,19,20,24],[21,13,22,14,15,23,9,10,11,1,17,18,5,6,19,20,24],[1,21,9,10,22,11,17,18,5,6,13,14,23,15,19,24],[17,5,18,6,13,14,21,22,15,23,1,9,10,11,19,20,24],[9,21,10,22,11,13,14,15,23,17,18,1,5,6,19,24],[13,9,10,14,11,17,18,5,6,21,22,23,15,1,19,20,24],[1,5,13,6,21,22,14,15,23,9,10,11,17,18,19,20,24],[21,9,22,10,23,11,13,14,15,17,18,5,6,1,19,20,24],[9,21,22,10,11,13,14,23,15,1,17,18,5,6,19,20,24],[9,5,10,6,21,22,11,17,18,1,13,14,15,23,19,20,24],[21,1,5,6,9,10,22,11,13,14,23,15,17,18,19,24],[17,21,22,18,5,6,13,14,15,23,1,9,10,11,19,24],[5,17,18,6,13,14,10,9,11,21,22,23,15,1,19,24],[13,5,14,6,17,18,9,10,11,21,22,15,23,1,19,20,24],[1,13,17,14,18,5,6,9,10,11,21,22,23,15,19,20,24],[5,17,6,13,18,14,2,1,21,22,15,23,9,10,11,19,20,24],[13,1,9,10,14,11,5,6,21,22,23,15,17,18,19,24],[21,9,22,10,23,11,17,18,5,6,1,13,14,15,19,24],[17,5,6,13,14,18,9,10,15,1,21,22,23,11,19,20,24],[9,21,22,10,23,11,13,14,15,5,6,1,17,18,19,20,24],[13,21,22,14,23,15,9,10,11,1,5,6,17,18,19,20,24],[17,13,18,14,5,6,9,10,15,24,1,11,19],[5,9,10,6,17,18,21,22,23,11,13,14,15,1,19,24],[13,17,18,14,1,9,10,15,21,22,11,23,5,6,19,20,24],[13,9,14,10,15,17,18,5,6,1,21,22,23,11,19,20,24],[1,13,21,14,22,23,15,5,6,17,18,9,10,11,19,24],[13,21,14,22,15,23,1,5,6,9,10,11,17,18,19,24],[1,21,17,22,18,9,10,23,11,13,14,15,5,6,19,24],[9,21,10,22,23,11,17,18,1,13,14,15,5,6,19,24],[13,17,14,18,1,5,6,21,22,23,15,9,10,11,19,24],[13,21,14,22,15,23,17,18,5,6,1,9,10,11,19,24],[17,21,22,18,9,10,23,11,1,5,6,13,14,15,19,20,24],[5,9,6,1,21,22,10,23,11,17,18,13,14,15,19,24],[13,9,10,14,11,5,6,1,21,22,15,23,17,18,19,20,24],[9,17,18,10,2,1,8,13,14,11,24,5,6,15,19],[17,21,18,22,9,10,11,13,14,15,23,5,6,1,19,24],[5,21,22,6,17,18,1,13,14,15,23,9,10,11,19,20,24],[17,13,14,18,1,21,22,23,15,9,10,11,5,6,19,20,24],[5,1,21,22,6,9,10,23,11,13,14,15,17,18,19,24],[13,1,5,14,6,21,22,15,23,17,18,9,10,11,19,24],[1,17,5,18,6,9,10,21,22,23,11,13,14,15,19,20,24],[21,5,6,1,9,22,10,11,17,18,13,14,23,15,19,24],[9,5,6,21,22,10,11,1,13,14,15,23,17,18,19,20,24],[17,1,21,18,22,9,10,23,11,5,6,13,14,15,19,24],[1,5,17,6,21,22,18,13,14,15,23,9,10,11,19,24],[13,9,10,14,15,1,17,18,21,22,23,11,5,6,19,24],[5,21,6,9,22,10,23,11,17,18,1,13,14,15,19,20,24],[1,9,17,10,18,7,13,14,15,22,21,11,23,19,24],[1,21,17,22,18,13,14,15,23,5,6,9,10,11,19,20,24],[5,1,17,6,21,22,18,13,14,23,15,9,10,11,19,20,24],[13,1,21,22,14,15,23,9,10,11,17,18,5,6,19,20,24],[13,17,18,14,5,6,9,10,11,21,22,15,23,1,19,24],[13,1,5,6,17,18,14,21,22,23,15,9,10,11,19,20,24],[13,17,14,18,21,22,15,23,5,6,9,10,11,1,19,24],[13,17,18,14,1,21,22,23,15,5,6,9,10,11,19,20,24],[1,21,17,22,18,9,10,11,5,6,13,14,23,15,19,24],[9,17,18,10,1,13,14,11,5,6,21,22,23,15,19,24],[9,1,13,10,14,15,7,19,17,18,11,21,22,23,20,24],[9,5,10,6,14,13,15,17,18,1,21,22,23,11,19,24],[21,17,22,18,13,14,23,15,9,10,11,1,5,6,19,24],[13,17,14,18,9,10,15,21,22,11,23,1,5,6,19,24],[1,13,17,18,14,21,22,15,23,9,10,11,5,6,19,20,24],[13,1,21,14,22,23,15,17,18,5,6,9,10,11,19,20,24],[5,1,17,6,21,22,18,9,10,23,11,13,14,15,19,20,24],[13,17,14,18,1,9,10,11,5,6,22,21,23,15,19,24],[17,13,18,14,1,5,6,9,10,11,21,22,23,15,19,20,24],[17,1,5,18,6,21,22,9,10,11,13,14,15,23,19,24],[5,17,6,13,18,14,1,10,9,11,21,22,23,15,19,24],[17,9,10,18,21,22,23,11,13,14,15,1,5,6,19,20,24],[17,1,13,18,14,5,6,9,10,11,21,22,23,15,19,24],[1,21,17,22,18,13,14,15,23,9,10,11,5,6,19,24],[21,1,17,22,18,13,14,15,23,10,9,11,5,6,19,20,24],[17,5,18,6,9,10,1,21,22,23,11,13,14,15,19,24],[13,5,14,6,21,22,23,15,1,17,18,9,10,11,19,24],[1,5,17,6,9,18,10,13,14,15,23,11,19,21,22,20,24],[1,5,17,18,6,21,22,9,10,23,11,13,14,15,19,24],[9,13,14,10,15,21,22,11,23,1,5,6,17,18,19,20,24],[5,13,14,6,1,17,18,9,10,11,21,22,15,23,19,24],[21,9,10,22,23,11,17,18,13,14,15,1,5,6,19,24],[13,1,21,14,22,15,23,17,18,5,6,9,10,11,19,24],[17,13,14,18,5,6,1,21,22,23,15,9,10,11,19,20,24],[1,5,17,18,6,9,10,13,14,15,21,22,23,11,19,24],[13,5,14,6,9,10,11,21,22,15,23,17,18,1,19,20,24],[9,5,10,6,22,21,23,11,13,14,15,1,17,18,19,24],[21,1,17,18,22,13,14,23,15,9,10,11,5,6,19,20,24],[9,21,10,22,11,1,5,6,17,18,13,14,23,15,19,24],[21,13,14,22,15,23,1,5,6,17,18,9,10,11,19,24],[9,5,10,6,13,14,15,17,18,1,21,22,11,23,19,24],[9,13,14,10,11,17,18,5,6,21,22,23,15,1,19,24],[21,13,14,22,15,23,9,10,11,5,6,17,18,1,19,20,24],[17,21,22,18,13,14,15,23,1,9,10,11,5,6,19,24],[21,9,22,10,11,5,6,17,18,1,13,14,15,23,19,20,24],[9,17,18,10,21,22,11,1,13,14,23,15,5,6,19,20,24],[17,21,22,18,1,13,14,15,23,5,6,9,10,11,19,24],[9,17,18,10,1,21,22,23,11,13,14,15,5,6,19,20,24],[1,17,21,18,22,5,6,13,14,15,23,9,10,11,19,24],[5,17,6,13,18,14,21,22,15,23,1,9,10,11,19,20,24],[17,21,22,18,9,10,23,11,1,13,14,15,5,6,19,20,24],[21,5,6,17,18,22,1,9,10,11,13,14,15,23,19,24],[21,17,18,22,13,14,15,23,9,10,11,1,5,6,19,20,24],[21,17,22,18,5,6,9,10,23,11,1,13,14,15,19,20,24],[17,21,18,22,13,14,15,23,5,6,1,9,10,11,19,24],[9,1,13,10,14,15,5,6,17,18,21,22,23,11,19,24],[21,13,14,22,15,23,1,9,10,11,5,6,17,18,19,20,24],[13,17,14,18,5,6,9,10,11,1,21,22,15,23,19,24],[13,9,10,14,15,5,6,19,17,18,11,21,22,23,20,24,1],[13,5,6,21,14,22,23,15,17,18,9,10,11,1,19,20,24],[13,9,10,14,11,23,5,6,17,18,1,21,22,15,19,24],[13,1,21,22,14,15,23,17,18,9,10,11,5,6,19,24],[5,17,18,6,1,21,22,13,14,15,23,9,10,11,19,20,24],[21,13,22,14,15,23,17,18,5,6,9,10,11,1,19,24],[17,9,18,10,2,1,23,13,14,11,5,6,21,22,15,19,24],[17,13,14,18,10,1,21,22,15,23,9,11,5,6,19,24],[17,5,6,1,9,18,10,21,22,11,13,14,23,15,19,20,24],[17,1,13,18,14,21,22,15,23,9,10,11,5,6,19,24],[1,5,13,14,6,17,18,9,10,15,24,11,19],[9,13,10,14,11,1,5,6,17,18,21,22,15,23,19,24],[5,13,6,21,14,22,15,23,1,9,10,11,17,18,19,20,24],[5,21,6,9,10,22,11,1,17,18,13,14,15,23,19,24],[13,5,6,21,14,22,15,23,17,18,1,9,10,11,19,24],[1,5,21,22,6,13,14,15,23,9,10,11,17,18,19,24],[21,1,17,22,18,13,14,15,23,9,10,11,5,6,19,20,24],[21,9,10,22,23,11,5,6,13,14,15,17,18,1,19,24],[5,13,6,21,22,14,15,23,1,17,18,9,10,11,19,24],[13,21,22,14,15,23,1,5,6,17,18,9,10,11,19,24],[21,5,6,9,22,10,11,13,14,23,15,17,18,1,19,20,24],[13,17,18,14,1,9,10,11,5,6,22,21,23,15,19,24],[9,13,14,10,11,1,21,22,15,23,17,18,5,6,19,20,24],[21,13,14,22,15,23,9,10,11,17,18,1,5,6,19,24],[9,5,6,1,21,10,22,11,13,14,15,23,17,18,19,20,24],[17,5,18,6,9,10,21,22,11,13,14,15,23,1,19,20,24],[13,9,14,10,11,1,21,22,15,23,17,18,5,6,19,24],[17,13,18,14,5,6,9,10,15,1,21,22,23,11,19,20,24],[13,1,17,14,18,5,6,21,22,23,15,9,10,11,19,20,24],[1,21,9,22,10,23,11,13,14,15,5,6,17,18,19,20,24],[21,5,22,6,17,18,9,10,23,11,13,14,15,1,19,20,24],[13,1,21,14,22,23,15,5,6,9,10,11,17,18,19,24],[17,9,10,18,13,14,15,5,6,21,22,23,11,1,19,24],[9,17,18,10,5,6,23,15,1,21,22,11,19,24],[9,1,5,10,7,15,17,18,21,22,23,11,19,20,24],[13,21,14,22,23,15,9,10,11,1,17,18,5,6,19,24],[13,1,9,14,10,15,17,18,5,7,21,22,11,23,19,24],[17,13,18,14,5,6,10,21,22,23,15,9,11,1,19,24],[13,21,22,14,15,23,9,10,11,17,18,5,6,1,19,24],[21,13,22,14,15,23,5,6,17,18,10,9,11,1,19,20,24],[5,13,14,6,1,17,18,21,22,23,15,9,10,11,19,20,24],[1,9,17,10,18,13,14,11,23,5,6,21,22,15,19,20,24],[9,1,21,10,22,23,11,5,6,17,18,13,14,15,19,20,24],[5,17,6,21,22,18,9,10,23,11,13,14,15,1,19,24],[1,5,13,6,17,14,18,21,22,23,15,9,10,11,19,20,24],[13,5,14,6,17,18,22,21,23,15,9,10,11,1,19,20,24],[21,9,10,22,11,13,14,15,23,17,18,1,5,6,19,24],[13,21,14,22,23,15,17,18,1,9,10,11,5,6,19,20,24],[13,5,6,9,10,14,11,1,17,18,24,19,15],[5,17,18,6,1,21,22,9,10,23,11,13,14,15,19,20,24],[1,5,9,6,17,10,18,13,14,11,21,22,23,15,19,24],[17,21,18,22,13,14,23,15,1,9,10,11,5,6,19,24],[21,5,6,13,14,22,23,15,1,17,18,9,10,11,19,20,24],[5,21,22,6,2,1,9,10,11,13,14,15,23,17,18,19,24],[13,21,22,14,23,15,17,18,5,6,9,10,11,1,19,24],[13,5,6,9,14,10,15,21,22,23,11,17,18,1,19,20,24],[9,5,6,19,17,10,18,11,13,14,15,1,21,22,23,24],[13,17,18,14,5,6,9,10,11,21,22,15,23,1,19,24],[9,21,22,10,23,11,13,14,15,17,18,5,6,1,19,20,24],[21,9,22,10,11,1,17,18,13,14,23,15,5,6,19,24],[9,5,10,6,2,1,18,22,21,23,11,13,14,15],[9,5,6,17,18,10,13,14,15,1,21,22,11,23,19,24],[5,1,17,18,6,9,10,13,14,15,21,22,23,11,19,20,24],[9,21,10,22,23,11,13,14,15,1,5,6,17,18,19,20,24],[21,17,22,18,5,6,9,10,23,11,13,14,15,1,19,24],[5,9,6,13,14,10,11,17,18,21,22,23,15,1,19,20,24],[5,9,6,17,10,18,21,22,11,13,14,23,15,1,19,24],[5,17,18,6,21,22,13,14,15,23,9,10,11,1,19,20,24],[9,1,17,10,18,22,21,11,13,14,15,23,5,6,19,24],[13,5,6,9,14,10,15,17,18,21,22,23,11,1,19,24],[1,21,9,10,22,11,17,18,5,6,13,14,23,15,19,24],[17,1,5,6,21,18,22,13,14,15,23,9,10,11,19,24],[9,17,10,18,21,22,11,5,6,1,13,14,15,23,19,20,24],[17,21,22,18,5,6,1,13,14,23,15,9,10,11,19,20,24],[1,9,13,14,10,15,22,21,23,11,8,17,18,5,6,19,20,24],[21,13,14,22,15,23,5,6,1,17,18,9,10,11,19,20,24],[17,21,22,18,13,14,23,15,9,10,11,5,6,1,19,20,24],[5,9,6,23,13,10,14,11,1,17,18,21,22,15,19,24],[21,1,17,22,18,9,10,23,11,13,14,15,5,6,19,24],[13,1,5,14,6,9,10,15,17,18,21,22,11,23,19,24],[13,17,18,14,1,9,10,15,7,21,22,11,23,19,24],[5,17,6,13,14,18,9,10,15,21,22,11,23,1,19,24],[9,5,10,6,21,22,23,11,13,14,15,17,18,1,19,24],[17,21,18,22,1,5,6,13,14,23,15,9,10,11,19,24],[1,17,5,6,9,18,10,13,14,15,21,22,23,11,19,24],[17,1,9,10,18,21,22,23,11,13,14,15,5,6,19,20,24],[1,13,21,14,22,23,15,5,6,17,18,9,10,11,19,20,24],[21,13,14,22,15,23,17,18,5,6,9,10,11,1,19,20,24],[1,13,5,6,17,18,14,21,22,15,23,9,10,11,19,24],[1,17,9,10,18,23,13,14,15,5,6,11,19,21,22,20,24],[1,21,9,10,22,11,13,14,15,23,17,18,5,6,19,20,24],[13,17,14,18,21,22,23,15,5,6,1,9,10,11,19,24],[5,17,18,6,21,22,1,13,14,23,15,9,10,11,19,20,24],[21,1,9,10,22,23,11,13,14,15,17,18,5,6,19,24],[21,13,22,14,15,23,9,10,11,5,6,17,18,1,19,20,24],[5,13,14,6,1,17,18,21,22,15,23,9,10,11,19,24],[5,9,10,6,13,14,