{"problem_id":"TkAakDMXBOIGmQ7","sigma":150,"alpha":10.000,"cost":0,"probabilities":"[0.28, 0.22, 0.18, 0.32]","payoff_matrix":"[[-156, 166, 158, 201, -40, 142], [-200, -139, -89, -62, -27, 36], [39, -28, -222, -92, 5, 8], [194, -4, -176, 271, -115, -166]]","uncovered":[[24,16,20,4,1,9,12,8,13],[12,20,24,4,8,16,1,13],[8,12,24,16,20,4,13],[20,12,4,8,16,13,1],[24,16,20,8,12,4,1,13],[8,12,20,16,24,4,1,13],[8,12,4,16,13,1],[24,4,8,20,16,13,1],[24,20,4,12,8,16,1,13],[20,4,16,13,1],[4,12,20,8,16,1,24,13],[20,24,8,16,12,4,13],[4,20,16,13,1],[24,8,16,4,1,20,12,13],[16,12,24,8,4,13,2],[16,24,12,4,1,20,8,13],[24,16,4,1,12,8,20,13],[20,24,12,16,4,1,8,13],[24,12,16,4,13,1],[20,24,16,12,4,1,5,8,13],[8,24,12,4,20,16,13],[16,12,24,20,4,13,1],[8,12,4,16,13,1],[8,16,12,20,24,4,13],[24,16,12,20,4,13,1],[24,8,4,20,12,16,13],[12,24,8,20,16,4,1,13],[12,8,24,4,16,13,1],[16,12,4,1,8,24,20,13],[12,4,8,16,13,1],[20,8,4,16,13,1],[8,24,20,16,4,13,1],[8,12,4,20,24,16,1,13],[16,12,24,4,1,20,8,13],[4,24,20,12,16,1,8,13],[24,16,5,8,13],[24,16,20,12,8,1,13],[16,12,24,20,4,1,8,13],[24,16,12,4,1,8,20,13],[12,4,24,20,16,13,1],[12,20,24,16,4,1,8,13],[12,16,24,4,1,20,8,13],[24,12,20,16,4,1,8,13],[8,24,12,20,16,4,13],[8,12,20,16,24,4,1,13],[24,20,8,16,4,13,1],[12,24,4,16,13,1],[4,8,16,13,3,1],[16,8,4,13,1],[4,24,20,8,16,13,1],[16,20,8,4,1,24,12,13],[4,8,12,24,16,13,1],[8,24,12,16,20,4,13],[24,16,20,8,9,12,4,13],[12,4,16,13,1],[16,12,8,1,20,24,5,13],[12,8,20,24,4,16,1,13],[24,16,12,4,13,1],[12,20,24,16,8,4,13],[20,12,4,8,24,16,1,13],[8,16,12,24,4,13,1],[20,4,16,1,24,12,8,13],[16,24,12,8,4,1,20,13],[16,17,24,4,13,1],[12,16,8,24,4,13,1],[8,16,20,24,4,13,1],[4,20,24,8,12,16,1,13],[24,20,16,12,4,1,8,13],[20,24,12,16,4,1,8,13],[24,12,8,20,16,4,13],[20,12,4,24,8,16,1,13],[8,20,4,12,16,13,2],[20,12,8,16,4,1,24,13],[4,12,20,8,16,13,1],[12,8,4,24,20,16,13],[12,8,20,24,4,16,13],[4,12,8,20,16,13,3],[4,24,20,8,16,13,1],[8,20,24,4,16,13,2],[24,16,20,4,13,1],[24,20,4,16,1,12,8,13],[24,12,16,20,4,1,8,13],[8,24,4,20,16,1,12,13],[20,16,4,1,8,12,24,13],[24,16,4,1,20,12,8,13],[8,12,4,24,16,13,1],[24,12,16,8,20,4,1,13],[24,20,8,12,16,4,13],[16,24,12,4,1,20,8,13],[12,20,16,5,8,13],[24,4,20,16,13,1],[20,24,8,12,4,16,13],[12,4,24,8,20,16,1,13],[8,24,4,16,13,1],[24,20,4,12,16,1,8,13],[12,8,16,24,20,4,1,13],[8,24,4,20,16,1,12,13],[20,16,8,1,24,12,13],[4,16,13,1],[4,24,12,20,8,16,1,13],[12,4,20,24,16,1,5,8,13],[16,4,13,1],[12,16,24,20,4,1,8,13],[12,16,24,20,8,4,13],[4,16,13,1],[24,4,8,20,16,13,1],[12,24,8,20,16,4,13],[8,4,16,1,24,20,12,13],[20,24,4,12,16,1,8,13],[8,24,20,4,12,16,13],[12,20,4,8,16,13,1],[16,20,4,13,1],[20,16,8,4,1,12,24,13],[12,4,20,8,16,1,24,13],[20,8,12,4,24,16,1,13],[24,16,20,12,8,4,1,13],[12,24,8,16,4,1,20,13],[8,4,12,20,24,16,13],[4,8,24,16,1,20,12,13],[12,20,8,24,4,16,1,13],[24,20,16,4,1,12,8,13],[20,12,16,24,4,13,1],[20,16,4,1,12,24,8,13],[4,24,8,20,12,16,13],[16,8,24,20,12,4,13],[20,24,12,8,16,4,1,13],[4,24,16,1,8,20,12,13],[4,12,24,20,8,16,1,13],[12,20,24,16,8,4,1,13],[4,8,12,20,24,16,13],[12,20,8,24,4,16,1,13],[4,16,13,1],[24,8,16,20,4,13,1],[24,4,20,8,12,16,1,13],[20,12,4,24,16,13,1],[24,20,4,16,1,5,8,13],[16,12,24,8,4,13,1],[4,12,20,24,16,1,8,13],[16,4,1,12,24,8,20,13],[16,12,4,13,1],[8,16,24,4,1,12,20,13],[4,24,12,16,13,1],[4,24,16,13,1],[4,16,13,1],[24,20,8,12,4,16,13],[24,12,16,8,4,1,20,13],[12,16,24,8,20,4,1,13],[8,20,12,24,4,16,13],[8,20,16,24,12,4,13],[24,20,12,16,8,4,13],[20,8,12,24,16,4,13],[24,16,8,12,20,4,13],[12,24,8,16,4,13,1],[8,24,12,16,1,20,5,13],[12,16,8,20,4,1,24,13],[4,16,1,12,20,24,8,13],[20,8,24,12,4,16,13],[4,24,20,16,1,12,8,13],[4,8,24,16,1,12,20,13],[12,4,24,16,13,1],[24,20,12,8,16,4,1,13],[16,4,1,8,20,24,12,13],[16,24,8,4,13,1],[8,24,12,4,16,13,1],[8,4,24,20,16,1,12,13],[4,20,16,1,24,8,12,13],[12,24,20,8,4,16,1,13],[8,12,24,16,20,4,13],[24,16,4,1,12,8,20,13],[16,8,12,4,1,24,20,13],[20,4,16,13,1],[20,24,4,16,13,1],[24,12,20,4,8,16,1,13],[24,4,20,8,12,16,13],[4,8,24,12,16,13,1],[4,20,8,24,12,16,13],[4,8,20,24,16,1,12,13],[24,20,12,4,16,13,1],[24,16,20,12,8,4,13],[4,20,12,24,8,16,1,13],[4,8,16,13,3,2],[4,20,16,1,12,24,8,13],[24,8,4,12,16,1,20,13],[8,4,20,12,16,13,1],[12,4,20,24,16,1,8,13],[24,20,8,12,4,16,1,13],[20,16,8,4,1,24,12,13],[12,20,4,8,16,13,1],[8,24,20,4,12,16,13],[20,12,4,8,16,13,1],[8,20,16,12,24,4,1,13],[20,8,16,12,4,13,1],[4,24,16,13,1],[20,4,12,24,8,16,13],[24,20,8,16,12,4,1,13],[24,20,4,16,13,1],[12,8,4,24,16,13,1],[16,8,12,20,4,1,24,13],[24,12,20,16,4,13,1],[8,20,24,4,16,1,12,13],[24,4,12,16,13,2],[8,24,12,16,4,1,20,13],[4,24,16,13,1],[20,24,12,8,16,4,13],[4,20,8,16,1,12,24,13],[8,12,24,20,4,16,1,13],[12,20,8,24,16,4,13],[24,16,4,1,20,12,8,13],[16,20,24,4,1,8,12,13],[16,4,13,1],[24,16,8,4,13,1],[12,24,16,4,13,1],[20,8,4,16,1,12,24,13],[20,12,8,4,24,16,13],[8,24,16,4,13,1],[24,8,16,20,12,4,1,13],[8,4,24,16,1,12,20,13],[20,24,16,4,13,1],[4,12,24,16,13,1],[12,8,4,24,16,1,20,13],[24,20,8,12,16,1,13],[8,4,12,20,16,1,24,13],[12,8,16,4,13,1],[8,24,4,16,1,20,9,12,13],[4,24,16,1,12,8,20,13],[20,8,24,16,12,4,1,13],[16,8,20,24,12,4,1,13],[8,16,4,13,1],[8,4,16,13,1],[4,8,16,1,20,12,24,13],[4,8,20,24,16,1,12,13],[4,16,1,12,24,8,20,13],[16,4,13,1],[4,12,20,16,13,1],[24,8,4,16,13,1],[16,12,4,1,24,8,20,13],[4,16,13,3,1],[16,4,13,1],[24,4,8,20,16,13,1],[20,12,4,16,13,1],[4,20,8,12,16,1,24,13],[12,4,16,1,24,8,20,13],[16,12,24,4,1,8,20,13],[16,20,8,12,24,4,1,13],[16,5,8,13],[8,16,12,4,13,1],[20,4,24,16,1,8,12,13],[4,8,20,16,13,1],[16,12,24,20,4,13,1],[12,24,8,20,4,16,13],[12,24,8,4,20,16,13],[12,8,16,4,1,20,24,13],[24,16,4,13,1],[12,16,4,13,1],[4,12,16,13,1],[20,12,8,24,4,16,13],[24,16,4,1,20,8,12,13],[16,8,12,4,1,24,20,13],[24,16,4,1,12,5,8,13],[8,16,20,4,1,12,24,13],[8,4,16,13,1],[20,8,16,12,4,13,1],[12,8,4,16,13,1],[20,4,24,12,16,13,1],[16,20,12,8,4,1,24,13],[12,24,4,16,1,20,8,13],[4,20,8,16,13,1],[20,24,16,8,4,1,12,13],[20,12,8,16,24,4,13],[20,24,8,16,4,13,1],[8,20,16,24,12,4,13],[16,8,24,20,4,1,12,13],[8,20,24,16,12,4,1,13],[24,12,8,20,16,4,13],[24,20,12,16,8,4,1,13],[8,20,12,24,16,4,1,13],[24,8,4,16,13,1],[24,12,8,16,4,1,20,13],[24,12,16,20,3,8,4,13],[8,4,16,13,1],[24,4,8,12,20,16,13],[16,8,24,20,12,4,1,13],[12,8,16,4,13,1],[16,8,20,24,12,4,13],[20,24,4,8,16,13,1],[16,12,4,1,20,24,8,13],[12,20,8,4,16,1,24,13],[12,16,8,24,4,1,20,13],[8,4,16,1,24,12,20,13],[20,8,24,16,4,1,12,13],[24,20,8,16,12,4,13],[12,8,4,24,20,16,13],[16,12,8,1,20,24,5,13],[12,24,8,16,20,4,13],[16,4,1,8,20,12,24,13],[16,24,9,12,8,4,13,1],[4,12,24,16,13,1],[8,20,16,24,12,4,1,13],[12,20,16,8,4,1,24,13],[4,12,24,20,8,16,13],[12,16,24,4,13,1],[20,4,12,16,13,1],[8,24,12,16,20,4,1,13],[24,20,16,12,4,1,8,13],[24,4,16,1,12,20,8,13],[20,12,4,8,24,16,13],[12,24,16,4,1,8,20,13],[16,12,20,4,13,1],[24,12,16,20,4,1,8,13],[12,20,16,4,13,1],[24,20,8,16,12,4,13],[12,20,4,24,16,1,8,13],[8,12,24,16,20,4,1,13],[12,4,24,16,1,20,8,13],[4,12,20,16,1,24,8,13],[16,20,12,4,13,1],[16,20,4,1,12,8,24,13],[4,20,16,1,12,8,24,13],[20,12,24,16,4,13,1],[8,16,20,24,12,4,13],[4,20,24,8,16,13,1],[12,20,8,4,16,13,1],[24,4,20,8,12,16,1,13],[20,16,4,1,8,24,12,13],[4,8,24,12,16,13,1],[24,12,8,20,16,4,13],[12,24,16,8,20,4,13],[12,16,20,2,8,24,14,5,13],[20,4,24,8,12,16,13],[20,16,4,1,12,8,24,13],[4,16,1,12,20,24,8,13],[12,8,20,4,24,16,13],[20,16,12,24,4,13,1],[16,4,13,1],[20,24,4,12,8,16,1,13],[4,20,12,16,13,1],[8,4,24,12,20,16,1,13],[20,4,8,16,13,1],[12,4,20,16,13,1],[8,4,12,24,16,1,20,13],[8,20,12,4,16,13,2],[24,8,12,4,20,16,1,13],[4,20,12,8,24,16,13],[8,24,20,16,12,4,1,13],[8,24,20,16,4,1,12,13],[20,8,4,24,16,1,12,13],[8,24,4,20,16,1,12,13],[12,8,4,20,24,16,1,13],[24,8,12,4,20,16,1,13],[20,4,16,1,12,8,24,13],[20,4,16,13,1],[8,24,12,20,4,16,13],[20,16,12,24,8,4,13],[24,4,16,13,1],[20,16,24,4,13,2],[16,8,12,4,13,1],[12,20,24,8,4,16,13],[20,12,16,8,4,13,1],[12,20,8,24,4,16,13],[4,16,13,1],[16,24,8,4,13,1],[8,20,16,12,24,4,1,13],[20,12,8,24,16,4,13],[12,16,8,20,24,4,13],[20,4,12,24,16,13,1],[20,12,4,24,8,16,1,13],[24,16,12,4,13,1],[24,16,4,1,12,20,8,13],[24,4,16,13,1],[4,16,1,9,12,8,24,20,13],[16,8,20,4,13,1],[8,4,20,16,13,1],[16,20,24,4,1,8,12,13],[12,16,24,4,13,1],[8,16,24,4,13,1],[20,8,12,16,24,4,1,13],[8,20,24,12,16,4,1,13],[4,20,12,8,24,16,13],[24,20,12,4,8,16,1,13],[16,12,4,1,20,24,5,8,13],[24,8,20,4,16,1,12,13],[12,4,24,20,8,16,13],[12,8,24,4,20,16,13],[16,4,1,20,24,8,12,13],[20,12,8,24,4,16,13],[8,24,4,20,12,16,13],[4,24,16,13,1],[20,16,4,1,8,12,22,24,13],[20,4,16,13,1],[24,8,20,16,12,4,13],[12,24,16,8,20,4,13],[8,4,16,13,1],[20,12,8,16,4,13,1],[4,24,12,20,16,13,1],[4,12,20,16,13,1],[20,8,16,4,13,1],[12,4,24,20,8,16,13],[20,4,8,12,24,16,1,13],[24,16,8,20,12,4,1,13],[8,24,16,20,12,4,13],[8,24,12,16,4,1,20,13],[8,16,24,12,20,4,13],[8,12,20,16,24,4,13],[8,16,4,13,2],[12,8,24,4,16,13,1],[24,20,8,4,16,13,3],[16,12,8,24,20,4,1,13],[4,8,20,24,16,13,1],[24,16,4,13,1],[16,4,1,24,8,20,12,13],[8,16,12,4,13,1],[8,24,12,16,4,1,20,13],[16,8,24,12,4,1,20,13],[24,12,8,16,20,4,13],[20,16,8,24,4,1,12,13],[12,24,8,16,4,1,20,13],[12,20,4,16,1,24,8,13],[12,16,24,4,13,1],[16,4,13,1],[4,20,24,12,16,1,8,13],[8,24,12,20,16,4,1,13],[4,16,1,12,8,20,24,13],[8,16,24,12,4,13,1],[4,24,20,8,16,13,1],[8,24,20,16,4,1,12,13],[20,4,24,12,8,16,13],[16,24,8,20,12,4,1,13],[12,4,8,20,24,16,13],[8,24,20,12,4,16,13],[16,12,4,13,1],[12,16,8,24,4,13,1],[4,16,13,1],[8,20,4,16,1,12,24,13],[20,16,24,8,12,4,1,13],[16,8,4,13,1],[8,20,24,12,4,16,1,13],[12,8,20,4,16,1,24,13],[12,8,4,20,16,13,1],[12,8,20,16,4,13,1],[4,20,24,8,12,16,13],[12,20,4,16,13,1],[24,20,16,12,8,4,13],[16,20,4,13,1],[24,4,20,12,16,1,8,13],[12,20,8,16,4,1,24,13],[20,16,8,24,12,4,13],[16,20,12,8,4,13,1],[8,12,16,24,4,13,1],[20,12,16,24,8,4,1,13],[12,20,8,4,16,13,1],[4,12,16,13,1],[8,20,12,16,4,1,24,13],[8,4,12,24,16,13,1],[20,12,24,8,16,4,1,13],[8,16,12,24,4,13,1],[4,12,8,24,20,16,13],[12,24,4,8,20,16,1,13],[12,16,24,8,4,1,20,13],[24,8,16,12,4,1,20,13],[12,24,20,16,4,13,1],[16,24,8,4,1,12,20,13],[8,12,20,16,24,4,1,13],[16,20,24,12,4,13,1],[24,8,12,20,4,16,13],[20,24,4,8,16,13,2],[12,20,24,8,4,16,13],[20,8,12,16,4,1,24,13],[16,12,4,1,20,8,24,13],[24,12,8,4,20,16,1,13],[16,4,1,24,12,20,8,13],[12,8,4,16,13,1],[12,4,24,16,1,8,20,13],[20,4,12,24,8,16,13],[12,4,24,8,16,1,20,13],[16,24,8,20,12,4,13],[20,4,16,1,8,24,12,13],[16,24,8,12,20,4,1,13],[8,24,4,12,20,16,1,13],[16,8,1,12,20,24,5,13],[16,4,1,20,12,24,8,13],[12,20,24,16,8,4,1,13],[20,24,16,4,1,12,8,13],[24,4,16,13,1],[12,20,8,24,16,4,1,13],[24,8,20,4,16,13,1],[24,12,4,16,1,20,8,13],[4,8,16,1,24,20,12,13],[24,4,12,8,20,16,1,13],[12,20,8,24,4,16,1,13],[8,16,20,24,12,4,1,13],[24,16,8,4,13,1],[16,24,8,4,1,12,20,13],[12,8,24,4,16,1,20,13],[16,20,8,12,4,13,1],[8,12,24,20,16,4,13],[4,8,20,24,16,13,1],[16,8,24,20,9,12,4,13],[8,4,16,13,1],[8,12,16,4,13,1],[8,16,4,13,1],[8,16,12,24,4,13,1],[20,16,4,1,24,12,8,13],[16,20,8,12,4,1,24,13],[24,4,8,20,12,16,13],[24,8,16,20,4,1,12,13],[24,4,16,1,8,20,12,13],[24,4,8,20,16,1,12,13],[4,16,13,1],[24,16,20,8,4,13,1],[8,20,12,4,24,16,13],[12,4,20,24,8,16,1,13],[8,12,4,24,16,13,1],[4,16,1,20,12,8,24,13],[12,24,4,8,16,13,1],[8,20,12,4,24,16,13],[8,24,20,12,16,4,1,13],[12,4,24,16,1,20,8,13],[4,16,1,8,12,24,20,13],[8,20,12,24,16,4,13],[24,8,20,16,12,4,13],[4,16,1,8,12,24,20,13],[16,12,8,20,4,1,24,13],[16,20,24,12,8,4,13],[20,8,24,4,16,1,12,13],[8,20,12,16,4,13,1],[4,12,24,20,16,13,1],[8,24,20,12,4,16,1,13],[12,4,16,1,8,20,24,13],[4,8,12,16,13,1],[4,8,20,12,16,13,1],[24,4,8,16,1,20,12,13],[20,16,8,24,4,1,12,13],[8,4,16,13,1],[4,16,13,1],[24,12,20,8,4,16,1,13],[4,8,12,24,16,13,1],[8,12,16,24,4,13,2],[16,8,24,20,4,13,1],[20,24,12,16,4,13,1],[4,16,1,24,8,20,12,13],[12,16,4,1,8,20,24,13],[4,20,16,1,12,24,8,13],[20,4,16,13,1],[8,4,20,12,24,16,1,13],[4,24,8,12,16,13,1],[20,12,16,8,24,4,1,13],[4,24,20,8,16,1,12,13],[4,12,20,16,13,1],[12,4,8,20,16,1,24,13],[12,8,4,20,16,1,24,13],[12,20,4,24,16,13,1],[4,8,20,12,24,16,13],[12,4,20,24,8,16,13],[12,16,4,1,24,20,8,13],[12,24,8,16,4,13,1],[12,20,16,8,4,13,1],[16,4,13,1],[16,8,20,4,13,1],[24,20,8,16,4,13,1],[4,20,12,16,1,24,8,13],[20,4,24,16,13,1],[8,24,4,20,16,1,12,13],[12,20,16,4,1,8,24,13],[20,24,8,16,12,4,13],[16,20,24,8,12,4,1,13],[20,24,4,8,16,1,12,13],[4,16,1,20,12,24,8,13],[16,8,12,20,24,4,1,13],[20,12,4,16,13,1],[24,20,16,4,1,8,12,13],[12,4,16,1,8,24,20,13],[24,8,4,12,16,1,20,13],[4,20,16,1,12,8,24,13],[12,24,20,8,16,4,1,13],[12,4,16,1,8,20,24,13],[24,16,4,1,12,20,8,13],[16,20,12,8,24,4,1,13],[12,4,16,1,24,8,20,13],[12,8,20,16,24,4,1,13],[8,20,12,16,4,1,24,13],[4,8,16,13,1],[4,12,8,20,16,13,1],[24,20,16,4,1,8,12,13],[24,16,8,4,1,20,12,13],[16,8,12,24,4,1,20,13],[12,4,20,8,24,16,13],[20,4,24,16,13,1],[24,12,8,20,16,4,13],[16,4,1,8,20,12,24,13],[16,20,24,4,1,8,12,13],[20,8,16,4,13,1],[16,8,4,13,1],[16,20,4,1,12,8,24,13],[8,24,12,20,4,16,13],[4,24,16,13,1],[4,12,8,16,1,24,20,13],[24,12,20,16,8,4,1,13],[12,24,4,16,1,8,20,13],[20,12,8,16,24,4,13],[8,24,12,4,20,16,1,13],[12,8,4,16,1,20,24,13],[12,8,24,20,4,16,1,13],[4,24,8,16,1,12,20,13],[4,12,20,8,24,16,1,13],[24,16,8,4,1,20,12,13],[20,12,16,24,4,13,1],[8,12,4,24,20,16,13],[20,4,8,16,13,1],[4,8,20,12,16,1,24,13],[16,8,24,12,4,1,20,13],[12,4,24,8,16,1,20,13],[20,12,16,24,8,4,1,13],[8,20,4,24,16,1,12,13],[16,20,24,8,12,4,13],[16,8,4,1,12,24,20,13],[16,4,13,1],[20,4,8,12,16,13,1],[4,20,16,13,1],[20,16,12,8,4,13,2],[20,4,8,12,16,13,1],[8,12,4,20,24,16,1,13],[12,16,4,13,1],[24,4,16,1,12,20,8,13],[8,20,12,24,16,4,13],[12,4,24,16,13,1],[12,4,8,20,24,16,13],[20,24,16,8,12,4,1,13],[12,20,24,4,16,1,8,13],[4,12,24,20,8,16,1,13],[20,12,4,16,1,8,24,13],[16,12,20,8,24,4,13],[12,20,24,8,4,16,1,13],[20,8,24,4,16,13,1],[4,24,8,16,13,1],[4,8,12,16,1,20,24,13],[16,4,1,12,8,20,24,13],[16,24,20,4,1,12,8,13],[12,20,8,24,4,16,1,13],[24,4,16,1,12,20,8,13],[20,4,16,13,1],[12,4,8,20,16,13,1],[4,24,12,16,13,1],[4,20,8,24,12,16,1,13],[8,16,12,24,20,4,1,13],[4,20,8,24,16,1,12,13],[24,20,12,16,8,4,13],[8,20,4,16,13,1],[12,20,8,4,24,16,1,13],[20,12,16,8,24,4,1,13],[16,24,12,4,13,1],[12,8,4,16,13,1],[8,16,4,1,24,20,12,13],[8,4,12,20,16,1,24,13],[4,24,16,13,1],[16,8,20,12,24,4,13],[16,4,13,1],[16,24,12,20,8,4,1,13],[24,16,20,12,4,13,1],[24,8,20,4,16,1,12,13],[20,8,24,12,16,4,1,13],[16,12,24,20,4,1,8,13],[4,12,24,20,8,16,1,13],[8,16,12,20,4,13,1],[8,16,4,1,24,12,20,13],[24,16,8,20,4,13,1],[24,20,4,12,16,1,8,13],[16,6,12,24,4,1,20,13],[20,16,12,4,13,1],[16,8,4,1,24,20,12,13],[12,20,24,8,4,16,13],[16,12,20,4,1,8,24,13],[4,12,16,1,24,20,8,13],[8,24,16,4,1,12,20,13],[12,4,20,8,16,1,24,13],[16,24,20,4,1,8,12,13],[24,16,17,8,4,1,12,13],[4,20,24,8,12,16,1,13],[4,12,24,16,13,1],[4,8,12,24,20,16,13],[4,8,16,1,12,24,20,13],[4,24,20,12,8,16,1,13],[4,24,20,8,12,16,1,13],[4,16,1,12,8,20,24,13],[12,20,4,24,16,1,8,13],[20,4,24,16,1,8,12,13],[12,16,4,1,20,24,8,13],[8,16,24,4,13,1],[8,20,12,4,24,16,1,13],[20,12,8,24,16,4,13],[24,4,12,16,13,1],[12,8,16,4,13,1],[4,16,1,20,12,8,24,13],[20,8,12,24,4,16,1,13],[16,24,20,8,12,4,13],[8,4,24,20,12,16,1,13],[24,12,8,16,20,4,1,13],[12,8,16,4,13,1],[20,12,8,4,24,16,13],[16,4,13,1],[4,24,16,1,8,9,12,20,13],[4,24,8,12,16,13,1],[16,20,12,24,4,1,8,13],[8,16,4,13,1],[8,16,24,4,13,1],[24,4,12,20,16,1,8,13],[20,16,24,12,8,4,13],[24,12,4,16,13,1],[8,20,4,12,16,1,24,13],[12,4,20,16,13,1],[8,12,20,24,4,16,13],[24,4,16,13,1],[20,4,12,16,1,24,8,13],[20,4,8,12,24,16,13],[4,24,16,13,1],[12,16,8,4,1,24,20,13],[24,4,20,16,1,12,8,13],[20,16,4,13,1],[16,4,1,8,20,24,12,13],[24,12,8,20,16,4,13],[8,16,24,20,12,4,13],[16,8,20,4,13,1],[4,16,1,24,17,8,12,13],[24,16,12,20,4,1,8,13],[8,4,24,16,1,12,20,13],[20,4,12,16,1,24,8,13],[16,24,4,1,8,20,12,13],[16,24,12,4,13,1],[4,20,24,16,13,1],[12,8,4,24,16,13,1],[20,4,8,24,12,16,13],[8,20,12,4,16,13,1],[16,9,12,24,8,4,1,20,13],[16,4,1,9,12,20,24,8,13],[4,12,8,16,1,24,20,13],[12,8,16,20,24,4,13],[20,16,4,1,8,24,12,13],[24,8,4,20,12,16,1,13],[16,20,12,4,1,8,24,13],[20,16,24,8,4,1,12,13],[24,4,20,16,1,12,8,13],[4,12,8,20,24,16,1,13],[20,16,8,12,24,4,13],[20,16,4,1,8,21,24,12,13],[16,20,12,4,1,8,24,13],[16,24,4,1,20,12,8,13],[8,20,12,24,16,4,13],[8,4,20,24,16,13,1],[16,4,1,8,24,12,20,13],[24,12,20,16,8,4,1,13],[8,24,16,4,1,12,20,13],[4,20,16,1,12,24,8,13],[16,4,1,12,20,8,24,13],[24,4,16,1,8,12,20,13],[24,4,8,20,12,16,13],[20,12,16,24,8,4,13],[12,4,24,8,20,16,13],[20,8,16,4,1,24,12,13],[4,20,16,13,1],[20,12,16,4,13,1],[20,12,8,24,4,16,13],[24,8,20,4,12,16,13],[8,16,20,4,13,1],[8,20,24,16,4,1,12,13],[16,4,1,8,24,12,20,13],[12,20,8,24,16,4,1,13],[12,24,20,4,16,13,1],[4,16,1,8,24,20,12,13],[12,24,16,20,4,13,1],[8,12,24,16,4,1,20,13],[20,8,4,16,13,1],[20,24,12,4,16,13,1],[20,24,16,4,13,1],[24,4,20,8,16,1,12,13],[4,24,12,8,16,13,1],[8,4,12,24,16,13,1],[20,16,24,12,4,1,8,13],[24,20,12,4,8,16,1,13],[16,24,12,8,4,13,1],[24,4,8,16,13,1],[20,16,8,4,1,24,12,13],[8,12,16,20,4,1,24,13],[4,8,12,16,13,1],[24,4,20,16,1,12,8,13],[4,24,8,20,12,16,13],[16,20,24,4,1,12,8,13],[24,16,8,20,4,1,12,13],[12,24,16,8,20,4,1,13],[4,16,1,8,12,20,24,13],[4,20,24,16,1,12,8,13],[4,8,12,20,16,1,24,13],[4,24,12,20,8,16,13],[16,8,9,12,4,1,24,20,13],[12,24,8,16,4,1,20,13],[12,20,8,24,16,4,1,13],[8,12,16,20,4,1,24,13],[20,8,16,4,13,1],[24,16,20,12,8,4,13],[12,4,20,16,13,1],[20,24,16,8,12,4,1,13],[16,24,20,4,13,1],[4,8,16,13,1],[20,4,12,24,8,16,1,13],[16,20,12,24,8,4,1,13],[8,24,20,12,16,4,1,13],[12,8,20,24,16,4,1,13],[12,20,4,16,1,24,8,13],[16,8,12,4,13,2],[8,12,24,16,20,4,1,13],[4,12,24,8,20,16,1,13],[4,20,16,1,8,12,24,13],[24,4,8,12,20,16,13],[4,8,16,1,12,20,24,13],[24,16,12,8,4,13,1],[20,16,24,8,4,13,1],[16,4,1,12,8,24,20,13],[24,12,16,8,20,4,1,13],[20,16,24,8,4,13,1],[12,16,20,24,8,4,13],[8,4,24,12,20,16,1,13],[4,8,12,20,16,13,1],[20,12,8,16,4,13,1],[12,24,4,20,8,16,1,13],[16,4,1,8,20,12,24,13],[4,20,8,24,12,16,13],[8,12,4,20,16,13,1],[16,4,13,1],[24,8,16,20,4,13,1],[4,24,8,12,20,16,1,13],[20,16,4,1,8,12,24,13],[20,4,24,8,16,1,12,13],[20,12,4,16,1,24,8,13],[20,16,4,13,1],[8,12,20,16,24,4,13],[12,4,24,8,20,16,1,13],[8,12,16,4,13,1],[20,4,16,13,1],[8,12,24,4,16,13,1],[20,4,12,16,13,1],[24,8,12,20,4,16,1,13],[24,16,12,20,4,1,8,13],[24,8,16,4,1,12,20,13],[24,12,16,4,13,1],[12,20,8,16,24,4,1,13],[12,24,8,16,4,1,20,13],[24,16,20,8,4,1,12,13],[12,8,16,4,1,20,24,13],[16,4,1,20,12,21,24,8,13],[16,20,4,13,1],[4,8,12,16,13,1],[16,24,12,4,1,8,20,13],[12,24,8,20,16,4,1,13],[8,16,12,4,1,24,20,13],[4,20,24,12,16,1,8,13],[8,24,16,12,20,4,1,13],[24,16,12,8,20,4,13],[4,20,8,16,13,1],[12,16,8,24,1,20,15,5,13],[12,8,16,4,13,1],[12,4,20,24,8,16,1,13],[20,8,4,16,13,1],[12,8,4,20,24,16,1,13],[4,16,1,12,20,8,24,13],[20,12,16,8,4,1,24,13],[24,16,4,13,1],[20,24,4,12,16,13,1],[16,4,1,12,24,8,20,13],[4,24,16,1,20,12,8,13],[20,8,16,12,24,4,13],[12,20,4,8,24,16,13],[24,16,4,13,1],[4,12,20,16,13,1],[24,20,12,8,4,16,1,13],[12,20,8,16,4,1,24,13],[20,8,12,4,24,16,1,13],[8,16,24,20,4,13,1],[16,4,13,1],[12,8,16,4,1,24,20,13],[4,16,13,1],[24,20,16,8,12,4,1,13],[8,16,12,20,4,1,24,13],[24,16,8,4,1,20,12,13],[8,24,16,12,20,4,1,13],[4,20,12,24,16,13,1],[8,16,4,13,1],[12,16,24,8,20,4,1,13],[8,12,4,20,16,13,1],[4,24,8,20,12,16,1,13],[16,12,8,17,4,13,3],[24,8,20,4,12,16,1,13],[12,4,24,16,13,1],[16,8,12,4,1,20,24,13],[4,16,13,1],[8,16,4,13,1],[16,24,20,4,13,1],[16,8,12,4,1,24,20,13],[12,16,4,13,1],[24,4,16,13,1],[12,16,24,4,13,1],[8,4,12,20,24,16,13],[12,8,24,20,4,16,1,13],[16,20,24,4,13,2],[16,4,13,1],[20,12,8,16,4,1,24,13],[24,16,20,12,4,13,1],[20,8,24,4,16,1,12,13],[8,20,4,12,16,1,24,13],[12,16,24,4,13,1],[16,4,13,1],[16,24,4,1,20,8,12,13],[16,24,8,4,13,1],[16,8,20,4,1,24,12,13],[8,24,20,4,12,16,1,13],[12,16,24,8,4,13,1],[4,24,20,16,1,12,8,13],[20,12,16,24,8,4,1,13],[4,24,20,12,16,1,8,13],[4,20,8,16,1,12,24,13],[4,20,24,12,16,1,8,13],[8,20,12,16,4,13,3],[4,12,16,13,1],[16,24,4,1,20,12,8,13],[16,12,4,13,1],[4,12,16,13,1],[16,20,4,13,1],[20,8,24,4,16,1,12,13],[20,8,4,24,16,13,1],[16,4,13,1],[8,12,20,4,24,16,13],[12,20,16,4,1,8,24,13],[20,4,12,16,1,24,8,13],[8,16,20,24,4,13,1],[4,16,1,24,20,12,8,13],[24,12,20,8,16,4,13],[4,20,24,8,16,13,2],[12,20,16,24,4,13,1],[16,12,20,4,1,5,8,13],[24,12,8,4,20,16,1,13],[16,12,24,20,4,1,8,13],[4,12,16,1,24,20,8,13],[24,8,12,4,16,13,1],[16,20,12,4,13,1],[4,24,12,16,13,1],[16,8,1,12,24,20,13],[12,4,8,24,20,16,1,13],[24,16,4,13,1],[4,16,1,20,8,24,12,13],[4,8,24,20,16,13,1],[24,4,16,13,1],[16,8,1,12,20,24,5,13],[8,20,24,12,4,16,13],[8,20,12,4,16,1,24,13],[20,16,8,4,1,24,12,13],[8,16,20,24,12,4,13],[8,4,20,16,13,1],[16,8,4,13,1],[4,16,13,1],[20,8,16,12,4,1,24,13],[20,24,4,16,13,1],[24,8,16,4,1,20,12,13],[12,8,16,21,24,20,4,13],[12,8,4,24,16,1,20,13],[8,12,4,20,24,16,13],[24,16,20,4,13,1],[8,4,12,24,20,16,13],[24,4,16,1,17,12,8,13],[8,12,24,16,20,4,1,13],[12,20,24,8,4,16,13],[8,20,24,12,16,4,1,13],[4,24,16,1,20,12,8,13],[8,16,24,4,13,1],[20,16,4,1,24,8,12,13],[4,12,20,16,1,24,8,13],[20,24,4,12,16,13,1],[16,12,24,4,1,8,20,13],[8,16,4,13,1],[4,16,13,1],[20,4,24,16,1,8,12,13],[12,8,20,16,4,1,24,13],[20,8,24,12,4,16,1,13],[12,20,8,24,16,4,1,13],[4,8,24,12,20,16,13],[16,24,20,4,1,12,8,13],[20,24,12,8,4,16,1,13],[24,20,16,12,4,1,8,13],[4,12,20,8,16,13,1],[16,12,20,24,4,13,1],[4,8,12,20,16,13,1],[8,24,16,4,13,1],[4,8,12,16,13,1],[8,4,24,16,1,20,12,13],[24,16,12,20,4,1,8,13],[12,24,20,8,4,16,13],[24,4,8,16,1,20,12,13],[8,4,12,20,16,1,24,13],[24,20,16,4,1,12,8,13],[16,12,8,4,1,20,24,13],[20,16,4,13,1],[12,4,16,13,1],[4,20,16,1,8,24,12,13],[20,8,12,4,16,1,24,13]]}