{"problem_id":"xntWM10AAO12AHb","sigma":75,"alpha":10.000,"cost":0,"probabilities":"[0.31, 0.14, 0.36, 0.19]","payoff_matrix":"[[15, 176, 60, 24, -101, -15], [-139, -47, 73, -93, 143, 24], [32, -106, -35, -177, 31, -17], [37, -28, 10, -47, -79, -107]]","uncovered":[[19,7,3,1,17,11,23,15],[3,23,19,1,17,7,11,15],[7,19,11,3,1,17,23,15],[15,11,7,3,23,19,1,17],[23,19,15,7,11,3,1,17],[19,11,3,17,7,23,15,21,1],[19,11,15,23,3,1,17,7],[3,23,19,17,11,7,15,1],[3,11,15,7,19,17,23,21,1],[23,15,3,7,19,1,17,11],[3,15,19,1,17,7,23,11],[15,11,23,7,19,3,1,17],[23,15,7,19,3,1,17,11],[11,15,7,19,3,17,23,21,1],[3,23,11,15,19,17,7,21,1],[23,15,3,7,11,19,17,1],[7,15,23,11,3,19,1,17],[11,19,3,17,23,7,15,21,1],[3,19,17,11,7,15,23,1],[15,19,11,23,3,1,17,7],[15,11,19,3,1,17,23,7],[3,19,17,11,7,23,15,21,1],[23,3,19,17,15,7,11,21,1],[11,19,7,3,17,15,23,21,1],[3,19,17,7,15,23,11,21,1],[19,23,11,15,3,1,17,7],[7,3,19,1,17,23,11,15],[15,7,19,11,3,17,23,21,1],[11,7,3,19,1,17,23,15],[15,23,19,11,7,3,1,17],[23,19,11,7,3,17,15,21,1],[3,11,23,15,7,19,1,17],[15,11,23,3,19,1,17,7],[15,11,7,23,19,3,17,21,1],[3,23,15,7,19,17,11,21,1],[3,15,11,23,19,1,17,7],[3,19,17,11,15,7,23,1],[19,7,3,17,11,23,15,21,1],[23,19,11,15,3,1,17,7],[7,3,11,15,19,17,23,21,1],[23,15,19,7,3,1,17,11],[11,7,19,23,3,1,17,15],[15,7,11,19,23,3,17,1],[19,11,7,3,17,15,23,1],[3,11,19,17,23,15,7,21,1],[19,23,15,11,3,17,7,21,1],[23,3,19,1,17,15,7,11],[7,19,3,17,23,11,15,21,1],[3,19,1,17,11,15,7,23],[3,7,19,1,17,15,23,11],[19,15,7,23,3,1,17,11],[15,19,11,3,17,7,23,21,1],[15,23,11,7,3,19,1,17],[7,3,23,15,19,17,11,1],[7,19,11,15,23,3,1,17],[19,23,3,1,17,7,15,11],[23,11,7,15,19,3,17,21,1],[11,19,7,3,1,17,15,23],[15,19,11,23,7,3,1,17],[11,23,7,19,15,3,1,17],[19,7,23,11,3,1,17,15],[15,3,19,17,7,11,23,21,1],[23,7,11,3,19,17,15,1],[11,23,15,19,3,1,17,7],[11,7,23,19,3,17,15,21,1],[15,23,3,7,11,19,1,17],[15,23,19,7,3,1,17,11],[15,3,23,11,19,17,7,21,1],[19,15,11,7,23,3,17,21,1],[7,11,19,15,23,3,17,1],[7,19,11,15,3,1,17,23],[15,19,23,11,3,17,7,21,1],[19,3,1,17,23,7,11,15],[3,19,17,11,7,15,23,21,1],[19,23,3,1,17,15,7,11],[11,15,19,3,17,23,7,21,1],[11,15,3,23,19,1,17,7],[3,11,19,17,7,23,15,21,1],[3,11,23,19,17,7,15,21,1],[15,23,19,11,7,3,1,17],[19,23,11,7,3,17,15,1],[23,11,15,7,19,3,1,17],[7,15,19,3,17,23,11,1],[3,23,15,19,17,7,11,1],[23,7,11,3,19,17,15,1],[19,23,3,17,11,15,7,1],[15,3,7,11,23,19,1,17],[7,3,15,19,1,17,23,11],[19,23,15,3,17,11,7,1],[15,7,11,23,3,19,17,1],[23,3,7,19,1,17,11,15],[23,15,11,7,3,19,1,17],[23,19,15,7,3,17,11,21,1],[11,23,19,15,7,3,17,21,1],[19,11,15,23,3,17,7,21,1],[23,15,7,19,11,3,17,21,1],[15,11,3,7,19,1,17,23],[3,11,15,7,23,19,17,1],[23,7,3,19,17,11,15,1],[7,11,3,19,17,15,23,1],[7,19,15,3,17,23,11,1],[11,19,23,3,1,17,15,7],[19,7,11,15,23,3,1,17],[11,7,3,15,19,1,17,23],[11,23,15,7,19,3,1,17],[23,15,3,19,17,7,11,1],[11,7,19,15,23,3,17,1],[11,3,7,15,19,17,23,21,1],[23,11,19,7,15,3,1,17],[19,15,7,3,1,17,11,23],[3,7,11,23,15,19,1,17],[15,11,3,23,19,1,17,7],[19,15,3,1,17,7,23,11],[15,23,3,7,11,19,1,17],[15,19,3,1,17,23,11,7],[19,7,3,1,17,15,11,23],[3,23,11,7,19,1,17,15],[7,23,3,19,1,17,11,15],[7,3,15,11,19,1,17,23],[3,23,7,19,1,17,11,15],[23,15,3,11,7,19,17,1],[19,23,3,1,17,7,11,15],[11,15,19,23,3,17,7,21,1],[3,23,11,7,19,17,15,1],[23,3,19,17,11,15,7,21,1],[15,7,19,23,3,17,11,1],[11,3,23,15,19,1,17,7],[3,11,23,7,19,17,15,21,1],[19,23,15,11,3,1,17,7],[3,19,1,17,7,15,11,23],[23,7,3,15,19,17,11,21,1],[7,15,11,3,19,1,17,23],[3,23,7,11,19,17,15,1],[7,3,19,17,23,11,15,21,1],[23,11,15,7,3,19,17,21,1],[3,15,19,17,7,23,11,21,1],[23,3,15,7,11,19,17,21,1],[11,19,15,23,7,3,1,17],[19,15,11,23,3,17,7,1],[23,3,11,7,19,17,15,21,1],[23,3,15,11,7,19,1,17],[19,7,3,1,17,11,23,15],[3,7,23,11,15,19,1,17],[3,15,11,23,19,1,17,7],[3,11,19,1,17,23,15,7],[3,15,19,17,7,11,23,1],[19,15,3,1,17,7,11,23],[11,23,15,7,3,19,1,17],[11,3,7,15,23,19,1,17],[23,15,11,7,19,3,17,1],[23,11,15,7,19,3,1,17],[23,7,15,19,3,1,17,11],[19,11,23,15,7,3,17,21,1],[7,15,11,23,19,3,17,1],[15,11,3,19,1,17,7,23],[7,11,15,3,23,19,17,21,1],[7,3,11,23,15,19,1,17],[7,15,23,19,11,3,17,21,1],[3,11,7,19,1,17,15,23],[19,23,11,3,17,7,15,21,1],[7,23,11,19,3,17,15,21,1],[11,7,15,19,3,17,23,21,1],[19,15,7,23,11,3,17,21,1],[23,15,7,3,19,17,11,21,1],[23,19,7,11,3,1,17,15],[3,19,1,17,7,11,15,23],[11,15,3,19,17,23,7,1],[3,11,15,23,7,19,1,17],[23,7,11,3,15,19,17,21,1],[19,11,15,23,7,3,1,17],[23,19,15,7,3,1,17,11],[11,7,3,15,23,19,17,1],[23,3,7,19,17,15,11,1],[15,19,3,17,11,7,23,1],[11,7,19,15,23,3,17,21,1],[15,7,19,3,17,11,23,1],[15,7,3,19,17,23,11,21,1],[15,3,11,7,23,19,1,17],[15,3,23,19,17,7,11,1],[11,3,19,1,17,15,23,7],[11,23,19,3,17,15,7,1],[15,7,23,19,11,3,1,17],[15,19,3,1,17,23,11,7],[15,11,3,23,19,1,17,7],[11,15,7,23,3,19,1,17],[7,19,3,1,17,15,11,23],[15,11,7,19,23,3,17,21,1],[15,19,23,11,7,3,1,17],[7,15,19,11,3,17,23,21,1],[11,3,19,1,17,15,23,7],[15,19,3,17,11,23,7,21,1],[3,19,17,23,7,11,15,1],[3,11,23,7,19,1,17,15],[15,3,7,23,11,19,17,21,1],[15,11,3,7,23,19,17,21,1],[11,3,23,19,1,17,7,15],[3,11,15,19,17,23,7,1],[23,19,11,15,3,1,17,7],[11,15,19,3,1,17,7,23],[11,3,15,19,1,17,7,23],[15,19,7,11,23,3,17,21,1],[11,15,3,19,1,17,7,23],[19,23,7,3,17,11,15,1],[15,19,7,23,11,3,17,1],[3,15,23,19,1,17,7,11],[3,23,11,15,19,17,7,1],[11,7,23,15,3,19,17,1],[7,23,15,11,19,3,1,17],[23,15,3,19,1,17,11,7],[3,11,23,19,17,15,7,1],[19,3,1,17,7,11,23,15],[3,19,1,17,7,23,11,15],[3,19,17,23,15,7,11,21,1],[19,23,7,11,3,1,17,15],[11,7,23,15,3,19,1,17],[3,7,23,19,17,15,11,21,1],[19,15,7,3,17,11,23,21,1],[15,19,7,11,3,17,23,1],[15,11,23,3,19,17,7,1],[15,23,3,19,17,7,11,21,1],[19,3,1,17,23,7,11,15],[23,19,15,3,17,11,7,1],[3,7,11,15,19,17,23,1],[7,23,15,19,3,1,17,11],[7,15,23,3,11,19,17,1],[19,3,17,11,7,23,15,1],[7,23,15,3,19,1,17,11],[15,23,11,3,7,19,17,1],[3,7,23,19,1,17,11,15],[3,23,11,19,1,17,7,15],[3,19,1,17,7,11,15,23],[3,7,11,19,1,17,23,15],[3,19,1,17,7,15,11,23],[15,7,3,23,11,19,1,17],[15,7,3,23,11,19,17,21,1],[3,7,15,23,11,19,17,1],[11,7,23,3,15,19,1,17],[15,23,7,11,19,3,1,17],[19,7,11,23,3,1,17,15],[3,19,17,7,15,23,11,21,1],[11,3,23,19,17,7,15,21,1],[19,23,7,11,3,17,15,21,1],[15,23,3,11,7,19,17,21,1],[7,3,15,19,1,17,11,23],[7,3,11,19,1,17,23,15],[19,7,15,11,3,17,23,21,1],[3,23,19,17,11,15,7,21,1],[15,3,7,11,23,19,17,1],[19,23,7,15,11,3,1,17],[19,7,23,11,3,1,17,15],[3,19,1,17,7,11,15,23],[23,11,7,3,19,17,15,1],[15,7,11,3,19,1,17,23],[3,23,19,1,17,11,15,7],[3,7,19,1,17,15,23,11],[7,3,15,19,17,11,23,1],[11,15,23,7,3,19,1,17],[15,23,11,3,7,19,17,21,1],[7,15,23,11,19,3,17,1],[19,3,1,17,23,15,11,7],[3,23,11,19,17,15,7,1],[11,3,7,15,19,1,17,23],[3,11,15,7,23,19,17,21,1],[23,3,11,7,19,1,17,15],[3,19,17,15,7,11,23,21,1],[3,11,23,15,7,19,1,17],[11,7,3,19,1,17,15,23],[19,23,15,3,1,17,7,11],[7,19,11,3,1,17,15,23],[7,23,19,3,1,17,11,15],[23,11,19,15,3,1,17,7],[7,11,15,23,3,19,1,17],[7,11,19,3,1,17,15,23],[7,19,23,3,17,11,15,1],[7,19,11,15,3,1,17,23],[7,3,15,11,19,1,17,23],[15,7,23,3,19,17,11,1],[15,7,19,11,23,3,17,1],[7,11,23,3,19,17,15,1],[23,3,19,17,11,7,15,1],[7,15,3,23,11,19,17,21,1],[7,11,15,3,23,19,17,1],[19,23,11,7,3,17,15,1],[19,3,17,11,15,7,23,1],[19,7,23,3,1,17,11,15],[23,3,7,19,17,11,15,21,1],[15,19,23,7,11,3,1,17],[15,11,3,23,19,17,7,21,1],[3,23,15,7,11,19,17,21,1],[23,7,3,19,1,17,11,15],[3,19,17,23,15,7,11,1],[23,7,11,15,3,19,1,17],[23,19,15,3,1,17,7,11],[19,23,11,15,7,3,1,17],[3,15,11,7,23,19,17,1],[7,19,23,11,3,17,15,21,1],[11,23,19,15,3,17,7,21,1],[7,15,23,3,11,19,17,1],[11,19,3,17,23,15,7,21,1],[19,11,15,3,1,17,23,7],[15,23,11,3,7,19,17,21,1],[11,3,19,1,17,7,15,23],[15,23,7,11,19,3,1,17],[19,11,3,17,7,15,23,1],[7,23,3,11,19,1,17,15],[19,3,17,11,15,7,23,21,1],[19,3,1,17,11,7,23,15],[19,7,23,3,1,17,11,15],[7,19,15,11,3,17,23,21,1],[15,7,11,19,3,17,23,21,1],[3,15,7,19,1,17,11,23],[19,15,23,7,11,3,1,17],[19,11,7,23,3,1,17,15],[7,11,23,19,3,1,17,15],[7,3,19,17,23,15,11,1],[23,3,15,7,19,1,17,11],[7,15,23,3,19,17,11,1],[3,19,1,17,23,7,15,11],[3,7,19,1,17,23,15,11],[3,7,19,1,17,11,15,23],[19,11,15,23,3,1,17,7],[3,7,15,11,19,17,23,1],[3,7,19,1,17,23,15,11],[3,19,1,17,15,7,23,11],[23,19,15,7,3,1,17,11],[7,3,19,1,17,11,23,15],[11,23,7,3,15,19,1,17],[7,19,11,15,3,17,23,21,1],[7,19,15,11,23,3,17,1],[15,7,11,3,19,1,17,23],[3,23,15,19,1,17,7,11],[7,23,15,19,3,17,11,21,1],[3,19,17,7,15,11,23,21,1],[19,7,23,3,17,15,11,1],[19,15,3,1,17,7,11,23],[15,23,7,3,19,1,17,11],[7,11,23,3,19,17,15,1],[11,7,3,15,19,17,23,21,1],[15,11,3,7,23,19,1,17],[23,19,3,1,17,15,11,7],[19,7,15,23,11,3,17,21,1],[3,19,1,17,7,23,11,15],[7,3,19,17,23,11,15,21,1],[19,3,17,7,15,23,11,1],[19,3,1,17,11,23,7,15],[11,15,7,19,3,17,23,21,1],[15,23,11,3,7,19,1,17],[19,3,1,17,23,7,11,15],[7,23,3,19,17,11,15,1],[3,7,11,19,1,17,23,15],[3,19,1,17,23,15,7,11],[23,19,15,11,3,17,7,1],[23,7,3,19,17,15,11,1],[3,15,19,17,11,23,7,1],[3,23,19,1,17,11,7,15],[7,23,11,3,15,19,17,21,1],[23,7,3,15,19,1,17,11],[3,11,19,1,17,23,15,7],[11,19,7,23,3,17,15,21,1],[11,7,23,19,15,3,17,1],[23,11,3,19,1,17,7,15],[7,15,3,19,1,17,23,11],[11,7,23,19,15,3,1,17],[19,3,17,11,7,23,15,21,1],[7,15,11,23,19,3,1,17],[23,19,7,3,1,17,15,11],[15,7,19,3,17,23,11,21,1],[15,19,7,23,3,1,17,11],[19,15,7,3,17,11,23,1],[11,23,7,19,15,3,1,17],[15,11,7,19,3,17,23,1],[3,23,15,19,17,11,7,21,1],[7,3,19,17,23,11,15,1],[11,23,19,7,15,3,17,21,1],[3,11,7,15,19,1,17,23],[3,19,1,17,15,23,7,11],[3,19,1,17,7,11,15,23],[15,3,19,17,23,7,11,1],[15,7,11,3,23,19,1,17],[15,19,7,3,17,11,23,21,1],[3,23,15,19,17,7,11,1],[15,3,19,17,11,23,7,1],[11,19,3,17,15,23,7,1],[7,3,23,11,15,19,1,17],[23,11,3,15,7,19,1,17],[11,23,7,3,19,17,15,21,1],[23,15,11,3,7,19,17,1],[7,15,19,3,1,17,11,23],[7,19,15,11,3,1,17,23],[11,15,19,23,7,3,1,17],[7,3,23,11,19,17,15,1],[3,7,23,19,17,11,15,21,1],[3,23,11,19,17,7,15,1],[7,15,23,19,11,3,17,21,1],[23,19,11,3,17,7,15,1],[23,11,19,15,3,17,7,1],[15,3,11,19,17,7,23,21,1],[3,11,23,15,7,19,1,17],[19,7,3,17,15,11,23,1],[23,11,15,7,3,19,1,17],[19,15,3,1,17,23,11,7],[15,7,23,11,19,3,1,17],[3,11,7,19,17,23,15,1],[7,11,15,23,3,19,1,17],[19,7,3,1,17,11,23,15],[7,23,15,19,11,3,17,1],[23,7,19,11,3,1,17,15],[3,19,1,17,11,15,7,23],[23,7,19,11,15,3,1,17],[15,3,23,11,7,19,1,17],[19,11,3,1,17,23,15,7],[19,15,11,3,1,17,23,7],[15,7,3,11,19,17,23,21,1],[19,3,1,17,23,11,7,15],[15,11,7,23,19,3,1,17],[19,11,3,1,17,15,7,23],[7,19,11,23,3,1,17,15],[19,3,17,23,15,7,11,1],[23,7,3,11,15,19,1,17],[23,3,19,17,15,11,7,21,1],[15,7,23,3,19,1,17,11],[19,3,1,17,15,7,11,23],[23,19,15,3,1,17,7,11],[3,15,7,11,23,19,1,17],[15,19,23,3,1,17,7,11],[3,11,15,19,17,23,7,1],[3,11,7,19,1,17,23,15],[19,11,15,7,23,3,17,21,1],[23,7,11,3,15,19,1,17],[11,7,23,3,15,19,17,21,1],[19,11,7,23,15,3,1,17],[7,11,19,23,3,17,15,1],[3,19,1,17,11,23,15,7],[23,15,7,11,19,3,17,1],[19,3,1,17,7,23,11,15],[3,19,1,17,23,15,11,7],[23,11,19,3,1,17,15,7],[7,23,11,15,19,3,17,1],[7,15,19,23,3,1,17,11],[7,19,11,15,3,1,17,23],[23,15,11,3,19,1,17,7],[19,11,7,3,17,23,15,1],[15,19,11,3,1,17,23,7],[11,15,3,19,17,7,23,21,1],[15,19,11,23,7,3,17,21,1],[15,23,11,19,7,3,1,17],[19,23,11,7,3,17,15,21,1],[23,3,11,7,15,19,17,1],[3,7,11,23,15,19,1,17],[23,11,19,3,1,17,7,15],[3,19,17,23,15,11,7,1],[15,11,7,23,19,3,1,17],[19,11,15,7,3,1,17,23],[15,7,11,19,23,3,17,21,1],[11,7,15,3,19,17,23,1],[3,11,15,23,7,19,17,1],[15,11,23,3,7,19,1,17],[11,3,15,7,23,19,17,21,1],[11,23,7,15,19,3,1,17],[3,7,15,11,19,17,23,21,1],[7,3,15,23,19,1,17,11],[23,7,15,3,19,1,17,11],[23,11,15,7,19,3,1,17],[3,7,15,11,19,1,17,23],[19,3,1,17,7,11,15,23],[3,23,19,17,11,15,7,21,1],[3,15,11,19,17,23,7,21,1],[11,19,23,7,3,17,15,1],[15,7,11,23,3,19,1,17],[15,11,19,7,3,17,23,21,1],[7,23,11,3,15,19,1,17],[23,19,11,3,17,15,7,1],[19,3,1,17,11,7,23,15],[23,19,11,3,17,15,7,1],[19,3,1,17,11,15,7,23],[3,11,19,17,23,15,7,21,1],[11,3,7,15,23,19,17,1],[19,15,7,3,17,11,23,1],[23,7,15,11,19,3,17,21,1],[23,3,7,15,19,17,11,1],[19,23,15,3,17,11,7,1],[15,3,23,19,17,11,7,1],[15,11,19,23,3,1,17,7],[3,11,23,15,7,19,17,1],[19,23,7,3,17,11,15,1],[15,7,11,23,19,3,1,17],[3,23,7,15,11,19,1,17],[19,23,15,11,3,1,17,7],[23,7,11,3,19,1,17,15],[19,7,3,17,23,11,15,1],[15,11,7,23,19,3,1,17],[7,15,23,19,11,3,17,21,1],[11,15,23,19,3,1,17,7],[3,11,7,19,1,17,23,15],[7,11,3,15,23,19,1,17],[3,7,11,19,1,17,15,23],[7,19,15,23,11,3,17,21,1],[19,15,3,1,17,23,11,7],[15,23,7,19,11,3,17,21,1],[11,19,23,7,3,1,17,15],[7,19,23,15,3,1,17,11],[19,23,3,1,17,7,11,15],[19,7,15,23,3,1,17,11],[15,11,23,19,7,3,17,21,1],[15,11,7,23,3,19,1,17],[15,19,11,7,3,17,23,21,1],[7,19,23,15,11,3,1,17],[7,11,23,19,3,17,15,21,1],[19,3,17,23,7,15,11,21,1],[3,15,19,1,17,23,7,11],[7,3,11,19,17,15,23,21,1],[23,3,19,17,11,7,15,1],[15,3,23,19,1,17,7,11],[7,11,23,15,19,3,1,17],[23,15,11,7,19,3,17,1],[3,15,23,11,7,19,17,21,1],[7,15,23,11,19,3,17,1],[19,23,11,7,3,1,17,15],[7,3,19,17,23,15,11,21,1],[15,23,11,19,7,3,1,17],[15,7,11,19,3,17,23,1],[3,15,7,19,1,17,23,11],[3,15,7,19,17,11,23,21,1],[3,23,7,15,19,1,17,11],[3,19,17,7,15,23,11,1],[3,7,23,11,19,17,15,1],[19,11,15,7,23,3,1,17],[7,15,19,23,11,3,17,21,1],[7,3,11,15,19,1,17,23],[19,15,23,7,11,3,17,21,1],[3,23,15,19,1,17,11,7],[7,15,11,23,3,19,17,21,1],[19,15,3,1,17,23,7,11],[3,7,19,17,15,11,23,21,1],[3,11,15,19,17,7,23,1],[3,15,23,7,19,17,11,1],[7,11,19,3,1,17,23,15],[7,11,3,19,1,17,15,23],[7,11,3,19,1,17,23,15],[3,15,11,19,1,17,7,23],[15,11,7,23,3,19,1,17],[23,15,19,11,3,17,7,21,1],[23,7,15,3,19,1,17,11],[15,19,7,11,23,3,1,17],[19,3,17,11,23,15,7,1],[11,23,15,3,19,1,17,7],[3,23,19,1,17,11,7,15],[3,11,15,23,19,17,7,1],[23,7,11,15,3,19,1,17],[15,23,11,19,7,3,17,21,1],[19,15,23,11,3,17,7,21,1],[19,7,3,1,17,15,23,11],[3,19,17,7,23,11,15,1],[7,19,11,15,23,3,17,1],[3,7,23,11,19,1,17,15],[7,11,3,23,19,17,15,1],[3,15,11,19,1,17,23,7],[19,7,11,3,1,17,23,15],[23,7,3,11,19,1,17,15],[3,23,15,11,7,19,1,17],[15,7,23,11,19,3,17,1],[3,7,15,23,19,17,11,1],[23,19,15,7,11,3,1,17],[7,19,15,11,23,3,1,17],[23,11,7,19,3,1,17,15],[15,7,11,19,3,17,23,21,1],[19,7,11,3,17,15,23,1],[15,11,19,7,23,3,1,17],[7,3,11,23,15,19,17,1],[11,7,3,23,15,19,17,21,1],[23,15,19,3,17,11,7,1],[7,15,3,11,23,19,1,17],[11,15,3,23,19,17,7,21,1],[15,11,7,23,19,3,1,17],[11,7,23,19,15,3,1,17],[3,7,15,19,1,17,23,11],[11,19,23,7,15,3,17,1],[7,15,23,3,19,17,11,21,1],[3,7,23,11,19,1,17,15],[23,19,3,1,17,11,15,7],[3,19,17,11,7,23,15,21,1],[7,23,3,11,19,1,17,15],[3,15,23,19,1,17,11,7],[7,11,19,23,3,17,15,21,1],[7,19,15,23,11,3,1,17],[19,7,23,15,11,3,1,17],[7,3,23,19,17,15,11,1],[3,19,17,11,23,7,15,21,1],[3,11,15,23,7,19,1,17],[11,15,23,19,7,3,1,17],[19,23,11,3,1,17,7,15],[19,7,15,3,17,11,23,1],[11,15,23,19,7,3,1,17],[7,23,11,15,3,19,17,1],[11,23,7,3,15,19,1,17],[19,23,3,17,15,7,11,21,1],[3,7,15,19,17,23,11,21,1],[7,11,15,3,23,19,1,17],[7,19,15,3,1,17,23,11],[11,7,3,15,19,1,17,23],[15,7,23,11,3,19,17,21,1],[3,11,23,7,15,19,17,1],[7,11,19,15,23,3,1,17],[23,15,19,3,1,17,7,11],[11,3,19,17,23,7,15,21,1],[7,23,19,15,11,3,1,17],[23,19,15,3,17,7,11,21,1],[19,3,1,17,11,15,7,23],[15,23,3,11,19,1,17,7],[7,23,3,19,1,17,15,11],[3,11,23,15,7,19,17,21,1],[19,7,3,1,17,11,23,15],[19,7,11,23,15,3,17,1],[3,19,1,17,11,15,7,23],[7,19,15,11,23,3,17,1],[3,11,23,19,1,17,7,15],[11,7,3,23,15,19,17,1],[3,11,19,1,17,15,7,23],[7,11,15,19,23,3,17,21,1],[15,23,11,7,3,19,17,21,1],[3,11,7,23,19,1,17,15],[19,11,23,3,17,7,15,1],[23,15,7,19,11,3,1,17],[15,19,23,11,3,17,7,1],[19,15,7,3,17,11,23,21,1],[3,23,11,15,7,19,1,17],[19,3,1,17,11,15,23,7],[19,15,3,17,7,11,23,21,1],[19,15,23,7,11,3,17,21,1],[23,11,7,15,3,19,17,21,1],[23,19,15,11,3,1,17,7],[7,15,23,19,3,17,11,21,1],[11,3,23,7,19,17,15,21,1],[3,19,1,17,15,23,7,11],[3,15,7,19,1,17,23,11],[11,15,23,7,3,19,17,21,1],[3,19,17,11,7,23,15,21,1],[7,3,23,19,1,17,11,15],[23,7,19,3,1,17,15,11],[19,15,7,23,3,1,17,11],[23,15,11,7,3,19,17,21,1],[11,7,23,19,15,3,1,17],[23,11,19,7,3,17,15,1],[3,23,15,7,19,17,11,21,1],[7,15,3,23,19,17,11,1],[3,11,23,19,17,7,15,21,1],[19,15,11,23,7,3,17,21,1],[19,7,11,15,3,17,23,1],[3,11,15,23,7,19,17,21,1],[19,7,15,3,1,17,11,23],[15,11,23,19,7,3,17,21,1],[7,15,11,3,23,19,17,1],[15,11,3,23,19,17,7,21,1],[3,11,7,15,19,17,23,21,1],[15,3,19,17,7,11,23,21,1],[15,23,7,3,19,1,17,11],[7,19,3,1,17,23,15,11],[19,3,1,17,23,11,15,7],[23,15,7,19,11,3,1,17],[3,11,15,7,23,19,1,17],[23,11,15,19,3,17,7,21,1],[15,23,19,3,1,17,7,11],[23,19,15,3,17,11,7,21,1],[11,23,19,3,17,15,7,1],[19,15,3,17,23,11,7,21,1],[19,7,15,11,23,3,1,17],[23,7,11,3,15,19,1,17],[11,19,3,17,7,23,15,21,1],[3,11,7,19,17,15,23,21,1],[11,23,19,15,7,3,1,17],[7,15,19,23,11,3,17,1],[23,3,11,7,15,19,1,17],[19,15,11,3,17,7,23,1],[7,23,15,11,3,19,17,21,1],[7,11,19,23,15,3,17,21,1],[15,3,19,17,23,11,7,21,1],[3,15,7,11,23,19,1,17],[19,11,3,17,15,23,7,1],[15,11,23,19,3,1,17,7],[3,19,17,23,11,7,15,1],[11,3,23,19,1,17,15,7],[23,15,11,3,7,19,17,1],[23,15,3,7,19,1,17,11],[19,3,17,11,15,7,23,21,1],[15,23,11,3,7,19,17,21,1],[3,11,7,23,15,19,1,17],[11,23,19,15,7,3,1,17],[15,11,3,7,19,1,17,23],[3,11,7,19,1,17,15,23],[7,11,15,23,3,19,17,1],[7,11,15,19,23,3,1,17],[3,19,1,17,11,7,15,23],[11,19,7,23,3,1,17,15],[3,19,1,17,7,23,11,15],[7,15,19,11,3,1,17,23],[19,3,1,17,7,23,15,11],[15,7,3,19,17,23,11,1],[7,3,19,1,17,23,15,11],[11,3,7,23,19,1,17,15],[11,23,7,19,15,3,1,17],[3,19,1,17,7,23,11,15],[15,3,23,19,1,17,11,7],[7,19,23,15,11,3,17,21,1],[3,15,11,7,19,1,17,23],[7,3,23,11,15,19,1,17],[11,7,3,15,19,17,23,21,1],[7,19,11,3,17,15,23,1],[7,3,15,19,1,17,11,23],[19,11,15,23,7,3,17,1],[15,23,3,11,19,17,7,1],[23,15,11,19,3,1,17,7],[11,3,19,1,17,7,15,23],[3,23,7,19,1,17,11,15],[7,3,11,15,23,19,1,17],[3,7,11,19,17,15,23,21,1],[19,23,3,1,17,15,11,7],[23,7,11,19,15,3,1,17],[3,19,1,17,15,23,11,7],[3,7,11,19,1,17,15,23],[11,19,15,3,17,23,7,21,1],[3,15,11,19,1,17,7,23],[3,15,23,11,19,1,17,7],[7,11,3,15,19,1,17,23],[3,7,11,19,17,23,15,21,1],[19,23,7,3,17,11,15,1],[3,23,11,19,17,7,15,21,1],[15,19,11,7,23,3,17,1],[19,15,7,23,3,17,11,21,1],[11,3,15,7,23,19,1,17],[3,11,15,19,1,17,7,23],[7,19,23,3,17,11,15,1],[11,23,15,7,3,19,1,17],[15,19,3,17,23,7,11,21,1],[11,15,3,19,1,17,23,7],[11,23,19,7,3,1,17,15],[15,7,3,19,17,11,23,1],[3,23,19,1,17,11,15,7],[19,15,7,3,17,23,11,21,1],[7,19,15,3,17,11,23,1],[11,19,3,1,17,23,15,7],[11,3,7,23,19,17,15,1],[15,19,3,17,11,7,23,1],[15,19,3,17,7,23,11,1],[19,23,7,3,17,15,11,1],[3,7,15,23,19,17,11,1],[3,7,23,15,19,17,11,21,1],[7,11,23,15,3,19,1,17],[7,3,11,19,17,15,23,21,1],[7,3,23,11,19,1,17,15],[23,11,15,7,19,3,17,21,1],[3,23,19,1,17,7,11,15],[7,11,19,3,1,17,15,23],[11,7,23,15,3,19,17,21,1],[19,7,15,3,17,23,11,1],[7,19,15,11,23,3,1,17],[7,15,3,11,19,1,17,23],[15,7,11,3,23,19,17,21,1],[3,15,11,19,1,17,23,7],[19,15,11,23,7,3,17,21,1],[3,23,7,11,15,19,17,1],[11,19,3,1,17,7,15,23],[11,15,19,23,3,17,7,21,1],[3,15,23,7,19,17,11,21,1],[15,23,19,3,1,17,11,7],[3,7,11,23,19,1,17,15],[23,19,3,17,15,7,11,1],[7,3,15,23,19,1,17,11],[15,23,7,3,11,19,17,21,1],[11,3,7,23,15,19,1,17],[11,19,7,3,1,17,23,15],[15,3,11,19,17,7,23,21,1],[3,19,17,15,11,23,7,21,1],[11,15,7,19,23,3,17,1],[23,11,3,15,7,19,1,17],[23,3,15,11,7,19,17,21,1],[11,15,7,23,3,19,1,17],[3,7,19,17,15,23,11,1],[19,7,11,3,1,17,15,23],[23,7,3,15,19,1,17,11],[7,15,3,11,19,1,17,23],[3,7,15,11,19,1,17,23],[15,23,7,3,11,19,1,17],[3,23,11,7,19,1,17,15],[19,7,15,23,11,3,17,1],[11,19,15,3,17,7,23,1],[11,23,15,3,7,19,17,21,1],[3,19,1,17,23,11,15,7],[19,23,3,1,17,7,15,11],[23,3,15,11,7,19,1,17],[3,19,1,17,23,11,7,15],[7,3,23,19,1,17,15,11],[11,19,23,7,15,3,17,1],[15,3,11,23,19,1,17,7],[19,23,15,7,3,17,11,21,1],[19,3,1,17,15,11,7,23],[11,23,3,15,7,19,1,17],[11,7,15,23,3,19,17,1],[19,11,23,15,3,17,7,1],[11,15,3,7,19,1,17,23],[19,11,7,23,15,3,17,1],[3,23,15,11,7,19,1,17],[15,11,3,19,17,23,7,21,1],[19,23,11,15,7,3,1,17],[15,19,23,11,3,17,7,21,1],[23,11,15,19,3,17,7,21,1],[19,11,7,3,17,15,23,1],[11,7,15,23,3,19,17,21,1],[23,19,11,7,3,17,15,21,1],[3,15,19,1,17,7,11,23],[3,19,17,15,11,7,23,1],[7,3,15,23,19,17,11,1],[19,7,11,15,3,17,23,21,1],[19,7,11,15,3,1,17,23],[7,19,3,1,17,11,23,15],[15,19,3,1,17,7,11,23],[15,23,7,11,19,3,1,17],[11,23,19,15,7,3,1,17],[23,3,11,19,17,7,15,21,1],[11,15,19,7,3,17,23,1],[23,3,19,1,17,11,7,15],[11,23,15,19,7,3,17,21,1],[15,19,3,17,7,23,11,1],[3,11,15,19,1,17,7,23],[11,7,15,19,3,17,23,21,1],[15,3,7,11,19,1,17,23],[19,23,15,11,7,3,1,17],[19,23,3,1,17,15,7,11],[23,19,3,17,7,11,15,21,1],[23,11,15,3,19,17,7,1],[23,7,3,19,17,11,15,1],[7,3,23,11,19,1,17,15],[23,3,19,1,17,15,11,7],[3,23,19,17,15,11,7,21,1],[7,23,3,15,11,19,1,17],[3,7,19,1,17,11,23,15],[19,7,15,11,23,3,1,17],[7,15,19,11,3,17,23,1],[19,23,3,17,15,11,7,21,1],[23,15,19,11,3,17,7,1],[15,7,11,3,23,19,17,21,1],[11,23,7,15,19,3,1,17],[23,7,11,19,15,3,17,21,1],[15,11,19,23,7,3,17,21,1],[3,19,17,15,11,23,7,21,1],[3,11,15,7,23,19,1,17],[11,19,3,17,23,15,7,21,1],[3,23,7,19,1,17,11,15],[23,7,11,15,3,19,17,1],[19,3,1,17,15,23,7,11],[11,7,19,15,23,3,17,21,1],[23,19,3,1,17,11,7,15],[15,3,23,11,7,19,17,1],[15,19,7,11,23,3,17,1],[3,19,17,11,7,15,23,21,1],[3,23,11,19,17,7,15,1],[15,11,3,19,17,23,7,1],[3,15,7,19,17,11,23,21,1],[15,7,3,23,11,19,17,1],[15,11,7,3,19,17,23,21,1],[15,19,7,11,23,3,17,21,1],[11,15,7,3,23,19,17,21,1],[3,7,19,1,17,11,15,23],[11,7,3,19,1,17,23,15],[19,11,7,3,1,17,15,23],[23,7,11,19,3,17,15,1],[15,19,23,11,7,3,17,1],[19,15,23,3,1,17,7,11],[11,15,19,7,3,17,23,1],[7,15,23,19,3,1,17,11],[11,3,23,7,19,1,17,15],[11,23,3,7,15,19,1,17],[7,11,23,3,19,17,15,21,1],[19,11,23,7,15,3,17,1],[15,3,7,19,1,17,11,23],[19,23,11,3,1,17,7,15],[3,23,7,11,19,17,15,21,1],[11,3,15,7,19,17,23,1],[19,11,23,15,7,3,17,21,1],[15,19,3,17,23,11,7,1],[23,15,7,3,11,19,17,21,1],[3,19,1,17,23,7,11,15],[23,3,7,19,1,17,15,11],[11,7,3,23,15,19,17,21,1],[3,15,23,19,17,7,11,21,1],[7,3,23,15,11,19,17,21,1],[15,11,7,23,19,3,1,17],[7,15,3,11,23,19,1,17],[11,7,23,19,3,17,15,21,1],[3,15,11,23,19,1,17,7],[19,7,3,1,17,15,11,23],[23,19,15,7,3,17,11,21,1],[23,15,19,3,1,17,7,11],[11,3,15,23,7,19,17,21,1],[15,23,3,7,11,19,17,1],[11,19,23,3,1,17,15,7],[23,15,11,3,19,1,17,7],[7,3,15,23,19,17,11,21,1],[15,11,19,7,3,1,17,23],[19,11,15,3,1,17,23,7],[23,15,19,7,11,3,17,21,1],[11,3,23,19,17,7,15,21,1],[23,11,15,7,3,19,1,17],[19,7,3,17,15,11,23,1],[15,3,23,11,7,19,1,17],[11,15,3,23,19,1,17,7],[11,7,3,23,15,19,17,1],[23,7,11,3,15,19,1,17],[15,11,3,23,7,19,17,1],[15,19,11,23,3,1,17,7],[15,23,11,19,7,3,17,1],[11,23,7,19,15,3,17,21,1],[11,15,19,7,23,3,1,17],[11,15,23,19,7,3,17,21,1],[19,23,3,17,11,7,15,21,1],[7,3,23,15,19,17,11,1],[3,11,7,23,15,19,17,21,1],[19,15,23,3,17,11,7,21,1],[7,11,19,15,23,3,17,21,1],[3,7,23,11,19,17,15,1],[23,15,7,19,11,3,1,17],[15,19,7,11,3,17,23,21,1],[23,3,11,15,19,17,7,1],[7,11,23,3,19,17,15,21,1],[19,7,15,23,3,1,17,11],[19,7,11,3,1,17,15,23],[3,11,23,15,7,19,17,1],[15,3,7,23,11,19,17,21,1],[3,11,19,17,23,7,15,1],[23,15,3,11,7,19,17,1],[19,15,11,3,17,7,23,21,1],[19,7,3,1,17,23,15,11],[15,23,3,11,7,19,1,17],[23,19,3,1,17,11,15,7],[3,19,1,17,15,23,7,11],[15,11,19,3,17,7,23,1],[11,15,23,19,3,17,7,1],[11,15,19,23,3,17,7,1],[11,19,7,3,17,15,23,21,1],[19,3,1,17,7,11,15,23],[15,23,19,7,11,3,1,17],[11,23,19,15,3,1,17,7],[23,11,19,7,3,17,15,1],[7,3,15,19,17,11,23,21,1],[3,15,23,11,7,19,17,21,1],[3,23,11,15,19,1,17,7],[11,19,15,3,17,7,23,21,1],[7,23,19,3,1,17,11,15],[23,11,3,7,15,19,1,17],[19,7,3,17,11,15,23,1],[15,23,7,11,19,3,17,21,1],[23,15,3,11,19,1,17,7],[23,7,19,11,3,1,17,15],[15,11,7,3,19,17,23,21,1],[15,11,3,23,7,19,1,17],[23,7,11,15,19,3,1,17],[11,19,23,7,15,3,1,17],[11,19,23,3,1,17,15,7],[23,15,7,19,3,1,17,11],[23,11,19,7,15,3,17,1],[15,23,3,7,11,19,1,17],[15,23,3,11,7,19,1,17],[3,11,23,15,19,17,7,1],[3,7,11,19,1,17,15,23],[11,15,19,3,1,17,7,23],[19,7,15,3,17,23,11,21,1],[15,11,3,19,17,7,23,21,1],[19,23,11,3,1,17,15,7],[7,23,3,11,15,19,17,1],[19,3,1,17,7,23,11,15],[7,3,23,15,11,19,17,21,1],[3,19,17,11,15,7,23,1],[19,15,3,1,17,7,11,23],[3,23,19,1,17,15,11,7],[15,7,3,23,11,19,17,1],[19,23,15,11,3,17,7,1],[19,15,11,3,17,7,23,21,1],[7,23,15,11,3,19,17,21,1],[3,15,7,11,23,19,1,17],[23,7,15,11,19,3,1,17],[15,11,23,19,3,1,17,7],[11,3,19,1,17,15,23,7],[11,23,3,7,15,19,1,17],[19,15,11,23,7,3,17,1],[3,23,7,15,19,17,11,1],[19,15,3,1,17,23,7,11],[19,3,17,11,7,23,15,21,1],[7,23,3,19,17,11,15,1],[23,11,7,15,3,19,17,1],[11,19,23,15,3,17,7,1],[3,23,11,15,7,19,17,21,1],[11,23,15,7,19,3,1,17],[19,15,11,7,23,3,1,17],[3,7,23,15,11,19,1,17],[3,15,7,11,23,19,1,17],[23,11,15,3,7,19,17,1],[3,23,19,1,17,7,11,15],[19,3,1,17,15,11,7,23],[19,15,3,1,17,11,23,7],[3,7,19,17,11,15,23,1],[19,11,3,17,23,7,15,1]]}