{"problem_id":"6ECCnUdMfD9MePi","sigma":75,"alpha":3.162,"cost":0,"probabilities":"[0.16, 0.22, 0.27, 0.35]","payoff_matrix":"[[15, -109, 88, 181, -18, 131], [-72, 83, -73, 96, -1, -186], [-23, -106, 69, 110, -112, -133], [-73, 66, 82, -119, 33, 2]]","uncovered":[[12,16,4,20,8,11,7,22],[16,12,24,4,20,8,11,7],[20,16,8,19,24,4,12,11,7],[16,24,4,8,20,19,12,7,11],[20,4,16,8,19,24,12,7,11],[8,20,4,7,24,16,12,11],[20,8,7,4,24,16,12,11],[20,16,24,4,8,7,12,11],[20,4,12,16,24,8,11,7],[20,4,12,8,11,7,24,15,16],[12,24,4,16,8,7,20,19,23,11],[16,24,4,20,8,19,12,7,23,9],[16,12,20,4,24,8,7,11],[20,24,8,19,16,12,11,7,2],[8,4,16,20,19,12,7,24,23,11],[8,12,7,16,4,20,24,11],[16,8,20,7,24,4,12,19,11],[12,24,8,11,7,4,16,20],[8,12,7,20,4,24,16,11],[24,4,20,8,19,12,7,16,11],[20,8,19,12,7,4,16,24,11],[20,16,12,24,4,8,11,7],[4,8,16,12,7,20,24,19,23,11],[8,16,20,7,4,24,12,19,23,11],[16,4,12,20,24,8,7,11],[24,20,4,12,16,8,11,7],[8,4,24,12,11,7,15,16,20],[20,4,8,7,16,24,12,19,11],[20,16,12,8,7,24,4,19,11],[24,12,8,7,16,4,20,19,23,11],[24,20,16,12,4,8,11,7],[24,16,12,8,11,7,20,4],[20,24,8,7,16,4,12,11],[12,20,4,24,8,11,7,16],[24,8,4,16,12,7,20,19,11],[12,16,4,20,8,7,24,11],[12,24,16,4,8,11,7,20],[4,12,16,24,8,11,7,20],[8,20,19,16,12,11,7,22,4],[12,8,7,4,16,24,20,19,23,10,11],[16,4,8,24,12,11,7,20],[20,16,12,24,8,11,7,4],[4,16,20,24,8,7,12,19,23,11],[8,16,20,19,12,11,7,23,4],[16,8,4,20,7,24,12,11],[12,24,20,4,8,7,16,11],[20,12,8,11,7,24,16,4],[24,8,12,7,20,4,16,19,23,11],[16,4,8,12,7,24,20,11],[8,12,11,7,4,24,16,17],[24,20,8,7,12,4,16,19,23,11],[16,20,4,12,8,7,24,11],[16,12,24,8,11,7,20,4],[20,24,16,4,12,8,7,19,23,11],[20,12,8,11,7,14,16,24,4],[4,16,20,12,24,8,7,11],[4,20,16,12,24,8,7,19,23,11],[8,4,24,12,11,7,20,16],[8,20,7,24,16,12,4,11],[4,8,24,20,19,12,7,16,11],[8,12,7,16,20,24,4,19,23,11],[16,24,4,8,20,19,12,7,23,11],[16,20,8,7,24,4,12,19,11],[24,4,8,20,7,12,16,19,11],[4,20,24,12,16,8,11,7],[8,20,7,4,12,16,24,19,23,10,11],[20,4,8,19,12,7,24,16,11],[8,24,12,7,20,16,4,11],[12,24,20,4,16,8,7,19,23,11],[8,24,20,7,16,4,12,19,23,11],[4,12,16,24,20,8,7,19,23,11],[8,24,16,4,20,19,12,7,11],[16,12,24,20,4,8,11,7],[8,24,20,7,16,4,12,19,23,11],[16,12,20,8,11,7,24,4],[12,24,8,7,16,20,4,19,11],[16,4,24,12,8,11,7,20],[4,16,12,8,7,24,20,19,11],[20,24,8,19,16,12,7,4,23,11],[24,16,8,4,20,19,12,11,7],[8,20,7,24,16,4,12,19,23,11],[24,8,4,16,20,19,12,11,7],[16,12,20,4,24,8,11,7],[8,12,7,24,20,16,4,19,11],[24,16,8,20,7,4,12,11],[4,12,20,8,11,7,24,16],[8,20,19,12,11,7,16,24,4],[8,20,7,16,24,4,12,19,23,11],[16,12,8,11,7,17,4,24],[12,20,24,4,16,8,7,11],[20,24,4,12,16,8,7,19,11],[12,20,4,8,11,7,24,14,16],[8,16,24,12,7,20,4,19,23,11],[24,20,4,16,8,7,12,19,23,11],[8,12,11,7,14,16,20,4,24],[4,16,20,8,19,12,7,24,11],[12,20,4,8,11,7,16,21,24,23],[12,24,16,8,11,7,18,4],[16,24,12,4,20,8,7,11],[24,12,20,8,11,7,16,4],[24,12,4,8,11,7,20,16],[4,16,12,8,11,7,17,24],[24,8,16,12,11,7,20,4],[8,12,11,7,16,20,24,4],[4,12,8,11,7,16,20,24],[16,24,12,8,11,7,20,4],[24,12,20,4,16,8,11,7],[16,24,4,20,8,7,12,11],[20,16,4,8,7,12,24,11],[16,20,24,4,12,8,11,7],[12,8,11,7,4,23,16,19],[4,20,24,8,19,16,12,11,7],[20,12,8,7,4,16,24,19,23,11],[20,12,24,16,8,11,7,3,19],[16,8,24,4,20,7,12,11],[4,12,16,8,11,7,24,20],[4,24,16,12,8,11,7,20],[24,20,8,7,16,4,12,11],[12,16,20,8,7,24,4,11],[16,24,20,8,7,4,12,11],[12,16,8,11,7,20,24,4],[8,4,24,20,19,16,12,11,7],[12,4,24,8,11,7,16,20],[16,20,8,19,24,4,12,11,7],[4,20,24,8,19,16,12,7,23,10,11],[4,8,12,11,7,17,16,24],[24,20,12,4,16,8,7,11],[16,4,12,24,8,7,20,11],[20,4,24,16,8,7,12,19,11],[24,4,20,12,16,8,7,19,23,11],[8,4,20,19,24,12,7,16,11],[16,12,24,20,8,11,7,4],[20,8,19,4,16,24,12,11,7],[20,4,24,16,12,8,11,7],[24,4,8,16,20,19,12,11,7],[4,20,12,16,24,8,7,11],[20,4,16,12,8,11,7,24],[8,20,19,16,24,12,11,7,1,4],[8,16,4,24,12,7,20,19,22,11],[16,20,4,8,7,24,12,11],[4,16,8,12,7,20,24,11],[8,20,19,4,16,24,12,11,7],[20,4,12,16,24,8,11,7],[8,20,19,16,4,24,12,7,23,11],[24,8,4,20,7,16,12,19,23,11],[20,16,8,19,12,7,4,24,11],[24,20,4,12,16,8,11,7],[8,24,12,11,7,16,4,18],[4,16,24,8,20,7,12,11],[4,8,16,12,11,7,18,24],[12,16,8,7,20,24,4,11],[12,4,16,20,24,8,7,11],[4,20,24,16,8,19,12,11,7],[16,4,24,8,20,19,12,7,23,11],[16,8,24,12,11,7,4,20],[24,12,4,20,8,7,16,19,23,11],[20,12,8,11,7,4,24,16],[24,12,4,8,11,6,7,17,16],[20,4,8,7,16,12,24,19,23,11],[20,16,24,12,4,8,11,7],[20,16,4,12,24,8,11,7],[4,20,12,24,8,7,16,11],[8,20,7,24,12,16,4,19,23,11],[20,16,12,4,8,7,24,11],[8,4,12,7,20,24,16,19,23,11],[16,24,12,4,20,8,11,7],[8,12,11,7,20,4,21,24,23,16],[24,8,20,7,12,16,4,19,11],[12,24,20,4,16,8,11,7],[16,8,12,7,20,4,24,11],[8,20,7,24,16,4,12,11],[24,16,20,12,4,8,7,11],[20,8,19,12,7,24,16,4,23,11],[4,12,16,24,20,8,7,19,11],[24,12,20,4,8,11,7,16],[16,20,24,4,12,8,11,7],[20,16,24,12,8,11,7,4],[4,12,24,8,11,7,16,20],[4,24,8,16,12,7,20,19,11],[20,4,12,8,11,7,16,22],[12,8,11,7,4,20,16,24],[8,24,20,19,16,4,12,11,7],[20,8,19,24,4,12,7,16,11],[8,20,19,24,16,4,12,11,7],[4,20,16,24,8,7,12,19,11],[16,20,8,7,4,24,12,11],[4,8,12,11,7,16,20,24],[20,16,8,7,24,4,12,11],[4,16,12,24,20,8,11,7],[16,24,20,8,7,12,4,11],[8,4,24,16,12,11,7,20],[16,12,24,8,7,20,4,11],[8,24,12,7,4,20,16,19,11],[16,20,24,12,4,8,11,7],[8,20,19,16,24,12,7,4,11],[16,12,8,7,20,4,24,11],[12,4,20,24,16,8,7,19,11],[4,24,20,16,8,19,12,11,7],[8,20,7,12,4,16,24,11],[24,12,4,20,8,11,7,16],[4,20,8,19,16,24,12,11,7],[16,8,12,11,7,3,20,24,19],[16,8,24,20,7,4,12,11],[4,16,8,12,11,7,20,24],[24,12,4,20,16,8,7,19,11],[24,20,8,19,16,4,12,7,11],[16,8,24,20,7,12,4,19,23,11],[4,24,12,20,16,8,7,11],[12,8,11,7,2,22,16,20],[20,12,16,4,8,11,7,24],[16,8,12,11,7,24,2,20],[8,24,16,4,20,7,12,19,11],[16,24,12,4,20,8,11,7],[16,4,12,20,24,8,7,19,11],[24,4,20,12,16,8,11,7],[24,12,4,16,20,8,11,7],[24,20,12,4,16,8,11,7],[20,12,8,11,7,16,4,22],[4,16,12,20,8,7,24,19,11],[20,24,16,4,8,7,12,11],[4,24,20,12,16,8,11,7],[4,12,8,7,20,24,16,19,11],[12,8,7,24,4,16,20,19,11],[8,20,7,4,12,16,24,11],[12,8,7,20,16,4,24,19,11],[4,16,24,8,20,19,12,7,23,11],[8,12,7,4,24,16,20,19,23,11],[20,8,7,24,4,16,12,11],[16,20,24,8,7,12,4,19,11],[20,24,4,8,19,16,12,7,11],[20,4,8,19,16,24,12,11,7],[12,16,24,4,8,11,7,20],[24,20,12,8,7,4,16,19,23,11],[4,20,16,8,7,12,24,11],[24,16,8,20,7,4,12,11],[8,4,20,19,16,12,11,7,24],[20,8,19,4,16,12,11,7,24],[12,4,16,24,20,8,7,19,11],[8,16,20,19,24,12,11,7,4],[12,24,20,16,8,7,4,19,23,10,11],[24,16,8,12,11,7,4,20],[20,24,8,7,12,4,16,19,11],[16,4,12,24,20,8,7,11],[4,12,16,20,24,8,11,7],[24,20,8,7,16,12,4,11],[20,4,12,16,24,8,7,11],[24,8,16,20,7,12,4,19,23,11],[24,16,12,20,8,7,4,11],[16,24,4,8,12,11,7,20],[12,4,16,24,20,8,11,7],[24,12,20,8,7,4,16,11],[24,20,16,4,8,7,12,11],[16,8,12,11,7,4,21,24,23,20],[12,16,20,4,24,8,7,19,11],[8,24,16,4,20,7,12,11],[16,20,12,24,8,7,4,11],[16,8,12,7,20,4,24,11],[20,24,4,16,12,8,11,7],[8,16,12,7,24,4,20,11],[12,8,7,16,20,4,24,11],[4,16,12,8,11,7,19,23],[20,24,12,8,11,7,16,4],[20,4,16,24,8,7,12,19,23,11],[4,24,12,16,20,8,11,7],[8,12,11,7,4,20,24,15,16],[8,4,24,12,11,7,20,16],[12,24,4,16,20,8,11,7],[16,8,24,12,7,4,20,19,23,11],[20,12,4,8,11,7,16,24],[16,8,24,12,7,4,20,19,23,11],[20,16,12,4,8,7,24,19,11],[16,4,12,8,11,7,20,23],[16,8,4,12,11,7,24,18],[20,12,16,4,24,8,7,11],[20,4,24,12,16,8,7,11],[24,20,16,12,8,11,7,4],[24,16,8,4,20,7,12,11],[20,12,8,7,4,24,16,11],[16,4,8,20,7,24,12,19,11],[16,4,24,12,8,11,7,20],[16,20,8,7,24,12,4,11],[12,16,4,24,8,7,20,19,11],[4,16,24,20,12,8,11,7],[24,4,12,16,20,8,7,11],[8,20,7,16,12,24,4,11],[24,20,4,8,19,12,11,7,16],[12,16,8,7,20,4,24,11],[12,4,24,20,8,11,7,16],[12,24,20,4,8,7,16,19,23,11],[24,4,16,8,12,7,20,19,11],[8,4,16,24,12,11,7,20],[24,20,16,8,19,12,11,7,4],[16,12,24,8,11,7,4,20],[16,24,12,8,7,4,20,11],[8,24,4,12,11,7,20,16],[20,24,16,8,7,12,4,11],[12,20,8,11,7,24,16,4],[24,4,8,16,12,11,7,20],[20,24,16,4,12,8,11,7],[12,4,20,8,7,24,16,19,11],[4,8,20,19,16,24,12,11,7],[12,8,11,7,24,16,4,20],[20,16,4,24,12,8,7,11],[12,16,24,20,8,11,7,4],[8,12,7,16,20,4,24,19,11],[8,4,12,7,16,24,20,19,23,11],[12,16,4,20,8,11,7,24],[16,12,4,20,8,7,24,19,11],[4,12,20,8,11,7,16,24],[20,16,4,8,7,24,12,19,11],[16,12,20,24,4,8,11,7],[16,24,4,12,8,7,20,11],[12,24,4,8,7,16,20,11],[12,8,11,7,24,16,2,20],[12,4,24,16,8,11,7,20],[24,16,4,12,20,8,7,11],[20,24,4,8,7,16,12,11],[24,8,16,4,12,11,7,20],[16,12,4,8,7,20,24,11],[4,12,8,7,24,20,16,11],[4,16,24,12,8,7,20,11],[24,16,4,8,12,7,20,11],[4,12,20,8,7,24,16,11],[8,24,20,7,16,4,12,11],[20,12,4,24,8,7,16,19,23,11],[20,12,4,24,16,8,11,7],[4,20,24,16,12,8,7,19,11],[4,16,8,12,11,7,20,23],[16,12,4,24,8,7,20,11],[24,8,16,12,7,20,4,11],[12,4,8,7,20,16,24,19,23,10,11],[4,12,20,24,16,8,11,7],[16,20,24,12,4,8,7,19,23,11],[12,24,8,11,7,20,16,4],[16,4,20,8,7,24,12,11],[16,12,24,4,20,8,7,11],[16,20,12,4,8,11,7,23],[8,16,24,12,11,7,4,19],[24,8,4,12,11,7,20,16],[16,20,24,12,8,7,4,11],[16,20,12,8,11,7,4,24],[24,8,20,19,4,16,12,11,7],[4,8,20,7,16,12,24,19,11],[8,24,4,16,12,7,20,19,11],[20,8,4,19,16,12,7,24,23,11],[4,20,24,12,16,8,7,19,23,11],[8,12,7,20,24,16,4,19,11],[20,24,12,8,7,16,4,19,11],[12,16,20,8,11,7,4,24],[24,16,20,4,8,19,12,7,11],[8,20,19,24,12,7,16,4,23,11],[12,8,11,7,24,4,19,16],[12,20,8,11,7,3,15,16,24,19],[4,24,12,20,8,7,16,11],[4,20,12,16,8,7,24,11],[12,16,24,8,7,4,20,19,11],[8,16,24,4,12,11,7,20],[8,4,24,16,12,11,7,19],[16,12,24,8,11,7,18,4],[4,8,12,11,7,16,17,24],[20,4,8,19,24,12,7,16,11],[4,24,12,20,8,7,16,19,23,11],[8,24,4,16,20,7,12,19,23,11],[16,8,12,11,7,19,1,24,4],[24,4,12,16,20,8,7,11],[4,16,12,20,8,11,7,24],[12,8,11,7,24,16,18,4],[20,4,16,12,8,11,7,24],[4,12,24,8,11,7,16,20],[16,4,24,12,8,11,7,18],[8,16,20,7,24,12,4,11],[16,8,20,7,4,12,24,19,11],[20,4,16,24,8,19,12,7,23,11],[4,20,16,8,19,12,7,24,23,11],[24,4,16,12,20,8,11,7],[16,8,24,4,20,19,12,11,7],[8,20,19,4,16,24,12,11,7],[16,8,12,11,7,20,24,4],[24,4,12,20,16,8,7,19,23,11],[24,16,12,20,4,8,7,19,23,11],[8,4,24,12,7,16,20,19,11],[16,20,24,8,19,4,12,7,23,11],[4,20,16,24,8,19,12,7,11],[4,12,16,20,8,11,7,24],[24,20,16,4,12,8,7,19,11],[4,20,24,8,7,12,16,19,23,10,11],[24,4,12,20,16,8,11,7],[4,12,16,8,11,7,22,20],[24,8,20,7,12,16,4,19,11],[12,16,24,20,8,11,6,7,4],[24,20,12,16,8,7,4,11],[4,20,16,24,12,8,7,19,11],[12,24,8,7,4,16,20,11],[8,12,11,7,4,20,16,24],[12,8,7,4,16,20,24,11],[16,12,8,11,7,20,4,24],[16,20,4,8,7,12,24,19,11],[8,24,16,4,12,7,20,11],[16,4,12,20,24,8,7,11],[20,24,16,8,7,12,4,11],[8,16,12,7,4,24,20,19,11],[12,16,24,20,4,8,11,7],[12,20,4,24,8,11,7,16],[8,24,12,7,20,16,4,11],[8,12,7,20,16,4,24,11],[16,12,24,4,20,8,7,11],[12,20,24,8,11,7,16,4],[16,12,4,8,11,7,24,20],[20,8,19,12,11,7,16,4,24],[4,24,20,8,19,16,12,11,7],[8,4,16,20,19,12,7,24,23,11],[12,8,11,7,20,1,24,16,4],[24,12,4,20,8,11,7,16],[12,16,4,24,8,7,20,19,11],[4,20,8,7,16,24,12,19,11],[12,4,16,8,11,7,24,18],[20,4,12,8,7,24,16,11],[20,12,4,24,16,8,11,7],[12,8,7,4,24,20,16,11],[12,4,20,8,7,24,16,19,23,11],[16,20,24,4,8,7,12,11],[12,8,7,4,16,24,20,11],[20,16,8,7,12,4,24,19,11],[8,12,11,7,20,16,3,24,19],[8,4,20,19,16,24,12,11,7],[8,4,12,7,20,24,16,19,11],[12,20,8,11,7,4,24,16],[12,4,20,16,24,8,11,7],[8,24,12,7,20,16,4,11],[24,20,16,4,12,8,7,19,11],[20,16,24,12,8,11,7,4],[8,20,7,24,16,4,12,19,23,11],[24,8,12,11,7,15,16,1,18,4],[24,16,4,20,8,19,12,7,11],[24,20,12,8,7,4,16,19,11],[12,16,20,4,24,8,11,7],[20,8,7,24,12,16,4,19,23,11],[4,8,12,11,7,20,15,16,24],[4,16,8,12,11,7,24,20],[20,16,4,12,8,7,24,19,11],[24,20,8,19,16,12,11,7,4],[12,4,20,16,8,7,24,11],[8,20,7,16,4,24,12,11],[20,4,8,19,24,16,12,11,7],[12,8,7,16,4,24,20,11],[8,4,12,11,7,20,24,16],[8,16,12,7,24,4,20,11],[16,24,12,20,4,8,11,7],[4,20,24,16,8,7,12,19,23,11],[4,8,20,19,16,12,11,7,22],[24,20,8,19,12,11,7,16,4],[20,8,7,12,4,24,16,19,11],[16,20,24,8,19,4,12,7,11],[8,20,7,12,24,16,4,19,23,11],[4,8,16,12,11,7,23,20],[20,24,4,8,7,16,12,11],[4,8,24,12,7,20,16,19,23,11],[4,8,24,12,11,7,16,20],[20,8,7,24,4,16,12,11],[20,16,4,24,8,19,12,7,23,11],[4,12,24,20,16,8,11,7],[8,24,12,7,4,16,20,19,23,11],[16,20,12,24,4,8,11,7],[24,4,8,16,12,7,20,11],[4,8,24,16,20,7,12,11],[24,16,20,8,19,12,11,7,4],[20,8,7,4,12,16,24,11],[20,24,8,7,4,16,12,11],[12,8,7,24,20,4,16,19,11],[4,20,12,24,8,11,7,16],[16,12,24,20,4,8,7,19,23,10,11],[4,20,8,19,12,7,16,24,23,11],[20,8,19,24,12,7,4,16,11],[16,20,8,7,12,4,24,11],[24,4,20,12,16,8,11,7],[4,16,24,20,12,8,7,11],[20,24,4,12,8,7,16,11],[20,24,4,8,19,16,12,7,23,11],[24,8,4,12,11,7,16,20],[16,24,20,8,7,4,12,19,11],[24,4,16,20,12,8,11,7],[8,16,24,20,7,4,12,19,23,11],[4,12,8,11,7,15,16,24,20],[16,20,12,24,8,7,4,19,11],[24,8,4,20,19,16,12,11,7],[16,8,20,19,4,12,11,7,24],[24,4,16,12,8,11,7,20],[4,16,12,20,8,7,24,19,11],[20,4,24,12,8,11,7,15,16],[4,20,16,24,12,8,11,7],[12,8,7,24,4,20,16,11],[12,16,24,4,20,8,7,19,23,11],[8,16,20,7,12,4,24,11],[24,16,8,12,11,7,4,17],[4,16,20,8,7,12,24,11],[24,12,8,11,7,16,20,3,19],[16,20,8,19,12,7,4,24,23,11],[20,16,24,12,8,7,4,19,23,11],[16,4,8,24,12,11,7,17],[4,24,16,20,8,19,12,11,7],[8,20,7,24,16,12,4,11],[4,12,8,11,7,16,20,24],[16,20,24,12,4,8,11,7],[20,12,24,8,7,4,16,11],[8,24,12,11,7,20,4,14,16],[16,12,8,11,7,4,20,24],[16,20,24,4,12,8,7,11],[24,8,12,7,20,16,4,11],[24,12,4,16,8,7,20,19,11],[12,24,4,16,8,11,7,19],[20,4,16,12,8,11,7,24],[16,12,24,20,8,11,7,4],[16,20,24,8,19,4,12,7,11],[4,20,24,12,16,8,11,7],[8,4,16,12,7,20,24,19,11],[12,4,8,7,16,20,24,19,11],[24,12,8,7,20,16,4,19,23,11],[20,12,16,24,8,7,4,11],[12,20,4,8,11,7,14,16,24],[8,20,19,12,7,16,24,4,23,11],[20,16,4,8,19,24,12,7,23,10,11],[8,20,7,4,12,24,16,11],[24,8,20,7,16,12,4,11],[8,4,12,7,16,24,20,19,11],[20,4,12,8,11,6,7,24,16],[12,24,20,4,8,7,16,11],[16,8,12,11,7,4,20,24],[4,12,16,8,11,7,24,20],[12,16,24,20,8,11,7,4],[4,16,12,24,8,7,20,11],[8,24,4,12,11,7,16,20],[4,8,24,16,20,7,12,11],[8,24,20,7,16,12,4,19,11],[16,8,12,11,7,4,20,24],[4,16,24,12,20,8,11,7],[16,12,8,7,20,24,4,11],[24,4,16,20,8,19,12,7,11],[4,12,8,7,24,16,20,11],[12,8,7,4,20,16,24,11],[16,24,8,20,7,4,12,11],[20,8,19,4,24,16,12,11,7],[4,16,8,12,7,20,24,11],[20,16,4,8,19,12,11,7,24],[12,16,24,4,8,7,20,19,23,11],[16,20,12,4,8,11,7,24],[4,20,8,7,16,24,12,11],[12,8,7,16,24,4,20,11],[12,24,16,8,7,4,20,11],[4,12,16,20,24,8,7,11],[12,4,16,20,8,7,24,11],[12,20,8,7,24,4,16,11],[8,16,4,24,12,7,20,11],[4,12,20,8,7,24,16,19,23,11],[20,12,4,24,16,8,7,19,23,11],[4,12,8,7,24,16,20,19,23,11],[24,20,4,8,19,12,7,16,11],[20,16,24,8,19,4,12,11,7],[12,16,24,8,11,7,17,4],[16,4,20,8,7,24,12,11],[24,20,4,16,8,7,12,11],[16,12,4,8,11,7,24,19],[12,16,24,20,8,7,4,11],[12,8,11,7,18,24,16,4],[4,20,16,8,19,12,11,7,24],[8,4,24,12,11,7,16,20],[16,12,20,24,4,8,11,7],[24,4,12,8,7,16,20,19,23,11],[24,8,12,7,16,4,20,19,11],[12,8,11,7,4,24,20,16],[16,4,24,12,8,11,7,20],[12,8,7,20,16,4,24,19,10,23,11],[16,20,24,12,4,8,7,19,23,10,11],[8,4,24,12,7,16,20,19,23,11],[16,12,4,8,11,7,20,24],[24,20,8,19,16,4,12,11,7],[20,8,19,4,24,12,11,7,16],[20,4,12,8,11,7,16,23],[16,20,12,4,8,7,24,11],[16,20,24,4,8,7,12,19,9],[16,8,20,7,24,12,4,11],[12,4,8,7,20,24,16,19,23,11],[4,20,8,7,24,12,16,11],[8,20,7,16,12,24,4,11],[16,12,24,4,8,11,7,20],[16,8,24,12,11,7,4,20],[4,8,20,7,24,12,16,19,23,11],[12,24,8,7,16,20,4,19,11],[20,16,4,8,19,24,12,11,7],[24,4,12,20,8,7,16,11],[16,8,12,7,20,4,24,11],[12,24,20,8,7,16,4,11],[24,20,4,12,8,7,16,11],[12,20,8,11,7,24,16,4],[8,16,20,19,24,4,12,7,23,11],[24,4,8,16,20,7,12,19,23,11],[16,20,12,8,7,24,4,19,11],[4,24,16,20,12,8,7,11],[12,8,7,16,24,4,20,19,11],[20,4,8,7,16,12,24,11],[8,12,11,7,24,20,13,16,4],[4,24,8,16,20,7,12,19,23,11],[8,16,20,19,12,11,7,24,4],[8,24,4,20,7,16,12,11],[4,16,24,20,12,8,11,7],[20,24,4,16,8,19,12,7,23,11],[8,24,4,16,20,7,12,19,11],[4,24,8,12,11,7,19,16],[12,4,24,20,16,8,11,7],[4,8,16,24,20,7,12,19,11],[8,16,12,7,24,20,4,19,23,11],[8,20,7,12,16,4,24,11],[8,24,20,19,12,7,4,16,22,11],[20,12,24,4,8,11,7,15,16],[8,24,20,19,12,11,7,16,4],[8,16,20,7,24,4,12,11],[24,20,12,16,4,8,7,19,23,11],[4,12,16,24,8,7,20,11],[20,16,24,8,7,12,4,19,11],[16,12,8,11,7,20,4,24],[12,20,16,4,8,7,24,11],[12,4,8,11,7,16,24,19],[8,24,16,20,19,12,11,7,1,4],[4,12,8,11,7,20,16,24],[12,4,24,8,11,7,20,16],[12,24,8,7,4,20,16,19,23,11],[12,16,8,7,20,4,24,19,23,11],[8,24,16,4,20,19,12,11,7],[8,4,12,11,7,20,16,24],[4,24,16,8,20,19,12,7,11],[4,24,20,16,8,19,12,11,7],[8,24,20,7,16,12,4,19,11],[8,24,20,7,4,12,16,11],[4,24,16,20,8,19,12,11,7],[12,4,8,11,7,16,24,19],[24,16,4,12,8,11,7,20],[12,4,16,20,24,8,11,7],[16,12,24,4,20,8,7,11],[8,4,12,7,16,20,24,11],[24,12,4,16,8,7,20,11],[24,20,12,8,7,4,16,19,11],[16,4,20,24,8,7,12,11],[16,12,24,4,20,8,11,7],[4,12,20,16,24,8,11,7],[16,12,4,20,8,7,24,19,11],[4,24,8,16,20,19,12,7,23,11],[16,20,12,24,8,7,4,11],[12,24,8,7,16,20,4,11],[12,4,20,24,16,8,11,7],[8,12,7,24,20,4,16,19,11],[16,24,4,12,8,11,7,20],[4,20,16,8,19,12,7,24,23,11],[8,20,19,4,24,16,12,11,7],[24,20,12,8,7,4,16,11],[16,8,24,20,7,12,4,11],[24,16,4,12,8,7,20,19,23,9],[24,16,8,12,11,7,20,4],[24,8,4,12,11,7,20,16],[4,12,20,24,8,7,16,19,11],[24,8,12,7,20,16,4,11],[24,16,12,20,4,8,11,7],[24,16,8,12,11,7,4,20],[16,20,8,7,4,12,24,11],[8,24,12,11,7,4,16,20],[16,20,24,12,4,8,11,7],[12,20,24,4,8,7,16,11],[20,24,16,4,12,8,11,7],[20,4,12,24,16,8,7,11],[24,20,16,4,8,19,12,11,7],[20,8,7,12,16,24,4,19,23,11],[4,16,20,12,8,11,7,24],[8,12,7,20,24,4,16,19,11],[16,12,24,8,7,4,20,11],[12,4,24,20,8,7,16,19,11],[24,8,4,20,7,16,12,11],[16,24,20,8,7,12,4,19,11],[12,20,8,7,16,24,4,19,11],[12,20,16,8,11,7,4,24],[16,24,4,20,8,19,12,11,7],[4,20,16,12,24,8,7,19,11],[4,20,8,7,12,16,24,11],[16,12,20,4,8,11,7,24],[8,16,20,19,12,7,4,24,23,11],[4,20,8,7,16,12,24,11],[12,24,8,7,20,4,16,19,23,11],[24,12,8,11,7,16,4,20],[20,4,24,8,19,12,7,16,23,11],[4,12,8,7,20,24,16,19,23,10,11],[20,16,12,4,8,11,7,24],[24,8,4,16,20,7,12,19,11],[4,16,12,20,8,7,24,11],[20,12,4,24,16,8,11,7],[16,20,24,4,8,7,12,11],[24,4,20,12,8,7,16,11],[8,16,24,20,7,12,4,19,11],[8,20,7,4,12,24,16,11],[12,24,20,16,8,11,7,4],[12,24,16,4,20,8,11,7],[4,24,20,8,19,12,11,7,16],[8,16,4,20,7,12,24,19,23,11],[16,12,4,8,7,20,24,19,11],[24,4,16,20,12,8,11,7],[4,8,24,12,11,7,15,16,19],[8,24,16,20,19,4,12,7,23,11],[20,4,8,19,12,7,24,16,23,11],[16,20,4,8,7,24,12,11],[24,20,8,19,12,11,7,4,16],[4,24,8,12,7,16,20,11],[20,24,16,12,4,8,7,11],[24,16,20,12,4,8,11,7],[4,24,20,8,7,12,16,19,23,11],[4,20,8,7,12,16,24,19,23,11],[12,20,4,8,11,7,16,24],[8,20,19,4,16,24,12,11,7],[12,16,20,8,7,4,24,11],[20,16,12,8,11,7,4,24],[20,4,8,7,16,12,24,11],[4,24,20,16,8,19,12,7,11],[4,24,8,20,7,16,12,19,23,9],[16,8,4,20,7,24,12,11],[24,16,20,12,4,8,7,11],[4,12,16,8,7,20,24,11],[20,8,19,12,7,24,4,16,23,11],[8,24,16,4,12,11,7,20],[16,4,12,24,8,11,7,20],[4,8,12,7,20,16,24,11],[24,8,20,7,12,4,16,19,11],[4,16,12,20,24,8,11,7],[12,16,24,4,8,11,7,20],[24,16,4,20,12,8,7,11],[12,20,24,4,16,8,7,19,11],[20,12,8,11,7,24,4,16],[4,8,20,19,12,7,16,24,23,11],[24,8,4,12,11,7,16,20],[12,4,20,24,16,8,7,11],[20,12,4,8,11,7,24,15,16],[20,8,19,16,12,11,7,24,4],[16,4,24,12,20,8,7,19,11],[24,12,8,7,20,4,16,19,11],[16,4,24,12,20,8,7,11],[20,8,19,24,16,12,7,4,11],[12,16,4,8,7,24,20,11],[8,24,20,19,16,12,11,7,4],[8,20,19,24,16,12,7,4,11],[8,4,24,16,12,7,20,19,11],[4,12,24,16,20,8,7,11],[12,8,11,7,20,16,4,24],[8,12,11,7,4,20,16,24],[4,24,16,20,8,7,12,19,23,10,11],[20,4,8,7,12,24,16,19,23,11],[24,8,20,7,16,12,4,11],[20,12,8,7,16,24,4,19,23,11],[8,16,24,12,7,4,20,19,23,11],[8,24,4,16,20,7,12,19,11],[4,8,24,16,20,7,12,11],[8,16,12,11,7,4,20,21,24,23],[12,8,11,7,24,20,4,16],[4,8,16,12,7,20,24,11],[12,20,16,4,8,7,24,11],[16,12,20,24,8,11,7,4],[24,16,12,20,4,8,11,7],[12,8,11,7,19,24,4,15,16],[20,4,16,8,7,24,12,19,23,11],[12,20,8,7,16,24,4,19,23,11],[24,4,20,8,7,12,16,11],[24,8,12,7,4,16,20,19,23,11],[20,8,7,4,12,24,16,11],[4,16,20,12,8,11,7,21,24,23],[4,24,16,12,20,8,11,7],[24,8,12,11,7,20,1,16,4],[16,8,12,11,7,4,20,24],[16,20,4,8,7,24,12,11],[8,12,7,24,16,4,20,11],[12,8,7,24,16,20,4,11],[20,12,24,8,7,4,16,19,23,11],[8,4,12,7,16,20,24,19,23,11],[20,16,12,8,7,4,24,11],[12,16,4,20,24,8,7,19,22,9],[24,20,12,8,11,7,4,16],[16,8,20,19,4,12,11,7,24],[20,4,24,16,8,19,12,7,23,11],[16,12,20,4,24,8,7,19,11],[20,4,16,12,8,11,7,24],[4,8,24,12,7,16,20,11],[12,4,16,20,8,11,7,24],[24,20,4,16,8,7,12,19,23,11],[12,24,4,20,8,11,7,16],[4,24,16,12,20,8,7,11],[24,12,4,8,11,7,20,16],[16,12,24,4,20,8,11,7],[4,24,16,8,20,7,12,19,11],[24,16,4,8,12,11,7,20],[20,16,8,7,24,4,12,19,23,10,11],[20,4,8,19,12,7,24,16,11],[24,4,12,8,7,20,16,11],[16,4,12,20,8,11,7,24],[12,16,20,4,24,8,7,19,11],[20,16,12,8,7,24,4,11],[4,20,12,16,24,8,11,7],[16,8,20,19,24,12,11,7,1,4],[16,20,24,4,12,8,11,7],[12,8,7,20,4,16,24,19,23,11],[8,20,19,16,24,4,12,7,23,11],[24,20,8,19,12,11,7,16,4],[4,8,24,16,20,7,12,11],[12,8,11,7,20,16,24,4],[12,4,16,24,20,8,11,7],[20,16,4,24,8,7,12,19,11],[8,24,20,19,16,4,12,7,11],[20,8,19,24,12,11,7,16,4],[24,8,20,19,12,11,7,16,4],[16,4,12,24,8,7,20,11],[4,12,24,16,20,8,11,7],[24,16,12,8,11,7,20,4],[12,4,20,8,7,24,16,19,23,11],[4,12,16,20,8,7,24,19,22,11],[8,16,20,19,12,11,7,24,4],[8,12,11,7,3,20,24,16,19],[8,4,16,20,19,24,12,7,11],[24,20,8,19,16,4,12,7,23,11],[16,24,4,20,12,8,7,11],[24,16,12,8,7,20,4,11],[24,8,20,7,16,12,4,19,23,11],[20,4,24,8,19,16,12,11,7],[24,4,8,12,7,20,16,19,11],[16,12,20,4,24,8,11,7],[4,24,8,16,20,19,12,7,23,11],[8,4,20,19,16,24,12,11,7],[8,16,4,24,12,11,7,20],[12,20,4,8,11,7,24,16],[20,16,24,12,8,11,7,4],[16,4,20,8,19,12,7,24,11],[24,16,8,12,11,7,4,20],[8,4,12,11,7,20,16,24],[8,24,16,4,20,19,12,11,7],[4,16,12,20,8,7,24,19,11],[24,20,4,12,16,8,11,7],[4,16,24,12,8,11,7,20],[24,4,12,16,8,11,7,20],[12,8,11,7,4,24,15,16,20],[8,24,20,19,4,16,12,11,7],[8,16,20,19,24,4,12,11,7],[24,20,12,16,8,11,7,4],[12,16,20,24,8,11,7,2],[20,16,8,19,24,12,7,4,23,11],[12,20,8,11,7,4,24,15,16],[16,20,12,24,8,7,4,19,11],[8,12,7,24,16,4,20,19,11],[24,4,20,16,8,19,12,11,7],[16,4,20,24,8,19,12,7,23,11],[24,12,4,16,20,8,11,7],[8,20,19,16,4,24,12,7,11],[4,24,8,20,7,16,12,11],[4,8,20,19,24,16,12,11,7],[20,12,8,11,7,16,3,24,19],[4,20,8,7,16,12,24,19,23,11],[8,4,12,11,7,24,20,16],[12,8,11,7,4,22,16,20],[8,12,7,20,16,24,4,19,11],[12,20,8,7,24,4,16,11],[20,16,4,12,24,8,7,11],[12,8,11,7,20,24,3,16,19],[4,24,16,8,20,19,12,7,11],[16,4,8,20,7,12,24,19,11],[4,8,20,7,12,16,24,19,23,11],[4,20,12,24,8,7,16,11],[24,4,20,16,8,19,12,7,11],[4,24,12,16,20,8,11,7],[4,8,16,12,7,24,20,11],[16,24,4,12,20,8,11,7],[8,16,24,12,7,4,20,11],[24,20,8,7,4,16,12,11],[4,24,8,20,19,16,12,11,7],[8,12,11,7,17,24,16,3,19],[16,12,20,24,4,8,11,7],[20,4,16,8,7,12,24,19,23,11],[24,20,4,16,12,8,7,19,23,11],[16,20,4,24,8,19,12,7,11],[16,12,4,8,11,7,24,20],[4,24,20,16,12,8,7,19,23,11],[16,4,20,8,19,12,7,24,11],[24,20,12,4,8,11,7,16],[8,20,19,16,12,7,24,4,11],[20,8,16,7,24,12,4,19,11],[20,24,16,12,8,7,4,11],[24,8,16,20,7,4,12,19,23,11],[16,4,12,20,8,11,7,24],[20,12,16,4,24,8,11,7],[16,12,20,24,4,8,11,7],[24,16,20,12,4,8,7,19,11],[24,16,12,20,8,7,4,11],[12,4,24,16,8,11,7,20],[16,24,20,4,8,7,12,11],[8,16,4,24,12,11,7,20],[16,8,24,20,19,12,7,4,11],[8,16,12,7,24,20,4,19,11],[8,12,11,7,24,4,20,13,16],[8,4,16,20,7,12,24,19,11],[8,24,4,16,12,7,20,19,23,10,11],[4,12,16,8,7,24,20,11],[24,4,8,12,7,16,20,11],[4,8,24,16,12,11,7,20],[24,8,12,7,4,20,16,19,11],[24,16,4,20,8,7,12,11],[12,20,24,8,11,7,16,4],[24,20,4,16,12,8,11,7],[24,4,16,20,8,19,12,7,23,11],[24,16,20,8,7,12,4,11],[12,4,8,11,7,20,16,24],[16,20,4,8,7,24,12,19,23,11],[20,4,16,12,8,11,7,24],[4,16,20,8,19,12,7,24,11],[24,4,20,12,16,8,11,7],[20,12,8,7,16,24,4,19,23,11],[24,12,4,8,7,20,16,11],[24,12,16,4,20,8,11,7],[24,8,20,19,16,12,7,4,11],[20,8,19,12,11,7,16,4,24],[24,4,16,20,12,8,7,11],[16,8,4,12,7,20,24,19,11],[24,16,4,8,12,7,20,11],[12,16,4,8,11,7,24,20],[24,8,16,20,7,4,12,19,23,11],[4,8,20,19,12,11,7,24,16],[4,20,16,8,7,24,12,19,11],[8,12,7,20,16,24,4,19,23,11],[24,20,12,8,11,7,4,16],[8,20,19,4,24,12,7,16,23,11],[8,12,7,16,20,24,4,11],[24,20,16,4,8,19,12,7,11],[4,16,24,20,12,8,11,7],[12,16,24,20,8,7,4,19,11],[20,4,24,16,8,19,12,11,7],[24,20,4,12,16,8,11,7],[20,4,16,24,8,7,12,19,11],[12,4,16,24,20,8,11,7],[16,8,12,11,7,24,20,4],[12,8,7,24,4,20,16,11],[4,20,16,24,8,7,12,11],[12,8,11,7,24,16,4,20],[8,24,20,19,4,12,7,16,23,11],[12,24,8,11,7,4,20,16],[4,12,8,7,20,24,16,19,23,11],[16,24,20,12,4,8,7,19,23,11],[24,8,20,7,16,4,12,11],[24,16,8,4,12,11,7,20],[16,8,20,7,24,12,4,11],[20,12,24,4,16,8,11,7],[4,16,12,20,24,8,11,7],[8,16,20,19,24,12,11,7,1,4],[8,12,11,7,20,16,24,4],[12,20,4,16,8,11,7,24],[12,20,16,24,8,11,7,4],[20,16,24,12,4,8,11,7],[4,20,12,16,24,8,7,11],[8,4,12,11,7,24,20,15,16],[4,16,20,12,24,8,7,11],[16,24,8,4,12,11,7,20],[20,12,24,4,8,11,7,16],[16,12,8,11,7,19,4,22],[8,20,7,16,12,24,4,19,11],[4,8,20,7,16,24,12,19,11],[4,8,24,12,7,16,20,19,11],[8,12,7,20,16,24,4,11],[24,8,4,16,12,7,20,11],[20,8,19,4,24,12,7,16,11],[12,4,20,8,11,7,16,24],[16,8,20,7,4,24,12,11],[4,20,8,7,12,24,16,19,23,11],[24,20,12,4,8,7,16,19,11],[24,8,16,12,7,4,20,19,23,11],[24,12,4,16,8,11,7,20],[4,16,12,24,8,11,7,20],[4,20,12,8,7,16,24,11],[20,8,7,16,4,12,24,11],[16,24,8,12,7,20,4,19,23,11],[4,12,24,20,8,11,7,16],[24,20,16,8,7,12,4,19,11],[8,24,20,19,12,7,4,16,11],[8,16,24,4,12,7,20,11],[8,16,4,20,7,24,12,19,11],[20,24,8,7,16,12,4,11],[4,8,24,16,12,7,20,11],[16,12,8,11,7,20,4,24],[12,16,4,24,8,7,20,11],[4,16,8,20,24,7,12,11],[24,4,12,20,8,7,16,19,23,10,11],[4,12,24,8,11,7,20,16],[12,20,16,24,8,7,4,19,11],[20,16,8,7,24,12,4,19,11],[16,12,8,11,7,18,24,4],[4,16,24,8,20,7,12,19,23,11],[16,8,12,7,24,20,4,19,23,11],[24,20,8,19,12,7,16,4,11],[12,8,11,7,15,16,4,20,24],[20,12,24,8,7,4,16,11],[24,20,12,8,7,4,16,19,23,11],[16,8,20,19,4,12,7,24,11],[20,8,19,12,7,4,16,24,11],[16,8,12,11,6,7,4,20,24],[4,16,24,20,8,19,12,7,11]]}