{"problem_id":"AcrdfSeVXGbzay3","sigma":75,"alpha":10.000,"cost":0,"probabilities":"[0.32, 0.18, 0.28, 0.22]","payoff_matrix":"[[-75, 22, 17, 13, 124, 130], [90, -14, 94, -21, -68, -43], [104, -120, 81, -81, -25, 10], [2, -100, -48, 1, 34, -24]]","uncovered":[[1,21,13,9,5,17,19,23,20,24,22,18,7],[13,21,5,1,9,17,19,23,24,20,18,7],[9,13,5,1,17,21,23,19,24,20,22,18,7],[21,17,19,23,24,20,18,9,13,1,5,7],[21,17,19,23,24,20,18,5,13,1,9,7],[13,17,1,9,21,23,19,24,20,22,18,5,7],[13,5,9,1,21,17,19,23,24,20,22,18,7],[21,13,17,19,23,20,24,22,9,5,1,18,7],[17,11,9,19,12,21,23,20,24,18,5,13,1],[13,21,9,17,23,19,24,20,18,5,1,7],[21,9,13,17,23,19,24,20,22,1,5,18,7],[1,9,5,13,17,21,19,23,20,24,18,7],[5,13,21,1,17,23,19,20,24,22,9,18,7],[1,13,9,21,5,17,23,19,20,24,22,18,7],[1,9,17,13,7,23,21,19,24,20,18],[9,13,1,5,21,17,19,23,24,20,18,7],[9,1,5,13,21,17,19,23,24,20,22,18,7],[13,17,21,23,19,24,20,18,9,5,1,7],[21,5,17,23,19,20,24,22,18,13,1,9,7],[1,5,17,9,13,21,19,23,24,20,18,7],[13,5,9,17,1,21,19,23,24,20,18,7],[1,9,21,17,23,19,24,20,22,13,5,18,7],[9,21,13,3,1,5,17,23,19,20,24,22,18,7,11,12],[21,17,19,23,20,24,18,13,9,5,1,7],[1,5,21,13,17,23,19,20,24,18,9,7],[13,5,9,1,21,17,23,19,20,24,22,18,7],[13,9,21,5,1,17,23,19,20,24,18,7],[17,9,21,23,19,20,24,18,13,1,5,7],[1,9,5,17,21,19,23,20,24,18,13,7],[17,9,5,1,13,21,19,23,24,20,18,7],[17,11,9,19,12,1,21,23,24,20,22,15],[9,1,17,13,21,23,19,24,20,22,5,18,7],[21,5,9,13,17,19,23,24,20,18,1,7],[9,5,1,13,21,17,19,23,20,24,18,7],[13,1,17,5,9,21,23,19,20,24,18,7],[5,1,17,13,9,21,23,19,24,20,22,18,7],[1,9,5,21,13,17,19,23,20,24,18,7],[5,17,1,21,19,23,24,20,22,18,13,9,7],[17,21,19,23,20,24,18,9,1,13,8],[5,9,17,21,19,23,24,20,18,1,13,7],[9,13,21,1,17,19,23,20,24,18,5,7],[9,21,13,17,19,23,24,20,22,5,1,18,7],[1,17,21,19,23,24,20,18,9,5,13,7],[21,5,1,13,17,23,19,24,20,22,18,9,7],[9,21,17,19,23,24,20,18,5,1,13,7],[17,9,5,1,13,21,19,23,20,24,22,18,7],[13,21,5,1,9,17,19,23,24,20,18,7],[9,17,1,13,5,21,23,19,20,24,22,18,7],[5,9,1,21,17,23,19,20,24,18,13,7],[21,1,17,23,19,20,24,22,13,18,5,9,7],[21,16,17,23,19,20,24,22,5,9,1,18,7,13],[13,1,17,5,9,21,19,23,24,20,22,18,7],[5,1,13,21,9,17,19,23,24,20,18,7],[9,5,13,17,1,21,19,23,24,20,18,7],[21,17,19,23,24,20,22,18,5,1,9,13,7],[21,5,13,1,9,17,19,23,24,20,22,18,7],[1,13,17,21,23,19,20,24,18,9,5,7],[1,21,13,9,5,17,19,23,20,24,22,18,7],[21,5,13,17,19,23,20,24,18,11,9,12,1],[13,9,17,5,1,21,23,19,24,20,18,7],[21,5,1,13,9,17,19,23,20,24,18,7],[5,9,21,1,13,17,23,19,24,20,18,7],[13,9,17,21,19,23,20,24,18,3,1,5,7],[17,13,1,5,21,23,19,20,24,18,9,7],[21,9,17,23,19,20,24,18,13,5,1,22,7],[5,13,21,9,1,17,23,19,20,24,18,7],[5,13,17,21,23,19,24,20,22,9,18,1,7],[13,1,21,5,9,17,19,23,20,24,18,7],[5,13,1,21,17,19,23,24,20,22,18,9,7],[21,5,1,11,9,23,24,12,17,19,20,22,18,13,7],[9,13,5,21,17,23,19,20,24,22,18,1,7],[5,13,9,17,21,19,23,20,24,18,1,7],[9,13,21,5,1,17,23,19,24,20,18,7],[21,9,5,17,19,23,24,20,18,13,1,7],[9,5,13,17,21,23,19,20,24,22,18,1,7],[17,1,23,13,9,5,21,19,24,20,18,7],[5,21,9,1,17,23,19,20,24,22,13,18,7],[1,9,21,17,23,19,24,20,22,13,18,5,7],[9,13,17,5,21,23,19,24,20,22,1,18,7],[1,5,21,13,9,20,17,23,19,24,18,7],[17,5,11,9,19,12,21,23,24,20,18,13,1],[5,17,13,1,21,23,19,24,20,22,18,9,7],[21,5,9,17,23,19,20,24,18,13,1,7],[13,9,1,17,5,21,19,23,24,20,22,18,7],[21,3,1,13,7,9,17,19,23,24,20,22],[13,21,9,5,2,1,17,19,23,24,20,22,18,7],[9,13,21,1,17,23,19,20,24,22,5,18,7],[21,9,13,8,3,1,17,19,23,24,20,22],[17,9,5,21,23,19,24,20,22,1,13,18,7],[5,21,17,19,23,20,24,22,13,1,18,9,7],[1,13,21,17,19,23,24,20,22,18,9,5,7],[13,9,21,5,1,19,7,11,23,12],[21,5,9,17,19,23,24,20,18,13,1,7],[1,17,9,5,21,23,19,20,24,22,15],[9,17,21,23,19,24,20,22,5,18,13,1,7],[5,21,13,1,17,19,23,20,24,18,9,7],[9,5,13,21,17,23,19,20,24,18,1,7],[1,21,5,17,19,23,24,20,22,9,18,13,7],[9,5,21,17,23,19,24,20,22,18,13,1,7],[9,1,5,13,21,19,23,7],[9,1,5,21,13,17,19,23,20,24,22,18,7],[1,21,5,13,17,23,19,24,20,18,9,7],[9,21,1,13,17,23,19,20,24,22,18,5,7],[1,17,9,13,23,5,7,21,19,20,24,22],[1,9,5,17,21,23,19,20,24,18,13,7],[1,21,13,5,17,19,23,20,24,22,9,18,7],[5,13,21,17,19,23,24,20,18,1,9,7],[21,19,13,1,5,9,7,11,23,24,12],[21,5,17,23,19,20,24,22,13,1,9,18,7],[17,5,23,3,1,13,9,7,21,19,20,24,18],[5,13,21,17,19,23,20,24,18,9,1,7],[17,5,9,13,1,21,23,19,24,20,22,18,7],[13,17,21,19,23,20,24,18,5,1,9,8],[21,5,3,1,9,13,17,23,19,24,20,18,7],[9,17,21,23,19,20,24,18,13,1,5,7],[1,9,13,17,5,21,19,23,20,24,18,7],[5,9,13,1,17,21,23,19,24,20,18,7],[9,13,21,5,17,23,19,20,24,22,18,1,7],[13,5,17,9,21,19,23,20,24,18,1,7],[17,5,1,13,9,21,19,23,24,20,22,18,7],[13,1,21,17,23,19,20,24,18,5,9,7],[9,1,5,13,21,17,23,19,20,24,18,7],[21,5,13,9,17,19,23,20,24,22,1,18,7],[9,17,5,13,1,21,23,19,20,24,18,7],[9,5,21,17,23,19,20,24,22,1,18,13,7],[9,13,21,1,17,23,19,24,20,22,5,18,7],[13,21,9,1,17,19,23,24,20,22,5,18,7],[9,21,1,5,17,23,19,24,20,18,13,7],[21,3,1,9,5,17,23,19,20,24,18,13,7],[5,17,21,23,19,24,20,18,9,1,13,7],[17,1,9,13,5,21,19,23,24,20,22,18,7],[5,13,17,9,21,23,19,20,24,18,1,7],[13,1,21,9,5,17,23,19,24,20,22,18,7],[21,1,5,13,9,19,23,7],[5,21,1,13,9,17,23,19,20,24,22,18,7],[17,21,23,19,20,24,18,13,1,9,5,7],[1,9,21,17,23,19,20,24,22,13,5,18,7],[9,13,1,5,17,21,19,23,20,24,22,18,7],[1,17,7,9,21,19,23,20,24,18,13],[13,9,21,17,19,23,20,24,22,18,1,5,7],[17,5,21,23,19,20,24,22,18,1,9,13,7],[17,21,19,23,24,20,22,13,5,1,18,9,7],[17,21,19,23,20,24,22,18,13,1,5,9,7],[17,21,19,23,24,20,22,13,1,11,9,12,18,5,7],[17,1,5,9,21,19,23,24,20,18,13,7],[1,21,9,17,19,23,24,20,18,5,13,7],[13,1,5,9,21,17,23,19,20,24,18,7],[13,17,9,1,5,21,19,23,20,24,22,18,7],[1,17,13,9,5,21,23,19,20,24,18,7],[13,21,9,5,17,19,23,20,24,18,1,7],[5,17,13,9,1,21,19,23,20,24,18,7],[21,13,9,17,19,23,20,24,18,5,1,7],[13,9,17,5,21,23,19,24,20,18,1,7],[9,13,5,21,17,23,19,24,20,18,1,7],[17,5,13,9,21,23,19,24,20,18,1,7],[13,5,17,11,9,19,20,12,1,21,23,24,18],[21,17,23,19,24,20,18,13,5,9,1,7],[21,17,23,19,20,24,22,13,18,9,1,5,7],[21,13,17,23,19,24,20,22,11,9,12,18,1,5,7],[9,5,17,21,23,19,20,24,18,1,13,7],[17,13,5,9,21,19,23,24,20,18,1,7],[5,17,21,23,19,20,24,18,9,13,1,7],[9,21,1,5,17,19,23,24,20,18,15],[13,17,21,19,23,20,24,18,1,9,5,22,7],[5,9,17,3,1,13,21,23,19,20,24,22,18,7,11,12],[9,13,17,5,1,23,7,21,19,20,24,22],[21,9,1,17,23,19,20,24,18,13,5,7],[9,5,1,17,21,19,23,20,24,18,13,7],[5,21,1,9,13,17,19,23,24,20,22,18,7],[13,21,9,5,1,19,23,7],[21,5,9,13,1,17,23,19,20,24,18,7],[21,5,17,19,23,24,20,18,9,13,1,7],[9,17,1,13,23,5,19,7,21,24,20,18],[13,21,1,9,19,5,23,7],[5,1,21,13,17,19,23,20,24,18,9,7],[9,13,1,17,21,23,19,24,20,18,5,7],[1,17,5,13,21,23,19,24,20,18,9,7],[9,1,17,21,23,19,20,24,18,13,5,7],[17,21,23,19,20,24,18,9,1,5,13,7],[1,9,13,21,5,17,23,19,24,20,22,18,7],[21,13,1,9,5,17,23,19,20,24,18,7],[13,17,9,1,21,19,23,24,20,22,5,18,7],[21,9,5,17,23,19,20,24,18,3,1,13,7],[13,1,21,17,19,23,20,24,18,9,5,7],[21,17,23,19,20,24,22,5,11,9,12,1,18,13,7],[21,3,1,11,9,23,24,12,5,13,17,19,20,22],[1,13,9,17,5,21,19,23,24,20,22,18,7],[5,17,1,21,19,23,24,20,18,13,9,22,7],[9,5,17,21,19,23,20,24,22,3,1,18,13,7,11,12],[9,1,13,5,17,21,23,19,20,24,18,7],[17,1,5,9,21,23,19,20,24,18,13,7],[9,5,1,13,21,17,19,23,20,24,22,18,7],[1,5,17,21,19,23,20,24,18,9,13,7],[21,9,5,13,1,18,7,11,23,24,12],[9,1,21,17,23,19,24,20,18,5,13,7],[9,5,21,17,23,19,20,24,18,13,1,7],[1,17,13,5,21,19,23,24,20,18,9,7],[13,17,1,21,23,19,24,20,22,18,5,9,7],[13,1,21,9,17,19,23,20,24,22,18,5,7],[5,17,9,13,21,23,19,24,20,18,1,7],[21,13,5,9,3,1,17,23,19,20,24,22,18,7,11,12],[21,9,15,5,1,17,19,23,24,20,18],[9,1,13,5,17,21,19,23,24,20,22,18,7],[13,5,17,21,23,19,20,24,22,9,1,18,7],[13,9,21,5,1,17,19,23,20,24,18,7],[13,21,3,1,17,23,19,20,24,18,9,5,7],[5,21,17,19,23,24,20,18,13,1,9,7],[1,5,13,21,17,23,19,20,24,18,9,7],[17,5,9,21,19,23,24,20,18,1,13,7],[17,1,9,21,23,19,20,24,22,5,13,18,7],[5,9,1,17,21,23,19,24,20,18,13,7],[5,1,17,9,21,19,23,24,20,22,13,18,7],[5,1,21,9,13,17,19,23,20,24,18,7],[21,1,9,13,17,23,19,24,20,22,5,18,7],[21,5,13,1,9,17,19,23,24,20,18,7],[5,17,13,1,21,23,19,24,20,22,9,18,7],[17,5,13,21,19,23,24,20,22,9,18,1,7],[13,5,17,9,1,23,19,7,21,20,24,18],[9,13,17,21,19,23,24,20,22,5,18,1,7],[13,9,1,17,21,19,23,20,24,18,5,7],[17,9,21,23,19,20,24,22,1,5,18,13,7],[17,5,21,23,19,20,24,22,1,13,9,18,7],[21,13,19,1,5,11,9,23,12],[1,5,13,17,9,21,23,19,24,20,22,18,7],[21,1,5,9,17,19,23,20,24,22,13,18,7],[21,19,9,13,1,5,23,7],[1,5,9,17,21,23,19,20,24,22,18,13,7],[17,13,9,5,1,21,19,23,20,24,18,7],[9,13,5,17,21,23,19,24,20,22,1,18,7],[17,13,5,1,21,23,19,20,24,22,18,9,7],[21,5,13,1,9,17,19,23,24,20,18,7],[17,5,13,9,21,23,19,24,20,22,3,1,18,7,11,12],[1,5,17,21,19,23,24,20,22,13,18,9,7],[13,5,1,21,9,17,19,23,20,24,22,18,7],[1,21,5,13,17,23,19,20,24,22,18,9,7],[21,9,5,17,23,19,20,24,18,13,3,1,7],[17,9,1,13,5,21,19,23,24,20,18,7],[9,5,1,13,17,21,23,19,24,20,22,18,7],[13,9,1,5,21,17,19,23,24,20,22,18,7],[1,13,5,9,21,17,23,19,24,20,18,7],[1,17,21,19,23,20,24,22,13,5,18,9,7],[21,19,1,9,5,13,23,7],[17,3,1,13,9,21,19,23,24,20,18,5,7],[13,17,21,23,19,24,20,22,9,18,1,5,7],[17,21,19,23,24,20,18,5,9,13,1,7],[1,9,13,5,17,21,19,23,20,24,22,18,7],[9,5,17,13,21,19,23,24,20,22,18,1,7],[1,9,5,21,13,17,23,19,24,20,22,18,7],[5,21,1,17,19,23,20,24,22,9,18,13,7],[1,5,21,17,23,19,20,24,22,13,18,9,7],[9,1,5,21,17,23,19,20,24,22,13,18,7],[17,9,13,21,19,23,20,24,22,18,5,1,7],[9,17,5,21,23,19,20,24,18,1,13,7],[9,13,5,1,21,17,19,23,24,20,18,7],[13,21,11,9,23,12,3,1,5,17,19,20,24,18],[1,13,17,5,21,19,23,20,24,18,9,7],[1,5,21,17,23,19,20,24,18,9,13,8],[5,13,21,9,17,23,19,20,24,18,1,7],[21,17,23,19,24,20,22,18,13,1,9,5,7],[9,13,5,21,1,19,23,7],[17,5,21,23,19,20,24,18,13,1,9,7],[21,1,17,19,23,24,20,22,9,5,18,13,7],[21,17,23,19,24,20,18,9,1,5,13,7],[17,5,9,21,19,23,20,24,18,13,1,7],[21,5,9,17,19,23,20,24,22,18,13,1,7],[17,9,1,13,21,23,19,24,20,18,5,7],[13,17,9,21,23,19,24,20,22,5,1,18,7],[1,17,9,13,5,21,23,19,24,20,22,18,7],[5,9,17,1,13,21,23,19,20,24,22,18,7],[9,17,21,23,19,24,20,18,1,5,13,7],[1,21,13,17,19,23,24,20,22,5,9,18,7],[5,21,13,9,17,19,23,24,20,22,1,18,7],[1,5,13,21,9,17,23,19,24,20,22,18,7],[21,17,23,19,24,20,22,18,9,1,13,5,7],[1,5,13,17,10,9,19,11,20,12,18,21,23,24,22],[21,9,1,13,5,17,19,23,20,24,18,7],[9,17,13,5,1,21,19,23,20,24,22,18,7],[5,17,9,13,21,23,19,24,20,22,18,1,7],[17,5,13,9,21,23,19,24,20,18,1,7],[13,1,21,9,17,23,19,20,24,22,18,7],[5,1,21,17,19,23,24,20,18,9,13,7],[5,21,17,19,23,20,24,18,9,3,1,13,7],[1,17,9,13,5,21,23,19,24,20,18,7],[13,5,21,17,19,23,24,20,22,9,18,1,7],[21,1,13,5,9,19,23,7],[13,17,5,1,21,19,23,24,20,18,9,7],[1,17,9,13,21,23,19,24,20,18,5,7],[13,1,9,21,17,19,23,24,20,18,5,22,7],[9,21,13,1,5,17,19,23,24,20,18,7],[21,5,9,17,23,19,24,20,22,13,1,18,7],[5,9,1,21,20,17,23,19,24,18,13,8],[17,21,23,19,20,24,18,5,1,9,13,7],[1,13,17,5,9,21,19,23,20,24,22,18,7],[13,9,21,5,1,17,23,19,20,24,22,18,7],[17,5,1,13,21,23,19,24,20,22,9,18,7],[9,13,21,5,1,17,19,23,20,24,22,18,7],[17,9,1,5,13,21,19,23,20,24,22,18,7],[21,13,9,17,23,19,24,20,22,7,1],[13,9,5,17,1,21,23,19,20,24,18,7],[5,9,13,21,1,17,19,23,20,24,22,18,7],[5,9,17,1,21,19,23,24,20,18,13,7],[1,9,17,13,5,21,23,19,20,24,22,18,7],[9,1,13,5,21,17,23,19,24,20,22,18,7],[13,17,5,1,9,21,23,19,24,20,18,7],[5,9,17,1,21,19,23,24,20,18,13,7],[9,21,5,13,17,23,19,24,20,18,1,7],[21,9,17,23,19,24,20,18,13,5,1,7],[1,9,5,21,13,17,19,23,24,20,18,7],[1,17,5,13,9,21,19,23,24,20,22,18,7],[17,5,9,13,21,23,19,20,24,22,18,1,7],[13,1,17,21,23,19,20,24,18,5,9,7],[13,17,5,9,1,21,19,23,24,20,18,7],[13,17,9,21,23,19,20,24,18,1,5,7],[17,5,9,21,23,19,24,20,18,13,1,7],[1,5,9,17,13,21,19,23,20,24,22,18,7],[5,17,9,21,19,23,20,24,18,13,1,7],[5,21,13,1,9,18,23,7],[5,21,3,1,17,23,19,24,20,22,9,13,18,7,11,12],[17,21,19,23,24,20,22,18,13,5,9,1,7],[5,17,21,23,19,24,20,22,1,9,18,13,7],[21,13,3,1,5,17,23,19,24,20,22,9,18,7,11,12],[21,5,13,9,17,23,19,20,24,18,1,7],[21,17,23,19,24,20,22,1,13,9,5,18,7],[17,1,5,9,13,21,19,23,20,24,22,18,7],[1,9,21,5,13,17,23,19,24,20,22,18,7],[5,17,9,1,21,23,19,20,24,22,13,18,7],[9,21,1,13,5,17,23,19,24,20,18,7],[21,1,9,13,17,19,23,20,24,18,5,7],[17,13,21,19,23,20,24,18,5,9,1,7],[5,13,21,17,19,23,24,20,22,18,1,9,7],[21,17,19,23,24,20,18,13,1,9,5,7],[1,21,5,17,19,23,24,20,18,9,13,7],[21,5,17,23,19,20,24,18,9,13,1,7],[17,1,9,5,21,23,19,20,24,18,13,7],[21,5,13,17,19,23,20,24,22,18,1,9,7],[5,17,9,21,19,23,20,24,22,13,1,18,7],[13,5,17,21,19,23,20,24,22,1,9,18,7],[9,21,5,1,17,23,19,20,24,18,13,7],[21,13,17,23,19,24,20,18,1,5,9,7],[21,5,9,13,1,17,19,23,24,20,18,7],[13,5,9,1,21,17,23,19,24,20,22,18,7],[1,9,5,17,21,19,23,24,20,18,13,7],[5,17,1,21,23,19,20,24,18,9,13,7],[21,13,1,9,5,19,23,7],[5,9,1,21,17,23,19,20,24,22,13,18,7],[9,13,21,5,1,17,23,19,24,20,22,18,7],[1,17,9,5,13,21,19,23,20,24,18,7],[13,17,9,1,21,23,19,24,20,18,5,7],[17,9,21,23,19,24,20,22,1,18,13,5,7],[1,9,17,21,23,19,24,20,22,13,5,18,7],[9,21,17,23,19,24,20,22,5,18,1,13,7],[17,21,19,23,24,20,18,5,13,9,1,7],[5,17,9,21,19,23,24,20,18,13,1,7],[1,13,9,17,5,21,23,19,20,24,18,22,7],[1,13,9,21,5,17,19,23,24,20,22,18,7],[1,9,13,17,5,21,19,23,24,20,18,7],[5,21,1,9,17,19,23,24,20,18,13,7],[21,6,13,9,17,19,23,24,20,18,1,5],[21,9,1,5,13,17,23,19,20,24,18,7],[9,13,5,1,17,21,23,19,24,20,18,22,7],[1,13,21,9,17,19,23,20,24,18,5,7],[1,17,5,9,21,19,23,24,20,18,13,7],[13,9,1,5,21,17,23,19,20,24,22,18,7],[21,9,1,13,17,23,19,24,20,18,5,7],[21,17,19,23,20,24,22,5,9,18,1,13,7],[21,5,9,17,19,23,24,20,22,13,18,1,7],[21,5,1,13,9,17,19,23,20,24,22,18,7],[5,1,17,9,21,23,19,24,20,22,13,18,7],[17,21,19,23,24,20,18,9,1,5,13,7],[9,17,1,21,23,19,20,24,18,13,5,7],[17,9,5,1,21,19,23,24,20,22,18,13,7],[13,5,17,21,23,19,24,20,22,1,9,18,7],[1,13,9,5,17,23,21,19,20,24,22,18,7],[13,5,21,17,23,19,24,20,22,9,3,1,18,7,11,12],[17,7,21,19,23,20,24,22,18,1,13,9],[21,5,9,13,3,1,19,7,23],[5,1,17,13,21,23,19,20,24,18,9,7],[21,17,19,23,24,20,22,1,13,9,5,18,7],[9,5,1,13,17,21,19,23,24,20,22,18,7],[13,9,17,1,5,21,19,23,24,20,22,18,7],[13,5,17,9,1,21,23,19,20,24,18,7],[1,13,5,9,21,17,19,23,20,24,18,7],[21,17,19,23,24,20,22,9,5,18,1,13,7],[9,5,13,21,17,19,23,20,24,18,1,7],[21,1,9,5,13,17,23,19,20,24,22,18,7],[1,17,5,21,23,19,20,24,22,9,14,18,7],[21,9,13,1,5,17,19,23,24,20,22,18,7],[1,9,5,21,17,23,19,24,20,18,13,7],[5,17,9,1,13,21,23,19,24,20,18,7],[17,9,13,5,1,21,23,19,20,24,18,7],[5,21,9,13,17,23,19,24,20,18,1,7],[9,1,5,13,21,17,19,23,20,24,18,7],[17,11,9,19,20,12,1,13,5,21,23,24,22],[9,5,21,17,19,23,24,20,22,18,1,13,7],[13,21,5,9,17,23,19,24,20,18,1,7],[13,9,17,5,21,23,19,24,20,18,1,7],[21,13,9,17,19,23,24,20,18,1,5,7],[9,5,13,21,17,23,19,20,24,22,1,18,7],[1,9,13,21,5,17,23,19,24,20,22,18,7],[9,13,5,17,21,19,23,24,20,18,1,7],[9,21,13,17,23,19,20,24,18,5,1,7],[1,21,13,5,9,17,19,23,24,20,22,18,7],[9,1,5,13,17,21,19,23,20,24,22,18,7],[13,1,21,9,5,17,19,23,24,20,22,18,7],[9,21,5,1,17,19,23,20,24,22,18,13,7],[5,13,1,21,17,23,19,20,24,22,18,9,7],[9,21,13,1,17,19,23,20,24,22,5,18,7],[13,17,9,22,1,5,19,7,11,20,12],[9,17,21,23,19,24,20,18,13,5,1,7],[1,5,9,21,17,23,19,24,20,18,13,7],[13,1,5,21,9,17,23,19,20,24,18,7],[21,9,17,23,19,20,24,22,5,13,1,18,7],[1,13,5,21,9,17,23,19,20,24,22,18,7],[21,17,23,19,24,20,22,9,18,5,13,1,7],[5,13,21,17,19,23,20,24,22,9,1,18,7],[17,1,5,9,13,21,23,19,20,24,22,18,7],[21,5,1,17,19,23,20,24,22,9,13,18,7],[9,21,13,5,1,19,7,23],[1,21,5,13,17,23,19,20,24,18,9,7],[21,9,13,1,17,19,23,20,24,22,5,18,7],[5,21,17,19,23,24,20,22,13,9,1,18,7],[21,17,19,23,20,24,22,1,18,5,13,9,7],[13,5,21,1,9,17,19,23,24,20,22,18,7],[21,1,9,13,17,19,23,24,20,18,5,7],[13,9,21,17,19,23,24,20,22,18,1,5,7],[17,5,9,21,19,23,20,24,18,1,13,7],[21,17,23,19,20,24,22,1,9,13,18,5,7],[9,5,17,1,13,21,19,23,20,24,22,18,7],[13,1,21,17,19,23,20,24,18,9,5,7],[9,13,21,17,23,19,20,24,22,5,1,18,7],[9,5,1,17,15,21,19,23,20,24,22],[5,1,21,13,9,17,19,23,20,24,22,18,7],[21,9,13,7,1,17,23,19,20,24,18],[17,1,9,5,21,23,19,20,24,18,13,7],[21,13,9,1,17,23,19,20,24,22,18,5,7],[17,21,19,23,20,24,18,5,9,13,3,1,7],[13,5,9,1,17,21,19,23,20,24,22,18,7],[1,17,21,19,23,24,20,22,9,13,5,18,7],[1,9,5,13,21,17,19,23,20,24,22,18,7],[5,17,13,21,19,23,20,24,18,1,9,7],[1,13,9,5,21,19,7,23],[17,9,5,1,13,21,23,19,20,24,18,7],[21,1,13,5,9,17,23,19,24,20,18,7],[1,17,9,13,5,24,20,7],[17,15,21,23,19,20,24,18,5,1,9],[1,5,13,17,9,21,19,23,20,24,18,7],[9,21,3,1,5,17,19,23,24,20,22,13,18,7,11,12],[5,21,1,17,19,23,24,20,18,13,9,7],[9,1,21,5,13,17,23,19,24,20,22,18,7],[1,9,21,17,19,23,24,20,18,13,5,7],[1,5,17,21,23,19,24,20,18,13,9,22,7],[9,17,21,19,23,20,24,22,18,13,5,1,7],[17,1,13,9,21,23,19,24,20,18,5,7],[5,17,9,1,13,21,23,19,24,20,22,18,7],[21,17,23,19,24,20,22,9,13,5,1,18,7],[9,17,13,21,23,19,24,20,18,1,5,7],[1,21,17,23,19,24,20,22,7,13,9],[17,21,19,23,24,20,22,13,1,9,18,5,7],[1,21,13,5,17,23,19,20,24,22,18,9,7],[5,1,17,21,19,23,20,24,18,9,13,7],[5,21,1,10,9,23,11,24,12,22,13,19],[1,21,13,17,23,19,24,20,22,9,5,18,7],[5,1,9,21,13,17,19,23,20,24,18,7],[21,1,17,19,23,20,24,22,18,13,5,9,7],[13,9,5,17,21,23,19,20,24,18,1,7],[1,9,21,7,13,19,11,23,24,12],[21,15,7,1,17,23,19,20,24,22],[13,21,1,9,17,23,19,20,24,18,5,7],[13,17,21,19,23,24,20,18,5,1,9,8],[1,5,17,13,21,19,23,24,20,22,18,9,7],[1,5,17,21,23,19,20,24,18,13,9,7],[5,21,9,17,19,23,24,20,22,18,13,1,7],[17,21,23,19,20,24,22,13,9,18,1,5,7],[9,13,17,1,5,21,19,23,24,20,22,18,7],[13,5,17,9,1,21,19,23,20,24,18,7],[9,13,5,1,21,17,23,19,24,20,18,22,7],[1,9,5,17,21,19,23,24,20,18,13,7],[9,5,13,17,21,23,19,24,20,18,1,7],[21,9,13,17,19,23,24,20,18,5,1,7],[9,17,1,21,19,23,24,20,22,13,18,5,7],[21,1,17,19,23,20,24,18,13,10,9,11,12,22],[5,17,1,9,13,21,19,23,20,24,18,7],[21,17,19,23,20,24,22,13,1,5,18,9,7],[21,17,19,23,24,20,22,1,13,18,9,5,7],[17,5,9,3,1,21,23,19,20,24,22,18,13,7,11,12],[13,5,17,21,19,23,24,20,22,9,18,1,7],[13,5,17,21,23,19,20,24,18,9,1,7],[5,17,13,9,21,19,23,20,24,22,18,1,7],[1,9,5,13,17,21,23,19,20,24,22,18,7],[9,13,17,1,21,23,19,20,24,18,5,7],[21,15,9,17,19,23,24,20,22,1,5],[5,13,21,1,19,9,7,11,23,12],[21,17,23,19,20,24,18,13,9,1,5,7],[13,17,21,19,23,24,20,18,1,5,9,7],[17,9,1,13,21,23,19,24,20,18,5,7],[9,17,13,1,21,23,19,20,24,18,5,7],[9,21,1,13,5,17,19,23,24,20,22,18,7],[5,1,9,13,21,17,23,19,24,20,18,7],[17,13,9,21,23,19,24,20,18,1,5,7],[9,1,5,17,21,23,19,20,24,22,18,13,7],[21,9,1,17,19,23,24,20,22,5,13,18,7],[17,13,1,9,21,23,19,20,24,22,18,5,7],[1,17,9,7,21,23,19,24,20,18,13],[1,21,17,23,19,20,24,22,5,13,9,18,7],[9,21,17,19,23,20,24,18,1,5,13,7],[5,17,13,1,23,9,19,7,21,20,24,22],[17,5,13,21,23,19,20,24,22,9,3,1,18,7,11,12],[17,9,21,23,19,20,24,22,1,13,5,18,7],[1,17,9,5,21,23,19,24,20,18,13,7],[9,1,13,17,21,23,19,20,24,18,5,7],[9,1,17,21,19,23,20,24,22,13,5,18,7],[17,21,23,19,24,20,22,9,1,5,18,13,7],[13,1,5,21,17,23,19,24,20,18,9,7],[17,1,21,23,19,20,24,22,13,5,9,18,7],[21,17,23,19,24,20,22,5,9,13,3,1,18,7,11,12],[5,21,1,17,23,19,24,20,18,13,11,9,12],[5,13,1,9,17,21,23,19,20,24,22,18,7],[5,9,1,17,13,21,19,23,24,20,22,18,7],[5,21,1,13,9,17,19,23,24,20,18,7],[13,9,5,17,21,19,23,24,20,22,18,1,7],[5,17,21,23,19,24,20,22,9,1,13,18,7],[17,9,5,1,13,21,19,23,20,24,22,18,7],[17,13,5,21,19,23,20,24,18,9,1,7],[1,13,17,9,23,7,21,19,20,24,22],[5,9,21,1,13,17,19,23,20,24,22,18,7],[17,1,9,13,5,23,21,19,20,24,18,7],[9,1,13,17,5,21,19,23,24,20,22,18,7],[13,5,1,9,17,21,19,23,24,20,18,7],[13,21,9,5,1,19,7,11,23,24,12],[17,5,1,21,19,23,20,24,22,9,18,13,7],[9,21,5,17,19,23,20,24,18,1,13,7],[9,21,1,5,13,19,23,7],[9,1,17,21,23,19,24,20,18,5,13,7],[17,5,3,1,21,23,19,20,24,18,13,9,7],[9,13,17,5,21,19,23,20,24,18,1,7],[5,9,21,17,19,23,24,20,18,13,1,7],[13,1,17,9,7,21,23,19,20,24,18],[13,1,17,5,9,21,19,23,24,20,22,18,7],[13,5,17,21,23,19,20,24,18,1,9,7],[13,17,5,21,19,23,20,24,18,9,1,7],[1,21,12,17,19,23,24,20,22,5,13,18,7],[1,9,5,21,17,19,23,20,24,18,13,7],[17,21,23,19,24,20,22,18,1,5,13,9,7],[13,1,9,5,17,21,19,23,20,24,18,7],[5,1,9,21,17,23,19,24,20,22,13,18,7],[9,13,1,17,23,5,19,7,21,20,24,22],[13,17,5,1,21,23,19,20,24,18,9,7],[5,1,9,17,21,19,23,20,24,18,13,7],[17,11,9,19,20,12,21,23,24,18,5,13,1],[5,17,1,21,19,23,20,24,22,9,13,18,7],[21,13,9,1,5,17,23,19,20,24,18,7],[1,21,9,13,5,17,19,23,20,24,18,7],[21,1,13,9,5,17,19,23,20,24,22,18,7],[1,9,17,5,21,19,23,20,24,22,18,13,7],[17,5,1,13,21,19,23,24,20,22,9,18,7],[1,17,5,13,9,21,23,19,20,24,22,18,7],[13,5,9,21,1,17,23,19,24,20,18,6],[13,5,21,1,17,19,23,20,24,22,9,18,7],[9,21,1,13,5,17,23,19,20,24,22,18,7],[21,3,1,5,17,23,19,20,24,22,13,18,9,7,11,12],[1,17,9,21,23,19,24,20,18,13,5,7],[21,1,17,19,23,24,20,22,9,5,18,13,7],[13,9,21,17,19,23,20,24,18,3,1,5,7],[1,9,5,13,17,21,23,19,24,20,22,18,7],[21,9,5,13,17,19,23,24,20,22,1,18,7],[13,21,17,23,19,20,24,18,5,9,1,7],[1,5,13,17,21,19,23,20,24,22,18,9,7],[5,21,9,17,23,19,24,20,18,13,1,7],[5,21,1,9,13,17,19,23,20,24,22,18,7],[9,21,13,17,19,23,20,24,22,18,5,1,7],[21,9,13,1,5,17,19,23,20,24,18,7],[5,17,13,21,19,23,20,24,22,9,1,18,7],[1,5,13,21,9,17,23,19,20,24,18,7],[21,5,1,9,13,17,19,23,24,20,22,18,7],[5,9,21,1,17,23,19,20,24,18,13,7],[9,1,5,21,13,17,19,23,20,24,18,7],[13,1,5,17,21,19,23,20,24,18,9,7],[5,21,17,19,23,20,24,18,1,13,9,7],[9,1,5,21,13,19,7,23],[5,17,13,1,9,21,23,19,20,24,22,18,7],[21,1,9,17,23,19,24,20,22,5,18,13,7],[21,5,1,13,17,19,23,24,20,22,18,9,7],[9,13,21,5,1,17,23,19,20,24,22,18,7],[17,5,9,13,21,19,23,20,24,18,1,7],[9,17,21,19,23,24,20,18,5,1,15],[1,9,21,17,23,19,20,24,18,13,5,7],[9,21,1,13,17,23,19,20,24,18,5,7],[5,13,9,17,21,19,23,24,20,18,1,7],[5,17,9,1,13,21,23,19,24,20,22,18,7],[1,17,9,21,23,19,24,20,18,5,13,7],[21,9,1,5,17,19,23,20,24,18,13,7],[9,5,1,13,17,21,23,19,20,24,18,7],[1,5,21,17,19,23,24,20,22,18,9,13,7],[5,1,9,21,17,23,19,24,20,18,13,7],[5,1,17,13,21,19,23,24,20,18,9,7],[13,1,5,17,9,21,23,19,20,24,22,18,7],[5,9,13,17,21,23,19,20,24,22,18,1,7],[17,1,9,21,23,19,24,20,18,5,13,7],[5,1,21,13,17,23,19,20,24,18,9,7],[21,15,11,9,23,24,12,17,19,20,22,1],[1,13,9,17,21,19,23,24,20,22,18,5,7],[1,13,9,21,17,23,19,20,24,22,5,18,7],[9,17,1,5,21,19,23,20,24,18,13,22,7],[9,21,5,17,19,23,24,20,18,13,1,7],[21,1,9,7,17,23,19,20,24,22,18,13],[9,5,21,13,1,17,19,23,24,20,18,7],[17,21,19,23,20,24,22,18,13,5,1,9,7],[9,17,1,21,19,23,20,24,18,5,13,7],[21,17,19,23,20,24,18,1,5,9,13,7],[21,5,13,17,19,23,24,20,18,9,3,1,7],[21,13,5,9,17,19,23,20,24,22,1,18,7],[13,17,5,9,21,19,23,24,20,22,1,18,7],[9,13,21,5,20,17,23,19,24,22,1,18,7],[1,13,9,21,17,23,19,20,24,22,5,18,7],[17,1,15,21,23,19,20,24,22,9,5],[9,21,5,15,17,23,19,20,24,22,18,1,7],[9,5,13,1,17,21,23,19,24,20,22,18,7],[13,17,21,23,19,20,24,22,5,9,1,18,7],[13,5,21,9,17,19,23,24,20,18,1,7],[5,1,13,17,21,19,23,24,20,22,18,9,7],[5,9,13,1,17,21,19,23,24,20,18,7],[9,5,21,17,23,19,20,24,22,1,13,18,7],[21,17,23,19,20,24,22,1,9,7,13],[17,1,7,9,21,19,23,20,24,22,13],[1,17,21,23,19,24,20,22,13,9,18,5,7],[9,21,5,13,1,17,23,19,24,20,22,18,7],[13,1,5,21,9,17,23,19,20,24,18,7],[1,21,9,17,23,19,24,20,18,13,5,7],[13,17,1,21,23,19,24,20,22,18,9,5,7],[13,21,5,17,23,19,24,20,18,3,1,9,7],[9,5,17,21,19,23,24,20,22,1,13,18,7],[1,21,5,12,13,17,19,23,20,24,18],[17,5,13,9,1,21,23,19,20,24,22,18,7],[9,1,13,21,5,17,23,19,24,20,22,18,7],[1,13,21,9,5,17,19,23,24,20,22,18,7],[5,9,13,21,1,17,19,23,20,24,22,18,7],[13,17,21,19,23,20,24,18,5,9,1,7],[21,5,9,13,3,1,17,23,19,20,24,18,7],[1,5,9,21,17,23,19,20,24,22,13,18,7],[17,5,21,19,23,24,20,22,9,1,13,18,7],[5,17,21,19,23,24,20,18,9,3,1,13,7],[1,21,9,13,5,17,19,23,24,20,18,7],[1,21,5,9,13,17,23,19,20,24,22,18,7],[1,17,13,5,9,21,19,23,20,24,18,7],[5,13,21,17,19,23,24,20,18,9,1,7],[17,9,1,13,5,23,19,7,21,20,24,22],[13,9,5,1,17,21,19,23,20,24,22,18,7],[17,21,23,19,20,24,18,9,5,15,1],[13,21,5,17,19,23,20,24,18,1,9,7],[5,17,21,23,19,24,20,22,1,18,13,9,7],[21,13,1,9,5,17,19,23,20,24,18,7],[1,13,5,21,17,23,19,24,20,22,18,9,7],[13,5,1,9,17,21,23,19,24,20,22,18,7],[9,5,21,1,15,17,19,23,20,24,22],[5,1,21,11,9,23,12,17,19,24,20,22,13],[21,9,13,5,1,17,19,23,20,24,18,7],[13,21,5,17,23,19,24,20,22,1,9,18,7],[21,17,19,23,24,20,22,9,1,13,18,5,7],[21,9,1,13,17,23,19,20,24,18,5,7],[21,1,13,9,17,23,19,20,24,18,5,7],[1,17,5,13,21,19,23,24,20,22,18,9,7],[1,5,9,13,21,17,23,19,24,20,18,7],[1,21,13,9,5,17,19,23,20,24,22,18,7],[17,1,21,23,19,24,20,22,13,9,5,18,7],[21,7,9,1,13,17,19,23,20,24,22],[17,1,21,23,19,24,20,22,9,13,5,18,7],[9,1,17,13,5,22,8,11,19,20,12],[1,5,21,9,13,17,19,23,20,24,18,6],[5,13,9,17,21,19,23,24,20,22,18,1,7],[13,9,1,17,21,19,23,20,24,22,5,18,7],[17,13,1,5,21,23,19,20,24,18,9,7],[17,5,9,1,13,21,19,23,24,20,18,7],[17,21,23,19,24,20,22,5,18,13,9,1,7],[9,5,21,17,23,19,24,20,22,1,18,13,7],[1,13,5,21,17,19,23,20,24,22,18,9,7],[1,13,9,5,21,17,19,23,20,24,18,7],[9,5,21,13,1,17,23,19,24,20,22,18,7],[5,17,1,13,9,21,23,19,24,20,18,7],[13,5,9,17,21,23,19,24,20,22,1,18,7],[9,17,5,1,21,19,23,20,24,18,13,7],[21,5,9,17,23,19,20,24,18,13,1,7],[1,17,9,21,23,19,24,20,18,5,13,7],[17,1,9,21,19,23,20,24,22,5,18,13,7],[1,9,13,5,21,19,23,7],[1,9,5,13,17,21,19,23,24,20,22,18,7],[21,17,23,19,20,24,18,1,13,5,9,7],[5,13,17,1,9,21,19,23,20,24,22,18,7],[5,21,1,9,13,17,19,23,24,20,18,7],[5,9,1,13,21,17,19,23,24,20,22,18,7],[13,9,1,17,5,21,23,19,24,20,22,18,7],[17,1,21,23,19,20,24,18,7,13,9],[1,13,17,21,23,19,24,20,18,11,9,12,5],[1,13,9,21,17,23,19,20,24,18,5,7],[17,1,9,13,5,21,23,19,20,24,18,7],[21,13,5,1,17,23,19,20,24,18,9,7],[5,17,1,21,19,23,20,24,18,9,13,7],[21,5,9,1,17,19,23,20,24,22,18,13,7],[21,5,17,23,19,24,20,18,3,1,11,9,12,13],[17,5,1,21,23,19,20,24,18,9,13,7],[5,17,13,1,23,9,21,19,24,20,22,18,7],[17,1,21,23,19,24,20,22,5,13,9,18,7],[1,21,17,19,23,20,24,18,9,13,7],[17,1,9,21,19,23,20,24,18,5,13,7],[21,5,9,17,19,23,20,24,22,1,15],[17,21,19,23,24,20,22,1,18,13,5,9,7],[17,5,1,21,23,19,24,20,18,9,13,7],[1,13,9,21,17,23,19,24,20,18,5,7],[17,3,1,13,5,21,19,23,20,24,22,9,18,7,11,12],[17,1,13,21,23,19,20,24,18,7,9],[21,5,19,13,1,9,23,7],[13,1,17,21,19,23,20,24,22,18,9,5,7],[21,13,5,9,1,17,19,23,20,24,22,18,7],[21,13,1,5,17,19,23,20,24,18,9,7],[13,17,11,9,19,20,12,5,1,21,23,24,18],[21,1,13,17,19,23,24,20,22,5,9,18,7],[9,1,17,5,13,21,19,23,20,24,18,7],[21,13,1,11,9,23,24,12,5,17,19,20,18],[5,9,13,21,17,19,23,24,20,22,1,18,7],[1,17,9,13,5,21,23,19,24,20,22,18,7],[9,13,1,21,17,19,23,24,20,22,5,18,7],[21,5,11,9,23,12,17,19,20,24,22,13,1],[21,13,17,23,19,20,24,22,9,1,5,18,7],[1,9,5,21,13,17,19,23,20,24,18,7],[17,13,3,1,5,9,21,19,23,24,20,18,7],[21,17,19,23,24,20,22,13,5,1,18,9,7],[13,17,21,19,23,20,24,18,5,1,9,7],[17,1,5,9,13,21,23,19,24,20,22,18,7],[13,9,17,5,21,23,19,24,20,22,1,18,7],[17,3,1,9,21,23,19,20,24,18,5,13,7],[5,21,13,1,17,19,23,20,24,22,9,18,7],[9,13,17,5,21,19,23,20,24,22,1,18,7],[5,9,21,17,19,23,24,20,18,3,1,13,7],[21,5,1,11,9,23,12,13,19],[1,17,21,19,23,20,24,18,9,13,5,7],[1,9,17,5,21,19,23,20,24,18,13,7],[17,21,23,19,24,20,22,1,5,18,13,9,7],[5,1,13,9,21,17,19,23,24,20,22,18,7],[21,17,23,19,24,20,22,18,5,9,1,13,7],[9,13,1,5,17,21,23,19,20,24,18,7],[13,17,8,9,21,23,19,24,20,22,18,1,11,12],[1,9,21,13,5,17,23,19,24,20,18,22,7],[5,13,1,9,17,21,19,23,20,24,22,18,7],[1,13,17,5,21,19,23,24,20,18,9,7],[21,13,17,19,23,20,24,22,18,5,9,1,7],[21,9,17,23,19,24,20,18,3,1,5,13,7],[17,9,5,21,19,23,24,20,22,18,13,1,7],[1,17,21,19,23,24,20,22,13,5,9,18,7],[13,5,21,1,9,17,19,23,24,20,18,7],[13,1,9,21,17,23,19,24,20,18,5,7],[13,21,9,1,5,17,23,19,20,24,18,7],[17,21,23,19,24,20,18,1,13,9,5,7],[1,13,17,21,19,23,24,20,18,9,5,22,7],[1,9,21,13,17,19,23,20,24,18,5,7],[5,9,1,17,13,21,23,19,20,24,22,18,7],[1,13,5,17,9,21,19,23,20,24,22,18,7],[5,17,21,19,23,24,20,18,9,13,3,1,7],[21,7,9,13,17,19,23,24,20,18,1],[9,1,17,13,5,21,23,19,24,20,18,7],[5,1,17,21,23,19,24,20,22,18,9,13,7],[5,9,1,13,21,17,19,23,24,20,22,18,7],[21,17,19,23,20,24,22,18,5,13,9,1,7],[5,21,9,17,19,23,24,20,22,13,18,1,7],[5,13,1,21,17,23,19,24,20,18,9,7],[9,17,5,1,21,19,23,24,20,18,13,7],[21,1,17,23,19,20,24,22,9,13,18,5,7],[21,5,17,19,23,24,20,18,13,9,1,7],[21,9,1,16,17,19,23,24,20,22,5,18,7,13],[1,9,13,17,21,19,23,20,24,22,5,18,7],[9,5,17,1,13,21,23,19,20,24,22,18,7],[17,5,13,9,21,23,19,20,24,18,1,7],[13,21,5,17,19,23,24,20,18,1,9,7],[21,1,5,13,17,19,23,24,20,18,9,7],[1,17,11,9,19,12,21,23,20,24,22,5,18,13,7],[1,9,17,21,23,19,24,20,18,5,13,7],[13,1,17,9,21,23,19,20,24,22,5,18,7],[13,9,1,21,5,17,23,19,20,24,22,18,7],[9,21,1,13,5,17,23,19,24,20,18,7],[9,17,21,23,19,20,24,18,13,8,1],[5,21,9,1,17,19,23,20,24,18,13,7],[5,13,17,1,21,23,19,24,20,22,9,18,7],[13,9,5,1,21,17,19,23,20,24,22,18,7],[13,5,1,9,17,21,23,19,24,20,18,7],[5,1,17,9,13,21,19,23,20,24,22,18,7],[21,19,7,11,9,23,24,12,13,1],[17,13,9,5,21,19,23,20,24,18,1,7],[9,21,5,17,19,23,20,24,22,18,1,13,7],[13,17,5,1,9,21,23,19,20,24,18,7],[9,21,5,1,13,17,23,19,20,24,18,7],[21,13,17,19,23,24,20,22,18,1,9,5,7],[5,21,17,23,19,24,20,22,18,9,13,3,1,7,11,12],[9,5,13,1,21,17,23,19,20,24,22,18,7],[13,5,21,1,17,23,19,20,24,18,9,7],[5,9,1,17,21,19,23,20,24,18,13,22,7],[5,1,21,17,19,23,24,20,22,18,13,9,7],[1,17,21,23,19,24,20,18,13,5,11,9,12],[17,21,23,19,24,20,18,9,1,7,13],[13,9,21,1,5,17,19,23,20,24,18,7],[21,1,9,13,17,19,23,20,24,22,7],[1,9,17,7,13,21,23,19,20,24,18],[9,1,21,17,19,23,20,24,18,5,13,7],[9,17,5,21,19,23,20,24,22,18,13,1,7],[1,17,9,13,21,23,19,24,20,18,5,7],[1,21,9,13,19,7,23],[13,5,1,21,17,19,23,24,20,22,9,18,7],[17,13,21,19,23,24,20,18,9,1,5,7],[9,5,1,13,21,17,23,19,20,24,18,7],[1,9,21,17,19,23,24,20,18,5,13,6],[5,9,1,21,13,17,19,23,20,24,18,7],[5,17,21,23,19,24,20,22,9,1,13,18,7],[13,5,9,17,1,21,23,19,24,20,18,7],[1,17,9,13,5,21,19,23,20,24,22,18,7],[21,1,6,17,19,23,20,24,22,18,9,13,5,11,12],[17,9,21,23,19,24,20,22,5,18,15,1,7],[5,13,9,17,1,21,23,19,24,20,18,7],[1,21,17,19,23,24,20,18,13,9,5,8],[13,1,9,5,17,21,23,19,20,24,22,18,7],[13,21,7,3,1,17,23,19,24,20,18,9],[1,21,13,9,17,23,19,24,20,18,5,7],[17,5,1,21,19,23,20,24,22,13,9,18,7],[21,5,17,19,23,20,24,22,1,13,9,18,7],[17,21,19,23,24,20,18,9,5,1,13,22,7],[5,13,21,1,9,17,19,23,20,24,22,18,7],[17,1,5,13,9,21,19,23,20,24,22,18,7],[21,5,17,19,23,20,24,18,9,1,13,7],[1,13,5,17,21,23,19,24,20,18,9,7],[9,1,5,13,17,21,23,19,24,20,18,7],[5,21,9,17,19,23,24,20,18,13,1,7],[9,13,17,1,21,23,19,20,24,22,18,5,7],[1,21,9,5,17,23,19,24,20,22,18,13,7],[13,5,21,17,19,23,20,24,18,9,1,7],[9,21,1,17,23,19,20,24,18,5,13,7],[13,5,1,9,17,21,23,19,24,20,22,18,7],[9,21,17,19,23,24,20,22,13,18,1,5,7],[1,5,13,21,9,17,19,23,20,24,18,7],[17,23,5,9,13,1,21,19,20,24,22,18,7],[9,13,21,1,5,17,23,19,24,20,22,18,7],[13,1,9,17,21,19,23,24,20,18,5,7],[5,17,9,21,19,23,24,20,22,18,1,13,7],[17,1,5,9,21,23,19,24,20,18,13,7],[5,1,13,9,17,21,19,23,24,20,18,7],[9,1,13,17,5,21,19,23,20,24,18,7],[13,17,5,9,1,21,19,23,24,20,22,18,7],[1,17,9,5,13,21,23,19,24,20,22,18,7],[9,5,1,21,13,17,19,23,20,24,22,18,7],[21,5,13,17,19,23,24,20,22,1,9,18,7],[13,17,9,1,21,23,19,24,20,22,8],[13,5,9,1,17,21,23,19,24,20,22,18,7],[21,5,9,19,13,1,7,11,23,24,12],[13,21,9,17,23,19,24,20,18,1,7],[17,11,9,19,20,12,5,13,21,23,24,22,1],[1,5,21,13,19,9,23,6],[9,1,5,17,13,21,23,19,20,24,22,18,7],[1,9,13,17,5,21,23,19,24,20,22,18,7],[5,1,21,15,9,20,17,23,19,24,18],[21,13,1,17,19,23,24,20,18,9,5,7],[21,9,1,5,13,17,19,23,20,24,22,18,7],[1,5,21,13,17,19,23,20,24,18,9,7],[13,9,17,21,19,23,20,24,22,18,5,1,7],[1,13,5,21,17,23,19,20,24,22,18,9,7],[1,5,21,17,23,19,20,24,22,13,9,18,7],[9,21,17,19,23,24,20,22,18,1,13,5,7],[9,5,17,1,21,19,23,24,20,22,18,13,7],[5,9,17,21,19,23,20,24,18,1,13,7],[21,5,1,17,23,19,24,20,18,13,9,7],[1,5,21,17,19,23,20,24,18,13,9,7],[1,13,5,17,9,21,19,23,24,20,18,7],[13,1,9,21,5,17,19,23,24,20,18,7],[5,17,13,21,23,19,20,24,22,9,1,18,7],[9,1,21,5,13,17,23,19,20,24,22,18,7],[21,9,17,23,19,20,24,22,13,18,1,5,7],[1,17,7,9,21,19,23,24,20,22,13],[13,21,5,9,1,20,17,23,19,24,22,18,7],[13,17,1,5,21,19,23,24,20,22,9,18,7],[1,5,21,13,9,17,23,19,24,20,22,18,7],[5,9,17,1,21,23,19,20,24,18,15],[1,17,21,23,19,20,24,18,5,13,9,7],[1,9,21,5,13,19,7,23],[17,23,9,5,13,1,7,21,19,24,20,18],[17,13,1,9,5,21,23,19,20,24,22,18,7],[5,17,9,21,19,23,20,24,22,1,13,18,7],[13,17,21,19,23,24,20,18,5,9,1,7],[1,9,13,5,21,17,23,19,20,24,18,7],[9,1,13,5,21,17,23,19,20,24,18,7],[21,17,23,19,20,24,18,1,13,9,5,7],[9,17,13,5,21,19,23,20,24,18,1,7],[17,9,1,5,13,21,19,23,20,24,18,7],[17,1,13,9,21,23,19,24,20,22,18,5,7],[5,13,17,9,21,23,19,20,24,22,18,1,7],[17,21,19,23,24,20,22,1,5,18,9,13,7],[5,17,9,1,13,21,23,19,20,24,22,18,7],[1,17,5,21,19,23,20,24,22,18,13,9,7],[21,1,9,13,5,17,23,19,24,20,22,18,7],[1,17,9,13,21,19,23,24,20,22,5,18,7],[13,5,17,21,19,23,24,20,18,1,9,7],[21,17,19,23,20,24,18,1,13,5,9,7],[1,21,17,19,23,20,24,18,5,9,13,7],[5,1,13,9,21,17,23,19,20,24,18,7],[21,13,9,5,17,19,23,20,24,22,1,18,7],[5,1,13,21,9,19,7,11,23,24,12],[13,5,17,9,1,21,23,19,24,20,22,18,7],[13,21,9,1,17,23,19,24,20,18,5,7],[1,5,21,13,17,23,19,20,24,22,9,18,7],[13,5,1,17,9,21,19,23,20,24,22,18,7],[5,1,21,17,23,19,20,24,22,13,18,9,7],[17,9,5,13,21,19,23,24,20,18,1,7],[9,17,1,13,21,19,23,24,20,22,18,5,7],[9,1,5,21,17,19,23,20,24,22,15],[13,9,1,21,17,19,23,20,24,22,18,5,7],[17,15,21,23,19,20,24,22,18,5,1,9,7],[17,16,1,5,21,19,23,20,24,22,9,18,7,13],[1,13,5,21,9,17,23,19,24,20,22,18,7],[5,13,1,21,17,23,19,24,20,18,9,7],[21,3,1,17,23,19,20,24,22,9,15,5],[17,1,5,21,23,19,20,24,22,13,18,9,7],[17,7,21,23,19,20,24,22,18,9,1,13],[1,5,13,21,17,19,23,20,24,22,9,18,7],[21,5,1,17,23,19,20,24,22,13,9,18,7],[21,5,13,1,17,19,23,20,24,18,9,7],[5,17,21,19,23,24,20,22,13,9,18,1,7],[21,1,17,19,23,20,24,22,9,18,5,13,7],[21,19,5,1,9,13,7,23],[13,9,17,1,5,21,19,23,24,20,18,7],[21,17,23,19,24,20,18,9,5,13,1,7],[9,21,17,23,19,20,24,18,13,1,5,7],[21,1,13,5,9,17,19,23,20,24,22,18,7],[5,1,9,17,21,19,23,20,24,22,18,13,7],[17,21,19,23,20,24,18,13,11,9,12,5,1],[9,1,13,21,17,23,19,24,20,22,18,5,7],[21,5,1,9,17,23,19,24,20,22,13,18,7],[9,21,5,13,1,17,19,23,20,24,22,18,7],[1,5,13,21,9,17,23,19,24,20,22,18,7],[17,5,1,12,21,19,23,24,20,22,18,13,7],[21,1,17,19,23,24,20,18,9,5,13,7],[17,5,1,21,23,19,24,20,18,9,13,7],[13,21,5,17,23,19,20,24,18,9,1,7],[21,5,1,9,17,23,19,24,20,18,13,7],[17,5,9,13,23,1,21,19,24,20,22,18,7],[1,5,13,21,17,19,23,20,24,22,18,9,7],[1,9,17,5,14,21,19,23,20,24,22,18,7],[17,5,21,23,19,20,24,22,9,13,1,18,7],[1,9,13,17,21,19,23,20,24,22,5,18,7],[17,21,19,23,24,20,22,9,1,7,18,13],[1,21,8,17,19,23,24,20,22,9,13],[1,21,9,13,5,17,23,19,20,24,22,18,7],[21,17,23,19,24,20,18,9,13,5,1,7],[21,13,17,23,19,20,24,22,1,9,5,18,7],[9,1,13,5,21,17,19,23,24,20,22,18,7],[17,11,9,19,12,1,5,13,21,23,24,20,18],[17,13,21,23,19,24,20,22,9,18,5,1,7],[9,13,5,1,17,21,23,19,20,24,18,7],[13,5,9,21,1,17,19,23,24,20,22,18,7],[9,21,13,5,1,18,7,23],[21,1,17,19,23,20,24,22,5,18,13,9,7],[1,17,9,21,19,23,20,24,22,13,5,18,7],[1,9,13,5,21,17,19,23,20,24,18,7],[5,9,17,23,13,1,19,7,21,24,20,18],[17,21,19,23,24,20,22,1,9,18,5,13,7],[21,5,17,23,19,24,20,22,13,9,18,1,7],[21,1,5,17,19,23,24,20,18,9,13,7],[21,9,17,23,19,24,20,22,5,13,1,18,7],[13,5,9,21,1,17,19,23,20,24,18,7],[1,13,17,5,21,23,19,24,20,22,9,18,7],[5,1,9,21,17,19,23,24,20,22,18,13,7],[5,1,9,13,17,21,19,23,20,24,22,18,7],[17,9,1,5,13,21,23,19,20,24,18,7],[5,21,17,19,23,24,20,18,16,9,1,13],[5,17,9,21,19,23,24,20,18,13,1,7],[5,21,13,1,11,9,23,12,19],[13,9,17,21,23,19,20,24,22,5,1,18,7],[13,1,9,21,17,23,19,20,24,22,18,5,7],[5,21,9,3,1,17,19,23,24,20,22,18,13,7,11,12],[21,17,19,23,20,24,22,5,18,9,1,13,7],[9,17,5,3,1,23,13,19,7,21,20,24,18],[1,13,5,21,9,19,7,11,23,24,12],[17,21,23,19,20,24,22,13,5,1,18,9,7],[5,9,17,21,19,23,24,20,22,13,1,18,7],[1,5,13,21,19,9,23,7],[5,21,9,17,23,19,20,24,18,13,1,7],[21,13,1,9,17,19,23,20,24,22,18,5,7],[5,9,17,1,21,19,23,24,20,18,13,7],[13,5,21,1,17,23,19,24,20,22,9,18,7],[13,21,9,18,1,5,7,11,23,12],[17,1,21,23,19,24,20,18,9,5,15],[5,1,13,17,21,19,23,24,20,22,9,18,7],[13,9,1,21,5,17,19,23,24,20,18,7],[1,13,21,9,17,19,23,24,20,18,5,7],[21,5,17,23,19,24,20,18,13,1,9,8],[21,13,5,17,19,23,24,20,22,10,9,11,12,18,1],[1,13,9,5,21,17,19,23,20,24,22,18,7],[1,17,21,19,23,20,24,22,5,18,9,13,7],[17,5,13,11,9,19,12,21,23,24,20,22,1],[9,17,21,19,23,24,20,22,18,1,13,5,7],[13,1,9,17,21,19,23,20,24,22,18,5,7],[9,13,21,17,23,19,24,20,22,5,18,1,7],[13,17,1,21,23,19,24,20,18,5,9,7],[1,5,21,17,19,23,20,24,22,18,13,9,7],[5,9,21,17,23,19,20,24,22,18,1,13,7],[9,13,21,1,17,23,19,24,20,22,5,18,7],[9,17,5,13,21,23,19,20,24,18,3,1,7],[9,5,17,13,1,23,19,7,21,20,24,18]]}