{"problem_id":"BoayaKgpdvTcHW5","sigma":75,"alpha":10.000,"cost":0,"probabilities":"[0.25, 0.25, 0.27, 0.23]","payoff_matrix":"[[88, -22, -27, -42, -38, -76], [52, -24, 93, -46, 26, -97], [-161, -33, -22, 61, -18, 86], [87, 79, -52, 37, 40, -133]]","uncovered":[[7,3,15,19,23,13,9,21,22,17,11,5,12,6,14,18,20,16],[11,23,19,15,14,3,7,22,18,17,13,9,6,21,10,5,16,12],[19,15,11,23,13,22,7,3,18,14,17,10,21,5,9,6,16,12],[15,3,23,21,19,7,11,14,13,17,9,5,22,10,18,6,16,12],[11,23,7,2,3,19,15,22,14,17,13,9,5,21,10,6,18,12,16],[11,15,3,19,7,23,13,21,22,17,10,14,6,9,18,5],[23,11,7,3,19,15,14,21,22,17,9,6,10,13,8,5,12,16],[3,7,19,11,15,23,21,13,22,17,9,6,14,10,20,18,12,16],[3,15,23,13,7,11,19,21,14,17,9,6,22,10,18,12,16,5],[7,3,19,11,15,23,14,21,22,18,17,10,9,13,6,5,12,16],[3,15,7,23,22,11,19,14,17,21,10,9,13,6,18,5],[15,7,19,23,22,11,3,14,17,13,10,9,21,5,18,6],[23,19,15,13,11,7,21,3,14,18,17,9,6,22,10,5,16,12],[11,15,19,7,23,22,3,14,17,21,9,5,10,13,18,6,12,16],[3,7,23,15,21,19,11,14,22,18,13,9,5,17,10,6,12,16],[19,7,15,11,23,21,3,13,22,17,10,9,14,6,5,18,16,12],[19,7,11,23,2,3,15,13,22,17,14,10,21,6,9,5,18,16,12],[15,11,3,19,7,23,21,14,22,18,13,9,6,17,10,8,5,12,16],[11,15,19,3,23,14,7,22,17,21,9,6,10,13,20,18,12,16],[23,7,19,3,15,14,11,21,22,17,9,6,10,13,18,5],[3,15,7,23,13,11,22,19,17,21,10,14,5,9,18,6],[7,3,11,15,19,23,14,21,22,17,9,5,10,13,6,18],[7,15,19,23,13,11,3,21,14,18,22,9,5,17,10,6],[3,23,7,11,15,21,19,13,22,17,9,6,14,10,18,12,16,5],[23,7,11,15,13,3,19,21,14,17,10,9,22,6,18,12,16,5],[3,11,19,7,23,15,14,22,17,13,10,21,6,9,18,5],[7,19,15,3,11,23,13,22,18,17,14,9,6,21,10,12,16,5],[23,3,19,11,7,15,14,21,13,18,22,9,5,17,10,6],[7,3,11,15,23,21,19,14,13,17,9,6,22,10,18,16,12,5],[19,11,23,15,13,3,7,22,18,17,21,9,5,14,10,6,16,12],[3,19,11,7,15,23,13,21,22,18,17,10,14,5,9,6,16,12],[7,3,11,23,15,13,19,22,17,14,9,5,21,10,6,18,16,12],[19,23,15,14,11,3,7,21,13,17,9,5,22,10,6,18],[3,7,19,11,15,23,22,13,18,17,21,9,6,14,10,5],[7,23,3,11,19,15,22,13,18,14,21,10,17,5,9,6,16,12],[11,3,19,23,7,15,13,21,22,17,9,6,10,14,12,16,18,8,5],[11,7,19,3,23,15,13,21,22,17,9,6,10,14,18,5,12,16],[23,15,21,19,11,3,7,14,22,17,9,5,10,13,18,8,6,12,16],[11,7,23,15,13,21,19,3,14,18,22,9,5,17,10,6,16,12],[23,19,3,7,15,22,11,14,17,13,10,21,5,9,6,18],[15,7,19,3,23,13,11,22,17,21,10,14,5,9,18,6],[15,19,23,14,11,7,3,22,17,21,9,5,13,10,6,18],[19,3,23,7,15,22,11,14,17,21,10,13,6,9,12,16,18,5],[3,19,11,23,15,14,7,21,13,17,9,5,22,10,6,18],[23,15,22,7,11,3,19,14,18,17,13,10,9,21,6,5,12,16],[3,19,15,23,22,11,7,14,18,13,21,10,17,6,9,5,16,12],[23,3,19,11,7,15,21,13,14,18,22,9,6,17,10,5],[15,19,11,7,23,22,3,14,18,17,13,9,5,21,10,6,16,12],[11,3,23,15,21,7,19,14,22,18,13,10,17,6,9,5],[15,7,19,11,23,13,3,22,18,17,14,10,21,6,9,5,16,12],[15,23,21,19,11,3,7,13,14,17,9,6,22,10,18,12,16,5],[3,15,7,19,23,14,11,21,13,18,17,9,5,22,10,6],[15,3,19,7,23,21,11,14,13,17,9,6,22,10,18,5],[19,15,7,23,22,3,11,13,18,17,21,10,14,6,9,8,5,12,16],[3,7,19,11,15,23,14,21,13,17,9,6,22,10,18,5,16,12],[7,19,3,11,15,23,13,21,14,17,9,6,22,10,18,16,12,5],[23,19,3,15,13,7,11,22,18,14,17,9,6,21,10,5,12,16],[23,3,19,7,15,22,11,14,18,17,21,9,5,13,10,12,16,6],[23,3,19,15,21,7,11,14,13,17,9,5,22,10,6,18,12,16],[3,7,23,19,15,14,11,21,13,17,9,5,22,10,18,6,16,12],[7,23,19,15,21,2,3,11,14,22,17,9,6,13,10,5,12,16],[19,23,11,7,3,15,22,14,18,17,13,10,21,6,9,5],[7,3,15,11,19,23,14,21,22,17,9,6,10,13,18,5,16,12],[19,11,23,3,7,15,22,14,18,13,21,10,9,17,6,5],[23,11,7,3,15,14,19,22,18,13,17,9,6,21,10,5,16,12],[19,23,5,3,15,21,11,13,14,7,18,22,9,17,10,6],[11,7,3,15,19,23,13,21,22,17,9,5,14,10,18,6],[7,11,19,15,3,23,22,13,17,14,9,6,21,10,18,5,12,16],[11,3,7,15,23,13,22,19,18,14,21,9,5,17,10,6,16,12],[15,19,7,3,23,21,11,13,14,17,10,9,22,6,18,8,5,12,16],[11,19,3,7,15,23,21,14,13,17,10,22,5,9,6,16,12],[11,7,15,19,23,22,3,13,17,21,10,9,14,6,18,5],[3,23,11,19,15,14,7,21,22,18,13,10,17,6,9,5,16,12],[11,15,23,22,19,7,3,13,18,14,17,10,21,5,9,6,16,12],[15,7,23,21,19,3,11,13,22,18,17,10,9,14,5,6],[15,7,19,11,3,23,22,14,18,17,21,9,6,13,10,12,16,5],[19,3,11,7,23,15,13,22,18,14,17,10,9,21,5,6],[23,19,3,15,14,7,11,21,13,17,10,22,6,9,18,5],[3,7,15,19,23,21,11,14,22,18,13,10,17,6,9,5],[19,15,3,23,13,11,7,21,22,18,17,9,6,14,10,5,16,12],[11,19,23,3,7,13,17,21,10,22,15,9,14,6,18,5],[3,7,23,11,15,14,19,22,18,17,13,9,6,21,10,5,16,12],[19,15,23,21,11,7,3,14,13,18,17,9,6,22,10,5,12,16],[7,3,11,15,19,23,13,21,22,17,9,5,14,10,18,6,12,16],[15,23,22,11,7,19,3,13,18,17,14,9,5,21,10,6],[3,23,7,19,15,13,21,11,14,17,10,22,5,9,18,6],[19,11,7,3,15,23,22,14,18,17,13,9,5,21,10,6,16,12],[19,15,11,23,13,3,7,22,18,17,21,10,9,14,5,6],[11,7,15,23,22,19,3,13,17,21,10,9,14,5,18,6,16,12],[3,7,15,11,19,23,21,14,22,17,10,9,13,6,18,8,5,12,16],[7,23,19,11,3,15,22,13,18,14,21,9,6,17,10,5],[23,19,3,7,15,13,22,11,18,14,21,10,9,17,6,16,12,5],[15,3,19,23,13,7,11,22,17,14,9,5,21,10,6,20,18,12,16],[11,7,3,23,15,13,19,22,18,17,14,10,21,6,12,9,16,5],[19,7,3,11,15,23,14,21,22,17,10,9,13,6,18,5],[11,3,7,15,23,14,19,21,13,17,9,6,22,10,18,16,12,5],[15,23,22,11,3,7,19,13,20,18,14,10,9,17,21,5,12,16],[23,5,11,19,3,15,21,13,22,7,17,10,14,9,18,6,16,12],[23,11,7,15,21,19,3,13,22,17,10,9,14,5,18,6],[7,3,23,11,15,21,19,13,22,17,9,6,10,14,18,16,12,8,5],[19,7,11,23,3,15,13,22,18,17,14,10,21,6,9,5],[19,23,3,7,11,15,14,22,18,13,17,10,9,21,5,8,6,12,16],[23,3,19,15,14,7,11,21,22,18,13,10,17,6,9,5],[11,19,7,23,3,15,14,21,13,17,10,9,22,6,18,12,16,5],[3,11,19,15,23,13,21,7,14,18,22,9,5,17,10,6],[23,15,13,11,1,3,22,19,7,17,21,9,6,14,10,18,8,5,12,16],[7,15,23,14,19,3,11,22,18,13,21,9,6,17,10,12,16,5],[19,7,23,3,11,15,14,22,18,17,13,10,21,6,9,5],[15,19,23,21,11,7,3,14,22,18,13,10,17,6,9,16,12,5],[23,7,11,15,13,3,22,19,17,14,9,5,21,10,6,18],[15,19,7,23,13,3,11,21,14,17,9,6,22,10,18,5,12,16],[19,23,3,15,13,11,22,7,17,21,10,14,6,9,18,12,16,5],[15,11,23,14,19,3,7,21,22,17,10,9,13,5,6,20,18,12,16],[11,3,7,19,15,23,21,14,22,17,9,5,13,10,18,6,12,16],[11,23,7,3,15,14,19,21,13,18,22,10,17,8,5,9,6,12,16],[15,3,23,14,7,11,19,22,17,21,10,9,13,8,5,6,12,16],[11,7,23,19,15,13,3,21,14,18,22,9,5,17,10,8,6,12,16],[19,11,15,23,22,7,3,14,18,13,21,10,17,6,9,5,16,12],[19,3,23,7,15,13,11,21,22,17,10,9,14,6,18,12,16,5],[23,11,15,13,3,19,7,21,22,18,17,9,5,14,10,6,12,16],[3,19,7,11,23,15,21,13,22,17,10,9,14,6,8,5,12,16],[23,11,19,15,14,3,7,22,18,13,21,9,5,17,10,6,12,16],[7,11,15,19,3,23,21,13,22,18,17,9,5,14,10,6,12,16],[19,3,23,7,11,14,17,10,21,9,22,6,15,13,18,5,16,12],[19,3,11,15,23,22,7,13,18,17,21,10,14,6,9,5,12,16],[23,7,3,11,19,15,22,13,18,17,21,9,6,14,10,16,12,5],[7,15,23,13,19,2,3,9,21,14,18,17,11,6,22,10,5,16,12],[15,19,7,3,11,23,14,21,22,18,17,9,5,13,10,6],[19,15,3,23,14,7,11,22,17,21,9,6,10,13,18,16,12,5],[19,15,23,22,3,11,7,13,17,14,10,21,5,9,6,12,16],[19,7,11,3,23,15,22,14,17,21,9,6,10,13,18,5,16,12],[11,7,19,23,15,22,3,14,18,17,13,10,9,21,6,12,16,5],[19,15,7,3,23,14,11,22,17,21,10,9,13,6,18,12,16,5],[15,23,14,2,3,7,19,11,21,13,17,9,5,22,10,6,18,12,16],[7,11,23,19,3,15,13,22,17,14,9,5,21,10,20,18,12,16],[3,15,7,19,11,23,14,22,17,13,10,21,6,9,18,5,12,16],[7,15,19,3,23,13,22,11,18,17,21,10,9,14,5,6],[7,3,11,19,21,15,17,14,10,9,13,6,22,18,5],[23,3,11,7,19,15,13,22,18,17,21,9,5,14,10,6,12,16],[15,11,19,23,22,3,7,14,17,21,10,9,13,5,6,18,12,16],[23,19,3,7,11,15,14,22,18,13,17,9,5,21,10,6],[19,23,15,14,11,3,7,22,18,17,13,10,9,21,5,6,12,16],[19,11,3,7,15,23,14,21,22,18,13,10,17,6,9,16,12,5],[19,23,7,11,15,14,3,22,18,17,13,9,6,21,10,8,5,12,16],[3,11,15,23,14,19,7,22,18,13,17,9,6,21,10,5],[23,11,7,3,15,22,19,13,17,14,9,5,21,10,6,18],[3,19,23,15,14,11,7,22,18,13,17,10,9,21,5,6],[7,11,23,15,22,19,3,14,18,13,21,9,6,17,10,16,12,5],[3,15,19,7,23,14,11,22,18,13,17,9,5,21,10,6],[23,11,19,3,15,22,7,13,17,21,9,6,10,14,5,18,16,12],[15,23,22,3,19,7,11,13,17,14,9,5,21,10,6,18],[3,15,19,11,23,22,7,14,17,21,10,9,13,5,18,6],[7,19,3,15,23,14,11,21,22,17,10,9,13,6,18,12,16,5],[15,3,11,23,13,21,19,7,22,18,17,9,6,14,10,5,12,16],[11,19,7,3,15,23,22,14,17,21,9,5,13,10,6,18],[3,11,7,19,15,23,14,21,13,18,22,10,9,17,6,5,16,12],[11,3,7,15,23,22,19,14,18,13,21,10,17,6,9,5],[3,11,15,19,23,14,7,21,13,18,22,10,17,6,9,5,12,16],[11,15,7,23,13,19,3,21,14,18,22,10,9,17,5,6],[23,15,21,3,11,7,19,14,22,18,17,10,9,13,5,6],[19,15,7,3,11,23,22,14,17,21,9,5,10,13,6,18],[3,15,23,13,12,5,19,22,7,17,21,11,6,14,18,16,20],[23,19,3,15,21,11,7,13,14,17,9,6,22,10,18,5],[19,15,7,3,23,14,11,22,18,17,13,9,5,21,10,6],[11,3,23,19,15,13,7,21,22,17,9,5,14,10,18,6],[7,19,3,23,15,22,11,13,18,17,21,9,6,14,10,5,16,12],[23,3,7,19,11,15,13,21,14,17,9,5,22,10,18,6],[15,23,13,19,3,7,11,21,14,18,17,9,6,22,10,5],[23,3,11,7,15,14,19,21,13,17,9,6,22,10,18,5,16,12],[3,23,19,15,22,11,7,14,17,21,10,9,13,5,18,6],[7,23,3,11,15,14,19,22,18,13,21,9,5,17,10,6,12,16],[3,7,15,23,13,22,19,11,17,21,10,14,5,9,6,18,12,16],[23,3,15,21,19,11,5,14,13,7,18,17,9,22,10,6,12,16],[7,15,11,19,3,23,21,13,14,18,17,10,22,5,9,6],[23,7,3,15,21,19,11,14,13,18,22,9,6,17,10,12,16,5],[11,7,3,23,19,15,13,22,18,17,21,10,14,5,9,6,16,12],[3,23,15,22,11,7,18,19,14,17,13,10,21,5,9,6,12,16],[23,7,11,2,3,15,14,17,21,13,9,19,6,22,10,18,5,16,12],[23,11,15,13,19,7,3,21,14,18,22,10,17,5,9,6],[7,23,15,22,11,19,3,13,18,14,17,10,9,21,6,12,16,5],[15,19,7,23,21,11,3,14,13,18,17,9,5,22,10,6,12,16],[3,19,11,23,15,14,7,22,18,13,21,9,5,17,10,6,16,12],[19,15,3,7,23,21,11,14,22,17,10,13,5,9,18,6,12,16],[7,23,19,15,14,11,3,21,22,17,10,9,13,6,18,16,12,5],[23,19,7,11,3,15,13,21,14,17,9,5,22,10,18,6,12,16],[15,3,11,7,19,23,13,21,22,18,17,9,5,14,10,6,12,16],[7,19,11,23,3,15,21,14,22,17,10,9,13,6,18,12,16,5],[15,19,23,21,11,7,3,14,22,18,17,9,5,13,10,6],[7,23,3,15,22,19,11,14,17,21,10,9,13,6,18,5,16,12],[11,7,19,23,3,15,22,14,17,13,9,6,21,10,18,5],[7,3,23,11,15,14,19,22,17,21,10,13,6,9,18,5],[3,23,19,7,15,22,11,14,18,17,21,10,13,6,9,16,12,5],[15,7,19,23,13,2,3,22,11,17,21,9,5,14,10,18,6,12,16],[23,19,7,11,15,13,21,3,22,17,10,9,14,6,18,5,16,12],[23,11,15,14,3,19,7,22,18,13,17,10,9,21,6,5],[7,3,11,19,23,15,21,14,22,17,10,9,13,6,5,18],[15,23,22,7,11,19,3,14,18,17,13,10,21,5,12,9,16,6],[15,3,19,23,14,11,7,22,17,13,9,5,21,10,6,18],[3,19,7,15,23,21,11,14,13,17,10,9,22,6,18,5,12,16],[11,23,15,22,7,19,3,14,17,13,9,5,21,10,18,12,16,6],[15,3,23,13,7,11,22,19,17,21,10,14,5,9,18,6,16,12],[19,7,3,23,15,22,11,13,17,14,9,6,21,10,18,16,12,5],[23,19,11,7,15,21,3,14,13,17,9,5,22,10,18,6],[11,7,15,19,23,13,21,3,14,17,10,9,22,6,18,16,12,5],[3,23,19,7,15,22,11,14,17,21,9,6,10,13,18,12,16,5],[23,11,5,15,22,19,3,14,7,13,17,10,21,9,18,6,12,16],[7,23,3,19,15,21,11,13,22,18,17,10,9,14,6,5,12,16],[19,23,11,3,13,7,21,18,22,9,5,15,17,14,10,6],[15,3,19,23,21,7,11,13,22,18,17,10,9,14,6,8,5,12,16],[23,3,19,15,22,7,11,14,17,13,10,9,21,5,6,18],[19,3,15,11,23,21,7,14,13,18,22,9,6,17,10,5,16,12],[19,23,7,11,3,15,22,13,18,17,21,9,6,14,10,12,16,5],[15,7,3,11,23,13,19,22,18,17,14,9,5,21,10,6],[19,23,7,11,3,15,13,21,14,17,10,9,22,5,18,6,16,12],[11,15,23,13,7,3,17,22,14,9,19,6,21,10,16,12,18,5],[11,23,18,19,3,7,15,14,21,13,17,9,6,22,10,5],[3,15,7,11,23,14,19,21,13,18,17,10,9,22,8,6,5,12,16],[23,19,11,3,7,14,21,17,10,22,6,15,13,9,18,12,16,5],[11,19,23,3,15,21,7,14,22,18,13,10,9,17,6,16,12,5],[19,15,7,3,11,23,22,14,18,13,17,9,6,21,10,5],[15,11,7,23,22,3,19,14,17,13,10,9,21,5,6,18,12,16],[3,19,23,11,7,15,14,21,13,18,17,10,9,22,6,8,5,12,16],[11,15,7,3,19,23,13,22,17,14,9,5,21,10,18,6,12,16],[3,11,19,7,15,23,13,21,14,17,10,9,22,5,8,6,12,16],[11,3,23,15,21,7,19,13,22,18,14,10,17,6,9,16,12,5],[19,11,15,3,7,23,22,13,18,17,21,9,5,14,10,6,12,16],[19,7,15,11,23,13,22,3,17,21,10,14,6,9,18,5],[3,23,15,14,19,11,7,21,22,18,13,9,6,17,10,5,16,12],[19,23,7,3,15,22,11,14,18,17,21,10,13,6,9,16,12,5],[15,23,21,7,3,19,11,13,22,18,17,10,14,5,9,6],[23,19,7,15,21,3,11,14,22,18,17,10,9,13,6,5],[7,11,15,23,14,3,19,22,17,13,10,21,5,9,18,6],[15,3,11,19,7,23,14,21,22,18,13,10,17,6,12,9,16,5],[15,19,7,11,3,21,13,17,9,5,23,22,10,14,18,6],[7,3,15,11,19,23,22,14,17,13,9,6,21,10,18,5],[3,15,11,19,7,23,13,22,17,14,9,6,21,10,5,18],[23,15,13,19,5,3,11,22,7,17,21,9,14,10,6,18],[23,19,7,15,21,11,3,14,22,17,10,9,13,6,18,16,12,5],[3,23,11,15,22,19,7,13,18,17,21,10,14,5,9,6,12,16],[7,3,23,15,13,19,11,22,17,21,9,5,10,14,20,18,12,16],[3,19,11,7,15,23,14,22,18,17,13,9,6,21,10,5,16,12],[15,11,3,7,19,23,22,13,17,21,9,6,14,10,12,16,18,5],[7,11,23,3,15,21,19,13,22,18,17,9,6,14,10,5],[23,11,19,3,7,15,22,13,17,14,10,21,5,9,6,18,12,16],[23,7,19,15,21,3,11,13,14,18,17,10,9,22,6,5],[7,15,19,10,11,14,3,23,21,13,22,17,5,9,18,6],[11,15,3,7,23,13,19,21,14,18,22,10,17,8,6,9,5,12,16],[11,23,3,15,13,21,7,19,14,17,9,6,22,10,18,5],[11,7,3,15,23,22,19,14,18,13,21,9,6,17,10,5],[7,3,23,11,19,15,21,13,14,18,17,9,5,22,10,16,12,8,6],[19,15,23,22,3,7,11,13,18,14,21,9,6,17,10,5,16,12],[15,11,7,3,19,23,13,21,22,17,9,5,14,10,6,18],[15,7,11,23,21,19,3,14,22,17,9,6,13,10,18,16,12,5],[3,11,7,23,15,21,19,14,22,17,10,9,13,5,6,18],[3,11,15,19,23,14,7,22,18,17,13,9,6,21,10,12,16,5],[19,3,15,7,11,23,13,21,14,17,9,6,22,10,5,18],[11,7,3,15,23,13,19,21,22,17,9,5,10,14,18,6,12,16],[7,23,3,15,13,11,19,21,14,17,10,22,5,9,18,8,6,12,16],[19,7,23,3,11,15,22,13,17,14,9,5,21,10,18,6],[23,11,7,19,3,15,13,21,22,18,17,10,9,14,5,6,12,16],[11,15,19,23,21,7,3,14,22,18,17,10,9,13,5,8,6,12,16],[15,19,3,7,11,23,14,22,17,13,10,21,6,9,18,5],[11,7,15,23,14,19,3,21,13,18,17,9,6,22,10,5],[15,19,11,3,7,23,14,21,22,18,13,9,6,17,10,5,16,12],[23,19,15,21,11,3,7,14,13,18,22,9,5,17,10,8,6,12,16],[7,23,18,19,3,11,15,13,22,14,21,9,5,17,10,6,16,12],[23,2,3,15,14,5,11,19,22,7,17,21,10,13,9,18,6,16,12],[11,15,19,7,23,22,3,13,17,14,9,6,21,10,18,16,12,5],[15,11,3,7,19,23,22,14,18,13,17,9,5,21,10,6,12,16],[19,3,7,11,15,23,21,13,14,17,10,9,22,6,18,5],[11,23,3,15,22,19,7,14,17,13,9,5,21,10,18,6,16,12],[3,7,23,14,11,19,18,22,21,9,5,15,17,13,10,6,16,12],[23,3,7,19,11,15,21,14,13,17,10,9,22,6,18,5,16,12],[15,19,3,11,22,7,13,17,10,14,8,5,9,6,12,16,18,20],[7,3,15,23,13,19,22,11,18,14,21,10,9,17,5,6],[7,23,19,11,3,15,13,21,14,18,17,10,9,22,5,6],[11,15,19,23,14,3,7,22,18,17,21,9,6,13,10,16,12,5],[3,11,23,7,15,13,19,21,22,18,17,9,5,14,10,6,16,12],[23,19,15,22,3,7,11,13,17,14,10,9,21,6,20,18,12,16],[15,3,19,7,11,23,13,21,22,18,14,9,6,17,10,16,12,5],[7,3,11,23,19,15,14,21,22,17,9,6,13,10,18,5,12,16],[3,19,23,11,7,15,21,13,14,17,10,22,5,9,6,20,18,12,16],[3,11,7,15,19,23,14,22,17,21,10,13,5,9,18,6,16,12],[15,7,3,23,13,11,22,19,17,21,9,5,14,10,6,18],[15,19,11,23,13,7,21,3,22,18,14,9,6,17,10,5,12,16],[19,11,7,3,15,23,13,22,18,17,21,10,9,14,6,8,5,12,16],[3,15,23,21,7,11,19,13,22,18,17,9,6,14,10,16,12,5],[15,3,11,7,23,21,18,19,14,13,17,10,9,22,6,5],[3,23,15,21,7,19,11,14,22,18,13,10,17,6,9,16,12,5],[19,11,3,23,7,15,13,22,18,14,21,10,9,17,6,5,16,12],[19,23,11,7,15,22,3,14,17,13,10,21,6,9,20,18,12,16],[19,3,15,23,22,7,11,14,17,13,9,6,21,10,12,16,18,5],[19,15,11,3,7,23,14,22,18,17,21,10,9,13,6,5,12,16],[15,7,23,13,11,19,3,21,22,17,10,9,14,5,18,12,16,6],[3,11,19,7,15,23,13,22,17,14,10,9,21,5,18,6,16,12],[3,15,19,11,23,21,7,14,22,18,13,9,6,17,10,5],[23,11,19,15,13,7,21,3,22,18,17,9,6,14,10,5,16,12],[19,14,3,7,23,11,22,17,10,21,6,15,9,13,18,5,16,12],[11,23,15,13,3,19,21,7,14,17,9,5,22,10,6,20,18,12,16],[23,15,21,7,3,19,11,13,14,17,10,22,6,9,18,5,16,12],[19,15,3,11,23,14,7,22,17,13,10,9,21,5,18,6,16,12],[19,23,11,3,7,15,21,13,14,18,17,9,5,22,10,6,12,16],[11,23,19,15,22,1,3,7,14,17,21,10,9,13,6,12,16,18,5],[7,11,19,3,15,23,14,21,22,18,17,10,13,6,9,5,12,16],[23,19,15,13,22,11,7,3,18,14,17,9,5,21,10,6],[3,11,23,19,15,22,7,13,17,21,10,9,14,5,20,18,12,16],[15,11,23,13,19,3,6,21,22,17,7,9,10,14,18,5,12,16],[7,19,11,15,3,23,13,22,17,14,10,9,21,6,18,5,12,16],[23,15,14,7,19,3,11,22,17,21,9,6,10,13,18,5],[7,19,23,15,13,22,3,11,18,14,17,9,6,21,10,5,12,16],[7,19,11,3,15,23,14,21,13,18,17,10,9,22,5,6,16,12],[3,15,19,23,14,7,11,22,18,13,21,9,5,17,10,6],[15,19,23,13,3,11,7,22,18,14,17,10,9,21,6,5],[7,19,15,11,23,21,3,14,22,17,9,5,10,13,18,6],[7,15,3,19,11,23,21,13,14,18,22,9,5,17,10,6,12,16],[23,19,15,21,3,7,11,13,14,17,10,22,5,9,6,18,16,12],[7,3,15,19,11,23,13,21,22,18,14,9,6,17,10,5],[19,7,23,11,15,14,3,21,22,17,10,9,13,6,18,8,5,12,16],[11,15,23,21,3,19,7,14,22,18,13,9,6,17,10,12,16,5],[15,19,23,22,3,11,7,13,17,21,9,5,14,10,6,18,16,12],[23,19,7,9,3,15,21,14,13,17,11,6,22,10,18,5],[3,11,23,19,15,22,7,14,18,13,21,9,5,17,10,6],[15,11,23,14,3,19,7,21,22,17,9,6,10,13,18,5],[15,7,3,11,19,23,21,14,22,17,10,9,13,5,18,6,12,16],[23,15,14,7,19,3,9,21,13,18,22,11,6,17,10,5,16,12],[11,15,23,21,19,3,7,13,14,17,10,9,22,6,18,12,16,5],[23,3,10,11,22,19,15,14,7,9,13,17,21,5,18,16,12,6],[23,18,19,7,3,11,15,13,22,17,14,10,9,21,6,16,12,5],[3,23,15,22,19,10,11,14,7,13,17,21,5,9,6,18],[3,7,11,23,15,13,19,22,17,21,10,9,14,6,18,5,16,12],[11,19,23,7,3,15,22,13,17,14,10,21,6,9,18,8,5,12,16],[3,19,11,7,23,15,21,14,13,18,17,9,5,22,10,6],[7,15,11,3,19,23,13,21,22,18,14,9,5,17,10,6,16,12],[3,7,15,19,11,23,13,22,18,14,17,10,21,6,9,5],[23,3,11,7,15,14,19,21,22,18,17,9,6,13,10,16,12,5],[15,23,13,19,3,7,21,11,14,17,10,9,22,6,12,16,18,5],[19,15,11,3,7,23,14,21,13,18,17,9,5,22,10,8,6,12,16],[23,7,11,19,15,14,3,22,17,13,9,5,21,10,6,18,12,16],[7,19,11,23,3,15,14,22,17,13,10,21,6,9,18,16,12,5],[3,23,19,11,7,15,14,21,13,18,17,9,5,22,10,6,12,16],[3,23,15,21,11,7,19,14,13,17,9,5,22,10,18,6],[7,11,19,23,15,22,3,14,18,17,21,9,6,13,10,8,5,12,16],[11,15,19,23,21,3,7,14,13,18,22,9,6,17,10,5,12,16],[15,23,21,11,3,7,17,13,14,10,22,19,6,9,18,5,12,16],[19,23,11,3,7,15,21,14,13,17,10,9,22,5,6,18],[3,19,15,7,11,23,13,21,14,17,10,9,22,5,20,18,12,16],[19,15,23,21,11,3,7,14,22,17,10,13,5,9,18,6],[7,3,23,11,15,21,19,13,22,17,9,5,14,10,18,6],[23,3,19,15,13,11,21,7,14,17,9,5,22,10,6,18,16,12],[23,19,11,2,3,15,13,7,22,18,17,21,10,14,5,9,6,12,16],[23,11,19,15,13,22,3,7,18,17,14,10,21,6,9,5],[3,23,19,15,14,7,11,21,22,18,13,10,9,17,5,6],[11,3,15,7,23,14,19,21,22,18,13,9,5,17,10,6,12,16],[3,19,7,11,15,23,14,24,18,17,9,5,21,13,10,6],[11,23,7,14,19,3,22,18,17,9,6,15,21,13,10,5],[15,3,19,7,11,23,21,13,22,18,14,9,5,17,10,6],[15,3,7,11,23,13,19,21,14,18,22,10,17,6,9,16,12,5],[15,7,3,11,19,23,21,14,22,18,13,10,9,17,5,6],[3,15,23,14,11,19,5,22,7,17,13,10,9,21,6,18],[11,15,19,3,7,23,21,14,22,18,17,10,13,6,9,5],[15,7,3,23,21,11,19,14,22,18,13,10,9,17,5,6],[3,23,7,11,15,14,19,22,18,13,17,10,21,6,9,5],[7,3,19,15,11,23,13,22,17,14,9,5,21,10,18,6,12,16],[11,23,19,3,15,13,7,21,14,18,22,10,17,6,9,12,16,5],[23,3,15,13,19,22,7,11,17,21,10,14,8,6,9,5,12,16],[11,3,23,15,13,19,7,21,22,17,9,6,10,14,18,16,12,5],[23,19,7,3,11,15,13,22,18,17,21,10,9,14,5,6],[3,11,7,19,23,15,22,13,18,17,21,10,9,14,5,6],[15,11,3,19,23,13,7,21,14,18,17,10,22,6,9,5,16,12],[15,19,11,3,7,23,22,13,18,14,21,9,6,17,10,12,16,5],[23,15,13,19,11,7,3,21,14,18,17,10,9,22,5,6,12,16],[19,23,7,3,15,21,11,14,13,17,10,22,5,9,18,6,12,16],[19,15,23,21,3,7,11,14,13,18,22,9,6,17,10,16,12,5],[23,15,21,3,7,11,19,14,13,17,9,6,22,10,5,18,16,12],[7,23,15,13,11,3,21,19,14,17,10,9,22,5,20,18,12,16],[19,3,11,7,23,15,13,22,18,17,21,9,5,14,10,6,16,12],[23,15,21,11,3,7,19,14,13,17,9,6,22,10,18,5],[23,18,19,6,11,15,22,3,13,14,21,7,10,17,9,12,16,5],[19,11,7,3,15,23,14,21,22,18,17,9,5,13,10,6,12,16],[7,11,19,15,22,3,17,14,9,5,13,10,18,8,6,12,16,20],[15,3,11,7,19,23,14,22,18,17,21,9,6,13,10,12,16,5],[23,11,7,19,15,14,3,22,17,21,10,9,13,6,18,16,12,5],[23,19,11,3,15,22,7,14,17,21,9,6,10,13,18,12,16,5],[19,3,15,7,23,21,11,13,22,18,14,10,17,6,9,12,16,5],[7,19,23,11,15,21,3,14,22,17,10,13,5,9,18,6],[7,19,3,11,15,23,14,22,18,13,17,9,6,21,10,5],[3,19,11,15,23,21,7,14,13,18,17,9,6,22,10,5],[7,23,14,3,11,19,18,21,17,10,22,8,6,9,5,15,13,12,16],[23,7,11,3,15,21,19,13,22,17,9,5,14,10,18,6],[7,19,1,11,23,3,13,22,17,10,21,15,14,5,9,6,18,12,16],[7,19,15,11,23,22,3,13,18,17,21,9,5,14,10,6,12,16],[19,15,3,23,22,7,11,14,17,21,10,9,13,6,18,16,12,5],[19,23,15,21,11,7,3,13,14,17,10,22,6,9,18,8,5,12,16],[23,3,15,13,21,7,11,19,22,17,10,9,14,5,18,6,12,16],[15,7,11,19,3,23,13,21,22,17,10,14,6,9,18,16,12,5],[19,3,7,15,23,13,22,11,17,14,10,9,21,6,18,5],[15,23,13,11,3,19,21,7,22,17,10,14,5,9,18,6],[3,11,15,23,14,7,19,22,18,13,21,10,9,17,5,16,12,6],[11,7,3,19,23,15,14,21,22,17,9,5,13,10,18,6,12,16],[11,7,23,15,13,3,19,22,17,21,10,9,14,5,6,18,12,16],[23,11,15,22,7,19,3,14,18,13,17,9,5,21,10,6],[19,15,3,11,7,23,13,22,17,21,9,6,10,14,18,5],[15,23,21,11,7,19,3,13,22,18,17,9,6,14,10,16,12,5],[7,11,23,3,15,13,17,22,14,9,19,5,21,10,6,18],[19,3,23,15,21,7,11,13,14,18,22,10,9,17,5,6],[19,3,15,11,23,21,7,14,13,17,10,9,22,6,18,12,16,5],[23,7,11,15,14,19,3,21,13,18,22,10,17,6,9,5,16,12],[3,11,7,19,23,15,14,21,22,17,10,9,13,5,6,18,16,12],[19,3,11,15,7,23,13,21,22,17,10,9,14,5,18,6],[7,23,11,19,15,13,3,22,17,21,10,14,5,9,6,18],[23,5,15,14,11,3,19,22,7,17,13,9,21,10,18,6],[21,3,15,11,19,7,14,17,10,9,13,5,23,22,20,18,12,16],[7,23,3,15,21,11,19,13,14,17,9,6,22,10,5,18,16,12],[15,11,7,3,19,23,14,21,22,18,13,10,17,6,9,5,12,16],[11,23,3,19,7,15,24,18,14,13,10,9,17,5,22,6],[19,11,7,23,15,13,21,3,14,17,10,22,5,9,18,6,12,16],[3,11,7,15,23,21,19,14,22,18,13,10,9,17,6,5,12,16],[15,23,22,3,11,19,7,13,18,17,14,10,9,21,5,8,6,12,16],[15,11,7,23,22,3,19,14,18,17,13,10,21,5,9,6,12,16],[19,3,15,7,23,14,11,22,18,13,21,9,6,17,10,16,12,5],[7,11,19,23,3,15,21,13,14,17,9,5,22,10,6,18,12,16],[7,11,23,18,19,3,15,14,22,13,17,10,21,6,12,9,16,5],[19,7,15,23,14,11,3,22,18,17,21,10,13,5,9,6],[23,3,19,11,7,15,14,21,22,17,10,13,6,9,18,5],[19,3,23,7,15,22,11,13,18,17,14,10,24,5,9,6],[7,3,15,19,23,13,11,22,18,14,17,9,6,21,10,5,12,16],[15,23,22,3,11,19,7,14,17,13,10,9,21,6,18,8,5,12,16],[23,3,11,15,13,19,7,21,22,17,9,5,14,10,20,18,12,16],[23,7,15,21,19,11,3,13,14,18,22,9,6,17,10,5],[3,15,23,21,7,11,19,13,14,18,17,9,6,22,10,12,16,5],[3,7,19,11,15,23,13,22,17,21,9,5,14,10,6,18,12,16],[15,19,3,7,11,23,14,22,18,13,17,9,6,21,10,5],[11,23,19,15,22,7,3,14,18,13,17,10,21,5,12,9,16,6],[3,23,11,7,19,15,14,22,18,17,13,9,6,21,10,5],[3,23,11,15,13,19,21,7,14,17,10,9,22,5,6,18,12,16],[7,23,3,15,21,11,19,14,13,18,17,9,6,22,10,5],[23,19,3,7,15,22,11,14,17,21,10,9,13,6,18,12,16,5],[11,19,15,7,23,13,3,21,14,18,22,9,5,17,10,6,12,16],[23,19,11,7,3,15,21,14,22,17,9,5,10,13,6,18],[19,3,23,11,7,15,13,21,14,17,9,5,22,10,6,18],[3,23,7,11,15,13,19,22,17,21,9,5,14,10,18,6,16,12],[15,11,7,19,23,21,3,13,14,18,17,10,22,6,9,16,12,5],[3,11,19,15,7,23,14,21,22,17,9,5,13,10,6,18],[19,3,15,7,23,22,11,13,18,14,21,10,9,17,6,16,12,5],[19,11,23,7,15,14,3,22,17,13,9,6,21,10,18,5,16,12],[7,19,11,15,3,23,22,13,17,14,10,21,6,9,18,5,16,12],[3,11,7,15,19,23,14,22,17,13,9,6,21,10,18,16,12,5],[3,7,15,23,13,19,11,21,22,17,9,6,14,10,18,5],[3,7,23,11,15,13,21,19,22,18,14,10,17,5,9,8,6,12,16],[15,3,23,14,19,11,7,22,17,13,10,9,21,6,18,5,12,16],[11,23,3,15,13,22,19,7,17,21,10,9,14,6,5,18,16,12],[15,11,3,23,13,7,17,21,14,9,19,6,22,10,18,16,12,5],[19,15,11,23,22,3,7,16,17,12,14,21,6,18,9],[11,7,15,23,14,19,2,3,22,18,13,17,10,21,6,9,5],[7,11,15,23,22,3,19,13,17,14,10,9,21,5,6,16,12],[7,15,19,23,13,11,22,3,18,17,14,9,5,21,10,6],[15,23,14,3,11,19,7,21,22,20,18,13,10,9,17,5,12,16],[7,3,15,11,19,23,13,22,18,14,21,10,9,17,6,5,16,12],[3,19,23,7,15,14,11,21,13,17,10,9,22,6,18,5,16,12],[3,19,23,7,15,21,11,13,22,17,9,5,14,10,18,6,12,16],[23,15,21,19,3,11,7,14,13,18,22,9,5,17,10,6,16,12],[3,23,11,15,22,19,7,13,18,17,14,9,6,21,10,16,12,5],[7,11,3,15,19,23,22,14,17,21,10,9,13,5,18,6],[23,15,13,3,7,22,19,11,18,17,14,10,9,21,5,6],[11,3,7,15,19,23,13,21,14,17,9,6,22,10,20,18,12,16],[19,15,7,3,23,22,11,14,18,13,21,10,17,6,9,12,16,5],[3,11,23,7,19,15,14,22,17,13,10,9,21,5,18,6],[3,23,15,21,7,11,19,14,13,17,9,5,22,10,18,6],[3,19,15,23,13,7,11,22,17,14,9,6,21,10,5,18,16,12],[15,11,3,7,19,23,21,13,22,17,10,9,14,6,18,8,5,12,16],[19,7,11,15,3,23,22,14,18,17,13,9,6,21,10,12,16,5],[11,19,7,3,23,15,13,21,14,17,9,6,22,10,18,5],[15,7,3,11,23,21,19,13,14,18,17,10,22,6,9,5,12,16],[23,11,3,15,21,7,19,13,14,18,17,9,5,22,10,6],[23,19,11,14,3,7,21,17,10,9,22,8,6,5,15,13,12,16],[19,15,23,22,3,7,11,14,17,21,9,5,13,10,6,18],[15,19,11,3,7,23,14,22,17,13,9,5,21,10,18,6,16,12],[19,7,15,11,3,23,22,14,17,13,10,9,21,6,18,5],[23,19,15,13,5,21,3,11,14,7,18,17,9,22,10,6],[11,3,7,15,23,13,21,19,22,17,10,14,6,9,18,5],[19,11,23,7,1,3,15,22,14,18,13,21,9,6,17,10,8,5,12,16],[11,7,19,3,15,23,22,13,17,21,9,6,14,10,18,8,5,12,16],[19,7,23,11,15,13,3,22,18,17,14,10,21,5,9,6,16,12],[11,7,15,3,23,13,19,22,17,21,9,5,10,14,18,6],[23,19,15,21,7,3,11,14,13,18,17,10,9,22,5,6,16,12],[19,11,23,3,5,15,22,13,7,18,14,21,9,17,10,6,12,16],[23,15,22,3,7,11,19,13,17,21,9,5,10,14,6,18],[19,7,23,11,15,14,3,22,17,21,9,6,10,13,18,5,12,16],[11,19,3,7,23,15,13,21,22,18,17,10,14,5,9,6,16,12],[23,19,3,15,21,11,7,14,13,18,17,10,22,5,9,6,12,16],[3,7,15,11,19,23,22,13,18,14,17,9,5,21,10,6,16,12],[19,3,23,15,13,7,22,11,18,17,21,10,14,5,9,6],[11,23,19,15,22,7,3,14,18,17,13,9,6,21,10,16,12,5],[3,23,19,7,11,15,22,14,18,17,21,9,5,13,10,6,12,16],[11,19,3,23,7,15,22,14,18,17,13,10,9,21,5,6],[3,7,19,15,11,23,13,21,22,17,10,14,6,12,9,16,18,5],[11,23,15,21,7,3,19,14,22,18,13,9,6,17,10,16,12,5],[3,19,7,11,23,15,21,13,22,18,17,10,14,5,9,6,16,12],[23,7,3,15,22,19,11,14,18,17,21,9,6,13,10,12,16,5],[7,3,11,19,15,23,14,22,17,21,10,9,13,6,18,5],[7,3,15,19,23,14,11,22,18,17,13,10,21,6,9,12,16,5],[23,7,15,14,3,11,19,22,18,13,17,10,21,6,9,5],[7,19,15,3,11,23,22,14,18,17,13,9,6,21,10,16,12,5],[3,7,23,15,13,22,11,19,18,17,21,10,9,14,6,5],[19,11,15,3,7,23,22,14,18,17,13,10,9,21,6,5],[11,23,19,7,15,21,3,14,13,18,17,10,22,5,9,6],[23,11,7,3,15,13,22,19,17,14,9,6,21,10,18,5,16,12],[3,7,19,11,23,15,14,22,18,13,21,9,5,17,10,6,16,12],[19,7,15,11,3,23,14,22,17,13,10,9,21,6,18,16,12,5],[7,15,23,13,3,11,21,19,22,18,17,9,6,14,10,5],[11,23,7,2,3,15,21,19,13,14,18,22,9,6,17,10,8,5,12,16],[3,19,15,7,11,23,13,21,14,17,9,6,22,10,18,5,12,16],[3,23,19,15,13,11,7,22,17,14,9,5,21,10,18,6,12,16],[3,7,11,23,19,15,13,22,17,14,9,5,21,10,18,8,6,12,16],[11,23,3,13,7,19,21,18,22,10,9,17,6,15,14,5],[3,15,23,13,19,22,11,7,18,14,17,10,9,21,5,6,16,12],[3,15,7,23,22,11,19,13,18,17,21,9,8,5,14,6,16,10,12],[15,11,7,3,23,21,19,13,14,17,10,9,22,6,18,5,16,12],[19,3,7,23,15,13,22,11,18,17,21,10,14,6,9,5],[15,11,19,23,21,3,7,14,13,18,17,10,22,5,9,6],[11,19,23,15,22,3,7,13,18,17,14,10,9,21,6,5],[23,15,13,21,19,3,11,7,14,18,22,10,17,6,9,5,16,12],[19,11,23,15,14,7,3,22,17,13,9,6,21,10,18,5,16,12],[23,11,3,19,7,15,21,14,22,18,13,10,17,6,9,16,12,5],[3,7,19,11,23,15,22,13,18,17,21,9,6,14,10,12,16,5],[15,7,11,3,23,14,19,22,17,13,9,5,21,10,18,6],[23,19,7,11,3,15,13,21,22,17,10,9,14,5,18,6,12,16],[15,7,3,23,14,19,11,21,13,17,10,22,6,9,18,16,12,5],[15,7,19,3,23,21,11,14,22,18,13,10,9,17,5,6,16,12],[7,3,19,15,23,13,11,22,18,17,14,10,9,21,6,12,16,5],[3,15,23,13,19,22,11,7,17,14,10,9,21,6,18,12,16,5],[11,23,15,13,22,19,3,7,17,14,9,5,21,10,18,16,12,6],[11,23,19,15,14,3,7,21,22,17,9,5,10,13,6,18,12,16],[15,23,21,10,11,13,19,7,3,9,14,22,17,5,6,18],[23,3,15,13,19,11,7,21,22,18,14,10,9,17,5,6,12,16],[15,23,22,3,19,7,11,13,17,21,10,14,5,9,6,18],[7,11,23,15,22,3,19,14,18,17,13,9,6,21,10,5],[23,11,19,7,3,15,14,22,18,13,21,10,17,5,9,8,6,12,16],[23,15,14,11,3,19,7,22,18,17,21,9,5,13,10,6],[3,19,11,7,15,23,14,21,22,18,17,10,13,6,9,16,12,5],[19,11,15,3,7,23,14,22,18,13,21,9,6,17,10,5,16,12],[23,15,22,11,3,7,19,13,18,14,17,9,6,21,10,16,12,5],[15,3,23,14,7,11,19,22,18,17,13,10,21,5,9,6,12,16],[11,3,15,23,13,19,7,21,22,18,17,10,9,14,5,6,16,12],[15,7,23,22,19,11,3,14,17,21,9,6,10,13,18,5,12,16],[19,7,3,15,11,23,21,13,22,17,9,6,14,10,18,5,16,12],[11,15,19,7,3,23,14,21,13,18,17,9,5,22,10,6,12,16],[7,23,3,14,19,11,17,22,9,6,15,21,13,10,18,16,12,5],[15,11,23,22,7,3,19,14,17,13,10,9,21,5,6,18,12,16],[19,3,23,7,11,15,14,21,13,18,22,10,17,5,9,6],[15,23,13,7,3,11,21,19,14,18,17,9,5,22,10,6,16,12],[3,19,15,7,23,13,22,11,18,14,17,9,6,21,10,5,12,16],[11,23,3,15,14,5,19,22,7,17,21,9,10,13,6,18,16,12],[19,7,15,11,3,23,13,21,14,18,17,10,9,22,5,6],[3,23,7,19,14,11,17,21,10,9,22,6,15,13,18,16,12,5],[23,7,3,11,19,15,13,22,18,14,21,10,17,5,9,6],[3,19,15,23,14,7,11,22,18,17,21,10,9,13,5,6],[7,19,11,15,23,21,3,13,14,18,17,9,6,22,10,5,12,16],[15,11,23,13,17,3,21,7,14,9,19,6,22,10,18,12,16,5],[11,3,15,7,19,23,21,13,14,18,22,9,5,17,10,6],[3,19,15,11,23,14,7,22,17,13,10,21,6,9,18,12,16,5],[3,11,23,19,7,15,21,14,13,17,9,5,22,10,18,6,12,16],[3,19,11,7,15,23,13,21,22,18,14,9,6,17,10,5],[3,19,7,15,11,23,22,14,18,13,21,10,9,17,6,12,16,5],[19,15,23,13,7,11,22,3,17,14,10,9,21,5,6,18],[19,23,15,22,7,11,3,14,18,13,17,10,9,21,5,6,12,16],[23,19,3,15,13,7,11,22,18,14,21,9,6,17,10,12,16,5],[19,23,15,14,7,1,3,11,22,17,21,10,9,13,6,5,18,16,12],[7,15,11,23,14,3,19,22,17,21,9,5,10,13,18,6],[3,23,11,19,7,15,13,22,18,14,17,9,5,21,10,6],[23,19,15,22,11,3,7,13,18,14,17,10,9,21,5,6],[3,15,19,23,22,11,7,13,18,17,21,10,9,14,5,6],[3,11,19,7,15,23,21,13,22,17,10,9,14,6,18,5],[23,3,19,15,13,10,11,22,5,9,14,7,18,17,21,6],[3,23,19,7,15,21,11,14,13,18,22,9,6,17,10,12,16,8,5],[23,15,14,3,7,11,19,21,22,17,9,5,13,10,16,12,6],[3,15,7,11,19,23,14,21,13,18,22,9,5,17,10,6,12,16],[23,15,14,3,11,7,19,21,13,17,9,6,22,10,18,12,16,5],[23,3,19,7,11,15,14,21,13,18,17,9,6,22,10,5],[19,15,23,14,11,7,3,22,17,13,10,9,21,6,18,5],[23,7,3,19,11,15,22,14,17,21,9,5,13,10,18,12,16,6],[15,19,23,21,7,11,3,13,22,18,17,10,9,14,5,6,12,16],[7,23,15,13,21,19,11,3,22,18,14,9,5,17,10,6,12,16],[3,7,15,19,23,21,11,14,13,18,22,9,5,17,10,6,16,12],[3,23,11,19,7,15,14,22,17,21,10,9,13,5,18,6],[15,3,23,22,11,7,19,14,17,21,9,5,13,10,6,20,18,12,16],[11,23,15,13,19,3,7,22,18,17,14,10,9,21,5,6,16,12],[11,19,23,3,7,15,22,14,18,13,17,9,6,21,10,12,16,5],[7,11,23,15,21,19,3,13,14,18,17,10,9,22,6,5],[11,15,7,3,19,23,14,22,18,17,21,10,13,5,9,6,16,12],[19,7,11,3,15,23,14,21,13,17,9,5,22,10,8,6,12,16],[19,3,11,7,23,13,17,10,21,22,6,15,14,9,20,18,12,16],[7,23,11,19,15,13,3,21,14,18,17,9,5,22,10,6,12,16],[23,15,14,19,3,11,7,22,18,13,21,10,17,6,9,16,12,5],[15,23,22,19,3,7,9,13,17,14,11,5,21,10,18,6,16,12],[11,3,15,23,21,19,7,13,22,17,9,6,10,14,16,12,18,5],[19,3,23,7,11,15,14,22,17,21,10,9,13,6,18,12,16,5],[15,11,19,7,22,3,17,9,5,14,13,10,23,21,6,16,12],[23,19,3,10,11,22,7,15,14,9,13,18,17,21,5,6,12,16],[23,3,11,15,14,19,7,21,22,17,10,9,13,6,18,12,16,5],[7,23,19,11,3,15,13,21,14,17,10,9,22,6,18,16,12,5],[15,19,7,23,21,3,11,13,22,18,14,9,6,17,10,16,12,5],[23,7,3,19,15,22,11,13,18,17,21,9,6,14,10,5,12,16],[7,23,3,11,19,15,21,13,14,17,10,22,6,9,18,5],[11,23,3,19,7,15,13,21,14,18,17,9,5,22,10,6,12,16],[3,7,19,11,15,23,13,22,18,17,14,10,9,24,5,6],[3,23,11,19,7,15,22,13,17,14,10,21,6,9,18,5],[23,19,15,14,3,11,7,22,18,17,13,10,21,5,9,6],[11,3,23,7,15,21,19,13,14,17,10,22,5,9,18,6,16,12],[7,11,19,15,3,23,21,13,14,18,22,9,5,17,10,6],[3,7,11,15,23,14,19,22,18,17,13,9,5,21,10,6,16,12],[3,19,15,11,7,23,13,22,18,17,14,10,21,5,9,6,12,16],[3,7,23,15,14,11,19,21,13,17,10,9,22,5,20,18,12,16],[23,3,15,14,19,11,7,22,17,21,10,13,6,9,18,12,16,5],[15,19,7,3,23,21,11,13,22,17,9,5,10,14,6,20,18,12,16],[15,19,7,3,11,23,22,14,18,17,21,10,13,5,9,6,16,12],[7,3,15,19,23,14,11,21,13,17,9,6,22,10,18,5],[19,11,23,7,3,15,21,13,14,17,9,5,22,10,6,18],[11,7,15,19,23,22,3,13,17,21,9,5,14,10,18,6,16,12],[7,15,11,23,22,3,19,14,17,21,9,5,10,13,6,18],[3,23,11,7,19,15,22,13,18,17,21,10,14,5,9,6,16,12],[3,19,15,11,23,14,7,21,22,18,17,9,5,13,10,6],[7,11,15,3,19,23,14,22,17,13,9,5,21,10,16,12,18,6],[15,11,3,19,23,21,7,13,22,18,17,10,14,5,9,6,16,12],[23,3,15,13,7,19,21,11,14,17,9,6,22,10,18,16,12,5],[15,23,21,7,19,3,11,14,22,18,17,9,5,13,10,6],[7,23,19,15,21,11,3,13,14,18,22,10,9,17,6,5,16,12],[23,19,3,7,14,11,17,21,9,5,15,22,13,10,6,18,16,12],[23,15,13,3,7,19,11,22,17,21,10,9,14,6,18,5,16,12],[23,7,11,3,15,13,22,19,18,14,21,10,9,17,5,6,16,12],[3,15,7,23,13,19,11,21,22,18,14,10,9,17,6,5,12,16],[7,3,19,11,15,23,14,22,17,13,10,21,5,9,18,12,16,6],[3,6,11,19,23,15,21,13,14,18,22,7,9,17,10,5,16,12],[19,3,11,15,23,14,7,22,18,13,21,10,17,5,9,6,16,12],[3,7,15,11,19,23,22,13,18,17,21,9,5,14,10,6],[3,7,15,19,23,22,11,14,18,17,21,9,5,13,10,6,12,16],[7,3,11,23,19,15,21,13,22,17,10,14,6,9,18,5,12,16],[3,15,19,23,14,7,11,22,17,13,10,9,21,5,18,6,12,16],[15,23,22,11,19,3,7,14,17,21,10,9,13,6,20,18,12,16],[23,19,15,22,11,3,7,13,18,17,14,9,6,21,10,5,12,16],[11,15,23,21,7,19,3,13,22,17,9,5,14,10,18,6,16,12],[11,19,23,15,14,3,7,22,17,21,9,6,13,10,18,12,16,5],[15,3,19,23,21,7,11,14,22,18,13,10,9,17,5,8,6,12,16],[23,15,22,19,7,11,3,14,17,21,9,6,10,13,20,18,12,16],[19,7,11,15,3,23,22,13,18,17,14,10,21,5,9,8,6,12,16],[7,3,15,11,23,14,19,22,17,13,9,6,21,10,18,12,16,5],[7,11,19,3,15,23,21,13,14,18,17,10,22,6,9,16,12,5],[15,11,23,13,3,7,22,19,17,14,9,6,21,10,16,12,18,5],[3,11,23,19,14,7,18,21,17,9,6,15,13,22,10,16,12,5],[23,3,15,22,19,7,11,13,18,14,21,9,6,17,10,5],[15,19,11,23,14,5,3,21,22,7,18,13,9,17,10,6,12,16],[15,7,23,22,19,11,3,13,18,17,21,10,14,5,9,6,16,12],[7,11,3,15,19,23,22,14,17,13,9,5,21,10,18,6,16,12],[11,3,19,23,15,13,7,21,22,18,17,9,6,14,10,16,12,5],[3,7,15,23,22,19,11,13,17,21,9,5,14,10,6,18],[19,7,3,15,23,13,11,21,22,17,9,5,14,10,6,18,16,12],[19,7,11,15,23,14,3,21,22,17,9,5,10,13,6,18],[3,23,7,15,14,11,19,21,22,17,9,6,13,10,18,5,12,16],[23,7,11,15,13,19,22,3,17,21,9,6,14,10,18,16,12,5],[3,11,23,15,22,7,19,13,18,17,14,9,5,21,10,6,16,12],[11,23,7,15,21,3,19,13,14,18,22,10,9,17,5,6],[7,19,23,3,11,15,21,13,22,17,10,14,6,9,18,12,16,5],[3,23,7,15,13,11,19,21,14,17,10,22,8,5,9,6,12,16],[7,3,19,11,23,13,18,22,21,9,5,15,14,17,10,6],[7,23,11,3,19,15,21,13,14,18,17,9,6,22,10,5,16,12],[23,15,21,19,11,7,3,14,22,18,13,10,9,17,5,6,16,12],[15,11,19,7,3,23,13,21,14,18,22,10,9,17,6,5,16,12],[15,23,22,11,3,19,7,14,18,17,21,9,5,13,10,6,12,16],[7,15,19,11,3,23,14,21,22,18,13,9,6,17,10,5],[3,19,23,7,10,11,22,15,13,9,14,18,17,21,6,5,16,12],[7,23,11,15,22,3,19,13,17,21,10,9,14,6,18,16,12,5],[15,11,23,14,3,7,19,22,17,21,9,5,10,13,6,18],[15,19,23,21,7,11,3,14,22,18,13,9,6,17,10,12,16,5],[7,11,23,3,19,15,21,13,14,18,17,9,5,22,10,6,16,12],[3,15,19,23,22,7,11,14,17,13,9,5,21,10,18,6],[3,23,15,14,6,19,11,21,22,7,18,13,10,9,17,5,16,12],[3,7,15,11,19,23,14,22,17,21,10,13,5,9,18,8,6,12,16],[11,15,7,23,14,19,3,22,17,13,10,9,21,5,18,6,16,12],[3,7,15,23,14,19,11,21,13,17,10,22,6,9,18,5],[7,23,3,11,19,15,22,13,18,14,21,10,17,6,9,5],[15,19,11,3,7,23,14,21,13,18,17,10,9,22,5,6],[3,15,23,22,11,19,7,13,18,14,21,9,6,17,10,5,12,16],[19,3,15,7,23,21,11,13,14,18,22,9,5,17,10,6,16,12],[3,19,15,11,7,23,13,22,17,21,10,14,6,9,18,5],[7,19,11,23,15,22,3,14,17,13,10,24,6,9,5,18],[7,23,3,15,14,19,11,21,22,17,9,5,13,10,6,18],[19,15,3,23,13,11,7,22,18,17,21,9,5,14,10,12,16,6],[19,11,23,7,15,21,3,14,22,18,13,10,17,5,9,6,16,12],[11,15,3,19,7,23,21,13,22,18,17,9,5,14,10,6,12,16],[15,3,23,14,11,19,7,21,22,18,17,9,6,13,10,5],[15,11,3,23,14,19,7,21,13,18,17,9,5,22,10,6,16,12],[11,19,3,7,23,15,21,14,22,18,13,10,17,5,9,12,16,6],[19,15,3,23,14,11,7,22,18,17,13,9,5,21,10,6,16,12],[11,3,23,19,7,15,14,21,13,18,17,10,9,22,5,6,12,16],[3,11,7,19,15,23,14,21,22,18,13,9,5,17,10,6],[7,3,15,11,21,19,13,17,9,5,23,14,22,10,6,18,16,12],[23,15,13,22,19,3,11,7,18,14,17,10,9,21,6,5,16,12],[15,19,23,13,3,11,22,7,17,21,9,6,14,10,18,5],[7,15,11,23,22,19,3,13,17,21,10,14,6,9,18,16,12,5],[3,19,23,7,11,15,13,21,14,17,10,9,22,5,18,6,12,16],[7,11,3,23,19,15,13,21,22,17,9,6,10,14,18,16,12,5],[19,11,15,7,23,22,3,13,17,21,10,14,5,9,18,12,16,6],[23,3,7,19,11,15,21,14,22,18,13,10,9,17,5,6,16,12],[19,3,7,23,11,15,21,14,13,18,22,10,17,5,9,6,12,16],[7,19,23,3,11,15,13,21,14,18,17,10,9,22,5,6],[3,23,7,19,15,13,11,21,22,17,9,5,14,10,18,6],[19,15,7,3,11,23,21,13,14,17,9,5,22,10,6,18,16,12],[3,19,15,7,11,23,14,21,13,18,22,9,5,17,10,6],[7,23,19,3,9,15,22,14,18,13,17,11,5,21,10,6],[11,15,23,22,7,3,19,13,18,17,21,9,5,14,10,6,12,16],[3,11,7,15,19,23,21,14,22,18,13,10,9,17,5,8,6,12,16],[19,23,11,3,7,15,21,14,13,17,9,6,22,10,18,5],[19,7,11,3,15,23,22,13,17,14,10,9,21,6,18,12,16,5],[15,23,22,19,11,3,7,13,18,17,14,10,21,6,9,5],[23,11,7,3,18,19,15,21,13,14,22,9,6,17,10,5,12,16],[15,7,23,14,19,3,11,21,22,17,9,6,10,13,18,5,12,16],[3,23,7,11,19,15,22,13,17,14,10,9,21,5,6,18],[3,23,15,13,17,11,21,7,22,10,14,19,5,9,6,18,12,16],[15,3,7,11,23,22,19,14,17,13,10,9,21,6,18,16,12,5],[23,3,15,21,19,7,11,14,13,18,17,9,6,22,10,5,12,16],[11,3,19,23,7,15,22,13,18,14,21,9,5,17,10,6],[11,7,19,23,15,21,3,13,14,17,10,9,22,6,18,8,5,12,16],[15,7,11,23,13,19,3,21,14,17,9,5,22,10,18,6,16,12],[15,23,21,19,11,7,3,13,22,17,9,5,10,14,18,6],[11,7,23,19,15,22,3,14,18,17,13,10,21,6,9,5,16,12],[15,3,23,13,11,21,19,7,22,17,9,6,12,14,18,20,16],[19,3,23,15,21,11,7,14,13,18,17,9,6,22,10,5],[11,7,19,23,14,3,22,17,9,5,15,13,21,10,6,18,16,12],[19,15,7,3,23,14,11,22,17,21,10,13,6,9,18,5],[23,3,15,13,7,19,21,11,14,18,17,10,9,22,5,6,12,16],[11,19,15,7,3,23,21,13,14,18,17,9,6,22,10,5,12,16],[19,7,11,15,3,23,22,14,17,21,9,6,10,13,18,5,12,16],[7,3,11,23,15,22,19,13,17,21,9,5,10,14,6,18],[3,23,7,19,11,15,14,22,18,17,13,9,5,21,10,6],[11,7,3,23,14,19,17,22,9,5,15,21,10,13,6,18],[3,7,23,15,22,11,19,14,17,21,9,6,13,10,18,5,16,12],[15,11,3,23,22,19,7,13,17,21,9,5,14,10,6,18],[11,19,15,3,23,14,6,21,13,7,18,22,9,17,10,16,12,5],[3,23,15,21,19,7,11,14,22,17,9,6,13,10,18,5],[23,11,7,1,3,15,13,19,22,18,14,21,10,20,9,17,6,12,16],[15,3,19,11,23,21,7,14,13,18,22,9,5,17,10,16,12,6],[19,23,15,21,11,3,7,14,22,17,10,13,5,9,18,16,12,6],[23,7,11,19,3,15,21,14,22,17,10,13,5,9,6,20,18,12,16],[11,3,23,15,14,19,7,21,22,17,10,13,5,9,6,18,16,12],[19,15,7,11,23,14,3,22,17,21,10,9,13,5,6,18,12,16],[11,15,3,23,14,17,7,22,21,9,19,6,10,13,18,12,16,5],[7,15,23,14,11,19,3,21,13,17,10,22,5,9,6,18,12,16],[3,19,11,23,15,21,7,14,13,18,22,9,6,17,10,5],[19,3,23,7,11,15,22,13,18,17,14,10,9,21,5,6],[19,23,2,3,10,11,22,7,15,13,14,17,9,21,5,6,18,16,12],[19,11,3,15,7,23,22,13,17,14,9,5,21,10,6,18,16,12],[7,23,15,22,3,19,11,14,17,21,10,9,13,6,18,12,16,5],[19,11,15,7,3,23,22,13,18,14,21,10,9,17,6,5],[3,23,19,15,22,7,11,14,17,21,9,5,13,10,16,12,6],[11,15,23,22,19,3,7,14,17,21,9,6,13,10,18,12,16,5],[3,11,7,23,13,19,21,18,22,9,5,15,17,14,10,6],[11,7,15,19,3,23,14,22,18,13,21,10,9,17,5,6],[3,11,15,23,14,7,19,22,17,13,10,9,21,5,6,18],[19,11,3,15,7,23,22,13,17,14,9,6,21,10,18,5],[3,15,11,23,13,19,7,22,17,21,9,6,14,10,18,16,12,5],[15,19,3,7,11,23,21,14,13,17,9,6,22,10,18,5],[7,3,23,19,15,14,11,22,17,13,9,6,21,10,18,5],[19,7,23,3,11,15,14,21,13,18,22,9,6,17,10,12,16,5],[3,11,19,23,7,15,22,13,18,14,21,10,17,5,9,6],[7,3,19,11,23,13,22,18,17,9,5,15,21,14,10,8,6,12,16],[19,7,11,3,15,23,22,13,17,21,10,9,14,5,6,18,12,16],[7,3,23,19,11,15,13,21,14,17,9,6,22,10,18,5,12,16],[23,3,15,22,7,19,11,13,18,14,21,9,6,17,10,5],[19,7,11,23,3,15,21,13,22,17,10,9,14,5,20,18,12,16],[11,15,19,7,3,23,22,13,18,14,21,10,17,5,9,6],[7,23,15,13,19,11,3,21,14,17,10,22,5,9,18,8,6,12,16],[3,15,7,19,11,23,21,14,22,18,13,10,17,5,9,16,12,6],[15,19,11,7,23,14,3,21,22,18,17,9,6,13,10,5,12,16],[15,7,11,3,19,23,22,14,18,13,21,10,17,5,9,8,6,12,16],[15,23,14,11,3,18,19,7,22,13,21,10,17,6,9,8,5,12,16],[19,3,11,23,7,15,21,14,22,18,17,9,5,13,10,6,16,12],[19,3,7,15,23,22,11,13,18,17,21,10,14,6,12,9,16,8,5],[3,23,15,21,7,11,19,13,14,17,10,9,22,5,18,6,12,16],[7,15,23,14,11,3,19,22,17,13,9,5,21,10,6,18],[11,15,3,7,19,23,22,13,18,17,21,9,6,14,10,5,12,16],[15,19,7,23,14,3,11,22,18,13,21,9,6,17,10,5],[7,11,3,23,15,21,19,14,13,18,17,9,5,22,10,6,12,16],[7,11,15,3,19,23,13,21,14,18,22,10,9,17,6,5,16,12],[3,11,15,23,22,7,19,13,18,14,17,10,21,6,9,12,16,5],[11,23,15,21,19,7,3,13,22,18,17,10,9,14,6,5],[11,3,19,7,23,15,14,22,17,21,9,5,13,10,18,6,12,16],[7,15,11,3,23,13,19,22,18,17,14,10,9,21,6,5,12,16],[3,7,23,15,22,19,11,13,17,21,9,5,10,14,18,6],[3,7,19,15,23,13,11,21,22,18,17,10,14,6,9,5,16,12],[15,11,23,13,3,7,19,22,17,14,9,6,21,10,18,5],[15,22,3,7,19,11,17,9,8,13,6,14,5,16,10,12,18,20],[7,19,11,23,13,3,18,22,17,9,6,15,21,14,10,5],[19,15,3,23,22,7,11,14,18,13,21,9,6,17,10,5],[3,7,11,23,19,15,21,13,22,17,10,9,14,5,6,18],[7,3,15,11,19,23,22,14,18,13,17,10,21,5,9,6,12,16],[15,7,11,23,14,3,19,22,17,21,10,9,13,6,18,12,16,5],[23,3,11,7,18,19,15,14,21,13,17,9,6,22,10,5],[15,7,11,23,22,3,19,13,17,14,9,5,21,10,18,6,16,12],[23,3,17,15,21,11,7,13,14,9,19,5,22,10,18,6,16,12],[3,7,19,11,23,15,21,13,14,17,10,9,22,6,18,5,12,16],[15,23,13,22,11,7,3,19,17,21,10,14,6,9,18,5,12,16],[3,19,11,15,7,23,22,13,18,14,21,9,5,17,10,6,16,12],[15,19,23,14,7,11,3,22,17,13,9,5,21,10,18,6],[15,3,11,7,23,14,19,21,13,17,9,5,22,10,6,18],[15,3,7,19,23,13,11,21,14,18,17,10,9,22,6,5,16,12],[7,15,3,23,21,11,19,14,22,18,13,9,6,17,10,5,12,16],[11,3,19,7,23,15,21,14,22,18,17,9,6,13,10,5],[23,19,15,21,3,11,7,13,22,18,17,10,14,6,9,5],[7,23,3,15,13,19,22,11,18,17,2