{"problem_id":"bPImZdiPoLbnxVF","sigma":75,"alpha":10.000,"cost":0,"probabilities":"[0.3800000000000002, 0.29, 0.19, 0.14]","payoff_matrix":"[[20, 33, -43, 124, -4, 14], [-171, 58, 69, 36, 67, 27], [-95, -48, -71, -50, 23, -140], [-68, -22, 4, -176, 37, 146]]","uncovered":[[9,13,1,5,21,17,14],[13,1,5,9,17,21,14],[1,5,21,13,9,17,6,14],[9,21,1,13,17,5,14],[9,1,17,13,5,21,14],[17,1,5,9,13,21,14],[13,5,1,9,21,17,6,14],[5,1,17,9,13,21,14],[1,9,5,21,17,13,6,14],[17,9,13,5,1,21,6,14],[5,17,9,13,1,21,14],[9,5,17,1,21,13,6,14],[1,21,17,9,5,13,14],[21,1,17,9,5,13,6,14],[1,9,5,21,17,13,14],[9,5,13,21,1,17,14],[1,9,5,13,21,17,6,14],[13,1,17,21,9,5,6,14],[1,5,17,13,9,21,6,14],[17,9,1,13,21,5,6,14],[1,13,9,17,21,5,6,14],[9,1,13,17,5,21,14],[1,17,21,13,5,9,6,14],[1,13,17,9,5,21,6,14],[13,21,5,9,17,1,14],[1,21,13,17,9,5,6,14],[21,5,17,1,9,13,6,14],[9,5,13,21,1,17,6,14],[5,17,21,1,9,13,14],[1,5,9,17,21,13,6,14],[5,1,13,9,17,21,6,14],[13,5,21,17,9,1,6,14],[17,1,21,13,9,5,7,22],[5,13,17,9,21,1,6,14],[21,13,17,5,9,1,6,14],[1,21,17,5,9,13,6,14],[17,9,13,5,21,1,14],[17,13,5,1,21,9,6,14],[17,1,9,5,13,21,6,14],[1,21,5,13,17,9,6,14],[1,21,5,9,17,13,14],[9,17,21,5,13,1,14],[1,13,21,17,5,9,6,14],[5,9,1,17,21,13,6,14],[5,21,13,17,9,1,6,14],[21,5,13,17,1,9,14],[1,13,21,17,5,9,14],[5,9,1,13,17,21,6,14],[9,5,1,21,13,17,6,14],[21,5,13,17,1,9,6,14],[13,17,5,9,21,1,6,14],[9,13,21,1,17,5,6,14],[21,17,9,5,13,1,6,14],[21,17,13,9,1,5,6,14],[9,13,17,1,21,5,14],[5,9,17,21,13,1,6,14],[9,21,17,5,13,1,14],[5,17,13,9,21,1,6,14],[17,9,13,5,21,1,6,14],[1,13,17,5,9,21,6,14],[17,5,21,13,9,1,6,14],[5,17,13,9,1,21,14],[1,9,13,17,21,5,14],[13,1,21,17,9,5,14],[5,21,1,17,9,13,6,14],[17,13,5,9,1,21,14],[21,5,9,17,1,13,6,14],[9,1,5,17,13,21,6,14],[1,9,21,17,5,13,14],[21,13,17,9,5,1,6,14],[9,1,17,13,5,21,6,14],[1,21,9,17,13,5,14],[13,17,5,9,1,21,6,14],[13,17,1,5,21,9,6,14],[5,9,13,17,21,1,14],[9,17,5,21,13,1,14],[1,5,21,9,17,13,6,14],[21,5,17,1,9,13,6,14],[17,1,21,9,5,13,6,14],[17,9,1,21,13,5,6,14],[17,21,13,9,5,1,14],[1,9,13,17,5,21,6,14],[9,1,13,17,5,21,6,14],[13,9,5,17,1,21,14],[17,9,21,13,5,1,14],[13,5,17,1,21,9,6,14],[9,13,17,21,5,1,6,14],[1,21,5,17,9,13,6,14],[5,17,13,1,21,9,6,14],[13,21,1,9,5,17,14],[21,17,13,1,5,9,14],[17,9,21,5,13,1,14],[1,21,17,5,9,13,6,14],[21,9,1,17,5,13,6,14],[13,1,5,9,21,17,6,14],[13,21,9,17,5,1,14],[13,5,1,9,17,21,14],[17,5,1,9,13,21,6,14],[17,21,9,13,1,5,6,14],[1,5,13,17,9,21,14],[13,17,21,9,5,1,14],[21,17,1,5,9,13,6,14],[13,1,5,9,21,17,14],[13,5,17,1,9,21,6,14],[1,13,21,5,17,9,6,14],[9,5,17,21,1,13,6,14],[21,5,1,17,9,13,6,14],[5,9,1,13,21,17,14],[1,21,9,17,5,13,14],[5,9,13,21,1,17,14],[9,21,17,13,5,1,14],[9,17,21,5,13,1,6,14],[17,21,5,13,9,1,6,14],[21,5,17,13,1,9,6,14],[17,9,5,1,13,21,14],[13,21,17,5,9,1,6,14],[9,21,5,17,13,1,6,14],[1,21,17,9,13,5,6,14],[9,5,17,21,13,1,14],[1,13,21,9,17,5,6,14],[13,9,5,21,17,1,14],[13,1,9,5,17,21,6,14],[1,5,9,21,13,17,16,6,14,7,2,22],[13,1,9,21,5,17,6,14],[1,5,9,21,17,13,14],[1,21,5,9,13,17,14],[9,5,13,1,21,17,14],[5,1,17,13,9,21,14],[5,1,17,9,21,13,14],[13,9,5,1,21,17,14],[9,5,21,17,13,1,6,14],[1,17,21,13,5,9,14],[9,5,13,1,17,21,14],[21,9,1,17,5,13,6,14],[1,9,5,21,13,17,6,14],[5,9,17,1,21,13,6,14],[13,17,9,5,1,21,14],[9,5,1,21,17,13,6,14],[1,13,17,9,21,5,14],[1,9,17,5,13,21,6,14],[1,5,21,13,9,17,14],[21,1,9,13,17,5,6,14],[1,21,9,17,5,13,14],[21,1,9,17,13,5,14],[21,17,13,9,1,5,6,14],[21,1,17,5,13,9,14],[17,9,1,21,13,5,6,14],[13,1,17,9,5,21,6,14],[5,13,9,1,17,21,6,14],[5,13,17,1,21,9,6,14],[1,13,21,5,17,9,6,14],[5,13,9,21,1,17,8,14],[21,17,5,9,1,13,6,14],[17,21,5,1,9,13,6,14],[17,5,21,9,1,13,14],[5,17,1,9,13,21,6,14],[21,17,5,13,9,1,6,14],[17,13,9,5,1,21,14],[5,1,17,9,13,21,14],[5,17,13,21,9,1,14],[1,13,9,17,21,5,6,14],[17,21,13,5,1,9,14],[17,21,9,5,1,13,6,14],[13,5,17,9,1,21,14],[1,9,5,21,13,17,14],[1,9,13,21,17,5,14],[13,17,9,21,1,5,14],[9,1,13,5,21,17,14],[17,5,1,21,9,13,6,14],[5,13,1,9,21,17,14],[21,1,5,13,9,17,14],[5,1,21,13,17,9,6,14],[5,17,9,13,21,1,6,14],[13,5,17,21,1,9,14],[5,1,17,9,13,21,14],[21,5,13,9,17,1,6,14],[5,9,17,13,1,21,6,14],[9,5,17,21,13,1,14],[21,1,5,13,9,17,14],[21,9,1,17,5,13,6,14],[1,17,21,13,5,9,6,14],[17,9,5,21,13,1,6,14],[9,17,1,5,13,21,14],[21,5,13,17,9,1,14],[21,1,17,13,5,9,14],[1,21,9,17,5,13,6,14],[9,1,21,17,13,5,6,14],[21,13,17,9,5,1,14],[13,1,5,17,9,21,14],[9,21,5,17,13,1,6,14],[17,5,9,21,1,13,14],[5,17,21,13,9,1,6,14],[17,9,21,1,5,13,14],[9,5,21,17,13,1,6,14],[1,21,9,5,13,17,6,14],[17,9,13,21,1,5,6,14],[1,17,13,9,21,5,6,14],[17,5,13,1,9,21,6,14],[21,17,5,1,13,9,14],[9,13,21,17,1,5,14],[17,5,13,21,9,1,14],[13,21,17,1,5,9,6,14],[21,5,17,9,13,1,6,14],[1,21,5,17,9,13,6,14],[5,13,9,17,1,21,14],[13,5,9,17,1,21,14],[9,1,5,13,17,21,6,14],[17,1,5,21,9,13,6,14],[5,21,13,1,9,17,14],[1,13,5,21,9,17,6,14],[21,13,17,1,10,9,5,14],[13,9,21,1,17,5,6,14],[13,17,9,21,5,1,14],[5,13,21,9,17,1,14],[13,17,9,21,1,5,6,14],[17,9,1,5,21,13,14],[17,21,13,9,1,5,14],[17,13,1,9,5,21,6,14],[9,21,13,1,17,5,6,14],[13,9,5,1,21,17,14],[9,21,5,1,13,17,6,14],[9,21,17,5,1,13,6,14],[17,9,5,13,1,21,6,14],[1,5,13,21,9,17,14],[13,1,9,5,21,17,6,14],[1,21,9,5,13,17,6,14],[1,21,5,17,13,9,14],[9,13,21,5,1,17,14],[13,1,9,21,5,17,6,14],[21,1,9,5,17,13,14],[17,21,1,13,9,5,6,14],[21,17,1,9,5,13,14],[1,5,13,17,21,9,6,14],[13,5,21,1,9,17,6,14],[21,1,13,17,5,9,14],[1,9,13,17,5,21,14],[5,21,13,17,9,1,14],[17,5,13,9,1,23,6,14],[9,1,13,17,5,21,6,14],[9,21,5,13,1,17,14],[5,1,13,9,17,21,6,14],[13,21,5,17,1,9,6,14],[13,17,9,5,1,21,6,14],[5,17,1,13,9,21,14],[13,9,5,1,17,21,6,14],[21,1,9,17,13,5,14],[13,17,5,21,1,9,6,14],[5,21,1,17,13,9,14],[9,21,13,1,17,5,14],[13,17,21,1,5,9,6,14],[1,9,21,13,17,5,6,14],[9,21,5,13,1,17,6,14],[13,5,1,17,9,21,14],[9,21,5,17,13,1,6,14],[13,9,1,17,5,21,14],[17,9,5,1,21,13,14],[13,9,5,17,21,1,14],[1,5,13,21,17,9,14],[21,13,1,9,17,5,6,14],[5,9,21,13,17,1,6,14],[1,13,9,21,5,17,14],[1,17,21,13,9,5,14],[5,9,13,1,21,17,14],[9,1,21,5,17,13,6,14],[13,5,17,21,9,1,14],[1,9,17,5,21,13,6,14],[9,13,5,1,17,21,14],[17,1,5,21,9,13,6,14],[21,13,17,1,5,9,14],[17,9,1,5,21,13,14],[13,9,21,1,5,17,14],[13,1,9,17,5,21,14],[21,1,17,5,13,9,6,14],[9,5,21,1,13,17,14],[21,9,1,5,17,13,14],[13,21,5,9,17,1,14],[1,17,13,9,21,5,6,14],[1,13,21,17,5,9,14],[13,17,9,21,1,5,14],[5,1,13,9,17,21,14],[9,5,17,21,13,1,6,14],[9,5,1,21,13,17,14],[17,13,9,1,21,5,14],[13,9,1,5,21,17,6,14],[13,21,9,17,1,5,14],[13,9,5,17,1,21,14],[1,13,9,17,5,21,14],[17,13,9,5,21,1,14],[21,9,1,17,5,13,6,14],[1,17,9,5,13,21,6,14],[1,13,21,9,17,5,6,14],[13,9,1,5,17,21,14],[5,9,17,13,1,21,6,14],[5,17,21,1,13,9,6,14],[21,17,13,9,5,1,14],[5,21,9,1,17,13,6,14],[21,1,17,13,5,9,6,14],[21,5,1,13,9,17,6,14],[13,1,5,21,17,9,14],[21,1,5,13,17,9,6,14],[13,1,5,17,21,9,14],[9,1,17,13,21,5,14],[1,13,9,21,17,5,14],[9,13,21,1,17,5,14],[5,9,13,1,21,17,6,14],[1,9,17,5,13,21,15,6,14],[5,9,1,17,13,21,14],[17,9,5,21,1,13,6,14],[1,21,5,9,17,13,6,14],[1,13,21,9,17,5,6,14],[5,17,1,13,21,9,6,14],[13,1,6,5,14],[13,9,1,17,5,21,6,14],[13,17,1,9,5,21,6,14],[9,5,1,21,13,17,14],[13,1,9,5,17,21,14],[5,21,13,17,1,9,14],[1,17,13,21,5,9,6,14],[13,9,17,21,5,1,14],[5,13,1,17,21,9,6,14],[17,1,9,13,5,21,14],[13,9,1,5,17,21,14],[13,9,21,5,17,1,14],[9,13,21,5,1,17,6,14],[21,13,5,9,1,17,6,14],[17,9,1,5,21,13,14],[13,1,5,21,9,17,6,14],[21,17,1,5,9,13,6,14],[9,21,13,1,17,5,6,14],[9,5,1,21,17,13,14],[21,13,9,1,5,17,14],[13,1,9,21,5,17,6,14],[13,9,5,21,17,1,14],[9,1,21,13,5,17,14],[1,13,5,17,9,21,14],[13,9,21,5,17,1,14],[9,13,21,17,5,1,6,14],[21,5,1,17,13,9,14],[5,9,21,13,1,17,6,14],[1,5,13,17,9,21,14],[13,1,17,5,9,21,6,14],[17,13,1,21,9,5,14],[5,9,17,1,13,21,14],[13,9,21,5,17,1,6,14],[1,21,9,17,5,13,14],[17,13,9,5,21,1,14],[21,1,5,17,13,9,6,14],[5,9,21,17,1,13,6,14],[5,9,21,17,13,1,6,14],[5,9,17,21,13,1,6,14],[17,5,13,21,1,9,14],[13,5,1,17,9,21,14],[1,17,21,9,13,5,14],[17,9,13,21,1,5,6,14],[17,21,13,5,9,1,6,14],[1,21,9,5,17,13,14],[5,9,17,21,1,13,14],[9,17,13,1,5,21,6,14],[1,17,9,5,21,13,14],[9,5,13,21,1,17,6,14],[17,21,5,13,1,9,14],[9,13,17,1,21,5,6,14],[9,1,17,21,5,13,6,14],[5,1,9,17,21,13,14],[5,17,1,13,21,9,6,14],[17,5,13,9,21,1,14],[13,1,5,21,9,17,6,14],[9,21,1,5,13,17,14],[5,9,17,21,13,1,6,14],[9,5,17,13,1,21,6,14],[5,13,21,17,1,9,14],[1,9,5,13,17,21,6,14],[17,1,13,5,9,21,14],[1,21,9,13,5,17,6,14],[1,5,9,13,21,17,14],[17,5,21,9,13,1,6,14],[9,17,1,5,13,21,6,14],[1,9,21,5,17,13,14],[5,9,17,21,1,13,6,14],[17,1,9,5,13,21,6,14],[9,13,1,5,21,17,14],[9,5,17,21,13,1,6,14],[21,13,1,9,5,17,6,14],[1,17,9,13,5,21,6,14],[9,21,13,6,5,14],[13,17,9,1,21,5,14],[21,9,1,13,17,5,6,14],[21,1,5,13,17,9,14],[1,17,21,13,9,5,14],[17,13,9,21,5,1,6,14],[9,21,1,17,5,13,14],[13,5,1,21,17,9,6,14],[13,21,9,1,5,17,6,14],[13,5,21,9,17,1,6,14],[1,5,9,21,17,13,6,14],[17,13,21,5,1,9,6,14],[13,17,5,9,1,21,14],[9,5,13,1,17,22,21,14],[21,17,13,9,5,1,6,14],[21,5,1,17,13,9,14],[5,13,9,1,21,17,14],[5,17,1,9,21,13,14],[13,5,17,1,21,9,14],[13,5,17,9,1,21,14],[21,5,17,13,1,9,6,14],[13,9,21,1,5,17,14],[1,17,5,13,9,21,14],[9,5,21,13,1,17,6,14],[1,5,17,9,13,21,6,14],[21,13,5,9,17,1,6,14],[1,17,5,13,9,21,6,14],[21,9,13,1,5,17,6,14],[13,21,5,9,1,17,6,14],[9,5,17,21,13,1,14],[5,1,17,9,13,21,14],[9,1,5,21,13,17,6,14],[17,1,21,13,5,9,14],[21,17,1,13,9,5,14],[17,5,9,21,13,1,6,14],[5,9,1,13,21,17,14],[5,17,1,9,21,13,6,14],[21,1,5,13,9,17,6,14],[5,21,17,9,1,13,14],[13,17,1,5,21,9,6,14],[13,1,9,17,21,5,6,14],[5,17,13,9,21,1,6,14],[9,1,17,21,13,5,14],[5,17,9,13,21,1,6,14],[21,1,9,5,17,13,6,14],[13,5,21,9,1,17,6,14],[1,17,5,9,13,21,14],[5,17,13,21,10,9,1,14],[17,1,9,5,21,13,14],[5,13,1,9,21,17,6,14],[9,5,13,17,21,1,14],[5,13,21,17,1,9,6,14],[9,1,13,21,17,5,14],[21,9,5,1,13,17,14],[1,5,21,17,9,13,14],[9,17,13,5,1,21,6,14],[21,13,5,9,1,17,6,14],[9,1,21,13,17,5,14],[13,21,17,1,9,5,6,14],[13,9,1,5,17,21,6,14],[17,21,13,5,1,9,14],[17,13,21,1,9,5,6,14],[9,21,1,5,17,13,6,14],[17,1,5,13,9,21,14],[9,5,17,21,13,1,6,14],[5,9,1,13,17,21,6,14],[9,1,5,21,17,13,6,14],[17,5,13,1,9,21,14],[1,13,9,17,5,21,6,14],[17,21,13,1,9,5,14],[21,1,9,17,5,13,6,14],[1,9,17,13,5,21,6,14],[5,21,17,13,1,9,6,14],[13,21,5,1,17,9,14],[13,9,5,21,1,17,6,14],[21,9,17,13,1,5,6,14],[9,13,21,17,5,1,14],[17,13,9,5,21,1,14],[9,17,13,21,5,1,14],[9,13,5,1,21,17,14],[1,21,13,9,5,17,6,14],[17,1,5,13,21,9,6,14],[9,13,17,21,1,5,6,14],[17,1,9,5,13,21,6,14],[9,1,21,17,5,13,14],[13,1,17,21,5,9,14],[17,21,13,1,5,9,14],[17,5,1,9,21,13,6,14],[13,17,5,1,21,9,6,14],[21,9,13,1,5,17,14],[21,17,13,9,5,1,14],[13,21,1,17,9,5,14],[17,21,1,5,9,13,6,14],[21,17,9,5,1,13,14],[1,5,21,9,17,13,14],[9,17,21,13,5,1,14],[9,5,13,17,1,21,14],[9,1,21,5,17,13,6,14],[9,5,21,17,1,13,6,14],[21,1,13,9,5,17,14],[21,13,5,9,17,1,6,14],[5,21,13,9,17,1,6,14],[5,1,17,21,9,13,6,14],[13,5,21,1,17,9,14],[1,21,13,5,17,9,6,14],[1,5,17,13,9,21,6,14],[21,9,17,13,1,5,14],[9,13,17,5,1,21,14],[9,17,5,1,13,21,6,14],[17,5,21,13,9,1,6,14],[1,17,13,5,9,21,14],[5,13,21,1,9,17,14],[5,1,17,13,9,21,14],[9,17,21,5,1,13,14],[1,9,13,17,5,21,14],[9,21,5,17,1,13,14],[5,21,9,1,17,13,6,14],[9,21,5,1,13,17,14],[9,21,17,1,5,13,14],[17,9,13,1,5,21,6,14],[17,13,21,1,5,9,6,14],[1,17,5,9,21,13,14],[21,5,9,1,13,17,14],[5,13,17,21,9,1,6,14],[1,9,5,21,13,17,14],[21,9,17,13,1,5,6,14],[17,1,13,5,21,9,14],[17,9,5,21,13,1,14],[13,5,21,1,9,17,14],[17,21,9,13,5,1,6,14],[21,17,5,13,1,9,6,14],[5,13,9,17,1,21,14],[5,9,1,21,13,17,6,14],[9,5,21,1,13,17,6,14],[9,21,5,13,17,1,14],[13,9,21,1,5,17,6,14],[9,5,13,21,1,17,14],[21,5,17,13,9,1,14],[5,1,13,21,9,17,14],[21,13,9,1,5,17,14],[21,5,9,17,13,1,6,14],[5,21,9,13,1,17,6,14],[21,17,13,5,9,1,14],[1,17,5,13,9,21,14],[21,9,17,1,13,5,6,14],[17,13,9,1,21,5,14],[17,9,1,21,5,13,6,14],[17,13,9,1,21,5,14],[21,17,1,9,5,13,14],[1,21,17,13,5,9,6,14],[5,21,1,9,13,17,6,14],[5,13,21,9,17,1,14],[5,13,17,1,21,9,14],[17,5,9,1,21,13,14],[17,21,13,9,1,5,6,14],[13,21,5,17,1,9,14],[5,1,9,21,17,13,14],[17,9,13,5,21,1,14],[21,1,17,13,5,9,6,14],[21,17,1,5,13,9,14],[5,9,1,21,13,17,14],[17,21,1,5,9,13,14],[13,9,21,5,17,1,14],[9,13,5,17,1,21,14],[13,5,1,9,21,17,14],[21,13,5,1,9,17,14],[21,9,1,13,17,5,14],[21,9,1,5,13,17,14],[1,21,5,17,9,13,14],[5,13,1,21,9,17,14],[17,21,1,5,9,13,14],[5,21,1,9,17,13,14],[5,1,13,9,21,17,6,14],[1,9,13,5,17,21,6,14],[17,9,5,1,21,13,14],[1,21,5,9,13,17,6,14],[17,5,13,9,21,1,6,14],[9,1,21,13,5,17,14],[13,9,5,17,1,21,6,14],[1,21,5,17,9,13,14],[9,5,17,1,21,13,14],[13,1,9,5,21,17,6,14],[5,17,9,1,21,13,6,14],[13,17,21,1,9,5,14],[21,1,13,9,5,17,14],[17,1,13,5,21,9,14],[5,9,17,21,13,1,14],[17,13,21,9,5,1,6,14],[21,17,13,5,1,9,14],[13,1,9,5,21,17,14],[13,17,9,21,1,5,14],[1,9,5,17,21,13,14],[9,13,17,5,1,21,6,14],[17,21,5,13,1,9,6,14],[1,21,9,17,13,5,14],[17,13,5,21,9,1,14],[5,13,9,21,1,17,14],[13,5,1,21,9,17,6,14],[13,1,5,9,21,17,14],[5,9,17,21,13,1,6,14],[9,1,21,17,5,13,6,14],[1,5,13,9,21,17,14],[21,1,13,17,5,9,14],[21,5,13,9,17,1,14],[5,1,9,13,17,21,14],[1,17,9,5,13,21,14],[17,21,9,1,5,13,6,14],[21,1,13,5,9,17,6,14],[13,5,9,17,1,21,6,14],[13,21,17,2,9,5,6,14],[1,5,9,13,17,21,14],[17,1,9,5,13,21,6,14],[9,13,1,5,21,17,14],[17,21,5,13,1,9,6,14],[13,17,5,9,1,21,6,14],[13,9,18,17,21,14],[13,17,9,21,1,5,14],[1,9,21,17,13,5,6,14],[13,17,9,5,21,1,14],[13,5,9,17,21,1,6,14],[1,21,9,5,17,13,6,14],[1,13,21,5,17,9,6,14],[1,17,5,13,9,21,6,14],[9,13,5,21,1,17,6,14],[1,13,17,5,9,21,14],[9,5,17,21,13,1,14],[13,9,5,1,17,21,6,14],[17,5,13,9,21,1,14],[1,21,9,5,17,13,6,14],[13,1,21,17,5,9,14],[21,9,1,13,5,17,6,14],[17,5,9,21,1,13,14],[21,17,13,1,5,9,14],[13,21,5,1,17,9,6,14],[5,13,1,21,17,9,14],[5,21,9,13,1,17,14],[5,17,1,13,21,9,6,14],[21,9,1,17,13,5,14],[5,13,1,17,21,9,14],[13,21,1,5,17,9,14],[17,21,13,5,9,1,6,14],[1,9,5,13,17,21,6,14],[9,5,17,21,13,1,6,14],[9,1,13,5,17,21,6,14],[17,13,1,9,21,5,14],[9,13,1,5,21,17,15,6,14],[17,1,21,9,13,5,6,14],[17,21,1,13,9,5,6,14],[17,9,21,13,1,5,6,14],[9,1,5,21,17,13,14],[9,1,17,13,5,21,6,14],[9,21,13,1,5,17,6,14],[5,17,13,9,1,21,14],[21,13,9,17,1,5,14],[1,9,13,5,21,17,6,14],[13,17,5,1,9,21,14],[9,1,17,5,13,21,6,14],[13,9,17,5,21,1,14],[21,17,5,9,13,1,14],[13,5,21,1,9,17,14],[17,21,13,9,5,1,14],[13,9,5,1,17,21,14],[21,5,17,1,9,13,6,14],[1,13,21,17,5,9,14],[9,17,1,21,13,5,6,14],[21,5,1,9,13,17,14],[9,5,13,1,17,21,6,14],[1,17,5,21,9,13,6,14],[17,21,1,13,5,9,14],[17,1,5,21,9,13,14],[9,21,5,13,17,1,14],[17,1,13,21,5,9,6,14],[17,5,9,1,21,13,14],[9,17,5,1,21,13,6,14],[13,1,9,21,5,17,14],[9,21,13,5,17,1,14],[1,5,17,21,13,9,6,14],[21,9,13,1,17,5,14],[17,21,9,5,13,1,6,14],[21,1,9,17,13,5,6,14],[17,13,1,5,9,21,6,14],[21,13,17,1,9,5,14],[9,13,17,1,21,5,14],[9,21,17,13,1,5,14],[5,17,1,9,13,21,14],[1,9,5,17,21,13,6,14],[17,21,1,13,5,9,6,14],[5,1,17,13,21,9,6,14],[9,17,5,21,1,13,14],[1,17,21,13,5,9,14],[17,21,5,1,9,13,14],[13,17,1,5,9,21,14],[9,1,5,17,13,21,6,14],[9,13,17,1,5,21,6,14],[5,21,17,1,9,13,6,14],[9,17,13,5,1,21,14],[9,17,13,21,1,5,6,14],[13,9,5,1,21,17,6,14],[17,21,9,1,5,13,6,14],[21,9,1,13,5,17,14],[5,1,13,9,17,21,14],[5,9,13,21,17,1,14],[13,9,5,17,21,1,14],[21,5,13,1,9,17,14],[1,9,17,21,5,13,6,14],[13,21,1,17,5,9,6,14],[13,1,21,9,5,17,14],[5,9,21,13,17,1,14],[17,5,1,13,21,9,6,14],[9,5,21,13,1,17,14],[13,21,5,9,1,17,14],[5,1,13,9,17,21,14],[21,5,1,13,9,17,14],[9,13,1,17,5,21,6,14],[17,21,1,13,9,5,14],[5,21,9,13,1,17,6,14],[17,13,5,1,9,21,14],[1,5,17,13,9,21,14],[17,9,5,1,13,21,6,14],[21,1,9,5,17,13,14],[5,13,9,17,1,21,14],[1,17,9,13,21,5,6,14],[21,1,9,5,17,13,6,14],[21,17,9,1,5,13,14],[13,21,5,1,17,9,14],[5,13,9,1,17,21,6,14],[5,9,13,2,21,17,6,14],[9,13,17,1,21,5,6,14],[1,5,9,17,21,13,14],[21,17,5,9,13,1,14],[5,1,21,17,9,13,6,14],[13,9,21,17,5,1,6,14],[1,9,17,21,5,13,6,14],[17,1,21,5,9,13,14],[5,13,9,21,1,17,6,14],[1,5,13,9,21,17,14],[1,13,17,21,9,5,6,14],[13,17,5,9,21,1,14],[17,1,21,13,9,5,6,14],[21,1,13,9,17,5,14],[1,21,13,9,5,17,6,14],[5,9,17,1,21,13,6,14],[9,13,1,5,21,17,6,14],[1,17,5,13,21,9,14],[9,5,1,13,17,21,14],[13,17,1,9,5,21,6,14],[1,5,17,21,13,9,14],[9,21,17,13,5,1,15,6,14],[5,13,1,9,21,17,6,14],[17,21,9,1,13,5,14],[1,17,21,5,9,13,6,14],[21,9,17,5,1,13,6,14],[1,13,17,21,9,5,14],[9,21,1,13,17,5,6,14],[17,13,9,21,5,1,14],[1,21,13,9,17,5,14],[17,5,1,21,13,9,14],[5,1,13,17,21,9,6,14],[9,5,13,17,21,1,6,14],[13,17,5,1,9,21,14],[21,5,9,1,17,13,6,14],[17,1,5,13,9,21,14],[13,9,1,5,17,21,6,14],[1,5,13,9,17,21,14],[17,21,5,1,13,9,14],[13,1,21,9,17,5,6,14],[1,17,13,21,5,9,14],[5,17,21,1,13,9,14],[1,5,17,21,9,13,14],[21,5,1,17,9,13,6,14],[5,17,1,9,21,13,6,14],[1,13,5,9,17,21,6,14],[9,21,13,17,7,1,2],[21,17,5,9,1,13,14],[9,17,21,5,13,1,14],[1,5,9,21,17,13,6,14],[9,21,1,17,5,13,14],[21,9,5,17,13,1,14],[1,13,5,17,9,21,14],[13,21,17,9,1,5,14],[13,9,5,21,1,17,6,14],[9,13,21,1,17,5,6,14],[17,5,13,1,9,21,14],[5,13,21,1,9,17,14],[21,9,17,5,13,1,6,14],[13,1,21,5,9,17,6,14],[13,1,17,5,21,9,14],[17,1,5,13,21,9,6,14],[9,13,21,17,5,1,6,14],[1,9,21,5,17,13,6,14],[1,17,9,5,21,13,14],[17,1,9,5,13,21,6,14],[9,5,1,21,13,17,6,14],[17,5,13,21,9,1,14],[17,13,5,9,21,1,14],[13,21,17,1,9,5,14],[13,21,1,17,5,9,14],[13,17,5,9,21,1,14],[21,9,13,17,1,5,6,14],[1,21,5,13,17,9,14],[21,5,13,9,1,17,14],[13,9,5,21,17,1,6,14],[17,5,9,21,13,1,6,14],[1,21,17,5,9,13,14],[13,17,21,9,1,5,14],[13,9,17,5,21,1,6,14],[13,21,9,1,5,17,6,14],[21,1,9,13,5,17,6,14],[17,21,5,13,9,1,6,14],[1,21,13,9,5,17,6,14],[13,5,17,9,1,21,14],[5,1,17,9,13,21,6,14],[9,5,1,13,17,21,6,14],[9,13,21,1,5,17,6,14],[1,9,5,13,21,17,14],[17,5,9,13,21,1,6,14],[1,21,9,13,17,5,6,14],[1,17,9,21,13,5,6,14],[5,17,9,21,1,13,6,14],[5,1,21,9,13,17,6,14],[5,17,9,21,13,1,14],[21,1,9,13,5,17,6,14],[21,5,13,17,9,1,14],[21,9,5,13,17,1,14],[13,5,21,9,1,17,14],[1,5,21,13,9,17,6,14],[13,1,9,17,5,23,6,14],[1,17,9,5,21,13,14],[1,9,13,17,5,21,14],[1,17,5,9,13,21,14],[21,9,17,13,1,5,6,14],[9,13,1,17,5,21,14],[21,5,17,13,9,1,14],[21,1,17,5,13,9,14],[9,1,21,5,13,17,6,14],[9,13,17,21,5,1,14],[1,9,5,21,13,17,6,14],[17,21,1,5,13,9,6,14],[17,5,1,13,9,21,6,14],[21,9,1,13,5,17,6,14],[17,21,9,5,13,1,14],[17,21,1,9,5,13,6,14],[5,1,9,21,13,17,6,14],[9,13,5,17,1,21,14],[1,5,17,13,9,21,14],[13,9,21,17,1,5,14],[1,13,21,17,9,5,14],[5,17,9,21,13,1,6,14],[13,9,5,17,21,1,6,14],[17,9,1,5,13,21,14],[21,9,17,1,13,5,14],[9,1,13,5,17,21,14],[17,13,5,1,21,9,6,14],[17,21,1,9,13,5,6,14],[9,17,1,5,13,21,6,14],[21,5,1,9,13,17,14],[17,13,21,9,5,1,14],[13,21,5,9,1,17,14],[21,9,1,5,13,17,14],[17,13,6,5,14],[17,5,1,21,9,13,14],[17,1,5,21,13,9,6,14],[13,5,17,9,1,21,6,14],[21,5,17,1,9,13,14],[17,13,5,1,21,9,6,14],[5,1,9,17,13,21,14],[21,17,13,9,5,1,6,14],[9,1,5,17,13,21,6,14],[1,21,9,13,17,5,6,14],[21,13,5,1,17,9,6,14],[5,9,21,13,17,1,6,14],[5,21,13,17,9,1,14],[5,1,21,9,17,13,6,14],[9,17,1,13,5,21,14],[9,17,13,1,21,5,6,14],[5,9,1,17,13,21,14],[13,21,17,1,9,5,14],[21,17,1,5,13,9,14],[21,1,9,5,17,13,6,14],[21,13,9,1,17,5,6,14],[17,1,5,21,9,13,6,14],[13,9,5,1,21,17,6,14],[17,13,9,5,21,1,14],[17,9,5,1,21,13,14],[5,1,13,9,21,17,14],[5,1,13,9,21,17,14],[9,1,21,17,13,5,14],[9,21,13,5,1,17,14],[17,1,9,21,13,8,5,14],[21,1,17,9,5,13,6,14],[5,17,9,1,13,21,6,14],[17,9,5,21,1,13,14],[1,9,17,21,5,13,14],[13,9,1,5,17,21,6,14],[1,13,17,5,21,9,14],[9,21,13,5,17,1,14],[17,13,5,1,21,9,14],[5,17,9,13,21,1,6,14],[9,13,17,1,5,21,14],[9,13,17,21,1,5,6,14],[1,21,9,13,5,17,14],[13,5,9,17,1,21,14],[9,17,21,1,5,13,6,14],[13,1,17,9,5,21,14],[13,1,9,5,21,17,6,14],[21,13,9,5,17,1,14],[21,9,17,1,13,5,14],[17,9,21,1,5,13,14],[21,13,1,17,5,9,14],[21,1,5,17,13,9,6,14],[17,9,5,21,13,1,6,14],[13,21,5,17,9,1,14],[21,9,13,5,17,1,6,14],[9,5,13,1,17,21,14],[17,1,13,9,21,5,14],[9,21,1,5,17,13,14],[13,21,9,17,5,1,14],[17,9,21,13,5,1,6,14],[9,13,1,17,5,21,6,14],[9,1,17,5,13,21,6,14],[21,1,5,17,9,13,6,14],[21,13,17,5,1,9,14],[17,13,1,9,21,5,6,14],[13,1,5,17,21,9,6,14],[17,1,5,9,21,13,6,14],[9,21,13,1,5,18,17,14],[13,17,5,21,9,1,14],[1,5,9,13,21,17,6,14],[21,9,1,13,17,5,14],[5,1,9,17,13,21,6,14],[5,13,17,1,21,9,14],[21,5,9,17,13,1,14],[1,17,13,21,5,9,14],[9,17,1,21,5,13,14],[5,9,17,21,13,1,14],[1,9,17,21,13,5,6,14],[5,1,9,13,17,21,14],[13,9,5,17,21,1,14],[5,13,1,21,9,17,14],[9,17,21,1,5,13,6,14],[21,1,9,17,13,5,14],[1,9,5,17,13,21,14],[5,1,13,17,21,9,14],[13,1,5,21,9,17,14],[17,21,1,9,13,5,7,14],[13,9,1,5,21,17,14],[17,1,13,21,5,9,6,14],[9,13,5,1,21,17,14],[5,13,1,17,9,21,6,14],[9,5,1,21,17,13,14],[5,21,1,9,17,13,14],[13,17,1,21,5,9,6,14],[1,21,17,9,5,13,14],[21,5,1,9,17,13,6,14],[9,5,1,21,17,13,6,14],[13,17,5,1,9,21,6,14],[17,1,13,5,21,9,14],[5,9,21,17,1,13,14],[21,9,17,1,5,13,14],[21,5,9,13,1,17,6,14],[21,5,1,13,9,17,6,14],[9,1,21,5,17,13,14],[1,9,21,5,17,13,14],[1,13,17,5,21,9,14],[1,17,21,13,5,9,6,14],[9,21,17,13,1,5,6,14],[21,13,9,17,5,1,6,14],[13,5,17,1,9,21,6,14],[1,5,13,22,21,9,17,14],[1,13,17,21,5,9,14],[21,1,5,9,13,17,14],[1,5,13,9,17,21,6,14],[17,9,1,13,5,21,6,14],[21,17,13,9,1,5,6,14],[5,17,21,13,9,1,14],[17,13,5,1,21,9,6,14],[17,13,21,9,1,5,14],[1,21,5,9,13,17,14],[5,21,17,1,13,9,14],[21,13,5,1,9,17,14],[5,9,21,17,13,1,6,14],[17,5,9,21,13,2,14],[5,17,13,21,9,1,14],[13,17,1,9,21,5,6,14],[17,1,9,21,5,13,14],[21,5,1,13,17,9,6,14],[9,5,13,1,21,17,14],[21,5,17,1,9,13,6,14],[9,21,13,1,5,17,6,14],[1,17,13,5,9,21,14],[21,9,1,17,13,5,14],[5,17,21,1,9,13,14],[17,9,21,5,13,1,14],[5,21,13,9,17,1,14],[17,21,1,5,9,13,14],[17,13,9,5,21,1,6,14],[5,13,21,17,9,1,14],[13,1,21,9,17,5,6,14],[5,13,9,17,1,21,14],[5,1,9,17,21,13,14],[5,9,21,17,13,1,6,14],[21,5,17,9,13,1,6,14],[5,9,21,13,17,1,14],[1,5,17,9,21,13,6,14],[17,5,9,13,21,1,6,14],[1,9,17,21,13,5,6,14],[21,9,13,17,5,1,14],[17,13,9,1,21,5,6,14],[17,13,1,5,9,21,14],[9,21,17,5,1,13,6,14],[17,13,9,5,1,21,14],[5,21,9,17,13,1,14],[9,5,21,13,1,17,6,14],[9,17,21,5,13,1,6,14],[1,21,17,13,9,5,14],[21,13,5,9,17,1,6,14]]}