{"problem_id":"Cwk6qbJG0sScovU","sigma":75,"alpha":10.000,"cost":0,"probabilities":"[0.27, 0.24, 0.17, 0.32]","payoff_matrix":"[[-114, -48, 44, 49, -40, 85], [23, 47, -61, -98, -50, -7], [-32, -104, 8, 99, 76, 44], [-239, 31, -50, -145, -12, 85]]","uncovered":[[12,24,16,20,8,5,4,21],[16,4,24,12,8,5,20,21],[20,16,4,12,24,8,5,21],[24,20,8,21,12,1],[16,4,24,20,8,5,12,17,21],[4,8,20,24,21,12],[12,24,8,5,20,16,4,21],[20,4,24,16,12,8,21],[4,16,8,24,21],[12,4,24,16,8,5,20,21],[24,20,4,12,8,21],[12,4,20,8,16,24,21],[8,20,4,12,24,21],[8,20,24,5,4,12,16,21],[4,24,8,5,20,12,16,21],[20,16,4,12,24,8,21],[24,20,16,4,12,8,5,17,21],[16,4,12,8,20,24,5,21],[20,8,16,24,21,9,12],[4,8,20,16,12,24,21],[12,20,4,16,24,8,21],[16,20,24,12,4,8,21],[24,4,12,20,8,5,16,21],[12,16,24,4,20,8,21],[4,24,16,20,8,5,12,21],[12,16,20,8,4,24,21],[12,4,8,24,21,20],[20,8,12,24,21,1],[4,20,8,16,12,24,5,21],[20,4,24,16,8,5,12,21],[20,4,8,24,21,9,12],[20,16,12,4,8,24,5,22,18],[24,4,20,8,21,12],[24,4,12,16,8,21],[4,20,8,24,5,16,12,21],[12,16,20,4,8,24,5,21],[4,20,16,8,12,24,21],[16,8,4,24,21],[4,12,16,24,20,8,21],[4,20,12,24,8,21],[20,12,8,4,16,24,21],[4,8,24,5,12,16,20,21],[20,8,24,21,14,3,12],[8,24,5,12,20,16,4,21],[24,4,16,8,21],[8,20,4,16,12,24,21],[4,8,24,5,20,12,16,21],[24,4,16,20,12,8,5,21],[20,24,16,4,8,21],[24,20,4,12,16,8,5,21],[24,16,8,5,4,12,20,21],[8,12,20,4,16,24,5,21],[24,16,8,21,20,12],[16,20,4,12,24,8,5,21],[20,16,4,24,12,8,21],[16,12,4,8,24,21],[24,20,4,16,12,8,21],[8,12,24,21,17,4],[4,12,16,8,24,5,20,17,21],[8,24,5,16,4,20,12,21],[12,4,24,20,8,5,16,21],[8,16,12,4,20,24,5,21],[4,16,20,12,8,24,21],[24,20,4,8,5,12,16,21],[24,8,5,12,16,20,4,21],[8,24,5,12,20,4,16,21],[12,24,4,20,8,21],[8,24,5,16,20,4,12,18,21],[20,12,8,4,16,24,5,21],[4,8,16,24,5,20,12,21],[8,24,21,9,12,3,16],[24,4,12,20,16,8,21],[20,4,24,16,12,8,21],[20,24,4,12,16,8,5,21],[4,20,12,24,8,5,16,21],[20,8,4,16,24,5,12,21],[12,20,4,16,8,24,5,22,18],[8,24,21,14,12,4],[24,4,20,16,8,21],[12,24,4,16,8,5,20,21],[16,12,20,24,8,5,4,21],[24,8,5,20,12,4,16,21],[24,16,12,20,4,8,5,21],[16,20,12,24,4,8,21],[4,16,24,8,5,20,12,21],[4,16,8,24,21],[24,20,4,8,21,12],[20,24,12,4,16,8,5,21],[24,20,16,12,8,5,4,21],[12,20,4,24,8,21],[4,12,24,16,20,8,5,21],[16,8,20,24,5,4,12,21],[16,12,24,8,5,20,4,21],[24,12,4,16,8,21],[8,4,20,16,24,21],[20,24,16,12,8,5,4,21],[8,12,16,24,5,20,4,21],[24,16,20,12,8,5,4,21],[20,24,16,4,8,5,12,21],[8,4,12,20,16,24,5,21],[24,20,12,16,4,8,21],[20,4,24,8,5,12,16,21],[12,20,8,24,5,16,4,22,17],[12,16,8,20,24,21],[24,8,21,20,4,12],[4,20,8,12,16,24,5,21],[16,24,12,8,5,20,4,21],[8,16,12,24,5,20,4,21],[16,4,8,12,20,24,21],[24,12,20,8,5,16,4,21],[20,24,16,8,21,4],[4,12,20,24,16,8,21],[8,4,12,24,21,14],[12,20,8,4,24,21],[4,12,16,20,24,8,21],[24,16,4,12,8,21],[24,4,8,21,20,12],[8,4,24,5,20,12,16,21],[16,4,8,24,5,20,12,21],[4,24,20,12,16,8,5,21],[16,12,24,4,20,8,21],[12,16,4,20,24,8,5,21],[12,8,4,24,5,16,20,22,17],[12,20,24,4,16,8,21],[24,8,21,16,9,12,20],[20,4,16,12,8,24,21],[20,8,4,24,5,16,12,21],[16,4,12,20,24,8,5,21],[16,12,4,20,24,8,21],[8,16,24,5,4,12,20,21],[12,24,20,8,21,16],[24,4,20,12,8,5,16,21],[8,24,5,20,16,4,12,21],[12,20,8,16,4,24,5,21],[12,16,24,20,8,21],[24,8,5,16,12,20,4,21],[24,16,20,8,21,4],[12,20,24,8,21,14],[12,16,20,4,24,8,21],[8,20,12,4,16,24,5,21],[4,8,16,12,20,24,5,21],[20,4,16,12,24,8,5,21],[20,8,24,21,16,4],[24,12,4,16,8,21],[4,20,24,12,8,5,16,21],[8,12,24,5,16,20,4,17,21],[20,24,16,4,8,21],[16,12,20,4,24,8,21],[4,12,8,16,20,24,5,21],[4,16,8,20,24,5,12,21],[20,8,4,16,12,24,5,21],[12,8,24,21,4,20],[24,4,16,12,20,8,21],[24,16,8,21,20,9,12],[12,16,20,8,4,24,5,21],[4,20,12,8,16,24,5,21],[12,20,4,8,16,24,21],[16,24,20,8,5,12,4,21],[12,4,24,20,16,8,5,21],[20,8,4,16,24,5,12,21],[24,8,5,16,4,20,12,21],[16,24,12,8,5,4,20,21],[4,16,20,24,12,8,5,21],[8,20,16,12,24,21],[24,4,12,20,8,21],[8,20,12,16,24,5,4,21],[20,8,24,21,16,12],[20,24,4,16,8,5,12,21],[16,20,12,24,8,5,4,21],[16,12,8,4,20,24,21],[20,12,24,16,4,8,5,21],[24,16,20,4,12,8,21],[24,8,21,12,4,16],[12,20,4,8,16,24,21],[12,8,24,5,20,16,4,21],[20,16,24,8,21,4],[12,4,20,16,8,24,5,21],[12,20,8,4,24,21],[4,16,8,20,12,24,5,21],[16,24,4,20,12,8,5,21],[16,4,8,20,12,24,21],[24,20,8,5,16,12,4,22,17],[12,24,4,16,8,21],[4,12,16,8,24,21],[16,4,8,20,24,5,12,21],[8,24,5,12,16,20,4,21],[20,8,12,4,24,21],[8,12,24,21,1,13,16],[16,12,4,24,20,8,21],[12,24,8,21,16,2,20],[20,16,12,24,4,8,5,21],[4,12,24,8,21,13,16],[12,16,4,24,8,5,20,17,21],[12,20,16,8,24,5,4,21],[12,16,20,24,4,8,21],[12,20,16,4,8,24,21],[24,8,5,16,12,20,4,21],[16,8,24,21,19,20,2,12],[20,4,12,8,16,24,21],[24,16,20,8,21,4],[16,12,8,20,4,24,21],[24,20,12,16,8,5,4,21],[20,4,16,8,12,24,5,21],[24,4,8,5,20,12,16,21],[12,24,4,8,5,20,16,21],[8,20,24,21,4,12],[16,8,20,4,12,24,5,21],[20,16,8,24,5,4,12,21],[16,24,4,8,5,20,12,21],[16,4,8,20,12,24,5,21],[16,4,12,8,24,21],[12,8,24,5,16,20,4,21],[4,16,20,24,8,12,5,21],[20,16,24,4,8,21],[24,4,12,8,21,16],[16,12,24,8,21,18],[4,24,8,5,12,20,16,17,21],[12,16,4,24,20,8,21],[24,4,8,21,19,20,12],[4,16,20,24,12,8,21],[8,24,21,4,9,12,20],[4,12,20,8,24,21],[20,4,24,8,5,16,12,21],[16,20,8,12,4,24,5,21],[4,8,12,16,20,24,5,17,21],[8,24,21,3,12,16],[12,8,4,20,16,24,5,21],[24,20,16,4,12,8,21],[24,16,20,4,8,21],[8,12,16,4,24,21],[24,20,12,8,5,4,16,21],[16,8,24,21,20,4],[12,24,4,20,16,8,5,21],[16,24,4,12,8,5,20,21],[16,4,12,24,20,8,5,22,17],[20,4,16,24,8,5,12,21],[16,24,20,8,5,4,12,21],[16,4,24,8,5,20,12,21],[12,24,4,16,8,5,20,21],[12,20,4,16,24,8,5,21],[20,8,4,16,24,5,12,21],[8,24,5,16,12,4,20,21],[4,8,20,16,12,24,5,21],[4,20,8,16,24,5,12,21],[16,4,8,12,24,5,20,21],[12,20,4,24,16,8,21],[12,16,24,8,5,20,4,21],[16,4,20,8,12,24,21],[20,12,24,16,4,8,5,21],[4,8,16,12,24,21],[12,16,24,4,20,8,5,21],[8,12,16,20,4,24,21],[8,16,4,12,20,24,21],[4,24,8,5,12,20,16,21],[8,12,24,21,16,20],[16,12,4,8,24,21],[8,4,24,5,20,16,12,21],[4,20,8,12,24,5,16,21],[8,20,4,12,24,5,16,21],[24,20,4,8,5,12,16,21],[12,4,16,24,8,21],[20,8,16,12,24,21],[20,16,12,24,8,5,4,21],[8,16,24,21,12,4],[4,16,12,8,20,24,21],[20,12,4,8,24,21],[12,8,24,21,16,4],[8,12,4,20,16,24,21],[12,4,16,8,20,24,5,22,17],[4,12,16,24,8,21],[8,12,24,5,4,20,16,21],[4,8,20,24,21,12],[4,12,16,24,8,5,20,17,21],[16,24,20,4,8,21],[8,16,24,21,4],[12,8,24,21,15,16,4],[24,20,16,8,5,12,4,21],[4,24,20,16,8,21],[20,8,24,5,4,16,12,21],[12,16,24,20,4,8,21],[20,16,4,24,8,21],[4,20,16,12,24,8,5,21],[24,8,5,16,12,20,4,21],[12,16,24,4,20,8,5,21],[4,8,20,16,24,21],[4,8,24,5,12,20,16,21],[12,20,16,4,8,24,21],[8,16,20,24,5,12,4,21],[4,24,8,21,12,16],[16,12,4,24,8,21],[4,8,24,5,20,12,16,21],[8,20,4,12,24,5,16,21],[24,16,12,20,4,8,21],[16,4,20,8,12,24,5,21],[12,16,24,4,20,8,21],[8,12,24,21,13,16,19,20],[24,4,20,8,5,16,12,21],[8,24,5,16,20,12,4,21],[4,16,20,8,24,21],[24,12,8,21,4,19,20],[12,8,20,24,5,16,4,21],[4,24,8,5,16,20,12,21],[4,8,20,16,24,21],[16,20,24,12,4,8,21],[16,4,8,12,24,5,20,21],[4,12,24,8,5,16,20,21],[24,8,5,20,12,16,4,21],[4,20,16,8,12,24,21],[20,12,4,8,16,24,21],[12,16,20,24,4,8,5,21],[8,4,24,5,12,16,20,21],[8,12,16,24,5,4,20,21],[16,8,24,21,11,2,17,4],[8,20,4,16,12,24,21],[24,12,16,8,5,4,20,21],[4,8,20,16,24,5,12,21],[16,24,4,8,21],[4,12,8,20,24,5,16,21],[16,4,24,12,8,5,20,21],[8,20,16,12,24,5,4,21],[24,20,4,8,21,12],[24,12,8,5,20,16,4,21],[8,16,20,12,4,24,21],[12,20,16,4,8,24,21],[8,12,20,16,4,24,21],[8,20,24,5,12,4,16,21],[4,24,16,20,8,21],[12,20,8,24,5,16,4,21],[20,4,16,12,24,8,21],[8,12,24,5,4,16,20,21],[24,16,12,8,4,21],[8,16,12,20,24,5,4,21],[4,16,12,8,20,24,5,21],[16,4,12,8,20,24,5,21],[20,4,24,8,5,16,12,21],[16,8,24,5,12,4,20,21],[4,8,16,12,24,21],[8,20,24,5,4,16,12,21],[8,4,16,24,21],[24,4,16,12,8,21],[24,12,8,21,20,13,16],[4,8,12,16,20,24,21],[20,16,4,24,8,5,12,21],[12,4,24,20,8,5,16,21],[24,20,16,12,4,8,21],[8,24,21,11,16,1],[20,12,8,4,16,24,21],[4,20,16,12,24,8,5,22,17],[16,8,12,20,4,24,21],[20,8,4,12,24,21],[4,16,12,24,8,5,20,21],[20,24,4,16,12,8,21],[12,4,20,24,16,8,21],[4,16,24,8,21],[24,8,5,16,4,12,20,21],[16,20,24,4,12,8,5,21],[4,20,8,16,12,24,21],[4,12,8,16,24,5,20,21],[8,24,5,20,12,4,16,21],[24,8,5,4,12,20,16,21],[12,24,16,8,21,3],[12,16,8,4,24,5,20,21],[24,20,12,4,8,5,16,21],[12,4,16,8,24,21],[24,8,5,16,4,12,20,21],[4,24,8,21,20,16],[24,4,12,8,5,20,16,21],[16,20,12,24,8,21],[24,12,8,21,4,15,16],[4,12,24,20,16,8,21],[8,16,12,4,24,21],[4,16,24,8,5,12,20,21],[20,16,12,8,24,5,4,21],[4,16,8,20,12,24,5,21],[8,16,20,12,4,24,21],[4,8,16,20,12,24,21],[24,16,4,8,21],[16,4,24,20,8,21],[8,24,5,4,20,12,16,22,17],[16,24,4,8,20,21],[24,8,21,12,4,16],[24,20,8,21,12,16],[24,16,8,21,20,10],[8,16,12,4,24,5,20,21],[20,16,8,4,24,21],[8,12,4,20,16,24,21],[20,4,12,24,16,8,21],[8,16,4,20,12,24,5,21],[4,20,12,16,8,24,21],[16,12,4,24,20,8,21],[24,12,20,4,16,8,21],[16,8,4,12,20,24,21],[4,12,24,16,8,5,20,21],[24,20,16,8,21,4],[4,24,8,5,20,16,12,21],[20,4,12,8,24,5,16,21],[16,4,24,20,12,8,21],[16,20,12,4,8,24,5,21],[12,20,8,4,24,16,21],[4,12,8,20,16,24,21],[24,20,12,4,16,8,5,22,17],[16,8,24,5,4,12,20,21],[12,20,16,24,8,5,4,21],[24,20,12,8,21,3,13,16],[20,4,12,24,16,8,5,21],[20,12,16,8,24,5,4,21],[12,16,8,20,4,24,21],[24,20,12,4,16,8,5,21],[16,24,20,12,4,8,5,21],[20,8,16,4,12,24,21],[12,16,24,8,21,20],[20,24,16,4,12,8,21],[20,4,8,16,24,21],[4,16,12,8,24,21],[20,8,12,24,21,4],[12,16,20,4,8,24,5,21],[8,20,16,24,5,4,12,21],[16,4,24,8,5,20,12,21],[24,20,12,16,4,8,5,21],[12,4,20,24,16,8,5,21],[16,12,20,8,4,24,5,21],[12,4,20,24,16,8,5,21],[12,24,4,20,16,8,21],[12,16,4,8,20,24,21],[16,8,4,24,21],[8,4,20,24,21,16],[8,12,24,21,20,14],[20,4,12,8,16,24,21],[24,16,12,4,8,5,20,21],[8,4,24,21,14,12],[4,8,12,16,20,24,21],[4,12,16,20,8,24,21],[8,16,4,12,24,21],[24,4,16,20,12,8,21],[12,24,20,8,5,16,4,21],[20,16,4,12,8,24,5,21],[4,20,8,12,24,5,16,21],[8,12,4,20,24,21],[20,12,4,8,24,5,16,21],[8,20,4,16,24,5,12,21],[24,8,21,12,13,16,18],[16,20,8,24,5,12,4,21],[8,12,4,20,16,24,5,21],[16,24,4,12,20,8,21],[24,12,4,16,8,5,20,21],[8,12,24,21,1,20],[12,24,20,4,8,5,16,21],[4,12,20,8,16,24,5,21],[16,12,20,24,8,5,4,22,17],[8,16,24,21,12,17],[16,20,24,12,4,8,5,21],[12,16,20,24,4,8,21],[8,12,24,21,20,4],[4,8,16,20,24,21],[16,24,20,4,8,5,12,21],[8,16,24,21,4],[12,4,24,16,8,5,20,21],[12,8,24,21,4,13,16],[8,20,12,4,24,21],[16,20,24,4,12,8,21],[20,16,8,12,4,24,21],[24,20,12,4,8,5,16,21],[20,8,12,16,24,21],[24,16,8,5,4,20,12,21],[8,12,20,4,16,24,5,21],[8,24,5,16,20,4,12,21],[20,24,12,16,4,8,21],[20,8,4,24,5,12,16,21],[24,20,8,5,4,12,16,21],[20,16,4,8,12,24,21],[12,4,24,16,8,21],[8,12,20,16,24,21],[4,20,8,12,24,21],[24,20,8,5,4,16,12,21],[20,12,4,8,24,5,16,21],[4,8,16,24,5,20,12,21],[4,8,24,21,14,9,10],[4,8,12,24,21,20],[24,20,16,4,12,8,21],[24,16,4,12,20,8,21],[20,8,12,4,24,21],[24,16,8,5,4,12,20,21],[12,16,4,8,24,5,20,21],[8,16,20,24,21,10],[24,12,4,20,16,8,21],[4,20,24,12,16,8,5,21],[20,4,8,24,21,12],[20,12,8,16,24,21],[16,4,8,12,20,24,21],[12,4,24,20,16,8,21],[12,16,8,24,5,20,4,22,18],[12,8,16,4,24,5,20,21],[12,24,8,5,4,20,16,21],[24,20,4,12,16,8,5,21],[24,16,8,21,9,12,19,20],[4,12,20,24,16,8,21],[8,16,4,12,24,21],[20,4,12,16,8,24,21],[4,24,12,20,16,8,5,21],[16,12,4,24,8,5,20,21],[20,12,24,8,21,3,16],[12,20,4,16,8,24,21],[4,8,24,5,16,12,20,21],[12,24,16,4,8,5,20,21],[20,24,8,5,4,12,16,21],[20,16,12,24,8,5,4,21],[4,12,20,24,16,8,5,21],[12,20,16,8,4,24,5,21],[20,8,24,21,4,12],[4,8,24,5,16,20,12,21],[20,16,8,12,4,24,5,17,21],[24,12,16,20,8,5,4,21],[12,20,24,8,21,16],[16,24,8,5,20,12,4,21],[8,4,12,24,21,15,16],[20,8,4,24,5,16,12,21],[24,8,5,16,4,20,12,21],[20,4,24,16,8,21],[4,20,12,16,24,8,5,21],[20,16,4,8,24,5,12,22,17],[20,24,4,12,16,8,21],[16,12,4,20,8,24,21],[12,16,20,24,4,8,5,21],[4,12,16,24,20,8,21],[8,4,20,16,12,24,5,21],[4,8,16,24,5,12,20,21],[16,4,24,12,20,8,5,21],[24,16,20,12,8,21],[4,8,24,5,12,20,16,21],[20,12,16,8,24,5,4,21],[20,24,4,16,8,21],[24,4,16,12,8,21],[20,8,16,4,24,5,12,22,17],[4,16,24,8,5,12,20,21],[4,12,16,8,24,5,20,21],[24,20,12,16,8,5,4,21],[20,4,12,16,8,24,5,21],[20,24,8,5,4,16,12,21],[4,12,20,16,8,24,5,21],[4,8,24,5,16,20,12,21],[8,16,4,12,20,24,5,22,17],[16,8,4,24,21],[12,8,4,20,16,24,5,21],[12,16,8,4,20,24,21],[4,24,12,8,21,20],[24,12,16,20,8,21],[16,20,24,4,8,21],[24,20,4,8,21,13,16],[16,24,4,20,8,5,12,21],[8,20,16,12,4,24,21],[16,24,12,8,5,4,20,22,17],[24,12,8,5,16,4,20,21],[16,4,24,12,8,21],[8,20,12,16,4,24,5,21],[4,12,24,16,8,21],[4,20,8,12,24,21],[4,8,24,21,12,19,20],[4,24,16,20,12,8,21],[24,4,12,20,16,8,5,21],[20,4,24,12,8,5,16,21],[24,4,8,21,12,19,20],[4,12,24,16,8,21],[12,20,16,4,8,24,21],[8,16,20,12,24,5,4,21],[8,24,21,12,20,4],[16,24,8,21,9,12,17],[16,8,4,24,21],[4,12,20,8,24,5,16,22,17],[24,8,5,4,12,16,20,21],[8,12,20,4,16,24,5,21],[4,12,8,16,24,21],[4,24,16,12,8,21],[16,12,8,4,24,5,20,21],[12,24,16,20,4,8,5,21],[16,20,24,8,21,4],[24,12,4,8,5,16,20,21],[16,12,24,8,5,20,4,21],[16,4,8,12,20,24,5,21],[4,24,8,21,18,14],[20,16,12,4,24,8,5,21],[12,4,16,20,8,24,21],[16,8,12,24,21,4],[8,12,24,21,4,20],[24,4,20,8,21,15,16],[12,24,8,5,16,4,20,21],[20,4,16,8,12,24,5,21],[12,16,8,4,24,5,20,21],[20,16,8,12,4,24,21],[8,16,12,20,24,21],[16,20,4,24,12,8,5,21],[20,24,12,8,5,4,16,21],[12,16,4,8,20,24,5,17,21],[12,16,24,4,8,5,20,17,21],[20,4,24,16,12,8,21],[12,16,20,8,24,21],[12,8,4,24,5,20,16,21],[24,20,4,16,8,21],[20,4,24,16,12,8,5,21],[24,12,16,8,21,20],[20,16,24,8,21,1],[8,24,21,16,12,20],[24,8,5,12,20,16,4,21],[12,4,24,8,5,20,16,21],[24,12,8,21,20,4],[4,24,20,16,12,8,5,21],[4,20,12,16,24,8,21],[4,8,24,5,20,16,12,21],[8,24,21,12,17,4],[16,12,4,8,20,24,5,21],[16,4,12,8,24,21],[20,4,24,8,21,16],[4,24,20,8,5,12,16,21],[12,24,16,8,5,4,20,21],[20,4,8,16,12,24,5,21],[8,12,16,24,21,2,20],[8,20,12,16,24,5,4,21],[20,4,16,12,24,8,5,17,21],[24,12,20,8,5,16,4,21],[20,12,8,16,4,24,5,21],[24,4,20,16,8,21],[20,4,24,16,8,21],[24,16,4,8,5,20,12,21],[16,8,24,5,20,12,4,21],[8,20,16,24,21,10],[16,20,8,24,21,10],[24,12,16,8,21,4],[4,20,24,12,16,8,5,21],[12,16,24,20,8,5,4,21],[24,16,20,8,5,12,4,21],[16,8,24,21,12,1],[4,20,8,12,24,5,16,21],[8,12,24,4,21,20],[24,20,8,5,16,12,4,21],[4,8,20,24,21,12],[24,20,12,4,16,8,21],[16,4,8,20,12,24,21],[20,24,8,21,2,12,13,16],[4,12,8,16,20,24,21],[12,4,16,24,8,5,20,21],[20,8,24,5,12,4,16,21],[8,4,16,20,24,21],[16,4,8,24,21],[12,8,20,4,16,24,21],[4,12,24,20,8,21],[12,24,4,20,8,5,16,21],[16,12,20,24,8,5,4,21],[24,20,12,8,21,13,16],[24,20,16,8,21,1],[12,16,20,8,24,5,4,22,17],[4,8,24,21,12,20],[8,24,5,16,20,4,12,21],[16,8,20,4,12,24,21],[12,8,16,4,24,21],[20,24,16,12,4,8,21],[16,8,20,24,5,4,12,21],[12,4,24,20,8,21],[24,12,16,4,20,8,21],[12,8,16,4,20,24,21],[12,4,16,20,24,8,5,21],[4,16,8,20,12,24,5,21],[8,12,24,5,4,16,20,22,17],[24,4,20,12,8,5,16,21],[8,12,24,21,4,18],[20,24,16,12,8,4,5,21],[12,20,4,16,8,24,5,21],[12,24,8,5,16,20,4,21],[12,20,16,4,8,24,5,21],[12,8,20,24,5,16,4,21],[4,16,12,24,8,5,20,21],[20,16,4,8,24,21],[8,4,16,20,12,24,21],[16,20,4,12,8,24,5,21],[4,16,8,12,20,24,5,21],[8,12,24,21,16,3],[24,16,12,4,20,8,21],[4,24,8,5,20,16,12,21],[20,16,4,24,8,5,12,21],[4,12,20,16,24,8,5,21],[12,8,24,5,16,20,4,21],[4,8,24,21,18,11,15,16],[20,4,24,16,12,8,21],[12,16,4,20,24,8,5,21],[4,16,20,8,12,24,5,21],[12,20,24,8,5,16,4,17,21],[16,12,4,24,8,21],[24,8,5,12,20,16,4,21],[4,12,20,24,8,21],[12,24,20,4,8,5,16,21],[4,16,8,24,21],[24,4,8,5,16,12,20,21],[24,12,4,20,8,5,16,21],[24,12,4,20,16,8,21],[16,4,12,8,24,21],[16,20,24,8,5,12,4,21],[20,12,24,4,16,8,5,21],[16,20,12,8,24,5,4,21],[20,8,16,24,5,12,4,21],[20,12,8,4,16,24,21],[8,20,12,24,21,16],[4,8,20,12,24,21],[8,16,4,20,24,5,12,21],[24,12,20,8,21,16],[12,16,20,8,4,24,5,21],[4,24,16,20,8,12,21],[16,8,12,24,5,4,20,21],[12,24,16,4,8,21],[16,8,20,12,4,24,21],[8,4,16,24,5,20,12,17,21],[24,16,4,20,12,8,21],[24,20,4,8,5,12,16,21],[8,4,16,24,5,12,20,21],[16,12,8,24,21,20],[24,20,16,12,4,8,5,21],[12,4,16,20,24,8,21],[24,4,8,5,20,12,16,21],[4,12,8,24,5,16,20,21],[24,8,5,4,12,16,20,21],[20,16,4,24,12,8,21],[8,20,24,5,16,4,12,21],[16,12,8,4,20,24,21],[16,24,20,4,8,21],[24,12,4,8,21,15,16],[16,20,24,12,4,8,21],[12,24,16,4,20,8,5,21],[20,24,16,12,8,21],[8,20,24,21,13,16,12],[12,4,20,8,24,21],[8,4,12,20,24,21],[24,4,8,21,14,20],[20,12,4,16,24,8,21],[12,4,20,16,24,8,21],[4,24,12,16,8,21],[12,24,4,8,21,16],[16,20,12,4,8,24,21],[8,16,20,4,24,21],[20,4,12,8,16,24,5,21],[16,20,24,4,12,8,5,22,17],[12,24,16,8,21,4],[8,20,12,4,16,24,21],[4,24,12,20,16,8,5,21],[4,12,8,24,5,16,20,21],[24,16,20,8,21,12],[12,4,20,24,8,5,16,21],[24,12,4,8,5,16,20,21],[16,8,12,4,20,24,21],[24,4,8,21,11,20,16],[4,24,12,20,16,8,5,21],[20,12,16,24,4,8,21],[4,12,8,24,5,16,20,21],[16,20,4,24,8,21],[20,12,24,4,16,8,21],[16,12,8,24,21,4],[16,12,4,20,24,8,21],[12,8,20,24,21,16],[12,16,4,8,24,21],[16,20,12,4,24,8,21],[16,24,8,5,20,4,12,21],[24,4,20,8,21,10],[12,20,4,8,24,21],[8,16,20,12,24,21],[8,24,21,1,10,17],[20,24,12,8,21,16],[20,16,24,4,12,8,5,21],[4,12,8,16,24,5,20,22,17],[12,8,24,21,17,16],[8,16,4,12,24,21],[16,8,12,4,24,21],[4,8,16,12,20,24,21],[24,16,12,4,20,8,21],[4,12,20,24,16,8,21],[24,16,12,8,5,20,4,22,17],[8,24,21,12,4,16],[8,4,12,24,5,16,20,21],[12,20,4,16,8,24,5,21],[8,20,4,24,21,12],[8,4,16,12,24,5,20,21],[12,20,16,8,24,21],[16,24,20,4,12,8,21],[16,8,24,21,20,11,4],[12,16,8,4,20,24,21],[4,12,16,8,24,5,20,21],[8,12,16,4,20,24,21],[16,8,12,20,24,5,4,21],[20,24,8,5,4,16,12,21],[16,12,20,24,4,8,21],[8,24,5,12,16,4,20,22,17],[4,24,20,16,12,8,5,21],[8,4,24,21,13,16],[16,20,4,12,8,24,21],[12,20,4,24,16,8,5,22,17],[12,24,16,4,8,21],[8,16,24,21,10,4],[24,8,5,12,16,4,20,21],[16,4,12,24,20,8,5,21],[8,4,16,20,24,5,12,21],[8,4,16,24,5,12,20,21],[20,8,24,21,1,12],[8,24,5,4,16,12,20,21],[8,20,12,4,16,24,21],[16,20,12,8,4,24,5,21],[24,8,5,4,20,12,16,21],[8,20,24,5,12,16,4,21],[12,24,4,8,21,20],[12,24,4,8,5,20,16,21],[12,8,16,20,4,24,21],[8,20,4,16,12,24,5,21],[4,16,12,8,24,21],[8,20,4,12,16,24,21],[16,24,8,21,4],[8,4,20,24,5,16,12,21],[8,20,16,12,4,24,5,21],[20,16,8,24,5,12,4,21],[20,24,16,8,21,12],[24,8,21,4,18,16],[16,4,12,20,24,8,5,21],[4,8,16,24,5,12,20,21],[8,16,20,12,24,5,4,21],[16,8,12,4,24,21],[16,12,20,8,4,24,21],[12,4,24,16,20,8,21],[16,24,8,21,11,4],[20,8,24,21,4,12],[24,16,12,20,8,5,4,21],[4,8,24,21,20,12],[24,20,4,16,8,21],[8,20,12,24,21,4],[20,24,12,16,4,8,21],[24,16,12,4,8,5,20,21],[12,8,16,20,4,24,21],[24,12,4,8,5,20,16,22,17],[4,24,20,8,21,12],[12,8,4,24,5,20,16,21],[4,16,12,24,8,21],[12,8,20,16,4,24,5,21],[12,4,16,8,20,24,5,21],[4,16,12,8,24,21],[24,4,16,12,20,8,5,21],[16,20,8,4,24,21],[16,24,8,21,1,17],[8,12,24,21,4,20],[16,20,12,24,4,8,21],[24,20,16,12,4,8,5,21],[24,16,12,8,5,4,20,21],[4,16,24,12,20,8,5,21],[24,16,8,5,20,4,12,21],[16,20,8,24,21,12],[12,24,8,21,20,4],[16,12,4,24,20,8,5,21],[4,8,16,12,20,24,5,21],[4,20,24,12,8,5,16,21],[8,12,4,20,16,24,21],[24,16,4,8,21],[12,20,8,24,5,16,4,21],[8,16,24,12,5,20,4,21],[16,4,20,12,8,24,21],[24,4,20,12,8,21],[16,12,20,4,24,8,21],[20,4,8,12,16,24,5,21],[20,24,4,12,8,5,16,21],[20,12,16,8,4,24,5,21],[16,8,4,12,24,5,20,21],[24,20,4,16,8,5,12,21],[8,16,20,4,24,5,12,21],[8,4,20,24,5,16,12,21],[4,24,8,12,5,20,16,21],[20,16,12,24,8,5,4,21],[20,12,24,4,8,5,16,21],[20,4,16,24,12,8,5,21],[4,20,24,8,21,16],[4,8,24,21,12,18],[16,8,20,12,4,24,5,21],[16,24,4,8,5,20,12,21],[8,4,16,24,21],[4,20,24,12,8,5,16,21],[12,16,20,24,8,5,4,21],[4,24,8,5,16,20,12,21],[8,4,16,12,24,5,20,21],[12,16,24,8,21,4],[16,20,24,4,8,21],[20,4,12,8,16,24,5,21],[4,24,20,12,8,5,16,21],[16,24,20,12,4,8,21],[12,8,24,5,20,16,4,21],[4,16,20,8,24,21],[12,16,24,4,8,5,20,21],[8,12,24,5,20,4,16,21],[20,24,16,12,4,8,5,21],[12,8,24,5,20,4,16,17,21],[20,8,16,4,12,24,5,21],[16,8,4,24,5,12,20,21],[4,20,16,24,8,21],[4,20,24,12,16,8,21],[4,16,20,24,12,8,5,21],[4,24,20,12,16,8,21],[8,16,24,5,12,4,20,21],[12,8,4,16,20,24,21],[8,4,12,16,24,5,20,22,17],[20,4,8,12,24,5,16,21],[20,4,12,8,24,5,16,21],[4,20,16,24,8,21],[24,12,16,20,8,21],[4,20,16,24,8,5,12,22,17],[4,8,16,12,20,24,21],[20,4,8,24,5,16,12,21],[16,12,4,8,24,21],[24,12,16,4,20,8,21],[20,8,16,12,24,21],[8,4,12,24,21,20],[16,8,4,24,21],[24,12,20,4,16,8,5,21],[12,24,8,21,16,4],[4,24,8,21,20,16],[16,4,8,24,5,12,20,21],[4,20,16,24,12,8,5,21],[4,16,20,12,8,24,21],[8,24,5,4,16,20,12,21],[20,12,8,24,5,16,4,21],[24,16,8,5,12,4,20,21],[4,24,8,5,20,12,16,21],[4,20,8,24,21,12],[24,12,8,21,20,4],[8,12,24,21,1,20],[16,24,4,20,8,21],[4,24,16,8,5,20,12,21],[12,20,4,24,16,8,5,21],[16,12,4,20,8,24,5,21],[20,24,4,8,21,16],[16,24,4,12,20,8,5,22,17],[16,20,12,8,24,21],[4,24,12,8,20,21],[24,8,5,4,16,12,20,21],[8,24,5,12,4,20,16,21],[12,4,24,16,8,21],[12,20,16,24,8,5,4,21],[4,20,12,8,24,5,16,21],[4,20,12,24,16,8,21],[12,20,16,4,8,24,21],[12,8,16,20,24,21],[4,12,24,20,16,8,21],[8,4,16,24,5,12,20,21],[4,20,16,12,24,8,5,21],[8,24,5,4,12,16,20,21],[12,24,4,20,16,8,21],[20,12,16,8,24,21],[16,12,24,4,8,20,21],[8,12,4,20,16,24,21],[4,8,12,24,21,20],[8,16,20,24,5,12,4,21],[4,8,24,21,20,12],[20,16,12,8,4,24,5,21],[16,8,12,24,21,17],[16,20,24,8,5,4,12,21],[4,8,20,12,24,5,16,21],[8,12,20,4,16,24,21],[24,12,16,8,5,20,4,21],[8,4,16,24,5,12,20,21],[8,20,12,4,16,24,5,21],[20,4,24,8,5,12,16,21],[20,8,4,16,12,24,21],[20,16,8,24,21,9,12],[24,4,16,20,8,21],[24,12,16,4,8,21],[12,4,8,16,24,5,20,21],[12,16,8,4,20,24,21],[20,4,16,8,24,5,12,21],[12,8,4,24,5,20,16,21],[4,8,24,21,13,16],[16,24,20,8,5,12,4,21],[24,12,8,21,16,20],[4,12,16,24,20,8,5,22,17],[24,8,21,12,16,4],[24,20,16,8,5,12,4,21],[20,4,8,24,21,10],[16,8,24,5,12,4,20,21],[16,4,8,20,12,24,5,21],[16,20,8,4,24,21],[4,12,24,20,16,8,21],[24,16,4,8,5,20,12,21],[8,24,5,4,20,16,12,21],[24,20,12,4,8,5,16,21],[16,12,8,4,24,21],[16,24,4,20,8,5,12,21],[24,20,16,8,5,12,4,21],[20,16,4,8,12,24,21],[4,20,16,12,24,8,5,21],[12,4,20,16,8,24,5,21],[24,4,16,20,8,5,12,21],[20,8,4,24,21,16],[12,8,20,4,24,5,16,21],[20,16,12,8,4,24,5,21],[20,24,16,12,4,8,5,21],[12,16,20,24,8,21],[12,4,24,8,21,15,16],[4,20,12,24,16,8,21],[20,4,24,16,12,8,5,21],[24,20,16,8,21,12],[16,24,20,8,21,4],[24,16,4,8,21],[24,20,8,5,4,12,16,21],[12,16,8,24,5,20,4,21]]}