{"problem_id":"NxTTIjEPvtxHSMx","sigma":75,"alpha":10.000,"cost":1,"probabilities":"[0.12, 0.33, 0.32, 0.23]","payoff_matrix":"[[21, 75, 62, 66, -90, 54], [22, -46, -59, -16, 35, -59], [-106, 28, -51, 21, -7, -47], [55, 13, 9, 61, 90, -12]]","uncovered":[[18,22,14,10,2,19,3,6,15,20],[6,2,14,18,3,10,22,19,15,16,20],[6,10,2,22,14,18,19,3,15,16,20],[2,6,18,19,3,22,14,10,15,16,20],[6,14,10,22,18,2,3,19,15,20],[6,22,14,18,10,2,3,15,19,20],[22,2,18,3,14,10,6,19,15,16,20],[2,22,6,14,10,18,19,3,15,16,20],[2,18,19,3,14,22,6,10,15,16,20],[22,10,6,14,18,2,19,3,15,16,20],[6,2,22,14,10,18,19,3,15,20],[22,6,14,2,10,18,19,3,15,16,20],[10,18,22,6,14,2,19,3,15,20],[22,2,10,18,3,14,6,19,15,20],[18,10,2,3,6,22,14,15,19,20],[10,18,22,6,14,2,3,15,19,20],[22,10,6,14,18,2,19,3,15,20],[6,18,10,22,14,2,3,19,15,16,20],[10,2,18,3,22,14,6,19,15,16,20],[6,22,14,2,10,18,19,3,15,16,20],[10,2,14,22,18,3,6,19,15,16,20],[18,22,10,14,6,2,19,3,15,20],[22,10,2,18,19,3,14,6,15,20],[14,2,6,22,18,19,3,10,15,20],[10,22,18,2,3,14,6,15,19,20],[10,14,2,18,3,22,6,15,19,16,20],[6,2,22,14,10,18,3,15,19,16,20],[2,22,10,6,14,18,19,3,15,16,20],[2,22,14,18,3,10,6,19,15,20],[14,10,22,18,2,3,6,15,19,20],[2,14,6,10,22,18,3,19,15,16,20],[2,6,10,14,22,18,19,3,15,16,20],[22,2,14,18,19,3,10,6,15,16,20],[18,22,6,2,3,10,14,19,15,20],[6,2,18,19,3,10,14,22,15,20],[2,6,14,18,3,10,22,15,19,16,20],[2,10,18,3,22,6,14,19,15,20],[10,22,6,14,18,2,3,19,15,16,20],[14,6,18,2,19,3,22,10,15,16,20],[22,10,14,2,6,18,19,3,15,20],[18,2,19,3,10,22,6,14,15,16,20],[14,18,10,6,2,3,22,19,15,16,20],[6,14,22,10,18,2,3,15,19,16,20],[2,14,22,18,19,3,6,10,15,20],[22,6,2,10,14,18,19,3,15,16,20],[10,14,2,22,18,3,6,15,19,16,20],[14,6,10,2,18,19,3,22,15,20],[22,2,18,19,3,14,6,10,15,16,20],[10,18,6,22,2,19,3,14,15,20],[18,2,19,3,22,10,14,6,15,20],[14,6,2,18,19,3,10,22,15,20],[18,2,19,3,14,22,6,10,15,20],[22,14,6,2,18,3,10,19,15,16,20],[14,18,10,2,19,3,22,6,15,16,20],[10,22,2,6,14,18,3,15,19,16,20],[22,14,2,10,6,18,3,15,19,16,20],[18,14,10,22,2,19,3,6,15,16,20],[6,18,10,14,22,2,3,15,19,16,20],[18,2,3,10,14,6,22,15,19,16,20],[18,22,10,14,2,3,6,15,19,20],[22,10,14,6,18,2,19,3,15,16,20],[22,10,2,6,18,19,3,14,15,20],[18,22,10,2,3,6,14,19,15,20],[22,2,6,14,18,3,10,15,19,20],[18,10,6,22,14,2,19,3,15,20],[10,22,6,2,14,18,3,15,19,20],[6,2,14,10,22,18,19,3,15,20],[2,10,14,22,6,18,19,3,15,16,20],[22,10,14,6,2,18,3,19,15,16,20],[10,6,14,22,2,18,3,19,15,16,20],[22,10,2,6,18,19,3,14,15,16,20],[22,14,18,2,3,10,6,15,19,16,20],[10,2,14,6,18,19,3,22,15,16,20],[14,6,2,10,18,3,22,15,19,20],[22,6,18,2,3,14,10,19,15,16,20],[10,6,18,22,14,2,3,19,15,16,20],[6,2,18,3,22,14,10,19,15,20],[2,14,22,10,6,18,19,3,15,16,20],[18,14,22,10,2,19,3,6,15,20],[22,2,10,6,14,18,19,3,15,16,20],[18,6,10,22,2,19,3,14,15,16,20],[2,18,3,14,6,10,22,15,19,16,20],[2,22,14,6,10,18,19,3,15,16,20],[2,14,10,18,3,22,6,19,15,20],[22,6,18,14,10,2,19,3,15,16,20],[10,18,6,14,2,19,3,22,15,16,20],[14,22,18,10,6,2,19,3,15,16,20],[10,18,14,2,3,6,22,15,19,20],[22,2,6,10,14,18,3,15,19,16,20],[22,14,6,18,2,3,10,19,15,16,20],[18,6,22,14,2,19,3,10,15,16,20],[2,10,14,6,22,18,3,15,19,16,20],[2,18,3,22,14,6,10,15,19,16,20],[6,2,14,10,18,19,3,22,15,16,20],[10,2,6,18,3,14,22,19,15,16,20],[22,2,6,18,19,3,10,14,15,20],[18,10,22,14,6,2,3,15,19,16,20],[18,2,19,3,6,22,14,10,15,16,20],[10,6,18,2,19,3,22,14,15,20],[22,6,18,2,3,14,10,19,15,20],[2,14,18,19,3,22,10,6,15,16,20],[2,14,6,22,10,18,3,15,19,20],[14,10,6,18,22,2,3,15,19,16,20],[10,22,14,18,2,3,6,15,19,16,20],[10,14,2,22,18,3,6,15,19,16,20],[14,18,10,2,19,3,22,6,15,20],[6,18,14,2,3,22,10,15,19,16,20],[10,18,2,3,22,6,14,19,15,16,20],[14,2,18,3,6,22,10,19,15,20],[14,22,18,2,19,3,6,10,15,20],[18,6,22,10,2,3,14,19,15,16,20],[14,22,10,2,6,18,3,15,19,20],[14,22,10,6,2,18,3,19,15,16,20],[2,10,6,14,18,19,3,22,15,20],[18,2,19,3,14,6,10,22,15,20],[2,10,6,22,18,3,14,19,15,20],[2,18,3,14,10,6,22,19,15,20],[14,22,10,2,18,3,6,19,15,20],[18,6,22,14,10,2,3,19,15,20],[18,6,10,2,19,3,22,14,15,16,20],[22,2,18,3,14,10,6,15,19,16,20],[6,22,2,10,18,3,14,19,15,16,20],[10,14,22,2,6,18,19,3,15,16,20],[14,2,22,18,19,3,10,6,15,20],[6,2,22,18,3,10,14,15,19,16,20],[18,2,3,6,14,10,22,15,19,20],[14,6,18,22,10,2,3,15,19,20],[22,10,2,18,19,3,6,14,15,16,20],[14,22,2,18,3,10,6,15,19,16,20],[18,2,19,3,22,10,14,6,15,20],[6,2,14,10,18,19,3,22,15,20],[10,14,18,2,19,3,22,6,15,16,20],[6,22,2,10,14,18,3,15,19,16,20],[2,10,18,19,3,6,14,22,15,16,20],[14,10,2,18,3,22,6,19,15,20],[22,10,18,14,2,3,6,15,19,16,20],[10,22,14,2,18,19,3,6,15,20],[14,22,18,6,10,2,19,3,15,16,20],[2,6,14,10,18,3,22,19,15,16,20],[22,18,2,19,3,14,6,10,15,16,20],[2,18,3,10,6,14,22,15,19,16,20],[6,10,14,22,18,2,3,15,19,16,20],[10,18,2,3,6,14,22,19,15,20],[14,22,2,10,6,18,3,15,19,20],[14,22,18,6,2,19,3,10,15,20],[2,10,6,22,18,3,14,15,19,20],[14,10,2,22,6,18,3,19,15,20],[18,2,3,6,22,14,10,19,15,20],[6,2,18,3,22,14,10,19,15,16,20],[2,10,22,18,3,14,6,19,15,20],[6,18,22,2,19,3,10,14,15,16,20],[6,2,10,14,18,3,22,15,19,20],[10,18,2,19,3,22,6,14,15,16,20],[2,6,18,3,14,22,10,15,19,20],[2,10,6,14,18,19,3,22,15,16,20],[22,14,6,18,2,19,3,10,15,20],[2,18,3,22,6,10,14,19,15,16,20],[22,6,10,18,14,2,19,3,15,20],[10,18,22,6,14,2,3,19,15,20],[14,22,10,6,18,2,3,19,15,16,20],[22,10,18,2,3,14,6,15,19,16,20],[6,14,18,22,2,3,10,19,15,16,20],[10,14,22,2,6,18,19,3,15,16,20],[2,14,18,19,3,22,10,6,15,20],[14,10,22,2,6,18,19,3,15,20],[22,2,10,14,6,18,19,3,15,20],[2,6,14,18,19,3,10,22,15,16,20],[14,10,2,6,22,18,19,3,15,20],[18,10,2,3,22,6,14,15,19,20],[2,6,14,18,3,22,10,15,19,20],[22,18,14,2,3,6,10,19,15,16,20],[18,2,19,3,6,10,14,22,15,20],[14,2,22,10,6,18,3,19,15,20],[18,10,2,3,14,6,22,15,19,20],[6,10,2,18,19,3,22,14,15,20],[18,10,2,3,6,22,14,15,19,16,20],[18,22,14,2,19,3,6,10,15,20],[18,22,2,3,14,10,6,19,15,16,20],[2,10,18,3,22,14,6,15,19,20],[14,10,22,6,2,18,19,3,15,20],[10,14,6,22,2,18,3,15,19,16,20],[6,22,2,14,18,19,3,10,15,16,20],[14,18,22,10,2,19,3,6,15,20],[6,2,10,14,18,3,22,19,15,16,20],[14,18,6,22,2,3,10,15,19,16,20],[2,22,14,10,6,18,3,15,19,16,20],[22,18,2,3,6,14,10,15,19,16,20],[18,22,14,6,2,19,3,10,15,16,20],[18,10,2,3,22,14,6,15,19,16,20],[6,14,10,22,18,2,19,3,15,16,20],[18,6,14,22,10,2,19,3,15,16,20],[10,14,18,22,6,2,19,3,15,20],[14,6,10,18,22,2,3,15,19,16,20],[18,22,2,3,10,6,14,19,15,16,20],[18,6,10,22,2,3,14,15,19,20],[18,6,14,2,19,3,10,22,15,16,20],[10,14,18,22,2,19,3,6,15,20],[2,6,18,3,22,10,14,19,15,20],[18,10,6,22,14,2,19,3,15,20],[14,2,18,3,10,6,22,19,15,20],[18,22,2,3,6,10,14,19,15,16,20],[6,2,22,18,3,10,14,19,15,20],[2,18,19,3,10,14,6,22,15,20],[18,22,6,10,2,19,3,14,15,20],[22,2,10,14,18,19,3,6,15,16,20],[22,14,10,6,18,2,19,3,15,16,20],[10,2,6,14,22,18,3,15,19,16,20],[10,2,14,18,3,6,22,19,15,16,20],[14,22,2,18,3,6,10,19,15,20],[14,18,22,6,10,2,19,3,15,16,20],[22,18,10,6,14,2,19,3,15,16,20],[14,2,18,3,22,6,10,15,19,20],[14,18,22,10,2,3,6,19,15,16,20],[18,14,2,3,22,10,6,15,19,20],[22,18,10,2,19,3,6,14,15,16,20],[18,2,3,22,14,6,10,15,19,16,20],[22,6,2,10,18,19,3,14,15,16,20],[18,14,2,19,3,6,22,10,15,20],[6,2,14,10,18,3,22,15,19,16,20],[22,14,18,10,2,3,6,19,15,16,20],[14,6,2,22,18,3,10,19,15,16,20],[22,18,6,2,3,10,14,19,15,16,20],[18,6,22,14,2,19,3,10,15,20],[6,10,2,14,18,19,3,22,15,20],[6,18,2,3,22,14,10,15,19,20],[2,10,14,22,6,18,3,15,19,16,20],[10,6,14,18,22,2,19,3,15,20],[10,2,22,18,19,3,14,6,15,16,20],[2,14,18,19,3,6,22,10,15,16,20],[10,6,18,2,3,14,22,19,15,20],[18,6,2,3,14,22,10,15,19,20],[10,14,6,2,18,19,3,22,15,20],[14,2,22,6,18,3,10,19,15,16,20],[18,6,14,22,2,3,10,19,15,16,20],[10,2,14,18,19,3,22,6,15,16,20],[22,6,2,14,18,19,3,10,15,20],[22,2,18,19,3,6,14,10,15,16,20],[22,10,6,18,14,2,19,3,15,20],[14,10,22,2,18,3,6,15,19,20],[2,10,18,19,3,6,22,14,15,16,20],[6,2,18,3,10,22,14,19,15,16,20],[18,10,6,2,3,14,22,19,15,16,20],[2,18,19,3,6,14,10,22,15,16,20],[2,10,14,22,6,18,3,19,15,20],[2,14,22,10,6,18,19,3,15,16,20],[18,14,2,3,22,10,6,19,15,16,20],[14,2,22,10,6,18,19,3,15,20],[18,22,14,6,10,2,19,3,15,20],[2,6,10,22,18,19,3,14,15,20],[14,18,10,2,19,3,22,6,15,20],[14,10,22,18,6,2,3,15,19,20],[2,18,3,6,10,14,22,19,15,16,20],[6,14,10,2,18,3,22,19,15,16,20],[14,18,10,22,6,2,3,19,15,20],[10,22,14,6,18,2,19,3,15,20],[2,14,6,22,10,18,19,3,15,20],[22,6,2,18,3,14,10,19,15,16,20],[10,22,18,6,2,3,14,15,19,16,20],[10,22,2,18,19,3,6,14,15,20],[22,18,2,3,14,10,6,15,19,20],[2,14,6,22,18,3,10,15,19,16,20],[18,2,3,10,6,14,22,19,15,20],[6,2,22,10,18,3,14,15,19,16,20],[22,18,10,2,3,6,14,19,15,20],[2,18,19,3,6,14,22,10,15,20],[2,22,14,6,10,18,3,15,19,20],[2,6,10,22,14,18,3,19,15,20],[10,2,18,3,14,6,22,19,15,20],[6,18,2,19,3,10,14,22,15,20],[14,18,2,19,3,22,6,10,15,16,20],[18,2,19,3,10,6,22,14,15,20],[2,10,14,18,3,6,22,15,19,16,20],[2,18,3,22,14,6,10,19,15,20],[10,14,6,2,18,3,22,19,15,20],[2,18,3,6,10,22,14,15,19,20],[22,10,18,14,2,19,3,6,15,20],[10,14,2,22,6,18,19,3,15,16,20],[18,6,2,19,3,22,10,14,15,16,20],[22,18,2,19,3,6,10,14,15,16,20],[14,10,2,18,19,3,22,6,15,20],[14,22,18,2,3,6,10,15,19,20],[22,2,14,6,10,18,19,3,15,16,20],[6,14,2,10,18,3,22,15,19,20],[6,18,22,2,3,14,10,19,15,16,20],[10,22,14,6,18,2,19,3,15,16,20],[6,2,10,22,14,18,3,19,15,20],[18,10,6,22,2,3,14,15,19,20],[14,18,6,22,10,2,3,19,15,16,20],[6,2,18,19,3,10,14,22,15,16,20],[14,10,22,2,18,19,3,6,15,20],[22,14,2,18,3,10,6,19,15,16,20],[18,2,3,14,22,6,10,19,15,20],[22,6,14,10,2,18,19,3,15,20],[22,2,18,19,3,14,10,6,15,20],[6,18,14,10,22,2,3,19,15,16,20],[14,2,6,22,10,18,19,3,15,16,20],[6,2,18,19,3,10,22,14,15,20],[22,6,10,18,2,3,14,15,19,16,20],[14,2,18,3,22,6,10,15,19,16,20],[22,18,2,19,3,6,14,10,15,20],[18,10,2,19,3,14,6,22,15,16,20],[18,22,2,19,3,14,10,6,15,16,20],[10,2,6,14,22,18,3,19,15,16,20],[18,6,22,14,10,2,3,15,19,16,20],[2,6,14,18,3,22,10,15,19,20],[14,22,18,2,3,6,10,19,15,20],[10,2,14,22,18,19,3,6,15,20],[10,6,2,18,19,3,22,14,15,16,20],[2,18,3,22,6,10,14,19,15,16,20],[2,14,22,18,19,3,10,6,15,20],[18,22,10,2,3,14,6,19,15,16,20],[14,10,2,6,22,18,19,3,15,20],[18,6,14,22,10,2,3,19,15,20],[14,22,10,2,18,19,3,6,15,16,20],[18,14,2,3,22,10,6,15,19,20],[10,18,2,19,3,14,22,6,15,16,20],[22,18,14,2,19,3,10,6,15,16,20],[2,14,10,6,22,18,3,19,15,16,20],[6,14,22,10,2,18,3,15,19,16,20],[22,10,2,18,3,14,6,15,19,16,20],[10,6,2,18,19,3,22,14,15,16,20],[10,6,18,2,19,3,22,14,15,20],[6,14,18,2,19,3,10,22,15,20],[6,10,18,14,2,3,22,19,15,20],[6,22,18,2,3,10,14,19,15,20],[22,6,14,10,18,2,3,15,19,16,20],[22,18,6,10,14,2,19,3,15,16,20],[2,22,10,14,18,19,3,6,15,16,20],[10,14,2,18,19,3,22,6,15,20],[10,14,22,6,18,2,3,19,15,16,20],[2,6,14,22,18,19,3,10,15,16,20],[18,2,3,22,6,14,10,15,19,16,20],[18,22,14,2,19,3,6,10,15,20],[10,14,6,18,22,2,3,15,19,20],[2,18,19,3,10,14,6,22,15,20],[10,14,18,6,2,3,22,15,19,16,20],[10,2,6,14,18,19,3,22,15,16,20],[6,18,22,14,10,2,3,19,15,16,20],[14,6,18,2,3,22,10,15,19,16,20],[18,6,10,22,14,2,19,3,15,20],[22,10,6,14,18,2,19,3,15,16,20],[2,6,14,10,18,19,3,22,15,16,20],[22,10,14,6,2,18,3,19,15,20],[10,2,14,18,3,6,22,19,15,20],[10,18,22,6,2,3,14,19,15,20],[10,2,6,22,18,3,14,15,19,16,20],[18,6,2,3,22,10,14,19,15,20],[22,10,18,2,3,14,6,19,15,16,20],[22,18,14,2,19,3,10,6,15,20],[22,18,14,10,2,3,6,15,19,20],[18,2,19,3,6,14,22,10,15,16,20],[10,22,6,2,14,18,3,19,15,20],[22,14,10,2,18,19,3,6,15,16,20],[22,2,14,10,18,19,3,6,15,16,20],[18,2,3,6,14,10,22,19,15,20],[6,2,14,10,22,18,19,3,15,20],[14,18,2,3,10,22,6,19,15,16,20],[10,6,2,14,18,19,3,22,15,20],[22,14,2,18,19,3,6,10,15,16,20],[10,18,2,3,14,22,6,19,15,20],[22,10,6,18,14,2,19,3,15,16,20],[22,18,10,2,3,6,14,19,15,20],[22,6,2,18,19,3,10,14,15,16,20],[18,22,6,2,19,3,10,14,15,16,20],[10,18,22,2,3,6,14,15,19,20],[18,14,22,2,19,3,6,10,15,20],[14,10,2,18,3,22,6,19,15,16,20],[18,10,6,14,22,2,3,19,15,20],[6,22,2,18,3,10,14,19,15,16,20],[10,14,2,22,18,3,6,19,15,20],[2,18,3,22,14,6,10,15,19,16,20],[14,10,6,2,18,19,3,22,15,20],[18,10,14,6,22,2,3,19,15,20],[22,10,2,6,14,18,19,3,15,16,20],[22,18,2,3,10,14,6,15,19,16,20],[22,2,14,10,18,3,6,15,19,16,20],[6,14,10,22,18,2,19,3,15,20],[14,10,2,18,19,3,22,6,15,16,20],[6,14,10,2,18,3,22,19,15,20],[6,18,10,14,2,19,3,22,15,16,20],[18,22,2,19,3,10,14,6,15,16,20],[6,14,18,10,2,3,22,15,19,16,20],[22,14,6,18,10,2,19,3,15,16,20],[14,18,6,2,19,3,10,22,15,20],[2,22,14,6,18,3,10,15,19,20],[18,2,3,10,6,22,14,15,19,20],[2,6,18,3,14,22,10,15,19,16,20],[10,2,6,14,18,19,3,22,15,20],[14,10,18,6,22,2,19,3,15,20],[6,18,14,2,3,10,22,19,15,16,20],[14,2,18,19,3,6,22,10,15,16,20],[18,22,10,14,2,3,6,15,19,20],[18,14,22,10,2,3,6,19,15,16,20],[10,22,2,6,14,18,3,15,19,20],[22,14,10,18,6,2,19,3,15,16,20],[6,22,18,10,14,2,3,15,19,16,20],[2,10,6,18,19,3,22,14,15,16,20],[6,22,18,10,14,2,3,19,15,20],[6,14,22,2,10,18,19,3,15,20],[14,6,2,18,3,22,10,15,19,20],[14,22,2,18,19,3,6,10,15,16,20],[10,18,14,22,2,19,3,6,15,20],[2,6,10,14,22,18,19,3,15,20],[10,22,14,2,6,18,3,15,19,20],[2,14,10,22,6,18,19,3,15,20],[22,10,6,14,2,18,19,3,15,16,20],[10,14,6,22,2,18,3,19,15,20],[22,10,18,2,19,3,14,6,15,16,20],[6,2,22,18,3,10,14,19,15,16,20],[22,18,6,14,10,2,19,3,15,16,20],[18,14,2,3,6,22,10,19,15,16,20],[10,14,2,18,19,3,6,22,15,20],[22,14,10,2,18,3,6,19,15,20],[6,10,14,22,18,2,19,3,15,20],[10,22,14,6,18,2,19,3,15,16,20],[22,14,10,2,6,18,3,19,15,16,20],[22,18,10,6,14,2,19,3,15,16,20],[10,14,6,22,2,18,3,15,19,16,20],[10,18,22,14,2,19,3,6,15,20],[6,10,14,2,22,18,19,3,15,20],[14,2,10,18,19,3,6,22,15,16,20],[6,14,18,10,22,2,3,19,15,20],[14,2,18,19,3,10,22,6,15,20],[14,10,6,18,22,2,19,3,15,16,20],[6,10,14,18,2,19,3,22,15,16,20],[18,6,2,19,3,10,22,14,15,16,20],[18,2,19,3,22,6,10,14,15,20],[10,2,18,19,3,22,14,6,15,16,20],[2,14,22,10,6,18,3,19,15,20],[14,6,10,22,18,2,19,3,15,16,20],[2,6,22,10,14,18,3,19,15,20],[6,2,18,19,3,22,14,10,15,20],[2,14,22,6,18,3,10,15,19,20],[2,22,14,18,3,6,10,15,19,16,20],[14,2,18,3,22,10,6,19,15,20],[14,10,2,6,18,3,22,19,15,16,20],[22,18,14,2,3,6,10,15,19,20],[6,22,2,10,14,18,19,3,15,20],[10,22,14,18,2,19,3,6,15,20],[10,22,14,18,2,19,3,6,15,16,20],[22,18,6,10,2,19,3,14,15,16,20],[10,22,18,2,19,3,6,14,15,20],[14,2,10,22,18,3,6,15,19,20],[14,18,10,2,19,3,22,6,15,16,20],[10,22,2,18,3,14,6,15,19,20],[10,14,22,18,2,19,3,6,15,16,20],[6,18,2,19,3,14,22,10,15,20],[6,2,18,19,3,10,22,14,15,16,20],[14,2,10,22,6,18,3,19,15,20],[6,18,22,10,2,3,14,15,19,20],[14,18,2,19,3,6,10,22,15,16,20],[18,6,14,2,3,10,22,19,15,16,20],[10,6,22,18,14,2,19,3,15,16,20],[2,10,6,18,19,3,14,22,15,16,20],[18,10,6,22,2,19,3,14,15,16,20],[18,22,6,2,3,14,10,15,19,20],[18,6,14,22,2,3,10,19,15,20],[6,2,18,19,3,22,10,14,15,16,20],[14,10,22,2,6,18,19,3,15,16,20],[2,18,19,3,10,14,22,6,15,16,20],[14,6,2,22,18,3,10,15,19,20],[10,6,2,22,18,19,3,14,15,16,20],[2,10,14,22,6,18,3,19,15,16,20],[22,14,6,18,2,3,10,15,19,16,20],[18,6,10,22,14,2,19,3,15,16,20],[6,2,14,10,18,19,3,22,15,20],[22,10,18,6,14,2,3,15,19,20],[14,10,22,2,6,18,3,19,15,16,20],[18,22,6,10,14,2,3,15,19,20],[6,14,2,22,18,19,3,10,15,20],[18,14,2,19,3,22,10,6,15,20],[6,14,10,22,18,2,19,3,15,20],[22,18,2,19,3,14,6,10,15,16,20],[10,6,18,14,2,19,3,22,15,20],[22,10,14,6,2,18,19,3,15,16,20],[22,18,10,14,2,19,3,6,15,20],[18,14,2,19,3,6,22,10,15,16,20],[2,22,14,10,6,18,3,15,19,16,20],[10,22,18,6,2,19,3,14,15,16,20],[18,2,3,14,10,6,22,19,15,16,20],[10,6,2,18,3,22,14,19,15,16,20],[10,6,14,2,22,18,19,3,15,16,20],[14,22,18,6,10,2,19,3,15,16,20],[10,18,14,22,6,2,19,3,15,16,20],[10,18,14,6,22,2,19,3,15,20],[2,10,18,19,3,6,22,14,15,20],[22,18,14,2,3,6,10,15,19,20],[18,10,2,3,14,6,22,19,15,16,20],[22,10,18,14,2,19,3,6,15,16,20],[10,22,2,6,18,19,3,14,15,20],[6,18,14,10,22,2,3,15,19,20],[14,18,22,10,2,19,3,6,15,16,20],[10,6,18,14,22,2,19,3,15,20],[2,14,10,6,22,18,3,15,19,20],[10,18,14,6,22,2,3,19,15,16,20],[6,22,18,10,14,2,3,15,19,16,20],[14,18,2,3,22,10,6,19,15,16,20],[2,14,6,10,18,3,22,15,19,16,20],[14,10,2,6,18,19,3,22,15,16,20],[6,22,2,18,19,3,14,10,15,16,20],[2,14,18,3,22,10,6,19,15,16,20],[18,10,6,14,22,2,3,15,19,16,20],[18,10,6,2,19,3,22,14,15,20],[14,22,2,6,10,18,3,15,19,20],[2,10,14,6,22,18,19,3,15,20],[18,14,6,2,19,3,10,22,15,16,20],[6,22,2,14,10,18,19,3,15,16,20],[10,22,6,18,14,2,3,15,19,16,20],[14,10,6,22,18,2,3,19,15,20],[10,18,14,6,2,3,22,19,15,16,20],[10,22,2,18,3,14,6,19,15,20],[14,22,6,10,2,18,19,3,15,16,20],[10,22,18,2,3,14,6,19,15,20],[14,18,2,19,3,22,10,6,15,20],[10,6,18,14,2,19,3,22,15,20],[14,6,18,10,2,19,3,22,15,20],[2,18,19,3,10,14,22,6,15,20],[10,22,2,18,19,3,14,6,15,16,20],[10,6,18,22,14,2,19,3,15,20],[6,2,18,3,22,10,14,19,15,20],[14,6,22,2,18,3,10,15,19,20],[14,22,18,6,10,2,19,3,15,16,20],[10,22,2,14,18,19,3,6,15,20],[10,18,2,19,3,14,6,22,15,20],[10,2,6,22,18,3,14,15,19,16,20],[6,14,10,18,22,2,19,3,15,16,20],[18,14,22,10,6,2,3,15,19,16,20],[22,10,6,18,2,19,3,14,15,20],[6,2,18,19,3,14,22,10,15,20],[10,14,6,2,22,18,3,19,15,16,20],[10,22,2,18,19,3,6,14,15,20],[14,10,2,6,18,19,3,22,15,20],[6,18,10,14,2,3,22,19,15,16,20],[18,14,22,2,19,3,6,10,15,16,20],[10,18,22,6,2,3,14,19,15,16,20],[6,18,14,2,3,10,22,15,19,20],[18,2,19,3,14,6,22,10,15,16,20],[18,22,2,3,6,14,10,19,15,16,20],[6,18,10,22,2,3,14,15,19,20],[14,2,22,6,10,18,3,19,15,16,20],[10,2,6,14,18,3,22,15,19,20],[14,10,2,6,18,19,3,22,15,16,20],[6,2,14,18,3,10,22,19,15,16,20],[6,10,14,22,18,2,19,3,15,16,20],[6,22,2,18,19,3,14,10,15,20],[22,6,10,18,14,2,19,3,15,20],[22,18,14,6,10,2,3,15,19,16,20],[22,14,10,18,2,19,3,6,15,16,20],[2,6,10,14,18,3,22,15,19,20],[22,18,10,6,2,19,3,14,15,16,20],[22,10,6,2,18,3,14,19,15,16,20],[18,2,3,14,6,10,22,19,15,20],[14,22,2,18,3,10,6,19,15,16,20],[6,18,14,10,22,2,19,3,15,20],[6,14,22,18,2,19,3,10,15,20],[22,14,2,6,18,3,10,19,15,20],[10,14,6,22,2,18,19,3,15,20],[22,10,6,14,2,18,19,3,15,20],[2,10,18,3,14,22,6,19,15,20],[10,2,22,18,19,3,6,14,15,20],[6,10,18,14,22,2,3,15,19,20],[10,22,2,18,3,6,14,19,15,16,20],[10,18,6,22,2,19,3,14,15,20],[22,10,14,6,18,2,19,3,15,20],[10,22,2,6,18,19,3,14,15,16,20],[18,22,14,10,6,2,3,19,15,20],[22,18,10,2,3,6,14,19,15,20],[18,22,14,10,2,19,3,6,15,20],[22,18,6,14,2,19,3,10,15,20],[10,22,2,14,18,3,6,19,15,20],[2,18,19,3,14,22,6,10,15,20],[22,14,2,6,18,3,10,15,19,20],[18,2,3,22,6,10,14,15,19,20],[14,18,10,22,6,2,19,3,15,20],[2,22,10,14,18,19,3,6,15,20],[18,10,6,14,2,19,3,22,15,16,20],[18,2,19,3,14,6,10,22,15,16,20],[22,14,10,18,6,2,19,3,15,20],[6,10,14,18,22,2,3,19,15,20],[2,22,18,19,3,10,6,14,15,16,20],[10,22,14,18,2,19,3,6,15,20],[14,22,18,6,2,19,3,10,15,16,20],[22,18,2,19,3,14,6,10,15,16,20],[22,14,2,6,10,18,3,19,15,16,20],[22,6,10,2,14,18,3,19,15,20],[18,2,3,6,22,10,14,19,15,20],[6,22,2,10,14,18,19,3,15,20],[14,22,10,18,2,19,3,6,15,20],[6,10,22,18,2,19,3,14,15,16,20],[10,14,18,6,22,2,19,3,15,16,20],[14,6,18,2,3,22,10,19,15,16,20],[2,14,22,18,19,3,10,6,15,16,20],[10,22,14,18,6,2,19,3,15,16,20],[18,14,6,22,2,3,10,19,15,16,20],[6,2,10,14,22,18,3,19,15,20],[6,10,2,22,14,18,3,19,15,20],[6,22,14,10,18,2,3,15,19,20],[10,18,22,14,6,2,3,19,15,20],[14,18,6,10,22,2,3,15,19,16,20],[18,6,2,3,22,14,10,15,19,20],[2,6,18,3,22,10,14,15,19,20],[18,14,10,22,6,2,19,3,15,20],[22,14,18,2,19,3,10,6,15,20],[2,22,18,3,14,10,6,15,19,16,20],[2,10,6,18,19,3,14,22,15,16,20],[22,14,10,6,2,18,3,15,19,16,20],[18,6,14,10,2,19,3,22,15,16,20],[22,14,10,2,6,18,19,3,15,16,20],[22,6,18,2,19,3,10,14,15,16,20],[6,22,2,10,14,18,3,15,19,16,20],[22,2,18,19,3,10,6,14,15,20],[10,6,18,2,3,14,22,19,15,20],[2,22,14,10,18,3,6,19,15,16,20],[2,14,6,18,19,3,10,22,15,20],[14,22,10,18,6,2,3,19,15,16,20],[22,2,18,19,3,6,14,10,15,16,20],[22,18,14,10,6,2,19,3,15,16,20],[2,22,14,18,3,6,10,19,15,20],[18,10,6,14,22,2,19,3,15,16,20],[6,2,10,22,14,18,19,3,15,16,20],[10,22,2,14,18,3,6,15,19,20],[10,2,18,19,3,14,6,22,15,20],[6,2,10,14,18,19,3,22,15,16,20],[6,18,2,19,3,22,14,10,15,20],[14,22,10,2,6,18,19,3,15,16,20],[6,22,2,10,18,3,14,19,15,16,20],[6,10,2,14,18,19,3,22,15,16,20],[14,18,22,2,19,3,10,6,15,16,20],[14,10,6,22,18,2,3,19,15,16,20],[14,10,6,2,22,18,3,15,19,20],[22,10,2,14,18,19,3,6,15,16,20],[2,18,3,6,14,22,10,19,15,16,20],[22,6,14,18,2,19,3,10,15,20],[6,22,18,14,10,2,3,19,15,20],[10,14,6,22,18,2,3,19,15,20],[6,18,2,3,10,22,14,15,19,16,20],[22,6,14,18,10,2,3,19,15,16,20],[10,14,18,6,2,19,3,22,15,20],[14,10,6,22,2,18,3,19,15,20],[2,6,18,3,10,22,14,19,15,20],[10,14,18,22,6,2,3,19,15,16,20],[18,2,19,3,14,10,22,6,15,20],[22,14,18,2,3,6,10,19,15,20],[14,18,6,2,19,3,10,22,15,20],[6,10,2,22,14,18,3,19,15,20],[6,14,18,2,3,22,10,15,19,16,20],[22,18,10,2,19,3,6,14,15,20],[14,2,22,18,3,10,6,15,19,16,20],[2,14,6,10,18,3,22,15,19,20],[14,2,18,19,3,10,6,22,15,20],[14,2,6,18,3,22,10,19,15,20],[10,14,2,6,18,3,22,15,19,20],[14,6,18,22,2,19,3,10,15,20],[10,2,18,19,3,6,22,14,15,16,20],[6,22,18,14,2,19,3,10,15,16,20],[22,14,2,10,6,18,3,15,19,20],[10,14,22,18,6,2,3,15,19,16,20],[14,6,22,18,2,19,3,10,15,16,20],[14,22,6,18,2,3,10,19,15,20],[22,6,10,14,2,18,19,3,15,20],[14,18,2,19,3,10,6,22,15,16,20],[10,14,6,18,22,2,3,19,15,20],[2,14,6,22,10,18,3,19,15,20],[6,22,10,18,2,19,3,14,15,16,20],[18,22,6,10,14,2,19,3,15,16,20],[6,2,10,14,22,18,19,3,15,16,20],[22,10,18,6,14,2,19,3,15,16,20],[18,2,3,6,22,14,10,19,15,16,20],[22,18,2,3,10,6,14,19,15,20],[18,2,19,3,14,6,10,22,15,16,20],[10,6,22,18,14,2,3,15,19,20],[6,14,18,22,10,2,3,15,19,20],[2,14,18,3,6,22,10,15,19,16,20],[2,6,14,22,18,3,10,15,19,20],[2,6,18,3,22,14,10,19,15,20],[14,6,22,18,10,2,19,3,15,16,20],[10,2,14,18,19,3,22,6,15,20],[22,18,6,14,2,19,3,10,15,16,20],[6,14,22,2,18,3,10,15,19,20],[10,14,22,6,18,2,3,19,15,16,20],[2,14,18,19,3,6,22,10,15,16,20],[10,14,18,22,2,19,3,6,15,16,20],[10,18,6,14,22,2,3,19,15,20],[22,14,10,18,2,19,3,6,15,16,20],[22,10,14,2,6,18,3,19,15,16,20],[22,18,10,14,6,2,19,3,15,20],[14,10,18,6,2,19,3,22,15,20],[6,18,2,3,10,22,14,15,19,16,20],[14,6,18,22,2,19,3,10,15,20],[6,10,2,22,18,19,3,14,15,20],[22,6,14,10,18,2,3,15,19,16,20],[6,2,18,19,3,22,10,14,15,16,20],[14,22,2,18,3,10,6,19,15,16,20],[14,22,18,6,2,3,10,15,19,20],[10,22,18,2,3,6,14,15,19,16,20],[18,22,2,3,10,14,6,19,15,16,20],[14,10,18,6,2,19,3,22,15,16,20],[22,2,10,14,6,18,19,3,15,20],[18,10,22,6,2,3,14,15,19,16,20],[22,10,2,18,19,3,14,6,15,20],[14,18,22,10,2,3,6,15,19,20],[10,22,18,2,3,6,14,15,19,16,20],[14,2,6,10,18,19,3,22,15,20],[22,10,6,18,2,19,3,14,15,16,20],[14,10,18,6,2,19,3,22,15,20],[14,22,2,18,3,10,6,19,15,20],[14,10,22,2,6,18,3,19,15,20],[14,18,22,2,19,3,6,10,15,20],[14,10,18,22,6,2,19,3,15,16,20],[6,18,2,19,3,10,22,14,15,16,20],[22,14,18,10,6,2,19,3,15,16,20],[18,6,22,10,14,2,3,19,15,16,20],[6,10,14,18,2,19,3,22,15,20],[10,18,14,2,3,6,22,19,15,20],[18,10,6,14,2,19,3,22,15,20],[10,6,22,2,18,19,3,14,15,16,20],[6,18,2,19,3,10,22,14,15,16,20],[18,14,10,6,22,2,3,19,15,16,20],[18,6,10,14,2,3,22,19,15,20],[6,14,10,22,2,18,19,3,15,20],[2,18,19,3,10,6,22,14,15,16,20],[2,14,10,6,18,19,3,22,15,16,20],[10,2,14,22,18,19,3,6,15,20],[22,18,2,3,6,10,14,15,19,16,20],[6,22,2,14,18,19,3,10,15,20],[18,6,22,10,2,19,3,14,15,20],[6,10,2,14,18,3,22,15,19,20],[6,2,18,19,3,10,14,22,15,16,20],[10,2,6,22,18,3,14,19,15,16,20],[14,10,6,22,18,2,19,3,15,20],[2,14,22,6,10,18,3,15,19,16,20],[2,14,18,3,6,22,10,15,19,16,20],[10,22,14,2,18,19,3,6,15,16,20],[14,10,22,18,6,2,19,3,15,16,20],[10,14,18,2,19,3,22,6,15,20],[2,18,19,3,22,14,10,6,15,20],[14,6,22,18,2,19,3,10,15,16,20],[10,22,2,6,14,18,3,19,15,16,20],[18,14,6,22,10,2,3,19,15,20],[6,18,22,14,2,19,3,10,15,16,20],[2,10,22,18,19,3,6,14,15,20],[18,14,6,10,2,19,3,22,15,20],[22,2,14,18,19,3,10,6,15,20],[6,18,14,22,2,3,10,15,19,20],[2,10,6,22,14,18,19,3,15,16,20],[6,14,22,18,2,3,10,15,19,16,20],[14,6,22,18,10,2,19,3,15,20],[18,14,2,3,6,10,22,15,19,16,20],[18,22,6,14,2,19,3,10,15,20],[18,2,19,3,10,6,14,22,15,20],[6,18,10,14,2,19,3,22,15,20],[2,18,19,3,22,6,14,10,15,16,20],[2,22,14,6,10,18,3,15,19,20],[22,18,14,6,2,19,3,10,15,16,20],[6,10,14,2,22,18,19,3,15,16,20],[10,6,22,2,14,18,19,3,15,20],[14,22,18,2,19,3,10,6,15,16,20],[10,2,22,18,3,6,14,19,15,16,20],[18,22,14,6,10,2,3,15,19,16,20],[2,10,18,3,6,22,14,19,15,16,20],[18,10,14,2,3,22,6,19,15,16,20],[18,22,14,10,2,3,6,19,15,20],[14,2,10,6,22,18,3,19,15,20],[18,14,2,19,3,6,22,10,15,20],[14,10,6,18,2,3,22,15,19,20],[14,2,10,22,18,3,6,19,15,16,20],[10,22,2,14,6,18,3,15,19,20],[22,10,18,2,3,14,6,19,15,16,20],[10,18,2,19,3,14,6,22,15,20],[2,18,19,3,6,10,14,22,15,20],[6,2,22,18,19,3,10,14,15,20],[14,6,10,22,2,18,19,3,15,20],[14,10,18,22,2,19,3,6,15,16,20],[6,22,14,10,18,2,19,3,15,16,20],[10,14,22,6,18,2,3,15,19,16,20],[10,22,14,6,18,2,19,3,15,20],[22,6,18,2,19,3,14,10,15,20],[6,18,10,14,22,2,3,19,15,16,20],[2,6,10,18,19,3,22,14,15,16,20],[6,18,2,19,3,14,22,10,15,20],[22,6,10,14,18,2,3,15,19,20],[14,10,22,6,18,2,3,19,15,16,20],[22,6,14,2,18,3,10,19,15,16,20],[6,10,18,14,22,2,3,19,15,20],[2,10,18,3,14,6,22,19,15,20],[6,22,18,14,2,19,3,10,15,20],[22,14,2,10,6,18,3,19,15,20],[22,2,6,10,18,19,3,14,15,20],[22,2,14,18,19,3,10,6,15,16,20],[14,2,10,22,6,18,3,19,15,20],[18,22,2,3,10,6,14,19,15,20],[2,22,18,3,6,14,10,15,19,16,20],[10,2,22,18,3,6,14,19,15,20],[14,10,2,6,18,3,22,19,15,20],[10,22,14,2,6,18,3,19,15,20],[10,6,18,2,19,3,22,14,15,16,20],[2,6,10,14,18,3,22,19,15,20],[14,2,22,10,18,19,3,6,15,20],[22,18,6,2,3,10,14,19,15,16,20],[2,10,14,6,22,18,19,3,15,20],[6,22,10,18,14,2,3,15,19,16,20],[2,10,6,14,18,3,22,19,15,20],[10,18,2,3,14,6,22,19,15,16,20],[10,22,6,2,14,18,19,3,15,16,20],[2,22,6,18,19,3,14,10,15,20],[18,2,3,6,22,10,14,19,15,20],[22,18,10,6,2,19,3,14,15,16,20],[14,10,18,2,3,6,22,15,19,16,20],[10,2,22,14,6,18,3,19,15,16,20],[6,10,14,22,2,18,3,15,19,20],[18,2,19,3,6,10,22,14,15,16,20],[18,14,6,2,3,10,22,15,19,16,20],[22,10,2,14,6,18,3,15,19,20],[2,10,22,14,6,18,3,19,15,20],[2,10,14,6,18,19,3,22,15,20],[14,6,18,22,10,2,3,19,15,20],[2,18,3,10,22,6,14,15,19,20],[18,22,14,10,6,2,19,3,15,16,20],[14,22,18,6,10,2,19,3,15,20],[22,6,2,10,18,3,14,19,15,20],[14,2,18,3,22,6,10,15,19,20],[14,2,22,10,6,18,3,19,15,16,20],[2,10,22,14,18,3,6,19,15,16,20],[10,14,18,22,6,2,3,15,19,20],[10,2,18,19,3,14,22,6,15,16,20],[22,6,18,10,14,2,19,3,15,16,20],[6,14,18,10,2,3,22,15,19,16,20],[2,6,10,14,18,3,22,19,15,20],[22,18,6,2,19,3,10,14,15,20],[2,22,14,6,10,18,3,19,15,16,20],[6,2,14,10,22,18,19,3,15,20],[22,2,6,18,3,14,10,19,15,20],[2,14,18,19,3,22,6,10,15,20],[22,6,18,10,2,19,3,14,15,20],[14,2,22,10,18,3,6,15,19,16,20],[6,18,14,10,22,2,19,3,15,16,20],[18,14,22,6,10,2,3,15,19,16,20],[2,6,10,22,14,18,3,19,15,16,20],[10,14,6,18,22,2,19,3,15,20],[10,6,22,14,18,2,3,15,19,16,20],[22,2,6,10,14,18,3,15,19,20],[18,2,3,14,6,22,10,19,15,20],[6,2,18,3,10,14,22,15,19,16,20],[14,22,6,18,10,2,19,3,15,20],[18,2,19,3,14,6,10,22,15,20],[2,6,22,14,18,3,10,19,15,16,20],[6,10,18,2,3,14,22,19,15,16,20],[2,10,18,19,3,6,14,22,15,16,20],[18,6,14,2,19,3,22,10,15,16,20],[22,6,18,10,2,19,3,14,15,20],[22,10,6,18,14,2,3,15,19,20],[18,6,2,19,3,22,10,14,15,16,20],[18,22,6,2,3,10,14,19,15,16,20],[14,18,22,10,6,2,3,15,19,20],[18,2,3,22,6,10,14,19,15,16,20],[2,14,10,6,22,18,19,3,15,20],[18,10,14,6,2,19,3,22,15,20],[14,18,2,19,3,10,6,22,15,20],[6,10,2,18,3,22,14,19,15,16,20],[22,6,18,14,2,3,10,15,19,16,20],[6,14,10,18,22,2,19,3,15,20],[2,14,6,18,19,3,22,10,15,20],[6,10,18,2,3,22,14,15,19,20],[6,10,18,2,3,22,14,15,19,20],[6,14,22,18,2,3,10,15,19,16,20],[2,22,18,3,14,6,10,19,15,20],[18,14,10,2,3,6,22,15,19,20],[2,22,14,18,19,3,6,10,15,20],[14,22,2,6,18,3,10,15,19,16,20],[14,18,2,19,3,22,10,6,15,16,20],[22,14,6,18,2,19,3,10,15,20],[14,2,22,6,10,18,3,19,15,16,20],[10,2,22,14,6,18,19,3,15,16,20],[18,6,14,22,2,3,10,15,19,20],[10,18,2,3,14,6,22,19,15,16,20],[10,6,18,22,14,2,3,15,19,20],[2,10,22,6,14,18,3,15,19,16,20],[6,2,18,3,22,10,14,15,19,16,20],[22,2,6,10,18,19,3,14,15,20],[2,22,10,6,14,18,19,3,15,16,20],[10,14,18,6,2,3,22,19,15,16,20],[14,22,2,6,18,3,10,19,15,16,20],[18,10,2,19,3,14,22,6,15,20],[14,22,6,18,10,2,19,3,15,16,20],[10,18,14,2,3,6,22,19,15,16,20],[14,22,10,6,18,2,19,3,15,20],[10,2,18,3,14,22,6,19,15,20],[2,10,22,6,18,19,3,14,15,20],[2,6,10,14,22,18,3,19,15,16,20],[22,10,2,6,18,19,3,14,15,20],[10,22,18,6,14,2,19,3,15,16,20],[18,10,2,3,6,22,14,19,15,16,20],[14,22,6,2,10,18,19,3,15,16,20],[14,22,2,18,3,10,6,15,19,20],[10,14,22,6,2,18,19,3,15,20],[2,6,22,14,18,19,3,10,15,20],[18,14,6,10,2,3,22,15,19,16,20],[10,18,22,14,6,2,3,19,15,20],[18,10,14,6,2,19,3,22,15,20],[6,10,2,14,22,18,3,15,19,20],[18,6,22,14,2,3,10,19,15,16,20],[18,6,10,2,3,22,14,15,19,16,20],[18,6,14,22,10,2,3,19,15,20],[18,10,2,19,3,14,6,22,15,20],[10,22,6,14,18,2,3,19,15,16,20],[14,2,18,19,3,22,10,6,15,20],[14,2,22,6,18,3,10,19,15,20],[22,10,2,14,6,18,19,3,15,20],[22,6,18,10,2,3,14,15,19,20],[10,2,14,18,3,22,6,15,19,20],[2,10,22,14,18,3,6,19,15,20],[22,18,10,2,3,14,6,15,19,20],[6,2,18,3,14,22,10,15,19,16,20],[22,14,2,18,3,6,10,19,15,16,20],[10,14,22,18,2,3,6,19,15,20],[18,10,14,22,6,2,3,15,19,20],[2,6,18,19,3,14,22,10,15,16,20],[14,2,18,3,10,22,6,15,19,16,20],[6,22,2,18,3,14,10,15,19,20],[10,6,2,18,3,22,14,19,15,20],[10,2,6,22,18,3,14,19,15,16,20],[14,2,10,18,3,22,6,19,15,16,20],[2,22,6,14,18,3,10,19,15,20],[2,18,3,22,14,10,6,15,19,20],[22,2,6,10,18,3,14,15,19,20],[14,10,6,18,22,2,19,3,15,20],[10,2,18,19,3,6,14,22,15,20],[2,10,14,22,18,19,3,6,15,20],[2,6,14,10,18,19,3,22,15,16,20],[18,10,6,22,2,3,14,15,19,16,20],[10,14,18,2,19,3,22,6,15,16,20],[22,2,6,18,19,3,10,14,15,20],[18,22,2,3,10,14,6,19,15,16,20],[2,10,22,6,14,18,3,19,15,16,20],[6,22,2,14,10,18,19,3,15,16,20],[10,14,18,22,2,19,3,6,15,20],[2,14,6,18,19,3,22,10,15,16,20],[2,6,22,18,19,3,10,14,15,16,20],[10,14,18,6,2,3,22,15,19,16,20],[6,10,14,2,18,19,3,22,15,16,20],[22,10,18,6,2,3,14,19,15,20],[22,14,6,18,2,3,10,15,19,16,20],[2,14,6,18,19,3,22,10,15,16,20],[2,14,18,3,6,10,22,15,19,20],[22,6,2,10,18,3,14,15,19,16,20],[2,10,6,22,18,19,3,14,15,20],[18,2,3,10,22,14,6,15,19,16,20],[14,2,6,18,19,3,10,22,15,20],[14,18,22,10,2,3,6,15,19,20],[10,22,14,18,6,2,3,15,19,20],[6,14,22,18,10,2,19,3,15,20],[18,14,10,6,2,19,3,22,15,20],[22,2,14,10,6,18,3,19,15,16,20],[10,14,6,18,22,2,19,3,15,20],[22,6,14,2,10,18,3,15,19,16,20],[14,10,18,6,22,2,19,3,15,20],[14,18,22,6,2,19,3,10,15,16,20],[14,2,6,18,3,10,22,19,15,20],[18,2,3,22,6,10,14,15,19,20],[6,18,2,19,3,10,14,22,15,20],[2,14,10,18,19,3,6,22,15,16,20],[2,6,14,22,10,18,19,3,15,20],[2,14,18,3,10,22,6,19,15,16,20],[2,14,6,22,18,19,3,10,15,16,20],[14,10,22,2,18,19,3,6,15,16,20],[10,22,6,18,14,2,3,19,15,16,20],[2,6,14,22,18,19,3,10,15,16,20],[10,18,2,19,3,6,14,22,15,20],[18,14,10,6,22,2,3,15,19,16,20],[18,10,6,2,19,3,22,14,15,20],[18,2,3,22,6,14,10,19,15,20],[14,22,6,18,10,2,19,3,15,20],[18,10,22,14,6,2,19,3,15,16,20],[22,18,10,2,3,6,14,19,15,16,20],[2,6,14,18,3,22,10,19,15,20],[2,18,19,3,14,22,6,10,15,16,20],[2,6,22,10,18,19,3,14,15,20],[2,18,3,6,14,10,22,19,15,20],[14,22,6,18,2,3,10,19,15,20],[10,22,6,14,18,2,3,15,19,16,20],[2,14,10,22,18,3,6,15,19,20],[10,6,14,18,22,2,19,3,15,20],[22,10,6,14,18,2,3,19,15,20],[18,6,10,2,3,14,22,19,15,16,20],[2,10,22,18,3,14,6,19,15,20],[2,14,10,22,18,3,6,19,15,20],[10,22,6,18,14,2,3,19,15,16,20],[2,14,18,19,3,6,10,22,15,20],[18,14,6,2,3,10,22,15,19,20],[2,10,14,18,19,3,6,22,15,20],[6,18,22,14,2,19,3,10,15,20],[22,2,10,6,14,18,3,19,15,16,20],[18,2,3,14,6,10,22,19,15,20],[2,14,6,22,10,18,3,19,15,16,20],[2,22,10,14,18,3,6,15,19,20],[18,14,6,2,19,3,10,22,15,16,20],[6,10,22,18,2,3,14,15,19,20],[18,6,10,2,3,14,22,15,19,20],[18,14,6,2,3,10,22,19,15,16,20],[22,10,2,14,6,18,19,3,15,16,20]]}