{"problem_id":"QkqjjyUgWGTnwyA","sigma":75,"alpha":0.316,"cost":2,"probabilities":"[0.19, 0.18, 0.2, 0.43]","payoff_matrix":"[[-26, 165, 71, -72, 43, -24], [-8, 109, -3, -35, -75, 20], [98, -75, 28, -5, -12, -27], [-41, 27, -31, 21, -93, -32]]","uncovered":[[12,16,24,20,8,4,15,7],[20,16,24,8,4,12,7],[8,16,24,20,4,12,15,7],[20,4,12,8,24,16,15,7],[24,8,16,12,4,20,15,7],[16,20,8,12,4,24,7],[24,12,8,20,16,4,15,7],[24,4,8,20,16,12,7],[20,8,4,12,24,16,7],[4,20,16,24,8,12,15,7],[4,12,16,8,24,20,15,7],[4,12,8,16,20,24,15,7],[20,8,4,12,16,24,15,7],[20,16,8,24,4,12,7],[8,12,4,16,20,24,7],[8,4,12,16,20,24,7],[4,20,16,12,8,24,15,7],[16,4,24,8,12,20,7],[12,4,24,20,8,16,7],[24,12,4,16,20,8,15,7],[16,12,8,24,20,4,15,7],[4,24,8,12,16,20,7],[8,16,4,12,24,20,15,7],[4,24,12,20,16,8,7],[24,4,12,20,16,8,15,7],[20,24,4,16,12,8,7],[16,24,8,12,4,20,7],[4,8,24,16,12,20,7],[12,20,24,16,8,4,7],[24,4,12,20,8,16,15,7],[8,20,4,12,16,24,7],[20,4,16,24,12,8,15,7],[4,12,20,8,24,16,7],[8,24,20,12,16,4,15,7],[16,20,24,4,12,8,7],[16,4,12,8,24,20,7],[8,20,16,12,24,4,7],[8,24,20,4,12,16,7],[16,8,12,4,20,24,15,7],[16,12,20,24,4,8,7],[4,24,16,12,20,8,15,7],[24,12,20,4,16,8,7],[24,4,20,12,16,8,7],[20,4,16,24,8,12,15,7],[8,12,4,24,16,20,7],[16,24,4,12,20,8,15,7],[4,16,12,24,8,20,15,7],[20,24,12,16,8,4,15,7],[16,4,12,24,20,8,15,7],[12,20,4,16,8,24,7],[16,8,4,24,20,12,7],[16,4,12,8,20,24,7],[16,4,12,8,20,24,7],[4,12,24,16,8,20,7],[16,24,8,20,4,12,7],[12,20,4,16,8,24,7],[12,20,8,24,4,16,15,7],[24,16,12,4,8,20,7],[12,16,20,8,24,4,7],[16,24,8,20,4,12,15,7],[16,8,20,12,24,4,7],[16,20,24,12,8,4,7],[20,4,16,12,8,24,15,7],[16,12,20,4,24,8,7],[4,24,8,20,12,16,15,7],[24,12,20,8,16,4,15,7],[12,8,20,24,16,4,15,7],[4,20,16,8,24,12,7],[12,24,20,16,8,4,7],[4,16,24,8,12,20,7],[12,20,4,16,24,8,7],[4,16,12,20,8,24,7],[8,12,4,16,24,20,7],[8,20,12,24,16,4,7],[8,4,24,12,20,16,7],[16,4,20,12,8,24,7],[8,16,12,20,24,4,7],[24,20,16,4,12,8,15,7],[4,12,20,24,8,16,7],[12,16,8,4,24,20,15,7],[16,20,4,12,8,24,15,7],[4,12,20,16,8,24,15,7],[12,20,8,4,24,16,15,7],[16,8,12,24,4,20,7],[24,8,16,20,4,12,15,7],[24,8,16,20,4,12,7],[4,24,12,16,20,8,7],[4,24,8,12,20,16,15,7],[8,24,4,20,16,12,15,7],[4,16,8,12,20,24,15,7],[8,12,4,16,24,20,15,7],[4,8,24,16,20,12,7],[16,4,20,24,8,12,15,7],[12,24,20,8,16,4,7],[8,4,12,20,24,16,7],[24,8,4,20,12,16,7],[12,8,20,16,24,4,7],[4,12,8,24,16,20,7],[16,24,12,8,20,4,15,7],[12,8,16,24,4,20,7],[20,16,4,12,8,24,7],[20,4,12,16,8,24,7],[20,8,4,24,12,16,7],[20,4,16,12,24,8,15,7],[20,24,12,16,8,4,15,7],[4,20,24,16,12,8,7],[4,16,24,12,20,8,7],[12,16,8,20,4,24,7],[8,16,12,20,4,24,7],[12,8,16,4,20,24,15,7],[20,24,12,4,8,16,7],[4,12,8,16,24,20,15,7],[24,4,8,16,12,20,7],[12,8,20,16,24,4,15,7],[24,20,12,16,4,8,15,7],[24,8,12,16,4,20,7],[16,8,24,20,12,4,7],[12,20,24,16,4,8,15,7],[4,12,20,24,16,8,15,7],[16,12,4,24,20,8,15,7],[24,20,4,16,12,8,7],[4,16,8,24,20,12,7],[8,24,16,12,4,20,7],[20,12,8,4,24,16,15,7],[24,8,20,12,16,4,15,7],[12,24,8,20,16,4,7],[24,16,20,8,12,4,7],[16,20,24,12,4,8,15,7],[4,24,20,16,8,12,7],[16,20,4,24,8,12,15,7],[24,4,8,12,20,16,15,7],[8,20,16,24,12,4,15,7],[20,16,4,24,8,12,7],[20,8,4,12,16,24,7],[8,24,4,12,16,20,15,7],[12,20,8,4,16,24,15,7],[20,24,4,12,16,8,15,7],[12,4,8,16,24,20,15,7],[4,20,8,24,12,16,15,7],[24,12,8,20,4,16,15,7],[24,4,12,20,16,8,7],[12,20,4,8,24,16,15,7],[24,16,8,20,4,12,7],[16,12,8,4,20,24,15,7],[24,4,20,8,16,12,15,7],[24,20,4,8,16,12,15,7],[24,8,4,12,20,16,7],[8,24,16,12,4,20,15,7],[24,4,12,8,20,16,15,7],[16,8,24,20,4,12,7],[20,12,16,24,8,4,15,7],[8,20,24,16,4,12,15,7],[4,8,20,24,16,12,7],[20,8,16,12,4,24,7],[8,20,12,24,4,16,15,7],[12,8,20,4,16,24,7],[24,8,12,20,4,16,7],[24,12,4,20,16,8,7],[12,8,16,4,20,24,15,7],[12,24,8,20,16,4,7],[4,8,20,16,24,12,15,7],[24,20,8,12,4,16,15,7],[4,16,20,12,8,24,15,7],[8,4,16,24,20,12,15,7],[16,20,12,8,24,4,15,7],[24,20,8,16,4,12,7],[16,4,20,8,24,12,7],[20,12,8,4,16,24,15,7],[12,20,4,24,8,16,7],[4,20,8,24,16,12,7],[24,12,8,20,4,16,7],[24,4,20,12,8,16,15,7],[4,20,12,16,8,24,7],[8,12,4,20,16,24,15,7],[4,24,20,12,8,16,7],[4,16,24,20,12,8,15,7],[8,16,24,4,12,20,15,7],[16,4,8,24,12,20,15,7],[24,16,4,8,12,20,7],[20,4,24,16,12,8,7],[16,24,8,12,4,20,7],[24,20,12,4,8,16,15,7],[16,24,4,20,8,12,15,7],[20,12,8,4,24,16,15,7],[16,12,8,20,24,4,15,7],[16,4,8,24,12,20,7],[20,4,16,8,12,24,15,7],[8,12,16,4,24,20,7],[20,16,4,24,12,8,7],[8,24,20,12,16,4,15,7],[4,12,16,20,8,24,15,7],[24,12,4,20,16,8,15,7],[16,12,4,20,24,8,7],[8,20,16,4,12,24,7],[4,20,16,24,12,8,15,7],[4,8,24,20,12,16,15,7],[12,16,8,24,4,20,15,7],[20,16,24,12,8,4,7],[16,8,12,4,24,20,15,7],[12,20,4,24,16,8,15,7],[20,12,4,24,16,8,7],[24,4,12,8,16,20,7],[12,16,8,20,4,24,15,7],[24,16,8,4,12,20,15,7],[8,12,16,24,20,4,15,7],[12,4,24,16,8,20,7],[4,12,24,8,20,16,7],[4,20,8,16,24,12,7],[24,12,16,8,20,4,7],[24,20,8,12,4,16,7],[16,20,8,12,24,4,15,7],[8,24,4,12,20,16,15,7],[4,8,20,24,16,12,15,7],[4,16,12,24,20,8,15,7],[20,8,24,12,16,4,7],[24,4,16,12,20,8,15,7],[24,16,8,20,4,12,15,7],[16,8,12,20,4,24,15,7],[4,8,24,20,12,16,15,7],[24,16,8,12,20,4,7],[8,4,16,20,12,24,15,7],[12,4,24,8,20,16,15,7],[24,16,4,8,20,12,7],[16,24,20,8,4,12,7],[20,12,16,24,8,4,7],[12,8,20,16,24,4,7],[8,4,24,20,12,16,7],[20,8,12,24,4,16,7],[12,20,4,16,8,24,7],[8,24,12,4,20,16,15,7],[20,4,12,8,16,24,15,7],[24,12,8,16,20,4,7],[16,20,24,8,4,12,7],[12,16,4,20,8,24,15,7],[12,16,20,8,24,4,15,7],[8,20,24,4,16,12,7],[12,16,4,24,8,20,7],[24,12,16,8,4,20,15,7],[20,4,24,12,16,8,15,7],[20,12,8,24,16,4,15,7],[12,4,16,8,20,24,15,7],[24,16,8,12,20,4,7],[20,12,4,16,24,8,15,7],[8,12,4,24,20,16,15,7],[24,16,8,4,20,12,15,7],[16,12,8,24,20,4,15,7],[12,16,4,20,24,8,7],[24,20,4,16,12,8,15,7],[8,12,24,16,4,20,15,7],[8,4,12,20,24,16,7],[24,8,16,12,20,4,7],[12,20,16,4,24,8,15,7],[4,24,12,20,8,16,15,7],[12,20,4,8,16,24,7],[4,20,8,24,12,16,15,7],[20,4,24,16,12,8,15,7],[24,16,20,8,4,12,15,7],[8,4,12,24,16,20,7],[16,4,20,12,24,8,15,7],[12,20,24,16,4,8,15,7],[4,24,16,12,20,8,7],[4,20,8,16,12,24,7],[8,24,4,20,16,12,7],[20,8,16,4,12,24,15,7],[4,12,16,8,24,20,7],[4,16,24,8,12,20,7],[8,12,16,24,20,4,7],[4,8,12,24,20,16,7],[8,4,20,12,24,16,7],[24,12,4,20,8,16,7],[16,20,12,4,8,24,15,7],[20,8,12,4,24,16,7],[12,24,16,8,4,20,7],[16,20,24,8,4,12,7],[4,20,12,8,16,24,7],[4,24,16,8,12,20,15,7],[12,20,4,8,24,16,15,7],[12,16,20,24,4,8,7],[20,16,24,4,12,8,15,7],[24,4,8,12,20,16,15,7],[4,20,12,24,16,8,15,7],[8,12,4,20,24,16,15,7],[16,20,4,12,8,24,7],[12,4,20,8,24,16,7],[20,16,24,12,8,4,7],[20,4,8,12,24,16,7],[20,16,8,12,4,24,15,7],[24,4,8,20,12,16,7],[16,8,12,4,20,24,15,7],[12,24,20,16,8,4,15,7],[4,8,12,20,16,24,7],[24,8,12,16,4,20,7],[24,4,8,12,16,20,7],[24,20,8,12,4,16,15,7],[4,24,8,12,16,20,15,7],[16,8,4,12,20,24,7],[4,8,20,16,24,12,7],[24,20,16,8,12,4,15,7],[24,20,16,8,12,4,15,7],[16,8,12,4,20,24,7],[8,4,16,12,20,24,15,7],[20,12,4,24,16,8,15,7],[4,20,12,16,24,8,15,7],[16,12,20,4,24,8,7],[24,20,16,12,8,4,15,7],[20,4,24,12,16,8,15,7],[20,8,12,4,16,24,15,7],[4,8,12,20,16,24,7],[8,4,20,12,16,24,15,7],[4,24,20,8,16,12,7],[20,8,12,4,16,24,7],[8,24,12,4,16,20,15,7],[12,24,16,8,4,20,7],[12,16,8,4,20,24,15,7],[8,16,12,4,20,24,15,7],[8,12,4,24,20,16,7],[12,4,16,20,8,24,15,7],[20,24,4,12,16,8,15,7],[24,20,8,16,4,12,7],[4,8,20,24,12,16,15,7],[20,4,24,12,8,16,7],[16,12,8,4,20,24,7],[20,16,12,24,4,8,7],[8,4,16,24,12,20,7],[20,8,24,4,16,12,7],[16,4,8,12,24,20,7],[20,24,8,4,12,16,7],[4,8,16,12,20,24,15,7],[20,24,8,12,4,16,7],[12,20,4,8,24,16,7],[4,16,12,24,8,20,15,7],[16,8,24,12,4,20,7],[20,16,24,12,4,8,15,7],[20,16,24,12,8,4,7],[8,20,12,4,24,16,15,7],[20,16,8,4,12,24,15,7],[12,16,20,4,8,24,15,7],[4,16,24,12,8,20,7],[4,16,24,20,8,12,7],[8,20,4,12,24,16,7],[8,24,12,20,4,16,7],[24,20,12,16,4,8,15,7],[16,20,24,8,4,12,7],[12,16,24,20,8,4,7],[4,24,16,8,12,20,7],[20,8,4,24,12,16,15,7],[16,8,24,20,12,4,15,7],[4,20,24,12,16,8,7],[4,24,20,8,12,16,7],[16,24,20,8,4,12,7],[4,12,16,24,8,20,7],[4,8,16,24,20,12,7],[20,4,24,12,8,16,7],[4,16,12,8,24,20,7],[4,16,20,12,24,8,7],[8,4,24,16,12,20,15,7],[20,8,24,16,12,4,7],[16,12,8,20,24,4,15,7],[16,4,24,20,8,12,15,7],[20,12,24,8,4,16,7],[4,8,24,16,12,20,15,7],[20,12,4,8,16,24,15,7],[24,12,20,4,16,8,7],[16,8,4,20,12,24,7],[20,24,16,4,12,8,7],[12,4,20,24,16,8,15,7],[24,4,16,20,8,12,7],[24,20,16,4,12,8,15,7],[8,12,20,16,24,4,7],[12,16,24,8,4,20,15,7],[16,4,12,8,20,24,15,7],[24,12,20,4,8,16,15,7],[12,24,8,4,16,20,7],[16,12,24,20,4,8,7],[20,4,24,16,8,12,15,7],[24,16,8,4,20,12,7],[12,20,4,8,24,16,15,7],[4,16,20,24,8,12,7],[20,4,16,12,8,24,15,7],[12,16,24,20,4,8,15,7],[8,24,16,4,20,12,15,7],[4,16,12,20,8,24,7],[8,24,12,16,20,4,7],[8,20,12,24,16,4,15,7],[12,20,16,8,4,24,15,7],[24,8,20,16,4,12,7],[24,8,4,12,20,16,15,7],[4,16,12,24,20,8,7],[12,24,20,16,4,8,15,7],[8,4,20,16,12,24,7],[4,8,12,20,24,16,15,7],[24,8,12,20,4,16,7],[20,8,12,4,16,24,15,7],[8,12,4,16,24,20,7],[8,16,20,12,24,4,7],[12,20,24,4,8,16,15,7],[20,24,12,4,16,8,7],[4,16,8,12,24,20,15,7],[12,4,20,8,16,24,7],[24,20,16,4,12,8,7],[12,4,16,24,8,20,15,7],[12,16,20,4,24,8,15,7],[16,12,8,4,24,20,15,7],[12,16,8,20,4,24,15,7],[16,12,24,4,20,8,7],[8,20,4,12,24,16,15,7],[12,4,20,24,8,16,7],[4,16,20,12,24,8,15,7],[16,24,12,20,4,8,15,7],[8,20,4,24,12,16,7],[16,24,20,4,12,8,15,7],[16,4,12,24,8,20,7],[20,8,4,16,24,12,15,7],[16,20,24,4,8,12,7],[16,20,24,12,4,8,7],[24,20,8,4,12,16,7],[24,20,4,12,8,16,7],[12,4,20,24,8,16,15,7],[8,12,4,20,24,16,7],[8,20,16,12,24,4,7],[20,24,8,4,16,12,7],[8,20,4,24,12,16,15,7],[24,4,12,16,8,20,15,7],[8,20,12,24,16,4,7],[24,20,8,16,12,4,15,7],[24,4,20,16,12,8,15,7],[4,20,12,24,16,8,7],[12,24,16,20,8,4,7],[12,20,8,24,16,4,15,7],[8,12,24,16,20,4,15,7],[16,8,12,4,20,24,15,7],[12,8,24,20,16,4,7],[12,4,16,24,20,8,15,7],[20,8,24,12,4,16,15,7],[24,20,8,4,12,16,15,7],[20,12,4,8,24,16,7],[24,16,12,4,20,8,7],[8,12,4,16,20,24,15,7],[16,12,20,8,24,4,7],[8,20,16,12,4,24,7],[20,24,8,16,4,12,15,7],[12,16,24,20,8,4,7],[12,8,16,24,4,20,15,7],[12,16,20,4,8,24,15,7],[8,24,4,12,16,20,7],[24,8,16,12,4,20,15,7],[16,4,20,8,12,24,15,7],[24,12,20,16,8,4,7],[16,8,24,12,20,4,15,7],[16,24,20,12,4,8,7],[12,16,20,4,8,24,15,7],[8,16,24,12,20,4,7],[16,20,24,4,12,8,7],[24,4,8,16,12,20,7],[4,8,20,12,16,24,15,7],[20,4,24,16,8,12,15,7],[20,12,8,4,16,24,7],[4,16,20,8,24,12,7],[12,8,16,4,24,20,15,7],[20,8,4,12,24,16,15,7],[8,16,4,24,20,12,7],[4,20,16,12,24,8,7],[8,4,20,24,16,12,7],[16,8,4,20,12,24,7],[16,20,24,4,12,8,7],[12,24,20,16,8,4,7],[12,8,4,20,24,16,15,7],[12,8,16,4,24,20,7],[8,12,24,20,4,16,15,7],[16,8,20,24,4,12,15,7],[12,8,20,24,16,4,15,7],[16,8,12,20,24,4,7],[4,8,24,12,20,16,15,7],[20,8,12,4,16,24,7],[12,8,20,24,16,4,15,7],[24,4,12,20,16,8,7],[4,8,24,12,20,16,7],[16,20,4,24,8,12,7],[20,24,8,12,16,4,15,7],[20,8,12,24,4,16,15,7],[4,12,8,20,24,16,7],[20,4,16,12,8,24,15,7],[8,12,20,24,16,4,7],[16,8,4,12,24,20,7],[12,20,24,16,4,8,7],[4,16,20,8,12,24,15,7],[12,24,4,8,20,16,15,7],[20,16,12,24,8,4,15,7],[8,12,20,24,16,4,15,7],[8,12,20,16,24,4,7],[24,12,8,4,20,16,7],[20,16,12,4,24,8,7],[16,20,12,24,4,8,15,7],[16,20,4,12,8,24,15,7],[4,12,24,8,20,16,15,7],[24,12,8,16,20,4,15,7],[16,20,24,4,12,8,7],[20,16,4,8,12,24,15,7],[24,8,12,4,20,16,15,7],[20,4,12,8,16,24,15,7],[12,4,20,24,16,8,7],[20,16,8,4,12,24,15,7],[4,20,8,12,24,16,15,7],[24,12,8,20,16,4,15,7],[4,20,12,8,16,24,7],[24,12,20,4,16,8,15,7],[24,8,4,16,20,12,15,7],[16,4,20,12,8,24,7],[24,20,12,4,16,8,7],[16,12,20,24,8,4,15,7],[16,24,4,12,20,8,15,7],[20,12,8,16,4,24,7],[4,8,24,20,12,16,15,7],[4,20,16,24,8,12,7],[4,20,12,16,24,8,7],[20,8,4,16,12,24,15,7],[16,12,4,20,24,8,15,7],[24,8,16,20,4,12,15,7],[4,20,8,16,24,12,15,7],[16,12,8,24,20,4,15,7],[12,16,8,24,4,20,7],[24,12,16,4,8,20,7],[16,24,12,4,20,8,15,7],[24,16,20,12,8,4,15,7],[8,12,4,20,16,24,15,7],[16,4,12,24,8,20,7],[8,4,20,12,16,24,7],[16,8,4,20,24,12,7],[4,8,16,24,20,12,15,7],[4,8,24,16,12,20,7],[4,12,20,24,16,8,7],[24,8,16,4,20,12,15,7],[8,16,12,20,24,4,15,7],[20,24,12,8,16,4,15,7],[16,20,4,24,8,12,15,7],[24,8,16,4,12,20,15,7],[4,8,24,20,16,12,7],[12,24,8,4,16,20,15,7],[4,24,16,12,20,8,15,7],[4,20,24,16,8,12,7],[16,4,24,8,20,12,15,7],[8,12,4,20,24,16,7],[12,24,4,8,16,20,15,7],[4,24,12,16,20,8,15,7],[12,16,8,4,24,20,15,7],[8,24,20,4,16,12,15,7],[8,20,4,16,24,12,7],[20,8,16,24,12,4,15,7],[12,20,4,16,24,8,15,7],[20,16,4,12,8,24,7],[12,24,16,8,4,20,15,7],[12,4,24,16,20,8,7],[8,20,12,16,4,24,7],[12,20,16,24,4,8,7],[12,20,8,16,4,24,15,7],[8,12,20,24,4,16,7],[4,20,16,24,12,8,7],[4,24,8,12,16,20,7],[20,12,4,8,24,16,7],[4,8,12,24,16,20,7],[24,16,12,20,4,8,15,7],[12,4,24,20,8,16,15,7],[16,12,24,4,20,8,15,7],[8,24,20,4,12,16,15,7],[12,20,4,16,24,8,15,7],[24,20,12,8,16,4,7],[24,4,8,20,16,12,15,7],[24,20,12,8,16,4,15,7],[8,12,20,24,4,16,7],[4,24,20,8,12,16,7],[24,16,20,12,4,8,7],[20,8,24,16,4,12,7],[20,4,12,16,8,24,15,7],[12,4,16,20,24,8,15,7],[20,12,8,4,16,24,7],[4,16,24,8,20,12,7],[12,16,24,20,4,8,7],[16,8,20,12,24,4,7],[20,24,12,4,8,16,7],[24,20,8,16,4,12,7],[4,12,16,20,24,8,7],[24,12,8,4,16,20,15,7],[8,12,16,24,20,4,15,7],[24,16,4,12,20,8,15,7],[12,20,16,24,4,8,7],[4,12,16,20,24,8,15,7],[8,24,16,4,12,20,7],[16,8,24,20,12,4,7],[8,24,16,20,4,12,7],[24,20,8,4,16,12,7],[20,24,16,8,4,12,15,7],[12,16,24,4,20,8,15,7],[4,20,24,8,12,16,7],[12,20,24,8,4,16,7],[8,16,20,24,4,12,7],[8,16,4,24,20,12,7],[8,20,16,4,24,12,7],[12,24,8,4,20,16,7],[4,16,24,8,20,12,7],[8,4,12,20,16,24,7],[12,20,24,4,8,16,7],[12,24,16,4,20,8,7],[8,20,4,12,24,16,15,7],[16,20,24,12,4,8,7],[8,20,4,16,24,12,7],[16,24,12,20,8,4,15,7],[8,4,20,24,12,16,15,7],[8,20,4,16,12,24,15,7],[12,16,24,20,8,4,7],[24,4,12,20,16,8,15,7],[24,20,16,8,4,12,7],[8,24,4,16,20,12,7],[20,16,8,24,4,12,15,7],[24,12,16,4,20,8,7],[16,8,20,24,12,4,15,7],[8,4,16,12,24,20,15,7],[4,12,8,24,20,16,15,7],[16,24,4,8,20,12,15,7],[8,24,4,16,20,12,7],[4,20,24,12,8,16,7],[4,16,8,20,12,24,7],[8,20,24,16,4,12,15,7],[8,16,12,24,20,4,7],[12,4,8,20,16,24,7],[24,16,20,4,12,8,7],[12,20,8,4,16,24,7],[20,4,24,12,8,16,7],[12,24,16,4,8,20,7],[24,8,16,20,4,12,15,7],[24,12,8,16,4,20,7],[8,16,12,20,4,24,7],[8,24,20,12,16,4,15,7],[12,16,24,4,8,20,7],[4,24,20,12,16,8,15,7],[16,12,20,8,24,4,15,7],[24,16,4,20,8,12,15,7],[24,16,20,4,12,8,7],[20,24,4,12,8,16,15,7],[24,12,16,8,4,20,15,7],[4,24,20,8,12,16,15,7],[20,16,24,8,12,4,15,7],[12,20,4,16,24,8,15,7],[12,24,4,8,20,16,7],[20,12,16,4,8,24,15,7],[8,12,20,24,4,16,15,7],[20,16,8,4,24,12,7],[24,8,16,20,4,12,15,7],[8,20,24,4,16,12,7],[16,8,4,24,12,20,15,7],[4,12,24,20,8,16,15,7],[24,8,12,16,4,20,7],[8,24,4,12,20,16,15,7],[12,20,8,24,16,4,7],[12,20,24,4,8,16,7],[12,8,16,20,4,24,15,7],[8,20,16,24,4,12,7],[8,24,4,12,20,16,15,7],[12,8,4,20,24,16,7],[4,24,12,8,16,20,15,7],[8,16,4,20,24,12,15,7],[12,24,8,16,20,4,7],[4,16,20,24,12,8,15,7],[20,4,12,16,24,8,7],[12,16,20,4,24,8,7],[4,16,12,8,20,24,15,7],[4,16,20,8,24,12,7],[4,8,16,20,12,24,7],[16,8,24,12,20,4,15,7],[24,16,12,8,4,20,15,7],[8,20,24,16,12,4,15,7],[12,8,4,20,16,24,15,7],[4,12,24,20,8,16,7],[24,4,16,20,12,8,15,7],[20,12,4,24,8,16,7],[8,12,20,4,24,16,15,7],[12,4,24,8,16,20,15,7],[12,20,8,24,4,16,7],[12,16,4,24,8,20,15,7],[8,12,24,4,20,16,15,7],[24,8,20,12,4,16,7],[8,16,24,20,12,4,7],[12,8,20,4,16,24,15,7],[16,12,20,8,4,24,15,7],[4,24,12,8,16,20,15,7],[4,20,12,8,24,16,7],[8,24,12,4,16,20,7],[4,16,12,20,8,24,15,7],[12,16,24,20,4,8,15,7],[12,20,16,8,4,24,15,7],[24,8,20,4,12,16,15,7],[24,8,20,16,12,4,15,7],[24,20,8,4,16,12,7],[8,12,4,16,20,24,7],[8,12,16,24,4,20,7],[16,20,24,8,4,12,7],[24,8,16,12,20,4,7],[4,12,8,20,16,24,15,7],[20,8,16,24,4,12,7],[12,20,24,16,8,4,7],[20,12,4,24,16,8,15,7],[24,12,20,8,4,16,7],[12,8,24,16,20,4,7],[4,12,20,8,24,16,15,7],[12,4,8,20,16,24,15,7],[8,20,16,12,4,24,7],[24,16,4,12,20,8,7],[24,4,20,8,12,16,15,7],[16,12,24,20,4,8,7],[16,12,20,24,8,4,7],[16,20,24,12,8,4,7],[12,4,24,20,16,8,15,7],[20,8,24,4,16,12,15,7],[20,4,12,16,24,8,15,7],[12,4,20,8,24,16,7],[12,4,8,16,24,20,15,7],[20,24,4,8,16,12,15,7],[8,24,4,20,16,12,7],[12,8,16,20,24,4,15,7],[16,8,4,24,20,12,15,7],[12,20,4,24,16,8,7],[24,16,12,20,4,8,7],[16,12,8,4,24,20,7],[8,4,24,12,16,20,15,7],[16,8,24,20,12,4,15,7],[8,4,16,20,12,24,7],[24,16,4,20,8,12,15,7],[4,8,24,20,16,12,15,7],[16,20,12,8,4,24,15,7],[12,20,8,4,24,16,7],[16,12,8,4,24,20,7],[4,8,16,24,20,12,15,7],[4,12,16,20,8,24,7],[4,12,16,24,8,20,15,7],[12,4,16,24,20,8,7],[24,20,8,16,4,12,15,7],[4,12,24,8,16,20,15,7],[12,8,16,4,24,20,7],[20,24,4,12,16,8,15,7],[16,24,8,12,4,20,15,7],[20,4,12,16,24,8,15,7],[8,20,16,4,24,12,15,7],[8,20,12,24,4,16,7],[12,24,4,8,16,20,7],[4,16,8,24,20,12,7],[12,4,24,16,20,8,15,7],[12,24,16,4,8,20,15,7],[20,8,4,16,12,24,7],[16,24,20,4,8,12,15,7],[20,16,24,8,12,4,15,7],[12,8,20,4,16,24,15,7],[16,24,20,4,8,12,7],[16,4,24,20,8,12,7],[20,12,8,24,4,16,7],[8,12,24,16,4,20,7],[12,20,8,16,24,4,15,7],[8,24,12,16,20,4,7],[24,12,4,20,8,16,7],[12,20,4,16,8,24,15,7],[24,4,16,20,8,12,7],[20,8,24,16,12,4,7],[24,8,20,4,12,16,7],[8,16,24,4,20,12,7],[20,16,24,8,12,4,7],[12,24,16,8,20,4,7],[16,4,12,8,24,20,15,7],[16,24,12,4,8,20,7],[8,16,24,20,4,12,7],[8,20,12,4,24,16,7],[4,16,24,8,20,12,15,7],[12,24,16,20,8,4,7],[16,4,24,8,20,12,7],[8,16,20,4,24,12,15,7],[8,4,24,16,12,20,7],[8,12,16,20,4,24,15,7],[20,16,12,24,4,8,7],[20,4,16,24,12,8,7],[20,12,4,8,24,16,15,7],[20,8,12,24,16,4,7],[20,16,8,24,12,4,15,7],[16,24,4,8,12,20,15,7],[4,8,16,20,24,12,7],[20,16,8,24,4,12,7],[8,4,12,20,24,16,15,7],[20,16,4,12,8,24,7],[16,12,20,24,4,8,15,7],[12,8,20,4,24,16,7],[16,8,20,24,4,12,7],[24,4,20,12,8,16,7],[8,20,24,16,12,4,7],[16,20,24,12,8,4,7],[16,20,4,24,12,8,7],[24,4,20,16,12,8,7],[20,24,8,16,4,12,7],[8,24,20,4,16,12,15,7],[4,24,12,20,16,8,15,7],[20,24,16,4,8,12,15,7],[16,12,20,8,4,24,7],[12,24,4,20,16,8,7],[4,24,20,12,8,16,15,7],[8,16,20,4,24,12,7],[4,8,24,20,12,16,15,7],[12,4,24,16,20,8,15,7],[4,8,12,16,24,20,15,7],[24,16,8,12,20,4,15,7],[4,24,16,20,8,12,15,7],[16,20,8,24,12,4,7],[20,16,12,4,8,24,15,7],[8,20,4,16,24,12,7],[16,12,20,24,8,4,7],[8,20,4,24,16,12,15,7],[24,12,16,4,20,8,15,7],[20,4,24,16,12,8,15,7],[8,16,4,24,12,20,7],[12,16,4,20,8,24,15,7],[8,24,20,16,12,4,15,7],[4,12,20,8,24,16,15,7],[12,4,8,16,20,24,7],[24,4,20,16,12,8,15,7],[8,12,4,16,20,24,7],[4,20,12,24,16,8,15,7],[16,20,24,4,12,8,7],[12,4,8,20,24,16,15,7],[16,20,4,8,12,24,7],[12,24,16,8,20,4,15,7],[20,4,8,16,12,24,15,7],[20,12,16,4,24,8,7],[16,4,12,8,20,24,7],[24,16,8,12,20,4,15,7],[12,24,8,16,20,4,15,7],[8,16,4,20,12,24,15,7],[12,16,20,24,4,8,15,7],[12,4,24,8,20,16,15,7],[4,12,8,20,24,16,15,7],[24,16,4,12,8,20,15,7],[4,24,20,8,12,16,7],[8,24,20,4,16,12,7],[8,16,4,20,12,24,15,7],[12,20,8,4,16,24,15,7],[20,16,24,8,4,12,7],[4,20,12,24,16,8,15,7],[20,8,24,4,12,16,15,7],[8,24,12,20,4,16,7],[4,20,8,12,16,24,7],[24,8,20,4,12,16,7],[24,20,8,12,4,16,7],[20,24,4,8,16,12,15,7],[4,20,16,24,12,8,7],[4,12,24,20,16,8,15,7],[8,20,12,4,16,24,7],[8,4,24,12,20,16,7],[24,8,20,16,12,4,15,7],[20,4,16,8,12,24,7],[4,12,20,24,8,16,7],[4,8,24,12,20,16,7],[20,8,16,24,12,4,15,7],[24,8,20,16,12,4,7],[4,8,24,20,12,16,15,7],[20,4,12,16,8,24,15,7],[16,8,24,4,12,20,7],[20,16,8,4,12,24,7],[16,4,8,24,12,20,7],[8,24,20,12,16,4,15,7],[4,12,20,16,8,24,15,7],[16,4,12,20,24,8,7],[12,20,24,4,16,8,7],[12,24,16,8,20,4,7],[16,12,20,8,24,4,7],[12,4,24,20,8,16,15,7],[8,4,16,20,12,24,7],[24,8,16,20,12,4,15,7],[8,16,20,24,12,4,15,7],[16,12,20,8,24,4,15,7],[12,4,8,16,24,20,15,7],[24,20,4,12,8,16,7],[4,24,16,8,12,20,15,7],[4,24,16,8,12,20,7],[24,4,8,20,12,16,7],[20,12,8,16,24,4,15,7],[4,12,8,20,16,24,7],[12,16,4,8,20,24,15,7],[8,20,12,4,24,16,15,7],[12,16,20,24,8,4,7],[24,8,16,12,4,20,7],[20,8,24,12,4,16,15,7],[16,12,8,24,20,4,15,7],[4,8,16,24,20,12,7],[4,12,20,24,8,16,15,7],[4,20,24,8,16,12,15,7],[16,4,12,24,20,8,15,7],[24,12,4,8,16,20,15,7],[16,8,12,4,20,24,7],[16,8,4,20,12,24,7],[4,24,12,8,20,16,7],[12,4,24,20,8,16,7],[24,4,20,8,12,16,7],[24,12,16,8,4,20,15,7],[16,20,4,8,24,12,15,7],[20,24,16,8,4,12,15,7],[16,12,8,4,24,20,15,7],[20,8,12,4,16,24,15,7],[8,24,16,4,20,12,7],[16,24,8,12,20,4,7],[12,24,4,20,8,16,15,7],[16,20,24,12,4,8,15,7],[16,12,4,24,8,20,15,7],[24,4,8,20,16,12,15,7],[16,20,4,24,8,12,7],[20,24,8,12,4,16,15,7],[4,16,20,8,12,24,15,7],[8,12,4,16,20,24,7],[4,16,20,24,12,8,15,7],[4,8,24,20,12,16,7],[4,24,8,20,12,16,15,7],[4,20,16,24,12,8,7],[20,24,4,12,8,16,15,7],[12,16,24,20,4,8,7],[12,20,24,16,8,4,15,7],[12,16,20,8,24,4,7],[12,8,24,20,16,4,15,7],[24,8,16,4,20,12,15,7],[20,16,4,24,12,8,15,7],[8,12,4,20,24,16,15,7],[12,8,4,24,20,16,15,7],[4,12,16,8,24,20,15,7],[20,4,12,16,24,8,15,7],[16,12,4,24,8,20,7],[24,12,4,8,20,16,7],[8,24,20,12,4,16,7],[16,12,8,4,20,24,7],[12,16,8,24,4,20,15,7],[8,24,16,20,12,4,15,7],[16,8,4,24,20,12,7],[12,24,16,4,8,20,15,7],[24,8,20,16,12,4,7],[16,24,4,12,8,20,7],[8,16,4,24,12,20,15,7],[4,20,16,24,12,8,7],[12,16,4,24,8,20,7],[4,20,12,24,16,8,7],[12,24,4,20,16,8,7],[8,24,12,20,16,4,7],[4,24,12,8,20,16,7],[8,4,20,12,24,16,15,7],[20,24,16,12,4,8,15,7],[8,24,4,20,12,16,7],[24,12,16,8,4,20,7],[12,20,24,16,4,8,15,7],[20,24,16,8,12,4,15,7],[4,24,12,16,20,8,15,7],[8,24,12,16,20,4,7],[20,16,24,12,4,8,7],[20,4,24,16,8,12,7],[16,24,4,20,8,12,15,7],[8,4,12,20,24,16,15,7],[4,16,12,8,24,20,7],[12,8,20,24,4,16,15,7],[4,8,20,24,16,12,15,7],[20,4,8,12,16,24,15,7],[12,4,16,20,24,8,15,7],[8,20,12,16,4,24,7],[24,12,16,8,4,20,7],[24,16,20,4,8,12,7],[12,8,24,4,20,16,15,7],[8,20,4,24,16,12,7],[8,20,24,12,16,4,15,7],[24,20,12,4,16,8,7],[4,8,24,20,16,12,7],[4,16,20,24,12,8,7],[8,4,20,24,12,16,7],[4,20,8,12,24,16,15,7],[8,12,4,20,24,16,15,7],[12,4,24,20,16,8,7],[16,12,24,4,20,8,15,7],[8,12,16,20,4,24,7],[16,8,4,20,24,12,15,7],[4,24,12,16,20,8,7],[8,4,12,20,16,24,15,7],[20,8,12,24,4,16,15,7],[8,20,12,16,24,4,7],[16,20,4,24,8,12,15,7],[16,12,4,8,20,24,7],[16,20,12,4,24,8,15,7],[12,16,4,24,8,20,15,7],[24,4,8,20,16,12,7],[4,24,16,8,20,12,7],[16,8,12,4,20,24,15,7],[20,16,4,12,8,24,15,7],[8,12,4,16,24,20,15,7],[8,24,12,20,4,16,7],[4,20,16,24,12,8,7],[12,24,16,4,20,8,15,7],[4,20,16,12,8,24,15,7],[4,8,20,12,24,16,15,7],[20,16,24,12,4,8,15,7],[24,8,16,20,12,4,15,7],[8,16,24,20,4,12,7],[12,24,20,4,8,16,15,7],[20,12,4,24,8,16,7],[24,12,8,16,20,4,7],[4,20,12,16,24,8,7]]}