{"problem_id":"u7IBgyHnuPo3z1t","sigma":75,"alpha":3.162,"cost":0,"probabilities":"[0.26, 0.3, 0.11, 0.33]","payoff_matrix":"[[-64, -39, -57, -32, -95, 22], [45, 60, 117, 8, -91, -4], [64, 49, 28, -54, 6, -79], [10, 90, -49, 49, -91, -87]]","uncovered":[[4,12,8,16,6,14,20,24],[24,12,4,16,20,8,6,14],[16,4,12,8,6,14,24,20],[24,12,8,20,4,16,14,6],[20,12,8,16,6,14,3,4,24,2,5,1,13],[24,8,12,4,16,6,14,20],[20,8,16,14,6,22,11,10,12,2,4,5,9,13,1],[20,24,8,16,6,14,12,4],[12,8,24,16,6,14,2,4,20],[12,24,20,8,16,14,6,4],[8,20,16,6,14,3,4,10,12,24,2,5,1,9],[8,20,4,12,24,16,14,6],[8,4,16,14,6,24,9,20],[8,20,12,24,4,16,14,6],[12,24,20,8,16,6,14,4],[20,16,8,14,6,2,4,9,22],[24,12,16,20,8,14,6,4],[20,24,8,12,16,14,6,4],[24,20,8,16,14,6,12,4],[12,24,16,20,4,8,6,14],[12,4,16,8,6,14,22,19,18,2],[24,12,8,16,6,14,2,4,20],[12,20,4,16,24,8,6,14],[12,16,8,14,6,24,1,18],[4,12,8,24,16,14,6,20],[16,20,8,14,6,12,22,2,4],[16,8,14,6,24,2,4,12,20],[8,12,16,6,14,18,3,4,24,2,5,1,13],[8,12,2,4,6,14,20,24],[16,12,4,20,24,8,14,6],[8,24,20,4,16,14,6,12],[16,24,20,8,14,6,2,4,10,12],[24,12,4,16,8,6,14,20],[16,24,20,8,6,14,12,4],[12,8,2,4,6,21,15,18,24],[12,16,24,4,20,8,14,6],[12,16,24,8,6,14,20,3,1],[4,20,16,12,8,6,14,24],[16,4,20,12,8,6,14,22,2],[12,8,24,16,14,6,4,17],[8,16,6,14,4,12,23,20,21,2],[4,8,24,20,12,16,14,6],[16,8,14,6,24,20,2,4,10,12],[4,16,20,8,14,6,10,12,22,1],[20,16,24,4,8,14,6,12],[8,16,14,6,17,2,4,12,24],[24,8,12,20,4,16,14,6],[4,16,8,6,14,17,10,12,24,2],[20,24,16,4,12,8,14,6],[24,8,20,4,16,14,6,10,12,2],[16,24,12,4,8,14,6,20],[24,8,16,14,6,12,20,4],[16,20,24,4,8,14,6,11,12],[14,20,4,8,24,12,16,6],[12,16,24,8,6,14,2,4,17],[16,8,14,6,12,20,22,4,2],[16,8,6,14,22,12,4,20,2],[20,8,24,12,16,14,6,2,4],[4,12,8,20,24,16,14,6],[4,8,12,16,6,14,18,24],[8,16,14,6,2,4,10,12,18,21,24],[24,12,8,16,6,14,4,20],[12,8,16,14,6,1,24,17],[12,16,20,4,24,8,6,14],[12,24,16,8,6,14,4,19,20],[16,20,8,14,6,3,2,4,24,12,5,1,13],[20,12,8,24,4,16,6,14],[16,20,12,24,8,6,14,3,4,2,5,1,13],[8,16,6,14,12,17,22,2,4,24],[4,20,24,8,16,14,6,9],[4,24,8,16,6,14,10,12,18,2],[20,4,12,8,16,14,6,24],[8,24,2,4,6,20,9,14],[16,8,14,6,12,20,4,24],[8,14,24,4,12,20,16,6],[24,16,2,4,14,12,8,6,17],[4,24,12,8,20,16,14,6],[16,8,14,6,24,4,20,10,12,2],[20,24,4,12,16,8,6,14],[20,24,8,12,4,16,6,14],[12,8,4,16,6,14,23,20,22],[8,24,12,4,16,6,14,18],[20,16,8,6,14,4,24,10,12,2],[24,12,16,4,8,6,14,20],[8,20,4,12,16,14,6,24],[16,12,24,20,4,8,6,14],[24,12,8,20,16,14,6,2,4],[4,12,8,16,14,6,18,24],[4,16,8,14,6,24,12,20],[12,8,16,6,14,24,19,4,20],[4,12,8,20,24,16,14,6],[20,16,4,8,14,6,12,24],[12,20,4,24,8,16,6,13],[20,8,24,4,12,16,14,6],[4,24,8,20,12,16,6,14],[8,12,4,24,16,14,6,18],[16,12,20,8,14,6,1,22],[4,24,16,20,8,14,6,12],[24,4,12,16,8,14,6,20],[24,4,20,8,12,16,6,14],[8,4,24,20,16,6,14,11,9],[4,20,24,8,16,14,6,12],[24,4,8,12,20,16,14,6],[12,4,24,16,8,14,6,17],[24,16,20,12,8,6,14,2,4],[24,12,4,16,20,8,6,14],[4,24,20,16,8,14,6,12],[8,12,24,4,20,16,6,14],[16,24,4,8,14,6,12,18],[12,20,16,4,8,6,14,24],[12,24,8,16,6,14,17,1],[20,24,8,16,14,6,4,12],[12,24,16,4,8,14,6,20],[20,24,16,12,8,14,6,3,4,2,5,1,13],[24,12,8,4,20,16,6,14],[20,16,8,14,6,24,4,10,12,1],[12,8,4,24,16,14,6,18],[4,20,24,16,8,14,6,12],[16,6,8,14,20,22,9,4,3,2,5,1,13],[12,8,16,14,6,21,18,3,2,4,22,5,1,13],[16,20,12,8,6,14,24,3,4,2,5,1,13],[12,16,4,20,24,8,6,14],[12,20,4,16,8,14,6,22,2],[16,12,20,8,6,14,3,4,24,2,5,1,13],[16,12,4,20,8,14,6,24],[20,12,8,24,4,16,14,6],[20,12,4,16,8,14,6,22,1],[12,16,24,20,4,8,14,6],[20,24,12,4,8,16,6,14],[4,16,12,24,20,8,14,6],[16,12,20,4,24,8,14,6],[12,8,24,20,16,6,14,4],[12,16,20,8,6,14,2,4,23,24],[16,12,8,14,6,22,4,20,2],[8,24,14,20,12,4,16,6],[20,8,24,12,4,16,6,14],[8,4,12,20,16,6,14,22,1],[20,16,8,14,6,4,9,24],[8,22,4,20,16,6,14,11,12,3,2,5,1,13],[8,20,16,6,14,2,4,12,24],[12,4,16,24,8,14,6,20],[24,8,16,6,14,3,4,12,20,2,5,1,13],[24,8,20,16,6,14,11,12,4],[20,24,8,2,4,6,14,11,12],[12,24,4,16,20,8,6,14],[4,12,24,20,16,8,14,6],[24,16,20,12,4,8,14,6],[16,12,8,14,6,18,24,1],[8,20,14,4,24,12,16,6],[12,16,8,14,6,18,24,4],[12,4,16,24,20,8,6,14],[20,8,16,6,14,24,4,12],[12,4,8,24,16,14,6,18],[4,12,16,8,14,6,17,22,2],[24,16,4,20,12,8,6,14],[8,12,4,24,16,6,14,17],[8,24,20,12,4,16,14,6],[24,16,4,12,20,8,14,6],[8,4,24,16,14,6,18,9],[12,4,24,16,20,8,6,14],[24,20,16,12,4,8,14,6],[4,24,20,12,8,16,14,6],[16,4,24,8,14,6,10,12,18,2],[16,4,20,12,8,6,14,24],[16,12,8,6,14,21,20,4,24],[20,4,24,16,12,8,14,6],[4,12,16,24,20,8,6,14],[12,24,20,8,16,14,6,2,4],[4,8,24,16,14,6,12,17],[8,4,20,16,14,6,24,10,12,2],[20,24,4,8,16,14,6,10,12,3,2,5,1,9],[24,16,8,14,6,3,2,4,12,18,5,1,13],[20,4,8,16,6,14,12,22,2],[8,4,12,20,16,6,14,24],[20,12,24,8,16,14,6,2,4],[12,4,20,16,8,14,6,24],[12,8,24,20,4,16,14,6],[24,4,20,12,16,8,6,14],[16,4,24,8,6,14,12,20],[12,24,16,8,6,14,18,4],[12,4,8,16,14,6,18,23,22],[16,4,20,12,8,6,14,24],[8,20,16,14,6,22,12,2,4],[12,20,4,24,16,8,6,14],[24,12,8,4,20,16,14,6],[20,12,16,24,8,6,14,4],[16,20,8,6,14,22,12,1],[4,20,12,24,8,16,6,13],[24,4,20,12,16,8,14,6],[24,16,12,4,8,14,6,19,20],[16,12,4,24,20,8,6,14],[12,16,4,8,6,14,20,22,3,2,5,1,13],[24,4,20,12,16,8,14,6],[8,24,16,6,14,12,20,3,4,2,5,1,13],[20,8,12,24,4,16,14,6],[24,16,4,20,8,6,14,12],[20,16,12,8,14,6,22,4,1],[24,4,20,12,8,16,14,6],[8,20,12,16,6,14,2,4,21,24],[24,12,4,20,8,16,6,14],[24,12,8,4,16,6,14,17],[24,16,8,14,6,18,10,12,1],[12,8,24,4,16,6,14,20],[24,12,4,20,6,16,8,14],[20,12,4,24,8,16,14,6],[20,16,12,24,4,8,6,14],[24,8,16,14,6,4,9,20],[12,24,20,8,16,14,6,2,4],[4,8,12,24,16,6,14,18],[4,24,16,12,8,6,13,20],[4,20,16,24,12,8,14,6],[4,24,16,12,8,6,14,20],[12,16,20,24,4,8,6,14],[12,24,4,16,8,6,14,20],[12,8,24,4,20,16,6,14],[24,4,12,8,16,14,6,20],[8,12,4,20,24,16,14,6],[4,12,20,24,16,8,6,14],[24,4,20,16,8,14,6,12],[20,4,24,16,8,6,14,12],[12,20,8,2,4,6,14,24],[12,4,8,20,24,16,14,6],[8,24,16,14,6,18,4,12],[24,4,12,20,8,16,14,6],[24,20,16,8,6,14,4,12],[4,8,16,14,6,12,24,20],[12,8,20,14,24,4,16,6],[12,4,24,8,16,14,6,20],[4,24,16,12,20,8,6,14],[20,4,16,24,8,14,6,12],[20,8,12,4,16,14,6,24],[16,20,4,24,8,14,6,10,12,2],[4,16,24,20,12,8,14,6],[12,20,16,24,4,8,14,6],[24,12,16,8,14,6,19,3,4,20,2,5,1,13],[12,16,8,14,6,20,21,2,4,22],[24,12,20,16,8,14,6,2,4],[8,4,16,14,6,9,20,24],[16,4,20,8,6,14,11,12,22,1],[12,4,8,20,16,6,14,24],[4,24,20,16,12,8,14,6],[4,12,16,24,20,8,6,14],[12,16,24,8,14,6,20,1],[16,8,6,14,2,4,10,12,20,24],[20,12,16,24,8,14,6,4],[4,8,16,6,14,21,12,20,24],[16,8,14,6,12,24,17,4],[12,4,24,20,16,8,14,6],[12,4,24,16,20,8,14,6],[12,4,24,20,8,16,14,6],[12,16,24,20,4,8,14,6],[16,4,24,8,6,14,9,20],[12,8,4,20,24,16,6,14],[20,12,16,24,8,6,14,1],[12,16,24,20,4,8,6,14],[12,8,4,24,16,14,6,20],[8,16,14,6,20,4,24,12],[12,20,24,4,16,8,14,6],[4,24,8,20,16,6,14,10,12,3,2,5,1,9],[16,20,4,24,12,8,6,14],[4,24,20,12,16,8,6,14],[4,20,24,16,12,8,14,6],[16,4,8,6,14,12,17,24],[20,16,4,12,24,8,14,6],[12,8,20,24,16,6,14,4],[16,20,24,12,8,6,14,2,4],[12,16,20,4,8,14,6,24],[16,4,8,6,14,24,18,12],[16,24,8,6,13,1,19,10,12,20],[4,12,16,24,8,6,14,18],[16,20,8,14,6,2,4,22,10,12,24],[20,12,4,8,24,16,14,6],[12,8,16,6,14,18,22,4,2],[20,8,12,22,16,14,6,4,1],[8,12,24,4,16,14,6,20],[20,4,16,8,6,14,24,12],[16,8,6,14,23,20,2,4,12,24],[12,16,8,6,14,21,1,20,24],[12,8,16,14,6,22,20,4,2],[12,16,4,20,8,6,14,24],[20,24,8,4,12,16,14,6],[12,4,8,20,24,16,6,14],[4,20,8,24,16,14,6,12],[20,12,16,8,14,6,24,4],[16,4,20,8,14,6,22,10,12,1],[8,4,16,6,14,12,20,24],[8,16,14,6,24,11,10,12,18,4,5,9,13],[20,8,16,6,13,24,11,12,4],[8,12,14,20,24,4,16,6],[20,16,8,6,14,9,24,4],[4,12,8,16,6,14,19,24,20],[12,24,20,4,16,8,14,6],[8,12,24,20,16,6,14,1],[16,4,20,12,8,14,6,24],[16,4,20,8,14,6,21,12,24],[12,4,16,20,22,8,14,6,2],[8,12,4,24,20,16,6,14],[8,16,14,6,11,9,4,24,20],[8,4,12,16,14,6,22,20,1],[8,4,16,6,14,11,10,12,20,21,23,5,9,13,2,1],[12,24,16,20,8,14,6,4],[4,12,24,8,20,16,6,14],[16,8,6,14,20,22,10,12,4,3,2,5,1,9,13],[8,4,12,24,16,14,6,20],[16,20,4,24,8,6,14,10,12,2],[16,12,4,24,20,8,6,14],[20,16,8,14,6,22,12,2,4],[20,16,4,24,8,14,6,12],[4,8,16,6,14,12,22,17,2],[12,16,24,4,8,14,6,17],[12,24,8,4,20,16,14,6],[4,20,8,24,12,16,14,6],[4,8,12,16,14,6,20,24],[12,20,16,24,4,8,6,14],[24,20,4,16,12,8,6,14],[16,4,12,8,6,14,22,20,2],[8,4,12,24,16,14,6,20],[16,8,6,14,12,20,22,4,2],[16,8,6,14,4,24,9,20],[4,12,8,24,20,16,6,14],[20,8,24,12,16,14,6,4],[4,20,24,8,12,16,14,6],[20,8,16,14,6,21,2,4,12,24],[20,4,12,8,24,16,6,14],[16,4,24,12,20,8,14,6],[12,20,8,24,4,16,14,6],[8,24,20,4,16,6,14,9],[20,8,4,12,16,6,13,24],[16,4,24,20,12,8,14,6],[16,8,6,14,20,12,22,4,2],[8,12,24,16,14,6,4,20],[24,12,4,8,16,14,6,20],[4,8,20,16,14,6,11,10,12,24,5,9,13],[16,24,12,20,8,14,6,4],[20,4,16,24,8,14,6,12],[8,20,12,16,14,6,4,22,2],[20,8,10,12,6,2,4,21,16,14,24],[16,12,24,4,8,14,6,20],[4,8,24,16,14,6,20,12],[12,4,8,20,16,14,6,21,24],[16,4,20,24,12,8,6,14],[20,16,24,4,12,8,6,14],[24,20,4,12,16,8,14,6],[8,16,6,14,4,12,18,23,22],[24,12,20,8,4,16,6,14],[4,8,16,6,14,24,20,12],[12,4,8,24,16,14,6,20],[4,8,24,20,16,14,6,9],[20,12,16,24,4,8,14,6],[20,24,4,12,8,14,16,6],[12,8,20,4,24,16,6,14],[12,16,4,24,8,6,14,19,18],[24,16,4,8,6,14,20,12],[20,16,12,4,8,6,14,24],[20,16,8,14,6,24,10,12,4,2],[20,8,4,16,14,6,22,12,2],[24,4,20,12,16,8,14,6],[16,24,8,14,6,2,4,18,10,12],[4,24,16,12,20,8,6,14],[20,16,12,4,24,8,6,14],[16,8,14,6,12,24,17,4],[12,24,16,20,8,14,6,4],[24,4,12,8,20,14,16,6],[16,12,24,4,20,8,6,14],[24,4,16,20,12,8,6,13],[20,24,4,16,8,14,6,10,12,3,2,5,1,9],[16,12,24,8,6,14,4,20],[4,24,20,16,8,14,6,12],[20,12,24,8,4,16,6,14],[16,20,8,14,6,12,4,24],[20,16,8,6,14,22,12,2,4],[8,20,12,4,24,16,6,14],[12,8,24,16,6,14,4,17],[20,4,24,8,12,16,14,6],[20,4,16,8,14,6,24,10,12,2],[16,12,8,6,13,20,4,22],[16,24,12,8,14,6,4,20],[4,12,8,16,6,14,24,20],[16,4,20,12,24,8,6,14],[8,12,16,6,14,24,18,2,4],[16,4,20,12,24,8,6,14],[12,24,16,4,20,8,14,6],[12,24,8,16,14,6,20,2,4],[24,20,16,12,4,8,14,6],[16,12,4,8,6,14,21,17,22],[24,4,8,20,12,16,14,6],[16,12,8,6,14,24,20,2,4],[20,16,12,24,8,6,14,3,4,1],[16,12,20,24,8,6,14,4],[4,20,16,24,12,8,6,14],[4,8,20,24,12,16,6,14],[24,8,4,12,16,14,6,19,18],[20,8,24,12,4,16,6,14],[12,24,16,20,4,8,14,6],[12,8,4,16,14,6,20,21,24],[8,24,4,20,16,14,6,10,12,2],[8,12,4,24,20,16,6,14],[8,24,20,16,14,6,2,4,10,12],[4,12,8,20,24,16,14,6],[16,4,12,24,8,14,6,18],[16,8,14,6,2,4,12,20,22],[12,20,24,8,2,4,6,14],[12,8,24,16,6,14,4,17],[12,20,8,24,4,16,6,14],[8,4,20,24,10,12,6,13],[20,12,24,16,4,8,14,6],[12,16,8,6,14,18,2,4,24],[8,4,24,16,6,14,11,12,18],[20,24,16,12,8,6,14,3,2,4,5,1,13],[20,8,16,6,14,9,24,1],[16,12,20,8,14,6,4,22,3,2,5,1,13],[16,24,20,12,8,6,14,2,4],[24,20,16,4,8,6,14,12],[24,8,20,16,6,14,12,4],[4,8,22,20,14,12,16,6,1],[16,24,20,12,4,8,6,14],[12,8,4,24,16,14,6,20],[16,12,8,14,6,4,20,24],[4,24,20,16,8,14,6,12],[16,4,8,14,6,20,12,24],[12,4,20,16,8,6,14,22,3,2,5,1,13],[20,4,24,8,14,12,16,6],[16,20,8,6,14,24,11,10,12,4,5,9,13],[8,16,6,14,3,2,4,24,20,12,5,1,13],[20,12,8,16,14,6,24,4],[8,24,12,20,16,6,14,4],[8,16,14,6,3,4,12,22,20,1],[16,8,6,14,24,18,12,3,4,2,5,1,13],[4,12,20,24,8,16,14,6],[4,16,8,14,6,20,24,10,12,3,1],[12,4,24,20,16,8,6,14],[16,8,6,14,12,24,20,4],[20,24,12,8,4,16,14,6],[8,24,4,20,12,16,14,6],[12,16,20,4,8,6,14,24],[4,16,20,24,12,8,6,14],[4,20,24,8,16,14,6,12],[4,16,8,14,6,12,17,22,3,2,5,1,13],[24,20,12,16,4,8,14,6],[12,20,8,24,16,14,6,4],[20,4,12,24,8,16,6,14],[24,16,4,20,8,6,14,12],[12,16,4,20,24,8,14,6],[24,16,4,20,12,8,6,14],[8,16,14,6,20,12,24,4],[4,24,12,20,16,8,14,6],[16,24,12,4,20,8,14,6],[8,24,20,16,6,14,2,4,11,12],[12,24,16,20,8,14,6,4],[16,12,24,20,4,8,6,14],[20,12,4,24,8,16,6,14],[16,12,24,20,4,8,6,13],[4,20,12,16,8,6,14,22,2],[8,12,20,24,16,6,14,2,4],[8,14,24,4,20,12,16,6],[12,8,20,4,16,6,14,23,24],[12,16,20,8,6,14,24,4],[12,4,16,24,20,8,14,6],[20,4,12,24,8,16,14,6],[4,20,16,8,6,14,9,22,1],[24,8,4,20,16,14,6,11,12],[20,8,12,16,14,6,24,4],[24,20,12,8,4,16,14,6],[20,4,24,8,16,14,6,12],[16,20,12,4,8,14,6,21,23,2],[12,16,8,6,14,22,20,4,2],[4,20,16,24,8,6,14,9],[8,12,4,24,20,16,6,14],[8,16,6,14,24,4,12,20],[8,24,20,12,4,16,6,13],[8,16,6,14,24,17,4,11,12],[16,12,4,20,8,6,14,21,24],[8,4,20,16,6,14,9,24],[4,8,24,12,16,14,6,17],[16,24,8,14,6,10,12,4,20,2],[16,24,12,4,8,14,6,18],[16,12,20,4,8,14,6,24],[4,16,12,8,6,14,24,20],[8,12,24,20,4,16,6,14],[16,4,8,6,14,22,12,18,3,2,5,1,13],[20,12,4,16,24,8,6,14],[16,8,6,14,4,18,10,12,24,1],[16,8,6,14,18,9,2,4,24],[8,4,24,14,12,20,16,6],[8,16,6,14,22,17,12,1],[16,4,12,8,14,6,20,22,2],[24,8,16,14,6,4,19,12,20],[24,4,12,20,16,8,14,6],[20,12,16,24,8,14,6,4],[4,8,20,16,6,14,10,12,24,2],[4,12,16,24,8,6,14,17],[4,16,20,24,8,6,14,12],[20,4,8,16,14,6,10,12,24,3,2,5,1,9],[20,16,8,6,14,24,1,12],[24,4,12,16,8,6,14,17],[8,12,4,16,14,6,18,24],[24,12,4,16,20,8,14,6],[8,16,6,14,4,18,10,12,21,24,2],[24,20,16,8,14,6,2,4,12],[8,24,16,14,6,12,4,20],[8,4,20,12,14,24,16,6],[8,4,20,12,24,16,14,6],[24,16,20,12,8,14,6,4],[8,24,16,14,6,18,4,12],[20,24,12,8,4,16,14,6],[16,20,8,14,6,22,4,11,10,12,5,9,13,2,1],[24,20,8,16,6,14,11,12,4],[8,20,24,4,16,14,6,11,12],[20,12,24,4,8,16,6,14],[16,8,6,14,2,4,22,12,20],[24,16,12,4,8,14,6,20],[4,16,20,12,24,8,14,6],[24,4,20,16,8,14,6,10,12,2],[4,16,24,20,12,8,6,14],[24,8,12,16,6,14,20,4],[20,4,12,8,24,16,6,14],[4,8,20,12,16,14,6,24],[20,16,8,6,14,9,2,4,24],[20,8,12,16,6,14,21,4,24],[24,8,20,4,16,14,6,12],[24,8,12,16,6,13,20,1],[24,4,8,16,14,6,12,20],[20,16,12,24,8,14,6,4],[24,4,16,20,12,8,6,14],[16,12,8,6,14,4,18,24],[20,24,16,6,8,14,12,4],[8,4,12,20,24,16,6,14],[4,8,20,12,24,16,14,6],[8,20,2,4,6,24,15,10,12,13],[16,20,24,8,14,6,4,12],[4,20,16,12,24,8,6,14],[16,20,8,14,6,4,12,24],[16,4,24,12,20,8,6,14],[4,24,8,12,16,14,6,20],[4,16,20,24,12,8,6,14],[8,12,14,24,4,20,16,6],[16,24,4,20,12,8,14,6],[20,24,4,8,16,6,14,10,12],[24,4,16,20,8,14,6,10,12,2],[16,20,4,8,14,6,12,24],[4,24,16,12,8,6,14,17],[20,4,16,12,24,8,6,14],[24,8,20,16,14,6,12,3,4,2,5,1,13],[8,12,14,24,20,4,16,6],[20,8,4,12,16,6,14,21,24],[20,8,4,22,12,16,14,6,2],[8,16,6,14,22,4,20,9,2,23],[16,24,20,8,14,6,12,1],[12,24,20,16,4,8,6,14],[12,4,16,20,24,8,14,6],[8,12,20,24,4,16,6,14],[4,8,12,16,6,14,24,20],[4,12,24,8,20,16,14,6],[20,12,4,16,24,8,14,6],[12,16,20,4,6,8,14,24],[8,12,16,14,6,20,21,4,24],[24,20,4,8,12,16,14,6],[12,16,4,20,24,8,14,6],[16,8,14,6,20,12,21,2,4,24],[12,20,24,4,16,8,6,14],[16,12,8,14,6,24,18,4],[16,12,24,20,4,8,14,6],[4,8,24,20,12,16,14,6],[24,12,4,16,20,8,6,14],[4,24,12,20,8,16,14,6],[4,16,12,24,8,6,14,20],[12,20,24,8,4,16,6,14],[24,16,20,4,8,14,6,11,12],[24,4,16,12,8,14,6,20],[20,8,24,4,12,16,14,6],[8,24,20,12,4,16,14,6],[12,16,24,20,4,8,6,14],[16,4,24,8,14,6,10,12,20,3,2,5,1,9],[4,20,24,12,8,16,14,6],[4,12,8,16,6,14,17,24],[24,4,8,16,14,6,20,12],[12,24,20,16,8,14,6,4],[24,4,16,8,6,14,12,18],[20,24,12,16,8,14,6,2,4],[12,4,16,20,8,6,14,24],[12,8,16,6,14,20,4,22,2],[4,8,20,16,6,14,24,9],[16,4,20,12,8,6,14,22,2],[12,24,16,20,8,14,6,4],[16,24,8,6,14,12,4,18],[16,24,4,12,8,14,6,18],[24,20,4,8,16,14,6,12],[8,2,4,6,24,16,14,12,17],[8,12,22,4,16,6,14,19,18,2],[8,24,12,16,6,14,2,4,17],[8,4,16,6,14,10,12,20,22,1],[24,8,4,16,14,6,10,12,20,1],[8,16,6,14,12,4,24,18],[20,4,8,12,24,16,6,14],[24,8,12,16,14,6,20,4],[8,24,12,4,20,16,14,6],[8,24,16,6,14,4,12,20],[20,16,12,24,4,8,6,14],[8,12,14,24,20,4,16,6],[16,24,12,4,8,6,14,20],[12,24,8,4,18,16,6,14],[12,4,16,8,14,6,20,24],[24,16,12,8,14,6,20,1],[8,4,24,20,12,16,14,6],[16,4,20,12,8,6,14,22,1],[24,4,12,8,16,6,14,17],[16,20,24,8,6,14,10,12,4,2],[16,24,8,14,6,18,12,4],[8,24,4,20,16,14,6,12],[4,24,12,20,8,16,6,14],[20,8,24,16,6,14,2,4,10,12],[16,8,14,6,24,12,4,20],[16,8,6,14,10,12,24,1,20],[24,16,8,14,6,20,1,12],[8,4,24,16,6,14,12,20],[16,24,4,12,20,8,6,14],[24,16,8,14,6,2,4,9,18],[4,20,16,24,8,6,14,12],[4,16,8,14,6,17,24,9],[12,4,16,8,6,14,20,24],[16,20,24,4,12,8,6,13],[24,20,12,16,4,8,6,14],[12,24,8,4,20,16,6,14],[12,8,24,4,16,14,6,20],[24,20,16,8,14,6,10,12,2,4],[20,8,24,12,16,14,6,4],[24,20,4,8,12,16,6,14],[4,8,24,12,16,6,14,20],[24,8,20,4,16,6,14,10,12,3,1],[16,20,12,4,8,6,14,24],[4,12,20,24,16,8,6,14],[8,4,20,12,16,6,14,22,2],[16,4,12,8,14,6,21,20,24],[4,8,16,6,14,21,10,12,20,24,2],[12,24,20,16,4,8,6,14],[24,8,16,14,6,1,12,18],[20,4,24,12,16,8,6,14],[20,4,8,24,12,16,14,6],[20,8,12,24,16,6,14,1],[16,20,4,12,24,8,6,14],[20,4,12,16,8,14,6,21,24],[20,12,24,4,16,8,6,14],[16,24,8,14,6,9,4,20],[16,20,8,6,14,21,2,4,12,24],[4,24,12,16,8,6,14,20],[8,24,20,16,6,13,10,12,4],[16,20,4,8,14,6,9,22,1],[16,20,24,8,14,6,4,12],[20,24,16,8,6,14,4,12],[20,24,4,8,12,16,14,6],[20,8,16,6,14,4,24,10,12,1],[12,20,8,24,4,16,14,6],[20,8,24,12,4,16,14,6],[8,12,20,16,6,14,4,24],[16,24,12,8,14,6,2,4,20],[16,8,6,14,20,24,2,4,12],[12,24,20,4,16,8,6,14],[20,4,24,16,8,6,14,12],[12,16,20,24,4,8,14,6],[16,8,14,6,4,23,12,17,21,3,2,5,1,13],[4,8,24,16,6,14,18,12],[8,14,24,12,4,20,16,6],[20,16,8,6,14,24,4,12],[24,4,12,8,16,14,6,17],[24,4,12,20,16,8,14,6],[8,24,4,20,16,14,6,12],[8,20,4,12,16,14,6,24],[20,16,12,4,24,8,6,14],[20,24,8,4,12,16,14,6],[16,12,24,8,6,14,20,4],[12,16,20,4,8,6,14,21,24],[20,12,8,22,16,6,14,4,3,2,5,1,13],[8,20,12,16,6,14,3,4,24,2,5,1,13],[4,16,12,24,20,8,14,6],[8,13,20,12,24,4,6],[20,24,8,4,12,16,6,14],[12,24,8,16,14,6,4,19,18],[8,12,16,6,14,20,24,4],[12,4,8,16,14,6,20,24],[24,4,8,20,16,6,14,10,12,2],[8,24,16,14,6,4,18,12],[12,8,16,14,6,18,4,21,22],[8,16,14,6,12,2,4,23,20,21],[12,8,24,16,6,14,20,4],[8,12,24,4,20,16,14,6],[20,8,4,16,6,14,24,10,12,2],[20,4,24,8,12,16,6,14],[8,12,20,16,14,6,1,24],[8,12,16,6,14,2,4,20,24],[4,12,8,20,16,14,6,24],[8,20,24,12,4,16,14,6],[20,12,8,16,14,6,4,24],[8,20,16,6,14,9,22,1],[12,8,4,24,16,14,6,20],[20,24,8,4,12,16,6,14],[8,12,13,2,4,6,22,17],[4,20,12,24,16,8,14,6],[24,4,8,16,14,6,12,20],[20,24,12,8,16,14,6,2,4],[4,24,20,16,8,14,6,10,12,2],[16,8,14,6,12,20,24,4],[12,8,16,14,6,20,4,22,2],[4,8,20,24,12,16,6,14],[24,20,12,4,8,16,14,6],[8,22,16,14,6,17,10,12,4,2,24],[20,24,4,8,16,14,6,12],[24,20,12,4,16,8,14,6],[20,24,12,4,8,16,6,14],[8,16,6,14,1,11,10,12,20,21,24],[8,4,16,6,14,12,20,24],[4,12,8,24,16,14,6,17],[24,16,12,4,8,14,6,20],[4,16,20,12,8,6,14,24],[24,16,12,20,8,6,14,4],[20,24,12,8,4,16,6,14],[24,12,8,4,20,16,6,14],[20,16,24,4,8,6,13,10,12],[24,8,12,16,6,13,4,20],[12,8,20,16,14,6,4,22,2],[8,20,12,24,16,6,14,2,4],[8,12,4,16,6,14,22,20,2],[12,16,4,20,8,6,14,21,22],[24,8,12,16,14,6,20,4],[12,16,20,24,4,8,14,6],[8,4,24,20,10,12,6,15,13],[24,12,4,16,8,6,14,20],[8,20,12,24,4,16,6,14],[4,16,20,12,24,8,6,14],[20,24,16,8,14,6,4,12],[4,8,16,14,6,20,21,12,22],[8,14,4,12,20,24,16,6],[24,8,16,6,14,20,2,4,12],[8,16,14,6,20,1,10,12,24],[24,8,20,4,16,14,6,10,12,1],[20,16,12,4,8,14,6,21,24],[8,20,16,14,6,12,24,1],[16,12,20,24,8,14,6,4],[12,20,16,4,24,8,6,14],[12,16,20,4,24,8,6,14],[12,20,4,24,8,16,14,6],[12,16,4,24,20,8,14,6],[16,4,12,24,20,8,6,14],[4,20,12,24,8,16,14,6],[4,20,24,8,12,16,14,6],[20,4,16,12,24,8,6,14],[24,12,8,20,16,14,6,2,4],[16,12,4,24,20,8,6,14],[16,8,6,14,10,12,4,23,20,24,1],[12,16,8,14,6,4,22,20,1],[20,4,16,24,8,14,6,11,10,12,5,9,13],[20,8,4,12,16,6,14,22,2],[12,4,8,16,14,6,24,18],[4,20,8,12,16,6,14,24],[4,8,16,14,6,12,20,22],[20,4,8,16,14,6,24,12],[20,24,16,8,6,14,9,4],[4,20,16,12,8,14,6,24],[20,4,16,12,24,8,6,14],[4,20,16,12,24,8,14,6],[12,8,24,16,14,6,17,1],[4,16,8,6,14,18,10,12,22,2,24],[16,24,4,20,8,14,6,12],[4,24,20,8,16,14,6,12],[16,4,8,6,14,19,10,12,21,20,22,2,5,9,13],[16,4,8,6,14,22,20,10,12,2,24],[20,16,4,12,24,8,14,6],[20,8,12,4,16,6,13,24],[16,8,6,13,20,21,12,4,24],[24,12,4,20,8,16,14,6],[16,12,20,24,8,6,14,4],[24,16,20,12,4,8,14,6],[8,24,4,12,20,16,6,14],[4,24,8,16,14,6,19,12,18],[4,16,12,24,20,8,14,6],[8,12,18,16,14,6,24,4],[8,16,6,14,20,23,12,2,4,24],[24,12,8,4,20,16,6,14],[24,16,8,14,6,2,4,12,17],[24,16,8,14,6,18,11,12,4],[4,20,24,16,8,14,6,9],[24,8,12,20,16,6,14,4],[8,4,12,24,20,16,14,6],[20,24,12,4,8,16,14,6],[16,4,24,20,8,6,14,12],[20,4,8,24,16,14,6,10,12,2],[16,4,24,8,6,14,12,17],[20,16,24,4,8,6,14,12],[24,16,12,20,8,14,6,2,4],[20,16,24,12,8,6,14,4],[16,8,6,14,20,24,12,4],[20,4,12,24,8,16,14,6],[8,24,16,6,14,3,4,20,9,1],[24,8,16,14,6,2,4,11,12,20],[24,8,16,14,6,3,4,20,12,2,5,1,13],[16,12,20,8,6,14,22,4,3,2,5,1,13],[16,24,8,6,14,20,10,12,1],[8,16,6,14,24,18,3,2,4,12,5,1,13],[4,24,12,16,8,6,14,20],[8,16,14,6,10,12,22,20,4,3,2,5,1,9,13],[12,16,24,20,4,8,6,14],[16,4,8,14,6,12,24,17],[20,24,16,12,4,8,14,6],[12,8,24,4,16,6,14,17],[16,6,8,14,24,12,20,3,2,4,5,1,13],[12,8,20,4,24,16,14,6],[12,20,16,4,8,6,14,24],[12,24,8,20,4,16,6,14],[12,24,16,4,8,6,14,17],[24,12,8,20,16,6,14,2,4],[16,20,12,4,24,8,6,13],[8,18,16,14,6,10,12,4,24,2],[4,8,12,18,24,16,6,13],[16,4,12,24,8,14,6,18],[4,12,16,24,8,14,6,18],[20,4,16,24,12,8,14,6],[4,8,24,12,20,16,14,6],[16,8,14,6,24,10,12,3,4,17,1],[20,24,8,16,6,14,9,4],[8,24,16,6,14,17,12,3,4,2,5,1,13],[4,20,8,24,16,14,6,12],[4,8,12,24,16,14,6,20],[8,20,24,12,4,16,14,6],[20,24,4,16,12,8,14,6],[24,4,20,12,8,16,14,6],[4,12,8,24,16,6,14,20],[12,4,20,24,8,16,6,14],[24,4,16,12,8,14,6,20],[16,8,14,6,4,12,19,21,20,24],[8,14,24,4,20,12,16,6],[16,4,12,24,20,8,14,6],[4,20,24,16,12,8,14,6],[24,4,8,20,12,16,6,14],[16,4,8,6,14,9,22,18,2,24],[20,16,8,6,14,1,24,12],[4,24,8,16,6,14,12,18],[16,24,4,8,6,14,12,20],[8,12,18,16,14,6,24,1],[24,8,20,4,14,12,16,6],[16,24,8,6,14,4,20,10,12,2],[16,8,6,14,12,2,4,17,24],[12,16,8,6,14,20,22,4,2],[16,24,4,20,12,8,14,6],[4,8,24,12,20,16,14,6],[4,16,12,20,24,8,6,14],[16,24,4,8,6,14,20,10,12,2],[24,4,8,20,16,14,6,9],[16,12,8,14,6,19,24,4,20],[12,24,4,8,20,16,14,6],[4,12,24,20,8,16,14,6],[16,4,12,24,20,8,14,6],[16,4,24,20,12,8,14,6],[16,4,12,8,14,6,19,24,20],[4,8,20,12,24,16,6,14],[4,12,20,24,16,8,14,6],[16,24,12,8,14,6,20,2,4],[20,8,12,24,4,16,6,14],[24,12,16,8,6,14,4,18],[16,24,20,8,6,14,4,11,10,12,5,9,13],[8,16,6,14,12,24,20,4],[12,20,8,24,2,4,6,15],[8,20,12,24,16,14,6,2,4],[16,20,12,24,4,8,14,6],[8,24,20,16,14,6,4,10,12,2],[20,24,16,4,8,6,14,10,12,3,2,5,1,9],[16,24,8,14,6,18,12,2,4],[20,12,4,8,24,16,14,6],[4,20,8,12,24,16,14,6],[4,8,24,16,6,14,19,12,20],[4,12,8,20,24,16,6,14],[4,24,8,16,14,6,20,12],[4,24,20,8,12,16,6,14],[24,20,16,8,6,14,12,3,4,2,5,1,13],[20,12,24,4,8,16,14,6],[4,24,12,16,8,6,14,20],[8,2,4,6,12,18,14,24],[16,24,20,8,14,6,12,2,4],[16,4,20,8,14,6,12,22,3,1],[12,4,8,24,20,16,6,14],[16,4,24,20,8,14,6,10,12,3,2,5,1,9],[4,16,20,24,8,6,14,10,12,2],[12,4,16,8,14,6,21,20,24],[12,8,4,24,16,6,14,20],[20,4,8,16,14,6,11,12,21,24],[16,24,8,14,6,18,12,4],[12,24,16,4,8,14,6,20],[24,16,20,12,8,6,14,2,4],[16,4,12,20,8,6,13,22],[12,16,20,8,6,14,24,2,4],[12,20,8,4,16,14,6,24],[24,20,4,12,8,16,14,6],[20,8,12,16,14,6,22,2,4],[12,24,4,16,20,8,14,6],[24,16,4,8,6,14,18,10,12,1],[16,20,4,12,8,14,6,21,24],[12,4,8,16,6,14,20,22,1],[12,20,16,24,8,6,14,1],[12,8,20,24,4,16,14,6],[20,8,4,12,24,16,6,14],[12,20,8,24,4,16,14,6],[16,20,12,8,14,6,22,2,4],[24,8,20,12,4,16,6,14],[8,20,12,4,24,16,14,6],[12,4,24,8,16,14,6,20],[16,8,14,6,12,22,20,1],[4,12,24,8,20,16,14,6],[4,12,24,8,20,16,14,6],[8,12,2,4,6,22,18,15,16,14],[24,4,12,16,8,14,6,20],[16,8,14,6,3,4,24,18,10,12,2,5,1,9],[20,16,8,14,6,12,24,2,4],[4,16,20,24,8,6,14,12],[8,24,12,4,16,6,14,20],[20,16,4,8,14,6,21,10,12,24],[20,12,24,4,16,8,6,14],[8,20,16,14,6,4,12,24],[4,24,8,16,6,14,18,12],[16,12,20,8,6,14,4,23,22],[8,20,4,24,16,14,6,12],[16,12,4,8,14,6,24,20],[12,16,20,8,14,6,22,2,4],[24,12,4,8,20,16,14,6],[16,12,24,20,8,14,6,1],[12,20,24,16,8,14,6,4],[16,24,6,8,14,4,17,10,12,2],[4,12,8,16,6,14,23,20,22],[24,8,20,4,12,16,6,14],[20,8,4,12,14,24,16,6],[24,20,16,4,12,8,14,6],[4,24,16,12,8,6,14,20],[20,4,16,12,24,8,6,14],[16,20,12,4,24,8,6,13],[8,4,14,24,20,12,16,6],[4,8,16,14,6,20,24,12],[24,20,16,4,12,8,14,6],[8,16,14,6,17,24,12,4],[24,12,8,16,14,6,20,2,4],[12,16,20,8,14,6,21,1,22],[24,20,16,8,6,13,2,4,12],[12,16,24,8,6,14,20,4],[8,4,12,24,20,16,6,14],[24,12,16,4,20,8,6,14],[12,4,8,24,20,16,6,14],[8,16,6,14,10,12,24,20,1],[8,4,24,12,16,14,6,19,18],[8,24,20,16,14,6,3,4,10,12,2,5,1,9],[4,24,16,8,14,6,10,12,18,2],[16,4,8,6,14,22,20,12,2],[12,16,4,20,8,14,6,21,24],[12,4,8,24,20,16,14,6],[12,16,20,8,6,14,24,4],[8,10,12,6,24,20,4,15,14],[8,12,16,14,6,4,20,24],[4,24,20,16,12,8,6,14],[12,16,20,24,4,8,6,14],[20,12,24,16,4,8,6,14],[12,4,24,16,20,8,14,6],[8,24,12,16,14,6,20,2,4],[24,16,20,4,8,14,6,12],[20,24,8,16,14,6,12,4],[8,4,12,24,20,16,6,14],[8,16,14,6,10,12,20,4,23,24,2],[12,16,20,4,24,8,6,14],[12,4,8,20,16,14,6,24],[24,12,4,16,20,8,14,6],[4,8,12,24,16,14,6,20],[4,24,16,12,20,8,14,6],[20,4,24,16,8,14,6,12],[8,12,4,24,16,14,6,18],[8,12,24,20,4,16,14,6],[20,4,8,22,16,14,6,9,1],[8,24,4,20,12,16,14,6],[12,4,16,24,8,6,14,20],[4,16,20,24,12,8,14,6],[8,12,20,4,24,16,6,14],[4,20,8,16,6,14,10,12,22,2,24],[4,20,8,12,24,16,6,14],[24,8,16,14,6,1,20,10,12],[4,12,8,24,20,16,6,14],[16,4,20,8,6,14,24,12],[20,4,24,12,8,16,6,14],[4,20,8,24,12,16,6,14],[12,16,4,24,8,14,6,20],[16,20,8,14,6,9,2,4,22,24],[20,12,24,16,8,14,6,2,4],[24,20,4,12,16,8,14,6],[24,8,16,6,14,10,12,18,2,4],[24,20,4,16,12,8,14,6],[20,24,8,16,6,14,12,4],[12,20,4,24,16,8,6,14],[20,12,24,8,16,6,14,4],[8,24,20,12,16,14,6,4],[12,24,4,20,16,8,14,6],[20,4,16,8,6,14,21,10,12,24,2],[4,20,8,24,14,12,16,6],[12,24,16,8,6,14,2,4,20],[12,16,20,8,14,6,24,4],[24,4,20,16,12,8,6,14],[12,20,4,8,16,6,14,24],[8,24,20,16,14,6,12,4],[20,24,12,4,8,16,6,14]]}