{"problem_id":"vt39ZzoICqfIczi","sigma":150,"alpha":1.000,"cost":1,"probabilities":"[0.4599999999999998, 0.23, 0.2, 0.11]","payoff_matrix":"[[-90, 130, -92, 7, 125, 62], [-128, 51, 73, -40, -207, 9], [155, -95, -13, 206, 89, -313], [67, 2, -134, -191, -134, -75]]","uncovered":[[5,17,6,18,21,9,13,1,22,7,23,14],[9,1,13,21,5,17,18,22,6,23,14],[1,9,17,21,5,18,13,22,6,7,23,14],[13,9,17,5,6,18,21,1,22,7,23,14],[1,21,13,9,17,5,6,18,22,7,23,14],[5,21,13,9,1,17,6,18,22,7,23,14],[1,5,17,18,13,9,21,22,6,7,23,14],[9,17,13,1,5,6,18,21,22,7,23,14],[21,9,17,13,1,5,6,18,22,23,14],[9,1,5,13,17,18,21,22,6,23,14],[17,9,21,1,13,5,18,22,6,23,14],[13,9,21,5,1,17,18,22,6,23,14],[9,17,13,5,6,18,1,21,22,7,23,14],[1,9,13,17,5,6,18,21,22,23,14],[21,5,1,9,13,17,6,18,22,23,14],[9,1,17,13,21,5,18,6,22,7,23,14],[1,17,5,6,18,21,13,9,22,7,23,14],[21,17,5,18,9,1,13,22,6,7,23,14],[5,9,13,1,21,17,6,18,22,23,14],[5,21,13,1,9,17,6,18,22,23,14],[1,5,21,17,6,18,9,13,22,7,23,14],[21,1,17,5,6,18,13,9,22,7,23,14],[9,13,1,17,5,6,18,21,22,7,23,14],[1,5,21,9,13,17,18,22,6,23,14],[1,9,17,21,5,6,18,13,22,23,14],[13,17,1,9,5,18,21,22,6,23,14],[1,9,21,5,17,18,13,22,6,7,23,14],[17,13,9,21,5,6,18,1,22,23,14],[5,21,13,1,17,18,9,6,22,7,23,14],[13,5,1,9,21,17,18,22,6,23,14],[1,9,13,21,5,17,18,6,22,7,23,14],[1,21,5,13,17,18,9,22,6,7,23,14],[5,13,17,18,1,9,21,22,6,23,14],[5,21,1,9,17,6,18,13,22,23,14],[1,9,21,5,13,17,18,6,22,7,23,14],[1,5,13,9,21,17,18,6,22,7,23,14],[9,1,21,13,17,5,18,6,22,7,23,14],[17,1,5,6,18,21,9,13,22,7,23,14],[21,1,9,17,5,6,18,13,22,7,23,14],[13,5,9,17,6,18,21,1,22,7,23,14],[13,21,5,17,18,9,1,22,6,7,23,14],[13,5,1,9,17,6,18,21,22,23,14],[5,21,1,17,18,9,13,6,22,23,14],[1,21,13,9,17,5,6,18,22,23,14],[13,1,9,17,21,5,6,18,22,7,23,14],[9,5,1,17,18,21,13,6,22,23,14],[21,17,13,1,5,18,9,6,22,23],[5,17,18,9,13,21,1,6,22,7,23,14],[21,17,9,13,5,18,1,22,6,7,23,14],[5,21,13,9,17,6,18,1,22,7,23,14],[21,13,17,1,5,6,18,9,22,23,14],[17,1,9,5,6,18,21,13,22,23,14],[9,17,1,21,13,5,6,18,22,7,23,14],[1,17,5,18,13,9,21,6,22,23,14],[21,9,5,13,1,17,18,6,22,7,23,14],[9,17,5,18,21,13,1,6,22,7,23,14],[17,21,1,9,13,5,6,18,22,23,14],[9,17,21,1,5,18,13,22,6,23,14],[17,1,21,9,5,18,13,6,22,7,23,14],[1,21,13,9,17,5,6,18,22,7,23,14],[9,1,17,21,5,18,13,6,22,23,14],[9,13,5,1,17,6,18,21,22,7,23,14],[9,21,13,5,1,17,6,18,22,7,23,14],[5,9,17,6,18,13,1,21,22,7,23,14],[9,13,17,5,6,18,1,21,22,7,23,14],[1,9,17,5,6,18,13,21,22,7,23,14],[5,21,17,18,1,13,9,6,22,23,14],[9,5,21,13,17,18,1,6,22,23,14],[5,17,6,18,21,1,13,9,22,23,14],[1,21,9,17,13,5,18,6,22,23,14],[9,13,17,1,5,18,21,6,22,7,23,14],[1,17,5,6,18,9,21,13,22,7,23,14],[13,9,1,17,21,5,6,18,22,7,23,14],[9,17,13,1,21,5,18,6,22,7,23,14],[9,13,5,17,6,18,21,1,22,23,14],[5,13,1,21,9,17,18,6,22,23,14],[21,1,17,5,18,9,13,22,6,7,23,14],[21,17,13,5,18,1,9,22,6,7,23,14],[1,21,13,9,17,5,18,22,6,23,14],[17,13,21,5,18,9,1,6,22,23,14],[17,21,13,9,5,18,1,22,6,23,14],[5,9,21,1,13,17,18,6,22,23,14],[5,1,13,17,18,9,21,22,6,7,23,14],[9,21,5,1,13,17,6,18,22,7,23,14],[9,21,17,5,6,18,1,13,22,23,14],[13,5,9,17,6,18,1,21,22,23,14],[5,1,17,18,13,9,21,22,6,7,23,14],[13,21,9,5,1,17,18,6,22,23,14],[13,5,17,18,21,9,1,22,6,23,14],[9,13,1,21,5,17,18,6,22,23,14],[21,5,17,6,18,9,1,13,22,23,14],[21,13,9,1,5,17,18,6,22,7,23,14],[13,5,9,21,17,6,18,1,22,23,14],[5,13,9,1,21,17,18,22,6,7,23,14],[21,13,5,9,1,17,6,18,22,7,23,14],[5,17,18,21,1,13,9,22,6,7,23,14],[5,13,17,18,9,21,1,6,22,23,14],[1,17,21,13,9,5,6,18,22,7,23,14],[1,13,17,21,9,5,6,18,22,7,23,14],[9,13,17,5,6,18,21,1,22,23,14],[13,21,1,5,9,17,18,6,22,7,23,14],[13,1,21,9,17,5,6,18,22,23,14],[21,17,5,6,18,1,9,13,22,23,14],[1,17,13,21,9,5,6,18,22,23,14],[5,1,21,17,18,13,9,22,6,7,23,14],[1,9,13,5,17,6,18,21,22,23,14],[21,17,1,13,9,5,18,6,22,23,14],[17,5,6,18,9,21,1,13,22,23,14],[5,9,21,17,6,18,13,1,22,7,23,14],[1,21,13,17,5,6,18,9,22,23,14],[21,5,9,13,17,18,1,22,6,23,14],[13,21,9,1,17,5,18,22,6,23,14],[9,13,17,5,6,18,1,21,22,23,14],[21,17,1,13,9,5,6,18,22,7,23,14],[1,17,21,9,5,6,18,13,22,7,23,14],[5,17,18,9,21,1,13,22,6,7,23,14],[1,17,21,9,5,6,18,13,22,23,14],[17,9,5,6,18,13,21,1,22,7,23,14],[1,13,9,21,5,17,6,18,22,23,14],[17,9,21,1,13,5,18,22,6,23,14],[1,21,13,5,9,17,18,6,22,23,14],[21,13,9,17,1,5,6,18,22,23,14],[13,1,17,5,18,21,9,22,6,7,23,14],[1,21,5,13,17,18,9,6,22,7,23,14],[9,1,17,21,13,5,6,18,22,23,14],[5,17,18,9,13,1,21,6,22,23,14],[17,13,1,5,18,9,21,22,6,23,14],[17,5,6,18,13,1,21,9,22,23,14],[9,13,5,1,21,17,6,18,22,23,14],[1,9,21,13,17,5,6,18,22,7,23,14],[17,9,5,18,21,13,1,22,6,23,14],[21,13,5,17,18,1,9,22,6,7,23,14],[21,1,13,9,17,5,18,6,22,7,23,14],[17,21,13,9,5,18,1,22,6,23,14],[9,5,21,17,18,1,13,22,6,23,14],[13,5,1,17,18,9,21,6,22,7,23,14],[9,17,1,21,13,5,18,6,22,7,23,14],[21,5,1,9,13,17,18,22,6,7,23,14],[5,17,18,1,13,9,21,22,6,23,14],[13,21,5,9,17,18,1,6,22,7,23,14],[1,9,21,17,5,18,13,22,6,7,23,14],[1,5,9,17,6,18,21,13,22,7,23,14],[13,5,21,9,1,17,18,6,22,7,23,14],[5,1,21,9,17,6,18,13,22,23,14],[9,1,17,5,6,18,13,21,22,23,14],[1,21,17,9,5,18,13,22,6,7,23,14],[17,1,5,6,18,13,21,9,22,23,14],[9,13,5,21,1,17,6,18,22,7,23,14],[9,1,17,21,13,5,6,18,22,7,23,14],[1,17,9,21,5,6,18,13,22,23,14],[17,9,1,5,6,18,13,21,22,23,14],[1,21,5,9,17,18,13,6,22,7,23,14],[17,5,18,9,1,21,13,6,22,23,14],[21,13,1,17,9,5,18,6,22,7,23,14],[1,9,13,17,21,5,6,18,22,23,14],[1,13,9,5,21,17,18,6,22,23,14],[13,17,1,21,9,5,6,18,22,23,14],[13,9,17,5,18,1,21,6,22,23,14],[9,5,17,6,18,13,1,21,22,7,23,14],[1,17,9,5,18,21,13,22,6,23,14],[5,21,9,17,6,18,13,1,22,7,23,14],[1,21,5,9,17,18,13,6,22,7,23,14],[5,13,17,6,18,9,21,1,22,23,14],[9,13,5,17,18,1,21,6,22,7,23,14],[9,17,5,18,13,21,1,22,6,23,14],[9,13,1,5,21,17,18,6,22,7,23,14],[17,13,1,21,9,5,18,22,6,7,23,14],[5,9,13,1,21,17,6,18,22,23,14],[13,9,5,21,1,17,18,6,22,7,23,14],[9,13,1,21,5,17,6,18,22,7,23,14],[5,9,13,17,18,21,1,22,6,7,23,14],[5,9,13,21,17,6,18,1,22,23,14],[17,21,5,6,18,9,1,13,22,23,14],[9,21,17,5,6,18,13,1,22,23,14],[5,21,17,6,18,9,13,1,22,23,14],[13,9,5,1,21,17,18,6,22,7,23,14],[9,13,21,5,1,17,6,18,22,23,14],[17,1,9,13,21,5,6,18,22,23,14],[5,1,13,9,21,17,18,22,6,7,23,14],[13,9,1,21,17,5,6,18,22,7,23,14],[17,9,5,6,18,13,1,21,22,7,23,14],[13,1,5,17,6,18,21,9,22,7,23,14],[17,9,13,21,5,6,18,1,22,23,14],[13,5,9,1,21,17,6,18,22,23,14],[9,13,5,17,18,1,21,22,6,23,14],[17,9,21,13,5,6,18,1,22,7,23,14],[1,21,17,13,5,18,9,6,22,7,23,14],[13,17,21,5,6,18,9,1,22,7,23,14],[9,5,1,13,17,6,18,21,22,7,23,14],[21,17,1,13,9,5,18,22,6,7,23,14],[9,17,5,18,21,1,13,6,22,7,23,14],[1,13,21,17,5,6,18,9,22,7,23,14],[9,13,21,1,17,5,6,18,22,7,23,14],[21,1,5,9,13,17,6,18,22,23,14],[5,1,13,17,6,18,21,9,22,23,14],[5,1,21,9,17,6,18,13,22,23,14],[21,1,13,9,17,5,6,18,22,7,23,14],[17,21,5,18,1,13,9,6,22,23,14],[21,9,5,1,17,18,13,22,6,7,23,14],[13,5,1,21,17,6,18,9,22,23,14],[9,17,21,13,1,5,6,18,22,7,23,14],[9,21,5,17,6,18,1,13,22,7,23,14],[5,21,1,17,18,9,13,22,6,7,23,14],[1,9,13,17,21,5,6,18,22,23,14],[13,17,21,1,9,5,18,22,6,23,14],[9,21,17,13,5,6,18,1,22,7,23,14],[9,5,1,17,18,13,21,22,6,7,23,14],[5,17,18,1,9,21,13,6,22,7,23,14],[13,21,1,5,17,18,9,6,22,23,14],[1,5,13,9,21,17,18,22,6,23,14],[5,9,13,17,6,18,1,21,22,23,14],[21,17,13,9,5,6,18,1,22,7,23,14],[21,17,13,1,5,6,18,9,22,23,14],[21,5,1,13,9,17,18,6,22,23,14],[5,1,21,17,6,18,9,13,22,7,23,14],[13,1,9,21,17,5,6,18,22,23,14],[21,9,17,13,5,18,1,22,6,23,14],[9,5,1,21,17,18,13,6,22,23,14],[17,21,9,13,5,6,18,1,22,7,23,14],[1,5,9,17,18,13,21,6,22,23,14],[17,21,1,9,5,6,18,13,22,23,14],[13,17,5,18,1,9,21,6,22,23,14],[13,17,21,1,9,5,6,18,22,7,23,14],[9,1,5,21,17,18,13,6,22,23,14],[9,21,5,1,13,17,18,22,6,7,23,14],[21,13,1,17,9,5,18,22,6,7,23,14],[21,17,1,5,18,13,9,22,6,23,14],[17,21,5,6,18,9,1,13,22,7,23,14],[5,1,17,18,21,9,13,6,22,23,14],[17,1,13,21,5,18,9,6,22,7,23,14],[1,21,5,17,18,13,9,22,6,23,14],[9,1,5,17,18,13,21,22,6,7,23,14],[5,13,21,9,1,17,18,6,22,7,23,14],[1,17,13,21,5,18,9,6,22,7,23,14],[1,17,21,13,5,6,18,9,22,23,14],[17,5,18,13,21,1,9,6,22,7,23,14],[21,13,1,9,17,5,6,18,22,7,23,14],[5,17,6,18,9,13,21,1,22,7,23,14],[13,5,1,21,9,17,6,18,22,7,23,14],[5,21,17,6,18,13,1,9,22,7,23,14],[9,13,1,17,21,5,6,18,22,7,23,14],[5,1,9,17,6,18,21,13,22,23,14],[17,21,13,5,18,9,1,6,22,23,14],[13,9,1,17,21,5,6,18,22,7,23,14],[1,13,9,5,21,17,6,18,22,7,23,14],[13,1,17,21,5,18,9,6,22,7,23,14],[21,1,9,17,13,5,18,22,6,23,14],[17,21,5,6,18,13,1,9,22,7,23,14],[1,5,17,18,21,13,9,6,22,7,23,14],[5,21,17,6,18,9,1,13,22,7,23,14],[9,1,13,5,21,17,18,6,22,23,14],[17,1,21,5,6,18,13,9,22,7,23,14],[5,13,17,18,21,9,1,22,6,23,14],[5,13,17,18,9,1,21,22,6,7,23,14],[5,21,9,17,18,1,13,6,22,23,14],[1,17,13,21,5,18,9,22,6,7,23,14],[5,1,21,17,6,18,13,9,22,7,23,14],[17,1,21,9,13,5,18,6,22,7,23,14],[5,13,9,1,17,18,21,6,22,7,23,14],[9,5,1,21,13,17,6,18,22,23,14],[9,5,1,17,6,18,21,13,22,23,14],[5,9,17,18,21,1,13,22,6,23,14],[9,21,5,13,17,18,1,22,6,23,14],[1,5,9,13,17,18,21,22,6,23,14],[5,9,1,13,17,6,18,21,22,23,14],[13,21,9,1,5,17,6,18,22,23,14],[1,9,5,21,17,6,18,13,22,23,14],[5,21,9,1,17,6,18,13,22,23,14],[17,1,9,5,18,21,13,6,22,7,23,14],[21,5,1,13,9,17,18,6,22,23,14],[1,5,21,9,17,6,18,13,22,23,14],[21,17,9,1,13,5,6,18,22,23,14],[1,17,21,9,5,6,18,13,22,7,23,14],[13,9,1,21,5,17,6,18,22,23,14],[5,1,17,6,18,21,9,13,22,23,14],[9,1,5,17,6,18,21,13,22,23,14],[17,5,6,18,21,1,9,13,22,7,23,14],[5,17,6,18,1,13,21,9,22,23,14],[17,21,9,5,6,18,13,1,22,23,14],[17,13,5,6,18,1,21,9,22,7,23,14],[5,21,1,17,18,9,13,6,22,23,14],[5,17,18,9,1,13,21,22,6,23,14],[13,17,9,21,1,5,18,22,6,23,14],[1,5,9,17,6,18,13,21,22,23,14],[5,21,13,17,6,18,9,1,22,23,14],[21,1,9,13,5,17,18,6,22,23,14],[17,5,6,18,9,1,21,13,22,23,14],[1,17,13,21,5,6,18,9,22,7,23,14],[9,5,17,18,21,13,1,22,6,7,23,14],[21,9,17,5,18,1,13,22,6,7,23,14],[5,17,18,13,9,21,1,6,22,23,14],[1,21,9,5,13,17,18,6,22,23,14],[13,17,21,9,1,5,6,18,22,23,14],[17,21,5,18,13,9,1,6,22,7,23,14],[13,9,21,5,1,17,18,22,6,7,23,14],[5,9,21,1,13,17,18,6,22,23,14],[13,1,17,21,5,18,9,22,6,7,23,14],[1,17,9,13,21,5,18,22,6,23,14],[21,9,17,5,18,13,1,22,6,23,14],[21,9,5,17,6,18,13,1,22,7,23,14],[21,17,9,13,5,6,18,1,22,23,14],[17,9,13,21,1,5,6,18,22,7,23,14],[5,13,21,9,1,17,6,18,22,7,23,14],[17,1,9,13,5,18,21,6,22,23,14],[17,13,9,5,6,18,21,1,22,23,14],[9,1,17,13,21,5,18,22,6,7,23,14],[1,5,17,6,18,9,21,13,22,7,23,14],[1,9,5,21,17,6,18,13,22,23,14],[13,17,9,21,1,5,6,18,22,7,23,14],[21,17,5,18,1,13,9,6,22,23,14],[1,17,9,13,21,5,6,18,22,23,14],[17,13,5,6,18,9,21,1,22,7,23,14],[13,21,5,9,17,18,1,22,6,7,23,14],[13,5,1,21,9,17,6,18,22,7,23,14],[13,21,17,9,1,5,18,22,6,7,23,14],[5,13,17,18,9,21,1,22,6,7,23,14],[5,21,17,6,18,13,9,1,22,7,23,14],[1,21,17,9,13,5,18,22,6,23,14],[13,5,1,17,6,18,9,21,22,7,23,14],[1,5,21,17,6,18,9,13,22,23,14],[5,17,6,18,13,21,1,9,22,23,14],[17,13,1,5,6,18,9,21,22,23,14],[9,5,21,13,1,17,6,18,22,23,14],[9,17,21,5,6,18,1,13,22,23,14],[17,9,13,5,18,21,1,22,6,23,14],[17,13,9,21,1,5,18,22,6,7,23,14],[17,21,5,18,13,9,1,6,22,23,14],[9,1,21,13,17,5,18,6,22,7,23,14],[13,17,21,5,6,18,1,9,22,23,14],[21,13,1,17,9,5,6,18,22,7,23,14],[1,21,17,5,18,9,13,22,6,23,14],[17,5,18,21,13,1,9,6,22,7,23,14],[9,1,17,5,6,18,13,21,22,23,14],[17,13,1,21,9,5,18,6,22,23,14],[13,17,5,18,21,1,9,22,6,7,23,14],[21,9,1,13,17,5,6,18,22,7,23,14],[9,21,5,1,13,17,18,22,6,7,23,14],[21,13,5,1,17,6,18,9,22,7,23,14],[5,17,6,18,21,13,1,9,22,7,23,14],[13,9,1,21,5,17,6,18,22,23,14],[9,17,21,13,1,5,6,18,22,23,14],[5,21,13,17,6,18,9,1,22,7,23,14],[9,13,1,21,5,17,18,6,22,23,14],[17,1,21,5,6,18,9,13,22,7,23,14],[5,17,18,9,1,13,21,22,6,7,23,14],[1,21,13,9,17,5,18,22,6,23,14],[13,17,21,1,9,5,18,6,22,7,23,14],[1,5,17,6,18,9,21,13,22,7,23,14],[21,13,1,5,9,17,18,6,22,7,23,14],[9,1,13,17,5,18,21,6,22,7,23,14],[21,13,17,9,1,5,6,18,22,23,14],[13,5,17,18,1,21,9,6,22,7,23,14],[21,5,9,17,18,1,13,22,6,7,23,14],[17,9,5,18,1,13,21,6,22,23,14],[21,13,17,9,5,18,1,22,6,7,23,14],[9,21,13,17,1,5,6,18,22,7,23,14],[13,9,17,5,18,21,1,6,22,23,14],[13,5,21,17,6,18,1,9,22,23,14],[5,9,13,17,18,1,21,6,22,23],[1,13,9,17,21,5,6,18,22,23,14],[21,1,13,9,17,5,6,18,22,23],[13,5,21,1,17,6,18,9,22,23,14],[1,13,21,5,9,17,18,6,22,23,14],[13,21,17,5,6,18,9,1,22,23,14],[17,21,13,1,5,18,9,6,22,23,14],[17,9,21,5,18,13,1,22,6,7,23,14],[21,9,17,1,5,18,13,6,22,23,14],[5,13,17,6,18,21,9,1,22,23,14],[1,17,5,18,13,9,21,6,22,7,23,14],[21,5,13,1,17,6,18,9,22,7,23,14],[1,17,5,18,21,9,13,6,22,23,14],[17,1,13,21,5,18,9,22,6,7,23,14],[13,1,9,21,5,17,6,18,22,7,23,14],[5,17,18,13,1,21,9,22,6,7,23,14],[9,21,13,17,1,5,6,18,22,7,23,14],[17,1,5,6,18,21,13,9,22,7,23,14],[1,13,21,17,5,6,18,9,22,23,14],[9,1,17,13,21,5,18,22,6,7,23,14],[9,1,17,21,5,18,13,22,6,23,14],[1,5,9,17,6,18,21,13,22,23,14],[21,9,17,1,13,5,6,18,22,23,14],[21,9,1,13,5,17,6,18,22,23,14],[21,13,5,17,6,18,9,1,22,23,14],[17,9,21,13,1,5,6,18,22,7,23,14],[1,17,5,6,18,9,13,21,22,7,23,14],[1,17,13,5,18,9,21,6,22,7,23,14],[5,1,9,17,6,18,21,13,22,7,23,14],[9,13,21,17,1,5,6,18,22,23,14],[5,13,21,1,9,17,6,18,22,23,14],[5,9,13,17,6,18,1,21,22,23,14],[13,17,21,9,1,5,18,22,6,23,14],[5,21,13,9,17,18,1,6,22,7,23,14],[21,1,9,17,5,18,13,22,6,23,14],[21,9,13,17,1,5,18,6,22,23,14],[21,17,9,5,18,1,13,22,6,7,23,14],[17,9,1,13,21,5,18,6,22,7,23,14],[21,9,17,1,13,5,6,18,22,23],[21,9,1,5,17,6,18,13,22,7,23,14],[9,5,21,13,17,6,18,1,22,23,14],[5,13,21,17,6,18,1,9,22,7,23,14],[1,21,13,17,9,5,6,18,22,7,23,14],[13,21,5,9,17,6,18,1,22,23,14],[9,13,17,5,6,18,1,21,22,7,23,14],[9,1,21,5,17,6,18,13,22,23,14],[5,9,1,17,18,21,13,22,6,7,23,14],[9,21,13,5,1,17,6,18,22,7,23,14],[17,1,9,13,5,6,18,21,22,7,23,14],[1,13,5,17,6,18,9,21,22,7,23,14],[1,5,17,18,9,13,21,6,22,7,23,14],[1,13,5,21,17,6,18,9,22,7,23,14],[9,13,1,17,5,6,18,21,22,7,23,14],[13,5,21,17,6,18,9,1,22,23,14],[9,1,17,13,5,6,18,21,22,23,14],[1,9,13,17,21,5,18,6,22,23,14],[9,13,5,1,17,6,18,21,22,23,14],[13,5,17,6,18,1,9,21,22,23,14],[17,5,6,18,1,13,21,9,22,7,23,14],[5,1,17,6,18,21,13,9,22,7,23,14],[13,17,5,6,18,1,9,21,22,23,14],[21,1,13,9,5,17,18,22,6,7,23,14],[13,5,21,1,9,17,6,18,22,7,23,14],[13,9,17,1,21,5,18,22,6,7,23,14],[21,17,5,18,13,9,1,22,6,23,14],[9,17,1,13,21,5,6,18,22,7,23,14],[1,17,21,9,5,18,13,22,6,23,14],[5,13,21,1,17,6,18,9,22,23,14],[17,9,13,1,5,18,21,22,6,23,14],[9,13,21,5,17,18,1,6,22,7,23,14],[5,17,18,1,13,21,9,22,6,7,23,14],[5,17,6,18,1,9,13,21,22,7,23,14],[1,9,13,5,21,17,18,6,22,7,23,14],[21,5,17,6,18,9,1,13,22,23,14],[13,1,9,21,17,5,18,6,22,7,23,14],[21,5,1,13,17,18,9,6,22,7,23,14],[21,9,1,5,17,18,13,22,6,7,23,14],[21,9,17,13,1,5,6,18,22,23,14],[21,13,9,5,1,17,6,18,22,7,23,14],[9,13,21,17,1,5,6,18,22,23,14],[17,5,18,9,13,21,1,6,22,7,23,14],[1,9,5,21,13,17,6,18,22,23,14],[17,1,5,18,9,21,13,6,22,7,23,14],[9,17,13,21,1,5,6,18,22,7,23,14],[17,21,5,6,18,9,1,13,22,23,14],[21,1,9,17,5,18,13,6,22,23,14],[21,17,9,1,5,6,18,13,22,7,23,14],[17,21,1,9,5,18,13,22,6,7,23,14],[21,13,1,9,17,5,6,18,22,7,23,14],[9,1,21,17,13,5,6,18,22,23,14],[9,13,17,21,1,5,18,22,6,23,14],[1,13,21,5,17,6,18,9,22,23,14],[17,21,1,13,5,6,18,9,22,23,14],[13,9,5,1,21,17,6,18,22,7,23,14],[17,21,1,13,9,5,18,22,6,7,23,14],[1,13,17,5,18,9,21,6,22,23,14],[13,1,21,9,5,17,18,22,6,7,23,14],[5,17,6,18,1,9,21,13,22,23,14],[13,17,5,18,21,9,1,6,22,7,23,14],[5,9,1,13,21,17,18,22,6,23,14],[9,1,21,17,13,5,18,22,6,7,23,14],[13,5,1,21,9,17,18,22,6,7,23,14],[9,21,13,17,5,18,1,6,22,7,23,14],[5,21,17,18,13,9,1,22,6,23,14],[5,1,21,17,6,18,9,13,22,7,23,14],[17,21,13,9,5,6,18,1,22,7,23,14],[17,1,5,18,13,9,21,6,22,23,14],[9,21,17,13,5,6,18,1,22,7,23,14],[5,9,13,21,1,17,18,22,6,7,23,14],[1,5,21,13,17,6,18,9,22,23,14],[21,17,9,13,1,5,18,22,6,23,14],[5,17,6,18,9,13,21,1,22,7,23,14],[21,17,1,5,18,9,13,22,6,23,14],[13,21,17,9,5,6,18,1,22,23,14],[21,13,9,5,17,6,18,1,22,7,23,14],[5,17,6,18,13,21,1,9,22,23,14],[9,17,1,21,13,5,18,6,22,23,14],[21,17,5,6,18,9,13,1,22,7,23,14],[13,5,9,17,18,1,21,22,6,23,14],[17,21,13,9,5,18,1,22,6,23,14],[5,17,18,1,13,21,9,22,6,7,23,14],[21,9,17,1,13,5,6,18,22,23,14],[9,21,1,13,17,5,6,18,22,23,14],[5,9,21,13,1,17,6,18,22,23,14],[9,13,21,1,5,17,6,18,22,7,23,14],[5,17,6,18,9,21,13,1,22,7,23,14],[17,5,18,21,13,1,9,6,22,7,23,14],[13,1,17,9,5,18,21,22,6,23,14],[21,5,17,6,18,1,13,9,22,23,14],[9,5,17,18,21,13,1,22,6,7,23,14],[5,13,1,17,6,18,9,21,22,7,23,14],[21,1,5,9,17,6,18,13,22,7,23,14],[9,21,5,17,6,18,13,1,22,7,23,14],[9,17,13,1,21,5,18,6,22,23,14],[17,1,21,13,5,6,18,9,22,7,23,14],[9,13,5,17,6,18,1,21,22,23,14],[13,1,21,5,9,17,18,22,6,7,23,14],[21,1,17,13,5,6,18,9,22,23,14],[13,1,21,5,9,17,18,6,22,23,14],[1,13,17,5,18,21,9,6,22,23,14],[9,13,1,21,17,5,18,6,22,23,14],[5,21,13,17,6,18,1,9,22,23,14],[17,13,5,18,21,9,1,6,22,23,14],[5,1,9,21,13,17,6,18,22,7,23,14],[21,1,9,13,5,17,6,18,22,7,23,14],[1,13,21,5,9,17,6,18,22,7,23,14],[9,21,17,13,1,5,18,6,22,23,14],[13,21,1,5,17,18,9,22,6,7,23,14],[21,9,17,5,18,13,1,6,22,7,23,14],[17,13,21,5,18,9,1,22,6,23],[9,21,1,5,17,6,18,13,22,7,23,14],[13,21,1,9,17,5,18,22,6,7,23,14],[17,1,5,18,21,13,9,22,6,7,23,14],[21,17,13,5,6,18,9,1,22,23,14],[21,5,13,17,18,1,9,6,22,7,23,14],[21,9,5,13,1,17,6,18,22,7,23,14],[9,21,5,13,17,6,18,1,22,7,23,14],[5,21,1,9,17,6,18,13,22,23,14],[13,5,1,9,17,18,21,22,6,23,14],[13,1,5,17,18,21,9,6,22,23,14],[21,17,13,5,18,1,9,6,22,23,14],[21,17,13,1,9,5,6,18,22,7,23,14],[17,9,1,21,5,18,13,22,6,7,23,14],[5,1,13,21,17,18,9,22,6,7,23,14],[21,9,17,13,1,5,18,22,6,7,23,14],[9,5,13,1,21,17,6,18,22,7,23,14],[5,13,17,18,9,21,1,22,6,23,14],[5,17,6,18,1,21,9,13,22,7,23,14],[21,9,13,17,1,5,18,22,6,7,23,14],[17,1,21,9,5,6,18,13,22,23,14],[5,9,21,13,1,17,18,22,6,23,14],[13,21,5,9,17,6,18,1,22,23,14],[1,17,21,5,6,18,9,13,22,7,23,14],[9,17,5,6,18,13,21,1,22,23,14],[1,5,9,17,18,13,21,6,22,23,14],[17,5,6,18,13,9,1,21,22,23,14],[13,5,1,17,18,21,9,22,6,7,23,14],[1,5,13,9,21,17,6,18,22,23,14],[9,1,17,13,5,6,18,21,22,23,14],[9,13,5,1,17,6,18,21,22,7,23,14],[13,21,1,17,9,5,6,18,22,7,23,14],[9,1,5,17,18,21,13,6,22,23,14],[13,1,5,9,21,17,18,6,22,23,14],[5,9,1,17,18,21,13,22,6,23],[13,21,9,17,5,6,18,1,22,7,23,14],[21,13,1,17,5,18,9,22,6,23,14],[21,1,9,13,17,5,18,22,6,7,23,14],[9,17,21,13,5,6,18,1,22,7,23,14],[5,9,1,17,18,13,21,22,6,23,14],[17,5,18,21,1,13,9,6,22,7,23,14],[21,9,17,1,5,6,18,13,22,23,14],[17,1,21,5,18,13,9,6,22,7,23,14],[17,9,13,21,1,5,18,6,22,23,14],[9,21,5,13,1,17,6,18,22,23,14],[1,17,21,13,5,6,18,9,22,23,14],[13,5,1,9,17,18,21,22,6,7,23,14],[5,17,6,18,9,21,13,1,22,7,23,14],[13,17,9,21,5,18,1,6,22,23,14],[21,9,1,5,17,6,18,13,22,23,14],[9,5,21,13,17,6,18,1,22,23,14],[9,17,13,1,5,6,18,21,22,7,23,14],[21,1,9,17,13,5,6,18,22,23,14],[21,9,1,5,17,18,13,22,6,23,14],[1,21,17,9,13,5,18,22,6,23,14],[5,21,13,9,1,17,6,18,22,7,23,14],[17,13,1,5,6,18,9,21,22,23,14],[1,5,13,21,9,17,18,22,6,7,23,14],[21,5,13,1,17,18,9,6,22,7,23,14],[21,5,17,6,18,9,13,1,22,7,23,14],[17,1,13,9,21,5,18,6,22,7,23,14],[9,1,21,5,13,17,18,6,22,7,23,14],[5,13,1,21,9,17,18,22,6,23,14],[9,17,13,1,5,18,21,22,6,7,23,14],[1,5,21,9,13,17,18,22,6,7,23,14],[5,9,21,17,6,18,13,1,22,23,14],[17,13,5,6,18,9,21,1,22,7,23,14],[5,1,13,21,17,18,9,6,22,7,23,14],[21,1,17,9,5,6,18,13,22,23,14],[13,17,21,9,1,5,18,6,22,7,23,14],[1,9,17,21,5,6,18,13,22,23,14],[17,13,5,6,18,9,1,21,22,7,23,14],[9,17,1,21,13,5,18,6,22,23,14],[1,17,13,5,6,18,21,9,22,7,23,14],[1,9,17,21,13,5,18,22,6,23,14],[13,17,1,5,18,9,21,6,22,7,23,14],[13,5,17,18,1,21,9,22,6,7,23,14],[5,21,1,17,6,18,13,9,22,7,23,14],[5,13,1,9,17,6,18,21,22,23,14],[21,17,9,1,13,5,18,22,6,23,14],[5,1,17,6,18,21,9,13,22,7,23,14],[21,17,5,18,13,1,9,6,22,7,23,14],[5,13,1,21,9,17,6,18,22,7,23,14],[9,5,17,6,18,21,13,1,22,23,14],[13,17,1,9,21,5,18,6,22,23,14],[5,9,17,6,18,21,13,1,22,23,14],[9,13,5,1,17,18,21,22,6,23,14],[5,17,18,9,1,13,21,6,22,23,14],[13,21,1,9,5,17,6,18,22,7,23,14],[21,1,9,5,17,18,13,6,22,23,14],[1,21,9,13,5,17,6,18,22,23,14],[17,1,9,21,13,5,18,6,22,23,14],[5,9,13,1,17,18,21,22,6,23,14],[21,5,13,17,18,1,9,22,6,7,23,14],[9,5,13,1,21,17,6,18,22,7,23,14],[17,1,9,13,5,6,18,21,22,7,23,14],[21,17,5,18,1,13,9,22,6,7,23,14],[5,1,9,13,21,17,6,18,22,7,23,14],[5,21,17,6,18,13,1,9,22,7,23,14],[13,17,1,21,9,5,6,18,22,7,23,14],[13,17,9,21,1,5,6,18,22,7,23,14],[5,9,17,6,18,1,13,21,22,7,23,14],[21,13,17,9,1,5,18,6,22,7,23,14],[21,5,9,1,17,6,18,13,22,23,14],[21,1,13,17,9,5,6,18,22,23,14],[21,9,5,1,17,18,13,22,6,23,14],[17,13,1,9,21,5,6,18,22,7,23,14],[1,17,9,13,21,5,6,18,22,23,14],[21,13,1,5,17,6,18,9,22,23,14],[9,21,1,17,13,5,6,18,22,23,14],[1,13,17,9,21,5,18,6,22,7,23,14],[21,17,1,9,13,5,6,18,22,23,14],[9,13,5,17,18,21,1,6,22,23,14],[13,21,5,1,9,17,6,18,22,23,14],[21,1,17,9,13,5,18,22,6,23,14],[13,5,1,9,17,6,18,21,22,7,23,14],[5,13,21,17,6,18,9,1,22,7,23,14],[17,5,6,18,13,1,21,9,22,7,23,14],[13,5,21,9,17,18,1,22,6,7,23,14],[1,5,9,17,6,18,13,21,22,23,14],[1,21,13,17,5,18,9,6,22,23,14],[13,1,17,21,5,6,18,9,22,23,14],[9,5,13,17,6,18,1,21,22,23,14],[13,9,1,21,17,5,18,6,22,7,23,14],[21,9,17,1,13,5,18,6,22,23,14],[1,17,13,21,9,5,6,18,22,23,14],[9,1,17,13,5,18,21,6,22,23,14],[17,5,6,18,1,9,13,21,22,23,14],[13,1,9,17,5,18,21,6,22,7,23,14],[21,9,5,1,17,18,13,22,6,23,14],[21,1,17,9,13,5,6,18,22,7,23,14],[5,17,6,18,21,13,9,1,22,23,14],[9,21,17,5,6,18,1,13,22,7,23,14],[13,1,21,9,5,17,18,6,22,23,14],[17,5,6,18,1,9,13,21,22,23,14],[5,1,17,18,13,9,21,22,6,7,23,14],[9,13,17,21,5,18,1,6,22,7,23,14],[5,21,13,17,6,18,9,1,22,23,14],[17,21,9,5,6,18,13,1,22,7,23,14],[5,17,18,9,21,1,13,22,6,7,23,14],[1,9,21,17,13,5,18,6,22,7,23,14],[9,5,17,6,18,21,1,13,22,7,23,14],[1,5,9,17,6,18,21,13,22,23,14],[17,1,13,9,5,6,18,21,22,23,14],[21,1,17,9,5,18,13,22,6,7,23,14],[13,9,1,17,21,5,18,22,6,7,23,14],[9,1,17,13,21,5,18,22,6,7,23,14],[1,5,13,17,6,18,9,21,22,7,23,14],[13,21,17,5,18,9,1,22,6,7,23,14],[13,1,17,5,6,18,21,9,22,23,14],[9,13,5,21,1,17,6,18,22,23,14],[17,1,9,5,6,18,21,13,22,23,14],[9,21,5,17,18,1,13,22,6,23,14],[13,5,21,1,9,17,6,18,22,7,23,14],[17,13,1,9,21,5,6,18,22,7,23,14],[17,21,9,13,5,18,1,6,22,7,23,14],[13,1,9,17,21,5,6,18,22,7,23,14],[1,9,21,5,13,17,6,18,22,7,23,14],[5,21,1,17,18,13,9,6,22,23,14],[1,13,17,9,21,5,18,22,6,23,14],[17,1,5,6,18,13,9,21,22,7,23,14],[17,9,1,21,5,18,13,22,6,23,14],[1,5,21,17,18,9,13,6,22,23,14],[1,5,21,17,6,18,9,13,22,23,14],[9,5,1,21,17,18,13,22,6,23,14],[1,13,21,5,9,17,6,18,22,7,23,14],[5,13,9,1,21,17,18,6,22,7,23,14],[5,1,13,17,6,18,21,9,22,23,14],[9,21,1,5,13,17,18,6,22,7,23,14],[1,17,9,21,5,6,18,13,22,7,23,14],[5,17,18,21,9,13,1,22,6,23,14],[13,1,21,9,17,5,18,6,22,7,23,14],[5,21,9,1,13,17,6,18,22,7,23,14],[9,1,13,5,21,17,6,18,22,23,14],[21,13,5,17,6,18,9,1,22,7,23,14],[9,21,1,17,5,18,13,22,6,23,14],[5,13,9,17,18,1,21,6,22,7,23,14],[17,9,21,5,18,13,1,22,6,7,23,14],[1,17,9,13,5,6,18,21,22,7,23,14],[13,1,5,9,17,6,18,21,22,23,14],[9,17,21,1,13,5,6,18,22,7,23,14],[5,9,1,21,17,18,13,22,6,7,23,14],[9,13,21,17,1,5,6,18,22,7,23,14],[1,9,17,13,5,6,18,21,22,7,23,14],[5,13,9,1,17,6,18,21,22,23,14],[5,1,13,9,17,6,18,21,22,7,23,14],[21,9,17,5,6,18,1,13,22,7,23,14],[17,9,21,5,6,18,1,13,22,23,14],[1,5,9,13,17,18,21,6,22,23,14],[21,13,5,9,1,17,6,18,22,7,23,14],[21,1,5,9,13,17,18,22,6,23,14],[17,1,9,21,5,18,13,6,22,23,14],[1,5,9,13,17,18,21,22,6,7,23,14],[21,9,1,13,17,5,18,6,22,23,14],[9,1,17,5,6,18,21,13,22,23,14],[17,21,1,13,5,6,18,9,22,7,23,14],[9,21,17,13,5,18,1,22,6,7,23,14],[21,9,5,1,17,6,18,13,22,7,23,14],[17,13,1,9,21,5,6,18,22,23,14],[17,5,18,21,9,13,1,22,6,7,23,14],[9,13,21,5,17,18,1,6,22,7,23,14],[21,17,1,9,13,5,6,18,22,7,23,14],[5,9,21,17,6,18,1,13,22,7,23,14],[21,5,9,17,6,18,13,1,22,7,23,14],[17,1,21,9,5,6,18,13,22,7,23,14],[13,9,21,5,17,6,18,1,22,7,23,14],[13,17,21,5,6,18,9,1,22,7,23,14],[13,21,17,1,5,6,18,9,22,7,23,14],[21,13,9,5,1,17,18,22,6,7,23,14],[9,21,13,17,5,18,1,22,6,7,23,14],[17,5,18,9,1,21,13,22,6,7,23,14],[1,5,9,21,13,17,18,22,6,7,23,14],[17,1,9,21,5,18,13,22,6,7,23,14],[1,13,5,9,17,18,21,6,22,23,14],[21,17,5,6,18,13,9,1,22,23,14],[21,17,5,6,18,1,9,13,22,23,14],[9,21,5,1,17,6,18,13,22,23,14],[13,17,1,5,6,18,21,9,22,23,14],[1,13,17,5,6,18,21,9,22,23,14],[9,17,1,5,6,18,13,21,22,7,23,14],[9,1,13,5,21,17,18,6,22,23,14],[17,1,13,9,21,5,18,22,6,7,23,14],[9,21,1,17,13,5,18,22,6,23,14],[1,5,13,17,18,21,9,22,6,23,14],[5,17,18,13,21,1,9,22,6,23,14],[1,5,9,21,17,18,13,22,6,7,23,14],[17,1,13,21,5,6,18,9,22,7,23,14],[13,21,1,5,9,17,6,18,22,23,14],[1,21,17,5,18,9,13,22,6,7,23,14],[1,9,13,17,21,5,18,22,6,7,23,14],[9,5,17,6,18,21,13,1,22,7,23,14],[9,1,5,13,17,6,18,21,22,7,23,14],[17,1,5,18,13,9,21,6,22,7,23,14],[5,17,18,1,21,13,9,22,6,23,14],[13,5,1,9,21,17,18,6,22,23,14],[1,5,13,21,9,17,6,18,22,23,14],[5,9,1,13,17,18,21,22,6,23,14],[21,17,13,5,18,1,9,22,6,7,23,14],[17,13,1,9,5,18,21,22,6,7,23,14],[1,5,21,9,17,18,13,22,6,7,23,14],[1,9,5,13,17,6,18,21,22,23,14],[13,9,1,21,17,5,18,22,6,23,14],[9,5,21,17,18,1,13,6,22,7,23,14],[17,9,1,13,21,5,18,6,22,23,14],[21,5,9,1,13,17,6,18,22,23,14],[1,21,13,17,5,6,18,9,22,7,23,14],[1,17,13,9,21,5,18,6,22,7,23,14],[9,17,1,21,13,5,18,22,6,7,23,14],[21,5,17,6,18,1,13,9,22,23,14],[5,21,9,13,1,17,6,18,22,7,23,14],[1,5,13,9,21,17,6,18,22,7,23,14],[1,13,5,21,9,17,6,18,22,7,23,14],[17,5,18,9,13,21,1,22,6,7,23,14],[13,21,1,17,9,5,18,6,22,7,23,14],[13,5,1,9,17,18,21,6,22,7,23,14],[9,5,13,1,21,17,6,18,22,23,14],[13,1,9,5,17,18,21,6,22,7,23,14],[17,13,21,1,5,6,18,9,22,7,23,14],[1,17,21,5,18,9,13,6,22,23,14],[9,21,1,13,5,17,6,18,22,7,23,14],[13,21,1,5,9,17,6,18,22,23,14],[17,9,21,1,13,5,18,6,22,23,14],[5,21,9,13,1,17,6,18,22,23,14],[1,5,13,17,6,18,21,9,22,7,23,14],[9,13,21,1,17,5,6,18,22,7,23,14],[5,17,18,9,1,13,21,6,22,23,14],[9,5,17,6,18,21,1,13,22,7,23,14],[9,1,17,13,5,18,21,22,6,7,23,14],[17,9,21,13,1,5,18,22,6,7,23,14],[9,17,21,13,5,18,1,6,22,7,23,14],[21,17,1,13,5,18,9,22,6,23,14],[5,17,6,18,21,1,9,13,22,7,23,14],[21,1,5,17,6,18,13,9,22,23,14],[5,13,21,9,1,17,6,18,22,7,23,14],[1,17,13,21,9,5,18,6,22,23,14],[5,17,18,13,1,9,21,22,6,7,23,14],[1,21,9,13,5,17,6,18,22,23,14],[13,1,17,9,5,18,21,22,6,23,14],[5,9,21,1,13,17,18,6,22,7,23,14],[5,17,6,18,13,1,21,9,22,23,14],[13,9,21,17,1,5,18,6,22,7,23,14],[13,17,9,21,5,18,1,22,6,7,23,14],[21,13,5,9,17,6,18,1,22,7,23,14],[17,13,1,9,21,5,18,6,22,23,14],[13,17,1,9,5,6,18,21,22,23,14],[13,5,9,1,21,17,6,18,22,7,23,14],[17,1,5,6,18,21,9,13,22,23,14],[9,13,5,17,6,18,21,1,22,23,14],[5,13,17,6,18,21,1,9,22,23,14],[9,13,17,21,1,5,6,18,22,7,23,14],[17,21,13,5,6,18,1,9,22,23,14],[5,17,18,13,21,9,1,6,22,23,14],[9,5,13,17,6,18,1,21,22,23,14],[1,13,9,17,5,18,21,6,22,7,23,14],[21,17,5,18,1,9,13,22,6,7,23,14],[17,9,13,5,18,1,21,22,6,7,23,14],[1,13,5,9,21,17,6,18,22,7,23,14],[1,5,17,6,18,13,9,21,22,23,14],[13,9,21,5,17,18,1,6,22,23,14],[17,1,13,9,5,18,21,6,22,23,14],[21,5,9,13,17,6,18,1,22,23,14],[17,9,13,21,5,18,1,6,22,7,23,14],[5,21,13,17,6,18,1,9,22,23,14],[5,17,18,13,21,9,1,22,6,23,14],[17,9,1,21,5,18,13,6,22,23,14],[1,21,9,17,13,5,18,6,22,7,23,14],[5,17,18,21,9,13,1,22,6,23,14],[9,17,21,5,18,13,1,22,6,7,23,14],[1,9,17,21,13,5,6,18,22,7,23,14],[1,13,5,9,17,18,21,22,6,7,23,14],[21,13,17,1,5,6,18,9,22,23,14],[1,5,13,21,17,6,18,9,22,23,14],[21,17,5,6,18,13,9,1,22,7,23,14],[17,5,6,18,13,21,1,9,22,23,14],[9,1,5,13,17,6,18,21,22,7,23,14],[1,9,5,13,21,17,18,6,22,23,14],[21,17,1,9,5,6,18,13,22,7,23,14],[5,13,1,17,6,18,9,21,22,7,23,14],[9,21,1,13,5,17,18,22,6,7,23,14],[5,13,9,17,6,18,1,21,22,7,23,14],[21,13,5,9,1,17,6,18,22,23,14],[9,13,1,5,21,17,18,22,6,7,23,14],[13,1,9,21,17,5,18,22,6,7,23,14],[1,21,9,13,5,17,6,18,22,23,14],[17,5,18,1,13,21,9,6,22,23,14],[21,9,5,1,13,17,6,18,22,23,14],[13,21,17,1,5,6,18,9,22,7,23,14],[17,1,21,9,5,6,18,13,22,23,14],[21,1,9,17,5,18,13,22,6,7,23,14],[21,9,13,1,5,17,6,18,22,23,14],[5,9,13,1,17,6,18,21,22,7,23,14],[5,21,9,1,17,6,18,13,22,7,23,14],[21,5,13,1,9,17,6,18,22,23,14],[1,17,9,21,5,18,13,22,6,7,23,14],[5,21,9,1,13,17,6,18,22,23,14],[21,13,9,17,5,18,1,6,22,23,14],[1,13,5,9,21,17,6,18,22,23,14],[5,9,1,17,6,18,13,21,22,23,14],[17,9,21,1,13,5,6,18,22,23,14],[13,5,17,6,18,21,9,1,22,23,14],[17,21,1,5,6,18,13,9,22,23,14],[5,9,1,21,13,17,6,18,22,7,23,14],[1,13,5,9,21,17,6,18,22,23,14],[17,13,5,18,9,1,21,22,6,7,23,14],[13,17,9,1,21,5,6,18,22,23,14],[21,13,9,5,17,18,1,6,22,7,23,14],[1,5,21,17,18,13,9,22,6,23,14],[21,17,1,9,5,6,18,13,22,23,14],[1,21,9,17,5,18,13,22,6,23,14],[5,17,18,9,13,1,21,6,22,7,23,14],[13,1,21,17,5,6,18,9,22,7,23,14],[13,17,1,9,21,5,18,6,22,23,14],[21,9,5,1,13,17,6,18,22,23,14],[5,17,18,21,9,1,13,22,6,23,14],[1,17,5,6,18,13,9,21,22,7,23,14],[1,21,9,17,13,5,18,6,22,23,14],[1,17,9,13,21,5,6,18,22,7,23,14],[21,17,9,5,6,18,1,13,22,23,14],[13,17,5,6,18,1,21,9,22,23,14],[13,9,1,21,5,17,18,22,6,23,14],[13,17,9,1,21,5,6,18,22,23,14],[13,9,21,5,17,18,1,22,6,7,23,14],[17,13,5,6,18,9,21,1,22,7,23,14],[17,13,5,18,9,21,1,22,6,23,14],[13,1,9,21,17,5,6,18,22,7,23,14],[5,1,21,9,17,6,18,13,22,23,14],[21,13,1,17,5,18,9,22,6,23,14],[17,21,9,5,18,1,13,22,6,7,23,14],[1,5,13,21,9,17,6,18,22,23,14],[5,1,9,21,13,17,18,6,22,7,23,14],[17,13,21,5,18,1,9,6,22,7,23,14],[1,21,13,9,5,17,18,6,22,23,14],[17,1,13,5,6,18,9,21,22,23,14],[5,21,1,13,17,18,9,22,6,23,14],[21,5,17,6,18,1,9,13,22,7,23,14],[13,5,9,17,18,21,1,22,6,7,23,14],[1,5,21,13,9,17,6,18,22,23,14],[5,9,21,17,6,18,1,13,22,7,23,14],[9,21,13,1,5,17,6,18,22,23,14],[9,1,5,13,17,6,18,21,22,7,23,14],[9,21,1,5,13,17,6,18,22,23,14],[13,21,5,9,1,17,6,18,22,23,14],[21,9,5,1,13,17,18,6,22,7,23,14],[13,5,17,6,18,21,9,1,22,7,23,14],[5,1,17,18,13,9,21,6,22,23,14],[17,5,18,1,13,9,21,22,6,23,14],[1,21,5,9,13,17,18,22,6,7,23,14],[5,13,1,9,17,18,21,22,6,23,14],[9,13,5,1,17,6,18,21,22,7,23,14],[1,5,17,6,18,21,13,9,22,23,14],[5,21,13,17,6,18,9,1,22,7,23,14],[13,5,1,17,18,21,9,22,6,7,23,14],[13,9,21,17,5,6,18,1,22,7,23,14],[5,13,1,21,9,17,18,22,6,7,23,14],[13,9,5,17,18,1,21,22,6,23,14],[1,5,13,21,17,18,9,6,22,23,14],[21,9,17,1,13,5,6,18,22,7,23,14],[5,13,9,1,17,18,21,22,6,7,23,14],[5,9,13,17,6,18,1,21,22,7,23,14],[5,17,18,21,9,13,1,6,22,23,14],[13,9,17,5,6,18,1,21,22,7,23,14],[21,17,1,5,18,13,9,22,6,7,23,14],[9,5,1,17,18,21,13,6,22,7,23,14],[1,13,17,9,5,6,18,21,22,23,14],[9,1,21,5,17,18,13,6,22,23,14],[5,21,17,18,13,1,9,6,22,7,23,14],[13,9,21,1,5,17,18,6,22,23,14],[21,5,1,9,17,18,13,22,6,7,23,14],[13,1,9,21,17,5,18,6,22,7,23,14],[1,13,17,21,9,5,6,18,22,23,14],[13,17,5,18,21,1,9,6,22,23,14],[13,1,5,21,9,17,18,22,6,7,23,14],[21,5,1,9,17,6,18,13,22,7,23,14],[9,1,21,13,5,17,18,22,6,23,14],[13,21,17,1,9,5,6,18,22,23,14],[17,9,21,1,13,5,18,6,22,23,14],[17,21,9,13,1,5,6,18,22,7,23,14],[13,9,5,1,21,17,18,22,6,7,23,14],[21,9,13,5,17,18,1,22,6,23,14],[9,5,1,17,18,21,13,6,22,23,14],[21,9,13,5,17,6,18,1,22,7,23,14],[5,9,17,18,21,13,1,22,6,23,14],[21,9,17,13,5,18,1,22,6,7,23,14],[21,5,1,9,17,6,18,13,22,7,23,14],[17,5,6,18,1,13,9,21,22,23,14],[13,5,1,9,17,18,21,22,6,23,14],[17,5,18,13,9,1,21,22,6,7,23,14],[5,21,1,9,13,17,6,18,22,23,14],[5,17,6,18,9,13,21,1,22,7,23,14],[5,9,1,13,17,6,18,21,22,7,23,14],[1,9,5,21,17,18,13,22,6,7,23,14],[21,5,17,6,18,13,1,9,22,23,14],[13,17,9,5,18,1,21,22,6,7,23,14],[13,5,1,17,18,9,21,6,22,7,23,14],[1,13,17,9,5,18,21,22,6,7,23,14],[9,5,17,6,18,21,1,13,22,23,14],[21,13,9,5,1,17,18,6,22,23,14],[5,1,9,21,13,17,6,18,22,23,14],[21,5,9,13,1,17,6,18,22,23,14],[21,1,5,13,17,6,18,9,22,7,23,14],[9,1,17,21,13,5,6,18,22,23,14],[13,21,9,5,1,17,6,18,22,7,23,14],[17,5,6,18,21,1,13,9,22,7,23,14],[21,17,1,5,6,18,9,13,22,7,23,14],[1,17,5,18,9,13,21,6,22,23,14],[5,1,9,13,17,18,21,22,6,23,14],[5,1,9,21,17,6,18,13,22,23,14],[1,17,5,6,18,9,21,13,22,23,14],[1,17,9,21,5,18,13,6,22,7,23,14],[13,21,5,1,9,17,18,6,22,7,23,14],[5,9,17,6,18,1,21,13,22,7,23,14],[13,1,9,17,5,6,18,21,22,23,14],[9,5,17,18,1,13,21,6,22,7,23,14],[5,13,17,6,18,21,1,9,22,23,14],[5,17,18,1,9,13,21,6,22,7,23,14],[9,5,1,21,13,17,18,22,6,23,14],[21,17,9,13,5,18,1,22,6,7,23,14],[21,5,13,9,1,17,6,18,22,23,14],[17,1,9,13,21,5,18,6,22,23,14],[5,17,18,1,21,9,13,22,6,7,23,14],[17,9,13,21,1,5,18,6,22,23,14],[21,17,5,6,18,13,1,9,22,7,23,14],[9,5,1,13,17,6,18,21,22,7,23,14],[1,21,5,13,9,17,6,18,22,7,23,14],[5,17,18,21,1,13,9,6,22,7,23,14],[9,13,1,17,21,5,6,18,22,7,23,14],[9,5,13,1,21,17,18,22,6,23,14],[1,9,5,21,17,18,13,22,6,7,23,14],[9,17,13,1,5,6,18,21,22,7,23,14],[1,9,5,21,17,6,18,13,22,7,23,14],[1,13,21,17,5,18,9,6,22,23,14],[21,1,13,17,5,18,9,22,6,7,23,14],[13,17,9,1,5,18,21,22,6,23,14],[21,13,5,1,9,17,18,22,6,23,14],[13,9,17,5,18,1,21,22,6,23,14],[13,5,1,9,17,6,18,21,22,23,14],[17,13,21,5,18,9,1,22,6,23,14],[5,17,18,1,13,21,9,22,6,23,14],[5,13,21,1,9,17,18,22,6,7,23,14],[9,1,13,21,5,17,18,6,22,7,23,14],[9,1,5,17,18,13,21,22,6,23,14],[13,5,1,21,17,18,9,22,6,7,23,14],[13,5,21,1,17,6,18,9,22,23,14],[5,13,1,9,17,18,21,22,6,7,23,14],[5,9,1,17,18,13,21,22,6,23,14],[17,21,1,13,5,18,9,6,22,23,14],[13,9,1,17,21,5,18,6,22,23,14],[9,13,17,21,5,18,1,22,6,23,14],[9,17,13,5,6,18,1,21,22,23,14],[9,13,17,1,21,5,18,6,22,23,14],[17,9,21,1,5,18,13,22,6,7,23,14],[13,17,9,21,1,5,18,6,22,7,23,14],[21,1,17,13,5,6,18,9,22,7,23,14]]}