{"problem_id":"xHGMELvFZn5MQB8","sigma":150,"alpha":1.000,"cost":2,"probabilities":"[0.2, 0.21, 0.25, 0.34]","payoff_matrix":"[[54, 118, -216, -219, 46, -71], [238, -20, 140, 117, 29, -42], [405, 198, 326, 58, -6, -65], [88, -156, 297, -108, 29, 59]]","uncovered":[[16,8,20,4,12,24,11],[20,12,4,16,8,24,11],[4,16,8,20,12,24,3,11],[4,24,3],[4,24,3],[12,16,20,4,24,8,3,11],[12,24,4,8,16,20,3,11],[20,24,4,23,16,8,12,3,11],[12,24,20,16,8,4,11],[12,8,20,16,4,24,11],[24,12,4,16,8,20,3,11],[4,8,12,20,24,16,11],[24,16,8,20,4,23,12,11],[24,8,4,3],[12,8,4,24,16,20,3,11],[12,20,24,8,4,16,3,11],[24,12,8,20,4,16,11],[12,4,16,8,20,24,3,11],[24,16,12,8,20,4,3,11],[24,4,23,20,16,12,8,11],[8,20,16,12,24,4,11],[16,4,20,8,24,23,12,11],[24,12,8,4,20,16,3,11],[24,4,3],[4,16,24,23,20,12,8,3,11],[8,20,16,4,24,3],[24,4,3],[8,24,20,4,23,16,12,3,11],[24,8,12,4,20,16,11],[16,4,12,8,20,24,3,11],[8,4,12,20,24,16,11],[24,4,3],[12,24,16,4,8,20,11],[4,24,23,20,12,8,16,11],[16,12,20,8,24,4,3,11],[8,4,16,20,24,3],[24,4,23,8,20,12,16,3,11],[24,16,8,4,23,12,20,3,11],[16,8,4,24,23,12,20,11],[24,4,23,20,12,8,16,11],[20,12,24,16,8,4,11],[8,12,24,4,16,20,11],[16,8,4,24,3],[16,12,8,4,20,24,3,11],[8,24,16,4,3],[12,8,24,4,20,16,11],[24,12,4,16,20,8,11],[24,4,23,8,16,12,20,11],[24,16,4,3],[20,8,24,12,4,16,11],[12,24,4,20,16,8,11],[12,24,4,16,20,8,3,11],[12,24,4,16,8,20,3,11],[8,4,12,16,20,24,11],[24,4,3],[20,8,4,16,24,23,12,11],[12,8,20,4,16,24,11],[16,12,20,4,8,24,11],[12,4,8,20,24,16,3,11],[20,4,24,23,16,8,12,3,11],[20,8,4,24,3],[4,16,24,3],[20,12,16,8,4,24,11],[20,16,4,12,24,8,11],[16,24,12,4,20,8,3,11],[12,8,24,20,16,4,3,11],[8,12,20,24,4,16,11],[8,20,16,4,12,24,3,11],[8,24,4,23,12,20,16,11],[24,16,8,20,12,4,3,11],[12,24,20,4,16,8,11],[16,8,4,12,20,24,3,11],[16,8,12,20,24,4,3,11],[20,24,16,12,4,8,11],[16,8,4,12,20,24,11],[24,20,4,23,8,16,12,11],[8,24,20,12,4,16,11],[12,8,20,4,24,16,11],[20,8,24,4,23,16,12,11],[8,12,4,16,20,24,11],[16,4,20,12,8,24,3,11],[20,4,16,12,24,8,11],[4,8,24,23,12,20,16,3,11],[4,16,12,8,24,20,3,11],[20,24,8,4,23,12,16,11],[16,4,12,24,8,20,11],[24,16,20,4,23,12,8,11],[12,8,4,20,24,16,11],[24,20,8,16,4,3],[20,8,24,4,3],[20,16,12,24,4,8,3,11],[16,4,20,12,24,8,11],[4,20,16,12,24,8,11],[4,12,24,8,20,16,11],[16,8,4,12,20,24,3,11],[12,20,24,4,8,16,11],[12,8,24,16,4,20,3,11],[16,20,8,12,4,24,3,11],[16,8,4,12,24,20,11],[4,16,20,12,24,8,11],[8,24,12,20,16,4,11],[24,12,16,4,8,20,11],[4,12,16,20,24,8,11],[24,20,16,8,4,3],[20,8,4,12,16,24,11],[16,20,8,12,24,4,11],[4,20,16,24,23,8,12,11],[8,24,4,3],[8,16,4,24,23,20,12,3,11],[4,16,8,12,24,20,3,11],[16,8,20,4,12,24,11],[20,16,4,12,8,24,3,11],[4,16,20,12,8,24,3,11],[24,20,4,3],[4,8,20,12,24,16,11],[8,12,24,4,20,16,3,11],[20,4,16,24,3],[12,4,16,8,24,20,11],[4,8,12,20,16,24,3,11],[24,16,12,4,8,20,11],[12,8,16,4,24,20,11],[16,20,8,24,12,4,11],[8,4,24,3],[8,16,12,24,20,4,3,11],[24,8,12,16,4,20,3,11],[4,24,3],[12,16,24,20,4,8,3,11],[4,20,12,24,8,16,11],[24,20,12,4,16,8,11],[20,8,4,24,3],[16,4,8,24,3],[24,20,8,12,16,4,11],[12,16,4,24,20,8,11],[20,8,16,12,4,24,11],[8,4,16,12,20,24,3,11],[12,24,16,8,4,20,11],[24,12,8,20,4,16,3,11],[4,16,24,3],[4,24,23,20,16,12,8,3,11],[12,8,16,20,4,24,11],[4,16,20,8,24,23,12,11],[24,4,23,12,8,20,16,11],[20,24,8,12,4,16,3,11],[4,24,3],[16,20,24,8,4,3],[8,4,16,20,12,24,3,11],[8,4,12,20,24,16,3,11],[24,8,20,12,16,4,3,11],[16,20,12,8,4,24,11],[20,12,4,24,8,16,11],[8,24,4,23,12,16,20,11],[12,24,8,16,4,20,3,11],[16,12,24,4,20,8,3,11],[20,12,8,4,24,16,11],[24,12,20,4,8,16,11],[16,4,20,24,23,8,12,3,11],[12,24,16,20,4,8,11],[16,12,4,24,20,8,11],[16,20,12,24,8,4,3,11],[8,16,24,12,4,20,11],[24,12,16,4,8,20,3,11],[8,20,24,12,16,4,3,11],[24,8,4,23,20,16,12,3,11],[8,20,16,24,12,4,3,11],[8,20,4,12,16,24,11],[16,12,24,20,8,4,3,11],[24,4,3],[8,12,16,20,24,4,3,11],[16,24,12,8,4,20,3,11],[12,24,16,8,4,20,11],[8,4,24,3],[4,8,24,23,16,12,20,11],[4,20,24,3],[12,4,8,20,24,16,3,11],[12,24,8,20,4,16,3,11],[4,20,12,24,8,16,11],[24,16,4,23,20,12,8,11],[20,24,16,8,4,23,12,11],[12,24,16,4,8,20,11],[24,12,16,4,20,8,3,11],[20,4,24,23,16,12,8,11],[24,16,4,23,8,20,12,11],[20,16,8,24,4,23,12,11],[24,12,16,4,8,20,3,11],[8,20,12,4,16,24,11],[16,4,12,24,20,8,3,11],[16,8,12,20,24,4,11],[8,16,4,12,24,20,3,11],[20,8,16,12,4,24,3,11],[20,8,24,12,16,4,11],[8,20,16,4,24,23,12,11],[4,16,12,24,20,8,3,11],[16,24,8,20,12,4,3,11],[4,8,24,3],[4,12,8,16,20,24,3,11],[8,4,20,24,3],[16,20,4,24,23,12,8,3,11],[20,16,12,8,4,24,3,11],[4,20,16,12,8,24,3,11],[24,4,3],[20,16,4,24,3],[12,8,24,16,4,20,3,11],[4,16,24,23,20,8,12,3,11],[16,8,4,12,20,24,3,11],[20,12,8,4,24,16,3,11],[8,12,20,16,4,24,11],[4,8,24,23,20,12,16,3,11],[8,20,12,16,24,4,11],[16,24,8,4,3],[12,4,20,24,8,16,11],[24,16,20,4,3],[24,16,8,20,4,23,12,11],[20,24,12,8,4,16,3,11],[24,4,3],[24,8,4,3],[16,20,24,4,23,8,12,11],[16,24,12,4,8,20,11],[20,4,8,16,24,23,12,11],[4,24,3],[4,16,12,24,20,8,11],[8,16,24,4,23,12,20,11],[20,16,24,4,23,8,12,3,11],[24,20,12,4,16,8,11],[20,16,4,24,23,12,8,11],[20,4,24,23,16,12,8,3,11],[24,8,16,12,20,4,3,11],[24,12,4,8,16,20,11],[8,24,12,20,4,16,3,11],[8,20,24,4,23,12,16,3,11],[20,24,16,8,4,3],[8,12,20,4,24,16,3,11],[16,4,12,8,20,24,3,11],[16,20,12,4,8,24,11],[4,16,8,12,20,24,3,11],[4,12,24,8,20,16,11],[4,12,8,24,16,20,3,11],[20,4,8,12,24,16,3,11],[12,4,20,8,16,24,11],[8,4,12,16,24,20,11],[20,16,24,4,3],[4,20,8,24,23,16,12,11],[8,24,4,3],[24,4,3],[24,16,4,23,8,12,20,11],[24,16,12,20,8,4,11],[4,24,3],[12,16,8,20,24,4,3,11],[24,4,3],[16,4,20,24,23,8,12,11],[24,20,8,16,4,3],[20,4,16,24,23,12,8,11],[12,4,16,20,24,8,11],[4,24,23,20,12,16,8,11],[20,8,24,4,23,12,16,3,11],[4,24,23,12,20,8,16,3,11],[16,8,12,4,24,20,3,11],[16,24,20,8,12,4,11],[24,16,20,12,8,4,3,11],[8,4,24,23,20,16,12,11],[24,12,16,20,8,4,11],[12,8,4,20,24,16,3,11],[4,20,8,16,12,24,11],[24,8,4,3],[16,12,8,20,4,24,11],[12,20,8,16,4,24,3,11],[12,4,24,8,16,20,11],[4,24,23,20,16,8,12,11],[16,20,4,12,24,8,11],[12,24,4,20,16,8,3,11],[20,16,24,4,3],[8,12,16,4,20,24,3,11],[16,12,8,20,4,24,3,11],[8,12,16,4,24,20,3,11],[16,4,24,3],[4,20,24,3],[4,12,16,8,24,20,3,11],[8,4,24,3],[24,12,4,16,8,20,3,11],[4,16,12,24,20,8,11],[8,16,4,12,20,24,11],[4,16,12,24,20,8,11],[20,16,12,8,24,4,11],[20,16,4,8,12,24,3,11],[16,8,12,20,4,24,11],[24,12,20,16,8,4,3,11],[12,8,24,20,4,16,3,11],[24,8,16,12,4,20,3,11],[24,16,4,3],[20,4,12,24,8,16,3,11],[16,20,24,8,12,4,3,11],[8,24,20,4,3],[8,20,4,16,12,24,3,11],[20,12,4,16,8,24,3,11],[4,12,16,8,20,24,3,11],[12,24,16,4,8,20,3,11],[8,16,4,20,12,24,3,11],[12,16,24,20,4,8,11],[12,20,16,24,4,8,3,11],[4,24,23,20,16,8,12,11],[20,8,12,4,16,24,11],[24,4,23,12,8,20,16,11],[8,12,16,4,20,24,11],[12,4,16,20,8,24,11],[8,24,12,20,16,4,11],[20,4,24,23,12,8,16,3,11],[8,12,20,16,4,24,3,11],[24,16,8,4,23,12,20,3,11],[4,20,16,12,8,24,3,11],[12,16,8,4,20,24,3,11],[24,4,3],[24,16,20,12,4,8,11],[12,16,24,4,20,8,3,11],[8,24,16,20,4,3],[24,4,3],[4,12,24,16,20,8,3,11],[8,24,16,12,4,20,3,11],[4,24,23,8,12,16,20,11],[8,20,24,4,23,12,16,11],[12,24,16,20,4,8,3,11],[12,24,20,8,4,16,11],[4,20,24,3],[20,12,8,16,4,24,3,11],[20,16,8,12,4,24,3,11],[16,24,4,23,8,12,20,11],[8,12,20,24,4,16,11],[16,12,8,20,4,24,11],[24,8,12,20,4,16,3,11],[20,4,24,3],[16,12,8,24,4,20,11],[8,24,4,23,20,16,12,11],[24,16,8,4,23,20,12,11],[8,12,20,4,16,24,11],[4,12,24,20,16,8,3,11],[4,12,16,24,8,20,11],[16,20,4,8,12,24,3,11],[24,4,23,20,16,12,8,11],[16,24,20,8,4,23,12,3,11],[24,16,4,3],[20,8,16,4,24,23,12,3,11],[8,12,24,20,16,4,11],[20,12,8,4,16,24,11],[16,24,20,4,23,12,8,11],[24,12,4,20,16,8,3,11],[12,4,16,8,24,20,11],[8,12,24,20,4,16,11],[20,12,24,8,4,16,11],[20,12,16,24,8,4,11],[12,20,8,24,4,16,11],[8,20,12,4,24,16,11],[24,12,20,4,8,16,11],[4,20,16,12,24,8,3,11],[12,8,16,20,4,24,3,11],[16,12,20,24,4,8,3,11],[4,24,3],[20,8,12,16,4,24,3,11],[8,16,4,12,24,20,11],[24,20,16,12,4,8,11],[20,16,12,8,4,24,3,11],[12,4,20,24,8,16,11],[4,12,20,16,24,8,3,11],[24,4,3],[12,24,16,8,20,4,3,11],[16,12,4,20,24,8,11],[24,4,3],[4,12,20,16,8,24,3,11],[8,4,16,24,23,20,12,11],[16,20,4,24,23,8,12,11],[24,8,20,16,12,4,3,11],[20,8,24,4,3],[12,24,16,4,8,20,3,11],[20,12,16,8,4,24,11],[16,8,20,4,24,23,12,11],[4,12,8,24,16,20,11],[16,8,4,24,3],[8,4,16,12,20,24,11],[12,16,24,8,20,4,11],[20,12,4,16,24,8,11],[4,8,24,23,16,20,12,11],[24,4,23,12,16,20,8,3,11],[4,20,16,24,23,12,8,11],[8,24,12,20,16,4,3,11],[16,8,4,24,3],[16,4,20,24,23,12,8,11],[24,12,8,20,16,4,11],[20,8,24,16,12,4,11],[16,12,8,20,4,24,11],[8,12,24,16,20,4,3,11],[24,16,4,23,12,20,8,11],[24,8,4,23,16,12,20,11],[24,12,8,20,16,4,3,11],[8,24,16,20,12,4,3,11],[4,8,12,24,16,20,3,11],[16,20,24,8,12,4,11],[12,4,8,20,24,16,11],[8,12,4,24,20,16,3,11],[16,20,8,24,12,4,11],[12,16,20,8,24,4,3,11],[20,12,8,24,4,16,11],[8,20,24,4,23,12,16,3,11],[16,24,12,4,8,20,11],[12,4,24,16,8,20,3,11],[8,20,12,4,16,24,3,11],[12,16,20,4,8,24,11],[20,16,8,24,12,4,3,11],[20,24,16,8,4,23,12,11],[4,12,8,20,16,24,11],[8,12,20,16,4,24,11],[8,4,16,12,24,20,11],[16,4,24,23,12,20,8,3,11],[20,12,4,24,8,16,3,11],[12,16,8,4,20,24,3,11],[12,8,16,24,4,20,3,11],[24,4,3],[24,4,23,20,12,8,16,3,11],[12,4,8,16,20,24,3,11],[8,12,20,16,4,24,3,11],[12,4,16,20,8,24,3,11],[12,4,24,16,20,8,11],[4,8,12,16,20,24,3,11],[8,16,20,4,24,23,12,11],[20,24,16,12,8,4,3,11],[8,24,4,23,12,20,16,3,11],[12,16,20,4,8,24,3,11],[16,24,4,3],[12,8,20,16,4,24,3,11],[8,4,24,3],[20,24,16,12,8,4,3,11],[24,12,8,4,20,16,3,11],[24,4,3],[12,4,20,24,16,8,3,11],[16,12,20,8,24,4,11],[16,24,8,20,12,4,3,11],[4,24,23,16,20,8,12,3,11],[20,24,8,4,23,12,16,3,11],[20,4,16,24,3],[8,20,4,24,3],[4,8,20,16,12,24,11],[16,24,8,4,23,20,12,11],[12,16,24,8,4,20,3,11],[8,4,16,12,20,24,11],[8,12,24,16,20,4,11],[24,4,23,12,8,16,20,3,11],[20,16,24,4,3],[20,12,24,8,16,4,11],[8,4,20,16,12,24,11],[8,12,24,16,20,4,11],[16,8,20,12,4,24,3,11],[20,16,8,12,4,24,11],[8,24,4,3],[24,16,20,12,4,8,11],[8,20,4,12,24,16,3,11],[16,4,8,20,24,3],[4,16,24,23,12,20,8,11],[24,20,12,4,16,8,11],[16,4,8,12,24,20,11],[20,16,12,24,4,8,3,11],[8,12,20,4,16,24,11],[16,20,12,4,24,8,11],[20,16,4,24,23,8,12,11],[16,4,12,8,20,24,11],[4,8,24,3],[24,20,8,4,23,16,12,3,11],[24,20,8,4,3],[8,12,20,4,16,24,3,11],[24,16,20,8,12,4,11],[20,12,8,4,16,24,3,11],[16,4,20,12,24,8,11],[8,4,20,16,24,23,12,11],[24,8,16,20,12,4,3,11],[20,8,24,16,4,23,12,11],[8,16,4,24,23,12,20,3,11],[20,8,24,16,4,23,12,11],[20,24,12,16,8,4,11],[20,8,4,12,24,16,11],[20,16,24,12,4,8,11],[16,24,4,3],[4,16,24,23,12,20,8,11],[4,8,12,16,20,24,3,11],[20,8,16,4,12,24,11],[4,12,20,16,8,24,3,11],[12,16,4,20,24,8,11],[8,16,20,24,4,3],[4,12,24,20,8,16,11],[12,16,4,8,20,24,3,11],[20,12,8,16,4,24,3,11],[12,8,24,16,20,4,11],[24,4,3],[12,4,24,8,16,20,11],[8,16,12,20,4,24,3,11],[24,8,12,4,20,16,11],[4,8,20,16,24,3],[4,16,8,24,3],[4,24,3],[4,8,12,24,20,16,11],[20,16,24,8,4,3],[20,24,12,4,8,16,11],[12,20,4,8,24,16,11],[16,4,24,3],[4,8,12,24,16,20,11],[24,16,20,8,12,4,3,11],[24,8,12,4,20,16,11],[4,8,24,3],[24,16,8,12,4,20,3,11],[12,24,20,16,4,8,11],[24,4,23,16,12,20,8,11],[20,4,16,8,12,24,3,11],[12,4,8,24,16,20,3,11],[4,8,24,23,16,12,20,3,11],[8,16,4,12,20,24,3,11],[12,8,20,16,4,24,3,11],[4,12,24,20,16,8,11],[8,20,12,4,24,16,11],[20,12,16,4,8,24,3,11],[24,12,8,4,16,20,11],[16,4,24,23,20,8,12,11],[16,4,12,24,20,8,3,11],[20,12,16,24,4,8,11],[12,4,20,8,24,16,3,11],[16,4,8,24,23,20,12,11],[16,12,8,20,24,4,11],[16,24,4,23,20,12,8,3,11],[20,12,4,24,8,16,11],[12,8,24,20,4,16,3,11],[20,12,8,16,24,4,3,11],[20,24,4,23,12,16,8,3,11],[20,4,8,12,16,24,3,11],[8,24,16,20,12,4,3,11],[12,20,24,16,8,4,3,11],[24,20,4,3],[4,20,8,24,23,12,16,3,11],[4,16,20,12,24,8,11],[8,4,24,23,16,20,12,3,11],[24,16,8,20,4,23,12,3,11],[12,24,8,4,20,16,3,11],[16,8,24,20,12,4,3,11],[8,4,16,24,23,20,12,3,11],[24,20,16,4,3],[24,4,3],[4,24,23,12,16,8,20,11],[12,24,16,20,8,4,3,11],[12,4,20,16,8,24,11],[8,4,24,3],[8,24,12,4,20,16,11],[8,24,12,16,4,20,11],[8,20,12,16,24,4,11],[24,8,12,20,4,16,11],[8,12,24,4,20,16,3,11],[12,16,24,8,20,4,3,11],[24,8,4,3],[4,16,20,8,24,23,12,11],[4,12,8,24,16,20,11],[4,12,24,8,20,16,3,11],[16,24,4,3],[12,16,20,24,8,4,3,11],[24,12,8,20,16,4,11],[24,8,20,12,4,16,11],[4,8,16,12,20,24,11],[8,4,20,16,12,24,3,11],[24,8,16,20,4,3],[12,16,24,8,20,4,11],[8,20,16,24,12,4,11],[16,12,4,8,24,20,11],[20,4,8,24,23,16,12,11],[24,12,16,20,8,4,3,11],[12,24,8,4,20,16,11],[16,12,24,8,20,4,11],[24,20,8,4,3],[12,8,24,16,20,4,11],[12,20,8,4,24,16,11],[12,8,20,16,24,4,11],[12,20,16,8,24,4,3,11],[4,20,8,16,12,24,3,11],[20,12,8,4,16,24,11],[20,24,4,23,12,8,16,11],[4,16,24,3],[16,20,24,4,23,8,12,11],[4,12,8,16,24,20,3,11],[16,24,8,12,4,20,11],[4,8,20,16,12,24,11],[8,20,4,16,12,24,3,11],[4,20,24,23,12,8,16,11],[12,4,16,8,20,24,3,11],[12,8,4,20,24,16,3,11],[12,24,8,16,4,20,3,11],[8,20,16,12,4,24,11],[8,4,16,24,23,12,20,11],[16,20,12,24,8,4,11],[20,12,24,4,16,8,11],[16,8,24,20,12,4,3,11],[24,20,4,23,12,8,16,11],[4,24,23,12,8,16,20,11],[16,24,8,12,4,20,11],[16,24,8,20,4,3],[12,16,20,24,4,8,3,11],[20,12,4,24,8,16,3,11],[16,24,4,23,20,8,12,11],[16,24,8,20,4,3],[16,4,20,8,12,24,3,11],[20,4,24,3],[4,24,3],[20,12,8,16,24,4,3,11],[8,16,12,4,24,20,11],[8,16,20,4,24,23,12,11],[20,4,12,24,16,8,11],[20,8,16,4,12,24,11],[12,24,8,4,16,20,11],[4,16,12,20,8,24,11],[16,24,20,8,4,23,12,3,11],[24,12,20,8,16,4,11],[24,12,8,20,16,4,11],[16,12,4,20,8,24,3,11],[12,8,24,4,16,20,3,11],[8,16,12,4,20,24,3,11],[20,16,12,4,24,8,3,11],[20,4,24,3],[16,12,24,8,4,20,3,11],[8,24,4,3],[8,16,12,20,4,24,11],[20,16,4,24,3],[24,8,20,16,4,3],[8,4,24,23,12,20,16,11],[24,20,4,3],[8,12,20,16,24,4,3,11],[20,8,24,4,3],[8,16,20,24,4,23,12,3,11],[4,8,24,23,16,20,12,3,11],[8,16,12,20,4,24,11],[16,4,12,20,8,24,3,11],[12,24,16,8,20,4,3,11],[24,8,16,12,4,20,3,11],[24,16,4,3],[12,16,20,4,8,24,3,11],[24,12,8,16,4,20,11],[12,4,16,8,24,20,11],[24,16,4,23,20,12,8,3,11],[8,16,24,20,12,4,11],[20,8,16,12,4,24,3,11],[4,12,16,24,8,20,3,11],[4,8,16,12,20,24,11],[4,20,8,24,23,16,12,3,11],[16,24,20,4,3],[4,8,16,20,12,24,3,11],[12,8,24,4,20,16,3,11],[24,12,8,4,16,20,3,11],[20,4,12,8,24,16,3,11],[20,16,8,4,24,23,12,11],[24,4,23,8,16,20,12,3,11],[8,4,16,20,12,24,11],[8,4,20,24,3],[16,20,4,24,23,12,8,11],[12,4,20,24,16,8,11],[20,16,12,8,24,4,11],[8,4,20,24,23,12,16,11],[4,24,23,12,16,8,20,3,11],[8,12,20,24,16,4,3,11],[16,8,4,12,24,20,11],[12,16,8,20,24,4,3,11],[24,4,3],[20,16,8,12,4,24,3,11],[4,24,3],[16,20,12,8,4,24,11],[8,12,16,4,20,24,11],[12,8,4,20,16,24,11],[12,16,24,8,20,4,3,11],[16,12,4,20,8,24,11],[16,8,24,4,23,12,20,11],[4,20,12,16,8,24,11],[12,8,4,16,20,24,11],[4,8,12,16,24,20,11],[24,16,12,20,4,8,11],[4,8,16,24,3],[20,24,4,3],[20,8,16,4,12,24,11],[24,8,4,3],[4,20,16,24,3],[24,16,4,3],[24,16,12,8,20,4,3,11],[16,24,20,8,12,4,11],[16,20,8,4,12,24,11],[24,12,20,16,4,8,3,11],[24,12,4,16,20,8,11],[20,24,12,8,16,4,11],[20,4,8,24,23,12,16,3,11],[12,16,20,4,24,8,11],[8,24,12,4,20,16,3,11],[8,12,20,16,24,4,11],[8,16,12,20,4,24,3,11],[16,12,8,24,20,4,11],[16,20,12,8,4,24,3,11],[8,24,20,16,12,4,3,11],[8,4,20,12,16,24,3,11],[12,16,8,4,20,24,3,11],[20,12,4,16,8,24,3,11],[16,20,12,4,24,8,11],[12,4,24,20,16,8,11],[12,8,24,20,4,16,11],[20,16,24,8,12,4,3,11],[8,4,16,24,23,20,12,3,11],[12,16,4,8,20,24,11],[12,4,20,8,24,16,11],[16,24,4,23,20,12,8,3,11],[24,8,16,20,4,3],[12,20,24,4,16,8,3,11],[24,4,23,12,8,20,16,11],[8,24,12,20,16,4,3,11],[24,8,12,20,16,4,11],[24,16,20,8,12,4,3,11],[4,12,24,20,8,16,3,11],[24,12,16,20,4,8,11],[8,24,20,4,3],[20,8,4,12,16,24,3,11],[24,12,4,20,8,16,11],[16,20,12,8,24,4,11],[12,20,24,4,8,16,11],[24,12,16,4,8,20,3,11],[4,24,23,12,16,20,8,11],[4,8,24,3],[8,20,16,24,4,3],[16,4,24,3],[8,4,20,24,3],[4,24,3],[24,20,16,12,8,4,3,11],[4,8,16,20,12,24,3,11],[8,12,16,4,20,24,11],[4,20,12,8,24,16,11],[12,16,20,24,4,8,3,11],[20,8,12,4,16,24,11],[24,20,16,12,4,8,3,11],[16,12,24,8,4,20,11],[20,8,24,4,23,12,16,3,11],[8,12,24,20,4,16,3,11],[20,8,16,4,24,3],[16,8,20,12,4,24,3,11],[12,4,20,16,24,8,3,11],[24,4,23,8,20,12,16,3,11],[12,24,4,8,20,16,3,11],[12,16,8,4,24,20,3,11],[20,4,24,23,16,8,12,3,11],[16,24,20,4,23,12,8,11],[12,8,4,20,16,24,3,11],[8,24,12,4,20,16,11],[8,12,20,24,4,16,3,11],[20,8,16,12,4,24,11],[20,12,24,16,8,4,3,11],[12,24,8,16,4,20,3,11],[24,4,3],[4,20,24,23,12,8,16,3,11],[24,16,20,4,3],[24,20,8,4,23,16,12,11],[4,16,8,20,24,3],[20,16,24,12,8,4,11],[16,20,8,4,12,24,3,11],[20,12,8,24,4,16,3,11],[4,16,8,20,12,24,3,11],[24,4,23,12,8,20,16,11],[20,8,4,12,24,16,11],[4,20,16,12,24,8,3,11],[24,20,12,8,16,4,11],[16,20,12,8,4,24,11],[20,4,12,16,24,8,3,11],[8,12,20,16,24,4,3,11],[20,4,8,16,12,24,3,11],[4,24,23,16,12,20,8,3,11],[24,4,3],[16,20,24,12,4,8,11],[8,12,24,20,16,4,3,11],[20,16,24,12,4,8,3,11],[16,24,12,8,4,20,11],[24,20,8,12,16,4,3,11],[16,8,4,12,20,24,3,11],[24,8,4,23,20,16,12,3,11],[16,4,8,24,3],[4,12,24,8,20,16,3,11],[20,8,16,4,12,24,11],[24,20,8,4,3],[20,8,12,4,24,16,3,11],[20,24,4,23,8,16,12,11],[8,20,4,16,12,24,3,11],[16,20,8,4,24,23,12,3,11],[8,24,4,3],[4,12,20,16,24,8,3,11],[24,4,23,20,16,12,8,3,11],[12,20,16,24,4,8,11],[16,8,20,4,24,3],[24,16,8,20,4,3],[8,20,16,4,12,24,11],[24,20,16,4,3],[4,16,24,23,8,20,12,11],[12,20,24,8,4,16,3,11],[8,20,12,24,4,16,11],[16,8,24,4,3],[24,16,4,3],[8,20,16,24,12,4,11],[4,20,12,16,8,24,11],[8,24,20,4,3],[8,16,20,12,24,4,11],[20,8,4,12,24,16,3,11],[20,12,4,24,16,8,3,11],[8,16,12,20,4,24,11],[24,8,12,4,20,16,11],[24,8,4,3],[20,8,12,4,16,24,3,11],[12,8,24,4,20,16,11],[4,20,24,23,8,12,16,11],[24,20,12,16,8,4,11],[8,20,12,16,24,4,11],[24,20,8,12,4,16,11],[8,20,12,16,24,4,3,11],[8,20,16,12,24,4,11],[16,12,4,20,8,24,11],[24,4,23,16,12,20,8,3,11],[16,24,4,23,8,20,12,3,11],[16,8,24,20,12,4,11],[12,24,8,4,16,20,3,11],[4,24,23,16,20,8,12,11],[16,20,4,8,24,3],[4,12,16,20,24,8,3,11],[16,4,20,12,8,24,3,11],[20,16,24,12,4,8,3,11],[8,24,4,3],[20,8,24,12,16,4,3,11],[8,12,20,16,4,24,3,11],[12,8,4,16,20,24,3,11],[4,20,16,12,24,8,11],[12,24,20,16,8,4,11],[20,16,24,4,23,12,8,3,11],[20,12,16,4,24,8,11],[8,16,12,20,4,24,3,11],[24,8,20,12,4,16,11],[8,24,12,16,20,4,11],[12,8,20,16,4,24,3,11],[20,8,4,24,23,12,16,11],[24,8,16,12,4,20,3,11],[12,16,4,20,24,8,11],[20,16,12,4,24,8,11],[4,16,8,12,24,20,3,11],[8,24,16,20,4,23,12,11],[16,24,20,12,4,8,3,11],[24,8,12,4,16,20,3,11],[12,20,16,24,4,8,3,11],[12,16,8,4,20,24,11],[20,4,16,24,3],[16,12,24,20,4,8,3,11],[20,12,16,24,4,8,3,11],[4,12,16,20,24,8,11],[12,8,4,20,24,16,11],[20,16,4,8,12,24,3,11],[8,24,12,4,20,16,11],[4,16,20,8,12,24,3,11],[20,24,4,23,8,12,16,11],[4,20,24,23,12,8,16,11],[8,12,24,4,20,16,11],[24,4,3],[4,24,23,20,12,8,16,11],[4,16,24,3],[12,20,16,4,24,8,11],[12,24,20,16,4,8,3,11],[4,12,24,16,8,20,3,11],[8,20,24,4,23,16,12,3,11],[8,16,12,4,24,20,11],[20,4,24,23,16,12,8,3,11],[20,16,8,24,4,23,12,3,11],[12,8,24,16,20,4,11],[16,12,8,20,4,24,3,11],[12,8,20,16,24,4,3,11],[8,24,4,3],[12,8,20,24,4,16,3,11],[24,20,16,8,4,23,12,3,11],[20,4,16,8,12,24,11],[12,16,4,20,24,8,11],[4,12,24,20,8,16,11],[24,12,4,20,8,16,11],[8,4,24,3],[12,4,20,24,16,8,11],[24,4,23,20,8,16,12,11],[8,20,12,16,4,24,3,11],[4,24,23,20,12,16,8,11],[8,4,24,3],[20,16,8,4,24,23,12,11],[20,12,8,16,4,24,3,11],[8,4,20,12,24,16,11],[12,24,16,8,20,4,3,11],[24,4,23,20,8,16,12,3,11],[8,16,4,24,3],[16,24,12,8,20,4,11],[8,12,24,20,16,4,3,11],[24,16,20,4,3],[4,12,24,16,8,20,11],[12,4,24,8,16,20,3,11],[12,20,8,24,4,16,11],[4,8,20,24,3],[24,4,23,16,20,12,8,3,11],[24,8,16,4,23,20,12,3,11],[20,12,4,16,24,8,3,11],[8,12,24,4,20,16,3,11],[16,12,20,4,8,24,3,11],[12,16,20,4,24,8,3,11],[12,8,16,4,20,24,11],[20,16,12,24,8,4,3,11],[12,4,16,24,20,8,11],[4,12,16,24,20,8,11],[4,8,12,16,20,24,3,11],[24,12,8,4,16,20,3,11],[8,20,24,12,4,16,3,11],[20,4,12,16,24,8,3,11],[16,24,20,4,3],[8,24,4,3],[20,12,16,24,4,8,11],[8,16,12,20,24,4,3,11],[4,24,3],[12,4,16,20,8,24,3,11],[24,20,8,12,16,4,3,11],[12,4,8,16,24,20,3,11],[12,24,8,20,4,16,11],[24,4,3],[16,24,4,23,20,12,8,3,11],[4,12,20,8,24,16,11],[24,8,20,4,3],[8,16,24,20,12,4,11],[20,16,8,24,4,3],[20,24,12,4,16,8,11],[8,4,16,24,3],[8,20,16,4,12,24,3,11],[12,20,16,24,4,8,11],[24,20,4,23,16,8,12,11],[12,24,16,20,8,4,11],[20,16,12,8,24,4,3,11],[20,24,8,16,4,3],[8,20,12,16,24,4,11],[24,16,4,3],[16,4,24,23,20,12,8,11],[16,24,20,8,4,3],[24,12,4,16,8,20,3,11],[20,8,24,4,23,12,16,11],[24,8,12,20,4,16,3,11],[8,4,16,20,24,23,12,3,11],[20,8,12,4,24,16,3,11],[20,8,4,12,16,24,11],[12,16,24,20,8,4,11],[16,12,4,24,8,20,11],[16,4,8,12,20,24,11],[20,8,4,16,24,3],[20,16,4,12,8,24,3,11],[20,8,4,16,12,24,3,11],[4,8,24,23,20,12,16,11],[8,16,24,12,4,20,11],[20,24,4,3],[16,20,12,24,8,4,3,11],[12,24,16,4,20,8,3,11],[4,24,3],[16,4,24,3],[16,12,20,24,8,4,3,11],[8,16,12,24,4,20,11],[12,20,24,16,8,4,11],[20,16,4,12,24,8,11],[12,16,4,8,20,24,11],[4,20,24,23,8,16,12,11],[20,4,16,24,3],[12,20,16,4,24,8,3,11],[8,4,24,3],[4,20,24,3],[24,4,3],[16,4,12,20,8,24,3,11],[20,16,12,8,24,4,3,11],[8,20,24,4,23,12,16,3,11],[16,24,8,20,12,4,3,11],[20,4,12,8,24,16,3,11],[8,4,20,12,16,24,11],[4,20,24,23,16,12,8,3,11],[20,8,4,12,24,16,11],[12,16,20,8,24,4,11],[12,8,4,16,24,20,3,11],[4,24,23,8,20,12,16,3,11],[16,20,12,24,4,8,3,11],[16,4,12,24,8,20,11],[24,8,16,20,4,23,12,3,11],[16,20,4,8,12,24,11],[24,4,23,16,8,20,12,3,11],[8,12,16,4,24,20,3,11],[8,24,20,12,4,16,3,11],[20,12,4,8,16,24,11],[20,16,12,4,24,8,3,11],[24,8,12,4,20,16,3,11],[8,12,4,24,20,16,3,11],[24,20,8,12,16,4,11],[12,16,24,8,20,4,11],[12,20,4,8,24,16,11],[20,8,4,12,16,24,3,11],[4,12,20,16,8,24,3,11],[24,20,8,4,3],[16,4,24,23,8,12,20,11],[20,16,4,12,24,8,3,11],[24,8,16,20,12,4,3,11],[24,16,4,3],[8,4,20,16,12,24,3,11],[8,4,12,16,20,24,3,11],[20,4,8,12,16,24,3,11],[8,24,4,23,16,20,12,11],[24,4,3],[8,24,12,20,4,16,11]]}