{"problem_id":"SaPACZPUDlvdmkP","sigma":75,"alpha":3.162,"cost":1,"probabilities":"[0.48, 0.25, 0.24, 0.03]","payoff_matrix":"[[11, -192, -3, -131, 0, 63], [99, -2, -149, 65, -106, 101], [12, -17, -175, -95, 44, -177], [15, -23, -34, 84, -149, 28]]","uncovered":[[9,13,5,21,17,1,2,22,3,23,18],[1,17,9,5,13,21,22],[21,17,13,1,5,9,2,22,3,23,18],[9,17,1,13,5,21,2,22,3,23,11],[1,21,13,5,17,9,22,3],[17,1,5,21,13,9,2,22,3,23,11],[9,1,17,13,5,21,22],[17,1,5,9,21,13,23,18,2,10],[1,5,9,17,13,21,22],[17,5,1,21,13,9,22],[5,21,9,13,1,17,22],[1,21,5,13,9,17,22],[17,21,5,9,13,1,2,22,23,3,18],[13,17,1,9,5,21,2,22,23,3,18],[21,13,5,17,1,9,22],[1,17,21,5,9,13,22,19],[5,21,1,17,13,9,22],[9,21,13,5,1,17,2,22,23,3,10],[13,21,17,1,9,5,23,2,18,10],[13,21,17,5,9,1,2,22,23,3,18],[21,17,1,13,5,9,22],[9,21,1,13,5,17,22],[5,21,1,13,9,17,22],[17,1,5,21,13,9,2,22,3,23,18],[13,21,1,17,9,5,22],[17,13,21,9,1,5,2,22,3,23,18],[17,5,13,21,1,9,2,22,3,23,18],[17,1,21,13,5,9,22],[1,17,9,21,5,13,22],[17,13,21,9,1,5,2,22,3,23,18],[21,13,1,9,5,17,22],[5,9,1,13,21,17,2,22,3,23,18],[5,13,17,1,9,21,22,3],[1,9,5,13,21,17,2,22,3,23,18],[5,9,13,21,17,1,3,22],[21,9,17,1,5,13,2,22,3,23,18],[21,1,9,5,17,13,22],[17,5,21,1,9,13,2,22,3,23,18],[9,13,17,1,5,21,22],[1,5,21,17,9,13,2,22,23,3,18],[5,21,17,13,1,9,2,22,23,3,18],[17,13,21,1,9,5,22],[9,21,5,1,13,17,2,22,3,23,18],[17,5,1,9,13,21,22],[21,1,9,17,5,13,22,3],[5,1,21,13,17,9,22],[21,13,1,17,5,9,2,22,3,23,19,18],[17,5,1,13,9,21,22],[1,17,5,9,21,13,22],[13,5,1,17,21,9,2,22,23,3,18],[9,1,5,21,13,17,22],[1,13,21,9,17,5,2,22,3,23,19,18],[21,13,5,1,9,17,2,22,23,3,18],[13,1,17,5,9,21,22],[1,17,5,9,21,13,2,22,23,3,18],[17,13,5,21,1,9,22],[9,13,21,17,5,1,2,22,23,3,18],[13,1,9,5,17,21,2,22,3,23,10],[1,5,9,21,17,13,2,22,3,23,18],[21,17,1,9,5,13,2,22,23,3,18],[1,9,17,13,5,21,2,22,3,23,18],[1,21,13,9,17,5,22],[21,13,17,9,5,1,2,22,3,23,18],[13,1,17,21,5,9,22,3],[13,9,17,1,21,5,22],[9,13,21,17,5,1,2,22,23,3,19,18],[13,21,9,5,17,1,2,22,3,23,19,18],[5,21,9,1,13,17,2,22,3,23,18],[9,17,1,21,13,5,22,2,3,23,18],[9,21,1,5,13,17,2,22,3,23,18],[9,1,13,21,17,5,22],[21,17,1,13,5,9,2,22,3,23,18],[1,13,21,9,5,17,22],[13,5,17,1,21,9,2,22,3,23,18],[9,5,13,21,17,1,22],[9,1,13,21,17,5,22],[1,13,9,21,17,5,22],[17,9,13,21,5,1,22],[5,17,13,21,9,1,22,3],[21,13,9,17,5,1,2,22,3,23,18],[17,13,21,5,1,9,2,22,23,3,19,18],[13,1,9,21,17,5,2,22,23,3,10],[13,21,1,5,9,17,2,22,23,3,18],[5,21,17,1,9,13,22],[1,13,5,9,17,21,2,22,3,23,18],[5,21,13,9,17,1,22],[21,1,5,13,17,9,23,18,2,10],[13,21,9,1,5,17,22],[17,5,9,13,21,1,2,22,23,3,18],[5,17,1,9,21,13,2,22,23,3,18],[1,13,9,21,17,5,22],[13,17,21,9,5,1,22,14],[5,17,21,9,1,13,2,22,23,3,18],[13,21,17,9,1,5,2,22,23,3,18],[13,1,9,5,17,21,22],[5,21,13,9,17,1,2,22,23,3,19,18],[13,1,5,17,9,21,22],[5,17,1,9,13,21,2,22,23,3,10],[1,5,17,9,21,13,2,22,3,23,18],[13,9,17,1,5,21,2,22,23,3,18],[1,21,13,17,5,9,2,22,23,3,18],[5,13,21,17,1,9,2,22,3,23,18],[13,17,5,9,21,1,2,22,3,23,18],[21,5,9,13,17,1,22],[21,13,9,17,1,5,22],[17,9,5,1,13,21,22],[9,13,5,21,1,17,22],[9,5,17,1,21,13,2,22,3,23,18],[1,5,17,13,9,21,2,22,3,23,18],[1,9,21,5,17,13,2,22,3,23,18],[5,17,9,13,21,1,2,22,3,23,18],[9,21,13,17,1,5,22],[1,17,21,9,5,13,22,3],[13,1,9,17,5,21,22],[17,13,21,1,5,9,22],[13,21,9,1,5,17,2,22,23,3,18],[21,9,1,13,17,5,22],[1,9,5,21,13,17,22,16,18],[1,5,9,21,13,17,2,22,3,23,18],[13,1,21,17,9,5,2,22,23,3,18],[5,17,9,13,21,1,2,22,3,23,18],[9,13,21,5,17,1,2,22,23,3,18],[17,1,13,21,9,5,2,22,3,23,18],[1,9,13,5,17,21,2,22,23,3,18],[21,5,17,13,9,1,22],[9,17,5,1,21,13,2,22,3,23,18],[1,17,21,5,9,13,2,22,23,3,18],[13,9,5,21,17,1,22],[5,1,13,17,9,21,2,22,23,3,18],[5,1,9,17,13,21,22],[1,21,13,5,9,17,2,22,23,3,18],[17,1,5,21,9,13,2,22,3,23,18],[21,1,9,5,13,17,22],[5,9,17,13,1,21,22],[13,21,17,1,9,5,22],[9,17,21,5,13,1,22,18],[5,13,1,9,21,17,22],[9,17,5,1,13,21,22],[13,5,1,17,9,21,2,22,3,23,18],[5,1,17,9,21,13,22],[17,1,9,5,13,21,2,22,3,23,18],[13,1,9,5,17,21,22],[17,5,13,1,21,9,2,22,3,23,10],[1,21,9,13,17,5,22,10],[21,9,17,13,5,1,22],[21,9,1,17,5,13,22,4,10],[9,13,1,17,21,5,2,22,23,3,18],[17,1,21,13,9,5,22],[5,13,1,9,17,21,22],[17,5,9,13,1,21,2,22,3,23,18],[5,1,17,9,21,13,2,22,3,23,18],[21,9,5,17,1,13,22],[13,9,1,17,5,21,2,22,3,23,18],[13,17,9,1,5,21,2,22,23,3,18],[17,13,5,9,21,1,22],[5,13,21,1,9,17,2,22,23,3,18],[1,17,13,9,5,21,22],[17,13,1,9,21,5,2,22,23,3,18],[17,9,21,1,5,13,2,22,3,23,18],[17,13,5,1,21,9,22],[5,21,13,1,17,9,22],[1,13,21,9,17,5,22],[1,17,5,13,21,9,2,22,3,23,18],[17,21,1,5,9,13,2,22,23,3,18],[9,13,21,1,5,17,22],[1,17,5,21,13,9,2,22,3,23,18],[1,9,17,5,21,13,22,10],[5,13,9,1,17,21,22],[13,21,5,1,17,9,22],[21,17,9,1,13,5,22],[5,13,17,21,1,9,2,22,23,3,18],[17,9,21,1,13,5,2,22,3,23,18],[5,13,21,9,1,17,2,22,23,3,10],[17,21,5,9,1,13,2,22,3,23,18],[9,21,1,13,5,17,22,2,23,3,18],[17,9,13,5,1,21,22],[5,1,21,9,13,17,2,22,3,23,18],[5,1,13,17,21,9,2,22,23,3,18],[9,5,13,1,17,21,2,22,23,3,18],[13,5,21,1,9,17,2,22,3,23,18],[21,13,9,17,1,5,2,22,3,23,18],[9,1,17,21,13,5,22],[5,21,1,17,13,9,22],[1,13,21,17,9,5,22],[1,21,17,5,13,9,2,22,3,23,18],[13,1,21,17,5,9,22,4,24],[13,5,17,1,21,9,22,20],[9,1,13,17,5,21,2,22,3,23,19,18],[9,13,5,21,1,17,2,22,23,3,18],[21,5,17,13,9,1,22],[21,9,5,13,1,17,2,22,3,23,18],[13,17,21,1,9,5,2,22,3,23,18],[21,9,17,13,1,5,22,2,3,23,10],[17,1,9,13,5,21,22,3],[5,13,21,1,17,9,2,22,23,3,18],[13,1,9,21,5,17,22,7,19],[13,9,1,21,5,17,2,22,3,23,18],[13,21,5,17,9,1,22],[5,13,21,17,9,1,22],[5,17,13,1,9,21,2,22,3,23,18],[21,17,1,13,5,9,2,22,23,3,19,18],[5,1,21,13,17,9,2,22,3,23,18],[17,21,13,9,1,5,2,22,23,3,18],[17,5,13,21,1,9,22,20],[5,9,17,1,21,13,2,22,23,3,18],[1,21,5,17,9,13,2,22,23,3,10],[21,5,13,9,1,17,2,22,23,3,18],[1,21,13,5,17,9,2,22,23,3,18],[9,5,1,21,17,13,22,20],[21,9,1,17,5,13,22],[21,5,1,17,9,13,2,22,23,3,18],[21,9,17,5,1,13,2,22,3,23,18],[13,21,5,17,1,9,22],[21,1,9,17,13,5,2,22,3,23,18],[21,5,1,9,17,13,2,22,3,23,19,18],[13,9,21,17,1,5,22,19],[9,13,21,1,17,5,2,22,23,3,18],[17,1,21,5,13,9,2,22,3,23,10],[1,13,5,21,9,17,22,11],[21,17,5,1,13,9,22],[1,21,13,9,17,5,2,22,3,23,18],[21,9,5,17,13,1,2,22,23,3,18],[5,1,9,13,21,17,2,22,23,3,18],[17,9,13,21,1,5,22],[5,21,17,1,9,13,3,22],[9,1,5,17,21,13,22],[13,1,17,5,9,21,2,22,3,23,18],[13,5,1,17,9,21,22],[13,21,5,17,1,9,2,22,23,3,18],[5,17,9,21,13,1,2,22,23,3,10],[13,9,17,1,21,5,22],[9,17,13,5,21,1,2,22,3,23,18],[5,21,17,1,13,9,22],[13,9,21,5,17,1,22],[21,9,17,5,13,1,22,24],[21,13,17,5,9,1,2,22,3,23,18],[21,1,17,5,13,9,22],[1,5,13,17,21,9,2,22,3,23,18],[21,1,5,17,9,13,2,22,23,3,18],[9,1,21,17,5,13,22],[9,13,21,1,17,5,22,2,3,23,18],[1,5,13,17,21,9,22,10],[21,17,5,1,13,9,22],[17,5,13,21,9,1,22],[17,1,13,9,21,5,2,22,3,23,18],[9,1,21,5,13,17,2,22,3,23,18],[13,1,9,17,5,21,22],[5,17,13,9,21,1,2,22,23,3,18],[9,5,1,21,13,17,2,22,23,3,19,18],[1,17,9,5,21,13,2,22,3,23,10],[13,5,1,21,9,17,22],[9,1,17,5,21,13,2,22,3,23,18],[5,13,1,9,21,17,22],[13,5,1,21,17,9,22],[13,21,1,17,9,5,22],[5,9,13,17,1,21,2,22,3,23,18],[9,1,21,5,17,13,22,3],[1,13,21,9,17,5,22],[13,17,5,9,21,1,22],[17,21,9,1,5,13,22],[9,13,1,17,21,5,2,22,23,3,18],[1,5,13,17,21,9,2,22,23,3,18],[21,13,1,5,17,9,22],[13,21,17,9,1,5,22],[1,13,21,5,9,17,22,3],[5,21,9,13,17,1,22],[13,9,17,1,21,5,22],[5,21,9,1,17,13,2,22,23,3,18],[5,13,1,9,21,17,2,22,23,3,18],[1,13,9,21,5,17,2,22,3,23,18],[9,13,21,1,5,17,22,11],[9,5,1,13,17,21,22,20],[9,1,13,5,17,21,22],[13,21,17,1,5,9,22],[5,17,13,9,21,1,2,22,23,3,18],[13,5,21,9,17,1,2,22,23,3,10],[13,21,17,9,1,5,2,22,23,3,19,18],[5,1,13,9,21,17,2,22,3,23,18],[1,17,9,13,5,21,22],[1,21,17,5,13,9,2,22,23,3,18],[5,13,1,21,9,17,2,22,23,3,18],[1,9,5,17,21,13,22],[9,5,1,13,21,17,22],[9,17,5,13,21,1,22],[21,9,17,1,13,5,2,22,23,3,10],[13,21,5,17,1,9,2,22,23,3,18],[1,5,21,9,17,13,22],[21,13,17,5,1,9,2,22,3,23,18],[9,1,13,21,5,17,22],[17,13,1,9,21,5,2,22,3,23,18],[21,13,5,1,17,9,22],[13,1,17,9,21,5,22],[1,21,5,9,17,13,22,18],[9,13,21,17,5,1,2,22,23,3,18],[1,5,9,17,21,13,2,22,3,23,18],[9,13,21,17,1,5,2,22,3,23,18],[5,9,1,17,13,21,22],[1,9,13,17,21,5,22,4],[1,9,5,21,13,17,22],[5,9,13,21,17,1,2,22,23,3,18],[13,17,1,21,9,5,2,22,23,3,18],[21,13,1,9,17,5,22],[5,21,9,17,13,1,2,22,3,23,18],[1,13,5,21,9,17,2,22,3,23,18],[1,5,21,17,9,13,22],[17,5,21,13,1,9,2,22,23,3,18],[17,21,13,1,5,9,22],[5,9,17,21,13,1,2,22,23,3,18],[17,9,1,13,21,5,2,22,3,23,19,18],[9,13,5,17,1,21,22],[9,1,17,13,5,21,22],[9,5,21,13,1,17,2,22,23,3,18],[9,21,1,5,13,17,22],[21,9,13,17,5,1,2,22,23,3,19,18],[21,5,17,13,9,1,2,22,3,23,10],[21,13,17,1,5,9,2,22,3,23,18],[17,13,1,5,9,21,2,22,23,3,19,18],[21,9,5,1,17,13,2,22,3,23,18],[1,17,21,9,5,13,22],[17,1,13,21,5,9,22,2,3,23,18],[13,17,21,1,5,9,2,22,3,23,18],[5,13,21,17,9,1,2,22,23,3,18],[21,9,1,13,5,17,2,22,3,23,18],[9,5,1,17,21,13,22,19],[9,21,5,17,1,13,22,14],[17,1,5,9,21,13,2,22,3,23,11],[9,5,1,17,21,13,2,22,3,23,18],[21,13,17,9,5,1,22,18],[21,13,5,9,1,17,22,2,23,3,19,18],[21,5,13,1,17,9,22],[17,13,5,1,9,21,2,22,23,3,18],[1,5,17,13,9,21,22,18],[1,13,5,9,21,17,22],[1,13,5,9,17,21,22],[21,5,13,1,9,17,22],[9,17,5,1,13,21,2,22,3,23,18],[9,21,1,5,17,13,22],[5,13,21,1,9,17,2,22,23,3,18],[17,5,13,1,21,9,2,22,3,23,18],[13,1,21,9,5,17,2,22,23,3,18],[1,21,9,17,13,5,22],[9,13,21,1,5,17,2,22,3,23,19,18],[5,9,1,17,13,21,2,22,23,3,18],[1,13,5,9,17,21,2,22,23,3,19,18],[21,5,17,9,13,1,22,23,2,3,18],[9,1,17,13,5,21,22],[21,17,13,9,1,5,2,22,3,23,18],[1,5,17,13,21,9,22],[9,13,21,17,5,1,22],[5,9,13,1,21,17,22],[9,17,13,5,1,21,22,16],[21,5,1,9,17,13,2,22,3,23,18],[9,5,1,17,13,21,2,22,23,3,18],[21,1,13,9,5,17,2,22,3,23,18],[5,21,1,17,13,9,2,22,3,23,18],[1,21,9,17,13,5,22],[21,9,5,13,1,17,22,12],[5,17,21,9,13,1,2,22,3,23,18],[9,13,21,1,5,17,2,22,3,23,18],[13,9,5,1,21,17,2,22,23,3,19,18],[9,5,1,17,21,13,22],[17,9,13,1,5,21,2,22,3,23,18],[5,1,17,9,13,21,2,22,23,3,10],[5,13,21,17,9,1,22],[13,1,9,5,21,17,2,22,3,23,18],[13,21,1,9,17,5,22],[5,9,1,21,13,17,2,22,23,3,18],[17,13,21,5,9,1,22,11],[21,17,13,5,1,9,3,23,18,10,22,2],[9,1,17,5,21,13,22],[5,17,21,1,13,9,22],[17,1,5,13,21,9,22],[1,5,17,13,9,21,22],[9,21,5,13,17,1,22,16],[17,13,1,5,9,21,22],[5,13,1,17,9,21,22,2,3,23,10],[21,9,1,17,13,5,2,22,23,3,18],[21,13,5,17,9,1,2,22,3,23,10],[21,13,17,5,1,9,2,22,3,23,18],[9,13,17,5,21,1,2,22,23,3,10],[1,17,5,13,9,21,22],[13,21,9,17,1,5,2,22,23,3,19,18],[17,9,21,1,13,5,22],[21,1,17,9,13,5,2,22,3,23,18],[17,1,5,13,9,21,2,22,23,3,19,18],[9,1,5,13,21,17,2,22,3,23,18],[9,5,17,1,13,21,22],[1,13,9,5,21,17,22],[21,5,17,1,13,9,2,22,23,3,11],[5,13,9,1,21,17,22,3],[21,1,17,13,5,9,22],[9,1,5,17,21,13,22],[1,5,13,9,21,17,2,22,3,23,18],[21,13,17,5,9,1,22,4],[1,17,13,9,21,5,2,22,3,23,18],[5,9,1,21,17,13,22],[13,1,21,5,17,9,2,22,3,23,18],[13,21,5,17,1,9,22],[17,5,9,21,1,13,2,22,3,23,18],[9,1,13,21,5,17,22,14],[5,9,21,13,1,17,22,18],[21,1,5,13,17,9,22,3],[17,13,1,21,9,5,2,22,3,23,19,18],[9,17,1,13,21,5,22,18],[1,17,5,21,9,13,2,22,23,3,18],[1,17,13,21,9,5,22],[5,17,9,1,13,21,22],[5,17,9,21,1,13,23,2,18,10],[17,9,5,21,1,13,22],[21,9,5,1,13,17,22],[1,17,5,13,9,21,22],[13,9,21,17,5,1,2,22,23,3,18],[5,17,1,21,9,13,22],[21,5,1,13,9,17,2,22,3,23,19,18],[13,9,1,21,17,5,22],[13,21,17,5,1,9,2,22,3,23,18],[17,13,9,1,21,5,22,12],[13,9,17,1,5,21,2,22,23,3,18],[17,1,13,9,21,5,2,22,3,23,18],[9,17,13,5,1,21,22,11],[17,1,13,9,21,5,2,22,23,3,18],[17,5,1,13,21,9,2,22,3,23,18],[5,17,1,13,9,21,22],[13,1,5,17,21,9,22,15],[21,17,13,1,5,9,22,23,2,3,19,18],[5,1,13,21,17,9,22],[13,17,1,9,21,5,22,20],[9,21,1,5,13,17,3,22],[21,9,17,1,13,5,22],[13,1,5,21,9,17,22],[13,1,9,17,5,21,2,22,3,23,18],[13,17,5,9,21,1,2,22,3,23,18],[17,13,21,1,5,9,2,22,23,3,18],[1,13,17,5,9,21,22,12],[9,1,17,21,5,13,22],[17,1,9,13,5,21,22],[5,17,1,13,21,9,2,22,23,3,10],[21,9,1,5,13,17,2,22,3,23,18],[17,9,5,21,13,1,2,22,3,23,18],[13,21,9,5,1,17,22],[17,1,13,21,9,5,2,22,3,23,18],[9,17,5,13,21,1,22],[17,1,9,5,13,21,3,22],[13,5,21,9,1,17,2,22,23,3,18],[9,21,17,1,5,13,2,22,3,23,18],[13,9,17,5,21,1,22],[5,9,21,17,1,13,22,3],[21,9,13,17,1,5,22],[17,1,21,9,5,13,2,22,3,23,18],[13,21,17,1,5,9,2,22,3,23,18],[5,17,1,13,21,9,22],[5,13,21,1,17,9,2,22,3,23,18],[5,21,17,1,9,13,2,22,3,23,18],[9,13,5,17,1,21,22],[21,1,13,17,5,9,22],[13,9,1,5,21,17,2,22,23,3,18],[5,21,17,1,9,13,22],[1,17,21,9,13,5,2,22,23,3,18],[13,9,21,17,5,1,2,22,23,3,18],[1,5,21,17,13,9,2,22,3,23,18],[9,5,1,13,17,21,22,4,23,2,3,18],[13,9,5,1,21,17,2,22,3,23,19,18],[17,9,21,1,13,5,22],[9,1,13,17,5,21,22],[17,21,13,9,1,5,22],[5,21,13,9,17,1,22],[13,5,17,9,1,21,2,22,3,23,18],[5,21,1,17,9,13,2,22,3,23,18],[5,13,21,1,9,17,2,22,3,23,18],[1,17,21,5,9,13,2,22,3,23,18],[1,9,17,5,21,13,22],[13,9,21,5,1,17,22,18],[5,9,13,21,17,1,2,22,3,23,10],[21,1,13,9,5,17,22],[21,9,1,13,17,5,2,22,23,3,18],[5,17,13,1,9,21,22],[9,21,5,13,17,1,22],[21,9,5,1,13,17,22],[17,21,5,1,9,13,2,22,3,23,18],[9,17,1,5,13,21,2,22,23,3,18],[9,1,5,21,13,17,2,22,3,23,10],[9,1,17,21,5,13,2,22,23,3,19,18],[13,9,1,21,5,17,2,22,3,23,19,18],[13,1,5,21,17,9,22],[13,21,9,1,17,5,2,22,23,3,18],[21,9,17,1,5,13,22],[17,21,9,5,13,1,22],[17,13,5,9,1,21,2,22,23,3,18],[13,1,21,9,5,17,22,19],[13,5,1,17,9,21,2,22,23,3,18],[17,21,1,13,9,5,2,22,3,23,19,18],[17,5,13,1,9,21,22],[9,21,5,17,1,13,2,22,23,3,18],[17,5,13,1,9,21,22],[21,5,13,1,17,9,2,22,3,23,18],[1,21,17,5,9,13,22],[5,1,17,21,9,13,2,22,3,23,18],[5,13,1,21,17,9,22],[9,17,5,21,1,13,22],[9,1,17,5,21,13,2,22,3,23,18],[17,5,1,9,13,21,2,22,23,3,18],[5,13,9,21,17,1,22,4],[9,13,1,21,5,17,22],[13,21,17,5,1,9,2,22,3,23,18],[1,5,17,9,13,21,2,22,3,23,18],[5,1,17,13,21,9,22,19],[1,13,17,21,5,9,22,24],[1,5,17,13,9,21,2,22,3,23,18],[13,17,1,21,5,9,22,7,20],[21,13,17,1,9,5,22],[9,21,13,17,1,5,22,3],[9,21,1,13,5,17,2,22,3,23,18],[13,1,5,21,17,9,2,22,23,3,19,18],[1,21,5,9,17,13,22,14],[5,21,17,1,9,13,22,2,3,23,18],[5,17,13,1,21,9,3,22],[17,21,9,1,13,5,22],[13,5,1,17,21,9,2,22,23,3,19,18],[5,1,9,21,13,17,22],[9,1,17,21,5,13,22],[1,13,21,17,9,5,22,3],[17,5,9,1,21,13,2,22,3,23,18],[21,5,17,1,9,13,22],[9,21,5,13,17,1,2,22,23,3,18],[21,13,5,17,9,1,22],[13,21,1,17,9,5,22],[17,5,9,13,1,21,2,22,23,3,18],[9,17,1,13,21,5,22,20],[17,21,13,1,5,9,22],[13,17,1,5,21,9,2,22,3,23,18],[21,13,17,9,1,5,2,22,23,3,18],[9,1,17,21,13,5,2,22,3,23,11],[21,1,17,9,5,13,2,22,23,3,18],[5,17,21,9,1,13,22],[9,1,5,17,13,21,2,22,23,3,19,18],[1,9,21,17,13,5,22,19],[21,17,13,9,5,1,2,22,3,23,18],[5,13,21,17,1,9,2,22,3,23,18],[1,13,9,21,17,5,22],[21,5,1,13,9,17,2,22,3,23,18],[5,1,9,17,13,21,2,22,3,23,18],[13,5,21,17,1,9,2,22,3,23,10],[1,9,17,5,13,21,2,22,3,23,18],[9,13,5,21,17,1,22],[17,5,21,1,9,13,2,22,23,3,18],[5,13,21,9,1,17,2,22,3,23,10],[13,5,21,1,9,17,2,22,3,23,18],[17,13,21,1,5,9,22],[17,13,1,21,9,5,22,20],[5,17,1,13,9,21,22,8],[17,13,9,21,1,5,22],[17,13,5,9,1,21,22],[9,1,21,13,17,5,2,22,23,3,18],[13,17,5,21,9,1,2,22,3,23,10],[21,13,5,1,9,17,22],[17,9,5,13,21,1,22],[21,13,1,5,9,17,2,22,23,3,18],[17,5,9,1,13,21,2,22,3,23,11],[5,17,13,1,21,9,2,22,3,23,18],[13,1,9,5,17,21,22],[5,9,1,21,17,13,22],[1,21,13,5,9,17,22],[17,9,5,13,21,1,22],[13,5,1,17,9,21,2,22,23,3,18],[1,17,13,5,9,21,2,22,23,3,18],[13,21,9,17,1,5,22],[5,17,21,1,13,9,22],[5,9,21,13,17,1,22],[9,1,5,17,21,13,2,22,23,3,18],[1,21,5,9,17,13,2,22,3,23,19,18],[5,9,17,1,21,13,2,22,3,23,18],[17,5,13,9,1,21,22,12],[21,17,13,9,5,1,22],[1,21,5,13,17,9,22],[17,21,9,13,5,1,22],[1,13,9,21,5,17,2,22,3,23,18],[21,1,17,9,13,5,22,6],[9,1,17,21,5,13,22],[21,1,17,5,9,13,22,15],[5,17,13,9,21,1,2,22,23,3,18],[9,17,21,5,1,13,2,22,3,23,18],[1,9,13,5,17,21,22],[13,17,9,21,1,5,2,22,3,23,18],[9,1,21,13,5,17,22],[5,17,21,13,9,1,2,22,3,23,18],[21,1,5,17,9,13,22,23,2,3,18],[9,17,5,1,13,21,22],[1,5,21,13,17,9,2,22,23,3,18],[13,9,1,5,21,17,2,22,23,3,18],[1,17,5,9,21,13,22,2,3,23,18],[5,17,1,21,13,9,2,22,3,23,18],[5,1,9,17,13,21,22,19],[9,5,1,21,13,17,22],[17,9,13,21,1,5,2,22,3,23,18],[9,13,1,5,21,17,2,22,3,23,19,18],[5,1,13,9,17,21,2,22,23,3,18],[1,17,9,21,13,5,2,22,23,3,19,18],[13,17,9,5,21,1,22,2,3,23,10],[5,13,9,21,17,1,2,22,23,3,18],[5,17,13,1,21,9,2,22,3,23,10],[5,21,17,9,1,13,22,16],[21,1,17,9,5,13,22,2,23,3,19,18],[5,1,21,13,17,9,2,22,23,3,10],[1,21,17,5,9,13,22],[21,1,5,13,17,9,22],[9,21,13,5,1,17,22,4],[13,5,1,21,9,17,2,22,23,3,18],[17,5,9,13,1,21,22],[17,13,21,9,5,1,2,22,3,23,18],[13,5,17,21,9,1,22,15],[17,9,13,21,1,5,22,4,10],[9,21,17,1,13,5,22,24],[9,1,5,17,21,13,22],[5,13,21,1,17,9,22],[1,13,9,17,5,21,22],[5,17,21,9,1,13,3,22],[5,1,21,9,13,17,2,22,23,3,18],[13,5,21,1,9,17,2,22,23,3,18],[1,5,17,21,13,9,22,10],[9,1,17,21,5,13,2,22,3,23,18],[1,17,5,9,13,21,22],[9,1,17,5,21,13,2,22,23,3,10],[21,9,17,1,13,5,22,23,2,3,18],[9,5,21,17,13,1,2,22,3,23,18],[17,1,9,13,21,5,22],[5,13,9,17,1,21,2,22,23,3,19,18],[5,17,1,21,13,9,2,22,23,3,18],[1,5,9,21,13,17,2,22,3,23,18],[17,13,5,1,21,9,22],[1,13,5,21,9,17,2,22,23,3,18],[9,21,17,13,1,5,22,2,23,3,11],[17,5,13,21,1,9,22],[5,9,1,17,13,21,2,22,23,3,18],[17,13,1,9,21,5,2,22,23,3,18],[21,13,17,1,9,5,22,4,2,3,23,18],[17,9,1,5,13,21,2,22,23,3,10],[21,9,5,1,17,13,22],[9,13,1,17,5,21,2,22,3,23,10],[5,1,9,17,13,21,22],[5,17,9,1,21,13,22],[21,1,5,17,13,9,2,22,3,23,18],[17,21,1,9,5,13,2,22,3,23,10],[17,13,21,1,9,5,22],[21,9,17,1,5,13,22],[1,21,9,17,5,13,2,22,3,23,18],[1,21,5,9,17,13,22],[21,9,13,1,17,5,22],[21,9,5,1,13,17,22],[21,17,5,9,1,13,22,8,18],[21,13,17,9,1,5,22,15,6,3],[9,13,1,17,5,21,2,22,23,3,18],[9,1,21,17,5,13,22],[5,1,13,9,17,21,2,22,3,23,18],[17,5,1,21,13,9,22,14],[17,21,1,9,13,5,22,19],[17,21,1,13,5,9,22],[17,13,5,9,1,21,22,16],[1,13,5,21,9,17,22,18],[9,5,1,21,13,17,22],[1,5,9,17,13,21,22,18],[17,9,1,21,5,13,2,22,3,23,18],[9,21,13,1,17,5,2,22,3,23,19,18],[21,13,9,17,1,5,2,22,3,23,18],[17,13,9,21,1,5,22],[5,17,13,9,1,21,22],[21,13,1,9,17,5,22],[17,9,1,21,13,5,2,22,3,23,19,18],[9,5,21,1,13,17,2,22,23,3,18],[13,21,9,5,17,1,22],[1,17,21,13,5,9,2,22,3,23,18],[1,17,9,5,13,21,2,22,3,23,18],[17,9,5,21,1,13,23,18,2,10],[1,13,21,9,17,5,2,22,23,3,10],[9,5,17,1,13,21,22],[17,21,1,5,9,13,2,22,23,3,18],[21,17,9,13,1,5,22],[9,13,5,17,21,1,22,11],[9,13,17,1,5,21,2,22,3,23,18],[1,21,5,13,9,17,22],[21,9,13,5,17,1,22],[17,9,13,5,1,21,22,2,23,3,18],[5,13,17,9,21,1,2,22,3,23,18],[9,5,21,1,17,13,22],[21,5,13,1,17,9,22],[17,5,1,13,21,9,2,22,23,3,18],[13,21,1,9,5,17,2,22,3,23,18],[13,9,1,21,17,5,22],[13,5,17,9,21,1,2,22,3,23,18],[13,9,1,5,21,17,2,22,23,3,18],[21,1,13,9,17,5,22,20],[17,9,21,1,5,13,2,22,23,3,18],[9,21,13,17,1,5,2,22,23,3,11],[5,13,17,21,9,1,22],[1,9,5,21,13,17,22],[17,5,21,1,13,9,2,22,23,3,18],[1,5,9,13,17,21,2,22,23,3,18],[9,1,13,21,17,5,22,12],[21,5,17,9,13,1,22],[1,17,21,9,5,13,22],[9,17,1,21,5,13,22,18],[13,5,9,17,21,1,2,22,23,3,18],[17,9,13,1,21,5,2,22,3,23,18],[1,13,17,9,21,5,2,22,23,3,18],[9,5,1,13,17,21,22,8],[17,1,9,13,21,5,22],[17,9,13,5,1,21,2,22,23,3,18],[1,21,13,9,17,5,2,22,23,3,18],[17,21,5,1,13,9,2,22,23,3,18],[21,13,1,17,9,5,22,7],[17,13,5,9,21,1,2,22,3,23,18],[13,17,1,21,5,9,22],[5,17,9,21,1,13,2,22,3,23,18],[17,13,21,5,1,9,22],[13,21,1,17,9,5,2,22,23,3,18],[13,17,1,5,21,9,22],[21,9,5,1,13,17,23,18,2,10],[5,21,17,13,9,1,2,22,23,3,18],[5,1,9,13,17,21,2,22,3,23,19,18],[1,21,5,17,9,13,2,22,3,23,19,18],[13,17,5,1,9,21,2,22,3,23,18],[1,17,9,5,13,21,22,3],[9,21,17,1,13,5,3,22],[1,5,17,13,9,21,22,7],[1,5,9,13,21,17,2,22,3,23,19,18],[21,17,9,13,5,1,22,11],[9,21,5,1,17,13,2,22,23,3,10],[5,17,1,9,13,21,22],[5,9,1,13,17,21,22,11],[1,5,21,17,9,13,2,22,3,23,19,18],[1,21,13,17,5,9,2,22,3,23,18],[17,5,1,9,21,13,22],[1,5,13,21,9,17,2,22,23,3,18],[5,17,13,21,1,9,22],[13,1,9,5,17,21,22],[13,21,5,1,17,9,22],[13,21,5,17,1,9,2,22,23,3,19,18],[5,9,1,13,21,17,22],[17,5,21,13,9,1,22],[1,9,5,13,17,21,2,22,3,23,18],[13,17,21,5,1,9,2,22,23,3,18],[5,1,13,17,21,9,2,22,23,3,10],[21,17,1,9,13,5,22],[1,21,5,9,13,17,22],[17,21,5,1,9,13,22,18],[5,1,13,21,17,9,22],[1,21,17,13,9,5,2,22,23,3,18],[5,1,21,9,17,13,22],[13,9,17,1,21,5,2,22,3,23,18],[1,9,5,21,13,17,22,2,3,23,18],[13,21,17,1,9,5,2,22,23,3,18],[5,21,1,9,13,17,2,22,23,3,18],[9,13,1,17,5,21,22],[17,21,13,9,5,1,2,22,23,3,18],[13,17,21,9,5,1,2,22,3,23,18],[5,13,17,21,1,9,22,8,12],[1,5,13,21,9,17,22],[1,9,13,21,17,5,22],[17,21,5,9,1,13,2,22,3,23,18],[1,21,9,5,13,17,2,22,23,3,19,18],[13,5,1,9,17,21,22,3],[17,9,5,21,1,13,22],[5,13,1,9,17,21,2,22,23,3,18],[13,9,1,5,17,21,2,22,3,23,18],[13,17,21,1,9,5,2,22,23,3,18],[9,1,17,5,13,21,2,22,3,23,18],[13,1,9,17,5,21,22],[17,9,13,1,5,21,2,22,23,3,18],[1,13,5,9,17,21,22],[13,17,21,5,9,1,22],[17,21,13,5,9,1,2,22,23,3,18],[5,17,9,21,1,13,22],[21,9,17,1,5,13,3,22],[9,1,5,13,21,17,22,20],[5,17,9,13,1,21,22,8],[21,1,9,5,13,17,22],[9,1,17,21,5,13,22,6],[21,13,9,5,17,1,3,23,18,10,22,2],[17,1,13,9,5,21,2,22,3,23,19,18],[9,13,5,21,17,1,3,22],[13,21,1,9,5,17,2,22,23,3,18],[13,17,5,21,1,9,2,22,23,3,18],[13,21,9,17,1,5,22],[13,5,17,9,21,1,22],[5,1,13,17,21,9,2,22,3,23,18],[9,21,17,13,1,5,2,22,23,3,18],[5,9,21,17,1,13,2,22,23,3,18],[9,1,13,17,5,21,2,22,23,3,18],[17,1,13,5,21,9,2,22,23,3,19,18],[13,21,17,1,5,9,2,22,3,23,19,18],[13,9,5,17,1,21,2,22,3,23,18],[1,5,17,21,9,13,22],[9,5,17,13,21,1,2,22,23,3,10],[5,21,9,1,17,13,2,22,23,3,18],[5,17,9,21,13,1,2,22,3,23,18],[13,5,9,21,17,1,22,2,3,23,18],[1,17,9,21,5,13,22],[13,5,1,21,9,17,2,22,3,23,18],[21,17,1,5,13,9,22],[21,5,13,9,1,17,22],[5,1,21,9,17,13,22,15,8,4,2,3,23,10],[21,5,9,1,17,13,2,22,23,3,18],[17,1,21,13,9,5,2,22,23,3,19,18],[1,9,5,21,17,13,2,22,3,23,18],[1,17,21,13,9,5,2,22,3,23,19,18],[17,21,9,13,5,1,3,22],[1,5,17,9,21,13,2,22,23,3,18],[9,21,17,13,5,1,2,22,3,23,19,18],[1,5,9,13,21,17,23,18,10,2],[1,9,17,5,21,13,2,22,23,3,19,18],[17,1,21,13,5,9,23,2,18,10],[17,9,21,1,5,13,22],[21,17,9,1,13,5,22],[21,13,5,17,1,9,2,22,3,23,10],[21,9,13,17,5,1,22],[1,21,13,5,17,9,2,22,23,3,18],[9,17,13,5,1,21,2,22,3,23,18],[9,17,21,1,5,13,2,22,3,23,18],[17,21,13,9,5,1,22],[9,13,1,21,17,5,22],[9,17,1,13,5,21,2,22,3,23,19,18],[21,13,5,17,9,1,2,22,23,3,19,18],[5,21,17,13,9,1,2,22,3,23,18],[5,21,9,17,13,1,22,3],[13,1,17,21,5,9,22],[1,17,5,13,21,9,22],[21,9,1,17,5,13,2,22,23,3,18],[21,5,17,13,1,9,22,3],[17,1,9,21,5,13,2,22,23,3,18],[9,21,17,1,13,5,22,19],[17,1,9,5,13,21,22],[5,9,1,21,17,13,22],[17,21,9,1,5,13,2,22,23,3,18],[21,17,13,1,9,5,22],[13,17,5,1,9,21,22,23,2,3,18],[13,17,21,1,5,9,2,22,3,23,18],[9,1,13,17,5,21,22,2,3,23,19,18],[9,5,1,13,21,17,2,22,23,3,18],[5,9,13,1,21,17,22],[1,21,5,17,13,9,2,22,23,3,10],[17,5,13,21,1,9,22,4],[21,5,17,1,13,9,22,2,23,3,11],[9,21,17,13,5,1,2,22,23,3,18],[9,13,5,21,1,17,2,22,3,23,19,18],[17,13,5,21,9,1,2,22,3,23,18],[21,5,13,9,1,17,22,20],[13,9,21,5,17,1,22],[21,17,9,5,13,1,2,22,23,3,19,18],[13,17,21,1,9,5,2,22,23,3,18],[17,1,9,21,5,13,22],[13,21,9,17,1,5,2,22,23,3,19,18],[21,1,9,13,17,5,22],[9,21,5,17,13,1,22],[5,17,9,13,1,21,22],[17,13,1,5,9,21,22],[17,13,9,21,1,5,2,22,23,3,18],[1,17,21,9,5,13,22],[17,5,1,9,13,21,22],[21,1,13,17,5,9,22],[17,1,5,13,9,21,22,3],[13,1,5,9,17,21,22],[9,1,21,13,5,17,2,22,3,23,18],[17,9,5,13,1,21,22,24],[13,9,17,1,21,5,2,22,3,23,18],[1,13,5,21,17,9,2,22,23,3,18],[21,13,5,1,9,17,2,22,3,23,18],[9,17,21,1,5,13,22],[5,13,1,9,21,17,2,22,3,23,10],[13,17,9,5,21,1,22],[21,5,1,17,9,13,22,24],[5,21,13,17,1,9,22],[21,17,9,1,5,13,22,11],[13,5,1,9,21,17,2,22,3,23,18],[5,21,17,1,9,13,22],[5,21,17,13,1,9,2,22,23,3,18],[1,21,13,17,9,5,22,6],[5,13,9,17,1,21,22],[5,21,13,17,1,9,22],[5,9,17,21,13,1,2,22,3,23,18],[1,21,9,13,5,17,2,22,3,23,18],[9,1,13,21,17,5,2,22,3,23,18],[13,1,21,5,17,9,2,22,23,3,10],[21,13,5,1,9,17,22,3],[21,5,9,17,1,13,22,3],[1,17,9,21,13,5,2,22,3,23,10],[5,21,9,13,1,17,22],[1,21,13,9,5,17,2,22,3,23,19,18],[5,9,17,13,1,21,22],[1,21,17,9,5,13,22],[17,13,5,9,1,21,22],[5,9,17,1,21,13,2,22,3,23,18],[9,17,5,21,13,1,22],[21,5,1,17,9,13,2,22,23,3,18],[5,21,1,13,17,9,22,16],[1,21,17,5,9,13,22,2,23,3,18],[17,9,21,5,1,13,2,22,23,3,18],[5,13,21,17,9,1,2,22,23,3,18],[5,13,1,21,9,17,2,22,3,23,18],[21,17,13,9,1,5,2,22,23,3,18],[13,21,1,17,9,5,2,22,23,3,18],[13,21,9,17,1,5,2,22,23,3,10],[17,9,13,5,21,1,2,22,3,23,18],[13,9,17,21,1,5,22],[13,1,17,9,5,21,2,22,3,23,18],[9,1,17,13,5,21,22,3],[17,9,1,21,13,5,2,22,23,3,18],[5,17,13,21,9,1,22,10],[5,1,9,13,17,21,2,22,23,3,18],[13,5,1,17,9,21,22,20],[21,5,13,9,17,1,2,22,3,23,18],[1,5,17,9,13,21,22],[9,13,17,1,21,5,2,22,3,23,18],[1,9,5,21,17,13,2,22,23,3,18],[17,1,5,9,13,21,22],[1,17,5,13,21,9,2,22,3,23,19,18],[13,17,9,21,1,5,22,2,23,3,18],[9,17,21,1,5,13,22,19],[17,9,1,5,13,21,3,22],[13,5,17,9,21,1,22],[5,1,17,9,13,21,2,22,23,3,18],[17,21,13,1,9,5,2,22,23,3,18],[17,21,5,9,13,1,22,3],[13,17,1,9,21,5,2,22,23,3,18],[13,5,1,17,9,21,22],[17,1,13,9,5,21,3,22],[13,5,9,17,21,1,2,22,23,3,18],[17,9,1,13,5,21,2,22,3,23,10],[13,1,21,5,9,17,22,7],[1,21,17,9,13,5,2,22,23,3,18],[17,5,13,21,9,1,22],[17,9,13,5,1,21,2,22,23,3,18],[17,13,1,9,5,21,2,22,3,23,19,18],[17,1,5,9,13,21,22],[21,13,9,17,1,5,2,22,3,23,18],[17,13,21,9,5,1,22],[9,21,5,13,17,1,22],[17,9,5,21,13,1,23,2,18,10],[9,13,17,5,1,21,22,2,23,3,18],[9,5,17,13,21,1,22,12],[21,5,17,9,13,1,2,22,3,23,18],[13,9,1,5,17,21,22],[5,13,21,1,9,17,2,22,3,23,18],[17,1,21,13,5,9,2,22,23,3,18],[1,17,9,21,5,13,22],[13,5,21,9,1,17,2,22,3,23,18],[9,5,13,17,21,1,22],[5,21,9,17,1,13,2,22,3,23,18],[9,1,13,21,5,17,22,2,23,3,19,18],[17,13,1,5,9,21,22,2,3,23,18],[1,9,5,21,13,17,2,22,23,3,18],[17,13,21,5,1,9,2,22,23,3,18],[5,13,17,1,21,9,22],[17,1,9,21,5,13,2,22,3,23,18],[1,21,5,13,9,17,2,22,23,3,18],[5,9,1,17,21,13,2,22,3,23,18],[5,21,1,13,9,17,22],[9,5,13,21,17,1,2,22,3,23,18],[17,5,13,21,1,9,2,22,23,3,18],[21,5,13,17,9,1,2,22,3,23,18],[17,5,1,9,13,21,22],[1,13,9,5,21,17,22],[13,9,1,5,17,21,2,22,3,23,19,18],[21,13,17,5,1,9,2,22,3,23,18],[21,17,9,1,5,13,22],[13,1,5,21,17,9,2,22,3,23,18],[1,9,13,5,21,17,22],[17,1,21,9,5,13,22,3],[5,13,17,1,21,9,2,22,23,3,19,18],[5,17,9,21,13,1,22],[13,17,21,9,1,5,2,22,23,3,18],[21,5,9,13,1,17,22,18],[13,21,17,5,9,1,2,22,23,3,18],[1,17,9,21,13,5,2,22,3,23,18],[9,13,5,17,21,1,22],[9,21,5,1,13,17,22],[13,1,21,17,9,5,22],[5,17,1,9,13,21,22,3],[1,13,21,17,5,9,22],[9,1,5,17,21,13,22,19],[21,5,13,17,9,1,22,3],[21,5,13,9,17,1,2,22,3,23,18],[17,21,9,5,1,13,2,22,23,3,18],[9,13,5,1,21,17,22,6],[9,13,5,1,21,17,2,22,3,23,19,18],[17,1,9,5,21,13,22],[1,9,17,21,13,5,22,12],[5,13,21,1,9,17,2,22,3,23,18],[13,21,5,9,17,1,2,22,3,23,18],[21,5,17,13,9,1,2,22,23,3,18],[9,13,1,5,17,21,2,22,3,23,18],[21,5,1,13,17,9,2,22,3,23,18],[13,5,1,17,9,21,2,22,3,23,18],[1,13,9,17,21,5,22],[1,9,17,13,21,5,2,22,3,23,18],[21,5,9,13,1,17,2,22,3,23,19,18],[21,5,1,17,9,13,22,23,2,3,19,18],[13,9,1,5,17,21,22],[13,1,9,5,21,17,2,22,3,23,19,18],[17,5,21,1,13,9,2,22,23,3,18],[21,9,13,1,17,5,2,22,23,3,18],[17,1,13,5,9,21,2,22,3,23,18]]}