{"problem_id":"0JQn1mxOJj59q5x","sigma":75,"alpha":0.100,"cost":2,"probabilities":"[0.26, 0.29, 0.22, 0.23]","payoff_matrix":"[[-107, 23, 20, 46, 29, 96], [-1, -104, -11, -50, 78, 58], [-79, 12, -12, 60, 2, -38], [-21, 74, 46, 1, -145, -84]]","uncovered":[[10,18,2,22,17,21,20,6,13,14,4,9,23,12,24,11,1,15,16],[14,22,18,21,17,20,2,5,10,6,4,9,24,12,11,23,1,13,16],[18,14,22,21,17,24,20,10,6,2,1,9,12,23,11,13,16,15],[2,22,14,18,17,21,24,20,10,6,1,9,12,11,23,13,16,15],[18,14,22,21,17,20,10,6,2,1,11],[14,2,10,6,18,22,21,17,23,20,1,9,12,24,11,13,16,15],[14,10,2,6,18,22,21,17,24,20,1,9,12,11,23,13,16,15],[22,14,6,10,17,18,21,24,20,2,1,9,12,23,11,13,16,15],[18,22,21,17,20,4,10,8,6,16,14,2,12,9,23,24,11,1,5],[2,10,6,18,22,21,17,24,20,14,1,9,12,23,11,13,16,15],[6,10,2,18,14,22,17,21,24,20,1,9,12,23,11,16,13,15],[18,22,21,17,20,16,5,1,10,6,14],[10,6,14,2,22,18,17,21,20,1,12,9,24,11,23,13,16,15],[14,18,2,22,21,17,20,10,8,6,1,11],[6,14,2,10,18,22,17,21,24,20,1,9,12,23,11,13,16,15],[6,14,10,22,2,18,21,17,24,20,1,9,12,23,11,13,16,15],[14,22,2,18,17,21,24,20,6,10,1,9,12,23,11,13,16,15],[22,10,14,18,17,21,24,20,6,2,1,9,12,23,11,13,16,15],[10,18,22,17,21,20,1,6,14,12,9,23,24,11,13,16,15],[14,22,6,10,2,18,21,17,24,20,1,9,11,16,12,23,19],[6,22,2,18,21,17,24,19,20,10,14,1,9,12,23,11,13,16],[2,14,22,10,6,18,17,21,24,19,20,1,9,12,11,23,13,15,16],[18,14,2,22,17,21,20,8,6,10,4,9,11],[2,22,10,6,18,17,21,24,20,14,1,9,12,11,23,13,15,16],[6,18,22,17,21,20,2,13,14,10,1,9],[6,18,14,22,17,21,20,1,10,11],[22,18,21,17,24,20,10,2,6,14,1,9,12,11,23,13,16,15],[22,18,17,21,24,20,6,14,10,2,1,9,12,11,23,13,15,16],[10,14,18,6,2,22,21,17,24,20,1,9,12,11,23,13,16,15],[6,14,2,10,22,18,17,21,23,20,1,9,12,24,11,13,16,15],[22,14,6,18,17,21,20,2,10,1,12,9,24,23,11,13,16,15],[10,22,2,6,14,18,21,17,20,4,9,11],[2,18,22,21,17,20,6,13,14,11,10,1],[18,10,14,22,21,17,24,20,2,6,1,9,12,23,11,13,16,15],[14,18,2,6,10,22,17,21,24,20,1,9,12,23,11,13,16,15],[2,10,6,18,14,22,17,21,20,1,11],[14,10,6,22,2,18,17,21,24,19,20,1,9,12,11,23,13,16],[22,10,14,2,6,18,21,17,20,4,12,11,23,9],[2,10,18,22,17,21,24,20,14,6,1,9,12,23,11,13,16,15],[14,18,6,10,22,21,17,24,20,2,1,9,12,11,23,13,15,16],[18,6,14,22,21,17,20,11,2,9,1,10],[2,14,18,10,22,21,17,20,6,4,9,15,7,24,13,16,23,12,11,1],[6,22,18,17,21,24,20,10,2,14,1,9,12,11,23,13,16,15],[18,6,14,2,22,17,21,20,10,1,9],[10,14,2,18,6,22,17,21,24,19,20,1,9,12,11,23,13,16],[10,14,22,18,17,21,20,6,2,1,12,9,23,24,11,13,16,15],[2,6,10,22,14,18,21,17,20,1,9],[14,2,22,10,6,18,21,17,24,20,1,9,12,23,11,13,16,15],[18,6,14,22,21,17,24,20,10,2,1,9,12,23,11,13,16,15],[22,14,6,10,2,18,21,17,20,3,11],[14,18,6,22,17,21,20,10,2,4,9,12,23,24,11,1,13,16],[10,22,2,6,14,18,21,17,24,20,1,9,12,23,11,16,13,15],[18,22,21,17,19,24,20,2,10,14,6,1,9,12,23,11,13,16],[22,14,10,2,6,18,17,21,20,1,11],[6,14,10,18,2,22,21,17,24,20,1,9,12,11,23,13,16,15],[22,10,2,18,21,17,24,20,6,14,1,9,11,13,16,12,23,15],[6,18,10,22,21,17,24,20,2,14,1,9,12,23,11,13,15,16],[18,2,6,14,22,21,17,20,12,10,1,9],[14,2,18,22,21,17,20,6,10,1,12,9,24,11,23,13,16,15],[6,18,10,2,14,22,21,17,24,20,1,9,12,11,23,13,15,16],[6,22,10,2,18,21,17,24,20,14,1,9,12,11,23,13,15,16],[22,14,10,18,21,17,24,20,6,2,1,9,12,23,11,13,16,15],[18,6,22,21,17,20,14,2,9,10,3],[6,2,22,14,10,18,17,21,20,4,9,12,24,11,23,1,16,13],[2,6,14,10,22,18,17,21,23,20,1,9,11],[10,22,18,21,17,24,20,6,14,2,1,9,12,23,11,13,15,16],[18,6,14,22,17,21,24,20,2,10,1,9,12,23,11,13,16,15],[22,18,17,21,20,6,10,2,15,14,1,9],[10,2,22,18,17,21,20,13,14,6,4,12,9,24,11,23,16,1],[22,18,21,17,20,2,9,14,8,6,10,1],[6,22,14,18,21,17,20,2,12,10,4,11,24,9,23,1,13,16],[14,22,2,18,17,21,20,10,8,6,3,11],[2,10,14,18,6,22,17,21,24,20,1,9,12,23,11,13,16,15],[2,14,18,6,10,22,21,17,24,20,1,9,12,23,11,13,16,15],[18,2,6,22,21,17,24,20,10,14,1,9,12,11,23,13,16,15],[14,10,22,18,17,21,20,5,3,6,11],[6,18,22,17,21,20,10,3,14,11],[14,10,22,6,18,21,17,20,2,1,11],[14,22,2,10,6,18,21,17,24,20,1,9,12,23,11,13,16,15],[10,22,14,18,21,17,20,6,2,1,12,9],[22,2,18,21,17,20,6,10,14,1,9],[10,22,6,18,17,21,24,20,2,14,1,9,12,23,11,13,16,15],[22,6,14,18,21,17,20,2,10,1,12,11],[6,22,18,17,21,24,20,2,14,10,1,9,12,23,11,13,16,15],[10,14,18,6,22,21,17,20,1,9],[14,10,22,6,2,18,21,17,24,20,1,9,12,23,11,13,16,15],[14,10,22,6,2,18,21,17,20,1,9],[6,22,10,2,14,18,17,21,24,20,1,9,12,11,23,13,16,15],[14,2,18,22,21,17,24,20,10,6,1,9,12,23,11,13,15,16],[10,14,6,2,22,18,17,21,24,19,20,1,9,11,13,15,16,23],[2,10,22,14,18,21,17,20,8,6,4,11,15,13,24,16,23,1,9,12],[22,6,2,14,18,17,21,23,20,10,3,9,12,24,11,13,15,16],[6,2,10,18,22,21,17,20,14,3,11],[22,18,21,17,20,9,15,14,1,6,10,12,24,11,23,13,16],[6,10,22,2,18,21,17,20,15,14,3,9,13,24,16,23,12,11],[18,6,2,14,22,17,21,24,20,10,1,9,12,11,23,13,16,15],[18,6,14,22,17,21,20,10,1,9],[2,14,6,22,18,17,21,24,20,10,1,9,12,11,23,13,16,15],[14,22,2,10,18,21,17,20,7,6,3,9],[10,14,22,6,18,17,21,20,2,1,9],[2,18,14,6,22,17,21,24,20,10,1,9,11,16,12,23,19],[22,18,17,21,24,19,20,10,14,2,6,1,9,12,23,11,13,16],[10,2,14,18,22,17,21,24,20,6,1,9,12,23,11,13,16,15],[14,10,2,18,22,21,17,20,5,6,1,9],[18,14,22,21,17,24,20,10,6,2,1,9,11,13,16,12,23,15],[18,10,2,22,21,17,24,20,14,6,1,9,12,23,11,13,16,15],[18,10,14,2,6,22,17,21,20,1,11],[18,22,21,17,20,6,14,10,2,4,9,23,12,24,11,1,13,16],[18,6,10,14,2,22,21,17,20,1,9],[14,22,18,17,21,24,20,2,10,6,1,9,12,11,23,13,16,15],[18,22,17,21,20,14,10,6,1,11],[6,10,14,18,2,22,21,17,20,3,11],[6,18,22,21,17,20,2,14,9,10,1],[22,2,6,10,14,18,17,21,24,20,1,9,11,13,15,16,23,12],[22,14,2,10,18,21,17,24,20,6,1,9,12,23,11,13,16,15],[22,10,14,6,2,18,21,17,20,4,12,9,23,24,11,1,13,16],[18,14,6,2,10,22,21,17,20,1,12,9],[10,2,22,18,17,21,24,20,6,14,1,9,11,13,16,12,23,15],[2,18,10,14,22,21,17,20,6,1,11],[2,22,18,17,21,20,14,6,10,1,9],[14,2,22,10,6,18,21,17,20,4,11],[6,14,22,18,17,21,24,20,2,10,1,9,12,23,11,13,16,19],[2,6,14,10,22,18,17,21,19,24,20,1,9,12,11,23,13,16],[10,22,6,14,18,17,21,20,2,4,12,9,23,24,11,1,13,16],[10,22,6,2,18,17,21,20,14,1,9],[18,22,21,17,20,13,14,10,6,2,3,9],[10,18,6,22,17,21,24,20,2,14,1,9,12,11,23,13,16,15],[2,22,6,14,10,18,17,21,20,3,11],[10,14,22,18,17,21,20,6,2,1,9],[14,18,2,22,21,17,24,20,10,6,1,9,12,23,11,13,16,15],[18,2,10,6,14,22,17,21,20,4,12,9,24,11,23,1,13,16],[22,10,18,17,21,20,5,2,14,6,1],[14,6,2,10,22,18,21,17,24,20,1,9,12,11,23,16,13,15],[14,6,22,10,18,21,17,24,20,2,1,9,12,23,11,13,15,16],[10,2,6,22,18,17,21,24,20,14,1,9,12,23,11,13,16,15],[22,18,21,17,20,6,2,10,14,3,11],[22,10,18,21,17,24,20,14,2,6,1,9,12,11,23,13,16,15],[6,22,2,18,17,21,24,20,14,10,1,9,12,11,23,13,15,16],[10,22,6,2,14,18,21,17,20,4,9,24,12,11,23,1,13,16],[14,10,6,18,22,21,17,20,2,1,12,9],[2,22,10,18,17,21,20,6,16,14,4,11],[6,22,18,21,17,24,20,2,10,14,1,9,12,23,11,13,16,15],[22,6,18,17,21,24,20,2,10,14,1,9,12,11,23,13,15,16],[22,2,10,18,21,17,20,16,6,14,4,9],[14,2,18,6,22,17,21,24,20,10,1,9,12,23,11,13,16,15],[10,14,18,2,6,22,17,21,20,4,9,11],[18,6,22,17,21,20,14,2,11,10,4],[10,14,2,6,18,22,21,17,23,20,1,9,12,24,11,13,16,15],[2,6,14,10,18,22,17,21,20,1,9],[2,10,6,14,18,22,17,21,20,1,12,9,24,23,11,13,16,15],[22,14,6,2,10,18,17,21,20,1,12,9],[22,18,17,21,20,6,1,10,14,9],[6,2,10,14,22,18,17,21,24,20,1,9,12,23,11,13,16,15],[2,14,6,10,18,22,17,21,20,1,11],[14,18,22,21,17,24,20,10,2,6,1,9,12,11,23,13,16,15],[2,10,22,18,21,17,24,20,14,6,1,9,11,13,16,12,23,15],[22,10,6,18,21,17,24,20,2,14,1,9,12,11,23,13,16,15],[14,18,6,10,2,22,17,21,24,20,1,9,12,11,23,13,16,15],[10,2,6,22,18,17,21,23,20,14,3,9,11],[14,2,22,10,18,21,17,20,5,6,4,9,23,11],[2,10,6,14,22,18,17,21,20,1,9],[22,6,18,21,17,24,20,10,14,2,1,9,12,11,23,15,13,16],[14,10,22,2,18,17,21,20,5,6,1,9],[22,18,17,21,20,3,6,14,10,11,1],[18,2,22,21,17,20,6,14,11,10,1],[6,18,14,2,10,22,17,21,24,20,1,9,12,23,11,13,16,15],[2,6,22,14,18,21,17,24,20,10,1,9,12,11,23,13,16,15],[22,14,2,18,17,21,24,20,6,10,1,9,12,11,23,13,16,15],[6,18,10,2,14,22,21,17,24,20,1,9,12,23,11,13,16,15],[10,14,18,2,22,17,21,24,20,6,1,9,11,13,16,12,23,15],[6,18,14,22,21,17,20,4,10,2,12,9,24,11,23,1,13,16],[22,14,2,10,18,21,17,20,7,6,4,9,15,16],[10,18,22,21,17,24,20,2,14,6,1,9,12,11,23,13,16,15],[14,6,22,10,2,18,17,21,20,4,11],[2,6,18,22,17,21,23,20,9,14,10,1,12,24,11,13,16,19],[10,18,2,14,6,22,17,21,19,24,20,1,9,12,11,23,13,16],[10,6,18,22,17,21,24,20,2,14,1,9,12,11,23,13,16,15],[14,22,6,10,18,21,17,20,2,4,9,23,11,16],[14,22,18,17,21,24,20,10,6,2,1,9,12,11,23,13,16,15],[18,22,17,21,19,24,20,6,14,10,2,1,9,12,11,23,16],[6,2,18,10,22,17,21,20,14,1,11],[10,14,2,6,18,22,21,17,24,20,1,9,12,23,11,13,16,15],[6,18,2,14,10,22,17,21,24,20,1,9,12,23,11,13,16,15],[18,22,21,17,24,20,6,2,14,10,1,9,12,11,23,13,16,15],[2,14,10,6,22,18,17,21,20,1,12,9,24,11,23,13,15,16],[18,10,22,17,21,20,6,14,1,11],[2,14,6,22,10,18,17,21,19,24,20,1,9,12,11,23,13,16],[14,2,6,18,22,21,17,20,10,1,9],[10,22,14,2,18,21,17,24,20,6,1,9,12,23,11,13,16,15],[6,2,14,10,18,22,21,17,24,20,1,9,12,23,11,13,16,15],[6,10,18,22,21,17,24,20,2,14,1,9,12,11,23,13,16,15],[6,18,2,22,17,21,20,10,13,14,4,11],[2,22,6,18,21,17,24,20,10,14,1,9,12,23,11,15,13,16],[22,6,10,14,2,18,17,21,24,19,20,1,9,12,11,23,13,16],[6,2,18,14,22,17,21,24,20,10,1,9,12,23,11,13,16,15],[6,22,2,10,18,17,21,20,15,14,1,11],[6,10,14,22,18,17,21,20,2,4,12,9,24,23,11,1,13,16],[18,10,22,17,21,24,20,6,14,2,1,9,12,11,23,13,16,15],[18,22,17,21,20,14,10,2,6,4,12,9,24,11,23,1,13,16],[22,18,21,17,20,4,5,10,13,14,6,2,11],[10,14,6,22,2,18,17,21,19,24,20,1,9,12,11,23,13,16],[14,18,6,22,21,17,24,20,2,10,1,9,12,23,11,13,16,15],[14,18,2,22,17,21,24,20,10,6,1,9,12,11,23,13,16,15],[18,10,14,6,22,17,21,20,2,4,9,12,24,23,11,1,16,13],[22,6,2,10,18,17,21,23,20,14,1,9,11],[2,6,10,14,22,18,21,17,20,1,9],[22,18,21,17,20,14,9,2,6,10,1],[14,10,2,18,6,22,17,21,24,20,1,9,12,23,11,13,16,15],[14,22,2,10,18,17,21,24,20,6,1,9,12,23,11,13,16,15],[22,6,18,21,17,20,10,13,14,2,4,11],[6,10,2,14,18,22,17,21,24,20,1,12,9,11,23,13,16,15],[2,6,22,14,10,18,21,17,24,20,1,9,12,23,11,13,16,15],[14,6,22,18,17,21,24,20,10,2,1,9,12,11,23,13,16,15],[18,10,14,2,6,22,21,17,20,3,12,9,23,24,11,13,16,15],[2,18,22,17,21,24,20,10,6,14,1,12,9,23,11,13,16,15],[14,18,10,6,2,22,21,17,20,3,12,9,24,11,23,13,16,15],[10,22,18,17,21,24,20,14,2,6,1,9,12,23,11,13,16,15],[18,10,22,21,17,24,20,14,2,6,1,9,12,11,23,13,16,15],[22,14,18,21,17,24,20,6,10,2,1,9,12,23,11,16,13,15],[14,10,6,22,18,21,17,20,2,1,12,9],[14,22,2,6,18,17,21,20,9,10,1],[6,22,14,2,10,18,21,17,20,4,9,24,12,11,23,1,13,16],[2,18,22,17,21,23,20,10,14,6,1,9,12,24,11,13,16,15],[18,2,22,21,17,20,5,10,15,14,6,4,9,13,24,16,23,12,11,1],[10,14,18,2,6,22,17,21,20,1,9],[10,14,18,2,22,21,17,24,20,6,1,9,12,23,11,13,16,15],[2,18,22,17,21,24,20,6,14,10,1,9,12,23,11,13,16,15],[22,18,21,17,24,19,20,6,10,14,2,1,9,12,11,23,13,16],[2,10,14,6,18,22,17,21,24,20,1,11,9,16,12,23,13,15],[2,10,18,22,17,21,20,6,13,14,1,12,9],[10,2,22,14,18,21,17,24,20,6,1,9,12,23,11,13,16,15],[6,22,2,18,21,17,20,14,10,4,11],[14,10,22,2,6,18,21,17,24,20,1,9,12,11,23,13,16,15],[18,10,14,6,2,22,21,17,24,20,1,9,12,11,23,13,16,15],[2,10,14,22,6,18,17,21,20,3,12,9,24,23,11,13,16,15],[6,2,14,18,10,22,17,21,24,20,1,9,12,23,11,13,16,15],[2,14,10,6,22,18,21,17,20,3,9],[6,22,18,17,21,24,19,20,10,2,14,1,9,11,16,12,23],[2,22,6,10,14,18,21,17,20,3,9],[18,22,21,17,24,20,14,10,6,2,1,9,12,11,23,13,16,15],[14,18,10,6,22,21,17,24,20,2,1,9,12,11,23,13,16,15],[10,2,6,18,14,22,17,21,24,20,1,9,11,13,16,12,23,15],[6,10,18,22,21,17,24,20,2,14,1,9,12,23,11,13,16,15],[2,22,6,10,18,17,21,24,20,14,1,9,12,23,11,13,16,15],[22,2,10,6,18,17,21,20,14,1,12,9,24,23,11,13,16,15],[6,14,22,10,18,21,17,24,20,2,1,9,11,16,12,23,13,15],[22,18,21,17,20,5,11,2,15,14,6,10,1],[6,22,2,14,10,18,21,17,20,3,12,11],[14,6,10,22,2,18,17,21,20,4,12,11,24,9,23,1,13,16],[2,18,10,14,22,17,21,20,6,1,9],[14,6,2,22,10,18,17,21,20,4,12,9,24,11,23,1,13,16],[2,22,6,14,10,18,17,21,24,20,1,9,11,16,12,23,13,15],[18,14,2,6,22,21,17,20,10,1,11],[22,18,21,17,20,10,14,6,2,3,9],[22,2,14,10,6,18,21,17,20,1,12,9],[10,6,18,2,22,21,17,24,20,14,1,9,12,11,23,13,15,16],[14,6,2,18,22,21,17,20,10,1,12,9,24,11,23,13,16,15],[6,10,14,2,18,22,21,17,24,20,1,9,12,23,11,13,16,15],[18,22,21,17,20,1,6,9,14,10],[6,14,18,2,10,22,17,21,20,1,11],[2,22,14,10,6,18,21,17,24,20,1,9,12,11,23,13,16,15],[18,10,6,2,14,22,17,21,20,3,9],[14,10,18,2,22,17,21,24,20,6,1,9,12,11,23,13,16,15],[10,22,18,17,21,20,14,6,2,4,9,23,12,24,11,1,13,16],[18,10,14,2,22,17,21,20,5,6,3,9],[22,6,18,21,17,20,2,14,10,3,9],[2,6,14,18,22,17,21,24,20,10,1,9,11,13,16,12,23,15],[2,6,22,10,14,18,17,21,20,1,9],[22,14,2,6,10,18,17,21,24,20,1,9,12,23,11,13,16,15],[22,10,18,17,21,20,15,14,2,5,6,4,9,13,24,16,23,12,11,1],[6,18,10,14,22,17,21,24,20,2,1,11,9,13,15,16,23,12],[10,14,6,18,22,17,21,24,20,2,1,9,12,11,23,13,16,15],[18,2,6,22,21,17,20,9,15,14,10,3,16],[18,6,2,14,10,22,21,17,20,3,9],[14,2,22,18,21,17,20,10,6,1,11],[10,2,14,6,22,18,17,21,24,20,1,9,12,23,11,13,16,15],[22,6,18,21,17,24,20,14,10,2,1,9,12,23,11,13,16,15],[6,18,10,14,2,22,17,21,23,20,4,9,12,24,11,1,13,16],[14,6,10,2,22,18,17,21,20,4,12,9,24,11,23,1,15,13,16],[18,22,17,21,20,10,6,14,2,4,11],[6,14,10,22,18,17,21,24,20,2,1,9,12,23,11,13,16,15],[18,2,22,17,21,24,20,10,14,6,1,9,12,11,23,13,16,15],[14,22,2,10,6,18,21,17,24,20,1,9,12,23,11,13,16,15],[14,22,10,6,2,18,21,17,20,1,11],[6,18,2,10,22,17,21,20,14,4,9,12,24,23,11,1,13,16],[14,22,6,2,18,17,21,20,10,1,11],[18,22,21,17,24,20,14,6,2,10,1,9,12,23,11,13,16,15],[10,6,14,2,22,18,17,21,24,20,4,9,11,1,16,12,23,19],[6,10,2,14,18,22,21,17,24,20,1,9,12,23,11,13,16,15],[18,2,6,22,21,17,20,10,14,1,12,9],[18,10,22,21,17,24,20,14,6,2,1,9,12,11,23,13,16,15],[22,2,14,18,21,17,24,20,10,6,1,9,12,11,23,13,16,15],[6,22,2,10,14,18,17,21,20,1,12,9],[6,18,10,22,21,17,20,13,14,2,1,9],[10,18,2,6,22,21,17,24,20,14,1,9,12,11,23,13,16,15],[14,18,2,6,10,22,21,17,20,1,9],[14,10,2,6,18,22,21,17,20,3,9],[2,14,22,10,18,17,21,24,20,6,1,9,11,13,15,16,23,12],[18,14,2,22,21,17,24,20,6,10,1,9,11,13,15,16,23,12],[18,10,6,2,22,21,17,20,13,14,1,9],[10,18,2,14,6,22,17,21,20,1,12,9],[10,22,2,14,6,18,17,21,20,1,12,9],[10,18,2,14,22,21,17,24,20,6,1,9,12,11,23,13,16,15],[14,6,18,2,22,21,17,20,10,1,12,9,24,23,11,13,16,15],[6,14,10,2,18,22,17,21,20,1,9],[18,2,6,22,21,17,24,20,10,14,1,9,12,11,23,13,16,15],[2,14,22,6,10,18,17,21,24,20,1,9,12,23,11,13,16,15],[22,14,18,21,17,24,20,2,10,6,1,9,11,16,12,23,13,15],[18,6,14,10,2,22,21,17,20,1,9],[22,10,6,18,17,21,20,2,13,14,4,9,24,12,23,11,1,16],[22,18,17,21,20,14,2,10,7,6,4,9,13,24,12,23,11,1,15,16],[6,2,18,10,22,17,21,24,20,14,1,9,12,11,23,13,16,15],[14,18,22,17,21,24,20,2,10,6,1,9,11,16,12,23,19],[18,14,22,17,21,20,12,10,4,6,3,11],[14,6,2,10,22,18,17,21,20,4,12,9,24,11,23,1,13,16],[14,22,18,21,17,24,20,2,10,6,1,9,12,23,11,13,16,15],[14,18,22,17,21,24,20,10,2,6,1,9,12,23,11,13,16,15],[22,18,17,21,20,2,5,14,10,6,1,12,9],[22,14,10,2,6,18,17,21,24,20,1,9,12,23,11,13,16,15],[22,14,6,10,18,17,21,24,20,2,1,9,11,13,16,12,23,15],[2,6,14,18,10,22,21,17,20,1,11],[6,18,22,21,17,24,20,2,14,10,1,9,12,11,23,13,16,15],[22,6,10,2,14,18,21,17,24,20,1,9,12,11,23,13,16,15],[2,6,22,14,10,18,21,17,20,1,9],[2,14,10,22,6,18,21,17,20,4,9,13,23,11,1],[2,10,6,18,22,21,17,20,16,14,1],[22,14,10,18,21,17,24,20,2,6,1,9,11,13,15,16,23,12],[14,2,6,18,10,22,17,21,24,20,1,9,12,23,11,13,16,15],[6,22,2,10,14,18,21,17,20,1,12,9],[18,2,14,6,10,22,17,21,20,3,12,9,24,23,11,13,16,15],[6,2,10,18,14,22,17,21,24,20,1,9,12,23,11,13,16,15],[2,6,14,18,10,22,17,21,24,20,1,9,12,23,11,13,16,15],[14,6,2,22,10,18,21,17,20,1,9],[10,18,2,6,14,22,17,21,24,20,1,9,12,23,11,13,16,15],[22,2,14,6,18,21,17,20,10,1,9],[14,22,6,2,10,18,21,17,20,1,12,9],[6,18,10,22,21,17,20,14,2,1,12,9],[10,14,2,6,18,22,17,21,20,1,9],[10,2,18,22,17,21,24,20,14,6,1,12,9,11,23,13,15,16],[22,6,2,10,18,17,21,20,14,4,12,9,24,23,11,1,15,13,16],[18,22,21,17,20,13,14,3,12,10,6,9,23,24,11,16,2,15],[6,10,14,22,18,17,21,20,1,12,9,24,11,23,13,16,15],[18,10,6,22,21,17,20,14,2,4,9,16],[10,18,14,22,17,21,20,1,5,6,11],[10,22,18,21,17,24,20,6,2,14,1,9,12,11,23,13,16,15],[22,2,6,10,18,17,21,20,13,14,1,12,9,23,24,11,16,15],[10,22,14,2,6,18,17,21,24,20,1,9,12,23,11,13,15,16],[14,18,10,6,22,17,21,20,2,1,9],[22,10,2,14,18,21,17,20,6,1,12,11],[22,10,6,18,17,21,23,20,14,2,4,9,12,24,11,1,13,15,16],[18,10,22,17,21,20,14,2,6,3,11],[22,14,6,18,17,21,20,10,2,3,12,11],[18,2,6,14,22,17,21,20,9,10,3],[2,22,14,6,18,21,17,24,20,10,1,9,12,11,23,13,16,15],[10,2,18,22,21,17,20,6,14,1,12,9,24,11,23,15,13,16],[22,10,2,6,14,18,21,17,24,20,1,9,12,23,11,13,16,15],[14,22,18,21,17,20,6,2,10,4,9,13,24,11,16,3,12,23],[14,6,10,2,18,22,21,17,20,3,12,9,24,11,23,13,16,15],[18,22,17,21,20,13,14,2,6,10,4,11,9],[10,2,18,14,22,17,21,24,20,6,1,9,12,11,23,13,16,15],[18,2,10,22,21,17,20,14,7,6,4,9,11],[18,14,10,22,21,17,24,20,6,2,1,9,12,23,11,13,16,15],[10,14,18,6,22,21,17,23,20,2,1,9,12,24,11,16,19],[22,2,14,10,6,18,17,21,24,20,1,9,12,11,23,13,16,15],[14,18,2,22,17,21,19,24,20,10,6,1,9,12,11,23,13,16],[14,2,18,10,22,21,17,20,5,6,1,9],[14,22,6,2,18,21,17,20,11,12,10,1],[6,10,18,2,22,21,17,20,14,1,11],[18,6,14,22,17,21,24,20,2,10,1,9,12,23,11,13,16,15],[22,10,2,14,18,17,21,20,6,1,9],[6,14,10,22,18,21,17,24,20,2,1,9,12,23,11,13,16,15],[22,2,10,18,17,21,24,20,6,14,1,9,12,23,11,13,16,15],[2,6,22,14,18,17,21,23,20,10,1,9,11],[18,6,22,21,17,20,12,10,1,13,14,9,24,23,11,16,15],[6,14,18,10,2,22,17,21,20,12,4,9,24,23,11,1,13,16],[18,2,22,21,17,20,6,13,14,10,1,11],[2,18,10,13,14,6,22,17,21,24,20,1,9,12,23,11,16,15],[2,22,18,21,17,20,9,6,14,10,1],[22,18,21,17,24,20,14,6,2,10,1,9,12,11,23,16,13,15],[18,14,10,2,22,21,17,20,5,6,1],[2,6,18,14,22,17,21,20,9,10,1],[10,14,18,6,22,17,21,24,20,2,1,9,12,23,11,13,16,15],[6,2,18,14,22,21,17,20,10,4,12,9,23,24,11,1,13,16],[18,22,21,17,24,20,6,14,2,10,1,9,12,23,11,13,16,15],[2,14,6,10,22,18,21,17,24,20,1,9,12,23,11,13,16,15],[18,2,6,10,14,22,17,21,20,1,12,11],[2,22,10,18,21,17,20,6,16,14,4,9],[22,2,14,18,21,17,20,10,6,4,11],[2,10,14,6,18,22,21,17,24,20,1,9,11,16,12,23,13,15],[10,18,14,6,2,22,17,21,24,20,1,12,9,23,11,13,16,15],[6,10,22,14,18,21,17,20,1,9],[14,18,2,6,22,21,17,24,20,10,1,9,12,23,11,13,16,15],[10,22,18,21,17,24,20,14,6,2,1,9,11,16,12,23,13,15],[6,14,22,2,10,18,17,21,24,20,1,9,11,13,16,12,23,15],[22,6,18,21,17,19,24,20,10,2,14,1,9,12,23,11,13,16],[14,18,22,17,21,20,6,10,1,9],[10,18,22,21,17,24,20,6,2,14,1,9,11,16,12,23,13,19],[22,10,18,21,17,24,20,6,2,14,1,9,12,23,11,13,16,15],[6,18,10,14,22,21,17,24,20,2,1,9,11,13,16,12,23,15],[22,18,17,21,24,20,14,6,10,2,1,9,12,23,11,13,16,15],[2,6,14,10,18,22,17,21,20,1,9],[6,14,22,2,18,21,17,24,20,10,1,9,12,11,23,13,16,15],[10,14,2,18,22,21,17,20,6,1,9],[2,18,6,22,17,21,24,20,14,10,1,9,12,23,11,13,16,15],[14,10,2,18,6,22,21,17,24,20,1,9,12,23,11,13,16,15],[18,14,22,21,17,20,5,10,2,6,4,9,11],[14,6,22,10,18,21,17,24,20,2,1,9,12,23,11,13,16,15],[14,10,18,22,17,21,24,20,6,2,1,9,12,23,11,13,16,15],[18,6,10,22,17,21,20,14,2,4,11],[22,14,6,2,10,18,17,21,20,1,9],[2,14,6,10,18,22,21,17,20,1,9],[14,6,22,18,17,21,20,10,2,1,9],[14,22,6,10,2,18,17,21,24,20,1,9,12,11,23,16,13,15],[18,14,2,22,21,17,24,20,10,6,1,9,11,13,16,12,23,15],[14,22,10,18,17,21,24,20,2,6,1,9,12,23,11,13,16,15],[6,22,18,17,21,24,20,10,2,14,1,9,12,23,11,13,16,15],[6,2,22,18,21,17,24,20,10,13,14,1,9,12,11,23,16,15],[22,18,21,17,24,20,6,2,14,10,1,9,12,23,11,13,16,15],[18,2,6,10,14,22,17,21,24,20,1,9,11,13,16,12,23,15],[6,22,2,18,21,17,24,20,14,10,1,9,12,11,23,13,16,15],[14,18,22,17,21,24,20,2,10,6,1,9,12,11,23,15,13,16],[18,22,17,21,20,14,2,9,5,6,10,4,15,16],[10,18,2,6,22,17,21,24,20,14,1,9,12,23,11,13,16,15],[18,6,14,2,10,22,21,17,20,1,12,9,24,23,11,13,16,15],[14,18,22,17,21,24,20,10,2,6,1,9,12,11,23,13,16,15],[6,10,22,2,14,18,21,17,24,20,1,9,12,23,11,16,19],[10,14,2,18,22,21,17,20,5,6,1,11],[6,22,14,18,21,17,24,20,2,10,1,9,12,11,23,13,16,15],[14,10,2,22,18,21,17,24,20,6,1,9,12,23,11,13,16,15],[6,10,14,22,18,21,17,20,2,4,11],[10,6,2,18,22,17,21,20,14,3,11],[10,22,6,18,17,21,24,20,14,2,1,9,11,13,15,16,23,12],[2,18,6,14,22,17,21,20,10,1,9],[10,6,2,18,22,17,21,24,20,14,1,9,12,23,11,13,16,15],[10,14,18,2,22,17,21,20,6,3,9],[2,10,6,22,14,18,21,17,20,4,12,9,23,24,11,1,13,16],[14,2,18,22,17,21,24,20,9,10,6,1,11,16,12,23,13,15],[6,18,22,17,21,24,20,10,2,14,3,9,12,11,23,13,16,15],[6,14,10,2,22,18,17,21,24,20,1,9,12,11,23,13,16,15],[14,2,10,18,6,22,21,17,20,1,9],[22,6,14,10,18,17,21,20,3,9,12,24,23,11,2,13,16,15],[18,10,6,14,2,22,21,17,19,24,20,1,9,12,11,23,13,16],[2,6,18,22,21,17,24,20,14,10,1,9,12,23,11,13,15,16],[6,22,18,21,17,20,15,14,9,4,10,2,13,24,16,23,12,11,1],[10,18,14,22,17,21,24,19,20,2,6,1,9,12,11,23,15,13,16],[10,18,6,2,14,22,17,21,24,20,1,9,12,23,11,13,16,15],[14,22,6,2,18,21,17,20,10,4,11],[14,6,2,18,10,22,17,21,24,20,1,9,12,23,11,13,16,15],[2,6,14,22,18,17,21,24,20,10,1,9,12,11,23,13,15,16],[18,14,10,22,21,17,24,19,20,6,2,1,9,12,23,11,13,16],[2,10,14,18,6,22,21,17,20,3,12,11],[22,14,18,21,17,20,10,2,7,8,6,3,11],[22,14,6,2,10,18,21,17,24,20,1,9,12,23,11,13,16,15],[6,18,10,22,21,17,20,14,2,1,11],[22,6,14,10,18,21,17,20,1,11],[18,14,2,22,21,17,24,20,6,10,1,9,12,11,23,16,13,15],[22,14,2,10,6,18,17,21,19,24,20,3,9,12,23,11,13,15,16],[14,6,2,10,18,22,21,17,24,20,1,9,12,23,11,13,16,15],[22,14,2,6,10,18,21,17,24,20,1,9,12,11,23,13,16,15],[22,6,14,2,18,21,17,20,10,3,11],[22,6,2,10,18,21,17,20,14,1,9],[14,2,6,18,22,21,17,24,20,10,1,9,12,11,23,13,16,15],[14,6,18,2,10,22,21,17,20,4,12,9,24,23,11,1,13,16],[22,10,2,14,6,18,17,21,20,1,11],[14,22,10,2,6,18,17,21,20,3,12,11],[10,18,2,14,6,22,17,21,20,3,9],[6,22,10,14,18,21,17,20,2,4,11],[6,22,2,18,17,21,20,11,13,14,12,10,1],[6,18,10,2,22,17,21,24,20,14,1,9,12,11,23,13,16,15],[22,10,14,18,17,21,24,20,6,2,1,9,12,23,11,13,16,19],[10,2,18,22,17,21,24,19,20,6,14,1,9,12,23,11,13,16],[6,2,10,14,18,22,21,17,20,4,9,11],[10,22,6,14,2,18,21,17,20,3,11],[14,10,6,18,22,21,17,24,20,2,1,9,12,23,11,13,16,15],[18,2,6,22,21,17,20,14,10,1,9],[6,18,22,17,21,20,2,10,14,4,11],[22,18,21,17,19,24,20,6,10,2,14,1,9,12,23,11,16],[10,18,14,6,22,21,17,24,20,2,1,9,12,23,11,16,13,15],[10,14,18,6,22,17,21,20,2,4,11],[22,14,10,18,21,17,24,19,20,6,2,1,11,9,16,12,23],[22,18,21,17,20,7,2,14,10,6,1,11],[2,18,6,22,17,21,24,20,14,10,1,9,12,23,11,13,15,16],[18,22,21,17,24,20,14,10,6,2,1,9,12,11,23,13,16,15],[6,14,2,22,18,17,21,20,11,10,1],[22,2,18,17,21,24,20,10,14,6,1,9,12,23,11,13,16,15],[2,6,14,22,18,17,21,20,9,10,4,12,24,11,23,1,13,16],[2,6,18,10,14,22,21,17,20,1,9],[18,2,10,6,22,21,17,20,14,1,12,9,23,24,11,13,16,15],[18,6,22,21,17,19,24,20,14,10,2,1,9,12,23,11,13,16],[14,6,22,18,21,17,20,9,2,10,1],[6,18,2,14,22,17,21,24,20,10,1,9,11,13,16,12,23,15],[14,22,10,18,17,21,24,20,6,2,1,9,12,11,23,13,16,15],[22,2,6,14,18,17,21,24,20,10,1,9,12,23,11,13,16,15],[14,18,22,21,17,20,5,3,9,10,6,2],[22,10,6,14,2,18,17,21,23,20,1,11],[6,22,14,2,10,18,17,21,20,1,9],[18,2,14,6,22,17,21,24,20,10,1,9,12,11,23,13,15,16],[6,10,2,18,14,22,21,17,20,4,9,24,12,23,11,1,13,16],[2,6,18,14,22,21,17,20,10,4,12,11,24,9,23,1,13,16],[10,22,2,18,17,21,24,20,6,14,1,9,12,23,11,13,16,15],[14,6,10,18,2,22,17,21,24,20,1,9,12,11,23,16,13,15],[10,2,22,6,14,18,17,21,20,1,9],[6,2,10,22,14,18,21,17,20,1,9],[14,18,6,22,21,17,20,10,2,4,9,12,24,23,11,1,13,16],[14,2,22,10,18,17,21,24,20,6,1,9,11,13,16,12,23,15],[10,2,6,14,22,18,17,21,20,4,9,16],[18,22,21,17,24,20,6,10,14,2,1,9,12,11,23,13,16,15],[18,2,6,22,21,17,23,20,14,10,1,11],[22,2,14,10,6,18,21,17,20,4,9,24,12,11,23,1,13,15,16],[6,10,2,14,22,18,21,17,20,1,11],[14,2,10,18,6,22,21,17,20,1,9],[2,6,18,14,10,22,17,21,24,20,1,9,12,23,11,13,16,15],[14,6,2,18,22,17,21,20,10,3,9],[22,2,14,6,18,21,17,20,9,10,4,11],[2,10,18,14,6,22,21,17,20,1,9],[22,14,10,18,17,21,20,4,6,2,9,11],[10,18,2,14,6,22,17,21,24,20,1,9,12,23,11,13,16,15],[14,6,10,18,2,22,17,21,24,20,1,9,12,23,11,13,16,15],[6,2,10,18,14,22,17,21,19,24,20,1,9,12,23,11,13,16],[22,14,6,18,21,17,20,10,4,3,11],[2,14,22,18,21,17,20,5,10,6,3,9],[18,22,17,21,20,2,10,15,14,6,1,11],[6,22,18,21,17,24,20,10,2,14,1,9,12,23,11,13,15,16],[10,2,22,14,18,21,17,20,6,1,12,9,24,23,11,13,16,15],[6,14,10,2,18,22,17,21,24,20,1,9,12,11,23,13,16,15],[22,2,14,18,21,17,24,20,6,10,1,9,12,23,11,13,16,15],[18,2,22,21,17,24,20,14,10,6,1,9,12,23,11,13,16,15],[10,18,2,6,14,22,17,21,20,4,12,9,23,24,11,1,13,16],[18,2,10,22,21,17,24,20,14,6,1,9,12,11,23,13,16,15],[22,6,14,10,18,17,21,24,20,2,1,9,12,11,23,13,16,15],[2,18,22,17,21,24,20,6,14,10,1,9,12,11,23,13,16,15],[18,22,21,17,24,20,14,2,6,10,1,9,12,11,23,13,16,15],[6,2,14,18,10,22,21,17,24,19,20,1,9,12,11,23,13,16],[22,10,14,2,18,21,17,24,20,6,1,9,11,13,15,16,23,12],[10,14,22,2,6,18,21,17,20,1,12,9],[14,6,2,18,22,21,17,20,10,1,9],[2,10,22,14,18,17,21,20,6,3,12,9,24,23,11,13,16,15],[22,2,6,14,10,18,21,17,24,20,1,9,12,23,11,13,16,15],[6,2,18,10,14,22,17,21,20,1,11],[22,6,14,2,10,18,17,21,20,4,9,12,23,24,11,1,16,13],[22,6,14,2,10,18,21,17,24,20,1,9,12,23,11,13,16,15],[10,18,14,22,21,17,24,19,20,6,2,1,9,12,23,11,13,16],[18,10,6,22,17,21,23,20,14,2,1,9,12,24,11,13,16,15],[18,14,6,10,2,22,17,21,20,1,9],[6,22,14,18,17,21,19,24,20,2,10,1,9,12,23,11,13,16],[10,22,6,14,18,17,21,24,20,2,1,9,12,23,11,13,16,15],[22,14,6,2,18,17,21,24,20,10,1,9,12,11,23,13,16,15],[18,14,22,21,17,24,20,10,6,2,1,9,12,11,23,13,15,16],[14,18,6,10,2,22,21,17,23,20,1,9,12,24,11,13,16,15],[6,22,18,21,17,20,14,2,10,4,12,9,23,24,11,1,13,15,16],[6,14,18,10,22,17,21,20,1,9],[22,14,2,10,6,18,21,17,24,20,1,9,12,11,23,13,15,16],[6,10,22,18,21,17,20,1,14,9],[6,18,14,10,2,22,21,17,24,20,1,9,11,13,16,12,23,15],[10,14,22,6,18,21,17,20,2,4,12,9,24,23,11,1,13,16],[14,22,6,2,10,18,21,17,24,20,1,9,12,23,11,13,16,19],[14,10,18,2,22,21,17,20,5,6,4,11],[18,10,2,6,22,17,21,20,14,3,9],[10,22,14,2,18,21,17,24,19,20,6,1,9,11,16,12,23],[18,22,17,21,20,14,2,9,5,10,6,1],[18,2,14,10,6,22,21,17,24,20,1,9,11,16,12,23,13,15],[22,2,14,6,18,17,21,20,9,10,3],[18,2,22,17,21,24,20,6,14,10,1,9,11,13,16,12,23,15],[18,22,17,21,24,20,2,6,14,10,1,9,12,23,11,16,13,15],[2,18,22,21,17,20,10,5,16,6,15,14,3,11],[22,18,17,21,19,24,20,2,10,6,14,1,9,12,23,11,13,16],[6,14,10,22,18,17,21,24,20,2,1,9,12,11,23,13,16,15],[18,22,17,21,20,10,2,6,13,14,4,9,24,12,23,11,16,1],[2,10,6,22,14,18,17,21,20,4,11],[14,2,22,18,17,21,24,20,6,10,1,9,12,23,11,13,16,15],[14,22,10,2,18,17,21,20,6,1,12,9,23,24,11,13,15,16],[2,10,22,18,21,17,20,14,6,3,11],[10,18,14,22,17,21,20,2,6,4,9,23,12,24,11,1,13,16],[10,22,14,6,18,21,17,20,1,11],[18,22,17,21,24,20,6,10,14,2,1,9,11,13,16,12,23,15],[22,14,18,17,21,19,24,20,6,10,2,1,9,12,23,11,13,16],[22,14,2,18,17,21,24,20,6,10,1,9,12,23,11,13,16,15],[10,18,2,6,14,22,21,17,20,3,9],[14,6,22,2,10,18,21,17,20,1,12,9],[14,2,6,10,18,22,17,21,20,1,9],[22,14,10,6,18,17,21,24,20,2,1,9,12,11,23,13,16,15],[6,22,2,18,21,17,24,20,14,10,1,9,12,23,11,13,16,15],[22,14,18,17,21,20,10,7,2,6,1,9],[2,6,10,14,22,18,21,17,24,20,1,9,12,11,23,13,16,15],[22,18,17,21,24,20,9,10,14,6,2,1,12,11,23,13,16,15],[22,6,10,18,17,21,24,20,14,2,1,12,9,23,11,13,16,15],[18,22,17,21,23,20,6,10,14,2,1,9,16],[14,2,10,6,18,22,17,21,20,1,9],[18,2,22,21,17,24,20,10,14,6,1,9,12,23,11,13,16,15],[10,6,2,22,14,18,21,17,24,20,1,9,11,13,16,12,23,15],[18,14,22,17,21,20,12,9,10,2,6,24,1,23,11,13,15,16],[14,22,10,6,18,17,21,24,20,2,1,9,12,23,11,13,16,15],[10,6,22,14,18,21,17,20,2,3,9],[18,6,10,22,21,17,24,20,2,14,1,9,12,11,23,13,15,16],[14,22,2,6,18,17,21,24,20,10,1,9,12,23,11,13,16,15],[10,18,14,2,22,17,21,24,19,20,6,1,9,12,23,11,13,16],[22,14,6,18,17,21,20,2,10,1,11],[22,6,2,18,17,21,20,10,16,14,4,9],[2,14,10,22,6,18,21,17,20,4,9,11],[18,10,14,22,21,17,20,6,1,11],[22,18,17,21,24,20,2,6,10,14,1,9,12,11,23,13,16,15],[10,18,22,21,17,24,20,6,2,14,1,12,9,23,11,13,16,15],[10,2,22,14,18,21,17,24,20,6,1,9,12,23,11,13,16,15],[10,22,2,6,18,21,17,24,20,14,1,11,9,16,12,23,13,15],[22,18,21,17,20,10,2,6,14,1,9],[18,10,2,22,21,17,20,6,13,14,1,9],[22,2,18,17,21,20,10,6,14,1,9],[6,10,18,14,22,17,21,24,20,2,1,9,12,23,11,13,16,15],[2,6,10,18,14,22,21,17,20,1,12,9],[18,6,10,22,21,17,24,20,2,14,1,9,11,15,13,16,23,12],[2,6,10,18,14,22,21,17,20,3,12,9,24,11,23,13,16,15],[2,22,10,14,6,18,17,21,24,20,1,12,9,23,11,13,16,15],[2,6,14,22,18,17,21,20,10,3,11],[18,2,22,21,17,20,10,14,6,4,9,24,12,11,23,1,13,16],[18,14,6,10,2,22,17,21,24,20,1,12,9,11,23,13,16,15],[18,22,17,21,20,10,2,6,13,14,1,9],[6,10,2,22,14,18,17,21,20,3,9],[22,14,10,6,2,18,21,17,20,1,11],[22,2,18,17,21,24,20,10,14,6,1,9,12,11,23,13,16,19],[10,2,14,18,22,17,21,24,20,6,1,9,12,11,23,13,16,15],[18,10,22,21,17,24,20,2,6,14,1,9,12,23,11,13,16,15],[18,6,14,10,22,21,17,20,2,1,9],[6,18,22,21,17,24,20,10,2,14,1,9,12,11,23,13,15,16],[18,2,22,21,17,24,20,14,10,6,1,9,12,23,11,13,15,16],[10,18,2,14,6,22,17,21,24,20,1,9,12,11,23,13,16,15],[6,2,14,22,10,18,17,21,20,3,12,9,23,24,11,13,16,15],[14,10,22,6,18,21,17,24,20,2,1,9,12,11,23,13,15,16],[22,14,10,18,21,17,20,6,2,4,11],[18,6,22,17,21,20,3,14,11,9,10],[10,14,2,22,6,18,17,21,20,3,11],[14,18,2,10,6,22,21,17,19,24,20,1,9,12,11,23,13,16],[6,22,14,10,18,17,21,23,20,2,1,9,12,24,11,13,16,15],[22,2,10,14,6,18,17,21,20,1,11],[18,2,22,21,17,24,20,6,10,14,1,9,11,16,12,23,13,15],[6,14,10,18,2,22,17,21,24,20,1,9,11,16,12,23,19],[18,10,22,17,21,20,14,2,6,1,12,11],[22,14,10,6,18,17,21,24,20,2,1,9,12,23,11,13,16,15],[14,10,18,2,22,17,21,24,20,6,1,9,12,11,23,13,16,15],[10,2,6,14,18,22,17,21,24,20,1,9,12,23,11,13,16,15],[2,6,10,22,18,21,17,20,14,1,9],[6,18,2,14,22,17,21,24,20,10,1,9,11,13,16,12,23,15],[2,10,6,22,14,18,21,17,24,20,1,9,11,15,13,16,23,12],[2,6,14,22,18,21,17,24,20,10,1,12,9,23,11,13,16,15],[18,6,2,10,14,22,21,17,20,3,9],[10,18,6,14,22,21,17,24,20,2,1,9,12,23,11,13,16,15],[18,6,10,2,14,22,21,17,23,20,1,9,12,24,11,13,16,15],[18,2,10,6,22,17,21,24,20,14,1,9,11,13,15,16,23,12],[14,22,2,18,17,21,24,20,10,6,1,9,12,11,23,13,16,15],[14,18,6,22,21,17,20,9,2,10,3],[14,2,18,10,6,22,17,21,20,1,12,9],[2,22,6,18,21,17,20,16,9,10,14,1],[22,18,21,17,24,20,2,6,10,14,1,9,12,23,11,13,16,15],[6,14,2,18,22,17,21,24,20,10,1,9,12,23,11,13,16,15],[6,10,18,22,21,17,20,14,2,1,11],[22,2,10,14,18,17,21,24,20,6,1,9,12,23,11,16,13,15],[18,2,6,22,17,21,20,10,14,3,11],[14,10,6,22,2,18,21,17,19,24,20,1,9,11,13,16,12,23],[2,6,22,14,10,18,21,17,24,20,1,9,12,23,11,13,16,15],[14,18,6,10,22,17,21,20,1,9],[6,18,22,17,21,20,14,2,10,4,9,24,12,23,11,1,13,15,16],[6,10,18,14,2,21,22,17,20,1,11],[22,10,2,14,6,18,17,21,24,20,1,9,11,16,12,23,13,15],[14,22,18,17,21,24,20,10,6,2,1,9,12,11,23,13,16,15],[6,2,18,10,14,22,21,17,20,1,9],[18,6,14,2,22,17,21,19,24,20,10,1,9,12,23,11,13,16],[18,10,14,6,2,22,21,17,24,20,1,9,11,13,16,12,23,15],[10,18,2,14,6,22,17,21,20,1,9],[6,14,22,18,17,21,24,20,2,10,1,9,12,11,23,13,16,15],[22,18,21,17,24,20,10,2,14,6,1,9,12,23,11,13,16,15],[10,14,6,2,22,18,21,17,24,20,1,9,12,11,23,15,13,16],[18,6,14,10,2,22,17,21,20,1,12,11],[22,18,21,17,20,2,11,6,15,14,12,10,4,23,16,9],[6,2,18,22,17,21,20,14,10,1,11],[6,18,22,17,21,24,20,14,10,2,1,9,12,23,11,13,16,15],[14,2,18,6,10,22,17,21,24,20,1,9,12,11,23,16,13,15],[14,2,22,10,6,18,21,17,24,20,1,9,12,11,23,13,16,15],[22,18,21,17,20,9,2,14,6,10,1],[22,18,21,17,20,5,10,14,1,6,9],[10,18,2,14,6,22,17,21,24,20,1,9,12,23,11,13,15,16],[18,6,14,22,17,21,24,20,10,2,1,9,12,11,23,13,16,15],[22,14,2,10,6,18,21,17,20,3,11],[22,14,18,17,21,24,20,10,2,6,1,9,12,11,23,13,16,15],[22,18,21,17,20,6,4,9,14,10,1],[14,2,22,10,6,18,21,17,20,3,9],[22,6,18,21,17,20,12,10,16,2,14,3,9],[10,22,14,18,17,21,24,20,6,2,1,9,12,11,23,13,16,15],[22,10,2,6,18,21,17,24,20,14,1,9,12,23,11,15,13,16],[22,10,2,14,18,17,21,23,20,6,1,11],[10,14,6,22,18,17,21,24,20,2,1,9,12,23,11,13,16,15],[2,18,6,22,17,21,24,20,10,14,1,9,12,11,23,13,16,15],[18,6,2,14,10,22,17,21,24,20,1,9,12,23,11,13,15,16],[10,2,6,14,18,22,17,21,24,19,20,1,9,12,11,23,13,16],[6,18,14,2,10,22,17,21,20,1,9],[18,2,10,22,17,21,24,20,6,14,1,9,12,23,11,13,16,15],[10,22,14,2,6,18,17,21,24,20,1,9,12,11,23,13,16,15],[2,18,6,10,14,22,21,17,20,3,9],[14,18,22,17,21,20,2,10,6,4,11],[6,22,18,21,17,20,16,10,1,15,14,11],[10,22,6,18,17,21,20,4,15,14,1,12,9,24,23,11,13,16],[10,18,14,6,22,21,17,24,20,2,1,9,12,11,23,13,16,15],[18,2,22,21,17,24,20,10,14,6,1,9,12,11,23,13,16,15],[18,10,6,14,2,22,17,21,24,20,1,9,11,13,15,16,23,12],[14,18,2,6,22,17,21,20,10,3,9],[18,22,17,21,20,6,14,9,2,10,4,12,24,23,11,1,13,16],[22,2,14,18,21,17,20,10,6,1,9],[6,18,14,22,17,21,20,11,4,10,2],[10,22,2,18,17,21,20,5,14,6,3,9],[14,6,2,10,22,18,17,21,20,4,12,11,24,9,23,1,13,16],[22,2,10,14,6,18,21,17,24,20,1,9,12,23,11,13,15,16],[10,22,6,14,2,18,21,17,20,4,9,24,12,23,11,1,13,15,16],[10,2,6,18,14,22,17,21,24,20,1,9,12,23,11,13,16,15],[18,2,6,10,22,21,17,24,20,14,1,9,11,15,13,16,23,12],[22,6,18,21,17,24,20,14,2,10,1,9,12,11,23,13,16,15],[2,10,18,22,17,21,20,13,14,6,3,12,9,24,11,23,16,15],[18,6,2,22,17,21,24,20,10,14,1,9,12,11,23,13,16,15],[2,18,22,17,21,24,20,14,10,6,1,9,12,23,11,13,16,15],[22,18,21,17,24,20,10,14,2,6,1,9,12,23,11,13,16,15],[22,6,2,18,21,17,24,19,20,14,10,1,9,12,23,11,13,16],[6,22,18,21,17,20,2,10,14,1,9],[6,10,2,22,14,18,21,17,20,1,12,11],[22,2,10,18,21,17,19,24,20,14,6,1,9,12,11,23,13,16],[14,22,18,21,17,24,20,6,10,2,1,9,11,16,12,23,19],[10,6,2,22,18,21,17,24,20,14,1,9,12,11,23,13,16,15],[10,6,18,22,21,17,20,13,14,2,1,11],[22,10,6,14,2,18,17,21,20,1,12,9],[22,14,18,21,17,20,6,9,2,10,1],[18,22,17,21,24,20,14,2,10,6,1,9,12,23,11,13,16,15],[18,14,10,6,2,22,17,21,20,3,11],[10,2,22,6,18,21,17,20,14,1,9],[18,6,10,2,14,22,17,21,24,20,1,9,12,11,23,13,16,15],[18,10,22,21,17,20,14,4,6,2,11],[14,2,10,6,22,18,21,17,20,1,12,9,23,24,11,13,16,15],[6,14,18,2,10,22,21,17,20,3,9],[6,18,14,10,2,22,21,17,23,20,1,9,12,24,11,16,13,15],[6,18,22,17,21,19,24,20,10,14,2,1,9,12,23,11,13,16],[22,6,10,2,18,17,21,24,20,14,1,9,12,23,11,13,15,16],[10,2,14,6,22,18,17,21,24,20,1,9,12,23,11,13,16,15],[14,18,6,22,21,17,20,11,2,10,3],[18,22,21,17,19,24,20,2,10,6,14,1,9,12,23,11,13,16],[10,14,2,18,6,22,17,21,23,20,1,9,11],[22,10,18,17,21,24,20,14,2,6,1,9,12,23,11,13,16,15],[2,10,18,5,6,22,17,21,24,20,14,1,9,12,23,11,13,16],[18,2,6,10,14,22,17,21,24,20,1,9,12,11,23,13,16,15],[10,14,2,6,22,18,21,17,20,4,9,23,12,24,11,1,13,16],[6,18,2,22,21,17,24,20,14,10,1,9,12,23,11,13,15,16],[2,22,14,10,18,21,17,24,20,6,1,9,12,23,11,13,16,15],[6,2,14,22,10,18,17,21,20,3,11],[22,18,21,17,20,2,10,6,14,3,12,9,24,11,23,13,16,15],[6,18,2,22,21,17,20,14,10,1,12,11],[6,18,10,22,21,17,24,20,14,2,1,9,12,23,11,13,16,15],[6,18,22,17,21,20,10,2,14,4,11],[6,2,22,14,18,21,17,24,20,10,1,9,12,11,23,13,16,15],[18,14,22,17,21,24,20,6,10,2,1,9,11,13,16,12,23,15],[10,2,14,6,22,18,17,21,24,20,1,9,12,11,23,13,16,15],[14,10,18,6,22,21,17,24,20,2,1,9,11,13,16,12,23,15],[14,10,6,2,22,18,21,17,20,1,9],[10,18,2,22,21,17,20,14,6,1,9],[6,14,18,22,17,21,20,10,2,4,9,23,11,16],[18,22,21,17,20,2,7,10,14,6,4,11],[18,14,22,17,21,24,20,2,6,10,1,9,11,16,23,12,13,15],[22,18,17,21,20,9,2,16,6,10,14,4],[10,14,6,2,18,22,21,17,24,20,1,9,12,23,11,13,16,15],[18,22,21,17,24,20,10,14,6,2,1,9,11,13,16,12,23,15],[10,14,22,2,18,21,17,20,5,6,3,9],[2,10,22,18,17,21,19,24,20,6,14,1,9,12,11,23,13,16],[6,22,18,17,21,20,14,1,9,10],[2,6,18,22,21,17,20,10,14,1,9],[22,2,18,21,17,20,10,14,6,1,9],[22,18,21,17,20,10,13,14,2,6,1,11],[2,6,22,14,10,18,17,21,24,20,1,9,11,16,12,23,13,15],[2,14,10,18,22,21,17,20,7,5,6,3,9],[14,10,22,6,18,21,17,24,20,2,1,9,12,11,23,13,16,15],[18,22,21,17,20,11,2,14,6,9,3,10],[6,14,2,22,18,21,17,24,20,10,1,9,12,11,23,13,16,15],[18,2,6,22,21,17,20,13,14,10,3,12,9,24,23,11,16,15],[6,22,14,10,18,21,17,24,20,2,1,9,11,13,16,12,23,15],[18,22,17,21,20,14,10,2,5,6,3,9],[14,10,18,2,22,21,17,24,20,6,1,9,12,11,23,13,16,15],[18,22,17,21,24,20,2,6,14,10,1,9,12,11,23,13,16,15],[22,14,18,17,21,20,2,7,9,10,6,4,24,12,23,11,1,13,16],[22,2,18,17,21,24,20,6,14,10,1,9,12,23,11,13,16,15],[10,22,18,17,21,24,20,6,14,2,1,9,12,11,23,13,16,15],[10,18,22,17,21,20,13,14,1,6,12,9,23,24,11,16,15],[10,2,14,22,6,18,17,21,20,1,11],[14,22,18,21,17,20,10,6,4,2,9,23,12,24,11,1,13,16],[14,10,22,2,18,21,17,24,20,6,1,9,12,23,11,13,16,15],[22,17,18,21,24,20,10,14,2,6,1,9,12,11,23,13,16,15],[2,6,14,10,18,22,17,21,20,4,9,11],[2,14,18,10,22,17,21,20,5,6,1,12,9],[6,18,2,22,17,21,20,14,9,10,3],[2,22,18,21,17,24,20,6,14,10,1,9,12,11,23,13,16,15],[18,6,22,21,17,20,10,1,14,11],[10,22,14,2,18,21,17,20,6,1,9],[6,10,22,14,18,21,17,20,2,3,11],[10,2,6,18,22,17,21,20,14,3,9],[18,22,21,17,24,20,10,14,2,6,1,9,12,11,23,16,13,15],[10,2,6,22,18,21,17,24,20,14,1,9,12,23,11,13,16,15],[18,14,6,2,10,22,21,17,23,20,4,9,12,24,11,1,13,16],[22,10,6,18,17,21,20,2,13,14,1,12,9],[22,10,14,18,17,21,24,20,2,6,1,9,12,11,23,13,16,15],[6,22,18,17,21,24,20,14,2,10,1,9,12,11,23,13,16,15],[2,10,14,22,6,18,17,21,20,1,9],[10,14,22,18,21,17,24,20,2,6,1,9,12,23,11,13,16,15],[14,2,18,22,17,21,20,9,6,10,1],[14,6,2,10,18,22,17,21,24,20,1,9,12,11,23,13,16,15],[2,10,22,18,17,21,24,20,6,14,1,9,12,23,11,13,16,15],[18,2,10,6,22,21,17,24,20,14,1,9,12,11,23,13,16,15],[18,2,22,17,21,20,10,6,14,1,9],[18,22,21,17,24,20,10,6,2,14,1,9,12,11,23,13,16,15],[10,2,6,18,14,22,17,21,20,4,9,23,11],[22,10,6,2,14,18,21,17,24,20,1,12,9,11,23,13,16,15],[2,10,14,18,6,22,21,17,24,20,1,9,12,23,11,13,16,15],[2,22,18,17,21,20,9,6,16,10,14,1],[14,6,10,18,22,17,21,20,2,1,12,9,24,23,11,15,13,16],[22,10,2,18,17,21,20,6,15,14,3,11],[10,22,6,2,14,18,17,21,20,3,9],[22,6,2,18,21,17,24,20,10,14,1,9,12,23,11,13,16,15],[2,14,6,22,18,21,17,24,20,10,1,9,12,23,11,13,15,16],[10,22,2,18,21,17,20,14,6,3,9],[14,2,18,10,22,17,21,20,6,3,12,9,24,11,23,13,15,16],[14,18,6,2,22,17,21,24,20,10,1,9,11,13,16,12,23,15],[22,6,2,14,10,18,21,17,20,1,9],[6,18,10,2,14,22,21,17,20,4,11],[10,2,18,22,21,17,24,20,14,6,1,9,11,13,16,12,23,15],[14,18,22,21,17,20,10,6,2,1,12,11],[2,6,10,18,14,22,21,17,24,20,1,9,12,23,11,13,16,15],[6,14,22,18,21,17,23,20,10,2,1,9,11],[18,22,21,17,24,20,2,14,6,10,1,9,12,11,23,13,16,15],[10,2,22,14,6,18,21,17,24,20,1,9,11,16,12,23,13,15],[22,10,18,17,21,24,20,14,6,2,1,12,9,23,11,13,16,15],[18,6,2,22,21,17,24,20,10,14,1,9,12,11,23,13,16,15],[18,14,10,2,6,22,21,17,20,1,11],[2,22,14,10,18,21,17,20,7,6,1,12,9],[10,6,22,14,18,17,21,20,1,9],[2,22,10,14,18,21,17,20,6,4,12,9,24,11,23,1,13,16],[6,22,10,14,18,17,21,24,20,2,1,9,12,11,23,13,15,16],[14,18,2,6,10,22,17,21,24,20,1,9,12,23,11,13,16,15],[10,18,14,22,21,17,24,20,6,2,1,9,12,11,23,13,16,15],[10,2,22,18,21,17,19,24,20,14,6,1,9,12,11,23,13,16],[14,18,22,21,17,24,20,6,2,10,1,9,12,23,11,13,16,15],[18,10,22,21,17,20,6,14,1,9],[18,14,10,6,2,22,17,21,20,3,11],[2,6,14,10,18,22,17,21,24,20,1,9,12,11,23,13,16,15],[2,22,18,21,17,24,20,14,10,6,1,9,12,23,11,13,15,16],[10,6,2,18,22,21,17,20,14,1,11],[18,14,10,2,22,17,21,24,20,6,1,9,12,11,23,13,16,15],[18,2,10,6,22,21,17,24,20,14,1,9,12,11,23,13,16,15],[14,18,10,6,22,17,21,24,20,2,1,9,12,23,11,13,16,15],[18,22,17,21,24,20,10,6,2,14,1,9,12,23,11,13,16,15],[14,6,18,2,10,22,21,17,20,3,9],[22,10,2,6,18,21,17,24,20,14,1,9,12,23,11,15,13,16],[10,6,14,22,2,18,17,21,24,20,1,9,12,23,11,13,16,15],[6,10,14,2,18,22,17,21,24,20,1,9,12,11,23,13,15,16],[10,6,22,2,14,18,21,17,20,1,12,9],[10,22,14,18,21,17,20,6,2,1,11],[14,10,18,22,17,21,19,24,20,2,6,1,9,12,11,23,13,15,16],[14,6,2,18,22,21,17,20,12,10,4,9,24,23,11,1,13,16],[22,2,6,18,21,17,20,14,9,10,1],[10,14,22,2,6,18,17,21,23,20,1,9,12,24,11,13,16,15],[18,22,21,17,20,6,10,14,2,1,9],[14,10,6,2,18,22,21,17,23,20,1,9,12,24,11,13,16,15],[14,18,2,10,22,17,21,24,20,6,1,9,12,11,23,13,16,15],[14,18,10,2,22,17,21,24,20,6,1,9,12,11,23,13,16,15],[18,10,6,2,22,21,17,20,16,13,14,3],[2,22,6,14,18,21,17,24,20,10,1,9,12,11,23,13,16,15],[6,14,18,10,2,22,21,17,20,1,9],[6,10,22,2,18,17,21,24,20,14,1,9,12,23,11,13,16,15],[10,18,22,21,17,20,6,2,13,14,1,9],[2,18,10,14,22,17,21,19,24,20,6,1,9,12,23,11,13,16],[18,14,22,17,21,24,20,2,10,6,1,9,12,23,11,13,15,16],[18,14,22,21,17,24,20,6,10,2,1,9,12,23,11,13,15,16],[2,10,14,6,18,22,21,17,24,20,1,12,9,11,23,13,16,15],[22,10,14,18,17,21,20,1,5,6,9],[18,2,6,10,14,22,17,21,24,20,1,9,12,23,11,16,13,15],[22,2,18,21,17,24,20,10,6,14,1,9,12,23,11,13,16,15],[22,2,6,10,18,17,21,24,20,14,1,9,12,11,23,13,16,15],[10,6,22,2,18,21,17,20,15,14,3,11],[6,2,14,10,22,18,21,17,24,20,1,9,11,16,12,23,13,15],[10,14,22,18,21,17,20,6,2,1,11],[6,18,22,17,21,24,20,10,14,2,1,9,12,23,11,13,16,15],[2,14,6,18,10,22,21,17,20,3,12,9,24,11,23,13,16,15],[22,14,18,17,21,20,9,2,6,10,1],[2,14,22,18,21,17,24,20,6,10,1,9,12,23,11,13,16,15],[10,6,2,14,18,22,21,17,20,3,11],[18,22,17,21,20,14,4,7,11,6,12,10,2],[10,2,22,18,17,21,20,6,14,4,9,23,12,24,11,1,13,15,16],[22,6,14,2,10,18,17,21,20,1,12,9],[6,2,10,18,14,22,17,21,24,20,1,9,12,23,11,13,16,15],[14,22,2,10,6,18,21,17,20,4,12,9,24,23,11,1,13,16],[10,2,22,6,1