{"problem_id":"1uGtHLpfCC3GwbQ","sigma":75,"alpha":1.000,"cost":1,"probabilities":"[0.22, 0.19, 0.2, 0.39]","payoff_matrix":"[[55, -130, -32, 8, -120, -73], [-23, -98, -49, -11, -1, 81], [-108, 63, 44, 43, 23, -5], [9, 38, -75, -2, -24, 101]]","uncovered":[[12,20,8,4,24,16,5,1,21,23,3,13,15,22],[12,24,8,20,16,4,21,5,1,23,3,13,15,22],[20,16,24,8,12,4,21,5,1,3,13,15,23,22],[20,16,4,8,24,12,5,1,21,3,13,23,15,14,22],[4,16,20,24,12,8,21,5,3,13,15,23,22],[4,12,8,16,24,20,5,21,1,23,3,13,15,22],[24,12,4,8,20,16,21,5,1,3,13,15,23,14,22],[16,12,20,8,24,4,21,5,1,23,3,13,15,22],[24,12,16,20,4,8,5,14,22],[16,12,8,4,24,20,5,3,13,21,15,23,14,22],[24,8,16,20,12,4,21,5,1,3,13,23,15,14,22],[8,20,12,4,24,16,21,5,1,3,13,15,23,14,22],[16,24,8,4,12,20,5,3,23,13,15,21,22],[12,8,24,20,16,4,5,22],[4,12,20,16,8,24,5,21,1,3,13,23,15,22],[4,16,20,12,8,24,21,5,1,23,3,13,15,14,22],[8,24,4,12,16,20,21,5,1,23,3,13,15,22],[8,20,4,12,16,24,5,21,1,23,3,13,14,15,22],[8,24,16,12,4,20,5,2,15,21,13,23,22],[8,16,24,12,4,20,21,5,1,23,3,13,15,22],[20,4,12,24,8,16,5,21,1,3,13,15,23,14,22],[24,12,20,4,8,16,21,5,1,3,13,15,23,14,22],[12,4,8,20,24,16,21,5,1,23,3,13,15,22],[16,8,20,12,4,24,21,5,1,3,13,23,15,22],[20,12,16,24,8,4,21,5,1,23,3,13,14,15,22],[12,24,8,16,20,4,5,21,1,3,13,15,23,22],[16,12,24,8,4,20,21,5,1,3,13,23,15,22],[16,24,12,20,4,8,21,5,1,23,3,13,15,14,22],[4,24,8,16,12,20,21,5,1,3,13,23,15,14,22],[8,12,4,24,20,16,5,21,1,23,3,15,13,22],[20,4,24,12,8,16,21,5,1,23,3,13,15,14,22],[24,20,16,12,4,8,5,1,21,3,13,15,23,14,22],[24,16,4,8,20,12,21,5,1,23,3,13,15,22],[8,12,20,24,4,16,5,3,13,23,21,15,22],[12,8,24,16,20,4,5,23,1,21,3,13,15,14,22],[16,24,12,4,20,8,5,1,21,3,13,23,15,14,22],[12,24,8,16,20,4,21,5,1,3,13,15,23,14,22],[16,20,12,24,8,4,21,5,1,3,15,13,23,14,22],[4,24,12,16,20,8,21,5,1,3,13,23,15,22],[12,4,8,20,16,24,5,1,21,23,3,13,15,14,22],[20,24,8,16,4,12,5,21,1,23,3,13,15,14,22],[20,8,24,12,16,4,5,23,3,21,13,15,22],[12,20,4,24,16,8,5,21,1,3,13,15,23,14,22],[20,12,24,4,16,8,21,5,1,23,3,13,15,14,22],[16,12,20,8,4,24,5,21,1,3,13,23,15,14,22],[12,16,20,24,4,8,21,5,1,23,3,13,15,22],[4,12,8,16,20,24,5,22],[16,4,12,20,24,8,21,5,1,3,13,15,23,14,22],[24,4,16,8,12,20,21,5,1,23,3,13,15,22],[20,4,24,12,16,8,21,5,1,23,3,13,15,22],[4,8,24,20,16,12,5,1,21,23,3,13,15,22],[24,16,8,4,12,20,5,1,21,23,3,13,15,14,22],[20,16,24,8,4,12,5,6,1,21,3,13,15,23,22],[8,24,12,4,20,16,5,1,21,3,13,15,23,22],[12,16,4,24,20,8,5,21,1,23,3,13,15,14,22],[24,16,8,20,12,4,5,1,21,3,13,23,15,14,22],[4,16,24,12,20,8,21,5,1,3,13,15,23,22],[20,8,12,16,4,24,21,5,1,3,13,15,23,22],[24,16,20,8,4,12,21,5,1,3,13,15,23,14,22],[8,12,24,20,4,16,5,21,1,3,13,15,23,22],[16,24,8,4,12,20,5,1,21,23,3,13,15,22],[4,16,12,20,24,8,5,21,1,3,13,15,23,14,22],[20,12,16,4,24,8,5,22],[12,4,24,16,8,20,5,21,1,23,3,13,15,14,22],[16,20,12,24,4,8,21,5,1,3,13,23,15,14,22],[12,24,4,20,8,16,21,5,1,3,13,23,15,14,22],[16,20,12,24,8,4,21,5,1,3,13,23,15,22],[4,12,20,16,8,24,5,1,21,23,3,13,15,14,22],[16,24,4,20,8,12,21,5,1,23,3,13,15,22],[24,20,8,16,12,4,5,21,1,3,13,15,23,14,22],[20,4,16,12,8,24,21,5,1,23,3,13,15,14,22],[4,24,16,12,20,8,5,3,14,21,13,23,15,22],[16,24,12,4,20,8,21,5,1,23,3,13,15,14,22],[24,4,16,12,20,8,5,21,1,23,3,13,15,22],[8,4,20,12,24,16,5,1,21,23,3,13,15,14,22],[20,16,8,4,12,24,5,21,1,23,3,13,15,22],[8,4,12,20,16,24,5,21,1,3,13,15,23,22],[20,8,16,4,12,24,5,21,1,23,3,13,15,14,22],[12,8,24,16,20,4,21,5,1,3,13,15,23,22],[16,20,4,8,24,12,21,5,1,23,3,13,15,22],[4,8,16,24,20,12,5,1,21,23,3,13,15,14,22],[12,24,20,16,4,8,5,1,21,3,13,23,15,22],[8,16,20,4,12,24,21,5,1,23,3,13,15,22],[8,24,16,20,12,4,21,5,1,3,13,15,23,14,22],[20,24,8,4,12,16,5,3,22],[12,16,24,8,4,20,5,21,1,3,13,23,14,17,15,22],[20,4,12,8,24,16,5,1,21,3,13,23,15,22],[4,24,16,12,8,20,5,1,21,23,3,13,15,14,22],[20,16,12,8,4,24,5,1,21,3,13,23,15,14,22],[12,4,24,20,8,16,23,5,1,21,3,13,15,22],[24,12,4,20,8,16,21,5,1,23,3,13,15,14,22],[12,16,4,24,20,8,21,5,1,3,13,15,23,14,22],[20,8,4,16,24,12,5,21,1,3,13,15,23,14,22],[12,16,8,20,4,24,5,21,1,23,3,13,15,14,22],[12,8,24,20,4,16,5,21,1,3,13,15,23,22],[16,4,8,12,20,24,21,5,1,23,3,13,15,22],[8,20,24,12,16,4,21,5,1,23,3,13,15,22],[12,16,8,20,24,4,21,5,1,3,13,23,15,14,22],[20,8,16,24,4,12,5,1,21,23,3,13,15,22],[20,16,12,4,8,24,21,5,1,23,3,13,15,22],[4,12,20,8,24,16,21,5,1,3,13,23,15,22],[4,12,24,8,20,16,5,21,1,23,3,13,14,15,22],[24,16,4,20,12,8,5,22],[8,12,24,20,4,16,5,22],[4,8,24,12,16,20,5,1,21,3,13,15,23,14,22],[4,12,24,16,20,8,5,2,13,23,14,1,21,3,15,22],[16,4,8,24,20,12,21,5,1,23,3,13,15,22],[20,24,16,12,4,8,21,5,1,3,13,15,23,22],[4,24,8,20,16,12,5,23,1,21,3,13,15,14,22],[12,16,8,24,4,20,21,5,1,3,13,23,15,14,22],[8,20,12,24,4,16,21,5,1,3,13,23,15,14,22],[24,16,4,8,12,20,21,5,1,3,13,23,15,14,22],[8,12,4,24,20,16,21,5,1,23,3,13,15,14,22],[4,24,8,12,20,16,5,1,21,3,13,15,23,14,22],[24,20,8,12,4,16,5,15,21,13,23,14,1,3,22],[12,16,4,20,8,24,5,22],[8,4,20,12,16,24,5,21,1,23,3,13,15,22],[4,16,20,8,24,12,5,1,21,23,3,13,15,14,22],[24,12,8,20,4,16,5,1,21,3,13,23,15,14,22],[20,16,8,12,4,24,5,23,1,21,3,13,15,22],[12,8,16,20,4,24,5,23,1,21,3,13,15,14,22],[12,8,16,20,24,4,21,5,1,3,13,15,23,22],[20,8,24,4,16,12,21,5,1,23,3,13,15,14,22],[20,4,12,24,16,8,5,21,1,3,13,23,15,22],[12,16,4,8,24,20,5,21,1,3,13,23,15,22],[4,20,8,24,12,16,21,5,1,3,13,23,15,14,22],[20,16,12,4,8,24,21,5,1,3,13,15,23,14,22],[20,12,16,8,24,4,5,21,1,23,3,13,15,14,22],[24,20,4,12,8,16,5,21,1,3,13,23,15,14,22],[4,12,20,24,8,16,5,1,21,3,13,14,23,15,22],[20,16,12,8,24,4,21,5,1,23,3,13,15,14,22],[12,24,16,20,8,4,5,1,21,3,13,23,15,22],[16,4,24,12,20,8,5,21,1,3,13,23,15,22],[16,12,8,4,20,24,5,21,1,23,3,13,15,14,22],[16,24,20,12,4,8,5,21,1,3,13,15,23,14,22],[20,4,12,8,16,24,5,21,1,3,13,22],[8,24,20,16,4,12,5,21,1,23,3,13,15,14,22],[8,24,4,20,16,12,5,1,21,3,13,15,23,14,22],[16,4,12,8,24,20,5,21,1,3,13,23,15,22],[16,8,12,20,4,24,5,21,1,23,3,13,15,22],[24,8,16,12,20,4,21,5,1,23,3,13,15,14,22],[12,24,4,16,8,20,5,13,22],[8,12,24,16,20,4,5,1,21,3,13,23,15,22],[12,16,24,8,20,4,21,5,1,23,3,13,15,22],[16,12,24,8,20,4,5,3,13,21,15,23,14,22],[4,24,16,8,12,20,21,5,1,23,3,13,15,22],[16,8,24,4,12,20,21,5,1,23,3,13,15,22],[20,12,4,16,24,8,21,5,1,3,13,15,23,22],[4,12,20,8,16,24,21,5,1,3,13,23,15,22],[24,12,8,4,16,20,21,5,1,23,3,13,15,22],[12,24,16,8,4,20,5,1,21,3,13,23,15,22],[4,20,24,8,12,16,5,22],[4,16,20,12,8,24,5,21,1,3,13,23,15,14,22],[16,24,4,8,20,12,5,1,21,23,3,13,15,14,22],[24,20,8,4,12,16,21,5,1,3,13,15,23,22],[4,8,20,24,16,12,5,1,21,3,13,23,15,14,22],[24,16,12,4,20,8,5,21,1,23,3,13,15,14,22],[24,12,20,4,8,16,21,5,1,3,13,15,23,14,22],[16,20,24,8,4,12,5,3,6,18,23,14],[20,8,16,4,24,12,21,5,1,3,13,15,23,14,22],[16,4,8,20,12,24,5,1,21,23,3,13,15,22],[16,12,8,24,4,20,5,21,1,23,3,13,15,22],[4,12,20,16,8,24,5,1,21,23,3,13,14,15,22],[4,24,8,20,12,16,21,5,1,3,13,23,15,14,22],[8,16,24,12,20,4,5,23,2,1,21,3,13,15,14,22],[16,12,4,20,8,24,5,21,1,3,13,22],[8,24,16,12,20,4,5,13,22],[12,24,20,4,8,16,21,5,1,23,3,13,15,14,22],[4,20,16,8,24,12,5,1,21,3,13,15,23,22],[12,8,20,16,4,24,5,21,1,3,13,23,15,22],[20,24,16,4,8,12,21,5,1,23,3,13,15,22],[20,16,24,4,12,8,21,5,1,3,13,15,23,14,22],[20,4,8,12,24,16,5,1,21,23,3,13,15,22],[20,24,12,16,4,8,5,21,1,23,3,13,15,22],[4,24,8,16,12,20,5,21,1,23,3,13,15,22],[4,12,24,16,20,8,5,21,1,3,13,23,15,14,22],[20,4,12,24,16,8,21,5,1,3,13,15,23,22],[8,24,20,12,16,4,5,2,23,14,18,22],[8,12,20,16,24,4,21,5,1,23,3,13,15,14,22],[24,4,8,20,16,12,21,5,1,3,13,15,23,14,22],[12,8,16,20,4,24,5,2,23,13,17,15,21,22],[20,16,8,24,12,4,21,5,1,23,3,13,15,22],[12,20,4,16,24,8,5,21,1,3,13,23,15,14,22],[8,12,20,24,16,4,5,15,23,21,13,14,1,3,22],[12,20,16,4,8,24,21,5,1,23,3,13,15,22],[20,16,4,24,12,8,21,5,1,3,13,23,15,22],[20,24,12,16,4,8,5,21,1,3,13,15,23,14,22],[20,4,12,24,16,8,21,5,1,3,13,15,23,14,22],[8,12,4,20,16,24,5,1,21,23,3,13,15,22],[8,24,20,12,4,16,21,5,1,3,13,23,15,22],[16,8,24,4,12,20,21,5,1,3,13,23,15,22],[8,20,4,24,12,16,5,21,1,3,13,23,15,14,22],[24,8,4,12,16,20,5,1,21,23,3,13,15,14,22],[24,20,8,4,16,12,21,5,1,3,13,15,23,14,22],[4,24,8,16,12,20,5,2,23,15,21,13,14,22],[8,20,24,4,12,16,21,5,1,23,3,13,15,22],[8,20,4,16,24,12,21,5,1,23,3,13,15,14,22],[16,20,24,12,4,8,21,5,1,3,13,15,23,14,22],[16,4,24,12,8,20,21,5,1,23,3,13,15,14,22],[20,12,4,16,8,24,5,3,21,13,14,23,15,22],[20,4,8,12,24,16,21,5,1,3,13,15,23,14,22],[24,12,8,4,16,20,5,1,21,23,3,13,15,14,22],[24,12,20,4,8,16,21,5,1,23,3,13,15,22],[24,20,16,4,8,12,21,5,1,23,3,13,15,22],[24,12,4,8,20,16,21,5,1,3,13,23,15,14,22],[16,20,8,24,12,4,5,21,1,23,3,13,15,22],[24,8,12,16,20,4,5,21,1,3,13,23,15,22],[8,20,4,24,12,16,5,21,1,23,3,13,15,22],[8,16,12,20,4,24,21,5,1,3,13,15,23,14,22],[20,12,4,8,16,24,5,21,1,3,13,22],[24,8,20,16,4,12,5,1,21,23,3,13,15,14,22],[8,24,4,20,12,16,21,5,1,23,3,13,15,22],[20,12,24,16,8,4,5,21,1,23,3,13,15,14,22],[12,20,8,4,24,16,5,3,13,23,18],[20,24,16,4,8,12,21,5,1,3,13,15,23,22],[12,24,8,16,4,20,21,5,1,23,3,13,15,14,22],[24,8,16,12,20,4,5,3,13,21,23,15,14,22],[20,4,12,16,8,24,21,5,1,23,3,13,15,14,22],[20,12,4,8,16,24,21,5,1,3,13,23,14,15,22],[8,16,12,20,4,24,5,21,1,23,3,13,15,22],[8,4,24,16,20,12,21,5,1,23,3,13,15,14,22],[20,12,4,24,16,8,5,1,21,3,13,23,15,14,22],[8,24,16,20,4,12,5,3,13,21,22],[20,12,8,24,4,16,5,1,21,3,13,15,23,14,22],[8,16,24,12,4,20,5,21,1,23,3,13,15,14,22],[24,12,4,8,16,20,21,5,1,23,3,13,15,22],[4,8,16,20,12,24,21,5,1,23,3,13,15,22],[8,12,4,24,20,16,21,5,1,23,3,13,15,22],[4,24,16,20,8,12,21,5,1,23,3,13,15,14,22],[24,20,12,8,4,16,21,5,1,23,3,13,15,14,22],[8,20,12,4,24,16,21,5,1,3,13,15,23,22],[24,16,12,4,20,8,5,2,15,21,13,23,22],[20,16,24,4,12,8,5,23,3,15,13,21,22],[16,8,24,4,20,12,5,21,1,3,13,23,15,22],[20,16,8,12,4,24,21,5,1,3,13,23,15,14,22],[12,24,8,20,4,16,5,1,21,3,13,15,23,22],[24,8,4,20,16,12,21,5,1,23,3,13,15,14,22],[12,16,24,8,20,4,21,5,1,3,13,23,15,14,22],[4,8,24,20,12,16,5,2,14,21,1,23,3,13,15,22],[4,8,20,24,16,12,21,5,1,3,13,22],[8,12,24,16,4,20,21,5,1,3,13,23,15,22],[16,20,24,12,4,8,21,5,1,3,13,15,23,14,22],[20,24,8,12,16,4,21,5,1,23,3,13,15,22],[4,8,12,24,16,20,21,5,1,23,3,13,15,22],[8,16,12,4,24,20,5,23,3,13,21,15,22],[24,12,16,20,8,4,21,5,1,3,13,23,15,22],[24,12,16,20,8,4,5,21,1,3,13,15,23,14,22],[20,24,12,8,4,16,5,3,14,21,13,23,15,22],[16,8,20,24,4,12,21,5,1,23,3,13,15,22],[8,4,12,24,16,20,5,3,13,21,23,15,14,22],[12,24,16,20,4,8,5,1,21,23,3,13,15,14,22],[4,8,12,16,24,20,5,21,1,3,13,15,23,14,22],[16,24,4,12,20,8,5,13,21,1,23,3,15,14,22],[8,20,16,4,24,12,5,21,1,3,13,15,23,14,22],[4,24,8,20,16,12,21,5,1,3,13,23,15,14,22],[8,20,24,16,12,4,21,5,1,23,3,13,15,22],[20,8,16,24,4,12,5,13,3,19,23,21,15,14,22],[8,12,4,20,24,16,21,5,1,23,3,13,15,22],[20,4,16,8,12,24,21,5,1,23,3,13,15,22],[12,16,8,20,4,24,5,21,1,23,3,13,15,22],[12,4,20,24,8,16,5,23,1,21,3,13,15,14,22],[8,12,16,4,24,20,5,3,21,13,23,15,22],[16,4,12,8,24,20,21,5,1,23,3,13,15,22],[24,12,4,16,8,20,5,21,1,23,3,13,15,14,22],[20,8,4,12,16,24,5,1,21,23,3,13,15,22],[12,16,20,4,8,24,21,5,1,23,3,13,15,22],[20,16,4,8,12,24,5,15,21,13,23,22],[20,24,16,8,4,12,5,1,21,3,13,15,23,22],[8,16,20,12,4,24,5,21,1,3,13,15,23,14,22],[4,16,12,8,24,20,5,3,13,21,23,15,22],[24,8,4,12,20,16,5,2,15,21,13,23,22],[8,16,20,24,4,12,5,23,21,1,3,13,15,14,22],[12,24,8,20,16,4,5,21,1,3,13,23,15,14,22],[16,8,20,12,4,24,21,5,1,3,13,23,15,22],[12,24,4,20,16,8,5,1,21,3,13,23,15,22],[8,12,24,20,16,4,5,13,2,21,1,23,3,15,14,22],[16,8,12,4,20,24,21,5,1,23,3,13,14,15,22],[4,8,20,16,24,12,5,23,1,21,3,13,15,14,22],[12,16,24,4,8,20,21,5,1,23,3,13,15,22],[8,24,4,20,12,16,21,5,1,3,13,23,15,14,22],[12,16,24,8,20,4,5,21,1,3,13,15,23,14,22],[20,4,8,12,24,16,5,1,21,23,3,13,15,14,22],[20,12,24,16,8,4,5,22],[20,4,16,8,12,24,21,5,1,23,3,13,15,22],[20,8,4,12,16,24,5,21,1,23,3,13,15,22],[20,12,16,4,24,8,5,21,1,3,13,15,23,22],[16,20,8,12,4,24,21,5,1,23,3,13,15,22],[4,12,24,20,16,8,21,5,1,3,13,15,23,14,22],[24,20,16,4,12,8,21,5,1,23,3,13,15,14,22],[20,4,16,8,24,12,5,1,21,3,13,23,15,14,22],[20,16,8,24,12,4,21,5,1,23,3,13,15,22],[12,4,16,8,20,24,5,2,15,21,13,23,14,22],[24,20,16,4,12,8,5,21,1,3,13,15,23,22],[16,4,8,20,24,12,5,3,21,15,13,23,14,22],[12,16,4,24,20,8,21,5,1,3,13,23,15,22],[12,16,4,24,8,20,5,1,21,23,3,13,15,22],[8,24,4,12,20,16,21,5,1,23,3,13,15,22],[16,24,12,8,20,4,21,5,1,3,13,23,15,14,22],[24,8,12,4,20,16,5,3,14,21,13,23,22],[8,24,16,4,12,20,7,21,5,1,23,3,13,15,14,22],[4,24,16,20,8,12,21,5,1,23,3,13,15,22],[12,8,4,20,16,24,5,1,21,23,3,13,15,14,22],[8,20,12,16,24,4,21,5,1,23,3,13,14,15,22],[20,16,8,24,12,4,21,5,1,3,13,23,15,22],[12,8,4,16,24,20,21,5,1,23,3,13,15,22],[8,20,24,4,16,12,5,21,1,3,13,23,15,22],[16,12,4,24,8,20,21,5,1,3,13,23,15,14,22],[16,24,20,4,12,8,5,21,1,23,3,13,15,22],[24,12,16,20,8,4,21,5,1,3,13,23,15,14,22],[4,20,12,16,24,8,5,1,21,23,3,13,15,14,22],[12,16,20,4,8,24,21,5,1,23,3,13,15,22],[16,24,12,20,4,8,21,5,1,3,13,15,23,22],[12,20,24,16,4,8,21,5,1,23,3,13,15,14,22],[20,8,12,4,16,24,5,1,21,3,13,15,23,14,22],[8,20,4,12,24,16,21,5,1,23,3,13,15,14,22],[24,8,20,4,12,16,21,5,1,23,3,13,15,14,22],[4,20,12,16,24,8,21,5,1,23,3,13,15,14,22],[20,24,4,16,12,8,5,1,21,3,13,15,23,14,22],[24,16,12,4,20,8,21,5,1,3,13,23,15,22],[12,4,24,20,8,16,5,15,21,13,23,14,1,3,22],[20,16,12,4,8,24,21,5,1,3,13,23,15,22],[24,8,16,20,4,12,21,5,1,3,13,23,15,22],[12,20,24,8,4,16,21,5,1,23,3,13,15,14,22],[4,16,24,12,20,8,23,5,1,21,3,13,15,22],[8,20,4,12,24,16,5,1,21,23,3,13,15,22],[4,16,12,20,8,24,21,5,1,23,3,13,15,22],[12,20,4,16,8,24,21,5,1,3,13,23,15,14,22],[20,8,4,12,16,24,5,21,1,23,3,13,15,14,22],[16,8,12,24,4,20,5,23,1,21,3,13,15,14,22],[8,12,4,20,24,16,5,3,22],[16,20,24,12,4,8,21,5,1,23,3,13,15,14,22],[8,24,12,16,20,4,21,5,1,3,13,14,23,15,22],[20,8,24,16,4,12,21,5,1,23,3,13,15,22],[4,8,20,24,12,16,21,5,1,23,3,13,15,14,22],[12,20,16,4,8,24,5,2,22],[4,16,12,24,8,20,21,5,1,23,3,13,15,14,22],[16,4,12,8,24,20,5,23,1,21,3,13,15,14,22],[20,4,12,16,8,24,5,1,21,23,3,13,15,14,22],[16,24,20,8,12,4,21,5,1,3,13,22],[8,16,20,12,24,4,5,21,1,23,3,13,15,22],[4,24,20,8,12,16,21,5,1,3,13,15,23,22],[8,24,4,20,12,16,21,5,1,3,13,23,15,22],[8,12,24,20,4,16,5,1,21,3,13,15,23,14,22],[24,4,20,12,16,8,5,21,1,3,13,23,15,14,22],[20,8,16,12,24,4,21,5,1,23,3,13,15,22],[24,4,16,20,12,8,5,23,1,21,3,13,15,14,22],[20,8,16,4,24,12,5,3,14,17,7,21,13,23,15,22],[12,16,20,8,24,4,21,5,1,23,3,13,15,14,22],[24,16,8,12,4,20,5,2,15,13,21,23,14,22],[20,12,8,16,24,4,21,5,1,3,13,15,23,14,22],[16,8,20,24,4,12,5,2,1,21,23,3,13,15,14,22],[20,24,8,4,12,16,21,5,1,3,13,15,23,14,22],[8,12,24,16,20,4,21,5,1,23,3,13,15,22],[4,16,24,20,8,12,5,21,1,23,3,13,15,22],[4,8,16,12,20,24,5,7,3,13,21,23,15,14,22],[12,8,20,16,24,4,21,5,1,3,13,23,15,14,22],[20,4,16,24,8,12,5,21,1,3,13,15,23,22],[24,16,4,12,20,8,5,21,1,23,3,13,15,14,22],[12,4,8,16,20,24,5,1,21,23,3,13,15,14,22],[24,4,8,12,16,20,5,21,1,3,13,23,15,22],[8,4,24,16,20,12,5,21,1,23,3,13,15,22],[12,24,8,20,16,4,21,5,1,23,3,13,15,14,22],[16,20,12,8,24,4,5,22],[12,16,24,8,4,20,21,5,1,23,3,13,15,14,22],[16,20,24,4,8,12,21,5,1,23,3,13,15,22],[24,12,16,4,20,8,21,5,1,23,3,13,15,22],[8,12,20,16,4,24,5,1,21,23,3,13,15,14,22],[12,8,4,20,24,16,5,21,1,23,3,13,15,22],[8,24,12,16,20,4,5,1,21,23,3,13,15,22],[24,4,8,16,20,12,21,5,1,23,3,13,15,14,22],[8,12,24,4,16,20,5,21,1,23,3,13,15,14,22],[12,8,20,4,24,16,5,21,1,23,3,13,15,14,22],[12,16,8,20,24,4,5,1,21,23,3,13,15,14,22],[12,4,16,20,24,8,21,5,1,23,3,13,15,14,22],[24,4,20,16,8,12,21,5,1,3,13,15,23,22],[24,12,20,16,4,8,21,5,1,3,13,23,15,22],[16,12,20,24,8,4,21,5,1,3,13,23,15,14,22],[16,20,12,24,8,4,21,5,1,23,3,13,15,14,22],[4,24,8,12,16,20,5,1,21,23,3,13,15,22],[4,20,8,24,16,12,21,5,1,3,13,15,23,14,22],[24,4,16,8,12,20,21,5,1,23,3,13,15,14,22],[24,4,12,20,8,16,21,5,1,23,3,13,15,14,22],[20,12,4,16,24,8,5,1,21,23,3,13,15,22],[12,8,16,4,24,20,5,13,3,21,23,15,22],[8,24,12,4,20,16,5,2,21,13,1,23,3,15,22],[20,4,24,12,16,8,5,1,21,3,13,15,23,14,22],[12,16,24,4,20,8,21,5,1,3,13,23,15,22],[4,16,12,8,24,20,5,21,1,23,3,13,15,22],[24,12,16,20,8,4,21,5,1,3,13,15,23,14,22],[24,20,16,4,12,8,21,5,1,3,13,23,15,14,22],[4,24,20,12,16,8,21,5,1,23,3,13,15,14,22],[24,4,20,12,8,16,5,1,21,3,13,15,23,14,22],[8,20,24,16,12,4,21,5,1,3,13,14,23,15,22],[12,20,24,8,4,16,5,1,21,3,13,23,15,14,22],[4,24,8,16,12,20,21,5,1,23,3,13,15,22],[16,4,20,12,24,8,5,23,1,21,3,13,15,14,22],[4,16,20,8,12,24,5,21,1,23,3,13,15,22],[12,4,24,8,16,20,21,5,1,3,13,15,23,14,22],[8,24,20,16,12,4,21,5,1,23,3,13,15,22],[12,4,24,8,16,20,5,21,1,3,13,15,23,14,22],[24,16,4,12,20,8,5,3,21,13,23,15,22],[16,4,12,24,8,20,21,5,1,23,3,13,15,22],[12,4,24,20,8,16,21,5,1,23,3,13,15,22],[4,12,16,20,8,24,5,3,21,13,15,23,14,22],[16,24,12,4,8,20,21,5,1,23,3,13,15,22],[20,24,12,16,4,8,21,5,1,23,3,13,15,14,22],[24,12,4,8,16,20,21,5,1,23,3,13,15,22],[12,20,16,4,24,8,5,1,21,23,3,13,15,14,22],[16,4,24,12,20,8,21,5,1,23,3,13,15,22],[8,12,24,20,16,4,21,5,1,23,3,13,15,14,22],[16,8,20,4,12,24,5,1,21,23,3,13,15,14,22],[4,12,24,16,8,20,5,3,15,21,13,23,22],[20,8,12,16,4,24,21,5,1,3,13,15,23,14,22],[20,24,8,16,12,4,5,1,21,3,13,23,15,22],[4,8,20,16,24,12,21,5,1,23,3,13,15,14,22],[8,4,12,24,16,20,21,5,1,23,3,13,15,22],[8,16,20,4,12,24,21,5,1,3,13,23,15,14,22],[8,16,20,12,24,4,5,14,23,1,21,3,13,22],[4,24,8,16,20,12,21,5,1,3,13,23,15,14,22],[24,12,8,16,20,4,21,5,1,3,13,15,23,14,22],[16,8,12,4,20,24,21,5,1,3,13,15,23,14,22],[12,20,16,8,4,24,5,1,21,3,13,15,23,14,22],[8,4,20,12,16,24,5,1,21,23,3,13,15,22],[4,20,12,24,8,16,21,5,1,3,13,23,15,22],[12,20,24,8,4,16,5,21,1,3,13,15,23,22],[12,8,24,4,20,16,21,5,1,23,3,13,14,15,22],[8,24,16,12,4,20,5,13,1,21,3,15,23,22],[24,16,20,4,12,8,5,3,18,22],[16,12,4,24,20,8,5,21,1,23,3,13,15,14,22],[4,12,24,16,8,20,5,1,21,23,3,13,14,15,22],[12,8,24,4,16,20,5,21,1,3,13,15,23,14,22],[4,20,8,16,12,24,5,1,21,3,13,23,15,14,22],[24,8,16,20,4,12,5,21,1,3,13,23,15,22],[24,20,12,16,4,8,5,1,21,3,13,15,23,14,22],[12,4,24,16,8,20,5,15,21,13,23,14,1,3,22],[16,20,4,24,8,12,21,5,1,23,3,13,15,14,22],[24,4,12,8,20,16,21,5,1,3,13,15,23,14,22],[4,24,16,8,12,20,21,5,1,23,3,13,15,14,22],[4,24,8,12,16,20,5,21,1,23,3,13,15,14,22],[4,20,12,8,16,24,5,21,1,23,3,13,15,14,22],[12,4,20,16,24,8,21,5,1,23,3,13,15,22],[24,12,20,16,8,4,5,23,1,21,3,13,15,22],[24,16,4,8,12,20,21,5,1,3,13,23,15,14,22],[8,12,24,4,20,16,21,5,1,3,13,22],[8,12,16,24,20,4,5,22],[16,8,20,24,4,12,5,22],[12,4,8,16,20,24,5,2,13,15,21,23,22],[4,20,12,24,8,16,21,5,1,23,3,13,15,22],[24,20,4,16,12,8,21,5,1,3,13,23,15,14,22],[12,20,8,24,4,16,21,5,1,3,13,15,23,22],[20,24,8,12,4,16,21,5,1,23,3,13,15,14,22],[16,4,8,24,20,12,5,1,21,3,13,15,23,14,22],[20,16,12,8,24,4,5,3,21,13,23,15,22],[20,8,16,4,12,24,21,5,1,23,3,13,14,19,17,15,22],[4,12,24,16,8,20,21,5,1,3,13,23,15,22],[20,12,24,4,8,16,21,5,1,3,13,15,23,14,22],[20,4,16,24,8,12,21,5,1,23,3,13,15,22],[4,16,20,12,24,8,5,21,1,3,13,15,23,22],[24,16,4,20,12,8,21,5,1,23,3,13,15,14,22],[8,24,12,16,4,20,21,5,1,3,13,23,15,14,22],[24,16,8,20,12,4,5,22],[4,12,20,8,16,24,5,21,1,23,3,13,15,14,22],[4,8,16,24,12,20,5,21,1,3,13,23,15,14,22],[8,20,12,16,4,24,5,1,21,3,13,22],[20,24,12,4,16,8,21,5,1,3,13,23,15,22],[12,20,24,16,8,4,21,5,1,3,13,15,23,22],[12,16,20,4,24,8,21,5,1,23,3,13,15,14,22],[24,12,4,16,20,8,21,5,1,23,3,13,15,22],[24,20,12,8,16,4,5,1,21,3,13,22],[24,8,20,4,16,12,5,21,1,23,3,13,15,14,22],[16,12,4,20,8,24,21,5,1,23,3,13,15,22],[16,8,12,4,24,20,5,21,1,3,13,23,15,22],[8,20,12,24,16,4,5,1,21,23,3,13,15,14,22],[16,20,12,8,4,24,5,13,23,1,21,3,15,22],[20,8,12,24,16,4,21,5,1,23,3,13,15,22],[16,24,12,20,4,8,21,5,1,23,3,13,15,14,22],[4,12,24,16,20,8,21,5,1,23,3,13,15,22],[16,24,12,4,20,8,5,1,21,3,13,15,23,22],[4,8,16,24,12,20,5,21,1,3,13,15,23,22],[16,12,8,24,4,20,5,1,21,3,13,23,15,14,22],[8,12,16,20,24,4,5,21,1,3,13,23,15,22],[12,20,4,8,24,16,5,3,15,21,13,23,22],[24,20,4,16,12,8,5,22],[16,12,20,8,24,4,21,5,1,3,13,15,23,14,22],[24,8,16,20,4,12,21,5,1,3,13,23,15,22],[4,12,8,24,16,20,21,5,1,3,13,15,23,22],[20,8,16,4,12,24,5,21,1,23,3,13,15,14,22],[20,24,4,16,12,8,5,23,1,21,3,13,15,22],[4,16,12,8,24,20,5,21,1,3,13,15,23,14,22],[8,4,20,16,24,12,5,21,1,23,3,13,15,22],[20,12,24,4,16,8,21,5,1,23,3,13,15,14,22],[12,4,24,8,20,16,21,5,1,23,3,13,15,14,22],[8,12,24,20,16,4,5,1,21,23,3,13,15,22],[12,16,8,4,24,20,5,21,1,3,13,14,23,15,22],[4,8,12,20,24,16,21,5,1,23,3,13,15,22],[16,24,8,12,4,20,21,5,1,3,13,14,23,15,22],[24,4,12,16,8,20,21,5,1,3,13,23,15,14,22],[12,16,4,24,20,8,5,1,21,3,13,23,15,14,22],[16,8,12,20,24,4,21,5,1,3,13,23,15,22],[12,8,20,4,24,16,21,5,1,3,13,23,15,14,22],[24,12,8,20,4,16,21,5,1,23,3,13,15,22],[8,12,20,4,24,16,5,21,1,23,3,13,15,22],[16,4,24,8,12,20,5,3,21,13,15,23,22],[20,24,16,12,8,4,21,5,1,23,3,13,15,14,22],[20,24,4,16,8,12,21,5,1,3,13,22],[12,16,24,8,4,20,5,3,13,23,21,15,22],[24,4,16,12,8,20,21,5,1,3,13,15,23,14,22],[12,20,16,4,8,24,21,5,1,3,13,15,23,22],[8,16,12,24,20,4,21,5,1,23,3,13,15,14,22],[12,24,8,16,20,4,5,21,1,23,3,13,15,14,22],[12,8,16,24,20,4,21,5,1,23,3,13,15,22],[8,24,16,20,4,12,5,1,21,23,3,13,15,22],[12,24,20,8,4,16,21,5,1,3,13,15,23,14,22],[24,16,12,8,20,4,5,21,1,23,3,13,15,14,22],[4,8,20,12,24,16,21,5,1,3,13,23,14,15,22],[12,16,4,24,8,20,21,5,1,3,13,15,23,22],[8,20,12,16,4,24,5,21,1,3,13,23,15,22],[8,24,12,4,16,20,21,5,1,23,3,13,15,14,22],[20,8,4,16,24,12,5,23,1,21,3,13,15,22],[4,16,20,12,8,24,21,5,1,3,13,23,15,22],[4,20,8,24,16,12,21,5,1,23,3,13,15,14,22],[24,12,4,16,8,20,21,5,1,3,13,23,15,14,22],[8,24,12,16,4,20,5,21,1,23,3,13,15,14,22],[12,20,4,8,24,16,5,22],[16,20,4,24,12,8,5,21,1,23,3,13,15,22],[24,16,12,8,4,20,5,23,1,21,3,13,15,14,22],[4,8,24,16,12,20,21,5,1,23,3,13,15,22],[8,20,12,24,16,4,5,1,21,3,13,23,15,14,22],[24,20,8,4,12,16,21,5,1,23,3,13,15,22],[12,24,16,4,20,8,21,5,1,23,3,13,14,15,22],[12,16,24,20,4,8,21,5,1,23,3,13,15,22],[12,4,20,24,16,8,21,5,1,23,3,13,15,22],[12,20,24,16,8,4,5,13,1,21,23,3,15,14,22],[24,16,12,20,8,4,21,5,1,3,13,14,23,15,22],[8,20,16,4,12,24,5,3,21,13,23,15,22],[24,4,12,20,8,16,5,1,21,3,13,23,15,14,22],[8,20,4,16,12,24,21,5,1,23,3,13,15,14,22],[12,4,8,20,16,24,5,21,1,23,3,13,15,14,22],[16,8,4,24,20,12,5,21,1,3,13,23,15,14,22],[4,12,24,16,20,8,5,21,1,23,3,13,15,14,22],[16,12,4,24,8,20,5,1,21,23,3,13,15,22],[8,12,20,24,16,4,5,23,1,21,3,13,15,22],[4,12,8,20,24,16,21,5,1,23,3,13,15,14,22],[20,12,24,16,4,8,21,5,1,23,3,13,15,14,22],[12,20,8,16,4,24,5,21,1,23,3,13,15,22],[20,4,16,12,8,24,21,5,1,23,3,13,15,22],[4,12,16,20,24,8,21,5,1,3,13,23,15,14,22],[4,8,16,20,24,12,5,1,21,23,3,13,14,15,22],[8,12,20,16,24,4,5,14,21,1,3,13,23,15,22],[4,12,16,24,20,8,21,5,1,3,13,23,15,14,22],[4,12,8,24,20,16,5,21,1,23,3,13,15,22],[4,8,20,12,24,16,5,2,15,23,13,21,14,22],[4,24,12,16,8,20,21,5,1,23,3,13,15,14,22],[16,24,8,4,12,20,21,5,1,3,13,23,15,14,22],[8,20,24,16,12,4,5,22],[4,12,24,20,16,8,21,5,1,23,3,13,15,14,22],[8,16,12,24,4,20,5,1,21,3,13,15,23,14,22],[12,4,16,24,20,8,5,14,3,23,9,15,21,13,22],[4,24,16,12,8,20,5,3,23,13,21,15,22],[12,20,16,4,24,8,5,1,21,23,3,13,15,22],[20,8,12,24,16,4,21,5,1,3,13,15,23,14,22],[16,20,8,12,4,24,21,5,1,3,13,15,23,14,22],[4,8,16,20,12,24,21,5,1,23,3,13,15,14,22],[24,8,4,20,16,12,5,1,21,23,3,13,15,22],[16,24,12,20,4,8,21,5,1,3,13,15,23,14,22],[4,20,12,8,16,24,5,1,21,3,13,22],[16,8,24,4,20,12,21,5,1,3,13,23,15,14,22],[16,4,24,20,12,8,5,2,22],[12,8,20,4,24,16,5,3,15,21,13,23,14,22],[24,20,12,8,16,4,21,5,1,23,3,13,15,22],[16,20,24,8,12,4,5,2,15,21,13,23,22],[12,4,24,8,20,16,21,5,1,23,3,13,15,22],[8,20,4,12,16,24,21,5,1,3,13,23,15,22],[24,12,4,16,8,20,5,23,1,21,3,13,15,14,22],[12,8,20,16,4,24,21,5,1,3,13,23,15,14,22],[8,20,4,24,16,12,21,5,1,3,13,15,23,14,22],[16,12,8,24,20,4,5,1,21,3,13,15,23,22],[8,24,16,4,12,20,21,5,1,23,3,13,15,14,22],[20,8,12,24,16,4,5,22],[4,20,16,8,24,12,5,1,21,23,3,13,15,14,22],[12,24,20,16,8,4,21,5,1,3,13,15,23,22],[16,12,20,24,8,4,5,2,22],[24,4,16,20,12,8,21,5,1,3,13,23,15,22],[4,16,8,20,24,12,21,5,1,23,3,13,15,22],[4,12,8,24,16,20,21,5,1,23,3,13,15,14,22],[4,12,24,8,20,16,5,1,21,3,13,23,15,22],[16,20,8,12,4,24,21,5,1,23,3,13,15,14,22],[24,8,20,12,16,4,5,1,21,3,13,15,23,14,22],[24,12,16,8,20,4,21,5,1,3,13,15,23,22],[12,16,24,8,20,4,21,5,1,23,3,13,15,22],[24,8,12,16,4,20,5,1,21,3,13,15,23,14,22],[24,20,16,12,4,8,21,5,1,23,3,13,15,14,22],[20,16,24,12,8,4,21,5,1,3,13,15,23,14,22],[24,8,16,12,4,20,21,5,1,3,13,23,15,22],[8,4,20,12,24,16,21,5,1,23,3,13,15,22],[4,20,24,8,12,16,5,23,1,21,3,13,15,14,22],[8,16,24,20,12,4,21,5,1,3,13,15,23,14,22],[4,24,8,16,20,12,5,1,21,3,13,23,15,14,22],[8,16,12,20,4,24,21,5,1,3,13,15,23,14,22],[8,20,12,16,4,24,21,5,1,23,3,13,15,22],[20,12,16,8,24,4,5,1,21,3,13,23,15,22],[8,12,4,20,16,24,5,21,1,3,13,23,15,14,22],[20,8,24,4,16,12,5,21,1,23,3,13,15,14,22],[24,4,20,8,12,16,7,21,5,1,3,13,23,14,15,22],[8,24,4,12,20,16,5,1,21,23,3,13,15,14,22],[12,16,24,8,20,4,5,21,1,23,3,13,15,14,22],[8,16,4,12,20,24,5,21,1,23,3,13,14,15,22],[8,16,24,4,20,12,5,1,21,3,13,15,23,14,22],[4,12,24,16,20,8,21,5,1,23,3,13,15,14,22],[16,24,12,4,20,8,21,5,1,3,13,15,23,14,22],[16,8,24,4,20,12,21,5,1,23,3,13,15,22],[20,12,4,24,8,16,21,5,1,3,13,23,15,22],[8,20,12,24,16,4,21,5,1,23,3,13,15,14,22],[24,16,20,8,12,4,21,5,1,3,13,15,23,14,22],[24,12,4,8,16,20,5,3,15,21,13,23,14,22],[20,4,12,8,16,24,5,22],[20,4,8,24,16,12,5,1,21,23,3,13,15,22],[20,12,4,24,8,16,5,1,21,3,13,23,15,14,22],[12,24,16,20,8,4,5,21,1,3,13,23,15,14,22],[24,20,4,8,12,16,5,1,21,3,13,15,23,14,22],[24,8,12,4,16,20,21,5,1,3,13,15,23,22],[12,4,24,8,16,20,5,21,1,3,13,23,15,22],[8,16,20,24,4,12,5,1,21,23,3,13,15,22],[24,20,16,12,4,8,5,1,21,23,3,13,15,22],[8,24,16,4,12,20,21,5,1,3,13,23,15,22],[12,20,24,4,16,8,5,1,21,3,13,15,23,14,22],[24,20,4,12,8,16,5,21,1,3,13,23,15,22],[20,24,4,16,8,12,5,1,21,3,13,22],[12,4,20,8,24,16,21,5,1,23,3,13,15,22],[16,4,8,20,24,12,21,5,1,23,3,13,14,15,22],[16,8,20,24,12,4,21,5,1,23,3,13,15,22],[12,16,4,8,24,20,21,5,1,3,13,15,23,14,22],[8,4,20,24,12,16,5,21,1,23,3,13,15,14,22],[24,16,12,4,8,20,5,23,1,21,3,13,15,22],[12,4,24,16,8,20,21,5,1,3,13,23,15,14,22],[4,8,20,16,12,24,5,14,1,21,23,3,13,15,22],[20,4,16,12,8,24,5,21,1,23,3,13,15,14,22],[20,8,12,24,4,16,5,21,1,23,3,13,15,14,22],[8,20,16,24,12,4,21,5,1,23,3,13,15,22],[24,12,16,8,4,20,21,5,1,3,13,23,14,15,22],[8,12,20,24,16,4,5,21,1,3,13,22],[24,20,8,4,16,12,5,21,1,23,3,13,15,22],[20,24,16,8,12,4,21,5,1,23,3,13,15,22],[4,8,20,24,16,12,21,5,1,3,13,23,15,14,22],[24,12,20,8,16,4,5,1,21,3,13,23,15,22],[20,4,16,8,24,12,5,21,1,3,13,23,15,14,22],[4,16,20,8,24,12,21,5,1,23,3,13,15,14,22],[16,4,20,24,12,8,5,1,21,23,3,13,15,22],[12,8,24,4,20,16,21,5,1,23,3,13,15,14,22],[4,16,24,12,8,20,5,21,1,23,3,13,15,22],[12,4,16,20,24,8,5,22],[12,8,24,4,20,16,5,1,21,3,13,23,15,22],[12,24,16,20,8,4,5,2,15,21,13,23,22],[24,4,8,20,16,12,5,2,15,21,13,23,14,22],[12,20,16,24,4,8,5,3,13,21,23,15,22],[8,24,16,20,12,4,21,5,1,23,3,13,15,22],[20,12,16,24,4,8,21,5,1,23,3,13,15,14,22],[8,12,24,20,16,4,21,5,1,3,13,15,23,22],[8,20,4,12,24,16,5,21,1,23,3,13,15,22],[16,4,12,20,8,24,5,1,21,23,3,13,15,22],[20,8,24,12,4,16,21,5,1,23,3,13,15,14,22],[4,12,8,24,16,20,21,5,1,23,3,13,15,22],[24,20,12,16,4,8,5,1,21,3,13,23,15,22],[4,8,12,16,24,20,5,23,2,18,13,21,1,3,15,14,22],[20,8,24,12,16,4,21,5,1,23,3,13,15,14,22],[24,12,8,20,16,4,21,5,1,23,3,13,15,22],[4,20,16,8,24,12,5,21,1,3,13,23,15,22],[16,12,8,20,24,4,21,5,1,3,13,23,15,22],[8,16,4,12,20,24,5,1,21,3,13,15,23,14,22],[8,20,12,24,16,4,21,5,1,23,3,13,15,14,22],[12,24,8,4,20,16,21,5,1,23,3,13,15,22],[4,8,12,16,20,24,5,1,21,23,3,13,15,14,22],[16,24,20,4,12,8,21,5,1,23,3,13,15,14,22],[20,12,4,24,8,16,21,5,1,23,3,13,14,15,22],[16,20,24,4,8,12,21,5,1,23,3,13,15,14,22],[4,16,24,20,8,12,5,22],[12,16,8,20,4,24,23,5,1,21,3,13,15,14,22],[20,12,4,8,16,24,21,5,1,23,3,13,15,14,22],[24,16,20,4,12,8,5,22],[20,24,16,4,8,12,21,5,1,3,13,23,15,14,22],[20,4,8,24,12,16,5,3,21,13,23,15,14,22],[4,8,16,20,12,24,5,23,1,21,3,13,15,22],[8,20,24,4,16,12,5,1,21,3,13,15,23,22],[4,24,20,8,12,16,21,5,1,3,13,15,23,14,22],[16,12,24,8,4,20,21,5,1,23,3,13,15,14,22],[16,20,12,24,4,8,21,5,1,23,3,13,15,14,22],[24,12,8,16,4,20,21,5,1,23,3,13,15,22],[20,4,16,8,12,24,5,1,21,23,3,13,15,22],[8,16,20,12,24,4,5,1,21,3,13,15,23,14,22],[24,4,12,20,16,8,5,15,23,13,21,22],[20,4,8,24,12,16,21,5,1,23,3,13,15,14,22],[8,12,20,16,24,4,21,5,1,3,13,23,15,22],[24,20,4,16,8,12,21,5,1,23,3,13,15,22],[16,12,8,24,4,20,21,5,1,3,13,23,15,14,22],[4,16,24,12,8,20,5,21,1,23,3,13,15,22],[24,4,16,20,12,8,5,1,21,3,13,15,23,22],[4,20,8,16,24,12,21,5,1,3,13,15,23,14,22],[24,8,4,16,20,12,5,1,21,3,13,23,15,22],[12,4,8,20,16,24,5,21,1,23,3,13,15,14,22],[12,20,16,24,8,4,21,5,1,23,3,13,14,15,22],[24,8,4,12,20,16,5,21,1,3,13,15,23,14,22],[4,16,24,8,12,20,5,1,21,23,3,13,15,14,22],[16,12,8,20,4,24,5,21,1,23,3,13,15,22],[12,16,20,8,24,4,21,5,1,23,3,13,14,15,22],[24,20,12,8,4,16,21,5,1,23,3,13,15,14,22],[8,16,24,12,20,4,5,1,21,23,3,13,15,22],[16,24,4,20,12,8,5,1,21,3,13,15,23,14,22],[20,12,8,24,16,4,21,5,1,3,13,23,15,14,22],[4,16,12,20,24,8,5,1,21,3,13,23,15,22],[4,24,20,8,16,12,21,5,1,3,13,15,23,14,22],[20,8,16,24,4,12,21,5,1,3,13,23,15,14,22],[16,12,8,24,20,4,5,1,21,3,13,23,15,22],[12,8,4,24,16,20,21,5,1,3,13,23,15,22],[24,8,12,16,4,20,21,5,1,23,3,13,15,22],[16,24,4,12,8,20,5,1,21,3,13,15,23,22],[4,8,24,20,16,12,21,5,1,3,13,22],[12,8,16,4,24,20,5,23,3,21,13,14,17,22],[16,4,24,8,12,20,5,1,21,23,3,13,15,22],[12,20,24,4,16,8,21,5,1,23,3,13,15,14,22],[20,4,24,12,16,8,21,5,1,23,3,13,15,14,22],[16,4,8,24,20,12,5,1,21,23,3,13,15,22],[12,4,8,16,20,24,21,5,1,23,3,13,15,22],[24,20,8,4,12,16,22,19,3,5],[4,20,16,12,24,8,5,1,21,3,13,23,15,22],[16,12,20,4,8,24,21,5,1,3,13,23,15,14,22],[20,12,16,24,8,4,21,5,1,23,3,13,15,22],[12,24,8,4,20,16,5,1,21,3,13,15,23,14,22],[8,20,4,16,12,24,21,5,1,23,3,13,15,22],[24,12,4,20,8,16,21,5,1,23,3,13,15,14,22],[16,12,20,8,24,4,5,21,1,3,13,15,23,22],[4,8,24,16,20,12,5,23,2,15,21,13,22],[12,4,16,8,20,24,21,5,1,23,3,13,15,14,22],[4,20,8,24,12,16,21,5,1,23,3,13,15,14,22],[16,20,24,4,12,8,5,3,13,21,15,23,14,22],[20,4,16,12,24,8,21,5,1,23,3,13,15,22],[24,12,4,8,20,16,5,21,1,23,3,13,15,14,22],[4,8,12,16,24,20,5,1,21,3,13,15,23,22],[8,20,12,4,16,24,21,5,1,23,3,13,15,14,22],[20,12,4,24,16,8,21,5,1,23,3,13,15,14,22],[4,20,24,8,12,16,21,5,1,23,3,13,15,14,22],[20,16,12,8,24,4,21,5,1,23,3,13,15,14,22],[24,8,4,16,12,20,5,1,21,23,3,13,15,14,22],[4,16,12,20,8,24,5,21,1,23,3,13,15,14,22],[8,24,4,12,16,20,5,21,1,3,13,15,23,14,22],[24,12,16,20,4,8,5,1,21,23,3,13,15,22],[20,16,12,8,24,4,21,5,1,23,3,13,15,22],[4,20,8,12,24,16,21,5,1,3,13,15,23,14,22],[12,20,16,4,24,8,5,21,1,3,13,23,15,22],[8,12,4,24,20,16,21,5,1,23,3,13,15,22],[12,16,8,24,4,20,5,1,21,3,13,23,15,22],[16,20,12,4,8,24,21,5,1,3,13,23,15,14,22],[12,8,24,4,20,16,21,5,1,23,3,13,15,22],[12,8,4,16,24,20,21,5,1,3,13,23,15,22],[24,4,20,16,8,12,5,3,21,13,23,15,22],[24,16,20,4,8,12,5,23,1,21,3,13,15,22],[16,12,24,20,4,8,5,14,2,23,21,1,3,13,22],[12,16,8,20,24,4,5,21,1,23,3,13,15,22],[12,4,16,8,20,24,5,3,13,21,15,23,14,22],[24,16,4,8,12,20,5,3,13,21,23,15,22],[20,24,12,16,8,4,5,21,1,3,13,15,23,22],[24,20,12,8,16,4,5,21,1,23,3,13,15,22],[8,4,12,24,16,20,5,1,21,3,13,14,23,15,22],[16,8,4,24,20,12,21,5,1,23,3,13,15,22],[20,8,24,4,12,16,21,5,1,3,13,23,15,22],[16,12,8,20,24,4,21,5,1,23,3,13,15,22],[24,8,20,4,12,16,5,1,21,23,3,13,15,14,22],[4,12,24,8,20,16,5,1,21,23,3,13,15,14,22],[16,20,12,24,4,8,5,1,21,3,13,15,23,14,22],[16,24,20,4,8,12,5,1,21,23,3,13,15,22],[4,20,24,16,8,12,5,21,1,3,13,23,15,14,22],[12,4,8,24,20,16,5,21,1,3,13,23,15,14,22],[24,12,8,16,20,4,5,1,21,23,3,13,15,14,22],[12,8,4,16,20,24,21,5,1,23,3,13,15,14,22],[12,4,8,24,16,20,21,5,1,23,3,13,15,22],[4,12,20,16,8,24,21,5,1,23,3,13,15,14,22],[20,16,8,4,24,12,5,1,21,23,3,13,15,14,22],[8,20,24,16,12,4,21,5,1,23,3,13,15,14,22],[16,24,4,8,12,20,21,5,1,23,3,13,15,14,22],[16,8,20,4,12,24,21,5,1,3,13,23,14,15,22],[20,16,12,8,4,24,21,5,1,23,3,13,15,14,22],[24,12,4,8,16,20,21,5,1,3,13,23,15,14,22],[20,16,12,8,24,4,21,5,1,3,13,15,23,22],[8,20,12,16,24,4,21,5,1,23,3,13,15,14,22],[24,8,20,12,4,16,5,21,1,23,3,13,15,14,22],[4,12,16,8,24,20,23,5,3,15,13,21,14,22],[8,20,24,12,4,16,5,2,13,21,1,23,3,15,14,22],[20,4,16,8,24,12,21,5,1,23,3,13,15,14,22],[16,20,8,12,4,24,21,5,1,3,13,15,23,22],[8,4,20,16,12,24,21,5,1,23,3,13,15,14,22],[20,4,12,24,16,8,5,21,1,23,3,13,15,22],[20,8,12,24,16,4,5,1,21,23,3,13,15,22],[12,24,8,20,16,4,21,5,1,3,13,23,15,14,22],[24,12,16,8,20,4,5,23,3,13,21,14,15,22],[16,20,4,24,12,8,5,21,1,3,13,23,15,14,22],[8,20,16,24,12,4,21,5,1,23,3,13,15,22],[4,24,12,8,16,20,5,21,1,3,13,23,15,14,22],[12,16,4,8,20,24,5,1,21,3,13,15,23,14,22],[8,20,24,16,4,12,5,2,1,21,23,3,13,15,22],[12,4,8,20,16,24,5,22],[8,12,20,4,24,16,5,21,1,3,13,22],[24,16,8,12,4,20,21,5,1,23,3,13,14,15,22],[8,16,4,12,20,24,5,1,21,23,3,13,15,14,22],[24,12,4,20,8,16,5,21,1,3,13,15,23,14,22],[8,12,16,4,20,24,5,1,21,3,13,23,15,22],[12,24,4,16,20,8,21,5,1,23,3,13,15,14,22],[20,16,24,4,12,8,21,5,1,3,13,23,15,14,22],[20,16,4,24,12,8,21,5,1,3,13,15,23,14,22],[24,4,16,20,12,8,21,5,1,3,13,23,15,22],[16,12,24,8,20,4,5,23,1,21,3,13,15,22],[20,4,16,24,8,12,21,5,1,3,13,15,23,22],[8,20,16,24,12,4,21,5,1,3,13,15,23,22],[12,4,16,8,24,20,5,1,21,23,3,13,15,22],[8,20,16,4,24,12,5,21,1,23,3,13,15,14,22],[24,16,8,4,20,12,21,5,1,3,13,23,15,22],[24,16,12,20,4,8,5,15,21,13,23,14,1,3,22],[4,24,8,16,20,12,5,23,1,21,3,13,15,14,22],[20,4,24,8,12,16,5,1,21,3,13,23,15,22],[20,4,12,16,8,24,23,5,1,21,3,13,15,14,22],[4,24,16,20,12,8,5,21,1,23,3,13,15,22],[4,16,8,12,24,20,5,21,1,3,13,23,14,15,22],[24,8,12,16,20,4,21,5,1,23,3,13,15,14,22],[12,24,8,20,4,16,5,23,1,21,3,13,15,14,22],[4,20,12,16,8,24,5,21,1,23,3,13,15,14,22],[16,20,12,8,4,24,5,1,21,3,13,15,23,22],[16,12,24,20,8,4,21,5,1,3,13,15,23,14,22],[4,16,20,12,8,24,21,5,1,3,13,23,15,14,22],[4,20,24,16,8,12,21,5,1,3,13,15,23,14,22],[8,4,12,16,24,20,5,3,13,22],[20,16,4,24,12,8,21,5,1,23,3,13,15,14,22],[8,4,12,16,24,20,21,5,1,3,13,23,15,14,22],[16,8,4,20,24,12,21,5,1,3,13,23,15,14,22],[12,16,8,4,24,20,5,3,13,22],[12,8,20,4,24,16,5,21,1,3,13,23,14,15,22],[8,24,12,16,20,4,21,5,1,3,13,15,23,22],[16,12,24,8,4,20,21,5,1,23,3,13,14,15,22],[4,8,12,24,20,16,21,5,1,23,3,13,15,22],[8,12,20,4,16,24,5,21,1,3,13,22],[12,8,4,20,24,16,5,2,21,13,1,23,3,15,22],[20,8,12,4,16,24,21,5,1,23,3,13,15,22],[8,24,20,12,4,16,5,1,21,23,3,13,15,14,22],[16,4,12,20,24,8,21,5,1,3,13,23,15,14,22],[16,8,24,12,4,20,5,1,21,23,3,13,15,14,22],[16,8,20,24,4,12,5,23,1,21,3,13,15,22],[12,8,24,4,16,20,21,5,1,3,13,23,15,22],[12,16,8,20,24,4,5,1,21,23,3,13,15,14,22],[12,16,24,4,20,8,21,5,1,3,13,15,23,22],[4,12,20,24,8,16,21,5,1,22,3],[12,24,20,4,16,8,5,21,1,3,13,23,15,22],[20,12,24,16,4,8,21,5,1,23,3,13,14,15,22],[16,8,24,4,20,12,21,5,1,3,13,23,15,22],[8,16,20,4,24,12,5,1,21,3,13,23,15,22],[24,16,4,12,8,20,21,5,1,23,3,13,15,14,22],[20,8,24,12,16,4,21,5,1,23,3,13,15,22],[20,12,16,4,8,24,21,5,1,3,13,15,23,14,22],[12,8,20,16,24,4,5,1,21,3,13,23,15,14,22],[12,20,16,8,4,24,5,13,21,1,3,15,23,14,22],[8,16,12,24,20,4,21,5,1,3,13,15,23,22],[12,24,16,4,20,8,5,1,21,3,15,13,23,22],[12,16,4,20,24,8,5,3,13,23,18],[12,8,16,24,20,4,5,22],[16,12,24,20,8,4,21,5,1,3,13,15,23,14,22],[12,16,4,20,24,8,21,5,1,23,3,13,15,14,22],[24,12,8,20,16,4,21,5,1,3,13,23,14,17,15,22],[24,20,8,4,12,16,21,5,1,3,13,15,23,14,22],[24,4,16,20,12,8,21,5,1,23,3,13,15,22],[12,24,8,20,16,4,5,23,1,21,3,13,15,22],[24,8,16,12,4,20,21,5,1,3,13,15,23,14,22],[16,24,20,4,8,12,21,5,1,23,3,13,15,22],[16,20,4,8,24,12,21,5,1,3,13,23,15,14,22],[4,12,8,16,24,20,5,3,21,13,15,23,22],[12,4,8,16,20,24,21,5,1,3,13,23,15,14,22],[12,20,8,24,16,4,21,5,1,23,3,13,15,14,22],[4,24,8,20,16,12,5,2,15,21,13,23,22],[16,8,12,4,20,24,5,21,1,23,3,13,15,14,22],[16,20,4,8,12,24,21,5,1,23,3,13,15,14,22],[8,4,24,12,16,20,21,5,1,3,13,15,23,14,22],[8,4,12,24,20,16,5,23,3,15,13,21,14,22],[24,20,8,12,4,16,5,13,1,21,3,22],[4,20,24,8,12,16,5,1,21,23,3,13,15,22],[20,8,24,16,4,12,5,2,14,1,21,23,3,13,19,17],[20,4,8,24,12,16,21,5,1,3,13,15,23,14,22],[4,20,16,24,12,8,5,21,1,3,13,23,14,15,22],[20,16,24,4,8,12,5,1,21,3,15,13,23,14,22],[4,16,20,8,24,12,5,21,1,3,13,23,15,22],[4,20,12,24,16,8,5,21,1,3,13,23,15,22],[12,16,24,8,4,20,21,5,1,23,3,13,15,14,22],[24,20,16,12,8,4,21,5,1,23,3,13,15,22],[16,4,12,20,24,8,21,5,1,23,3,13,14,15,22],[24,8,4,12,20,16,21,5,1,23,3,13,14,17,15,22],[8,16,20,24,12,4,21,5,1,3,13,22],[16,20,8,24,4,12,5,23,3,15,13,21,14,22],[4,12,24,8,16,20,5,23,2,13,15,21,14,22],[4,20,16,24,8,12,21,5,1,3,13,15,23,14,22],[8,24,12,4,20,16,21,5,1,3,13,15,23,22],[8,4,12,16,20,24,21,5,1,3,13,23,14,15,22],[20,16,24,12,4,8,5,1,21,23,3,13,15,14,22],[16,8,4,24,20,12,5,3,6,22],[24,16,8,20,12,4,5,23,2,13,15,21,14,22],[24,20,8,12,16,4,5,3,15,21,13,23,22],[20,12,24,8,16,4,21,5,1,23,3,13,15,22],[20,12,8,24,16,4,21,5,1,23,3,13,15,22],[12,20,16,4,8,24,21,5,1,23,3,13,15,14,22],[24,16,4,12,20,8,21,5,1,23,3,13,15,14,22],[4,12,20,8,24,16,21,5,1,3,13,15,23,22],[20,12,8,4,16,24,5,1,21,3,13,15,23,14,22],[8,24,12,20,4,16,21,5,1,23,3,13,15,22],[24,12,16,4,20,8,5,1,21,3,13,15,23,22],[4,8,16,24,12,20,5,3,18,23,13],[20,8,12,4,24,16,5,21,1,3,13,15,23,22],[4,8,24,20,16,12,5,3,13,23,21,15,22],[12,16,8,20,24,4,21,5,1,23,3,13,14,15,22],[16,4,24,8,12,20,21,5,1,3,13,23,15,22],[24,4,12,8,16,20,5,3,13,23,21,15,22],[16,12,20,8,4,24,5,1,21,3,13,23,15,22],[8,20,4,12,16,24,5,22],[16,4,8,20,24,12,5,21,1,3,13,23,15,22],[4,16,12,8,24,20,21,5,1,23,3,13,15,22],[20,12,4,16,8,24,21,5,1,23,3,13,15,22],[4,24,16,8,12,20,5,1,21,23,3,13,15,14,22],[8,20,12,16,4,24,5,21,1,3,13,15,23,14,22],[20,8,24,16,4,12,21,5,1,3,13,23,15,22],[4,20,12,24,8,16,5,23,1,21,3,13,15,22],[12,24,8,4,20,16,21,5,1,23,3,13,15,22],[4,16,20,8,24,12,21,5,1,3,13,23,15,22],[20,24,8,4,12,16,5,1,21,3,13,23,15,14,22],[4,12,24,16,8,20,21,5,1,23,3,13,15,14,22],[16,8,4,12,20,24,21,5,1,23,3,13,15,14,22],[4,12,20,16,24,8,21,5,1,3,13,15,23,22],[8,20,4,16,24,12,5,15,21,13,23,14,1,3,22],[20,24,16,12,4,8,5,15,13,21,23,22],[8,20,24,16,4,12,21,5,1,3,13,15,23,14,22],[24,20,8,12,16,4,5,1,21,23,3,13,15,22],[12,16,4,20,24,8,21,5,1,3,13,15,23,14,22],[20,4,12,8,24,16,5,1,21,3,13,15,23,14,22],[8,16,12,20,24,4,21,5,1,23,3,13,15,14,22],[20,8,16,12,24,4,5,1,21,3,13,23,15,22],[16,24,4,20,12,8,21,5,1,3,13,23,15,22],[12,4,20,24,16,8,21,5,1,3,13,15,23,22],[24,8,12,4,16,20,21,5,1,23,3,13,15,14,22],[4,24,20,12,8,16,21,5,1,23,3,13,15,14,22],[4,12,16,8,20,24,21,5,1,3,13,15,23,14,22],[12,4,8,24,20,16,21,5,1,3,13,15,23,14,22],[16,4,12,8,24,20,21,5,1,23,3,13,15,22],[24,4,12,20,8,16,21,5,1,3,13,15,23,14,22],[8,12,24,16,20,4,5,1,21,3,13,23,15,14,22],[16,12,20,8,4,24,5,13,3,21,14,23,22],[24,12,4,20,8,16,5,1,21,3,13,23,15,14,22],[12,4,8,16,20,24,5,21,1,3,13,23,15,14,22],[20,24,12,8,16,4,5,3,13,18,21,15,23,22],[12,16,8,4,20,24,5,21,1,23,3,13,15,14,22],[4,12,8,24,16,20,21,5,1,3,13,15,23,14,22],[4,20,8,16,12,24,5,21,1,23,3,13,15,14,22],[4,20,8,16,24,12,21,5,1,3,13,23,15,22],[4,16,8,12,24,20,5,21,1,23,3,13,15,22],[24,8,20,12,4,16,5,3,23,21,13,15,22],[20,12,4,24,8,16,21,5,1,3,13,15,23,14,22],[4,8,20,16,12,24,21,5,1,23,3,13,15,14,22],[20,4,8,16,12,24,21,5,1,23,3,13,15,22],[8,16,4,24,20,12,5,1,21,3,13,23,15,22],[4,20,8,24,12,16,21,5,1,23,3,13,15,22],[12,4,20,8,16,24,5,15,21,13,23,14,1,3,22],[20,24,12,4,16,8,21,5,1,3,13,23,15,22],[12,16,20,24,4,8,5,1,21,3,13,15,23,14,22],[20,24,12,16,4,8,21,5,1,3,13,15,23,22],[16,20,8,4,12,24,21,5,1,3,13,15,23,22],[8,12,4,24,20,16,21,5,1,3,13,23,15,14,22],[4,8,16,12,24,20,21,5,1,23,3,13,15,14,22],[24,20,8,4,12,16,5,21,1,3,13,23,15,14,22],[24,16,8,20,12,4,21,5,1,23,3,13,15,22],[16,24,4,12,20,8,21,5,1,3,13,23,15,22],[24,4,8,20,16,12,5,1,21,3,13,15,23,22],[4,20,8,16,12,24,5,23,1,21,3,13,15,22],[4,12,24,16,8,20,21,5,1,23,3,13,14,22],[12,24,4,16,20,8,21,5,1,3,13,15,23,14,22],[4,8,16,20,24,12,21,5,1,3,13,15,23,14,22],[24,4,12,16,20,8,21,5,1,23,3,13,15,14,22],[16,24,4,8,12,20,21,5,1,3,13,15,23,14,22],[8,12,4,24,16,20,5,21,1,23,3,13,15,22],[20,12,16,24,4,8,21,5,1,3,13,15,23,22],[4,16,12,24,8,20,21,5,1,3,13,15,23,22],[8,20,16,4,12,24,21,5,1,3,13,23,15,22],[12,16,8,20,4,24,5,1,21,23,3,13,14,15,22],[24,12,16,4,20,8,21,5,1,3,13,23,15,22],[24,8,20,16,4,12,5,1,21,23,3,13,15,14,22],[12,8,4,16,24,20,21,5,1,23,3,13,15,22],[16,8,4,20,24,12,5,1,21,23,3,13,15,14,22],[20,4,12,16,24,8,21,5,1,23,3,13,15,22],[8,16,24,20,4,12,21,5,1,3,13,23,15,14,22],[8,20,16,24,12,4,5,23,1,21,3,13,15,22],[8,20,12,24,16,4,5,1,21,23,3,13,15,22],[20,16,4,8,24,12,5,1,21,23,3,13,15,14,22],[20,16,12,24,8,4,21,5,1,23,3,13,15,22],[4,12,20,16,8,24,5,1,21,23,3,13,15,22],[16,20,4,8,12,24,5,21,1,3,13,23,15,22],[20,16,4,12,8,24,5,21,1,23,3,13,15,22],[20,24,12,16,8,4,5,21,1,23,3,13,15,22],[20,8,4,12,16,24,21,5,1,3,13,15,23,22],[4,16,24,20,8,12,5,21,1,3,13,23,15,22],[20,12,24,8,4,16,21,5,1,23,3,13,15,14,22],[20,4,8