{"problem_id":"2DE7bo9r4RobfTw","sigma":75,"alpha":10.000,"cost":1,"probabilities":"[0.29, 0.33, 0.22, 0.16]","payoff_matrix":"[[-77, -83, 76, -1, 81, -1], [79, 60, -35, 144, 21, 29], [-91, -88, -60, 77, -44, -6], [0, 87, 15, -52, -40, -16]]","uncovered":[[18,2,22,1,21,17,6,5,14,13,15],[6,10,18,2,1,14,5,22,13,21],[18,2,10,14,1,6,5,22,13,21],[22,18,17,6,5,10,2,1,14,13,15],[2,6,5,22,21,14,1,18,10,13],[2,6,1,10,18,14,5,22,21,13],[22,18,21,17,2,1,14,13,15],[6,2,5,22,1,10,14,18,21,13],[6,10,14,13,5,18,22,2,1,21],[2,6,1,18,22,21,5,17,10,14,13,15],[10,6,22,5,2,1,14,18,21,13],[22,10,18,17,14,13,15],[6,14,13,5,10,18,22,2,1,21],[14,6,13,5,10,18,2,1,21],[14,18,6,13,5,2,1,22,10,21],[10,14,22,6,5,18,2,1,13,21],[22,18,21,17,6,5,10,2,1,14,13,15],[10,18,14,22,2,1,6,13,5,21],[14,10,18,22,2,1,5,13,21],[18,6,14,5,10,1,22,13,21],[14,21,2,13,1,6,5,10,18,17,19],[14,22,18,10,6,5,2,13,1,21],[10,22,14,18,5,2,1,21,13],[14,6,13,5,18,2,1,10,22,21],[22,10,2,21,18,6,1,5,17,14,13,19],[14,22,18,10,6,5,2,13,1,21],[22,10,18,17,14,13,19,2,1,6,5],[6,22,21,5,10,18,17,14,13,19,2,1],[10,18,14,6,13,5,2,1,22,21],[18,2,14,1,21,6,5,10,13],[6,10,2,1,18,22,21,5,17,14,13,19],[2,10,18,22,1,21,17,6,5,14,13,19],[22,6,5,2,21,18,10,14,1,13],[6,22,21,5,14,18,10,2,13,1],[2,18,22,1,17,14,13,15],[10,18,22,17,2,1,6,5,14,13,15],[6,10,18,14,13,5,22,1,21],[22,10,18,21,17,14,13,15],[22,2,21,1,18,17,10,14,13,15],[22,6,5,2,1,14,9,10,18,13,21],[6,2,1,14,5,10,22,17,18,13,15],[2,14,1,6,5,18,22,10,13,21],[6,14,5,10,18,22,2,1,13,21],[10,18,6,22,21,5,17,2,1,14,13,15],[2,10,14,13,1,6,5,22,18,21],[14,10,2,13,1,6,5,18,22,21],[22,2,1,14,18,6,13,5,10,21],[2,14,1,18,22,6,13,5,10,21],[14,22,2,13,1,18,6,5,10,21],[2,14,13,1,18,10,6,5,22,21],[10,6,22,21,5,18,17,2,1,14,13,19],[6,22,5,14,10,18,2,1,21,13],[6,10,22,21,5,2,1,18,17,14,13,19],[22,18,17,6,5,14,13,15],[2,14,1,6,5,10,23,18,22,13],[14,18,22,10,6,13,5,1,21],[2,14,13,1,18,22,10,6,5,21],[10,2,22,21,18,6,5,1,17,14,13,15],[22,6,21,5,18,17,10,2,1,14,13,15],[6,14,13,5,2,1,22,10,18,21],[10,14,1,6,13,5,18,22,21],[22,14,18,6,5,9,10,2,1,13,21],[14,10,2,13,1,6,5,18,22,21],[6,22,5,2,1,14,18,10,13,21],[10,14,18,1,6,5,22,21,13],[10,18,6,14,5,2,13,1,22,21],[10,18,22,21,17,14,13,19,6,5,2,1],[10,2,6,5,14,1,18,22,21,13],[14,18,6,13,5,10,1,22,21],[6,14,5,22,18,2,13,1,10,21],[22,2,1,6,5,18,21,17,10,14,13,15],[14,22,2,13,1,6,5,10,18,21],[18,10,14,22,2,13,1,6,5,21],[18,2,6,5,22,1,17,10,14,13,19],[2,18,22,21,1,17,6,5,14,13,19,10],[14,6,5,22,18,2,13,1,10,21],[2,22,21,18,10,1,17,6,5,14,13,15],[14,2,1,10,6,13,5,18,22,21],[22,14,6,5,18,10,2,13,1,21],[2,6,5,22,21,10,14,1,18,13],[10,6,22,5,2,21,14,13,1,18],[18,2,6,1,10,22,21,5,17,14,13,15],[14,18,10,22,6,13,5,2,1,21],[18,22,17,14,13,19,10,2,1,6,5],[6,10,22,5,18,21,17,2,1,14,13,15],[14,22,10,6,5,2,1,18,21,13],[6,2,1,22,5,14,10,18,24,13],[18,22,21,17,10,6,5,14,13,19,2,1],[10,22,14,6,5,18,1,21,13],[14,22,2,13,1,18,6,5,10,21],[14,6,5,18,22,10,2,1,21,13],[10,14,22,18,2,13,1,6,5,21],[18,6,22,21,5,17,2,1,14,13,19,10],[6,18,10,22,5,17,14,13,15],[14,2,1,18,6,13,5,10,22,21],[22,10,18,21,17,6,5,14,13,15],[6,18,10,2,1,22,5,17,14,13,15],[2,14,1,6,5,10,18,22,21,13],[18,10,22,21,17,14,13,15],[2,18,10,22,21,1,17,14,13,15],[2,14,13,1,22,6,5,10,18,21],[2,14,13,1,5,10,18,22,21],[14,22,6,5,18,10,2,13,1,21],[18,6,14,5,10,22,2,13,1,21],[10,18,14,2,1,22,6,13,5,21],[22,2,21,1,18,17,6,5,10,14,13,15],[2,10,22,21,1,6,5,18,17,14,13,15],[18,14,6,13,5,9,10,2,1,22,21],[22,14,18,2,13,1,6,5,10,21],[10,14,18,6,13,5,2,1,22,21],[6,18,14,13,5,10,22,2,1,21],[2,10,6,1,14,5,22,18,13,21],[14,10,2,13,1,18,6,5,22,21],[2,6,5,14,1,10,22,18,21,13],[6,2,1,18,14,13,5,22,10,21],[2,22,1,6,21,5,14,18,10,13],[10,14,18,2,1,6,13,5,22,21],[10,6,22,21,5,2,1,18,17,14,13,19],[18,10,6,2,1,14,5,22,13,21],[10,22,6,21,5,14,18,2,13,1],[6,10,2,5,18,14,13,1,22,21],[2,10,14,13,1,6,5,18,22,21],[10,14,22,2,1,18,6,5,21,13],[14,22,18,2,13,1,6,5,10,21],[18,6,22,21,5,17,14,13,15],[18,22,21,17,14,13,19,2,1,6,5,9,10],[2,6,1,10,22,21,5,18,17,14,13,19],[10,6,18,2,5,22,1,21,17,14,13,19],[2,18,14,13,1,10,6,5,22,21],[6,2,1,22,21,5,10,18,17,14,13,19],[18,14,22,2,1,10,6,13,5,21],[6,22,21,5,18,17,14,13,19,2,1,10],[2,14,13,1,6,5,18,22,10,21],[2,14,1,6,13,5,10,18,22,21],[10,18,14,2,1,22,6,5,13,21],[10,22,14,2,1,6,5,18,13,21],[2,6,1,10,22,21,5,14,18,13],[10,14,22,18,6,5,2,13,1,21],[14,22,18,6,5,10,2,13,1,21],[18,10,6,22,21,5,17,14,13,19,2,1],[18,22,17,14,13,19,1,10,6,5],[6,10,2,5,22,1,14,18,21,13],[2,18,10,14,13,1,6,5,22,21],[6,14,5,18,2,1,22,9,10,13,21],[6,2,1,22,21,5,18,17,14,13,15],[14,22,2,13,1,18,6,5,10,21],[22,6,21,5,14,18,10,2,1,13],[2,10,22,21,1,18,17,6,5,14,13,19],[22,18,21,17,14,13,19,10,2,1,6,5],[22,18,17,2,1,10,14,13,19,6,5],[6,14,13,5,22,18,2,1,10,21],[14,6,5,10,2,1,18,22,21,13],[2,22,1,6,5,14,10,18,21,13],[6,14,5,18,2,13,1,22,10,21],[6,2,5,22,1,10,18,21,17,14,13,15],[10,2,14,1,18,21,6,5,13,17,15],[18,2,22,1,17,14,13,19,10,6,5],[22,2,1,10,14,18,6,5,21,13],[6,10,18,2,1,22,21,5,17,14,13,15],[10,18,22,17,14,13,19,6,5,1],[2,22,21,14,13,1,10,6,5,18],[22,14,6,5,18,10,2,13,1,21],[6,22,21,5,18,17,10,2,1,14,13,15],[2,6,1,14,13,5,18,22,10,21],[18,10,22,21,17,2,1,6,5,14,13,15],[14,18,6,13,5,10,22,2,1,21],[14,6,13,5,18,2,1,10,22,21],[2,14,1,10,17,18,13,19,22,6,5],[18,2,10,14,13,1,6,5,22,21],[10,6,22,21,5,2,18,14,13,1],[2,22,1,10,6,21,5,18,17,14,13,15],[14,10,22,18,2,1,6,13,5,21],[18,2,14,1,10,22,5,21,13],[2,22,21,18,6,1,5,17,10,14,13,15],[14,10,2,1,6,13,5,22,18,21],[18,14,22,10,2,1,6,5,21,13],[14,2,1,10,6,5,18,22,13,21],[6,18,2,1,10,22,5,17,14,13,19],[6,22,21,5,14,10,18,2,13,1],[2,14,13,1,22,10,6,5,18,21],[14,2,1,22,6,5,10,18,21,13],[14,6,13,5,2,1,10,18,22,21],[18,14,2,13,1,10,22,6,5,21],[6,14,13,5,18,2,1,10,21],[2,22,21,14,1,10,18,6,13,5],[10,18,6,2,5,14,1,22,21,13],[18,2,22,21,6,5,1,17,14,13,19,10],[6,18,22,21,5,17,2,1,14,13,15],[2,18,6,1,22,21,5,17,14,13,19,10],[2,14,13,1,10,22,6,5,18,21],[2,6,5,18,14,13,1,22,10,21],[14,6,5,10,22,18,2,13,1,21],[14,22,2,13,1,6,5,18,10,21],[10,6,2,5,22,21,18,1,17,14,13,19],[22,6,21,5,10,2,18,14,13,1],[10,2,18,22,1,17,14,13,15],[10,6,22,5,18,21,17,2,1,14,13,19],[2,22,1,18,21,17,6,5,14,13,15],[18,6,22,21,5,17,2,1,10,14,13,15],[22,14,18,2,1,10,6,5,13,21],[22,10,2,1,6,5,18,17,14,13,19],[10,2,6,5,18,14,1,21,17,13,15],[10,18,22,21,17,6,5,14,13,15],[2,6,5,18,14,1,10,22,13,21],[10,2,14,13,1,18,6,5,22,21],[22,2,1,18,17,10,14,13,15],[2,14,13,1,18,21,6,5,10,17,19],[22,14,10,6,13,5,18,2,1,21],[18,14,2,13,1,10,6,5,22,21],[18,6,2,5,10,22,21,14,13,1],[2,10,22,21,18,1,17,14,13,15],[10,22,2,21,1,6,5,14,18,13],[18,10,2,14,1,6,5,22,13,21],[2,14,1,22,18,6,13,5,10,21],[22,10,14,2,13,1,6,5,18,21],[10,6,18,2,1,22,5,17,14,13,19],[18,22,17,14,13,15],[2,14,1,6,13,5,22,18,10,21],[22,6,5,14,18,10,2,13,1,21],[10,14,2,1,6,13,5,22,18,21],[14,2,1,22,18,6,5,10,13,21],[2,6,1,14,5,10,17,18,13,19,21],[18,22,21,17,14,13,19,6,5,2,1,10],[14,22,2,13,1,18,6,5,10,21],[6,22,21,5,10,2,18,14,13,1],[22,10,14,2,1,18,6,13,5,21],[22,18,21,17,10,6,5,2,1,14,13,15],[22,18,17,2,1,14,13,19,6,5,10],[14,2,1,22,10,6,5,18,13,21],[10,18,14,21,6,13,5,2,1],[22,2,21,10,18,6,1,5,17,14,13,15],[18,10,2,14,13,1,6,5,22,21],[14,6,13,5,10,18,22,2,1,21],[10,6,22,5,2,21,1,14,18,13],[10,22,2,21,1,18,17,14,13,15],[14,10,6,13,5,18,2,1,22,21],[10,18,6,14,13,5,2,1,22,21],[18,2,6,5,10,14,1,22,13,21],[2,14,13,1,18,22,10,6,5,21],[2,10,22,21,1,18,17,14,13,15],[2,6,5,18,10,14,1,22,21,13],[22,6,5,14,2,1,10,18,13,21],[6,2,1,18,10,22,5,17,14,13,19,21],[10,14,22,6,5,2,1,18,21,13],[10,22,18,21,17,6,5,14,13,19,2,1],[10,6,14,5,22,18,2,1,21,13],[22,6,5,10,18,17,2,1,14,13,19],[2,10,22,1,18,21,17,6,5,14,13,15],[22,14,6,13,5,18,2,1,9,10,21],[18,6,2,1,22,5,17,10,14,13,15],[14,22,6,13,5,2,1,18,10,21],[14,2,1,18,6,5,22,10,21,13],[2,6,5,22,21,10,14,1,18,13],[10,18,6,14,5,2,1,22,13,21],[14,2,13,1,6,5,17,18,15],[10,22,6,21,5,14,2,1,17,18,13,15],[6,14,13,5,22,10,18,2,1,21],[22,6,5,18,21,17,2,1,14,13,15],[14,22,18,10,6,13,5,2,1,21],[10,6,18,14,5,22,2,13,1,21],[14,22,2,1,10,18,6,13,5,21],[6,14,5,2,1,17,18,13,15],[14,6,5,10,18,22,2,13,1,21],[10,14,22,2,13,1,18,5,21],[2,10,6,1,22,21,5,14,18,13],[2,22,1,6,5,10,14,18,13,21],[18,10,22,21,17,14,13,15],[14,18,10,22,2,1,6,5,13,21],[2,22,21,14,13,1,10,6,5,18],[18,6,14,5,2,13,1,22,10,21],[18,22,17,10,2,1,6,5,14,13,15],[2,6,5,10,18,14,1,22,13,21],[10,22,6,5,2,1,14,18,13,21],[10,22,18,17,14,13,19,6,5,1],[14,6,5,22,18,2,13,1,10,21],[14,10,6,13,5,22,2,1,18,21],[10,22,6,5,14,2,13,1,18,21],[18,14,22,10,2,13,1,6,5,21],[6,18,2,1,14,5,22,10,21,13],[18,6,22,5,21,17,10,14,13,15],[10,6,2,1,22,5,14,18,13,21],[14,10,18,22,5,2,13,1,21],[6,14,13,5,10,2,1,18,22,21],[18,10,22,17,14,13,15],[2,18,10,14,13,1,6,5,21,17,19],[18,2,22,14,13,1,6,5,10,21],[2,14,1,6,5,10,18,22,21,13],[10,6,2,5,14,1,18,22,21,13],[10,22,2,1,14,18,6,13,5,21],[10,6,14,5,18,2,1,22,13,21],[14,18,10,22,2,1,6,5,13,21],[6,22,5,10,18,21,17,14,13,15],[2,18,10,22,1,21,17,14,13,19,6,5],[22,6,5,10,14,2,1,17,18,13,19],[22,14,18,2,1,6,13,5,10,21],[10,2,18,6,1,14,5,22,21,13],[18,10,2,22,1,21,17,6,5,14,13,15],[18,6,10,22,21,5,17,14,13,19,2,1],[14,6,5,18,22,2,1,10,13,21],[6,18,2,1,14,13,5,22,10,21],[22,10,14,18,6,5,2,1,13,21],[22,2,21,10,1,6,5,14,18,13],[14,10,6,13,5,2,1,18,22,21],[6,22,5,2,21,1,14,18,10,13],[2,10,22,1,6,21,5,14,18,13],[10,6,18,2,5,22,21,14,13,1],[18,2,14,1,6,13,5,10,21],[22,14,10,6,5,18,2,1,21,13],[14,22,9,10,2,1,18,6,13,5,21],[6,10,14,5,22,2,13,1,18,21],[6,18,10,22,5,17,2,1,14,13,15],[10,2,18,14,13,1,6,5,22,21],[2,18,10,22,1,21,17,14,13,15],[2,10,14,13,1,22,6,5,18,21],[18,22,17,6,5,14,13,19,2,1,10],[10,6,2,1,18,14,5,22,13,21],[10,18,6,2,5,14,13,1,22,21],[22,14,18,10,6,5,2,1,13,21],[6,22,21,5,10,2,1,14,17,18,13,15],[22,6,21,5,14,10,2,1,18,13],[14,2,13,1,22,18,5,10,21],[2,18,22,1,17,10,6,5,14,13,19],[2,22,1,6,5,14,18,9,10,13,21],[10,22,14,6,13,5,18,2,1,21],[2,14,13,1,10,6,5,18,22,21],[10,6,2,5,22,1,18,17,14,13,19],[2,18,10,22,1,21,17,14,13,15],[6,10,14,5,22,18,2,1,13,21],[10,14,6,13,5,19,2,1,22,21],[6,14,5,22,10,18,2,13,1,21],[6,14,5,9,10,2,13,1,22,18,21],[10,6,22,21,5,14,18,2,13,1],[18,2,10,22,21,14,13,1,6,5],[2,6,1,14,13,5,18,22,10,21],[22,10,18,21,17,2,1,14,13,19,6,5],[22,14,18,6,13,5,2,1,10,21],[22,6,21,5,18,17,14,13,15],[10,6,2,1,22,5,14,18,13,21],[22,2,1,18,17,10,14,13,19,6,5],[2,14,1,19,10,22,5,21,13],[6,14,5,22,18,10,2,1,21,13],[14,6,13,5,10,2,1,22,18,21],[22,14,18,10,2,13,1,6,5,21],[2,14,1,22,10,18,6,5,21,13],[10,6,22,21,5,14,2,13,1,18],[18,6,10,2,5,22,21,1,17,14,13,19],[10,18,22,21,17,6,5,2,1,14,13,19],[6,2,1,22,5,10,14,18,21,13],[10,18,14,2,13,1,6,5,22,21],[18,22,17,6,5,2,1,10,14,13,15],[18,22,21,17,2,1,6,5,14,13,15],[2,10,14,1,6,13,5,18,22,21],[6,10,2,5,14,13,1,22,18,21],[2,6,1,14,5,18,10,22,13,21],[2,6,1,18,22,21,5,17,14,13,19,10],[22,10,14,18,2,1,6,5,13,21],[14,10,2,13,1,6,5,22,18,21],[18,14,6,13,5,10,22,2,1,21],[10,2,22,21,1,14,18,6,13,5],[14,10,2,1,6,13,5,18,22,21],[22,14,2,13,1,18,10,6,5,21],[18,22,21,17,14,13,15],[6,10,18,14,13,5,22,2,1,21],[18,6,14,5,10,2,1,22,21,13],[14,6,5,18,10,2,13,1,22,21],[14,2,1,6,5,22,10,18,13,21],[14,9,10,18,6,5,2,13,1,22,21],[2,10,18,6,5,22,21,14,13,1],[10,6,2,1,14,13,5,18,22,21],[6,18,10,2,1,22,21,5,17,14,13,15],[22,10,14,6,5,18,2,13,1,21],[14,10,6,5,22,2,1,18,21,13],[2,10,18,14,1,22,6,5,13,21],[22,18,17,6,5,14,13,15],[10,22,2,21,1,18,17,14,13,15],[22,2,21,6,5,14,13,1,10,17,18,19],[6,22,21,5,14,2,13,1,10,18],[10,6,18,14,13,5,2,1,21,17,19],[18,22,21,17,14,13,19,2,1,6,5,10],[10,6,2,5,22,1,18,17,14,13,19],[18,10,6,22,21,5,17,2,1,14,13,15],[6,18,22,21,5,17,10,2,1,14,13,15],[6,14,13,5,18,10,22,2,1,21],[22,2,1,6,21,5,18,17,10,14,13,15],[14,6,5,18,2,13,1,22,9,10,21],[2,6,5,10,18,22,1,21,17,14,13,19],[14,22,18,2,13,1,10,5,21],[10,14,22,6,5,18,2,1,13,21],[2,14,13,1,22,10,18,6,5,21],[14,6,13,5,22,2,1,18,10,21],[14,22,17,18,13,15],[6,18,2,5,14,1,22,10,13,21],[22,6,21,5,2,14,1,10,18,13],[10,14,22,2,13,1,6,5,18,21],[10,18,22,21,17,14,13,15],[18,6,14,5,22,2,13,1,10,21],[22,6,5,18,21,17,10,2,1,14,13,19],[14,6,13,5,9,10,18,22,2,1,21],[14,22,2,13,1,10,6,5,18,21],[18,22,17,14,13,15],[6,22,21,5,2,1,18,17,10,14,13,15],[6,14,13,5,18,22,10,2,1,21],[10,18,22,17,14,13,19,6,5,2,1],[6,10,14,5,22,2,1,18,13,21],[10,2,6,5,22,1,14,18,21,13],[10,14,18,6,5,22,2,1,13,21],[18,10,14,6,5,1,22,13,21],[18,10,6,22,21,5,17,2,1,14,13,19],[14,18,10,2,13,1,22,6,5,21],[22,18,17,14,13,19,5,10,2,1],[6,2,1,14,5,22,18,10,21,13],[18,6,14,13,5,2,1,10,21],[14,22,6,5,2,1,18,10,21,13],[14,10,6,5,22,18,2,13,1,21],[10,14,6,13,5,22,2,1,18,21],[14,18,10,6,13,5,22,2,1,21],[2,14,1,17,18,13,15],[10,22,14,2,13,1,18,6,5,21],[14,22,6,13,5,10,18,2,1,21],[10,22,14,2,1,18,6,5,21,13],[18,6,10,22,5,17,2,1,14,13,19],[22,2,1,14,6,5,10,18,21,13],[14,2,13,1,10,18,22,6,5,21],[14,19,10,5,22,2,1,21,13],[14,10,1,18,6,5,22,13,21],[14,6,13,5,22,10,18,2,1,21],[22,18,21,17,14,13,19,1,10,6,5],[18,14,21,2,13,1,10,6,5,17,19],[14,10,2,13,1,18,6,5,22,21],[6,2,5,14,1,18,10,22,13,21],[22,18,21,17,6,5,10,2,1,14,13,15],[14,10,22,18,6,13,5,2,1,21],[10,2,18,22,21,1,17,14,13,19,6,5],[14,10,2,1,6,5,22,18,21,13],[10,2,18,22,1,21,17,14,13,19,6,5],[6,10,18,14,5,22,2,1,21,13],[10,18,6,2,5,22,21,14,1,13],[18,6,2,5,22,1,17,14,13,15],[18,14,22,6,13,5,2,1,10,21],[2,10,14,1,6,5,18,22,21,13],[22,2,1,6,5,18,21,17,14,13,15],[22,18,21,17,2,1,10,6,5,14,13,19],[22,10,14,18,2,13,1,6,5,21],[10,18,14,6,5,22,2,13,1,21],[22,10,6,21,5,14,18,2,13,1],[18,6,22,21,5,17,10,2,1,14,13,15],[6,22,5,10,14,18,2,1,13,21],[18,10,6,14,5,2,13,1,22,21],[10,18,22,21,17,2,1,14,13,19,6,5],[14,2,13,1,6,5,10,22,18,21],[10,18,6,2,5,14,13,1,22,21],[14,10,6,5,18,22,2,1,13,21],[6,22,5,10,18,21,17,14,13,19,2,1],[22,10,14,2,1,6,5,18,13,21],[14,18,22,10,6,13,5,2,1,21],[22,2,21,18,10,14,13,1,6,5],[14,22,2,13,1,6,5,10,18,21],[14,22,10,6,13,5,18,2,1,21],[14,6,5,22,18,1,10,13,21],[10,18,6,14,5,22,1,21,13],[18,14,10,22,6,5,2,1,21,13],[14,10,6,13,5,22,2,1,18,21],[18,10,2,22,21,1,17,6,5,14,13,19],[14,2,13,1,10,22,6,5,18,21],[14,22,6,13,5,2,1,10,18,21],[22,14,1,10,18,6,13,5,21],[18,2,10,6,5,22,1,17,14,13,19],[2,18,14,13,1,22,10,6,5,21],[6,14,5,22,2,13,1,18,10,21],[2,18,10,22,1,21,17,6,5,14,13,15],[6,22,5,2,1,14,10,18,13,21],[18,22,21,17,10,2,1,14,13,15],[10,2,18,22,21,14,13,1,6,5],[22,6,5,10,2,1,18,17,14,13,19],[10,18,22,17,2,1,6,5,14,13,19],[22,2,21,1,18,17,14,13,19,6,5,10],[10,22,18,21,17,6,5,14,13,19,2,1],[22,2,21,18,1,17,10,6,5,14,13,19],[14,2,1,18,10,22,6,13,5,21],[2,14,1,10,22,6,5,18,13,21],[14,6,13,5,22,2,1,18,10,21],[22,14,10,18,6,5,2,13,1,21],[22,10,2,1,6,21,5,18,17,14,13,19],[14,10,2,13,1,18,22,6,5,21],[10,18,22,21,17,6,5,14,13,19,2,1],[14,6,13,5,10,2,1,22,18,21],[22,10,2,21,1,6,5,14,18,13],[6,14,13,5,2,1,18,21,10],[6,22,5,18,21,17,2,1,10,14,13,19],[18,22,21,17,2,1,10,6,5,14,13,19],[10,6,22,21,5,18,17,2,1,14,13,19],[6,14,5,2,13,1,22,18,10,21],[14,6,5,10,22,2,1,18,21,13],[2,22,21,18,1,17,6,5,10,14,13,15],[22,14,2,13,1,18,6,5,10,21],[22,2,21,18,10,6,1,5,17,14,13,19],[18,10,14,22,6,5,2,13,1,21],[14,2,1,22,6,13,5,18,10,21],[6,22,5,18,17,10,14,13,19,2,1],[14,6,5,10,18,2,1,22,13,21],[14,2,1,6,13,5,18,22,10,21],[14,10,22,2,1,18,6,5,13,21],[10,22,14,6,5,1,18,13,21],[2,22,10,21,14,13,1,6,5,18],[14,6,5,22,2,1,18,10,13,21],[10,18,22,21,17,2,1,6,5,14,13,15],[14,22,6,5,18,2,1,10,21,13],[2,22,21,18,14,1,10,6,13,5],[18,6,2,1,10,14,13,5,22,21],[10,22,6,5,2,21,18,14,1,13],[10,22,2,1,18,17,6,5,14,13,19],[18,2,22,1,21,17,6,5,14,13,15],[2,6,1,14,5,22,18,10,21,13],[2,22,21,6,1,5,10,18,17,14,13,19],[14,6,5,22,18,2,13,1,10,21],[10,2,6,1,18,14,5,22,13,21],[18,2,22,1,17,6,5,10,14,13,15],[22,2,1,10,14,17,18,13,15],[18,6,10,2,1,14,5,22,13,21],[6,10,18,2,5,22,1,21,17,14,13,19],[14,2,13,1,18,24,10,6,5,22],[10,22,14,6,5,2,1,18,21,13],[10,22,14,2,1,6,13,5,18,21],[18,10,22,17,14,13,19,2,1,6,5],[2,10,6,1,22,5,14,18,13,21],[14,2,13,1,17,18,15],[2,6,1,14,13,5,10,18,22,21],[14,6,5,22,10,2,13,1,18,21],[10,14,22,6,5,18,2,1,21,13],[22,6,5,2,1,14,17,18,13,15],[6,10,22,5,2,21,18,1,17,14,13,15],[14,10,22,2,13,1,18,6,5,21],[6,14,5,10,22,2,1,18,13,21],[10,22,18,17,2,1,6,5,14,13,19],[6,10,22,5,2,1,14,18,21,13],[10,22,2,21,14,1,18,6,13,5],[18,22,17,10,14,13,19,6,5,2,1],[18,14,6,5,10,22,2,13,1,21],[18,6,2,1,22,21,5,17,14,13,15],[2,18,14,1,10,6,13,5,22,21],[2,10,18,14,1,22,6,5,13,21],[2,14,1,10,18,22,6,5,13,21],[2,18,6,1,14,5,10,22,21,13],[18,22,17,2,1,14,13,19,6,5,9,10,21],[22,14,18,6,5,2,1,10,13,21],[22,14,1,18,10,6,13,5,21],[14,10,22,6,5,2,13,1,18,21],[18,6,22,5,21,17,10,2,1,14,13,15],[18,2,14,13,1,6,5,10,22,21],[18,14,2,1,10,6,13,5,22,21],[18,10,2,22,21,14,13,1,6,5],[18,14,10,6,5,22,2,13,1,21],[14,10,22,6,13,5,18,2,1,21],[2,18,10,14,13,1,6,5,22,21],[10,22,6,21,5,2,1,18,17,14,13,15],[10,22,14,2,1,6,5,18,21,13],[6,18,22,21,5,17,14,13,15],[18,2,10,6,1,14,13,5,22,21],[18,10,22,21,17,2,1,6,5,14,13,15],[6,18,22,21,5,17,14,13,15],[6,18,10,2,1,22,21,5,17,14,13,15],[6,10,18,2,1,14,5,22,21,13],[14,6,5,10,18,22,2,13,1,21],[2,22,1,6,5,10,14,18,13,21],[22,6,5,2,21,10,14,1,18,13],[2,14,1,6,13,5,18,11,22,21],[6,22,5,2,21,1,14,10,17,18,13,19],[14,18,22,6,5,2,13,1,10,21],[10,18,22,17,6,5,14,13,15],[14,6,13,5,10,2,1,18,22,21],[22,6,21,5,14,2,1,18,10,13],[22,10,6,21,5,2,1,14,18,13],[2,22,21,18,10,6,1,5,17,14,13,19],[18,14,10,22,6,5,1,13,21],[14,18,10,5,4,22,2,13,1,21],[18,2,14,13,1,22,10,6,5,21],[14,10,6,5,2,1,22,18,13,21],[14,6,5,10,22,18,2,1,21,13],[18,22,21,17,14,13,15],[10,22,18,21,17,2,1,6,5,14,13,15],[6,22,21,5,2,10,18,14,1,13],[10,22,6,5,2,21,14,1,18,13],[6,18,14,13,5,2,1,10,22,21],[22,14,18,2,13,1,6,5,10,21],[18,10,14,6,13,5,22,2,1,21],[22,6,5,2,1,10,18,17,14,13,15],[2,22,1,6,21,5,18,17,10,14,13,15],[2,10,14,13,1,6,5,18,22,21],[14,6,13,5,22,2,1,18,10,21],[18,10,6,14,13,5,22,2,1,21],[2,10,22,21,18,1,17,6,5,14,13,19],[14,22,6,5,18,2,13,1,10,21],[22,18,17,14,13,15],[22,2,1,6,5,14,18,10,21,13],[2,10,14,13,1,22,18,5,21],[18,2,14,1,10,6,5,22,13,21],[6,18,22,21,5,17,14,13,19,2,1,10],[14,22,6,13,5,2,1,18,10,21],[14,22,10,6,13,5,18,2,1,21],[22,2,21,10,18,14,13,1,6,5],[14,2,1,22,18,6,13,5,9,10,21],[22,14,2,1,6,5,10,18,21,13],[2,18,22,1,17,6,5,14,13,19,10],[10,2,6,5,14,13,1,22,18,21],[14,18,10,22,2,13,1,6,5,21],[10,14,2,13,1,22,6,5,17,18,15],[14,6,5,10,2,13,1,18,22,21],[14,18,10,2,13,1,22,6,5,21],[14,6,5,9,10,2,13,1,22,18,21],[6,14,5,10,18,2,1,22,21,13],[14,6,13,5,2,1,10,18,22,21],[6,10,22,5,18,21,17,14,13,19,2,1],[18,14,10,6,13,5,22,2,1,21],[6,2,5,18,14,13,1,10,22,21],[6,18,2,1,10,22,5,17,14,13,15],[18,10,22,21,17,6,5,2,1,14,13,15],[6,10,14,5,22,2,1,18,21,13],[10,2,14,13,1,22,6,5,18,21],[18,2,10,14,1,6,5,22,21,13],[10,2,18,22,21,14,1,6,5,13],[6,18,14,13,5,2,1,10,22,21],[18,2,10,22,1,21,17,14,13,15],[14,18,6,13,5,10,2,1,22,21],[6,18,2,1,22,5,17,14,13,19,10],[14,2,1,18,22,10,6,5,13,21],[6,18,14,5,1,22,10,13,21],[18,2,10,22,1,17,14,13,19,6,5],[6,2,1,14,13,5,18,10,22,21],[10,22,18,21,17,14,13,19,6,5,2,1],[22,2,1,18,21,17,6,5,14,13,19,10],[2,14,13,1,18,10,22,6,5,21],[14,22,2,1,10,18,6,5,13,21],[6,10,14,13,5,18,22,2,1,21],[6,18,2,5,10,22,1,21,17,14,13,15],[22,2,21,10,1,18,17,14,13,15],[14,10,1,18,6,5,22,21,13],[18,6,14,13,5,22,10,2,1,21],[14,6,13,5,2,1,22,10,18,21],[22,14,6,5,10,18,2,13,1,21],[2,18,6,5,22,21,1,17,10,14,13,15],[2,10,6,1,18,14,13,5,22,21],[18,22,17,6,5,14,13,15],[14,10,22,18,6,5,1,13,21],[6,14,13,5,18,2,1,22,10,21],[10,22,6,21,5,2,18,14,1,13],[18,14,21,10,6,5,2,13,1],[18,14,2,1,6,5,10,22,21,13],[14,18,6,5,10,22,2,13,1,21],[10,2,14,1,22,18,6,5,13,21],[2,10,14,13,1,22,6,5,18,21],[22,10,6,5,18,17,2,1,14,13,19],[2,22,21,14,13,1,18,10,6,5],[18,6,22,5,17,10,14,13,19,2,1],[22,18,17,6,5,14,13,15],[22,18,21,17,14,13,19,1,6,5,10],[22,2,21,10,1,6,5,14,18,13],[14,22,18,2,1,10,6,5,21,13],[10,22,6,21,5,2,14,13,1,18],[10,14,6,5,18,22,2,13,1,21],[18,14,6,5,21,10,2,1,17,13,19],[10,22,18,21,17,6,5,2,1,14,13,19],[22,6,5,10,2,1,14,18,13,21],[2,18,6,1,14,13,5,22,10,21],[2,10,14,1,6,13,5,22,18,21],[14,2,13,1,18,6,5,10,22,21],[10,18,14,6,13,5,22,2,1,21],[18,10,6,22,21,5,17,2,1,14,13,19],[14,10,6,13,5,22,2,1,18,21],[18,10,14,2,1,22,6,13,5,21],[14,18,6,13,5,22,10,2,1,21],[10,18,22,21,17,14,13,19,2,1,6,5],[2,6,5,22,21,14,13,1,18,10],[14,18,22,2,13,1,10,6,5,21],[22,10,18,17,6,5,14,13,15],[22,10,6,5,14,2,1,18,21,13],[2,10,18,6,1,22,5,17,14,13,19],[2,18,6,1,14,5,10,22,13,21],[22,6,5,2,21,14,13,1,18,10],[10,2,22,1,6,5,18,17,14,13,15],[22,2,21,6,1,5,14,18,10,13],[14,22,10,2,1,18,6,5,21,13],[18,2,22,1,17,14,13,15],[10,14,6,13,5,2,1,18,22,21],[6,10,2,1,18,22,21,5,17,14,13,19],[10,6,18,2,1,14,13,5,21,17,15],[10,2,14,1,18,6,5,22,13,21],[10,6,18,2,1,14,13,5,22,21],[14,22,6,5,2,13,1,18,10,21],[14,2,13,1,18,22,10,6,5,21],[6,2,5,22,21,14,13,1,10,17,18,19],[6,22,21,5,14,2,13,1,10,18],[22,2,1,14,18,10,6,13,5,21],[14,6,5,10,22,17,18,13,15],[10,22,14,18,6,13,5,2,1,21],[2,22,1,10,6,21,5,18,17,14,13,15],[22,6,5,2,1,10,14,18,21,13],[18,22,17,2,1,10,6,5,14,13,19],[22,18,17,14,13,15],[2,18,10,14,1,22,6,13,5,21],[2,14,13,1,6,5,18,22,10,21],[22,6,5,2,21,1,14,10,18,13],[18,22,21,17,2,1,14,13,15],[18,22,21,17,6,5,2,1,14,13,15],[22,14,2,1,6,5,18,10,21,13],[2,10,6,1,22,5,18,21,17,14,13,19],[2,10,6,5,18,14,13,1,21],[14,2,13,1,6,5,10,22,17,18,19],[22,10,6,21,5,2,1,18,17,14,13,15],[22,14,18,2,1,10,6,5,21,15],[14,6,5,10,22,2,1,18,13,21],[14,18,22,2,13,1,6,5,10,21],[6,18,2,1,10,14,5,22,13,21],[14,2,1,10,18,6,5,22,13,21],[10,14,18,6,13,5,22,2,1,21],[18,14,22,6,13,5,10,2,1,21],[6,2,1,10,22,21,5,14,18,13],[10,6,2,1,22,21,5,14,18,13],[14,9,10,22,18,6,13,5,2,1,21],[18,2,22,21,10,14,13,1,6,5],[6,2,5,18,10,22,21,14,1,13],[22,6,5,14,10,18,2,1,21,13],[14,6,13,5,10,22,2,1,17,18,15],[10,18,14,1,23,6,13,5,22],[6,10,2,1,18,22,21,5,17,14,13,19],[22,18,17,14,13,15],[10,2,14,13,1,6,5,18,24,22],[18,22,21,17,10,2,1,6,5,14,13,19],[14,10,2,13,1,18,6,5,22,21],[14,2,1,6,5,22,18,10,13,21],[18,2,10,6,5,14,1,21,13],[14,2,13,1,22,18,10,6,5,21],[22,2,1,18,21,17,6,5,10,14,13,15],[10,6,22,5,14,18,2,13,1,21],[22,6,5,14,10,18,2,13,1,21],[2,6,1,10,18,14,5,22,13,21],[2,6,1,10,18,22,21,5,17,14,13,19],[10,6,22,21,5,2,1,18,17,14,13,19],[22,10,14,6,5,3,18,21,13],[10,22,14,2,1,6,5,18,13,21],[10,14,2,13,1,6,5,22,18,21],[14,10,2,13,1,18,6,5,22,21],[22,6,21,5,2,18,10,14,13,1],[2,6,1,18,22,5,21,17,14,13,15],[2,6,5,22,1,18,17,10,14,13,19],[18,2,22,21,14,1,10,6,5,13],[2,18,22,21,1,17,10,14,13,19,6,5],[22,6,5,18,17,2,1,14,13,19,10],[18,22,21,17,6,5,14,13,15],[10,22,18,21,17,14,13,15],[18,2,10,14,13,1,22,6,5,21],[6,14,5,18,10,2,13,1,21],[18,2,10,6,1,14,13,5,22,21],[18,10,14,6,13,5,1,22,21],[18,10,14,6,5,22,2,1,21,13],[18,2,22,1,17,10,6,5,14,13,15],[2,14,13,1,18,10,6,5,22,21],[2,10,22,21,1,6,5,14,18,13],[6,14,5,18,12,2,1,22,10,21,13],[18,10,14,6,13,5,22,2,1,21],[18,14,6,5,10,22,2,13,1,21],[6,14,13,5,18,22,10,2,1,21],[10,18,2,14,13,1,22,6,5,21],[6,10,18,14,13,5,2,1,22,21],[2,10,14,13,1,22,18,6,5,21],[6,22,21,5,14,10,4,18,2,13,1],[2,6,1,10,22,21,5,18,17,14,13,15],[10,14,2,13,1,18,5,22,21],[22,18,21,17,10,14,13,15],[2,22,21,18,10,1,17,6,5,14,13,19],[2,22,1,6,5,10,18,17,14,13,19],[10,2,14,1,22,6,5,18,13,21],[18,10,2,6,5,22,1,21,17,14,13,15],[2,6,5,18,10,14,1,22,21,13],[6,14,13,5,21,19,2,1,10],[22,14,10,18,6,5,2,13,1,21],[22,2,21,14,13,1,18,5,10],[18,6,2,1,22,21,5,17,14,13,15],[2,14,1,18,6,5,10,22,21,13],[10,22,2,1,6,21,5,18,17,14,13,15],[10,6,22,5,2,1,14,18,21,13],[18,6,22,21,5,17,14,13,19,2,1,10],[10,18,14,22,6,13,5,2,1,21],[10,22,6,21,5,14,18,2,13,1],[10,18,14,2,13,1,22,6,5,21],[6,14,13,5,2,1,10,22,18,21],[18,10,14,6,13,5,22,2,1,21],[18,14,2,13,1,10,22,6,5,21],[14,10,22,18,2,1,6,5,13,21],[6,22,5,2,1,14,10,18,13,21],[18,2,10,14,13,1,6,5,22,21],[6,18,10,22,21,5,17,14,13,19,2,1],[22,6,21,5,2,18,10,1,17,14,13,15],[14,17,18,13,15],[18,14,22,6,5,10,1,13,21],[10,6,22,21,5,18,17,2,1,14,13,19],[10,22,2,21,14,1,18,6,5,13],[14,6,5,2,1,18,22,10,13,21],[18,2,10,22,21,14,1,6,5,13],[22,10,14,2,1,18,6,5,16,21,17,13,19],[6,2,5,18,22,1,17,14,13,19,11,21],[10,6,14,5,21,2,13,1,19],[2,14,13,1,6,5,17,18,19,9,10,22,21],[22,2,1,6,5,14,10,18,21,13],[6,14,13,5,18,10,22,2,1,21],[6,22,5,18,17,10,14,13,15],[10,14,22,6,5,2,13,1,17,18,15],[14,6,13,5,22,10,17,18,19,2,1],[22,2,1,6,21,5,10,14,17,18,13,19],[10,14,6,13,5,22,18,2,1,21],[2,22,1,18,21,17,14,13,19,6,5,9,10],[6,22,5,2,21,14,1,10,18,13],[18,6,10,14,5,21,1,17,13,19],[18,14,22,10,6,13,5,2,1,21],[14,6,5,18,2,13,1,22,10,21],[22,10,2,21,6,1,5,18,17,14,13,19],[2,22,21,10,18,6,1,5,17,14,13,15],[6,14,5,10,1,22,18,13,21],[22,10,14,18,6,5,2,1,13,21],[10,22,18,17,2,1,14,13,19,6,5],[10,22,6,5,2,21,1,18,17,14,13,19],[14,6,5,2,1,10,18,22,13,21],[2,14,13,1,22,10,6,5,17,18,15],[2,22,1,10,6,21,5,14,18,13],[2,22,21,14,1,10,18,6,13,5],[6,22,21,5,10,2,1,18,17,14,13,19],[14,10,6,5,2,13,1,22,18,21],[18,6,22,5,17,14,13,15],[22,2,21,10,18,1,17,14,13,19,6,5],[22,6,21,5,14,18,10,2,13,1],[2,18,10,22,21,1,17,14,13,19,6,5],[10,2,14,1,18,22,5,21,13],[10,18,22,21,17,2,1,6,5,14,13,15],[2,22,1,10,6,21,5,14,18,13],[22,6,5,10,14,2,1,18,21,13],[14,18,2,1,22,10,6,5,13,21],[22,14,2,13,1,6,5,18,10,21],[6,18,10,14,13,5,2,1,22,21],[18,14,2,1,10,22,6,5,13,21],[18,2,10,6,1,22,21,5,17,14,13,19],[10,6,14,13,5,2,1,18,23,22],[6,22,5,10,14,2,1,17,18,13,19],[22,14,6,13,5,10,2,1,18,21],[10,22,14,18,6,5,2,13,1,21],[6,18,14,5,22,10,4,2,13,1,21],[14,2,1,10,18,6,5,22,13,21],[6,2,1,10,14,13,5,18,22,21],[10,18,2,22,21,6,5,1,17,14,13,19],[18,14,2,13,1,9,10,22,6,5,21],[14,6,13,5,22,1,18,10,21],[22,6,5,14,10,18,2,13,1,21],[6,18,14,13,5,11,2,1,22,21],[18,2,6,5,22,21,10,1,17,14,13,15],[14,2,1,6,13,5,18,22,10,21],[18,6,22,5,17,14,13,15],[2,10,18,22,1,17,6,5,14,13,15],[18,6,2,5,14,1,10,22,13,21],[2,10,6,1,14,13,5,18,22,21],[10,6,14,13,5,2,1,22,18,21],[14,6,5,10,18,2,1,22,21,13],[6,10,14,5,22,18,2,1,13,21],[18,2,14,1,6,13,5,10,22,21],[14,18,22,6,13,5,10,2,1,21],[22,6,21,5,18,17,2,1,10,14,13,19],[2,6,1,10,22,5,18,21,17,14,13,15],[10,18,14,6,13,5,22,2,1,21],[2,14,13,1,10,6,5,22,18,21],[10,2,18,14,13,1,6,5,22,21],[14,18,22,2,1,10,6,13,5,21],[10,14,2,1,18,22,6,13,5,21],[10,14,2,13,1,22,6,5,18,21],[22,10,6,21,5,14,2,13,1,18],[14,10,18,2,1,22,6,13,5,21],[6,10,22,5,2,1,14,18,21,13],[10,14,6,5,2,13,1,22,18,21],[22,14,6,5,10,2,13,1,18,21],[2,6,1,10,14,5,22,18,13,21],[2,18,22,1,21,17,6,5,10,14,13,15],[18,6,22,5,21,17,10,14,13,19,2,1],[10,2,6,1,22,5,14,17,18,13,15],[22,2,18,1,21,17,14,13,19,6,5,9,10],[6,18,10,2,1,22,21,5,17,14,13,19],[14,22,2,1,6,5,10,17,18,13,19],[6,10,14,5,22,2,1,17,18,13,15],[6,18,22,21,5,17,14,13,15],[6,22,21,5,14,2,13,1,18,10],[10,2,6,5,18,22,1,17,14,13,19],[10,2,6,5,18,14,13,1,22,21],[6,14,13,5,22,18,10,2,1,21],[22,2,21,14,1,17,18,13,19,10,6,5],[14,22,2,13,1,6,5,18,10,21],[6,10,2,1,22,21,5,14,18,13],[14,22,2,1,18,10,6,5,21,13],[18,10,22,21,17,2,1,6,5,14,13,19],[6,2,1,14,5,10,22,18,13,21],[18,14,6,5,22,10,2,1,13,21],[6,10,2,1,18,22,5,17,14,13,15],[2,14,1,22,18,10,6,13,5,21],[2,14,13,1,6,5,10,18,22,21],[18,22,21,17,6,5,10,14,13,15],[22,10,6,21,5,2,1,18,17,14,13,19],[14,6,5,21,10,18,2,13,1,17,15],[18,14,9,10,2,13,1,22,6,5,21],[14,6,5,2,13,1,22,10,18,21],[10,18,14,2,1,6,13,5,22,21],[22,2,21,1,10,6,5,18,17,14,13,15],[22,14,2,13,1,18,6,5,10,21],[14,22,18,2,13,1,6,5,10,21],[22,10,14,2,13,1,18,6,5,21],[2,18,14,13,1,22,5,10,21],[10,22,2,14,13,1,18,6,5,21],[14,6,13,5,18,21,10,2,1],[10,22,6,21,5,18,17,2,1,14,13,19],[14,18,2,1,10,22,6,13,5,21],[14,17,18,13,15],[2,10,22,1,18,21,17,6,5,14,13,15],[6,18,10,22,5,21,17,2,1,14,13,15],[22,18,17,6,5,14,13,19,1,10],[18,10,14,2,13,1,22,6,5,21],[18,14,2,13,1,22,5,10,21],[22,2,21,14,1,10,18,6,13,5],[22,18,21,17,14,13,15],[22,10,14,2,1,6,13,5,17,18,19],[22,10,2,21,14,13,1,6,5,18],[18,6,22,21,5,17,2,1,14,13,15],[2,6,5,22,21,14,13,1,10,18],[14,6,13,5,10,2,1,22,18,21],[10,6,22,5,2,1,18,21,17,14,13,19],[18,2,6,5,14,13,1,10,22,21],[14,18,6,13,5,10,2,1,22,21],[6,22,21,5,10,14,2,13,1,18],[10,14,6,5,22,18,2,13,1,21],[22,18,21,17,2,1,6,5,14,13,19,10],[10,14,6,13,5,22,1,18,21],[10,2,22,21,6,5,14,13,1,18],[2,14,1,6,5,22,17,18,13,19,10],[10,2,22,1,14,6,13,5,18,21],[22,18,17,2,1,14,13,15],[10,6,18,2,5,22,21,1,17,14,13,15],[2,18,22,21,10,1,17,14,13,19,6,5],[10,22,14,18,2,1,6,13,5,21],[2,22,1,14,6,13,5,10,18,21],[18,22,17,14,13,19,2,1,6,5,10],[18,6,2,1,22,21,5,17,10,14,13,15],[22,6,5,18,21,17,2,1,10,14,13,19],[10,2,18,22,1,21,17,6,5,14,13,15],[22,14,2,1,10,18,6,13,5,21],[6,2,1,18,22,5,21,17,10,14,13,15],[18,2,22,1,17,6,5,14,13,15],[22,6,5,2,21,18,1,17,10,14,13,19],[6,18,14,13,5,10,22,2,1,21],[10,22,14,6,13,5,2,1,18,21],[14,18,10,2,1,6,5,22,13,21],[14,2,13,1,6,5,22,10,18,21],[2,6,5,22,1,14,10,18,21,13],[10,22,2,21,6,1,5,14,18,13],[22,6,5,2,21,10,18,14,1,13],[14,6,5,2,13,1,18,22,9,10,21],[6,18,22,5,17,14,13,19,2,1,10],[6,14,13,5,1,22,10,18,21],[22,18,21,17,2,1,14,13,15],[22,18,17,2,1,10,14,13,15],[10,2,6,5,14,13,1,22,18,21],[2,14,1,10,18,6,13,5,22,21],[18,22,17,6,5,2,1,14,13,15],[14,6,13,5,2,1,18,22,10,21],[2,10,22,1,18,21,17,6,5,14,13,19],[22,10,18,17,2,1,14,13,19,6,5],[14,2,1,18,21,10,6,5,17,13,19],[18,22,21,17,14,13,19,10,2,1,6,5],[10,18,14,2,1,22,6,5,21,13],[6,22,5,10,2,1,18,21,17,14,13,19],[14,9,10,2,13,1,6,5,22,18,21],[18,22,21,17,14,13,19,10,6,5,2,1],[18,10,6,14,13,5,2,1,22,21],[2,22,21,18,14,1,10,6,5,13],[6,22,21,5,18,17,2,1,14,13,15],[14,10,22,2,13,1,18,6,5,21],[18,22,17,14,13,15],[22,2,21,1,10,18,17,14,13,19,6,5],[22,18,21,17,14,13,19,2,1,9,10,6,5],[14,18,6,13,5,2,1,10,22,21],[18,2,14,1,6,5,10,22,13,21],[2,18,14,13,1,7,22,10,21],[18,10,6,14,5,22,2,13,1,21],[6,10,14,13,5,2,1,22,18,21],[6,2,5,22,1,14,10,18,21,13],[2,18,10,6,5,22,21,1,17,14,13,15],[22,14,1,18,10,6,5,13,21],[18,2,10,22,21,14,1,6,13,5],[18,10,22,17,6,5,14,13,15],[22,18,21,17,6,5,14,13,19,2,1,10],[6,14,5,1,18,22,10,21,13],[14,22,2,1,10,18,6,13,5,21],[14,4,18,22,6,13,5,10,2,1,21],[14,10,6,13,5,2,1,22,18,21],[6,2,5,14,1,10,22,18,21,13],[6,18,2,1,22,21,5,17,10,14,13,15],[2,22,21,18,1,17,10,14,13,15],[22,6,21,5,2,14,1,18,10,13],[6,2,1,14,5,22,10,18,21,13]],"n_human":8}