{"problem_id":"2iGIAJHSefOFTTN","sigma":150,"alpha":10.000,"cost":0,"probabilities":"[0.33, 0.28, 0.1, 0.29]","payoff_matrix":"[[-110, 50, -21, -128, 159, -157], [286, -68, 83, 111, -128, -161], [-12, 292, 249, 16, 53, -52], [99, -209, 114, 187, 124, 315]]","uncovered":[[9,13,1,17,21,5,20,8,12,10,18,19,11,4,2,3,16,14,22,15,6,24,7,23],[5,17,20,13,21,1,9,8,10,12,18,11,19,4,2,3,14,16,24,22,15,6,7],[5,17,8,1,9,13,21,12,20,10,18,11,19,4,2,3,16,14,24,22,15,6,7],[9,5,17,8,13,21,1,20,12,10,18,19,11,4,2,3,14,16,24,22,15,6],[21,17,9,13,1,5,8,12,20,10,18,11,19,4,2,3,16,14,24,22,15,6,23,7],[21,17,5,20,1,9,13,8,12,18,10,19,11,4,2,3,16,14,22,15,6],[9,13,17,5,8,21,1,20,12,18,10,19,11,2,4,3,16,14,22,15,23,6],[17,5,20,13,1,9,21,8,12,10,18,19,11,3,16,14,4,2,24,22,15,6],[1,9,21,17,13,5,8,20,12,18,10,19,11,4,2,3,16,14,22,15,6,7,23,24],[1,21,13,17,9,5,20,8,12,18,10,11,19,4,2,3,14,16,24,22,15,6,23],[21,1,9,13,5,17,20,8,12,18,10,11,19,4,2,3,16,14,23,24,22,6,15],[9,17,21,1,5,20,13,8,12,10,18,11,19,2,4,3,16,14,24,22,15,6,23,7],[21,9,5,1,13,17,20,8,12,10,18,11,19,4,2,3,16,14,24,22,15,6,23,7],[21,17,5,20,1,9,13,8,12,18,10,19,11,4,2,3,16,14,24,22,15,7,6],[17,5,20,13,9,1,21,8,12,10,18,11,19,2,4,3,16,14,22,15,6],[21,9,1,5,13,17,20,8,12,10,18,11,19,2,4,3,14,16,22,15,6,7,23,24],[13,21,5,17,20,1,9,8,10,12,18,19,11,2,4,3,16,14,24,22,15,6,7,23],[9,17,21,1,5,20,13,8,12,10,18,11,19,4,2,3,16,14,24,22,15,6],[21,17,9,13,1,5,8,20,12,18,10,19,11,4,2,3,16,14,23,24,22,15,7,6],[1,5,17,20,21,9,13,8,12,10,18,11,19,4,2,3,15,16,14,22,7,6],[21,13,5,9,17,8,1,20,12,18,10,11,19,2,4,3,16,14,22,15,24,6],[21,17,5,20,1,13,9,8,12,18,10,11,19,4,2,3,14,16,24,22,15,6],[1,13,21,5,9,17,20,8,12,18,10,19,11,2,4,3,14,16,22,15,6,24,23,7],[21,1,9,13,5,17,8,20,12,10,18,19,11,4,2,3,14,16,23,22,15,7,6,24],[13,5,9,21,1,17,20,8,12,10,18,11,19,4,2,3,16,14,23,15,22,6,24],[21,1,5,13,9,17,20,8,12,18,10,19,11,3,4,2,16,14,23,22,15,7,6],[13,5,21,1,17,8,9,12,20,10,18,11,19,4,2,3,16,14,24,22,15,6,23],[5,1,17,8,9,21,13,12,20,10,18,19,11,2,4,3,16,14,23,22,15,24,7,6],[1,9,5,13,21,17,20,8,12,18,10,11,19,2,4,3,16,14,22,15,6,24,23,7],[9,1,5,21,13,17,20,8,12,18,10,11,19,4,2,3,14,16,23,24,22,15,6,7],[21,13,5,9,1,17,8,12,20,10,18,11,19,4,2,3,14,16,24,22,15,7,6,23],[9,1,5,13,21,17,8,20,12,10,18,19,11,2,4,3,16,14,22,15,24,6,23,7],[1,13,21,5,17,20,9,8,10,12,18,19,11,4,2,3,15,16,14,24,22,6,7],[21,5,9,13,1,17,8,20,12,10,18,11,19,2,4,3,16,14,22,15,6,7],[1,13,21,9,5,17,8,20,12,10,18,19,11,4,2,3,16,14,24,22,15,6],[21,9,13,1,17,5,20,8,12,10,18,11,19,4,2,3,16,14,24,22,15,6,23],[1,5,9,17,20,21,13,8,12,18,10,19,11,4,2,3,14,16,24,22,15,23,6],[1,13,9,5,17,20,21,8,12,18,10,19,11,2,4,3,14,16,22,15,7,6,23],[1,13,17,5,8,21,9,12,20,10,18,11,19,4,2,3,16,14,24,22,15,6],[1,5,13,9,17,8,21,20,12,18,10,19,11,4,2,3,16,14,24,22,15,23,6],[17,9,5,8,13,21,1,20,12,18,10,19,11,4,2,3,16,14,24,22,15,6,23],[13,17,9,5,20,1,21,8,12,18,10,19,11,4,2,3,16,14,24,22,15,6,7],[1,17,21,5,8,9,13,20,12,18,10,11,19,2,4,3,14,16,22,15,23,6,7,24],[5,21,17,8,9,1,13,12,20,10,18,19,11,4,2,3,15,16,14,22,6,24,7,23],[9,21,5,13,1,17,8,12,20,10,18,19,11,4,2,3,16,14,24,22,15,6,7],[5,21,13,1,17,8,9,20,12,10,18,19,11,2,4,3,14,16,23,22,15,7,6],[5,1,9,13,17,20,21,8,12,18,10,11,19,2,4,3,15,16,14,22,6,7,23],[21,9,13,17,5,20,1,8,10,12,18,19,11,4,2,3,16,14,24,22,15,23,7,6],[13,17,1,9,21,5,8,12,20,10,18,11,19,4,2,3,14,16,22,15,6,23,7,24],[1,21,17,9,13,5,20,8,12,10,18,19,11,4,2,3,15,16,14,22,6],[17,13,5,20,1,9,21,8,12,18,10,11,19,4,2,3,14,16,22,15,23,6,24],[13,5,9,17,20,21,1,8,12,10,18,19,11,4,2,3,16,14,24,22,15,6,23,7],[1,9,17,21,5,20,13,8,12,18,10,11,19,4,2,3,14,16,22,15,6,24],[13,17,1,5,8,9,21,20,12,10,18,19,11,4,2,3,14,16,22,15,6],[9,17,1,5,8,13,21,20,12,18,10,11,19,2,4,3,16,14,22,15,6],[9,5,21,1,17,20,13,8,10,12,18,11,19,4,2,3,16,14,23,24,22,15,7,6],[9,17,13,1,5,8,21,20,12,10,18,11,19,2,4,3,15,16,14,24,22,6,7,23],[5,1,17,8,13,9,21,12,20,18,10,19,11,4,2,3,16,14,22,15,6,7,24],[21,13,9,1,5,17,20,8,12,18,10,19,11,4,2,3,16,14,24,22,15,6,23,7],[17,13,9,1,5,8,21,12,20,18,10,19,11,4,2,3,14,16,23,24,22,15,6,7],[17,13,9,1,5,8,21,20,12,18,10,19,11,2,4,3,16,14,24,22,15,7,6],[21,17,1,13,9,5,8,12,20,10,18,19,11,4,2,3,16,14,24,22,15,7,6,23],[1,5,17,8,9,21,13,12,20,18,10,19,11,4,2,3,16,14,22,15,6],[9,17,5,20,13,21,1,8,12,18,10,19,11,2,4,3,16,14,23,6,24,22,15],[1,17,13,9,5,8,21,20,12,10,18,19,11,4,2,3,14,16,24,22,15,7,6],[1,5,17,8,21,9,13,20,12,10,18,11,19,2,4,3,14,16,24,22,15,6],[13,17,5,20,1,9,21,8,12,18,10,11,19,4,2,3,16,14,22,15,7,6,23],[1,17,21,13,5,8,9,12,20,18,10,11,19,4,2,3,16,14,24,22,15,6],[9,13,17,1,5,20,21,8,12,10,18,11,19,4,2,3,16,14,22,7,6,15,24],[9,17,1,5,8,21,13,20,12,18,10,19,11,4,2,3,14,16,23,15,24,22,6],[1,9,13,21,17,5,8,12,20,18,10,11,19,2,4,3,16,14,24,22,15,6],[5,9,21,17,8,1,13,12,20,10,18,11,19,4,2,3,16,14,24,22,15,6,23,7],[13,21,5,9,1,17,20,8,12,18,10,19,11,4,2,3,16,14,22,15,6,24,23,7],[5,9,17,8,13,21,1,12,20,18,10,19,11,4,2,3,14,16,22,15,24,6,23],[21,17,5,20,1,13,9,8,10,12,18,19,11,2,4,3,16,14,24,22,15,7,6,23],[1,17,21,13,9,5,8,20,12,18,10,11,19,4,2,3,16,14,24,22,15,7,6],[1,13,5,17,8,9,21,12,20,10,18,11,19,2,4,3,16,14,22,15,6,7],[17,21,5,8,13,9,1,12,20,10,18,11,19,4,2,3,16,14,24,22,15,6,7,23],[9,21,17,5,20,1,13,8,10,12,18,11,19,2,4,3,16,14,22,15,6,23],[13,5,21,9,17,20,1,8,12,10,18,11,19,15,4,2,3,16,14,22,7,6,24],[9,13,21,1,5,17,20,8,12,10,18,19,11,2,4,3,15,16,14,24,22,6],[17,13,1,5,8,9,21,12,20,10,18,11,19,4,2,3,16,14,23,22,15,6],[1,21,9,13,17,5,8,20,10,12,18,11,19,4,2,3,14,16,22,15,6],[17,5,20,1,21,13,9,8,12,18,10,19,11,4,2,3,16,14,15,24,22,6],[17,9,5,20,21,13,1,8,12,10,18,11,19,4,2,3,16,14,22,15,24,6,7],[17,21,1,5,20,9,13,8,12,18,10,19,11,2,4,3,14,16,24,22,15,6,23],[1,21,9,5,13,17,8,20,10,12,18,11,19,4,2,3,15,16,14,22,7,6],[13,17,5,20,9,21,1,8,10,12,18,19,11,4,2,3,16,14,24,22,15,6],[9,13,21,1,5,17,8,12,20,18,10,11,19,4,2,3,14,16,24,22,15,6],[9,1,5,13,21,17,8,20,12,10,18,19,11,4,2,3,16,14,22,15,6,23],[9,13,1,21,5,17,20,8,12,18,10,11,19,2,4,3,14,16,23,22,15,24,6,7],[21,1,13,17,9,5,8,20,12,18,10,11,19,4,2,3,14,16,24,22,15,6,7],[9,13,5,1,21,17,20,8,12,18,10,19,11,3,14,16,4,2,22,6,15,7,23],[21,9,13,1,5,17,8,12,20,10,18,19,11,4,2,3,16,14,24,22,15,6,7],[9,21,13,1,5,17,20,8,12,18,10,11,19,4,2,3,16,14,22,15,23,6,24],[17,21,13,9,5,20,1,8,12,10,18,11,19,4,2,3,16,14,24,22,15,6,7,23],[1,13,9,21,5,17,20,8,12,10,18,11,19,2,4,3,16,14,22,15,7,6,23,24],[17,9,13,1,21,5,20,8,12,10,18,11,19,4,2,3,16,14,22,15,23,7,6],[13,1,17,5,20,21,9,8,12,18,10,11,19,4,2,3,16,14,24,22,15,6],[17,5,20,9,21,1,13,8,12,18,10,11,19,4,2,3,16,14,22,15,6,24,7],[17,13,1,9,5,8,21,20,10,12,18,11,19,4,2,3,14,16,22,15,6,23,7],[1,13,5,9,17,20,21,8,12,10,18,11,19,4,2,3,16,14,24,22,15,6,7],[21,17,1,13,5,8,9,20,10,12,18,19,11,4,2,3,16,14,23,24,22,15,6,7],[9,5,17,8,13,21,1,20,12,10,18,19,11,4,2,3,16,14,22,15,7,6],[9,5,17,8,21,1,13,12,20,18,10,11,19,4,2,3,16,14,22,15,6],[1,5,17,8,9,13,21,20,12,10,18,19,11,2,4,3,16,14,22,15,7,6],[17,5,20,9,21,13,1,8,12,10,18,19,11,4,2,3,14,16,24,22,15,6],[21,9,13,5,1,17,8,12,20,18,10,11,19,4,2,3,16,14,24,22,15,6],[13,9,1,21,5,17,20,8,12,18,10,11,19,4,2,3,14,16,23,15,22,6,7,24],[21,9,1,5,13,17,20,8,12,18,10,19,11,4,2,3,14,16,24,22,15,6,7],[1,21,9,13,17,5,8,20,12,18,10,19,11,2,4,3,15,16,14,24,22,6],[17,1,13,9,21,5,8,20,12,10,18,19,11,4,2,3,16,14,24,22,15,6,23],[5,17,8,21,13,1,9,12,20,18,10,19,11,2,4,3,16,14,24,22,15,23,6,7],[13,5,1,21,9,17,20,8,10,12,18,11,19,4,2,3,15,16,14,24,22,6],[5,9,21,1,13,17,8,12,20,10,18,11,19,4,2,3,14,16,24,22,15,23,6,7],[13,5,17,8,9,1,21,12,20,10,18,11,19,4,2,3,16,14,22,15,6,7,23],[13,1,9,5,17,8,21,12,20,10,18,19,11,2,4,3,14,16,24,22,15,7,6,23],[13,21,1,5,9,17,8,12,20,18,10,11,19,4,2,3,16,14,22,15,6,7,23],[1,5,13,21,9,17,20,8,12,10,18,11,19,4,2,3,14,16,24,22,15,7,6],[21,5,1,9,17,20,13,8,12,18,10,11,19,4,2,3,16,14,22,15,6,7],[13,17,9,21,5,20,1,8,12,10,18,11,19,4,2,3,15,16,14,22,23,6],[13,17,21,1,5,8,9,20,12,18,10,19,11,4,2,3,16,14,23,15,24,22,7,6],[13,1,21,9,17,5,8,12,20,10,18,11,19,2,4,3,16,14,23,24,22,15,6],[9,17,1,21,5,8,13,20,12,18,10,19,11,2,4,3,15,14,16,24,22,6,23],[1,13,9,17,5,8,21,20,10,12,18,19,11,4,2,3,16,14,24,22,15,6,23],[17,13,5,20,9,1,21,8,12,18,10,19,11,4,2,3,16,14,22,15,6,24],[5,1,13,17,20,21,9,8,12,10,18,19,11,2,4,3,14,16,24,22,15,6],[9,17,21,5,20,13,1,8,12,18,10,19,11,2,4,3,14,16,24,22,15,7,6],[9,21,5,17,20,13,1,8,12,10,18,11,19,2,4,3,16,14,23,24,22,15,7,6],[9,1,13,5,17,8,21,20,12,10,18,19,11,4,2,3,14,16,23,24,22,15,6],[17,13,21,1,9,5,20,8,12,18,10,19,11,4,2,3,16,14,22,15,6,23,7,24],[13,1,21,9,17,5,20,8,12,10,18,11,19,2,4,3,16,14,22,15,7,6,24],[13,17,9,21,1,5,8,20,12,10,18,11,19,4,2,3,16,14,22,15,7,6,24],[13,21,1,9,17,5,20,8,12,10,18,19,11,2,4,3,16,14,24,22,15,6,7,23],[13,5,17,8,21,1,9,20,12,10,18,19,11,4,2,3,14,16,24,22,15,6,7,23],[1,13,9,21,17,5,8,20,12,18,10,11,19,4,2,3,15,16,14,22,6,7,24,23],[13,5,17,20,9,21,1,8,10,12,18,11,19,2,4,3,14,16,24,22,15,6],[17,5,8,9,21,1,13,12,20,18,10,11,19,4,2,3,16,14,24,22,15,7,6],[1,21,5,9,13,17,8,12,20,18,10,11,19,4,2,3,14,16,24,22,15,6,23],[17,1,21,13,5,8,9,20,12,10,18,19,11,2,4,3,16,14,22,15,7,6,24],[13,17,5,8,9,21,1,20,12,10,18,19,11,4,2,3,15,14,16,24,22,6],[21,13,5,1,17,8,9,12,20,10,18,11,19,4,2,3,16,14,22,15,7,6,23,24],[1,9,13,21,5,17,8,20,12,10,18,19,11,4,2,3,16,14,22,15,6,7,23],[9,17,5,20,21,13,1,8,12,10,18,19,11,2,4,3,14,16,22,15,7,6],[13,5,17,8,1,9,21,20,12,10,18,11,19,2,4,3,14,16,22,15,24,6],[13,1,17,21,9,5,8,12,20,18,10,11,19,4,2,3,16,14,22,15,24,6,23],[1,17,9,21,13,5,8,12,20,18,10,19,11,2,4,3,16,14,23,24,22,15,6,7],[21,17,5,8,1,13,9,12,20,18,10,11,19,3,14,16,4,2,24,22,15,6,23,7],[1,13,9,21,5,17,8,20,12,18,10,11,19,4,2,3,16,14,23,24,22,15,6],[5,21,13,17,8,1,9,20,12,10,18,11,19,2,4,3,14,16,22,15,6],[5,13,17,20,21,1,9,8,12,10,18,11,19,4,2,3,14,16,22,15,6,23],[5,9,21,17,20,1,13,8,10,12,18,19,11,2,4,3,16,14,24,22,15,6,23,7],[5,9,13,1,17,20,21,8,12,10,18,11,19,4,2,3,16,14,23,24,22,15,6,7],[21,17,13,9,5,8,1,12,20,10,18,19,11,4,2,3,14,16,24,22,15,6,23],[13,5,21,9,17,20,1,8,12,18,10,19,11,4,2,3,16,14,24,22,15,7,6],[9,21,13,1,17,5,8,12,20,18,10,11,19,4,2,3,16,14,24,22,15,6,7],[21,17,1,9,13,5,8,12,20,10,18,11,19,4,2,3,14,16,22,15,6,7,23,24],[5,1,17,20,13,9,21,8,12,10,18,11,19,2,4,3,16,14,22,15,6,7],[21,5,9,1,13,17,20,8,10,12,18,19,11,2,4,3,16,14,22,15,23,6,24,7],[17,13,21,9,5,8,1,20,12,18,10,11,19,4,2,3,16,14,24,22,15,6,7],[5,9,17,8,21,13,1,20,12,10,18,11,19,4,2,3,14,16,24,22,15,6,7],[1,13,17,5,8,9,21,12,20,18,10,19,11,2,4,3,16,14,22,15,6,24,23,7],[1,9,21,5,13,17,20,8,12,18,10,11,19,2,4,3,16,14,24,22,15,6],[1,17,5,20,21,9,13,8,12,18,10,11,19,4,2,3,16,14,23,24,22,15,6],[9,17,5,8,1,13,21,20,12,10,18,11,19,4,2,3,16,14,24,22,15,6,7],[9,5,21,13,1,17,8,20,12,18,10,11,19,2,4,3,16,14,24,22,15,23,7,6],[17,9,21,5,20,1,13,8,10,12,18,11,19,4,2,3,16,14,22,15,6],[9,21,17,5,20,13,1,8,12,10,18,11,19,4,2,3,14,16,22,15,7,6,24,23],[1,5,17,8,21,13,9,20,10,12,18,11,19,4,2,3,16,14,23,15,22,6],[1,9,13,21,17,5,8,20,12,10,18,11,19,4,2,3,16,14,24,22,15,6],[13,21,17,5,20,1,9,8,12,18,10,19,11,3,4,2,16,14,22,15,23,24,7,6],[1,21,17,5,8,13,9,12,20,10,18,19,11,4,2,3,16,14,24,22,15,6],[13,17,9,1,21,5,20,8,12,18,10,19,11,4,2,3,14,16,24,22,6,15,23],[5,9,17,8,13,1,21,12,20,10,18,19,11,4,2,3,16,14,24,22,6,15],[21,17,13,5,20,9,1,8,12,10,18,19,11,4,2,3,16,14,24,22,15,6,23,7],[9,17,5,20,13,21,1,8,12,10,18,19,11,4,2,3,14,16,22,15,7,6],[9,13,1,17,5,8,21,12,20,18,10,11,19,16,14,2,4,3,24,22,15,7,6],[1,5,17,8,13,9,21,20,12,10,18,19,11,4,2,3,16,14,24,22,15,6,23,7],[13,1,17,21,5,8,9,20,12,10,18,19,11,4,2,3,14,16,22,15,7,6,24],[5,21,17,20,9,13,1,8,12,10,18,19,11,4,2,3,15,16,14,22,6,7,23],[5,9,21,13,17,20,1,8,12,10,18,19,11,4,2,3,14,16,24,22,15,6,23],[9,5,1,17,20,21,13,8,12,10,18,11,19,2,4,3,16,14,23,15,24,22,6,7],[13,5,1,17,8,9,21,20,12,10,18,11,19,4,2,3,14,16,23,15,24,22,6,7],[1,9,17,13,21,5,20,6,12,18,10,19,11,8,4,2,3,16,14,24,22,15,7,23],[17,9,21,1,13,5,8,12,20,18,10,11,19,4,2,3,16,14,24,22,15,6],[17,1,5,20,21,9,13,8,12,10,18,11,19,2,4,3,16,14,24,22,15,6,23],[21,17,9,1,13,5,8,12,20,10,18,11,19,4,2,3,16,14,22,15,6,23,24],[9,1,13,17,5,20,21,8,12,10,18,19,11,4,2,3,14,16,23,24,22,15,6],[17,9,21,1,5,20,13,8,12,10,18,19,11,4,2,3,14,16,22,15,7,6,23,24],[13,21,17,1,5,8,9,20,10,12,18,19,11,4,2,3,16,14,24,22,15,6,23],[21,13,17,1,9,5,8,12,20,10,18,11,19,4,2,3,16,14,24,22,15,6,23,7],[9,21,17,5,20,13,1,8,12,10,18,19,11,2,4,3,16,14,24,22,15,6],[17,13,5,8,1,9,21,12,20,10,18,11,19,4,2,3,16,14,24,22,15,6],[1,5,9,17,8,21,13,20,12,18,10,19,11,4,2,3,14,16,22,15,6],[5,9,1,13,17,20,21,8,12,10,18,11,19,2,4,3,15,16,14,24,22,7,6],[1,9,21,5,17,8,13,20,12,18,10,11,19,4,2,3,15,16,14,24,22,6,23,7],[1,13,9,21,5,17,8,20,12,18,10,19,11,4,2,3,16,14,22,15,6],[1,21,5,13,17,8,9,20,12,18,10,19,11,2,4,3,14,16,22,15,6,7,24,23],[21,9,13,1,5,17,8,20,12,10,18,11,19,4,2,3,14,16,23,24,22,15,6],[1,9,21,13,17,5,20,8,12,18,10,11,19,2,4,3,14,16,22,15,6,7],[17,1,5,8,9,21,13,12,20,10,18,19,11,4,2,3,16,14,22,15,6],[9,17,5,8,13,21,1,20,12,10,18,19,11,2,4,3,14,16,24,22,15,7,6,23],[5,1,17,8,9,13,21,20,12,10,18,19,11,2,4,3,16,14,24,22,15,7,6,23],[5,13,9,1,21,17,20,8,12,10,18,11,19,4,2,3,16,14,22,15,7,6,24,23],[5,9,1,17,8,13,21,20,12,18,10,19,11,4,2,3,16,14,23,24,22,15,6,7],[13,17,5,20,1,21,9,8,12,10,18,11,19,4,2,3,14,16,24,22,15,6],[13,9,5,1,21,17,20,8,12,10,18,11,19,4,2,3,16,14,24,22,15,6,23],[17,21,5,8,13,1,9,12,20,10,18,11,19,4,2,3,16,14,22,15,6,23,7,24],[21,13,1,9,5,17,20,8,12,10,18,19,11,4,2,3,14,16,24,22,15,6,7],[21,17,13,5,20,1,9,8,12,18,10,11,19,4,2,3,16,14,24,22,15,6],[13,5,1,21,9,17,20,8,12,10,18,19,11,4,2,3,16,14,22,15,6,23,7],[5,17,8,1,13,9,21,20,12,10,18,19,11,3,2,4,16,14,24,22,15,7,6,23],[1,13,9,21,17,5,8,20,12,10,18,19,11,4,2,3,16,14,24,22,15,6,23],[1,21,5,13,9,17,8,20,12,18,10,19,11,4,2,3,14,16,24,22,15,7,6,23],[13,21,9,1,17,5,20,8,12,18,10,11,19,4,2,3,15,16,14,22,6,23,7,24],[9,1,21,17,13,5,20,8,12,18,10,11,19,4,2,3,16,14,22,15,6,23],[5,13,21,17,20,1,9,8,10,12,18,19,11,2,4,3,16,14,24,22,15,7,6,23],[13,21,9,5,1,17,8,20,12,18,10,11,19,4,2,3,16,14,24,22,15,6,23],[9,21,1,5,13,17,8,20,10,12,18,19,11,4,2,3,16,14,22,15,6],[1,5,21,9,13,17,20,8,12,10,18,19,11,4,2,3,16,14,24,22,15,6,23],[9,21,13,17,5,8,1,20,12,10,18,11,19,4,2,3,14,16,23,15,22,7,6],[21,5,17,20,13,1,9,8,12,10,18,11,19,4,2,3,15,16,14,22,6,24,23],[21,9,1,13,5,17,8,12,20,10,18,11,19,2,4,3,14,16,23,22,15,6,7],[13,5,1,9,21,17,20,8,12,18,10,19,11,2,4,3,16,14,24,22,15,7,6],[9,1,13,21,5,17,20,8,10,12,18,11,19,2,4,3,16,14,23,22,6,15],[1,5,21,17,8,9,13,20,12,10,18,11,19,2,4,3,16,14,22,15,6],[5,17,8,21,9,13,1,20,12,18,10,11,19,3,4,2,16,14,23,15,24,22,6],[1,9,17,21,5,20,13,8,12,18,10,11,19,4,2,3,16,14,22,15,6,7,24],[1,17,9,5,20,21,13,8,12,10,18,11,19,4,2,3,14,16,22,15,6,23,24,7],[13,9,21,17,5,8,1,12,20,10,18,19,11,2,4,3,14,16,24,22,15,7,6],[1,17,13,21,9,5,20,8,12,18,10,11,19,4,2,3,15,16,14,22,24,7,6,23],[5,13,9,17,20,21,1,8,12,18,10,11,19,4,2,3,14,16,23,24,22,15,7,6],[17,21,5,8,13,1,9,12,20,10,18,19,11,4,2,3,14,16,24,22,15,7,6],[9,13,1,21,5,17,8,12,20,10,18,19,11,4,2,3,15,14,16,23,24,22,6,7],[1,5,13,21,9,17,8,12,20,10,18,19,11,4,2,3,16,14,22,15,6,23],[13,17,1,9,5,8,21,12,20,18,10,19,11,2,4,3,15,16,14,22,7,6],[17,9,1,5,8,21,13,12,20,10,18,11,19,4,2,3,16,14,24,22,15,6,23,7],[9,21,17,13,1,5,20,6,12,10,18,19,11,8,4,2,3,16,14,24,22,15],[5,9,1,13,21,17,8,12,20,18,10,11,19,4,2,3,15,16,14,24,22,7,6],[9,17,1,13,21,5,8,20,12,10,18,19,11,4,2,3,16,14,22,15,6],[5,13,17,8,9,1,21,20,12,10,18,19,11,4,2,3,16,14,23,24,22,15,6,7],[1,9,5,21,17,20,13,8,12,10,18,19,11,2,4,3,16,14,23,24,22,15,7,6],[1,13,9,17,5,20,21,8,12,10,18,19,11,4,2,3,16,14,24,22,15,6,23,7],[9,13,17,1,5,8,21,12,20,18,10,11,19,4,2,3,16,14,24,22,15,6,23,7],[17,1,9,13,21,5,20,8,10,12,18,19,11,3,16,14,2,4,23,24,22,15,6,7],[9,21,17,13,1,5,8,20,12,18,10,11,19,3,2,4,16,14,24,22,15,7,6],[9,5,1,13,21,17,20,8,12,18,10,19,11,4,2,3,14,16,24,22,15,7,6],[9,1,5,17,20,21,13,8,12,10,18,11,19,4,2,3,16,14,24,22,15,23,6,7],[5,21,1,9,17,8,13,12,20,18,10,11,19,2,4,3,16,14,24,22,15,7,6],[13,17,9,21,1,5,20,8,12,18,10,11,19,2,4,3,16,14,24,22,15,6],[5,9,13,21,17,8,1,12,20,10,18,19,11,4,2,3,15,16,14,23,22,6,7],[5,13,17,20,21,9,1,8,12,10,18,11,19,4,2,3,16,14,24,22,15,6,23,7],[13,5,9,17,20,21,1,8,12,18,10,11,19,4,2,3,14,16,23,24,22,15,6],[21,1,13,5,9,17,20,8,12,18,10,19,11,2,4,3,16,14,24,22,15,6],[1,5,21,17,20,13,9,8,12,10,18,19,11,4,2,3,14,16,22,15,6,23,7],[21,13,9,5,1,17,20,8,12,10,18,19,11,4,2,3,14,16,23,24,22,15,6],[5,17,20,9,13,1,21,8,12,18,10,11,19,4,2,3,16,14,24,22,15,6,7],[5,17,8,1,9,13,21,20,12,18,10,19,11,4,2,3,16,14,23,22,15,6,7,24],[1,13,9,21,5,17,8,20,12,18,10,19,11,4,2,3,15,14,16,24,22,6,23],[1,17,5,20,9,21,13,8,12,18,10,19,11,3,4,2,14,16,22,15,6],[1,17,21,5,8,9,13,12,20,18,10,19,11,4,2,3,16,14,22,15,6,24,23,7],[1,17,5,8,21,13,9,12,20,18,10,11,19,4,2,3,14,16,24,22,15,6,23],[21,9,13,5,17,20,1,8,12,10,18,11,19,4,2,3,14,16,23,22,15,6,24,7],[1,21,17,5,20,13,9,8,12,10,18,19,11,4,2,3,16,14,24,22,15,6],[21,1,13,9,5,17,8,20,12,10,18,11,19,4,2,3,14,16,24,22,15,6],[5,9,17,20,1,21,13,8,12,10,18,11,19,4,2,3,16,14,22,15,6,7,24,23],[17,5,20,21,1,9,13,8,12,18,10,11,19,4,2,3,14,16,22,15,6],[13,9,17,21,5,8,1,12,20,18,10,19,11,4,2,3,16,14,24,22,15,6,23],[1,17,21,5,8,13,9,20,12,18,10,19,11,4,2,3,14,16,24,22,15,6,23],[13,5,21,9,1,17,20,8,12,10,18,11,19,4,2,3,16,14,22,15,6],[5,13,17,20,21,9,1,8,12,18,10,11,19,4,2,3,14,16,24,22,15,6],[21,1,5,17,8,13,9,20,12,18,10,11,19,3,14,16,2,4,22,15,24,6],[9,1,13,5,21,17,8,20,12,18,10,19,11,2,4,3,14,16,23,15,24,22,6],[17,9,1,21,5,8,13,20,12,18,10,19,11,4,2,3,14,16,24,22,15,7,6,23],[5,1,13,21,17,8,9,20,12,10,18,19,11,4,2,3,15,14,16,24,22,6],[21,9,1,17,5,20,13,8,12,10,18,11,19,4,2,3,15,16,14,23,22,6,24,7],[1,9,21,5,17,20,13,8,12,18,10,19,11,4,2,3,14,16,24,22,15,6,23],[13,21,17,9,5,8,1,20,12,10,18,19,11,4,2,3,14,16,22,15,6,7,23],[21,5,9,17,8,13,1,12,20,10,18,19,11,3,2,4,16,14,22,15,6,7],[5,9,21,13,1,17,20,8,10,12,18,19,11,4,2,3,16,14,24,22,15,7,6,23],[1,5,13,21,17,20,9,8,12,18,10,19,11,2,4,3,14,16,22,15,6,7,24,23],[1,17,9,13,5,8,21,12,20,18,10,11,19,2,4,3,14,16,22,15,6,24,23],[9,13,21,17,5,20,1,8,12,18,10,11,19,4,2,3,14,16,24,22,15,23,6,7],[17,21,1,13,9,5,8,20,12,10,18,11,19,4,2,3,16,14,24,22,15,6,23],[9,13,21,17,1,5,20,8,12,18,10,19,11,4,2,3,16,14,24,22,15,6,7],[17,13,9,1,5,8,21,12,20,10,18,11,19,4,2,3,16,14,24,22,15,6,23],[21,17,9,13,1,5,8,20,12,18,10,11,19,2,4,3,14,16,24,22,15,7,6],[21,13,1,17,5,20,9,8,12,18,10,11,19,2,4,3,14,16,22,15,6],[13,21,9,5,1,17,20,8,10,12,18,11,19,2,4,3,16,14,22,15,6,7,24],[21,5,1,13,9,17,8,12,20,18,10,19,11,2,4,3,14,16,22,15,6],[5,9,21,17,8,13,1,20,12,10,18,19,11,2,4,3,14,16,22,6,15,23],[5,1,9,21,17,20,13,8,12,18,10,19,11,4,2,3,16,14,22,15,7,6,23,24],[9,5,21,13,1,17,8,12,20,18,10,19,11,4,2,3,14,16,24,22,15,6,23],[21,9,13,5,1,17,20,8,12,18,10,11,19,4,2,3,16,14,22,15,6],[5,9,13,1,17,8,21,12,20,10,18,19,11,4,2,3,16,14,23,24,22,15,6,7],[1,21,9,17,13,5,8,12,20,10,18,19,11,4,2,3,16,14,24,22,15,6],[9,5,1,13,17,20,21,8,12,10,18,19,11,4,2,3,16,14,24,22,15,6,23],[9,13,1,5,17,20,21,8,10,12,18,11,19,4,2,3,16,14,24,22,15,6,7],[5,13,21,17,8,1,9,12,20,18,10,11,19,4,2,3,14,16,24,22,15,6,7],[9,5,13,17,20,21,1,8,12,18,10,19,11,2,4,3,16,14,23,24,22,15,6],[9,17,5,8,1,21,13,12,20,10,18,11,19,4,2,3,16,14,22,15,24,6,23],[17,1,13,21,5,20,9,8,12,10,18,19,11,4,2,3,14,16,23,22,15,6,24],[21,9,5,17,20,13,1,8,12,10,18,19,11,4,2,3,16,14,24,22,15,6,23,7],[1,9,21,17,13,5,8,20,12,10,18,11,19,4,2,3,16,14,22,15,6],[21,17,13,1,9,5,20,8,12,10,18,11,19,4,2,3,14,16,24,22,15,6,23,7],[13,21,17,1,5,8,9,20,12,18,10,11,19,4,2,3,14,16,22,15,7,6],[9,13,5,21,17,8,1,20,12,18,10,11,19,2,4,3,16,14,24,22,15,7,6,23],[9,5,1,21,17,20,13,8,12,18,10,11,19,2,4,3,14,16,22,15,6,7],[1,5,21,9,17,20,13,8,10,12,18,19,11,2,4,3,14,16,22,15,6,24,7,23],[21,5,17,20,9,13,1,8,12,18,10,19,11,4,2,3,16,14,22,15,6],[17,9,21,5,8,1,13,12,20,10,18,19,11,2,4,3,15,14,16,24,22,6,23],[17,13,9,5,8,1,21,12,20,18,10,11,19,2,4,3,14,16,24,22,15,6],[13,21,1,5,17,20,9,8,12,10,18,19,11,4,2,3,14,16,22,15,6,7],[17,1,5,20,21,13,9,8,12,10,18,11,19,4,2,3,16,14,24,22,15,7,6,23],[5,21,13,17,8,9,1,12,20,18,10,11,19,4,2,3,16,14,24,22,15,6,23],[9,5,1,21,17,20,13,8,10,12,18,11,19,4,2,3,16,14,24,22,15,6,7,23],[9,1,21,5,13,17,20,8,12,10,18,11,19,4,2,3,15,16,14,24,22,7,6],[1,9,5,21,13,17,20,8,12,18,10,19,11,2,4,3,16,14,22,15,6],[17,1,13,5,8,9,21,20,12,10,18,19,11,4,2,3,16,14,24,22,15,6,7],[9,17,5,20,21,1,13,8,12,10,18,11,19,14,16,2,4,3,24,22,15,6,7],[13,9,21,5,17,8,1,20,10,12,18,19,11,4,2,3,16,14,23,24,22,15,6],[21,17,9,13,1,5,8,12,20,10,18,11,19,4,2,3,16,14,24,22,15,6,23,7],[17,1,13,5,8,21,9,12,20,10,18,11,19,4,2,3,14,16,22,15,7,6,24],[9,13,21,1,5,17,8,20,12,18,10,19,11,4,2,3,16,14,22,15,6],[13,5,17,8,1,21,9,20,12,10,18,19,11,4,2,3,16,14,24,22,15,6],[17,5,8,9,21,13,1,12,20,18,10,19,11,4,2,3,14,16,23,22,15,6,7,24],[9,13,5,1,21,17,8,20,10,12,18,11,19,4,2,3,15,16,14,24,22,6,7],[17,1,5,20,13,21,9,8,10,12,18,19,11,4,2,3,14,16,24,22,15,6,7,23],[13,21,5,1,9,17,20,8,12,18,10,19,11,4,2,3,14,16,22,15,6,24,23,7],[17,21,1,5,8,13,9,12,20,18,10,19,11,4,2,3,16,14,22,15,6,24,23],[9,17,1,21,13,5,8,20,12,10,18,11,19,2,4,3,16,14,22,15,6],[13,9,21,5,1,17,20,8,12,10,18,11,19,4,2,3,14,16,22,15,24,6,7],[13,5,1,21,9,17,8,20,10,12,18,11,19,2,4,3,14,16,24,22,15,6,7],[9,1,21,17,5,8,13,12,20,18,10,19,11,3,2,4,16,14,23,24,22,15,6,7],[1,13,9,17,5,20,21,8,12,18,10,11,19,4,2,3,16,14,24,22,15,6,23,7],[1,21,17,13,9,5,20,8,12,10,18,19,11,4,2,3,16,14,24,22,15,6,7,23],[9,17,1,5,20,13,21,8,12,18,10,19,11,2,4,3,16,14,23,15,24,22,7,6],[17,13,9,5,20,1,21,8,12,18,10,19,11,4,2,3,16,14,22,15,6],[5,13,1,9,21,17,20,8,12,10,18,11,19,4,2,3,14,16,24,22,15,6,7],[13,1,5,9,17,8,21,20,10,12,18,11,19,2,4,3,16,14,23,15,22,6,24],[17,5,8,13,1,21,9,12,20,18,10,11,19,3,4,2,16,14,24,22,15,23,6,7],[9,17,1,21,13,5,8,12,20,10,18,19,11,4,2,3,14,16,22,15,6],[17,13,21,9,5,20,1,8,10,12,18,11,19,4,2,3,16,14,23,24,22,15,6],[17,21,13,5,8,1,9,20,12,10,18,11,19,4,2,3,16,14,24,22,15,6,7],[13,17,5,8,21,1,9,20,12,18,10,11,19,4,2,3,14,16,24,22,15,6,7,23],[9,5,21,13,17,20,1,8,12,18,10,11,19,4,2,3,16,14,24,22,15,6,23,7],[1,5,17,20,13,9,21,8,12,18,10,11,19,4,2,3,16,14,23,22,15,6],[13,5,9,1,21,17,8,20,12,18,10,11,19,4,2,3,14,16,22,15,6,24,7,23],[9,5,13,1,17,8,21,20,12,18,10,19,11,4,2,3,16,14,22,15,6],[1,9,17,13,21,5,20,8,12,18,10,11,19,2,4,3,14,16,22,15,7,6],[5,9,21,13,1,17,8,20,10,12,18,19,11,4,2,3,16,14,24,22,15,23,6,7],[13,9,1,21,5,17,20,8,12,10,18,11,19,4,2,3,14,16,22,15,7,6],[5,9,17,20,13,1,21,8,12,10,18,19,11,4,2,3,14,16,24,22,15,6,23,7],[1,5,9,17,8,21,13,12,20,10,18,11,19,2,4,3,16,14,24,22,15,6],[21,1,9,5,17,8,13,20,12,18,10,19,11,4,2,3,16,14,24,22,15,6,23,7],[13,5,9,17,20,1,21,8,12,18,10,11,19,2,4,3,15,16,14,24,22,6,23,7],[5,13,9,17,8,21,1,20,12,10,18,19,11,4,2,3,14,16,23,15,24,22,6,7],[21,5,9,1,17,8,13,20,12,18,10,19,11,4,2,3,15,14,16,22,6,7,24],[17,1,9,21,13,5,8,20,12,10,18,11,19,2,4,3,14,16,24,22,15,6,23],[1,5,21,13,17,20,9,8,12,18,10,11,19,2,4,3,16,14,24,22,15,6],[1,21,17,5,8,13,9,12,20,10,18,19,11,4,2,3,14,16,24,22,15,6],[9,5,21,13,17,8,1,12,20,18,10,19,11,4,2,3,16,14,22,15,6,7,24,23],[9,21,17,1,5,8,13,20,12,10,18,19,11,4,2,3,15,16,14,24,22,6,23,7],[9,17,1,21,13,5,8,20,12,18,10,19,11,4,2,3,14,16,24,22,15,6,7],[13,9,21,5,17,20,1,8,12,18,10,19,11,4,2,3,16,14,23,22,15,6,7,24],[5,21,9,1,13,17,8,20,12,10,18,19,11,2,4,3,16,14,23,22,15,24,6,7],[9,21,5,13,17,20,1,8,12,10,18,11,19,4,2,3,16,14,24,22,15,6,7],[1,17,21,5,20,13,9,8,12,18,10,19,11,4,2,3,14,16,23,22,15,6,24,7],[21,1,9,13,5,17,8,20,10,12,18,11,19,2,4,3,14,16,24,22,15,6],[1,5,17,8,9,21,13,20,12,10,18,11,19,4,2,3,14,16,24,22,15,6,7,23],[5,9,21,13,1,17,8,20,12,10,18,19,11,4,2,3,16,14,24,22,15,6],[5,9,21,1,17,8,13,12,20,10,18,11,19,4,2,3,14,16,24,22,15,6,7,23],[17,13,5,8,9,21,1,12,20,18,10,19,11,4,2,3,14,16,24,22,15,6,7],[13,17,21,1,5,8,9,20,12,10,18,11,19,2,4,3,15,16,14,24,22,7,6,23],[9,17,1,5,20,21,13,8,12,18,10,11,19,4,2,3,14,16,22,15,6],[9,17,21,1,5,8,13,12,20,10,18,19,11,2,4,3,15,16,14,24,22,6],[17,13,21,1,9,5,8,12,20,10,18,11,19,4,2,3,14,16,22,15,7,6,23,24],[1,13,9,17,5,8,21,20,12,18,10,11,19,4,2,3,15,16,14,23,24,22,6,7],[9,21,13,17,1,5,8,12,20,10,18,11,19,4,2,3,16,14,23,24,22,15,6,7],[17,5,8,21,1,9,13,12,20,18,10,11,19,4,2,3,15,16,14,24,22,7,6],[17,21,5,8,9,13,1,20,12,10,18,11,19,4,2,3,16,14,22,15,7,6],[17,1,9,21,5,20,13,8,10,12,18,19,11,4,2,3,15,14,16,23,22,6,24,7],[21,5,9,13,17,20,1,8,12,18,10,11,19,4,2,3,16,14,22,15,6,24,23],[21,13,9,1,5,17,20,8,12,18,10,11,19,2,4,3,14,16,24,22,15,6],[1,17,13,21,5,8,9,12,20,18,10,19,11,4,2,3,14,16,24,22,15,6],[9,1,17,21,5,20,13,8,12,10,18,11,19,4,2,3,16,14,24,22,15,23,7,6],[13,1,9,21,17,5,8,12,20,10,18,11,19,2,4,3,16,14,24,22,15,6,7],[5,21,1,9,13,17,8,20,12,10,18,11,19,4,2,3,16,14,24,22,15,6,23],[21,13,9,5,17,20,1,8,12,18,10,19,11,4,2,3,14,16,24,22,15,6,7],[9,17,5,8,13,1,21,12,20,18,10,19,11,2,4,3,14,16,24,22,15,6],[21,13,17,5,8,1,9,20,10,12,18,11,19,4,2,3,14,16,23,15,22,6],[9,13,1,17,21,5,8,12,20,10,18,19,11,4,2,3,16,14,24,22,15,6],[1,13,17,21,9,5,20,8,12,10,18,11,19,2,4,3,16,14,22,15,7,6,24],[17,5,8,1,13,21,9,12,20,18,10,11,19,4,2,3,16,14,22,15,6],[9,5,17,20,21,13,1,8,12,10,18,11,19,4,2,3,14,16,24,22,15,23,6,7],[9,5,17,20,21,13,1,8,12,18,10,11,19,2,4,3,14,16,24,22,15,6,23,7],[9,17,13,21,5,20,1,8,12,10,18,19,11,4,2,3,16,14,23,24,22,15,6],[5,13,1,9,21,17,8,12,20,10,18,11,19,4,2,3,14,16,24,22,15,6,23],[21,5,17,8,13,9,1,12,20,10,18,19,11,2,4,3,16,14,24,22,15,6,7],[13,21,1,5,17,20,9,8,12,18,10,19,11,2,4,3,14,16,22,15,6,24,7],[13,17,9,5,8,21,1,12,20,10,18,11,19,2,4,3,14,16,24,22,15,6,23],[5,17,8,21,1,13,9,12,20,18,10,19,11,4,2,3,16,14,22,15,6,7,24,23],[17,5,20,9,13,21,1,8,12,10,18,11,19,4,2,3,16,14,22,15,6,24,7,23],[9,13,21,1,5,17,8,12,20,10,18,19,11,4,2,3,16,14,24,22,15,6,7,23],[5,9,13,17,8,1,21,12,20,10,18,11,19,4,2,3,16,14,24,22,15,6,7,23],[9,1,13,5,21,17,20,8,12,10,18,19,11,4,2,3,15,16,14,23,24,22,6,7],[5,9,21,1,13,17,20,8,12,10,18,11,19,4,2,3,16,14,24,22,15,7,6,23],[13,9,17,1,21,5,8,12,20,10,18,19,11,2,4,3,16,14,24,22,7,6,15],[1,9,13,17,5,20,21,8,12,18,10,19,11,4,2,3,14,16,22,15,6,23,7,24],[13,1,5,17,20,9,21,8,12,18,10,19,11,4,2,3,16,14,23,22,15,6,7,24],[1,21,9,13,5,17,20,8,12,10,18,19,11,4,2,3,14,16,23,24,22,15,6],[1,5,9,17,20,13,21,8,12,18,10,11,19,2,4,3,16,14,22,15,6,23,7],[17,1,21,9,5,20,13,8,12,18,10,11,19,4,2,3,16,14,24,22,15,6,7,23],[9,13,1,17,5,20,21,8,10,12,18,11,19,4,2,3,16,14,24,22,15,6],[21,5,9,13,17,8,1,20,12,10,18,11,19,2,4,3,16,14,23,24,22,15,7,6],[1,21,17,5,20,9,13,8,12,10,18,19,11,2,4,3,16,14,23,24,22,15,6],[13,17,21,1,9,5,8,12,20,10,18,19,11,4,2,3,16,14,23,24,22,15,6,7],[13,5,17,20,1,9,21,8,12,10,18,19,11,3,4,2,14,16,24,22,15,6,7],[9,5,1,21,13,17,8,20,12,10,18,11,19,2,4,3,16,14,22,15,6,7,24],[9,5,1,13,21,17,20,8,12,10,18,11,19,2,4,3,16,14,24,22,15,7,6,23],[5,9,21,1,13,17,20,8,12,18,10,19,11,2,4,3,16,14,22,15,24,7,6,23],[9,13,1,17,5,20,21,8,12,18,10,19,11,2,4,3,15,14,16,24,22,6,23,7],[9,1,13,5,21,17,20,8,12,18,10,11,19,2,4,3,16,14,22,15,6,7],[1,17,13,21,5,20,9,8,12,10,18,11,19,4,2,3,16,14,24,22,15,23,6],[5,9,21,13,1,17,20,8,12,18,10,19,11,4,2,3,14,16,22,15,6,7,23,24],[17,9,21,1,5,20,13,8,12,18,10,11,19,4,2,3,16,14,23,24,22,15,6],[5,9,13,21,17,20,1,8,12,18,10,19,11,4,2,3,14,16,22,15],[17,1,9,21,5,8,13,20,12,18,10,11,19,4,2,3,15,14,16,24,22,7,6,23],[1,5,17,20,9,13,21,8,12,18,10,11,19,2,4,3,16,14,22,15,6,7],[13,17,21,9,5,20,1,8,10,12,18,19,11,4,2,3,15,16,14,23,24,22,6],[5,21,17,8,1,13,9,20,12,10,18,11,19,15,2,4,3,14,16,23,22,6,7],[13,9,17,21,1,5,20,8,12,10,18,11,19,4,2,3,16,14,22,15,6,24],[21,9,17,13,1,5,20,8,12,18,10,11,19,4,2,3,16,14,23,22,15,24,6,7],[9,21,5,17,20,1,13,8,12,18,10,19,11,4,2,3,14,16,23,24,22,15,7,6],[5,13,1,17,20,9,21,8,12,18,10,11,19,4,2,3,16,14,22,15,6,24,7,23],[17,5,8,13,21,9,1,12,20,10,18,11,19,4,2,3,16,14,15,24,22,23,6],[21,9,1,13,17,5,8,20,12,18,10,19,11,2,4,3,16,14,24,22,15,6,23],[13,21,9,5,1,17,20,8,10,12,18,11,19,4,2,3,14,16,22,15,6,24,7,23],[13,5,9,21,17,20,1,8,12,10,18,11,19,4,2,3,16,14,24,22,15,6],[9,17,21,5,8,13,1,12,20,10,18,11,19,4,2,3,16,14,22,15,6,24,7,23],[5,13,9,17,20,1,21,8,12,10,18,19,11,4,2,3,16,14,22,15,6,24,23,7],[13,5,1,9,21,17,8,20,12,18,10,11,19,2,4,3,16,14,24,22,15,7,6],[17,5,8,13,9,1,21,12,20,10,18,19,11,4,2,3,16,14,24,22,15,6],[1,13,5,21,17,20,9,8,12,18,10,11,19,2,4,3,16,14,24,22,15,6],[5,9,21,17,20,1,13,8,12,10,18,11,19,4,2,3,16,14,23,24,22,15,6],[1,17,21,5,8,9,13,20,12,18,10,19,11,4,2,3,16,14,22,15,6,23,24],[13,9,1,21,17,5,8,20,12,18,10,19,11,2,4,3,16,14,23,22,15,6],[21,5,13,17,8,9,1,12,20,10,18,11,19,4,2,3,14,16,22,15,23,6],[5,17,8,1,9,13,21,12,20,18,10,19,11,4,2,3,14,16,22,15,6],[21,9,13,5,1,17,20,8,12,18,10,19,11,2,4,3,16,14,22,15,6],[9,17,5,20,21,1,13,8,12,18,10,11,19,3,2,4,16,14,24,22,15,23,6,7],[17,21,1,9,5,8,13,20,12,10,18,19,11,4,2,3,16,14,24,22,23,15,6],[21,17,1,9,5,8,13,12,20,10,18,19,11,2,4,3,16,14,24,22,15,7,6,23],[13,17,1,5,8,21,9,12,20,18,10,11,19,3,4,2,14,16,22,15,7,6],[17,13,21,9,5,8,1,20,12,18,10,11,19,4,2,3,14,16,22,15,6],[13,21,5,1,9,17,20,8,10,12,18,11,19,2,4,3,16,14,23,24,22,15,7,6],[17,1,5,20,13,9,21,8,12,10,18,11,19,4,2,3,14,16,22,15,7,6],[17,21,9,13,1,5,8,12,20,18,10,11,19,2,4,3,16,14,23,24,22,15,7,6],[1,9,13,21,17,5,20,8,10,12,18,19,11,3,4,2,16,14,22,15,6,24],[13,9,21,1,17,5,8,12,20,18,10,11,19,4,2,3,16,14,22,15,7,6,23,24],[9,13,21,1,5,17,8,12,20,10,18,19,11,3,4,2,16,14,23,15,22,7,6,24],[13,17,5,20,1,21,9,8,12,10,18,19,11,2,4,3,16,14,22,15,7,6,23,24],[21,13,5,1,9,17,20,8,12,18,10,19,11,4,2,3,14,16,24,22,15,7,6],[5,9,13,21,17,20,1,8,12,18,10,11,19,4,2,3,16,14,24,22,15,6,7,23],[5,13,9,17,8,1,21,20,12,18,10,19,11,4,2,3,16,14,22,15,6,24],[9,1,13,17,5,8,21,20,12,18,10,19,11,4,2,3,16,14,22,15,6,23,24],[21,5,13,17,20,9,1,8,12,10,18,19,11,2,4,3,14,16,24,22,15,6,7,23],[1,21,13,9,17,5,8,20,12,18,10,19,11,4,2,3,14,16,22,15,23,6,24],[21,5,1,13,9,17,20,8,12,18,10,19,11,4,2,3,16,14,24,22,15,6],[1,13,9,21,5,17,8,20,12,10,18,19,11,4,2,3,16,14,23,15,22,6,7],[9,17,13,5,8,21,1,20,12,18,10,19,11,4,2,3,14,16,22,15,6,23,7,24],[5,9,13,17,8,1,21,12,20,18,10,11,19,4,2,3,16,14,24,22,15,23,7,6],[13,9,21,1,17,5,20,8,12,10,18,19,11,4,2,3,14,16,24,22,15,6,23,7],[17,5,8,13,1,21,9,20,12,10,18,11,19,4,2,3,14,16,22,15,23,6,7],[21,9,13,1,17,5,8,20,12,10,18,11,19,4,2,3,14,16,23,22,15,6],[9,21,13,5,1,17,20,8,12,18,10,11,19,4,2,3,15,16,14,23,22,6],[1,21,5,9,17,8,13,12,20,10,18,19,11,4,2,3,14,16,22,15,6,7,24],[5,1,13,17,8,9,21,20,10,12,18,19,11,2,4,3,16,14,24,22,15,7,6],[13,1,17,5,20,21,9,8,12,10,18,11,19,4,2,3,16,14,22,15,6,23],[1,13,5,21,17,8,9,20,12,10,18,19,11,4,2,3,16,14,22,15,24,7,6],[1,9,17,21,13,5,20,8,12,10,18,11,19,4,2,3,16,14,23,24,22,15,7,6],[17,5,8,1,13,21,9,12,20,10,18,11,19,4,2,3,16,14,22,15,24,6,23,7],[17,21,1,5,20,9,13,8,12,10,18,11,19,16,14,4,2,3,23,15,22,6,7],[5,13,17,8,1,9,21,20,12,10,18,11,19,4,2,3,16,14,22,15,24,6,23,7],[21,5,17,20,1,13,9,8,12,18,10,11,19,2,4,3,16,14,23,24,22,15,7,6],[1,13,17,5,8,9,21,20,12,18,10,19,11,4,2,3,14,16,23,22,15,6,7,24],[21,1,9,5,13,17,20,6,12,10,18,11,8,19,4,2,3,16,14,23,22,15],[1,21,17,5,20,9,13,8,12,18,10,11,19,4,2,3,14,16,23,22,15,6,7,24],[1,13,21,17,9,5,8,12,20,18,10,19,11,4,2,3,16,14,24,22,15,6,23],[9,1,5,21,17,8,13,12,20,18,10,11,19,4,2,3,16,14,24,22,15,7,6,23],[1,17,5,20,13,9,21,8,12,18,10,11,19,4,2,3,16,14,24,22,15,7,6,23],[13,9,1,17,5,20,21,8,12,10,18,19,11,4,2,3,16,14,22,15,6,23,24],[1,17,21,9,5,8,13,20,12,18,10,11,19,2,4,3,14,16,24,22,15,6,7],[21,13,17,9,1,5,20,8,12,18,10,11,19,3,4,2,15,16,14,24,22,6],[9,17,21,5,8,13,1,20,12,10,18,19,11,2,4,3,16,14,22,15,6,23],[13,9,1,17,5,8,21,20,12,18,10,11,19,2,4,3,14,16,22,15,7,6],[9,5,21,13,17,8,1,20,12,18,10,19,11,4,2,3,16,14,24,22,6,15],[1,13,21,17,5,8,9,20,12,10,18,11,19,4,2,3,16,14,24,22,15,6],[13,5,9,17,8,21,1,12,20,18,10,19,11,2,4,3,16,14,23,24,22,15,6,7],[9,17,13,21,5,8,1,20,12,18,10,19,11,4,2,3,16,14,22,15,6,7],[13,9,5,17,8,1,21,12,20,18,10,11,19,2,4,3,16,14,22,15,6,7,24],[9,13,17,21,1,5,8,20,12,18,10,19,11,4,2,3,16,14,22,15,6,23,7],[21,13,9,17,1,5,8,20,12,10,18,19,11,4,2,3,16,14,22,15,6,24,23,7],[21,17,5,20,1,13,9,8,10,12,18,11,19,3,16,14,4,2,22,15,24,6],[21,17,1,9,5,20,13,8,10,12,18,11,19,2,4,3,16,14,24,22,15,6,23],[5,9,17,20,1,21,13,8,12,18,10,19,11,2,4,3,14,16,23,22,15,6,24],[17,1,9,13,5,20,21,8,12,10,18,11,19,2,4,3,16,14,22,15,6,23],[1,17,5,20,9,13,21,8,12,10,18,19,11,4,2,3,16,14,24,22,15,6],[9,5,21,1,17,8,13,12,20,10,18,11,19,4,2,3,16,14,24,22,15,6],[5,17,20,21,13,1,9,8,12,10,18,11,19,4,2,3,14,16,22,15,6,23,7,24],[17,21,9,13,5,20,1,8,12,10,18,11,19,2,4,3,14,16,22,15,23,6,7,24],[9,17,21,5,8,13,1,12,20,18,10,11,19,4,2,3,14,16,24,22,15,7,6],[5,1,9,13,17,20,21,8,12,18,10,11,19,4,2,3,16,14,22,15,6],[17,5,8,13,1,21,9,20,12,10,18,11,19,2,4,3,14,16,22,15,23,7,6,24],[9,21,5,1,13,17,8,20,12,10,18,19,11,4,2,3,14,16,22,15,6,23],[5,9,17,20,1,21,13,8,10,12,18,11,19,4,2,3,15,14,16,24,22,7,6],[5,21,17,20,1,9,13,8,12,18,10,19,11,2,4,3,15,14,16,24,22,6],[9,1,21,17,13,5,20,8,12,18,10,11,19,4,2,3,16,14,24,22,15,6,7,23],[9,17,1,21,5,8,13,12,20,10,18,11,19,4,2,3,16,14,23,22,15,6,24],[1,17,9,21,13,5,20,8,12,18,10,19,11,4,2,3,16,14,22,15,6,7,23,24],[9,1,21,17,13,5,8,12,20,10,18,11,19,2,4,3,16,14,24,22,15,7,6,23],[13,1,17,5,8,21,9,12,20,10,18,11,19,4,2,3,16,14,23,24,22,15,6],[9,1,5,13,17,20,21,8,10,12,18,11,19,4,2,3,16,14,24,22,15,7,6,23],[9,1,17,21,5,8,13,20,10,12,18,11,19,2,4,3,14,16,24,22,15,6,23],[13,5,9,1,21,17,20,8,12,10,18,11,19,4,2,3,16,14,24,22,15,6,7],[9,21,5,1,13,17,20,8,12,18,10,11,19,4,2,3,16,14,24,22,15,6],[5,9,1,13,21,17,20,8,12,10,18,19,11,4,2,3,14,16,22,15,6,24,7],[13,9,17,1,5,20,21,8,12,18,10,19,11,2,4,3,14,16,24,22,15,6],[5,1,13,17,20,9,21,8,12,10,18,19,11,4,2,3,16,14,24,22,15,7,6],[13,1,21,9,17,5,20,8,12,10,18,19,11,2,4,3,16,14,24,22,15,6,7,23],[9,21,17,1,13,5,20,8,12,18,10,19,11,2,4,3,15,16,14,22,6,24,7],[17,13,21,5,20,9,1,8,12,18,10,11,19,4,2,3,16,14,24,22,15,7,6],[13,1,5,17,8,9,21,20,10,12,18,11,19,4,2,3,16,14,24,22,15,7,6,23],[9,21,13,1,17,5,20,8,12,18,10,19,11,2,4,3,16,14,24,22,15,6],[1,17,5,20,21,13,9,8,12,18,10,11,19,4,2,3,16,14,24,22,15,7,6],[9,17,13,5,8,21,1,12,20,18,10,11,19,4,2,3,14,16,22,15,6,23,7],[21,5,1,17,20,9,13,8,12,18,10,19,11,2,4,3,15,14,16,22,6,24,7,23],[1,13,17,21,9,5,8,20,10,12,18,19,11,4,2,3,16,14,24,22,15,7,6],[21,13,17,5,20,1,9,8,12,18,10,19,11,4,2,3,16,14,22,15,6,24,7,23],[17,5,20,9,13,1,21,8,12,18,10,19,11,4,2,3,16,14,22,15,6,7,24,23],[5,9,21,13,17,8,1,20,12,10,18,19,11,4,2,3,16,14,24,22,15,6,7],[13,9,17,5,8,21,1,20,12,18,10,19,11,4,2,3,16,14,24,22,15,6,23],[9,5,13,17,8,21,1,20,12,18,10,11,19,2,4,3,16,14,22,15,24,6,23,7],[13,5,1,21,9,17,8,12,20,18,10,11,19,2,4,3,15,16,14,24,22,6,7,23],[21,13,9,1,5,17,8,12,20,18,10,19,11,2,4,3,15,14,16,23,22,6],[9,21,5,13,1,17,20,8,12,18,10,11,19,4,2,3,14,16,24,22,23,15,7,6],[9,5,1,21,13,17,20,8,10,12,18,11,19,2,4,3,14,16,23,22,15,6,7,24],[9,17,1,5,20,13,21,8,12,10,18,19,11,4,2,3,16,14,22,15,6,7],[5,1,13,9,21,17,8,20,12,18,10,19,11,4,2,3,14,16,22,15,6],[1,9,17,21,5,20,13,8,12,10,18,11,19,4,2,3,16,14,23,22,15,6,7],[1,9,21,5,13,17,20,8,12,18,10,19,11,2,4,3,14,16,22,15,7,6],[17,9,21,5,8,1,13,20,12,10,18,19,11,4,2,3,16,14,24,22,15,6,7,23],[9,17,13,1,21,5,8,12,20,18,10,11,19,2,4,3,14,16,22,15,6,23,7],[9,1,5,13,17,8,21,20,10,12,18,11,19,4,2,3,16,14,24,22,15,7,6],[1,9,17,5,8,21,13,12,20,10,18,19,11,4,2,3,15,16,14,22,6],[13,9,17,21,1,5,20,8,12,18,10,11,19,4,2,3,14,16,24,22,15,6],[17,13,9,1,21,5,20,8,12,18,10,19,11,4,2,3,16,14,23,24,22,15,6,7],[13,5,21,9,1,17,20,8,12,18,10,19,11,4,2,3,16,14,24,22,15,7,6,23],[5,13,1,17,8,21,9,12,20,18,10,19,11,4,2,3,14,16,22,15,6,23,24],[5,21,1,9,13,17,20,8,12,18,10,19,11,4,2,3,16,14,24,22,15,6],[9,21,1,5,17,20,13,8,12,18,10,11,19,2,4,3,14,16,24,22,15],[13,17,9,21,1,5,20,8,12,10,18,19,11,4,2,3,14,16,23,15,24,22,7,6],[21,17,1,9,5,8,13,12,20,10,18,11,19,2,4,3,14,16,24,22,15,6],[1,13,5,21,17,20,9,8,12,18,10,19,11,2,4,3,16,14,22,15,23,6,7],[5,21,17,20,1,13,9,8,12,10,18,19,11,4,2,3,16,14,22,7,6,15,24,23],[17,5,8,13,1,21,9,20,12,18,10,19,11,2,4,3,16,14,23,24,22,15,6,7],[5,1,17,20,9,21,13,8,12,18,10,19,11,4,2,3,16,14,22,15,6,23,7],[17,1,13,21,5,8,9,12,20,18,10,19,11,4,2,3,16,14,22,15,6,23],[13,21,1,5,9,17,8,20,12,10,18,19,11,4,2,3,14,16,22,15,6,7,24],[1,9,13,17,21,5,20,8,12,10,18,11,19,3,4,2,16,14,24,22,15,7,6],[21,9,5,1,17,8,13,20,12,10,18,11,19,2,4,3,15,16,14,22,23,24,6,7],[21,17,9,13,1,5,8,20,12,10,18,19,11,4,2,3,14,16,22,15,6,24],[1,17,13,9,21,5,8,12,20,18,10,11,19,4,2,3,16,14,23,22,15,7,6],[1,9,21,17,13,5,8,12,20,10,18,19,11,4,2,3,14,16,23,15,24,22,6,7],[13,21,17,1,5,8,9,20,12,10,18,11,19,4,2,3,16,14,24,22,15,6,23],[1,17,13,9,5,20,21,8,10,12,18,19,11,4,2,3,14,16,24,22,15,6],[9,13,5,1,17,20,21,8,12,10,18,11,19,2,4,3,14,16,24,22,15,7,6,23],[13,5,1,17,20,21,9,8,12,18,10,19,11,4,2,3,16,14,24,22,15,6,23],[9,17,5,20,21,1,13,8,12,18,10,19,11,4,2,3,15,14,16,24,22,6],[21,9,1,5,13,17,20,8,12,10,18,11,19,2,4,3,16,14,24,22,6,15,7,23],[21,1,9,17,13,5,8,20,12,18,10,19,11,4,2,3,14,16,24,22,15,7,6],[9,17,13,1,21,5,8,12,20,10,18,11,19,2,4,3,16,14,22,15,6,7,23,24],[1,9,13,5,21,17,20,8,12,18,10,19,11,4,2,3,14,16,24,22,15,6],[5,9,1,13,17,8,21,20,12,10,18,11,19,4,2,3,15,16,14,24,22,6,23],[1,13,9,5,21,17,20,8,12,10,18,11,19,2,4,3,14,16,22,15,6,7],[5,13,1,21,9,17,20,8,12,18,10,19,11,4,2,3,16,14,24,22,15,6],[5,17,20,9,1,21,13,8,12,10,18,11,19,2,4,3,16,14,24,22,15,7,6,23],[5,1,21,17,20,9,13,8,12,18,10,19,11,2,4,3,16,14,23,24,22,15,6,7],[17,9,13,1,5,8,21,20,12,18,10,11,19,2,4,3,16,14,24,22,15,6,23,7],[9,17,21,1,5,20,13,8,10,12,18,11,19,4,2,3,14,16,22,15,6,24,23],[21,17,9,13,1,5,20,8,12,18,10,11,19,4,2,3,14,16,24,22,15,6,23],[17,13,21,9,5,20,1,8,12,10,18,11,19,4,2,3,14,16,24,22,15,7,6],[17,21,9,13,1,5,8,12,20,18,10,19,11,4,2,3,14,16,22,15,7,6,23,24],[17,13,21,1,5,8,9,20,12,18,10,11,19,4,2,3,14,16,22,15,6],[5,9,17,8,21,13,1,12,20,10,18,19,11,4,2,3,16,14,24,22,15,23,6,7],[9,17,5,8,21,13,1,20,12,18,10,19,11,4,2,3,16,14,24,22,15,6,7],[17,13,5,20,9,21,1,8,12,18,10,11,19,2,4,3,14,16,24,22,15,7,6],[21,17,13,1,9,5,20,8,12,18,10,11,19,4,2,3,16,14,24,22,15,23,6],[9,5,21,17,20,1,13,8,12,10,18,19,11,4,2,3,16,14,22,15,7,6],[1,9,13,5,17,20,21,8,12,10,18,11,19,4,2,3,14,16,23,24,22,15,6],[13,5,21,9,1,17,20,8,12,10,18,19,11,4,2,3,16,14,22,15,24,7,6],[9,5,13,17,8,1,21,12,20,18,10,19,11,4,2,3,16,14,24,22,15,23,6,7],[9,21,1,13,17,5,8,20,12,10,18,19,11,2,4,3,15,16,14,24,22,6,23],[5,1,13,17,8,21,9,12,20,10,18,19,11,4,2,3,16,14,22,15,6],[13,17,9,1,5,20,21,8,12,10,18,19,11,4,2,3,14,16,22,15,7,6],[1,9,13,21,17,5,8,20,12,18,10,19,11,2,4,3,16,14,23,24,22,15,6,7],[5,1,9,13,21,17,20,8,12,10,18,19,11,4,2,3,16,14,24,22,15,23,6,7],[9,1,17,21,5,20,13,8,12,10,18,19,11,2,4,3,14,16,24,22,15,7,6],[13,5,9,21,17,20,1,8,12,18,10,19,11,2,4,3,14,16,22,15,24,6,23,7],[9,21,5,17,20,1,13,8,12,10,18,19,11,4,2,3,16,14,24,22,15,6],[9,21,1,5,13,17,20,8,12,18,10,11,19,2,4,3,16,14,22,15,6],[1,21,9,5,13,17,8,12,20,18,10,11,19,4,2,3,16,14,24,22,15,6,23],[17,1,9,21,13,5,20,8,12,10,18,19,11,4,2,3,16,14,23,22,15,6],[5,9,17,20,21,1,13,8,12,18,10,19,11,2,4,3,16,14,23,24,22,15,6,7],[13,9,17,21,1,5,8,12,20,10,18,19,11,4,2,3,16,14,24,22,15,6,23,7],[9,1,21,5,13,17,20,8,12,18,10,19,11,4,2,3,14,16,24,22,15,6],[1,13,5,21,9,17,20,8,12,18,10,11,19,4,2,3,16,14,22,15,6,23],[21,9,1,13,17,5,8,20,12,18,10,11,19,2,4,3,14,16,23,15,22,6,24,7],[5,21,9,17,20,13,1,8,12,10,18,11,19,2,4,3,15,14,16,24,22,6],[13,17,21,9,5,20,1,8,12,10,18,11,19,2,4,3,15,16,14,22,6,23,7,24],[5,17,8,13,9,21,1,12,20,18,10,11,19,4,2,3,16,14,24,22,15,6,23,7],[13,5,9,21,1,17,20,8,12,10,18,11,19,2,4,3,16,14,24,22,15,6],[17,1,5,20,21,13,9,8,12,10,18,19,11,2,4,3,15,14,16,24,22,7,6],[5,1,13,21,9,17,8,20,12,18,10,19,11,2,4,3,14,16,24,22,15,6],[1,17,5,8,21,9,13,12,20,18,10,11,19,4,2,3,16,14,24,22,15,7,6,23],[21,1,17,9,5,8,13,12,20,18,10,11,19,4,2,3,14,16,22,15],[1,9,21,13,17,5,8,12,20,18,10,11,19,2,4,3,16,14,22,15,6,7,23,24],[9,5,17,8,21,1,13,12,20,10,18,19,11,2,4,3,16,14,24,22,15,7,6,23],[1,17,9,21,5,20,13,8,12,10,18,11,19,4,2,3,15,16,14,24,22,6,7,23],[13,9,5,21,17,8,1,20,10,12,18,19,11,2,4,3,16,14,22,15,7,6],[1,13,21,9,5,17,20,8,12,10,18,11,19,2,4,3,14,16,22,15,6,24],[9,21,17,1,5,20,13,8,12,10,18,19,11,3,16,14,4,2,22,15,6,7,24,23],[13,9,17,1,5,8,21,12,20,18,10,11,19,4,2,3,16,14,24,22,15,6,7],[17,21,13,9,5,20,1,8,12,10,18,19,11,4,2,3,16,14,24,22,15,6,7],[9,21,17,5,20,13,1,8,12,18,10,11,19,4,2,3,16,14,22,15,6,24,7],[9,5,13,21,1,17,20,8,12,10,18,19,11,2,4,3,14,16,24,22,15,6,23],[1,5,13,21,9,17,8,20,12,10,18,19,11,2,4,3,16,14,23,15,22,7,6,24],[17,13,1,