{"problem_id":"2IIlQChh57JOIxu","sigma":150,"alpha":10.000,"cost":1,"probabilities":"[0.22999999999999998, 0.16, 0.22, 0.39]","payoff_matrix":"[[-35, 16, -245, -47, -93, -162], [-64, 182, -209, -35, 67, -79], [97, 74, -4, -22, 18, 33], [174, -80, -147, 141, 79, -144]]","uncovered":[[4,12,8,16,13,1,3,24,20,15,17,2,14],[8,24,16,12,20,4,13,1,15,3,17,14],[16,4,13,1,3,24,8,20,12,15,17,14],[24,16,8,4,1,13,3,12,20,15,17,2,14],[16,4,13,1,15,3,24,8,12,20,17,14],[16,20,12,4,1,13,15,3,24,8,17,14],[12,20,24,8,16,4,13,1,3,15,17,14],[4,24,8,20,16,1,13,15,3,12,17,14],[24,4,16,13,1,3,20,12,8,15,17,2,14],[20,16,12,4,13,1,15,3,8,24,17,2,14],[20,12,8,24,16,4,13,1,15,3,17,14],[4,20,16,1,13,15,3,8,12,24,17,2,14],[4,12,20,8,16,1,13,15,3,24,17,14],[8,12,4,16,1,13,3,20,24,15,17,2,14],[4,24,8,16,13,1,3,12,20,15,17,14],[8,16,12,24,4,1,13,15,3,20,17,2,14],[4,20,8,24,16,1,13,3,12,15,17,14],[12,4,16,1,13,15,3,20,8,24,17,14],[24,12,16,4,1,13,15,3,8,20,17,14],[8,4,16,1,13,3,20,24,12,15,17,14],[12,16,24,4,13,1,3,8,20,15,17,2,14],[4,24,8,16,1,13,15,3,12,20,17,2,14],[12,8,4,24,20,16,13,1,15,3,17,14],[16,4,1,13,15,3,12,8,24,20,17,2,14],[8,24,4,12,16,1,13,15,3,20,17,14],[4,16,1,13,3,8,20,24,12,15,17,14],[20,8,16,24,12,4,1,13,15,3,17,14],[12,4,16,13,1,3,20,8,24,15,17,2,14],[24,16,4,13,1,15,3,12,20,8,17,14],[20,8,4,12,24,16,13,1,3,15,17,2,14],[16,12,24,8,4,13,1,15,3,20,17,2,14],[16,12,8,24,4,1,13,15,3,20,17,2,14],[20,16,4,1,13,3,8,12,24,15,17,14],[12,8,24,20,4,16,1,13,3,15,17,2,14],[12,24,20,16,4,1,13,15,3,8,17,2,14],[24,4,20,12,8,16,13,1,15,3,17,14],[16,12,20,24,8,4,1,13,3,15,17,14],[8,4,12,16,1,13,3,24,20,15,17,2,14],[8,24,12,16,20,4,1,13,15,3,17,14],[8,24,12,16,20,4,1,13,3,15,17,2,14],[16,24,8,4,13,1,3,12,20,15,17,2,14],[12,16,20,24,8,4,1,13,3,15,17,2,14],[20,8,4,24,12,16,1,13,3,15,17,2,14],[8,12,16,24,20,4,1,13,3,15,17,14],[4,12,16,13,1,15,3,20,8,24,17,2,14],[16,24,4,1,13,15,3,20,12,8,17,14],[24,4,16,1,13,15,3,8,20,12,17,2,14],[4,16,13,1,15,3,12,20,24,8,17,14],[16,20,24,4,1,13,3,12,8,15,17,2,14],[8,4,24,12,16,1,13,15,3,20,17,2,14],[4,12,8,20,24,16,13,1,3,15,17,2,14],[24,4,20,8,12,16,1,13,15,3,17,14],[24,20,16,4,1,13,15,3,8,12,17,2,14],[12,24,4,16,1,13,3,20,8,15,17,2,14],[12,20,16,4,13,1,3,8,24,15,17,14],[24,8,12,16,20,4,1,13,3,15,17,14],[24,8,12,4,20,16,1,13,3,15,17,2,14],[20,24,12,8,16,4,1,13,15,3,17,2,14],[8,4,12,16,1,13,15,3,20,24,17,2,14],[12,4,16,13,1,3,8,24,20,15,17,14],[12,8,24,16,4,13,1,15,3,20,17,2,14],[24,8,12,4,16,13,1,3,20,15,17,14],[24,20,12,8,4,16,1,13,3,15,17,14],[8,20,12,16,4,13,1,15,3,24,17,2,14],[16,4,13,1,15,3,20,24,8,12,17,2,14],[8,4,24,20,16,1,13,3,12,15,17,14],[24,12,16,8,4,1,13,15,3,20,17,2,14],[24,12,8,20,16,4,1,13,3,15,17,14],[16,12,8,20,4,1,13,15,3,24,17,2,14],[12,20,8,16,4,1,13,3,24,15,17,14],[4,20,12,24,16,13,1,15,3,8,17,2,14],[20,12,8,4,16,1,13,15,3,24,17,14],[12,4,24,16,13,1,15,3,20,8,17,2,14],[8,24,4,20,12,16,13,1,3,15,17,2,14],[16,12,8,4,13,1,15,3,24,20,17,14],[20,24,8,16,4,13,1,3,12,15,17,2,14],[8,20,4,16,13,1,3,24,12,15,17,14],[16,4,1,13,15,3,20,24,8,12,17,2,14],[12,20,16,4,13,1,15,3,8,24,17,14],[12,20,24,4,16,13,1,15,3,8,17,14],[20,8,24,4,12,16,1,13,3,15,17,2,14],[8,4,24,20,12,16,1,13,3,15,17,14],[16,24,12,4,13,1,15,3,20,8,17,14],[8,20,24,12,16,4,13,1,15,3,17,2,14],[12,20,8,4,16,1,13,3,24,15,17,14],[16,4,13,1,15,3,8,12,20,24,17,2,14],[20,24,16,12,8,4,1,13,3,15,17,2,14],[8,12,16,4,1,13,3,20,24,15,17,2,14],[20,12,4,16,1,13,15,3,24,8,17,2,14],[12,20,8,4,16,1,13,15,3,24,17,14],[16,12,4,1,13,3,8,20,24,15,17,14],[4,24,12,20,8,16,1,13,15,3,17,14],[20,8,16,24,4,13,1,15,3,12,17,2,14],[12,4,20,16,13,1,3,8,24,15,17,2,14],[8,20,12,4,16,13,1,3,24,15,17,2,14],[4,20,8,24,16,13,1,3,12,15,17,2,14],[8,4,24,20,12,16,13,1,15,3,17,2,14],[4,12,24,8,16,13,1,15,3,20,17,14],[8,16,24,20,4,1,13,3,12,15,17,14],[12,16,8,4,13,1,15,3,20,24,17,2,14],[16,20,12,8,4,13,1,3,24,15,17,14],[24,20,16,12,8,4,1,13,15,3,17,14],[24,12,16,20,8,4,13,1,15,3,17,14],[12,16,24,20,4,1,13,15,3,8,17,14],[24,8,20,16,4,1,13,3,12,15,17,2,14],[4,12,8,16,1,13,15,3,20,24,17,2,14],[20,8,4,16,1,13,15,3,12,24,17,2,14],[8,12,16,4,1,13,3,24,20,15,17,2,14],[4,8,12,20,16,13,1,3,24,15,17,2,14],[8,16,12,4,1,13,3,24,20,15,17,2,14],[8,24,16,12,4,1,13,3,20,15,17,14],[4,24,16,1,13,15,3,12,8,20,17,2,14],[20,8,4,16,13,1,15,3,24,12,17,14],[12,20,24,16,4,1,13,15,3,8,17,14],[8,16,24,12,20,4,13,1,15,3,17,14],[4,20,24,12,16,1,13,15,3,8,17,2,14],[24,16,4,13,1,3,8,12,20,15,17,14],[12,16,4,1,13,3,8,24,20,15,17,2,14],[12,4,16,1,13,3,20,24,8,15,17,2,14],[24,16,4,1,13,3,12,8,20,15,17,2,14],[24,20,8,4,12,16,1,13,3,15,17,14],[20,8,24,12,16,4,13,1,3,15,17,14],[8,20,16,4,13,1,15,3,24,12,17,14],[12,8,20,24,4,16,1,13,15,3,17,2,14],[16,20,12,4,1,13,3,24,8,15,17,14],[16,20,4,13,1,3,8,12,24,15,17,2,14],[20,16,4,13,1,3,24,8,12,15,17,14],[12,16,4,1,13,3,24,8,20,15,17,14],[20,4,24,8,16,13,1,3,12,15,17,14],[24,12,4,20,16,13,1,15,3,8,17,2,14],[4,12,16,13,1,15,3,20,8,24,17,2,14],[16,4,13,1,15,3,20,12,8,24,17,2,14],[8,12,24,16,20,4,1,13,15,3,17,2,14],[20,4,16,1,13,3,8,24,12,15,17,2,14],[12,4,24,8,20,16,1,13,15,3,17,14],[24,16,8,20,4,13,1,15,3,12,17,14],[8,24,16,20,12,4,13,1,3,15,17,14],[12,16,20,4,1,13,15,3,8,24,17,14],[16,20,4,13,1,3,24,8,12,15,17,2,14],[12,16,8,4,13,1,15,3,24,20,17,2,14],[20,24,8,12,4,16,13,1,15,3,17,2,14],[8,4,24,12,20,16,1,13,15,3,17,2,14],[20,24,12,8,4,16,13,1,15,3,17,14],[16,4,13,1,15,3,24,8,12,20,17,2,14],[4,8,24,20,12,16,1,13,3,15,17,14],[16,12,20,4,13,1,15,3,24,8,17,14],[12,8,4,16,13,1,3,20,24,15,17,2,14],[20,12,16,8,24,4,1,13,15,3,17,2,14],[4,16,13,1,3,12,24,8,20,15,17,14],[12,4,16,13,1,3,20,24,8,15,17,2,14],[16,4,13,1,3,12,20,8,24,15,17,14],[12,4,16,1,13,15,3,24,8,20,17,2,14],[4,24,8,12,16,1,13,3,20,15,17,2,14],[20,4,12,16,13,1,15,3,8,24,17,14],[20,4,12,24,8,16,13,1,3,15,17,14],[4,20,8,16,13,1,3,24,12,15,17,2,14],[16,4,13,1,3,8,24,12,20,15,17,14],[12,4,16,1,13,15,3,8,20,24,17,2,14],[24,8,12,20,16,4,1,13,15,3,17,14],[16,4,1,13,15,3,8,12,20,24,17,14],[20,12,24,16,4,1,13,15,3,8,17,2,14],[8,12,24,20,16,4,1,13,15,3,17,14],[12,8,4,16,13,1,15,3,20,24,17,14],[24,12,4,20,16,13,1,3,8,15,17,2,14],[8,20,24,12,16,4,1,13,15,3,17,14],[20,24,16,8,12,4,1,13,3,15,17,2,14],[4,16,13,1,15,3,24,8,12,20,17,14],[20,8,24,12,16,4,1,13,3,15,17,14],[12,16,24,20,4,13,1,15,3,8,17,2,14],[16,4,1,13,15,3,8,20,12,24,17,14],[8,24,20,4,16,1,13,3,12,15,17,2,14],[8,16,20,24,12,4,1,13,15,3,17,2,14],[12,4,20,8,16,13,1,3,24,15,17,14],[8,24,12,4,16,13,1,3,20,15,17,14],[12,8,16,20,24,4,13,1,3,15,17,2,14],[16,4,1,13,15,3,24,20,8,12,17,14],[4,12,20,8,16,13,1,3,24,15,17,2,14],[16,24,12,8,20,4,13,1,15,3,17,14],[24,12,20,16,4,1,13,3,8,15,17,2,14],[4,16,13,1,15,3,8,12,24,20,17,2,14],[16,8,24,4,13,1,3,20,12,15,17,14],[16,20,8,12,4,1,13,15,3,24,17,14],[20,8,12,4,24,16,1,13,15,3,17,2,14],[16,4,13,1,15,3,8,20,24,12,17,14],[4,16,1,13,15,3,20,12,24,8,17,2,14],[8,16,20,4,1,13,3,24,12,15,17,2,14],[24,8,12,16,4,1,13,3,20,15,17,14],[20,12,16,4,13,1,3,24,8,15,17,2,14],[8,20,16,24,4,1,13,3,12,15,17,2,14],[8,12,4,20,24,16,1,13,15,3,17,14],[16,8,20,12,24,4,1,13,3,15,17,2,14],[8,20,4,24,12,16,1,13,3,15,17,2,14],[8,20,12,24,4,16,1,13,3,15,17,14],[4,12,20,16,1,13,15,3,8,24,17,14],[24,4,8,20,12,16,1,13,15,3,17,14],[24,12,8,16,4,13,1,15,3,20,17,14],[12,20,4,16,1,13,15,3,8,24,17,2,14],[20,12,24,8,16,4,13,1,3,15,17,14],[24,16,20,8,4,1,13,3,12,15,17,14],[24,16,20,4,13,1,15,3,8,12,17,2,14],[16,4,1,13,3,8,20,24,12,15,17,2,14],[20,8,4,24,12,16,1,13,3,15,17,14],[20,24,16,4,13,1,15,3,8,12,17,2,14],[8,16,12,4,13,1,3,20,24,15,17,14],[16,24,12,20,8,4,1,13,3,15,17,14],[24,12,20,8,4,16,13,1,3,15,17,14],[4,12,16,1,13,3,20,24,8,15,17,14],[12,20,4,16,1,13,15,3,8,24,17,2,14],[12,16,20,4,1,13,15,3,24,8,17,14],[8,16,4,1,13,15,3,24,20,12,17,14],[12,16,20,8,4,13,1,15,3,24,17,14],[8,24,20,16,12,4,13,1,3,15,17,2,14],[4,12,16,13,1,3,24,20,8,15,17,2,14],[8,4,12,24,20,16,1,13,3,15,17,14],[8,16,20,4,13,1,15,3,12,24,17,14],[12,24,8,20,4,16,1,13,3,15,17,14],[4,20,12,8,16,13,1,15,3,24,17,14],[4,16,13,1,15,3,20,24,12,8,17,2,14],[12,20,24,16,8,4,1,13,15,3,17,14],[4,20,16,1,13,15,3,12,24,8,17,2,14],[12,4,20,16,1,13,3,24,8,15,17,14],[4,24,12,20,8,16,1,13,15,3,17,14],[20,4,16,13,1,15,3,12,24,8,17,2,14],[16,12,4,1,13,3,24,20,8,15,17,2,14],[16,20,4,1,13,15,3,24,12,8,17,14],[8,12,24,4,16,1,13,15,3,20,17,14],[4,24,12,16,1,13,15,3,8,20,17,14],[24,16,20,12,8,4,1,13,3,15,17,14],[12,24,4,16,1,13,15,3,8,20,17,14],[8,12,20,16,24,4,13,1,3,15,17,14],[8,16,24,4,13,1,15,3,12,20,17,14],[8,16,20,24,12,4,1,13,3,15,17,2,14],[24,8,16,12,20,4,13,1,15,3,17,14],[8,16,12,24,4,13,1,3,20,15,17,14],[4,16,13,1,3,24,8,12,20,15,17,14],[4,16,13,1,15,3,12,8,24,20,17,14],[24,8,16,20,4,13,1,15,3,12,17,2,14],[4,12,8,20,24,16,1,13,3,15,17,14],[24,16,8,12,4,13,1,15,3,20,17,2,14],[4,20,24,12,8,16,1,13,15,3,17,14],[8,16,12,24,20,4,1,13,15,3,17,14],[12,24,20,8,16,4,13,1,15,3,17,14],[4,8,16,13,1,3,20,24,12,15,17,14],[4,24,16,1,13,3,8,20,12,15,17,14],[8,4,20,24,16,1,13,15,3,12,17,2,14],[20,24,16,12,8,4,13,1,15,3,17,2,14],[8,12,4,24,16,1,13,3,20,15,17,14],[24,4,20,12,8,16,1,13,15,3,17,2,14],[8,4,12,16,13,1,3,20,24,15,19,17],[16,12,4,1,13,15,3,20,24,8,17,14],[4,20,16,13,1,15,3,12,24,8,17,14],[4,12,20,16,13,1,3,8,24,15,17,2,14],[12,8,24,4,20,16,1,13,3,15,17,14],[20,12,16,8,24,4,1,13,3,15,17,14],[20,16,4,13,1,15,3,24,8,12,17,14],[16,8,20,4,13,1,3,24,12,15,17,14],[20,24,16,8,4,1,13,3,12,15,17,2,14],[24,8,4,12,16,13,1,15,3,20,17,2,14],[24,20,16,4,1,13,3,12,8,15,17,2,14],[24,16,20,8,4,1,13,15,3,12,17,14],[24,8,20,12,16,4,1,13,15,3,17,2,14],[24,8,4,16,13,1,3,12,20,15,17,2,14],[8,20,24,16,12,4,1,13,3,15,17,14],[16,20,4,13,1,3,24,8,12,15,17,14],[4,12,20,8,16,13,1,15,3,24,17,2,14],[12,24,4,20,8,16,13,1,3,15,17,14],[4,12,20,8,16,1,13,3,24,15,17,14],[8,24,12,16,4,13,1,15,3,20,17,14],[24,16,20,8,4,1,13,15,3,12,19,17],[24,20,4,16,1,13,15,3,12,8,17,14],[20,8,24,16,4,13,1,3,12,15,17,14],[20,8,12,16,24,4,1,13,15,3,17,14],[8,24,20,16,12,4,1,13,3,15,17,2,14],[12,4,24,20,8,16,13,1,3,15,17,14],[4,12,24,20,16,1,13,15,3,8,17,14],[24,20,12,4,16,13,1,3,8,15,17,2,14],[24,16,4,1,13,3,20,12,8,15,17,2,14],[12,8,16,24,20,4,13,1,15,3,17,14],[8,16,24,4,1,13,15,3,20,12,17,2,14],[12,24,16,20,8,4,1,13,15,3,17,14],[8,24,20,4,16,1,13,3,12,15,17,2,14],[8,16,24,4,13,1,15,3,20,12,17,2,14],[12,20,16,4,1,13,3,8,24,15,17,14],[4,16,1,13,3,8,20,12,24,15,17,2,14],[24,20,8,4,12,16,13,1,3,15,17,14],[20,12,8,16,24,4,13,1,3,15,17,14],[20,4,16,13,1,3,8,24,12,15,17,2,14],[16,8,12,4,13,1,15,3,24,20,17,2,14],[12,8,24,4,20,16,1,13,3,15,17,14],[16,20,8,4,1,13,3,12,24,15,17,14],[12,8,20,4,24,16,1,13,3,15,17,14],[20,24,16,12,4,13,1,3,8,15,17,14],[12,20,4,8,24,16,1,13,15,3,17,14],[12,4,16,1,13,3,24,20,8,15,17,14],[4,24,20,12,16,1,13,15,3,8,17,2,14],[20,12,16,4,13,1,3,8,24,15,17,14],[4,8,24,16,13,1,3,12,20,15,17,2,14],[20,16,8,12,24,4,1,13,3,15,17,14],[20,24,4,8,12,16,13,1,15,3,17,14],[8,24,12,4,20,16,13,1,3,15,17,14],[12,24,16,4,13,1,3,8,20,15,17,14],[4,20,16,13,1,15,3,24,12,8,17,14],[20,8,4,24,16,13,1,15,3,12,17,14],[8,12,20,16,24,4,1,13,3,15,17,14],[4,20,24,16,13,1,15,3,8,12,17,14],[8,16,12,20,24,4,1,13,15,3,17,14],[4,20,16,13,1,3,24,12,8,15,17,2,14],[20,8,24,12,16,4,1,13,3,15,17,2,14],[16,20,4,1,13,3,12,24,8,15,17,14],[24,12,20,4,8,16,13,1,3,15,17,14],[12,4,24,16,1,13,3,8,20,15,17,14],[8,20,4,16,1,13,15,3,12,24,17,14],[12,8,4,24,20,16,13,1,15,3,17,2,14],[12,20,24,4,8,16,1,13,15,3,17,2,14],[24,8,4,12,16,1,13,3,20,15,17,2,14],[4,24,20,16,13,1,15,3,8,12,17,14],[24,20,16,4,13,1,15,3,12,8,17,2,14],[20,8,16,12,4,1,13,15,3,24,17,14],[20,24,16,8,12,4,1,13,3,15,17,2,14],[20,12,8,24,4,16,13,1,15,3,17,14],[8,4,20,16,1,13,15,3,24,12,17,2,14],[16,20,4,1,13,3,12,24,8,15,17,14],[12,8,24,16,20,4,1,13,3,15,17,14],[16,12,20,24,8,4,13,1,15,3,17,2,14],[24,8,4,12,20,16,1,13,3,15,17,14],[20,24,16,4,1,13,3,12,8,15,17,2,14],[8,16,20,12,24,4,13,1,15,3,17,14],[20,12,24,4,16,13,1,3,8,15,17,2,14],[8,16,12,20,4,13,1,15,3,24,17,14],[4,24,12,16,13,1,3,8,20,15,17,2,14],[8,16,24,4,1,13,3,12,20,15,17,2,14],[24,12,4,16,1,13,3,20,8,15,17,2,14],[12,20,24,4,16,13,1,3,8,15,17,14],[12,16,24,8,20,4,13,1,3,15,17,14],[8,16,12,24,4,1,13,15,3,20,17,2,14],[20,8,4,12,24,16,13,1,3,15,17,2,14],[20,4,24,8,16,1,13,3,12,15,17,14],[12,16,20,8,4,1,13,3,24,15,17,14],[20,24,8,12,16,4,1,13,15,3,17,14],[24,12,4,8,20,16,13,1,3,15,17,2,14],[20,16,8,4,13,1,3,24,12,15,17,14],[4,8,24,20,12,16,1,13,15,3,17,14],[24,4,8,20,12,16,13,1,15,3,17,2,14],[24,16,4,13,1,15,3,12,8,20,17,2,14],[20,4,24,16,1,13,15,3,8,12,17,14],[12,20,16,4,1,13,15,3,24,8,17,2,14],[8,16,20,24,12,4,13,1,3,15,17,2,14],[4,20,16,1,13,3,12,24,8,15,17,2,14],[4,20,12,8,16,13,1,3,24,15,17,14],[4,12,8,24,20,16,1,13,15,3,17,14],[16,8,20,4,1,13,3,12,24,15,17,2,14],[20,12,4,16,1,13,3,8,24,15,17,2,14],[24,8,20,12,4,16,1,13,15,3,17,2,14],[8,20,16,12,24,4,13,1,3,15,17,2,14],[4,12,16,1,13,3,24,8,20,15,17,2,14],[8,4,12,20,16,1,13,15,3,24,17,2,14],[20,16,12,8,24,4,13,1,3,15,17,14],[4,12,20,24,16,13,1,15,3,8,17,2,14],[20,4,12,24,8,16,13,1,3,15,17,14],[20,12,24,16,8,4,1,13,15,3,17,2,14],[24,16,12,8,4,1,13,3,20,15,17,14],[4,12,24,16,13,1,3,20,8,15,17,2,14],[12,4,24,8,16,13,1,15,3,20,17,2,14],[8,24,12,20,4,16,1,13,15,3,17,2,14],[24,16,4,1,13,15,3,12,20,8,17,14],[16,8,4,1,13,3,20,12,24,15,17,2,14],[16,4,1,13,15,3,24,12,20,8,17,14],[20,8,16,4,1,13,15,3,24,12,17,2,14],[4,20,16,13,1,3,12,24,8,15,17,14],[8,4,24,12,16,1,13,3,20,15,17,14],[12,20,4,8,16,1,13,3,24,15,17,2,14],[12,20,16,4,1,13,15,3,24,8,17,14],[20,8,16,4,13,1,3,24,12,15,17,2,14],[16,24,20,8,4,1,13,15,3,12,17,14],[8,24,20,16,12,4,1,13,3,15,17,14],[8,16,20,4,1,13,15,3,12,24,17,2,14],[8,12,16,4,13,1,15,3,20,24,17,2,14],[12,4,8,24,16,1,13,3,20,15,17,14],[8,20,12,4,24,16,1,13,15,3,17,14],[20,8,16,4,1,13,3,24,12,15,17,2,14],[24,12,16,8,4,13,1,15,3,20,17,2,14],[24,12,4,8,20,16,1,13,15,3,17,14],[24,16,8,12,4,13,1,3,20,15,17,2,14],[16,8,20,24,4,1,13,15,3,12,17,2,14],[16,8,24,4,1,13,15,3,20,12,17,2,14],[4,8,24,16,13,1,15,3,20,12,17,2,14],[16,20,12,4,1,13,3,8,24,15,17,2,14],[12,24,4,20,16,1,13,15,3,8,17,14],[8,20,24,16,12,4,13,1,15,3,17,2,14],[4,8,12,16,13,1,3,24,20,15,17,14],[16,4,13,1,3,8,12,24,20,15,17,2,14],[16,12,24,4,13,1,3,8,20,15,17,2,14],[24,4,12,8,16,1,13,3,20,15,17,2,14],[20,24,12,4,16,1,13,15,3,8,17,14],[24,4,20,12,16,13,1,3,8,15,17,14],[8,20,12,24,4,16,1,13,3,15,17,2,14],[4,16,13,1,15,3,8,12,20,24,17,14],[12,20,24,16,8,4,13,1,15,3,17,2,14],[20,12,24,4,8,16,1,13,3,15,17,2,14],[20,24,16,8,12,4,1,13,3,15,17,14],[20,8,24,12,4,16,13,1,15,3,17,2,14],[24,12,20,16,8,4,13,1,3,15,17,2,14],[12,20,24,16,4,13,1,15,3,8,17,14],[8,12,4,20,16,13,1,3,24,15,17,2,14],[20,8,16,4,13,1,3,12,24,15,17,14],[4,24,12,20,8,16,1,13,3,15,17,2,14],[12,8,16,20,24,4,1,13,15,3,17,14],[12,16,8,24,4,13,1,3,20,15,17,14],[4,20,24,8,16,1,13,15,3,12,17,2,14],[20,16,24,12,8,4,1,13,15,3,17,2,14],[24,8,4,20,16,1,13,15,3,12,17,14],[12,20,24,8,4,16,1,13,15,3,17,2,14],[24,16,12,8,20,4,13,1,3,15,17,14],[12,4,8,20,24,16,13,1,3,15,17,14],[12,16,24,8,4,1,13,3,20,15,17,2,14],[8,20,4,16,1,13,3,24,12,15,17,14],[16,24,8,4,13,1,15,3,12,20,17,2,14],[24,20,12,4,16,1,13,15,3,8,17,14],[16,8,24,20,12,4,13,1,3,15,17,14],[12,8,24,20,16,4,13,1,15,3,17,2,14],[16,8,12,24,20,4,13,1,15,3,17,14],[20,8,16,24,12,4,13,1,3,15,17,14],[4,24,20,8,16,13,1,3,12,15,17,14],[12,24,4,20,16,13,1,15,3,8,17,14],[12,20,24,4,16,13,1,3,8,15,17,2,14],[20,8,24,12,16,4,1,13,3,15,17,14],[12,16,4,13,1,15,3,20,24,8,17,14],[12,4,8,20,16,1,13,15,3,24,17,2,14],[12,20,8,4,16,1,13,3,24,15,17,2,14],[20,4,24,8,12,16,13,1,3,15,17,2,14],[20,12,4,24,16,13,1,15,3,8,17,2,14],[12,8,16,24,4,13,1,15,3,20,17,2,14],[8,16,12,20,24,4,1,13,15,3,17,2,14],[12,4,16,13,1,15,3,20,8,24,17,14],[16,4,1,13,3,8,20,24,12,15,17,14],[24,8,16,4,13,1,15,3,20,12,17,2,14],[16,12,24,20,8,4,1,13,3,15,17,14],[16,12,24,8,20,4,1,13,3,15,17,2,14],[20,4,8,12,24,16,1,13,15,3,17,2,14],[12,16,24,4,13,1,3,8,20,15,17,2,14],[4,24,12,16,13,1,3,8,20,15,17,2,14],[12,24,16,8,4,13,1,15,3,20,17,2,14],[12,20,16,8,24,4,13,1,3,15,17,14],[12,16,24,4,13,1,3,20,8,15,17,2,14],[16,8,4,1,13,15,3,20,12,24,17,2,14],[4,12,24,8,20,16,13,1,15,3,17,14],[20,8,12,16,4,1,13,3,24,15,17,2,14],[12,20,8,4,16,13,1,15,3,24,17,2,14],[4,24,12,8,20,16,1,13,15,3,17,2,14],[20,8,24,16,12,4,1,13,15,3,17,14],[16,24,20,8,12,4,13,1,3,15,17,2,14],[12,16,20,4,1,13,3,8,24,15,17,14],[8,16,20,4,13,1,3,24,12,15,17,2,14],[12,8,16,4,1,13,15,3,20,24,17,2,14],[12,24,4,20,16,13,1,3,8,15,17,2,14],[16,20,24,4,13,1,15,3,12,8,17,2,14],[24,20,4,16,13,1,15,3,12,8,17,2,14],[24,12,20,4,8,16,13,1,3,15,17,14],[8,4,24,12,16,1,13,3,20,15,17,2,14],[8,24,12,16,4,13,1,15,3,20,17,2,14],[20,4,16,1,13,15,3,8,12,24,17,2,14],[24,8,12,16,20,4,1,13,15,3,17,2,14],[12,20,16,24,4,1,13,15,3,8,17,2,14],[24,4,12,20,16,13,1,15,3,8,17,2,14],[16,4,13,1,15,3,8,12,24,20,17,14],[8,4,20,12,24,16,1,13,15,3,17,2,14],[24,4,12,8,20,16,13,1,3,15,17,2,14],[4,12,24,20,8,16,1,13,15,3,17,2,14],[20,8,16,12,4,1,13,3,24,15,17,14],[12,4,16,1,13,15,3,8,20,24,17,14],[24,8,4,12,20,16,1,13,15,3,17,2,14],[20,12,4,24,8,16,13,1,3,15,17,2,14],[4,20,8,16,1,13,15,3,24,12,17,2,14],[20,12,4,8,24,16,1,13,3,15,17,2,14],[8,4,16,13,1,15,3,20,12,24,17,14],[16,20,12,24,8,4,1,13,3,15,17,2,14],[12,8,20,4,16,13,1,3,24,15,17,2,14],[20,8,24,12,16,4,13,1,3,15,17,14],[20,4,8,12,16,1,13,3,24,15,17,2,14],[24,8,4,20,12,16,1,13,15,3,17,2,14],[20,8,16,24,4,13,1,15,3,12,17,14],[16,24,8,20,4,1,13,3,12,15,17,2,14],[4,24,12,8,16,13,1,15,3,20,17,14],[20,4,24,8,12,16,13,1,15,3,17,14],[20,16,8,4,1,13,15,3,24,12,17,2,14],[24,20,16,8,4,13,1,3,12,15,17,2,14],[20,8,16,4,1,13,3,12,24,15,17,14],[4,16,13,1,3,8,20,24,12,15,17,2,14],[8,4,12,24,16,1,13,15,3,20,17,14],[24,4,12,8,20,16,1,13,3,15,17,14],[20,24,4,16,13,1,3,12,8,15,17,2,14],[4,20,24,12,16,13,1,3,8,15,17,14],[8,4,20,12,16,13,1,3,24,15,17,2,14],[20,8,12,4,16,13,1,15,3,24,17,2,14],[8,4,16,1,13,3,24,12,20,15,17,14],[16,12,4,1,13,15,3,24,8,20,17,14],[8,4,24,20,16,13,1,15,3,12,17,14],[16,8,20,24,12,4,1,13,15,3,17,2,14],[20,16,8,4,1,13,15,3,24,12,17,14],[4,16,1,13,15,3,12,24,8,20,17,2,14],[20,12,4,8,24,16,1,13,3,15,17,14],[20,24,12,8,16,4,13,1,3,15,17,14],[8,4,20,16,1,13,15,3,12,24,17,14],[16,4,1,13,3,20,8,24,12,15,17,14],[20,8,4,12,24,16,13,1,15,3,17,14],[4,24,16,1,13,3,8,20,12,15,17,2,14],[16,4,1,13,3,20,12,8,24,15,17,2,14],[4,12,20,8,24,16,1,13,3,15,17,2,14],[24,4,8,20,12,16,1,13,15,3,17,2,14],[20,4,16,1,13,3,12,8,24,15,17,2,14],[4,16,1,13,3,12,24,20,8,15,17,2,14],[24,12,4,20,8,16,13,1,3,15,17,2,14],[16,4,13,1,15,3,24,12,8,20,17,14],[4,20,16,1,13,15,3,8,24,12,17,2,14],[24,20,4,12,16,1,13,15,3,8,17,14],[8,12,4,16,13,1,15,3,20,24,17,14],[4,8,12,24,20,16,1,13,3,15,17,2,14],[16,20,24,12,4,13,1,3,8,15,17,14],[16,12,20,24,8,4,1,13,15,3,17,2,14],[12,20,16,24,8,4,13,1,15,3,17,14],[24,16,4,13,1,3,12,20,8,15,17,2,14],[4,20,12,16,1,13,15,3,24,8,17,14],[4,16,13,1,3,12,8,24,20,15,17,2,14],[16,4,13,1,3,8,12,20,24,15,17,2,14],[20,8,4,16,13,1,3,12,24,15,17,2,14],[20,8,4,24,16,13,1,3,12,15,17,14],[8,20,16,4,13,1,3,24,12,15,17,14],[20,16,12,4,1,13,3,24,8,15,17,2,14],[4,16,1,13,3,8,24,12,20,15,17,2,14],[24,12,4,20,16,13,1,15,3,8,17,2,14],[24,16,20,4,13,1,15,3,8,12,17,2,14],[4,16,1,13,3,8,20,12,24,15,17,2,14],[24,16,20,8,12,4,1,13,15,3,17,14],[12,8,16,4,1,13,15,3,24,20,17,14],[4,8,20,24,16,1,13,15,3,12,17,14],[20,16,8,12,24,4,1,13,15,3,17,14],[8,16,24,12,20,4,1,13,15,3,17,14],[8,4,24,12,20,16,13,1,3,15,17,2,14],[20,12,4,16,13,1,3,8,24,15,17,14],[8,4,24,12,16,1,13,3,20,15,17,14],[24,4,12,20,8,16,1,13,15,3,17,14],[12,8,16,4,1,13,3,24,20,15,17,14],[20,16,12,8,4,13,1,15,3,24,17,14],[4,16,13,1,3,8,24,12,20,15,17,14],[12,24,16,4,13,1,3,20,8,15,17,14],[20,12,16,24,8,4,13,1,15,3,17,2,14],[16,8,12,20,24,4,1,13,3,15,17,2,14],[20,8,4,12,16,1,13,3,24,15,17,14],[4,24,20,8,16,1,13,3,12,15,17,14],[8,24,12,4,16,13,1,15,3,20,17,14],[8,24,12,16,4,1,13,3,20,15,17,14],[24,4,20,8,16,1,13,15,3,12,17,14],[4,24,8,12,16,1,13,3,20,15,17,2,14],[8,12,4,24,20,16,1,13,15,3,17,2,14],[24,8,20,12,4,16,1,13,15,3,17,14],[12,24,20,16,4,1,13,3,8,15,17,2,14],[24,12,8,16,20,4,1,13,15,3,17,14],[12,8,4,20,16,1,13,15,3,24,17,2,14],[12,24,16,8,4,13,1,3,20,15,17,14],[12,4,16,1,13,15,3,24,8,20,17,14],[8,16,4,1,13,15,3,12,24,20,17,2,14],[12,24,16,4,13,1,15,3,20,8,17,14],[20,24,12,16,8,4,13,1,15,3,17,2,14],[4,16,1,13,15,3,8,20,24,12,17,2,14],[20,4,12,16,13,1,3,8,24,15,17,2,14],[24,12,4,20,8,16,13,1,15,3,17,2,14],[8,12,4,16,1,13,3,20,24,15,17,2,14],[8,20,24,16,4,13,1,3,12,15,17,2,14],[12,16,24,4,1,13,3,20,8,15,17,14],[16,12,20,8,24,4,1,13,15,3,17,2,14],[20,8,16,12,24,4,1,13,15,3,17,2,14],[16,4,1,13,15,3,24,8,12,20,17,2,14],[12,20,24,8,16,4,1,13,15,3,17,14],[8,24,16,12,20,4,1,13,15,3,17,14],[4,16,13,1,15,3,8,20,12,24,17,14],[4,12,8,24,20,16,13,1,3,15,17,14],[24,16,4,1,13,15,3,8,20,12,17,14],[24,12,16,4,1,13,15,3,8,20,17,14],[4,16,13,1,15,3,20,8,24,12,17,2,14],[24,12,8,20,16,4,13,1,15,3,17,2,14],[4,24,12,8,20,16,13,1,15,3,17,2,14],[12,16,8,4,13,1,15,3,24,20,17,2,14],[16,24,12,4,13,1,3,20,8,15,17,2,14],[4,20,24,8,16,1,13,15,3,12,17,14],[12,20,4,8,16,1,13,15,3,24,17,2,14],[16,12,4,1,13,15,3,24,8,20,17,14],[8,20,16,24,4,13,1,15,3,12,17,14],[20,16,4,13,1,15,3,24,12,8,17,14],[12,4,8,20,24,16,13,1,15,3,17,2,14],[20,16,8,12,4,13,1,3,24,15,17,14],[16,24,12,4,1,13,3,8,20,15,17,2,14],[4,20,8,12,16,13,1,3,24,15,17,14],[20,24,8,12,16,4,13,1,15,3,17,14],[24,4,20,8,12,16,1,13,15,3,17,2,14],[4,16,13,1,3,24,8,12,20,15,17,2,14],[24,12,16,8,4,13,1,15,3,20,17,14],[24,12,16,20,4,13,1,15,3,8,17,2,14],[20,12,8,16,4,1,13,3,24,15,17,2,14],[12,4,8,24,20,16,13,1,15,3,17,14],[16,12,24,8,4,1,13,3,20,15,17,14],[8,20,12,16,24,4,1,13,15,3,17,2,14],[16,20,24,4,13,1,3,12,8,15,17,2,14],[12,4,24,16,1,13,3,8,20,15,17,2,14],[8,20,4,12,16,1,13,15,3,24,17,2,14],[12,16,4,13,1,15,3,8,24,20,17,2,14],[4,24,20,12,8,16,1,13,3,15,17,19],[24,20,4,12,8,16,13,1,3,15,17,14],[16,20,12,24,8,4,13,1,3,15,17,2,14],[4,24,12,8,20,16,1,13,15,3,17,14],[20,12,24,8,16,4,1,13,15,3,17,14],[24,8,20,12,4,16,1,13,15,3,17,14],[20,4,24,12,16,13,1,3,8,15,17,14],[20,16,12,4,13,1,15,3,8,24,17,14],[24,16,20,8,4,1,13,3,12,15,17,2,14],[4,12,8,16,13,1,3,20,24,15,17,2,14],[24,12,20,4,8,16,13,1,3,15,17,2,14],[16,8,12,24,4,1,13,15,3,20,17,14],[24,16,12,8,4,1,13,15,3,20,17,14],[20,16,12,4,13,1,3,8,24,15,17,2,14],[24,4,8,16,1,13,15,3,12,20,17,2,14],[24,4,16,13,1,3,8,12,20,15,17,2,14],[12,20,24,8,16,4,1,13,3,15,17,14],[12,24,8,4,20,16,13,1,15,3,17,14],[4,24,8,16,13,1,3,20,12,15,17,2,14],[20,8,24,4,16,13,1,3,12,15,17,14],[4,8,16,13,1,3,24,12,20,15,17,14],[20,12,16,4,1,13,3,24,8,15,17,2,14],[16,8,24,4,13,1,15,3,12,20,17,14],[8,16,24,20,4,1,13,15,3,12,17,14],[24,20,12,8,16,4,13,1,3,15,17,14],[4,8,24,16,1,13,15,3,20,12,17,14],[24,8,4,20,12,16,1,13,3,15,17,2,14],[16,20,4,1,13,3,12,24,8,15,17,14],[20,24,16,12,4,1,13,15,3,8,17,2,14],[20,12,24,4,16,1,13,15,3,8,17,2,14],[20,24,8,16,12,4,13,1,3,15,17,2,14],[4,12,16,1,13,3,8,24,20,15,17,14],[12,20,24,16,4,1,13,15,3,8,17,14],[16,8,4,13,1,3,12,20,24,15,17,14],[12,24,4,16,1,13,15,3,20,8,17,14],[4,12,20,24,16,1,13,15,3,8,17,2,14],[12,4,8,24,20,16,13,1,3,15,17,2,14],[20,8,12,24,4,16,13,1,15,3,17,19],[24,20,4,8,12,16,1,13,15,3,17,2,14],[24,16,8,12,4,1,13,3,20,15,17,14],[4,8,24,12,20,16,1,13,15,3,17,2,14],[12,16,24,4,1,13,3,8,20,15,17,14],[24,12,4,8,20,16,1,13,3,15,17,2,14],[20,24,12,16,4,1,13,15,3,8,17,14],[8,4,24,20,16,13,1,15,3,12,17,14],[4,12,16,13,1,15,3,20,24,8,17,14],[12,8,4,24,20,16,1,13,3,15,17,2,14],[8,16,20,12,24,4,1,13,15,3,17,2,14],[24,12,8,4,16,1,13,3,20,15,17,2,14],[8,12,24,16,20,4,13,1,15,3,17,2,14],[4,24,12,16,1,13,3,8,20,15,17,2,14],[12,16,20,4,13,1,15,3,24,8,17,14],[12,8,4,20,24,16,13,1,15,3,17,2,14],[8,12,20,16,4,13,1,15,3,24,17,2,14],[24,16,12,4,13,1,3,20,8,15,17,2,14],[20,12,24,16,8,4,13,1,3,15,17,2,14],[16,8,4,13,1,15,3,20,12,24,17,2,14],[16,4,1,13,3,20,24,12,8,15,17,2,14],[16,12,20,4,1,13,15,3,8,24,17,14],[20,12,24,4,16,1,13,15,3,8,17,14],[24,12,8,20,4,16,13,1,3,15,17,14],[12,24,20,8,4,16,13,1,3,15,17,14],[16,20,8,24,4,1,13,15,3,12,17,14],[16,4,1,13,15,3,20,24,12,8,17,14],[24,12,20,8,16,4,1,13,15,3,17,14],[24,20,16,12,8,4,1,13,15,3,17,14],[24,12,8,4,20,16,1,13,3,15,17,14],[20,24,8,4,16,13,1,3,12,15,17,2,14],[8,12,20,16,24,4,13,1,15,3,17,2,14],[20,8,4,24,12,16,13,1,15,3,17,2,14],[24,16,12,20,4,1,13,15,3,8,17,14],[16,12,8,24,20,4,13,1,3,15,17,2,14],[16,20,8,24,4,1,13,15,3,12,17,2,14],[24,16,12,20,8,4,13,1,3,15,17,2,14],[12,20,16,4,1,13,3,24,8,15,17,2,14],[16,20,24,4,1,13,15,3,12,8,17,2,14],[8,12,16,20,4,1,13,15,3,24,17,14],[12,24,8,16,4,1,13,15,3,20,17,2,14],[4,8,24,20,16,13,1,15,3,12,17,2,14],[16,4,1,13,3,8,12,24,20,15,17,2,14],[16,12,20,8,24,4,13,1,3,15,17,14],[16,12,8,24,20,4,13,1,3,15,17,14],[16,8,4,13,1,3,20,12,24,15,17,2,14],[24,4,20,8,16,1,13,3,12,15,17,2,14],[12,24,20,8,4,16,1,13,15,3,17,2,14],[4,12,24,20,16,1,13,15,3,8,17,14],[24,20,8,16,4,1,13,3,12,15,17,14],[4,24,16,13,1,15,3,20,8,12,17,2,14],[8,20,16,24,12,4,13,1,3,15,17,14],[8,16,24,20,4,13,1,15,3,12,17,2,14],[4,16,1,13,3,24,12,20,8,15,17,2,14],[4,12,8,24,20,16,1,13,3,15,17,14],[4,16,13,1,15,3,20,8,12,24,17,2,14],[20,24,8,16,4,1,13,15,3,12,17,14],[12,16,24,20,8,4,1,13,3,15,17,2,14],[12,4,24,16,13,1,3,8,20,15,17,2,14],[12,8,24,4,16,13,1,15,3,20,17,2,14],[4,16,13,1,15,3,12,20,8,24,17,14],[24,8,16,4,1,13,15,3,20,12,17,2,14],[12,8,24,4,16,1,13,3,20,15,17,2,14],[16,12,8,20,4,1,13,15,3,24,17,2,14],[16,4,1,13,15,3,24,20,12,8,17,14],[8,24,12,20,4,16,13,1,3,15,17,2,14],[20,24,8,4,12,16,13,1,3,15,17,14],[12,8,20,16,4,1,13,15,3,24,17,2,14],[16,12,4,13,1,3,24,20,8,15,17,2,14],[16,4,1,13,3,12,24,8,20,15,17,2,14],[12,24,4,16,1,13,15,3,8,20,17,2,14],[24,20,4,8,12,16,13,1,3,15,17,2,14],[20,8,16,24,12,4,13,1,15,3,17,2,14],[8,24,20,4,16,13,1,3,12,15,17,14],[24,16,20,4,1,13,15,3,8,12,17,14],[8,12,20,16,24,4,1,13,3,15,17,2,14],[4,20,16,1,13,15,3,8,12,24,17,2,14],[12,20,4,8,16,1,13,3,24,15,17,14],[20,16,8,12,24,4,13,1,15,3,17,2,14],[24,12,4,16,1,13,15,3,8,20,17,2,14],[24,20,16,12,8,4,13,1,15,3,17,14],[20,8,4,24,16,13,1,15,3,12,17,14],[24,12,20,16,8,4,1,13,15,3,17,2,14],[4,16,1,13,15,3,8,12,24,20,17,14],[20,16,12,8,4,13,1,15,3,24,17,2,14],[12,8,16,20,4,13,1,15,3,24,17,2,14],[12,20,16,4,13,1,15,3,24,8,17,14],[4,8,16,13,1,15,3,12,24,20,17,2,14],[8,24,16,4,13,1,3,20,12,15,17,2,14],[24,12,16,20,4,1,13,3,8,15,17,2,14],[24,12,16,4,13,1,15,3,8,20,17,14],[20,4,8,12,24,16,13,1,3,15,17,2,14],[4,16,1,13,3,24,8,20,12,15,17,14],[24,16,20,8,12,4,1,13,15,3,17,2,14],[20,8,24,16,4,1,13,3,12,15,17,14],[12,16,4,1,13,3,24,8,20,15,17,2,14],[4,20,8,24,12,16,13,1,15,3,17,14],[8,12,16,4,13,1,3,20,24,15,17,2,14],[20,24,12,16,4,13,1,3,8,15,17,2,14],[16,24,8,12,4,1,13,3,20,15,17,14],[24,4,16,1,13,15,3,12,8,20,17,2,14],[8,4,20,12,24,16,1,13,3,15,17,2,14],[16,4,13,1,15,3,12,24,8,20,17,14],[24,20,4,8,12,16,13,1,15,3,17,14],[24,20,12,16,4,1,13,15,3,8,17,14],[24,4,8,12,20,16,13,1,15,3,17,14],[16,8,24,4,1,13,15,3,20,12,17,14],[24,12,16,20,8,4,13,1,3,15,17,14],[12,24,20,16,4,1,13,3,8,15,17,2,14],[24,16,4,1,13,15,3,8,20,12,17,2,14],[8,20,24,12,16,4,13,1,15,3,17,14],[20,24,12,4,8,16,1,13,15,3,17,14],[20,16,12,8,4,1,13,3,24,15,17,2,14],[24,4,12,20,16,1,13,3,8,15,17,2,14],[24,16,20,8,4,1,13,15,3,12,17,14],[16,12,8,4,1,13,3,20,24,15,17,14],[16,24,4,1,13,15,3,8,20,12,17,14],[8,12,4,16,1,13,3,20,24,15,17,2,14],[16,20,24,4,13,1,3,8,12,15,17,2,14],[24,16,4,1,13,15,3,8,12,20,17,2,14],[8,24,20,12,4,16,1,13,15,3,17,14],[24,16,12,4,13,1,15,3,20,8,17,14],[24,12,20,16,8,4,13,1,3,15,17,14],[20,4,12,8,16,13,1,15,3,24,17,14],[16,12,20,8,24,4,13,1,3,15,17,14],[4,12,8,20,16,13,1,15,3,24,17,14],[16,12,24,8,20,4,13,1,3,15,17,14],[4,8,12,24,16,13,1,15,3,20,17,14],[20,24,4,8,16,1,13,3,12,15,17,2,14],[12,20,24,4,8,16,13,1,3,15,17,2,14],[12,4,24,20,8,16,1,13,15,3,17,14],[4,12,8,20,16,13,1,15,3,24,17,14],[16,8,24,12,20,4,1,13,3,15,17,2,14],[12,20,16,24,4,13,1,15,3,8,19,17],[8,12,4,24,16,1,13,15,3,20,17,14],[24,12,16,4,13,1,15,3,8,20,17,14],[24,12,20,4,8,16,1,13,15,3,17,14],[8,12,24,16,4,1,13,15,3,20,17,14],[16,8,4,1,13,15,3,24,12,20,17,2,14],[16,4,13,1,3,12,24,8,20,15,17,14],[20,24,16,12,4,13,1,15,3,8,17,2,14],[8,20,12,24,4,16,13,1,3,15,17,14],[4,16,13,1,15,3,12,24,20,8,17,2,14],[20,8,4,24,12,16,13,1,3,15,17,14],[24,20,16,8,4,1,13,3,12,15,17,14],[12,8,20,4,16,13,1,15,3,24,17,2,14],[12,16,24,8,4,1,13,3,20,15,17,2,14],[16,24,4,1,13,15,3,8,20,12,17,2,14],[20,24,8,12,4,16,13,1,3,15,17,14],[4,24,8,16,1,13,3,20,12,15,17,14],[4,16,13,1,15,3,8,20,24,12,17,2,14],[24,4,8,16,1,13,3,12,20,15,17,14],[24,4,12,8,16,13,1,3,20,15,17,14],[16,12,8,20,24,4,1,13,15,3,17,2,14],[4,16,1,13,15,3,20,12,24,8,17,2,14],[12,8,24,20,4,16,13,1,15,3,17,14],[8,12,24,20,16,4,1,13,15,3,17,14],[8,20,4,12,16,1,13,15,3,24,17,2,14],[4,24,16,13,1,3,8,12,20,15,17,14],[24,8,4,12,20,16,1,13,3,15,17,2,14],[8,16,24,20,12,4,1,13,3,15,17,14],[12,16,4,1,13,15,3,8,20,24,17,2,14],[16,8,24,20,12,4,13,1,15,3,17,2,14],[20,8,12,4,16,1,13,3,24,15,17,14],[24,12,16,4,1,13,3,20,8,15,17,14],[12,20,24,16,4,1,13,15,3,8,17,2,14],[12,20,8,24,16,4,1,13,3,15,17,2,14],[12,16,8,24,20,4,13,1,15,3,17,14],[8,24,4,20,16,13,1,15,3,12,17,2,14],[12,24,20,8,4,16,13,1,3,15,17,14],[24,20,16,4,1,13,15,3,8,12,17,2,14],[12,24,8,16,20,4,1,13,15,3,17,2,14],[4,8,24,20,12,16,1,13,3,15,17,2,14],[4,12,24,16,1,13,15,3,20,8,17,2,14],[20,16,12,8,4,13,1,15,3,24,17,2,14],[12,20,16,24,4,1,13,15,3,8,17,14],[4,20,8,24,12,16,13,1,3,15,17,14],[12,8,16,20,24,4,1,13,15,3,17,2,14],[4,16,13,1,15,3,20,24,8,12,17,2,14],[16,8,12,4,1,13,15,3,24,20,17,14],[16,24,12,8,4,13,1,3,20,15,17,14],[20,4,16,13,1,3,8,12,24,15,17,14],[12,8,16,20,4,13,1,15,3,24,17,2,14],[24,12,8,4,16,13,1,15,3,20,17,14],[8,4,20,16,13,1,15,3,12,24,17,14],[8,24,16,12,20,4,1,13,3,15,17,2,14],[4,16,13,1,3,8,12,24,20,15,17,2,14],[16,4,13,1,15,3,8,20,24,12,17,14],[8,12,20,4,24,16,13,1,15,3,17,2,14],[20,24,8,16,4,13,1,3,12,15,17,14],[8,24,16,20,12,4,13,1,15,3,17,14],[4,8,24,12,16,13,1,3,20,15,17,14],[4,20,16,13,1,3,24,8,12,15,17,14],[12,16,20,4,1,13,3,24,8,15,17,14],[8,24,4,12,20,16,13,1,15,3,17,14],[20,4,12,8,16,1,13,15,3,24,17,2,14],[16,8,20,24,4,13,1,15,3,12,17,14],[4,16,13,1,3,20,8,24,12,15,17,14],[16,12,20,4,1,13,3,24,8,15,17,14],[4,8,20,12,24,16,13,1,3,15,17,2,14],[20,8,16,12,24,4,13,1,3,15,17,14],[12,20,8,24,16,4,13,1,15,3,17,14],[20,16,4,1,13,15,3,8,12,24,17,14],[12,4,20,8,24,16,13,1,15,3,17,2,14],[12,8,4,16,1,13,15,3,24,20,17,2,14],[12,4,20,24,8,16,1,13,15,3,17,14],[20,24,4,12,8,16,13,1,3,15,17,2,14],[16,8,20,4,1,13,3,24,12,15,17,2,14],[12,8,20,24,16,4,1,13,3,15,17,2,14],[24,20,8,12,4,16,13,1,15,3,17,14],[4,20,12,24,8,16,1,13,15,3,17,14],[24,8,12,16,20,4,13,1,3,15,17,2,14],[12,4,24,8,16,13,1,3,20,15,17,2,14],[8,12,20,16,4,1,13,3,24,15,17,2,14],[12,16,20,8,24,4,13,1,15,3,17,14],[20,24,4,12,8,16,1,13,15,3,17,14],[20,16,4,1,13,15,3,8,24,12,17,2,14],[8,24,12,20,4,16,1,13,3,15,17,2,14],[20,12,4,8,16,13,1,15,3,24,17,2,14],[24,4,8,16,13,1,3,20,12,15,17,2,14],[24,20,4,16,1,13,3,12,8,15,17,2,14],[4,16,13,1,3,8,12,20,24,15,17,2,14],[4,16,1,13,3,8,24,12,20,15,17,14],[20,24,16,8,4,1,13,15,3,12,17,14],[24,20,4,12,8,16,13,1,3,15,17,2,14],[16,8,24,20,12,4,1,13,3,15,17,14],[16,20,8,4,13,1,15,3,12,24,17,14],[24,12,8,20,16,4,13,1,3,15,17,2,14],[12,8,16,24,4,1,13,15,3,20,17,14],[12,4,20,24,16,1,13,15,3,8,17,14],[8,20,16,24,4,1,13,3,12,15,17,14],[20,4,16,13,1,3,8,24,12,15,17,2,14],[20,12,16,8,4,13,1,15,3,24,17,14],[4,16,1,13,3,8,24,12,20,15,17,14],[12,20,4,16,1,13,3,8,24,15,17,14],[16,24,20,12,4,1,13,15,3,8,17,14],[8,16,20,12,24,4,1,13,15,3,17,2,14],[4,16,1,13,15,3,24,12,20,8,17,2,14],[12,4,20,24,16,1,13,15,3,8,17,2,14],[8,12,20,24,16,4,13,1,3,15,17,2,14],[24,20,4,16,1,13,3,12,8,15,17,14],[12,16,20,8,4,13,1,15,3,24,17,2,14],[4,20,12,16,1,13,3,8,24,15,17,2,14],[4,8,12,20,16,13,1,15,3,24,17,14],[24,4,8,16,1,13,15,3,12,20,17,2,14],[24,4,20,12,8,16,1,13,3,15,17,2,14],[12,16,24,20,8,4,13,1,15,3,17,2,14],[24,12,20,16,8,4,1,13,3,15,17,2,14],[20,16,4,1,13,15,3,24,8,12,17,2,14],[4,20,8,12,24,16,1,13,15,3,17,2,14],[24,12,16,20,8,4,1,13,3,15,17,2,14],[8,24,4,12,20,16,1,13,3,15,17,2,14],[12,16,20,8,4,1,13,3,24,15,17,14],[16,20,12,24,8,4,1,13,15,3,19,17],[20,16,24,12,8,4,13,1,3,15,17,2,14],[4,20,16,1,13,15,3,12,8,24,17,2,14],[8,24,12,4,20,16,13,1,3,15,17,2,14],[12,20,4,16,13,1,15,3,24,8,17,14],[12,16,20,24,8,4,13,1,3,15,17,14],[24,20,8,16,12,4,13,1,3,15,17,14],[20,12,4,24,16,13,1,3,8,15,17,14],[12,16,24,8,4,13,1,15,3,20,17,2,14],[24,20,4,12,8,16,1,13,15,3,17,14],[4,12,8,24,16,1,13,3,20,15,17,2,14],[4,16,1,13,15,3,20,12,24,8,17,14],[24,4,12,16,13,1,3,20,8,15,17,2,14],[16,4,1,13,3,24,8,12,20,15,17,14],[12,24,20,16,4,13,1,15,3,8,17,14],[4,16,1,13,3,24,12,20,8,15,17,2,14],[16,12,24,4,13,1,3,20,8,15,17,14],[16,20,8,12,4,13,1,3,24,15,17,2,14],[12,16,4,13,1,3,20,8,24,15,17,14],[16,8,20,12,24,4,13,1,3,15,17,14],[4,24,20,8,16,13,1,15,3,12,17,14],[24,12,16,8,20,4,1,13,15,3,17,2,14],[20,12,24,16,4,13,1,3,8,15,17,2,14],[4,8,16,1,13,15,3,20,12,24,17,2,14],[24,20,12,8,4,16,13,1,3,15,17,2,14],[16,24,12,20,8,4,13,1,15,3,17,14],[12,16,8,20,24,4,13,1,3,15,17,14],[24,16,4,13,1,15,3,12,20,8,17,2,14],[8,4,12,20,24,16,1,13,3,15,17,14],[20,8,12,24,16,4,1,13,15,3,17,2,14],[16,8,24,4,13,1,3,20,12,15,17,2,14],[24,20,8,16,4,13,1,15,3,12,17,2,14],[12,20,4,24,16,1,13,15,3,8,17,2,14],[12,4,16,13,1,15,3,8,24,20,17,14],[20,4,24,12,8,16,13,1,15,3,17,2,14],[4,20,16,1,13,3,12,8,24,15,17,14],[20,8,24,12,16,4,13,1,3,15,17,14],[24,16,8,20,12,4,1,13,3,15,17,2,14],[20,16,8,4,1,13,3,12,24,15,17,14],[4,8,12,20,24,16,1,13,15,3,17,2,14],[24,4,8,16,1,13,3,20,12,15,17,2,14],[4,20,16,1,13,15,3,24,12,8,17,14],[12,4,24,16,13,1,15,3,8,20,17,14],[8,20,24,16,12,4,1,13,15,3,17,2,14],[20,8,4,16,1,13,15,3,24,12,17,14],[20,16,24,8,4,1,13,3,12,15,17,2,14],[16,20,12,8,24,4,1,13,3,15,17,2,14],[24,12,20,16,4,1,13,3,8,15,17,2,14],[20,16,12,4,1,13,3,8,24,15,17,14],[16,4,13,1,15,3,20,12,24,8,17,14],[8,16,12,20,24,4,1,13,15,3,17,2,14],[8,4,20,16,1,13,15,3,12,24,17,2,14],[4,20,8,12,16,13,1,3,24,15,17,2,14],[12,8,24,4,16,1,13,3,20,15,17,2,14],[4,16,1,13,3,12,20,8,24,15,17,14],[12,16,24,8,4,13,1,3,20,15,17,14],[16,24,12,20,4,1,13,15,3,8,17,2,14],[12,24,16,8,20,4,13,1,15,3,17,2,14],[16,24,8,20,12,4,13,1,3,15,17,14],[12,24,4,16,13,1,3,8,20,15,17,2,14],[4,12,24,8,20,16,13,1,3,15,17,14],[4,12,24,20,16,13,1,3,8,15,17,2,14],[4,24,20,12,16,13,1,15,3,8,17,14],[24,8,20,16,4,1,13,15,3,12,17,14],[8,16,12,4,13,1,3,24,20,15,17,2,14],[16,20,24,4,13,1,3,8,12,15,17,2,14],[4,24,16,1,13,15,3,20,12,8,17,2,14],[20,8,16,24,4,1,13,15,3,12,17,14],[24,4,12,16,1,13,3,20,8,15,17,2,14],[24,8,20,16,4,1,13,15,3,12,17,14],[24,20,12,8,4,16,13,1,3,15,17,14],[8,24,16,12,20,4,1,13,3,15,17,2,14],[4,20,8,24,16,13,1,3,12,15,17,14],[12,20,4,8,24,16,13,1,3,15,17,14],[20,8,24,4,16,1,13,15,3,12,17,2,14],[12,24,16,20,4,13,1,3,8,15,17,2,14],[20,12,24,16,8,4,1,13,15,3,17,2,14],[8,4,20,12,24,16,1,13,15,3,17,14],[12,20,8,4,16,13,1,15,3,24,17,14],[24,16,12,4,1,13,3,8,20,15,17,2,14],[16,24,4,13,1,3,12,8,20,15,17,2,14],[20,4,24,12,8,16,1,13,3,15,17,2,14],[20,12,4,16,13,1,3,24,8,15,17,2,14],[4,16,1,13,15,3,12,8,24,20,17,14],[24,20,16,12,8,4,1,13,15,3,17,2,14],[4,24,20,16,1,13,3,12,8,15,17,14],[20,4,24,16,1,13,3,8,12,15,17,2,14],[4,20,8,16,1,13,3,24,12,15,17,2,14],[16,20,12,4,1,13,15,3,8,24,17,14],[20,4,24,8,16,1,13,3,12,15,17,2,14],[8,4,12,16,1,13,3,24,20,15,17,2,14],[8,4,12,20,16,1,13,15,3,24,17,14],[16,12,8,4,13,1,15,3,20,24,17,14],[4,20,12,24,16,13,1,15,3,8,17,2,14],[4,20,12,8,24,16,13,1,3,15,17,2,14],[4,8,24,20,16,13,1,3,12,15,17,14],[16,4,1,13,3,12,8,24,20,15,17,2,14],[8,16,12,20,24,4,1,13,3,15,17,14],[12,4,20,24,16,1,13,3,8,15,17,14],[16,12,20,24,4,1,13,3,8,15,17,2,14],[16,12,8,24,4,1,13,3,20,15,17,14],[16,12,20,8,24,4,13,1,15,3,17,2,14],[24,20,16,8,4,1,13,15,3,12,17,14],[16,8,20,12,24,4,13,1,3,15,17,2,14],[4,12,8,16,13,1,3,24,20,15,17,2,14]],"n_human":15}