{"problem_id":"2IIlQChh57JOIxu","sigma":75,"alpha":10.000,"cost":0,"probabilities":"[0.22999999999999998, 0.16, 0.22, 0.39]","payoff_matrix":"[[-18, 8, -123, -24, -46, -81], [-32, 91, -104, -17, 34, -39], [48, 37, -2, -11, 9, 17], [87, -40, -73, 70, 40, -72]]","uncovered":[[8,12,4,24,16,1,13,3,20,15,17,14,19],[12,20,16,24,8,4,1,13,3,15,17,14,19],[4,24,8,12,20,16,1,13,15,3,17,2,14,19],[8,20,16,24,4,13,1,3,12,15,19,17,14],[4,8,12,16,13,1,15,3,20,24,17,2,14,19],[24,12,20,4,16,1,13,3,8,15,17,2,14,19],[16,24,8,20,12,4,1,13,3,15,19,17,2,14],[20,12,16,4,13,1,15,3,8,24,17,2,14,19],[24,4,12,8,16,13,1,3,20,15,17,2,14,19],[20,4,8,12,24,16,1,13,15,3,17,19,14],[12,20,24,4,8,16,13,1,15,3,17,14,19],[4,8,16,13,1,3,24,12,20,15,17,2,14,19],[4,12,8,16,13,1,15,3,24,20,17,2,14,19],[4,16,1,13,15,3,12,24,20,8,17,14,11,2,19],[8,24,16,20,12,4,13,1,15,3,17,14,19],[12,8,24,4,20,16,13,1,3,15,17,2,14,19],[24,12,4,20,8,16,1,13,3,15,17,19,14],[20,8,12,4,24,16,13,1,3,15,17,14,19],[16,4,13,1,3,8,24,12,20,15,17,5,2,14],[4,12,20,24,8,16,1,13,3,15,17,14,19],[20,8,4,12,24,16,13,1,3,15,17,2,14,19],[16,4,13,1,3,8,20,12,24,15,17,2,14,19],[24,16,20,4,1,13,3,8,12,15,17,14,19],[8,24,20,12,4,16,1,13,3,15,17,14,19],[8,24,20,16,4,13,1,3,12,15,17,14,6,5,19],[16,8,4,1,13,15,3,20,24,12,17,2,14,19],[24,8,20,4,12,16,1,13,15,3,19,17,14],[4,8,16,13,1,3,12,20,24,15,17,2,14,19],[24,12,20,16,8,4,13,1,15,3,17,2,14,19],[12,16,24,20,8,4,1,13,15,3,19,17,14],[24,4,12,16,13,1,3,20,8,15,17,2,14,19],[20,16,4,1,13,3,12,8,24,15,17,14,19],[20,12,8,16,24,4,1,13,3,15,17,14,2,19],[12,4,16,1,13,15,3,8,24,20,17,14,2,19],[4,24,8,12,16,1,13,15,3,20,17,14,19],[24,16,4,13,1,15,3,12,8,20,17,2,14,19],[12,8,16,20,4,13,1,15,3,24,17,2,14,19],[4,20,8,24,12,16,13,1,3,15,17,14,19],[8,4,24,12,20,16,13,1,15,3,19,17,2,14],[20,4,24,8,12,16,1,13,3,15,17,14,19],[12,8,4,16,1,13,3,24,20,15,17,14,19],[20,12,24,4,8,16,1,13,3,15,17,2,14,19],[24,8,20,4,12,16,13,1,3,15,17,2,14,19],[12,8,20,4,24,16,1,13,3,15,17,2,14,19],[4,20,16,1,13,15,3,24,12,8,17,2,14,19],[4,8,12,16,13,1,3,24,20,15,17,2,14,19],[24,16,4,1,13,3,20,8,12,15,17,2,14,19],[24,16,8,20,4,1,13,15,3,12,17,14,19],[8,12,24,16,20,4,13,1,15,3,17,14,19],[8,12,24,20,16,4,13,1,3,15,17,2,14,19],[20,16,12,8,24,4,1,13,3,15,17,14,19],[16,8,24,20,12,4,1,13,3,15,17,14,19],[24,4,16,13,1,3,8,12,20,15,17,14,19],[24,16,8,20,12,4,1,13,15,3,17,2,14,19],[16,24,12,20,4,1,13,3,8,15,17,14,2,19],[4,20,24,12,8,16,1,13,15,3,17,14,2,19],[12,20,16,4,1,13,15,3,8,24,17,14,19],[24,16,20,12,8,4,13,1,15,3,17,14,19],[20,4,16,13,1,3,12,8,24,15,17,2,14,19],[4,8,20,24,16,1,13,15,3,12,17,14,2,19],[24,4,12,20,16,13,1,3,8,15,17,2,14,19],[16,4,1,13,3,20,24,8,12,15,17,2,14,19],[12,8,24,16,20,4,13,1,3,15,17,14,19],[8,12,4,24,16,1,13,15,3,20,17,14,22,2,19],[16,24,4,1,13,3,8,12,20,15,17,14,19],[4,12,24,16,13,1,3,20,8,15,17,14,19],[24,4,12,20,8,16,13,1,3,15,17,2,14,19],[20,8,4,24,12,16,1,13,3,15,17,14,19],[12,24,16,8,20,4,1,13,3,15,17,2,14,19],[24,4,20,8,16,13,1,3,12,15,17,2,14,19],[4,8,24,12,20,16,1,13,3,15,17,14,19],[4,24,12,20,8,16,13,1,3,15,17,14,2,19],[12,24,20,8,4,16,1,13,3,15,17,2,14,18,19],[4,12,8,24,16,1,13,3,20,15,17,14,19],[8,12,4,20,16,1,13,3,24,15,17,19,14],[8,12,20,24,4,16,13,1,3,15,17,2,14,19],[12,16,8,4,13,1,3,20,24,15,17,14,19],[4,24,12,8,16,13,1,3,20,15,17,14,19],[8,16,20,4,13,1,3,12,24,15,17,14,19],[4,20,24,12,16,13,1,3,8,15,17,14,2,19],[20,12,16,8,24,4,1,13,15,3,17,2,14,19],[16,24,4,13,1,3,8,20,12,15,17,2,14,19],[12,24,16,4,1,13,15,3,20,8,17,14,19],[16,4,13,1,15,3,12,20,8,24,17,2,14,19],[4,12,16,1,13,15,3,20,24,8,17,2,14,19],[16,20,8,4,13,1,3,24,12,15,17,2,14,19],[20,4,12,16,13,1,15,3,24,8,19,17,2,14],[8,20,4,16,13,1,3,24,12,15,17,2,14,19],[24,12,16,20,8,4,1,13,15,3,17,2,14,19],[24,4,20,12,8,16,1,13,15,3,17,14,2,11,19],[20,12,4,16,13,1,3,24,8,15,17,14,2,19],[4,20,8,12,16,13,1,3,24,15,17,2,14,19],[12,4,20,24,8,16,1,13,3,15,17,2,14,19],[8,20,4,12,16,1,13,3,24,15,17,14,5,2],[20,4,8,12,24,16,1,13,15,3,17,2,14,19],[20,12,4,24,16,1,13,3,8,15,17,2,14,19],[8,12,16,20,4,13,1,3,24,15,17,14,2,19],[8,20,16,24,12,4,13,1,15,3,17,14,19],[4,20,12,24,16,1,13,15,3,8,17,2,14,19],[24,16,12,8,20,4,13,1,15,3,17,2,14,19],[16,12,4,1,13,3,24,8,20,15,17,14,19],[16,4,13,1,15,3,8,12,24,20,17,14,19],[16,8,24,4,13,1,3,20,12,15,17,2,14,19],[4,20,8,16,13,1,3,12,24,15,17,2,14,19],[16,20,4,13,1,15,3,12,24,8,17,14,2,19],[16,12,4,13,1,15,3,20,24,8,17,2,14,19],[16,12,20,24,8,4,1,13,15,3,17,2,14,19],[8,16,4,1,13,15,3,24,20,12,17,14,18,19],[20,16,12,24,8,4,1,13,3,15,17,2,14,19],[8,24,12,20,4,16,1,13,3,15,17,14,2,19],[12,24,16,8,4,1,13,15,3,20,17,14,19],[24,20,16,12,4,13,1,15,3,8,17,19,14],[16,4,1,13,3,24,20,8,12,15,17,14,19],[20,24,4,8,16,13,1,3,12,15,17,7,14,19],[8,4,12,16,1,13,3,24,20,15,17,2,14,19],[12,4,20,24,16,13,1,3,8,15,17,14,19],[8,20,12,24,16,4,1,13,3,15,17,2,14,19],[16,24,4,13,1,3,12,20,8,15,17,14,19],[20,16,4,1,13,3,8,12,24,15,17,2,14,19],[8,12,16,20,24,4,1,13,3,15,17,2,14,19],[8,4,12,24,20,16,1,13,15,3,17,2,14,19],[24,4,16,1,13,15,12,3,8,20,17,2,14,19],[24,8,20,16,4,1,13,15,3,12,17,14,7,19],[8,12,24,20,16,4,1,13,3,15,17,14,19],[20,12,8,4,16,1,13,3,24,15,17,14,11,19],[12,20,4,8,16,1,13,15,3,24,17,2,14,19],[24,20,12,8,4,16,13,1,3,15,17,2,14,19],[12,24,8,16,20,4,13,1,15,3,17,14,2,19],[4,8,24,12,20,16,1,13,15,3,17,2,14,19],[20,4,24,16,1,13,15,3,12,8,17,14,19],[16,20,4,1,13,15,3,8,24,12,17,19,14],[12,16,20,4,13,1,3,8,24,15,17,14,2,19],[12,4,20,8,24,16,13,1,3,15,17,14,19],[12,24,4,16,1,13,3,20,8,15,17,2,14,19],[16,8,24,4,13,1,15,3,20,12,17,2,14,19],[16,12,24,8,4,13,1,15,3,20,17,14,19],[8,20,12,4,24,16,13,1,3,15,17,14,19],[8,20,4,16,13,1,3,12,24,15,17,19,2,14],[20,16,8,24,12,4,1,13,3,15,17,14,19],[8,12,4,20,16,1,13,3,24,15,19,17,14],[16,12,20,24,4,1,13,3,8,15,17,2,14,19],[12,24,8,20,16,4,1,13,3,15,17,2,14,19],[20,4,24,8,16,13,1,15,3,12,17,2,14,19],[24,8,20,4,12,16,13,1,15,3,17,14,19],[4,16,13,1,15,3,12,8,20,24,17,14,19],[8,20,16,24,12,4,13,1,15,3,17,2,14,19],[20,24,12,4,8,16,1,13,3,15,17,2,14,19],[16,12,24,8,4,1,13,15,3,20,17,14,19],[16,12,4,13,1,15,3,24,20,8,17,2,14,19],[20,16,24,12,8,4,1,13,3,15,17,14,19],[12,8,20,4,24,16,13,1,3,15,17,2,14,19],[12,4,24,8,20,16,1,13,3,15,17,14,19],[12,4,24,16,13,1,3,8,20,15,17,2,14,19],[24,8,12,4,16,13,1,15,3,20,17,14,2,19],[12,20,4,24,16,13,1,15,3,8,17,2,14,19],[4,12,16,13,1,15,3,24,8,20,17,2,14,19],[16,4,13,1,3,12,8,24,20,15,17,19,2,14],[20,12,16,24,4,13,1,3,8,15,19,17,14],[12,4,24,16,1,13,15,3,20,8,17,14,2,19],[12,16,24,8,4,13,1,3,20,15,17,14,19],[4,12,8,16,1,13,15,3,24,20,17,14,19],[8,4,16,1,13,3,12,24,20,15,17,14,19],[20,4,16,13,1,15,3,24,12,8,17,2,14,19],[24,12,8,20,16,4,1,13,15,3,17,2,14,19],[20,12,24,4,8,16,1,13,15,3,17,14,18,19],[16,8,12,4,13,1,15,3,20,24,17,14,19],[8,16,4,1,13,15,3,24,12,20,17,14,2,19],[4,12,8,24,20,16,13,1,3,15,17,14,19],[16,8,24,4,13,1,15,3,20,12,17,14,19],[8,16,4,1,13,15,3,12,20,24,17,2,14,19],[8,24,12,4,20,16,1,13,3,15,17,14,2,19],[4,20,12,8,16,13,1,3,24,15,17,2,14,19],[24,16,20,4,1,13,15,3,8,12,17,14,7,18,19],[24,12,8,20,4,16,13,1,15,3,17,2,14,19],[12,24,8,4,20,16,1,13,15,3,17,14,2,19],[12,16,20,8,4,13,1,15,24,3,17,14,19],[24,8,4,20,12,16,13,1,3,15,17,14,19],[24,4,16,1,13,15,3,12,8,20,17,2,14,19],[12,8,4,16,1,13,15,3,24,20,17,14,19],[24,20,8,4,16,13,1,15,3,12,17,14,19],[4,16,13,1,15,8,3,20,24,12,17,2,14,19],[12,16,24,20,4,13,1,3,8,15,17,14,18,19],[16,12,20,4,1,13,3,8,24,15,17,14,2,19],[12,4,8,16,13,1,3,24,20,15,17,2,14,18,19],[12,4,20,8,24,16,1,13,3,15,17,14,19],[24,8,20,16,4,1,13,3,12,15,17,2,14,19],[16,12,8,20,24,4,13,1,15,3,17,14,9,2,19],[16,4,13,1,15,3,8,24,12,20,17,2,14,19],[24,4,16,13,1,15,3,8,20,12,17,14,2,19],[4,8,16,1,13,3,24,20,12,15,17,14,19],[16,12,4,13,1,15,3,24,8,20,17,14,7,2,19],[8,12,16,4,13,1,3,20,24,15,17,14,22,19],[8,12,4,20,16,1,13,3,24,15,17,2,14,19],[20,16,8,12,24,4,13,1,15,3,17,14,2,19],[20,16,8,4,13,1,15,3,24,12,17,14,19],[16,20,8,4,13,1,15,3,24,12,17,14,2,19],[8,4,20,16,1,13,3,24,12,15,17,14,5,19],[20,24,16,4,13,1,3,12,8,15,17,2,14,19],[24,12,8,4,20,16,13,1,15,3,17,14,2,19],[24,12,8,20,4,16,13,1,15,3,17,2,14,19],[12,16,20,24,8,4,1,13,15,3,17,2,14,19],[16,24,20,12,4,13,1,3,8,15,17,14,19],[4,8,20,12,24,16,13,1,3,15,19,17,2,14],[8,16,4,13,1,15,12,3,20,24,17,2,14,19],[16,4,1,13,15,3,12,8,24,20,17,2,14,19],[12,4,8,20,24,16,1,13,3,15,17,2,14,19],[8,20,16,4,13,1,15,3,24,12,17,2,14,19],[8,12,4,16,1,13,15,3,20,24,17,14,10,2,19],[4,12,16,1,13,15,3,8,20,24,17,2,14,19],[16,4,1,13,15,3,20,8,12,24,17,14,2,19],[8,24,20,4,16,1,13,3,12,15,17,14,2,19],[8,4,20,24,16,13,1,3,12,15,17,2,14,19],[24,20,4,12,16,13,1,15,3,8,17,2,14,19],[12,20,4,8,16,13,1,15,3,24,17,14,5,19],[8,20,12,4,16,13,1,3,24,15,17,2,14,19],[12,4,24,16,1,13,15,3,20,8,17,2,14,19],[8,16,20,12,4,13,1,3,24,15,17,14,2,19],[20,4,8,24,16,13,1,15,3,12,17,14,19],[4,24,20,12,8,16,13,1,3,15,17,14,19],[4,8,12,16,1,13,3,24,20,15,17,14,19],[24,12,4,16,1,13,15,3,8,20,17,2,14,19],[16,8,24,20,12,4,1,13,3,15,17,2,14,19],[24,16,8,12,20,4,13,1,3,15,17,2,14,19],[12,4,20,16,13,1,3,24,8,15,17,2,14,19],[24,16,8,12,20,4,13,1,3,15,17,2,14,19],[4,20,12,16,1,13,3,8,24,15,17,2,14,19],[8,4,16,1,13,3,20,24,12,15,17,2,14,19],[24,12,4,16,1,13,15,3,20,8,17,14,2,19],[24,20,4,8,16,13,1,15,3,12,17,2,14,19],[12,24,16,8,20,4,13,1,15,3,17,2,14,19],[8,16,24,4,13,1,3,20,12,15,17,2,14,19],[12,8,24,20,16,4,1,13,15,3,17,2,14,19],[16,4,13,1,3,20,12,24,8,15,17,2,14,19],[4,24,16,1,13,3,12,8,20,15,17,14,19],[8,4,24,12,20,16,13,1,15,3,17,14,10,19],[4,12,16,1,13,3,8,24,20,15,17,2,14,19],[12,16,24,20,8,4,13,1,15,3,17,14,19],[8,4,24,16,13,1,15,3,12,20,17,2,14,19],[20,16,8,12,4,13,1,3,24,15,17,14,19],[4,20,16,1,13,3,12,8,24,15,17,14,9,19],[8,4,20,24,16,13,1,15,3,12,17,14,19],[16,8,4,1,13,15,3,24,20,12,17,14,19],[24,8,4,16,13,1,15,3,12,20,17,2,14,19],[12,20,8,24,16,4,13,1,3,15,17,14,6,2,19,5],[24,16,4,13,1,15,3,8,20,12,17,7,14,18,19],[20,24,4,16,1,13,3,12,8,15,17,2,14,19],[24,12,16,4,13,1,15,3,8,20,17,14,19],[20,24,8,4,16,13,1,3,12,15,17,14,2,19],[12,24,4,16,13,1,3,20,8,15,17,2,14,19],[8,20,16,24,12,4,1,13,15,3,17,2,14,19],[20,24,4,8,16,13,1,3,12,15,17,14,19],[20,24,12,4,16,1,13,15,3,8,17,2,14,19],[24,8,12,16,20,4,1,13,3,15,17,2,14,19],[16,20,24,8,12,4,13,1,15,3,17,11,2,14,19],[20,16,4,1,13,3,24,8,12,15,17,2,14,19],[16,20,12,24,8,4,13,1,3,15,17,2,14,19],[24,8,12,4,16,1,13,3,20,15,17,2,14,19],[8,20,12,4,24,16,1,13,3,15,17,14,19],[8,20,4,16,13,1,15,3,12,24,17,14,19],[12,16,20,4,1,13,3,8,24,15,17,2,14,19],[24,4,20,16,13,1,15,3,8,12,17,19,14],[24,4,8,12,16,1,13,3,20,15,17,2,14,19],[16,4,13,1,3,12,8,20,24,15,17,2,14,19],[12,20,4,24,16,1,13,3,8,15,17,14,2,19],[8,4,16,1,13,15,3,12,20,24,17,14,2,19],[20,8,16,24,12,4,13,1,15,3,17,14,5,19],[24,12,16,8,20,4,13,1,15,3,17,2,14,19],[16,8,12,24,20,4,13,1,15,3,17,2,14,19],[4,8,20,24,12,16,1,13,3,15,17,14,19],[20,24,4,8,12,16,13,1,3,15,17,2,14,19],[20,12,16,24,4,1,13,3,8,15,17,2,14,19],[16,4,1,13,3,24,12,20,8,15,17,14,19],[8,24,12,20,4,16,1,13,3,15,19,17,14],[20,4,24,16,13,1,3,12,8,15,17,2,14,19],[16,8,24,12,20,4,1,13,3,15,17,14,19],[4,8,20,12,16,1,13,15,3,24,17,2,14,19],[24,4,12,16,1,13,15,3,8,20,17,2,14,19],[16,24,20,4,1,13,3,8,12,15,17,2,14,19],[16,20,24,4,1,13,15,3,8,12,17,14,19],[8,20,4,12,24,16,1,13,3,15,17,14,2,19],[20,16,12,24,4,13,1,3,8,15,17,2,14,19],[4,8,24,20,12,16,1,13,3,15,17,14,19],[24,16,4,13,1,15,3,12,8,20,17,14,22,9,2,19],[24,20,8,12,4,16,13,1,3,15,17,2,14,19],[16,20,12,8,24,4,1,13,15,3,17,14,19],[20,8,4,12,24,16,1,13,3,15,17,2,14,19],[16,20,4,13,1,15,3,12,24,8,17,2,14,19],[12,20,8,4,24,16,13,1,3,15,17,19,14],[24,20,12,4,8,16,1,13,3,15,17,14,2,19],[20,8,12,16,24,4,1,13,15,3,17,14,11,19],[12,16,20,24,4,1,13,3,8,15,17,14,2,19],[8,16,4,1,13,3,12,24,20,15,17,2,14,19],[12,8,4,24,20,16,1,13,3,15,17,14,19],[16,4,1,13,15,3,12,24,20,8,19,17,14],[4,24,16,13,1,15,3,8,12,20,17,14,19],[12,4,24,8,20,16,1,13,3,15,17,2,14,19],[4,24,12,20,8,16,1,13,15,3,17,2,14,19],[4,8,12,20,24,16,1,13,3,15,17,14,10,19],[24,8,16,20,4,1,13,3,12,15,17,2,14,19],[12,16,20,4,13,1,15,3,24,8,17,2,14,19],[4,8,20,16,1,13,3,24,12,15,17,14,19],[24,16,20,4,1,13,15,3,8,12,17,14,2,19],[16,8,20,4,13,1,3,12,24,15,17,14,19],[24,4,12,8,20,16,1,13,15,3,17,14,19],[8,12,24,16,20,4,13,1,15,3,17,2,14,19],[16,8,12,20,24,4,13,1,3,15,17,2,14,19],[12,20,16,24,8,4,13,3,1,15,17,2,14,19],[20,8,16,24,4,1,13,15,3,12,17,2,14,19],[4,24,8,20,16,13,1,15,3,12,17,2,14,19],[12,16,8,4,13,1,15,3,20,24,17,2,14,19],[4,12,16,1,13,3,24,8,20,15,17,14,19],[16,12,20,24,4,13,1,3,8,15,17,2,14,19],[8,24,16,12,20,4,13,1,15,3,17,2,14,19],[4,8,24,20,16,1,13,15,3,12,17,2,14,19],[24,4,12,16,1,13,3,20,8,15,17,2,14,19],[12,16,24,20,8,4,1,13,15,3,17,2,14,19],[16,8,12,4,13,1,15,3,24,20,17,14,19],[8,24,4,12,20,16,1,13,3,15,17,2,14,19],[8,20,16,24,12,4,1,13,15,3,17,14,19],[24,12,20,16,8,4,13,1,3,15,17,14,19],[4,8,20,24,16,13,1,3,12,15,17,14,22,2,19],[4,20,12,24,8,16,13,1,3,15,17,2,14,19],[4,8,20,16,13,1,15,3,24,12,17,14,2,19],[20,16,8,4,1,13,15,3,24,12,17,14,2,19],[24,16,8,4,13,1,3,20,12,15,17,2,14,19],[12,4,20,16,1,13,15,3,8,24,17,2,14,19],[12,8,4,16,13,1,3,24,20,15,17,14,19],[4,8,24,12,16,1,13,15,3,20,17,14,5,19],[16,20,12,4,1,13,3,24,8,15,17,2,14,19],[20,8,16,24,4,1,13,15,3,12,17,14,21,22,19],[16,24,4,13,1,15,3,12,20,8,17,2,14,19],[16,20,24,12,4,13,1,15,3,8,17,14,19],[16,4,13,1,3,8,24,12,20,15,17,14,19],[8,12,24,16,4,1,13,15,3,20,17,19,2,14],[12,4,20,24,8,16,1,13,15,3,17,14,2,19],[12,8,24,20,4,16,13,1,15,3,17,2,14,19],[24,16,8,12,4,1,13,15,3,20,17,2,14,19],[4,8,16,13,1,3,24,20,12,15,17,2,14,19],[16,8,24,12,20,4,1,13,15,3,17,2,14,19],[8,4,16,13,1,3,24,12,20,15,17,14,2,19],[4,8,12,16,1,13,3,24,20,15,17,2,14,19],[20,4,16,13,1,3,8,12,24,15,17,19,2,14],[12,4,16,13,1,3,8,20,24,15,17,2,14,19],[24,16,8,20,12,4,1,13,15,3,17,14,19],[12,16,20,24,8,4,1,13,15,3,17,2,14,19],[24,8,16,20,4,1,13,15,3,12,17,2,14,19],[24,12,4,20,16,1,13,3,8,15,19,17,2,14],[8,12,4,16,1,13,3,24,20,15,17,2,14,19],[16,20,12,4,1,13,3,24,8,15,19,17,14],[12,24,16,4,13,1,3,20,8,15,17,2,14,19],[16,8,4,1,13,3,24,20,12,15,17,2,14,19],[20,4,16,13,1,15,3,12,24,8,17,14,19],[20,8,12,16,24,4,13,1,3,15,19,17,6,2,14],[20,24,12,16,8,4,1,13,15,3,17,2,14,19],[8,12,16,24,4,1,13,15,3,20,17,14,10,2,19],[20,24,16,8,4,1,13,15,3,12,17,2,14,19],[12,24,16,20,4,13,1,15,3,8,17,2,14,19],[8,20,24,12,16,4,1,13,15,3,17,2,14,19],[4,24,8,16,1,13,15,3,12,20,17,14,2,19],[16,12,8,20,4,1,13,3,24,15,17,14,19],[8,4,20,16,13,1,15,3,12,24,17,14,19],[12,4,20,16,13,1,3,24,8,15,17,14,2,19],[24,20,4,12,8,16,1,13,15,3,17,14,19],[20,12,4,24,8,16,13,1,3,15,17,14,19],[8,20,12,24,16,4,13,1,3,15,17,2,14,19],[12,4,24,16,13,1,3,20,8,15,17,14,19],[8,20,16,12,24,4,1,13,15,3,17,14,19],[24,4,12,16,1,13,15,3,8,20,17,2,14,19],[16,20,4,13,1,15,3,12,24,8,17,2,14,19],[4,20,24,8,16,1,13,15,3,12,17,2,14,19],[16,4,13,1,15,8,3,24,20,12,17,2,14,19],[8,16,20,24,4,13,1,15,3,12,17,2,14,19],[24,16,4,1,13,3,8,12,20,15,17,2,14,19],[8,12,20,16,4,1,13,15,3,24,17,14,5,2],[4,8,16,1,13,3,20,24,12,15,17,14,2,19],[20,16,8,4,13,1,3,12,24,15,17,14,6,19,23,5],[20,16,12,4,13,1,3,24,8,15,17,14,19],[16,4,1,13,15,24,3,20,8,12,17,14,18,19],[16,20,24,8,12,4,13,1,3,15,17,14,2,19],[16,4,1,13,3,24,20,8,12,15,17,14,19],[12,24,4,8,20,16,13,1,15,3,17,2,14,19],[8,24,12,20,4,16,13,1,3,15,17,2,14,19],[20,16,4,1,13,15,3,24,8,12,17,14,19],[16,24,8,12,20,4,13,1,15,3,17,14,19],[8,12,16,24,4,13,1,15,3,20,17,2,14,19],[24,8,20,16,4,1,13,3,12,15,17,14,19],[4,24,16,1,13,3,20,12,8,15,17,2,14,19],[16,4,1,13,15,3,20,8,12,24,17,2,14,19],[24,20,12,8,16,4,13,1,3,15,17,2,14,19],[24,16,20,4,13,1,15,3,12,8,19,17,2,14],[20,8,12,24,16,4,13,1,15,3,17,14,19],[20,4,8,24,12,16,13,1,15,3,17,14,19],[24,16,12,20,17,8,4,1,13,3,15,2,14,19],[8,20,24,16,12,4,1,13,15,3,17,14,2,19],[16,8,24,12,20,4,1,13,3,15,17,14,19],[24,8,4,16,1,13,3,20,12,15,17,14,6,2,19,5],[4,8,12,16,13,1,15,3,20,24,17,19,14],[20,12,24,16,4,13,1,3,8,15,17,2,14,19],[4,24,12,20,16,13,1,3,8,15,17,2,14,19],[20,16,8,12,4,1,13,3,24,15,19,17,2,14],[4,8,20,16,1,13,15,3,12,24,17,14,19],[16,8,4,1,13,15,3,24,20,12,17,2,14,19],[20,16,8,24,4,13,1,3,12,15,17,2,14,19],[24,20,8,16,4,1,13,15,3,12,17,2,14,19],[4,24,20,8,16,13,1,15,3,12,17,2,14,19],[4,12,16,1,13,3,20,8,24,15,17,14,19],[12,8,4,24,20,16,1,13,3,15,17,14,19],[12,4,16,1,13,15,3,20,24,8,17,14,19],[16,20,8,4,13,1,3,12,24,15,17,2,14,19],[4,16,1,13,3,8,12,24,20,15,17,2,14,18,19],[20,4,24,8,12,16,13,1,3,15,17,2,14,19],[8,4,12,24,16,13,1,3,20,15,17,14,19],[16,4,1,13,15,3,24,12,20,8,17,14,22,23,19],[24,4,20,16,13,1,3,8,12,15,17,2,14,19],[8,24,4,20,12,16,13,1,3,15,17,14,19],[4,24,20,16,13,1,3,12,8,15,17,2,14,19],[8,24,4,16,1,13,15,3,20,12,17,2,14,19],[16,4,1,13,3,8,24,12,20,15,17,2,14,19],[24,8,20,16,4,13,1,15,3,12,17,14,19],[20,4,8,12,16,1,13,3,24,15,17,2,14,19],[20,8,16,12,4,13,1,15,3,24,17,2,14,19],[8,24,20,16,12,4,1,13,3,15,17,2,14,19],[16,4,13,1,15,3,20,8,12,24,17,14,19],[4,8,12,24,20,16,1,13,15,3,17,2,14,19],[16,20,12,4,1,13,15,3,24,8,17,2,14,19],[20,8,24,12,16,4,13,1,15,3,17,2,14,19],[12,16,20,8,4,13,1,3,24,15,17,2,14,19],[16,4,1,13,15,3,12,20,24,8,17,2,14,19],[24,4,8,16,1,13,15,3,20,12,17,2,14,19],[12,8,20,4,24,16,13,1,3,15,17,2,14,19],[20,24,8,4,12,16,13,1,15,3,17,14,19],[12,16,4,1,13,3,24,20,8,15,17,19,14],[16,20,12,24,8,4,1,13,15,3,17,14,6,5,19],[16,24,8,20,4,1,13,3,12,15,17,14,19],[8,20,4,12,16,1,13,3,24,15,17,14,19],[12,8,24,20,16,4,1,13,3,15,17,14,7,2,19],[8,20,16,4,13,1,3,24,12,15,17,2,14,19],[16,24,20,4,1,13,3,8,12,15,17,14,2,19],[4,8,24,20,12,16,13,1,3,15,17,2,14,19],[4,20,12,16,13,1,15,3,24,8,19,17,2,14],[24,16,12,8,20,4,1,13,15,3,17,2,14,19],[24,20,12,16,8,4,1,13,15,3,19,17,14],[12,20,24,16,8,4,1,13,15,3,17,14,2,19],[16,4,1,13,3,12,8,24,20,15,17,14,19],[24,20,16,12,8,4,13,1,3,15,17,14,18,19],[20,24,16,4,13,1,15,3,12,8,17,2,14,19],[24,20,16,8,12,4,13,1,3,15,17,14,19],[8,16,20,4,13,1,15,3,12,24,17,2,14,19],[8,4,24,20,16,1,13,15,3,12,17,14,19],[8,4,12,16,1,13,15,3,24,20,17,14,19],[8,12,4,16,1,13,3,20,24,15,17,2,14,19],[8,24,20,4,12,16,1,13,15,3,17,14,19],[24,20,12,8,16,4,13,1,15,3,17,14,19],[16,20,12,8,4,1,13,15,3,24,17,19,2,14],[20,8,24,12,4,16,13,1,15,3,17,2,14,19],[12,4,16,1,13,15,3,20,24,8,17,19,14],[4,8,12,24,20,16,1,13,15,3,17,2,14,19],[16,20,8,24,4,13,1,15,3,12,17,14,19],[8,4,16,1,13,15,3,24,20,12,17,19,2,14],[16,24,8,12,20,4,13,1,3,15,17,14,19],[4,12,16,1,13,15,3,24,8,20,17,14,19],[16,4,1,13,15,3,12,20,24,8,17,2,14,19],[20,8,16,24,4,13,1,3,12,15,17,2,14,19],[16,12,8,20,4,13,1,15,3,24,17,2,14,19],[24,12,4,16,1,13,15,3,20,8,17,14,19],[24,12,8,20,4,16,13,1,15,3,17,14,6,5,19],[4,12,8,20,16,13,1,3,24,15,17,14,19],[4,16,13,1,3,24,20,8,12,15,17,14,7,2,19],[20,12,24,4,16,13,1,15,3,8,17,14,19],[12,8,16,24,4,1,13,15,3,20,17,2,14,19],[4,20,16,13,1,15,3,12,8,24,19,17,14],[8,16,20,24,4,13,1,15,3,12,17,14,2,19],[8,20,4,16,1,13,15,3,24,12,17,19,14],[8,24,12,20,4,16,1,13,15,3,17,2,14,19],[24,16,12,4,1,13,3,20,8,15,17,2,14,19],[24,16,20,4,13,1,15,3,8,12,17,2,14,19],[16,12,8,20,4,1,13,3,24,15,17,19,14],[20,8,24,12,4,16,13,1,3,15,17,2,14,19],[4,8,24,12,20,16,13,1,3,15,17,14,19],[16,20,4,1,13,15,3,12,8,24,17,2,14,19],[24,4,8,20,12,16,1,13,15,3,17,2,14,19],[8,20,12,4,24,16,1,13,3,15,17,14,2,19],[24,20,12,16,8,4,13,1,15,3,17,14,19],[12,20,16,8,4,13,1,3,24,15,17,14,19],[12,16,4,1,13,3,8,20,24,15,17,2,14,19],[4,20,12,16,13,1,15,3,24,8,17,19,14],[12,16,20,8,4,1,13,15,3,24,17,2,14,19],[8,24,20,4,12,16,1,13,3,15,17,2,14,19],[8,4,20,16,13,1,15,3,24,12,17,2,14,19],[4,20,8,12,24,16,1,13,15,3,17,14,19],[12,24,8,20,16,4,1,13,15,3,17,19,14],[8,4,24,20,16,13,1,15,3,12,17,14,19],[4,8,20,12,24,16,1,13,15,3,17,14,18,19],[12,4,24,20,8,16,13,1,3,15,17,14,19],[8,16,12,20,24,4,1,13,3,15,17,2,14,19],[20,12,4,24,16,1,13,3,8,15,17,14,7,19],[20,4,24,16,1,13,3,12,8,15,17,14,19],[8,16,4,1,13,3,20,24,12,15,17,14,19],[20,8,4,12,16,13,1,15,3,24,17,2,14,19],[12,24,8,16,4,1,13,15,3,20,17,2,14,19],[16,24,12,20,8,4,13,1,3,15,17,2,14,19],[4,12,20,16,13,1,15,3,24,8,17,14,7,2,19],[24,12,16,20,8,4,13,1,3,15,17,2,14,19],[8,20,4,12,16,1,13,15,3,24,19,17,2,14],[16,24,4,1,13,15,3,20,12,8,17,2,14,19],[12,24,8,16,4,1,13,3,20,15,17,2,14,19],[12,24,16,8,4,1,13,15,3,20,17,14,19],[12,24,8,4,16,13,1,3,20,15,17,14,2,19],[12,24,4,8,20,16,1,13,3,15,17,14,19],[16,8,24,20,4,1,13,15,3,12,17,14,19],[4,24,16,13,1,15,3,8,12,20,17,14,19],[16,8,20,12,4,1,13,3,24,15,17,14,19],[8,4,20,24,16,1,13,15,3,12,17,2,14,19],[16,12,24,4,1,13,3,8,20,15,17,14,2,19],[16,4,1,13,15,3,20,8,12,24,17,14,18,19],[20,12,16,24,8,4,13,1,15,3,17,2,14,19],[24,12,20,8,4,16,13,1,3,15,17,14,2,19],[12,24,4,20,16,13,1,3,8,15,17,14,2,19],[12,4,24,16,1,13,3,8,20,15,17,2,14,19],[24,16,12,8,4,13,1,15,3,20,17,2,14,19],[20,8,12,4,16,1,13,3,24,15,19,17,2,14],[24,20,16,4,13,1,15,3,8,12,17,14,2,19],[24,8,16,12,20,4,13,1,15,3,17,14,19],[12,8,16,24,4,1,13,3,20,15,19,17,2,14],[12,24,8,20,16,4,13,1,3,15,17,14,19],[4,20,24,8,12,16,13,1,15,3,17,2,14,19],[16,12,4,1,13,15,3,20,8,24,17,14,19],[8,12,24,20,16,4,1,13,15,3,17,14,2,19],[8,4,20,16,13,1,3,12,24,15,17,2,14,19],[12,4,8,24,20,16,13,1,3,15,17,14,2,19],[12,20,24,8,4,16,1,13,3,15,17,14,19],[12,24,20,4,8,16,13,1,3,15,17,2,14,19],[20,12,8,24,16,4,13,1,15,3,17,14,19],[12,4,20,16,1,13,3,24,8,15,19,17,14],[16,8,20,4,13,1,15,3,24,12,17,14,2,19],[12,16,8,4,1,13,3,20,24,15,17,2,14,19],[8,4,24,12,20,16,13,1,3,15,17,2,14,7,19],[4,20,12,16,1,13,3,8,24,15,17,19,2,14],[20,24,4,8,12,16,1,13,3,15,17,2,14,19],[24,16,4,1,13,15,3,20,12,8,17,2,14,19],[20,16,24,4,13,1,15,3,12,8,17,14,22,19],[24,16,4,1,13,15,3,12,8,20,17,14,19],[8,4,12,20,24,16,13,1,3,15,17,14,2,19],[8,16,20,24,4,1,13,15,3,12,17,7,2,14,19],[16,20,24,8,12,4,13,1,15,3,17,14,19],[12,8,4,20,16,1,13,15,3,24,17,2,14,19],[16,8,4,1,13,15,3,20,24,12,17,2,14,19],[8,20,4,24,16,1,13,3,12,15,17,14,19],[16,12,20,4,13,1,15,3,24,8,17,2,14,19],[4,20,24,8,16,1,13,3,12,15,17,14,19],[20,24,4,8,12,16,13,1,15,3,19,17,2,14],[16,12,8,20,24,4,13,1,3,15,17,14,19],[4,16,13,1,15,3,24,12,20,8,17,14,2,19],[20,8,16,24,12,4,13,1,15,3,17,14,19],[4,12,20,24,8,16,1,13,15,3,17,14,18,19],[12,24,8,16,20,4,1,13,3,15,17,14,19],[12,8,20,4,24,16,1,13,15,3,17,2,14,19],[8,4,12,24,16,1,13,3,20,15,17,14,21,19],[16,12,8,24,20,4,13,1,15,3,17,14,21,2,19],[12,20,8,16,4,1,13,3,24,15,17,2,14,19],[12,8,20,16,4,1,13,15,3,24,17,14,2,19],[12,8,4,16,1,13,15,3,20,24,17,14,19],[20,24,12,16,4,13,1,15,3,8,17,14,19],[12,20,24,4,8,16,1,13,3,15,17,14,19],[20,8,4,16,1,13,3,24,12,15,17,14,2,19],[20,12,8,16,4,1,13,15,3,24,17,2,14,19],[16,24,12,4,1,13,15,3,20,8,17,14,22,2,19],[24,12,16,8,20,4,1,13,3,15,17,2,14,19],[12,20,8,24,16,4,1,13,15,3,17,2,14,19],[16,24,4,13,1,3,12,8,20,15,17,2,14,19],[24,4,20,8,16,13,1,3,12,15,17,14,2,19],[8,12,24,20,16,4,13,1,15,3,17,14,19],[4,16,13,1,3,24,20,8,12,15,17,2,14,19],[12,24,20,16,4,13,1,15,3,8,17,2,14,19],[20,16,4,13,1,15,3,8,12,24,17,14,18,19],[4,20,12,16,13,1,3,24,8,15,17,2,14,19],[20,8,16,4,1,13,3,24,12,15,17,19,14],[12,16,4,1,13,3,8,20,24,15,17,2,14,19],[12,4,8,16,13,1,15,3,20,24,17,14,19],[12,4,24,8,16,1,13,15,3,20,17,14,19],[20,4,24,12,16,13,1,3,8,15,17,14,19],[4,8,24,16,13,1,15,3,12,20,17,14,2,19],[20,4,12,16,13,1,15,3,8,24,17,14,2,19],[16,4,13,1,3,12,20,24,8,15,17,14,19],[4,24,12,8,16,13,1,15,3,20,17,2,14,19],[8,24,12,4,20,16,1,13,3,15,17,2,14,19],[24,12,4,8,16,13,1,15,3,20,17,2,14,19],[4,16,13,1,3,12,20,24,8,15,17,14,19],[8,20,12,16,4,13,1,3,24,15,17,2,14,19],[20,24,12,16,8,4,13,1,15,3,17,2,14,19],[4,24,20,16,1,13,15,3,8,12,17,14,19],[20,24,8,4,12,16,13,1,15,3,17,19,14],[4,12,8,20,16,13,1,3,24,15,17,14,2,19],[4,12,8,24,16,1,13,15,3,20,17,2,14,19],[24,16,8,12,20,4,13,1,3,15,17,2,14,19],[16,8,12,24,4,1,13,3,20,15,17,14,18,19],[4,20,24,8,12,16,1,13,3,15,17,2,14,19],[24,16,4,1,13,15,3,20,8,12,17,14,18,19],[8,20,4,12,16,1,13,3,24,15,17,14,19],[16,12,24,20,4,1,13,3,8,15,17,2,14,19],[20,24,12,8,4,16,13,1,3,15,17,2,14,19],[24,16,4,1,13,15,3,12,8,20,17,19,2,14],[16,24,20,12,4,1,13,3,8,15,17,2,14,19],[4,24,20,12,16,1,13,3,8,15,17,2,14,19],[8,24,12,20,4,16,1,13,3,15,17,14,2,19],[24,20,8,4,12,16,1,13,15,3,17,2,14,19],[20,12,4,16,1,13,15,3,24,8,17,14,19],[12,4,24,16,13,1,15,3,20,8,17,2,14,19],[4,8,12,24,16,13,1,15,3,20,17,2,14,19],[4,24,12,8,20,16,13,1,15,3,17,14,7,2,19],[16,8,12,24,20,4,13,1,3,15,17,19,14],[8,16,24,20,12,4,1,13,3,15,17,14,19],[20,4,16,1,13,15,3,24,8,12,17,2,14,19],[24,20,8,12,4,16,13,1,3,15,17,14,19],[12,20,24,4,8,16,13,1,3,15,17,2,14,19],[20,4,16,1,13,15,3,24,12,8,17,19,2,14],[4,20,24,8,16,1,13,15,3,12,17,2,14,19],[24,16,4,1,13,3,8,12,20,15,17,14,19],[12,16,8,20,24,4,13,1,15,3,17,2,14,19],[16,4,13,1,15,3,12,20,8,24,17,14,19],[24,4,8,20,16,1,13,3,12,15,17,2,14,19],[4,16,1,13,3,12,24,8,20,15,17,14,2,19],[12,8,24,16,4,13,1,3,20,15,17,14,9,19],[16,4,1,13,3,24,20,8,12,15,17,14,2,19],[20,4,8,12,24,16,13,1,3,15,17,14,19],[8,4,20,16,13,1,15,3,24,12,17,14,19],[8,16,12,20,4,13,1,3,24,15,17,2,14,19],[8,16,20,24,4,13,1,15,3,12,17,14,19],[16,8,4,13,1,15,3,20,12,24,17,2,14,19],[12,4,16,1,13,15,3,8,24,20,17,2,14,19],[20,8,24,12,16,4,1,13,15,3,17,14,2,19],[8,20,12,24,4,16,1,13,15,3,17,14,19],[12,8,4,24,16,13,1,15,3,20,17,2,14,19],[20,16,8,4,13,1,3,24,12,15,17,2,14,19],[16,24,12,4,13,1,3,8,20,15,17,14,19],[8,24,20,4,16,13,1,3,12,15,17,14,2,19],[24,8,4,20,12,16,1,13,15,3,17,14,2,19],[20,8,24,16,12,4,1,13,3,15,17,2,14,19],[12,8,16,4,1,13,15,3,24,20,17,2,14,19],[16,12,20,4,1,13,15,3,8,24,17,19,2,14],[8,20,16,24,12,4,1,13,15,3,17,14,19],[20,24,16,4,1,13,3,8,12,15,17,14,19],[8,12,20,16,4,13,1,15,3,24,17,2,14,19],[24,8,12,4,16,13,1,3,20,15,17,19,14],[8,12,16,20,4,13,1,15,3,24,17,14,19],[16,20,8,4,13,1,3,12,24,15,17,14,2,19],[8,12,16,4,13,1,3,20,24,15,17,2,14,19],[20,4,16,1,13,3,12,24,8,15,19,17,14],[12,8,16,24,20,4,1,13,15,3,17,14,19],[20,12,4,24,16,13,1,3,8,15,17,14,19],[20,24,12,16,4,13,1,15,3,8,17,14,19],[20,8,24,12,4,16,1,13,15,3,17,2,14,19],[24,12,8,20,16,4,13,1,3,15,17,2,14,19],[16,8,24,4,1,13,3,12,20,15,17,2,14,19],[8,24,12,20,4,16,1,13,3,15,17,2,14,19],[8,12,16,4,13,1,3,24,20,15,17,14,7,19],[20,4,8,24,12,16,1,13,3,15,17,2,14,19],[12,24,4,8,20,16,13,1,3,15,17,14,23,19],[16,20,4,13,1,15,3,8,24,12,17,14,19],[4,12,16,1,13,15,3,8,24,20,17,2,14,19],[16,4,13,1,15,3,24,12,8,20,17,2,14,19],[4,24,16,13,1,15,3,20,12,8,17,2,14,19],[4,20,12,8,24,16,13,1,15,3,17,2,14,18,19],[24,20,8,4,12,16,1,13,15,3,17,14,19],[16,24,4,1,13,3,12,8,20,15,17,2,14,19],[4,16,1,13,15,3,24,8,12,20,17,2,14,19],[12,20,8,24,4,16,1,13,3,15,17,2,14,19],[12,16,20,4,13,1,3,8,24,15,17,14,19],[12,4,8,20,16,13,1,15,3,24,17,2,14,19],[12,8,16,4,1,13,15,3,20,24,17,19,14],[16,4,13,1,15,3,12,8,20,24,17,14,6,19,9,2],[20,16,12,4,13,1,15,3,8,24,17,2,14,19],[20,24,16,4,13,1,3,8,12,15,17,2,14,19],[16,4,1,13,3,20,12,24,8,15,17,14,19],[12,4,16,1,13,3,20,8,24,15,19,17,2,14],[12,20,16,4,13,1,3,24,8,15,17,14,19],[20,16,8,24,12,4,13,1,15,3,17,14,6,2,18,19],[24,12,20,8,4,16,13,1,15,3,17,14,19],[12,4,20,16,1,13,3,8,24,15,17,14,11,2,19],[12,24,16,4,13,1,3,20,8,15,17,14,23,19],[8,12,24,16,20,4,1,13,3,15,17,2,14,19],[24,16,8,4,13,1,15,3,20,12,17,2,14,19],[12,8,20,16,24,4,1,13,3,15,17,2,14,19],[8,24,4,12,20,16,1,13,15,3,17,14,19],[16,4,1,13,15,8,3,20,12,24,17,2,14,19],[4,24,16,13,1,3,8,20,12,15,17,14,19],[4,8,24,12,20,16,13,1,15,3,17,2,14,19],[20,24,8,16,12,4,13,1,15,3,17,2,14,19],[4,8,24,12,20,16,1,13,3,15,17,14,19],[8,12,24,20,16,4,13,1,3,15,17,2,14,19],[4,12,20,16,1,13,15,3,8,24,17,2,14,19],[20,16,24,12,4,13,1,15,3,8,17,14,19],[24,8,16,4,13,1,3,20,12,15,17,14,6,5,19],[20,8,4,16,13,1,3,24,12,15,17,2,14,19],[4,24,16,1,13,15,3,12,20,8,17,2,14,19],[8,4,24,16,13,1,15,3,20,12,17,14,7,19],[8,12,20,24,4,16,13,1,15,3,19,17,2,14],[20,8,24,12,16,4,13,1,15,3,17,2,14,19],[12,16,24,20,4,1,13,3,8,15,17,2,14,19],[4,8,24,16,13,1,3,20,12,15,17,14,18,19],[24,16,12,20,4,13,1,3,8,15,17,2,14,19],[20,24,16,4,13,1,3,8,12,15,17,19,2,14],[20,24,12,4,8,16,1,13,3,15,17,14,2,19],[8,4,12,16,13,1,15,3,20,24,17,2,14,19],[12,16,4,1,13,15,3,20,24,8,17,2,14,19],[24,8,12,16,20,4,13,1,15,3,17,14,19],[16,12,24,8,4,1,13,15,3,20,17,2,14,19],[12,4,24,20,16,1,13,15,3,8,17,14,19],[16,8,20,4,1,13,15,3,24,12,17,14,5,19],[20,4,24,12,16,13,1,15,3,8,17,14,2,19],[24,4,12,16,1,13,15,3,8,20,17,14,19],[8,16,4,1,13,3,20,24,12,15,17,14,19],[16,24,8,12,20,4,1,13,3,15,17,14,18,19],[12,4,20,8,24,16,1,13,15,3,17,14,19],[16,8,4,1,13,15,24,3,20,12,17,14,22,2,19],[20,16,12,24,8,4,13,1,3,15,17,14,19],[4,8,16,1,13,3,20,12,24,15,17,2,14,19],[16,20,8,24,12,4,1,13,15,3,17,19,2,14],[20,4,12,24,8,16,1,13,15,3,17,14,19],[24,12,4,16,13,1,15,3,8,20,17,14,19],[8,20,12,4,24,16,13,1,3,15,17,2,14,19],[20,16,24,12,4,13,1,15,3,8,17,19,14],[8,20,12,24,4,16,13,1,15,3,17,14,2,19],[20,8,12,4,24,16,1,13,15,3,17,14,2,19],[24,16,12,20,8,4,1,13,3,15,17,14,18,19],[20,24,8,4,16,13,1,3,12,15,19,17,14],[12,4,8,24,16,1,13,3,20,15,17,14,2,19],[4,16,1,13,15,3,24,12,8,20,17,2,14,19],[4,16,13,1,15,3,8,12,24,20,17,2,14,19],[8,20,16,24,4,13,1,3,12,15,17,2,14,19],[8,12,4,24,20,16,1,13,3,15,17,2,14,19],[16,24,20,8,4,1,13,15,3,12,17,2,14,19],[24,8,12,20,4,16,13,1,3,15,17,2,14,19],[4,16,13,1,3,8,12,20,24,15,17,14,2,19],[12,24,16,4,1,13,15,3,8,20,17,14,19],[4,20,8,24,12,16,13,1,3,15,17,2,14,19],[8,12,20,4,16,1,13,15,24,3,17,14,2,19],[12,4,8,16,1,13,15,3,20,24,17,2,14,19],[8,16,12,4,13,1,3,20,24,15,17,14,2,19],[4,24,12,20,16,13,1,15,3,8,17,14,19],[24,4,8,20,16,13,1,3,12,15,17,14,19],[24,12,20,16,8,4,1,13,3,15,17,14,19],[8,16,24,12,4,13,1,3,20,15,17,19,14],[8,16,24,4,1,13,3,20,12,15,17,2,14,19],[16,4,1,13,3,8,24,12,20,15,17,2,14,19],[8,24,4,12,16,13,1,15,3,20,17,2,14,19],[24,12,16,8,4,1,13,3,20,15,17,2,14,19],[12,16,20,8,24,4,13,1,3,15,17,14,2,19],[16,20,4,1,13,3,12,8,24,15,17,14,19],[24,12,8,16,20,4,13,1,15,3,17,14,19],[16,12,8,4,13,1,15,3,24,20,17,14,19],[16,8,20,24,4,1,13,15,3,12,17,2,14,19],[12,16,4,1,13,3,8,20,24,15,17,19,2,14],[4,8,16,13,1,15,3,12,20,24,19,17,14],[8,12,16,24,4,1,13,3,20,15,17,2,14,19],[24,20,8,12,4,16,1,13,15,3,17,14,2,19],[24,20,12,16,8,4,13,1,3,15,19,17,2,14],[24,16,12,8,20,4,13,1,3,15,17,2,14,19],[20,12,24,8,4,16,1,13,15,3,17,2,14,19],[8,4,24,20,12,16,1,13,15,3,17,2,14,19],[12,4,16,1,13,3,20,8,24,15,19,17,14],[8,24,16,20,4,1,13,15,3,12,17,14,19],[8,20,12,4,24,16,1,13,3,15,17,14,19],[20,4,16,1,13,15,3,24,12,8,17,2,14,19],[20,24,8,16,12,4,13,1,3,15,17,14,19],[8,24,4,16,1,13,15,3,20,12,17,2,14,19],[20,8,16,4,13,1,15,3,12,24,17,2,14,19],[4,12,8,20,24,16,13,1,15,3,17,2,14,19],[12,24,8,16,20,4,13,1,3,15,17,14,2,19],[20,24,4,12,16,1,13,3,8,15,17,2,14,19],[4,24,16,1,13,3,12,8,20,15,17,2,14,19],[4,24,12,8,16,13,1,15,3,20,17,2,14,19],[4,20,16,1,13,15,3,8,24,12,17,14,2,19],[4,8,12,16,1,13,15,3,20,24,17,2,14,19],[12,20,16,8,24,4,13,1,15,3,17,14,19],[16,20,4,1,13,15,3,24,12,8,17,2,14,19],[24,4,20,16,1,13,3,8,12,15,17,2,14,19],[12,24,16,20,8,4,13,1,3,15,17,2,14,19],[8,16,4,13,1,15,12,3,20,24,17,19,2,14],[4,20,16,13,1,15,3,8,24,12,17,14,19],[16,24,20,4,13,1,15,3,12,8,17,6,2,14,19,5],[20,12,16,24,4,1,13,15,3,8,19,17,14],[16,24,20,8,4,13,1,3,12,15,17,2,14,19],[12,8,16,24,4,13,1,15,3,20,17,14,2,19],[4,24,20,8,16,1,13,3,12,15,17,2,14,19],[24,16,20,12,4,1,13,3,8,15,17,14,7,19],[4,8,24,20,12,16,1,13,3,15,17,2,14,19],[4,8,20,12,16,1,13,3,24,15,17,2,14,19],[4,8,12,24,20,16,13,1,3,15,17,14,19],[24,4,16,13,1,15,3,8,20,12,17,14,2,19],[16,24,12,20,8,4,1,13,3,15,17,14,2,19],[20,8,4,12,16,13,1,15,3,24,17,2,14,19],[20,8,16,24,12,4,1,13,3,15,17,2,14,19],[16,4,1,13,3,24,12,8,20,15,17,14,19],[20,12,16,8,24,4,13,1,3,15,17,7,2,14,19],[12,20,24,8,16,4,1,13,15,3,17,19,14],[24,8,12,20,4,16,1,13,3,15,17,2,14,19],[24,16,12,20,4,1,13,15,3,8,17,14,19],[24,16,4,13,1,15,3,8,20,12,19,17,2,14],[12,20,4,16,13,1,3,24,8,15,17,14,19],[8,16,12,24,4,1,13,3,20,15,17,14,23,19],[12,8,16,4,13,1,15,3,24,20,19,17,2,14],[4,8,20,16,13,1,15,3,24,12,17,19,2,14],[8,4,16,13,1,15,3,20,24,12,17,2,14,19],[20,24,12,8,16,4,13,1,3,15,19,17,14],[4,8,12,20,24,16,13,1,3,15,17,14,19],[4,24,8,12,16,1,13,3,20,15,17,14,19],[16,8,20,24,4,1,13,15,3,12,17,2,14,19],[8,20,12,16,4,1,13,15,3,24,17,14,2,19],[20,24,8,4,16,1,13,15,3,12,17,2,14,19],[12,24,8,4,20,16,1,13,15,3,17,14,2,19],[24,16,20,4,13,1,3,8,12,15,17,19,14],[4,20,24,12,8,16,1,13,3,15,17,14,21,19],[8,4,16,13,1,3,24,20,12,15,17,14,2,19],[4,8,24,16,1,13,3,20,12,15,17,14,2,19],[12,20,8,4,24,16,1,13,3,15,17,14,19],[8,12,20,24,4,16,1,13,3,15,17,19,14],[24,12,8,16,20,4,13,1,3,15,19,17,14],[4,24,20,16,13,1,3,8,12,15,17,14,2,19],[24,16,12,20,8,4,1,13,3,15,17,2,14,19],[8,12,24,16,4,1,13,15,3,20,17,14,19],[4,20,16,1,13,3,24,8,12,15,17,14,19],[20,24,8,12,16,4,1,13,15,3,17,2,14,19],[16,8,12,24,4,1,13,3,20,15,17,14,6,5,19],[16,8,4,13,1,3,20,24,12,15,17,14,19],[4,16,1,13,15,3,12,8,20,24,17,14,2,19],[20,24,12,16,8,4,1,13,3,15,17,14,2,19],[16,8,24,20,4,13,1,15,3,12,17,2,14,19],[8,20,24,12,16,4,1,13,15,3,17,14,2,19],[4,20,16,1,13,15,3,8,12,24,17,14,19],[20,4,16,13,1,15,3,8,24,12,17,14,2,19],[12,20,8,4,16,1,13,15,3,24,17,2,14,19],[16,24,8,12,4,13,1,3,20,15,17,14,19],[24,4,16,13,1,3,20,12,8,15,17,14,19],[8,16,4,1,13,15,3,24,12,20,17,14,19],[16,24,12,8,20,4,1,13,3,15,17,14,19],[20,12,16,8,24,4,1,13,15,3,17,2,14,19],[16,24,4,1,13,3,8,20,12,15,17,2,14,19],[16,20,4,13,1,3,8,24,12,15,17,14,19],[24,8,16,12,4,13,1,3,20,15,17,2,14,19],[24,12,8,20,4,16,13,1,3,15,17,14,2,19],[24,8,4,12,16,13,1,15,3,20,17,14,2,19],[16,4,1,13,15,8,3,24,12,20,17,2,14,19],[20,16,12,24,8,4,1,13,15,3,17,14,2,19],[16,4,1,13,3,24,20,8,12,15,17,14,2,19],[4,12,16,1,13,3,24,8,20,15,17,19,2,14],[8,24,20,4,16,1,13,15,3,12,17,2,14,19],[20,24,8,16,4,1,13,3,12,15,17,2,14,19],[12,4,24,8,20,16,13,1,3,15,17,2,14,19],[24,16,8,4,1,13,3,20,12,15,17,2,14,19],[24,8,4,12,20,16,1,13,3,15,17,2,14,19],[8,12,4,24,16,1,13,3,20,15,17,14,2,19],[20,4,24,16,1,13,15,3,8,12,17,2,14,19],[12,24,8,16,4,1,13,15,3,20,17,14,19],[16,12,24,4,13,1,3,20,8,15,17,14,19],[12,4,24,8,20,16,1,13,3,15,17,14,19],[8,24,12,20,16,4,1,13,15,3,17,14,2,19],[24,20,12,4,16,1,13,3,8,15,17,2,14,19],[20,24,16,4,13,1,3,12,8,15,17,2,14,19],[20,24,8,12,16,4,1,13,3,15,17,14,2,19],[20,4,16,13,1,3,12,24,8,15,17,14,2,19],[24,12,20,4,8,16,1,13,3,15,17,14,19],[20,16,8,12,4,1,13,3,24,15,17,14,19],[8,16,12,24,4,1,13,15,3,20,17,19,2,14],[8,16,24,12,4,13,1,15,3,20,17,2,14,19],[20,8,12,24,16,4,1,13,15,3,17,5,14,19],[20,16,12,24,4,13,1,3,8,15,17,14,2,19],[24,4,16,13,1,15,3,12,20,8,17,14,19],[12,20,24,4,16,13,1,3,8,15,17,14,19],[12,16,20,4,13,1,15,3,24,8,17,2,14,19],[24,12,4,8,16,1,13,15,3,20,17,14,19],[16,12,24,20,8,4,13,1,15,3,19,17,2,14],[4,12,16,13,1,15,3,8,20,24,17,14,19],[16,24,4,13,1,3,12,8,20,15,17,2,14,19],[4,20,8,24,12,16,13,1,3,15,17,14,19],[20,12,8,4,24,16,1,13,15,3,17,14,19],[20,8,16,4,13,1,15,3,24,12,17,2,14,19],[4,12,8,16,1,13,15,3,20,24,17,14,19],[24,4,12,8,16,13,1,3,20,15,17,2,14,19],[12,4,16,13,1,15,3,20,8,24,19,17,14],[16,8,12,24,20,4,13,1,15,3,17,2,14,19],[12,8,4,20,16,1,13,3,24,15,17,14,19],[12,24,8,4,20,16,13,1,3,15,17,14,2,19],[8,16,24,12,4,13,1,3,20,15,17,14,18,19],[20,4,24,12,16,13,1,3,8,15,17,14,19],[12,8,16,20,24,4,1,13,15,3,17,2,14,19],[20,8,16,24,12,4,13,1,15,3,17,14,2,19],[8,12,20,16,24,4,13,1,15,3,17,14,2,19],[4,16,1,13,15,12,3,20,8,24,17,2,14,19],[12,4,16,1,13,3,20,8,24,15,17,14,2,19],[16,4,13,1,3,20,8,24,12,15,17,2,14,19],[16,24,4,1,13,15,3,12,8,20,17,2,14,19],[8,4,16,13,1,3,12,24,20,15,17,2,14,19],[24,16,20,12,4,13,1,3,8,15,17,14,19],[8,24,16,20,12,4,1,13,3,15,17,2,14,19],[20,16,4,1,13,3,12,8,24,15,17,2,14,19],[20,4,16,13,1,15,3,12,8,24,17,2,14,19],[8,12,24,20,16,4,13,1,3,15,17,14,18,19],[4,20,8,16,1,13,3,24,12,15,17,14,2,19],[20,12,16,4,13,1,15,3,8,24,17,2,14,19],[16,4,1,13,3,8,12,20,24,15,17,6,14,5,22,19],[8,16,4,13,1,15,3,12,24,20,17,14,19],[24,12,4,20,8,16,13,1,15,3,19,17,14],[12,16,4,13,1,3,8,24,20,15,17,14,19],[12,20,8,24,4,16,1,13,3,15,17,14,19],[16,12,4,13,1,3,8,24,20,15,17,2,14,19],[16,4,1,13,3,12,24,20,8,15,17,2,14,19],[16,8,24,4,1,13,3,12,20,15,17,14,18,19],[12,8,4,20,16,13,1,3,24,15,17,2,14,19],[20,12,4,8,16,13,1,3,24,15,17,14,2,19],[4,24,20,8,16,1,13,3,12,15,17,2,14,19],[4,12,16,1,13,3,20,8,24,15,17,14,19],[16,20,24,12,4,1,13,15,3,8,17,2,14,19],[24,4,8,16,1,13,15,3,20,12,19,17,2,14],[12,16,8,4,1,13,15,3,24,20,17,2,14,19],[4,20,12,16,1,13,3,8,24,15,17,14,19],[12,4,20,8,24,16,1,13,15,3,17,2,14,19],[20,8,4,12,24,16,1,13,3,15,17,2,14,19],[12,16,20,4,1,13,3,24,8,15,17,14,19],[24,20,12,8,16,4,1,13,3,15,17,2,14,19],[12,24,4,16,1,13,15,3,8,20,17,14,2,19],[12,20,8,16,4,1,13,3,24,15,17,14,11,19],[8,20,4,16,13,1,3,24,12,15,17,2,14,19],[4,24,8,12,16,13,1,3,20,15,17,14,19],[8,24,16,12,20,4,1,13,15,3,17,2,14,19],[16,12,4,13,1,3,8,20,24,15,17,2,14,19],[16,4,1,13,15,12,24,3,20,8,17,2,14,19],[4,20,12,24,8,16,13,1,15,3,17,2,14,19],[12,20,16,8,4,13,1,3,24,15,17,14,2,19],[8,12,24,20,4,16,1,13,15,3,17,2,14,19],[4,24,16,13,1,15,3,12,8,20,17,14,6,5,19],[24,8,12,16,4,1,13,15,3,20,17,2,14,19],[8,20,12,16,24,4,1,13,15,3,17,14,19],[12,4,24,8,20,16,13,1,3,15,17,14,18,19],[20,16,24,4,1,13,15,3,12,8,17,2,14,19],[20,4,24,8,16,13,1,15,3,12,17,19,2,14],[24,12,16,20,8,4,1,13,3,15,17,14,19],[8,16,20,4,1,13,3,24,12,15,17,2,14,19],[12,16,8,24,4,13,1,3,20,15,19,17,2,14],[16,20,24,12,4,1,13,3,8,15,17,14,19],[4,20,8,16,13,1,3,12,24,15,17,14,19],[20,16,4,1,13,3,8,12,24,15,17,2,14,19],[4,16,1,13,3,20,8,12,24,15,17,14,19],[8,4,24,16,1,13,3,20,12,15,17,2,14,19],[8,12,20,24,16,4,1,13,3,15,17,2,14,19],[16,8,24,20,12,4,13,1,15,3,17,14,9,19],[8,16,4,13,1,15,3,20,12,24,17,2,14,19],[20,24,8,16,4,1,13,15,3,12,17,14,19],[16,4,13,1,3,8,20,12,24,15,17,2,14,19],[8,16,12,20,4,13,1,15,3,24,17,2,14,19],[24,8,16,20,4,13,1,15,3,12,17,14,2,19],[4,16,1,13,3,8,24,12,20,15,17,14,2,19],[16,24,20,8,12,4,1,13,3,15,17,2,14,19],[8,20,4,24,12,16,1,13,15,3,17,14,19],[8,24,16,12,4,13,1,3,20,15,17,2,14,19],[4,12,16,1,13,15,3,8,20,24,17,14,19],[24,12,4,8,16,1,13,3,20,15,17,14,19],[16,12,20,24,8,4,13,1,3,15,17,14,19],[4,8,16,1,13,3,12,20,24,15,17,14,2,19],[20,24,4,12,8,16,13,1,15,3,17,2,14,19],[16,8,4,13,1,3,20,12,24,15,19,17,2,14],[24,8,20,12,16,4,1,13,15,3,17,2,14,19],[4,20,8,16,1,13,3,24,12,15,17,2,14,19],[20,24,16,12,8,4,1,13,15,3,17,14,19],[4,20,16,13,1,3,24,12,8,15,17,2,14,19],[20,4,16,1,13,3,12,8,24,15,17,14,19],[24,12,8,4,16,1,13,15,3,20,17,2,14,19],[8,24,16,20,4,1,13,3,12,15,17,2,14,19],[16,12,8,20,4,13,1,3,24,15,17,2,14,19],[24,4,8,12,20,16,13,1,3,15,17,2,14,19],[20,8,16,4,1,13,15,3,24,12,17,2,14,19],[20,16,8,4,1,13,15,3,12,24,17,19,14],[20,12,24,8,16,4,13,1,3,15,17,2,14,19],[4,12,16,1,13,15,20,3,24,8,17,14,19],[4,24,16,13,3,20,12,8,1,15,17,2,14,19],[24,12,20,16,4,1,13,15,3,8,17,2,14,19],[24,16,4,13,1,3,12,20,8,15,17,14,2,19],[16,8,20,12,4,1,13,15,3,24,17,14,19],[16,4,1,13,3,12,24,20,8,15,17,2,14,19],[4,8,24,12,16,13,1,15,3,20,17,2,14,19],[24,12,20,16,8,4,13,1,3,15,17,2,14,19],[12,24,4,16,1,13,3,20,8,15,17,14,19],[8,4,24,12,20,16,1,13,3,15,19,17,2,14],[16,12,4,13,1,15,3,8,20,24,17,14,19],[20,24,16,12,4,13,1,3,8,15,17,14,2,19],[24,4,20,12,8,16,13,1,15,3,17,14,19],[20,8,4,12,16,1,13,3,24,15,17,2,14,19],[20,12,16,4,13,1,15,3,8,24,17,14,2,19],[20,16,4,1,13,15,3,8,24,12,17,2,14,19],[8,16,20,24,12,4,1,13,15,3,17,14,2,19],[8,20,24,4,16,1,13,15,3,12,17,14,18,19],[12,4,8,16,13,1,15,3,20,24,17,2,14,19],[8,20,4,16,13,1,15,3,12,24,17,14,18,19],[12,16,24,20,8,4,13,1,3,15,17,2,14,19],[8,16,4,1,13,15,3,20,12,24,17,19,14],[24,4,20,8,12,16,13,1,3,15,19,17,14],[16,20,4,13,1,15,8,3,24,12,19,17,14],[24,8,12,16,4,1,13,3,20,15,17,14,19],[20,12,8,4,24,16,1,13,15,3,17,14,2,19],[8,24,4,16,1,13,3,20,12,15,17,19,2,14]],"n_human":12}