{"problem_id":"2O9UAcifjV8B4g6","sigma":150,"alpha":3.162,"cost":0,"probabilities":"[0.2, 0.3, 0.19, 0.31]","payoff_matrix":"[[4, 60, -46, 52, 49, -53], [-154, 147, -23, 121, -113, 4], [-88, -79, -98, -87, 199, -197], [62, 48, -61, -288, -67, -15]]","uncovered":[[24,4,16,8,6,2,20,12,22,10,18,23,5,9,1,14,13,19,15,3,21,17,7,11],[24,4,16,12,8,2,20,6,22,10,18,21,7,11,1,5,13,15,23,19,3,17,9],[24,16,12,4,20,8,2,6,22,10,18,7,21,9,1,5,15,23,17,19,3,13,11,14],[16,12,24,8,4,6,2,20,22,10,18,5,21,3,9,13,14,17,15,23,1,7,11],[12,8,16,24,4,2,20,22,6,10,18,23,5,9,3,13,17,15,21,1,11,19,7],[12,20,24,4,8,2,16,6,22,10,18,7,21,9,3,5,13,23,19,14,17],[8,20,24,12,4,6,2,16,22,10,18,5,21,9,15,1,7,23,17,3,14,13,19],[12,4,16,20,8,6,2,24,22,10,18,5,21,1,11,15,9,17,3,7,23,13,19,14],[8,24,20,16,4,6,2,12,22,10,18,21,5,13,1,9,7,14,23,19,17,3,15,11],[8,20,4,6,2,24,12,16,22,10,18,21,7,9,3,5,13,23,15,17,19,11],[4,24,16,20,12,8,6,2,22,10,18,5,23,1,11,13,19,15,9,3,17,14,21,7],[8,24,20,4,6,2,12,16,22,10,18,7,21,9,1,5,13,14,17,23,3],[24,8,12,4,6,2,20,16,22,10,18,7,21,11,1,5,15,23,17,14,9,19,13],[4,16,12,20,24,8,6,2,22,10,18,5,21,9,14,3,23,7,13,17,1,11,19],[24,16,20,12,4,8,6,2,22,10,18,5,21,9,1,14,23,3,7,17,13,11,15],[8,4,2,16,12,20,24,22,6,10,18,23,9,3,14,5,21,15,7,19,17],[12,16,24,20,4,8,2,22,6,10,18,21,5,11,1,9,15,7,23,14,13,19,17,3],[8,20,4,2,12,16,24,6,22,10,18,7,21,11,3,5,15,23,1,19,17,13,14],[4,24,8,6,2,20,12,16,22,10,18,7,21,11,1,5,15,23,19,17,13,3,9,14],[20,4,8,6,2,12,24,16,22,10,18,7,21,11,3,5,14,9,23,17,13],[20,4,16,8,2,12,24,22,6,10,18,5,23,13,11,3,15,21,1,17,19,7,14],[24,12,20,4,16,8,6,2,22,10,18,21,5,9,1,14,13,19,7,23,17,11,15],[8,4,6,2,24,12,20,16,22,10,18,7,21,9,1,13,5,15,23,19,17,3,11],[12,4,24,16,20,8,6,2,22,10,18,21,7,3,9,5,15,23,13,19,17,11,14,1],[12,20,8,4,6,2,24,16,22,10,18,7,21,9,1,5,14,17,23,15,11,19,3],[20,24,12,16,8,4,2,6,22,10,18,21,7,9,1,5,14,23,3,19,13,17],[8,20,12,4,6,2,24,16,22,10,18,7,21,9,1,5,14,19,17,11,23,13,15,3],[16,4,12,24,20,8,6,2,22,10,18,5,21,1,9,13,17,15,3,11,7,23,14],[20,24,12,16,8,4,2,6,22,10,18,7,23,9,1,14,11,15,17,3,21,5],[24,16,4,20,12,8,2,22,6,10,18,5,23,1,11,15,9,7,19,17,3,14,13,21],[12,4,24,16,8,6,2,20,22,10,18,21,7,11,1,5,15,17,23,9,13,3],[16,12,20,24,8,4,6,2,22,10,18,23,9,3,5,13,7,15,17,1,11,21,19],[4,8,6,2,12,20,16,24,22,10,18,7,21,11,3,5,14,23,9,15,17,19,13],[4,20,8,2,12,16,24,22,6,10,18,5,23,1,11,14,17,15,21,13,9,3,19],[20,16,24,4,12,8,2,6,22,10,18,5,23,1,11,14,7,15,13,3,17,21,19,9],[12,20,16,4,24,8,6,2,22,10,18,23,7,3,11,14,19,17,5,13,21],[4,8,6,2,16,12,20,24,22,10,18,5,21,3,11,15,17,7,23,19,14,13],[24,12,8,4,2,16,20,6,22,10,18,7,21,9,1,5,14,19,17,13,23],[20,24,4,16,8,2,12,22,6,10,18,21,7,3,9,5,13,15,17,23,1,19,11,14],[16,12,24,20,8,4,2,22,6,10,18,23,11,1,5,15,7,19,17,3,13,21,9,14],[24,12,8,20,4,2,16,6,22,10,18,23,5,9,3,14,1,11,13,17,21,19,7,15],[24,12,20,8,4,2,16,6,22,10,18,5,21,3,11,15,14,19,17,13,9,7,23],[24,20,8,12,16,4,6,2,22,10,18,21,7,1,11,5,15,19,17,23,3,13,14],[4,16,8,6,2,20,12,24,22,10,18,21,5,9,1,13,15,17,7,23,14,3,19,11],[4,20,16,24,12,8,2,6,22,10,18,7,21,9,3,5,13,14,19,17,23,11,1,15],[4,24,20,16,8,6,2,12,22,10,18,21,7,9,1,15,5,23,17,11,3,13,14,19],[16,4,20,12,24,8,2,22,6,10,18,21,7,11,3,5,15,17,9,23,14,13,19,1],[16,4,24,8,2,12,20,6,22,10,18,21,5,9,1,13,14,19,23,17,11,3,7,15],[16,4,8,2,24,12,20,6,22,10,18,7,21,9,3,5,13,14,17,23,11,1,15,19],[4,24,16,8,2,20,12,6,22,10,18,5,21,11,3,1,15,17,14,13,7,23,19,9],[16,20,8,4,2,12,24,22,6,10,18,21,5,9,1,3,13,7,23,14,19,17,11,15],[24,4,16,8,2,20,12,22,6,10,18,21,5,9,1,14,15,23,19,11,3,13,17,7],[4,24,20,12,16,8,6,2,22,10,18,7,21,9,3,5,14,17,23,13,19,15,11,1],[8,20,24,4,6,2,12,16,22,10,18,5,23,11,1,15,14,19,7,17,13,21,3,9],[24,16,12,20,8,4,6,2,22,10,18,5,21,11,3,13,17,15,19,7,23,14,9,1],[20,8,4,6,2,12,24,16,22,10,18,21,7,11,3,5,14,23,13,17,9],[16,4,8,2,20,24,12,6,22,10,18,21,5,1,14,9,23,7,3,13,17,15,11,19],[16,24,8,12,4,6,2,20,22,10,18,21,5,1,15,9,17,7,23,13,19,14,3],[20,12,8,16,24,4,2,6,22,10,18,23,7,9,3,15,17,5,13,14,11,19,21,1],[24,12,8,20,4,6,2,16,22,10,18,21,7,9,3,5,14,17,23,19,13,11,1,15],[12,20,16,24,4,8,6,2,22,10,18,21,7,11,1,15,5,23,13,19,14,17,9,3],[20,4,12,8,6,2,16,24,22,10,18,21,7,11,3,5,15,23,13,19,17,14,1,9],[12,16,8,24,20,4,6,2,22,10,18,7,21,11,1,5,13,15,23,14,19,17,3],[4,12,8,2,16,20,24,6,22,10,18,7,21,11,3,5,15,23,19,17,14,1,9],[8,12,16,4,6,2,24,20,22,10,18,5,21,1,11,17,13,15,23,14,7,3,9],[16,4,20,8,2,24,12,6,22,10,18,5,23,1,11,15,9,3,14,13,7,19,17,21],[4,20,24,8,6,2,16,12,22,10,18,21,5,3,9,13,14,1,11,17,15,23,7],[16,24,20,12,4,8,2,6,22,10,18,5,21,9,1,15,17,3,13,7,23,14,11,19],[16,4,8,2,24,12,20,6,22,10,18,23,5,1,14,11,7,13,17,21,3,15,9],[8,20,12,24,4,2,16,6,22,10,18,21,7,11,1,5,14,23,17,15,3,19,9],[16,8,24,20,4,2,12,22,6,10,18,21,5,1,9,14,23,17,13,11,19,7],[8,16,20,12,4,6,2,24,22,10,18,7,21,9,3,5,15,23,1,13,19,17,11,14],[4,24,12,8,2,20,16,6,22,10,18,5,21,11,14,3,19,13,23,9,1,7,17,15],[4,24,12,20,8,6,2,16,22,10,18,5,21,1,9,14,13,17,3,23,7,15],[12,20,24,16,8,4,2,22,6,10,18,21,7,11,3,5,13,14,23,17,9,15,1],[20,8,12,24,4,6,2,16,22,10,18,7,21,9,1,5,23,13,14,3,19,17,15],[4,8,2,16,24,20,12,22,6,10,18,7,23,9,1,14,15,5,11,17,3,21,19],[24,20,8,12,16,4,6,2,22,10,18,21,7,9,1,5,15,19,17,23,3,14],[20,4,16,24,12,8,6,2,22,10,18,5,23,1,15,9,14,7,17,11,19,3,13,21],[12,4,20,8,2,16,24,22,6,10,18,21,7,9,1,5,13,14,17,23,15,3,11,19],[4,8,6,2,16,20,24,12,22,10,18,5,23,11,3,14,7,13,1,17,21,9,19,15],[4,8,2,20,12,16,24,6,22,10,18,7,21,11,3,5,15,23,17,1,13,19,14],[12,16,20,24,4,8,6,2,22,10,18,23,9,7,3,14,17,15,5,19,21,1],[16,12,4,8,2,20,24,6,22,10,18,21,5,3,11,13,1,15,14,23,7,19,17,9],[4,24,20,8,2,16,12,22,6,10,18,7,21,9,3,5,14,13,23,17,1,11,19],[24,12,16,4,8,6,2,20,22,10,18,21,5,3,9,14,23,17,13,1,19,7,15,11],[20,8,12,16,4,6,2,24,22,10,18,5,23,9,1,19,14,13,15,3,7,17],[16,24,8,4,2,12,20,22,6,10,18,21,7,11,1,5,13,15,17,23,9,3],[8,4,6,2,16,24,20,12,22,10,18,5,23,1,9,15,7,14,19,17,3,11,13,21],[4,20,16,24,12,8,6,2,22,10,18,23,9,7,1,14,17,13,5,19,21,15],[12,4,8,6,2,24,16,20,22,10,18,23,11,3,15,7,19,17,5,13,14,21],[12,4,8,2,16,20,24,6,22,10,18,7,21,11,1,5,13,23,14,17,9],[12,4,24,8,2,16,20,22,6,10,18,7,23,9,3,15,19,17,5,11,14,21,1,13],[16,24,12,8,20,4,6,2,22,10,18,21,7,9,3,5,13,15,19,23,17],[16,4,24,12,8,2,20,6,22,10,18,21,5,1,9,13,15,19,23,7,17,14,3],[8,24,4,2,12,16,20,22,6,10,18,7,21,9,1,5,14,15,17,23,3,13,19,11],[4,24,12,20,16,8,6,2,22,10,18,5,21,9,1,13,3,14,19,23,17,15,7,11],[24,16,12,8,4,6,2,20,22,10,18,5,21,3,11,13,14,17,7,23,9,19,15],[24,16,12,4,20,8,2,22,6,10,18,5,23,11,1,14,15,13,17,21,19,7,3],[20,12,24,16,8,4,6,2,22,10,18,7,21,11,1,5,14,23,15,17,3,19,13,9],[12,4,24,16,20,8,2,22,6,10,18,5,21,1,9,15,23,7,17,3,19,13],[8,16,24,12,20,4,2,22,6,10,18,7,23,9,3,14,19,5,17,15,13,21,1,11],[12,20,8,16,24,4,2,6,22,10,18,5,23,9,1,13,15,3,14,17,7,11,19],[12,4,8,2,20,24,16,22,6,10,18,23,5,9,1,15,7,17,3],[4,12,24,16,20,8,6,2,22,10,18,21,7,9,3,5,13,15,23,17,14,11,19,1],[16,8,24,20,4,6,2,12,22,10,18,21,7,9,3,5,13,14,23,19,17,1],[20,24,8,4,6,2,16,12,22,10,18,21,7,9,1,5,14,17,23,15,13,11,3],[20,4,16,12,24,8,6,2,22,10,18,21,7,9,1,5,13,14,23,17],[12,4,20,16,8,2,24,6,22,10,18,7,21,9,3,13,5,14,1,19,23,17,11],[24,12,16,8,4,6,2,20,22,10,18,7,21,11,3,5,15,23,17,9,19,13,14,1],[16,12,24,8,4,2,20,6,22,10,18,21,7,9,3,5,13,15,19,17,23,11],[20,16,8,4,2,12,24,22,6,10,18,5,21,11,14,3,13,7,23,9,17],[24,20,12,4,8,2,16,6,22,10,18,5,21,9,3,17,14,15,23,1,7,13,11],[4,20,8,6,2,12,24,16,22,10,18,5,23,1,11,3,15,7,14,19,17,21,9,13],[8,24,4,6,2,16,12,20,22,10,18,21,5,9,13,3,15,17,7,23],[24,16,8,12,4,6,2,20,22,10,18,7,21,9,3,5,14,17,15,23,19,1,13,11],[16,20,8,12,4,2,24,22,6,10,18,21,5,9,3,14,17,23,13,1,19,7,11,15],[4,24,20,8,2,16,12,6,22,10,18,23,5,3,9,14,7,11,15,17,13,21],[12,20,24,8,16,4,2,6,22,10,18,5,23,3,9,14,21,11,13,7,17,1,15,19],[16,4,8,2,20,12,24,6,22,10,18,5,23,1,15,11,3,17,9,14,7,13,21],[4,16,20,24,8,2,12,6,22,10,18,7,21,11,1,5,13,15,19,23,17,3,9,14],[20,16,12,24,4,8,2,22,6,10,18,5,21,11,1,13,15,19,7,17,23,3,9,14],[4,20,12,24,8,2,16,6,22,10,18,5,21,11,3,15,23,1,17,13,19,7],[20,12,16,4,24,8,2,22,6,10,18,7,21,9,1,5,15,11,23,17,3,13,14,19],[8,4,6,2,20,24,16,12,22,10,18,5,21,13,11,3,14,9,17,1,7,23],[24,12,20,8,16,4,2,22,6,10,18,5,23,3,13,9,14,19,21,17,11,1,7,15],[12,16,8,4,2,24,20,6,22,10,18,7,21,9,3,5,13,15,23,19,17,14,11],[4,24,8,2,20,16,12,6,22,10,18,7,21,9,3,5,15,23,19,17,14,13,1],[16,20,8,4,2,24,12,6,22,10,18,5,23,11,1,14,9,3,19,15,7,17],[4,24,12,20,16,8,6,2,22,10,18,7,21,9,1,5,13,15,23,3,19,17],[8,20,12,16,24,4,6,2,22,10,18,21,7,9,1,5,14,19,17,23,15,3,13,11],[16,8,24,12,20,4,6,2,22,10,18,7,23,9,1,14,5,13,17,19,21,11,15,3],[8,24,16,12,20,4,2,6,22,10,18,7,21,9,3,5,15,23,19,17,11,14],[16,8,4,2,20,12,24,6,22,10,18,5,21,1,11,14,13,23,9,15,17,19,7,3],[12,24,8,20,16,4,6,2,22,10,18,23,11,1,7,15,17,5,13,19,14,3],[8,16,4,6,2,12,20,24,22,10,18,5,21,1,9,13,14,23,11,19,15,7,17,3],[20,4,16,12,24,8,6,2,22,10,18,21,7,3,9,5,14,15,23,19,17,1,11,13],[8,16,24,20,12,4,6,2,22,10,18,5,23,9,15,1,13,17,11,14,19,7,21],[4,20,24,12,8,6,2,16,22,10,18,23,5,11,3,14,9,17,7,15,21,19,1,13],[16,8,12,20,4,6,2,24,22,10,18,23,7,11,1,14,17,5,13,15],[16,20,12,4,24,8,2,6,22,10,18,23,11,5,13,3,21,17,7,14,15,19,1,9],[8,16,20,24,4,6,2,12,22,10,18,5,23,11,1,13,14,15,17,21,7,9,3],[4,12,8,6,2,16,24,20,22,10,18,23,9,1,5,13,14,17,15,3,21,7,19],[4,12,24,8,6,2,20,16,22,10,18,21,5,1,15,11,14,7,23,19,17,3,13],[8,24,12,4,2,16,20,22,6,10,18,5,21,11,1,14,23,3,19,15,7,17,13,9],[24,16,4,12,20,8,2,22,6,10,18,21,5,1,9,15,19,13,11,3,7,17,23,14],[16,24,4,20,8,6,2,12,22,10,18,21,5,9,14,3,19,23,15,13,17,7,1],[24,8,20,4,2,16,12,6,22,10,18,5,21,11,1,13,9,14,7,19,23,17,3,15],[8,12,24,16,20,4,2,6,22,10,18,7,21,11,3,14,5,15,19,17,23,1,9,13],[8,16,4,6,2,10,20,24,22,12,18,21,5,11,1,15,9,14,19,7,17,23,13,3],[12,4,24,20,16,8,6,2,22,10,18,5,23,9,1,15,17,11,7,21,13,14,3,19],[16,8,4,6,2,20,12,24,22,10,18,21,5,3,9,15,23,13,19,17,7,14,1],[20,12,8,16,24,4,6,2,22,10,18,5,21,1,11,15,19,23,14,3,17,7,13],[12,20,8,4,6,2,24,16,22,10,18,21,5,3,15,9,11,23,17,14,1,19,7,13],[8,16,4,6,2,24,20,12,22,10,18,5,23,11,1,15,17,9,19,7,3,14,13],[20,12,4,16,8,6,2,24,22,10,18,5,23,9,3,7,14,13,17,11,19,1,21,15],[8,20,12,24,4,2,16,22,6,10,18,21,7,9,1,5,13,15,23,17,3],[8,12,4,2,24,16,20,22,6,10,18,23,9,5,13,1,15,19,3,11,14,17,7,21],[8,12,4,6,2,24,20,16,22,10,18,23,7,9,1,13,14,5,19,17,3,11],[20,4,8,2,16,12,24,6,22,10,18,23,9,3,5,15,11,7,13,17,21,1],[4,8,6,2,24,16,20,12,22,10,18,5,21,11,3,14,15,13,17,7,23,1,19],[8,12,24,20,4,6,2,16,22,10,18,5,21,9,1,14,7,11,17,23,15,3,19],[12,4,16,24,20,8,2,6,22,10,18,5,21,9,3,14,13,17,7,23,1,11,19,15],[8,16,24,12,20,4,6,2,22,10,18,21,5,11,1,13,14,17,3,7,23,9,19],[16,24,8,20,12,4,6,2,22,10,18,5,21,11,3,14,13,23,17,19,7],[4,16,8,6,2,12,20,24,22,10,18,7,21,11,3,5,15,23,19,17,14,13],[4,12,24,8,2,20,16,22,6,10,18,7,21,3,9,5,14,23,17,13,15,1,11,19],[4,8,6,2,24,12,16,20,22,10,18,21,5,3,9,15,14,1,19,13,23,17,7,11],[24,12,4,16,20,8,6,2,22,10,18,21,7,11,3,14,5,13,17,23,1,19],[24,12,20,8,16,4,2,22,6,10,18,21,7,11,1,5,13,23,15,17,3,19,9],[12,8,16,4,6,2,24,20,22,10,18,21,7,9,3,5,14,13,23,19,17,11],[8,16,20,12,24,4,2,6,22,10,18,21,5,14,9,3,19,17,13,7,23,11],[20,12,24,4,16,8,2,6,22,10,18,5,21,3,9,13,15,11,17,7,23,1,14,19],[12,20,8,24,4,6,2,16,22,10,18,5,21,11,3,14,15,9,1,19,17,7,23],[8,4,6,2,20,12,16,24,22,10,18,5,21,3,9,15,13,7,23,14,19,17,11],[20,4,8,2,24,12,16,6,22,10,18,5,23,3,9,7,13,14,19,17,11,15,1,21],[16,4,20,12,8,2,24,22,6,10,18,23,11,5,3,15,17,13,1,21,7,14,9,19],[4,16,8,2,24,20,12,6,22,10,18,23,11,5,3,13,14,9,1,21,17,19,15,7],[16,20,24,12,4,8,6,2,22,10,18,5,21,9,3,13,15,23,1,14,19,11,17,7],[16,24,20,4,8,2,12,22,6,10,18,5,21,1,9,13,11,23,14,3,15,19,17,7],[12,16,4,8,2,20,24,6,22,10,18,5,23,1,9,13,15,3,21,17,11,14,19,7],[12,16,8,24,4,6,2,20,22,10,18,21,7,9,3,5,13,15,23,19,17,11],[16,4,12,8,6,2,20,24,22,10,18,5,23,3,9,14,1,15,7,17],[16,4,24,8,2,20,12,6,22,10,18,21,7,9,1,5,14,23,13,19,11,17,3],[16,24,12,20,4,8,2,6,22,10,18,5,21,1,11,15,19,7,17,23,3,13],[20,8,16,12,24,4,6,2,22,10,18,5,21,11,1,13,19,7,17,23,15,3],[4,24,8,2,20,12,16,22,6,10,18,5,21,14,1,11,13,3,23,15,9,7,17,19],[20,12,16,24,4,8,6,2,22,10,18,23,7,11,1,14,15,5,19,17,3,13,21,9],[4,12,20,8,2,24,16,22,6,10,18,5,23,9,3,13,7,14,17,1,21,11,15,19],[12,8,4,6,2,16,24,20,22,10,18,5,21,9,3,13,17,23,14,15,1,7],[4,8,6,2,12,24,20,16,22,10,18,5,23,11,14,1,21,7,13,3,19,17,9],[24,16,8,4,6,2,12,20,22,10,18,21,5,1,15,9,14,11,23,19,7,17,3,13],[24,20,16,12,8,4,2,6,22,10,18,5,21,11,3,13,14,23,7,19,17,9,15],[16,8,4,2,20,12,24,22,6,10,18,21,5,9,3,11,15,7,23,17,13,14,19,1],[8,20,4,6,2,16,24,12,22,10,18,5,21,11,3,14,1,23,15,13,9,7,19,17],[4,20,8,6,2,16,12,24,22,10,18,5,21,11,1,15,19,23,17,13,7,3,9,14],[24,16,4,20,8,6,2,12,22,10,18,5,21,9,1,15,14,19,13,3,23,11,7,17],[24,8,16,4,6,2,20,12,22,10,18,5,21,11,1,13,9,15,7,23,14,19,17,3],[16,12,24,4,20,8,6,2,22,10,18,5,23,1,11,15,21,19,9,14,17,13,3,7],[20,12,4,8,6,2,16,24,22,10,18,21,5,3,9,15,7,17,23,14,19,11],[20,4,24,16,8,6,2,12,22,10,18,23,1,5,9,14,11,13,21,17,7,3,15],[12,8,16,24,20,4,6,2,22,10,18,21,5,3,9,13,7,1,15,23,17,14,19],[12,16,4,20,8,2,24,22,6,10,18,21,5,11,3,14,19,17,15,23,7,1,9,13],[12,4,8,2,20,24,16,22,6,10,18,7,21,11,3,5,14,23,13,19,9,17,15,1],[4,16,8,6,2,12,20,24,22,10,18,21,7,9,1,5,13,14,23,3,17],[12,16,20,24,4,8,6,2,22,10,18,21,7,11,3,5,14,19,15,17,23,9,13,1],[12,4,8,2,20,16,24,22,6,10,18,5,23,9,3,14,13,1,19,11,15,17,21,7],[20,8,16,4,2,24,12,6,22,10,18,23,7,9,1,14,5,15,17,21,3,19,11],[16,20,12,8,4,2,24,6,22,10,18,5,23,9,1,14,15,21,19,13,17,7,3,11],[4,8,2,24,12,16,20,22,6,10,18,5,21,9,1,13,14,7,23,17,11,3],[24,8,20,12,4,6,2,16,22,10,18,21,5,11,1,14,13,9,23,19,7,17,3],[4,16,12,20,8,2,24,22,6,10,18,21,5,11,1,15,13,23,7,3,17,14,9],[12,14,24,8,16,4,6,2,20,22,10,18,21,7,11,3,5,23,15,17,9,1,13,19],[24,8,4,6,2,16,20,12,22,10,18,21,5,3,11,1,13,17,23,14,19,7],[16,12,20,4,24,8,2,6,22,10,18,21,5,3,11,15,23,17,1,7,14,19,9],[16,24,8,12,20,4,6,2,22,10,18,5,23,11,1,15,19,17,3,13,7,21,9,14],[24,20,12,4,16,8,6,2,22,10,18,5,23,11,3,13,14,1,21,17,19,15,7],[4,20,12,24,8,6,2,16,22,10,18,7,23,11,1,15,13,19,17,5,9,21,3],[8,12,24,16,20,4,2,22,6,10,18,7,21,9,1,5,14,23,15,11,19,17,3],[20,12,4,24,16,8,6,2,22,10,18,5,21,1,11,15,7,13,19,23,17,3],[12,24,8,20,4,6,2,16,22,10,18,5,21,9,14,3,11,13,7,23,19,17,15],[24,4,12,16,8,6,2,20,22,10,18,7,21,11,1,5,14,13,19,23,17,3,9],[4,16,8,6,2,18,24,12,22,10,20,23,5,11,3,13,19,1,7,17,15],[12,8,20,24,4,2,16,22,6,10,18,5,21,11,1,13,15,19,17,3,23,14,7,9],[12,16,20,24,8,4,2,6,22,10,18,21,5,15,9,3,19,14,7,23,17,1,11,13],[4,12,16,24,8,6,2,20,22,10,18,5,21,9,3,15,14,23,7,17,13],[24,16,20,12,8,4,2,22,6,10,18,5,21,11,14,1,7,23,19,17,13,15,3,9],[4,24,8,2,20,12,16,6,22,10,18,21,5,11,3,15,13,1,7,17,23,19,14,9],[16,12,20,24,8,4,2,6,22,10,18,21,5,3,11,13,15,23,14,9,17,19,7],[16,8,12,20,24,4,2,22,6,10,18,7,21,11,3,14,5,23,15,19,17,1,9,13],[24,12,20,4,16,8,6,2,22,10,18,5,21,11,1,7,15,17,23,13,9,3],[8,24,4,2,12,20,16,22,6,10,18,5,23,9,3,13,7,15,17],[24,20,8,16,12,4,6,2,22,10,18,21,5,3,9,13,14,15,7,23,19,17],[4,8,6,2,12,20,16,24,22,10,18,21,7,11,3,14,5,15,23,19,17,9,13,1],[8,24,20,4,2,16,12,22,6,10,18,21,5,9,3,15,23,17,7,13,1,19],[16,20,4,8,6,2,12,24,22,10,18,5,21,1,11,15,13,7,23,17,3,9,19,14],[24,8,20,16,4,2,12,6,22,10,18,21,7,11,3,5,14,23,17,13,1,15,9],[20,24,4,16,8,2,12,22,6,10,18,7,21,11,1,5,13,15,23,17,3,14,19,9],[4,12,16,20,24,8,6,2,22,10,18,21,5,9,14,1,7,23,15,17,11,3,19],[16,12,20,4,24,8,6,2,22,10,18,7,21,11,1,5,13,15,23,19,9,17,14,3],[16,8,24,12,4,6,2,20,22,10,18,7,21,9,1,15,5,19,23,17,13,3,14,11],[12,24,4,20,16,8,6,2,22,10,18,7,21,11,3,5,15,1,23,19,17,13],[4,16,8,2,12,24,20,22,6,10,18,7,21,9,1,14,5,13,23,15,19,17,11,3],[4,8,6,2,24,20,14,16,12,22,10,18,21,7,9,1,5,13,19,17,23,11,3],[8,4,2,20,12,24,16,6,22,10,18,21,5,1,11,14,23,13,17,19,15,7,3,9],[8,12,20,16,4,6,2,24,22,10,18,5,21,1,11,3,13,14,17,7,15,23,9],[8,4,2,20,12,16,24,6,22,10,18,21,7,11,1,13,5,15,19,17,3,9,23,14],[12,16,24,20,8,4,6,2,22,10,18,5,21,11,1,13,14,7,23,19,17,3,15],[24,12,4,8,6,2,16,20,22,10,18,5,23,3,9,19,14,21,13,1,7,17,15,11],[20,12,24,8,16,4,6,2,22,10,18,23,9,7,3,13,15,17,5,21,14,19,1,11],[4,20,12,24,8,2,16,22,6,10,18,21,5,11,3,15,9,19,14,7,23,17,13,1],[4,12,20,8,6,2,24,16,22,10,18,5,21,1,11,14,7,23,13,9,15,19,17,3],[12,16,24,20,8,4,6,2,22,10,18,5,21,9,15,3,23,19,14,7,17,13,1],[24,16,4,8,6,2,20,12,22,10,18,21,7,9,1,14,5,23,3,15,19,17,13],[20,24,8,16,4,2,12,6,22,10,18,21,5,11,3,15,17,14,7,23],[24,12,8,20,16,4,6,2,22,10,18,5,21,14,11,1,15,23,3,17,13,19,7],[24,8,16,12,4,2,20,22,6,10,18,23,11,7,1,13,15,5,21,17,19],[16,8,12,20,4,2,24,22,6,10,18,21,5,11,1,14,13,17,9,23,7,3,19,15],[4,16,8,6,2,20,24,10,22,12,18,5,21,1,11,15,7,19,17,23,13],[8,16,20,4,2,24,12,6,22,10,18,23,7,3,9,13,15,17,5,14,11,21,1,19],[24,16,8,4,6,2,20,12,22,10,18,5,23,11,1,15,19,9,13,7,17,14,3,21],[8,24,16,4,2,12,20,22,6,10,18,7,23,1,9,13,19,5,17,14,15,3,11,21],[4,8,6,2,20,24,12,16,22,10,18,21,7,11,1,5,14,23,19,13,17,3,9],[8,20,12,4,6,2,16,24,22,10,18,23,11,3,14,5,13,19,17,7,1],[8,20,12,16,4,2,24,22,6,10,18,7,23,9,1,13,14,19,5,17,11,3],[8,24,12,4,2,20,16,22,6,10,18,21,7,9,1,5,13,14,23,17,3,11,19,15],[24,20,12,8,4,2,16,22,6,10,18,7,21,9,1,5,13,14,23,11,19,17,3,15],[12,20,8,24,16,4,6,2,22,10,18,21,5,11,1,7,15,23,3,19,17,13,9],[8,24,12,20,4,2,16,6,22,10,18,7,21,11,1,5,15,17,23,3,14,9,19,13],[20,4,8,2,12,24,16,6,22,10,18,5,21,1,9,14,23,3,11,13,19,17,7,15],[12,20,24,8,16,4,6,2,22,10,18,23,9,1,5,15,19,7,17,14,11,3,21],[20,4,16,8,2,12,24,22,6,10,18,5,21,9,1,3,19,15,13,7,17,23,14],[8,12,16,24,4,6,2,20,22,10,18,21,7,11,3,5,15,17,19,23,14],[4,16,24,12,8,6,2,20,22,10,18,23,5,11,3,14,9,13,19,7,17],[20,4,8,2,24,16,12,6,22,10,18,23,5,11,15,3,21,14,9,13,1,17,19,7],[16,4,12,20,8,6,2,24,22,10,18,23,5,9,13,1,14,19,7,17,11,15,3,21],[4,24,20,8,2,12,16,6,22,10,18,5,21,3,11,15,7,23,1,19,17,13,9,14],[16,20,24,4,8,2,12,6,22,10,18,23,7,11,3,14,15,19,17,5],[20,12,16,8,4,2,24,6,22,10,18,5,21,1,9,14,11,15,13,7,23,19,17,3],[8,24,20,4,2,12,16,6,22,10,18,5,23,15,11,1,17,21,14,7,3,19,9,13],[12,8,24,16,20,4,6,2,22,10,18,21,5,11,3,13,15,23,19,7,17,1,9],[24,4,8,6,2,20,16,10,22,12,18,5,21,9,3,15,1,19,17,23,7,11,14,13],[24,16,20,4,12,8,2,22,6,10,18,7,21,9,3,5,15,23,14,19,17,13],[20,4,24,8,6,2,16,12,22,10,18,21,7,9,1,5,14,15,23,17,3,11],[12,8,24,20,4,6,2,16,22,10,18,23,11,5,1,14,13,19,15,17,7,9,3],[12,8,20,16,4,6,2,22,24,10,18,5,21,9,15,1,7,23,11,3,19,17,14],[16,24,20,8,12,4,6,2,22,10,18,5,23,9,1,14,13,17,7,21,3,11],[16,8,4,6,2,20,12,24,22,10,18,5,21,9,13,3,14,7,23,17,11,15,1],[8,16,20,12,24,4,2,22,6,10,18,21,7,11,1,5,15,13,23,17,9],[8,20,4,6,2,16,12,24,22,10,18,21,5,1,11,3,14,17,7,23,15,9],[20,4,8,2,24,16,12,6,22,10,18,21,7,9,3,5,15,23,13,19,17,1,11,14],[8,12,4,2,20,16,24,22,6,10,18,5,21,9,3,13,11,19,14,7,23,17,1],[16,12,24,20,8,4,6,2,22,10,18,5,21,1,11,15,19,14,23,7,17,13,9,3],[12,4,24,20,8,6,2,16,22,10,18,21,7,1,11,5,14,15,23,19,17,3,9],[8,20,4,2,24,16,12,6,22,10,18,21,7,9,3,5,15,23,14,17,11,1,13],[20,12,8,4,2,24,16,22,6,10,18,5,23,3,9,15,1,19,13,21,7,17,14,11],[24,16,8,12,4,6,2,20,22,10,18,5,23,9,3,15,13,17,19,7,14,11],[24,12,4,8,2,16,20,6,22,10,18,5,23,11,1,13,3,14,9,21,17,19,7,15],[16,4,8,6,2,20,24,12,22,10,18,7,21,1,9,5,15,19,14,17,23,11,3,13],[8,12,4,2,16,20,24,22,6,10,18,21,7,11,3,5,14,13,23,19,17,15,9],[4,24,8,6,2,12,20,16,22,10,18,21,5,9,3,14,19,7,23,17,13,15,11],[4,20,16,24,12,8,6,2,22,10,18,23,9,7,1,13,15,5,17,21,3,14],[8,4,6,2,12,16,24,20,22,10,18,5,21,11,3,15,19,7,17,23,13,1,14,9],[24,4,12,8,2,16,20,22,6,10,18,21,7,11,3,5,13,19,17,23,14,15,1,9],[16,4,12,20,8,6,2,24,22,10,18,7,21,1,9,5,15,17,23,11,19,14,3],[24,16,8,4,2,20,12,22,6,10,18,5,23,19,3,11,14,17,7,13,9],[20,24,4,12,8,2,16,22,6,10,18,23,9,5,1,15,11,19,7,17,3,13],[16,24,20,12,4,8,2,6,22,10,18,21,7,11,3,5,14,19,17,23,13,9,1],[16,24,20,12,8,4,2,22,6,10,18,23,7,9,1,14,15,19,17,5,11,3,13,21],[20,4,16,24,8,2,12,6,22,10,18,21,7,9,1,5,14,13,23,19,17,3,15],[24,4,16,8,2,12,20,22,6,10,18,23,11,7,3,15,17,9,19,5,13,21,1,14],[20,24,16,12,4,8,2,22,6,10,18,5,21,3,11,19,14,15,17,7,23,9,1],[24,16,12,4,8,2,20,22,6,10,18,5,23,9,1,15,19,13,17,21,3,14,7,11],[20,4,24,8,6,2,16,12,22,10,18,7,21,9,3,5,14,11,13,23,17,15,1],[24,4,20,12,8,2,16,6,22,10,18,23,5,3,11,15,13,9,21,7,17],[4,20,24,16,12,8,6,2,22,10,18,7,21,9,3,5,14,19,17,23,13],[16,20,8,4,6,2,24,12,22,10,18,5,21,9,1,13,14,19,7,23,17,15],[12,20,16,8,24,4,2,22,6,10,18,23,7,9,1,14,15,5,17,13,3],[16,4,24,20,8,2,12,6,22,10,18,23,9,1,5,15,17,21,14,3,13,7,19,11],[12,8,20,16,4,6,2,24,22,10,18,21,7,9,3,5,15,17,23,13,11,19,1],[4,20,16,12,8,6,2,24,22,10,18,23,5,11,1,21,14,13,3,7,19,17,15],[24,20,16,12,8,4,2,6,22,10,18,5,21,11,14,1,15,17,7,23,19,3],[8,24,16,4,6,2,12,20,22,10,18,5,23,9,3,13,19,15,17,1,7,14,11],[16,8,20,12,24,4,6,2,22,10,18,5,21,11,3,15,17,23,19,7,14,13],[12,24,20,8,4,2,16,6,22,10,18,7,21,9,1,5,14,17,23,3,15,19],[12,20,4,24,8,2,16,6,22,10,18,23,9,3,7,14,15,17,11,5,21,19,1],[16,4,24,12,20,8,6,2,22,10,18,5,21,9,1,15,14,17,13,7,23,11,3,19],[4,24,12,20,8,2,16,22,6,10,18,5,23,3,13,9,21,14,7,19,17,15,1,11],[4,20,24,16,8,2,12,22,6,10,18,5,23,3,9,13,17,14,11,19,7,1,15],[8,4,2,24,16,12,20,6,22,10,18,7,21,9,3,5,13,14,23,19,17,1],[24,12,8,16,20,4,2,22,6,10,18,21,5,9,1,13,14,23,19,7,17,3],[12,16,4,24,20,8,2,22,6,10,18,21,7,11,3,5,15,23,19,17,14,9,13,1],[16,8,20,24,4,2,12,6,22,10,18,23,5,1,11,15,19,7,3,17,9,21,14],[8,16,24,12,4,6,2,20,22,10,18,5,21,9,15,3,7,23,17,13,1,11,19,14],[24,8,16,12,20,4,6,2,22,10,18,23,9,5,3,15,14,1,7,17,11],[8,12,16,24,4,6,2,20,22,10,18,7,21,11,3,5,14,23,17,15,13,1,19,9],[20,4,16,24,8,2,12,6,22,10,18,5,23,11,3,14,21,15,1,7,19,17,9,13],[12,24,8,20,16,4,2,22,6,10,18,21,5,11,1,17,15,3,13,9,7,23,19],[20,24,12,8,16,4,2,6,22,10,18,23,1,5,9,15,21,13,3,19,7,17,14],[4,16,12,20,8,6,2,24,22,10,18,7,21,9,3,15,5,17,23,13,11,14,19,1],[8,20,24,12,4,2,16,6,22,10,18,5,21,9,3,13,17,14,23,11,7],[4,12,24,20,8,6,2,16,22,10,18,7,21,9,1,5,14,23,15,3,19,17,11,13],[4,20,24,8,2,16,12,6,22,10,18,21,7,11,1,5,13,15,23,17,14],[12,16,8,24,20,4,6,2,22,10,18,5,23,11,3,14,13,15,17,21,7,1,9],[12,24,16,4,8,2,20,22,6,10,18,21,5,1,13,11,7,14,17,23,15,3,9,19],[8,24,12,16,20,4,2,22,6,10,18,5,21,1,9,15,23,3,7,13,19,17,11],[24,4,16,12,8,6,2,20,22,10,18,7,21,9,1,23,15,19,17,5,14],[8,24,16,20,12,4,2,22,6,10,18,21,7,11,3,5,13,15,23,17,14,19,1],[16,8,4,2,12,24,20,22,6,10,18,5,21,11,3,14,17,13,19,7,23],[8,24,20,16,4,6,2,12,22,10,18,7,21,11,3,5,13,23,15,19,14,17,9,1],[8,20,4,2,24,16,12,22,6,10,18,21,7,3,11,5,14,15,19,23,17,13],[8,12,20,4,6,2,24,16,22,10,18,21,5,11,1,13,14,7,23,3,15,17,9,19],[12,8,4,6,2,16,24,20,22,10,18,23,5,11,3,14,19,9,13,17,7,1,15,21],[4,24,16,20,12,8,2,6,22,10,18,7,21,11,1,5,15,23,19,17,13,3],[24,16,4,20,8,2,12,22,6,10,18,21,7,11,1,5,15,17,23,19,14,3,9,13],[8,20,12,4,2,16,24,6,22,10,18,5,21,9,1,14,13,23,17,15,3,7,19],[12,20,8,16,4,2,24,22,6,10,18,5,21,9,3,14,17,7,23,15,1,19,13,11],[12,8,24,4,6,2,20,16,22,10,18,5,21,3,11,14,1,7,13,19,23,17,15],[16,12,20,4,24,8,6,2,22,10,18,21,7,9,1,5,13,23,14,17,15,3,19,11],[20,24,8,12,16,4,2,22,6,10,18,21,7,9,1,5,15,23,19,17,14,13],[4,8,2,20,16,24,12,6,22,10,18,5,23,9,3,14,17,15,19,7,21,13,11,1],[4,16,20,12,8,2,24,22,6,10,18,5,21,11,3,15,19,7,17,23,13,14,9,1],[12,8,4,2,24,20,16,22,6,10,18,21,5,3,9,15,17,13,23,14,7,19,11,1],[24,4,8,2,16,12,20,22,6,10,18,5,21,11,23,1,14,15,7,19,17],[8,12,20,24,4,2,16,6,22,10,18,21,7,11,3,5,15,17,14,23,1,9,13,19],[16,4,8,2,12,20,24,6,22,10,18,21,5,14,9,3,15,17,23,11,13,19,7,1],[4,20,8,6,2,16,12,24,22,10,18,5,21,11,3,15,9,1,23,13,17,7,14,19],[12,24,8,16,4,2,20,6,22,10,18,5,21,1,11,15,23,3,17,19,9,7,13],[12,8,24,16,4,6,2,20,22,10,18,21,5,11,1,14,3,7,23,19,17,15],[16,12,24,4,20,8,2,22,6,10,18,21,7,9,1,5,15,17,23,14,13,11,3],[20,12,4,16,24,8,2,6,22,10,18,23,9,5,1,13,21,14,17,15,7,19,11,3],[4,16,8,2,24,12,20,6,22,10,18,5,21,9,3,13,17,7,14,23,1],[16,24,20,12,8,4,6,2,22,10,18,5,21,11,3,14,19,7,17,15,1,23,13,9],[20,12,16,24,8,4,6,2,22,10,18,21,5,11,1,14,15,3,17,9,13,19,7,23],[24,16,12,4,20,8,2,22,6,10,18,5,23,13,9,1,14,7,17,19,15,3,11,21],[12,20,8,16,4,2,24,6,22,10,18,5,23,3,11,14,13,19,7,17,21,15,1],[12,20,16,4,8,6,2,24,22,10,18,21,5,11,1,14,17,23,19,7,13,9,3],[24,16,8,20,4,6,2,12,22,10,18,21,5,1,11,15,3,17,23,19,13,7],[12,20,24,4,16,8,6,2,22,10,18,21,5,9,19,14,3,7,17,23,13],[12,16,4,8,6,2,20,24,22,10,18,5,21,11,3,13,23,17,15,9,1,7,19,14],[24,12,4,8,2,20,16,22,6,10,18,7,21,9,3,5,15,23,1,11,14,19,17],[16,4,8,6,2,20,24,12,22,10,18,23,1,9,7,15,5,19,13,17,21,14,3],[4,20,14,16,12,8,2,24,22,6,10,18,5,21,9,3,11,13,7,23,17,1,19],[24,20,16,12,8,4,6,2,22,10,18,21,7,9,3,5,15,23,17,1,14,11],[20,16,24,12,8,4,6,2,22,10,18,21,5,3,9,19,13,17,1,14,23,7,15,11],[16,24,4,8,2,12,20,6,22,10,18,23,7,11,1,14,17,13,5,3,9,19,21],[4,24,12,16,20,8,2,6,22,10,18,23,1,5,11,13,14,21,3,19,17,15,7],[24,12,8,16,20,4,2,22,6,10,18,7,21,1,9,5,14,23,17,3,15,13,19,11],[24,12,8,20,16,4,2,22,6,10,18,21,7,11,3,5,15,23,17,19,9,1,14,13],[24,20,8,4,2,16,12,6,22,10,18,23,11,5,1,13,14,9,7,15,17,3],[20,24,8,12,4,6,2,16,22,10,18,21,7,9,1,13,5,23,17,15,14,19,3],[4,16,24,20,8,6,2,12,22,10,18,5,21,1,11,15,23,14,13,17,3,7,9],[20,4,16,8,6,2,12,24,22,10,18,21,5,9,1,13,14,7,23,11,19,17,3],[12,4,24,20,16,8,6,2,22,10,18,7,21,1,9,14,5,3,19,17,15,23,11],[20,24,12,16,4,8,2,22,6,10,18,5,21,14,11,1,3,17,13,19,7,23],[4,24,16,12,20,8,6,2,22,10,18,23,7,11,1,14,5,21,13,17,3,19,15,9],[24,4,8,2,16,12,20,6,22,10,18,23,5,11,15,1,7,17,19,14,3],[4,16,20,12,8,6,2,24,22,10,18,5,21,9,1,14,17,7,13,23,15,11,19,3],[4,24,20,8,6,2,12,16,22,10,18,5,23,1,11,15,13,3,9,7,21,17,14],[16,24,12,8,20,4,2,22,6,10,18,5,23,9,14,1,13,21,3,17,11,15],[16,8,20,4,2,24,12,6,22,10,18,5,23,1,11,14,17,13,21,19,7,3,15,9],[16,12,20,24,4,8,2,6,22,10,18,5,21,1,11,15,19,14,7,13,3,17,23,9],[24,20,8,12,4,2,16,22,6,10,18,21,7,9,1,15,5,23,11,14,19,17,13],[12,16,4,20,24,8,2,22,6,10,18,21,5,9,3,13,15,11,23,17,7,1,19,14],[16,20,12,4,24,8,2,6,22,10,18,21,7,11,1,5,15,23,19,17,14,13],[4,12,24,8,2,20,16,22,6,10,18,5,23,9,14,3,15,17,7,11,13,21,19,1],[4,8,6,2,12,24,20,16,22,10,18,23,9,5,1,14,17,13,3,15,7],[16,8,12,20,24,4,6,2,22,10,18,5,23,11,13,1,14,21,19,3,17,7,9],[4,24,12,20,8,6,2,16,22,10,18,5,23,3,15,11,21,14,9,7,19,17,13],[8,24,4,6,2,16,10,20,22,12,18,21,5,9,1,15,17,11,23,14,7,3,19,13],[24,20,8,12,4,6,2,16,22,10,18,7,21,9,1,5,13,15,23,17,19,3,14,11],[8,12,24,16,4,6,2,20,22,10,18,7,21,9,1,5,15,13,23,14,19,17,3,11],[8,12,20,16,4,2,24,22,6,10,18,23,3,11,15,7,17,5,14,21,9,13,19],[12,8,24,16,20,4,2,6,22,10,18,5,23,11,3,14,13,7,17,15],[8,4,2,12,20,16,24,6,22,10,18,5,21,1,9,15,11,14,19,23,7,17,3],[12,24,20,8,4,6,2,16,22,10,18,21,7,9,3,5,14,15,23,17,11,1,19,13],[12,20,24,16,4,8,6,2,22,10,18,21,5,11,1,14,7,23,17,15,19,9,3],[20,16,4,12,8,6,2,24,22,10,18,21,5,3,11,13,14,1,7,23,19,17],[24,16,20,12,4,8,2,22,6,10,18,21,7,9,1,5,13,14,3,23,11,17],[4,16,8,2,12,24,20,6,22,10,18,21,7,9,3,5,15,19,17,23,14,11,13,1],[20,8,12,16,4,6,2,24,22,10,18,5,21,3,9,13,19,7,14,17,23,11],[16,8,20,12,4,2,24,22,6,10,18,21,5,11,1,14,23,15,9,13,17,3],[8,12,20,4,6,2,16,24,22,10,18,5,21,1,11,14,17,15,3,23,13,7,19],[16,20,4,8,6,2,24,12,22,10,18,5,21,9,3,14,15,13,23,19,17,7,11,1],[4,16,20,12,24,8,2,6,22,10,18,5,21,1,11,17,15,3,9,13,14,7,23,19],[20,16,4,24,8,2,12,22,6,10,18,5,21,11,3,14,7,23,13,19,17],[4,16,8,6,2,18,12,24,22,10,20,5,21,11,1,14,23,13,19,17,7,15,9,3],[16,4,8,2,24,12,20,6,22,10,18,21,5,11,3,15,1,23,7,17,14,19],[16,4,20,24,12,8,6,2,22,10,18,5,21,3,9,14,1,13,15,17,23,19,7,11],[16,20,12,24,4,8,6,2,22,10,18,21,7,1,11,5,13,23,15,19,17,14,3],[8,24,16,12,4,6,2,20,22,10,18,5,21,9,3,15,19,17,1,7,14,23,11],[20,12,16,8,24,4,2,22,6,10,18,7,21,9,1,5,14,13,23,3,17,15],[24,20,8,16,4,2,12,6,22,10,18,21,5,9,1,14,7,17,15,19,23,13,3,11],[16,4,12,20,24,8,6,2,22,10,18,23,11,1,5,13,7,19,14,3,17,15,21],[4,12,16,8,6,2,24,20,22,10,18,7,21,3,9,5,15,17,23,11],[8,16,12,24,20,4,2,22,6,10,18,21,5,3,11,14,23,7,19,17,13,1,9,15],[4,16,20,24,8,6,2,12,22,10,18,23,3,7,11,13,14,17,21,9,5],[8,16,20,4,2,24,12,22,6,10,18,5,21,14,9,1,17,23,7,3,15,11,19],[12,16,24,20,4,8,6,2,22,10,18,21,7,11,1,5,13,23,15,3,19,17,14,9],[4,16,20,12,8,6,2,24,22,10,18,5,23,3,11,15,19,21,14,17,9,7,1,13],[20,24,12,16,8,4,2,22,6,10,18,5,21,3,9,15,19,7,17,23,1,11,14],[20,16,12,8,24,4,6,2,22,10,18,21,7,9,1,5,15,23,13,14,19,17,3],[24,4,8,6,2,12,16,20,22,10,18,5,21,15,9,1,14,23,19,17,7],[4,24,20,8,6,2,12,16,22,10,18,23,7,9,1,14,3,19,17,5,15,21],[4,8,2,24,20,12,16,6,22,10,18,5,23,11,1,14,13,15,19,21,17,7,3,9],[12,16,24,4,20,8,2,22,6,10,18,5,21,3,9,14,15,19,7,17,23,13],[16,24,12,4,20,8,2,22,6,10,18,21,5,11,3,14,15,9,19,13,1,23,17,7],[24,8,4,6,2,20,16,12,22,10,18,5,21,3,14,9,15,7,23,17,13,1,11,19],[8,12,16,24,4,6,2,20,22,10,18,23,7,9,3,15,17,14,19,5,21,13],[24,16,12,4,20,8,2,6,22,10,18,21,7,9,1,5,14,23,17,13,15,3],[24,4,20,8,2,16,12,22,6,10,18,5,21,3,9,14,15,13,19,7,17,23,11],[4,12,20,24,8,6,2,16,22,10,18,23,7,11,3,13,14,19,17,5,21],[4,24,16,12,20,8,2,6,22,10,18,23,7,11,3,15,17,21,13,14,5,1,19,9],[4,24,16,8,6,2,20,12,22,10,18,23,3,7,11,14,17,13,15,21,5,1],[8,24,12,4,6,2,16,20,22,10,18,5,21,11,1,14,19,13,23,9,7,17],[20,4,16,12,24,8,2,6,22,10,18,23,7,9,3,15,19,17,5,13,1,14,11],[20,4,8,2,12,16,24,6,22,10,18,23,5,9,1,14,11,19,13,17,7,21,15,3],[4,20,24,16,12,8,6,2,22,10,18,21,7,11,1,5,13,19,14,17,23,15,3,9],[16,20,12,8,4,6,2,24,22,10,18,5,23,15,9,1,21,19,7,17,3,14],[24,8,20,4,2,12,16,22,6,10,18,7,23,9,3,13,15,19,5,17,14,11,1,21],[20,16,4,24,12,8,2,22,6,10,18,7,21,9,1,5,15,23,14,19,17,11,13],[4,24,12,8,2,20,16,6,22,10,18,21,7,3,9,5,14,15,23,17,1,11],[8,4,2,20,12,24,16,22,6,10,18,5,21,1,15,11,23,14,19,3,7,17,13],[12,8,20,24,4,6,2,16,22,10,18,5,21,11,1,15,19,23,7,17,14,13,3],[16,4,20,12,24,8,2,22,6,10,18,5,21,3,11,13,14,17,7,23,1,19,9,15],[4,20,16,24,12,8,6,2,22,10,18,5,23,9,3,13,19,21,17,15,14,7,1,11],[20,12,24,8,16,4,6,2,22,10,18,23,9,7,1,13,14,17,5,11,21,19,3],[24,20,16,12,8,4,6,2,22,10,18,21,7,11,3,5,13,23,14,19,17],[8,16,24,4,6,2,12,20,22,10,18,23,7,9,1,14,15,5,3,19,17,21,11,13],[20,24,16,8,4,2,12,6,22,10,18,5,23,1,11,13,14,17,9,19,7,3,21],[24,16,8,4,6,2,20,12,22,10,18,5,23,3,9,15,19,7,17,14,11,21,13,1],[4,24,16,12,20,8,2,6,22,10,18,5,23,1,11,15,3,14,21,9,17,13,19,7],[8,20,12,4,2,16,24,6,22,10,18,21,7,9,1,5,14,23,19,17,13,15,3,11],[24,20,12,4,8,6,2,16,22,10,18,21,7,9,1,5,15,3,23,17,19,13],[20,4,24,12,16,8,2,22,6,10,18,7,21,11,1,5,14,13,19,23,17,9,3,15],[16,20,24,8,12,4,6,2,22,10,18,23,7,11,1,14,13,17,5,15,21,3],[4,12,8,6,2,16,20,22,24,10,18,5,21,1,11,14,13,9,23,17,15,19,7,3],[20,8,24,4,6,2,16,12,22,10,18,5,23,11,19,1,21,13,17,7,14],[8,24,4,2,20,16,12,6,22,10,18,5,21,9,1,15,3,13,7,14,23,17,11,19],[20,24,16,4,12,8,6,2,22,10,18,21,5,11,14,1,15,19,23,13,7,17,9,3],[8,4,6,2,16,24,12,20,22,10,18,21,5,11,1,17,15,19,9,23,14,7,13,3],[16,8,12,4,2,20,24,22,6,10,18,5,21,9,1,13,14,11,3,15,23,7,19,17],[12,16,4,20,24,8,6,2,22,10,18,21,7,11,1,5,15,23,19,17,14,9,13,3],[4,20,8,2,24,16,12,22,6,10,18,21,5,3,11,15,13,19,7,23,17,9],[12,24,8,20,16,4,2,22,6,10,18,5,21,1,11,14,13,23,3,17,7,9,19],[20,12,4,24,8,6,2,16,22,10,18,21,5,11,13,1,17,14,9,7,23,19],[12,16,20,24,4,8,6,2,22,10,18,5,23,3,9,13,15,19,11,17,7,14,21],[8,12,24,16,4,6,2,20,22,10,18,5,23,1,9,15,11,19,7,17,3,21,14],[16,20,8,12,4,6,2,24,22,10,18,21,5,9,1,15,23,17,11,19,7,3,13,14],[4,24,20,16,12,8,2,22,6,10,18,5,23,11,3,14,15,19,13,17,7,9,1],[16,4,24,8,6,2,20,12,22,10,18,23,7,9,1,14,15,19,5,17,3,21,11,13],[16,4,24,8,2,12,20,22,6,10,18,21,7,11,1,5,14,19,15,23,17,3,9,13],[16,24,8,4,6,2,20,12,22,10,18,5,23,9,3,15,14,17,13,21,11,7,1,19],[12,16,8,20,4,2,24,22,6,10,18,21,7,9,1,5,13,14,23,19,17,3,11,15],[8,12,16,24,20,4,6,2,22,10,18,21,7,9,1,5,15,23,19,17,3,14,13,11],[20,4,16,24,12,8,6,2,22,10,18,5,21,9,15,1,11,13,7,19,17,23,3,14],[20,12,24,16,8,4,2,6,22,10,18,5,21,9,3,15,17,23,14,19,13,7,1,11],[4,16,12,8,2,20,24,22,6,10,18,23,1,7,9,15,17,5,3,11,13,19],[8,20,4,2,12,24,16,22,6,10,18,23,11,3,13,14,5,19,1,9,7,17,15,21],[12,24,4,20,16,8,2,6,22,10,18,7,21,11,3,5,14,23,15,19,17,13,1,9],[24,20,12,8,4,6,2,16,22,10,18,21,7,11,3,5,14,13,23,19,17,1,9,15],[16,12,4,20,8,2,24,22,6,10,18,7,21,9,1,5,13,14,19,17,23,11,3],[4,20,16,12,8,2,24,22,6,10,18,21,7,11,1,5,13,14,23,19,17,3],[20,8,16,24,4,6,2,12,22,10,18,21,5,9,13,1,14,11,7,23,19,17,3,15],[24,12,20,8,4,6,2,16,22,10,18,21,7,9,1,5,15,3,17,23,19,14,11,13],[20,8,12,16,24,4,6,2,22,10,18,21,5,11,3,13,1,17,15,9,14,23,19,7],[12,8,16,4,6,2,20,24,22,10,18,23,11,3,14,13,5,19,17,7,15,21,1],[8,20,16,12,24,4,6,2,22,10,18,7,21,9,1,5,15,17,23,14,3,19,13,11],[12,8,20,4,2,24,16,6,22,10,18,5,21,11,3,15,19,1,17,7,23,14,13],[8,20,16,12,4,2,24,22,6,10,18,23,7,11,3,14,15,17,21,13,19,5,9,1],[8,24,16,4,2,20,12,22,6,10,18,21,5,9,1,14,17,23,13,15,19,11,7,3],[4,12,8,2,20,16,24,6,22,10,18,21,7,9,3,5,14,19,17,23,15,1,11,13],[20,24,8,16,12,4,6,2,22,10,18,5,23,11,15,3,1,9,19,17,13,7],[16,12,8,4,2,24,20,22,6,10,18,21,7,11,1,5,15,23,17,9,3,14,13,19],[12,8,16,4,2,24,20,22,6,10,18,23,11,3,13,5,14,19,17,7,9,1],[16,12,8,4,2,20,24,6,22,10,18,21,7,1,9,5,13,14,23,17,3],[16,12,4,24,20,8,6,2,22,10,18,5,23,1,9,14,17,13,11,15,21,19,7,3],[16,12,24,20,4,8,6,2,22,10,18,21,7,11,1,5,14,17,23,15,3,19,9],[12,16,20,4,24,8,6,2,22,10,18,21,7,9,3,5,15,23,17,1,11,13],[16,4,8,6,2,24,20,12,22,10,18,5,23,9,3,13,14,19,7,1,17,15,11,21],[12,16,20,8,24,4,6,2,22,10,18,7,21,9,3,5,14,23,15,17],[16,12,4,20,24,8,2,22,6,10,18,5,21,11,3,14,7,13,23,19,1,17,9],[16,8,20,4,2,24,12,6,22,10,18,5,23,3,9,15,13,1,11,17,21,19],[12,16,4,20,8,6,2,24,22,10,18,7,21,11,1,5,13,15,23,19,17,3,14],[4,12,16,24,8,6,2,20,22,10,18,21,7,9,3,5,15,19,23,13,17,1],[20,12,24,16,8,4,6,2,22,10,18,23,11,1,5,15,17,3,7,14,19,9,21,13],[4,6,8,2,24,16,20,12,22,10,18,21,7,11,3,5,14,15,17,23,1,9,13],[24,20,4,8,6,2,12,16,22,10,18,21,5,3,14,11,17,23,15,19,1,7],[8,16,12,24,4,2,20,6,22,10,18,5,23,9,13,1,15,19,21,3,14,11,17,7],[16,20,12,8,24,4,6,2,22,10,18,5,23,9,3,14,21,15,17,1,11,13,7],[8,20,12,24,4,2,16,6,22,10,18,5,23,3,14,11,21,13,15,19,1,7,17],[12,16,20,8,4,2,24,6,22,10,18,5,21,9,11,3,15,17,19,7,23,13,1,14],[24,8,20,4,6,2,16,12,22,10,18,21,5,9,1,15,17,7,23,3,11,19,13],[4,12,16,20,24,8,6,2,22,10,18,5,23,11,14,3,17,15,13,19,7],[8,24,4,6,2,20,12,16,22,10,18,5,21,9,1,15,23,19,17,13,7],[24,16,12,8,4,6,2,20,22,10,18,7,21,11,1,5,15,14,23,17,3,13,9,19],[4,8,6,2,16,20,24,12,22,10,18,21,5,3,11,14,13,23,19,1,9,15,7,17],[4,16,8,6,2,24,20,12,22,10,18,21,5,9,15,3,23,17,14,13,1,19,11,7],[16,24,12,8,20,4,6,2,22,10,18,5,23,1,11,14,17,15,19,13,7,21,3],[24,8,4,6,2,16,20,12,22,10,18,7,21,9,3,5,15,23,11,19,13,17,14,1],[16,24,12,8,20,4,6,2,22,10,18,7,21,9,1,5,14,15,23,19,3,17,11,13],[8,12,16,4,6,2,20,22,24,10,18,5,21,9,1,15,13,19,7,17],[8,12,24,4,2,20,16,22,6,10,18,23,7,11,3,14,13,19,5,17,21,1],[12,4,20,16,8,6,2,24,22,10,18,21,5,3,11,14,7,23,13,17,1,19],[12,24,4,8,2,16,20,6,22,10,18,21,5,1,9,15,14,19,11,17,7,23,13,3],[4,8,2,20,24,12,16,6,22,10,18,21,5,9,1,14,7,23,15,17,11],[20,24,8,16,12,4,6,2,22,10,18,21,5,3,9,11,15,13,17,19,7,23],[24,4,20,12,16,8,6,2,22,10,18,21,7,9,3,5,13,14,19,17,23,1,15,11],[12,8,16,20,4,2,24,22,6,10,18,21,5,1,13,11,15,9,17,7,23,19],[12,4,16,24,8,2,20,6,22,10,18,21,5,9,14,3,23,7,17,1,15],[20,12,4,16,8,6,2,24,22,10,18,21,5,9,3,14,13,11,23,19,15,7,17,1],[16,12,4,8,2,20,24,22,6,10,18,5,21,9,1,15,23,14,19,13,7,17,3,11],[20,12,24,16,4,8,2,6,22,10,18,5,23,1,9,14,17,13,21,19,7,3,11],[24,8,16,20,4,6,2,12,22,10,18,5,23,9,13,1,21,17,14,7,15,11,3],[16,24,8,20,4,6,2,12,22,10,18,23,11,1,7,14,17,13,15,5,9,19,21,3],[20,8,4,6,2,24,16,12,22,10,18,21,5,1,9,15,23,3,13,19,14,17,7],[24,4,16,8,6,2,12,20,22,10,18,5,21,9,1,15,7,13,23,19,17,11,3,14],[16,4,12,8,6,2,20,24,22,10,18,7,23,1,9,14,13,5,11,19,17,15,3,21],[20,16,4,12,8,6,2,24,22,10,18,5,23,1,9,14,15,11,19,17,21,7,13,3],[12,4,8,6,2,24,16,20,22,10,18,5,23,3,9,15,13,21,17,1,11,19,7,14],[20,12,16,8,24,4,2,6,22,10,18,21,5,9,1,14,7,15,3,19,17,23,11,13],[20,8,24,12,4,2,16,6,22,10,18,23,9,5,1,14,7,15,11,19,13,17,21,3],[8,4,6,2,16,24,20,12,22,10,18,5,21,14,11,3,23,15,7,13,19,17],[24,20,4,8,2,12,16,6,22,10,18,21,7,9,1,5,13,14,23,17,11,3],[24,16,8,20,4,6,2,12,22,10,18,21,7,11,1,5,13,15,19,23,17,3],[16,8,20,4,2,12,24,22,6,10,18,7,21,9,3,5,14,23,15,17,11],[20,12,16,24,4,8,6,2,22,10,18,21,5,11,1,13,15,3,19,23,7,17],[12,24,8,20,4,6,2,16,22,10,18,21,5,3,9,15,23,7,1,17],[20,16,24,4,8,2,12,6,22,10,18,5,23,9,1,11,15,3,19,13,17,7,21,14],[20,8,24,16,4,2,12,22,6,10,18,5,21,13,1,11,14,7,17,23,15,3],[20,8,4,6,2,12,16,24,22,10,18,21,5,9,1,13,14,23,19,17,7,3],[12,8,24,20,16,4,6,2,22,10,18,21,5,3,11,19,13,15,17,7,9,23,1],[16,8,20,4,6,2,24,12,22,10,18,5,23,11,1,15,13,21,19,7,17,14,3,9],[20,4,16,12,24,8,6,2,22,10,18,7,21,9,3,5,15,23,14,19,17,13,1,11],[4,24,16,8,2,20,12,6,22,10,18,5,21,11,1,15,19,17,23,7,13,14,3],[16,4,12,24,20,8,2,22,6,10,18,21,7,11,1,13,5,15,23,3,17,19],[16,20,12,8,24,4,2,22,6,10,18,23,9,1,5,14,17,15,21,3,11,13,7,19],[8,16,12,20,24,4,2,6,22,10,18,5,23,13,1,9,15,7,17,21,14,3,11],[24,20,8,12,16,4,6,2,22,10,18,5,23,1,9,21,14,15,3,17,19,7,11,13],[20,4,16,8,2,12,24,22,6,10,18,23,5,1,11,14,19,13,3,17,21,7,9],[4,16,24,12,8,6,2,20,22,10,18,5,21,3,9,11,13,23,14,19,15,17,1,7],[16,20,12,4,8,2,24,6,22,10,18,5,21,9,3,14,7,23,1,19,17,13,15,11],[8,4,2,16,20,12,24,6,22,10,18,7,21,11,3,15,5,14,19,17,23,9,13,1],[24,12,4,8,2,20,16,22,6,10,18,21,7,11,1,5,15,23,17,3,13,9,14],[24,4,16,20,8,2,12,22,6,10,18,5,23,1,9,14,13,19,17,7,11,3,21],[20,24,12,16,8,4,6,2,22,10,18,5,21,1,14,11,17,15,3,23,13,9,19,7],[24,4,20,8,6,2,16,12,22,10,18,5,21,1,9,15,19,23,7,17,14,3,11],[20,24,12,4,16,8,6,2,22,10,18,21,5,14,1,9,7,15,23,17,3,13,11],[4,24,12,16,8,2,20,22,6,10,18,7,21,1,9,5,13,14,23,17,19,3,15,11],[16,8,24,4,2,12,20,6,22,10,18,7,21,11,1,5,14,17,3,15,23,13,19],[16,8,20,12,24,4,6,2,22,10,18,5,23,3,14,11,1,21,9,15,19,13,17,7],[12,20,8,24,4,2,16,6,22,10,18,7,21,9,1,5,14,13,23,19,17,11,3],[20,12,4,16,24,8,6,2,22,10,18,21,7,11,1,5,14,23,15,17],[16,12,4,24,20,8,6,2,22,10,18,23,7,11,1,15,5,17,14,3],[12,4,8,6,2,24,16,20,22,10,18,21,5,9,1,17,14,23,19,7,3,15,13],[20,4,24,12,8,2,16,6,22,10,18,21,7,11,1,5,15,23,14,3,17,9],[12,8,20,4,6,2,16,24,22,10,18,5,21,1,11,15,17,3,19,13,23,7,14,9],[8,24,16,20,12,4,6,2,22,10,18,21,5,9,1,15,17,7,3,23,14,11,19,13],[4,12,8,2,20,16,24,22,6,10,18,21,5,14,3,11,15,19,1,17,23,7,9,13],[16,12,4,24,8,6,2,20,22,10,18,23,11,5,3,13,21,15,19,1,14,17,7],[8,20,4,6,2,24,16,12,22,10,18,7,21,11,1,5,15,23,19,17,9,13,3,14],[12,24,20,16,4,8,6,2,22,10,18,7,23,1,9,15,3,19,17,5,13,14,11,21],[4,20,24,16,8,6,2,12,22,10,18,5,23,3,11,14,17,13,1,19,21,7,9],[24,16,4,12,20,8,6,2,22,10,18,5,23,3,15,11,17,9,14,13,19,7,21],[16,12,4,20,24,8,6,2,22,10,18,21,5,11,3,14,13,19,17,7,23],[4,12,20,24,16,8,2,22,6,10,18,7,23,11,3,14,15,17,5,9,21,1,19],[4,20,24,12,8,2,16,6,22,10,18,7,23,9,1,13,15,5,17,3,21],[20,8,24,4,6,2,16,12,22,10,18,5,21,11,3,14,7,23,17,15],[20,16,8,24,12,4,6,2,22,10,18,5,21,11,3,13,23,14,7,15,19,17,9,1],[4,16,20,12,8,2,24,22,6,10,18,23,5,9,1,19,17,14,15,21,7,11,13,3],[4,16,8,6,2,20,24,12,22,10,18,5,21,1,9,14,15,13,17,7,23,3,11],[4,16,24,12,8,2,20,6,22,10,18,5,23,3,9,14,13,7,19,17,11,21,1],[8,4,6,2,12,20,16,24,22,10,18,23,11,1,5,13,15,9,7,3,17,14,21],[8,14,16,20,24,4,2,12,6,22,10,18,5,23,1,11,21,13,9,19,7,17,3,15],[24,12,4,16,8,2,20,6,22,10,18,5,21,9,3,15,17,13,23,14,11,19,7,1],[8,16,20,4,2,12,24,22,6,10,18,5,23,11,3,14,19,7,17,21,9,13,15],[24,16,20,12,8,4,6,2,22,10,18,7,21,9,1,5,14,23,15,17,3,13,11],[16,8,24,12,4,6,2,20,22,10,18,21,7,1,11,15,5,17,23,3,14,19],[24,12,20,8,16,4,2,22,6,10,18,21,5,3,9,14,19,17,11,23,7,13,1,15],[16,12,4,20,8,2,24,6,22,10,18,21,7,9,1,5,13,14,23,17,15,3],[4,12,16,8,6,2,24,20,22,10,18,23,7,11,1,14,13,5,3,19,17],[4,24,20,12,16,8,6,2,22,10,18,5,21,14,3,11,13,7,23,19,17,1,15],[16,4,20,8,2,24,12,6,22,10,18,5,21,11,1,13,17,15,23,14,7,3,9,19],[8,24,20,16,12,4,2,6,22,10,18,7,21,9,3,5,13,23,15,1,19,17,14,11],[8,4,6,2,16,24,12,20,22,10,18,5,23,9,3,15,13,19,17,7,21],[4,16,20,8,2,24,12,6,22,10,18,5,21,9,15,1,17,7,11,13,23,14,3,19],[20,16,24,12,4,8,6,2,22,10,18,5,21,9,15,3,23,1,17,11,7,13,19,14],[16,24,20,8,12,4,2,6,22,10,18,7,23,9,3,14,13,19,5,17,11,21,15,1],[12,8,4,6,2,24,16,20,22,10,18,7,21,11,3,5,13,9,23,17,15,14,1,19],[24,8,20,12,16,4,2,6,22,10,18,5,21,3,9,15,1,7,23,17,11,14,13],[24,12,16,4,8,6,2,20,22,10,18,5,23,3,11,15,1,19,7,17,21,13,9,14],[4,24,12,8,2,20,16,22,6,10,18,21,7,9,3,5,13,15,23,19,17,11,14,1],[24,20,8,4,2,12,16,6,22,10,18,21,5,3,9,13,15,17,19,7,23,1,11],[8,20,24,4,6,2,16,12,22,10,18,21,5,9,3,15,23,19,17,13,7],[24,20,4,12,16,8,6,2,22,10,18,7,21,11,3,5,14,23,15],[16,8,12,20,24,4,6,2,22,10,18,21,5,9,1,13,15,23,3,19,17,14,7],[12,8,24,16,4,2,20,6,22,10,18,5,23,3,15,11,9,13,14,21,17,19,1],[