{"problem_id":"4W7coF0Jo2y1IoS","sigma":75,"alpha":0.100,"cost":0,"probabilities":"[0.09, 0.03, 0.73, 0.15]","payoff_matrix":"[[-43, 32, -53, -109, -125, 44], [58, -45, -89, 61, -150, 71], [-13, -7, -66, -72, 51, -130], [1, -91, -106, 1, 93, -44]]","uncovered":[[23,15,3,11,7,19,20],[11,19,7,23,15,3],[23,3,7,19,15,11,2,16,17,5,13,9,8,20],[7,23,15,19,11,3,24,6],[23,15,7,3,11,19],[19,23,3,11,7,15],[3,11,23,19,7,15],[19,7,3,23,15,11,1],[11,23,3,15,7,19],[3,15,11,7,19,23,1,16,5],[19,11,15,7,3,23],[19,23,11,3,7,15],[3,23,15,7,19,11,1],[15,19,11,3,23,7],[19,11,3,7,15,23,6],[23,11,19,15,3,7],[3,19,15,11,7,23],[11,19,7,15,3,23],[15,11,19,7,3,23,8],[15,11,19,23,3,7],[15,7,23,11,19,3,22],[11,7,15,23,3,19],[15,7,11,3,23,19],[23,11,15,3,19,7,14,13,2],[7,15,11,3,23,19,18,5,17,8,4],[11,3,15,19,23,7,1,22],[15,23,19,11,3,7,13,21,6,5],[15,3,11,23,19,7],[7,23,19,15,11,3],[7,15,3,19,11,23,17,18,8,14,6,24,1],[19,15,11,7,23,3],[19,11,3,7,15,23,18,9,12,21,8,6],[15,23,19,11,7,3,4],[3,7,11,15,23,19,6],[11,3,19,23,7,15,20],[15,19,7,23,11,3],[23,11,7,15,3,19,21,12],[7,3,19,23,15,11],[23,19,7,3,11,15],[15,11,7,3,19,23,12,9,16,10],[23,11,15,7,19,3],[23,15,19,11,7,3],[3,19,11,23,7,15,16],[19,11,3,15,7,23],[3,19,11,23,7,15,18],[15,19,7,23,3,11,9,8],[11,15,19,23,3,7],[15,23,7,11,3,19,17,8,12,14,6],[3,19,11,15,7,23],[11,23,19,3,15,7,22],[3,11,23,15,19,7],[23,3,7,11,15,19],[3,23,11,15,19,7],[19,7,3,23,15,11],[3,23,19,7,15,11],[11,23,15,3,19,7,24],[23,11,3,7,15,19,9,12,18,4,14],[3,7,23,19,15,11],[11,3,19,15,23,7],[11,7,3,19,23,15,8,17,1],[23,19,11,3,7,15],[7,3,23,11,15,19,5,4],[11,15,19,7,3,23,16,24,8],[11,3,7,15,19,23,4],[3,15,19,23,11,7,1,22],[15,19,3,11,7,23,13,5],[7,15,23,19,11,3],[7,19,15,11,3,23,14],[11,23,15,7,3,19],[23,19,11,3,15,7,22],[19,7,15,11,23,3,17,6,14,5,8,2,4,16,24],[7,15,23,3,19,11,14],[7,11,19,3,15,23,5,2,14],[19,11,7,23,3,15,24,5],[19,23,11,3,15,7,9],[23,7,11,19,3,15,21,6],[3,11,19,23,7,15],[19,23,11,15,3,7],[23,11,15,3,7,19,1],[11,3,23,7,15,19,5,6,17,1,12,10,18,20,21],[7,15,19,3,23,11,22],[11,23,19,3,7,15],[15,19,3,23,7,11],[3,7,19,15,23,11,17,8,22],[19,23,3,7,11,15],[3,23,15,11,7,19,13,4,9],[3,23,7,11,19,15],[7,3,15,11,23,19],[23,19,7,11,3,15],[7,19,15,11,23,3],[7,11,19,3,15,23,13,4],[3,15,23,19,11,7,14],[19,23,15,3,7,11],[11,15,23,7,19,3],[7,15,19,11,23,3],[3,19,7,15,11,23,10],[23,15,11,3,19,7,22],[23,19,3,15,7,11],[19,15,11,7,3,23,24],[23,7,19,3,15,11],[23,11,19,15,7,3,5,24,21],[11,19,15,7,3,23,2],[23,19,15,7,11,3,20],[15,7,11,19,3,23],[15,7,23,3,11,19,4,24,13],[15,11,3,7,23,19,4],[23,7,11,19,15,3],[11,23,3,15,19,7,8],[19,3,11,23,15,7,18],[7,23,11,19,3,15,21],[3,15,19,23,7,11,10],[23,3,11,15,19,7],[19,3,23,11,15,7,20],[11,15,19,7,3,23],[7,11,15,19,23,3,9,17,6,8,4],[11,19,3,7,23,15,22],[11,7,15,3,19,23,4],[7,11,23,19,15,3],[19,15,7,3,23,11],[3,11,19,15,7,23,13,9],[7,23,15,19,3,11],[19,7,11,3,15,23],[11,7,15,3,23,19],[15,23,7,3,11,19],[11,15,3,19,23,7],[23,19,15,7,11,3,16],[19,23,11,3,15,7],[11,15,19,23,3,7,14,13],[23,3,19,15,11,7,9,14],[19,7,23,15,11,3],[15,3,7,11,19,23],[15,7,3,11,23,19],[23,3,11,19,15,7],[7,3,23,15,11,19,5],[23,7,3,19,11,15,9,4],[7,23,11,19,15,3],[11,23,19,15,7,3],[19,23,3,7,15,11,18],[15,23,19,7,3,11],[19,23,3,7,11,15],[3,7,15,19,11,23,9],[3,7,19,15,11,23,14],[7,19,11,23,3,15],[3,7,15,11,23,19],[23,11,15,3,19,7],[11,19,7,15,3,23,6],[23,19,11,7,3,15,13],[3,23,15,19,7,11,6,9],[19,7,11,3,23,15],[15,19,11,23,7,3],[15,7,19,11,3,23,4,8,17],[19,11,15,23,3,7],[15,19,3,23,7,11,17,5,20],[19,3,7,15,11,23],[15,3,19,23,7,11],[7,15,11,19,3,23],[15,19,7,11,23,3,22],[3,11,23,7,15,19,4],[23,19,11,3,7,15,22],[7,19,23,3,11,15,13],[19,15,11,23,7,3],[23,19,3,11,7,15],[19,3,23,11,7,15],[19,7,11,15,23,3,20],[11,7,23,3,15,19],[3,11,23,19,15,7],[11,19,7,3,23,15,13],[7,11,3,23,15,19],[15,11,23,7,3,19,1],[11,19,7,15,23,3],[23,3,15,7,19,11],[7,11,3,19,23,15,9],[3,15,11,7,19,23,12,17,8,14,5,18],[7,15,3,19,11,23,4],[19,3,15,7,23,11,4,17,9,5,13,20],[11,23,19,7,3,15,9,21,18,6,12],[19,11,23,15,7,3],[23,7,3,11,15,19],[11,23,3,15,7,19,18,20],[7,15,3,23,19,11,9,17,6,21,22,8,24,2],[23,19,15,7,3,11],[7,19,3,11,23,15,12,4],[7,23,11,19,3,15,9,4],[11,7,23,19,15,3],[15,7,11,3,19,23],[23,15,11,19,7,3,6,8],[15,23,19,7,3,11,9],[11,3,7,15,19,23,21,18,6,9,5,4],[23,7,11,15,3,19,10,20],[15,19,11,23,3,7],[11,3,23,15,7,19,17,8],[15,11,23,3,19,7],[23,7,11,3,15,19],[7,11,3,19,15,23],[19,15,23,11,3,7,9,13],[19,23,11,15,7,3,10],[15,23,7,3,19,11],[3,11,7,23,19,15,12],[7,3,11,15,19,23],[7,3,23,19,11,15],[15,19,7,3,11,23,21],[15,19,7,23,11,3],[3,23,15,19,11,7],[7,23,11,3,15,19],[23,15,3,7,11,19,5],[3,7,19,23,15,11,6,1],[11,19,23,3,7,15,5,2],[19,23,11,15,7,3,22],[23,3,19,11,7,15,2,21],[15,3,7,23,11,19],[7,15,11,23,19,3,6],[11,15,23,19,3,7,9],[3,23,19,11,7,15,5],[7,11,15,23,3,19,12,22,16,4],[7,15,19,23,11,3],[7,23,15,11,3,19,5,13],[15,19,23,7,3,11],[11,7,3,15,19,23,9,10],[15,19,7,11,23,3,14,18,8,13],[19,7,23,11,3,15,1,22],[3,23,15,19,11,7,24],[15,23,19,11,3,7,4,18],[7,19,15,11,23,3,21,10,1],[3,23,7,11,15,19,13],[7,15,3,11,19,23],[7,19,23,15,11,3,6,24,1],[3,23,7,15,19,11,18,12,16,9,22,10,4,13],[19,11,15,23,7,3],[7,23,3,19,11,15,5,16],[3,19,15,23,7,11],[11,7,3,19,15,23],[19,11,3,23,15,7],[15,7,11,3,19,23],[7,19,11,15,23,3],[3,23,15,19,11,7],[3,19,15,23,11,7],[23,19,7,3,11,15],[3,7,15,19,11,23],[19,3,7,23,15,11],[7,15,11,19,3,23],[23,3,7,15,19,11,2,1,16,12],[3,23,15,7,11,19,18,16,4],[15,11,3,19,23,7,5,13],[15,7,23,3,19,11,18,10,2,5],[19,3,7,23,15,11],[7,11,3,23,15,19,12],[7,11,23,15,19,3],[23,15,3,19,7,11,17,5,20],[11,15,23,7,3,19,24],[15,19,3,7,23,11,14],[23,15,11,7,19,3,14],[7,23,11,3,19,15,4,24],[23,15,7,11,19,3,1],[23,19,3,11,7,15],[19,3,23,11,7,15,2],[15,7,11,3,23,19,17,18,8,16,2,1,13,10,12],[15,7,11,3,23,19,14,10,5,17,18,8,4],[19,7,23,11,3,15,13],[7,15,23,3,11,19,9],[19,7,15,23,3,11],[11,7,23,19,15,3,24,8,17,14],[15,19,23,7,11,3,22,9,18,24,5,17,2,20],[23,7,19,11,3,15,22,12,21],[7,23,11,3,19,15],[19,7,15,11,3,23,14],[11,23,3,15,7,19,8],[7,11,23,3,15,19,17,6,8],[19,11,15,3,7,23,24,6,8],[3,15,19,7,23,11],[11,3,7,19,15,23],[23,15,3,19,11,7,1],[3,19,7,23,15,11,12,18,13,9,5,24,8,2,6,20],[11,15,7,19,23,3],[19,7,23,3,15,11],[15,3,23,11,7,19],[7,19,3,15,11,23,6,16],[11,7,3,15,23,19,5,20,1,2],[19,11,23,15,7,3],[3,23,11,19,7,15,16],[11,3,7,23,15,19,1,17,8],[15,23,7,3,19,11],[15,19,11,3,23,7],[19,7,15,11,3,23,14],[11,23,3,19,7,15,5,6,16],[15,23,11,3,19,7,13],[7,11,23,19,3,15],[3,15,11,7,23,19],[7,19,23,11,3,15,1],[19,11,15,7,3,23],[11,3,19,23,15,7,1,16],[3,7,23,15,19,11,1],[15,7,19,3,23,11,5,17,16,6,24,10,8,2,1,12],[11,15,19,23,3,7,24],[19,7,15,23,3,11],[3,7,15,11,19,23],[3,7,15,19,11,23],[11,15,7,19,3,23],[19,15,7,23,3,11],[3,11,23,15,19,7],[3,7,15,11,19,23,24],[15,23,3,19,7,11,22],[11,15,19,23,7,3],[19,3,7,15,11,23],[23,7,15,3,11,19],[11,23,3,19,15,7,2],[23,11,3,7,15,19],[23,11,15,7,3,19,18,6,9],[11,23,19,3,15,7],[3,11,23,15,19,7],[7,15,11,23,3,19,6],[3,15,19,23,11,7,12,21],[19,7,3,23,15,11,20],[11,19,23,3,7,15,22],[19,11,3,23,7,15],[3,19,11,7,23,15,14,1],[19,15,23,3,11,7],[19,15,7,23,11,3,20],[11,19,15,7,3,23,6,21],[11,23,3,15,19,7,14,12,21,8],[11,23,3,7,19,15,8],[19,7,23,15,11,3,10,20],[19,11,23,3,15,7,4],[7,3,15,11,23,19,21,17,1,5,20],[23,7,3,11,15,19,10],[15,23,7,19,11,3,22],[23,15,11,19,7,3],[11,19,7,3,23,15],[19,11,15,23,7,3],[11,7,19,3,23,15,18,6],[11,3,15,23,19,7,1],[11,15,19,3,23,7,13,8],[7,15,3,19,11,23,9,17,8],[3,11,15,19,7,23,20],[7,15,11,23,3,19,8,10],[19,11,15,3,7,23],[11,3,7,19,23,15],[23,15,11,7,3,19],[11,19,23,15,3,7,21],[19,3,15,11,7,23,21,18,20,4,9,2],[19,3,11,7,23,15,5],[23,11,19,15,7,3],[23,3,15,7,19,11,10],[3,7,15,11,23,19,16],[3,11,15,23,7,19,24,12,6],[3,19,11,7,23,15,21,13,22,4],[3,23,19,7,15,11],[23,3,15,7,19,11],[11,23,15,7,3,19],[15,3,7,11,23,19,14,20],[7,23,15,19,11,3,13],[19,23,11,3,7,15,20],[3,19,15,11,7,23],[15,3,7,11,23,19,24],[7,23,11,19,15,3,16],[7,11,19,23,3,15],[23,11,7,15,19,3,21,14,2,8],[23,7,15,11,3,19],[19,15,7,23,3,11],[7,11,15,3,23,19],[7,3,23,19,11,15,4,18,2],[7,15,3,23,11,19,13],[19,11,7,23,3,15],[15,19,11,3,23,7],[19,7,11,15,23,3],[15,23,19,3,11,7,2,21],[11,23,7,15,19,3],[11,3,19,23,15,7,18,22,8],[23,11,15,7,3,19],[23,3,15,19,11,7,10],[23,3,19,11,7,15],[23,3,11,7,15,19,14],[23,11,7,3,15,19,6],[15,7,11,19,23,3],[11,23,15,3,19,7],[23,15,11,19,7,3],[3,19,11,7,15,23],[19,23,11,3,15,7,12],[11,3,7,19,23,15,14],[11,19,3,23,7,15,12,9,10,8],[7,3,19,11,15,23,17,9,6,16,8,13],[7,11,19,3,23,15],[7,19,23,11,3,15],[23,7,3,11,15,19],[3,7,23,11,15,19,17,6,8,12,2,22,10,1],[7,23,3,15,11,19,6,21,12],[19,3,23,11,7,15,12,22,24,21],[19,3,23,15,7,11,17,1,8],[19,7,3,15,23,11],[3,15,23,11,7,19,16,4],[3,7,19,23,15,11,1],[19,7,3,11,23,15,17,8,22,4],[3,7,11,23,19,15,24],[7,19,15,11,23,3],[15,23,11,19,7,3],[23,7,19,15,11,3,12],[19,7,15,3,23,11,13],[7,19,15,3,11,23,10],[7,11,23,15,19,3],[11,19,7,23,15,3],[19,23,3,15,7,11],[23,3,19,7,15,11,10],[3,11,23,15,7,19,9,8],[23,7,19,15,11,3,12,6],[15,7,19,23,11,3,16,8],[3,19,7,11,23,15,22],[3,15,11,7,23,19],[11,7,15,3,19,23],[15,11,3,19,7,23,4,10],[7,19,11,23,3,15],[7,11,15,3,23,19],[23,7,11,15,3,19,2],[3,11,7,19,15,23],[15,3,19,7,11,23],[7,23,11,15,3,19],[19,23,3,15,7,11,9,1],[23,7,15,3,11,19,22,10],[3,19,15,23,11,7,22],[19,7,3,23,15,11,2,20],[15,3,11,19,23,7,8],[7,15,23,3,19,11,24],[15,11,19,3,23,7,10],[3,7,19,23,11,15,24],[15,11,23,3,7,19],[23,15,19,11,7,3],[3,7,15,19,23,11,24,9,1,6],[11,3,7,19,15,23,2,8],[11,23,3,19,7,15,20],[11,3,19,23,15,7,10,9,13],[15,3,7,23,19,11],[15,3,19,7,23,11],[15,11,7,19,23,3,17,8,1],[23,11,7,3,19,15,14,21],[23,7,19,15,3,11],[7,19,23,11,3,15,1,14,5],[11,7,3,15,23,19,21,1],[7,15,19,3,23,11,4,12],[3,19,11,23,7,15,18,22,21,17,5,2,20],[23,15,11,7,19,3],[11,15,7,19,3,23],[23,7,19,3,11,15,6],[23,7,19,15,3,11],[15,3,11,7,19,23,8],[19,23,7,11,3,15],[11,7,3,19,23,15],[23,7,3,19,15,11],[3,7,15,23,19,11,24],[3,15,19,23,7,11],[3,19,23,15,11,7,12],[11,7,19,23,3,15],[15,19,23,7,3,11],[11,7,3,15,19,23],[11,23,15,3,19,7],[23,15,3,7,19,11],[11,3,15,7,23,19],[15,7,23,3,11,19,5,13,20],[11,15,7,23,19,3,4],[19,23,7,3,15,11,12,4],[23,19,3,15,11,7,13,1],[19,15,7,11,23,3],[19,7,3,15,23,11],[7,15,11,23,19,3,10,21],[11,3,23,15,7,19,12],[19,23,15,3,7,11,24,10,5,17,2,8,6,22],[19,11,3,23,15,7,8,12],[15,3,7,23,11,19,1],[7,11,19,3,15,23],[19,15,11,3,7,23,13],[23,7,3,19,11,15],[3,11,23,15,19,7],[15,19,23,7,3,11,9],[15,23,11,7,19,3,5],[19,3,11,23,7,15,21,4],[19,7,15,11,23,3],[19,15,23,3,11,7,6,21,4],[7,11,23,19,3,15,9],[23,7,19,3,11,15],[15,3,11,23,7,19,12,8],[15,11,19,7,3,23,14],[19,15,11,7,3,23],[19,23,15,7,11,3],[11,19,3,15,23,7,13],[3,23,7,11,15,19,22],[23,11,7,15,3,19,5,17,1,9,6,18,8,22],[7,11,15,3,19,23,2,16,12,5,1,9],[23,19,11,7,15,3],[7,23,3,11,19,15,22],[11,15,23,3,7,19,20],[7,19,11,23,15,3,5],[19,15,11,23,7,3,14],[19,23,11,3,7,15],[19,15,3,23,11,7,8,13],[19,11,7,3,15,23,1],[15,11,7,3,23,19,21],[15,7,11,19,3,23,10,9,8],[19,23,11,3,15,7,16,18,22,13,17,6,5,20],[23,7,11,19,15,3,17,4,13,5,12,21,8],[19,3,7,11,23,15,21,16],[3,15,7,11,23,19,8],[3,11,23,19,15,7,24],[7,19,3,11,15,23,5],[19,11,15,7,23,3],[19,7,15,23,11,3,4],[15,19,7,11,3,23,13,18,2,5,22,4,21,20],[3,19,23,7,11,15,24],[11,23,3,7,19,15,1,18,4,12,8],[19,3,7,11,23,15],[19,3,7,11,23,15],[19,23,7,3,15,11,6],[19,11,23,7,3,15,4,5],[7,23,11,3,19,15,16,20],[3,19,15,11,23,7,13],[23,3,7,15,19,11],[11,23,15,19,3,7],[23,3,19,7,11,15,2,8,1],[19,15,3,23,11,7],[3,11,15,7,19,23,1],[7,3,19,15,11,23],[11,15,3,23,19,7,20],[11,19,7,3,15,23,4,14,6],[7,11,23,15,19,3],[19,15,23,3,7,11,9,21,24,17,5,18,20],[15,3,23,11,19,7,1,8],[23,7,11,3,15,19,12],[23,7,15,19,11,3],[7,11,19,23,3,15],[23,19,11,7,3,15,10,18,12,4,22,5,6,24],[23,11,3,19,7,15,21,14],[19,3,11,23,15,7],[15,19,7,3,23,11],[11,23,19,3,7,15],[19,15,7,3,23,11,13,16,5],[7,3,15,11,19,23,17,5,18,8,1,2,6,12],[19,23,7,11,3,15,4],[7,15,23,11,19,3,4],[3,23,11,19,7,15,22,24,9],[7,19,15,11,3,23],[3,23,11,15,7,19],[7,15,23,19,3,11],[7,23,3,19,11,15,13,2],[7,3,11,19,15,23,21,8],[19,7,23,11,15,3],[11,7,15,23,19,3],[11,3,15,7,23,19],[7,15,19,3,23,11,2,8,9],[23,15,3,11,19,7,13],[3,15,7,19,23,11],[7,11,3,23,15,19,17,6,8,5,12],[15,3,23,19,7,11],[19,7,23,11,15,3],[23,3,11,19,7,15,1],[7,11,15,23,3,19,5,1],[15,19,23,3,7,11],[7,3,11,19,23,15],[3,7,23,15,19,11,14,4,18,17,8],[7,15,23,19,11,3,22,24],[19,11,23,15,3,7],[7,19,23,3,11,15,13,6],[15,19,3,11,7,23,10,2,12,8],[19,3,7,23,15,11,6,13],[15,3,23,19,7,11,8],[19,23,7,3,11,15,18,17,6,8,1,4],[23,3,11,19,7,15,22,17,8],[19,23,3,15,11,7,22],[23,3,11,7,15,19,22],[11,19,15,23,7,3,16],[15,3,11,19,7,23],[7,23,11,3,19,15,20],[3,19,23,11,15,7,24],[11,3,23,15,19,7,16,24,5,14,18,17,8,1],[19,7,23,3,11,15],[11,19,23,15,7,3,1],[19,3,23,7,15,11,12,24,22],[15,23,11,19,7,3],[23,19,15,3,7,11,5],[19,23,15,3,7,11],[11,23,19,7,15,3,22],[3,11,23,19,15,7,18,20],[11,23,3,19,15,7,16,14],[11,15,23,7,19,3],[19,3,7,23,11,15,16,10,6],[23,3,19,7,15,11],[23,11,3,19,15,7],[23,15,11,7,3,19,24],[7,15,3,19,11,23],[3,23,7,19,15,11,5,8],[15,11,23,3,19,7,20],[23,7,3,15,11,19],[19,3,11,23,15,7,4],[11,7,3,19,15,23,6,10,4],[7,23,3,11,15,19],[3,11,15,19,7,23],[7,15,19,3,23,11],[7,3,15,11,23,19],[19,15,11,7,3,23],[19,11,7,3,15,23],[15,23,3,7,11,19],[7,19,15,23,11,3,12,18],[3,15,19,11,23,7],[7,3,15,23,19,11,17,10,8,5,20],[7,19,23,15,3,11,2,21],[15,23,7,11,19,3],[15,23,11,7,3,19,1,18,2],[19,15,11,7,23,3],[7,3,11,23,19,15,21],[7,15,11,23,3,19],[3,19,15,7,11,23],[23,3,11,7,19,15,2],[23,19,11,3,15,7,24],[23,7,19,11,15,3],[19,7,11,15,23,3,12],[19,11,15,23,7,3],[19,15,11,23,7,3],[19,23,7,11,3,15,10],[19,11,3,15,7,23],[19,7,11,3,23,15],[23,19,7,15,11,3,1],[19,3,23,15,11,7],[15,3,11,23,19,7,12,22,6,14,20],[19,7,11,23,15,3,5],[23,3,19,11,7,15,21,18,8],[3,11,15,23,7,19],[7,19,11,23,15,3,2],[23,3,19,11,15,7,4,20],[3,7,15,19,11,23,20,16,21],[15,3,7,19,11,23],[11,3,7,15,19,23,5],[15,23,19,11,7,3],[23,11,7,3,19,15],[23,15,3,19,11,7,6],[3,7,19,23,11,15,1],[3,15,23,11,7,19,8],[7,23,19,3,15,11],[15,23,3,7,11,19,20],[19,23,7,3,11,15,14],[7,19,15,23,3,11,6],[15,3,23,19,11,7],[7,23,3,19,15,11],[15,7,23,3,11,19],[23,15,7,19,11,3],[19,15,3,11,7,23],[7,3,15,11,23,19,13,5,2,6],[7,3,23,11,19,15,10,4,1],[15,23,19,3,11,7],[11,19,15,3,7,23],[3,19,11,7,23,15],[7,15,3,23,19,11,24],[19,7,15,23,3,11,8],[23,11,3,15,19,7],[19,15,3,11,23,7,10],[11,7,23,15,19,3,14,21],[23,15,3,7,11,19,22,21,20],[15,19,23,11,3,7],[3,15,23,19,7,11,13],[19,23,15,3,7,11,21],[7,15,23,11,3,19],[3,19,11,7,15,23,2,13],[19,15,3,23,11,7],[7,19,3,15,23,11,5,24],[7,3,23,11,15,19,16,22,17,4,5,8],[23,11,3,19,7,15],[23,3,7,11,15,19],[7,23,19,15,3,11],[23,11,3,15,19,7,24],[19,7,3,11,15,23,17,8,20],[11,15,23,19,3,7,8],[23,19,7,3,15,11],[23,15,11,7,19,3],[11,15,19,3,7,23],[11,19,23,15,3,7,16,9],[15,3,19,11,7,23,24,17,1,6,8],[11,19,7,15,23,3],[19,11,23,15,3,7,4],[7,19,3,15,11,23,18,22,24,21,20,1],[15,7,3,19,23,11],[15,23,19,3,7,11],[19,7,15,3,11,23,24,12],[19,3,11,7,15,23,16],[23,19,7,11,15,3,14,21,5,20],[3,19,15,7,23,11],[7,15,11,3,19,23,24],[23,7,11,19,3,15,8,20],[11,23,19,15,7,3,22,9,18,13,4,21,2,17,8],[23,15,3,11,7,19,14],[23,19,3,15,11,7],[23,3,7,11,15,19,14,1],[23,19,11,15,3,7],[15,23,3,11,19,7,20],[3,15,11,23,7,19,21,4],[11,3,19,23,7,15],[23,3,15,7,11,19,1,20],[7,3,11,19,23,15,5,24,18],[7,19,15,3,11,23,17,5,20],[3,19,15,23,11,7,9],[7,11,3,19,23,15,14,13,4],[7,3,19,23,15,11,16,2,4],[3,23,11,15,19,7,4],[23,11,15,3,19,7],[7,11,15,19,23,3,17,5,20],[23,19,15,3,7,11,16],[15,23,7,19,3,11,2],[3,15,7,11,23,19,10,6],[3,19,7,11,15,23,17,6,8,10,4],[15,11,19,7,23,3],[23,19,7,15,3,11,16],[23,7,3,19,11,15],[23,15,3,7,19,11,1],[11,15,3,19,23,7,22,10],[7,15,19,11,3,23],[3,15,19,23,11,7,1],[3,19,15,11,23,7],[15,19,7,23,11,3,12,18,20],[3,11,15,7,19,23,4,12],[19,11,3,23,15,7,20],[11,7,15,3,19,23],[7,23,11,19,3,15,20],[11,15,23,3,7,19],[15,7,3,11,19,23],[15,23,3,19,7,11],[7,11,23,3,15,19],[23,7,3,19,11,15,17,4,8],[3,7,19,23,15,11],[19,11,3,7,23,15],[3,19,23,15,7,11],[15,11,7,19,23,3],[23,7,3,19,15,11],[19,11,23,7,3,15],[23,11,19,15,3,7],[3,23,15,7,19,11,4],[19,15,3,11,23,7,2],[19,23,7,15,11,3],[11,7,23,15,19,3],[3,11,15,7,23,19],[19,15,3,23,7,11,4],[15,3,23,19,7,11],[23,3,11,7,19,15],[11,15,3,19,7,23,10,18,5,14,4,8],[15,7,23,19,11,3],[15,11,3,19,23,7,6],[19,23,7,15,3,11,6],[3,15,19,23,11,7,24,14],[11,3,7,19,23,15],[15,7,3,23,11,19],[7,23,3,11,15,19,2],[23,3,19,15,11,7],[23,3,15,11,19,7,13],[7,19,3,23,11,15],[3,7,19,11,15,23],[11,23,3,7,15,19,6,16,20],[15,7,11,3,19,23],[3,19,15,7,23,11,1,2,6],[3,7,23,19,11,15],[15,19,23,3,7,11],[23,15,3,11,19,7],[23,15,3,19,11,7,24],[3,23,7,11,15,19,5,18,21,17,6,20],[3,15,11,19,23,7,20],[11,7,19,15,23,3,21],[19,23,3,15,7,11],[11,7,19,3,15,23,17,8,4],[7,19,23,3,15,11,9,16],[15,7,3,19,11,23],[3,7,23,19,15,11],[19,11,15,23,3,7,16,20],[15,19,11,3,23,7],[3,23,11,7,19,15,21,22],[7,3,19,11,23,15],[11,15,7,3,23,19],[11,3,15,7,19,23,20],[15,23,7,11,3,19],[15,7,19,11,3,23,2],[19,15,3,7,23,11,13,8],[11,19,3,15,7,23],[3,15,11,23,7,19,10,6],[23,15,7,11,19,3],[23,15,19,11,7,3,5,18,20],[15,7,19,3,23,11],[23,3,11,15,7,19,6,2],[3,7,15,11,19,23],[11,19,7,15,23,3,9,13,10,6],[23,11,7,15,3,19,14],[15,3,7,19,23,11],[7,23,19,11,15,3,22,16],[15,23,3,7,11,19],[19,3,7,11,23,15,24,13,2,9,20],[7,19,3,23,11,15],[7,19,15,23,11,3,24,20],[11,15,19,3,23,7,18,4,20],[23,11,3,7,15,19,24,21,1],[3,15,19,11,7,23],[23,11,3,7,19,15],[19,11,7,15,23,3],[3,23,15,11,7,19],[19,3,23,15,7,11],[7,19,11,3,23,15,8,9],[7,3,15,11,23,19,17,5,2,20,22],[15,23,7,3,11,19],[7,19,23,3,15,11],[7,11,3,23,19,15,20],[7,23,19,15,11,3,22,6],[15,11,3,7,23,19,20],[19,3,7,15,23,11,9],[3,7,15,11,23,19,22,13],[11,23,3,19,7,15,22,12,4,5,21],[7,11,3,23,15,19,5,22,24],[7,11,19,15,3,23],[3,23,19,15,11,7,13,4,20],[23,7,19,3,15,11],[15,3,11,19,7,23,17,10,8,4],[23,19,15,11,7,3],[3,15,23,7,19,11,12],[23,11,19,3,15,7,22,6,4],[7,15,19,3,23,11],[23,7,19,15,3,11,17,1,4,6,5],[7,11,19,3,15,23,16,4,18],[7,11,23,3,15,19],[15,3,7,23,19,11,13,20],[7,3,11,15,23,19,13],[3,15,7,23,19,11],[15,3,23,19,11,7,13,21],[19,15,11,23,3,7],[3,15,11,19,23,7],[19,7,23,3,15,11],[15,7,3,23,19,11,8,4],[11,7,15,3,23,19,16],[11,23,19,3,15,7,2],[23,11,19,3,7,15],[11,19,15,7,3,23,18,1,22,24,8,12],[11,23,7,3,15,19],[7,15,11,23,19,3],[23,7,15,19,11,3,20],[7,19,15,23,3,11,4,6,5],[23,19,11,15,3,7,16,8,5],[7,15,19,23,3,11,22],[11,15,7,23,3,19,16],[15,7,19,11,23,3],[7,19,15,23,3,11,20,21],[3,7,11,19,15,23,13],[3,15,11,7,23,19],[11,19,3,23,15,7,6,20],[15,11,3,23,7,19],[19,7,3,11,23,15,12],[23,11,19,3,7,15],[15,19,7,11,23,3,22],[7,3,11,15,19,23,6],[11,7,23,3,19,15,8,18],[7,15,11,23,3,19,14,8],[15,23,3,19,11,7],[23,7,15,19,3,11,12,9,14,4],[15,23,19,11,7,3],[19,15,3,23,11,7],[19,7,15,3,11,23,12,20],[23,11,19,15,3,7,12],[19,23,11,3,15,7,8,21],[11,19,3,23,15,7,18,20],[7,23,11,15,19,3,21,24],[3,23,7,15,19,11],[7,23,11,15,3,19],[11,23,7,15,19,3,12],[23,19,7,15,3,11,22,4],[15,19,7,3,23,11],[19,23,11,7,15,3],[19,7,23,11,3,15],[23,7,15,11,19,3,1,12,16],[23,11,7,3,19,15,22],[11,19,15,23,3,7],[11,3,19,7,15,23],[23,11,7,3,19,15],[7,3,15,23,11,19],[23,15,19,7,3,11],[11,19,23,15,7,3],[19,23,3,7,11,15],[19,3,7,23,11,15,18,16,2,21,8],[11,23,19,7,3,15,22,18,14,1,4],[15,23,11,19,7,3],[19,11,15,7,3,23],[3,7,11,19,23,15,12],[11,7,23,19,3,15,21,22,2,13,8],[19,3,7,23,11,15],[11,3,7,15,23,19,24,17,6,2,8,1],[15,23,3,7,11,19,16,24,6],[15,23,11,7,3,19],[11,23,7,3,19,15],[23,11,15,7,19,3],[19,3,7,15,11,23,22],[3,15,7,11,19,23,22,9],[15,3,19,7,11,23],[23,15,3,19,11,7],[15,7,23,3,11,19],[19,15,7,23,3,11],[7,15,11,19,3,23,14],[7,19,23,15,3,11],[7,11,3,19,23,15],[15,19,23,7,11,3],[19,7,15,11,3,23],[11,19,23,3,7,15],[23,15,19,3,7,11,21,14,2,10,17,6,8,24,20],[19,11,7,15,3,23,24],[7,3,15,23,11,19],[3,19,11,7,23,15,18,2,14],[19,23,15,7,3,11],[7,19,23,11,3,15,18],[11,23,7,15,3,19,22,5],[19,15,3,23,7,11,12,5],[15,19,23,11,7,3],[7,15,23,11,19,3,14,5],[19,3,11,7,23,15],[7,11,15,3,19,23],[15,7,3,23,11,19],[15,23,3,7,19,11,6],[11,19,7,23,3,15,24],[3,23,7,15,11,19,21],[15,3,7,23,11,19],[3,11,7,15,23,19,24,12],[11,23,3,15,19,7,14,6,2,13],[15,7,3,11,19,23,2],[23,19,7,11,3,15,2],[15,19,11,3,7,23],[19,23,11,15,7,3,1],[7,23,11,19,15,3,20],[19,15,11,3,23,7,6,5],[11,19,23,15,7,3,6],[11,19,23,3,7,15],[3,23,19,15,11,7,8],[15,11,3,23,19,7],[7,3,11,23,15,19,10,16],[3,7,19,11,15,23,13,16,2],[3,19,7,15,23,11],[3,11,7,23,19,15,9,12],[23,15,7,19,11,3,24],[7,3,23,11,19,15,21],[3,7,11,19,23,15,14,16,21],[11,3,7,15,23,19,5],[7,15,3,11,23,19,12,10],[3,7,15,19,23,11],[23,7,3,15,19,11],[3,7,23,11,19,15,13],[11,19,3,7,23,15],[3,23,7,19,11,15],[15,7,3,11,23,19,20],[3,19,23,11,7,15,18,8],[23,3,7,15,19,11,18,4,2,6],[11,15,3,19,23,7],[11,7,3,19,15,23,18,5,10,1,20],[23,11,19,7,3,15,16,18,6,17,5,20],[3,7,23,19,15,11],[7,3,19,23,15,11],[11,3,15,7,19,23],[15,19,23,7,11,3,4,24],[11,3,23,7,19,15,18,17,5,8,4],[11,19,23,7,3,15,21,4],[15,7,19,23,11,3],[19,11,7,23,15,3,13],[3,11,19,15,23,7,10],[3,19,15,23,7,11],[11,23,7,15,3,19,20],[3,15,11,19,7,23,20],[7,15,3,11,19,23],[3,11,15,7,23,19,18,9,17,6,1,5,8,4],[3,11,7,19,23,15,16,2,8],[19,23,3,7,15,11,9,6,4],[3,7,11,19,15,23],[19,3,7,15,23,11,17,8,6,1],[15,3,23,7,11,19,10,13,4],[11,19,15,7,23,3],[19,23,3,11,15,7,1,2,17,6,5,16],[3,15,7,19,11,23,21,22,4],[3,7,23,11,15,19],[3,7,15,19,11,23,16],[11,19,3,23,7,15],[15,11,19,23,7,3,20],[7,15,11,23,3,19],[7,23,11,3,15,19,4],[7,19,11,15,23,3],[7,15,3,23,11,19,6,12,20],[23,3,15,7,11,19,8],[3,7,19,11,23,15,12,13],[19,7,3,11,23,15,21,12,1,2],[7,19,15,23,3,11,1,5],[19,3,7,15,11,23,16,18,17,8,1,21],[7,23,11,3,15,19,17,6,5,24,4,18,8,9],[7,15,3,23,11,19,1],[19,3,11,15,23,7,5],[11,23,15,7,3,19,14],[15,19,23,7,11,3],[3,7,23,15,19,11],[19,11,3,23,7,15],[3,7,19,15,23,11,17,21,6,20],[7,15,3,23,19,11],[15,7,23,3,11,19],[7,23,11,3,19,15,21,5,14],[15,7,19,3,11,23],[15,3,23,7,11,19,16,14,21,17,10,6,4,1,8],[19,11,15,3,7,23],[11,23,15,7,3,19,18,20],[3,23,7,19,15,11],[15,19,23,3,11,7],[23,3,7,11,19,15,24,4],[7,15,23,3,19,11],[11,23,3,7,19,15],[7,23,11,19,15,3,18,20]],"n_human":6}