{"problem_id":"4W7coF0Jo2y1IoS","sigma":75,"alpha":0.100,"cost":0,"probabilities":"[0.09, 0.03, 0.73, 0.15]","payoff_matrix":"[[-43, 32, -53, -109, -125, 44], [58, -45, -89, 61, -150, 71], [-13, -7, -66, -72, 51, -130], [1, -91, -106, 1, 93, -44]]","uncovered":[[7,11,3,23,19,15],[23,11,7,3,19,15,2,20],[19,23,3,15,11,7],[7,15,19,23,3,11],[3,11,7,19,15,23],[23,15,19,3,7,11,6],[11,7,23,15,3,19,5,6],[11,15,23,3,19,7,2,14,12,13],[11,7,15,23,19,3,4],[7,3,23,19,15,11,20],[15,3,23,11,19,7,5,24,1],[7,23,11,19,3,15],[11,19,15,3,7,23,22,10,6,24,18,4,1,20],[15,23,3,11,7,19,8],[23,7,19,11,3,15,6,1],[19,23,7,15,3,11,14],[23,3,19,7,15,11],[19,23,11,3,15,7],[3,7,11,19,23,15,24],[11,3,19,15,7,23],[7,15,11,23,3,19],[15,3,11,7,23,19],[19,23,3,15,7,11],[23,7,19,3,11,15],[23,11,7,15,19,3,22],[23,7,11,3,15,19,4],[3,19,7,23,15,11,13,20],[19,3,11,23,15,7,18,21,1],[7,19,3,23,11,15],[15,3,7,23,19,11,12,2],[3,19,15,11,23,7,4],[3,15,19,23,7,11,20],[11,3,7,23,15,19,12,4,17,6],[11,15,19,23,3,7,9],[23,19,11,3,15,7,2,6],[7,23,15,11,3,19],[11,19,15,7,3,23,21],[11,7,3,15,23,19,16],[11,19,15,3,7,23],[15,11,7,19,23,3,20],[15,23,7,3,19,11],[3,7,11,19,23,15,8],[3,19,15,7,11,23,17,5,8,12,10,13],[23,11,19,3,15,7],[23,7,19,15,11,3],[19,11,23,3,7,15],[11,7,3,23,19,15,21],[15,7,3,19,23,11,12],[19,23,3,7,11,15,16,2],[3,23,7,19,11,15,5],[23,19,3,11,7,15,4,6],[3,15,19,7,23,11,10,21,24],[15,19,7,23,3,11],[11,3,7,15,19,23,14,24],[19,11,23,3,7,15],[19,11,15,3,7,23,21,12,17,22,5,4,8],[3,7,19,15,23,11],[19,15,11,3,7,23],[3,19,15,11,23,7,22,20],[7,23,3,19,15,11],[3,19,23,15,7,11,13,10],[23,11,7,19,15,3,24],[11,15,7,19,23,3],[11,3,15,19,7,23,20],[7,3,15,19,11,23,6,13],[7,11,3,19,15,23],[3,11,19,15,7,23],[23,11,19,3,15,7,13],[11,7,19,15,23,3,5],[19,15,23,7,3,11,9,17,22,1,5,18,8],[23,11,3,15,19,7],[3,15,19,23,11,7],[19,7,23,11,15,3,12],[3,15,7,19,23,11],[3,15,7,19,11,23,4],[11,7,19,23,3,15],[11,23,7,3,19,15,5],[3,23,15,11,19,7,4],[19,7,15,11,3,23,24],[11,15,3,23,7,19],[15,19,7,23,11,3],[11,15,19,7,23,3,14,2,12],[11,23,19,7,15,3,14],[15,7,11,19,3,23,6,20],[3,15,23,7,11,19,4,1,13,10,9],[3,7,15,11,19,23,20],[3,15,11,19,23,7],[15,11,7,3,23,19,1,14],[3,19,23,11,15,7],[23,19,7,15,11,3],[19,11,7,3,23,15,13],[23,7,19,11,15,3],[15,19,3,7,11,23,2,10],[23,3,19,11,15,7],[3,15,11,23,7,19,22],[3,23,7,19,15,11,5],[15,19,3,11,23,7],[3,7,19,23,15,11],[3,19,23,7,11,15,8],[7,15,11,23,3,19,9],[23,3,15,19,7,11,2,1],[7,11,23,3,19,15,4],[19,7,23,15,3,11],[11,19,3,23,7,15,13],[19,11,23,7,15,3,24,20],[3,7,23,19,11,15,10],[23,19,15,3,7,11,8],[3,15,11,7,19,23,21],[7,23,15,3,11,19,13],[23,19,11,3,15,7],[15,23,19,3,7,11],[11,23,15,19,7,3],[3,19,15,7,11,23,22,12],[7,3,23,15,11,19,1,14,16],[15,7,19,3,23,11,1,9],[19,11,23,15,3,7],[19,7,15,11,3,23],[19,15,23,3,7,11,8],[23,7,19,11,3,15],[19,23,7,11,3,15],[3,7,15,11,19,23],[7,11,19,23,15,3],[15,23,19,11,3,7],[23,19,3,15,7,11],[15,19,7,11,3,23],[3,19,11,15,23,7,16],[3,7,15,23,11,19,6,2],[23,19,7,15,3,11],[3,19,23,7,11,15,21],[3,19,11,7,15,23],[15,3,19,7,11,23,20],[15,11,3,7,23,19],[11,15,3,7,23,19,24,13,1],[15,3,11,23,7,19,5],[11,19,7,3,23,15,20],[7,15,23,19,3,11,1,20],[7,19,23,11,15,3,9,18,21,16,17,8,2,4],[15,19,23,7,11,3],[15,19,7,3,23,11],[23,19,15,3,11,7,14],[3,23,19,7,11,15],[3,23,15,7,11,19],[3,19,23,11,7,15],[19,7,23,3,15,11],[11,7,19,15,23,3,12,17,8,2,1],[11,15,19,3,7,23],[23,15,3,19,7,11,1,13],[7,3,19,11,23,15,18,14,21,16,12],[15,23,11,7,19,3],[15,11,23,7,19,3,1],[3,19,23,11,15,7],[15,7,3,19,11,23,9,18],[7,15,3,11,23,19,18,20],[23,11,15,7,3,19],[19,11,23,3,7,15,10,2,4,1],[11,23,7,19,3,15,5,9,16,20],[7,3,15,11,19,23],[11,3,23,15,19,7],[3,7,19,15,23,11],[11,15,7,23,3,19,21,17,8],[15,11,3,19,7,23,5,12],[11,19,3,15,7,23,6,14,12],[15,23,3,7,19,11,10,12,6],[3,15,19,7,11,23,14],[19,11,3,23,15,7],[15,23,11,3,19,7,24,8],[19,23,3,15,11,7,24,5],[3,15,11,7,23,19,10,6,22,14],[11,3,23,15,19,7],[23,11,3,15,7,19],[3,15,23,19,11,7,8],[7,11,15,3,23,19],[7,3,23,11,19,15],[19,15,7,11,23,3,12,4],[23,3,15,11,7,19],[7,19,3,23,15,11,17,5,2,4,8],[3,19,23,7,15,11,12],[3,15,11,23,19,7,16],[19,11,3,7,15,23],[15,23,19,11,7,3,10],[11,7,23,19,15,3,9],[23,3,7,19,11,15],[3,7,19,23,15,11],[15,23,11,3,7,19,5],[15,3,11,19,7,23,5,18,12,24,20],[7,15,23,3,19,11,20],[19,11,7,23,15,3,10,17,4,5,20],[15,3,11,19,23,7,14],[23,3,19,15,11,7,5],[7,19,11,3,23,15,22,10],[19,3,7,11,15,23,6,10],[7,23,3,11,19,15],[3,7,15,11,19,23,24],[23,7,11,19,15,3],[11,7,19,3,23,15,5],[7,23,19,15,11,3],[7,23,15,19,11,3,2,1,14,6],[7,23,15,11,3,19],[7,3,23,19,11,15,5],[23,3,7,19,11,15],[7,15,23,3,11,19],[15,7,19,11,3,23],[23,11,19,3,15,7,9,16],[15,11,3,19,23,7,18,12,17,8,2,4],[3,23,15,7,19,11],[3,15,11,19,7,23],[7,19,15,11,23,3],[11,3,15,23,19,7,5,14,21,16],[23,19,3,11,7,15,10,13,6,8],[19,11,23,7,3,15],[3,15,23,7,19,11,9,22],[19,3,15,23,7,11,20],[3,23,15,19,7,11],[23,3,7,19,11,15],[3,15,7,11,23,19,9,4,16],[19,23,3,11,7,15,6],[3,19,15,11,7,23],[19,15,7,11,23,3],[11,15,19,7,23,3],[19,23,11,15,3,7],[7,19,23,11,15,3,16,24],[11,7,19,15,3,23],[19,23,15,11,7,3,21,5,8],[7,3,19,11,15,23,17,14,6,16,22,8,9],[15,19,11,23,7,3,21,22,17,6,20,2],[19,15,11,23,7,3,12],[23,11,15,7,19,3],[7,15,23,3,19,11,17,5,9,4,14,20],[3,11,23,15,19,7],[23,15,3,11,7,19,6,9],[23,15,11,7,3,19,22,16],[19,3,15,11,7,23,16],[15,11,3,19,23,7,12,20],[7,11,15,19,3,23,16,8,4],[15,19,11,23,7,3,20],[11,3,19,23,15,7],[15,19,23,7,11,3],[7,3,19,15,11,23,4,9],[19,3,11,15,23,7,2],[23,15,3,19,7,11,21,2],[7,3,19,23,11,15],[19,11,7,15,3,23],[15,19,3,11,23,7,2,18,6,22,20],[7,15,3,23,11,19,24,6],[23,15,19,7,11,3],[19,11,7,3,15,23,1],[15,3,7,23,11,19,13,10,9],[7,15,11,19,3,23],[11,7,3,19,15,23,13,5,20],[15,7,11,23,19,3],[19,23,11,7,3,15,13],[3,7,19,11,15,23],[3,15,23,7,19,11,12,2,9,21],[23,3,15,19,7,11,6],[15,3,19,7,23,11],[15,3,23,19,7,11,24,8],[15,11,19,3,23,7,1],[11,23,15,3,7,19,22,10,2,18,16,6,20],[19,11,23,3,7,15,9,22,10],[7,23,3,15,11,19,1,17,5,20],[7,19,15,11,3,23],[3,11,7,19,15,23,4],[7,23,19,3,11,15],[23,11,19,7,3,15,16],[11,19,7,23,3,15,6],[15,19,7,11,23,3],[19,15,3,11,7,23,6,21],[19,7,11,15,23,3],[15,7,23,11,19,3],[11,3,7,19,15,23,21,13,16,4,1,17,14,8],[19,23,3,7,15,11,10,14,6],[19,3,23,15,11,7,16,17,8,4,24],[19,3,7,23,11,15,13,6,5],[11,19,15,7,23,3,2,10],[15,3,11,19,7,23,5,20],[15,23,11,19,3,7,2],[15,11,23,7,19,3,14],[23,3,7,11,19,15],[15,7,19,11,3,23,21,2,20],[15,23,11,3,19,7,6],[23,15,19,11,7,3],[23,19,7,11,15,3,20],[23,3,11,15,19,7],[19,23,11,15,3,7,6],[23,19,15,11,3,7,10,12,8],[15,3,19,7,23,11],[19,3,7,11,15,23,16,5,8],[23,3,19,7,11,15,6],[3,15,7,19,11,23,22],[3,23,7,19,11,15,24],[19,7,3,11,23,15,22],[19,7,11,15,23,3,17,6,24,14,20,5],[19,11,23,3,15,7,1],[11,3,7,23,15,19],[11,3,19,15,7,23,16,5],[19,11,15,7,23,3],[7,3,11,23,15,19,18,13,24,6],[15,19,7,11,3,23],[11,3,23,7,19,15,14,1],[15,7,19,23,3,11,16],[3,15,23,19,7,11,22,10],[23,15,7,3,11,19,9],[11,15,19,23,3,7],[15,23,19,11,3,7],[11,7,15,19,23,3,22,21],[23,15,3,11,19,7,16],[7,15,19,11,3,23,16,17,10,18,8,4],[23,19,7,15,3,11,17,6,1,5,18,20],[11,3,19,23,15,7],[15,7,19,11,23,3],[23,19,11,7,15,3,8],[7,23,19,3,11,15,22,18,1,4,21,17,5,8],[11,23,3,7,19,15],[23,15,11,7,3,19],[7,11,23,3,15,19,4],[3,11,7,15,23,19],[7,11,3,23,15,19],[7,15,11,19,3,23],[7,19,23,3,11,15,16],[11,7,23,3,15,19,14,9],[7,23,19,3,15,11,24,1],[3,19,23,15,11,7],[23,3,15,19,7,11],[7,23,15,3,11,19],[11,15,23,3,7,19,21,4,10],[23,3,7,11,15,19],[7,11,23,19,15,3,1,6],[19,7,15,23,3,11,13],[3,23,19,11,15,7],[7,23,11,15,19,3],[3,7,19,23,11,15,1,17,8],[15,3,19,11,7,23],[3,23,11,7,19,15,18,6],[23,3,19,11,7,15],[19,7,23,3,11,15,5],[11,19,3,7,23,15,14],[7,19,23,15,11,3,5],[15,19,11,7,23,3,21],[19,11,23,15,7,3],[19,11,23,3,15,7,9],[15,11,3,19,23,7],[3,11,15,7,23,19,8],[23,15,7,19,11,3],[7,19,3,23,15,11],[19,15,3,11,23,7],[7,15,11,3,19,23,20],[7,19,11,23,3,15],[7,15,3,11,19,23,4],[19,7,23,15,11,3],[3,19,23,15,7,11,24],[11,7,19,15,3,23,5,24],[7,11,19,15,23,3],[7,11,19,15,3,23],[15,19,11,3,7,23,5,17,8,2],[11,3,23,7,19,15,17,18,6,2,5,4,20,24],[7,15,11,19,3,23,2,12,21,13,6],[19,11,23,3,15,7,12,4],[11,15,7,23,19,3],[7,3,19,15,23,11],[15,3,19,7,11,23],[7,3,23,11,19,15,21,22,20],[3,15,11,23,19,7,13,8],[3,15,19,11,7,23,1,12,22,9],[19,15,7,3,11,23],[11,15,23,19,7,3,13,14],[19,7,23,3,15,11,9,5],[3,23,7,19,15,11],[7,11,15,19,23,3],[23,3,15,11,19,7],[7,19,3,11,15,23],[15,23,7,11,19,3,20],[15,7,19,3,23,11,20],[11,19,15,7,23,3],[23,7,3,15,11,19,21],[11,7,23,19,15,3,10],[3,11,7,19,23,15],[23,11,15,7,3,19],[11,7,3,15,23,19,20],[19,11,7,3,23,15,5],[3,11,15,19,23,7,24],[11,3,15,23,19,7],[11,19,15,23,3,7],[15,11,23,19,7,3],[11,23,19,7,3,15,24,10],[19,3,7,23,15,11],[23,19,15,3,7,11],[15,7,23,3,11,19],[7,11,23,19,3,15,17,6,8,22,9],[3,15,11,23,19,7,4,18,2,24,1,12,5],[15,11,3,23,7,19],[11,19,7,15,23,3],[19,23,7,11,15,3,17,9,8],[15,7,19,23,11,3],[11,19,23,15,7,3,8],[23,15,19,3,7,11,21,8],[11,3,7,19,15,23,8],[15,7,11,3,19,23,24],[23,7,15,11,19,3,18,17,8,1],[15,23,19,7,11,3],[23,3,7,15,11,19,22],[19,7,23,15,11,3,10,4],[23,7,19,11,15,3],[11,19,3,15,7,23],[15,19,11,3,7,23,16,12,1],[7,15,23,3,19,11],[11,7,3,19,15,23],[3,23,19,7,11,15,10],[23,11,3,15,19,7],[15,7,3,19,23,11],[3,19,15,7,23,11,22],[3,15,11,7,19,23],[11,3,23,19,7,15,5,18,16,13,12,14,8,9],[3,23,19,11,7,15,6],[23,3,7,11,15,19,18,24,14,12,8],[11,19,23,3,7,15,20],[3,11,15,23,19,7,10],[11,19,7,15,23,3,20],[3,15,7,11,19,23,21,16,4,6],[23,15,7,19,11,3],[19,3,15,7,23,11],[19,3,7,15,11,23,9],[11,7,3,19,23,15,1,10],[11,23,3,19,15,7],[3,7,11,23,15,19],[11,23,7,19,15,3,4,8],[23,3,19,11,7,15,20],[23,19,15,11,3,7],[23,15,7,19,11,3],[3,7,15,23,19,11],[11,15,7,23,19,3,14],[19,23,7,3,11,15,21,13],[11,3,15,19,7,23,18,17,8,6,4,9],[23,11,7,15,19,3],[15,3,7,11,23,19,5],[3,15,23,11,19,7,14],[19,15,11,7,23,3],[11,23,3,7,19,15,13,1],[7,11,19,23,15,3,16],[23,15,11,7,19,3,8],[7,23,19,11,15,3],[19,15,23,7,3,11,5],[11,23,19,15,7,3,22,2],[7,23,11,3,15,19],[15,3,19,23,7,11,14,20],[19,23,3,15,11,7,1],[7,15,19,23,3,11],[15,3,23,19,7,11],[7,19,3,11,15,23],[23,7,11,15,19,3],[11,3,15,19,23,7,13,10],[15,19,23,7,11,3,13],[23,7,11,15,19,3,20],[19,3,7,11,23,15,6],[19,11,3,15,23,7,22],[3,7,15,11,23,19,9],[19,23,15,3,11,7,24,10,18,16,12,20],[19,23,3,7,11,15,2,8],[19,7,23,11,3,15,18,10,20],[23,11,19,3,7,15],[19,15,23,7,3,11],[23,7,15,19,11,3],[11,3,7,19,23,15],[15,23,19,11,7,3],[23,19,15,7,11,3,5,20],[11,3,19,23,15,7,8],[3,11,19,15,7,23],[19,3,11,15,7,23],[23,19,3,7,11,15,12,17,2,8,21],[11,3,19,15,7,23],[11,19,7,3,15,23,6],[11,3,7,23,19,15],[3,11,15,19,23,7,16,9],[7,3,19,23,11,15],[3,23,7,19,11,15],[15,19,3,7,23,11,24],[15,7,11,3,23,19],[3,7,15,19,23,11,1],[11,23,3,15,7,19,8],[7,11,23,15,3,19,18,17,8,1],[3,11,7,15,19,23,22,5],[23,3,19,11,7,15,4,22],[7,19,23,3,15,11,14,9,18,16,24],[19,3,11,23,7,15,13,17,6,22,16,10,18,5,2,1,20],[23,7,11,15,3,19,13,12],[19,11,7,23,15,3,8,24],[3,19,11,15,7,23,14,1,17,8],[23,11,3,15,19,7,8],[11,7,19,3,23,15],[11,3,23,19,15,7,2],[15,3,23,11,19,7],[19,7,11,15,23,3,2],[11,15,23,3,7,19],[15,3,23,7,19,11],[19,11,15,23,3,7],[11,15,23,3,7,19],[3,23,19,15,11,7,20],[19,23,7,3,15,11,8],[15,3,7,11,19,23,10],[3,23,7,15,19,11],[23,15,7,11,3,19,2,21,10,18,17,5,20],[15,11,7,23,19,3],[19,23,3,11,7,15,16],[19,11,15,7,3,23,1,13],[19,7,11,15,3,23],[23,3,11,7,15,19],[7,15,23,11,19,3,5,10,16],[11,15,7,23,3,19],[3,11,7,23,19,15],[23,3,15,19,11,7],[7,11,3,19,15,23],[7,15,11,19,23,3],[7,3,11,23,19,15],[23,3,15,7,19,11,14,9],[11,7,19,3,23,15,13],[23,15,3,19,7,11,5,1],[15,23,7,3,11,19],[23,3,11,19,7,15,20],[11,3,15,7,23,19,8],[11,7,3,19,23,15],[15,11,7,19,3,23],[19,11,7,15,3,23],[15,3,7,11,23,19,22],[7,19,3,23,11,15],[11,15,3,19,7,23],[3,15,19,11,23,7,1],[23,7,15,11,3,19],[23,19,7,3,11,15,16,17,8,4],[11,19,3,7,23,15,16],[3,7,11,15,19,23],[23,7,19,3,15,11],[15,19,23,11,7,3],[15,11,19,7,23,3,16],[11,7,3,15,23,19,9,18,24,13,12,21,17,8,4],[7,3,19,11,23,15,5],[15,11,3,23,19,7,22,9,18],[19,15,3,11,7,23,20],[11,19,15,7,3,23,8],[19,15,11,23,3,7,21,18,17,6,5,1,8],[7,11,23,3,15,19,1],[23,3,11,7,19,15],[15,7,3,19,23,11,6],[23,15,19,11,7,3],[3,7,19,11,15,23,8],[19,11,23,7,3,15,22,13,18,5,16,4,14,8],[7,11,23,15,19,3,10,6,13],[11,23,7,15,19,3],[3,19,7,11,23,15,1,13],[19,23,11,7,15,3],[19,15,7,3,11,23],[19,11,15,23,7,3],[19,11,3,15,23,7,5,22],[11,15,7,19,3,23,10,17,20],[7,11,15,23,19,3,8],[7,15,19,3,23,11,1],[11,7,23,3,15,19,12,22],[23,11,3,7,19,15,14,2],[19,23,15,3,7,11,17,8,13,16,4,2],[3,19,7,15,23,11,21,4],[19,23,15,11,3,7],[3,15,19,7,11,23],[11,23,3,19,15,7,10,18,8],[23,15,19,3,7,11],[23,11,3,19,15,7,5],[7,15,11,23,3,19],[15,19,3,7,11,23,9,8],[7,11,19,3,15,23,13,9,8],[15,11,23,7,19,3],[19,11,15,7,23,3,13,9,18,16,4],[19,11,23,7,3,15,18,8],[3,15,23,11,7,19,8],[23,3,7,11,19,15,4],[19,15,23,7,11,3,13,22],[7,19,11,23,15,3],[23,15,19,11,7,3,1],[11,15,3,7,23,19,12],[15,7,3,11,23,19,18],[15,11,23,19,7,3],[23,3,15,7,11,19],[19,23,11,15,7,3],[3,11,23,19,15,7,21,5],[15,7,23,19,3,11],[19,15,23,11,3,7],[3,11,7,23,19,15],[23,11,15,7,3,19,13,22,20],[23,3,7,15,19,11,2],[15,11,19,7,3,23],[3,19,23,15,7,11,5,2,6],[3,7,23,19,15,11,22,12,2,1],[7,11,19,23,15,3],[11,23,7,15,3,19,1],[7,11,3,23,15,19],[15,7,3,23,19,11],[15,11,19,3,7,23,16],[15,11,3,23,19,7,24,17,6,2,4,5,18,8],[23,7,15,3,19,11,5],[15,23,3,11,7,19,4],[11,23,7,3,19,15],[11,15,7,19,3,23],[7,23,15,19,11,3,13,24,10],[23,11,7,3,19,15,13,5],[15,19,23,11,7,3,13],[19,23,7,3,11,15],[15,19,23,11,7,3],[23,11,3,7,19,15,12],[19,7,15,3,11,23,17,5,20],[15,3,19,23,11,7,17,5,20],[7,23,11,19,15,3,6,22],[11,3,15,23,19,7,6,12],[7,19,23,3,11,15,13],[3,11,23,19,7,15,6,13],[3,15,7,23,11,19,12,17,6,5,2,8,9,24,14],[15,3,7,11,23,19,5,14],[3,7,15,19,23,11],[15,19,11,23,3,7],[7,23,19,11,3,15],[15,11,19,23,3,7,1],[7,15,23,19,11,3],[15,23,7,19,11,3],[15,19,3,7,23,11],[15,19,7,23,3,11,4],[23,15,11,19,7,3,12,17,8,10,2,16,4],[23,3,19,15,11,7,10,13,12,21,17,6,4,5,8,20],[19,23,11,15,3,7],[15,7,23,3,11,19],[11,3,7,23,15,19,6],[11,19,3,15,7,23],[7,23,15,11,19,3,22,5],[7,11,19,23,15,3],[15,19,23,3,7,11,8],[19,23,15,3,11,7,4],[7,19,11,3,23,15,20],[23,15,19,7,11,3,18,24,8],[23,19,3,7,15,11,17,5,6,12,4,24,18,20],[23,7,19,15,3,11,22,1,4,16,24],[11,7,3,19,23,15],[15,23,3,11,19,7,13,17,10,22,5,21,2,24,20],[7,23,15,3,11,19,13],[7,23,3,15,11,19],[23,15,3,11,19,7,5,17,8],[11,15,3,7,23,19],[7,3,19,23,15,11,1,17,6,12,20],[23,3,11,7,15,19,20],[3,7,15,23,19,11],[3,11,19,7,23,15],[19,11,15,7,23,3],[23,7,15,19,11,3,20],[3,7,19,15,11,23,20],[23,3,7,19,15,11],[23,3,19,11,7,15],[11,7,3,15,23,19],[23,19,11,3,7,15],[7,23,3,11,15,19,8],[3,15,11,19,7,23,22,18,17,8,1],[11,15,7,19,23,3],[23,19,3,11,15,7],[19,23,3,7,15,11,8,5],[15,3,11,7,23,19,17,21,5,2,24,20,13],[23,11,19,3,15,7,16,5,2,18,20],[23,7,3,11,19,15],[3,19,7,23,15,11],[23,19,3,15,7,11,10],[19,23,15,7,3,11],[23,11,3,19,7,15],[3,15,19,11,23,7,4,8],[11,19,7,3,15,23,1],[3,7,23,11,19,15],[7,3,23,15,19,11],[7,19,11,23,15,3],[7,15,19,11,23,3,16,24,12],[11,3,15,23,7,19,21,18,1,8],[7,19,3,23,11,15,22,21,17,8,16],[3,7,11,23,19,15,12],[3,23,11,7,15,19,8],[3,15,23,7,19,11],[23,15,19,7,3,11,20],[3,19,23,11,7,15],[23,7,15,3,11,19],[11,15,3,19,7,23,8],[7,15,11,23,3,19,14],[19,3,11,15,7,23],[7,23,11,3,19,15],[15,19,7,23,3,11],[19,7,3,23,11,15],[19,23,15,3,11,7],[3,23,15,19,11,7],[23,19,11,15,7,3,14],[19,23,15,11,3,7,18,1],[23,7,15,19,11,3,10],[15,23,11,7,19,3],[19,15,11,23,3,7,20],[3,7,15,19,11,23,12,13,21,24,10,1,16,18],[11,19,15,7,3,23],[15,11,3,23,19,7,16,24],[3,15,23,11,7,19,6],[15,23,3,11,19,7],[7,19,23,11,15,3,18,9,17,6,5,8,4,22],[11,19,7,15,3,23],[3,15,19,23,7,11,9,8,10],[7,3,19,15,11,23],[19,15,23,11,3,7],[3,11,23,15,7,19],[3,23,19,7,11,15,16,13,5,18,20],[3,15,7,19,11,23,10,18,4],[23,15,19,7,11,3,24,5],[23,3,19,11,15,7],[23,19,3,11,7,15,6,1],[11,15,7,23,3,19,6],[15,23,7,19,11,3],[23,3,11,19,7,15],[23,11,7,3,19,15,22,18,2,4,16],[23,7,3,19,11,15],[15,7,23,19,11,3,16],[3,7,11,19,23,15,4],[7,15,11,23,19,3],[19,11,3,7,23,15,9],[7,23,3,15,11,19,17,18,8,4],[23,15,11,3,7,19],[15,7,23,11,3,19,9,10],[15,7,3,19,11,23,21],[23,15,11,19,7,3],[23,15,7,11,19,3],[15,11,3,23,7,19],[15,11,19,23,3,7],[15,19,23,7,11,3,12],[7,3,23,15,11,19],[7,3,23,19,11,15,12],[3,15,19,11,23,7],[15,7,23,19,3,11,5],[11,23,15,3,19,7],[3,7,19,11,23,15],[15,7,23,11,19,3,1],[11,19,3,7,15,23,5,17,2,8,9,18,4],[23,11,3,19,7,15,13],[11,19,23,15,3,7,9,21],[19,23,7,15,11,3,13,4],[11,23,15,19,3,7],[3,11,15,7,19,23],[7,23,11,19,15,3],[19,15,3,23,11,7],[23,15,7,11,3,19,12,14],[15,19,11,3,23,7],[7,23,19,11,15,3,24],[11,3,7,19,23,15,22,24,10],[11,3,23,7,19,15,24],[3,23,7,19,15,11],[11,19,15,23,7,3],[11,23,15,19,3,7,2],[15,23,19,3,11,7],[15,11,3,23,7,19,20,4],[11,15,23,7,19,3],[11,23,7,19,3,15,21],[7,23,15,11,3,19,4,12],[19,7,15,23,11,3],[23,15,11,19,7,3,1],[19,23,7,3,11,15],[3,19,23,11,15,7,21,2],[11,3,19,15,7,23],[15,3,23,19,11,7,2],[7,11,19,15,23,3],[15,23,3,11,7,19],[23,7,3,19,15,11],[3,19,11,23,15,7,2],[23,3,19,15,11,7,10],[7,23,15,19,3,11,16,21,18,4,6],[7,11,23,19,15,3],[19,7,11,23,3,15],[7,23,11,3,15,19],[3,11,7,23,15,19,5,12],[7,15,3,19,11,23,17,24,8,21],[3,19,23,15,7,11,16,2],[15,3,11,19,23,7],[19,11,23,15,3,7,24,10],[19,3,23,11,7,15,1,5],[3,15,11,19,7,23,18,8],[19,7,11,23,3,15],[7,23,15,19,3,11,4,12],[19,11,3,23,7,15,24,9,10],[19,3,11,23,7,15],[23,19,15,3,11,7],[15,11,3,7,19,23,9],[19,23,7,15,11,3,6],[19,11,3,23,7,15],[19,23,15,11,3,7,1],[23,19,15,3,7,11],[3,7,11,19,15,23],[3,15,11,23,7,19],[19,11,23,3,7,15],[19,15,11,3,7,23,5,16],[15,23,7,11,19,3,21],[15,3,23,19,7,11,8],[15,23,7,3,11,19],[15,7,23,19,11,3],[11,15,23,7,19,3],[11,7,15,3,19,23,20],[19,15,23,11,7,3],[11,23,3,7,15,19],[15,7,3,23,19,11],[7,23,3,11,19,15],[19,11,3,7,15,23],[7,15,3,23,19,11,21,16,18,6,24,13,9,20],[15,23,3,19,7,11,13,17,6,8,12,1],[15,7,19,3,23,11,17,6,24,22,21,2,5,14,4,13,20],[11,7,15,19,23,3,4,22],[11,7,15,3,23,19,16],[7,23,3,11,15,19,6,13,16,21],[11,15,23,7,19,3,13,14],[11,7,3,19,23,15,4,13,16,18,12,6],[7,11,19,15,23,3],[7,19,15,23,3,11],[15,7,19,11,3,23],[11,23,15,7,19,3,18,4,6,10],[23,3,19,7,15,11,17,5,10,4,20],[3,15,23,11,7,19,18,2,24,10,20],[19,23,11,15,3,7],[7,11,3,19,15,23,2,5],[7,11,3,15,23,19,13,1],[23,11,19,3,7,15,17,5,6,18,20],[7,19,15,23,11,3,1],[15,23,3,11,7,19],[19,3,11,7,23,15,14],[11,7,3,15,23,19,9],[23,7,11,15,3,19,8],[23,19,3,7,15,11],[15,23,7,11,3,19,17,8,4],[3,19,15,23,7,11,18,24,20],[15,11,23,19,3,7,2],[23,11,19,15,7,3,22,16],[23,3,19,11,15,7],[3,15,23,11,19,7,24],[19,11,15,3,7,23],[3,23,7,19,15,11],[3,15,23,19,7,11],[15,11,7,19,23,3,21],[3,23,7,15,11,19,13],[7,3,23,11,15,19],[3,7,19,15,11,23,17,5,2,12,6,9,8],[19,15,23,7,11,3],[7,15,11,19,3,23],[7,3,15,19,11,23],[7,19,15,23,11,3],[19,23,3,11,7,15,6,21],[15,19,7,23,3,11,22],[7,15,3,23,19,11],[23,7,11,3,15,19],[7,3,23,11,19,15,2,21],[3,19,11,15,7,23,14],[19,7,15,23,11,3,8],[15,19,23,3,11,7],[7,15,3,19,11,23],[11,15,23,3,19,7,4],[15,11,23,19,3,7,21],[11,3,19,7,15,23],[7,3,11,19,15,23],[11,7,3,19,15,23,17,8,4],[19,3,11,23,7,15],[3,23,15,7,11,19],[15,19,7,11,23,3,8],[23,7,11,15,3,19,10,1],[15,23,7,11,19,3,17,13,8,16],[11,15,3,19,23,7],[3,19,23,15,7,11,16],[7,15,3,11,23,19],[15,19,11,23,3,7,20],[23,15,7,19,3,11,6,8],[3,19,23,11,7,15,4,10],[15,3,11,19,7,23],[15,7,11,19,3,23,13,9,10,4],[11,19,23,3,7,15,2],[19,7,3,23,11,15],[3,19,15,23,11,7],[15,23,11,7,19,3,14,1],[3,7,11,15,19,23],[23,7,11,19,15,3,17,10,8,1],[19,3,23,15,7,11,13,12],[11,15,7,3,19,23,24,12],[19,23,7,11,15,3,6],[15,23,11,3,7,19,17,6,8],[3,23,15,11,7,19,18,20],[15,3,23,11,19,7,12],[23,19,15,7,3,11],[19,11,15,7,23,3],[19,11,15,3,7,23,20],[3,15,11,19,7,23],[23,7,19,3,15,11,6,18,20],[15,11,3,7,23,19,6],[19,7,3,11,23,15],[19,15,7,11,3,23],[15,11,7,3,19,23,2],[23,15,3,19,11,7,1],[7,19,23,3,11,15],[19,11,23,3,15,7],[7,23,19,15,3,11],[11,15,23,7,3,19],[3,15,11,19,23,7,8,22],[23,11,15,19,3,7],[3,11,7,19,23,15],[11,15,7,19,3,23,17,8,10,12],[15,3,11,23,19,7,2,22],[23,19,3,7,15,11,17,20],[19,3,15,11,7,23,4],[7,15,3,11,23,19,14,13,8],[23,3,19,15,7,11,24,16],[3,11,23,7,19,15,6,14],[3,15,19,7,11,23,10,21,24],[15,11,23,7,19,3,13,20],[19,11,15,7,23,3,10,17,1,5,9,6,18,20],[11,7,3,15,23,19],[3,11,23,15,19,7],[19,7,3,11,15,23,20],[3,19,15,23,7,11],[7,23,15,3,11,19],[23,15,7,3,19,11],[23,7,15,11,3,19],[15,7,3,19,11,23],[7,3,19,15,23,11,14],[7,11,15,23,19,3],[7,3,19,23,11,15,18,5,14,20],[19,23,7,11,3,15],[15,19,11,7,3,23],[3,11,19,15,7,23,17,6,5,9,18,8,1],[3,15,19,11,7,23,5,18,20,13],[19,3,11,7,15,23],[19,23,11,7,3,15],[15,7,11,19,3,23,17,8,1],[3,11,15,7,19,23],[15,23,19,3,11,7],[23,19,11,7,15,3,22,8],[11,23,19,15,3,7,8],[7,19,23,11,3,15,12,5],[11,7,15,19,3,23],[15,7,11,19,3,23,14,21,22,2,6],[23,15,11,19,3,7,1],[23,11,3,7,19,15],[15,7,3,19,11,23,1],[19,3,23,7,11,15,4],[11,15,3,23,19,7,20,17],[11,23,15,3,19,7],[3,23,19,15,7,11],[3,7,19,15,23,11,16],[15,11,3,7,19,23],[15,3,23,7,11,19],[11,23,15,3,7,19,6],[19,7,15,3,23,11,17,5,2,20],[23,7,19,3,11,15,6,24],[3,11,15,23,19,7],[15,3,19,11,7,23],[23,3,11,7,19,15,5,6],[3,11,7,19,15,23],[3,19,15,7,11,23],[11,23,7,3,19,15,10,21],[3,23,15,7,19,11],[3,11,23,7,19,15],[3,23,15,11,19,7,6],[7,11,23,3,19,15,18,13,17,6,8,4,20],[3,15,19,7,11,23],[23,7,19,3,11,15,8],[11,7,23,15,3,19],[23,3,7,15,19,11,1],[3,11,19,23,15,7,13,18,17,8,4],[7,11,19,23,15,3],[11,19,3,15,7,23],[11,23,19,7,15,3],[19,11,3,7,23,15,1,16,10],[3,19,7,15,23,11,6,12],[15,7,19,11,23,3,20],[23,3,19,15,7,11,12,8,9],[11,23,15,7,3,19,21],[7,19,23,15,3,11],[7,11,3,23,19,15],[3,15,11,19,23,7],[11,3,23,15,7,19,17,6,5,22,9,8,1,2],[3,23,19,15,11,7,17,6,4,13,24,8],[3,15,23,19,11,7,22,9,13,21],[11,15,7,19,3,23],[15,3,7,23,11,19],[19,7,3,23,15,11,20],[7,15,23,3,11,19],[23,19,15,7,3,11],[3,19,7,11,23,15,2,4,16,12],[19,7,3,15,23,11,9],[7,11,3,15,23,19],[3,15,11,19,7,23],[3,11,7,15,19,23],[23,15,3,11,7,19,18,14,21,8],[19,7,3,11,15,23,13],[23,19,3,15,7,11],[3,7,15,23,19,11],[3,11,23,7,19,15,5],[23,3,15,11,7,19,8],[19,3,23,15,7,11],[3,23,11,15,19,7],[23,19,3,15,11,7],[15,7,23,19,11,3],[7,15,11,19,23,3],[23,15,19,7,11,3,6],[15,11,3,7,19,23,10,16],[7,23,3,19,11,15,10,12,22,8],[3,7,19,11,15,23],[19,23,7,15,3,11,5,17,18,8,1],[7,3,19,15,23,11,13,2]],"n_human":6}