{"problem_id":"500kBMJTI91iJ9H","sigma":150,"alpha":10.000,"cost":0,"probabilities":"[0.25, 0.27, 0.19, 0.29]","payoff_matrix":"[[-71, -225, 87, 202, 7, -40], [141, -17, 120, 221, -162, 42], [-128, 138, -169, -244, 89, -73], [61, 146, -327, -11, 127, -26]]","uncovered":[[20,8,18,12,4,6,2,1,5,16,24,14,13,23,22,15,3,17,21,19,11,10,7],[24,12,8,16,4,6,2,1,5,20,18,14,13,22,23,3,19,17,7,15,21,9,10,11],[20,8,18,16,12,4,2,6,5,24,14,13,1,22,21,3,17,19,23,9,15,7,11],[16,20,24,12,8,6,18,4,2,5,14,13,1,21,3,17,23,7,15,22,19,11,9,10],[4,20,2,18,16,24,12,8,6,5,14,1,13,22,21,3,19,17,7,10,11,23,15,9],[20,4,2,18,24,12,16,8,6,1,5,14,13,22,3,23,21,17,7,11,9,19,15,10],[24,12,4,20,18,8,6,2,5,16,14,13,1,22,3,23,17,9,10,21,15,19,11,7],[4,16,20,2,18,12,24,8,6,5,14,1,13,21,3,17,22,10,9,11,23,7,19,15],[4,20,18,12,24,8,6,2,5,16,14,13,1,22,21,15,3,17,19,23,9,11,7,10],[16,8,20,18,24,12,4,6,2,5,14,13,1,22,3,21,19,17,10,23,7,15,9],[16,4,24,20,18,12,8,2,6,5,14,13,1,21,3,23,19,17,22,15,9,7,10],[16,8,12,4,2,6,1,5,24,20,18,14,13,22,3,21,17,15,23,19,11,7],[4,20,2,18,8,6,5,12,16,24,14,13,1,21,3,17,22,7,10,15,19,23,11,9],[16,4,24,20,2,18,12,8,6,5,14,13,1,22,21,3,19,17,15,23,7,11],[16,4,8,6,2,1,5,20,18,12,24,14,13,23,17,10,3,22,9,11,21,7,15,19],[20,24,12,16,4,2,18,8,6,5,14,13,1,22,21,15,3,17,23,19,9,7,10],[20,24,12,4,2,18,8,6,5,16,14,13,1,23,19,15,3,17,22,21,9,7,11],[8,4,2,6,5,24,20,18,12,16,14,1,13,23,21,19,15,3,17,22,10,7,11,9],[8,24,12,16,4,6,2,5,20,18,14,1,13,22,21,15,3,17,19,23,9,11,10,7],[12,8,20,18,16,4,2,6,5,24,14,1,13,21,15,3,17,22,23,19,10,11,7,9],[8,12,24,16,4,2,6,1,5,20,18,14,13,22,21,3,17,11,10,9,15,19,23,7],[12,8,20,18,16,4,6,2,5,24,14,1,13,21,19,3,17,22,23,15,11,10,7,9],[20,8,6,18,16,24,12,4,2,5,14,1,13,22,21,19,3,17,9,15,23,7,10,11],[16,24,20,8,18,4,2,6,5,12,14,1,13,21,15,3,17,22,23,19,9,10,7],[8,4,6,2,5,24,16,20,18,12,14,1,13,22,21,15,3,17,7,19,23,9,10,11],[20,16,4,2,18,12,8,6,1,5,24,14,13,22,21,15,3,17,23,19,9,7,11,10],[24,8,16,12,4,2,6,5,20,18,14,13,1,21,3,19,23,17,11,15,22,7],[8,12,4,2,6,5,20,18,16,24,14,1,13,21,15,3,17,22,19,23,11,7,9],[4,24,20,2,18,8,6,5,12,16,14,13,1,23,19,15,3,17,22,21,10,9,11,7],[24,4,12,20,2,18,16,8,6,1,5,14,13,23,3,21,17,19,15,22,10,7,11,9],[24,16,8,12,4,6,2,5,20,18,14,1,13,21,15,3,17,22,19,11,23,10,7],[12,8,20,18,24,16,4,6,2,1,5,14,13,23,19,22,15,3,17,21,9,7,10],[8,20,6,18,16,24,12,4,2,1,5,14,13,22,21,3,19,17,15,23,9,10],[8,12,16,24,4,6,2,5,20,18,14,13,1,22,23,3,17,21,15,19,9,10,7,11],[12,20,8,18,24,16,4,6,2,5,14,13,1,23,15,3,17,22,21,11,19,7],[24,20,8,18,16,4,2,6,1,5,12,14,13,22,21,15,3,17,19,23,11,7,10],[4,12,24,20,18,16,8,6,2,1,5,14,13,21,3,10,17,22,15,23,19,11,7],[4,20,18,8,6,2,1,5,24,16,12,14,13,22,21,15,3,17,19,23,11,7,10],[16,20,12,8,6,18,24,4,2,5,14,1,13,22,21,3,17,7,23,9,10,15,19],[20,12,4,2,18,16,24,8,6,1,5,14,13,22,21,15,3,17,19,23,10,9,11,7],[24,4,16,8,2,6,5,20,18,12,14,13,1,22,21,3,23,17,19,15,9,7,10],[4,12,24,20,2,18,8,6,1,5,16,14,13,21,3,19,17,22,10,15,23,11,7,9],[16,4,24,12,8,6,2,1,5,20,18,14,13,22,21,3,17,15,23,19,9,10,7],[4,12,8,2,6,5,20,18,16,24,14,13,1,22,21,10,15,3,17,9,19,23,7],[4,12,16,24,20,18,8,2,6,5,14,1,13,22,23,3,19,17,11,9,15,21,7,10],[16,8,24,4,6,2,5,12,20,18,14,1,13,22,3,21,19,17,15,23,10,7,11],[24,16,4,12,8,6,2,1,5,20,18,14,13,22,21,15,3,17,23,19,9,7,10],[4,16,20,2,18,24,8,6,1,5,12,14,13,21,15,3,17,22,19,23,7,11],[12,24,4,8,2,6,1,5,16,20,18,14,13,22,21,15,3,17,19,23,11,7,10,9],[4,20,18,12,24,16,8,6,2,1,5,14,13,22,23,3,19,17,21,10,7,11],[24,8,12,16,20,18,4,6,2,1,5,14,13,22,21,3,23,19,17,10,11,7],[16,12,4,24,20,18,8,6,2,1,5,14,13,22,21,17,3,19,15,23,7,9,11,10],[12,16,4,24,8,6,2,1,5,20,18,14,13,22,21,3,17,7,11,10,23,9,19],[16,12,20,4,2,18,8,6,5,24,14,13,1,21,3,22,17,7,15,19,23,10,11,9],[12,4,16,24,20,2,18,8,6,5,14,13,1,22,21,3,17,10,11,15,23,19],[20,16,4,18,12,8,2,6,5,24,14,1,13,21,15,3,17,22,19,23,10,11],[4,16,12,20,2,18,8,6,1,5,24,14,13,22,21,17,3,23,15,19,10,9,7,11],[12,4,20,2,18,16,24,8,6,1,5,14,13,22,19,21,3,17,9,11,15,23,7,10],[20,4,2,18,24,16,8,6,5,12,14,1,13,22,19,21,10,9,3,17,11,15,23,7],[4,24,16,8,6,2,1,5,12,20,18,14,13,22,21,17,15,3,19,23,9,10],[20,12,16,24,4,18,8,2,6,5,14,1,13,21,22,3,17,23,11,7],[24,20,12,16,4,18,8,2,6,5,14,1,13,22,21,17,3,23,9,7,19,10],[4,12,24,20,2,18,8,6,5,16,14,13,1,22,23,17,3,15,21,19,7,11,9,10],[4,20,18,12,24,16,8,2,6,5,14,1,13,22,21,3,17,10,23,19],[20,4,2,18,8,6,1,5,12,24,16,14,13,21,15,3,17,22,23,11,19],[20,4,18,12,24,16,8,2,6,1,5,14,13,22,21,15,3,17,19,23,9,11,10,7],[20,4,18,24,8,6,2,5,12,16,14,13,1,22,15,3,21,17,23,19,11,9,10,7],[20,16,8,18,4,2,6,5,12,24,14,13,1,22,15,3,21,17,19,23,7,11,9,10],[4,8,2,6,5,12,16,24,20,18,14,13,1,22,21,3,15,17,19,23,9,7,10,11],[24,4,12,20,2,18,8,6,1,5,16,14,13,21,19,15,3,17,22,23,10,9,7,11],[8,24,12,16,4,6,2,1,5,20,18,14,13,23,3,22,17,21,7,19,9,15,10],[4,12,20,18,16,24,8,2,6,1,5,14,13,22,21,15,3,17,23,19,11,10,7],[8,4,2,6,1,5,12,16,24,20,18,14,13,22,21,3,19,17,23,7,15,9,10],[4,12,24,16,8,6,2,5,20,18,14,1,13,22,23,17,15,3,21,19,11,9,7,10],[16,24,4,20,18,12,8,6,2,5,14,1,13,23,17,15,3,22,21,19,9,7,10,11],[24,4,12,16,8,6,2,1,5,20,18,14,13,23,21,15,3,17,22,19,11,7,10,9],[20,12,4,2,18,16,8,6,1,5,24,14,13,21,15,3,17,22,23,19,11,9,7,10],[24,12,16,4,20,18,8,2,6,5,14,13,1,21,10,3,19,17,15,22,23,9,7],[20,8,6,18,24,16,4,2,5,12,14,13,1,21,15,3,17,22,19,23,10,7,9],[24,4,16,8,6,2,5,20,18,12,14,13,1,23,19,3,17,22,21,7,15,9,10],[20,4,2,18,12,8,6,5,24,16,14,13,1,22,21,3,17,10,23,19],[20,4,18,16,8,6,2,1,5,24,12,14,13,22,21,15,3,17,23,19,7,9,10,11],[24,16,8,20,6,18,4,2,5,12,14,13,1,22,21,3,9,17,10,7,23,19],[8,16,4,6,2,1,5,24,12,20,18,14,13,22,21,15,3,17,23,19,11,7,9,10],[20,8,6,18,12,4,2,5,24,16,14,13,1,21,3,17,11,22,7,19,23],[4,24,16,8,6,2,1,5,12,20,18,14,13,23,3,22,19,17,11,10,15,21,7],[4,24,8,6,2,5,16,12,20,18,14,1,13,22,23,3,10,15,17,21,19,9,7],[4,16,12,8,6,2,5,20,18,24,14,1,13,23,15,3,17,22,21,19,7,9,11,10],[4,24,16,12,20,2,18,8,6,1,5,14,13,22,21,15,3,17,23,19,7,11],[20,8,6,18,4,2,5,24,12,16,14,1,13,22,21,15,3,17,23,19,10,7,11],[4,24,20,18,16,12,8,2,6,5,14,13,1,22,23,3,17,21,9,7,11],[8,24,12,20,6,18,16,4,2,5,14,13,1,23,3,17,21,9,7,22,15,19,10,11],[4,16,20,18,8,6,2,5,24,12,14,1,13,23,22,17,3,9,7,10,15,21,19],[12,8,20,6,18,24,4,2,1,5,16,14,13,21,15,3,17,22,23,19,10,9,7],[12,4,8,6,2,5,16,24,20,18,14,1,13,22,21,3,17,19,15,23,11,7],[24,4,8,2,6,1,5,16,12,20,18,14,13,22,23,3,19,17,21,7,10,9,15,11],[20,24,12,8,18,16,4,2,6,5,14,1,13,22,3,21,17,15,23,19,11,7,9,10],[20,16,12,8,18,4,2,6,1,5,24,14,13,22,21,3,23,19,17,11,9,15,7],[8,20,18,12,16,24,4,2,6,5,14,1,13,22,21,19,3,23,17,9,7,10],[12,20,8,6,18,24,16,4,2,5,14,1,13,21,3,23,19,17,10,7,11,22,9],[20,16,8,18,24,4,6,2,1,5,12,14,13,22,21,23,15,3,17,19,10,11,7,9],[4,8,2,6,5,12,20,18,24,16,14,13,1,21,3,17,22,15,19,23,9,10,7,11],[16,20,8,6,18,24,12,4,2,1,5,14,13,22,3,21,19,17,7,9,10,11,15,23],[4,12,16,20,2,18,24,8,6,1,5,14,13,21,15,3,17,22,23,10,19,9,7,11],[24,4,16,8,2,6,1,5,12,20,18,14,13,22,21,15,3,17,19,11,23,10,7,9],[16,8,20,18,4,6,2,5,24,12,14,13,1,21,3,22,23,17,11,10,9,7,15,19],[24,12,20,16,8,6,18,4,2,5,14,1,13,21,15,3,17,22,9,19,23,11,7],[12,8,4,2,6,5,24,20,18,16,14,13,1,22,3,21,19,17,11,10,7,9,23],[8,12,16,4,2,6,5,24,20,18,14,13,1,22,21,3,17,10,7,15,19,23,11],[20,8,6,18,4,2,1,5,16,12,24,14,13,23,22,3,17,10,21,11,15,19,7,9],[20,4,2,18,12,24,16,8,6,1,5,14,13,21,3,15,17,22,23,19,9,11,7,10],[8,16,12,4,2,6,5,24,20,18,14,1,13,23,15,3,17,22,21,19,11,7,9],[8,12,4,6,2,1,5,20,18,24,16,14,13,23,21,3,17,9,15,22,19,7,10],[16,12,4,8,2,6,1,5,24,20,18,14,13,23,15,3,17,22,21,19,11,10,7],[12,16,8,4,2,6,1,5,20,18,24,14,13,22,21,15,3,17,9,19,23,11,7,10],[16,20,8,18,24,4,6,2,1,5,12,14,13,22,15,3,21,17,23,11,19,7,9],[4,20,18,8,6,2,5,12,16,24,14,13,1,23,3,21,19,17,22,9,10],[16,8,4,2,6,1,5,12,24,20,18,14,13,22,23,3,17,11,9,10,21,15,19,7],[24,12,4,16,8,6,2,5,20,18,14,1,13,22,21,15,3,17,19,23,10,9,11,7],[24,8,12,16,20,18,4,2,6,1,5,14,13,22,21,3,17,11,7,10,15,23,19,9],[8,24,4,6,2,5,12,20,18,16,14,1,13,23,21,15,3,17,22,19,11,7],[8,20,6,18,24,12,4,2,5,16,14,1,13,22,23,3,17,10,19,7,21,15,9,11],[8,12,20,18,4,6,2,1,5,16,24,14,13,23,17,3,22,11,10,15,21,19,7,9],[4,24,16,12,8,6,2,1,5,20,18,14,13,22,15,3,21,17,19,23,10,7,11],[4,12,8,2,6,5,16,20,18,24,14,13,1,21,3,19,15,17,22,23,9,10,7,11],[4,12,24,16,8,2,6,1,5,20,18,14,13,22,15,3,21,17,19,23,10,7,11,9],[16,20,4,2,18,12,8,6,5,24,14,13,1,23,22,3,17,7,21,9,10,15,19],[16,8,24,4,6,2,1,5,12,20,18,14,13,23,3,22,17,11,21,19],[4,12,20,18,16,8,6,2,1,5,24,14,13,22,3,21,17,11,15,19,23,7],[8,16,4,2,6,1,5,24,20,18,12,14,13,21,3,17,22,15,23,19,9,11,10,7],[24,4,20,2,18,8,6,5,12,16,14,13,1,22,21,17,3,9,7,15,23,19,10,11],[4,8,6,2,1,5,16,12,20,18,24,14,13,22,21,15,3,17,19,23,10,7,11],[12,20,16,24,4,2,18,8,6,5,14,1,13,22,23,3,19,17,9,15,21,10,11,7],[24,12,4,16,20,18,8,6,2,5,14,1,13,21,3,19,17,22,11,9,23,15,7],[12,16,20,8,18,24,4,2,6,1,5,14,13,23,15,3,17,22,21,19,11],[20,4,2,18,24,12,16,8,6,5,14,1,13,21,15,3,17,22,23,11,19,10,7],[16,20,24,12,8,6,18,4,2,1,5,14,13,22,3,21,11,19,17,23],[4,20,2,18,12,8,6,1,5,24,16,14,13,22,21,7,11,17,15,3,19,23,10,9],[20,8,6,18,12,16,24,4,2,5,14,1,13,22,21,15,3,17,19,23,7,10,9],[24,4,20,18,8,6,2,5,16,12,14,13,1,22,15,3,21,17,19,9,23,10,7,11],[8,20,6,18,24,4,2,1,5,12,16,14,13,23,15,3,17,22,21,9,19,7,10],[4,12,20,2,18,16,8,6,1,5,24,14,13,22,19,21,15,3,17,23,10,11,7],[20,8,18,16,4,2,6,1,5,24,12,14,13,21,15,3,17,22,19,23,10,9,7],[4,16,20,2,18,12,24,8,6,5,14,13,1,23,22,15,3,17,21,19,10,11,9,7],[24,12,16,20,4,18,8,6,2,5,14,1,13,21,15,3,17,22,19,23,11,7,10],[4,8,2,6,1,5,20,18,24,12,16,14,13,22,21,17,3,11,9,23],[20,12,24,8,6,18,4,2,5,16,14,13,1,21,3,17,22,19,9,23,15,7,10,11],[16,8,20,6,18,12,24,4,2,1,5,14,13,22,21,17,15,3,19,23,11,10,9,7],[24,16,20,4,2,18,8,6,5,12,14,1,13,21,3,17,19,22,11,23,15,10,7,9],[20,12,24,4,2,18,8,6,1,5,16,14,13,22,21,3,19,17,11,23,10,15,7],[8,20,6,18,12,16,24,4,2,5,14,13,1,21,3,19,17,23,11,9,7,15,22,10],[4,12,20,2,18,24,8,6,1,5,16,14,13,22,15,3,21,17,23,19,7,11],[24,12,16,20,8,6,18,4,2,1,5,14,13,22,23,3,19,17,21,11,9,10,7],[8,12,16,4,6,2,5,20,18,24,14,1,13,23,21,17,3,9,22,7,11,19,15],[8,16,12,20,6,18,4,2,5,24,14,1,13,22,23,15,3,17,21,19,9,10,7,11],[16,8,20,18,4,2,6,1,5,24,12,14,13,22,21,17,3,7,15,19,23,9,11],[24,12,16,20,8,18,4,6,2,5,14,13,1,22,21,3,19,17,15,23,9,11,7,10],[8,20,18,4,2,6,1,5,16,24,12,14,13,21,3,9,22,19,7,17,11,10,15,23],[24,16,12,8,20,18,4,2,6,5,14,13,1,22,21,15,3,17,19,23,10,7,9],[4,20,18,16,24,8,6,2,1,5,12,14,13,22,19,21,17,3,23,9,7,10,11],[16,12,24,4,20,18,8,2,6,5,14,1,13,21,15,3,17,22,19,23,10,9,7,11],[16,20,12,4,2,18,24,8,6,5,14,13,1,22,21,15,3,17,19,23,9,11,10,7],[16,8,12,24,20,18,4,6,2,5,14,13,1,23,17,3,22,9,10,11,21,15,19,7],[4,12,20,2,18,8,6,5,16,24,14,13,1,23,17,15,3,22,21,19,9,10,7],[12,8,16,24,20,6,18,4,2,5,14,1,13,22,21,17,15,3,19,23,11,10,7,9],[12,16,20,8,18,4,6,2,5,24,14,1,13,21,15,3,17,22,7,23,19,10,11,9],[20,4,18,12,16,24,8,6,2,1,5,14,13,21,23,15,3,17,22,19,10,11,7],[24,20,16,8,6,18,4,2,1,5,12,14,13,22,21,3,17,7,9,11,23,19],[4,12,20,2,18,16,8,6,5,24,14,13,1,23,22,15,3,17,21,19,11,10,9],[8,4,6,2,5,16,12,20,18,24,14,13,1,22,23,15,3,17,21,19,9,11],[4,16,20,2,18,8,6,1,5,24,12,14,13,22,21,15,3,17,10,19,23,9,7],[16,4,12,8,2,6,5,24,20,18,14,13,1,22,11,21,3,19,17,15,23,7],[24,4,20,2,18,16,12,8,6,1,5,14,13,22,21,15,3,17,19,9,23,10,7,11],[8,24,16,12,20,18,4,6,2,5,14,13,1,22,15,3,21,17,23,19,9,7,11],[16,8,20,6,18,24,4,2,1,5,12,14,13,21,15,3,17,22,19,23,10,9,7],[24,16,4,12,20,2,18,8,6,1,5,14,13,21,15,3,17,22,19,23,9,7,10],[4,24,8,2,6,5,12,20,18,16,14,1,13,22,23,15,3,17,21,19,10,9,7,11],[12,20,16,8,18,24,4,2,6,5,14,13,1,22,15,3,21,17,19,23,11,9,7],[8,12,16,24,4,2,6,5,20,18,14,13,1,22,23,3,17,15,21,19,9,10,11,7],[16,20,12,24,4,2,18,8,6,5,14,13,1,22,21,15,3,17,19,23,7,11],[20,4,18,24,16,8,6,2,1,5,12,14,13,23,19,15,3,17,22,21,11,7,9],[4,16,20,2,18,24,8,6,5,12,14,13,1,22,15,3,21,17,23,19,11,9,7,10],[24,20,4,18,12,16,8,2,6,5,14,13,1,22,23,15,3,17,21,19,11,9,7,10],[20,24,4,2,18,8,6,1,5,12,16,14,13,22,15,3,21,17,19,23,11,10,7],[20,8,6,18,4,2,5,12,16,24,14,13,1,22,3,21,9,11,17,23,15,19,7],[24,4,16,8,6,2,1,5,12,20,18,14,13,22,21,3,19,17,23,11,15,10,7],[20,24,8,18,16,12,4,6,2,1,5,14,13,21,3,11,23,19,17,9,10,22],[16,24,20,4,2,18,8,6,5,12,14,13,1,21,15,3,17,22,23,19,9,10,7],[8,12,20,18,4,6,2,5,24,16,14,13,1,22,21,15,3,17,23,19,9,7,11,10],[20,4,2,18,12,24,16,8,6,5,14,1,13,22,21,3,17,11,9,23,7,19,15],[4,20,2,18,12,16,8,6,1,5,24,14,13,22,23,19,3,17,7,21,15,11,9],[8,16,12,4,2,6,1,5,20,18,24,14,13,23,3,17,11,22,15,21,19,9,7],[16,4,20,18,24,8,2,6,5,12,14,13,1,22,21,15,3,17,23,10,19,9,7],[16,8,4,6,2,5,24,12,20,18,14,13,1,22,21,15,3,17,19,23,10,11,7,9],[4,12,16,20,2,18,8,6,5,24,14,13,1,22,3,21,11,17,7,15,23,19],[4,12,20,2,18,16,8,6,5,24,14,13,1,21,3,17,22,9,11,23,10,7,19],[20,24,4,2,18,12,8,6,5,16,14,1,13,22,23,15,3,17,21,19,11,9,7,10],[24,20,16,12,8,6,18,4,2,1,5,14,13,22,21,15,3,17,7,23,19,10,9],[20,24,16,12,8,6,18,4,2,1,5,14,13,21,15,3,17,22,19,23,9,7,10,11],[12,16,4,20,18,24,8,6,2,1,5,14,13,22,21,3,17,11,7,15,19,23,10,9],[12,8,24,4,2,6,5,16,20,18,14,1,13,22,21,3,17,7,10,9,15,23,19],[24,8,20,18,12,16,4,2,6,5,14,1,13,21,15,3,17,22,19,23,9,7,11,10],[16,20,12,4,2,18,24,8,6,1,5,14,13,21,3,10,17,22,7,11,23,9,19,15],[16,12,8,20,6,18,4,2,1,5,24,14,13,21,15,3,17,22,19,23,10,9,7,11],[24,16,12,20,4,2,18,8,6,5,14,1,13,22,21,15,3,17,19,23,9,10,7,11],[16,20,24,12,8,18,4,6,2,1,5,14,13,23,15,3,17,22,21,19,10,9],[4,16,24,12,8,6,2,1,5,20,18,14,13,21,3,17,22,23,9,10,11,15,19],[20,24,12,16,4,18,8,2,6,5,14,13,1,22,21,15,3,17,23,19,9,10,7],[12,8,24,16,4,6,2,5,20,18,14,1,13,21,15,3,17,22,19,23,9,11,7,10],[20,8,6,18,12,24,16,4,2,1,5,14,13,21,17,15,3,22,19,23,9,7,10,11],[12,24,8,20,6,18,16,4,2,1,5,14,13,22,21,15,3,17,23,19,7,10,11,9],[20,4,2,18,16,12,8,6,1,5,24,14,13,23,15,3,17,22,21,19,10,9,11,7],[20,8,6,18,12,24,16,4,2,1,5,14,13,23,15,3,17,22,21,19,10,11],[12,20,16,8,6,18,24,4,2,5,14,13,1,22,21,3,17,7,23,10,19,15,9],[4,16,20,2,18,24,12,8,6,5,14,1,13,22,21,17,3,10,9,15,19,23,7,11],[4,20,18,24,16,12,8,2,6,5,14,1,13,23,21,15,3,17,22,19,9,7,10,11],[24,8,20,6,18,16,4,2,5,12,14,13,1,21,9,3,22,19,17,23,7,15,11,10],[12,16,4,8,6,2,5,24,20,18,14,13,1,22,21,17,3,23,11,15,19,7,9],[24,20,8,6,18,12,4,2,5,16,14,13,1,22,21,15,3,17,23,19,11,7,10,9],[12,16,4,8,2,6,1,5,20,18,24,14,13,23,15,3,17,22,21,19,11,7,9],[4,16,20,2,18,8,6,1,5,12,24,14,13,21,3,23,19,17,9,7,15,22,11,10],[12,24,8,20,18,16,4,2,6,5,14,13,1,22,3,21,17,15,10,19,23,9,11,7],[16,8,20,18,12,24,4,2,6,1,5,14,13,21,15,3,17,22,23,19,7,11,10],[4,20,18,8,2,6,5,16,12,24,14,1,13,21,19,23,3,9,17,11,22,15,7,10],[8,16,4,6,2,5,12,20,18,24,14,1,13,21,3,19,10,17,22,11,15,23,9,7],[4,24,16,12,20,2,18,8,6,5,14,1,13,21,22,15,3,17,19,23,9,10,11],[16,20,24,4,2,18,12,8,6,5,14,1,13,22,21,7,23,15,3,17,19,10,9],[12,4,20,18,8,2,6,5,16,24,14,13,1,21,15,3,17,22,23,19,11,7,9,10],[12,16,8,20,6,18,4,2,5,24,14,13,1,22,21,3,15,17,19,7,23,11],[8,16,24,4,2,6,1,5,20,18,12,14,13,22,23,3,7,19,17,10,21],[16,20,12,24,4,18,8,6,2,1,5,14,13,22,21,19,17,10,3,11,9,15,23,7],[16,8,12,24,4,6,2,5,20,18,14,1,13,23,17,22,15,3,21,19,9,7,10],[20,12,8,18,4,2,6,1,5,24,16,14,13,23,22,3,21,15,17,19,9,7,11,10],[16,12,24,8,4,6,2,5,20,18,14,13,1,21,3,19,22,10,17,23,9,7],[24,4,12,16,20,2,18,8,6,5,14,13,1,22,23,15,3,17,21,19,11,10],[4,8,2,6,5,12,16,20,18,24,14,13,1,22,21,17,3,9,11,10,23,7,15,19],[20,12,4,18,8,2,6,5,16,24,14,1,13,22,3,23,17,7,9,15,21,19,11,10],[4,20,2,18,12,24,16,8,6,1,5,14,13,22,17,23,3,10,9,19,7,21,15],[4,12,20,18,8,6,2,1,5,24,16,14,13,21,15,3,17,22,19,23,10,7,9,11],[16,4,24,12,20,18,8,6,2,1,5,14,13,22,23,3,17,21,7,19,15,9,11],[12,4,8,2,6,1,5,24,16,20,18,14,13,22,3,21,11,19,7,17,15,23],[16,24,4,8,2,6,5,20,18,12,14,13,1,22,21,17,15,3,23,19,7,11,9],[8,4,6,2,1,5,24,20,18,12,16,14,13,21,3,17,10,23,19,11,9,7,15,22],[20,24,4,18,16,12,8,2,6,1,5,14,13,22,21,3,17,9,23,10,19,15,11,7],[12,4,24,8,2,6,5,16,20,18,14,13,1,22,21,15,3,17,19,23,10,9,7],[12,8,4,2,6,1,5,24,16,20,18,14,13,22,21,19,17,3,7,11,23,9,15],[4,12,8,6,2,1,5,16,24,20,18,14,13,23,15,3,17,22,21,19,9,10,7],[8,24,16,12,20,6,18,4,2,1,5,14,13,23,22,3,17,15,21,19,11,7,9],[4,12,20,18,24,16,8,2,6,1,5,14,13,22,3,21,19,17,11,23,10,9,15,7],[4,20,18,24,12,16,8,6,2,1,5,14,13,21,3,19,22,17,10,23,9],[4,12,16,20,18,24,8,6,2,1,5,14,13,21,15,3,17,22,23,19,11,7,10,9],[20,24,12,8,6,18,16,4,2,5,14,13,1,22,21,19,3,17,7,15,23,9,11,10],[8,4,2,6,5,12,16,24,20,18,14,13,1,21,3,17,23,19,10,9,22,15,7,11],[4,12,20,2,18,8,6,5,16,24,14,13,1,21,15,3,17,22,19,11,23,10,7,9],[4,24,8,2,6,5,16,20,18,12,14,1,13,23,3,22,17,21,7,10,9,15,19],[24,8,12,4,6,2,1,5,16,20,18,14,13,22,21,15,3,17,19,23,9,10,11,7],[20,4,18,16,12,24,8,2,6,5,14,1,13,22,21,3,19,17,11,15,23,7,10,9],[16,24,8,20,6,18,4,2,1,5,12,14,13,22,3,21,17,9,10,11,15,23,19,7],[20,8,6,18,12,16,24,4,2,1,5,14,13,21,3,17,22,10,23,19,7,15,9,11],[16,20,24,8,18,12,4,6,2,5,14,13,1,21,17,3,11,7,22,9,19],[12,24,8,16,4,6,2,5,20,18,14,1,13,22,21,3,17,23,15,19,10,9,7,11],[12,20,24,16,4,18,8,2,6,1,5,14,13,22,21,3,9,17,23,19,10,15,11,7],[4,12,20,2,18,24,8,6,5,16,14,1,13,22,15,3,21,17,19,10,23,11,7],[8,20,6,18,12,24,16,4,2,1,5,14,13,22,23,15,3,17,21,19,11,7,10,9],[16,20,12,24,4,2,18,8,6,5,14,13,1,22,21,17,3,15,23,19,9,11,7,10],[20,16,24,8,6,18,12,4,2,5,14,13,1,22,21,3,11,17,19,23],[8,4,2,6,1,5,16,20,18,12,24,14,13,21,15,3,17,22,23,19,11,9],[4,20,2,18,24,8,6,5,12,16,14,13,1,21,17,15,3,22,19,10,23,11,9,7],[8,24,20,6,18,16,4,2,5,12,14,1,13,23,19,15,3,17,22,21,11,7,10,9],[12,4,8,2,6,5,24,20,18,16,14,1,13,22,21,3,9,17,19,15,23,10,7,11],[8,12,20,6,18,24,16,4,2,5,14,13,1,22,23,21,15,3,17,19,10,9,7],[8,16,4,6,2,5,12,20,18,24,14,13,1,22,21,15,3,17,23,9,19,10,7,11],[24,4,16,12,8,6,2,5,20,18,14,13,1,22,21,15,3,17,19,23,7,9,11,10],[8,24,4,2,6,5,20,18,12,16,14,13,1,22,21,3,11,19,17,9,23,15,10,7],[8,12,4,6,2,5,20,18,24,16,14,1,13,21,15,3,17,22,19,23,9,7,10],[12,20,4,2,18,8,6,1,5,16,24,14,13,23,3,21,19,17,10,22,15,7,11,9],[16,24,20,8,6,18,4,2,5,12,14,1,13,23,3,17,21,11,9,22,15,19,7,10],[12,16,4,20,18,24,8,6,2,1,5,14,13,22,21,15,3,17,19,23,11,7,10,9],[12,4,8,2,6,1,5,20,18,24,16,14,13,23,15,3,17,22,21,11,19,7,9],[4,16,12,24,20,2,18,8,6,5,14,13,1,21,22,3,17,11,7,10,15,19,23,9],[4,16,8,2,6,5,24,12,20,18,14,13,1,22,21,19,17,15,3,23,9,7,10,11],[4,20,18,24,12,16,8,6,2,5,14,1,13,23,15,3,17,22,21,7,19,9,11,10],[16,4,20,2,18,8,6,5,24,12,14,1,13,21,3,17,23,7,22,15,19,9,10],[4,24,12,8,2,6,5,16,20,18,14,13,1,22,21,3,17,23,10,9,15,19,7,11],[4,12,24,8,2,6,5,16,20,18,14,1,13,22,3,21,17,11,7,23,19,10,15],[12,8,16,20,6,18,4,2,1,5,24,14,13,21,3,19,22,17,9,7,23,10],[8,20,18,16,24,12,4,2,6,5,14,13,1,22,3,23,17,9,21],[20,8,18,4,2,6,1,5,24,16,12,14,13,22,21,3,19,10,17,15,23,9,7],[20,12,4,18,16,24,8,2,6,1,5,14,13,21,3,19,23,17,11,22,15,7],[8,12,16,20,18,24,4,2,6,5,14,13,1,23,21,3,19,17,9,11,7,15,22],[20,12,4,18,16,8,6,2,5,24,14,1,13,22,15,3,21,17,19,23,9,7,11,10],[16,24,8,20,6,18,4,2,5,12,14,13,1,21,15,3,17,22,19,11,23,7],[8,24,4,2,6,1,5,20,18,12,16,14,13,23,15,3,17,22,21,19,11],[24,20,8,18,12,16,4,2,6,5,14,1,13,22,21,3,17,7,23,15,19,9,11,10],[20,16,8,18,24,12,4,6,2,5,14,1,13,22,21,3,19,17,7,23,10,15,9,11],[4,16,20,18,12,8,6,2,5,24,14,13,1,23,3,22,10,15,17,21,19,9,11,7],[8,16,20,6,18,4,2,1,5,12,24,14,13,23,21,15,3,17,22,19,10,9,7,11],[20,16,4,18,8,6,2,5,24,12,14,1,13,22,21,15,3,17,19,9,23,7,10,11],[24,4,16,12,20,18,8,6,2,5,14,13,1,22,23,15,3,17,21,10,19,11,7,9],[8,24,4,6,2,5,12,16,20,18,14,13,1,22,23,3,19,17,11,15,21,7,10,9],[24,8,4,6,2,5,20,18,12,16,14,1,13,21,15,3,17,22,19,23,7,10,9,11],[12,16,4,20,18,24,8,2,6,5,14,1,13,22,21,3,19,17,9,11,7,23,10],[20,4,18,12,24,16,8,2,6,1,5,14,13,21,17,3,22,11,19,15,23,7,9],[16,4,12,20,2,18,8,6,1,5,24,14,13,22,23,3,17,9,21,15,19,7,10,11],[24,4,12,8,6,2,5,16,20,18,14,1,13,23,21,17,3,19,10,11,7,15,22],[12,20,8,6,18,24,16,4,2,5,14,1,13,22,21,15,3,17,19,11,23],[12,16,20,8,18,24,4,2,6,1,5,14,13,22,21,15,3,17,19,9,23,10,7],[12,20,4,18,24,8,2,6,1,5,16,14,13,23,3,21,19,17,22,9,7],[12,8,20,18,4,2,6,5,24,16,14,13,1,22,23,15,3,17,21,19,7,11,9,10],[4,8,6,2,1,5,24,16,20,18,12,14,13,21,17,15,3,22,19,23,11,10,7],[24,4,8,6,2,5,12,16,20,18,14,1,13,22,23,3,11,17,19,10,21,15,7,9],[16,8,4,2,6,5,24,12,20,18,14,13,1,22,21,3,17,19,23,15,11,7,9,10],[24,8,16,12,20,18,4,6,2,1,5,14,13,21,15,3,17,22,19,23,9,10,7,11],[12,24,16,20,8,18,4,6,2,1,5,14,13,23,3,22,19,17,7,21],[8,20,18,24,12,16,4,6,2,5,14,13,1,22,23,15,3,17,21,19,10,9,7,11],[4,24,12,20,18,16,8,6,2,5,14,13,1,22,21,3,19,17],[24,20,8,18,16,4,2,6,1,5,12,14,13,21,17,3,22,19,9,10,23,15,7],[8,12,24,4,2,6,1,5,16,20,18,14,13,22,21,17,3,15,19,23,9,7,10],[20,24,12,8,18,16,4,2,6,5,14,13,1,21,15,3,17,22,23,19,11,7],[8,12,20,18,16,4,2,6,5,24,14,1,13,21,3,11,17,23,22,19,9,7,15],[20,16,12,4,2,18,24,8,6,1,5,14,13,22,23,3,17,10,9,21,19,15,7,11],[8,12,4,2,6,1,5,20,18,16,24,14,13,22,21,15,3,17,23,19,10,11,7],[4,24,16,20,18,12,8,2,6,5,14,1,13,22,3,21,9,19,17,15,23,7,11,10],[8,20,18,12,16,4,6,2,1,5,24,14,13,22,21,15,3,17,19,23,7,11,9,10],[8,20,6,18,16,4,2,1,5,12,24,14,13,22,21,3,15,17,19,23,9,7,11,10],[24,12,20,8,18,4,6,2,5,16,14,13,1,22,23,3,17,7,15,21,19,9,11,10],[12,8,24,16,4,2,6,5,20,18,14,13,1,21,15,3,17,22,19,23,7,10,11,9],[4,16,12,8,6,2,5,20,18,24,14,13,1,22,21,3,17,9,11,10,23,15,19,7],[24,4,20,2,18,16,8,6,1,5,12,14,13,23,15,3,17,22,21,19,10,9,7,11],[20,16,12,24,8,18,4,6,2,1,5,14,13,22,21,3,17,23,15,19,10,9,7],[8,4,2,6,1,5,20,18,16,12,24,14,13,21,3,11,19,23,17,9,22],[4,24,12,16,20,18,8,6,2,1,5,14,13,23,15,3,17,22,21,19,11],[20,4,18,12,24,16,8,2,6,5,14,13,1,22,21,3,17,19,15,23,11,7,10],[8,4,6,2,1,5,24,20,18,16,12,14,13,21,17,15,3,22,19,23,7,11,10],[24,16,4,8,6,2,1,5,12,20,18,14,13,23,15,3,17,22,21,19,11],[20,8,18,4,2,6,1,5,24,12,16,14,13,21,15,3,17,22,19,23,9,7,10,11],[20,16,24,4,18,8,6,2,1,5,12,14,13,22,23,15,3,17,21,19,9,7,11],[24,8,20,6,18,4,2,1,5,16,12,14,13,22,21,15,3,17,19,23,7,9,11,10],[20,8,6,18,16,4,2,5,12,24,14,1,13,21,3,23,17,22,15,10,19,9,7],[8,4,2,6,1,5,12,16,20,18,24,14,13,21,15,3,17,22,19,23,11,7],[24,12,20,4,2,18,8,6,1,5,16,14,13,21,3,22,19,17,23,9,11,10,15,7],[12,20,16,24,4,2,18,8,6,1,5,14,13,22,21,3,17,10,7,23,11,9,19,15],[20,12,16,8,6,18,24,4,2,1,5,14,13,22,15,3,21,17,19,11,23,7,10],[24,20,12,16,4,2,18,8,6,5,14,1,13,23,15,3,17,22,21,19,10,11,7],[12,4,20,2,18,16,8,6,1,5,24,14,13,21,19,3,23,17,7,11,15,22,9,10],[20,16,8,6,18,4,2,5,12,24,14,13,1,22,9,15,3,21,17,23,19,10,7,11],[20,12,4,2,18,24,8,6,1,5,16,14,13,23,15,3,17,22,21,19,11,7,9],[16,24,8,20,6,18,12,4,2,1,5,14,13,23,19,15,3,17,22,21,10,9,11,7],[12,20,4,18,24,16,8,6,2,1,5,14,13,22,3,23,17,21,11,19,9,7],[16,8,24,12,4,2,6,5,20,18,14,1,13,23,22,3,15,17,21,19,10,9,7],[20,12,24,8,6,18,4,2,5,16,14,13,1,22,23,3,9,19,17,15,21,7,11],[8,4,6,2,1,5,24,20,18,16,12,14,13,22,21,3,17,7,15,19,23,11,10],[12,16,4,24,8,2,6,1,5,20,18,14,13,23,3,9,17,22,15,21,19,10,7,11],[12,8,16,4,2,6,5,20,18,24,14,1,13,22,21,15,3,17,19,23,11,7],[20,24,16,4,2,18,12,8,6,1,5,14,13,23,15,3,17,22,21,19,10,9],[8,24,16,4,6,2,5,20,18,12,14,1,13,21,3,17,22,15,19,23,9,7,10,11],[8,16,4,2,6,5,12,20,18,24,14,1,13,22,21,3,17,7,11,9,23,10,19,15],[12,4,24,16,20,18,8,6,2,5,14,13,1,21,11,3,19,17,23,10,15,22,7,9],[8,4,2,6,5,16,24,20,18,12,14,13,1,22,10,23,15,3,17,21,19,7,9],[8,20,6,18,4,2,5,16,12,24,14,1,13,22,21,3,17,23,9,7,19,11,10,15],[20,24,8,6,18,16,4,2,5,12,14,13,1,21,17,15,3,22,19,23,9,11,7,10],[24,20,12,8,18,16,4,6,2,1,5,14,13,21,15,3,17,22,23,19,11,7,10,9],[12,20,16,24,4,18,8,6,2,5,14,1,13,23,15,3,17,22,21,19,10,9,11,7],[8,4,2,6,5,24,16,20,18,12,14,1,13,21,19,3,22,17,9,15,23,7,11,10],[16,4,8,6,2,5,20,18,24,12,14,1,13,21,15,3,17,22,23,19,11,7,9],[20,4,2,18,16,12,24,8,6,5,14,13,1,23,15,3,17,22,21,19,7,9,10],[4,12,8,6,2,1,5,16,20,18,24,14,13,22,15,3,21,17,19,23,10,11,7,9],[8,20,18,16,12,4,2,6,1,5,24,14,13,21,3,17,22,15,19,23,9,10,7],[8,12,20,18,4,2,6,5,16,24,14,1,13,22,21,3,17,19,7,23,15,10,11,9],[4,20,2,18,24,16,12,8,6,5,14,1,13,23,15,3,17,22,21,19,10,11,7,9],[20,24,8,6,18,16,12,4,2,5,14,1,13,23,22,15,3,17,21,19,11,7,10],[12,20,24,16,8,6,18,4,2,5,14,13,1,21,15,3,17,22,19,23,11,7],[24,4,12,20,2,18,16,8,6,1,5,14,13,23,3,17,21,10,15,22,19,11,7],[20,16,4,18,8,6,2,5,12,24,14,1,13,22,23,3,17,11,9,19,7,10,15,21],[12,16,24,20,4,18,8,2,6,5,14,1,13,22,23,15,3,17,21,19,7,10,9,11],[16,20,24,4,18,12,8,2,6,5,14,13,1,22,21,15,3,17,19,23,9,7,10,11],[8,4,6,2,1,5,12,24,20,18,16,14,13,23,15,3,17,22,21,19,9,11,7,10],[24,8,12,20,18,16,4,2,6,5,14,1,13,23,21,3,19,15,17,22,10,9,7],[4,16,24,8,6,2,5,20,18,12,14,1,13,23,3,21,17,9,11,7,15,22,19,10],[4,8,6,2,1,5,24,12,16,20,18,14,13,22,23,3,17,10,9,21,11],[4,12,24,20,18,8,6,2,5,16,14,1,13,22,15,3,21,17,19,23,7,10,9,11],[16,8,12,24,20,18,4,2,6,1,5,14,13,21,3,19,23,17,10,11,7,22],[24,12,16,4,8,6,2,1,5,20,18,14,13,22,21,15,3,17,19,23,11,7,10,9],[20,12,8,6,18,24,4,2,1,5,16,14,13,22,21,15,3,17,23,19,7,10,9,11],[8,24,4,2,6,1,5,16,20,18,12,14,13,22,15,3,21,17,19,23,9,11,7],[20,16,4,2,18,8,6,5,12,24,14,13,1,22,15,3,21,17,19,23,11,10],[20,16,12,4,18,8,2,6,5,24,14,13,1,21,3,17,11,7,23,19,15,22],[8,16,12,24,4,2,6,5,20,18,14,1,13,21,15,3,17,22,19,11,23,7,9],[8,4,6,2,5,12,16,24,20,18,14,13,1,22,21,15,3,17,19,9,23,7,11,10],[20,16,4,18,24,8,6,2,1,5,12,14,13,21,19,10,15,3,17,22,23,7,9],[20,12,16,8,6,18,4,2,1,5,24,14,13,22,3,21,10,17,15,19,23,7,9,11],[4,8,6,2,1,5,20,18,16,12,24,14,13,22,21,3,17,15,23,19,10,11,9,7],[16,4,12,24,8,6,2,1,5,20,18,14,13,22,21,3,17,7,11,15,19,23],[4,16,12,24,20,2,18,8,6,5,14,13,1,22,15,3,21,17,19,23,9,7,10,11],[16,20,4,2,18,12,24,8,6,5,14,13,1,22,21,3,17,23,19,15,9,10,7,11],[8,12,16,4,6,2,1,5,24,20,18,14,13,22,21,3,17,7,19,11,15,23,10,9],[16,20,12,8,6,18,4,2,5,24,14,1,13,22,21,3,23,17,15,19,9,10,7],[8,16,24,20,18,12,4,6,2,5,14,1,13,21,15,3,17,22,19,23,9,11,10,7],[8,24,12,16,20,6,18,4,2,5,14,1,13,21,15,3,17,22,19,10,23,7,9,11],[12,4,16,20,18,24,8,2,6,1,5,14,13,21,3,17,22,19,9,11,15,23,7],[24,8,4,2,6,5,12,16,20,18,14,1,13,22,3,17,21,9,10,23,7,19],[20,24,4,2,18,8,6,1,5,12,16,14,13,21,3,22,17,10,7],[8,20,18,16,4,2,6,5,24,12,14,1,13,22,21,3,19,11,17,23,7,9,15],[12,4,8,6,2,1,5,16,24,20,18,14,13,22,21,3,19,17,23,7,9,10,15],[16,12,20,8,18,24,4,6,2,1,5,14,13,21,3,9,17,11,7,22,23],[20,24,8,18,4,2,6,5,16,12,14,13,1,22,15,3,21,17,23,19,10,7,9,11],[8,4,2,6,5,24,12,20,18,16,14,1,13,21,17,15,3,22,11,19,23,7,10],[24,20,16,8,6,18,12,4,2,5,14,13,1,21,15,3,17,22,23,19,10,11,7,9],[24,16,8,4,2,6,5,12,20,18,14,1,13,22,23,3,15,17,21,9,19,10,11,7],[4,16,24,8,2,6,5,20,18,12,14,13,1,21,15,3,17,22,23,19,11,7,10],[16,8,12,20,18,24,4,2,6,5,14,13,1,22,21,15,3,17,19,23,9,10,7],[20,24,4,18,8,2,6,5,12,16,14,1,13,23,3,22,19,17,9,10,21,15,7],[8,24,4,6,2,1,5,16,20,18,12,14,13,22,15,3,21,17,23,19,10,9,7],[20,8,6,18,12,24,16,4,2,5,14,1,13,22,15,3,21,17,23,19,11,9],[12,20,4,18,24,16,8,2,6,5,14,1,13,21,3,22,19,17,15,9,23,10],[20,24,12,8,18,4,6,2,1,5,16,14,13,22,21,3,17,11,10,23,7,19,15,9],[24,20,8,18,4,2,6,1,5,12,16,14,13,23,15,3,17,22,21,11,19,7,10,9],[4,24,20,18,16,12,8,6,2,1,5,14,13,23,3,22,17,15,21,19,10,7,11],[20,8,6,18,4,2,1,5,12,16,24,14,13,21,15,3,17,22,23,19,11,7],[12,16,8,24,20,6,18,4,2,5,14,1,13,22,21,15,3,17,19,23,10,9,7],[16,12,24,20,8,18,4,6,2,1,5,14,13,21,9,15,3,17,22,23,19,10,11,7],[24,12,4,16,20,18,8,2,6,5,14,13,1,22,3,23,15,17,21,11,19,9,7],[8,20,18,12,4,6,2,1,5,16,24,14,13,22,21,19,17,3,23,9,15,10,7],[4,24,20,18,16,8,2,6,5,12,14,1,13,22,3,21,17,10,23,19,7,9],[24,12,4,16,20,2,18,8,6,5,14,13,1,22,21,15,3,17,19,23,11,7,9,10],[4,20,18,16,8,2,6,5,12,24,14,1,13,22,15,3,21,17,23,19,10,7,9,11],[24,16,4,8,6,2,5,20,18,12,14,13,1,21,3,17,19,15,22,23,7,11],[4,8,2,6,5,12,16,20,18,24,14,1,13,21,15,3,17,22,19,23,7,9,10],[24,16,4,8,2,6,1,5,12,20,18,14,13,22,15,3,21,17,23,19,10,7,9],[8,4,6,2,5,24,20,18,12,16,14,13,1,22,15,3,21,17,23,19,7,10,9,11],[16,12,24,4,20,2,18,8,6,1,5,14,13,21,17,3,23,10,15,22,19,11,9,7],[24,20,4,2,18,16,12,8,6,1,5,14,13,23,9,22,17,3,7,19,11,10,15,21],[8,4,6,2,5,24,12,16,20,18,14,1,13,22,21,3,19,17,7,10],[8,16,24,12,4,2,6,1,5,20,18,14,13,21,15,3,17,22,23,19,10,7,11],[4,12,20,18,16,24,8,6,2,5,14,1,13,23,21,17,3,19,11,7,15,22,10,9],[20,24,12,8,18,4,6,2,1,5,16,14,13,21,3,19,17,22,10,15,23,9,11,7],[16,12,20,24,8,18,4,2,6,5,14,1,13,21,22,3,17,11,7,19,9,15,23],[4,24,20,2,18,16,12,8,6,1,5,14,13,22,23,3,17,10,15,21,19,9,11,7],[12,24,4,8,2,6,5,16,20,18,14,1,13,21,3,19,17,23,15,22,9,11,7,10],[16,24,8,20,18,12,4,2,6,5,14,13,1,23,3,22,19,7,17,11,21,15,9,10],[8,16,4,2,6,1,5,24,20,18,12,14,13,21,15,3,17,22,19,23,10,7,11],[12,16,8,24,20,18,4,6,2,5,14,1,13,21,3,23,17,10,15,22,19,9,11,7],[8,16,24,4,2,6,5,12,20,18,14,13,1,21,3,17,9,22,23,11,19,10],[12,8,24,20,6,18,16,4,2,5,14,13,1,22,21,3,17,9,23,15,19,10,11,7],[12,24,8,16,20,6,18,4,2,5,14,1,13,23,15,3,17,22,21,19,9,11,7],[16,20,24,8,6,18,4,2,5,12,14,1,13,23,21,15,3,17,22,19,9,7,10,11],[4,12,20,2,18,8,6,1,5,24,16,14,13,22,23,3,19,17,7,10,21,15,11],[24,4,20,2,18,16,8,6,5,12,14,13,1,21,15,3,17,22,19,23,11,10,9,7],[12,16,4,8,6,2,1,5,24,20,18,14,13,22,23,15,3,17,21,10,19,11,9,7],[24,16,12,20,8,6,18,4,2,5,14,13,1,22,21,3,19,17,11,15,23,7,10,9],[4,12,24,16,20,18,8,2,6,5,14,13,1,23,3,22,17,21,9,15,19,10,7,11],[4,16,20,2,18,24,12,8,6,5,14,13,1,21,3,22,17,19,11,15,23,7,9,10],[24,16,20,8,18,4,2,6,5,12,14,13,1,23,21,3,17,7,22,10,15,19,9,11],[16,4,20,2,18,12,8,6,1,5,24,14,13,22,21,3,17,11,10,19,23,9,7],[4,8,2,6,1,5,24,12,16,20,18,14,13,21,19,17,3,23,15,22,11,7],[20,16,24,12,8,6,18,4,2,1,5,14,13,22,21,3,19,17,10,15,23,9,11],[20,16,24,12,8,18,4,6,2,1,5,14,13,21,15,3,17,22,19,9,23,7,10],[4,20,2,18,12,8,6,1,5,16,24,14,13,23,15,3,17,22,21,19,9,7,10],[24,20,4,2,18,16,8,6,5,12,14,1,13,23,3,22,17,19,11,7,9,21,10],[4,8,6,2,1,5,16,12,24,20,18,14,13,23,3,17,21,7,19,11,15,22],[16,8,4,6,2,1,5,20,18,24,12,14,13,22,17,21,3,11,15,19,23,9,7,10],[20,12,8,6,18,16,24,4,2,1,5,14,13,22,23,3,17,9,19,11,21,10,7],[8,24,16,12,4,2,6,1,5,20,18,14,13,21,15,3,17,22,19,23,11,7,10],[8,16,4,6,2,5,24,20,18,12,14,1,13,21,3,17,23,9,15,22,19,10,7],[24,4,8,6,2,5,20,18,12,16,14,1,13,22,21,15,3,17,23,19,10,7,9],[20,8,6,18,16,24,4,2,5,12,14,13,1,22,23,17,15,3,21,19,9,10,7],[4,8,6,2,5,16,24,12,20,18,14,13,1,22,10,23,3,17,15,21,19,9],[8,24,20,18,12,4,6,2,5,16,14,13,1,21,22,3,19,17,9,11,15,23,7],[24,8,20,6,18,4,2,5,16,12,14,1,13,22,21,15,3,17,19,23,9,10,11,7],[24,16,20,12,8,6,18,4,2,5,14,13,1,21,23,19,15,3,17,22,11,9,7],[8,20,6,18,16,4,2,5,24,12,14,1,13,22,21,15,3,17,23,19,9,7],[16,20,12,24,4,18,8,6,2,5,14,13,1,23,3,21,19,15,17,10,22,9,7],[4,12,16,8,6,2,5,20,18,24,14,13,1,22,21,15,3,17,19,23,10,7,9],[12,20,4,18,8,2,6,5,24,16,14,1,13,21,3,19,17,9,23,10,11,22],[24,4,8,6,2,5,16,20,18,12,14,1,13,22,23,15,3,17,21,19,11,7,10,9],[20,16,4,18,8,6,2,1,5,12,24,14,13,22,17,21,3,19,7,10,15,23,9],[12,4,20,18,16,8,6,2,1,5,24,14,13,22,15,3,21,17,23,19,9,11,7],[12,16,8,20,18,4,2,6,1,5,24,14,13,23,15,3,17,22,21,19,10,9,7,11],[24,4,16,20,18,12,8,2,6,5,14,13,1,22,17,15,3,21,19,23,11],[4,20,18,12,24,16,8,2,6,5,14,13,1,22,19,21,15,3,17,23,9,10,7,11],[8,4,6,2,5,20,18,16,12,24,14,1,13,22,3,21,19,17,9,23,15,7,10,11],[24,4,12,20,2,18,8,6,5,16,14,13,1,22,15,3,21,17,19,23,10,11,7,9],[16,8,4,6,2,5,24,12,20,18,14,13,1,22,15,3,21,17,19,23,10,9,7],[24,12,4,20,18,16,8,6,2,5,14,13,1,23,21,15,3,17,22,19,9,10,7,11],[8,12,24,20,18,4,6,2,1,5,16,14,13,22,21,3,17,9,15,19,23,10,11,7],[16,8,12,20,18,4,2,6,1,5,24,14,13,21,3,23,17,7,11,22,9],[8,24,20,6,18,4,2,1,5,16,12,14,13,22,3,21,17,19,10,11,23,7,15],[20,16,8,18,4,6,2,1,5,12,24,14,13,22,15,3,21,17,23,19,10,9,11,7],[8,4,2,6,1,5,12,16,20,18,24,14,13,22,21,15,3,17,23,19,11,7,10,9],[24,8,16,12,4,6,2,1,5,20,18,14,13,22,15,3,21,17,19,23,9,11,7],[16,12,20,8,18,24,4,6,2,5,14,13,1,22,17,21,3,23,9,7,10,11,15,19],[16,20,12,24,4,2,18,8,6,5,14,1,13,21,15,3,17,22,19,23,7,10,9,11],[12,16,8,4,2,6,5,24,20,18,14,1,13,22,21,15,3,17,19,10,23,9,7,11],[24,8,12,4,2,6,1,5,16,20,18,14,13,21,3,17,22,11,19,9,10,7,15,23],[12,20,24,4,2,18,8,6,1,5,16,14,13,22,15,3,21,17,19,23,9,7,11,10],[24,20,8,6,18,12,16,4,2,1,5,14,13,22,23,15,3,17,21,19,9,7,10,11],[8,12,16,24,4,2,6,1,5,20,18,14,13,22,3,21,11,7,19,17,10,23,9,15],[24,8,12,16,4,2,6,1,5,20,18,14,13,23,21,15,3,17,22,19,11,10,9,7],[12,4,20,2,18,16,8,6,1,5,24,14,13,22,21,3,19,17,9,11,7],[24,20,12,4,2,18,8,6,5,16,14,1,13,21,17,15,3,22,23,19,9,10,7,11],[20,4,18,16,8,2,6,1,5,24,12,14,13,22,23,3,17,21,15,19,10,7,9],[24,12,16,8,20,6,18,4,2,1,5,14,13,23,3,9,7,21,17,10,22,15,19],[24,8,12,4,2,6,1,5,20,18,16,14,13,22,21,3,17,10,15,19,23,9,11,7],[8,4,6,2,5,24,16,20,18,12,14,13,1,21,3,17,22,15,10,19,11,23,9,7],[16,20,4,2,18,12,24,8,6,1,5,14,13,21,15,3,17,22,19,23,10,7,11,9],[12,16,20,24,4,2,18,8,6,5,14,1,13,23,3,21,17,10,9,15,22,19,7,11],[16,24,4,12,8,6,2,5,20,18,14,13,1,22,21,15,3,17,19,23,10,11,7],[16,4,24,12,20,18,8,2,6,1,5,14,13,21,3,19,17,9,22,15,23,10,11,7],[24,20,8,6,18,12,16,4,2,5,14,1,13,23,3,17,22,10,19,15,21,7,11],[24,20,8,6,18,4,2,1,5,16,12,14,13,22,21,15,3,17,23,19,9,11,7],[8,24,4,2,6,1,5,12,20,18,16,14,13,22,21,15,3,17,19,23,10,7,9],[4,20,18,24,16,12,8,6,2,1,5,14,13,22,15,3,21,17,19,23,10,11,7],[24,4,8,2,6,1,5,20,18,16,12,14,13,21,15,3,17,22,19,23,11,9],[24,4,16,20,2,18,12,8,6,1,5,14,13,21,15,3,17,22,19,23,11,7,10],[20,24,16,12,8,18,4,2,6,5,14,1,13,21,15,3,17,22,19,23,10,9,7,11],[4,8,6,2,1,5,12,16,20,18,24,14,13,23,22,17,3,10,7,21,11,15,19],[8,16,4,6,2,5,24,20,18,12,14,1,13,22,21,3,15,17,19,23,10,9,11,7],[8,12,4,2,6,5,24,16,20,18,14,1,13,23,15,3,17,22,21,9,19,7,10],[24,12,16,8,4,2,6,5,20,18,14,13,1,22,19,21,17,3,15,23,10,7,9,11],[4,8,6,2,1,5,20,18,24,16,12,14,13,21,3,23,17,15,22,10,19,7,11],[8,24,20,6,18,12,16,4,2,5,14,13,1,22,21,15,3,17,19,10,23,7,11,9],[16,8,24,20,6,18,4,2,1,5,12,14,13,22,21,15,3,17,23,19,7,10],[4,12,24,20,2,18,8,6,5,16,14,1,13,21,3,17,22,19,23,11,7,9,10],[24,16,4,20,2,18,12,8,6,5,14,13,1,22,21,3,11,17,10,7,9,15,19,23],[20,8,18,12,4,6,2,5,24,16,14,13,1,22,23,17,3,9,15,21,19,10,7,11],[20,12,4,18,8,6,2,1,5,16,24,14,13,22,21,3,17,9,10,23,11,7,15,19],[12,20,4,18,16,8,2,6,5,24,14,1,13,22,23,3,19,17,21,15,11,10,7,9],[24,20,8,6,18,16,12,4,2,1,5,14,13,22,3,21,17,11,10,23,19,15,7],[8,12,20,18,16,24,4,2,6,5,14,1,13,23,15,3,17,22,21,19,11,9,7,10],[4,20,2,18,8,6,5,16,24,12,14,1,13,21,15,3,17,22,19,23,11,7,10],[16,24,8,20,6,18,12,4,2,5,14,1,13,22,21,15,3,17,10,19,23,7,11,9],[24,12,16,20,8,18,4,6,2,1,5,14,13,22,15,3,21,17,19,23,11,10,7],[20,8,6,18,12,4,2,1,5,24,16,14,13,21,15,3,17,22,23,19,11,7,9],[8,12,4,2,6,1,5,20,18,24,16,14,13,22,17,23,3,10,7,11,21,9,19],[20,16,8,6,18,12,4,2,5,24,14,13,1,22,3,21,15,17,19,23,9,11,10,7],[20,16,12,24,4,18,8,2,6,1,5,14,13,22,15,3,21,17,19,23,10,11,7,9],[4,8,6,2,1,5,12,24,20,18,16,14,13,21,3,7,22,9,19,17,15,23,10,11],[8,12,4,6,2,1,5,24,20,18,16,14,13,22,21,3,19,17,10,11,7,23],[24,4,12,16,8,2,6,5,20,18,14,13,1,22,21,3,17,9,7,15,19,23,10,11],[8,4,6,2,5,12,20,18,16,24,14,1,13,22,21,3,19,17,9,7,11,10,15,23],[20,16,4,18,12,24,8,2,6,5,14,1,13,22,21,3,17,15,19,23,11,7,10,9],[12,8,4,2,6,1,5,20,18,16,24,14,13,22,23,3,11,19,17,21,15,7,9],[4,16,20,2,18,12,24,8,6,1,5,14,13,22,21,15,3,17,23,19,11,7],[4,20,2,18,12,8,6,1,5,16,24,14,13,22,15,3,21,17,19,23,9,10,11,7],[4,8,2,6,5,24,16,12,20,18,14,13,1,23,22,15,3,17,21,19,10,11,7],[8,12,20,6,18,24,16,4,2,5,14,13,1,22,21,15,3,17,19,23,11,7],[4,24,20,18,16,8,2,6,1,5,12,14,13,21,3,17,23,11,9,10,15,22,19,7],[24,8,4,2,6,5,20,18,16,12,14,13,1,23,17,15,3,22,21,19,9,7,10],[16,12,24,4,20,18,8,6,2,1,5,14,13,22,21,15,3,17,19,23,9,7,11,10],[24,4,12,20,2,18,8,6,5,16,14,1,13,22,21,15,3,17,19,23,10,11,7,9],[12,24,16,20,4,18,8,6,2,5,14,13,1,22,15,3,21,17,23,19,7,10,11,9],[12,8,4,6,2,5,24,16,20,18,14,1,13,23,21,15,3,17,22,19,10,11,7],[12,4,20,18,24,8,6,2,1,5,16,14,13,22,23,3,17,10,21,7,19,15,11],[24,8,16,4,6,2,5,12,20,18,14,1,13,22,3,21,19,17,15,23,11,7],[4,16,12,20,2,18,8,6,5,24,14,1,13,22,17,15,3,21,19,23,9,10,11,7],[24,16,12,20,8,18,4,6,2,1,5,14,13,22,21,3,17,9,15,19,23,10,7,11],[8,12,20,18,16,4,6,2,5,24,14,13,1,22,21,3,19,17,15,7,23,10,11,9],[12,16,4,24,20,18,8,6,2,5,14,13,1,21,15,3,17,22,23,11,19,9,10,7],[8,4,2,6,1,5,20,18,24,16,12,14,13,23,21,3,17,15,22,19,10,7,9,11],[12,24,20,8,6,18,16,4,2,1,5,14,13,21,15,3,17,22,19,23,11,9,7,10],[24,4,12,20,18,8,2,6,1,5,16,14,13,23,21,15,3,17,22,19,7,10,9],[24,12,8,4,6,2,1,5,16,20,18,14,13,22,23,17,15,3,21,19,7,9,11,10],[16,8,4,2,6,1,5,24,20,18,12,14,13,22,21,3,19,17,23,10,11,15],[12,16,4,20,18,24,8,2,6,5,14,13,1,22,21,15,3,17,19,23,11],[20,4,2,18,24,12,16,8,6,5,14,1,13,22,21,3,17,23,15,19,11,7],[20,16,24,12,8,6,18,4,2,1,5,14,13,22,21,15,3,17,19,23,11,7,9],[24,20,4,18,16,8,2,6,1,5,12,14,13,23,21,15,3,17,22,19,11,7,9,10],[24,12,8,4,6,2,5,20,18,16,14,13,1,23,3,19,21,17,11,10,9,15,22,7],[8,4,2,6,5,20,18,12,24,16,14,1,13,21,3,17,10,9,22,19,11,7,15,23],[12,24,20,8,18,16,4,2,6,1,5,14,13,22,15,3,21,17,19,23,10,9,7],[24,12,20,8,6,18,16,4,2,1,5,14,13,22,23,3,19,17,11,9,10,15,21,7],[8,4,2,6,1,5,24,12,20,18,16,14,13,23,22,15,3,17,21,19,11,9,7,10],[24,16,20,8,18,12,4,2,6,1,5,14,13,22,21,15,3,17,19,23,11,7,10],[8,4,6,2,1,5,20,18,12,24,16,14,13,22,21,3,19,11,17,10,15,23,7,9],[12,4,8,6,2,5,16,24,20,18,14,13,1,22,3,21,17,19,10,15,23,9,7],[24,8,16,20,18,4,6,2,1,5,12,14,13,23,3,22,17,15,21,19,7,9,11],[20,24,12,8,18,4,2,6,1,5,16,14,13,22,15,3,21,17,19,23,11,7],[12,16,24,20,4,2,18,8,6,1,5,14,13,21,15,3,17,22,19,23,11,7],[4,24,20,18,12,8,2,6,5,16,14,13,1,22,21,17,15,3,23,19,10,11,7,9],[4,8,6,2,1,5,24,16,12,20,18,14,13,22,3,21,17,10,9,11,23,15,19],[8,24,12,16,4,6,2,1,5,20,18,14,13,22,21,15,3,17,19,23,10,9,7,11],[16,4,8,2,6,1,5,12,24,20,18,14,13,22,11,21,3,9,17,7,19,10,23],[16,4,24,12,8,2,6,1,5,20,18,14,13,21,3,11,22,17,15,19,23,9,10,7],[4,12,20,18,8,2,6,5,24,16,14,1,13,21,3,22,17,9,23,19,11,7,10,15],[4,16,20,18,8,2,6,5,12,24,14,1,13,22,21,15,3,17,19,23,9,7,10],[12,20,8,6,18,24,4,2,5,16,14,13,1,22,3,21,11,17,10,23,7,19,15],[4,8,2,6,5,24,12,16,20,18,14,1,13,23,22,3,17,21,9,11,19,15,7],[16,24,20,8,18,12,4,6,2,1,5,14,13,21,15,3,17,22,19,23,9,10,7,11],[20,12,24,16,4,18,8,2,6,5,14,13,1,22,21,15,3,17,19,23,7,11,10,9],[12,24,20,16,4,18,8,2,6,5,14,13,1,21,3,19,17,22,23,9,10,7,15,11],[24,16,12,4,8,2,6,5,20,18,14,13,1,21,15,3,17,22,19,23,9,10],[24,12,16,20,4,18,8,6,2,5,14,1,13,21,3,23,19,17,9,10,15,22,7,11],[12,8,4,2,6,1,5,20,18,24,16,14,13,21,15,3,17,22,19,23,10,7,9],[12,20,16,8,18,4,2,6,1,5,24,14,13,21,15,3,17,22,19,23,11,7,10,9],[24,16,8,20,6,18,12,4,2,5,14,1,13,21,23,3,17,19,22,7,15,9,11],[24,8,16,20,18,12,4,2,6,1,5,14,13,21,17,3,22,11,19,9,7,10,15,23],[16,24,12,4,20,18,8,6,2,1,5,14,13,23,15,3,17,22,21,19,10,7,9,11],[4,8,6,2,5,16,24,20,18,12,14,13,1,23,22,3,17,7,15,21,19,11,10,9],[20,24,12,8,6,18,16,4,2,1,5,14,13,22,3,21,7,17,11,10,23,19,9,15],[8,24,16,4,6,2,1,5,20,18,12,14,13,22,21,15,3,17,19,23,9,11,10,7],[24,4,20,2,18,16,8,6,1,5,12,14,13,22,15,3,21,17,19,7,23,10,9,11],[8,24,12,4,2,6,5,20,18,16,14,13,1,21,17,15,3,22,19,23,10,9,7,11],[8,12,24,16,4,2,6,1,5,20,18,14,13,21,17,3,23,15,22,11,19,7],[24,16,4,8,2,6,1,5,20,18,12,14,13,22,21,3,17,23,15,19,11,7,10,9],[20,8,18,16,24,4,6,2,5,12,14,1,13,23,15,3,17,22,21,19,11,7,9],[16,24,20,12,4,2,18,8,6,1,5,14,13,21,3,23,17,15,22,19,9,7,10],[8,4,2,6,5,12,24,20,18,16,14,1,13,22,21,15,3,17,23,19,11,7,10],[24,12,8,4,2,6,1,5,20,18,16,14,13,22,21,3,19,17,10,11],[8,16,24,4,2,6,1,5,12,20,18,14,13,21,15,3,17,22,19,23,10,9,11,7],[20,4,18,8,6,2,5,24,12,16,14,1,13,22,23,17,15,3,21,19,7,9,10],[12,20,16,8,18,24,4,2,6,1,5,14,13,23,15,3,17,22,21,19,11,10,7,9],[12,8,24,20,6,18,4,2,1,5,16,14,13,22,15,3,21,17,19,23,9,11,10,7],[24,8,16,4,2,6,5,20,18,12,14,1,13,22,3,21,17,11,9,7,15,19,23,10],[20,16,8,6,18,4,2,5,12,24,14,13,1,22,23,17,15,3,21,19,7,11,10,9],[4,16,8,2,6,1,5,12,24,20,18,14,13,21,3,9,22,17,10,7,15,19,23,11],[8,12,4,6,2,5,20,18,24,16,14,13,1,21,15,3,17,22,19,23,11,7,10],[24,8,4,2,6,5,16,12,20,18,14,13,1,22,21,15,3,17,19,23,10,11,7,9],[20,12,8,6,18,24,16,4,2,5,14,13,1,21,3,17,22,15,23,10,9,19,7,11],[4,16,24,20,18,8,6,2,5,12,14,13,1,22,21,15,3,17,19,23,11,10,9,7],[24,4,20,18,12,16,8,6,2,5,14,1,13,23,17,3,19,22,11,10,21,15,7,9],[12,16,20,4,2,18,24,8,6,5,14,1,13,23,22,15,3,17,21,19,7,9,11],[20,4,2,18,16,8,6,5,24,12,14,1,13,23,15,3,17,22,21,19,11,7,9,10],[12,20,16,8,6,18,4,2,1,5,24,14,13,21,17,23,15,3,22,19,10,9,7],[8,12,4,2,6,5,24,20,18,16,14,1,13,22,23,10,15,3,17,21,19,9,7,11],[24,12,16,8,4,6,2,5,20,18,14,1,13,21,3,17,23,19,9,10,15,22],[4,16,8,6,2,1,5,12,24,20,18,14,13,21,3,17,10,23,22,7,19,11,9,15],[12,16,24,20,4,18,8,2,6,1,5,14,13,21,15,3,17,22,7,19,23,10,9],[12,24,4,20,2,18,16,8,6,5,14,1,13,21,15,3,17,22,19,11,23,7,9,10],[20,12,16,4,18,24,8,2,6,5,14,13,1,21,17,22,3,9,10,23,7,11,15,19],[20,24,8,18,12,16,4,6,2,5,14,1,13,22,21,15,3,17,23,19,9,7,10,11],[24,16,12,8,4,6,