{"problem_id":"65wEcRbItnmV3RX","sigma":150,"alpha":1.000,"cost":0,"probabilities":"[0.19, 0.17, 0.3, 0.34]","payoff_matrix":"[[-168, 40, -90, -49, 159, -260], [209, 2, 16, 20, -132, 112], [131, -40, -220, 52, -278, 127], [25, -84, 137, 105, -146, -6]]","uncovered":[[24,16,4,20,12,11,8,15,3,13,1,23,21,7,14,2,19,9,22,6],[20,24,16,8,4,12,15,11,3,1,23,21,13,7,2,14,19,10,9,6,17,22],[12,16,15,11,4,8,24,20,3,1,23,21,13,7,2,14,18,9,17,19,22,10,5,6],[16,12,11,8,24,20,4,3,15,1,23,21,13,7,14,2,19,9,6,10,18,22],[16,24,12,11,20,4,8,3,15,1,23,21,13,7,2,14,19,9,6,5,22,17],[8,12,16,15,11,4,24,20,3,13,1,23,21,7,14,2,19,9,5,22,17],[12,20,4,8,24,16,15,11,3,13,1,23,21,7,14,2,19,9,6,17,10,22,5,18],[20,8,4,12,16,15,11,24,3,13,1,23,21,7,14,2,19,9,5,10,22,18,17,6],[16,8,20,24,4,12,15,11,3,13,1,23,21,7,14,2,19,9,6,22,18,10,17],[4,8,20,16,12,15,11,24,3,13,1,23,21,7,2,14,19,9,22,5,17,6,18],[16,20,4,24,12,11,8,15,3,1,23,13,21,7,14,2,19,9,5,6,22,18],[12,24,20,8,4,16,11,3,15,13,1,23,21,7,2,14,19,9,22,17,6],[24,16,12,15,11,8,4,20,3,13,1,23,21,7,2,14,19,10,5,6,9,22,17],[4,12,20,8,16,11,24,3,15,1,23,13,21,7,14,2,19,10,17,9,6,18,22,5],[24,16,8,12,11,4,20,3,15,1,23,21,13,7,14,2,19,9,5,18,10,22,17],[12,8,4,24,16,15,11,20,3,1,23,13,21,7,2,14,19,10,9,22,5,18,6],[16,24,12,15,11,20,4,8,3,1,23,13,21,7,2,14,19,9,22,5,6,18],[16,20,24,4,8,12,11,3,15,13,1,23,21,7,14,2,18,9,22,19,6,10,5],[12,4,24,16,15,11,20,8,3,1,23,21,13,7,14,2,19,9,17,6,22,5,18],[8,12,20,24,16,15,11,4,3,1,23,21,13,7,14,2,19,9,22,5,10,18],[24,12,8,16,11,4,20,3,15,1,23,21,13,7,14,2,19,10,9,5,22,17,6,18],[24,20,8,16,12,11,4,3,15,13,1,23,21,7,2,14,19,9,18,5,22,6,10,17],[12,20,16,11,24,4,8,15,3,1,23,13,21,7,2,14,19,10,5,9,22,18,6],[16,8,24,20,4,12,11,15,3,1,23,13,21,7,14,2,19,10,9,6,18,17,22,5],[24,12,4,20,16,11,8,3,15,1,23,21,13,7,14,2,19,9,22,5,10,18,17,6],[16,20,8,4,24,12,15,11,3,1,23,13,21,7,14,2,19,9,6,22,18,10,17],[8,4,12,20,16,15,11,24,3,13,1,23,21,7,14,2,19,9,6,22,5],[8,4,12,16,11,20,24,15,3,13,1,23,21,7,2,14,19,9,6,17,22,10,18],[16,12,15,11,4,20,24,8,3,1,23,21,13,7,14,2,19,9,5,22,10,18],[16,4,12,11,20,8,24,15,3,13,1,23,21,7,14,2,19,10,17,5,9,22,6],[8,4,24,12,16,11,20,15,3,1,23,21,13,7,2,14,19,10,9,5,22,6],[16,12,11,24,20,8,4,15,3,1,23,13,21,7,14,2,19,9,5,6,22,18,10,17],[20,4,24,8,12,16,15,11,3,1,23,21,13,7,14,2,19,10,9,6,22,17,18,5],[8,20,12,16,15,11,24,4,3,1,23,13,21,7,14,2,19,9,6,10,18,22],[20,4,8,24,16,12,11,15,3,1,23,13,21,7,14,2,19,10,6,9,22],[8,20,4,24,16,12,11,15,3,1,23,13,21,7,2,14,19,9,5,22,6,10,18],[4,20,16,12,15,11,8,24,3,13,1,23,21,7,2,14,19,10,9,22,5],[24,12,4,20,16,11,8,15,3,13,1,23,21,7,2,14,19,10,9,5,22,17,18,6],[8,4,20,24,12,16,11,3,15,1,23,21,13,7,14,2,19,9,5,10,22,18],[16,20,8,12,15,11,4,24,3,1,23,13,21,7,2,14,19,9,5,10,22],[20,16,4,8,24,12,11,3,15,1,23,13,21,7,14,2,19,9,6,17,22,5],[20,4,16,24,12,11,8,3,15,1,23,21,13,7,14,2,18,9,19,6,22,5],[12,20,4,24,16,15,11,8,3,1,23,21,13,7,2,14,19,10,9,22,5,6],[16,24,20,4,12,11,8,15,3,13,1,23,21,7,14,2,19,9,6,22,5],[4,20,16,24,12,15,11,8,3,13,1,23,21,7,2,14,19,9,5,18,17,22,10],[12,4,20,24,16,15,11,8,3,13,1,23,21,7,2,14,19,9,5,22,10,17,6],[20,16,8,4,24,12,15,11,3,1,23,21,13,7,2,14,19,10,6,9,22,18,5],[24,20,12,8,4,16,15,11,3,13,1,23,21,7,2,14,19,9,5,18,22,6,17],[24,20,8,4,16,12,15,11,3,13,1,23,21,7,14,2,19,10,9,18,22,5],[20,8,24,4,16,12,15,11,3,1,23,13,21,7,14,2,18,10,19,6,9,22],[8,4,24,20,16,12,11,15,3,1,23,21,13,7,14,2,19,10,6,22,9,5,18],[12,24,20,16,11,4,8,15,3,13,1,23,21,7,2,14,19,9,5,22,18,6,17],[8,4,16,24,12,11,20,15,3,1,23,13,21,7,14,2,19,10,6,9,22,18,17],[8,24,16,4,12,11,20,15,3,1,23,13,21,7,2,14,19,10,5,9,22,6,17,18],[4,8,16,20,24,12,15,11,3,1,23,21,13,7,14,2,19,9,6,22,10,5,18],[24,4,8,12,16,11,20,3,15,1,23,21,13,7,14,2,19,10,9,6,5,22,18,17],[24,20,4,12,16,11,8,15,3,13,1,23,21,7,14,2,19,10,17,9,5,22,18],[16,4,20,24,12,11,8,3,15,1,23,13,21,7,14,2,19,9,5,18,6,10,17,22],[24,12,20,4,16,15,11,8,3,13,1,23,21,7,14,2,19,10,6,9,22],[4,20,24,12,16,11,8,15,3,13,1,23,21,7,14,2,19,9,22,6,17,5,18],[20,16,4,24,8,12,15,11,3,13,1,23,21,7,14,2,19,10,9,5,22,18,6,17],[16,20,8,12,15,11,24,4,3,13,1,23,21,7,2,14,19,9,22,10,6,5],[4,8,24,20,12,16,15,11,3,1,23,13,21,7,2,14,19,9,6,5,22,17,10,18],[24,12,20,16,15,11,4,8,3,13,1,23,21,7,14,2,19,9,6,5,22,17,10,18],[16,8,12,11,24,4,20,15,3,1,23,13,21,7,14,2,19,10,6,9,5,22],[12,24,20,4,16,11,8,15,3,1,23,13,21,7,14,2,19,10,22,9,5,18],[12,4,8,24,20,16,15,11,3,13,1,23,21,7,14,2,19,10,9,22,6,5,18],[12,20,16,11,24,8,4,15,3,1,23,13,21,7,14,2,19,9,22,5,18],[24,20,8,16,4,12,15,11,3,1,23,13,21,7,14,2,19,9,6,22,5,18,17,10],[4,20,8,16,12,15,11,24,3,13,1,23,21,7,14,2,19,9,6,22,5,17,18,10],[16,4,20,24,8,12,15,11,3,13,1,23,21,7,14,2,19,9,5,17,22],[12,8,24,16,15,11,4,20,3,13,1,23,21,7,2,14,19,9,22,6,5,17],[8,16,12,11,4,24,20,15,3,1,23,13,21,7,2,14,19,10,9,22,6,17,18,5],[20,24,8,4,12,16,11,3,15,13,1,23,21,7,14,2,19,9,18,6,5,22,10,17],[16,4,20,24,12,15,11,8,3,1,23,13,21,7,2,14,19,9,5,22,10,6,18],[12,4,24,16,15,11,8,20,3,1,23,13,21,7,14,2,18,9,19,22,6,5,10],[8,20,24,12,4,16,15,11,3,13,1,23,21,7,2,14,17,19,10,9,6,18,22],[24,16,8,20,4,12,15,11,3,13,1,23,21,7,14,2,19,9,6,5,22,17,10,18],[4,20,16,24,8,12,11,15,3,13,1,23,21,7,2,14,19,10,9,22,6,5,17,18],[4,24,8,16,20,12,11,15,3,1,23,13,21,7,2,14,19,9,5,10,17,6,18,22],[4,12,24,16,11,8,20,15,3,13,1,23,21,7,2,14,19,9,6,22,18],[12,24,8,20,4,16,15,11,3,1,23,21,13,7,14,2,19,10,18,5,9,22,6],[24,4,20,16,8,12,15,11,3,1,23,13,21,7,2,14,19,9,6,22,17,10],[16,24,8,20,4,12,11,3,15,13,1,23,21,7,2,14,19,10,22,9,6,17,18,5],[24,8,12,20,16,15,11,4,3,1,23,13,21,7,14,2,19,10,5,17,9,22,6],[4,20,24,16,12,15,11,8,3,13,1,23,21,7,2,14,19,9,6,22,10,5,17],[24,4,12,16,15,11,20,8,3,13,1,23,21,7,14,2,19,9,5,17,22],[24,16,4,20,8,12,11,15,3,1,23,13,21,7,14,2,19,9,17,5,22],[20,16,24,12,11,4,8,15,3,1,23,13,21,7,14,2,19,9,5,22,10,6,18,17],[16,20,8,12,15,11,24,4,3,13,1,23,21,7,14,2,19,9,5,10,18,22,17,6],[4,24,8,20,12,16,15,11,3,13,1,23,21,7,2,14,19,9,5,6,22,10,17,18],[16,8,20,24,12,15,11,4,3,13,1,23,21,7,14,2,19,9,22,5,10],[20,8,4,12,24,16,15,11,3,1,23,13,21,7,2,14,18,10,19,22,9,5,17],[12,24,16,11,8,4,20,15,3,1,23,13,21,7,14,2,19,9,22,5,6],[24,16,8,12,11,4,20,3,15,13,1,23,21,7,2,14,19,9,5,22,10],[8,24,20,16,12,11,4,15,3,1,23,13,21,7,2,14,19,9,22,5,17],[20,24,12,16,11,4,8,15,3,13,1,23,21,7,14,2,19,10,9,6,22,17],[24,12,8,4,16,15,11,20,3,1,23,21,13,7,14,2,19,9,17,6,5,22,10,18],[8,16,12,15,11,24,4,20,3,1,23,21,13,7,14,2,19,9,10,6,5,17,22],[24,12,4,20,16,11,8,15,3,13,1,23,21,7,2,14,19,10,9,5,22,17,18],[12,24,16,15,11,4,20,8,3,1,23,21,13,7,14,2,19,9,5,22,6,17,10,18],[24,20,16,12,11,4,8,3,15,13,1,23,21,7,2,14,19,10,9,6,18,22,5],[16,24,20,4,12,11,8,15,3,1,23,13,21,7,2,14,19,9,6,5,22,17],[24,8,4,12,16,15,11,20,3,1,23,21,13,7,2,14,19,10,9,22,5,6],[12,20,16,15,11,24,4,8,3,1,23,21,13,7,2,14,19,9,5,22,10,18,17],[16,8,24,12,15,11,20,4,3,1,23,13,21,7,14,2,19,10,9,6,22,17,18,5],[20,4,24,12,16,11,8,3,15,13,1,23,21,7,2,14,19,9,6,22,10,17,18,5],[20,8,4,24,12,16,15,11,3,13,1,23,21,7,14,2,19,9,6,22,18,5],[4,8,20,12,16,15,11,24,3,13,1,23,21,7,2,14,19,9,17,6,22,5],[8,16,24,20,4,12,15,11,3,1,23,21,13,7,2,14,19,10,5,22,9],[4,16,24,20,8,12,11,15,3,1,23,21,13,7,14,2,19,9,22,6,18],[16,4,24,12,15,11,20,8,3,1,23,21,13,7,14,2,19,10,9,5,22,6,18],[12,16,15,11,20,4,24,8,3,13,1,23,21,7,14,2,19,9,5,17,18,22],[12,20,4,24,16,11,8,15,3,13,1,23,21,7,14,2,19,9,5,6,10,22,17,18],[16,20,12,11,24,8,4,3,15,1,23,13,21,7,2,14,19,9,6,10,18,17,22,5],[16,24,8,4,12,11,20,3,15,13,1,23,21,7,14,2,19,9,6,22,18],[24,4,16,8,20,12,15,11,3,13,1,23,21,7,2,14,18,10,17,19,5,9,6,22],[12,4,24,8,16,15,11,20,3,1,23,13,21,7,14,2,19,9,5,18,6,22,10],[12,16,11,4,8,20,24,15,3,1,23,21,13,7,14,2,19,9,6,18,22,17,10,5],[20,16,24,12,11,8,4,3,15,13,1,23,21,7,14,2,17,19,9,22,6,10],[8,4,20,16,12,15,11,24,3,13,1,23,21,7,2,14,19,10,9,5,22,6,18],[16,24,12,15,11,20,4,8,3,1,23,13,21,7,2,14,19,9,6,17,22,18,5,10],[8,12,24,20,4,16,11,15,3,1,23,21,13,7,14,2,19,10,6,9,22,5,17],[12,20,24,4,8,16,15,11,3,1,23,21,13,7,14,2,19,9,5,22,10],[8,4,24,16,12,15,11,20,3,13,1,23,21,7,14,2,19,9,6,22,5,18,17,10],[12,24,4,20,8,16,11,3,15,1,23,13,21,7,14,2,17,19,9,5,22],[24,8,4,16,20,12,15,11,3,13,1,23,21,7,2,14,19,9,6,22,5,17],[8,24,16,12,15,11,20,4,3,1,23,21,13,7,14,2,19,10,6,22,9,17],[16,8,24,20,4,12,15,11,3,13,1,23,21,7,14,2,19,10,17,9,5,18,22,6],[4,8,20,12,24,16,15,11,3,1,23,13,21,7,2,14,19,9,5,17,22,18,6],[12,8,24,16,15,11,20,4,3,13,1,23,21,7,2,14,17,19,9,22,5,10],[8,4,16,24,20,12,15,11,3,13,1,23,21,7,14,2,19,9,22,5,18],[4,20,24,12,16,15,11,8,3,13,1,23,21,7,2,14,19,10,9,5,17,22,6,18],[8,24,16,12,11,4,20,15,3,13,1,23,21,7,14,2,19,9,5,18,22],[4,20,16,24,8,12,11,15,3,13,1,23,21,7,14,2,19,10,9,22,18,5,17,6],[8,12,20,4,24,16,11,3,15,13,1,23,21,7,2,14,19,9,22,5,18,6,10,17],[20,24,12,16,11,8,4,15,3,1,23,21,13,7,14,2,19,9,5,18,22,10,17],[12,24,4,16,11,20,8,15,3,13,1,23,21,7,2,14,19,9,6,22,17,10],[20,16,4,8,12,15,11,24,3,1,23,13,21,7,14,2,17,19,9,6,22,10,5,18],[4,16,24,12,15,11,8,20,3,13,1,23,21,7,14,2,19,9,5,22,6,18,10],[12,20,24,16,15,11,4,8,3,13,1,23,21,7,2,14,19,9,5,22,17,18,10,6],[4,16,20,8,12,15,11,24,3,1,23,13,21,7,2,14,19,10,22,6,5,9,18,17],[16,12,15,11,24,8,20,4,3,1,23,13,21,7,2,14,19,10,5,9,6,17,22],[4,8,16,20,24,12,11,3,15,13,1,23,21,7,2,14,19,10,6,9,18,17,22],[4,12,20,8,16,15,11,24,3,13,1,23,21,7,14,2,19,10,9,6,22,18],[12,16,15,11,24,20,4,8,3,1,23,21,13,7,14,2,19,10,6,9,5,22,17],[16,12,11,20,4,24,8,15,3,13,1,23,21,7,14,2,19,9,6,17,5,10,22,18],[12,20,8,16,15,11,4,24,3,13,1,23,21,7,2,14,19,9,5,22,10,17,18],[12,24,4,16,15,11,8,20,3,1,23,13,21,7,2,14,19,9,5,22,10],[12,20,24,16,15,11,8,4,3,13,1,23,21,7,2,14,19,9,6,10,17,18,22,5],[8,16,24,12,15,11,20,4,3,13,1,23,21,7,14,2,19,9,5,6,22,17],[12,4,8,16,15,11,20,24,3,13,1,23,21,7,2,14,19,9,6,22,17,5,18,10],[20,16,12,15,11,8,4,24,3,13,1,23,21,7,2,14,19,9,6,22,10,5],[8,4,24,12,16,11,20,15,3,1,23,13,21,7,14,2,19,9,5,18,22],[8,20,24,12,4,16,11,3,15,13,1,23,21,7,14,2,19,10,9,5,22,17,6,18],[20,12,16,11,4,24,8,15,3,1,23,21,13,7,2,14,19,9,6,22,5],[4,8,20,24,16,12,11,3,15,13,1,23,21,7,2,14,19,10,6,9,5,22,17,18],[8,16,20,4,12,11,24,3,15,13,1,23,21,7,14,2,19,10,9,6,18,22],[20,4,16,12,15,11,24,8,3,1,23,13,21,7,14,2,19,10,17,18,5,9,22],[24,8,4,12,20,16,11,3,15,1,23,21,13,7,14,2,19,10,6,9,5,18,22],[8,16,20,24,4,12,11,15,3,1,23,13,21,7,2,14,19,9,18,6,17,22],[4,20,12,8,16,15,11,24,3,13,1,23,21,7,2,14,19,9,5,17,22],[12,24,8,20,16,11,4,3,15,13,1,23,21,7,2,14,19,10,6,9,5,22,17,18],[24,20,16,4,8,12,15,11,3,13,1,23,21,7,14,2,19,9,6,18,17,5,22],[24,16,12,11,20,8,4,15,3,1,23,13,21,7,2,14,19,10,6,9,22,17,5],[24,16,4,12,15,11,20,8,3,13,1,23,21,7,2,14,19,9,6,18,5,22,10],[4,12,24,16,11,20,8,15,3,13,1,23,21,7,14,2,19,10,5,22,9,6],[16,20,12,15,11,8,24,4,3,13,1,23,21,7,2,14,19,10,6,9,18,17,22,5],[24,8,12,20,16,15,11,4,3,1,23,13,21,7,2,14,19,10,6,9,22,17,5],[8,24,20,12,4,16,11,3,15,1,23,21,13,7,2,14,19,10,17,22,9,5,18],[16,8,20,4,12,15,11,24,3,13,1,23,21,7,14,2,19,10,9,5,18,22],[16,4,8,24,20,12,11,15,3,1,23,21,13,7,14,2,19,9,5,22,17,18,6],[4,12,8,20,24,16,11,15,3,1,23,21,13,7,2,14,19,9,18,22,5],[8,16,24,20,4,12,11,15,3,1,23,13,21,7,2,14,19,10,22,6,5,9,18],[24,12,8,16,15,11,20,4,3,1,23,13,21,7,2,14,19,10,22,9,5],[24,12,4,20,16,11,8,3,15,13,1,23,21,7,14,2,19,10,9,6,17,22,5,18],[4,20,12,24,16,11,8,15,3,13,1,23,21,7,2,14,19,9,22,6,17,10],[12,24,20,8,16,11,4,15,3,1,23,13,21,7,14,2,19,9,6,10,18,5,22],[4,16,12,15,11,24,8,20,3,13,1,23,21,7,14,2,19,9,10,6,22,5],[24,8,4,20,12,16,11,15,3,13,1,23,21,7,2,14,19,10,5,9,18,6,22],[4,12,20,8,16,15,11,24,3,13,1,23,21,7,14,2,19,9,5,22,18],[4,24,12,16,15,11,20,8,3,1,23,13,21,7,14,2,19,10,22,5,6,9,17,18],[16,8,4,24,12,11,20,15,3,1,23,13,21,7,2,14,19,10,6,9,17,22,18,5],[8,20,24,12,4,16,11,15,3,1,23,21,13,7,14,2,19,9,6,22,10,5],[16,20,8,12,11,4,24,15,3,13,1,23,21,7,2,14,19,9,22,6,17],[4,8,24,16,12,11,20,15,3,1,23,13,21,7,2,14,19,9,22,10,5,6,18,17],[20,8,12,16,15,11,24,4,3,1,23,21,13,7,2,14,19,9,5,22,6,17,18],[4,24,12,20,8,16,11,15,3,1,23,21,13,7,14,2,19,10,22,9,5,18],[20,12,8,24,4,16,11,15,3,1,23,21,13,7,14,2,19,9,22,5,6,10,18],[12,20,24,8,4,16,11,15,3,1,23,13,21,7,14,2,19,10,9,6,18,5,22],[16,8,4,20,24,12,15,11,3,13,1,23,21,7,14,2,19,9,22,5],[4,8,20,24,16,12,15,11,3,1,23,13,21,7,14,2,19,10,22,5,9],[12,20,8,4,16,15,11,24,3,1,23,13,21,7,14,2,19,10,5,9,6,17,22,18],[8,12,20,16,11,4,24,15,3,13,1,23,21,7,2,14,19,9,10,6,5,17,22],[16,24,20,12,15,11,4,8,3,13,1,23,21,7,2,14,19,9,6,22,10,5,18],[20,8,12,16,11,24,4,3,15,1,23,21,13,7,14,2,19,9,10,6,17,22,18],[4,24,16,12,15,11,8,20,3,1,23,21,13,7,2,14,19,9,6,10,18,22,5],[20,16,12,15,11,4,8,24,3,13,1,23,21,7,2,14,19,9,5,6,22],[8,4,16,20,12,15,11,24,3,13,1,23,21,7,2,14,19,9,5,22,17,10,18,6],[16,4,8,12,11,20,24,3,15,1,23,21,13,7,14,2,19,9,5,10,17,22,18],[24,12,8,4,20,16,15,11,3,13,1,23,21,7,14,2,18,9,19,5,6,17,22,10],[24,12,4,8,16,11,20,3,15,1,23,21,13,7,2,14,19,10,6,9,5,22,18],[4,16,12,11,8,24,20,15,3,13,1,23,21,7,14,2,19,10,9,22,17,5,18,6],[4,20,24,12,16,15,11,8,3,1,23,21,13,7,14,2,17,19,10,5,9,22],[16,20,8,4,24,12,11,3,15,1,23,21,13,7,2,14,17,19,9,22,5,18,6,10],[20,24,16,8,12,11,4,15,3,13,1,23,21,7,2,14,19,9,6,22,18,5,17,10],[8,24,12,16,11,20,4,3,15,1,23,21,13,7,2,14,19,9,5,22,6],[16,4,12,15,11,20,8,24,3,13,1,23,21,7,2,14,17,19,9,6,5,18,22],[12,8,20,24,16,11,4,15,3,13,1,23,21,7,2,14,19,9,5,22,6,17,10,18],[24,4,12,16,15,11,8,20,3,13,1,23,21,7,2,14,19,10,5,9,22,6,17,18],[4,24,16,8,20,12,15,11,3,13,1,23,21,7,2,14,19,9,18,6,22,17],[4,20,12,16,11,24,8,15,3,13,1,23,21,7,14,2,19,10,9,6,22,5,18],[20,12,16,11,24,8,4,15,3,13,1,23,21,7,14,2,19,10,5,9,22],[12,20,8,4,24,16,15,11,3,13,1,23,21,7,2,14,19,10,9,6,22],[4,12,20,16,11,8,24,3,15,13,1,23,21,7,14,2,19,10,9,22,18,5,17,6],[24,16,8,20,12,15,11,4,3,1,23,13,21,7,2,14,19,10,9,6,22,18],[4,8,16,24,20,12,15,11,3,1,23,21,13,7,2,14,19,9,6,18,5,22,17],[8,20,4,24,16,12,11,15,3,1,23,13,21,7,14,2,19,10,6,9,22,5],[16,4,8,20,24,12,15,11,3,1,23,21,13,7,14,2,19,9,17,6,5,22,10],[20,16,24,8,12,11,4,15,3,13,1,23,21,7,2,14,19,9,5,22],[4,20,8,12,24,16,11,15,3,13,1,23,21,7,2,14,18,10,19,6,22,9],[16,24,8,12,15,11,4,20,3,13,1,23,21,7,2,14,19,9,5,10,22,6],[12,24,4,20,8,16,11,3,15,1,23,13,21,7,2,14,19,10,5,9,22],[12,4,8,16,11,24,20,3,15,13,1,23,21,7,2,14,19,10,6,9,18,22,17],[24,12,8,4,20,16,11,3,15,13,1,23,21,7,2,14,19,10,22,5,9,18],[4,16,24,20,8,12,11,15,3,1,23,21,13,7,2,14,19,9,6,18,17,22,5,10],[12,4,24,20,8,16,15,11,3,1,23,21,13,7,14,2,19,9,5,22,18,6,17,10],[4,20,8,24,12,16,15,11,3,13,1,23,21,7,14,2,17,19,9,5,18,22,6],[8,4,16,24,20,12,11,15,3,1,23,13,21,7,14,2,19,9,5,22,17,18,10],[12,16,15,11,4,20,8,24,3,13,1,23,21,7,14,2,18,10,6,17,19,9,22,5],[24,12,4,16,15,11,20,8,3,1,23,21,13,7,14,2,19,10,9,5,22,17,6,18],[12,20,8,24,4,16,15,11,3,13,1,23,21,7,2,14,18,9,19,5,22,17],[8,4,12,24,20,16,15,11,3,1,23,13,21,7,14,2,19,9,5,22,6,10,17,18],[12,4,20,8,16,15,11,24,3,13,1,23,21,7,2,14,19,9,10,5,22],[12,8,4,24,16,11,20,3,15,1,23,21,13,7,14,2,17,19,10,9,6,22,18],[4,16,24,12,15,11,8,20,3,13,1,23,21,7,14,2,19,9,6,22,17,18,5,10],[12,8,20,16,11,4,24,3,15,13,1,23,21,7,14,2,19,10,6,9,5,22,18],[8,24,4,20,16,12,15,11,3,13,1,23,21,7,2,14,19,9,6,22,10,5,18],[16,20,24,4,8,12,15,11,3,1,23,21,13,7,2,14,19,9,10,5,18,17,6,22],[16,20,12,11,4,24,8,3,15,1,23,21,13,7,14,2,19,9,6,5,18,22],[4,8,12,16,15,11,24,20,3,1,23,13,21,7,2,14,19,10,5,9,22],[20,12,4,24,16,11,8,15,3,13,1,23,21,7,2,14,19,10,9,6,22,17,5],[16,20,24,8,4,12,15,11,3,1,23,21,13,7,2,14,19,9,6,22,10,17,5],[16,12,11,8,20,4,24,15,3,1,23,21,13,7,2,14,19,9,22,6],[8,20,4,16,24,12,11,3,15,13,1,23,21,7,14,2,19,10,9,5,22,17,18],[16,4,12,11,24,8,20,15,3,13,1,23,21,7,14,2,19,10,9,22,6],[4,12,16,11,20,8,24,15,3,1,23,13,21,7,2,14,19,9,5,6,22,17,10],[4,24,8,12,16,11,20,15,3,13,1,23,21,7,14,2,19,10,17,6,9,5,22],[20,16,24,4,8,12,11,3,15,13,1,23,21,7,2,14,19,10,9,18,22,6,17,5],[20,8,4,12,24,16,11,15,3,13,1,23,21,7,14,2,19,9,5,22,6,10],[4,8,12,24,20,16,15,11,3,1,23,13,21,7,14,2,19,9,22,6],[12,16,15,11,8,20,24,4,3,13,1,23,21,7,14,2,19,10,6,17,9,22,5],[24,16,4,12,11,8,20,15,3,13,1,23,21,7,2,14,19,9,22,5,17,10,6],[12,20,4,8,24,16,15,11,3,1,23,21,13,7,14,2,19,10,18,9,22,5],[12,16,11,20,8,24,4,15,3,13,1,23,21,7,2,14,19,9,5,10,22,17],[8,12,16,15,11,20,4,24,3,13,1,23,21,7,14,2,17,19,9,6,22,18,10,5],[8,20,16,12,15,11,24,4,3,1,23,21,13,7,2,14,19,9,6,22,17],[20,8,16,12,11,4,24,15,3,13,1,23,21,7,2,14,19,10,6,9,5,17,22],[8,12,4,16,11,20,24,15,3,13,1,23,21,7,14,2,19,9,5,22],[20,16,8,4,12,11,24,15,3,13,1,23,21,7,14,2,19,10,9,5,6,22,18,17],[20,12,24,16,15,11,8,4,3,13,1,23,21,7,14,2,19,9,18,5,22,17],[12,24,20,16,15,11,8,4,3,13,1,23,21,7,14,2,19,9,6,22,5,18],[16,12,15,11,20,24,4,8,3,13,1,23,21,7,2,14,19,10,6,9,22,17],[4,24,8,20,16,12,11,3,15,13,1,23,21,7,14,2,19,10,9,5,22,18,17,6],[8,12,4,24,20,16,11,3,15,13,1,23,21,7,2,14,19,9,5,10,22,6,17,18],[20,24,8,12,16,11,4,3,15,13,1,23,21,7,14,2,19,9,5,22],[4,16,24,8,20,12,15,11,3,1,23,21,13,7,2,14,19,9,5,10,22],[24,20,4,12,8,16,11,15,3,1,23,13,21,7,14,2,17,19,9,22,6,18,5,10],[8,12,20,4,16,11,24,15,3,13,1,23,21,7,14,2,19,9,22,6],[12,8,20,16,15,11,24,4,3,13,1,23,21,7,2,14,17,19,9,22,10,5,18,6],[12,20,4,16,11,8,24,3,15,13,1,23,21,7,2,14,19,9,10,6,22,18,5],[16,4,24,8,12,15,11,20,3,1,23,13,21,7,14,2,19,9,6,22,17,18,10],[4,8,20,24,12,16,15,11,3,13,1,23,21,7,2,14,19,9,5,18,22,17,6],[16,8,20,24,4,12,11,15,3,13,1,23,21,7,14,2,19,9,6,22,17,10],[12,24,16,11,20,4,8,3,15,1,23,21,13,7,2,14,19,9,5,22],[4,16,20,8,12,11,24,3,15,13,1,23,21,7,14,2,19,9,22,5,17,18],[24,16,4,20,12,11,8,15,3,13,1,23,21,7,2,14,19,9,5,17,22,6,10],[24,12,8,20,4,16,15,11,3,13,1,23,21,7,14,2,19,10,9,5,22,18,6],[16,20,24,8,12,15,11,4,3,1,23,21,13,7,14,2,19,10,6,18,9,22,5],[8,16,20,12,15,11,4,24,3,13,1,23,21,7,2,14,19,9,6,22,18,5,17,10],[12,8,16,15,11,4,20,24,3,1,23,13,21,7,2,14,17,19,10,9,6,22,5],[20,8,4,12,24,16,11,15,3,13,1,23,21,7,14,2,17,19,9,5,22],[4,8,12,20,24,16,11,15,3,1,23,13,21,7,14,2,19,9,10,5,17],[16,20,4,24,8,12,11,15,3,13,1,23,21,7,2,14,19,9,22,6,18,10],[16,20,24,4,8,12,15,11,3,1,23,21,13,7,14,2,19,9,5,22,17],[8,4,20,24,12,16,15,11,3,13,1,23,21,7,2,14,19,10,9,5,6,22,17],[12,4,20,8,24,16,15,11,3,13,1,23,21,7,14,2,19,10,9,22,6,17,5,18],[16,20,8,12,15,11,4,24,3,13,1,23,21,7,14,2,19,9,10,5,6,18,22],[20,16,12,15,11,4,24,8,3,13,1,23,21,7,2,14,19,9,22,10,6,18,5],[24,20,4,8,12,16,15,11,3,1,23,21,13,7,2,14,19,9,6,17,22,10,5],[12,20,4,24,8,16,11,3,15,13,1,23,21,7,2,14,19,9,5,18,22,10,6,17],[20,16,24,4,12,15,11,8,3,13,1,23,21,7,14,2,19,9,6,22,18,10,5],[20,24,4,16,8,12,11,15,3,1,23,21,13,7,14,2,19,9,5,17,22,18,10],[4,16,8,12,15,11,20,24,3,13,1,23,21,7,2,14,19,10,6,9,22,18,17],[20,24,4,16,12,11,8,3,15,1,23,13,21,7,14,2,18,10,17,19,5,9,6,22],[16,8,20,4,12,11,24,15,3,13,1,23,21,7,2,14,19,9,5,6,22,10],[12,24,4,16,11,20,8,15,3,1,23,13,21,7,2,14,19,9,5,22],[4,8,24,12,20,16,11,15,3,13,1,23,21,7,2,14,19,10,22,6,9,17],[24,8,16,12,11,4,20,3,15,1,23,13,21,7,14,2,19,9,6,10,22,5,17,18],[4,12,16,11,20,8,24,3,15,13,1,23,21,7,2,14,17,19,9,6,22,5],[24,16,12,11,4,20,8,15,3,13,1,23,21,7,2,14,19,10,5,9,22,17,18],[24,12,16,11,20,8,4,15,3,13,1,23,21,7,2,14,19,9,6,17,22],[12,8,24,16,11,4,20,15,3,1,23,21,13,7,2,14,19,9,22,6,10,18,5,17],[8,24,12,16,15,11,20,4,3,1,23,13,21,7,14,2,19,9,5,22,17,18,10],[20,16,4,8,12,11,24,3,15,13,1,23,21,7,2,14,19,9,18,10,5,22,6],[20,12,8,16,11,4,24,15,3,13,1,23,21,7,2,14,19,9,5,22,6,18,17,10],[12,24,16,15,11,20,8,4,3,13,1,23,21,7,14,2,19,10,22,9,18,5],[24,12,16,15,11,8,20,4,3,13,1,23,21,7,2,14,19,9,22,5,17,6,18,10],[20,4,24,16,8,12,15,11,3,13,1,23,21,7,2,14,18,10,19,5,22,9],[4,24,8,16,12,15,11,20,3,1,23,13,21,7,14,2,18,10,19,6,9,5,22,17],[8,12,24,20,4,16,15,11,3,1,23,21,13,7,14,2,19,10,6,9,22],[16,20,8,24,4,12,15,11,3,13,1,23,21,7,14,2,19,9,6,17,5,18,22,10],[16,24,8,4,20,12,15,11,3,13,1,23,21,7,14,2,19,10,5,22,9,17,18],[12,8,24,16,15,11,20,4,3,1,23,21,13,7,2,14,19,9,6,10,22],[16,12,11,8,4,20,24,15,3,1,23,21,13,7,14,2,19,10,9,5,18,22,6,17],[4,12,8,20,24,16,11,3,15,13,1,23,21,7,14,2,19,9,5,22,6,17],[8,4,20,12,16,11,24,3,15,1,23,21,13,7,2,14,19,9,6,17,5,22,18,10],[20,16,24,4,12,15,11,8,3,13,1,23,21,7,14,2,19,9,5,18,22,17],[12,16,15,11,8,4,24,20,3,1,23,21,13,7,2,14,19,9,5,6,22],[8,16,24,4,12,15,11,20,3,1,23,21,13,7,2,14,19,9,17,18,5,22,10,6],[24,20,16,12,15,11,4,8,3,13,1,23,21,7,2,14,19,9,18,5,22],[16,8,20,24,12,11,4,3,15,13,1,23,21,7,14,2,19,9,5,6,22,10],[8,12,24,4,16,15,11,20,3,1,23,21,13,7,14,2,19,10,17,5,9,22,6],[20,8,4,16,12,11,24,3,15,13,1,23,21,7,14,2,19,10,5,9,22,18,6],[24,8,20,12,16,11,4,15,3,1,23,13,21,7,14,2,19,9,10,22,6],[4,12,8,16,11,24,20,3,15,13,1,23,21,7,14,2,19,9,22,6,17,5,10],[20,4,16,12,11,8,24,3,15,13,1,23,21,7,2,14,19,10,22,9,5,17],[12,8,24,20,16,15,11,4,3,1,23,13,21,7,14,2,19,9,5,18,17,22,6,10],[8,12,20,4,16,11,24,3,15,13,1,23,21,7,2,14,19,10,6,9,22,17,18,5],[8,12,16,15,11,20,4,24,3,1,23,13,21,7,14,2,19,10,9,6,22,17,18,5],[8,12,16,11,4,24,20,15,3,1,23,21,13,7,2,14,19,9,5,22],[8,24,4,16,12,15,11,20,3,13,1,23,21,7,2,14,19,10,6,9,22,5,18,17],[12,16,15,11,20,24,8,4,3,1,23,13,21,7,2,14,19,9,6,22,18,10,5,17],[24,20,8,16,12,15,11,4,3,13,1,23,21,7,14,2,19,9,22,5],[8,20,12,24,4,16,15,11,3,13,1,23,21,7,14,2,19,9,5,10,6,22],[20,24,4,8,16,12,15,11,3,1,23,21,13,7,2,14,19,9,6,22,17,5,10,18],[20,12,16,11,24,8,4,3,15,1,23,13,21,7,14,2,19,10,9,5,17,6,22],[20,12,24,4,16,15,11,8,3,13,1,23,21,7,14,2,19,10,6,22,9,17],[24,12,16,15,11,20,8,4,3,1,23,21,13,7,14,2,19,9,18,5,22,17,10,6],[8,24,12,20,4,16,15,11,3,1,23,21,13,7,14,2,19,10,9,5,6,22,17],[24,4,12,8,16,11,20,15,3,13,1,23,21,7,14,2,19,9,6,5,22],[24,12,16,11,8,20,4,3,15,1,23,21,13,7,14,2,19,9,6,5,22,10,17,18],[4,12,16,15,11,8,24,20,3,13,1,23,21,7,2,14,19,10,9,5,22,18,6,17],[8,24,20,4,16,12,15,11,3,13,1,23,21,7,14,2,19,9,6,5,22,18],[8,4,16,12,11,24,20,15,3,1,23,21,13,7,14,2,19,9,6,22,5],[12,16,15,11,8,4,24,20,3,13,1,23,21,7,14,2,19,10,6,9,17,5,22,18],[24,4,16,12,11,8,20,15,3,13,1,23,21,7,2,14,19,9,5,22,6,18,10],[20,16,4,8,12,15,11,24,3,13,1,23,21,7,2,14,19,9,22,5,17,10],[16,20,8,12,15,11,24,4,3,13,1,23,21,7,14,2,19,9,5,6,22],[12,20,16,15,11,24,4,8,3,1,23,13,21,7,2,14,19,9,6,18,22,17,10,5],[20,24,8,4,12,16,15,11,3,1,23,21,13,7,2,14,19,9,18,6,22,10,5,17],[20,16,8,4,12,15,11,24,3,1,23,13,21,7,14,2,19,10,9,22,5,18,6,17],[20,16,12,15,11,24,4,8,3,1,23,21,13,7,2,14,19,10,6,9,22,5],[24,8,4,20,16,12,11,3,15,1,23,13,21,7,2,14,19,9,22,6,5,17,10],[12,24,16,15,11,8,4,20,3,1,23,13,21,7,2,14,18,10,19,5,9,22],[20,24,8,12,16,15,11,4,3,1,23,21,13,7,14,2,19,9,5,17,10,22,6],[20,24,12,16,15,11,4,8,3,13,1,23,21,7,2,14,19,9,5,18,10,6,22,17],[16,4,8,12,11,20,24,15,3,1,23,21,13,7,2,14,19,10,9,6,5,22,18],[12,16,15,11,24,20,8,4,3,1,23,13,21,7,2,14,18,9,19,5,10,22,17],[24,4,20,12,16,11,8,3,15,13,1,23,21,7,14,2,19,9,5,22,10,6,17],[12,20,8,24,4,16,11,3,15,1,23,21,13,7,2,14,19,10,9,22,5],[16,24,20,8,4,12,11,3,15,13,1,23,21,7,14,2,19,10,6,9,18,22],[12,24,4,8,16,15,11,20,3,13,1,23,21,7,14,2,19,10,5,22,9,18,6,17],[24,20,12,8,16,11,4,3,15,13,1,23,21,7,14,2,19,10,9,5,22,18],[8,4,20,12,24,16,11,3,15,1,23,21,13,7,14,2,19,9,6,22],[16,24,20,4,12,15,11,8,3,1,23,13,21,7,2,14,19,9,6,22,17,18],[24,8,16,4,20,12,11,15,3,13,1,23,21,7,14,2,19,9,5,22,10,18,17],[20,8,4,16,12,15,11,24,3,1,23,21,13,7,14,2,19,10,6,9,22,5],[8,24,4,16,20,12,11,15,3,13,1,23,21,7,2,14,19,10,9,5,22,18,17],[8,24,12,20,4,16,15,11,3,1,23,21,13,7,14,2,19,9,10,5,22],[20,4,24,8,12,16,11,3,15,13,1,23,21,7,2,14,19,9,6,17,22,10],[20,16,12,15,11,4,24,8,3,13,1,23,21,7,2,14,19,9,6,18,22,10,17],[16,8,4,12,15,11,24,20,3,1,23,21,13,7,14,2,19,10,6,9,22,18],[20,8,24,16,4,12,11,15,3,13,1,23,21,7,2,14,19,9,5,17,6,22,10,18],[8,24,16,20,4,12,15,11,3,13,1,23,21,7,2,14,19,9,5,17,6,10,22],[16,20,8,12,15,11,24,4,3,13,1,23,21,7,2,14,19,9,22,18,6],[24,20,12,8,4,16,11,15,3,13,1,23,21,7,2,14,19,10,9,5,6,17,22],[8,4,16,24,12,11,20,3,15,1,23,13,21,7,2,14,19,10,22,5,18,9],[8,4,12,16,11,20,24,15,3,1,23,21,13,7,2,14,19,9,6,5,22,17,18],[24,20,16,12,15,11,4,8,3,13,1,23,21,7,14,2,17,19,9,10,5,22],[12,20,4,8,16,11,24,3,15,1,23,13,21,7,2,14,19,9,5,6,18,10,22,17],[20,8,16,4,24,12,15,11,3,13,1,23,21,7,14,2,19,9,5,10,17,6,22,18],[20,24,4,12,16,15,11,8,3,13,1,23,21,7,14,2,19,9,6,18,22,10,17,5],[24,8,4,16,12,11,20,3,15,13,1,23,21,7,2,14,19,10,6,22,9],[20,8,16,24,12,11,4,3,15,1,23,21,13,7,14,2,19,9,6,5,22,17,18],[8,4,20,12,24,16,15,11,3,13,1,23,21,7,2,14,17,19,9,22,6,5,10,18],[20,16,12,11,24,8,4,15,3,13,1,23,21,7,14,2,19,10,9,5,22,6,17,18],[16,8,12,15,11,4,20,24,3,1,23,13,21,7,2,14,19,9,6,5,22,10,17,18],[4,20,8,16,12,11,24,15,3,13,1,23,21,7,14,2,19,9,17,5,22,6,10],[4,24,12,20,16,11,8,15,3,1,23,21,13,7,2,14,19,9,10,17,5,22,18,6],[20,4,24,8,16,12,11,15,3,1,23,13,21,7,2,14,19,10,6,9,22,5,18,17],[8,20,4,12,16,11,24,3,15,13,1,23,21,7,2,14,18,9,19,6,22,10],[24,16,12,15,11,8,4,20,3,1,23,21,13,7,2,14,19,9,22,6],[8,20,4,24,16,12,15,11,3,1,23,13,21,7,14,2,19,9,6,5,22,10],[12,16,15,11,20,24,8,4,3,13,1,23,21,7,14,2,19,9,6,18,22],[4,8,24,12,16,15,11,20,3,1,23,13,21,7,14,2,19,10,9,5,6,17,22],[8,16,24,20,4,12,11,3,15,13,1,23,21,7,14,2,19,9,5,6,22,17],[8,12,16,11,24,20,4,3,15,13,1,23,21,7,14,2,19,9,6,18,17,5,10,22],[16,20,4,8,24,12,15,11,3,1,23,21,13,7,2,14,19,10,9,6,17,22,18,5],[8,4,16,12,15,11,20,24,3,13,1,23,21,7,2,14,19,9,5,22,18,17],[12,8,4,16,11,24,20,15,3,1,23,13,21,7,14,2,19,9,22,6,5,17,18],[16,20,4,12,11,8,24,15,3,1,23,13,21,7,2,14,18,9,17,19,6,10,22,5],[12,8,4,24,20,16,15,11,3,1,23,13,21,7,2,14,19,9,22,5],[20,8,24,12,16,11,4,3,15,13,1,23,21,7,2,14,19,9,5,22,6,18],[8,4,20,24,16,12,11,3,15,13,1,23,21,7,2,14,19,9,5,22,17,10,6,18],[12,24,16,15,11,4,8,20,3,13,1,23,21,7,14,2,19,9,5,22,6,18],[8,16,24,12,11,20,4,3,15,13,1,23,21,7,2,14,19,10,9,5,18,6,22],[24,20,12,4,16,11,8,3,15,13,1,23,21,7,2,14,19,9,17,22,6,10],[24,20,12,4,8,16,11,15,3,1,23,13,21,7,2,14,18,9,17,6,19,10,22,5],[8,4,20,12,16,11,24,3,15,1,23,13,21,7,2,14,19,9,17,6,22,5,18,10],[20,8,24,4,16,12,15,11,3,1,23,13,21,7,2,14,19,9,22,6,10,18,17,5],[20,4,24,12,16,15,11,8,3,13,1,23,21,7,2,14,19,9,18,6,22,5,17,10],[16,12,11,20,24,4,8,15,3,1,23,21,13,7,2,14,19,9,5,22,6,17],[8,16,24,20,12,11,4,15,3,1,23,21,13,7,14,2,19,9,5,17,22,18,6,10],[16,24,20,12,15,11,4,8,3,1,23,21,13,7,14,2,19,10,9,5,22,6],[20,12,8,24,4,16,11,15,3,13,1,23,21,7,2,14,19,9,22,18,5,6],[24,12,16,11,20,4,8,3,15,13,1,23,21,7,2,14,19,9,5,18,22,6,10],[24,8,4,12,20,16,11,3,15,1,23,13,21,7,2,14,18,9,17,19,22,10,5],[4,20,16,12,11,8,24,15,3,1,23,13,21,7,2,14,19,9,22,10,5,6,17],[16,4,8,12,15,11,24,20,3,1,23,13,21,7,14,2,18,9,19,6,22,17],[20,4,12,8,16,11,24,15,3,1,23,13,21,7,2,14,19,10,6,18,9,5,17,22],[16,20,8,24,12,15,11,4,3,1,23,13,21,7,2,14,19,10,6,5,9,22,18,17],[12,24,8,20,16,15,11,4,3,1,23,13,21,7,2,14,19,10,9,5,22,6,18,17],[12,4,16,15,11,8,20,24,3,13,1,23,21,7,14,2,19,10,5,9,22,6,17,18],[4,24,8,20,12,16,11,15,3,13,1,23,21,7,2,14,19,9,22,5,17,18,10],[12,4,8,20,16,11,24,3,15,13,1,23,21,7,2,14,19,9,22,5,10],[12,20,8,16,15,11,24,4,3,13,1,23,21,7,2,14,19,9,5,22,10,18,6,17],[8,16,12,11,24,4,20,15,3,1,23,13,21,7,2,14,19,10,9,6,22],[16,4,12,11,24,8,20,3,15,1,23,13,21,7,14,2,19,10,17,9,5,22,18],[12,24,16,15,11,4,8,20,3,1,23,13,21,7,14,2,19,9,22,6],[4,20,24,8,12,16,15,11,3,1,23,21,13,7,2,14,19,9,6,22],[12,24,20,8,16,15,11,4,3,13,1,23,21,7,14,2,19,10,5,6,17,9,22],[24,20,12,4,16,11,8,15,3,13,1,23,21,7,2,14,19,9,5,10,22,17,18,6],[16,20,4,24,12,15,11,8,3,1,23,13,21,7,14,2,19,9,6,22,18],[24,16,20,12,15,11,8,4,3,13,1,23,21,7,14,2,19,9,6,17,5,22,10,18],[20,4,8,12,24,16,15,11,3,1,23,21,13,7,14,2,19,9,5,22,6,10],[12,24,8,20,4,16,15,11,3,13,1,23,21,7,2,14,19,9,22,6,10],[8,20,24,4,12,16,11,3,15,1,23,13,21,7,2,14,19,10,22,6,9],[12,20,24,16,15,11,8,4,3,13,1,23,21,7,14,2,19,9,22,5],[4,20,8,24,12,16,15,11,3,13,1,23,21,7,14,2,19,9,22,6,5,10],[8,16,24,20,12,15,11,4,3,13,1,23,21,7,14,2,19,9,5,22],[16,8,24,4,12,15,11,20,3,13,1,23,21,7,2,14,19,9,6,22,10,17],[8,4,12,20,16,11,24,15,3,1,23,21,13,7,14,2,19,9,6,22,17],[16,20,8,4,24,12,11,15,3,13,1,23,21,7,2,14,19,9,18,5,22,17,6],[20,16,4,8,24,12,15,11,3,13,1,23,21,7,2,14,19,9,22,5,10,6,17],[24,20,4,16,12,15,11,8,3,13,1,23,21,7,2,14,19,10,6,9,22,17],[16,12,11,8,4,20,24,3,15,13,1,23,21,7,2,14,19,10,9,6,5,17,22,18],[4,16,8,24,20,12,11,15,3,13,1,23,21,7,14,2,19,10,9,18,22,6,5],[20,12,24,16,11,4,8,15,3,1,23,13,21,7,14,2,19,10,5,9,18,17,22,6],[24,4,20,16,12,15,11,8,3,13,1,23,21,7,14,2,19,9,6,17,22,10,5],[4,16,8,20,24,12,11,3,15,13,1,23,21,7,2,14,19,10,6,22,9,5],[4,16,20,8,12,15,11,24,3,13,1,23,21,7,2,14,19,10,22,9,5,17,6,18],[4,20,8,12,24,16,11,3,15,1,23,21,13,7,14,2,19,10,9,5,22,6,18,17],[8,16,4,24,20,12,15,11,3,1,23,13,21,7,2,14,19,10,22,5,9,6,18,17],[16,20,8,4,12,15,11,24,3,13,1,23,21,7,2,14,19,9,18,6,22,5,10],[24,12,20,8,4,16,11,15,3,1,23,21,13,7,2,14,19,9,22,5,17],[20,8,24,16,4,12,15,11,3,13,1,23,21,7,2,14,19,9,5,18,17,22],[4,8,20,24,12,16,11,15,3,1,23,13,21,7,2,14,19,9,6,18,17,22,5],[24,20,16,4,12,15,11,8,3,13,1,23,21,7,2,14,19,9,6,22,10,5],[16,24,12,15,11,8,20,4,3,1,23,21,13,7,2,14,19,9,5,22,17,6,10],[8,16,24,12,15,11,4,20,3,13,1,23,21,7,2,14,19,10,22,5,9,17],[8,24,16,20,12,11,4,15,3,1,23,21,13,7,14,2,19,10,9,6,22],[8,12,24,20,4,16,15,11,3,1,23,13,21,7,2,14,19,9,6,22,18,17,5,10],[20,8,12,4,24,16,15,11,3,13,1,23,21,7,2,14,19,9,6,22],[8,4,24,16,20,12,15,11,3,1,23,13,21,7,2,14,19,10,9,22,6,18,17,5],[8,4,24,20,12,16,11,15,3,13,1,23,21,7,2,14,19,9,6,5,22,17,10],[24,20,8,4,12,16,15,11,3,13,1,23,21,7,2,14,19,9,22,5],[24,8,16,4,20,12,15,11,3,13,1,23,21,7,14,2,19,10,6,22,9,18],[20,12,4,8,16,11,24,15,3,1,23,21,13,7,14,2,19,9,5,22,6,10,18,17],[4,20,24,8,12,16,11,3,15,13,1,23,21,7,2,14,19,9,6,22,17,5],[12,16,11,8,4,20,24,3,15,13,1,23,21,7,2,14,19,9,22,6,17,5,10],[8,16,4,12,11,24,20,3,15,13,1,23,21,7,14,2,19,10,9,22,6,5],[12,24,8,4,16,15,11,20,3,1,23,21,13,7,2,14,19,9,10,22,5,18,17,6],[4,12,8,24,20,16,15,11,3,1,23,13,21,7,14,2,19,9,22,5,10,18,6],[24,12,4,20,16,15,11,8,3,13,1,23,21,7,14,2,19,9,6,17,22],[16,12,15,11,20,4,8,24,3,1,23,21,13,7,14,2,19,9,22,18,5,10,6,17],[24,12,8,16,11,4,20,3,15,1,23,21,13,7,14,2,19,9,6,10,22,5],[12,24,8,4,20,16,11,15,3,13,1,23,21,7,2,14,19,9,22,5,18,17,10],[20,4,24,8,12,16,15,11,3,1,23,13,21,7,2,14,19,9,5,22,6,18,10,17],[8,20,4,12,24,16,11,3,15,1,23,21,13,7,2,14,18,10,19,9,22,5,6],[20,8,4,24,12,16,11,3,15,1,23,13,21,7,2,14,19,10,5,9,22,18,17],[12,16,15,11,24,20,8,4,3,1,23,21,13,7,2,14,19,9,5,17,6,22,18,10],[16,8,20,4,24,12,11,3,15,13,1,23,21,7,14,2,19,10,22,9,6,5,18],[24,20,4,16,12,11,8,3,15,1,23,13,21,7,14,2,19,10,6,9,22,17,5],[8,20,4,12,16,15,11,24,3,13,1,23,21,7,14,2,19,9,22,6,17],[24,20,8,12,4,16,11,3,15,13,1,23,21,7,14,2,19,9,6,5,22],[8,12,4,16,15,11,24,20,3,13,1,23,21,7,2,14,19,10,6,18,9,22,17,5],[20,16,4,24,12,11,8,15,3,13,1,23,21,7,14,2,18,9,17,19,6,22],[16,24,20,12,15,11,8,4,3,1,23,13,21,7,14,2,19,9,6,22,18,17,5,10],[16,8,20,4,12,11,24,3,15,13,1,23,21,7,2,14,19,9,5,18,10,22],[4,24,8,12,16,11,20,15,3,1,23,13,21,7,2,14,19,9,5,22,17,6,18,10],[8,12,20,24,4,16,11,15,3,1,23,21,13,7,2,14,19,9,5,6,22,18],[12,24,8,4,20,16,11,3,15,1,23,13,21,7,2,14,19,9,6,5,22],[4,8,24,12,16,15,11,20,3,13,1,23,21,7,2,14,19,9,5,22,6,18,17,10],[4,12,24,8,20,16,11,3,15,13,1,23,21,7,2,14,19,10,9,18,6,5,22],[4,12,24,20,8,16,15,11,3,13,1,23,21,7,2,14,19,9,6,5,22,18,17,10],[16,12,15,11,8,20,24,4,3,1,23,13,21,7,14,2,19,9,10,6,18,22,17,5],[24,20,12,8,4,16,11,3,15,1,23,13,21,7,14,2,19,10,9,5,17,22,18],[12,8,16,15,11,4,24,20,3,13,1,23,21,7,2,14,19,10,9,18,5,22],[24,12,20,4,16,15,11,8,3,13,1,23,21,7,14,2,19,10,9,22,5,6,18,17],[8,4,12,16,15,11,20,24,3,1,23,21,13,7,14,2,19,9,6,17,22,10,18,5],[20,16,12,11,24,4,8,15,3,13,1,23,21,7,2,14,19,9,5,6,18,22],[4,12,8,24,20,16,15,11,3,1,23,13,21,7,2,14,18,9,19,5,22,6],[24,16,20,4,12,15,11,8,3,13,1,23,21,7,14,2,19,9,6,18,10,17,5,22],[16,24,8,20,4,12,15,11,3,13,1,23,21,7,2,14,18,9,19,6,22],[20,16,24,12,15,11,4,8,3,1,23,13,21,7,2,14,19,9,6,17,22,10,5],[12,20,24,16,11,4,8,15,3,1,23,13,21,7,2,14,19,10,9,5,22,6,18],[16,4,24,20,12,15,11,8,3,1,23,13,21,7,2,14,19,9,22,5],[24,20,12,4,16,11,8,15,3,1,23,13,21,7,14,2,19,9,6,22,10,18],[8,20,16,24,4,12,15,11,3,13,1,23,21,7,14,2,19,10,9,5,22,18,6,17],[12,16,15,11,20,8,4,24,3,13,1,23,21,7,14,2,19,9,6,10,17,22],[20,8,16,4,24,12,11,3,15,13,1,23,21,7,2,14,19,10,6,9,18,22,17,5],[24,4,12,16,11,20,8,3,15,13,1,23,21,7,2,14,19,10,5,9,22],[4,8,12,24,20,16,15,11,3,13,1,23,21,7,2,14,19,9,5,22,10,17,6,18],[24,4,8,16,20,12,15,11,3,13,1,23,21,7,14,2,19,9,22,6,17,5,10,18],[20,4,12,8,24,16,11,3,15,13,1,23,21,7,2,14,19,10,9,6,18,22,5,17],[24,8,4,20,12,16,15,11,3,1,23,21,13,7,14,2,19,9,6,10,5,22,18],[20,8,12,4,24,16,11,15,3,13,1,23,21,7,14,2,19,9,22,5,10,6,18,17],[24,4,8,20,16,12,11,15,3,1,23,21,13,7,2,14,19,9,5,22,6,17,10],[24,4,12,8,20,16,11,3,15,13,1,23,21,7,14,2,19,10,9,5,22,6,18,17],[8,12,20,4,24,16,11,3,15,1,23,13,21,7,2,14,19,9,6,22,18,17,10],[24,16,8,12,11,20,4,3,15,13,1,23,21,7,14,2,19,10,9,6,18,22,17,5],[4,24,8,16,12,11,20,3,15,1,23,13,21,7,2,14,19,9,6,17,22],[20,8,4,12,16,11,24,15,3,13,1,23,21,7,14,2,19,9,5,17,22,10],[8,4,20,24,16,12,15,11,3,13,1,23,21,7,14,2,19,9,5,22],[8,24,16,20,12,11,4,3,15,1,23,13,21,7,14,2,19,9,6,5,22],[12,20,4,16,15,11,8,24,3,13,1,23,21,7,2,14,19,9,22,6,18,5,10],[20,4,12,16,11,8,24,15,3,13,1,23,21,7,14,2,19,10,9,5,6,22,18,17],[4,24,8,16,12,15,11,20,3,1,23,13,21,7,2,14,19,10,9,6,17,22,18,5],[12,4,20,24,16,11,8,3,15,1,23,13,21,7,2,14,19,9,6,5,22,10,17],[16,24,4,8,20,12,15,11,3,13,1,23,21,7,2,14,19,10,22,9,6,5,17,18],[24,20,12,4,8,16,15,11,3,13,1,23,21,7,2,14,17,19,10,9,6,22],[24,4,12,8,16,15,11,20,3,1,23,21,13,7,2,14,19,10,6,9,22],[16,4,20,24,12,11,8,3,15,13,1,23,21,7,2,14,19,9,5,10,22,6,17,18],[12,20,16,11,24,4,8,15,3,1,23,13,21,7,2,14,19,9,22,6,17,10,18,5],[8,4,20,16,12,11,24,15,3,13,1,23,21,7,2,14,19,10,5,9,22,17,18],[8,12,20,24,16,11,4,15,3,1,23,13,21,7,2,14,18,9,17,19,5,6,22,10],[24,20,8,16,12,11,4,3,15,13,1,23,21,7,2,14,19,9,6,22,17,10,5],[12,16,11,24,8,20,4,15,3,1,23,21,13,7,14,2,19,10,6,9,22,5,18],[12,8,20,24,4,16,15,11,3,1,23,21,13,7,14,2,19,10,9,6,22,18],[8,24,20,12,4,16,11,15,3,13,1,23,21,7,14,2,19,10,9,6,22,5,17],[24,8,20,16,12,15,11,4,3,13,1,23,21,7,2,14,19,9,6,17,18,22,5],[12,24,16,15,11,4,8,20,3,13,1,23,21,7,14,2,19,10,5,9,22,18,17,6],[20,24,12,4,8,16,15,11,3,1,23,21,13,7,2,14,19,9,5,10,17,22,18,6],[16,12,11,8,24,4,20,15,3,1,23,21,13,7,2,14,19,9,22,5,17,10,6,18],[16,12,15,11,8,24,4,20,3,1,23,21,13,7,2,14,19,9,22,17,5,10,18],[16,8,12,15,11,4,24,20,3,1,23,13,21,7,14,2,19,10,6,9,22,18,17,5],[24,12,4,8,20,16,15,11,3,1,23,21,13,7,14,2,19,9,6,22,10,5,17,18],[16,12,15,11,8,4,24,20,3,1,23,21,13,7,14,2,19,10,9,22,6,5],[16,20,12,11,8,24,4,3,15,13,1,23,21,7,14,2,19,10,9,22,6,5,18],[8,24,20,4,12,16,15,11,3,1,23,13,21,7,2,14,19,9,22,6],[4,12,20,24,16,11,8,3,15,1,23,13,21,7,14,2,19,9,10,6,22,18,17],[20,8,16,4,12,15,11,24,3,13,1,23,21,7,2,14,19,10,9,18,6,22,17,5],[20,12,4,24,16,11,8,3,15,1,23,21,13,7,2,14,19,10,9,6,18,22,5,17],[24,4,8,20,12,16,11,3,15,13,1,23,21,7,14,2,19,9,5,22,6,10,18],[12,20,8,4,24,16,15,11,3,1,23,21,13,7,2,14,19,10,6,9,18,22],[20,8,16,4,24,12,11,3,15,13,1,23,21,7,14,2,19,9,6,22,5,10],[16,12,15,11,20,24,8,4,3,1,23,21,13,7,14,2,19,9,22,6,10,17,5],[8,16,4,20,24,12,15,11,3,13,1,23,21,7,2,14,19,9,5,18,22,17,6],[12,8,24,20,16,15,11,4,3,1,23,21,13,7,14,2,19,10,5,9,18,22,17,6],[12,8,24,16,15,11,20,4,3,13,1,23,21,7,14,2,19,10,9,6,22,5,17,18],[8,12,16,11,4,24,20,3,15,13,1,23,21,7,14,2,19,9,6,22,10,18,17],[4,8,20,12,24,16,15,11,3,1,23,21,13,7,14,2,17,19,9,6,18,22,5,10],[20,8,16,12,11,24,4,3,15,13,1,23,21,7,2,14,19,9,5,22,6],[4,8,16,20,12,11,24,15,3,13,1,23,21,7,14,2,19,9,22,6,18,17,5],[8,24,12,20,4,16,15,11,3,13,1,23,21,7,2,14,19,9,17,18,5,22],[4,20,8,24,12,16,11,3,15,13,1,23,21,7,2,14,19,9,5,17,18,22,10],[4,8,12,20,24,16,11,3,15,13,1,23,21,7,2,14,19,9,6,22,18,5,10],[20,12,4,24,8,16,15,11,3,13,1,23,21,7,2,14,19,9,22,5,6,18],[16,24,20,12,11,8,4,3,15,13,1,23,21,7,14,2,19,9,22,17,10,6,18],[8,4,20,24,12,16,15,11,3,1,23,13,21,7,14,2,19,10,6,9,22,18],[12,4,16,11,8,20,24,15,3,1,23,13,21,7,14,2,19,9,5,22,17,6],[12,24,8,16,11,4,20,3,15,1,23,21,13,7,14,2,19,9,5,22,10,6,18,17],[8,20,4,24,12,16,15,11,3,13,1,23,21,7,14,2,19,9,22,10,5],[4,24,8,20,16,12,15,11,3,1,23,21,13,7,2,14,19,9,5,22,17],[16,8,12,15,11,20,4,24,3,13,1,23,21,7,14,2,19,10,5,9,18,22,6],[20,4,24,12,8,16,11,15,3,13,1,23,21,7,14,2,19,10,9,5,22],[8,16,24,4,12,15,11,20,3,1,23,13,21,7,2,14,19,9,6,22,5,17,18],[12,24,16,15,11,8,4,20,3,13,1,23,21,7,2,14,19,9,5,22,17,6,18,10],[20,4,8,12,16,11,24,15,3,13,1,23,21,7,14,2,19,9,22,6,18,5,10,17],[16,20,24,4,12,11,8,3,15,1,23,21,13,7,2,14,19,9,5,22,18],[8,4,20,16,12,11,24,15,3,13,1,23,21,7,2,14,19,10,6,9,22,18],[12,4,24,20,8,16,15,11,3,1,23,21,13,7,2,14,19,10,9,6,22,17,18,5],[4,20,16,24,8,12,11,3,15,1,23,21,13,7,2,14,19,9,5,10,22,6,17,18],[12,20,4,16,15,11,24,8,3,13,1,23,21,7,2,14,19,10,17,9,22,6,18,5],[20,24,12,8,4,16,11,15,3,13,1,23,21,7,14,2,17,19,9,6,22,18],[4,8,16,20,24,12,11,15,3,1,23,21,13,7,14,2,19,9,5,6,22,10],[16,12,15,11,4,24,20,8,3,1,23,21,13,7,2,14,19,10,5,9,6,18],[24,4,12,16,11,20,8,15,3,1,23,21,13,7,14,2,19,9,6,17,18,5,22],[4,16,12,11,20,24,8,3,15,1,23,21,13,7,14,2,19,9,22,6],[16,8,20,12,15,11,4,24,3,1,23,13,21,7,2,14,19,10,5,9,18,22,17],[4,16,20,8,24,12,11,15,3,13,1,23,21,7,2,14,19,9,6,22,5,18,10],[4,24,12,20,8,16,11,15,3,13,1,23,21,7,2,14,19,9,6,17,22,18],[16,8,20,24,4,12,11,3,15,1,23,13,21,7,14,2,19,9,5,22,10,6,18],[20,8,4,12,16,11,24,15,3,13,1,23,21,7,14,2,19,10,22,9,6,5],[20,24,4,12,16,11,8,15,3,13,1,23,21,7,2,14,19,9,6,10,22,18],[12,8,4,20,16,11,24,15,3,13,1,23,21,7,2,14,19,10,5,9,22,17,18,6],[4,20,24,16,12,11,8,15,3,1,23,13,21,7,2,14,19,9,5,22,6],[4,16,20,8,24,12,15,11,3,1,23,13,21,7,2,14,18,9,17,19,10,6,22,5],[24,20,12,16,15,11,4,8,3,13,1,23,21,7,2,14,19,9,10,17,6,22],[8,20,24,16,12,11,4,15,3,13,1,23,21,7,2,14,19,9,22,5,6,10,17,18],[20,8,12,24,16,15,11,4,3,1,23,21,13,7,2,14,19,9,10,5,22,17,6,18],[20,8,16,4,24,12,15,11,3,1,23,21,13,7,2,14,19,9,17,6,18,10,22,5],[16,12,11,8,24,4,20,15,3,13,1,23,21,7,14,2,19,9,6,22,17,18,10,5],[12,8,24,4,20,16,15,11,3,13,1,23,21,7,14,2,19,10,9,6,17,22],[12,4,20,24,16,11,8,3,15,1,23,13,21,7,14,2,19,9,5,10,18,22,6,17],[4,20,24,12,8,16,15,11,3,1,23,13,21,7,2,14,18,10,9,19,5,22],[8,4,16,20,12,11,24,3,15,1,23,13,21,7,14,2,19,9,10,5,22,6,17,18],[20,24,8,16,12,11,4,3,15,13,1,23,21,7,2,14,19,10,9,6,18,22,17,5],[16,20,24,8,4,12,11,15,3,1,23,21,13,7,14,2,19,9,10,5,17,22,6,18],[16,8,4,12,11,24,20,3,15,1,23,13,21,7,2,14,19,9,6,22,5],[20,4,8,24,16,12,11,3,15,13,1,23,21,7,2,14,19,9,5,18,22,17,6],[12,4,20,16,15,11,24,8,3,1,23,21,13,7,14,2,19,9,5,18,22],[12,8,4,20,16,15,11,24,3,1,23,21,13,7,2,14,19,9,22,5,17,6],[4,8,16,20,24,12,15,11,3,13,1,23,21,7,2,14,19,9,6,10,22,5],[16,12,15,11,8,20,24,4,3,13,1,23,21,7,14,2,19,9,6,22,10,5],[4,8,12,16,15,11,20,24,3,13,1,23,21,7,14,2,19,9,17,5,10,22,18],[8,16,20,12,15,11,4,24,3,13,1,23,21,7,2,14,19,9,5,10,6,17,22,18],[4,20,16,12,15,11,24,8,3,13,1,23,21,7,2,14,19,9,6,22,10,5],[8,4,16,12,11,20,24,3,15,1,23,21,13,7,2,14,19,10,22,5,9,17,18],[8,24,4,12,16,11,20,3,15,1,23,21,13,7,2,14,19,9,10,5,6,22,18,17],[4,20,24,12,16,15,11,8,3,13,1,23,21,7,2,14,19,9,6,10,22],[8,12,20,24,16,15,11,4,3,1,23,13,21,7,2,14,19,9,22,6,10],[20,4,16,24,12,15,11,8,3,1,23,21,13,7,14,2,19,10,9,22,17,6,18,5],[12,20,8,16,11,24,4,15,3,13,1,23,21,7,2,14,19,9,6,22,17,18,10],[24,16,4,20,12,11,8,3,15,13,1,23,21,7,14,2,19,9,5,22,10,17],[12,20,4,24,8,16,15,11,3,1,23,13,21,7,2,14,19,10,6,9,22,17],[16,12,15,11,4,24,8,20,3,1,23,21,13,7,14,2,19,9,22,6,18,10,17],[16,8,20,4,12,11,24,15,3,13,1,23,21,7,2,14,19,9,6,22,5,17,10,18],[16,8,20,4,24,12,11,15,3,1,23,21,13,7,14,2,19,9,5,17,22,6,10,18],[24,12,4,20,16,15,11,8,3,13,1,23,21,7,14,2,19,10,6,9,22,5],[12,4,24,20,16,15,11,8,3,1,23,21,13,7,2,14,19,9,22,5,17,18,10],[16,24,4,20,12,11,8,3,15,13,1,23,21,7,2,14,19,9,6,10,22,17,18,5],[4,12,24,16,11,20,8,15,3,1,23,21,13,7,14,2,19,10,22,5,9,17,18,6],[4,8,24,16,12,11,20,3,15,13,1,23,21,7,2,14,19,9,22,5,17,6,18],[8,16,12,15,11,4,20,24,3,1,23,21,13,7,2,14,19,9,6,5,22],[16,12,15,11,20,24,4,8,3,1,23,21,13,7,2,14,19,10,9,5,22,17,18],[4,12,16,15,11,24,20,8,3,1,23,13,21,7,14,2,19,10,6,9,22,5,17,18],[16,24,12,11,20,4,8,15,3,1,23,21,13,7,14,2,19,9,5,10,6,22,18,17],[24,4,20,16,12,15,11,8,3,13,1,23,21,7,2,14,19,9,5,6,22,18,17],[4,8,16,24,20,12,11,15,3,1,23,13,21,7,2,14,19,10,9,5,22,18],[12,8,20,24,4,16,11,15,3,1,23,21,13,7,2,14,19,10,5,6,22,18,9,17],[4,12,24,20,16,15,11,8,3,13,1,23,21,7,14,2,19,9,5,18,17,22,10],[24,8,4,20,16,12,11,3,15,13,1,23,21,7,14,2,19,9,10,5,17,22,6,18],[24,8,16,12,15,11,4,20,3,1,23,21,13,7,2,14,19,10,5,9,18,22,6,17],[20,16,12,11,8,24,4,3,15,13,1,23,21,7,14,2,17,19,9,22,5,18,10,6],[20,16,12,15,