{"problem_id":"7AfAH9c0lNBVLIV","sigma":75,"alpha":0.100,"cost":0,"probabilities":"[0.62, 0.01, 0.04, 0.33]","payoff_matrix":"[[-83, -94, 84, 49, 63, -113], [-38, 62, 44, -97, -40, 74], [72, 48, -105, 97, 19, -63], [68, -61, -21, 56, 24, -20]]","uncovered":[[13,1,5,9,17,12,20,21,16,19,15],[1,13,21,9,5,17,20,12,16,15],[13,21,5,1,9,17,20,12,16,15],[17,1,13,5,9,12,20,21,16,19,15],[21,5,1,17,13,9,12,20,16,19,15],[21,17,5,1,9,12,20,13,16,15],[13,21,5,1,9,17,20,12,16,15,19,4,11],[9,13,1,17,20,12,21,5,16,15],[17,9,20,12,21,13,5,1,16,19,15],[9,13,1,17,20,12,5,21,16,15,19,4,10],[5,13,21,17,9,20,12,1,16,19,15,3],[1,21,9,13,5,17,12,20,16,19,15],[13,17,21,9,20,12,5,1,16,19,15],[1,9,13,5,17,12,20,21,16,15],[9,13,5,17,12,20,1,21,16,15],[9,1,5,13,21,17,12,20,16,15,19],[21,1,5,17,13,9,12,20,16,19,15],[17,1,5,13,21,9,12,20,16,15,19],[21,13,9,1,5,17,12,20,16,19,15],[21,5,17,9,20,12,13,1,16,15,18],[13,1,17,9,20,12,21,5,16,15],[5,9,21,17,20,12,1,13,16,19,15],[1,5,17,9,12,20,13,21,16,15,19],[9,17,20,12,1,5,21,13,16,19,15],[5,17,13,9,12,20,1,21,16,15,8,18],[17,5,21,9,20,12,1,13,16,15],[5,9,1,21,17,12,20,13,16,19,15],[21,5,1,13,17,9,20,12,16,15],[1,9,17,12,20,13,21,5,16,19,15],[9,1,5,21,13,17,20,12,16,19,15],[1,17,21,5,9,12,20,13,16,19,15],[21,9,13,17,20,12,5,1,16,15],[1,9,21,17,20,12,13,5,16,19,15],[13,9,17,20,12,21,5,1,16,19,15],[13,17,9,12,20,1,21,5,16,19,15],[9,17,20,12,1,13,21,5,16,15],[9,17,20,12,1,21,13,5,16,19,15],[21,13,9,17,12,20,5,1,16,15,19],[1,21,9,5,17,20,12,13,16,19,15],[17,21,5,13,9,12,20,1,16,19,15,14],[5,1,13,17,9,12,20,21,16,19,15],[21,5,1,9,13,17,12,20,16,15,6],[21,17,9,20,12,1,5,13,16,15,19],[1,17,9,20,12,21,13,5,16,19,15],[9,13,17,20,12,5,1,21,16,19,15],[5,1,17,21,13,9,12,20,16,19,15],[5,17,21,1,13,9,12,20,16,19,15],[5,9,13,21,17,20,12,1,16,15,19],[1,17,13,5,9,20,12,21,16,19,15],[17,9,20,12,5,13,1,21,16,15,19],[17,21,1,13,9,12,20,5,16,15,19],[13,21,1,5,17,9,20,12,16,15],[21,5,1,13,9,17,12,20,16,19,15],[9,5,21,13,1,17,20,12,16,19,15,18],[1,5,17,9,12,20,21,13,16,15],[13,9,5,21,17,20,12,1,16,19,15],[9,5,21,13,1,17,20,12,16,19,15],[1,9,5,17,20,12,13,21,16,19,15],[13,21,5,1,9,17,20,12,16,19,15],[5,21,1,9,17,12,20,13,16,19,15],[1,5,9,13,21,17,12,20,16,19,15],[1,21,9,5,13,17,12,20,16,15,18],[17,1,13,9,20,12,5,21,16,15],[17,9,12,20,21,5,1,13,16,15],[5,17,21,1,9,12,20,13,16,19,15],[5,9,13,17,12,20,1,21,16,15],[17,1,21,5,9,12,20,13,16,19,15,6,3],[13,17,21,9,20,12,5,1,16,19,15],[17,13,21,9,12,20,5,1,16,15],[5,13,21,17,9,12,20,1,16,19,15],[21,13,9,17,20,12,1,5,16,19,15],[5,1,13,9,21,17,12,20,16,19,15],[9,5,21,1,13,17,12,20,16,19,15],[5,21,1,17,9,20,12,13,16,19,15],[17,13,1,21,5,9,20,12,16,19,15],[9,13,17,20,12,21,5,1,16,19,15],[5,17,9,12,20,21,1,13,16,15],[21,17,5,13,9,20,12,1,16,19,15],[17,5,21,13,9,12,20,1,16,15],[1,21,9,5,17,12,20,13,16,15],[5,17,13,9,12,20,21,1,16,15],[13,21,5,1,9,17,12,20,16,15,10,18],[9,13,1,5,17,20,12,21,16,19,15],[5,17,9,12,20,21,13,1,16,19,15],[5,1,21,13,9,17,12,20,16,15,19],[9,17,12,20,5,1,21,13,16,15,14,24,18],[1,21,9,5,13,17,20,12,16,19,15],[9,17,12,20,13,1,21,5,16,15],[9,17,20,12,1,21,5,13,16,19,15],[5,17,1,9,12,20,13,21,16,15],[17,9,20,12,1,5,21,13,16,15],[17,9,20,12,21,5,13,1,16,19,15],[5,13,17,21,9,12,20,1,16,15,19],[5,17,21,1,13,9,12,20,16,15,19],[21,1,13,5,17,9,12,20,16,19,15],[21,9,1,17,20,12,5,13,16,15,19],[9,21,17,20,12,5,13,1,16,15,6],[1,5,21,13,9,17,12,20,16,19,15],[17,1,13,9,12,20,5,21,16,19,15],[17,1,21,13,9,12,20,5,16,19,15],[17,1,9,12,20,13,21,5,16,19,15],[21,17,1,13,5,9,20,12,16,19,15,8],[13,17,5,21,1,9,20,12,16,19,15],[1,5,17,13,21,9,20,12,16,19,15],[5,17,1,9,20,12,13,21,16,19,15],[5,13,17,21,1,9,12,20,16,15],[5,1,13,17,21,9,12,20,16,15],[5,1,9,21,17,20,12,13,16,19,15],[5,17,1,21,9,20,12,13,16,15,3],[5,17,1,13,9,12,20,21,16,15],[21,5,1,17,9,12,20,13,16,15],[13,5,21,1,17,9,20,12,16,15,19],[17,1,9,20,12,5,21,13,16,15,19],[1,5,17,9,20,12,21,13,16,15],[21,1,9,17,20,12,5,13,16,19,15],[1,13,5,17,21,9,12,20,16,19,15],[1,9,13,17,20,12,5,21,16,19,15],[17,1,21,13,9,12,20,5,16,19,15,10],[9,17,20,12,13,5,21,1,16,15,19],[17,13,21,5,1,9,20,12,16,19,15],[13,1,5,9,21,17,20,12,16,15,19],[17,1,5,13,21,9,12,20,16,19,15],[13,5,21,17,1,9,20,12,16,15,18],[17,5,13,21,9,12,20,1,16,15],[13,9,21,17,20,12,1,5,16,15],[9,17,20,12,1,21,13,5,16,19,15],[13,9,21,5,17,20,12,1,16,15,18],[5,21,17,9,20,12,13,1,16,19,15],[9,21,5,1,13,17,12,20,16,15],[17,5,21,1,9,12,20,13,16,19,15],[13,1,21,17,9,12,20,5,16,19,15],[5,21,9,1,17,20,12,13,16,15],[21,5,1,13,17,9,20,12,16,19,15,11],[1,17,13,9,12,20,5,21,16,15,18],[17,1,21,9,12,20,5,13,16,19,15],[17,5,21,9,20,12,13,1,16,19,15],[5,1,17,21,9,12,20,13,16,15,18],[17,9,20,12,5,21,13,1,16,19,15],[9,5,17,20,12,21,13,1,16,15,18],[1,17,21,5,13,9,20,12,16,15,18],[9,1,13,5,21,17,12,20,16,19,15],[9,5,1,13,17,12,20,21,16,19,15],[5,1,21,17,9,12,20,13,16,19,15],[17,5,9,12,20,21,13,1,16,19,15],[5,9,21,13,17,12,20,1,16,15],[13,5,1,9,17,12,20,21,16,19,15],[13,1,17,5,9,20,12,21,16,19,15],[1,21,5,17,13,9,20,12,16,19,15],[1,13,9,5,17,20,12,21,16,15,18],[17,1,5,21,9,20,12,13,16,15],[1,9,13,5,17,12,20,21,16,15],[21,17,13,1,5,9,12,20,16,19,15,11],[9,17,20,12,5,1,13,21,16,15],[1,13,17,21,5,9,12,20,16,15,19],[13,21,9,5,1,17,12,20,16,15,18],[17,13,9,20,12,21,5,1,16,19,15],[17,13,1,21,9,20,12,5,16,15,19],[1,5,9,13,17,12,20,21,16,15],[9,21,17,20,12,13,1,5,16,19,15],[13,21,9,1,5,17,12,20,16,19,15],[13,5,21,1,9,17,20,12,16,15],[5,17,21,9,12,20,13,1,16,19,15],[17,9,12,20,13,5,1,21,16,19,15],[9,5,1,17,20,12,13,21,16,19,15],[9,13,1,5,17,12,20,21,16,15],[9,17,12,20,5,13,1,21,16,19,15],[1,9,17,12,20,5,21,13,16,15],[9,13,5,1,21,17,12,20,16,15],[13,5,21,17,1,9,12,20,16,19,15],[5,21,17,1,9,12,20,13,16,19,15],[5,1,21,9,13,17,20,12,16,19,15],[5,21,17,9,20,12,13,1,16,15,19],[5,9,13,1,21,17,12,20,16,15,8],[5,17,13,1,21,9,20,12,16,15],[1,5,17,21,13,9,12,20,16,19,15],[21,17,1,5,13,9,20,12,16,19,15],[1,21,13,9,17,12,20,5,16,15,19],[5,21,9,13,1,17,20,12,16,19,15],[9,21,13,5,1,17,20,12,16,19,15],[21,1,5,17,13,9,20,12,16,15],[17,5,13,21,9,12,20,1,16,15,18],[1,13,9,17,20,12,5,21,16,15],[5,21,1,17,9,12,20,13,16,19,15],[1,21,5,17,9,12,20,13,16,15,19],[13,9,1,21,17,20,12,5,16,15,19],[17,5,9,20,12,1,13,21,16,15],[5,13,9,21,17,20,12,1,16,15],[13,1,9,17,12,20,5,21,16,19,15,14],[1,9,13,21,17,20,12,5,16,19,15],[21,17,9,12,20,5,1,13,16,15,19],[9,13,1,17,12,20,5,21,16,15],[13,17,1,5,9,20,12,21,16,15],[1,21,17,9,20,12,13,5,16,15,8],[9,1,13,17,20,12,21,5,16,15,8],[13,9,17,12,20,21,5,1,16,15,19],[9,21,17,12,20,5,13,1,16,15],[5,21,1,9,17,12,20,13,16,19,15],[17,5,1,9,20,12,13,21,16,19,15],[13,1,9,5,21,17,12,20,16,19,15],[5,1,21,9,17,12,20,13,16,19,15],[9,5,21,17,20,12,13,1,16,19,15],[17,13,9,12,20,1,5,21,16,19,15],[9,13,1,17,20,12,21,5,16,19,15],[13,5,17,9,20,12,1,21,16,15],[13,5,1,21,9,17,12,20,16,19,15],[17,5,1,9,20,12,13,21,16,19,15,18],[9,21,5,1,13,17,12,20,16,19,15],[13,21,5,9,1,17,12,20,16,15],[21,5,1,13,17,9,20,12,16,15],[9,5,13,17,12,20,1,21,16,19,15],[9,1,21,5,17,12,20,13,16,19,15],[9,1,13,17,12,20,5,21,16,19,15],[17,5,1,21,9,12,20,13,16,19,15],[1,13,9,21,17,20,12,5,16,15,19],[21,9,13,5,1,17,20,12,16,15,19],[5,13,9,17,20,12,21,1,16,15,10,18],[13,5,9,17,20,12,1,21,16,15,18],[17,21,1,9,20,12,5,13,16,15,19],[17,1,9,20,12,13,5,21,16,19,15],[9,13,1,17,20,12,5,21,16,15,19],[9,13,17,20,12,1,21,5,16,15],[13,5,21,17,9,20,12,1,16,19,15],[9,5,21,13,17,12,20,1,16,15],[13,1,17,5,9,20,12,21,16,19,15],[1,21,17,5,9,12,20,13,16,15,19],[17,9,12,20,1,5,21,13,16,19,15],[17,5,13,1,9,12,20,21,16,19,15],[1,5,21,9,17,12,20,13,16,19,15,22],[21,1,9,17,12,20,13,5,16,15],[5,13,21,9,17,12,20,1,16,15],[9,13,1,21,17,12,20,5,16,15],[5,17,1,21,9,12,20,13,16,19,15],[1,9,13,5,21,17,20,12,16,19,15],[17,5,13,21,9,12,20,1,16,19,15],[9,21,1,17,12,20,5,13,16,19,15],[17,13,21,1,9,20,12,5,16,15,4],[13,5,21,9,17,12,20,1,16,19,15],[13,17,21,9,12,20,5,1,16,15],[9,1,17,20,12,21,5,13,16,15,19],[13,5,17,1,9,12,20,21,16,15,19],[1,17,5,9,20,12,13,21,16,19,15],[21,17,9,12,20,13,1,5,16,15],[21,13,9,1,17,20,12,5,16,19,15],[13,9,17,20,12,5,21,1,16,15,18],[5,9,1,21,13,17,20,12,16,15],[13,9,5,1,17,12,20,21,16,19,15],[5,1,17,13,21,9,12,20,16,19,15],[9,1,21,17,12,20,13,5,16,15,18],[13,1,9,5,17,12,20,21,16,15],[21,1,13,9,5,17,20,12,16,15],[17,13,1,9,20,12,5,21,16,15],[21,13,9,17,12,20,5,1,16,15],[9,17,20,12,1,5,13,21,16,15,19],[21,13,17,9,20,12,1,5,16,19,15],[13,5,17,21,1,9,12,20,16,19,15],[17,21,5,13,9,12,20,1,16,19,15],[13,21,9,1,5,17,20,12,16,15],[9,1,21,5,17,20,12,13,16,15,11],[21,1,5,9,17,12,20,13,16,15,19,10,23],[13,21,9,1,17,20,12,5,16,19,15],[13,17,5,9,20,12,1,21,16,15],[21,5,17,9,20,12,1,13,16,15],[17,1,5,13,21,9,12,20,16,15,24,18,7,8],[5,9,13,21,1,17,12,20,16,15],[21,5,1,17,13,9,12,20,16,19,15],[9,17,20,12,13,21,1,5,16,19,15],[9,17,20,12,13,5,1,21,16,15],[21,5,13,9,17,20,12,1,16,15,19],[9,1,5,21,13,17,20,12,16,19,15],[13,1,21,17,5,9,20,12,16,15,18],[9,21,1,13,5,17,12,20,16,15],[21,9,13,17,20,12,1,5,16,15,19],[5,17,21,1,9,20,12,13,16,15],[17,1,5,21,13,9,20,12,16,15],[9,17,20,12,13,5,1,21,16,19,15],[17,21,1,9,20,12,5,13,16,19,15],[1,5,9,13,17,20,12,21,16,15],[17,21,9,12,20,1,5,13,16,19,15],[17,9,12,20,21,13,5,1,16,19,15],[21,13,5,17,1,9,20,12,16,15,19],[21,1,5,17,13,9,20,12,16,19,15],[9,17,12,20,5,21,13,1,16,15,19],[21,13,9,17,12,20,5,1,16,15],[5,9,21,17,20,12,13,1,16,15,19],[1,21,5,13,17,9,12,20,16,15],[17,1,5,9,12,20,13,21,16,15],[21,1,9,5,17,20,12,13,16,19,15],[9,21,17,12,20,1,5,13,16,15],[1,9,17,12,20,5,13,21,16,15,19],[9,5,13,17,20,12,21,1,16,19,15],[13,9,17,20,12,1,21,5,16,15,19],[9,1,13,5,17,20,12,21,16,15],[13,5,9,21,17,12,20,1,16,15],[21,1,13,17,5,9,12,20,16,15,8,18],[5,9,1,13,17,12,20,21,16,19,15],[17,5,1,21,13,9,20,12,16,15,18,19],[13,17,1,5,9,12,20,21,16,15],[1,5,13,9,21,17,20,12,16,15,19],[17,9,20,12,13,1,21,5,16,19,15],[13,21,17,1,9,12,20,5,16,19,15],[17,5,9,20,12,21,13,1,16,19,15],[21,9,17,20,12,1,5,13,16,15],[9,17,20,12,1,5,13,21,16,19,15,7],[17,5,1,9,20,12,21,13,16,19,15],[17,13,9,12,20,1,5,21,16,15],[21,13,9,1,5,17,12,20,16,19,15],[5,21,17,13,9,20,12,1,16,15,19],[1,9,21,13,5,17,20,12,16,19,15],[21,13,1,17,9,20,12,5,16,19,15],[21,9,5,1,13,17,12,20,16,15],[21,5,9,17,12,20,13,1,16,15,18],[1,5,9,17,12,20,21,13,16,15],[21,13,17,5,1,9,12,20,16,19,15,10],[9,1,17,20,12,21,5,13,16,15],[13,17,1,21,9,12,20,5,16,15],[13,9,17,12,20,21,1,5,16,15],[9,17,20,12,21,1,5,13,16,15],[1,21,5,9,13,17,20,12,16,15],[9,13,17,12,20,21,5,1,16,19,15],[13,17,5,21,9,20,12,1,16,15],[13,5,1,9,21,17,20,12,16,15],[17,21,5,9,12,20,13,1,16,19,15],[17,5,21,13,9,20,12,1,16,15],[21,9,5,1,13,17,12,20,16,15],[13,5,9,17,20,12,21,1,16,15,18],[1,17,21,13,5,9,12,20,16,19,15],[9,17,20,12,5,13,21,1,16,15,19],[9,21,17,12,20,1,13,5,16,19,15],[21,1,5,13,9,17,20,12,16,19,15],[5,9,13,17,20,12,21,1,16,15],[17,21,5,13,9,20,12,1,16,19,15],[21,9,13,5,17,12,20,1,16,15],[9,1,13,5,21,17,20,12,16,15],[13,5,21,9,17,20,12,1,16,19,15],[13,5,9,17,20,12,1,21,16,15],[13,21,9,17,20,12,5,1,16,15,18],[9,21,1,5,13,17,20,12,16,15],[5,13,21,9,1,17,20,12,16,19,15],[5,1,9,17,20,12,21,13,16,15,4,8],[17,13,1,5,21,9,20,12,16,19,15],[13,5,1,9,21,17,12,20,16,15,19,2],[17,9,20,12,5,1,13,21,16,15],[1,5,13,9,21,17,12,20,16,19,15],[21,13,17,9,12,20,5,1,16,15],[13,21,5,9,17,20,12,1,16,15],[1,21,13,5,17,9,12,20,16,19,15],[5,9,17,12,20,21,1,13,16,19,15],[17,5,21,1,9,12,20,13,16,19,15],[1,21,17,13,9,12,20,5,16,15,7],[1,13,9,5,21,17,20,12,16,19,15],[5,1,17,9,12,20,13,21,16,15,7,19],[5,9,13,1,17,12,20,21,16,19,15],[13,21,9,17,20,12,5,1,16,19,15,10],[9,1,13,21,5,17,12,20,16,15],[9,17,12,20,5,1,21,13,16,19,15],[21,9,5,17,20,12,1,13,16,15],[1,17,13,5,9,20,12,21,16,19,15],[1,21,13,17,9,12,20,5,16,19,15,18,11],[17,13,21,1,5,9,20,12,16,15,19],[13,5,17,21,1,9,20,12,16,19,15],[9,17,12,20,1,13,21,5,16,19,15],[17,1,9,12,20,21,13,5,16,19,15],[13,21,1,9,5,17,12,20,16,19,15],[5,17,9,12,20,13,1,21,16,19,15],[9,13,17,20,12,5,21,1,16,19,15],[9,17,12,20,1,5,13,21,16,19,15],[1,9,17,20,12,13,5,21,16,15],[17,21,5,9,12,20,13,1,16,15,19],[17,5,21,13,1,9,20,12,16,19,15],[9,17,12,20,13,5,21,1,16,19,15],[21,1,13,17,9,12,20,5,16,15,3],[5,21,13,9,17,12,20,1,16,19,15,11],[13,9,1,17,20,12,5,21,16,15,18],[21,5,9,13,17,20,12,1,16,19,15],[1,17,21,13,9,12,20,5,16,19,15],[5,1,21,17,13,9,20,12,16,19,15],[21,1,5,9,17,20,12,13,16,19,15],[9,13,21,17,20,12,5,1,16,15],[17,1,9,20,12,13,5,21,16,19,15,6],[1,5,17,9,12,20,21,13,16,19,15],[17,21,9,12,20,5,1,13,16,15],[1,9,5,21,17,12,20,13,16,19,15],[17,13,21,5,9,12,20,1,16,15,19],[1,13,17,21,5,9,20,12,16,15],[9,13,17,20,12,1,5,21,16,19,15],[13,5,17,21,9,20,12,1,16,19,15,7],[1,13,17,5,9,20,12,21,16,19,15],[21,1,13,5,9,17,12,20,16,19,15],[5,13,1,17,21,9,20,12,16,19,15],[1,5,9,17,20,12,13,21,16,15],[9,17,12,20,13,1,21,5,16,15],[17,9,20,12,1,21,13,5,16,19,15],[1,17,13,9,20,12,5,21,16,15],[17,1,5,13,9,12,20,21,16,15],[17,9,12,20,1,13,21,5,16,19,15],[5,17,21,1,9,12,20,13,16,19,15],[21,13,9,5,1,17,20,12,16,19,15],[5,1,13,17,21,9,20,12,16,19,15],[9,5,17,12,20,1,13,21,16,15],[21,13,17,5,9,12,20,1,16,19,15],[13,5,21,9,17,12,20,1,16,19,15],[13,17,5,9,20,12,1,21,16,19,15],[9,5,21,1,17,12,20,13,16,15],[21,9,1,13,5,17,20,12,16,15],[1,17,5,9,12,20,21,13,16,15],[21,9,1,13,5,17,12,20,16,15,18],[9,21,13,17,12,20,1,5,16,19,15,22],[1,5,17,13,21,9,20,12,16,15,19],[9,13,21,17,20,12,1,5,16,19,15],[9,13,21,1,17,12,20,5,16,19,15],[17,9,20,12,1,5,13,21,16,15],[9,1,21,17,12,20,13,5,16,15],[21,13,17,1,5,9,20,12,16,19,15],[21,5,1,9,17,20,12,13,16,15,19],[5,17,21,1,9,12,20,13,16,15],[17,9,20,12,13,1,21,5,16,15,18],[13,21,5,1,17,9,12,20,16,19,15],[21,9,17,12,20,5,13,1,16,15],[21,1,5,13,17,9,12,20,16,19,15],[21,13,17,1,9,20,12,5,16,15,6],[21,13,1,5,17,9,20,12,16,15,18],[5,17,1,9,12,20,21,13,16,15],[21,17,13,1,9,20,12,5,16,19,15],[9,13,1,17,20,12,21,5,16,19,15],[1,17,13,5,21,9,20,12,16,19,15],[5,17,13,21,9,20,12,1,16,15],[17,9,12,20,5,21,13,1,16,15,23,19],[21,13,9,5,17,20,12,1,16,19,15,7],[21,1,13,17,9,20,12,5,16,19,15,3],[13,9,17,20,12,21,1,5,16,19,15],[5,1,17,13,21,9,12,20,16,19,15],[21,9,13,5,1,17,12,20,16,19,15],[13,1,21,5,17,9,12,20,16,19,15],[13,21,17,9,12,20,1,5,16,15],[13,9,21,5,1,17,12,20,16,19,15],[5,17,1,13,9,20,12,21,16,19,15],[5,1,21,13,17,9,20,12,16,15],[9,1,17,20,12,13,21,5,16,15],[13,9,17,20,12,1,5,21,16,15],[5,13,17,21,9,20,12,1,16,15,19],[9,5,21,13,1,17,20,12,16,15,19],[1,13,5,9,21,17,20,12,16,19,15],[13,9,5,21,17,12,20,1,16,15,19],[17,21,5,1,9,20,12,13,16,15],[5,21,13,1,9,17,20,12,16,15],[5,9,1,13,17,20,12,21,16,15,19],[1,17,5,13,9,12,20,21,16,15],[5,9,21,17,12,20,1,13,16,19,15],[13,1,17,21,9,20,12,5,16,15,4,3,22],[21,1,13,17,5,9,20,12,16,19,15],[1,5,13,9,21,17,20,12,16,15],[9,17,20,12,21,13,1,5,16,19,15],[1,17,9,12,20,21,13,5,16,15,18],[21,5,13,9,17,20,12,1,16,19,15],[1,5,9,13,21,17,20,12,16,19,15],[5,13,17,9,12,20,1,21,16,19,15],[9,17,20,12,21,5,1,13,16,19,15],[1,21,9,17,20,12,13,5,16,15],[5,17,13,1,9,20,12,21,16,15,18],[1,13,9,5,17,12,20,21,16,15,19],[17,1,13,5,9,20,12,21,16,15,19],[1,5,9,17,12,20,13,21,16,15],[9,5,13,1,17,12,20,21,16,19,15],[21,17,13,9,12,20,1,5,16,19,15],[1,17,9,20,12,5,13,21,16,19,15],[5,1,17,9,20,12,21,13,16,15],[21,5,17,9,12,20,13,1,16,19,15],[9,1,17,12,20,13,21,5,16,15],[5,9,13,1,17,12,20,21,16,15],[1,9,5,21,13,17,12,20,16,19,15,14],[21,5,9,17,20,12,1,13,16,19,15],[9,17,12,20,21,13,5,1,16,15],[21,13,5,17,1,9,20,12,16,15,19],[1,17,21,5,13,9,12,20,16,19,15],[17,5,9,12,20,13,21,1,16,19,15],[21,17,9,20,12,1,13,5,16,15],[9,5,1,21,13,17,20,12,16,19,15,23],[9,21,1,5,17,12,20,13,16,15,19],[1,13,21,5,9,17,20,12,16,19,15],[17,5,1,9,12,20,13,21,16,19,15],[9,17,12,20,21,13,5,1,16,15],[5,21,1,17,13,9,20,12,16,19,15],[13,5,9,1,17,20,12,21,16,19,15],[1,13,9,5,21,17,20,12,16,15,22,19],[13,21,17,9,12,20,1,5,16,19,15],[17,1,13,9,20,12,21,5,16,15],[9,17,20,12,13,1,21,5,16,19,15],[9,5,21,13,17,20,12,1,16,15],[9,13,17,20,12,1,21,5,16,15],[17,5,1,9,20,12,13,21,16,15,19],[21,5,13,9,1,17,20,12,16,19,15],[9,17,20,12,1,13,5,21,16,15,19],[21,9,13,1,5,17,12,20,16,15,19],[13,17,1,5,21,9,20,12,16,15,18],[5,17,9,12,20,1,21,13,16,15],[9,1,13,5,21,17,20,12,16,19,15],[13,5,21,1,17,9,12,20,16,19,15],[5,13,21,17,1,9,20,12,16,19,15],[17,13,5,1,9,20,12,21,16,15],[5,21,13,1,17,9,20,12,16,19,15],[1,21,9,13,5,17,20,12,16,15,19],[13,9,5,1,21,17,12,20,16,15],[13,1,21,9,17,20,12,5,16,15],[9,5,17,20,12,13,1,21,16,15,19],[17,1,9,12,20,13,21,5,16,15,18],[5,1,21,17,9,20,12,13,16,19,15],[17,13,1,9,12,20,5,21,16,19,15,6],[21,13,17,5,9,12,20,1,16,15,3],[17,5,21,1,9,20,12,13,16,19,15],[21,5,1,13,9,17,20,12,16,19,15],[21,9,1,13,5,17,12,20,16,19,15],[13,17,9,12,20,5,21,1,16,15,18,3],[1,9,13,5,17,12,20,21,16,19,15],[9,13,1,21,5,17,20,12,16,19,15],[9,5,21,1,13,17,20,12,16,15,19],[5,21,9,13,17,20,12,1,16,15],[13,1,5,17,9,12,20,21,16,15],[1,13,9,5,17,12,20,21,16,15],[9,17,20,12,5,21,13,1,16,19,15],[21,5,1,17,13,9,12,20,16,19,15,18],[17,13,5,1,21,9,12,20,16,15],[9,13,1,5,21,17,20,12,16,19,15],[9,1,13,5,17,20,12,21,16,19,15],[9,5,17,12,20,21,13,1,16,15],[1,5,21,9,17,12,20,13,16,15],[13,9,17,20,12,5,21,1,16,15],[13,5,9,21,1,17,20,12,16,19,15],[17,5,13,21,9,20,12,1,16,15],[21,13,9,1,5,17,20,12,16,15,24],[1,17,9,12,20,5,21,13,16,19,15],[5,21,13,17,9,12,20,1,16,15],[21,9,5,13,17,12,20,1,16,15,18,23],[5,21,1,17,13,9,12,20,16,19,15,7],[5,9,1,13,21,17,20,12,16,19,15],[5,1,21,17,13,9,12,20,16,15],[1,9,5,13,21,17,12,20,16,19,15],[9,17,20,12,13,1,21,5,16,15,19],[21,5,1,13,9,17,20,12,16,15],[21,1,9,17,12,20,13,5,16,19,15,10],[17,13,21,5,1,9,20,12,16,15,18],[5,17,21,9,20,12,1,13,16,19,15,14],[17,5,9,20,12,21,13,1,16,15,19],[9,13,17,20,12,21,5,1,16,15],[13,5,17,9,12,20,21,1,16,19,15,4],[5,1,9,13,21,17,12,20,16,19,15],[13,21,5,1,9,17,12,20,16,15,10,19,23,14],[5,9,13,17,20,12,21,1,16,15,4],[21,1,9,13,5,17,20,12,16,15,19],[1,21,13,9,17,12,20,5,16,19,15],[1,17,13,9,12,20,21,5,16,19,15],[21,1,5,17,13,9,20,12,16,15,19],[13,9,17,12,20,1,21,5,16,19,15],[17,5,1,9,20,12,21,13,16,15,19],[21,9,1,17,12,20,5,13,16,19,15,23],[13,9,21,5,1,17,20,12,16,15],[5,21,9,17,20,12,1,13,16,19,15],[21,5,13,1,9,17,20,12,16,19,15],[21,5,13,17,1,9,20,12,16,19,15],[17,5,9,12,20,1,13,21,16,19,15,14],[9,17,20,12,21,5,13,1,16,15,19],[21,17,1,13,9,12,20,5,16,19,15],[17,21,5,9,20,12,13,1,16,19,15],[5,1,17,13,9,12,20,21,16,19,15],[5,13,17,21,9,12,20,1,16,15],[21,9,5,13,1,17,12,20,16,15,18],[5,9,13,21,17,20,12,1,16,15],[17,21,9,12,20,13,5,1,16,15,3],[1,5,9,17,12,20,13,21,16,15],[13,1,5,21,17,9,20,12,16,15],[21,13,17,5,9,12,20,1,16,15,18],[9,17,20,12,1,13,21,5,16,15],[1,9,21,17,12,20,13,5,16,19,15],[5,1,9,13,17,20,12,21,16,19,15],[9,13,17,12,20,5,21,1,16,19,15],[5,9,21,13,17,20,12,1,16,19,15],[1,13,9,21,17,12,20,5,16,19,15,14],[17,21,9,20,12,13,5,1,16,15],[1,5,9,17,20,12,13,21,16,19,15],[21,5,9,17,12,20,13,1,16,19,15],[1,13,21,17,9,12,20,5,16,19,15],[17,21,13,9,20,12,5,1,16,19,15],[13,17,21,5,9,20,12,1,16,19,15],[1,13,5,17,9,12,20,21,16,19,15],[9,21,17,12,20,13,1,5,16,15,19],[21,9,13,5,1,17,20,12,16,15,19],[21,17,13,5,1,9,20,12,16,19,15],[13,1,21,5,9,17,20,12,16,19,15],[5,21,9,13,17,20,12,1,16,19,15],[9,13,5,21,1,17,12,20,16,15,19],[1,13,21,17,5,9,12,20,16,19,15],[1,9,13,17,12,20,21,5,16,15],[9,13,5,17,12,20,1,21,16,15,23],[21,9,17,20,12,5,13,1,16,15],[5,1,13,17,9,20,12,21,16,19,15],[13,21,5,17,1,9,12,20,16,19,15],[13,1,5,9,17,20,12,21,16,19,15],[5,1,17,13,21,9,20,12,16,15],[9,13,1,17,12,20,5,21,16,15,14,18,19],[21,13,1,5,17,9,20,12,16,15],[9,13,17,20,12,1,21,5,16,15],[21,5,17,1,13,9,12,20,16,15],[13,9,21,5,17,12,20,1,16,15,7],[9,5,1,17,20,12,21,13,16,15,10],[21,9,1,5,17,20,12,13,16,19,15],[9,17,12,20,21,1,13,5,16,19,15],[9,5,21,17,12,20,1,13,16,15],[13,5,9,17,20,12,1,21,16,15],[17,21,13,5,9,12,20,1,16,19,15],[17,9,20,12,13,1,5,21,16,15,19],[5,1,21,17,13,9,12,20,16,15],[5,21,9,13,1,17,12,20,16,15],[1,9,21,5,17,20,12,13,16,15],[9,13,17,12,20,1,5,21,16,19,15],[13,21,17,1,9,20,12,5,16,15],[5,17,9,20,12,1,21,13,16,19,15],[9,17,20,12,5,13,21,1,16,19,15],[13,21,5,9,1,17,20,12,16,15,19],[5,1,21,17,13,9,12,20,16,15],[1,13,17,21,5,9,12,20,16,15],[9,17,12,20,5,1,21,13,16,15,19,11],[21,17,9,20,12,1,13,5,16,19,15,14],[13,5,1,9,21,17,12,20,16,19,15],[5,21,9,13,1,17,12,20,16,15,14,19],[5,9,21,13,17,12,20,1,16,19,15],[21,1,17,5,13,9,12,20,16,15,18],[21,5,9,13,1,17,20,12,16,15],[21,1,17,13,5,9,20,12,16,15,18],[21,13,1,17,5,9,20,12,16,19,15],[17,13,5,21,1,9,12,20,16,15],[9,21,17,20,12,5,1,13,16,15],[5,21,17,1,9,12,20,13,16,15],[1,17,13,9,12,20,5,21,16,15,19],[5,1,9,21,17,20,12,13,16,19,15],[13,5,17,21,9,20,12,1,16,19,15],[17,21,9,20,12,1,13,5,16,15,24],[17,13,1,9,20,12,5,21,16,19,15],[13,17,1,9,20,12,5,21,16,15],[5,17,13,21,9,12,20,1,16,19,15],[13,21,5,1,9,17,12,20,16,19,15],[5,21,1,13,17,9,12,20,16,19,15,10],[9,17,12,20,1,13,5,21,16,19,15],[9,5,17,12,20,1,13,21,16,15],[1,17,5,9,12,20,21,13,16,15,18],[5,17,1,21,13,9,12,20,16,19,15],[13,9,5,1,21,17,12,20,16,19,15],[1,13,5,21,17,9,12,20,16,15],[21,9,5,13,1,17,12,20,16,15,18],[1,17,5,13,21,9,12,20,16,19,15],[9,21,17,20,12,5,13,1,16,15,19],[5,17,13,1,21,9,20,12,16,15],[21,9,13,17,20,12,1,5,16,19,15],[13,1,9,17,20,12,5,21,16,15,18],[1,21,17,5,13,9,12,20,16,15],[17,5,9,20,12,13,21,1,16,15,19],[21,17,9,20,12,13,1,5,16,19,15],[21,9,17,20,12,1,5,13,16,15,19],[13,17,21,5,1,9,12,20,16,15],[1,17,5,13,21,9,12,20,16,19,15],[21,5,1,13,17,9,12,20,16,15],[17,13,21,9,12,20,5,1,16,15],[21,17,5,1,9,20,12,13,16,19,15],[9,21,5,1,17,12,20,13,16,15,19,3],[1,17,13,21,9,12,20,5,16,15],[5,17,9,12,20,21,13,1,16,15,14,18,19,10],[17,13,9,20,12,21,1,5,16,15],[21,9,5,13,1,17,12,20,16,19,15],[1,5,17,21,9,20,12,13,16,15],[1,9,17,12,20,5,13,21,16,15,22],[1,17,13,21,9,12,20,5,16,19,15],[1,13,5,17,9,12,20,21,16,19,15],[21,1,5,9,17,20,12,13,16,15],[9,1,17,20,12,5,13,21,16,19,15],[17,1,5,9,20,12,13,21,16,15],[1,5,13,17,9,12,20,21,16,15],[17,13,1,21,9,12,20,5,16,19,15],[9,13,17,20,12,21,5,1,16,15],[13,21,17,5,1,9,20,12,16,19,15],[17,9,12,20,13,5,1,21,16,15],[9,17,20,12,13,1,21,5,16,15],[5,13,9,21,17,20,12,1,16,15,6,19],[9,1,5,13,21,17,20,12,16,15],[13,5,21,17,1,9,20,12,16,19,15],[1,13,21,5,17,9,12,20,16,19,15],[17,5,9,20,12,21,13,1,16,19,15],[13,9,21,5,1,17,20,12,16,15],[13,17,1,5,21,9,12,20,16,15],[1,17,5,9,12,20,13,21,16,15],[1,13,9,5,17,20,12,21,16,15],[5,17,9,12,20,1,13,21,16,19,15],[1,21,5,9,17,12,20,13,16,19,15],[21,17,9,20,12,13,5,1,16,19,15],[17,5,1,13,9,12,20,21,16,15,18],[13,9,17,20,12,1,5,21,16,19,15],[17,21,1,13,9,20,12,5,16,19,15],[17,13,9,12,20,21,1,5,16,19,15],[13,21,5,1,17,9,20,12,16,15,18],[17,9,20,12,5,21,1,13,16,19,15],[17,5,9,12,20,1,21,13,16,15],[21,9,1,13,5,17,12,20,16,19,15],[9,13,21,5,1,17,12,20,16,19,15,14,24],[17,5,21,9,12,20,1,13,16,19,15,23],[5,1,17,9,20,12,21,13,16,15],[13,5,21,17,1,9,20,12,16,15],[13,9,17,20,12,21,5,1,16,15],[17,5,1,9,12,20,21,13,16,19,15],[17,1,5,21,9,20,12,13,16,15],[9,17,20,12,21,13,5,1,16,15],[17,9,20,12,21,1,5,13,16,15],[9,21,5,13,1,17,12,20,16,15,19],[9,17,20,12,5,1,21,13,16,19,15],[9,13,1,17,12,20,21,5,16,15,19],[13,1,5,21,17,9,12,20,16,19,15],[9,21,13,17,20,12,1,5,16,19,15],[1,13,5,21,9,17,20,12,16,19,15],[21,1,5,17,13,9,20,12,16,15],[21,9,13,5,17,20,12,1,16,15,18],[9,5,13,1,21,17,20,12,16,15,19],[17,21,1,9,20,12,13,5,16,19,15],[13,9,17,12,20,5,1,21,16,19,15],[1,21,13,17,9,12,20,5,16,15,3,19],[9,21,13,1,5,17,20,12,16,19,15],[17,21,9,20,12,1,5,13,16,15],[1,5,17,13,21,9,20,12,16,15],[1,21,17,9,12,20,13,5,16,19,15],[5,17,21,9,12,20,13,1,16,19,15],[9,21,1,5,17,12,20,13,16,19,15,3,4],[17,21,13,5,1,9,12,20,16,15,18],[17,9,12,20,13,21,5,1,16,15],[9,21,5,13,1,17,12,20,16,19,15],[17,21,13,9,20,12,5,1,16,15],[13,5,1,9,21,17,12,20,16,19,15],[17,5,13,1,21,9,20,12,16,19,15],[17,5,13,1,9,20,12,21,16,19,15],[1,13,21,17,9,12,20,5,16,19,15],[5,1,9,21,17,12,20,13,16,15],[17,9,20,12,1,5,13,21,16,19,15],[9,5,17,12,20,21,13,1,16,19,15],[5,9,17,12,20,13,1,21,16,15],[17,13,5,9,12,20,1,21,16,19,15],[9,13,17,20,12,1,5,21,16,19,15],[13,9,21,17,20,12,1,5,16,15,19],[21,13,9,1,5,17,20,12,16,15],[21,13,9,5,1,17,20,12,16,19,15],[5,1,21,17,9,20,12,13,16,15],[1,13,17,9,20,12,5,21,16,15,19,6],[1,5,21,13,17,9,12,20,16,15],[1,21,13,17,5,9,12,20,16,15,19],[9,5,13,1,17,12,20,21,16,15,6,23],[13,17,9,20,12,5,1,21,16,15,2,19],[5,1,21,13,9,17,20,12,16,19,15,14],[21,17,5,1,13,9,20,12,16,19,15],[13,9,5,17,20,12,21,1,16,15],[17,21,9,12,20,5,13,1,16,19,15],[1,21,5,9,13,17,12,20,16,19,15],[13,17,5,9,20,12,1,21,16,19,15],[5,21,1,9,13,17,12,20,16,19,15],[21,9,17,12,20,13,5,1,16,15],[17,1,5,9,12,20,13,21,16,19,15],[9,13,21,17,20,12,1,5,16,15],[17,5,21,9,20,12,13,1,16,19,15],[9,17,12,20,5,1,13,21,16,19,15,18],[17,1,5,21,13,9,12,20,16,15,19],[13,21,17,9,12,20,5,1,16,15],[5,9,1,21,13,17,12,20,16,15],[5,17,1,13,9,20,12,21,16,19,15],[5,21,1,9,13,17,12,20,16,15,19],[9,21,17,20,12,13,1,5,16,15,14,18],[9,21,13,5,17,12,20,1,16,19,15],[13,1,9,21,17,12,20,5,16,15,19],[9,1,13,17,20,12,5,21,16,15],[1,5,21,9,13,17,20,12,16,19,15,7],[9,17,20,12,13,1,5,21,16,15,6],[1,13,9,5,17,20,12,21,16,19,15],[1,9,13,21,17,12,20,5,16,19,15],[13,21,5,17,1,9,20,12,16,15,14,19],[13,1,21,5,9,17,20,12,16,15],[17,21,5,13,1,9,12,20,16,15,19],[17,9,20,12,21,13,1,5,16,15,19],[21,17,13,5,1,9,20,12,16,15,19],[1,9,5,21,17,12,20,13,16,19,15],[9,21,1,17,20,12,5,13,16,19,15],[1,5,17,21,13,9,20,12,16,15],[17,21,1,5,9,12,20,13,16,19,15],[9,21,1,17,20,12,13,5,16,15,10,19],[13,5,9,17,12,20,21,1,16,15],[9,17,12,20,1,13,21,5,16,19,15],[1,21,17,5,13,9,20,12,16,19,15,10],[17,21,5,1,9,12,20,13,16,15],[13,1,21,5,17,9,12,20,16,15,19],[21,9,5,1,17,12,20,13,16,19,15,7],[21,1,17,5,13,9,20,12,16,15],[17,1,9,12,20,13,21,5,16,15],[5,9,17,12,20,13,1,21,16,15],[21,5,13,1,9,17,20,12,16,15],[17,1,21,13,5,9,20,12,16,15],[13,5,17,9,20,12,1,21,16,15],[5,17,21,9,20,12,13,1,16,15,24],[9,1,21,13,5,17,20,12,16,15,19],[1,21,17,9,20,12,5,13,16,15,19],[9,13,5,17,20,12,1,21,16,15,18],[13,1,21,9,17,12,20,5,16,19,15],[5,9,1,17,12,20,21,13,16,15,19],[17,1,21,13,9,12,20,5,16,15,19],[17,9,12,20,5,13,21,1,16,15],[9,1,17,20,12,5,21,13,16,19,15],[5,1,17,9,20,12,13,21,16,15],[9,13,17,12,20,21,5,1,16,15,24,18],[1,9,13,21,5,17,12,20,16,19,15],[1,17,13,21,9,12,20,5,16,19,15,23],[17,1,13,9,12,20,21,5,16,15],[21,9,5,13,1,17,20,12,16,15],[13,21,17,9,12,20,1,5,16,15,10,19],[17,21,1,9,20,12,5,13,16,15],[13,9,5,21,1,17,20,12,16,15,24,19],[17,1,21,5,13,9,12,20,16,15,19],[17,9,20,12,13,5,1,21,16,15,19,24],[21,9,1,5,17,12,20,13,16,15],[9,21,1,13,5,17,20,12,16,19,15],[17,13,1,5,21,9,20,12,16,15],[17,1,5,13,21,9,20,12,16,19,15],[17,21,5,1,9,20,12,13,16,15],[17,13,5,21,9,12,20,1,16,15],[5,1,21,13,17,9,12,20,16,15,10],[9,17,20,12,21,13,1,5,16,19,15],[1,5,17,21,9,12,20,13,16,15,24],[21,17,1,5,13,9,20,12,16,15],[9,13,21,17,20,12,1,5,16,15,19],[17,13,21,5,1,9,12,20,16,15,18],[9,21,17,20,12,13,1,5,16,15,2],[5,9,17,20,12,1,21,13,16,15],[5,17,9,20,12,13,21,1,16,19,15],[17,21,1,5,13,9,20,12,16,19,15],[9,5,1,17,20,12,13,21,16,15,4],[17,5,9,20,12,1,13,21,16,19,15],[21,17,9,12,20,13,1,5,16,19,15],[9,17,20,12,1,21,5,13,16,15,18],[5,1,13,21,9,17,20,12,16,15],[9,5,1,21,17,12,20,13,16,15],[5,1,17,9,20,12,21,13,16,19,15],[13,17,1,5,21,9,12,20,16,15,7],[13,21,5,1,17,9,20,12,16,15,24],[17,21,1,13,5,9,20,12,16,15,19],[13,17,5,1,9,12,20,21,16,15],[21,9,5,17,20,12,13,1,16,15,19,18],[17,9,12,20,5,21,1,13,16,15,19],[17,13,5,9,20,12,21,1,16,15],[1,17,13,9,12,20,5,21,16,19,15],[9,1,21,5,17,12,20,13,16,19,15],[17,1,5,9,12,20,21,13,16,15],[5,17,13,9,12,20,1,21,16,19,15],[21,13,1,17,9,20,12,5,16,15,19],[5,21,9,13,1,17,20,12,16,19,15],[21,1,9,17,20,12,5,13,16,19,15],[13,5,21,1,17,9,12,20,16,15],[17,1,21,13,5,9,20,12,16,19,15],[5,1,9,13,17,20,12,21,16,15,18,22],[9,17,20,12,21,13,1,5,16,15,18],[9,17,20,12,21,5,1,13,16,19,15],[13,1,17,21,9,12,20,5,16,15],[21,1,13,17,9,20,12,5,16,15],[5,13,17,1,9,12,20,21,16,15,19],[9,1,17,12,20,21,13,5,16,19,15],[13,21,5,17,9,20,12,1,16,15],[17,21,1,5,9,12,20,13,16,19,15],[21,13,17,1,9,20,12,5,16,19,15],[17,21,13,5,9,20,12,1,16,19,15],[13,17,9,20,12,1,21,5,16,15,19],[21,1,5,17,9,12,20,13,16,15],[9,5,13,1,17,12,20,21,16,15],[21,17,9,20,12,1,5,13,16,15],[13,9,17,20,12,21,5,1,16,15],[1,21,9,17,12,20,13,5,16,19,15],[21,5,13,17,9,20,12,1,16,19,15],[5,13,17,9,20,12,1,21,16,15,8,2],[5,9,21,1,13,17,12,20,16,15],[13,9,21,1,17,20,12,5,16,19,15],[17,9,12,20,1,13,21,5,16,15],[21,13,17,5,9,12,20,1,16,19,15],[17,13,1,5,21,9,12,20,16,15],[5,1,13,21,9,17,12,20,16,19,15],[17,1,9,20,12,21,5,13,16,15,2],[17,9,20,12,5,13,21,1,16,15],[17,9,20,12,13,21,1,5,16,15],[17,1,13,21,9,12,20,5,16,19,15],[21,9,13,1,5,17,12,20,16,19,15,18],[1,9,21,17,12,20,5,13,16,19,15],[9,1,21,5,17,12,20,13,16,15,10],[5,1,9,13,21,17,12,20,16,15],[17,13,5,1,9,12,20,21,16,19,15],[21,17,9,12,20,1,5,13,16,15,19],[5,13,17,1,21,9,20,12,16,15],[5,13,9,17,20,12,1,21,16,19,15],[5,1,17,9,12,20,13,21,16,19,15],[1,21,17,9,12,20,5,13,16,15],[21,17,5,9,12,20,1,13,16,15,19],[5,17,21,13,9,12,20,1,16,15],[13,17,21,1,9,20,12,5,16,19,15],[21,13,1,17,9,20,12,5,16,15,18],[13,9,17,12,20,1,5,21,16,15],[21,17,1,5,9,20,12,13,16,19,15],[1,5,21,17,9,12,20,13,16,19,15],[5,13,9,21,17,20,12,1,16,19,15],[1,5,17,9,20,12,21,13,16,19,15],[9,13,5,21,1,17,20,12,16,19,15],[9,21,17,12,20,1,5,13,16,19,15],[13,21,5,1,9,17,12,20,16,19,15],[13,21,17,1,9,12,20,5,16,15],[17,13,21,5,9,20,12,1,16,15,19],[21,1,9,13,17,12,20,5,16,15,18],[5,13,21,17,1,9,12,20,16,15],[5,9,17,20,12,21,1,13,16,19,15],[9,13,21,1,17,12,20,5,16,15],[17,9,20,12,5,21,13,1,16,15],[5,21,1,13,9,17,12,20,16,15],[9,5,13,21,17,12,20,1,16,19,15],[9,17,20,12,1,13,5,21,16,19,15],[13,5,9,17,20,12,1,21,16,15],[13,17,1,9,20,12,5,21,16,15,18],[13,1,21,5,17,9,20,12,16,15],[17,5,1,21,9,20,12,13,16,19,15],[1,5,9,13,17,20,12,21,16,19,15],[17,5,1,9,20,12,21,13,16,15,19],[21,13,17,5,1,9,12,20,16,15,11],[21,9,5,13,17,20,12,1,16,15],[9,21,1,5,13,17,20,12,16,15,2],[17,9,20,12,5,1,21,13,16,15,18],[21,1,13,9,17,20,12,5,16,19,15],[5,9,17,12,20,1,13,21,16,19,15],[9,5,17,20,12,21,13,1,16,19,15],[9,17,20,12,1,21,5,13,16,15,19],[9,5,21,13,1,17,12,20,16,15,4],[5,9,1,17,12,20,21,13,16,19,15,23],[13,21,5,1,9,17,20,12,16,19,15,18],[1,21,13,9,17,12,20,5,16,15],[1,5,21,13,17,9,20,12,16,15,18],[5,21,17,13,1,9,20,12,16,15,7,19],[21,9,13,5,1,17,20,12,16,15],[13,17,1,9,12,20,21,5,16,19,15],[1,21,5,17,13,9,20,12,16,19,15],[9,1,5,21,17,12,20,13,16,15],[13,21,1,9,17,12,20,5,16,19,15],[5,13,17,1,21,9,12,20,16,19,15,7],[17,13,21,5,9,20,12,1,16,15],[17,1,21,13,5,9,12,20,16,15],[17,9,12,20,21,1,13,5,16,15],[5,21,17,13,9,12,20,1,16,15],[13,17,1,5,21,9,20,12,16,19,15],[9,21,1,17,12,20,13,5,16,19,15],[9,1,5,17,20,12,21,13,16,15,19],[5,21,9,13,17,12,20,1,16,19,15],[21,17,9,20,12,5,1,13,16,19,15],[9,13,21,5,1,17,12,20,16,19,15],[17,9,12,20,21,13,5,1,16,15,10],[5,13,1,17,21,9,12,20,16,19,15],[21,5,9,13,1,17,12,20,16,15],[21,5,13,9,17,20,12,1,16,15,19],[1,21,9,17,12,20,5,13,16,15],[13,17,5,1,21,9,20,12,16,19,15],[21,1,9,13,5,17,12,20,16,19,15],[17,5,13,9,12,20,21,1,16,15],[9,21,5,1,17,12,20,13,16,15],[21,1,9,5,17,12,20,13,16,15],[1,21,13,5,9,17,12,20,16,19,15],[21,13,5,17,9,20,12,1,16,19,15],[17,5,9,20,12,13,1,21,16,19,15],[17,9,20,12,5,21,1,13,16,15],[17,9,12,20,5,1,21,13,16,19,15],[1,5,21,13,9,17,12,20,16,19,15,14],[1,17,21,9,12,20,13,5,16,19,15],[1,13,17,21,9,12,20,5,16,19,15],[1,9,13,5,21,17,12,20,16,19,15],[13,21,17,5,1,9,20,12,16,19,15],[21,5,9,13,17,12,20,1,16,19,15],[17,9,20,12,13,5,21,1,16,19,15],[17,21,5,13,1,9,12,20,16,19,15,24],[5,17,1,21,9,12,20,13,16,15],[21,13,17,1,5,9,20,12,16,19,15],[21,17,13,1,5,9,12,20,16,19,15],[21,5,17,1,13,9,12,20,16,15,19],[13,21,1,17,5,9,12,20,16,15],[13,21,9,5,1,17,12,20,16,19,15,23],[5,17,13,1,9,20,12,21,16,15],[1,17,5,9,12,20,21,13,16,15,11],[17,1,9,20,12,5,21,13,16,19,15],[13,9,21,1,5,17,12,20,16,15],[1,17,21,9,20,12,5,13,16,15],[17,21,5,9,20,12,13,1,16,15],[5,21,13,17,1,9,12,20,16,19,15],[9,1,13,21,17,20,12,5,16,19,15,11],[13,1,21,17,5,9,12,20,16,15],[1,21,17,13,9,20,12,5,16,15],[9,13,17,20,12,5,1,21,16,19,15],[17,9,20,12,21,5,13,1,16,19,15],[1,13,9,5,17,20,12,21,16,19,15],[9,1,13,21,17,12,20,5,16,15,18],[1,17,21,5,9,12,20,13,16,15],[21,9,17,12,20,1,5,13,16,15],[13,1,9,17,12,20,21,5,16,19,15],[21,9,17,20,12,13,1,5,16,19,15],[9,17,12,20,1,21,13,5,16,19,15]],"n_human":7}