{"problem_id":"7lCeXu4gC7vvJ0A","sigma":75,"alpha":0.100,"cost":0,"probabilities":"[0.18, 0.11, 0.02, 0.69]","payoff_matrix":"[[-120, -66, 192, 35, -49, -17], [31, 42, -56, -15, -103, 81], [47, -11, 36, -39, 12, 32], [-52, -38, 12, 18, -35, -44]]","uncovered":[[16,4,24,12,20,8,9,13,10],[24,20,4,16,12,8,13,9],[12,20,4,24,8,16,13,9],[4,8,12,16,24,20,13,9,19],[8,20,12,4,24,16,13,9,3],[8,16,12,24,4,20,9,13],[16,8,12,24,4,20,9,15,14],[8,20,16,12,24,4,9,15,14,13],[12,24,20,16,8,4,13,9,11],[12,8,20,4,24,16,9,15,13,10],[4,24,8,20,16,12,9,13,15],[4,20,16,12,24,8,9,15,13,17],[12,24,16,4,20,8,9,13],[20,12,16,4,24,8,13,9,11],[4,16,24,12,20,8,9,13,17],[24,4,20,8,16,12,13,9],[24,16,8,20,4,12,9,13],[20,16,12,4,24,8,9,13,11],[16,24,20,12,4,8,9,13],[24,4,12,8,20,16,9,13],[12,20,4,24,8,16,13,9],[16,20,8,24,12,4,9,13,7,22,23],[4,8,12,16,20,24,13,9],[8,20,4,16,12,24,9,13],[20,4,16,12,8,24,13,9,7],[24,16,4,12,8,20,9,13,6],[8,12,16,24,20,4,9,15,13],[4,16,12,20,24,8,13,9],[8,20,16,12,4,24,13,9],[8,24,20,16,12,4,13,9],[4,24,16,8,20,12,9,14,23,13],[20,24,12,8,4,16,9,13],[16,20,8,4,24,12,13,9,11],[12,24,16,8,4,20,13,9],[4,12,24,16,20,8,13,9,23],[24,20,16,4,12,8,9,13],[16,8,12,4,24,20,13,9],[20,16,24,12,4,8,9,13,22],[8,12,16,4,20,24,9,13,21,11],[16,8,4,20,24,12,13,9,6],[4,20,16,24,8,12,9,13],[16,8,20,24,4,12,9,13,18,5],[24,8,20,16,12,4,13,9,6,10,14],[24,16,20,8,4,12,13,9],[8,20,24,12,16,4,13,9,2],[24,8,16,12,4,20,9,13,21],[4,16,20,24,8,12,13,9],[16,24,12,8,20,4,13,9],[20,12,4,24,8,16,13,9],[20,16,4,8,24,12,9,13],[24,20,16,4,8,12,9,15,14,21,18,10,13],[8,4,24,16,12,20,9,15,14],[4,24,16,8,12,20,13,9],[24,8,20,16,4,12,13,9],[16,4,20,8,12,24,13,9],[8,4,12,20,16,24,13,9],[24,20,8,12,16,4,13,9,18],[12,24,4,16,8,20,13,9,14,2],[4,24,8,16,20,12,13,9,1],[20,12,24,16,8,4,9,13],[20,4,16,12,24,8,13,9,15],[24,4,16,8,12,20,13,9,5],[4,24,8,20,16,12,13,9,14,11],[12,24,20,4,16,8,9,13],[8,4,16,12,24,20,13,9,18],[4,20,12,24,16,8,13,9,3,14],[16,8,4,24,20,12,9,14,13],[24,4,8,16,20,12,9,14,13],[8,12,20,24,16,4,9,13],[16,12,8,4,20,24,13,9],[4,16,20,8,24,12,9,13],[12,8,20,4,16,24,9,14,17,15,13],[20,8,12,24,16,4,9,13],[24,8,12,16,4,20,9,15,13],[8,24,16,20,4,12,13,9,7],[24,8,12,20,16,4,9,14],[20,24,8,16,12,4,13,9,18],[8,24,12,4,20,16,13,9],[16,12,20,4,8,24,9,13],[4,20,24,12,8,16,9,14,6,15],[20,4,16,8,12,24,13,9],[24,16,8,20,4,12,9,13],[16,20,4,24,12,8,13,9,15],[4,8,24,16,20,12,9,14,13],[20,16,4,12,8,24,13,9,14],[16,8,20,4,24,12,9,13],[16,12,8,24,4,20,13,9,22,7],[16,12,8,4,24,20,9,15,13],[20,4,8,16,24,12,9,13,21,19],[4,16,8,12,20,24,9,15,13,10],[12,4,24,8,16,20,9,13],[24,4,12,8,16,20,13,9,10,14],[24,20,16,8,4,12,13,9],[8,24,16,12,4,20,13,9],[8,20,24,4,12,16,9,13,3],[4,16,8,24,12,20,13,9],[20,12,4,8,16,24,13,9],[16,24,12,4,8,20,9,13],[20,4,24,12,16,8,9,13],[8,24,16,20,12,4,13,9,1],[24,20,4,12,16,8,9,13,6,15],[4,8,24,20,12,16,9,13,15],[8,24,4,16,12,20,9,13],[8,20,16,12,24,4,13,9,1,2,21],[20,24,8,4,16,12,13,9],[16,12,24,4,20,8,13,9],[4,24,12,16,20,8,9,13,21,1],[12,20,4,24,16,8,13,9],[20,4,16,12,8,24,9,13],[12,8,24,16,4,20,13,9,7,15,19,1],[24,20,8,4,16,12,13,9],[8,20,16,24,4,12,9,15,13],[4,8,12,20,24,16,9,13,14],[4,24,8,12,20,16,13,9,17],[4,20,8,12,16,24,9,13],[20,8,4,12,24,16,13,9],[20,8,16,12,4,24,9,13,14],[24,16,4,20,8,12,13,9],[16,24,8,4,12,20,13,9,10,15],[20,8,16,4,24,12,13,9,1],[16,12,24,4,8,20,13,9,6],[24,16,8,20,12,4,13,9],[24,16,12,8,4,20,13,9,11,17],[4,24,8,20,12,16,9,13,10,15],[8,12,24,20,16,4,9,15,14,23,13],[24,12,20,16,4,8,13,9],[16,4,20,24,8,12,13,9],[4,8,12,24,16,20,9,14,15],[4,24,20,12,8,16,13,9],[12,24,4,8,20,16,9,15,13],[8,24,20,12,4,16,13,9],[12,4,24,8,20,16,13,9],[12,24,8,4,16,20,9,13],[24,20,16,4,8,12,9,14],[24,16,8,4,12,20,9,14],[8,24,20,16,4,12,9,13],[12,20,16,8,24,4,9,13,22],[8,16,12,20,24,4,13,9,3,14],[24,8,20,4,16,12,13,9,23],[8,4,20,12,16,24,9,14,13,23],[24,16,20,4,12,8,9,14,22,23],[8,4,24,12,20,16,9,13,3,10,15],[12,20,24,16,4,8,13,9,1,17,5],[4,16,12,20,8,24,9,13],[16,12,4,20,8,24,13,9],[4,20,24,12,16,8,13,9],[24,8,20,16,4,12,13,9],[12,16,4,8,20,24,13,9],[4,24,8,20,12,16,13,9],[24,4,20,16,8,12,13,9],[24,16,20,8,12,4,9,15,14],[20,8,16,24,12,4,13,9],[12,16,20,4,8,24,13,9,15,3],[12,16,4,20,24,8,13,9],[12,16,24,20,4,8,13,9,2,5],[20,24,16,12,4,8,9,13],[20,16,24,8,12,4,9,15,13],[4,20,8,12,16,24,13,9,10],[4,12,24,8,20,16,13,9,21,15],[20,4,24,16,8,12,13,9],[12,20,16,8,4,24,13,9,5],[16,12,20,24,8,4,13,9,15],[16,8,20,4,12,24,9,13,22],[4,20,8,12,16,24,13,9,7],[16,4,8,20,12,24,13,9,22],[4,20,16,24,8,12,13,9],[16,8,4,20,12,24,9,14],[20,24,16,4,12,8,9,13],[20,24,8,4,16,12,9,13],[4,8,12,24,20,16,13,9,7,1,10,14],[8,20,12,24,16,4,9,13],[12,20,4,24,16,8,13,9],[24,20,8,12,4,16,9,13],[8,12,20,16,24,4,13,9,3],[8,24,4,16,12,20,9,13,15],[12,4,16,24,20,8,13,9],[20,8,24,12,4,16,13,9,6],[4,12,20,24,8,16,9,13,2],[20,12,4,8,16,24,9,13],[12,20,24,16,4,8,13,9],[20,12,24,4,16,8,9,15,13,22],[12,8,24,20,4,16,9,13],[8,16,20,4,12,24,9,15,13],[12,8,24,16,20,4,13,9,21],[16,24,4,8,12,20,13,9],[8,20,12,4,16,24,13,9],[20,12,4,24,16,8,9,15,14,19],[4,20,8,24,16,12,9,13],[16,12,8,24,4,20,13,9],[20,12,4,16,8,24,9,15,13,14],[24,4,12,16,8,20,9,15,13],[4,16,24,20,12,8,13,9,11],[24,20,8,12,16,4,9,13,23],[20,12,4,24,16,8,13,9,3,6,5,14],[16,24,12,20,8,4,13,9,14],[8,12,20,24,16,4,13,9],[4,20,12,16,8,24,9,13],[4,16,20,12,8,24,13,9,10,15],[12,4,24,8,16,20,9,13],[12,24,16,20,8,4,9,13],[24,8,20,16,12,4,13,9,17],[16,8,24,12,4,20,13,9],[20,16,24,12,4,8,9,13],[20,8,24,16,4,12,13,9,1],[20,8,12,16,24,4,13,9,22],[24,8,16,20,4,12,9,13,14,2],[20,8,24,12,4,16,13,9],[16,8,12,4,24,20,13,9,15],[16,8,20,12,24,4,13,9,19],[4,12,16,8,24,20,13,9,21,15],[20,12,4,16,24,8,13,9],[20,8,24,4,16,12,9,13],[4,8,16,12,24,20,9,15,13,21],[4,16,12,20,8,24,13,9],[4,16,24,12,20,8,9,13,14],[4,20,8,24,16,12,13,9],[20,16,4,8,24,12,9,13,17],[20,12,16,8,24,4,13,9],[24,4,16,12,8,20,9,14,13],[24,4,20,12,8,16,9,14,5,13],[8,16,4,20,24,12,9,14,13],[16,24,12,8,4,20,13,9],[4,8,16,12,20,24,13,9,7],[24,8,20,4,16,12,13,9,6,19],[24,8,20,16,4,12,13,9],[8,24,4,12,16,20,13,9],[20,16,24,8,12,4,9,14,13],[24,4,8,16,12,20,13,9],[4,8,12,20,24,16,13,9,6],[12,20,8,4,16,24,13,9],[4,20,24,12,8,16,9,13],[4,8,24,16,20,12,9,13,19,7],[4,8,12,24,16,20,13,9],[4,12,24,16,20,8,13,9,21],[12,4,24,16,8,20,13,9,10],[12,4,16,20,24,8,9,13],[8,24,16,12,4,20,9,13],[12,20,16,8,24,4,13,9,14],[16,4,8,20,24,12,9,15,13],[24,16,8,12,20,4,9,13],[12,20,8,24,4,16,13,9,19,5],[16,12,24,4,20,8,13,9],[12,16,24,4,8,20,9,15,14,13],[8,12,16,4,20,24,13,9],[24,8,12,16,4,20,9,14,13],[8,4,12,24,20,16,13,9,18,3],[8,16,20,12,24,4,9,13],[8,4,16,20,24,12,9,13],[12,20,8,16,4,24,9,13,17,21,19,15],[20,12,24,16,8,4,9,13],[20,16,24,4,8,12,9,15,13,14],[20,8,16,12,24,4,13,9],[24,8,16,4,12,20,9,13],[24,4,12,16,20,8,13,9,15,1],[16,20,8,24,4,12,9,13],[16,20,4,8,24,12,13,9,17,1],[24,8,20,4,16,12,13,9,2,14],[4,16,24,12,20,8,13,9],[24,12,16,8,4,20,9,14],[20,4,16,12,8,24,13,9,18],[4,24,12,20,8,16,9,13,18,3],[12,20,24,8,4,16,13,9],[4,16,8,12,24,20,13,9,7],[24,16,4,20,12,8,9,13],[8,24,4,16,12,20,9,15,13,10],[24,8,16,12,20,4,9,14,17,15,13],[20,12,16,8,24,4,13,9,21],[12,8,24,16,20,4,13,9,15],[16,24,20,12,4,8,13,9],[24,16,12,8,4,20,9,15,14,13],[4,12,20,8,24,16,13,9,11],[20,4,12,8,16,24,9,15,14,13,10],[16,4,12,20,8,24,13,9,14],[8,12,4,16,24,20,13,9,2,1],[16,4,20,24,8,12,9,13],[8,24,16,20,12,4,13,9],[12,8,4,16,24,20,9,13],[16,20,4,24,12,8,9,14,13],[4,8,24,16,20,12,13,9,19,11,5,21],[16,12,24,8,20,4,9,13,6,3],[4,8,16,20,24,12,9,13],[24,8,4,12,20,16,9,13],[20,12,24,4,8,16,13,9,23],[8,4,16,24,20,12,9,13,3],[16,4,24,8,12,20,13,9],[16,8,12,24,20,4,13,9],[8,16,4,20,24,12,9,13,17],[4,12,8,24,16,20,13,9],[4,16,12,20,24,8,9,15,13,5],[16,20,24,8,12,4,9,15,13],[20,8,24,4,12,16,9,15,14,5,13,10],[12,4,16,24,8,20,13,9,21,1,2],[24,20,4,12,8,16,9,13],[12,16,20,8,24,4,13,9],[12,8,24,16,4,20,13,9,19,11,1],[12,4,20,16,24,8,9,13,1,6],[4,8,16,24,12,20,9,13,3],[24,8,12,16,4,20,13,9],[8,12,16,24,20,4,13,9,14],[20,16,8,4,24,12,9,13],[20,12,8,16,4,24,9,13],[16,8,24,12,4,20,9,13,18,5,14],[8,4,24,20,16,12,9,13],[20,8,24,12,16,4,9,14,13],[12,20,8,16,4,24,9,14,15,6,13],[12,16,24,8,20,4,9,13],[12,8,20,4,16,24,13,9],[24,8,16,12,4,20,13,9],[20,12,24,8,16,4,9,13,19,21],[4,16,24,12,8,20,13,9,22],[12,4,16,8,24,20,13,9,2],[20,16,8,12,24,4,9,15,13],[12,8,16,20,24,4,13,9,11,21],[20,12,8,16,24,4,13,9],[24,12,20,4,8,16,9,15,14],[16,12,4,8,24,20,9,13,22,5,14],[12,20,8,24,16,4,13,9,10,23],[16,20,8,12,24,4,13,9,7,19],[4,12,24,8,16,20,13,9],[4,12,16,24,20,8,13,9,23],[12,8,20,4,16,24,13,9],[12,24,16,20,4,8,9,13,1],[12,20,4,24,8,16,9,13,23],[4,16,20,24,8,12,13,9],[16,24,12,4,20,8,13,9,10],[12,4,20,8,16,24,13,9,14],[8,24,4,12,20,16,9,13],[24,16,8,12,20,4,9,13,21,23],[12,4,20,8,16,24,9,14,13],[4,20,16,12,8,24,9,13],[24,12,16,20,4,8,13,9],[16,8,12,24,20,4,9,14,15,13],[4,16,24,12,20,8,13,9],[8,20,24,12,16,4,13,9],[4,16,8,24,20,12,13,9],[24,8,4,12,16,20,9,15,13],[16,24,8,20,4,12,9,13],[12,8,16,4,24,20,9,15,13],[12,8,16,20,4,24,13,9,2],[12,16,8,20,24,4,9,13],[12,20,24,4,16,8,13,9],[16,8,12,4,24,20,9,13],[20,8,16,24,4,12,13,9],[12,20,4,8,24,16,13,9,14],[4,20,8,16,12,24,9,13],[8,12,16,24,4,20,9,15,13,5,17],[8,20,16,12,4,24,13,9],[16,20,8,12,24,4,13,9,11,5,17],[24,8,16,12,4,20,13,9,10],[8,4,20,12,24,16,9,13,21],[8,12,16,24,4,20,13,9],[12,8,4,16,20,24,9,15,13],[8,4,20,16,24,12,13,9],[20,24,8,16,4,12,13,9,6],[4,20,24,8,16,12,13,9,23,7,14],[8,20,16,12,4,24,9,14,13],[12,8,16,4,20,24,9,13,11],[20,4,16,8,24,12,9,13,6,10],[24,20,4,16,8,12,13,9,18,17],[24,12,20,8,16,4,9,13,10,14,19],[20,4,12,24,8,16,13,9],[8,20,4,12,24,16,9,13],[24,12,8,16,20,4,9,13],[4,20,8,12,24,16,9,13],[20,8,16,24,12,4,9,13,10],[4,20,24,16,12,8,9,13],[4,16,12,24,20,8,13,9],[20,4,24,12,8,16,13,9],[4,16,24,8,20,12,9,15,13],[8,12,20,24,16,4,13,9],[4,8,12,16,24,20,9,15,13,21],[8,4,24,12,20,16,13,9,22,7,17,2],[12,8,24,16,4,20,13,9,22],[12,4,16,20,8,24,9,13],[8,24,4,12,20,16,9,15,13],[12,8,4,24,16,20,13,9],[20,12,4,16,24,8,13,9,21],[20,12,24,8,16,4,13,9],[12,24,4,20,8,16,13,9,3],[8,16,20,24,4,12,9,13],[24,20,12,16,4,8,13,9],[24,8,12,16,4,20,9,13],[4,16,24,12,8,20,13,9],[12,16,4,8,24,20,9,13],[8,16,24,12,20,4,13,9,11],[4,24,20,16,12,8,9,13],[24,20,16,4,8,12,13,9],[8,24,4,12,16,20,9,15,13],[16,8,4,12,24,20,9,13,5],[8,16,24,4,12,20,9,13],[24,20,16,4,12,8,13,9,3],[24,20,4,16,8,12,9,15,13,5,14],[20,12,24,8,16,4,9,13,5],[16,4,20,8,24,12,13,9],[8,20,16,24,4,12,13,9],[12,16,4,20,8,24,13,9,11,23],[24,16,12,4,20,8,9,13,2,15],[12,20,24,16,4,8,9,13],[4,24,20,8,12,16,13,9],[24,20,8,12,4,16,13,9],[4,8,20,16,12,24,13,9],[12,4,16,20,24,8,9,13],[12,20,16,8,4,24,9,13],[16,4,12,20,24,8,13,9],[12,16,8,4,20,24,9,13],[8,24,4,16,12,20,9,14,15,13],[24,12,4,20,16,8,9,13,17],[24,16,12,4,20,8,13,9,15,22,1,6],[4,24,8,20,12,16,13,9],[24,20,8,4,16,12,9,15,14,13],[4,24,16,12,8,20,13,9],[24,8,12,16,20,4,13,9],[20,16,24,8,12,4,13,9],[8,4,24,12,16,20,9,14,13],[8,12,24,16,20,4,9,14],[4,20,8,24,16,12,9,13],[4,12,20,8,16,24,13,9],[12,4,24,16,8,20,9,15,13,5],[8,24,12,16,4,20,13,9],[24,20,16,8,12,4,9,14,11],[12,8,20,16,24,4,9,14,15,2],[20,8,12,16,4,24,9,13,22],[4,12,20,24,16,8,13,9,11],[20,8,24,16,12,4,9,14,13],[4,8,20,12,24,16,9,13,7],[24,12,16,4,8,20,9,14,13],[12,20,24,4,16,8,13,9],[20,24,4,12,8,16,9,13,11],[4,24,12,8,16,20,9,13,11,6,22],[4,24,20,12,16,8,13,9,17],[8,24,20,4,16,12,9,15,14],[24,12,4,8,20,16,13,9],[4,12,24,8,16,20,9,13],[16,24,20,4,12,8,9,14,13],[12,4,20,16,24,8,9,13,10],[20,24,4,12,16,8,9,14,13],[4,12,20,16,8,24,9,13,3,10,11],[20,16,8,12,24,4,13,9],[24,12,8,20,4,16,13,9,21,14,18],[8,24,4,16,20,12,9,13,15],[8,20,24,16,12,4,9,15,13,7,14],[16,4,20,8,24,12,13,9,2],[20,4,24,16,8,12,9,13],[24,16,4,12,20,8,9,15,14,11,13,22],[4,12,20,8,16,24,9,15,13,6],[4,24,16,12,8,20,13,9,5,17],[24,8,12,4,16,20,13,9,14],[16,8,24,4,12,20,13,9],[24,16,4,8,20,12,9,13],[8,12,24,20,16,4,13,9],[16,20,8,12,4,24,9,13,17,22,10],[12,4,20,24,8,16,13,9,5],[20,16,8,12,4,24,9,13,15],[8,4,20,12,24,16,9,13,10,14],[16,8,24,20,4,12,9,13],[12,4,8,16,20,24,9,15,13,18],[24,4,16,20,8,12,13,9,19,11,23,22],[16,12,24,8,4,20,13,9],[12,20,4,16,8,24,13,9],[16,12,4,20,8,24,9,13,18,15,3],[16,20,12,8,4,24,9,13,7,19],[20,12,4,24,16,8,13,9],[12,16,4,20,8,24,13,9],[24,16,8,12,4,20,13,9,2],[8,4,20,24,16,12,13,9,15],[16,20,8,24,12,4,13,9],[4,20,12,24,16,8,13,9,14],[4,16,12,24,8,20,9,14],[8,4,12,16,24,20,9,13],[8,24,16,4,12,20,9,13,19,7,2,3,6],[24,20,16,4,12,8,13,9],[16,8,24,4,12,20,13,9],[24,16,20,4,12,8,13,9,21,22],[20,16,4,8,12,24,13,9,5],[20,24,4,12,16,8,9,13,10,14],[8,20,12,24,4,16,9,13,23],[24,8,4,16,20,12,13,9,3],[20,12,8,16,4,24,13,9],[24,12,20,16,4,8,13,9],[12,8,16,4,20,24,13,9],[16,24,4,8,12,20,13,9,10,14],[20,4,12,24,8,16,13,9],[4,16,12,8,20,24,13,9,15],[20,24,16,4,8,12,13,9,6,10],[8,20,12,24,16,4,9,13,17],[24,16,20,4,12,8,9,13],[24,8,4,12,20,16,13,9,11],[12,16,24,20,4,8,9,13],[24,20,16,4,8,12,9,13,22],[16,20,4,12,24,8,13,9],[8,24,20,16,4,12,13,9,2,22],[4,24,16,20,12,8,13,9,22,19],[12,16,24,20,4,8,9,14,3,15,22],[20,24,16,8,12,4,13,9,6],[4,24,8,12,16,20,9,13,17],[4,20,16,12,8,24,9,15,13],[4,12,24,8,16,20,13,9],[20,12,8,16,4,24,9,14,13],[4,24,12,20,8,16,9,14,13],[24,4,20,8,16,12,13,9,7,14],[20,4,24,8,12,16,13,9],[12,24,20,16,8,4,9,15,14,13],[12,16,8,24,20,4,9,13,3],[4,12,8,24,20,16,13,9,5],[4,16,24,12,8,20,9,15,13,10],[20,8,24,16,4,12,13,9],[20,24,8,4,16,12,9,14,1,15,17],[4,20,12,24,8,16,9,13],[4,12,8,16,24,20,9,13,17,6],[20,8,16,12,4,24,13,9],[16,12,8,20,4,24,13,9],[20,8,12,4,24,16,13,9],[20,8,24,12,4,16,9,14,15],[16,12,20,8,24,4,13,9],[16,4,12,24,20,8,13,9,15],[4,24,12,8,16,20,9,13],[8,24,4,20,12,16,9,14,7,15,13],[8,12,16,20,4,24,9,15,14],[12,24,20,16,4,8,9,14],[24,20,12,8,16,4,9,15,13],[4,8,20,16,12,24,9,15,13],[20,4,16,8,24,12,13,9,2],[4,12,24,8,20,16,13,9,14],[8,20,24,16,12,4,13,9],[24,4,16,8,20,12,13,9],[12,4,20,8,24,16,9,13],[24,12,8,4,16,20,9,14,13,6],[4,12,24,16,8,20,13,9],[16,8,4,12,24,20,9,13],[24,16,20,8,4,12,9,14,13],[4,20,16,24,8,12,13,9,6],[24,16,20,4,12,8,13,9,6],[16,24,12,4,8,20,9,13],[8,24,20,4,12,16,9,13,10,18,15],[16,20,4,24,12,8,13,9,14],[12,24,4,20,8,16,9,13,10],[8,4,12,24,16,20,9,13],[16,20,12,4,24,8,9,14,13],[24,12,8,16,4,20,9,14,15],[20,12,24,8,4,16,13,9],[24,16,8,12,20,4,9,13],[4,8,16,20,24,12,13,9],[24,16,4,12,20,8,9,13,3],[20,16,8,12,24,4,13,9,15],[12,24,4,8,16,20,9,14,7,13],[20,4,16,12,24,8,9,13],[12,24,8,4,16,20,9,13],[16,24,20,8,12,4,13,9,14],[4,8,12,24,16,20,9,14,13],[24,12,16,8,4,20,13,9],[8,24,12,20,4,16,13,9],[24,8,16,12,4,20,13,9,21,15,11,23],[24,16,20,12,8,4,9,13],[4,12,20,8,16,24,13,9],[24,4,12,8,16,20,9,13],[24,16,12,20,8,4,13,9,19],[24,12,4,16,8,20,9,15,14,13],[12,20,4,8,24,16,9,13],[20,8,16,12,24,4,13,9],[8,12,24,16,20,4,9,13],[8,12,24,16,20,4,9,13,22,14],[8,20,24,12,4,16,13,9,19],[20,4,24,8,12,16,9,13,17],[4,20,8,24,12,16,9,14,13],[12,8,4,24,16,20,13,9,7],[12,4,20,8,24,16,9,14,13],[20,8,4,16,24,12,9,14,15,5],[20,4,8,12,16,24,13,9],[8,4,12,16,24,20,13,9],[12,4,8,24,16,20,9,13],[8,12,16,20,4,24,13,9,15],[8,24,12,20,4,16,13,9],[12,24,20,16,8,4,13,9,3],[16,24,8,4,12,20,9,13],[20,8,16,24,4,12,9,15,14],[20,12,16,4,24,8,13,9],[16,4,20,8,12,24,13,9,15],[16,24,12,4,8,20,13,9],[12,24,16,8,4,20,13,9,15],[16,12,20,24,8,4,9,13],[8,24,4,16,20,12,9,13],[24,20,4,8,12,16,13,9,17,11],[20,12,16,4,8,24,9,13,23],[24,4,8,20,16,12,9,15,14],[24,12,16,8,20,4,9,13,5,17],[8,12,16,4,24,20,9,13,3],[8,12,4,16,20,24,9,13],[12,4,20,8,24,16,9,15,13],[24,8,12,20,4,16,9,13,3],[8,24,4,12,16,20,9,13],[20,16,24,8,12,4,13,9],[8,20,12,4,24,16,13,9],[4,20,16,24,8,12,13,9],[8,20,24,4,16,12,13,9],[4,24,16,8,20,12,13,9],[20,4,12,24,16,8,9,13,6],[12,20,24,16,8,4,13,9],[20,8,24,16,4,12,9,14,13],[12,16,8,20,4,24,9,13],[8,16,4,24,20,12,13,9,14],[12,24,20,8,4,16,9,15,13],[4,8,24,16,12,20,9,13],[8,20,16,4,24,12,9,14,15,13],[8,16,4,12,20,24,13,9,1],[4,12,20,24,8,16,13,9,15],[24,20,4,16,12,8,9,13,19],[24,4,16,12,8,20,9,13,15],[4,20,24,12,8,16,13,9],[12,8,16,4,20,24,9,15,13],[12,8,24,16,20,4,13,9],[4,24,16,12,8,20,13,9],[20,24,8,4,16,12,9,13],[24,16,20,12,4,8,13,9],[20,8,4,16,12,24,9,13,11],[24,16,4,20,8,12,13,9],[16,24,12,4,8,20,13,9],[24,12,20,4,16,8,9,13],[4,24,16,12,20,8,13,9],[20,8,4,16,12,24,13,9,10,3,14],[8,4,20,24,12,16,9,13],[16,12,20,4,8,24,9,13],[4,20,8,24,16,12,9,15,13],[8,24,16,4,12,20,13,9],[12,20,8,16,24,4,13,9],[24,4,20,12,16,8,13,9,14],[20,4,16,24,12,8,9,13,21],[8,20,12,4,24,16,13,9,10],[4,12,8,16,24,20,9,14,13],[16,12,4,8,20,24,13,9,3],[16,8,4,24,20,12,9,13],[8,4,16,20,12,24,13,9],[4,12,20,24,16,8,9,13],[4,12,20,16,8,24,13,9],[20,4,8,12,16,24,9,13],[12,24,4,16,8,20,9,14,7,3,13],[16,20,4,24,8,12,13,9,21],[8,12,20,24,4,16,9,13],[20,8,12,16,4,24,13,9,18,10],[4,12,8,16,20,24,9,13,15],[12,24,20,4,16,8,13,9],[20,4,24,8,16,12,13,9],[4,12,20,24,8,16,9,13,19],[24,20,4,8,16,12,13,9,3],[12,8,24,20,4,16,13,9],[20,4,16,24,12,8,13,9,3],[8,20,16,12,24,4,13,9],[24,8,4,20,12,16,9,13,1,15],[8,4,12,24,16,20,13,9],[12,24,20,8,16,4,9,15,14],[8,20,16,12,4,24,13,9],[8,4,16,12,24,20,9,13,5],[4,24,8,16,20,12,9,15,14,18,6,1,13,22],[4,24,12,8,16,20,13,9],[24,16,4,8,20,12,9,14,19,13,3],[20,16,12,24,8,4,13,9],[20,4,24,8,16,12,9,13],[20,12,4,8,16,24,9,15,13],[24,8,12,16,20,4,13,9],[16,12,20,8,24,4,9,13,10,14],[24,20,8,4,12,16,9,13],[20,16,12,24,8,4,13,9],[12,16,8,4,24,20,13,9],[4,24,12,20,8,16,13,9,6],[12,16,4,8,24,20,9,13],[4,16,20,8,24,12,13,9],[20,12,4,16,24,8,13,9],[24,4,20,16,12,8,13,9],[20,12,16,4,24,8,13,9,11],[12,4,16,20,24,8,9,13,15],[12,24,4,20,16,8,9,13],[24,20,4,12,8,16,13,9,21],[24,12,4,20,8,16,13,9],[8,16,12,20,4,24,9,14],[24,12,20,4,16,8,9,15,13,22],[16,12,8,4,20,24,13,9],[24,8,20,16,12,4,9,13,3],[4,24,8,20,16,12,9,14],[8,20,12,16,4,24,13,9],[12,4,24,8,20,16,9,13],[16,12,4,24,8,20,13,9],[8,24,12,16,4,20,9,14,11,19],[8,12,24,16,20,4,9,13,18],[4,24,12,16,8,20,9,15,13],[24,4,8,16,12,20,9,15,13,7,10],[16,8,20,24,12,4,13,9],[8,12,16,24,4,20,9,13],[8,12,20,24,16,4,9,13,1,3],[12,16,20,24,4,8,13,9,5],[24,4,20,8,12,16,13,9,17],[12,24,16,4,20,8,13,9,10],[4,24,12,8,20,16,9,15,13,21],[4,12,16,8,20,24,13,9,11],[24,16,8,4,20,12,13,9],[8,16,12,4,20,24,13,9],[12,16,24,4,8,20,9,13],[16,4,8,20,24,12,13,9,21,14],[12,24,20,4,8,16,9,13],[8,12,20,24,4,16,9,13],[20,12,8,16,24,4,13,9,3,1,17],[24,4,8,20,12,16,9,13],[8,4,12,20,16,24,9,13,23],[20,12,4,16,8,24,13,9,1,23],[12,24,4,20,16,8,13,9,18,6,5],[8,24,20,4,12,16,9,13,19],[20,4,8,16,12,24,9,15,13,3],[24,16,8,20,12,4,9,13],[4,12,20,8,24,16,9,13],[16,20,12,8,4,24,9,14,19],[4,24,20,16,8,12,13,9,15],[12,24,4,8,20,16,13,9,14],[4,24,16,12,8,20,9,15,13,1],[4,16,24,8,12,20,9,13],[16,20,24,4,12,8,9,13,18],[4,12,16,24,20,8,9,13],[16,24,4,20,12,8,13,9],[20,8,4,16,12,24,9,14,13,6],[20,16,8,4,24,12,9,15,13],[12,24,20,16,4,8,13,9],[8,16,24,4,12,20,9,14,15,13],[8,24,12,16,20,4,9,14,13],[24,4,16,20,12,8,9,13],[24,12,8,16,20,4,13,9],[4,24,8,16,20,12,9,13],[20,16,4,12,24,8,13,9],[8,12,20,16,24,4,13,9],[4,20,24,8,12,16,9,13,5],[16,4,12,24,20,8,13,9,2],[20,8,12,16,4,24,13,9],[20,24,16,12,4,8,9,13],[20,4,16,12,24,8,13,9],[16,20,4,24,8,12,9,14,22,18,11,15,17],[4,20,8,16,24,12,9,13],[24,4,12,16,8,20,13,9],[4,16,24,12,20,8,9,13],[20,16,4,12,24,8,9,15,14,11],[4,8,16,24,12,20,9,13,15],[24,16,4,20,12,8,13,9],[4,24,16,20,12,8,13,9],[24,12,16,8,4,20,13,9],[20,8,24,12,16,4,9,13,7,18,2],[20,8,4,12,16,24,13,9,5],[20,24,4,8,12,16,9,13],[4,20,12,8,16,24,9,14,11],[24,16,8,20,12,4,9,15,13],[16,20,4,12,24,8,13,9,19,17],[12,16,24,8,4,20,9,15,14,3,13],[24,16,8,20,4,12,9,15,13],[8,24,4,20,12,16,9,13,3,19,23],[24,12,20,16,4,8,9,15,14,13],[4,24,12,16,20,8,13,9],[20,24,4,8,12,16,13,9,21,10],[16,8,12,4,24,20,9,13,14,11],[16,24,8,4,12,20,13,9,15,10,14],[20,8,16,4,12,24,9,15,13,19],[4,16,8,20,24,12,13,9],[12,24,8,20,4,16,9,13],[24,4,20,12,16,8,9,13,22],[12,24,8,16,20,4,9,14,10,13],[16,20,24,12,4,8,13,9],[12,24,4,20,16,8,9,13],[20,8,12,16,24,4,9,13],[20,12,16,8,4,24,13,9],[4,16,24,12,8,20,13,9],[24,4,8,16,12,20,9,13],[16,8,24,4,20,12,9,13,23,6],[4,24,20,8,16,12,13,9,14],[24,12,8,4,20,16,9,13],[16,4,8,24,20,12,13,9],[4,20,24,12,16,8,13,9],[4,20,16,12,24,8,9,13],[16,12,24,8,20,4,13,9,21],[4,16,20,24,8,12,13,9],[4,12,24,20,16,8,9,13],[16,20,12,8,24,4,13,9,22,10],[24,12,4,8,20,16,9,13],[20,12,24,8,16,4,9,15,14],[16,12,20,24,4,8,9,14,13],[12,20,24,16,8,4,9,15,13,19,5],[12,20,16,4,8,24,13,9],[24,8,4,12,20,16,13,9],[8,4,24,12,20,16,9,13],[4,24,20,12,8,16,13,9,11,7,21],[4,12,16,24,20,8,9,13,10,18],[4,16,8,24,20,12,9,15,14,11,7,23],[20,16,24,8,12,4,13,9,6,10,14,17],[8,24,16,4,12,20,9,13,15,21,6],[16,12,24,8,20,4,9,13,15],[20,16,24,8,12,4,13,9,17,18],[24,16,12,8,20,4,9,13,15],[12,24,16,8,4,20,13,9,6],[16,20,24,12,4,8,13,9,19],[12,20,24,16,8,4,9,15,13],[24,12,16,20,8,4,9,15,13],[8,20,24,16,4,12,9,15,13,10],[8,24,20,4,12,16,13,9],[8,20,12,24,4,16,13,9],[8,24,4,20,12,16,13,9,10,14],[16,8,4,20,12,24,9,13],[12,20,8,4,24,16,13,9],[4,16,8,20,12,24,13,9],[8,20,12,24,16,4,9,13],[4,16,24,12,8,20,9,14,15],[12,8,20,4,24,16,9,13,23],[8,4,12,16,20,24,13,9,1,10,14],[24,16,20,4,8,12,9,13],[12,20,4,8,16,24,13,9],[4,8,24,16,12,20,13,9,21],[12,16,24,20,4,8,9,15,14,13],[24,8,16,4,12,20,13,9,22],[20,24,12,8,16,4,9,13],[12,24,8,16,20,4,9,13,5],[20,12,24,16,8,4,13,9,6],[16,12,24,4,20,8,13,9,19],[8,20,16,12,4,24,9,13],[4,24,20,12,16,8,9,13,23,21],[24,12,20,4,8,16,13,9,23,14],[4,12,16,24,8,20,13,9],[8,12,4,20,16,24,13,9,14],[20,4,24,8,12,16,13,9],[12,4,20,24,8,16,9,13],[12,20,16,24,8,4,13,9,21],[24,4,12,20,16,8,9,15,14,17],[16,24,4,20,8,12,9,14,13],[20,16,8,4,12,24,9,13,19],[20,8,12,4,16,24,9,13,1,7],[12,4,24,20,16,8,13,9],[4,8,12,20,16,24,9,15,14,21,13],[12,16,4,8,24,20,13,9,18],[8,4,16,20,12,24,9,15,13,6,18,14],[4,20,24,8,12,16,9,13,10],[16,4,20,24,8,12,9,13],[4,12,16,8,24,20,13,9],[8,24,4,20,16,12,13,9],[24,4,8,12,20,16,9,13,14],[4,20,24,16,12,8,13,9,7,14],[20,24,4,16,12,8,13,9],[12,20,8,4,16,24,9,13,22],[4,20,24,8,16,12,9,13,23,18],[4,8,12,24,16,20,13,9,10,15,14],[12,8,24,4,20,16,13,9],[16,8,20,4,24,12,13,9],[4,12,8,24,16,20,9,13],[24,16,8,20,12,4,13,9,14],[20,16,24,4,12,8,13,9],[20,16,4,24,12,8,9,15,14,19,13,21],[4,24,8,16,12,20,9,14,22],[8,12,20,4,16,24,9,15,13],[12,20,4,24,8,16,9,13],[12,8,24,4,20,16,13,9],[8,12,24,4,16,20,9,13],[20,8,12,16,24,4,13,9,21,17],[8,24,16,4,20,12,13,9,6],[16,12,8,20,24,4,9,13],[4,16,12,20,24,8,13,9,19],[20,16,4,8,24,12,13,9],[8,4,16,24,20,12,9,13,11,2],[8,20,16,4,12,24,13,9,23],[12,24,8,4,20,16,9,13,18],[8,12,24,4,16,20,13,9],[12,16,20,4,24,8,13,9],[24,8,12,16,20,4,9,13,10],[24,20,16,8,4,12,9,13,5,22],[8,20,16,4,12,24,9,13],[4,16,20,24,8,12,9,13,21],[8,24,4,12,16,20,13,9,17,2,14],[12,8,20,24,4,16,13,9,2],[8,12,20,4,16,24,13,9],[16,8,24,20,4,12,13,9],[8,4,20,16,12,24,13,9],[12,8,16,20,24,4,9,14,15],[16,12,8,4,24,20,9,13,22],[20,4,16,8,24,12,9,15,14,6,18,13,1,10],[12,16,20,24,8,4,13,9],[20,8,16,12,24,4,13,9,3,10,22,15],[24,12,16,8,20,4,9,13],[16,24,4,12,8,20,13,9,17,1],[20,4,16,24,12,8,9,15,13],[24,16,4,12,20,8,13,9],[4,8,12,24,20,16,9,13,22],[12,20,4,8,16,24,9,13],[4,20,8,12,16,24,9,14,15],[12,24,4,16,20,8,13,9],[24,20,8,12,16,4,9,13,18],[20,12,4,8,16,24,9,14,13],[12,24,20,16,4,8,13,9,11],[24,4,8,12,16,20,13,9],[16,8,12,4,24,20,9,13,21],[4,8,20,16,12,24,13,9],[12,8,20,4,16,24,13,9,10,14],[12,24,8,4,16,20,9,14,13],[20,4,12,24,16,8,9,13],[12,8,16,24,20,4,9,15,14],[20,24,8,16,4,12,9,14,13],[8,20,4,24,16,12,13,9,17,6],[4,16,12,8,20,24,13,9,3],[16,4,12,8,24,20,13,9,3],[4,24,12,20,8,16,13,9,2],[8,4,16,12,24,20,13,9,18,19],[4,24,16,8,20,12,9,13,17],[16,4,8,20,24,12,9,14,13],[16,8,12,24,20,4,9,13],[12,4,16,8,24,20,13,9],[8,24,20,4,12,16,9,15,14,17,13],[16,12,8,24,20,4,9,14,13],[20,12,8,4,24,16,9,13,19],[20,8,4,24,12,16,9,13],[24,20,4,16,8,12,9,14,15,18],[20,16,12,8,4,24,9,13],[16,8,4,24,20,12,13,9],[20,4,16,8,24,12,13,9],[4,16,12,24,8,20,9,13],[20,8,16,4,24,12,13,9],[24,20,8,4,16,12,13,9],[8,24,12,16,4,20,9,15,13],[4,8,12,16,24,20,13,9],[24,8,20,16,12,4,13,9],[4,12,24,16,8,20,13,9,10],[12,8,16,20,24,4,13,9],[8,16,4,24,20,12,9,13],[12,16,8,24,20,4,13,9],[24,16,12,4,8,20,13,9],[20,4,12,16,8,24,13,9],[24,20,12,16,8,4,13,9,19,22,6],[16,12,8,20,4,24,13,9,5,19,1],[20,8,16,4,24,12,9,13,17],[24,20,16,8,4,12,13,9],[4,12,24,8,20,16,13,9],[20,12,8,4,16,24,13,9,22],[8,20,12,4,24,16,9,14,2,15,21,13],[8,4,24,12,20,16,13,9,11,7],[20,12,8,16,24,4,9,13],[12,4,8,20,24,16,13,9,7],[8,4,12,16,24,20,13,9],[8,24,20,4,12,16,9,13],[16,4,20,8,24,12,9,14],[12,24,20,8,16,4,13,9],[16,20,8,4,12,24,13,9,18],[16,24,8,4,12,20,9,13],[4,20,24,16,8,12,13,9,18],[8,16,12,24,4,20,13,9],[8,16,4,12,24,20,9,15,14,11,13],[20,16,4,12,8,24,13,9],[20,16,24,12,8,4,9,14,22,13],[16,12,20,4,24,8,9,13,21,2],[12,20,4,16,24,8,9,13],[12,4,16,8,20,24,13,9],[8,16,20,24,12,4,13,9,14],[4,8,12,24,20,16,13,9],[4,24,20,8,12,16,13,9],[4,16,20,8,12,24,13,9],[24,4,8,12,16,20,13,9],[12,4,20,24,8,16,13,9,1],[16,8,4,24,12,20,9,14,13],[16,24,20,8,4,12,13,9,22],[16,12,8,4,24,20,9,13,11],[8,4,20,24,12,16,9,13],[4,8,12,20,24,16,13,9,10,14],[20,12,8,4,24,16,9,14,13],[24,4,12,8,16,20,13,9],[20,8,16,24,4,12,9,14,15,13],[24,12,4,8,20,16,13,9],[12,4,24,8,16,20,13,9],[20,24,4,8,16,12,13,9],[24,12,16,20,4,8,9,15,13],[4,16,12,8,20,24,13,9],[4,8,24,16,12,20,9,13,21,3,2,5,18,10],[8,16,12,24,20,4,13,9,18],[24,8,12,4,16,20,13,9,15],[24,20,12,8,16,4,13,9],[20,16,8,4,12,24,13,9],[8,16,20,12,4,24,9,15,13],[4,24,20,16,8,12,9,13,10,18,14],[12,4,20,24,16,8,9,13],[16,24,20,8,4,12,9,13,11],[16,4,20,24,8,12,9,13],[12,16,4,20,8,24,13,9,21],[16,8,24,12,20,4,13,9,22],[24,4,20,12,8,16,13,9],[24,16,4,12,20,8,9,13,17],[12,20,8,16,4,24,9,13],[20,8,4,16,12,24,9,13],[20,8,12,16,4,24,13,9],[8,20,16,24,4,12,9,13],[12,4,20,8,16,24,9,13],[8,20,16,4,24,12,13,9,18],[16,12,20,24,4,8,9,13],[16,20,4,8,12,24,9,15,13],[16,4,8,20,24,12,13,9],[24,16,12,8,4,20,9,13,15,14],[24,12,8,20,16,4,13,9,5,17],[20,4,16,24,12,8,9,13,3],[4,24,20,8,16,12,13,9],[12,4,16,20,8,24,9,13],[24,16,12,4,20,8,9,13,6],[24,8,4,12,20,16,13,9],[24,16,4,20,8,12,13,9],[20,16,12,4,24,8,9,13],[20,16,4,8,12,24,13,9,6],[16,8,24,12,20,4,9,13],[16,12,4,8,24,20,13,9,5]],"n_human":10}