{"problem_id":"7MdK3SAZMHA9Mek","sigma":75,"alpha":10.000,"cost":0,"probabilities":"[0.15, 0.27, 0.37, 0.21]","payoff_matrix":"[[77, 92, -55, -23, 43, -70], [-56, -103, 84, 4, 28, 32], [26, 27, 143, 24, -55, -4], [87, -4, -74, 10, -64, 51]]","uncovered":[[3,7,6,23,11,15,19,2,14,10],[23,3,19,7,2,15,6,11,14,10],[3,23,15,2,11,19,7,6,14,10],[19,15,23,3,2,7,14,6,11,10],[15,11,7,3,23,19,6,10],[3,19,11,7,15,23,2,6,14,10],[23,19,11,15,3,7,6,14,2,10],[23,3,19,15,2,11,7,10],[7,3,2,15,6,11,23,19,14,10],[15,19,7,6,3,14,2,11,23,10],[11,3,23,7,19,15,6,10],[15,3,2,19,11,23,7,6,10],[19,3,15,2,11,7,23,10],[23,11,7,19,3,15,14,10],[11,3,15,19,7,23,10,13],[23,11,15,7,19,3,10,22,17,13],[7,15,14,6,11,23,19,3,10],[15,3,14,2,7,6,11,23,19,10],[11,3,19,23,7,15,10,6],[19,7,11,3,23,15,6,14,10],[15,3,14,2,23,7,6,19,11,10],[11,19,15,23,3,7,14,10,13],[15,7,6,19,11,23,3,2,13,10],[23,15,7,14,6,19,3,2,11,10],[19,15,23,11,7,3,2,10],[11,3,23,7,15,19,6,10],[3,11,23,15,19,7,2,12,6,14,10],[3,7,6,19,11,15,23,2,14,10],[19,11,23,15,3,7,10,12,6,14,2],[3,11,19,15,23,7,2,6,10],[7,15,6,19,11,23,3,10],[15,3,2,19,23,11,7,6,10],[19,3,15,2,11,23,7,6,14,10],[11,7,19,15,3,23,14,10],[7,3,2,15,14,6,23,11,19,10],[15,19,7,14,6,3,2,11,23,10],[7,15,14,6,19,23,11,3,10],[23,7,15,14,6,19,11,3,2,10],[3,7,6,23,15,2,19,11,22,10],[19,7,3,6,23,11,15,2,10],[19,15,11,7,23,3,10,1,8,22,21,9,2],[23,15,11,7,19,3,6,14,10],[19,23,3,7,6,11,15,14,2,24,10],[15,3,14,2,11,19,23,7,6,10],[3,23,11,7,19,15,2,14,10],[11,3,19,23,15,7,10,9,1,2,18,4,12,6,14],[23,19,11,3,15,7,2,10],[19,3,7,6,15,14,2,23,11,10],[15,19,11,3,7,23,6,2,10],[11,4,3,10,2,19,17,8,22,23,6],[23,19,11,15,7,3,2,10],[3,15,14,2,19,7,6,23,11,10],[3,7,6,15,2,19,11,23,14,10],[3,15,14,2,11,19,23,7,10],[7,15,6,23,3,14,2,11,19,10],[7,11,15,3,23,19,6,14,10],[19,15,23,11,7,3,12,6,2,14,10],[7,3,6,11,19,15,23,2,9,14,10],[15,23,11,7,3,19,2,10],[3,7,6,19,15,2,23,11,10],[11,3,19,7,23,15,12,6,2,14,10],[7,11,23,19,3,15,14,2,10],[11,7,3,19,23,15,10,13,16],[7,3,6,15,2,19,11,23,22,14,10],[23,7,19,3,2,15,6,11,14,10],[15,19,7,6,23,3,14,2,11,9,10],[19,23,11,7,15,3,2,8,10],[15,19,11,7,3,23,10,20,21,1,4,2],[15,23,11,3,7,19,10,4,18,2],[15,7,6,19,23,11,3,14,2,10],[7,11,3,23,15,19,10,4,2],[7,19,11,15,23,3,6,10],[19,15,23,11,3,7,10,14],[11,23,7,15,19,3,10,22,12,14,16,2],[23,7,15,14,6,11,3,19,10],[19,7,23,15,6,11,3,14,10],[3,23,7,6,19,11,15,14,10],[15,3,14,2,11,19,7,23,6,10],[23,11,15,7,19,3,10,12,14,5,6,24,21],[3,19,11,23,15,7,4,10,20,8,2],[11,19,23,15,3,7,6,10],[11,23,3,7,19,15,16,10,5,20,14,21,6],[19,7,11,23,3,15,6,12,2,14,10],[15,3,14,2,7,6,23,19,11,10],[19,23,3,7,6,15,14,2,11,10],[19,15,23,11,3,7,2,16,10],[7,3,2,15,6,11,19,23,14,10],[23,15,11,3,19,7,6,2,10],[7,15,14,6,19,11,3,23,10],[11,23,15,7,19,3,10,2],[19,11,3,7,15,23,10,6],[19,11,3,7,15,23,14,10],[11,7,3,15,23,19,6,14,2,12,10],[11,15,19,3,7,23,2,10],[7,19,15,6,3,14,2,11,23,10],[23,15,3,2,7,14,6,19,11,10],[19,15,7,14,6,23,11,3,2,10],[23,15,3,14,2,11,19,7,10],[19,23,15,11,3,7,10,1,17,16,21,8],[23,15,3,2,7,14,6,19,11,10],[11,23,19,15,3,7,14,6,12,10,17,2],[11,19,3,15,7,23,6,2,14,10],[19,11,23,3,7,15,2,10],[15,11,3,7,19,23,2,10],[11,7,3,23,15,19,6,10],[11,15,19,23,3,7,6,10],[19,7,23,15,14,6,3,2,11,10],[23,3,7,2,11,15,19,6,10],[3,7,6,11,19,15,23,2,10],[19,11,15,7,23,3,14,6,22,10],[7,23,19,11,15,3,2,6,10],[23,11,3,19,7,15,10,6],[19,3,7,2,15,14,6,23,11,10],[7,15,14,6,23,3,2,19,11,10],[3,11,19,15,23,7,6,2,14,10],[3,19,23,11,15,7,10,16,5,2,6],[15,7,14,6,3,2,11,19,23,10],[23,15,7,14,6,11,19,3,10],[3,7,6,15,14,2,11,19,23,10],[15,7,14,6,3,2,23,11,19,9,10],[23,15,11,7,19,3,14,2,10],[23,7,3,2,11,19,15,6,14,10],[23,19,7,11,3,15,2,10],[15,3,2,23,11,19,7,10],[15,19,7,6,23,11,3,10],[3,19,11,23,7,15,10,12,2,14,6],[3,15,2,7,6,23,19,11,10],[7,23,3,6,15,14,2,19,11,10],[23,11,3,15,7,19,14,6,10],[3,15,14,2,7,6,23,19,11,10],[7,23,19,15,6,3,14,2,11,10],[11,23,7,15,19,3,6,2,14,10],[11,7,3,23,15,19,2,10],[23,11,19,3,15,7,2,10],[7,15,14,6,3,2,11,19,23,10],[23,19,3,11,7,15,10,12,6,14,2],[3,19,23,11,15,7,6,10],[15,3,2,19,23,11,7,6,14,10],[19,3,11,23,15,7,14,6,10],[15,23,3,2,11,19,7,5,10,13,17,18,4,6],[19,3,23,7,6,11,15,10],[23,15,7,14,6,3,2,19,11,10],[7,11,3,23,19,15,14,6,2,10],[7,19,15,14,6,11,23,3,10],[11,7,15,3,23,19,2,10],[23,15,3,2,19,7,14,6,11,10],[11,15,19,3,23,7,21,2,14,10],[11,3,23,15,19,7,6,10],[19,3,23,7,6,15,14,2,11,12,10],[11,3,15,7,19,23,10,17,13,20,8],[19,11,15,23,3,7,10,2],[15,3,2,11,19,23,7,10],[23,19,3,11,7,15,10,12,6,2],[7,15,6,3,2,11,23,19,10],[19,3,7,2,23,11,15,6,16,10],[15,23,11,7,3,19,2,10],[15,11,7,3,19,23,6,10],[11,15,23,19,3,7,6,14,10],[15,19,11,7,23,3,4,10,21,2],[15,3,2,23,19,11,7,12,14,6,10],[15,23,3,14,2,19,11,7,6,10],[7,11,19,23,3,15,2,6,10],[19,3,15,14,2,7,6,23,11,10],[11,23,3,19,15,7,6,14,2,10],[23,11,15,3,7,19,2,6,10],[7,15,14,6,19,11,3,23,2,10],[11,7,19,15,23,3,6,10],[11,3,23,15,7,19,6,10],[23,11,19,7,3,15,10,8],[7,15,14,6,11,19,3,23,10],[23,15,19,3,14,2,7,6,11,10],[11,23,19,15,7,3,6,10],[23,7,19,3,2,15,6,11,14,10],[11,7,23,15,19,3,2,10],[15,11,23,3,7,19,10,6],[3,19,15,2,7,6,23,11,14,10],[7,23,11,15,3,19,6,4,10,2],[23,11,3,19,7,15,6,4,10,2],[15,23,3,2,11,19,7,8,6,12,14,10],[19,7,3,2,23,15,6,11,14,10],[7,23,15,6,11,3,19,10],[23,11,19,15,3,7,14,6,10],[23,15,19,11,3,7,2,10],[15,3,14,2,19,23,11,7,10],[3,11,19,15,7,23,8,14,10],[19,23,15,11,3,7,10,5,6],[19,3,23,15,2,11,7,10],[19,11,23,3,7,15,10,14],[7,23,19,3,6,11,15,2,14,10],[19,3,23,7,2,11,15,14,10],[11,23,15,7,19,3,4,10,2],[11,3,19,23,7,15,10,1,8,18,6,13],[7,11,15,3,19,23,6,2,14,10],[23,7,3,6,15,14,2,19,11,10],[19,23,11,7,15,3,6,14,2,10],[19,3,23,15,2,11,7,6,10],[19,11,7,15,3,23,2,10],[15,23,7,6,3,2,19,11,13,10],[23,19,15,3,2,7,6,11,10],[7,15,6,3,14,2,11,23,19,10],[23,15,11,3,19,7,10,9,17,24,14,2],[19,15,3,2,11,23,7,10],[15,7,14,6,19,3,2,11,23,10],[3,15,2,7,14,6,19,23,11,10],[3,23,11,15,7,19,2,14,6,10],[11,23,19,7,3,15,14,6,10],[3,11,7,23,19,15,10,18,2],[11,7,23,3,15,19,14,2,22,10],[3,15,2,11,23,19,7,10],[15,19,7,14,6,3,2,23,11,10],[19,7,23,11,3,15,10,22,21,5,16,6],[11,3,19,15,7,23,14,2,6,10],[3,15,2,11,19,7,23,10],[7,11,15,3,19,23,6,2,14,10],[7,15,6,23,19,11,3,2,10],[15,23,11,3,7,19,6,2,14,10],[19,3,15,14,2,23,11,7,6,10],[3,19,23,11,15,7,2,14,10],[23,19,11,7,15,3,2,6,9,14,10],[15,23,19,11,7,3,6,10],[15,23,11,7,19,3,2,14,6,10],[7,3,6,11,23,15,19,10],[23,15,19,7,14,6,3,2,11,10],[7,19,15,6,11,3,23,10],[11,19,23,15,3,7,14,6,10],[3,23,11,7,15,19,10,4,2],[23,7,19,11,15,3,6,9,2,10],[3,7,2,15,14,6,19,23,11,10],[7,15,6,23,19,3,2,11,10],[3,19,15,14,2,7,6,23,11,10],[11,7,3,23,15,19,14,10],[3,7,6,19,15,14,2,23,11,10],[7,23,19,15,14,6,11,3,2,10],[23,15,7,14,6,11,3,19,2,10],[23,19,7,15,6,11,3,14,10],[3,19,11,7,23,15,6,14,2,10],[23,11,19,7,15,3,6,14,10],[19,3,7,6,15,2,23,11,14,10],[23,11,19,3,7,15,10,9,16,14,8],[15,11,23,3,19,7,10,9,8,2],[3,11,7,23,15,19,2,14,10],[15,3,2,23,11,7,19,10],[23,19,3,7,6,11,15,2,10],[11,23,3,19,15,7,24,10,22,13],[15,7,6,23,19,11,3,10],[11,23,19,7,3,15,6,10],[3,23,15,14,2,7,6,11,19,10],[15,23,11,7,3,19,14,2,6,12,10],[3,11,19,15,7,23,10,4,2],[3,19,7,2,15,6,23,11,10],[15,7,6,3,14,2,23,19,11,12,10],[3,23,15,14,2,7,6,19,11,10],[15,3,14,2,23,7,6,19,11,10],[15,23,19,11,3,7,6,2,10],[15,19,7,14,6,23,3,2,11,10],[19,11,15,3,7,23,10,12,2,16,8],[11,19,7,15,3,23,14,10],[19,23,11,15,3,7,10,21,2],[15,19,23,3,14,2,11,7,10],[3,7,6,23,15,2,11,19,10],[11,3,15,23,19,7,2,6,14,17,10],[23,7,3,6,15,14,2,11,19,10],[3,11,23,15,19,7,2,10],[11,3,7,23,19,15,10,24,21,5,6],[7,3,6,19,15,14,2,11,23,10],[23,19,3,15,2,11,7,6,14,10],[23,3,7,2,19,15,6,11,10],[7,11,19,23,15,3,10,13,6],[3,15,2,11,7,23,19,14,10],[11,3,7,23,15,19,10,9,12,6,14,2],[11,3,19,7,15,23,10,16,20,2],[3,11,23,7,19,15,6,2,9,14,10],[19,3,7,2,15,6,11,23,10],[3,11,15,7,19,23,2,14,6,10],[19,3,7,2,11,23,15,10],[3,23,15,14,2,19,11,7,10],[19,7,15,14,6,23,11,3,2,10],[3,15,2,23,19,7,6,11,14,10],[23,7,19,15,14,6,3,2,11,22,10],[11,3,23,19,7,15,6,14,10],[23,15,7,14,6,3,2,19,11,10],[3,19,11,23,15,7,14,10],[19,3,15,2,11,23,7,10],[7,11,3,19,23,15,10,13,6],[23,3,15,2,11,19,7,5,10,8],[7,23,19,11,3,15,14,10],[7,19,15,14,6,3,2,11,23,10],[3,23,19,15,14,2,7,6,11,10],[7,19,23,15,14,6,11,3,10],[19,11,15,3,7,23,2,14,10],[11,7,23,15,19,3,14,10],[7,23,19,11,15,3,10,16,17,6],[7,23,11,3,19,15,2,10],[19,11,3,15,7,23,2,6,14,10],[7,11,19,3,23,15,14,10],[15,11,7,23,3,19,14,2,6,10],[19,3,23,15,14,2,7,6,11,10],[11,3,15,7,19,23,2,10],[7,3,2,19,23,15,14,6,11,10],[11,3,23,7,19,15,2,14,5,10,8],[23,7,19,3,6,15,14,2,11,10],[23,15,3,14,2,7,6,19,11,10],[3,11,23,19,15,7,10,18,5,22,6],[19,23,3,15,2,11,7,10],[15,3,14,2,23,19,7,6,11,10],[3,23,19,11,7,15,2,14,6,10],[3,11,15,7,19,23,10,14],[19,15,3,14,2,11,23,7,6,10],[19,15,23,3,2,7,14,6,11,10],[7,3,6,19,23,11,15,2,10],[7,15,14,6,3,2,11,19,23,10],[7,15,14,6,23,19,3,2,11,10],[11,3,15,19,23,7,6,10],[23,11,7,3,15,19,10,6],[15,11,7,19,23,3,10,21,18,17,1,2],[23,3,19,7,6,15,2,11,14,10],[11,15,23,19,3,7,6,10],[19,11,23,15,3,7,6,10],[3,23,15,2,19,7,14,6,11,10],[15,23,19,3,2,7,14,6,11,10],[19,7,11,23,15,3,2,6,14,10],[19,23,11,15,7,3,6,2,14,10],[23,19,15,3,2,11,7,6,14,10],[11,19,23,7,3,15,6,2,14,10],[7,11,23,15,19,3,10,22,12,21,14,2],[11,7,15,23,19,3,10,4,2],[23,15,19,7,6,11,3,9,14,2,10],[23,3,15,14,2,19,7,6,11,10],[19,3,15,14,2,7,6,11,23,10],[15,19,7,14,6,23,11,3,10],[3,15,14,2,23,11,7,19,10],[19,11,3,15,7,23,2,6,14,10],[11,23,19,15,3,7,2,6,14,10],[15,3,2,23,7,6,19,11,10],[3,11,19,15,7,23,14,2,6,9,10],[15,11,23,19,7,3,2,10],[19,3,15,2,7,6,11,23,14,10],[3,11,19,15,23,7,4,10,2],[3,11,19,15,7,23,10,18,14],[19,3,11,15,23,7,2,14,6,10],[7,23,3,6,15,14,2,11,19,10],[23,19,11,15,7,3,6,2,10],[11,7,23,15,3,19,6,10],[3,19,23,7,2,11,15,14,10],[7,11,3,23,15,19,14,10],[19,7,15,14,6,11,23,3,10],[7,19,23,11,3,15,6,2,12,14,10],[7,11,15,19,23,3,10,18,6],[3,7,6,15,2,11,19,23,14,10],[15,3,2,11,7,23,19,5,10,9,6],[15,7,14,6,11,23,3,19,10],[23,7,3,6,19,11,15,10],[23,19,3,11,7,15,6,10],[7,15,6,19,11,23,3,2,14,10],[19,15,11,7,3,23,10,1,16,21,8],[3,19,15,14,2,23,7,6,11,10],[3,23,11,15,7,19,10,14],[15,19,23,7,6,3,14,2,11,10],[7,23,11,3,19,15,6,2,10],[23,15,19,3,2,7,6,11,10],[3,11,7,19,23,15,14,6,1,10],[11,3,19,23,7,15,6,10],[3,19,7,2,11,23,15,6,10],[3,23,19,7,6,11,15,10],[7,19,23,3,6,11,13,15,2,14,10],[19,15,11,23,7,3,6,10],[7,19,3,2,15,6,23,11,12,14,10],[19,7,23,15,14,6,3,2,11,10],[3,11,19,7,23,15,2,14,10],[3,11,7,15,23,19,6,14,10],[15,23,7,14,6,3,2,19,11,10],[3,7,2,11,15,23,19,14,10],[3,11,15,7,19,23,10,24,5,8,9,13,2],[7,15,6,3,2,11,23,19,10],[19,23,11,15,3,7,13,2,10],[11,23,3,7,15,19,10,5,4,18,1,2,8],[3,7,6,15,14,2,19,11,23,10],[11,15,7,23,3,19,10,24,17,16,2],[11,19,15,3,7,23,2,10],[7,3,2,19,11,23,15,6,14,10],[7,15,6,11,23,19,3,10],[7,3,2,23,11,15,19,14,6,10],[15,19,23,7,14,6,3,2,11,10],[3,23,11,7,15,19,6,2,12,14,10],[3,11,15,23,7,19,10,5,1,6,21],[15,7,6,23,19,3,14,2,11,10],[23,11,3,7,15,19,2,6,17,14,10],[3,7,6,11,15,19,23,2,10],[7,11,3,23,19,15,2,6,10],[11,3,19,7,15,23,6,10],[19,15,11,7,23,3,2,6,10],[3,15,2,11,23,7,19,10],[7,23,11,15,3,19,6,10],[3,11,19,15,7,23,10,12,6,14,5,2],[7,15,6,19,23,3,2,11,10],[7,15,14,6,19,3,2,23,11,12,10],[23,15,7,6,19,3,2,11,10],[7,11,15,23,3,19,10,2],[3,11,15,7,23,19,12,6,2,14,10],[7,11,3,23,19,15,6,2,10],[19,7,15,14,6,11,23,3,2,10],[3,15,2,23,19,11,7,14,10],[3,11,23,15,19,7,10,4,13,8,2],[7,19,15,14,6,3,2,23,11,10],[19,7,15,14,6,3,2,23,11,10],[3,7,6,15,2,11,23,19,14,10],[23,11,19,7,15,3,14,2,10],[3,23,7,6,11,19,15,10],[23,3,15,2,7,6,19,11,14,10],[19,7,3,2,11,23,15,6,10],[3,15,14,2,19,7,6,23,11,10],[11,15,19,3,7,23,14,10],[23,7,19,15,14,6,3,2,11,10],[11,3,7,15,19,23,2,6,14,10],[23,3,19,7,6,11,15,2,12,14,10],[15,3,2,7,6,19,11,23,14,10],[11,19,3,15,7,23,10,4,8,2],[3,15,2,23,7,14,6,19,11,10],[7,19,11,3,15,23,10,6],[11,23,19,7,3,15,6,4,10,22,2],[23,7,19,3,2,15,14,6,11,10],[11,23,15,19,3,7,1,10,2],[11,19,3,7,15,23,14,6,2,10],[3,7,6,15,14,2,11,23,19,13,10],[15,23,19,3,14,2,7,6,11,10],[7,15,6,3,2,19,11,23,10],[19,23,3,7,6,11,15,10],[19,11,15,3,23,7,6,2,14,10],[7,3,2,15,14,6,23,11,19,10],[3,23,7,2,19,15,6,11,10],[23,11,3,15,19,7,13,6,2,10],[3,15,2,7,6,19,11,23,9,14,10],[7,11,15,19,23,3,6,10],[15,7,14,6,19,23,11,3,10],[19,3,7,2,11,15,23,10],[23,7,19,15,14,6,3,2,11,10],[7,3,2,15,14,6,19,23,11,10],[15,11,23,3,7,19,10,5,1,8,14,6],[3,7,2,15,14,6,19,11,23,10],[23,11,7,15,19,3,14,10],[15,11,19,3,7,23,2,10],[19,15,11,7,3,23,2,10],[7,11,3,23,19,15,2,10],[11,7,3,15,23,19,14,8,10],[3,7,2,11,19,15,23,10],[3,19,7,2,11,23,15,6,10],[15,3,14,2,11,23,7,19,6,10],[19,7,15,14,6,23,11,3,2,10],[7,19,11,3,15,23,2,6,13,4,10],[3,11,7,15,19,23,10,12,1,2,21,14],[3,15,2,11,7,23,19,10],[15,7,6,3,14,2,11,23,19,10],[23,11,15,3,19,7,6,2,14,10],[15,7,14,6,3,2,11,19,23,10],[7,19,11,3,23,15,6,2,10],[23,7,3,2,19,11,15,10],[7,19,11,23,3,15,13,2,6,5,14,12,10],[11,19,15,3,7,23,10,17,8],[23,15,3,14,2,11,7,19,6,10],[11,19,7,3,23,15,2,10],[7,15,6,11,23,3,19,2,10],[3,19,15,2,11,7,23,10],[15,11,7,19,3,23,6,10],[19,15,3,2,11,23,7,10],[11,15,23,7,19,3,6,10],[23,15,7,6,19,11,3,10],[11,23,19,15,3,7,2,6,14,10],[11,3,19,15,7,23,6,10],[11,19,23,15,7,3,6,10],[7,15,6,19,11,23,3,2,14,10],[11,3,15,19,23,7,2,6,14,10],[15,7,14,6,3,2,23,19,11,10],[15,23,7,6,19,3,14,2,11,10],[3,23,7,2,11,15,19,10],[11,23,15,7,19,3,12,6,2,14,10],[7,15,14,6,11,23,3,19,2,10],[3,23,11,19,15,7,2,6,14,10],[7,19,15,14,6,23,11,3,10],[3,15,14,2,11,19,23,7,6,10],[19,3,23,7,6,11,15,2,14,9,10],[11,15,7,23,19,3,10,8],[7,19,3,2,23,15,14,6,11,10],[7,23,19,11,15,3,6,10],[19,11,7,15,3,23,10,6],[19,15,23,7,14,6,11,3,10],[15,3,2,11,23,19,7,14,10],[7,23,19,11,15,3,2,6,10],[15,11,19,7,3,23,6,10],[15,7,6,11,19,3,23,10],[7,3,6,23,15,2,19,11,14,10],[7,11,15,19,23,3,10,14],[15,23,11,7,3,19,6,2,14,10],[7,15,14,6,11,23,19,3,10],[15,7,6,11,23,3,19,14,2,10],[19,11,3,23,7,15,6,2,14,10],[7,15,14,6,11,19,3,23,10],[23,15,11,7,19,3,6,2,10],[11,15,19,3,23,7,2,6,12,10],[19,3,15,14,2,7,6,11,23,10],[19,3,11,7,24,23,15,6,2,10],[11,23,15,19,3,7,2,14,10],[19,3,11,15,23,7,6,2,10],[15,7,6,23,11,3,19,10],[11,3,15,23,7,19,6,2,10],[7,15,6,23,11,19,3,14,10],[23,3,7,2,11,15,19,14,6,10],[23,15,7,6,11,3,19,14,10],[11,19,15,7,23,3,10,24,17,2],[19,15,11,23,7,3,4,10,2],[19,3,11,7,15,23,4,10,2],[3,23,11,7,19,15,6,2,9,14,10],[23,15,19,7,14,6,3,2,11,10],[19,3,11,15,7,23,2,14,6,10],[15,7,14,6,23,11,3,19,10],[19,23,15,11,7,3,6,12,2,14,10],[3,19,15,14,2,23,11,7,6,10],[7,19,3,2,15,6,23,11,14,10],[23,15,7,6,11,3,19,2,10],[11,7,3,15,19,23,10,9,14,1,2],[3,11,7,15,19,23,6,10],[15,23,7,6,11,19,3,16,14,10],[23,3,11,19,15,7,9,6,2,14,10],[23,19,11,3,15,7,14,10],[11,7,15,19,23,3,6,10],[11,23,19,7,3,15,12,6,2,14,10],[3,15,14,2,11,23,19,7,6,10],[19,7,15,14,6,23,3,2,11,10],[11,7,23,19,3,15,10,22,4,12,2,6],[7,23,3,6,11,15,19,10],[11,23,3,15,19,7,6,2,14,10],[19,23,15,3,14,2,7,6,11,10],[23,15,3,2,11,19,7,6,14,10],[23,19,7,3,2,11,15,10],[3,19,7,2,15,14,6,23,11,10],[11,23,15,19,7,3,10,17,24,2],[15,23,11,7,3,19,2,6,10],[3,23,11,19,7,15,14,8,10],[23,19,3,11,7,15,2,14,6,10],[3,23,11,7,19,15,14,2,5,10,6],[3,7,2,11,15,19,23,10],[15,11,2,19,23,7,6,10],[19,3,11,7,15,23,6,14,10],[15,7,14,6,3,2,19,23,11,10],[3,7,2,15,14,6,23,11,19,10],[11,15,7,3,19,23,6,10],[7,15,6,19,3,14,2,23,11,12,10],[19,23,7,15,14,6,3,2,11,10],[11,23,19,15,7,3,2,10],[3,15,2,23,11,7,19,14,10],[23,3,15,14,2,19,11,7,6,10],[15,23,3,2,11,7,19,14,6,10],[11,19,23,7,15,3,10,21,17,20,9,5,6],[11,23,7,19,3,15,14,1,10,12,2,8],[23,11,7,19,3,15,8,10,21],[11,3,7,15,23,19,10,13,2],[11,3,19,15,23,7,10,13,16],[11,7,23,15,3,19,2,5,10,20,1,6],[7,19,15,14,6,23,11,3,2,10],[11,19,15,7,3,23,6,10],[3,23,15,2,11,19,7,10],[7,23,11,15,3,19,10,6],[19,23,11,7,15,3,6,10],[3,11,15,7,19,23,2,5,6,14,10],[11,7,19,23,15,3,9,6,2,14,10],[19,7,15,6,3,14,2,23,11,10],[11,23,3,7,19,15,10,6],[15,11,3,7,23,19,6,10],[7,15,6,11,3,19,23,14,10],[7,23,3,6,15,14,2,11,19,10],[15,19,11,3,23,7,10,8],[3,15,2,23,19,7,6,11,14,10],[7,19,3,6,11,23,15,10],[19,23,15,3,14,2,11,7,10],[11,7,19,3,23,15,2,10],[23,11,7,19,3,15,6,10],[3,15,14,2,7,6,23,19,11,10],[3,7,6,11,19,23,15,10],[15,11,3,19,7,23,14,10],[19,15,3,2,7,14,6,11,23,10],[11,19,3,23,15,7,2,6,10],[7,19,15,6,23,11,3,10],[19,7,15,6,11,3,23,10],[15,7,14,6,19,23,11,3,10],[7,19,11,23,15,3,2,16,10],[3,15,14,2,23,19,7,6,11,10],[7,3,6,19,15,14,2,23,11,10],[3,19,15,14,2,7,6,11,23,10],[23,7,3,6,15,14,2,11,19,10],[19,23,3,15,2,7,14,6,11,10],[23,3,11,7,19,15,14,6,24,2,10],[19,23,7,15,6,3,2,11,10],[19,15,11,3,7,23,14,6,12,2,10],[11,3,7,23,15,19,14,2,10],[23,19,11,3,15,7,2,6,14,10],[19,3,11,15,7,23,10,22,2],[7,19,15,6,3,14,2,23,11,9,10],[19,23,3,11,15,7,6,14,10],[3,15,14,2,23,11,7,19,10],[11,15,7,19,23,3,4,10,22,16,9,2],[23,11,15,19,3,7,2,6,10],[3,15,14,2,11,7,23,19,10],[7,19,11,15,3,23,6,2,10],[3,15,2,23,11,19,7,16,10],[15,11,23,19,7,3,2,16,6,14,10],[7,23,11,3,15,19,2,6,10],[11,3,7,19,15,23,10,6],[3,23,7,6,11,19,15,2,14,10],[15,3,2,11,7,23,19,6,9,14,10],[3,23,15,14,2,11,19,7,6,10],[19,11,7,15,3,23,6,2,10],[7,15,6,3,14,2,11,23,19,10],[11,23,19,7,15,3,10,24,1,2],[15,23,19,7,6,11,3,2,14,10],[11,19,15,23,3,7,4,10,2],[11,19,15,3,23,7,14,2,6,10],[3,15,14,2,11,19,7,23,6,10],[7,11,23,15,19,3,6,2,14,10],[3,7,6,23,11,19,15,10],[7,11,23,15,3,19,6,2,14,12,10],[19,3,11,15,7,23,6,14,10],[19,23,3,11,15,7,10,13,22],[3,7,2,11,19,23,15,10],[19,23,7,11,3,15,2,6,10],[15,19,23,3,14,2,7,6,11,10],[11,23,3,15,19,7,5,10,8,4,2],[7,11,19,23,3,15,14,10],[7,11,3,15,19,23,6,10],[15,11,19,3,23,7,6,10],[19,3,15,14,2,7,6,11,23,10],[7,11,3,19,23,15,10,5,12,6,4,2],[11,15,23,7,3,19,4,10,20,2],[3,23,7,2,19,15,14,6,11,10],[15,7,14,6,3,2,11,19,23,10],[7,15,6,19,23,3,2,11,14,10],[7,23,11,19,3,15,6,2,10],[23,11,19,15,7,3,6,10],[23,3,15,14,2,7,6,11,19,10],[15,3,2,19,11,7,23,6,14,10],[11,23,19,7,15,3,6,2,10],[23,11,19,15,7,3,14,2,9,6,10],[7,11,3,23,19,15,10,6],[19,15,11,23,3,7,5,10,8,12,6,2],[7,11,15,3,23,19,2,14,6,9,10],[15,19,3,2,7,6,23,11,10],[11,19,7,3,15,23,10,22,5,6],[11,23,19,3,15,7,10,1,18,9,2,17,21],[15,11,23,19,7,3,10,16],[15,11,7,19,3,23,6,2,9,14,10],[7,15,6,19,23,3,2,11,10],[19,3,11,23,15,7,10,4,22,2],[23,19,3,15,2,11,7,10],[3,23,11,15,7,19,2,14,6,10],[7,15,14,6,11,19,3,23,2,10],[3,7,2,15,6,23,11,19,14,10],[7,23,3,2,15,6,11,19,10],[7,19,3,6,15,2,11,23,14,10],[3,15,14,2,19,7,6,11,23,10],[3,23,15,14,2,7,6,11,19,10],[3,7,2,11,15,19,23,14,10],[23,7,3,2,11,15,19,9,14,6,10],[19,11,23,7,15,3,22,2,10],[11,3,15,19,23,7,2,6,10],[15,19,7,14,6,3,2,11,23,9,10],[7,3,2,11,23,15,19,10],[15,23,19,3,2,7,6,11,16,10],[11,23,7,3,15,19,6,2,10],[23,7,3,6,11,19,15,14,10],[23,15,7,14,6,3,2,11,19,10],[19,15,11,3,23,7,10,20,2],[7,11,19,3,15,23,10,1,20,4,2],[23,7,15,14,6,3,2,19,11,10],[15,7,6,19,3,14,2,11,23,10],[23,11,7,15,19,3,10,16,18,6],[7,11,19,23,3,15,10,5,6],[19,7,15,14,6,11,3,23,9,10],[23,7,15,6,11,3,19,2,10],[19,11,15,7,23,3,14,6,2,10],[7,19,15,14,6,3,2,11,23,10],[11,19,23,15,3,7,14,2,10],[11,7,23,19,15,3,2,6,14,10],[23,19,7,15,14,6,3,2,11,10],[11,7,15,19,3,23,1,2,6,12,14,10],[7,19,15,6,23,11,3,2,10],[19,15,11,23,7,3,6,2,14,10],[15,7,14,6,3,2,19,11,23,10],[7,19,11,15,3,23,6,2,14,9,10],[23,15,11,7,19,3,4,10,14,2],[11,3,19,15,23,7,2,10],[15,7,6,11,3,19,23,10],[11,15,23,19,3,7,14,10],[15,11,7,23,3,19,10,5,14,8],[19,11,15,7,23,3,2,6,10],[15,23,11,3,19,7,10,14],[7,19,11,15,3,23,4,10,8,2],[11,7,19,23,3,15,2,14,10],[11,19,15,7,3,23,2,6,10],[23,7,3,6,19,15,2,11,14,10],[3,23,11,15,7,19,14,6,10],[15,11,3,23,19,7,10,2],[15,19,7,6,11,23,3,10],[11,3,15,19,7,23,10,24,8],[11,3,23,7,19,15,10,4,22,17,2],[23,15,11,3,19,7,6,14,10],[23,11,19,7,15,3,10,13,24,8],[15,7,14,6,23,3,2,19,11,10],[15,7,14,6,23,11,3,19,2,10],[11,7,19,15,3,23,10,20,1,12,2,6],[7,3,6,11,19,23,15,2,10],[3,11,23,7,15,19,14,10],[3,11,15,7,19,23,2,6,14,10],[23,15,3,14,2,11,7,19,10],[11,3,7,23,15,19,10,5,6],[7,23,19,3,2,11,15,10],[15,11,19,3,23,7,6,14,10],[11,19,3,15,23,7,6,2,14,10],[3,19,11,7,15,23,6,2,10],[23,19,15,3,2,11,7,10],[11,15,3,7,23,19,6,2,12,14,10],[19,3,15,2,11,23,7,6,10],[15,11,23,19,7,3,6,14,10],[23,3,15,2,11,7,19,6,14,10],[7,19,23,15,14,6,3,2,11,10],[19,3,11,7,15,23,13,2,6,10],[15,7,6,3,2,11,23,19,10],[3,11,19,7,15,23,10,17,22,21,9,2,8],[7,3,6,19,15,2,11,23,14,10],[19,15,7,6,3,2,23,11,10],[11,7,23,15,19,3,10,13,20,17],[23,19,7,11,15,3,10,20,21,14],[3,11,19,7,23,15,10,9,13,12,6,2],[23,19,3,11,7,15,6,2,10],[11,7,15,23,3,19,9,2,14,6,10],[23,19,11,3,15,7,2,6,10],[23,11,3,7,15,19,10,14],[23,3,11,19,15,7,6,2,10],[23,11,3,7,15,19,14,2,10],[23,19,15,7,14,6,11,3,9,2,10],[11,3,19,23,7,15,6,2,4,10],[23,7,3,2,11,19,15,12,6,14,10],[11,3,15,7,19,23,2,6,14,10],[15,11,19,3,7,23,6,2,14,10],[23,19,11,15,7,3,6,14,10],[23,15,7,6,11,3,19,10],[3,15,14,2,11,7,19,23,6,10],[23,11,3,19,7,15,6,10],[19,3,11,7,15,23,8,10],[19,23,15,7,14,6,3,2,11,10],[19,7,15,6,23,11,3,10],[3,7,6,15,14,2,19,11,23,10],[3,19,15,14,2,23,11,7,10],[19,7,3,2,11,15,23,10],[15,11,3,7,23,19,10,8],[19,23,11,3,15,7,6,2,10],[3,15,2,11,23,7,19,6,14,10],[15,7,6,23,19,3,2,11,13,10],[7,11,23,19,15,3,14,12,6,2,10],[15,19,7,14,6,23,3,2,11,10],[11,15,23,19,3,7,10,14],[11,7,19,3,15,23,10,2],[7,15,6,19,11,23,3,10],[15,3,2,7,14,6,11,23,19,10],[15,23,11,19,3,7,6,14,10],[3,7,6,19,15,14,2,23,11,10],[11,19,7,3,15,23,2,6,14,10],[11,23,7,15,3,19,2,10],[19,3,7,2,23,11,15,10],[15,23,19,7,6,3,2,11,10],[11,23,7,15,3,19,2,10],[3,7,6,19,11,23,15,2,10],[11,19,7,3,15,23,10,18,8],[23,19,11,7,3,15,10,21,24,17,14],[19,23,7,3,6,15,14,2,11,22,10],[11,7,15,3,23,19,14,6,10],[19,15,3,14,2,23,11,7,6,10],[19,3,23,15,2,11,7,10],[15,7,6,11,19,3,23,2,16,9,14,10],[7,3,2,11,23,19,15,6,10],[15,19,3,2,23,11,7,6,10],[23,3,15,14,2,7,6,11,19,10],[19,11,23,7,3,15,14,2,10],[19,23,7,3,6,15,2,11,10],[11,23,3,19,7,15,10,14],[23,19,15,11,3,7,10,6],[23,19,11,15,7,3,6,2,14,10],[11,7,15,19,23,3,6,2,14,10],[23,19,15,11,7,3,12,6,2,14,10],[19,3,11,7,23,15,6,14,10],[19,23,7,11,3,15,6,2,13,24,10],[11,7,15,23,19,3,2,10],[3,15,14,2,7,6,19,11,23,10],[3,23,19,11,15,7,6,2,10],[15,19,3,14,2,7,6,11,23,10],[15,7,6,19,3,2,11,23,14,10],[23,7,19,11,3,15,10,17,1,24,6,4,2],[7,11,23,15,19,3,14,10],[23,3,11,7,19,15,6,2,10],[7,11,15,23,19,3,6,2,10],[19,3,15,14,2,11,7,23,10],[15,3,2,7,14,6,19,23,11,12,10],[19,7,15,14,6,23,3,2,11,10],[11,19,7,3,23,15,10,9,1,2,5,6],[23,11,7,19,15,3,2,10],[3,15,2,11,19,7,23,16,10],[7,19,11,23,3,15,14,6,12,2,10],[23,15,11,3,7,19,14,2,6,10],[23,7,15,14,6,19,3,2,11,10],[3,23,15,2,19,11,7,6,10],[11,7,23,15,3,19,6,10],[15,7,14,6,3,2,23,19,11,10],[15,23,19,11,7,3,14,6,10],[15,3,2,7,14,6,11,23,19,10],[7,15,14,6,11,19,3,23,2,10],[15,11,2,7,23,19,6,12,14,10],[3,19,11,15,7,23,6,10],[11,15,7,23,19,3,6,2,9,14,10],[23,11,19,3,7,15,14,6,10],[19,7,15,14,6,3,2,23,11,10],[15,19,7,14,6,23,11,3,2,10],[19,23,3,11,15,7,6,10],[19,23,7,15,6,3,14,2,11,10],[7,19,23,11,3,15,10,16,14],[11,19,15,7,23,3,2,12,6,14,10],[15,3,2,19,23,7,14,6,11,10],[7,15,6,3,14,2,11,19,23,12,10],[15,11,23,3,7,19,2,22,14,6,10],[11,3,15,23,19,7,10,20,21,1,5,9,6,2],[23,15,3,2,19,11,7,6,14,10],[11,23,19,3,7,15,8,10],[3,23,19,15,2,7,14,6,11,10],[3,19,7,6,15,14,2,23,11,10],[11,3,23,15,19,7,14,6,2,10],[15,19,11,7,23,3,2,6,10],[19,23,7,15,6,11,3,10],[3,15,2,23,7,14,6,11,19,10],[23,15,19,7,14,6,11,3,10],[15,11,19,23,7,3,6,10],[15,23,3,2,7,6,19,11,14,10],[3,7,2,11,19,23,15,10],[7,23,3,2,15,14,6,19,11,10],[19,3,7,2,23,15,14,6,11,10],[11,23,14,3,19,7,15,6,2,10],[15,19,3,2,23,11,7,6,10],[19,11,23,7,3,15,10,20,22,18,14],[3,7,6,23,15,14,2,19,11,10],[7,19,15,14,6,23,3,2,11,10],[7,15,14,6,11,19,3,23,2,10],[7,23,3,2,11,15,19,14,10],[7,23,11,15,19,3,2,6,10],[11,7,15,3,19,23,2,10],[11,15,7,19,3,23,10,8],[11,7,23,19,3,15,6,10],[19,15,23,11,3,7,12,6,2,14,10],[19,23,3,11,15,7,2,6,10],[19,7,15,14,6,11,23,3,10],[15,19,11,3,7,23,6,14,2,9,10],[23,7,19,11,15,3,6,10],[23,19,3,11,7,15,10,16,18,12,6,4,2],[3,11,7,19,23,15,6,10],[15,19,23,3,2,11,7,10],[15,3,2,11,19,7,23,6,14,10],[23,3,19,11,15,7,10,13,18],[11,15,23,3,19,7,2,10],[11,3,15,7,23,19,2,12,6,14,10],[15,11,19,23,3,7,10,21,13],[3,7,6,11,23,19,15,2,14,10],[7,3,6,15,2,11,19,23,10],[7,23,3,6,19,15,2,11,10],[19,15,7,14,6,3,2,23,11,10],[11,15,7,19,23,3,6,2,24,14,10],[3,19,23,11,15,7,10,1,22,4,2],[11,3,19,7,15,23,2,10],[7,11,3,23,15,19,2,8,14,10],[3,7,2,23,19,11,15,10],[19,7,23,3,2,11,15,14,8,10],[11,3,23,7,15,19,10,4,20,5,2,6],[15,11,3,7,19,23,6,10],[23,3,15,2,7,14,6,19,11,10],[3,19,23,7,2,15,6,11,10],[15,19,7,14,6,11,3,23,10],[15,19,3,14,2,7,6,23,11,10],[3,23,15,2,19,7,6,11,10],[19,11,23,3,7,15,6,10],[11,15,23,7,3,19,10,21,12,1,2,14],[23,3,19,7,6,15,14,2,11,10],[7,23,19,3,6,15,14,2,11,10],[11,19,15,7,23,3,14,10],[19,3,15,14,2,11,7,23,6,10],[15,19,3,14,2,11,23,7,6,10],[7,11,3,19,15,23,6,2,10],[19,7,23,3,2,11,15,6,10],[23,15,7,14,6,19,3,2,11,10],[11,19,15,23,3,7,6,2,14,10],[19,15,7,14,6,11,3,23,2,10],[7,15,6,19,3,14,2,23,11,10],[3,7,2,11,19,15,23,10],[15,3,14,2,11,7,19,23,10],[7,15,14,6,19,3,2,11,23,10],[3,23,7,6,19,11,15,10],[23,11,15,19,7,3,2,14,10],[7,23,19,11,15,3,10,14],[23,7,19,15,14,6,11,3,2,10],[19,23,11,15,3,7,14,6,10],[7,15,14,6,3,2,19,11,23,10],[19,3,15,2,11,7,23,6,14,10],[19,23,7,15,14,6,11,3,2,10],[7,11,23,19,3,15,10,14],[11,23,3,15,7,19,10,2],[15,23,3,14,2,19,7,6,11,10],[23,3,19,7,2,15,14,6,11,13,10],[11,19,7,23,15,3,8,2,14,10],[23,3,11,15,19,7,2,6,14,10],[11,23,15,19,7,3,6,10],[3,15,2,7,6,19,11,23,14,10],[23,7,3,2,15,14,6,19,11,10],[15,23,19,7,6,11,3,10],[7,19,3,6,23,11,15,2,14,10],[23,19,15,11,3,7,10,9,18,22,2,5,6],[11,7,15,3,19,23,6,2,10],[11,19,15,3,7,23,6,2,9,14,10],[15,23,3,14,2,7,6,11,19,10],[3,11,15,23,7,19,10,1,22,2],[3,7,2,15,14,6,11,23,19,10],[19,15,11,23,7,3,10,18,14],[23,7,15,14,6,3,2,11,19,10],[3,19,23,11,15,7,2,10],[15,3,2,7,14,6,11,23,19,10],[19,3,15,2,7,14,6,23,11,10],[15,3,14,2,23,19,7,6,11,10],[3,15,2,7,6,19,23,11,14,10],[19,7,23,15,6,3,2,11,10],[7,19,11,15,3,23,10,17,1,5,12,6,2],[15,3,2,7,14,6,23,11,19,10],[3,19,15,14,2,7,6,11,23,10],[11,23,3,15,19,7,2,6,14,10],[19,3,11,15,23,7,10,4,6,9,2],[3,7,6,11,19,15,23,1,10,8,22,24,2],[19,3,7,2,15,14,6,23,11,10],[11,15,19,7,23,3,14,10],[7,23,15,6,3,14,2,19,11,10],[23,11,19,15,3,7,10,21,8],[7,11,15,19,3,23,14,6,10],[19,7,11,15,3,23,2,6,10],[11,15,7,19,23,3,2,14,6,10],[19,23,7,15,6,11,3,10],[19,11,3,15,7,23,6,10],[7,23,3,6,11,19,15,14,2,9,10],[7,19,3,2,11,23,15,6,10],[19,15,7,6,23,3,2,11,10],[11,15,23,3,7,19,10,22,17,2],[3,7,2,19,15,14,6,23,11,10],[3,19,11,15,23,7,14,6,10],[11,19,7,23,3,15,5,10,4,8,2],[15,11,7,23,3,19,6,10],[15,23,19,7,6,3,2,11,14,10],[15,23,7,6,3,2,11,19,10],[15,3,14,2,11,23,19,7,5,10,20],[15,11,19,3,7,23,6,10],[15,23,11,19,3,7,6,10],[19,15,7,14,6,11,23,3,2,10],[3,15,14,2,19,23,7,6,11,10],[19,11,7,15,3,23,10,2],[23,15,19,11,3,7,2,6,10],[15,3,14,2,19,23,7,6,11,10],[23,3,7,6,11,15,19,2,10],[7,3,6,19,23,11,15,10],[11,7,23,19,15,3,10,9,5,6,8,4,2],[3,11,23,7,15,19,5,10,20,8,4,2],[15,7,14,6,23,3,2,19,11,10],[23,3,15,2,11,7,19,14,6,10],[11,3,15,23,7,19,14,10,4,2],[23,7,19,15,14,6,11,3,10],[19,11,3,7,23,15,6,2,10],[3,7,6,11,15,23,19,2,12,14,10],[23,19,7,3,6,11,15,14,2,10],[7,23,19,11,15,3,2,6,13,14,12,10],[23,15,7,6,3,2,19,11,14,10],[15,11,3,23,19,7,2,12,6,14,10],[7,15,6,3,2,23,19,11,8,9,10],[15,3,2,11,23,7,19,10],[11,3,7,15,23,19,10,2],[11,19,7,15,3,23,10,17,18,22,9,5,6,13],[19,15,23,3,14,2,7,6,11,10],[15,3,2,7,6,19,23,11,10],[7,19,15,6,23,11,3,2,10],[11,23,19,15,3,7,14,2,10],[7,15,14,6,23,11,19,3,2,10],[11,7,15,23,19,3,2,14,10],[15,3,2,19,23,11,7,6,14,10],[3,23,7,2,19,11,15,6,14,10],[19,3,15,14,2,7,6,11,23,10],[3,23,19,11,15,7,6,14,10],[11,19,23,3,7,15,2,10],[3,23,7,6,11,19,15,14,10],[11,19,15,3,23,7,2,6,14,10],[23,11,3,19,15,7,14,2,6,10],[3,23,7,2,15,14,6,11,19,10],[11,19,7,3,23,15,6,14,2,10],[23,15,7,14,6,11,19,3,10],[15,19,7,6,23,3,14,2,11,10],[23,19,11,7,15,3,10,16,17,2]],"n_human":11}