{"problem_id":"7MdK3SAZMHA9Mek","sigma":150,"alpha":10.000,"cost":0,"probabilities":"[0.15, 0.27, 0.37, 0.21]","payoff_matrix":"[[154, 184, -110, -46, 86, -141], [-111, -206, 168, 7, 56, 64], [53, 54, 286, 49, -109, -8], [174, -8, -147, 19, -128, 101]]","uncovered":[[15,23,11,7,3,19,10,13,8,1,2,24,16,21,4,20,22,9,12,6,14],[23,3,7,2,15,6,11,19,14,10,5,24,1,20,12,17,22,13,8,9,4,21,18,16],[15,19,11,23,3,7,6,2,10,13,24,16,4,1,17,12,22,18,14,8,5,20,21],[23,3,11,7,19,15,10,1,2,16,8,14,6,21,17,24,20,9,18,4,5,12,22],[11,19,7,15,3,23,6,2,10,14,21,13,17,9,18,1,20,16,5,24,12,22,4,8],[19,15,7,14,6,3,2,11,23,10,16,12,24,22,18,13,5,4,8,21,9],[23,11,7,19,15,3,2,6,10,14,22,4,24,9,17,16,13,5,18,12,21,1],[23,7,15,6,11,19,3,10,21,14,1,2,8,24,13,22,4,20,16,9,17,12,18,5],[19,3,15,2,7,6,23,11,14,10,21,1,16,17,20,12,5,24,4,9,22,13],[19,15,23,3,14,2,11,7,6,10,13,22,1,4,12,17,21,5,16,24,18],[15,19,23,7,14,6,11,3,10,16,2,22,17,4,1,12,8,24,18,20,5,13,9,21],[23,15,11,7,19,3,6,2,10,14,21,5,18,13,20,16,12,17,1,9,8,22,4],[15,11,7,23,19,3,6,2,14,10,21,1,18,5,12,22,16,4,8,9,13,24,20,17],[7,19,11,15,3,23,2,6,10,14,12,24,22,1,8,18,5,21,20,13,17,4,16,9],[3,23,19,11,15,7,10,5,6,4,2,13,14,24,16,22,8,18,21,20,12,9,17],[11,19,3,15,23,7,10,16,8,1,2,14,12,6,22,18,20,21,5,13,4,17,24,9],[19,11,23,3,15,7,6,14,10,1,2,17,12,21,18,16,24,4,9,22,13,8,5,20],[11,23,19,3,15,7,10,6,13,2,16,22,5,17,20,8,18,4,9,12,14,24],[19,15,3,2,23,7,14,6,11,10,21,22,20,24,1,13,8,17,16,18,12,5,9,4],[15,3,14,2,11,7,19,23,10,6,4,24,20,21,8,1,12,13,5,17,22,18,9,16],[11,23,3,19,7,15,10,1,2,6,16,5,8,14,9,22,21,17,13,12,4,20,18,24],[23,11,19,15,7,3,2,6,10,14,12,21,16,24,17,5,13,18,4,9,22,8,1],[23,15,7,14,6,11,19,3,2,10,22,20,5,13,1,8,17,21,4,24,9,16,12],[3,19,23,15,14,2,7,6,11,10,16,4,21,17,18,12,22,24,1,20,9,5,13,8],[15,23,3,2,7,14,6,11,19,10,17,13,22,8,21,12,20,18,1,5,24,9,16,4],[23,3,19,11,7,15,6,2,10,14,18,21,12,16,5,8,24,22,1,4,20,13,17,9],[7,11,15,3,19,23,10,4,2,6,16,14,5,21,9,24,12,22,20,8,17,13,18,1],[23,15,7,6,19,11,3,2,14,10,17,22,18,5,16,13,8,24,4,1,12,9,20,21],[3,15,2,19,23,7,14,6,11,10,12,24,22,13,16,17,5,20,9,21,18,4],[7,23,15,6,19,3,2,11,10,16,14,21,18,20,13,4,1,5,12,22,8,17,9,24],[3,7,6,15,2,23,11,19,14,10,9,21,20,18,16,13,4,5,1,12,24,22,17,8],[15,3,14,2,19,7,6,11,23,10,20,1,16,18,22,4,12,24,9,17],[3,15,14,2,11,7,19,23,10,5,6,4,24,8,18,22,16,12,20,17,21,1,13,9],[15,3,2,19,23,7,14,6,11,10,17,13,8,1,21,5,18,4,9,12,20,24,22],[3,7,6,11,23,19,15,10,13,2,20,1,14,22,9,16,5,21,24,8,4,12,17,18],[19,11,15,3,23,7,2,10,16,8,18,13,22,6,5,20,9,4,14,17,24,1,21,12],[23,3,11,7,15,19,6,10,16,2,21,22,13,8,17,20,1,24,4,18,12,14,5],[3,23,11,7,19,15,10,2,14,13,6,18,8,24,4,21,20,12,9,22,16,17],[15,7,6,11,23,19,3,10,14,2,17,24,4,12,22,20,16,21,9,1,8,18],[3,23,11,7,19,15,10,16,5,6,2,8,22,9,14,17,13,20,21,18,24,12,4],[3,19,11,15,7,23,2,10,6,13,21,18,12,14,4,17,5,1,16,22,24,8,20,9],[19,15,23,11,3,7,6,10,16,4,2,13,1,24,12,22,8,5,14,21,20,17,18],[23,3,19,15,14,2,11,7,6,10,13,9,24,22,20,12,16,8,1,21,17,4,18,5],[15,3,14,2,23,11,19,7,6,10,24,21,22,5,9,4,12,13,20,17,8,18,16],[3,7,6,11,23,19,15,2,10,18,14,21,4,13,24,8,9,5,22,1,12,17,20,16],[15,7,14,6,11,19,3,23,10,1,2,4,22,21,20,5,16,18,13,9,12,17,24],[7,19,3,6,23,15,2,11,10,16,21,14,20,17,22,4,24,13,18,1,9,12],[15,7,6,3,14,2,23,19,11,10,21,5,16,13,12,8,20,1,17,18,22,4],[19,3,7,2,15,14,6,23,11,10,1,13,22,24,16,20,18,17,21,8,4,12,5,9],[15,11,19,7,23,3,6,2,14,10,4,20,24,21,9,12,16,22,13],[11,3,7,19,23,15,14,10,2,8,12,6,22,21,13,20,18,4,17,5],[15,7,6,11,23,3,19,10,2,14,9,24,22,8,12,16,20,21,17,5,18],[11,19,15,3,23,7,2,10,24,5,6,13,8,14,16,18,1,22,21,12,9,17,4,20],[3,15,14,2,19,23,7,6,11,10,5,4,24,12,22,17,20,13,21,9,18,16,1,8],[19,7,3,2,15,6,23,11,14,10,12,21,4,22,1,8,13,9,20,16,24,18,5],[3,19,11,23,7,15,10,16,2,5,6,21,12,14,22,24,17,8,20,4,13],[15,23,11,7,3,19,10,2,22,17,13,5,6,16,4,18,12,14,24,8,20,9,21],[11,15,3,19,7,23,6,2,10,1,16,22,9,14,5,20,12,24,21,4],[19,3,15,2,11,7,23,10,6,14,22,18,5,13,21,1,17,8,9,12,4,24,16],[11,19,23,7,15,3,2,10,5,6,14,24,8,1,20,18,17,16,13,21,9,12,22,4],[23,7,15,6,3,2,11,19,14,10,24,1,9,21,12,16,20,22,4,8,13,5],[23,15,19,3,14,2,7,6,11,10,24,1,8,21,13,17,22,4,9,12,20,5,18,16],[19,7,15,14,6,3,2,11,23,10,22,24,8,13,5,20,12,4,17,21,18,9,16,1],[23,7,19,15,14,6,3,2,11,10,21,18,16,13,9,4,20,22,12],[23,3,11,7,19,15,10,8,1,2,13,16,17,22,14,6,24,9,18,12,20,21,4,5],[3,7,2,19,23,11,15,10,5,6,13,24,16,21,22,1,12,14,18,9,17,4,20,8],[7,3,2,19,15,14,6,23,11,10,24,4,22,5,8,18,16,12,9,20,1,21],[19,7,23,11,15,3,6,10,2,16,5,22,9,14,17,24,13,12,18,8,4,21,1,20],[7,23,15,6,3,2,19,11,14,10,8,20,1,22,17,9,18,21,5,13,16,12,4,24],[7,15,6,11,19,23,3,2,14,10,21,1,16,18,4,9,12,24,20,5,17,22],[23,11,7,19,3,15,6,14,10,2,20,21,9,13,22,17,8,5,1,12,4],[15,3,14,2,7,6,11,19,23,10,18,12,22,21,4,17,16,8,5,9,20,1,13],[7,11,15,3,23,19,10,1,2,6,13,24,5,22,12,16,14,21,18,4,17,8,9,20],[3,23,7,2,11,19,15,6,10,13,21,20,16,4,17,14,1,12,9,18,22,5,8],[11,3,23,15,19,7,10,8,2,14,6,4,24,20,22,12,1,13,18,5,9,16,21,17],[11,15,3,7,23,19,6,2,14,10,12,21,17,16,4,20,1,5,22,24],[3,19,15,2,23,7,14,6,11,10,17,24,21,9,1,4,5,12,13,22,20,16,18,8],[7,15,14,6,23,19,11,3,2,10,1,24,12,22,13,21,18,17,8,4,20,5,9],[11,3,7,19,23,15,6,2,14,10,24,22,9,18,4,13,12,20,1,17,16],[19,15,3,2,11,23,7,6,10,16,13,24,22,18,14,21,20,12,1,8,5,4],[15,11,23,19,3,7,6,10,1,4,2,14,16,24,12,22,9,20,21,13],[3,11,15,19,23,7,6,10,2,14,1,17,22,16,4,20,24,13,9,21,18,12],[15,23,11,3,19,7,10,17,8,1,2,16,21,12,14,6,4,13,22,20,9],[23,19,11,7,3,15,6,2,10,14,20,17,24,5,21,13,8,22,16,1,12,4,18],[11,15,3,19,7,23,6,10,8,2,14,24,20,21,17,18,22,9,12,16,5,4,13],[19,3,7,6,15,14,2,23,11,10,1,22,8,12,16,18,24,5,4],[23,15,19,11,7,3,10,4,2,16,6,8,18,21,14,20,12,24,22,9,5,17],[11,3,7,23,15,19,10,16,6,21,2,12,14,1,20,5,18,8,24,13,4,17,9,22],[19,3,11,15,7,23,6,14,10,4,2,12,21,1,24,20,5,18,16,8,22,13,9,17],[11,3,19,23,7,15,10,8,13,16,4,2,12,6,14,24,22,5,9,18,21,17,20,1],[11,15,7,23,3,19,10,2,14,8,24,9,21,6,18,4,1,22,12,16],[11,7,15,3,23,19,10,1,2,8,18,14,17,24,12,6,22,16,20,4,13,9],[23,19,3,7,6,15,2,11,10,22,14,9,18,16,17,21,8,24,5,4],[23,15,7,6,11,3,19,10,14,4,2,24,20,21,16,12,22,9,8,1],[15,23,7,6,11,3,19,10,1,4,2,14,24,12,21,18,22,5,20,16,9,17,13],[15,3,2,11,7,23,19,6,10,22,16,5,14,12,18,4,21,13,1,24],[3,11,23,7,19,15,2,10,6,20,14,18,21,16,1,13,22,9,8,24,5,12,17,4],[15,3,14,2,23,19,7,6,11,10,24,8,17,4,20,1,12,22,21,13,9,5],[23,11,19,3,15,7,10,4,2,8,18,13,5,6,20,14,21,1,16,24,12,22,17,9],[15,3,14,2,7,6,11,23,19,10,4,21,13,5,17,8,24,22,20,16,12],[7,11,15,19,3,23,10,8,2,24,13,14,1,22,9,6,18,16,5,21,4,12],[11,15,7,23,3,19,10,4,2,8,14,17,9,21,5,6,22,12,16,18,13,24,1],[3,15,2,23,11,19,7,6,10,13,24,12,14,22,17,1,18,8,16,9,21,4,20,5],[23,11,15,7,3,19,10,16,8,4,2,9,20,13,6,22,14,21,18,12,17,1,5,24],[3,19,7,6,23,11,15,2,14,10,8,5,20,21,4,12,16,22,9,13,1,24,17,18],[11,3,7,15,23,19,6,2,10,14,1,4,22,5,8,12,20,16,18,21],[11,3,23,15,7,19,6,2,10,13,22,16,17,18,4,20,14,9,21,12,24],[19,11,15,7,3,23,6,10,14,2,4,24,21,1,5,9,12,16,22,13,20,17,8],[15,23,3,2,7,6,11,19,10,14,21,8,5,12,22,9,16,17,20,1,4,18,24,13],[3,7,6,11,23,19,15,10,1,2,13,22,18,24,20,5,16,12,4,14,9],[19,15,3,2,7,6,23,11,14,10,22,16,18,8,21,4,1,9,24,20,5,12,17],[15,7,14,6,19,23,3,2,11,10,8,21,24,16,5,22,1,9,18,4,12,20,17,13],[19,11,23,7,15,3,2,10,16,5,8,18,6,24,14,13,4,20,22,21,9,17,12,1],[7,15,14,6,23,3,2,11,19,10,16,17,13,21,20,5,22,24,18,4,12,1,9,8],[15,7,14,6,11,19,3,23,10,2,9,22,18,4,8,21,16,24,1,12,20,13,17],[23,7,11,19,3,15,14,6,10,2,22,18,21,12,5,13,9,1,4],[11,7,15,3,23,19,6,10,1,2,12,14,22,18,16,13,21,24,17,5,4,9],[11,3,23,19,7,15,14,10,5,6,1,2,20,17,16,13,24,22,8,4,12,9,18,21],[15,7,6,3,2,11,23,19,14,10,13,17,1,21,5,20,9,4,12,22,16,18,24,8],[7,11,23,19,3,15,10,6,2,14,5,21,12,4,16,24,20,18,17,9,22,13,8,1],[15,19,3,14,2,7,6,23,11,10,4,21,5,12,17,13,16,22,20,8,1,24],[23,7,11,3,15,19,6,2,14,10,5,24,13,16,20,8,1,21,22,17,12],[23,3,19,11,7,15,10,13,8,4,2,17,5,6,21,1,12,14,9,22,16,20,24,18],[15,19,23,7,6,3,14,2,11,10,4,21,18,13,16,24,8,5,22,20,1,12,17],[3,23,19,15,14,2,7,6,11,10,12,22,5,17,8,16,4,21,24,1,9,20,13,18],[23,11,19,7,3,15,6,10,2,5,14,17,16,18,21,24,20,9,12,22],[15,19,11,7,3,23,6,10,1,2,13,8,20,14,17,24,21,5,9,18,4,12,22,16],[19,7,15,6,23,3,14,2,11,10,21,18,22,4,9,5,13,12,20,16],[7,19,15,14,6,3,2,23,11,10,13,21,22,5,18,20,16,9,12,17,4,1,8,24],[11,7,15,19,3,23,6,10,14,4,2,12,22,20,16,1,8,18,17,24,5,9,13,21],[7,11,19,23,15,3,2,10,5,6,14,8,22,18,9,20,16,4,1,17,12,24,21],[23,19,15,7,6,11,3,2,10,20,14,22,13,5,8,1,9,16,4,21,12,18,24,17],[11,15,3,23,19,7,10,13,1,2,6,24,16,5,22,21,4,18,8,17,12,14,20,9],[15,23,3,2,7,14,6,19,11,10,13,22,24,8,4,18,20,17,16,5,1,9,12,21],[23,11,7,15,19,3,6,10,14,1,2,5,22,4,20,12,21,13,8,16],[23,15,7,14,6,19,3,2,11,10,22,5,21,16,8,13,24,18,20,12,1,17,4,9],[15,3,2,19,11,7,23,10,16,9,6,14,21,4,20,1,12,22,13,5,24,8],[19,7,15,6,23,11,3,2,14,10,21,5,20,22,8,17,4,12,13,1,18,9,16,24],[11,3,23,19,15,7,2,6,14,10,9,21,5,12,13,24,22,20,1,16],[19,7,23,15,14,6,3,2,11,10,13,9,22,4,16,24,8,12,5,18,21],[3,11,23,19,7,15,10,2,5,6,14,4,21,12,22,16,20,1,9,17],[15,11,3,7,19,23,10,5,6,4,2,13,18,16,22,9,21,14,17,1,8,12,20,24],[7,3,2,11,23,19,15,6,14,10,22,16,20,9,24,17,4,21,5,8,1,18,12,13],[19,7,11,3,15,23,10,16,1,2,12,6,14,21,20,24,17,9,22,5,13,4,8],[19,11,23,3,7,15,6,10,14,4,2,9,22,1,20,24,12,16],[7,11,23,3,19,15,14,10,8,2,5,18,6,22,16,24,20,17,12,21,13,4,1,9],[19,15,11,3,7,23,2,6,10,13,20,21,8,1,14,4,12,24,17,22,5,18,16,9],[3,7,6,23,19,15,14,2,11,10,22,17,12,13,24,9,5,20,21],[23,7,15,14,6,19,11,3,2,10,24,4,22,13,5,18,17,20,16,9,21,1,8,12],[3,15,14,2,7,6,19,23,11,10,22,8,9,4,13,1,12,24,17,18,21,16],[19,3,11,15,23,7,2,6,14,10,20,8,21,4,5,13,18,9,12,16,1,22,17,24],[7,3,6,19,11,23,15,2,14,10,24,22,9,21,18,13,1,16,8,20,12,5,4,17],[19,11,15,23,7,3,6,10,2,16,17,24,21,20,5,22,1,13,9,14,12,18],[3,11,7,23,15,19,10,13,1,2,5,6,17,18,22,16,14,24,4,12,8,9,20],[15,19,7,6,3,2,23,11,10,16,22,24,14,13,8,5,21,17,12,20,9,18,1,4],[23,15,7,6,3,2,11,19,14,10,20,13,21,16,8,9,12,24,22,18,5,1,4],[7,3,2,23,15,14,6,19,11,10,22,13,5,4,24,9,12,20,18,16,21,8,1,17],[23,3,19,7,2,15,14,6,11,10,12,24,22,1,16,4,18,5,20,13,9,8,17,21],[7,3,2,19,11,23,15,6,14,10,22,4,5,17,1,20,9,12,16,24,21,13],[15,19,3,14,2,23,7,6,11,10,12,24,21,17,9,16,20,22,5,13,1,4,8],[11,7,23,3,15,19,2,10,8,14,12,6,22,1,16,20,21,18,24,17,5,4],[23,15,3,2,7,14,6,19,11,10,21,17,18,20,13,5,1,16,4,9,12,22],[23,3,11,15,7,19,10,22,8,1,4,2,14,6,18,21,20,16,12,13,17],[15,3,2,19,11,7,23,10,6,24,16,9,14,22,18,20,4,21,1,12,8,5],[11,23,15,7,19,3,6,10,13,1,2,17,16,24,22,5,14,9,18,20,12,4,21,8],[7,15,6,11,3,23,19,2,10,16,20,13,18,1,21,17,4,9,14,12,22],[11,15,3,23,7,19,10,1,4,2,5,6,16,22,24,13,9,12,14,20,18,17,8,21],[7,3,2,19,23,15,6,11,10,1,14,24,8,22,20,4,13,9,5,12,16,21,18],[3,7,2,23,15,6,19,11,14,10,4,9,24,22,8,21,1,18,12,16,17,13],[7,11,3,19,15,23,10,21,5,6,14,4,2,8,1,18,9,12,16,24,22,13,20],[19,7,15,6,3,14,2,11,23,10,1,21,8,24,16,12,17,22,9,20,5,4,13,18],[7,3,6,23,15,2,11,19,14,10,24,16,1,21,5,20,17,12,22,13,4,9],[7,23,15,6,3,2,11,19,14,10,5,21,9,8,1,24,20,4,12,13,16,22],[23,19,7,3,2,11,15,10,6,16,20,21,9,13,4,12,14,22,1],[3,15,14,2,23,7,6,19,11,10,9,22,13,4,16,21,5,24,17,18,1,12,8],[3,7,6,23,11,15,19,2,14,10,9,21,18,4,5,22,16,1,12,8,17,13,20,24],[7,19,3,2,23,11,15,10,8,16,20,22,6,13,12,14,21,1,18,4,17],[15,19,7,6,3,14,2,23,11,10,24,22,20,4,8,12,9,16,21,1,5],[15,19,23,3,2,7,6,11,10,13,14,16,24,20,22,12,1,4,9,21,17,5],[23,11,15,3,7,19,2,10,5,6,16,13,18,21,22,17,20,9,1,8,12,14,4],[19,15,3,2,23,7,6,11,14,10,18,21,12,16,17,5,20,24,13,1,8,22,4],[7,15,14,6,11,23,19,3,2,10,13,21,22,12,24,16,17,20,5,4,1,9,8],[23,7,15,14,6,11,19,3,2,10,22,17,5,18,20,4,13,24,21,9,16,1,12],[11,19,7,15,23,3,6,10,1,2,14,18,17,20,22,16,4,9,13,12,24,21],[11,7,15,3,19,23,10,2,8,9,14,24,22,6,12,16,18,4,1,20],[23,3,11,15,19,7,10,6,4,2,9,16,14,22,8,5,17,1,20,13,12,21],[19,23,11,7,15,3,2,6,10,13,24,16,1,20,21,22,14,12,5,9,4,17,8],[19,11,3,23,7,15,10,6,2,14,22,1,20,24,13,16,12,18,8,4,5,21,9],[7,19,3,6,15,2,11,23,14,10,16,12,24,22,4,18,8,9,21,5,1],[23,11,19,15,7,3,10,13,2,5,6,16,20,18,14,24,8,17,1,4,12,22,21],[7,23,11,3,15,19,6,10,1,2,14,4,8,24,5,21,16,9,12,20,22,17],[11,19,3,7,23,15,6,10,2,13,24,21,20,14,22,18,8,4,1,5,9,12,16,17],[11,15,7,23,19,3,10,6,2,16,13,14,21,18,20,17,9,1,22,5,12,4,24],[11,7,19,15,23,3,6,2,14,10,13,20,21,22,1,12,4,18,5],[3,15,2,23,11,7,19,10,13,8,18,24,14,1,4,20,17,12,6,22,21],[15,7,14,6,3,2,23,11,19,10,22,5,4,12,17,21,13,20,1],[3,19,23,7,2,15,6,11,10,18,14,9,21,24,16,12,22,4,5],[11,7,23,15,19,3,2,10,13,16,6,24,14,12,22,1,17,5,18,9,4,21],[3,19,23,15,14,2,7,6,11,10,20,13,9,21,5,24,8,1,4,12,22,16],[11,15,23,7,3,19,6,14,10,2,16,21,1,12,22,13,24,18],[19,23,7,15,6,11,3,14,10,1,2,22,18,5,17,12,21,13,9],[15,19,11,3,23,7,10,8,13,2,9,22,1,14,5,6,20,17,16,24,12,18],[23,19,7,15,6,3,2,11,10,14,12,24,22,1,13,4,17,9,20,18,16,21],[7,11,15,23,19,3,10,8,16,1,2,21,18,13,5,6,12,14,22,4,24,9,20],[19,15,7,14,6,23,11,3,2,10,13,4,9,21,5,24,18,22,1,12,16,20,8],[19,3,11,7,15,23,10,1,2,14,6,24,8,16,21,12,22,5,20,13,4,17,18],[7,23,11,19,3,15,10,13,16,1,2,5,6,14,22,17,24,8,12,20,9,21,4],[3,15,2,23,11,19,7,6,14,10,24,17,22,5,13,1,12,9,21,8,20,16,4,18],[15,7,6,11,3,23,19,2,10,14,22,8,24,21,12,13,17,16,18,4,1,9],[7,11,23,19,3,15,6,10,2,16,8,22,13,5,4,14,21,9,18,12,17,24,1,20],[11,3,19,15,23,7,6,2,14,10,20,1,18,24,12,22,5,21,16,17,4,9,13],[3,23,19,7,6,11,15,10,1,2,14,9,21,18,22,24,5,12,13,8,20,4,16,17],[19,3,11,15,23,7,2,6,14,10,20,21,5,24,18,12,16,17,8,22,1,13,4,9],[15,19,23,3,2,11,7,10,14,6,22,16,8,20,9,12,5,24,13,4,21],[15,3,14,2,19,23,11,7,10,8,12,6,21,13,18,5,1,22,4,17,9,16,24],[15,3,2,23,11,19,7,6,10,16,22,21,24,4,13,20,1,12,14,5,9,18,17,8],[23,15,19,3,14,2,7,6,11,10,22,4,24,16,12,21,9,20,1],[11,23,3,15,7,19,6,2,14,10,22,12,13,18,5,1,8,16,9,21,4,24],[15,23,7,6,19,11,3,2,14,10,24,1,22,16,9,5,12,18,21,17,8,4,20,13],[7,3,6,19,11,15,23,10,14,1,2,24,17,21,12,13,9,22,18,8,4,16,20,5],[19,7,3,6,23,11,15,2,14,10,18,16,22,9,21,1,5,4,12,24],[19,7,11,3,23,15,6,2,14,10,22,24,13,16,17,5,8,9,1,4,12,21,20],[7,3,2,15,14,6,23,11,19,10,18,12,22,13,20,24,5,9,17,16,4,8,1,21],[11,23,3,19,15,7,6,2,10,14,22,8,5,1,21,24,4,12,13,9,17,16,18,20],[11,19,7,3,23,15,6,2,10,16,14,20,4,24,1,5,9,22,12,8,13,21,18],[11,15,7,19,23,3,6,2,14,10,5,22,24,12,21,16,8,9,17,18,20,1,4,13],[3,23,7,2,15,14,6,11,19,10,24,12,22,17,16,18,1,21],[11,19,23,15,7,3,10,6,4,2,16,24,17,13,18,20,5,22,1,14,12,8,9,21],[7,3,2,15,14,6,11,23,19,10,24,22,21,18,4,17,9,13,20,8,1,12,5,16],[11,3,23,7,19,15,6,2,10,16,14,17,4,12,22,24,20,21,13,9,8],[15,7,6,3,14,2,23,11,19,10,22,1,13,18,8,20,24,12,21,4,16,9,17,5],[23,11,15,3,19,7,10,2,14,5,6,21,12,18,16,22,24,8,20,1,17,4,13,9],[23,15,11,7,3,19,6,10,2,8,14,21,1,17,20,12,13,4,9,22,5,16,24,18],[3,19,11,15,7,23,10,16,2,5,6,22,12,14,4,18,17,21,8,24,1],[23,3,7,2,11,19,15,10,16,9,8,21,6,14,17,24,4,5,18,20,13,1,12,22],[15,23,11,7,3,19,6,2,14,10,12,21,9,16,24,18,22,17,4,5,20],[19,23,15,11,3,7,10,6,4,2,14,13,20,22,12,21,8,1,9,16,24,17,18],[23,3,15,2,19,11,7,10,14,6,8,12,21,17,13,18,24,4,1,22,5,20,9,16],[11,19,15,7,3,23,2,6,14,10,24,21,5,1,16,8,17,20,12,13,18,4,22,9],[23,11,15,3,7,19,6,10,13,1,2,8,24,21,17,12,14,18,5,22,20,9,4,16],[19,23,11,3,15,7,6,2,14,10,22,5,16,1,13,9,8,12,21,17,18],[19,15,11,23,7,3,10,20,8,14,1,2,4,22,9,18,13,12,6,24,21,17,16,5],[7,23,19,3,2,11,15,10,13,6,4,22,14,16,12,18,20,17,8,24,9],[7,19,11,15,23,3,6,2,10,13,22,14,4,12,20,8,24,16,9,21,18,17,1,5],[7,11,23,19,3,15,10,4,2,5,6,13,1,8,14,24,20,22,12,16,9,21,17,18],[15,11,23,3,19,7,6,10,2,14,17,21,13,18,24,16,5,20,9,4,1,22,12],[7,23,3,6,19,15,2,11,14,10,1,22,20,4,9,16,8,13,12,24,21,18,5,17],[3,15,2,11,19,23,7,10,8,13,21,14,1,12,6,22,16,5,20,18,17,24,9,4],[11,15,3,23,19,7,10,4,2,6,13,14,22,21,24,18,8,1,16,20,9,17,5,12],[11,3,7,23,19,15,6,10,4,2,16,22,12,14,24,17,18,20,5,13,9],[3,11,7,23,19,15,6,2,10,13,21,14,12,16,20,4,1,22,17,8,5,24,18,9],[3,23,19,11,7,15,6,10,4,2,13,9,16,17,14,21,22,20,12,1],[15,23,11,7,3,19,6,2,10,14,12,21,1,18,13,4,16,24,9,22,5,20],[23,3,15,14,2,11,19,7,6,10,18,24,16,21,4,20,1,12,22,5,8,9,13,17],[3,23,19,7,6,15,2,11,10,24,16,22,14,21,1,20,12,9,4,18],[3,11,19,23,7,15,2,6,10,14,12,22,16,20,4,17,21,13,9,18],[3,23,7,6,15,14,2,19,11,10,20,24,16,9,22,5,12,21],[3,23,15,2,7,6,11,19,14,10,8,13,12,22,4,16,18,21,9,5,17],[7,19,11,15,3,23,6,10,1,4,2,16,12,14,24,22,13,5,17,21,9,20,8,18],[3,15,14,2,23,19,7,6,11,10,21,1,17,16,13,20,24,18,5,12,22,4,9,8],[15,7,6,11,23,3,19,2,10,16,8,9,24,4,22,13,12,14,18,20,21,5,1,17],[15,19,11,23,7,3,2,10,6,14,9,22,8,24,4,5,18,20,16,17,1,12,13],[3,23,15,2,19,7,6,11,14,10,12,24,22,8,9,16,17,4,1,20,21,18],[11,19,3,7,23,15,6,10,13,4,2,17,22,12,14,1,21,18,8,5,9,16,20,24],[23,15,19,3,2,11,7,10,6,14,21,5,8,22,24,20,9,12,16,4,13,17,18],[15,11,19,3,7,23,10,6,16,4,2,13,12,22,14,5,18,1,8,17,9,24,21],[11,19,3,23,7,15,10,5,6,1,2,14,13,24,8,20,22,21,9,12,4,17,16],[23,7,15,14,6,11,3,19,2,10,1,18,16,21,13,9,4,12,22,17],[7,19,3,2,15,6,23,11,14,10,22,4,20,12,24,17,1,5,18,16,21],[19,11,7,15,23,3,6,2,14,10,8,21,4,12,17,18,20,9,16,22,1,5,24,13],[23,15,3,2,11,7,19,6,10,14,24,18,13,1,4,21,12,17,5,9,22,16,8],[7,11,3,23,19,15,2,10,16,6,12,21,14,8,9,20,1,13,24,4,22,5,17],[11,19,7,3,23,15,6,2,14,10,21,9,17,4,13,24,1,20,5,12,22,16],[11,7,23,3,15,19,6,14,2,10,22,5,13,18,24,4,1,12],[3,15,2,23,11,7,19,6,14,10,13,21,22,1,18,4,20,24,5,12,16,8],[3,23,11,15,7,19,6,10,4,2,14,16,13,5,21,20,24,1,9,18,17,12,22,8],[3,19,15,2,23,7,14,6,11,10,24,5,17,21,16,12,18,13,4,20,8,9,22],[15,19,23,7,14,6,11,3,10,2,8,1,22,5,13,16,20,4,18,9,12,24],[3,15,2,11,23,7,19,6,10,13,16,4,1,24,8,20,9,12,22,14],[19,11,15,23,7,3,6,2,10,14,18,20,21,1,4,17,22,12,13,16,8,5,24,9],[7,23,3,6,15,2,19,11,10,1,14,24,5,22,9,17,20,12,16,4,18,8],[7,19,3,6,15,2,23,11,10,13,14,16,24,22,8,21,4,18,20,17,9,1,12,5],[11,15,3,23,19,7,10,4,2,5,6,22,14,16,12,17,18,8,20,24,1,21,9,13],[23,7,19,15,6,3,2,11,10,22,13,21,20,18,14,16,12,1,9,8,4,17],[23,3,7,2,11,19,15,6,10,14,4,22,8,13,9,16,12,24,18,5,1,17,20],[3,11,15,19,23,7,10,6,13,4,2,14,5,21,8,1,12,20,9,16,22,17,24],[19,15,11,23,7,3,10,4,2,13,8,9,5,6,16,24,22,14,18,17,12,21,20,1],[11,23,7,19,15,3,10,6,13,16,4,2,22,21,12,14,1,5,9,18],[15,11,23,3,19,7,6,10,16,24,2,21,13,20,1,9,18,14,5,4,12,22,8],[19,23,15,3,2,7,6,11,10,14,16,9,22,17,24,1,5,20,18,8,13,21,4,12],[15,23,19,11,3,7,10,13,4,2,8,17,6,22,20,16,5,12,14,21,18],[19,3,11,23,7,15,10,5,6,13,4,2,24,16,22,9,14,21,18,1,17,12,8],[19,15,3,14,2,23,7,6,11,10,24,8,13,20,5,22,16,21,17],[7,11,19,3,15,23,2,10,8,18,14,24,5,20,9,6,22,13,21,12,16],[3,11,19,15,7,23,6,2,14,10,13,5,18,22,8,20,12,24,9,16,1,21],[15,11,19,7,23,3,6,2,14,10,16,24,4,22,20,1,9,5,12,17,13,8],[23,3,15,14,2,19,7,6,11,10,8,21,17,1,5,13,24,9,20,4,12,22,16],[19,11,3,15,7,23,2,6,14,10,21,22,18,9,4,17,24,13,20,16,1,5,12,8],[7,11,3,23,19,15,14,10,2,18,6,8,22,17,16,20,24,13,21,4,9,12,1,5],[15,19,3,2,11,7,23,6,14,10,12,24,22,16,9,4,18,17,21,5,20,1,13],[3,19,11,23,15,7,10,14,1,2,5,6,12,21,16,20,8,24,4,17,9,22],[7,15,6,3,2,11,23,19,14,10,22,18,24,4,5,16,12,21],[23,7,3,2,11,19,15,6,14,10,17,5,18,24,1,8,22,9,16,12,4,20],[7,23,19,3,2,11,15,10,5,6,16,14,1,13,8,17,18,22,21,20,12,4,24],[15,19,23,7,14,6,11,3,2,10,20,5,21,16,12,4,24,18,1,13,9,22],[19,23,7,3,6,11,15,10,4,2,24,14,9,21,18,20,8,1,22,5,12,16,17],[23,19,15,3,14,2,11,7,10,8,4,20,22,21,5,6,24,12,13,1],[23,11,19,3,15,7,2,10,5,6,16,24,21,4,12,14,22,18,8,1,13,17],[3,23,19,7,6,11,15,10,1,2,14,21,22,8,12,16,17,18,24,4,5,9,20,13],[3,11,15,23,19,7,6,10,1,2,14,24,21,22,5,16,12,17,18,13,8,9,4,20],[23,15,19,3,14,2,7,6,11,10,22,21,1,24,18,5,8,4,13,12,20],[23,19,3,15,14,2,11,7,10,5,6,12,21,16,9,20,18,17,22,13],[7,19,11,3,15,23,10,4,2,6,13,14,12,22,18,8,16,24,20,5,21,17,1],[19,11,23,3,7,15,2,6,10,16,22,17,12,14,13,18,20,21,4,9,1,5],[11,3,23,19,15,7,10,6,14,2,21,4,17,16,8,13,9,20,22,5,12,1,24,18],[3,11,19,15,23,7,10,6,14,2,1,22,18,5,8,12,21,16,17,13],[11,19,23,7,3,15,6,10,1,2,13,20,18,14,9,22,24,8,17,4,21,12,5,16],[3,7,2,23,15,6,11,19,10,13,14,24,22,18,8,9,21,17,1,20,5,16,12,4],[15,11,23,7,19,3,2,10,5,6,16,18,21,8,20,12,14,24,1,22,9,13,4,17],[3,19,7,6,11,15,23,10,2,16,24,13,21,20,4,8,5,14,18,22,9,1,12,17],[3,7,2,23,11,19,15,6,14,10,20,8,22,4,21,1,5,12,9,13,17],[11,3,23,19,15,7,2,10,6,24,13,20,1,16,22,5,8,4,12,14,21,18,17,9],[19,23,15,11,7,3,2,10,5,6,16,4,20,22,14,1,9,18,12,24,21,13],[19,15,11,23,3,7,6,10,17,4,2,21,13,14,8,22,9,18,16,24,5,20,1],[11,23,7,3,19,15,2,6,10,13,9,22,14,17,21,5,1,18,4,12,16,8,24],[23,11,19,3,15,7,10,2,8,14,20,4,12,6,22,1,13,16,5,9,24,18,21,17],[23,7,15,6,11,3,19,10,14,12,2,21,16,22,5,24,1,20,9,17,13,4,18],[7,19,11,23,3,15,10,1,2,5,6,13,14,24,4,12,22,9,18,21,8,16],[3,23,7,2,11,15,19,6,14,10,13,24,20,17,4,12,22,21,18,5,16,8,9,1],[3,15,2,11,7,19,23,6,14,10,13,18,22,1,16,9,5,17,12,24,20,4,21],[23,19,3,7,2,15,6,11,10,14,4,12,22,18,8,13,17,24,5,16,20,1,21,9],[23,19,7,11,3,15,10,14,6,1,2,5,24,17,21,20,16,8,12,13,18,4,9,22],[15,19,11,23,3,7,2,10,14,6,5,4,20,22,12,16,18,24,17,21,8,1],[15,23,7,14,6,3,2,19,11,10,5,22,12,13,9,8,16,21,17,18,4,20,24,1],[11,3,7,23,15,19,2,10,16,5,6,13,22,14,1,8,4,12,9,24,18,20,21,17],[15,3,14,2,19,7,6,23,11,10,17,20,22,21,12,16,13,4,1,9,8,5],[3,15,2,23,7,14,6,19,11,10,22,18,4,17,5,24,1,8,21,12,13],[7,11,19,15,3,23,10,1,2,14,6,24,13,20,21,8,17,9,16,22,18,12,4,5],[15,23,11,19,7,3,10,6,4,2,16,14,5,20,9,21,24,12,22,1,8,18,13,17],[7,23,11,15,19,3,2,6,10,13,21,14,17,22,24,1,8,5,12,4,20,18,16,9],[7,11,23,19,15,3,10,4,2,6,13,16,8,14,21,18,22,24,5,9],[7,15,6,23,3,2,11,19,10,24,13,22,1,14,5,12,18,17,16,8,21],[19,15,3,2,23,11,7,10,5,6,14,21,13,12,1,24,20,9,18,17,22,16,8,4],[7,15,14,6,3,2,19,23,11,10,24,1,21,22,20,16,4,12],[15,23,3,2,11,7,19,10,14,12,8,21,6,16,22,4,24,18,5,9,20,1,13,17],[19,7,23,11,15,3,6,10,4,2,13,18,14,20,17,8,21,9,5,22,16,1,12],[11,19,3,7,23,15,2,10,5,6,16,21,13,20,1,14,17,12,18,4,22,24,8,9],[7,15,6,19,23,3,14,2,11,10,22,9,21,4,17,5,24,13,1,12,20],[3,11,23,7,19,15,2,10,13,6,22,5,21,14,1,17,12,20,18,24,16,4,8],[7,19,11,15,23,3,10,2,6,22,14,4,8,12,24,16,18,5,20,1,17,13,21],[15,23,19,7,6,11,3,10,1,2,14,21,18,9,8,12,16,5,24,22,4,13],[3,15,14,2,11,7,23,19,6,10,22,24,17,1,12,18,13,8,9,21,16,4,20,5],[19,3,7,6,11,23,15,10,1,2,14,16,20,8,22,18,17,24,9,21,12],[3,11,15,23,7,19,6,2,14,10,20,21,13,17,1,22,18,8,9,12,24,16,4],[7,19,3,2,15,6,11,23,14,10,21,17,20,9,13,22,12,16,24,4,18,5],[19,7,11,15,3,23,10,2,8,13,24,16,22,17,14,12,6,1,20,5,21,18,4],[23,15,3,2,7,6,11,19,10,13,14,16,1,22,20,4,9,12,24,8,17,21,18,5],[11,23,7,3,15,19,10,16,6,9,2,5,24,22,21,14,4,1,17,12,18],[19,11,3,23,15,7,10,13,4,2,5,6,17,18,22,14,12,21,16,24,1,9,20],[7,11,15,19,23,3,10,14,6,2,12,21,5,22,18,24,16,20,9,1,8,4,13],[7,11,3,23,19,15,10,8,4,2,13,24,16,17,22,21,6,20,9,12,14],[19,23,7,3,6,11,15,2,14,10,1,8,24,18,5,9,12,22,16,4,17,20,13],[23,19,3,15,2,11,7,6,10,21,16,5,1,18,14,17,24,8,22,9,12,4,20],[11,3,19,7,23,15,10,4,2,5,6,1,12,14,24,22,13,17,20,16,9,18,21],[11,15,19,23,3,7,2,6,10,14,20,9,22,12,13,24,1,18,5,4],[15,23,3,2,19,7,14,6,11,10,22,12,16,24,8,20,21,5,9,13,18,4,1],[15,11,7,23,19,3,6,2,10,14,22,9,24,8,12,16,17,18,4,5,21,20],[11,23,7,19,3,15,10,4,2,5,6,22,14,18,9,12,16,24,8,17,13,21,1],[15,11,7,3,23,19,10,2,13,6,4,24,17,21,5,18,8,20,12,14,16,22],[7,15,6,3,14,2,23,11,19,10,17,9,24,22,16,1,20,8,21,13,18,12,4],[11,15,3,23,19,7,10,4,2,6,14,16,22,18,9,1,12,24],[7,23,11,3,19,15,6,10,21,2,16,22,20,17,12,14,13,9,18,5,4,8,1],[19,15,11,7,3,23,6,10,13,2,22,18,9,14,21,8,24,1,4,17,20,12,5,16],[19,23,3,7,2,11,15,10,8,14,21,22,16,1,9,6,17,13,4,12,18,5,24,20],[11,7,3,19,15,23,10,6,4,2,13,16,14,22,21,12,8,18,24,9,5,20],[19,3,23,7,6,15,14,2,11,10,21,17,18,22,12,16,1,8,13,24,4,5,9],[23,7,15,14,6,19,3,2,11,10,9,24,16,12,22,8,17,18,4,5,21,13],[23,3,19,7,2,15,6,11,14,10,22,16,20,24,18,21,12,17,13,1,8,9],[15,23,3,2,19,11,7,10,6,16,14,12,24,22,5,20,8,1,21,4,17,9,13],[7,3,6,11,23,19,15,2,10,13,16,22,20,14,8,24,21,9,17,12,4,5],[19,23,7,11,3,15,14,10,4,2,6,17,24,5,13,9,22,8,1,12,20],[23,15,11,7,19,3,10,8,16,2,12,14,6,22,4,18,1,9,24,21,17,20],[3,11,19,15,7,23,6,2,14,10,1,13,5,21,12,24,22,17,4,8,9,20],[7,23,15,6,3,14,2,11,19,10,22,17,16,9,5,18,12,24,4,8,20,1,21],[19,7,23,3,6,15,2,11,14,10,8,24,4,12,22,9,16,17,18,13,5,21,1],[15,11,3,19,23,7,2,10,5,6,16,24,22,14,13,12,18,21,20,9,4,8],[7,19,3,6,11,23,15,2,14,10,12,22,16,17,18,8,4,21,13,1],[3,11,15,19,7,23,2,6,14,10,12,22,17,24,13,8,20,5,4,16,18,21,9],[3,11,7,19,23,15,10,20,5,6,13,4,2,22,14,18,1,9,24,12,17,21,16],[15,11,19,7,3,23,6,10,4,2,16,22,13,9,18,24,12,14,1,5,17,8,21,20],[19,3,23,15,2,7,6,11,14,10,12,22,9,16,24,13,18,21,4,5,1,8,17,20],[3,19,23,7,6,15,2,11,10,14,24,20,4,8,12,22,16,18,1,13,17,9,21,5],[7,19,11,15,23,3,10,14,8,1,2,22,18,20,21,5,6,12,13,17,16,4,9,24],[19,15,7,6,11,23,3,10,16,1,2,18,9,14,22,20,24,17,13,4,12],[7,15,6,11,23,19,3,2,14,10,13,24,22,5,21,8,9,12,18,4,1,16,20,17],[15,3,2,23,7,6,11,19,10,14,5,24,22,1,21,16,13,18,20,8,12,9,17,4],[19,11,15,3,7,23,6,10,14,2,13,17,22,21,24,5,9,16,20,4,18],[23,3,7,2,15,14,6,11,19,10,12,22,24,18,9,16,5,8,17,1,4,21,13,20],[23,15,11,3,19,7,10,6,16,2,8,20,17,14,5,21,9,13,24,18,1,22,4,12],[23,19,15,7,14,6,3,2,11,10,22,13,21,20,16,12,9,24,4,5,17,8,1],[15,3,14,2,7,6,19,23,11,10,22,21,17,4,16,24,1,9,12,18,20,13,8],[3,11,23,15,7,19,6,2,10,16,1,4,12,14,22,24,21,5,8,17,18,9,13],[11,3,15,19,23,7,2,6,14,10,16,18,13,20,24,21,22],[3,23,15,2,11,7,19,6,14,10,1,5,17,12,21,18,22,13,9,4,16,8],[23,7,19,3,2,11,15,6,10,16,21,17,8,14,12,18,1,24,22,9,4,5],[19,3,23,15,2,11,7,10,14,5,6,12,22,16,17,21,18,13,1,8,4,9,20,24],[3,15,2,23,11,19,7,10,14,8,6,22,20,4,12,16,13,21,5,24,18],[23,19,3,15,14,2,11,7,10,5,6,9,24,22,17,1,4,18,21,8,12,16],[19,15,7,6,3,2,11,23,14,10,24,22,13,9,16,20,12,5,1,4,17,8,21,18],[23,15,7,14,6,11,3,19,10,1,2,24,20,21,9,8,16,17,22,4,12,5,13,18],[7,23,15,14,6,19,11,3,10,1,4,2,24,12,22,20,16,13,17,8,5,9],[19,15,23,11,3,7,10,2,6,20,4,14,17,24,18,21,13,8,12,1,9,5,22,16],[7,19,23,11,3,15,2,6,14,10,21,18,9,22,24,5,13,4,8,20,12,16,1],[3,19,23,11,7,15,10,16,4,2,8,9,20,17,6,13,24,22,18,14,1,21,12,5],[19,3,7,2,15,14,6,11,23,10,18,16,22,12,20,5,21,9,13,24,8,4,1,17],[19,23,11,3,7,15,6,10,13,1,4,2,12,14,24,22,20,8,18,16,17],[11,19,7,15,3,23,2,10,5,6,14,16,12,22,20,13,24,4,1,18,9,21],[3,11,23,15,7,19,2,10,6,13,21,14,8,20,22,5,1,18,24,4,12,16],[3,7,6,23,15,2,11,19,10,14,20,9,24,21,12,16,4,1,13,22,8,5],[7,19,15,14,6,3,2,11,23,10,21,24,20,4,18,17,1,12,13,9,22,5],[23,15,3,2,7,6,11,19,10,13,12,16,22,17,14,20,5,24,8,9,4,21,1],[23,15,19,7,14,6,11,3,2,10,21,22,24,16,18,5,12,8,1,17,20,13,4,9],[11,19,15,23,7,3,2,6,10,14,17,21,5,4,18,22,12,9,16,13,24,20,1,8],[19,15,23,7,14,6,11,3,10,1,2,16,4,18,21,8,9,5,12,22,17],[19,3,23,7,6,15,2,11,10,8,22,13,17,14,24,12,1,5,9,18,21,20],[3,19,15,14,2,23,11,7,6,10,21,12,17,5,22,20,16,4,13,24,8],[11,15,7,3,19,23,6,2,10,16,24,13,21,12,14,1,18,4,22,5,17,9,20,8],[11,23,19,7,15,3,10,17,14,8,4,2,1,9,24,6,22,13,12,20,21,16,5],[19,11,3,7,15,23,10,13,4,2,6,9,24,5,14,22,20,12,17,16,1,21],[15,19,3,14,2,11,7,23,10,12,6,21,22,16,4,18,5,24,17,9],[3,7,2,19,11,15,23,10,14,8,12,6,24,22,13,16,21,18,17,1,9,4],[19,23,15,3,2,7,14,6,11,10,4,13,18,5,17,12,24,22,8,21,16,9,20,1],[3,15,14,2,23,11,7,19,6,10,8,4,16,21,22,20,17,1,18,9,12,5,24],[19,7,23,15,6,3,2,11,10,13,4,17,1,9,16,22,14,24,5,12,18,20,8,21],[11,7,3,15,23,19,6,10,13,2,5,4,8,14,22,24,18,1,17,16,12,9],[11,15,19,23,3,7,10,13,8,4,2,22,14,18,21,9,5,6,12],[3,11,19,7,23,15,10,2,14,8,17,22,6,5,12,18,13,21,1,20,16,4,9],[15,7,14,6,23,19,11,3,10,4,2,24,20,21,17,16,9,12,8,22,1],[15,19,11,3,7,23,10,16,1,4,2,5,6,20,18,12,22,14,17,9,21],[19,23,11,7,3,15,10,4,2,14,5,6,24,9,12,22,16,20,17,1,18,13,21],[11,15,19,3,23,7,10,16,2,8,22,17,20,9,21,5,6,14,1,24,13,4,18,12],[23,7,11,19,3,15,2,10,13,8,22,18,5,6,12,14,9,24,21,16],[7,15,6,19,23,3,14,2,11,10,13,20,17,8,9,1,24,22,12,4,18,21,5],[11,23,3,7,19,15,2,10,13,20,17,8,6,5,21,1,12,14,16,24,9,22,18,4],[11,19,15,3,7,23,2,14,10,8,12,21,6,16,9,5,17,18,22,1,13,24,20,4],[7,11,23,15,3,19,10,5,6,1,2,13,14,12,22,20,24,9,18,21,4,17,16],[3,23,15,2,11,19,7,10,5,6,16,14,21,12,17,24,18,20,13,1,22,8,4,9],[19,7,3,2,23,15,14,6,11,10,20,17,24,18,5,16,4,1,9,21,12,22,8,13],[19,15,11,7,3,23,2,10,14,6,20,21,1,8,18,9,22,16,4,5,12,17],[3,11,15,7,19,23,6,10,16,1,2,14,9,4,24,12,22,17,18,13],[15,19,7,14,6,11,3,23,2,10,24,5,4,20,22,16,17,12,18,1,9,21],[11,19,3,23,15,7,10,6,1,2,14,13,5,17,16,8,24,21,20,12,22,4,18],[23,19,3,11,7,15,10,5,6,1,2,14,22,18,8,4,12,24,13,16,17,20,21,9],[15,23,7,6,3,2,11,19,14,10,22,9,16,1,12,18,24,13,4],[23,19,15,11,7,3,10,16,20,5,6,2,24,22,9,14,12,21,13,18,1,8,17,4],[15,23,3,2,11,7,19,10,5,6,13,21,16,20,22,17,9,8,14,12,18,4,1],[3,7,2,15,6,11,19,23,10,13,22,17,1,14,16,24,8,18,20,12,9,21],[11,7,19,23,15,3,10,13,6,2,17,12,22,14,1,24,4,18,5,16,21,9,20,8],[19,11,15,23,3,7,6,2,10,14,13,24,20,22,12,21,17,8,16,4,18,5,1,9],[15,23,11,7,19,3,10,16,5,6,4,2,22,12,14,8,18,21,9,13,1,17,24,20],[15,23,7,14,6,3,2,11,19,10,20,22,17,12,16,1,13,24,8,4,5,21,9,18],[11,3,23,15,19,7,10,6,14,1,2,20,16,17,9,24,22,5,8,12,4,18,21,13],[23,11,15,19,7,3,10,4,2,13,5,6,21,14,1,9,20,12,16,18,22,24,17,8],[7,15,6,19,11,3,23,10,16,1,4,2,21,20,9,14,12,22,5,18,17,13,8,24],[7,3,6,19,15,2,11,23,14,10,8,16,21,17,1,20,22,5,4,9,12],[3,19,15,2,11,7,23,6,10,13,8,22,5,12,14,20,16,9,21,18],[15,19,11,3,23,7,2,10,5,6,13,4,22,18,14,24,1,17,12,9],[11,15,23,19,3,7,6,10,14,1,2,21,5,18,20,8,12,24,9,13,22,4,16,17],[11,3,19,15,23,7,6,10,2,17,13,21,14,8,5,22,1,16,20,9],[23,3,7,6,11,15,19,2,14,10,12,22,4,21,24,16,13,18,5,20,9,8,17],[23,19,15,7,6,11,3,2,14,10,16,20,18,13,24,22,21,9,17,8,4],[23,19,7,15,6,3,14,2,11,10,20,24,9,8,17,22,5,16,4,12,21,18],[3,7,6,23,11,19,15,2,10,16,17,21,24,18,5,4,14,1,12,8,13,22,9],[19,11,3,7,23,15,6,2,14,10,13,22,16,5,21,8,18,20,12,9,4,24,1,17],[7,23,19,15,6,3,14,2,11,10,20,22,9,5,12,16,24,21],[3,11,15,23,19,7,10,22,1,2,6,14,5,12,16,18,8,13,9,24,21,4],[7,15,6,3,2,23,11,19,10,16,14,5,21,18,13,1,12,8,22,24,20,9,17,4],[19,7,11,3,15,23,2,10,6,16,24,13,14,20,17,8,21,4,22],[19,3,23,11,15,7,10,6,4,2,9,14,20,21,22,16,17,18,12,5,1,24,8,13],[11,3,19,7,23,15,6,2,14,10,24,22,16,9,12,20,13,17,4,5,21],[23,3,11,19,15,7,6,2,14,10,8,16,21,4,13,5,12,22,24,9,17,18,20],[15,11,23,3,7,19,2,6,14,10,21,8,16,1,22,13,17,18,12,24,9,20],[15,3,14,2,7,6,19,23,11,10,12,21,17,16,22,9,18,1,4,13,5],[3,15,2,7,14,6,23,11,19,10,4,22,1,17,12,20,13,16,21,5,24,8,9],[23,11,7,15,3,19,10,5,8,13,4,2,6,1,9,16,22,20,12,14,24,21,17,18],[11,7,19,15,23,3,6,2,14,10,4,9,21,22,8,1,5,16,12,20,24],[11,7,19,15,23,3,2,6,14,10,1,5,21,16,24,12,17,9,22,20,13,8],[3,7,6,15,14,2,23,11,19,10,13,21,8,5,22,16,18,20,24,12,9,4,1,17],[7,11,19,23,15,3,2,6,14,10,8,5,21,12,13,22,20,9,16,18,17,1,4],[11,3,23,19,7,15,6,2,14,10,22,13,4,8,17,24,9,5,18,21,16,12,1],[7,19,15,6,3,14,2,11,23,10,20,4,21,12,13,18,22,1,8,5,9,24,17,16],[3,11,19,15,23,7,10,2,8,13,22,4,14,9,5,6,16,18,20,21,17,12],[15,3,14,2,11,7,19,23,10,5,6,24,18,8,20,22,12,16,17,9],[23,19,11,15,3,7,6,2,10,14,1,18,12,21,22,16,8,4,20,24,5],[19,11,7,3,15,23,10,6,2,16,9,13,21,8,18,4,22,12,14],[23,11,15,19,3,7,6,10,4,2,14,24,20,22,8,16,12,9,17,1,18,13,21],[19,11,23,3,7,15,6,2,14,10,24,22,18,17,4,12,21,5,1,13,20,8,16],[11,23,3,7,15,19,6,2,14,10,17,16,24,4,12,22,20,18,21,5],[11,3,15,23,7,19,6,10,13,4,2,17,5,9,14,24,22,8,12,20,21,16,18,1],[15,19,7,6,11,23,3,2,14,10,24,8,20,4,21,16,17,1,13,9,18,5,12,22],[3,11,7,23,15,19,6,2,14,10,22,24,9,13,8,1,16,21,12,4,18,20],[11,15,7,3,23,19,10,16,4,2,6,21,22,14,5,17,8,20,9,18,12,1],[11,7,15,19,23,3,10,8,1,2,20,13,5,6,12,14,24,22,9,21,16,18,4],[19,15,11,7,3,23,2,6,14,10,8,22,12,20,16,21,13,4],[23,19,3,15,14,2,11,7,10,5,8,21,6,9,20,12,16,24,22,4],[23,19,7,11,3,15,2,10,14,9,6,24,17,8,12,22,20,5,18,16,21,4,13],[15,7,6,19,11,3,23,10,1,2,13,14,8,18,22,20,4,12,21,5,16],[3,23,11,19,7,15,2,10,6,14,18,24,21,9,12,16,22,13,4,20,5,8],[23,3,7,2,19,11,15,10,16,8,17,22,6,24,12,14,18,21,13,4,9,20,1],[11,7,15,19,3,23,10,5,6,16,4,2,1,13,8,21,22,18,12,14,9,20],[15,3,2,19,11,7,23,10,14,16,6,17,4,24,21,1,13,12,18,22,20,8,9,5],[23,15,7,14,6,11,3,19,2,10,4,13,22,20,12,9,24,17,21,8,5,16,1],[7,19,11,3,23,15,10,5,6,16,14,1,2,22,21,24,13,20,4,17,12,9,18,8],[15,23,7,6,19,3,14,2,11,10,4,13,20,21,17,1,12,16,22,8],[7,19,23,11,3,15,6,10,2,13,20,22,8,4,14,24,12,21,1,18,17,9,16],[23,7,11,3,15,19,2,10,8,16,22,4,13,5,6,14,12,21,1,18,24],[7,15,6,23,11,19,3,2,14,10,13,17,8,16,24,21,1,20,12,22,9,5,4,18],[23,3,15,2,11,19,7,6,14,10,8,9,24,22,16,5,21,17,1,18,4,12,20],[23,15,11,19,3,7,10,1,6,4,2,14,12,24,22,9,16,21,13,20,5,17,18],[23,19,7,3,6,15,14,2,11,10,21,18,9,24,1,20,5,22,8,17,13,4,12],[19,7,11,3,23,15,2,10,5,6,14,18,22,17,21,9,20,8,12,16,13,4,24],[11,15,19,7,23,3,10,5,6,4,2,24,14,21,22,18,17,13,8,9,1,12,16],[7,15,14,6,19,11,3,23,10,1,2,24,13,22,8,4,12,17,16,18,21,20,9,5],[11,7,3,19,23,15,10,14,4,2,8,9,5,6,24,16,20,21,1,12,22,13],[15,23,3,2,19,11,7,10,5,8,6,14,20,17,21,12,16,24,4,13,22,9,1,18],[7,19,23,3,2,11,15,6,10,14,12,22,1,21,20,5,13,16,9,4,18,8,17,24],[19,11,7,3,15,23,10,6,20,9,14,4,2,8,24,22,21,12,16,17],[3,23,15,14,2,11,7,19,6,10,1,18,24,12,22,21,8,13,20,4,17],[15,23,7,14,6,11,3,19,10,2,21,5,4,24,16,22,9,13,1,12,20,18,17],[23,19,11,15,3,7,10,9,1,2,8,16,6,13,24,22,12,14,4,18,20,21,17,5],[19,7,15,14,6,3,2,23,11,10,22,20,17,8,1,13,4,5,24,9,12,21,16,18],[19,3,15,14,2,23,7,6,11,10,21,17,8,24,22,9,13,16,12,20,5,1,4],[19,11,3,15,7,23,6,2,10,14,22,1,4,12,24,21,16,9,18,20,5,17,13],[23,15,19,3,14,2,7,6,11,10,1,24,16,17,8,21,12,5,22,18,4,13,9,20],[23,3,15,14,2,19,7,6,11,10,17,22,16,18,9,12,21,1,24,4,8,5,13],[7,11,23,19,15,3,10,5,6,4,2,14,22,13,21,12,18,17,9,20,16,1,8,24],[3,19,23,11,7,15,10,4,2,13,8,16,6,21,17,18,22,14,9,24,5,20,1,12],[3,15,2,23,11,19,7,6,14,10,1,20,9,24,22,13,17,12,5,4,16,8,18,21],[23,19,11,15,7,3,10,14,6,2,18,8,21,24,4,20,12,22,13,17,5,1,9,16],[11,7,23,19,15,3,2,6,14,10,24,22,5,12,17,16,18,9,20,21,8,1,4,13],[7,23,15,14,6,19,3,2,11,10,20,21,5,24,13,12,8,22,9,1,16,18,4],[3,7,6,11,23,19,15,2,10,16,13,9,22,14,4,18,1,12,21,17,8,5,24,20],[15,23,11,3,7,19,10,6,14,2,24,13,16,22,9,1,18,17,8,20,12,21,4],[3,19,11,7,15,23,2,10,13,5,6,18,17,22,8,24,1,4,16,12,14,21],[7,3,6,15,14,2,19,23,11,10,24,9,22,5,17,21,18,8,13,20,12,16,4,1],[15,3,2,11,19,7,23,6,14,10,4,17,20,24,21,1,22,9,16,8,12,13,5,18],[7,23,15,6,19,11,3,14,2,10,13,21,12,8,20,16,1,22,17,18,24,4,5,9],[19,15,23,11,3,7,6,2,14,10,24,5,22,9,18,17,12,16,1,4,8,21,13],[11,3,19,7,15,23,10,16,5,6,2,20,8,21,17,13,22,18,14,12,1,9,4],[23,3,7,2,15,6,11,19,14,10,21,4,9,5,17,18,8,24,20,13,16,1,12,22],[15,19,3,14,2,23,7,6,11,10,18,21,8,13,1,12,9,22,16,4],[19,7,23,15,14,6,3,2,11,10,5,16,9,21,4,24,8,17,12,18,13,22],[11,3,7,15,23,19,2,10,16,6,14,24,21,20,17,12,22,18,8,1,13,5,9,4],[7,11,3,15,23,19,2,6,14,10,12,22,16,4,17,21,8,5,20,13,24,18,9],[19,15,7,14,6,3,2,23,11,10,12,21,18,22,5,16,24,13,1,9,17,4,20,8],[15,23,11,19,3,7,10,13,5,6,1,4,2,9,22,16,14,24,18,8,20,21,17],[11,3,19,23,15,7,10,16,8,22,2,14,18,13,17,6,9,4,1,12,24,5,21,20],[11,7,23,15,3,19,10,2,14,8,13,20,17,22,12,6,24,21,18,9,4,5,16,1],[19,7,3,6,23,11,15,2,10,13,21,20,22,24,8,12,14,1],[19,11,3,23,15,7,2,10,16,8,21,24,6,14,1,12,18,4,17,13,5,22,9],[11,7,19,15,3,23,6,2,14,10,9,22,20,17,13,4,8,24,16,18],[15,11,3,23,19,7,10,5,6,16,9,2,24,14,22,20,12,21,1,17,8,4,13,18],[19,15,7,14,6,3,2,11,23,10,21,9,13,4,8,22,20,5,18,1,12,17,16,24],[3,7,2,19,15,14,6,23,11,10,24,22,20,13,12,16,1,4,9,21,18],[7,23,11,3,15,19,6,2,14,10,17,22,21,5,16,9,4,8,1,12,18,20],[23,7,11,19,15,3,10,1,4,2,8,13,24,5,6,22,17,12,14,20,16,9,18,21],[19,11,23,15,7,3,10,5,6,14,2,22,13,20,8,4,12,21,9,16,1,24],[19,15,3,14,2,11,23,7,10,13,5,6,24,17,22,18,8,16,20,9,4,21,12,1],[7,15,6,3,2,23,19,11,14,10,22,8,24,18,13,5,17,12,21,9,16,20,4,1],[7,15,6,11,3,19,23,10,13,2,12,14,22,5,24,17,20,16,1,8,21,9,4,18],[3,7,2,11,19,15,23,10,6,14,5,9,21,20,24,8,13,1,16,12,22,4,18],[15,3,14,2,11,7,23,19,10,9,8,18,6,24,21,20,13,1,12,22,4,17,5,16],[15,23,11,19,3,7,10,6,16,4,2,14,22,18,20,12,5,17,21,24,13,1,9,8],[3,15,2,11,23,19,7,6,14,10,12,24,22,20,4,17,13,9,16,18,5,8,1,21],[19,7,11,23,15,3,2,10,13,6,18,16,9,14,24,22,12,20,1],[19,3,11,15,7,23,6,2,10,18,16,14,22,9,1,17,5,12,24,13,4,20,21],[19,23,3,15,14,2,11,7,10,6,12,22,20,18,21,8,9,16,5,13,1,17],[7,15,6,23,3,14,2,19,11,10,24,8,13,22,4,20,16,12,21,1,5,17,9,18],[23,11,15,19,7,3,10,1,2,8,16,12,14,6,22,24,21,20,4,18,5,9],[11,7,19,15,3,23,6,2,10,14,16,1,24,20,12,22,8,9,21,4,13,17],[15,3,2,19,11,7,23,10,6,22,13,5,16,12,14,17,18,1,21,8,24,4,20,9],[15,19,23,11,7,3,6,10,2,14,17,24,5,4,8,16,21,9,13,20,1,12,22],[15,19,3,14,2,11,23,7,6,10,21,20,12,16,4,13,22,18,1,17,8,24],[7,11,3,23,15,19,10,14,2,8,13,6,18,16,21,24,5,1,22,12,4,20],[15,19,11,3,23,7,6,10,1,4,2,14,24,22,12,13,9,21,5,8,16,20,18],[11,15,19,7,3,23,6,10,2,13,21,4,16,20,24,17,22,18,5,9,8,14,1,12],[7,15,14,6,23,3,2,19,11,10,17,5,21,9,22,24,13,20,8,12,16,1,18,4],[15,23,11,19,3,7,6,2,14,10,24,12,22,20,13,8,1,21,18,9,4,16],[23,11,3,19,15,7,10,4,2,14,6,17,8,22,16,1,21,12,20,24,9],[7,23,3,2,15,6,11,19,10,13,14,5,24,18,21,12,17,1,20,8,22,16,4,9],[19,7,3,6,23,11,15,10,13,2,22,12,14,8,16,1,20,24,17,21,5,4,9,18],[7,19,3,6,11,15,23,2,10,16,13,20,14,8,22,4,18,21,24,12,5,1],[15,19,3,2,7,6,23,11,14,10,22,5,9,18,20,17,16,4,1,24,8,12],[19,11,3,23,7,15,2,6,14,10,16,18,24,5,1,9,22,4,20,17,12,21,13],[11,15,23,19,3,7,6,2,14,10,18,24,16,21,4,1,17,9,5,12,22,13,8],[15,23,7,14,6,3,2,19,11,10,21,24,16,13,9,20,17,5,1,22,18,8,4,12],[15,7,6,11,3,23,19,2,14,10,17,24,13,1,4,21,16,18,12,9,22],[23,7,19,3,2,11,15,6,14,10,4,21,22,12,16,5,17,20,1,9],[11,19,3,15,23,7,2,6,10,13,4,22,14,12,17,1,5,8,9,18,24,16,20],[3,15,2,7,14,6,19,23,11,10,21,18,5,24,8,16,1,20,13,4,12,9,22,17],[7,3,2,23,11,19,15,6,10,14,22,9,21,4,8,17,12,16,18,24,5],[19,11,23,15,3,7,6,2,14,10,1,20,17,21,24,22,8,5,9,4,12,16,13],[7,19,15,6,11,23,3,2,14,10,16,24,22,8,1,13,4,18,21,12,5,20,9,17],[19,11,3,23,7,15,10,2,6,14,17,22,1,18,8,12,20,16,9,24,13],[3,23,7,6,11,19,15,10,2,13,20,21,4,16,18,17,9,14,12,24,22,8,5],[7,23,19,3,2,15,14,6,11,10,8,1,24,21,16,5,9,12,20,22,17],[23,11,19,3,15,7,10,13,8,1,2,22,14,21,4,9,6,12,17,18,24,16,20,5],[19,23,7,15,6,3,14,2,11,10,12,21,16,4,1,24,8,22,17,9,20],[7,15,14,6,3,2,19,23,11,10,20,12,24,22,13,1,21,5,17,18,16,9,4],[11,7,15,23,3,19,6,2,10,16,1,5,24,14,22,21,20,17,4,12,13,8,18,9],[15,23,7,6,3,14,2,11,19,10,4,20,16,21,24,18,12,13,22,5,1,17,8],[19,23,15,7,6,11,3,10,22,1,2,13,8,24,14,4,9,21,12,20,16,5],[15,23,7,14,6,19,3,2,11,10,22,4,21,1,9,12,16,8,18,20,24],[23,11,3,19,15,7,2,10,8,16,6,17,13,20,18,22,5,9,12,14,24,1,4,21],[23,3,7,6,15,14,2,11,19,10,24,20,5,18,21,4,13,1,12,9,16,22,8,17],[23,3,7,6,15,14,2,19,11,10,21,22,1,20,9,16,8,4,5,12,13],[19,15,23,7,14,6,3,2,11,10,21,5,13,9,22,18,16,20,8,12,4,1,24,17],[11,7,3,19,15,23,6,10,16,4,2,24,14,8,21,18,13,22,20,12,17,9,5],[23,3,15,2,11,7,19,6,14,10,5,22,9,1,18,21,20,4,24,16,12,17],[3,15,2,7,6,19,11,23,10,13,8,14,22,9,5,4,17,12,21,18,1,20,16,24],[7,15,6,23,3,2,19,11,14,10,24,13,20,4,12,22,21,8,5,16,1,9,18,17],[7,19,15,6,23,11,3,10,21,1,2,13,14,12,20,24,9,22,8,4],[23,3,11,7,15,19,10,13,6,1,4,2,24,14,18,9,12,22,16,8,5,21],[15,19,7,14,6,3,2,23,11,10,8,21,12,16,24,9,18,22,20],[23,7,19,15,6,11,3,10,2,20,14,18,8,21,22,5,13,24,4,12,9,16],[15,11,7,19,23,3,10,5,6,13,1,2,8,14,22,20,24,21,17,18,12,4],[3,19,23,11,7,15,10,16,5,6,2,14,22,8,1,9,24,20,4,18,21,12],[11,3,19,15,23,7,6,10,2,12,14,22,9,17,16,24,4,18],[11,23,15,19,3,7,10,13,5,6,2,8,20,21,22,24,16,14,4,18,17,12,1],[23,3,19,15,14,2,7,6,11,10,18,4,22,5,12,13,1,8,21,20,9,16,17],[3,23,15,2,19,7,6,11,14,10,12,22,20,21,16,1,24,4,17,5,8,9,18],[7,11,15,19,23,3,10,6,1,4,2,13,24,8,17,16,21,20,12,14,22,9,18],[11,7,3,19,15,23,6,2,14,10,24,22,8,4,5,17,12,20,9,16],[7,23,11,19,3,15,6,10,2,16,21,14,13,22,17,8,4,18,24,1,9,12,20,5],[3,15,14,2,7,6,11,19,23,10,16,8,20,5,9,24,22,13,12,18,1,4,17,21],[19,3,23,7,6,15,2,11,14,10,24,18,1,22,8,21,5,4,12,20,9,13,16],[7,19,23,3,2,11,15,6,14,10,24,21,9,16,18,4,13,1,20,12,22,5,17,8],[23,7,11,19,15,3,10,13,1,2,8,16,20,4,24,21,12,6,14,9,22,18],[11,23,19,3,7,15,10,5,6,2,12,14,24,22,17,16,21,1,9,18,8,4,13],[23,11,7,3,15,19,10,5,6,1,2,24,16,12,14,22,17,20,13,9],[23,15,19,11,7,3,2,10,16,6,24,22,5,18,4,14,12,21,13,20,8,1,9,17],[3,15,2,19,7,6,23,11,14,10,20,13,4,18,16,17,24,9,21,12,22,5,8,1],[3,11,15,23,19,7,10,6,16,4,2,17,1,12,14,22,18,8,24,13,9,5,21,20],[23,15,11,3,19,7,2,6,10,20,1,12,16,14,24,22,9,5,17,21,4],[11,19,15,7,23,3,6,10,4,2,5,13,17,20,24,9,14,22,1,12,21,16,8],[15,11,3,7,19,23,6,2,10,13,16,12,21,14,18,22,17,1,9,4,24,8,20,5],[3,7,6,19,23,11,15,2,10,14,8,17,13,12,22,18,20,16,24,4,5,21,1,9],[7,11,3,19,23,15,6,2,10,14,22,1,20,12,13,17,4,18,24,21,8,16,9,5],[15