{"problem_id":"7N5IWfvORl27wZV","sigma":75,"alpha":1.000,"cost":0,"probabilities":"[0.01000000000000012, 0.42, 0.47, 0.1]","payoff_matrix":"[[-51, -31, 118, 56, 24, -32], [-11, -19, -2, -42, 16, 73], [-27, 6, 40, 65, -112, -9], [25, 32, 12, -28, 11, 49]]","uncovered":[[3,11,19,7,23,15,14,10,6,22,2,12,24],[19,3,7,15,23,11,10,14,6,22,2,24],[15,7,3,19,23,11,10,14,6,22,2,24],[3,11,15,14,10,7,23,19,6,22,2,24],[15,11,10,14,7,23,3,19,6,22,2,12,24],[7,19,15,3,11,10,14,23,6,22,2,24],[7,23,19,11,3,15,14,10,6,22,2,12,24],[3,15,23,7,11,14,10,19,6,22,2,12,24],[7,19,11,23,15,14,10,3,6,22,2,12,24],[15,11,14,10,3,7,19,23,6,22,2,24],[23,19,7,15,11,10,14,3,6,22,2,12,24],[23,3,15,7,19,11,10,14,6,22,2,24],[19,3,7,15,23,11,14,10,6,22,2,12,24],[15,3,23,19,11,10,14,7,6,22,2,9,24],[19,15,3,23,7,11,14,10,6,22,2,24],[3,15,19,7,23,11,14,10,6,22,2,24],[3,19,11,7,23,15,14,10,6,22,2,24],[19,3,11,7,23,15,10,14,6,22,2,12,24],[7,23,15,11,10,14,3,19,6,22,2,24],[11,7,23,3,19,15,10,14,6,22,2,12,24],[3,19,15,23,7,11,10,14,6,22,2,12,24],[3,11,23,19,15,10,14,7,6,22,2,24],[3,15,7,19,23,11,14,10,6,22,2,12,24],[7,11,23,19,3,15,10,14,6,22,2,24],[19,11,15,14,10,23,7,3,6,22,2,24],[7,15,3,23,11,14,10,19,6,22,2,24],[23,19,7,11,15,10,14,3,6,22,2,24],[19,11,15,14,10,23,7,3,6,22,2,12,24],[11,7,3,19,23,15,10,14,6,22,2,24],[11,7,23,3,19,15,10,14,6,22,2,24],[23,7,19,3,11,15,14,10,6,22,2,12,24],[23,19,7,15,11,10,14,3,6,22,2,12,24],[23,3,7,11,19,15,10,14,6,22,2,24],[19,3,23,15,7,11,14,10,6,22,2,24],[3,19,23,11,7,15,10,14,6,22,2,9,12,24],[15,11,14,10,19,23,3,7,6,22,2,24],[7,19,15,23,11,10,14,3,6,22,2,24],[23,3,15,7,19,11,10,14,6,22,2,24],[23,19,11,3,15,14,10,7,6,22,2,12,24],[11,23,7,3,19,15,10,14,6,22,2,24],[11,3,7,23,15,10,14,19,6,22,2,24],[15,23,7,11,14,10,3,19,6,22,2,24],[11,15,14,10,3,19,23,7,6,22,2,24],[7,23,19,11,15,14,10,3,6,22,2,24],[11,15,10,14,19,23,3,7,6,22,2,12,24],[15,3,19,11,10,14,7,23,6,22,2,24],[19,3,23,15,11,10,14,7,6,22,2,16,12,24],[11,15,14,10,7,23,19,3,6,22,2,12,24],[11,23,3,7,19,15,10,14,6,22,2,24],[3,23,7,15,19,11,14,10,6,22,2,13,24],[15,7,11,10,14,19,3,23,6,22,2,24],[3,15,7,11,10,14,23,19,6,22,2,12,24],[11,15,14,10,19,23,7,3,6,22,2,24],[3,15,23,11,10,14,7,19,6,22,2,12,24],[19,23,7,11,3,15,14,10,6,22,2,12,24],[3,11,23,19,7,15,14,10,6,22,2,12,24],[19,23,7,15,3,11,14,10,6,22,2,24],[11,19,3,7,15,10,14,23,6,22,2,24],[11,3,7,19,23,15,14,10,6,22,2,24],[19,23,7,15,11,10,14,3,6,22,2,12,24],[23,7,3,19,15,11,14,10,6,22,2,24],[19,3,15,11,14,10,7,23,6,22,2,1,24],[23,19,11,7,3,15,10,14,6,22,2,12,24],[7,11,19,23,3,15,14,10,6,22,2,24],[11,23,19,15,10,14,3,7,6,22,2,24],[7,3,11,19,15,10,14,23,6,22,2,12,24],[11,15,14,10,3,23,7,19,6,22,2,12,24],[19,15,11,14,10,3,23,7,6,22,2,24],[3,11,7,23,15,14,10,19,6,22,2,24],[23,3,15,19,11,10,14,7,6,22,2,24],[7,23,19,11,3,15,14,10,6,22,2,12,24],[3,23,15,19,11,14,10,7,6,22,2,24],[23,7,3,11,19,15,10,14,6,22,2,12,24],[15,23,7,3,11,10,14,19,6,22,2,24],[23,11,15,14,10,7,3,19,6,22,2,24],[19,3,7,11,23,15,14,10,6,22,2,12,24],[7,11,23,3,15,14,10,19,6,22,2,12,24],[15,19,7,3,11,14,10,23,6,22,2,24],[7,11,19,15,10,14,3,23,6,22,2,12,24],[3,7,15,19,23,11,10,14,6,22,2,12,24],[7,11,15,10,14,3,23,19,6,22,2,12,24],[11,15,10,14,19,3,7,23,6,22,2,12,24],[19,15,7,11,14,10,3,23,6,22,2,12,24],[23,11,19,15,14,10,3,7,6,22,2,24],[3,23,11,19,7,15,10,14,6,22,2,12,24],[19,3,7,15,11,14,10,23,6,22,2,24],[11,3,19,23,15,14,10,7,6,22,2,12,24],[19,15,23,3,11,10,14,7,6,22,2,24],[11,19,7,3,15,10,14,23,6,22,2,12,24],[23,15,7,3,11,14,10,19,6,22,2,24],[3,11,15,10,14,7,19,23,6,22,2,24],[3,7,15,19,23,11,10,14,6,22,2,24],[23,3,11,15,10,14,7,19,6,22,2,24],[7,23,3,19,11,15,14,10,6,22,2,24],[19,15,3,11,14,10,7,23,6,22,2,21,24],[23,19,11,3,15,14,10,7,6,22,2,12,24],[11,3,19,15,10,14,23,7,6,22,2,24],[3,7,23,19,11,15,10,14,6,22,2,24],[11,3,15,14,10,19,7,23,6,22,2,24],[11,23,15,10,14,3,7,19,6,22,2,24],[7,11,3,19,15,10,14,23,6,22,2,12,24],[7,23,3,19,11,15,10,14,6,22,2,12,24],[3,7,23,15,19,11,14,10,6,22,2,12,24],[15,19,11,10,14,3,23,7,6,22,2,24],[19,23,7,3,15,11,14,10,6,22,2,12,24],[23,11,15,14,10,7,3,19,6,22,2,16,24],[15,11,14,10,7,3,19,23,6,22,2,12,24],[7,11,15,10,14,23,3,19,6,22,2,24],[3,11,15,14,10,7,23,19,6,22,2,12,24],[7,19,23,15,3,11,14,10,6,22,2,12,24],[19,23,7,11,15,10,14,3,6,22,2,12,24],[11,15,14,10,23,19,3,7,6,22,2,24],[19,11,15,14,10,7,3,23,6,22,2,12,24],[19,3,23,7,11,15,10,14,6,22,2,24],[7,11,15,10,14,3,23,19,6,22,2,12,24],[23,3,19,7,15,11,10,14,6,22,2,12,24],[3,11,15,14,10,19,7,23,6,22,2,16,12,24],[7,23,15,19,11,14,10,3,6,22,2,24],[23,11,3,7,15,14,10,19,6,22,2,18,12,24],[23,19,11,7,3,15,14,10,6,22,2,12,24],[23,11,7,15,10,14,19,3,6,22,2,12,24],[11,7,15,14,10,19,3,23,6,22,2,24],[23,11,3,7,15,14,10,19,6,22,2,12,24],[15,23,19,7,11,14,10,3,6,22,2,12,24],[3,15,23,7,19,11,10,14,6,22,2,12,24],[19,3,11,7,23,15,14,10,6,22,2,24],[7,3,11,15,14,10,19,23,6,22,2,24],[19,15,23,11,10,14,3,7,6,22,2,18,24],[23,19,7,3,15,11,10,14,6,22,2,12,24],[15,19,11,10,14,23,3,7,6,22,2,12,24],[3,15,23,19,11,14,10,7,6,22,2,24],[3,7,19,23,11,15,14,10,6,22,2,12,24],[15,7,11,14,10,3,19,23,6,22,2,12,24],[3,15,23,11,14,10,19,7,6,22,2,24],[11,15,10,14,19,23,7,3,6,22,2,12,24],[7,15,3,19,23,11,10,14,6,22,2,12,24],[23,15,3,19,11,14,10,7,6,22,2,24],[7,11,19,23,3,15,10,14,6,22,2,12,24],[3,11,23,15,10,14,7,19,6,22,2,12,24],[23,15,11,10,14,3,19,7,6,22,2,24],[15,19,7,11,10,14,23,3,6,22,2,24],[11,15,14,10,23,19,3,7,6,22,2,24],[11,19,7,15,14,10,3,23,6,22,2,24],[23,3,7,19,15,11,10,14,6,22,2,18,12,24],[19,7,3,23,15,11,14,10,6,22,2,12,24],[7,23,19,11,15,14,10,3,6,22,2,12,24],[7,23,19,3,15,11,14,10,6,22,2,24],[7,11,3,15,10,14,19,23,6,22,2,12,24],[3,11,19,7,23,15,10,14,6,22,2,13,12,24],[11,7,15,10,14,19,23,3,6,22,2,12,24],[3,19,23,15,11,14,10,7,6,22,2,12,24],[23,19,3,11,7,15,10,14,6,22,2,12,24],[19,11,15,10,14,7,23,3,6,22,2,24],[15,19,23,11,10,14,7,3,6,22,2,24],[7,11,3,15,14,10,19,23,6,22,2,24],[3,11,23,7,19,15,14,10,6,22,2,12,24],[11,15,14,10,7,3,19,23,6,22,2,12,24],[11,15,14,10,23,3,7,19,6,22,2,12,24],[3,19,23,7,11,15,10,14,6,22,2,24],[15,11,10,14,19,7,3,23,6,22,2,24],[15,23,11,14,10,7,19,3,6,22,2,24],[15,19,23,11,14,10,3,7,6,22,2,24],[11,3,19,15,10,14,7,23,6,22,2,24],[3,7,23,11,15,14,10,19,6,22,2,12,24],[23,19,11,15,10,14,3,7,6,22,2,21,24],[11,3,19,23,15,10,14,7,6,22,2,12,24],[7,23,19,15,11,14,10,3,6,22,2,24],[11,23,7,15,14,10,3,19,6,22,2,12,24],[3,7,15,23,19,11,14,10,6,22,2,24],[15,7,3,19,23,11,14,10,6,22,2,24],[23,3,15,11,10,14,19,7,6,22,2,12,24],[3,15,11,14,10,7,23,19,6,22,2,24],[19,23,11,3,7,15,10,14,6,22,2,24],[11,3,23,15,10,14,19,7,6,22,2,12,24],[23,19,11,7,15,14,10,3,6,22,2,12,24],[23,3,7,15,19,11,10,14,6,22,2,12,24],[23,19,11,15,10,14,7,3,6,22,2,24],[19,11,15,10,14,3,7,23,6,22,2,12,24],[23,15,11,14,10,7,19,3,6,22,2,24],[3,23,7,15,19,11,10,14,6,22,2,12,24],[19,7,3,11,15,14,10,23,6,22,2,12,24],[19,3,7,23,11,15,14,10,6,22,2,12,24],[11,23,7,15,10,14,3,19,6,22,2,12,24],[23,3,7,15,11,14,10,19,6,22,2,12,24],[15,23,3,11,10,14,19,7,6,22,2,12,24],[7,23,15,3,19,11,10,14,6,22,2,24],[11,15,14,10,3,23,7,19,6,22,2,24],[7,15,3,19,11,10,14,23,6,22,2,24],[11,7,15,14,10,3,19,23,6,22,2,12,24],[11,15,14,10,3,19,23,7,6,22,2,24],[11,19,7,15,10,14,23,3,6,22,2,24],[15,11,14,10,7,19,23,3,6,22,2,12,24],[11,3,15,14,10,23,7,19,6,22,2,24],[11,3,7,23,15,14,10,19,6,22,2,12,24],[3,15,19,23,7,11,14,10,6,22,2,24],[11,19,15,14,10,7,3,23,6,22,2,12,24],[15,7,11,14,10,19,3,23,6,22,2,12,24],[3,23,7,11,15,14,10,19,6,22,2,12,24],[7,3,19,11,23,15,14,10,6,22,2,12,24],[7,23,3,19,11,15,10,14,6,22,2,12,24],[11,19,3,7,23,15,10,14,6,22,2,12,24],[23,7,19,15,11,10,14,3,6,22,2,12,24],[23,15,19,7,11,14,10,3,6,22,2,24],[15,3,7,11,14,10,19,23,6,22,2,24],[7,11,3,23,19,15,10,14,6,22,2,12,24],[3,19,15,23,11,10,14,7,6,22,2,12,24],[19,3,23,15,11,14,10,7,6,22,2,12,24],[15,7,3,23,19,11,10,14,6,22,2,24],[3,23,11,7,19,15,14,10,6,22,2,24],[19,11,23,3,15,10,14,7,6,22,2,12,24],[19,23,11,7,15,14,10,3,6,22,2,12,24],[11,19,15,10,14,23,7,3,6,22,2,12,24],[19,3,7,11,15,14,10,23,6,22,2,24],[7,19,11,3,15,14,10,23,6,22,2,12,24],[19,11,15,14,10,23,3,7,6,22,2,24],[15,3,23,11,14,10,19,7,6,22,2,24],[7,3,23,11,19,15,10,14,6,22,2,12,24],[19,15,7,3,23,11,14,10,6,22,2,24],[19,7,23,3,11,15,14,10,6,22,2,12,24],[11,19,3,7,23,15,14,10,6,22,2,24],[7,15,3,11,14,10,23,19,6,22,2,12,24],[23,3,19,11,7,15,14,10,6,22,2,12,24],[11,7,15,14,10,3,23,19,6,22,2,24],[23,3,11,7,15,14,10,19,6,22,2,12,24],[19,7,23,3,11,15,10,14,6,22,2,24],[7,23,15,3,11,10,14,19,6,22,2,24],[19,3,7,23,15,11,14,10,6,22,2,24],[15,7,19,11,10,14,23,3,6,22,2,12,24],[11,7,3,23,19,15,10,14,6,22,2,12,24],[3,23,11,7,15,10,14,19,6,22,2,24],[7,19,23,15,3,11,10,14,6,22,2,12,24],[7,19,15,11,10,14,23,3,6,22,2,12,24],[3,15,19,7,11,14,10,23,6,22,2,12,24],[23,11,19,15,10,14,3,7,6,22,2,12,24],[3,7,19,11,15,10,14,23,6,22,2,12,24],[15,7,19,3,11,14,10,23,6,22,2,24],[11,3,7,19,15,10,14,23,6,22,2,12,24],[11,19,3,15,10,14,7,23,6,22,2,24],[15,23,3,11,14,10,7,19,6,22,2,12,24],[7,19,15,3,23,11,10,14,6,22,2,12,24],[15,3,23,11,14,10,19,7,6,22,2,12,24],[19,11,15,10,14,7,3,23,6,22,2,12,24],[11,7,23,3,19,15,10,14,6,22,2,24],[3,23,7,11,15,14,10,19,6,22,2,12,24],[11,19,3,23,15,14,10,7,6,22,2,24],[7,23,11,3,19,15,14,10,6,22,2,24],[19,23,15,11,14,10,3,7,6,22,2,12,24],[23,11,7,3,19,15,10,14,6,22,2,12,24],[19,15,3,11,14,10,7,23,6,22,2,24],[19,7,11,15,14,10,3,23,6,22,2,24],[11,23,19,7,15,14,10,3,6,22,2,24],[3,23,19,7,11,15,10,14,6,22,2,24],[19,7,23,11,15,10,14,3,6,22,2,24],[15,19,7,23,3,11,14,10,6,22,2,12,24],[15,11,10,14,7,3,19,23,6,22,2,12,24],[7,23,11,19,3,15,14,10,6,22,2,24],[3,7,23,11,15,14,10,19,6,22,2,24],[11,15,14,10,23,19,3,7,6,22,2,24],[11,19,3,15,10,14,23,7,6,22,2,21,24],[7,19,23,11,3,15,14,10,6,22,2,24],[23,11,7,15,10,14,3,19,6,22,2,12,24],[23,19,11,3,15,14,10,7,6,22,2,12,24],[19,15,11,14,10,7,23,3,6,22,2,24],[19,11,23,7,15,10,14,3,6,22,2,12,24],[7,15,11,14,10,19,23,3,6,22,2,12,24],[15,23,3,19,11,14,10,7,6,22,2,24],[19,15,7,3,11,10,14,23,6,22,2,12,24],[11,7,15,10,14,3,23,19,6,22,2,24],[3,19,15,23,11,10,14,7,6,22,2,24],[7,15,23,11,14,10,19,3,6,22,2,24],[3,11,23,19,7,15,10,14,6,22,2,12,24],[19,3,23,11,15,14,10,7,6,22,2,24],[15,3,23,7,11,10,14,19,6,22,2,24],[7,11,15,14,10,19,23,3,6,22,2,24],[3,19,15,7,23,11,14,10,6,22,2,12,24],[3,15,7,19,23,11,10,14,6,22,2,24],[23,11,7,15,10,14,19,3,6,22,2,12,24],[3,7,23,15,19,11,14,10,6,22,2,16,24],[3,23,15,7,19,11,14,10,6,22,2,24],[23,19,15,3,7,11,10,14,6,22,2,24],[23,7,15,19,11,10,14,3,6,22,2,24],[7,11,19,23,15,14,10,3,6,22,2,12,24],[3,7,11,23,15,14,10,19,6,22,2,24],[7,19,3,15,23,11,14,10,6,22,2,12,24],[19,7,3,11,23,15,14,10,6,22,2,12,24],[23,19,7,15,11,10,14,3,6,22,2,12,24],[23,19,15,11,14,10,3,7,6,22,2,12,24],[11,3,23,7,15,10,14,19,6,22,2,24],[23,19,7,3,11,15,14,10,6,22,2,24],[19,3,15,7,23,11,10,14,6,22,2,12,24],[23,15,7,3,19,11,14,10,6,22,2,12,24],[23,11,7,15,14,10,19,3,6,22,2,12,24],[3,11,23,15,14,10,19,7,6,22,2,12,24],[3,7,11,23,15,10,14,19,6,22,2,24],[7,15,11,10,14,23,3,19,6,22,2,12,24],[11,19,7,15,10,14,23,3,6,22,2,24],[19,3,11,23,7,15,14,10,6,22,2,24],[19,7,11,3,23,15,14,10,6,22,2,12,24],[3,19,15,23,7,11,14,10,6,22,2,12,24],[19,11,7,15,14,10,23,3,6,22,2,24],[7,3,15,23,11,14,10,19,6,22,2,21,12,24],[3,23,7,11,15,10,14,19,6,22,2,24],[23,7,19,15,3,11,10,14,6,22,2,24],[3,11,7,15,10,14,23,19,6,22,2,12,24],[19,11,7,23,15,14,10,3,6,22,2,12,24],[19,11,7,15,14,10,23,3,6,22,2,24],[7,23,3,11,19,15,14,10,6,22,2,24],[7,15,3,11,10,14,23,19,6,22,2,12,24],[7,11,15,14,10,19,23,3,6,22,2,12,24],[23,15,7,3,19,11,14,10,6,22,2,16,18,12,24],[15,3,7,19,23,11,10,14,6,22,2,12,24],[3,11,15,10,14,7,23,19,6,22,2,12,24],[11,7,19,23,15,10,14,3,6,22,2,21,16,12,24],[3,11,15,10,14,19,7,23,6,22,2,12,24],[15,19,23,11,14,10,3,7,6,22,2,24],[11,23,19,3,15,10,14,7,6,22,2,12,24],[15,3,19,23,11,14,10,7,6,22,2,12,24],[23,19,3,11,7,15,14,10,6,22,2,12,24],[11,7,3,15,14,10,19,23,6,22,2,24],[19,11,23,15,14,10,3,7,6,22,2,12,24],[3,23,15,11,14,10,7,19,6,22,2,12,24],[23,19,7,11,15,10,14,3,6,22,2,9,24],[23,19,7,3,11,15,10,14,6,22,2,12,24],[11,3,7,15,10,14,19,23,6,22,2,24],[23,11,3,15,14,10,7,19,6,22,2,12,24],[15,23,19,3,7,11,14,10,6,22,2,12,24],[23,15,3,11,10,14,7,19,6,22,2,24],[3,7,23,19,11,15,14,10,6,22,2,12,24],[11,19,23,15,10,14,3,7,6,22,2,12,24],[23,3,11,15,10,14,7,19,6,22,2,24],[23,3,19,7,15,11,10,14,6,22,2,12,24],[19,15,11,14,10,7,23,3,6,22,2,12,24],[3,23,11,7,15,14,10,19,6,22,2,12,9,24],[3,7,23,11,19,15,14,10,6,22,2,12,24],[7,19,15,23,11,10,14,3,6,22,2,12,24],[11,23,3,19,15,14,10,7,6,22,2,24],[7,19,11,23,15,10,14,3,6,22,2,24],[7,15,11,14,10,23,19,3,6,22,2,24],[3,11,19,23,15,10,14,7,6,22,2,24],[23,19,7,11,3,15,10,14,6,22,2,12,24],[11,15,10,14,23,3,19,7,6,22,2,12,24],[15,23,7,19,3,11,10,14,6,22,2,24],[23,11,19,3,7,15,10,14,6,22,2,12,24],[7,3,11,23,15,14,10,19,6,22,2,12,24],[11,23,3,15,10,14,19,7,6,22,2,12,24],[23,15,7,3,11,14,10,19,6,22,2,12,24],[19,11,7,3,15,10,14,23,6,22,2,24],[19,11,7,15,14,10,23,3,6,22,2,24],[11,3,15,10,14,19,7,23,6,22,2,9,24],[7,23,19,3,11,15,14,10,6,22,2,24],[11,19,7,23,3,15,10,14,6,22,2,24],[15,23,11,14,10,19,7,3,6,22,2,24],[23,19,15,7,3,11,14,10,6,22,2,12,24],[23,7,19,11,15,10,14,3,6,22,2,24],[15,19,7,3,23,11,14,10,6,22,2,12,24],[3,7,23,15,11,10,14,19,6,22,2,12,24],[3,15,19,11,10,14,7,23,6,22,2,24],[3,7,11,23,15,10,14,19,6,22,2,24],[15,3,19,7,23,11,10,14,6,22,2,9,12,24],[23,7,15,11,10,14,3,19,6,22,2,12,24],[11,15,10,14,23,19,7,3,6,22,2,24],[7,15,3,19,23,11,10,14,6,22,2,24],[23,3,7,11,15,10,14,19,6,22,2,24],[7,3,15,11,10,14,19,23,6,22,2,12,24],[15,23,11,14,10,19,7,3,6,22,2,24],[3,23,7,11,19,15,14,10,6,22,2,24],[23,19,3,7,11,15,14,10,6,22,2,12,24],[3,7,15,19,23,11,10,14,6,22,2,12,24],[11,3,7,19,15,14,10,23,6,22,2,9,24],[3,11,7,19,15,10,14,23,6,22,2,12,24],[3,7,23,11,19,15,10,14,6,22,2,16,24],[15,19,11,10,14,7,3,23,6,22,2,12,24],[3,23,19,15,11,14,10,7,6,22,2,24],[7,15,3,19,23,11,14,10,6,22,2,24],[19,3,15,23,11,14,10,7,6,22,2,12,24],[15,7,23,11,14,10,19,3,6,22,2,12,24],[7,15,23,11,14,10,19,3,6,22,2,12,24],[19,15,3,11,14,10,23,7,6,22,2,24],[7,19,23,15,3,11,14,10,6,22,2,24],[7,15,3,11,14,10,19,23,6,22,2,24],[15,7,23,19,3,11,14,10,6,22,2,12,24],[19,3,15,7,11,10,14,23,6,22,2,24],[7,15,11,14,10,23,3,19,6,22,2,24],[19,23,3,11,7,15,10,14,6,22,2,24],[3,11,15,10,14,7,19,23,6,22,2,12,24],[19,7,11,3,15,14,10,23,6,22,2,12,24],[15,7,11,14,10,19,23,3,6,22,2,12,24],[15,23,3,7,19,11,14,10,6,22,2,12,24],[7,3,19,11,23,15,10,14,6,22,2,24],[19,15,23,3,11,14,10,7,6,22,2,24],[23,19,11,7,15,14,10,3,6,22,2,24],[19,7,23,15,11,10,14,3,6,22,2,12,24],[7,3,19,15,11,14,10,23,6,22,2,12,24],[15,23,3,11,10,14,7,19,6,22,2,12,24],[3,23,7,19,11,15,14,10,6,22,2,24],[3,23,11,7,15,14,10,19,6,22,2,24],[7,19,11,3,23,15,14,10,6,22,2,12,24],[11,19,15,10,14,7,3,23,6,22,2,12,24],[7,11,3,23,19,15,10,14,6,22,2,12,24],[11,15,10,14,19,7,23,3,6,22,2,24],[3,11,15,10,14,19,23,7,6,22,2,12,24],[15,7,11,10,14,23,19,3,6,22,2,12,24],[11,7,19,3,23,15,14,10,6,22,2,12,24],[15,3,23,11,14,10,7,19,6,22,2,24],[7,3,23,11,19,15,10,14,6,22,2,17,24],[3,11,15,10,14,23,7,19,6,22,2,24],[7,15,23,19,3,11,14,10,6,22,2,12,24],[19,15,7,11,14,10,3,23,6,22,2,12,24],[7,15,23,11,10,14,19,3,6,22,2,24],[11,3,7,15,14,10,23,19,6,22,2,24],[23,7,19,15,11,10,14,3,6,22,2,24],[23,7,11,15,14,10,19,3,6,22,2,12,24],[11,3,15,10,14,19,23,7,6,22,2,24],[15,19,11,14,10,7,23,3,6,22,2,12,24],[11,19,23,15,14,10,3,7,6,22,2,9,24],[11,3,7,15,14,10,19,23,6,22,2,24],[23,19,15,3,11,14,10,7,6,22,2,12,24],[23,3,19,15,7,11,14,10,6,22,2,12,24],[15,11,10,14,23,3,19,7,6,22,2,24],[23,19,15,11,10,14,3,7,6,22,2,24],[19,7,3,23,15,11,10,14,6,22,2,12,24],[3,7,15,11,10,14,23,19,6,22,2,24],[23,19,15,7,11,10,14,3,6,22,2,12,24],[15,3,23,7,11,10,14,19,6,22,2,24],[15,3,23,7,11,10,14,19,6,22,2,24],[11,3,19,7,15,10,14,23,6,22,2,12,24],[23,7,3,11,19,15,10,14,6,22,2,12,24],[7,23,3,11,19,15,14,10,6,22,2,24],[15,7,23,11,14,10,19,3,6,22,2,24],[11,19,3,7,23,15,14,10,6,22,2,12,24],[3,15,7,11,10,14,19,23,6,22,2,12,24],[23,15,11,14,10,19,3,7,6,22,2,12,24],[3,15,23,11,10,14,7,19,6,22,2,24],[23,15,3,19,11,14,10,7,6,22,2,12,5,24],[23,15,3,19,7,11,14,10,6,22,2,24],[7,19,23,15,3,11,14,10,6,22,2,24],[3,7,19,11,23,15,10,14,6,22,2,24],[3,15,19,7,23,11,10,14,6,22,2,12,24],[7,15,11,14,10,23,3,19,6,22,2,9,12,24],[7,23,3,15,11,10,14,19,6,22,2,24],[7,23,19,3,15,11,10,14,6,22,2,24],[15,7,23,11,14,10,3,19,6,22,2,21,12,24],[23,19,11,15,14,10,7,3,6,22,2,12,24],[3,19,7,23,15,11,14,10,6,22,2,24],[19,23,7,3,11,15,14,10,6,22,2,24],[3,19,23,11,7,15,10,14,6,22,2,24],[7,19,11,3,15,10,14,23,6,22,2,24],[15,19,11,10,14,3,23,7,6,22,2,12,24],[15,19,3,11,10,14,7,23,6,22,2,12,24],[19,15,11,10,14,23,7,3,6,22,2,24],[19,3,11,23,15,14,10,7,6,22,2,12,24],[3,19,7,23,11,15,10,14,6,22,2,12,24],[3,11,7,23,19,15,10,14,6,22,2,1,12,24],[3,7,11,23,15,10,14,19,6,22,2,24],[7,3,19,15,11,14,10,23,6,22,2,12,24],[3,11,19,23,7,15,10,14,6,22,2,12,24],[23,7,3,19,15,11,10,14,6,22,2,12,24],[7,15,11,10,14,19,23,3,6,22,2,12,24],[15,11,10,14,19,7,23,3,6,22,2,24],[23,19,15,7,3,11,10,14,6,22,2,12,24],[11,19,15,14,10,3,7,23,6,22,2,12,24],[7,15,19,23,3,11,10,14,6,22,2,12,24],[23,15,3,19,7,11,10,14,6,22,2,12,24],[23,15,7,3,19,11,10,14,6,22,2,24],[7,11,19,23,3,15,14,10,6,22,2,12,24],[7,23,3,11,19,15,14,10,6,22,2,8,12,24],[11,19,7,23,3,15,10,14,6,22,2,24],[23,3,11,15,10,14,7,19,6,22,2,9,24],[3,7,11,23,15,10,14,19,6,22,2,12,24],[3,15,19,11,10,14,7,23,6,22,2,12,24],[7,19,15,3,11,14,10,23,6,22,2,12,24],[15,23,11,14,10,3,7,19,6,22,2,24],[3,15,23,11,10,14,19,7,6,22,2,24],[19,23,15,11,14,10,3,7,6,22,2,12,24],[7,23,19,15,3,11,10,14,6,22,2,12,24],[11,7,23,19,3,15,14,10,6,22,2,17,12,24],[15,23,3,11,10,14,19,7,6,22,2,24],[7,3,19,15,23,11,10,14,6,22,2,24],[23,11,3,19,7,15,14,10,6,22,2,12,24],[7,3,15,19,23,11,10,14,6,22,2,24],[11,15,10,14,23,19,7,3,6,22,2,12,24],[11,19,3,7,15,14,10,23,6,22,2,24],[3,15,11,14,10,23,7,19,6,22,2,24],[7,23,15,19,11,10,14,3,6,22,2,24],[3,7,11,15,14,10,19,23,6,22,2,24],[7,19,23,3,15,11,14,10,6,22,2,12,24],[15,11,10,14,3,7,23,19,6,22,2,12,24],[19,3,23,7,11,15,14,10,6,22,2,24],[7,19,11,3,23,15,10,14,6,22,2,24],[15,19,11,14,10,3,23,7,6,22,2,12,24],[11,7,15,14,10,19,23,3,6,22,2,24],[11,15,14,10,19,3,7,23,6,22,2,12,24],[3,11,23,7,15,14,10,19,6,22,2,24],[15,23,19,7,11,10,14,3,6,22,2,12,24],[23,19,15,3,7,11,10,14,6,22,2,12,24],[7,11,19,15,14,10,3,23,6,22,2,12,24],[15,23,19,11,10,14,3,7,6,22,2,24],[7,15,3,23,11,14,10,19,6,22,2,12,24],[7,15,23,19,11,14,10,3,6,22,2,12,24],[11,3,15,14,10,7,23,19,6,22,2,12,24],[11,15,14,10,3,23,7,19,6,22,2,12,24],[7,15,3,19,11,14,10,23,6,22,2,12,24],[23,19,3,11,15,14,10,7,6,22,2,12,24],[3,11,7,19,15,14,10,23,6,22,2,12,24],[15,11,14,10,19,3,23,7,6,22,2,12,24],[3,15,11,14,10,7,19,23,6,22,2,12,24],[3,7,15,23,11,14,10,19,6,22,2,12,24],[19,11,7,3,23,15,14,10,6,22,2,12,24],[3,19,23,7,15,11,10,14,6,22,2,24],[11,15,14,10,23,3,7,19,6,22,2,24],[7,3,15,23,11,10,14,19,6,22,2,24],[15,19,11,10,14,7,3,23,6,22,2,12,24],[7,23,15,19,3,11,14,10,6,22,2,12,24],[19,15,7,3,11,10,14,23,6,22,2,12,24],[7,19,15,3,11,10,14,23,6,22,2,12,24],[19,3,23,11,15,10,14,7,6,22,2,24],[23,3,7,19,11,15,14,10,6,22,2,12,24],[11,7,3,15,14,10,19,23,6,22,2,12,24],[11,3,15,10,14,19,7,23,6,22,2,24],[23,15,11,10,14,7,19,3,6,22,2,24],[23,15,11,14,10,19,3,7,6,22,2,24],[19,3,11,7,23,15,10,14,6,22,2,12,24],[3,15,11,14,10,23,19,7,6,22,2,12,24],[3,23,19,15,11,14,10,7,6,22,2,12,24],[11,3,23,7,15,14,10,19,6,22,2,24],[11,15,14,10,3,19,7,23,6,22,2,12,24],[23,3,11,7,19,15,10,14,6,22,2,21,12,24],[23,19,3,15,7,11,10,14,6,22,2,24],[15,11,10,14,23,3,19,7,6,22,2,12,24],[7,15,23,11,10,14,19,3,6,22,2,24],[15,7,3,23,19,11,10,14,6,22,2,24],[23,7,3,15,11,14,10,19,6,22,2,24],[7,3,15,11,10,14,23,19,6,22,2,24],[23,15,7,3,11,14,10,19,6,22,2,12,24],[15,7,11,10,14,3,23,19,6,22,2,12,24],[11,3,15,14,10,23,19,7,6,22,2,9,12,24],[7,19,3,11,15,14,10,23,6,22,2,12,24],[15,7,11,10,14,23,3,19,6,22,2,24],[11,23,7,19,15,10,14,3,6,22,2,24],[3,7,23,19,15,11,10,14,6,22,2,24],[7,11,19,15,10,14,23,3,6,22,2,12,24],[3,15,7,19,23,11,14,10,6,22,2,12,24],[23,7,11,19,3,15,14,10,6,22,2,24],[19,7,15,23,11,10,14,3,6,22,2,24],[15,23,11,10,14,3,7,19,6,22,2,24],[19,23,11,15,10,14,7,3,6,22,2,12,24],[19,3,7,15,23,11,10,14,6,22,2,24],[11,7,3,15,10,14,19,23,6,22,2,24],[19,3,7,11,15,10,14,23,6,22,2,24],[19,15,11,14,10,3,23,7,6,22,2,16,12,24],[7,23,3,11,15,10,14,19,6,22,2,12,24],[15,23,19,3,7,11,10,14,6,22,2,12,24],[19,7,15,11,14,10,23,3,6,22,2,12,16,24],[7,3,23,15,11,10,14,19,6,22,2,24],[11,19,23,3,15,10,14,7,6,22,2,24],[11,19,3,7,23,15,14,10,6,22,2,24],[19,11,7,23,15,14,10,3,6,22,2,16,24],[23,11,15,14,10,3,7,19,6,22,2,24],[23,7,3,11,19,15,14,10,6,22,2,12,24],[23,7,3,15,11,14,10,19,6,22,2,24],[7,19,23,15,3,11,10,14,6,22,2,12,24],[7,3,15,11,10,14,23,19,6,22,2,12,24],[19,15,23,3,11,14,10,7,6,22,2,12,24],[23,15,11,14,10,3,19,7,6,22,2,24],[11,7,23,3,15,14,10,19,6,22,2,12,24],[3,19,11,7,15,10,14,23,6,22,2,12,24],[11,15,10,14,3,23,19,7,6,22,2,12,24],[11,3,23,7,15,14,10,19,6,22,2,24],[15,7,3,19,23,11,10,14,6,22,2,24],[3,7,23,11,15,14,10,19,6,22,2,24],[11,15,10,14,3,23,19,7,6,22,2,24],[15,11,10,14,3,7,19,23,6,22,2,24],[19,11,23,3,7,15,14,10,6,22,2,24],[23,7,3,15,19,11,10,14,6,22,2,24],[15,23,7,3,19,11,14,10,6,22,2,24],[15,23,3,11,10,14,7,19,6,22,2,12,24],[3,19,23,7,15,11,10,14,6,22,2,24],[7,19,15,11,10,14,23,3,6,22,2,24],[3,15,7,23,11,14,10,19,6,22,2,12,24],[23,3,15,19,7,11,10,14,6,22,2,24],[11,3,23,19,7,15,14,10,6,22,2,24],[23,19,7,3,11,15,14,10,6,22,2,17,24],[3,7,23,15,11,10,14,19,6,22,2,12,24],[11,7,15,10,14,19,3,23,6,22,2,24],[7,19,3,15,11,10,14,23,6,22,2,24],[23,7,11,19,3,15,10,14,6,22,2,24],[7,23,11,19,15,10,14,3,6,22,2,12,24],[7,11,3,23,15,14,10,19,6,22,2,24],[7,19,15,3,23,11,14,10,6,22,2,24],[19,11,3,7,23,15,10,14,6,22,2,12,24],[3,11,23,15,14,10,7,19,6,22,2,24],[7,15,3,11,10,14,23,19,6,22,2,24],[11,15,14,10,19,3,7,23,6,22,2,12,24],[11,23,7,15,10,14,19,3,6,22,2,24],[11,3,15,14,10,7,23,19,6,22,2,24],[7,15,23,11,10,14,19,3,6,22,2,24],[3,11,23,19,7,15,10,14,6,22,2,12,24],[15,3,19,7,23,11,14,10,6,22,2,24],[23,11,7,3,15,14,10,19,6,22,2,24],[15,3,7,19,23,11,10,14,6,22,2,24],[7,19,3,11,15,14,10,23,6,22,2,12,24],[23,15,19,3,7,11,10,14,6,22,2,24],[7,19,23,3,11,15,10,14,6,22,2,24],[23,15,19,11,10,14,3,7,6,22,2,17,24],[3,19,11,7,15,14,10,23,6,22,2,24],[23,7,11,3,15,14,10,19,6,22,2,24],[3,7,15,23,11,10,14,19,6,22,2,24],[19,11,15,10,14,7,23,3,6,22,2,24],[19,7,15,3,11,10,14,23,6,22,2,12,24],[7,3,15,11,14,10,23,19,6,22,2,24],[15,19,7,11,10,14,23,3,6,22,2,12,24],[11,23,7,15,10,14,19,3,6,22,2,12,24],[23,3,11,7,15,14,10,19,6,22,2,24],[3,23,19,7,11,15,14,10,6,22,2,24],[19,11,3,15,14,10,7,23,6,22,2,12,24],[15,11,10,14,7,23,3,19,6,22,2,24],[11,23,19,7,3,15,14,10,6,22,2,24],[19,15,3,11,14,10,7,23,6,22,2,24],[19,3,23,7,15,11,10,14,6,22,2,24],[3,7,19,23,15,11,10,14,6,22,2,12,24],[15,11,14,10,23,19,3,7,6,22,2,24],[11,3,15,10,14,7,23,19,6,22,2,24],[19,11,3,23,15,10,14,7,6,22,2,12,24],[23,19,7,3,11,15,14,10,6,22,2,24],[3,23,11,19,7,15,14,10,6,22,2,24],[3,19,7,23,15,11,14,10,6,22,2,24],[15,11,14,10,23,7,19,3,6,22,2,24],[15,19,7,23,11,14,10,3,6,22,2,24],[7,19,11,23,15,10,14,3,6,22,2,24],[19,7,23,15,11,10,14,3,6,22,2,24],[3,11,15,10,14,23,19,7,6,22,2,24],[11,15,14,10,7,19,23,3,6,22,2,12,24],[3,23,11,15,14,10,19,7,6,22,2,24],[11,19,15,14,10,23,7,3,6,22,2,24],[7,3,19,23,15,11,14,10,6,22,2,24],[11,23,7,19,15,14,10,3,6,22,2,24],[11,3,7,15,14,10,19,23,6,22,2,12,24],[3,19,23,7,15,11,14,10,6,22,2,24],[15,23,19,11,10,14,3,7,6,22,2,12,24],[7,11,23,3,15,14,10,19,6,22,2,16,12,24],[11,15,10,14,19,23,3,7,6,22,2,12,24],[7,19,3,23,15,11,10,14,6,22,2,12,24],[23,11,3,15,14,10,19,7,6,22,2,24],[23,7,19,3,15,11,10,14,6,22,2,12,24],[3,19,15,23,11,10,14,7,6,22,2,12,24],[7,3,11,15,14,10,19,23,6,22,2,24],[7,19,3,23,11,15,10,14,6,22,2,12,24],[11,23,15,14,10,7,19,3,6,22,2,12,24],[7,3,15,11,10,14,23,19,6,22,2,24],[19,11,15,10,14,3,23,7,6,22,2,12,24],[7,23,15,3,19,11,14,10,6,22,2,24],[7,3,23,19,11,15,10,14,6,22,2,24],[23,7,3,11,19,15,14,10,6,22,2,24],[23,19,3,11,15,10,14,7,6,22,2,24],[15,23,7,3,11,14,10,19,6,22,2,21,12,24],[3,11,23,15,14,10,7,19,6,22,2,24],[3,23,11,7,19,15,10,14,6,22,2,24],[11,3,15,14,10,7,23,19,6,22,2,24],[15,23,7,11,14,10,19,3,6,22,2,24],[11,19,7,15,10,14,23,3,6,22,2,12,24],[19,15,11,14,10,23,7,3,6,22,2,12,24],[23,19,15,7,3,11,10,14,6,22,2,12,24],[23,19,7,3,15,11,14,10,6,22,2,12,24],[3,7,11,23,19,15,14,10,6,22,2,24],[15,23,3,11,14,10,19,7,6,22,2,12,24],[7,11,15,10,14,3,19,23,6,22,2,24],[7,11,15,14,10,23,19,3,6,22,2,12,24],[3,15,11,14,10,19,23,7,6,22,2,24],[11,23,3,19,15,14,10,7,6,22,2,24],[19,11,23,3,7,15,10,14,6,22,2,18,24],[11,15,10,14,19,3,23,7,6,22,2,12,24],[11,19,7,15,14,10,3,23,6,22,2,12,24],[19,3,15,23,11,14,10,7,6,22,2,24],[19,23,3,11,15,10,14,7,6,22,2,24],[11,19,3,23,7,15,14,10,6,22,2,12,24],[7,3,15,19,11,10,14,23,6,22,2,12,24],[19,23,7,11,3,15,10,14,6,22,2,12,24],[11,15,14,10,23,7,19,3,6,22,2,24],[3,11,7,19,23,15,14,10,6,22,2,12,24],[23,19,3,11,15,10,14,7,6,22,2,12,24],[3,23,11,15,10,14,19,7,6,22,2,12,24],[19,3,11,15,14,10,23,7,6,22,2,12,24],[7,23,15,3,19,11,10,14,6,22,2,12,24],[23,19,3,11,7,15,14,10,6,22,2,24],[19,15,7,11,14,10,3,23,6,22,2,12,24],[23,3,7,11,15,10,14,19,6,22,2,9,12,24],[3,7,11,15,10,14,23,19,6,22,2,21,12,24],[15,7,11,10,14,3,23,19,6,22,2,24],[15,19,7,23,11,10,14,3,6,22,2,12,24],[11,3,23,15,10,14,19,7,6,22,2,12,24],[23,3,15,11,14,10,7,19,6,22,2,12,24],[15,3,7,23,19,11,14,10,6,22,2,12,24],[7,19,15,23,11,14,10,3,6,22,2,24],[15,23,19,3,7,11,14,10,6,22,2,24],[23,19,15,3,7,11,10,14,6,22,2,12,24],[23,7,19,11,15,14,10,3,6,22,2,24],[23,15,19,11,14,10,7,3,6,22,2,12,24],[7,3,11,23,19,15,10,14,6,22,2,12,24],[3,23,7,15,19,11,10,14,6,22,2,12,24],[3,7,19,23,15,11,14,10,6,22,2,12,24],[23,19,15,7,11,10,14,3,6,22,2,12,24],[15,7,19,11,14,10,3,23,6,22,2,24],[15,23,19,7,3,11,14,10,6,22,2,12,24],[7,3,11,15,10,14,23,19,6,22,2,12,24],[19,15,11,14,10,3,23,7,6,22,2,24],[11,3,7,23,19,15,10,14,6,22,2,24],[23,11,15,10,14,3,19,7,6,22,2,24],[7,19,15,11,14,10,23,3,6,22,2,24],[11,19,7,23,15,10,14,3,6,22,2,12,24],[23,3,19,7,15,11,10,14,6,22,2,24],[15,3,23,7,11,10,14,19,6,22,2,24],[15,7,3,19,11,14,10,23,6,22,2,24],[19,3,23,15,11,14,10,7,6,22,2,12,24],[3,19,15,11,14,10,23,7,6,22,2,24],[11,19,3,23,7,15,10,14,6,22,2,24],[19,11,15,14,10,23,7,3,6,22,2,12,24],[15,3,7,19,23,11,10,14,6,22,2,12,24],[7,3,15,11,14,10,23,19,6,22,2,12,24],[11,19,3,15,10,14,7,23,6,22,2,12,24],[19,11,3,23,15,14,10,7,6,22,2,24],[3,7,23,19,15,11,10,14,6,22,2,12,24],[23,15,19,7,11,14,10,3,6,22,2,12,24],[3,19,15,11,10,14,7,23,6,22,2,16,1,24],[11,23,3,19,15,10,14,7,6,22,2,24],[15,19,23,11,10,14,7,3,6,22,2,12,24],[7,23,19,3,15,11,14,10,6,22,2,12,24],[11,7,3,19,23,15,10,14,6,22,2,24],[7,19,3,15,11,10,14,23,6,22,2,12,24],[3,15,11,10,14,19,23,7,6,22,2,24],[3,15,23,7,19,11,14,10,6,22,2,12,24],[7,11,3,23,19,15,14,10,6,22,2,24],[3,19,23,7,15,11,14,10,6,22,2,24],[15,3,19,23,11,10,14,7,6,22,2,12,24],[7,15,11,10,14,23,19,3,6,22,2,24],[19,15,3,7,23,11,10,14,6,22,2,24],[7,3,19,15,23,11,14,10,6,22,2,12,24],[15,11,14,10,19,23,3,7,6,22,2,24],[11,15,10,14,19,7,23,3,6,22,2,12,24],[11,3,19,15,14,10,23,7,6,22,2,24],[19,15,11,14,10,23,7,3,6,22,2,24],[11,15,14,10,19,7,3,23,6,22,2,12,24],[15,7,11,14,10,19,3,23,6,22,2,12,24],[19,7,23,15,11,10,14,3,6,22,2,12,24],[7,11,23,19,15,10,14,3,6,22,2,12,24],[15,7,23,11,10,14,19,3,6,22,2,24],[11,3,19,15,14,10,7,23,6,22,2,12,24],[23,11,15,14,10,3,7,19,6,22,2,24],[15,19,23,7,3,11,14,10,6,22,2,12,24],[11,23,19,3,7,15,14,10,6,22,2,20,12,24],[11,15,14,10,7,3,19,23,6,22,2,24],[11,7,15,14,10,19,3,23,6,22,2,12,24],[11,23,7,19,3,15,10,14,6,22,2,12,24],[23,3,15,7,19,11,10,14,6,22,2,12,24],[3,19,11,23,7,15,14,10,6,22,2,24],[11,23,3,15,10,14,7,19,6,22,2,12,24],[15,23,3,7,19,11,14,10,6,22,2,24],[7,15,11,14,10,19,23,3,6,22,2,12,24],[3,7,11,19,15,10,14,23,6,22,2,12,24],[3,23,19,7,15,11,10,14,6,22,2,24],[3,7,19,11,15,14,10,23,6,22,2,12,24],[7,23,11,19,15,10,14,3,6,22,2,12,24],[23,11,3,19,15,14,10,7,6,22,2,12,24],[23,11,7,15,14,10,3,19,6,22,2,24],[19,11,3,7,23,15,10,14,6,22,2,24],[19,7,3,11,23,15,14,10,6,22,2,24],[3,11,23,15,10,14,19,7,6,22,2,16,24],[11,3,19,23,15,14,10,7,6,22,2,12,24],[7,19,11,3,15,10,14,23,6,22,2,12,24],[23,15,7,3,11,10,14,19,6,22,2,12,24],[15,7,3,19,11,14,10,23,6,22,2,9,24],[3,7,23,11,15,10,14,19,6,22,2,24],[7,11,15,14,10,3,19,23,6,22,2,12,24],[7,15,3,11,10,14,23,19,6,22,2,12,24],[11,19,23,15,10,14,3,7,6,22,2,12,24],[19,23,11,3,15,14,10,7,6,22,2,12,24],[3,19,15,23,7,11,10,14,6,22,2,24],[11,7,15,10,14,3,19,23,6,22,2,24],[3,23,15,7,19,11,10,14,6,22,2,12,24],[15,7,3,23,11,14,10,19,6,22,2,12,24],[23,7,19,3,11,15,10,14,6,22,2,12,24],[23,7,15,19,11,14,10,3,6,22,2,24],[23,15,19,7,11,14,10,3,6,22,2,12,24],[23,11,3,19,15,14,10,7,6,22,2,12,24],[3,7,23,15,11,10,14,19,6,22,2,12,24],[15,3,23,19,11,10,14,7,6,22,2,24],[11,3,23,7,15,10,14,19,6,22,2,24],[15,23,11,14,10,19,7,3,6,22,2,24],[15,19,23,7,11,10,14,3,6,22,2,12,24],[15,19,23,7,11,10,14,3,6,22,2,5,24],[23,3,11,7,19,15,14,10,6,22,2,12,24],[11,23,7,15,14,10,19,3,6,22,2,12,24],[23,15,11,14,10,7,3,19,6,22,2,24],[3,7,19,11,23,15,10,14,6,22,2,21,24],[7,11,3,19,15,10,14,23,6,22,2,12,24],[11,7,15,14,10,19,3,23,6,22,2,24],[15,23,7,3,11,14,10,19,6,22,2,24],[11,3,23,15,14,10,7,19,6,22,2,24],[19,3,15,7,23,11,14,10,6,22,2,24],[15,23,19,7,11,14,10,3,6,22,2,12,24],[15,3,7,19,23,11,10,14,6,22,2,12,24],[11,15,14,10,3,7,23,19,6,22,2,12,24],[15,7,22,23,14,3,19,11,10,6,2,12,24],[11,7,19,15,10,14,3,23,6,22,2,12,24],[15,19,3,7,11,10,14,23,6,22,2,24],[23,15,7,19,11,10,14,3,6,22,2,12,24],[3,23,11,15,14,10,7,19,6,22,2,24],[3,15,7,23,19,11,10,14,6,22,2,24],[23,11,15,10,14,7,19,3,6,22,2,12,24],[15,3,11,14,10,19,7,23,6,22,2,24],[19,3,15,7,23,11,14,10,6,22,2,12,24],[23,19,7,11,15,10,14,3,6,22,2,24],[3,15,19,7,23,11,14,10,6,22,2,24],[23,15,7,19,3,11,14,10,6,22,2,24],[15,3,19,11,14,10,7,23,6,22,2,24],[19,7,3,15,23,11,14,10,6,22,2,24],[3,23,11,15,14,10,7,19,6,22,2,24],[3,15,11,10,14,7,23,19,6,22,2,24],[3,7,23,11,15,14,10,19,6,22,2,12,24],[3,7,23,15,19,11,10,14,6,22,2,24],[19,3,23,15,7,11,10,14,6,22,2,24],[23,11,19,3,15,14,10,7,6,22,2,24],[23,3,7,15,11,10,14,19,6,22,2,24],[3,23,19,15,7,11,14,10,6,22,2,12,24],[23,11,19,7,15,14,10,3,6,22,2,24],[23,19,3,7,15,11,10,14,6,22,2,24],[11,23,3,15,10,14,7,19,6,22,2,24],[19,11,23,3,7,15,10,14,6,22,2,12,24],[11,7,15,14,10,19,23,3,6,22,2,24],[15,3,23,11,14,10,7,19,6,22,2,12,24],[11,15,14,10,3,19,7,23,6,22,2,24],[11,3,15,10,14,23,7,19,6,22,2,24],[19,11,7,15,14,10,23,3,6,22,2,12,24],[7,23,15,3,11,14,10,19,6,22,2,12,24],[19,15,23,7,11,10,14,3,6,22,2,24],[19,7,15,23,3,11,14,10,6,22,2,24],[23,15,3,11,14,10,7,19,6,22,2,24],[15,19,3,23,11,10,14,7,6,22,2,24],[3,23,15,11,14,10,7,19,6,22,2,12,24],[19,23,15,3,11,10,14,7,6,22,2,12,24],[19,23,3,11,7,15,14,10,6,22,2,12,24],[15,19,3,23,11,10,14,7,6,22,2,12,24],[15,3,23,7,11,10,14,19,6,22,2,12,24],[3,15,7,19,23,11,14,10,6,22,2,12,24],[15,7,3,11,10,14,19,23,6,22,2,24],[19,23,11,3,7,15,14,10,6,22,2,24],[7,3,19,23,15,11,10,14,6,22,2,9,24],[19,11,23,7,15,14,10,3,6,22,2,24],[19,23,3,7,15,11,10,14,6,22,2,12,24],[19,11,23,3,7,15,10,14,6,22,2,24],[11,7,19,3,15,10,14,23,6,22,2,12,24],[7,19,15,3,23,11,14,10,6,22,2,12,24],[3,19,7,15,23,11,10,14,6,22,2,24],[19,7,3,11,23,15,10,14,6,22,2,12,24],[11,3,15,14,10,7,23,19,6,22,2,12,24],[19,3,11,7,15,14,10,23,6,22,2,12,24],[11,3,19,7,15,10,14,23,6,22,2,24],[3,19,7,23,11,15,10,14,6,22,2,24],[19,3,15,23,7,11,14,10,6,22,2,24],[15,11,10,14,19,3,23,7,6,22,2,9,12,24],[19,3,23,15,11,14,10,7,6,22,2,12,24],[19,7,11,3,23,15,10,14,6,22,2,24],[7,19,15,3,11,10,14,23,6,22,2,24],[19,11,3,7,15,10,14,23,6,22,2,21,12,24],[23,15,19,7,3,11,10,14,6,22,2,12,24],[11,19,15,14,10,3,23,7,6,22,2,24],[19,23,15,3,11,14,10,7,6,22,2,5,24],[7,3,19,15,23,11,10,14,6,22,2,24],[7,11,23,3,19,15,14,10,6,22,2,12,24],[3,11,23,15,10,14,7,19,6,22,2,12,24],[11,23,7,15,14,10,3,19,6,22,2,13,24],[19,7,11,3,23,15,10,14,6,22,2,12,24],[19,3,15,23,11,14,10,7,6,22,2,12,24],[19,7,15,23,3,11,14,10,6,22,2,12,24],[23,7,11,15,10,14,19,3,6,22,2,12,24],[7,3,23,19,15,11,10,14,6,22,2,12,24],[15,3,19,11,14,10,7,23,6,22,2,24],[11,7,23,19,3,15,10,14,6,22,2,12,24],[15,3,23,19,11,14,10,7,6,22,2,24],[23,11,3,19,7,15,14,10,6,22,2,24],[23,7,3,11,19,15,14,10,6,22,2,24],[7,3,23,15,19,11,14,10,6,22,2,12,24],[15,19,11,14,10,3,23,7,6,22,2,24],[3,23,19,15,7,11,14,10,6,22,2,24],[7,19,11,3,23,15,14,10,6,22,2,24],[19,23,3,7,11,15,10,14,6,22,2,12,24],[19,11,3,23,7,15,10,14,6,22,2,12,24],[23,15,3,11,14,10,19,7,6,22,2,24],[23,7,19,15,11,14,10,3,6,22,2,24],[11,3,7,15,10,14,19,23,6,22,2,12,24],[3,11,7,23,15,10,14,19,6,22,2,24],[7,3,19,15,11,14,10,23,6,22,2,12,24],[15,11,14,10,19,3,23,7,6,22,2,24],[23,11,19,7,3,15,10,14,6,22,2,17,1,12,24],[11,23,3,19,15,14,10,7,6,22,2,24],[15,11,14,10,3,19,23,7,6,22,2,24],[19,11,23,7,3,15,10,14,6,22,2,24],[7,3,19,23,15,11,14,10,6,22,2,12,24],[15,7,11,14,10,19,3,23,6,22,2,24],[11,23,3,19,15,14,10,7,6,22,2,24],[19,15,23,7,11,14,10,3,6,22,2,24],[3,15,11,10,14,7,23,19,6,22,2,12,24],[19,7,3,23,15,11,10,14,6,22,2,12,24],[15,7,19,23,11,10,14,3,6,22,2,12,24],[15,23,19,3,7,11,10,14,6,22,2,24],[19,15,3,7,23,11,10,14,6,22,2,12,24],[7,23,15,11,14,10,3,19,6,22,2,24],[19,7,3,23,15,11,10,14,6,22,2,24],[23,3,7,15,19,11,14,10,6,22,2,24],[7,23,15,19,11,14,10,3,6,22,2,12,24],[15,7,11,14,10,3,19,23,6,22,2,12,24],[15,3,19,23,7,11,10,14,6,22,2,24],[11,7,23,19,3,15,14,10,6,22,2,12,24],[15,7,23,11,10,14,3,19,6,22,2,24],[7,3,23,19,15,11,14,10,6,22,2,24],[3,15,7,19,23,11,10,14,6,22,2,12,24],[11,23,7,3,15,10,14,19,6,22,2,24],[11,3,15,10,14,7,19,23,6,22,2,12,24],[11,15,14,10,3,19,23,7,6,22,2,12,24],[11,3,7,23,19,15,10,14,6,22,2,24],[3,11,23,7,15,10,14,19,6,22,2,12,24],[11,15,14,10,19,7,3,23,6,22,2,24],[15,7,23,11,10,14,19,3,6,22,2,12,24],[7,11,19,3,23,15,10,14,6,22,2,24],[19,7,11,23,15,10,14,3,6,22,2,24],[23,15,11,14,10,7,3,19,6,22,2,24],[11,7,3,23,19,15,10,14,6,22,2,12,24],[3,7,23,19,11,15,10,14,6,22,2,12,24],[23,11,7,3,19,15,14,10,6,22,2,24],[15,19,23,7,3,11,10,14,6,22,2,5,24],[15,19,23,3,11,14,10,7,6,22,2,24],[19,23,15,7,11,14,10,3,6,22,2,12,24],[23,7,19,3,15,11,10,14,6,22,2,12,24],[3,11,7,15,14,10,19,23,6,22,2,24],[23,7,15,19,3,11,10,14,6,22,2,24],[11,19,3,15,14,10,23,7,6,22,2,12,24],[3,23,7,11,19,15,10,14,6,22,2,12,24],[19,15,3,23,7,11,10,14,6,22,2,24],[7,19,15,23,3,11,14,10,6,22,2,24],[11,3,23,19,7,15,10,14,6,22,2,12,24],[19,7,3,23,15,11,14,10,6,22,2,12,24],[7,3,23,15,19,11,14,10,6,22,2,24],[15,23,3,19,11,14,10,7,6,22,2,24],[7,15,3,19,11,10,14,23,6,22,2,24],[23,3,11,7,19,15,10,14,6,22,2,24],[19,11,15,10,14,23,7,3,6,22,2,24],[11,3,19,23,7,15,10,14,6,22,2,24],[7,15,23,3,11,10,14,19,6,22,2,12,24],[7,23,11,3,19,15,10,14,6,22,2,12,24],[15,19,7,11,10,14,23,3,6,22,2,12,24],[11,15,14,10,23,19,3,7,6,22,2,12,24],[19,15,3,11,10,14,23,7,6,22,2,24],[7,3,23,19,15,11,14,10,6,22,2,12,24],[23,7,11,19,3,15,10,14,6,22,2,12,24],[19,7,11,3,23,15,14,10,6,22,2,12,24],[7,11,3,23,15,14,10,19,6,22,2,24],[11,3,15,10,14,19,23,7,6,22,2,24],[7,11,19,23,15,14,10,3,6,22,2,12,24],[3,19,23,15,11,10,14,7,6,22,2,24],[23,7,19,15,3,11,14,10,6,22,2,12,24],[23,11,7,19,15,10,14,3,6,22,2,24],[7,11,15,10,14,23,19,3,6,22,2,12,24],[19,15,3,7,23,11,14,10,6,22,2,24],[15,7,23,11,10,14,19,3,6,22,2,24],[7,11,15,10,14,23,19,3,6,22,2,24],[23,11,19,7,15,10,14,3,6,22,2,12,24],[3,11,7,23,19,15,10,14,6,22,2,24],[11,23,3,19,7,15,10,14,6,22,2,24],[3,11,15,10,14,19,23,7,6,22,2,12,24],[15,11,14,10,7,23,3,19,6,22,2,12,24],[11,15,14,10,19,7,3,23,6,22,2,12,24],[19,15,11,14,10,23,3,7,6,22,2,12,24],[19,11,7,3,23,15,14,10,6,22,2,24],[19,11,3,23,7,15,10,14,6,22,2,12,24],[23,7,19,15,11,10,14,3,6,22,2,12,24],[11,3,15,14,10,23,7,19,6,22,2,12,24],[23,7,11,19,3,15,14,10,6,22,2,24],[15,7,3,19,11,14,10,23,6,22,2,12,24],[3,19,15,11,14,10,23,7,6,22,2,24],[3,7,11,23,15,10,14,19,6,22,2,12,24],[19,15,23,11,10,14,3,7,6,22,2,24],[19,23,15,7,11,14,10,3,6,22,2,24],[23,11,3,7,19,15,14,10,6,22,2,24],[7,3,11,19,23,15,14,10,6,22,2,24],[3,23,7,15,19,11,14,10,6,22,2,24],[15,3,11,10,14,23,19,7,6,22,2,24],[3,11,23,15,14,10,7,19,6,22,2,24],[23,7,15,11,14,10,19,3,6,22,2,12,24],[19,11,15,10,14,3,7,23,6,22,2,12,24],[3,23,7,15,11,14,10,19,6,22,2,24],[23,19,15,7,3,11,10,14,6,22,2,24],[7,23,11,3,19,15,10,14,6,22,2,12,24],[3,19,11,15,14,10,7,23,6,22,2,12,24],[11,7,3,15,14,10,23,19,6,22,2,24],[19,15,7,11,14,10,3,23,6,22,2,12,24],[15,23,19,7,11,10,14,3,6,22,2,12,24],[7,3,11,19,23,15,10,14,6,22,2,12,24],[11,7,3,23,19,15,14,10,6,22,2,24],[3,7,15,19,11,10,14,23,6,22,2,12,24],[11,7,3,19,15,10,14,23,6,22,2,24],[3,11,19,15,10,14,23,7,6,22,2,12,24]],"n_human":9}