{"problem_id":"7RKPqnCEoaLgIyV","sigma":75,"alpha":10.000,"cost":1,"probabilities":"[0.24, 0.27, 0.24, 0.25]","payoff_matrix":"[[-62, -66, 33, 16, 46, -1], [33, 119, -32, 3, -172, 13], [-9, -130, 167, 39, -44, 18], [-84, 2, -84, -11, 41, -22]]","uncovered":[[10,14,2,22,6,8,4,18,24,16,11,12,7,15,9,13,23,21],[2,10,14,22,6,4,18,24,15,7,16,8,23,21,13,12,5],[2,18,14,6,3,22,10,5,24,4,16,8,11,12,9,7,23,15,13],[18,14,10,6,22,2,8,4,24,16,9,12,7,15,23,13,21,5],[22,10,6,18,2,4,14,8,23,24,16,5,9,12,15,7,21,13],[10,6,19,2,8,1,22,14,24,16,9,18,12,23,5,15,7,13,21,4],[14,18,6,4,10,22,8,23,13,24,16,5,9,12,21,7,15],[6,14,2,4,18,10,22,8,24,16,9,12,13,7,23,15,21,5],[6,22,18,2,8,3,14,12,23,16,21,7,4,13,24,15,5],[22,10,6,18,2,4,14,8,24,16,11,12,7,13,23,21,9,15],[2,6,4,10,14,18,22,24,5,16,8,21,12,15,7,23,13],[6,14,10,2,4,18,22,8,24,16,9,11,5,12,7,21,13,15],[10,22,14,2,6,4,18,24,5,16,8,15,13,7,21,12,23],[2,18,6,4,14,10,22,24,5,16,8,23,12,13,7,15,21],[18,6,14,22,2,7,10,4,24,16,8,21,15,12,5,13,23],[14,2,10,22,18,6,8,4,24,16,11,12,5,7,21,15,13,9],[2,22,6,4,10,14,18,8,24,16,12,7,13,23,15,21,5],[10,6,18,14,4,22,21,8,13,15,7,24,9,12,16,5,23],[14,22,10,2,18,6,4,8,23,24,16,7,13,15,9,12,21,5],[22,10,14,6,2,8,4,18,21,13,16,24,7,15,12,5,23],[14,10,22,2,6,8,4,18,24,16,11,12,5,9,7,21,15,13],[18,22,2,6,8,4,14,10,24,16,12,23,5,13,21,15,7],[2,14,18,22,10,6,8,4,24,15,16,7,23,21,13,12,5],[14,10,2,6,4,22,20,18,8,21,15,16,5,24,7,12,13,23],[22,18,10,6,14,2,4,8,24,16,9,11,5,12,7,15,13,23],[6,22,2,8,4,14,18,10,21,15,16,5,24,7,12,13,23],[6,2,5,4,18,10,14,22,24,16,8,12,21,13,7,23,15],[2,10,6,8,4,22,18,14,21,16,24,9,7,12,13,5,15,23],[2,10,6,4,18,22,14,24,8,16,12,21,7,13,5,15,23],[14,10,18,2,22,6,8,4,24,16,12,13,7,23,21,15,5],[22,6,10,18,14,2,4,24,16,8,11,12,5,7,13,21,15,9],[18,14,6,2,4,22,10,5,24,16,8,23,13,12,7,21,15],[2,10,22,6,4,16,18,8,21,14,24,11,12,5,7,15,9,13],[18,6,14,22,10,2,4,8,24,16,12,5,23,15,7,21,13],[10,2,14,22,18,6,5,4,24,16,8,12,15,7,23,21,13],[10,22,2,14,18,6,8,4,24,16,11,12,5,7,21,13,15,9],[10,6,18,22,2,8,4,14,21,16,24,11,12,5,7,13,15,9],[22,18,14,2,10,6,4,7,24,16,8,13,21,15,12,5,23],[2,22,14,18,10,6,7,4,24,16,8,15,21,12,13,5,23],[6,21,10,2,4,14,18,22,8,13,16,24,5,12,7,23,15],[6,14,18,4,10,22,8,23,16,24,7,15,13,12,21,5],[22,14,6,2,7,10,18,4,16,24,8,15,21,12,5,13,23],[18,10,22,14,2,6,8,4,24,13,16,7,23,15,12,21,5],[22,6,14,18,10,2,8,4,24,16,11,12,5,9,7,15,13,21],[10,22,14,18,2,6,8,4,24,16,12,13,5,21,7,15,23],[2,18,14,6,4,10,22,5,24,16,8,12,21,13,15,7,23],[10,14,18,2,22,6,4,8,24,16,12,13,7,23,21,15,5],[6,2,8,4,11,10,12,18,22,16,24,5,9,7,14,13,23,21],[2,22,10,18,6,8,4,14,24,16,12,15,5,13,7,21,23],[10,22,18,2,6,4,14,5,24,16,8,12,13,23,7,21,15],[6,10,18,2,8,4,14,22,23,16,24,5,13,9,12,21,7,15],[22,6,19,10,14,2,4,5,24,16,8,12,15,7,23,21,13,18],[22,18,6,14,2,4,10,23,7,16,24,8,13,21,15,12,5],[6,18,10,22,2,8,3,14,24,16,4,12,7,15,23,21,13,5],[2,6,4,18,14,22,10,8,21,16,24,11,12,5,7,15,13,9],[2,22,18,14,10,6,8,4,24,16,9,12,21,15,7,5,23,13],[14,2,10,22,18,6,4,8,24,16,11,12,7,21,15,13,9,5],[14,22,6,18,10,2,4,24,16,8,9,12,21,15,5,7,23,13],[2,14,6,4,22,10,18,24,7,16,8,13,21,15,12,5,23],[14,6,2,4,22,18,10,24,8,16,12,21,13,7,5,23,15],[2,18,22,14,10,6,8,3,24,16,4,11,12,5,7,21,15,13,9],[10,6,18,22,2,4,14,21,8,16,24,11,12,7,15,9,13,5],[6,10,16,22,18,2,4,24,14,7,8,13,23,21,15,12,5],[18,22,2,14,6,4,10,23,8,24,16,5,12,13,7,15,21],[22,10,14,2,18,6,8,4,24,16,11,12,5,9,7,15,13,21],[6,22,14,2,8,4,10,18,24,16,12,23,5,13,7,21,15],[10,18,14,22,2,6,8,4,21,16,24,12,5,13,15,7,23],[10,14,22,2,6,8,4,18,24,16,12,15,5,7,23,13,21],[6,2,4,18,10,22,14,8,21,15,16,7,24,12,5,23,13],[22,18,2,10,14,6,4,24,8,16,11,12,7,15,9,13,23,21],[6,22,2,1,18,14,10,24,16,8,11,12,7,13,21,15,9,3],[6,18,22,14,2,4,9,10,24,8,16,11,7],[2,14,6,8,4,22,10,18,24,16,12,23,7,13,21,15,5],[14,6,22,18,10,2,4,23,8,16,24,5,12,15,13,7,21],[10,2,18,22,14,6,3,8,24,16,4,12,15,7,23,13,21,5],[22,6,10,18,2,3,14,8,23,16,24,4,5,11,12,9,7,15,13],[14,22,18,2,10,6,4,5,24,16,8,23,12,15,13,7,21],[14,22,2,18,6,3,10,5,24,4,15,16,8,7,21,12,23,13],[18,10,22,2,14,6,8,4,24,15,16,7,21,12,5,23,13],[6,18,14,10,1,22,24,8,13,15,7,23,12,16,21,5,2,4],[2,10,6,4,18,24,14,13,8,16,22,7,23,15,12,21,5],[22,10,2,14,6,4,18,24,7,16,8,15,23,21,13,12,5],[14,2,18,6,8,4,10,22,24,16,12,15,7,23,13,21,5],[10,22,14,2,6,8,4,18,24,16,12,15,5,13,7,23,21],[2,18,14,6,4,10,22,8,24,16,11,12,5,9,7,21,13,15],[6,18,14,2,4,10,22,8,24,16,12,13,5,21,15,7,23],[6,18,14,2,4,10,22,8,24,16,12,15,5,7,23,21,13],[2,22,6,8,4,18,14,10,24,13,16,5,12,21,15,7,23],[22,10,2,18,6,5,4,14,24,16,8,23,15,7,21,13,12],[14,18,6,10,22,1,8,23,16,24,5,12,15,7,13,21,2,4],[22,14,18,2,10,6,8,1,24,16,9,11,7],[14,6,18,1,22,10,24,5,16,8,12,15,13,7,21,2,4,23],[18,14,10,22,2,6,4,7,24,16,8,13,21,15,12,5,23],[2,22,14,10,6,8,4,18,24,16,12,13,7,23,15,21,5],[6,10,2,8,4,14,18,22,24,16,12,13,5,21,15,7,23],[10,2,14,6,8,4,18,22,24,13,16,7,23,15,12,21,5],[2,10,14,6,4,18,22,23,8,16,24,5,12,15,7,21,13],[6,10,22,2,4,14,18,24,15,8,16,5,13,7,23,12,21],[22,18,6,2,4,14,10,8,24,16,12,13,7,21,15,5,23],[10,22,18,2,6,3,14,7,24,16,4,8,15,21,12,5,23,13],[10,22,6,14,2,8,4,18,21,13,16,24,5,12,7,15,23],[6,22,10,4,18,14,8,24,16,11,12,7,23,13,9,21,15],[14,18,6,10,2,8,4,22,23,24,16,5,12,15,13,7,21],[2,14,10,6,4,22,18,23,8,16,24,7,15,13,12,21,5],[6,10,2,8,4,18,22,14,24,16,9,12,7,13,23,21,15,5],[10,6,1,14,18,22,8,24,16,12,4,7,21,13,5,15,23],[22,14,6,2,4,18,10,24,16,8,11,12,5,9,7,21,15,13],[6,22,10,14,2,4,18,5,24,16,8,15,7,21,12,23,13],[18,22,14,10,2,6,8,4,24,13,16,7,23,15,12,21,5],[10,6,18,14,4,22,24,16,8,12,21,13,5,15,7,23],[10,6,22,18,2,8,4,14,24,16,11,12,5,7,13,21,9,15],[22,14,2,6,8,4,10,18,24,16,9,12,23,7,13,21,15,5],[22,18,10,2,14,6,8,4,24,13,16,7,23,15,12,21,5],[2,6,5,4,22,10,18,14,24,16,8,12,13,21,15,7,23],[2,14,18,6,4,22,10,21,8,15,16,5,24,7,12,23,13],[18,2,6,8,4,10,22,14,24,15,16,5,13,7,21,12,23],[18,10,14,2,6,5,4,22,24,16,8,21,15,13,7,12,23],[2,18,6,4,14,22,10,21,8,16,24,9,12,7,13,15,5,23],[6,18,22,14,10,2,4,8,21,15,16,5,24,13,7,12,23],[10,18,22,14,2,6,4,24,8,16,12,7,15,21,13,5,23],[14,6,18,10,2,4,22,8,24,16,12,7,15,21,13,5,23],[14,6,10,18,22,2,4,8,24,16,11,12,7,15,9,13,23,21],[2,18,6,4,10,22,14,24,13,8,16,5,9,12,23,7,21,15],[18,14,6,10,24,2,4,5,16,22,8,15,13,7,23,12,21],[10,22,14,18,6,2,4,23,8,15,16,24,7,13,12,21,5],[6,2,4,12,18,14,22,24,16,7,8,21,15,5,23,13,10],[6,22,14,10,18,2,4,24,5,16,8,15,13,7,23,12,21],[10,14,6,2,1,18,22,24,16,7,8,21,13,15,12,5,4,23],[14,22,10,18,6,2,7,4,16,24,8,15,23,13,12,21,5],[18,22,6,10,14,2,8,4,21,16,23,5,24,12,13,7,15],[6,14,2,1,18,22,10,8,24,16,9,11,5,12,7,21,15,13],[10,22,2,18,6,4,14,24,5,16,8,12,15,13,7,23,21],[22,18,10,14,2,6,8,4,24,16,11,12,7,15,13,9,21,5],[2,10,18,14,22,6,8,1,24,16,11,12,7,23,15,9,13,4],[22,10,6,17,18,2,7,14,4,24,16,8,13,21,15,11,12,9,5],[14,6,18,10,2,8,4,22,24,13,16,5,12,21,7,15,23],[6,2,7,22,14,18,10,24,16,4,8,23,13,15,12,21,5],[18,10,22,6,2,7,14,4,24,16,8,23,15,21,13,12,5],[10,2,14,6,4,18,22,23,8,24,16,7,15,13,12,21,5],[10,14,18,22,2,6,8,4,24,16,12,13,7,23,15,21,5],[14,10,22,6,2,8,4,18,24,16,9,12,5,13,21,7,23,15],[14,2,10,6,4,18,22,24,15,8,16,7,21,12,5,23,13],[18,6,22,10,2,4,14,8,24,13,16,7,23,15,12,21,5],[22,18,10,6,2,3,14,8,24,13,4,16,7,21,15,12,5,23],[10,18,6,14,22,2,3,8,24,13,4,16,7,21,15,12,5,23],[22,10,6,2,4,14,18,8,24,15,16,5,7,23,13,12,21],[22,10,2,14,18,6,4,24,7,16,8,13,23,21,15,12,5],[2,10,22,18,6,8,4,14,24,13,16,7,21,5,12,15,23],[22,10,6,18,2,8,3,14,24,16,4,12,13,7,21,5,23,15],[2,18,6,4,14,22,10,8,24,16,9,12,23,5,15,13,7,21],[2,22,18,10,14,6,4,24,16,8,12,13,7,23,15,21,5],[22,2,10,6,8,4,18,14,23,21,16,5,24,15,7,13,12],[6,24,18,14,10,2,7,4,16,22,8,13,23,21,15,12,5],[10,6,4,14,18,22,24,5,16,8,13,21,12,15,7,23],[14,18,6,10,22,4,8,24,15,16,7,23,21,12,13,5],[14,2,22,10,18,6,4,24,8,13,16,7,21,5,12,15,23],[6,14,2,8,4,10,18,24,16,22,9,11,7],[18,10,6,14,22,2,8,3,21,16,4,24,12],[6,14,20,18,22,2,4,10,5,24,16,8,12,21,15,13,7,23],[10,2,14,18,6,8,4,22,24,16,12,15,5,13,7,21,23],[6,2,8,4,18,14,10,22,24,13,16,5,12,21,7,23,15],[2,18,10,14,6,8,3,22,24,16,1,11,12,5,7,15,13,9,23],[18,6,14,10,2,8,4,22,24,15,16,5,7,23,21,12,13],[10,2,14,6,4,22,18,5,23,8,24,16,13,11,12,9,7,21],[2,14,10,22,18,6,4,8,24,16,11,12,7,13,23,9,21,15],[2,18,14,10,22,6,8,4,21,16,24,12,13,5,7,23,15],[18,10,2,6,7,22,14,24,4,16,8,15,21,12,5,13,23],[10,18,2,22,6,8,4,14,21,16,23,5,24,15,13,7,12],[22,10,18,2,14,6,8,4,24,16,12,13,5,23,7,15,21],[22,14,18,2,6,8,4,10,24,16,11,9,7],[22,18,10,2,6,4,14,8,24,16,11,12,5,9,7,13,21,15],[22,10,14,2,18,6,4,24,5,16,8,12,13,21,15,7,23],[6,18,10,14,22,2,8,4,24,16,9,12,23,7,15,21,13,5],[14,2,10,22,6,8,4,18,21,15,16,5,24,13,7,9,12,23],[2,18,14,10,6,4,22,21,7,16,8,24,13,15,12,5,23],[18,22,6,2,1,10,14,8,24,16,9,12,21,7,13,5,4,23,15],[18,2,22,14,10,6,8,4,24,13,16,7,23,15,12,21,5],[10,14,6,22,18,2,8,4,24,16,11,12,5,9,7,23,13,21],[2,14,18,22,10,6,4,8,24,13,16,7,23,21,15,12,5],[22,18,2,6,8,4,14,10,24,16,9,11,7],[18,6,10,14,21,2,4,22,8,13,16,24,7,5,12,23,15],[10,6,18,2,3,22,14,8,24,13,4,16,7,23,21,15,12,5],[18,22,10,2,14,6,8,4,23,24,16,7,15,13,12,21,5],[6,2,8,4,17,18,22,14,10,24,15,16,5,7,23,13,12,21],[10,22,14,6,2,4,18,24,8,16,12,21,7,15,5,23,13],[22,2,14,10,18,6,1,8,24,15,16,7,21,12,5,4,23,13],[18,22,14,10,2,6,4,8,24,15,16,7,23,21,13,12,5],[14,22,6,10,2,8,4,18,24,13,15,7,21,12,16,5,23],[6,14,22,2,8,4,10,18,24,16,11,12,5,7,21,13,15,9],[18,22,2,10,14,6,8,4,21,16,23,5,24,9,12,13,7,15],[2,22,10,14,18,6,5,4,24,16,8,15,13,7,21,12,23],[6,22,2,8,4,14,18,10,23,15,16,21,7,24,13,9,12,5],[2,18,22,14,6,8,4,10,24,16,12,13,7,23,15,21,5],[2,22,18,14,6,8,4,10,24,16,11,12,5,9,7,23,13,21],[2,18,10,6,8,4,22,14,24,16,9,11,7],[14,6,22,18,10,2,5,4,24,16,8,12,21,13,7,23,15],[18,2,14,10,22,6,4,5,24,16,8,12,23,13,21,7,15],[10,14,22,18,2,6,4,24,8,15,16,7,23,21,13,12,5],[18,22,6,10,2,4,14,24,16,7,8,15,21,12,13,5,23],[10,14,6,22,2,4,18,24,8,13,16,9,5,11],[18,14,22,6,2,4,10,23,5,8,24,16,13,12,7,15,21],[6,18,10,2,8,4,22,14,24,15,16,7,21,12,5,23,13],[2,10,18,6,8,4,14,22,24,16,12,23,7,13,21,15,5],[14,18,10,6,22,2,4,7,24,16,8,13,21,5,12,23,15],[6,2,4,18,10,24,14,13,7,8,16,22,21,5,12,23,15],[22,14,10,18,2,6,4,5,24,16,8,12,13,23,7,15,21],[18,14,2,22,6,1,10,8,24,16,11,12,5,9,7,23,13,4],[10,18,22,14,2,6,8,4,24,13,16,7,23,15,12,21,5],[14,22,6,2,8,4,10,20,18,23,24,13,16,7,15,12,21,5],[14,22,10,18,2,6,8,4,23,13,24,16,5,12,21,7,15],[14,2,10,6,8,4,24,18,16,22,11,12,5,9,7,13,23,21],[6,2,5,4,18,10,22,14,24,16,8,15,7,23,13,12,21],[18,10,22,2,6,8,4,14,23,24,16,5,12,15,13,7,21],[18,6,10,22,14,2,8,4,23,24,15,16,5,7,21,13,12],[14,6,22,10,2,8,4,18,24,16,12,23,7,15,13,21,5],[22,2,6,4,14,18,10,21,7,16,8,24,15,12,13,5,23],[2,6,4,14,10,18,22,24,16,5,8,12,13,23,21,7,15],[18,22,14,10,6,2,8,4,24,16,12,21,15,5,7,23,13],[18,10,22,14,6,2,4,8,24,16,11,12,5,7,15,13,9,21],[2,18,22,14,6,4,10,8,21,16,24,11,12,7,15,13,9,5],[14,2,6,4,18,22,11,10,8,12,21,5,16,9,7,24,13,15],[6,14,2,8,4,18,10,22,24,16,9,12,7,15,23,21,13,5],[6,22,10,18,14,2,1,24,8,16,12,15,5,7,21,4,13,23],[10,14,2,22,18,6,8,4,23,24,13,16,7,21,15,12,5],[6,18,22,10,14,2,8,3,24,16,4,9,12,23,5,15,13,7,21],[18,10,22,6,2,7,14,4,24,16,8,13,21,5,12,23,15],[2,14,10,22,6,4,18,8,24,16,12,23,7,13,15,21,5],[6,10,18,14,22,2,7,21,4,16,24,8,13,5,12,15,23],[14,2,6,4,18,22,10,24,16,8,9,12,7,13,23,15,21,5],[10,22,14,2,6,8,4,18,21,16,24,12,13,5,7,23,15],[22,2,18,6,8,4,10,14,24,15,16,7,23,13,12,21,5],[10,6,22,18,14,2,4,8,24,16,12,23,5,15,13,7,21],[6,2,8,4,18,14,22,10,24,16,12,21,7,15,13,5,23],[18,2,6,4,10,22,14,24,16,7,8,21,13,15,12,5,23],[10,6,18,22,14,4,24,16,5,7,23,13,15,12,21,2,3],[6,16,2,4,22,18,10,24,14,8,9,11,5,12,7,13,21,15],[2,14,22,10,6,8,4,18,21,16,24,12,15,7,13,5,23],[14,6,12,18,2,4,22,24,8,15,16,5,13,7,23,21,10],[14,22,6,10,2,4,18,8,24,13,16,5,12,23,21,7,15],[6,2,4,18,10,14,22,7,24,16,5,23,13,21,15,12,3],[22,14,10,18,2,6,3,8,24,15,16,4,5,7,21,12,23,13],[14,10,18,22,2,6,1,8,24,15,16,5,13,7,23,12,21,4],[2,6,8,3,14,22,10,20,18,24,16,4,12,21],[6,10,18,22,2,4,14,7,24,16,8,15,23,21,13,9,12,5],[22,2,14,18,10,6,8,3,24,16,4,9,12,5,13,23,21,15,7],[2,10,14,18,6,8,4,22,24,13,16,7,21,5,12,15,23],[10,14,2,22,18,6,4,8,21,15,16,5,24,13,7,12,23],[10,18,22,14,6,2,4,24,15,8,16,5,7,21,12,23,13],[10,6,22,16,18,2,8,4,24,14,12,15,7,23,13,21,5],[22,18,2,14,10,6,4,21,8,15,16,7,24,12,5,23,13],[22,6,14,2,4,18,10,5,24,16,8,12,23,15,13,7,21],[10,22,18,2,6,4,14,24,16,8,9,11,7],[10,14,2,22,18,6,8,4,24,16,11,12,7,15,13,9,21,5],[6,10,2,4,22,18,14,5,24,16,8,11,12,9,7,13,21,15],[6,2,8,4,22,10,14,18,21,16,24,12,15,7,13,5,23],[22,14,2,6,8,4,18,10,21,15,16,7,24,12,5,13,23],[22,6,2,4,14,10,18,5,24,16,8,15,13,7,23,12,21],[14,6,18,22,10,2,4,24,16,8,11,12,5,9,7,13,21,15],[10,18,6,14,22,2,7,4,24,16,8,15,23,13,12,21,5],[14,22,6,18,9,10,2,8,4,24,16,12,5,21,15,13,7,23],[18,14,22,6,2,1,9,10,7,24,16,12,8,13,23,21,15,5,4],[6,22,2,8,4,18,10,14,24,16,9,12,13,5,23,7,15,21],[2,22,14,10,6,4,18,8,21,16,24,12,13,7,5,23,15],[10,2,6,8,4,14,22,18,24,16,9,12,5,13,23,7,15,21],[22,2,6,8,1,14,10,18,24,16,9,12,15,5,7,23,13,21,4],[10,6,2,8,4,22,14,18,24,15,16,5,7,23,21,13,12],[14,10,18,6,22,2,4,23,8,24,16,7,13,15,12,21,5],[2,18,10,6,8,4,14,22,24,15,16,7,23,21,13,12,5],[22,6,2,8,4,14,18,10,21,16,24,12,13,7,5,23,15],[2,14,10,6,4,22,18,24,8,16,12,5,21,13,7,15,23],[22,14,6,18,10,2,4,24,8,15,16,5,13,7,23,12,21],[10,18,2,14,22,6,8,4,23,16,24,5,13,12,21,7,15],[10,14,6,18,2,4,22,24,7,16,8,21,15,12,5,13,23],[18,2,6,4,22,14,10,24,7,16,8,21,13,15,12,5,23],[14,6,18,2,8,4,10,22,24,13,16,5,12,23,21,7,15],[2,6,5,4,14,18,22,10,24,16,8,11,12,7,15,9,13,21],[18,14,10,22,2,6,8,3,23,15,16,24,5,1,7,13,12,21],[10,18,14,2,22,6,8,4,23,16,24,7,13,21,15,12,5],[2,22,6,8,4,10,14,18,23,16,24,5,13,12,7,15,21],[14,18,2,10,22,6,4,8,24,16,9,12,13,5,21,15,7,23],[2,22,18,6,4,14,10,24,8,16,12,5,15,13,7,23,21],[18,10,2,22,14,6,8,4,24,16,12,13,5,21,7,15,23],[6,10,18,22,2,8,4,14,24,16,12,13,7,23,15,21,5],[2,6,4,14,10,22,18,24,8,16,12,23,5,13,7,21,15],[10,14,18,2,22,6,8,4,24,13,16,5,12,23,7,21,15],[2,22,10,6,8,4,14,18,21,16,24,11,12,5,9,7,13,15],[18,6,14,2,4,22,10,8,21,16,24,12,5,13,7,23,15],[18,14,2,10,6,8,4,22,24,16,12,21,13,7,15,5,23],[2,10,18,6,8,4,22,14,24,15,16,7,23,21,13,12,5],[2,22,14,18,6,4,10,24,8,13,16,7,23,15,12,21,5],[14,2,10,22,18,6,4,23,8,15,16,24,5,13,7,9,12,21],[14,18,10,2,6,8,1,22,24,16,9,12,15,7,23,13,21,5,4],[6,14,2,8,4,10,20,18,22,23,24,13,16,7,21,15,12,5],[18,6,2,4,10,22,14,24,8,15,16,7,21,12,13,5,23],[14,22,2,10,6,4,18,24,16,7,8,15,21,12,5,13,23],[2,6,8,4,10,14,21,18,22,16,24,11,12,5,7,15,9,13],[2,18,14,22,10,6,8,4,23,13,24,16,5,12,21,7,15],[22,10,2,6,8,4,14,18,24,16,12,5,15,7,21,13,23],[14,22,18,10,2,6,8,4,24,16,11,12,5,9,7,21,15,13],[18,10,14,6,22,4,24,8,15,16,5,7,21,12,13,23],[18,14,6,22,10,2,8,4,23,24,15,16,5,7,21,13,12],[14,2,18,10,22,6,4,24,16,8,11,12,5,7,15,13,9,23],[18,2,6,8,4,22,10,14,24,16,12,13,7,23,21,15,5],[10,14,18,6,22,2,4,8,23,16,24,7,13,15,12,21,5],[6,2,8,4,10,18,14,22,24,16,11,12,7,15,9,13,21,5],[22,14,18,10,6,2,4,7,24,16,8,23,15,13,12,21,5],[14,22,6,10,2,8,1,18,24,16,12,7,15,23,13,21,5,4],[22,6,16,10,2,4,18,24,14,8,12,13,7,23,15,21,5],[2,14,10,22,18,6,8,4,24,16,11,12,5,9,7,23,13,21],[10,22,18,2,6,8,4,14,24,13,16,7,23,15,9,12,21,5],[14,6,17,18,22,10,2,1,23,5,8,24,15,16,13,7,12,21,4],[14,2,6,4,22,18,10,8,24,16,12,23,5,13,7,15,21],[14,18,6,22,10,2,8,4,24,15,16,5,7,23,21,13,12],[22,10,2,14,18,6,3,5,24,4,16,8,12,23,15,13,7,21],[6,24,2,8,4,18,10,14,16,22,12,15,5,7,23,13,21],[18,10,14,22,6,2,4,8,24,15,16,5,7,23,13,12,21],[10,18,2,22,6,4,14,24,8,16,12,23,5,15,13,7,21],[6,2,8,4,18,14,10,22,21,13,16,24,7,5,12,15,23],[2,18,6,4,22,14,10,24,16,8,11,12,7,21,15,13,9],[2,10,6,5,4,18,22,14,24,16,8,15,13,7,21,12,23],[2,14,6,8,4,10,18,22,21,16,24,9,12,7,13,15,5,23],[2,22,18,14,6,8,4,10,24,16,11,12,5,7,15,13,9,23],[2,10,18,14,6,8,4,22,24,15,16,5,13,7,23,12,21],[2,14,10,18,6,1,22,8,24,16,9,12,23,7,15,21,13,5,4],[10,6,2,4,22,14,18,24,16,8,12,5,15,13,7,23,21],[22,10,6,14,18,2,8,4,24,13,16,5,12,21,15,7,23],[22,14,18,6,2,8,4,10,24,16,9,12,5,15,7,23,21,13],[2,22,10,6,8,4,14,20,18,23,16,24,7,15,21,13,12,5],[22,10,14,18,2,6,4,8,24,13,16,5,9,12,21,15,7,23],[6,2,4,10,14,22,18,24,16,5,8,11,12,9,7,13,21,15],[18,22,6,10,14,2,4,24,16,8,12,15,7,21,13,5,23],[18,6,2,4,22,14,10,5,24,16,8,21,12,15,13,7,23],[22,2,14,10,6,4,18,24,8,16,9,11,7],[18,10,14,6,2,4,22,24,5,16,8,12,15,13,7,23,21],[22,10,14,6,2,8,4,18,24,13,15,7,23,12,16,21,5],[18,22,6,14,2,4,10,8,24,16,12,15,7,23,13,21,5],[2,14,22,6,4,10,18,24,16,8,9,12,23,7,13,15,21,5],[2,14,22,18,6,4,10,24,16,5,8,15,13,7,21,12,23],[2,18,14,10,6,3,22,8,24,13,4,16,7,21,15,12,5,23],[6,18,22,10,2,3,14,8,24,13,4,16,5,11,12,7,23,9],[22,2,6,4,10,14,18,23,8,15,16,24,5,7,13,12,21],[6,2,4,22,11,10,8,12,15,14,18,16,23,5,24,7,13,9],[18,10,22,2,6,8,4,14,21,16,24,12,5,15,13,7,23],[2,18,6,4,14,22,10,24,16,8,11,12,5,7,23,15,9,13],[6,14,2,4,10,22,18,8,24,16,9,12,15,5,7,21,23,13],[2,10,6,8,4,22,14,18,24,16,12,5,15,7,21,13,23],[22,14,10,6,2,4,18,5,24,16,8,21,12,15,7,13,23],[14,10,22,6,18,2,8,4,24,13,16,5,12,23,21,7,15],[18,14,10,6,2,8,4,22,24,16,9,12,5,23,13,7,21,15],[6,14,10,2,4,18,22,24,7,16,8,15,21,12,13,5,23],[14,22,10,2,18,6,8,4,24,16,11,12,5,7,15,13,9,21],[10,6,14,22,2,4,18,24,13,8,16,5,12,21,15,7,23],[18,22,2,14,10,6,4,24,8,16,11,12,7,21,15,9,13,5],[2,10,6,8,4,20,18,14,22,24,16,12,21,15,5,7,23,13],[2,10,22,18,6,8,4,14,24,16,9,11,7],[10,22,14,2,18,6,8,4,23,13,24,16,5,9,11],[22,10,6,18,2,4,13,14,8,21,15,7,24,12,16,5,23],[10,6,22,2,4,18,14,8,24,16,9,12,5,21,15,7,23,13],[10,6,18,22,2,4,14,24,16,7,8,15,21,12,5,13,23],[6,2,5,4,14,22,10,18,24,16,8,13,12,23,7,21,15],[14,10,18,2,22,6,4,24,13,8,16,7,21,15,12,5,23],[14,18,2,10,22,6,4,8,24,15,16,7,23,21,13,12,5],[18,14,10,2,22,6,4,24,15,8,16,7,21,12,5,13,23],[6,2,4,10,22,14,18,23,8,24,16,5,12,15,7,13,21],[14,2,18,22,6,8,4,10,24,16,12,5,13,21,7,15,23],[2,10,14,22,18,6,4,24,5,16,8,12,21,15,7,13,23],[6,10,14,2,8,4,22,17,18,24,15,16,5,13,7,23,12,21],[14,18,2,10,6,7,22,24,4,16,8,13,23,21,15,12,5],[6,18,2,4,14,10,22,8,24,13,15,7,23,12,16,21,5],[14,18,2,22,10,6,5,4,24,16,8,23,13,12,7,15,21],[18,10,2,22,14,6,7,4,24,16,8,15,23,21,13,12,5],[18,6,10,2,8,4,14,22,24,16,11,12,7,15,9,13,23,21],[2,14,22,18,6,8,4,10,24,16,12,23,5,13,7,15,21],[22,10,6,14,18,2,4,24,16,5,8,15,7,23,21,13,12],[22,6,2,8,4,18,14,10,24,16,9,11,7],[2,6,4,14,22,10,18,21,8,15,16,5,24,7,12,23,13],[2,14,22,10,6,7,18,24,4,16,8,21,15,12,13,5,23],[22,6,18,2,4,10,14,5,24,16,8,12,15,7,21,13,23],[6,20,18,22,2,8,4,10,14,24,13,16,5,21,12,15,7,23],[14,2,18,22,10,6,4,8,21,15,16,7,24,12,5,23,13],[22,18,2,14,6,8,4,10,23,24,13,16,5,11,12,7,9,21],[14,6,10,18,22,2,8,4,24,16,11,12,5,9,7,23,13,21],[14,22,18,10,6,2,4,23,7,16,24,8,13,21,15,12,5],[2,18,10,6,8,4,14,22,24,13,16,5,21,11,12,9,7,15],[6,14,2,4,22,18,10,24,8,13,16,7,21,5,12,23,15],[6,2,8,4,10,18,22,14,24,16,9,12,7,23,13,21,15,5],[10,6,14,22,2,1,18,24,8,16,9,12,13,7,21,15,5,4],[22,18,14,10,2,6,4,8,23,24,16,7,13,21,15,12,5],[22,18,14,2,6,4,10,21,8,16,24,12,13,5,7,15,23],[2,18,14,22,10,6,8,4,24,16,12,15,7,23,13,21,5],[14,22,2,18,6,4,10,8,24,16,9,11,7],[2,14,6,8,4,22,18,10,21,16,24,9,12,5,15,13,7,23],[10,2,14,6,7,18,22,24,4,16,8,13,23,15,12,21,5],[18,2,22,14,10,6,8,4,24,16,12,21,15,5,13,7,23],[6,22,14,10,18,2,4,24,8,16,11,12,5,9,7,21,15,13],[14,22,2,10,18,6,8,4,24,15,16,5,13,7,21,12,23],[22,2,18,10,6,8,4,14,24,16,12,5,15,7,21,23,13],[18,14,10,2,6,8,4,24,13,16,22,7,21,5,12,15,23],[10,22,2,14,6,8,1,18,21,16,24,9,12,5,13,15,7,4],[6,10,2,8,4,22,16,18,24,14,12,21,13,7,15,5,23],[2,10,18,14,6,4,22,24,7,16,8,15,21,12,5,13,23],[2,6,8,4,18,14,10,22,24,13,16,5,12,23,21,7,15],[2,14,18,10,6,8,4,22,24,15,16,5,13,7,23,12,21],[18,14,10,6,22,2,3,7,24,16,4,8,21,15,12,5,13,23],[14,18,22,2,6,8,3,10,21,16,4,24,9,12],[10,2,22,6,4,14,18,23,5,8,24,16,13,12,7,21,15],[14,18,10,22,2,6,8,4,23,13,24,16,5,12,21,15,7],[6,18,14,10,2,4,22,24,16,7,8,13,23,15,12,21,5],[2,14,18,6,4,10,22,8,21,16,23,5,24,12,13,7,15],[10,2,14,22,18,6,8,4,24,16,11,12,7,21,13,15,9,5],[10,14,22,18,6,2,5,4,24,16,8,15,13,7,21,12,23],[6,14,18,22,2,4,10,24,16,8,11,12,7,13,21,9,15,5],[2,22,18,10,6,8,4,14,21,13,16,24,7,15,12,5,23],[6,2,8,4,14,22,18,10,24,16,12,5,13,23,7,21,15],[18,14,22,2,10,6,5,4,24,16,8,21,12,13,7,15,23],[10,2,18,14,22,6,8,4,24,13,16,5,12,23,7,15,21],[14,2,18,6,8,4,10,22,23,24,16,7,13,15,12,21,5],[18,10,2,6,4,14,22,23,8,16,24,7,13,21,15,12,5],[6,10,22,14,1,18,8,21,16,24,11,12,5,9,7,15,13,2],[10,2,14,6,4,22,18,24,8,16,9,11,5,12,7,23,13,21],[2,10,22,18,14,6,8,4,24,15,16,5,7,21,12,23,13],[14,18,2,22,6,8,4,10,24,16,11,12,5,9,7,21,15,13],[18,22,14,6,2,4,10,8,24,16,9,12,5,13,21,15,7,23],[14,22,2,10,18,6,4,5,24,16,8,12,15,7,21,13,23],[2,6,4,14,10,22,18,21,8,16,24,11,12,5,7,15,9,13],[6,2,8,4,22,18,10,14,24,16,12,23,5,15,7,21,13],[22,18,6,4,14,10,8,24,15,16,5,7,21,12,23,13],[10,6,14,2,4,18,22,23,8,13,24,16,7,21,15,12,5],[18,22,2,14,6,8,3,10,24,16,4,12,13,5,23,21,7,15],[10,22,2,14,6,4,18,8,24,16,9,12,13,5,21,7,15,23],[2,6,4,14,10,22,18,8,23,24,16,7,13,21,15,9,12,5],[6,10,14,2,8,4,22,18,24,16,12,15,5,7,21,23,13],[6,2,7,10,22,14,18,24,4,16,8,15,23,21,13,12,5],[6,2,4,14,18,22,10,8,24,16,9,11,7],[6,2,8,4,10,19,14,24,16,22,18,9,11,7],[18,22,14,6,2,4,10,8,24,16,11,12,5,7,21,15,13,9],[22,18,14,6,10,2,5,4,24,16,8,12,15,7,23,13,21],[2,6,3,10,22,14,18,8,21,16,1,24,9,11,7],[18,6,10,3,24,14,16,2,8,4,22,9,12,21],[10,18,14,6,22,2,4,24,8,13,16,7,23,15,12,21,5],[10,22,18,2,6,4,14,24,16,7,8,13,21,5,12,23,15],[14,6,22,10,18,2,8,4,21,16,24,9,12,7,13,15,5,23],[18,10,14,2,22,6,4,7,24,16,8,13,23,15,12,21,5],[18,6,14,10,2,4,22,24,8,16,11,12,7,15,13,9,21,5],[22,10,2,14,6,4,18,8,23,24,16,7,13,15,12,21,5],[10,22,2,14,18,6,4,24,13,8,16,7,23,15,12,21,5],[18,22,10,2,14,6,7,4,24,16,8,15,23,21,13,12,5],[2,10,18,14,22,6,8,4,24,16,12,23,7,15,13,21,5],[2,18,6,8,4,14,12,22,24,16,23,7,13,15,21,5,10],[2,10,14,22,6,8,4,18,24,16,12,21,7,15,5,23,13],[14,6,18,22,10,2,4,24,16,8,9,11,7],[18,6,2,8,4,22,10,14,24,16,11,12,5,7,15,9,13,23],[10,2,22,14,6,8,3,18,24,16,1,12,21,5,15,7,23,13],[10,18,6,2,8,4,22,14,23,24,13,16,5,12,21,7,15],[22,18,6,10,2,4,14,8,23,13,24,16,5,12,21,7,15],[14,6,10,22,2,4,18,8,24,16,12,7,15,23,13,21,5],[10,6,20,18,22,14,2,4,23,8,13,24,16,7,15,12,21,5],[6,14,18,10,22,2,8,4,24,16,11,12,5,7,15,9,13,21],[14,10,6,2,8,4,18,22,24,16,9,11,5,12,7,23,15,13],[6,18,10,4,22,14,8,24,16,12,23,5,15,7,13,21],[22,14,2,18,6,8,4,10,23,16,24,5,12,15,13,7,21],[2,22,14,10,6,8,4,18,24,16,12,7,13,21,15,5,23],[6,2,8,4,14,10,17,18,22,21,16,23,7,15,24,13,12,5],[2,22,6,8,3,18,10,14,23,21,16,4,7,15,24,13,12,5],[22,10,18,2,6,8,4,14,24,16,12,15,5,13,7,21,23],[18,22,6,10,2,8,4,14,24,15,16,7,21,12,13,5,23],[10,6,3,18,14,22,24,8,15,16,2,4,7,21,12,5,23,13],[6,14,2,8,4,22,10,18,24,16,9,12,21,13,5,15,7,23],[18,6,14,22,2,5,4,10,24,16,8,12,21,13,15,7,23],[10,22,14,6,2,8,4,18,21,15,16,5,24,7,12,13,23],[14,22,18,10,2,6,8,4,24,16,9,5,12,15,7,21,23,13],[2,18,22,6,8,1,10,14,24,16,11,12,5,9,7,13,21,4],[22,2,10,18,14,6,8,4,24,15,16,5,13,7,21,12,23],[14,2,22,10,6,8,4,18,24,13,16,5,23,11,12,9,7,21],[18,6,22,2,4,14,10,8,24,13,16,7,23,15,12,21,5],[10,14,2,22,18,6,8,4,24,13,16,7,21,5,12,15,23],[2,6,8,4,10,22,18,14,24,16,12,21,7,13,15,5,23],[22,10,2,6,4,14,18,8,24,16,12,7,21,13,5,15,23],[22,6,2,4,18,14,10,24,8,16,12,13,5,23,7,15,21],[22,18,14,10,6,2,8,4,24,16,9,12,13,7,21,15,5,23],[22,2,18,14,10,6,3,8,21,16,4,24,12],[18,6,14,24,10,2,4,16,8,22,12,15,5,13,7,23,21],[10,14,6,2,8,4,22,18,24,13,16,7,21,15,12,5,23],[22,2,6,4,14,18,10,24,15,8,16,5,7,23,13,12,21],[10,2,6,4,18,22,14,7,24,16,8,13,21,5,12,15,23],[6,2,4,20,18,14,10,23,22,8,24,15,16,5,7,21,13,12],[6,14,18,22,2,8,4,10,24,16,9,11,7],[18,10,2,22,14,6,4,24,8,13,16,7,21,15,12,5,23],[14,22,18,6,2,4,10,8,24,16,9,12,21,5,13,7,23,15],[6,18,2,4,14,10,22,24,8,16,12,21,15,5,7,13,23],[14,10,2,18,22,6,4,24,16,7,8,15,21,12,5,13,23],[14,22,2,6,8,4,10,18,24,16,11,12,7,15,13,9,21,5],[2,10,14,18,22,6,8,4,24,13,16,7,21,15,12,5,23],[6,10,2,4,18,14,21,22,8,13,16,23,7,24,15,12,5],[14,6,2,8,4,22,10,18,24,16,12,23,7,15,21,13,5],[2,22,6,4,10,18,14,24,16,8,9,12,5,21,15,13,7,23],[18,10,6,22,14,2,4,8,24,16,12,21,7,13,15,5,23],[6,14,18,10,2,4,22,24,16,8,12,13,5,23,21,7,15],[10,6,22,18,14,2,8,4,24,15,16,5,13,7,23,12,21],[2,6,4,18,24,10,14,16,8,22,11,12,5,9,7,13,21,15],[18,2,10,6,8,4,14,22,24,16,11,12,7,21,13,9,15,5],[10,14,6,22,18,2,4,23,8,24,15,16,5,13,7,12,21],[2,18,22,6,4,10,14,24,8,16,9,12,5,13,23,7,15,21],[18,6,22,14,2,8,4,10,24,16,12,23,5,15,7,21,13],[6,10,18,22,14,2,8,1,24,13,16,5,12,21,4,7,23,15],[10,6,18,2,4,22,14,8,24,13,16,7,21,5,12,23,15],[18,2,14,10,6,4,22,8,21,13,15,7,24,11,9],[14,22,10,6,2,8,4,18,24,15,16,5,13,7,23,12,21],[6,22,10,18,14,2,4,8,24,16,11,12,7,13,23,21,9,15],[10,6,18,14,2,4,22,8,24,16,11,12,5,9,7,21,13,15],[22,2,10,18,14,6,8,4,24,16,12,7,15,21,5,13,23],[18,2,10,6,3,14,22,8,21,16,4,24,11,12,5,7,13,9],[2,22,18,6,4,10,14,23,8,24,16,7,15,13,12,21,5],[22,14,2,10,18,6,8,4,21,16,24,9,12,15,5,7,23,13],[14,18,6,24,10,2,7,16,4,22,8,13,23,15,12,21,5],[18,14,10,22,2,6,4,8,24,16,9,11,5,12,7,21,13,15],[2,6,8,4,18,10,14,21,22,16,24,11,12,5,7,13,15,9],[2,14,6,8,4,19,10,22,24,13,15,5,16,7,21,18,12,23],[10,14,6,18,22,2,4,8,24,15,16,7,21,12,5,13,23],[10,2,14,22,6,4,18,7,16,24,8,21,15,12,5,23,13],[18,22,6,2,4,14,10,8,24,16,12,15,7,21,5,13,23],[2,22,6,8,3,18,10,14,24,16,4,9,12,15,5,13,7,23,21],[14,18,2,6,4,22,10,8,24,16,12,7,13,21,5,15,23],[6,22,2,8,4,14,10,18,21,16,23,5,24,15,13,7,12],[6,2,1,18,14,22,10,5,24,16,8,15,13,7,21,12,4,23],[14,10,2,18,6,4,22,5,24,16,8,13,12,21,15,7,23],[6,18,22,4,10,14,24,8,16,12,23,5,13,21,7,15],[6,14,2,1,18,11,10,8,12,22,21,5,16,7,24,13,9,4],[14,2,10,6,5,4,22,18,24,16,8,13,12,21,15,7,23],[22,2,6,8,4,10,18,14,24,16,9,12,23,5,15,13,7,21],[22,6,2,4,18,10,14,8,21,13,15,7,24,12,16,5,23],[14,18,2,6,3,22,10,8,24,16,4,12,7,15,23,13,21,5],[18,14,22,6,2,8,4,10,24,16,12,23,5,13,21,7,15],[2,22,10,18,14,6,8,4,24,16,12,7,15,23,21,13,5],[14,22,2,10,18,6,8,4,24,16,11,12,5,9,7,15,13,23],[10,18,14,22,6,2,4,8,24,16,12,21,15,5,7,23,13],[22,2,14,10,18,6,4,8,24,16,12,5,13,23,7,21,15],[14,2,6,8,1,22,18,10,24,16,9,12,5,23,15,13,7,21,4],[2,14,6,4,18,22,10,24,16,7,8,15,23,21,13,12,5],[2,10,22,18,14,6,7,24,4,16,8,15,23,13,12,21,5],[6,22,18,2,7,14,10,24,4,16,8,13,21,15,12,5,23],[22,6,14,10,18,2,8,4,24,16,9,12,13,7,21,5,23,15],[2,18,14,22,10,6,4,8,24,13,16,7,23,21,15,12,5],[10,2,14,6,8,4,22,18,23,24,16,7,15,21,13,12,5],[10,18,14,22,6,2,8,4,24,16,9,12,23,5,15,7,13,21],[22,2,6,8,4,10,18,14,24,16,9,12,15,5,7,23,21,13],[2,10,6,4,14,18,22,8,23,21,16,7,15,24,13,12,5],[6,10,2,8,4,18,22,16,24,14,9,7,12,15,23,13,21,5],[10,18,22,2,6,4,14,24,8,13,16,7,23,15,12,21,5],[10,2,22,6,4,13,20,18,14,8,24,16,7,21,15,12,5,23],[10,18,22,6,2,8,4,14,24,16,12,7,15,23,13,21,5],[14,10,22,2,6,4,18,24,16,8,12,15,5,7,23,21,13],[6,2,4,10,22,14,18,7,24,16,8,15,21,12,13,5,23],[18,22,6,2,8,4,10,14,24,16,11,12,7,15,13,9,23,21],[18,22,14,10,2,6,8,4,21,16,24,11,12,7,15,13,9,5],[6,18,10,14,22,2,4,8,21,15,16,5,24,13,7,12,23],[18,10,6,22,14,2,4,21,8,16,24,12,15,5,7,23,13],[6,22,14,2,7,18,10,4,24,16,8,23,15,21,13,12,5],[2,10,14,18,6,8,4,22,24,13,15,5,16,7,23,12,21],[14,22,10,6,2,4,18,7,24,16,8,15,21,12,13,5,23],[6,2,8,3,14,18,22,10,24,16,4,9,12,13,5,21,15,7,23],[6,14,10,22,2,4,18,24,8,13,16,5,12,23,7,21,15],[22,6,10,14,2,8,4,18,24,16,9,11,5,12,7,21,13,15],[2,22,6,4,10,18,14,24,8,16,9,11,7],[10,2,18,6,4,14,22,8,23,16,24,5,13,12,21,7,15],[22,10,14,2,6,8,3,18,24,13,4,16,12,5,21,7,23,15],[14,6,2,8,4,22,18,10,23,15,16,24,5,7,21,13,12],[10,22,6,18,2,8,4,14,24,16,11,12,7,23,15,9,13,21],[6,10,18,14,2,3,21,8,22,16,4,23,7,15,24,13,12,5],[2,10,14,22,18,6,4,8,24,16,9,12,23,7,15,13,21,5],[18,22,14,6,2,8,4,9,10,23,21,16,5,24,12,15,13,7],[14,6,2,8,1,22,10,18,23,15,16,24,5,7,13,12,21,4],[14,22,10,6,2,4,18,21,8,16,24,12,15,7,5,13,23],[2,6,4,14,22,10,18,7,24,16,8,13,21,15,12,5,23],[6,14,12,22,18,2,4,24,8,15,16,7,23,13,21,5,10],[18,14,2,22,10,6,4,8,24,16,12,23,5,13,21,7,15],[6,10,18,21,14,2,4,22,8,15,16,7,24,12,13,5,23],[2,14,6,4,22,18,10,24,8,16,12,5,23,13,7,15,21],[6,2,8,4,14,18,22,9,10,23,24,13,16,7,12,21,15,5],[18,22,6,2,4,14,10,8,23,24,15,16,5,7,13,12,21],[18,6,2,4,22,10,14,8,24,16,12,15,5,13,7,21,23],[10,2,22,14,6,8,4,18,24,15,16,7,21,12,13,5,23],[6,14,22,18,10,2,4,8,24,16,11,12,5,7,23,13,21,9],[6,2,8,4,18,22,14,10,21,16,24,9,12,7,13,15,5,23],[10,22,18,6,2,8,3,14,24,16,1,9,12,5,21,15,7,13,23],[2,6,4,10,22,14,18,24,8,15,16,7,23,21,13,12,5],[2,6,8,4,14,10,22,18,24,16,9,12,7,13,21,15,5,23],[10,6,2,4,21,14,18,22,5,13,16,8,24,12,7,23,15],[18,14,10,22,6,2,4,21,7,16,24,8,15,12,13,5,23],[18,6,10,2,8,4,22,13,14,24,16,7,21,15,9,12,5,23],[10,18,22,2,6,4,14,8,24,16,9,12,5,13,23,7,15,21],[22,10,14,2,18,6,5,4,24,16,8,23,15,7,21,13,12],[22,6,10,18,2,8,4,14,24,13,16,5,11,12,7,23,9,21],[6,14,2,4,10,18,22,8,21,16,24,12,5,13,7,23,15],[18,10,14,22,2,6,4,8,24,13,16,7,21,5,12,23,15],[2,18,22,14,6,8,4,10,24,16,11,12,5,9,7,15,13,21],[18,6,2,4,22,10,14,24,7,16,8,23,15,21,13,12,5],[14,18,22,2,6,8,4,12,24,16,15,7,21,5,13,23,10],[2,14,6,8,4,10,18,22,24,15,16,5,7,23,21,13,9,12],[22,6,2,8,4,10,14,18,21,15,16,7,24,12,13,5,23],[14,22,10,2,18,6,4,8,23,24,16,7,15,13,12,21,5],[14,22,10,18,6,2,8,4,24,16,12,21,15,7,13,5,23],[10,18,14,22,6,2,8,1,23,24,16,7,15,13,12,21,5,4],[14,18,2,6,4,10,22,23,8,24,16,5,13,12,21,7,15],[22,10,6,2,8,4,14,18,24,16,12,7,15,21,5,13,23],[10,22,6,14,20,18,2,8,4,24,16,12,15,7,21,13,5,23],[18,2,22,14,6,8,4,10,24,16,11,12,5,7,15,13,9,23],[14,6,2,7,18,10,22,24,4,16,8,15,21,12,5,23,13],[14,22,10,2,18,6,4,8,24,16,9,12,23,7,15,13,21,5],[22,18,2,6,4,10,14,24,7,16,8,21,13,15,12,5,23],[6,10,2,3,24,14,18,8,13,4,16,21,7,5,22,12,15,23],[10,6,18,2,8,4,14,22,24,16,12,5,13,23,7,15,21],[14,18,2,10,22,6,8,4,24,13,16,5,12,21,15,7,23],[18,14,2,6,4,10,22,8,24,16,12,15,5,13,7,23,21],[10,18,22,2,6,4,14,7,24,16,8,13,21,15,12,5,23],[10,14,2,22,18,6,8,3,24,13,4,16,7,23,15,12,21,5],[6,16,18,10,2,8,4,22,24,14,12,13,5,21,7,23,15],[22,10,14,2,18,6,4,24,7,16,8,13,21,5,12,15,23],[6,2,8,4,14,18,12,22,24,16,5,21,15,7,13,23,10],[18,6,14,22,10,2,8,4,24,15,16,5,7,21,12,13,23],[6,14,2,8,4,10,22,18,24,16,12,21,7,13,5,15,23],[2,18,14,22,6,8,1,10,21,15,16,5,24,13,7,12,4,23],[6,22,10,2,4,14,18,8,24,16,11,12,7,21,13,9,15,5],[22,10,2,18,6,8,4,14,23,16,21,5,24,12,13,7,15],[6,10,22,2,4,14,18,8,24,13,16,5,23,12,21,7,15],[10,22,2,6,8,4,18,14,23,24,16,5,15,13,7,12,21],[14,10,18,2,6,4,22,8,24,16,12,13,7,23,21,15,5],[22,18,14,10,6,2,8,4,24,16,12,13,7,21,5,15,23],[2,18,22,10,6,4,14,24,8,16,9,12,5,13,21,15,7,23],[10,18,14,22,6,2,8,4,24,16,9,12,5,15,7,21,13,23],[10,22,6,2,4,18,14,24,13,8,15,7,21,12,16,5,23],[22,6,18,2,8,3,10,14,24,15,16,5,4,13,7,21,12,23],[10,18,22,6,16,2,8,4,24,14,9,12,7,23,15,13,21,5],[22,2,18,6,4,10,14,5,24,16,8,12,15,13,7,23,21],[14,6,22,18,10,2,8,4,23,24,16,7,15,21,13,12,5],[2,10,6,8,1,18,22,14,24,16,11,12,5,9,7,21,15,13],[22,6,10,20,18,2,1,16,7,24,14,8,15,23,13,12,21,5,4],[18,10,6,22,2,4,14,5,24,16,8,12,23,13,7,15,21],[22,2,6,4,18,14,10,5,24,16,8,9,12,15,13,7,21,23],[6,2,1,14,10,20,18,22,21,8,16,24,12,7,15,13,5,4,23],[18,2,10,22,6,4,14,8,23,24,13,16,7,21,15,12,5],[2,6,4,18,22,12,14,24,8,16,7,13,23,15,21,5,10],[10,6,14,2,3,22,18,8,24,16,4,12,5,21,15,7,23,13],[2,14,22,6,4,18,10,8,24,13,16,7,23,15,12,21,5],[22,2,14,6,4,10,18,8,24,15,16,5,7,21,12,13,23],[18,14,6,10,22,4,8,24,16,12,5,15,7,23,21,13],[14,18,10,22,2,6,8,4,24,16,12,5,13,23,21,7,15],[18,22,14,2,6,8,4,10,24,15,16,5,7,21,12,13,23],[6,14,10,22,18,2,4,8,24,13,16,7,23,21,15,12,5],[22,14,6,2,4,18,10,5,24,16,8,12,15,13,7,21,23],[14,22,18,2,6,8,4,10,24,16,9,12,5,15,7,21,13,23],[6,14,10,18,22,2,4,21,8,16,23,7,13,24,15,12,5],[6,18,2,8,4,14,22,10,24,13,16,5,23,12,21,7,15],[14,6,2,8,4,22,10,18,24,15,16,7,23,21,13,12,5],[2,6,5,4,10,14,18,22,24,16,8,13,12,23,21,7,15],[10,18,6,2,8,4,16,22,24,14,12,23,5,15,13,7,21],[2,10,14,6,8,4,18,23,22,16,24,5,12,15,7,13,21],[10,22,6,2,5,4,14,18,24,16,8,12,15,7,21,13,23],[18,10,14,2,22,6,5,4,24,16,8,21,12,15,7,23,13],[14,6,2,8,4,18,10,22,24,15,16,5,13,7,23,12,21],[18,14,10,2,22,6,8,3,24,13,4,16,7,23,21,15,12,5],[2,10,6,4,18,14,22,24,5,16,8,13,12,21,15,7,23],[14,18,6,2,8,4,22,10,24,16,9,12,15,7,23,13,21,5],[18,2,10,22,14,6,4,7,24,16,8,23,15,21,13,12,5],[18,22,10,2,14,6,4,7,24,16,8,21,13,15,12,5,23],[6,18,10,22,2,8,4,16,23,24,14,5,12,15,13,7,21],[2,6,4,22,18,10,14,7,24,16,8,13,21,15,12,5,23],[6,2,4,10,14,22,18,24,8,16,12,15,7,21,5,13,23],[22,2,10,18,14,6,8,4,24,16,12,5,15,7,23,13,21],[2,18,14,22,6,4,10,8,24,16,11,12,7,13,23,21,9,15],[10,18,14,22,6,2,4,24,16,8,12,23,5,15,7,13,21],[2,22,14,6,8,4,18,10,23,16,24,5,12,13,21,7,15],[6,2,8,4,10,22,18,14,24,13,16,5,12,23,21,7,15],[6,2,4,22,12,14,18,24,15,8,16,5,13,7,23,21,10],[14,6,18,10,22,2,4,24,8,13,16,7,23,21,15,12,5],[22,18,2,6,8,4,14,10,24,16,11,12,5,9,7,13,21,15],[18,22,14,2,10,6,8,4,21,16,24,12,15,5,7,23,13],[6,10,18,2,4,14,22,8,23,15,16,24,7,21,13,12,5],[10,2,22,18,14,6,4,24,16,8,9,12,23,5,13,21,7,15],[6,10,22,2,4,18,14,24,8,16,12,13,7,21,5,15,23],[22,2,10,14,6,4,20,18,24,15,7,16,8,23,21,13,12,5],[10,6,22,18,2,8,4,14,24,16,11,12,7,15,9,13,21,5],[18,6,2,4,10,16,22,24,14,5,8,21,12,15,7,13,23],[6,14,22,18,10,2,4,8,24,16,12,15,7,21,13,5,23],[10,6,2,8,1,18,14,22,24,13,16,5,12,21,4,7,15,23],[14,10,6,2,4,22,18,8,21,16,24,12,7,13,15,5,23],[2,18,10,14,22,6,4,8,24,15,16,5,7,21,12,13,23],[10,14,18,22,6,4,8,24,15,16,7,23,21,13,12,5],[22,14,2,18,10,6,3,8,24,16,4,12,13,5,21,15,7,23],[6,18,2,4,22,12,14,8,21,16,24,5,15,13,7,23,10],[6,14,22,2,4,12,18,5,24,16,8,21,15,7,23,13,10],[18,10,22,2,6,4,14,24,8,16,11,12,7,13,23,9,21,15],[18,10,2,14,6,8,4,22,24,16,9,12,15,7,21,5,13,23],[18,14,6,2,8,4,22,10,24,13,16,5,12,21,7,23,15],[2,14,22,6,8,4,18,10,24,16,12,13,5,23,7,15,21],[10,18,14,22,6,2,8,4,23,24,16,5,12,13,7,15,21],[10,2,14,22,6,5,4,18,24,16,7,15,23,21,13,12,3],[10,2,6,8,1,14,18,22,24,15,16,7,21,12,13,5,4,23],[22,18,14,2,10,6,4,8,24,16,12,21,5,15,13,7,23],[2,18,6,4,22,14,10,24,16,8,9,7,12,21,13,15,5,23],[18,14,22,6,2,8,4,10,23,24,13,16,7,15,12,21,5],[18,6,2,1,10,22,14,8,24,16,11,12,7,13,21,15,9,4],[6,20,18,10,2,8,4,14,22,24,16,11,12,7,15,13,9,23,21],[18,2,6,8,4,10,14,22,21,16,24,12,13,7,5,23,15],[14,2,10,6,4,18,22,23,8,24,16,5,12,15,13,7,21],[2,6,8,3,14,22,10,18,24,13,4,16,7,23,21,15,12,5],[10,22,18,14,6,2,4,24,16,8,9,12,15,7,21,13,5,23],[14,18,22,2,6,8,4,10,24,15,16,7,21,12,5,13,23],[6,2,1,10,16,18,22,8,21,14,24,9,12,7,15,5,4,23,13],[6,22,18,2,8,4,10,14,24,16,11,12,7,13,23,9,21,15],[2,22,10,18,6,3,14,8,24,16,4,12,23,7,13,21,15,5],[14,6,18,2,8,4,22,10,24,15,16,7,23,13,12,21,5],[22,2,10,14,18,6,4,21,8,16,23,5,24,12,15,13,7],[14,22,18,10,2,6,4,24,16,8,12,7,15,21,13,5,23],[22,6,14,10,18,2,4,8,24,16,12,5,13,23,21,7,15],[10,18,6,22,14,2,8,4,24,16,12,13,7,21,15,5,23],[10,22,14,6,18,2,4,7,16,24,8,13,23,21,15,12,5],[22,14,10,2,18,6,4,21,7,16,24,8,15,9,12,13,5,23],[22,18,14,2,6,4,10,5,24,16,8,15,7,21,12,13,23],[6,10,22,4,14,20,18,24,15,8,16,5,7,21,12,13,23],[2,18,10,6,8,4,16,22,24,13,14,5,12,23,21,7,15],[6,14,22,18,10,2,8,3,24,16,4,12,13,7,23,21,15,5],[14,22,10,6,2,4,18,21,8,16,24,9,11,5],[2,6,3,18,22,14,10,8,21,16,4,24,12],[6,18,2,8,4,10,22,14,24,16,11,12,7,13,23,21,9,15],[22,14,10,2,18,6,5,4,24,16,7,21,13,12,15,23,1],[14,18,6,10,22,2,8,4,24,16,9,12,5,21,13,15,7,23],[18,2,22,14,10,6,4,23,8,16,24,5,12,15,13,7,21],[10,14,18,2,6,4,22,7,24,16,8,15,23,21,13,12,5],[18,14,2,22,6,4,10,24,8,15,16,5,13,7,21,12,23],[2,6,8,4,14,10,18,22,24,16,9,12,23,5,15,13,7,21],[22,2,6,7,10,14,18,24,4,16,8,21,13,5,9,12,15,23],[2,14,22,6,8,4,10,18,24,15,16,7,23,13,12,21,5],[6,22,4,18,10,14,24,16,7,8,13,21,15,12,5,23],[14,18,10,22,2,6,8,4,24,13,16,5,23,12,7,15,21],[6,22,14,10,18,2,8,4,24,16,11,12,5,7,13,21,9,15],[10,14,22,2,18,6,4,8,24,16,11,12,7,15,9,13,23,21],[22,2,10,6,1,14,18,8,24,16,11,12,5,9,7,13,21,4],[14,2,10,18,22,6,8,4,24,13,15,5,16,7,23,12,21],[2,18,6,8,4,14,10,22,24,15,16,7,23,21,13,12,5],[6,18,2,4,12,22,14,8,21,16,24,7,13,5,15,23,10],[6,14,22,2,4,20,18,10,24,8,16,9,12,5,23,13,7,15,21],[22,10,14,18,2,6,8,4,24,16,12,23,5,13,7,15,21],[10,22,14,6,18,2,4,21,8,13,16,24,7,15,9,12,5,23],[6,2,4,10,18,22,14,23,8,16,24,5,13,12,7,21,15],[6,14,10,2,4,18,22,23,8,13,24,16,7,21,15,12,5],[10,2,14,18,6,4,22,8,21,15,16,5,24,7,12,23,13],[10,22,6,14,2,8,1,18,24,15,16,5,7,21,12,4,23,13],[14,2,6,8,4,10,18,22,24,15,16,7,21,12,13,5,23],[6,14,18,10,2,4,22,24,7,16,8,15,23,13,12,21,5],[2,22,14,18,6,8,4,10,24,16,12,21,7,15,5,23,13],[22,18,6,10,14,2,1,23,7,16,8,24,13,15,12,21,5,4],[18,22,14,2,6,4,10,8,24,16,11,12,5,9,7,23,13,21],[2,6,4,10,14,22,18,24,5,16,8,23,12,15,13,7,21],[18,22,6,10,2,4,14,24,8,16,12,7,13,23,15,21,5],[6,10,2,4,18,14,22,21,5,16,8,24,13,12,15,7,23],[6,20,18,14,10,2,4,22,7,24,16,8,13,23,21,15,12,5],[6,10,18,22,14,3,5,24,16,2,8,4,13,12,21,7,23,15],[18,6,2,8,4,22,14,12,24,15,16,5,13,7,23,21,10],[14,2,6,8,4,22,18,10,24,16,12,15,5,7,21,23,13],[18,10,22,2,14,6,4,23,8,16,24,5,12,15,7,21,13],[14,18,22,10,2,6,4,8,21,13,16,23,7,24,15,12,5],[22,18,14,10,2,6,4,7,24,16,8,23,15,21,13,12,5],[6,10,2,4,22,14,18,8,24,15,16,7,21,12,13,5,23],[14,2,22,10,6,1,18,8,21,16,24,11,12,7,15,13,9,4],[10,2,18,22,14,6,8,4,24,15,13,5,16,7,21,12,23],[2,22,14,6,8,4,10,20,19,24,13,15,5,16,7,18,23,12,21],[10,18,6,16,21,2,8,4,22,14,24,11,12,5,7,15,13,9],[14,22,6,2,4,10,18,5,24,15,8,16,7,23,13,12,21],[14,6,18,10,22,2,4,24,13,8,16,7,23,21,15,12,5],[2,6,4,10,22,18,14,8,24,13,15,5,16,7,21,11,12,9],[22,2,18,10,6,8,1,14,21,16,24,11,12,7,13,9,4,15],[6,22,14,2,8,4,18,10,24,16,12,5,15,13,7,23,21],[14,18,10,2,6,5,4,22,24,16,8,12,23,15,13,7,21],[14,10,18,2,22,6,4,8,21,16,24,9,12,13,7,5,15,23],[2,14,10,22,6,8,4,18,21,15,16,7,24,12,13,5,23],[6,2,8,4,22,15,14,18,10,24,16,7,21,12,5,13,23],[22,14,6,4,10,18,7,24,16,8,13,23,15,12,21,5],[2,10,22,6,8,4,18,15,16,24,14,7,21,12,13,5,23],[22,14,2,6,3,18,10,8,24,16,4,12,13,7,23,21,15,5],[22,2,18,6,4,10,14,8,24,16,12,23,7,13,15,21,5],[10,6,18,14,2,8,4,22,24,16,9,12,21,15,7,5,13,23],[14,10,2,18,6,4,22,24,13,8,16,7,21,5,12,15,23],[10,6,2,8,1,22,18,14,24,16,9,12,15,5,13,7,23,21,4],[14,6,18,2,8,4,22,11,10,12,24,5,16,9,7,13,21,15],[2,18,14,6,4,10,22,24,16,5,8,12,13,21,15,7,23],[22,18,10,14,6,2,4,8,24,15,16,5,13,7,23,12,21],[6,18,22,14,2,8,4,10,24,16,9,11,5,12,7,21,13,15],[6,22,10,2,4,18,14,8,24,16,11,12,7,21,13,9,15,5],[22,10,18,2,14,6,4,24,15,8,16,5,7,21,12,23,13],[18,22,10,2,6,8,4,14,24,16,11,12,5,7,15,13,9,21],[2,10,6,4,22,14,18,5,24,16,8,12,13,21,15,7,23],[22,18,6,14,10,2,8,4,24,16,12,13,7,21,5,23,15],[18,14,10,2,6,4,22,8,21,16,24,12,7,15,5,23,13],[10,14,18,22,6,2,8,4,24,15,13,7,23,12,16,21,5],[10,14,22,2,6,4,18,8,21,16,24,11,12,7,13,9,15],[14,10,6,2,8,4,22,18,23,13,24,16,5,11,12,7,9,21],[10,14,18,6,22,2,4,8,24,16,12,7,13,23,15,21,5],[2,18,14,22,6,8,3,10,24,16,1,12,13,5,23,7,15,21],[6,10,14,22,18,2,4,24,5,16,8,13,21,12,7,23,15],[2,6,8,3,14,10,18,22,24,16,4,12,23,7,15,13,21,5],[14,18,6,22,10,2,8,1,24,16,12,13,5,23,7,15,21,4],[6,2,8,4,18,14,10,22,24,15,16,5,7,21,12,23,13],[18,2,10,22,6,4,14,8,24,13,16,5,21,12,15,7,23],[18,2,6,8,4,22,14,10,24,16,12,13,5,23,7,15,21],[22,18,10,14,2,6,8,4,24,16,11,12,7,13,23,21,9,15],[10,6,18,2,4,22,14,8,24,16,12,7,13,23,15,21,5],[14,22,10,18,6,4,5,24,16,8,15,7,23,13,12,21],[18,14,10,22,6,2,8,4,23,13,24,16,5,12,7,21,15],[14,6,3,10,22,18,8,24,16,2,4,9,11,5],[18,14,22,6,2,4,10,24,8,15,16,5,13,7,23,12,21],[2,14,22,18,10,6,4,8,23,16,24,5,15,7,13,12,21],[22,14,18,6,2,4,10,7,24,16,8,13,23,15,12,21,5],[14,22,2,6,5,4,18,10,24,16,8,23,15,13,7,12,21],[14,18,10,22,6,2,4,8,21,16,24,9,11,7],[10,22,2,6,4,18,14,8,23,24,16,7,15,13,12,21,5],[22,14,2,10,18,6,4,24,15,8,16,5,13,7,21,12,23],[18,22,2,14,6,4,10,8,24,13,16,5,23,12,21,7,15],[22,6,14,10,2,8,3,18,24,13,4,16,7,21,15,12,5,23],[18,22,10,6,14,2,4,7,23,16,24,8,13,21,15,12,5],[22,10,6,18,2,1,14,24,7,16,8,13,21,15,12,5,4,23],[18,2,10,14,22,6,4,24,8,16,12,5,13,21,7,15,23],[22,2,18,14,6,4,10,24,13,8,16,7,23,21,15,12,5],[18,22,14,2,6,1,10,8,24,15,16,7,23,21,13,12,5,4],[2,6,8,1,22,12,14,18,24,16,15,7,23,13,21,5,4],[2,22,18,14,6,8,4,10,21,16,24,12,15,7,5,23,13],[22,10,2,14,6,4,18,24,5,16,8,13,12,21,15,7,23],[6,14,18,22,2,4,10,8,24,16,11,12,5,7,21,13,15,9],[14,6,2,4,10,18,22,8,24,15,16,7,21,12,13,5,23],[14,2,10,18,22,6,8,4,24,16,9,12,13,7,21,5,23,15],[22,10,18,2,6,8,4,14,24,16,11,12,5,9,7,21,13,15],[14,6,10,22,18,2,4,24,16,5,8,12,13,21,7,15,23],[14,6,2,4,10,22,18,8,24,16,9,12,7,23,15,13,21,5],[22,10,14,2,18,6,8,4,21,16,24,11,12,5,7,15,13,9],[18,6,2,4,14,10,22,8,24,16,11,12,7,13,21,15,9,5],[14,6,22,10,2,4,18,5,24,16,8,12,13,21,15,7,23],[18,10,14,22,6,2,8,4,24,16,12,13,5,23,21,7,15],[10,22,2,6,4,18,14,24,8,16,12,23,7,13,21,15,5],[14,2,1