{"problem_id":"7RKPqnCEoaLgIyV","sigma":150,"alpha":10.000,"cost":0,"probabilities":"[0.24, 0.27, 0.24, 0.25]","payoff_matrix":"[[-124, -132, 66, 33, 92, -3], [66, 238, -64, 7, -344, 27], [-18, -261, 334, 78, -89, 37], [-169, 3, -169, -22, 81, -44]]","uncovered":[[6,18,14,10,2,4,22,24,16,8,12,23,5,21,13,15,7,3,1,11,9,19,20,17],[2,18,14,6,4,10,22,8,24,16,11,12,5,9,7,15,13,21,23,3,1,19,20],[6,14,2,4,10,22,18,8,24,16,12,23,7,5,15,21,13,1,11,9,20,17,19,3],[10,2,18,22,4,6,14,24,16,8,12,7,15,13,23,21,5,3,1,9,11,20,19],[6,18,10,2,8,4,14,22,24,16,9,12,13,5,15,7,23,21,3,1,11,17,19,20],[2,18,10,6,8,4,22,14,24,16,12,7,13,15,21,5,23,1,9,11,19,20,3,17],[18,6,14,10,2,4,22,8,24,16,12,5,15,7,21,13,23,3,1,11,9,19],[18,2,14,6,8,4,22,10,24,16,9,12,5,13,15,7,23,21,3,1,11,20,19],[6,22,10,2,4,14,18,8,24,16,12,5,15,7,21,23,13,1,11,9,19,3],[6,10,18,2,4,14,22,8,24,16,11,12,5,9,7,15,13,21,23,3,1,17,19,20],[2,6,8,4,10,14,22,18,24,16,11,12,7,13,9,23,21,15,5,1,19,3,20,17],[2,14,22,4,18,10,6,24,8,16,12,15,5,7,23,21,13,3,1,11,9,17,19,20],[14,22,6,18,2,8,4,10,24,16,12,13,5,7,21,15,23,1,11,9,17,19,3],[22,6,2,8,4,14,10,18,24,16,12,7,13,15,21,5,23,1,11,9,19,3,20,17],[18,6,2,4,14,10,22,8,24,16,11,12,5,7,13,15,9,21,23,1,20,3,17,19],[18,2,10,14,6,4,22,24,8,16,12,15,5,13,7,21,23,1,9,11,19,3,17],[2,14,22,24,6,8,4,18,10,16,12,23,5,7,15,13,21,1,11,9,19,3],[14,10,6,2,8,4,22,18,24,16,12,23,5,21,7,15,13,3,1,9,11,20,17,19],[2,18,14,6,8,4,10,22,24,16,12,15,5,13,7,23,21,1,9,11,17,19,3],[18,2,6,8,4,14,22,10,24,16,12,23,7,5,13,15,21,3,1,9,11,17,20,19],[18,6,22,14,10,2,4,24,8,16,12,7,13,5,23,15,21,3,1,11,9,19,20,17],[6,18,10,2,4,14,22,24,16,8,12,5,15,7,23,21,13,3,1,9,11,20,17,19],[2,18,22,4,6,14,10,24,16,8,11,12,7,13,9,23,21,15,5,3,1,17,19],[22,18,14,6,2,8,4,10,24,16,12,15,5,13,7,23,21,3,1,9,11,19,20],[18,14,6,10,22,2,8,4,24,16,11,12,7,13,9,21,15,5,23,3,1,19,20,17],[2,10,18,22,24,6,8,4,14,16,9,12,7,15,5,21,23,13,3,1,11,17,19,20],[14,2,10,18,6,4,22,8,24,16,9,12,15,5,13,7,23,21,1,11,20,17,19,3],[2,10,22,24,6,8,4,14,18,16,12,15,5,13,7,21,23,3,1,9,11,19,20,17],[10,14,2,18,22,4,6,8,24,16,12,15,7,13,21,5,23,1,11,9,19,3,17],[14,2,10,6,4,22,18,24,8,16,12,5,15,7,23,21,13,1,9,11,19,3,20],[6,10,14,18,2,4,22,24,8,16,12,15,7,5,21,13,23,1,9,11,17,20,19,3],[10,14,2,6,8,4,22,18,24,16,12,5,15,7,21,13,23,3,1,11,9,19],[6,10,18,22,2,4,14,8,24,16,11,12,7,13,9,23,21,15,5,1,20,17,19,3],[22,2,24,18,14,10,6,8,4,16,12,21,15,5,7,13,23,3,1,9,11,19,17,20],[6,22,14,2,8,4,18,10,24,16,12,21,13,7,15,5,23,1,11,9,19,3,20,17],[14,10,2,22,24,18,6,8,4,16,12,15,7,13,23,21,5,3,1,9,11,17,20,19],[14,6,18,2,4,10,22,24,8,16,12,7,13,15,23,21,5,3,1,9,11,17,19,20],[2,6,8,4,22,10,18,14,24,16,12,7,13,15,23,21,5,3,1,11,9,17,19],[22,18,2,4,10,14,6,8,24,16,9,12,5,13,15,7,23,21,3,1,11,20,19],[18,22,2,24,14,10,6,4,8,16,12,5,21,13,15,7,23,1,11,9,20,19,3],[6,2,4,22,14,18,10,8,24,16,12,7,15,5,21,13,23,1,11,9,17,20,19,3],[10,14,2,18,22,24,6,8,4,16,12,21,13,7,5,15,23,3,1,11,9,17,20,19],[22,2,24,10,18,6,4,14,8,16,11,12,5,7,13,9,23,21,15,3,1,20,17,19],[18,6,22,10,14,2,4,8,24,16,12,13,7,5,23,21,15,3,1,9,11,20,17,19],[14,10,2,18,6,8,4,22,24,16,9,12,7,15,5,21,23,13,3,1,11,17,20,19],[10,6,22,18,14,2,8,4,24,16,12,21,13,5,7,23,15,3,1,11,9,20,19,17],[18,6,14,22,2,4,10,8,24,16,9,11,5,12,7,13,23,21,15,3,1,20,17,19],[2,18,14,22,4,6,10,8,24,16,12,23,7,5,15,21,13,3,1,11,9,17,19,20],[6,2,8,4,14,10,18,22,24,16,12,13,7,15,23,21,5,1,11,9,17,20,19,3],[22,6,10,2,4,14,18,8,24,16,12,21,15,5,7,13,23,1,11,9,20,17,19,3],[2,14,6,8,4,18,22,10,24,16,11,12,7,15,9,13,21,5,23,1,20,17,19,3],[2,14,10,6,8,4,18,22,24,16,12,13,5,15,7,23,21,3,1,9,11,20,17,19],[22,6,18,14,10,2,4,24,8,16,11,12,7,9,15,13,21,5,23,3,1,17,20,19],[6,2,4,18,10,22,14,8,24,16,12,15,5,7,21,23,13,1,9,11,17,20,19,3],[22,6,14,2,8,4,10,18,24,16,12,5,13,15,7,21,23,1,9,11,17,20,19,3],[2,6,8,4,18,14,10,22,24,16,12,13,5,7,21,23,15,3,1,9,11,20,19],[6,14,10,2,4,22,18,24,16,8,12,13,5,7,21,15,23,3,1,11,9,17,20,19],[2,18,14,10,22,4,6,8,24,16,9,12,7,13,15,21,5,23,3,1,11,17,20,19],[18,10,2,6,4,22,14,24,8,16,12,7,15,5,21,13,23,1,11,9,17,19,3],[2,22,24,6,4,14,10,18,16,8,12,21,7,15,13,5,23,3,1,9,11,19,17],[2,14,10,6,4,18,22,8,24,16,9,12,21,15,7,13,5,23,3,1,11,17,20,19],[22,14,6,2,4,18,10,8,24,16,9,12,7,13,5,21,23,15,1,11,20,19,3],[22,2,4,18,10,14,6,24,8,16,12,7,15,5,21,23,13,3,1,9,11,17,20,19],[14,10,22,18,6,2,4,24,8,16,12,13,7,5,21,15,23,1,11,9,17,20,19,3],[14,18,6,2,8,4,22,10,24,16,9,12,13,7,5,23,15,21,3,1,11,17,19],[18,14,22,6,2,4,10,8,24,16,12,5,15,7,23,13,21,1,11,9,19,3,20,17],[14,10,2,6,4,22,18,8,24,16,12,15,5,7,23,21,13,1,11,9,19,3,20,17],[2,18,10,6,8,4,22,14,24,16,12,7,15,13,21,5,23,1,9,11,20,17,3,19],[10,2,6,8,4,18,14,22,24,16,12,5,21,15,13,7,23,3,1,9,11,20,19],[18,2,22,24,10,6,8,4,14,16,12,21,13,7,15,5,23,1,11,9,19,3,17],[6,22,10,2,4,14,18,24,8,16,12,13,7,5,21,15,23,1,11,9,19,3],[14,2,6,4,10,22,18,24,16,8,9,12,5,15,13,7,21,23,1,11,19,3,17,20],[18,2,22,4,14,10,6,24,16,8,12,15,7,5,21,23,13,3,1,11,9,17,19,20],[2,6,4,14,10,18,22,8,24,16,12,15,5,13,7,21,23,3,1,9,11,19,17,20],[10,22,6,18,2,8,4,14,24,16,12,5,15,7,21,13,23,3,1,9,11,19,20,17],[6,2,4,14,10,22,18,24,8,16,12,7,13,15,21,5,23,1,9,11,19,3,20,17],[14,18,10,2,22,4,6,24,16,8,12,21,7,15,13,5,23,3,1,9,11,17,20,19],[22,14,10,18,6,2,4,24,8,16,11,12,5,9,7,13,15,23,21,3,1,17,19],[6,22,14,10,18,2,8,4,24,16,9,12,5,15,7,23,21,13,3,1,11,17,20,19],[22,10,2,4,6,18,14,8,24,16,9,12,5,15,13,7,21,23,1,11,20,19,3],[22,18,2,24,10,14,6,8,4,16,11,12,5,9,7,23,21,13,15,1,19,3,17,20],[14,18,6,22,10,2,4,24,16,8,11,12,7,13,9,23,21,15,5,1,19,3,17],[22,2,4,6,14,10,18,24,16,8,12,5,13,7,21,23,15,1,9,11,20,17,19,3],[2,10,6,4,22,14,18,8,24,16,9,12,7,15,13,23,21,5,3,1,11,19,17],[22,14,2,4,10,6,18,8,24,16,12,23,7,5,15,13,21,1,11,9,20,17,3,19],[2,6,8,4,22,18,14,10,24,16,12,23,7,21,5,13,15,1,9,11,19,3,17],[10,6,14,2,8,4,22,18,24,16,12,5,21,13,7,23,15,3,1,11,9,20,19],[14,2,10,22,4,6,18,24,16,8,12,7,15,5,23,13,21,3,1,11,9,17,19,20],[22,18,14,6,2,4,10,8,24,16,12,7,15,5,23,21,13,3,1,11,9,17,19,20],[18,22,6,14,2,4,10,24,8,16,12,5,23,7,15,13,21,3,1,11,9,19,17],[2,22,24,10,18,6,4,14,8,16,12,15,5,7,21,23,13,1,11,9,19,3,20,17],[14,22,6,2,4,10,18,24,8,16,12,13,5,7,23,21,15,1,11,9,20,19,3],[2,10,22,4,6,14,18,8,24,16,12,7,21,13,15,5,23,1,9,11,17,20,19,3],[6,18,10,14,2,8,4,22,24,16,12,13,5,7,23,21,15,3,1,11,9,20,17,19],[14,22,18,2,4,10,6,24,8,16,12,13,5,7,21,15,23,1,11,9,19,3,20],[6,22,14,10,2,8,4,18,24,16,12,23,5,7,15,21,13,3,1,11,9,20,19,17],[10,18,14,2,6,8,4,22,24,16,12,5,15,13,7,21,23,3,1,11,9,17,19],[14,22,18,10,6,2,4,24,8,16,12,5,15,7,21,23,13,1,9,11,20,19,3,17],[14,10,22,2,24,6,4,18,16,8,12,7,13,5,21,15,23,1,9,11,17,19,3],[2,14,10,6,4,18,22,24,16,8,12,15,7,5,21,13,23,3,1,9,11,20,19,17],[14,22,10,2,24,18,6,4,8,16,11,12,5,7,13,9,23,21,15,1,17,20,19,3],[6,14,22,10,18,2,8,4,24,16,12,5,15,7,23,13,21,3,1,9,11,19,20],[14,22,18,10,2,4,6,24,8,16,12,21,13,5,15,7,23,1,11,9,20,19,3,17],[22,14,10,2,4,6,18,24,16,8,12,15,5,13,7,21,23,3,1,9,11,19,17,20],[18,6,22,2,8,4,14,10,24,16,12,23,5,7,13,21,15,3,1,11,9,19,17,20],[6,2,4,22,10,14,18,24,8,16,9,12,5,13,15,7,23,21,3,1,11,19,20],[6,18,10,2,4,14,22,8,24,16,12,23,7,21,5,15,13,3,1,11,9,17,20,19],[18,10,2,22,24,6,4,14,16,8,12,13,5,15,7,21,23,1,9,11,17,20,19,3],[6,22,18,10,2,8,4,14,24,16,9,12,5,13,7,23,21,15,1,11,20,19,3],[10,22,14,6,2,8,4,18,24,16,12,5,15,7,21,13,23,3,1,9,11,20,17,19],[18,14,2,10,6,8,4,22,24,16,12,21,5,13,7,15,23,3,1,11,9,19,17,20],[22,2,24,10,14,18,6,4,8,16,9,12,15,7,5,21,13,23,1,11,20,17,19,3],[2,6,4,14,10,18,22,24,8,16,12,13,5,15,7,21,23,1,9,11,17,20,3,19],[2,10,14,22,24,6,8,4,18,16,12,21,5,13,15,7,23,1,11,9,19,3,20],[2,14,6,4,22,10,18,8,24,16,12,7,15,13,23,21,5,3,1,9,11,20,19,17],[22,14,2,24,18,6,4,10,8,16,12,21,5,13,7,15,23,3,1,11,9,17,20,19],[22,2,24,14,10,18,6,4,8,16,11,12,5,9,7,15,13,21,23,1,19,3,20,17],[10,18,2,6,4,14,22,8,24,16,12,13,5,7,23,21,15,1,11,9,19,3,17],[10,2,18,6,8,4,22,14,24,16,12,23,5,7,15,21,13,3,1,11,9,20,17,19],[22,18,2,4,6,10,14,24,16,8,12,13,7,5,21,23,15,1,11,9,19,3,17,20],[18,6,22,14,2,8,4,10,24,16,12,13,5,15,7,23,21,1,11,9,20,19,3,17],[22,2,4,6,10,18,14,8,24,16,9,12,23,7,21,5,13,15,3,1,11,17,19],[2,6,8,4,14,18,10,22,24,16,9,12,5,15,7,21,23,13,1,11,20,17,19,3],[14,10,22,6,18,2,8,4,24,16,12,5,15,13,7,21,23,1,9,11,19,3,17,20],[22,2,4,6,10,14,18,8,24,16,12,23,5,21,7,13,15,3,1,11,9,20,19],[6,2,4,14,22,10,18,24,8,16,12,7,13,15,23,21,5,3,1,11,9,17,19,20],[14,18,22,2,24,6,4,10,16,8,12,7,13,15,21,5,23,1,11,9,17,20,19,3],[14,18,22,6,2,8,4,10,24,16,12,13,5,15,7,21,23,1,11,9,19,3,17,20],[14,10,22,2,24,6,4,18,16,8,12,7,15,13,21,5,23,3,1,11,9,19,17,20],[10,6,14,2,4,18,22,8,24,16,12,13,7,15,21,5,23,3,1,11,9,20,19],[14,18,22,6,10,2,8,4,24,16,12,7,15,13,21,5,23,1,11,9,20,17,19,3],[22,18,2,4,10,6,14,24,8,16,12,21,5,15,7,13,23,1,9,11,17,19,3,20],[14,10,6,18,22,2,8,4,24,16,12,7,15,13,21,5,23,3,1,11,9,20,17,19],[2,14,18,22,24,6,8,4,10,16,12,13,5,23,7,15,21,1,11,9,19,3,17],[10,22,14,18,2,4,6,24,16,8,12,21,5,15,7,13,23,1,9,11,17,20,19,3],[22,18,6,10,2,4,14,8,24,16,12,5,15,7,23,13,21,3,1,11,9,19,17,20],[18,2,6,8,4,14,10,22,24,16,12,15,5,7,21,23,13,1,9,11,19,3,20,17],[10,22,2,4,18,14,6,8,24,16,12,5,13,15,7,23,21,1,9,11,19,3,17,20],[10,2,22,4,18,14,6,24,8,16,12,21,13,7,5,15,23,3,1,9,11,19,20,17],[14,6,10,18,2,4,22,24,16,8,12,5,15,7,21,23,13,3,1,9,11,17,20,19],[2,6,8,4,14,22,18,10,24,16,12,15,7,13,21,5,23,3,1,11,9,20,19,17],[22,14,6,10,2,4,18,24,16,8,11,12,7,15,13,9,23,21,5,3,1,19],[6,14,22,18,10,2,4,8,24,16,9,12,5,15,13,7,23,21,1,11,19,3,20],[14,2,6,4,10,18,22,24,8,16,12,13,7,15,21,5,23,3,1,11,9,19,17,20],[18,6,14,10,22,2,8,4,24,16,12,5,15,13,7,23,21,3,1,11,9,17,20,19],[10,6,2,8,4,14,22,18,24,16,12,23,5,21,7,13,15,3,1,11,9,20,19,17],[10,2,6,8,4,18,14,22,24,16,11,12,5,9,7,13,15,21,23,1,19,3,20,17],[22,10,18,6,14,2,4,24,16,8,11,12,5,9,7,13,21,15,23,3,1,20,17,19],[2,10,18,22,4,6,14,8,24,16,12,7,15,13,21,5,23,3,1,9,11,19,20,17],[14,6,10,18,22,2,8,4,24,16,9,12,7,13,5,21,23,15,3,1,11,19],[10,6,14,22,2,4,18,24,8,16,12,23,5,21,7,15,13,1,9,11,17,20,19,3],[10,18,14,2,6,4,22,8,24,16,12,15,7,13,5,23,21,1,11,9,17,20,19,3],[18,2,22,4,10,6,14,24,8,16,12,15,7,5,23,13,21,3,1,11,9,20,17,19],[2,10,22,24,6,4,18,14,16,8,12,7,13,15,21,5,23,1,11,9,19,3,17,20],[2,22,4,14,18,6,10,8,24,16,9,12,7,15,5,21,13,23,3,1,11,20,17,19],[2,6,8,4,18,10,14,22,24,16,12,5,15,7,21,23,13,3,1,11,9,20,17,19],[10,14,6,2,4,22,18,24,16,8,11,12,7,13,9,23,21,15,5,3,1,17,19,20],[22,18,14,2,4,6,10,8,24,16,12,21,13,5,15,7,23,3,1,9,11,17,19],[18,10,6,22,14,2,8,4,24,16,12,13,7,15,23,21,5,3,1,9,11,19,17],[22,14,6,18,2,8,4,10,24,16,11,12,5,7,13,15,9,23,21,1,20,19,3,17],[6,2,8,4,14,22,10,18,24,16,12,13,7,5,23,15,21,1,11,9,17,19,3,20],[14,6,18,22,2,8,4,10,24,16,9,12,5,15,13,7,21,23,3,1,11,20,19],[14,18,10,2,22,4,6,24,16,8,9,12,21,15,7,13,5,23,3,1,11,20,17,19],[10,2,18,22,4,6,14,24,8,16,12,21,15,7,5,13,23,3,1,11,9,17,20,19],[14,2,6,8,4,18,10,22,24,16,11,12,7,21,15,9,13,5,23,3,1,17,19,20],[2,18,6,8,4,14,22,10,24,16,9,12,13,7,15,23,21,5,1,11,20,3,17,19],[2,14,10,22,4,18,6,24,16,8,12,23,5,7,13,15,21,3,1,9,11,19,17],[2,6,4,22,18,14,10,8,24,15,16,7,13,21,5,12,23,3,1,11,9,19,17,20],[14,2,22,4,6,18,10,8,24,16,12,21,15,7,13,5,23,3,1,9,11,19,17],[22,2,24,10,18,6,8,4,14,16,12,7,15,5,21,23,13,3,1,9,11,17,20,19],[10,6,14,22,18,2,8,4,24,16,12,15,7,13,21,5,23,1,9,11,19,3,17],[6,10,22,14,2,4,18,8,24,16,12,5,13,7,23,21,15,1,9,11,19,3,17],[6,10,22,14,2,8,4,18,24,16,12,15,5,13,7,21,23,1,11,9,20,17,19,3],[2,6,4,10,18,14,22,8,24,16,12,15,5,7,23,21,13,1,11,9,17,19,3,20],[6,14,18,22,10,2,8,4,24,16,12,5,13,7,23,15,21,3,1,9,11,17,20,19],[10,6,18,2,4,22,14,8,24,16,9,12,13,7,15,21,5,23,3,1,11,17,20,19],[10,14,18,6,2,4,22,24,13,8,16,7,5,23,15,21,12,1,9,11,19,3,17,20],[22,18,6,14,2,4,10,8,24,16,12,5,13,7,23,15,21,3,1,9,11,19,17,20],[18,10,6,2,4,22,14,8,24,16,12,21,5,15,13,7,23,3,1,11,9,19,17],[10,6,18,22,2,8,4,14,24,16,9,12,21,7,15,13,5,23,3,1,11,20,19,17],[22,14,6,2,8,4,18,10,24,16,12,7,13,15,21,5,23,1,11,9,19,3,17,20],[14,18,2,22,4,6,10,24,8,16,12,13,7,15,23,21,5,3,1,11,9,17,20,19],[14,10,22,6,18,2,4,8,24,16,12,7,13,15,21,5,23,1,9,11,17,19,3],[22,2,24,14,10,18,6,4,8,16,12,23,5,21,7,13,15,1,11,9,20,17,3,19],[10,22,2,24,6,4,14,18,8,16,9,12,5,15,13,7,23,21,3,1,11,17,20,19],[6,10,18,14,22,2,8,4,24,16,12,5,15,7,23,21,13,1,9,11,19,3,17],[10,2,6,4,14,22,18,24,16,8,12,7,13,5,23,15,21,3,1,11,9,20,19,17],[14,2,10,22,24,6,4,18,16,8,12,7,13,5,21,23,15,1,11,9,20,17,19,3],[2,18,6,8,4,10,22,14,24,16,12,21,15,5,7,13,23,1,11,9,19,3,20,17],[6,14,18,22,10,2,4,8,24,16,12,13,5,15,7,21,23,1,11,9,20,17,19,3],[22,6,2,4,18,10,14,24,16,8,12,5,13,15,7,21,23,3,1,9,11,19,20,17],[14,18,6,22,2,4,10,24,16,8,11,12,5,9,7,15,13,23,21,1,20,19,3],[10,22,6,2,8,4,14,18,24,16,9,12,7,15,5,21,13,23,3,1,11,19,17,20],[10,2,14,6,8,4,18,22,24,16,12,5,15,13,7,21,23,1,9,11,20,19,3],[10,2,6,8,4,18,14,22,24,16,12,13,7,5,23,15,21,3,1,9,11,20,17,19],[10,2,22,4,14,18,6,24,16,7,8,15,13,21,5,12,23,3,1,11,9,17,19],[10,18,2,22,4,6,14,8,24,16,12,5,15,7,23,21,13,1,11,9,19,3,20,17],[6,18,2,8,4,10,14,22,24,16,12,23,5,21,7,15,13,1,11,9,19,3,17,20],[14,6,22,10,18,2,4,8,24,16,12,7,15,13,23,21,5,3,1,11,9,17,20,19],[22,2,4,14,10,6,18,8,24,16,9,12,23,5,21,7,15,13,3,1,11,20,19,17],[18,22,6,14,2,8,4,10,24,16,12,5,15,7,23,13,21,3,1,11,9,20,17,19],[6,2,8,4,10,22,18,14,24,16,12,15,5,7,23,21,13,1,9,11,20,19,3],[22,2,4,10,6,14,18,8,24,16,9,12,5,15,7,21,23,13,1,11,20,17,3,19],[2,10,14,22,4,6,18,24,8,16,11,12,7,13,15,9,23,21,5,3,1,20,17,19],[10,2,18,22,4,6,14,24,8,16,12,15,5,7,21,23,13,3,1,11,9,20,19,17],[14,22,10,18,2,4,6,8,24,16,12,15,7,13,21,5,23,3,1,9,11,19,17,20],[2,18,22,4,6,14,10,24,8,16,12,15,7,5,21,13,23,3,1,9,11,17,19,20],[18,14,2,6,8,4,22,10,24,16,12,13,5,15,7,21,23,3,1,9,11,19,20,17],[2,10,14,22,4,6,18,8,24,16,12,5,13,7,23,15,21,1,11,9,20,17,19,3],[6,14,2,8,4,22,18,10,24,16,9,12,7,21,15,5,23,13,1,11,20,17,19,3],[6,10,2,4,22,18,14,8,24,16,12,13,7,15,21,5,23,3,1,11,9,17,20,19],[18,2,22,24,10,6,8,4,14,16,12,21,13,5,7,23,15,1,11,9,20,3,19],[6,22,2,4,10,18,14,24,8,16,12,5,13,7,23,21,15,1,9,11,17,20,3,19],[6,2,4,10,22,14,18,8,24,16,12,21,13,7,15,5,23,3,1,9,11,17,19],[14,2,18,22,4,6,10,8,24,16,12,23,7,5,15,21,13,1,9,11,20,19,3,17],[6,18,22,14,2,8,4,10,24,16,12,15,5,7,23,13,21,3,1,11,9,19,17],[22,18,14,6,2,4,10,24,16,8,12,7,13,15,21,5,23,1,11,9,19,3,20,17],[6,22,14,2,4,18,10,8,24,16,12,5,23,7,13,15,21,1,11,9,20,19,3],[14,18,10,2,22,24,6,8,4,16,12,23,5,21,7,13,15,3,1,9,11,17,19,20],[10,2,22,24,18,14,6,8,4,16,12,13,7,5,23,15,21,3,1,11,9,19,17],[10,6,18,2,4,22,14,24,8,16,12,13,5,7,23,21,15,1,9,11,20,19,3],[2,10,14,22,24,18,6,8,4,16,12,5,21,13,7,15,23,1,11,9,19,3,17],[14,22,6,2,4,18,10,8,24,16,12,13,5,15,7,21,23,1,9,11,19,3,20],[10,2,18,22,4,6,14,24,8,16,12,21,15,7,5,23,13,3,1,9,11,17,20,19],[10,18,2,22,4,6,14,8,24,16,12,15,7,5,23,21,13,1,9,11,19,3,17,20],[2,18,6,8,4,22,10,14,24,16,12,13,5,7,21,23,15,1,9,11,19,20,3],[10,2,18,14,6,4,22,24,16,8,12,7,13,5,23,15,21,1,11,9,20,17,19,3],[2,22,24,10,14,6,8,4,18,16,9,12,21,5,13,7,15,23,3,1,11,20,17,19],[6,10,22,18,14,2,4,24,8,16,12,5,13,7,21,15,23,1,9,11,19,3,20],[10,18,22,14,2,4,6,24,16,8,12,15,7,13,23,21,5,1,9,11,17,19,3,20],[6,18,10,14,22,2,8,4,24,16,12,15,7,5,23,21,13,1,9,11,17,20,19,3],[22,2,4,10,14,6,18,24,8,16,12,15,5,13,7,21,23,1,11,9,19,3,20,17],[18,2,22,4,6,10,14,8,24,16,12,15,5,7,23,21,13,3,1,9,11,17,20,19],[6,14,10,22,18,2,4,8,24,16,12,15,7,5,23,13,21,3,1,9,11,17,20,19],[14,10,18,22,2,4,6,24,8,16,9,12,15,7,13,21,5,23,1,11,19,3,20,17],[18,14,22,6,10,2,4,24,8,16,12,23,5,21,7,15,13,1,9,11,19,3,20],[22,10,2,4,18,14,6,24,8,16,12,15,7,13,21,5,23,3,1,11,9,17,20,19],[22,2,4,18,6,14,10,8,24,16,12,21,15,5,13,7,23,3,1,9,11,20,17,19],[2,6,4,10,14,22,18,8,24,16,12,13,7,15,21,5,23,3,1,11,9,17,19],[10,14,2,22,4,6,18,8,24,16,12,13,5,7,21,23,15,1,9,11,19,3,17,20],[6,22,14,18,2,4,10,24,16,8,12,5,13,7,23,15,21,1,11,9,19,3,17],[6,18,22,2,8,4,10,14,24,16,12,23,7,21,5,13,15,1,9,11,20,19,3,17],[18,14,10,22,6,2,8,4,24,16,12,21,5,13,15,7,23,1,11,9,20,19,3,17],[22,18,6,2,4,10,14,24,16,8,12,7,13,15,23,21,5,1,9,11,20,19,3],[14,10,2,6,8,4,22,18,24,16,11,12,5,7,13,9,23,21,15,3,1,19,17,20],[6,2,8,4,22,18,10,14,24,16,12,15,5,7,23,13,21,1,9,11,20,17,19,3],[22,2,4,6,18,14,10,8,24,16,12,15,7,5,23,21,13,1,11,9,20,3,17,19],[14,10,2,18,6,8,4,22,24,16,12,13,5,7,23,21,15,1,11,9,20,19,3],[2,14,6,4,22,10,18,8,24,16,12,13,5,21,15,7,23,1,11,9,19,3,17,20],[10,22,14,18,2,4,6,8,24,16,12,23,5,21,7,13,15,1,9,11,17,20,19,3],[14,2,22,4,6,10,18,24,8,16,12,15,5,7,23,13,21,3,1,9,11,19],[18,10,6,14,22,2,8,4,24,16,12,13,5,15,7,21,23,1,9,11,19,3,17,20],[22,10,2,24,6,4,14,18,8,16,9,12,23,7,5,15,21,13,3,1,11,20,19,17],[14,10,2,22,4,6,18,24,16,8,12,15,7,13,21,5,23,1,11,9,20,17,19,3],[22,14,6,10,18,2,4,24,8,16,12,13,7,5,21,15,23,1,9,11,19,3,20,17],[6,10,18,2,4,22,14,8,24,16,11,12,5,9,7,13,15,21,23,1,19,3,20],[6,10,22,2,8,4,18,14,24,16,9,12,15,5,7,23,13,21,1,11,19,3],[18,2,10,14,6,8,4,22,24,16,12,13,7,15,21,5,23,1,11,9,20,19,3],[10,22,2,4,14,18,6,8,24,16,12,7,13,5,21,15,23,3,1,9,11,20,17,19],[22,10,6,14,2,8,4,18,24,16,11,12,7,15,9,13,23,21,5,1,20,19,3,17],[10,22,6,2,4,18,14,24,16,8,12,5,15,13,7,21,23,1,9,11,17,20,19,3],[14,6,10,22,2,8,4,18,24,16,12,13,7,15,23,21,5,3,1,9,11,17,19],[18,14,22,6,10,2,4,8,24,16,12,21,7,15,13,5,23,1,11,9,17,20,19,3],[6,14,22,10,2,4,18,24,16,8,12,23,7,21,5,13,15,1,11,9,19,3,20],[18,14,2,6,4,10,22,24,8,16,9,12,13,7,15,21,5,23,1,11,20,19,3,17],[6,2,4,14,18,22,10,8,24,16,12,7,13,5,23,15,21,1,11,9,19,20,3],[6,2,8,4,18,10,14,22,24,16,12,21,13,7,5,23,15,1,11,9,19,3],[6,18,14,2,8,4,10,22,24,16,12,23,7,5,15,21,13,3,1,9,11,20,19],[6,22,18,2,4,14,10,8,24,16,9,12,15,7,5,23,21,13,3,1,11,20,17,19],[18,14,2,6,8,4,10,22,24,16,12,13,5,15,7,21,23,3,1,11,9,17,19,20],[14,22,6,2,4,10,18,8,24,16,11,12,5,7,13,9,21,15,23,1,17,20,19,3],[22,2,24,18,14,10,6,4,16,8,11,12,5,7,23,9,21,13,15,3,1,17,20,19],[10,2,14,18,6,8,4,22,24,16,11,12,7,21,15,9,13,5,23,1,17,20,19,3],[14,2,18,10,6,8,4,22,24,16,12,7,13,5,23,21,15,3,1,11,9,20,17,19],[14,18,22,2,24,6,4,10,8,16,12,7,13,5,23,21,15,1,9,11,19,17,3],[14,22,10,6,18,2,4,24,8,16,12,15,7,13,21,5,23,1,11,9,17,19,3],[10,22,14,6,18,2,8,4,24,16,9,12,7,13,15,23,21,5,3,1,11,20,17,19],[18,2,22,4,6,10,14,8,24,16,12,15,5,7,21,23,13,1,11,9,17,20,19,3],[22,6,18,14,2,8,4,10,24,16,12,7,13,15,23,21,5,3,1,9,11,17,20,19],[22,6,10,2,4,18,14,24,16,8,12,23,7,5,13,15,21,1,11,9,17,20,19,3],[10,14,6,22,2,8,4,18,24,16,12,13,5,7,23,15,21,3,1,11,9,17,20,19],[6,10,18,2,8,4,14,22,24,16,12,21,15,7,13,5,23,3,1,11,9,20,19],[2,14,10,18,6,8,4,22,24,16,12,15,7,5,21,23,13,1,9,11,19,3,17,20],[18,14,22,2,24,10,6,8,4,16,9,12,5,13,7,21,23,15,1,11,17,20,19,3],[22,18,10,14,6,2,8,4,24,16,12,13,7,5,23,21,15,3,1,9,11,20,19,17],[14,6,22,10,2,4,18,8,24,16,12,7,21,13,5,15,23,1,9,11,17,20,19,3],[10,6,2,4,14,22,18,8,24,16,12,13,7,5,21,15,23,3,1,9,11,17,19,20],[18,14,22,6,10,2,4,8,24,16,9,12,13,7,15,23,21,5,3,1,11,17,20,19],[22,14,2,4,10,6,18,24,16,8,12,5,15,13,7,23,21,3,1,11,9,17,20,19],[6,2,8,4,18,22,14,10,24,16,12,15,5,13,7,21,23,3,1,11,9,17,19,20],[14,6,2,8,4,22,18,10,24,16,12,15,7,5,21,13,23,1,9,11,20,3,17,19],[2,14,18,22,4,10,6,24,16,8,12,5,13,7,23,21,15,1,9,11,17,19,3],[10,2,6,8,4,14,22,18,24,16,5,15,13,7,23,21,12,1,9,11,17,20,3,19],[10,2,18,6,8,4,22,14,24,16,12,13,7,5,21,15,23,1,11,9,20,17,19,3],[22,2,24,6,8,4,14,18,10,16,11,12,5,7,15,9,13,21,23,3,1,17,20,19],[22,18,2,24,10,14,6,8,4,16,12,5,15,7,21,13,23,3,1,11,9,19,17,20],[10,6,22,2,4,14,18,8,24,16,9,12,23,5,21,7,15,13,3,1,11,17,19,20],[18,22,2,4,14,10,6,8,24,16,12,7,15,13,21,5,23,3,1,11,9,17,20,19],[22,6,14,18,2,8,4,10,24,16,9,12,7,13,15,23,21,5,3,1,11,17,20,19],[6,18,14,22,10,2,4,24,8,16,12,5,23,21,13,15,7,1,9,11,17,20,19,3],[6,22,10,14,18,2,8,4,24,16,12,23,5,21,7,15,13,1,9,11,19,3,17,20],[10,14,2,6,8,4,22,18,24,16,9,12,5,13,7,21,23,15,1,11,19,3,17,20],[2,6,4,18,22,10,14,8,24,16,12,13,5,7,23,15,21,3,1,11,9,17,20,19],[2,22,24,14,10,18,6,4,8,16,12,23,5,21,7,15,13,3,1,11,9,19,17],[14,22,10,18,6,2,4,8,24,16,12,7,13,15,23,21,5,1,9,11,17,20,19,3],[2,14,18,10,6,4,22,24,16,8,9,12,21,15,5,13,7,23,3,1,11,17,19],[14,10,22,6,2,8,4,18,24,16,11,12,7,13,9,23,21,15,5,3,1,17,20,19],[14,2,18,10,6,8,4,22,24,16,12,15,5,7,23,21,13,1,9,11,17,20,19,3],[18,14,10,22,2,24,6,4,8,16,12,15,7,13,21,5,23,1,11,9,17,19,3],[6,18,10,2,4,22,14,8,24,16,11,12,5,7,13,15,9,21,23,1,17,20,3,19],[18,2,22,24,14,6,4,10,8,16,12,21,15,7,13,5,23,3,1,11,9,20,19],[10,6,14,22,2,4,18,8,24,16,12,15,5,7,21,13,23,1,9,11,17,19,3,20],[18,6,2,4,14,10,22,24,16,8,12,7,13,5,23,21,15,3,1,9,11,19,17],[22,18,6,2,4,14,10,24,16,8,11,12,5,7,15,13,9,23,21,1,20,17,19,3],[2,22,4,14,6,10,18,24,16,8,12,21,7,13,15,5,23,1,9,11,20,19,3],[2,10,14,18,6,4,22,8,24,16,11,12,5,9,7,15,13,21,23,3,1,20,17,19],[22,14,2,4,18,10,6,8,24,16,12,13,5,7,21,23,15,1,11,9,20,17,19,3],[18,6,2,8,4,22,10,14,24,16,12,21,7,15,5,13,23,1,9,11,17,19,3,20],[22,6,2,8,4,10,18,14,24,16,11,12,5,7,23,21,9,13,15,3,1,20,19],[18,6,14,2,8,4,22,10,24,16,12,13,5,15,7,21,23,3,1,9,11,19,17,20],[22,18,6,2,4,10,14,24,16,8,12,7,15,5,21,13,23,3,1,9,11,19,20],[22,6,2,4,10,18,14,8,24,16,12,7,15,5,21,23,13,1,11,9,20,17,19,3],[2,22,4,14,6,10,18,8,24,16,12,15,7,5,23,21,13,3,1,9,11,20,19,17],[6,22,18,10,2,4,14,8,24,16,12,7,13,5,23,15,21,1,9,11,20,3,19,17],[18,2,14,6,4,22,10,8,24,16,12,5,21,13,7,23,15,1,9,11,20,17,19,3],[22,6,18,10,2,8,4,14,24,16,9,12,5,15,7,21,23,13,1,11,17,19,3,20],[14,22,18,6,10,2,4,8,24,16,12,13,5,23,21,7,15,1,9,11,20,17,3,19],[10,14,2,18,6,4,22,24,8,16,9,12,21,5,15,13,7,23,1,11,20,17,19,3],[14,10,6,18,22,2,8,4,24,16,12,5,21,13,7,23,15,3,1,9,11,20,19],[14,18,22,10,6,2,8,4,24,16,12,21,7,15,5,23,13,1,9,11,19,3,17,20],[2,10,14,6,8,4,18,22,24,16,12,13,5,7,21,23,15,1,11,9,19,3,20],[18,2,14,6,8,4,22,10,24,16,9,12,23,5,7,15,21,13,1,11,17,20,19,3],[6,2,4,22,10,18,14,24,8,16,12,13,7,5,21,23,15,1,9,11,20,17,3,19],[22,2,4,6,18,10,14,8,24,16,9,12,15,5,7,23,13,21,3,1,11,20,17,19],[10,18,6,14,2,8,4,22,24,16,9,12,15,5,7,23,13,21,3,1,11,17,19],[6,2,4,14,10,18,22,8,24,16,12,23,7,5,13,15,21,1,9,11,17,20,19,3],[22,10,18,14,2,24,6,4,16,8,11,12,7,13,9,23,21,15,5,3,1,17,20,19],[22,10,6,18,2,4,14,8,24,16,12,7,15,13,23,21,5,3,1,11,9,17,20,19],[22,14,2,24,6,8,4,18,10,16,12,21,13,7,5,15,23,3,1,9,11,19,20],[2,6,8,4,14,22,18,10,24,16,12,23,5,21,7,15,13,1,11,9,17,19,3,20],[22,10,18,6,14,2,4,24,16,8,12,15,5,13,7,21,23,1,11,9,20,19,3],[6,10,22,14,2,4,18,24,8,16,12,23,5,21,7,13,15,3,1,11,9,20,19,17],[10,2,6,8,4,22,14,18,24,16,12,23,7,5,13,15,21,1,9,11,20,17,3,19],[10,22,14,18,6,2,4,24,8,16,12,13,7,5,21,23,15,3,1,9,11,20,19],[2,10,6,4,22,14,18,24,16,8,12,7,15,5,21,23,13,3,1,11,9,17,20,19],[6,14,10,22,18,2,8,4,24,16,9,12,15,5,13,7,23,21,1,11,17,20,19,3],[18,10,14,6,2,8,4,22,24,16,9,12,23,7,21,5,15,13,3,1,11,20,17,19],[10,2,14,18,6,4,22,24,8,16,12,21,13,5,7,15,23,1,11,9,17,19,3,20],[6,18,10,2,8,4,14,22,24,16,12,13,7,15,23,21,5,1,9,11,20,17,19,3],[6,22,14,2,8,4,18,10,24,16,12,5,13,7,23,15,21,1,9,11,20,19,3],[14,22,10,2,24,6,8,4,18,16,12,15,5,7,21,13,23,1,9,11,20,19,3,17],[2,6,4,22,14,10,18,8,24,16,12,5,15,13,7,23,21,3,1,9,11,19,20,17],[10,22,2,4,6,14,18,24,8,16,12,15,7,13,23,21,5,3,1,9,11,20,17,19],[10,22,2,24,6,8,4,14,18,16,12,7,21,13,5,23,15,3,1,11,9,17,19,20],[6,2,4,22,18,10,14,8,24,16,11,12,7,15,9,13,21,5,23,3,1,20,17,19],[22,18,2,24,10,14,6,8,4,16,12,7,13,5,23,21,15,1,11,9,19,3,20,17],[10,14,2,6,8,4,18,22,24,16,12,21,13,7,5,15,23,3,1,11,9,19,20,17],[2,14,22,4,6,10,18,24,8,16,12,21,7,15,13,5,23,1,9,11,19,3,20,17],[10,2,6,4,18,14,22,24,8,16,12,7,13,15,23,21,5,3,1,9,11,20,17,19],[18,6,22,10,14,2,4,24,8,16,9,12,23,7,21,5,15,13,3,1,11,17,19,20],[10,2,22,4,18,6,14,24,8,16,12,13,7,5,21,15,23,3,1,9,11,19,20],[18,2,6,4,22,10,14,8,24,16,12,23,7,21,5,15,13,1,11,9,17,19,3,20],[6,14,10,22,18,2,8,4,24,16,9,12,7,13,5,21,23,15,1,11,19,3,17,20],[10,18,2,6,8,4,22,14,24,16,12,23,7,21,5,15,13,1,11,9,19,3,20],[22,2,24,18,10,6,8,4,14,16,12,15,7,5,23,21,13,1,9,11,19,3,20,17],[10,18,14,22,6,2,8,4,24,16,12,15,7,5,21,23,13,1,9,11,17,20,19,3],[6,10,14,2,8,4,22,18,24,16,12,15,5,13,7,21,23,1,11,9,20,19,3],[14,10,2,6,4,22,18,8,24,16,12,23,7,21,5,15,13,3,1,9,11,17,19],[18,22,10,6,2,4,14,24,16,8,9,12,23,7,5,15,21,13,3,1,11,20,17,19],[14,6,2,8,4,22,18,10,24,16,12,23,7,21,5,15,13,1,9,11,17,19,3],[14,10,6,22,18,2,8,4,24,16,12,21,13,5,7,23,15,1,11,9,20,17,19,3],[14,10,22,2,24,6,4,18,8,16,12,15,5,7,21,23,13,3,1,11,9,19,20,17],[14,6,18,22,2,8,4,10,24,16,12,21,13,7,15,5,23,1,11,9,19,3,17,20],[18,14,2,10,6,4,22,24,16,8,12,23,7,5,13,15,21,3,1,11,9,19,20,17],[10,6,2,8,4,18,14,22,24,16,12,21,7,13,15,5,23,1,11,9,17,19,3],[22,18,2,4,6,10,14,24,8,16,12,7,15,5,21,23,13,1,9,11,17,19,3,20],[2,10,14,6,8,4,22,18,24,16,12,13,5,15,7,21,23,1,9,11,19,3,17],[18,2,14,6,4,22,10,24,8,16,12,21,13,5,15,7,23,3,1,9,11,17,19],[14,6,22,10,2,4,18,8,24,16,11,12,5,7,13,9,21,15,23,1,19,20,3],[2,14,18,22,24,6,8,4,10,16,11,12,5,9,7,13,23,21,15,3,1,17,20,19],[2,18,6,4,14,10,22,8,24,16,9,12,15,5,7,23,13,21,3,1,11,19,17,20],[6,18,14,10,2,8,4,22,24,16,12,7,13,5,23,21,15,1,11,9,20,19,3],[22,6,14,18,2,4,10,8,24,16,12,5,15,13,7,23,21,1,9,11,19,3,17],[2,10,22,4,14,18,6,24,16,8,12,23,5,7,15,21,13,3,1,9,11,19,17],[14,10,22,2,4,18,6,8,24,16,11,12,7,13,15,9,21,5,23,3,1,20,17,19],[6,22,14,2,8,4,18,10,24,16,12,15,7,5,21,23,13,1,9,11,19,3,17],[6,22,18,10,14,2,4,24,16,8,12,15,7,5,21,23,13,1,9,11,20,17,19,3],[6,18,2,4,14,10,22,8,24,16,12,15,5,7,21,23,13,1,9,11,20,17,3,19],[10,14,22,18,2,4,6,8,24,16,12,7,13,5,21,23,15,3,1,11,9,19,20],[22,10,14,2,4,6,18,24,8,16,12,15,5,13,7,23,21,3,1,9,11,17,19,20],[2,14,18,10,22,24,6,8,4,16,12,15,5,7,21,23,13,3,1,11,9,20,19,17],[14,10,18,6,22,2,8,4,24,16,12,7,15,13,23,21,5,3,1,9,11,19,17],[14,22,2,24,18,6,4,10,8,16,12,7,15,5,23,13,21,3,1,9,11,19],[22,18,14,6,2,8,4,10,24,16,12,15,7,5,21,13,23,3,1,11,9,17,20,19],[22,10,6,14,18,2,4,8,24,16,12,23,5,21,7,15,13,3,1,11,9,20,19,17],[22,18,10,2,24,6,8,4,14,16,9,12,13,7,15,21,5,23,1,11,20,3,17,19],[18,14,22,10,2,24,6,8,4,16,12,5,15,13,7,23,21,1,9,11,20,19,3,17],[18,22,14,2,24,6,4,10,8,16,11,12,5,7,13,9,23,21,15,1,17,19,3],[10,2,18,22,4,6,14,24,16,8,12,21,15,5,13,7,23,1,11,9,20,17,3,19],[6,14,18,10,2,4,22,24,8,16,12,7,13,15,23,21,5,1,11,9,20,17,19,3],[6,18,22,14,2,4,10,8,24,16,12,5,13,7,23,15,21,1,11,9,19,3,17],[2,10,6,4,14,22,18,24,8,16,12,13,5,15,7,23,21,1,9,11,20,17,3,19],[22,14,6,2,8,4,18,10,24,16,9,12,23,5,7,13,21,15,1,11,19,17,3],[22,18,10,6,2,8,4,14,24,16,11,12,7,21,13,9,15,5,23,3,1,17,19],[6,10,22,14,2,8,4,18,24,16,12,13,5,7,23,15,21,1,9,11,17,20,19,3],[18,14,6,22,10,2,8,4,24,16,12,5,15,13,7,23,21,1,11,9,17,19,3],[10,6,2,4,18,22,14,8,24,16,12,13,7,5,23,15,21,1,9,11,20,19,3,17],[6,10,14,18,22,2,4,24,16,8,9,12,15,5,7,21,13,23,3,1,11,17,19,20],[14,22,18,10,6,2,8,4,24,16,12,21,15,7,5,23,13,1,9,11,19,3,17],[14,2,10,18,22,24,6,4,16,8,12,7,13,5,21,15,23,1,9,11,19,3,20],[18,14,6,10,22,2,4,24,16,8,12,15,7,13,23,21,5,1,9,11,20,17,3,19],[18,6,10,14,2,4,22,24,16,8,12,23,7,5,13,15,21,3,1,9,11,19,20,17],[10,14,22,18,6,2,4,24,8,16,12,23,5,7,13,15,21,1,9,11,17,19,3,20],[2,6,8,4,10,22,14,18,24,16,9,12,13,5,7,21,23,15,3,1,11,17,20,19],[6,18,22,14,2,4,10,8,24,16,12,5,23,7,15,13,21,3,1,9,11,17,20,19],[22,6,14,10,2,4,18,8,24,13,16,5,7,21,15,12,23,1,9,11,20,17,19,3],[14,6,2,4,22,18,10,8,24,16,9,12,21,7,13,15,5,23,1,11,19,3,17],[14,6,22,10,18,2,4,8,24,16,12,7,13,5,21,23,15,1,9,11,19,3,20,17],[18,10,14,6,22,2,4,8,24,16,9,12,7,15,13,21,5,23,3,1,11,20,17,19],[14,10,2,22,4,18,6,8,24,16,12,21,13,7,5,23,15,1,11,9,17,20,19,3],[6,2,8,4,22,14,18,10,24,16,9,12,13,7,5,21,15,23,1,11,19,3,20,17],[10,6,22,2,4,14,18,24,16,8,12,7,13,15,23,21,5,3,1,11,9,20,19],[6,14,18,10,2,8,4,22,24,16,12,15,5,13,7,21,23,1,9,11,17,20,3,19],[14,18,10,2,22,4,6,24,16,8,12,13,7,15,23,21,5,1,9,11,20,3,17,19],[6,10,2,8,4,18,22,14,24,16,12,13,7,15,23,21,5,1,11,9,19,3,17],[14,18,2,10,22,24,6,8,4,16,9,12,13,7,15,23,21,5,3,1,11,20,19,17],[10,6,2,4,18,22,14,8,24,16,12,7,13,15,23,21,5,1,11,9,19,3,17],[10,2,18,14,6,8,4,22,24,16,12,13,7,15,23,21,5,3,1,11,9,17,20,19],[6,14,18,10,2,4,22,24,8,16,12,13,5,15,7,23,21,3,1,11,9,17,20,19],[2,14,18,22,4,10,6,24,8,16,13,7,5,23,15,21,12,1,9,11,19,3,20,17],[2,22,4,18,10,6,14,8,24,16,12,13,5,15,7,23,21,1,11,9,17,19,3,20],[22,6,14,18,2,8,4,10,24,16,12,15,5,7,23,21,13,1,11,9,19,3,17],[14,2,6,4,22,18,10,24,16,8,12,21,15,7,13,5,23,3,1,9,11,20,19,17],[14,2,18,6,8,4,22,10,24,16,12,5,15,7,23,13,21,1,9,11,19,3,20],[10,6,22,14,2,4,18,8,24,16,11,12,7,13,15,9,23,21,5,1,17,20,19,3],[6,2,8,4,14,18,10,22,24,16,12,5,23,7,13,21,15,1,11,9,17,20,19,3],[14,18,10,22,2,24,6,8,4,16,12,13,7,15,23,21,5,3,1,11,9,20,19,17],[2,14,22,24,10,6,8,4,18,16,11,12,5,7,13,15,9,21,23,1,19,3,17,20],[6,18,10,2,8,4,22,14,24,16,11,12,5,7,13,9,21,15,23,1,20,19,3],[6,22,10,14,18,2,8,4,24,16,12,15,5,13,7,21,23,1,9,11,19,17,3],[10,18,6,14,22,2,4,24,16,8,12,15,5,7,21,13,23,1,9,11,20,17,19,3],[18,10,14,6,22,2,4,24,16,8,12,13,7,15,23,21,5,1,9,11,20,19,3],[6,10,2,4,14,22,18,8,24,16,12,15,7,5,21,23,13,3,1,11,9,20,19],[6,22,14,10,2,4,18,8,24,16,12,5,13,15,7,21,23,1,9,11,19,17,3,20],[6,10,2,4,14,22,18,24,15,8,16,7,5,23,13,21,12,3,1,11,9,17,20,19],[2,6,4,18,10,22,14,8,24,16,12,5,13,15,7,23,21,3,1,11,9,20,17,19],[2,14,18,22,24,10,6,4,8,16,12,15,7,13,23,21,5,3,1,9,11,19,20,17],[22,10,14,2,24,18,6,4,16,8,12,5,13,7,23,21,15,3,1,11,9,20,17,19],[10,14,2,18,22,24,6,8,4,16,11,12,7,13,15,9,21,5,23,3,1,20,17,19],[10,2,18,14,6,8,4,22,24,16,12,15,5,13,7,21,23,3,1,9,11,20,19,17],[10,22,14,18,6,2,4,8,24,16,9,12,15,5,13,7,23,21,3,1,11,17,20,19],[22,14,6,2,8,4,18,10,24,16,11,12,7,13,15,9,23,21,5,3,1,19,17,20],[14,6,2,8,4,22,18,10,24,16,12,7,15,5,21,13,23,1,9,11,19,3,17,20],[6,10,18,2,8,4,22,14,24,16,12,21,15,5,7,13,23,3,1,11,9,19,17,20],[14,6,10,2,4,18,22,24,16,8,12,23,5,7,15,21,13,1,11,9,19,3,20],[22,10,18,14,2,24,6,4,16,8,12,15,7,5,21,13,23,1,9,11,19,3],[22,2,24,6,8,4,10,18,14,16,12,5,23,7,13,21,15,3,1,11,9,19,17],[6,14,22,2,4,18,10,8,24,16,12,5,15,7,23,13,21,1,9,11,20,17,19,3],[18,10,6,2,8,4,14,22,24,16,11,12,5,9,7,15,13,21,23,3,1,19,17,20],[22,6,10,2,4,14,18,8,24,16,12,13,7,15,21,5,23,3,1,9,11,19,17,20],[2,6,8,4,22,10,18,14,24,16,12,7,13,5,21,23,15,3,1,9,11,19,20],[22,10,2,4,14,18,6,8,24,16,12,5,13,15,7,21,23,1,9,11,19,3,17,20],[14,6,22,2,8,4,18,10,24,16,12,5,13,15,7,23,21,1,11,9,20,19,3,17],[14,2,10,6,8,4,18,22,24,16,11,12,7,15,13,9,23,21,5,3,1,20,17,19],[2,6,4,10,18,14,22,24,16,8,9,12,5,15,13,7,23,21,1,11,17,19,3,20],[18,2,6,4,22,10,14,8,24,16,9,7,12,13,15,21,5,23,1,11,17,20,19,3],[2,18,14,10,6,8,4,22,24,16,12,23,7,21,5,15,13,1,11,9,20,17,19,3],[2,14,22,24,10,6,4,18,16,8,12,5,23,21,7,13,15,3,1,9,11,17,19,20],[14,6,10,22,2,4,18,24,8,16,12,15,7,13,23,21,5,3,1,11,9,20,17,19],[6,10,14,18,22,2,8,4,24,16,11,12,5,9,7,15,13,21,23,3,1,17,19,20],[18,10,2,6,8,4,22,14,24,16,12,7,15,13,23,21,5,1,11,9,17,20,19,3],[14,22,2,24,6,4,18,10,8,16,12,7,13,5,23,21,15,1,11,9,19,3],[2,18,14,6,4,10,22,8,24,16,12,23,5,21,7,15,13,3,1,11,9,19,20,17],[22,18,2,24,10,14,6,8,4,16,12,15,5,7,21,23,13,1,11,9,17,19,3],[2,6,4,22,14,18,10,24,16,8,9,12,5,23,7,15,13,21,3,1,11,19,17],[2,14,22,24,10,18,6,4,8,16,12,5,13,7,21,23,15,3,1,9,11,20,17,19],[22,14,2,4,10,6,18,8,24,16,12,13,5,15,7,23,21,3,1,9,11,17,20,19],[14,2,10,22,24,18,6,8,4,16,12,5,13,7,23,21,15,1,11,9,17,20,3,19],[2,6,4,14,22,10,18,8,24,16,11,12,7,15,9,13,21,5,23,1,20,19,3],[22,2,24,10,18,14,6,4,16,8,9,12,13,7,15,21,5,23,1,11,20,19,3,17],[14,10,18,6,22,2,8,4,24,16,12,5,15,13,7,23,21,3,1,9,11,20,19,17],[2,18,22,4,6,14,10,8,24,16,11,12,7,13,9,23,21,15,5,3,1,17,20,19],[6,22,14,2,4,10,18,8,24,16,12,23,5,7,15,13,21,1,9,11,19,3,20,17],[14,18,22,10,2,24,6,4,16,8,12,13,5,15,7,23,21,3,1,11,9,17,20,19],[6,18,22,2,4,10,14,8,24,16,9,12,23,7,21,5,15,13,3,1,11,20,19],[10,6,18,14,22,2,4,24,16,8,12,23,5,21,7,15,13,3,1,9,11,19,17,20],[18,10,22,14,2,24,6,4,16,8,12,5,15,13,7,23,21,1,11,9,20,17,19,3],[2,6,8,4,10,18,14,22,24,16,11,12,7,21,15,9,13,5,23,3,1,20,19,17],[22,18,10,14,2,4,6,24,8,16,12,5,13,15,7,21,23,3,1,9,11,17,20,19],[22,10,14,2,4,18,6,24,16,8,12,7,15,13,23,21,5,3,1,9,11,20,19],[14,18,10,22,6,2,4,8,24,16,12,5,15,13,7,21,23,3,1,9,11,17,20,19],[14,6,18,22,10,2,8,4,24,16,12,21,7,13,15,5,23,3,1,9,11,17,19],[18,2,10,6,4,22,14,24,8,16,12,23,5,21,7,13,15,1,9,11,19,3,17,20],[14,6,18,10,2,8,4,22,24,16,12,15,7,13,21,5,23,3,1,9,11,17,20,19],[2,14,6,8,4,18,10,22,24,16,12,7,15,5,21,13,23,1,11,9,20,19,3],[18,2,22,4,6,10,14,8,24,16,12,21,15,5,7,23,13,3,1,9,11,19,20,17],[18,6,10,2,4,22,14,24,8,16,9,12,7,13,5,23,21,15,1,11,20,17,19,3],[18,2,22,4,14,6,10,24,16,8,12,5,15,13,7,21,23,3,1,9,11,19],[22,6,2,4,18,14,10,8,24,16,12,21,5,13,15,7,23,3,1,9,11,19,20],[14,18,10,2,6,4,22,24,8,16,12,13,7,15,23,21,5,1,11,9,19,3,20],[2,10,14,6,4,22,18,24,8,16,12,7,13,15,23,21,5,3,1,11,9,17,20,19],[14,18,6,10,2,4,22,24,16,8,12,21,7,13,15,5,23,3,1,9,11,20,17,19],[22,6,18,2,4,14,10,8,24,16,12,15,7,5,23,13,21,3,1,9,11,20,19],[2,10,22,24,18,6,8,4,14,16,12,5,15,13,7,21,23,3,1,11,9,19,17],[10,6,22,2,4,18,14,24,16,8,12,15,5,13,7,23,21,1,9,11,17,19,3,20],[2,14,10,22,24,18,6,8,4,16,12,5,13,7,21,23,15,3,1,11,9,20,19,17],[14,22,10,6,2,8,4,18,24,16,12,5,15,13,7,21,23,3,1,11,9,17,20,19],[10,18,14,2,22,4,6,24,16,8,12,21,13,7,15,5,23,3,1,9,11,20,17,19],[18,2,10,6,8,4,22,14,24,16,12,23,5,7,15,21,13,3,1,9,11,17,20,19],[18,10,14,2,22,24,6,8,4,16,12,7,15,13,21,5,23,3,1,9,11,19,20],[6,10,14,18,22,2,8,4,24,16,12,23,7,5,15,13,21,1,11,9,19,3,17],[2,6,4,10,22,18,14,8,24,16,12,23,5,21,7,15,13,3,1,9,11,19,20],[2,18,10,6,8,4,22,14,24,16,12,15,7,5,21,23,13,1,11,9,17,19,3],[10,22,18,6,14,2,4,24,16,8,12,5,15,13,7,21,23,3,1,11,9,19,17,20],[22,2,4,10,14,18,6,8,24,16,12,7,15,5,21,23,13,1,9,11,19,3,20],[22,6,18,2,4,10,14,24,16,8,12,7,15,13,21,5,23,3,1,9,11,17,19,20],[14,2,22,24,10,6,8,4,18,16,12,23,7,5,13,15,21,1,11,9,20,17,19,3],[2,10,22,4,14,6,18,8,24,16,12,5,13,7,23,15,21,3,1,11,9,17,20,19],[2,6,4,18,22,14,10,8,24,16,12,13,7,5,21,15,23,1,9,11,20,17,19,3],[2,6,8,4,10,14,18,22,24,16,9,12,23,7,5,15,13,21,3,1,11,17,19,20],[2,22,24,6,4,14,10,18,16,8,12,21,15,5,7,23,13,1,9,11,19,3,17],[18,6,10,14,2,4,22,8,24,16,9,12,7,15,5,23,21,13,3,1,11,17,19],[18,10,2,14,6,4,22,8,24,16,12,7,15,5,23,21,13,1,9,11,19,3,17,20],[14,22,18,10,6,2,8,4,24,16,12,13,7,5,21,23,15,3,1,11,9,20,17,19],[22,18,10,2,4,14,6,24,8,16,12,15,7,13,21,5,23,3,1,11,9,19,20],[2,14,10,6,4,22,18,24,16,8,12,13,5,7,23,15,21,1,9,11,20,19,3,17],[14,18,10,22,6,2,4,24,8,16,12,13,5,15,7,21,23,1,11,9,17,19,3],[14,18,22,2,4,6,10,24,8,16,9,12,23,7,21,5,15,13,3,1,11,20,19],[22,14,18,6,10,2,4,24,8,16,11,12,7,9,15,13,21,5,23,3,1,20,17,19],[10,6,18,22,14,2,4,24,8,16,12,7,15,5,23,21,13,3,1,9,11,20,17,19],[14,2,10,6,4,18,22,24,16,8,12,21,15,5,7,23,13,1,11,9,17,20,19,3],[18,14,2,10,6,4,22,24,5,16,8,13,15,7,23,21,12,1,9,11,17,19,3],[2,10,18,6,8,4,22,14,24,16,11,12,7,21,15,13,9,5,23,1,20,17,19,3],[6,10,18,22,2,8,4,14,24,16,12,7,15,13,21,5,23,3,1,9,11,17,20,19],[2,18,22,24,6,4,10,14,13,8,16,7,15,23,21,5,12,1,11,9,20,17,19,3],[22,10,18,2,24,14,6,8,4,16,12,7,15,5,21,13,23,1,9,11,20,19,3,17],[22,18,2,24,10,6,4,14,8,16,12,7,15,13,23,21,5,3,1,9,11,19],[2,14,22,4,10,6,18,24,8,16,12,13,5,7,21,23,15,1,9,11,20,17,19,3],[22,2,24,14,18,6,8,4,10,16,12,5,23,7,15,21,13,1,11,9,19,3,20,17],[2,18,14,10,6,8,4,22,24,16,12,23,7,5,13,15,21,1,9,11,19,3,20],[18,22,2,24,14,6,8,4,10,16,9,12,21,15,5,13,7,23,3,1,11,17,20,19],[2,10,14,6,8,4,22,18,24,16,12,21,7,15,13,5,23,3,1,11,9,17,19,20],[14,6,2,4,18,10,22,24,8,16,12,21,13,5,15,7,23,1,9,11,17,20,19,3],[22,18,14,10,2,4,6,8,24,16,12,5,21,13,15,7,23,1,9,11,20,17,19,3],[2,22,4,10,18,14,6,24,16,8,12,13,7,15,23,21,5,1,11,9,19,3,17,20],[18,2,22,4,10,6,14,24,16,8,11,12,7,15,13,9,23,21,5,1,19,3],[2,14,18,10,6,8,4,22,24,16,12,23,7,21,5,15,13,3,1,9,11,17,20,19],[6,22,10,14,18,2,4,8,24,16,11,12,5,9,7,23,21,15,13,1,19,3,20],[10,14,6,22,2,4,18,8,24,16,12,13,5,7,23,21,15,1,11,9,19,3,17],[22,10,2,24,18,14,6,8,4,16,12,13,7,5,23,15,21,1,11,9,17,19,3,20],[6,2,4,10,22,14,18,8,24,16,12,5,13,7,23,15,21,1,11,9,17,19,3,20],[6,2,4,22,14,10,18,8,24,16,12,15,7,5,21,23,13,3,1,11,9,20,17,19],[14,22,6,18,2,8,4,10,24,16,9,12,5,15,13,7,21,23,1,11,20,19,3,17],[10,22,14,6,2,4,18,24,8,16,12,13,7,15,23,21,5,1,11,9,17,20,19,3],[6,18,22,10,14,2,4,24,8,16,12,15,7,5,21,23,13,1,9,11,20,19,3,17],[18,2,6,8,4,14,10,22,24,16,12,5,13,15,7,21,23,3,1,11,9,17,20,19],[2,22,4,14,18,6,10,8,24,16,12,7,15,5,21,13,23,3,1,11,9,17,19,20],[14,10,6,18,2,4,22,24,8,16,9,12,23,7,21,5,13,15,1,11,20,17,19,3],[2,22,24,6,8,4,18,10,14,16,9,12,7,15,13,21,5,23,1,11,19,3,17,20],[6,14,22,18,10,2,8,4,24,16,12,15,5,7,23,13,21,1,9,11,19,3,20,17],[18,10,2,22,24,6,4,14,8,16,9,12,15,7,5,23,13,21,1,11,20,19,3],[10,14,6,2,8,4,18,22,24,16,12,5,15,13,7,21,23,1,11,9,20,3,17,19],[6,14,2,4,22,10,18,24,16,8,9,12,7,15,13,23,21,5,1,11,20,17,19,3],[2,18,22,4,14,6,10,8,24,16,12,15,7,13,21,5,23,3,1,9,11,20,19],[22,6,18,2,4,10,14,24,8,16,12,15,7,13,21,5,23,3,1,9,11,20,19],[14,10,18,6,2,8,4,22,24,16,11,12,7,13,15,9,23,21,5,1,17,19,3],[10,6,22,2,4,18,14,24,8,16,12,23,7,21,5,15,13,1,9,11,20,19,3],[22,6,18,14,10,2,4,24,8,16,12,15,7,13,21,5,23,3,1,9,11,19,17,20],[18,14,22,10,2,4,6,24,16,8,9,12,15,5,13,7,23,21,1,11,20,19,3],[18,14,10,6,2,4,22,24,8,16,12,15,5,7,21,13,23,1,9,11,19,3,17],[10,2,6,4,22,14,18,8,24,16,12,21,5,15,7,13,23,3,1,11,9,20,19],[18,10,2,14,6,8,4,22,24,15,16,5,7,23,21,13,12,3,1,9,11,20,17,19],[14,18,10,2,22,24,6,4,16,8,12,15,5,7,21,23,13,1,9,11,20,3,19,17],[22,10,2,4,18,6,14,8,24,16,12,7,13,5,23,21,15,1,11,9,20,19,3,17],[6,22,14,2,4,10,18,24,8,16,12,15,7,13,21,5,23,1,9,11,19,3,20,17],[10,14,6,18,2,8,4,22,24,16,9,12,7,15,13,21,5,23,3,1,11,19,17,20],[2,14,10,22,24,18,6,8,4,16,12,21,13,7,15,5,23,3,1,9,11,19,20,17],[6,18,14,2,8,4,10,22,24,16,12,5,13,15,7,23,21,1,11,9,17,20,19,3],[6,14,2,8,4,10,18,22,24,16,12,7,13,5,21,15,23,3,1,9,11,20,17,19],[18,14,22,2,24,6,8,4,10,16,12,13,5,15,7,23,21,1,11,9,20,19,3],[6,2,8,4,18,22,10,14,24,16,9,12,15,5,13,7,23,21,3,1,11,20,19],[2,10,6,4,18,14,22,8,24,16,9,5,12,23,7,15,13,21,3,1,11,17,19],[22,10,18,2,24,6,8,4,14,16,11,12,5,7,15,13,9,23,21,1,19,3,20],[2,22,24,6,8,4,14,18,10,16,11,12,5,7,15,13,9,23,21,1,20,17,19,3],[2,10,18,14,6,4,22,24,8,15,16,7,5,21,12,13,23,1,9,11,19,3,17],[22,10,2,4,14,18,6,8,24,16,12,21,15,7,13,5,23,3,1,11,9,19,20,17],[6,18,2,4,14,10,22,8,24,16,12,15,5,13,7,23,21,1,11,9,19,3,20,17],[6,18,22,10,2,4,14,8,24,16,12,15,5,7,23,21,13,1,11,9,17,19,3,20],[6,2,8,4,10,18,22,14,24,16,12,5,13,15,7,21,23,1,11,9,19,3,20],[22,14,18,6,10,2,4,24,16,8,12,21,13,7,15,5,23,1,9,11,17,19,3,20],[6,22,18,14,2,4,10,24,8,16,12,23,7,21,5,13,15,3,1,11,9,19,20],[22,2,24,18,14,10,6,8,4,16,12,7,13,5,23,15,21,1,9,11,19,3,20],[14,22,18,6,2,8,4,10,24,16,12,23,5,7,15,21,13,3,1,11,9,19,17,20],[6,2,4,14,10,22,18,8,24,16,12,7,15,5,21,13,23,3,1,9,11,19,20],[6,22,10,18,2,4,14,24,8,16,11,12,7,21,15,13,9,5,23,3,1,20,17,19],[10,18,2,6,4,22,14,24,16,8,12,23,7,21,5,13,15,1,9,11,20,3,17,19],[18,2,10,14,22,24,6,8,4,16,12,7,13,15,23,21,5,1,11,9,20,19,3],[6,10,22,2,8,4,18,14,24,16,12,15,5,13,7,21,23,3,1,9,11,20,19],[6,14,2,4,10,18,22,8,24,16,12,7,13,5,23,21,15,1,9,11,19,3],[6,18,2,4,14,10,22,8,24,16,12,5,21,15,13,7,23,1,11,9,20,19,3],[14,10,2,6,8,4,18,22,24,16,12,15,5,13,7,23,21,1,11,9,19,3,20],[10,18,2,6,8,4,14,22,24,16,12,7,15,13,21,5,23,1,9,11,17,20,19,3],[2,18,6,8,4,10,14,22,24,16,12,21,5,15,13,7,23,3,1,11,9,20,17,19],[18,6,10,14,2,8,4,22,24,16,11,12,5,7,13,9,21,15,23,1,20,17,3,19],[10,14,6,22,18,2,8,4,24,16,9,12,7,13,15,21,5,23,1,11,19,3,17,20],[6,22,18,14,2,4,10,24,8,16,12,7,15,13,23,21,5,1,11,9,19,3,17,20],[6,14,10,2,8,4,18,22,24,16,12,15,7,13,23,21,5,3,1,11,9,17,20,19],[2,10,6,4,22,14,18,24,16,8,12,23,5,7,15,21,13,3,1,9,11,19,20],[2,14,10,6,4,22,18,24,8,16,12,13,5,15,7,23,21,3,1,9,11,20,17,19],[2,14,22,24,6,4,10,18,8,16,12,15,5,13,7,23,21,1,9,11,17,20,19,3],[14,6,22,10,18,2,8,4,24,16,9,12,21,7,13,15,5,23,1,11,19,3,20,17],[22,2,24,6,8,4,10,18,14,16,9,12,23,5,7,13,15,21,3,1,11,19,17,20],[14,6,2,8,4,22,18,10,24,16,9,12,23,7,5,15,13,21,3,1,11,17,20,19],[18,10,6,2,4,22,14,24,8,16,12,15,5,13,7,23,21,3,1,11,9,19,17,20],[18,14,2,10,22,4,6,24,16,8,12,5,21,15,13,7,23,1,11,9,17,20,3,19],[2,14,6,8,4,18,10,22,24,16,12,7,13,15,21,5,23,1,9,11,20,3,19,17],[14,2,22,24,6,4,10,18,8,16,11,12,5,9,7,21,13,15,23,1,19,3,20],[14,10,2,18,22,24,6,8,4,16,12,15,5,7,23,13,21,1,9,11,19,3],[2,22,4,10,14,18,6,24,16,8,12,21,5,13,7,15,23,3,1,11,9,19,17,20],[18,2,6,8,4,22,10,14,24,16,12,15,5,7,23,21,13,3,1,9,11,20,19,17],[18,10,22,2,4,6,14,8,24,16,12,23,7,5,15,21,13,1,11,9,19,3,20,17],[18,14,10,2,2