{"problem_id":"7WLEQ6GDEKGepgU","sigma":75,"alpha":0.100,"cost":0,"probabilities":"[0.55, 0.4, 0.01, 0.04]","payoff_matrix":"[[-71, -18, 29, -90, 154, -67], [-1, -150, 90, -21, 94, 101], [125, -18, -34, -30, 44, -100], [120, 59, -134, 11, 55, 1]]","uncovered":[[13,21,1,5,17,9,10,18],[21,5,17,1,13,9,10,18],[13,17,9,1,5,21,18],[5,1,17,13,21,9,10,18],[1,13,5,17,9,21,10,18],[17,21,1,13,9,5,18],[13,5,1,17,9,21,18],[13,9,21,5,1,17,18],[1,21,5,13,17,9,18],[17,5,1,21,13,9,18],[1,9,5,17,13,21,10,18],[1,13,21,17,5,9,10,18],[5,1,17,13,9,21,18],[1,5,17,13,21,9,10,18],[1,13,9,17,5,21,18],[17,9,5,13,21,1,20,10,18],[21,13,17,1,5,9,10,18],[1,21,9,13,17,5,10,18],[1,17,5,9,21,13,18],[17,13,21,9,1,5,18],[1,5,13,17,9,21,18],[21,1,9,5,13,17,10,18],[5,13,21,9,1,17,18],[9,21,1,5,13,17,18],[1,21,9,17,13,5,18],[13,21,5,1,9,17,10,18],[9,1,21,17,13,5,18],[1,9,5,13,21,17,10,18],[1,13,5,9,21,17,10,18],[1,21,5,9,13,17,18],[13,9,21,5,1,17,19,10,18],[1,9,17,5,21,13,18],[21,1,5,13,9,17,10,18],[21,17,9,1,13,5,10,18,8],[17,21,9,5,1,13,10,18],[17,13,1,9,5,21,10,18],[5,17,13,21,9,1,10,18],[1,13,21,9,17,5,18],[13,17,5,1,9,21,18],[17,5,21,13,9,1,20,10,18,8,16],[13,21,9,1,5,17,10,18],[5,9,21,13,1,17,10,18],[17,5,9,21,1,13,18,23],[17,21,5,1,13,9,18],[1,5,21,17,13,9,11,10,18],[21,13,9,5,1,17,18],[5,17,21,1,9,13,18],[17,1,21,9,13,5,12,18],[5,9,1,13,17,21,10,18],[9,1,17,5,21,13,18],[17,9,21,5,1,13,10,18],[9,21,5,1,17,13,10,18],[17,9,13,1,21,5,18],[1,17,9,13,5,21,20,10,18],[9,21,17,5,1,13,12,11,18],[13,21,17,9,1,5,18],[17,5,13,21,9,1,19,10,18],[5,1,17,9,13,21,18,11],[13,9,21,5,17,1,18],[17,13,5,21,9,1,10,18],[1,17,13,9,5,21,19,18],[9,21,5,13,1,17,10,18],[13,21,9,5,17,1,10,18],[21,1,5,17,9,13,20,10,18],[17,13,9,21,1,5,10,18],[21,17,1,5,13,9,10,18],[21,5,9,1,17,13,10,18],[21,1,13,17,9,5,10,18],[1,21,5,9,17,13,10,18],[17,1,9,21,5,13,10,18],[13,9,17,1,21,5,18,22,19],[17,21,5,1,13,9,18],[17,1,5,13,9,21,18],[9,5,1,13,17,21,10,18],[5,17,13,1,21,9,10,18],[9,17,21,13,1,5,10,18],[13,17,5,9,21,1,10,18],[21,5,1,13,17,9,18],[1,21,17,5,9,13,18],[21,9,1,13,5,17,18],[13,9,1,21,5,17,18,7,23],[9,17,21,5,13,1,11,10,18],[1,5,13,21,17,9,18],[9,13,21,5,17,1,10,18],[17,1,21,5,9,13,18],[1,13,21,5,9,17,18],[1,21,17,9,13,5,10,18],[21,5,1,17,13,9,11,18],[5,1,21,17,9,13,10,18],[21,13,5,9,1,17,10,18],[13,17,5,9,21,1,19,10,18],[1,13,17,9,21,5,18],[1,5,13,17,9,21,11,18],[21,5,9,1,13,17,18],[5,9,1,13,17,21,10,18],[5,17,21,1,13,9,18],[17,13,5,1,9,21,18],[1,21,5,13,9,17,10,18],[1,5,9,21,17,13,10,18],[5,9,21,17,1,13,10,18],[21,1,5,9,17,13,10,18],[9,21,13,1,17,5,10,18],[5,13,17,1,21,9,18],[21,13,1,17,9,5,10,18,19],[17,9,1,5,21,13,18],[5,13,1,21,9,17,12,11,10,18],[17,13,21,5,1,9,18],[21,1,5,9,13,17,18],[5,17,9,21,1,13,18],[1,21,9,17,13,5,18],[9,21,17,5,13,1,18],[9,17,21,5,13,1,18,22,16],[5,1,9,17,21,13,18],[1,17,13,9,5,21,10,18],[21,13,1,17,9,5,18],[17,9,1,13,5,21,18],[17,21,5,13,1,9,20,18],[21,5,1,9,17,13,12,19,10,18],[13,1,9,21,5,17,18],[1,5,9,17,13,21,18],[13,5,9,21,17,1,10,18],[17,13,1,9,21,5,18],[5,21,13,17,1,9,10,18],[9,17,21,5,13,1,18],[13,5,21,1,9,17,10,18],[17,9,21,13,1,5,18],[21,1,9,17,13,5,18,10],[5,17,9,21,13,1,10,18],[13,1,9,5,17,21,19,18],[9,17,21,5,13,1,10,18],[17,21,1,9,13,5,18,20],[13,9,17,21,1,5,18],[5,9,13,1,21,17,19,18],[1,21,5,17,9,13,20,10,18],[5,21,1,9,13,17,12,18],[1,17,9,5,21,13,10,18],[9,13,21,17,5,1,18,23],[1,13,5,9,21,17,10,18],[5,13,17,21,1,9,19,18],[1,13,9,17,5,21,10,18],[9,21,13,1,17,5,18],[21,13,9,5,1,17,18],[13,21,17,5,1,9,18],[1,9,5,17,13,21,18],[21,13,17,5,1,9,10,18],[5,9,21,17,13,1,10,18],[21,9,17,5,1,13,10,18],[13,1,9,17,21,5,18],[1,5,9,13,21,17,18],[9,21,13,1,17,5,10,18],[13,9,17,1,21,5,10,18],[21,13,5,9,17,1,10,18],[9,17,13,5,21,1,18],[1,13,21,5,17,9,18],[5,1,17,13,9,21,18],[21,17,13,9,1,5,11,12,10,18],[21,9,13,5,17,1,10,18],[21,5,17,13,1,9,12,10,18],[5,9,1,21,13,17,10,18],[21,1,5,17,13,9,18],[17,9,5,1,21,13,11,10,18],[9,1,17,21,13,5,18],[13,17,21,5,1,9,11,10,18],[5,13,17,9,21,1,10,18],[17,13,9,5,1,21,12,10,18],[21,1,13,9,5,17,10,18],[5,21,9,1,17,13,10,18,4],[9,13,1,17,21,5,10,18,20],[21,5,1,17,9,13,10,18],[5,13,1,17,9,21,10,18],[17,9,21,5,13,1,10,18],[17,5,9,13,21,1,18],[1,17,13,21,5,9,11,10,18],[1,13,9,21,17,5,10,18],[17,1,5,21,13,9,18,10],[9,5,21,17,13,1,12,20,10,18],[9,21,1,17,13,5,18,8],[13,17,5,9,21,1,10,18],[17,9,21,1,13,5,18],[13,9,21,1,17,5,10,18],[13,17,1,21,9,5,18],[21,5,9,13,1,17,18,24],[13,17,9,5,1,21,18,20],[21,13,9,17,1,5,10,18],[9,1,21,13,17,5,10,18],[1,17,21,5,13,9,18],[21,1,13,17,5,9,18],[13,9,21,17,5,1,19,10,18],[1,17,21,9,13,5,20,11,18],[9,21,5,17,13,1,18],[13,5,9,21,17,1,10,18],[1,17,13,21,9,5,18],[21,13,17,5,1,9,10,18],[21,9,1,17,13,5,10,18],[13,9,1,21,5,17,10,18],[13,21,1,5,9,17,18],[5,17,1,13,21,9,12,10,18],[5,21,17,9,13,4,1,18],[17,1,9,5,21,13,10,18],[9,5,1,21,17,13,19,18],[21,9,1,5,17,13,10,18],[17,5,1,13,9,21,19,18],[13,1,21,9,5,17,10,18],[17,13,21,9,1,5,18],[9,13,1,5,21,17,18],[13,9,21,17,5,1,10,18],[21,13,5,17,9,3,1,18],[1,5,13,21,17,9,19,10,18],[5,21,1,9,17,13,18],[9,17,13,21,1,5,18],[9,21,1,13,17,5,10,18],[13,5,9,21,1,17,10,18],[9,1,13,5,17,21,18],[1,21,13,9,5,17,10,18],[13,17,1,9,21,5,10,18],[5,17,9,21,1,13,18],[17,5,13,1,9,21,10,18],[13,5,17,21,1,9,10,18],[17,1,21,9,13,5,18,14],[5,9,13,21,1,17,10,18],[9,5,21,17,1,13,10,18,3],[21,1,9,13,17,5,11,18],[21,9,17,5,13,1,10,18],[5,21,1,9,13,17,18],[9,5,1,21,13,17,10,18],[1,17,5,9,21,13,18],[5,9,1,13,17,21,12,18],[9,5,17,13,21,1,18],[1,13,17,21,9,5,11,18],[21,5,1,9,17,13,18,10],[1,21,5,17,9,13,10,18],[9,5,17,21,1,13,10,18],[1,13,9,5,21,17,18],[13,9,21,17,5,1,18],[13,17,5,21,1,9,18],[5,1,13,21,17,9,11,18],[21,9,17,5,13,1,10,18],[5,17,21,9,13,1,10,18],[1,21,13,9,17,5,10,18],[1,17,9,21,5,13,10,18],[21,13,17,1,9,5,10,18,23],[17,1,21,13,9,5,10,18],[17,21,9,13,1,5,10,18],[9,13,1,17,21,5,11,12,18],[17,21,9,5,13,1,10,18],[13,9,21,5,17,1,10,18],[9,21,17,1,5,13,19,12,18],[17,1,21,9,13,5,18],[9,17,5,21,13,1,18,20],[9,21,5,17,13,1,10,18],[13,17,5,1,21,9,10,18],[21,17,1,5,13,9,18],[1,21,9,13,17,5,18],[21,9,5,17,13,1,18],[17,1,21,9,13,5,18],[5,9,13,21,17,1,10,18],[9,17,1,13,21,5,10,18],[17,5,1,13,9,21,11,10,18],[9,5,21,17,1,13,18],[21,13,5,17,9,1,12,10,18,6],[1,21,9,5,17,13,10,18],[17,1,9,5,21,13,10,18],[9,17,1,5,13,21,10,18],[1,5,13,17,9,21,18],[13,17,9,1,21,5,18],[17,9,21,13,1,5,18],[1,17,21,13,5,9,10,18,3],[17,9,21,5,1,13,10,18],[1,17,9,21,5,13,18],[1,13,9,17,21,5,10,18],[1,5,17,21,13,9,18],[1,5,21,9,13,17,11,10,18],[17,21,13,5,1,9,10,18],[9,5,21,13,1,17,18],[9,5,1,13,17,21,18,11],[1,5,9,17,13,21,12,18],[1,21,9,17,13,5,10,18],[9,1,17,21,13,6,11,10,18],[13,9,1,5,17,21,18],[9,5,1,13,17,21,18],[13,21,9,5,17,1,18,6,24],[9,13,17,1,21,5,10,18],[21,5,17,9,13,1,12,19,18],[17,21,5,1,13,9,12,8,18],[13,21,17,7,1,5,9,10,18],[21,13,5,1,9,17,18,12],[17,5,3,1,9,21,13,18],[9,21,5,17,13,1,10,18],[21,5,13,1,9,17,18,3],[17,21,1,13,5,9,11,10,18],[13,1,5,9,21,17,18],[21,17,9,5,1,13,10,18],[21,1,17,13,5,9,18],[13,17,9,21,1,5,18],[21,13,1,5,9,17,18],[17,5,21,1,9,13,11,18],[1,5,21,9,17,13,18],[21,5,9,1,17,13,10,18,3],[13,9,21,5,1,17,18],[1,5,21,17,13,9,18],[21,13,17,1,9,5,18],[1,9,5,17,21,13,10,18,19],[1,9,21,5,13,17,18],[21,1,9,13,17,5,18,3],[9,1,21,17,5,13,10,18],[9,21,5,1,13,17,18],[21,13,1,17,9,5,18],[21,13,5,1,17,9,18],[17,1,21,9,13,5,10,18],[1,17,21,9,13,5,10,18],[17,9,13,5,21,1,12,10,18],[1,21,9,5,13,17,18],[13,21,1,17,9,5,18],[21,9,5,13,1,17,10,18],[17,21,1,5,13,9,19,10,18],[9,13,1,17,5,21,18],[5,17,13,21,9,1,18,3],[17,9,5,13,21,1,20,10,18],[9,5,17,21,1,13,18],[13,5,17,21,1,9,10,18],[17,13,5,1,9,21,19,18],[13,5,21,9,1,17,10,18],[13,5,1,9,21,17,10,18],[21,1,5,13,9,17,10,18],[21,1,17,13,5,9,10,18],[17,13,9,5,1,21,18],[1,9,21,5,13,17,18],[21,1,13,17,5,9,18],[13,21,9,1,5,17,10,18],[9,17,5,13,1,22,21,18],[21,5,1,17,9,13,20,18],[21,17,9,13,5,1,20,18],[13,9,5,1,21,17,10,18,4],[21,13,17,5,1,9,10,18,16,22],[13,21,17,9,1,5,18],[1,5,21,13,17,9,18],[9,1,13,21,5,17,12,20,18],[13,5,9,1,17,21,10,18],[1,17,5,9,21,13,18],[5,17,9,21,1,13,18],[21,5,17,13,9,1,18],[17,13,1,9,21,5,10,18],[17,5,21,13,4,1,9,18],[9,21,13,5,17,1,18],[5,21,9,13,17,1,10,18,24],[17,9,5,21,13,1,10,18,20],[13,17,9,5,21,1,18],[17,9,5,13,21,1,18],[21,17,5,1,13,9,10,18],[13,17,21,5,9,1,19,10,18],[5,1,21,13,9,17,10,18],[9,17,1,5,13,21,10,18],[5,9,13,1,17,21,10,18],[13,21,17,1,5,9,10,18],[5,21,1,9,17,13,18],[17,9,13,5,1,21,10,18],[9,17,21,5,13,1,10,18],[17,13,1,9,21,5,10,18],[13,17,12,5,1,21,9,19,20,10,18],[17,9,13,1,5,21,10,18],[17,1,21,5,9,13,10,18],[5,13,1,9,21,17,11,10,18],[9,17,5,1,21,13,18],[1,13,5,9,17,21,18],[21,13,9,1,17,5,18],[1,13,21,5,17,9,18],[1,21,17,5,13,9,10,18],[9,1,13,17,5,21,11,20,19,10,18],[1,5,21,13,17,9,10,18],[13,21,1,9,17,5,10,18],[17,9,1,21,5,13,10,18],[17,13,21,9,1,5,18],[21,13,17,1,9,5,18],[17,5,21,1,13,9,10,18],[21,17,1,13,5,9,10,18],[9,13,1,17,5,21,10,18],[5,17,13,1,21,9,10,18],[1,5,21,9,13,17,10,18],[13,9,17,5,21,1,18],[1,5,21,9,17,13,11,18],[13,17,9,1,5,21,10,18],[1,9,13,21,17,5,10,18],[17,5,13,21,1,9,18],[13,17,9,5,1,21,18],[21,5,9,1,17,13,11,18],[21,13,17,1,5,9,11,18],[13,17,9,21,5,1,18],[13,5,9,17,1,21,18],[1,17,13,9,5,21,18],[1,13,21,5,9,17,18],[21,1,9,17,13,5,18],[5,21,1,17,13,9,10,18],[17,5,1,9,21,13,10,18],[5,13,17,1,9,21,11,10,18,23,12],[13,1,5,9,17,21,18],[21,5,13,9,1,17,18],[5,13,21,17,1,9,10,18],[5,17,1,21,13,9,18],[17,9,5,21,1,13,18],[13,9,21,5,17,1,10,18],[5,17,1,21,9,13,12,18],[1,13,21,17,5,9,18,20],[17,13,9,5,21,1,10,18,24],[9,1,21,13,17,5,18],[17,21,13,5,9,1,20,18,6],[13,5,9,17,1,21,10,18],[5,21,13,1,9,17,18],[9,13,1,21,5,17,11,10,18],[21,13,1,17,5,9,18,14],[13,5,9,17,21,1,10,18],[5,21,9,17,13,1,19,18,10],[5,13,1,9,17,21,18],[13,17,1,5,9,21,10,18],[13,1,17,21,9,5,10,18],[21,5,17,13,1,9,18,22],[21,1,17,13,5,9,10,18],[21,5,1,13,17,9,10,18],[21,13,17,1,5,9,11,18],[1,13,5,21,9,17,18],[21,13,9,5,1,17,10,18],[21,9,1,13,17,5,18],[5,1,21,17,9,13,10,18],[5,9,21,1,13,17,18],[9,5,17,1,21,13,10,18],[9,17,13,5,1,21,10,18],[1,9,17,13,5,21,18],[17,9,13,1,21,5,18],[17,5,21,1,9,13,10,18],[1,9,5,17,13,21,10,18],[21,9,13,5,17,1,10,18],[1,13,17,5,21,9,12,18],[9,21,17,5,1,13,19,18],[17,1,5,13,9,21,18],[1,17,21,13,9,5,12,10,18],[21,13,5,17,1,9,18],[21,13,5,1,9,17,18],[17,9,1,21,5,13,20,10,18],[5,17,9,21,13,1,10,18],[1,13,9,5,21,17,18],[1,21,5,9,17,13,18],[5,1,13,17,21,9,10,18],[5,21,13,9,1,17,18],[13,9,1,21,17,5,10,18],[13,5,1,17,21,9,18],[1,17,9,13,21,5,18],[1,17,21,9,5,13,18],[5,1,21,13,9,17,10,18],[21,13,9,17,1,5,10,18,23],[9,5,21,13,1,17,11,18],[9,21,1,13,5,17,18],[13,21,9,17,5,1,10,18],[13,21,17,1,5,9,18],[13,17,1,21,9,5,10,18,11],[9,13,21,17,5,1,10,18],[21,1,5,17,9,13,18],[21,1,9,17,5,13,10,18],[5,13,17,1,9,21,18],[9,1,13,5,17,21,18],[21,17,1,13,5,12,9,18],[5,1,21,9,13,17,10,18],[17,9,5,21,1,13,10,18],[13,1,9,5,21,17,10,18],[21,17,1,13,9,5,18],[9,1,5,13,17,21,18],[17,9,5,21,13,1,20,10,18,24],[13,1,5,21,9,17,18],[21,1,13,5,17,9,18],[21,5,17,1,9,13,18],[21,5,13,1,17,9,18],[21,5,17,9,13,1,18],[1,21,17,9,5,13,11,18],[21,9,5,13,1,17,10,18],[17,1,5,21,13,9,18],[9,21,17,13,1,5,10,18],[9,1,13,21,17,5,18,7],[17,13,21,1,5,9,10,18],[13,21,5,1,17,9,12,18,20,10],[1,13,5,21,17,9,10,18],[5,1,21,9,13,17,10,18],[13,9,21,5,17,1,18],[9,1,21,5,13,17,18,6],[1,17,21,13,5,9,10,18],[1,21,9,5,17,13,18],[1,17,9,21,13,5,10,18],[9,17,21,1,5,13,10,18],[1,9,5,21,13,17,18],[5,1,9,17,21,13,10,18],[1,9,5,17,21,13,10,18,12],[1,9,5,17,21,13,18],[13,17,1,5,21,9,18],[5,1,13,9,17,21,10,18],[17,13,5,21,1,9,10,18],[1,5,9,17,13,21,10,18],[21,9,13,5,1,17,10,18,15],[1,5,21,17,13,9,10,18],[13,1,5,17,9,21,20,18],[13,21,1,17,9,5,11,18],[9,17,1,5,21,13,10,18],[9,1,5,17,21,13,20,18],[13,1,21,5,9,17,18],[5,1,9,17,21,13,18],[13,17,5,1,9,21,18],[9,1,21,17,13,5,18],[9,21,17,5,1,13,18],[21,13,5,9,17,1,18],[1,21,13,9,17,5,10,18],[13,17,1,9,5,21,18],[21,13,17,9,1,5,18],[9,1,13,21,17,5,10,18],[17,1,5,13,21,9,10,18],[9,21,17,13,1,5,18],[21,9,17,5,1,13,18,11],[21,17,9,5,13,1,18,14],[5,9,13,17,1,21,12,20,10,18],[17,13,1,5,9,21,10,18],[1,5,9,13,21,17,18,16,12],[5,1,9,17,13,21,18],[17,1,9,5,13,21,18],[13,5,1,9,21,17,18],[9,17,1,21,13,5,10,18],[9,5,1,21,17,13,18],[9,17,5,21,1,13,10,18,12],[1,17,13,9,21,5,10,18],[13,1,9,17,21,5,10,18],[13,1,17,21,5,9,10,18],[9,17,21,5,1,13,18],[1,13,5,21,9,17,11,18],[17,13,1,9,21,5,10,18,2],[21,9,1,13,17,5,10,18,15],[5,13,17,9,1,21,10,18],[9,21,1,13,17,5,18],[21,1,13,5,9,17,10,18],[1,13,17,9,5,21,12,10,18],[21,13,9,1,5,17,10,18,11],[13,21,17,1,5,9,18],[1,13,17,9,5,21,18],[5,21,17,1,13,9,18],[5,9,1,17,21,13,18],[13,9,21,1,17,5,10,18],[9,5,1,13,21,17,18,12],[1,17,5,13,21,9,18],[17,5,9,21,1,13,18],[21,1,9,17,5,13,10,18,15],[9,17,21,1,13,5,18],[9,21,17,5,1,13,18],[17,5,9,13,1,21,19,10,18],[17,5,21,1,13,9,18],[5,13,21,17,1,9,10,18],[17,9,21,13,1,5,18],[13,9,21,5,1,17,18,14,10],[9,21,5,1,17,13,18],[13,1,21,17,9,5,19,18],[9,13,1,21,5,17,18],[13,9,1,21,5,17,10,18],[17,21,13,9,5,1,10,18],[13,1,21,9,17,5,19,18],[13,5,17,21,1,9,18],[5,13,9,1,17,21,10,18],[17,1,21,13,9,5,18],[5,13,21,17,9,1,18],[5,21,13,9,1,17,10,18],[21,9,1,5,13,17,18],[5,13,9,17,21,1,18],[17,21,1,13,5,9,18],[9,1,17,13,5,21,10,18],[17,1,13,9,5,21,10,18],[21,5,9,13,17,1,10,18],[21,13,5,1,9,17,10,18],[5,1,17,9,21,13,18],[1,5,9,17,21,13,10,18],[17,1,9,5,13,21,10,18],[5,21,13,1,17,9,11,18],[21,1,17,5,9,13,18],[9,13,21,5,1,17,10,18],[9,13,5,21,1,17,18],[13,5,9,17,1,21,10,18],[21,17,9,1,5,13,18],[1,9,5,21,13,17,18],[9,13,17,1,21,5,18],[1,13,9,17,5,21,10,18],[21,5,1,13,9,17,10,18],[17,1,21,9,13,5,18],[21,5,9,17,13,1,10,18],[13,1,17,5,21,9,18],[21,5,13,9,17,1,18],[5,21,1,9,17,13,10,18,15],[9,21,17,13,1,5,10,18],[17,13,5,1,9,21,19,10,18],[9,5,17,21,13,1,18],[9,5,21,13,17,1,18],[13,17,21,1,5,9,20,18],[1,21,9,13,5,17,10,18],[9,5,13,21,1,17,12,10,18],[9,21,13,1,17,5,18],[17,21,13,1,9,5,10,18],[5,17,1,9,13,21,10,18],[21,13,5,9,17,1,18],[9,1,13,21,17,5,10,18],[21,13,9,5,17,1,18,15],[1,9,5,17,21,13,18],[17,21,13,5,9,1,20,18],[5,9,17,1,13,21,18],[5,17,9,21,1,13,12,19,18],[1,5,17,13,21,9,18],[1,17,13,21,5,9,18,4],[5,9,17,21,13,1,18],[17,9,13,5,21,1,18],[21,5,1,17,9,13,18],[9,5,13,21,1,17,19,10,18],[1,13,9,21,17,5,10,18],[1,9,5,21,13,17,10,18],[13,17,9,5,1,21,11,18],[17,21,9,1,13,5,18],[1,13,5,9,21,17,18],[21,1,9,5,17,13,18],[1,17,13,9,21,5,18],[21,13,5,1,17,9,10,18],[5,9,1,21,17,13,18,24],[5,21,13,17,1,9,18],[1,21,17,13,5,9,10,18],[21,5,9,1,17,13,10,18],[17,9,21,1,5,13,10,18,14,20],[21,17,1,5,9,13,10,18],[1,9,21,17,5,13,19,18],[9,1,13,5,21,17,11,10,18],[9,17,21,13,5,1,18],[13,1,21,5,17,9,12,19,18],[9,21,17,1,5,13,10,18],[9,17,5,1,13,21,18],[9,1,13,17,5,21,10,18],[21,1,13,17,9,5,11,10,18],[9,13,17,5,1,21,18],[9,17,1,13,21,5,18],[9,17,21,13,5,1,18],[1,21,9,5,13,17,10,18],[21,17,1,9,13,5,18],[17,9,5,21,13,1,10,18],[13,5,17,21,9,1,18],[5,1,9,13,17,21,20,10,18],[21,1,5,13,9,17,12,19,11,18],[9,1,17,13,21,5,10,18],[5,17,1,13,9,21,10,18],[17,1,21,5,9,13,10,18],[13,5,17,1,9,21,10,18],[13,1,9,17,21,5,18],[9,5,21,13,1,17,18],[1,5,13,21,9,17,10,18],[1,13,21,17,9,5,20,11,18],[21,13,17,5,1,9,18],[13,5,21,9,1,17,10,18],[9,17,13,1,21,5,11,18],[13,1,5,17,21,9,10,18],[21,9,13,17,5,1,10,18],[21,13,5,17,9,1,10,18],[17,13,5,1,9,21,10,18],[21,9,13,17,5,1,11,10,18],[13,1,21,5,9,17,18],[21,17,9,13,1,5,18],[13,1,21,17,9,5,10,18],[13,9,21,1,5,17,10,18],[21,13,1,9,5,17,18],[17,9,21,13,5,1,12,18],[9,13,17,21,1,5,10,18],[21,1,13,9,5,17,18],[13,9,5,17,21,1,10,18],[1,9,13,5,21,17,11,10,18],[1,13,21,9,17,5,12,18],[13,9,21,1,17,5,18],[21,13,1,5,17,9,10,18],[9,17,21,5,1,13,12,18,10],[1,17,21,5,13,9,19,10,18],[13,9,1,5,21,17,18],[21,1,13,17,5,9,18],[5,17,9,21,1,13,12,18],[1,5,9,17,21,13,18],[17,21,1,5,9,13,18],[5,13,17,21,9,1,18,14],[9,21,17,13,5,1,10,18],[21,1,17,5,9,13,18],[9,21,5,1,17,13,18,16],[9,21,5,17,1,13,18],[9,21,17,1,13,5,12,10,18],[21,5,17,9,1,13,18],[21,9,17,1,13,5,18,7],[13,1,21,17,9,5,19,10,18],[17,13,9,1,21,5,19,10,18],[17,5,21,13,9,1,10,18],[9,21,1,17,13,5,18],[13,1,17,5,21,9,10,18],[21,13,17,5,1,9,18],[5,1,9,21,13,17,10,18],[5,1,13,21,9,17,10,18],[9,17,13,1,5,21,18],[5,1,13,17,21,9,10,18,20],[17,5,1,9,13,21,20,10,18],[5,13,17,9,1,21,18],[1,5,21,13,17,9,10,18],[1,21,13,9,17,5,10,18],[21,1,5,9,17,13,18],[5,21,1,17,13,9,10,18],[5,13,17,21,1,9,10,18],[13,1,17,5,21,9,18],[13,1,17,21,9,5,19,10,18],[17,1,9,13,5,21,10,18],[9,5,13,1,17,21,10,18],[5,1,21,9,17,13,18],[9,13,21,1,5,17,18],[9,5,1,17,21,13,18],[21,17,1,13,9,5,10,18],[5,1,21,17,13,9,20,18],[5,21,17,9,13,1,10,18],[17,1,21,13,5,9,18],[1,5,13,21,17,9,12,10,18],[21,13,17,9,1,5,10,18],[13,17,21,9,1,5,11,10,18],[21,5,1,13,9,17,10,18],[1,13,17,9,5,21,10,18],[1,9,5,13,17,21,18],[21,5,9,17,13,1,20,18],[17,13,5,9,21,1,18],[5,13,1,21,17,9,18],[21,9,1,5,17,13,10,18,15],[1,5,21,9,13,17,18],[21,13,17,1,5,9,10,18],[13,21,17,1,9,5,10,18],[17,9,13,21,1,5,10,18],[13,17,1,9,5,21,10,18],[9,21,1,13,5,17,18],[21,9,1,17,13,5,18],[21,9,17,13,5,1,18],[13,21,9,1,5,17,18,14],[1,21,9,5,13,17,10,18],[21,17,9,1,5,13,10,18],[9,17,1,21,5,13,10,18],[17,21,5,13,9,1,18],[1,21,17,9,5,13,10,18],[17,13,1,5,9,21,10,18],[13,17,9,1,5,21,10,18],[1,9,21,13,5,17,18],[5,13,9,1,17,21,18],[17,5,13,21,1,9,10,18],[17,13,21,9,5,1,18],[9,13,1,17,5,21,10,18],[21,13,1,5,17,9,10,18],[13,17,5,21,1,9,10,18],[17,21,5,9,1,13,10,18],[9,1,5,17,21,13,10,18],[21,9,17,1,5,13,10,18],[1,13,17,21,9,5,18],[5,21,1,13,9,17,10,18],[5,9,17,13,1,21,12,18],[21,13,9,1,17,5,10,18],[5,13,9,21,1,17,10,18],[9,21,17,13,5,1,18],[1,9,17,5,21,13,18],[1,9,21,17,13,5,18],[9,17,21,13,1,5,19,18],[13,17,5,1,21,9,19,18,11],[5,13,21,1,9,17,10,18],[13,9,21,17,5,1,18,4],[9,17,21,1,5,13,19,12,10,18],[17,1,13,9,21,5,18],[5,17,21,9,1,13,18],[1,13,5,21,9,17,10,18],[9,21,17,13,5,1,18],[13,5,1,9,21,17,18],[13,9,5,17,21,1,20,18],[21,17,9,1,5,13,19,18],[13,1,9,5,21,17,20,12,18],[1,21,13,5,17,9,20,10,18],[9,13,21,17,5,1,20,10,18,24],[9,13,21,1,5,17,18],[1,21,17,13,9,5,18],[1,21,17,5,9,13,10,18],[21,17,9,13,5,1,18],[13,21,1,5,17,9,10,18],[13,17,1,21,5,9,10,18],[17,1,13,21,5,9,20,10,18],[13,9,17,1,5,21,19,18],[5,1,21,9,17,13,18],[17,9,1,13,5,21,18],[13,5,21,9,17,1,18],[13,17,1,5,21,9,18],[5,13,9,1,21,17,10,18],[17,5,13,21,1,9,11,10,18],[17,13,5,1,9,21,12,18],[13,21,17,5,9,1,10,18],[17,1,13,21,5,9,18],[9,13,21,1,5,17,10,18,12],[9,1,21,17,13,5,10,18],[9,5,1,13,17,21,10,18],[5,21,1,9,13,17,19,18],[9,5,1,17,21,13,18],[1,21,17,5,13,9,10,18],[17,1,9,13,21,5,18],[17,9,1,5,21,13,18],[17,13,21,5,9,1,18],[1,17,5,9,21,13,18],[1,9,13,21,17,5,10,18,12],[17,1,21,13,5,9,10,18],[13,21,1,17,5,9,10,18,16],[1,13,21,9,17,5,12,18],[9,5,21,13,1,17,18],[9,13,5,17,1,21,11,10,18],[5,13,17,21,9,1,10,18],[21,9,1,5,13,17,18],[21,17,9,13,1,5,18],[1,9,21,17,14,5,13,19,10,18],[13,21,9,1,17,5,10,18],[17,21,13,5,9,1,18],[1,17,5,21,13,9,18,8],[1,5,21,17,9,13,10,18],[1,9,17,13,21,5,18],[21,13,9,17,1,5,12,18],[13,5,17,9,1,21,10,18],[1,21,5,13,17,9,18],[1,5,17,9,13,21,18],[17,9,21,1,5,13,10,18],[13,5,17,21,9,1,18],[17,13,21,1,5,9,18],[5,13,17,21,9,1,10,18],[21,1,17,12,5,13,9,20,18],[1,21,13,17,9,5,10,18,6,3],[1,9,5,17,21,13,18],[1,21,17,9,5,13,18],[21,5,9,13,17,1,18],[21,5,1,13,9,17,18],[1,21,5,13,17,9,10,18],[17,13,21,9,1,5,10,18],[5,17,9,21,13,1,10,18],[17,9,5,1,13,21,18],[17,9,5,1,13,21,11,10,18],[5,13,9,1,21,17,10,18],[1,9,17,21,5,13,10,18],[1,21,13,17,9,5,10,18],[17,5,9,21,1,13,12,19,18],[9,1,21,5,17,13,18,8],[13,17,5,1,21,9,12,18,20],[21,13,1,5,17,9,18],[9,1,5,21,13,17,18],[13,9,1,5,17,21,18],[5,9,21,17,1,13,12,10,18,4],[5,21,1,17,9,13,18],[5,21,9,13,1,17,10,18],[13,9,5,21,17,1,10,18],[5,13,1,9,21,17,10,18],[1,17,21,5,13,9,10,18],[21,13,9,1,17,5,10,18],[1,9,21,5,13,17,18],[17,13,9,1,5,21,10,18],[13,1,21,9,5,17,10,18],[1,21,9,13,5,17,10,18],[9,21,5,13,17,1,18,23,4],[9,5,1,13,21,17,19,10,18,6],[13,17,1,21,9,5,18],[21,1,5,9,13,17,10,18],[5,21,13,17,9,1,10,18],[1,9,5,21,17,13,18],[9,21,5,1,13,17,20,18],[17,1,13,21,5,9,10,18],[21,5,17,13,9,1,19,10,18],[1,9,5,17,21,13,18],[5,9,13,21,17,1,18],[21,17,9,5,1,13,10,18],[21,17,13,9,5,1,18],[5,1,21,9,13,17,10,18],[13,5,9,1,21,17,10,18],[9,17,13,1,21,5,18,7],[5,13,17,21,9,1,10,18],[1,9,5,13,21,17,10,18],[17,1,9,21,13,5,18],[13,9,1,21,17,5,10,18],[9,17,21,1,13,5,18,7],[17,21,9,5,1,13,10,18],[13,5,9,1,17,21,10,18],[1,17,5,9,13,21,10,18],[21,9,13,17,1,5,10,18],[5,13,1,21,9,17,12,18],[21,9,13,5,17,1,10,18,19],[21,1,13,17,5,9,18],[13,17,5,1,9,21,18],[5,9,17,13,3,1,21,10,18],[1,21,5,17,9,13,18],[17,21,9,13,1,5,18],[5,9,21,1,17,13,19,10,18],[1,21,13,9,5,17,10,18],[1,5,9,21,13,17,18,7],[17,9,1,13,5,21,18],[5,21,1,13,17,9,10,18],[1,5,9,17,13,21,18],[13,1,17,5,9,21,10,18],[13,5,21,1,9,17,18],[1,17,5,9,13,21,10,18],[1,9,17,13,21,5,10,18],[1,9,13,5,17,21,10,18],[1,21,5,17,9,13,10,18],[17,5,1,9,21,13,20,18],[5,1,9,21,13,17,18],[9,21,1,13,5,17,18,3],[5,9,13,17,21,1,18],[1,17,13,9,21,5,10,18],[13,5,17,21,9,1,18],[17,1,5,9,13,21,10,18],[5,17,21,9,13,1,10,18],[17,13,21,9,5,1,10,18],[9,21,17,5,1,13,10,18],[1,21,9,17,13,5,18],[5,17,1,9,13,21,10,18],[21,9,17,5,1,13,10,18],[17,9,13,5,1,21,10,18,14],[17,5,13,1,9,21,10,18],[9,5,13,1,21,17,18],[13,9,17,21,5,1,18],[13,1,9,21,5,17,10,18],[17,1,9,13,5,21,10,18],[13,9,17,21,1,5,18],[5,13,9,1,17,21,10,18],[21,1,5,9,13,17,19,10,18],[9,1,13,21,5,17,18],[17,13,9,5,21,1,18],[5,9,21,13,1,17,10,18],[9,1,5,13,21,17,10,18],[1,5,9,17,21,13,18],[9,13,1,5,21,17,18],[13,5,21,9,1,17,18],[17,21,9,1,13,5,18],[9,13,1,21,5,17,19,20,18],[13,1,21,5,17,9,10,18],[9,5,13,17,21,1,11,18],[17,5,9,1,21,13,20,10,18],[13,17,1,21,5,9,19,18],[13,5,9,17,1,21,10,18,20],[9,13,5,1,17,21,10,18],[21,1,17,5,13,9,18,24],[13,1,5,9,17,21,18],[5,1,21,17,9,13,10,18],[1,5,21,17,9,13,10,18,14],[1,21,9,17,13,5,18],[13,9,1,17,21,5,18],[5,9,13,1,17,21,18],[17,13,21,5,9,1,18],[5,13,21,17,9,1,18],[1,5,17,21,13,9,10,18],[1,9,5,13,17,21,18,8],[5,21,17,1,9,13,18],[13,21,9,5,1,17,18],[5,1,21,13,9,17,18],[1,13,21,17,9,5,18],[5,1,13,21,9,17,10,18],[21,9,5,17,1,13,18],[5,13,9,1,21,17,19,10,18],[9,17,21,1,5,13,11,18],[5,9,21,1,17,13,10,18],[5,1,17,13,21,9,18],[5,17,21,1,9,13,10,18,19],[5,17,9,21,13,1,18],[1,17,21,9,5,13,11,18],[5,21,9,1,17,13,18,8],[5,9,17,21,13,1,18],[1,13,5,17,21,9,20,10,18],[1,21,17,9,13,5,10,18],[9,5,17,13,1,21,18],[9,21,5,1,17,13,10,18],[13,21,17,9,5,1,10,18,16],[1,9,5,21,13,17,18],[21,9,17,5,13,1,10,18],[5,9,1,21,17,13,20,19,18],[5,13,17,21,1,9,10,18],[5,1,9,17,13,21,18],[5,21,13,9,1,17,11,10,18],[9,13,1,5,17,21,18],[21,17,13,1,9,5,20,10,18],[1,21,9,13,5,17,10,18],[13,1,5,17,21,9,18],[17,5,1,21,9,13,18],[13,5,21,17,9,1,10,18],[9,17,13,21,5,1,18],[9,5,17,21,13,1,10,18],[13,21,17,9,1,5,18],[21,1,17,5,13,9,18],[21,5,17,13,1,9,19,10,18],[1,17,21,9,13,5,10,18],[17,21,5,13,1,9,18,24,4],[5,13,21,17,1,9,18],[17,9,1,5,21,13,11,10,18],[9,1,21,5,17,13,18,2],[13,17,1,5,21,9,11,18],[21,17,13,9,5,1,18],[1,21,5,17,9,13,19,10,18],[1,9,13,17,5,21,18],[1,21,17,9,5,13,18],[9,13,21,17,1,5,19,18],[5,1,17,21,9,13,10,18],[13,17,9,1,5,21,10,18],[1,9,5,13,21,17,10,18],[9,1,21,5,17,13,18,12],[9,21,13,17,1,5,18],[9,17,5,21,13,1,18],[9,1,13,21,5,17,10,18],[5,9,13,1,17,21,18]],"n_human":5}