{"problem_id":"8gCWMUjgQskfbUz","sigma":150,"alpha":10.000,"cost":0,"probabilities":"[0.29, 0.24, 0.21, 0.26]","payoff_matrix":"[[-89, 17, -160, -5, 38, 11], [-13, -170, 13, 202, -78, -93], [-170, 170, -420, -155, 57, 172], [56, -106, -18, 200, 46, -32]]","uncovered":[[17,13,21,9,5,1,8,24,20,16,14,18,2,22,12,6,3,15,19,10,4,11,23],[5,13,9,21,17,1,20,8,24,16,14,18,2,23,22,11,7,6,4,3,10,12,15,19],[5,21,1,9,13,17,8,20,24,16,14,18,2,7,23,22,11,6,4,12,10,19,15,3],[17,9,21,5,1,13,20,8,24,16,14,18,3,12,22,7,6,15,19,2,10,23,11],[21,5,9,17,13,1,8,20,24,16,14,18,4,22,2,10,6,12,19,15,3,23,7],[17,13,1,21,9,5,20,8,24,16,18,14,4,23,22,11,6,2,7,15,19,3],[9,21,17,1,5,13,20,8,24,16,18,14,4,12,22,3,19,15,6,10,23],[17,13,9,1,5,21,20,8,24,16,18,14,3,23,22,10,4,12,6,15,19,2],[13,1,5,9,21,17,8,24,20,16,18,14,4,23,22,2,11,6,10,19,3,12,15],[5,13,1,21,17,9,8,24,20,16,14,18,2,12,23,22,15,19,6,4,10,3],[9,21,17,13,5,1,20,8,24,16,18,14,2,22,10,11,3,12,19,15,7,6,23,4],[21,9,13,1,5,17,20,8,24,16,18,14,2,10,22,4,11,15,19,6,3,7,12,23],[21,5,1,17,9,13,8,24,16,20,18,14,3,23,22,10,7,6,19,4,12,15],[9,13,17,5,21,1,8,20,24,16,14,18,4,22,11,7,2,6,3,23,12,19,15],[17,21,9,1,13,5,20,8,24,16,18,14,3,22,11,23,7,6,10,15,19,2],[17,21,5,13,9,1,20,8,24,16,14,18,3,12,22,7,6,11,2,15,19,23,10,4],[21,13,17,5,9,1,20,8,24,16,18,14,3,22,12,11,4,15,19,6,10,23,2,7],[17,1,9,5,21,13,8,24,20,16,14,18,2,22,12,4,6,15,19,10],[17,5,9,1,13,21,8,24,20,16,14,18,3,22,11,6,19,23,4,12,2,15,10,7],[1,9,21,17,13,5,20,8,24,16,14,18,2,10,23,22,7,6,3,11,15,19,4],[5,1,21,17,9,13,8,24,20,16,18,14,3,22,11,15,6,19,2,23,4],[13,17,5,1,21,9,20,8,24,16,14,18,4,23,22,2,10,6,7,15,19,12,3],[17,5,1,21,13,9,8,20,24,16,14,18,4,22,2,11,15,6,19,3,23],[21,1,17,9,13,5,8,20,24,16,18,14,2,22,10,6,4,23,12,19,15,3,7,11],[1,17,21,13,5,9,20,8,24,16,18,14,4,10,23,22,3,19,6,15,11,7],[9,21,17,5,1,13,20,8,24,16,14,18,4,23,22,2,15,12,19,6,3,11],[9,13,1,21,5,17,8,24,16,20,14,18,4,22,12,23,2,7,6,19,15,3,11,10],[1,13,17,9,21,5,8,24,20,16,18,14,2,22,11,7,6,3,10,4,15,19,23,12],[13,9,1,5,17,21,8,24,16,20,14,18,3,22,12,4,10,2,7,6,19,15,23],[1,21,13,9,17,5,8,20,24,16,14,18,2,11,23,22,3,19,7,6,10,15,4],[13,17,21,5,9,1,8,20,24,16,14,18,2,22,11,6,3,10,19,7,12,15,4,23],[21,1,5,9,17,13,8,24,16,20,14,18,3,12,22,7,6,2,19,10,15,23],[9,17,13,1,21,5,8,24,20,16,18,14,2,22,10,6,4,15,19,12,3,23,7],[17,21,5,9,13,1,20,8,24,16,14,18,4,22,11,6,2,10,15,19,3,12,23,7],[13,21,5,1,17,9,20,8,24,16,18,14,3,22,6,10,19,15,12,11,2,23,4],[21,9,1,5,17,13,8,24,20,16,14,18,4,23,22,11,2,6,10,15,19,3],[13,21,17,5,1,9,8,20,24,16,14,18,2,11,23,22,4,15,19,7,6,3,10],[21,5,1,13,17,9,20,8,24,16,18,14,2,23,22,11,19,3,7,6,4,15,10],[21,13,1,17,5,9,8,24,16,20,18,14,2,12,23,22,7,6,3,15,19,11,10],[1,9,13,5,17,21,20,8,24,16,18,14,3,10,7,6,22,19,15,12,2,4],[17,9,21,5,13,1,8,24,20,16,18,14,22,4,11,2,3,12,7,6,19,15,23,10],[1,9,5,13,17,21,8,20,24,16,14,18,2,22,10,7,6,3,11,12,19,15],[1,9,5,17,21,13,20,8,24,16,18,14,4,10,22,7,6,19,3,23,15,11],[5,21,1,13,17,9,8,20,24,16,14,18,2,23,22,12,7,6,15,19,4,11,3,10],[5,1,21,9,13,17,8,24,16,20,14,18,4,22,3,12,6,19,15,10],[21,9,5,17,1,13,8,24,16,20,18,14,4,23,22,12,6,3,10,7,19,15],[1,17,21,9,5,13,8,20,24,16,14,18,2,22,10,4,6,12,19,11,15,23,3,7],[1,5,21,17,13,9,20,8,24,16,14,18,4,22,2,10,12,3,23,7,6,19,15],[9,21,1,13,5,17,20,8,24,16,18,14,4,22,2,12,11,19,15,6,23,3],[13,9,5,1,17,21,8,24,16,20,14,18,2,22,10,3,6,11,23,15,19,12,4],[1,5,21,17,9,13,8,20,24,16,14,18,3,22,4,10,6,23,15,19,11,2,7,12],[13,1,21,17,5,9,20,8,24,16,18,14,3,11,23,22,7,4,6,10,15,19],[17,1,13,9,5,21,8,24,16,20,14,18,10,2,22,12,23,11,6,3,4,19,15,7],[13,9,5,1,17,21,20,8,24,16,14,18,2,12,23,22,15,19,4,7,6,3,10,11],[17,9,5,1,13,21,8,24,20,16,18,14,4,3,22,12,23,7,6,15,19,11,2],[13,1,9,17,21,5,20,8,24,16,14,18,2,22,12,6,11,3,4,15,19,10,7],[5,13,21,1,17,9,8,24,20,16,14,18,3,22,10,6,11,12,7,15,19,2,23,4],[17,13,5,21,9,1,20,8,24,16,14,18,3,23,22,10,15,19,7,6,11,2,12,4],[1,17,21,5,9,13,20,8,24,16,14,18,4,22,11,2,12,7,6,10,19,15,3],[17,9,21,5,13,1,8,24,16,20,14,18,3,23,22,11,2,19,15,6,4,12,10],[9,17,5,1,21,13,8,20,24,16,14,18,2,23,22,11,6,3,19,15,10],[5,21,13,17,9,1,8,20,24,16,14,18,4,22,11,6,3,10,19,7,15,12,2,23],[13,21,9,5,17,1,8,20,24,16,18,14,4,2,23,22,11,10,6,19,15,12,3],[17,1,5,13,9,21,8,24,16,20,14,18,2,22,12,15,19,4,6,7,23,10,3],[5,13,17,1,21,9,8,20,24,16,14,18,2,23,22,11,7,6,3,4,15,19],[9,1,17,21,5,13,20,8,24,16,18,14,4,23,22,12,2,6,10,15,19,3,7,11],[1,13,17,5,21,9,20,8,24,16,18,14,4,22,12,2,6,11,15,19,3,7],[5,9,21,13,17,1,8,24,20,16,18,14,2,12,22,4,19,10,6,15,3,23],[21,17,1,13,9,5,20,8,24,16,14,18,2,22,11,7,6,4,15,19,3,12,23],[5,21,13,9,17,1,20,8,24,16,18,14,4,22,12,2,15,19,6,11,3],[9,5,1,21,17,13,8,24,20,16,18,14,3,11,22,2,6,4,19,15,12],[21,9,1,17,5,13,20,8,24,16,18,14,3,22,10,4,23,19,7,6,15,12,2],[9,1,5,21,17,13,8,24,16,20,14,18,3,12,23,22,11,4,10,19,7,6,15,2],[5,21,13,1,9,17,20,8,24,16,14,18,3,23,22,11,15,19,7,6,4,2,10],[13,9,5,17,1,21,20,8,24,16,14,18,4,23,22,11,6,3,2,12,19,15,7],[21,17,1,9,13,5,8,20,24,16,14,18,4,22,2,12,10,19,15,6,3],[21,17,5,9,1,13,20,8,24,16,14,18,3,22,11,6,2,7,15,19,23,10,12,4],[17,9,21,13,5,1,20,8,24,16,18,14,3,10,23,22,6,2,4,11,19,15],[9,21,13,17,5,1,8,20,24,16,18,14,4,11,23,22,2,6,15,19,3],[21,13,1,17,5,9,20,8,24,16,14,18,3,23,22,12,7,6,15,19,2,10,11],[9,1,5,13,21,17,20,8,24,16,14,18,2,23,22,12,4,6,15,19,11,3,7],[13,5,17,21,1,9,8,20,24,16,18,14,11,4,2,23,22,6,7,19,15,3,12],[17,9,21,1,13,5,20,8,24,16,18,14,3,22,11,23,7,6,4,15,19,2,12,10],[9,1,13,5,17,21,20,8,24,16,14,18,4,12,3,22,6,7,15,19,10,2,11,23],[17,5,13,21,1,9,20,8,24,16,14,18,4,10,22,23,2,11,15,19,6,3,7,12],[21,17,5,1,9,13,20,8,24,16,18,14,2,11,22,23,4,15,19,6,3,7,12,10],[21,1,13,9,17,5,20,8,24,16,18,14,2,22,12,4,6,3,7,11,19,15,10,23],[1,9,17,21,5,13,8,24,16,20,18,14,2,23,22,3,11,7,6,19,15,12,10],[13,9,21,5,17,1,20,8,24,16,14,18,2,4,22,15,19,12,6,3,10],[13,1,9,5,21,17,20,8,24,16,18,14,2,12,22,7,6,19,4,3,15,10,23,11],[9,13,21,1,5,17,20,8,24,16,18,14,2,22,12,4,6,3,19,15,10,11,7,23],[1,5,9,17,21,13,8,20,24,16,18,14,3,22,11,6,12,4,19,7,10,15,23,2],[17,21,13,9,1,5,20,8,24,16,14,18,22,3,11,19,6,2,12,15,23,4],[13,21,17,5,1,9,8,24,16,20,18,14,4,22,2,10,6,12,11,3,19,15,23],[17,21,5,13,9,1,8,20,24,16,14,18,2,12,22,3,23,7,6,19,15,10,11,4],[17,9,21,5,1,13,20,8,24,16,14,18,3,22,12,7,6,15,19,2,11,10,4,23],[21,5,17,9,1,13,8,24,16,20,14,18,4,22,10,3,23,6,11,2,19,15,7,12],[13,1,21,17,9,5,8,20,24,16,14,18,3,22,12,19,11,7,6,15,2,4,23,10],[5,9,17,1,21,13,8,20,24,16,18,14,2,11,23,22,4,6,7,15,19,3,10,12],[17,1,5,9,13,21,20,8,24,16,18,14,4,2,22,10,6,12,11,15,19,3],[13,21,9,17,1,5,8,24,20,16,18,14,2,10,22,12,7,6,15,19,4,3,23,11],[1,17,21,9,5,13,20,8,24,16,18,14,4,10,23,22,2,3,6,12,15,19],[1,13,9,5,21,17,8,24,16,20,18,14,3,22,12,6,15,19,11,4,2,23,10,7],[1,5,21,9,13,17,8,20,24,16,14,18,4,22,12,3,15,19,6,10,11,2,23],[9,21,1,17,5,13,20,8,24,16,18,14,3,23,22,11,7,6,12,4,15,19],[1,13,17,9,21,5,8,20,24,16,14,18,3,12,22,10,2,7,6,19,15,23,4],[5,1,9,13,17,21,20,8,24,16,18,14,2,23,22,12,6,3,15,19,11,10],[5,13,17,1,21,9,8,24,16,20,14,18,3,22,11,6,4,10,19,15,7,2,12,23],[21,1,13,17,9,5,8,20,24,16,18,14,2,11,22,6,3,15,19,12,4,7],[5,1,21,9,17,13,8,20,24,16,18,14,2,22,10,4,6,3,11,15,19,23,7],[21,17,1,9,13,5,8,20,24,16,18,14,3,23,22,12,19,7,6,15,10,4],[5,9,17,21,13,1,20,8,24,16,14,18,3,22,12,10,6,4,7,15,19,23,11],[1,9,21,13,17,5,8,20,24,16,14,18,2,22,12,7,15,6,19,4,11,3,10,23],[17,9,1,13,21,5,20,8,24,16,18,14,3,10,11,23,22,15,19,6,4,2],[1,13,21,5,17,9,8,20,24,16,18,14,2,6,12,22,4,19,15,10,3,7,23],[21,5,9,13,17,1,20,8,24,16,14,18,3,22,11,6,12,7,19,15,2,4],[13,17,1,5,21,9,20,8,24,16,18,14,4,23,22,10,3,15,19,6,12,7,2,11],[9,5,1,13,21,17,8,24,20,16,18,14,3,22,12,7,19,6,10,4,2,15,11,23],[21,9,1,5,13,17,8,20,24,16,14,18,2,22,11,10,4,12,6,7,19,15,3,23],[21,13,9,1,5,17,8,20,24,16,18,14,2,22,10,6,4,11,12,7,19,3,15,23],[17,5,21,13,1,9,20,8,24,16,14,18,2,11,23,22,15,4,19,6,3,12],[5,21,9,1,13,17,20,8,24,16,14,18,3,22,11,6,12,23,10,19,15,4],[5,21,17,9,1,13,8,20,24,16,14,18,3,23,22,11,19,12,2,15,6,7,4,10],[5,13,9,17,21,1,20,8,24,16,18,14,3,22,11,7,6,2,15,19,23],[1,21,13,9,17,5,20,8,24,16,18,14,3,12,22,6,2,11,15,19,23],[13,5,21,9,1,17,8,20,24,16,18,14,4,23,22,3,12,19,7,6,15,11,2],[5,13,1,21,9,17,20,8,24,16,18,14,4,22,12,19,2,15,6,3,10,23],[13,1,17,5,9,21,20,8,24,16,18,14,3,23,22,12,7,6,11,2,15,19,4],[9,13,1,21,5,17,20,8,24,16,14,18,4,22,2,11,19,15,6,3,7,12,10,23],[13,1,21,9,5,17,8,24,16,20,18,14,2,23,22,12,15,19,6,4,3,11],[17,1,21,13,9,5,8,24,20,16,14,18,3,22,12,4,6,11,7,15,19,2,10],[21,9,5,17,13,1,8,24,16,20,14,18,2,23,22,11,4,6,12,10,19,3,15,7],[5,17,13,1,21,9,20,8,24,16,14,18,2,22,10,4,6,15,19,12,3,23],[1,5,13,17,9,21,20,8,24,16,14,18,4,23,22,10,2,7,6,3,19,12,15,11],[5,13,21,17,1,9,8,20,24,16,14,18,4,23,22,3,10,7,6,11,15,19,2,12],[5,13,1,17,9,21,20,8,24,16,18,14,2,22,10,3,15,19,6,11,23,7,12,4],[1,13,5,9,17,21,8,24,20,16,14,18,2,22,11,3,7,6,12,19,15,10,4,23],[5,1,13,17,9,21,8,20,24,16,14,18,2,22,11,7,6,19,15,4,3,23],[17,5,1,9,13,21,8,24,16,20,18,14,4,11,23,22,6,3,2,10,15,19],[13,1,9,5,17,21,8,24,16,20,18,14,4,22,11,3,6,7,23,15,19,12],[17,1,21,13,5,9,20,8,24,16,14,18,4,12,22,3,23,6,2,15,19,11,10],[13,1,9,21,5,17,20,8,24,16,14,18,3,23,22,10,19,6,15,12,7,4,11,2],[21,5,1,17,9,13,8,20,24,16,14,18,2,22,11,6,4,12,7,19,15,3],[13,9,5,1,21,17,8,20,24,16,18,14,4,22,11,3,6,2,10,15,19,23,7],[21,17,13,9,5,1,8,20,24,16,18,14,3,22,11,12,4,7,6,19,15,23,2],[21,17,13,5,1,9,8,24,20,16,14,18,4,10,23,22,15,2,19,6,12,3],[1,5,13,21,9,17,20,8,24,16,14,18,4,11,22,2,19,15,6,3,23,10,7,12],[21,5,17,1,13,9,8,24,16,20,18,14,4,22,11,7,6,3,19,15,10,23],[5,1,17,9,13,21,20,8,24,16,14,18,3,22,11,12,19,6,15,2,23],[13,21,5,1,17,9,20,8,24,16,18,14,2,12,22,7,6,19,3,15,11,23],[13,17,21,9,5,1,20,8,24,16,14,18,4,22,11,3,7,6,19,15,23],[13,21,9,17,1,5,20,8,24,16,18,14,3,23,22,10,4,11,19,15,6,2],[5,13,9,1,21,17,20,8,24,16,14,18,3,22,10,6,12,4,7,15,19,2,23],[1,9,21,5,13,17,20,8,24,16,14,18,2,23,22,10,7,6,3,19,11,12,15,4],[13,9,21,17,1,5,20,8,24,16,14,18,3,10,23,22,7,6,12,19,15,2],[21,9,1,13,5,17,8,24,16,20,14,18,3,22,11,7,6,2,10,12,15,19,23,4],[13,21,17,5,1,9,8,24,16,20,14,18,2,22,10,4,7,6,19,15,11,12,3,23],[9,5,17,21,13,1,8,20,24,16,18,14,4,3,22,6,11,19,15,2,7,10,23,12],[9,17,21,13,1,5,8,24,16,20,14,18,2,7,22,12,6,4,23,15,19,10,3,11],[1,5,17,21,9,13,20,8,24,16,18,14,4,23,22,2,10,12,19,7,6,15,3],[1,5,9,13,21,17,20,8,24,16,14,18,2,10,23,22,6,7,3,11,19,15,4],[9,5,13,1,17,21,8,24,20,16,14,18,3,22,7,6,10,2,15,19,11,23,4,12],[13,1,21,17,9,5,20,8,24,16,14,18,4,22,2,11,15,19,6,12,3],[17,13,1,9,21,5,20,8,24,16,18,14,4,23,22,10,2,6,19,15,12,3,7],[21,1,5,9,13,17,20,8,24,16,18,14,4,23,22,3,12,6,7,15,19,11,10],[9,13,17,5,21,1,20,8,24,16,18,14,3,22,12,19,15,6,4,10,23,2,11,7],[9,21,1,5,17,13,20,8,24,16,14,18,4,12,22,2,6,7,15,19,3,11,23],[13,21,1,9,17,5,8,24,20,16,14,18,3,22,10,6,12,23,7,15,19,4,11,2],[1,21,17,5,13,9,8,24,20,16,18,14,10,4,23,22,3,19,15,6,12,11],[13,5,1,9,17,21,20,8,24,16,14,18,3,22,7,6,12,4,19,15,11],[21,9,1,17,5,13,8,20,24,16,14,18,4,22,11,2,7,6,15,19,10,3,23,12],[21,13,17,1,9,5,20,8,24,16,18,14,2,22,11,19,7,3,6,10,15],[1,9,17,13,5,21,8,24,16,20,14,18,2,22,12,7,6,4,19,15,10,3,23],[13,1,17,21,9,5,8,24,16,20,18,14,3,22,10,12,7,6,15,19,2,23,4],[17,9,5,21,13,1,8,20,24,16,18,14,3,22,10,6,15,19,12,4,2,23],[21,9,17,5,1,13,8,20,24,16,14,18,4,23,22,19,7,11,6,2,15,3,10,12],[21,5,13,1,9,17,8,20,24,16,14,18,4,2,22,12,11,7,6,23,15,19,3,10],[5,1,9,17,21,13,8,24,16,20,18,14,3,11,22,2,10,7,6,4,12,19,15,23],[9,13,21,5,17,1,8,20,24,16,14,18,12,3,22,6,7,23,19,2,15,10,4,11],[13,17,5,21,1,9,20,8,24,16,18,14,4,22,3,11,19,15,6,2,10,23],[9,5,13,21,1,17,20,8,24,16,18,14,2,23,22,11,6,3,19,12,15],[21,17,5,1,9,13,8,24,16,20,18,14,4,12,22,2,7,6,3,15,19,11,10,23],[5,9,17,13,1,21,8,24,20,16,18,14,4,22,2,7,6,10,11,12,19,15,3,23],[1,9,5,17,13,21,20,8,24,16,14,18,2,10,22,6,11,4,19,15,7,3,23,12],[9,21,5,17,1,13,8,20,24,16,14,18,2,23,22,10,3,19,15,7,6,11],[1,17,21,9,13,5,8,24,20,16,18,14,3,23,22,12,7,6,15,19,2,11,4],[5,9,17,21,1,13,8,20,24,16,14,18,4,23,22,15,2,12,19,6,3,10],[1,21,17,9,5,13,8,24,20,16,14,18,2,22,10,4,7,6,11,12,23,15,19,3],[13,9,1,5,21,17,20,8,24,16,14,18,4,23,22,11,2,7,6,12,15,19,3],[21,17,1,5,13,9,8,24,20,16,14,18,3,22,11,6,12,19,7,15,4,23],[5,21,13,17,9,1,20,8,24,16,18,14,3,23,22,11,2,6,19,12,7,15,10],[17,5,1,13,9,21,8,20,24,16,18,14,2,10,23,22,15,6,19,4,12,3,11,7],[5,9,13,17,21,1,20,8,24,16,18,14,3,22,10,15,19,6,11,2,12,4],[13,21,1,5,17,9,20,8,24,16,14,18,4,22,6,11,3,10,2,19,15,23,7,12],[5,21,13,1,9,17,8,24,20,16,18,14,4,23,22,12,2,7,6,15,19,3,10,11],[17,5,13,9,1,21,8,20,24,16,18,14,2,7,22,6,10,4,23,19,15,12,3],[5,9,21,13,1,17,8,24,20,16,14,18,4,23,22,2,10,6,12,19,11,15,3,7],[5,13,17,21,9,1,20,8,24,16,14,18,3,22,12,7,6,15,19,10,2,23,11],[21,5,17,9,1,13,8,24,20,16,14,18,4,23,22,3,12,6,15,19,11,7,2],[9,13,21,1,17,5,8,24,20,16,14,18,3,22,11,15,19,6,4,23,2,12,10,7],[17,5,9,13,21,1,20,8,24,16,18,14,3,10,22,12,6,23,11,15,19,2,4],[17,5,9,21,1,13,8,24,16,20,18,14,3,11,23,22,6,4,19,2,10,12,15,7],[5,9,17,13,21,1,8,20,24,16,18,14,3,22,12,19,23,15,6,4,11,2,10],[13,5,21,1,17,9,8,20,24,16,14,18,2,12,22,15,19,6,4,10,3,7,23,11],[21,9,1,5,17,13,8,20,24,16,18,14,2,22,11,3,4,23,6,19,7,12,15,10],[21,5,1,9,13,17,20,8,24,16,18,14,4,22,10,3,19,6,11,15,23,2,7,12],[5,17,13,1,9,21,20,8,24,16,18,14,4,3,22,12,7,6,15,19,23,10],[5,9,17,1,13,21,8,24,16,20,14,18,2,3,22,12,10,6,19,15,4,7],[5,13,21,9,17,1,20,8,24,16,14,18,2,12,23,22,6,10,3,15,19,4,11],[21,5,1,17,13,9,8,20,24,16,18,14,4,22,3,10,12,7,6,11,15,19,23,2],[9,1,13,5,17,21,8,20,24,16,18,14,2,4,22,11,7,6,19,15,3],[21,13,9,17,1,5,8,20,24,16,18,14,2,22,11,4,7,6,12,10,3,19,15,23],[17,5,9,21,1,13,20,8,24,16,14,18,2,10,22,7,6,3,11,19,15,4,23,12],[21,1,13,5,17,9,8,24,16,20,14,18,3,22,10,7,6,12,4,2,19,11,15,23],[21,17,13,9,5,1,8,24,20,16,14,18,4,23,22,11,3,6,15,19,2,12,7,10],[17,13,9,5,21,1,8,24,16,20,18,14,3,22,6,23,12,19,15,10,2,11,4],[1,5,9,17,13,21,20,8,24,16,14,18,3,23,22,6,10,4,19,15,12,11,7,2],[1,17,5,21,13,9,8,20,24,16,18,14,4,22,11,2,6,7,23,15,19,3,10,12],[17,13,21,1,5,9,8,24,20,16,14,18,3,10,22,15,19,6,12,4,7,11,23,2],[5,1,13,21,17,9,8,20,24,16,14,18,3,12,22,19,6,2,15,11,23,7,10,4],[21,1,17,5,13,9,20,8,24,16,14,18,4,12,22,3,6,15,19,10,23,2,7],[17,21,1,5,13,9,20,8,24,16,18,14,3,11,23,22,6,19,10,4,15],[13,1,21,5,9,17,8,24,16,20,18,14,4,11,2,22,6,23,15,19,3],[5,13,21,9,1,17,20,8,24,16,18,14,3,12,23,22,6,15,19,4,10],[21,9,13,5,17,1,20,8,24,16,18,14,2,23,22,3,11,7,6,10,15,19,4],[17,5,21,1,9,13,8,24,16,20,18,14,3,10,6,23,22,2,11,19,15,4,12,7],[21,17,5,9,13,1,20,8,24,16,14,18,4,22,11,3,6,15,19,12,7,2,23,10],[5,1,13,17,21,9,8,24,20,16,14,18,4,23,22,3,12,7,6,15,19,2,10,11],[21,1,5,17,13,9,20,8,24,16,14,18,3,22,12,15,19,7,6,2,11,4,10],[21,5,9,17,13,1,20,8,24,16,14,18,2,23,22,12,19,11,3,7,6,15,10],[5,21,17,9,13,1,20,8,24,16,18,14,4,22,2,19,10,6,7,15,12,3,11,23],[17,13,21,9,5,1,8,24,20,16,18,14,2,23,22,11,4,6,10,12,3,15,19],[9,21,5,13,17,1,20,8,24,16,18,14,3,11,23,22,6,4,19,15,12,10,7],[5,17,21,13,9,1,20,8,24,16,18,14,4,23,22,2,10,12,7,6,15,19,3],[9,5,21,17,13,1,20,8,24,16,18,14,4,22,11,2,7,6,10,15,19,3],[9,1,5,21,13,17,8,24,16,20,14,18,2,10,22,4,6,15,19,12,3,11,23],[13,17,1,9,5,21,20,8,24,16,14,18,4,11,22,7,6,2,19,10,15,3,23,12],[21,13,1,5,17,9,8,24,20,16,14,18,3,11,22,15,19,6,4,23,2,12,10],[1,5,13,17,21,9,8,24,16,20,18,14,2,22,12,4,7,6,19,3,15,11,23,10],[13,21,1,17,9,5,20,8,24,16,14,18,2,11,22,6,19,15,3,10],[9,1,21,5,13,17,8,20,24,16,18,14,2,22,11,6,15,4,19,3,10,7,23],[9,5,1,17,21,13,8,20,24,16,18,14,4,23,22,11,2,3,15,19,6,10,7,12],[17,9,1,5,13,21,8,20,24,16,14,18,4,10,22,3,7,6,12,23,15,19,2,11],[17,5,13,1,21,9,8,24,20,16,18,14,3,23,22,19,10,4,6,2,15,11,7],[13,17,5,21,9,1,20,8,24,16,14,18,4,22,3,12,7,6,15,19,11,2,10],[1,5,13,17,21,9,20,8,24,16,18,14,2,22,10,3,11,6,23,19,15,12,4,7],[1,9,5,13,21,17,20,8,24,16,18,14,4,23,22,10,11,2,19,6,7,15,3],[21,5,13,17,1,9,20,8,24,16,14,18,3,23,22,11,6,2,19,15,12,10,4],[21,9,5,1,13,17,8,24,20,16,14,18,2,12,3,22,23,10,6,19,7,15,4],[13,1,17,5,21,9,20,8,24,16,14,18,3,11,22,10,12,6,19,15,4,2,23],[21,5,1,9,17,13,20,8,24,16,14,18,3,23,22,12,6,19,7,15,2,10,11,4],[1,9,17,21,13,5,20,8,24,16,18,14,2,22,10,6,23,4,19,15,12,3,7,11],[9,1,13,17,21,5,20,8,24,16,18,14,4,11,22,3,12,6,15,19,2,7,23,10],[1,5,13,17,21,9,20,8,24,16,18,14,4,22,12,6,3,11,10,2,15,19,7,23],[17,1,5,9,13,21,8,24,16,20,18,14,3,22,12,15,6,19,7,4,11,10,2],[1,9,17,21,13,5,8,20,24,16,18,14,3,10,22,12,6,4,15,19,11,2,23],[17,9,21,5,13,1,8,24,16,20,18,14,4,12,22,2,3,23,7,6,15,19,11,10],[9,1,17,5,13,21,20,8,24,16,18,14,4,23,22,2,11,6,12,7,3,15,19,10],[13,5,1,9,21,17,20,8,24,16,18,14,4,23,22,3,12,15,19,7,6,10,2,11],[17,9,1,13,5,21,20,8,24,16,18,14,3,11,22,19,6,7,2,15,12],[13,1,21,17,9,5,20,8,24,16,18,14,2,23,22,11,6,15,19,4,3],[13,21,17,9,1,5,8,20,24,16,18,14,2,11,22,19,4,6,15,3,10,12],[13,1,5,21,9,17,8,24,20,16,14,18,3,10,22,15,19,6,12,4,23],[9,13,17,1,5,21,8,24,20,16,14,18,4,22,3,12,7,6,2,19,15,10,23],[5,1,9,13,17,21,20,8,24,16,18,14,4,2,22,12,7,6,10,19,15,3,23,11],[13,21,9,5,17,1,20,8,24,16,18,14,2,22,11,4,6,12,7,19,15,3,10,23],[13,21,5,17,9,1,20,8,24,16,18,14,4,23,22,10,11,12,2,7,6,3,15,19],[21,1,17,5,13,9,20,8,24,16,18,14,2,22,12,7,6,15,19,4,11,3,23],[1,9,13,17,21,5,8,24,16,20,14,18,22,4,12,2,19,6,7,3,15,10,23,11],[13,5,17,21,9,1,20,8,24,16,18,14,2,10,22,4,11,6,12,7,19,15,3,23],[17,1,9,5,21,13,20,8,24,16,18,14,2,22,12,7,6,19,3,11,15,10,4,23],[13,21,5,17,1,9,8,20,24,16,18,14,3,22,12,23,7,6,19,10,15,4,2],[1,17,21,9,5,13,20,8,24,16,14,18,3,10,19,22,23,15,6,12,4,7,2],[13,1,21,17,5,9,8,24,16,20,18,14,3,22,11,10,7,6,23,15,19,2,4],[5,13,1,17,21,9,20,8,24,16,14,18,2,22,11,15,19,4,6,3,23],[17,13,5,1,21,9,20,8,24,16,14,18,3,23,22,10,6,7,11,4,15,19,2],[9,17,13,1,21,5,8,24,16,20,18,14,4,23,22,12,2,6,19,15,3,10],[17,5,1,9,13,21,8,24,20,16,18,14,3,22,11,7,15,6,19,2,12,23,4],[5,21,17,9,1,13,20,8,24,16,18,14,4,10,11,2,22,6,19,12,15,3,23],[5,21,1,17,13,9,8,24,20,16,14,18,4,12,22,7,6,2,15,19,23,10,3,11],[1,21,13,9,5,17,8,20,24,16,14,18,3,22,10,6,23,12,15,19,4,2],[21,9,5,13,17,1,20,8,24,16,14,18,2,11,22,4,7,6,3,23,15,19,10],[5,1,13,17,21,9,20,8,24,16,14,18,4,10,23,22,2,7,6,19,15,11,3,12],[1,13,5,9,17,21,20,8,24,16,18,14,4,22,2,12,6,15,19,11,3,10,7,23],[5,17,1,9,13,21,8,24,20,16,18,14,4,23,22,12,3,10,7,15,6,19,11,2],[17,21,5,9,13,1,20,8,24,16,14,18,2,23,22,4,12,6,10,19,15,3],[17,21,5,1,9,13,20,8,24,16,18,14,2,23,22,11,4,6,15,19,3,10],[21,5,13,17,9,1,8,24,16,20,14,18,2,12,23,22,7,6,4,19,15,11,3,10],[21,17,1,5,13,9,8,20,24,16,14,18,3,12,22,19,10,15,6,4,7],[17,13,21,1,9,5,8,24,20,16,14,18,4,23,22,10,2,6,11,3,7,19,15,12],[17,5,21,1,13,9,20,8,24,16,18,14,2,23,22,11,4,6,10,3,19,15,12,7],[17,13,5,21,1,9,20,8,24,16,14,18,4,11,23,22,2,7,6,12,3,15,19,10],[1,5,13,9,21,17,8,24,16,20,14,18,2,22,11,23,19,15,6,4,3],[1,5,21,13,9,17,20,8,24,16,14,18,3,22,10,7,6,12,23,11,2,19,15],[17,9,5,21,13,1,8,20,24,16,18,14,3,23,22,11,6,2,7,19,15],[1,9,17,5,13,21,8,24,20,16,14,18,4,22,3,10,6,23,19,15,12,11,2],[13,21,1,9,5,17,20,8,24,16,14,18,2,23,22,12,7,6,4,11,3,15,19],[17,1,13,9,5,21,20,8,24,16,18,14,2,22,10,4,7,6,3,23,19,15,12],[5,13,9,1,17,21,20,8,24,16,14,18,2,22,10,3,7,6,15,19,12,4,23],[5,13,9,17,1,21,8,24,16,20,14,18,3,23,22,10,11,15,19,6,4,2,7],[5,21,1,9,17,13,20,8,24,16,14,18,2,11,23,22,4,6,19,3,10,15,7,12],[13,1,21,17,5,9,20,8,24,16,14,18,4,2,12,22,6,19,15,3,10,11,7,23],[1,5,17,13,9,21,8,20,24,16,18,14,3,22,11,2,7,6,15,19],[1,5,21,9,13,17,20,8,24,16,18,14,4,3,7,6,10,22,11,23,12,15,19,2],[1,21,13,5,9,17,8,20,24,16,18,14,3,22,11,6,10,4,2,19,15],[13,5,1,17,21,9,20,8,24,16,18,14,2,4,12,22,19,15,6,3,11,23,7],[17,1,9,5,13,21,20,8,24,16,18,14,4,7,23,22,6,12,2,3,15,19,11,10],[13,21,1,9,17,5,20,8,24,16,14,18,2,22,12,7,6,19,4,15,3,10,23,11],[17,21,1,9,5,13,20,8,24,16,18,14,3,22,11,6,19,15,4,10,12,2,23],[5,13,9,1,21,17,20,8,24,16,14,18,4,23,22,12,2,19,15,6,3,11,7,10],[13,1,5,17,21,9,8,24,20,16,14,18,4,6,22,2,12,19,15,3,11],[21,17,13,5,1,9,8,20,24,16,14,18,2,22,10,3,4,23,6,12,15,19],[9,13,17,1,21,5,20,8,24,16,18,14,3,22,11,23,15,19,6,4,2,7,10],[1,17,13,9,5,21,20,8,24,16,14,18,3,22,11,7,6,19,15,12,2,4,23],[21,9,13,1,5,17,8,24,16,20,18,14,4,22,11,3,7,6,12,19,15,2,10,23],[13,21,9,5,17,1,20,8,24,16,14,18,2,23,22,10,7,6,15,19,4,12,3],[13,5,21,17,1,9,8,24,16,20,14,18,3,22,10,11,6,19,7,15,4,23,2,12],[5,9,17,13,1,21,8,20,24,16,14,18,3,22,11,7,6,4,23,12,2,15,19,10],[13,1,9,17,21,5,20,8,24,16,14,18,4,22,11,7,3,6,15,19,2,10,23],[5,13,1,9,17,21,8,24,20,16,18,14,3,23,22,12,7,6,11,15,19,4,10],[13,21,1,5,17,9,20,8,24,16,18,14,3,22,12,15,19,6,4,10],[21,17,5,13,1,9,8,20,24,16,14,18,3,22,12,19,11,15,6,4],[9,17,5,1,21,13,20,8,24,16,14,18,3,22,10,6,19,11,15,2,23,4],[9,13,17,5,21,1,8,20,24,16,18,14,2,12,4,23,22,6,7,11,3,10,15,19],[1,17,13,21,9,5,8,24,16,20,18,14,3,22,12,7,6,10,2,4,11,15,19,23],[21,1,13,17,9,5,8,20,24,16,14,18,2,23,22,11,4,7,6,19,15,3],[13,5,21,9,17,1,8,24,16,20,14,18,4,22,12,2,7,23,6,15,19,10,3],[1,13,17,21,9,5,20,8,24,16,18,14,3,23,22,11,19,6,7,15,4,10,12],[9,21,13,1,17,5,8,20,24,16,14,18,2,22,10,4,6,3,19,15,12,11,23,7],[5,9,17,21,1,13,8,20,24,16,14,18,3,10,22,6,12,19,11,15,4,23,2],[21,1,9,17,5,13,20,8,24,16,18,14,2,22,11,7,19,6,3,10,15],[9,5,1,17,13,21,20,8,24,16,18,14,2,11,22,4,6,3,15,19],[17,13,1,5,9,21,8,24,20,16,18,14,2,10,22,7,6,12,3,23,15,19],[1,17,9,5,13,21,20,8,24,16,14,18,4,23,22,12,2,10,6,19,15,3,7],[17,1,9,5,13,21,20,8,24,16,18,14,4,22,2,12,7,6,19,15,3,10,23],[21,9,17,5,13,1,20,8,24,16,18,14,2,22,7,6,11,15,19,4,3,23,12],[9,13,17,21,5,1,20,8,24,16,18,14,2,23,22,11,19,7,6,15,4,3,10],[1,13,21,17,9,5,8,20,24,16,14,18,4,22,10,3,12,11,7,6,15,19,2,23],[17,1,13,5,9,21,8,24,16,20,18,14,3,23,22,10,6,4,7,11,15,19,2,12],[13,9,17,21,1,5,8,20,24,16,18,14,2,23,22,12,15,19,4,6,3,11],[13,5,21,17,9,1,8,24,16,20,14,18,3,22,12,15,6,19,2,10,11,23,4],[17,5,9,1,13,21,8,20,24,16,14,18,2,23,22,12,6,4,15,19,3,10,7,11],[9,17,21,13,5,1,8,20,24,16,18,14,3,11,22,4,7,6,15,19,12,23,2,10],[1,5,13,17,21,9,8,20,24,16,14,18,3,22,10,6,11,19,15,2,23,4],[21,17,13,9,5,1,8,20,24,16,18,14,3,22,12,6,7,19,15,11,2],[17,13,9,5,21,1,8,20,24,16,18,14,3,10,22,7,6,4,19,15,12,2,11,23],[13,17,9,5,1,21,8,24,20,16,14,18,3,10,22,19,6,7,15,12,23,4,2],[1,13,21,9,5,17,8,20,24,16,18,14,4,23,22,11,2,12,7,6,15,19,3,10],[5,13,17,21,1,9,20,8,24,16,18,14,2,22,3,7,6,12,15,19,11],[1,9,17,5,21,13,8,24,16,20,14,18,2,22,15,12,19,7,6,4,3,10],[17,1,5,13,21,9,20,8,24,16,14,18,2,11,23,22,4,6,19,15,3,12,7,10],[17,9,5,13,21,1,8,24,16,20,18,14,3,22,10,7,6,2,23,15,19,12,11,4],[5,13,9,17,21,1,20,8,24,16,14,18,4,11,22,3,15,19,6,23,7],[21,13,17,9,1,5,20,8,24,16,14,18,3,22,11,23,15,19,6,4,10,7,2,12],[1,21,17,9,5,13,20,8,24,16,14,18,4,22,2,10,6,11,3,15,19,7,23,12],[9,1,13,5,21,17,20,8,24,16,14,18,3,22,10,6,15,19,12,2,23,4],[21,5,9,13,1,17,8,24,20,16,18,14,2,23,22,11,6,12,4,10,7,15,19,3],[9,17,21,1,5,13,8,20,24,16,14,18,4,3,22,11,7,6,12,2,19,15,23,10],[9,13,17,5,21,1,8,24,20,16,14,18,4,10,2,22,7,6,11,15,19,3,12,23],[5,1,9,21,13,17,8,24,16,20,14,18,3,22,10,11,19,15,6,2,12,4,7,23],[13,5,9,21,1,17,20,8,24,16,14,18,2,22,10,6,3,12,11,19,15,23,4],[17,13,9,21,1,5,20,8,24,16,18,14,4,12,22,2,6,15,19,23,3,10],[21,13,17,5,9,1,20,8,24,16,18,14,3,22,4,11,2,7,6,23,19,15],[1,17,9,21,13,5,20,8,24,16,14,18,22,2,12,11,4,15,19,6,7,3,10,23],[17,5,13,1,9,21,20,8,24,16,18,14,2,22,11,15,19,6,4,3,23,10,7],[1,9,17,5,13,21,20,8,24,16,14,18,4,12,23,22,2,3,7,6,15,19,11,10],[21,9,13,5,1,17,20,8,24,16,14,18,4,22,11,2,19,15,6,3,7,10,23],[13,5,17,9,21,1,20,8,24,16,18,14,4,19,22,10,2,15,7,6,12,3],[13,5,17,1,9,21,8,20,24,16,14,18,4,23,22,12,6,2,19,15,3,11],[5,1,9,21,17,13,8,24,16,20,18,14,2,22,11,6,3,7,19,15,23,4,10],[17,21,5,9,1,13,20,8,24,16,14,18,3,10,23,22,11,7,6,19,15,4,2,12],[1,17,5,13,21,9,8,20,24,16,18,14,4,22,3,12,11,15,19,6,23,2],[9,13,1,21,5,17,8,24,16,20,18,14,4,11,22,2,7,6,23,19,12,15,3,10],[17,1,5,13,21,9,8,20,24,16,14,18,2,22,10,15,19,6,4,12,3],[1,9,17,21,5,13,8,20,24,16,18,14,2,22,10,6,19,4,15,12,3,23],[21,1,5,17,9,13,20,8,24,16,18,14,2,22,11,3,6,15,19,23,7,12,4],[21,17,9,5,1,13,20,8,24,16,18,14,4,2,10,23,22,12,15,19,6,3],[9,5,17,1,21,13,8,24,16,20,14,18,4,23,22,2,6,11,19,15,3],[13,5,21,9,1,17,8,24,20,16,14,18,3,10,22,6,15,19,11,2,12,4,23],[17,1,21,13,5,9,20,8,24,16,14,18,2,12,22,15,19,4,7,6,3,11,23],[1,9,21,13,5,17,8,20,24,16,14,18,4,22,2,12,6,3,7,10,23,19,11,15],[17,1,13,21,9,5,20,8,24,16,18,14,2,22,12,4,3,7,6,10,11,19,15,23],[17,1,13,5,21,9,8,20,24,16,18,14,3,23,22,7,6,11,2,15,19,10,4,12],[13,1,17,21,9,5,8,24,16,20,18,14,4,12,6,23,22,2,19,10,15,3,7,11],[17,13,21,1,5,9,8,24,16,20,18,14,2,22,11,6,4,19,15,23,3],[21,13,5,1,9,17,20,8,24,16,14,18,4,22,10,7,6,3,19,15,11,23,2,12],[13,17,21,9,5,1,20,8,24,16,14,18,3,22,10,7,6,19,15,12,2,11],[9,21,5,1,13,17,20,8,24,16,14,18,2,22,3,11,6,4,15,19,23,7,10],[9,1,17,13,21,5,20,8,24,16,18,14,4,12,3,22,7,6,23,15,19,11],[9,1,21,13,17,5,20,8,24,16,14,18,2,15,22,19,12,4,7,6,3,11,23],[1,21,9,13,5,17,20,8,24,16,14,18,4,10,2,22,3,7,6,11,12,19,15,23],[5,9,17,13,1,21,8,24,20,16,18,14,4,23,22,7,2,12,6,15,19,10,3,11],[21,13,1,17,5,9,8,24,16,20,14,18,4,10,3,22,12,23,7,6,15,19,2],[9,5,13,17,1,21,8,20,24,16,14,18,4,23,22,15,2,10,19,6,12,3,7,11],[13,17,21,5,1,9,8,24,20,16,14,18,4,3,11,22,6,19,15,2,12],[13,21,5,1,9,17,20,8,24,16,18,14,4,22,11,3,7,6,15,19,23],[13,21,9,17,1,5,20,8,24,16,14,18,3,11,22,6,15,19,4,23,2],[1,9,5,21,13,17,8,20,24,16,14,18,3,23,22,4,12,6,19,15,11,2],[17,13,9,5,21,1,8,24,16,20,14,18,4,3,10,22,12,19,15,6,11],[21,13,9,5,17,1,8,20,24,16,18,14,4,12,7,23,22,6,2,11,3,15,19],[13,17,9,21,1,5,20,8,24,16,18,14,4,22,10,2,12,7,6,15,19,3,11],[17,1,21,9,13,5,8,20,24,16,18,14,2,4,23,22,11,6,19,3,15,12],[13,17,1,9,21,5,8,20,24,16,14,18,3,23,22,10,6,4,15,19,12,11,2,7],[9,1,21,17,5,13,20,8,24,16,18,14,4,23,22,3,10,11,19,15,6,12,2],[17,9,13,21,5,1,20,8,24,16,18,14,3,23,22,11,6,4,15,19,12,10,7,2],[21,1,5,17,9,13,20,8,24,16,14,18,2,22,12,7,6,11,3,15,19,23,4,10],[17,9,5,1,21,13,20,8,24,16,18,14,4,22,11,2,19,15,6,3,12,23],[17,5,1,21,9,13,20,8,24,16,18,14,2,12,23,22,7,10,6,15,19,4,3],[21,1,17,13,5,9,20,8,24,16,18,14,2,22,11,6,23,19,15,4,3,12,7,10],[1,9,5,17,13,21,20,8,24,16,18,14,2,12,22,23,15,19,6,4,10,3,11],[13,5,1,21,9,17,20,8,24,16,18,14,2,22,11,6,4,23,12,15,19,3,10,7],[5,21,13,17,1,9,8,24,20,16,18,14,2,10,23,22,15,19,4,6,12,3],[5,17,9,21,13,1,8,24,16,20,18,14,2,22,11,10,6,4,7,15,19,12,3,23],[17,9,21,13,1,5,8,20,24,16,14,18,2,22,10,15,19,4,6,12,3,11,23],[17,1,5,21,9,13,20,8,24,16,18,14,3,22,11,7,6,15,19,10,2,4,23],[9,21,5,17,1,13,20,8,24,16,14,18,2,22,12,4,6,7,15,19,10,3,23],[21,13,17,5,1,9,8,20,24,16,14,18,2,23,22,10,3,7,6,19,4,15,11,12],[5,13,1,9,21,17,8,20,24,16,14,18,2,23,22,11,4,10,7,6,3,19],[1,17,13,21,5,9,8,20,24,16,18,14,4,22,2,12,15,19,6,3,11,10,23],[5,13,17,9,1,21,8,20,24,16,14,18,2,22,10,4,7,6,11,12,19,15,3,23],[1,13,9,17,21,5,8,20,24,16,14,18,2,10,23,22,3,15,6,19,12,4,11],[17,21,9,13,1,5,8,24,16,20,14,18,3,23,22,11,10,15,19,6,2,12],[17,1,13,5,9,21,8,20,24,16,18,14,4,23,22,11,2,7,6,15,19,3,10],[1,13,5,17,21,9,20,8,24,16,18,14,4,10,22,2,7,6,12,23,15,19,3],[13,1,17,5,9,21,8,20,24,16,14,18,4,22,7,11,6,2,15,19,23,3],[13,17,9,21,1,5,20,8,24,16,14,18,2,23,22,10,15,4,19,6,11,3],[13,17,21,9,5,1,20,8,24,16,14,18,4,22,10,2,6,3,11,7,23,12,15,19],[17,13,5,1,21,9,20,8,24,16,18,14,3,23,22,11,6,15,19,4,2],[5,1,13,21,17,9,8,20,24,16,18,14,3,22,10,12,6,2,4,15,19],[1,9,5,17,13,21,20,8,24,16,18,14,4,22,2,10,6,11,7,19,15,3,23,12],[21,13,5,17,9,1,20,8,24,16,14,18,2,12,23,22,11,3,6,15,19,7,10,4],[21,1,17,5,9,13,8,20,24,16,14,18,4,12,22,2,7,6,19,15,11,3,10,23],[1,21,9,17,5,13,20,8,24,16,18,14,2,11,22,6,4,23,15,19,3,10],[9,5,13,21,17,1,8,24,20,16,14,18,4,22,11,6,19,3,15,23,7],[5,17,21,9,13,1,20,8,24,16,14,18,2,23,22,10,6,7,3,15,19,12,11],[13,17,1,9,5,21,8,24,20,16,18,14,3,23,22,19,7,6,10,4,11,15,12,2],[21,1,13,5,9,17,20,8,24,16,18,14,3,23,22,11,6,19,15,2,4,7,10,12],[5,9,21,17,1,13,20,8,24,16,14,18,4,22,12,2,7,6,3,19,15,10,11],[1,5,17,21,9,13,8,24,20,16,14,18,3,23,22,11,7,6,4,19,15,2,12,10],[1,9,5,17,13,21,20,8,24,16,14,18,2,22,12,11,3,6,4,19,15,23,7],[1,5,21,17,9,13,8,24,20,16,14,18,3,22,10,15,19,6,12,11,4,7,2],[17,9,5,21,13,1,8,24,20,16,18,14,2,10,22,11,3,7,6,23,4,19,15],[17,13,9,5,21,1,8,20,24,16,14,18,3,11,23,22,19,4,10,15,6,12],[5,21,17,9,1,13,8,20,24,16,14,18,2,10,22,4,3,6,11,19,15],[13,1,5,9,17,21,8,20,24,16,18,14,4,12,3,23,22,15,19,6,2,11],[21,9,13,5,17,1,8,24,20,16,14,18,2,22,11,3,7,6,19,15,12,23,4,10],[1,13,17,5,9,21,20,8,24,16,18,14,3,6,22,10,12,2,4,19,15,11,23],[21,5,13,1,9,17,8,24,20,16,18,14,3,22,10,11,7,6,4,15,19,23],[13,17,5,21,1,9,20,8,24,16,18,14,2,23,22,3,12,6,7,15,19,11],[5,13,21,17,1,9,20,8,24,16,18,14,3,22,15,10,19,6,12,4,11],[17,13,9,5,21,1,8,20,24,16,14,18,3,23,22,11,12,2,15,19,6,10,4],[5,1,21,13,17,9,20,8,24,16,18,14,4,12,3,22,23,7,6,19,15,11,10],[17,5,21,1,9,13,20,8,24,16,18,14,4,12,23,22,2,11,7,6,19,10,15,3],[21,9,17,1,5,13,20,8,24,16,14,18,4,2,22,10,15,19,6,12,23,3,11],[1,5,21,17,9,13,8,20,24,16,14,18,3,22,12,11,6,4,15,19,23],[9,17,1,5,21,13,8,24,16,20,14,18,4,22,12,3,15,19,6,11,23,7,10,2],[21,1,5,9,13,17,20,8,24,16,14,18,4,23,22,11,15,2,19,6,3,12,7,10],[13,1,17,9,5,21,20,8,24,16,14,18,3,22,23,10,15,19,6,11,4,2],[5,17,13,1,9,21,8,20,24,16,18,14,3,22,11,19,2,6,15,4,10,23,7],[13,1,21,9,17,5,8,24,20,16,14,18,4,22,12,15,2,19,6,3,10,23],[17,9,21,13,5,1,8,24,20,16,18,14,4,22,3,12,6,19,15,11,23,10,2],[21,5,1,13,9,17,20,8,24,16,18,14,2,23,22,11,7,6,3,15,19,12,10,4],[9,21,5,1,13,17,8,24,16,20,18,14,2,22,11,7,6,3,23,15,19],[9,1,5,17,13,21,8,24,20,16,14,18,4,22,19,12,2,15,6,10,3,11,23],[17,9,13,1,5,21,8,20,24,16,14,18,2,22,6,11,15,4,19,23,3,12],[1,21,9,17,13,5,20,8,24,16,14,18,4,22,12,2,6,15,19,3,11,23,7,10],[17,1,9,13,21,5,20,8,24,16,18,14,4,10,22,2,6,11,19,15,12,7,3,23],[9,21,5,13,1,17,20,8,24,16,18,14,3,22,11,7,6,12,19,10,15,4,2,23],[21,13,9,1,5,17,20,8,24,16,18,14,2,22,11,6,19,15,4,3],[1,13,5,17,9,21,8,24,20,16,14,18,2,22,11,6,3,10,15,19,7,4,23,12],[21,17,13,1,5,9,8,20,24,16,14,18,2,22,12,19,15,7,6,4,3,23,11,10],[5,21,17,13,9,1,8,24,20,16,18,14,2,11,22,7,6,4,12,3,10,15,19,23],[13,17,21,5,1,9,20,8,24,16,14,18,3,22,12,15,19,6,23,4,10,2,7],[13,9,1,5,21,17,8,24,20,16,18,14,3,11,22,7,6,23,10,19,4,15,2,12],[13,1,9,5,21,17,8,20,24,16,18,14,4,23,22,10,11,3,7,6,2,12,15,19],[17,5,13,1,21,9,20,8,24,16,14,18,2,12,22,11,19,6,15,4,3,7,10,23],[13,21,1,5,9,17,20,8,24,16,14,18,4,22,10,3,12,6,7,19,15,2,11],[9,1,5,13,17,21,8,24,16,20,14,18,3,23,22,2,12,11,4,7,6,10,15,19],[5,21,9,1,17,13,20,8,24,16,14,18,4,22,10,6,2,15,19,12,3,7,23],[13,1,5,17,9,21,8,20,24,16,14,18,3,22,11,6,19,15,4,23,2],[17,13,21,1,9,5,20,8,24,16,14,18,2,22,10,7,6,12,15,19,4,3,11],[1,21,9,13,17,5,8,24,20,16,14,18,4,10,2,23,22,6,19,15,3,11,12,7],[13,9,17,21,1,5,8,24,20,16,14,18,11,2,22,12,19,3,15,6,10,4,23,7],[13,21,9,17,5,1,8,20,24,16,14,18,2,22,10,4,11,7,6,3,12,15,19,23],[9,5,21,17,13,1,20,8,24,16,14,18,4,12,22,3,7,6,15,19,10,23,11,2],[21,5,13,9,17,1,8,24,20,16,18,14,3,23,22,12,6,4,7,19,15],[13,1,5,9,17,21,20,8,24,16,18,14,4,11,22,3,2,6,10,12,19,15],[1,13,5,17,9,21,8,24,16,20,18,14,3,23,22,10,12,6,7,4,19,15,11,2],[21,1,13,17,5,9,20,8,24,16,18,14,2,12,22,15,6,19,4,11,3,10,7,23],[9,21,1,5,13,17,8,24,20,16,14,18,3,22,11,15,19,6,2,12,10,4,7],[9,1,5,17,13,21,20,8,24,16,14,18,2,22,10,11,4,15,19,6,3,7,23,12],[13,17,5,21,9,1,8,24,16,20,14,18,22,4,12,3,6,19,15,10],[21,1,13,17,5,9,20,8,24,16,14,18,22,2,12,6,11,3,19,4,15,10],[17,5,13,9,21,1,20,8,24,16,18,14,4,12,22,2,7,6,19,3,15,10,11,23],[5,13,17,9,21,1,8,20,24,16,18,14,3,7,23,22,6,12,19,2,15,11,10,4],[9,5,13,21,1,17,8,24,20,16,14,18,3,7,22,6,10,19,12,15,2,23],[5,21,17,13,1,9,8,20,24,16,18,14,4,23,22,10,3,6,12,19,15,2,11,7],[1,5,17,13,21,9,8,20,24,16,14,18,3,22,10,11,2,7,6,19,15,4,12,23],[5,13,9,17,1,21,20,8,24,16,18,14,3,22,12,11,6,15,19,2,4,23,7],[17,9,5,21,1,13,20,8,24,16,14,18,2,22,3,11,19,6,12,15,10,23,4,7],[1,5,9,13,17,21,8,24,20,16,18,14,3,23,22,11,6,4,15,19,12],[9,21,5,1,13,17,20,8,24,16,18,14,3,22,12,6,15,19,4,11,7,2,23,10],[13,1,21,9,17,5,8,24,16,20,18,14,3,22,6,10,12,2,11,19,15,7,4,23],[21,5,1,17,9,13,8,20,24,16,14,18,4,12,22,3,6,7,23,19,15,10,2],[13,9,5,1,17,21,8,24,16,20,18,14,3,22,12,6,2,7,19,15,11,23,10,4],[13,21,9,17,1,5,8,24,16,20,18,14,4,23,22,10,3,6,15,19,12],[21,5,13,1,17,9,8,20,24,16,14,18,4,2,23,22,11,7,6,15,19,3,10,12],[13,21,1,9,5,17,8,24,20,16,14,18,4,23,22,12,19,3,11,7,6,10,15],[13,5,21,1,17,9,20,8,24,16,14,18,4,22,12,2,10,6,19,15,3,23,7,11],[17,1,21,13,9,5,8,20,24,16,14,18,2,10,23,22,3,6,15,19,11,4],[21,9,1,5,17,13,8,24,20,16,18,14,3,19,12,7,23,22,6,10,4,15,2],[1,21,9,13,5,17,8,20,24,16,14,18,3,23,22,10,15,19,6,12,11,2,4],[1,9,13,5,17,21,20,8,24,16,14,18,3,22,12,2,7,6,23,15,19,10,4],[13,9,17,5,21,1,8,24,16,20,14,18,4,22,11,2,15,6,19,3,23,7,10],[1,17,21,13,5,9,20,8,24,16,14,18,3,22,11,7,6,19,15,2,4,23,12],[17,21,5,13,1,9,8,24,16,20,14,18,3,11,23,22,7,6,19,4,15,2,10],[5,21,9,13,1,17,20,8,24,16,14,18,2,11,22,4,23,7,6,15,19,3],[9,1,17,21,5,13,8,20,24,16,14,18,2,11,22,7,15,6,19,4,3,23,12,10],[9,13,17,1,21,5,20,8,24,16,14,18,4,3,22,23,11,6,19,15,2,10,7],[5,9,21,1,17,13,20,8,24,16,18,14,4,23,22,10,2,19,6,12,7,11,15,3],[9,21,1,13,5,17,20,8,24,16,18,14,4,22,7,11,6,3,15,19,23,2],[17,5,9,21,1,13,8,24,20,16,14,18,3,22,11,12,6,15,19,10,2,23,7,4],[21,1,9,17,13,5,8,20,24,16,18,14,2,22,6,12,3,11,10,19,15,23,7,4],[5,1,17,21,13,9,8,20,24,16,14,18,2,7,22,6,10,12,3,23,19,15,4,11],[17,5,9,21,13,1,20,8,24,16,18,14,3,22,7,10,6,11,2,12,15,19],[1,13,17,9,21,5,8,24,20,16,14,18,2,22,10,3,6,11,4,19,15,7],[13,17,9,21,1,5,8,20,24,16,18,14,4,23,22,12,2,7,6,10,3,15,19,11],[9,13,1,17,5,21,20,8,24,16,14,18,2,23,22,12,4,6,19,15,3,10,11,7],[9,17,1,13,5,21,8,24,16,20,18,14,4,11,22,2,6,23,15,19,3,10,7,12],[17,21,1,5,9,13,20,8,24,16,14,18,2,23,22,10,11,7,6,15,19,4,3,12],[5,1,13,17,9,21,8,20,24,16,18,14,3,23,22,10,7,6,11,4,2,12,15,19],[21,17,13,1,9,5,20,8,24,16,18,14,2,11,22,3,15,19,6,7,4,12,10,23],[1,21,17,5,9,13,20,8,24,16,18,14,2,23,22,12,3,15,19,7,6,10,11,4],[5,9,1,13,17,21,8,24,20,16,14,18,4,22,10,2,7,12,6,19,23,15,11,3],[9,5,1,13,21,17,8,20,24,16,18,14,2,22,3,11,4,7,6,19,15,12,23],[9,21,5,13,1,17,8,24,16,20,18,14,2,23,22,10,15,19,4,6,12,3,11,7],[17,1,21,5,13,9,8,20,24,16,18,14,3,22,10,12,6,2,4,19,15,7,23],[13,5,9,1,17,21,20,8,24,16,18,14,3,23,22,6,10,15,19,11,2,7],[5,1,9,13,17,21,20,8,24,16,14,18,4,3,22,12,19,15,6,10,11,2,7,23],[21,5,13,1,9,17,20,8,24,16,18,14,2,22,11,4,7,6,15,19,3,23,10],[21,5,9,1,17,13,20,8,24,16,18,14,4,10,3,23,22,6,11,2,19,15,7,12],[9,5,17,1,21,13,20,8,24,16,14,18,2,12,23,22,7,6,4,19,15,3,10,11],[5,9,17,21,1,13,20,8,24,16,14,18,3,22,12,4,15,19,6,2,11,7,23,10],[9,13,5,17,21,1,20,8,24,16,18,14,4,3,10,22,15,6,19,11,23,2],[17,5,1,13,21,9,20,8,24,16,14,18,3,22,12,11,7,6,10,15,19,4,23,2],[13,1,21,17,9,5,8,20,24,16,14,18,4,23,22,11,2,6,15,19,3,12,10],[21,5,13,9,1,17,8,20,24,16,14,18,3,23,22,11,10,6,15,19,4,7,2],[5,17,9,21,1,13,8,20,24,16,18,14,4,22,2,10,7,6,12,15,19,3,11,23],[13,9,21,5,17,1,8,20,24,16,14,18,4,12,22,11,2,6,19,15,3,10,23,7],[17,13,21,5,1,9,20,8,24,16,18,14,2,10,22,15,19,4,6,12,3,23,11,7],[21,5,13,9,1,17,20,8,24,16,18,14,4,11,23,22,3,7,6,15,19,2,12,10],[5,17,13,1,9,21,8,24,20,16,14,18,4,2,22,10,6,11,15,19,3,7],[21,9,1,17,13,5,20,8,24,16,14,18,3,12,7,22,6,19,10,23,15,2,4],[5,21,17,1,9,13,8,24,20,16,18,14,4,22,10,2,3,11,19,15,6,23,12,7],[1,5,21,13,17,9,20,8,24,16,18,14,3,22,10,7,6,12,11,23,15,19,4,2],[5,13,9,21,1,17,8,24,16,20,18,14,3,22,10,4,7,6,19,15,11,12],[13,21,17,9,1,5,8,24,16,20,18,14,2,23,22,12,3,15,19,6,10],[21,1,17,5,13,9,8,20,24,16,18,14,4,10,3,23,22,11,15,19,6,7,12,2],[13,5,17,1,21,9,8,24,16,20,18,14,4,22,12,2,19,6,15,10,7,23,3,11],[13,1,21,17,9,5,8,24,16,20,14,18,3,6,22,12,15,19,10,4,7,11,2,23],[1,13,17,5,9,21,8,20,24,16,14,18,4,2,22,10,6,11,23,19,12,3,15,7],[1,13,9,17,5,21,8,24,20,16,14,18,3,23,22,11,19,15,6,12,2,7],[5,17,21,13,9,1,8,20,24,16,18,14,2,12,22,7,6,3,15,19,4,11,10,23],[9,13,5,21,1,17,8,20,24,16,18,14,2,22,10,7,4,6,11,23,19,15,3],[13,9,1,17,21,5,8,24,20,16,18,14,4,6,2,12,23,22,10,15,19,3,7,11],[1,13,5,17,21,9,8,24,20,16,18,14,2,23,22,12,4,7,6,19,15,3,10,11],[1,13,5,17,9,21,20,8,24,16,14,18,2,22,10,4,7,6,11,12,19,23,15,3],[9,13,17,21,1,5,8,20,24,16,18,14,4,22,12,6,7,2,19,15,10,3,11,23],[1,21,13,5,17,9,8,20,24,16,18,14,4,23,22,2,10,3,6,12,19,15,11],[9,13,21,17,5,1,20,8,24,16,18,14,2,23,22,12,19,10,3,15,6,11,4,7],[17,1,9,13,5,21,8,20,24,16,18,14,3,12,22,4,19,15,6,10,23],[13,5,21,1,9,17,20,8,24,16,14,18,2,22,4,10,6,11,23,12,15,19,3],[17,1,5,21,9,13,8,20,24,16,18,14,3,12,22,19,10,15,6,2,23],[21,5,13,17,1,9,8,20,24,16,14,18,2,22,10,3,11,7,6,15,19],[1,17,13,5,9,21,8,20,24,16,18,14,3,23,22,12,15,6,19,11,2,7,10,4],[17,9,5,21,13,1,8,20,24,16,18,14,4,23,22,11,6,3,15,19,2,7],[13,21,9,1,5,17,8,24,16,20,18,14,2,23,22,12,4,6,19,3,15,10,7,11],[17,13,21,1,9,5,20,8,24,16,14,18,2,22,12,4,11,7,6,15,19,3,23,10],[21,17,9,1,5,13,20,8,24,16,18,14,2,22,12,6,4,3,15,19,11,7,10,23],[5,17,13,9,21,1,20,8,24,16,18,14,2,23,22,12,3,6,19,10,15,4],[21,17,1,9,5,13,8,24,16,20,14,18,4,2,22,12,6,7,11,19,15,10,3,23],[1,9,21,13,17,5,20,8,24,16,14,18,4,22,11,3,7,6,2,12,15,19],[13,21,5,17,9,1,8,24,16,20,18,14,4,2,22,10,7,15,6,19,12,3,23],[13,21,5,17,1,9,20,8,24,16,18,14,2,22,11,3,6,7,23,19,15],[9,17,5,13,1,21,8,20,24,16,14,18,3,11,23,22,7,6,15,19,4,10,2,12],[1,5,17,21,13,9,20,8,24,16,18,14,2,10,22,3,6,12,7,4,11,19,15,23],[13,5,21,9,17,1,8,20,24,16,18,14,2,22,10,3,12,19,15,6],[13,5,1,17,21,9,8,24,16,20,14,18,2,22,19,11,10,15,4,6,23,3,7,12],[5,21,13,17,9,1,20,8,24,16,14,18,2,11,23,22,3,7,6,19,15,12,4],[21,1,9,17,13,5,20,8,24,16,14,18,3,10,6,23,22,19,7,4,15,12,11],[9,17,13,21,5,1,20,8,24,16,14,18,4,22,10,12,2,15,19,6,3,11],[17,1,5,9,21,13,20,8,24,16,18,14,2,22,10,19,3,23,15,6,11],[9,13,21,5,17,1,20,8,24,16,18,14,3,22,11,7,6,12,2,15,19,4,10,23],[5,1,17,21,13,9,8,24,20,16,14,18,3,22,10,6,12,23,19,15,2,11],[17,1,9,13,5,21,20,8,24,16,18,14,3,11,22,19,7,6,15,2,12,23,10],[1,5,9,17,13,21,8,24,16,20,14,18,4,2,22,11,15,19,6,3,23],[21,9,1,17,5,13,20,8,24,16,14,18,4,10,22,2,7,6,11,15,19,3,23],[17,21,13,5,9,1,20,8,24,16,14,18,4,23,22,10,2,6,3,11,19,15,7],[13,9,5,1,21,17,20,8,24,16,14,18,3,11,22,7,6,19,15,23,4,2,12,10],[5,1,9,13,17,21,8,20,24,16,18,14,4,23,22,12,2,15,19,6,10,3,7,11],[5,13,17,9,21,1,8,20,24,16,18,14,4,11,22,2,7,6,23,15,19,3],[9,21,5,13,17,1,8,20,24,16,14,18,2,10,22,6,3,11,23,12,19,15,4],[17,21,13,1,9,5,20,8,24,16,18,14,2,22,12,19,4,15,6,3,11,23],[21,13,1,17,5,9,20,8,24,16,18,14,2,12,23,22,6,4,19,15,3,10,11],[13,21,9,17,1,5,20,8,24,16,18,14,3,22,12,23,6,11,10,4,7,15,19,2],[9,17,13,5,1,21,20,8,24,16,18,14,2,22,10,11,7,6,4,12,19,15,3,23],[13,5,1,17,21,9,8,20,24,16,18,14,2,23,22,11,7,6,3,19,15,4,10,12],[1,9,13,5,21,17,20,8,24,16,18,14,4,23,22,2,12,6,11,15,19,3,10],[5,9,21,13,1,17,20,8,24,16,18,14,4,22,2,15,10,19,6,12,3,23,7,11],[21,1,9,5,17,13,8,20,24,16,18,14,4,22,11,2,7,6,3,23,10,15,19],[1,13,9,17,21,5,20,8,24,16,18,14,3,22,12,6,2,15,19,11,7,10,4,23],[1,21,5,13,17,9,8,24,16,20,14,18,4,2,22,10,6,23,12,11,15,19,3],[21,13,5,9,17,1,20,8,24,16,14,18,3,23,22,10,7,6,15,19,12,4],[5,21,9,1,17,13,8,20,24,16,14,18,4,22,11,2,7,6,23,19,15,12,3],[5,17,13,1,9,21,8,20,24,16,14,18,4,22,3,11,15,19,6,7,12,23,2,10],[1,5,9,13,17,21,20,8,24,16,18,14,3,22,12,2,19,6,15,4,11,23,10],[9,13,21,17,5,1,8,24,20,16,14,18,4,11,22,2,7,6,12,10,3,15,19,23],[1,5,13,21,17,9,8,24,20,16,14,18,2,22,4,7,6,10,12,11,19,15,3],[13,5,21,1,17,9,8,24,20,16,18,14,2,10,22,3,19,15,6,11],[9,21,13,5,17,1,20,8,24,16,18,14,2,22,11,4,23,6,12,15,19,3,10,7],[13,21,1,5,17,9,20,8,24,16,14,18,3,11,22,6,4,10,19,15,2,23],[17,21,9,13,5,1,8,24,20,16,14,18,4,23,22,2,10,6,15,19,12,7,3],[9,5,13,1,17,21,20,8,24,16,18,14,3,22,12,2,6,19,15,10,23,11,4],[21,13,1,17,9,5,8,20,24,16,14,18,4,2,12,22,15,19,6,10,3,23,11],[21,17,13,5,9,1,8,20,24,16,18,14,2,12,22,3,19,6,15,10,4,23],[13,1,5,9,21,17,20,8,24,16,14,18,2,22,3,10,19,7,6,15,12,23,4,11],[21,9,1,13,17,5,8,20,24,16,14,18,2,22,11,4,6,19,15,3,23,7,12],[17,5,13,1,9,21,8,24,20,16,14,18,4,22,11,3,23,2,12,7,6,10,15,19],[5,13,17,9,21,1,8,24,16,20,18,14,4,23,22,6,2,12,10,19,15,7,3],[17,9,21,1,5,13,8,20,24,16,14,18,4,23,22,11,3,15,19,6,7,10,12,2],[13,1,21,9,17,5,20,8,24,16,14,18,4,10,23,22,3,12,11,7,6,19,15,2],[5,9,17,13,21,1,20,8,24,16,14,18,2,22,10,7,6,4,12,19,15,23,3],[21,17,9,1,5,13,8,20,24,16,14,18,3,11,22,19,15,6,23,4],[5,13,1,17,21,9,8,20,24,16,14,18,4,22,12,2,6,15,19,11,3,23,10,7],[1,13,21,17,5,9,8,20,24,16,18,14,3,23,22,12,2,7,6,11,19,15],[1,9,17,21,13,5,20,8,24,16,18,14,2,22,11,6,10,3,12,4,15,19,23],[5,9,13,21,1,17,8,20,24,16,18,14,2,22,12,7,6,4,19,15,10