{"problem_id":"8KRi3gpD56McsmX","sigma":75,"alpha":10.000,"cost":1,"probabilities":"[0.32, 0.27, 0.24, 0.17]","payoff_matrix":"[[-117, 53, 137, 116, 78, 71], [61, -44, 35, 40, -22, 71], [-55, -92, -190, -94, 112, 0], [137, -17, 52, 154, -6, -60]]","uncovered":[[21,17,18,22,9,10,23,11,5,6,1,13,14,15,19,24],[17,1,9,18,10,15,21,22,23,11,5,6],[9,17,10,18,14,13,15,5,6,21,22,11,23,1,19,24],[17,1,13,18,14,9,10,15,21,22,11,23,5,6,19,20,24],[21,9,10,22,11,1,13,14,15,23,5,6,17,18,19,20,24],[17,1,21,18,22,5,6,13,14,15,23,9,10,11,19,20,24],[1,17,9,10,18,21,22,23,11,13,14,15,5,6],[1,5,21,6,9,22,10,23,11,13,14,15,17,18,19,24],[21,5,6,1,9,22,10,23,11,13,14,15,17,18,19,24],[5,21,6,9,22,10,23,11,1,17,18,13,14,15,19,20,24],[1,17,21,22,18,5,6,9,10,11,13,14,23,15,19,20,24],[13,5,14,6,1,9,10,15,21,22,11,23,17,18],[5,1,21,6,9,22,10,23,11,13,14,15,17,18,19,24],[21,9,10,22,11,5,6,13,14,15,23,17,18,1],[5,1,13,14,6,21,22,23,15,9,10,11,17,18,19,24],[17,9,10,18,15,1,5,6],[9,21,10,22,11,5,6,1,17,18,13,14,15,23,19,24],[13,9,14,10,15,18,24,2,1,5,6],[1,5,13,6,9,10,14,11,18,21,22,15,23],[17,5,6,13,18,14,21,22,15,23,9,10,11,1,19,24],[13,9,14,10,15,21,22,23,11,1,17,18,5,6,19,20,24],[17,9,10,18,13,14,15,3,24,5,6],[5,13,14,6,9,10,11,17,18,21,22,23,15,1,19,20,24],[13,17,14,18,5,6,9,10,15,21,22,23,11,1,19,20,24],[1,5,21,22,6,13,14,23,15,17,18,9,10,11,19,20,24],[17,13,14,18,1,6,21,22,15,23,9,10,11,19,24],[21,13,22,14,15,23,5,6,1,17,18,9,10,11,19,24],[9,5,6,21,22,10,23,11,1,13,14,15,17,18,19,24],[21,9,22,10,11,13,14,23,15,17,18,5,6,1,19,20,24],[9,21,22,10,11,14,13,15,23,1,5,6,17,18],[5,21,6,17,22,18,1,9,10,11,13,14,15,23,19,20,24],[1,21,5,22,6,17,18,9,10,11,13,14,15,23,19,20,24],[13,1,21,22,14,15,23,5,6,9,10,11,17,18,19,24],[21,13,14,22,23,15,5,6,17,18,9,10,11,1,19,24],[21,1,13,14,22,15,23,17,18,5,6,9,10,11,19,24],[17,13,14,18,1,9,10,15,21,22,23,11,5,6,19,20,24],[17,21,22,18,13,14,15,23,5,6,1,9,10,11],[9,21,22,10,23,11,17,18,1,5,6,13,14,15,19,24],[9,15,17,10,18,24,3,5,6],[9,17,10,18,1,21,22,23,11,13,14,15,5,6,19,24],[13,9,10,14,11,22,21,15,23,17,18,7,1],[5,21,22,6,9,10,11,13,14,15,23,1,17,18,19,24],[17,5,18,6,1,13,14,21,22,15,23,9,10,11,19,20,24],[21,9,10,22,23,11,1,17,18,5,6,13,14,15,19,24],[9,17,10,18,5,7,1,22,21,23,11,13,14,15],[9,1,21,10,22,11,17,18,5,6,13,14,15,23],[21,1,9,22,10,11,17,18,5,6,13,14,15,23,19,24],[5,21,6,1,13,22,14,23,15,9,10,11,17,18,19,24],[1,5,9,6,21,22,10,11,13,14,15,23,17,18,19,20,24],[9,17,18,10,5,6,22,21,11,13,14,15,23,2,1,19,24],[13,17,14,18,9,10,15,21,22,11,23,5,6,1,19,24],[5,21,6,17,18,22,9,10,11,14,13,15,23,1,19,24],[21,1,17,22,18,13,14,15,23,5,6,9,10,11,19,24],[5,21,22,6,17,18,9,10,11,1,13,14,23,15,19,20,24],[1,13,5,6,9,14,10,15,18],[5,21,22,6,17,18,13,14,15,23,9,10,11,1],[21,13,14,22,23,15,17,18,5,6,9,10,11,1,19,24],[1,21,5,22,6,13,14,15,23,17,18,9,10,11],[1,21,17,18,22,5,6,13,14,15,23,9,10,11],[13,1,9,10,14,11,17,18,21,22,23,15,5,6,19,24],[5,9,6,1,21,22,10,23,11,17,18,13,14,15,19,24],[21,5,6,13,22,14,15,23,1,17,18,9,10,11,19,24],[9,13,14,10,15,5,6,17,18,1,22,21,23,11,19,24],[21,9,10,22,11,5,6,1,17,18,13,14,23,15],[5,21,22,6,1,17,18,9,10,23,11,13,14,15,19,20,24],[13,1,17,14,18,21,22,23,15,9,10,11,5,6],[13,17,18,14,21,22,15,23,5,6,1,9,10,11,19,20,24],[9,21,10,22,23,11,1,5,6,17,18,13,14,15,19,24],[5,1,17,6,13,14,18,9,10,11,21,22,15,23,19,20,24],[9,1,13,10,14,11,17,18,5,6,21,22,15,23,19,20,24],[5,17,18,6,9,10,1,22,21,23,11,13,14,15,19,24],[1,9,13,10,14,15,5,6,21,22,11,23,17,18,19,24],[13,21,22,14,15,23,9,10,11,1,17,18,5,6,19,20,24],[1,13,21,22,14,23,15,5,6,17,18,9,10,11,19,24],[17,5,6,1,13,18,14,9,10,15,23],[1,17,13,14,18,5,6,21,22,15,23,9,10,11,19,24],[13,17,18,14,5,6,9,10,15,21,22,23,11,1,19,20,24],[13,21,14,22,15,23,17,18,5,6,9,10,11,1,19,20,24],[1,9,17,18,10,13,14,11,5,6,21,22,23,15,19,20,24],[1,9,5,10,6,13,14,15,17,18,21,22,11,23,19,20,24],[13,1,17,18,14,5,6,9,10,11,21,22,23,15,19,20,24],[9,13,10,14,15,1,5,6,21,22,23,11,18],[9,17,18,10,21,22,23,11,1,5,6,13,14,15,19,20,24],[5,9,6,17,18,10,21,22,11,1,13,14,15,23,19,24],[9,13,10,14,11,1,5,6,17,18,21,22,23,15,19,24],[21,9,10,22,23,11,17,18,13,14,15,5,6,1,19,20,24],[17,13,14,18,21,22,15,23,9,10,11,1,5,6,19,24],[5,1,9,10,6,20,13,14,15,21,22,23,11,17,18],[17,9,18,10,21,22,11,1,5,6,13,14,23,15,19,24],[13,1,21,14,22,23,15,9,10,11,5,6,17,18,19,20,24],[9,17,18,10,1,13,14,15,5,6,21,22,11,23,19,24],[9,17,18,10,2,1,13,14,15,21,22,11,23,5,6,19,24],[9,13,14,10,15,21,22,11,23,1,5,6,17,18,19,24],[13,5,14,6,9,10,15,22,21,11,23,1,17,18,19,20,24],[21,1,5,6,13,22,14,23,15,17,18,9,10,11,19,24],[13,21,14,22,15,23,5,6,1,17,18,9,10,11,19,24],[9,17,18,10,24,5,6,13,14,15,3],[9,13,10,14,11,21,22,15,23,1,17,18,5,6,19,24],[9,17,10,18,21,22,11,1,5,6,13,14,23,15,19,24],[5,21,22,6,9,10,23,11,1,13,14,15,18],[1,5,21,6,13,22,14,15,23,9,10,11,17,18,19,24],[9,13,14,10,11,17,18,5,6,21,22,15,23,1,19,24],[13,5,14,6,9,10,11,17,18,21,22,15,23,1,19,24],[1,21,17,18,22,13,14,23,15,9,10,11,5,6,19,24],[5,9,10,6,1,21,22,23,11,17,18,13,14,15,19,20,24],[9,5,6,1,13,10,14,11,22,21,15,23,17,18,19,20,24],[9,21,22,10,23,11,1,13,14,15,5,6,17,18,19,24],[17,13,18,14,5,6,1,21,22,15,23,9,10,11,19,20,24],[17,13,18,14,9,10,15,1,5,6,24],[5,13,14,6,9,10,15,21,22,11,23,17,18,1],[21,5,22,6,13,14,15,23,9,10,11,17,18,1,19,20,24],[9,17,18,10,4,1,16,13,14,11],[9,1,18,13,14,10,11,21,22,15,23,5,6],[13,21,14,22,15,23,5,6,1,11,17,18,19,24],[1,17,21,22,18,13,14,23,15,5,6,9,10,11,19,24],[21,9,10,22,23,11,5,6,13,14,15,17,18,1,19,20,24],[5,17,18,6,1,9,10,13,14,11,21,22,23,15,19,20,24],[1,9,13,10,14,15,17,18,23,6],[1,17,21,18,22,9,10,11,13,14,15,23,5,6,19,24],[17,5,18,6,9,10,4,1,13,14,11,24],[5,21,6,9,10,22,11,17,18,13,14,15,23,1,19,24],[17,5,18,6,21,22,1,9,10,23,11,13,14,15,19,20,24],[13,1,9,10,14,11,17,18,5,6,21,22,15,23,19,20,24],[1,17,13,18,14,9,10,11,5,6,21,22,15,23,19,20,24],[21,5,6,1,13,22,14,23,15,17,18,9,10,11,19,24],[13,9,10,14,11,21,22,15,23,1,17,18,5,6,19,24],[17,1,5,18,6,13,14,9,10,15,21,22,11,23,19,24],[17,21,22,18,1,13,14,23,15,9,10,11,5,6,19,20,24],[21,1,5,22,6,17,18,9,10,11,13,14,23,15,19,24],[9,17,10,18,13,14,15,3,8,24,11,19],[1,5,9,6,21,10,22,11,17,18,13,14,23,15,19,24],[5,21,22,6,13,14,15,23,9,10,11,1,17,18],[13,17,14,18,5,6,10,9,11,21,22,15,23,1,19,24],[5,1,21,22,6,9,10,23,11,13,14,15,17,18,19,20,24],[13,1,17,14,18,21,22,23,15,9,10,11,5,6,19,24],[13,17,14,18,5,6,21,22,23,15,9,10,11,1,19,20,24],[1,21,13,22,14,15,23,5,6,17,18,9,10,11,19,24],[21,1,13,22,14,15,23,5,6,9,10,11,17,18],[5,21,22,6,1,13,14,15,23,17,18,9,10,11,19,20,24],[1,21,5,6,17,18,22,13,14,15,23,9,10,11,19,24],[5,13,6,21,22,14,23,15,1,17,18,9,10,11,19,20,24],[13,1,5,14,6,17,18,9,10,11,21,22,15,23,19,20,24],[21,5,22,6,1,13,14,15,23,17,18,9,10,11,19,24],[13,17,14,18,9,10,15,1,22,21,11,23,5,6,19,20,24],[17,9,18,10,13,14,15,5,6,23,4,1],[17,1,9,18,10,6,13,14,15,21,22,23,11,19,24],[5,9,10,6,21,22,23,11,13,14,15,1,17,18,19,24],[9,21,22,10,23,11,1,5,6,17,18,13,14,15,19,20,24],[13,5,14,6,10,9,11,1,17,18,21,22,23,15,19,20,24],[13,21,22,14,23,15,1,17,18,5,6,9,10,11,19,24],[21,5,22,6,17,18,13,14,15,23,9,10,11,1],[17,13,18,14,1,21,22,23,15,5,6,9,10,11,19,24],[13,5,6,9,14,10,11,17,18,21,22,15,23,1],[13,21,22,14,15,23,9,10,11,1,17,18,5,6,19,20,24],[1,9,21,10,22,11,17,18,13,14,23,15,5,6,19,20,24],[13,21,14,22,23,15,17,18,1,5,6,9,10,11,19,20,24],[1,9,21,22,10,11,13,14,15,23,5,6,17,18,19,20,24],[17,13,18,14,9,10,15,1,21,22,11,23,5,6,19,24],[21,17,22,18,1,13,14,15,23,9,10,11,5,6,19,24],[17,21,18,22,13,14,23,15,5,6,9,10,11,1,19,20,24],[1,13,17,14,18,9,10,11,21,22,23,15,5,6,19,24],[17,21,18,22,9,10,23,11,5,6,1,13,14,15],[9,5,10,6,1,13,14,15,17,18,21,22,23,11,19,24],[1,21,5,6,9,10,22,11,13,14,23,15,17,18,19,24],[17,21,18,22,1,5,6,13,14,15,23,9,10,11,19,24],[21,9,10,22,11,5,6,17,18,1,13,14,15,23,19,20,24],[17,13,14,18,9,10,11,5,6,1,21,22,23,15,19,20,24],[21,17,22,18,5,6,13,14,15,23,9,10,11,1,19,20,24],[9,17,18,10,1,5,6,21,22,11,13,14,15,23,19,20,24],[13,9,10,14,15,17,18,8,3,21,22,23,11,19,24],[1,21,9,10,22,11,13,14,15,23,5,6,17,18,19,20,24],[5,21,22,6,9,10,11,13,14,15,23,1,17,18,19,24],[5,13,14,6,21,22,23,15,9,10,11,17,18,1,19,24],[17,5,6,21,22,18,13,14,15,23,9,10,11,1,19,24],[9,1,13,10,14,11,21,22,15,23,17,18,5,6,19,24],[5,21,6,1,17,18,22,9,10,23,11,13,14,15,19,20,24],[1,17,13,18,14,9,10,15,7,22,21,11,23],[13,9,10,14,11,21,22,15,23,17,18,5,6,1,19,24],[1,13,5,14,6,17,18,9,10,11,22,21,23,15,19,24],[5,21,6,9,10,22,23,11,1,17,18,13,14,15],[17,5,18,6,13,14,21,22,15,23,1,9,10,11,19,20,24],[17,5,6,9,18,10,1,14,13,15,23],[9,1,17,10,18,24,14,13,11,5,6],[1,9,5,6,17,18,10,13,14,15,23],[5,9,10,6,24,1,19,17,18,11],[21,1,5,22,6,17,18,13,14,15,23,9,10,11,19,24],[9,1,13,14,10,11,5,6,21,22,15,23,17,18,19,24],[21,1,17,22,18,9,10,11,5,6,13,14,15,23,19,20,24],[21,1,13,14,22,23,15,5,6,17,18,9,10,11,19,20,24],[1,17,13,18,14,5,6,21,22,15,23,9,10,11,19,20,24],[13,5,6,1,17,14,18,21,22,23,15,9,10,11,19,20,24],[5,13,14,6,17,18,9,10,15,21,22,11,23,1,19,24],[5,9,6,17,10,18,1,21,22,11,13,14,23,15,19,24],[17,5,18,6,13,14,11,1,21,22,15,23],[17,13,18,14,9,10,11,5,6,21,22,23,15,1,19,24],[17,21,22,18,9,10,23,11,13,14,15,1,5,6,19,20,24],[5,9,6,17,18,10,13,14,11,2,1,21,22,23,15,19,20,24],[21,1,5,6,17,22,18,9,10,11,13,14,15,23,19,20,24],[9,13,14,10,15,17,18,23,1,5,6],[17,9,18,10,22,21,11,1,13,14,23,15,5,6,19,20,24],[21,9,22,10,23,11,15,5,6,17,18,1],[13,21,22,14,15,23,1,5,6,17,18,9,10,11,19,20,24],[13,21,14,22,15,23,1,5,6,9,10,11,17,18],[21,5,22,6,17,18,1,13,14,23,15,9,10,11,19,24],[9,17,10,18,1,21,22,11,13,14,15,23,5,6,19,20,24],[17,1,21,18,22,5,6,13,14,15,23,9,10,11,19,24],[1,21,9,10,22,23,11,17,18,13,14,15,5,6,19,20,24],[13,5,6,1,17,18,14,9,10,15,21,22,11,23,19,20,24],[17,5,18,6,13,14,1,21,22,23,15,9,10,11,19,24],[1,13,17,14,18,9,10,15,21,22,23,11,5,6,19,24],[9,1,21,10,22,11,5,6,17,18,13,14,23,15,19,24],[13,5,6,9,10,14,11,18,1,21,22,15,23],[9,5,6,13,14,10,11,21,22,15,23,17,18,1,19,20,24],[17,9,10,18,6,16,13,14,11],[13,1,9,10,14,15,17,18,21,22,11,23,5,6,19,20,24],[21,13,22,14,15,23,5,6,9,10,11,17,18,1,19,20,24],[5,13,6,21,22,14,15,23,1,17,18,9,10,11,19,24],[9,5,10,6,13,14,15,17,18,22,21,11,23,1,19,20,24],[17,9,18,10,5,6,13,14,15,1,21,22,11,23,19,24],[17,1,5,6,13,14,18,21,22,15,23,9,10,11,19,20,24],[9,1,21,22,10,11,17,18,5,6,13,14,23,15,19,20,24],[1,21,13,22,14,15,23,17,18,9,10,11,5,6,19,20,24],[1,21,17,22,18,13,14,15,23,9,10,11,5,6,19,24],[17,1,9,18,10,5,6,21,22,11,13,14,15,23,19,20,24],[21,13,22,14,23,15,1,5,6,17,18,9,10,11,19,20,24],[1,21,17,22,18,5,6,9,10,23,11,13,14,15,19,20,24],[5,1,13,6,9,10,14,11,21,22,23,15,17,18,19,20,24],[13,21,14,22,23,15,9,10,11,17,18,1,5,6,19,20,24],[1,17,9,18,10,13,14,11,5,6,21,22,23,15,19,20,24],[21,17,22,18,1,5,6,9,10,11,13,14,23,15,19,24],[1,21,9,22,10,11,5,6,17,18,13,14,15,23,19,24],[5,9,6,17,10,18,2,1,21,22,11,13,14,23,15,19,24],[1,9,13,14,10,15,17,18,5,6,21,22,11,23,19,20,24],[9,13,10,14,11,5,6,1,17,18,21,22,23,15,19,20,24],[17,1,13,14,18,9,10,15,21,22,23,11,5,6,19,24],[17,21,22,18,9,10,23,11,1,13,14,15,5,6,19,20,24],[21,17,22,18,9,10,23,11,1,5,6,13,14,15],[17,13,14,18,9,10,15,7,4,1,23],[17,1,5,18,6,9,10,13,14,15,21,22,11,23,19,20,24],[9,21,22,10,11,5,6,13,14,23,15,1,17,18,19,24],[1,13,9,14,10,15,22,21,23,11,17,18,5,6,19,24],[17,13,18,14,7,1,9,10,15,24],[21,1,5,6,9,22,10,11,17,18,13,14,23,15,19,24],[13,21,14,22,23,15,5,6,17,18,10,9,11,1,19,24],[5,13,6,1,17,14,18,21,22,15,23,9,10,11,19,24],[9,13,10,14,15,17,18,1,21,22,23,11,5,6],[1,13,21,14,22,15,23,9,10,11,17,18,5,6],[1,13,21,22,14,15,23,5,6,9,10,11,17,18,19,24],[17,9,18,10,1,5,6,21,22,23,11,13,14,15,19,24],[9,17,10,18,1,13,14,11,21,22,15,23,5,6,19,24],[13,5,14,6,9,10,11,1,21,22,15,23,17,18,19,20,24],[21,17,18,22,1,13,14,23,15,5,6,9,10,11,19,24],[9,1,21,10,22,11,17,18,13,14,23,15,5,6,19,24],[17,21,22,18,9,10,11,13,14,15,23,5,6,1,19,20,24],[17,1,21,18,22,5,6,13,14,15,23,9,10,11],[5,9,6,17,10,18,2,1,24,13,14,11],[5,9,10,6,22,21,23,11,13,14,15,1,17,18,19,20,24],[9,5,10,6,1,17,18,23,13,14,15],[9,21,22,10,23,11,13,14,15,17,18,1,5,6,19,20,24],[5,17,6,9,10,18,21,22,23,11,1,13,14,15,19,24],[9,17,18,10,13,14,11,1,5,6,21,22,15,23,19,24],[17,5,6,21,22,18,13,14,23,15,9,10,11,1],[5,9,10,6,13,14,11,17,18,2,1,21,22,15,23,19,20,24],[9,1,17,10,18,5,6,21,22,11,13,14,15,23,19,20,24],[21,13,22,14,23,15,1,9,10,11,5,6,17,18,19,24],[9,5,10,8,4,1,21,22,11,13,14,23,15,18,6],[5,21,6,17,18,22,9,10,11,1,13,14,23,15,19,24],[17,5,6,9,10,18,13,14,15,3,24],[17,5,18,6,21,22,13,14,23,15,1,9,10,11,19,24],[21,1,9,10,22,11,13,14,23,15,17,18,5,6,19,20,24],[13,21,22,14,15,23,9,10,11,1,17,18,5,6,19,20,24],[9,17,10,18,14,13,15,21,22,23,11,1,5,6,19,20,24],[1,21,13,22,14,23,15,9,10,11,5,6,17,18,19,20,24],[1,5,9,10,6,21,22,23,11,17,18,13,14,15,19,24],[5,13,6,21,22,14,23,15,9,10,11,17,18,1,19,20,24],[13,1,5,14,6,23,9,10,15,17,18],[21,5,22,6,17,18,9,10,23,11,13,14,15,1,19,20,24],[1,13,5,14,6,9,10,15,21,22,23,11,17,18,19,24],[9,13,10,14,15,18,6,21,22,11,23,1],[21,1,13,14,22,23,15,9,10,11,5,6,17,18,19,24],[21,9,22,10,11,13,14,15,23,1,17,18,5,6,19,24],[1,17,9,10,18,14,13,15,5,6,21,22,23,11,19,20,24],[1,9,21,10,22,23,11,5,6,17,18,13,14,15,19,20,24],[17,21,22,18,9,10,23,11,1,5,6,13,14,15,19,20,24],[13,5,14,6,3,17,18,9,10,11,21,22,15,23,19,24],[21,13,14,22,15,23,1,9,10,11,5,6,17,18,19,24],[1,13,5,14,6,17,18,9,10,15,21,22,11,23,19,20,24],[1,9,5,10,6,24,13,14,11,17,18],[17,21,22,18,9,10,23,11,13,14,15,1,5,6,19,20,24],[5,13,14,6,1,9,10,11,21,22,23,15,17,18,19,20,24],[9,5,10,6,13,14,15,20,21,22,11,23,1,17,18],[5,21,22,6,13,14,15,23,17,18,1,9,10,11,19,24],[5,9,10,6,17,18,21,22,23,11,13,14,15,1,19,24],[1,13,5,6,9,14,10,15,21,22,23,11,17,18,19,20,24],[1,13,5,6,9,14,10,11,21,22,15,23,17,18,19,20,24],[13,5,6,1,17,14,18,9,10,15,21,23,22,11,19,24],[9,21,22,10,11,5,6,17,18,1,13,14,15,23],[5,1,9,6,21,10,22,23,11,13,14,15,17,18,19,24],[21,17,18,22,1,9,10,23,11,5,6,13,14,15,19,20,24],[1,13,17,18,14,5,6,21,22,15,23,9,10,11,19,20,24],[21,1,9,22,10,11,17,18,5,6,13,14,15,23,19,20,24],[5,1,9,10,7,17,18,13,14,11,21,22,23,15],[1,13,5,14,6,17,18,21,22,23,15,9,10,11,19,20,24],[21,13,14,22,15,23,17,18,9,10,11,1,5,6],[9,13,14,10,15,1,21,22,23,11,5,6,17,18,19,24],[13,9,10,14,11,17,18,21,22,23,15,1,5,6,19,24],[1,9,21,10,22,11,5,6,17,18,13,14,23,15,19,24],[9,21,22,10,11,17,18,1,5,6,13,14,23,15,19,20,24],[9,21,10,22,23,11,1,5,6,13,14,15,17,18,19,24],[9,21,10,22,23,11,5,6,13,14,15,1,17,18,19,20,24],[13,5,6,1,17,14,18,9,10,11,21,22,23,15,19,24],[17,1,5,18,6,21,22,9,10,11,13,14,15,23,19,24],[17,13,18,14,1,9,10,15,8,22,21,11,23,19,24],[13,1,21,14,22,15,23,9,10,11,5,6,17,18,19,20,24],[1,21,5,22,6,13,14,15,23,17,18,10,9,11,19,20,24],[13,1,5,14,6,21,22,23,15,9,10,11,17,18,19,20,24],[5,9,10,6,1,19,17,18,11,13,14,15],[9,17,18,10,1,21,22,11,13,14,15,23,5,6],[21,17,22,18,1,9,10,11,13,14,23,15,5,6,19,24],[5,1,17,6,21,18,22,13,14,15,23,9,10,11],[9,1,21,10,22,23,11,13,14,15,17,18,5,6,19,20,24],[1,9,17,18,10,13,14,11,21,22,15,23,5,6,19,20,24],[9,21,22,10,23,11,13,14,15,5,6,17,18,1],[21,1,9,10,22,23,11,5,6,13,14,15,17,18,19,20,24],[17,21,22,18,9,10,23,11,13,14,15,1,5,6,19,20,24],[9,13,14,10,15,18,1,23,5,6],[1,13,9,14,10,15,17,18,21,22,23,11,5,6,19,20,24],[9,13,14,10,15,5,6,1,21,22,11,23,17,18,19,24],[17,13,14,18,9,10,15,1,21,22,23,11,5,6,19,20,24],[1,5,13,14,6,9,10,11,21,22,15,23,17,18,19,24],[1,13,5,6,21,14,22,23,15,17,18,9,10,11,19,24],[1,13,17,18,14,21,22,15,23,5,6,9,10,11,19,24],[5,1,21,6,13,22,14,23,15,17,18,9,10,11,19,20,24],[13,9,14,10,15,5,6,21,22,11,23,17,18,1],[21,1,9,10,22,11,13,14,15,23,17,18,5,6,19,24],[9,21,10,22,23,11,17,18,13,14,15,5,6,1,19,24],[9,21,22,10,11,17,18,1,5,6,13,14,15,23,19,24],[13,5,14,6,17,18,9,10,11,21,22,15,23,1,19,20,24],[21,17,18,22,13,14,23,15,1,9,10,11,5,6,19,24],[1,13,5,14,6,21,22,23,15,9,10,11,17,18],[9,5,6,21,22,10,23,11,1,17,18,13,14,15],[21,17,18,22,9,10,11,5,6,1,13,14,23,15,19,24],[1,21,5,22,6,13,14,23,15,17,18,9,10,11],[17,13,18,14,1,21,22,23,15,5,6,9,10,11,19,20,24],[1,5,13,14,6,17,18,9,10,15,23],[9,13,10,14,15,17,18,5,6,24,1],[9,13,14,10,15,19,17,18,11,1,21,22,23,24],[13,5,6,1,17,14,18,21,22,15,23,9,10,11,19,24],[17,13,18,14,1,5,6,21,22,23,15,9,10,11,19,20,24],[5,9,10,6,13,14,11,17,18,21,22,23,15,1,19,20,24],[1,9,5,6,13,10,14,11,21,22,15,23,17,18,19,24],[9,21,10,22,11,5,6,17,18,13,14,15,23,1,19,20,24],[17,9,18,10,5,6,1,13,14,15,21,22,11,23,19,24],[9,17,18,10,1,14,13,11,21,22,15,23,5,6,19,24],[1,21,9,22,10,11,17,18,5,6,13,14,23,15,19,20,24],[13,5,6,1,17,14,18,9,10,15,21,22,23,11,19,24],[13,21,22,14,23,15,17,18,5,6,1,9,10,11,19,24],[1,9,13,10,14,11,17,18,5,6,21,22,23,15,19,20,24],[21,5,22,6,9,10,23,11,17,18,13,14,15,1,19,24],[1,21,9,10,22,11,13,14,23,15,5,6,17,18,19,20,24],[1,5,17,6,9,10,18,21,22,11,13,14,23,15,19,24],[21,17,18,22,5,6,1,9,10,11,13,14,15,23,19,24],[17,13,18,14,9,10,15,8,21,22,23,11,1,19,24],[5,9,10,6,21,22,23,11,1,13,14,15,17,18,19,24],[21,13,22,14,23,15,9,10,11,1,5,6,17,18,19,20,24],[9,1,17,18,10,21,22,11,13,14,23,15,5,6,19,20,24],[5,13,14,6,1,9,10,15,21,22,11,23,17,18,19,20,24],[13,5,6,21,14,22,23,15,9,10,11,17,18,1,19,20,24],[17,1,5,6,21,22,18,13,14,15,23,9,10,11,19,20,24],[9,1,17,10,18,13,14,11,21,22,23,15,5,6,19,24],[17,13,14,18,6,22,21,23,15,9,10,11,1,19,20,24],[17,13,18,14,5,6,1,21,22,15,23,9,10,11,19,24],[21,1,9,22,10,11,13,14,15,23,17,18,5,6,19,20,24],[13,21,22,14,23,15,17,18,5,6,9,10,11,1,19,24],[13,1,9,10,14,11,5,6,21,22,23,15,17,18,19,20,24],[1,21,9,22,10,11,17,18,13,14,15,23,5,6,19,24],[9,1,17,10,18,5,6,13,14,11,21,22,23,15,19,20,24],[5,13,6,9,14,10,11,1,21,22,15,23,17,18,19,20,24],[17,21,18,22,1,9,10,23,11,5,6,13,14,15,19,20,24],[21,1,13,22,14,15,23,5,6,9,10,11,17,18,19,20,24],[9,1,5,10,6,17,18,13,14,15,21,22,23,11,19,20,24],[5,21,6,1,17,22,18,13,14,15,23,9,10,11,19,24],[13,17,14,18,9,10,15,5,6,1,21,22,11,23,19,20,24],[17,9,10,18,5,6,15,21,22,11,1,23],[5,9,6,1,21,10,22,23,11,13,14,15,17,18],[13,21,14,22,15,23,1,5,6,9,10,11,17,18],[5,9,6,13,10,14,11,1,21,22,23,15,17,18,19,24],[17,1,21,22,18,5,6,13,14,15,23,9,10,11,19,24],[13,5,6,1,21,22,14,15,23,17,18,9,10,11,19,24],[1,5,21,6,9,10,22,23,11,17,18,13,14,15,19,20,24],[13,1,5,6,21,14,22,15,23,17,18,9,10,11,19,24],[21,9,10,22,11,1,5,6,13,14,15,23,17,18,19,24],[13,9,14,10,15,6,3,21,22,11,23,17,18,19,20,24],[1,13,9,14,10,11,5,6,21,22,23,15,19,17,18,20,24],[21,1,5,22,6,9,10,23,11,17,18,13,14,15,19,20,24],[21,13,22,14,15,23,1,9,10,11,5,6,18],[21,1,13,22,14,15,23,5,6,17,18,9,10,11],[1,13,9,14,10,15,20,6,23],[1,5,13,6,17,14,18,12,9,10,15],[1,5,21,22,6,9,10,23,11,13,14,15,17,18,19,24],[1,9,17,10,18,13,14,11,5,6,21,22,23,15,19,20,24],[1,9,17,18,10,24,7,13,14,11],[13,1,17,18,14,21,22,15,23,9,10,11,5,6,19,20,24],[5,17,18,6,9,10,23,13,14,11,1,21,22,15,19,20,24],[21,1,9,10,22,23,11,13,14,15,17,18,5,6,19,24],[13,17,18,14,9,10,11,1,5,6,21,22,23,15],[17,13,14,18,1,9,10,11,5,6,21,22,15,23,19,20,24],[5,9,6,21,22,10,23,11,17,18,1,13,14,15,19,24],[9,5,10,6,21,22,23,11,17,18,1,13,14,15,19,24],[9,1,17,10,18,8,21,22,23,11,13,14,15,19,20,24],[9,5,6,17,18,10,2,1,22,21,11,13,14,15,23,19,24],[9,5,6,13,10,14,15,21,22,23,11,17,18,1,19,20,24],[17,21,18,22,1,9,10,23,11,13,14,15,5,6,19,20,24],[9,17,18,10,14,13,15,6,24,1],[1,13,5,14,6,21,22,15,23,17,18,9,10,11,19,20,24],[13,21,22,14,15,23,17,18,9,10,11,1,5,6,19,24],[1,9,17,18,10,21,22,11,13,14,23,15,5,6,19,24],[17,13,18,14,21,22,23,15,1,5,6,9,10,11,19,20,24],[1,5,13,6,21,22,14,23,15,17,18,9,10,11,19,24],[9,13,10,14,15,22,21,11,23,5,6,17,18,2,1],[17,5,6,9,10,18,14,13,11,1,21,22,15,23,19,24],[1,13,21,22,14,15,23,17,18,9,10,11,5,6,19,20,24],[13,21,22,14,15,23,17,18,1,5,6,9,10,11,19,24],[17,13,14,18,5,6,21,22,23,15,9,10,11,1,19,24],[17,5,6,9,10,18,24,13,14,15,2,1],[17,1,13,14,18,21,22,23,15,5,6,9,10,11,19,20,24],[5,21,6,17,22,18,9,10,23,11,13,14,15,1,19,20,24],[17,13,14,18,21,22,23,15,1,5,6,9,10,11,19,24],[1,21,17,22,18,13,14,15,23,9,10,11,5,6,19,20,24],[9,17,10,18,6,22,21,23,11,1,13,14,15,19,24],[5,21,6,1,9,22,10,23,11,17,18,13,14,15,19,20,24],[17,9,18,10,1,5,6,22,21,11,13,14,23,15,19,20,24],[21,17,22,18,1,5,6,9,10,23,11,13,14,15,19,24],[17,13,14,18,9,10,11,21,22,23,15,5,6,1,19,20,24],[1,21,17,22,18,9,10,11,13,14,15,23,5,7],[13,5,6,9,10,14,11,21,22,15,23,1,17,18,19,20,24],[9,1,13,10,14,15,6,24,20],[1,21,5,22,6,9,10,23,11,17,18,13,14,15,19,20,24],[17,21,22,18,13,14,15,23,5,6,9,10,11,1,19,24],[5,13,14,6,1,9,10,11,21,22,15,23,17,18,19,20,24],[5,13,6,1,9,14,10,15,22,21,23,11,17,18,19,24],[13,9,14,10,15,17,18,3,22,21,23,11,5,6,19,20,24],[1,5,21,6,13,14,22,15,23,9,10,11,17,18],[13,1,5,6,9,10,14,15,21,22,11,23,17,18,19,20,24],[1,17,21,22,18,9,10,23,11,13,14,15,5,6,19,20,24],[5,1,9,10,6,17,18,13,14,15,21,22,11,23,19,24],[17,13,14,18,9,10,11,5,6,21,22,23,15,1],[17,21,22,18,13,14,15,23,1,5,6,9,10,11,19,24],[21,13,22,14,15,23,1,5,6,9,10,11,17,18,19,24],[13,5,14,6,21,22,23,15,17,18,9,10,11,1,19,24],[5,9,6,17,10,18,16,13,14,11],[13,1,21,22,14,23,15,9,10,11,5,6,17,18,19,24],[1,9,17,18,10,21,22,11,13,14,23,15,5,6,19,24],[1,5,13,14,6,21,22,23,15,17,18,9,10,11],[21,17,22,18,9,10,23,11,5,6,1,13,14,15,19,20,24],[21,9,22,10,11,13,14,15,23,17,18,1,5,6,19,20,24],[13,21,14,22,23,15,17,18,1,5,6,9,10,11],[5,17,18,6,13,14,9,10,11,1,21,22,15,23,19,20,24],[13,9,10,14,11,21,22,15,23,1,5,6,17,18],[13,21,14,22,23,15,18,5,6,1,9,10,11],[5,21,22,6,1,13,14,15,23,17,18,9,10,11,19,20,24],[5,21,22,6,17,18,1,9,10,11,13,14,23,15,19,24],[17,1,13,14,18,9,10,11,8,21,22,23,15,19,24],[5,17,18,6,1,21,22,13,14,15,23,9,10,11,19,24],[1,13,21,22,14,23,15,17,18,5,6,9,10,11,19,20,24],[21,9,10,22,23,11,14,13,15,5,6,1,17,18,19,24],[21,5,6,1,9,10,22,23,11,13,14,15,17,18,19,20,24],[17,1,21,18,22,9,10,11,13,14,15,23,5,6,19,20,24],[5,1,17,6,9,10,18,13,14,15,22,21,23,11,19,20,24],[1,9,5,6,21,22,10,11,13,14,15,23,17,18,19,24],[1,5,9,10,6,18,13,14,11,21,22,15,23],[5,9,10,6,23,13,14,15,17,18,1],[21,1,9,10,22,23,11,17,18,13,14,15,5,6,19,20,24],[13,1,21,22,14,15,23,5,6,9,10,11,17,18,19,24],[5,13,6,9,14,10,11,2,1,17,18,21,22,23,15,19,24],[9,13,10,14,11,1,17,18,21,22,15,23,5,6,19,20,24],[17,13,14,18,4,1,21,22,23,15,5,6,9,10,11,19,24],[21,1,9,10,22,23,11,17,18,5,6,13,14,15,19,20,24],[9,1,5,10,6,18,21,22,11,13,14,23,15],[17,5,18,6,21,22,13,14,15,23,1,9,10,11,19,24],[21,17,22,18,9,10,11,1,5,6,13,14,23,15,19,20,24],[13,1,9,14,10,11,17,18,21,22,23,15,5,6,19,20,24],[21,9,10,22,11,17,18,5,6,1,13,14,23,15],[17,21,22,18,13,14,15,23,1,5,6,9,10,11,19,20,24],[9,5,10,6,1,21,22,23,11,13,14,15,17,18],[1,21,9,10,22,23,11,5,6,17,18,13,14,15,19,20,24],[21,13,14,22,23,15,9,10,11,1,5,6,17,18,19,20,24],[5,17,18,6,1,21,22,9,10,11,13,14,15,23],[5,21,6,1,17,22,18,13,14,23,15,9,10,11,19,24],[5,9,6,17,10,18,21,22,23,11,1,13,14,15,19,24],[17,21,18,22,1,13,14,15,23,5,6,9,10,11,19,24],[17,13,18,14,1,23,9,10,11,5,6,21,22,15,19,24],[1,21,5,6,13,22,14,23,15,17,18,9,10,11,19,20,24],[1,13,17,14,18,21,22,15,23,5,6,9,10,11,19,20,24],[17,21,22,18,9,10,23,11,13,14,15,1,5,6,19,24],[9,17,18,10,13,14,11,21,22,23,15,1,5,6,19,24],[13,5,6,17,18,14,1,21,22,15,23,9,10,11,19,24],[17,1,9,10,18,21,22,11,13,14,23,15,5,6,19,24],[1,21,17,22,18,9,10,23,11,5,6,13,14,15,19,24],[5,17,18,6,13,14,1,9,10,15,21,22,23,11],[9,13,14,10,15,17,18,21,22,11,23,5,6,1,19,20,24],[17,13,18,14,24,9,10,15,5,6,1],[1,13,5,14,6,17,18,21,22,15,23,9,10,11,19,24],[13,1,5,6,21,22,14,15,23,9,10,11,17,18,19,24],[9,5,10,7,17,18,22,21,11,13,14,23,15,1],[13,1,5,6,9,14,10,11,17,18,21,22,23,15,19,20,24],[13,21,14,22,15,23,5,6,1,17,18,9,10,11,19,24],[1,21,9,10,22,11,19,17,18,23,20,24,5,6],[13,1,17,14,18,9,10,11,5,6,21,22,23,15,19,20,24],[9,13,10,14,11,21,22,15,23,5,6,17,18,1],[21,17,22,18,5,6,13,14,15,23,9,10,11,1,19,20,24],[5,13,6,9,14,10,15,1,22,21,11,23,17,18],[13,21,14,22,23,15,5,6,1,17,18,9,10,11],[17,5,6,1,9,10,18,14,13,11,21,22,15,23,19,24],[1,21,9,10,22,23,11,5,6,17,18,13,14,15,19,20,24],[17,13,18,14,21,22,23,15,9,10,11,5,6,1,19,24],[13,5,6,21,14,22,15,23,17,18,1,9,10,11,19,20,24],[9,13,14,10,15,1,17,18,21,22,23,11,5,6,19,20,24],[5,21,22,6,17,18,13,14,15,23,9,10,11,1,19,24],[1,5,21,6,13,22,14,15,23,17,18,9,10,11,19,20,24],[5,13,14,6,9,10,11,17,18,1,21,22,15,23,19,20,24],[1,21,17,22,18,13,14,23,15,5,6,9,10,11,19,20,24],[21,17,22,18,5,6,1,9,10,11,13,14,15,23,19,24],[9,5,10,6,13,14,15,22,21,23,11,17,18,1,19,24],[5,9,10,6,1,20,22,21,23,11,13,14,15,17,18],[1,9,17,10,18,21,22,11,5,6,13,14,23,15,19,24],[21,5,6,13,22,14,23,15,17,18,9,10,11,1,19,20,24],[17,21,18,22,5,6,9,10,11,13,14,23,15,1,19,24],[9,21,10,22,23,11,17,18,1,13,14,15,5,6,19,24],[9,13,14,10,15,5,6,1,17,18,21,22,23,11],[1,21,13,14,22,15,23,9,10,11,17,18,5,6,19,20,24],[13,5,6,9,10,14,11,22,21,23,15,1,17,18,19,20,24],[17,21,18,22,5,6,9,10,11,1,13,14,23,15,19,20,24],[9,1,21,10,22,23,11,17,18,13,14,15,5,6,19,20,24],[21,13,14,22,23,15,1,5,6,17,18,9,10,11],[5,17,18,6,1,21,22,13,14,15,23,9,10,11,19,24],[13,21,22,14,23,15,9,10,11,1,5,6,17,18,19,20,24],[9,21,10,22,23,11,13,14,15,5,6,17,18,1,19,24],[13,9,10,14,15,3,5,6,20,21,22,11,23,17,18],[5,13,6,17,14,18,1,9,10,15,24],[21,1,9,22,10,23,11,13,14,15,5,6,17,18,19,24],[1,9,5,6,17,18,10,13,14,11,21,22,23,15,19,20,24],[9,2,1,13,10,14,11,5,6,21,22,15,23,17,18,19,24],[5,9,6,21,10,22,11,1,13,14,15,23,17,18,19,20,24],[1,5,17,18,6,13,14,21,22,23,15,9,10,11,19,24],[5,9,10,6,1,17,18,13,14,15,21,22,23,11,19,24],[17,5,18,6,21,22,9,10,23,11,13,14,15,1,19,20,24],[21,5,22,6,1,9,10,23,11,17,18,13,14,15],[21,17,22,18,1,9,10,23,11,13,14,15,5,6,19,24],[9,13,10,14,11,17,18,1,21,22,23,15,5,6,19,20,24],[9,5,6,17,10,18,15,4,1,21,22,23,11],[21,13,22,14,23,15,17,18,9,10,11,1,5,6,19,24],[21,5,22,6,1,17,18,9,10,23,11,13,14,15,19,20,24],[9,21,10,22,23,11,13,14,15,17,18,1,5,6,19,20,24],[13,9,14,10,11,21,22,23,15,1,5,6,17,18],[21,17,18,22,5,6,1,13,14,15,23,9,10,11,19,20,24],[21,5,6,17,22,18,13,14,23,15,9,10,11,1,19,20,24],[17,9,10,18,1,13,14,15,5,6,21,22,23,11,19,24],[1,13,9,10,14,15,5,6,17,18,23],[17,9,10,18,8,21,22,23,11,13,14,15,1,19,24],[17,1,5,6,21,18,22,9,10,11,13,14,15,23,19,20,24],[5,1,9,10,6,21,22,23,11,17,18,13,14,15,19,20,24],[9,1,21,22,10,11,17,18,13,14,23,15,5,6,19,20,24],[17,21,18,22,13,14,15,23,9,10,11,5,6,1],[9,13,14,10,15,18,1,5,6],[21,9,22,10,23,11,1,5,6,17,18,13,14,15,19,24],[17,13,14,18,5,6,1,9,10,15,21,22,11,23,19,24],[1,9,5,6,13,14,10,15,21,22,23,11,17,18,19,24],[13,5,6,1,21,22,14,15,23,9,10,11,17,18,19,20,24],[9,1,21,10,22,11,17,18,5,6,13,14,23,15,19,24],[1,17,9,18,10,6,21,22,11,13,14,15,23,19,20,24],[13,9,14,10,15,5,6,1,21,22,11,23,17,18,19,20,24],[1,17,13,14,18,5,6,9,10,15,24],[13,21,14,22,15,23,17,18,9,10,11,5,6,1,19,20,24],[13,1,17,14,18,21,22,23,15,9,10,11,5,6,19,24],[21,13,14,22,23,15,17,18,1,9,10,11,5,6,19,20,24],[1,5,13,6,9,10,14,15,17,18,21,22,23,11,19,20,24],[9,17,10,18,5,6,13,14,11,1,21,22,15,23,19,20,24],[5,1,21,6,9,10,22,11,17,18,13,14,23,15,19,20,24],[17,1,9,18,10,5,6,13,14,11,21,22,15,23,19,20,24],[21,17,22,18,5,6,1,9,10,23,11,13,14,15,19,24],[21,1,13,22,14,23,15,17,18,9,10,11,5,6,19,24],[1,21,17,18,22,9,10,23,11,13,14,15,5,6,19,24],[17,13,18,14,5,6,1,21,22,15,23,9,10,11],[21,1,13,14,22,23,15,5,6,17,18,9,10,11,19,20,24],[9,5,10,6,13,14,11,1,17,18,21,22,15,23,19,20,24],[5,13,14,6,17,18,21,22,23,15,9,10,11,1,19,20,24],[17,5,6,21,18,22,9,10,11,13,14,15,23,1,19,24],[1,9,13,10,14,15,6,18,21,22,23,11],[5,13,14,6,17,18,21,22,23,15,1,9,10,11,19,24],[21,9,10,22,11,1,13,14,23,15,17,18,5,6],[13,1,21,22,14,15,23,5,6,9,10,11,17,18],[13,9,14,10,11,17,18,1,21,22,23,15,5,6,19,24],[1,5,13,14,6,9,10,15,17,18,21,22,11,23,19,24],[5,9,10,6,13,14,15,21,22,11,23,17,18,1,19,20,24],[1,17,9,10,18,5,6,13,14,15,21,22,23,11,19,20,24],[13,21,22,14,15,23,9,10,11,17,18,1,5,6,19,24],[21,5,6,17,18,22,9,10,11,1,13,14,15,23,19,20,24],[1,5,21,6,17,22,18,9,10,23,11,13,14,15,19,24],[17,21,18,22,5,6,13,14,23,15,1,9,10,11,19,24],[13,5,14,6,21,22,23,15,1,9,10,11,17,18,19,20,24],[17,9,10,18,7,1,22,21,11,13,14,23,15],[17,21,22,18,9,10,11,13,14,23,15,1,5,6,19,24],[5,21,6,9,10,22,11,1,17,18,13,14,23,15,19,24],[13,17,14,18,5,6,1,9,10,11,21,22,23,15,19,20,24],[21,17,18,22,1,9,10,23,11,5,6,13,14,15,19,24],[9,13,14,10,15,5,6,21,22,23,11,1,17,18,19,20,24],[1,9,5,10,6,13,14,15,21,22,23,11,17,18,19,20,24],[9,17,18,10,1,13,14,11,6,21,22,23,15,19,24],[1,21,17,18,22,13,14,15,23,9,10,11,5,6,19,24],[17,13,18,14,9,10,11,5,6,21,22,23,15,1,19,24],[9,17,18,10,14,13,15,1,21,22,23,11,5,6,19,20,24],[1,13,5,6,21,22,14,15,23,9,10,11,17,18,19,24],[5,13,6,1,17,18,14,21,22,15,23,9,10,11,19,24],[13,1,17,18,14,5,6,9,10,11,21,22,23,15,19,24],[1,21,13,14,22,15,23,9,10,11,17,18,5,6,19,20,24],[21,5,22,6,1,9,10,23,11,17,18,13,14,15,19,24],[21,13,22,14,15,23,17,18,1,9,10,11,5,6],[17,9,10,18,13,14,15,3,5,6,23,11,19],[5,9,6,21,10,22,23,11,13,14,15,1,17,18,19,20,24],[21,13,22,14,15,23,9,10,11,5,6,1,17,18,19,20,24],[13,1,21,14,22,23,15,5,6,9,10,11,17,18,19,24],[5,1,9,6,13,10,14,11,21,22,15,23,17,18,19,20,24],[13,21,22,14,15,23,17,18,9,10,11,1,5,6,19,24],[9,1,5,6,21,22,10,23,11,13,14,15,18],[21,1,9,22,10,23,11,13,14,15,17,18,5,6,19,20,24],[9,23,5,10,6,3,13,14,15,17,18,11,19],[13,5,6,17,14,18,9,10,15,1,21,22,23,11,19,24],[9,21,10,22,11,1,14,13,15,23,17,18,5,6,19,20,24],[9,21,22,10,23,11,1,5,6,17,18,13,14,15,19,24],[17,5,6,9,18,10,21,22,23,11,1,13,14,15,19,24],[5,17,18,6,13,14,21,22,15,23,9,10,11,1,19,24],[13,9,10,14,11,6,17,18,21,22,23,15,1,19,20,24],[21,1,17,22,18,5,6,13,14,23,15,9,10,11,19,24],[17,13,14,18,9,10,11,21,22,23,15,1,5,6,19,20,24],[1,13,9,14,10,11,5,6,17,18,21,22,15,23],[1,9,13,10,14,15,6,17,18,22,21,23,11,19,20,24],[13,1,9,10,14,11,5,6,17,18,21,22,23,15],[17,1,13,14,18,5,6,9,10,15,21,22,23,11,19,24],[1,9,21,10,22,11,13,14,23,15,17,18,5,6,19,20,24],[9,13,10,14,15,1,18,21,22,23,11,5,6],[1,17,5,6,13,18,14,9,10,11,21,22,23,15],[5,17,6,21,18,22,13,14,15,23,9,10,11,1],[21,5,6,17,18,22,1,13,14,15,23,9,10,11,19,24],[1,17,5,18,6,21,22,13,14,23,15,9,10,11,19,20,24],[17,9,10,18,13,14,11,21,22,15,23,1,5,6,19,20,24],[9,17,10,18,1,13,14,11,5,6,21,22,15,23,19,24],[21,9,22,10,11,1,17,18,5,6,13,14,15,23,19,24],[5,21,22,6,9,10,11,17,18,1,13,14,15,23,19,24],[1,9,17,18,10,21,22,11,13,14,23,15,5,6,19,20,24],[21,17,18,22,9,10,11,5,6,1,13,14,23,15,19,20,24],[1,9,13,14,10,11,5,6,22,21,15,23,17,18,19,20,24],[1,21,17,22,18,5,6,13,14,15,23,9,10,11,19,20,24],[21,13,14,22,23,15,5,6,1,9,10,11,17,18,19,20,24],[5,1,17,18,6,21,22,13,14,15,23,9,10,11,19,24],[5,9,6,13,10,14,11,21,22,23,15,17,18,1],[1,17,5,18,6,13,14,9,10,15,21,22,11,23,19,24],[1,9,6,17,18,10,21,22,11,13,14,23,15,19,20,24],[1,9,21,10,22,23,11,5,6,17,18,13,14,15,19,24],[13,17,18,14,5,6,1,9,10,15,24],[9,17,18,10,5,6,1,21,22,11,13,14,15,23,19,20,24],[13,5,14,6,9,10,11,17,18,23,1,21,22,15,19,24],[5,13,14,6,9,10,15,21,22,23,11,1,17,18,19,24],[13,21,22,14,23,15,17,18,5,6,9,10,11,1,19,24],[5,13,14,6,17,18,21,22,15,23,1,9,10,11,19,20,24],[17,21,18,22,13,14,23,15,9,10,11,1,5,6,19,24],[21,5,22,6,13,14,23,15,9,10,11,17,18,1],[5,13,6,17,14,18,11,1,21,22,23,15,19,24],[5,17,18,6,13,14,1,12,9,10,15],[21,9,10,22,23,11,14,13,15,18,1,5,6],[1,17,5,6,21,18,22,9,10,23,11,13,14,15,19,20,24],[17,13,18,14,9,10,15,21,22,11,23,1,5,6],[13,9,14,10,11,5,6,21,22,23,15,1,17,18,19,20,24],[13,17,14,18,5,6,1,21,22,15,23,9,10,11,19,24],[9,5,10,6,17,18,22,21,11,13,14,15,23,1,19,20,24],[13,21,22,14,15,23,5,6,1,9,10,11,17,18,19,20,24],[17,5,18,6,21,22,1,9,10,23,11,13,14,15],[13,21,22,14,23,15,5,6,9,10,11,1,17,18],[5,17,6,13,18,14,1,21,22,15,23,9,10,11,19,20,24],[17,1,5,6,9,10,18,15],[13,21,22,14,15,23,17,18,9,10,11,5,6,1,19,20,24],[17,9,10,18,6,4,1,16,13,14,11],[5,1,17,18,6,13,14,9,10,11,21,22,15,23,19,24],[17,5,6,13,18,14,21,22,15,23,9,10,11,1,19,24],[5,17,6,21,18,22,13,14,15,23,9,10,11,1,19,24],[1,21,5,6,17,22,18,13,14,23,15,9,10,11,19,24],[17,5,18,6,13,14,21,22,15,23,9,10,11,1],[5,13,6,9,10,14,11,1,21,22,15,23,17,18,19,24],[21,5,6,13,22,14,15,23,1,17,18,9,10,11,19,24],[21,13,14,22,15,23,17,18,5,6,1,9,10,11,19,24],[13,1,21,22,14,23,15,5,6,17,18,9,10,11,19,20,24],[9,1,5,6,13,14,10,15,21,22,11,23,17,18,19,20,24],[1,21,5,6,13,14,22,23,15,9,10,11,17,18,19,24],[17,5,18,6,1,13,14,9,10,15,21,22,11,23,19,24],[21,13,22,14,15,23,5,6,1,17,18,9,10,11,19,24],[1,17,9,10,18,5,6,21,22,23,11,13,14,15,19,20,24],[9,13,14,10,11,5,6,21,22,23,15,17,18,1,19,24],[17,21,22,18,13,14,23,15,1,5,6,9,10,11,19,20,24],[1,9,13,14,10,15,17,18,5,7,21,22,11,23],[21,9,22,10,23,11,17,18,13,14,15,5,6,1,19,20,24],[13,1,21,22,14,15,23,5,6,9,10,11,17,18,19,24],[9,13,14,10,11,5,6,1,17,18,21,22,23,15,19,24],[17,21,18,22,1,9,10,23,11,13,14,15,5,6,19,24],[13,1,17,18,14,9,10,11,5,6,21,22,15,23,19,20,24],[1,17,21,22,18,9,10,11,13,14,15,23,5,6,19,24],[21,13,14,22,15,23,6,1,17,18,9,10,11,19,24],[13,1,9,10,14,11,17,18,21,22,15,23,5,6,19,24],[13,5,14,6,1,17,18,9,10,11,21,22,23,15,19,20,24],[5,1,9,10,7,20,15],[17,13,14,18,21,22,23,15,1,5,6,9,10,11,19,24],[1,21,17,22,18,9,10,23,11,5,6,13,14,15,19,20,24],[21,13,14,22,15,23,5,6,17,18,9,10,11,1,19,20,24],[9,17,18,10,5,6,21,23,1,14,13,11,22,15,19,24],[17,21,18,22,9,10,23,11,13,14,15,5,6,1,19,20,24],[1,13,9,14,10,15,22,21,23,11,17,18,5,6],[13,21,22,14,15,23,9,10,11,17,18,5,6,1],[13,5,6,9,14,10,15,3,21,22,23,11,17,18,19,20,24],[21,9,22,10,23,11,13,14,15,17,18,5,6,1,19,24],[17,13,18,14,21,22,23,15,5,6,9,10,11,1,19,24],[21,1,17,18,22,5,6,13,14,15,23,9,10,11,19,24],[9,17,18,10,1,22,21,11,13,14,23,15,5,6],[1,9,21,22,10,11,17,18,13,14,15,23,5,6,19,20,24],[21,17,22,18,5,6,9,10,23,11,13,14,15,1,19,20,24],[17,9,18,10,21,22,11,5,6,13,14,15,23,1,19,20,24],[1,21,13,22,14,23,15,5,6,9,10,11,17,18,19,24],[17,5,18,6,13,14,9,10,15,1,21,22,11,23,19,24],[13,21,14,22,23,15,1,9,10,11,17,18,5,6,19,24],[1,5,21,22,6,13,14,15,23,9,10,11,17,18,19,24],[21,9,22,10,23,11,13,14,15,1,17,18,5,6,19,24],[5,21,22,6,13,14,15,23,17,18,9,10,11,1],[9,1,5,10,6,17,18,21,22,11,13,14,15,23,19,24],[17,5,18,6,21,22,1,9,10,23,11,13,14,15,19,20,24],[21,9,22,10,23,11,17,18,1,5,6,13,14,15,19,24],[21,17,22,18,9,10,23,11,1,5,6,13,14,15,19,24],[9,21,22,10,11,13,14,23,15,5,6,1,17,18,19,20,24],[1,5,13,14,6,9,10,15,24,18],[21,1,17,18,22,5,6,13,14,15,23,9,10,11,19,24],[21,9,22,10,23,11,17,18,1,13,14,15,5,6,19,24],[21,17,22,18,1,11,13,14,23,15,5,6,19,24],[13,5,14,6,1,21,22,15,23,17,18,9,10,11,19,24],[1,13,9,10,14,15,8,17,18,21,22,11,23,19,24],[13,21,14,22,15,23,17,18,5,6,1,9,10,11,19,20,24],[21,9,22,10,11,5,6,1,13,14,23,15,17,18],[9,17,10,18,1,21,22,11,13,14,15,23,5,6,19,20,24],[1,13,9,14,10,15,5,6,17,18,22,21,11,23,19,20,24],[1,13,21,22,14,15,23,9,10,11,5,6,17,18,19,24],[9,5,10,6,17,18,21,22,23,11,13,14,15,1],[1,17,21,22,18,5,6,9,10,23,11,13,14,15,19,24],[17,9,18,10,1,24,16,13,14,11],[17,9,10,18,2,1,5,6,14,13,15,22,21,11,23],[1,9,13,10,14,15,22,21,23,11,5,6,17,18,19,20,24],[5,1,13,6,9,14,10,15,17,18,21,22,23,11,19,20,24],[5,17,18,6,21,22,1,13,14,23,15,9,10,11,19,24],[9,1,17,18,10,21,22,23,11,13,14,15,5,6,19,24],[9,17,18,10,16,13,14,11],[1,17,5,6,9,18,10,21,22,23,11,13,14,15,19,20,24],[1,21,5,6,9,22,10,23,11,13,14,15,17,18,19,24],[17,1,5,18,6,13,14,9,10,11,21,22,15,23,19,20,24],[21,1,17,22,18,13,14,23,15,9,10,11,5,6,19,24],[9,17,18,10,24,2,1,5,6,13,14,11],[5,1,21,22,6,9,10,11,17,18,13,14,15,23,19,20,24],[13,21,22,14,15,23,1,9,10,11,5,6,17,18,19,24],[9,17,18,10,24,5,6,1,13,14,11],[9,13,14,10,15,21,22,23,11,5,6,17,18,1,19,20,24],[13,1,21,14,22,23,15,17,18,5,6,9,10,11,19,20,24],[13,21,14,22,23,15,9,10,11,5,6,17,18,1,19,24],[17,13,18,14,2,1,5,6,9,10,11,21,22,15,23,19,20,24],[21,1,9,22,10,23,11,5,6,13,14,15,17,18,19,20,24],[9,1,21,22,10,11,5,6,13,14,23,15,17,18,19,20,24],[9,21,22,10,11,1,17,18,5,6,13,14,15,23,19,20,24],[13,9,14,10,11,5,6,21,22,23,15,17,18,1,19,24],[13,1,17,18,14,9,10,11,5,6,22,21,23,15,19,20,24],[13,17,18,14,5,6,9,10,15,24,1],[17,9,10,18,21,22,23,11,1,13,14,15,5,6,19,20,24],[1,9,13,10,14,15,5,6,21,22,11,23,17,18,19,24],[1,13,17,14,18,5,6,21,22,23,15,9,10,11,19,24],[9,1,5,6,21,10,22,23,11,17,18,13,14,15,19,24],[13,5,6,1,21,22,14,23,15,9,10,11,17,18],[9,5,10,6,17,18,21,22,23,11,1,13,14,15,19,24],[9,17,10,18,5,6,1,13,14,15,22,21,11,23],[5,21,22,6,13,14,23,15,17,18,9,10,11,1,19,20,24],[17,21,22,18,9,10,11,13,14,23,15,5,6,1,19,20,24],[17,1,5,6,13,14,18,21,22,23,15,9,10,11,19,24],[5,17,18,6,21,22,13,14,23,15,1,9,10,11],[5,17,18,6,13,14,21,22,15,23,1,9,10,11,19,20,24],[13,5,14,6,1,17,18,9,10,15,21,22,23,11,19,20,24],[17,1,5,6,13,14,18,9,10,11,21,22,23,15,19,20,24],[13,9,10,14,11,23,5,6,18,1],[9,1,5,10,6,13,14,11,17,18,21,22,23,15,19,24],[17,5,6,21,22,18,9,10,23,11,13,14,15,1,19,24],[21,1,17,22,18,13,14,23,15,9,10,11,5,6,19,24],[17,21,22,18,13,14,23,15,5,6,1,9,10,11,19,20,24],[21,9,22,10,23,11,5,6,1,13,14,15,17,18,19,24],[17,1,9,18,10,13,14,15,21,22,23,11,5,6,19,24],[9,17,10,18,5,6,3,21,22,23,11,13,14,15,19,24],[1,9,21,22,10,11,13,14,15,23,5,6,17,18,19,24],[9,1,13,14,10,15,24,5,6],[9,1,17,10,18,21,22,11,5,6,13,14,23,15,19,20,24],[1,21,13,22,14,23,15,17,18,5,6,9,10,11,19,24],[17,5,18,6,1,21,22,13,14,15,23,9,10,11],[17,9,10,18,1,23,13,14,15,5,6],[13,5,14,6,21,22,15,23,9,10,11,17,18,1],[1,9,17,18,10,13,14,11,5,6,21,22,15,23,19,24],[21,5,22,6,17,18,13,14,23,15,1,9,10,11],[1,13,5,6,21,22,14,23,15,9,10,11,17,18,19,20,24],[17,1,9,10,18,5,6,13,14,15,21,22,11,23,19,20,24],[13,1,17,14,18,5,6,9,10,15,21,22,11,23,19,24],[17,21,22,18,1,13,14,23,15,9,10,11,5,6,19,24],[9,17,18,10,5,6,21,22,11,13,14,15,23,1,19,24],[9,5,6,1,13,14,10,15,17,18,21,22,11,23,19,20,24],[5,13,14,6,9,10,15,21,22,23,11,1,17,18,19,20,24],[21,9,22,10,11,5,6,13,14,15,23,1,17,18,19,20,24],[9,13,14,10,11,5,6,21,22,15,23,1,17,18],[21,13,22,14,15,23,1,17,18,5,6,9,10,11,19,24],[21,17,18,22,9,10,11,1,5,6,13,14,15,23,19,24],[5,21,6,1,17,18,22,9,10,23,11,13,14,15,19,24],[5,9,6,13,10,14,11,1,21,22,15,23,17,18,19,24],[1,13,9,10,14,11,21,22,15,23,17,18,5,6,19,24],[9,21,22,10,11,17,18,5,6,1,13,14,15,23,19,24],[13,9,14,10,15,17,18,5,6,21,22,23,11,1,19,20,24],[17,5,6,13,18,14,9,10,15,21,22,11,23,1,19,20,24],[17,1,21,22,18,13,14,15,23,5,6,9,10,11,19,20,24],[13,21,22,14,23,15,5,6,17,18,9,10,11,1],[1,17,5,6,9,10,18,13,14,11,21,22,15,23,19,24],[5,17,18,6,1,9,10,21,22,11,13,14,15,23],[1,21,9,22,10,23,11,5,6,17,18,13,14,15,19,24],[5,21,22,6,17,18,9,10,23,11,1,13,14,15,19,20,24],[1,9,21,10,22,11,5,6,17,18,13,14,15,23],[5,17,18,6,9,10,23,1,13,14,11,21,22,15,19,24],[5,13,14,6,24,9,10,11,1,17,18],[9,17,10,18,13,14,11,5,6,1,21,22,15,23,19,20,24],[17,13,18,14,9,10,11,6,1,21,22,23,15,19,24],[13,21,14,22,15,23,5,6,17,18,1,9,10,11,19,20,24],[17,1,5,6,13,18,14,9,10,11,21,22,15,23],[21,5,6,17,22,18,1,13,14,23,15,9,10,11,19,24],[5,13,6,21,22,14,23,15,9,10,11,1,17,18,19,24],[1,21,17,18,22,13,14,23,15,9,10,11,5,6],[13,5,14,6,21,22,15,23,1,9,10,11,17,18,19,24],[13,9,14,10,11,21,22,23,15,17,18,5,6,1,19,20,24],[21,5,22,6,17,18,9,10,23,11,1,13,14,15,19,20,24],[9,21,10,22,23,11,1,17,18,5,6,13,14,15],[13,17,14,18,21,22,15,23,1,9,10,11,5,6,19,20,24],[17,13,18,14,21,22,15,23,9,10,11,5,6,1,19,24],[13,21,22,14,15,23,9,10,11,1,5,6,17,18,19,24],[21,5,6,1,13,14,22,15,23,9,10,11,17,18,19,24],[9,6,17,18,10,22,21,11,13,14,15,23,1,19,24],[21,5,6,9,22,10,23,11,14,13,15,1,17,18,19,24],[13,5,14,6,1,9,10,15,21,22,11,23,17,18,19,24],[13,1,5,14,6,17,18,24,9,10,15],[1,5,21,6,17,18,22,9,10,23,11,13,14,15,19,20,24],[9,17,10,18,13,14,11,1,5,6,21,22,23,15,19,24],[13,5,14,6,17,18,21,22,23,15,1,9,10,11,19,24],[1,13,21,22,14,23,15,5,6,17,18,9,10,11,19,20,24],[9,5,6,17,10,18,1,13,14,15,21,22,23,11,19,24],[9,1,5,10,6,13,14,15,17,18,22,21,23,11,19,24],[5,17,18,6,13,14,21,22,15,23,9,10,11,1,19,24],[1,21,9,10,22,23,11,13,14,15,17,18,5,6,19,20,24],[1,17,21,22,18,13,14,15,23,9,10,11,5,6,19,20,24],[5,17,6,9,10,18,4,1,22,21,11,13,14,15,23,19,20,24],[1,17,5,18,6,13,14,12,9,10,15],[13,5,6,9,10,14,15,17,18,4,1,21,22,11,23,19,24],[9,13,10,14,15,24,1,5,6,19,17,18,11],[17,13,18,14,5,6,1,21,22,15,23,9,10,11,19,20,24],[13,21,14,22,23,15,1,17,18,5,6,9,10,11,19,24],[17,5,6,1,13,14,18,21,22,23,15,9,10,11,19,24],[17,13,14,18,5,6,9,10,15,21,22,23,11,1,19,24],[13,17,14,18,9,10,11,5,6,1,21,22,15,23,19,20,24],[21,9,10,22,11,5,6,17,18,1,13,14,23,15,19,20,24],[1,21,17,18,22,9,10,11,5,6,13,14,15,23,19,24],[17,21,18,22,1,9,10,23,11,13,14,15,5,6],[13,1,9,10,14,15,21,22,23,11,17,18,5,6],[17,9,18,10,13,14,11,21,22,15,23,5,6,1,19,24],[13,21,14,22,15,23,5,6,1,17,18,9,10,11,19,20,24],[13,1,5,14,6,21,22,23,15,17,18,9,10,11,19,20,24],[17,1,9,18,10,5,6,21,22,23,11,13,14,15,19,20,24],[17,9,18,10,3,21,22,11,5,6,13,14,15,23,19,24],[1,13,17,18,14,9,10,11,5,6,21,22,15,23,19,24],[21,1,9,22,10,23,11,13,14,15,17,18,5,6,19,24],[5,1,9,6,13,14,10,11,21,22,15,23,17,18,19,20,24],[9,13,14,10,11,7,1,17,18,21,22,23,15],[13,5,6,21,14,22,23,15,17,18,9,10,11,1,19,20,24],[21,1,9,10,22,11,5,6,13,14,23,15,17,18,19,20,24],[17,9,18,10,21,22,11,13,14,15,23,