{"problem_id":"AcrdfSeVXGbzay3","sigma":150,"alpha":10.000,"cost":0,"probabilities":"[0.32, 0.18, 0.28, 0.22]","payoff_matrix":"[[-151, 43, 34, 26, 248, 260], [179, -28, 187, -41, -137, -86], [207, -240, 162, -162, -49, 19], [4, -199, -96, 2, 68, -48]]","uncovered":[[9,21,1,13,17,19,23,24,20,18,22,5,7,11,12,15,10,3,4,2,16,14,8],[5,21,17,19,23,24,20,18,22,13,1,9,7,11,12,15,10,4,3,2,16,8,14,6],[13,9,5,11,17,19,20,12,21,23,24,18,22,1,7,15,10,3,4,2,6,14,8,16],[13,17,9,5,21,19,23,20,24,18,22,1,7,11,12,15,10,3,4,2,14,16,8,6],[1,13,9,5,11,17,19,20,12,21,23,24,22,18,7,15,10,4,3,2,14,6,8],[21,13,9,1,5,17,19,23,20,24,22,18,7,11,12,15,10,3,4,2,8,14,16],[1,21,5,9,17,23,19,20,24,18,22,13,7,11,12,15,10,3,4,2,14,6],[9,1,17,5,21,19,23,24,20,22,18,13,7,11,12,15,10,3,4,2,16,6,14],[9,21,5,17,23,19,24,20,22,18,1,13,7,11,12,15,10,4,3,2,14,8,16,6],[1,9,17,13,21,23,19,20,24,18,22,5,7,11,12,15,10,3,4,2,16,8,6],[5,13,1,9,7,21,17,23,19,20,24,18,22,11,12,15,10,3,4,2,14,8,16],[21,9,17,23,19,24,20,22,18,5,13,1,7,11,12,15,10,3,4,2,14,8,6,16],[1,21,17,23,19,24,20,22,18,5,9,13,7,11,12,15,10,4,3,2,14,8,16],[21,9,5,17,19,23,20,24,22,18,13,1,7,11,12,15,10,4,3,2,16,8],[13,9,5,11,21,23,24,12,1,17,19,20,18,22,7,15,10,4,3,2,8,14],[17,13,9,1,21,23,19,20,24,22,18,5,7,11,12,15,10,3,4,2,16,6],[5,13,17,1,9,21,19,23,20,24,22,18,7,11,12,15,10,3,4,2,14,6],[5,13,21,1,9,17,23,19,24,20,22,18,7,11,12,15,10,4,3,2,16,14,8],[5,9,11,13,1,21,23,12,17,19,20,24,22,18,7,15,10,3,4,2,14,16,6],[5,21,13,1,17,19,23,20,24,18,22,9,7,11,12,15,10,3,4,2,16,14,8],[9,1,17,13,5,21,23,19,24,20,18,22,7,11,12,15,10,3,4,2,16,6,8],[1,5,17,13,9,21,19,23,24,20,18,22,7,11,12,15,10,2,3,4,16,14,6],[13,17,1,21,19,23,24,20,22,18,9,5,7,11,12,15,10,2,3,4,16,6,14],[21,9,17,19,23,20,24,18,22,1,13,5,7,11,12,15,10,4,3,2,16,8,14,6],[1,13,9,21,17,19,23,20,24,22,18,5,7,11,12,15,10,4,3,2,8,14,16,6],[1,9,5,11,13,21,23,24,12,17,19,20,18,22,7,15,10,3,4,2,16,14,6,8],[9,5,7,1,17,13,21,23,19,20,24,18,22,11,12,15,10,4,3,2,8,16],[5,9,7,21,17,19,23,20,24,22,18,13,1,11,12,15,10,4,3,2,14,8,16,6],[17,21,23,19,24,20,22,18,13,1,5,9,7,11,12,15,10,3,4,2,14,8],[21,1,5,17,19,23,20,24,18,22,9,13,7,11,12,15,10,2,3,4,16,8,6],[17,21,23,19,20,24,22,18,5,9,13,1,7,11,12,15,10,2,3,4,6,16,14,8],[17,21,23,19,24,20,22,18,1,13,5,9,7,11,12,15,10,3,4,2,16,8,6],[1,9,13,17,21,23,19,24,20,22,18,5,7,11,12,15,10,2,3,4,14,6,16,8],[21,17,23,19,24,20,18,22,1,9,13,5,7,11,12,15,10,3,4,2,14,16,6],[1,9,5,11,17,19,20,12,13,21,23,24,22,18,7,15,10,3,4,2,14,16,6,8],[1,9,5,7,21,17,23,19,20,24,22,18,13,11,12,15,10,2,3,4,14,6],[17,1,21,19,23,20,24,18,22,9,5,13,7,11,12,15,10,3,4,2,16,8],[17,1,9,5,13,21,23,19,24,20,22,18,7,11,12,15,10,3,4,2,16,6,14],[17,5,21,19,23,20,24,18,22,13,1,9,7,11,12,15,10,2,3,4,14,16,8,6],[17,5,1,13,21,23,19,24,20,22,18,9,7,11,12,15,10,3,4,2,14,16,6],[13,5,9,7,1,21,17,23,19,24,20,18,22,11,12,15,10,2,3,4,14,8,16,6],[5,21,1,13,9,17,19,23,20,24,18,22,7,11,12,15,10,2,3,4,6,14,8],[21,17,19,23,24,20,18,22,1,5,9,13,7,11,12,15,10,3,4,2,14,8,6],[5,1,21,9,13,17,19,23,24,20,22,18,7,11,12,15,10,4,3,2,16,14,8,6],[17,13,9,21,19,23,24,20,22,18,1,5,7,11,12,15,10,3,4,2,8,14],[13,9,1,21,17,23,19,24,20,22,18,5,7,11,12,15,10,3,4,2,16,6],[13,1,5,9,11,21,23,12,17,19,24,20,18,22,7,15,10,3,4,2,14,6],[5,13,9,11,1,21,23,24,12,17,19,20,22,18,7,15,10,3,4,2,8,16],[9,5,7,17,21,19,23,20,24,22,18,1,13,11,12,15,10,3,4,2,16,14,6],[5,1,13,17,21,23,19,20,24,22,18,9,7,11,12,15,10,3,4,2,14,6,16,8],[21,9,13,17,19,23,24,20,22,18,5,1,7,11,12,15,10,3,4,2,16,8],[17,9,21,23,19,24,20,22,18,1,13,5,7,11,12,15,10,3,4,2,14,8,6],[21,17,23,19,24,20,18,22,1,9,13,5,7,11,12,15,10,4,3,2,14,8,6,16],[17,21,19,23,20,24,18,22,1,9,13,5,7,11,12,15,10,3,4,2,14,6],[9,13,5,7,17,21,19,23,20,24,18,22,1,11,12,15,10,3,4,2,16,8,6],[21,13,9,17,19,23,24,20,22,18,1,5,7,11,12,15,10,4,14,2,3,8],[21,13,1,9,5,17,23,19,24,20,18,22,7,11,12,15,10,3,4,2,14],[5,13,17,21,19,23,24,20,18,22,1,9,7,11,12,15,10,3,4,2,16,8],[5,13,1,9,11,17,19,20,12,21,23,24,18,22,7,15,10,3,4,2,16,14,6,8],[5,1,13,9,11,21,23,24,12,17,19,20,22,18,7,15,10,3,4,2,14,16,6,8],[5,21,9,13,17,19,23,24,20,22,18,1,7,11,12,15,10,3,4,2,14,16,8,6],[9,1,21,13,17,23,19,20,24,22,18,5,7,11,12,15,10,4,3,2,14,16,8,6],[1,13,21,17,23,19,20,24,18,22,9,5,7,11,12,15,10,3,4,2,6,14,8],[1,13,9,21,17,19,23,20,24,22,18,5,7,11,12,15,10,4,3,2,8,14,16],[13,5,17,1,9,21,19,23,20,24,18,22,7,11,12,15,10,4,3,2,16,14,6],[17,1,13,9,5,21,23,19,24,20,18,22,7,11,12,15,10,4,3,2,14,6],[9,5,11,17,19,20,12,1,21,23,24,22,18,13,7,15,10,3,4,2,14],[13,17,1,9,5,21,19,23,20,24,18,22,7,11,12,15,10,2,3,4,14,6,16,8],[13,5,9,7,17,1,21,19,23,24,20,22,18,11,12,15,10,3,4,2,14,6],[21,13,5,1,9,17,19,23,20,24,22,18,7,11,12,15,10,3,4,2,16,6,14,8],[21,13,5,17,19,23,20,24,18,22,9,1,7,11,12,15,10,3,4,2,16,8,14,6],[5,13,1,17,21,23,19,24,20,22,18,9,7,11,12,15,10,3,4,2,8,16,14,6],[17,5,1,9,13,21,19,23,24,20,18,22,7,11,12,15,10,3,4,2,14,6],[21,9,13,17,19,23,20,24,22,18,1,5,7,11,12,15,10,4,3,2,16,14,8],[5,21,17,19,23,24,20,18,22,13,9,1,7,11,12,15,10,4,3,2,16,14,8,6],[5,21,17,23,19,20,24,18,22,13,9,1,7,11,12,15,10,3,4,2,14,16,8],[5,9,7,13,21,1,17,19,23,24,20,18,22,11,12,15,10,3,4,2,14,16,6],[21,5,13,1,9,17,23,19,24,20,22,18,7,11,12,15,10,3,4,2,14],[21,5,1,9,13,17,23,19,24,20,22,18,7,11,12,15,10,3,4,2,14,6,8,16],[13,17,9,21,23,19,20,24,22,18,1,5,7,11,12,15,10,3,4,2,14,16,8,6],[5,1,17,9,21,19,23,20,24,18,22,13,7,11,12,15,10,3,4,2,16,6,14],[21,1,9,17,19,23,24,20,18,22,13,5,7,11,12,15,10,3,4,2,16,8],[5,21,1,17,23,19,24,20,18,22,9,13,7,11,12,15,10,3,4,2,14,6,16],[5,17,9,13,1,21,23,19,24,20,18,22,7,11,12,15,10,4,2,3,6,16],[13,1,9,17,5,21,23,19,20,24,22,18,7,11,12,15,10,3,4,2,16,8],[13,5,1,17,21,23,19,20,24,22,18,9,7,11,12,15,10,3,4,2,6,16,14,8],[21,5,9,17,19,23,24,20,22,18,13,1,7,11,12,15,10,3,4,2,14,8,16],[13,1,17,21,23,19,24,20,18,22,5,9,7,11,12,15,10,4,3,2,6,16,8],[21,1,9,17,19,23,24,20,22,18,13,5,7,11,12,15,10,3,4,2,8,14,16],[5,1,9,7,17,21,19,23,20,24,22,18,13,11,12,15,10,3,4,2,16,8,6],[21,13,1,5,9,17,19,23,24,20,22,18,7,11,12,15,10,3,4,2,16,6,14],[1,5,13,17,9,21,19,23,20,24,22,18,7,11,12,15,10,3,4,2,16,14],[9,1,21,17,19,23,20,24,22,18,5,13,7,11,12,15,10,3,4,2,16,8,6],[1,5,21,9,17,19,23,20,24,22,18,13,7,11,12,15,10,3,4,2,16,14,6],[5,1,9,7,17,21,19,23,24,20,18,22,13,11,12,15,10,4,3,2,16,6],[1,5,17,9,21,19,23,24,20,18,22,13,7,11,12,15,10,3,4,2,14,6,16,8],[5,17,21,23,19,24,20,22,18,1,13,9,7,11,12,15,10,3,4,2,6,16,8],[13,9,21,1,17,23,19,24,20,22,18,5,7,11,12,15,10,4,14,3,2,16,6],[13,5,1,17,21,19,23,20,24,22,18,9,7,11,12,15,10,4,3,2,16,14,8,6],[21,17,19,23,20,24,22,18,1,9,13,5,7,11,12,15,10,2,3,4,8,14],[1,21,17,19,23,20,24,18,22,9,13,5,7,11,12,15,10,4,3,2,8,14,6,16],[5,17,21,19,23,24,20,18,22,1,9,13,7,11,12,15,10,4,3,2,14,8,6,16],[21,5,1,17,19,23,20,24,18,22,13,9,7,11,12,15,10,3,4,2,6,16,8,14],[21,17,23,19,20,24,18,22,13,5,1,9,7,11,12,15,10,2,3,4,16,14,6,8],[5,1,9,7,13,21,17,19,23,20,24,18,22,11,12,15,10,4,3,2,16,8,6],[5,9,7,1,17,13,21,23,19,24,20,22,18,11,12,15,10,3,4,2,14,8,6,16],[1,5,13,17,21,23,19,20,24,18,22,9,7,11,12,15,10,2,3,4,14,8,6,16],[17,13,9,5,1,21,19,23,24,20,22,18,7,11,12,15,10,3,4,2,14,16,8,6],[5,21,1,9,17,23,19,20,24,22,18,13,7,11,12,15,10,3,4,2,16,14,6],[13,17,21,19,23,24,20,22,18,5,9,1,7,11,12,15,10,4,3,2,8,16],[1,9,13,17,5,21,23,19,24,20,18,22,7,11,12,15,10,2,3,4,14,16,8,6],[17,21,19,23,20,24,18,22,5,13,9,1,7,11,12,15,10,2,3,4,8,16],[13,21,1,17,23,19,24,20,22,18,5,9,7,11,12,15,10,4,3,2,6,14,8,16],[1,9,5,7,17,13,21,19,23,24,20,18,22,11,12,15,10,4,3,2,16,8],[9,17,5,1,13,21,23,19,24,20,18,22,7,11,12,15,10,4,3,2,14,8],[13,21,1,17,23,19,24,20,18,22,9,5,7,11,12,15,10,4,3,2,14],[21,1,5,9,13,17,23,19,24,20,22,18,7,11,12,15,10,4,3,2,14,6],[1,5,21,9,13,17,23,19,20,24,18,22,7,11,12,15,10,4,3,2,14,8],[9,5,11,21,23,12,1,17,19,20,24,18,22,13,7,15,10,3,4,2,16,6],[21,9,17,23,19,24,20,22,18,1,13,5,7,11,12,15,10,3,4,2,16,8,14,6],[1,5,17,13,21,23,19,20,24,22,18,9,7,11,12,15,10,3,4,2,14,6,16],[9,1,5,7,21,13,17,19,23,20,24,18,22,11,12,15,10,2,3,4,16,6,14],[5,1,13,21,17,19,23,24,20,18,22,9,7,11,12,15,10,4,3,2,16,6],[9,21,17,23,19,24,20,18,22,13,5,1,7,11,12,15,10,2,3,4,8,14],[1,17,9,5,13,21,19,23,24,20,18,22,7,11,12,15,10,3,4,2,6,14,8,16],[17,21,23,19,20,24,18,22,1,9,13,5,7,11,12,15,10,3,4,2,16,6,8,14],[17,5,21,23,19,24,20,18,22,13,9,1,7,11,12,15,10,4,3,2,16,14,8,6],[21,1,5,13,17,19,23,24,20,22,18,9,7,11,12,15,10,3,4,2,16,8],[9,17,1,21,19,23,20,24,18,22,5,13,7,11,12,15,10,3,4,2,6,16,8],[1,5,21,17,19,23,20,24,18,22,13,9,7,11,12,15,10,3,4,2,16,6,14,8],[9,21,13,1,5,17,23,19,24,20,18,22,7,11,12,15,10,4,2,3,16,8,14],[17,9,13,5,1,21,23,19,24,20,22,18,7,11,12,15,10,3,4,2,16,6],[9,21,13,1,17,23,19,20,24,18,22,5,7,11,12,15,10,4,3,2,14,6,16],[17,1,13,21,19,23,20,24,22,18,5,9,7,11,12,15,10,3,4,2,16,14,8],[9,21,5,17,19,23,20,24,22,18,1,13,7,11,12,15,10,2,3,4,6,16],[5,17,1,21,19,23,20,24,18,22,9,13,7,11,12,15,10,3,4,2,14,6,16],[1,17,13,21,19,23,24,20,22,18,9,5,7,11,12,15,10,4,8,3,2,14],[17,21,19,23,24,20,22,18,9,5,13,1,7,11,12,15,10,2,3,4,16,14,6],[21,9,17,23,19,20,24,18,22,5,13,1,7,11,12,15,10,3,4,2,14],[17,21,23,19,20,24,22,18,1,13,9,5,7,11,12,15,10,3,4,2,16,6,14],[13,1,17,21,19,23,20,24,22,18,9,5,7,11,12,15,10,3,4,2,16,14,6,8],[5,9,7,13,1,17,21,19,23,24,20,22,18,11,12,15,10,3,4,2,6,16,14,8],[9,21,13,17,19,23,24,20,18,22,5,1,7,11,12,15,10,3,4,2,16,8],[9,17,21,19,23,24,20,18,22,5,1,13,7,11,12,15,10,4,3,2,6,14,16],[1,5,13,17,21,23,19,24,20,22,18,9,7,11,12,15,10,3,4,2,16,14,8],[13,5,9,7,1,17,21,23,19,20,24,18,22,11,12,15,10,3,4,2,16,8,14,6],[13,21,1,5,17,23,19,20,24,22,18,9,7,11,12,15,10,3,4,2,6,16,14],[21,5,1,13,9,17,23,19,24,20,22,18,7,11,12,15,10,3,4,2,16,8,14,6],[5,17,9,13,1,21,23,19,20,24,22,18,7,11,12,15,10,3,4,2,16,14,8],[1,17,13,9,5,21,19,23,24,20,22,18,7,11,12,15,10,3,4,2,16,6,8,14],[9,21,17,23,19,24,20,18,22,5,1,13,7,11,12,15,10,4,3,2,16],[9,17,13,5,1,21,19,23,20,24,18,22,7,11,12,15,10,3,4,2,6,14,16],[17,5,1,21,23,19,20,24,22,18,13,9,7,11,12,15,10,3,4,2,16],[9,13,1,5,7,21,17,19,23,24,20,22,18,11,12,15,10,3,4,2,16,8,14],[17,13,9,5,21,23,19,20,24,18,22,1,7,11,12,15,10,3,4,2,16],[1,21,5,17,23,19,20,24,22,18,13,9,7,11,12,15,10,2,3,4,16,8,6,14],[9,1,17,21,23,19,20,24,22,18,5,13,7,11,12,15,10,2,3,4,16,14,8,6],[21,9,5,1,17,19,23,24,20,22,18,13,7,11,12,15,10,4,3,2,14,6,16],[9,1,21,13,17,23,19,20,24,18,22,5,7,11,12,15,10,2,3,4,14,8,6,16],[17,9,1,5,13,21,23,19,24,20,22,18,7,11,12,15,10,3,4,2,16,14,6],[21,5,1,9,13,17,19,23,20,24,22,18,7,11,12,15,10,4,3,2,14,6,8,16],[17,13,5,9,1,21,19,23,20,24,18,22,7,11,12,15,10,3,4,2,14,16,6,8],[17,9,21,19,23,20,24,18,22,5,13,1,7,11,12,15,10,3,4,2,8,14,6,16],[21,13,9,5,17,19,23,24,20,18,22,1,7,11,12,15,10,4,2,3,16,14,8,6],[5,1,21,13,17,23,19,24,20,18,22,9,7,11,12,15,10,3,4,2,14,16,6],[9,21,1,5,17,19,23,20,24,18,22,13,7,11,12,15,10,3,4,2,16,6,8,14],[1,5,13,17,9,21,23,19,24,20,18,22,7,11,12,15,10,4,3,2,14,8,6,16],[9,1,5,7,17,21,23,19,20,24,18,22,13,11,12,15,10,2,3,4,8,16,14],[9,21,5,17,19,23,20,24,22,18,13,1,7,11,12,15,10,3,4,2,8,14,16],[1,9,21,5,13,17,23,19,24,20,22,18,7,11,12,15,10,3,4,2,16,14,6],[21,17,23,19,20,24,22,18,13,1,9,5,7,11,12,15,10,3,4,2,8,16,14],[13,5,9,7,17,21,23,19,20,24,18,22,1,11,12,15,10,2,3,4,14,6],[1,13,9,21,17,19,23,20,24,18,22,5,7,11,12,15,10,3,4,2,16,14,8],[5,17,9,1,21,19,23,20,24,22,18,13,7,11,12,15,10,3,4,2,14,6],[17,9,5,1,21,23,19,20,24,18,22,13,7,11,12,15,10,3,4,2,6,16,14,8],[17,1,21,19,23,20,24,18,22,9,13,5,7,11,12,15,10,3,4,2,16,6,14],[1,17,5,13,9,21,19,23,20,24,22,18,7,11,12,15,10,3,4,2,8,16,14,6],[5,21,9,13,17,23,19,24,20,18,22,1,7,11,12,15,10,3,4,2,14,6,8],[13,21,17,19,23,24,20,22,18,9,1,5,7,11,12,15,10,2,3,4,16,6,14],[9,13,1,21,17,23,19,24,20,18,22,5,7,11,12,15,10,2,3,4,14,6,8,16],[13,9,17,5,21,23,19,24,20,22,18,1,7,11,12,15,10,4,3,2,8,16,6,14],[5,1,17,21,23,19,20,24,22,18,9,13,7,11,12,15,10,4,3,2,16,14,8,6],[1,13,21,9,5,17,19,23,24,20,22,18,7,11,12,15,10,3,4,2,14,16,8,6],[13,5,17,21,19,23,24,20,22,18,9,1,7,11,12,15,10,3,4,2,14,8],[17,9,1,21,23,19,20,24,18,22,13,5,7,11,12,15,10,3,4,2,14,8],[13,17,9,5,21,19,23,24,20,22,18,1,7,11,12,15,10,3,4,2,8,14,16,6],[1,21,13,5,9,17,23,19,24,20,22,18,7,11,12,15,10,3,4,2,16,14,8,6],[13,21,1,5,9,17,23,19,20,24,22,18,7,11,12,15,10,4,3,2,16,14,8],[5,21,13,9,17,19,23,24,20,18,22,1,7,11,12,15,10,3,4,2,6,14,8],[5,1,9,11,21,23,24,12,13,17,19,20,18,22,7,15,10,3,4,2,16,8,6,14],[13,21,5,17,23,19,20,24,22,18,1,9,7,11,12,15,10,3,4,2,16,6,8],[1,21,9,13,17,23,19,20,24,22,18,5,7,11,12,15,10,3,4,2,14,16,8],[5,17,13,1,21,23,19,24,20,22,18,9,7,11,12,15,10,3,4,2,16,6,14],[9,21,5,17,23,19,24,20,18,22,1,13,7,11,12,15,10,3,4,2,14,8,6,16],[17,13,21,23,19,20,24,22,18,9,1,5,7,11,12,15,10,3,4,2,8,14],[1,21,5,17,23,19,20,24,18,22,13,9,7,11,12,15,10,3,4,2,14,6,16,8],[13,21,1,5,17,19,23,24,20,18,22,9,7,11,12,15,10,3,4,2,6,16],[13,1,9,5,11,21,23,24,12,17,19,20,22,18,7,15,10,2,3,4,14,16,6,8],[9,21,17,19,23,20,24,22,18,13,1,5,7,11,12,15,10,3,4,2,14,6,16],[5,21,13,17,19,23,20,24,18,22,9,1,7,11,12,15,10,3,4,2,14,8,6,16],[1,17,13,21,23,19,20,24,18,22,9,5,7,11,12,15,10,3,4,2,14,8],[9,21,13,17,19,23,20,24,22,18,1,5,7,11,12,15,10,3,4,2,8,16,6,14],[21,13,5,9,17,19,23,24,20,18,22,1,7,11,12,15,10,2,3,4,16,8,14,6],[9,13,21,1,5,17,23,19,20,24,22,18,7,11,12,15,10,3,4,2,16,8,14,6],[1,21,9,5,13,17,23,19,20,24,22,18,7,11,12,15,10,4,2,3,14,8,16],[5,21,9,13,1,17,23,19,20,24,22,18,7,11,12,15,10,3,4,2,16,6],[1,21,9,13,17,23,19,20,24,18,22,5,7,11,12,15,10,3,4,2,16,8,14],[13,17,5,1,21,23,19,24,20,22,18,9,7,11,12,15,10,3,4,2,6,14,16,8],[21,9,1,5,17,23,19,24,20,22,18,13,7,11,12,15,10,3,4,2,16,6,14,8],[21,13,5,1,9,17,23,19,20,24,18,22,7,11,12,15,10,3,4,2,16,6,8],[9,21,13,17,23,19,20,24,18,22,1,5,7,11,12,15,10,3,4,2,14,8,16],[9,1,5,7,17,13,21,19,23,20,24,22,18,11,12,15,10,3,4,2,14,8],[13,9,5,7,1,17,21,23,19,20,24,18,22,11,12,15,10,3,4,2,16,14,6],[9,13,5,7,21,1,17,23,19,20,24,18,22,11,12,15,10,2,3,4,14,16,6,8],[21,5,13,1,17,23,19,20,24,22,18,9,7,11,12,15,10,4,2,3,16,6],[21,13,5,17,19,23,24,20,18,22,9,1,7,11,12,15,10,4,3,2,6,14,8],[1,5,21,13,9,17,19,23,20,24,22,18,7,11,12,15,10,4,3,2,16,6],[5,13,17,9,21,19,23,24,20,18,22,1,7,11,12,15,10,2,3,4,14,16,8,6],[13,17,5,9,21,19,23,24,20,22,18,1,7,11,12,15,10,4,3,2,14,6],[5,21,1,9,17,23,19,20,24,22,18,13,7,11,12,15,10,4,3,2,16,8,6],[1,9,17,5,13,21,19,23,20,24,22,18,7,11,12,15,10,3,4,2,16,6,8],[1,5,21,9,17,19,23,20,24,18,22,13,7,11,12,15,10,3,4,2,6,14,16],[17,5,9,21,23,19,24,20,22,18,13,1,7,11,12,15,10,4,3,2,16],[13,17,9,5,21,19,23,20,24,18,22,1,7,11,12,15,10,3,4,2,16,8,6],[9,5,11,1,21,23,24,12,13,17,19,20,18,22,7,15,10,3,4,2,16,6,14],[21,17,23,19,20,24,22,18,1,5,13,9,7,11,12,15,10,4,16,3,2,6,8],[5,9,7,13,21,17,23,19,24,20,22,18,1,11,12,15,10,2,3,4,14,16,8],[9,13,17,5,1,21,19,23,20,24,22,18,7,11,12,15,10,4,3,2,16,6],[5,21,17,19,23,20,24,22,18,13,1,9,7,11,12,15,10,2,3,4,8,16],[9,17,5,21,19,23,24,20,22,18,13,1,7,11,12,15,10,3,4,2,8,16,6,14],[17,5,21,19,23,20,24,22,18,9,13,1,7,11,12,15,10,3,4,2,16,14,6],[13,17,1,21,23,19,24,20,22,18,5,9,7,11,12,15,10,2,3,4,16,14,8,6],[5,13,9,7,21,17,23,19,24,20,18,22,1,11,12,15,10,3,4,2,8,14,16],[17,13,5,21,23,19,20,24,22,18,1,9,7,11,12,15,10,3,4,2,16,8,14],[9,17,1,13,21,19,23,24,20,22,18,5,7,11,12,15,10,2,3,4,16,8],[17,1,5,9,21,23,19,20,24,22,18,13,7,11,12,15,10,2,3,4,8,6,16,14],[5,13,9,7,1,17,21,23,19,24,20,22,18,11,12,15,10,3,4,2,14,8,16,6],[1,5,21,17,19,23,20,24,18,22,13,9,7,11,12,15,10,4,2,3,16,6],[13,9,5,11,1,21,23,24,12,17,19,20,22,18,7,15,10,3,4,2,14,8,6,16],[21,13,17,23,19,24,20,18,22,1,5,9,7,11,12,15,10,4,2,3,16,6],[5,9,7,1,13,17,21,19,23,24,20,22,18,11,12,15,10,3,4,2,14,8],[21,13,17,19,23,24,20,22,18,5,1,9,7,11,12,15,10,4,16,3,2,6],[5,1,21,9,17,23,19,24,20,22,18,13,7,11,12,15,10,3,4,2,16],[17,9,21,23,19,20,24,18,22,5,13,1,7,11,12,15,10,3,4,2,14,16,6,8],[9,1,13,21,5,17,23,19,20,24,18,22,7,11,12,15,10,4,3,2,14,16,8],[9,1,13,17,5,21,19,23,20,24,22,18,7,11,12,15,10,3,4,2,8,16],[1,9,5,11,17,19,20,12,13,21,23,24,22,18,7,15,10,2,3,4,6,8,14],[5,1,17,9,13,21,23,19,24,20,18,22,7,11,12,15,10,4,3,2,16,14,6],[21,17,23,19,24,20,22,18,1,9,5,13,7,11,12,15,10,4,14,3,2,8],[9,13,5,11,21,23,12,1,17,19,24,20,22,18,7,15,10,3,4,2,14,16,6],[17,21,19,23,24,20,18,22,9,1,13,5,7,11,12,15,10,2,3,4,16],[1,5,21,9,13,17,23,19,24,20,22,18,7,11,12,15,10,4,3,2,16,14,6,8],[13,21,9,1,17,23,19,24,20,22,18,5,7,11,12,15,10,3,4,2,14,6],[1,21,13,17,19,23,20,24,22,18,9,5,7,11,12,15,10,2,3,4,14,8,16,6],[13,9,17,1,21,23,19,24,20,18,22,5,7,11,12,15,10,3,4,2,6,16],[17,1,13,5,21,23,19,20,24,22,18,9,7,11,12,15,10,2,3,4,8,14,6,16],[21,1,5,17,23,19,24,20,18,22,9,13,7,11,12,15,10,3,4,2,16,14],[13,21,1,9,5,17,23,19,24,20,18,22,7,11,12,15,10,3,4,2,16,8,14],[21,17,19,23,20,24,18,22,5,13,1,9,7,11,12,15,10,3,4,2,14,8],[21,13,9,1,5,17,19,23,20,24,18,22,7,11,12,15,10,2,3,4,14,16,8,6],[17,1,5,21,23,19,20,24,22,18,13,9,7,11,12,15,10,3,4,2,14,6],[13,5,9,7,1,21,17,19,23,24,20,22,18,11,12,15,10,3,4,2,16,14],[13,1,21,9,5,17,19,23,20,24,22,18,7,11,12,15,10,4,3,2,16,8],[17,13,21,19,23,20,24,22,18,5,9,1,7,11,12,15,10,3,4,2,14,16,6],[17,5,13,21,19,23,24,20,22,18,9,1,7,11,12,15,10,3,4,2,16,8,6],[5,21,17,19,23,24,20,22,18,13,9,1,7,11,12,15,10,3,4,2,6,14],[21,17,23,19,20,24,18,22,5,1,13,9,7,11,12,15,10,2,3,4,14,8,16],[17,13,21,19,23,24,20,22,18,9,5,1,7,11,12,15,10,3,4,2,14,6],[1,5,21,17,23,19,20,24,22,18,9,13,7,11,12,15,10,3,4,2,8,14],[13,9,1,17,5,21,23,19,20,24,18,22,7,11,12,15,10,4,3,2,8,14,6],[5,21,1,13,9,17,19,23,24,20,22,18,7,11,12,15,10,3,4,2,16],[1,17,13,21,23,19,24,20,22,18,5,9,7,11,12,15,10,3,4,2,14],[13,5,21,1,9,17,23,19,20,24,22,18,7,11,12,15,10,3,4,2,14,16,8,6],[21,17,19,23,24,20,18,22,1,13,9,5,7,11,12,15,10,3,4,2,16,8,14],[13,21,17,23,19,20,24,18,22,1,5,9,7,11,12,15,10,2,3,4,14,8,16],[13,17,9,5,21,19,23,20,24,18,22,1,7,11,12,15,10,3,4,2,16,6],[1,21,17,19,23,20,24,22,18,9,5,13,7,11,12,15,10,4,2,3,14,6],[21,1,13,5,9,17,19,23,20,24,18,22,7,11,12,15,10,2,3,4,16,8,14],[9,21,13,1,5,17,19,23,20,24,18,22,7,11,12,15,10,3,4,2,14,8,16,6],[21,9,1,5,13,17,23,19,20,24,22,18,7,11,12,15,10,3,4,2,14,8,16,6],[13,1,21,17,23,19,20,24,22,18,9,5,7,11,12,15,10,3,4,2,14],[21,13,5,17,19,23,20,24,18,22,1,9,7,11,12,15,10,3,4,2,16],[5,13,17,21,23,19,20,24,18,22,1,9,7,11,12,15,10,2,3,4,14,6,8,16],[9,5,11,13,21,23,24,12,17,19,20,22,18,1,7,15,10,4,3,2,16,6,8],[21,1,17,19,23,20,24,22,18,5,13,9,7,11,12,15,10,3,4,2,16,8,14],[1,9,13,5,11,21,23,12,17,19,24,20,22,18,7,15,10,3,4,2,14],[5,13,17,1,9,21,19,23,20,24,18,22,7,11,12,15,10,3,4,2,16,8,6,14],[21,9,5,1,17,23,19,24,20,22,18,13,7,11,12,15,10,3,4,2,16,6],[9,13,5,11,21,23,12,1,17,19,20,24,18,22,7,15,10,4,2,3,6,16],[17,21,23,19,20,24,22,18,13,9,5,1,7,11,12,15,10,3,4,2,14,8],[5,21,1,17,23,19,20,24,22,18,13,9,7,11,12,15,10,3,4,2,14,16,8],[21,5,9,1,13,17,23,19,24,20,22,18,7,11,12,15,10,2,3,4,14,6,16,8],[1,9,5,7,13,17,21,19,23,20,24,18,22,11,12,15,10,3,4,2,14,8,6],[5,21,17,23,19,24,20,22,18,13,9,1,7,11,12,15,10,3,4,2,16,14,8],[13,1,9,21,17,19,23,24,20,18,22,5,7,11,12,15,10,4,3,2,16],[5,1,9,7,21,17,19,23,24,20,22,18,13,11,12,15,10,3,4,2,8,14,6,16],[17,9,13,21,23,19,24,20,22,18,5,1,7,11,12,15,10,3,4,2,14,16,6],[13,9,17,5,21,19,23,24,20,18,22,1,7,11,12,15,10,3,4,2,16,8,6],[13,1,17,9,21,19,23,20,24,22,18,5,7,11,12,15,10,3,4,2,6,16,14,8],[21,9,1,13,17,23,19,24,20,22,18,5,7,11,12,15,10,3,4,2,14,6,16],[9,5,11,13,17,19,12,20,21,23,24,18,22,1,7,15,10,3,4,2,16,8],[13,1,9,17,21,23,19,24,20,18,22,5,7,11,12,15,10,3,4,2,8,16,6,14],[21,17,23,19,20,24,22,18,5,13,9,1,7,11,12,15,10,3,4,2,16,8,14],[13,9,17,1,21,19,23,24,20,22,18,5,7,11,12,15,10,3,4,2,8,14,6],[17,5,21,23,19,24,20,18,22,13,1,9,7,11,12,15,10,2,3,4,14,6,8,16],[5,13,17,21,19,23,24,20,22,18,9,1,7,11,12,15,10,3,4,2,16,6,8,14],[1,5,21,17,19,23,24,20,22,18,9,13,7,11,12,15,10,3,4,2,14,16,8],[1,13,9,17,21,23,19,24,20,18,22,5,7,11,12,15,10,2,3,4,14,6,8,16],[13,1,5,21,17,19,23,24,20,22,18,9,7,11,12,15,10,3,4,2,16],[13,1,5,21,9,17,23,19,24,20,22,18,7,11,12,15,10,3,4,2,16,6,8],[5,13,1,9,7,17,21,23,19,24,20,22,18,11,12,15,10,3,4,2,16,6],[1,13,5,17,9,21,23,19,20,24,18,22,7,11,12,15,10,3,4,2,6,16,8],[21,9,5,1,13,17,19,23,24,20,22,18,7,11,12,15,10,3,4,2,16,8,6],[17,9,5,21,19,23,20,24,22,18,13,1,7,11,12,15,10,3,4,2,8,14,16,6],[21,5,1,9,13,17,19,23,24,20,18,22,7,11,12,15,10,3,4,2,16,14,8,6],[1,21,5,9,13,17,19,23,20,24,22,18,7,11,12,15,10,3,4,2,6,14,16],[9,17,21,23,19,24,20,18,22,1,13,5,7,11,12,15,10,3,4,2,6,16],[5,9,11,13,1,17,19,12,20,21,23,24,22,18,7,15,10,3,4,2,16,8,14,6],[1,9,21,17,23,19,24,20,18,22,13,5,7,11,12,15,10,4,3,2,14,16,6,8],[9,21,1,17,23,19,20,24,18,22,5,13,7,11,12,15,10,2,3,4,16,14,8,6],[9,17,5,13,1,21,23,19,24,20,18,22,7,11,12,15,10,2,3,4,16,8],[17,21,19,23,20,24,22,18,9,5,13,1,7,11,12,15,10,4,3,2,14,6,16,8],[21,5,9,1,17,19,23,20,24,22,18,13,7,11,12,15,10,3,4,2,14,16,6],[5,9,11,21,23,24,12,17,19,20,18,22,1,13,7,15,10,3,4,2,14,8,16,6],[21,17,19,23,24,20,18,22,9,1,5,13,7,11,12,15,10,3,4,2,16],[17,21,19,23,20,24,18,22,1,9,5,13,7,11,12,15,10,3,4,2,16,6,14,8],[17,1,9,21,23,19,20,24,22,18,5,13,7,11,12,15,10,4,3,2,14,6,16,8],[21,9,13,17,19,23,24,20,18,22,5,1,7,11,12,15,10,3,4,2,6,16,14,8],[5,13,9,11,1,17,19,12,20,21,23,24,22,18,7,15,10,2,3,4,16,8,6],[5,21,13,9,17,23,19,20,24,18,22,1,7,11,12,15,10,3,4,2,6,14,16],[21,17,19,23,24,20,18,22,1,13,5,9,7,11,12,15,10,3,4,2,16,8,14,6],[5,9,7,13,21,1,17,23,19,20,24,22,18,11,12,15,10,3,4,2,14,8,16,6],[9,5,7,1,13,21,17,23,19,24,20,18,22,11,12,15,10,3,4,2,8,14,16],[17,9,13,5,21,23,19,20,24,22,18,1,7,11,12,15,10,3,4,2,16,14,6,8],[17,1,5,21,19,23,20,24,18,22,13,9,7,11,12,15,10,4,3,2,14,6],[21,1,9,17,19,23,24,20,22,18,5,13,7,11,12,15,10,4,3,2,16,6,8,14],[21,9,17,23,19,24,20,18,22,1,5,13,7,11,12,15,10,3,4,2,14,8],[17,13,1,9,5,21,23,19,20,24,22,18,7,11,12,15,10,3,4,2,14,8,6,16],[21,1,9,5,13,17,23,19,24,20,22,18,7,11,12,15,10,2,3,4,14,16,8,6],[17,1,21,23,19,20,24,22,18,9,5,13,7,11,12,15,10,3,4,2,14,16,8],[5,21,9,17,23,19,24,20,22,18,13,1,7,11,12,15,10,3,4,2,14,8,6],[13,5,21,17,19,23,20,24,18,22,1,9,7,11,12,15,10,3,4,2,14,8,6,16],[9,17,5,21,23,19,20,24,18,22,1,13,7,11,12,15,10,3,4,2,16,14,6],[1,17,13,9,5,21,19,23,24,20,22,18,7,11,12,15,10,3,4,2,16,6,8,14],[1,5,17,9,21,23,19,24,20,18,22,13,7,11,12,15,10,3,4,2,14,6,16,8],[5,1,13,9,7,21,17,19,23,24,20,18,22,11,12,15,10,3,4,2,16,6],[9,5,11,1,21,23,12,13,17,19,24,20,18,22,7,15,10,3,4,2,16,8],[17,5,13,9,21,23,19,24,20,22,18,1,7,11,12,15,10,4,3,2,16,6],[13,5,21,9,1,17,23,19,20,24,18,22,7,11,12,15,10,3,4,2,16],[13,21,1,5,17,19,23,20,24,22,18,9,7,11,12,15,10,2,3,4,6,14,8],[5,1,13,9,11,21,23,12,17,19,20,24,18,22,7,15,10,2,3,4,14,16,8],[9,1,13,5,7,17,21,23,19,20,24,18,22,11,12,15,10,3,4,2,16,14,8],[1,5,17,21,19,23,20,24,22,18,9,13,7,11,12,15,10,3,4,2,8,16,6],[5,9,7,13,17,1,21,19,23,20,24,22,18,11,12,15,10,3,4,2,16,14,8],[9,13,21,17,23,19,20,24,22,18,1,5,7,11,12,15,10,3,4,2,16,6,14],[5,9,7,13,1,17,21,23,19,24,20,18,22,11,12,15,10,3,4,2,16,8,6],[1,13,17,5,21,19,23,20,24,22,18,9,7,11,12,15,10,2,3,4,6,8,16,14],[13,21,5,1,17,23,19,20,24,22,18,9,7,11,12,15,10,3,4,2,8,16,6],[21,9,1,5,17,19,23,20,24,18,22,13,7,11,12,15,10,3,4,2,16,8],[5,9,7,21,1,17,19,23,24,20,18,22,13,11,12,15,10,3,4,2,16],[9,13,5,7,1,21,17,19,23,24,20,22,18,11,12,15,10,3,4,2,14,8],[13,5,21,1,9,17,19,23,24,20,18,22,7,11,12,15,10,3,4,2,14,6,8],[17,21,23,19,24,20,18,22,13,1,9,5,7,11,12,15,10,3,4,2,14,6,8],[17,5,13,1,21,23,19,24,20,22,18,9,7,11,12,15,10,4,3,2,16,14,8,6],[9,17,21,23,19,20,24,18,22,5,1,13,7,11,12,15,10,3,4,2,8,6,14,16],[9,17,1,5,21,23,19,24,20,22,18,13,7,11,12,15,10,3,4,2,16],[13,1,9,5,7,21,17,23,19,20,24,18,22,11,12,15,10,3,4,2,16,14,8,6],[9,13,21,1,17,19,23,20,24,18,22,5,7,11,12,15,10,2,3,4,14,6,8,16],[21,13,5,1,17,23,19,20,24,18,22,9,7,11,12,15,10,3,4,2,16,14,8],[9,21,5,13,1,17,19,23,20,24,18,22,7,11,12,15,10,3,4,2,16,6],[17,21,19,23,24,20,22,18,9,5,1,13,7,11,12,15,10,2,3,4,14,16,8],[1,17,9,21,19,23,20,24,18,22,13,5,7,11,12,15,10,3,4,2,14,8,6],[21,13,9,17,23,19,20,24,18,22,1,5,7,11,12,15,10,3,4,2,16,8],[13,1,5,21,9,17,23,19,24,20,22,18,7,11,12,15,10,3,4,2,14,8,16],[9,1,13,21,5,17,23,19,20,24,22,18,7,11,12,15,10,3,4,2,8,16],[17,5,9,21,23,19,20,24,18,22,13,1,7,11,12,15,10,3,4,2,16,6,14],[21,5,1,13,9,17,23,19,24,20,18,22,7,11,12,15,10,2,3,4,14,6,8],[5,21,9,13,1,17,23,19,24,20,18,22,7,11,12,15,10,3,4,2,6,14],[13,21,17,23,19,20,24,22,18,9,5,1,7,11,12,15,10,2,3,4,6,16],[17,13,9,21,23,19,24,20,22,18,1,5,7,11,12,15,10,3,4,2,14,16,6],[5,1,13,21,17,19,23,24,20,18,22,9,7,11,12,15,10,4,3,2,16,6,8],[1,13,17,5,9,21,19,23,20,24,18,22,7,11,12,15,10,2,3,4,16,8,14,6],[13,17,21,23,19,20,24,18,22,5,9,1,7,11,12,15,10,3,4,2,16,8,14],[5,13,21,9,1,17,19,23,24,20,18,22,7,11,12,15,10,2,3,4,16,8,14],[9,1,21,5,13,17,23,19,20,24,18,22,7,11,12,15,10,2,3,4,14,8],[1,9,17,5,13,21,19,23,20,24,18,22,7,11,12,15,10,4,2,3,6,16,8,14],[17,5,1,13,9,21,23,19,24,20,18,22,7,11,12,15,10,3,4,2,16],[13,17,5,9,21,19,23,24,20,22,18,1,7,11,12,15,10,3,4,2,8,14,16,6],[13,5,21,1,17,19,23,20,24,22,18,9,7,11,12,15,10,4,2,3,14,6,8],[9,17,5,1,21,23,19,20,24,22,18,13,7,11,12,15,10,2,3,4,6,16,14,8],[9,13,17,1,21,23,19,24,20,22,18,5,7,11,12,15,10,4,14,3,2,16,6,8],[13,9,1,5,11,17,19,20,12,21,23,24,22,18,7,15,10,3,4,2,16,14,8,6],[13,9,1,17,5,21,19,23,24,20,18,22,7,11,12,15,10,4,2,3,14,16,6],[13,1,17,5,9,21,23,19,20,24,18,22,7,11,12,15,10,4,3,2,14,8,6],[13,21,1,5,9,17,23,19,20,24,18,22,7,11,12,15,10,3,4,2,14,6,16,8],[21,9,1,17,23,19,20,24,22,18,13,5,7,11,12,15,10,3,4,2,14,6,8],[13,21,17,23,19,20,24,18,22,1,5,9,7,11,12,15,10,2,3,4,14,6],[1,17,5,13,21,23,19,20,24,22,18,9,7,11,12,15,10,3,4,2,8,16,14,6],[13,21,1,9,17,23,19,24,20,22,18,5,7,11,12,15,10,4,3,2,8,16,14],[1,21,17,19,23,24,20,22,18,9,5,13,7,11,12,15,10,2,3,4,14,6,8,16],[1,17,21,23,19,24,20,22,18,5,13,9,7,11,12,15,10,4,3,2,16,8],[1,13,21,9,5,17,19,23,24,20,22,18,7,11,12,15,10,3,4,2,16,6],[13,5,17,1,21,23,19,24,20,22,18,9,7,11,12,15,10,2,3,4,14,6,16],[13,5,9,7,21,1,17,23,19,24,20,18,22,11,12,15,10,3,4,2,14,16,8,6],[1,9,17,21,23,19,20,24,22,18,5,13,7,11,12,15,10,3,4,2,14,8,6],[1,13,5,21,9,17,23,19,24,20,18,22,7,11,12,15,10,2,3,4,6,16],[1,5,13,21,17,23,19,24,20,22,18,9,7,11,12,15,10,3,4,2],[13,9,17,21,19,23,24,20,22,18,5,1,7,11,12,15,10,3,4,2,14],[13,17,1,5,21,19,23,24,20,22,18,9,7,11,12,15,10,3,4,2,16,6],[13,17,21,23,19,24,20,22,18,5,1,9,7,11,12,15,10,3,4,2,14,6,16],[13,21,17,23,19,24,20,22,18,9,1,5,7,11,12,15,10,3,4,2,14,6,16,8],[17,5,13,21,19,23,24,20,22,18,9,1,7,11,12,15,10,3,4,2,6,14,8,16],[17,5,9,1,21,23,19,20,24,22,18,13,7,11,12,15,10,4,3,2,14,6,16],[13,17,9,21,19,23,20,24,18,22,1,5,7,11,12,15,10,3,4,2,14,16,6,8],[9,13,21,17,19,23,20,24,22,18,5,1,7,11,12,15,10,3,4,2,16,8,14,6],[5,21,13,9,1,17,23,19,24,20,22,18,7,11,12,15,10,3,4,2,14],[13,9,1,17,21,23,19,24,20,22,18,5,7,11,12,15,10,3,4,2,14,8,6,16],[17,9,21,19,23,24,20,18,22,1,5,13,7,11,12,15,10,3,4,2,16,8],[5,21,13,9,17,19,23,20,24,22,18,1,7,11,12,15,10,3,4,2,14,6,16],[17,9,1,21,23,19,24,20,18,22,13,5,7,11,12,15,10,2,3,4,16],[9,17,13,21,23,19,20,24,18,22,1,5,7,11,12,15,10,4,3,2,14,6,8,16],[9,21,5,17,19,23,24,20,18,22,1,13,7,11,12,15,10,4,3,2,8,14,6,16],[21,9,1,13,17,19,23,24,20,22,18,5,7,11,12,15,10,3,4,2,8,16,6],[5,21,13,1,9,17,23,19,24,20,18,22,7,11,12,15,10,3,4,2,14,16,8],[17,5,9,13,21,23,19,24,20,22,18,1,7,11,12,15,10,3,4,2,16,8,14],[5,17,1,21,19,23,24,20,18,22,9,13,7,11,12,15,10,2,3,4,14,8,6],[9,13,21,5,17,23,19,20,24,22,18,1,7,11,12,15,10,3,4,2,16,6],[21,1,13,5,9,17,23,19,20,24,22,18,7,11,12,15,10,3,4,2,8,16,6],[9,13,17,21,23,19,24,20,18,22,5,1,7,11,12,15,10,3,4,2,14,6,16,8],[9,13,1,21,5,17,23,19,20,24,18,22,7,11,12,15,10,4,14,2,3,8,16],[9,13,17,21,23,19,20,24,22,18,5,1,7,11,12,15,10,3,4,2,14,6],[5,9,11,21,23,12,1,17,19,20,24,22,18,13,7,15,10,3,4,2,8,16,6],[17,13,9,21,23,19,24,20,18,22,1,5,7,11,12,15,10,3,4,2,14,6,8],[13,9,21,1,17,19,23,20,24,18,22,5,7,11,12,15,10,3,4,2,16,8,6],[1,13,21,9,17,19,23,20,24,22,18,5,7,11,12,15,10,3,4,2,16,6,8,14],[13,1,17,5,21,19,23,20,24,18,22,9,7,11,12,15,10,2,3,4,16,14,6],[9,21,1,13,5,17,19,23,20,24,22,18,7,11,12,15,10,3,4,2,6,16,8,14],[1,9,5,11,13,21,23,24,12,17,19,20,22,18,7,15,10,3,4,2,14,8,6],[17,21,23,19,20,24,18,22,9,1,13,5,7,11,12,15,10,3,4,2,6,16,14,8],[17,5,21,19,23,20,24,18,22,13,1,9,7,11,12,15,10,3,4,2,6,14],[1,5,9,11,17,19,12,20,21,23,24,22,18,13,7,15,10,3,4,2,16,14],[21,17,19,23,24,20,22,18,1,9,13,5,7,11,12,15,10,4,16,3,2,8],[21,13,17,19,23,20,24,18,22,9,5,1,7,11,12,15,10,3,4,2,14],[17,1,5,9,13,21,19,23,20,24,22,18,7,11,12,15,10,2,3,4,14,6,8,16],[21,1,5,17,23,19,24,20,22,18,9,13,7,11,12,15,10,3,4,2,14,16,8,6],[9,5,11,1,17,19,20,12,13,21,23,24,18,22,7,15,10,2,3,4,16,14,6],[17,9,5,1,13,21,19,23,24,20,18,22,7,11,12,15,10,3,4,2,16,14,6,8],[21,1,17,23,19,24,20,22,18,9,5,13,7,11,12,15,10,3,4,2,14,8,6],[21,13,17,23,19,24,20,18,22,9,5,1,7,11,12,15,10,2,3,4,8,14,6,16],[1,5,17,9,13,21,19,23,24,20,22,18,7,11,12,15,10,4,3,2,14,8],[13,21,5,17,19,23,24,20,22,18,9,1,7,11,12,15,10,3,4,2,14,16,8],[13,17,5,1,21,23,19,24,20,22,18,9,7,11,12,15,10,4,2,3,14,6],[1,13,17,9,21,19,23,24,20,18,22,5,7,11,12,15,10,3,4,2,6,16],[17,13,21,23,19,20,24,18,22,5,9,1,7,11,12,15,10,2,3,4,14,16],[17,1,5,9,21,23,19,24,20,18,22,13,7,11,12,15,10,2,3,4,14,16,6,8],[5,13,17,21,19,23,24,20,22,18,1,9,7,11,12,15,10,2,3,4,16,6,8,14],[5,1,17,9,13,21,19,23,24,20,18,22,7,11,12,15,10,4,2,3,16,8],[21,5,9,17,19,23,20,24,22,18,1,13,7,11,12,15,10,3,4,2,6,14],[5,21,17,23,19,24,20,22,18,13,1,9,7,11,12,15,10,3,4,2,16,6],[5,9,11,17,19,20,12,13,21,23,24,22,18,1,7,15,10,3,4,2,16,8,14,6],[5,9,7,1,17,21,23,19,20,24,18,22,13,11,12,15,10,4,3,2,14,6],[1,17,5,9,21,23,19,20,24,22,18,13,7,11,12,15,10,3,4,2,14],[17,1,21,23,19,20,24,18,22,9,5,13,7,11,12,15,10,3,4,2,16,6],[9,17,21,19,23,24,20,22,18,13,5,1,7,11,12,15,10,3,4,2,14,6],[17,1,21,19,23,20,24,22,18,13,5,9,7,11,12,15,10,4,3,2,8,14,16],[5,13,1,17,21,19,23,20,24,18,22,9,7,11,12,15,10,3,4,2,6,14],[21,17,19,23,24,20,22,18,1,9,5,13,7,11,12,15,10,3,4,2,16,14,8],[1,13,5,9,7,17,21,23,19,20,24,22,18,11,12,15,10,3,4,2,16,14,8,6],[5,13,9,11,21,23,12,1,17,19,20,24,18,22,7,15,10,2,3,4,16,8,14,6],[13,17,1,9,5,21,19,23,20,24,18,22,7,11,12,15,10,3,4,2,14,8,6],[9,13,5,7,1,17,21,19,23,20,24,22,18,11,12,15,10,4,14,3,2,16,6,8],[1,9,5,7,13,17,21,19,23,20,24,22,18,11,12,15,10,3,4,2,14,16,6,8],[5,1,9,7,21,17,23,19,20,24,22,18,13,11,12,15,10,3,4,2,8,16,6],[13,17,1,9,21,23,19,24,20,22,18,5,7,11,12,15,10,3,4,2,16,14,8],[1,21,5,9,13,17,23,19,24,20,22,18,7,11,12,15,10,3,4,2,16,14,6,8],[5,13,9,11,1,21,23,24,12,17,19,20,18,22,7,15,10,3,4,2,14,6],[21,13,9,17,19,23,20,24,22,18,1,5,7,11,12,15,10,2,3,4,14,6],[17,1,13,9,5,21,23,19,24,20,18,22,7,11,12,15,10,3,4,2,16,14,8],[1,13,21,17,23,19,20,24,22,18,9,5,7,11,12,15,10,3,4,2,14,8,16,6],[9,21,5,1,13,17,23,19,20,24,18,22,7,11,12,15,10,3,4,2,14,6,8],[17,5,21,19,23,20,24,18,22,1,9,13,7,11,12,15,10,3,4,2,14,8,16,6],[1,9,5,7,13,21,17,23,19,20,24,18,22,11,12,15,10,3,4,2,16,6,14],[13,9,1,17,21,19,23,20,24,18,22,5,7,11,12,15,10,3,4,2,14,8,16],[5,21,17,19,23,20,24,22,18,13,9,1,7,11,12,15,10,2,3,4,14,6,8],[13,5,17,1,9,21,19,23,24,20,18,22,7,11,12,15,10,2,3,4,6,16,14],[1,9,5,11,21,23,12,17,19,20,24,22,18,13,7,15,10,3,4,2,16,6],[1,17,21,19,23,24,20,18,22,13,5,9,7,11,12,15,10,2,3,4,14,16,6,8],[21,9,17,19,23,20,24,18,22,5,1,13,7,11,12,15,10,3,4,2,16,8],[13,5,21,17,23,19,20,24,18,22,1,9,7,11,12,15,10,3,4,2,6,16,14],[9,13,1,17,21,19,23,20,24,18,22,5,7,11,12,15,10,4,3,2,16,14,8,6],[9,21,1,5,13,17,19,23,24,20,18,22,7,11,12,15,10,3,4,2,14,16,6],[1,5,21,13,17,19,23,24,20,22,18,9,7,11,12,15,10,3,4,2,14],[17,5,9,21,23,19,24,20,22,18,13,1,7,11,12,15,10,3,4,2,14,6,16,8],[5,1,21,9,13,17,19,23,20,24,18,22,7,11,12,15,10,3,4,2,14,6],[9,21,1,5,13,17,19,23,24,20,18,22,7,11,12,15,10,4,2,3,6,14,16],[5,21,13,17,23,19,20,24,22,18,1,9,7,11,12,15,10,3,4,2,16,14,8,6],[13,17,9,1,5,21,19,23,20,24,18,22,7,11,12,15,10,3,4,2,16,14,8,6],[9,13,21,17,19,23,24,20,18,22,1,5,7,11,12,15,10,3,4,2,14,8],[21,13,5,17,23,19,20,24,18,22,9,1,7,11,12,15,10,2,3,4,16,6,8,14],[1,17,21,23,19,20,24,18,22,13,9,5,7,11,12,15,10,3,4,2,14,6,8],[13,1,9,5,7,17,21,23,19,24,20,18,22,11,12,15,10,3,4,2,14,16,8,6],[1,21,5,9,17,23,19,24,20,18,22,13,7,11,12,15,10,2,3,4,14,16,8],[5,13,9,7,1,17,21,19,23,20,24,18,22,11,12,15,10,2,3,4,16,14,6],[21,5,1,9,13,17,19,23,20,24,22,18,7,11,12,15,10,4,3,2,14,8,6,16],[9,21,13,5,17,19,23,24,20,22,18,1,7,11,12,15,10,2,3,4,14,8,16,6],[21,5,17,23,19,20,24,22,18,13,1,9,7,11,12,15,10,4,3,2,16,14,8,6],[5,9,11,17,19,12,20,21,23,24,22,18,1,13,7,15,10,3,4,2,16,6],[17,5,1,9,13,21,23,19,20,24,22,18,7,11,12,15,10,3,4,2,8,16,6],[17,9,5,1,13,21,19,23,24,20,22,18,7,11,12,15,10,4,3,2,16,8,6],[9,5,11,13,17,19,20,12,21,23,24,22,18,1,7,15,10,3,4,2,14,8,16],[13,9,1,5,7,17,21,19,23,20,24,18,22,11,12,15,10,3,4,2,8,16],[1,13,17,5,21,23,19,24,20,18,22,9,7,11,12,15,10,3,4,2,14,8],[17,13,1,9,21,23,19,20,24,18,22,5,7,11,12,15,10,4,2,3,16,8,14],[17,13,9,5,21,19,23,20,24,22,18,1,7,11,12,15,10,3,4,2,16,8,6,14],[17,9,13,21,23,19,20,24,22,18,1,5,7,11,12,15,10,2,3,4,14],[21,13,5,1,17,19,23,20,24,18,22,9,7,11,12,15,10,2,3,4,16,8],[5,21,9,1,17,19,23,24,20,22,18,13,7,11,12,15,10,3,4,2,16,6],[1,5,13,9,11,17,19,12,20,21,23,24,18,22,7,15,10,3,4,2,6,16,14,8],[5,21,13,9,1,17,19,23,20,24,22,18,7,11,12,15,10,3,4,2,14,8,6,16],[13,5,9,11,17,19,12,20,21,23,24,22,18,1,7,15,10,3,4,2,14,8],[21,5,17,23,19,24,20,22,18,13,1,9,7,11,12,15,10,2,3,4,14,8,16],[5,1,17,13,21,23,19,20,24,18,22,9,7,11,12,15,10,3,4,2,16,14,8],[17,1,21,23,19,24,20,22,18,13,9,5,7,11,12,15,10,3,4,2,16,14,6,8],[17,5,13,1,9,21,19,23,24,20,22,18,7,11,12,15,10,4,3,2,14,6,8,16],[5,9,7,13,21,1,17,23,19,24,20,22,18,11,12,15,10,3,4,2,16,8],[1,21,9,17,23,19,24,20,22,18,5,13,7,11,12,15,10,2,3,4,16,6,14],[17,1,13,21,19,23,20,24,22,18,9,5,7,11,12,15,10,3,4,2,14,16,8,6],[17,21,19,23,20,24,22,18,13,1,9,5,7,11,12,15,10,3,4,2,8,14,16,6],[5,21,17,19,23,24,20,18,22,1,13,9,7,11,12,15,10,4,2,3,16,8,14,6],[1,5,17,21,23,19,20,24,18,22,13,9,7,11,12,15,10,3,4,2,8,16],[5,13,17,21,23,19,24,20,18,22,9,1,7,11,12,15,10,3,4,2,14,16,8],[17,9,21,23,19,20,24,22,18,13,5,1,7,11,12,15,10,3,4,2,16,14,8],[21,17,23,19,20,24,22,18,13,5,9,1,7,11,12,15,10,3,4,2,14,16],[17,5,1,21,23,19,20,24,18,22,13,9,7,11,12,15,10,3,4,2,16],[17,1,21,23,19,24,20,22,18,9,5,13,7,11,12,15,10,4,16,2,3,6,8],[1,13,21,5,9,17,19,23,24,20,18,22,7,11,12,15,10,3,4,2,16,14],[9,1,13,5,7,17,21,19,23,24,20,18,22,11,12,15,10,3,4,2,14,8,16,6],[21,5,1,13,17,19,23,20,24,18,22,9,7,11,12,15,10,3,4,2,14,16,6],[9,13,17,5,1,21,19,23,20,24,18,22,7,11,12,15,10,4,16,3,2,6],[9,17,13,5,21,23,19,24,20,18,22,1,7,11,12,15,10,2,3,4,14,6],[21,17,19,23,24,20,18,22,1,5,13,9,7,11,12,15,10,3,4,2,8,16,14],[17,1,21,23,19,24,20,22,18,13,9,5,7,11,12,15,10,3,4,2,16,14,8],[9,17,21,19,23,20,24,22,18,5,1,13,7,11,12,15,10,2,3,4,14,16,6,8],[17,21,23,19,20,24,18,22,5,13,9,1,7,11,12,15,10,3,4,2,14,6],[5,17,21,23,19,24,20,22,18,13,1,9,7,11,12,15,10,3,4,2,14,8],[21,5,1,9,17,23,19,24,20,18,22,13,7,11,12,15,10,3,4,2,16],[5,9,7,21,13,17,19,23,24,20,18,22,1,11,12,15,10,3,4,2,14,8],[1,13,9,5,11,17,19,20,12,21,23,24,22,18,7,15,10,3,4,2,6,14,8,16],[17,9,5,21,19,23,20,24,18,22,1,13,7,11,12,15,10,4,3,2,8,16,14],[1,5,21,13,17,23,19,24,20,22,18,9,7,11,12,15,10,2,3,4,8,14],[21,5,13,17,19,23,20,24,18,22,9,1,7,11,12,15,10,3,4,2,16],[17,9,21,23,19,20,24,18,22,1,13,5,7,11,12,15,10,3,4,2,16,8,14,6],[17,1,5,9,21,19,23,24,20,18,22,13,7,11,12,15,10,3,4,2,16,8,6],[17,9,21,19,23,24,20,22,18,13,5,1,7,11,12,15,10,3,4,2,16,6,8,14],[1,5,9,11,17,19,20,12,13,21,23,24,22,18,7,15,10,3,4,2,14,16,6,8],[1,9,5,11,13,17,19,12,20,21,23,24,22,18,7,15,10,3,4,2,14,8,6,16],[1,13,17,21,23,19,24,20,22,18,5,9,7,11,12,15,10,4,3,2,8,14,6,16],[13,9,21,5,17,23,19,20,24,18,22,1,7,11,12,15,10,3,4,2,14,16,6],[5,21,9,17,23,19,20,24,22,18,1,13,7,11,12,15,10,4,3,2,14,8],[5,21,1,17,19,23,20,24,18,22,9,13,7,11,12,15,10,3,4,2,16,8,14],[5,1,21,17,23,19,20,24,18,22,9,13,7,11,12,15,10,2,3,4,16],[13,9,5,11,17,19,12,20,21,23,24,22,18,1,7,15,10,3,4,2,14],[9,5,7,21,17,19,23,20,24,18,22,13,1,11,12,15,10,3,4,2,14,8,16],[5,13,21,17,19,23,20,24,18,22,1,9,7,11,12,15,10,3,4,2,16,8,6],[5,13,17,9,1,21,23,19,24,20,18,22,7,11,12,15,10,3,4,2,6,16,8,14],[13,21,17,23,19,20,24,22,18,5,1,9,7,11,12,15,10,3,4,2,16,8,14,6],[9,21,17,19,23,24,20,18,22,5,13,1,7,11,12,15,10,3,4,2,16,14,6,8],[21,13,1,17,23,19,20,24,22,18,9,5,7,11,12,15,10,2,3,4,16,8],[21,9,13,17,23,19,24,20,18,22,5,1,7,11,12,15,10,4,16,3,2,6],[21,9,5,17,19,23,20,24,22,18,1,13,7,11,12,15,10,4,3,2,8,14,16,6],[9,13,5,11,17,19,12,20,21,23,24,22,18,1,7,15,10,3,4,2,14,6,16,8],[13,1,5,9,7,21,17,19,23,20,24,18,22,11,12,15,10,4,3,2,6,14],[13,21,9,17,19,23,24,20,22,18,5,1,7,11,12,15,10,3,4,2,8,6,16,14],[17,1,13,21,19,23,24,20,18,22,9,5,7,11,12,15,10,4,2,3,14,8],[17,1,5,13,9,21,23,19,20,24,18,22,7,11,12,15,10,3,4,2,16,14,8,6],[21,5,13,17,19,23,20,24,18,22,1,9,7,11,12,15,10,3,4,2,16,8,14],[1,5,13,21,9,17,23,19,20,24,22,18,7,11,12,15,10,3,4,2,14,8,16,6],[9,17,5,21,19,23,24,20,18,22,1,13,7,11,12,15,10,3,4,2,14,6,8],[9,17,13,21,23,19,24,20,22,18,1,5,7,11,12,15,10,3,4,2,6,16,8,14],[1,21,5,9,17,19,23,24,20,22,18,13,7,11,12,15,10,3,4,2,14,8,16],[17,21,19,23,20,24,18,22,9,1,13,5,7,11,12,15,10,3,4,2,14,6,16],[1,21,17,23,19,20,24,22,18,13,9,5,7,11,12,15,10,3,4,2,16,8,6],[9,13,5,7,21,1,17,19,23,24,20,18,22,11,12,15,10,3,4,2,16,8,6,14],[13,17,5,9,1,21,19,23,20,24,22,18,7,11,12,15,10,3,4,2,16,8],[5,9,11,1,17,19,20,12,21,23,24,18,22,13,7,15,10,3,4,2,16,8,14],[5,9,7,17,21,19,23,24,20,18,22,13,1,11,12,15,10,4,3,2,16,6],[17,1,5,21,23,19,20,24,18,22,13,9,7,11,12,15,10,3,4,2,16,14,6,8],[13,17,9,5,21,19,23,24,20,22,18,1,7,11,12,15,10,3,4,2,16,6,8,14],[13,1,21,17,23,19,20,24,18,22,9,5,7,11,12,15,10,2,3,4,16,6,8,14],[17,13,21,19,23,20,24,18,22,5,1,9,7,11,12,15,10,4,3,2,16,14,6,8],[17,13,9,21,19,23,20,24,18,22,1,5,7,11,12,15,10,3,4,2,8,16,14,6],[5,17,1,9,21,23,19,24,20,22,18,13,7,11,12,15,10,3,4,2,6,16,14],[13,5,17,1,21,23,19,24,20,18,22,9,7,11,12,15,10,4,3,2,16,6],[9,5,11,13,1,17,19,20,12,21,23,24,22,18,7,15,10,3,4,2,6,16],[13,9,1,21,17,23,19,20,24,18,22,5,7,11,12,15,10,3,4,2,16,14,6,8],[5,21,17,19,23,20,24,18,22,9,13,1,7,11,12,15,10,3,4,2,16,14,8,6],[9,1,5,7,17,21,19,23,20,24,18,22,13,11,12,15,10,3,4,2,8,16,6],[13,1,9,17,21,23,19,24,20,18,22,5,7,11,12,15,10,3,4,2,8,14,6,16],[21,9,5,13,17,19,23,20,24,18,22,1,7,11,12,15,10,2,3,4,16,6],[21,1,9,13,5,17,23,19,24,20,18,22,7,11,12,15,10,3,4,2,16,6,8],[9,1,17,5,13,21,19,23,24,20,22,18,7,11,12,15,10,2,3,4,16,8,14],[1,21,5,17,23,19,20,24,22,18,13,9,7,11,12,15,10,3,4,2,16,6,8],[17,21,19,23,24,20,22,18,9,1,5,13,7,11,12,15,10,3,4,2,16,8,6],[9,21,17,23,19,20,24,22,18,5,1,13,7,11,12,15,10,3,4,2,8,16,14,6],[21,17,23,19,24,20,22,18,13,1,9,5,7,11,12,15,10,3,4,2,14,8],[9,5,7,1,13,21,17,19,23,24,20,22,18,11,12,15,10,3,4,2,16,6,8],[5,1,21,9,17,23,19,20,24,22,18,13,7,11,12,15,10,4,3,2,16,14,8,6],[1,9,21,13,17,19,23,24,20,22,18,5,7,11,12,15,10,2,3,4,16,8,6],[17,5,9,21,23,19,24,20,18,22,1,13,7,11,12,15,10,3,4,2,14,6],[21,17,23,19,20,24,22,18,9,5,13,1,7,11,12,15,10,3,4,2,14,16,6],[5,9,7,17,1,21,19,23,24,20,18,22,13,11,12,15,10,3,4,2,14,8],[17,1,13,21,23,19,20,24,18,22,9,5,7,11,12,15,10,4,3,2,16,14,8],[1,21,9,5,17,23,19,24,20,18,22,13,7,11,12,15,10,3,4,2,16,6,8],[5,9,11,21,23,24,12,13,17,19,20,22,18,1,7,15,10,3,4,2,8,16,6,14],[21,1,17,19,23,20,24,22,18,9,13,5,7,11,12,15,10,3,4,2,16,8,6,14],[5,21,17,23,19,20,24,22,18,9,1,13,7,11,12,15,10,3,4,2,14,6,16,8],[9,1,21,17,23,19,20,24,22,18,5,13,7,11,12,15,10,3,4,2,14,6],[5,9,7,1,13,21,17,19,23,20,24,22,18,11,12,15,10,3,4,2,16,6,14],[9,5,7,13,21,1,17,19,23,24,20,22,18,11,12,15,10,3,4,2,16,8,14],[5,13,21,9,1,17,19,23,20,24,18,22,7,11,12,15,10,2,3,4,16,6],[5,13,21,9,1,17,19,23,20,24,18,22,7,11,12,15,10,3,4,2,8,16,6,14],[17,1,5,13,21,23,19,20,24,22,18,9,7,11,12,15,10,3,4,2,14,6,8],[13,17,5,9,21,19,23,24,20,18,22,1,7,11,12,15,10,3,4,2,6,16,8,14],[13,17,1,9,5,21,19,23,24,20,18,22,7,11,12,15,10,3,4,2,16,14,8],[13,9,17,21,23,19,20,24,22,18,5,1,7,11,12,15,10,3,4,2,14,6,8,16],[17,13,5,1,21,23,19,24,20,18,22,9,7,11,12,15,10,3,4,2,16,8,6],[13,21,17,19,23,20,24,22,18,5,1,9,7,11,12,15,10,2,3,4,16,8,6,14],[17,1,9,5,13,21,23,19,24,20,18,22,7,11,12,15,10,2,3,4,16,8,14,6],[17,9,13,5,21,19,23,20,24,18,22,1,7,11,12,15,10,3,4,2,14,8,6],[1,17,21,19,23,24,20,18,22,9,5,13,7,11,12,15,10,4,2,3,16,6],[1,9,17,5,13,21,23,19,24,20,18,22,7,11,12,15,10,4,3,2,16,6,14,8],[17,5,9,21,23,19,20,24,22,18,1,13,7,11,12,15,10,3,4,2,14,8,6],[13,21,5,17,23,19,20,24,22,18,1,9,7,11,12,15,10,4,3,2,14,8],[9,1,13,21,5,17,23,19,20,24,22,18,7,11,12,15,10,3,4,2,16,6],[13,1,21,17,19,23,20,24,22,18,9,5,7,11,12,15,10,4,3,2,6,16],[5,1,13,9,7,17,21,23,19