{"problem_id":"AI7Wv6irhoGtIW7","sigma":75,"alpha":0.316,"cost":1,"probabilities":"[0.01, 0.09, 0.59, 0.31]","payoff_matrix":"[[-69, -8, 209, 22, 10, 67], [-56, 21, -76, -114, 3, 78], [80, 66, -80, 162, 12, -68], [19, -13, 9, 112, 84, -47]]","uncovered":[[19,23,11,7,3,8,4,15],[19,11,15,7,3,23],[19,3,7,4,8,11,23,15],[15,23,3,7,11,19],[7,19,23,11,15],[3,15,7,23,19,11],[11,15,7,19,3,23],[7,15,19,23,3,11],[19,23,11,7,3,4,8,15],[15,11,3,19,23,7],[15,23,19,11,7],[3,19,15,7,23,11],[19,11,15,23,7],[7,23,19,11,15],[15,3,7,11,23,19],[23,7,19,15,11],[23,19,11,3,15,7],[23,7,3,8,4,11,19,15],[11,19,7,15,23],[15,7,11,19,23],[3,11,7,8,4,19,23,15],[11,15,7,19,23],[3,15,11,19,7,23],[7,3,4,8,19,23,15],[3,11,23,7,8,4,19,15],[3,7,4,8,19,11,15],[11,23,3,15,7,19],[3,15,7,11,23,19],[23,3,11,7,4,8,15],[3,7,4,8,23,11,15],[15,7,11,3,19,23],[19,7,23,15,3,11],[3,7,8,4,11,23,19,15],[3,23,7,4,8,11,19,15],[7,23,15,11,3,19],[23,11,19,3,15,7],[7,23,11,3,8,4,15],[19,3,11,15,23,7],[19,23,3,7,4,8,15],[7,19,11,23,15],[11,7,15,19,23],[3,23,15,19,11,7],[11,15,7,3,23,19],[23,11,15,19,7],[19,7,15,11,3,23],[23,7,11,15,19],[3,23,19,15,11,7],[11,19,3,7,4,8,15],[7,3,4,8,23,11,19,15],[19,3,23,15,7,11],[19,11,15,3,23,7],[7,19,3,8,4,15,16],[19,23,3,15,7,11],[19,11,7,23,3,4,8,15],[7,23,19,11,15],[3,15,11,23,19,7],[23,19,15,11,3,7],[11,3,19,7,4,8,23,15],[15,7,3,11,19,23],[3,15,7,19,11,23],[3,19,7,4,8,15,16],[11,23,7,19,3,4,8,15],[23,3,19,7,4,8,15],[3,7,8,4,23,15,19],[15,19,23,7,11],[23,3,15,19,7,11],[19,7,15,11,3,23],[15,7,23,11,3,19],[3,19,23,11,7,8,4,15],[19,23,7,3,4,8,15],[3,11,19,23,15,7],[7,23,15,3,19,11],[3,23,7,4,8,19,11,15],[11,3,23,15,19,7],[11,23,15,7,3,19],[19,15,23,7,3,11],[19,11,23,3,7,8,4,15],[23,15,11,3,19,7],[11,3,23,15,19,7],[15,23,19,7,3,11],[23,15,19,3,11,7],[15,19,23,11,3,7],[23,15,7,19,3,11],[15,7,19,23,11],[11,23,3,7,4,8,15],[3,19,11,7,8,4,23,15],[23,3,7,4,8,11,19,15],[19,23,7,3,4,8,15],[15,11,7,23,3,19],[15,19,7,11,23],[7,15,23,19,3,11],[11,3,19,7,8,4,23,15],[23,15,11,19,7],[23,15,3,11,7,19],[15,23,7,3,19,11],[19,23,3,11,7,4,8,15],[15,23,3,19,7,11],[23,19,11,15,7],[23,19,3,11,15,7],[7,23,11,19,3,4,8,15],[3,11,7,4,8,15,16],[7,23,15,19,3,11],[19,11,3,23,7,4,8,15],[19,11,23,15,3,7],[7,19,15,3,23,11],[23,19,7,15,11],[15,11,7,19,23],[7,3,4,8,15,11,16],[19,23,15,7,11],[11,7,15,19,23],[15,7,19,23,11],[15,19,23,11,7],[3,19,11,23,7,4,8,15],[19,3,23,7,4,8,15],[15,23,7,19,3,11],[11,15,19,3,7,23],[11,23,15,19,7],[19,15,11,23,7],[15,23,3,7,19,11],[7,3,8,4,15,16],[23,3,11,7,4,8,19,15],[19,15,7,11,23],[3,19,11,23,7,8,4,15],[3,23,11,15,19,7],[11,7,23,19,15],[23,7,19,11,15],[7,19,23,3,8,4,11,15],[15,3,19,23,7,11],[3,7,8,4,23,15,19],[19,3,7,8,4,23,15],[15,7,11,19,23],[3,7,8,4,23,11,15],[19,3,15,7,11,23],[23,11,19,15,7],[23,3,19,7,4,8,15],[15,7,3,11,23,19],[11,15,19,3,7,23],[15,23,11,3,7,19],[3,11,7,8,4,23,15],[19,15,3,23,7,11],[3,23,19,15,7,11],[23,19,11,7,15],[7,15,19,23,3,11],[15,7,19,23,3,11],[19,23,11,7,3,8,4,15],[11,23,7,19,3,4,8,15],[15,23,11,7,19],[11,19,15,7,3,23],[7,11,3,8,4,19,23,15],[3,19,15,11,7,23],[7,23,3,8,4,15,19],[15,19,23,11,3,7],[7,15,11,19,3,23],[15,3,7,23,19,11],[7,11,15,23,19],[23,7,15,11,19],[7,15,3,11,19,23],[7,11,15,23,3,19],[23,7,11,15,3,19],[19,3,11,15,23,7],[15,23,7,19,11],[23,11,3,7,8,4,19,15],[15,3,23,7,19,11],[3,11,23,15,19,7],[3,23,7,4,8,15,16],[7,23,15,19,11],[15,3,19,11,7,23],[3,23,11,7,8,4,19,15],[11,7,3,4,8,19,23,15],[7,15,19,11,3,23],[23,19,15,7,11],[19,15,11,7,3,23],[15,23,7,19,11],[19,3,23,15,11,7],[3,23,7,8,4,15,11],[11,19,3,15,23,7],[3,7,8,4,15,16],[7,15,3,19,23,11],[3,15,19,7,11,23],[19,15,7,3,23,11],[19,3,11,7,8,4,15],[3,23,15,7,19,11],[3,15,11,23,7,19],[15,7,19,23,3,11],[19,15,23,3,11,7],[7,11,19,15,3,23],[15,3,7,19,23,11],[11,3,7,8,4,15,19],[19,7,11,23,15],[23,3,7,4,8,15,19],[23,19,11,3,7,8,4,15],[19,7,15,23,3,11],[15,11,3,7,23,19],[19,23,15,3,7,11],[23,11,7,19,15],[11,7,15,3,23,19],[3,19,15,23,11,7],[7,11,19,3,8,4,23,15],[7,23,19,11,3,8,4,15],[7,11,15,3,23,19],[11,7,19,15,23],[3,19,23,7,4,8,11,15],[7,19,15,23,3,11],[19,11,3,7,8,4,15],[23,19,15,11,3,7],[23,19,3,11,15,7],[3,19,23,11,15,7],[11,19,7,3,8,4,23,15],[23,19,15,7,11],[11,7,15,23,19],[19,11,3,15,23,7],[15,19,3,23,11,7],[7,3,4,8,15,23,16],[23,7,3,4,8,15,11],[19,11,23,15,3,7],[7,19,3,4,8,11,23,15],[15,3,11,23,19,7],[3,19,23,11,15,7],[11,3,15,7,23,19],[23,3,7,4,8,15,11],[23,7,11,3,8,4,19,15],[23,15,19,11,3,7],[15,19,3,23,11,7],[7,3,4,8,11,19,23,15],[7,15,23,19,11],[7,19,15,3,11,23],[15,23,7,11,19],[23,15,3,11,7,19],[23,19,11,3,15,7],[19,11,23,3,7,8,4,15],[11,15,19,7,3,23],[15,23,11,19,3,7],[3,7,8,4,15,16],[7,19,3,4,8,15,16],[19,3,15,7,23,11],[11,19,23,15,7],[7,19,23,15,11],[11,19,3,23,7,8,4,15],[19,15,7,23,3,11],[15,19,11,3,23,7],[19,11,23,3,7,4,8,15],[7,19,15,11,23],[3,19,15,7,11,23],[7,19,3,4,8,23,15],[19,23,11,7,15],[3,23,7,4,8,19,15],[3,23,15,11,7,19],[7,3,8,4,23,19,15],[11,3,23,19,15,7],[15,7,11,23,3,19],[23,7,19,3,8,4,15],[11,7,19,3,8,4,23,15],[3,15,7,23,11,19],[19,11,15,7,3,23],[3,15,23,7,11,19],[3,11,23,19,7,4,8,15],[11,19,7,15,3,23],[11,15,23,19,7],[19,15,23,7,11],[19,23,15,7,11],[19,7,11,23,15],[15,23,3,11,19,7],[15,23,11,7,19],[23,15,19,11,7],[23,15,3,19,11,7],[11,15,7,19,23],[23,7,15,11,3,19],[19,3,23,15,7,11],[3,15,23,7,19,11],[23,7,3,8,4,19,15],[3,23,11,7,8,4,19,15],[15,11,23,7,19],[3,11,23,15,7,19],[23,7,3,8,4,11,15],[23,3,19,7,4,8,15],[3,23,7,4,8,19,15],[15,3,19,23,11,7],[7,23,19,11,3,4,8,15],[23,3,11,19,15,7],[15,7,19,23,11],[23,11,7,15,19],[23,3,19,11,7,4,8,15],[15,7,11,23,3,19],[7,19,11,15,3,23],[11,23,3,15,19,7],[23,15,11,19,3,7],[19,3,15,11,23,7],[3,7,8,4,11,19,23,15],[11,23,3,19,15,7],[11,3,23,15,19,7],[3,7,8,4,11,19,15],[19,3,15,7,23,11],[3,7,4,8,19,23,11,15],[3,19,15,7,11,23],[7,15,19,11,3,23],[11,23,19,15,3,7],[23,3,15,7,11,19],[3,23,11,7,4,8,19,15],[23,7,3,8,4,15,19],[11,7,19,3,4,8,23,15],[15,7,3,19,11,23],[11,19,7,23,3,4,8,15],[15,11,19,3,23,7],[3,7,4,8,23,15,19],[7,11,3,8,4,23,15],[19,3,7,8,4,23,11,15],[23,15,3,11,19,7],[15,11,7,23,3,19],[23,7,3,4,8,11,15],[23,15,3,7,11,19],[3,7,8,4,15,19,16],[15,11,7,19,3,23],[11,7,3,4,8,15,16],[19,7,15,3,11,23],[11,15,19,3,7,23],[19,3,11,15,23,7],[15,3,11,19,7,23],[3,11,19,15,23,7],[23,19,11,7,3,8,4,15],[7,15,11,19,3,23],[11,23,15,7,19],[3,19,11,23,7,4,8,15],[15,19,3,23,11,7],[7,3,8,4,19,15,16],[3,7,8,4,15,19,16],[11,3,7,8,4,23,15],[11,19,7,3,8,4,15],[7,23,3,4,8,11,15],[3,19,11,7,8,4,23,15],[3,23,11,7,8,4,19,15],[3,7,4,8,23,19,11,15],[7,3,8,4,11,19,15],[15,7,23,11,19],[23,15,11,7,3,19],[3,19,11,7,8,4,23,15],[3,23,11,7,4,8,15],[11,3,7,4,8,19,23,15],[23,7,19,11,3,4,8,15],[23,15,7,19,11],[19,7,11,23,15],[11,23,19,7,3,4,8,15],[3,7,8,4,19,23,15],[7,11,15,23,3,19],[19,11,7,15,23],[23,15,7,19,3,11],[15,7,11,19,23],[23,3,19,11,7,8,4,15],[7,19,11,3,4,8,23,15],[3,23,11,19,15,7],[11,7,23,15,19],[23,15,3,7,11,19],[11,23,19,15,7],[15,19,23,7,3,11],[19,3,15,7,11,23],[11,3,15,7,23,19],[11,3,19,15,7,23],[19,23,11,15,3,7],[3,7,8,4,15,11,16],[23,11,19,3,15,7],[23,11,7,3,8,4,15],[11,23,3,7,4,8,19,15],[7,23,19,3,4,8,15],[19,15,23,7,3,11],[3,11,15,23,19,7],[3,19,11,7,4,8,15],[3,15,19,23,11,7],[15,11,7,3,23,19],[7,19,3,4,8,15,11],[23,7,3,4,8,11,19,15],[15,7,11,3,19,23],[3,23,19,7,8,4,11,15],[11,19,3,15,23,7],[19,3,23,15,11,7],[3,7,4,8,23,19,11,15],[7,3,8,4,19,23,15],[7,11,15,3,19,23],[7,19,3,8,4,11,23,15],[3,19,7,4,8,15,16],[3,15,23,7,19,11],[23,11,19,15,7],[19,11,15,23,3,7],[3,23,15,19,11,7],[23,19,11,3,7,8,4,15],[7,15,11,19,3,23],[3,19,7,4,8,23,15],[23,3,15,7,11,19],[3,23,11,19,7,8,4,15],[23,19,3,15,7,11],[3,19,15,11,23,7],[19,3,7,8,4,11,15],[3,15,7,19,23,11],[15,19,7,23,3,11],[23,11,15,3,7,19],[19,3,23,7,4,8,11,15],[11,23,3,7,8,4,15],[19,7,11,3,4,8,15],[11,19,23,7,15],[19,11,7,15,23],[3,19,11,15,23,7],[3,19,11,15,7,23],[3,19,7,4,8,23,11,15],[11,15,3,7,23,19],[11,19,3,7,4,8,23,15],[3,19,11,15,7,23],[19,15,11,23,7],[23,15,3,19,7,11],[23,11,19,7,3,4,8,15],[15,11,3,23,19,7],[11,23,7,19,15],[19,3,15,23,7,11],[11,3,15,23,19,7],[23,15,19,11,3,7],[19,23,15,7,11],[19,7,11,15,23],[11,19,15,7,3,23],[3,19,7,8,4,15,23],[19,7,15,11,23],[7,19,15,11,3,23],[3,15,23,11,7,19],[19,15,23,3,11,7],[11,3,19,23,7,4,8,15],[3,23,15,11,7,19],[19,3,7,8,4,23,11,15],[15,7,19,11,23],[15,3,19,23,7,11],[11,3,23,15,19,7],[15,7,23,3,11,19],[23,19,15,3,11,7],[11,7,3,4,8,15,16],[7,3,4,8,11,19,15],[23,15,11,7,19],[11,7,19,23,15],[11,23,3,19,7,4,8,15],[7,11,19,23,3,4,8,15],[7,15,11,19,3,23],[7,19,23,15,11],[3,7,4,8,11,23,15],[3,15,19,7,23,11],[15,3,11,7,23,19],[23,3,11,19,7,4,8,15],[15,23,7,3,11,19],[23,7,11,3,8,4,15],[7,3,8,4,23,15,19],[3,11,19,15,7,23],[19,15,23,7,3,11],[7,11,23,19,3,8,4,15],[15,7,11,23,3,19],[7,11,23,15,19],[15,19,11,7,3,23],[23,7,15,11,19],[7,15,11,19,23],[3,11,19,7,4,8,23,15],[19,7,3,4,8,11,23,15],[19,15,3,11,23,7],[7,15,11,23,19],[23,19,3,7,8,4,15],[23,19,3,7,8,4,11,15],[15,7,23,19,11],[3,7,8,4,19,11,15],[11,23,7,3,4,8,15],[23,11,3,19,7,4,8,15],[19,15,3,11,23,7],[7,15,23,19,11],[23,11,15,7,3,19],[23,3,15,7,11,19],[15,7,11,23,19],[3,11,15,19,23,7],[23,3,7,8,4,11,15],[23,11,15,7,19],[7,19,15,3,23,11],[23,19,11,3,15,7],[23,7,19,15,3,11],[19,11,23,3,7,8,4,15],[11,3,7,4,8,15,16],[11,7,15,23,19],[23,15,3,7,11,19],[11,23,7,19,3,4,8,15],[11,7,19,15,23],[3,15,23,7,19,11],[11,7,15,19,23],[11,3,15,23,7,19],[15,7,19,23,11],[11,15,7,19,3,23],[11,7,3,8,4,19,23,15],[19,11,23,15,7],[15,11,23,7,3,19],[19,7,11,3,8,4,23,15],[15,23,19,3,11,7],[11,7,15,3,23,19],[3,11,7,8,4,19,23,15],[11,3,23,15,7,19],[7,19,23,3,4,8,15],[15,7,11,23,3,19],[11,3,23,15,19,7],[11,19,23,7,15],[23,11,19,7,15],[7,19,15,3,23,11],[7,3,4,8,23,15,16],[23,11,15,7,3,19],[7,11,15,19,3,23],[19,7,23,15,11],[11,19,15,7,3,23],[19,11,3,7,8,4,15],[3,19,7,8,4,15,11],[3,7,8,4,19,15,16],[23,19,7,3,4,8,15],[19,3,7,4,8,23,15],[3,11,23,7,4,8,15],[3,15,11,23,19,7],[23,19,15,11,3,7],[15,23,19,7,3,11],[19,3,11,7,8,4,15],[3,7,4,8,23,15,16],[15,7,3,19,11,23],[19,23,3,15,11,7],[11,3,15,7,23,19],[3,15,11,23,19,7],[3,19,15,7,23,11],[7,23,11,15,3,19],[19,23,3,11,15,7],[11,23,3,15,19,7],[19,3,23,11,15,7],[23,19,11,3,15,7],[19,11,7,23,15],[7,15,23,11,19],[23,15,19,11,3,7],[19,7,23,15,3,11],[3,23,11,19,15,7],[23,7,19,3,8,4,11,15],[23,15,7,19,3,11],[19,3,7,8,4,23,15],[11,3,23,7,8,4,19,15],[19,3,23,15,7,11],[15,19,23,11,7],[11,7,23,15,3,19],[7,15,19,23,3,11],[11,19,15,7,3,23],[11,3,7,8,4,19,15],[23,19,7,3,8,4,11,15],[7,15,11,23,3,19],[23,19,15,11,3,7],[11,3,19,15,7,23],[19,15,11,23,7],[11,23,7,3,4,8,15],[7,3,4,8,11,15,16],[11,7,19,15,3,23],[19,7,11,23,3,8,4,15],[3,7,8,4,15,11,16],[23,11,7,3,8,4,19,15],[11,23,15,7,19],[23,15,3,11,7,19],[23,7,3,4,8,15,19],[7,19,23,3,8,4,11,15],[19,23,15,7,3,11],[19,7,15,23,11],[15,23,3,19,7,11],[7,23,3,4,8,15,16],[3,7,8,4,15,16],[15,7,3,19,23,11],[11,23,3,19,7,8,4,15],[3,23,15,7,11,19],[15,23,19,11,3,7],[7,19,3,8,4,11,15],[3,7,8,4,19,15,11],[19,7,11,15,23],[11,15,19,23,7],[19,11,15,7,23],[7,23,11,15,3,19],[3,11,15,7,19,23],[19,7,15,3,11,23],[11,7,23,19,3,8,4,15],[7,15,19,11,23],[23,3,11,19,7,8,4,15],[15,11,7,3,23,19],[19,11,23,7,15],[3,7,8,4,23,11,15],[11,23,15,3,19,7],[23,15,19,7,3,11],[7,23,19,3,8,4,11,15],[11,15,19,3,7,23],[7,19,23,11,15],[15,11,7,3,19,23],[15,3,23,7,11,19],[3,15,19,7,11,23],[19,7,11,15,3,23],[19,23,3,7,4,8,11,15],[3,19,11,15,7,23],[23,15,3,19,11,7],[15,3,7,19,23,11],[23,3,11,19,7,4,8,15],[7,19,11,15,23],[7,3,4,8,19,23,15],[7,23,11,3,8,4,19,15],[11,15,7,23,19],[7,3,4,8,11,23,15],[23,7,11,3,4,8,15],[11,15,3,23,7,19],[3,7,8,4,23,19,11,15],[15,19,7,3,11,23],[19,15,23,11,7],[3,15,23,11,7,19],[19,7,23,15,3,11],[7,19,11,15,23],[15,23,7,11,3,19],[7,15,19,3,23,11],[19,11,23,3,15,7],[19,3,23,15,7,11],[11,19,23,15,7],[7,3,4,8,11,19,15],[3,15,19,7,11,23],[11,19,23,15,7],[19,3,23,15,11,7],[23,3,7,4,8,15,19],[11,23,7,19,15],[19,7,3,8,4,15,23],[11,23,3,19,7,4,8,15],[7,3,4,8,23,15,11],[15,3,19,7,23,11],[7,3,4,8,15,23,16],[23,7,19,11,3,4,8,15],[19,11,7,15,23],[7,11,3,4,8,19,23,15],[23,7,3,8,4,15,16],[3,15,11,7,23,19],[7,15,3,19,23,11],[11,3,19,23,7,8,4,15],[19,7,23,15,3,11],[19,7,15,11,23],[23,3,15,19,7,11],[19,15,3,11,23,7],[11,23,7,3,4,8,15],[23,19,7,15,3,11],[11,3,15,7,23,19],[11,19,15,3,7,23],[11,15,3,19,7,23],[23,15,3,19,7,11],[11,3,19,7,4,8,23,15],[7,11,23,15,19],[7,23,11,19,3,4,8,15],[11,19,7,3,8,4,23,15],[23,15,3,7,11,19],[3,11,23,7,8,4,19,15],[7,23,11,15,19],[3,15,7,11,23,19],[15,7,23,19,11],[19,23,15,3,11,7],[19,7,15,23,11],[11,19,3,7,8,4,15],[23,15,11,7,19],[3,7,8,4,11,23,15],[3,23,15,7,11,19],[15,11,3,7,19,23],[19,7,23,3,8,4,11,15],[7,23,11,19,15],[15,19,3,7,23,11],[11,15,23,3,7,19],[7,19,23,3,4,8,11,15],[3,23,7,4,8,19,15],[19,23,7,15,11],[11,15,3,19,7,23],[15,7,11,3,23,19],[3,15,23,19,11,7],[11,15,7,23,19],[11,15,19,7,23],[7,15,3,23,11,19],[7,23,3,8,4,11,19,15],[7,3,4,8,15,16],[23,3,19,7,8,4,11,15],[3,15,19,23,7,11],[19,7,23,3,8,4,15],[19,3,11,7,4,8,15],[11,3,23,19,7,8,4,15],[23,15,11,19,3,7],[23,15,19,3,11,7],[15,11,3,7,23,19],[3,23,19,15,11,7],[23,11,15,19,3,7],[11,7,23,19,15],[15,3,7,11,23,19],[15,11,7,23,3,19],[23,7,15,19,11],[11,7,19,15,3,23],[19,11,23,3,7,8,4,15],[7,15,23,19,11],[19,23,7,11,3,4,8,15],[15,23,11,19,7],[7,3,4,8,11,23,19,15],[19,23,7,3,4,8,15],[11,19,15,3,7,23],[19,7,3,4,8,15,16],[19,15,3,11,7,23],[15,11,7,3,23,19],[23,19,15,3,11,7],[23,19,3,7,8,4,15],[23,19,7,11,3,8,4,15],[7,19,11,15,3,23],[7,23,11,19,3,4,8,15],[19,3,7,4,8,11,15],[11,19,7,3,8,4,23,15],[15,3,19,11,7,23],[15,3,19,7,11,23],[11,7,15,19,3,23],[15,7,11,19,23],[11,3,19,7,8,4,23,15],[23,19,15,11,3,16],[7,19,23,15,3,11],[19,7,11,15,23],[15,11,3,23,7,19],[3,15,23,19,11,7],[7,19,11,3,8,4,15],[19,11,15,23,7],[15,7,23,3,19,11],[19,15,7,23,3,11],[7,23,15,11,19],[23,19,3,15,11,7],[3,7,4,8,11,19,15],[23,3,7,4,8,15,16],[7,19,15,23,11],[11,7,15,19,3,23],[3,19,15,7,23,11],[23,7,19,3,4,8,15],[3,19,23,7,4,8,15],[19,15,11,7,23],[3,19,11,23,7,8,4,15],[7,15,11,3,19,23],[23,11,3,7,4,8,19,15],[7,3,4,8,19,11,15],[19,15,3,7,11,23],[11,23,19,7,15],[7,3,4,8,15,11,16],[19,3,11,15,7,23],[3,7,8,4,11,15,16],[15,23,7,3,19,11],[11,15,23,19,3,7],[19,7,23,11,3,4,8,15],[15,11,23,7,3,19],[19,3,11,15,23,7],[23,19,3,7,4,8,11,15],[3,7,8,4,23,11,19,15],[3,23,19,7,8,4,11,15],[11,19,15,23,3,7],[11,7,3,4,8,19,23,15],[3,23,19,7,8,4,11,15],[11,23,19,7,3,8,4,15],[11,19,7,23,3,8,4,15],[19,7,23,15,11],[15,23,11,3,19,7],[11,23,15,7,19],[15,3,19,23,11,7],[11,19,23,15,7],[15,7,19,11,3,23],[15,19,7,3,23,11],[11,19,7,23,15],[23,15,19,7,11],[19,23,11,7,15],[19,23,3,11,7,8,4,15],[19,11,3,7,4,8,15],[3,23,7,4,8,19,11,15],[23,15,19,7,3,11],[19,7,11,15,23],[19,23,3,15,7,11],[3,15,19,23,11,7],[7,19,3,8,4,15,11],[19,11,23,7,3,4,8,15],[11,3,15,7,23,19],[7,23,19,11,3,8,4,15],[11,19,15,3,23,7],[3,11,7,4,8,19,15],[19,23,3,15,11,7],[7,3,8,4,19,23,15],[23,3,19,7,4,8,11,15],[3,11,7,4,8,19,23,15],[11,15,3,23,19,7],[19,11,3,7,8,4,23,15],[23,11,3,7,8,4,19,15],[11,3,15,23,19,7],[23,7,3,4,8,15,16],[15,23,19,3,11,7],[7,15,23,11,19],[3,15,11,7,23,19],[11,23,3,19,15,7],[15,19,11,23,3,7],[11,23,7,3,4,8,15],[19,11,23,3,15,7],[19,11,7,3,8,4,23,15],[7,19,23,3,4,8,15],[19,7,3,8,4,23,11,15],[3,7,8,4,15,16],[7,3,8,4,15,19,11],[23,19,11,3,15,7],[23,3,11,19,7,8,4,15],[15,3,7,23,11,19],[15,19,23,7,11],[3,7,4,8,19,11,15],[3,15,19,11,7,23],[19,7,11,3,8,4,15],[3,15,11,23,7,19],[7,11,15,19,3,23],[19,3,15,23,7,11],[7,3,4,8,23,19,15],[7,15,11,3,19,23],[11,7,23,15,19],[23,15,3,7,19,11],[15,23,3,19,7,11],[7,15,23,3,19,11],[7,3,8,4,11,23,15],[15,23,7,19,3,11],[3,11,7,8,4,15,23],[23,11,3,15,7,19],[7,15,19,3,23,11],[11,19,23,15,7],[23,11,3,15,19,7],[7,23,3,8,4,19,15],[3,15,19,7,23,11],[23,15,11,19,7],[11,3,19,15,23,7],[7,3,4,8,19,23,11,15],[11,15,3,19,7,23],[3,15,19,23,11,7],[7,11,23,3,4,8,19,15],[19,3,11,15,7,23],[7,15,23,11,19],[7,11,19,3,8,4,15],[23,3,15,7,11,19],[23,19,11,7,15],[23,15,7,11,19],[19,23,3,11,15,7],[3,23,19,11,7,4,8,15],[11,19,7,23,3,8,4,15],[3,19,11,23,15,7],[23,7,3,8,4,15,16],[15,3,7,19,23,11],[3,15,11,19,7,23],[3,19,11,15,23,7],[23,19,15,3,11,7],[23,15,19,7,11],[3,11,7,8,4,19,23,15],[11,23,7,3,4,8,19,15],[23,11,15,3,19,7],[3,23,15,11,7,19],[3,11,15,7,19,23],[3,7,8,4,19,15,16],[19,15,23,3,11,7],[11,23,3,19,15,7],[19,11,3,23,15,7],[7,23,15,3,11,19],[19,23,15,11,3,7],[19,7,11,23,3,4,8,15],[11,19,23,3,7,4,8,15],[23,19,3,15,11,7],[19,23,15,11,3,7],[11,23,19,7,15],[7,11,15,19,23],[15,11,7,3,23,19],[11,19,15,23,3,7],[19,7,3,4,8,23,15],[7,3,4,8,15,16],[7,3,4,8,19,23,15],[3,23,15,11,7,19],[7,19,15,23,3,11],[7,23,11,15,3,19],[11,23,3,19,7,8,4,15],[19,7,15,3,11,23],[11,19,15,3,23,7],[19,15,11,3,23,7],[19,7,15,11,23],[7,3,8,4,23,15,16],[15,11,3,7,23,19],[15,11,23,3,7,19],[11,3,23,7,4,8,19,15],[15,23,3,19,11,7],[7,15,19,11,23],[19,15,3,11,7,23],[11,3,19,15,23,7],[19,11,3,23,15,7],[3,11,23,19,7,4,8,15],[11,23,19,15,7],[7,11,23,19,3,4,8,15],[15,7,11,23,3,19],[7,15,23,19,11],[11,7,3,4,8,23,19,15],[7,23,15,19,11],[7,11,23,15,19],[15,11,23,3,19,7],[19,23,7,15,11],[15,3,11,19,7,23],[3,23,11,15,19,7],[3,19,15,11,7,23],[23,11,3,15,19,7],[7,11,3,8,4,15,16],[23,7,15,19,3,11],[19,11,15,23,3,7],[7,15,23,11,19],[7,3,8,4,15,16],[15,7,11,23,3,19],[11,23,19,3,15,7],[19,11,3,23,7,4,8,15],[11,7,23,3,4,8,19,15],[3,15,19,11,7,23],[23,15,11,19,3,7],[3,11,15,23,19,7],[11,19,7,23,15],[11,3,23,7,4,8,15],[3,23,11,7,4,8,19,15],[15,23,3,19,7,11],[19,7,11,15,3,23],[3,15,19,11,7,23],[11,7,3,8,4,19,15],[7,15,23,11,19],[15,3,11,23,7,19],[11,7,3,8,4,19,23,15],[19,23,3,11,7,8,4,15],[15,3,7,23,19,11],[15,23,11,19,7],[3,19,7,8,4,15,16],[3,15,7,19,23,11],[23,15,11,3,7,19],[23,11,3,7,4,8,19,15],[3,15,19,23,11,7],[15,3,23,7,19,11],[7,23,19,15,11],[3,23,11,7,4,8,19,15],[23,19,3,7,4,8,11,15],[7,19,23,11,15],[19,23,15,7,11],[11,3,23,19,7,4,8,15],[11,23,19,3,7,8,4,15],[7,23,11,3,4,8,15],[15,11,19,7,3,23],[3,7,8,4,19,11,15],[11,3,23,7,4,8,15],[3,15,23,7,19,11],[23,7,19,15,11],[11,15,3,23,7,19],[11,19,23,3,15,7],[7,11,19,3,8,4,23,15],[19,11,23,3,7,4,8,15],[3,15,11,19,23,7],[7,15,19,11,3,23],[15,7,19,23,3,11],[23,15,19,11],[19,15,11,7,3,23],[3,19,7,4,8,15,16],[11,7,23,3,8,4,15],[3,19,7,8,4,15,16],[3,23,7,4,8,19,15],[19,7,23,11,15],[7,23,19,11,3,4,8,15],[11,7,23,3,4,8,15],[15,19,3,7,23,11],[7,15,19,3,23,11],[3,11,19,7,4,8,15],[23,3,7,8,4,11,15],[7,3,4,8,23,15,16],[23,19,11,7,3,8,4,15],[23,7,15,3,19,11],[3,11,7,8,4,23,19,15],[11,19,3,7,4,8,15],[11,23,19,7,15],[15,7,23,3,11,19],[11,3,15,19,23,7],[23,15,3,7,19,11],[15,11,7,23,19],[3,11,19,15,23,7],[19,7,3,8,4,11,23,15],[7,15,3,11,23,19],[19,3,23,15,7,11],[11,23,15,3,7,19],[23,15,11,7,19],[7,15,3,11,19,23],[3,7,8,4,23,15,11],[23,3,15,11,7,19],[23,7,3,4,8,11,15],[15,19,7,23,3,11],[23,3,19,15,7,11],[11,23,19,15,7],[11,15,19,7,3,23],[15,11,7,19,23],[15,3,7,19,23,4],[3,19,23,15,11,7],[15,23,7,11,3,19],[23,7,15,3,19,11],[23,3,15,19,11,7],[3,19,23,11,7,8,4,15],[15,3,23,19,7,11],[11,15,23,19,3,7],[15,19,11,23,7],[19,23,7,15,3,11],[7,3,8,4,11,19,23,15],[7,15,11,3,23,19],[23,3,11,7,4,8,19,15],[11,19,7,15,23],[7,15,19,11,23],[23,7,11,3,8,4,15],[7,23,19,15,11],[3,7,8,4,23,11,15],[15,23,19,11,7],[23,15,19,7,11],[23,15,11,7,19],[19,7,23,15,11]],"n_human":7}