{"problem_id":"aIfvrznIQLqTBd0","sigma":150,"alpha":3.162,"cost":0,"probabilities":"[0.31, 0.33, 0.09, 0.27]","payoff_matrix":"[[164, 90, 11, -239, -11, -43], [-7, -264, 89, 156, 11, 4], [-24, -28, 29, -86, 20, 178], [-227, 145, 50, 113, 148, 202]]","uncovered":[[22,2,6,10,18,14,9,13,17,21,1,4,20,12,19,11,24,23,16,8,5],[6,10,2,18,22,14,9,13,17,21,1,4,20,12,19,11,24,23,16,5],[14,10,13,22,6,2,18,17,9,21,1,12,4,20,11,19,24,23,16,8,5],[22,14,6,10,9,13,18,2,17,21,1,4,20,12,11,19,24,23,16,8,5,7,15],[14,10,13,2,22,18,6,9,17,21,1,12,4,20,19,11,24,23,16,7,5,8],[14,10,13,18,2,22,6,9,17,21,1,4,20,12,19,11,24,23,16,7,8,5,15],[10,2,22,6,18,14,9,13,17,21,1,12,4,20,11,19,24,23,16,8,5,15],[18,6,14,2,10,13,22,17,21,9,1,4,12,20,11,19,24,23,16,5,8,7,15,3],[6,10,14,9,13,2,22,18,17,21,1,4,20,12,11,19,24,23,16,7,5,8,3,15],[10,6,22,18,2,14,13,17,21,9,1,12,4,20,11,19,24,23,16,7,5,15,8],[14,22,18,2,10,13,6,9,17,21,1,4,12,20,19,11,24,23,16,8,5,3,7],[10,22,2,6,18,14,9,13,17,21,1,4,20,12,19,11,24,23,16,5,7,8,3,15],[14,10,9,13,22,2,6,18,17,21,1,4,20,12,11,19,24,23,16,8,5,3,15,7],[10,14,13,6,18,2,22,17,21,9,1,12,4,20,11,19,24,23,16,7,5,8],[6,2,22,18,14,10,13,9,17,21,1,4,20,12,11,19,24,23,16,7,5,3,15,8],[6,18,2,14,22,10,13,9,17,21,1,12,4,20,19,11,24,23,16,7,8,5],[2,22,14,6,10,13,18,9,17,21,1,4,12,20,19,11,24,23,16,7,8,5,3,15],[10,6,14,9,13,22,18,2,17,21,1,4,12,20,19,11,24,23,16,7,5],[18,10,14,13,22,6,2,9,17,21,1,4,12,20,19,11,24,23,16,8,5],[18,22,10,14,9,13,6,2,17,21,1,4,20,12,11,19,24,23,16,7,5,8,15],[6,18,14,2,22,10,13,17,9,21,1,4,12,20,19,11,24,23,16,8,5],[14,6,18,22,2,10,9,13,17,21,1,4,12,20,11,19,24,23,16,8,5,15,3],[10,6,14,13,2,18,22,17,9,21,1,12,4,20,19,11,24,23,16,5,7],[14,2,6,10,9,13,22,18,17,21,1,4,12,20,11,19,24,23,16,8,5,7,3],[10,22,14,13,2,6,18,17,9,21,1,4,20,12,11,19,24,23,16,8,5,15,7],[18,22,14,10,9,13,6,2,17,21,1,12,4,20,11,19,24,23,16,7,8,5,3,15],[6,14,2,22,18,10,13,9,17,21,1,12,4,20,19,11,24,23,16,7,8,5,15],[10,2,6,22,14,13,18,9,17,21,1,4,20,12,19,11,24,23,16,7,5],[6,18,14,22,10,9,13,2,17,21,1,4,20,12,11,19,24,23,16,7,8,5,3,15],[6,14,18,2,22,10,13,9,17,21,1,12,4,20,19,11,24,23,16,8,5,15,3,7],[10,6,14,9,13,2,18,22,17,21,1,4,12,20,19,11,24,23,16,5,8],[22,2,10,14,13,18,6,9,17,21,1,12,4,20,19,11,24,23,16,8,5,3,15],[10,18,2,6,14,9,13,22,17,21,1,12,4,20,11,19,24,23,16,5,7,15,8],[14,10,9,13,6,2,22,18,17,21,1,4,12,20,19,11,24,23,16,5,8],[22,10,6,18,14,13,2,9,17,21,1,4,12,20,19,11,24,23,16,7,5,15,8,3],[6,14,21,10,9,13,18,2,17,1,4,22,20,12,19,11,24,23,16,7,5],[10,2,6,22,18,14,13,17,21,9,1,12,4,20,11,19,24,23,16,7,5,8,3],[14,6,2,22,18,10,13,9,17,21,1,4,12,20,11,19,24,23,16,5,7,3,8,15],[2,22,10,18,14,9,13,6,17,21,1,4,12,20,19,11,24,23,16,5,8,7,3,15],[2,10,22,18,6,14,13,9,17,21,1,4,12,20,11,19,24,23,16,8,5],[2,14,18,10,13,6,22,9,17,21,1,4,12,20,11,19,24,23,16,5,8],[22,6,18,2,10,14,9,13,17,21,1,12,4,20,11,19,24,23,16,8,5],[18,10,14,13,2,6,22,17,9,21,1,12,4,20,19,11,24,23,16,7,5,15,8],[18,14,2,6,22,10,9,13,17,21,1,12,4,20,19,11,24,23,16,8,5,3,15],[22,10,6,18,14,9,13,2,17,21,1,4,20,12,19,11,24,23,16,5,8,15,7],[18,14,10,9,13,6,22,2,17,21,1,12,4,20,19,11,24,23,16,5,8,7,3,15],[2,14,6,10,9,13,22,18,17,21,1,12,4,20,19,11,24,23,16,5,7,3,8],[14,18,6,10,13,2,22,17,9,21,1,12,4,20,11,19,24,23,16,5,15,8,7,3],[10,6,2,14,13,18,22,17,21,9,1,12,4,20,11,19,24,23,16,8,5],[14,18,10,13,6,22,2,9,17,21,1,4,20,12,19,11,24,23,16,7,8,5,3,15],[22,10,2,14,9,13,18,6,17,21,1,12,4,20,11,19,24,23,16,7,5,15,8],[14,10,9,13,22,6,2,18,17,21,1,12,4,20,11,19,24,23,16,7,8,5,15,3],[10,22,2,18,6,14,13,17,21,9,1,4,20,12,11,19,24,23,16,5,15,3,8,7],[22,6,10,18,2,14,9,13,17,21,1,12,4,20,19,11,24,23,16,5,8,15,7],[14,6,2,22,10,13,18,17,21,9,1,4,20,12,19,11,24,23,16,5,15,7,8,3],[22,18,6,2,10,14,13,9,17,21,1,4,20,12,19,11,24,23,16,8,5,3],[18,14,6,2,10,13,22,9,17,21,1,12,4,20,19,11,24,23,16,8,5],[18,14,2,22,6,10,9,13,17,21,1,12,4,20,11,19,24,23,16,5,7],[22,14,18,10,9,13,2,6,17,21,1,12,4,20,11,19,24,23,16,5,8,7,3,15],[14,2,6,22,10,9,13,18,17,21,1,12,4,20,19,11,24,23,16,7,5,8],[2,10,18,14,9,13,22,6,17,21,1,4,12,20,11,19,24,23,16,8,5,15,7,3],[6,10,22,2,14,9,13,18,17,21,1,12,4,20,19,11,24,23,16,8,5,3,15,7],[22,6,10,18,2,14,9,13,17,21,1,12,4,20,11,19,24,23,16,8,5,15],[22,6,2,10,18,14,13,9,17,21,1,12,4,20,19,11,24,23,16,5,15,8],[22,10,14,9,13,18,6,2,17,21,1,4,20,12,11,19,24,23,16,5,7,8],[6,18,22,2,10,14,9,13,17,21,1,12,4,20,19,11,24,23,16,5,7,8],[14,10,13,22,18,2,6,17,21,9,1,12,4,20,19,11,24,23,16,5,8,7],[10,6,2,22,18,14,9,13,17,21,1,12,4,20,11,19,24,23,16,8,5],[2,6,14,22,10,13,18,9,17,21,1,4,20,12,19,11,24,23,16,8,5,15,3,7],[18,2,6,22,14,10,9,13,17,21,1,12,4,20,19,11,24,23,16,7,8,5,3,15],[6,22,14,2,18,10,13,17,21,9,1,12,4,20,19,11,24,23,16,5,8,3,7,15],[10,6,18,22,2,14,13,17,9,21,1,12,4,20,11,19,24,23,16,7,8,5,3,15],[18,22,2,6,10,14,9,13,17,21,1,4,12,20,19,11,24,23,16,5,8,7,15],[6,2,14,10,9,13,18,22,17,21,1,12,4,20,19,11,24,23,16,8,5,7,3],[2,22,18,6,14,10,13,9,17,21,1,12,4,20,11,19,24,23,16,8,5,7],[2,22,18,14,10,13,6,9,17,21,1,12,4,20,19,11,24,23,16,5,8,15,3],[14,6,2,18,10,9,13,22,17,21,1,4,12,20,19,11,24,23,16,5,7,8,3],[22,2,6,18,10,14,13,9,17,21,1,4,20,12,11,19,24,23,16,8,7,5,3,15],[2,22,18,6,14,10,9,13,17,21,1,12,4,20,19,11,24,23,16,7,5,8],[6,2,14,10,9,13,22,18,17,21,1,12,4,20,11,19,24,23,16,8,5,15,7],[22,14,18,10,9,13,6,2,17,21,1,12,4,20,19,11,24,23,16,7,5,3,8,15],[10,2,14,9,13,6,18,22,17,21,1,12,4,20,19,11,24,23,16,8,5],[14,18,22,6,10,9,13,2,17,21,1,4,12,20,11,19,24,23,16,7,5,15,8],[22,18,2,14,6,10,13,17,9,21,1,12,4,20,11,19,24,23,16,7,5,3,8,15],[6,18,14,22,10,9,13,2,17,21,1,4,20,12,11,19,24,23,16,7,5,8,15],[18,10,14,13,2,22,6,17,9,21,1,12,4,20,11,19,24,23,16,8,5,3,15],[10,2,18,22,14,9,13,6,17,21,1,4,20,12,19,11,24,23,16,7,5,8],[22,10,6,2,18,14,9,13,17,21,1,4,20,12,19,11,24,23,16,5,7,8],[22,6,10,18,14,13,2,17,21,9,1,12,4,20,19,11,24,23,16,7,8,5,3,15],[10,6,18,14,9,13,22,2,17,21,1,12,4,20,19,11,24,23,16,7,5,3,8,15],[18,10,14,9,13,2,22,6,17,21,1,12,4,20,19,11,24,23,16,8,5,3,15],[22,14,18,2,10,9,13,6,17,21,1,4,20,12,19,11,24,23,16,5,8,15],[10,2,6,14,13,18,22,9,17,21,1,12,4,20,11,19,24,23,16,5,7,3,8,15],[14,6,22,10,13,18,2,17,9,21,1,4,20,12,19,11,24,23,16,7,5,15,8,3],[10,18,2,14,9,13,22,6,17,21,1,12,4,20,19,11,24,23,16,8,5,7],[18,14,10,9,13,6,22,2,17,21,1,12,4,20,11,19,24,23,16,5,8,3,15],[22,10,6,18,2,14,9,13,17,21,1,4,20,12,11,19,24,23,16,8,5,3],[14,2,10,9,13,18,6,22,17,21,1,4,20,12,19,11,24,23,16,5,15,8,7,3],[2,6,22,14,18,10,9,13,17,21,1,12,4,20,19,11,24,23,16,8,5,7,3,15],[22,6,14,2,18,10,13,17,9,21,1,4,20,12,11,19,24,23,16,5,7,15,8],[22,10,2,18,14,13,6,17,9,21,1,4,20,12,19,11,24,23,16,8,5,15],[10,2,22,18,6,14,9,13,17,21,1,12,4,20,11,19,24,23,16,7,8,5,15,3],[10,2,14,13,6,22,18,17,21,9,1,12,4,20,19,11,24,23,16,8,5,7,3],[10,2,14,13,6,18,22,9,17,21,1,12,4,20,11,19,24,23,16,7,8,5,3,15],[6,22,18,10,2,14,9,13,17,21,1,4,20,12,19,11,24,23,16,5,7,15,3,8],[18,2,6,10,14,13,22,9,17,21,1,12,4,20,19,11,24,23,16,7,5,3,15,8],[18,10,22,2,14,13,6,9,17,21,1,12,4,20,19,11,24,23,16,8,5,7,15,3],[10,22,6,14,9,13,2,18,17,21,1,12,4,20,11,19,24,23,16,8,7,5,15],[14,6,22,2,18,10,13,17,21,9,1,12,4,20,11,19,24,23,16,5,8,3,15,7],[2,6,22,18,14,10,9,13,17,21,1,4,20,12,19,11,24,23,16,7,8,5,15],[6,2,22,18,14,10,9,13,17,21,1,12,4,20,19,11,24,23,16,8,5,15,3,7],[2,14,10,9,13,18,6,22,17,21,1,12,4,20,19,11,24,23,16,8,7,5,15,3],[14,6,10,13,18,2,22,9,17,21,1,4,12,20,11,19,24,23,16,7,5,8,3,15],[14,18,22,10,9,13,2,6,17,21,1,12,4,20,11,19,24,23,16,8,5,15,3,7],[14,10,9,13,6,22,2,18,17,21,1,12,4,20,19,11,24,23,16,7,8,5],[2,18,22,6,10,14,9,13,17,21,1,4,20,12,19,11,24,23,16,8,5],[14,22,10,13,2,6,18,17,9,21,1,12,4,20,19,11,24,23,16,7,8,5,3,15],[18,6,2,10,22,14,13,9,17,21,1,4,20,12,11,19,24,23,15,8,16,5,7,3],[2,6,22,14,10,9,13,18,17,21,1,12,4,20,19,11,24,23,16,8,5,7,3,15],[2,10,6,22,14,9,13,18,17,21,1,4,20,12,11,19,24,23,16,5,8],[10,14,13,22,18,6,2,9,17,21,1,4,12,20,11,19,24,23,16,5,8,15],[2,6,22,10,14,13,18,9,17,21,1,4,20,12,19,11,24,23,16,5,8,7,15,3],[10,18,22,2,14,13,6,9,17,21,1,4,12,20,11,19,24,23,16,5,3,8],[14,2,10,9,13,6,22,18,17,21,1,12,4,20,11,19,24,23,16,5,8],[6,18,22,10,14,9,13,2,17,21,1,4,12,20,19,11,24,23,16,5,8,15,7],[14,2,6,10,9,13,22,18,17,21,1,4,12,20,11,19,24,23,16,5,7,8],[18,6,10,14,13,22,2,9,17,21,1,4,20,12,11,19,24,23,16,8,5,15],[10,18,22,6,14,13,2,9,17,21,1,12,4,20,19,11,24,23,16,7,5,8,3],[6,14,18,10,13,2,22,17,9,21,1,12,4,20,19,11,24,23,16,5,7,8,3],[22,6,18,14,10,9,13,2,17,21,1,12,4,20,19,11,24,23,15,7,16,5,8,3],[14,22,2,6,10,13,18,9,17,21,1,12,4,20,19,11,24,23,16,8,5],[22,18,2,14,10,9,13,6,17,21,1,12,4,20,19,11,24,23,16,7,5,8,3],[14,22,18,6,10,13,2,17,9,21,1,12,4,20,19,11,24,23,16,8,7,5],[14,6,10,13,18,22,2,9,17,21,1,4,20,12,11,19,24,23,16,5,8,15,7],[2,22,14,6,18,10,9,13,17,21,1,12,4,20,11,19,24,23,16,8,7,5,15],[18,6,22,10,14,13,2,9,17,21,1,4,20,12,19,11,24,23,16,5,15,8],[14,18,2,10,9,13,22,6,17,21,1,12,4,20,19,11,24,23,16,7,5,3,8,15],[10,14,13,6,2,18,22,9,17,21,1,4,12,20,19,11,24,23,16,7,5,8,3],[18,14,22,10,13,2,6,9,17,21,1,12,4,20,19,11,24,23,16,8,5,15,7],[2,6,14,10,13,22,18,9,17,21,1,4,12,20,11,19,24,23,16,5,8,3,15],[22,14,6,2,10,9,13,18,17,21,1,4,12,20,19,11,24,23,16,5,8,3,15,7],[2,6,10,14,13,22,18,17,21,9,1,4,20,12,19,11,24,23,16,7,5,8,3],[18,14,6,10,13,22,2,17,9,21,1,4,12,20,11,19,24,23,16,5,8,7,15,3],[2,6,14,18,10,9,13,22,17,21,1,4,20,12,19,11,24,23,16,7,8,5,15],[14,2,10,9,13,18,6,22,17,21,1,4,20,12,11,19,24,23,16,5,8],[2,14,6,18,10,13,22,9,17,21,1,4,12,20,11,19,24,23,16,5,8],[14,6,10,13,18,2,22,9,17,21,1,12,4,20,11,19,24,23,16,8,5],[18,10,2,22,14,9,13,6,17,21,1,4,12,20,11,19,24,23,16,7,5],[18,6,2,14,10,9,13,22,17,21,1,12,4,20,11,19,24,23,16,8,5,7],[14,22,18,2,10,9,13,6,17,21,1,12,4,20,11,19,24,23,16,5,7,3,8,15],[22,18,14,10,13,6,2,9,17,21,1,12,4,20,19,11,24,23,16,8,5,15],[10,2,18,14,13,22,6,17,21,9,1,4,12,20,11,19,24,23,16,5,7,8,3,15],[22,6,10,18,2,14,13,9,17,21,1,4,12,20,19,11,24,23,16,5,3,8,15,7],[14,10,9,13,2,22,18,6,17,21,1,4,12,20,19,11,24,23,16,8,5,3],[22,6,2,10,18,14,9,13,17,21,1,12,4,20,19,11,24,23,16,7,8,5],[14,10,9,13,6,18,22,2,17,21,1,4,12,20,11,19,24,23,16,7,8,5],[2,18,22,14,10,13,6,9,17,21,1,12,4,20,19,11,24,23,16,7,5,3,8],[14,2,18,10,9,13,22,6,17,21,1,12,4,20,19,11,24,23,16,5,8,3],[2,6,14,10,13,22,18,17,9,21,1,4,20,12,11,19,24,23,16,7,5,3,8],[18,2,22,14,10,9,13,6,17,21,1,4,20,12,11,19,24,23,16,7,8,5],[6,18,14,22,2,10,13,17,21,9,1,4,12,20,19,11,24,23,16,5,8,7,3],[10,18,2,22,14,9,13,6,17,21,1,12,4,20,11,19,24,23,16,8,5,15,3,7],[2,22,18,6,14,10,9,13,17,21,1,4,20,12,11,19,24,23,16,8,5,3],[6,18,14,2,22,10,13,17,21,9,1,12,4,20,11,19,24,23,16,5,8],[14,10,9,13,22,2,6,18,17,21,1,12,4,20,11,19,24,23,16,5,8,3,7],[22,14,2,10,9,13,6,18,17,21,1,12,4,20,19,11,24,23,16,8,5],[14,2,18,6,10,9,13,22,17,21,1,4,20,12,11,19,24,23,16,7,5],[14,22,10,13,2,18,6,9,17,21,1,12,4,20,19,11,24,23,16,8,5,3],[18,14,2,22,10,13,6,17,9,21,1,4,20,12,19,11,24,23,16,7,5,8,15],[6,14,22,18,10,9,13,2,17,21,1,4,12,20,11,19,24,23,16,7,8,5,15,3],[22,2,10,14,9,13,18,6,17,21,1,4,12,20,11,19,24,23,16,7,8,5,3,15],[22,2,6,18,10,14,13,9,17,21,1,12,4,20,11,19,24,23,16,8,5,7,15,3],[22,18,14,10,9,13,2,6,17,21,1,12,4,20,11,19,24,23,16,7,5,8,3],[10,6,2,14,9,13,18,22,17,21,1,4,12,20,11,19,24,23,16,5,8,3],[18,2,14,10,9,13,22,6,17,21,1,4,12,20,11,19,24,23,16,8,5,3],[2,10,6,22,14,9,13,18,17,21,1,12,4,20,19,11,24,23,16,8,5,3,15,7],[10,14,13,22,2,18,6,17,21,9,1,12,4,20,11,19,24,23,16,8,5],[2,10,22,18,6,14,13,17,21,9,1,12,4,20,11,19,24,23,16,7,5],[2,6,22,18,14,10,13,9,17,21,1,12,4,20,19,11,24,23,16,8,5],[10,22,2,14,9,13,6,18,17,21,1,12,4,20,11,19,24,23,16,5,7,8,15],[14,10,9,13,2,18,6,22,17,21,1,12,4,20,19,11,24,23,16,5,15,8],[10,14,9,13,6,22,18,2,17,21,1,4,20,12,11,19,24,23,16,8,5,7,3,15],[10,2,6,14,9,13,18,22,17,21,1,4,12,20,19,11,24,23,16,5,15,8,3,7],[14,22,10,13,18,6,2,9,17,21,1,4,12,20,19,11,24,23,16,7,5,15],[14,2,10,13,18,22,6,17,9,21,1,4,20,12,19,11,24,23,16,7,5,15,3,8],[14,2,6,22,18,10,13,9,17,21,1,4,12,20,11,19,24,23,16,5,7,8,15],[2,10,18,14,13,6,22,9,17,21,1,12,4,20,11,19,24,23,16,8,7,5,15,3],[2,10,18,6,14,9,13,22,17,21,1,4,12,20,11,19,24,23,16,8,5],[2,18,14,6,22,10,9,13,17,21,1,4,12,20,11,19,24,23,16,5,8,7,15],[2,14,6,22,10,13,18,17,21,9,1,12,4,20,19,11,24,23,16,5],[2,6,14,10,13,22,18,17,9,21,1,4,20,12,11,19,24,23,16,7,8,5,15,3],[10,6,22,14,9,13,18,2,17,21,1,4,12,20,11,19,24,23,16,7,5,3,15,8],[2,10,18,6,22,14,13,9,17,21,1,4,12,20,19,11,24,23,16,5,7,15,8,3],[10,22,2,14,9,13,18,6,17,21,1,12,4,20,11,19,24,23,16,5,7,8],[14,22,6,10,9,13,18,2,17,21,1,12,4,20,19,11,24,23,16,8,5,3,7,15],[10,14,9,13,6,22,18,2,17,21,1,4,20,12,11,19,24,23,16,7,5,15,3,8],[14,2,22,6,10,9,13,18,17,21,1,12,4,20,11,19,24,23,16,5,7,8,15],[14,22,10,13,18,6,2,9,17,21,1,12,4,20,19,11,24,23,16,5,8],[18,6,10,22,2,14,9,13,17,21,1,12,4,20,19,11,24,23,16,8,5,3],[2,6,14,18,10,13,22,9,17,21,1,12,4,20,19,11,24,23,16,8,5,3],[6,22,18,10,2,14,13,17,21,9,1,4,20,12,19,11,24,23,16,8,5,3,7,15],[18,2,22,10,6,14,9,13,17,21,1,12,4,20,19,11,24,23,16,7,8,5,15],[10,2,18,22,6,14,13,17,21,9,1,4,20,12,11,19,24,23,16,5,8,7,3,15],[6,14,10,13,22,18,2,17,9,21,1,12,4,20,11,19,24,23,16,7,8,5,3],[6,2,10,18,22,14,9,13,17,21,1,4,20,12,11,19,24,23,16,8,5],[14,6,2,18,22,10,9,13,17,21,1,12,4,20,11,19,24,23,16,7,5,8,15,3],[18,2,10,6,22,14,13,17,9,21,1,12,4,20,11,19,24,23,16,7,8,5,3],[22,10,2,14,13,18,6,17,21,9,1,12,4,20,11,19,24,23,16,5],[14,22,2,18,6,10,9,13,17,21,1,12,4,20,19,11,24,23,16,5,7,8],[18,2,14,10,13,6,22,9,17,21,1,12,4,20,11,19,24,23,16,5,8,15],[10,6,14,13,22,18,2,17,9,21,1,12,4,20,11,19,24,23,16,7,8,5,3],[18,22,2,6,10,14,13,9,17,21,1,12,4,20,19,11,24,23,16,8,5,3,15,7],[10,22,6,14,9,13,2,18,17,21,1,4,20,12,19,11,24,23,16,5,7,15,8,3],[18,22,2,10,6,14,13,9,17,21,1,12,4,20,11,19,24,23,16,8,5],[18,2,6,14,22,10,9,13,17,21,1,4,12,20,11,19,24,23,16,7,8,5,3],[10,6,22,2,18,14,13,9,17,21,1,12,4,20,11,19,24,23,16,8,5,7,15,3],[10,14,9,13,18,2,6,22,17,21,1,12,4,20,11,19,24,23,16,8,5,15,7,3],[10,22,18,14,9,13,6,2,17,21,1,12,4,20,11,19,24,23,16,8,5],[10,6,18,22,14,9,13,2,17,21,1,4,12,20,11,19,24,23,16,8,5,3,15],[10,2,18,6,22,14,9,13,17,21,1,12,4,20,19,11,24,23,16,7,5,8],[6,2,14,22,10,9,13,18,17,21,1,12,4,20,19,11,24,23,16,5,8,15,3],[22,2,10,18,14,13,6,17,9,21,1,4,12,20,11,19,24,23,16,7,8,5,15],[10,18,14,9,13,2,6,22,17,21,1,12,4,20,19,11,24,23,16,7,8,5,3,15],[10,14,13,22,6,18,2,9,17,21,1,4,12,20,19,11,24,23,16,8,5,3,15],[2,6,18,14,10,13,22,9,17,21,1,12,4,20,19,11,24,23,16,7,8,5],[2,22,14,18,6,10,9,13,17,21,1,4,20,12,11,19,24,23,16,8,5],[6,18,10,14,9,13,22,2,17,21,1,4,20,12,11,19,24,23,16,5,7,8],[18,2,14,22,6,10,13,9,17,21,1,4,12,20,19,11,24,23,16,8,5],[22,2,6,10,18,14,9,13,17,21,1,4,12,20,19,11,24,23,16,7,8,5,15],[18,22,2,14,6,10,9,13,17,21,1,12,4,20,11,19,24,23,16,7,8,5],[14,22,6,10,9,13,18,2,17,21,1,4,12,20,11,19,24,23,16,7,8,5,3,15],[2,6,10,14,9,13,18,22,17,21,1,12,4,20,11,19,24,23,16,5,8,15,7,3],[2,18,6,22,10,14,9,13,17,21,1,12,4,20,11,19,24,23,16,7,8,5],[6,14,10,9,13,2,18,22,17,21,1,4,12,20,19,11,24,23,16,7,5,15,3,8],[18,2,10,6,14,9,13,22,17,21,1,4,20,12,19,11,24,23,16,7,5,3,8],[6,10,2,14,13,22,18,17,9,21,1,12,4,20,11,19,24,23,16,5,7,3,8],[6,22,14,2,10,13,18,17,9,21,1,4,12,20,19,11,24,23,16,5,7,8],[14,18,22,10,9,13,6,2,17,21,1,12,4,20,11,19,24,23,16,5,8,15],[22,6,14,18,2,10,9,13,17,21,1,4,12,20,19,11,24,23,16,7,5,8],[18,2,22,14,10,9,13,6,17,21,1,4,20,12,19,11,24,23,16,7,5,8],[14,18,6,10,9,13,2,22,17,21,1,4,12,20,19,11,24,23,16,8,5],[14,22,10,9,13,6,18,2,17,21,1,12,4,20,11,19,24,23,16,5,7,8],[14,22,18,10,9,13,6,2,17,21,1,4,20,12,11,19,24,23,16,5,8,15],[18,14,22,2,6,10,9,13,17,21,1,12,4,20,11,19,24,23,16,8,5,7,3,15],[18,10,22,14,13,6,2,17,21,9,1,4,20,12,19,11,24,23,16,8,5,7,15],[14,10,13,22,6,18,2,17,21,9,1,4,12,20,11,19,24,23,16,8,5],[10,6,18,2,22,14,9,13,17,21,1,4,12,20,19,11,24,23,16,5,7,15],[18,2,6,22,10,14,9,13,17,21,1,12,4,20,19,11,24,23,16,8,5,3,7,15],[6,18,14,2,22,10,13,17,9,21,1,12,4,20,11,19,24,23,16,8,5,15],[14,10,9,13,2,6,22,18,17,21,1,4,20,12,11,19,24,23,16,5,3,8,15],[6,14,18,22,10,13,2,9,17,21,1,12,4,20,19,11,24,23,16,8,5,15],[2,18,6,14,10,9,13,22,17,21,1,4,20,12,11,19,24,23,16,5,7,15,8,3],[14,22,18,10,13,2,6,9,17,21,1,12,4,20,19,11,24,23,16,7,8,5],[6,2,10,14,9,13,22,18,17,21,1,4,12,20,19,11,24,23,16,7,8,5,3,15],[14,6,10,9,13,2,18,22,17,21,1,4,12,20,19,11,24,23,16,7,8,5,15,3],[18,6,2,10,14,9,13,22,17,21,1,12,4,20,19,11,24,23,16,8,5],[18,14,10,13,6,2,22,17,9,21,1,12,4,20,11,19,24,23,16,5,7,8,3,15],[10,18,2,22,6,14,9,13,17,21,1,4,20,12,19,11,24,23,16,5,7,3,8,15],[6,14,22,18,2,10,13,17,21,9,1,12,4,20,19,11,24,23,16,7,5,8,3,15],[2,22,6,14,10,13,18,17,9,21,1,4,12,20,11,19,24,23,16,8,5,3,15,7],[14,2,6,18,10,13,22,17,9,21,1,12,4,20,19,11,24,23,16,8,5],[22,6,10,2,14,9,13,18,17,21,1,12,4,20,11,19,24,23,16,5,7,3,8,15],[22,18,2,6,14,10,13,9,17,21,1,12,4,20,19,11,24,23,15,7,16,8,5,3],[14,18,2,6,10,9,13,22,17,21,1,4,12,20,19,11,24,23,16,7,5,8,3,15],[22,14,2,6,10,9,13,18,17,21,1,12,4,20,11,19,24,23,16,7,8,5,15],[18,14,22,10,9,13,2,6,17,21,1,4,20,12,11,19,24,23,16,7,5,8],[6,14,10,9,13,22,2,18,17,21,1,12,4,20,19,11,24,23,16,8,5,7],[18,6,22,10,14,13,2,17,9,21,1,4,12,20,11,19,24,23,16,7,5,3,15,8],[2,18,14,22,6,10,13,17,21,9,1,12,4,20,19,11,24,23,16,5,8],[2,6,18,10,22,14,13,17,9,21,1,12,4,20,19,11,24,23,16,8,7,5,3],[10,2,18,22,14,13,6,17,21,9,1,12,4,20,11,19,24,23,16,8,5,3,15,7],[2,22,18,10,14,9,13,6,17,21,1,4,12,20,11,19,24,23,16,7,8,5,15],[6,22,18,2,14,10,9,13,17,21,1,4,20,12,11,19,24,23,16,7,5,8,3],[22,18,14,2,6,10,9,13,17,21,1,4,12,20,11,19,24,23,16,8,5,7,3],[22,18,2,6,10,14,9,13,17,21,1,12,4,20,11,19,24,23,16,5,8,15,7],[22,2,10,18,6,14,9,13,17,21,1,4,12,20,19,11,24,23,16,7,5,8],[14,10,13,6,22,18,2,9,17,21,1,4,12,20,19,11,24,23,16,8,5,15,7,3],[14,2,6,18,22,10,9,13,17,21,1,4,20,12,11,19,24,23,16,5,7,15,8,3],[10,2,18,14,13,22,6,9,17,21,1,12,4,20,11,19,24,23,16,7,5,8,3],[2,10,22,6,14,9,13,18,17,21,1,4,20,12,11,19,24,23,16,8,5,15],[14,10,13,18,22,2,6,9,17,21,1,4,12,20,11,19,24,23,16,8,5,15,3,7],[22,2,18,14,6,10,9,13,17,21,1,12,4,20,11,19,24,23,16,7,8,5,15],[22,6,14,2,10,13,18,9,17,21,1,12,4,20,19,11,24,23,16,7,5,8,15],[10,2,14,13,18,22,6,17,21,9,1,12,4,20,11,19,24,23,16,8,5],[10,14,9,13,2,6,22,18,17,21,1,12,4,20,11,19,24,23,16,7,5,8,15,3],[2,22,18,10,6,14,13,17,21,9,1,12,4,20,11,19,24,23,16,8,7,5,15,3],[2,22,10,6,18,14,9,13,17,21,1,12,4,20,11,19,24,23,16,5,7],[6,14,2,18,22,10,9,13,17,21,1,4,20,12,11,19,24,23,16,8,5,7],[14,6,22,2,18,10,13,17,21,9,1,12,4,20,11,19,24,23,16,8,5,15,3,7],[14,6,18,22,10,9,13,2,17,21,1,4,20,12,19,11,24,23,16,8,7,5,3,15],[10,18,6,22,14,9,13,2,17,21,1,12,4,20,19,11,24,23,16,5,15,7,3,8],[14,10,9,13,2,18,22,6,17,21,1,4,20,12,19,11,24,23,16,8,5,7,3],[6,22,18,2,14,10,13,17,9,21,1,4,20,12,19,11,24,23,16,5,8],[18,14,10,9,13,2,22,6,17,21,1,12,4,20,11,19,24,23,16,5,7,8,3,15],[2,22,6,10,18,14,9,13,17,21,1,4,12,20,11,19,24,23,16,5,7,15,8],[22,2,14,10,9,13,18,6,17,21,1,12,4,20,19,11,24,23,16,5,8,15,3,7],[6,14,22,2,18,10,13,17,21,9,1,12,4,20,19,11,24,23,16,5,8,7,15,3],[14,18,10,9,13,2,22,6,17,21,1,4,20,12,11,19,24,23,16,7,5,15,3,8],[6,2,10,22,14,9,13,18,17,21,1,4,20,12,11,19,24,23,15,5,16,7,3,8],[6,2,14,22,10,9,13,18,17,21,1,12,4,20,19,11,24,23,16,8,5,7,15],[14,18,2,6,22,10,9,13,17,21,1,4,20,12,11,19,24,23,16,8,5,15,7],[18,10,2,14,13,22,6,9,17,21,1,4,12,20,19,11,24,23,16,8,5,15,7,3],[22,10,18,6,2,14,13,9,17,21,1,4,12,20,11,19,24,23,16,5,15,3,8],[10,18,6,14,9,13,2,22,17,21,1,4,20,12,19,11,24,23,16,7,5,15,3,8],[6,2,22,14,10,9,13,18,17,21,1,12,4,20,19,11,24,23,16,5,7],[6,18,10,22,2,14,13,9,17,21,1,12,4,20,11,19,24,23,16,7,5],[22,14,2,10,9,13,18,6,17,21,1,12,4,20,11,19,24,23,16,5,8,7],[18,6,14,22,2,10,9,13,17,21,1,12,4,20,11,19,24,23,16,7,8,5,3,15],[14,22,6,10,9,13,18,2,17,21,1,12,4,20,19,11,24,23,16,5,3,7,15],[18,14,2,22,10,9,13,6,17,21,1,12,4,20,11,19,24,23,16,8,5,3,7],[2,22,14,18,10,13,6,17,21,9,1,4,12,20,11,19,24,23,16,8,5,3,15],[18,10,14,13,2,6,22,9,17,21,1,12,4,20,19,11,24,23,16,7,5],[22,18,2,14,10,9,13,6,17,21,1,4,12,20,19,11,24,23,16,8,5],[22,6,10,2,18,14,9,13,17,21,1,12,4,20,11,19,24,23,16,5,7,8],[10,18,14,9,13,22,2,6,17,21,1,4,12,20,19,11,24,23,16,8,5,7,15,3],[22,2,14,6,18,10,13,9,17,21,1,12,4,20,19,11,24,23,16,7,8,5,3,15],[18,10,2,14,9,13,22,6,17,21,1,4,20,12,11,19,24,23,16,7,8,5,15,3],[6,10,2,14,9,13,18,22,17,21,1,4,12,20,11,19,24,23,16,7,8,5],[10,2,6,18,22,14,9,13,17,21,1,12,4,20,19,11,24,23,16,5,3,15,7,8],[14,22,2,6,10,13,18,9,17,21,1,12,4,20,11,19,24,23,16,5,7,8,3],[2,18,22,6,14,10,13,17,9,21,1,12,4,20,11,19,24,23,16,8,5,15],[18,10,22,2,6,14,13,17,9,21,1,12,4,20,19,11,24,23,16,7,8,5,3],[10,18,22,6,14,13,2,17,9,21,1,12,4,20,19,11,24,23,16,8,5,3,15],[2,10,6,14,9,13,22,18,17,21,1,12,4,20,11,19,24,23,16,5,8,15],[14,18,2,10,9,13,6,22,17,21,1,4,20,12,11,19,24,23,16,8,5],[18,2,10,22,6,14,9,13,17,21,1,12,4,20,19,11,24,23,16,7,5,8,3,15],[2,6,22,14,10,9,13,18,17,21,1,12,4,20,19,11,24,23,16,5,7,3,8],[6,2,10,22,14,9,13,18,17,21,1,12,4,20,11,19,24,23,16,7,5,3],[18,14,22,10,9,13,6,2,17,21,1,4,20,12,19,11,24,23,16,8,5,7,15,3],[6,18,14,22,2,10,9,13,17,21,1,12,4,20,19,11,24,23,16,5,7,3],[10,6,2,22,14,13,18,17,9,21,1,4,20,12,11,19,24,23,16,8,5],[10,2,14,13,18,6,22,9,17,21,1,12,4,20,19,11,24,23,16,8,5,7,3,15],[18,6,10,2,22,14,9,13,17,21,1,12,4,20,11,19,24,23,16,8,5,7,15],[2,10,14,9,13,18,6,22,17,21,1,12,4,20,19,11,24,23,16,5,7,8,3,15],[14,10,9,13,2,18,22,6,17,21,1,12,4,20,19,11,24,23,16,8,5,15],[6,18,14,2,22,10,13,9,17,21,1,4,12,20,11,19,24,23,16,8,5],[2,6,18,10,14,9,13,22,17,21,1,12,4,20,11,19,24,23,16,5,7,8,15,3],[18,22,10,2,6,14,9,13,17,21,1,12,4,20,11,19,24,23,16,7,8,5,3],[6,14,18,2,22,10,13,17,9,21,1,12,4,20,11,19,24,23,16,8,5,15,3],[6,2,22,10,18,14,9,13,17,21,1,4,12,20,11,19,24,23,16,7,8,5,3,15],[2,6,18,10,22,14,9,13,17,21,1,12,4,20,11,19,24,23,16,7,5,8,15],[18,6,2,22,10,14,9,13,17,21,1,4,12,20,11,19,24,23,16,5,7,3,8],[22,2,18,14,6,10,9,13,17,21,1,4,20,12,11,19,24,23,16,7,5,8,3],[14,6,18,10,13,2,22,17,21,9,1,12,4,20,19,11,24,23,16,5,8],[18,14,6,2,22,10,9,13,17,21,1,4,12,20,19,11,24,23,16,5,8],[2,10,14,9,13,18,6,22,17,21,1,4,12,20,11,19,24,23,16,7,5,8,3],[10,14,9,13,2,18,22,6,17,21,1,4,20,12,19,11,24,23,16,7,5,3,15,8],[14,18,6,22,10,9,13,2,17,21,1,12,4,20,19,11,24,23,16,5,7,15,8,3],[14,22,10,13,2,18,6,9,17,21,1,4,20,12,11,19,24,23,16,5,7,3,15,8],[2,22,6,14,10,9,13,18,17,21,1,12,4,20,11,19,24,23,16,5,3,8,7,15],[14,22,2,18,6,10,9,13,17,21,1,12,4,20,19,11,24,23,16,5,15,8,3],[22,18,10,2,6,14,13,9,17,21,1,4,20,12,11,19,24,23,16,5,3],[18,10,22,14,13,2,6,17,9,21,1,4,12,20,11,19,24,23,16,8,5,7,3,15],[10,18,6,2,22,14,9,13,17,21,1,4,20,12,11,19,24,23,16,8,5,3,7,15],[22,2,18,6,10,14,13,9,17,21,1,12,4,20,19,11,24,23,16,7,8,5,15,3],[18,2,22,6,14,10,9,13,17,21,1,4,12,20,11,19,24,23,16,5,7,15,8,3],[22,14,6,18,2,10,13,9,17,21,1,4,12,20,19,11,24,23,16,8,5,3,15,7],[22,6,10,14,13,18,2,9,17,21,1,12,4,20,19,11,24,23,16,8,7,5],[18,14,10,13,22,2,6,9,17,21,1,12,4,20,19,11,24,23,16,8,5,7,3,15],[14,6,22,10,13,18,2,9,17,21,1,4,20,12,19,11,24,23,16,7,8,5,3,15],[10,14,9,13,18,6,22,2,17,21,1,12,4,20,11,19,24,23,16,5,8,15,7,3],[6,18,22,10,14,13,2,17,21,9,1,4,12,20,19,11,24,23,16,7,5,15,8],[14,10,13,2,22,6,18,17,9,21,1,12,4,20,11,19,24,23,16,7,8,5],[14,22,2,10,13,18,6,9,17,21,1,4,12,20,19,11,24,23,16,8,5,3,7,15],[6,2,14,18,22,10,9,13,17,21,1,12,4,20,19,11,24,23,16,7,5,8],[2,22,6,14,10,13,18,9,17,21,1,4,12,20,11,19,24,23,16,7,8,5],[18,22,14,10,13,2,6,17,21,9,1,4,20,12,19,11,24,23,16,8,7,5],[22,6,10,14,13,2,18,17,21,9,1,12,4,20,11,19,24,23,16,8,5,3],[22,6,2,14,10,9,13,18,17,21,1,4,20,12,19,11,24,23,16,8,5,15],[6,14,2,22,10,13,18,17,9,21,1,12,4,20,11,19,24,23,16,8,5],[6,22,14,18,2,10,9,13,17,21,1,12,4,20,11,19,24,23,16,5,15,3,7,8],[2,18,14,10,13,22,6,9,17,21,1,4,20,12,11,19,24,23,16,5,15,8],[6,14,10,13,2,22,18,9,17,21,1,12,4,20,19,11,24,23,16,5,8,15,3,7],[6,2,18,22,14,10,13,17,9,21,1,12,4,20,19,11,24,23,16,5,7,3,15,8],[10,14,13,22,18,6,2,9,17,21,1,12,4,20,19,11,24,23,16,8,5,15],[6,22,18,2,10,14,9,13,17,21,1,12,4,20,19,11,24,23,16,8,5,3],[18,6,22,2,14,10,9,13,17,21,1,4,20,12,19,11,24,23,16,5,7],[2,14,18,10,9,13,22,6,17,21,1,12,4,20,19,11,24,23,16,5,7],[2,14,18,10,13,6,22,9,17,21,1,4,20,12,11,19,24,23,16,5,8],[14,22,2,6,10,13,18,9,17,21,1,4,20,12,11,19,24,23,15,5,16,8,3,7],[2,10,14,9,13,18,22,6,17,21,1,12,4,20,19,11,24,23,16,7,8,5],[10,2,22,6,14,9,13,18,17,21,1,4,12,20,11,19,24,23,16,8,5,3,15],[10,18,6,14,9,13,2,22,17,21,1,12,4,20,19,11,24,23,16,8,5,3,7,15],[14,6,18,22,2,10,9,13,17,21,1,4,12,20,19,11,24,23,16,8,5,15],[18,22,2,14,10,13,6,9,17,21,1,12,4,20,19,11,24,23,16,5,8,3],[10,22,6,2,14,13,18,17,21,9,1,4,12,20,11,19,24,23,16,7,5,8,3,15],[18,10,14,9,13,2,22,6,17,21,1,12,4,20,11,19,24,23,16,7,5,3,8],[22,18,14,2,10,9,13,6,17,21,1,12,4,20,11,19,24,23,16,5,7,8],[22,18,10,6,2,14,13,9,17,21,1,4,12,20,19,11,24,23,16,5,8,7,3],[10,22,14,13,6,2,18,9,17,21,1,4,12,20,19,11,24,23,16,7,5,8,15,3],[6,2,14,18,10,13,22,17,9,21,1,4,12,20,19,11,24,23,16,8,5,15],[2,6,14,22,10,13,18,9,17,21,1,4,12,20,11,19,24,23,16,7,5,8,15],[10,6,18,22,2,14,13,9,17,21,1,4,12,20,19,11,24,23,16,7,5,8,3,15],[10,22,14,13,6,18,2,9,17,21,1,12,4,20,11,19,24,23,16,5,7,8,15],[6,2,22,14,10,9,13,18,17,21,1,4,12,20,19,11,24,23,16,8,5],[14,10,9,13,18,6,22,2,17,21,1,12,4,20,19,11,24,23,16,5,8,3,7,15],[22,14,6,18,2,10,13,17,9,21,1,12,4,20,11,19,24,23,16,8,5],[6,22,14,18,2,10,9,13,17,21,1,4,20,12,19,11,24,23,16,8,5,15,3,7],[10,2,22,14,9,13,18,6,17,21,1,4,20,12,11,19,24,23,16,5,8,7,15,3],[18,6,2,14,10,13,22,9,17,21,1,4,20,12,19,11,24,23,16,8,5],[18,6,2,10,22,14,13,9,17,21,1,12,4,20,19,11,24,23,16,8,5,15,3,7],[2,18,14,22,6,10,13,17,9,21,1,4,12,20,11,19,24,23,16,8,7,5],[14,22,10,13,18,2,6,9,17,21,1,12,4,20,19,11,24,23,16,5,7,3,15,8],[2,18,10,6,14,9,13,22,17,21,1,12,4,20,19,11,24,23,16,5,8,3],[14,18,10,9,13,6,22,2,17,21,1,12,4,20,11,19,24,23,16,8,5,3,7,15],[6,10,18,14,9,13,22,2,17,21,1,4,20,12,19,11,24,23,16,7,5,3,15,8],[18,2,22,10,6,14,9,13,17,21,1,4,12,20,11,19,24,23,16,8,5],[22,6,18,2,14,10,9,13,17,21,1,12,4,20,11,19,24,23,16,7,5],[14,10,13,22,2,18,6,9,17,21,1,4,20,12,19,11,24,23,16,5,7,3],[14,22,18,6,2,10,9,13,17,21,1,12,4,20,11,19,24,23,16,7,8,5,3,15],[6,18,10,22,14,9,13,2,17,21,1,12,4,20,11,19,24,23,16,8,5,15,3,7],[2,22,6,10,18,14,9,13,17,21,1,12,4,20,19,11,24,23,16,7,8,5,3,15],[10,6,2,18,22,14,13,17,9,21,1,12,4,20,19,11,24,23,16,7,8,5,15,3],[10,2,18,14,9,13,22,6,17,21,1,4,20,12,11,19,24,23,16,8,5,15],[6,10,22,2,14,13,18,17,9,21,1,12,4,20,19,11,24,23,16,7,8,5],[10,6,2,22,18,14,13,17,21,9,1,4,12,20,19,11,24,23,16,5,8,3,7],[22,18,6,14,10,9,13,2,17,21,1,4,20,12,11,19,24,23,16,8,7,5,3,15],[14,10,9,13,2,22,18,6,17,21,1,12,4,20,11,19,24,23,16,7,8,5],[22,2,6,18,10,14,9,13,17,21,1,4,12,20,11,19,24,23,16,7,8,5,15,3],[14,18,10,9,13,2,6,22,17,21,1,4,20,12,11,19,24,23,16,8,5,15,7],[6,22,10,2,18,14,13,17,21,9,1,12,4,20,11,19,24,23,16,5,8,3],[22,18,14,10,9,13,2,6,17,21,1,12,4,20,19,11,24,23,16,7,8,5],[10,14,13,18,2,6,22,9,17,21,1,4,20,12,11,19,24,23,16,7,8,5],[10,6,22,2,14,13,18,17,21,9,1,4,12,20,11,19,24,23,16,7,8,5,15],[22,14,18,6,2,10,13,9,17,21,1,12,4,20,11,19,24,23,16,5,7,8],[18,14,6,22,2,10,13,9,17,21,1,4,12,20,11,19,24,23,16,5,8],[6,10,22,2,18,14,13,17,9,21,1,4,12,20,19,11,24,23,16,5,7,3,8],[18,2,14,22,10,9,13,6,17,21,1,12,4,20,19,11,24,23,16,7,5],[22,2,14,6,10,13,18,17,9,21,1,12,4,20,19,11,24,23,16,5,8,15,7,3],[6,2,18,14,10,13,22,9,17,21,1,4,12,20,11,19,24,23,16,5,7,15,8,3],[22,2,10,14,13,18,6,9,17,21,1,4,12,20,11,19,24,23,16,5,8,7,15,3],[10,14,9,13,18,2,22,6,17,21,1,4,20,12,11,19,24,23,16,8,5,3,15,7],[6,10,14,13,18,22,2,9,17,21,1,4,20,12,19,11,24,23,16,8,5,7,15],[22,10,14,9,13,6,2,18,17,21,1,4,12,20,11,19,24,23,16,5,8,15],[18,6,10,14,13,2,22,17,21,9,1,4,12,20,11,19,24,23,16,5,8,7],[2,18,6,22,14,10,13,9,17,21,1,12,4,20,11,19,24,23,16,8,5],[14,18,10,13,2,22,6,9,17,21,1,12,4,20,11,19,24,23,16,8,5,15,3],[14,2,6,18,10,13,22,9,17,21,1,4,12,20,11,19,24,23,16,7,5,8,3],[18,14,22,2,6,10,9,13,17,21,1,4,12,20,19,11,24,23,16,8,7,5],[10,14,13,22,18,2,6,9,17,21,1,4,20,12,11,19,24,23,16,5,7,8,15,3],[6,22,10,18,14,13,2,17,9,21,1,4,20,12,11,19,24,23,16,5,3,7,8,15],[14,2,6,10,9,13,22,18,17,21,1,4,20,12,19,11,24,23,16,5,8,7],[22,2,14,6,18,10,9,13,17,21,1,12,4,20,19,11,24,23,16,5,7,8,3,15],[6,2,18,10,14,13,22,9,17,21,1,4,12,20,11,19,24,23,16,7,8,5,3,15],[2,18,14,6,22,10,13,17,9,21,1,12,4,20,19,11,24,23,16,5,8],[14,22,10,9,13,2,6,18,17,21,1,4,12,20,11,19,24,23,16,8,5,7,3],[10,2,18,6,14,13,22,17,9,21,1,4,12,20,19,11,24,23,16,7,5,8,3],[10,14,13,18,2,6,22,9,17,21,1,12,4,20,11,19,24,23,15,16,5,8,7,3],[2,10,6,22,18,14,13,17,21,9,1,4,20,12,11,19,24,23,16,7,5,15,8,3],[10,6,22,18,2,14,9,13,17,21,1,4,12,20,19,11,24,23,16,5,7,3,15,8],[18,2,10,14,13,22,6,17,9,21,1,4,20,12,11,19,24,23,16,5,8,7],[6,10,18,2,14,13,22,17,21,9,1,4,12,20,11,19,24,23,16,8,5,15],[14,6,18,2,22,10,13,9,17,21,1,12,4,20,19,11,24,23,16,5,7,3,8],[18,6,10,14,9,13,22,2,17,21,1,4,20,12,19,11,24,23,16,5,7,3,8,15],[2,18,6,14,22,10,9,13,17,21,1,12,4,20,11,19,24,23,16,5,15,8],[10,18,6,22,2,14,13,17,9,21,1,12,4,20,11,19,24,23,16,5,8,7],[22,10,6,14,13,2,18,17,21,9,1,12,4,20,19,11,24,23,16,7,8,5,3],[14,22,18,6,10,9,13,2,17,21,1,4,20,12,19,11,24,23,16,7,5,8],[10,22,14,13,6,18,2,17,21,9,1,4,12,20,11,19,24,23,16,5,7,15,8],[6,14,10,13,18,2,22,9,17,21,1,4,12,20,11,19,24,23,16,5,8,3,15],[14,6,18,2,10,13,22,17,21,9,1,12,4,20,19,11,24,23,16,8,5,15],[2,10,22,18,6,14,13,17,9,21,1,12,4,20,11,19,24,23,16,7,5,8,15],[22,14,6,10,13,18,2,17,9,21,1,12,4,20,11,19,24,23,16,5,7,15,8,3],[14,18,10,9,13,2,22,6,17,21,1,12,4,20,19,11,24,23,16,7,5,8],[2,22,10,18,6,14,9,13,17,21,1,4,12,20,11,19,24,23,16,8,5],[22,6,18,10,14,9,13,2,17,21,1,4,20,12,11,19,24,23,16,8,7,5,15,3],[14,6,10,13,22,2,18,9,17,21,1,4,20,12,11,19,24,23,16,5,7,8,15,3],[14,10,13,2,18,22,6,17,9,21,1,12,4,20,11,19,24,23,16,5,15,7,8,3],[2,18,14,10,13,6,22,17,21,9,1,12,4,20,11,19,24,23,16,5,7,8],[18,14,6,2,10,9,13,22,17,21,1,12,4,20,19,11,24,23,16,5,8],[2,10,18,6,22,14,9,13,17,21,1,4,12,20,11,19,24,23,16,7,5,8,3],[14,6,18,22,10,13,2,9,17,21,1,4,12,20,19,11,24,23,16,8,5,7],[18,14,10,9,13,22,6,2,17,21,1,12,4,20,19,11,24,23,16,8,5,15,3],[10,18,2,22,14,13,6,9,17,21,1,4,20,12,11,19,24,23,16,5,7,15,8],[18,22,2,6,10,14,9,13,17,21,1,4,12,20,11,19,24,23,16,5,15,8,3,7],[2,22,14,6,10,13,18,9,17,21,1,4,12,20,11,19,24,23,16,7,8,5,3],[10,18,6,2,22,14,9,13,17,21,1,4,20,12,19,11,24,23,16,7,8,5,15,3],[14,22,2,18,6,10,9,13,17,21,1,12,4,20,11,19,24,23,16,8,5,7,15,3],[6,14,10,13,18,22,2,17,9,21,1,4,20,12,11,19,24,23,16,7,5,15,3],[6,2,10,18,14,9,13,22,17,21,1,12,4,20,11,19,24,23,16,7,5,15,8,3],[18,2,22,6,10,14,9,13,17,21,1,4,20,12,19,11,24,23,16,8,7,5],[22,18,2,10,6,14,13,9,17,21,1,12,4,20,19,11,24,23,16,8,5,7,3],[2,10,18,22,14,9,13,6,17,21,1,4,12,20,11,19,24,23,16,8,5,15,3],[10,22,18,14,13,6,2,17,21,9,1,4,20,12,19,11,24,23,16,7,5,15,3,8],[10,2,18,22,6,14,9,13,17,21,1,12,4,20,11,19,24,23,16,8,5,7,3],[2,14,18,10,9,13,22,6,17,21,1,4,12,20,11,19,24,23,16,5,8,15,3,7],[6,14,2,22,18,10,13,17,9,21,1,12,4,20,19,11,24,23,15,8,5,16,7,3],[14,22,6,10,9,13,18,2,17,21,1,4,12,20,11,19,24,23,16,7,5,15,3,8],[22,10,14,13,2,18,6,9,17,21,1,12,4,20,19,11,24,23,16,5,7,8,3],[2,6,18,22,10,14,9,13,17,21,1,4,20,12,19,11,24,23,16,8,5],[22,18,10,6,14,13,2,9,17,21,1,12,4,20,11,19,24,23,16,8,5,15,7,3],[2,10,18,14,13,22,6,17,21,9,1,12,4,20,11,19,24,23,16,5,7,8,3,15],[14,6,22,2,10,9,13,18,17,21,1,12,4,20,11,19,24,23,16,5,8,7,15],[10,18,14,13,2,6,22,17,9,21,1,4,20,12,19,11,24,23,16,8,5,15],[10,14,9,13,2,18,22,6,17,21,1,4,20,12,11,19,24,23,16,7,5,15,8],[14,22,10,9,13,2,6,18,17,21,1,4,20,12,19,11,24,23,16,5,7,8,3,15],[14,6,22,10,9,13,18,2,17,21,1,4,12,20,11,19,24,23,16,7,8,5,15,3],[2,18,6,10,22,14,13,17,21,9,1,4,12,20,19,11,24,23,16,8,5],[10,18,6,22,2,14,13,17,9,21,1,4,12,20,19,11,24,23,15,7,16,5,8],[14,10,9,13,18,2,6,22,17,21,1,4,12,20,11,19,24,23,16,7,8,5,15],[14,18,6,10,13,2,22,9,17,21,1,4,20,12,19,11,24,23,16,8,5,15,3],[22,14,6,18,2,10,9,13,17,21,1,12,4,20,19,11,24,23,16,8,5],[14,2,22,18,6,10,13,17,21,9,1,12,4,20,19,11,24,23,16,7,8,5,15,3],[6,2,18,22,14,10,9,13,17,21,1,12,4,20,19,11,24,23,16,8,5,15],[10,6,22,14,13,2,18,17,21,9,1,12,4,20,11,19,24,23,16,7,8,5],[6,22,10,18,2,14,13,17,9,21,1,4,12,20,19,11,24,23,16,7,5,8,15],[18,2,6,10,22,14,9,13,17,21,1,4,12,20,11,19,24,23,16,7,5,15,8,3],[18,10,2,14,13,6,22,17,9,21,1,4,12,20,19,11,24,23,16,5,3,8],[2,10,18,6,22,14,9,13,17,21,1,4,20,12,11,19,24,23,16,7,5],[6,22,10,18,14,13,2,17,21,9,1,12,4,20,19,11,24,23,16,7,8,5,3,15],[22,6,14,10,9,13,18,2,17,21,1,4,20,12,11,19,24,23,16,5,3,8,7],[18,2,22,6,10,14,13,17,9,21,1,4,12,20,11,19,24,23,16,8,5,15],[22,14,6,10,13,18,2,17,9,21,1,12,4,20,19,11,24,23,16,8,5,7,3,15],[2,10,14,9,13,6,22,18,17,21,1,12,4,20,11,19,24,23,16,7,5,8,15,3],[22,6,18,2,10,14,9,13,17,21,1,12,4,20,11,19,24,23,16,8,5,7,15,3],[10,6,22,14,13,18,2,17,9,21,1,4,20,12,11,19,24,23,16,8,5,3,15,7],[6,18,22,10,2,14,9,13,17,21,1,12,4,20,11,19,24,23,16,8,5,7,15],[18,2,22,10,6,14,13,17,9,21,1,4,12,20,19,11,24,23,16,5,8,15,3],[10,14,13,18,2,6,22,17,9,21,1,12,4,20,19,11,24,23,16,7,5,8],[2,18,6,22,10,14,13,17,9,21,1,4,20,12,11,19,24,23,16,7,8,5,3],[18,10,22,2,6,14,13,9,17,21,1,12,4,20,19,11,24,23,16,5,8],[2,18,22,14,6,10,13,9,17,21,1,12,4,20,19,11,24,23,16,5,8,7],[6,2,18,14,22,10,13,17,21,9,1,12,4,20,19,11,24,23,16,7,5,3,15,8],[2,18,22,6,14,10,9,13,17,21,1,12,4,20,19,11,24,23,16,8,5],[22,6,14,2,18,10,13,17,21,9,1,4,20,12,11,19,24,23,16,7,8,5,15],[22,10,18,6,14,13,2,17,9,21,1,12,4,20,19,11,24,23,16,5,8,3],[14,2,6,22,10,9,13,18,17,21,1,12,4,20,19,11,24,23,16,5,7,8,3,15],[18,14,10,13,6,22,2,17,9,21,1,4,20,12,11,19,24,23,16,7,8,5,3,15],[22,10,6,2,18,14,9,13,17,21,1,4,12,20,11,19,24,23,16,7,8,5,3],[2,10,18,14,13,6,22,17,9,21,1,4,20,12,19,11,24,23,16,8,5,3],[10,14,9,13,18,6,2,22,17,21,1,12,4,20,19,11,24,23,16,5,8,3,7],[2,6,10,18,14,13,22,17,9,21,1,4,12,20,19,11,24,23,16,8,5,15],[2,18,10,22,6,14,9,13,17,21,1,4,20,12,19,11,24,23,16,8,5,3,7,15],[18,10,14,9,13,2,22,6,17,21,1,12,4,20,11,19,24,23,16,7,5,8,15,3],[10,2,22,14,9,13,18,6,17,21,1,12,4,20,11,19,24,23,16,7,5],[2,6,22,14,18,10,13,9,17,21,1,12,4,20,11,19,24,23,16,7,8,5],[6,22,18,2,10,14,9,13,17,21,1,12,4,20,19,11,24,23,16,7,8,5,15,3],[2,22,6,18,10,14,9,13,17,21,1,4,12,20,19,11,24,23,16,8,5,7],[18,6,14,22,2,10,9,13,17,21,1,4,20,12,19,11,24,23,16,7,5,8,15,3],[14,6,18,2,10,13,22,9,17,21,1,12,4,20,19,11,24,23,16,5,7,3,8,15],[6,18,2,22,10,14,13,17,21,9,1,12,4,20,11,19,24,23,16,5,3,7],[18,10,2,14,13,22,6,17,9,21,1,4,20,12,11,19,24,23,16,5,7,15,3,8],[22,14,6,18,10,13,2,17,9,21,1,4,12,20,19,11,24,23,16,5,8,3,7,15],[6,10,2,14,9,13,22,18,17,21,1,12,4,20,19,11,24,23,16,5,8,15,3],[14,2,10,9,13,6,18,22,17,21,1,4,12,20,11,19,24,23,16,7,5,3],[14,18,22,2,10,13,6,9,17,21,1,12,4,20,11,19,24,23,16,5,15,3,7,8],[22,10,2,6,18,14,9,13,17,21,1,4,12,20,11,19,24,23,16,5,8,15],[14,18,2,22,10,13,6,17,9,21,1,12,4,20,19,11,24,23,16,5,8,3,15],[10,14,9,13,2,22,18,6,17,21,1,12,4,20,19,11,24,23,16,5,8,3],[18,22,14,10,9,13,6,2,17,21,1,4,20,12,11,19,24,23,16,5,15,8,7,3],[18,14,10,9,13,2,6,22,17,21,1,12,4,20,19,11,24,23,16,5,7,3,8],[22,18,14,6,10,9,13,2,17,21,1,12,4,20,19,11,24,23,16,7,8,5,3,15],[22,10,2,6,18,14,13,17,9,21,1,12,4,20,11,19,24,23,16,8,5,15],[14,2,18,22,10,13,6,9,17,21,1,4,20,12,11,19,24,23,16,8,5,15],[2,10,22,18,14,9,13,6,17,21,1,4,12,20,19,11,24,23,16,8,5,3],[2,18,6,10,14,13,22,17,9,21,1,4,12,20,19,11,24,23,16,8,5],[6,10,2,14,9,13,18,22,17,21,1,4,12,20,11,19,24,23,16,8,5,3],[14,22,2,10,13,6,18,9,17,21,1,4,20,12,11,19,24,23,16,7,5,8],[10,22,2,14,13,6,18,9,17,21,1,12,4,20,11,19,24,23,16,5,8,7],[14,6,10,13,2,22,18,17,21,9,1,4,20,12,11,19,24,23,16,7,5,15,8,3],[10,14,13,2,6,22,18,9,17,21,1,12,4,20,19,11,24,23,16,7,5,8,3,15],[14,6,2,10,13,18,22,17,9,21,1,4,20,12,19,11,24,23,16,5,8],[14,10,13,18,2,6,22,9,17,21,1,12,4,20,11,19,24,23,16,8,5,3],[6,10,18,14,9,13,22,2,17,21,1,4,20,12,11,19,24,23,16,8,5,15],[18,2,10,14,13,6,22,9,17,21,1,4,20,12,19,11,24,23,16,5,7],[18,6,14,22,10,13,2,9,17,21,1,12,4,20,19,11,24,23,16,7,8,5],[22,14,6,10,9,13,2,18,17,21,1,4,12,20,19,11,24,23,16,5,7],[14,6,18,2,10,13,22,9,17,21,1,12,4,20,19,11,24,23,16,5,8,7],[10,14,13,22,6,2,18,9,17,21,1,12,4,20,19,11,24,23,16,5,8],[22,2,6,14,18,10,13,9,17,21,1,12,4,20,11,19,24,23,16,5,8,3,7,15],[14,18,10,13,22,6,2,9,17,21,1,4,12,20,11,19,24,23,16,7,5,8],[6,18,10,2,22,14,9,13,17,21,1,4,20,12,19,11,24,23,16,5,8,15,7,3],[18,10,14,9,13,2,6,22,17,21,1,12,4,20,11,19,24,23,16,8,5],[2,18,10,14,9,13,22,6,17,21,1,4,20,12,19,11,24,23,15,8,5,16,3],[6,14,18,2,22,10,9,13,17,21,1,4,12,20,11,19,24,23,16,7,8,5,3],[18,2,10,6,14,13,22,17,9,21,1,4,20,12,19,11,24,23,16,8,5,7,15,3],[18,2,10,14,9,13,22,6,17,21,1,4,20,12,11,19,24,23,16,7,8,5,15,3],[6,2,10,14,13,22,18,17,21,9,1,12,4,20,19,11,24,23,16,8,5],[6,22,2,18,10,14,9,13,17,21,1,12,4,20,19,11,24,23,16,5,7,3,15,8],[18,10,6,14,13,2,22,9,17,21,1,12,4,20,11,19,24,23,16,8,5,7,15,3],[2,14,22,18,10,9,13,6,17,21,1,12,4,20,11,19,24,23,16,7,8,5],[18,6,22,10,14,9,13,2,17,21,1,12,4,20,11,19,24,23,16,8,5,7,3,15],[14,6,2,22,18,10,9,13,17,21,1,4,20,12,11,19,24,23,16,5,15,7,8],[10,22,6,14,9,13,18,2,17,21,1,4,12,20,11,19,24,23,16,5,7,8],[6,2,18,22,10,14,9,13,17,21,1,4,12,20,19,11,24,23,16,5,7,8],[18,2,14,10,9,13,6,22,17,21,1,12,4,20,19,11,24,23,16,8,5,3,15],[18,10,22,2,6,14,9,13,17,21,1,12,4,20,19,11,24,23,16,5,8,15,3,7],[22,14,2,10,13,6,18,17,21,9,1,4,20,12,19,11,24,23,16,8,5,7,3,15],[10,6,22,14,9,13,2,18,17,21,1,12,4,20,19,11,24,23,16,7,5,15,8,3],[10,6,2,22,14,13,18,17,9,21,1,12,4,20,19,11,24,23,16,5,7],[14,2,22,18,10,9,13,6,17,21,1,12,4,20,11,19,24,23,16,7,8,5,3],[6,14,10,9,13,18,22,2,17,21,1,4,20,12,11,19,24,23,16,5,7,3,15,8],[18,22,2,14,6,10,13,17,9,21,1,4,20,12,11,19,24,23,16,8,5,7,3,15],[2,14,6,22,18,10,13,17,21,9,1,4,20,12,11,19,24,23,16,5,7,15,8],[22,2,14,18,6,10,13,17,9,21,1,12,4,20,19,11,24,23,16,7,5,8],[14,22,6,18,10,13,2,17,21,9,1,12,4,20,19,11,24,23,16,8,5,15,3,7],[2,14,22,18,10,13,6,9,17,21,1,12,4,20,19,11,24,23,16,7,5,8,15,3],[2,14,18,10,13,6,22,9,17,21,1,4,12,20,19,11,24,23,16,5,3,8,7,15],[10,2,22,18,14,13,6,9,17,21,1,12,4,20,11,19,24,23,16,7,8,5],[18,2,10,6,14,9,13,22,17,21,1,12,4,20,11,19,24,23,16,7,8,5,15],[22,18,10,14,13,2,6,9,17,21,1,4,20,12,19,11,24,23,16,5,8,7],[22,10,6,2,14,13,18,9,17,21,1,12,4,20,11,19,24,23,16,5,7,15,8],[6,10,14,9,13,18,2,22,17,21,1,12,4,20,19,11,24,23,16,7,8,5,3,15],[2,10,6,18,14,9,13,22,17,21,1,12,4,20,19,11,24,23,16,5,8],[22,6,10,2,14,13,18,17,21,9,1,12,4,20,19,11,24,23,16,8,5,15],[22,10,14,13,2,6,18,9,17,21,1,12,4,20,11,19,24,23,16,7,8,5,15,3],[22,6,18,10,14,13,2,9,17,21,1,4,20,12,19,11,24,23,16,5,7,8,3],[6,22,14,10,13,18,2,17,21,9,1,4,20,12,19,11,24,23,16,5,7,15,8,3],[14,10,9,13,6,18,2,22,17,21,1,12,4,20,11,19,24,23,16,7,8,5,15],[10,6,18,2,14,9,13,22,17,21,1,12,4,20,19,11,24,23,16,7,5,3,8,15],[22,18,14,6,2,10,13,9,17,21,1,12,4,20,19,11,24,23,16,5,8,3],[14,2,18,22,10,13,6,17,9,21,1,12,4,20,11,19,24,23,16,7,5,3,8,15],[14,2,10,13,22,18,6,17,9,21,1,4,20,12,19,11,24,23,16,7,5],[10,18,14,9,13,2,6,22,17,21,1,4,20,12,11,19,24,23,16,8,5,3,15],[6,18,22,14,10,13,2,17,9,21,1,4,20,12,19,11,24,23,16,8,5,7,15,3],[18,2,10,14,13,6,22,17,21,9,1,4,20,12,19,11,24,23,16,7,5,15,8,3],[22,18,2,14,6,10,13,9,17,21,1,4,12,20,19,11,24,23,16,5,15,8,7],[2,18,14,10,13,6,22,17,9,21,1,12,4,20,19,11,24,23,16,7,5,8],[22,6,2,14,10,9,13,18,17,21,1,12,4,20,11,19,24,23,16,5,8,7],[14,2,6,10,13,18,22,17,9,21,1,4,20,12,11,19,24,23,16,5,3,8],[18,6,22,14,2,10,9,13,17,21,1,12,4,20,19,11,24,23,16,7,8,5,15,3],[2,10,22,6,14,13,18,9,17,21,1,12,4,20,19,11,24,23,16,7,8,5,3,15],[22,14,6,10,13,2,18,17,9,21,1,4,20,12,19,11,24,23,16,7,8,5],[10,14,9,13,18,22,6,2,17,21,1,4,12,20,19,11,24,23,16,5,7,3,8,15],[6,14,22,18,10,13,2,17,21,9,1,12,4,20,19,11,24,23,16,7,5,8,15,3],[2,10,14,13,6,18,22,17,9,21,1,12,4,20,11,19,24,23,16,7,8,5,3,15],[22,2,6,14,10,9,13,18,17,21,1,4,12,20,19,11,24,23,16,5,7,8],[2,22,10,14,13,6,18,17,21,9,1,4,20,12,19,11,24,23,16,5,7,15,8],[14,2,6,10,9,13,22,18,17,21,1,4,12,20,11,19,24,23,16,8,5,7,3,15],[22,10,2,6,14,13,18,9,17,21,1,12,4,20,11,19,24,23,16,7,8,5],[6,2,22,18,10,14,9,13,17,21,1,12,4,20,11,19,24,23,16,5],[2,14,6,22,18,10,13,9,17,21,1,4,20,12,11,19,24,23,16,8,5,15,7,3],[14,22,10,13,6,18,2,9,17,21,1,4,20,12,19,11,24,23,16,5,8],[10,2,22,6,14,9,13,18,17,21,1,4,12,20,19,11,24,23,16,8,7,5],[6,14,22,2,18,10,13,17,21,9,1,4,12,20,19,11,24,23,16,7,5,15,8],[22,10,18,2,14,9,13,6,17,21,1,4,12,20,19,11,24,23,16,7,8,5,3],[18,2,14,6,10,9,13,22,17,21,1,4,12,20,19,11,24,23,15,5,16,8,3],[22,2,14,10,13,6,18,17,21,9,1,12,4,20,11,19,24,23,16,7,8,5],[2,10,22,18,6,14,9,13,17,21,1,4,12,2