{"problem_id":"axWq9MDnJJF2eU2","sigma":75,"alpha":3.162,"cost":0,"probabilities":"[0.37, 0.36, 0.2, 0.07]","payoff_matrix":"[[-31, -81, 45, -31, 1, -54], [-28, -2, 30, 15, 98, 109], [-10, 110, -98, -37, 84, -164], [-72, 19, -159, -58, 122, -215]]","uncovered":[[21,13,5,9,1,17,18,10,19,11],[5,9,21,13,1,17,18,10,11,14,2,22,19],[13,17,1,5,21,9,10,18,19,11],[21,9,1,13,17,5,10,18,11,2,14,22,19],[17,1,13,21,5,9,10,18,19,11],[21,17,1,13,5,9,18,10,11,14,2,22,19],[1,5,13,9,17,21,18,10,19,11],[13,5,17,9,1,21,18,10,11,2,14,22,19],[9,1,17,13,5,21,10,18,19,11],[17,21,13,5,1,9,18,10,19,11],[5,9,21,1,13,17,10,18,19,11],[1,13,21,5,9,17,10,18,11,14,2,22,23,19],[13,1,5,21,9,17,18,10,11,2,14,22,23,19],[5,21,13,9,17,1,10,18,11,2,14,22,23,19],[1,5,17,21,9,13,10,18,19,11],[5,9,21,17,13,1,10,18,19,11],[1,17,13,5,9,21,10,18,19,11],[21,5,1,9,13,17,18,10,19,11],[21,13,5,1,17,9,10,18,19,11],[17,5,9,13,21,1,10,18,11,2,14,22,23],[17,1,5,13,9,21,18,10,11,2,14,22,19],[9,14,17,21,5,1,13,10,18,11,2,22,23,19],[1,5,9,21,13,17,10,18,19,11],[13,9,21,1,5,17,10,18,19,11],[13,5,1,9,17,21,18,10,11,2,14,22,19],[5,9,1,17,13,21,18,10,19,11],[17,21,1,5,13,9,10,18,19,11],[17,13,21,1,9,5,10,18,11,14,2,22,23,19],[1,5,21,13,17,9,10,18,11,2,14,22,23,19],[13,1,9,5,18,17,10,21,11,2,14,22,23],[17,21,9,5,13,1,10,18,11,2,14,22,23,19],[17,13,21,1,5,9,10,18,11,14,2,22,23,19],[9,17,13,1,21,5,18,10,11,14,2,22,19],[5,1,13,9,22,21,10,17,23,18,19,11],[1,13,5,9,17,22,21,10,23,18,11,14,2,19],[13,21,1,17,9,5,10,18,11,2,14,22,19],[1,9,13,21,5,17,18,10,19,11],[21,13,5,17,1,9,18,10,11,2,14,22,19],[9,18,17,10,13,5,21,1,19,11],[1,5,13,9,17,21,18,10,11,14,2,22,23,19],[21,13,5,9,17,1,18,10,11,14,2,24,19],[5,13,1,21,9,17,18,10,11,14,2,22,19],[13,5,1,21,17,9,18,10,19,11],[5,17,1,21,9,13,10,18,19,11],[17,5,1,13,9,21,10,18,11,14,2,22,23,19],[9,22,21,10,17,14,2,5,13,23,18,11,1,19],[21,5,1,13,9,17,10,18,19,11],[21,1,13,9,5,17,10,18,11,14,2,22,23,19],[9,21,13,1,5,17,10,18,11,14,2,22,23,19],[9,13,17,5,21,1,18,10,11,2,14,22,19],[17,5,21,13,1,9,10,18,11,2,14,24,19],[21,5,1,9,13,17,10,18,11,2,14,22,19],[21,17,9,5,1,13,18,10,11,14,2,22,19],[1,21,9,18,17,10,13,5,19,11],[1,9,5,13,21,17,10,18,19,11],[17,21,5,1,9,13,18,10,11,2,14,23,6],[17,1,21,13,5,9,10,18,19,11],[9,17,13,21,5,1,18,10,19,11],[17,13,5,1,9,21,10,18,11,14,2,22,23,7,6],[5,21,9,17,13,1,18,10,11,2,14,22,23,19],[17,9,13,1,22,21,10,5,23,18,19,11],[21,9,1,13,17,5,10,18,19,11],[21,13,5,17,9,1,10,18,19,11],[1,13,21,17,5,9,10,18,19,11],[17,21,9,13,2,5,18,10,19,11],[5,17,1,21,9,13,10,18,19,11],[9,17,1,21,5,13,10,18,11,2,14,22,19],[21,5,13,17,1,9,10,18,11,2,14,22,19],[5,17,21,13,1,9,10,18,11,2,14,22,23,19],[1,5,13,17,9,21,10,18,11,14,2,22,23],[5,17,1,9,13,21,18,10,19,11],[13,5,1,9,21,17,18,10,19,11],[1,9,13,21,17,5,18,10,19,11],[1,13,5,21,17,9,10,18,11,2,14,22,23,19],[21,9,17,5,1,13,18,10,19,11],[21,13,17,9,1,5,10,18,11,14,2,22,23,19],[5,13,9,1,21,18,17,10,11,14,2,23,19],[1,21,17,9,5,13,10,18,19,11],[5,22,9,21,10,13,1,17,23,18,19,11],[1,17,5,9,21,13,10,18,11,14,2,24,19],[17,13,1,9,5,21,18,10,11,14,2,22,23,20],[21,9,13,17,5,1,18,10,11,14,2,23,19],[13,1,17,21,5,9,18,10,11,14,2,24,7,6],[1,17,5,21,9,13,18,10,11,2,14,22,23,19],[21,13,9,17,5,1,10,18,11,2,14,22,23,19],[1,9,5,17,13,21,10,18,19,11],[9,13,2,21,17,5,18,10,11,1,14,22,23,19],[1,9,13,17,21,5,18,10,19,11],[21,13,17,1,5,9,18,10,11,2,14,22,23,19],[5,13,21,9,1,17,10,18,11,2,14,22,19],[5,13,17,1,21,9,10,18,11,2,14,22,23,20],[21,5,17,1,9,13,18,10,11,14,2,22,23,19],[17,1,21,5,13,9,10,18,19,11],[9,17,5,13,21,1,18,10,19,11],[17,5,21,9,13,1,18,10,11,14,2,22,19],[13,5,17,9,21,1,10,18,11,14,2,22,19],[1,13,9,17,21,5,18,10,11,14,2,22,19],[9,17,21,13,1,5,18,10,11,14,2,22,19],[17,13,21,5,1,9,10,18,11,2,14,22,19],[17,21,5,1,13,9,18,10,11,14,2,22,23,19],[5,21,9,17,1,13,10,18,11,14,2,22,19],[17,5,13,21,1,9,18,10,19,11],[9,21,17,1,5,13,10,18,11,2,14,22,23,19],[5,17,9,21,1,13,10,18,11,2,14,22,19],[17,13,5,9,21,1,10,18,19,11],[9,21,17,13,5,1,18,10,19,11],[1,13,21,10,17,5,9,18,19,11],[5,9,13,17,21,1,18,10,19,11],[13,9,1,21,5,17,18,10,19,11],[17,1,9,21,13,5,18,10,11,14,2,22,19],[21,9,5,1,17,13,10,18,11,2,14,22,23,19],[9,1,13,17,21,5,18,10,19,11],[21,17,9,1,5,13,18,10,11,14,2,22,23,19],[17,1,9,13,5,21,18,10,11,2,14,22,23,20],[13,1,17,9,5,21,18,10,19,11],[17,5,13,21,1,9,10,18,11,14,2,22,19],[17,13,21,5,9,2,18,10,19,11],[1,13,17,5,21,9,10,18,11,2,14,22,23,19],[1,9,17,13,5,21,10,18,11,2,14,22,19],[17,1,13,9,5,21,10,18,11,14,2,22,19],[5,17,21,9,1,13,10,18,19,11],[9,1,13,17,5,22,21,10,23,18,11,2,14,19],[21,9,5,13,17,1,10,18,19,11],[5,9,17,21,1,13,10,18,19,11],[1,13,5,9,17,21,10,18,11,2,14,22,23,19],[13,21,5,17,9,1,18,10,19,11],[21,9,5,1,17,13,18,10,19,11],[13,17,1,21,5,9,18,10,11,2,14,22,19],[1,21,9,13,5,17,18,10,19,11],[17,5,9,1,21,13,18,10,19,11],[17,13,21,5,9,1,10,18,19,11],[18,1,9,17,10,21,13,5,11,2,14,22,23,19],[17,5,9,21,1,13,18,10,19,11],[5,17,13,21,9,1,18,10,19,11],[17,1,13,9,21,6,18,10,19,5,11],[13,9,1,17,21,5,18,10,19,11],[1,13,17,5,9,21,10,18,11,14,2,22,19],[17,9,5,1,21,13,18,10,11,14,2,22,23,19],[21,9,17,1,5,13,10,18,11,14,2,22,23,19],[9,13,21,5,17,1,18,10,19,12],[9,17,1,14,5,21,13,10,18,11,2,22,23,19],[5,21,9,1,17,13,18,10,11,14,2,22,19],[5,13,21,1,17,9,10,18,19,11],[17,13,1,21,9,5,10,18,11,2,14,23,19],[9,1,21,13,5,17,10,18,19,11],[13,21,17,5,9,1,18,10,11,2,14,22,19],[21,13,1,9,18,17,10,5,19,11],[1,13,17,9,5,21,10,18,19,11],[1,9,5,13,17,21,18,10,19,11],[9,21,13,1,17,5,10,18,19,11],[17,5,1,21,13,9,18,10,19,11],[5,13,17,1,9,21,10,18,19,11],[13,9,21,17,1,6,10,18,11,5,2,14,24],[17,21,10,1,13,5,9,18,11,14,2,23,19],[1,9,13,21,5,17,10,18,19,11],[5,17,13,9,1,21,18,10,11,14,2,22,19],[9,13,5,21,17,1,10,18,19,11],[1,9,17,5,13,21,18,10,11,14,2,22,23,19],[17,5,9,2,13,21,10,18,11,1,14,24,19],[9,13,5,1,17,21,10,18,11,2,14,22,23,19],[13,5,21,1,17,9,18,10,19,11],[1,21,13,17,5,9,10,18,19,11],[5,9,21,17,1,13,10,18,11,14,2,22,23,19],[9,17,1,5,21,13,10,18,11,2,14,22,23,20],[1,13,17,21,9,5,18,10,11,2,14,22,23,19],[13,18,5,22,21,17,1,9,10,19,11],[13,1,9,5,21,17,18,10,11,2,14,22,23,6],[1,5,21,9,17,13,10,18,11,14,2,22,23,19],[17,13,9,5,1,21,10,18,19,11],[13,21,5,17,9,1,10,18,11,14,2,22,19],[5,21,9,13,17,1,18,10,19,11],[9,5,21,17,13,1,18,10,19,11],[17,9,13,5,1,21,18,10,11,2,14,22,19],[17,5,21,9,14,1,13,18,10,11,2,22,23,19],[21,5,9,13,17,1,18,10,11,2,14,22,23,19],[17,1,5,21,13,9,18,10,11,2,14,22,19],[9,13,1,17,21,5,18,10,11,2,14,22,19],[1,17,5,13,21,9,18,10,19,11],[1,5,13,21,9,17,10,18,11,2,14,22,19],[17,21,1,9,13,5,18,10,19,11],[5,21,13,1,9,17,18,10,11,2,14,22,23,19],[9,13,5,17,1,21,10,18,11,2,14,22,23,19],[5,1,9,13,21,17,10,18,19,11],[13,17,5,1,21,9,18,10,19,11],[13,17,9,21,5,1,18,10,11,2,14,22,19],[17,9,21,13,5,1,10,18,19,11],[2,13,17,21,5,9,18,10,19,11],[21,13,9,1,17,5,18,10,19,11],[9,5,17,13,21,1,10,18,11,2,14,22,23,19],[9,17,5,13,21,1,10,18,11,2,14,22,19],[17,9,1,13,21,5,18,10,19,11],[21,9,17,14,1,6,13,18,10,11,5,2,22,23],[9,17,13,21,1,5,10,18,19,11],[17,13,1,9,21,5,10,18,11,14,2,22,19],[5,9,1,17,13,22,21,10,11,18,19],[21,9,17,2,5,13,10,18,11,1,14,23,19],[21,1,13,17,9,5,10,18,19,11],[17,5,13,1,9,21,18,10,19,11],[5,1,9,17,13,21,10,18,11,14,2,22,23,19],[13,5,21,9,1,17,18,10,11,2,14,22,23,19],[17,21,9,1,13,5,10,18,19,11],[1,5,13,21,9,17,10,18,19,11],[17,13,9,1,21,5,18,10,19,11],[21,9,1,17,5,13,10,18,11,2,14,22,23,19],[9,5,1,21,17,14,13,18,10,19,11],[9,1,5,17,13,21,18,10,11,14,2,22,23,19],[9,5,17,13,21,1,18,10,11,2,14,22,23,20],[1,13,17,21,9,5,18,10,11,14,2,22,19],[17,13,10,21,1,5,9,18,19,11],[13,21,17,5,9,1,10,18,11,14,2,22,19],[17,9,1,21,5,13,18,10,19,11],[21,13,17,9,5,1,18,10,19,11],[1,21,17,9,5,13,18,10,19,11],[1,13,17,21,9,5,18,10,11,2,14,22,23,19],[21,13,9,17,1,5,10,18,19,11],[13,5,1,9,21,17,18,10,19,11],[5,21,13,17,2,9,18,10,19,11],[9,1,5,21,17,13,10,18,19,11],[5,1,17,9,21,13,18,10,19,11],[1,13,5,21,17,9,10,18,19,11],[9,13,17,5,21,1,18,10,19,11],[21,1,17,5,9,13,10,18,11,2,14,24,19],[21,13,2,17,9,5,18,10,11,1,14,22,23,19],[5,21,17,1,13,9,18,10,19,11],[5,14,21,9,2,17,13,18,10,11,1,22,23,20],[21,17,5,1,9,13,18,10,11,14,2,22,19],[13,9,5,17,21,1,18,10,19,11],[1,21,17,13,9,5,10,18,11,14,2,22,19],[17,21,5,9,13,1,10,18,11,2,14,22,23,19],[21,17,1,9,5,13,18,10,11,14,2,22,19],[9,13,17,21,5,1,18,10,11,2,14,22,23,19],[17,13,9,5,2,21,10,18,19,11],[17,5,21,1,13,9,10,18,11,14,2,22,23,20],[21,1,13,5,17,9,18,10,19,11],[17,9,21,5,13,1,18,10,19,11],[1,5,17,13,21,9,18,10,19,11],[21,9,17,13,1,5,18,10,11,2,14,22,23,19],[21,9,1,17,5,13,10,18,19,11],[21,9,17,5,13,1,18,10,19,11],[21,9,13,17,5,1,18,10,11,14,2,23,19],[1,13,21,5,9,17,10,18,11,2,14,22,19],[9,5,17,1,21,13,18,10,11,14,2,22,23],[17,5,9,13,2,21,10,18,19,11],[17,5,21,1,13,9,10,18,11,2,14,22,23,19],[1,5,17,13,9,21,10,18,19,11],[5,13,17,21,9,1,18,10,19,11],[21,17,9,13,5,1,10,18,19,11],[21,9,13,17,1,5,10,18,11,2,14,22,23,19],[13,5,21,9,2,17,18,10,19,11],[17,9,5,13,1,21,18,10,19,11],[1,9,17,21,13,5,18,10,19,11],[5,21,1,13,17,9,18,10,11,2,14,22,19],[21,13,9,1,17,5,10,18,11,2,14,22,19],[17,9,5,1,13,21,18,10,19,11],[5,13,1,17,9,21,18,10,11,14,2,22,19],[1,5,9,13,21,17,10,18,11,2,14,22,23,19],[9,17,13,1,5,21,10,18,11,2,14,24,19],[21,17,13,1,5,9,10,18,11,14,2,22,19],[17,5,21,13,9,1,10,18,19,11],[5,21,1,9,13,17,18,10,11,2,14,22,23,19],[9,17,21,5,1,13,18,10,19,12],[9,21,13,5,17,1,18,10,19,11],[17,5,1,13,9,21,10,18,19,11],[17,1,9,22,21,10,13,6,23,5,18,11,14,2],[13,1,21,17,5,9,10,18,19,11],[21,1,9,13,17,5,10,18,11,2,14,22,23,19],[1,5,9,17,13,21,10,18,11,14,2,22,19],[17,9,21,13,5,1,18,10,19,11],[9,21,13,17,5,1,10,18,19,11],[5,17,13,1,9,21,18,10,11,2,14,22,19],[21,13,5,17,1,9,10,18,19,11],[5,21,9,1,13,17,18,10,11,14,2,22,23,19],[21,13,1,9,5,17,18,10,11,14,2,22,19],[13,17,21,9,1,5,18,10,11,2,14,22,23,6],[9,5,17,13,1,21,18,10,19,11],[13,9,6,21,1,17,18,10,11,5,14,2,24],[5,21,13,17,1,9,18,10,19,11],[17,13,9,21,1,5,10,18,11,2,14,22,19],[9,13,5,21,17,1,18,10,11,14,2,22,19],[1,5,17,9,21,13,18,10,19,11],[17,21,13,9,5,1,18,10,19,11],[17,5,1,13,9,21,18,10,19,11],[13,1,17,9,21,6,18,10,19,5,11],[17,9,21,5,13,1,18,10,11,14,2,22,23,19],[5,9,17,13,21,2,18,10,19,11],[17,1,13,5,9,21,18,10,11,2,14,22,23,19],[13,21,9,1,5,17,10,18,11,14,2,22,19],[9,21,17,13,1,5,10,18,19,11],[9,17,13,1,5,21,10,18,19,11],[1,13,17,9,21,5,18,10,11,14,2,22,19],[1,21,13,17,5,9,18,10,19,11],[21,1,13,17,9,5,10,18,19,11],[17,21,13,5,1,9,18,10,11,2,14,24,19],[21,5,9,13,1,17,18,10,19,11],[21,17,9,5,13,1,18,10,19,11],[1,17,5,21,9,13,18,10,19,11],[1,5,9,18,17,10,13,22,21,11,19],[21,5,1,13,9,17,10,18,11,14,2,22,19],[9,21,13,5,1,17,10,18,11,2,14,22,19],[9,1,21,5,13,17,18,10,19,11],[17,1,5,21,9,13,10,18,11,2,14,22,19],[1,9,5,21,17,13,10,18,11,2,14,22,19],[9,1,17,13,21,5,10,18,19,11],[1,17,9,5,13,21,18,10,11,14,2,6,22,23],[13,17,9,21,1,5,10,18,11,14,2,22,19],[17,9,13,1,5,21,10,18,19,11],[5,17,21,9,13,1,18,10,11,14,2,24,19],[17,21,13,1,5,9,10,18,11,2,14,24,19],[21,1,5,14,17,9,13,18,10,19,11],[13,5,21,9,17,1,18,10,19,11],[5,13,1,22,18,17,21,9,10,11,23,2,14,19],[17,21,13,5,9,1,10,18,19,11],[13,17,5,21,9,1,10,18,11,2,14,22,23,19],[1,17,13,9,5,21,10,18,19,11],[5,17,9,1,21,13,18,10,11,14,2,22,19],[9,13,1,5,17,21,18,10,19,11],[9,21,1,5,17,13,10,18,19,11],[21,13,1,5,9,17,10,18,11,2,14,22,23,19],[1,13,17,9,21,5,10,18,11,14,2,22,23,19],[13,5,1,9,17,21,18,10,19,11],[21,5,9,1,17,13,18,10,19,11],[13,17,21,5,9,1,18,10,11,2,14,22,23,19],[9,5,1,13,21,17,18,10,11,2,14,22,19],[13,5,21,9,17,1,18,10,19,11],[9,17,13,1,5,21,18,10,19,11],[9,1,21,13,5,17,10,18,11,2,14,22,19],[9,17,13,1,5,21,10,18,19,11],[5,17,9,13,21,1,10,18,19,11],[5,21,13,18,9,17,10,1,19,11],[5,21,13,1,17,9,18,10,11,2,14,22,23,19],[5,17,9,13,21,1,18,10,11,2,14,22,19],[13,9,17,21,1,5,18,10,19,11],[5,13,21,1,9,17,18,10,19,11],[17,9,5,1,13,21,18,10,19,11],[13,17,21,1,5,10,9,18,19,11],[17,1,13,21,9,5,18,10,11,16,2,14,22,23],[17,5,9,13,1,21,18,10,11,14,2,22,19],[22,13,17,5,9,21,10,1,23,18,11,14,2],[5,1,17,13,21,9,10,18,19,12],[1,17,5,21,9,13,10,18,19,11],[17,1,21,13,5,9,10,18,19,11],[21,1,5,17,13,9,10,18,19,11],[21,1,5,17,13,9,10,18,19,11],[5,17,13,1,21,9,10,18,19,11],[21,1,17,13,9,5,10,18,11,14,2,22,19],[1,9,5,21,13,17,10,18,11,2,14,22,19],[17,1,5,9,13,21,10,18,11,14,2,22,23,19],[5,1,13,9,21,17,18,10,19,11],[21,17,5,9,1,13,10,18,19,11],[21,13,5,1,17,9,18,10,19,11],[21,5,17,1,9,13,18,10,19,11],[13,5,9,1,21,17,10,18,11,2,14,22,23,19],[21,5,17,9,1,13,10,18,11,2,14,22,23,19],[1,21,9,17,13,5,18,10,19,11],[13,1,5,17,21,9,10,18,19,11],[21,13,1,17,9,5,18,10,19,11],[17,9,5,1,21,13,10,18,11,2,14,22,19],[17,13,21,9,1,5,18,10,11,2,14,22,19],[21,5,13,17,9,1,10,18,19,11],[1,21,5,13,17,9,10,18,11,2,14,22,19],[5,1,21,13,17,9,18,10,19,11],[5,13,17,9,21,1,10,18,11,14,2,22,19],[17,21,13,1,9,5,18,10,11,14,2,22,19],[9,21,1,17,5,13,18,10,19,11],[5,1,13,17,21,9,18,10,11,2,14,22,23,20],[13,1,17,21,9,5,10,18,11,2,14,22,23,19],[21,1,5,13,17,9,18,10,19,11],[17,21,1,9,5,13,10,18,19,11],[17,13,5,1,9,21,10,18,19,11],[1,21,13,17,5,9,18,10,11,14,2,22,23,19],[1,21,5,13,9,17,18,10,11,14,2,22,19],[1,21,13,9,5,17,10,18,11,14,2,22,19],[17,9,13,5,21,1,10,18,11,2,14,22,19],[21,5,1,13,9,17,10,18,11,14,2,22,23,19],[9,17,21,5,13,1,10,18,19,11],[1,21,17,9,5,13,18,10,19,11],[13,9,21,5,1,17,18,10,11,2,14,22,23,19],[9,17,21,1,5,13,10,18,11,14,2,22,19],[9,1,17,5,21,13,18,10,11,2,14,24,8,6],[9,1,21,17,5,13,18,10,11,2,14,22,23,7,6],[17,5,21,13,9,1,18,10,11,14,2,22,23,19],[13,9,5,17,1,22,21,10,11,18,19],[9,5,17,1,13,21,10,18,11,14,2,22,19],[13,5,21,1,17,9,18,10,19,11],[9,5,1,21,17,13,18,10,11,2,14,22,19],[13,5,1,17,21,9,10,18,11,2,14,22,23],[1,13,17,21,9,5,18,10,11,14,2,24,19],[21,9,17,13,6,1,10,5,18,19,11],[9,5,13,21,1,17,10,18,19,11],[5,13,21,1,9,17,18,10,19,11],[21,5,17,1,13,9,18,10,11,14,2,23,19],[17,13,1,5,9,21,18,10,11,14,2,22,19],[1,9,13,5,21,17,10,18,19,11],[1,17,5,9,13,21,18,10,11,14,2,22,19],[5,17,9,2,21,13,18,10,19,11],[13,9,21,17,5,1,18,10,19,11],[9,17,1,13,5,21,18,10,11,14,2,22,23,6],[9,1,21,5,17,13,10,18,19,11],[13,21,1,17,9,5,18,10,19,11],[13,1,5,17,21,9,18,10,11,14,2,22,19],[9,17,1,5,21,13,18,10,11,2,14,22,23],[21,17,9,5,13,1,18,10,11,14,2,22,23,19],[21,13,17,9,5,1,10,18,11,2,14,23,19],[17,13,1,5,9,21,10,18,11,14,2,22,19],[13,9,21,5,1,17,18,10,19,11],[5,9,21,13,1,17,10,18,11,2,14,22,19],[1,17,13,21,9,5,10,18,19,11],[13,9,5,17,21,1,18,10,11,14,2,22,19],[5,17,13,21,9,1,18,10,19,11],[5,21,17,13,9,1,10,18,11,2,14,22,19],[1,13,21,17,5,9,10,18,19,11],[17,1,21,9,5,13,18,10,19,11],[9,17,1,13,5,21,18,10,19,11],[1,17,9,5,21,13,18,10,11,2,14,22,19],[13,9,17,21,1,5,18,10,11,2,14,22,19],[1,17,13,5,9,21,18,10,11,2,14,22,23,19],[17,13,21,1,5,9,18,10,11,14,2,22,19],[9,13,6,18,17,10,22,21,1,19,5,11],[5,17,1,9,21,13,18,10,19,11],[13,9,21,1,5,17,18,10,19,11],[18,13,1,9,17,10,21,5,11,14,2,22,19],[1,21,13,9,17,5,18,10,11,14,2,22,23,19],[17,13,5,21,1,9,18,10,19,11],[13,5,9,21,17,1,10,18,19,11],[21,9,1,13,5,17,18,10,11,14,2,22,19],[21,5,13,9,17,2,10,18,11,1,14,19],[17,21,9,1,13,5,18,10,19,11],[5,13,1,17,9,21,18,10,19,11],[9,21,17,1,5,13,10,18,11,14,2,22,23,19],[9,21,5,17,13,1,10,18,19,11],[5,13,9,21,17,1,10,18,19,11],[9,21,17,13,1,5,10,18,19,11],[9,5,13,22,21,10,17,1,11,18,23,2,14,19],[17,13,1,9,21,5,10,18,19,11],[5,1,13,17,9,21,10,18,19,11],[17,1,5,21,13,9,18,10,19,11],[1,13,17,21,5,9,10,18,19,11],[17,5,1,21,13,9,10,18,19,11],[21,13,1,5,17,9,18,10,19,11],[18,9,17,10,5,1,21,13,11,14,2,22,19],[13,5,1,17,9,21,10,18,11,2,14,22,19],[17,9,21,5,13,1,18,10,11,2,14,22,19],[17,13,1,5,9,21,18,10,11,2,14,22,19],[13,9,21,1,5,17,18,10,11,2,14,22,23,6],[17,5,9,13,1,21,10,18,19,11],[1,21,17,5,13,9,10,18,19,11],[13,9,5,1,17,21,18,10,11,14,2,22,19],[9,5,17,1,21,13,10,18,19,11],[5,1,21,9,17,13,18,10,19,11],[13,17,1,9,21,5,10,18,19,11],[21,13,9,17,5,1,10,18,11,2,14,22,19],[1,17,13,9,21,5,10,18,11,14,2,22,19],[1,5,9,17,21,13,10,18,11,14,2,22,23,19],[5,1,13,9,22,21,10,17,11,18,23,14,2,19],[5,21,13,17,9,1,18,10,19,11],[17,5,9,1,13,21,10,18,11,14,2,22,19],[13,1,9,21,17,5,18,10,19,11],[21,13,5,1,9,17,18,10,19,11],[13,1,17,5,21,9,18,10,19,11],[13,5,17,1,21,9,18,10,11,14,2,22,23,19],[10,5,1,17,21,13,9,18,11,14,2,22,23,19],[1,13,5,21,17,9,18,10,19,11],[1,13,21,5,9,17,10,18,19,11],[21,9,13,5,1,17,18,10,19,11],[9,21,1,13,17,5,18,10,11,14,2,22,19],[1,13,21,9,17,5,18,10,11,14,2,22,19],[5,9,13,21,17,1,10,18,19,11],[17,9,13,21,5,1,18,10,19,11],[1,21,17,13,9,5,10,18,19,11],[21,17,5,14,9,1,13,18,10,19,11],[13,5,21,9,1,17,10,18,19,11],[9,17,13,5,1,21,18,10,11,14,2,22,23,19],[21,5,17,1,13,9,10,18,11,2,14,22,19],[1,9,13,17,5,21,18,10,19,11],[13,9,21,5,1,17,18,10,11,2,14,22,23,19],[5,13,9,1,17,21,18,10,11,14,2,22,23],[9,1,13,17,5,21,10,18,19,11],[21,17,13,1,5,9,10,18,19,11],[9,17,13,5,1,21,18,10,19,11],[13,1,17,9,21,5,10,18,11,14,2,22,19],[9,21,18,17,10,5,1,13,11,14,2,22,19],[18,2,14,5,9,17,10,22,21,19,13,11],[13,17,9,1,21,5,18,10,11,2,14,24,19],[1,13,9,5,17,21,10,18,11,14,2,22,23,19],[1,9,13,5,21,17,18,10,11,14,2,22,19],[1,9,17,13,21,5,10,18,11,2,14,22,19],[9,1,21,13,17,5,10,18,11,14,2,22,23,8,20],[5,13,17,21,9,1,18,10,11,14,2,22,19],[17,9,13,1,5,21,18,10,11,14,2,24,19],[9,17,1,5,13,21,18,10,11,14,2,22,23],[21,17,13,1,9,5,10,18,11,2,14,22,19],[21,5,1,17,9,13,18,10,19,11],[5,13,9,21,17,1,18,10,19,11],[9,5,17,1,13,21,10,18,19,11],[21,5,17,1,9,13,18,10,19,11],[17,9,13,5,1,21,10,18,11,2,14,24,19],[5,9,13,1,17,21,10,18,11,14,2,22,23,19],[1,9,5,21,17,13,18,10,19,11],[1,17,9,21,5,13,18,10,19,11],[1,5,9,17,21,13,10,18,19,11],[1,13,9,21,17,5,10,18,11,14,2,19],[1,13,17,5,21,9,10,18,19,11],[21,17,13,1,5,9,18,10,19,11],[9,5,13,21,17,1,10,18,19,11],[9,5,1,17,21,13,10,18,19,11],[21,17,13,9,5,1,10,18,11,2,14,22,19],[18,9,17,10,13,2,5,21,19,11],[9,21,17,1,13,5,10,18,11,2,14,22,19],[5,13,21,9,1,17,18,10,11,14,2,22,19],[21,13,9,1,17,5,10,18,19,11],[21,13,5,9,1,17,10,18,19,11],[21,17,9,14,1,5,13,10,18,11,2,22,19],[9,13,21,17,5,1,10,18,19,11],[21,5,17,9,1,13,10,18,11,14,2,22,19],[9,1,5,13,22,21,10,17,18,11,19],[21,9,17,1,5,13,10,18,19,11],[17,13,21,1,5,9,10,18,19,11],[17,21,1,9,13,5,18,10,19,11],[9,21,1,5,13,17,10,18,19,11],[1,5,9,13,21,17,10,18,19,11],[13,17,1,5,21,9,18,10,11,2,14,22,19],[13,5,9,1,17,22,21,10,23,18,11,2,14,19],[5,21,1,17,9,13,10,18,19,11],[17,21,9,1,5,13,18,10,19,11],[13,21,9,17,5,1,10,18,19,11],[9,13,21,17,1,5,10,18,11,2,14,22,19],[5,17,21,13,9,1,10,18,11,14,2,22,23,19],[17,9,13,21,1,5,18,10,19,11],[9,5,21,1,13,17,18,10,11,14,2,22,19],[13,5,1,9,21,18,17,10,11,2,14,22,19],[1,21,13,5,17,9,10,18,19,11],[17,5,21,13,1,9,18,10,11,14,2,22,23,19],[9,21,13,5,18,17,10,2,19,11],[13,21,9,17,1,5,18,10,19,11],[9,6,13,21,1,17,18,10,11,5,14,2,22,19],[9,5,13,21,1,17,18,10,11,14,2,24,19],[17,13,5,21,1,9,18,10,19,11],[13,17,1,5,9,21,10,18,11,14,2,24,6],[9,1,5,13,17,21,18,10,19,11],[13,9,21,17,5,1,18,10,11,2,14,22,23,19],[21,1,5,13,9,17,18,10,19,11],[13,17,1,21,9,5,10,18,11,14,2,22,19],[21,13,9,17,5,1,10,18,11,14,2,22,19],[13,9,21,17,5,1,18,10,11,14,2,22,19],[9,1,17,21,13,5,18,10,11,14,2,24,19],[17,13,21,9,1,5,18,10,11,14,2,22,23,19],[9,21,5,17,1,13,18,10,11,14,2,22,23,19],[13,21,9,17,5,1,18,10,19,11],[13,21,9,17,1,5,10,18,11,2,14,22,23,19],[5,1,9,21,17,13,10,18,19,11],[21,13,1,5,9,17,10,18,11,2,14,22,19],[9,21,13,17,5,1,18,10,11,14,2,22,23,6],[17,13,9,5,21,1,18,10,11,2,14,22,19],[17,21,5,13,1,9,10,18,11,14,2,22,19],[9,13,1,5,21,17,10,18,19,11],[9,13,17,1,5,21,10,18,11,14,2,22,19],[9,1,5,21,13,17,18,10,11,2,14,22,23,19],[5,13,1,17,21,9,10,18,11,14,2,22,23,19],[21,13,17,5,1,9,18,10,19,11],[9,17,1,5,22,21,10,13,23,18,19,12],[1,9,5,13,17,21,18,10,11,2,14,22,23,19],[17,1,5,9,21,13,10,18,11,2,14,22,19],[21,1,14,17,9,5,13,18,10,11,2,22,19],[1,9,5,13,17,21,18,10,11,14,2,22,19],[9,21,13,5,1,17,18,10,19,11],[9,13,21,1,17,5,10,18,11,14,2,22,19],[13,17,21,9,5,1,18,10,19,11],[21,13,17,5,1,9,10,18,11,14,2,22,23,19],[1,13,5,21,17,9,18,10,19,11],[21,1,9,5,13,17,18,10,11,14,2,22,23,19],[21,1,13,17,5,9,18,10,11,2,14,22,19],[13,1,17,21,5,9,10,18,11,2,14,22,23,19],[17,5,13,21,1,9,10,18,19,11],[9,13,17,21,1,5,18,10,11,2,14,24,20],[9,21,2,5,17,13,10,18,19,11],[1,17,21,13,5,9,10,18,11,2,14,24,19],[9,21,13,17,5,1,10,18,11,2,14,22,23,19],[13,17,5,9,1,21,18,10,11,14,2,22,23],[21,1,9,5,17,13,18,10,11,2,14,22,19],[21,17,5,1,13,9,10,18,19,11],[9,13,5,21,1,17,18,10,11,14,2,22,23,19],[13,5,17,9,1,21,10,18,11,2,14,22,19],[21,5,1,9,17,13,10,18,11,14,2,22,19],[9,5,13,1,21,17,10,18,11,2,14,22,19],[9,13,21,5,1,17,18,10,11,2,14,22,23,19],[17,9,1,13,5,21,18,10,19,11],[1,9,13,21,17,5,18,10,11,2,14,22,23,19],[21,17,1,5,13,9,18,10,19,11],[5,21,17,9,13,1,10,18,11,2,14,22,23,19],[9,5,21,17,1,13,18,10,11,14,2,22,23,19],[1,13,5,17,21,9,18,10,11,2,14,22,19],[5,1,21,13,17,9,18,10,11,2,14,22,19],[21,17,9,1,13,5,10,18,11,2,14,22,23,19],[13,21,5,17,1,9,18,10,19,11],[13,17,5,21,1,9,18,10,19,11],[1,9,5,21,13,17,18,10,11,14,2,22,23,19],[5,21,17,13,9,2,10,18,11,1,14,22,19],[17,13,9,5,1,21,10,18,11,14,2,22,19],[13,9,1,17,21,5,10,18,19,11],[5,21,17,13,9,1,10,18,11,2,14,22,19],[1,5,9,17,13,21,10,18,11,2,14,22,19],[9,13,17,5,1,21,10,18,11,14,2,22,19],[17,13,9,5,21,2,18,10,19,11],[1,13,17,9,21,5,18,10,11,2,14,22,19],[9,21,5,13,17,1,10,18,19,11],[1,21,17,13,9,5,18,10,19,11],[17,9,5,13,1,21,18,10,19,11],[5,9,1,18,17,10,13,21,11,2,14,22,19],[13,1,21,5,17,9,10,18,11,2,14,22,23,20],[1,21,5,9,17,13,18,10,19,11],[21,5,1,13,17,9,10,18,11,2,14,22,23,19],[9,21,13,1,17,6,5,10,18,19,11],[13,5,9,17,1,21,10,18,11,2,14,22,19],[21,9,1,5,18,17,10,13,19,11],[9,17,1,5,13,21,10,18,19,11],[9,14,5,21,1,17,13,18,10,19,11],[5,1,9,13,21,17,18,10,11,2,14,24,19],[21,9,17,1,13,5,10,18,19,11],[9,1,21,17,13,5,10,18,11,14,2,22,23,19],[5,1,17,21,13,9,10,18,11,2,14,22,23,19],[9,21,17,1,13,5,18,10,11,2,14,22,19],[9,17,5,13,1,21,10,18,19,11],[13,1,5,9,17,21,18,10,11,2,14,22,19],[13,17,5,9,21,1,10,18,19,11],[9,1,21,13,5,17,18,10,19,11],[1,21,9,5,13,17,18,10,11,14,2,22,19],[9,21,1,5,17,13,10,18,11,2,14,24,19],[17,21,5,9,13,1,10,18,11,2,14,22,23,19],[17,5,9,1,21,13,10,18,11,14,2,22,23,19],[5,9,13,21,17,1,10,18,19,11],[17,1,9,13,21,5,18,10,11,14,2,22,23,19],[5,21,13,17,1,9,18,10,11,14,2,22,23],[1,9,13,5,17,21,18,10,11,14,2,22,19],[21,17,1,5,9,13,10,18,19,11],[9,1,17,5,13,21,18,10,19,11],[9,5,17,13,21,1,10,18,19,11],[21,5,17,9,13,1,10,18,19,11],[1,9,13,21,17,5,10,18,19,11],[17,1,13,9,5,21,10,18,19,11],[1,9,5,17,13,21,18,10,11,14,2,22,19],[13,9,21,17,5,1,18,10,19,11],[21,17,5,9,1,13,10,18,11,14,2,23,19],[13,1,9,21,17,5,10,18,11,2,14,22,23,20],[1,9,13,17,21,5,18,10,19,11],[5,9,1,17,13,21,18,10,19,11],[13,1,17,5,9,21,18,10,19,11],[9,21,13,5,17,1,10,18,19,11],[17,13,1,5,9,21,10,18,11,2,14,22,19],[9,21,1,18,17,10,5,13,11,14,2,24,19],[17,1,13,9,21,5,18,10,11,2,14,22,23,20],[21,9,17,5,1,13,18,10,19,11],[17,21,1,5,13,9,18,10,11,14,2,22,23],[9,5,1,17,13,21,10,18,11,14,2,22,19],[1,17,21,5,13,9,10,18,11,14,2,22,23,19],[6,17,21,9,1,13,18,10,19,5,11],[9,13,5,21,1,17,10,18,11,2,14,22,19],[5,21,9,13,1,17,18,10,11,14,2,22,23],[9,21,17,13,1,5,10,18,11,14,2,22,19],[1,17,13,5,21,9,18,10,11,14,2,22,23,19],[13,5,21,17,9,1,10,18,11,14,2,22,23,19],[21,1,9,5,17,13,10,18,19,11],[21,1,9,13,17,5,10,18,19,11],[1,13,5,9,17,21,18,10,19,11],[17,1,21,9,5,13,18,10,11,14,2,22,23,19],[1,17,13,9,5,21,18,10,19,11],[17,13,1,5,21,9,10,18,19,11],[17,13,9,1,5,21,10,18,19,11],[13,9,1,21,5,17,10,18,11,14,2,22,19],[21,5,13,17,1,9,18,10,11,2,14,22,19],[5,21,17,13,1,9,18,10,11,14,2,23,19],[9,5,1,13,21,17,10,18,11,2,14,22,23,19],[1,5,9,13,18,17,10,21,11,2,14,22,23,19],[5,17,13,1,21,9,10,18,19,11],[21,5,13,17,1,9,18,10,11,14,2,24,19],[5,9,21,13,17,1,18,10,11,14,2,22,19],[9,1,13,5,21,17,10,18,19,11],[5,21,1,13,9,17,18,10,11,14,2,22,23],[5,17,21,13,1,9,10,18,19,11],[5,13,21,17,1,9,10,18,19,11],[1,5,9,13,21,17,10,18,11,2,14,22,19],[17,6,1,9,13,21,10,18,11,5,2,14,22,23],[1,22,9,21,10,5,17,13,23,18,19,11],[5,9,21,13,17,1,18,10,19,11],[17,13,5,1,9,21,10,18,19,11],[13,5,17,9,1,21,18,10,19,11],[9,17,1,5,21,13,10,18,19,11],[17,13,1,21,5,9,10,18,11,14,2,22,19],[9,13,17,5,21,1,10,18,19,11],[13,5,1,9,17,21,18,10,19,11],[17,21,5,13,9,1,18,10,11,2,14,22,23],[5,17,13,9,1,21,18,10,11,2,14,22,19],[5,13,1,17,9,21,18,10,19,11],[17,1,5,9,13,21,10,18,11,14,2,23,19],[1,13,9,21,17,6,18,10,11,5,14,2,22,19],[17,1,13,9,21,5,10,18,11,14,2,22,23,19],[17,1,13,5,9,21,18,10,19,11],[1,5,9,13,17,21,18,10,19,11],[9,1,13,21,17,5,10,18,11,14,2,22,19],[1,21,13,17,5,9,10,18,11,2,14,22,19],[9,5,17,1,13,21,18,10,19,11],[13,17,1,9,5,21,10,18,11,14,2,22,23,19],[1,21,17,9,13,5,18,10,11,14,2,22,19],[17,5,1,21,13,9,10,18,19,11],[9,1,5,13,21,17,18,10,11,2,14,22,23,6],[13,17,5,9,1,21,18,10,11,2,14,22,19],[9,1,5,13,17,21,18,10,19,11],[17,5,9,1,21,13,10,18,11,2,14,24,19],[9,5,13,1,17,21,10,18,19,11],[21,17,1,9,13,6,18,10,19,5,11],[1,9,21,13,6,17,18,10,19,5,11],[13,9,21,5,17,1,18,10,11,2,14,22,23,20],[1,21,6,17,13,9,18,10,19,5,11],[17,13,5,9,1,21,18,10,11,2,14,22,19],[1,5,9,13,21,17,18,10,19,11],[17,1,5,10,21,13,9,18,11,2,14,22,19],[13,17,21,1,5,9,18,10,19,11],[13,21,9,17,1,5,10,18,19,11],[1,13,5,17,21,9,10,18,19,11],[17,9,5,1,21,13,18,10,11,2,14,22,19],[9,21,17,13,5,1,18,10,19,11],[13,9,5,17,21,1,10,18,19,11],[21,5,1,13,9,17,18,10,11,14,2,22,23,19],[13,5,1,17,9,21,10,18,11,2,14,22,23,19],[21,1,17,9,13,5,10,18,19,11],[5,1,21,9,17,13,18,10,19,11],[17,21,9,1,13,5,18,10,19,11],[9,21,13,1,5,17,18,10,11,2,14,22,19],[17,21,13,1,5,9,10,18,19,11],[5,17,21,13,1,9,18,10,19,11],[5,1,9,13,17,21,18,10,19,11],[13,5,17,1,9,21,10,18,19,11],[13,9,5,1,18,17,10,21,11,2,14,24,6],[9,5,21,1,13,17,10,18,11,2,14,22,19],[17,9,1,5,13,21,18,10,11,2,14,22,19],[13,1,17,5,21,9,10,18,19,11],[13,21,17,9,1,5,10,18,19,11],[13,17,9,5,21,1,10,18,11,14,2,22,23,19],[21,13,1,17,5,9,18,10,11,2,14,22,19],[5,1,17,13,22,10,9,21,11,18,19],[9,1,13,21,17,5,10,18,11,2,14,22,23,19],[21,1,13,5,17,9,10,18,19,11],[1,9,5,13,21,17,10,18,19,11],[5,13,9,1,21,17,18,10,11,2,14,22,23,19],[18,13,1,9,17,10,5,21,11,2,14,22,23,19],[1,21,13,9,5,17,18,10,19,11],[5,13,9,17,1,21,18,10,19,11],[22,9,21,10,1,13,17,5,11,18,23,14,2,19],[5,17,9,1,13,21,10,18,19,11],[9,17,5,21,13,1,10,18,19,11],[13,5,9,17,1,21,10,18,19,11],[21,9,1,5,17,13,10,18,11,14,2,22,23,19],[9,1,21,17,13,5,10,18,11,14,2,22,19],[9,21,5,13,17,1,10,18,19,11],[1,21,13,17,5,9,18,10,11,14,2,22,23,19],[17,5,9,21,1,13,18,10,19,11],[21,9,17,1,13,5,18,10,19,11],[5,1,9,17,13,21,10,18,19,11],[1,17,9,13,21,5,10,18,19,11],[17,1,13,9,21,5,10,18,11,2,14,22,19],[13,5,9,1,17,21,18,10,11,2,14,22,19],[21,13,5,9,1,17,18,10,19,11],[17,13,9,5,21,1,18,10,11,2,14,22,23],[13,17,1,9,5,21,10,18,19,11],[1,17,9,5,21,13,10,18,11,14,2,22,23,19],[17,5,1,13,21,9,18,10,11,2,14,22,19],[13,17,21,5,1,9,18,10,11,2,14,22,19],[13,5,17,1,21,9,10,18,11,14,2,22,23,20],[21,17,2,5,13,9,18,10,19,11],[13,1,17,21,9,5,18,10,11,14,2,22,23,19],[21,17,5,13,1,9,18,10,11,14,2,22,23,19],[9,1,17,21,5,13,18,10,11,2,14,22,23,19],[17,5,9,1,13,21,10,18,11,2,14,22,23,19],[9,13,5,1,21,17,10,18,11,2,14,23,19],[1,21,5,13,17,9,18,10,11,2,14,22,23,19],[21,1,9,13,5,17,18,10,19,11],[17,9,21,1,5,13,10,18,19,11],[5,1,21,9,13,17,10,18,19,11],[13,1,17,5,21,9,18,10,11,14,2,22,23,19],[21,9,5,1,17,13,18,10,19,11],[9,5,17,1,13,21,18,10,19,11],[5,17,1,21,9,13,18,10,19,11],[13,21,17,1,9,5,18,10,11,2,14,22,23],[9,13,17,5,21,1,18,10,19,11],[13,1,5,21,9,17,10,18,11,14,2,22,23,19],[1,9,17,21,5,13,10,18,19,11],[17,13,5,9,1,21,10,18,19,11],[5,13,9,1,21,17,18,10,11,2,14,22,19],[1,13,5,21,17,9,10,18,11,14,2,22,23],[5,1,9,13,21,17,10,18,11,14,2,22,19],[1,17,5,21,13,9,10,18,19,11],[21,13,5,17,1,9,18,10,11,14,2,22,23,19],[13,1,9,17,21,5,10,18,19,11],[1,9,21,17,13,5,18,10,19,11],[17,5,1,21,9,13,18,10,19,11],[17,13,9,5,21,1,18,10,19,11],[1,5,9,13,21,17,18,10,19,11],[9,13,5,21,1,17,10,18,11,2,14,22,23,19],[21,5,9,1,17,13,10,18,19,11],[10,5,13,21,17,1,9,18,11,14,2,22,19],[17,13,5,1,21,9,18,10,19,11],[13,17,1,21,9,5,18,10,11,14,2,22,23,19],[17,21,9,1,5,13,18,10,11,2,14,22,19],[13,5,21,9,1,17,18,10,11,2,14,22,19],[5,1,21,13,9,17,18,10,19,11],[1,5,13,9,17,21,18,10,11,2,14,22,23,19],[21,1,5,9,13,17,18,10,11,14,3,22,23,2,19],[1,17,21,6,13,9,18,10,19,5,11],[17,9,1,5,21,13,10,18,11,2,14,22,23,19],[21,5,1,18,9,17,10,14,11,13,2,22,19],[5,9,13,17,21,1,10,18,11,14,2,22,19],[5,13,21,17,9,1,18,10,11,2,14,22,23,19],[5,13,1,17,9,21,10,18,19,11],[5,13,1,9,17,21,18,10,19,11],[13,17,9,5,1,21,18,10,19,11],[21,17,13,9,5,1,10,18,19,11],[5,9,17,13,21,1,18,10,19,11],[13,17,21,5,2,9,10,18,19,11],[5,17,1,21,9,13,18,10,19,11],[9,13,21,5,1,17,18,10,11,14,2,22,19],[13,1,21,17,5,9,18,10,11,2,14,22,19],[9,5,1,17,21,13,10,18,11,2,14,22,23,19],[17,5,21,9,1,13,18,10,19,11],[9,13,17,5,1,21,18,10,11,2,14,22,19],[5,13,9,1,17,21,18,10,11,14,2,22,23,19],[13,21,17,5,9,1,18,10,19,11],[1,5,17,21,13,9,18,10,19,11],[13,5,21,9,1,17,18,10,19,11],[1,21,13,17,5,9,10,18,11,2,14,22,19],[9,5,21,1,13,17,18,10,19,11],[5,1,17,9,21,13,10,18,11,2,14,22,19],[13,1,5,17,9,21,18,10,11,14,2,22,19],[13,5,21,1,17,9,18,10,19,11],[9,13,21,17,1,5,18,10,11,14,2,22,19],[5,1,13,21,9,17,18,10,19,11],[1,21,9,17,13,5,18,10,19,11],[5,1,17,13,21,9,10,18,19,11],[21,9,13,1,5,17,10,18,19,11],[9,5,1,17,13,21,18,10,11,14,2,22,23,8,19],[5,1,17,9,13,21,10,18,19,11],[21,5,9,17,13,1,18,10,11,14,2,22,19],[21,13,10,5,17,1,9,18,11,2,14,22,23,19],[5,21,17,1,9,13,18,10,19,11],[1,13,5,17,21,9,10,18,19,11],[21,17,5,13,1,9,10,18,19,11],[17,1,21,9,13,6,18,10,19,5,11],[5,1,17,21,9,13,18,10,11,14,2,22,19],[21,13,9,1,5,17,18,10,19,11],[1,21,17,9,5,13,18,10,19,11],[21,1,17,5,9,13,10,18,19,11],[5,1,17,21,9,13,10,18,19,11],[9,21,1,5,17,13,18,10,19,11],[13,21,17,9,1,5,18,10,19,11],[13,21,9,2,17,5,18,10,11,1,14,22,23,19],[13,21,5,1,9,17,10,18,19,11],[5,1,21,18,13,9,17,10,19,11],[9,5,17,13,21,1,10,18,11,2,14,23,19],[9,5,17,21,1,13,18,10,19,11],[9,13,5,21,1,17,18,10,19,11],[17,9,5,1,21,13,18,10,11,2,14,22,19],[6,13,21,9,1,17,18,10,11,5,14,2,22,19],[5,13,17,1,21,9,10,18,19,11],[21,1,17,13,9,5,10,18,11,14,2,22,19],[21,1,9,13,18,17,10,5,19,11],[13,17,5,21,9,1,18,10,11,2,14,22,23,19],[21,1,5,9,17,13,18,10,11,14,2,22,19],[9,21,1,13,5,17,10,18,11,2,14,22,23],[17,13,9,21,5,1,18,10,11,14,2,22,23,19],[17,14,6,1,9,21,13,10,18,11,5,2,22,23],[21,1,17,9,5,13,18,10,19,11],[9,21,13,1,17,5,10,18,19,11],[5,9,17,1,21,13,18,10,11,2,14,24,6],[1,17,9,5,21,13,18,10,11,14,2,22,19],[9,5,1,17,21,13,10,18,11,14,2,22,19],[17,9,1,5,13,21,10,18,19,12],[13,21,1,17,9,5,18,10,11,2,14,22,19],[17,13,1,21,5,9,18,10,11,2,16,14,22,23],[9,14,5,17,1,21,13,10,18,11,2,22,19],[9,21,13,17,5,1,18,10,11,14,2,22,19],[17,5,10,1,13,21,9,18,11,14,2,22,19],[17,5,9,1,21,13,10,18,11,14,2,24,19],[13,9,17,5,21,1,10,18,19,11],[13,1,17,9,21,5,10,18,11,14,2,22,19],[1,17,9,13,5,21,18,10,19,11],[17,5,9,1,13,21,10,18,11,14,2,22,23,19],[5,13,1,9,17,21,10,18,11,2,14,22,19],[17,21,13,9,1,5,18,10,11,2,14,22,23,19],[1,13,21,5,9,17,18,10,19,11],[17,21,1,13,9,5,18,10,19,11],[21,5,17,9,1,13,10,18,19,11],[9,13,17,21,5,1,10,18,11,2,14,22,19],[17,5,13,2,9,21,10,18,11,1,14,22,19],[13,5,17,21,2,9,18,10,19,11],[17,13,5,21,9,1,10,18,11,14,2,22,19],[9,21,1,17,5,13,18,10,11,14,2,22,23,19],[13,1,5,9,17,21,10,18,11,14,2,22,19],[13,1,17,21,9,5,10,18,11,2,14,22,19],[1,5,17,9,13,22,21,10,23,18,19,11],[21,17,5,1,13,9,10,18,19,11],[21,5,17,1,13,9,18,10,11,14,2,22,19],[21,13,5,1,9,17,10,18,19,11],[5,9,1,21,17,13,10,18,19,11],[5,13,17,21,9,1,18,10,19,11],[9,17,13,1,5,21,18,10,11,2,14,24,8,6],[9,5,1,21,17,13,10,18,11,2,14,22,23,19],[1,17,5,13,21,9,10,18,11,2,14,22,19],[5,13,21,9,17,1,18,10,19,11],[13,9,21,1,17,5,18,10,11,14,2,22,19],[1,21,9,5,17,13,10,18,19,11],[13,1,5,17,21,9,18,10,19,11],[17,9,13,21,5,2,18,10,11,1,14,22,23,19],[17,5,13,1,21,9,10,18,11,14,2,22,23,19],[17,9,5,21,13,1,10,18,19,11],[5,1,13,17,9,21,10,18,11,2,14,22,23,19],[21,9,13,1,17,5,18,10,11,2,14,22,19],[1,9,13,21,5,17,10,18,11,14,2,22,23],[13,1,5,17,21,9,10,18,11,14,2,22,19],[5,1,21,9,17,13,18,10,11,14,2,23,19],[1,17,13,9,5,21,18,10,11,14,2,22,19],[13,21,17,5,9,1,10,18,11,14,2,22,19],[17,9,1,13,21,5,10,18,11,2,14,22,19],[17,13,9,1,5,22,21,10,11,18,23,2,14,19],[21,9,1,17,5,13,10,18,11,2,14,22,23,19],[13,9,5,21,17,1,18,10,19,11],[1,18,14,5,9,17,10,21,19,13,11],[13,5,17,21,9,1,10,18,19,11],[21,5,9,13,17,1,10,18,11,14,2,22,19],[13,17,5,9,21,1,18,10,19,11],[22,17,13,5,9,21,10,1,11,18,19],[13,21,1,17,5,9,18,10,11,2,14,22,23,20],[21,13,10,1,5,17,9,18,11,14,2,22,23],[21,1,17,13,5,9,10,18,11,2,14,22,23,19],[1,17,5,13,21,9,10,18,19,11],[17,21,13,5,9,1,18,10,19,11],[1,17,9,21,5,13,10,18,19,11],[13,17,9,5,21,1,10,18,11,2,14,22,23],[5,13,17,9,21,1,10,18,11,14,2,22,23,19],[17,21,13,1,9,5,18,10,11,14,2,22,23,19],[9,17,1,21,13,5,10,18,19,11],[1,5,21,9,17,13,10,18,19,11],[17,9,13,1,21,5,18,10,11,14,2,24,19],[9,1,5,13,18,17,10,21,11,14,2,22,19],[17,5,9,13,21,1,10,18,19,11],[17,13,9,5,1,21,10,18,19,11],[5,21,9,13,1,17,10,18,11,2,14,22,23],[13,1,6,9,21,18,17,10,19,5,11],[1,21,9,13,17,5,10,18,11,2,14,22,23,8,19],[5,1,21,9,17,14,13,18,10,11,2,22,23,19],[17,9,13,1,21,5,10,18,19,11],[5,9,17,13,1,21,18,10,11,2,14,22,23],[1,21,18,10,17,9,13,5,19,11],[21,1,13,17,5,9,18,10,11,14,2,22,23,19],[1,13,21,17,5,9,18,10,11,2,14,22,19],[1,21,17,9,5,13,18,10,11,2,14,23,19],[17,13,5,9,1,21,18,10,19,11],[5,21,1,9,17,13,18,10,19,11],[13,5,17,21,9,1,10,18,19,11],[9,21,17,5,1,13,18,10,11,14,2,22,19],[1,17,5,21,13,9,18,10,19,11],[1,5,9,13,21,17,10,18,19,11],[21,1,5,9,13,17,18,10,11,14,2,22,23,19],[9,5,1,21,13,17,18,10,11,14,2,22,19],[5,13,9,1,21,17,10,18,19,11],[13,9,17,1,5,21,10,18,19,11],[9,1,13,17,5,21,18,10,11,14,2,22,23,6],[1,13,17,5,21,9,18,10,11,14,2,23,19],[17,5,9,13,1,21,10,18,11,14,2,22,23,19],[21,9,5,1,13,17,18,10,19,12],[13,1,21,5,9,17,10,18,11,14,2,22,19],[5,17,13,21,1,9,10,18,19,11],[21,2,9,5,13,17,10,18,19,11],[1,13,5,9,21,17,10,18,19,11],[5,17,21,13,9,1,18,10,19,11],[9,21,5,17,1,13,10,18,11,14,2,22,23,6],[13,17,5,21,1,9,10,18,19,11],[21,17,9,1,5,13,10,18,19,11],[13,9,21,5,17,1,18,10,19,11],[13,9,21,17,5,1,18,10,11,14,2,22,23,19],[1,5,9,21,17,13,10,18,19,11],[21,9,13,5,17,1,18,10,11,14,2,22,23,19],[1,9,17,13,6,21,18,10,11,5,14,2,23],[9,1,17,13,5,21,10,18,11,2,14,22,19],[17,9,1,21,5,13,10,18,11,2,14,22,19],[1,21,17,13,9,5,18,10,19,11],[21,13,9,17,5,1,10,18,11,2,14,22,19],[21,1,9,13,5,17,10,18,19,11],[5,21,13,9,17,1,18,10,19,11],[5,17,9,1,13,21,18,10,11,14,2,22,23,20],[21,17,1,13,9,5,10,18,11,2,14,22,23,19],[1,9,21,5,13,17,18,10,11,2,14,22,19],[13,21,9,17,5,1,18,10,19,11],[5,9,17,13,21,1,18,10,19,11],[13,21,9,17,1,5,18,10,11,2,14,22,23,19],[1,5,17,9,13,21,10,18,11,14,2,22,23,6],[1,17,13,21,5,9,18,10,11,2,14,19],[21,1,5,13,17,9,18,10,11,14,2,22,19],[5,13,18,9,17,10,21,1,11,2,14,24,19],[1,13,5,17,21,9,18,10,19,11],[17,1,5,21,13,9,18,10,19,11],[5,21,1,13,9,17,10,18,19,11],[21,17,9,1,13,5,10,18,19,11]],"n_human":5}