{"problem_id":"CIwwWGh5AYMNeFl","sigma":150,"alpha":1.000,"cost":0,"probabilities":"[0.3, 0.34, 0.2, 0.16]","payoff_matrix":"[[7, -161, -93, -197, 55, -190], [-230, -70, -180, 41, -96, 44], [63, -57, 73, 113, -147, -112], [261, 12, 14, 141, 239, 449]]","uncovered":[[14,10,6,18,2,22,13,21,5,17,9,23,15,19,1,16,7,20,4,3,11,24,12,8],[22,14,21,18,10,6,2,13,5,17,9,23,19,15,1,20,16,7,3,4,12,8,11,24],[14,22,21,10,18,6,2,13,5,17,9,19,15,23,1,20,16,7,3,4,11,12,8,24],[2,6,18,22,10,14,13,21,5,17,9,23,15,19,1,20,16,7,3,11,12,4,24,8],[10,2,18,14,6,22,13,5,21,17,9,19,15,23,1,20,16,7,3,12,4,8,24,11],[18,2,10,6,14,22,13,5,17,21,9,19,15,23,1,16,8,20,3,7,12,4,24,11],[2,10,6,22,14,21,18,5,17,13,9,19,15,23,1,16,7,20,3,12,8,4,24],[18,22,10,14,21,2,6,13,5,17,9,19,23,15,1,16,7,20,4,3,12,8,11,24],[22,2,10,18,14,13,6,5,21,17,9,23,15,19,1,20,16,7,3,12,24,4,8,11],[22,2,10,18,6,14,21,13,17,5,9,23,15,19,1,16,7,20,3,11,8,24],[10,18,6,22,14,21,2,5,17,13,9,23,19,15,1,20,16,3,7,11,24,12,8],[22,2,14,21,10,18,6,13,5,17,9,23,19,15,1,16,7,20,3,12,24,11],[18,14,6,2,22,21,10,13,17,5,9,23,19,15,1,20,16,7,3,12,11],[10,14,6,2,22,13,18,5,21,17,9,23,15,19,1,16,3,8,20,11,7,12,4,24],[22,2,14,21,18,10,6,13,17,5,9,19,15,23,1,20,16,7,3,12,24,4,8,11],[6,18,22,2,10,14,13,5,17,21,9,23,15,19,1,16,7,20,3,11,12,4,8,24],[14,2,6,10,18,22,13,5,21,17,9,19,15,23,1,20,16,7,4,3,12,24,8,11],[2,22,14,13,6,10,18,21,17,5,9,23,15,19,1,16,7,20,3,11,4,24,8,12],[6,22,18,2,14,21,10,5,17,13,9,23,19,15,1,16,8,4,3,20,7,12,11,24],[6,10,18,22,14,13,2,5,21,17,9,19,15,23,1,16,8,3,20,11,7,24,12,4],[6,2,14,18,10,22,13,21,5,17,9,19,15,23,1,20,16,7,4,3,12,24,8],[18,14,10,22,21,6,2,5,17,13,9,19,15,23,1,20,16,7,3,12,11,4,24],[10,14,22,13,18,2,6,21,17,5,9,23,15,19,1,20,16,7,3,12,24,4,8,11],[14,22,21,10,2,6,18,13,17,5,9,19,23,15,1,20,16,8,4,3,7,11,12,24],[22,6,10,2,18,14,13,5,17,21,9,23,15,19,1,16,20,7,3,12,24,4,11],[18,6,2,10,14,22,13,21,17,5,9,19,23,15,1,20,16,7,3,11,8,24,4,12],[2,14,10,22,21,18,6,13,17,5,9,19,15,23,1,16,20,7,3,11,4,12,24],[6,14,2,18,10,22,21,5,17,13,9,23,19,15,1,20,16,7,4,3,12,11,24],[2,14,22,21,18,10,6,13,5,17,9,23,15,19,1,16,8,4,3,20,11,7,12,24],[6,10,22,14,21,2,18,5,17,13,9,23,19,15,1,20,16,7,4,3,12,24,8,11],[6,14,2,10,22,13,18,5,21,17,9,19,23,15,1,16,20,8,3,4,11,7,24],[22,6,2,10,14,21,18,5,13,17,9,19,15,23,1,16,7,20,3,11,4,24],[2,6,10,22,14,21,18,13,5,17,9,23,15,19,1,16,7,20,3,12,24,4,11,8],[2,10,14,22,21,18,6,5,13,17,9,23,15,19,1,16,7,20,4,3,12,24,11,8],[6,18,22,10,2,14,21,5,13,17,9,19,15,23,1,16,7,3,20,12,11,4,8],[14,10,6,22,21,18,2,5,13,17,9,19,23,15,1,20,16,7,3,12,24,8,11,4],[22,10,18,6,2,14,21,5,17,13,9,19,15,23,1,16,7,20,3,12,4,8,24],[14,10,22,21,18,6,2,5,13,17,9,19,15,23,1,20,16,7,3,24,12],[22,10,6,14,21,2,18,5,17,13,9,19,23,15,1,16,7,20,3,12,11,8,24,4],[6,22,10,2,14,13,18,5,21,17,9,19,15,23,1,20,16,7,3,11,24,12,4,8],[18,6,14,10,2,22,21,13,17,5,9,19,15,23,1,16,7,20,3,12,11,24,4],[2,18,22,6,14,21,10,13,17,5,9,23,19,15,1,16,7,3,20,11,24,4],[14,6,10,18,2,22,21,5,13,17,9,23,15,19,1,20,16,7,3,12,4,8,11,24],[2,14,10,6,22,21,18,13,17,5,9,19,15,23,1,20,16,7,3,11,24,8,12,4],[6,14,18,2,10,22,13,21,17,5,9,23,15,19,1,20,16,7,3,11,4,24],[2,10,18,14,22,13,6,21,5,17,9,19,23,15,1,20,16,4,3,7,11,24,8,12],[2,10,22,14,21,6,18,13,5,17,9,19,23,15,1,20,16,7,3,12,24],[2,14,18,10,22,21,6,5,17,13,9,23,15,19,1,20,16,3,8,7,12,24,4],[10,14,2,18,6,22,13,5,21,17,9,19,23,15,1,16,7,20,4,3,11,24,12,8],[10,14,22,21,18,2,6,5,13,17,9,23,15,19,1,20,16,7,4,3,11,8,24,12],[22,14,21,2,10,6,18,5,13,17,9,19,23,15,1,16,7,20,4,3,11,24],[10,22,2,6,14,13,18,21,17,5,9,19,23,15,1,20,16,3,7,11,4,24,8],[14,2,6,10,22,21,18,13,5,17,9,23,19,15,1,16,7,20,4,3,12,24,8],[22,18,14,21,2,10,6,5,13,17,9,23,15,19,1,16,7,20,3,11,12,4,24],[14,18,22,21,2,10,6,13,5,17,9,23,15,19,1,16,7,4,3,20,11,8,24,12],[22,18,2,6,14,21,10,5,13,17,9,23,15,19,1,16,20,7,3,4,12,11,8,24],[2,14,18,6,22,21,10,5,13,17,9,23,19,15,1,16,8,4,3,20,7,12,24],[10,18,14,2,22,21,6,5,13,17,9,19,15,23,1,20,16,8,3,12,7,24,11,4],[6,18,2,14,22,13,10,5,17,21,9,19,23,15,1,20,16,7,3,24,8,11,4],[18,14,10,2,22,13,6,5,17,21,9,19,23,15,1,16,7,20,4,3,11,12,24,8],[22,6,14,21,18,10,2,13,5,17,9,19,15,23,1,16,8,20,4,3,7,11,24,12],[14,10,18,22,13,6,2,5,21,17,9,19,15,23,1,20,16,8,3,7,12,4,24,11],[6,18,10,22,14,13,2,21,17,5,9,23,15,19,1,16,7,20,3,11,12,4,8],[10,6,14,18,22,13,2,21,17,5,9,19,15,23,1,20,16,8,3,7,11,24],[10,14,22,21,6,2,18,13,5,17,9,23,15,19,1,16,8,20,11,3,7,24,4,12],[6,2,10,18,14,22,13,21,5,17,9,19,23,15,1,20,16,4,3,7,11,24,12],[2,10,6,18,22,14,13,21,17,5,9,19,23,15,1,16,20,8,3,11,7,4,24],[2,18,22,6,14,13,10,5,17,21,9,23,15,19,1,16,8,20,3,7,12,4,24,11],[2,10,6,22,14,21,18,13,17,5,9,19,15,23,1,16,20,7,3,11,4,12,8,24],[10,6,22,18,2,14,13,21,5,17,9,23,19,15,1,16,7,20,3,12,8,4,24],[22,14,13,18,6,10,2,5,17,21,9,19,23,15,1,20,16,7,4,3,24,11,12],[14,22,21,6,10,2,18,5,17,13,9,19,15,23,1,20,16,8,3,7,12,11,4,24],[2,10,22,18,6,14,21,5,17,13,9,23,15,19,1,16,7,3,20,12,4,11,8,24],[22,2,6,10,18,14,21,5,17,13,9,19,23,15,1,20,16,7,3,11,24],[14,22,13,18,2,10,6,5,21,17,9,19,23,15,1,16,7,20,3,12,11,24,8,4],[22,6,18,10,2,14,21,13,5,17,9,19,15,23,1,16,7,20,4,3,8,11,12,24],[10,6,18,2,14,22,13,5,21,17,9,23,19,15,1,20,16,7,3,12,8,4,24,11],[14,6,10,22,21,2,18,13,5,17,9,23,15,19,1,20,16,7,4,3,11,24,8,12],[22,10,2,18,14,13,6,21,5,17,9,23,15,19,1,16,7,20,4,3,12,8,11,24],[2,10,6,22,18,14,13,21,5,17,9,19,23,15,1,16,7,20,3,24,8,11,4],[6,2,10,22,14,21,18,5,13,17,9,23,15,19,1,20,16,8,3,7,12,24,4,11],[18,10,6,14,2,22,21,13,17,5,9,23,15,19,1,16,7,20,4,3,12,11,24],[10,14,2,18,22,21,6,5,13,17,9,19,15,23,1,16,8,20,3,12,7,24,11,4],[14,2,22,21,18,6,10,5,13,17,9,19,23,15,1,16,8,20,3,11,7,24,4],[6,14,10,2,22,21,18,5,17,13,9,23,15,19,1,16,7,20,4,3,11,24,8,12],[14,22,13,18,6,10,2,21,5,17,9,19,23,15,1,20,16,3,7,8,4,12,24],[2,6,18,14,22,13,10,21,5,17,9,23,19,15,1,20,16,7,3,4,12,24,8],[22,14,13,18,2,10,6,21,5,17,9,19,23,15,1,20,16,7,3,11,4,8,24,12],[14,6,18,2,10,22,13,5,21,17,9,23,15,19,1,16,20,8,4,3,11,7,24,12],[10,2,18,22,14,13,6,21,5,17,9,19,15,23,1,16,7,20,3,12,4,24,8],[22,6,14,13,18,10,2,5,21,17,9,19,15,23,1,16,8,3,20,4,24,7,11],[14,18,10,22,13,2,6,5,21,17,9,23,15,19,1,16,7,20,4,3,11,24],[18,22,10,2,14,21,6,5,13,17,9,23,19,15,1,16,8,3,20,4,12,7,24],[6,14,18,22,21,2,10,5,17,13,9,23,19,15,1,16,20,8,3,7,12,4,11,24],[6,18,10,22,2,14,21,5,13,17,9,23,15,19,1,20,16,7,3,11,24,8,4],[18,14,6,22,21,10,2,5,13,17,9,19,23,15,1,20,16,7,4,3,11,24,8,12],[18,2,14,10,6,22,21,13,17,5,9,19,23,15,1,16,7,20,4,3,11,24,8,12],[14,22,13,2,6,18,10,5,21,17,9,19,23,15,1,20,16,7,3,11,4,12,24,8],[10,2,22,18,14,21,6,13,17,5,9,19,15,23,1,20,16,7,3,11,12,8,24],[22,18,2,10,14,21,6,5,13,17,9,23,15,19,1,20,16,7,4,3,11,24],[10,18,2,22,14,13,6,21,5,17,9,23,19,15,1,20,16,7,3,11,24],[2,14,22,13,10,18,6,5,17,21,9,19,15,23,1,20,16,7,3,11,4,24,8],[10,2,14,18,22,13,6,5,17,21,9,23,19,15,1,16,20,7,4,3,12,24,8,11],[22,10,2,14,13,6,18,21,17,5,9,23,15,19,1,16,7,20,4,3,12,8,24],[10,22,6,14,13,2,18,5,21,17,9,23,15,19,1,16,20,7,3,12,4,24,8,11],[14,22,13,18,10,6,2,5,17,21,9,23,19,15,1,16,20,4,3,7,11,24,8],[22,14,13,2,18,10,6,21,17,5,9,23,19,15,1,20,16,7,3,11,12,24,4,8],[14,22,13,18,2,10,6,21,17,5,9,23,15,19,1,20,16,7,3,11,4,8,24,12],[22,6,14,13,2,18,10,21,5,17,9,19,23,15,1,20,16,7,3,11,4,12,24,8],[2,10,14,22,21,6,18,5,17,13,9,19,23,15,1,16,7,20,4,3,11,12,24,8],[14,18,2,22,13,6,10,21,5,17,9,19,15,23,1,20,16,3,7,11,4,8,24,12],[18,22,14,21,2,10,6,13,17,5,9,19,23,15,1,16,8,20,4,3,7,12,24],[22,6,14,13,18,2,10,21,17,5,9,23,19,15,1,20,16,8,4,3,7,11,24],[18,10,6,14,22,21,2,5,17,13,9,19,15,23,1,16,8,20,3,11,7,24,4],[2,18,22,6,10,14,13,21,17,5,9,19,15,23,1,16,7,20,3,4,12,24,11],[6,14,22,21,18,2,10,13,5,17,9,19,15,23,1,20,16,8,3,11,4,12,7,24],[6,22,10,14,21,18,2,13,17,5,9,23,15,19,1,20,16,7,3,11,24,4,12,8],[14,2,10,6,18,22,21,13,5,17,9,23,15,19,1,16,20,3,7,11,8,24,4,12],[14,22,21,10,2,6,18,13,5,17,9,19,15,23,1,16,7,20,3,11,24,12,4,8],[6,2,14,18,10,22,21,13,5,17,9,23,19,15,1,20,16,8,3,7,11,24,4],[6,10,18,2,22,14,21,13,5,17,9,23,15,19,1,16,7,20,3,11,4,24,8,12],[18,2,14,6,10,22,13,5,17,21,9,23,19,15,1,16,20,7,3,4,12,24,8,11],[10,2,6,18,22,14,13,21,5,17,9,19,15,23,1,16,8,20,3,7,12,4,11,24],[22,2,18,14,21,10,6,13,17,5,9,23,15,19,1,16,7,3,20,11,4,8,12],[10,18,2,14,22,13,6,5,21,17,9,19,23,15,1,16,7,20,3,11,24,8],[18,2,10,22,14,21,6,13,17,5,9,23,15,19,1,20,16,7,3,12,24,11,8,4],[22,14,21,10,6,18,2,13,5,17,9,23,19,15,1,16,7,20,3,12,24,4,8],[14,18,6,2,22,13,10,21,17,5,9,19,15,23,1,20,16,8,3,12,7,24,4],[10,14,6,2,18,22,13,21,5,17,9,19,15,23,1,16,7,20,4,3,24,11],[2,14,22,21,18,6,10,13,17,5,9,19,15,23,1,20,16,7,4,3,12,11,24],[10,6,22,14,13,18,2,21,17,5,9,19,15,23,1,16,7,20,3,11,12,4,24],[6,22,18,14,21,10,2,5,13,17,9,19,23,15,1,16,20,7,3,24,12,4,11],[6,10,14,18,22,13,2,21,5,17,9,23,15,19,1,20,16,7,4,3,12,24,8],[10,2,22,6,14,13,18,5,17,21,9,23,15,19,1,16,7,20,4,3,11,12,24,8],[2,6,14,10,18,22,21,13,17,5,9,19,23,15,1,16,7,20,4,3,11,12,8,24],[18,2,22,10,6,14,13,21,5,17,9,19,15,23,1,16,7,20,4,3,12,8,11,24],[18,6,14,22,21,10,2,13,5,17,9,19,15,23,1,20,16,3,7,12,4,24],[6,14,2,18,22,13,10,5,17,21,9,19,15,23,1,20,16,7,3,11,12,4,24,8],[22,18,10,14,13,6,2,5,17,21,9,23,19,15,1,20,16,7,4,3,12,8,11,24],[6,14,22,21,2,18,10,5,17,13,9,23,19,15,1,16,7,20,3,11,24,4,8],[14,22,21,2,10,18,6,5,17,13,9,19,15,23,1,16,7,20,3,24,8,11,12,4],[2,10,22,14,21,6,18,5,13,17,9,19,23,15,1,16,20,8,3,11,7,4,12,24],[18,22,10,14,21,6,2,5,17,13,9,19,23,15,1,20,16,7,3,12,11,8,24,4],[10,22,14,21,2,18,6,5,17,13,9,23,19,15,1,20,16,7,3,11,24],[14,10,6,18,22,13,2,21,17,5,9,19,15,23,1,20,16,7,3,11,8,4,24,12],[18,10,2,14,6,22,21,5,17,13,9,23,15,19,1,20,16,7,3,12,24,4,11],[18,10,6,22,14,21,2,13,5,17,9,23,15,19,1,16,7,20,3,12,11,24,4,8],[18,22,10,2,14,13,6,21,17,5,9,23,15,19,1,20,16,7,3,12,4,24,8,11],[10,22,18,6,14,21,2,13,17,5,9,23,19,15,1,20,16,7,4,3,11,24,8],[14,22,13,2,6,18,10,21,17,5,9,23,15,19,1,20,16,7,3,11,4,24],[10,18,2,6,22,14,13,5,17,21,9,19,23,15,1,20,16,7,3,11,4,24],[10,22,14,21,6,2,18,13,17,5,9,23,19,15,1,16,20,7,3,12,24,8,11],[10,14,22,13,2,18,6,21,5,17,9,23,19,15,1,20,16,7,3,12,11,4,24,8],[2,10,14,6,18,22,21,5,13,17,9,23,19,15,1,16,7,20,3,12,4,24,8],[2,6,18,10,22,14,13,21,17,5,9,19,15,23,1,16,7,20,3,11,8,4,12,24],[6,10,18,14,2,22,21,13,5,17,9,23,19,15,1,16,7,20,3,12,11],[14,22,21,18,6,10,2,5,17,13,9,19,15,23,1,20,16,7,3,11,4,24],[22,6,10,14,21,2,18,5,13,17,9,19,15,23,1,16,8,20,3,7,11,4,12,24],[18,6,22,14,21,10,2,13,17,5,9,23,15,19,1,16,7,20,3,12,24,8,11,4],[6,2,14,18,22,21,10,13,17,5,9,23,15,19,1,16,7,20,3,11,4,24],[6,2,14,18,10,22,13,5,21,17,9,23,15,19,1,20,16,4,3,7,11],[14,2,18,10,22,21,6,13,5,17,9,19,23,15,1,16,7,20,4,3,12,11,8,24],[18,14,6,10,22,13,2,21,17,5,9,23,15,19,1,16,7,20,3,11,4,24,8,12],[22,18,10,6,2,14,13,21,17,5,9,19,23,15,1,20,16,7,3,12,24,4,11,8],[10,2,6,14,22,13,18,5,17,21,9,23,19,15,1,20,16,7,3,11,8,24],[18,10,6,2,22,14,13,5,21,17,9,23,15,19,1,20,16,7,3,11,24,12,4],[2,22,10,14,21,18,6,13,17,5,9,23,15,19,1,20,16,7,3,11,8,24,4,12],[2,10,22,6,14,13,18,21,5,17,9,19,23,15,1,20,16,7,3,11,4,12,24],[22,2,14,21,10,18,6,13,17,5,9,23,15,19,1,20,16,7,3,11,24,12,4,8],[10,22,2,14,13,18,6,5,21,17,9,19,23,15,1,20,16,7,4,3,12,11,8,24],[2,6,14,18,10,22,21,13,17,5,9,23,19,15,1,16,20,7,3,11,4,24],[18,10,2,22,6,14,13,21,17,5,9,23,15,19,1,16,8,4,3,20,11,7,24,12],[22,14,21,18,2,6,10,13,5,17,9,23,19,15,1,16,7,20,4,3,12,24,8,11],[2,10,14,22,21,18,6,5,17,13,9,19,15,23,1,20,16,8,3,7,24,12,4,11],[22,14,13,18,10,6,2,21,17,5,9,23,15,19,1,20,16,7,3,11,8,24,4,12],[10,22,14,21,6,18,2,5,13,17,9,23,19,15,1,16,8,20,3,11,7,12,4,24],[14,10,2,22,21,6,18,13,5,17,9,19,23,15,1,16,7,3,20,12,4,8,24],[10,6,2,14,18,22,13,21,5,17,9,23,19,15,1,16,20,7,12,3,24],[14,10,18,6,22,21,2,5,13,17,9,23,15,19,1,20,16,7,3,12,4,24,8,11],[18,22,14,13,6,2,10,5,17,21,9,19,23,15,1,20,16,7,3,4,11,24],[22,2,10,6,18,14,13,21,17,5,9,19,23,15,1,16,8,20,3,11,7,24],[10,22,14,21,2,6,18,5,17,13,9,23,15,19,1,16,8,20,3,7,4,12,24,11],[22,6,10,2,14,21,18,5,17,13,9,23,19,15,1,16,7,20,3,24,11,12,4,8],[6,18,2,10,14,22,21,13,17,5,9,19,15,23,1,16,8,20,3,7,4,12,24,11],[22,14,13,6,18,2,10,5,21,17,9,19,23,15,1,16,7,3,20,4,12,24,11,8],[10,22,6,18,14,13,2,21,5,17,9,23,15,19,1,16,7,20,4,3,11,24,12,8],[10,2,18,22,6,14,13,21,5,17,9,23,19,15,1,20,16,7,4,3,12,8,24],[6,10,2,22,14,13,18,5,17,21,9,23,15,19,1,16,7,20,3,11,8,24,12,4],[2,22,10,6,18,14,21,13,5,17,9,23,15,19,1,20,16,7,3,11,24,8],[6,10,2,18,14,22,13,5,21,17,9,23,19,15,1,16,7,3,20,12,8,24,11],[14,6,18,2,22,21,10,5,13,17,9,19,15,23,1,16,20,7,4,3,12,24,11,8],[10,14,22,21,2,6,18,13,5,17,9,19,23,15,1,16,7,20,3,12,24,11,8,4],[14,2,10,18,6,22,13,5,21,17,9,19,23,15,1,20,16,7,4,3,11,12,24,8],[6,10,2,14,22,13,18,5,17,21,9,19,15,23,1,16,3,7,20,11,4,8,24,12],[14,18,22,13,10,2,6,5,21,17,9,23,19,15,1,20,16,7,3,11,4,8,12,24],[2,14,10,22,21,6,18,13,5,17,9,19,15,23,1,16,20,7,3,11,12,4,24],[22,10,6,2,18,14,21,5,13,17,9,19,15,23,1,16,8,20,3,7,12,4,24,11],[18,22,14,21,2,10,6,5,17,13,9,19,23,15,1,20,16,7,4,3,11,24],[22,18,2,6,10,14,21,13,17,5,9,19,23,15,1,16,7,20,4,3,12,11,24,8],[6,22,18,14,13,10,2,5,21,17,9,19,23,15,1,20,16,3,7,12,11,24,8,4],[2,14,22,21,6,18,10,13,17,5,9,19,23,15,1,16,7,20,4,3,11,8,24,12],[14,2,22,13,18,10,6,21,5,17,9,19,23,15,1,16,8,3,20,12,7,11,24,4],[18,2,14,6,10,22,21,5,13,17,9,19,23,15,1,20,16,7,4,3,24,12,11,8],[18,14,6,22,21,2,10,5,17,13,9,23,19,15,1,20,16,7,3,11,24,8,4,12],[22,6,2,10,14,13,18,5,21,17,9,19,15,23,1,16,7,20,4,3,11,8,24,12],[2,6,14,18,10,22,21,13,5,17,9,19,15,23,1,16,7,20,3,11,24,4],[6,14,18,2,22,13,10,5,21,17,9,19,23,15,1,20,16,7,3,24,11,4],[6,14,2,10,18,22,13,5,17,21,9,23,19,15,1,20,16,7,3,11,24,4,12,8],[14,10,22,21,6,2,18,5,17,13,9,23,19,15,1,20,16,7,3,12,8,11,24,4],[18,10,22,14,13,2,6,5,21,17,9,23,15,19,1,20,16,7,3,12,4,11,8,24],[22,2,18,14,13,6,10,5,17,21,9,23,15,19,1,20,16,8,3,11,7,4,12,24],[10,2,18,14,22,21,6,13,5,17,9,19,15,23,1,16,7,20,4,3,12,11,24],[14,18,2,6,10,22,13,5,21,17,9,23,15,19,1,20,16,7,3,12,11,4,8,24],[22,2,10,6,18,14,13,5,21,17,9,23,15,19,1,16,7,3,20,12,4,24,11,8],[22,2,10,6,18,14,13,21,5,17,9,23,19,15,1,16,20,7,4,3,12,8,24,11],[18,6,2,14,22,21,10,13,17,5,9,23,19,15,1,16,7,20,4,3,12,24,11],[2,18,14,6,22,13,10,5,21,17,9,23,15,19,1,16,7,20,3,12,4,11],[10,18,2,22,14,13,6,5,17,21,9,19,15,23,1,20,16,7,3,11,24,8,4],[22,14,13,10,2,6,18,21,5,17,9,19,15,23,1,16,7,3,20,12,24,4,11,8],[10,2,22,6,18,14,13,21,17,5,9,23,15,19,1,16,8,20,4,3,7,12,11,24],[22,18,2,10,6,14,21,13,17,5,9,19,15,23,1,16,3,7,20,11,8,4,24],[22,10,18,6,2,14,21,13,17,5,9,23,15,19,1,20,16,7,3,11,24,12,8,4],[22,14,21,6,10,2,18,5,17,13,9,23,15,19,1,20,16,7,3,11,4,12,24],[2,14,18,10,22,13,6,5,17,21,9,19,23,15,1,16,20,7,3,12,4,8,11,24],[18,22,14,21,6,10,2,13,17,5,9,23,15,19,1,16,7,20,4,3,11,12,24],[2,6,14,10,22,13,18,21,17,5,9,23,15,19,1,16,8,20,3,11,7,24,4],[6,14,18,10,22,13,2,5,21,17,9,19,23,15,1,16,7,20,3,24,12,8,4,11],[22,14,21,18,10,6,2,13,17,5,9,19,15,23,1,20,16,7,3,12,4,8,11,24],[18,14,2,6,22,13,10,21,17,5,9,23,15,19,1,16,20,8,4,3,11,7,12,24],[2,10,6,22,18,14,21,13,17,5,9,19,15,23,1,20,16,7,3,12,4,8,11,24],[22,6,18,2,14,13,10,5,21,17,9,23,19,15,1,16,7,20,3,11,4,12,24],[14,22,21,10,6,18,2,13,5,17,9,19,23,15,1,20,16,7,3,12,4,11,24],[14,6,2,18,10,22,21,13,5,17,9,23,15,19,1,20,16,7,3,11,24,8,4],[14,22,13,6,18,10,2,21,5,17,9,23,15,19,1,20,16,7,4,3,11,8,24],[6,18,22,14,13,2,10,5,21,17,9,23,15,19,1,16,8,20,4,3,24,12,7,11],[14,18,6,10,2,22,13,21,5,17,9,19,15,23,1,20,16,7,3,12,11,8,4,24],[18,22,2,6,14,13,10,21,17,5,9,23,15,19,1,20,16,8,4,3,11,7,12,24],[18,6,22,14,21,10,2,5,13,17,9,23,19,15,1,20,16,8,4,3,7,11,12,24],[18,22,14,13,6,10,2,5,21,17,9,19,23,15,1,16,7,20,4,3,12,8,24],[18,2,10,14,6,22,21,5,13,17,9,19,23,15,1,16,7,20,4,3,12,8,24],[6,18,14,2,10,22,21,13,17,5,9,19,23,15,1,20,16,7,4,3,12,11,24,8],[14,10,6,22,13,2,18,5,21,17,9,19,23,15,1,16,3,7,20,11,12,24,4],[14,10,18,22,21,2,6,5,17,13,9,23,15,19,1,16,7,20,3,11,24,8,4,12],[18,2,6,22,10,14,21,13,17,5,9,23,15,19,1,20,16,7,3,11,4,24,8],[18,6,10,14,22,13,2,5,21,17,9,23,15,19,1,20,16,8,3,7,11,4,12,24],[14,2,18,10,22,13,6,21,5,17,9,19,23,15,1,16,7,20,3,11,24,8,12,4],[10,22,14,13,18,6,2,21,5,17,9,19,15,23,1,16,7,20,3,4,11,8,12,24],[2,10,14,18,22,21,6,5,13,17,9,23,15,19,1,20,16,7,3,11,12,4,24],[6,10,14,18,2,22,13,5,17,21,9,23,19,15,1,20,16,8,3,7,11,24,4],[6,18,2,10,22,14,21,13,5,17,9,19,15,23,1,16,7,3,20,11,4,8,24,12],[22,2,18,10,14,13,6,5,17,21,9,19,15,23,1,20,16,7,3,11,4,24],[14,6,2,22,21,18,10,13,5,17,9,23,15,19,1,20,16,7,4,3,12,11,24],[22,18,2,14,21,6,10,5,13,17,9,19,15,23,1,20,16,8,3,24,4,11,7],[18,6,14,2,10,22,21,13,17,5,9,19,23,15,1,20,16,8,4,3,7,11,24,12],[14,10,6,18,22,21,2,13,17,5,9,19,23,15,1,20,16,7,3,12,11,4,24,8],[22,18,2,6,10,14,21,13,5,17,9,23,19,15,1,16,7,20,3,8,11,4,24,12],[6,22,2,18,10,14,13,21,17,5,9,19,15,23,1,20,16,8,3,11,7,24,4],[22,10,2,6,14,13,18,5,17,21,9,23,15,19,1,16,7,20,3,11,8,4,12,24],[22,6,2,18,10,14,21,13,17,5,9,19,23,15,1,16,7,20,3,12,24,8,11],[14,2,6,22,13,18,10,5,21,17,9,23,19,15,1,20,16,8,3,12,7,11,24,4],[18,2,6,22,14,21,10,5,17,13,9,23,19,15,1,16,8,3,20,7,12,4,24,11],[22,14,21,6,18,2,10,5,17,13,9,23,15,19,1,20,16,8,4,3,11,7,24,12],[2,14,6,22,13,10,18,21,5,17,9,23,15,19,1,16,20,7,3,12,4,24,8],[6,10,14,22,21,18,2,5,17,13,9,19,23,15,1,16,7,20,3,12,11,4,8,24],[22,6,10,2,14,13,18,21,5,17,9,19,23,15,1,16,7,20,3,8,11,24,4],[14,10,18,22,13,6,2,5,17,21,9,19,23,15,1,20,16,7,3,11,12,4,24],[2,6,10,14,18,22,13,21,17,5,9,23,19,15,1,16,7,20,3,11,12,24,4],[2,22,6,10,18,14,21,5,13,17,9,23,19,15,1,16,3,7,20,8,12,24,4,11],[6,22,14,21,10,2,18,5,17,13,9,19,23,15,1,16,7,3,20,11,8,4,12,24],[18,14,22,13,10,2,6,5,21,17,9,19,23,15,1,20,16,7,4,3,12,11,24,8],[18,6,2,22,14,21,10,5,17,13,9,23,15,19,1,20,16,8,3,4,7,11,24],[10,22,14,21,18,6,2,13,17,5,9,23,19,15,1,20,16,7,3,11,4,24,12],[22,10,18,6,2,14,21,13,5,17,9,23,19,15,1,20,16,8,3,12,7,4,24],[6,18,14,22,13,10,2,21,5,17,9,23,19,15,1,20,16,8,3,7,12,4,24,11],[6,18,22,10,2,14,21,5,13,17,9,19,15,23,1,20,16,7,3,11,24,8,12,4],[6,14,22,21,18,2,10,13,17,5,9,23,15,19,1,16,8,20,3,11,7,4,24,12],[2,18,6,10,14,22,13,21,17,5,9,23,19,15,1,20,16,7,3,12,8,24,4,11],[10,14,18,22,13,6,2,5,17,21,9,23,15,19,1,16,8,3,20,7,11,24,4,12],[6,14,22,13,2,10,18,21,5,17,9,19,23,15,1,16,7,20,3,12,24,11,8],[2,18,10,22,14,13,6,21,5,17,9,23,15,19,1,16,7,20,3,24,12,8,4,11],[6,2,18,10,22,14,21,5,13,17,9,23,19,15,1,20,16,7,3,12,24,11,4],[14,22,21,10,6,18,2,13,5,17,9,19,15,23,1,20,16,8,4,3,12,7,24,11],[14,18,22,21,10,6,2,5,17,13,9,19,23,15,1,16,7,20,3,11,8,24,12,4],[22,10,14,13,6,2,18,5,21,17,9,23,19,15,1,20,16,7,4,3,11,12,24,8],[18,10,14,6,22,21,2,5,17,13,9,23,19,15,1,16,7,20,4,3,11,24,8],[22,18,14,21,6,2,10,5,17,13,9,23,15,19,1,16,7,20,3,11,24,12],[6,2,18,14,10,22,21,5,17,13,9,23,15,19,1,16,7,20,3,11,4,8,12,24],[14,2,6,10,18,22,13,21,5,17,9,19,23,15,1,16,8,20,3,7,12,11,4,24],[10,18,22,14,13,2,6,21,17,5,9,23,15,19,1,16,8,20,3,7,12,4,24],[14,22,13,18,2,10,6,21,17,5,9,19,15,23,1,16,7,3,20,11,12,4,24],[2,22,14,13,18,6,10,5,21,17,9,23,15,19,1,16,20,7,4,3,12,24,8,11],[22,18,10,14,13,2,6,5,17,21,9,19,23,15,1,16,20,7,3,12,8,4,11,24],[14,6,22,21,18,2,10,13,17,5,9,23,19,15,1,20,16,7,4,3,8,12,24,11],[6,18,2,22,10,14,13,5,17,21,9,23,19,15,1,20,16,7,4,3,11,24],[2,18,6,14,22,13,10,21,17,5,9,23,19,15,1,16,7,20,3,12,4,24],[14,2,10,6,22,21,18,13,5,17,9,23,15,19,1,16,7,20,4,3,11,24,12],[10,18,22,2,6,14,13,5,21,17,9,23,15,19,1,16,20,7,3,11,4,8,24],[14,18,22,21,10,6,2,13,17,5,9,23,15,19,1,16,8,20,3,7,12,24,11,4],[2,14,6,10,22,13,18,5,17,21,9,19,15,23,1,16,7,4,3,20,12,24,8,11],[22,18,6,14,21,10,2,13,5,17,9,19,15,23,1,20,16,7,3,11,24,8],[14,2,10,22,13,18,6,21,5,17,9,19,15,23,1,20,16,8,4,3,7,11,24,12],[2,18,22,10,6,14,13,5,21,17,9,19,23,15,1,16,7,20,3,11,8,4,24],[14,18,10,2,6,22,13,21,5,17,9,23,15,19,1,20,16,7,3,11,4,24,12,8],[18,22,14,21,2,10,6,5,17,13,9,23,19,15,1,20,16,8,3,7,11,12,24,4],[6,18,22,2,10,14,13,5,21,17,9,19,15,23,1,20,16,8,4,3,7,11,12,24],[22,14,21,18,10,2,6,13,17,5,9,19,15,23,1,20,16,7,4,3,11,24,12],[10,6,14,18,2,22,13,21,17,5,9,23,19,15,1,20,16,7,3,11,12,24,4,8],[22,2,18,10,6,14,13,5,21,17,9,23,15,19,1,16,8,20,3,11,7,24,12],[6,2,22,18,10,14,13,21,17,5,9,19,15,23,1,20,16,8,4,3,11,7,12,24],[10,18,6,22,14,13,2,21,5,17,9,19,15,23,1,20,16,7,3,12,11,24,4],[6,14,2,10,18,22,21,13,5,17,9,23,15,19,1,16,7,4,3,20,12,24,11,8],[22,2,18,10,6,14,21,5,13,17,9,19,23,15,1,16,20,8,4,3,7,12,11,24],[6,2,18,10,14,22,13,21,17,5,9,23,15,19,1,20,16,7,3,11,24,8,4,12],[14,22,13,2,6,10,18,5,21,17,9,19,15,23,1,20,16,7,3,11,4,12],[6,10,14,18,2,22,21,13,17,5,9,19,23,15,1,20,16,8,3,7,11,12,4,24],[10,6,14,2,22,21,18,5,17,13,9,19,15,23,1,16,8,20,3,7,12,24,4,11],[22,18,10,14,13,2,6,21,5,17,9,23,15,19,1,20,16,8,3,12,7,4,11,24],[6,22,10,2,18,14,21,5,17,13,9,19,23,15,1,20,16,7,3,11,4,8,24,12],[22,6,14,13,18,10,2,5,21,17,9,19,23,15,1,20,16,7,3,12,24,8,11,4],[18,14,6,10,2,22,13,21,5,17,9,19,15,23,1,16,8,20,4,3,12,7,11,24],[10,22,18,6,2,14,21,5,13,17,9,19,23,15,1,16,7,20,3,11,12,24,4,8],[18,2,6,22,14,13,10,21,5,17,9,19,23,15,1,16,3,7,20,11,24,4,8,12],[18,6,14,10,22,21,2,5,17,13,9,19,23,15,1,16,7,20,3,11,24,12],[2,10,22,14,21,6,18,5,17,13,9,23,15,19,1,16,7,20,4,3,11,24,12,8],[18,14,6,10,22,21,2,5,17,13,9,19,15,23,1,20,16,3,8,12,7,4,24],[2,18,10,14,6,22,21,13,5,17,9,19,15,23,1,16,7,20,4,3,11,24,8,12],[6,18,14,10,22,21,2,5,17,13,9,19,15,23,1,20,16,7,4,3,12,24,11,8],[22,10,2,6,14,21,18,13,17,5,9,23,15,19,1,16,20,7,3,12,8,4,24,11],[18,22,2,10,14,21,6,13,5,17,9,23,15,19,1,16,7,20,3,11,24,4,8,12],[22,14,13,2,18,6,10,21,5,17,9,19,23,15,1,20,16,7,4,3,11,8,24,12],[2,6,22,10,18,14,21,5,17,13,9,19,15,23,1,16,7,20,4,3,11,24,12,8],[6,2,14,22,21,18,10,13,5,17,9,19,15,23,1,20,16,3,7,12,11,24,8,4],[2,6,22,14,13,10,18,5,17,21,9,23,15,19,1,20,16,7,3,12,24,4],[14,18,6,2,22,21,10,13,5,17,9,23,19,15,1,20,16,7,4,3,8,11,24],[18,2,10,14,6,22,21,13,17,5,9,19,23,15,1,16,20,8,4,3,12,7,24,11],[6,22,14,21,10,2,18,5,13,17,9,19,15,23,1,20,16,7,3,11,12,4,8,24],[10,18,6,2,22,14,21,13,17,5,9,23,15,19,1,16,8,20,4,3,12,7,24,11],[6,2,22,10,18,14,21,5,17,13,9,23,19,15,1,20,16,7,3,8,12,4,24,11],[14,6,18,22,21,2,10,13,17,5,9,23,19,15,1,20,16,3,7,24,11],[6,18,22,10,14,13,2,5,21,17,9,23,19,15,1,16,7,3,20,11,4,8,24,12],[22,10,18,14,13,6,2,21,17,5,9,19,15,23,1,20,16,7,3,11,4,24,12,8],[10,14,18,22,21,2,6,5,17,13,9,19,15,23,1,16,7,20,4,3,11,12,8,24],[22,6,10,18,2,14,13,21,5,17,9,19,23,15,1,20,16,7,4,3,12,24],[10,6,2,14,22,21,18,5,17,13,9,23,19,15,1,20,16,7,3,12,4,24,11,8],[22,2,14,21,6,18,10,5,13,17,9,23,19,15,1,16,20,8,3,12,7,24,11,4],[10,2,22,18,14,21,6,13,5,17,9,19,23,15,1,16,7,20,3,11,12,4,24,8],[22,6,14,21,10,18,2,5,13,17,9,23,15,19,1,20,16,7,3,11,24,12],[2,22,18,6,14,13,10,5,21,17,9,23,19,15,1,20,16,7,4,3,11,8,12,24],[14,6,22,21,2,18,10,5,13,17,9,23,19,15,1,16,7,20,4,3,11,12,24,8],[2,14,6,18,10,22,21,5,17,13,9,23,19,15,1,16,8,20,3,7,24,4,12,11],[14,18,10,2,6,22,13,5,17,21,9,19,23,15,1,20,16,8,3,7,12,24,4,11],[2,18,22,6,10,14,21,5,13,17,9,19,23,15,1,20,16,7,4,3,12,11,24,8],[18,22,2,14,13,6,10,5,17,21,9,23,19,15,1,16,7,20,3,12,8,4,11,24],[22,2,18,14,13,10,6,21,17,5,9,19,15,23,1,16,7,20,3,8,11,24,4,12],[6,22,18,2,10,14,21,13,5,17,9,19,23,15,1,20,16,7,3,11,8,12,24,4],[2,10,6,22,14,21,18,5,17,13,9,23,19,15,1,16,7,20,3,24,12,11,4,8],[6,18,2,14,10,22,13,5,21,17,9,23,19,15,1,16,7,3,20,11,24,8,4],[6,2,10,22,18,14,13,5,21,17,9,19,15,23,1,16,3,8,20,7,11,24],[22,6,14,21,18,2,10,13,5,17,9,23,19,15,1,20,16,7,3,11,4,24],[22,14,13,2,18,10,6,5,17,21,9,23,19,15,1,20,16,7,3,11,4,24],[6,18,14,2,22,13,10,5,21,17,9,23,19,15,1,16,20,3,7,12,4,8,24,11],[2,10,14,18,22,21,6,5,17,13,9,23,19,15,1,20,16,8,3,7,11,24,12,4],[18,10,22,2,6,14,21,13,17,5,9,23,19,15,1,16,3,7,20,4,24,12,8,11],[6,2,14,22,21,10,18,5,17,13,9,19,15,23,1,16,7,20,4,3,12,24,11],[10,22,14,21,2,6,18,5,13,17,9,19,15,23,1,20,16,7,3,12,24,4,8],[2,22,6,14,13,18,10,21,17,5,9,19,23,15,1,16,20,3,7,12,24,4,11,8],[10,14,2,6,22,13,18,5,17,21,9,23,15,19,1,20,16,7,3,12,11,24,4,8],[14,18,22,13,2,10,6,5,21,17,9,23,19,15,1,16,8,20,4,3,7,12,11,24],[6,14,10,22,13,18,2,5,21,17,9,19,23,15,1,16,7,4,3,20,24,12,11,8],[6,2,10,18,22,14,13,21,5,17,9,19,23,15,1,20,16,7,3,12,24,11,8,4],[6,2,22,14,13,18,10,5,21,17,9,23,19,15,1,16,8,20,3,11,7,24,4],[2,22,10,6,18,14,21,5,13,17,9,23,15,19,1,16,7,20,3,11,12,4,24],[2,6,14,22,21,18,10,5,17,13,9,23,19,15,1,16,7,20,3,11,24,4,12,8],[14,2,6,22,21,10,18,13,5,17,9,23,15,19,1,20,16,7,3,11,8,4,24],[18,10,2,22,14,21,6,13,17,5,9,23,15,19,1,20,16,7,3,11,12,8,24],[14,6,18,2,22,13,10,21,17,5,9,19,15,23,1,20,16,7,4,3,11,12,8,24],[14,6,2,18,10,22,13,5,17,21,9,23,19,15,1,16,7,20,4,3,12,24,8],[14,6,22,21,2,10,18,13,5,17,9,19,15,23,1,16,3,7,20,11,24,4],[14,22,21,10,18,2,6,5,17,13,9,23,19,15,1,20,16,8,4,3,11,7,24,12],[2,22,10,18,14,21,6,13,17,5,9,19,15,23,1,16,7,20,4,3,11,12,24],[6,18,14,22,21,10,2,5,13,17,9,19,23,15,1,16,7,20,4,3,12,24,11,8],[2,10,18,22,6,14,13,5,17,21,9,19,15,23,1,20,16,8,4,3,12,7,11,24],[6,10,14,22,21,2,18,5,13,17,9,23,15,19,1,20,16,7,3,11,24],[22,2,10,6,14,21,18,5,17,13,9,19,15,23,1,20,16,7,3,11,4,24],[14,18,22,13,10,2,6,5,21,17,9,19,15,23,1,20,16,7,4,3,11,12,24,8],[14,6,2,22,13,10,18,21,17,5,9,19,15,23,1,16,7,20,3,12,11,4,8,24],[18,2,6,10,14,22,21,5,13,17,9,19,23,15,1,20,16,7,3,12,4,11],[14,2,22,21,18,6,10,13,17,5,9,23,19,15,1,20,16,7,3,11,4,8,24],[18,6,14,10,2,22,21,13,5,17,9,19,23,15,1,16,7,20,3,12,4,11],[14,2,6,18,10,22,21,5,17,13,9,19,23,15,1,16,20,7,3,12,4,8,24,11],[6,2,14,10,18,22,21,5,17,13,9,23,19,15,1,20,16,8,3,24,12,7,4,11],[6,10,18,22,14,21,2,13,17,5,9,19,23,15,1,20,16,7,4,3,11,12,24],[2,10,22,18,14,21,6,13,17,5,9,23,19,15,1,16,20,7,4,3,12,24,8,11],[10,14,18,2,6,22,21,5,13,17,9,23,15,19,1,16,7,20,3,11,8,12,24,4],[14,6,18,2,22,21,10,13,17,5,9,23,19,15,1,20,16,4,3,7,12,24,8],[6,18,14,10,22,21,2,13,5,17,9,19,23,15,1,16,7,20,3,11,4,12,8,24],[2,10,6,14,22,13,18,21,5,17,9,19,15,23,1,20,16,3,7,8,12,11,24,4],[6,22,10,14,21,18,2,13,17,5,9,23,15,19,1,16,7,20,3,12,4,11,24,8],[6,2,10,18,14,22,21,13,17,5,9,19,15,23,1,16,8,20,4,3,11,24,7],[14,2,6,22,21,18,10,5,17,13,9,19,23,15,1,16,7,20,3,11,24,4],[14,2,10,18,22,21,6,5,17,13,9,19,23,15,1,20,16,7,3,12,24,8,11,4],[6,22,2,14,21,18,10,13,5,17,9,23,15,19,1,20,16,7,3,12,24,11,4],[22,6,18,2,10,14,21,13,17,5,9,19,15,23,1,16,7,20,3,11,24,4],[14,22,21,2,10,6,18,5,13,17,9,19,23,15,1,20,16,7,4,3,12,11,24],[6,14,18,2,10,22,13,21,17,5,9,23,15,19,1,16,7,3,20,11,4,24,8],[14,22,13,6,10,2,18,5,21,17,9,19,23,15,1,20,16,7,3,11,24,4],[18,14,10,6,2,22,21,13,5,17,9,19,15,23,1,20,16,7,3,11,24,4,12,8],[22,18,2,6,10,14,13,5,21,17,9,23,15,19,1,16,7,4,3,20,11,8,12,24],[14,6,22,21,10,2,18,13,5,17,9,23,19,15,1,16,7,20,3,12,24,11,4],[6,22,2,10,14,13,18,21,17,5,9,19,15,23,1,16,8,3,20,7,12,4,24,11],[2,10,6,22,14,13,18,21,5,17,9,23,19,15,1,20,16,7,4,3,11,24,8],[14,2,6,18,22,21,10,13,5,17,9,19,15,23,1,16,20,8,3,11,7,4,12,24],[18,14,10,6,2,22,21,5,13,17,9,19,23,15,1,20,16,8,3,12,7,4,24,11],[10,22,14,13,2,18,6,21,17,5,9,23,19,15,1,20,16,7,3,4,12,24,8],[18,6,2,14,10,22,13,5,17,21,9,19,15,23,1,16,7,20,3,12,4,24,11],[14,22,13,18,2,6,10,21,5,17,9,23,19,15,1,16,7,20,3,11,4,24,12],[6,18,2,22,10,14,21,5,13,17,9,19,15,23,1,20,16,7,3,4,12,24,11],[22,10,18,14,21,2,6,5,17,13,9,19,23,15,1,16,7,20,4,3,11,24],[14,6,2,18,10,22,21,13,5,17,9,23,15,19,1,20,16,7,4,3,12,24,8,11],[10,2,6,14,22,13,18,21,17,5,9,19,23,15,1,20,16,7,3,11,12,24,4],[6,18,2,14,22,13,10,21,17,5,9,23,19,15,1,20,16,8,4,3,12,7,24],[6,10,14,2,22,13,18,5,17,21,9,23,15,19,1,20,16,4,3,7,12,24,11],[10,22,6,2,14,21,18,5,13,17,9,23,19,15,1,20,16,8,3,12,7,4,24,11],[22,6,2,18,14,13,10,21,5,17,9,23,19,15,1,20,16,7,3,12,4,8,24,11],[22,2,18,6,10,14,21,5,17,13,9,19,15,23,1,20,16,4,3,7,11,8,24,12],[22,18,14,21,10,2,6,5,13,17,9,23,19,15,1,20,16,8,3,12,7,24,4,11],[2,6,22,18,14,21,10,5,13,17,9,23,19,15,1,16,7,20,3,11,4,24,8,12],[14,10,2,6,18,22,21,13,5,17,9,23,15,19,1,16,8,20,3,7,11,4,12,24],[6,22,18,14,21,10,2,5,17,13,9,23,15,19,1,20,16,8,3,7,4,24,11],[18,6,10,14,22,13,2,21,17,5,9,19,15,23,1,16,7,20,3,12,11,4,24],[10,22,6,2,18,14,13,21,5,17,9,23,19,15,1,20,16,8,3,12,7,4,24,11],[6,14,22,13,18,10,2,21,5,17,9,19,23,15,1,16,7,20,4,3,11,24,12],[14,22,21,10,6,2,18,5,13,17,9,23,15,19,1,16,7,20,3,12,11,4,8,24],[10,18,6,2,14,22,21,5,17,13,9,23,19,15,1,20,16,8,3,11,7,24,12,4],[18,6,14,2,22,13,10,21,5,17,9,23,19,15,1,20,16,7,3,11,24,8,12,4],[14,10,18,2,6,22,21,5,13,17,9,19,15,23,1,20,16,7,3,11,4,24,8,12],[10,6,18,2,22,14,21,13,5,17,9,23,15,19,1,20,16,7,4,3,12,24,11],[14,10,2,18,6,22,13,5,17,21,9,19,23,15,1,16,7,20,3,11,24,12,4],[10,2,22,18,6,14,21,13,17,5,9,23,19,15,1,16,7,20,4,3,12,24],[10,22,14,21,18,6,2,5,13,17,9,23,15,19,1,16,7,20,3,12,8,4,11,24],[14,10,6,18,2,22,21,5,13,17,9,19,15,23,1,20,16,8,3,12,7,11,4,24],[10,14,18,22,21,2,6,13,5,17,9,23,19,15,1,20,16,7,3,12,4,11,24],[14,2,22,21,18,10,6,13,17,5,9,19,15,23,1,20,16,8,3,7,12,24,11,4],[10,22,18,6,14,21,2,5,13,17,9,19,23,15,1,20,16,8,3,11,7,4,24],[14,22,13,18,10,2,6,5,21,17,9,19,15,23,1,20,16,7,4,3,11,24],[14,22,21,2,18,6,10,13,17,5,9,23,19,15,1,20,16,7,3,4,12,24,11],[18,22,10,6,2,14,13,21,17,5,9,19,23,15,1,16,7,20,4,3,12,11,24,8],[14,6,22,21,10,2,18,5,17,13,9,23,19,15,1,16,8,20,4,3,7,11,12,24],[6,14,22,13,10,18,2,5,21,17,9,19,23,15,1,20,16,8,3,11,7,12,4,24],[22,18,14,21,2,10,6,5,13,17,9,23,19,15,1,16,20,7,4,3,11,24,12,8],[10,6,18,2,22,14,13,5,21,17,9,23,15,19,1,16,7,20,3,12,24,8,11,4],[10,2,14,6,18,22,13,5,21,17,9,23,15,19,1,20,16,4,3,8,7,24,11,12],[14,18,22,21,2,10,6,13,5,17,9,19,15,23,1,16,7,4,3,20,12,24,11,8],[14,10,18,6,22,13,2,21,17,5,9,19,15,23,1,16,7,4,3,20,11,12,24],[18,14,22,13,10,2,6,5,21,17,9,23,15,19,1,20,16,7,3,12,24,8,11,4],[22,14,21,10,2,18,6,13,17,5,9,19,23,15,1,16,8,20,3,7,24,12,11,4],[22,2,10,6,14,21,18,13,5,17,9,23,19,15,1,20,16,7,4,3,12,24,11,8],[6,22,18,2,14,21,10,5,17,13,9,19,23,15,1,16,20,8,4,3,11,7,12,24],[6,18,2,22,14,21,10,13,5,17,9,23,15,19,1,16,7,20,3,12,8,11,4,24],[22,2,6,14,13,18,10,5,17,21,9,23,15,19,1,20,16,7,3,11,4,12,24,8],[22,18,10,14,13,6,2,21,17,5,9,23,15,19,1,16,7,20,3,11,8,12,4,24],[14,22,21,6,2,18,10,5,13,17,9,23,15,19,1,16,3,7,20,12,4,11,24],[6,14,22,21,10,18,2,13,17,5,9,23,19,15,1,16,7,20,3,11,24,12,4],[22,18,6,14,13,2,10,21,17,5,9,23,19,15,1,20,16,7,4,3,12,11,24,8],[6,22,18,10,14,13,2,5,17,21,9,19,15,23,1,20,16,7,3,12,4,24],[6,22,14,21,10,2,18,5,17,13,9,23,19,15,1,20,16,7,3,11,4,12,24,8],[18,14,10,2,6,22,13,5,21,17,9,19,15,23,1,20,16,7,3,11,24,8],[18,22,10,2,6,14,21,5,17,13,9,23,15,19,1,16,7,20,4,3,12,24,8,11],[6,2,10,22,14,13,18,5,17,21,9,19,23,15,1,16,7,20,3,12,11,4,24],[6,2,10,14,18,22,13,5,17,21,9,23,19,15,1,16,20,7,3,12,4,8,24,11],[14,22,13,18,6,10,2,5,21,17,9,23,15,19,1,20,16,8,3,12,4,7],[6,22,18,14,21,10,2,5,17,13,9,23,15,19,1,16,20,7,3,24,12,11,8],[6,22,10,18,14,13,2,5,21,17,9,23,15,19,1,16,7,20,3,11,24,8,12,4],[2,22,18,6,10,14,21,5,13,17,9,19,23,15,1,16,7,20,3,11,24],[6,18,2,14,10,22,13,5,17,21,9,19,23,15,1,16,7,20,3,11,4,24,8,12],[18,10,14,22,13,6,2,5,17,21,9,23,19,15,1,16,7,20,3,11,24,8,12,4],[18,2,6,14,10,22,13,21,5,17,9,19,23,15,1,20,16,7,4,3,12,11,8,24],[10,2,14,6,18,22,21,5,17,13,9,23,15,19,1,16,3,20,7,12,24,4,8,11],[2,22,18,14,21,6,10,5,17,13,9,19,23,15,1,16,7,3,20,11,4,24,8,12],[2,22,10,18,6,14,21,13,5,17,9,19,15,23,1,16,7,3,20,11,24,4],[14,10,18,6,22,21,2,13,17,5,9,23,19,15,1,20,16,7,4,3,11,8,24,12],[22,14,21,18,10,2,6,5,17,13,9,23,15,19,1,20,16,7,3,11,24,8,12,4],[22,10,14,21,2,18,6,13,17,5,9,23,19,15,1,20,16,8,4,3,7,11,24,12],[18,6,2,14,22,21,10,5,13,17,9,19,23,15,1,16,7,20,3,11,24],[6,18,2,22,10,14,13,21,5,17,9,23,19,15,1,16,7,20,3,12,4,11,24],[2,22,18,14,13,10,6,5,21,17,9,23,15,19,1,20,16,3,7,12,4,24,11,8],[14,6,2,22,21,18,10,13,5,17,9,19,15,23,1,16,7,20,4,3,12,8,11,24],[14,18,10,6,22,13,2,5,17,21,9,19,15,23,1,20,16,7,4,3,12,24,8],[10,2,6,14,18,22,21,5,17,13,9,19,23,15,1,16,20,7,4,3,11,12,24],[22,6,10,18,2,14,21,5,17,13,9,23,15,19,1,16,7,3,20,12,4,24,11],[6,18,14,10,2,22,13,5,17,21,9,19,15,23,1,20,16,7,3,11,8,4,12,24],[14,10,18,22,13,2,6,5,21,17,9,23,19,15,1,16,7,20,4,3,12,8,11,24],[2,18,14,10,22,21,6,5,17,13,9,23,15,19,1,16,7,3,20,11,8,12,24,4],[22,10,18,14,13,2,6,5,17,21,9,19,15,23,1,20,16,7,4,3,11,24,12,8],[18,6,2,14,10,22,13,5,21,17,9,23,15,19,1,20,16,7,3,11],[22,10,2,14,13,6,18,5,21,17,9,19,15,23,1,16,8,20,4,3,7,12,11,24],[6,18,2,10,14,22,13,5,17,21,9,23,19,15,1,20,16,7,3,11,4],[6,22,18,2,14,21,10,13,5,17,9,23,15,19,1,16,7,20,3,12,4,11,8,24],[2,10,18,6,14,22,21,13,17,5,9,23,19,15,1,16,7,20,3,11,8,24,4,12],[14,10,18,2,22,21,6,13,17,5,9,19,15,23,1,20,16,7,4,3,8,12,24],[6,2,10,22,14,13,18,21,17,5,9,19,15,23,1,16,8,20,3,7,4,11,24],[10,2,18,14,22,13,6,21,5,17,9,19,23,15,1,20,16,7,4,3,11,8,24],[18,10,22,14,13,6,2,21,17,5,9,19,15,23,1,20,16,7,3,11,12,24,8,4],[18,14,22,21,10,2,6,5,17,13,9,23,15,19,1,16,7,20,3,11,24,12,8],[14,2,18,6,22,13,10,21,5,17,9,19,23,15,1,16,8,20,3,7,11,24,12,4],[18,2,22,14,13,10,6,5,17,21,9,23,19,15,1,20,16,7,4,3,12,8,24],[10,22,18,14,13,2,6,21,17,5,9,19,23,15,1,16,20,7,3,12,4,24,8],[14,18,10,22,13,2,6,5,17,21,9,23,15,19,1,16,20,7,4,3,12,24,8,11],[10,14,22,21,6,2,18,13,5,17,9,23,15,19,1,20,16,7,3,12,4,8,24,11],[14,6,18,10,2,22,21,5,17,13,9,23,19,15,1,16,7,3,20,11,12,8,4,24],[14,6,18,22,13,2,10,5,21,17,9,19,23,15,1,20,16,7,3,12,24,8,4],[18,6,22,2,10,14,21,5,13,17,9,23,15,19,1,20,16,7,3,12,11,24,8,4],[22,14,13,10,6,18,2,21,17,5,9,23,15,19,1,16,7,4,3,20,11,12,24],[2,14,6,18,10,22,13,5,17,21,9,23,19,15,1,16,7,20,3,12,24,8,11,4],[10,22,18,14,13,2,6,5,21,17,9,23,15,19,1,16,8,3,20,11,7,24,12,4],[22,6,14,21,2,18,10,13,17,5,9,23,19,15,1,20,16,7,4,3,11,12,8,24],[14,22,13,10,6,2,18,21,17,5,9,19,15,23,1,16,7,20,4,3,12,24,11,8],[14,10,18,22,13,2,6,21,17,5,9,23,19,15,1,20,16,7,3,12,4,24,11,8],[14,10,6,22,21,2,18,13,5,17,9,19,23,15,1,16,7,20,4,3,11,24,8],[10,18,2,6,22,14,13,5,21,17,9,19,15,23,1,20,16,7,3,12,4,24,11,8],[18,6,14,2,10,22,21,5,13,17,9,23,15,19,1,20,16,8,3,11,7,12,24,4],[18,6,10,14,22,21,2,5,17,13,9,23,15,19,1,20,16,7,4,3,12,24],[10,14,6,18,2,22,13,21,5,17,9,23,19,15,1,16,7,3,20,11,24,8,4],[18,10,2,22,6,14,21,5,17,13,9,19,23,15,1,20,16,8,3,11,7,4,24,12],[18,6,22,2,14,13,10,5,21,17,9,19,23,15,1,16,4,3,7,20,11,24,12],[6,18,22,10,2,14,13,5,21,17,9,19,15,23,1,20,16,7,3,12,8,4,24,11],[22,6,2,10,18,14,21,13,17,5,9,19,23,15,1,16,7,20,4,3,12,24,11,8],[10,2,6,22,18,14,21,13,5,17,9,19,23,15,1,20,16,7,3,11,4,12,24,8],[18,2,10,22,14,13,6,5,17,21,9,19,23,15,1,16,7,20,3,12,4,24,8,11],[18,6,22,14,13,10,2,21,17,5,9,19,23,15,1,20,16,7,3,12,4,11,8,24],[14,10,18,2,22,21,6,13,5,17,9,19,15,23,1,16,3,7,20,11,4,24,12,8],[6,2,10,18,22,14,13,21,5,17,9,19,15,23,1,20,16,7,4,3,11,8,12],[14,2,6,22,21,10,18,5,13,17,9,23,15,19,1,20,16,8,3,7,11,12,24],[2,6,14,10,18,22,13,5,17,21,9,23,19,15,1,20,16,7,3,12,24,4,8,11],[18,6,2,10,22,14,21,5,17,13,9,23,19,15,1,20,16,8,3,12,7,4,11,24],[10,22,18,6,14,21,2,13,5,17,9,23,19,15,1,16,3,7,20,11,24,4,12,8],[22,10,18,6,2,14,13,5,21,17,9,23,19,15,1,16,7,20,4,3,11,24,8,12],[6,14,18,10,2,22,21,5,13,17,9,23,15,19,1,16,8,20,4,3,11,7,24,12],[22,2,6,18,10,14,21,5,17,13,9,23,15,19,1,16,8,20,3,7,12,24,4],[14,18,2,6,10,22,13,21,5,17,9,19,23,15,1,20,16,7,4,3,12,24],[22,14,13,18,2,6,10,21,5,17,9,19,15,23,1,20,16,7,3,12,24,8,4],[2,18,6,22,10,14,13,5,17,21,9,23,15,19,1,20,16,7,4,3,24,8,11],[2,18,14,22,21,10,6,5,13,17,9,23,19,15,1,16,8,20,3,7,11,4,24,12],[14,18,22,21,6,10,2,13,5,17,9,23,19,15,1,20,16,7,3,12,4,24,11],[6,2,14,18,22,13,10,5,21,17,9,19,23,15,1,16,7,20,3,12,4,24,8],[10,2,6,18,14,22,21,5,17,13,9,23,15,19,1,16,20,7,3,11,24,8,12,4],[2,6,18,22,14,13,10,5,21,17,9,19,23,15,1,16,20,7,3,24,11,12,8],[2,18,10,6,14,22,21,5,17,13,9,23,19,15,1,16,7,20,3,24,12,8,4],[2,10,18,22,6,14,21,5,17,13,9,19,15,23,1,16,7,20,4,3,24,11,8,12],[6,14,22,13,2,18,10,21,5,17,9,23,19,15,1,16,7,4,3,20,12,8,24,11],[2,6,18,10,22,14,13,5,17,21,9,19,23,15,1,20,16,7,3,12,11,8,4,24],[2,14,6,10,18,22,13,21,17,5,9,19,23,15,1,16,8,20,3,7,12,11,4,24],[14,6,18,10,22,21,2,13,5,17,9,19,23,15,1,16,7,20,4,3,11,24,12],[2,6,10,14,18,22,21,5,17,13,9,19,15,23,1,20,16,7,4,3,11,12,24,8],[14,10,22,13,2,18,6,21,17,5,9,19,23,15,1,20,16,8,4,3,7,12,24,11],[18,2,22,14,13,6,10,21,17,5,9,19,15,23,1,16,7,20,4,3,11,24,12],[14,2,10,18,6,22,21,5,17,13,9,19,23,15,1,20,16,7,3,12,24,8,11,4],[18,14,2,10,6,22,13,21,17,5,9,23,15,19,1,20,16,7,3,11,24],[18,6,14,10,22,21,2,5,17,13,9,19,23,15,1,20,16,4,3,7,11,12,24],[6,10,14,2,18,22,21,13,5,17,9,19,23,15,1,20,16,8,3,4,7,24,11],[18,22,14,13,10,6,2,5,17,21,9,23,15,19,1,20,16,7,3,12,4,11,24,8],[10,22,6,2,14,21,18,13,5,17,9,19,15,23,1,20,16,8,3,7,11,12,24,4],[2,22,10,6,14,21,18,5,13,17,9,23,19,15,1,20,16,7,3,11,4,24,12],[22,14,13,2,6,18,10,21,17,5,9,23,15,19,1,16,7,20,3,11,8,12,4,24],[10,22,18,6,14,13,2,5,21,17,9,23,19,15,1,20,16,8,3,11,7,4,24,12],[14,2,22,13,10,6,18,21,5,17,9,23,15,19,1,16,20,4,3,7,12,8,11,24],[22,10,14,21,2,18,6,5,13,17,9,23,15,19,1,16,7,20,3,11,4,24,12,8],[2,14,22,21,10,18,6,13,17,5,9,19,23,15,1,20,16,7,3,12,24,8,11,4],[6,10,14,2,22,13,18,21,17,5,9,19,15,23,1,20,16,3,8,7,12,4,24],[22,6,14,13,10,2,18,5,21,17,9,19,15,23,1,20,16,7,4,3,11,8,24],[10,6,18,2,22,14,13,21,17,5,9,23,19,15,1,16,7,20,3,11,4,8,24],[22,14,13,2,18,6,10,5,17,21,9,23,19,15,1,20,16,7,4,3,12,11,24,8],[2,10,6,18,22,14,21,5,13,17,9,19,23,15,1,16,7,20,3,11,24,12,8,4],[10,2,14,18,22,13,6,21,5,17,9,19,23,15,1,16,20,7,4,3,12,11,24],[18,22,14,13,2,10,6,5,17,21,9,19,23,15,1,20,16,8,4,3,7,24,11],[2,22,14,13,6,18,10,5,21,17,9,23,15,19,1,16,7,4,3,20,11,24],[2,18,6,22,10,14,21,5,17,13,9,23,19,15,1,16,8,20,4,3,7,11,24,12],[10,22,6,18,2,14,21,13,5,17,9,23,15,19,1,16,20,7,3,11,12,8,24,4],[18,6,2,14,22,21,10,13,17,5,9,19,15,23,1,20,16,7,3,11,4,24,8,12],[18,6,22,10,14,13,2,5,17,21,9,19,15,23,1,20,16,4,3,7,12,24,11,8],[14,22,13,6,18,2,10,21,17,5,9,23,19,15,1,16,7,20,3,11,8,4,24],[14,6,18,2,10,22,13,5,21,17,9,23,19,15,1,16,7,3,20,12,11,4,24,8],[10,14,2,22,21,18,6,13,5,17,9,23,19,15,1,16,20,8,3,11,24,7],[14,10,18,6,22,21,2,5,13,17,9,23,15,19,1,16,8,20,4,3,7,12,24,11],[2,18,22,10,6,14,21,13,17,5,9,23,19,15,1,20,16,7,4,3,8,12,24,11],[6,18,2,22,10,14,13,5,21,17,9,19,23,15,1,20,16,7,4,3,12],[18,22,10,2,14,21,6,5,13,17,9,19,23,15,1,16,7,20,3,11,24,8,12,4],[10,6,2,14,22,21,18,5,17,13,9,19,23,15,1,20,16,7,4,3,11,8,24],[14,2,6,18,10,22,21,5,17,13,9,23,15,19,1,16,8,20,3,24,12,7,11],[14,22,13,6,2,10,18,21,17,5,9,23,19,15,1,20,16,7,3,11,4,12,24],[2,14,18,6,10,22,21,5,17,13,9,19,15,23,1,20,16,7,3,11,24],[18,2,6,10,22,14,21,5,13,17,9,19,23,15,1,20,16,8,4,3,7,12,11,24],[6,18,10,22,14,21,2,13,17,5,9,19,23,15,1,16,7,20,4,3,12,24],[14,6,10,22,21,18,2,13,17,5,9,23,19,15,1,16,7,20,4,3,11,24,8,12],[6,14,18,22,13,10,2,21,17,5,9,19,15,23,1,16,20,7,3,12,24,11,8,4],[6,2,14,18,22,13,10,21,17,5,9,19,15,23,1,16,20,7,3,12,24,4,8,11],[10,6,18,22,14,13,2,5,17,21,9,23,19,15,1,20,16,7,3,12,8,11,4,24],[14,10,6,18,22,21,2,5,13,17,9,19,15,23,1,20,16,7,3,11,4,24,8],[6,10,14,2,22,21,18,13,17,5,9,23,19,15,1,20,16,7,3,12,24,4,11,8],[18,14,6,2,10,22,21,13,5,17,9,19,15,23,1,16,20,3,7,11,24,4,8,12],[18,2,22,10,6,14,21,13,5,17,9,19,23,15,1,20,16,8,3,12,7,24,11],[10,6,14,22,13,2,18,21,5,17,9,23,19,15,1,20,16,7,4,3,11],[10,14,2,22,21,18,6,5,17,13,9,23,15,19,1,20,16,8,4,3,7,12,24],[6,22,14,13,18,2,10,21,5,17,9,19,15,23,1,20,16,7,3,12,24,8,11,4],[18,14,22,21,2,10,6,13,5,17,9,19,15,23,1,20,16,8,4,3,12,7,11,24],[2,6,10,18,22,14,13,5,17,21,9,23,19,15,1,16,3,20,7,12,4,11,24,8],[18,14,10,22,21,2,6,13,17,5,9,19,23,15,1,16,7,20,3,11,24,8,12,4],[6,22,10,14,21,2,18,13,17,5,9,23,15,19,1,16,7,20,4,3,12,11,24,8],[6,18,10,2,22,14,21,13,5,17,9,19,23,15,1,16,7,20,3,12,11,4,24,8],[22,14,21,18,6,2,10,5,17,13,9,19,23,15,1,20,16,7,4,3,11,24,8,12],[6,18,22,14,13,10,2,21,5,17,9,23,15,19,1,20,16,7,3,11,4,24],[6,22,14,13,10,18,2,21,5,17,9,23,15,19,1,20,16,7,3,11,24,4,8,12],[10,6,18,22,2,14,21,13,17,5,9,19,15,23,1,20,16,8,3,7,11,24,4,12],[22,10,18,6,2,14,13,5,17,21,9,23,15,19,1,20,16,7,3,12,4,8,24,11],[18,22,6,2,14,13,10,5,17,21,9,19,23,15,1,16,8,20,4,3,7,12,24],[18,14,22,13,10,6,2,5,17,21,9,19,23,15,1,20,16,7,3,12,8,4,24],[22,10,18,14,21,6,2,5,13,17,9,23,19,15,1,20,16,3,8,12,7,4,11,24],[22,2,10,6,18,14,13,21,5,17,9,23,19,15,1,16,7,20,4,3,24,11,12],[14,6,22,21,18,10,2,5,17,13,9,19,23,15,1,16,7,20,4,3,11,24],[18,6,2,14,22,13,10,5,17,21,9,19,23,15,1,16,7,20,4,3,12,24,8,11],[18,10,2,14,22,13,6,21,5,17,9,19,15,23,1,20,16,7,3,4,11,24,8,12],[2,14,22,21,18,6,10,5,17,13,9,19,23,15,1,20,16,7,3,11,24,4],[6,22,10,18,2,14,21,13,17,5,9,19,15,23,1,16,7,20,3,24,8,4,12],[14,2,22,21,10,6,18,5,13,17,9,23,19,15,1,16,7,20,3,12,11,4,24,8],[10,22,6,14,21,18,2,13,5,17,9,23,19,15,1,16,20,7,3,12,11,8,24,4],[6,18,2,1