{"problem_id":"cjl6Kl5YcQIULec","sigma":150,"alpha":0.316,"cost":1,"probabilities":"[0.51, 0.04, 0.04, 0.41]","payoff_matrix":"[[-158, 154, 21, 76, 17, 169], [-96, -69, 161, 130, 174, 7], [119, 191, 122, 119, -113, 17], [195, 1, -192, -109, 154, -4]]","uncovered":[[9,17,5,1,13,8,16,21,24,12,20,22,6],[21,5,24,8,1,17,13,16,9,12,20,7,22,6,23],[13,1,5,16,9,21,8,24,17,12,20,7,23,22,6],[5,9,17,13,16,21,24,8,1,12,20,23,6],[9,17,5,13,16,21,8,24,1,12,20,6,22],[1,5,17,9,13,16,21,24,8,12,20,22,6],[13,1,9,5,16,21,8,24,17,12,20,6,23],[5,21,8,24,13,16,9,17,1,12,20,23,7,6,22],[5,17,13,8,16,21,24,9,1,12,20,22,6],[1,9,17,21,5,24,8,13,16,12,20,22,7,6,23],[9,21,17,5,24,8,1,13,16,12,20,23,7,6,22],[17,1,13,5,8,16,9,21,24,12,20,7,23,22,6],[13,5,16,1,21,8,24,17,9,12,20,23,7,6,22],[13,5,16,1,17,21,24,8,9,12,20,6,23],[13,1,9,17,5,8,16,21,24,12,20,23,7,22,6],[9,21,17,13,5,24,8,16,1,12,20,23,7,6,22],[1,5,9,17,21,24,8,13,16,12,20,7,23,22,6],[9,21,17,5,8,24,13,16,1,12,20,22,6],[13,9,5,16,17,1,21,8,24,12,20,23,6],[9,5,13,8,16,21,24,1,17,12,20,22,7,6,23],[9,1,21,5,24,8,17,13,16,12,20,6,23],[5,13,16,21,8,24,1,9,17,12,20,22,6],[9,13,21,17,5,8,24,16,1,12,20,22,6],[5,17,1,9,13,16,21,24,8,12,20,6,23],[1,21,17,5,24,8,13,16,9,12,20,7,22,23,6],[5,21,24,8,1,9,17,13,16,12,20,7,23,22,6],[13,17,5,8,16,1,9,21,24,12,20,6,22],[1,5,17,9,21,8,24,13,16,12,20,6,23],[5,1,13,16,21,24,8,17,9,12,20,22,6],[9,5,17,21,8,24,13,16,1,12,20,6,22],[5,9,21,8,24,1,13,16,17,12,20,22,6],[9,1,21,13,5,24,8,16,17,12,20,23,7,6,22],[5,21,24,8,17,1,9,13,16,12,20,22,6],[17,13,1,21,16,9,5,24,8,12,20,22,7,6,23],[5,21,24,8,9,1,13,16,17,12,20,23,7,22,6],[5,1,13,8,16,17,9,21,24,12,20,23,7,6,22],[13,5,8,16,17,9,21,24,1,12,20,23,6],[21,1,13,17,9,5,8,24,16,12,20,6,22],[17,5,9,13,8,16,1,21,24,12,20,7,22,23,6],[13,1,9,17,21,5,8,24,16,12,20,23,6],[21,13,9,5,8,24,16,1,17,12,20,7,22,23,6],[5,1,17,21,8,24,13,16,9,12,20,7,23,6,22],[21,13,17,5,8,24,1,16,9,12,20,22,6],[21,17,9,1,5,8,24,13,16,12,20,7,23,6,22],[5,13,8,16,17,1,21,24,9,12,20,23,7,22,6],[13,17,5,8,16,1,9,21,24,12,20,23,7,6,22],[21,5,24,8,13,16,1,17,9,12,20,7,22,23,6],[17,1,21,13,9,5,8,24,16,12,20,22,7,23,6],[21,17,9,13,1,5,24,8,16,12,20,23,7,6,22],[17,13,21,9,16,5,24,8,1,12,20,23,7,22,6],[17,5,21,8,24,9,13,16,1,12,20,7,23,22,6],[21,9,5,24,8,17,13,16,1,12,20,22,7,23,6],[5,17,13,8,16,21,24,9,1,12,20,7,22,23,6],[13,1,21,17,24,16,5,8,9,12,20,6,22],[9,5,1,13,8,16,21,24,17,12,20,7,23,22,6],[1,17,13,21,9,5,24,8,16,12,20,22,6],[5,13,8,16,21,24,1,17,9,12,20,22,7,6,23],[9,17,13,5,16,1,21,8,24,12,20,22,7,6,23],[5,1,17,9,13,16,21,24,8,12,20,7,22,6,23],[21,5,24,8,13,16,17,9,1,12,20,22,7,6,23],[17,13,9,21,1,16,5,8,24,12,20,22,7,23,6],[1,13,9,21,17,5,24,8,16,12,20,6,22],[17,21,13,24,16,5,8,9,1,12,20,23,7,6,22],[17,21,9,5,8,24,13,16,1,12,20,6,22],[5,9,17,21,24,8,13,16,1,12,20,23,6],[9,5,1,13,8,16,21,24,17,12,20,7,23,6,22],[21,9,5,24,8,13,16,17,1,12,20,7,22,23,6],[21,17,9,1,5,8,24,13,16,12,20,7,22,6,23],[17,21,1,5,8,24,9,13,16,12,20,22,6],[21,9,13,1,17,5,24,8,16,12,20,6,23],[13,21,1,5,24,8,16,9,17,12,20,7,23,6,22],[9,1,21,13,5,24,8,16,17,12,20,6,22],[9,13,21,1,17,5,24,8,16,12,20,6,23],[13,9,5,16,21,24,8,1,17,12,20,22,6],[1,13,21,5,24,8,17,16,9,12,20,6,23],[9,5,21,24,8,1,17,13,16,12,20,23,6],[21,9,5,24,8,17,1,13,16,12,20,22,7,23,6],[5,21,24,8,17,1,9,13,16,12,20,23,6],[21,5,24,8,9,17,1,13,16,12,20,7,23,22,6],[5,21,8,24,17,9,1,13,16,12,20,22,7,23,6],[1,17,13,5,16,9,21,24,8,12,20,23,6],[17,13,1,21,5,8,24,16,9,12,20,22,6],[9,17,13,5,16,21,8,24,1,12,20,23,6],[1,17,9,5,13,16,21,8,24,12,20,22,6],[1,17,13,21,16,5,24,8,9,12,20,6,22],[5,17,1,21,24,8,9,13,16,12,20,23,7,6,22],[17,9,1,13,21,5,8,24,16,12,20,23,6],[1,21,9,5,24,8,13,16,17,12,20,22,6],[17,9,21,1,5,8,24,13,16,12,20,23,7,22,6],[5,1,21,8,24,13,16,17,9,12,20,23,7,6,22],[21,17,9,13,5,24,8,16,1,12,20,22,7,6,23],[21,9,5,24,8,1,13,16,17,12,20,23,7,6,22],[1,17,5,9,21,8,24,13,16,12,20,7,22,23,6],[9,13,1,21,5,8,24,16,17,12,20,6,22],[13,17,21,9,5,24,8,16,1,12,20,23,7,22,6],[1,5,9,21,8,24,13,16,17,12,20,6,22],[1,9,5,17,21,24,8,13,16,12,20,23,7,22,6],[17,1,5,21,8,24,9,13,16,12,20,23,6],[9,17,1,5,21,8,24,13,16,12,20,23,7,6,22],[17,9,5,13,16,21,24,8,1,12,20,6,22],[1,13,5,8,16,21,24,9,17,12,20,6,23],[17,5,1,13,8,16,21,24,9,12,20,7,22,6,23],[1,17,9,5,13,16,21,8,24,12,20,7,23,22,6],[17,5,9,13,8,16,21,24,1,12,20,6,22],[9,5,17,21,8,24,1,13,16,12,20,23,6],[5,13,16,9,17,1,21,24,8,12,20,22,7,23,6],[5,17,9,21,8,24,13,16,1,12,20,6,22],[17,5,13,8,16,9,1,21,24,12,20,7,23,6,22],[17,21,13,9,1,5,24,8,16,12,20,6,23],[13,9,17,21,5,8,24,16,1,12,20,6,22],[9,17,13,1,5,8,16,21,24,12,20,7,22,6,23],[9,1,5,17,13,8,16,21,24,12,20,23,6],[17,5,21,24,8,9,13,16,1,12,20,6,22],[1,5,13,8,16,9,17,21,24,12,20,23,7,6,22],[17,5,21,8,24,1,13,16,9,12,20,7,23,22,6],[13,17,9,21,5,8,24,16,1,12,20,6,22],[1,21,9,5,8,24,13,16,17,12,20,23,7,22,6],[21,17,1,13,5,24,8,16,9,12,20,7,23,6,22],[13,21,5,24,8,16,9,1,17,12,20,7,22,6,23],[13,1,17,5,8,16,9,21,24,12,20,7,22,23,6],[9,1,17,21,13,5,24,8,16,12,20,6,23],[13,9,21,5,24,8,16,1,17,12,20,6,23],[5,9,13,8,16,17,1,21,24,12,20,6,23],[17,13,21,9,5,24,8,16,1,12,20,7,22,23,6],[13,9,21,1,5,24,8,16,17,12,20,22,7,23,6],[21,13,9,24,1,16,17,5,8,12,20,6,23],[17,21,9,13,5,24,8,16,1,12,20,22,6],[21,1,9,17,13,5,24,8,16,12,20,23,7,22,6],[5,13,16,21,24,8,17,1,9,12,20,23,7,22,6],[17,1,5,21,8,24,9,13,16,12,20,22,6],[1,17,5,21,8,24,9,13,16,12,20,6,23],[5,9,1,13,8,16,21,24,17,12,20,22,7,6,23],[9,5,13,8,16,17,1,21,24,12,20,6,22],[5,1,21,8,24,13,16,17,9,12,20,6,22],[17,5,1,21,24,8,13,16,9,12,20,6,22],[5,17,21,8,24,9,1,13,16,12,20,23,6],[21,13,16,5,8,24,17,1,9,12,20,7,22,23,6],[1,17,21,5,8,24,13,16,9,12,20,6,23],[5,1,21,8,24,17,9,13,16,12,20,6,23],[1,5,21,24,8,13,16,9,17,12,20,7,23,6,22],[5,17,21,8,24,1,9,13,16,12,20,6,23],[13,21,1,24,16,9,5,8,17,12,20,6,23],[1,9,21,17,5,8,24,13,16,12,20,22,6],[13,1,17,5,8,16,21,24,9,12,20,7,23,22,6],[17,9,21,13,5,24,8,16,1,12,20,6,22],[13,9,1,17,5,8,16,21,24,12,20,23,6],[21,1,13,17,9,16,5,8,24,12,20,22,6],[17,5,21,24,8,1,13,16,9,12,20,7,23,22,6],[9,5,1,13,16,21,8,24,17,12,20,22,6],[9,5,1,13,16,21,8,24,17,12,20,23,6],[21,9,17,1,5,24,8,13,16,12,20,7,23,22,6],[9,13,5,16,21,8,24,1,17,12,20,6,22],[9,13,17,21,1,5,8,24,16,12,20,23,7,22,6],[21,9,17,1,13,5,24,8,16,12,20,23,6],[17,1,9,5,21,8,24,13,16,12,20,23,7,6,22],[17,5,13,8,16,1,21,24,9,12,20,22,7,6,23],[9,13,5,16,21,8,24,17,1,12,20,7,23,22,6],[9,1,5,17,13,16,21,24,8,12,20,23,6],[9,1,21,13,5,8,24,16,17,12,20,23,7,6,22],[1,5,21,8,24,17,9,13,16,12,20,7,23,22,6],[13,21,9,1,17,5,8,24,16,12,20,23,7,22,6],[17,9,5,13,8,16,1,21,24,12,20,6,23],[21,5,8,24,9,17,13,16,1,12,20,22,6],[13,5,16,17,1,21,24,8,9,12,20,6,22],[5,13,8,16,9,17,21,24,1,12,20,23,6],[5,17,13,8,16,9,1,21,24,12,20,6,22],[9,5,1,13,8,16,17,21,24,12,20,23,7,6,22],[21,13,16,17,9,5,24,8,1,12,20,23,7,6,22],[1,9,17,21,5,24,8,13,16,12,20,7,23,22,6],[17,13,21,1,5,24,8,16,9,12,20,6,22],[5,1,17,9,21,8,24,13,16,12,20,23,7,22,6],[13,21,1,24,16,5,8,17,9,12,20,6,22],[5,13,8,16,9,21,24,1,17,12,20,6,22],[1,21,5,8,24,13,16,9,17,12,20,22,6],[9,13,21,1,5,8,24,16,17,12,20,7,22,6,23],[1,5,9,13,8,16,21,24,17,12,20,6,23],[21,13,5,8,24,16,1,9,17,12,20,22,6],[21,13,5,24,8,16,9,1,17,12,20,22,6],[13,1,21,17,9,16,5,8,24,12,20,6,23],[5,13,16,1,17,21,24,8,9,12,20,23,6],[5,21,24,8,13,9,16,1,17,12,20,23,7,22,6],[13,17,1,21,24,16,5,8,9,12,20,22,6],[17,5,9,21,24,8,1,13,16,12,20,22,6],[13,9,21,24,16,1,17,5,8,12,20,22,6],[9,17,1,21,13,24,16,5,8,12,20,6,23],[1,9,21,13,16,5,8,24,17,12,20,7,22,6,23],[9,17,5,21,8,24,13,16,1,12,20,23,6],[5,13,16,17,21,24,8,1,9,12,20,6,22],[5,21,24,8,17,1,13,16,9,12,20,23,6],[17,13,9,1,21,5,8,24,16,12,20,7,22,23,6],[13,1,9,17,21,5,8,24,16,12,20,7,22,6,23],[17,1,21,13,5,24,8,16,9,12,20,23,7,22,6],[1,9,5,17,13,8,16,21,24,12,20,23,6],[21,5,24,8,1,13,17,16,9,12,20,22,7,23,6],[17,21,5,24,8,1,13,16,9,12,20,23,7,22,6],[21,17,9,5,24,8,1,13,16,12,20,6,23],[21,5,8,24,9,1,17,13,16,12,20,22,6],[13,17,21,9,1,5,24,8,16,12,20,6,23],[9,1,21,5,24,8,13,16,17,12,20,6,23],[13,5,8,16,1,17,9,21,24,12,20,6,23],[1,21,13,5,24,8,16,9,17,12,20,23,6],[9,13,21,17,16,1,5,8,24,12,20,6,23],[1,13,9,17,21,5,8,24,16,12,20,6,23],[1,5,9,17,21,8,24,13,16,12,20,23,6],[9,5,13,8,16,1,17,21,24,12,20,23,6],[21,5,24,8,13,16,9,1,17,12,20,22,7,6,23],[13,17,21,1,5,8,24,16,9,12,20,6,22],[17,5,13,16,1,21,8,24,9,12,20,23,6],[9,1,13,17,5,16,21,8,24,12,20,7,23,22,6],[9,13,1,21,16,5,8,24,17,12,20,7,23,22,6],[21,13,17,9,24,16,5,8,1,12,20,6,23],[9,1,5,13,16,17,21,8,24,12,20,23,7,6,22],[17,5,9,21,24,8,1,13,16,12,20,22,6],[21,17,5,24,8,13,16,1,9,12,20,22,6],[5,17,1,9,13,8,16,21,24,12,20,7,23,6,22],[9,5,13,8,16,17,21,24,1,12,20,6,22],[9,1,5,17,21,24,8,13,16,12,20,23,7,6,22],[17,13,5,16,21,24,8,9,1,12,20,22,7,23,6],[21,13,1,24,16,9,17,5,8,12,20,6,23],[21,5,24,8,9,17,13,16,1,12,20,7,22,6,23],[21,5,8,24,13,16,17,9,1,12,20,23,6],[21,17,13,1,9,5,8,24,16,12,20,7,23,6,22],[9,13,1,17,21,5,24,8,16,12,20,22,6],[21,17,9,1,5,8,24,13,16,12,20,23,6],[21,17,1,5,24,8,13,16,9,12,20,7,23,22,6],[21,9,5,8,24,1,17,13,16,12,20,22,6],[5,17,1,21,24,8,9,13,16,12,20,23,6],[21,17,9,1,13,16,5,24,8,12,20,6,23],[5,1,9,13,16,17,21,8,24,12,20,22,6],[1,5,9,17,21,8,24,13,16,12,20,6,22],[13,17,5,8,16,21,24,9,1,12,20,6,22],[17,5,13,8,16,9,1,21,24,12,20,23,6],[5,1,13,8,16,21,24,9,17,12,20,23,6],[17,9,13,1,21,5,8,24,16,12,20,7,22,23,6],[1,9,5,21,8,24,17,13,16,12,20,7,22,23,6],[1,17,13,9,21,5,24,8,16,12,20,22,6],[5,21,8,24,13,16,17,9,1,12,20,22,6],[9,21,1,13,16,17,5,8,24,12,20,7,22,23,6],[1,13,5,8,16,21,24,9,17,12,20,23,6],[13,21,24,16,17,1,5,8,9,12,20,6,23],[9,13,21,16,5,8,24,1,17,12,20,7,22,6,23],[21,13,1,9,5,24,8,16,17,12,20,22,7,6,23],[9,17,21,13,1,16,5,8,24,12,20,6,22],[1,5,9,17,21,24,8,13,16,12,20,6,23],[5,21,8,24,1,17,13,16,9,12,20,23,6],[17,13,21,16,5,24,8,9,1,12,20,7,23,22,6],[21,13,17,9,16,1,5,8,24,12,20,6,23],[1,9,5,21,24,8,13,16,17,12,20,22,6],[1,13,21,16,9,5,8,24,17,12,20,22,6],[21,9,17,1,13,24,16,5,8,12,20,22,6],[9,17,1,21,13,16,5,24,8,12,20,22,7,6,23],[9,1,17,5,21,8,24,13,16,12,20,23,7,6,22],[13,21,5,24,8,16,1,9,17,12,20,22,7,6,23],[1,21,17,5,8,24,13,16,9,12,20,6,22],[17,1,21,9,13,16,5,8,24,12,20,23,7,22,6],[21,13,5,24,8,16,17,9,1,12,20,6,22],[5,9,13,16,1,17,21,24,8,12,20,6,23],[1,5,21,24,8,13,16,9,17,12,20,6,23],[5,21,8,24,9,13,16,1,17,12,20,7,22,23,6],[17,9,13,5,8,16,21,24,1,12,20,23,6],[21,5,8,24,1,13,16,9,17,12,20,7,23,6,22],[9,13,1,21,17,5,8,24,16,12,20,22,7,6,23],[17,5,13,8,16,1,21,24,9,12,20,7,22,23,6],[1,21,13,5,24,8,16,17,9,12,20,7,23,22,6],[13,9,5,8,16,17,21,24,1,12,20,6,22],[13,17,21,5,8,24,16,9,1,12,20,22,6],[9,13,1,5,16,17,21,8,24,12,20,22,6],[17,21,5,8,24,13,16,9,1,12,20,7,22,23,6],[1,17,21,9,5,24,8,13,16,12,20,6,22],[5,13,8,16,1,21,24,17,9,12,20,22,6],[13,5,8,16,1,17,21,24,9,12,20,6,23],[13,9,17,1,5,8,16,21,24,12,20,23,7,6,22],[21,9,5,24,8,13,16,17,1,12,20,23,7,6,22],[9,17,21,5,24,8,1,13,16,12,20,22,6],[21,9,1,5,8,24,17,13,16,12,20,6,22],[13,9,17,5,16,1,21,8,24,12,20,6,23],[13,5,8,16,17,21,24,1,9,12,20,22,7,23,6],[21,5,24,8,13,16,17,9,1,12,20,22,6],[9,13,5,16,17,21,24,8,1,12,20,7,22,23,6],[21,13,17,9,16,5,24,8,1,12,20,6,22],[1,9,17,5,13,8,16,21,24,12,20,7,22,6,23],[5,9,17,1,13,8,16,21,24,12,20,23,6],[9,17,13,1,21,24,16,5,8,12,20,22,6],[5,17,9,21,8,24,1,13,16,12,20,22,6],[21,9,5,24,8,13,16,17,1,12,20,23,7,6,22],[9,21,5,8,24,17,13,16,1,12,20,23,6],[1,5,9,21,8,24,13,16,17,12,20,6,22],[5,9,17,13,8,16,21,24,1,12,20,7,23,22,6],[9,13,5,8,16,1,21,24,17,12,20,22,7,6,23],[17,5,9,21,8,24,1,13,16,12,20,7,22,23,6],[1,5,9,17,21,8,24,13,16,12,20,22,6],[1,13,9,17,5,16,21,8,24,12,20,7,22,23,6],[1,5,21,8,24,13,9,16,17,12,20,23,6],[1,5,13,16,17,9,21,24,8,12,20,6,22],[17,21,9,1,13,5,8,24,16,12,20,6,23],[13,1,21,5,8,24,16,9,17,12,20,7,22,23,6],[9,5,21,8,24,13,16,1,17,12,20,22,6],[13,9,5,8,16,1,17,21,24,12,20,6,22],[13,17,5,8,16,21,24,1,9,12,20,7,23,6,22],[5,17,13,8,16,21,24,1,9,12,20,23,7,6,22],[21,1,13,9,17,5,8,24,16,12,20,6,23],[1,5,13,16,17,9,21,24,8,12,20,23,7,22,6],[9,13,17,21,1,5,24,8,16,12,20,7,23,22,6],[13,21,17,1,5,8,24,16,9,12,20,23,7,6,22],[1,9,17,21,5,24,8,13,16,12,20,22,7,6,23],[5,1,21,8,24,9,17,13,16,12,20,7,23,22,6],[5,13,16,9,21,8,24,17,1,12,20,6,23],[13,17,21,9,1,5,8,24,16,12,20,6,23],[5,17,21,8,24,9,13,16,1,12,20,6,22],[17,9,5,13,8,16,21,24,1,12,20,23,7,22,6],[5,21,24,8,9,17,13,16,1,12,20,7,22,23,6],[17,9,1,5,21,24,8,13,16,12,20,6,23],[9,13,17,5,16,21,24,8,1,12,20,23,6],[1,9,13,17,5,16,21,8,24,12,20,6,22],[21,5,8,24,1,17,9,13,16,12,20,7,23,6,22],[9,1,21,13,5,24,8,17,16,12,20,23,6],[9,5,21,24,8,17,13,16,1,12,20,7,22,6,23],[17,13,9,21,16,5,24,8,1,12,20,6,23],[21,9,1,13,17,24,16,5,8,12,20,6,23],[9,5,17,13,16,1,21,8,24,12,20,6,22],[13,17,5,16,9,21,24,8,1,12,20,23,6],[1,17,21,9,5,24,8,13,16,12,20,23,7,22,6],[17,9,1,21,5,24,8,13,16,12,20,7,23,6,22],[17,21,5,24,8,13,16,1,9,12,20,7,22,6,23],[9,13,5,16,21,8,24,1,17,12,20,23,7,6,22],[5,21,8,24,9,1,17,13,16,12,20,22,6],[9,13,1,5,16,21,8,24,17,12,20,22,7,23,6],[17,1,21,5,24,8,13,16,9,12,20,7,22,23,6],[13,9,21,17,16,5,24,8,1,12,20,6,23],[13,21,1,5,8,24,16,17,9,12,20,6,22],[13,1,17,21,9,5,24,8,16,12,20,23,6],[21,1,17,13,5,8,24,16,9,12,20,6,23],[17,13,1,21,5,24,8,16,9,12,20,23,6],[5,17,21,24,8,9,13,16,1,12,20,7,22,6,23],[21,13,17,9,24,16,5,8,1,12,20,6,23],[9,1,17,21,13,16,5,24,8,12,20,7,22,23,6],[1,21,13,24,16,9,5,8,17,12,20,7,22,6,23],[17,9,1,21,13,5,24,8,16,12,20,6,23],[17,5,1,13,16,21,8,24,9,12,20,23,7,22,6],[13,21,1,5,8,24,16,17,9,12,20,22,6],[21,1,5,24,8,9,17,13,16,12,20,6,23],[21,5,24,8,13,16,17,9,1,12,20,6,23],[1,21,5,24,8,9,17,13,16,12,20,6,22],[5,1,21,24,8,17,13,16,9,12,20,6,22],[17,21,1,13,9,5,24,8,16,12,20,6,22],[5,9,1,21,8,24,17,13,16,12,20,22,6],[5,1,21,8,24,13,16,17,9,12,20,7,22,6,23],[5,1,21,8,24,17,9,13,16,12,20,6,23],[1,21,9,17,13,24,16,5,8,12,20,6,22],[13,5,8,16,21,24,1,17,9,12,20,22,7,23,6],[13,9,1,21,17,24,16,5,8,12,20,22,6],[5,21,24,8,17,13,16,9,1,12,20,22,7,6,23],[21,1,17,9,5,8,24,13,16,12,20,23,7,22,6],[5,13,8,16,17,1,21,24,9,12,20,6,22],[1,5,13,16,17,21,24,8,9,12,20,23,6],[21,9,5,8,24,1,17,13,16,12,20,7,23,22,6],[9,17,5,1,13,8,16,21,24,12,20,6,22],[5,9,13,16,21,8,24,1,17,12,20,23,7,22,6],[21,13,9,5,24,8,16,17,1,12,20,23,6],[13,9,1,5,16,17,21,8,24,12,20,23,7,6,22],[13,5,16,1,9,21,8,24,17,12,20,7,22,6,23],[17,13,5,8,16,9,1,21,24,12,20,23,6],[1,13,9,17,21,16,5,24,8,12,20,6,23],[13,21,5,24,8,16,1,17,9,12,20,7,23,22,6],[17,21,13,9,5,8,24,16,1,12,20,7,22,6,23],[9,21,5,24,8,17,1,13,16,12,20,6,22],[13,9,21,17,24,16,1,5,8,12,20,6,22],[13,1,5,8,16,17,21,24,9,12,20,7,23,22,6],[5,1,21,24,8,17,9,13,16,12,20,22,6],[5,17,1,9,13,8,16,21,24,12,20,6,22],[1,9,5,17,13,16,21,8,24,12,20,22,7,23,6],[13,5,16,17,9,21,8,24,1,12,20,6,22],[1,21,9,17,13,5,24,8,16,12,20,22,7,23,6],[1,13,17,5,8,16,9,21,24,12,20,22,7,23,6],[13,1,21,5,8,24,16,17,9,12,20,23,6],[21,1,13,9,24,16,17,5,8,12,20,6,23],[13,17,5,8,16,1,21,24,9,12,20,7,23,22,6],[13,9,21,5,8,24,17,16,1,12,20,6,22],[17,1,5,13,16,21,24,8,9,12,20,23,6],[1,13,21,9,5,24,8,16,17,12,20,6,22],[5,13,16,21,8,24,17,9,1,12,20,22,7,23,6],[21,1,17,13,9,5,24,8,16,12,20,23,7,22,6],[9,5,13,16,1,21,8,24,17,12,20,22,6],[13,21,9,5,8,24,16,17,1,12,20,23,7,22,6],[1,9,21,17,5,8,24,13,16,12,20,23,7,22,6],[9,1,5,21,8,24,13,16,17,12,20,7,23,22,6],[13,17,9,5,8,16,1,21,24,12,20,6,23],[9,21,1,5,24,8,17,13,16,12,20,22,6],[17,21,13,1,5,8,24,16,9,12,20,23,6],[17,21,9,13,16,1,5,24,8,12,20,7,23,22,6],[21,9,13,17,5,24,8,16,1,12,20,23,6],[21,5,24,8,9,13,16,1,17,12,20,6,22],[21,17,1,5,24,8,13,16,9,12,20,7,22,23,6],[13,21,9,17,5,8,24,16,1,12,20,6,23],[21,9,1,13,17,5,8,24,16,12,20,22,6],[21,13,1,17,9,24,16,5,8,12,20,23,6],[21,1,13,5,8,24,16,9,17,12,20,6,23],[21,9,1,5,8,24,17,13,16,12,20,7,22,23,6],[5,13,8,16,1,17,21,24,9,12,20,22,7,23,6],[17,5,9,21,8,24,13,1,16,12,20,23,7,6,22],[9,13,5,8,16,17,21,24,1,12,20,23,6],[21,5,24,8,1,13,16,17,9,12,20,6,23],[21,5,8,24,17,1,13,16,9,12,20,6,23],[1,21,13,24,16,17,9,5,8,12,20,23,7,22,6],[1,17,5,13,16,9,21,8,24,12,20,22,6],[5,1,21,24,8,13,16,9,17,12,20,22,7,23,6],[5,9,1,13,8,16,21,24,17,12,20,22,6],[9,17,5,21,24,8,1,13,16,12,20,6,22],[17,5,9,21,24,8,13,16,1,12,20,23,7,22,6],[1,5,17,13,8,16,21,24,9,12,20,23,6],[9,13,17,5,16,21,24,8,1,12,20,23,6],[17,5,21,24,8,1,13,16,9,12,20,22,7,23,6],[17,13,5,16,21,24,8,1,9,12,20,7,23,22,6],[21,17,1,13,9,16,5,8,24,12,20,6,23],[9,13,17,1,5,8,16,21,24,12,20,23,7,6,22],[21,1,9,5,24,8,17,13,16,12,20,23,6],[21,5,8,24,9,1,13,17,16,12,20,23,6],[5,13,8,16,21,24,1,9,17,12,20,23,6],[9,17,5,13,16,21,24,8,1,12,20,7,23,6,22],[13,5,16,21,24,8,17,1,9,12,20,7,22,6,23],[21,17,5,24,8,13,16,1,9,12,20,23,6],[1,21,5,24,8,17,13,16,9,12,20,6,23],[17,9,21,1,5,24,8,13,16,12,20,22,7,23,6],[5,21,8,24,17,9,1,13,16,12,20,6,22],[5,17,13,16,1,9,21,8,24,12,20,22,7,6,23],[5,21,24,8,1,13,16,9,17,12,20,22,7,23,6],[5,13,8,16,9,21,24,17,1,12,20,6,23],[13,5,8,16,9,21,24,1,17,12,20,6,23],[9,17,1,5,21,24,8,13,16,12,20,23,6],[21,9,13,5,8,24,16,17,1,12,20,23,6],[1,17,5,13,16,21,8,24,9,12,20,23,6],[13,17,21,9,1,5,24,8,16,12,20,7,22,23,6],[1,17,13,9,5,16,21,24,8,12,20,22,6],[17,9,21,1,5,8,24,13,16,12,20,23,7,22,6],[1,5,13,8,16,17,9,21,24,12,20,23,7,22,6],[1,9,17,5,21,24,8,13,16,12,20,23,7,6,22],[21,13,17,16,9,1,5,8,24,12,20,6,23],[9,13,1,5,16,17,21,8,24,12,20,22,6],[9,5,13,8,16,17,1,21,24,12,20,23,6],[13,5,16,21,24,8,1,17,9,12,20,6,23],[1,17,13,5,16,9,21,24,8,12,20,6,22],[5,17,1,13,16,9,21,8,24,12,20,6,23],[9,1,17,13,5,16,21,8,24,12,20,22,6],[9,1,21,13,17,16,5,24,8,12,20,7,23,6,22],[5,1,13,16,9,17,21,8,24,12,20,22,6],[1,5,9,21,24,8,13,16,17,12,20,7,22,6,23],[5,13,8,16,1,17,9,21,24,12,20,7,22,23,6],[21,5,8,24,1,17,13,16,9,12,20,7,23,22,6],[17,13,21,9,1,5,8,24,16,12,20,7,22,23,6],[13,9,17,1,21,5,8,24,16,12,20,7,22,23,6],[17,1,21,9,5,8,24,13,16,12,20,7,23,22,6],[1,21,13,24,16,17,9,5,8,12,20,7,23,6,22],[17,13,21,5,24,8,16,9,1,12,20,23,6],[1,17,13,9,5,16,21,8,24,12,20,6,23],[17,1,13,9,5,16,21,24,8,12,20,22,7,23,6],[1,17,9,5,21,24,8,13,16,12,20,23,6],[21,1,9,5,24,8,13,16,17,12,20,7,22,6,23],[17,9,21,13,1,5,24,8,16,12,20,6,22],[9,5,17,13,8,16,1,21,24,12,20,22,7,23,6],[21,13,17,24,9,16,5,8,1,12,20,22,7,23,6],[17,1,13,5,16,9,21,8,24,12,20,7,23,6,22],[13,1,9,21,17,16,5,24,8,12,20,22,7,6,23],[1,17,5,21,24,8,13,16,9,12,20,7,22,6,23],[1,17,5,21,8,24,13,16,9,12,20,22,7,6,23],[21,9,17,1,13,5,8,24,16,12,20,23,7,6,22],[13,5,16,21,24,8,9,1,17,12,20,6,23],[21,17,9,1,13,5,24,8,16,12,20,22,7,6,23],[5,13,16,21,8,24,9,17,1,12,20,7,22,6,23],[13,21,17,5,8,24,16,1,9,12,20,23,6],[13,5,8,16,9,1,21,24,17,12,20,23,6],[13,17,5,8,16,9,1,21,24,12,20,7,23,6,22],[1,13,9,21,5,8,24,16,17,12,20,7,23,6,22],[1,5,9,21,8,24,17,13,16,12,20,6,22],[17,21,5,24,8,9,1,13,16,12,20,22,7,23,6],[17,1,9,13,21,5,8,24,16,12,20,23,6],[21,1,5,24,8,9,13,16,17,12,20,7,22,6,23],[9,13,21,5,8,24,16,1,17,12,20,6,22],[9,1,21,5,8,24,13,16,17,12,20,6,23],[9,1,21,17,13,16,5,8,24,12,20,23,6],[9,1,21,17,13,5,8,24,16,12,20,7,23,6,22],[5,1,9,13,16,17,21,8,24,12,20,22,7,6,23],[17,13,21,9,1,24,16,5,8,12,20,22,7,23,6],[5,17,1,9,13,8,16,21,24,12,20,23,6],[1,13,9,5,8,16,21,24,17,12,20,6,23],[13,1,5,16,21,24,8,17,9,12,20,22,7,6,23],[1,17,9,5,21,8,24,13,16,12,20,6,23],[5,1,17,21,8,24,13,16,9,12,20,7,22,6,23],[21,1,9,17,5,24,8,13,16,12,20,7,23,6,22],[13,1,17,9,5,8,16,21,24,12,20,7,22,23,6],[17,5,1,9,21,8,24,13,16,12,20,6,23],[1,9,13,21,5,24,8,16,17,12,20,7,23,22,6],[13,5,16,17,9,1,21,8,24,12,20,6,23],[5,1,13,16,21,8,24,17,9,12,20,23,6],[13,21,17,5,8,24,16,1,9,12,20,23,7,22,6],[21,9,17,13,16,1,5,24,8,12,20,23,7,22,6],[21,13,5,8,24,9,17,16,1,12,20,7,23,6,22],[1,5,21,24,8,13,16,9,17,12,20,22,6],[9,17,1,21,13,24,16,5,8,12,20,23,6],[17,13,9,1,21,5,24,8,16,12,20,7,22,23,6],[17,21,5,24,8,1,9,13,16,12,20,22,6],[13,1,9,17,21,5,8,24,16,12,20,22,7,23,6],[13,21,9,1,5,24,8,16,17,12,20,22,6],[9,1,21,5,8,24,17,13,16,12,20,6,22],[1,5,13,8,16,9,21,24,17,12,20,23,6],[5,9,21,24,8,13,16,17,1,12,20,23,6],[17,1,21,13,9,5,8,24,16,12,20,22,6],[21,5,24,8,17,1,13,16,9,12,20,6,23],[17,21,1,13,24,16,5,8,9,12,20,7,22,6,23],[13,9,21,17,1,5,8,24,16,12,20,6,23],[1,13,21,17,9,24,16,5,8,12,20,23,7,6,22],[21,5,24,8,1,17,9,13,16,12,20,23,6],[1,21,13,17,16,9,5,8,24,12,20,7,22,6,23],[21,13,9,17,1,24,16,5,8,12,20,23,6],[17,9,21,13,1,5,8,24,16,12,20,6,22],[21,1,5,8,24,9,17,13,16,12,20,22,6],[1,17,21,5,24,8,9,13,16,12,20,7,23,6,22],[5,17,1,9,21,8,24,13,16,12,20,7,23,6,22],[1,17,21,9,13,16,5,24,8,12,20,6,23],[13,5,16,1,9,17,21,8,24,12,20,6,23],[1,17,5,9,13,8,16,21,24,12,20,6,22],[1,5,21,24,8,9,17,13,16,12,20,23,6],[9,13,17,21,5,8,24,16,1,12,20,22,6],[1,17,21,9,13,5,24,8,16,12,20,6,23],[1,9,13,5,8,16,21,24,17,12,20,23,6],[5,9,17,1,13,8,16,21,24,12,20,23,6],[13,9,1,5,16,21,8,24,17,12,20,22,7,23,6],[17,5,1,21,8,24,9,13,16,12,20,7,22,6,23],[9,17,5,1,13,8,16,21,24,12,20,22,7,23,6],[13,5,16,1,17,21,8,24,9,12,20,6,23],[13,1,17,21,24,16,5,8,9,12,20,23,6],[5,17,21,24,8,13,16,1,9,12,20,7,23,6,22],[17,1,21,9,13,24,16,5,8,12,20,23,6],[13,1,5,16,17,21,8,24,9,12,20,7,22,6,23],[17,1,9,13,5,8,16,21,24,12,20,22,7,23,6],[13,17,9,5,8,16,21,24,1,12,20,22,6],[13,1,9,5,8,16,17,21,24,12,20,7,22,23,6],[9,21,5,8,24,13,16,1,17,12,20,23,6],[21,5,8,24,13,16,9,1,17,12,20,6,22],[17,5,21,24,8,13,16,9,1,12,20,6,22],[9,21,1,17,13,5,8,24,16,12,20,7,23,22,6],[17,9,13,21,5,8,24,16,1,12,20,22,6],[17,21,5,8,24,13,16,9,1,12,20,7,23,6,22],[5,21,8,24,13,16,17,9,1,12,20,23,6],[9,5,21,24,8,13,16,17,1,12,20,7,23,6,22],[9,5,1,21,8,24,13,16,17,12,20,7,23,6,22],[9,13,21,24,16,5,8,1,17,12,20,7,23,22,6],[9,1,17,13,21,5,24,8,16,12,20,7,22,23,6],[1,21,13,9,5,8,24,16,17,12,20,7,22,6,23],[5,9,21,24,8,13,1,16,17,12,20,22,6],[21,17,13,24,16,1,9,5,8,12,20,23,7,22,6],[5,1,13,8,16,9,17,21,24,12,20,22,6],[1,9,13,21,17,5,24,8,16,12,20,23,7,22,6],[1,5,13,8,16,9,17,21,24,12,20,23,6],[5,9,1,21,8,24,13,17,16,12,20,22,7,6,23],[5,1,17,13,8,16,9,21,24,12,20,23,7,22,6],[17,9,1,5,21,24,8,13,16,12,20,7,23,6,22],[5,21,8,24,9,17,1,13,16,12,20,7,22,6,23],[17,13,1,21,9,16,5,24,8,12,20,6,22],[21,13,9,24,16,1,5,8,17,12,20,7,23,22,6],[1,9,5,13,16,21,24,8,17,12,20,23,6],[21,9,17,5,24,8,13,16,1,12,20,7,23,22,6],[17,13,1,5,16,21,24,8,9,12,20,7,22,6,23],[21,5,8,24,1,17,13,9,16,12,20,22,6],[1,9,17,5,13,16,21,8,24,12,20,7,23,6,22],[17,9,21,13,1,24,16,5,8,12,20,22,6],[17,21,5,24,8,1,13,16,9,12,20,23,6],[13,5,16,9,17,21,8,24,1,12,20,23,6],[13,5,8,16,21,24,9,1,17,12,20,6,22],[1,17,9,5,21,24,8,13,16,12,20,23,7,22,6],[13,17,5,8,16,21,24,1,9,12,20,22,7,23,6],[21,5,8,24,17,1,13,16,9,12,20,7,22,23,6],[21,9,1,13,17,5,8,24,16,12,20,7,22,6,23],[21,13,17,9,5,8,24,16,1,12,20,22,7,23,6],[5,13,16,17,9,1,21,8,24,12,20,7,22,6,23],[17,21,5,24,8,9,1,13,16,12,20,7,23,22,6],[5,17,21,8,24,13,16,9,1,12,20,22,7,6,23],[17,13,1,9,5,16,21,24,8,12,20,7,22,6,23],[5,13,8,16,9,1,17,21,24,12,20,6,23],[13,21,5,8,24,9,16,1,17,12,20,6,23],[21,17,13,9,16,5,24,8,1,12,20,22,7,6,23],[17,9,21,1,13,5,8,24,16,12,20,6,22],[21,9,17,5,8,24,1,13,16,12,20,23,7,22,6],[13,21,1,5,8,24,16,9,17,12,20,7,23,6,22],[5,1,9,21,24,8,17,13,16,12,20,22,6],[21,17,13,5,24,8,16,9,1,12,20,7,22,23,6],[17,9,13,21,5,8,24,16,1,12,20,6,23],[5,9,21,24,8,17,13,16,1,12,20,23,7,6,22],[1,21,17,5,24,8,9,13,16,12,20,22,7,6,23],[9,5,21,8,24,13,16,1,17,12,20,22,7,6,23],[21,13,16,9,5,8,24,1,17,12,20,7,22,6,23],[21,9,13,17,5,8,24,16,1,12,20,6,23],[5,1,17,9,21,8,24,13,16,12,20,22,7,6,23],[1,9,17,21,5,8,24,13,16,12,20,22,6],[9,5,13,16,21,8,24,1,17,12,20,7,22,6,23],[17,1,21,5,24,8,9,13,16,12,20,22,6],[5,1,13,16,21,8,24,9,17,12,20,22,6],[13,1,9,21,5,8,24,16,17,12,20,22,6],[21,5,24,8,9,17,13,16,1,12,20,23,6],[9,1,13,21,5,24,8,16,17,12,20,6,23],[9,13,17,21,1,5,8,24,16,12,20,6,23],[13,1,9,21,24,16,17,5,8,12,20,23,7,6,22],[1,13,9,21,17,24,16,5,8,12,20,6,22],[17,1,9,21,5,24,8,13,16,12,20,7,23,22,6],[17,21,1,9,13,5,8,24,16,12,20,7,22,6,23],[5,21,24,8,13,16,9,1,17,12,20,6,23],[9,5,13,16,17,1,21,24,8,12,20,22,6],[9,21,5,24,8,1,17,13,16,12,20,23,6],[9,1,5,21,24,8,13,16,17,12,20,23,7,6,22],[1,17,21,13,9,5,24,8,16,12,20,6,23],[1,17,5,13,16,21,24,8,9,12,20,23,6],[13,21,24,16,5,8,9,17,1,12,20,22,6],[13,5,8,16,1,9,17,21,24,12,20,23,6],[5,1,13,16,9,17,21,24,8,12,20,22,6],[17,5,21,24,8,1,13,16,9,12,20,6,23],[17,5,13,8,16,9,21,24,1,12,20,22,7,6,23],[21,9,1,5,24,8,17,13,16,12,20,7,22,6,23],[13,5,16,21,8,24,1,17,9,12,20,6,22],[17,13,9,5,8,16,21,24,1,12,20,6,23],[5,17,9,21,8,24,13,16,1,12,20,6,22],[5,17,21,8,24,13,16,1,9,12,20,23,7,6,22],[13,17,1,9,21,5,24,8,16,12,20,23,6],[13,1,17,9,21,5,24,8,16,12,20,22,6],[1,21,17,9,5,8,24,13,16,12,20,22,7,6,23],[21,5,8,24,17,13,16,9,1,12,20,23,7,6,22],[13,17,21,16,9,1,5,24,8,12,20,23,7,22,6],[1,9,21,5,8,24,17,13,16,12,20,23,7,22,6],[17,21,9,1,13,5,8,24,16,12,20,7,23,22,6],[9,5,17,13,8,16,21,24,1,12,20,6,23],[9,1,13,5,16,17,21,24,8,12,20,7,23,6,22],[17,21,9,1,13,16,5,24,8,12,20,22,7,23,6],[1,13,17,5,16,21,8,24,9,12,20,7,23,22,6],[21,9,13,17,24,16,1,5,8,12,20,7,23,6,22],[5,9,17,13,8,16,1,21,24,12,20,22,7,6,23],[5,1,21,8,24,13,16,9,17,12,20,7,23,6,22],[17,1,21,9,13,5,8,24,16,12,20,6,22],[1,21,9,17,13,24,16,5,8,12,20,23,6],[5,9,21,24,8,17,13,16,1,12,20,23,7,6,22],[1,9,17,21,5,8,24,13,16,12,20,6,23],[13,17,1,9,21,5,8,24,16,12,20,23,7,22,6],[21,9,1,13,24,5,8,16,17,12,20,6,22],[17,1,21,9,5,24,8,13,16,12,20,23,7,22,6],[17,9,13,21,1,5,24,8,16,12,20,23,6],[9,1,5,17,21,8,24,13,16,12,20,23,6],[13,17,21,5,8,24,16,1,9,12,20,22,7,23,6],[5,13,8,16,9,21,24,17,1,12,20,22,6],[5,9,21,8,24,17,13,16,1,12,20,23,7,6,22],[9,1,17,5,13,16,21,24,8,12,20,6,23],[5,9,13,16,21,24,8,1,17,12,20,6,22],[5,1,17,13,8,16,21,24,9,12,20,22,7,23,6],[21,1,13,9,17,5,24,8,16,12,20,23,6],[21,9,5,8,24,13,16,1,17,12,20,6,23],[21,5,24,8,13,16,1,9,17,12,20,22,7,23,6],[17,1,5,9,21,24,8,13,16,12,20,7,23,22,6],[17,13,1,9,21,5,8,24,16,12,20,23,6],[9,21,13,5,8,24,16,1,17,12,20,7,22,23,6],[17,9,13,5,8,16,21,24,1,12,20,22,6],[13,1,17,5,8,16,21,24,9,12,20,7,23,6,22],[13,1,9,5,8,16,17,21,24,12,20,22,6],[1,17,21,5,24,8,9,13,16,12,20,23,6],[1,9,17,21,13,5,8,24,16,12,20,23,6],[13,1,5,16,21,8,24,17,9,12,20,22,6],[9,1,21,17,5,24,8,13,16,12,20,22,7,6,23],[17,21,13,16,1,5,8,24,9,12,20,6,23],[17,13,9,5,16,1,21,8,24,12,20,22,6],[5,17,9,1,13,16,21,24,8,12,20,7,23,22,6],[21,9,17,13,1,5,8,24,16,12,20,22,6],[13,17,21,9,5,8,24,16,1,12,20,7,23,6,22],[9,17,21,1,5,8,24,13,16,12,20,23,7,6,22],[1,5,17,9,21,8,24,13,16,12,20,6,23],[1,9,17,21,13,5,24,8,16,12,20,22,6],[9,21,1,13,5,8,24,16,17,12,20,7,22,6,23],[9,13,1,17,5,8,16,21,24,12,20,6,23],[17,21,13,5,24,8,9,16,1,12,20,23,7,6,22],[13,17,21,9,16,5,8,24,1,12,20,7,22,6,23],[21,1,5,8,24,9,17,13,16,12,20,22,7,23,6],[13,17,5,8,16,9,1,21,24,12,20,6,23],[17,13,9,1,21,5,24,8,16,12,20,22,6],[5,1,13,16,9,17,21,24,8,12,20,6,23],[9,5,21,24,8,17,13,16,1,12,20,23,6],[13,17,21,1,16,9,5,24,8,12,20,6,22],[5,13,8,16,9,17,1,21,24,12,20,23,7,22,6],[17,13,21,9,1,5,8,24,16,12,20,6,22],[21,13,9,5,24,8,16,1,17,12,20,22,6],[21,9,17,13,1,5,8,24,16,12,20,23,6],[1,13,17,21,9,24,16,5,8,12,20,22,7,23,6],[13,17,5,16,9,1,21,24,8,12,20,6,23],[21,5,8,24,1,17,9,13,16,12,20,6,22],[1,13,21,17,5,24,8,16,9,12,20,6,22],[13,9,1,21,5,8,24,16,17,12,20,23,7,6,22],[1,9,5,17,13,8,16,21,24,12,20,23,7,22,6],[17,1,5,21,8,24,13,16,9,12,20,6,22],[5,9,21,24,8,17,1,13,16,12,20,6,22],[21,13,9,1,24,17,16,5,8,12,20,7,23,22,6],[1,17,5,9,13,8,16,21,24,12,20,22,6],[5,21,24,8,1,13,16,17,9,12,20,6,23],[1,21,13,17,9,5,8,24,16,12,20,7,22,23,6],[21,1,13,17,16,5,24,8,9,12,20,23,7,6,22],[5,21,8,24,17,9,1,13,16,12,20,6,22],[9,13,5,16,1,17,21,8,24,12,20,7,22,23,6],[5,1,17,9,21,8,24,13,16,12,20,7,23,22,6],[13,9,5,16,1,17,21,8,24,12,20,7,23,6,22],[1,17,21,5,24,8,13,16,9,12,20,6,22],[13,1,21,17,5,24,8,16,9,12,20,7,23,22,6],[9,13,5,8,16,1,17,21,24,12,20,22,6],[21,13,24,16,9,1,17,5,8,12,20,6,22],[1,21,17,13,24,16,5,8,9,12,20,23,7,6,22],[1,13,21,9,24,16,5,8,17,12,20,23,7,22,6],[9,13,5,16,21,24,8,17,1,12,20,22,6],[1,17,21,13,9,5,8,24,16,12,20,22,6],[13,9,1,21,17,5,24,8,16,12,20,7,23,22,6],[21,5,8,24,9,13,16,1,17,12,20,23,7,6,22],[9,13,1,21,17,16,5,8,24,12,20,22,7,23,6],[21,9,17,13,1,24,16,5,8,12,20,23,6],[5,9,21,8,24,13,16,17,1,12,20,7,23,6,22],[17,1,13,9,5,16,21,8,24,12,20,22,6],[9,5,1,17,21,24,8,13,16,12,20,6,22],[13,17,5,16,9,1,21,8,24,12,20,22,6],[17,21,1,5,8,24,9,13,16,12,20,7,23,22,6],[13,9,5,16,17,1,21,8,24,12,20,22,7,6,23],[1,13,9,17,21,5,8,24,16,12,20,6,22],[5,21,24,8,13,16,9,17,1,12,20,7,22,23,6],[5,13,8,16,17,1,9,21,24,12,20,23,6],[9,1,21,17,13,16,5,8,24,12,20,6,22],[17,21,1,5,24,8,9,13,16,12,20,22,7,23,6],[21,5,24,8,17,9,13,16,1,12,20,7,22,6,23],[5,13,8,16,17,21,24,9,1,12,20,23,7,6,22],[17,13,9,5,16,1,21,24,8,12,20,23,7,22,6],[5,17,21,24,8,9,1,13,16,12,20,22,6],[17,9,13,1,21,16,5,8,24,12,20,23,6],[1,13,21,17,9,5,24,8,16,12,20,6,23],[5,21,24,8,17,1,9,13,16,12,20,23,7,6,22],[1,21,17,5,24,8,9,13,16,12,20,7,22,6,23],[1,21,17,9,5,24,8,13,16,12,20,7,23,6,22],[5,17,1,9,13,8,16,21,24,12,20,22,6],[17,13,9,1,5,8,16,21,24,12,20,6,23],[17,9,1,13,5,16,21,24,8,12,20,7,23,22,6],[9,1,21,17,13,5,24,8,16,12,20,22,6],[21,17,5,24,8,1,13,16,9,12,20,22,7,23,6],[5,9,13,16,1,17,21,24,8,12,20,23,6],[21,13,17,9,24,16,1,5,8,12,20,7,23,6,22],[9,21,1,13,17,5,8,24,16,12,20,6,23],[9,1,17,5,21,8,24,13,16,12,20,23,7,22,6],[5,9,21,8,24,13,16,1,17,12,20,23,6],[5,1,17,21,8,24,9,13,16,12,20,22,7,6,23],[1,21,13,17,16,9,5,24,8,12,20,23,6],[1,9,17,13,5,8,16,21,24,12,20,22,7,23,6],[13,5,16,1,21,24,8,9,17,12,20,22,6],[1,9,5,17,13,16,21,8,24,12,20,6,23],[1,5,13,16,17,9,21,8,24,12,20,23,7,6,22],[9,17,1,21,13,24,16,5,8,12,20,23,7,6,22],[13,5,8,16,9,17,1,21,24,12,20,22,7,23,6],[5,21,24,8,9,13,16,1,17,12,20,6,22],[1,5,9,17,21,24,8,13,16,12,20,22,6],[17,1,9,13,21,5,24,8,16,12,20,6,22],[17,5,9,13,16,21,24,8,1,12,20,22,7,6,23],[9,1,21,5,8,24,13,16,17,12,20,22,7,6,23],[21,13,17,1,5,8,24,9,16,12,20,7,22,6,23],[17,21,5,24,8,13,16,1,9,12,20,23,6],[17,5,1,13,8,16,21,24,9,12,20,23,7,22,6],[1,17,13,21,9,16,5,8,24,12,20,7,22,23,6],[1,13,21,9,5,8,24,16,17,12,20,22,7,23,6],[21,13,17,5,8,24,16,9,1,12,20,23,7,22,6],[5,21,8,24,9,13,16,17,1,12,20,6,22],[21,13,1,9,17,5,24,8,16,12,20,7,22,6,23],[9,5,1,13,16,17,21,8,24,12,20,7,23,22,6],[5,21,8,24,1,17,9,13,16,12,20,6,23],[1,17,9,5,13,8,16,21,24,12,20,7,22,23,6],[9,5,13,16,17,1,21,8,24,12,20,7,22,23,6],[13,1,21,5,8,24,16,9,17,12,20,22,7,6,23],[13,9,1,21,17,5,24,8,16,12,20,23,6],[5,1,9,13,8,16,17,21,24,12,20,23,6],[5,17,1,13,8,16,21,24,9,12,20,22,7,6,23],[9,5,21,24,8,13,16,17,1,12,20,22,6],[13,9,1,21,17,5,8,24,16,12,20,7,23,22,6],[1,13,5,16,9,21,24,8,17,12,20,7,22,23,6],[17,5,1,21,24,8,13,16,9,12,20,6,22],[21,9,13,5,24,8,16,1,17,12,20,7,23,6,22],[5,21,24,8,13,17,16,9,1,12,20,22,6],[5,17,9,1,21,24,8,13,16,12,20,7,23,6,22],[21,1,13,5,8,24,16,17,9,12,20,22,7,23,6],[21,17,13,5,8,24,16,9,1,12,20,6,23],[9,1,17,5,21,8,24,13,16,12,20,6,23],[1,9,17,5,13,8,16,21,24,12,20,23,6],[17,1,9,21,5,24,8,13,16,12,20,23,6],[17,9,1,13,21,5,8,24,16,12,20,7,23,6,22],[5,1,21,8,24,9,17,13,16,12,20,7,23,6,22],[9,1,5,13,16,21,8,24,17,12,20,22,7,6,23],[17,9,13,1,21,16,5,24,8,12,20,22,6],[1,21,17,5,8,24,13,16,9,12,20,22,7,6,23],[5,9,13,16,1,21,8,24,17,12,20,23,6],[1,13,21,5,24,8,16,17,9,12,20,6,22],[9,5,17,21,8,24,1,13,16,12,20,23,7,22,6],[13,21,5,8,24,16,1,9,17,12,20,7,22,23,6],[21,17,9,13,1,5,24,8,16,12,20,7,22,6,23],[13,21,1,9,24,16,17,5,8,12,20,23,6],[21,5,8,24,1,9,13,16,17,12,20,6,23],[13,9,1,21,17,24,16,5,8,12,20,7,23,6,22],[1,9,17,13,5,16,21,8,24,12,20,23,6],[1,9,21,5,8,24,17,13,16,12,20,7,22,6,23],[9,17,13,1,5,16,21,8,24,12,20,23,7,6,22],[1,17,21,5,24,8,9,13,16,12,20,7,22,6,23],[5,13,16,1,21,8,24,17,9,12,20,7,22,23,6],[21,17,9,13,16,5,24,8,1,12,20,23,7,22,6],[21,5,24,8,1,17,9,13,16,12,20,22,6],[1,21,17,9,13,24,16,5,8,12,20,6,22],[13,1,21,17,5,24,8,16,9,12,20,22,6],[1,9,5,17,13,16,21,24,8,12,20,7,23,6,22],[13,1,21,17,24,16,5,8,9,12,20,23,7,22,6],[5,17,21,24,8,1,9,13,16,12,20,23,7,6,22],[1,9,21,17,5,24,8,13,16,12,20,7,23,6,22],[13,9,17,21,24,16,1,5,8,12,20,23,6],[1,5,9,21,8,24,13,16,17,12,20,7,22,23,6],[21,13,9,24,16,1,17,5,8,12,20,23,7,22,6],[9,17,1,13,5,8,16,21,24,12,20,22,7,23,6],[17,5,9,13,16,1,21,24,8,12,20,23,6],[21,1,13,5,8,24,16,9,17,12,20,23,7,22,6],[13,1,21,5,24,8,16,9,17,12,20,22,6],[5,21,24,8,17,1,9,13,16,12,20,22,7,23,6],[1,21,13,9,16,5,24,8,17,12,20,22,6],[17,5,13,8,16,21,24,1,9,12,20,7,23,22,6],[1,9,5,13,16,21,24,8,17,12,20,7,23,6,22],[1,9,21,13,24,16,5,8,17,12,20,22,6],[17,1,13,9,21,5,8,24,16,12,20,23,7,6,22],[17,5,13,8,16,1,21,24,9,12,20,22,7,6,23],[5,9,1,17,13,8,16,21,24,12,20,6,23],[5,9,21,24,8,13,16,17,1,12,20,22,6],[17,1,21,13,5,24,8,16,9,12,20,23,7,6,22],[13,1,17,9,5,8,16,21,24,12,20,6,22],[21,1,5,24,8,17,13,16,9,12,20,6,22],[13,1,5,8,16,17,21,24,9,12,20,23,6],[5,13,8,16,17,1,21,24,9,12,20,7,22,6,23],[17,13,9,1,5,8,16,21,24,12,20,22,6],[9,17,5,1,13,8,16,21,24,12,20,23,6],[21,13,1,17,24,16,5,8,9,12,20,23,6],[1,9,17,5,21,8,24,13,16,12,20,7,22,6,23],[21,13,17,9,24,1,16,5,8,12,20,22,7,6,23],[17,5,1,13,16,21,24,8,9,12,20,6,22],[5,1,17,21,8,24,9,13,16,12,20,22,7,23,6],[9,13,17,21,5,8,24,16,1,12,20,6,23],[13,1,5,8,16,21,24,9,17,12,20,22,6],[17,13,1,9,21,5,24,8,16,12,20,7,23,6,22],[5,21,8,24,9,13,16,1,17,12,20,23,7,22,6],[1,5,13,16,9,17,21,24,8,12,20,22,7,6,23],[21,1,5,24,8,17,13,16,9,12,20,22,6],[21,1,17,9,5,8,24,13,16,12,20,7,22,23,6],[1,21,9,5,24,8,13,16,17,12,20,22,7,23,6],[1,9,21,13,17,5,24,8,16,12,20,7,22,23,6],[9,21,17,5,8,24,13,16,1,12,20,23,6],[17,9,21,5,24,8,1,13,16,12,20,23,6],[13,1,17,9,5,8,16,21,24,12,20,22,7,6,23],[17,13,21,1,5,24,8,16,9,12,20,7,22,6,23],[21,13,1,17,9,5,24,8,16,12,20,6,22],[21,17,1,13,9,5,24,8,16,12,20,6,23],[21,5,24,8,1,17,13,16,9,12,20,22,7,6,23],[1,9,13,17,5,16,21,24,8,12,20,23,7,6,22],[17,21,5,8,24,9,13,16,1,12,20,22,7,23,6],[13,9,21,17,5,24,8,16,1,12,20,7,23,6,22],[1,17,21,5,24,8,13,16,9,12,20,22,6],[9,21,5,24,8,17,13,16,1,12,20,22,7,23,6],[1,9,13,5,16,21,24,8,17,12,20,22,6],[17,21,13,9,5,8,24,1,16,12,20,7,22,23,6],[21,17,5,8,24,1,9,13,16,12,20,6,23],[17,5,9,21,8,24,13,16,1,12,20,23,6],[13,17,21,5,24,8,16,9,1,12,20,6,22],[1,5,17,9,21,24,8,13,16,12,20,23,7,6,22],[13,17,21,5,8,24,9,16,1,12,20,22,6],[13,9,21,1,16,5,8,24,17,12,20,7,23,6,22],[1,13,9,17,21,16,5,8,24,12,20,22,6],[17,13,5,16,1,21,24,8,9,12,20,6,23],[1,13,17,21,5,8,24,16,9,12,20,23,7,22,6],[9,17,21,1,13,5,8,24,16,12,20,7,23,6,22],[1,21,9,13,5,24,8,16,17,12,20,6,23],[21,9,13,5,24,8,16,1,17,12,20,7,22,23,6],[13,9,5,16,21,24,8,17,1,12,20,23,6],[21,9,1,13,17,16,5,8,24,12,20,22,7,23,6],[17,9,21,1,5,8,24,13,16,12,20,7,23,6,22],[13,5,16,21,24,8,9,17,1,12,20,22,6],[13,9,5,8,16,17,21,24,1,12,20,7,22,6,23],[21,17,1,5,8,24,13,16,9,12,20,23,7,6,22],[1,9,17,21,13,16,5,8,24,12,20,7,23,22,6],[1,21,13,9,5,8,24,16,17,12,20,7,22,6,23],[17,13,21,9,5,8,24,1,16,12,20,7,23,22,6],[13,5,8,16,21,24,17,1,9,12,20,22,7,6,23],[9,1,21,5,8,24,13,16,17,12,20,7,23,6,22],[1,5,21,8,24,17,13,16,9,12,20,6,22],[17,5,21,8,24,13,16,9,1,12,20,7,22,6,23],[1,5,13,8,16,9,17,21,24,12,20,23,7,6,22],[9,13,17,21,16,1,5,8,24,12,20,23,6],[9,17,13,1,5,16,21,24,8,12,20,22,6],[5,1,17,21,8,24,13,16,9,12,20,6,22],[17,1,5,21,24,8,13,16,9,12,20,7,22,6,23],[5,17,9,21,24,8,13,16,1,12,20,6,23],[9,21,13,5,8,24,16,17,1,12,20,22,6],[9,5,21,24,8,13,16,1,17,12,20,7,23,6,22],[17,5,1,13,8,16,9,21,24,12,20,6,22],[1,17,21,9,13,5,24,8,16,12,20,23,7,22,6],[21,1,17,9,5,8,24,13,16,12,20,7,23,22,6],[5,21,8,24,9,1,17,13,16,12,20,22,6],[9,5,1,21,8,24,13,16,17,12,20,7,22,6,23],[13,17,9,5,8,16,1,21,24,12,20,22,7,23,6],[1,13,9,5,8,16,21,24,17,12,20,7,23,6,22],[5,17,9,13,16,1,21,24,8,12,20,6,22],[21,13,5,8,24,16,9,1,17,12,20,22,6],[17,21,9,13,5,8,24,16,1,12,20,7,22,6,23],[9,21,13,17,1,16,5,8,24,12,20,6,22],[1,9,21,5,8,24,17,13,16,12,20,7,22,23,6],[5,1,13,16,21,24,8,9,17,12,20,6,22],[21,5,8,24,17,13,16,9,1,12,20,22,7,6,23],[9,21,5,24,8,1,13,16,17,12,20,7,23,22,6],[21,17,9,5,24,8,13,16,1,12,20,6,22],[13,1,21,9,5,24,8,16,17,12,20,6,23],[1,17,5,13,16,9,21,24,8,12,20,23,6],[17,9,5,13,16,21,24,8,1,12,20,23,6],[5,13,8,16,1,9,21,24,17,12,20,7,22,23,6],[21,1,5,24,8,17,13,16,9,12,20,22,6],[21,17,9,5,8,24,1,13,16,12,20,23,6],[5,1,17,21,8,24,9,13,16,12,20,6,23],[17,13,9,5,8,16,21,24,1,12,20,23,7,22,6],[9,5,21,24,8,17,13,16,1,12,20,22,6],[5,9,13,16,21,8,24,17,1,12,20,22,6],[5,9,21,24,8,17,1,13,16,12,20,7,23,6,22],[5,9,21,8,24,1,13,16,17,12,20,23,7,6,22],[13,9,17,1,21,5,24,8,16,12,20,6,22],[9,17,5,1,13,16,21,24,8,12,20,7,23,22,6],[9,21,17,13,1,5,8,24,16,12,20,23,7,6,22],[9,5,13,16,21,24,8,17,1,12,20,6,23],[17,21,5,24,8,13,16,9,1,12,20,22,6],[17,5,21,8,24,1,9,13,16,12,20,6,23],[17,9,5,21,8,24,1,13,16,12,20,22,6],[5,13,8,16,21,24,9,1,17,12,20,23,7,22,6],[21,9,17,13,16,5,8,24,1,12,20,6,22],[17,1,5,9,13,16,21,24,8,12,20,22,7,6,23],[9,5,13,8,16,21,24,17,1,12,20,23,6],[5,17,1,9,21,8,24,13,16,12,20,6,23],[5,17,13,8,16,9,1,21,24,12,20,6,22],[5,1,9,17,21,24,8,13,16,12,20,23,7,6,22],[1,17,13,5,8,16,9,21,24,12,20,22,6],[5,17,1,9,13,16,21,8,24,12,20,6,22],[5,1,9,21,8,24,13,16,17,12,20,23,6],[9,1,5,21,8,24,13,16,17,12,20,6,23],[5,9,17,13,8,16,21,24,1,12,20,7,23,6,22],[13,1,17,5,16,21,8,24,9,12,20,23,6],[9,21,5,24,8,13,16,1,17,12,20,23,6],[5,13,16,21,8,24,9,17,1,12,20,6,23],[5,9,21,8,24,13,16,1,17,12,20,22,6],[17,9,21,1,5,8,24,13,16,12,20,23,7,6,22],[5,17,9,1,21,24,8,13,16,12,20,22,7,23,6],[5,21,8,24,17,9,1,13,16,12,20,7,22,23,6],[17,1,13,21,16,5,24,8,9,12,20,23,6],[17,1,21,9,13,5,24,8,16,12,20,23,7,6,22],[1,21,13,17,9,5,24,8,16,12,20,22,6],[1,21,5,24,8,13,16,17,9,12,20,23,7,6,22],[21,5,8,24,13,16,17,1,9,12,20,6,23],[1,17,5,21,8,24,9,13,16,12,20,6,23],[9,13,5,8,16,21,24,17,1,12,20,6,23],[17,13,1,21,5,24,8,16,9,12,20,7,23,22,6],[9,21,17,5,24,8,1,13,16,12,20,7,23,22,6],[21,17,9,1,5,24,8,13,16,12,20,23,6],[9,5,17,1,21,8,24,13,16,12,20,6,23],[17,5,21,24,8,13,16,1,9,12,20,23,7,22,6],[1,5,13,8,16,9,17,21,24,12,20,7,22,6,23],[1,13,21,16,17,5,24,8,9,12,20,6,22],[13,17,21,1,5,8,24,16,9,12,20,22,7,6,23],[5,21,24,8,1,17,13,16,9,12,20,7,23,6,22],[9,13,17,21,24,16,1,5,8,12,20,22,6],[1,13,5,16,17,9,21,24,8,12,20,22,6],[5,21,8,24,9,13,16,17,1,12,20,23,7,6,22],[5,9,17,13,8,16,1,21,24,12,20,7,23,6,22],[21,13,1,5,24,8,16,17,9,12,20,22,7,23,6],[9,17,1,5,13,8,16,21,24,12,20,23,6],[1,13,9,17,21,16,5,24,8,12,20,6,23],[13,17,1,5,8,16,9,21,24,12,20,7,23,22,6],[13,17,1,5,8,16,9,21,24,12,20,22,6],[5,9,1,17,21,24,8,13,16,12,20,22,6],[9,5,1,13,8,16,17,21,24,12,20,23,7,22,6],[5,17,1,13,8,16,21,24,9,12,20,6,23],[21,9,1,17,5,8,24,13,16,12,20,22,6],[13,5,8,16,9,21,24,1,17,12,20,6,22],[5,9,1,21,8,24,13,16,17,12,20,23,6],[21,17,5,8,24,9,13,16,1,12,20,6,23],[5,17,1,13,16,9,21,24,8,12,20,7,23,6,22],[13,17,9,5,8,16,1,21,24,12,20,22,7,6,23],[13,9,21,1,16,5,8,24,17,12,20,23,6],[9,1,13,17,21,5,24,8,16,12,20,22,6],[9,13,17,21,24,16,5,8,1,12,20,7,23,6,22],[13,21,5,8,24,1,16,17,9,12,20,7,22,23,6],[1,17,9,5,13,8,16,21,24,12,20,6,23],[9,17,21,1,5,8,24,13,16,12,20,23,6],[21,1,13,9,17,5,8,24,16,12,20,23,6],[21,9,13,5,24,8,16,17,1,12,20,23,7,6,22],[5,13,16,21,24,8,17,9,1,12,20,23,6],[9,17,5,1,13,8,16,21,24,12,20,22,6],[5,21,24,8,1,13,16,9,17,12,20,6,22],[1,17,21,5,24,8,13,16,9,12,20,6,23],[5,21,24,8,17,13,16,1,9,12,20,7,23,22,6],[9,5,17,1,21,8,24,13,16,12,20,6,22],[21,17,5,24,8,13,16,9,1,12,20,7,23,6,22],[13,21,17,16,5,8,24,1,9,12,20,6,22],[1,13,9,5,16,21,24,8,17,12,20,23,7,22,6],[9,17,13,21,1,5,8,24,16,12,20,7,23,22,6]],"n_human":11}