{"problem_id":"CPd3q1he8bOEYnf","sigma":75,"alpha":10.000,"cost":0,"probabilities":"[0.17, 0.18, 0.4, 0.25]","payoff_matrix":"[[9, -97, 120, 49, 68, 41], [73, 37, 30, 78, 11, 9], [69, 83, -76, 16, 28, -10], [-62, 11, -56, -12, -37, 11]]","uncovered":[[23,11,7,19,3,8,4,15,20,16,2,6,5,1,24,14,13,18],[11,23,15,3,19,7,4,8,20,16,5,2,6,1,24,14,13,18],[11,19,3,7,8,4,23,15,20,16,2,6,1,5,24,13,14,17,18],[19,23,11,15,3,7,4,8,20,16,2,6,5,1,24,13,14,17,18],[7,11,15,3,8,4,23,19,20,16,6,13,2,5,1,14,24,18],[3,11,7,8,4,19,15,23,20,16,2,6,5,1,24,14,13,18],[19,15,11,7,3,8,4,23,20,16,6,2,5,1,24,14,13,18,17],[7,19,15,11,3,8,4,23,20,16,2,6,1,5,24,14,13,18],[15,23,11,19,7,3,4,8,20,16,6,2,5,1,24,14,13,17,18],[11,19,3,15,7,4,23,8,20,16,1,6,21,24,2,5,14,13,22,18],[7,3,8,4,23,11,19,15,20,16,2,6,5,1,24,14,13,18],[19,3,23,15,7,8,4,11,20,16,1,6,24,2,5,14,13,18],[3,15,19,7,4,23,11,8,20,16,6,2,5,1,24,14,13,17,18],[3,19,7,8,4,11,15,23,20,16,2,6,1,5,24,14,13,18],[19,11,3,15,7,4,23,8,20,16,6,22,24,14,13,5,2,1,18],[3,7,4,11,15,23,19,8,20,16,2,6,1,5,24,17,18,14,13],[11,23,7,15,19,3,4,8,20,16,6,2,1,5,24,14,13,18,17],[15,23,19,11,7,3,8,4,20,16,6,18,24,2,1,5,13,14],[19,3,15,23,11,7,8,4,20,16,6,24,1,2,5,14,13,18],[19,15,11,23,3,7,4,8,20,16,6,24,2,1,5,14,13,17,18],[19,3,7,8,4,11,15,23,20,16,2,6,1,5,24,14,13,18,22],[19,11,3,7,8,4,23,15,20,16,2,6,5,1,24,14,13,18,17],[7,15,19,3,8,4,23,11,20,16,1,6,2,5,24,14,13,18],[23,19,3,7,4,15,11,8,20,16,2,6,1,5,24,14,13,18,17],[11,23,7,19,15,3,4,8,20,16,2,6,5,1,24,14,13,18],[23,11,7,15,19,3,4,8,20,16,2,6,1,5,24,13,14,22,18],[7,3,4,11,23,15,19,8,20,16,6,24,2,5,1,14,13,18,17],[3,7,4,23,15,19,11,8,20,16,2,6,5,1,24,14,13,17,18],[19,23,11,7,15,3,8,4,20,16,1,6,24,12,9,14,13,5,2,18],[11,19,23,7,3,4,15,8,20,16,6,2,1,5,24,14,13,18,17],[7,19,23,3,4,11,15,8,20,16,6,2,1,5,24,13,14,18],[15,23,19,7,11,3,4,8,20,16,2,6,5,1,24,13,14,17,18],[19,7,15,11,3,8,4,23,20,16,6,2,1,5,24,14,13,18],[11,7,15,19,3,4,23,8,20,16,2,6,1,5,24,14,13,18],[15,23,3,19,11,7,4,8,20,16,6,2,5,1,24,14,13,18],[11,7,15,3,8,4,19,23,20,16,1,5,2,6,24,14,13,18,17],[11,3,19,15,7,4,23,8,20,16,2,6,5,1,24,14,13,17,18],[23,3,15,7,4,11,19,8,20,16,6,2,5,1,24,13,14,18],[23,3,11,19,15,7,4,8,20,16,1,6,12,24,5,2,14,13,18],[7,19,15,23,11,3,8,4,20,16,6,1,22,17,18,5,2,24,14,13],[7,15,11,3,8,4,19,23,20,16,6,1,21,24,2,5,14,13,22,18],[19,23,11,7,15,3,4,8,20,16,2,6,5,1,24,14,13,18],[11,23,15,19,7,3,4,8,20,16,6,24,2,1,5,14,13,17,18],[19,3,23,15,11,7,8,4,20,16,2,6,5,1,24,14,13,18],[3,15,19,23,11,7,4,8,20,16,2,6,5,1,24,14,13,18],[7,15,11,3,8,4,23,19,20,16,6,2,5,1,24,14,13,18,17],[19,7,15,23,11,3,8,4,20,16,6,2,1,5,24,14,13,18],[3,15,7,4,19,11,23,8,20,16,6,1,21,24,5,2,22,18,14,13],[19,3,11,15,23,7,8,4,20,16,5,2,6,1,24,14,13,17,18],[19,15,11,23,7,3,4,8,20,16,2,6,1,5,24,14,13,18,17],[3,11,23,15,7,4,19,8,20,16,2,6,1,5,24,14,13,18,17],[19,7,15,11,23,3,4,8,20,16,5,2,6,1,24,14,13,18,17],[7,15,11,3,8,4,19,23,20,16,6,2,1,5,24,14,13,18],[3,7,8,4,19,15,23,11,20,16,2,6,5,1,24,14,13,18],[19,11,23,3,15,7,4,8,20,16,1,6,2,5,24,14,13,18],[11,19,15,3,7,4,23,8,20,16,6,2,1,5,24,14,13,18],[19,23,15,11,3,7,8,4,20,16,6,2,5,1,24,14,13,18,21],[19,3,15,11,7,4,23,8,20,16,1,5,2,6,24,14,13,18],[7,11,3,4,19,23,15,8,20,16,6,22,13,2,1,5,14,24,18],[15,11,7,23,19,3,8,4,20,16,6,2,5,1,24,18,14,13],[7,11,15,23,19,3,4,8,20,16,6,21,24,5,2,1,22,13,14,18],[7,19,23,15,3,4,11,8,20,16,5,2,6,1,24,14,13,18,17],[23,11,7,15,19,3,4,8,20,16,6,22,2,5,1,24,14,13,18],[15,23,7,11,19,3,8,4,20,16,2,6,1,5,24,13,14,18],[11,19,15,23,3,7,8,4,20,16,6,18,21,24,1,22],[15,7,3,8,4,19,23,11,20,16,5,2,6,1,24,14,13,17,18],[11,7,19,23,15,3,8,4,20,16,6,21,24,9,2,5,1,22,14,13,18],[7,23,19,15,11,3,8,4,20,16,2,6,1,5,24,14,13,18],[19,11,3,15,23,7,8,4,20,16,2,6,1,5,24,14,13,18],[15,3,23,19,7,4,11,8,20,16,6,24,1,5,2,14,13,18],[3,23,19,11,15,7,4,8,20,16,2,6,5,1,24,14,13,18,17],[3,15,7,8,4,11,19,23,20,16,2,6,5,1,24,14,13,18],[3,23,19,7,8,4,11,15,20,16,1,6,24,2,5,14,13,18,17],[7,15,23,3,4,19,11,8,20,16,2,6,5,1,24,14,13,18],[11,23,7,3,8,4,15,19,20,16,1,6,22,5,2,24,14,13,18],[3,11,15,7,4,19,23,8,20,16,2,6,5,1,24,14,13,18],[3,15,7,4,11,19,23,8,20,16,2,6,5,1,24,14,13,18,17],[3,23,15,19,11,7,8,4,20,16,6,1,24,2,5,14,13,18],[15,19,11,23,7,3,4,8,20,16,2,6,1,5,24,13,14,17,18],[7,23,3,4,19,11,15,8,20,16,24,2,6,1,5,18,14,13],[19,7,23,11,15,3,4,8,20,16,6,1,21,2,5,24,14,13,22,18],[23,19,7,15,3,8,4,11,20,16,1,6,2,5,24,18,14,13,17],[19,3,15,7,8,4,11,23,20,16,2,6,1,5,24,14,13,18],[11,3,7,8,4,15,23,19,20,16,6,22,13,5,2,1,14,24,18],[19,15,23,11,7,3,8,4,20,16,24,2,6,5,1,14,13,22,18],[11,3,15,7,8,4,23,19,20,16,5,2,6,1,24,14,13,18],[11,15,7,19,23,3,8,4,20,16,6,2,1,5,24,14,13,18],[3,7,4,15,19,11,23,8,20,16,2,6,1,5,24,14,13,18,17],[15,7,19,23,11,3,4,8,20,16,1,6,13,21,22,2,5,24,14,18],[7,3,4,23,11,19,15,8,20,16,6,12,24,1,18,2,5,14,13],[23,7,19,15,3,8,4,11,20,16,6,2,1,5,24,14,13,17,18],[23,19,11,7,15,3,4,8,20,16,6,9,2,1,5,24,14,13,18,12],[19,15,11,3,23,7,4,8,20,16,2,6,5,1,24,14,13,22,18],[19,11,7,3,4,23,15,8,20,16,5,2,6,1,24,14,13,17,18],[15,11,7,23,19,3,8,4,20,16,6,2,5,1,24,14,13,18,17],[3,11,7,4,19,15,23,8,20,16,6,24,1,14,13,5,2,17,18],[7,15,19,3,8,4,23,11,20,16,1,2,6,5,24,14,13,18],[3,11,19,23,7,8,4,15,20,16,6,1,2,5,24,14,13,17,18],[15,7,19,3,4,11,23,8,20,16,2,6,1,5,24,18,14,13,17],[23,15,19,3,7,8,4,11,20,16,2,6,5,1,24,14,13,18],[11,7,19,3,8,4,23,15,20,16,2,6,5,1,24,14,13,18,17],[15,23,7,19,3,4,11,8,20,16,6,14,5,13,2,1,24,18],[7,19,23,15,3,4,11,8,20,16,2,6,1,5,24,17,18,14,13],[3,23,11,7,4,15,19,8,20,16,6,24,12,13,14,5,2,1,17,18],[7,23,11,15,19,3,4,8,20,16,6,24,10,1,5,2,14,13,18],[23,3,7,8,4,15,19,11,20,16,2,6,5,1,24,14,13,18],[3,23,19,11,7,8,4,15,20,16,6,2,1,5,24,14,13,18],[15,3,19,11,23,7,8,4,20,16,2,6,5,1,24,14,13,18,17],[7,15,23,3,8,4,11,19,20,16,6,1,2,5,24,14,13,18],[19,7,11,23,3,8,4,15,20,16,6,2,1,5,24,14,13,18],[23,7,15,19,11,3,8,4,20,16,6,2,5,1,24,14,13,18],[11,15,7,19,23,3,8,4,20,16,2,6,5,1,24,13,14,18],[3,23,11,7,4,19,15,8,20,16,6,22,2,1,5,24,14,13,17,18],[15,7,11,23,3,8,4,19,20,16,2,6,5,1,24,14,13,17,18],[3,19,15,7,4,11,23,8,20,16,6,17,24,2,1,5,18,14,13],[19,3,23,15,11,7,4,8,20,16,2,6,1,5,24,13,14,18,17],[23,11,19,3,15,7,4,8,20,16,1,6,18,24,5,2,13,14,17],[23,3,19,11,7,4,15,8,20,16,2,6,5,1,24,14,13,18],[7,3,4,11,23,15,19,8,20,16,2,6,5,1,24,14,13,18,17],[15,3,11,19,23,7,8,4,20,16,2,6,1,5,24,14,13,18,17],[3,15,11,7,8,4,23,19,20,16,6,1,21,24,9,22,13,2,5,14,18],[7,19,3,4,15,11,23,8,20,16,6,24,2,5,1,13,14,18,17],[3,7,4,19,23,11,15,8,20,16,1,6,2,5,24,14,13,18,21],[19,15,23,3,7,4,11,8,20,16,2,6,5,1,24,13,14,18],[19,11,7,23,3,8,4,15,20,16,6,14,13,5,2,1,24,18],[23,15,3,7,8,4,19,11,20,16,2,6,5,1,24,14,13,18,17],[19,7,23,11,15,3,4,8,20,16,6,12,18,22,24,2,5,1,13,14],[11,19,15,7,3,8,4,23,20,16,6,1,21,24,5,2,22,14,13,18],[7,11,19,15,23,3,8,4,20,16,2,6,5,1,24,14,13,18,17],[3,15,7,4,11,19,23,8,20,16,6,12,24,2,5,1,14,13,18],[19,15,3,11,7,8,4,23,20,16,2,6,5,1,24,14,13,18],[3,19,7,4,15,11,23,8,20,16,6,2,5,1,24,14,13,18,17],[19,15,3,23,7,8,4,11,20,16,6,2,1,5,24,14,13,22,18],[3,19,15,11,23,7,4,8,20,16,6,1,24,2,5,14,13,18,17],[19,15,23,11,3,7,4,8,20,16,2,6,1,5,24,14,13,18],[15,19,3,23,11,7,8,4,20,16,6,1,10,2,5,24,14,13,17,18],[15,3,23,11,7,4,19,8,20,16,6,1,18,21,24,2,5,22,14,13],[11,3,7,4,23,15,19,8,20,16,2,6,5,1,24,14,13,18],[11,3,19,7,4,23,15,8,20,16,6,22,17,2,1,5,18,24,14,13],[3,11,23,15,19,7,8,4,20,16,6,22,2,5,1,24,14,13,18],[19,11,7,3,8,4,23,15,20,16,6,1,21,24,5,2,22,13,14,18],[23,11,3,19,7,4,15,8,20,16,2,6,5,1,24,14,13,18],[23,11,15,19,7,3,8,4,20,16,6,17,24,2,1,5,18,14,13],[3,19,23,15,7,8,4,11,20,16,6,24,2,5,1,14,13,18],[19,15,23,3,7,4,11,8,20,16,2,6,5,1,24,14,13,18,17],[19,11,23,3,15,7,4,8,20,16,1,5,6,2,24,14,13,18],[3,15,7,4,19,23,11,8,20,16,1,6,17,24,18,14,13,5,2],[23,15,19,7,11,3,8,4,20,16,2,6,5,1,24,14,13,18],[11,23,3,19,15,7,4,8,20,16,5,2,6,1,24,18,14,13],[19,3,7,8,4,23,15,11,20,16,2,6,5,1,24,14,13,18],[19,15,7,11,3,8,4,23,20,16,2,6,1,5,24,14,13,18,17],[7,11,19,15,23,3,8,4,20,16,6,1,24,2,5,14,13,18,17],[15,3,23,11,7,4,19,8,20,16,2,6,1,5,24,14,13,22,18],[3,7,4,15,23,11,19,8,20,16,6,2,1,5,24,13,14,17,18],[23,7,19,3,4,11,15,8,20,16,24,5,2,6,1,14,13,18,17],[15,19,3,23,7,8,4,11,20,16,5,2,6,1,24,14,13,18],[23,11,3,7,4,15,19,8,20,16,2,6,1,5,24,18,14,13],[3,15,23,7,8,4,19,11,20,16,2,6,5,1,24,14,13,18],[3,11,7,8,4,23,15,19,20,16,2,6,5,1,24,14,13,18,17],[19,7,15,11,23,3,4,8,20,16,2,6,1,5,24,13,14,18],[23,3,15,11,19,7,4,8,20,16,2,6,1,5,24,14,13,18],[7,23,15,3,8,4,11,19,20,16,24,2,6,1,5,14,13,18],[15,7,3,8,4,19,23,11,20,16,6,2,1,5,24,14,13,18],[3,7,4,23,19,11,15,8,20,16,2,6,1,5,24,13,14,18],[15,23,3,19,7,4,11,8,20,16,6,2,5,1,24,14,13,18],[7,3,4,15,11,19,23,8,20,16,6,1,24,12,18,13,5,2,14],[11,7,19,15,23,3,8,4,20,16,6,17,2,5,1,18,24,14,13],[23,19,11,3,7,8,4,15,20,16,6,2,5,1,24,14,13,18],[19,7,11,3,4,23,15,8,20,16,6,2,5,1,24,14,13,17,18],[15,23,11,19,3,7,8,4,20,16,6,2,1,5,24,14,13,17,18],[15,3,23,19,11,7,4,8,20,16,6,21,24,1,5,2,22,14,13,18],[23,7,3,8,4,11,19,15,20,16,2,6,5,1,24,13,14,18,17],[15,3,19,23,11,7,4,8,20,16,6,1,2,5,24,14,13,18,17],[3,11,15,23,7,4,19,8,20,16,2,6,5,1,24,21,22,14,13,17,18],[11,19,23,7,3,8,4,15,20,16,6,22,2,5,1,24,14,13,18],[11,15,23,19,3,7,8,4,20,16,1,6,22,2,5,24,14,13,17,18],[23,11,7,19,3,8,4,15,20,16,6,17,24,18,1,5,2,14,13],[15,3,11,7,8,4,19,23,20,16,2,6,1,5,24,14,13,18],[19,3,23,15,7,8,4,11,20,16,2,6,5,1,24,14,13,18,22],[23,7,15,19,3,8,4,11,20,16,6,17,18,2,5,1,24,14,13],[3,19,23,11,7,4,15,8,20,16,2,6,1,5,24,14,13,17,18],[23,15,11,7,19,3,8,4,20,16,6,1,21,17,24,18,2,5,22,14,13],[15,3,7,4,23,11,19,8,20,16,6,22,2,1,5,24,18,14,13],[19,23,15,7,3,8,4,11,20,16,6,21,5,2,1,24,14,13,22,18],[7,19,15,3,4,11,23,8,20,16,2,6,1,5,24,14,13,18],[11,7,23,15,3,8,4,19,20,16,2,6,1,5,24,14,13,18],[11,23,15,7,3,4,19,8,20,16,2,6,5,1,24,13,14,17,18],[11,3,7,8,4,23,15,19,20,16,6,24,2,5,1,14,13,21,22,18],[23,3,15,11,19,7,8,4,20,16,6,1,2,5,24,14,13,18],[3,19,11,23,15,7,8,4,20,16,2,6,5,1,24,14,13,18],[11,23,19,7,3,4,15,8,20,16,6,24,2,1,5,13,14,18,17],[7,11,19,3,4,23,15,8,20,16,6,2,5,1,24,13,14,18],[19,11,23,15,7,3,8,4,20,16,2,6,5,1,24,14,13,18],[11,19,3,15,7,8,4,23,20,16,2,6,5,1,24,14,13,18,17],[7,11,23,15,19,3,8,4,20,16,6,22,24,1,17,5,18,2,14,13],[15,11,7,23,19,3,4,8,20,16,6,1,13,24,5,2,14,18,17],[19,23,7,15,11,3,8,4,20,16,6,22,24,2,1,5,14,13,18],[3,11,15,23,7,4,19,8,20,16,2,6,1,5,24,14,13,18],[19,23,3,7,4,15,11,8,20,16,6,22,2,5,1,24,14,13,17,18],[15,11,19,3,7,8,4,23,20,16,6,2,1,5,24,13,14,18],[11,19,7,15,23,3,8,4,20,16,2,6,1,5,24,14,13,18,17],[23,11,15,7,3,8,4,19,20,16,6,14,21,1,24,2,5,13,22,18],[19,7,3,4,23,15,11,8,20,16,6,24,1,2,5,14,13,18,22],[15,19,23,7,11,3,4,8,20,16,2,6,1,5,24,14,13,18],[23,11,7,15,19,3,8,4,20,16,2,6,1,5,24,14,13,18],[23,7,19,3,4,15,11,8,20,16,6,2,1,5,24,14,13,18,22],[11,7,19,15,3,8,4,23,20,16,1,5,6,2,24,13,14,18,17],[7,15,3,4,23,19,11,8,20,16,2,6,5,1,24,14,13,18],[3,23,19,11,7,4,15,8,20,16,2,6,1,5,24,18,14,13],[19,15,7,23,3,8,4,11,20,16,2,6,5,1,24,14,13,18],[15,19,23,11,3,7,8,4,20,16,2,6,5,1,24,13,14,17,18],[15,23,3,19,7,4,11,8,20,16,5,2,6,1,24,13,14,17,18],[3,19,15,23,11,7,4,8,20,16,6,2,5,1,24,14,13,18],[19,3,23,15,7,8,4,11,20,16,2,6,1,5,24,14,13,18],[15,19,7,3,8,4,23,11,20,16,2,6,5,1,24,14,13,18,21],[7,3,8,4,19,23,11,15,20,16,2,6,5,1,24,14,13,18],[19,3,11,15,23,7,8,4,20,16,2,6,5,1,24,14,13,18,17],[7,11,3,4,23,19,15,8,20,16,2,6,1,5,24,13,14,18],[3,19,7,4,23,15,11,8,20,16,6,22,24,2,1,5,14,13,18],[7,19,15,3,8,4,11,23,20,16,1,6,22,17,18,5,2,24,14,13],[3,15,7,8,4,11,19,23,20,16,2,6,5,1,24,18,14,13,17],[3,15,19,7,4,23,11,8,20,16,2,6,5,1,24,14,13,17,18],[15,7,3,4,23,19,11,8,20,16,2,5,6,1,24,14,13,18,17],[15,7,11,3,4,23,19,8,20,16,2,6,5,1,24,14,13,18],[19,3,7,4,23,15,11,8,20,16,2,6,1,5,24,14,13,18,22],[19,15,3,11,7,4,23,8,20,16,6,24,2,1,5,13,14,18],[19,7,3,8,4,23,11,15,20,16,6,24,21,1,2,5,14,13,22,18],[23,15,19,7,3,8,4,11,20,16,2,6,1,5,24,14,13,17,18],[7,19,11,15,3,4,23,8,20,16,2,6,1,5,24,14,13,18],[23,3,11,15,7,4,19,8,20,16,5,2,6,1,24,14,13,18],[3,23,7,4,19,11,15,8,20,16,2,6,1,5,24,18,14,13,22],[11,7,3,8,4,19,15,23,20,16,6,24,1,18,10,5,2,17,14,13],[19,15,23,7,11,3,8,4,20,16,2,6,1,5,24,14,13,18],[23,11,3,19,7,8,4,15,20,16,2,6,5,1,24,14,13,18,17],[23,19,3,11,15,7,8,4,20,16,6,24,2,1,5,14,13,18],[23,7,3,4,11,19,15,8,20,16,2,6,5,1,24,18,14,13],[3,11,7,8,4,23,15,19,20,16,6,24,1,18,22,12],[19,23,3,11,7,4,15,8,20,16,1,6,24,5,2,14,13,18,17],[7,15,3,4,19,11,23,8,20,16,6,24,18,5,2,1,14,13],[11,15,7,19,23,3,4,8,20,16,2,6,5,1,24,14,13,18],[23,11,19,7,3,4,15,8,20,16,6,2,5,1,24,14,13,18],[19,23,15,3,7,8,4,11,20,16,6,24,5,2,1,14,13,18,17],[19,11,15,7,23,3,8,4,20,16,6,13,22,21,24,1,10,2,5,14,18],[15,23,19,3,11,7,8,4,20,16,2,6,5,1,24,14,13,18],[19,15,3,23,11,7,8,4,20,16,2,6,5,1,24,14,13,18],[15,3,23,11,19,7,8,4,20,16,6,1,21,24,2,5,14,13,22,17,18],[3,23,19,15,11,7,8,4,20,16,6,24,17,1,5,2,18,21,22,14,13],[19,7,15,23,11,3,8,4,20,16,2,6,5,1,24,14,13,18],[19,23,3,7,4,15,11,8,20,16,6,13,2,1,5,14,24,18],[15,3,11,7,8,4,19,23,20,16,6,2,5,1,24,14,13,18],[7,3,4,23,11,15,19,8,20,16,6,24,1,2,5,18,14,13],[11,15,3,23,7,4,19,8,20,16,2,6,5,1,24,13,14,17,18],[3,19,11,15,7,4,23,8,20,16,2,6,5,1,24,14,13,17,18],[11,23,19,3,15,7,8,4,20,16,6,24,2,5,1,14,13,18,22],[7,3,4,19,15,23,11,8,20,16,6,1,2,5,24,14,13,17,18],[11,23,7,15,19,3,8,4,20,16,6,21,5,2,1,24,22,13,14,18],[3,7,8,4,19,15,23,11,20,16,6,2,1,5,24,21,14,13,22,18],[23,19,7,11,15,3,4,8,20,16,1,6,24,2,5,14,13,18],[7,19,15,11,23,3,8,4,20,16,2,6,5,1,24,14,13,17,18],[23,19,7,3,8,4,11,15,20,16,6,1,17,2,5,18,24,13,14],[3,11,23,7,8,4,15,19,20,16,2,6,1,5,24,14,13,18],[15,7,3,4,11,23,19,8,20,16,1,6,22,21,13,24,14,5,2,17,18],[3,7,8,4,11,23,19,15,20,16,6,24,2,1,5,17,18,14,13],[3,23,19,7,4,15,11,8,20,16,2,6,5,1,24,14,13,18,21],[11,7,23,15,19,3,4,8,20,16,1,6,22,17,18,2,5,24,14,13],[23,7,3,8,4,15,11,19,20,16,6,2,1,5,24,14,13,17,18],[11,19,23,3,15,7,8,4,20,16,2,6,1,5,24,14,13,17,18],[11,7,23,19,3,4,15,8,20,16,2,6,1,5,24,14,13,18],[3,15,7,4,23,11,19,8,20,16,6,1,2,5,24,13,14,18],[3,23,11,15,7,4,19,8,20,16,1,6,24,17,10,18,2,5,14,13],[11,3,19,15,7,4,23,8,20,16,6,24,2,5,1,14,13,17,18],[3,7,4,23,15,19,11,8,20,16,6,22,1,24,2,5,14,13,18],[23,19,7,15,3,4,11,8,20,16,2,6,5,1,24,13,14,18],[23,3,15,11,19,7,8,4,20,16,6,2,5,1,24,13,14,18],[19,11,23,7,3,4,15,8,20,16,2,6,5,1,24,18,14,13],[23,11,15,7,3,8,4,19,20,16,1,6,2,5,24,14,13,18,17],[11,19,3,23,7,4,15,8,20,16,2,6,1,5,24,14,13,18],[19,11,7,23,3,8,4,15,20,16,6,24,2,5,1,14,13,18],[19,15,3,23,11,7,8,4,20,16,2,6,1,5,24,14,13,18,17],[11,23,3,7,4,19,15,8,20,16,1,6,9,2,5,24,14,13,18,12],[7,3,4,19,11,15,23,8,20,16,1,6,21,24,2,5,14,13,22,17,18],[7,3,8,4,15,23,19,11,20,16,2,6,5,1,24,14,13,18,17],[7,19,3,4,11,15,23,8,20,16,2,6,1,5,24,14,13,17,18],[15,7,19,23,3,4,11,8,20,16,6,5,2,1,24,18,14,13],[15,3,7,4,23,19,11,8,20,16,1,6,24,2,5,18,14,13,17],[7,15,11,3,8,4,23,19,20,16,6,2,1,5,24,22,13,14,18],[11,19,3,23,7,4,15,8,20,16,6,2,1,5,24,14,13,18,17],[15,19,7,11,3,8,4,23,20,16,2,6,1,5,24,14,13,18],[19,11,3,23,15,7,8,4,20,16,6,9,1,12,2,5,24,14,13,22,18],[23,11,15,3,19,7,4,8,20,16,5,2,6,1,24,14,13,18,22],[23,3,19,7,8,4,11,15,20,16,6,2,1,5,24,14,13,18],[11,19,15,23,7,3,4,8,20,16,6,24,1,2,5,14,13,18],[3,23,11,7,8,4,19,15,20,16,2,6,1,5,24,14,13,18],[11,15,3,23,19,7,4,8,20,16,2,6,5,1,24,14,13,18],[19,15,7,3,4,23,11,8,20,16,2,6,5,1,24,14,13,17,18],[11,19,7,15,23,3,4,8,20,16,6,2,5,1,24,14,13,18],[11,3,15,19,7,8,4,23,20,16,2,6,5,1,24,13,14,17,18],[7,19,11,3,4,15,23,8,20,16,2,6,5,1,24,14,13,18],[15,3,23,19,11,7,4,8,20,16,6,18,1,5,2,24,14,13],[23,7,3,8,4,11,15,19,20,16,1,5,6,2,24,14,13,18,17],[15,23,3,11,19,7,4,8,20,16,2,6,5,1,24,14,13,18],[19,7,23,11,3,8,4,15,20,16,2,6,5,1,24,13,14,18,17],[19,15,11,7,23,3,4,8,20,16,2,6,1,5,24,14,13,18],[11,7,3,4,19,15,23,8,20,16,2,6,1,5,24,13,14,18],[11,15,7,3,4,19,23,8,20,16,2,6,5,1,24,13,14,18,17],[23,3,11,19,7,8,4,15,20,16,6,24,1,2,5,14,13,18,17],[15,19,11,3,23,7,8,4,20,16,6,24,2,5,1,14,13,18,17],[23,7,3,4,11,19,15,8,20,16,6,2,1,5,24,14,13,18,22],[7,23,11,19,15,3,8,4,20,16,1,5,2,6,24,14,13,18,17],[19,23,7,15,11,3,4,8,20,16,2,6,5,1,24,14,13,18],[7,15,19,3,8,4,11,23,20,16,6,24,2,1,5,14,13,18,17],[23,15,11,7,19,3,8,4,20,16,2,6,5,1,24,14,13,18],[15,19,23,11,7,3,8,4,20,16,6,14,13,5,2,1,24,18,17],[3,11,19,15,7,4,23,8,20,16,1,6,21,24,2,5,14,13,22,18],[19,7,11,23,3,4,15,8,20,16,1,6,24,22,13,2,5,14,18],[3,23,11,7,4,19,15,8,20,16,2,6,1,5,24,14,13,18],[23,3,7,8,4,19,11,15,20,16,6,2,5,1,24,14,13,18],[3,15,11,19,7,4,23,8,20,16,6,10,2,1,5,24,13,14,18],[7,11,15,23,19,3,8,4,20,16,2,6,1,5,24,14,13,18],[11,15,19,23,7,3,8,4,20,16,6,2,1,5,24,14,13,18],[23,3,19,7,4,11,15,8,20,16,6,22,2,1,5,24,14,13,18],[3,15,23,19,11,7,4,8,20,16,6,1,24,14,22,5,13,2,18],[3,11,15,23,7,8,4,19,20,16,6,2,5,1,24,14,13,17,18],[11,23,7,19,15,3,4,8,20,16,2,6,1,5,24,13,14,18,17],[3,19,23,15,11,7,8,4,20,16,6,2,5,1,24,14,13,17,18],[7,23,19,15,3,8,4,11,20,16,5,2,6,1,24,14,13,18,17],[19,15,3,7,8,4,23,11,20,16,2,6,5,1,24,14,13,17,18],[19,23,7,15,3,8,4,11,20,16,2,6,5,1,24,13,14,18,17],[3,23,15,11,7,4,19,8,20,16,6,18,1,13,24,5,2,14],[11,19,15,7,3,8,4,23,20,16,6,13,14,5,2,1,24,18],[11,19,3,7,8,4,15,23,20,16,2,6,1,5,24,14,13,18],[7,15,11,19,23,3,8,4,20,16,2,6,1,5,24,14,13,18],[19,7,23,15,3,8,4,11,20,16,5,2,6,1,24,14,13,18],[3,11,23,15,7,4,19,8,20,16,2,6,5,1,24,18,14,13,21],[11,15,23,19,7,3,4,8,20,16,1,6,24,14,2,5,13,18,17],[3,11,15,7,8,4,23,19,20,16,1,6,2,5,24,14,13,18],[23,19,3,15,7,4,11,8,20,16,6,1,24,18,2,5,14,13],[11,7,19,23,15,3,8,4,20,16,6,1,24,2,5,13,14,18],[3,15,11,7,8,4,23,19,20,16,2,6,1,5,24,14,13,18],[7,3,8,4,19,23,15,11,20,16,6,21,24,1,13,14,5,2,22,18],[11,3,7,8,4,19,15,23,20,16,2,6,1,5,24,14,13,18,17],[3,7,4,23,15,19,11,8,20,16,6,2,1,5,24,13,14,18],[3,11,7,4,23,15,19,8,20,16,2,6,5,1,24,14,13,18],[15,19,3,7,4,23,11,8,20,16,2,6,5,1,24,13,14,17,18],[19,7,15,11,23,3,4,8,20,16,6,24,2,5,1,14,13,18,22],[19,15,11,23,3,7,4,8,20,16,6,2,1,5,24,14,13,18,17],[19,23,11,15,3,7,8,4,20,16,2,6,1,5,24,18,14,13],[15,19,11,3,7,8,4,23,20,16,6,12,5,2,1,24,18,14,13],[23,7,15,19,3,8,4,11,20,16,2,6,1,5,24,14,13,18,17],[23,7,11,3,4,15,19,8,20,16,1,6,24,9,12,22,17,2,5,18,13,14],[7,11,19,3,8,4,15,23,20,16,6,1,24,13,9,5,2,14,17,18,12],[19,7,11,3,4,15,23,8,20,16,6,24,2,1,5,14,13,18],[3,7,4,23,11,15,19,8,20,16,6,2,1,5,24,14,13,18,17],[15,19,23,11,7,3,8,4,20,16,5,2,6,1,24,14,13,17,18],[11,3,19,7,8,4,15,23,20,16,6,2,1,5,24,13,14,18,17],[23,11,19,3,7,8,4,15,20,16,2,6,1,5,24,18,14,13],[23,3,7,4,11,15,19,8,20,16,2,6,5,1,24,17,18,14,13],[15,23,3,7,4,19,11,8,20,16,2,6,5,1,24,14,13,18],[23,11,19,7,15,3,4,8,20,16,6,21,1,24,2,5,22,18,14,13],[11,15,23,3,7,4,19,8,20,16,2,6,5,1,24,14,13,17,18],[23,11,3,15,7,4,19,8,20,16,2,6,5,1,24,14,13,18],[15,11,19,23,7,3,4,8,20,16,5,2,6,1,24,14,13,17,18],[3,15,11,23,19,7,4,8,20,16,14,6,5,13,2,1,24,18],[11,7,3,8,4,15,23,19,20,16,2,6,5,1,24,14,13,18],[11,19,7,3,8,4,15,23,20,16,6,2,1,5,24,14,13,18,17],[15,11,7,3,8,4,19,23,20,16,2,6,1,5,24,14,13,17,18],[23,3,19,7,8,4,15,11,20,16,2,6,1,5,24,14,13,18,17],[23,11,15,7,19,3,8,4,20,16,2,6,5,1,24,18,14,13,17],[7,3,8,4,23,19,15,11,20,16,2,6,5,1,24,14,13,18,17],[19,7,3,4,11,15,23,8,20,16,5,2,6,1,24,14,13,18,21],[11,7,19,3,8,4,23,15,20,16,6,5,2,1,24,14,13,18],[15,23,7,19,11,3,4,8,20,16,2,6,1,5,24,14,13,18,22],[11,19,15,7,23,3,4,8,20,16,6,2,5,1,24,14,13,18],[11,7,3,4,23,19,15,8,20,16,6,14,24,2,1,5,13,18],[3,11,23,15,19,7,4,8,20,16,2,6,5,1,24,14,13,18],[11,23,7,3,4,15,19,8,20,16,2,6,1,5,24,14,13,17,18],[19,23,11,7,15,3,8,4,20,16,1,6,2,5,24,14,13,18,17],[11,3,23,15,7,4,19,8,20,16,2,6,1,5,24,14,13,18,17],[23,7,11,19,3,4,15,8,20,16,2,6,1,5,24,14,13,18],[15,23,11,19,3,7,4,8,20,16,2,6,1,5,24,14,13,22,18],[3,23,7,4,19,11,15,8,20,16,6,22,2,5,1,24,18,14,13],[19,11,23,7,15,3,8,4,20,16,2,6,1,5,24,14,13,18],[11,19,7,23,15,3,4,8,20,16,2,6,1,5,24,18,14,13,17],[23,7,19,15,11,3,4,8,20,16,6,1,2,5,24,14,13,18,17],[19,7,3,8,4,23,15,11,20,16,2,6,5,1,24,18,14,13],[23,3,19,15,11,7,4,8,20,16,6,1,9,12,17,24,2,5,18,14,13],[7,23,15,11,19,3,8,4,20,16,2,6,1,5,24,14,13,18],[3,11,19,23,15,7,4,8,20,16,6,2,1,5,24,14,13,18],[7,11,23,19,15,3,4,8,20,16,24,2,6,1,5,14,13,18,22],[15,19,23,7,3,4,11,8,20,16,6,5,2,1,24,13,14,18],[19,11,7,23,3,8,4,15,20,16,1,6,14,5,13,2,24,17,18],[11,23,19,15,3,7,8,4,20,16,2,6,5,1,24,17,18,14,13],[19,23,3,7,8,4,15,11,20,16,1,6,5,2,24,14,13,18],[15,7,11,3,8,4,23,19,20,16,6,24,21,2,1,5,14,13,22,18],[15,19,23,7,11,3,8,4,20,16,5,2,6,1,24,14,13,17,18],[11,7,15,3,4,19,23,8,20,16,6,2,1,5,24,14,13,18],[7,3,4,19,15,11,23,8,20,16,2,6,5,1,24,13,14,18,17],[3,19,15,23,11,7,4,8,20,16,2,6,5,1,24,14,13,18,17],[3,23,19,11,15,7,4,8,20,16,5,2,6,1,24,14,13,17,18],[23,19,15,3,11,7,4,8,20,16,2,6,5,1,24,14,13,18,17],[23,19,7,3,4,11,15,8,20,16,2,6,1,5,24,14,13,18,22],[11,3,23,15,19,7,4,8,20,16,2,6,1,5,24,18,13,14,17],[7,11,15,19,3,8,4,23,20,16,2,6,5,1,24,14,13,18],[11,15,23,3,19,7,4,8,20,16,2,6,5,1,24,14,13,18,17],[19,11,3,23,15,7,4,8,20,16,5,2,6,1,24,14,13,17,18],[11,15,3,19,7,4,23,8,20,16,2,6,5,1,24,13,14,18,17],[15,19,11,23,3,7,4,8,20,16,2,6,5,1,24,14,13,18,17],[3,23,11,15,19,7,4,8,20,16,6,21,24,1,2,5,22,18,14,13],[7,3,4,15,11,19,23,8,20,16,1,6,17,18,24,5,2,14,13],[15,23,7,3,8,4,11,19,20,16,5,2,6,1,24,13,14,18,17],[3,11,23,15,7,8,4,19,20,16,2,6,5,1,24,13,14,18],[7,19,3,8,4,11,23,15,20,16,5,2,6,1,24,14,13,18],[19,7,3,4,15,11,23,8,20,16,2,6,1,5,24,14,13,18],[11,3,15,19,23,7,8,4,20,16,1,6,2,5,24,14,13,18],[19,3,23,7,8,4,11,15,20,16,6,24,2,5,1,14,13,21,22,18],[23,15,3,19,11,7,8,4,20,16,1,6,24,9,2,5,14,13,18,12],[11,3,15,7,4,19,23,8,20,16,6,24,1,13,2,5,14,17,18],[11,23,15,19,3,7,4,8,20,16,2,6,5,1,24,18,14,13],[7,3,8,4,23,19,15,11,20,16,2,6,1,5,24,14,13,22,17,18],[3,15,19,23,7,8,4,11,20,16,6,1,24,2,5,14,13,18,21],[11,3,15,23,19,7,8,4,20,16,6,24,2,5,1,14,13,18,17],[23,19,3,15,11,7,8,4,20,16,2,6,5,1,24,14,13,18,17],[7,11,23,3,4,15,19,8,20,16,6,21,24,1,2,5,14,13,22,18],[11,15,7,3,4,23,19,8,20,16,2,6,5,1,24,14,13,17,18],[3,7,4,11,15,23,19,8,20,16,2,6,5,1,24,14,13,18,21],[11,3,19,23,7,4,15,8,20,16,2,6,5,1,24,13,14,18],[7,3,8,4,19,11,15,23,20,16,2,6,5,1,24,14,13,18,17],[3,15,11,23,7,8,4,19,20,16,2,6,5,1,24,14,13,18],[3,23,7,8,4,11,15,19,20,16,2,6,5,1,24,13,14,18],[3,7,8,4,15,23,19,11,20,16,6,2,5,1,24,14,13,18],[7,3,4,15,11,19,23,8,20,16,2,6,1,5,24,14,13,18],[7,15,11,19,3,8,4,23,20,16,2,6,1,5,24,13,14,17,18],[3,11,19,23,15,7,8,4,20,16,2,6,5,1,24,14,13,18],[15,3,7,4,23,19,11,8,20,16,6,12,2,5,1,24,14,13,18],[3,23,19,7,4,11,15,8,20,16,2,6,5,1,24,13,14,18],[3,11,19,7,8,4,15,23,20,16,2,6,1,5,24,14,13,18,17],[19,23,15,11,7,3,4,8,20,16,2,6,1,5,24,14,13,18],[3,11,19,23,15,7,8,4,20,16,1,2,6,5,24,14,13,18,17],[7,3,4,19,23,15,11,8,20,16,2,6,1,5,24,14,13,18,17],[11,23,15,7,3,4,19,8,20,16,6,14,13,5,2,1,24,18],[3,11,19,23,7,8,4,15,20,16,2,6,5,1,24,18,14,13],[7,15,19,23,11,3,4,8,20,16,2,6,1,5,24,14,13,18],[19,15,11,7,3,4,23,8,20,16,6,14,13,5,2,1,24,18,17],[23,19,7,3,8,4,15,11,20,16,6,13,2,5,1,14,24,18,22],[19,7,23,11,15,3,4,8,20,16,6,24,1,18,2,5,14,13,22],[15,3,11,7,4,23,19,8,20,16,2,6,1,5,24,13,14,18,17],[7,3,4,23,15,19,11,8,20,16,2,6,1,5,24,14,13,18],[19,23,15,3,11,7,4,8,20,16,1,6,5,2,24,14,13,18,17],[7,3,8,4,19,11,15,23,20,16,2,6,5,1,24,14,13,17,18],[19,3,11,15,7,8,4,23,20,16,2,6,5,1,24,14,13,18],[11,19,7,15,23,3,4,8,20,16,6,13,24,9,10,12,2,1,5,14,17,18],[23,15,11,7,3,8,4,19,20,16,5,2,6,1,24,14,13,18],[7,11,3,4,23,15,19,8,20,16,2,6,1,5,24,13,14,18,17],[15,23,11,7,3,8,4,19,20,16,2,6,1,5,24,14,13,18],[23,15,11,19,3,7,8,4,20,16,6,24,9,5,2,1,14,13,17,18,12],[19,7,23,3,4,15,11,8,20,16,6,2,5,1,24,14,13,18],[7,23,15,3,8,4,19,11,20,16,24,2,6,1,5,14,13,18,22],[7,19,23,11,15,3,4,8,20,16,6,2,1,5,24,14,13,18,17],[11,23,7,3,4,15,19,8,20,16,6,1,2,5,24,14,13,18,22],[7,11,15,23,19,3,8,4,20,16,6,24,21,22,1,2,5,14,13,18],[7,3,8,4,23,15,19,11,20,16,6,1,2,5,24,14,13,18],[11,19,3,15,7,4,23,8,20,16,6,24,2,1,5,18,14,13],[15,3,23,19,11,7,4,8,20,16,6,1,24,2,5,14,13,18],[15,7,23,3,8,4,19,11,20,16,6,2,5,1,24,14,13,18],[11,19,15,23,3,7,8,4,20,16,6,21,24,1,5,2,22,14,13,18],[11,3,7,4,23,15,19,8,20,16,6,2,5,1,24,14,13,18],[3,19,23,7,4,11,15,8,20,16,2,6,1,5,24,14,13,17,18],[7,3,8,4,19,23,11,15,20,16,6,2,5,1,24,14,13,18,17],[3,7,4,23,15,19,11,8,20,16,6,2,5,1,24,14,13,18],[11,7,15,3,8,4,23,19,20,16,2,6,5,1,24,14,13,18],[19,3,11,15,23,7,8,4,20,16,2,6,5,1,24,14,13,18,17],[7,15,11,19,3,4,23,8,20,16,5,2,6,1,24,18,14,13,21],[7,15,23,11,19,3,8,4,20,16,2,6,1,5,24,14,13,18,17],[19,3,7,8,4,15,23,11,20,16,2,6,5,1,24,14,13,18],[3,23,11,15,7,4,19,8,20,16,6,10,2,5,1,24,14,13,17,18],[19,15,23,7,11,3,4,8,20,16,2,6,5,1,24,14,13,18],[19,15,11,23,3,7,8,4,20,16,6,24,2,1,5,14,13,17,18],[19,3,23,11,7,4,15,8,20,16,6,22,1,2,5,24,13,14,18],[3,7,8,4,23,19,15,11,20,16,6,1,17,24,14,18,13,5,2],[19,15,7,23,3,8,4,11,20,16,2,6,1,5,24,14,13,18],[7,15,19,11,23,3,8,4,20,16,2,6,1,5,24,14,13,17,18],[3,23,15,19,11,7,4,8,20,16,2,6,5,1,24,14,13,17,18],[3,23,15,19,11,7,8,4,20,16,2,6,5,1,24,13,14,18],[19,15,3,11,23,7,8,4,20,16,6,24,5,2,1,14,13,18],[7,11,3,8,4,23,15,19,20,16,6,2,5,1,24,14,13,18],[7,11,23,3,8,4,19,15,20,16,6,10,5,2,1,24,13,14,18],[7,23,11,15,19,3,4,8,20,16,5,2,6,1,24,14,13,17,18],[3,19,11,15,7,4,23,8,20,16,6,2,5,1,24,13,14,18],[23,11,7,3,8,4,19,15,20,16,2,6,5,1,24,14,13,22,18],[19,3,7,8,4,23,15,11,20,16,2,6,5,1,24,14,13,18],[19,3,7,4,15,11,23,8,20,16,2,6,5,1,24,14,13,18],[11,7,19,3,4,23,15,8,20,16,2,6,1,5,24,14,13,18],[3,19,7,4,23,15,11,8,20,16,2,6,5,1,24,13,14,18],[15,3,23,19,11,7,4,8,20,16,6,2,5,1,24,14,13,18],[15,11,23,3,19,7,8,4,20,16,6,2,1,5,24,14,13,18],[3,19,11,23,7,8,4,15,20,16,6,2,1,5,24,18,14,13],[23,15,3,11,19,7,8,4,20,16,2,6,1,5,24,14,13,18],[7,23,3,4,15,11,19,8,20,16,6,2,1,5,24,14,13,18,17],[3,19,15,23,7,4,11,8,20,16,2,6,5,1,24,14,13,18],[3,7,8,4,23,15,11,19,20,16,2,6,1,5,24,18,14,13,17],[7,15,3,8,4,23,11,19,20,16,2,6,1,5,24,14,13,18,17],[15,3,11,7,8,4,23,19,20,16,6,21,24,1,2,5,22,14,13,18],[11,3,15,19,7,8,4,23,20,16,2,6,1,5,24,14,13,17,18],[3,11,19,15,7,8,4,23,20,16,2,6,5,1,24,14,13,17,18],[3,19,7,4,11,23,15,8,20,16,6,5,2,1,24,13,14,17,18],[7,23,3,4,11,19,15,8,20,16,24,1,2,6,5,14,13,18,17],[19,15,3,11,7,8,4,23,20,16,6,2,1,5,24,14,13,17,18],[7,15,3,4,19,11,23,8,20,16,5,2,6,1,24,18,14,13],[19,23,3,15,7,4,11,8,20,16,1,5,2,6,24,17,18,13,14],[15,7,23,3,8,4,19,11,20,16,6,21,2,1,5,24,22,17,18,14,13],[7,19,23,15,11,3,8,4,20,16,6,2,1,5,24,13,14,18],[23,11,19,7,15,3,8,4,20,16,2,6,1,5,24,14,13,18,17],[19,3,23,15,11,7,8,4,20,16,2,6,1,5,24,14,13,18],[7,23,19,11,3,4,15,8,20,16,6,24,2,5,1,14,13,18],[11,7,19,3,4,23,15,8,20,16,6,1,24,5,2,14,13,18,17],[19,7,23,11,3,4,15,8,20,16,1,6,2,5,24,14,13,18],[11,19,3,7,4,23,15,8,20,16,2,6,1,5,24,13,14,18],[15,3,11,7,4,19,23,8,20,16,2,6,1,5,24,14,13,18],[11,23,3,7,4,15,19,8,20,16,1,6,14,5,13,2,24,18],[23,3,11,7,4,15,19,8,20,16,6,21,2,1,5,24,18,22,14,13],[7,19,23,11,3,8,4,15,20,16,6,14,13,5,2,1,24,18],[19,7,15,23,11,3,4,8,20,16,2,6,5,1,24,18,14,13,17],[7,15,3,8,4,19,11,23,20,16,6,2,5,1,24,14,13,18,22],[3,11,15,7,4,23,19,8,20,16,5,2,6,1,24,18,14,13],[3,7,8,4,15,23,11,19,20,16,2,6,5,1,24,14,13,18,17],[11,3,23,19,7,4,15,8,20,16,6,1,14,24,5,13,2,17,18],[11,23,7,15,19,3,8,4,20,16,5,2,6,1,24,14,13,21,22,18],[19,15,7,11,23,3,8,4,20,16,6,2,1,5,24,18,14,13],[19,11,23,3,15,7,8,4,20,16,6,21,2,1,5,24,22,13,14,18],[3,15,23,7,8,4,11,19,20,16,5,2,6,1,24,18,14,13],[11,15,7,19,23,3,8,4,20,16,2,6,1,5,24,14,13,18],[11,7,23,3,8,4,19,15,20,16,2,6,1,5,24,14,13,18],[19,23,11,3,15,7,8,4,20,16,5,2,6,1,24,14,13,18],[15,7,23,19,3,4,11,8,20,16,2,6,5,1,24,13,14,18],[7,15,3,4,19,11,23,8,20,16,2,6,1,5,24,14,13,18],[7,19,15,3,4,23,11,8,20,16,6,2,1,5,24,14,13,18],[3,19,11,15,23,7,4,8,20,16,1,6,21,24,5,2,14,13,22,17,18],[11,3,15,7,4,23,19,8,20,16,6,1,2,5,24,18,14,13,17],[19,3,7,8,4,11,15,23,20,16,6,2,5,1,24,18,14,13],[3,7,4,11,19,23,15,8,20,16,2,6,1,5,24,22,14,13,18],[23,7,15,11,19,3,4,8,20,16,24,2,6,5,1,14,13,18],[23,7,19,15,3,4,11,8,20,16,6,2,5,1,24,14,13,18],[23,11,3,7,8,4,15,19,20,16,2,6,1,5,24,14,13,18],[7,3,4,23,19,15,11,8,20,16,6,24,2,1,5,14,13,18,17],[15,19,11,3,23,7,4,8,20,16,2,6,5,1,24,14,13,18],[23,11,19,15,7,3,4,8,20,16,1,6,9,17,24,18,5,2,14,13,12],[11,3,15,19,23,7,4,8,20,16,5,2,6,1,24,14,13,18],[15,7,23,3,4,19,11,8,20,16,6,1,24,18,13,5,2,14],[3,15,19,11,23,7,8,4,20,16,6,22,2,1,5,24,14,13,18],[23,7,11,3,4,15,19,8,20,16,2,6,5,1,24,14,13,18],[19,11,15,7,3,8,4,23,20,16,2,6,1,5,24,14,13,18],[11,7,3,8,4,19,23,15,20,16,6,22,2,1,5,24,14,13,18],[11,23,19,15,7,3,8,4,20,16,5,2,6,1,24,14,13,18,17],[3,23,7,8,4,19,11,15,20,16,6,2,5,1,24,14,13,18],[11,15,7,19,3,8,4,23,20,16,1,6,9,2,5,24,14,13,18,12],[19,11,3,15,7,8,4,23,20,16,5,2,6,1,24,14,13,18,17],[11,7,19,3,8,4,23,15,20,16,6,2,1,5,24,14,13,18,22],[3,15,11,19,23,7,8,4,20,16,5,2,6,1,24,14,13,18,17],[7,23,3,4,11,15,19,8,20,16,2,6,5,1,24,14,13,18],[19,23,11,7,3,8,4,15,20,16,6,2,1,5,24,14,13,17,18],[11,7,23,3,4,15,19,8,20,16,2,6,5,1,24,14,13,18],[7,23,19,11,15,3,8,4,20,16,2,6,1,5,24,14,13,22,18],[23,19,15,7,11,3,4,8,20,16,2,6,5,1,24,13,14,18],[19,3,7,8,4,11,23,15,20,16,6,2,1,5,24,14,13,17,18],[23,11,7,15,19,3,8,4,20,16,5,2,6,1,24,14,13,18],[23,3,7,4,11,19,15,8,20,16,6,21,24,2,1,5,14,13,22,18],[3,15,7,4,23,11,19,8,20,16,6,2,1,5,24,14,13,18],[11,7,23,3,8,4,15,19,20,16,2,6,1,5,24,14,13,18,22],[3,11,23,7,4,15,19,8,20,16,6,2,1,5,24,14,13,18],[15,23,7,19,11,3,8,4,20,16,2,6,5,1,24,14,13,22,18],[7,11,23,19,3,8,4,15,20,16,2,6,5,1,24,14,13,18],[11,23,7,15,3,4,19,8,20,16,6,24,5,2,1,14,13,18,21],[3,23,19,7,4,15,11,8,20,16,6,22,2,5,1,24,14,13,18],[3,23,7,8,4,15,19,11,20,16,5,2,6,1,24,14,13,18,17],[3,15,19,7,4,11,23,8,20,16,6,2,5,1,24,14,13,18,17],[19,23,7,11,15,3,4,8,20,16,6,18,2,5,1,24,14,13,17],[3,19,7,8,4,15,11,23,20,16,2,6,5,1,24,14,13,18],[23,15,11,19,3,7,4,8,20,16,2,6,5,1,24,18,14,13],[19,3,15,7,4,23,11,8,20,16,2,6,5,1,24,18,14,13,22],[23,11,19,3,15,7,8,4,20,16,2,6,1,5,24,14,13,18],[23,15,11,3,7,8,4,19,20,16,1,6,14,5,13,2,24,18,17],[19,7,3,8,4,11,23,15,20,16,6,10,2,5,1,24,14,13,18],[11,19,15,23,3,7,4,8,20,16,6,10,2,5,1,24,14,13,17,18],[11,15,7,19,3,4,23,8,20,16,6,1,24,14,5,13,2,18],[15,23,11,7,3,8,4,19,20,16,2,6,5,1,24,14,13,17,18],[23,11,7,19,15,3,8,4,20,16,6,1,21,24,18,5,2,14,13],[3,23,11,15,19,7,8,4,20,16,2,6,5,1,24,14,13,18],[23,15,11,7,19,3,4,8,20,16,6,1,13,2,5,14,24,17,18],[3,23,19,11,7,8,4,15,20,16,5,2,6,1,24,14,13,18],[3,7,4,15,19,23,11,8,20,16,6,24,12,13,14,5,2,1,18],[23,3,19,11,7,8,4,15,20,16,6,1,21,17,24,5,18,2,14,13],[7,19,3,8,4,11,15,23,20,16,1,6,24,5,2,14,13,17,18],[3,7,4,15,19,11,23,8,20,16,1,6,2,5,24,18,14,13],[3,19,11,15,7,8,4,23,20,16,6,2,5,1,24,14,13,18],[3,7,8,4,19,11,15,23,20,16,6,1,24,21,13,2,5,14,22,18],[23,15,7,19,3,8,4,11,20,16,6,2,1,5,24,13,14,22,18],[19,11,3,23,7,4,15,8,20,16,2,6,1,5,24,13,14,18,17],[3,19,15,23,7,8,4,11,20,16,2,6,1,5,24,18,14,13],[19,15,23,3,7,8,4,11,20,16,24,2,6,5,1,14,13,18,17],[11,3,23,7,8,4,15,19,20,16,5,2,6,1,24,14,13,18],[15,23,11,19,7,3,4,8,20,16,6,2,1,5,24,14,13,18],[23,7,15,19,11,3,8,4,20,16,2,6,1,5,24,14,13,22,18],[11,3,15,23,19,7,8,4,20,16,2,6,1,5,24,18,14,13,17],[11,19,3,7,4,15,23,8,20,16,6,22,12,2,1,5,24,14,13,18],[3,7,4,19,15,23,11,8,20,16,6,24,2,5,1,14,13,18],[23,15,19,3,11,7,4,8,20,16,2,6,1,5,24,14,13,18,17],[15,7,11,23,3,4,19,8,20,16,2,6,1,5,24,14,13,18,22],[23,7,19,3,8,4,11,15,20,16,6,2,1,5,24,14,13,18],[23,3,7,4,15,19,11,8,20,16,2,6,5,1,24,18,14,13],[11,23,3,7,8,4,15,19,20,16,2,6,5,1,24,14,13,18],[3,23,15,11,7,4,19,8,20,16,2,6,1,5,24,14,13,18],[23,3,11,19,7,4,15,8,20,16,6,24,1,2,5,14,13,17,18],[7,15,19,3,4,11,23,8,20,16,2,6,5,1,24,13,14,18],[15,11,7,3,4,19,23,8,20,16,5,2,6,1,24,14,13,18],[11,3,15,19,23,7,4,8,20,16,2,6,5,1,24,14,13,18],[7,23,19,11,3,8,4,15,20,16,2,6,5,1,24,14,13,17,18],[11,15,7,23,19,3,8,4,20,16,2,6,1,5,24,14,13,18],[23,11,15,7,3,4,19,8,20,16,6,22,5,2,1,24,13,14,17,18],[7,23,11,3,8,4,15,19,20,16,6,2,1,5,24,14,13,18],[23,11,7,3,4,19,15,8,20,16,6,12,2,5,1,24,14,13,18],[3,15,19,7,4,11,23,8,20,16,2,6,1,5,24,14,13,18],[15,23,11,3,19,7,4,8,20,16,2,6,1,5,24,14,13,18,22],[11,23,7,15,19,3,8,4,20,16,6,2,5,1,24,14,13,18,21],[7,15,23,3,8,4,11,19,20,16,2,6,5,1,24,14,13,18],[11,15,3,7,8,4,23,19,20,16,2,6,5,1,24,13,14,22,21,18],[7,23,11,19,3,4,15,8,20,16,6,1,24,13,2,5,14,17,18],[23,7,15,11,19,3,4,8,20,16,2,6,1,5,24,14,13,18],[3,23,15,11,19,7,4,8,20,16,5,2,6,1,24,13,14,18],[15,3,19,23,11,7,4,8,20,16,6,2,1,5,24,14,13,18],[15,3,11,19,23,7,4,8,20,16,6,2,1,5,24,14,13,18,17],[3,19,23,7,4,11,15,8,20,16,1,6,2,5,24,14,13,18],[19,15,23,11,7,3,4,8,20,16,2,6,1,5,24,18,14,13],[3,15,23,7,4,11,19,8,20,16,24,6,2,5,1,13,14,18],[15,19,7,11,3,8,4,23,20,16,2,6,5,1,24,14,13,18],[15,3,7,4,19,23,11,8,20,16,6,24,2,1,5,14,13,18,17],[23,11,3,7,4,15,19,8,20,16,2,6,5,1,24,14,13,17,18],[11,3,15,23,19,7,8,4,20,16,6,24,1,2,5,14,13,18],[23,19,11,7,3,8,4,15,20,16,2,6,5,1,24,14,13,18],[15,7,3,8,4,23,11,19,20,16,6,2,1,5,24,13,14,18],[11,19,3,7,4,23,15,8,20,16,2,6,5,1,24,14,13,18],[23,7,11,15,3,8,4,19,20,16,6,24,1,14,5,13,2,18,22],[7,11,3,4,23,15,19,8,20,16,2,6,1,5,24,14,13,18],[7,11,23,19,3,4,15,8,20,16,6,21,24,2,1,5,18,22,13,14],[3,23,19,11,7,4,15,8,20,16,6,1,24,2,5,18,14,13],[3,23,7,4,19,11,15,8,20,16,2,6,5,1,24,14,13,18],[7,23,19,11,15,3,4,8,20,16,2,6,1,5,24,14,13,18],[23,7,3,4,19,15,11,8,20,16,6,1,24,2,5,14,13,18],[7,23,3,4,19,11,15,8,20,16,2,6,5,1,24,14,13,18],[11,3,19,7,4,15,23,8,20,16,2,6,5,1,24,14,13,18],[19,15,11,3,23,7,4,8,20,16,1,6,2,5,24,14,13,17,18],[11,15,3,19,23,7,8,4,20,16,2,6,1,5,24,14,13,18],[19,15,3,11,7,4,23,8,20,16,5,2,6,1,24,14,13,18],[19,11,15,23,3,7,8,4,20,16,2,6,1,5,24,14,13,18],[23,11,15,3,19,7,8,4,20,16,2,6,5,1,24,14,13,17,18],[15,3,11,19,7,4,23,8,20,16,6,24,2,5,1,18,13,14,17],[23,11,7,19,3,4,15,20,8,16,2,6,1,5,24,14,13,17,18],[19,3,7,4,15,11,23,8,20,16,6,2,5,1,24,14,13,18],[23,15,11,3,19,7,4,8,20,16,6,24,2,5,1,14,13,18],[11,3,7,4,19,15,23,8,20,16,2,6,5,1,24,14,13,18],[3,11,19,15,7,4,23,8,20,16,2,6,1,5,24,13,14,18],[19,15,3,23,7,4,11,8,20,16,6,24,2,1,5,14,13,17,18],[15,23,3,11,7,4,19,8,20,16,5,2,6,1,24,14,13,17,18],[19,7,11,23,3,4,15,8,20,16,1,6,21,24,22,14,13,5,2,18],[23,11,7,15,3,8,4,19,20,16,6,2,5,1,24,14,13,18],[15,19,7,23,3,4,11,8,20,16,6,5,2,1,24,13,14,17,18],[11,7,3,8,4,15,19,23,20,16,6,24,5,2,1,14,13,18],[23,15,3,19,7,8,4,11,20,16,6,22,5,2,1,24,14,13,18],[15,19,3,11,7,8,4,23,20,16,6,14,13,5,2,1,24,17,18],[11,19,15,3,23,7,8,4,20,16,5,2,6,1,24,14,13,18],[11,3,19,7,4,23,15,8,20,16,6,1,17,2,5,18,24,14,13],[19,11,3,15,23,7,4,8,20,16,1,6,24,2,5,13,14,18],[11,3,15,23,19,7,4,8,20,16,5,2,6,1,24,14,13,18,21],[15,19,3,23,7,4,11,8,20,16,6,24,5,2,1,14,13,18,22],[15,19,7,3,4,23,11,8,20,16,2,6,5,1,24,14,13,18],[23,11,15,7,3,8,4,19,20,16,6,22,21,2,5,1,24,14,13,18],[23,7,15,11,3,8,4,19,20,16,5,2,6,1,24,14,13,18],[11,7,3,4,23,19,15,8,20,16,6,2,1,5,24,14,13,18],[11,15,3,23,7,8,4,19,20,16,1,6,14,24,13,5,2,17,18],[3,23,19,15,11,7,4,8,20,16,6,24,2,5,1,13,14,18,17],[19,3,23,11,15,7,4,8,20,16,2,6,1,5,24,14,13,17,18],[23,19,15,3,11,7,4,8,20,16,2,6,1,5,24,13,14,18],[23,11,7,15,3,8,4,19,20,16,5,2,6,1,24,14,13,18],[19,15,7,11,23,3,4,8,20,16,1,6,22,17,18,5,2,24,14,13],[23,3,7,4,15,19,11,8,20,16,6,18,2,5,1,24,14,13],[3,15,23,7,8,4,19,11,20,16,2,6,1,5,24,14,13,21,22,17,18],[19,15,3,7,8,4,23,11,20,16,2,6,1,5,24,14,13,18],[11,3,19,23,15,7,8,4,20,16,2,6,1,5,24,14,13,18],[11,3,15,19,23,7,8,4,20,16,2,6,5,1,24,14,13,18,17],[3,23,7,8,4,11,19,15,20,16,6,24,18,17,1,5,2,14,13],[11,3,7,4,23,15,19,8,20,16,2,6,5,1,24,18,14,13],[11,19,15,7,3,4,23,8,20,16,2,6,1,5,24,18,14,13,17],[23,15,3,7,4,19,11,8,20,16,2,6,5,1,24,14,13,18],[7,23,19,15,3,8,4,11,20,16,6,21,24,2,1,5,22,14,13,18],[11,3,19,15,7,8,4,23,20,16,1,5,2,6,24,18,14,13],[23,7,3,4,19,15,11,8,20,16,6,2,1,5,24,14,13,18],[7,11,15,19,23,3,8,4,20,16,6,18,1,2,5,24,14,13],[19,3,11,23,15,7,4,8,20,16,2,6,5,1,24,14,13,18],[15,7,3,8,4,23,19,11,20,16,2,6,5,1,24,14,13,17,18],[11,7,23,15,3,4,19,8,20,16,6,22,2,1,5,24,14,13,17,18],[11,23,3,19,15,7,4,8,20,16,2,6,5,1,24,14,13,18,22],[11,19,23,15,7,3,4,8,20,16,6,17,24,2,1,5,18,14,13],[19,23,15,7,3,8,4,11,20,16,2,6,1,5,24,14,13,17,18],[3,23,7,8,4,11,15,19,20,16,2,6,1,5,24,13,14,18],[3,15,19,23,11,7,4,8,20,16,2,6,1,5,24,14,13,18],[19,15,7,23,3,4,11,8,20,16,5,2,6,1,24,14,13,17,18],[15,23,3,19,11,7,4,8,20,16,6,17,1,5,18,2,24,14,13],[3,23,15,19,11,7,4,8,20,16,1,6,24,10,18,2,5,14,13],[11,3,15,19,23,7,4,8,20,16,6,2,1,5,24,14,13,18],[3,15,7,4,11,19,23,8,20,16,2,6,5,1,24,14,13,18],[7,3,4,19,11,23,15,8,20,16,1,6,2,5,24,18,14,13],[7,19,11,23,3,4,15,8,20,16,6,2,5,1,24,18,14,13],[19,15,23,7,3,4,11,8,20,16,2,6,5,1,24,14,13,17,18],[23,11,7,15,3,4,19,8,20,16,2,6,5,1,24,14,13,18],[23,3,7,8,4,11,19,15,20,16,2,6,1,5,24,14,13,18],[23,15,7,11,19,3,8,4,20,16,2,6,5,1,24,14,13,18],[7,15,11,3,8,4,19,23,20,16,2,6,1,5,24,14,13,18],[23,19,11,15,7,3,4,8,20,16,2,6,1,5,24,13,14,18],[19,3,7,4,11,23,15,8,20,16,2,6,1,5,24,14,13,18,17],[11,15,3,23,7,4,19,8,20,16,6,24,5,2,1,14,13,18,22],[7,19,3,4,15,11,23,20,8,16,6,2,5,1,24,14,13,18,17],[19,23,7,3,4,11,15,8,20,16,2,6,5,1,24,14,13,18],[23,7,3,4,19,11,15,8,20,16,6,2,5,1,24,13,14,18,17],[3,11,15,7,8,4,19,23,20,16,5,2,6,1,24,14,13,18,17],[3,19,11,15,23,7,8,4,20,16,1,6,5,2,24,14,13,18],[19,11,23,7,3,8,4,15,20,16,6,13,2,5,1,14,24,18,21],[23,19,15,7,3,8,4,11,20,16,6,2,1,5,24,14,13,18,17],[11,7,15,23,19,3,8,4,20,16,6,24,9,2,1,5,18,14,13,12],[19,7,11,23,3,4,15,8,20,16,6,22,24,18,2,5,1,14,13],[3,7,4,15,11,19,23,8,20,16,2,6,5,1,24,18,13,14],[15,3,7,4,19,23,11,8,20,16,2,6,1,5,24,14,13,18],[3,15,19,7,8,4,11,23,20,16,2,6,1,5,24,14,13,18],[7,11,15,19,3,4,23,8,20,16,2,6,5,1,24,13,14,18,17],[7,23,3,4,19,15,11,8,20,16,2,6,5,1,24,14,13,17,18],[3,11,19,15,7,8,4,23,20,16,6,5,2,1,24,14,13,18],[23,11,3,19,7,8,4,15,20,16,2,6,1,5,24,14,13,17,18],[3,7,8,4,11,15,23,19,20,16,1,6,14,13,5,2,24,18],[11,19,7,23,3,8,4,15,20,16,2,6,1,5,24,14,13,18],[11,3,15,19,7,8,4,23,20,16,6,5,2,1,24,14,13,18],[11,3,7,4,19,23,15,8,20,16,2,6,1,5,24,14,13,18],[19,11,15,7,23,3,4,8,20,16,6,2,1,5,24,14,13,18],[19,15,3,23,7,8,4,11,20,16,2,6,5,1,24,14,13,17,18],[3,19,15,7,8,4,11,23,20,16,5,2,6,1,24,14,13,18],[15,11,3,23,19,7,4,8,20,16,2,6,5,1,24,14,13,17,18],[23,19,11,15,7,3,8,4,20,16,1,6,2,5,24,14,13,18],[19,15,3,23,11,7,4,8,20,16,1,6,21,24,17,18,10,14,5,13,2],[23,15,7,3,4,11,19,8,20,16,1,6,2,5,24,14,13,18],[3,7,8,4,19,15,11,23,20,16,6,14,2,1,5,13,24,18,21],[23,3,19,7,4,15,11,8,20,16,2,6,1,5,24,14,13,18],[23,15,19,3,7,4,11,8,20,16,6,5,2,1,24,14,13,18],[15,11,7,23,19,3,8,4,20,16,2,6,5,1,24,14,13,18,21],[19,23,3,15,7,8,4,11,20,16,2,6,1,5,24,14,13,18],[19,23,11,3,15,7,4,8,20,16,2,6,1,5,24,14,13,18],[23,11,15,7,3,8,4,19,20,16,6,24,1,2,5,14,13,18,17],[15,7,3,8,4,23,19,11,20,16,6,1,13,24,9,2,5,14,18,12],[3,19,7,4,11,15,23,8,20,16,6,2,5,1,24,14,13,18],[11,15,3,23,7,8,4,19,20,16,6,2,1,5,24,14,13,18,22],[23,11,15,3,7,4,19,8,20,16,6,24,1,2,5,14,13,18],[23,11,3,19,7,8,4,15,20,16,5,2,6,1,24,18,14,13],[23,15,3,19,11,7,8,4,20,16,2,6,1,5,24,18,14,13],[7,23,15,3,4,11,19,8,20,16,6,2,5,1,24,18,14,13],[11,23,7,19,15,3,8,4,20,16,6,24,2,1,5,14,13,17,18],[15,23,19,7,11,3,4,8,20,16,1,2,6,5,24,14,13,18],[7,15,3,8,4,19,23,11,20,16,1,6,21,24,2,5,14,13,22,17,18],[23,15,7,19,3,8,4,11,20,16,5,2,6,1,24,18,14,13],[15,11,3,23,7,4,19,8,20,16,6,21,18,2,5,1,24,14,13],[7,3,4,23,11,19,15,8,20,16,1,6,21,24,12,13,5,2,14,22],[11,7,19,15,3,4,23,8,20,16,6,1,24,2,5,13,14,18,22],[23,7,19,15,3,8,4,11,20,16,1,6,18,17,2,5,24,14,13],[11,3,19,15,23,7,4,8,20,16,2,6,5,1,24,14,13,18,21],[19,23,3,7,8,4,15,11,20,16,6,24,21,2,1,5,22,14,13,18],[19,15,3,11,23,7,4,8,20,16,6,24,2,5,1,14,13,18],[7,3,8,4,23,11,19,15,20,16,6,2,1,5,24,14,13,18],[7,19,11,15,23,3,4,8,20,16,6,5,2,1,24,17,18,14,13],[11,3,19,7,8,4,23,15,20,16,6,2,1,5,24,14,13,18],[3,23,7,8,4,11,15,19,20,16,6,2,1,5,24,18,14,13],[23,15,7,11,3,4,19,8,20,16,6,1,2,5,24,13,14,12,17,18],[23,15,19,7,3,4,11,8,20,16,6,24,2,5,1,14,13,18],[3,7,8,4,19,23,15,11,20,16,2,6,5,1,24,14,13,18,17],[23,19,11,3,15,7,4,8,20,16,6,17,2,5,1,18,24,13,14],[19,11,3,23,15,7,4,8,20,16,2,6,1,5,24,14,13,17,18],[7,3,8,4,15,19,11,23,20,16,2,6,5,1,24,14,13,18],[7,15,3,8,4,11,19,23,20,16,2,6,5,1,24,13,14,17,18],[3,15,23,19,7,4,11,8,20,16,2,6,5,1,24,14,13,21,22,18],[15,3,11,23,19,7,4,8,20,16,2,6,5,1,24,14,13,18],[7,3,8,4,19,23,15,11,20,16,6,2,5,1,24,14,13,22,18],[11,15,7,23,3,4,19,8,20,16,2,6,5,1,24,13,14,17,18],[15,7,23,3,8,4,19,11,20,16,5,2,6,1,24,14,13,18,17],[3,19,11,23,7,8,4,15,20,16,2,6,1,5,24,14,13,18],[11,7,19,23,15,3,4,8,20,16,6,24,2,1,5,14,13,17,18],[19,7,15,3,8,4,11,23,20,16,6,24,2,5,1,18,14,13],[7,19,11,15,23,3,4,8,20,16,2,6,1,5,24,14,13,17,18],[15,19,3,7,8,4,11,23,20,16,6,2,1,5,24,18,14,13,17],[19,15,23,11,7,3,8,4,20,16,2,6,5,1,24,18,13,14],[3,11,15,19,7,4,23,8,20,16,2,6,1,5,24,14,13,22,17,18],[19,2