{"problem_id":"dFMyfhGUKf335Wq","sigma":75,"alpha":0.100,"cost":0,"probabilities":"[0.06, 0.01, 0.11, 0.82]","payoff_matrix":"[[90, 62, 145, 68, -26, -111], [61, 34, 42, 76, -6, -2], [77, -83, -47, 73, 35, -78], [-79, 59, -13, 107, 117, 96]]","uncovered":[[8,24,16,4,12,20,15,19,17,13,22,9],[16,24,12,8,4,20,15,19,13,17,23],[8,12,24,16,4,20,19,15,17,13,22],[12,4,16,24,20,8,19,15,17,13,21],[4,20,12,8,16,24,19,15,13,17,6],[20,8,16,24,12,4,15,19,13,17],[16,12,4,24,8,20,19,15,13,17,22,23],[12,16,20,4,8,24,15,19,17,13,23],[20,4,8,16,24,12,19,15,13,17,23],[4,12,8,24,20,16,15,19,13,17],[16,24,4,12,8,20,15,19,13,17],[24,16,12,8,20,4,15,19,13,17,22],[8,12,20,16,4,24,15,19,13,17],[12,4,16,20,8,24,15,19,13,17,11],[4,16,24,20,12,8,19,15,13,17],[12,20,8,16,24,4,15,19,17,13,21],[12,16,20,4,8,24,19,15,17,13],[24,20,4,8,12,16,15,19,13,17],[8,4,16,24,20,12,19,15,13,17],[12,16,4,24,8,20,15,19,17,13,11,22,10],[8,24,12,20,16,4,19,15,13,17,22],[12,4,8,24,20,16,15,19,13,17],[8,24,16,20,12,4,19,15,17,13,22],[12,8,4,20,16,24,19,15,17,13],[24,8,16,20,4,12,19,15,13,17,23],[20,4,12,24,16,8,15,19,17,13],[8,20,16,24,12,4,15,19,17,13,21],[4,20,12,16,8,24,15,19,13,17],[24,8,4,20,12,16,15,19,17,13,23],[24,20,8,16,12,4,19,15,13,17],[20,12,24,8,4,16,19,15,17,13,21],[16,24,12,8,4,20,15,19,17,13,21,7],[16,8,4,24,12,20,15,19,13,17,22],[16,8,20,12,24,4,15,19,17,13],[24,20,16,8,4,12,19,15,13,17],[16,8,20,24,12,4,15,19,13,17,23],[4,8,12,24,16,20,15,19,17,13],[12,8,16,4,24,20,15,19,17,13,21,14],[8,24,16,4,12,20,19,15,13,17,23],[4,20,8,12,24,16,15,19,13,17,22],[16,12,4,8,24,20,19,15,13,17,21],[20,8,12,16,24,4,19,13,15,17],[24,4,12,8,16,20,19,15,13,17],[20,4,24,16,8,12,19,15,17,13],[8,4,16,24,20,12,19,15,17,13],[20,24,4,16,12,8,19,15,13,17],[12,4,24,8,16,20,15,19,17,13,10],[24,16,8,12,4,20,15,19,17,13],[24,8,16,4,20,12,15,19,13,17,22],[24,8,12,16,4,20,15,19,17,13],[24,8,20,4,12,16,15,19,13,17,21],[4,8,12,24,20,16,15,19,13,17],[20,12,8,24,16,4,19,15,13,17,21],[24,16,8,4,20,12,19,15,17,13,22],[12,8,16,20,4,24,15,19,13,17],[24,8,20,16,12,4,15,19,13,17],[24,16,8,4,20,12,15,19,13,17,9,23,18],[8,12,4,20,16,24,19,15,13,17],[20,4,8,12,24,16,15,19,13,17],[8,24,16,4,12,20,15,19,17,13,23],[12,24,8,4,16,20,19,15,17,13,6,22],[12,16,24,20,4,8,15,19,17,13],[12,16,24,4,8,20,15,19,17,13],[24,12,8,20,4,16,19,15,13,17],[4,20,12,8,16,24,19,15,13,17],[20,8,4,16,24,12,15,19,17,13],[16,20,24,8,12,4,19,15,17,13,23,18],[12,20,16,4,8,24,15,19,13,17],[12,4,16,24,20,8,15,19,13,17,23],[8,16,12,4,24,20,15,19,17,13,21,3],[8,16,12,4,24,20,19,15,13,17],[24,16,12,8,4,20,15,19,13,17,22,23],[12,8,16,4,24,20,19,15,13,17],[24,16,8,4,12,20,19,15,13,17],[16,12,24,8,4,20,19,15,17,13],[20,8,12,24,4,16,15,19,13,17],[8,24,12,20,4,16,19,15,17,13,23],[16,4,12,8,24,20,15,19,17,13,23],[20,12,24,4,16,8,15,19,17,13],[4,8,12,24,20,16,15,19,17,13],[12,8,4,24,16,20,19,15,17,13],[20,16,24,12,4,8,15,19,13,17,21],[4,16,12,24,20,8,19,15,13,17,22,23,1],[8,4,12,16,20,24,15,19,17,13,23],[4,16,8,20,24,12,15,19,13,17],[4,24,20,12,16,8,19,15,13,17,22],[8,24,16,20,4,12,19,15,13,17],[20,8,12,4,24,16,15,19,13,17,22,3,23],[8,20,16,4,24,12,19,15,13,17,22,21],[20,4,8,16,12,24,19,15,13,17,21],[12,20,8,24,16,4,15,19,13,17,23],[8,12,16,4,24,20,15,19,13,17],[16,24,8,12,4,20,19,15,13,17,23],[24,12,4,8,16,20,19,15,17,13],[4,12,16,8,20,24,19,15,13,17,21],[8,4,12,20,24,16,15,19,13,17],[16,20,12,8,4,24,19,15,17,13,10,21,6],[4,12,20,24,16,8,15,19,13,17,23,11],[24,4,20,12,8,16,15,19,13,17],[8,16,4,20,12,24,15,19,17,13,21],[20,12,16,4,8,24,15,19,17,13,5,6],[12,24,4,8,20,16,19,15,13,17],[20,12,16,8,24,4,15,19,13,17,21],[20,4,8,24,12,16,15,19,13,17,23],[12,24,8,16,4,20,15,19,13,17,23],[16,12,20,24,8,4,15,19,17,13],[4,16,8,20,24,12,19,15,13,17],[16,8,12,4,24,20,19,15,17,13,23],[4,12,20,16,24,8,19,15,17,13,22,21],[4,8,20,16,12,24,15,19,17,13,21,14],[8,24,12,4,20,16,19,15,17,13,23],[8,20,12,4,16,24,15,19,17,13,23],[4,20,24,12,8,16,19,15,13,17,21],[24,16,20,8,4,12,19,15,17,13,21,2,9],[16,24,4,12,20,8,15,19,17,13,22],[12,20,8,16,4,24,15,19,17,13,23],[4,24,16,20,8,12,19,15,13,17],[12,24,8,20,4,16,15,19,17,13,21],[12,16,4,20,24,8,19,15,13,17,23],[12,4,20,24,8,16,19,15,13,17,18],[24,8,12,16,20,4,19,15,17,13],[4,20,12,8,16,24,19,15,13,17],[12,8,20,4,16,24,19,15,17,13,23],[4,16,8,24,20,12,15,19,17,13,21],[12,8,16,24,4,20,15,19,17,13,23],[8,20,16,24,12,4,19,15,13,17],[4,24,8,12,16,20,19,15,13,17],[8,24,4,16,20,12,19,15,13,17,14,2],[20,12,24,8,16,4,15,19,17,13,1,23],[4,16,12,20,24,8,15,19,17,13],[8,20,24,16,4,12,15,19,17,13,23],[4,12,8,20,16,24,19,15,17,13],[12,24,16,20,8,4,15,19,17,13],[8,24,20,16,12,4,19,15,17,13],[12,20,16,4,24,8,15,19,17,13,21,11],[16,8,20,24,12,4,15,19,17,13,21],[16,4,12,20,24,8,15,19,17,13,5],[8,12,16,24,20,4,15,19,17,13,21],[24,16,12,8,20,4,19,15,17,13,21],[4,20,8,16,24,12,19,15,13,17],[8,24,20,12,4,16,19,15,13,17,21],[16,12,24,8,4,20,19,15,13,17,23,1],[8,20,12,24,4,16,15,19,13,17,21],[20,12,24,4,16,8,15,19,13,17,21],[4,20,24,12,8,16,15,19,17,13,2,21],[4,16,20,8,24,12,15,19,17,13],[16,24,8,20,4,12,19,15,17,13,6],[4,8,20,24,16,12,15,19,13,17,22],[24,4,16,8,12,20,15,19,13,17],[4,8,24,16,20,12,15,19,17,13],[4,12,24,8,20,16,15,19,13,17],[12,16,4,24,8,20,19,15,17,13,2,3],[8,16,4,20,12,24,19,15,17,13],[4,12,24,20,8,16,15,19,13,17,23],[16,20,24,8,12,4,15,19,13,17,23],[24,12,8,16,20,4,15,19,17,13,22],[4,24,16,20,8,12,15,19,13,17],[20,24,8,12,4,16,15,19,17,13,23],[8,4,20,16,24,12,15,19,17,13],[8,12,16,24,20,4,19,15,17,13],[20,24,12,4,16,8,15,19,17,13,11,22,23],[16,12,8,24,20,4,15,19,13,17,22],[12,4,20,24,16,8,15,19,13,17,21],[4,8,16,20,24,12,19,15,13,17],[20,4,24,8,12,16,15,19,13,17,22],[16,20,12,24,8,4,15,19,17,13],[12,16,8,24,4,20,19,15,13,17,21],[8,12,16,20,4,24,19,15,17,13],[16,8,20,24,4,12,19,15,17,13,22,7],[20,16,8,24,12,4,19,15,17,13,23],[16,20,12,4,8,24,15,19,17,13,23],[24,16,20,8,12,4,15,19,17,13],[12,16,4,20,24,8,15,19,13,17,18],[8,24,16,12,4,20,19,15,13,17,21,14],[16,24,8,20,4,12,19,15,13,17,21],[12,20,24,16,8,4,19,15,17,13,14,3],[20,16,12,8,4,24,15,19,17,13,23],[4,8,20,16,12,24,19,15,17,13,23,2],[24,20,4,12,16,8,19,15,17,13,23],[20,24,16,12,4,8,19,15,17,13],[24,8,12,4,16,20,15,19,17,13,22,23,9],[12,8,4,24,20,16,15,19,13,17,5],[12,8,4,24,20,16,19,15,13,17,3,23],[20,4,8,12,16,24,15,19,17,13,21],[16,4,20,12,24,8,15,19,17,13],[12,16,8,20,24,4,15,19,13,17],[8,4,24,20,16,12,19,15,17,13,22,10,23],[24,12,8,16,4,20,19,15,13,17],[12,16,4,24,20,8,19,15,17,13,23],[24,12,16,8,4,20,19,15,17,13,14],[20,8,4,24,12,16,15,19,17,13,23,10],[4,12,24,20,16,8,19,15,13,17,23],[4,12,24,20,8,16,19,15,13,17,23],[24,8,12,20,4,16,15,19,13,17],[24,16,4,20,12,8,15,19,13,17,21],[20,4,8,12,16,24,15,19,13,17],[8,20,24,16,4,12,19,15,17,13],[20,24,4,8,12,16,15,19,13,17],[16,20,24,4,12,8,15,19,17,13,14],[20,8,24,12,4,16,19,15,17,13],[4,16,8,12,20,24,15,19,17,13,22,23],[8,20,24,12,16,4,15,19,17,13],[16,24,4,8,12,20,15,19,13,17],[8,4,12,20,24,16,15,19,13,17,21],[24,20,16,8,4,12,15,19,17,13,23],[4,24,8,20,16,12,19,15,13,17],[12,24,4,8,20,16,19,15,13,17],[16,24,20,4,8,12,19,15,13,17,1],[12,4,20,8,24,16,15,19,17,13,14,21],[16,4,8,20,24,12,15,19,17,13,23],[12,24,4,8,20,16,19,15,17,13,14,21],[4,8,20,24,12,16,19,15,17,13],[24,4,12,8,20,16,19,15,17,13,23,3],[16,24,4,20,12,8,15,19,17,13],[4,16,20,8,12,24,19,15,17,13],[4,12,8,16,24,20,19,15,17,13,22],[4,16,20,8,12,24,15,19,13,17,21,23],[12,4,20,16,24,8,19,15,17,13,21],[4,20,24,16,12,8,15,19,17,13,7],[20,12,8,24,16,4,15,19,17,13,23],[24,4,12,8,20,16,15,19,17,13,21],[24,12,4,8,20,16,15,19,13,17,23],[16,8,20,4,24,12,15,19,13,17],[24,12,16,8,20,4,15,19,17,13],[20,16,4,12,8,24,19,15,13,17,2],[8,4,20,12,24,16,15,19,17,13],[8,20,16,12,24,4,15,19,13,17,22,5,14],[4,24,12,16,8,20,15,19,13,17],[16,20,8,12,24,4,19,15,13,17,22,23],[16,8,24,20,12,4,19,15,13,17,11],[24,16,12,4,8,20,19,15,13,17],[4,12,20,24,8,16,15,19,17,13,23],[16,8,4,12,24,20,19,15,13,17],[12,16,8,4,24,20,15,19,17,13,6,23],[20,16,12,8,24,4,19,15,13,17,22,21],[12,8,24,4,20,16,19,15,13,17,23],[8,24,12,4,20,16,15,19,17,13,21],[20,4,8,16,12,24,19,15,17,13],[20,12,4,24,16,8,15,19,13,17],[8,4,24,12,16,20,19,15,13,17],[4,8,12,16,24,20,19,15,13,17],[12,20,8,24,16,4,15,19,17,13,6,22,23],[12,16,4,20,8,24,19,15,13,17],[8,4,24,20,12,16,19,15,17,13],[24,16,8,4,12,20,15,19,13,17,7],[24,4,16,8,20,12,19,15,13,17,11],[16,4,24,12,20,8,19,15,17,13,21],[24,8,12,20,16,4,19,15,17,13],[4,12,20,24,8,16,15,19,17,13],[4,24,20,16,12,8,15,19,13,17],[8,12,4,20,24,16,19,15,13,17,22,6],[16,8,4,24,12,20,19,15,13,17,9],[16,12,20,24,4,8,19,15,17,13],[20,8,16,4,12,24,15,19,17,13],[4,20,24,8,16,12,19,15,17,13,23],[20,12,24,4,8,16,15,19,13,17,22],[20,4,24,12,16,8,15,19,13,17,2],[20,4,8,24,12,16,15,19,13,17],[12,16,24,8,4,20,15,19,13,17,21],[24,16,4,8,20,12,15,19,13,17,7,22,23],[20,16,24,4,8,12,15,19,17,13],[12,16,24,8,20,4,19,15,13,17],[24,4,20,12,8,16,19,15,17,13,21],[4,8,16,20,12,24,15,19,13,17,22,18,21],[12,20,8,16,24,4,15,19,13,17],[24,20,12,16,4,8,15,19,17,13,21,23],[4,24,12,16,20,8,19,15,17,13,1,6],[8,12,16,24,20,4,19,15,17,13],[12,24,8,4,20,16,15,19,13,17,22],[8,12,16,20,4,24,15,19,17,13,18],[4,12,16,8,20,24,19,15,17,13],[20,16,8,24,12,4,15,19,17,13,21],[4,24,20,12,16,8,19,15,17,13,23],[16,12,20,4,8,24,19,15,17,13],[20,16,12,8,4,24,19,15,17,13],[8,16,12,4,24,20,19,15,13,17],[8,16,4,20,24,12,15,19,13,17,5],[4,16,20,24,8,12,15,19,13,17],[8,4,20,24,16,12,19,15,13,17],[20,24,8,16,12,4,19,15,13,17],[24,20,8,4,12,16,15,19,13,17,23],[16,24,20,12,8,4,15,19,17,13],[24,4,20,16,8,12,15,19,13,17],[16,24,20,8,12,4,19,15,13,17],[4,20,12,24,8,16,19,15,13,17,22,5],[16,24,4,12,8,20,19,15,13,17,23],[24,16,4,8,12,20,19,15,13,17],[16,4,12,24,20,8,19,15,13,17,23,10],[16,12,4,8,24,20,15,19,17,13,21],[20,24,16,12,4,8,15,19,13,17,21],[12,20,16,8,24,4,19,15,17,13],[12,16,24,4,20,8,15,19,17,13,14],[16,8,24,4,12,20,15,19,17,13],[12,16,24,20,4,8,19,15,13,17,6,22],[20,24,8,4,16,12,19,15,13,17],[16,20,24,8,4,12,15,19,17,13],[12,20,8,4,24,16,15,19,13,17,22],[12,24,4,16,20,8,15,19,17,13,2],[20,8,16,24,4,12,19,15,13,17,23,21],[12,4,24,20,8,16,19,15,13,17,21],[16,8,20,24,4,12,15,19,13,17,3,23],[24,4,8,20,16,12,19,15,13,17],[20,24,4,16,12,8,15,19,17,13],[4,16,20,8,24,12,19,15,13,17,23],[12,20,4,8,16,24,15,19,17,13],[24,12,16,4,8,20,19,15,13,17,22],[12,4,16,20,24,8,15,19,13,17],[8,12,16,24,20,4,19,15,13,17,1,23,3],[4,16,20,8,24,12,15,19,13,17,21],[8,20,12,16,4,24,19,15,13,17,21],[20,4,16,8,24,12,19,15,13,17],[16,8,24,12,20,4,15,19,17,13,23],[16,8,24,20,12,4,15,19,17,13],[8,20,12,4,16,24,15,19,17,13],[24,20,12,8,4,16,15,19,13,17],[24,4,16,20,12,8,15,19,13,17],[16,4,8,12,24,20,15,19,17,13,21],[8,20,24,12,4,16,19,15,13,17],[24,8,16,20,4,12,15,19,13,17,22],[4,8,24,16,20,12,15,19,17,13,22],[4,12,16,8,24,20,15,19,13,17,22],[20,16,24,12,8,4,15,19,17,13],[16,12,8,24,20,4,19,15,17,13,23],[4,12,24,20,8,16,19,15,17,13],[24,8,16,20,4,12,19,15,17,13,22],[20,12,8,24,16,4,19,15,17,13,14],[24,20,4,12,8,16,15,19,17,13],[20,16,12,8,4,24,15,19,17,13,22],[20,16,4,24,8,12,19,15,17,13],[20,16,24,12,4,8,19,15,17,13,21],[16,12,4,24,8,20,19,15,17,13],[16,8,24,12,20,4,19,15,13,17,23],[4,24,16,12,8,20,15,19,13,17],[16,12,8,20,24,4,19,15,13,17,21],[4,12,20,16,24,8,15,19,13,17,18,11],[24,12,20,4,16,8,19,15,17,13,21],[16,8,20,24,12,4,15,19,17,13],[24,12,8,16,4,20,15,19,17,13,22],[16,20,12,8,4,24,15,19,13,17],[20,16,4,12,8,24,15,19,13,17,18],[24,12,4,20,16,8,15,19,13,17],[24,4,12,20,16,8,19,15,13,17,21],[16,24,4,12,20,8,19,15,13,17],[24,20,4,12,8,16,15,19,17,13],[20,4,16,8,24,12,19,15,13,17],[16,4,12,20,24,8,15,19,13,17,23,18],[20,8,16,4,12,24,15,19,13,17,23],[16,24,20,8,12,4,15,19,13,17,1,11],[4,20,24,16,12,8,15,19,13,17],[4,8,20,12,24,16,15,19,17,13,22],[4,24,16,12,8,20,19,15,13,17],[8,24,20,12,4,16,15,19,17,13],[24,16,8,4,20,12,19,15,17,13],[8,4,24,12,16,20,19,15,17,13,23],[4,12,24,20,16,8,15,19,13,17,21],[12,8,24,4,16,20,19,15,13,17],[16,12,24,20,4,8,15,19,13,17],[12,16,4,20,24,8,15,19,13,17],[8,12,16,20,24,4,19,15,17,13],[8,16,12,4,20,24,19,15,17,13],[12,4,8,20,24,16,19,15,17,13],[4,16,8,20,12,24,19,15,17,13],[16,4,8,12,24,20,15,19,13,17,5,22,21],[8,16,20,4,24,12,19,15,17,13,23],[12,4,16,24,8,20,15,19,13,17,23],[20,8,24,12,4,16,15,19,17,13,14],[12,8,4,24,16,20,15,19,13,17],[16,4,24,20,8,12,15,19,13,17],[20,12,24,16,8,4,19,15,17,13,22,1],[16,12,8,4,24,20,15,19,17,13],[12,8,4,24,20,16,19,15,13,17],[12,16,24,8,4,20,19,15,13,17],[12,4,20,24,8,16,19,15,13,17],[8,16,20,12,4,24,15,19,17,13],[16,24,20,8,4,12,19,15,13,17],[24,8,4,16,20,12,19,15,13,17],[12,16,20,4,8,24,19,15,13,17,3],[12,24,8,4,20,16,15,19,17,13,21],[16,20,12,24,8,4,19,15,17,13,23],[24,16,8,20,12,4,19,15,13,17,23],[4,8,24,12,20,16,19,15,13,17,21],[24,12,16,8,20,4,19,15,17,13,23],[12,8,4,16,24,20,15,19,17,13,21],[24,4,8,20,16,12,19,15,13,17],[20,4,8,24,16,12,19,15,13,17,22],[12,24,20,4,8,16,15,19,13,17,21],[16,4,8,20,12,24,19,15,13,17,21],[8,16,20,4,24,12,15,19,17,13,22],[24,4,20,12,8,16,15,19,17,13],[4,24,20,16,8,12,19,15,13,17],[16,24,4,8,20,12,15,19,13,17],[12,16,4,20,24,8,19,15,13,17,21,3],[8,24,16,20,4,12,19,15,13,17],[16,12,24,20,4,8,19,15,17,13,21],[8,12,16,24,4,20,19,15,17,13,7],[8,4,24,16,20,12,15,19,17,13,21],[12,8,16,4,20,24,19,15,13,17],[8,20,24,16,12,4,15,19,13,17],[4,8,12,24,20,16,19,15,17,13,14],[8,20,12,16,4,24,19,15,17,13,3,21],[4,24,12,8,20,16,15,19,13,17,22,18],[8,20,16,24,4,12,15,19,17,13],[20,24,4,16,12,8,19,15,17,13,2,23],[16,12,20,4,8,24,15,19,13,17,21],[16,4,12,20,24,8,15,19,17,13,22,18],[20,4,8,24,12,16,15,19,13,17,7],[24,20,12,4,16,8,19,15,17,13],[12,8,20,24,16,4,15,19,17,13],[8,4,24,16,12,20,15,19,17,13,21,1],[8,20,24,12,16,4,19,15,17,13],[16,4,12,20,8,24,15,19,17,13,22,23,7],[16,4,20,12,8,24,19,15,17,13,22,23],[24,16,20,4,12,8,15,19,17,13],[24,20,4,16,8,12,15,19,13,17,18],[16,24,4,8,12,20,15,19,13,17],[12,8,24,4,20,16,19,15,17,13,21],[8,4,16,12,24,20,19,15,17,13,23],[4,20,8,24,12,16,15,19,17,13,22,23],[20,4,24,8,16,12,19,15,17,13],[16,20,24,12,4,8,15,19,17,13],[12,20,4,24,16,8,15,19,17,13,23],[24,12,20,16,8,4,15,19,17,13,18],[12,16,24,8,4,20,19,15,17,13],[16,20,12,4,24,8,15,19,17,13,7,10,23],[12,16,20,4,24,8,19,15,17,13],[24,16,20,4,8,12,15,19,13,17,23,1],[24,16,8,4,20,12,19,15,17,13,21],[20,4,16,12,24,8,19,15,13,17,23],[20,24,16,4,8,12,19,15,13,17,23],[20,16,4,12,8,24,19,15,13,17,5,21],[24,8,4,20,12,16,19,15,17,13],[16,20,12,4,24,8,15,19,13,17,23],[16,4,24,20,8,12,19,15,17,13,21],[4,12,16,24,8,20,19,15,13,17,21,7,9],[8,12,4,20,24,16,19,15,13,17],[20,24,12,4,16,8,19,15,13,17],[8,12,20,4,24,16,15,19,13,17],[16,4,20,24,12,8,19,15,17,13,1,22],[8,12,20,16,4,24,19,15,17,13],[20,16,12,24,8,4,19,15,13,17,23],[16,12,8,20,24,4,15,19,13,17,21],[24,16,8,20,4,12,19,15,17,13],[16,8,20,12,4,24,19,15,13,17,22],[20,12,24,16,8,4,19,15,13,17],[20,16,4,8,12,24,19,15,17,13,9],[12,16,24,8,20,4,19,15,13,17,11],[16,8,12,24,20,4,15,19,13,17,22,23],[24,8,4,16,12,20,15,19,17,13],[8,4,20,12,16,24,15,19,13,17],[24,12,20,4,16,8,15,19,17,13,21],[8,12,4,16,24,20,15,19,13,17],[8,20,12,4,16,24,15,19,13,17,21],[8,12,16,4,24,20,15,19,13,17,21],[12,8,16,24,20,4,15,19,13,17,2],[12,24,16,4,8,20,15,19,13,17],[16,12,4,20,24,8,19,15,13,17,23],[20,24,16,8,4,12,15,19,13,17],[16,8,4,20,24,12,15,19,13,17],[8,12,16,4,20,24,19,15,17,13,21,6],[20,16,8,24,12,4,15,19,13,17],[24,12,4,20,8,16,15,19,13,17],[8,4,24,12,16,20,19,15,17,13],[16,8,20,24,4,12,15,19,17,13],[16,20,4,24,8,12,15,19,13,17],[24,8,12,16,20,4,19,15,17,13],[8,4,12,24,20,16,15,19,17,13],[8,12,20,16,24,4,19,15,13,17,23,22],[16,4,8,20,12,24,15,19,13,17,23],[8,16,24,12,4,20,19,15,13,17],[16,4,24,8,20,12,15,19,17,13,21],[20,24,16,8,12,4,19,15,17,13],[24,4,8,16,20,12,15,19,13,17,9,1],[16,4,8,20,12,24,15,19,13,17,22,1],[24,12,4,20,16,8,19,15,17,13],[16,12,8,4,20,24,19,15,13,17,23],[4,24,16,8,12,20,15,19,17,13,14],[24,16,12,8,4,20,15,19,17,13,3,22],[8,24,4,16,12,20,15,19,13,17],[12,24,8,16,20,4,15,19,13,17,23],[12,16,20,24,8,4,19,15,17,13,21],[8,4,16,24,12,20,19,15,17,13,21],[12,20,24,8,16,4,15,19,13,17,22,23,18],[12,16,8,4,20,24,19,15,17,13],[20,12,16,24,4,8,15,19,13,17,14],[12,24,20,16,8,4,15,19,17,13,23,9],[20,24,8,12,16,4,19,15,13,17],[20,16,24,4,8,12,19,15,13,17,23],[16,12,24,8,4,20,15,19,13,17,9],[24,20,8,16,4,12,19,15,13,17,23,14],[16,20,8,24,4,12,19,15,13,17],[16,12,4,8,20,24,19,15,17,13],[4,16,12,20,8,24,19,15,17,13,23,18],[8,20,4,12,24,16,15,19,17,13],[16,24,20,4,12,8,19,15,13,17,22,10,23],[12,20,4,24,16,8,15,19,13,17,23],[12,8,4,16,24,20,19,15,13,17,11,22],[12,16,8,24,20,4,15,19,17,13],[24,12,4,16,20,8,15,19,13,17,22],[4,24,8,20,12,16,15,19,17,13,21],[24,20,12,4,8,16,19,15,17,13,22],[20,24,4,8,16,12,15,19,17,13],[4,8,24,16,20,12,15,19,13,17],[8,16,12,20,24,4,19,15,17,13],[20,8,24,16,12,4,19,15,13,17,22],[16,8,4,24,20,12,19,15,13,17],[8,16,24,4,20,12,19,15,13,17],[24,4,8,12,20,16,19,15,17,13,21],[16,4,20,8,24,12,15,19,17,13],[24,12,20,16,4,8,19,15,13,17],[8,16,20,24,4,12,19,15,13,17],[4,16,8,12,20,24,15,19,13,17,23],[8,24,4,20,16,12,15,19,13,17,6,7],[12,4,20,8,16,24,19,15,17,13,21],[16,8,24,12,4,20,19,15,17,13],[8,16,20,12,4,24,19,15,17,13],[24,4,12,20,16,8,19,15,13,17],[12,4,20,24,16,8,15,19,13,17,1,21,9,23,18],[20,8,16,4,24,12,19,15,13,17,21],[16,4,12,20,8,24,19,15,13,17],[24,16,20,4,8,12,15,19,13,17],[16,24,8,20,12,4,15,19,13,17],[4,16,12,24,8,20,19,15,17,13,22],[24,12,16,20,4,8,19,15,13,17,23],[20,4,8,12,16,24,15,19,17,13],[8,16,24,12,20,4,15,19,17,13],[4,24,8,20,12,16,19,15,17,13],[20,8,16,4,12,24,15,19,13,17,23],[24,12,16,8,20,4,15,19,17,13,10,21],[24,4,16,12,20,8,15,19,17,13,21],[24,12,20,16,8,4,15,19,13,17],[16,4,24,20,12,8,19,15,17,13,21],[12,24,20,8,16,4,19,15,17,13,22,23],[4,16,20,8,24,12,19,15,13,17,21],[8,16,24,12,4,20,19,15,13,17,22],[12,4,8,16,24,20,19,15,17,13],[24,4,12,20,8,16,15,19,17,13],[12,16,24,8,4,20,15,19,13,17,23],[12,4,24,8,20,16,15,19,17,13,21,5],[16,4,24,20,8,12,19,15,13,17],[12,20,16,24,8,4,15,19,13,17,6,23],[24,16,20,8,12,4,15,19,13,17],[16,20,8,12,24,4,15,19,13,17,21],[12,16,8,20,4,24,15,19,17,13],[24,12,8,20,16,4,15,19,17,13],[8,24,4,20,12,16,19,15,17,13,22,23],[8,20,12,24,16,4,15,19,13,17],[4,24,8,16,20,12,19,15,13,17,3,21],[20,16,8,24,4,12,15,19,13,17],[12,8,20,4,16,24,19,15,13,17],[12,4,24,20,8,16,15,19,17,13,23,5],[12,20,16,24,8,4,19,15,13,17,3,23],[16,20,4,8,24,12,19,14,15,13,17],[20,24,8,16,4,12,15,19,13,17],[12,8,20,24,16,4,19,15,13,17],[16,8,12,24,4,20,19,15,17,13],[24,16,12,4,20,8,19,15,13,17],[12,8,20,4,24,16,19,15,17,13,22],[20,8,12,16,4,24,19,15,13,17],[8,12,24,4,16,20,19,15,17,13,23],[12,4,24,16,8,20,19,15,17,13,22,23],[12,20,24,16,8,4,15,19,17,13,23],[4,8,12,20,16,24,19,15,13,17,21,11],[16,24,20,4,12,8,15,19,13,17,22,21],[24,8,16,12,20,4,15,19,17,13,21],[16,20,4,24,12,8,15,19,13,17],[16,12,4,8,24,20,15,19,13,17,22,21,7],[20,8,12,4,24,16,15,19,17,13,23],[20,24,8,12,4,16,15,19,13,17],[8,16,12,4,24,20,15,19,13,17],[4,8,24,12,20,16,19,15,17,13,23],[20,16,12,24,4,8,19,15,17,13,23],[8,24,20,12,16,4,19,15,13,17,21],[12,8,16,24,20,4,19,15,17,13],[24,8,20,4,12,16,19,15,17,13,21,6],[8,4,20,16,12,24,19,15,13,17],[4,8,16,24,12,20,15,19,17,13,23],[16,8,4,20,24,12,15,19,13,17,22,23],[20,8,24,12,16,4,19,15,17,13],[20,16,4,12,24,8,19,15,13,17,3],[20,8,24,4,12,16,19,15,13,17],[4,8,20,16,12,24,15,19,13,17,21],[4,8,24,12,16,20,19,15,17,13,22,23],[12,20,16,8,24,4,15,19,17,13],[20,24,4,12,8,16,15,19,17,13,22,21],[24,20,8,12,4,16,19,15,13,17],[8,16,4,24,12,20,19,15,17,13,21],[20,8,12,24,4,16,15,19,17,13],[4,24,12,20,8,16,19,15,13,17,23],[8,24,12,20,16,4,15,19,17,13],[16,20,4,24,12,8,15,19,17,13,21],[8,12,20,24,16,4,19,15,17,13],[4,20,16,24,8,12,19,15,17,13],[16,8,12,20,24,4,19,15,17,13,22,23],[4,24,16,20,8,12,19,15,17,13,14],[20,4,8,24,16,12,15,19,13,17,23],[12,16,20,4,8,24,15,19,17,13],[8,24,16,12,4,20,15,19,13,17,21],[4,20,12,24,16,8,15,19,17,13],[4,16,24,20,8,12,19,15,17,13,23],[12,4,20,24,8,16,19,15,13,17,23],[20,8,24,12,4,16,15,19,13,17],[8,4,24,12,16,20,19,15,13,17],[8,20,12,24,16,4,15,19,13,17],[12,8,4,16,20,24,15,19,13,17],[12,8,16,24,20,4,19,15,17,13],[4,16,20,12,24,8,15,19,17,13,21],[24,12,8,20,4,16,19,15,17,13,23],[24,4,16,8,20,12,19,15,13,17,2],[16,4,12,8,20,24,15,19,17,13,18],[12,16,24,8,4,20,19,15,17,13,23,11],[8,12,24,20,4,16,15,19,17,13,21],[4,16,12,24,20,8,15,19,17,13],[12,4,20,16,8,24,19,15,13,17,21],[4,12,8,20,24,16,19,15,13,17,5],[12,24,4,16,8,20,19,15,17,13,3],[16,24,12,4,20,8,15,19,13,17,22],[24,12,8,4,16,20,15,19,17,13,23],[16,12,8,20,4,24,15,19,17,13,22],[20,4,16,12,8,24,15,19,13,17,1,22],[24,16,12,20,8,4,19,15,17,13,22],[20,12,8,16,4,24,15,19,13,17,23,2],[8,12,4,24,20,16,19,15,13,17],[20,8,16,4,24,12,19,15,17,13,22],[4,8,16,12,24,20,15,19,17,13,23],[4,24,16,8,20,12,19,15,17,13],[20,4,24,16,8,12,15,19,13,17,21],[24,8,20,12,4,16,15,19,13,17,21],[16,24,4,8,20,12,19,15,17,13],[4,20,16,12,24,8,19,15,17,13,22,23],[20,24,16,12,4,8,15,19,17,13],[24,12,8,16,20,4,15,19,17,13,23],[12,4,8,24,20,16,19,15,13,17,23],[12,4,8,24,20,16,15,19,13,17,11,23],[16,12,24,4,8,20,15,19,13,17,1],[24,8,20,16,4,12,19,15,13,17],[16,12,20,4,8,24,19,15,17,13,21,11],[8,24,12,16,4,20,15,19,17,13],[20,12,16,4,8,24,15,19,13,17,11,22,21,5],[24,16,20,12,8,4,19,15,17,13,2,6,22,21,11,18],[12,4,24,16,20,8,19,15,13,17,11,23],[8,24,4,16,12,20,15,19,17,13,23],[20,8,24,16,12,4,19,15,17,13,23],[4,16,8,24,20,12,19,15,13,17,21],[20,16,24,4,8,12,19,15,17,13],[8,16,20,12,4,24,19,15,17,13],[16,20,24,8,4,12,19,15,17,13,23],[8,24,20,12,4,16,19,15,13,17,14,21,7],[12,20,8,16,4,24,15,19,17,13],[24,20,8,4,12,16,15,19,17,13],[20,24,16,8,4,12,15,19,13,17],[20,8,24,12,16,4,15,19,13,17],[4,16,12,24,8,20,15,19,17,13],[24,4,16,8,20,12,19,15,17,13,23],[8,4,20,16,12,24,19,15,17,13],[24,16,4,8,20,12,19,15,17,13],[8,24,4,20,16,12,19,15,13,17,21],[8,24,12,16,4,20,15,19,13,17],[8,20,12,4,24,16,19,15,13,17,14],[8,16,4,24,12,20,15,19,17,13,21],[4,24,12,20,16,8,15,19,13,17],[20,12,16,8,4,24,15,19,13,17,7],[20,4,8,24,16,12,15,19,17,13,21],[20,24,8,12,16,4,15,19,13,17],[4,20,16,24,8,12,15,19,17,13,23],[16,8,20,4,12,24,15,19,13,17,22,14],[12,8,4,20,24,16,15,19,13,17],[8,16,12,24,20,4,15,19,17,13],[4,8,12,16,20,24,19,15,13,17,23],[4,12,24,20,8,16,19,15,13,17,21],[24,8,20,4,16,12,19,15,17,13,21],[12,24,8,20,4,16,15,19,13,17],[16,24,4,12,20,8,19,15,13,17,23],[8,16,20,4,12,24,19,15,13,17,23],[16,20,12,24,4,8,19,15,13,17,23],[12,24,20,8,4,16,19,15,17,13],[16,20,24,4,12,8,19,15,13,17,22,23],[24,4,8,16,20,12,19,15,13,17,23],[20,16,8,24,4,12,15,19,13,17,22,11,23],[8,12,4,16,24,20,15,19,17,13],[12,24,16,8,4,20,19,15,13,17],[4,16,20,8,12,24,15,19,13,17,23],[8,12,4,16,20,24,19,15,17,13,21],[12,24,16,4,8,20,19,15,17,13,14],[8,24,20,16,4,12,19,15,13,17,22,23],[20,16,4,24,8,12,15,19,13,17],[12,16,20,4,8,24,19,15,17,13,21],[24,12,8,4,20,16,15,19,13,17],[16,8,4,24,12,20,19,15,17,13,21],[20,12,16,8,24,4,19,15,13,17,23],[8,12,20,24,16,4,19,15,13,17,21],[24,8,16,20,4,12,15,19,13,17],[12,8,16,20,4,24,19,15,17,13,9],[24,20,4,12,16,8,19,15,17,13,22],[20,8,16,4,24,12,19,15,17,13,22,21],[4,24,20,16,8,12,15,19,17,13,21],[12,16,8,24,4,20,19,15,17,13,22],[16,20,8,12,4,24,15,19,17,13],[4,24,8,20,16,12,15,19,17,13,22],[4,12,8,20,24,16,19,15,13,17,22,21],[8,24,16,20,4,12,15,19,13,17],[16,20,12,4,8,24,19,15,17,13],[4,12,16,8,20,24,15,19,17,13,23],[12,20,4,24,16,8,19,15,13,17,7,6,23,18],[24,12,8,4,16,20,19,15,17,13,22,2,21],[4,16,20,24,12,8,19,15,17,13,23],[8,24,4,20,12,16,15,19,17,13,23],[12,4,24,20,8,16,19,15,17,13],[20,24,16,8,4,12,19,15,13,17,22,5],[4,20,8,16,12,24,19,15,17,13,23],[12,16,4,24,8,20,19,15,17,13],[20,16,4,12,8,24,19,15,13,17],[20,16,12,24,4,8,15,19,17,13,3,21],[8,12,24,16,4,20,15,19,13,17],[12,4,20,24,8,16,19,15,13,17,21],[12,24,16,8,4,20,19,15,17,13,18],[16,8,24,4,12,20,15,19,17,13,10,14,23],[16,20,12,8,4,24,19,15,17,13,23],[16,8,24,20,4,12,15,19,13,17],[8,24,12,16,4,20,15,19,17,13,23],[8,4,24,12,20,16,15,19,17,13,22,21],[8,24,20,12,4,16,19,15,13,17],[12,4,20,16,8,24,19,15,13,17],[12,20,16,24,8,4,15,19,17,13,23],[16,24,8,12,20,4,19,15,13,17,21],[12,24,20,16,4,8,19,15,17,13,1],[16,20,24,4,8,12,15,19,13,17],[20,12,16,8,24,4,15,19,13,17,1],[8,4,20,16,12,24,15,19,13,17,23],[8,20,16,4,24,12,19,15,13,17,21],[16,20,24,12,4,8,19,15,17,13,11],[4,20,12,16,24,8,15,19,17,13,6],[16,20,12,4,24,8,15,19,17,13,21],[16,8,24,12,4,20,19,15,13,17,22,23],[12,24,8,16,20,4,19,15,17,13,23,3],[12,20,8,16,4,24,19,15,17,13,5],[12,24,16,4,20,8,15,19,13,17],[20,24,16,12,4,8,15,19,13,17],[16,4,8,24,12,20,15,19,17,13,21,5,3],[20,16,24,8,4,12,19,15,17,13,22],[16,24,8,4,20,12,15,19,17,13,23],[24,16,12,8,20,4,19,15,17,13],[4,16,12,8,24,20,15,19,13,17],[24,16,12,4,8,20,15,19,13,17,23],[12,20,4,8,24,16,19,15,17,13,18],[20,24,16,8,12,4,19,15,17,13,23],[24,12,4,8,20,16,19,15,17,13],[4,16,24,8,12,20,19,15,17,13,23],[20,8,12,24,4,16,15,19,17,13,22],[16,12,20,4,8,24,15,19,17,13],[20,12,24,4,16,8,19,15,13,17,22],[8,16,12,24,4,20,15,19,13,17,6],[16,4,24,12,8,20,19,15,13,17,9,23],[24,12,8,4,16,20,19,15,13,17,23],[24,20,4,12,8,16,15,19,17,13],[20,24,8,16,4,12,19,15,17,13,22],[16,24,8,12,4,20,19,15,13,17,23],[16,12,8,20,4,24,19,15,13,17,21],[24,12,16,8,4,20,15,19,13,17,21,7],[16,4,20,8,12,24,15,19,13,17,23],[4,16,24,12,20,8,19,15,17,13,7,22,23,21],[16,8,24,20,4,12,15,19,13,17,22],[12,20,16,4,8,24,19,15,17,13,21],[24,12,8,20,4,16,19,15,17,13,7,11,21],[4,24,16,8,20,12,19,15,17,13,23],[16,8,4,12,24,20,19,15,17,13],[12,16,8,20,24,4,19,15,17,13,21,18,22],[4,16,8,24,20,12,15,19,17,13],[16,24,12,4,8,20,19,15,13,17],[20,16,4,8,12,24,15,19,17,13,10],[8,4,20,24,16,12,19,15,13,17],[12,8,4,24,20,16,15,19,13,17],[24,20,4,12,8,16,15,19,17,13,21],[20,8,12,16,24,4,19,15,17,13],[24,20,4,8,16,12,15,19,17,13,21],[4,20,12,8,24,16,19,15,13,17],[4,24,16,12,8,20,15,19,17,13],[8,12,24,20,16,4,15,19,17,13],[16,24,4,20,8,12,19,15,17,13,22,21],[20,24,8,12,4,16,19,15,13,17],[8,24,12,4,16,20,19,15,13,17],[12,24,20,16,4,8,15,19,17,13,11,23,18],[12,24,20,16,8,4,15,19,17,13,23],[8,20,16,12,24,4,19,15,13,17],[24,4,20,12,16,8,19,15,17,13],[12,16,4,20,8,24,15,19,17,13],[8,12,4,16,20,24,15,19,13,17,7,21,18],[24,12,8,16,20,4,19,15,17,13],[12,24,4,8,20,16,19,15,17,13,21],[16,24,12,20,4,8,19,15,13,17,22],[24,12,20,4,8,16,15,19,17,13],[12,4,8,24,20,16,15,19,17,13,3],[20,24,12,8,4,16,19,15,13,17],[8,12,16,20,24,4,15,19,13,17],[8,24,20,4,16,12,19,15,17,13,21,18],[12,24,20,8,4,16,19,15,13,17,23],[8,24,16,4,12,20,19,15,17,13,23],[16,12,4,20,24,8,15,19,13,17,7,1],[4,24,12,20,16,8,19,15,13,17],[20,8,4,24,12,16,15,19,17,13,22,23,14],[8,16,24,12,20,4,15,19,17,13],[20,4,8,12,16,24,15,19,13,17],[20,8,16,24,12,4,15,19,13,17,22],[4,24,8,16,20,12,15,19,13,17],[12,20,8,4,24,16,15,19,13,17,7],[16,24,12,4,20,8,15,19,13,17,6,23],[12,16,4,20,8,24,19,15,17,13],[4,8,24,12,16,20,19,15,17,13],[20,16,4,24,8,12,15,19,13,17,2],[20,8,4,12,24,16,19,15,13,17,22],[4,20,8,24,12,16,19,15,17,13],[24,20,16,4,12,8,19,15,17,13,21],[12,16,4,8,20,24,19,15,13,17,23],[20,16,8,12,24,4,15,19,13,17,22],[24,8,16,4,20,12,15,19,17,13,22],[8,20,24,4,16,12,15,19,13,17,22,14],[4,20,16,12,8,24,15,19,13,17,5,23],[12,16,24,20,4,8,19,15,13,17,22],[16,12,20,8,24,4,19,15,13,17,11,23,7],[12,4,16,8,24,20,19,15,17,13,22],[8,12,16,20,24,4,19,15,17,13,2,21],[20,8,12,16,24,4,15,19,17,13,22],[20,4,24,16,12,8,19,15,17,13,3,21,23],[20,12,24,8,4,16,19,15,13,17,10,2,22],[16,12,8,20,4,24,19,15,13,17,23],[24,16,8,20,12,4,19,15,17,13,21],[8,24,4,12,20,16,15,19,13,17,6,21],[24,20,8,16,4,12,15,19,13,17,11],[12,4,20,24,16,8,15,19,17,13],[16,4,20,8,24,12,19,15,13,17],[4,20,16,12,8,24,19,15,17,13,6],[16,24,4,8,20,12,15,19,17,13,23],[20,16,24,8,4,12,19,15,13,17],[16,20,24,4,12,8,15,19,13,17],[4,16,24,20,8,12,19,15,17,13,21],[16,24,20,8,4,12,19,15,13,17],[20,4,24,16,8,12,15,19,13,17,23],[8,4,20,16,24,12,19,15,13,17,18,22],[16,12,20,24,4,8,15,19,17,13],[24,12,20,4,16,8,15,19,13,17],[12,4,16,8,20,24,15,19,17,13],[8,24,4,20,12,16,19,15,13,17],[24,8,16,20,12,4,15,19,17,13],[12,20,16,24,8,4,19,15,17,13],[12,20,4,16,8,24,15,19,13,17],[24,20,4,8,12,16,19,15,17,13],[20,12,8,24,4,16,15,19,17,13],[24,16,12,20,4,8,15,19,13,17,23],[4,20,8,12,16,24,15,19,13,17,21],[16,12,24,8,20,4,19,15,17,13,22],[16,4,12,20,24,8,15,19,17,13,21],[4,20,12,8,16,24,15,19,17,13,23],[20,24,16,12,4,8,19,15,17,13],[16,24,20,8,12,4,19,15,13,17,23],[8,24,20,4,12,16,15,19,17,13],[4,24,16,8,20,12,19,15,13,17],[8,4,24,16,12,20,19,15,17,13,21],[8,20,24,12,4,16,19,15,13,17],[12,20,16,8,24,4,15,19,13,17,6,22,23],[12,8,16,20,4,24,15,19,13,17,23],[12,20,4,24,16,8,15,19,13,17,21],[4,12,8,16,20,24,15,19,17,13,23,9],[20,4,8,12,24,16,19,15,17,13],[20,16,4,8,24,12,19,15,13,17,7,10],[8,12,16,4,20,24,15,19,17,13,9,21],[4,20,16,12,8,24,15,19,17,13],[24,20,12,4,16,8,15,19,13,17],[8,4,24,12,16,20,15,19,13,17],[20,4,16,24,12,8,15,19,13,17,2],[8,4,12,24,20,16,15,19,13,17],[20,4,24,8,16,12,19,15,13,17],[24,20,4,16,8,12,15,19,13,17,14],[20,16,12,4,8,24,19,15,17,13,21],[16,12,8,20,24,4,19,15,13,17,22],[12,24,16,4,8,20,19,15,17,13],[24,12,4,16,20,8,19,15,13,17,21],[16,20,4,24,12,8,19,15,17,13,23],[8,20,24,4,16,12,19,15,17,13,23,11],[24,16,20,8,12,4,15,19,17,13],[12,24,8,4,16,20,19,15,17,13,23],[16,24,4,8,12,20,15,19,17,13,22,5,23],[12,4,16,24,8,20,19,15,13,17,5,21],[4,24,16,20,12,8,19,15,13,17,6],[12,8,20,24,16,4,15,19,13,17,18],[4,24,12,16,8,20,19,15,17,13,6],[12,20,4,8,16,24,19,15,17,13,23],[4,16,12,24,8,20,15,19,17,13],[24,20,16,4,8,12,15,19,17,13],[16,8,12,20,24,4,19,15,13,17,23],[12,24,16,20,4,8,19,15,17,13],[20,16,8,12,4,24,19,15,13,17,22,23,18],[24,8,20,16,4,12,15,19,13,17],[4,12,20,8,16,24,19,15,13,17,22,21],[8,20,4,12,24,16,15,19,17,13,3],[24,4,16,8,12,20,19,15,13,17,23],[20,24,16,4,12,8,19,15,17,13,2,23],[24,12,20,8,16,4,15,19,13,17,23],[24,8,4,16,12,20,15,19,13,17,21],[8,20,12,16,4,24,15,19,13,17],[20,12,4,8,24,16,19,15,13,17],[20,16,8,24,12,4,19,15,17,13,22,21,18],[20,24,4,8,12,16,15,19,13,17,22],[8,4,24,16,20,12,15,19,17,13],[20,16,8,24,4,12,19,15,17,13,11],[4,20,8,16,12,24,15,19,17,13],[24,12,4,8,20,16,19,15,13,17,21],[12,8,4,16,24,20,15,19,17,13,22],[12,20,16,8,4,24,19,15,17,13],[20,8,16,4,24,12,15,19,17,13,22,21],[24,12,20,16,8,4,15,19,13,17],[24,20,12,8,4,16,15,19,13,17],[20,12,24,4,8,16,19,15,13,17,2,22],[12,8,16,4,24,20,15,19,17,13,18],[12,16,20,4,8,24,19,15,13,17,23],[16,20,12,4,24,8,15,19,13,17,22],[8,24,20,12,4,16,19,15,17,13,21],[8,12,4,16,24,20,15,19,13,17,14,22,1,18],[16,12,8,4,20,24,19,15,13,17,21,14],[16,8,24,12,4,20,19,15,17,13,9],[12,8,16,4,20,24,15,19,13,17,7,22,23],[8,4,20,12,16,24,15,19,17,13,21],[20,24,8,4,16,12,15,19,17,13],[12,24,4,20,8,16,15,19,17,13,23],[8,16,24,12,4,20,19,15,13,17],[24,12,16,4,8,20,19,15,17,13,14],[4,8,16,24,12,20,15,19,17,13,21],[20,4,16,24,8,12,19,15,13,17,21],[24,8,16,12,4,20,15,19,17,13],[24,20,16,8,12,4,15,19,17,13,23],[8,12,4,24,16,20,19,15,13,17,23,21],[20,12,8,4,16,24,19,15,13,17],[4,24,20,16,8,12,15,19,17,13,23],[12,8,4,16,24,20,15,19,13,17,6,2,21],[8,4,16,12,24,20,15,19,13,17,3,21],[20,8,24,16,4,12,15,19,13,17],[4,24,20,12,16,8,19,15,17,13,21],[16,24,20,4,12,8,15,19,17,13,14],[16,8,20,24,12,4,19,15,13,17,9,21],[20,8,12,16,4,24,19,15,17,13,23],[4,24,8,12,16,20,19,15,17,13],[12,8,4,24,16,20,19,15,17,13],[4,12,8,20,16,24,19,15,17,13],[16,24,20,4,12,8,15,19,17,13,23],[12,20,24,4,8,16,19,15,17,13],[8,20,16,12,4,24,15,19,13,17],[8,24,20,16,12,4,15,19,13,17,21],[12,4,16,24,20,8,19,15,13,17,23],[4,16,12,24,8,20,15,19,13,17,23,21],[12,8,24,20,4,16,19,15,13,17,23],[16,8,4,20,12,24,15,19,17,13,22,11],[16,12,4,24,8,20,15,19,13,17,11,21],[16,8,20,4,12,24,15,19,13,17,23],[4,20,16,8,12,24,19,15,13,17],[4,12,24,20,8,16,15,19,13,17],[24,12,4,16,8,20,19,15,13,17,23,21],[24,16,20,8,4,12,15,19,13,17,23],[8,12,24,4,16,20,15,19,17,13,21],[16,24,12,4,8,20,19,15,17,13,18],[8,16,24,12,20,4,15,19,13,17,23],[16,12,4,24,8,20,15,19,17,13],[12,16,8,4,20,24,15,19,13,17,9,21],[8,16,4,24,20,12,15,19,17,13],[12,24,4,16,20,8,15,19,13,17,21],[16,24,8,20,4,12,19,15,17,13],[12,4,20,16,24,8,15,19,17,13,22],[12,16,4,8,20,24,15,19,17,13,23],[12,16,24,4,20,8,19,15,17,13,1,21],[16,24,12,20,4,8,15,19,17,13,22,14,23],[20,24,12,16,8,4,15,19,17,13],[12,20,8,4,16,24,19,15,13,17,22],[12,16,8,4,24,20,19,15,13,17],[4,20,24,16,8,12,19,15,13,17,22,21],[20,16,24,4,8,12,19,15,17,13],[4,24,8,12,16,20,15,19,13,17,23],[24,12,4,20,16,8,19,15,13,17,1],[12,16,20,24,8,4,15,19,13,17,10],[16,24,8,12,4,20,19,15,13,17,18],[16,24,12,8,20,4,15,19,13,17],[12,4,24,20,16,8,15,19,13,17],[20,4,12,8,24,16,15,19,13,17],[8,12,16,4,20,24,19,15,13,17],[16,8,20,12,24,4,15,19,17,13,22,21],[12,20,4,24,16,8,15,19,13,17,23],[12,8,24,4,16,20,15,19,13,17,23],[24,8,12,4,20,16,15,19,17,13],[24,20,12,4,8,16,15,19,13,17,23],[12,24,8,16,20,4,15,19,17,13,14],[20,12,24,4,16,8,15,19,17,13],[12,24,8,20,16,4,15,19,13,17],[24,12,20,16,4,8,19,15,13,17],[8,12,24,20,4,16,15,19,13,17],[20,16,8,4,12,24,19,15,17,13,22,23],[12,20,16,8,4,24,19,15,13,17,22,21],[12,16,4,20,8,24,15,19,13,17,23],[16,20,24,8,4,12,15,19,13,17],[4,8,12,24,20,16,19,15,13,17],[20,12,8,4,16,24,19,15,13,17,22],[16,12,4,8,24,20,19,15,17,13],[20,24,16,4,8,12,15,19,13,17,22],[12,24,4,8,16,20,15,19,13,17,14,23],[12,16,8,20,24,4,19,15,17,13,22]],"n_human":6}