{"problem_id":"ED7gXhW2JCHCeQj","sigma":75,"alpha":10.000,"cost":1,"probabilities":"[0.1, 0.28, 0.35, 0.27]","payoff_matrix":"[[21, 54, 75, -27, 19, -188], [-35, 93, 118, 75, -70, -127], [-94, -37, 26, 0, -1, 66], [-13, -71, 66, 103, 94, 124]]","uncovered":[[3,11,19,23,7,15,22,14,10,16,12],[7,3,19,11,23,15,10,22,14,12],[3,7,11,23,19,15,10,22,14,16,12],[11,15,3,7,23,19,10,22],[11,7,3,15,23,19,22,14,10,12],[3,15,7,11,19,23,22,14,10,12],[23,7,15,11,3,19,10,22,14,16,12],[19,7,23,11,15,3,10,22,14,12],[23,15,3,7,19,11,22,10,14,12],[15,23,7,11,3,19,22,14,10,16,12],[23,11,15,7,19,3,24],[7,11,15,3,23,19,22,10,14,16,12],[15,3,11,23,7,19,22,10,14,16,12],[7,19,3,23,11,15,22,14,10,16,12],[3,19,23,15,11,7,22,10,16,14,12],[7,23,19,3,11,15,10,22,14,12],[3,11,7,15,23,19,10,22,14,16,12],[23,7,11,19,3,15,10,22,14,16,12],[7,15,23,19,11,3,22,10,14,12],[23,7,11,15,3,19,10,22],[11,23,15,19,7,3,10,22,16,14,12],[15,23,19,7,11,3,10,22,14,16,12],[23,3,15,11,7,19,10,22,14,16,12],[11,19,15,23,3,7,10,22,14,16,12],[23,11,19,3,15,7,22,14,10,12],[11,15,3,7,23,19,10,22,14,16,12],[3,15,11,19,7,23,10,22,14,16,12],[11,15,7,3,23,19,10,22,20,18],[19,15,7,3,11,23,10,22,14,16,12],[23,7,3,11,19,15,22,10,14,12],[11,19,23,15,7,3,22,10,14,12],[7,19,15,23,11,3,22,14,10,12],[11,7,15,3,23,19,10,22,14,12],[19,11,15,7,3,23,22,14,10,16,12],[11,3,19,7,23,15,10,22,14,16,12],[19,15,7,3,23,11,12,22,14,10],[3,19,23,7,15,11,22,14,10,12],[3,19,23,15,11,7,22,14,10,12],[23,19,15,11,7,3,10,22,14,16,12],[3,11,7,19,23,15,22,10,16,14,12],[11,15,19,3,7,23,22,14,10,16,12],[3,19,7,15,11,23,22,14,10,16,12],[15,3,23,19,7,11,22,14,10,16,12],[19,3,23,7,15,11,10,22,14,12],[3,19,23,7,11,15,22,14,10,12],[7,15,23,3,19,11,10,22,14,12],[7,11,19,3,23,15,10,22,14,12],[11,3,15,7,23,19,22,10,20,18],[11,15,23,19,7,3,10,22,18],[7,23,3,19,11,15,10,22,16,14,12],[7,11,15,19,3,23,10,22,20,18],[15,3,23,19,7,11,10,22,20,18],[3,23,15,7,11,19,10,22,20,18],[19,7,15,23,11,3,10,22,14,12],[15,3,7,11,19,23,22,10,16,14,12],[15,3,11,23,19,7,22,14,10,16,12],[19,23,15,7,3,11,22,14,10,12],[23,3,19,11,7,15,22,14,10,16,12],[23,11,15,19,7,3,12,22,14,10],[3,19,15,23,7,11,22,10,20,18],[11,23,15,3,7,19,10,22,14,16,12],[11,19,15,23,7,3,10,22,14,12],[19,3,15,23,7,11,10,22],[7,23,3,19,15,11,22,10,14,16,12],[11,19,7,23,15,3,22,10,18],[11,23,7,15,3,19,22,14,10,16,12],[23,3,11,7,19,15,22,14,10,16,12],[15,19,7,11,3,23,10,22,20,18],[7,23,3,11,19,15,22,14,10,16,12],[11,23,15,19,3,7,22,10,14,16,12],[23,11,15,19,3,7,22,10,14,16,12],[3,15,7,19,23,11,22,10,18],[3,15,7,19,23,11,22,10],[19,23,15,3,11,7,10,22,14,12],[7,23,3,19,11,15,10,22,16,14,12],[7,3,23,15,11,19,22,10,14,12],[7,11,23,3,19,15,22,14,10,12],[19,23,7,15,3,11,22,14,10,12],[23,3,15,11,7,19,22,10,14,12],[7,11,3,19,15,23,22,10,20,18],[19,11,7,15,3,23,10,22,14,16,12],[19,15,7,11,3,23,22,10,14,12],[23,3,15,11,19,7,10,22,14,16,12],[11,3,15,23,7,19,10,22,18],[3,23,7,19,15,11,10,22,16,14,12],[23,11,15,7,19,3,22,14,10,16,12],[19,7,3,11,23,15,10,22,18],[15,11,3,23,19,7,10,22,16,14,12],[23,3,11,19,7,15,10,22,18],[15,19,23,3,7,11,10,22],[23,19,11,7,3,15,10,22,16,14,12],[15,11,7,3,19,23,22,14,10,16,12],[23,11,3,15,19,7,10,22,16,14,12],[15,19,23,11,7,3,10,22,16,14,12],[23,3,11,7,19,15,10,22,16,14,12],[23,7,19,15,3,11,10,22,14,16,12],[15,19,7,11,23,3,22,10,20,18],[23,7,3,19,15,11,22,10,14,12],[15,11,7,3,19,23,10,22,14,16,12],[11,15,7,19,3,23,10,22],[23,19,11,7,3,15,10,22,18],[7,11,23,3,19,15,22,10,16,14,12],[19,15,7,11,3,23,22,14,10,12],[19,11,7,3,15,23,10,22,18],[7,19,23,15,3,11,10,22,16,14,12],[19,15,11,23,7,3,22,14,10,12],[15,7,11,3,19,23,22,10,16,14,12],[7,23,3,19,15,11,22,10,20,18],[19,11,7,23,3,15,10,22,16,14,12],[23,19,11,7,15,3,10,22,14,12],[7,11,19,15,3,23,22,10,18],[19,15,7,11,23,3,22,14,10,12],[7,15,11,3,23,19,22,14,10,16,12],[15,19,23,7,11,3,22,14,10,16,12],[7,19,23,3,15,11,22,12,14,10],[3,7,19,15,23,11,10,22,14,16,12],[3,23,15,11,7,19,10,22,14,12],[3,7,11,19,15,23,22,10,16,14,12],[23,11,15,7,19,3,10,22,20,18],[11,15,3,19,7,23,22,14,10,16,12],[3,15,11,19,23,7,22,10,16,14,12],[11,7,15,23,19,3,22,10,14,16,12],[3,11,7,19,23,15,22,10,20,18],[11,7,15,23,3,19,22,14,10,12],[23,7,3,15,11,19,10,22,14,16,12],[7,11,15,3,23,19,10,22],[3,7,11,23,15,19,10,22],[11,19,23,15,3,7,10,22,14,12],[7,3,23,11,19,15,10,22,18],[19,23,3,15,11,7,10,22,14,12],[7,3,23,19,15,11,10,22,16,14,12],[3,19,15,7,11,23,10,22],[3,11,15,23,19,7,10,22,14,12],[7,23,19,11,3,15,22,10,14,12],[15,19,3,23,11,7,22,14,10,12],[23,3,7,15,11,19,10,22,14,16,12],[19,23,11,7,3,15,10,22,14,16,12],[23,7,15,19,11,3,10,22,14,12],[15,7,19,11,3,23,22,14,10,12],[11,19,23,15,7,3,22,14,10,12],[23,7,15,3,19,11,10,22,16,14,12],[15,11,7,23,3,19,10,22,18],[19,7,23,11,15,3,22,10,14,12],[15,23,7,11,3,19,10,24,22,12],[15,3,7,11,19,23,10,22,14,16,12],[11,23,19,15,7,3,22,14,10,12],[23,15,7,19,11,3,10,24,22,12],[7,19,23,3,11,15,22,10,14,12],[23,7,15,11,3,19,10,22,14,12],[19,3,23,7,15,11,22,14,10,12],[23,7,3,11,19,15,22,14,10,12],[23,19,3,15,11,7,10,22,14,16,12],[19,11,7,23,15,3,10,22,16,14,12],[7,19,11,15,23,3,10,22],[3,11,19,7,23,15,10,22,14,16,12],[3,19,23,7,15,11,22,14,10,12],[7,23,15,11,19,3,22,10,18],[3,23,15,11,19,7,22,10,16,14,12],[7,15,11,23,19,3,22,14,10,12],[19,23,3,11,7,15,22,14,10,12],[7,19,3,23,15,11,22,14,10,12],[23,3,7,15,19,11,22,10,20,18],[19,7,15,23,11,3,10,22,14,16,12],[3,15,7,11,19,23,10,22,14,16,12],[11,15,7,23,19,3,10,22,16,14,12],[23,3,19,15,7,11,10,22,14,12],[19,23,15,11,7,3,22,14,10,16,12],[3,23,15,19,7,11,10,22,14,16,12],[7,3,15,23,11,19,22,10,14,12],[11,15,19,3,7,23,22,10,14,12],[15,23,19,11,3,7,10,22,14,12],[11,7,3,15,23,19,22,10],[7,19,11,23,3,15,10,22,16,14,12],[15,19,7,23,3,11,22,10,18],[7,19,11,23,15,3,22,10],[7,15,11,3,19,23,12,22,14,10],[15,23,11,7,19,3,22,10,14,16,12],[23,7,19,3,11,15,10,22,20,18],[23,3,11,15,7,19,22,10,14,12],[3,19,15,7,23,11,10,22],[15,23,11,3,19,7,22,14,10,12],[7,19,11,15,23,3,10,22,14,12],[7,11,15,19,3,23,22,14,10,12],[7,11,3,19,23,15,10,22,18],[19,11,23,3,7,15,22,10,16,14,12],[23,11,19,15,7,3,22,14,10,12],[19,15,11,7,3,23,10,22,16,14,12],[7,23,19,3,15,11,22,10,14,12],[3,7,23,15,19,11,10,22,18],[3,11,7,15,23,19,10,22,14,12],[23,19,11,3,15,7,22,14,10,12],[19,7,15,3,23,11,10,22,16,14,12],[3,19,7,11,23,15,10,22,18],[11,23,7,19,15,3,10,22,16,14,12],[11,7,23,19,3,15,10,22,14,12],[11,3,7,15,19,23,22,14,10,12],[11,23,15,19,7,3,10,22,16,14,12],[7,23,15,3,19,11,10,22,14,16,12],[3,15,23,11,7,19,22,14,10,16,12],[19,3,7,11,23,15,10,22,16,14,12],[15,7,11,23,3,19,22,10,14,16,12],[19,11,23,3,7,15,22,10],[11,23,15,3,7,19,10,22,14,12],[19,15,3,11,7,23,22,10,16,14,12],[23,19,3,15,7,11,22,14,10,12],[15,7,3,19,23,11,22,14,10,12],[23,19,7,15,3,11,10,22,14,16,12],[15,7,23,11,19,3,10,22,16,14,12],[19,23,15,3,7,11,10,22,16,14,12],[11,7,15,19,3,23,22,10,18],[7,3,19,15,11,23,10,22,18],[23,19,11,7,3,15,22,10,14,12],[19,23,11,15,7,3,10,22,14,12],[3,7,19,11,23,15,10,22,14,16,12],[3,15,23,19,7,11,22,14,10,16,12],[19,15,23,11,7,3,22,10,16,14,12],[11,3,7,15,19,23,10,22,14,16,12],[23,15,19,3,7,11,22,10,14,12],[7,11,15,23,3,19,10,22,18],[11,7,23,3,19,15,10,22,14,16,12],[3,15,19,7,11,23,22,14,10,16,12],[3,19,15,7,23,11,10,22,16,14,12],[19,7,3,23,11,15,10,22,14,16,12],[7,15,19,23,11,3,22,10,14,16,12],[15,23,19,3,11,7,10,22,20,18],[11,19,23,3,15,7,10,22,14,12],[23,3,7,19,15,11,10,22,18],[19,7,23,11,15,3,22,10,14,16,12],[15,19,7,11,23,3,22,14,10,12],[15,23,19,11,7,3,10,22,14,12],[15,3,23,7,11,19,22,10,18],[23,15,19,11,7,3,22,14,10,16,12],[15,11,3,23,7,19,10,22,18],[11,3,7,19,23,15,22,14,10,16,12],[23,11,7,3,19,15,22,14,10,12],[19,7,23,11,15,3,10,22,16,14,12],[23,19,15,7,11,3,10,22,14,12],[19,23,11,15,3,7,22,14,10,16,12],[15,23,11,19,3,7,22,14,10,12],[3,11,7,15,23,19,22,14,10,12],[3,15,7,19,23,11,22,14,10,16,12],[19,3,15,11,7,23,10,22,14,16,12],[3,7,23,11,15,19,22,14,10,12],[19,7,11,3,15,23,22,14,10,16,12],[23,11,7,19,15,3,10,22,18],[15,19,11,23,3,7,10,24,22,12],[23,3,19,7,11,15,22,14,10,16,12],[7,23,19,3,11,15,22,10,18],[3,7,23,19,15,11,10,22,16,14,12],[23,7,19,15,3,11,22,14,10,12],[3,19,15,7,23,11,10,22,18],[15,7,11,23,3,19,22,10,14,12],[15,11,19,3,23,7,10,22],[11,19,7,3,23,15,22,14,10,12],[15,11,7,23,19,3,22,14,10,16,12],[7,19,15,11,23,3,10,22,18],[11,3,23,15,19,7,22,14,10,16,12],[3,23,7,15,11,19,10,22,14,12],[15,7,23,19,11,3,10,22,16,14,12],[15,7,23,11,3,19,22,10,14,16,12],[7,19,15,23,11,3,22,10,14,16,12],[19,11,15,23,3,7,10,22,14,16,12],[7,11,15,23,3,19,22,10,14,16,12],[19,3,7,15,11,23,22,14,10,12],[23,3,7,19,15,11,10,22],[23,7,3,11,19,15,10,22,16,14,12],[11,23,15,3,19,7,22,10,16,14,12],[15,23,3,7,11,19,22,14,10,12],[3,23,7,15,19,11,10,22],[7,19,11,3,15,23,22,10,14,16,12],[23,11,19,3,7,15,22,14,10,12],[11,15,3,19,23,7,10,22,14,12],[19,23,3,7,11,15,22,14,10,16,12],[3,7,11,19,15,23,10,22,14,12],[19,15,3,7,23,11,22,14,10,12],[7,23,15,11,19,3,22,14,10,12],[11,19,23,3,15,7,22,12,14,10],[3,19,15,11,23,7,22,14,10,16,12],[15,23,19,7,3,11,10,22,14,12],[7,3,19,23,15,11,22,14,10,12],[15,19,7,11,3,23,10,22,17,14,12],[15,7,19,3,23,11,10,22,14,12],[3,15,7,19,11,23,22,14,10,12],[19,11,3,23,15,7,10,22,14,12],[11,3,23,19,7,15,22,14,10,16,12],[23,19,15,7,11,3,22,10,18],[7,19,23,3,15,11,22,14,10,12],[23,7,15,3,19,11,22,10,14,16,12],[3,7,19,15,23,11,22,10,14,12],[19,15,23,11,3,7,22,14,10,16,12],[23,15,19,11,3,7,22,14,10,16,12],[19,7,3,15,23,11,22,10],[23,3,11,19,7,15,10,22,20,18],[15,3,11,23,7,19,10,22,14,12],[3,15,19,7,11,23,22,14,10,12],[15,19,23,7,11,3,22,10,14,16,12],[23,3,15,19,7,11,10,22,14,12],[11,15,3,19,23,7,10,22,16,14,12],[3,19,23,11,15,7,10,22,20,18],[15,19,7,23,3,11,22,14,10,16,12],[11,15,19,7,3,23,22,14,10,12],[19,15,23,11,7,3,10,22,18],[11,15,3,7,23,19,22,10,14,16,12],[23,11,19,15,7,3,10,22,18],[15,23,3,19,7,11,22,10,18],[11,3,19,23,15,7,22,10,14,16,12],[7,3,11,19,15,23,10,22,16,14,12],[19,7,15,11,23,3,10,24,22,12],[3,23,19,15,11,7,10,22,14,16,12],[19,23,3,11,7,15,22,10,14,12],[11,15,23,7,3,19,22,14,10,16,12],[19,7,11,3,23,15,10,22,16,14,12],[3,11,19,15,7,23,10,22],[23,3,19,7,11,15,10,22,14,12],[23,15,7,19,3,11,22,10,14,16,12],[19,11,7,15,3,23,10,22,16,14,12],[19,23,3,15,7,11,22,10,14,12],[23,11,3,7,15,19,22,10,16,14,12],[3,23,19,7,15,11,10,22,20,18],[15,11,19,3,23,7,22,14,10,12],[11,3,19,7,15,23,22,10,14,12],[7,19,15,23,11,3,22,10,14,12],[19,3,15,11,7,23,10,22],[11,23,15,3,19,7,10,22,16,14,12],[23,3,19,11,7,15,22,10,18],[19,11,7,23,3,15,10,22,14,12],[23,15,7,19,3,11,22,10,14,16,12],[19,23,3,15,11,7,22,10,16,14,12],[3,11,7,15,19,23,22,14,10,16,12],[23,19,15,7,11,3,10,22,14,16,12],[19,23,11,3,15,7,22,14,10,12],[7,3,11,23,19,15,10,22,14,16,12],[11,7,3,19,23,15,22,14,10,12],[23,11,15,19,7,3,22,14,10,12],[7,11,23,15,19,3,10,22,16,14,12],[19,15,23,7,3,11,22,14,10,16,12],[15,7,3,19,23,11,10,22,14,16,12],[3,15,7,19,11,23,22,14,10,16,12],[7,19,23,15,11,3,22,14,10,16,12],[11,15,23,19,3,7,22,10,14,16,12],[15,7,19,11,23,3,10,22,14,12],[15,19,23,11,7,3,10,22,14,16,12],[19,23,3,7,15,11,22,10,14,16,12],[23,7,11,15,19,3,22,10],[7,19,11,23,3,15,10,22,18],[23,7,15,19,11,3,22,10],[15,3,19,7,23,11,22,10,14,12],[7,11,15,23,3,19,22,10,17,14,16,12],[7,23,3,19,11,15,22,14,10,12],[3,11,19,15,23,7,22,10,18],[7,19,3,15,23,11,22,14,10,16,12],[7,3,19,23,11,15,22,14,10,16,12],[11,15,23,3,19,7,10,22],[11,15,3,19,23,7,22,10,16,14,12],[3,7,11,19,23,15,22,14,10,16,12],[19,15,23,7,3,11,10,22,16,14,12],[23,7,3,11,19,15,22,14,10,12],[3,15,7,11,19,23,22,14,10,12],[11,19,7,15,23,3,10,22],[23,3,15,7,11,19,22,10,20,18],[3,11,15,23,19,7,22,14,10,12],[15,23,3,11,19,7,22,10,16,14,12],[23,11,19,15,7,3,10,22,14,12],[11,7,15,23,3,19,10,22,16,14,12],[15,7,19,23,3,11,10,22,17,16,14,12],[15,19,11,7,23,3,10,22,20,18],[23,15,7,3,19,11,22,10],[11,19,23,3,15,7,10,22],[23,11,15,19,7,3,22,10,16,14,12],[3,11,23,15,19,7,10,22,18],[11,15,19,23,3,7,22,10,14,16,12],[11,19,3,23,15,7,10,22,14,16,12],[23,3,19,11,15,7,10,22,18],[3,11,15,7,23,19,10,22,16,14,12],[19,15,23,11,3,7,10,22,14,12],[7,3,19,15,11,23,22,10,20,18],[11,19,23,3,15,7,10,22,14,16,12],[7,19,23,3,15,11,22,10,14,12],[3,11,23,7,19,15,10,22,18],[3,23,7,19,15,11,22,14,10,16,12],[7,19,15,23,11,3,10,22],[7,11,15,23,3,19,22,10,14,12],[15,11,3,23,7,19,22,10,16,14,12],[15,3,19,7,11,23,22,14,10,16,12],[15,7,23,11,3,19,22,10,14,12],[11,23,7,3,19,15,10,22,16,14,12],[15,11,19,7,23,3,10,22,20,18],[11,23,3,15,19,7,22,10,14,12],[7,23,11,15,19,3,10,22,18],[7,3,23,15,19,11,10,22,18],[3,15,19,11,7,23,22,14,10,12],[19,3,7,11,23,15,10,22,13],[15,23,11,7,3,19,22,14,10,12],[23,11,7,3,19,15,10,22,14,16,12],[11,23,15,7,19,3,10,22,18],[3,19,7,15,11,23,22,14,10,16,12],[23,11,7,3,15,19,10,22,14,16,12],[11,3,23,19,7,15,22,10,14,12],[15,19,23,11,3,7,22,14,10,16,12],[11,3,15,23,19,7,10,22,20,18],[7,23,19,15,11,3,10,22,16,14,12],[15,11,3,23,19,7,10,22,14,16,12],[7,11,19,3,15,23,24],[3,11,15,7,23,19,10,22,18],[23,11,3,19,7,15,22,14,10,16,12],[3,23,15,7,19,11,22,10,16,14,12],[3,11,7,19,15,23,22,14,10,12],[19,3,15,7,11,23,22,10,16,14,12],[3,11,7,15,23,19,22,14,10,16,12],[7,23,15,11,3,19,10,22,14,16,12],[23,11,3,7,15,19,10,22],[19,11,7,3,15,23,10,22,20,18],[19,15,11,7,23,3,22,10,14,16,12],[15,7,19,23,3,11,10,22,14,12],[19,11,7,23,3,15,10,22,16,14,12],[7,15,11,19,3,23,22,14,10,16,12],[15,19,7,3,23,11,22,10,14,16,12],[11,23,7,15,3,19,10,22,18],[7,15,11,23,3,19,10,22,18],[11,7,23,15,3,19,10,22,14,12],[11,3,7,19,15,23,22,10,16,14,12],[11,7,3,19,23,15,12,22,14,10],[11,3,19,23,7,15,22,14,10,16,12],[15,19,3,11,23,7,10,22,14,12],[11,19,3,15,23,7,22,10,14,16,12],[23,19,3,7,11,15,10,22,14,12],[23,3,11,7,15,19,22,10,16,14,12],[11,19,15,23,3,7,10,24,22,12],[11,19,7,23,3,15,22,10,14,16,12],[19,11,7,23,15,3,10,22,18],[3,15,7,19,23,11,10,22,14,16,12],[11,23,19,15,7,3,10,22,16,14,12],[15,7,3,19,11,23,22,14,10,12],[23,15,11,3,7,19,10,22,16,14,12],[11,19,7,3,23,15,22,10,14,12],[23,7,3,11,15,19,10,22,14,12],[23,19,15,7,3,11,10,22,14,16,12],[19,11,15,7,23,3,22,14,10,16,12],[15,7,3,19,23,11,22,14,10,12],[15,23,7,3,19,11,10,22,14,12],[3,15,23,11,19,7,10,22,16,14,12],[19,11,15,23,3,7,10,22,16,14,12],[7,15,23,11,3,19,22,14,10,16,12],[15,11,7,3,23,19,10,22,18],[11,23,3,15,19,7,22,10,14,12],[3,15,23,7,11,19,10,22,14,16,12],[3,7,15,19,23,11,10,22,14,16,12],[23,11,19,3,15,7,22,14,10,12],[19,15,23,7,3,11,10,22,14,12],[15,19,7,3,11,23,22,14,10,16,12],[19,23,3,15,7,11,10,22,14,12],[3,19,11,15,7,23,22,10,14,16,12],[3,19,23,15,11,7,22,14,10,16,12],[3,15,7,19,23,11,10,22,20,18],[7,3,19,11,23,15,22,14,10,12],[23,19,7,15,3,11,22,14,10,16,12],[15,11,3,7,19,23,22,10,14,12],[3,19,11,7,15,23,10,22,18],[19,23,3,7,15,11,22,10,16,14,12],[11,3,19,7,23,15,10,22,14,12],[15,3,11,23,19,7,10,22,18],[11,7,15,3,23,19,10,22,14,12],[15,11,19,7,3,23,10,22,14,16,12],[7,3,23,19,11,15,10,22,14,12],[23,7,15,3,19,11,22,14,10,16,12],[23,11,3,19,7,15,10,22,17,18],[11,7,19,15,3,23,10,22,16,14,12],[3,11,23,7,19,15,22,10,16,14,12],[15,19,3,7,11,23,22,10,14,12],[3,19,7,15,23,11,10,22,14,12],[11,19,7,15,3,23,22,10,14,12],[7,11,3,15,23,19,10,22,14,16,12],[23,3,19,7,15,11,10,22,14,12],[11,23,7,15,3,19,10,22,14,12],[3,11,7,15,23,19,22,14,10,16,12],[15,11,3,19,7,23,22,10,14,16,12],[15,19,23,3,7,11,10,22,16,14,12],[15,11,7,3,19,23,22,14,10,16,12],[23,7,15,11,19,3,10,22,16,14,12],[3,19,7,15,23,11,22,10,18],[15,19,11,3,23,7,22,14,10,12],[3,19,15,7,11,23,22,14,10,16,12],[11,19,7,15,3,23,10,22,14,12],[7,15,23,19,11,3,22,10,14,16,12],[7,15,11,3,19,23,22,10,18],[7,23,11,3,19,15,10,22,20,18],[7,15,23,19,3,11,22,14,10,12],[19,15,7,23,3,11,10,22,16,14,12],[7,19,11,15,23,3,22,10,14,12],[3,11,23,15,7,19,22,14,10,12],[23,7,3,19,11,15,10,22,14,12],[11,3,19,7,23,15,10,22,14,12],[15,19,7,11,3,23,22,14,10,16,12],[11,19,23,7,15,3,22,10,14,16,12],[23,15,3,11,19,7,22,10,14,16,12],[11,7,15,23,19,3,10,22],[19,7,3,11,15,23,22,14,10,16,12],[19,7,15,23,11,3,10,22,14,12],[19,3,15,23,11,7,10,22,16,14,12],[3,15,23,7,19,11,22,14,10,12],[19,23,11,3,7,15,10,22,16,14,12],[11,23,19,15,7,3,10,22,16,14,12],[23,3,19,15,7,11,10,22,14,16,12],[23,11,19,3,15,7,10,22,16,14,12],[23,11,7,15,19,3,22,10,14,12],[15,23,19,11,3,7,22,14,10,16,12],[19,11,15,7,23,3,10,22,14,16,12],[11,19,15,7,23,3,22,10,14,16,12],[19,15,23,3,7,11,22,10],[23,19,3,11,7,15,10,22,20,18],[3,23,7,15,19,11,22,10,14,12],[3,11,15,23,19,7,22,10,16,14,12],[7,3,19,23,11,15,10,22,14,16,12],[7,23,15,11,3,19,22,10,16,14,12],[7,15,19,3,23,11,10,22,16,14,12],[15,11,3,7,23,19,22,10,16,14,12],[23,3,15,11,19,7,22,14,10,12],[11,7,23,3,19,15,22,10,14,12],[7,19,3,15,11,23,10,22,20,18],[3,11,15,23,19,7,22,10,16,14,12],[11,7,15,19,23,3,22,14,10,16,12],[11,7,15,19,23,3,10,22,13],[19,15,3,11,23,7,10,22,18],[3,7,15,19,23,11,22,10,18],[15,19,3,11,7,23,10,22,16,14,12],[15,11,7,23,19,3,22,10],[3,11,23,15,7,19,22,10,14,12],[15,7,19,11,23,3,22,14,10,16,12],[19,7,3,23,11,15,10,22,14,12],[15,7,11,23,19,3,22,10,14,12],[23,11,3,19,15,7,10,22,14,16,12],[15,7,19,23,3,11,10,22,14,16,12],[23,15,7,19,11,3,22,10,16,14,12],[11,15,23,19,3,7,22,14,10,12],[23,7,19,15,11,3,10,22,14,12],[19,3,7,15,11,23,22,14,10,12],[19,23,3,7,15,11,10,22,16,14,12],[11,15,3,19,7,23,22,14,10,12],[23,19,11,3,7,15,22,14,10,12],[11,15,23,19,7,3,10,22,14,16,12],[7,11,3,15,23,19,22,14,10,16,12],[11,19,7,3,15,23,22,14,10,12],[11,23,3,7,19,15,22,10,14,12],[19,3,15,23,11,7,22,10,16,14,12],[7,19,3,11,23,15,22,14,10,12],[3,15,19,11,23,7,22,10,14,12],[23,7,15,19,3,11,10,22,14,12],[7,11,3,19,15,23,22,10,14,16,12],[23,7,19,11,15,3,10,22,18],[15,3,19,11,23,7,22,14,10,12],[23,3,7,15,19,11,22,14,10,16,12],[3,11,19,7,23,15,10,22,17,14,16,12],[11,19,7,23,3,15,22,10,14,16,12],[3,11,23,7,15,19,22,10,18],[3,15,19,11,7,23,22,14,10,16,12],[15,19,23,11,7,3,22,14,10,16,12],[23,11,7,3,15,19,10,22,20,18],[3,7,23,11,19,15,10,22,20,18],[11,7,15,19,3,23,10,22,14,12],[11,19,7,3,15,23,10,22,16,14,12],[3,15,23,11,7,19,10,22,14,16,12],[23,11,7,19,15,3,22,14,10,16,12],[11,3,23,15,19,7,22,10,14,16,12],[7,11,3,19,15,23,10,22],[11,15,3,23,19,7,22,10,14,16,12],[3,23,19,7,11,15,22,14,10,16,12],[23,11,3,15,7,19,22,10],[19,23,7,15,3,11,22,10,14,16,12],[23,11,19,3,7,15,22,14,10,12],[15,23,7,11,3,19,22,14,10,16,12],[19,3,15,23,7,11,10,22,14,16,12],[7,11,19,3,23,15,10,22,14,12],[19,15,23,11,7,3,10,22,14,12],[11,3,23,19,7,15,22,10,14,16,12],[11,19,23,7,3,15,10,22,14,16,12],[23,19,11,3,7,15,22,14,10,16,12],[11,7,15,23,19,3,22,10,16,14,12],[11,7,15,19,23,3,22,14,10,12],[15,23,3,11,19,7,10,22,16,14,12],[15,3,7,23,19,11,10,22,16,14,12],[3,7,15,11,23,19,10,22,14,16,12],[23,7,11,19,3,15,22,14,10,12],[15,7,19,3,11,23,22,14,10,16,12],[19,7,23,11,3,15,10,22,14,12],[23,11,7,3,15,19,22,14,10,16,12],[23,19,7,15,11,3,22,14,10,12],[11,7,23,15,3,19,10,22,14,12],[19,23,11,3,7,15,10,22,14,16,12],[3,23,19,7,15,11,10,22,18],[19,15,23,3,11,7,22,10,14,16,12],[3,15,23,19,7,11,10,22,20,18],[7,23,11,3,19,15,22,10,14,12],[3,19,7,11,23,15,10,22],[23,15,11,3,7,19,22,14,10,16,12],[15,7,19,11,3,23,22,10,20,18],[11,15,3,19,7,23,22,10,14,12],[23,19,3,11,15,7,24],[19,15,11,7,23,3,22,14,10,12],[15,7,23,3,19,11,22,10,16,14,12],[19,15,7,11,3,23,22,10,14,16,12],[3,19,15,23,7,11,10,22,14,16,12],[7,3,19,15,23,11,10,22,14,12],[3,23,7,11,19,15,22,10,14,12],[23,7,11,19,15,3,22,14,10,16,12],[15,19,3,11,23,7,22,14,10,12],[19,15,3,7,11,23,10,22],[15,7,3,23,19,11,10,22,16,14,12],[23,15,19,3,7,11,10,22,18],[15,19,7,11,3,23,10,22,14,12],[11,19,23,7,15,3,22,10,17,18],[15,23,11,7,19,3,22,14,10,16,12],[23,7,19,3,15,11,22,14,10,12],[11,3,23,15,19,7,22,10,14,16,12],[3,23,7,19,11,15,10,22,20,18],[19,7,3,11,23,15,10,22,14,16,12],[15,23,3,11,19,7,10,22,16,14,12],[11,19,3,23,15,7,22,14,10,12],[23,19,7,11,3,15,22,10,14,12],[7,11,3,15,23,19,22,10,14,12],[11,3,15,19,23,7,22,14,12,10],[3,19,15,11,7,23,22,14,12,10],[15,23,3,11,19,7,22,10,16,14,12],[19,23,15,11,7,3,10,22,14,12],[7,19,11,23,3,15,22,14,10,16,12],[3,23,19,15,11,7,10,22,16,14,12],[7,19,3,11,23,15,10,22,18],[15,7,3,23,19,11,22,10,14,12],[3,23,7,15,19,11,22,14,10,12],[11,23,15,19,7,3,24],[19,23,3,7,11,15,10,22,14,12],[7,19,23,15,3,11,10,22,14,16,12],[11,3,19,15,7,23,10,22,18],[7,19,23,3,15,11,10,22,20,18],[11,7,19,3,23,15,22,14,10,16,12],[3,7,19,15,23,11,10,22,18],[19,3,15,7,23,11,22,14,10,12],[7,23,11,15,19,3,10,22,14,12],[3,23,19,7,11,15,22,10,18],[15,3,11,19,23,7,22,14,10,12],[11,19,15,7,3,23,22,14,10,16,12],[15,3,19,11,23,7,10,22,16,14,12],[15,7,23,3,11,19,22,10,18],[23,19,3,15,7,11,22,14,10,12],[7,15,23,19,11,3,10,24,22,12],[3,23,15,11,19,7,10,22,14,12],[7,23,11,19,15,3,22,14,10,16,12],[23,7,3,11,15,19,22,10,14,16,12],[19,15,3,23,7,11,10,22,14,12],[19,15,3,11,7,23,22,10,14,16,12],[7,15,11,19,23,3,10,22,14,16,12],[7,3,15,19,23,11,22,10],[23,19,11,7,3,15,10,22,16,14,12],[23,3,15,7,11,19,22,10,20,18],[11,15,19,3,7,23,10,22],[11,19,7,15,3,23,10,24,22,12],[7,15,19,3,11,23,22,10,14,16,12],[3,19,23,7,15,11,10,24,22,12],[3,15,7,19,23,11,22,10,20,18],[15,3,7,11,23,19,10,22,18],[15,11,23,19,3,7,10,22,16,14,12],[7,15,3,11,19,23,10,22,20,18],[15,23,11,3,19,7,22,14,10,16,12],[3,23,15,11,19,7,22,10],[11,15,19,23,3,7,22,14,10,12],[3,15,7,19,23,11,22,10,16,14,12],[3,7,15,11,19,23,22,10,14,12],[11,15,3,23,19,7,22,10,16,14,12],[19,7,11,23,3,15,22,14,10,12],[7,3,23,19,11,15,22,10,18],[7,11,15,3,23,19,10,22,14,16,12],[19,3,23,15,11,7,10,22,14,12],[23,7,11,15,3,19,10,22,16,14,12],[23,3,11,15,7,19,10,22,14,16,12],[3,19,23,11,7,15,22,10,14,12],[3,23,7,15,19,11,10,22,14,16,12],[23,19,11,7,3,15,22,10,18],[23,19,3,11,15,7,22,10,20,18],[15,7,23,3,19,11,22,14,10,16,12],[3,23,11,19,7,15,10,22,16,14,12],[7,3,15,11,19,23,10,22,16,14,12],[7,23,11,15,3,19,22,14,10,16,12],[3,7,11,15,23,19,22,14,10,16,12],[7,19,15,11,3,23,10,22,16,14,12],[7,3,11,19,15,23,10,22,14,12],[7,11,19,15,3,23,10,22,16,14,12],[19,7,11,23,15,3,22,14,10,12],[3,11,7,15,19,23,22,10,14,12],[15,11,7,3,23,19,10,22,14,16,12],[19,15,7,23,11,3,22,14,10,16,12],[7,19,11,3,15,23,22,10,14,12],[23,15,19,7,3,11,10,22,14,16,12],[23,19,11,7,15,3,22,10,14,12],[15,19,7,11,3,23,10,22,14,16,12],[19,3,11,15,23,7,22,10,18],[7,19,3,23,11,15,10,22,14,16,12],[19,11,23,7,3,15,22,14,10,16,12],[3,19,15,7,23,11,22,14,10,16,12],[15,23,3,7,11,19,22,14,10,12],[15,23,7,19,3,11,22,14,10,16,12],[3,19,7,11,15,23,10,22,14,12],[15,11,3,23,19,7,22,10,14,12],[23,19,7,11,3,15,10,22,14,12],[7,3,23,19,15,11,22,14,10,16,12],[19,15,3,11,7,23,10,22,18],[19,7,23,15,11,3,22,14,10,16,12],[23,11,19,15,3,7,22,14,10,16,12],[19,7,23,11,15,3,12,22,14,10],[19,15,7,3,23,11,10,22,14,12],[15,23,11,7,3,19,22,10,14,16,12],[7,19,11,15,23,3,10,22,14,16,12],[19,15,11,7,23,3,22,14,10,16,12],[23,7,15,11,3,19,10,22],[7,15,11,3,23,19,10,22,14,12],[7,19,15,3,11,23,22,14,10,12],[23,7,11,3,19,15,10,22,14,16,12],[3,19,15,23,7,11,22,14,10,12],[15,7,23,19,11,3,10,22,18],[11,19,3,7,15,23,10,22,16,14,12],[11,3,19,15,23,7,10,22,14,16,12],[15,3,23,7,11,19,10,22,16,14,12],[19,15,7,23,11,3,10,22,14,16,12],[3,15,23,19,7,11,10,22,20,18],[23,11,3,15,7,19,22,14,10,16,12],[19,7,3,23,15,11,22,10,14,12],[15,23,7,3,19,11,22,14,10,16,12],[3,15,11,7,23,19,10,22],[11,19,15,3,7,23,10,22,18],[11,7,15,23,3,19,22,10],[15,3,23,19,7,11,22,14,10,16,12],[15,11,19,7,3,23,10,22,14,12],[15,19,3,11,7,23,22,14,10,16,12],[3,11,7,15,19,23,10,22,14,16,12],[11,3,7,19,15,23,22,10,14,16,12],[15,3,7,11,19,23,22,14,10,16,12],[19,3,23,11,7,15,10,22],[19,23,11,3,7,15,10,22,14,16,12],[15,7,3,19,11,23,10,22,18],[19,3,23,11,7,15,22,14,10,16,12],[11,3,19,23,15,7,10,22,14,16,12],[7,3,11,15,23,19,10,22,20,18],[7,19,3,15,11,23,22,10,14,16,12],[11,7,23,19,3,15,10,22,16,14,12],[15,3,7,19,23,11,10,22,14,16,12],[23,15,3,11,7,19,10,22,16,14,12],[19,11,3,15,7,23,22,10,16,14,12],[11,23,15,19,7,3,22,14,10,16,12],[7,15,3,19,23,11,10,22,14,16,12],[23,19,11,3,7,15,10,22],[7,23,15,11,3,19,10,22,18],[3,23,19,11,15,7,10,22],[19,23,7,15,3,11,10,22,16,14,12],[15,7,3,23,11,19,10,22,14,12],[3,11,7,23,19,15,22,14,10,16,12],[23,15,3,19,7,11,22,14,10,12],[7,3,15,11,19,23,10,22,14,12],[11,19,23,3,7,15,22,10],[7,23,3,19,15,11,10,22],[19,7,11,15,3,23,22,14,10,16,12],[23,19,15,7,11,3,22,10,14,16,12],[19,15,23,7,3,11,10,22,18],[11,7,15,23,19,3,22,10,16,14,12],[3,19,7,23,15,11,10,22,16,14,12],[11,15,23,19,7,3,10,22,14,16,12],[23,19,3,7,15,11,22,14,10,16,12],[3,7,23,19,15,11,10,22,14,16,12],[23,7,11,15,19,3,10,22,14,16,12],[11,15,23,3,7,19,22,14,10,12],[7,15,3,23,11,19,10,22,14,16,12],[3,11,19,23,15,7,10,22,14,16,12],[11,7,23,3,19,15,10,22,14,16,12],[23,19,15,3,11,7,10,22,14,16,12],[3,15,23,19,11,7,22,14,10,16,12],[7,23,11,15,3,19,10,22,16,14,12],[19,23,7,15,11,3,10,22,14,12],[19,7,11,3,23,15,22,10,18],[3,19,23,11,7,15,10,22,18],[19,7,15,23,3,11,22,14,10,16,12],[3,7,23,15,11,19,10,24,22,12],[7,3,19,23,11,15,22,14,10,12],[19,3,23,7,11,15,22,14,10,16,12],[23,7,19,11,3,15,22,10,14,16,12],[19,7,15,23,3,11,22,10,18],[11,19,7,23,15,3,10,22,16,14,12],[3,11,7,15,23,19,22,14,10,16,12],[7,23,15,11,3,19,10,22,18],[11,19,3,23,15,7,10,22,13],[15,3,7,19,11,23,22,14,10,16,12],[3,15,7,23,19,11,10,22,16,14,12],[11,19,15,3,23,7,22,10,14,12],[7,11,23,19,3,15,10,22,16,14,12],[3,7,19,23,15,11,10,22,14,16,12],[7,15,19,23,3,11,22,10,14,12],[15,19,3,23,11,7,10,22,16,14,12],[11,15,3,23,19,7,22,14,10,12],[3,7,19,15,11,23,10,22,20,18],[7,15,3,11,23,19,10,22],[7,15,3,23,19,11,22,10,20,18],[11,7,19,23,15,3,22,14,10,12],[11,3,15,19,7,23,10,22,14,12],[3,23,19,11,15,7,10,22,18],[7,19,23,15,11,3,10,22,14,16,12],[7,15,11,19,23,3,22,10,14,12],[3,23,15,11,19,7,10,22],[3,11,23,15,7,19,10,22,16,14,12],[23,11,15,7,3,19,22,10],[11,7,15,23,3,19,10,22,14,16,12],[3,11,19,23,7,15,22,10,18],[23,15,7,3,11,19,10,22,16,14,12],[19,7,23,15,11,3,22,14,10,12],[7,23,3,15,19,11,22,10,14,16,12],[15,19,3,11,23,7,10,22,18],[19,7,15,11,23,3,10,22,14,16,12],[19,15,3,7,11,23,22,14,10,16,12],[19,15,7,3,11,23,22,10,14,12],[15,19,11,23,7,3,22,10,16,14,12],[15,23,7,19,3,11,10,22,16,14,12],[15,19,23,11,7,3,22,14,10,16,12],[19,11,15,23,7,3,22,14,10,12],[11,7,3,19,23,15,22,14,10,16,12],[11,3,19,23,7,15,22,10,16,14,12],[7,23,19,11,15,3,22,10,18],[15,11,23,3,19,7,10,22,14,12],[7,3,23,11,19,15,10,22,18],[23,11,19,15,7,3,22,14,10,12],[19,3,11,23,15,7,10,22,14,12],[7,19,15,11,3,23,22,10,14,16,12],[15,23,7,11,19,3,10,22],[19,11,23,15,7,3,10,22,20,18],[19,7,3,15,11,23,10,22,14,12],[23,7,15,19,11,3,10,22,16,14,12],[15,7,3,19,23,11,22,10,14,16,12],[15,11,23,3,7,19,10,22,14,12],[15,3,23,11,7,19,22,14,10,16,12],[11,23,15,19,3,7,22,14,10,16,12],[15,23,19,11,3,7,10,22,16,14,12],[7,19,15,11,23,3,22,14,10,16,12],[7,3,23,11,15,19,10,22,14,12],[23,15,3,11,7,19,22,14,10,12],[23,19,3,15,11,7,22,14,10,12],[23,15,11,19,3,7,22,14,10,12],[3,11,15,23,19,7,22,14,10,16,12],[3,7,23,19,15,11,10,22,14,12],[23,15,7,11,19,3,10,22,14,12],[19,15,11,3,7,23,10,22,14,16,12],[15,7,11,3,19,23,22,14,10,12],[7,3,19,11,15,23,22,10,16,14,12],[19,3,7,15,11,23,22,14,10,12],[19,11,15,23,7,3,22,10,20,18],[11,15,7,3,19,23,10,22,18],[19,15,7,11,23,3,10,22,16,14,12],[23,3,19,15,11,7,10,22,18],[15,19,11,3,7,23,22,14,10,12],[11,15,3,7,19,23,22,10,14,12],[7,23,3,19,11,15,22,14,10,16,12],[3,19,7,15,23,11,22,10,14,12],[15,11,23,7,3,19,10,22,14,12],[7,23,11,3,15,19,22,10,18],[11,15,19,7,3,23,22,10,14,12],[19,7,23,11,15,3,22,14,10,16,12],[7,23,11,15,3,19,22,14,10,12],[11,19,23,15,7,3,10,22,14,16,12],[19,7,23,15,3,11,22,14,10,12],[11,15,7,23,3,19,10,22,14,12],[3,7,11,15,19,23,22,10,14,12],[15,11,3,19,7,23,22,14,10,16,12],[23,15,19,7,3,11,22,10,14,16,12],[19,11,7,15,3,23,10,22,16,14,12],[15,23,7,3,19,11,22,14,10,16,12],[7,23,11,19,3,15,22,10,14,12],[15,3,11,23,7,19,10,22,14,12],[15,19,7,23,11,3,22,10,14,16,12],[15,23,3,11,19,7,10,22],[7,11,23,3,19,15,22,14,10,16,12],[15,7,11,19,3,23,10,22,14,16,12],[19,3,15,23,7,11,22,10,16,14,12],[19,7,11,3,15,23,22,14,10,16,12],[3,7,11,19,23,15,10,22,16,14,12],[19,7,15,11,23,3,22,14,10,16,12],[7,23,19,11,3,15,10,22,16,14,12],[7,23,11,15,19,3,10,22,14,12],[7,11,23,3,19,15,22,10,20,18],[11,7,19,15,23,3,22,10,14,16,12],[23,7,11,19,15,3,10,22,14,16,12],[23,11,7,15,3,19,10,22,14,12],[11,15,23,7,3,19,22,14,10,16,12],[23,19,15,3,11,7,10,22,20,18],[19,15,11,3,23,7,22,14,10,12],[7,23,15,19,11,3,10,22,14,12],[19,15,11,3,7,23,10,22,18],[15,19,23,7,3,11,10,22,14,16,12],[19,3,7,11,15,23,22,14,10,16,12],[19,15,3,23,11,7,22,10,14,12],[23,7,15,3,11,19,10,22,18],[7,15,23,3,19,11,22,14,10,16,12],[3,23,19,7,11,15,22,14,10,16,12],[19,7,15,23,3,11,10,22,16,14,12],[19,7,11,15,3,23,10,22,14,16,12],[19,11,3,15,7,23,22,14,10,12],[11,7,15,3,19,23,22,10,16,14,12],[23,11,15,19,7,3,22,14,10,16,12],[15,7,3,11,23,19,10,22,20,18],[15,19,3,11,23,7,10,22,18],[3,7,23,19,15,11,10,22,14,12],[19,11,7,23,15,3,22,14,10,16,12],[15,19,11,3,23,7,22,14,10,16,12],[23,7,11,15,19,3,10,22,14,12],[7,23,3,19,11,15,10,22,18],[23,15,11,7,19,3,22,10,14,16,12],[7,19,15,23,11,3,22,14,10,16,12],[15,7,11,19,23,3,22,14,10,16,12],[19,11,23,15,7,3,10,22,14,16,12],[11,7,23,15,19,3,22,14,10,16,12],[19,15,7,11,23,3,10,22,14,16,12],[3,19,15,23,7,11,10,22,14,12],[19,11,3,15,23,7,22,14,10,12],[11,23,19,3,15,7,22,10,14,16,12],[19,7,23,15,3,11,22,10],[11,23,7,15,3,19,10,22,14,16,12],[23,11,3,19,15,7,10,22,16,14,12],[7,3,23,15,19,11,22,14,10,12],[15,3,7,19,23,11,10,22,18],[19,11,23,3,7,15,22,10,18],[11,3,15,23,7,19,10,22,20,18],[15,11,7,23,3,19,10,22,14,12],[3,7,15,23,11,19,22,10,14,12],[11,19,7,3,23,15,22,10,20,18],[7,15,19,23,11,3,22,14,10,16,12],[3,19,7,23,11,15,22,10],[15,11,19,7,3,23,22,10,16,14,12],[3,23,19,15,7,11,10,22,18],[23,11,15,7,19,3,10,22,18],[11,7,23,15,3,19,10,22,14,16,12],[19,11,15,3,23,7,10,22,18],[11,19,3,15,23,7,10,22,18],[19,11,23,3,15,7,22,14,10,16,12],[19,3,23,15,11,7,10,22,14,12],[3,23,11,15,19,7,10,22],[19,23,11,7,15,3,22,10,14,16,12],[3,19,11,7,23,15,10,22,18],[7,23,11,15,3,19,22,14,10,16,12],[23,19,3,15,11,7,22,14,10,12],[7,23,3,11,15,19,22,10,16,14,12],[15,7,11,19,23,3,22,10,18],[23,11,3,7,19,15,10,22,18],[19,3,23,11,7,15,22,14,10,16,12],[23,19,3,15,11,7,22,14,10,12],[15,3,7,11,19,23,10,22,14,12],[3,7,11,19,15,23,22,14,10,16,12],[19,23,15,7,11,3,10,22,14,16,12],[11,3,23,15,19,7,10,22],[15,23,19,11,7,3,22,10,18],[11,19,15,7,23,3,22,10,20,18],[23,15,19,11,7,3,10,22,14,16,12],[23,15,11,7,19,3,22,14,10,16,12],[11,3,19,15,23,7,10,22,16,14,12],[19,11,7,15,23,3,10,22,18],[7,23,19,15,3,11,22,10,16,14,12],[11,3,23,19,15,7,22,14,10,12],[15,19,11,23,7,3,22,14,10,16,12],[15,7,3,11,19,23,10,22,18],[7,19,11,23,3,15,22,10,14,12],[19,11,7,15,23,3,10,22,14,16,12],[7,3,23,15,19,11,22,10,18],[23,15,3,7,19,11,10,22,14,16,12],[11,19,23,7,3,15,22,10,14,16,12],[3,23,7,19,15,11,10,22,14,12],[19,3,11,7,23,15,22,14,10,12],[3,23,15,11,7,19,10,22,14,12],[11,23,19,7,3,15,10,22,18],[11,3,15,19,23,7,22,10,20,18],[3,7,11,19,23,15,10,22,16,14,12],[19,7,11,3,23,15,22,14,10,16,12],[3,19,15,11,23,7,22,10,14,12],[7,19,23,3,15,11,10,22],[11,15,3,23,7,19,10,22,18],[19,7,23,15,3,11,22,14,10,12],[11,23,15,7,19,3,10,22,14,12],[11,3,7,15,19,23,22,14,10,16,12],[15,19,3,23,7,11,22,14,10,16,12],[11,15,3,23,19,7,22,10,16,14,12],[23,15,19,3,11,7,22,14,10,12],[3,19,11,23,7,15,10,22,20,18],[15,3,7,19,11,23,22,14,10,12],[7,19,11,3,15,23,10,22,16,14,12],[3,19,15,23,7,11,22,10,14,12],[11,3,15,19,23,7,22,10,14,12],[15,19,23,3,11,7,22,14,10,16,12],[7,23,19,11,15,3,10,22,14,12],[19,11,15,23,3,7,10,22],[19,15,11,7,23,3,22,14,10,12],[11,23,3,19,15,7,10,22],[11,3,23,19,7,15,22,10,14,12],[7,11,3,15,23,19,22,10,18],[7,19,3,11,23,15,22,14,10,12],[23,7,3,11,15,19,22,10,14,12],[3,23,19,7,11,15,22,14,10,16,12],[19,3,15,7,23,11,22,10,16,14,12],[7,15,3,19,23,11,22,14,10,16,12],[23,3,7,15,11,19,10,22,20,18],[11,7,23,3,19,15,22,14,10,12]],"n_human":12}