{"problem_id":"egiGMVVCgtd1M6z","sigma":75,"alpha":0.100,"cost":0,"probabilities":"[0.45, 0.48, 0.01, 0.06]","payoff_matrix":"[[28, -48, -88, 120, -240, 63], [-91, 85, 14, -15, 100, -14], [-30, -17, 81, 116, -62, -23], [19, 17, -109, 12, 38, -7]]","uncovered":[[6,2,10,22,14,18,17,9,5,21,13],[14,22,10,2,6,18,5,17,9,21,13],[6,2,22,10,14,18,5,17,9,21,13,4],[22,6,18,5,17,14,10,2,9,21,13,1],[10,22,6,14,2,18,17,5,9,21,13],[14,2,22,10,6,18,5,17,9,21,13,12],[6,18,5,17,22,10,14,2,9,21,13,15],[22,2,6,14,18,17,10,5,9,21,13],[14,6,2,22,10,18,5,17,9,21,13],[6,2,10,18,5,17,22,14,9,21,13],[14,18,10,6,17,2,22,5,9,21,13,19],[14,10,22,6,18,5,17,2,9,21,13],[10,6,18,5,17,22,2,14,9,21,13],[18,2,10,22,6,5,17,14,9,21,13,1],[22,10,2,6,14,18,5,17,9,21,13,1],[2,6,10,18,5,17,14,22,9,21,13,24],[2,6,18,17,10,22,14,9,5,21,13],[18,14,2,22,6,5,17,10,9,21,13],[14,18,6,5,17,2,22,10,9,21,13,4,11,1],[18,22,2,6,5,17,10,14,9,21,13],[6,22,18,5,17,14,10,2,9,21,13],[6,10,2,18,17,22,14,5,9,21,13,3],[14,22,2,10,6,18,5,17,9,21,13,3,4],[10,2,6,14,22,18,5,17,9,21,13],[6,2,10,18,5,17,14,22,9,21,13],[6,18,17,14,2,22,10,9,13,5,21,1],[14,2,18,6,5,17,10,22,9,21,13],[10,6,14,18,5,17,22,2,9,21,13],[18,2,6,5,17,14,10,22,9,21,13,1],[18,22,14,10,2,6,5,17,9,21,13,4],[22,2,18,14,6,5,17,10,9,21,13],[2,18,6,17,10,14,22,5,9,21,13,7],[6,10,2,18,17,14,22,5,9,21,13,4],[10,2,14,6,18,17,22,9,21,5,13],[22,10,14,18,2,6,17,5,9,21,13],[18,22,10,14,2,6,5,17,9,21,13],[18,2,10,22,6,5,17,14,9,21,13],[2,18,22,10,14,6,5,17,9,21,13,1],[22,10,6,18,17,14,2,5,9,21,13,1],[10,14,6,22,2,18,5,17,9,21,13],[10,18,6,5,17,2,22,14,9,21,13,1],[6,22,14,2,18,17,10,5,9,21,13],[22,6,14,10,18,17,2,5,9,21,13],[10,14,22,6,18,17,2,9,21,5,13],[18,6,17,14,2,22,10,9,21,5,13],[2,22,14,10,18,6,17,5,9,21,13,1],[18,6,5,17,14,10,22,2,9,21,13],[22,10,2,14,18,6,17,5,9,21,13],[14,22,18,10,2,6,5,17,9,21,13],[22,10,18,14,2,6,17,5,9,21,13,1],[14,6,10,18,17,22,2,5,9,21,13],[22,18,2,6,17,14,10,9,21,5,13,15],[22,2,18,10,6,17,14,5,9,21,13],[6,18,5,17,10,22,2,14,9,21,13],[22,6,18,5,17,2,10,14,9,21,13],[6,10,14,2,22,18,17,5,9,21,13],[18,22,10,14,2,6,17,9,5,21,13,3],[22,18,10,14,6,17,2,5,9,21,13,1],[10,18,6,5,17,2,14,22,9,21,13],[14,22,6,18,17,10,2,9,5,21,13,1],[10,22,2,6,14,18,5,17,9,21,13],[18,2,14,22,6,5,17,10,9,21,13,4],[10,2,14,6,22,18,5,17,9,21,13,1],[18,2,10,6,5,17,14,22,9,21,13],[22,2,6,10,18,17,14,5,9,21,13],[2,18,14,6,5,17,10,22,9,21,13],[14,10,6,18,17,22,2,9,5,21,13],[14,18,10,2,22,6,5,17,9,21,13,3],[14,18,10,6,17,22,2,9,21,5,13],[10,22,2,14,18,6,17,9,21,5,13,1],[6,2,14,22,18,5,17,10,9,21,13,4],[14,6,22,10,2,18,17,5,9,21,13],[10,18,6,5,17,22,2,14,9,21,13],[14,6,22,2,10,18,5,17,9,21,13,3,1],[18,22,6,5,17,10,2,14,9,21,13],[10,6,14,22,18,17,2,9,21,5,13],[10,18,6,17,2,14,22,5,9,21,13,1],[14,22,2,18,10,6,17,5,9,21,13,15],[18,2,10,14,22,6,17,9,21,5,13,1],[18,22,2,6,17,14,10,9,21,5,13,1],[10,2,14,6,22,18,17,5,9,21,13,3],[22,14,2,6,18,17,10,5,9,21,13,4],[6,18,17,14,2,22,10,9,21,5,13],[10,22,2,18,14,6,5,17,9,21,13,3],[14,2,6,22,18,17,10,5,9,21,13,19,1],[10,22,6,2,18,5,17,14,9,21,13],[14,18,2,10,6,17,22,9,21,5,13,1],[2,10,6,14,18,17,22,5,9,21,13,1],[14,10,2,6,18,5,17,22,9,21,13,1],[6,22,2,10,14,18,5,17,9,21,13],[22,14,10,6,18,5,17,2,9,21,13],[18,10,6,17,2,22,14,5,9,21,13,4],[2,22,10,18,6,5,17,14,9,21,13],[6,22,18,17,14,10,2,9,5,21,13],[18,6,5,17,10,22,2,14,9,21,13,4,1],[14,6,18,17,22,10,2,9,21,5,13,3],[14,10,6,2,22,18,17,9,5,21,13,1],[14,22,6,2,10,18,17,5,9,21,13],[10,14,18,22,6,5,17,2,9,21,13,1],[22,18,2,10,6,17,14,9,21,5,13,3,1],[22,18,6,5,17,2,14,10,9,21,13,4,19,1],[18,14,6,17,10,2,22,5,9,21,13,3],[18,6,17,22,2,10,14,9,5,21,13],[2,18,6,17,10,14,22,5,9,21,13],[22,14,10,6,18,5,17,2,9,21,13],[6,18,5,17,2,14,10,22,9,21,13],[6,2,18,5,17,14,10,22,9,21,13,8],[22,10,2,6,14,18,5,17,9,21,13,1],[10,22,18,14,6,17,2,5,9,21,13,1],[22,18,10,14,6,17,2,5,9,21,13,1],[6,18,5,17,14,22,10,2,9,21,13],[14,6,2,22,10,18,17,9,21,5,13],[10,2,14,22,6,18,17,9,5,21,13,1],[2,10,6,14,18,5,17,22,9,21,13],[18,14,22,2,10,6,5,17,9,21,13,1],[14,10,18,6,5,17,2,22,9,21,13,4,1],[6,14,22,2,18,5,17,10,9,21,13,1],[14,2,18,10,22,6,5,17,9,21,13],[10,14,22,2,18,6,5,17,9,21,13],[22,10,6,18,17,2,14,9,21,5,13],[2,10,6,18,17,22,14,5,9,21,13,4],[18,6,17,22,14,2,10,9,5,21,13],[14,6,2,22,10,18,17,5,9,21,13],[6,18,17,2,10,22,14,9,5,21,13,8,1],[2,18,22,10,6,17,14,9,13,5,21,24],[2,22,14,6,10,18,17,5,9,21,13,4],[18,10,14,22,2,6,17,5,9,21,13,1],[10,6,22,2,18,5,17,14,9,21,13,19],[22,14,6,10,18,17,2,5,9,21,13,1],[10,6,22,2,18,5,17,14,9,21,13],[14,18,10,22,2,6,5,17,9,21,13,3,1],[22,2,10,18,6,17,14,5,9,21,13],[14,2,10,18,22,6,17,9,21,5,13],[18,22,2,6,17,10,14,5,9,21,13],[6,18,17,10,14,22,2,9,5,21,13],[6,10,14,2,22,18,17,9,21,5,13,24],[10,18,22,14,6,5,17,2,9,21,13,3],[10,6,18,5,17,2,14,22,9,21,13,3],[14,18,2,22,6,5,17,10,9,21,13,3],[6,10,18,17,2,22,14,9,5,21,13,4],[10,6,22,2,14,18,17,9,5,21,13],[18,22,10,2,14,6,5,17,9,21,13,1],[22,14,6,18,17,10,2,5,9,21,13],[14,22,18,10,6,17,2,9,5,21,13],[22,18,6,5,17,14,10,2,9,21,13],[6,22,2,14,18,17,10,5,9,21,13],[2,10,14,22,6,18,17,5,9,21,13,1],[18,22,2,10,14,6,17,5,9,21,13],[22,14,10,18,2,6,17,5,9,21,13],[2,14,10,6,18,17,22,9,21,5,13],[22,14,10,18,2,6,5,17,9,21,13,3,1],[2,22,10,6,14,18,5,17,9,21,13],[6,22,2,10,18,5,17,14,9,21,13],[10,14,18,22,6,17,2,5,9,21,13],[6,10,22,2,18,5,17,14,9,21,13],[6,2,22,10,14,18,5,17,9,21,13,16,4,24],[6,2,22,14,10,18,5,17,9,21,13,15],[22,6,14,18,5,17,2,10,9,21,13,1],[10,6,18,17,22,14,2,9,5,21,13,1],[22,10,6,2,18,5,17,14,9,21,13,11],[10,14,2,22,6,18,5,17,9,21,13],[6,2,10,18,5,17,14,22,9,21,13,1],[14,6,2,18,17,22,10,9,5,21,13,1],[22,2,10,14,18,6,17,9,21,5,13,4,1],[22,2,18,14,10,6,17,5,9,21,13],[2,22,10,18,14,6,17,9,21,5,13],[2,22,10,14,18,6,17,5,9,21,13],[2,10,14,6,22,18,5,17,9,21,13,1],[22,2,6,18,5,17,10,14,9,21,13],[18,6,5,17,14,10,2,22,9,21,13],[2,18,10,14,22,6,17,9,21,5,13,1],[10,6,22,2,18,5,17,14,9,21,13],[18,6,17,22,14,10,2,9,5,21,13,1],[14,10,2,6,22,18,17,9,21,5,13,11],[22,2,14,6,18,5,17,10,9,21,13],[6,14,22,18,17,10,2,5,9,21,13,1],[22,6,14,2,18,17,10,9,5,21,13,3],[14,22,18,6,5,17,2,10,9,21,13,1],[10,18,14,6,5,17,2,22,9,21,13,4],[22,10,18,6,5,17,14,2,9,21,13],[2,18,10,22,6,5,17,14,9,21,13],[2,14,10,18,22,6,17,5,9,21,13],[2,14,22,6,10,18,17,5,9,21,13,3],[22,18,14,10,2,6,5,17,9,21,13,3],[22,14,2,18,10,6,5,17,9,21,13,11],[18,22,10,14,2,6,17,9,5,21,13,7],[18,10,22,6,17,14,2,5,9,21,13],[22,18,14,10,2,6,17,9,5,21,13],[2,10,22,18,14,6,17,5,9,21,13],[2,6,22,14,18,5,17,10,9,21,13,1],[2,10,14,18,6,17,22,5,9,21,13,1],[2,10,14,22,18,6,5,17,9,21,13,4,1],[2,14,10,18,6,17,22,5,9,21,13],[18,10,14,22,2,6,5,17,9,21,13],[10,18,6,17,22,14,2,5,9,21,13,4,3],[18,6,17,2,14,10,22,5,9,21,13],[14,6,22,10,2,18,5,17,9,21,13],[14,2,6,22,10,18,17,9,21,5,13,15],[14,22,2,18,10,6,5,17,9,21,13],[2,18,14,6,5,17,10,22,9,21,13],[18,10,14,6,17,22,2,9,5,21,13,1],[2,22,10,18,6,17,14,9,5,21,13,3,1],[14,22,2,6,18,5,17,10,9,21,13],[14,10,2,6,18,5,17,22,9,21,13],[14,6,18,17,10,2,22,9,5,21,13,1],[6,2,10,14,22,18,17,9,21,5,13],[18,2,22,14,6,5,17,10,9,21,13,23,1],[6,18,5,17,14,22,2,10,9,21,13,1],[22,6,14,18,5,17,10,2,9,21,13,1],[22,18,2,6,5,17,10,14,9,21,13,3],[10,2,18,6,5,17,22,14,9,21,13,1],[14,10,22,2,18,6,17,5,9,21,13,1],[14,10,2,6,18,5,17,22,9,21,13],[22,6,10,14,2,18,5,17,9,21,13],[14,6,22,2,18,5,17,10,9,21,13],[10,14,6,18,17,22,2,5,9,21,13],[10,22,6,18,17,14,2,9,5,21,13,1],[22,10,18,14,2,6,17,5,9,21,13,1],[18,6,5,17,2,22,10,14,9,21,13],[2,6,18,17,10,14,22,5,9,21,13],[6,2,14,22,18,17,10,9,21,5,13,3],[10,14,22,2,6,18,17,9,5,21,13],[6,2,14,22,10,18,17,5,9,21,13],[6,22,2,14,10,18,17,9,5,21,13,3],[14,6,22,18,5,17,2,10,9,21,13],[10,6,2,18,5,17,22,14,9,21,13],[2,10,18,14,6,5,17,22,9,21,13,1],[22,18,2,14,6,17,10,5,9,21,13,1],[14,10,2,18,6,17,22,9,21,5,13],[2,14,6,18,17,10,22,9,5,21,13],[6,2,22,10,14,18,17,5,9,21,13],[6,2,22,14,10,18,5,17,9,21,13],[2,6,18,5,17,14,22,10,9,21,13],[22,2,6,10,18,5,17,14,9,21,13,23],[14,2,22,6,18,5,17,10,9,21,13,4,1],[6,22,14,2,18,17,10,5,9,21,13],[18,22,14,2,6,17,10,5,9,21,13],[18,2,22,10,6,5,17,14,9,21,13],[2,14,6,18,5,17,10,22,9,21,13],[2,14,6,18,5,17,10,22,9,21,13,20],[2,10,6,22,14,18,5,17,9,21,13],[18,2,10,22,14,6,5,17,9,21,13,23],[10,6,14,18,17,22,2,9,21,5,13,1],[10,18,14,2,6,5,17,22,9,21,13,4],[6,18,5,17,14,22,10,2,9,21,13],[6,2,22,10,14,18,5,17,9,21,13],[14,22,18,6,5,17,10,2,9,21,13,1],[2,14,6,10,18,17,22,5,9,21,13,19],[18,2,22,14,6,5,17,10,9,21,13,3],[22,6,18,5,17,10,14,2,9,21,13],[10,2,6,14,18,17,22,5,9,21,13],[2,22,18,14,10,6,17,5,9,21,13,8],[10,14,18,22,2,6,17,9,5,21,13],[18,2,22,10,14,6,5,17,9,21,13,3],[22,2,18,6,5,17,14,10,9,21,13,15,1],[22,6,18,5,17,14,2,10,9,21,13],[6,10,22,2,14,18,5,17,9,21,13],[14,6,22,18,5,17,2,10,9,21,13],[2,18,14,22,10,6,17,5,9,21,13],[2,18,10,14,6,17,22,5,9,21,13,20,16,3],[14,10,18,6,17,2,22,5,9,21,13],[10,14,2,6,18,5,17,22,9,21,13],[18,14,10,6,17,2,22,5,9,21,13,4],[14,6,18,17,22,10,2,9,21,5,13,1],[2,22,14,18,10,6,5,17,9,21,13],[2,22,10,6,14,18,5,17,9,21,13,4],[2,14,6,10,22,18,5,17,9,21,13],[2,10,14,22,18,6,5,17,9,21,13,1],[18,14,22,6,5,17,10,2,9,21,13],[2,14,18,6,17,10,22,5,9,21,13],[22,10,6,18,5,17,2,14,9,21,13,1],[18,2,10,6,5,17,22,14,9,21,13],[14,10,2,6,22,18,5,17,9,21,13,1],[14,22,2,18,6,17,10,5,9,21,13,1],[2,18,22,6,5,17,10,14,9,21,13],[22,14,6,18,5,17,2,10,9,21,13],[22,2,18,14,6,5,17,10,9,21,13],[2,6,18,17,22,10,14,5,9,21,13],[22,10,2,6,14,18,17,5,9,21,13,3],[22,10,14,18,2,6,17,9,21,5,13,1],[6,18,17,2,10,22,14,5,9,21,13],[2,6,10,18,17,14,22,9,5,21,13,4,1],[22,6,2,14,10,18,5,17,9,21,13,7],[6,18,5,17,2,22,14,10,9,21,13],[2,14,6,18,5,17,10,22,9,21,13],[14,6,22,2,18,17,10,9,5,21,13],[6,18,17,10,14,22,2,5,9,21,13,1],[2,18,10,14,22,6,17,9,5,21,13],[22,2,6,10,18,5,17,14,9,21,13,1],[10,6,18,5,17,22,14,2,9,21,13],[22,6,2,10,14,18,17,5,9,21,13,1],[2,22,10,6,18,17,14,9,5,21,13],[10,14,22,2,6,18,5,17,9,21,13],[14,22,6,10,2,18,5,17,9,21,13],[2,18,14,6,17,10,22,9,21,5,13,4],[10,2,14,22,18,6,17,5,9,21,13,4],[18,10,6,17,14,2,22,5,9,21,13],[22,10,2,14,6,18,5,17,9,21,13],[6,18,5,17,22,14,10,2,9,21,13],[14,10,2,18,22,6,17,9,5,21,13,3,11],[14,10,2,6,18,5,17,22,9,21,13,8,20,1],[14,6,22,18,5,17,10,2,9,21,13,3,20],[22,10,2,18,6,5,17,14,9,21,13,4],[2,22,6,10,18,17,14,9,5,21,13,4],[14,10,18,2,6,5,17,22,9,21,13],[18,10,14,22,6,5,17,2,9,21,13],[2,10,22,18,14,6,5,17,9,21,13],[10,2,6,14,18,5,17,22,9,21,13,3,4,1],[18,6,5,17,22,14,2,10,9,21,13],[18,22,10,6,5,17,2,14,9,21,13],[14,2,10,22,6,18,5,17,9,21,13,1],[2,14,22,10,6,18,5,17,9,21,13],[14,18,10,6,5,17,22,2,9,21,13,15],[18,22,6,5,17,14,10,2,9,21,13],[22,6,18,17,14,10,2,5,9,21,13,4,1,19],[10,18,2,6,5,17,14,22,9,21,13,1],[2,18,10,14,22,6,17,9,21,5,13,3,19],[18,6,5,17,14,10,22,2,9,21,13,4],[6,2,14,10,18,5,17,22,9,21,13],[22,6,2,10,14,18,17,9,21,5,13,1],[14,10,22,18,2,6,17,5,9,21,13],[22,14,18,6,5,17,2,10,9,21,13],[18,10,14,22,6,17,2,5,9,21,13],[18,6,5,17,22,2,10,14,9,21,13,1],[6,18,17,2,22,10,14,5,9,21,13,3],[2,6,18,17,22,10,14,5,9,21,13],[2,10,18,6,5,17,14,22,9,21,13,1],[6,18,17,10,2,22,14,9,5,21,13],[18,14,2,22,10,6,5,17,9,21,13,4,8,1],[10,2,14,22,6,18,17,5,9,21,13,16],[22,10,14,2,6,18,17,9,5,21,13,1],[18,22,10,2,14,6,17,9,5,21,13],[10,6,2,14,18,5,17,22,9,21,13],[18,14,2,6,17,22,10,5,9,21,13,3,1],[14,2,6,22,10,18,5,17,9,21,13],[14,2,18,22,10,6,5,17,9,21,13],[22,18,2,10,6,17,14,5,9,21,13],[18,6,5,17,10,2,22,14,9,21,13],[6,22,14,2,18,17,10,9,21,5,13,4],[10,6,18,5,17,14,2,22,9,21,13,1],[22,10,18,14,6,5,17,2,9,21,13],[6,22,18,5,17,2,10,14,9,21,13],[10,14,18,6,17,22,2,5,9,21,13],[10,2,18,22,14,6,17,9,21,5,13,8,3],[10,22,18,2,6,17,14,5,9,21,13],[10,18,2,14,6,5,17,22,9,21,13],[6,2,10,14,18,17,22,9,5,21,13],[14,18,22,6,5,17,10,2,9,21,13],[14,6,10,2,18,17,22,9,21,5,13],[22,18,14,2,6,5,17,10,9,21,13],[22,10,18,14,2,6,17,5,9,21,13],[10,2,6,22,18,17,14,9,21,5,13],[6,10,22,2,14,18,5,17,9,21,13],[10,14,6,22,18,5,17,2,9,21,13],[14,22,10,6,18,5,17,2,9,21,13],[22,2,6,14,10,18,17,5,9,21,13],[10,6,18,17,14,22,2,9,21,5,13],[10,6,14,18,5,17,22,2,9,21,13,1],[10,14,22,6,18,17,2,5,9,21,13,20,11],[14,18,10,2,6,17,22,5,9,21,13],[14,6,22,2,18,17,10,5,9,21,13],[18,22,2,6,5,17,14,10,9,21,13],[6,22,18,5,17,2,14,10,9,21,13,15,3],[6,10,14,18,17,2,22,9,5,21,13,3,1],[2,10,22,6,14,18,17,9,5,21,13,4],[14,6,22,2,18,17,10,5,9,21,13,16,4,24],[14,18,6,17,2,10,22,5,9,21,13],[2,6,14,10,18,17,22,9,5,21,13],[14,18,2,22,10,6,17,5,9,21,13],[14,6,2,22,10,18,5,17,9,21,13,3],[2,18,6,17,10,22,14,9,13,5,21],[18,2,10,22,14,6,5,17,9,21,13],[2,6,22,18,5,17,14,10,9,21,13],[14,6,2,10,18,5,17,22,9,21,13,24],[10,22,18,14,6,17,2,5,9,21,13,1],[18,6,17,10,2,22,14,5,9,21,13],[2,6,22,18,17,10,14,5,9,21,13],[10,6,18,5,17,2,14,22,9,21,13,1,16],[6,14,10,22,2,18,5,17,9,21,13,1],[6,22,18,5,17,14,10,2,9,21,13,3],[22,2,10,18,14,6,5,17,9,21,13],[2,6,10,14,18,17,22,9,21,5,13],[2,6,22,14,10,18,17,5,9,21,13],[2,22,18,14,6,5,17,10,9,21,13,1],[10,22,2,6,18,5,17,14,9,21,13],[10,14,18,6,17,2,22,9,5,21,13],[22,10,2,18,14,6,17,9,21,5,13],[2,22,18,14,6,5,17,10,9,21,13,1],[22,10,18,6,17,2,14,9,5,21,13],[18,22,10,14,6,5,17,2,9,21,13],[6,22,14,10,18,17,2,5,9,21,13],[10,2,18,22,14,6,5,17,9,21,13],[6,10,18,5,17,14,22,2,9,21,13],[10,22,2,14,18,6,17,5,9,21,13,1],[6,18,17,2,10,22,14,9,5,21,13,1],[10,18,6,5,17,14,2,22,9,21,13],[14,22,18,10,2,6,5,17,9,21,13],[10,14,2,22,6,18,5,17,9,21,13],[2,6,10,18,5,17,22,14,9,21,13,1],[10,14,22,2,18,6,17,5,9,21,13],[10,6,2,22,14,18,5,17,9,21,13,4,11,1],[18,6,5,17,14,22,2,10,9,21,13],[18,22,14,6,5,17,2,10,9,21,13],[2,22,10,6,18,17,14,9,21,5,13,1],[2,14,6,18,5,17,10,22,9,21,13],[10,14,2,18,6,17,22,9,5,21,13,4],[10,18,2,6,17,14,22,9,5,21,13,3,4],[14,2,10,6,18,5,17,22,9,21,13],[14,6,18,17,22,2,10,9,21,5,13],[6,10,14,18,5,17,22,2,9,21,13,3],[6,10,22,14,18,17,2,5,9,21,13],[22,6,10,14,2,18,5,17,9,21,13,8],[18,6,5,17,10,22,14,2,9,21,13],[6,22,2,14,18,5,17,10,9,21,13,1],[2,10,22,14,6,18,5,17,9,21,13],[10,18,14,22,6,5,17,2,9,21,13],[6,18,5,17,14,22,10,2,9,21,13,15],[6,14,22,2,18,17,10,9,21,5,13,1],[22,14,10,18,6,5,17,2,9,21,13,1],[10,18,14,22,6,17,2,9,21,5,13,4],[6,2,18,17,14,22,10,9,5,21,13,1],[22,18,10,6,5,17,14,2,9,21,13,1],[2,14,18,10,22,6,5,17,9,21,13],[22,6,14,18,17,10,2,9,21,5,13],[10,14,2,6,22,18,5,17,9,21,13,1],[6,22,10,18,5,17,2,14,9,21,13],[6,10,2,18,17,22,14,5,9,21,13,3,1],[10,6,14,22,18,5,17,2,9,21,13,4],[18,14,10,22,6,17,2,5,9,21,13,1],[22,2,10,18,6,5,17,14,9,21,13],[22,14,6,2,10,18,17,9,5,21,13],[6,2,14,10,18,17,22,9,5,21,13],[10,14,2,22,6,18,5,17,9,21,13,1],[2,22,6,18,17,14,10,5,9,21,13,3],[18,2,22,6,5,17,10,14,9,21,13],[22,14,18,6,17,10,2,9,5,21,13],[6,18,5,17,14,22,10,2,9,21,13,4,3,1],[2,18,14,6,5,17,10,22,9,21,13],[22,18,2,10,6,17,14,9,21,5,13,1],[14,2,6,18,17,10,22,9,5,21,13,1],[2,10,14,18,22,6,17,9,5,21,13],[14,22,18,10,6,5,17,2,9,21,13],[6,10,22,18,17,2,14,9,5,21,13,1],[22,14,2,6,10,18,17,9,5,21,13,1],[6,22,2,14,18,17,10,5,9,21,13],[14,6,18,5,17,10,2,22,9,21,13],[10,2,22,14,18,6,5,17,9,21,13,3,4],[10,22,18,2,6,5,17,14,9,21,13],[2,18,14,6,17,10,22,5,9,21,13],[2,10,14,22,18,6,5,17,9,21,13],[10,22,2,6,18,5,17,14,9,21,13,1],[14,10,6,22,18,17,2,5,9,21,13],[2,18,14,10,22,6,5,17,9,21,13,1],[2,18,10,22,14,6,5,17,9,21,13],[6,14,18,5,17,22,2,10,9,21,13,8,4,1],[6,2,18,5,17,10,14,22,9,21,13],[18,22,14,10,6,17,2,5,9,21,13,1,7],[2,6,14,10,22,18,17,9,5,21,13],[10,2,14,22,6,18,5,17,9,21,13,1],[2,6,22,14,18,17,10,5,9,21,13],[2,10,6,18,5,17,14,22,9,21,13,4],[22,10,2,6,14,18,17,9,21,5,13],[18,10,6,17,22,14,2,9,5,21,13,7,1],[22,10,2,18,6,17,14,9,21,5,13],[14,10,18,2,6,5,17,22,9,21,13,1],[14,2,10,22,6,18,5,17,9,21,13,3],[22,18,6,17,10,2,14,9,21,5,13],[10,6,22,14,18,17,2,9,21,5,13],[14,6,2,22,10,18,5,17,9,21,13],[18,2,6,5,17,10,22,14,9,21,13],[2,6,18,17,14,22,10,9,21,5,13,15,4],[6,2,18,17,22,14,10,5,9,21,13,1,15],[14,6,10,18,17,22,2,9,21,5,13],[10,14,2,22,6,18,5,17,9,21,13,3,1],[6,18,5,17,10,22,2,14,9,21,13],[18,6,5,17,2,14,22,10,9,21,13,24],[2,22,18,10,14,6,17,9,5,21,13],[2,10,6,14,18,5,17,22,9,21,13],[10,2,18,6,17,14,22,5,9,21,13],[14,18,22,10,6,5,17,2,9,21,13,1],[18,6,17,22,10,14,2,9,5,21,13],[2,18,10,14,6,5,17,22,9,21,13],[2,14,6,22,18,5,17,10,9,21,13],[10,6,22,2,18,17,14,5,9,21,13],[22,2,14,6,10,18,5,17,9,21,13],[18,14,10,22,6,17,2,9,5,21,13,1],[14,6,22,2,10,18,5,17,9,21,13,3],[10,22,2,6,18,17,14,5,9,21,13,1,20,3],[2,18,22,14,10,6,5,17,9,21,13],[18,14,22,6,17,10,2,5,9,21,13],[6,2,18,5,17,10,22,14,9,21,13],[14,10,2,6,18,5,17,22,9,21,13],[14,18,2,22,6,5,17,10,9,21,13,3,4,1],[6,22,10,14,2,18,5,17,9,21,13,3],[10,22,18,6,5,17,2,14,9,21,13],[14,18,10,2,6,5,17,22,9,21,13,1],[14,6,18,5,17,22,2,10,9,21,13,4],[14,18,2,22,10,6,17,5,9,21,13],[10,14,6,22,2,18,17,5,9,21,13,3],[14,22,10,6,2,18,5,17,9,21,13,3,1],[6,2,22,18,17,14,10,5,9,21,13],[6,22,18,5,17,14,10,2,9,21,13,3],[18,6,17,22,14,10,2,9,21,5,13],[22,10,6,14,18,5,17,2,9,21,13],[14,2,18,6,17,10,22,5,9,21,13],[22,14,2,10,6,18,17,5,9,21,13],[6,18,17,22,10,14,2,9,5,21,13],[22,18,6,5,17,10,2,14,9,21,13],[14,10,6,2,22,18,17,5,9,21,13],[14,22,10,18,6,17,2,5,9,21,13],[14,2,10,18,6,5,17,22,9,21,13],[18,14,2,22,10,6,5,17,9,21,13],[18,2,10,14,6,5,17,22,9,21,13],[22,14,18,2,10,6,17,9,21,5,13,4,1],[6,22,10,2,14,18,17,5,9,21,13],[6,18,17,14,22,10,2,5,9,21,13,1],[14,22,6,18,17,10,2,5,9,21,13],[14,10,22,6,2,18,5,17,9,21,13],[6,18,17,2,22,10,14,5,9,21,13,1],[22,18,10,2,14,6,17,9,21,5,13],[6,2,18,17,14,22,10,9,5,21,13,4],[14,22,6,18,5,17,2,10,9,21,13,4],[18,6,5,17,22,10,14,2,9,21,13],[18,10,22,6,5,17,2,14,9,21,13],[18,14,2,6,17,10,22,9,5,21,13,4],[6,10,14,22,18,17,2,9,5,21,13],[18,2,14,6,17,10,22,5,9,21,13,3,1,19],[10,22,2,6,14,18,17,9,21,5,13],[22,18,14,10,2,6,17,9,21,5,13,3],[18,2,14,10,6,5,17,22,9,21,13,1],[22,14,18,2,6,17,10,9,21,5,13,4],[2,18,10,6,5,17,14,22,9,21,13],[22,6,14,18,5,17,2,10,9,21,13],[2,22,14,18,6,5,17,10,9,21,13],[18,2,10,22,6,5,17,14,9,21,13,1],[10,18,2,14,22,6,17,5,9,21,13,1],[18,2,6,17,22,14,10,9,21,5,13],[6,2,10,14,22,18,17,9,21,5,13,4,3],[2,14,10,6,22,18,5,17,9,21,13],[18,6,17,14,22,10,2,9,5,21,13],[22,6,10,18,5,17,2,14,9,21,13],[22,14,10,18,2,6,5,17,9,21,13,3,4],[18,14,6,5,17,2,22,10,9,21,13,4],[22,2,6,18,5,17,14,10,9,21,13],[2,18,22,6,17,10,14,5,9,21,13,3],[10,14,18,6,17,2,22,9,21,5,13,1],[2,10,22,6,14,18,17,5,9,21,13,12,1],[18,6,5,17,14,22,10,2,9,21,13],[14,22,10,6,18,5,17,2,9,21,13],[10,14,6,2,18,17,22,5,9,21,13,1],[14,18,22,6,17,10,2,5,9,21,13],[6,14,22,10,18,5,17,2,9,21,13],[10,6,18,5,17,14,22,2,9,21,13],[6,14,18,5,17,22,2,10,9,21,13],[10,18,22,14,2,6,17,9,5,21,13,3],[2,10,6,14,18,17,22,9,5,21,13],[2,14,10,18,22,6,5,17,9,21,13],[22,10,6,18,17,14,2,5,9,21,13],[10,18,14,2,22,6,5,17,9,21,13],[22,14,2,10,18,6,5,17,9,21,13,20,3],[10,2,18,6,17,22,14,9,5,21,13,4],[22,14,18,2,10,6,5,17,9,21,13,4,3],[10,2,6,18,17,22,14,5,9,21,13],[6,18,17,10,14,2,22,9,5,21,13,1],[2,22,6,18,17,14,10,9,21,5,13],[2,6,10,22,14,18,5,17,9,21,13],[14,18,6,17,22,2,10,9,5,21,13,23,3],[22,6,10,18,5,17,14,2,9,21,13],[6,18,17,10,2,14,22,5,9,21,13],[10,22,18,6,17,2,14,9,5,21,13,1],[22,14,6,10,2,18,17,5,9,21,13],[14,10,6,2,18,17,22,5,9,21,13,4,1],[14,22,10,2,6,18,5,17,9,21,13,11,4],[6,22,18,5,17,10,2,14,9,21,13,1],[14,6,18,5,17,10,2,22,9,21,13,11],[14,18,6,5,17,10,22,2,9,21,13,1],[10,6,22,14,18,5,17,2,9,21,13],[2,18,14,10,6,5,17,22,9,21,13,1],[18,14,22,2,6,17,10,5,9,21,13],[2,10,18,6,17,14,22,5,9,21,13,1],[18,2,14,10,22,6,5,17,9,21,13],[14,2,10,6,22,18,17,9,21,5,13],[18,2,6,5,17,22,14,10,9,21,13,1],[14,18,10,2,22,6,17,5,9,21,13,4],[18,22,14,6,17,2,10,5,9,21,13,4],[10,22,2,6,14,18,5,17,9,21,13],[6,10,18,5,17,22,2,14,9,21,13],[10,2,6,14,22,18,5,17,9,21,13],[22,18,14,2,10,6,5,17,9,21,13],[22,10,14,2,18,6,5,17,9,21,13,1],[22,2,10,18,14,6,5,17,9,21,13],[18,10,14,2,22,6,5,17,9,21,13],[22,2,14,18,6,17,10,9,21,5,13,4],[18,2,22,10,6,5,17,14,9,21,13,1],[22,18,2,14,6,17,10,5,9,21,13,4],[10,22,18,14,2,6,17,9,21,5,13],[2,18,22,14,10,6,5,17,9,21,13],[6,18,17,10,14,2,22,9,5,21,13],[22,10,2,6,18,17,14,9,21,5,13],[22,2,10,14,6,18,17,9,21,5,13,1],[22,18,2,6,5,17,10,14,9,21,13,1],[2,14,10,6,22,18,17,5,9,21,13,11],[10,22,2,6,14,18,17,9,5,21,13,20,11],[10,2,22,14,18,6,5,17,9,21,13,3],[22,14,10,6,2,18,17,5,9,21,13],[10,22,6,18,17,14,2,5,9,21,13],[10,22,2,18,14,6,17,9,21,5,13,1],[6,10,22,18,5,17,2,14,9,21,13,3,24],[14,10,6,18,5,17,2,22,9,21,13,3],[22,6,18,17,14,10,2,9,5,21,13,4],[14,10,2,6,18,5,17,22,9,21,13],[2,14,6,10,22,18,5,17,9,21,13],[6,22,14,10,18,17,2,5,9,21,13],[6,22,10,2,18,5,17,14,9,21,13,4,1],[14,10,22,18,6,5,17,2,9,21,13,3],[14,6,10,22,18,17,2,9,5,21,13],[6,2,18,17,10,22,14,9,21,5,13,1],[22,10,18,6,17,14,2,9,5,21,13],[2,22,14,6,18,17,10,5,9,21,13,1],[6,10,18,5,17,14,22,2,9,21,13],[18,6,5,17,2,10,22,14,9,21,13],[6,14,2,10,18,5,17,22,9,21,13],[2,18,22,14,10,6,17,9,5,21,13],[14,22,10,18,6,5,17,2,9,21,13],[22,14,18,6,5,17,2,10,9,21,13],[18,14,10,22,6,17,2,5,9,21,13,7,1],[10,22,18,2,6,5,17,14,9,21,13],[22,14,18,2,10,6,5,17,9,21,13],[6,10,14,22,18,5,17,2,9,21,13,1],[22,10,14,18,2,6,5,17,9,21,13],[6,22,14,2,10,18,17,5,9,21,13],[2,10,18,6,17,22,14,9,5,21,13,3,1],[6,18,5,17,10,14,2,22,9,21,13],[14,6,18,5,17,10,2,22,9,21,13],[2,14,22,18,10,6,17,9,5,21,13,4],[22,18,10,6,17,14,2,5,9,21,13],[18,6,5,17,2,10,22,14,9,21,13,4,3],[2,18,14,6,17,22,10,5,9,21,13,1],[14,22,6,10,18,5,17,2,9,21,13],[6,2,10,22,14,18,17,9,5,21,13,1],[22,6,2,18,5,17,14,10,9,21,13,1],[10,18,6,5,17,22,14,2,9,21,13],[6,18,17,2,14,10,22,9,5,21,13,3],[10,22,18,6,5,17,2,14,9,21,13,1],[22,2,18,14,10,6,5,17,9,21,13,1],[18,14,10,6,17,2,22,9,21,5,13],[18,22,6,17,2,14,10,9,21,5,13],[10,6,2,14,18,5,17,22,9,21,13,7],[22,6,14,18,5,17,2,10,9,21,13,1],[14,6,18,5,17,22,10,2,9,21,13],[18,2,14,22,10,6,17,5,9,21,13,1],[18,6,17,22,2,14,10,5,9,21,13,1],[6,18,5,17,14,2,22,10,9,21,13,3],[22,2,6,18,5,17,10,14,9,21,13,4],[18,2,6,5,17,10,22,14,9,21,13],[6,22,2,18,5,17,10,14,9,21,13,4,1],[10,18,22,2,14,6,17,5,9,21,13,1],[18,10,6,5,17,14,22,2,9,21,13,1],[10,18,6,17,14,22,2,9,21,5,13],[18,2,10,22,6,17,14,9,5,21,13,1],[2,18,22,10,6,17,14,9,21,5,13],[22,6,14,18,5,17,2,10,9,21,13,3],[6,10,14,22,2,18,17,5,9,21,13],[6,22,18,5,17,14,10,2,9,21,13,1],[2,18,22,10,14,6,17,9,21,5,13],[14,22,18,10,6,5,17,2,9,21,13],[18,2,6,17,22,14,10,9,5,21,13,3],[2,6,14,18,17,10,22,5,9,21,13],[18,14,2,22,10,6,17,9,21,5,13,3],[10,6,18,17,14,22,2,9,5,21,13,16],[18,22,2,6,17,10,14,9,5,21,13,1],[2,22,14,10,6,18,17,5,9,21,13,1],[2,10,18,6,17,22,14,9,21,5,13,1],[14,18,22,2,6,5,17,10,9,21,13,12],[10,6,14,18,5,17,22,2,9,21,13],[10,6,18,5,17,14,2,22,9,21,13],[22,6,14,18,5,17,10,2,9,21,13,8],[6,18,5,17,10,22,2,14,9,21,13],[2,14,10,22,18,6,5,17,9,21,13,1],[22,14,2,18,10,6,5,17,9,21,13],[18,6,17,14,10,2,22,9,21,5,13,24],[6,18,17,14,2,22,10,5,9,21,13],[10,6,22,18,5,17,2,14,9,21,13,1],[18,22,14,10,6,5,17,2,9,21,13,1],[2,14,18,10,22,6,17,5,9,21,13,3],[14,18,6,17,10,22,2,9,5,21,13],[2,22,6,18,17,10,14,5,9,21,13,1],[14,6,10,22,18,5,17,2,9,21,13,1],[14,18,2,22,10,6,5,17,9,21,13],[22,18,14,2,6,17,10,5,9,21,13],[10,6,22,2,14,18,5,17,9,21,13],[10,14,2,22,18,6,5,17,9,21,13,1],[22,2,6,10,14,18,17,5,9,21,13],[18,2,10,22,14,6,5,17,9,21,13,1],[22,2,18,10,14,6,5,17,9,21,13,15],[18,22,10,2,14,6,5,17,9,21,13,3,1],[10,14,18,22,2,6,17,5,9,21,13],[6,14,22,2,10,18,17,9,5,21,13,4,1],[18,14,6,17,2,10,22,9,5,21,13,4],[22,2,18,10,14,6,5,17,9,21,13],[10,2,14,22,18,6,17,5,9,21,13,4,3],[2,18,22,10,14,6,17,5,9,21,13,4,3],[18,14,6,5,17,10,22,2,9,21,13],[22,14,18,2,6,17,10,5,9,21,13,1],[18,22,2,6,5,17,10,14,9,21,13,1],[10,2,6,22,14,18,17,9,21,5,13,1],[2,22,18,10,6,5,17,14,9,21,13],[18,22,6,17,14,2,10,9,21,5,13],[10,18,2,6,5,17,14,22,9,21,13],[22,2,14,6,10,18,17,9,21,5,13],[10,2,22,6,18,5,17,14,9,21,13,1],[6,18,5,17,14,2,22,10,9,21,13],[6,22,2,10,14,18,17,9,21,5,13,1],[2,6,22,10,14,18,5,17,9,21,13],[2,22,18,10,14,6,5,17,9,21,13,1],[6,18,5,17,2,10,22,14,9,21,13],[22,18,14,10,6,17,2,5,9,21,13,4],[10,2,14,18,6,17,22,5,9,21,13],[14,2,10,22,6,18,5,17,9,21,13,4],[6,10,22,18,17,2,14,5,9,21,13,1],[2,6,22,10,14,18,17,5,9,21,13,1],[10,6,2,14,22,18,17,5,9,21,13,11],[6,10,2,18,5,17,22,14,9,21,13],[10,2,18,6,5,17,14,22,9,21,13],[18,6,5,17,2,10,14,22,9,21,13],[14,18,10,2,22,6,17,9,5,21,13,3],[18,6,17,22,2,14,10,5,9,21,13],[14,18,10,22,6,17,2,9,5,21,13],[10,22,6,2,14,18,5,17,9,21,13],[10,22,18,14,6,5,17,2,9,21,13],[6,14,22,10,18,5,17,2,9,21,13],[2,14,10,6,18,17,22,5,9,21,13],[10,22,18,14,6,5,17,2,9,21,13],[14,10,6,22,18,17,2,9,5,21,13],[18,22,2,6,17,14,10,5,9,21,13,1],[10,14,22,18,6,17,2,9,21,5,13],[2,10,14,6,18,17,22,9,5,21,13],[2,14,22,6,10,18,17,5,9,21,13],[6,14,2,10,22,18,5,17,9,21,13],[6,18,17,14,10,2,22,5,9,21,13,1],[18,14,6,17,22,10,2,5,9,21,13,1],[22,14,6,2,18,17,10,5,9,21,13,1],[18,6,17,22,2,10,14,9,5,21,13],[2,18,5,14,22,10,9,21,17,13,6],[22,14,18,6,17,10,2,5,9,21,13],[6,10,2,22,14,18,17,5,9,21,13],[14,18,6,5,17,10,22,2,9,21,13],[10,6,22,2,14,18,5,17,9,21,13,4],[22,14,18,10,2,6,5,17,9,21,13],[6,18,5,17,2,22,14,10,9,21,13],[14,18,10,22,6,5,17,2,9,21,13,1],[6,10,18,17,14,2,22,5,9,21,13],[2,10,18,22,6,17,14,5,9,21,13],[22,2,6,10,18,5,17,14,9,21,13,12,1],[2,10,18,6,5,17,14,22,9,21,13,1],[6,2,10,22,14,18,17,9,21,5,13],[18,6,5,17,2,10,14,22,9,21,13,11,4,15],[6,10,2,14,22,18,5,17,9,21,13],[10,6,2,14,18,5,17,22,9,21,13,16],[2,22,10,18,6,5,17,14,9,21,13,1],[6,10,14,18,5,17,22,2,9,21,13],[6,2,14,10,22,18,5,17,9,21,13],[22,18,2,10,6,5,17,14,9,21,13],[10,18,22,6,17,2,14,9,21,5,13,1,15],[14,18,2,6,17,22,10,5,9,21,13],[6,10,18,17,2,22,14,5,9,21,13],[18,10,2,22,6,17,14,5,9,21,13,1],[2,14,6,18,17,10,22,5,9,21,13],[18,22,2,10,6,17,14,9,21,5,13,1],[14,18,2,22,6,17,10,5,9,21,13],[10,2,14,18,22,6,17,9,5,21,13],[22,6,2,10,14,18,5,17,9,21,13],[18,14,22,2,10,6,5,17,9,21,13,1],[14,6,22,18,5,17,2,10,9,21,13,3,1],[2,14,6,18,17,22,10,9,21,5,13],[14,10,2,6,22,18,5,17,9,21,13,4],[18,6,17,10,22,14,2,9,21,5,13,1],[10,22,18,6,17,14,2,9,21,5,13],[2,6,10,22,14,18,5,17,9,21,13,1],[18,10,6,17,22,14,2,9,5,21,13],[14,18,2,10,6,5,17,22,9,21,13],[10,2,22,6,18,17,14,9,21,5,13,15],[18,14,22,10,6,5,17,2,9,21,13],[14,18,22,10,2,6,5,17,9,21,13,1],[14,18,22,10,2,6,17,9,5,21,13,1],[10,18,6,5,17,14,2,22,9,21,13,19,1],[18,2,22,6,17,14,10,9,21,5,13],[14,2,10,6,22,18,5,17,9,21,13,1],[18,10,2,6,17,22,14,9,5,21,13,3],[6,2,10,14,22,18,5,17,9,21,13],[6,14,18,5,17,2,22,10,9,21,13],[10,2,18,22,6,17,14,9,21,5,13,15],[22,14,6,2,10,18,17,5,9,21,13,24],[18,22,2,14,10,6,17,9,21,5,13],[10,14,22,2,6,18,5,17,9,21,13,1],[22,2,6,18,5,17,10,14,9,21,13],[14,2,22,6,10,18,5,17,9,21,13,4],[10,14,2,18,6,17,22,5,9,21,13],[18,2,10,6,17,14,22,9,5,21,13],[10,22,14,18,6,5,17,2,9,21,13],[22,18,10,2,14,6,5,17,9,21,13,1],[2,10,18,14,6,5,17,22,9,21,13],[22,10,18,6,17,14,2,5,9,21,13,4,1],[2,18,10,22,6,5,17,14,9,21,13,1],[2,18,6,17,10,22,14,9,21,5,13,1],[14,22,18,10,6,17,2,9,5,21,13],[14,18,10,6,17,2,22,5,9,21,13],[14,10,18,2,6,5,17,22,9,21,13],[14,6,2,10,22,18,17,9,21,5,13],[10,22,6,14,18,5,17,2,9,21,13,3,4],[2,18,6,5,17,10,14,22,9,21,13,24],[10,6,18,17,22,2,14,5,9,21,13],[6,2,10,22,14,18,17,5,9,21,13,24,3],[2,14,18,22,10,6,5,17,9,21,13],[2,14,22,10,18,6,5,17,9,21,13],[22,6,10,2,18,17,14,9,21,5,13],[6,10,2,22,14,18,5,17,9,21,13],[22,2,14,10,6,18,17,9,21,5,13],[14,6,18,17,2,22,10,9,5,21,13],[22,6,2,10,18,17,14,9,21,5,13,1],[10,22,2,18,14,6,17,9,5,21,13],[10,6,2,18,5,17,22,14,9,21,13,4],[2,10,22,6,18,17,14,5,9,21,13,1],[2,14,10,22,6,18,5,17,9,21,13],[2,14,18,22,6,5,17,10,9,21,13],[18,2,6,5,17,22,10,14,9,21,13],[22,10,2,14,18,6,17,9,13,5,21],[6,22,10,14,18,17,2,5,9,21,13,1,12],[10,18,2,14,6,5,17,22,9,21,13,1],[18,2,14,6,5,17,22,10,9,21,13,16,7],[2,6,22,10,18,5,17,14,9,21,13,4],[2,10,22,18,6,5,17,14,9,21,13,1],[2,10,14,22,6,18,5,17,9,21,13],[10,2,6,14,18,5,17,22,9,21,13],[22,2,14,10,6,18,17,9,21,5,13,1],[6,2,10,22,14,18,5,17,9,21,13],[18,10,22,6,5,17,14,2,9,21,13],[22,6,18,17,2,14,10,9,5,21,13],[22,18,14,2,6,5,17,10,9,21,13],[14,6,2,22,18,5,17,10,9,21,13],[6,22,18,17,14,2,10,5,9,21,13,3],[22,6,18,17,2,14,10,5,9,21,13,1],[2,14,10,6,22,18,17,5,9,21,13],[10,2,22,6,14,18,17,5,9,21,13,4,1],[6,18,5,17,14,22,10,2,9,21,13],[14,2,18,6,17,22,10,9,5,21,13,1],[18,14,10,22,6,5,17,2,9,21,13,7,11,1],[14,2,18,10,6,17,22,9,5,21,13],[14,6,2,18,17,10,22,9,21,5,13],[2,6,18,5,17,10,22,14,9,21,13],[2,14,18,22,6,17,10,9,5,21,13],[18,2,14,6,5,17,22,10,9,21,13],[2,14,6,22,10,18,5,17,9,21,13,1],[6,10,2,14,22,18,17,9,21,5,13,3],[18,14,22,6,17,10,2,9,5,21,13,1],[2,10,14,6,22,18,5,17,9,21,13],[18,22,10,14,2,6,17,5,9,21,13,4],[14,10,2,18,6,17,22,5,9,21,13,1],[6,14,18,17,10,2,22,9,5,21,13],[14,2,22,6,10,18,17,5,9,21,13,1],[14,22,6,18,5,17,2,10,9,21,13],[22,18,2,10,6,5,17,14,9,21,13],[18,2,10,14,22,6,17,9,5,21,13],[2,22,6,14,10,18,5,17,9,21,13,3,1,15],[10,18,2,6,17,14,22,9,5,21,13],[2,18,6,5,17,10,14,22,9,21,13],[18,22,10,14,6,5,17,2,9,21,13],[10,6,18,5,17,14,2,22,9,21,13],[2,14,6,22,18,17,10,9,21,5,13,8,1,7],[10,6,18,5,17,2,22,14,9,21,13],[10,2,6,14,22,18,17,9,5,21,13,1],[22,10,14,18,6,17,2,5,9,21,13,1],[6,18,5,17,10,14,22,2,9,21,13],[2,6,18,17,22,14,10,9,21,5,13],[2,6,22,18,17,10,14,5,9,21,13,3,1],[6,18,17,2,14,10,22,9,21,5,13,3,1],[6,18,17,13,14,5,2,22,10,9,21,11,3],[6,18,17,10,14,22,2,5,9,21,13],[6,22,2,10,18,17,14,9,5,21,13],[22,6,10,2,14,18,17,9,5,21,13,12,1],[2,6,14,22,10,18,5,17,9,21,13,1],[6,18,5,17,22,10,14,2,9,21,13,12],[14,18,10,6,5,17,22,2,9,21,13,19],[2,22,6,18,17,14,10,5,9,21,13,16],[2,14,10,22,6,18,5,17,9,21,13],[22,10,6,14,2,18,5,17,9,21,13],[10,22,18,14,6,17,2,9,5,21,13,3],[6,10,18,5,17,22,2,14,9,21,13],[14,10,22,2,6,18,5,17,9,21,13],[2,22,6,10,14,18,5,17,9,21,13],[14,6,2,10,22,18,17,5,9,21,13],[10,2,18,6,5,17,22,14,9,21,13,1],[6,2,22,14,10,18,5,17,9,21,13,4],[22,2,18,14,10,6,5,17,9,21,13],[6,10,22,14,2,18,5,17,9,21,13],[18,2,6,17,22,14,10,9,5,21,13,1,4],[10,6,14,18,17,22,2,9,21,5,13],[22,14,10,6,2,18,5,17,9,21,13],[18,22,14,10,2,6,5,17,9,21,13,3,1],[14,6,10,18,17,22,2,5,9,21,13,3,15],[22,10,14,18,2,6,5,17,9,21,13],[18,14,2,22,10,6,17,9,21,5,13,3,1],[18,22,14,10,2,6,17,9,21,5,13],[6,2,10,18,17,14,22,9,21,5,13,1],[22,10,14,2,18,6,17,9,21,5,13],[10,14,2,22,18,6,17,9,5,21,13],[14,22,18,2,10,6,5,17,9,21,13],[18,14,2,10,22,6,5,17,9,21,13],[14,18,2,22,10,6,17,5,9,21,13],[10,18,2,22,6,5,17,14,9,21,13,3],[10,14,6,18,5,17,22,2,9,21,13],[22,18,6,17,10,2,14,5,9,21,13,11],[14,18,10,2,6,5,17,22,9,21,13],[6,2,18,5,17,10,14,22,9,21,13,1],[14,22,2,6,18,17,10,5,9,21,13,11],[6,18,17,2,14,22,10,9,21,5,13,4,1],[2,10,6,14,18,5,17,22,9,21,13,4],[14,6,18,5,17,22,2,10,9,21,13,3,16],[22,14,6,10,2,18,17,9,21,5,13,11],[2,18,10,14,6,5,17,22,9,21,13,4],[22,2,10,14,18,6,17,5,9,21,13,4,1],[14,22,18,2,10,6,5,17,9,21,13],[14,22,6,10,18,17,2,5,9,21,13,1],[14,2,22,6,10,18,5,17,9,21,13,1],[14,10,6,18,17,2,22,9,5,21,13],[18,2,14,22,6,5,17,10,9,21,13,12],[2,14,10,18,6,17,22,5,9,21,13],[2,6,18,5,17,14,10,22,9,21,13],[2,6,22,14,18,5,17,10,9,21,13,1,24],[2,6,14,18,5,17,22,10,9,21,13],[6,14,22,2,18,5,17,10,9,21,13,1],[14,2,18,10,22,6,5,17,9,21,13,24,1],[6,14,10,18,5,17,22,2,9,21,13,3],[6,2,14,10,18,5,17,22,9,21,13],[14,6,10,2,22,18,17,5,9,21,13,1],[18,2,10,22,6,5,17,14,9,21,13],[6,14,22,10,18,5,17,2,9,21,13],[10,6,18,17,22,14,2,9,21,5,13],[18,2,14,10,6,17,22,5,9,21,13],[14,10,22,18,2,6,5,17,9,21,13,4],[22,18,10,6,5,17,2,14,9,21,13],[22,2,6,10,14,18,5,17,9,21,13],[14,18,22,2,10,6,5,17,9,21,13,4],[14,2,10,18,22,6,5,17,9,21,13],[6,14,22,10,2,18,17,9,21,5,13,3,1],[18,22,14,6,5,17,2,10,9,21,13,1],[6,2,22,18,17,10,14,5,9,21,13,1],[18,2,22,10,14,6,5,17,9,21,13,1,19],[22,18,6,17,2,14,10,5,9,21,13,1],[6,18,5,17,10,2,22,14,9,21,13,4,1],[2,18,22,10,6,17,14,9,21,5,13],[6,14,22,10,18,5,17,2,9,21,13,1],[14,6,18,17,2,10,22,5,9,21,13,3],[2,10,22,18,14,6,5,17,9,21,13,3,20],[14,22,6,18,17,2,10,5,9,21,13],[10,22,2,18,14,6,5,17,9,21,13,7,1],[14,6,10,18,17,22,2,5,9,21,13],[18,6,5,17,14,22,2,10,9,21,13],[22,14,6,2,10,18,17,5,9,21,13,1],[18,22,14,6,17,2,10,9,5,21,13],[2,18,10,6,5,17,14,22,9,21,13],[6,18,17,22,2,10,14,5,9,21,13],[2,6,10,22,14,18,17,5,9,21,13,3],[18,6,17,10,2,22,14,9,5,21,13,4,1],[10,6,14,22,18,17,2,5,9,21,13],[14,6,2,22,18,5,17,10,9,21,13],[22,6,18,5,17,14,2,10,9,21,13,1],[10,14,22,2,18,6,5,17,9,21,13],[14,22,6,18,5,17,10,2,9,21,13,1],[2,18,6,17,14,10,22,5,9,21,13],[14,10,18,22,6,5,17,2,9,21,13,4],[14,6,22,18,5,17,2,10,9,21,13],[2,18,22,14,6,5,17,10,9,21,13],[2,10,14,6,18,17,22,5,9,21,13,1],[22,18,10,6,5,17,2,14,9,21,13],[22,6,18,17,2,10,14,5,9,21,13],[10,18,2,14,6,17,22,9,21,5,13],[2,22,18,10,14,6,5,17,9,21,13,3,1],[14,10,18,2,6,17,22,9,21,5,13,23],[22,10,14,18,2,6,17,9,21,5,13],[14,2,10,22,6,18,17,5,9,21,13,4,1],[18,10,6,17,22,2,14,9,21,5,13,16,1],[10,18,2,22,14,6,5,17,9,21,13,1],[10,22,6,18,17,14,2,5,9,21,13,23,24],[6,14,22,10,18,5,17,2,9,21,13],[22,2,14,10,6,18,5,17,9,21,13,3],[2,10,14,18,6,5,17,22,9,21,13,1],[22,14,18,10,6,17,2,5,9,21,13,1,16],[2,10,22,14,6,18,17,9,21,5,13],[10,2,22,6,14,18,17,9,21,5,13],[10,18,6,5,17,22,2,14,9,21,13,3,1],[2,18,6,17,10,14,22,9,5,21,13],[2,18,22,14,6,17,10,5,9,21,13],[10,18,6,5,17,22,2,14,9,21,13,4],[2,22,14,18,10,6,17,9,21,5,13,4,1],[10,18,22,2,6,17,14,5,9,21,13],[2,14,18,10,6,5,17,22,9,21,13,3],[2,10,22,18,6,5,17,14,9,21,13],[14,6,10,18,17,22,2,5,9,21,13],[2,14,10,18,22,6,5,17,9,21,13,1]],"n_human":6}