{"problem_id":"eH37JZyLMYNZkEh","sigma":75,"alpha":0.100,"cost":0,"probabilities":"[0.11, 0.21, 0.67, 0.01]","payoff_matrix":"[[-8, -37, -67, 48, 79, 47], [-67, -66, -59, -24, 126, 57], [-11, 35, -75, 119, -255, -63], [1, 59, 140, 156, -2, 27]]","uncovered":[[23,7,15,19,3,11,16],[7,23,11,15,3,19,21],[11,3,23,19,15,7],[19,23,11,15,3,7],[3,15,19,11,7,23,18],[19,7,23,15,11,3,10,17,8],[23,7,11,15,19,3,16,6],[23,3,11,15,19,7],[23,11,7,3,19,15],[15,11,3,7,23,19,5],[7,15,3,23,19,11],[23,15,7,11,19,3],[3,15,11,23,7,19],[7,11,23,19,15,3],[11,7,3,19,15,23],[19,7,15,11,23,3,21,1],[23,7,19,11,3,15,5],[11,7,3,15,23,19,2,13],[23,11,15,19,3,7],[15,11,19,7,23,3,1],[3,23,19,7,11,15,17],[7,19,23,11,3,15],[3,7,19,11,23,15,22],[7,19,11,3,15,23],[11,23,7,15,19,3],[15,7,3,19,23,11,9,12,6],[23,15,11,3,19,7],[11,7,19,15,3,23],[15,11,23,3,19,7,12],[23,19,15,3,11,7,16,20,10],[15,3,11,19,7,23],[3,19,7,11,23,15],[3,7,11,23,15,19],[23,3,19,15,7,11],[19,3,15,23,11,7,12,1,21,17],[15,3,11,7,23,19],[7,3,19,11,23,15,12],[23,3,7,15,19,11,14],[11,15,23,7,3,19,16],[11,3,7,15,19,23],[15,11,3,23,7,19],[7,23,11,15,3,19,9,22,12,5],[19,23,11,7,15,3,9,14],[7,15,11,23,3,19,14],[15,7,11,3,19,23,4,20],[19,3,7,23,15,11,8],[7,23,11,19,3,15],[7,11,19,15,3,23,22,2,12,10,6],[23,11,15,7,3,19],[23,15,3,7,19,11,17],[15,3,11,19,7,23,24,22],[15,19,7,23,11,3],[19,15,7,3,11,23],[11,19,3,15,23,7],[3,15,23,11,7,19,9],[19,23,11,7,15,3,14,8,16],[15,11,19,3,7,23,9],[3,15,11,23,7,19,22,14],[19,15,11,23,7,3],[3,19,7,11,15,23,18,14],[15,19,11,3,7,23],[23,3,19,15,7,11],[3,15,11,19,7,23,17,5],[3,11,15,19,23,7,4,13],[15,11,19,3,23,7,21,6],[15,23,7,11,19,3],[19,11,15,7,3,23],[11,3,23,15,19,7,6],[11,3,15,19,7,23],[7,3,19,11,15,23,14],[15,19,7,3,11,23,12],[15,11,19,7,23,3,10],[11,15,19,3,23,7,20],[15,7,19,23,3,11,4,17],[19,11,15,23,7,3,16,22,21,1],[3,15,23,19,11,7,12,10],[3,19,23,11,15,7],[3,7,23,11,19,15,14],[19,3,23,11,7,15],[19,3,23,11,15,7,21],[15,23,3,19,7,11,21],[3,23,7,19,15,11,6],[11,7,19,15,3,23,9,22,2],[3,11,7,19,15,23,17],[19,23,7,3,15,11],[19,15,11,23,3,7,1,2],[11,3,23,15,19,7],[23,15,3,19,7,11],[23,19,7,11,3,15],[11,3,23,19,7,15],[19,7,15,11,3,23],[3,19,11,23,15,7,1],[3,11,7,15,19,23],[11,23,3,15,19,7,10],[3,23,7,15,11,19,18],[3,7,11,19,15,23],[3,23,19,11,7,15],[19,3,7,23,15,11],[23,15,3,11,7,19,24],[11,7,19,3,23,15,5,8],[7,3,23,11,19,15,10,18],[7,23,11,3,15,19,14],[19,23,11,3,7,15,20],[11,23,15,7,19,3],[15,11,7,23,19,3,10,21],[23,3,7,19,15,11,17,12],[11,7,23,15,3,19,24],[23,7,11,19,3,15],[11,19,23,3,15,7,2,18,5],[19,7,23,11,15,3,8,2],[23,15,11,3,7,19],[19,23,15,3,7,11],[19,3,11,7,15,23],[7,15,23,3,11,19,13],[19,23,7,15,11,3],[11,3,7,23,15,19],[15,23,3,19,11,7,17,13],[3,19,15,23,11,7],[7,19,11,3,23,15,21,8,24],[11,7,3,19,23,15,24,17,6],[11,15,23,3,7,19,22],[15,3,7,19,23,11,8,20],[3,15,23,11,19,7],[7,11,3,19,15,23],[3,19,15,7,23,11,14],[7,23,3,15,11,19,21,18],[15,23,19,11,3,7,10],[23,19,7,11,3,15],[3,19,15,23,11,7,14,16],[23,7,11,19,3,15,5],[3,23,15,7,11,19,5],[3,19,7,11,23,15,17],[23,15,11,3,19,7,9],[7,3,19,11,23,15,12],[7,11,19,15,3,23,13],[7,15,11,23,19,3,13],[11,3,15,7,23,19,18],[7,19,3,15,11,23,9,5,12],[7,19,3,15,23,11,2],[15,7,23,11,3,19],[11,3,19,23,15,7],[11,15,3,19,23,7,10],[7,3,23,15,19,11],[19,7,3,23,11,15,4],[7,23,11,15,3,19],[19,3,23,7,11,15,12],[15,23,7,11,3,19],[7,11,3,19,15,23],[15,11,19,7,3,23,4,21],[23,11,15,7,19,3,17,21],[23,3,19,15,11,7],[19,15,3,23,7,11,1,22],[3,15,23,7,11,19],[15,3,23,11,19,7,21,9],[11,23,19,15,3,7],[23,15,19,11,3,7],[7,15,3,11,23,19,10],[19,11,23,7,15,3,24,2,18],[19,23,15,11,3,7,1],[23,3,11,19,15,7,5],[3,7,23,11,15,19],[11,23,3,19,7,15],[3,15,19,11,23,7,4,22,18],[11,3,19,15,7,23],[23,7,11,15,19,3,24,8,20,10],[11,23,15,7,3,19],[23,19,7,15,3,11,12],[15,3,23,11,7,19,5],[7,3,23,11,15,19,1],[15,19,11,3,23,7,8],[19,7,3,11,15,23,18],[3,7,23,15,19,11,14],[23,19,11,7,3,15],[3,19,11,23,15,7,4,16],[7,11,3,19,23,15],[11,3,19,7,23,15,6],[11,19,3,7,15,23,20],[23,15,11,7,3,19,6],[19,15,23,3,7,11],[3,15,23,7,11,19],[23,7,11,19,15,3],[7,19,3,15,23,11,12,21],[3,19,15,11,7,23,2,6,8],[19,7,11,23,15,3,6],[7,15,3,23,19,11],[11,7,3,15,23,19,22,9,10],[19,15,7,23,3,11],[11,7,23,15,19,3,21,16,5],[19,11,23,7,3,15,16,24],[15,11,19,7,3,23,12,5],[7,11,15,23,3,19],[3,19,15,11,7,23,20,9],[15,11,23,3,19,7,20,1],[19,3,7,15,23,11],[11,15,19,3,23,7],[11,7,15,23,3,19,6],[11,7,19,15,3,23,13],[23,7,11,3,15,19,1,24,12,6],[7,19,11,23,3,15],[23,11,15,19,7,3,21,24,6],[15,11,3,23,7,19,10,20],[3,7,19,11,23,15,18],[11,19,23,3,15,7],[7,23,3,11,15,19,17,14],[11,7,19,3,15,23,16],[3,11,23,19,15,7],[11,7,23,19,3,15],[11,3,15,19,7,23,21,16],[3,11,19,7,23,15,8,16,13],[3,7,19,23,15,11,2],[15,3,19,11,23,7,2,22],[7,23,19,11,3,15,10,8],[15,11,3,7,23,19],[11,3,7,15,19,23],[7,23,3,19,11,15,24,13],[3,15,19,11,23,7],[3,7,23,15,11,19],[19,3,23,11,7,15,2,6],[19,7,3,11,23,15],[19,3,15,11,7,23],[7,3,19,15,23,11,18],[23,19,15,7,3,11,1],[15,11,7,19,23,3],[7,23,15,3,19,11],[15,3,7,11,23,19],[3,11,19,7,15,23,22],[15,19,11,3,7,23,17,22],[23,11,3,19,15,7],[7,23,11,15,3,19,20,6,22],[15,11,23,7,19,3],[15,23,11,19,3,7,1],[19,11,23,3,15,7],[7,15,3,19,23,11],[7,19,11,23,15,3,8,21],[11,23,15,19,3,7,24],[23,7,19,3,11,15],[23,11,7,19,3,15,2],[19,7,11,15,3,23,24],[7,11,23,19,3,15],[23,11,3,19,15,7,1,24],[15,11,23,3,19,7],[19,3,11,7,15,23,10],[7,19,15,11,23,3],[15,7,11,19,23,3],[3,23,11,15,7,19,17],[3,11,19,15,23,7],[11,3,23,19,7,15,17,21,22],[11,7,19,15,23,3],[15,11,7,19,3,23],[15,23,3,7,19,11],[7,3,11,19,15,23,21],[11,7,15,19,3,23,24,5],[19,11,23,7,15,3],[15,11,19,23,3,7,20,16],[11,7,15,23,3,19],[3,15,19,11,23,7,20],[23,3,15,19,11,7,14],[23,7,11,3,19,15,8,18],[7,19,3,23,15,11],[19,3,7,23,15,11,21,9],[15,23,11,19,7,3,22,14],[23,7,11,3,19,15],[7,3,23,19,11,15],[11,15,23,7,19,3,10,13],[7,3,11,19,15,23,5],[3,11,19,23,15,7],[23,15,3,19,7,11,21],[15,7,23,19,3,11,14],[7,19,3,23,11,15,9,18],[19,15,7,23,3,11],[15,23,3,19,11,7,4],[3,7,15,23,11,19,9,4,6],[7,15,3,19,11,23],[3,23,15,7,19,11,6],[19,7,11,3,23,15,22,16],[7,3,23,19,11,15,12,1],[23,11,3,7,15,19],[11,7,23,19,15,3,22,4],[7,11,15,23,19,3,20,21],[23,7,3,15,19,11],[7,11,23,19,15,3],[11,19,15,7,3,23,5],[19,11,3,23,7,15,14],[3,7,11,19,23,15],[15,19,23,3,7,11,2],[3,7,11,15,23,19,1,9,5],[23,15,11,3,19,7,18,8,10,22],[11,7,15,19,23,3,10,8,17],[3,11,23,7,19,15,20],[23,19,11,3,15,7,6],[11,23,15,19,7,3,5,6],[19,23,3,7,15,11],[11,3,19,15,23,7,5],[7,15,3,11,23,19,6],[23,3,7,11,15,19,12],[19,3,15,7,11,23,13],[7,19,11,3,15,23,12],[19,7,15,11,3,23,4],[7,3,11,15,19,23],[11,3,23,7,15,19],[11,15,19,7,3,23],[19,3,23,7,15,11],[23,11,3,15,7,19,16],[15,3,19,7,11,23,1],[3,19,23,11,15,7,14],[11,15,19,23,7,3],[11,15,23,3,19,7,2,17],[19,15,23,11,3,7],[11,15,19,7,3,23,22,12,8,10,17],[19,23,7,11,15,3],[19,3,15,11,23,7,13],[3,7,11,15,19,23,13,9],[7,23,11,15,19,3,9],[11,3,7,15,23,19],[19,15,23,7,11,3],[11,23,3,15,7,19,20],[15,23,7,3,11,19,1,22],[15,19,7,3,11,23,21],[15,19,23,3,11,7],[7,19,3,11,15,23,1,9],[11,23,3,19,7,15,5],[19,15,23,7,3,11,13,1],[3,7,15,11,19,23],[3,15,7,23,19,11],[19,11,23,7,3,15],[3,23,7,11,19,15,17],[7,23,15,19,3,11,12,6],[19,7,23,11,15,3,8,22,20,13],[7,19,23,15,11,3,13],[3,23,7,19,15,11,12],[3,15,23,19,7,11],[19,11,7,15,3,23,9,4],[15,3,23,7,11,19],[15,7,3,19,11,23,24,12,20,21,2,18,10],[19,11,7,3,15,23],[7,15,19,23,3,11,10],[19,7,3,11,15,23],[3,11,15,19,7,23,20,9,16],[23,19,7,3,11,15],[7,3,23,19,11,15,16],[3,19,11,15,7,23],[7,19,3,15,11,23,13],[15,19,11,3,7,23],[19,23,15,11,7,3],[23,7,19,11,15,3],[7,3,19,23,11,15,22],[11,3,7,23,15,19],[3,11,23,7,19,15,5],[3,23,7,15,11,19,20,6],[7,3,11,23,19,15],[19,7,23,3,11,15],[15,7,3,23,19,11,17,5],[19,3,23,11,7,15,22],[7,15,3,19,23,11,2,20,22,18,14],[15,3,7,11,23,19,13,22],[23,3,11,15,19,7,9,24,21],[19,11,7,15,3,23,14,16],[23,11,15,7,3,19,2,18],[3,11,23,15,7,19,9,2,12],[7,15,23,11,19,3,1],[7,3,11,15,23,19,8,6,4],[15,23,7,3,19,11],[3,11,7,19,15,23],[7,23,19,15,11,3,18],[15,19,11,7,3,23,13],[11,23,7,19,3,15],[19,7,15,11,3,23,24,14],[3,11,15,23,19,7,8],[23,3,15,7,19,11,6],[7,15,19,11,23,3,10,22],[19,23,3,7,11,15,16],[15,7,11,3,23,19],[3,15,19,11,23,7,13,17],[7,11,3,15,19,23,1,4,18],[3,7,23,11,15,19],[15,11,3,19,23,7,6],[11,3,23,7,15,19,9,5],[23,11,7,3,15,19,21],[11,23,7,19,3,15],[23,7,19,3,15,11],[3,15,7,23,11,19],[15,11,19,23,7,3,13],[11,19,15,7,3,23,16],[11,23,3,15,19,7],[15,19,11,3,7,23,20],[23,15,19,7,11,3,1,13,12],[11,15,23,7,3,19,16,2,6],[11,23,3,15,7,19,1],[11,7,3,23,15,19],[11,7,3,23,19,15,18,6],[23,15,11,19,3,7,4,24,13],[23,11,7,3,15,19,22,16,8,2,5],[3,19,15,23,7,11,14],[11,19,3,23,15,7,10],[7,19,15,11,3,23],[23,19,11,7,3,15,13],[23,15,7,11,19,3],[23,15,7,19,3,11,2,4,22,8],[11,19,15,3,7,23],[11,19,7,3,23,15],[3,11,7,15,23,19],[3,23,15,11,7,19],[3,19,15,23,11,7],[23,15,3,7,19,11,14,17],[23,19,7,11,3,15],[3,11,15,7,19,23],[15,11,7,3,19,23],[11,19,7,23,15,3],[19,11,7,3,23,15,1],[15,7,11,3,23,19,24,20,21],[3,15,7,19,23,11],[7,19,23,15,11,3],[3,23,19,7,11,15],[7,15,23,3,11,19,5],[3,15,11,23,7,19,24,20,5],[7,11,3,15,19,23,8],[15,11,3,19,23,7,5],[23,11,3,19,7,15],[23,19,15,3,7,11,8,12,5],[7,23,11,3,19,15,2,24,5],[7,3,15,11,23,19,14],[3,23,19,7,15,11],[23,7,15,11,19,3,8],[19,11,3,23,15,7,5],[15,19,3,11,23,7],[23,19,7,3,11,15,16,24,1],[19,23,15,3,7,11,16],[11,23,3,15,19,7],[11,23,7,3,15,19],[11,15,3,23,19,7,12],[11,23,7,15,3,19],[15,23,11,7,19,3,9],[23,19,7,3,11,15,13],[23,11,3,19,15,7],[7,3,19,23,11,15],[15,23,3,7,11,19],[3,23,11,19,7,15,9,4,1],[23,3,15,11,7,19,8],[15,23,3,11,19,7],[23,15,19,7,11,3],[23,7,11,3,15,19,6],[19,7,15,23,3,11,2],[11,3,23,19,15,7],[23,15,3,11,7,19],[23,11,7,19,15,3,1,21],[7,11,15,3,23,19],[15,3,7,23,19,11],[7,3,11,15,23,19],[3,19,11,15,7,23,5],[19,23,7,3,11,15],[23,7,15,3,11,19],[15,7,11,3,23,19,10],[15,11,19,23,3,7,8,5],[7,19,15,3,11,23,17,24],[11,23,15,19,7,3,13],[3,23,19,11,15,7],[7,3,11,19,15,23,5],[15,11,19,7,23,3],[3,7,15,23,11,19],[3,15,19,23,11,7,16,10,20,21,13],[11,3,19,23,7,15],[19,11,3,23,7,15],[11,3,7,23,19,15,13,14],[7,19,3,15,11,23],[11,15,23,3,7,19],[19,11,23,3,15,7,2,20],[7,19,3,15,23,11,13,1],[23,15,3,7,11,19,12,13],[15,23,3,7,19,11],[11,3,23,7,19,15,20,24],[7,3,19,23,11,15,4],[23,15,3,19,7,11,6],[7,15,3,23,19,11,21],[15,19,7,3,23,11],[3,19,23,7,11,15,22,9],[3,7,11,15,19,23,12,9,4],[15,23,7,11,3,19],[3,23,15,19,11,7,2],[3,7,19,15,11,23,22,6],[3,7,11,15,23,19,10],[7,11,19,15,3,23],[3,19,23,15,7,11],[7,15,23,11,19,3,5],[3,23,7,19,11,15,10,2,9,12,6],[15,19,11,23,7,3],[7,3,11,19,15,23],[15,11,23,19,7,3,16,20],[7,15,19,3,23,11],[23,7,19,3,11,15,24,18,9,4],[15,3,19,7,23,11],[19,11,15,3,23,7,8],[19,7,23,15,11,3,18,6],[7,15,19,23,3,11],[7,23,3,19,11,15,8,21,10,20,18],[11,15,7,19,23,3,1,5],[3,11,7,19,23,15,6],[3,19,7,11,23,15,24,8,6],[15,23,11,19,3,7,20,4,12],[11,23,15,3,7,19,13],[3,19,15,23,11,7,14],[19,7,3,11,23,15,4,16],[23,19,15,7,11,3],[7,23,19,11,15,3,8,24,13],[23,7,3,11,15,19,18],[19,7,11,3,15,23],[15,11,3,7,23,19,13,6,1],[7,23,11,19,3,15,14],[15,7,11,19,23,3,2],[15,19,7,23,11,3],[3,19,7,11,15,23,16,10],[19,3,23,11,7,15],[19,11,15,3,7,23],[7,3,19,11,15,23,6],[15,23,11,7,19,3,24],[7,3,23,11,15,19,10,5],[23,11,15,3,7,19,8],[23,7,3,15,19,11],[19,7,15,11,23,3,9,17],[11,23,19,3,7,15,1],[23,19,3,7,15,11],[3,19,11,7,15,23,12],[19,7,15,23,3,11,8],[15,7,23,19,11,3],[15,19,7,23,3,11],[19,15,3,23,11,7],[23,7,19,11,15,3],[19,7,23,3,15,11,12,4,13],[19,11,15,7,3,23],[19,11,3,7,23,15],[3,23,11,7,19,15,22,17],[15,7,19,3,11,23],[3,15,11,19,7,23],[15,7,23,11,3,19,12],[15,3,19,23,7,11,10],[7,23,11,19,15,3],[3,7,19,15,11,23,14],[3,19,23,15,7,11,22],[15,19,11,23,3,7,1],[15,7,3,19,23,11],[19,7,11,3,15,23],[23,19,15,3,11,7],[11,3,19,15,23,7,20],[19,15,3,23,7,11],[19,7,11,3,23,15],[15,3,11,19,7,23],[19,3,7,11,23,15,13],[11,19,7,23,3,15,5],[19,7,23,15,3,11,13],[11,15,19,23,7,3],[15,19,11,23,3,7,17],[3,11,15,23,19,7],[7,19,11,23,15,3,20],[19,23,7,15,11,3,16,14],[15,7,11,19,23,3,20,12],[7,19,11,3,23,15],[11,7,23,19,3,15],[7,23,11,3,19,15],[23,7,15,3,19,11,4,13],[23,7,19,11,3,15,22],[11,23,19,7,3,15,18,14],[19,23,7,15,3,11],[7,19,3,15,11,23,13],[15,23,19,3,7,11],[3,7,19,11,15,23,10],[23,7,19,15,3,11,5],[15,19,23,7,3,11,13,20],[15,7,3,23,11,19,14],[7,15,3,23,11,19],[7,19,11,15,3,23,12,13],[3,15,23,7,11,19],[15,7,19,11,3,23],[23,7,3,19,15,11,9],[11,23,15,19,3,7,12,10],[23,3,7,11,19,15],[23,11,15,19,7,3,21,13],[7,19,11,23,3,15],[15,19,23,11,3,7,22,2,5,14],[11,15,23,3,7,19,12],[15,3,23,19,11,7],[11,19,7,3,23,15,10],[3,7,11,23,19,15],[23,3,7,15,11,19],[19,3,7,11,15,23],[19,3,11,7,23,15],[23,7,19,3,11,15,8],[11,23,7,3,19,15],[23,11,7,15,3,19],[7,19,3,11,23,15],[7,3,23,19,15,11,9,24],[15,19,23,7,11,3],[19,7,23,3,15,11],[11,19,3,15,23,7,8,18,14],[19,15,7,11,23,3,9,24,12,4],[23,7,15,11,19,3,13],[19,23,7,3,11,15,16],[3,11,15,7,23,19],[11,15,3,19,7,23],[23,15,11,3,19,7,22,9],[11,3,23,7,15,19,18],[11,19,3,15,23,7],[15,19,3,11,7,23],[23,15,3,7,11,19,12],[15,23,19,11,7,3],[19,11,23,15,7,3,17],[23,19,15,11,7,3],[23,11,7,19,15,3,18,9],[11,23,15,7,3,19,9,5],[15,19,11,23,7,3,2],[11,3,19,7,15,23,10],[11,19,23,15,7,3],[19,3,7,15,11,23,13],[3,7,23,19,15,11],[11,23,7,3,15,19],[7,15,23,19,11,3],[11,19,23,3,7,15,4,8,17],[23,7,19,15,3,11,6],[19,11,15,23,7,3],[3,23,19,11,7,15],[15,11,7,19,3,23,5],[3,19,15,23,11,7,20],[11,15,23,19,7,3],[19,7,3,15,23,11],[23,15,11,19,3,7,18,24,4,12],[3,23,19,11,7,15],[11,19,23,7,15,3,20,1,18],[11,3,7,19,15,23],[23,19,15,11,3,7,21,6],[23,11,3,19,15,7,20],[7,15,19,23,3,11],[19,11,23,7,15,3],[23,11,7,19,15,3,14,6,22],[15,23,7,3,19,11],[23,19,3,11,7,15],[7,15,19,11,23,3],[19,3,23,15,7,11],[11,15,23,3,7,19,18],[15,3,23,19,11,7,8],[15,7,3,11,19,23],[11,7,19,3,15,23,20,17,10,24,1],[15,3,7,19,23,11],[11,15,3,19,23,7,16],[7,19,23,15,11,3],[19,7,15,11,3,23,2,5],[11,23,15,3,19,7],[15,19,3,7,23,11,4,6,2],[3,23,19,11,15,7],[11,15,23,3,7,19,12],[7,3,23,15,11,19,18],[3,7,11,19,23,15,5,13],[11,15,23,3,19,7,22,9],[19,23,7,15,11,3,1],[11,15,3,23,19,7,21,13],[7,15,23,3,19,11,6],[15,23,19,11,7,3],[11,23,15,7,19,3,20,16],[11,19,23,3,15,7,1],[3,15,11,19,23,7],[7,3,15,11,19,23,12],[19,15,11,7,3,23],[23,19,11,7,15,3,10,13],[19,7,11,15,3,23],[3,7,11,15,23,19,14],[15,11,7,19,23,3],[7,3,23,11,19,15],[15,23,3,11,19,7,6,12],[19,11,23,15,3,7],[7,23,15,19,3,11,10,16],[11,15,19,7,23,3],[3,15,19,7,11,23,9,5],[19,11,15,23,3,7],[15,3,23,11,7,19],[19,15,11,3,23,7],[19,23,15,3,11,7,20,1,10],[23,19,3,15,7,11],[19,3,23,15,11,7,20,4],[15,19,23,3,11,7,4,9],[23,7,11,3,19,15,22],[11,15,19,23,7,3],[19,7,15,11,23,3,18],[19,3,11,23,7,15,17,24],[7,19,15,3,23,11],[15,7,11,19,3,23],[23,11,7,19,15,3],[11,19,3,7,15,23],[15,3,23,11,19,7,20,9,10],[7,3,11,19,23,15,4],[7,11,19,15,23,3],[11,15,19,7,23,3],[19,11,23,7,3,15,18,4],[11,23,7,19,15,3,2],[19,3,11,15,7,23,5],[19,23,7,3,15,11,18],[15,3,11,19,23,7,6],[15,23,3,7,19,11,2],[15,19,3,7,23,11,6],[19,15,23,7,3,11,10],[11,7,19,23,3,15],[11,15,3,23,7,19,4,1],[11,3,15,7,19,23],[7,15,11,23,19,3],[23,11,3,19,15,7],[15,11,7,23,19,3,18,21,22],[23,7,11,19,15,3,2,1,4],[15,7,3,19,11,23,14],[7,19,15,11,23,3],[19,15,23,7,3,11],[7,23,19,3,11,15,13],[7,15,11,19,23,3,16,2],[7,23,3,19,11,15,18],[15,11,7,19,3,23],[7,11,15,19,3,23,14],[11,23,15,7,3,19,13],[23,3,11,7,15,19,13],[15,19,11,7,3,23,4,20,5],[19,3,15,23,11,7],[15,23,11,3,7,19,13,8],[3,19,7,15,11,23],[19,3,7,23,15,11,20],[11,19,15,3,7,23,14],[11,3,15,23,19,7,21,14],[3,23,11,7,19,15],[3,19,7,23,11,15,2,6],[23,19,7,15,11,3],[15,23,3,19,11,7,24,14],[7,3,19,23,11,15,22],[19,11,7,23,3,15,13,12],[7,3,15,19,23,11,20],[11,3,15,19,7,23],[7,19,11,3,15,23],[3,15,7,11,19,23],[3,15,19,23,11,7],[11,23,15,19,7,3],[3,15,19,23,11,7,5],[7,11,15,19,23,3],[3,19,7,23,15,11],[7,19,11,23,3,15,20],[19,15,3,7,23,11,21,9],[3,19,15,11,7,23],[19,15,7,11,3,23,2,14],[3,19,23,11,15,7,16,4],[7,11,19,15,23,3,8,9],[7,11,3,15,19,23,2,20],[23,15,19,11,7,3],[3,7,23,15,11,19,16],[15,19,7,3,11,23,18,14],[23,15,11,19,3,7],[19,7,3,15,23,11],[3,15,7,11,19,23],[15,23,7,3,11,19,10],[7,23,15,11,3,19],[7,15,3,19,11,23,17],[7,15,3,23,19,11,14],[7,3,11,19,23,15,13],[23,19,7,11,15,3],[3,15,11,23,19,7,2,21,14,17],[3,23,15,11,19,7],[15,19,11,3,7,23,10,8],[23,19,11,15,3,7,17],[3,11,15,7,23,19,8],[19,3,15,23,11,7,10,13],[23,3,7,19,15,11,22],[15,7,23,11,19,3,22],[7,23,19,15,3,11],[3,7,19,15,23,11,4,16,17,13,21],[11,15,19,3,23,7,9,14],[15,7,3,11,23,19,18],[15,11,19,3,7,23],[15,7,3,11,19,23,10,8],[3,19,15,7,23,11,14],[3,7,19,23,11,15],[15,11,7,19,23,3],[11,3,19,15,23,7],[7,15,3,23,19,11,20],[3,11,15,7,19,23],[11,19,23,3,7,15],[19,7,15,23,3,11,21,2,17],[23,7,15,3,19,11,6],[7,15,23,3,19,11],[3,19,15,7,11,23],[11,15,23,7,19,3,16],[19,3,11,15,7,23,4],[7,23,19,3,11,15],[23,3,15,11,7,19,18,22,6],[11,23,19,15,3,7],[19,11,15,23,3,7,8,22,14],[19,3,15,11,7,23,18,12],[15,11,3,23,7,19,9,1,16],[19,15,23,7,11,3],[3,19,7,11,23,15,14],[23,7,15,19,11,3,5],[7,23,11,3,19,15,1,21,16,18],[23,11,3,7,15,19],[3,19,11,23,7,15,12,2],[23,7,3,19,11,15,5],[3,19,11,23,7,15,9],[23,3,11,7,15,19],[19,23,3,11,7,15,17],[7,19,11,23,15,3],[15,19,7,3,23,11],[15,3,7,23,11,19],[15,3,7,19,11,23,13],[15,11,3,23,19,7],[11,23,3,19,15,7,13],[3,15,7,23,19,11,20],[7,3,19,23,11,15,1],[15,3,23,11,7,19],[19,7,23,3,11,15,22],[23,3,15,7,11,19,24,16],[11,3,7,19,23,15],[19,11,7,3,15,23],[11,15,19,23,7,3],[23,3,7,19,15,11,6,20],[3,19,7,11,15,23],[3,11,23,7,15,19],[3,23,11,7,15,19,17],[11,19,15,23,3,7,18,6],[3,15,7,23,11,19],[3,7,11,19,15,23],[3,23,11,15,19,7,22],[19,23,11,7,15,3,4],[3,15,11,23,19,7],[23,3,11,19,7,15],[11,23,15,3,7,19,18],[23,11,19,3,7,15],[15,3,23,7,19,11,10,5],[7,11,19,23,3,15],[19,15,7,23,11,3,10],[3,23,19,15,11,7],[15,3,23,11,19,7],[7,19,11,23,15,3,16,1],[11,19,23,15,3,7],[11,15,7,23,19,3,16],[23,15,7,19,11,3,16],[3,19,15,7,11,23],[11,23,7,19,3,15],[3,15,7,23,11,19,24],[3,11,23,7,19,15],[19,23,15,7,11,3,1],[3,7,23,11,19,15],[11,19,7,15,23,3,5],[19,3,15,23,7,11,17],[15,11,23,3,7,19,4,9,21],[23,3,19,11,7,15],[15,23,11,7,3,19,21,14],[15,7,3,11,19,23,9,5],[7,15,23,19,11,3,14],[7,11,19,23,3,15],[23,7,3,11,19,15,24],[19,7,15,3,23,11,4],[15,19,11,7,3,23,14],[11,23,3,19,7,15,18],[3,23,19,15,11,7,4],[3,7,11,19,23,15,8],[15,23,11,7,19,3,9,1,22,18,5],[15,19,7,11,23,3,5],[15,7,3,11,23,19],[15,23,11,7,3,19,16,18],[19,15,23,11,3,7],[3,23,19,11,15,7,10],[15,19,7,11,23,3,13],[3,19,23,7,15,11,12],[23,11,7,19,15,3,5],[23,11,7,15,3,19],[7,3,15,23,11,19,14],[3,19,11,23,15,7,22],[15,19,23,11,7,3,17,6],[15,11,23,3,7,19,13],[11,7,23,19,3,15],[19,15,23,7,3,11],[3,7,11,23,19,15],[11,15,23,7,19,3,13,10],[23,3,19,11,15,7,16],[11,3,7,23,19,15,6],[19,15,11,3,7,23,4],[19,11,7,15,3,23,8],[11,7,19,3,23,15,9,2],[15,23,11,19,3,7],[3,15,23,19,7,11,24,22],[15,23,19,11,7,3],[15,3,11,23,7,19,24,16],[11,15,19,3,23,7],[15,19,7,23,3,11,24],[19,11,3,7,15,23],[3,11,7,19,23,15],[19,3,23,7,15,11,16,4,22],[3,23,7,11,15,19],[7,11,19,15,3,23],[11,7,3,23,15,19],[23,19,7,11,3,15],[15,11,3,23,19,7],[7,11,23,19,3,15],[11,7,3,23,15,19],[19,15,7,3,11,23,16,18],[11,23,15,19,7,3,2],[11,23,7,15,3,19,10,2,18,13],[19,7,3,15,11,23,13],[23,7,19,11,15,3],[23,7,19,11,3,15],[15,19,11,23,3,7,2],[19,7,15,23,3,11],[11,7,15,23,3,19,20],[19,3,15,23,7,11],[19,11,15,7,3,23],[23,3,19,15,11,7,4,18,12,16,6],[19,23,3,11,7,15,16,21],[3,11,7,19,23,15,2,5,24],[19,3,7,23,15,11],[15,3,19,7,11,23],[15,7,3,23,19,11,5,18],[3,19,11,15,23,7],[23,11,15,19,7,3],[15,7,3,23,19,11],[15,23,11,3,7,19,8,22,18,16],[19,7,23,11,3,15],[19,11,23,15,7,3],[15,11,19,7,23,3],[11,19,3,15,23,7],[11,23,19,15,7,3],[19,23,11,3,7,15],[23,7,3,11,19,15,5,14],[11,7,3,15,23,19],[19,23,11,7,15,3,16],[19,15,23,7,3,11],[7,15,11,19,23,3,21,16],[15,3,23,11,7,19,17],[3,19,11,15,7,23,13,10],[15,23,19,3,11,7],[3,19,11,7,23,15],[7,15,23,19,3,11,14,24,16],[23,11,19,15,3,7],[15,19,7,23,11,3,8,18,9,17],[11,3,7,23,15,19,8,6],[15,11,3,23,7,19],[3,15,23,7,19,11,1,8,6],[15,23,3,19,7,11],[7,19,3,23,15,11,10],[11,3,7,15,23,19,13],[7,3,19,23,11,15,20],[15,23,3,19,7,11],[7,23,15,11,3,19,22,16,4],[7,11,3,23,15,19],[3,11,19,7,23,15,4,5],[7,23,11,19,3,15,9,1,2],[11,19,7,15,3,23,16,10],[15,19,7,3,11,23],[7,3,15,19,23,11,14],[23,7,3,15,11,19],[19,23,11,7,15,3],[23,7,15,3,19,11],[19,3,7,11,15,23],[19,11,15,23,3,7],[23,7,19,3,11,15,17,18],[15,3,23,19,11,7],[15,11,19,3,7,23,24],[23,11,7,3,19,15,20,22,24,10],[7,15,3,11,19,23],[3,7,11,19,23,15],[23,19,11,3,15,7],[11,7,23,3,15,19,5],[23,19,7,15,3,11],[15,7,19,23,3,11,14],[15,3,19,7,23,11,8],[19,15,23,3,11,7],[23,3,7,15,19,11,24,21,12,14,16],[15,19,3,7,11,23],[7,23,15,11,19,3,1],[7,23,15,3,11,19],[19,11,23,3,15,7],[15,11,3,23,7,19,14,13],[3,19,7,23,15,11,18],[15,23,3,7,11,19],[19,7,15,23,11,3,13],[15,7,23,11,19,3],[19,11,3,23,15,7],[11,23,19,15,7,3,10,5,4,21,1,12],[3,15,7,19,23,11],[11,19,7,23,15,3,12,6],[7,15,11,3,19,23],[7,3,19,23,15,11],[23,11,15,19,7,3,6],[3,11,15,7,23,19],[7,3,15,19,11,23,24,10],[3,23,15,11,19,7],[11,23,19,7,3,15],[23,15,19,7,3,11,2],[3,15,19,11,23,7,24,5],[3,15,11,7,19,23],[15,3,23,11,19,7,6],[7,15,23,3,19,11,9,10,18],[15,3,7,23,11,19],[11,19,23,7,3,15],[7,23,3,19,15,11,1],[11,19,15,23,3,7,10,12],[11,3,23,7,15,19],[11,15,23,19,7,3],[3,23,19,11,15,7,2,21,5],[19,11,3,15,7,23,21],[11,19,15,7,23,3],[7,23,11,15,19,3,13],[7,3,15,11,19,23]],"n_human":10}