{"problem_id":"fcHOwLy6l8bW08K","sigma":75,"alpha":1.000,"cost":4,"probabilities":"[0.19999999999999998, 0.45, 0.27, 0.08]","payoff_matrix":"[[113, -83, 59, -66, 183, 104], [-11, -111, 26, -49, 55, -90], [171, 15, 29, -28, -133, -78], [81, 75, -6, -74, -80, -29]]","uncovered":[[22,14,10,2,6,18,19],[14,2,6,10,18,22,19],[22,2,18,10,6,14,11,19],[18,14,10,2,22,6],[10,14,22,2,18,6,11,19],[14,18,6,10,22,2,11,19],[18,2,10,22,14,6,19],[22,10,14,6,2,18],[10,22,2,14,6,18,11,19],[6,18,10,22,14,2,11,19],[22,14,2,10,18,6],[14,22,10,18,6,2],[14,2,22,10,6,18,11,19],[6,18,14,10,2,22,11,19],[18,6,10,14,22,2],[6,18,22,14,2,10,19],[22,10,14,2,6,18,19],[22,2,18,14,10,6,11,19],[6,14,22,2,10,18,19],[2,10,14,6,18,22,11,19],[18,22,14,2,6,10,19],[10,18,6,14,2,22,19],[10,22,2,18,14,6,19],[6,18,14,10,2,22,11,19],[22,18,6,2,10,14],[10,14,6,18,22,2,11,19],[10,14,18,22,2,6,11,19],[6,2,18,10,14,22],[22,2,18,10,14,6,11,19],[18,10,22,6,2,14,11,19],[6,22,10,14,18,2,11,19],[6,18,10,14,22,2,19],[18,14,6,2,22,10,19],[6,2,14,22,18,10,11,19],[2,18,14,10,22,6,11,19],[22,2,14,18,10,6,19],[6,10,2,18,22,14,11,19],[22,2,18,14,6,10,11,19],[2,10,14,18,6,22,11,19],[18,22,14,10,6,2,11,19],[10,22,2,6,18,14,19],[10,2,14,22,6,18,11,19],[10,18,14,22,2,6,19],[2,10,14,18,22,6,19],[22,18,14,6,10,2,19],[18,10,14,2,6,22,11,19],[18,6,22,10,2,14],[6,10,2,18,22,14,11,19],[22,18,10,14,2,6],[18,14,22,6,2,10,11,19],[22,18,14,10,2,6,19],[22,14,18,10,6,2,11,19],[18,14,6,10,2,22,19],[14,6,2,10,18,22,19],[18,22,10,2,6,14,19],[14,6,10,18,2,22,11,19],[6,22,18,2,10,14],[18,14,2,22,10,6,19],[22,6,10,18,14,2,11,19],[22,2,10,18,6,14],[6,2,22,10,18,14],[14,2,6,10,18,22,19],[22,2,14,18,6,10],[14,6,22,10,18,2,19],[10,6,18,22,2,14,11,19],[18,10,14,2,22,6,11,19],[18,22,14,2,6,10],[10,22,6,14,2,18,19],[18,22,6,10,14,2],[2,6,22,10,14,18],[2,22,14,18,10,6,11,19],[6,22,18,2,10,14,19],[6,18,22,14,2,10,11,19],[22,6,10,18,14,2,19],[10,2,22,14,18,6,19],[10,22,2,18,6,14,11,19],[10,18,22,6,2,14],[18,2,6,22,14,10,19],[14,10,18,6,2,22],[18,14,6,22,2,10,11,19],[22,2,14,6,18,10,19],[10,6,14,2,18,22,11,19],[10,18,22,2,14,6],[18,10,14,2,22,6],[2,6,22,18,10,14,19],[18,10,6,2,22,14,19],[18,2,6,10,14,22,19],[10,18,2,6,14,22,11,19],[18,6,22,2,10,14,11,19],[2,14,10,22,6,18,11,19],[6,10,22,18,2,14,19],[2,22,14,10,6,18,19],[10,14,22,2,18,6,11,19],[10,2,14,18,6,22],[6,22,10,14,2,18],[6,2,22,18,10,14],[2,6,22,18,10,14,11,19],[10,14,18,2,22,6],[2,14,6,18,10,22,19],[14,18,10,22,2,6],[10,22,14,6,18,2,19],[14,22,2,10,6,18,11,19],[6,2,14,10,22,18,19],[22,2,14,18,6,10,11,19],[6,10,2,22,18,14,11,19],[6,18,22,14,2,10,19],[18,22,14,2,10,6],[6,18,14,22,2,10,19],[14,18,22,2,6,10],[2,14,18,22,6,10],[14,10,18,2,6,22,19],[2,18,10,14,22,6,11,19],[14,6,18,10,2,22,11,19],[18,6,14,2,22,10],[18,22,6,10,14,2],[18,14,22,6,10,2],[10,2,14,18,6,22,11,19],[2,6,14,18,10,22,11,19],[2,14,22,18,6,10,11,19],[6,10,2,22,14,18,19],[2,18,6,14,10,22,11,19],[6,18,2,14,22,10,19],[14,10,6,18,2,22,19],[18,10,6,2,22,14],[18,14,2,10,22,6,11,19],[14,10,2,22,18,6],[18,10,14,2,22,6,19],[22,18,10,2,14,6,11,19],[2,6,18,22,10,14,11,19],[6,14,18,22,10,2,19],[18,14,2,22,6,10,11,19],[6,2,22,14,10,18,11,19],[6,10,14,22,18,2],[22,14,10,18,6,2,19],[14,10,22,18,6,2,19],[2,6,22,10,18,14],[22,2,14,10,18,6,11,19],[2,14,18,6,22,10,11,19],[6,14,10,22,2,18],[14,22,10,6,18,2,19],[10,18,14,22,6,2,19],[22,14,10,6,18,2,11,19],[22,14,10,2,18,6],[18,10,14,22,6,2,11,19],[14,2,18,22,6,10,11,19],[22,6,14,18,2,10,11,19],[10,14,18,2,6,22,19],[2,14,6,10,22,18,19],[6,2,22,14,18,10],[22,6,18,14,10,2,11,19],[2,10,18,22,6,14,19],[14,10,18,6,2,22],[6,22,14,2,10,18],[18,22,6,14,2,10,11,19],[22,2,14,10,18,6],[10,6,2,22,18,14,19],[2,14,10,6,22,18,11,19],[18,2,6,22,10,14],[14,22,6,18,10,2,19],[14,6,10,22,2,18,11,19],[6,22,2,10,14,18,19],[18,14,6,2,22,10,11,19],[22,10,2,18,14,6,11,19],[22,2,18,6,10,14,11,19],[10,2,18,14,22,6,11,19],[10,22,2,18,6,14,11,19],[14,18,6,10,22,2,11,19],[6,2,18,22,10,14,11,19],[14,22,2,6,10,18,19],[10,2,14,18,22,6,11,19],[22,14,18,2,10,6,11,19],[6,22,14,18,10,2],[18,2,10,14,22,6,11,19],[14,18,6,2,22,10,19],[14,2,18,10,6,22,19],[2,18,6,10,14,22,11,19],[18,14,2,10,22,6],[6,22,2,18,10,14,19],[2,18,14,10,22,6,11,19],[2,6,14,10,22,18,11,19],[18,2,6,10,22,14,11,19],[18,22,6,2,14,10,11,19],[6,14,10,18,2,22,11,19],[10,2,18,22,14,6,11,19],[6,10,2,18,22,14],[10,18,6,22,14,2,11,19],[2,6,14,10,18,22,11,19],[10,22,14,18,2,6,19],[18,22,6,14,2,10,19],[18,2,14,6,22,10,11,19],[10,6,14,22,18,2,19],[2,22,14,10,18,6,11,19],[22,6,18,2,10,14,11,19],[6,22,10,14,2,18,19],[18,2,6,10,22,14,11,19],[18,10,2,22,6,14,11,19],[14,6,2,22,10,18,19],[10,22,6,14,18,2,11,19],[14,2,18,22,6,10,11,19],[2,14,18,6,22,10,11,19],[14,6,18,2,10,22,11,19],[6,2,14,10,22,18],[22,18,6,14,2,10,19],[2,6,14,18,22,10],[14,6,18,10,2,22,19],[6,18,14,22,10,2,11,19],[14,6,10,22,2,18,19],[22,10,18,2,6,14,19],[18,22,2,6,10,14,19],[22,10,6,2,18,14],[14,2,10,6,22,18],[22,14,10,18,2,6],[14,22,18,10,2,6,11,19],[22,6,10,2,18,14,11,19],[18,2,22,6,14,10,11,19],[10,18,6,2,14,22,11,19],[2,22,18,6,14,10,19],[14,6,10,2,18,22,11,19],[22,18,2,14,10,6,11,19],[2,14,18,10,22,6,19],[14,6,2,18,22,10,19],[6,2,14,10,18,22,11,19],[6,10,14,18,2,22,19],[6,10,14,22,2,18,19],[22,14,6,2,10,18],[10,2,22,18,6,14,19],[18,2,14,10,6,22,19],[6,22,10,18,14,2,19],[14,2,10,22,18,6,11,19],[2,6,14,18,22,10,19],[14,22,6,2,18,10,19],[10,14,6,2,22,18,11,19],[22,14,6,10,18,2,19],[14,2,6,22,18,10,11,19],[10,6,14,2,22,18,11,19],[2,10,18,6,14,22,19],[14,2,18,22,6,10,19],[22,10,14,6,18,2,19],[14,10,2,22,6,18,11,19],[22,18,14,10,2,6,11,19],[2,10,18,6,22,14,19],[22,14,10,18,2,6,19],[2,14,22,18,6,10,11,19],[2,6,18,10,22,14,11,19],[6,18,14,10,2,22,11,19],[18,2,22,10,14,6,19],[10,6,14,22,2,18,11,19],[6,22,2,10,14,18,11,19],[2,22,18,6,14,10,11,19],[2,14,10,22,6,18,19],[22,18,10,14,6,2,11,19],[22,10,18,6,2,14,11,19],[22,6,2,14,10,18,11,19],[10,22,2,14,6,18],[10,6,2,22,14,18,19],[18,22,6,2,14,10,19],[14,22,2,6,18,10,11,19],[2,22,6,14,18,10,11,19],[18,6,14,2,22,10,19],[14,18,2,22,6,10,11,19],[2,22,10,6,18,14],[18,22,14,2,10,6,19],[14,10,18,2,22,6],[10,6,2,14,18,22,11,19],[22,6,18,10,14,2,11,19],[2,10,22,14,18,6,19],[10,2,14,6,22,18,19],[14,22,18,6,2,10,19],[18,22,2,14,10,6],[2,14,6,18,10,22,11,19],[22,10,18,2,14,6,19],[22,14,18,2,6,10,19],[6,18,10,2,22,14,11,19],[22,18,14,6,2,10],[22,2,6,10,18,14,11,19],[18,2,6,10,14,22,19],[6,18,2,14,22,10],[14,18,2,6,22,10,11,19],[6,14,22,10,18,2,19],[18,14,10,22,2,6,19],[18,14,10,6,2,22,19],[10,18,22,6,14,2,19],[6,2,18,22,10,14,11,19],[22,2,6,18,10,14,11,19],[2,6,14,22,10,18,11,19],[22,2,6,18,10,14,19],[6,14,2,22,18,10],[2,18,22,14,10,6,19],[6,22,14,18,10,2,19],[14,10,6,22,2,18],[2,6,22,10,14,18],[22,10,14,18,2,6,11,19],[22,2,14,10,18,6,11,19],[18,22,14,6,10,2,19],[22,2,14,10,6,18,19],[6,2,10,22,14,18,11,19],[14,22,18,6,10,2],[18,6,14,22,2,10,11,19],[2,22,18,10,6,14],[10,6,18,14,22,2,19],[2,22,14,6,10,18,11,19],[22,2,6,14,10,18,19],[6,2,18,10,14,22,19],[6,14,2,18,22,10,11,19],[6,18,2,14,10,22,19],[22,14,18,10,2,6,11,19],[10,14,6,18,2,22,19],[2,10,22,14,6,18,19],[2,18,14,10,22,6],[22,6,2,14,10,18,11,19],[10,6,14,22,2,18,11,19],[22,2,18,14,6,10,19],[2,22,10,18,6,14,11,19],[18,2,22,14,6,10,11,19],[18,10,2,22,6,14,19],[2,22,6,10,14,18,19],[18,22,14,2,6,10],[10,22,14,18,2,6],[22,18,10,6,2,14,19],[22,2,6,10,18,14,11,19],[22,18,14,2,6,10,19],[18,6,10,14,2,22,19],[6,14,18,2,22,10,19],[6,22,10,2,14,18,11,19],[18,14,22,6,10,2,19],[22,2,6,18,14,10,19],[6,2,18,22,14,10,19],[10,22,14,6,2,18,11,19],[14,2,10,6,18,22,11,19],[22,2,6,10,18,14,11,19],[2,14,6,22,18,10,11,19],[2,10,22,6,14,18,19],[6,22,10,14,18,2,11,19],[18,22,2,6,14,10,11,19],[6,10,22,18,2,14,19],[18,22,10,2,14,6],[10,14,22,18,2,6,19],[18,14,2,10,22,6,11,19],[6,14,18,2,10,22,19],[14,18,6,22,10,2],[14,22,18,2,6,10,11,19],[2,6,10,18,22,14,19],[18,10,6,14,2,22,11,19],[10,22,14,18,6,2],[2,22,6,18,10,14,11,19],[2,6,18,10,22,14,11,19],[22,6,10,18,2,14,11,19],[18,22,10,2,6,14,11,19],[6,10,22,2,18,14,11,19],[14,22,18,2,10,6,11,19],[10,6,22,2,14,18],[10,6,22,18,14,2,11,19],[18,14,2,10,22,6,19],[6,14,10,18,22,2,19],[22,14,2,18,6,10,19],[6,14,18,2,10,22],[10,2,22,6,14,18,11,19],[14,2,22,10,6,18,19],[14,2,22,6,10,18,11,19],[18,6,2,14,22,10,11,19],[10,22,18,14,6,2,19],[18,10,6,22,2,14,11,19],[6,2,10,14,18,22,11,19],[10,18,14,2,22,6,11,19],[18,10,14,2,22,6,19],[2,22,14,18,6,10,11,19],[14,18,6,2,10,22,11,19],[22,10,2,14,6,18,11,19],[18,22,6,2,10,14,11,19],[18,22,10,6,2,14,19],[18,2,22,6,10,14,19],[18,2,14,6,10,22,19],[10,14,6,18,2,22,19],[18,2,22,6,10,14,11,19],[10,14,22,18,6,2,19],[18,22,10,2,6,14,19],[6,18,10,22,2,14,19],[10,18,6,2,14,22,11,19],[22,18,10,2,6,14,11,19],[14,22,18,6,10,2,19],[18,2,6,14,22,10,11,19],[22,2,10,18,6,14,19],[14,10,22,2,6,18],[10,22,18,6,14,2,19],[22,2,10,18,6,14,11,19],[18,14,6,10,2,22,11,19],[22,10,14,2,6,18,19],[22,14,2,10,6,18,11,19],[6,10,22,18,2,14,11,19],[2,22,14,18,6,10,11,19],[6,22,2,10,14,18,11,19],[6,14,2,10,22,18,19],[2,22,6,14,18,10,19],[2,18,6,10,14,22,11,19],[2,22,18,10,14,6,19],[2,10,14,18,22,6,19],[2,22,6,10,18,14,11,19],[14,6,2,10,18,22,19],[18,2,14,10,22,6,11,19],[2,14,6,22,10,18,11,19],[22,6,2,18,10,14,19],[2,6,14,18,22,10,11,19],[2,14,6,18,10,22,11,19],[2,14,22,18,10,6,19],[18,2,14,6,22,10,11,19],[18,2,6,10,22,14,11,19],[6,2,22,18,10,14,19],[10,2,22,14,18,6,19],[6,22,14,18,10,2,19],[18,10,6,22,2,14,11,19],[6,10,14,18,2,22,19],[22,10,2,18,14,6,11,19],[22,18,6,14,10,2],[22,2,10,14,6,18],[10,2,6,14,18,22,11,19],[22,2,6,14,10,18],[18,22,6,10,14,2,19],[6,18,22,14,2,10,19],[22,2,14,10,18,6,11,19],[18,10,6,14,22,2,11,19],[10,14,22,6,18,2,19],[14,18,22,10,6,2,19],[22,2,14,18,10,6,11,19],[18,10,22,14,6,2,11,19],[2,10,18,6,22,14,19],[2,22,18,14,6,10,19],[6,2,22,18,14,10],[10,14,6,2,22,18,19],[2,6,14,10,18,22,11,19],[6,2,22,10,14,18,19],[10,14,18,2,6,22],[22,6,14,10,2,18,19],[6,2,14,10,18,22,11,19],[22,10,18,14,2,6,19],[18,6,22,14,2,10],[6,22,18,10,2,14,19],[10,18,14,22,2,6,19],[6,10,22,14,2,18,11,19],[14,18,2,6,10,22],[18,6,22,10,14,2],[10,6,22,2,14,18,19],[2,10,22,14,18,6,19],[14,10,2,18,22,6,11,19],[2,14,10,6,22,18],[22,18,6,14,2,10,19],[6,2,22,18,10,14,11,19],[22,10,2,14,18,6,11,19],[18,2,14,10,6,22,19],[18,22,2,14,6,10,11,19],[10,14,18,22,6,2,19],[2,18,14,10,22,6,19],[14,22,10,2,6,18,11,19],[2,22,10,18,6,14],[22,6,14,2,10,18,11,19],[18,22,10,14,6,2,11,19],[2,10,6,14,22,18,19],[10,14,2,22,18,6],[18,10,22,2,6,14,19],[2,18,22,10,14,6,19],[6,10,2,14,22,18,19],[2,6,10,22,14,18,11,19],[10,18,14,2,6,22,11,19],[10,14,22,6,18,2],[6,2,10,14,18,22,19],[22,18,14,6,2,10,11,19],[18,6,14,10,2,22,19],[18,2,6,10,22,14,11,19],[18,14,22,2,10,6,19],[14,22,10,2,6,18,11,19],[18,22,2,10,6,14,19],[22,6,14,10,2,18],[2,18,10,6,22,14,19],[14,6,18,22,10,2,19],[18,6,10,22,14,2],[22,18,2,10,14,6,19],[6,18,10,2,22,14,11,19],[14,10,2,18,22,6,19],[6,10,22,14,18,2,11,19],[6,18,2,22,10,14],[14,18,22,2,6,10,19],[2,6,22,14,18,10,11,19],[6,22,14,10,2,18,11,19],[2,6,14,22,18,10,19],[10,18,6,2,22,14,19],[10,6,14,2,22,18],[14,6,18,10,22,2,19],[2,14,6,10,18,22,11,19],[2,10,18,22,14,6,19],[2,14,22,6,10,18,11,19],[18,14,6,22,10,2,19],[22,18,2,10,14,6,19],[10,18,2,6,22,14],[14,10,22,2,18,6],[6,10,14,22,18,2,11,19],[18,6,22,2,14,10,11,19],[2,22,10,6,18,14,19],[6,22,10,18,14,2],[22,10,2,6,14,18,11,19],[2,18,14,6,10,22,11,19],[14,6,2,18,10,22],[6,18,2,10,14,22],[2,22,18,10,6,14,11,19],[18,10,2,14,22,6,19],[18,2,6,14,22,10,19],[10,2,22,18,6,14,11,19],[14,2,6,18,10,22,11,19],[10,14,6,22,2,18,11,19],[18,2,22,14,6,10,11,19],[2,10,6,18,14,22],[2,14,10,18,6,22],[14,2,6,18,22,10,19],[2,10,22,18,14,6,11,19],[10,14,2,22,6,18,19],[10,2,18,22,14,6,19],[22,2,10,18,14,6,19],[6,22,18,14,2,10,19],[18,6,10,2,14,22,19],[10,2,18,6,14,22,11,19],[22,18,6,2,14,10,11,19],[2,6,18,10,14,22,11,19],[10,2,6,14,18,22,19],[2,10,22,6,18,14,19],[10,6,18,22,14,2,11,19],[10,14,2,18,6,22,19],[6,22,2,10,14,18,19],[2,14,6,18,22,10],[14,18,2,10,22,6,11,19],[10,18,22,14,2,6,19],[10,6,22,18,14,2,19],[6,10,2,14,18,22,11,19],[10,22,14,18,2,6,11,19],[14,10,2,22,6,18,11,19],[2,18,22,10,6,14],[22,10,14,6,18,2,19],[14,22,6,10,18,2,11,19],[6,2,10,18,22,14,11,19],[18,6,22,14,10,2,19],[2,14,18,10,22,6,19],[6,14,18,2,10,22,11,19],[6,22,14,10,2,18,11,19],[6,2,18,10,22,14,19],[10,6,2,14,18,22,11,19],[14,6,10,18,22,2],[14,2,18,22,10,6,11,19],[2,14,22,6,18,10,11,19],[2,22,6,10,18,14,11,19],[2,6,10,18,14,22,19],[10,2,14,6,18,22],[14,22,6,18,10,2,19],[10,22,6,18,2,14],[22,18,2,10,6,14,19],[14,6,10,18,22,2,19],[18,2,10,22,6,14,19],[6,14,18,22,2,10,19],[2,6,10,22,14,18,11,19],[14,10,2,6,18,22,11,19],[22,18,2,14,6,10],[22,18,2,14,10,6,19],[14,2,6,18,22,10,19],[10,18,22,6,2,14,19],[2,10,14,6,18,22,11,19],[22,18,6,10,2,14,11,19],[10,14,18,22,2,6,11,19],[2,22,18,14,10,6,19],[14,18,6,10,2,22,19],[2,18,22,14,6,10,11,19],[10,22,6,18,14,2,19],[2,14,6,10,22,18,11,19],[10,2,22,18,14,6,11,19],[10,6,18,2,14,22,19],[22,2,6,18,10,14,11,19],[6,2,18,22,10,14,11,19],[22,18,10,6,2,14,19],[18,6,2,10,14,22,19],[6,22,18,14,10,2],[6,14,2,18,22,10,11,19],[10,2,6,18,14,22],[10,18,6,2,22,14,11,19],[18,2,10,22,6,14,11,19],[2,18,6,14,10,22,19],[14,18,10,2,22,6,19],[2,18,6,22,14,10,19],[6,14,10,18,22,2,11,19],[6,14,18,22,2,10,19],[18,6,2,22,14,10,11,19],[6,2,10,22,18,14,11,19],[10,6,22,18,14,2,11,19],[22,14,6,18,2,10,19],[18,10,2,6,22,14,11,19],[10,6,2,18,14,22,11,19],[18,2,10,22,14,6,11,19],[18,6,22,14,2,10],[22,18,14,10,2,6,11,19],[18,6,14,22,10,2,19],[14,10,18,2,6,22,19],[2,22,14,18,6,10],[10,22,14,6,2,18,11,19],[2,10,18,22,6,14,19],[2,14,6,18,22,10,11,19],[22,18,14,2,10,6,19],[6,10,2,22,18,14,11,19],[18,14,2,10,6,22,19],[6,18,2,10,14,22,11,19],[14,10,2,22,6,18,11,19],[6,14,2,10,18,22,11,19],[22,18,14,10,6,2,19],[6,2,10,14,22,18,19],[2,18,6,22,10,14],[22,14,10,2,18,6],[18,14,2,22,10,6,11,19],[6,18,10,22,14,2,11,19],[14,22,6,2,10,18,19],[2,10,6,18,22,14,19],[14,18,10,6,2,22],[18,22,14,10,6,2,19],[10,2,6,18,22,14,11,19],[10,18,22,6,14,2,11,19],[2,18,10,22,14,6,19],[6,22,2,14,18,10,19],[22,14,18,6,2,10],[18,2,10,14,22,6,19],[22,14,18,2,10,6,11,19],[2,6,22,14,10,18,19],[18,22,2,10,14,6,19],[18,2,14,10,22,6,11,19],[2,10,22,18,6,14,11,19],[14,6,22,18,2,10,11,19],[14,18,2,10,6,22,19],[14,2,6,22,10,18],[10,18,14,2,6,22,19],[14,10,2,22,18,6,19],[2,18,10,6,14,22,19],[10,14,6,18,2,22,11,19],[6,2,22,10,14,18],[6,2,22,18,10,14,19],[6,10,22,2,18,14],[22,6,10,2,14,18,11,19],[18,10,6,22,2,14,11,19],[2,18,10,6,22,14,19],[6,10,14,22,18,2,19],[6,2,14,18,10,22,11,19],[2,6,10,22,18,14,11,19],[6,22,2,18,10,14,11,19],[14,10,22,18,6,2,11,19],[10,14,2,6,22,18,11,19],[6,18,22,2,10,14,19],[18,6,22,14,10,2,19],[18,14,6,22,10,2,11,19],[2,6,14,18,10,22,19],[10,22,18,14,6,2,11,19],[2,22,18,6,10,14,11,19],[22,2,10,18,6,14,11,19],[14,6,22,18,2,10,11,19],[6,18,14,2,22,10,11,19],[6,14,18,10,2,22],[14,6,10,22,2,18,11,19],[10,18,6,2,14,22,11,19],[6,18,2,10,22,14,11,19],[6,2,18,22,14,10,11,19],[2,22,6,10,14,18,11,19],[6,10,22,14,2,18],[18,2,10,14,6,22,11,19],[2,10,14,22,6,18,11,19],[14,6,18,10,22,2],[10,18,2,6,14,22,19],[14,18,6,10,22,2,11,19],[2,10,18,22,6,14,11,19],[2,6,14,10,18,22,19],[2,18,6,10,22,14,19],[10,22,18,14,6,2,11,19],[14,22,2,6,10,18,11,19],[22,14,6,10,18,2,19],[18,14,2,6,10,22,11,19],[10,2,18,14,6,22,11,19],[22,14,10,2,18,6,19],[18,14,2,22,10,6,11,19],[18,14,2,22,10,6,19],[10,2,18,6,22,14,11,19],[10,6,18,14,2,22,11,19],[18,10,22,2,6,14,19],[18,2,22,6,10,14,19],[18,6,22,14,2,10,19],[6,10,14,18,2,22,11,19],[14,6,2,22,10,18],[10,14,2,18,6,22],[14,10,2,22,18,6,19],[10,6,14,22,2,18],[22,10,6,14,2,18,11,19],[18,6,2,10,22,14],[2,14,18,22,10,6,11,19],[2,6,18,14,10,22,19],[10,2,18,22,14,6,11,19],[22,18,6,10,2,14,19],[18,10,14,22,6,2],[22,10,14,2,18,6,19],[14,6,2,18,10,22,19],[6,2,22,14,18,10,19],[22,18,10,6,14,2,19],[22,10,14,2,6,18,11,19],[6,22,2,10,18,14],[18,6,2,10,22,14,19],[22,6,2,14,10,18,19],[2,14,10,18,6,22,19],[14,6,10,22,18,2,19],[2,22,18,10,6,14,11,19],[18,10,6,2,14,22],[22,2,18,10,14,6,19],[10,2,6,22,18,14],[10,6,22,2,18,14,19],[10,18,14,6,22,2,11,19],[6,18,22,14,2,10,19],[10,6,18,2,22,14,19],[2,18,22,10,14,6],[14,22,2,6,18,10],[10,14,22,6,2,18,11,19],[18,6,22,10,14,2,11,19],[6,22,10,18,14,2],[22,10,14,6,18,2,19],[2,10,18,14,6,22,11,19],[18,6,10,2,22,14,11,19],[18,14,22,6,10,2,19],[14,18,22,2,10,6,19],[6,2,14,10,18,22,19],[14,18,22,10,6,2],[10,2,14,18,6,22,11,19],[18,14,10,22,6,2,19],[6,14,22,10,18,2,19],[6,22,14,2,18,10,19],[18,14,2,10,22,6,11,19],[22,14,10,18,2,6,11,19],[2,6,14,22,18,10,19],[2,18,22,6,14,10,19],[14,22,10,2,18,6],[18,22,6,10,14,2],[2,10,14,22,18,6,19],[22,2,18,10,14,6,11,19],[6,22,2,10,18,14,19],[6,2,18,10,22,14,19],[2,22,18,14,6,10,19],[18,10,2,14,6,22,19],[6,10,18,14,22,2],[6,2,14,10,22,18,19],[18,22,6,2,14,10],[2,18,10,14,6,22,11,19],[10,6,14,2,18,22,11,19],[14,18,22,10,2,6,19],[6,18,2,10,14,22,11,19],[14,18,6,2,10,22,19],[22,2,18,14,10,6],[18,22,2,6,10,14,11,19],[10,2,22,6,18,14,19],[22,10,18,2,14,6,19],[10,22,18,6,2,14,19],[18,2,6,10,22,14,19],[6,2,10,18,22,14,11,19],[10,22,2,14,6,18],[2,18,10,6,22,14,19],[2,10,18,6,14,22,11,19],[2,22,10,18,14,6,19],[14,6,2,22,18,10,11,19],[6,2,22,14,10,18,19],[2,22,14,18,10,6],[18,6,22,2,14,10,19],[22,14,18,10,2,6,19],[2,6,18,10,22,14,11,19],[18,2,22,10,6,14,19],[2,14,10,6,18,22,11,19],[2,18,22,6,10,14,11,19],[10,22,2,18,6,14],[10,14,6,2,18,22,11,19],[22,6,14,2,10,18,11,19],[14,18,22,2,10,6,19],[10,14,22,6,2,18,19],[6,2,14,18,22,10,11,19],[10,2,6,14,18,22,19],[2,22,6,10,14,18],[18,2,14,6,22,10,19],[22,6,2,10,14,18,19],[14,18,6,10,22,2,19],[18,14,22,10,2,6,19],[22,2,10,18,6,14],[18,22,6,2,14,10,19],[14,22,10,2,18,6],[6,18,22,10,2,14,19],[10,6,22,18,14,2,19],[10,22,18,6,14,2,19],[14,2,10,6,18,22,19],[14,10,22,18,2,6,11,19],[6,18,22,10,14,2,11,19],[14,10,18,22,6,2,19],[6,14,2,18,10,22,19],[6,10,14,22,18,2,11,19],[14,2,22,18,6,10,11,19],[22,10,2,6,18,14,11,19],[2,14,10,18,22,6,11,19],[10,22,6,14,18,2,11,19],[14,6,2,22,10,18,11,19],[10,18,22,6,14,2],[14,2,10,22,18,6,11,19],[22,18,10,6,2,14],[6,22,10,2,14,18,19],[14,22,2,6,10,18,11,19],[22,10,6,18,2,14,11,19],[10,22,18,2,6,14,19],[2,14,22,10,6,18,11,19],[22,18,10,14,2,6,11,19],[6,10,14,18,22,2],[2,22,18,14,6,10,19],[14,6,10,22,18,2,11,19],[18,14,22,2,6,10,11,19],[14,10,6,18,2,22,11,19],[14,6,22,10,2,18],[14,2,18,6,10,22,11,19],[6,18,10,14,2,22,19],[22,10,14,18,2,6,19],[10,6,14,18,2,22,19],[22,14,18,6,2,10,19],[2,22,14,10,6,18],[10,22,18,6,2,14],[10,14,18,22,6,2,19],[2,18,6,10,22,14,19],[2,10,22,18,6,14],[10,14,2,18,22,6,11,19],[10,14,2,18,22,6,19],[22,18,2,10,14,6],[6,2,10,22,14,18],[10,14,2,22,6,18,19],[14,6,10,22,2,18,19],[2,18,22,14,6,10],[18,6,22,14,10,2,11,19],[2,6,22,10,18,14,11,19],[18,6,22,2,10,14,11,19],[18,22,2,14,10,6],[22,18,6,2,14,10],[6,2,14,22,10,18,11,19],[6,22,14,10,18,2,11,19],[10,18,6,14,22,2,19],[2,14,10,18,6,22],[2,14,6,22,10,18],[22,2,6,14,10,18,19],[2,22,14,10,18,6,19],[6,14,22,18,10,2,19],[14,18,10,22,2,6],[10,14,22,18,2,6,11,19],[10,18,6,22,14,2,19],[14,6,18,10,22,2],[18,6,14,10,2,22],[10,22,18,2,14,6],[6,10,2,18,14,22,19],[6,2,10,14,18,22],[14,2,22,18,10,6,19],[6,18,22,10,14,2,11,19],[22,18,14,10,6,2,11,19],[6,18,2,22,10,14,11,19],[6,22,18,2,10,14,19],[2,6,18,22,14,10,19],[22,14,10,2,18,6],[6,2,14,10,18,22,11,19],[22,6,18,14,2,10],[18,2,10,14,6,22,19],[10,2,18,14,6,22,19],[2,10,22,14,6,18,19],[6,22,10,14,2,18],[22,6,18,14,10,2,19],[2,6,22,14,18,10,19],[14,22,10,6,2,18,19],[14,22,18,2,6,10,11,19],[22,10,6,2,14,18,11,19],[14,18,10,2,22,6,19],[10,22,6,14,18,2,11,19],[14,6,18,2,10,22,19],[22,10,2,14,6,18,11,19],[14,2,22,6,18,10],[6,2,14,10,18,22],[2,10,6,22,14,18,19],[2,10,6,14,22,18,11,19],[10,22,2,6,18,14,19],[2,10,22,18,14,6,11,19],[22,2,14,6,18,10],[10,6,2,14,22,18,11,19],[22,10,2,18,6,14,11,19],[2,10,14,22,6,18,19],[2,6,10,22,18,14,19],[2,18,10,22,6,14,19],[2,14,6,18,22,10,11,19],[18,6,2,14,10,22,11,19],[6,22,2,18,10,14,19],[10,6,22,2,18,14,19],[2,22,6,18,14,10,19],[2,6,22,10,18,14,19],[10,6,2,18,14,22,11,19],[18,6,10,22,14,2],[10,2,6,18,14,22,19],[2,18,22,14,10,6,11,19],[2,6,14,18,22,10,11,19],[22,6,2,10,14,18,19],[14,10,22,18,2,6,19],[2,14,22,18,10,6,19],[22,14,10,6,18,2,11,19],[18,6,2,10,22,14,19],[6,10,14,18,22,2],[14,10,18,22,6,2,19],[6,22,10,14,18,2],[14,2,22,18,10,6,11,19],[2,18,14,10,22,6,19],[6,22,2,18,10,14,11,19],[14,22,2,10,6,18,11,19],[18,2,10,14,6,22],[6,18,2,14,10,22,11,19],[6,10,14,22,2,18,19],[14,6,22,18,2,10],[6,10,22,2,14,18,19],[14,18,22,10,2,6,11,19],[2,10,22,14,6,18],[14,22,6,2,18,10,11,19],[18,14,10,22,2,6,19],[2,6,18,14,10,22,19],[6,2,22,18,10,14,11,19],[22,14,6,2,18,10,11,19],[14,22,10,6,18,2,19],[6,10,14,18,2,22,19],[22,14,10,6,2,18,11,19],[2,6,10,14,18,22,11,19],[18,14,2,22,10,6,19],[18,6,22,2,14,10,11,19],[6,10,2,22,14,18,19],[22,6,10,2,14,18,19],[18,2,22,14,10,6,19],[14,2,22,18,10,6],[14,10,6,2,18,22,11,19],[6,22,18,10,14,2,11,19],[6,22,10,18,2,14,19],[2,18,6,10,22,14,11,19],[10,18,2,14,22,6,19],[14,10,22,2,6,18,11,19],[22,6,2,14,10,18,11,19],[14,2,22,6,10,18,19],[6,10,2,22,18,14,11,19],[2,22,10,14,6,18,19],[22,18,14,2,10,6,19],[2,14,22,10,6,18,19],[6,2,22,14,18,10,19],[10,22,6,2,18,14],[18,14,6,10,2,22,19],[6,10,2,18,14,22,11,19],[22,10,14,18,6,2,11,19],[22,2,6,18,14,10,19],[22,18,6,2,14,10,19],[10,18,14,22,6,2,11,19],[2,10,18,6,14,22],[6,22,10,14,2,18,19],[10,18,22,14,2,6,11,19],[14,22,18,10,2,6],[14,18,2,10,22,6,19],[2,6,10,18,14,22,11,19],[18,10,6,2,22,14,11,19],[14,6,18,22,10,2,11,19],[14,2,18,22,6,10,11,19],[10,14,6,18,2,22,19],[14,2,10,6,18,22,19],[10,14,2,6,18,22,19],[6,10,14,22,18,2],[22,10,6,2,18,14],[6,14,2,22,10,18,11,19],[10,18,22,6,14,2,11,19],[2,18,10,14,22,6],[2,18,6,14,22,10,19],[14,6,2,10,22,18,19],[22,2,18,6,10,14,19],[14,2,6,22,18,10,11,19],[2,18,6,14,22,10],[2,14,6,22,18,10,11,19],[22,6,10,18,2,14,11,19],[6,10,22,18,14,2,11,19],[14,2,6,18,10,22],[10,14,22,18,6,2,19],[14,6,22,18,2,10,19],[14,10,22,18,2,6,19],[22,18,6,14,2,10,11,19],[10,22,18,6,14,2,19],[2,6,18,10,14,22,11,19],[10,18,22,6,14,2,11,19],[10,2,6,14,18,22,11,19],[6,18,10,22,14,2,11,19],[22,10,14,6,18,2,19],[10,22,18,2,14,6,11,19],[14,18,22,10,6,2,11,19],[22,6,2,14,18,10,19],[22,14,6,2,10,18,19],[10,18,14,22,6,2,11,19],[18,6,14,2,22,10,19],[18,22,2,14,10,6,11,19],[10,14,22,2,6,18,19],[18,2,6,10,22,14,11,19],[10,18,22,2,6,14,19],[18,10,14,22,6,2,19],[10,6,22,2,14,18,19],[14,22,2,18,10,6,11,19],[18,6,10,2,14,22,19],[18,10,6,22,14,2]],"n_human":13}