{"problem_id":"GfmMpiq6KeZDgh3","sigma":75,"alpha":1.000,"cost":0,"probabilities":"[0.03, 0.5, 0.11, 0.36]","payoff_matrix":"[[158, -17, 192, -7, 10, 66], [2, -25, -11, 33, 92, 15], [-133, 86, -26, 24, 38, 43], [-62, 30, -71, -48, -40, 38]]","uncovered":[[22,6,14,18,2,10,20,16,24,4,12,8,23,19],[22,2,6,10,18,14,16,24,20,4,12,8,23,19],[6,2,18,22,14,10,20,16,24,4,12,8,19],[2,10,18,14,6,22,16,20,24,4,12,8,19],[10,14,2,22,6,18,20,16,24,4,12,8,23,19],[2,10,6,14,18,22,16,20,24,4,12,8,9,23,19],[2,22,14,18,6,10,16,20,24,4,12,8,21,23,19],[14,10,2,22,18,6,20,16,24,4,12,8,23,19],[18,10,6,14,22,20,16,2,24,4,12,8,23,19],[18,10,2,22,6,14,16,20,24,4,12,8,23,19],[14,6,18,22,2,10,20,16,24,4,12,5,8,23,19],[2,6,14,18,22,10,20,16,24,4,12,8,19],[6,10,18,2,14,22,20,16,24,4,12,8,23,19],[6,10,22,2,14,18,16,20,24,4,12,8,23,19],[18,22,10,6,14,2,20,16,24,4,12,23,19],[6,14,10,18,2,22,20,16,24,4,12,19,8],[18,22,2,10,6,14,20,16,24,4,12,8,19],[14,18,10,22,6,2,20,16,24,4,12,8,19],[6,18,14,10,2,22,16,24,20,4,12,8,19],[18,6,14,22,2,10,20,16,24,4,12,8,19],[10,18,6,14,22,2,16,20,24,4,12,8,19],[6,14,2,10,22,18,20,16,24,4,12,8,23,19],[2,10,14,18,6,22,20,16,24,4,12,8,23,19],[22,6,2,18,10,14,20,16,24,4,12,8,23,19],[14,18,10,2,6,22,20,16,24,4,12,8,23,19],[6,18,2,22,10,14,20,16,24,4,12,8,19],[2,10,22,14,18,6,16,24,20,4,12,8,23,19],[14,18,10,22,6,2,16,20,24,4,12,8,23,19],[2,6,14,22,10,18,20,16,24,4,8,12,19],[6,10,22,2,18,14,20,16,24,4,12,19,8],[6,22,10,14,18,2,20,16,24,4,12,8,19],[2,10,14,22,6,18,16,24,20,4,12,8,19],[2,10,14,6,18,22,20,16,24,4,12,8,19],[22,14,6,10,18,2,16,24,20,4,12,23,19],[18,6,22,2,10,14,16,20,24,4,12,8,19],[6,2,14,18,10,22,20,16,24,4,12,19,8],[6,14,18,22,2,10,20,16,24,4,12,8,19],[6,18,10,14,2,22,16,24,20,4,12,8,23,19],[2,6,22,10,14,18,16,20,24,4,12,23,19],[10,18,14,2,6,22,16,24,20,4,12,19,21,8],[6,14,2,22,18,10,20,16,24,4,12,8,23,19],[14,10,22,18,2,6,16,24,20,4,12,8,23,19],[14,18,22,10,2,6,16,20,24,4,12,8,17,19],[14,18,22,10,6,2,20,16,24,4,12,8,17,19],[22,6,2,10,14,18,16,20,24,4,12,8,23,19],[6,14,2,10,22,18,20,16,24,4,12,8,23,19],[18,10,14,6,22,2,16,20,24,4,12,8,19],[10,22,2,14,18,6,16,24,20,4,12,23,19],[2,14,10,18,6,22,20,16,24,4,12,23,19],[22,14,10,2,6,18,16,24,20,4,12,19,8],[18,22,6,14,2,10,20,16,24,4,12,8,23,19],[2,18,10,14,6,22,20,16,24,4,12,8,23,19],[14,6,10,2,18,22,20,16,24,4,12,8,19],[22,14,10,6,18,2,20,16,24,4,12,8,19],[14,10,6,2,18,22,16,24,20,4,12,8,23,19],[22,18,6,2,10,14,16,20,24,4,12,8,23,19],[18,6,10,2,22,14,20,16,24,4,12,8,21,19],[22,2,14,6,10,18,20,16,24,4,12,8,23,19],[14,10,22,2,18,6,20,16,24,4,12,8,23,19],[14,22,6,2,10,18,20,16,24,4,12,19,8],[22,2,18,14,6,10,20,16,24,4,12,8,23,19],[18,22,6,10,14,2,20,16,24,4,12,8,19],[10,14,18,22,2,6,20,16,24,4,12,19,8],[14,18,6,22,2,10,16,20,24,4,12,19,15,8],[2,18,14,6,22,10,20,16,24,4,12,8,23,19],[22,10,2,6,14,18,20,16,24,4,12,8,19],[10,22,18,6,2,14,20,16,24,4,12,8,23,19],[6,18,22,10,2,14,20,16,24,4,12,8,23,19],[6,18,10,14,22,2,20,16,24,4,12,8,19],[22,10,18,2,14,6,20,16,24,4,12,19,8],[18,6,22,2,14,10,16,24,20,4,12,8,19],[14,18,6,22,2,10,16,24,20,4,12,8,23,19],[6,10,18,2,22,14,16,24,20,4,12,19,8],[18,10,22,14,6,2,16,24,20,4,12,8,23,19],[10,14,6,22,2,18,16,20,24,4,12,8,23,19],[18,22,2,14,10,6,20,16,24,4,12,8,23,19],[2,14,10,18,22,6,16,20,24,4,12,8,23,19],[2,6,10,22,18,14,16,24,20,4,12,8,19],[2,10,18,14,6,22,20,16,24,4,12,8,19],[2,10,6,22,14,18,20,16,24,4,12,1,8,23,19],[10,2,14,22,18,6,20,16,24,4,12,8,23,19],[22,2,18,14,10,6,16,24,20,4,12,8,19],[18,2,6,10,14,22,16,24,20,4,12,8,19],[10,18,14,6,2,22,16,24,20,4,12,23,19,8],[10,22,6,18,14,2,16,20,24,4,12,8,19],[14,10,2,18,22,6,20,16,24,4,12,8,23,19],[10,6,2,22,14,18,16,20,24,4,12,8,19],[14,6,18,22,10,2,20,16,24,4,12,19,8],[14,18,2,22,6,10,20,16,24,4,12,8,23,19],[6,18,10,14,2,22,20,16,24,4,12,23,19],[10,6,22,2,18,14,16,20,24,4,12,8,19],[2,14,10,6,18,22,16,20,24,4,12,8,23,19],[2,22,18,14,6,10,20,16,24,4,12,8,19],[14,2,22,18,6,10,20,16,24,4,12,23,19],[10,6,2,14,18,22,20,16,24,4,12,8,19],[10,18,6,22,14,2,20,16,24,4,12,19,8],[10,18,22,6,2,14,16,20,24,4,12,8,23,19],[6,22,2,14,10,18,16,24,20,4,12,8,19],[10,14,22,18,6,2,20,16,24,4,12,8,23,19],[18,6,10,2,22,14,20,16,24,4,12,23,19],[10,22,2,14,6,18,20,16,24,4,12,8,23,19],[10,2,6,18,14,22,16,24,20,4,12,8,19],[10,2,22,18,6,14,16,24,20,4,12,8,23,19],[2,10,6,14,18,22,16,20,24,4,12,8,19],[10,22,2,6,14,18,16,24,20,4,12,19,8],[10,22,18,2,6,14,20,16,24,4,12,8,19],[14,18,6,22,2,10,16,24,20,4,12,8,19],[10,6,14,22,2,18,16,24,20,4,12,8,23,19],[22,10,6,14,18,2,20,16,24,4,12,23,19],[14,10,6,22,18,2,16,20,24,4,12,19,8],[10,22,6,14,18,2,20,16,24,4,12,8,19],[10,18,22,14,6,2,20,16,24,4,12,23,19],[18,6,2,10,14,22,20,16,24,4,12,8,23,19],[14,18,2,22,6,10,16,24,20,4,12,8,19],[22,18,2,14,6,10,20,16,24,4,12,8,23,19],[6,22,14,2,10,18,16,20,24,4,12,8,23,19],[14,6,18,2,10,22,16,20,24,4,12,8,19],[6,22,2,18,14,10,20,16,24,4,12,8,23,19],[2,22,14,10,6,18,16,20,24,4,12,19,8],[2,10,14,22,6,18,20,16,24,4,12,8,9,23,19],[10,18,22,2,6,14,20,16,24,4,12,8,19],[2,18,14,22,10,6,20,16,24,4,12,8,23,19],[22,2,14,6,10,18,16,20,24,4,12,8,23,19],[2,10,6,14,22,18,16,24,20,4,12,23,19],[22,2,14,18,10,6,16,24,20,4,12,8,23,19],[6,10,22,18,2,14,16,24,20,4,12,8,23,19],[10,6,18,14,2,22,16,24,20,4,12,8,23,19],[6,22,2,18,14,10,16,20,24,4,12,8,23,19],[14,6,22,10,18,2,16,20,24,4,12,8,19],[2,18,6,10,22,14,16,20,24,4,12,8,23,19],[10,18,14,2,6,22,16,24,20,4,12,8,3,23,19],[6,18,10,2,22,14,20,16,24,4,12,19,7,8],[6,2,10,14,18,22,16,24,20,4,12,19,1,8],[18,6,14,22,2,10,20,16,24,4,12,23,19],[6,18,22,10,2,14,20,16,24,4,12,8,23,19],[22,2,18,10,14,6,16,20,24,4,12,8,19],[10,22,6,14,18,2,20,16,24,4,12,8,23,19],[18,14,22,10,2,6,16,20,24,4,12,8,23,19],[2,14,18,10,22,6,16,20,24,4,12,8,23,19],[10,22,18,6,2,14,16,24,20,4,12,8,19],[6,14,18,10,2,22,20,16,24,4,12,8,23,19],[14,6,18,22,10,2,16,20,24,4,12,23,19],[22,10,6,18,2,14,20,16,24,4,12,8,23,19],[2,14,18,6,22,10,16,24,20,4,12,23,19],[22,6,18,10,2,14,20,16,24,4,12,8,19],[6,18,10,14,22,2,16,24,20,4,12,8,23,19],[6,2,18,22,14,10,16,20,24,4,12,8,23,19],[18,6,22,2,14,10,16,24,20,4,12,8,9,23,19],[6,22,2,18,14,10,20,16,24,4,12,8,19],[14,22,18,10,2,6,20,16,24,4,12,8,23,19],[10,14,22,18,2,6,20,16,24,4,12,8,23,19],[2,22,18,14,6,10,20,16,24,4,12,8,19],[22,10,2,6,14,18,16,24,20,4,12,8,19],[2,10,6,14,18,22,20,16,24,4,12,8,23,19],[18,6,14,10,22,2,16,24,20,4,12,8,23,19],[22,6,14,18,2,10,16,20,24,4,12,8,19],[18,14,2,6,10,22,20,16,24,4,12,8,23,19],[6,22,18,14,2,10,20,16,24,4,12,8,19],[18,10,22,14,6,2,20,16,24,4,12,23,19],[10,6,2,18,22,14,16,24,20,4,12,19,8],[2,18,14,10,6,22,16,24,20,4,12,8,23,19],[14,2,10,18,6,22,16,20,24,4,12,8,19],[14,6,18,2,22,10,16,24,20,4,12,8,19],[2,10,6,22,18,14,16,20,24,4,12,8,23,19],[6,10,2,14,18,22,20,16,24,4,12,8,19],[6,2,22,14,10,18,16,24,20,4,12,8,19],[2,14,18,6,10,22,16,20,24,4,12,8,23,19],[18,22,14,10,6,2,20,16,24,4,12,8,23,19],[22,10,2,14,18,6,20,16,24,4,12,8,1,19],[10,22,6,2,14,18,20,16,24,4,12,19,8],[2,18,22,14,6,10,20,16,24,4,12,23,19,8],[10,6,22,18,2,14,20,16,24,4,12,8,19],[14,18,10,22,2,6,20,16,24,4,12,8,19],[14,6,22,2,10,18,16,24,20,4,12,8,19],[14,18,6,22,10,2,20,16,24,4,12,8,11,19],[22,6,14,2,10,18,16,24,20,4,12,8,19],[6,2,10,22,14,18,16,24,20,4,12,8,19],[14,22,10,6,2,18,16,24,20,4,12,8,19],[18,6,2,22,14,10,20,16,24,4,12,8,19],[14,10,22,2,18,6,20,16,24,4,12,8,19],[2,10,22,18,6,14,20,16,24,4,12,8,19],[2,18,14,6,10,22,16,24,20,4,12,8,19],[22,10,14,2,18,6,16,24,20,4,12,8,19],[18,10,22,14,6,2,20,16,24,4,12,8,19],[2,10,6,14,18,22,20,16,24,4,12,8,23,19],[10,2,14,22,6,18,20,16,24,4,12,8,19],[22,6,14,18,10,2,20,16,24,4,12,8,23,19],[6,2,14,10,18,22,16,20,24,4,12,8,23,19],[22,10,18,6,2,14,16,24,20,4,12,8,23,19],[10,14,18,2,6,22,20,16,24,4,12,23,19],[14,6,2,10,18,22,20,16,24,4,12,8,23,19],[10,22,6,2,14,18,16,24,20,4,12,8,23,19],[2,22,10,6,14,18,20,16,24,4,12,8,23,19],[10,18,14,2,6,22,20,16,24,4,12,23,19],[10,14,18,22,6,2,16,20,24,4,12,8,19],[10,6,2,18,22,14,16,24,20,4,12,8,23,19],[6,2,18,10,14,22,16,24,20,4,12,8,23,19],[10,6,14,22,2,18,16,24,20,4,12,8,15,19],[10,22,2,6,14,18,20,16,24,4,12,8,19],[22,14,18,10,6,2,20,16,24,4,12,8,19],[22,10,6,14,2,18,20,16,24,4,12,8,23,19],[2,6,10,14,18,22,20,16,24,4,12,8,23,19],[10,14,2,6,22,18,16,24,20,4,12,8,23,19],[14,18,22,6,2,10,16,20,24,4,12,8,19],[6,18,14,2,10,22,16,20,24,4,12,8,19],[2,18,10,22,14,6,20,16,24,4,12,8,23,19],[22,18,10,6,2,14,20,16,24,4,12,8,19],[22,10,18,6,2,14,20,16,24,4,12,8,23,19],[10,18,6,14,2,22,16,20,24,4,12,8,19],[14,22,6,2,18,10,20,16,24,4,12,19,8],[14,10,6,2,22,18,20,16,24,4,12,8,5,23,19],[2,22,6,10,18,14,16,24,20,4,12,8,19],[2,18,6,14,22,10,20,16,24,4,12,8,19],[10,14,22,6,18,2,20,16,24,4,12,8,19],[2,10,22,14,6,18,20,16,24,4,12,8,23,19],[6,18,14,22,10,2,20,16,24,4,12,8,19],[2,10,6,14,22,18,20,16,24,4,12,19,9,8],[10,6,14,22,18,2,20,16,24,4,12,8,23,19],[14,18,6,10,22,2,16,24,20,4,12,8,19],[10,18,6,22,2,14,16,20,24,4,12,23,19],[22,18,10,14,2,6,16,20,24,4,12,8,7,19],[22,6,18,2,10,14,20,16,24,4,12,8,19],[6,22,10,18,14,2,20,16,24,4,12,8,23,19],[10,18,22,14,6,2,20,16,24,4,12,19,8],[6,2,18,22,14,10,16,24,20,4,12,8,19],[10,2,18,6,14,22,16,24,20,4,12,23,19],[22,14,10,6,2,18,20,16,24,4,12,8,19],[18,6,2,14,22,10,20,16,24,4,12,8,19],[6,22,14,10,18,2,16,20,24,4,12,8,23,19],[10,22,18,6,2,14,20,16,24,4,12,8,23,19],[10,14,22,2,6,18,16,20,24,4,12,8,23,19],[18,2,10,6,22,14,16,24,20,4,12,23,19],[14,22,6,18,10,2,20,16,24,4,12,8,19],[14,6,18,2,22,10,20,16,24,4,12,8,23,19],[6,18,22,2,10,14,20,16,24,4,12,19,5,7,8],[2,6,10,18,14,22,20,16,24,4,12,8,5,23,19],[2,18,22,14,10,6,16,20,24,4,12,8,19],[18,2,14,22,10,6,16,20,24,4,12,8,23,19],[6,14,18,2,10,22,20,16,24,4,12,23,19,8],[2,22,6,10,14,18,20,16,24,4,12,8,19],[14,6,10,22,18,2,16,20,24,4,12,19,8],[22,18,2,6,10,14,16,20,24,4,12,8,19],[14,2,6,22,10,18,20,16,24,4,12,8,19],[10,6,2,18,22,14,20,16,24,4,12,8,23,19],[18,10,22,14,2,6,16,20,24,4,12,8,15,23,19],[10,14,22,2,6,18,16,20,24,4,12,8,19],[2,18,10,6,14,22,16,24,20,4,12,8,23,19],[18,6,10,14,22,2,20,16,24,4,12,23,19],[6,2,18,22,10,14,20,16,24,4,12,8,23,19],[6,18,2,10,22,14,16,20,24,4,12,8,19],[14,22,10,2,6,18,20,16,24,4,12,8,23,19],[10,18,6,14,2,22,20,16,24,4,12,8,19],[14,2,6,18,10,22,16,20,24,4,12,8,19],[10,18,2,22,6,14,20,16,24,4,12,8,23,19],[14,2,6,22,10,18,20,16,24,4,12,8,23,19],[10,18,6,2,22,14,16,24,20,4,12,23,19],[10,22,2,6,14,18,20,16,24,4,12,8,23,19],[22,6,18,10,14,2,20,16,24,4,12,23,19],[10,14,22,6,2,18,20,16,24,12,4,8,23,19],[18,22,14,10,2,6,20,16,24,4,12,8,19],[10,14,2,6,22,18,20,16,24,4,12,8,19],[6,18,22,10,14,2,16,20,24,4,12,8,23,19],[22,2,10,6,14,18,20,16,24,4,12,8,23,19],[6,2,10,14,22,18,16,20,24,4,12,8,23,19],[10,6,14,22,2,18,16,24,20,4,12,23,19],[14,22,6,18,10,2,16,20,24,4,12,8,23,19],[2,22,10,6,18,14,20,16,24,4,12,8,19],[10,22,6,18,2,14,20,16,24,4,12,8,19],[6,22,14,2,18,10,20,16,24,4,12,8,23,19],[18,6,14,22,2,10,20,16,24,4,12,8,19],[18,6,14,10,2,22,16,20,24,4,12,8,23,19],[10,2,6,18,14,22,16,20,24,4,12,8,23,19],[18,6,22,10,14,2,16,20,24,4,12,19,8],[18,10,14,6,2,22,20,16,24,4,12,8,23,19],[6,22,10,14,2,18,20,16,24,4,12,8,19],[22,14,18,2,6,10,16,24,20,4,12,8,19],[18,6,22,2,10,14,20,16,24,4,12,8,23,19],[10,2,6,18,22,14,20,16,24,4,12,8,19],[2,10,18,22,6,14,20,16,24,4,12,8,19],[14,18,6,2,22,10,20,16,24,4,12,8,19],[14,18,10,6,2,22,20,16,24,4,12,8,23,19],[2,14,10,22,18,6,16,20,24,4,12,8,23,19],[18,10,14,22,2,6,16,20,24,4,12,8,23,19],[10,14,2,18,6,22,20,16,24,4,12,8,23,19],[18,22,14,6,10,2,16,24,20,4,12,8,19],[10,6,2,22,18,14,16,20,24,4,12,8,23,19],[14,18,10,2,22,6,16,20,24,4,12,8,23,19],[2,22,10,14,6,18,16,24,20,4,12,23,19,8],[6,18,14,2,22,10,16,24,20,4,12,19,21,8],[18,22,10,6,14,2,16,20,24,4,12,8,23,19],[14,18,10,2,6,22,16,20,24,4,12,8,19],[10,2,14,18,6,22,16,20,24,4,12,8,23,19],[22,14,18,10,2,6,20,16,24,4,12,8,23,19],[10,14,2,18,22,6,16,24,20,4,12,8,21,23,19],[6,18,2,14,22,10,16,20,24,4,12,23,19],[6,2,22,18,14,10,20,16,24,4,12,8,19],[10,6,18,14,22,2,16,20,24,4,12,8,23,19],[18,2,6,22,14,10,20,16,24,4,12,19,8],[22,10,18,14,6,2,20,16,24,4,12,8,23,19],[6,18,2,22,14,10,16,24,20,4,12,8,23,19],[2,14,6,18,10,22,16,24,20,4,12,1,19,7,8],[22,6,10,18,14,2,20,16,24,4,12,8,23,19],[2,14,22,18,6,10,16,20,24,4,12,23,19],[2,22,10,14,18,6,16,24,20,4,12,19,8],[22,18,10,6,14,2,20,16,24,4,12,19,7,8],[6,18,14,22,10,2,20,16,24,4,12,23,19],[6,14,10,18,22,2,16,24,20,4,12,8,19],[22,6,18,2,10,14,16,20,24,4,12,8,23,19],[10,6,14,22,2,18,20,16,24,4,12,8,23,19],[22,6,2,18,14,10,20,16,24,4,12,19,8],[6,10,18,14,2,22,20,16,24,4,12,8,23,19],[6,18,2,22,14,10,20,16,24,4,12,8,19],[2,14,18,22,10,6,16,24,20,4,12,8,23,19],[6,10,22,18,2,14,16,20,24,4,12,8,19],[6,10,2,14,18,22,20,16,24,4,12,23,19],[6,18,22,10,14,2,20,16,24,4,12,8,19],[10,14,6,18,22,2,16,20,24,4,12,7,8,19],[2,10,14,18,22,6,20,16,24,4,8,12,23,19],[10,2,22,14,18,6,16,20,24,4,12,8,23,19],[6,2,10,14,22,18,20,16,24,4,12,8,23,19],[14,2,10,22,18,6,16,20,24,4,12,8,19],[6,10,2,22,18,14,16,24,20,4,12,23,19,8],[14,18,22,2,6,10,20,16,24,4,12,19,8],[14,22,10,2,6,18,20,16,24,4,12,8,23,19],[2,22,10,18,6,14,16,20,24,4,12,8,19],[10,22,18,2,6,14,16,24,20,4,12,23,19],[6,2,22,10,14,18,20,16,24,4,12,8,23,19],[22,6,14,18,10,2,20,16,24,4,12,23,19],[6,2,10,18,22,14,16,24,20,4,12,8,23,19],[6,18,2,14,22,10,16,24,20,4,12,8,19],[6,22,2,10,18,14,20,16,24,4,12,8,23,19],[14,10,2,18,6,22,16,20,24,4,12,8,23,19],[6,22,14,2,18,10,16,20,24,4,12,8,19],[22,18,2,10,6,14,20,16,24,4,12,8,19],[6,18,14,2,10,22,20,16,24,4,12,23,19],[14,10,6,18,2,22,20,16,24,4,12,8,23,19],[2,6,18,22,10,14,16,20,24,4,12,8,19],[14,18,22,10,2,6,16,20,24,4,12,8,19],[2,22,18,10,14,6,20,16,24,4,12,8,19],[18,6,2,22,14,10,16,24,20,4,12,8,19],[22,18,6,2,14,10,20,16,24,4,12,8,23,19],[10,14,22,18,6,2,16,20,24,4,12,19,8],[10,2,18,6,14,22,16,24,20,4,12,8,21,19],[18,14,10,22,6,2,16,24,20,4,12,23,19],[2,22,6,10,14,18,16,24,20,4,12,8,19],[18,10,2,6,14,22,20,16,24,4,12,8,19],[18,6,14,10,2,22,16,24,20,4,12,8,17,19],[2,10,6,22,14,18,20,16,24,4,12,8,19],[14,22,6,10,18,2,20,16,24,4,12,19,8],[14,10,2,6,18,22,20,16,24,4,12,23,19],[2,22,14,18,6,10,16,24,20,4,12,8,23,19],[2,18,22,10,6,14,20,16,24,4,12,8,19],[6,18,22,2,14,10,16,20,24,4,12,8,19],[22,14,10,6,18,2,16,24,20,4,12,8,23,19],[14,18,2,22,10,6,20,16,24,4,12,8,19],[22,14,10,18,2,6,20,16,24,4,12,8,19],[18,2,6,22,14,10,16,24,20,4,12,8,19],[10,18,22,14,2,6,16,24,20,4,12,8,23,19],[18,2,14,6,10,22,16,20,24,4,12,8,23,19],[18,6,10,22,14,2,16,24,20,4,12,8,19],[18,10,6,2,14,22,20,16,24,4,12,8,19],[6,22,18,10,14,2,16,20,24,4,12,23,19],[6,14,2,10,22,18,16,24,20,4,12,8,23,19],[14,6,22,10,2,18,20,16,24,4,12,8,19],[6,18,2,14,10,22,20,16,24,4,12,8,19],[10,18,22,2,6,14,20,16,24,4,12,8,23,19],[18,14,10,22,6,2,16,20,24,4,12,8,19],[2,14,6,18,22,10,16,20,24,4,12,8,19],[10,14,22,2,6,18,20,16,24,4,12,8,1,19],[14,22,10,18,2,6,20,16,24,4,12,23,19],[14,2,10,6,18,22,16,20,24,4,12,8,23,19],[2,10,22,14,18,6,20,16,24,4,12,8,19],[6,2,14,22,18,10,20,16,24,4,12,8,17,23,19],[14,18,22,6,2,10,16,20,24,4,12,8,19],[6,14,18,2,22,10,20,16,24,4,12,19,8],[18,22,2,6,14,10,16,24,20,4,12,23,19,8],[18,10,6,2,14,22,20,16,24,4,12,19,8],[2,6,18,10,22,14,20,16,24,4,12,8,19],[18,6,22,2,14,10,16,24,20,4,12,8,19],[22,18,2,6,10,14,16,20,24,4,12,8,19],[18,14,22,10,2,6,20,16,24,4,12,8,19],[22,14,18,2,10,6,20,16,24,4,12,8,19],[18,14,22,10,6,2,16,24,20,4,12,8,19],[14,22,6,2,18,10,16,20,24,4,12,8,23,19],[2,18,22,14,6,10,20,16,24,4,12,21,23,19],[22,6,10,2,18,14,20,16,24,4,12,8,19],[18,10,2,22,6,14,16,24,20,4,12,19,8],[22,10,2,18,6,14,20,16,24,4,12,8,23,19],[10,2,6,18,14,22,16,24,20,4,12,8,23,19],[14,10,18,2,6,22,16,20,24,4,12,8,19],[14,10,22,6,2,18,20,16,24,4,12,8,23,19],[22,2,6,14,18,10,16,24,20,4,12,8,23,19],[14,2,10,18,22,6,20,16,24,4,12,8,21,23,19],[6,22,14,2,10,18,16,24,20,4,12,8,23,19],[18,14,10,22,2,6,16,24,20,4,12,7,8,23,19],[2,14,18,10,6,22,20,16,24,4,12,8,23,19],[2,14,10,22,6,18,20,16,24,4,12,8,19],[14,6,2,22,18,10,16,20,24,4,12,8,19],[6,18,10,2,22,14,20,16,24,4,12,8,19],[2,18,10,22,6,14,20,16,24,4,12,8,23,19],[6,22,2,14,18,10,20,16,24,4,12,8,19],[6,18,2,14,10,22,20,16,24,4,12,8,23,19],[10,22,6,18,2,14,20,16,24,4,12,8,23,19],[18,2,6,10,14,22,16,20,24,4,12,8,23,19],[14,2,10,18,6,22,16,24,20,4,12,8,23,19],[2,10,22,14,6,18,20,16,24,4,12,8,23,19],[6,22,10,2,18,14,20,16,24,4,12,8,19],[22,14,2,10,6,18,20,16,24,4,12,8,23,19],[14,18,6,22,2,10,20,16,24,4,12,23,19],[6,10,22,2,14,18,20,16,24,4,12,8,23,19],[10,6,22,2,18,14,16,20,24,4,12,8,19],[18,2,6,14,10,22,16,24,20,4,12,23,19],[22,14,2,10,18,6,20,16,24,4,12,8,19],[18,6,10,14,22,2,16,24,20,4,12,8,1,19],[18,14,10,22,6,2,20,16,24,4,12,8,19],[6,22,18,10,2,14,20,16,24,4,12,8,19],[22,14,10,6,2,18,16,20,24,4,19,12,8],[2,10,18,6,14,22,16,20,24,4,12,8,19],[2,22,6,10,14,18,16,20,24,4,12,23,19],[14,22,6,10,2,18,16,24,20,4,12,8,23,19],[22,14,6,18,2,10,16,24,20,4,12,8,19],[18,14,22,6,10,2,20,16,24,4,12,8,19],[18,10,2,22,14,6,20,16,24,4,12,8,23,19],[2,6,14,22,10,18,20,16,24,4,12,8,19],[10,18,2,6,14,22,20,16,24,4,12,23,19],[10,18,2,22,6,14,20,16,24,4,12,8,23,19],[10,14,6,18,22,2,16,24,20,4,12,8,19],[14,10,6,18,22,2,16,24,20,4,12,8,23,19],[6,18,22,2,14,10,16,20,24,4,12,8,23,19],[6,10,14,2,18,22,16,24,20,4,12,8,19],[10,6,2,14,18,22,20,16,24,4,12,8,23,19],[14,6,10,22,2,18,20,16,24,4,12,8,21,23,19],[14,18,2,6,10,22,16,24,20,4,12,19,8],[2,18,22,10,6,14,20,16,24,4,12,8,19],[18,2,6,22,10,14,16,24,20,4,8,12,19],[10,6,2,22,14,18,20,16,24,4,12,23,19],[14,10,18,22,6,2,20,16,24,4,12,8,7,23,19],[18,22,10,14,6,2,16,20,24,4,12,8,19],[22,14,10,2,6,18,16,20,24,4,12,8,19],[18,22,14,10,6,2,20,16,24,4,12,8,19],[10,18,6,22,14,2,20,16,24,4,12,8,23,19],[18,22,10,2,6,14,16,20,24,4,12,8,23,19],[14,22,2,18,10,6,16,24,20,4,12,8,19],[22,10,2,6,18,14,16,20,24,4,12,8,23,19],[22,2,14,10,18,6,16,20,24,4,12,8,23,19],[6,22,14,18,2,10,16,24,20,4,12,8,19],[18,2,6,10,22,14,16,20,24,4,12,8,5,23,19],[6,10,22,2,18,14,20,16,24,4,12,8,19],[6,22,10,2,14,18,16,24,20,4,12,8,19],[2,14,18,22,10,6,20,16,24,4,12,8,19],[6,22,14,2,10,18,16,24,20,4,12,8,19],[14,6,22,10,2,18,16,20,24,4,12,7,8,17,23,19],[22,18,6,14,10,2,20,16,24,4,12,8,19],[6,10,2,22,14,18,20,16,24,4,12,8,19],[18,2,10,6,14,22,20,16,24,4,12,23,19],[18,22,2,14,10,6,16,24,20,4,12,8,19],[22,6,2,18,10,14,20,16,24,4,12,8,23,19],[18,22,14,10,6,2,20,16,24,4,12,8,19],[6,10,2,22,18,14,20,16,24,4,12,8,23,19],[22,6,2,10,18,14,16,24,20,4,12,8,19],[2,22,10,6,18,14,20,16,24,4,12,8,1,19],[6,14,18,10,2,22,20,16,24,4,12,8,19],[14,10,2,6,18,22,20,16,24,4,12,8,23,19],[22,2,6,14,18,10,16,20,24,4,12,8,19],[14,10,6,22,18,2,20,16,24,4,12,19,8],[2,18,10,6,14,22,16,20,24,4,12,8,19],[6,18,2,14,22,10,20,16,24,4,12,8,19],[22,6,14,2,18,10,20,16,24,4,12,23,19],[10,18,14,6,22,2,20,16,24,4,12,8,23,19],[22,6,14,10,2,18,16,20,24,4,12,8,19],[2,22,18,14,10,6,20,16,24,4,12,15,8,19],[2,22,6,10,18,14,16,24,20,4,12,8,23,19],[18,10,6,14,22,2,16,20,24,4,12,8,23,19],[2,10,14,18,22,6,20,16,24,4,12,8,19],[6,14,2,10,22,18,20,16,24,4,12,8,23,19],[18,2,6,22,14,10,20,16,24,4,12,8,15,23,19],[6,22,18,2,10,14,16,24,20,4,12,8,23,19],[6,10,22,18,2,14,16,20,24,4,12,8,23,19],[6,18,10,2,22,14,16,20,24,4,12,19,8],[10,6,2,22,18,14,20,16,24,4,12,8,23,19],[22,6,18,10,2,14,16,20,24,4,12,8,23,19],[6,10,18,2,14,22,16,24,20,4,12,8,23,19],[22,18,14,6,10,2,16,20,24,4,12,23,19],[10,14,6,22,18,20,16,2,24,4,12,8,23,19],[14,18,22,10,6,2,16,20,24,4,12,23,19],[18,22,10,6,14,2,20,16,24,4,12,8,23,19],[6,22,14,18,10,2,16,20,24,4,12,8,19],[18,22,10,14,2,6,20,16,24,4,12,19,8],[10,14,2,6,18,22,16,20,24,4,12,8,19],[6,14,2,10,18,22,20,16,24,4,12,8,23,19],[18,2,6,14,22,10,16,20,24,4,12,8,23,19],[10,14,18,22,2,6,16,24,20,4,12,8,23,19],[18,10,6,14,2,22,20,16,24,4,12,23,19],[6,22,18,10,2,14,16,24,20,4,12,8,19],[6,18,14,2,10,22,16,20,24,4,12,8,19],[22,14,18,10,2,6,16,24,20,4,12,8,19],[6,10,22,14,18,2,20,16,24,4,12,8,19],[10,22,14,2,6,18,16,24,20,4,12,8,17,23,19],[18,22,10,6,2,14,20,16,24,4,12,19,8],[22,6,18,14,10,2,20,16,24,4,12,8,23,19],[18,14,10,22,6,2,20,16,24,4,12,8,19],[2,14,22,10,6,18,16,20,24,4,12,8,23,19],[22,10,18,14,16,2,6,20,24,4,12,19,8],[22,14,10,2,6,18,16,24,20,4,12,8,19],[6,14,18,10,22,2,20,16,24,4,12,8,19],[2,18,14,10,6,22,20,16,24,4,12,7,8,23,19],[14,10,18,6,22,2,20,16,24,4,12,19,8],[6,18,14,2,22,10,20,16,24,4,12,8,23,19],[18,10,2,14,22,6,16,24,20,4,12,8,19],[22,10,2,14,6,18,20,16,24,4,12,8,19],[2,10,14,6,18,22,20,16,24,4,12,8,19],[6,2,22,18,14,10,16,24,20,4,12,8,19],[14,18,22,2,6,10,20,16,24,4,12,8,19],[2,6,14,18,10,22,16,20,24,4,12,8,23,19],[10,18,6,2,22,14,16,20,24,4,12,8,19],[14,2,18,10,22,6,16,20,24,4,12,8,19],[22,14,6,10,2,18,20,16,24,4,12,8,19],[10,2,14,22,6,18,20,16,24,4,12,8,19],[2,10,22,6,18,14,16,20,24,4,12,8,19],[22,2,10,6,18,14,16,24,20,4,12,19,21,8],[22,18,2,10,6,14,20,16,24,4,12,8,19],[6,2,10,22,18,14,20,16,24,4,12,8,17,23,19],[6,10,18,14,22,2,16,24,20,4,12,8,23,19],[14,2,18,22,10,6,20,16,24,4,12,19,8],[18,14,10,6,2,22,20,16,24,4,12,8,19],[2,22,6,14,18,10,16,20,24,4,12,8,23,19],[10,14,22,18,2,6,16,24,20,4,12,8,23,19],[10,14,2,22,6,18,20,16,24,4,12,23,19],[10,18,2,22,6,14,20,16,24,4,12,8,19],[14,22,6,18,10,2,20,16,24,4,12,8,19],[14,22,18,6,10,2,16,24,20,4,12,8,23,19],[18,2,10,6,14,22,20,16,24,4,12,8,23,19],[10,6,22,18,2,14,16,24,20,4,12,8,19],[2,14,22,18,10,6,16,24,20,4,12,8,19],[6,18,2,10,14,22,16,20,24,4,12,8,23,19],[22,10,6,18,2,14,20,16,24,4,12,8,23,19],[2,14,18,22,10,6,20,16,24,4,12,8,23,19],[18,22,10,6,14,2,16,20,24,4,12,8,19],[10,6,18,2,14,22,20,16,24,4,12,8,19],[6,14,18,22,10,2,20,16,24,4,12,8,23,19],[10,22,14,18,2,6,16,20,24,4,12,8,23,19],[22,18,6,14,10,2,16,24,20,4,12,23,19],[14,6,2,18,10,22,20,16,24,4,12,23,19],[18,22,6,2,10,14,20,16,24,4,12,8,23,19],[10,18,22,6,14,2,16,24,20,4,12,19,8],[2,22,6,14,18,10,20,16,24,4,12,8,19],[6,18,22,14,10,2,20,16,24,4,12,8,17,23,19],[22,14,10,6,18,2,16,24,20,4,12,19,7,8],[22,6,14,2,10,18,20,16,24,4,12,19,8],[6,10,22,18,2,14,16,20,24,4,12,23,19,8],[2,14,18,6,10,22,20,16,24,4,12,8,19],[22,18,6,14,10,2,20,16,24,4,12,8,19],[6,22,14,18,10,2,16,24,20,4,12,8,19],[2,10,22,18,6,14,20,16,24,4,12,5,8,23,19],[2,6,18,22,14,10,16,20,24,4,12,8,23,19],[2,10,6,22,18,14,20,16,24,4,12,8,23,19],[6,10,18,14,2,22,16,20,24,4,12,8,19],[2,6,14,18,10,22,16,24,20,4,12,23,19],[10,14,22,18,2,6,16,24,20,4,12,8,19],[6,18,2,22,14,10,16,20,24,4,12,8,19],[2,22,6,10,18,14,16,20,24,4,12,8,19],[6,18,22,10,14,2,20,16,24,4,12,8,17,19],[18,6,10,22,14,2,20,16,24,4,12,8,23,19],[18,10,14,16,2,6,22,20,24,4,12,8,19],[10,18,22,2,6,14,20,16,24,4,12,8,23,19],[14,2,10,22,6,18,16,24,20,4,12,8,19],[2,22,18,10,14,6,20,16,24,4,12,8,19],[22,18,10,2,14,6,16,24,20,4,12,8,23,19],[2,6,18,22,14,10,20,16,24,4,12,8,23,19],[2,18,14,22,10,6,16,24,20,4,12,8,19],[2,6,18,22,14,10,20,16,24,4,12,8,23,19],[22,2,6,14,10,18,16,20,24,4,12,23,19],[22,10,6,18,2,14,16,20,24,4,12,8,23,19],[6,14,2,10,22,18,20,16,24,4,12,23,8,19],[10,14,6,22,2,18,16,24,20,4,12,8,23,19],[18,6,14,10,2,22,16,20,24,4,12,8,21,23,19],[10,18,6,2,22,14,20,16,24,4,12,8,19],[10,2,6,22,14,18,16,24,20,4,12,8,23,19],[10,2,14,22,18,6,20,16,24,4,12,8,19],[22,6,18,14,2,10,20,16,24,4,12,8,23,19],[14,18,10,6,2,22,20,16,24,4,12,8,19],[22,2,6,18,14,10,16,20,24,4,12,8,23,19],[2,6,22,18,14,10,16,20,24,4,12,8,23,19],[14,10,6,18,2,22,20,16,24,4,12,8,19],[14,22,10,2,18,6,20,16,24,4,12,23,19],[6,2,10,14,22,18,16,20,24,4,12,8,19],[2,14,6,10,18,22,16,24,20,4,12,8,19],[2,10,18,6,22,14,16,20,24,4,12,8,19],[18,10,2,6,14,22,16,20,24,4,12,8,23,19],[2,6,10,18,22,14,20,16,24,4,12,19,8],[14,2,22,10,6,18,20,16,24,4,12,8,23,19],[18,6,2,10,22,14,20,16,24,4,12,8,23,19],[6,14,2,18,10,22,16,24,20,4,12,8,19],[14,6,18,10,2,20,22,16,24,4,12,8,19],[10,14,18,16,22,2,6,20,24,4,12,8,21,23,19],[14,18,22,6,10,2,20,16,24,4,12,8,23,19],[6,14,18,10,2,22,20,16,24,4,12,19,1,8],[18,10,6,22,2,14,20,16,24,4,12,8,23,19],[18,14,6,22,2,10,20,16,24,4,12,8,23,19],[14,2,10,18,6,22,20,16,24,4,12,8,19],[18,14,6,22,10,2,16,20,24,4,12,8,23,19],[14,10,22,2,18,6,16,20,24,4,12,8,19],[18,22,6,10,14,2,20,16,24,4,12,8,23,19],[10,6,2,18,14,22,16,24,20,4,12,8,19],[14,18,10,6,2,22,20,16,24,4,12,23,19],[18,6,10,2,22,14,16,24,20,4,12,8,23,19],[14,22,6,18,2,10,20,16,24,4,12,8,23,19],[22,18,2,6,14,10,16,24,20,4,12,8,19],[6,10,18,22,14,2,16,24,20,4,12,8,23,19],[2,22,6,18,10,14,20,16,24,4,12,8,19],[22,14,6,10,2,18,20,16,24,4,12,23,19],[6,14,10,22,18,2,16,24,20,4,12,8,19],[10,22,14,18,2,6,16,24,20,4,12,8,19],[22,2,6,18,10,14,20,16,24,4,12,23,19,8],[2,22,6,14,10,18,16,20,24,4,12,8,23,19],[22,6,2,14,18,10,16,20,24,4,12,19,8],[10,6,18,22,14,2,20,16,24,4,12,8,19],[18,2,10,6,22,14,16,24,20,4,12,19,7,8],[2,14,18,22,10,6,20,16,24,4,12,8,19],[18,22,14,10,2,6,20,16,24,4,12,8,23,19],[6,22,18,10,2,14,20,16,24,4,12,8,23,19],[6,22,10,18,14,2,20,16,24,4,12,23,19],[22,14,10,18,2,6,16,24,20,4,12,8,19],[14,22,2,10,18,6,16,24,20,4,12,8,19],[14,22,18,10,2,6,20,16,24,4,12,8,19],[2,10,6,18,22,14,16,20,24,4,12,8,23,19],[14,18,6,10,22,2,16,24,20,4,12,8,23,19],[2,22,14,6,10,18,16,24,20,4,12,8,23,19],[6,18,14,2,10,22,16,20,24,4,12,19,15,8],[14,22,2,6,10,18,20,16,24,4,12,8,23,19],[6,22,14,10,2,18,16,20,24,4,12,5,8,19],[14,2,22,6,10,18,16,24,20,4,12,8,19],[10,6,18,2,14,22,20,16,24,4,12,8,23,19],[10,14,18,22,6,2,16,24,20,4,12,8,23,19],[2,18,10,6,14,22,20,16,24,4,12,19,21,8],[2,6,22,18,10,14,20,16,24,4,12,19,8],[10,22,18,6,14,2,16,24,20,4,12,8,23,19],[14,10,2,6,18,22,16,24,20,4,12,8,23,19],[18,22,14,6,10,2,20,16,24,4,12,23,19],[18,6,14,22,10,2,16,20,24,4,12,19,8],[22,18,2,6,14,10,16,24,20,4,12,8,7,19],[10,6,2,22,14,18,16,24,20,4,12,8,19],[2,6,22,10,18,14,20,16,24,4,12,8,23,19],[2,6,10,14,22,18,16,20,24,4,12,8,19],[18,22,14,6,2,20,10,16,24,4,12,19,8],[22,6,2,14,10,18,16,24,20,4,12,8,23,19],[10,14,6,22,2,18,20,16,24,4,12,8,23,19],[14,18,2,6,10,22,20,16,24,4,12,8,19],[22,18,14,2,10,6,20,16,24,4,12,8,23,19],[2,22,14,18,10,6,20,16,24,4,12,23,19,8],[14,2,10,6,22,18,16,20,24,4,12,23,19,8],[18,22,14,10,6,2,16,20,24,4,12,8,19],[22,2,14,10,6,18,20,16,24,4,12,19,8],[10,14,18,6,22,2,16,24,20,4,12,8,23,19],[14,22,18,6,10,2,16,24,20,4,12,8,23,19],[14,18,6,2,10,22,16,20,24,4,12,8,19],[18,2,14,10,22,6,20,16,24,4,12,8,19],[14,6,22,10,18,2,16,20,24,4,12,8,19],[18,2,6,22,14,10,20,16,24,4,12,19,8],[22,10,6,18,2,14,16,20,24,4,12,8,23,19],[2,22,14,6,18,10,16,24,20,4,12,8,19],[14,2,22,18,10,6,20,16,24,4,12,8,23,19],[22,14,6,10,2,18,20,16,24,4,12,19,7,8],[18,14,6,22,2,10,16,20,24,4,12,8,23,19],[14,2,10,6,22,18,20,16,24,4,12,8,19],[18,10,22,6,14,2,16,20,24,4,12,8,19],[6,14,18,2,22,10,20,16,24,4,12,19,8],[10,14,18,2,6,22,20,16,24,4,12,8,23,19],[6,22,10,14,18,2,16,24,20,4,12,8,23,19],[14,6,22,18,10,2,20,16,24,4,12,8,23,19],[10,2,14,6,22,18,16,24,20,4,12,8,23,19],[22,14,18,10,6,2,16,20,24,4,12,8,19],[10,14,6,18,2,22,16,20,24,4,12,8,19],[18,14,22,10,6,2,20,16,24,4,12,8,19],[18,10,2,22,14,6,20,16,24,4,12,8,19],[14,10,22,6,2,18,16,20,24,4,12,8,19],[10,18,6,14,22,2,16,20,24,4,12,8,19],[2,10,22,6,18,14,16,24,20,4,12,8,23,19],[14,22,18,6,10,2,16,24,20,4,12,8,19],[6,22,10,2,14,18,16,24,20,4,12,8,23,19],[6,2,10,22,18,14,16,20,24,4,12,8,19],[22,2,10,6,18,14,16,24,20,4,12,8,23,19],[2,10,6,14,18,22,20,16,24,4,12,8,23,19],[6,10,22,14,18,2,16,20,24,4,12,8,23,19],[10,14,18,22,6,2,16,20,24,4,12,19,8],[6,18,2,10,14,22,16,20,24,4,12,8,23,19],[14,2,6,10,18,22,16,24,20,4,12,8,23,19],[14,6,10,2,22,18,20,16,24,4,12,8,23,19],[6,14,22,10,18,2,16,24,20,4,12,7,8,23,19],[10,18,6,2,22,14,20,16,24,4,12,8,19],[18,6,10,14,22,2,20,16,24,4,12,23,19],[10,14,6,18,22,2,20,16,24,4,12,23,19],[6,14,10,18,22,2,16,20,24,4,12,8,23,19],[10,6,22,18,14,2,16,24,20,4,12,8,23,19],[10,2,22,6,14,18,20,16,24,4,12,8,19],[22,2,10,6,14,18,16,24,20,4,12,19,8],[22,18,6,10,14,2,16,24,20,4,12,8,19],[18,2,6,22,14,10,20,16,24,4,12,23,19,8],[6,14,10,18,22,2,16,20,24,4,12,8,23,19],[6,2,10,18,22,14,20,16,24,4,12,19,8],[18,10,6,22,2,14,16,20,24,4,12,23,19],[18,14,22,10,2,6,16,24,20,4,12,8,23,19],[14,22,18,6,10,2,16,24,20,4,12,8,19],[14,22,2,10,6,18,16,24,20,4,12,8,23,19],[14,22,10,2,6,18,20,16,24,4,12,19,8],[10,6,22,2,14,18,16,20,24,4,12,8,23,19],[10,2,6,22,18,14,16,24,20,4,12,8,19],[22,2,18,10,14,20,16,6,24,4,12,8,23,19],[14,10,6,22,18,2,16,24,20,4,12,8,19],[18,22,14,6,10,2,20,16,24,4,12,8,23,19],[18,10,2,14,6,22,20,16,24,4,12,8,23,19],[2,6,22,14,18,10,20,16,24,4,12,8,9,19],[2,22,10,14,6,18,16,24,20,4,12,23,19],[10,14,22,18,2,6,16,24,20,4,12,19,8],[22,10,6,18,14,2,20,16,24,4,12,8,19],[14,10,22,6,18,2,16,20,24,4,12,8,19],[14,6,10,2,22,18,20,16,24,4,12,19,8],[6,14,18,10,22,2,16,20,24,4,12,8,5,21,19],[2,18,22,10,6,14,16,20,24,4,12,19,8],[2,22,14,10,18,6,20,16,24,4,12,8,19],[18,14,6,10,2,22,20,16,24,4,12,8,19],[18,22,14,2,10,6,20,16,24,4,12,8,19],[18,22,6,14,10,2,16,24,20,4,12,19,8],[2,18,14,6,10,22,16,20,24,4,12,8,19],[22,18,6,2,10,14,16,20,24,4,12,8,23,19],[22,18,6,2,10,14,20,16,24,4,12,8,23,19],[10,18,2,22,6,14,20,16,24,4,12,8,23,19],[10,18,14,6,2,22,16,24,20,4,12,23,19],[10,14,6,2,18,22,16,24,20,4,12,19,8],[6,18,2,22,10,14,20,16,24,4,12,8,23,19],[18,2,14,10,6,22,16,24,20,4,12,8,23,19],[14,18,6,10,22,2,16,20,24,4,12,8,23,19],[18,14,2,22,10,6,20,16,24,4,12,23,19],[18,2,6,10,22,14,16,24,20,4,12,8,19],[22,10,18,2,6,14,20,16,24,4,12,8,23,19],[10,22,14,18,6,2,20,16,24,4,12,19,23],[6,18,10,14,2,22,16,20,24,4,12,19,8],[14,2,18,22,6,10,16,20,24,4,12,17,8,23,19],[22,14,2,6,18,10,16,12,20,24,4,8,19],[14,10,18,2,22,6,16,20,24,4,12,8,19],[14,2,10,22,6,18,16,20,24,4,12,8,23,19],[6,10,2,14,18,22,16,24,20,4,12,8,23,19],[14,10,2,22,6,18,20,16,24,4,12,8,19],[18,2,6,10,22,14,20,16,24,4,12,8,23,19],[10,14,6,18,22,2,20,16,24,4,12,8,23,19],[10,18,14,6,2,22,20,16,24,4,12,8,19],[14,2,6,22,10,18,20,16,24,4,12,8,23,19],[2,10,6,18,22,14,20,16,24,4,12,8,19],[22,2,10,6,14,18,16,20,24,4,12,8,19],[14,10,22,6,18,2,16,24,20,4,12,8,23,19],[6,18,2,22,10,14,16,24,20,4,12,8,19],[6,14,2,18,10,22,16,20,24,4,12,23,19],[2,18,22,14,10,6,16,20,24,4,12,8,23,19],[2,22,14,10,18,6,16,24,20,4,12,8,23,19],[14,10,22,6,2,18,20,16,24,4,12,8,19],[22,10,18,2,14,6,20,16,24,4,12,8,23,19],[18,22,2,14,6,10,20,16,24,4,12,8,21,23,19],[18,14,10,6,2,22,20,16,24,4,12,23,19],[10,6,2,18,14,22,20,16,24,4,12,8,23,19],[14,22,6,2,18,10,20,16,24,4,12,8,19],[14,2,18,10,22,6,20,16,24,4,12,8,23,19],[10,18,6,14,2,22,16,20,24,4,12,8,23,19],[18,14,10,6,2,22,16,20,24,4,12,8,19],[6,14,18,2,10,22,16,24,20,4,12,8,1,19],[2,14,18,10,6,22,20,16,24,4,12,8,7,9,23,19],[2,14,18,6,22,10,20,16,24,4,12,19,8],[14,10,22,2,18,6,20,16,24,4,12,8,19],[2,10,6,18,22,14,20,16,24,4,12,23,19,8],[18,10,2,14,22,6,16,20,24,4,12,19,8],[22,2,6,10,18,14,20,16,24,4,12,8,19],[18,2,14,6,22,10,20,16,24,4,12,8,19],[22,14,10,2,6,18,16,20,24,4,12,23,19],[10,2,14,6,18,22,16,20,24,4,12,8,23,19],[2,22,18,6,10,14,20,16,24,4,12,8,19],[10,6,18,22,2,14,16,24,20,4,12,8,19],[22,14,18,6,10,2,20,16,24,4,12,21,23,19],[6,14,2,22,18,10,16,20,24,4,12,8,19],[22,18,6,10,2,14,16,24,20,4,12,8,23,19],[2,6,18,22,10,14,20,16,24,4,12,23,19],[14,18,6,22,2,10,16,24,20,4,12,8,23,19],[14,18,10,2,6,22,20,16,24,4,12,8,19],[6,10,14,18,22,2,16,24,20,4,12,8,19],[14,18,2,10,6,22,16,24,20,4,12,8,23,19],[22,10,6,14,18,2,20,16,24,4,12,8,23,19],[10,18,6,2,14,22,16,24,20,4,12,8,19],[2,22,14,6,10,18,20,16,24,4,12,8,23,19],[22,6,10,18,2,14,16,20,24,4,12,8,19],[14,6,2,18,10,22,20,16,24,4,12,23,19],[18,14,6,22,2,10,16,24,20,4,12,23,19,8],[10,6,14,22,18,2,16,20,24,4,12,8,11,23,19],[2,14,6,18,22,10,16,24,20,4,12,23,19],[18,14,22,2,10,6,20,16,24,4,12,8,23,19],[14,2,10,6,18,22,20,16,24,4,12,8,19],[6,14,10,22,18,2,20,16,24,4,12,8,23,19],[6,2,18,10,14,22,20,16,24,4,12,8,23,19],[2,10,6,14,18,22,20,16,24,4,12,8,19],[14,22,10,18,2,6,20,16,24,4,12,8,19],[22,6,18,14,2,10,20,16,24,4,12,8,23,19],[6,14,18,2,10,22,16,20,24,4,12,8,23,19],[22,10,2,18,6,14,16,24,20,4,12,8,23,19],[2,6,14,22,18,10,20,16,24,4,12,8,19],[2,22,10,6,14,18,20,16,24,4,12,8,19],[10,6,2,18,14,22,20,16,24,4,12,8,19],[22,14,2,6,10,18,16,20,24,4,12,23,19],[22,14,18,6,10,2,16,20,24,4,12,8,23,19],[2,14,6,10,22,18,16,4,20,24,12,8,17,19],[6,2,10,22,18,14,16,20,24,4,12,8,23,19],[10,6,2,18,22,14,20,16,24,4,12,8,19],[18,6,14,22,2,10,16,20,24,4,12,23,19,8],[14,22,10,6,2,18,20,16,24,4,12,8,19],[6,22,14,2,10,18,16,24,20,4,12,8,19],[10,14,18,22,2,6,20,16,24,4,12,19,8],[10,2,14,18,6,22,16,24,20,4,12,19,8],[18,22,10,14,6,2,16,20,24,4,12,8,19],[10,2,18,22,6,14,16,24,20,4,12,8,23,19],[6,14,2,10,18,22,16,24,20,4,12,19,8],[2,22,14,6,10,18,16,24,20,4,12,8,19],[10,2,18,6,22,14,20,16,24,4,12,8,19],[22,18,2,6,10,14,20,16,24,4,12,8,23,19],[10,18,6,2,14,22,20,16,24,4,12,19,8],[22,2,18,6,10,14,20,16,24,4,12,19,8],[18,2,6,14,22,10,20,16,24,4,12,8,23,19],[2,18,14,22,10,6,16,24,20,4,12,23,19],[2,6,18,10,22,14,16,24,20,4,12,8,23,19],[18,14,6,2,10,22,16,24,20,4,12,8,19],[22,10,6,14,2,18,20,16,24,4,12,23,19],[2,22,18,6,14,10,20,16,24,4,12,8,23,19],[2,22,14,10,6,18,16,20,24,4,12,23,19,8],[18,2,22,14,10,6,16,20,24,4,12,8,23,19],[2,18,14,6,22,10,20,16,24,4,12,8,23,19],[2,14,6,10,18,22,16,24,20,4,12,8,23,19],[14,10,2,22,6,18,20,16,24,4,12,8,19],[18,14,22,2,6,10,20,16,24,4,12,8,19],[2,6,22,18,14,10,20,16,24,4,12,8,23,19],[6,18,14,10,2,22,16,20,24,4,12,8,19],[2,22,10,18,6,14,20,16,24,4,12,8,23,19],[10,22,6,2,18,14,16,20,24,4,12,8,19],[14,18,10,2,22,6,16,20,24,4,12,8,19],[10,2,18,14,6,22,20,16,24,4,12,8,19],[6,18,2,14,22,10,20,16,24,4,12,8,17,23,19],[22,18,10,14,6,2,20,16,24,4,12,8,23,19],[10,14,18,2,6,22,20,16,24,4,12,8,23,19],[10,2,6,14,22,18,20,16,24,4,12,8,19],[18,10,6,2,22,14,20,16,24,4,12,19,8],[14,10,18,22,6,2,16,24,20,4,12,8,23,19],[18,10,2,14,6,22,16,20,24,4,12,8,3,19],[18,2,6,10,14,22,16,24,20,4,12,23,19],[22,10,2,14,18,6,16,20,24,4,12,7,8,17,23,19],[18,14,10,2,22,6,16,24,20,4,12,8,11,19],[6,2,22,18,10,14,16,24,20,4,12,8,19],[10,22,6,2,14,18,16,24,20,4,12,8,19],[18,22,6,10,2,14,20,16,24,4,12,8,19],[14,18,6,10,2,22,20,16,24,4,12,8,19],[14,2,10,22,18,6,16,20,24,4,12,8,19],[2,10,18,6,22,14,20,16,24,4,12,8,23,19],[22,6,14,18,10,2,16,24,20,4,12,8,23,19],[2,10,18,6,22,14,16,20,24,4,12,8,23,19],[6,2,22,10,18,14,16,24,20,4,12,8,19],[2,22,10,18,6,14,20,16,24,4,12,8,19],[10,14,2,18,6,22,16,20,24,4,12,1,8,19],[6,22,18,2,14,10,16,20,24,4,12,8,19],[6,22,2,18,14,10,20,16,24,4,12,5,19,8],[18,22,14,2,6,10,20,16,24,4,12,19,8],[2,6,10,18,22,14,20,16,24,4,12,8,23,19],[22,14,2,10,18,6,16,20,24,4,12,8,19],[14,18,2,6,10,22,20,16,24,4,12,8,23,19],[10,6,2,22,18,14,16,20,24,4,12,8,23,19],[10,2,14,6,22,18,20,16,24,4,12,8,19],[22,6,18,2,10,14,20,16,24,4,12,8,19],[2,14,6,22,10,18,20,16,24,4,12,19,8],[22,6,2,14,18,10,20,16,24,4,12,8,23,19],[6,22,14,10,2,18,16,24,20,4,12,8,17,23,19],[18,2,6,10,14,22,20,16,24,4,12,19,8],[18,10,6,2,14,22,20,16,24,4,12,8,23,19],[18,2,22,14,10,6,20,16,24,4,12,8,19],[2,18,14,6,10,22,16,20,24,4,12,8,23,19],[10,6,18,2,22,14,16,24,20,4,12,8,23,19],[18,10,22,2,6,14,20,16,24,4,12,8,19],[10,18,22,14,2,6,20,16,24,4,12,8,19],[18,6,10,22,14,2,20,16,24,4,12,8,19],[18,6,2,10,22,14,16,24,20,4,12,23,19],[10,6,2,22,18,14,20,16,24,4,12,8,19],[2,22,10,18,14,6,16,20,24,4,12,19,8],[14,6,22,10,2,18,16,24,20,4,12,19,8],[22,14,6,2,18,10,16,20,24,4,12,8,23,19],[10,22,2,6,14,18,16,20,24,4,12,23,19],[18,14,10,6,2,22,20,16,24,4,12,8,23,19],[2,10,22,14,6,18,20,16,24,4,12,8,23,19],[18,6,14,20,2,16,10,22,24,4,12,8,19],[14,18,2,10,22,6,16,20,24,4,12,19,8],[22,6,18,14,2,10,20,16,24,4,12,8,23,19],[14,2,18,6,22,10,16,20,24,4,12,19,8],[6,10,14,22,2,18,16,4,20,24,12,8,23,19],[6,14,10,22,2,18,20,16,24,4,12,8,19],[18,2,22,14,10,6,16,20,24,4,12,8,23,19],[6,18,2,14,10,22,16,20,24,4,12,8,19],[18,22,10,6,2,14,16,24,20,4,12,8,23,19],[2,10,14,6,18,22,16,20,24,4,12,8,19],[22,2,18,6,10,14,20,16,24,4,12,19,1,8],[18,6,14,22,2,10,16,24,20,4,12,8,19],[14,18,10,22,6,2,16,20,24,4,12,8,19],[6,18,10,2,22,14,16,20,24,4,12,8,19],[22,18,2,6,10,14,16,24,20,4,12,8,23,19],[22,14,10,18,2,6,20,16,24,4,12,8,23,19],[6,14,10,18,22,2,16,20,24,4,12,8,19],[18,2,14,22,10,6,16,24,20,4,12,8,19],[6,14,2,22,10,18,20,16,24,4,12,8,19],[18,10,14,6,2,20,16,22,24,4,12,8,23,19],[10,2,14,6,18,22,16,24,20,4,12,8,19],[6,2,10,22,14,18,16,20,24,4,12,8,19],[14,6,10,2,18,22,16,24,20,4,12,3,8,19],[6,14,2,22,10,18,20,16,24,4,12,23,19],[18,6,14,10,2,22,16,20,24,4,12,8,23,19],[10,6,22,2,18,14,16,24,20,4,12,8,23,19],[10,14,18,22,6,2,16,24,20,4,12,8,23,19],[22,10,18,14,6,2,20,16,24,4,12,8,19],[22,2,14,18,10,6,16,20,24,4,12,8,19],[14,18,6,2,10,22,16,20,24,4,12,8,23,19],[14,2,22,18,10,6,16,24,20,4,12,8,23,19],[14,10,6,18,2,22,16,20,24,4,12,8,23,19],[10,22,6,18,2,14,20,16,24,4,12,21,19,8],[18,2,22,14,10,6,16,24,20,4,12,19,8],[18,6,14,22,10,2,20,16,24,4,12,19,8],[14,6,2,22,18,10,16,20,24,4,12,19,8],[22,6,14,18,10,2,16,20,24,4,12,19,8],[22,14,18,10,6,2,20,16,24,4,12,8,23,19],[2,14,18,22,6,10,20,16,24,4,12,19,13,15,8],[18,2,10,22,6,14,16,24,20,4,12,17,8,23,19],[22,2,6,18,14,10,20,16,24,4,12,8,23,19],[6,2,14,10,18,22,16,24,20,4,12,8,23,19],[14,10,6,22,2,18,20,16,24,4,12,8,19],[22,10,18,14,6,2,16,24,20,4,12,8,19],[22,10,14,2,6,18,16,20,24,4,12,8,19],[2,22,18,14,10,6,20,16,24,4,12,8,23,19],[2,10,22,14,18,6,16,24,20,4,12,8,19],[10,6,22,14,2,18,20,16,24,4,12,19,8],[22,10,18,6,14,2,16,20,24,4,12,8,19],[2,10,14,6,18,22,16,24,20,4,12,8,23,19],[2,22,18,14,6,10,20,16,24,4,12,8,1,23,19],[10,14,2,18,22,6,16,24,20,4,12,8,23,19],[18,10,14,22,2,6,16,20,24,4,12,23,19,8],[2,14,18,20,16,6,10,22,24,4,12,8,19],[18,10,22,14,2,6,20,16,24,4,12,8,19],[18,14,6,10,22,2,20,16,24,4,12,8,19],[2,6,18,14,22,10,20,16,24,4,12,8,19],[22,2,10,18,14,6,20,16,24,4,12,8,19],[14,6,18,22,10,2,20,16,24,4,12,8,19],[18,14,22,2,6,10,20,16,24,4,12,23,19],[18,22,6,10,2,14,16,20,24,4,12,8,23,19],[2,18,22,6,10,14,16,20,24,4,12,23,19,8],[22,6,10,18,14,2,20,16,24,4,12,8,23,19],[18,14,22,6,10,2,20,16,24,4,12,8,23,19],[10,6,18,2,22,14,20,16,24,4,12,8,19],[22,6,2,14,18,10,20,16,24,4,12,8,19],[10,14,18,6,22,2,16,24,20,12,4,8,19],[2,10,22,6,14,18,16,24,20,4,12,23,19],[6,10,18,14,2,22,16,20,24,4,12,8,23,19],[2,18,6,22,14,10,20,16,24,4,12,8,19],[10,6,18,14,2,22,16,20,24,4,12,8,19],[14,2,22,18,6,10,20,16,24,4,12,8,19],[18,22,10,2,14,6,16,20,24,4,12,19,8],[6,2,10,18,14,22,20,16,24,4,12,8,19],[18,2,22,10,14,6,16,24,20,4,12,8,19],[10,18,14,2,22,6,16,24,20,4,12,23,19,8],[6,2,18,10,14,22,16,24,20,4,12,8,23,19],[2,10,18,14,6,22,16,24,20,4,12,23,19],[22,18,14,2,10,6,16,20,24,4,12,8,23,19],[6,2,14,22,10,18,16,20,24,4,12,23,19],[2,18,14,22,10,6,20,16,24,4,12,8,23,19],[2,22,10,18,14,6,16,20,24,4,12,8,23,19],[10,14,6,2,18,22,20,16,24,4,12,8,1,23,19],[6,22,2,14,10,18,20,16,24,4,12,8,19],[14,2,6,10,18,22,20,16,24,4,12,8,19],[22,2,6,18,10,14,20,16,24,4,12,8,19],[14,10,22,2,6,18,16,24,20,4,12,19,8],[6,2,14,10,22,18,16,24,20,4,12,19,8],[22,2,6,14,10,18,20,16,24,4,12,23,19],[10,22,6,18,14,2,20,16,24,4,12,8,23,19],[18,2,6,14,10,22,16,24,20,4,12,8,19],[18,14,10,6,22,2,20,16,24,4,12,8,23,19],[2,10,6,18,22,14,16,24,20,4,12,8,19],[14,22,2,10,18,6,20,16,24,4,12,8,23,19],[6,14,2,22,10,18,20,16,24,4,12,8,19],[2,14,22,10,6,18,16,20,24,4,12,19,8],[2,6,14,10,18,22,20,16,24,4,12,8,23,19],[22,6,18,10,2,14,16,24,20,4,12,23,19],[2,22,14,10,18,6,20,16,24,4,12,8,19],[2,10,14,6,18,22,20,16,24,4,12,19,8],[2,6,10,22,18,14,20,16,24,4,12,8,19],[14,2,10,18,22,6,16,20,24,4,12,8,19],[18,2,14,6,22,10,16,24,20,4,12,8,23,19],[14,2,22,10,18,6,16,24,20,4,12,8,23,19],[10,2,6,18,22,14,20,16,24,4,12,8,23,19],[22,18,14,2,10,6,16,20,24,4,12,8,23,19],[6,22,18,10,14,2,16,24,20,4,12,8,23,19],[18,14,10,2,22,6,20,16,24,4,12,8,19],[18,6,10,14,2,22,16,20,24,4,12,23,19],[10,2,18,22,6,14,16,24,20,4,12,8,7,19],[2,22,14,6,18,10,20,16,24,4,12,23,19,8],[22,14,10,6,2,18,16,24,20,4,12,8,19]],"n_human":6}