{"problem_id":"HJSnoNieg50nHwb","sigma":75,"alpha":10.000,"cost":2,"probabilities":"[0.27, 0.26, 0.26, 0.21]","payoff_matrix":"[[-116, 137, 72, -58, 7, 120], [6, -18, -4, 63, 44, -100], [-32, -39, 22, -23, -112, -2], [55, -49, 64, 54, -58, 99]]","uncovered":[[13,21,17,1,9,10,23,22,5,6,11,7,8,19],[17,5,15,21,7,23,6,22,9,11,10,12],[1,9,21,23,11,22,13,5,6,7,10,12],[9,13,17,21,23,11,22,1,5,7,6,10,12],[9,13,17,21,10,22,1,5,6,11,7,8,23,18,19],[1,17,9,5,7,11,6,10,8,13,21,22,23,18,19],[13,9,21,11,23,22,1,17,5,7,10,6,12],[13,21,5,22,17,6,1,9,11,7,10,12],[1,13,17,5],[9,17,1,5,6,10,11,7,8,13,21,23,22,19],[9,21,11,22,13,17,1,5,6,10,7,8,23,18,19],[13,9,5,6,10,11,7,8,17,1,21,22,23,18,19],[5,1,9,10,6,7,11,12],[17,21,1,9,11,23,22,13,5,6,7,10,8,19],[9,13,1,17,21,22,11,5,6,7,10,12],[9,13,17,21,23,11,10,22,5,6,7,8,1,19],[17,21,1,5,22,9,10,7,11,6,8,13,23,19],[9,21,10,22,1,5,6,11,7,8,13,17,23,19],[13,1,21,5,7,23,22,9,10,11,6,12],[17,1,5,13],[17,5,9,7,10,6,11,12],[17,13,1,5],[17,21,9,10,22,13,5,7,11,6,8,1,23,18,19],[9,17,21,22,10,1,5,7,11,6,12],[1,5,9,7,11,10,6,12],[21,13,1,17,5,6,22,9,11,7,10,8,23,18,19],[1,17,21,9,11,22,5,7,6,10,8,13,23,18,19],[13,5,17,1],[5,9,6,10,11,7,8,13,17,21,22,1,23,19],[1,5,9,11,6,10,7,8,17,13,21,23,22,18,19],[1,17,5,13],[9,21,23,11,10,22,17,5,7,6,8,13,1,19],[21,13,9,22,10,23,1,5,7,6,11,8,17,18,19],[9,21,11,22,17,13,1,5,7,10,6,12],[1,17,9,13,21,22,10,5,6,7,11,8,23,19],[17,5,9,11,6,7,10,8,13,1,21,22,23,18,19],[9,21,10,22,5,6,11,7,12],[21,13,17,1,5,6,22,9,10,7,11,12],[13,1,17,21,5,23,7,22,9,11,6,10,8,19],[1,5,21,23,7,6,22,17,13,9,11,10,8,19],[21,9,23,10,22,5,6,7,11,12],[9,17,13,5,11,6,10,7,8,21,23,22,1,18,19],[1,5,13,17,21,22],[5,22,13,1],[1,5,21,6,22,17,13,9,10,11,7,12],[17,1,9,5,6,10,7,11,8,13,21,22,23,18,19],[1,17,13,21,5,7,23,6,22,9,10,11,8,18,19],[5,1,21,23,7,6,22,9,10,11,12],[17,9,21,23,10,11,22,13,5,7,6,8,1,18,19],[1,21,5,22,17,7,13,9,11,10,6,8,23,19],[5,14,13,9,11,6,10,7,12],[9,21,11,23,10,22,5,7,6,8,13,17,1,18,19],[9,5,6,11,7,10,8,13,1,17,21,23,22,18,19],[13,9,1,5,6,10,7,11,8,17,21,23,22,18,19],[13,5,9,11,6,7,10,12],[17,21,9,11,23,10,22,1,13,5,7,6,12],[13,17,5,9,6,10,7,11,12],[13,1,5,21,23,7,6,22,9,11,10,12],[13,17,1,5],[9,17,1,13,21,10,23,11,22,5,6,7,12],[5,21,23,7,6,22,1,17,9,11,10,8,13,18,19],[9,13,17,21,23,11,10,22,5,6,7,8,1,19],[17,1,13,21,5,7,23,6,22,9,11,10,12],[13,5,9,11,6,10,7,8,17,1,21,22,23,19],[5,1,13,9,11,7,6,10,8,17,21,23,22,18,19],[9,17,21,22,10,5,7,6,11,8,13,1,23,18,19],[5,9,11,6,7,10,8,13,1,17,21,22,23,18,19],[5,13,1,17],[5,17,21,7,23,6,22,13,1,9,10,11,8,19],[13,5,17,9,10,7,6,11,8,21,22,1,23,18,19],[5,1,9,7,11,10,6,12],[21,1,17,5,22,6,13,11,9,10,7,12],[1,17,21,13,5,23,6,7,22,9,11,10,12],[1,17,13,21,5,22],[21,9,11,22,13,5,7,10,6,8,1,17,23,19],[5,19,13,9,6,10,11,7,12],[1,21,17,5,23,7,22,9,11,10,6,8,13,19],[1,13,17,9,5,6,11,7,10,12],[13,21,5,7,22,17,1,9,11,6,10,12],[17,1,21,13,5,6,23,7,22,9,10,11,12],[13,17,5,21,6,22,9,10,7,11,8,1,23,18,19],[5,1,13,17,9,7,10,6,11,8,21,23,22,18,19],[17,13,1,21,9,22,10,23,5,7,6,11,8,18,19],[1,21,5,6,23,7,22,9,10,11,12],[9,21,11,22,1,17,5,6,10,7,12],[21,5,6,23,22,17,1,13,9,10,11,7,12],[9,5,10,7,11,6,12],[17,21,13,1,9,11,22,5,6,7,10,8,23,18,19],[9,21,10,22,11,5,7,6,8,13,1,17,23,19],[1,5,13,19],[1,9,5,7,10,11,6,8,13,21,22,17,23,18,19],[13,9,17,21,10,22,11,1,5,6,7,8,23,18,19],[13,1,5],[5,9,7,11,6,10,12],[17,13,21,5,6,22,1,9,10,11,7,8,23,19],[21,5,22,13,9,6,11,10,7,12],[17,13,9,5,7,11,6,10,12],[21,5,23,6,7,22,1,13,17,9,10,11,12],[9,5,11,7,6,10,8,13,1,17,21,22,23,18,19],[13,21,5,22,17,9,10,6,11,7,8,1,23,18,19],[13,5,9,7,11,10,6,12],[13,17,9,1,21,11,23,22,5,6,10,7,12],[5,17,13,21,22,7,9,11,6,10,12],[5,13,17,21,7,22,9,10,11,6,12],[17,1,21,5,22,15],[13,9,21,22,11,17,5,6,7,10,12],[13,17,5,21,22,1],[21,13,1,5,7,22,9,10,6,11,12],[17,5,13,1],[1,21,9,10,22,5,6,7,11,12],[5,10,17,1,13],[13,17,5,21,7,23,6,22,9,10,11,12],[13,17,21,5,6,23,7,22,1,9,11,10,8,19],[21,13,9,10,23,22,1,17,5,7,6,11,8,19],[17,1,9,21,11,22,13,5,6,7,10,12],[13,17,9,21,23,10,22,1,5,7,11,6,12],[13,1,9,21,11,23,10,22,17,5,7,6,12],[21,1,5,23,7,22,9,10,6,11,12],[1,17,21,13,5,23,7,22,9,11,6,10,8,18,19],[17,13,1,5,9,10,6,11,7,8,21,22,23,18,19],[21,5,6,22,1,17,11,9,10,7,8,13,23,18,19],[21,5,7,22,1,13,9,11,10,6,8,17,23,18,19],[9,1,5,11,7,10,6,12],[9,1,5,6,10,11,7,12],[1,9,5,11,6,7,10,12],[17,13,5,1],[1,5,9,7,10,11,6,12],[21,17,5,22,7,13,9,11,6,10,12],[5,1,9,6,10,7,11,12],[21,17,2,5,22,7,9,11,6,10,8,13,23,1,19],[13,5,1,9,7,10,11,6,12],[1,17,21,9,10,22,23,5,7,6,11,12],[13,9,1,5,11,7,6,10,12],[13,17,1,21,9,22,10,11,5,7,6,12],[9,17,13,21,22,11,5,7,6,10,8,1,23,18,19],[21,1,9,23,10,22,13,5,7,6,11,8,17,19],[17,5,21,22,9,10,6,11,7,12],[21,9,22,10,23,5,6,7,11,12],[21,5,23,7,6,22,1,17,9,11,10,8,13,19],[9,21,22,10,13,23,17,5,7,6,11,12],[9,17,21,10,22,5,6,7,11,12],[17,1,9,5,7,11,10,6,8,21,23,22,13,19],[9,17,5,7,10,11,6,8,21,22,13,1,23,18,19],[17,9,21,11,23,10,22,5,6,7,12],[13,21,17,9,11,22,5,6,10,7,12],[5,1,9,6,10,11,7,12],[9,13,5,10,6,11,7,12],[21,13,1,9,23,11,10,22,5,7,6,8,17,19],[13,9,5,6,11,7,10,12],[13,17,1,5],[9,13,21,22,11,1,5,6,10,7,12],[1,9,21,22,10,5,6,11,7,8,13,17,23,19],[21,13,5,6,22,17,1,9,11,7,10,12],[1,5,17,9,10,7,11,6,12],[1,21,5,7,22,13,17,9,11,6,10,12],[21,5,22,6,1,17,9,10,11,7,12],[13,21,9,10,23,11,22,17,5,6,7,8,1,18,19],[1,13,17,5,9,11,7,6,10,12],[13,5,9,11,6,10,7,8,1,17,21,22,23,19],[1,21,17,5,6,23,7,22,9,10,11,8,13,18,19],[13,17,1,21,9,23,11,10,22,5,6,7,8,18,19],[21,2,13,17,9,10,22,11,5,6,7,8,23,1,19],[1,5,17,9,6,10,7,11,12],[13,1,5,21,7,23,6,22,17,9,10,11,12],[17,9,5,7,11,6,10,8,21,23,22,13,1,18,19],[17,1,5,13],[5,1,17,21,6,22,9,10,7,11,12],[21,5,6,23,22,1,17,9,11,10,7,12],[5,1,21,6,23,22,13,17,9,10,7,11,8,19],[9,17,1,5,10,7,6,11,12],[1,21,5,6,23,7,22,17,13,9,11,10,12],[13,1,17,21,9,11,23,22,5,6,10,7,8,19],[17,1,5,9,6,10,11,7,8,21,22,13,23,19],[13,21,5,6,22,1,9,11,7,10,12],[1,9,17,13,21,11,22,5,7,6,10,8,23,18,19],[1,17,5,13,9,6,10,7,11,8,21,22,23,18,19],[5,17,13,21,7,22,1,9,11,10,6,8,23,19],[5,9,10,7,11,6,12],[13,5,17,22,10],[5,9,10,7,11,6,8,1,21,23,22,13,17,19],[1,17,13,9,21,11,22,5,7,10,6,8,23,19],[17,9,1,13,21,23,10,22,5,7,6,11,12],[17,9,21,10,23,22,1,13,5,7,6,11,8,18,19],[1,17,13,5],[5,9,10,6,11,7,8,21,22,1,17,13,23,19],[5,1,10,17,13],[9,5,7,10,11,6,12],[13,5,9,10,6,11,7,12],[9,5,10,6,11,7,8,13,17,21,22,1,23,18,19],[9,17,13,5,10,6,11,7,8,1,21,23,22,18,19],[13,5,17,9,10,7,6,11,8,21,23,22,1,19],[17,9,13,5,10,7,6,11,8,1,21,23,22,19],[1,13,9,17,5,10,7,11,6,12],[5,9,6,10,11,7,12],[5,1,17,13,21,6,22,9,10,11,7,8,23,18,19],[17,9,21,11,23,22,1,5,7,6,10,12],[1,21,5,6,22,17,9,11,7,10,12],[13,5,9,11,6,7,10,8,1,17,21,23,22,18,19],[13,9,1,5,11,6,10,7,8,21,22,17,23,18,19],[5,21,23,7,6,22,1,9,11,10,8,17,13,18,19],[5,1,21,22,7,13,9,11,10,6,8,17,23,19],[13,5,1,9,11,6,7,10,12],[17,21,1,13,9,23,10,11,22,5,6,7,8,18,19],[13,17,9,5,6,11,10,7,8,1,21,23,22,18,19],[13,21,1,5,23,6,7,22,9,11,10,12],[17,1,5,9,11,7,10,6,12],[21,1,17,9,10,23,11,22,5,7,6,8,13,19],[1,9,13,21,11,22,5,7,10,6,12],[9,13,17,5,10,6,11,7,12],[21,17,13,5,6,23,22,9,11,7,10,12],[5,21,22,7,9,10,11,6,8,13,1,17,23,18,19],[5,21,6,22,1,9,10,7,11,8,17,13,23,19],[13,21,9,11,23,10,22,17,5,6,7,12],[17,5,13,9,11,6,7,10,8,21,23,22,1,18,19],[1,21,6,13,17,9,23,11,10,22,18,19],[13,9,17,21,10,23,11,22,1,5,6,7,12],[5,21,7,23,6,22,17,9,10,11,12],[9,5,11,7,10,6,12],[1,9,5,11,7,6,10,12],[21,13,5,22,6,1,17,9,11,7,10,12],[5,17,9,11,6,10,7,12],[17,5,1,9,11,6,10,7,12],[1,5,13,9,10,7,11,6,8,17,21,23,22,19],[9,17,1,21,10,22,23,5,7,11,6,8,13,19],[17,13,1,9,5,7,10,11,6,8,21,23,22,19],[13,5,21,23,7,22,9,10,11,6,12],[21,17,9,23,11,22,13,1,5,6,10,7,12],[17,21,9,22,10,5,7,6,11,8,13,1,23,19],[9,1,17,21,22,11,13,5,7,6,10,12],[9,1,13,17,21,22,11,5,7,6,10,12],[17,1,9,13,21,23,11,22,5,7,6,10,8,19],[13,1,21,9,11,22,5,7,6,10,8,17,23,18,19],[17,13,9,5,7,10,11,6,8,1,21,22,23,19],[21,9,10,23,11,22,5,7,6,8,17,13,1,19],[9,21,11,23,10,22,5,7,6,12],[1,9,5,6,10,7,11,8,21,22,17,13,23,19],[13,21,17,9,11,23,10,22,1,5,6,7,12],[21,17,13,9,10,23,11,22,5,6,7,12],[17,1,5,9,7,10,11,6,12],[13,17,1,5],[9,21,22,11,5,7,6,10,12],[17,13,21,5,22,6,9,10,7,11,12],[13,5,9,7,11,10,6,12],[17,5,9,11,6,7,10,12],[1,5,9,11,6,7,10,8,17,21,22,13,23,18,19],[1,13,21,5,22],[9,13,5,10,6,11,7,12],[5,9,11,6,7,10,12],[17,5,13,21,6,23,7,22,9,10,11,12],[1,13,17,9,5,10,7,6,11,12],[13,5,21,23,6,22,17,1,9,10,7,11,8,19],[9,17,21,10,23,11,22,1,5,6,7,12],[9,17,1,21,23,11,22,13,5,6,10,7,12],[21,13,5,7,23,6,22,1,17,9,11,10,8,19],[13,9,21,23,11,22,17,5,7,6,10,12],[9,21,10,23,11,22,13,1,5,6,7,12],[1,5,17,22],[1,9,17,13,21,22,10,11,5,6,7,8,23,19],[9,1,21,10,23,11,22,17,13,5,6,7,8,19],[13,21,1,17,5,7,22,9,10,6,11,12],[9,13,5,7,10,6,11,8,1,21,23,22,17,19],[1,13,17,5],[1,17,5,21,7,22,13,9,10,11,6,8,23,19],[17,13,5,9,11,6,7,10,12],[17,21,5,22,9,11,6,7,10,8,1,13,23,19],[5,17,1,21,22,7,13,9,11,6,10,8,23,18,19],[13,5,1,9,10,7,6,11,12],[17,1,5,13],[1,13,5,23],[9,17,13,5,10,6,11,7,12],[9,13,5,7,10,6,11,12],[5,13,17,1,21,23,7,6,22,9,11,10,12],[17,9,5,11,7,6,10,12],[1,13,5,17,9,7,11,10,6,8,21,23,22,18,19],[5,17,11,9,7,6,10,12],[1,13,5,17,21,6,23,7,22,9,11,10,8,19],[17,5,1,9,6,10,7,11,8,13,21,23,22,19],[5,21,6,23,22,9,11,7,10,12],[17,5,21,7,22,13,9,10,6,11,12],[17,21,5,7,22,9,10,11,6,8,1,13,23,18,19],[21,5,23,6,7,22,13,1,9,11,10,12],[9,1,5,11,6,10,7,12],[9,1,13,17,5,6,11,7,10,8,21,23,22,18,19],[13,5,21,6,23,22,1,9,10,11,7,8,17,18,19],[17,5,13,1],[17,21,9,22,11,1,5,6,10,7,8,13,23,18,19],[17,13,1,5,9,7,11,10,6,12],[5,13,21,7,23,6,22,1,9,10,11,8,17,18,19],[1,17,21,5,22,6,13,9,11,7,10,12],[17,1,21,13,5,22],[13,17,5,9,11,7,6,10,12],[21,13,9,22,11,17,5,6,10,7,8,1,23,18,19],[5,1,9,11,6,10,7,8,17,13,21,22,23,18,19],[17,1,13,5,21,23,6,7,22,9,10,11,8,18,19],[1,17,21,13,9,23,10,11,22,5,6,7,8,18,19],[1,5,21,7,22,13,9,10,6,11,8,17,23,18,19],[21,17,1,5,6,22,13,9,10,7,11,12],[9,1,21,10,22,11,17,13,5,7,6,8,23,19],[9,5,6,10,7,11,12],[13,1,5,21,7,23,22,17,9,10,6,11,12],[1,9,21,22,10,17,11,13,5,6,7,8,23,19],[1,13,9,21,22,10,5,7,6,11,12],[17,13,21,5,7,23,22,9,10,11,6,12],[1,9,5,6,10,7,11,8,17,13,21,22,23,18,19],[21,5,6,23,7,22,13,9,10,11,8,1,17,19],[9,13,1,5,11,6,7,10,12],[9,13,21,11,23,22,17,5,6,7,10,8,1,19],[1,5,9,7,10,11,6,12],[13,17,21,5,7,23,6,22,1,9,10,11,12],[1,13,21,5,6,23,22,9,11,7,10,8,17,19],[21,13,1,5,7,23,22,9,10,11,6,8,17,18,19],[5,17,9,11,7,10,6,8,1,21,22,13,23,18,19],[13,17,9,1,5,6,10,11,7,8,21,22,23,18,19],[17,1,21,9,22,10,23,13,5,7,11,6,12],[21,13,9,11,23,10,22,5,7,6,8,17,1,18,19],[9,13,21,23,11,10,22,5,7,6,12],[5,17,21,7,22,1,9,11,6,10,12],[13,21,9,22,11,1,17,5,7,6,10,8,23,19],[13,21,9,23,11,10,22,5,7,6,12],[21,17,1,5,23,6,7,22,9,10,11,12],[5,9,6,11,10,7,12],[13,1,17,9,5,11,6,7,10,12],[17,13,5,1],[9,13,17,21,11,22,5,6,10,7,12],[5,9,7,11,10,6,8,21,23,22,13,17,1,19],[21,1,17,5,23,6,22,13,9,11,10,7,8,18,19],[17,9,5,7,11,6,10,12],[5,21,23,7,6,22,13,1,9,10,11,8,17,18,19],[1,21,9,23,10,22,5,6,7,11,8,13,17,19],[9,21,11,22,17,13,1,5,6,10,7,8,23,18,19],[1,13,17,9,5,6,11,7,10,12],[17,5,21,6,22,9,10,11,7,8,1,13,23,18,19],[17,5,13,22,9,7,10,6,11,12],[13,9,17,1,21,22,11,5,6,10,7,12],[9,13,17,21,10,23,11,22,1,5,7,6,12],[17,9,21,10,22,23,13,5,7,6,11,12],[21,5,22,7,17,9,10,11,6,12],[5,13,21,7,22,1,17,9,11,6,10,8,23,18,19],[5,9,10,6,11,7,12],[21,1,9,10,23,22,5,6,11,7,12],[17,1,13,9,5,10,6,11,7,8,21,22,23,19],[13,5,17,1,9,10,6,11,7,8,21,22,23,19],[21,17,9,23,10,22,5,6,11,7,8,13,1,19],[17,9,21,22,11,13,5,6,7,10,12],[21,13,2,5,6,22,17,9,10,7,11,12],[13,5,1,17],[17,5,21,7,23,22,1,9,10,6,11,8,13,18,19],[21,13,1,9,23,11,10,22,17,5,7,6,12],[21,13,9,10,23,11,22,1,17,5,6,7,8,19],[5,13,17,21,6,23,22,1,9,10,11,7,12],[9,21,10,23,22,5,7,6,11,12],[13,5,21,22,1],[9,21,10,22,23,5,7,6,11,12],[9,13,5,11,6,10,7,8,17,21,23,22,1,19],[1,5,9,11,6,7,10,12],[1,21,5,7,22,13,17,9,10,6,11,8,23,18,19],[21,1,5,23,6,22,13,17,9,10,7,11,12],[5,1,9,10,7,6,11,12],[21,13,17,5,22,7,1,9,10,11,6,8,23,19],[13,9,21,10,23,22,17,5,6,7,11,12],[1,13,21,9,11,22,17,5,7,10,6,12],[21,17,9,22,11,5,7,6,10,8,13,1,23,19],[21,9,10,22,11,5,7,6,8,13,1,17,23,19],[1,9,13,21,22,11,5,6,7,10,12],[1,17,13,21,9,23,10,22,5,7,6,11,8,18,19],[5,13,17,21,22,7,1,9,10,6,11,8,23,19],[17,5,21,6,22,1,9,10,7,11,8,13,23,19],[21,17,9,22,11,5,6,10,7,8,1,13,23,18,19],[5,17,1,21,23,7,6,22,13,9,11,10,8,18,19],[13,21,5,23,6,7,22,17,1,9,11,10,8,18,19],[5,13,21,23,6,22,1,17,9,11,10,7,12],[21,9,10,22,1,13,11,17,5,7,6,12],[21,13,5,23,6,22,1,17,9,11,10,7,8,19],[21,5,22,17,13,1],[13,17,5,9,7,10,11,6,12],[9,13,17,5,7,11,6,10,8,21,23,22,1,18,19],[1,17,21,9,22,10,5,6,7,11,12],[1,13,17,9,21,23,11,10,22,5,7,6,8,19],[5,21,23,6,7,22,17,1,13,9,11,10,12],[1,21,17,9,10,23,22,13,5,7,11,6,12],[5,21,7,22,13,1,9,11,10,6,8,17,23,18,19],[5,13,17,1],[21,9,23,10,11,22,1,13,5,6,7,12],[9,5,6,11,7,10,8,21,23,22,17,13,1,19],[9,5,11,7,6,10,8,1,21,22,17,13,23,18,19],[13,21,1,5,23,7,22,9,10,6,11,12],[1,13,21,9,23,11,10,22,5,7,6,8,17,18,19],[17,9,1,5,6,10,11,7,8,21,22,13,23,18,19],[21,5,23,6,22,9,10,7,11,8,13,1,17,18,19],[13,5,1,21,7,23,6,22,9,10,11,8,17,18,19],[5,13,1,17,9,11,6,7,10,12],[17,13,1,5],[5,1,21,6,23,7,22,13,9,11,10,8,17,19],[17,1,5,13,21,6,23,7,22,9,10,11,12],[5,9,7,10,11,6,12],[9,5,7,11,6,10,12],[17,13,5,1],[13,1,21,9,22,11,5,6,10,7,8,17,23,19],[21,13,17,9,10,23,11,22,1,5,7,6,12],[5,17,1,13],[13,5,9,7,10,11,6,12],[5,13,9,11,7,10,6,8,21,22,1,17,23,18,19],[17,1,13,21,9,23,11,10,22,5,6,7,12],[5,17,3,9,6,11,7,10,12],[9,21,23,10,11,22,5,7,6,12],[1,17,5,9,10,7,6,11,8,21,23,22,13,18,19],[1,21,13,5,23,7,22,9,10,6,11,8,17,18,19],[13,17,9,1,21,23,11,22,5,6,10,7,8,18,19],[1,5,17,9,7,11,10,6,8,13,21,23,22,19],[21,1,17,5,7,22,9,10,6,11,12],[13,17,5,21,22,7,1,9,10,11,6,12],[21,5,6,22,13,17,9,10,7,11,8,1,23,18,19],[1,9,13,5,10,7,11,6,8,21,23,22,17,18,19],[1,13,17,5],[1,21,13,5,7,22,9,11,10,6,12],[13,21,17,9,10,23,11,22,1,5,6,7,8,19],[13,1,21,17,5,22],[5,9,6,10,7,11,12],[13,17,5,9,10,7,6,11,12],[5,13,17,1,9,7,10,11,6,12],[5,13,21,23,6,22,1,17,9,10,11,7,12],[9,13,1,21,10,22,17,5,7,11,6,8,23,19],[13,9,1,17,21,22,10,11,5,7,6,8,23,19],[21,9,11,23,10,22,5,7,6,8,13,1,17,19],[13,1,9,21,10,23,11,22,5,6,7,12],[17,1,5,9,7,10,6,11,12],[21,5,7,23,22,1,9,10,11,6,8,17,13,19],[9,13,5,10,7,11,6,12],[1,13,5,17],[21,1,5,7,22,17,13,9,10,11,6,8,23,19],[5,17,1,13,22],[17,1,9,13,5,6,10,11,7,8,21,22,23,18,19],[17,13,1,21,7,9,11,23,10,22,18,19],[5,17,21,22,1,7,13,9,10,6,11,8,23,18,19],[17,21,1,13,9,10,22,11,5,6,7,8,23,19],[17,13,9,5,11,6,7,10,8,21,23,22,1,18,19],[1,21,9,22,10,23,5,7,6,11,12],[17,21,5,6,23,7,22,9,10,11,8,1,13,19],[1,17,5,21,22,7,9,11,10,6,8,13,23,18,19],[17,1,5,9,10,7,11,6,8,21,22,13,23,18,19],[9,5,7,10,11,6,8,17,1,13,21,22,23,18,19],[1,21,17,11,9,23,22,13,5,7,6,10,8,18,19],[21,13,1,9,22,11,5,6,7,10,12],[9,5,6,10,11,7,12],[17,21,13,9,11,22,5,6,7,10,8,1,23,18,19],[13,17,5,9,6,10,11,7,12],[1,5,13,17,9,6,10,11,7,8,21,22,23,19],[9,21,23,11,10,22,13,5,7,6,8,17,1,19],[17,9,13,5,11,7,10,6,8,1,21,23,22,19],[9,21,11,22,17,1,13,5,6,10,7,12],[9,21,23,10,22,13,5,7,11,6,8,1,17,18,19],[13,1,5,9,10,6,11,7,12],[1,21,9,11,22,17,13,5,7,10,6,12],[9,13,1,17,5,6,11,10,7,8,21,22,23,19],[17,13,5,1],[21,1,5,6,23,22,9,11,10,7,8,13,17,19],[21,9,23,10,22,17,13,1,5,6,7,11,12],[21,1,5,6,23,22,9,11,10,7,12],[9,13,21,23,11,10,22,17,5,6,7,8,1,19],[5,21,7,22,1,9,11,6,10,12],[1,13,5,17,21,7,23,6,22,9,11,10,8,18,19],[9,17,21,23,10,22,5,7,6,11,12],[17,13,1,9,21,10,23,22,5,6,7,11,12],[13,17,9,1,21,22,11,5,6,10,7,12],[21,13,9,22,10,17,1,11,5,7,6,12],[21,1,9,23,10,22,17,13,5,7,6,11,8,19],[21,9,10,22,13,5,7,6,11,8,17,1,23,18,19],[5,9,7,10,11,6,12],[9,13,17,5,7,11,10,6,12],[17,13,9,1,21,22,10,23,5,7,6,11,8,19],[21,1,13,17,5,23,7,22,9,11,6,10,12],[9,13,1,17,5,10,7,6,11,12],[13,9,17,5,11,6,7,10,12],[21,9,22,10,13,1,11,5,7,6,12],[17,1,5,21,22,9,11,7,6,10,8,13,23,19],[5,17,21,22,7,1,9,10,11,6,12],[1,9,13,5,6,11,10,7,12],[21,1,9,22,10,13,11,5,7,6,12],[5,17,9,7,10,11,6,12],[1,9,13,5,7,11,10,6,12],[17,1,13,5,21,23,7,22,9,10,11,6,12],[9,5,7,10,11,6,8,13,21,22,17,1,23,19],[13,5,1,17,9,10,7,11,6,12],[9,17,1,5,6,11,10,7,8,13,21,23,22,19],[13,9,17,1,21,10,22,23,5,7,6,11,8,19],[13,17,5,1],[5,17,21,7,23,22,13,9,10,11,6,8,1,18,19],[13,17,5,9,11,7,6,10,12],[5,1,13,17],[5,1,13,9,11,7,6,10,8,17,21,22,23,18,19],[13,21,9,11,23,10,22,1,5,6,7,12],[13,17,5,1,9,6,11,7,10,8,21,23,22,18,19],[17,9,5,7,10,6,11,8,21,22,1,13,23,18,19],[17,9,13,1,5,7,10,11,6,12],[5,17,9,10,7,6,11,8,13,1,21,23,22,18,19],[21,9,11,22,5,7,10,6,12],[5,9,7,10,6,11,8,1,13,21,23,22,17,18,19],[13,1,5,22],[13,17,9,5,11,6,10,7,12],[1,21,13,5,23,7,22,17,9,10,11,6,8,19],[13,21,9,23,11,22,17,1,5,6,7,10,8,19],[9,13,5,10,7,11,6,12],[1,21,9,23,10,11,22,13,17,5,7,6,8,19],[13,9,1,5,6,10,7,11,8,17,21,23,22,19],[17,1,13,9,5,11,7,6,10,8,21,23,22,18,19],[17,9,1,13,5,7,10,11,6,8,21,23,22,19],[9,13,21,11,23,10,22,1,17,5,6,7,12],[17,21,1,5,6,22,13,9,10,11,7,12],[5,17,1,13,9,10,7,11,6,8,21,23,22,19],[9,5,7,10,6,11,12],[13,1,21,17,9,10,22,5,7,11,6,8,23,18,19],[17,13,5,9,7,11,6,10,12],[5,21,22,9,11,6,10,7,12],[1,5,9,10,7,11,6,8,13,21,22,17,23,19],[5,9,7,10,6,11,8,17,1,21,23,22,13,19],[17,9,21,23,10,11,22,13,5,6,7,8,1,19],[13,1,9,21,23,10,11,22,5,6,7,8,17,18,19],[5,9,10,7,6,11,8,21,22,17,13,1,23,18,19],[9,21,11,23,10,22,13,17,1,5,6,7,12],[13,5,11,9,7,6,10,8,17,21,22,1,23,19],[5,9,11,7,6,10,8,13,1,17,21,23,22,19],[17,5,9,11,6,10,7,12],[17,13,1,5],[21,1,13,5,7,23,6,22,9,10,11,12],[17,5,21,23,7,6,22,1,13,9,11,10,12],[17,21,5,23,7,6,22,1,9,10,11,12],[1,5,21,22,6,13,17,9,11,10,7,12],[5,9,10,7,6,11,8,1,13,17,21,23,22,19],[13,5,2,21,6,22,17,9,11,10,7,8,23,1,18,19],[1,13,17,5],[5,17,21,22,6,13,1,9,10,7,11,12],[1,9,17,5,10,6,7,11,8,21,22,13,23,19],[17,13,5,9,7,10,11,6,8,21,23,22,1,18,19],[5,13,1,9,6,10,11,7,12],[9,21,22,11,13,1,17,5,7,10,6,8,23,19],[17,21,1,13,9,23,11,10,22,5,7,6,12],[1,5,21,23,7,6,22,17,9,11,10,12],[9,5,6,11,7,10,12],[17,9,21,22,11,5,6,10,7,8,1,13,23,18,19],[1,13,17,21,9,10,22,5,6,7,11,12],[21,17,13,1,5,22],[21,9,10,23,11,22,1,17,13,5,7,6,8,18,19],[13,21,9,11,22,17,5,6,10,7,8,1,23,19],[21,5,7,23,6,22,9,10,11,8,1,17,13,18,19],[13,1,21,17,9,10,22,23,5,7,11,6,8,18,19],[13,21,9,22,10,11,1,17,5,6,7,8,23,19],[9,17,21,22,11,13,5,6,10,7,8,1,23,19],[1,17,5,21,23,7,22,9,10,6,11,8,13,19],[21,9,22,11,5,7,6,10,12],[9,13,21,11,23,10,22,1,5,6,7,12],[9,5,11,7,6,10,8,1,13,21,23,22,17,18,19],[17,5,21,22,7,1,13,9,10,6,11,8,23,18,19],[17,13,1,5,21,23,6,22,9,11,7,10,8,18,19],[17,5,13,21,22,7,9,11,10,6,8,1,23,18,19],[13,1,9,17,5,6,11,10,7,12],[1,9,5,10,7,6,11,12],[17,13,9,1,21,11,22,5,6,10,7,8,23,19],[21,13,9,10,23,22,5,7,11,6,8,17,1,19],[13,9,5,11,6,10,7,8,21,22,17,1,23,19],[1,21,17,5,6,22,9,11,7,10,12],[17,1,21,5,23,7,6,22,13,9,10,11,12],[5,13,9,7,11,6,10,12],[13,9,5,10,7,11,6,12],[1,5,9,10,6,11,7,8,21,23,22,13,17,18,19],[13,17,9,21,11,22,5,6,10,7,8,1,23,19],[21,5,6,23,7,22,1,9,10,11,12],[21,17,9,11,23,22,5,6,7,10,12],[9,21,10,22,11,1,5,7,6,8,17,13,23,19],[5,21,6,22,13,9,10,11,7,12],[17,21,9,11,23,22,5,6,10,7,8,1,13,19],[21,1,13,17,5,7,22,9,10,6,11,8,23,18,19],[1,13,9,17,5,7,11,6,10,12],[9,13,1,21,10,22,23,17,5,7,6,11,12],[9,5,11,6,10,7,8,13,1,17,21,23,22,18,19],[9,21,23,11,22,5,6,7,10,12],[9,21,11,22,13,17,5,7,10,6,12],[21,17,5,23,6,7,22,13,1,9,10,11,12],[1,13,21,5,6,22,17,9,11,10,7,8,23,18,19],[5,9,11,6,10,7,8,17,13,21,22,1,23,18,19],[13,21,17,9,10,22,23,1,5,6,7,11,12],[1,9,5,11,7,10,6,12],[21,5,6,22,9,10,7,11,12],[21,9,10,23,22,17,1,5,6,7,11,8,13,18,19],[9,17,21,22,10,5,7,11,6,8,13,1,23,18,19],[9,17,5,7,10,6,11,8,1,13,21,22,23,19],[17,13,21,9,10,23,11,22,1,5,6,7,8,19],[9,5,7,11,10,6,8,13,21,22,17,1,23,19],[21,9,23,10,22,17,13,1,5,7,6,11,8,18,19],[13,17,9,5,11,7,10,6,8,21,22,1,23,18,19],[1,13,21,17,9,23,11,10,22,5,6,7,8,18,19],[9,21,11,22,13,17,1,5,6,7,10,8,23,19],[5,21,22,6,13,9,11,10,7,8,1,17,23,18,19],[21,13,5,22,7,17,9,11,10,6,12],[21,17,1,9,23,11,22,13,5,6,7,10,12],[5,13,17,9,7,11,10,6,8,21,23,22,1,18,19],[13,17,1,21,5,6,22,9,10,11,7,8,23,18,19],[9,21,22,10,13,1,17,11,5,7,6,12],[13,21,17,9,23,10,22,1,5,7,6,11,8,19],[13,9,21,10,23,22,17,1,5,6,7,11,12],[9,5,11,7,6,10,12],[5,13,21,7,22,17,9,10,6,11,8,1,23,18,19],[17,21,9,23,11,10,22,1,5,7,6,12],[17,13,5,1],[5,9,11,6,10,7,12],[17,13,5,9,7,11,10,6,12],[17,1,5,9,10,6,11,7,8,21,22,13,23,18,19],[21,13,17,5,7,23,6,22,9,11,10,8,1,19],[5,21,23,7,6,22,9,11,10,8,1,13,17,18,19],[17,13,21,9,11,23,22,5,6,7,10,8,1,18,19],[5,1,21,22,9,11,6,10,7,8,13,17,23,18,19],[17,13,1,21,9,22,10,23,5,7,6,11,8,18,19],[13,17,9,1,5,7,10,6,11,12],[9,1,17,13,21,11,23,22,5,6,7,10,12],[13,9,5,10,6,7,11,12],[21,13,17,1,9,23,11,10,22,5,7,6,8,18,19],[5,9,7,11,6,10,8,1,21,23,22,13,17,18,19],[21,5,23,7,22,13,9,11,6,10,12],[5,9,7,11,6,10,8,17,21,22,13,1,23,19],[9,1,5,10,6,11,7,12],[21,1,13,17,5,23,6,22,9,10,7,11,8,18,19],[13,9,5,7,10,11,6,12],[13,9,5,11,7,10,6,8,17,1,21,22,23,18,19],[1,13,9,17,5,7,11,6,10,8,21,22,23,19],[13,9,1,17,21,11,22,5,7,6,10,8,23,18,19],[9,17,1,13,5,10,6,11,7,8,21,22,23,18,19],[13,9,1,5,6,10,7,11,8,17,21,23,22,19],[21,17,13,1,9,10,22,23,5,6,11,7,8,19],[9,5,10,6,11,7,8,17,13,1,21,22,23,18,19],[1,17,13,21,6,9,22,11,23,10,19],[5,21,6,23,7,22,17,13,9,10,11,8,1,19],[5,21,7,23,6,22,1,13,9,10,11,8,17,18,19],[13,9,21,11,22,5,6,7,10,12],[5,11,9,6,7,10,8,17,1,13,21,22,23,18,19],[9,5,10,6,11,7,12],[17,1,21,5,22,7,13,9,10,11,6,12],[17,21,5,7,23,22,13,9,10,6,11,8,1,18,19],[17,5,9,6,10,7,11,8,1,21,22,13,23,19],[21,13,9,22,10,17,23,1,5,6,11,7,8,19],[17,21,9,22,11,1,13,5,6,10,7,8,23,19],[1,17,13,9,21,23,10,11,22,5,7,6,12],[17,5,1,21,22,6,9,10,11,7,8,13,23,18,19],[1,13,5,21,6,23,22,17,9,10,7,11,8,19],[1,9,17,5,11,6,10,7,8,21,22,13,23,18,19],[1,9,21,11,22,5,7,10,6,12],[17,21,1,5,23,6,7,22,9,11,10,8,13,19],[5,9,10,7,11,6,8,17,13,1,21,23,22,18,19],[13,1,9,5,7,10,6,11,8,21,23,22,17,19],[9,13,5,11,7,10,6,12],[5,1,17,9,10,6,11,7,8,21,22,13,23,18,19],[1,21,9,23,10,11,22,5,7,6,12],[9,13,1,21,23,11,10,22,5,7,6,8,17,18,19],[1,5,17,21,23,7,22,9,11,6,10,12],[9,13,1,5,7,10,6,11,12],[21,5,6,22,9,10,7,11,8,17,1,13,23,19],[1,5,17,13],[1,9,13,17,5,6,10,11,7,8,21,23,22,18,19],[17,9,1,5,6,10,7,11,8,21,22,13,23,19],[13,5,1,17],[1,9,5,10,7,6,11,8,21,22,17,13,23,18,19],[21,13,5,6,23,22,9,10,11,7,8,1,17,18,19],[21,9,22,11,1,17,13,5,7,6,10,12],[5,9,11,7,6,10,8,17,21,23,22,1,13,19],[9,5,6,11,7,10,8,17,1,21,22,13,23,19],[17,5,21,7,23,22,1,13,9,11,10,6,12],[1,21,13,17,9,10,23,11,22,5,7,6,12],[5,1,9,6,11,10,7,12],[5,17,9,11,6,10,7,8,21,23,22,1,13,19],[5,13,1,21,22],[17,21,9,10,22,11,13,1,5,7,6,12],[5,22,9,7,10,11,6,8,17,13,1,18,19],[9,13,1,5,11,7,6,10,8,21,22,17,23,18,19],[21,13,1,17,9,11,23,10,22,5,6,7,8,18,19],[5,21,22,6,9,11,10,7,8,1,13,17,23,19],[13,17,9,21,10,23,22,1,5,7,11,6,12],[5,13,1,9,11,7,6,10,12],[5,13,9,7,11,6,10,12],[13,5,17,22,9,11,6,7,10,8,1,19],[17,1,9,13,21,11,22,5,6,7,10,8,23,18,19],[9,5,6,10,11,7,12],[17,9,5,10,7,6,11,8,13,1,21,22,23,18,19],[17,21,1,13,5,22],[13,5,9,7,11,10,6,12],[1,5,21,6,23,7,22,13,17,9,10,11,12],[5,17,9,6,11,10,7,12],[13,5,9,7,10,11,6,8,1,21,23,22,17,19],[21,5,6,23,22,9,10,7,11,8,17,1,13,18,19],[13,9,17,1,5,7,11,10,6,8,21,23,22,19],[13,5,1,9,6,11,10,7,12],[21,1,9,10,23,11,22,13,17,5,7,6,8,19],[17,5,21,7,23,6,22,1,13,9,10,11,8,18,19],[21,13,3,9,22,11,5,7,6,10,12],[9,17,5,10,7,6,11,8,13,1,21,22,23,18,19],[5,17,21,6,23,7,22,9,11,10,12],[13,5,17,9,11,6,7,10,12],[21,9,10,23,22,13,1,5,6,11,7,12],[5,13,11,9,6,10,7,8,1,17,21,22,23,18,19],[9,17,13,1,5,11,6,7,10,8,21,23,22,19],[17,5,13,1],[5,13,9,10,7,11,6,12],[5,13,9,11,7,10,6,8,1,21,23,22,17,19],[17,1,5,21,7,22,9,11,10,6,12],[1,13,17,21,9,23,10,22,5,7,11,6,12],[17,1,9,5,6,10,11,7,8,13,21,23,22,19],[5,1,9,10,6,7,11,12],[17,9,21,23,11,22,5,7,6,10,8,13,1,19],[1,13,17,21,5,22],[1,5,17,21,23,7,22,9,11,10,6,12],[1,13,21,9,11,22,17,5,7,6,10,12],[17,13,9,1,21,11,23,10,22,5,6,7,12],[1,17,5,13],[13,5,9,11,7,6,10,8,17,1,21,22,23,18,19],[5,17,10,21,6,23,22,1,13],[21,17,13,1,5,23,6,7,22,9,10,11,8,18,19],[5,13,17,21,23,6,7,22,1,9,10,11,12],[13,9,21,10,22,23,1,5,6,7,11,12],[13,21,17,1,9,10,22,23,5,7,11,6,12],[9,13,1,21,22,10,5,6,7,11,8,17,23,19],[13,9,5,10,7,6,11,8,17,1,21,22,23,18,19],[13,17,5,21,22,9,7,10,11,6,8,1,23,18,19],[5,21,23,6,22,19,1,13],[1,5,21,7,23,6,22,13,17,9,10,11,8,19],[1,13,17,21,9,10,23,11,22,5,6,7,12],[1,9,5,7,10,6,11,8,17,21,22,13,23,18,19],[1,17,13,5,21,23,6,22,9,11,7,10,8,19],[13,17,9,5,10,6,11,7,12],[1,9,5,7,10,6,11,8,13,21,23,22,17,18,19],[13,21,1,5,7,22,17,9,10,6,11,12],[17,5,1,9,11,6,7,10,8,21,22,13,23,18,19],[13,5,1,9,7,10,11,6,12],[1,13,21,9,23,11,10,22,5,6,7,8,17,19],[5,1,9,7,10,11,6,8,13,17,21,23,22,19],[9,17,5,11,7,10,6,8,1,21,22,13,23,18,19],[5,17,1,9,10,6,7,11,8,13,21,23,22,19],[13,5,9,6,10,11,7,8,21,23,22,17,1,19],[5,13,17,9,10,6,7,11,12],[21,5,6,23,22,13,9,10,7,11,12],[9,17,5,6,11,10,7,8,13,1,21,23,22,18,19],[9,1,13,17,5,11,7,10,6,12],[17,9,1,5,6,10,11,7,8,21,22,13,23,19],[5,9,6,10,7,11,12],[21,5,23,6,22,9,10,7,11,8,1,17,13,19],[5,1,17,21,6,23,22,9,11,10,7,8,13,18,19],[1,9,13,5,10,6,11,7,8,21,23,22,17,18,19],[21,5,6,23,22,13,17,1,9,11,10,7,8,18,19],[21,5,22,7,13,9,10,11,6,12],[17,1,5,11,9,7,6,10,12],[13,21,17,1,5,6,23,22,9,10,7,11,12],[21,17,9,11,23,22,13,1,5,7,10,6,12],[9,21,23,10,11,22,5,6,7,8,1,17,13,18,19],[9,1,5,10,7,6,11,12],[13,9,5,10,7,6,11,12],[1,21,17,5,7,22,9,11,6,10,8,13,23,19],[1,9,13,17,5,7,10,11,6,8,21,22,23,19],[1,17,5,21,22,6,13,9,11,7,10,8,23,18,19],[5,13,17,21,7,22,9,11,6,10,8,1,23,18,19],[1,17,21,9,10,23,11,22,5,7,6,12],[13,21,17,5,7,22,9,10,11,6,12],[1,21,17,6,9,22,10,11,13,23,19],[5,11,9,6,7,10,8,13,21,22,17,1,23,18,19],[9,17,21,23,11,10,22,5,6,7,12],[13,9,21,22,10,1,11,17,5,6,7,12],[21,9,10,22,17,11,13,5,6,7,8,1,23,18,19],[9,13,21,22,10,23,17,1,5,6,7,11,8,19],[1,17,9,13,21,22,11,5,7,6,10,8,23,19],[9,21,11,23,10,22,13,17,1,5,6,7,8,18,19],[21,1,17,9,11,23,22,5,7,6,10,8,13,19],[21,1,13,9,10,23,11,22,17,5,6,7,12],[5,17,1,13],[17,13,21,9,23,10,22,5,7,6,11,12],[21,1,5,23,7,6,22,13,9,11,10,8,17,19],[9,21,10,22,17,23,1,13,5,6,11,7,12],[1,9,17,5,11,7,10,6,8,13,21,22,23,19],[1,21,9,22,11,5,7,10,6,8,17,13,23,18,19],[17,5,21,23,7,22,1,9,11,6,10,12],[5,13,21,7,22,1,9,11,10,6,12],[13,17,1,5,9,11,6,10,7,12],[13,1,9,5,10,7,6,11,8,17,21,22,23,19],[13,21,17,9,10,23,22,5,6,11,7,8,1,19],[21,5,23,7,6,22,9,11,10,12],[9,5,7,10,6,11,8,1,13,21,23,22,17,19],[21,9,23,11,10,22,5,6,7,12],[9,21,23,10,22,13,1,5,6,7,11,12],[13,1,21,9,11,22,5,7,6,10,12],[9,5,7,10,11,6,8,21,22,17,13,1,23,19],[21,9,23,10,11,22,5,7,6,8,1,17,13,19],[9,17,1,5,7,10,6,11,12],[5,11,9,6,7,10,8,1,17,13,21,23,22,18,19],[21,1,9,23,11,10,22,13,5,7,6,8,17,18,19],[1,17,21,13,5,23,7,6,22,9,11,10,12],[5,1,13,9,6,10,11,7,12],[1,17,9,5,11,7,6,10,8,13,21,22,23,19],[13,5,17,9,10,6,7,11,12],[5,13,1,21,23,6,22,9,10,11,7,12],[5,1,13,9,6,10,11,7,12],[21,17,13,9,23,10,11,22,5,7,6,12],[5,9,10,7,11,6,12],[13,21,1,17,5,23,6,22,9,11,7,10,8,18,19],[9,21,11,23,22,1,5,7,6,10,12],[13,1,9,17,5,7,10,6,11,12],[21,17,1,9,10,23,11,22,5,7,6,8,13,18,19],[13,17,1,21,9,23,10,11,22,5,6,7,8,18,19],[9,17,21,22,11,1,13,5,6,10,7,8,23,19],[17,21,9,22,11,5,6,10,7,8,1,13,23,18,19],[13,1,9,21,10,22,17,23,5,7,11,6,12],[9,5,7,10,6,11,12],[5,17,9,6,10,11,7,12],[17,5,21,23,7,22,9,11,10,6,8,1,13,19],[21,17,9,23,10,22,5,7,6,11,12],[13,1,17,21,5,23,6,7,22,9,11,10,12],[21,5,7,23,22,1,17,9,10,6,11,12],[21,13,1,5,7,22,9,10,11,6,8,17,23,19],[13,9,17,21,23,11,22,1,5,6,7,10,12],[1,13,21,17,9,23,11,22,5,7,10,6,12],[1,13,5,17,21,22],[21,13,1,17,5,23,7,22,9,11,6,10,12],[1,13,21,5,23,6,7,22,9,10,11,12],[21,13,1,9,10,23,22,17,5,6,7,11,12],[1,17,9,13,5,11,6,10,7,12],[1,21,5,7,22,13,9,10,6,11,8,17,23,18,19],[13,1,5,9,7,11,10,6,12],[21,13,5,6,22,17,1,9,10,7,11,12],[9,1,17,5,7,11,10,6,8,21,22,13,23,18,19],[5,1,13,9,11,6,7,10,8,21,23,22,17,19],[1,5,9,6,11,7,10,12],[13,17,5,21,6,23,22,1,9,10,7,11,12],[5,9,6,10,11,7,8,13,1,21,22,17,23,19],[13,5,1,9,10,7,11,6,12],[9,17,1,13,21,10,22,23,5,6,7,11,12],[5,21,22,17,7,9,11,10,6,8,1,13,23,18,19],[1,13,9,17,21,22,10,5,6,7,11,8,23,19],[5,17,9,7,10,6,11,8,1,21,22,13,23,18,19],[13,17,9,21,23,10,11,22,1,5,6,7,12],[5,17,9,7,10,11,6,8,13,1,21,22,23,18,19],[21,17,5,22,6,1,13,9,10,11,7,8,23,19],[5,17,13,21,22,1],[13,9,17,5,11,6,10,7,12],[21,1,13,5,7,23,6,22,17,9,10,11,8,18,19],[1,21,9,11,22,17,13,5,6,7,10,12],[13,17,21,1,9,22,10,23,5,6,11,7,12],[9,17,13,1,5,6,10,7,11,12],[21,13,9,22,11,1,17,5,6,7,10,8,23,19],[13,9,17,1,21,22,11,5,7,10,6,12],[13,17,9,1,21,11,23,22,5,6,7,10,8,18,19],[1,9,5,6,10,7,11,8,17,21,22,13,23,18,19],[21,17,1,13,9,10,23,22,5,7,11,6,12],[21,1,17,13,5,22],[5,1,17,21,7,22,13,9,10,11,6,8,23,18,19],[17,9,21,10,23,22,5,6,11,7,8,13,1,18,19],[5,17,21,23,6,22,1,9,11,7,10,8,13,18,19],[1,9,21,23,10,22,5,7,11,6,8,17,13,18,19],[5,9,11,7,6,10,12],[13,9,5,10,7,6,11,12],[9,17,13,1,5,7,11,6,10,12],[9,17,5,7,10,11,6,8,21,23,22,1,13,19],[17,5,1,9,11,7,6,10,8,21,23,22,13,19],[1,5,15,9,6,11,10,7,8,17,21,22,23,18,19],[5,17,9,10,6,11,7,8,1,13,21,22,23,18,19],[5,9,11,7,10,6,8,13,21,22,1,17,23,18,19],[21,17,9,23,10,11,22,5,6,7,8,1,13,19],[13,21,17,2,5,6,22,9,11,7,10,12],[17,5,9,6,11,10,7,8,13,21,23,22,1,19],[17,9,1,21,23,11,10,22,5,6,7,12],[9,1,17,21,11,22,5,7,6,10,8,13,23,18,19],[17,21,5,22,6,1,9,10,11,7,12],[21,17,9,22,10,13,11,1,5,7,6,12],[17,21,9,10,22,5,7,11,6,12],[13,17,1,5],[9,5,6,11,7,10,12],[17,1,21,9,22,11,5,6,7,10,8,13,23,18,19],[13,9,5,7,11,6,10,12],[1,5,9,7,11,6,10,8,17,21,23,22,13,18,19],[5,21,22,7,1,9,10,11,6,12],[9,13,1,21,23,10,22,5,6,7,11,8,17,19],[5,21,23,6,22,9,10,11,7,8,1,13,17,18,19],[17,21,9,10,22,11,1,5,6,7,8,13,23,19],[5,2,21,6,22,17,9,10,11,7,8,13,23,1,18,19],[21,1,13,5,22],[21,1,9,10,23,11,22,17,5,7,6,12],[9,1,21,10,22,13,23,5,7,6,11,8,17,19],[5,9,10,6,11,7,8,1,13,21,23,22,17,19],[1,21,9,11,22,5,6,7,10,8,13,17,23,19],[5,21,22,17,7,9,10,11,6,12],[1,21,17,9,11,23,10,22,13,5,6,7,12],[13,5,21,7,23,22,9,10,11,6,12],[21,9,10,23,22,5,7,6,11,8,17,1,13,18,19],[17,21,13,9,23,10,22,1,5,6,11,7,12],[13,21,5,7,22,1,9,10,11,6,12],[13,1,5,21,7,22,17,9,11,6,10,12],[13,5,17,21,22,6,1,9,11,7,10,12],[5,9,10,6,7,11,8,21,22,17,1,13,23,18,19],[17,5,13,21,22,7,1,9,11,10,6,8,23,18,19],[9,1,5,6,11,7,10,12],[17,21,1,9,22,11,13,5,6,7,10,8,23,18,19],[5,21,23,7,22,17,13,1,9,11,10,6,8,18,19],[17,5,13,1],[5,15,9,7,10,6,11,12],[1,17,9,5,10,6,7,11,8,13,21,22,23,19],[13,21,5,22,9,10,7,6,11,12],[17,1,21,13,5,7,22,9,11,6,10,12],[5,9,6,11,7,10,12],[9,13,5,11,7,6,10,12],[1,13,5,21,23,7,22,17,9,11,10,6,8,19],[17,21,5,23,6,7,22,9,10,11,12],[1,5,9,11,6,7,10,8,17,21,22,13,23,18,19],[21,9,23,10,11,22,17,1,5,7,6,12],[17,9,5,6,10,11,7,8,1,13,21,22,23,19],[5,1,21,7,23,22,17,13,9,11,6,10,8,19],[21,5,7,22,1,9,10,11,6,8,13,17,23,18,19],[13,1,9,5,6,11,10,7,12],[13,9,17,5,11,6,7,10,12],[5,21,22,1,7,17,13,9,10,6,11,8,23,19],[5,1,9,6,10,7,11,12],[1,5,9,11,7,10,6,12],[17,9,1,5,7,10,11,6,12],[1,9,17,5,10,7,6,11,8,21,23,22,13,18,19],[17,21,5,23,6,22,13,1,9,11,7,10,12],[9,17,21,11,23,10,22,13,5,7,6,12],[13,21,1,9,11,22,17,5,7,6,10,8,23,18,19],[5,17,13,9,6,10,11,7,12],[21,1,17,13,5,7,22,9,10,11,6,12],[13,1,9,17,5,10,6,11,7,12],[13,17,9,21,23,10,22,1,5,7,11,6,8,18,19],[9,1,17,5,10,6,7,11,8,21,22,13,23,18,19],[17,21,9,22,10,13,11,5,6,7,8,1,23,19],[9,5,6,10,11,7,8,21,23,22,13,1,17,19],[21,13,9,11,23,10,22,17,5,6,7,8,1,19],[9,13,1,21,10,23,22,5,7,6,11,12],[9,17,13,1,5,6,10,7,11,12],[9,17,5,7,10,6,11,12],[21,1,5,23,7,22,13,17,9,10,11,6,8,18,19],[13,1,9,21,10,23,11,22,17,5,6,7,8,19],[5,9,10,7,11,6,12],[17,1,5,9,6,10,7,11,12],[9,5,11,7,10,6,12],[5,9,7,11,10,6,12],[1,5,9,6,11,7,10,8,13,21,22,17,23,19],[17,9,1,21,10,23,22,5,6,7,11,8,13,19],[9,1,21,11,22,5,6,10,7,12],[9,21,22,11,13,5,7,10,6,8,1,17,23,19],[9,5,6,10,11,7,8,17,1,21,23,22,13,19],[13,21,5,22,7,17,1,9,10,11,6,8,23,18,19],[21,17,5,7,23,6,22,9,11,10,8,13,1,19],[5,21,6,22,17,9,10,7,11,12],[9,1,5,6,11,7,10,8,17,21,22,13,23,18,19],[13,21,5,22,7,9,10,6,11,12],[5,1,9,11,6,7,10,8,13,21,22,17,23,19],[13,9,1,5,10,6,11,7,8,21,22,17,23,18,19],[13,9,1,5,7,10,11,6,8,21,22,17,23,19],[13,17,5,1,21,22],[1,17,5,9,10,7,6,11,8,21,22,13,23,18,19],[1,9,17,13,21,23,10,22,5,7,11,6,12],[5,1,21,22,7,13,9,10,11,6,8,17,23,19],[21,9,10,23,11,22,5,7,6,12],[5,1,17,9,6,11,7,10,12],[17,13,9,21,10,23,11,22,5,7,6,12],[21,17,5,7,23,6,22,9,10,11,12],[9,13,5,6,11,10,7,8,17,21,22,1,23,18,19],[5,22,1,9,6,10,7,11,8,13,17,19],[13,21,17,5,6,22,9,11,7,10,12],[17,21,13,1,9,23,10,22,5,7,6,11,8,18,19],[1,21,9,23,11,22,17,5,6,7,10,12],[17,1,13,5,21,22],[13,17,5,9,7,11,6,10,8,1,21,23,22,19],[9,17,5,11,6,10,7,8,1,21,22,13,23,19],[17,1,9,5,6,11,7,10,12],[9,17,5,10,7,6,11,8,21,22,1,13,23,19],[13,1,5,17,9,7,10,6,11,8,21,23,22,19],[9,5,10,6,7,11,8,17,13,1,21,22,23,19],[5,21,6,23,7,22,1,13,9,11,10,8,17,18,19],[21,13,17,5,7,22,9,11,10,6,8,1,23,19],[1,13,21,17,9,11,22,5,7,6,10,12],[1,9,5,7,10,11,6,8,17,21,23,22,13,19],[5,13,1,9,7,11,10,6,12],[9,17,5,6,11,7,10,12],[21,5,23,6,7,22,17,9,10,11,12],[1,21,9,11,23,22,17,5,6,10,7,12],[13,21,17,5,22,6,1,9,10,11,7,12],[21,13,5,6,23,7,22,9,11,10,12],[21,5,22,13,6,17,1,9,10,7,11,8,23,19],[13,21,1,17,9,23,11,22,5,7,6,10,8,18,19],[21,5,7,22,13,17,1,9,10,11,6,8,23,18,19],[21,1,13,17,9,11,23,10,22,5,7,6,12],[17,21,13,9,22,11,5,7,6,10,12],[9,1,5,10,7,11,6,8,21,23,22,17,13,19],[21,17,5,6,22,9,11,10,7,8,13,1,23,19],[1,21,5,7,23,6,22,9,10,11,8,17,13,18,19],[1,9,13,5,6,10,7,11,12],[17,1,9,13,21,11,23,22,5,7,6,10,12],[5,23,9,6,10,7,11,8,1,17,13,18,19,21,22],[1,17,21,13,9,23,10,11,22,5,7,6,8,18,19],[9,17,13,1,5,11,6,10,7,12],[9,13,21,11,23,10,22,17,1,5,6,7,8,18,19],[21,13,5,6,23,7,22,17,9,10,11,8,1,19],[17,5,21,6,22,1,9,11,7,10,8,13,23,19],[1,21,9,10,23,22,13,17,5,6,7,11,8,18,19],[13,1,9,5,6,10,7,11,12],[21,13,5,6,22,9,11,7,10,12],[21,1,17,13,5,23,6,22,9,11,7,10,8,18,19],[13,5,21,23,6,22,3,9,11,10,7,12],[9,5,7,10,6,11,8,21,22,1,13,17,23,18,19]],"n_human":9}