{"problem_id":"HnywhjzQw6tYXFo","sigma":150,"alpha":10.000,"cost":0,"probabilities":"[0.33, 0.22, 0.16, 0.29]","payoff_matrix":"[[-32, -202, 72, 143, -147, -122], [-150, 152, -97, 12, -21, 52], [-92, -12, -36, -226, 93, -117], [-113, 194, 26, 132, -33, 257]]","uncovered":[[21,1,9,13,16,12,17,5,10,4,14,24,22,15,23,20,11,8,6,7,2,18,19,3],[13,9,12,16,17,1,5,21,10,4,14,22,20,24,23,19,8,6,11,15,7,2,18,3],[5,1,17,13,9,16,12,21,10,4,14,24,22,23,18,19,15,11,20,8,6,7,2],[17,1,13,9,12,16,5,21,10,4,14,24,22,23,20,11,8,15,6,7,2,18],[9,5,13,16,12,17,1,21,10,4,14,22,20,24,15,23,11,7,8,6,2,18,19],[21,17,13,9,12,16,5,1,10,4,14,24,22,15,23,20,11,7,6,8,2,19,18,3],[17,1,13,21,5,9,12,16,14,10,4,24,22,23,18,3,8,7,19,15,11,6,20,2],[1,5,9,21,17,13,12,16,10,4,14,24,22,15,23,20,11,8,6,7,3,19,18,2],[5,1,9,13,12,16,17,21,14,10,4,20,24,22,23,6,18,8,15,7,11,2],[13,5,21,17,9,16,12,1,10,4,14,24,22,23,20,15,11,8,6,7,2,19,18],[5,17,13,1,9,16,12,21,10,4,14,22,19,20,24,23,15,11,8,6,7,2,18,3],[1,5,17,13,9,12,16,21,10,4,14,24,22,15,23,20,11,8,6,7,2,19,18],[17,21,1,5,9,13,12,16,10,4,14,24,22,23,15,20,11,6,8,7,2,18],[5,1,9,21,17,13,16,12,14,10,4,24,22,23,20,15,11,8,6,7,3,18,19,2],[5,1,9,13,16,12,17,21,10,4,14,22,24,15,23,20,11,7,8,6,2,18,19],[13,1,17,21,5,9,12,16,14,10,4,23,19,20,8,7,22,18,24,15,11,6,3,2],[21,9,1,13,16,12,17,5,14,10,4,23,20,8,24,22,6,11,7,18,2,15],[21,17,5,13,9,12,16,1,14,10,4,24,22,23,8,19,20,7,15,11,6,3,18,2],[5,21,1,9,17,13,16,12,14,10,4,24,22,23,20,15,11,6,8,7,2],[13,5,1,9,12,16,17,21,14,10,4,23,20,8,6,15,7,11,24,22,2,18],[21,9,13,16,12,17,1,5,14,10,4,24,22,15,23,20,11,7,8,6,2,19,18,3],[1,13,9,16,12,17,21,5,10,4,14,24,22,15,23,19,20,11,8,6,7,3,18,2],[5,9,13,16,12,21,17,1,14,10,4,23,19,20,24,22,3,15,11,8,6,7,2,18],[13,21,17,5,1,9,12,16,10,4,14,23,20,8,6,15,7,11,22,24,2],[1,13,9,16,12,21,17,5,14,10,4,24,22,15,23,20,11,8,6,7,3,2,19,18],[13,9,12,16,1,21,5,17,10,4,14,24,22,23,18,3,7,2,6,15,11,8,20],[9,1,21,5,13,16,12,17,14,10,4,23,8,20,24,22,3,15,6,7,11,19,18],[1,5,9,21,17,13,16,12,10,4,14,24,22,23,19,20,2,7,15,11,8,6,3,18],[9,17,5,13,12,16,1,21,10,4,14,24,22,23,20,7,15,11,8,6,18,2],[13,9,12,16,5,17,21,1,14,10,4,19,22,24,15,23,20,11,8,6,7,2,18,3],[5,17,21,13,9,16,12,1,14,10,4,22,19,20,24,23,15,11,8,6,7,2,18,3],[17,13,5,1,9,16,12,21,14,10,4,24,22,23,20,8,6,15,7,11,3,19,18,2],[1,17,9,5,21,13,16,12,10,4,14,24,22,15,23,20,11,8,6,7,3,2,18],[13,5,1,9,16,12,21,17,14,10,4,24,22,15,23,20,11,6,8,7,2,18,3],[21,17,13,1,9,12,16,5,14,10,4,18,24,22,23,19,15,11,20,8,6,7,3],[17,1,9,13,12,16,5,21,14,10,4,22,24,23,15,20,11,8,6,7,3,2,18,19],[17,21,9,1,5,13,12,16,14,10,4,23,19,18,8,15,6,7,11,20,24,22,2],[17,9,1,13,16,12,5,21,10,4,14,23,20,22,15,11,8,6,7,24,2,19,18,3],[1,13,17,21,9,12,16,5,14,10,4,23,20,8,6,7,18,11,19,15,24,22,3,2],[13,5,1,9,12,16,17,21,14,10,4,23,20,6,8,7,15,11,24,22,18,2,19],[17,9,1,5,21,13,16,12,14,10,4,22,23,20,19,24,15,11,6,8,7,2,3,18],[13,5,1,17,21,9,12,16,10,4,14,24,22,23,19,18,15,11,20,7,6,8,2],[13,1,17,21,9,16,12,5,10,4,14,24,22,15,23,20,11,8,6,7,3,19,18],[9,5,17,21,1,13,16,12,10,4,14,24,22,15,23,20,11,7,6,8,3,2,19,18],[9,5,1,13,16,12,21,17,14,10,4,24,22,15,23,20,11,8,6,7,3,18,2,19],[21,17,1,5,9,13,12,16,10,4,14,22,19,20,24,15,23,11,8,6,7,2,18,3],[5,13,17,21,9,12,16,1,10,4,14,24,22,23,18,15,11,8,6,7,20,2,19,3],[5,13,21,1,9,16,12,17,10,4,14,23,19,20,7,6,18,15,11,8,24,22,2,3],[1,17,21,5,9,13,16,12,10,4,14,23,18,7,19,20,15,11,24,22,6,8,2],[21,13,5,1,17,9,12,16,14,10,4,23,7,18,8,2,20,19,11,22,6,3,24,15],[13,9,12,16,5,1,17,21,10,4,14,24,22,23,20,8,15,6,7,11,2,18,3],[9,13,12,16,5,17,21,1,10,4,14,24,22,23,19,20,6,15,8,7,11,3,2,18],[9,1,17,13,12,16,5,21,10,4,14,23,20,24,22,8,6,7,15,11,3,18,19,2],[13,21,1,9,16,12,5,17,10,4,14,20,23,6,8,7,2,22,11,24,15,19,3,18],[1,9,5,13,16,12,21,17,10,4,14,24,22,15,23,20,11,8,6,7,2,19,18,3],[5,1,17,9,21,13,12,16,14,10,4,24,22,15,23,20,11,8,6,7,18,2,3],[17,21,9,1,13,12,16,5,14,10,4,22,18,24,23,2,15,11,8,6,7,20,3,19],[9,13,16,12,5,1,17,21,14,10,4,20,24,22,23,15,11,8,6,7,3,19,18],[13,1,21,5,17,9,12,16,10,4,14,24,22,15,23,20,11,8,6,7,2,18],[1,17,5,13,21,9,12,16,14,10,4,24,22,23,18,7,3,6,15,11,8,20],[17,1,5,13,21,9,12,16,14,10,4,23,18,24,22,6,8,7,15,11,20,3,19],[21,17,13,9,16,12,5,1,10,4,14,24,22,15,23,20,11,8,6,7,3,2,19],[1,5,13,9,16,12,17,21,10,4,14,22,20,24,15,23,11,7,6,8,3,19,2,18],[5,17,9,21,13,16,12,1,14,10,4,23,20,22,6,8,24,7,15,11,19,2,3,18],[13,21,17,5,1,9,16,12,10,4,14,24,22,23,19,18,6,8,2,20,15,7,11,3],[9,1,5,13,12,16,17,21,14,10,4,22,24,23,20,8,6,15,7,11,3,18,19,2],[9,5,13,12,16,1,21,17,14,10,4,20,24,22,23,15,11,8,6,7,2,3,19,18],[9,1,21,5,13,16,12,17,10,4,14,23,20,8,6,24,22,11,15,7,3,19,18,2],[9,1,21,17,13,16,12,5,14,10,4,22,20,24,23,8,7,2,6,15,11,19,18,3],[9,21,17,5,1,13,12,16,14,10,4,24,22,23,19,20,15,11,8,6,7,18,2,3],[9,21,1,17,5,13,12,16,14,10,4,23,20,22,3,6,8,7,15,11,24,19,18,2],[17,13,5,1,21,9,16,12,10,4,14,23,18,20,6,8,7,15,11,24,22,2,3],[13,9,12,16,17,5,1,21,10,4,14,24,22,23,20,7,15,11,8,6,2,18],[1,21,13,9,16,12,5,17,14,10,4,24,22,15,23,20,11,8,6,7,19,2,3,18],[1,5,13,21,17,9,12,16,14,10,4,23,20,8,7,15,11,6,24,22,2,18],[21,13,17,9,12,16,5,1,14,10,4,22,20,24,15,23,11,8,6,7,2,3,19,18],[17,1,13,21,5,9,12,16,14,10,4,22,24,23,18,8,6,7,15,11,20,2,19],[5,1,13,9,12,16,17,21,10,4,14,24,22,23,20,15,11,7,8,6,2,18],[17,5,21,9,13,16,12,1,14,10,4,24,22,15,23,20,11,7,8,6,2,19,18],[21,9,5,17,1,13,12,16,14,10,4,24,22,15,23,20,11,8,6,7,2,18],[1,13,21,9,12,16,17,5,10,4,14,22,23,19,20,7,8,6,24,15,11,3,18,2],[17,5,13,21,9,16,12,1,14,10,4,23,6,20,24,22,8,3,15,7,11,18],[1,21,9,13,16,12,17,5,14,10,4,22,24,15,23,20,11,6,8,7,2,3,19,18],[9,1,21,13,12,16,5,17,14,10,4,24,22,23,20,6,15,8,7,11,19,2,18],[5,17,13,9,16,12,1,21,10,4,14,24,22,15,23,20,11,8,6,7,18,2,19],[1,21,17,5,13,9,16,12,14,10,4,24,22,23,18,15,11,8,6,7,20,2],[13,21,5,17,9,16,12,1,10,4,14,24,22,15,23,20,11,8,6,7,3,19,18,2],[21,5,1,17,9,13,12,16,14,10,4,18,22,24,15,23,11,20,8,6,7,2,3],[17,1,13,21,9,16,12,5,10,4,14,24,22,23,15,20,11,8,6,7,2,3,19,18],[17,21,1,13,9,12,16,5,14,10,4,24,22,23,20,7,6,8,18,2,15,11,19,3],[13,17,1,5,21,9,12,16,10,4,14,19,23,18,7,24,22,11,20,15,8,6,2],[5,21,13,9,12,16,1,17,10,4,14,24,22,15,23,20,11,8,6,7,2,19,18],[17,5,13,1,21,9,12,16,10,4,14,24,22,15,23,20,11,8,6,7,19,2,18,3],[17,1,21,5,9,13,16,12,10,4,14,24,22,23,20,8,7,6,15,11,2,19,18,3],[17,13,9,12,16,5,1,21,14,10,4,23,15,20,11,7,24,22,8,6,2,3,18],[13,9,12,16,21,1,5,17,10,4,14,24,22,15,23,20,11,8,6,7,3,2,18],[9,21,5,17,1,13,16,12,10,4,14,23,19,20,6,8,24,22,15,7,11,18,2],[13,21,5,17,1,9,12,16,10,4,14,23,19,20,6,3,15,8,7,11,24,22,18,2],[17,13,9,12,16,5,1,21,10,4,14,24,22,15,23,20,11,8,6,7,2,18,19],[5,21,17,9,1,13,12,16,14,10,4,24,22,15,23,20,11,8,6,7,2,19,18,3],[21,1,13,9,16,12,17,5,14,10,4,19,24,22,15,23,20,11,7,8,6,3,18,2],[21,5,17,1,13,9,16,12,10,4,14,23,24,22,19,20,15,11,8,6,7,2,3,18],[9,13,16,12,21,17,1,5,14,10,4,19,20,24,22,23,15,11,8,6,7,2,3,18],[21,9,5,17,1,13,12,16,14,10,4,24,22,23,19,20,6,15,8,7,11,2,18],[21,9,17,13,16,12,1,5,14,10,4,19,23,18,22,6,8,7,3,15,11,20,24,2],[9,5,21,17,1,13,16,12,10,4,14,24,22,15,23,20,11,8,6,7,2,3],[1,13,21,9,16,12,17,5,14,10,4,24,22,15,23,20,11,6,8,7,2,19,3,18],[17,9,1,13,16,12,21,5,14,10,4,23,20,8,7,6,24,22,15,11,2,18,3,19],[1,13,5,9,16,12,21,17,14,10,4,19,24,22,23,20,8,3,6,15,7,11,2,18],[21,9,17,5,13,16,12,1,10,4,14,24,22,15,23,20,11,7,8,6,2,19,18,3],[17,13,9,16,12,21,1,5,10,4,14,18,22,19,24,15,23,11,20,8,6,7,2],[21,1,5,9,17,13,16,12,14,10,4,20,24,22,15,23,11,8,6,7,2,19,18],[1,17,5,21,13,9,16,12,10,4,14,22,18,24,15,23,11,8,6,7,20,2],[1,17,21,5,9,13,16,12,14,10,4,24,22,15,23,20,11,6,8,7,2,19,3,18],[13,5,17,1,9,16,12,21,14,10,4,24,22,15,23,20,11,8,6,7,2,18,19,3],[5,21,17,9,13,16,12,1,14,10,4,24,22,23,20,7,8,15,11,6,2,19,18,3],[13,1,21,5,9,12,16,17,14,10,3,22,4,8,19,24,23,20,15,6,7,11,2,18],[9,13,12,16,5,17,1,21,14,10,4,22,24,23,19,18,15,11,20,8,6,7,3,2],[9,17,21,5,1,13,12,16,14,10,4,20,24,22,15,23,11,6,8,7,2,18,3],[17,21,9,1,13,16,12,5,10,4,15,14,24,22,23,20,11,8,6,7,2,19,3,18],[13,9,12,16,1,21,5,17,14,10,4,24,22,23,20,8,6,15,7,11,18,2],[17,21,1,5,9,13,12,16,10,4,14,23,6,20,24,22,8,7,18,15,11,2],[17,9,1,13,12,16,5,21,10,4,14,22,20,24,23,6,8,15,7,11,2,19,18],[1,9,21,5,17,13,12,16,10,4,14,24,22,23,15,20,11,8,6,7,3,18],[13,21,17,9,12,16,1,5,10,4,14,24,22,23,8,18,7,20,15,11,6,2,19],[21,5,17,1,13,9,16,12,10,4,14,19,24,22,15,23,20,11,8,6,7,3,18,2],[21,5,17,1,13,9,16,12,10,4,14,23,19,18,6,8,2,11,24,22,15,7,20],[21,13,5,9,12,16,17,1,10,4,14,24,22,15,23,20,11,8,6,7,3,18,2],[17,1,13,9,12,16,5,21,14,10,4,24,22,15,23,20,11,7,6,8,3,18,19],[13,1,5,17,21,9,12,16,14,10,4,24,22,23,20,6,18,7,15,11,8,2],[17,1,5,21,13,9,16,12,14,10,4,22,24,15,23,20,11,8,6,7,2,3,19,18],[13,1,21,17,5,9,12,16,14,10,4,24,22,15,23,20,11,8,6,7,3,18,2,19],[1,17,13,5,9,12,16,21,10,4,14,23,19,20,8,24,22,15,6,7,11,2,18],[21,9,13,12,16,17,1,5,14,10,4,24,22,15,23,20,11,8,6,7,2,19,18,3],[1,9,5,13,16,12,17,21,10,4,14,18,24,22,15,23,11,8,6,7,20,2,3,19],[17,1,9,5,21,13,16,12,10,4,14,24,22,15,23,20,11,8,6,7,2,19,18,3],[21,17,1,9,5,13,16,12,14,10,4,22,23,18,6,24,7,15,11,8,20,2],[13,9,12,16,1,21,5,17,14,10,4,18,24,22,23,15,11,7,20,8,6,2,19,3],[21,1,13,9,12,16,17,5,14,10,4,24,22,15,23,20,11,8,6,7,3,18,19,2],[1,5,9,17,21,13,12,16,10,4,14,20,24,22,15,23,11,8,6,7,2,18],[17,9,5,21,1,13,12,16,14,10,4,23,22,19,20,6,8,15,7,11,24,3,2,18],[13,9,16,12,21,5,17,1,10,4,14,22,23,2,18,6,8,11,7,19,3,20,24,15],[1,13,17,21,9,12,16,5,14,10,4,19,24,22,23,20,7,15,11,6,8,2],[5,21,13,9,12,16,17,1,10,4,14,24,22,15,23,20,11,8,6,7,2,19,3,18],[9,13,16,12,17,21,5,1,10,4,14,23,18,24,22,8,20,3,15,6,7,11,19,2],[13,17,9,12,16,5,1,21,14,10,4,22,20,24,23,15,11,8,6,7,3,19,18,2],[9,5,13,16,12,17,1,21,10,4,14,22,18,24,15,23,11,8,6,7,20,19,3],[1,9,5,21,17,13,12,16,14,10,4,24,22,23,18,15,11,8,6,7,20,2,3,19],[1,5,13,17,21,9,16,12,14,10,4,22,24,23,19,20,7,15,11,6,8,2,18],[9,21,5,17,1,13,12,16,14,10,4,24,22,23,18,7,15,11,20,8,6,3,2],[13,1,21,17,9,16,12,5,14,10,4,24,22,23,20,8,6,11,15,7,3,18,2],[9,5,17,21,13,16,12,1,10,4,14,23,7,18,19,20,24,22,15,11,6,8,2,3],[21,1,17,9,5,13,16,12,14,10,4,22,6,19,20,23,8,3,2,15,7,11,24],[5,17,13,21,9,12,16,1,10,4,14,24,22,23,20,8,7,15,11,6,2,3,18],[1,17,5,13,9,12,16,21,14,10,4,20,22,24,23,6,15,8,7,11,3,2,19],[1,17,9,13,12,16,21,5,14,10,4,23,18,7,20,24,22,15,11,8,6,2,3],[17,1,13,21,9,12,16,5,10,4,14,24,22,15,23,20,11,8,6,7,3,19,18,2],[13,1,9,12,16,17,5,21,14,10,4,20,24,22,15,23,11,8,6,7,2,18],[17,1,21,9,5,13,16,12,14,10,4,24,22,23,18,11,6,8,7,15,20,2],[5,9,1,21,17,13,16,12,14,10,4,23,2,19,18,20,7,22,3,6,8,15,11,24],[9,5,13,12,16,21,17,1,14,10,4,24,22,23,19,20,6,15,8,7,11,2,18,3],[1,17,9,21,13,12,16,5,10,4,14,22,18,24,23,8,7,15,11,6,20,3,2],[17,13,1,21,9,12,16,5,10,4,14,23,19,20,8,24,22,6,18,15,7,11,2,3],[13,5,9,12,16,1,17,21,10,4,14,22,20,11,24,23,7,2,3,15,8,6,18,19],[9,5,13,16,12,17,21,1,10,4,14,23,18,24,22,7,2,11,15,20,8,6,19,3],[17,5,9,13,12,16,1,21,14,10,4,24,22,15,23,20,11,6,8,7,3,18],[1,13,17,5,9,12,16,21,14,10,4,24,22,23,20,2,3,15,11,8,6,7,18,19],[21,9,13,12,16,1,5,17,10,4,14,23,20,8,24,22,15,6,7,11,3,19,18],[17,1,5,13,21,9,12,16,14,10,4,23,20,24,22,11,15,8,6,7,2,19,18],[9,13,12,16,1,21,17,5,14,10,4,22,18,24,15,23,11,8,6,7,20,2,19,3],[9,1,17,5,13,12,16,21,14,10,4,22,24,15,23,20,11,8,6,7,19,2],[9,21,13,16,12,1,5,17,10,4,14,20,22,24,23,15,11,8,6,7,2,19,3,18],[21,9,5,17,13,12,16,1,14,10,4,24,22,15,23,20,11,8,6,7,18,2,3],[1,21,5,13,9,12,16,17,14,10,4,24,22,15,23,20,11,8,6,7,2,19,18,3],[5,17,13,21,9,12,16,1,10,4,14,23,20,6,18,8,15,7,11,24,22,2,3],[5,9,1,17,13,16,12,21,10,4,14,24,22,23,20,7,15,11,8,6,2,18,3,19],[5,1,21,13,17,9,12,16,14,10,4,18,24,22,15,23,11,7,20,8,6,2,19],[9,13,12,16,17,5,21,1,14,10,4,22,24,23,6,20,8,7,15,11,2,18],[1,9,5,13,16,12,17,21,10,4,14,24,22,15,23,20,11,8,6,7,2,18],[9,5,13,12,16,17,1,21,10,4,14,24,22,23,20,6,8,11,19,15,7,3,18],[17,5,21,9,1,13,12,16,10,4,14,24,22,23,15,20,11,8,6,7,19,2,18,3],[17,9,5,1,13,12,16,21,14,10,4,24,22,15,23,20,11,6,8,7,19,2,18,3],[5,9,1,21,13,12,16,17,10,4,14,24,22,15,23,20,11,8,6,7,2,18],[21,9,13,12,16,5,1,17,14,10,4,24,22,23,19,18,15,11,20,8,6,7,2],[17,5,9,21,13,16,12,1,14,10,4,20,24,22,15,23,11,8,6,7,2,3,18,19],[5,21,17,1,9,13,12,16,14,10,4,22,24,15,23,20,11,7,8,6,2,19,18],[9,13,16,12,21,5,1,17,10,4,14,20,24,22,15,23,11,8,6,7,3,18],[9,5,1,13,12,16,21,17,10,4,14,22,20,24,15,23,11,8,6,7,2,18,3,19],[9,17,21,1,13,16,12,5,14,10,4,23,19,20,24,22,8,6,7,15,11,2,18],[1,17,5,21,9,13,16,12,10,4,14,23,18,24,22,15,11,8,6,7,20,2,19,3],[5,21,1,9,13,12,16,17,10,4,14,20,23,3,19,22,7,8,6,24,15,11,18,2],[21,1,9,5,13,16,12,17,14,10,4,23,19,18,8,6,15,7,11,20,24,22,2],[5,13,9,16,12,21,1,17,14,10,4,22,20,24,23,6,7,19,15,11,8,2,18,3],[5,13,1,9,12,16,21,17,10,4,14,22,24,23,20,8,15,6,7,11,18,2,19,3],[1,21,17,5,9,13,16,12,10,4,14,24,22,15,23,20,11,7,8,6,2,18,3],[13,1,21,9,12,16,5,17,14,10,4,22,24,15,23,20,11,8,6,7,3,2,19,18],[1,5,13,9,16,12,21,17,14,10,4,22,20,8,24,23,15,6,7,11,2,18,19],[21,13,5,17,9,12,16,1,14,10,3,23,4,19,20,7,6,8,15,11,24,22,2,18],[13,17,1,21,9,12,16,5,10,4,14,23,19,20,11,8,6,22,2,15,7,24,18,3],[17,1,9,21,13,16,12,5,14,10,4,22,20,24,23,15,11,8,6,7,2,19,3],[5,17,13,1,21,9,16,12,14,10,4,23,19,18,20,8,6,22,2,15,7,11,24,3],[13,5,9,16,12,1,21,17,14,10,4,24,22,23,18,8,6,15,7,11,20,19,2],[9,13,12,16,21,1,17,5,10,4,14,22,20,24,15,23,11,8,6,7,2,3],[17,9,5,1,13,16,12,21,14,10,4,22,24,23,19,18,8,6,15,7,11,20,2],[1,13,17,5,9,16,12,21,14,10,4,23,11,20,6,8,15,7,24,22,3,18,19,2],[1,17,21,9,5,13,16,12,14,10,4,23,20,24,22,6,7,3,18,15,11,8,2],[17,21,5,13,9,16,12,1,14,10,4,24,22,15,23,20,11,8,6,7,2,19,18,3],[1,9,5,21,13,12,16,17,10,4,14,24,22,23,19,20,15,11,7,6,8,2,18,3],[9,13,12,16,21,17,5,1,10,4,14,23,18,24,22,2,15,11,8,6,7,20],[1,21,13,9,12,16,5,17,10,4,14,24,22,15,23,20,11,8,6,7,3,18,19,2],[5,21,9,1,17,13,16,12,10,4,14,23,19,20,8,6,3,7,18,22,15,11,24,2],[5,13,1,9,12,16,21,17,10,4,14,22,24,23,7,19,20,15,11,8,6,2,18],[1,21,13,17,9,16,12,5,10,4,14,22,11,18,8,6,24,15,23,7,20,3],[9,21,5,13,16,12,17,1,10,4,14,24,22,23,20,6,8,7,15,11,2,18],[17,1,13,21,9,16,12,5,10,4,14,23,18,3,6,11,19,8,2,15,7,20,24,22],[21,9,13,16,12,5,1,17,14,10,4,22,18,23,8,19,3,7,6,20,24,11,2,15],[1,17,13,5,9,16,12,21,10,4,14,24,22,15,23,19,20,11,8,6,7,18,2,3],[13,21,9,16,12,1,17,5,14,10,4,24,22,15,23,20,11,8,6,7,2,18],[1,9,17,21,5,13,16,12,10,4,14,24,22,15,23,20,11,7,6,8,2,19,3,18],[13,17,9,16,12,21,5,1,10,4,14,22,19,24,23,20,7,11,18,15,8,6,3,2],[21,5,1,13,9,12,16,17,10,4,14,24,22,23,20,3,7,6,15,8,11,2,18,19],[9,1,21,5,17,13,16,12,14,10,4,23,18,11,6,2,8,24,22,15,7,20],[21,17,5,1,9,13,12,16,14,10,4,24,22,23,18,6,20,8,11,15,7,2],[13,1,21,5,17,9,16,12,14,10,4,24,22,15,23,20,11,8,6,7,2,18,3,19],[1,13,21,17,5,9,16,12,14,10,4,23,19,18,24,22,7,3,15,11,20,8,6,2],[17,9,5,1,21,13,12,16,14,10,4,24,22,23,18,15,11,8,6,7,20,3],[21,9,13,12,16,1,5,17,10,4,14,24,22,23,20,3,15,11,7,8,6,18,19],[13,21,17,5,9,12,16,1,14,10,4,24,22,15,23,20,11,8,6,7,3,19,2,18],[17,9,1,5,13,12,16,21,10,4,14,24,22,23,18,7,20,15,11,8,6,3],[17,9,21,1,13,16,12,5,14,10,4,24,22,23,20,15,11,6,8,7,19,3],[13,21,1,9,12,16,5,17,10,4,14,24,22,23,20,8,15,6,7,11,3,18,2,19],[5,1,9,21,17,13,12,16,14,10,4,19,24,22,15,23,20,11,8,6,7,2],[9,21,13,12,16,17,5,1,14,10,4,24,22,23,7,19,20,15,11,8,6,2,3,18],[1,13,9,16,12,5,21,17,10,4,14,22,18,24,23,15,11,8,6,7,20,3,19,2],[17,1,9,21,13,12,16,5,14,10,4,24,22,23,19,20,2,6,8,15,7,11,18],[17,5,21,9,13,16,12,1,14,10,4,24,22,23,18,8,7,15,11,6,20,3,2],[1,5,13,17,9,12,16,21,14,10,4,24,22,15,23,20,11,8,6,7,3,18,19,2],[13,9,12,16,5,21,1,17,14,10,4,24,22,23,20,19,6,7,8,15,11,3,2,18],[9,17,13,16,12,1,5,21,10,4,14,22,18,24,23,8,15,6,7,11,20,3],[13,17,9,16,12,21,5,1,10,4,14,24,22,15,23,20,11,8,6,7,2,19,18],[9,5,17,13,16,12,21,1,14,10,4,22,7,18,24,15,23,11,20,8,6,2,3],[21,5,13,9,12,16,17,1,14,10,3,4,22,8,20,6,23,7,15,11,24,19,2,18],[17,21,13,1,5,9,12,16,10,4,14,24,22,15,23,20,11,8,6,7,3,2,18,19],[17,13,5,9,12,16,1,21,10,4,14,24,22,23,20,15,11,6,8,7,2,19,3,18],[17,9,21,13,12,16,1,5,14,10,4,22,19,20,8,24,15,23,6,7,11,3,18,2],[13,17,9,12,16,5,1,21,10,4,14,22,24,23,18,15,11,6,8,7,20,2,19],[13,21,9,16,12,1,5,17,14,10,4,19,23,20,8,7,24,22,15,11,6,2,18,3],[21,17,1,13,9,12,16,5,14,10,4,24,22,15,23,20,11,8,6,7,2,18,19,3],[9,13,12,16,5,17,1,21,10,4,14,20,24,22,23,15,11,7,8,6,2,19,3,18],[5,1,9,17,13,12,16,21,10,4,14,23,19,20,11,8,24,22,6,2,7,15,18],[21,9,13,12,16,5,1,17,14,10,4,22,20,24,15,23,11,7,2,6,8,19,3],[13,17,9,16,12,21,5,1,10,4,14,23,19,8,18,7,24,22,3,15,11,6,20,2],[5,17,21,9,1,13,12,16,14,10,4,23,19,20,8,3,6,7,15,11,24,22],[13,9,16,12,17,21,5,1,10,4,14,20,8,24,22,23,6,15,7,11,2,19,18],[21,17,1,13,5,9,16,12,14,10,4,22,20,23,8,7,3,19,15,11,6,24,18,2],[5,17,21,1,9,13,12,16,10,4,14,23,19,18,6,8,15,7,11,20,24,22,2,3],[9,21,13,16,12,17,1,5,10,4,14,18,23,11,7,22,19,24,2,3,15,20,8,6],[13,21,5,17,1,9,16,12,10,4,14,23,19,22,20,8,7,18,3,24,15,11,6,2],[1,13,9,16,12,17,5,21,10,4,14,24,22,15,23,20,11,8,6,7,3,2,18,19],[5,1,21,17,9,13,16,12,10,4,14,22,24,15,23,20,11,7,8,6,2,19,18],[1,5,13,9,12,16,21,17,10,4,14,22,24,23,18,2,8,20,6,7,15,11,19],[1,5,17,9,21,13,12,16,10,4,14,24,22,23,19,18,11,7,6,15,8,20,3],[5,17,13,21,1,9,16,12,10,4,14,24,22,15,23,20,11,8,6,7,2,3,19],[13,17,5,1,9,12,16,21,14,10,4,24,22,23,20,6,3,7,8,15,11,18,19],[1,21,5,13,17,9,16,12,14,10,4,24,22,15,23,20,11,8,6,7,2,18,3,19],[13,9,16,12,21,5,1,17,10,4,14,23,18,15,11,24,22,8,6,7,20,2,19],[5,1,17,9,21,13,16,12,10,4,14,23,20,8,22,6,3,7,15,11,24,18,19,2],[9,5,13,16,12,21,1,17,14,10,4,20,22,24,15,23,11,7,8,6,2,18,19,3],[17,13,21,1,9,16,12,5,14,10,4,24,22,15,23,20,11,7,8,6,19,3,18],[1,17,5,21,9,13,16,12,10,4,14,22,20,24,23,7,15,11,2,8,6,3,18,19],[5,1,13,21,17,9,12,16,10,4,14,19,20,24,22,15,23,11,8,6,7,2],[9,17,1,13,16,12,5,21,10,4,14,24,22,23,19,15,20,11,8,6,7,3,18],[17,5,1,21,9,13,16,12,10,4,14,24,22,15,23,20,11,8,6,7,2],[17,13,21,5,9,12,16,1,14,10,4,22,19,20,24,23,8,6,11,15,7,18,2,3],[9,1,13,12,16,17,21,5,10,4,14,23,18,8,7,22,24,19,2,15,11,6,20],[17,5,9,13,12,16,21,1,14,10,4,24,22,23,18,3,20,6,8,15,7,11,2,19],[13,9,12,16,1,17,21,5,14,10,4,24,22,15,23,20,11,8,6,7,2,19,3,18],[21,5,1,13,17,9,16,12,14,10,4,23,18,8,24,22,6,19,11,7,15,20,2],[5,1,17,13,9,16,12,21,14,10,4,24,22,15,23,20,11,7,6,8,2,19,18],[9,21,13,16,12,5,1,17,14,10,4,23,20,6,7,22,8,3,11,18,2,19,24,15],[17,9,5,13,16,12,21,1,10,4,14,22,19,18,24,23,3,15,11,20,8,6,7],[1,5,9,17,13,12,16,21,10,4,14,22,24,23,20,7,15,11,8,6,3],[5,21,13,1,9,12,16,17,10,4,14,24,22,15,23,20,11,8,6,7,3,18,2,19],[9,17,21,5,13,12,16,1,10,4,14,23,20,11,7,22,6,15,8,24,3,2,18],[21,5,13,9,12,16,1,17,10,4,14,24,22,15,23,20,11,8,6,7,2,3,19,18],[9,17,21,13,12,16,5,1,14,10,4,24,22,23,19,20,6,15,8,7,11,3,18],[21,5,9,17,13,12,16,1,10,4,14,24,22,23,20,8,7,15,11,6,2,3,18],[13,5,1,9,12,16,17,21,10,4,15,14,24,22,23,20,11,8,6,7,2,18],[9,17,5,1,13,12,16,21,10,4,14,24,22,15,23,20,11,8,6,7,2,3,18,19],[21,13,1,9,12,16,5,17,14,10,4,24,22,15,23,20,11,8,6,7,2,19,18,3],[13,1,9,12,16,5,17,21,14,10,4,24,22,15,23,20,11,6,8,7,3,18,2,19],[1,13,17,5,9,16,12,21,10,4,14,24,22,15,23,20,11,8,6,7,3,2],[13,5,1,21,17,9,12,16,10,4,14,24,22,15,23,20,11,8,6,7,2,19,18],[21,1,17,5,13,9,16,12,10,4,14,24,22,15,23,20,11,7,2,8,6,19],[13,21,17,9,16,12,5,1,10,4,14,22,20,24,23,8,6,7,15,11,3,18,2],[13,17,9,16,12,21,1,5,10,4,14,23,19,18,22,7,2,20,15,11,24,8,6,3],[5,21,1,13,17,9,12,16,10,4,14,22,20,23,7,8,15,11,6,24,2,18],[1,5,9,17,13,16,12,21,14,10,4,22,20,24,23,7,15,11,8,6,2,18,3,19],[5,13,9,16,12,21,17,1,10,4,14,22,24,23,20,7,15,11,8,6,2,18,19,3],[13,5,9,12,16,1,17,21,14,10,4,24,22,15,23,20,11,8,6,7,3,2,19,18],[21,1,13,17,5,9,12,16,10,4,14,23,18,7,3,22,11,19,8,2,20,15,6,24],[9,17,1,21,5,13,12,16,14,10,4,24,22,15,23,20,11,6,8,7,2,18],[21,17,5,13,1,9,12,16,14,10,4,24,22,15,23,20,11,8,6,7,2,19,18,3],[13,5,21,17,9,12,16,1,10,4,14,22,19,20,24,15,23,11,8,6,7,2,3,18],[9,5,17,13,16,12,21,1,10,4,14,23,18,8,2,19,6,7,20,11,3,24,22,15],[1,9,13,16,12,21,17,5,14,10,4,23,18,22,6,8,7,20,3,15,11,24],[5,17,1,9,13,16,12,21,14,10,4,22,20,24,15,23,11,8,6,7,2,19,18,3],[1,17,21,13,9,16,12,5,10,4,14,20,22,24,15,23,11,6,8,7,2,19,3,18],[21,13,5,17,1,9,16,12,10,4,14,24,22,23,20,8,15,6,7,11,2,18,19],[17,13,9,12,16,5,21,1,10,4,14,24,22,15,23,20,11,6,8,7,2,19,18,3],[13,21,1,9,16,12,5,17,10,4,14,24,22,23,18,2,8,19,7,15,11,20,6,3],[17,1,5,9,13,12,16,21,10,4,14,23,20,6,2,8,7,24,22,18,15,11,3,19],[21,9,1,13,16,12,5,17,10,4,14,24,22,15,23,20,11,8,6,7,2,19,3,18],[1,13,5,9,16,12,21,17,10,4,14,23,8,19,20,6,24,22,15,7,11,2,18,3],[21,5,13,17,1,9,16,12,10,4,14,24,22,23,20,15,11,8,6,7,3,18,2],[21,13,1,5,17,9,12,16,10,4,14,23,19,20,7,2,18,24,22,8,15,11,6,3],[1,13,5,21,17,9,16,12,14,10,4,23,20,8,7,6,24,22,15,11,2,18,19,3],[17,5,1,9,13,16,12,21,10,4,14,24,22,23,15,20,11,8,6,7,2,18],[21,17,9,5,13,16,12,1,14,10,4,24,22,15,23,20,11,8,6,7,2,19,18],[17,1,5,9,21,13,12,16,14,10,4,24,22,23,19,20,15,11,8,6,7,2,18,3],[21,17,13,5,1,9,12,16,10,4,14,23,18,6,8,7,20,22,15,11,24,2],[17,21,1,5,9,13,12,16,10,4,14,23,8,20,24,22,15,6,7,11,3,18,2],[1,5,13,17,21,9,16,12,14,10,4,22,8,18,24,23,15,6,7,11,20,3],[9,5,13,16,12,1,21,17,10,4,14,24,22,23,19,18,20,6,8,3,7,15,11,2],[5,1,17,21,9,13,12,16,10,4,14,22,20,24,23,15,11,8,6,7,3,19,18,2],[13,9,12,16,21,5,1,17,10,4,14,22,18,24,23,15,11,8,6,7,20,3],[17,1,13,21,5,9,12,16,14,10,4,23,20,8,7,3,6,11,24,22,15,2,18,19],[21,13,17,5,1,9,16,12,10,4,14,23,20,6,8,22,11,7,15,24,3,18,2,19],[9,17,1,13,16,12,5,21,14,10,4,23,19,20,2,3,7,24,22,15,11,8,6],[9,1,5,21,17,13,16,12,14,10,4,22,19,20,23,11,7,6,8,18,15,24,2,3],[13,21,9,16,12,5,1,17,10,4,14,23,19,20,11,15,8,6,7,24,22,3,18],[5,21,13,1,9,16,12,17,10,4,14,24,22,15,23,20,11,8,6,7,2,18],[1,17,13,9,16,12,5,21,10,4,14,23,20,24,22,7,8,11,15,6,3,2,19,18],[17,9,13,12,16,21,5,1,14,10,4,22,24,23,19,18,7,15,11,20,6,8,3,2],[5,17,9,21,1,13,16,12,10,4,14,22,23,19,11,20,24,7,3,15,8,6,18,2],[9,17,21,5,1,13,16,12,10,4,14,20,22,24,23,6,8,15,7,11,18,2,3,19],[9,17,13,12,16,21,1,5,10,4,14,24,22,23,20,6,8,7,15,11,3,2,19,18],[17,1,21,5,13,9,12,16,14,10,4,24,22,15,23,20,11,8,6,7,3,19,18],[9,21,13,12,16,17,5,1,10,4,14,24,22,23,8,18,15,6,7,11,20,2],[5,21,9,13,16,12,1,17,14,10,4,24,22,15,23,20,11,6,8,7,3,19,18],[5,13,17,1,9,16,12,21,10,4,14,24,22,23,18,8,6,15,7,11,20,2,19],[5,21,9,17,1,13,16,12,10,4,14,23,18,2,8,24,22,20,7,15,11,6,3,19],[1,13,17,5,21,9,16,12,10,4,14,23,19,18,24,22,20,15,11,7,6,8,2],[13,1,17,5,9,16,12,21,14,10,4,19,23,18,20,8,22,6,7,24,15,11,2,3],[1,13,21,5,17,9,16,12,14,10,4,24,22,15,23,20,11,8,6,7,2],[1,13,17,5,21,9,12,16,10,4,14,22,18,24,23,20,6,7,15,11,8,3,2],[13,1,9,16,12,5,17,21,14,10,4,24,22,23,19,20,7,15,11,8,6,18,2,3],[1,5,21,9,17,13,16,12,10,4,14,24,22,15,23,20,11,8,6,7,2,19,18],[5,13,21,17,9,16,12,1,10,4,14,19,24,22,23,20,6,8,15,7,11,3,18,2],[13,1,21,9,16,12,5,17,10,4,14,22,3,18,24,15,23,11,8,6,7,20,19,2],[9,17,21,5,13,16,12,1,10,4,14,18,24,22,15,23,11,8,6,7,20,2],[5,21,13,17,9,12,16,1,10,4,14,24,22,23,18,8,20,15,6,7,11,2,3],[5,9,21,1,13,12,16,17,10,4,14,24,22,15,23,20,11,8,6,7,3,18,19,2],[9,13,16,12,5,17,21,1,14,10,4,23,20,8,7,24,22,11,2,15,6,19,18],[21,17,5,9,13,16,12,1,10,4,14,22,20,24,15,23,11,8,6,7,2,19,3,18],[1,9,5,17,13,12,16,21,14,10,4,23,18,6,8,22,20,7,19,15,11,24,2,3],[1,13,21,5,9,16,12,17,10,4,14,24,22,23,19,20,8,18,3,6,7,15,11,2],[1,9,5,21,13,16,12,17,10,4,14,23,20,8,19,15,6,7,11,24,22,2,18],[21,17,5,1,13,9,16,12,10,4,14,23,18,7,22,8,20,15,11,6,24,2],[9,17,1,13,16,12,21,5,14,10,4,24,22,23,18,8,20,7,3,15,11,6,19,2],[21,1,17,13,9,16,12,5,14,10,4,24,22,23,20,8,15,6,7,11,3,19,2,18],[13,21,17,1,9,16,12,5,10,4,14,23,19,20,8,6,22,15,7,11,24,18,3],[1,13,17,5,21,9,12,16,10,4,14,19,20,24,22,15,23,11,7,8,6,2,18],[17,13,1,21,9,16,12,5,14,10,4,23,20,8,6,24,22,15,7,11,2,19,18,3],[17,13,21,1,9,16,12,5,10,4,14,24,22,15,23,20,11,6,8,7,2,19,3,18],[5,17,13,21,9,12,16,1,14,10,4,22,18,24,15,23,11,8,6,7,20,3,2,19],[13,1,9,16,12,21,5,17,14,10,4,24,22,23,19,18,20,8,6,15,7,11,2],[21,13,17,1,5,9,12,16,10,4,14,24,22,15,23,20,11,8,6,7,3,18,2],[21,13,1,5,9,16,12,17,14,10,4,24,22,15,23,20,11,8,6,7,2,19],[5,9,17,21,13,16,12,1,10,4,14,24,22,23,20,8,15,6,7,11,2,19],[21,13,9,16,12,1,5,17,10,4,14,24,22,23,18,8,15,6,7,11,20,3,2],[9,21,1,13,12,16,5,17,10,4,14,23,18,8,24,22,2,15,6,7,11,20],[5,13,17,21,9,16,12,1,10,4,14,20,22,2,24,15,23,11,8,6,7,3,18,19],[5,9,17,1,13,12,16,21,14,10,4,23,20,19,22,15,11,7,24,8,6,3,2,18],[9,1,5,13,12,16,17,21,14,10,4,24,22,23,20,7,3,6,15,11,8,18,19,2],[9,21,5,17,13,16,12,1,14,10,4,23,18,24,22,15,11,8,6,7,20,2,3],[9,1,21,5,17,13,12,16,10,4,14,23,20,6,7,24,22,15,8,11,2,19,18,3],[5,1,21,9,13,12,16,17,14,10,4,24,22,15,23,20,11,6,8,7,2,19,18],[1,13,21,9,16,12,5,17,14,10,4,23,19,20,8,24,22,6,2,15,7,11,3,18],[9,1,5,17,21,13,16,12,10,4,14,24,22,15,23,20,11,8,6,7,2,19,3,18],[1,21,13,9,12,16,5,17,10,4,14,18,23,6,19,8,22,3,15,7,11,20,24],[1,5,21,9,17,13,12,16,10,4,14,24,22,15,23,20,11,6,8,7,3,19],[9,21,13,12,16,1,17,5,14,10,4,22,20,24,15,23,11,8,6,7,2,19,18],[17,1,21,9,13,12,16,5,10,4,14,24,22,23,20,8,15,6,7,11,3,2,18],[5,9,17,21,1,13,12,16,14,10,4,24,22,15,23,20,11,8,6,7,2,19,18,3],[9,21,17,5,13,12,16,1,14,10,4,23,20,6,3,7,8,11,24,22,15,18,19],[5,21,1,13,9,16,12,17,14,10,4,22,18,24,23,20,2,6,3,15,8,7,11,19],[17,21,13,9,16,12,5,1,14,10,4,6,22,19,20,24,15,23,8,7,11,2,18],[9,13,16,12,17,1,21,5,10,4,14,22,20,6,24,15,23,8,7,11,2,18,3],[21,5,17,13,9,12,16,1,10,4,14,22,24,23,20,8,18,6,15,7,11,2,3],[9,17,21,5,1,13,16,12,14,10,4,23,20,7,19,22,24,6,15,11,8,2,18,3],[17,1,5,13,21,9,16,12,14,10,4,24,22,15,23,20,11,8,6,7,3,18],[13,5,9,12,16,17,1,21,14,10,4,23,20,7,22,24,11,8,15,6,3,19,2],[1,21,13,17,5,9,12,16,14,10,4,22,24,23,20,11,8,15,6,7,2,19,3,18],[13,5,1,9,16,12,17,21,14,10,4,23,20,24,22,15,11,8,6,7,3,19,18,2],[5,21,1,13,17,9,16,12,10,4,14,24,22,23,20,15,11,8,6,7,2,3,18,19],[13,17,9,12,16,1,21,5,14,10,4,24,22,15,23,20,11,8,6,7,2,19,18,3],[5,21,17,1,13,9,12,16,14,10,4,22,23,20,6,8,3,15,7,11,24,19,18],[1,13,17,5,9,12,16,21,10,4,14,24,22,15,23,20,11,7,8,6,3,18,19,2],[13,17,5,21,1,9,16,12,14,10,4,24,22,15,23,20,11,8,6,7,2,18,3],[1,9,5,21,17,13,12,16,14,10,4,22,20,24,15,23,11,6,8,7,2,19,18,3],[21,17,5,1,13,9,16,12,14,10,4,22,24,15,23,20,11,8,6,7,3,18,19],[9,1,5,13,12,16,21,17,10,4,14,24,22,23,18,19,15,11,20,7,8,6,2],[1,21,5,13,17,9,12,16,10,4,14,19,20,24,22,23,11,15,8,6,7,2],[17,9,5,21,1,13,12,16,10,4,14,24,22,15,23,20,11,8,6,7,3,18,2,19],[5,13,1,17,21,9,12,16,14,10,4,24,22,15,23,20,11,8,6,7,2,19,18,3],[17,5,21,9,13,12,16,1,14,10,4,22,20,24,15,23,11,8,6,7,3,2,19,18],[5,17,13,21,1,9,16,12,14,10,4,22,18,24,15,23,11,20,8,6,7,2,3],[9,5,13,16,12,17,21,1,14,10,4,22,24,23,20,8,15,6,7,11,3,2,18],[21,17,9,5,1,13,12,16,10,4,14,24,22,15,23,20,11,8,6,7,2,3,18],[1,9,5,17,13,12,16,21,10,4,14,24,22,23,18,7,15,11,20,8,6,2,3,19],[5,9,13,12,16,17,1,21,14,10,4,22,24,23,18,7,3,15,11,20,8,6,2],[1,17,21,9,5,13,16,12,14,10,4,23,19,18,8,7,20,24,22,15,11,6,2],[21,1,13,17,5,9,12,16,10,4,14,23,18,7,19,2,6,8,20,22,24,15,11,3],[9,13,16,12,5,1,21,17,14,10,4,24,22,15,23,20,11,8,6,7,2,18],[5,17,13,1,9,16,12,21,10,4,14,20,22,24,23,8,6,15,7,11,2,19,18,3],[9,21,5,13,12,16,17,1,14,10,4,24,22,15,23,20,11,7,8,6,3,18],[13,1,17,5,9,16,12,21,10,4,14,23,20,3,6,8,2,7,22,15,11,24,19,18],[21,17,13,9,12,16,5,1,14,10,4,24,22,23,20,7,11,6,15,8,2,18],[13,1,17,5,21,9,16,12,14,10,4,22,20,24,15,23,11,7,8,6,2,18,3,19],[9,1,21,13,16,12,17,5,10,4,14,24,22,15,23,20,11,8,6,7,18,2,3,19],[5,13,1,21,9,16,12,17,14,10,4,23,18,20,8,24,22,7,15,11,6,3,2,19],[13,1,21,9,12,16,17,5,14,10,4,24,22,23,18,11,15,8,6,7,20,2],[5,1,21,9,17,13,16,12,10,4,14,24,22,23,20,8,2,6,15,7,11,19],[17,9,13,16,12,5,1,21,14,10,4,24,22,23,20,8,6,15,7,11,2,18],[9,13,16,12,5,21,17,1,10,4,14,24,22,15,23,20,11,8,6,7,2,19,3,18],[9,13,12,16,1,21,5,17,10,4,14,24,22,23,19,20,8,2,7,3,15,11,6,18],[21,1,17,5,9,13,12,16,14,10,4,24,22,23,20,8,15,6,7,11,2,3,18],[17,13,21,1,5,9,12,16,10,4,14,22,20,24,23,6,15,8,7,11,18,2,3,19],[21,5,17,1,13,9,12,16,14,10,4,23,20,22,8,6,18,15,7,11,24,3,2,19],[5,9,21,1,13,16,12,17,10,4,14,23,19,18,7,24,22,6,15,11,8,20,2,3],[21,17,13,9,12,16,5,1,10,4,15,14,24,22,23,20,11,8,6,7,2,18,3],[9,21,1,5,13,12,16,17,14,10,4,23,20,7,19,18,3,22,6,8,15,11,24],[1,21,17,9,13,16,12,5,10,4,14,22,20,24,23,6,8,11,15,7,18,2,3,19],[1,9,13,12,16,21,5,17,14,10,4,23,19,20,6,7,11,8,24,22,3,15],[21,5,1,13,9,16,12,17,14,10,4,23,20,8,7,19,22,11,3,2,15,6,24,18],[9,13,16,12,17,21,1,5,10,4,14,22,24,15,23,20,11,8,6,7,3,19,2,18],[1,13,21,17,5,9,16,12,14,10,4,22,23,19,20,8,6,7,3,15,11,24,2,18],[13,17,9,16,12,21,1,5,14,10,4,23,18,20,24,22,8,6,15,7,11,2,19,3],[1,9,17,21,13,16,12,5,14,10,4,18,24,22,15,23,11,8,6,7,20,3,19],[17,5,13,1,21,9,12,16,10,4,14,23,20,3,6,8,24,22,15,7,11,2,19,18],[1,5,13,9,12,16,21,17,14,10,4,23,18,20,8,2,22,7,11,3,6,24,15,19],[1,9,17,5,13,12,16,21,14,10,4,24,22,23,20,8,7,15,11,6,2,19,3,18],[5,9,1,17,21,13,12,16,14,10,4,23,19,20,11,24,22,15,8,6,7,2,18,3],[9,21,13,16,12,5,1,17,14,10,4,23,18,11,7,8,24,22,6,15,20,2,19],[17,5,13,21,9,16,12,1,14,10,4,20,24,22,15,23,11,8,6,7,2,19,3,18],[13,1,5,17,21,9,12,16,14,10,4,23,6,20,24,22,8,3,7,15,11,2,19,18],[9,13,12,16,17,1,21,5,10,4,14,22,20,24,15,23,11,8,6,7,2,3,18,19],[13,5,9,16,12,1,21,17,14,10,4,24,22,15,23,20,11,6,8,7,3,18,2],[17,5,9,1,21,13,12,16,10,4,14,24,22,15,23,20,11,7,8,6,19,2,18],[1,21,5,13,17,9,16,12,10,4,14,24,22,23,18,6,8,11,15,7,20,2,19],[9,5,13,12,16,17,1,21,14,10,4,18,3,24,22,23,20,7,15,11,6,8,2],[13,5,21,9,16,12,1,17,14,10,4,24,22,23,20,15,11,8,6,7,2,18,3,19],[9,17,21,1,5,13,12,16,14,10,4,23,19,20,7,11,18,2,24,22,15,8,6,3],[13,21,1,9,16,12,17,5,10,4,14,23,6,18,24,22,2,8,15,7,11,20],[1,21,13,9,12,16,17,5,14,10,4,19,24,22,23,20,3,18,15,11,8,6,7],[17,13,1,5,9,16,12,21,10,4,14,24,22,23,20,6,8,3,18,11,15,7],[17,21,5,9,13,12,16,1,10,4,14,24,22,23,20,18,8,15,6,7,11,2],[13,9,12,16,21,1,5,17,14,10,4,24,22,23,18,15,11,8,6,7,20,3,2],[13,21,1,17,9,16,12,5,14,10,4,22,24,23,20,8,7,19,15,11,6,18,2],[9,1,17,13,16,12,5,21,14,10,4,24,22,15,23,20,11,8,6,7,18,2],[13,9,12,16,17,21,1,5,10,4,14,23,19,20,8,24,22,7,3,6,15,11,18],[5,1,13,21,17,9,12,16,14,10,4,24,22,15,23,20,11,8,6,7,2,18,3,19],[17,13,5,9,12,16,1,21,10,4,14,23,18,6,8,15,7,11,24,22,20,2],[17,21,9,5,13,12,16,1,14,10,4,24,22,15,23,20,11,7,8,6,18,2,3,19],[21,13,1,17,5,9,12,16,14,10,4,22,24,15,23,20,11,7,8,6,3,18,2],[17,13,1,9,16,12,5,21,10,4,14,24,22,15,23,20,11,8,6,7,2,19,18,3],[13,17,21,1,9,12,16,5,10,4,14,19,24,22,15,23,20,11,8,6,7,2,18],[13,1,9,12,16,17,21,5,10,4,14,24,22,15,23,20,11,8,6,7,3,19,2,18],[9,5,13,12,16,1,21,17,10,4,14,24,22,15,23,20,11,8,6,7,3,19,18,2],[5,1,21,17,9,13,12,16,10,4,14,24,22,15,23,20,11,8,6,7,2,18,19],[13,9,12,16,17,21,1,5,14,10,4,19,20,24,22,23,15,11,8,6,7,2],[1,13,21,9,12,16,5,17,14,10,4,22,18,23,7,8,6,19,20,11,15,24,2],[5,17,21,13,1,9,12,16,10,4,14,24,22,15,23,20,11,8,6,7,2,19,3],[1,13,17,5,9,12,16,21,10,4,14,22,24,23,6,20,8,18,15,7,11,2],[1,13,5,21,9,16,12,17,10,4,14,22,20,15,24,23,11,8,6,7,2,18,19],[1,5,21,17,13,9,12,16,14,10,4,19,24,22,15,23,20,11,8,6,7,2,18],[1,9,21,5,13,12,16,17,14,10,4,24,22,23,20,15,11,8,6,7,3,2,18,19],[5,9,21,17,13,12,16,1,14,10,4,24,22,15,23,20,11,7,8,6,2,19,3,18],[13,17,1,9,12,16,5,21,14,10,4,24,22,23,18,7,8,15,11,6,20,2],[5,17,1,21,9,13,16,12,14,10,4,22,18,24,23,2,6,8,15,7,11,20,3],[5,1,21,13,17,9,12,16,14,10,4,23,18,6,22,8,20,19,15,7,11,24,2,3],[13,9,16,12,5,21,1,17,10,4,14,24,22,15,23,20,11,7,8,6,19,3,18,2],[1,9,13,12,16,17,21,5,10,4,14,24,22,23,20,15,11,8,6,7,3,18,19,2],[13,9,16,12,17,1,21,5,10,4,14,24,22,23,20,19,2,8,15,6,7,11,18],[9,21,1,5,13,12,16,17,10,4,14,24,22,23,20,15,11,8,6,7,2,18,3,19],[21,17,1,13,5,9,16,12,14,10,4,24,22,23,19,20,15,11,7,6,8,2,18,3],[9,1,5,21,17,13,16,12,10,4,14,22,24,15,23,20,11,7,8,6,3,19,18],[9,5,1,17,13,16,12,21,14,10,4,24,22,15,23,20,11,8,6,7,2,19,18],[17,13,9,16,12,1,21,5,10,4,14,22,19,20,24,23,11,7,3,15,8,6,18,2],[5,17,21,9,13,16,12,1,10,4,14,24,22,23,19,20,8,6,15,7,11,2,3,18],[21,13,1,17,5,9,12,16,14,10,4,22,20,24,23,6,8,7,15,11,3,18],[9,5,1,13,16,12,17,21,14,10,4,24,22,23,11,20,6,8,7,15,3,19,18,2],[17,13,9,16,12,5,1,21,10,4,14,22,24,23,20,7,11,3,15,8,6,18,2,19],[17,21,13,5,1,9,12,16,10,4,14,24,22,15,23,20,11,8,6,7,2,18,19],[17,21,13,1,5,9,12,16,14,10,4,24,22,15,23,20,11,6,8,7,2,19,18,3],[21,5,13,9,12,16,1,17,10,4,14,24,22,23,18,3,15,11,20,8,6,7],[21,5,9,1,17,13,16,12,10,4,14,24,22,23,20,3,7,6,15,11,8,19,18,2],[5,1,13,9,16,12,21,17,14,10,4,24,22,23,19,20,7,18,6,8,15,11,2],[9,17,5,21,1,13,16,12,10,4,14,24,22,23,8,18,15,6,7,11,20,2],[5,13,1,17,9,16,12,21,10,4,14,24,22,15,23,20,11,7,8,6,2,19,18,3],[17,9,13,16,12,5,1,21,10,4,14,23,19,20,6,8,3,22,7,15,11,24,18,2],[21,17,9,1,13,16,12,5,14,10,4,23,20,7,3,24,22,15,11,8,6,2,19,18],[9,21,1,17,5,13,12,16,10,4,14,23,19,20,6,8,7,24,22,15,11,2],[17,5,1,13,21,9,16,12,14,10,4,22,20,24,15,23,11,8,6,7,3,19,18,2],[5,9,1,21,13,16,12,17,14,10,4,24,22,15,23,20,11,8,6,7,2,18,3,19],[13,9,16,12,21,5,1,17,14,10,4,22,20,24,15,23,11,8,6,7,18,2,3,19],[5,17,9,1,13,12,16,21,14,10,4,24,22,23,19,20,18,15,11,6,8,7,2,3],[1,13,17,5,21,9,12,16,14,10,4,24,22,23,20,15,11,8,6,7,19,3,2],[21,1,13,17,9,16,12,5,10,4,14,23,19,20,6,8,2,22,24,15,7,11,3,18],[1,17,21,9,13,16,12,5,14,10,4,23,18,24,22,15,11,6,8,7,20,2,19],[17,5,1,21,9,13,12,16,10,4,14,23,18,7,11,24,22,6,15,8,20,2,19,3],[13,21,9,12,16,17,1,5,10,4,14,24,22,15,23,20,11,7,8,6,2,18,19],[17,5,1,13,9,16,12,21,10,4,14,24,22,15,23,20,11,8,6,7,2,18],[1,21,17,13,5,9,12,16,14,10,4,23,19,18,20,7,15,11,24,22,6,8,2],[5,13,9,12,16,1,17,21,14,10,4,22,20,8,24,23,6,7,11,3,19,15,2,18],[9,17,21,5,13,12,16,1,10,4,14,22,19,20,24,23,6,8,7,15,11,2,3,18],[9,5,1,21,13,12,16,17,14,10,4,24,22,15,23,20,11,8,6,7,3,18],[13,5,1,17,21,9,12,16,10,4,14,24,22,23,20,15,11,8,6,7,2,19],[21,17,1,13,9,12,16,5,14,10,4,23,18,11,7,24,22,15,20,8,6,2,3,19],[9,1,5,13,16,12,17,21,10,4,14,24,22,23,18,15,11,8,6,7,20,3],[5,9,1,13,12,16,17,21,14,10,4,24,22,23,6,18,8,15,7,11,20,2],[13,21,1,9,12,16,5,17,10,4,14,24,22,23,20,8,6,15,7,11,2,18,3,19],[5,21,9,1,13,16,12,17,10,4,14,24,22,23,20,18,15,11,8,6,7,3],[9,1,5,13,12,16,17,21,10,4,14,24,22,23,20,15,11,8,6,7,2,3,19,18],[9,5,1,21,17,13,12,16,10,4,14,23,19,20,8,7,6,15,11,24,22,2,18],[1,9,21,17,5,13,12,16,14,10,4,24,22,15,23,20,11,8,6,7,2,19,18],[21,5,17,13,1,9,12,16,14,10,4,19,24,22,15,23,20,11,6,8,7,3,18,2],[21,1,9,13,16,12,17,5,10,4,14,24,22,23,19,20,8,6,7,18,15,11,2,3],[1,9,21,13,12,16,17,5,10,4,14,24,22,23,19,20,8,15,6,7,11,3,2,18],[9,1,13,12,16,5,17,21,10,4,14,24,22,23,19,20,11,8,15,6,7,3,18],[13,17,21,5,9,12,16,1,10,4,14,23,20,15,11,8,6,7,24,22,2,19,18,3],[9,1,13,16,12,17,5,21,14,10,4,24,22,23,19,20,7,2,8,15,11,6,18,3],[17,5,13,9,16,12,21,1,10,4,14,23,18,6,7,19,24,22,15,8,11,20,2],[1,13,21,9,16,12,17,5,14,10,4,3,24,22,23,20,15,11,6,8,7,19,18,2],[13,21,17,5,1,9,16,12,10,4,14,24,22,23,19,20,18,7,15,11,8,6,2,3],[21,9,13,16,12,5,1,17,14,10,4,22,18,24,23,8,15,6,7,11,20,3,19,2],[9,5,21,17,13,16,12,1,10,4,14,24,22,15,23,20,11,8,6,7,2,18,3,19],[5,13,9,12,16,21,17,1,10,4,14,22,24,23,20,15,11,7,8,6,3,18,19,2],[17,13,21,5,1,9,16,12,10,4,14,24,22,15,23,20,11,8,6,7,2,18],[13,5,21,9,12,16,17,1,10,4,14,23,18,22,19,8,3,11,6,24,7,20,2,15],[21,17,1,13,9,12,16,5,14,10,4,24,22,23,8,20,6,15,7,11,3,19,18,2],[5,21,13,1,17,9,16,12,10,4,14,24,22,23,18,6,8,15,7,11,20,2,19],[21,1,9,13,12,16,17,5,14,10,4,20,23,6,8,22,7,24,2,11,15,19,18],[5,13,9,12,16,1,21,17,14,10,4,23,19,18,22,7,24,15,11,20,8,6,2],[17,1,9,21,13,16,12,5,14,10,4,24,22,23,20,6,8,15,7,11,3,18,2],[9,1,13,12,16,21,17,5,14,10,4,23,19,18,6,7,8,20,2,3,15,11,22,24],[17,9,13,12,16,1,5,21,10,4,14,23,6,20,24,22,8,3,15,7,11,19,18],[21,1,17,9,13,16,12,5,10,4,14,22,19,23,20,6,2,8,7,18,11,24,15],[13,21,5,1,17,9,16,12,14,10,4,24,22,23,20,3,15,11,8,6,7,19,18,2],[1,9,21,13,12,16,17,5,10,4,14,24,22,23,19,20,15,11,8,6,7,2,3,18],[17,9,13,12,16,5,21,1,14,10,4,23,20,19,15,11,8,6,7,24,22,2,18],[5,21,13,1,9,12,16,17,14,10,4,23,20,24,22,6,7,15,11,8,3,18,19],[9,13,16,12,17,5,21,1,14,10,4,24,22,23,20,15,11,8,6,7,3,19,18],[17,13,9,12,16,1,21,5,10,4,14,22,19,20,24,15,23,11,6,8,7,2,18],[9,17,1,5,21,13,12,16,14,10,4,24,22,23,18,7,20,15,11,2,8,6],[1,13,17,5,9,16,12,21,14,10,4,22,19,23,20,8,6,2,7,15,11,24,18,3],[13,17,21,9,12,16,1,5,10,4,14,23,20,22,6,8,15,7,11,24,2,18],[1,5,9,21,13,12,16,17,14,10,4,22,24,15,23,20,11,8,6,7,2,18,3,19],[5,17,1,9,13,12,16,21,14,10,4,23,20,24,22,15,11,8,6,7,3,18],[5,9,21,17,1,13,16,12,14,10,4,23,20,22,6,24,7,11,2,8,15,18,19,3],[5,9,17,1,21,13,12,16,14,10,4,24,22,23,18,6,8,15,7,11,20,2,19],[17,13,5,21,1,9,12,16,14,10,4,23,20,7,2,22,19,8,6,15,11,24,3,18],[17,21,5,9,13,12,16,1,10,4,14,24,22,23,18,20,6,19,2,8,15,7,11,3],[9,17,5,13,16,12,21,1,10,4,14,22,18,20,23,24,15,11,8,6,7,3,2],[21,9,5,17,13,16,12,1,14,10,4,23,19,20,7,22,2,24,15,11,8,6,18],[21,17,13,9,16,12,1,5,10,4,14,18,22,24,15,23,11,8,6,7,20,2,19],[5,9,17,21,1,13,16,12,14,10,4,22,19,24,15,23,20,11,8,6,7,2,3,18],[9,17,1,21,13,16,12,5,14,10,4,22,24,15,23,20,11,7,8,6,2,19,18],[9,17,5,1,13,16,12,21,14,10,4,23,20,7,3,2,22,24,15,11,6,8,19,18],[9,21,1,17,13,12,16,5,10,4,14,24,22,15,23,20,11,7,8,6,2,18,3,19],[13,5,1,9,16,12,21,17,10,4,14,24,22,23,19,20,15,11,6,8,7,3,18],[13,1,21,17,5,9,12,16,10,4,14,24,22,23,19,18,15,11,20,8,6,7,2],[21,1,5,9,13,12,16,17,14,10,4,24,22,23,19,20,6,7,15,11,8,3,18,2],[21,5,1,17,9,13,12,16,10,4,14,24,22,23,19,20,8,15,6,7,11,2,18,3],[21,5,17,1,13,9,16,12,10,4,14,24,22,23,20,19,7,15,11,8,6,2,18],[5,21,17,9,1,13,12,16,14,10,4,22,18,24,23,7,11,15,20,8,6,2],[1,5,9,21,13,12,16,17,10,4,14,24,22,15,23,20,11,6,8,7,18,2],[17,1,9,13,16,12,5,21,14,10,4,18,24,22,23,8,15,6,7,11,20,2,3,19],[9,17,13,12,16,5,1,21,10,4,14,23,18,24,22,15,11,20,8,6,7,2,3],[9,21,13,16,12,17,1,5,14,10,4,19,24,22,23,20,7,15,11,8,6,2,3,18],[13,9,12,16,5,21,17,1,10,4,14,23,18,19,15,11,20,24,22,8,6,7,3,2],[17,21,1,9,5,13,16,12,10,4,14,22,24,23,18,2,15,11,7,20,8,6],[1,13,21,9,16,12,5,17,14,10,4,20,23,22,8,6,24,2,15,7,11,3,19,18],[17,5,13,9,16,12,1,21,10,4,14,24,22,15,23,20,11,7,6,8,2,3,18],[9,13,16,12,5,1,17,21,10,4,14,22,24,15,23,11,20,6,8,7,19,3,18,2],[1,21,5,13,9,16,12,17,14,10,4,24,22,23,19,20,7,11,15,8,6,2,3,18],[17,9,1,21,13,12,16,5,10,4,14,24,22,15,23,20,11,8,6,7,3,19,18],[5,21,9,1,17,13,16,12,10,4,14,23,19,20,8,18,6,7,22,24,15,11,2,3],[17,5,9,1,21,13,12,16,10,4,14,24,22,15,23,20,11,8,6,7,18,2,19],[1,17,13,9,16,12,5,21,14,10,4,24,22,23,19,18,15,11,20,8,6,7,2,3],[13,1,5,21,9,16,12,17,10,4,14,22,18,24,15,23,11,7,20,8,6,3],[13,1,9,12,16,5,17,21,14,10,4,22,24,15,23,20,11,6,8,7,3,18,19,2],[21,17,5,1,13,9,12,16,14,10,4,23,20,18,7,24,22,15,11,8,6,3,2,19],[17,9,13,16,12,1,21,5,10,4,14,24,22,15,23,20,11,8,6,7,2,19],[13,21,17,5,9,12,16,1,10,4,14,22,7,24,15,23,20,11,8,6,2,19,18],[17,9,1,13,16,12,5,21,14,10,4,22,19,18,24,15,23,11,20,8,6,7,2],[13,5,17,21,1,9,12,16,14,10,4,23,20,18,7,24,22,15,11,8,6,3],[1,13,5,17,9,12,16,21,10,4,14,19,24,22,23,20,8,2,7,15,11,6],[9,21,1,17,13,12,16,5,14,10,4,18,23,6,7,19,20,8,15,11,24,22,2,3],[1,21,9,17,5,13,16,12,14,10,4,23,20,7,11,22,24,18,15,8,6,3,2],[5,21,13,17,1,9,16,12,10,4,14,23,18,6,8,15,7,11,24,22,20,2,19,3],[9,21,13,16,12,1,5,17,14,10,4,24,22,15,23,20,11,8,6,7,2,19,18,3],[1,5,17,9,21,13,16,12,14,10,4,22,20,24,15,23,11,8,6,7,2,18],[21,9,1,5,13,16,12,17,10,4,14,22,24,15,23,20,11,8,6,7,2,3,19,18],[17,5,13,9,12,16,21,1,14,10,4,23,20,6,8,24,22,7,15,11,2,18,3],[13,5,9,16,12,1,21,17,14,10,4,20,24,22,23,6,8,15,7,11,2,18,19],[21,17,1,13,9,12,16,5,10,4,14,23,22,20,6,7,11,8,3,15,24,19,18,2],[5,1,13,17,21,9,12,16,10,4,14,24,22,15,23,20,11,8,6,7,18,2,3],[17,5,21,9,1,13,16,12,10,4,14,22,19,24,23,18,15,11,20,8,6,7,2],[5,17,1,21,9,13,16,12,14,10,4,24,22,15,23,20,11,8,6,7,3,18,19,2],[5,13,17,1,21,9,12,16,10,4,14,23,18,20,7,8,6,11,22,2,19,24,15],[5,13,1,17,21,9,16,12,10,4,14,20,24,22,23,19,3,15,11,8,6,7,18],[17,1,13,9,16,12,5,21,10,4,14,23,18,3,8,22,15,6,7,11,20,24,2],[17,13,5,9,12,16,1,21,10,4,14,24,22,23,18,15,11,8,6,7,20,2],[21,13,5,1,9,16,12,17,14,10,4,23,20,8,7,15,11,6,24,22,3,18],[9,21,17,13,12,16,1,5,14,10,4,24,22,23,18,8,6,15,7,11,20,3,2,19],[1,9,21,13,12,16,5,17,14,10,4,20,23,7,3,18,6,8,24,22,15,11,2,19],[13,21,9,16,12,17,5,1,10,4,14,24,22,23,20,7,15,11,8,6,18,2,3],[21,17,5,1,9,13,12,16,10,4,14,23,18,8,6,24,22,15,7,11,20,2],[21,1,9,13,12,16,17,5,14,10,4,18,24,22,23,3,15,11,8,6,7,20,19,2],[5,17,1,21,13,9,16,12,10,4,14,22,20,6,24,23,8,7,15,11,3,19,2,18],[9,5,21,1,13,12,16,17,10,4,14,24,22,15,23,20,11,8,6,7,2,3,19,18],[1,13,9,12,16,5,21,17,10,4,14,22,24,15,23,20,11,7,8,6,2,18,19],[1,13,5,17,21,9,12,16,14,10,4,24,22,15,23,20,11,8,6,7,2,18,19],[13,1,9,16,12,5,21,17,14,10,4,24,22,15,23,20,11,8,6,7,2,18,19],[21,17,5,1,13,9,16,12,10,4,14,22,24,15,23,20,11,8,6,7,2,19,18],[17,5,1,9,21,1