{"problem_id":"HnywhjzQw6tYXFo","sigma":75,"alpha":10.000,"cost":0,"probabilities":"[0.33, 0.22, 0.16, 0.29]","payoff_matrix":"[[-16, -101, 36, 71, -73, -61], [-75, 76, -48, 6, -10, 26], [-46, -6, -18, -113, 47, -59], [-56, 97, 13, 66, -16, 128]]","uncovered":[[13,9,16,12,17,1,21,5,14,10,4],[13,1,5,9,16,12,21,17,10,15,4,14,20,11,24,22,23],[21,9,5,1,13,12,16,17,14,10,4],[1,5,17,21,13,9,16,12,10,2,18,14],[13,21,5,17,1,9,12,16,14,10,4],[13,5,17,9,16,12,21,1,10,4,14],[9,5,21,13,16,12,1,17,14,10,2],[5,13,21,17,9,12,16,1,10,4,20,15,14,11,24,22,23],[9,21,5,1,17,13,16,12,10,4,24,22,14,15,23,11,20],[13,1,9,16,12,5,17,21,14,10,4],[5,21,13,9,16,12,1,17,10,4,8,22,2,14],[17,21,5,1,13,9,16,12,14,10,4],[21,9,13,12,16,17,5,1,14,10,4],[1,13,9,12,16,20,5,21,14,10,17,4],[5,9,21,1,17,13,16,12,10,4,14],[21,5,17,1,13,9,12,16,14,10,4],[13,17,9,12,16,21,1,5,10,4,15,14,11,24,22,23,20],[17,13,9,12,16,5,1,21,10,4,11,14],[9,17,5,13,16,12,21,1,10,4,8,22,14],[5,9,13,12,16,17,1,21,14,10,4],[17,13,21,5,9,12,16,1,14,10,2],[5,1,17,21,9,13,12,16,14,10,2],[21,1,13,9,12,16,5,17,10,14,4],[17,9,21,1,13,16,12,5,10,4,23,14],[17,9,21,13,16,12,5,1,10,4,14],[21,13,5,9,16,12,1,17,10,4,23,6,18,20,14],[5,21,17,9,13,16,12,1,10,4,14],[5,9,1,21,17,13,16,12,10,4,15,14,11,24,22,23,20],[17,13,1,9,16,12,5,21,10,14,4],[9,1,5,17,13,16,12,21,14,10,4],[21,9,17,5,1,13,12,16,10,4,14],[17,13,5,9,16,12,1,21,14,10,4],[1,21,5,9,17,13,16,12,14,10,4],[13,17,5,1,21,9,12,16,14,10,4],[5,13,17,1,9,12,16,21,10,4,14],[13,9,12,16,21,1,5,17,10,4,19,23,20,11],[1,21,5,17,13,9,12,16,14,10,4],[17,21,9,1,13,12,16,5,14,10,4],[9,1,13,16,12,5,21,17,14,10,4],[17,13,9,12,16,1,21,5,10,4,14],[21,5,17,1,13,9,16,12,10,4,8,14],[1,9,21,13,12,16,5,17,14,10,4],[9,21,13,16,12,5,1,17,14,10,22,4],[9,13,12,16,17,1,5,21,14,10,4],[13,17,21,9,16,12,1,5,10,4,6,14],[1,9,17,13,12,16,21,5,14,10,4],[5,1,21,9,17,13,12,16,14,10,4],[13,5,21,17,1,9,16,12,14,10,4],[9,13,16,12,17,1,21,5,14,10,4],[9,13,16,12,5,21,17,1,10,4,20,23,19,14],[21,17,13,1,9,12,16,5,10,4,15,14,24,22,23,11,20],[21,9,5,1,17,13,12,16,14,10,3,4],[21,5,1,13,9,12,16,17,10,4,2,23,18,14],[9,21,17,13,12,16,1,5,10,4,20,23,14],[5,1,9,13,12,16,21,17,10,4,14],[1,9,17,5,21,13,12,16,14,10,2],[17,21,9,1,13,16,12,5,14,10,2],[5,21,9,13,12,16,17,1,10,4,14],[1,17,9,5,13,12,16,21,14,10,2],[9,13,12,16,5,17,21,1,14,10,4],[17,1,13,5,9,16,12,21,14,10,4],[9,5,21,17,1,13,12,16,14,10,4],[13,5,9,12,16,21,1,17,10,4,24,14,22,23],[21,9,13,12,16,17,5,1,10,4,19,14],[9,17,1,5,13,12,16,21,10,4,14],[21,1,17,5,13,9,16,12,10,4,8,18,24,14,22,23],[1,21,5,9,13,16,12,17,10,4,24,22,14,23],[13,5,1,9,12,16,21,17,10,4,14],[5,1,17,21,9,13,16,12,14,10,4],[1,5,13,9,12,16,21,17,10,4,14],[17,13,5,9,12,16,1,21,10,14,2],[17,21,9,5,13,16,12,1,14,10,4],[5,1,9,13,16,12,17,21,10,4,8,14],[21,5,9,17,13,16,12,1,10,14,3,6,4],[9,13,12,16,17,21,5,1,10,4,14],[17,1,5,9,13,12,16,21,10,3,14],[9,21,1,5,13,16,12,17,10,4,15,14,24,22,23,11,18],[21,9,17,13,12,16,5,1,14,10,11,4],[9,17,21,5,13,12,16,1,10,4,14],[17,13,1,5,9,12,16,21,14,10,4],[5,13,9,12,16,21,17,1,14,10,4],[21,9,5,13,12,16,1,17,14,10,3,4],[9,13,16,12,17,1,5,21,10,4,8,24,22,14,23],[9,5,1,13,12,16,17,21,14,10,4],[17,5,1,9,13,16,12,21,14,10,4],[9,1,21,17,5,13,16,12,10,4,24,22,14,15,23,11,20],[9,1,17,5,21,13,12,16,14,10,11,4],[5,17,9,21,13,16,12,1,10,3,14,18],[21,1,13,9,16,12,17,5,14,10,4],[21,1,5,9,13,16,12,17,14,10,4],[13,9,16,12,1,21,5,17,14,10,4],[13,1,21,5,9,16,12,17,14,10,4],[1,5,9,13,12,16,21,17,10,4,3,22,15,14,24,23,11],[13,21,17,5,1,9,12,16,14,10,3,19,22],[17,21,13,5,9,12,16,1,14,10,4],[13,21,9,12,16,1,17,5,14,10,4],[5,17,13,21,1,9,16,12,14,10,4],[13,1,21,9,12,16,17,5,10,4,8,15,14,11,24,22,23,6,7],[9,5,17,21,1,13,12,16,14,10,4],[13,5,21,17,9,16,12,1,14,10,4],[21,13,17,9,12,16,1,5,14,10,4],[13,5,1,21,9,16,12,17,14,10,6,4],[21,17,13,1,5,9,16,12,14,10,4],[9,5,13,12,16,21,1,17,10,4,15,14,24,22,23,11,20],[5,1,17,21,9,13,16,12,10,4,14],[21,17,9,13,16,12,5,1,14,10,4],[17,1,13,5,21,9,16,12,14,10,4],[17,1,13,9,12,16,21,5,10,4,24,14,22,15,23,11,18],[5,17,13,21,9,16,12,1,10,4,14],[17,21,5,1,9,13,12,16,14,10,4],[1,21,17,9,13,16,12,5,14,10,4],[1,17,21,5,13,9,16,12,14,10,20,4],[21,17,1,9,5,13,12,16,10,4,14],[21,5,1,17,13,9,16,12,14,10,24,22,15,23,4,20],[9,13,16,12,21,17,1,5,10,14,4],[9,13,16,12,1,17,21,5,10,4,14],[17,1,9,21,5,13,16,12,10,4,14],[13,21,9,16,12,17,1,5,14,10,4],[9,21,17,13,12,16,5,1,10,4,14],[17,1,9,13,16,12,21,5,10,4,14],[9,17,1,13,12,16,5,21,14,10,4],[5,21,17,9,13,16,12,1,14,10,4],[13,9,12,16,1,21,5,17,14,10,4],[1,9,5,21,17,13,16,12,10,4,22,15,14,24,23,11,20],[1,17,9,21,13,12,16,5,14,10,4],[9,1,5,13,16,12,21,17,10,4,14],[21,9,1,13,16,12,5,17,10,4,2,14],[1,13,17,21,5,9,16,12,14,10,4],[9,13,12,16,21,1,5,17,14,10,4],[1,21,5,17,9,13,12,16,10,2,7,14],[5,9,21,17,1,13,12,16,10,4,18,15,14,24,22,23],[13,1,21,17,9,12,16,5,10,4,14],[13,1,21,9,12,16,17,5,14,10,4],[17,1,9,13,16,12,21,5,10,4,14],[17,13,5,1,21,9,12,16,14,10,23,4],[5,9,17,21,1,13,16,12,14,10,3],[13,9,16,12,5,21,17,1,14,10,4],[5,17,21,9,1,13,16,12,10,4,14],[17,9,5,21,13,16,12,1,10,4,18,14],[5,1,13,17,21,9,12,16,14,10,2],[17,13,21,9,12,16,1,5,10,4,14],[9,13,12,16,21,5,17,1,14,10,4],[21,9,13,16,12,1,17,5,14,10,4],[1,17,13,21,9,12,16,5,14,10,4],[17,9,5,21,1,13,12,16,14,10,4],[9,21,1,5,17,13,12,16,14,10,4],[1,17,5,21,9,13,12,16,14,10,4],[21,5,1,17,13,9,16,12,14,10,4],[17,5,9,1,21,13,12,16,14,10,4],[13,17,9,12,16,5,21,1,10,4,19,23,18,22,20,14],[1,21,9,17,13,12,16,5,10,4,14],[17,13,9,16,12,1,5,21,14,10,4],[21,13,1,5,9,12,16,17,14,10,4],[17,13,1,9,16,12,5,21,14,10,3,7],[9,5,17,21,13,12,16,1,10,4,18,23,14],[1,17,21,9,13,16,12,5,14,10,4],[17,9,13,12,16,1,21,5,10,4,18,2,14],[13,5,9,16,12,1,21,17,10,4,22,23,15,14,11,20],[17,9,21,1,13,12,16,5,10,4,15,14,20,24,22,23],[1,21,9,17,13,12,16,5,10,4,24,14,22,23],[21,13,17,5,9,16,12,1,14,10,2],[17,1,13,21,5,9,16,12,14,10,2],[17,21,13,1,9,16,12,5,10,4,14],[5,9,17,13,16,12,1,21,14,10,4],[9,5,1,21,17,13,16,12,14,10,4],[17,1,9,13,12,16,5,21,14,10,4],[9,5,13,12,16,21,1,17,10,4,23,14],[1,13,17,5,9,12,16,21,10,4,24,22,14,23],[17,21,13,9,12,16,5,1,14,10,4],[13,1,5,21,9,16,12,17,10,4,14],[9,17,1,21,13,16,12,5,10,14,3,4],[13,1,17,9,12,16,21,5,14,10,4],[5,21,1,13,9,16,12,17,10,4,15,14,24,22,23,11,7],[5,1,9,21,17,13,12,16,10,4,24,14,22,15,23,11,20],[17,1,13,21,5,9,16,12,14,10,23,4],[13,1,21,17,5,9,12,16,10,4,6,18,14],[9,17,13,16,12,5,1,21,10,4,14],[13,5,9,16,12,1,17,21,10,4,18,22,3,14],[21,17,1,5,9,13,12,16,14,10,7,2],[13,17,9,12,16,1,21,5,14,10,4],[21,9,5,17,13,12,16,1,10,4,20,14],[9,5,21,13,16,12,1,17,10,4,14],[17,13,21,9,16,12,1,5,14,10,4],[9,17,21,1,13,16,12,5,14,10,3,19,24,22,15,23,4,20],[17,13,5,9,16,12,21,1,14,10,23,4],[17,5,13,1,21,9,16,12,14,10,4],[17,9,13,16,12,1,5,21,10,4,14],[9,13,12,16,17,21,5,1,14,10,4],[1,13,21,9,12,16,17,5,10,4,19,20,23,2,14],[13,21,1,9,16,12,17,5,10,2,14],[5,9,21,1,13,12,16,17,10,4,14],[9,1,5,17,21,13,16,12,14,10,4],[21,17,13,5,9,16,12,1,14,10,4],[1,21,5,13,17,9,16,12,10,4,23,14],[9,5,21,13,12,16,17,1,14,10,4],[21,13,9,12,16,17,5,1,14,10,4],[21,9,17,5,1,13,12,16,10,3,18,24,14,22,15,23,4],[17,1,13,21,5,9,12,16,14,10,4],[13,1,5,17,21,9,12,16,14,10,6,4],[1,21,13,17,9,12,16,5,14,10,2],[9,21,5,13,16,12,1,17,10,4,14],[5,1,9,21,13,12,16,17,14,10,4],[1,5,17,9,13,16,12,21,10,14,4],[9,13,12,16,17,21,1,5,10,4,14],[17,13,5,9,12,16,21,1,14,10,4],[9,1,13,16,12,21,17,5,14,10,4],[21,13,17,9,16,12,5,1,14,10,4],[13,9,16,12,17,5,1,21,10,4,24,14,22,23],[21,1,9,13,16,12,17,5,10,2,23,14],[1,21,17,5,13,9,12,16,10,15,4,14,11,24,22,23,20],[9,5,21,17,13,16,12,1,10,4,14],[9,21,17,5,1,13,16,12,10,4,24,14,22,23],[17,5,21,9,13,16,12,1,14,10,4],[5,9,1,13,12,16,17,21,14,10,4],[17,21,13,9,12,16,1,5,10,4,19,23,18,14],[5,1,13,9,16,12,17,21,14,10,4],[5,17,1,9,13,12,16,21,14,10,4],[1,5,17,13,21,9,12,16,14,10,4],[5,1,13,9,12,16,21,17,14,10,4],[9,13,16,12,1,17,5,21,10,4,19,24,14,22,23],[13,1,5,9,12,16,21,17,10,3,24,14,22,23],[9,1,13,16,12,17,21,5,14,10,19,4],[9,17,5,21,13,16,12,1,14,10,4],[17,1,13,9,12,16,21,5,14,10,4],[17,9,13,12,16,21,1,5,10,4,23,8,20,22,14],[5,1,13,9,16,12,21,17,14,10,4],[13,9,16,12,1,17,5,21,14,10,2],[21,13,5,17,1,9,16,12,14,10,4],[1,21,5,17,9,13,12,16,10,4,7,14],[5,1,13,17,21,9,12,16,10,4,14],[17,1,5,9,21,13,12,16,14,10,4],[1,9,5,13,16,12,21,17,10,4,14],[9,1,13,16,12,17,5,21,14,10,4],[1,13,17,9,16,12,21,5,14,10,4],[1,21,9,5,13,16,12,17,14,10,4],[17,9,5,1,13,12,16,21,10,4,20,6,15,14,8,7,11,24,22,23],[1,5,9,21,17,13,12,16,10,4,18,14],[13,9,16,12,21,5,1,17,14,10,4],[5,21,1,17,9,13,16,12,10,2,20,18,14],[9,21,13,16,12,1,5,17,10,3,2,14],[5,9,17,13,16,12,1,21,14,10,3,4],[13,9,12,16,1,21,5,17,10,4,14],[5,1,21,9,17,13,12,16,10,4,24,14,22,15,23,20],[5,21,1,13,17,9,16,12,10,4,14],[13,17,9,12,16,1,21,5,10,4,15,14,11,24,22,23,20],[21,5,13,9,16,12,17,4,10,22,6,14,3],[1,21,5,17,13,9,16,12,14,10,22,4],[9,13,12,16,21,17,5,1,14,10,4],[17,13,5,21,9,16,12,1,10,4,24,22,14,23],[21,9,17,5,1,13,12,16,10,4,14],[17,21,13,9,16,12,5,1,10,4,22,20,14],[17,21,13,1,9,12,16,5,10,3,14,4],[13,1,5,9,12,16,21,17,10,4,24,22,14,15,23,11,19,20],[1,5,17,13,21,9,16,12,14,10,4],[9,5,17,13,16,12,21,1,10,4,14],[13,5,1,9,16,12,17,21,10,4,2,7,14],[17,1,9,21,5,13,12,16,14,10,4],[21,9,5,17,1,13,12,16,10,2,24,14,22,15,23,11,7,20],[21,13,17,1,9,12,16,5,14,10,4],[9,21,5,13,16,12,1,17,14,10,4],[13,9,12,16,5,21,1,17,14,10,4],[21,13,5,1,17,9,16,12,14,10,4],[1,17,5,21,13,9,16,12,14,10,4],[17,5,21,1,9,13,12,16,14,10,4],[9,17,1,21,13,12,16,5,14,10,4],[17,13,1,5,21,9,12,16,10,24,14,22,23,2],[17,1,5,21,13,9,12,16,14,10,4],[9,5,17,13,16,12,1,21,14,10,18,4],[21,1,13,5,17,9,12,16,10,4,19,14],[21,13,5,9,12,16,17,1,14,10,2],[13,5,17,21,9,12,16,1,10,4,14],[17,5,21,1,13,9,16,12,10,4,22,6,15,14,8,7,24,23],[1,5,21,17,13,9,12,16,14,10,4],[1,5,17,9,13,16,12,21,14,10,7,4],[1,17,5,13,21,9,12,16,10,4,14],[17,9,21,5,1,13,12,16,10,4,6,14],[13,21,17,9,12,16,1,5,14,10,4],[13,21,5,9,16,12,1,17,14,10,4],[21,1,5,17,13,9,16,12,10,4,15,14,11,24,22,23,20],[17,13,1,9,16,12,5,21,10,4,14],[1,13,9,16,12,5,17,21,14,10,4],[17,9,13,12,16,5,21,1,14,10,4],[5,17,1,13,9,16,12,21,14,10,4],[5,9,1,17,21,13,12,16,14,10,4],[17,9,5,21,1,13,16,12,14,10,2],[1,17,13,21,5,9,12,16,10,4,22,8,19,14],[1,9,17,21,5,13,16,12,14,10,4],[9,5,13,12,16,1,21,17,10,4,14],[21,1,9,5,13,12,16,17,14,10,4],[9,13,16,12,17,5,21,1,14,10,3],[1,13,21,17,9,16,12,5,10,4,14],[9,21,13,16,12,1,5,17,14,10,4],[13,9,16,12,21,1,17,5,10,22,4,14],[13,5,9,12,16,17,1,21,14,10,4],[17,13,1,9,12,16,21,5,10,7,4,14],[17,1,13,9,16,12,21,5,10,4,24,14,22,23],[13,1,21,9,12,16,5,17,10,4,14],[17,5,13,9,16,12,1,21,14,10,4],[1,21,17,9,5,13,16,12,14,10,4],[17,9,13,12,16,5,1,21,10,4,20,6,22,8,14],[21,5,13,17,9,12,16,1,14,10,4],[17,1,21,9,13,12,16,5,10,4,6,18,14],[17,5,9,13,12,16,21,1,14,10,4],[1,21,13,5,9,12,16,17,10,4,24,14,22,6,15,23,8,7,11],[5,17,9,21,1,13,12,16,14,10,4],[17,13,9,12,16,5,21,1,10,4,14],[9,21,13,16,12,1,17,5,10,4,6,23,14],[13,17,5,21,9,16,12,1,14,10,4],[5,9,1,17,13,12,16,21,10,14,4],[5,13,17,9,16,12,1,21,14,10,4],[9,1,5,17,21,13,12,16,14,10,4],[5,17,13,9,16,12,21,1,10,4,6,22,14],[21,5,17,13,1,9,16,12,14,10,4],[9,1,17,5,21,13,12,16,10,4,14],[21,13,1,17,5,9,16,12,14,10,4],[5,1,13,17,9,12,16,21,10,4,14],[1,17,13,5,21,9,12,16,10,4,14],[21,5,17,9,1,13,12,16,10,4,19,14],[5,9,13,12,16,21,17,1,14,10,4],[5,17,21,13,9,16,12,1,14,10,2],[17,9,13,12,16,21,5,1,14,10,4],[5,9,21,17,1,13,16,12,14,10,4],[5,17,21,9,13,12,16,1,10,4,24,22,14,15,23,11,18],[21,9,5,17,1,13,12,16,14,10,4],[21,1,17,5,13,9,12,16,10,4,14],[13,21,17,1,9,16,12,5,10,4,14],[9,21,17,5,1,13,16,12,10,4,8,14],[1,13,17,5,21,9,16,12,10,4,20,14],[21,13,1,5,17,9,12,16,10,4,23,19,11,14],[5,1,21,17,9,13,16,12,14,10,4],[21,13,9,12,16,5,1,17,10,4,14],[21,13,17,9,16,12,5,1,14,10,4],[9,21,1,5,13,16,12,17,10,4,23,3,15,14,11,20],[1,21,9,13,12,16,17,5,10,4,14],[21,5,13,1,9,12,16,17,10,4,14],[21,17,5,13,9,16,12,1,10,24,22,14,4,15,23,11,19,20],[1,17,9,5,21,13,16,12,10,14,8,4],[9,5,17,13,16,12,1,21,14,10,4],[17,21,13,1,5,9,16,12,14,10,4],[9,5,1,13,16,12,21,17,10,4,14],[1,21,9,5,13,12,16,17,10,14,2],[9,21,5,13,12,16,17,1,10,4,14],[17,1,21,9,13,12,16,5,10,4,14],[21,9,1,5,13,12,16,17,10,4,15,14,11,24,22,23],[17,1,13,21,5,9,16,12,14,10,4],[17,13,9,16,12,21,1,5,14,10,3,7],[21,1,13,5,17,9,12,16,10,4,14],[17,21,1,9,5,13,16,12,14,10,4],[21,17,13,9,12,16,5,1,10,4,23,14],[13,9,12,16,5,17,21,1,14,10,4],[21,9,1,17,13,12,16,5,10,4,14],[13,1,9,16,12,21,17,5,14,10,4],[17,13,1,21,5,9,12,16,14,10,4],[1,21,9,17,13,16,12,5,10,4,14],[17,13,1,9,12,16,5,21,14,10,4],[5,13,21,17,1,9,12,16,10,4,14],[1,17,9,5,13,16,12,21,14,10,4],[9,5,13,12,16,17,21,1,14,10,4],[17,1,13,9,16,12,21,5,10,4,14],[17,21,13,5,1,9,12,16,14,10,4],[1,21,13,9,12,16,5,17,14,10,4],[1,5,9,21,13,16,12,17,14,10,4],[1,5,9,13,12,16,21,17,14,10,2],[9,17,1,13,16,12,21,5,10,4,14],[13,21,17,5,9,16,12,1,10,4,20,14],[5,1,21,13,17,9,12,16,14,10,4],[5,13,9,12,16,1,17,21,10,4,15,14,11,22,24,23,18],[9,5,13,12,16,21,17,1,10,4,14],[21,1,9,13,12,16,17,5,14,10,4],[9,5,21,13,12,16,1,17,10,3,4,24,14,22,23],[21,5,13,17,1,9,16,12,14,10,4],[17,21,13,1,5,9,12,16,14,10,4],[21,9,5,17,1,13,16,12,14,10,4],[1,5,9,13,16,12,21,17,10,4,14],[21,9,17,13,16,12,5,1,10,4,24,22,14,23],[13,17,1,21,9,16,12,5,14,10,4],[21,1,13,5,9,16,12,17,14,10,4],[9,5,13,16,12,1,21,17,14,10,4],[5,1,9,21,17,13,12,16,10,4,6,14],[13,17,1,21,5,9,12,16,10,4,14],[17,1,13,5,9,16,12,21,14,10,4],[1,9,21,13,12,16,5,17,14,10,23,4],[17,5,9,1,13,16,12,21,10,4,22,14],[21,9,17,1,5,13,12,16,14,10,4],[1,17,21,13,5,9,12,16,10,4,14],[5,9,1,13,12,16,21,17,10,4,14],[17,21,9,13,12,16,1,5,10,4,24,22,14,23],[1,21,5,13,17,9,12,16,10,4,14],[1,17,5,21,9,13,12,16,14,10,4],[21,1,13,17,9,16,12,5,14,10,2],[21,9,17,13,16,12,1,5,10,4,24,14,22,15,23,11,3],[9,17,5,21,1,13,16,12,14,10,4],[5,17,9,21,1,13,12,16,10,4,8,14],[13,17,21,5,1,9,12,16,14,10,4],[1,13,17,5,9,16,12,21,14,10,20,4],[9,21,13,16,12,5,17,1,14,10,4],[5,1,13,17,9,16,12,21,10,4,14],[21,9,1,13,12,16,17,5,14,10,4],[5,17,13,1,9,12,16,21,14,10,3,2],[9,21,1,13,16,12,5,17,10,4,24,14,22,23],[1,13,9,16,12,21,17,5,14,10,4],[5,1,13,9,16,12,17,21,10,14,4],[5,1,17,21,13,9,16,12,14,10,20,4],[13,5,1,21,9,12,16,17,10,4,14],[17,5,1,9,13,12,16,21,10,4,14],[9,13,12,16,5,21,17,1,10,4,24,22,14,23],[17,9,21,13,12,16,5,1,10,4,24,22,14,15,23,11,18],[21,17,5,1,13,9,12,16,10,4,15,14,11,24,22,23,20],[1,9,17,5,13,16,12,21,14,10,4],[5,17,21,1,9,13,12,16,14,10,4],[1,13,5,9,16,12,17,21,10,4,14],[21,9,5,1,13,12,16,17,14,10,4],[1,13,5,17,9,16,12,21,10,4,14],[13,17,9,16,12,21,1,5,14,10,4],[1,21,13,5,9,16,12,17,10,4,14],[17,9,1,13,16,12,21,5,10,14,3],[13,5,1,21,9,12,16,17,10,4,14],[5,17,1,21,13,9,12,16,10,4,14],[17,21,9,1,13,16,12,5,14,10,4],[9,21,1,13,16,12,5,17,10,4,15,14,24,22,23,11,20],[1,13,21,9,16,12,5,17,14,10,4],[9,13,12,16,17,5,1,21,10,4,24,22,14,23],[1,9,5,21,13,12,16,17,14,10,4],[13,21,9,12,16,17,5,1,10,24,14,22,23,2],[9,21,17,5,13,16,12,1,10,4,2,14],[9,21,17,13,16,12,1,5,14,10,4],[17,9,13,16,12,1,5,21,14,10,4],[17,1,5,9,13,12,16,21,14,10,4],[1,5,17,9,13,16,12,21,10,4,23,19,15,14,20],[13,5,21,17,1,9,16,12,10,4,14],[17,21,5,13,9,16,12,1,14,10,4],[9,17,5,21,13,16,12,1,14,10,24,22,15,23,4,11,20],[13,9,16,12,17,21,1,5,10,4,14],[5,21,13,17,1,9,16,12,10,4,6,14],[1,13,5,17,21,9,16,12,14,10,2],[1,13,21,17,5,9,16,12,10,4,15,14,11,24,22,23,19,20],[9,17,5,13,12,16,21,1,14,10,3,18],[21,9,13,16,12,5,17,1,10,4,23,20,19,24,22,14],[13,21,5,9,16,12,17,1,14,10,23,4],[13,17,1,21,9,16,12,5,10,4,8,18,14],[5,17,13,9,16,12,21,1,10,14,18,4],[21,9,1,17,5,13,12,16,10,24,22,14,15,23,4,11,20],[9,5,17,21,1,13,12,16,14,10,4],[17,13,1,5,21,9,12,16,14,10,4],[21,1,13,9,16,12,17,8,5,10,4,20,15,14,24,22,23,6,7],[9,17,21,13,12,16,1,5,14,10,4],[17,13,9,16,12,1,21,5,14,10,4],[13,9,16,12,21,5,1,17,10,4,15,14,24,22,23,11,20],[9,17,1,13,16,12,5,21,10,4,15,14,20,24,22,23],[9,17,5,21,1,13,12,16,10,4,15,14,11,24,22,23],[13,21,17,9,12,16,5,1,14,10,4],[21,1,13,5,9,12,16,17,10,4,14],[17,13,21,5,1,9,16,12,10,4,14],[9,5,1,13,12,16,17,21,14,10,3],[13,9,16,12,21,17,5,1,10,4,19,8,15,14,20,6,7,11,24,22,23],[5,9,17,13,12,16,21,1,10,4,14],[5,17,9,13,16,12,21,1,14,10,3],[17,1,13,21,9,16,12,5,14,10,4],[13,1,21,9,12,16,17,5,14,10,4],[13,9,16,12,21,17,1,5,10,4,14],[21,9,17,13,16,12,1,5,14,10,20,3],[1,17,5,13,9,16,12,21,14,10,4],[21,13,5,17,9,12,16,1,10,4,14],[5,9,17,13,16,12,1,21,14,10,4],[17,1,13,21,5,9,12,16,10,4,14],[9,17,5,21,1,13,12,16,14,10,4],[13,1,21,9,16,12,5,17,10,4,19,22,20,14],[5,21,9,17,13,16,12,1,10,4,14],[13,21,17,5,9,12,16,1,14,10,4],[9,1,17,21,5,13,12,16,14,10,4],[5,17,13,1,9,16,12,21,10,4,23,14],[17,5,1,21,9,13,12,16,14,10,4],[17,1,21,13,9,12,16,5,14,10,4],[21,13,17,5,1,9,16,12,14,10,4],[21,5,9,17,1,13,12,16,14,10,4],[21,5,13,1,17,9,12,16,10,4,14],[9,21,13,16,12,1,5,17,14,10,4],[13,1,9,12,16,21,5,17,10,4,19,22,15,14,24,23,11,20],[17,1,5,21,9,13,16,12,10,4,14],[17,21,5,1,13,9,16,12,10,4,14],[1,17,21,13,9,16,12,5,10,4,19,14],[1,9,17,13,12,16,21,5,14,10,4],[9,21,17,5,1,13,16,12,10,4,14],[5,1,21,13,17,9,16,12,14,10,2],[5,1,17,9,21,13,16,12,10,4,15,14,24,22,23,11,2],[9,21,1,17,5,13,12,16,14,10,4],[9,13,16,12,21,5,1,17,14,10,4],[17,13,5,1,9,16,12,21,10,4,20,14],[5,17,21,13,1,9,12,16,14,10,4],[1,13,21,9,16,12,17,5,14,10,4],[13,5,1,9,12,16,21,17,14,10,4],[1,9,21,13,12,16,5,17,10,4,18,23,14],[21,9,17,5,1,13,12,16,10,14,4],[9,21,1,17,13,12,16,5,14,10,4],[13,21,1,9,12,16,17,5,10,4,7,14],[21,1,13,17,9,12,16,5,14,10,24,22,15,23,4,11,18],[9,5,13,16,12,1,21,17,10,4,24,22,14,15,23,20],[17,5,13,1,21,9,16,12,14,10,4],[21,9,1,5,13,12,16,17,14,10,4],[5,21,17,13,9,16,12,1,10,4,18,15,14,11,24,22,23],[9,17,21,5,1,13,12,16,14,10,4],[13,17,1,5,21,9,16,12,10,4,14],[5,13,21,17,1,9,12,16,14,10,4],[21,17,13,9,16,12,1,5,14,10,3,2],[1,13,17,9,16,12,5,21,14,10,4],[5,1,21,13,17,9,12,16,10,4,6,14],[21,1,9,17,13,16,12,5,10,4,14],[9,13,16,12,17,1,21,5,10,4,24,22,14,23],[1,17,13,21,5,9,12,16,14,10,4],[1,5,9,13,16,12,21,17,14,10,4],[5,17,1,13,9,16,12,21,10,4,22,15,14,24,23,11,20],[21,13,17,5,9,12,16,1,14,10,22,24,15,23,4,11,8,6,7],[1,17,13,21,5,9,16,12,14,10,4],[5,1,17,9,13,12,16,21,10,4,6,20,14],[21,1,17,5,13,9,16,12,10,4,14],[21,1,17,5,9,13,16,12,14,10,4],[17,21,5,13,9,16,12,1,10,4,14],[5,13,1,17,21,9,12,16,14,10,4],[1,13,21,9,12,16,17,5,10,19,4,11,7,20,14],[17,9,21,5,13,12,16,1,14,10,4],[5,21,1,17,9,13,16,12,14,10,4],[21,17,13,1,9,16,12,5,10,4,19,23,14],[1,17,21,13,5,9,16,12,10,4,14],[9,21,5,17,13,16,12,1,10,4,14],[5,21,13,9,12,16,17,1,10,24,14,22,23,3],[1,21,13,17,9,16,12,5,14,10,4],[1,13,21,9,12,16,5,17,10,4,2,19,14],[17,21,13,9,12,16,1,5,14,10,4],[17,21,5,1,13,9,16,12,10,14,4],[5,1,9,21,13,16,12,17,10,4,24,14,22,15,23,11],[9,13,12,16,5,17,1,21,10,4,15,14,11,24,22,23,20],[9,13,16,12,5,1,17,21,10,4,23,15,14,11,20],[9,5,21,17,1,13,16,12,10,4,14],[21,5,9,1,13,12,16,17,10,4,14],[9,13,16,12,17,1,5,21,10,4,22,18,6,15,14,24,23,8,7],[13,5,17,9,16,12,21,1,10,4,24,22,14,23],[5,17,1,21,13,9,16,12,14,10,4],[9,5,13,16,12,17,1,21,14,10,4],[13,17,5,1,9,12,16,21,14,10,3,11],[13,1,9,16,12,17,21,5,14,10,19,4],[9,17,5,21,13,12,16,1,14,10,4],[21,9,17,5,1,13,12,16,10,4,14],[5,17,9,13,12,16,21,1,14,10,4],[5,1,21,17,13,9,12,16,14,10,2],[5,1,9,17,13,12,16,21,10,4,22,15,14,24,23,11,20],[17,13,9,16,12,1,5,21,14,10,4],[5,9,1,13,16,12,21,17,10,4,14],[5,9,13,16,12,21,1,17,10,4,14],[13,17,21,9,16,12,1,5,10,4,7,14],[21,1,5,17,13,9,12,16,14,10,4],[1,13,5,17,21,9,12,16,10,3,14,6,4],[21,17,9,1,5,13,16,12,10,4,24,22,14,15,23,20],[13,9,12,16,1,17,5,21,10,4,14],[21,13,17,1,5,9,16,12,10,4,14],[17,9,21,5,13,16,12,1,14,10,4],[17,9,5,1,21,13,12,16,10,4,22,19,7,14],[21,13,17,5,9,16,12,1,10,4,24,14,22,23],[21,9,17,5,1,13,12,16,14,10,4],[9,13,16,12,1,17,21,5,14,10,4],[13,9,12,16,17,1,5,21,14,10,4],[17,1,5,13,21,9,12,16,10,4,24,22,14,23],[13,1,17,5,21,9,12,16,10,4,14],[17,1,9,21,5,13,16,12,14,10,24,22,23,4],[13,1,9,16,12,5,21,17,10,4,22,14],[17,13,5,1,21,9,12,16,14,10,4],[21,1,9,5,17,13,16,12,10,4,22,3,14],[9,5,13,12,16,21,1,17,10,20,4,14],[21,5,13,9,16,12,1,17,14,10,4],[9,13,16,12,17,5,1,21,10,4,8,14],[13,9,16,12,21,1,5,17,14,10,4],[21,5,1,9,17,13,16,12,14,10,4],[21,17,5,9,1,13,12,16,14,10,4],[9,17,21,5,1,13,12,16,10,4,19,14],[9,13,16,12,17,5,21,1,10,4,14],[9,13,16,12,21,5,17,1,10,4,8,24,14,22,15,23,11,6,7],[17,1,21,13,5,9,16,12,14,10,4],[13,1,9,12,16,5,20,21,10,17,4,22,7,14],[9,17,1,13,12,16,5,21,10,4,14],[21,5,17,1,13,9,12,16,10,4,14],[21,17,5,13,9,16,12,1,14,10,4],[21,9,13,16,12,5,17,1,10,14,4],[21,9,17,13,12,16,5,1,14,10,4],[9,13,16,12,21,1,5,17,10,4,3,24,22,14,2,15,23,18],[17,21,9,1,13,12,16,5,14,10,4],[5,13,1,9,16,12,21,17,14,10,24,22,15,23,4,11,20],[17,1,5,21,9,13,16,12,14,10,2],[1,13,21,17,9,16,12,5,10,4,14],[9,13,16,12,1,17,5,21,10,24,22,14,23,4],[5,17,13,21,1,9,12,16,14,10,4],[17,5,21,1,13,9,16,12,10,4,14],[5,1,13,9,12,16,21,17,10,4,14],[1,17,21,5,9,13,12,16,14,10,4],[9,5,1,13,12,16,17,21,10,4,6,23,15,14,8,7,11],[17,1,13,9,16,12,21,5,10,4,11,20,23],[21,9,13,12,16,5,1,17,14,10,8,4],[17,9,21,5,1,13,12,16,10,14,4],[1,17,13,21,5,9,12,16,14,10,4],[13,17,21,9,16,12,1,5,10,14,4],[1,17,5,13,21,9,12,16,10,4,24,22,14,23],[21,9,1,13,16,12,17,5,14,10,4],[21,1,5,13,9,16,12,17,10,4,14],[13,9,16,12,17,1,21,5,10,4,20,14],[13,5,21,9,16,12,1,17,14,10,2],[1,5,17,13,21,9,12,16,10,6,3,14,4],[13,9,12,16,17,5,1,21,14,10,4],[17,5,21,13,1,9,12,16,10,4,14],[9,1,21,5,17,13,16,12,14,10,4],[9,13,12,16,5,21,17,1,14,10,4],[5,9,13,16,12,21,17,1,14,10,4],[21,1,9,17,13,12,16,5,14,10,22,4],[5,13,21,9,12,16,1,17,10,4,3,23,14],[17,9,21,5,13,16,12,1,10,4,14],[21,5,13,9,16,12,1,17,14,10,3,23],[9,21,1,17,13,16,12,5,14,10,4],[9,21,1,17,5,13,16,12,14,11,10,3],[13,21,5,17,9,16,12,1,14,10,4],[13,1,5,21,17,9,16,12,10,4,14],[1,5,9,17,13,12,16,21,14,10,4],[21,17,1,9,13,16,12,5,14,10,4],[9,5,1,21,13,16,12,17,10,4,14],[5,13,9,12,16,21,17,1,10,4,14],[9,17,1,13,16,12,5,21,10,4,14],[9,5,1,17,21,13,12,16,14,10,4],[13,5,9,16,12,17,21,1,14,10,4],[13,9,16,12,17,21,5,1,10,2,11,20,15,14,24,22,23],[1,17,13,5,21,9,12,16,10,4,14],[13,21,1,17,5,9,12,16,10,4,14],[21,1,5,17,13,9,12,16,10,4,23,3,18,14],[13,1,21,5,9,16,12,17,14,10,4],[1,21,17,5,13,9,12,16,10,4,14],[17,1,5,13,9,12,16,21,14,10,4],[21,17,5,1,9,13,12,16,14,10,4],[1,9,13,12,16,21,17,5,14,10,4],[9,5,21,1,13,16,12,17,14,10,4],[5,21,13,1,17,9,16,12,14,10,4],[9,13,16,12,17,21,5,1,10,3,4,22,14],[21,5,13,1,17,9,16,12,14,10,4],[21,5,17,1,9,13,16,12,10,4,18,14],[21,9,1,5,17,13,16,12,14,10,4],[5,21,9,13,12,16,17,1,10,4,14],[17,13,1,9,16,12,5,21,10,20,4,14],[5,21,13,1,9,16,12,17,14,10,4],[5,17,9,21,13,16,12,1,10,4,14],[1,21,13,9,12,16,17,5,10,4,20,14],[9,1,13,16,12,5,17,21,10,4,14],[9,1,17,21,13,16,12,5,14,10,3,8,19,4],[21,9,13,16,12,5,17,1,10,4,18,14],[5,1,17,13,9,16,12,21,10,4,14],[17,21,1,9,13,12,16,5,14,10,3,4],[17,1,9,13,12,16,21,5,14,10,4],[5,21,1,13,17,9,12,16,10,4,14],[17,13,5,21,1,9,16,12,14,10,4],[21,17,13,9,12,16,5,1,14,10,6,4],[1,21,13,5,9,12,16,17,10,4,14],[9,21,17,5,1,13,12,16,10,23,4,14],[21,5,17,1,9,13,12,16,14,10,4],[5,21,17,9,13,12,16,1,14,10,4],[17,1,13,21,5,9,12,16,14,10,4],[5,21,9,1,17,13,12,16,10,4,20,14],[13,9,12,16,1,21,5,17,10,4,24,22,14,15,23,11],[5,1,13,21,17,9,12,16,14,10,2],[5,17,9,21,1,13,16,12,14,10,3,22],[1,13,9,16,12,21,17,5,10,4,14],[17,9,1,21,13,12,16,5,14,10,4],[5,17,9,13,12,16,1,21,14,10,4],[17,21,1,13,5,9,12,16,14,10,4],[5,21,9,1,13,16,12,17,14,10,4],[13,21,1,5,9,12,16,17,10,4,3,23,14],[21,1,9,13,16,12,17,5,14,10,11,4],[21,13,9,16,12,17,5,1,14,10,4],[1,9,17,13,12,16,21,5,10,4,8,14],[13,5,17,1,21,9,12,16,14,10,11,4],[21,9,1,5,17,13,12,16,10,4,14],[21,5,13,1,9,12,16,17,10,4,14],[21,17,9,1,5,13,16,12,10,4,20,14],[1,5,21,13,9,12,16,17,10,4,22,14],[21,9,13,16,12,17,1,5,14,10,4],[5,1,13,21,17,9,12,16,10,4,14],[1,13,17,5,21,9,12,16,14,10,2],[5,17,1,21,13,9,12,16,10,4,14],[1,17,5,13,21,9,12,16,14,10,4],[9,13,12,16,21,1,17,5,10,4,7,14],[13,1,21,5,17,9,16,12,14,10,4],[5,9,17,13,16,12,1,21,14,10,4],[17,13,1,21,5,9,12,16,10,15,4,14,24,22,23,11,18],[9,5,21,13,12,16,17,1,10,4,14],[5,9,13,16,12,1,21,17,14,10,4],[9,13,12,16,1,21,17,5,10,4,14],[1,13,17,5,9,16,12,21,14,10,4],[21,1,17,5,13,9,12,16,10,4,14],[1,17,9,21,5,13,12,16,10,4,19,15,14,11,24,22,23,20],[17,13,9,12,16,21,5,1,10,20,3,14],[21,1,9,5,17,13,16,12,10,4,14],[5,13,9,12,16,1,21,17,10,4,14],[9,13,16,12,5,1,21,17,14,10,4],[5,9,21,17,1,13,16,12,10,24,14,22,4,23],[13,21,9,16,12,17,1,5,10,14,8,4],[1,5,21,9,13,16,12,17,10,4,14],[13,17,21,9,16,12,1,5,10,4,14],[21,5,9,1,13,16,12,17,10,4,14],[1,17,9,21,13,12,16,5,10,4,14],[21,17,13,5,9,12,16,1,14,10,4],[5,13,21,17,9,12,16,1,14,10,4],[9,17,13,16,12,21,5,1,10,4,22,14],[17,9,21,5,13,16,12,1,14,10,4],[17,9,21,5,13,16,12,1,10,4,24,14,22,15,23,11,20],[9,17,1,13,12,16,21,5,14,10,4],[5,13,9,12,16,17,21,1,10,4,14],[9,17,21,13,16,12,5,1,10,3,14,7],[13,5,21,1,17,9,12,16,14,10,2],[9,17,1,21,13,16,12,5,14,10,4],[9,1,17,13,16,12,21,5,10,4,14],[5,1,21,9,13,12,16,17,14,10,3,11],[1,21,17,5,13,9,12,16,10,4,2,14],[9,21,13,16,12,1,17,5,10,4,2,22,15,14,24,23,11],[1,17,13,9,16,12,21,5,14,10,4],[1,21,17,13,9,12,16,5,14,10,3,2],[9,1,17,5,13,12,16,21,14,10,4],[17,1,21,5,13,9,16,12,14,10,4],[17,5,13,1,21,9,16,12,14,10,4],[13,1,17,21,9,16,12,5,10,4,22,14],[1,21,9,17,5,13,16,12,14,10,4],[21,9,17,5,1,13,12,16,14,10,4],[21,5,9,17,13,16,12,1,14,10,4],[1,5,17,21,9,13,16,12,10,4,11,20,24,14,22,23],[9,21,5,1,13,16,12,17,10,15,4,14,24,22,23,11,20],[17,13,21,9,12,16,1,5,10,4,18,14],[21,9,17,5,13,12,16,1,14,10,4],[5,13,21,17,9,16,12,1,14,10,4],[17,13,1,21,9,12,16,5,10,4,23,18,22,14],[17,13,21,1,5,9,16,12,14,10,4],[13,1,21,17,9,12,16,5,10,4,22,2,14],[21,9,1,5,17,13,16,12,10,4,15,14,24,22,23,11],[5,13,21,9,16,12,17,1,10,4,14],[21,13,1,17,5,9,16,12,10,4,18,20,14],[9,5,21,1,13,12,16,17,14,10,4],[17,5,1,13,9,12,16,21,14,10,4],[1,9,5,21,17,13,12,16,14,10,4],[13,1,5,21,9,12,16,17,10,4,7,24,22,14,15,23,11],[21,1,17,9,5,13,12,16,10,4,14],[9,17,21,1,5,13,12,16,10,4,14],[5,17,21,9,13,12,16,1,14,10,4],[21,13,9,12,16,5,17,1,10,4,24,14,22,23],[9,1,13,16,12,21,5,17,14,10,4],[5,13,9,12,16,21,17,1,14,10,4],[13,9,16,12,17,5,1,21,14,10,4],[5,21,9,17,13,12,16,1,14,10,22,20,3],[17,21,5,1,9,13,16,12,14,10,4],[9,17,5,13,12,16,21,1,14,10,4],[9,13,12,16,17,1,21,5,14,10,4],[9,5,1,13,16,12,21,17,14,10,4],[21,5,13,1,17,9,16,12,10,4,14],[17,13,21,5,9,16,12,1,10,4,7,6,15,14,11,8,24,22,23],[21,1,5,17,9,13,16,12,10,4,15,14,23,11,20],[1,17,5,13,21,9,16,12,14,10,2],[17,1,21,13,5,9,16,12,14,10,4],[1,13,5,9,12,16,21,17,14,10,4],[21,5,9,17,13,16,12,1,10,4,24,22,14,15,23,11,20],[1,17,21,13,5,9,16,12,10,2,15,14,24,22,23,11,20],[21,5,9,17,1,13,12,16,10,24,22,14,23,4],[13,5,21,1,9,16,12,17,10,2,14],[13,21,1,9,12,16,17,5,10,2,14],[13,5,9,12,16,21,1,17,14,10,4],[17,13,9,16,12,5,21,1,10,4,14],[1,9,5,21,13,12,16,17,14,10,4],[9,17,21,13,16,12,1,5,10,4,14],[21,13,9,16,12,1,17,5,10,4,6,14],[9,1,21,13,16,12,17,5,10,4,14],[13,9,16,12,5,17,1,21,10,4,19,8,14],[17,13,5,21,9,16,12,1,10,4,14],[1,5,13,17,9,12,16,21,10,15,4,14,11,24,22,23,18],[5,1,13,17,21,9,16,12,10,4,23,20,14],[9,1,21,5,17,13,12,16,14,10,4],[9,21,5,13,12,16,1,17,14,10,2],[5,1,21,17,13,9,16,12,10,4,2,18,14],[13,21,1,9,12,16,5,17,10,4,23,11,20],[21,17,9,1,13,12,16,5,10,4,14],[1,17,9,21,13,12,16,5,10,4,14],[13,1,17,5,9,12,16,21,14,10,4],[17,13,21,1,5,9,12,16,14,10,2],[9,21,17,5,1,13,12,16,10,4,24,14,22,23],[21,5,9,1,17,13,12,16,10,2,14],[21,1,13,5,9,16,12,17,14,10,4],[21,1,5,13,9,12,16,17,14,10,4],[21,13,17,1,5,9,12,16,10,4,14],[5,13,21,1,9,16,12,17,10,4,14],[17,21,9,5,1,13,12,16,10,14,4],[5,1,13,21,9,16,12,17,14,10,4],[21,5,13,1,9,16,12,17,14,10,2],[5,1,17,13,9,16,12,21,14,10,4],[21,1,13,17,9,12,16,5,10,4,14],[9,17,5,13,12,16,1,21,10,4,14],[9,1,21,13,16,12,17,5,14,10,4],[9,21,13,16,12,17,1,5,14,10,4],[5,9,21,17,1,13,16,12,14,10,2],[13,21,17,1,5,9,16,12,14,10,4],[1,13,5,21,17,9,16,12,14,10,4],[13,21,1,9,12,16,17,5,10,4,20,24,22,14,23],[17,21,5,13,9,12,16,1,14,10,4],[1,17,13,5,9,12,16,21,14,10,4],[1,5,13,17,21,9,12,16,14,10,4],[17,21,1,9,13,12,16,5,10,4,15,14,24,22,23,11,18],[9,5,17,21,13,16,12,1,10,4,14],[13,17,21,9,16,12,5,1,14,10,3,4],[5,9,17,13,12,16,1,21,10,4,15,14,11,24,22,23,18],[13,17,1,21,9,12,16,5,14,10,4],[5,17,9,1,21,13,16,12,14,10,4],[1,21,17,5,13,9,16,12,14,10,3,6,24,22,23],[1,5,13,17,21,9,16,12,14,10,4],[17,9,5,21,1,13,12,16,14,10,4],[5,21,1,9,17,13,12,16,10,4,7,22,18,6,24,14,23],[9,13,12,16,21,5,17,1,14,10,4],[9,17,13,16,12,21,5,1,10,4,14],[1,13,21,9,12,16,5,17,14,10,4],[1,13,21,5,9,16,12,17,10,4,14],[1,5,17,13,21,9,16,12,10,4,15,14,24,22,23,11],[9,5,17,21,1,13,12,16,10,4,6,14],[9,13,12,16,17,5,21,1,10,14,2],[21,17,9,5,1,13,16,12,14,10,23,4],[1,17,21,9,13,16,12,5,10,4,14],[21,13,17,9,16,12,1,5,14,10,4],[21,5,13,1,17,9,16,12,14,10,4],[13,9,12,16,21,5,1,17,14,10,4],[5,1,17,9,21,13,16,12,14,10,4],[21,5,9,17,13,16,12,1,10,2,3,8,15,14,24,22,23,6,7],[21,9,13,16,12,5,17,1,14,10,4],[17,13,9,16,12,5,1,21,14,10,4],[13,21,9,12,16,1,17,5,14,10,4],[13,9,16,12,21,17,5,1,10,4,14],[9,21,13,16,12,1,17,5,10,4,14],[5,17,21,9,1,13,16,12,10,4,14],[1,17,21,13,9,16,12,5,10,4,18,11,7,23],[1,21,17,9,5,13,16,12,14,10,4],[17,21,9,5,13,16,12,1,10,4,8,14],[13,21,5,9,16,12,1,17,14,10,4],[21,1,13,9,12,16,17,5,14,10,4],[5,13,21,1,17,9,12,16,10,4,18,14],[9,13,16,12,5,17,21,1,10,4,14],[5,13,21,1,17,9,12,16,10,4,14],[13,9,16,12,1,17,5,21,10,4,14],[5,17,13,21,9,12,16,1,14,10,4],[17,21,5,9,1,13,16,12,10,4,19,14],[17,21,13,9,12,16,5,1,10,14,4],[13,9,16,12,5,17,1,21,14,10,4],[9,1,17,21,5,13,16,12,14,10,4],[17,5,9,1,13,16,12,21,10,4,14],[17,1,5,9,13,16,12,21,10,2,14],[9,5,13,16,12,1,21,17,10,4,14],[13,5,21,1,17,9,16,12,10,4,22,14],[21,9,1,13,16,12,17,5,14,10,4],[9,13,12,16,21,5,17,1,14,10,4],[21,5,1,9,17,13,12,16,10,4,14],[21,1,9,17,5,13,12,16,14,10,4],[13,9,12,16,21,5,1,17,10,4,7,14],[5,9,17,21,13,12,16,1,14,10,4],[13,1,9,12,16,17,5,21,14,10,4],[17,5,9,21,13,16,12,1,10,4,22,8,2,14],[13,9,12,16,21,1,17,5,14,10,4],[13,1,9,12,16,21,5,17,10,4,18,24,14,22,23],[13,21,9,16,12,1,17,5,10,4,14],[17,21,9,13,16,12,5,1,14,10,4],[17,9,21,1,5,13,16,12,10,2,19,4,24,14,22,8,15,23,20],[17,9,5,1,13,12,16,21,14,10,4],[17,21,5,9,1,13,16,12,14,10,2],[21,9,1,17,13,16,12,5,10,4,8,14],[13,21,17,5,9,12,16,1,14,10,4],[13,17,5,1,9,12,16,21,10,15,4,14,19,11,20,24,22,23],[9,21,1,17,13,16,12,5,10,4,18,14],[21,13,1,5,17,9,12,16,14,10,4],[1,21,9,5,13,12,16,17,14,10,18,3],[9,13,12,16,1,21,5,17,10,14,4],[9,5,1,21,13,12,16,17,10,14,4],[9,21,13,16,12,5,17,1,14,10,4],[17,9,21,5,1,13,16,12,10,15,4,14,24,22,23,11,20],[13,5,21,17,1,9,12,16,14,10,4],[5,1,13,9,16,12,17,21,10,4,23,14],[9,21,5,17,13,12,16,1,10,4,14],[17,13,9,12,16,5,1,21,14,10,4],[17,13,21,5,1,9,16,12,14,10,4],[17,5,1,13,9,16,12,21,14,10,15,4,24,22,23,8,6,7],[21,17,5,9,13,16,12,1,14,10,4],[9,5,21,17,13,16,12,1,10,4,7,14],[9,13,12,16,17,21,1,5,14,10,4],[13,5,1,9,16,12,21,17,10,4,14],[9,17,5,21,13,12,16,1,14,10,4],[17,9,21,5,13,12,16,1,10,4,24,22,14,23],[1,5,21,17,9,13,16,12,10,4,15,14,22,24,23,11,20],[17,5,1,13,9,16,12,21,14,10,3,4],[21,17,5,9,13,16,12,1,14,10,4],[13,17,21,5,9,12,16,1,10,14,8,4],[1,9,17,5,21,13,12,16,10,4,7,6,14],[21,13,1,5,9,16,12,17,10,4,23,18,15,14,11],[9,1,13,12,16,5,21,17,14,10,4],[13,9,16,12,5,17,1,21,10,3,14,7],[9,1,21,17,13,12,16,5,14,10,4],[13,5,1,17,9,16,12,21,10,4,20,14],[1,9,13,12,16,17,21,5,10,20,4,24,22,14,15,23],[5,13,9,12,16,21,17,1,14,10,24,22,15,23,4,18],[1,13,21,17,5,9,12,16,10,4,20,14],[9,1,5,13,12,16,17,21,14,10,4],[1,21,13,5,17,9,16,12,10,4,14],[21,9,13,12,16,17,1,5,10,4,14],[13,21,17,1,5,9,12,16,14,10,4],[1,13,5,21,9,16,12,17,10,4,14],[9,17,1,21,5,13,16,12,14,10,4],[13,17,5,9,16,12,1,21,10,4,14],[9,13,12,16,17,21,5,1,10,4,14],[13,21,5,1,17,9,16,12,10,4,14],[1,5,21,9,17,13,12,16,14,10,4],[5,13,17,21,1,9,12,16,10,4,14],[21,9,5,13,12,16,17,1,14,10,4],[13,21,1,9,12,16,17,5,10,4,7,20,14],[21,9,17,5,1,13,12,16,10,4,14],[9,5,13,12,16,17,1,21,10,4,14],[5,21,17,13,1,9,12,16,14,10,4],[1,17,9,5,21,13,12,16,14,10,2],[1,17,21,5,9,13,16,12,10,4,14],[5,1,9,13,16,12,17,21,14,10,4],[17,21,1,13,5,9,16,12,10,4,24,22,14,15,23,20],[5,17,21,13,1,9,12,16,10,4,15,14,24,22,23,11,20],[1,5,13,21,9,16,12,17,10,4,14],[5,13,9,16,12,1,21,17,10,4,14],[9,17,13,16,12,21,1,5,10,14,4],[9,13,12,16,1,17,5,21,14,10,4],[17,1,21,5,13,9,16,12,10,14,4],[1,13,21,5,17,9,16,12,14,10,4],[9,17,21,5,1,13,12,16,14,10,4],[17,5,9,1,21,13,12,16,10,4,14],[9,17,21,5,13,16,12,1,14,10,4],[21,9,17,13,12,16,5,1,10,4,19,20,14],[13,9,12,16,17,21,1,5,10,14,4],[1,13,17,21,9,16,12,5,10,4,15,14,24,22,23,11,20],[1,21,5,17,13,9,16,12,14,10,4],[21,13,1,9,12,16,5,17,10,4,14],[21,9,1,17,5,13,16,12,14,10,4],[1,21,5,9,17,13,16,12,10,4,22,6,15,14,24,23,11,8,7],[9,21,13,12,16,5,17,1,10,4,15,14,11,24,22,23,20],[5,17,13,9,12,16,1,21,10,4,14],[5,17,13,21,1,9,12,16,10,4,23,14],[21,1,17,9,13,16,12,5,14,10,4],[5,1,17,9,21,13,16,12,14,10,4],[1,13,5,9,16,12,21,17,10,4,14],[9,13,12,16,5,17,1,21,10,4,15,14,24,22,23,11],[21,5,1,17,9,13,16,12,14,10,24,22,23,20,4],[17,9,1,21,5,13,12,16,10,4,14],[1,5,17,9,13,12,16,21,14,10,4],[13,9,12,16,5,1,17,21,10,4,14],[17,13,9,12,16,1,21,5,14,10,4],[13,9,12,16,1,17,5,21,14,10,4],[13,21,5,9,16,12,1,17,14,10,4],[13,5,17,1,9,16,12,21,14,10,4],[9,21,1,13,16,12,17,5,14,10,6,4],[13,17,9,12,16,5,1,21,14,10,8,4],[21,17,5,13,9,16,12,1,14,10,4],[5,21,13,9,16,12,17,1,14,10,8,4],[5,1,21,13,17,9,16,12,10,4,7,14],[1,9,17,13,16,12,5,21,10,4,22,6,14],[13,1,9,16,12,5,17,21,14,10,4],[9,21,1,13,16,12,5,17,14,10,4],[5,13,9,16,12,21,17,1,14,10,4],[5,1,21,9,13,16,12,17,10,4,14],[1,5,13,9,16,12,17,21,10,4,14],[21,13,1,5,9,12,16,17,14,10,4],[13,17,9,12,16,21,5,1,10,4,22,14],[17,13,5,1,21,9,12,16,10,4,14],[9,1,21,17,5,13,12,16,14,10,4],[17,9,13,12,16,21,1,5,14,10,4],[9,17,13,16,12,21,1,5,10,4,14],[5,9,21,13,16,12,17,1,10,4,23,20,18,14],[1,13,5,17,21,9,12,16,14,10,4],[9,17,1,21,5,13,16,12,10,4,14],[1,21,13,17,9,16,12,5,10,4,6,24,14,22,23],[13,9,16,12,5,17,21,1,14,10,4],[9,17,21,13,16,12,5,1,14,10,2],[1,17,13,5,9,12,16,21,10,4,15,14,11,24,22,23,2],[5,21,17,13,9,12,16,1,10,4,14],[9,1,21,5,17,13,12,16,14,10,20,3],[17,13,9,12,16,5,1,21,14,10,4],[13,9,16,12,21,1,17,5,10,4,14],[9,5,13,16,12,1,21,17,10,4,11,24,14,22,2,23],[13,21,17,5,9,12,16,1,14,10,4],[13,21,9,16,12,1,5,17,14,10,4],[21,5,17,13,1,9,12,16,10,4,24,14,22,15,23,11],[9,21,13,12,16,5,1,17,10,3,4,6,8,14],[17,1,5,9,13,16,12,21,14,10,4],[9,13,12,16,5,21,17,1,14,10,4],[1,13,17,5,9,16,12,21,14,10,4],[21,5,13,17,9,12,16,1,14,10,4],[1,13,9,16,12,17,5,21,14,10,4],[17,9,21,13,16,12,1,5,10,4,23,20,14],[1,5,21,13,17,9,12,16,10,4,8,14],[17,5,21,9,1,13,16,12,14,10,4],[17,9,13,12,16,1,21,5,10,4,22,24,14,15,23,11,20],[13,21,17,1,5,9,16,12,10,14,2],[9,1,13,12,16,17,21,5,10,4,19,14],[17,13,1,21,5,9,12,16,14,10,18,4],[13,9,12,16,1,5,21,17,10,4,8,14],[21,1,9,13,16,12,5,17,14,10,4],[17,5,13,21,1,9,16,12,14,10,4],[9,17,13,16,12,21,1,5,14,10,4]],"n_human":7}