{"problem_id":"hU4RqRa2THhvilu","sigma":75,"alpha":3.162,"cost":0,"probabilities":"[0.13, 0.45, 0.19, 0.23]","payoff_matrix":"[[-72, 1, 15, -20, -10, 85], [-123, -76, 76, -50, 27, 52], [11, 102, 73, 16, -30, 47], [5, -81, -72, -54, 49, -70]]","uncovered":[[22,14,2,6,18,10,12,24,20,11,19,23,9],[18,2,14,22,10,12,6,24,20,11,19,23,17,9],[2,22,18,14,6,10,12,24,20,19,11,23,9],[18,2,14,22,6,10,24,20,12,19,11,23,17,21,9],[18,10,6,14,22,12,2,24,20,11,19,23,9],[14,2,6,10,22,24,18,12,20,11,19,23,17,21,9],[18,22,6,2,14,10,12,24,20,19,11,23,17,9],[6,18,10,22,24,14,2,12,20,19,11,23,9],[14,18,10,2,6,22,24,20,12,11,19,23,9],[22,10,12,6,18,14,2,24,20,11,19,23,9],[18,2,22,14,10,12,6,24,20,11,19,23,9],[10,18,14,22,12,6,2,24,20,19,11,23,9],[6,14,10,22,12,18,2,24,20,11,19,23,17,9],[18,6,14,10,2,22,12,24,20,11,19,23,9],[14,2,6,10,22,24,18,20,12,11,19,23,17,21,9],[6,18,14,2,10,22,12,24,20,11,19,23,9],[10,14,22,24,2,6,18,20,12,11,19,23,17,21,9],[14,10,18,6,2,22,24,20,12,19,11,23,17,9],[22,18,2,14,6,10,24,12,20,19,11,23,9],[10,6,18,22,24,14,2,12,20,11,19,23,9],[22,2,10,24,18,6,14,12,20,11,19,23,17,9],[14,22,6,10,12,2,18,24,20,19,11,23,9],[2,10,18,14,22,12,6,24,20,11,19,23,9],[10,2,22,24,18,14,6,12,20,19,11,23,17,15,9],[14,22,10,24,6,2,18,12,20,19,11,23,9],[2,14,22,18,10,24,6,12,20,19,11,23,17,9],[22,18,6,14,10,12,2,24,20,11,19,23,17,9],[6,10,14,22,12,2,18,24,20,11,19,23,9],[18,22,2,6,14,10,24,20,12,11,19,23,17,9],[18,6,2,14,22,10,12,24,20,19,11,23,9],[22,10,24,14,2,18,6,12,20,19,11,23,9],[2,14,22,18,6,10,12,24,20,19,11,23,9],[10,18,2,22,24,6,14,12,20,11,19,23,21,9],[14,6,18,2,22,10,24,20,12,11,19,23,9],[2,6,18,14,22,10,12,24,20,11,19,21,23,9],[18,14,2,22,6,10,24,12,20,19,11,23,9],[2,10,14,22,24,18,6,12,20,19,11,23,9],[18,10,6,14,22,24,2,20,12,19,11,23,9],[6,2,14,22,18,10,24,12,20,19,11,23,9],[22,2,6,14,10,24,18,12,20,19,11,23,17,9],[10,6,22,24,14,18,2,20,12,11,19,23,9],[6,10,22,24,14,18,2,20,12,11,19,23,17,9],[18,6,14,2,10,22,12,24,20,11,19,23,17,9],[2,22,6,10,24,18,14,20,12,19,11,23,9],[6,18,14,10,22,24,2,20,12,11,19,23,17,21,9],[6,18,14,22,10,24,2,12,20,19,11,23,17,21,9],[10,14,6,2,18,22,24,12,20,11,19,23,17,21,9],[2,14,18,6,22,10,24,12,20,19,11,23,17,9],[2,6,22,18,10,12,14,24,20,19,11,23,17,9],[10,18,22,12,2,14,6,24,20,19,11,23,17,9],[2,6,18,22,14,10,24,12,20,11,19,21,23,9],[6,18,22,10,24,14,2,12,20,19,11,23,17,9],[22,2,18,10,12,6,14,24,20,11,19,23,9],[2,22,18,14,6,10,24,20,12,11,19,23,9],[18,6,10,22,12,14,2,24,20,19,11,23,17,21,9],[2,18,10,22,24,6,14,20,12,11,19,23,9],[10,18,14,6,22,24,2,20,12,19,11,23,17,21,9],[18,10,22,12,2,14,6,24,20,19,11,23,9],[10,14,22,24,6,18,2,20,12,19,11,23,17,9],[10,22,12,6,2,14,18,24,20,11,19,23,9],[10,22,12,2,18,6,14,24,20,19,11,23,9],[2,18,14,22,6,10,24,12,20,19,11,23,9],[6,18,14,2,10,22,24,12,20,19,11,23,17,21,9],[22,10,24,18,6,2,14,20,12,11,19,21,23,9],[14,6,2,10,18,22,24,12,20,19,11,23,17,9],[14,2,6,10,22,12,18,24,20,11,19,23,9],[2,14,18,10,22,12,6,24,20,19,11,23,17,21,9],[6,18,2,22,14,10,12,24,20,11,19,23,17,9],[10,18,14,2,22,12,6,24,20,19,11,23,17,21,9],[2,14,10,18,22,24,6,12,20,19,11,23,17,9],[14,10,6,22,12,2,18,24,20,11,19,23,9],[14,18,2,22,10,24,6,12,20,11,19,23,9],[10,6,14,22,24,18,2,12,20,11,19,23,17,21,9],[22,10,12,14,18,2,6,24,20,19,11,23,17,21,9],[2,14,22,18,10,12,6,24,20,11,19,23,9],[18,6,22,14,2,10,12,24,20,11,19,23,17,9],[10,6,18,2,22,12,14,24,20,11,19,23,17,9],[2,14,10,18,22,12,6,24,20,11,19,23,17,21,9],[2,22,6,14,10,24,18,20,12,11,19,9],[18,14,6,22,2,10,12,24,20,19,11,23,21,9],[22,14,2,6,10,24,18,20,12,11,19,23,9],[22,14,2,10,24,6,18,20,12,11,19,23,9],[14,6,2,18,10,22,24,12,20,19,11,23,9],[10,14,2,18,22,12,6,24,20,11,19,23,17,9],[6,14,10,18,2,22,12,24,20,11,19,23,17,9],[10,2,6,18,14,22,12,24,20,19,11,23,9],[22,10,24,2,18,6,14,12,20,19,11,23,17,9],[2,10,18,14,22,12,6,24,20,11,19,23,21,9],[14,22,6,18,10,12,2,24,20,19,11,23,9],[2,22,14,6,18,10,12,24,20,11,19,23,9],[22,14,2,6,10,12,18,24,20,19,11,23,17,9],[6,10,14,22,12,2,18,24,20,11,19,23,9],[10,18,14,2,6,22,12,24,20,19,11,23,9],[22,2,6,10,12,18,14,24,20,11,19,23,17,9],[10,2,14,18,22,24,6,20,12,11,19,23,17,21,9],[10,6,14,22,24,18,2,20,12,19,11,23,9],[6,14,22,18,10,24,2,20,12,11,19,23,9],[10,18,14,2,6,22,24,12,20,19,11,23,9],[14,22,6,10,24,2,18,20,12,19,11,23,9],[18,22,2,10,24,14,6,12,20,19,11,23,17,9],[2,22,14,6,10,24,18,12,20,19,11,23,17,21,9],[18,2,6,22,14,10,12,24,20,11,19,23,17,21,9],[22,2,18,14,10,24,6,20,12,19,11,23,9],[18,6,14,10,22,12,2,24,20,19,11,23,9],[2,10,18,22,12,6,14,24,20,19,11,23,9],[6,10,2,18,14,22,12,24,20,11,19,23,17,9],[10,2,22,12,6,18,14,24,20,11,19,23,9],[14,18,22,6,2,10,12,24,20,11,19,23,17,13,9],[10,22,12,6,18,2,14,24,20,11,19,23,9],[18,14,10,22,12,6,2,24,20,11,19,23,17,21,9],[6,14,2,10,22,24,18,12,20,11,19,23,17,21,9],[10,18,14,22,24,2,6,20,12,11,19,23,17,9],[6,18,2,14,22,10,12,24,20,11,19,23,9],[18,14,2,10,6,22,12,24,20,11,19,23,17,9],[18,22,10,12,2,14,6,24,20,11,19,23,9],[10,14,6,2,22,24,18,12,20,11,19,23,17,21,9],[10,6,18,2,22,12,14,24,20,19,11,23,17,9],[14,10,22,24,2,18,6,20,12,11,19,23,17,9],[14,22,2,6,10,24,18,12,20,19,11,23,9],[22,10,24,6,2,18,14,20,12,11,19,23,17,9],[10,22,24,14,2,18,6,12,20,19,11,23,9],[22,10,12,6,18,14,2,24,20,11,19,23,17,21,9],[22,14,6,2,10,24,18,20,12,19,11,23,9],[22,10,24,14,18,6,2,20,12,19,11,23,17,9],[22,2,14,18,6,10,24,20,12,19,11,23,17,9],[22,10,12,2,18,14,6,24,20,11,19,23,9],[14,22,10,24,6,2,18,12,20,11,19,23,9],[6,18,14,2,10,22,24,12,20,11,19,23,17,21,9],[18,6,14,22,2,10,12,24,20,19,11,21,23,9],[14,10,2,18,6,22,24,20,12,11,19,23,9],[10,22,12,2,6,18,14,24,20,11,19,23,9],[14,6,2,10,22,12,18,24,20,11,19,23,17,9],[22,6,2,14,10,24,18,12,20,19,11,23,9],[18,22,10,24,6,2,14,20,12,11,19,23,9],[2,6,14,10,18,22,24,20,12,19,11,23,17,21,9],[10,18,6,22,24,14,2,20,12,11,19,23,17,9],[2,18,6,10,14,22,12,24,20,19,11,23,9],[14,18,22,6,10,24,2,12,20,11,19,23,17,9],[18,10,14,2,22,12,6,24,20,19,11,23,9],[6,22,14,10,24,2,18,20,12,19,11,21,23,9],[6,2,14,18,22,10,24,12,20,19,11,23,9],[10,14,22,12,2,6,18,24,20,19,11,23,17,21,9],[14,2,22,18,6,10,12,24,20,11,19,23,9],[6,10,22,12,2,14,18,24,20,19,11,23,9],[10,22,24,2,6,18,14,20,12,11,19,23,9],[22,10,12,6,2,14,18,24,20,11,19,23,9],[6,18,14,22,10,24,2,20,12,19,11,23,17,9],[2,14,22,10,12,6,18,24,20,19,11,23,9],[2,14,6,10,22,24,18,12,20,19,11,23,9],[14,18,6,2,22,10,12,24,20,19,11,23,17,21,9],[6,2,10,14,22,24,18,20,12,19,11,23,9],[22,10,12,14,6,2,18,24,20,11,19,23,17,9],[6,18,22,14,2,10,24,20,12,19,11,23,17,9],[2,6,18,14,22,10,12,24,20,11,19,23,17,21,9],[2,6,14,10,22,12,18,24,20,11,19,23,9],[22,14,18,10,12,2,6,24,20,11,19,23,17,9],[22,14,6,2,18,10,12,24,20,11,19,23,17,9],[10,14,6,18,2,22,24,20,12,19,11,23,17,21,9],[22,6,14,2,10,24,18,20,12,11,19,23,17,9],[10,14,22,24,2,6,18,12,20,19,11,23,9],[18,14,6,22,10,12,2,24,20,19,11,23,9],[14,10,2,18,22,12,6,24,20,19,11,23,17,9],[2,22,6,18,14,10,24,12,20,11,19,23,9],[2,22,10,24,14,18,6,20,12,19,11,23,9],[14,18,6,2,10,22,12,24,20,19,11,23,17,9],[22,6,10,12,2,14,18,24,20,19,11,23,9],[2,6,10,14,18,22,24,12,20,19,11,23,9],[18,14,2,22,10,12,6,24,20,11,19,23,9],[6,14,18,10,22,24,2,20,12,19,11,23,9],[22,18,6,2,14,10,12,24,20,19,11,23,17,9],[18,14,6,2,10,22,12,24,20,11,19,23,9],[2,18,22,14,10,12,6,24,20,19,11,23,17,21,9],[22,18,6,10,24,2,14,12,20,11,19,23,9],[14,10,2,22,12,6,18,24,20,11,19,23,9],[22,14,2,6,10,24,18,12,20,11,19,23,17,9],[2,22,10,12,6,14,18,24,20,19,11,23,9],[6,14,18,2,10,22,12,24,20,19,11,23,9],[14,10,6,2,18,22,24,20,12,19,11,23,9],[22,18,6,14,10,12,2,24,20,11,19,23,9],[18,22,14,10,12,6,2,24,20,19,11,23,17,9],[2,18,22,10,24,14,6,20,12,19,11,23,9],[6,18,14,22,10,12,2,24,20,11,19,21,23,9],[2,6,22,18,10,24,14,20,12,19,11,23,9],[18,22,6,10,24,2,14,12,20,11,19,23,9],[2,10,18,22,12,14,6,24,20,19,11,23,17,9],[14,18,10,6,22,24,2,12,20,11,19,23,17,21,9],[10,2,6,14,18,22,24,12,20,19,11,23,9],[18,2,10,6,14,22,24,12,20,19,11,23,9],[10,22,24,18,2,14,6,12,20,11,19,23,17,21,9],[2,6,18,14,10,22,24,12,20,11,19,23,9],[18,2,14,6,10,22,24,12,20,19,11,23,9],[14,2,22,6,10,12,18,24,20,11,19,23,9],[10,18,14,6,2,22,24,20,12,11,19,17,23,9],[6,18,14,2,22,10,12,24,20,11,19,23,17,21,9],[18,14,22,6,10,24,2,20,12,11,19,23,9],[6,14,18,2,10,22,12,24,20,11,19,23,17,21,9],[14,10,6,2,18,22,12,24,20,11,19,23,9],[14,22,18,2,10,24,6,12,20,19,11,23,17,21,9],[22,14,10,24,6,2,18,20,12,19,11,23,9],[6,10,2,22,24,14,18,12,20,11,19,23,9],[22,18,10,24,14,2,6,20,12,19,11,23,17,21,9],[10,18,6,2,14,22,24,20,12,11,19,23,17,9],[6,10,18,14,22,12,2,24,20,19,11,23,17,21,9],[6,2,18,10,14,22,24,20,12,11,19,23,9],[14,2,18,10,22,24,6,20,12,19,11,23,9],[2,14,18,22,6,10,24,12,20,19,11,23,9],[22,14,6,18,10,12,2,24,20,11,19,23,9],[14,18,6,10,22,24,2,12,20,11,19,23,9],[22,14,2,18,10,24,6,20,12,19,11,23,9],[14,6,2,18,22,10,24,20,12,19,11,23,9],[2,6,18,10,14,22,12,24,20,11,19,23,9],[22,18,10,24,6,14,2,20,12,19,11,23,9],[10,2,18,14,6,22,12,24,20,11,19,23,17,9],[10,6,18,14,22,12,2,24,20,11,19,23,9],[18,6,22,14,2,10,12,24,20,19,11,23,17,9],[18,10,2,6,22,24,14,20,12,19,11,23,9],[14,6,22,10,24,2,18,20,12,11,19,23,9],[6,10,14,22,24,2,18,20,12,19,11,23,17,9],[14,6,22,2,10,24,18,12,20,11,19,23,17,9],[10,2,14,18,6,22,24,20,12,11,19,23,9],[22,18,14,2,10,24,6,12,20,11,19,23,9],[14,22,2,18,6,10,12,24,20,19,11,23,17,21,9],[18,14,6,22,2,10,24,12,20,11,19,23,9],[2,6,22,10,12,14,18,24,20,19,11,23,9],[14,18,10,6,2,22,12,24,20,11,19,23,9],[6,10,22,12,18,14,2,24,20,11,19,23,9],[6,10,18,2,14,22,24,12,20,11,19,23,17,9],[2,18,22,10,24,14,6,20,12,11,19,23,17,9],[14,6,18,10,2,22,24,12,20,19,11,23,9],[18,10,6,2,22,12,14,24,20,19,11,23,17,9],[22,10,12,18,14,6,2,24,20,19,11,23,9],[22,6,2,10,12,14,18,24,20,19,11,23,9],[18,14,2,6,10,22,12,24,20,11,19,23,17,21,9],[10,6,2,18,14,22,24,12,20,19,11,23,9],[18,22,6,14,2,10,24,20,12,19,11,23,17,21,9],[22,18,10,24,6,2,14,20,12,19,11,23,9],[22,10,24,14,6,2,18,20,12,19,11,23,17,9],[6,18,14,2,22,10,24,12,20,19,11,23,9],[22,2,14,18,6,10,12,24,20,19,11,23,17,21,9],[22,6,2,10,24,14,18,20,12,11,19,23,9],[10,2,14,22,12,18,6,24,20,11,19,23,17,9],[10,18,14,6,2,22,24,20,12,19,11,23,17,9],[14,6,2,22,10,24,18,20,12,11,19,23,9],[10,14,18,22,24,2,6,12,20,19,11,23,17,21,9],[10,18,22,24,6,14,2,20,12,11,19,23,17,21,9],[10,14,18,2,22,12,6,24,20,19,11,23,17,21,9],[22,18,14,6,10,12,2,24,20,19,11,23,17,9],[18,14,10,6,22,24,2,12,20,19,11,21,23,9],[22,6,14,18,10,24,2,20,12,19,11,9],[10,18,6,2,14,22,24,12,20,11,19,23,9],[10,22,12,6,18,2,14,24,20,11,19,23,17,21,9],[2,18,6,22,14,10,12,24,20,11,19,23,9],[6,2,22,10,24,18,14,20,12,11,19,23,9],[14,2,10,22,12,18,6,24,20,11,19,23,9],[22,18,10,12,2,6,14,24,20,19,11,23,9],[10,22,12,6,18,14,2,24,20,19,11,23,17,21,9],[6,18,2,22,14,10,24,12,20,11,19,23,9],[2,22,6,18,10,12,14,24,20,11,19,23,17,21,9],[14,2,10,22,12,18,6,24,20,11,19,23,9],[2,14,6,18,10,22,24,12,20,19,11,23,17,9],[6,14,2,18,22,10,12,24,20,19,11,23,17,9],[2,6,14,22,10,12,18,24,20,11,19,23,9],[10,6,2,18,22,12,14,24,20,19,11,23,9],[2,14,10,22,24,18,6,12,20,11,19,23,9],[2,10,22,12,6,14,18,24,20,11,19,23,9],[10,6,22,24,14,18,2,20,12,11,19,23,17,9],[14,18,2,10,6,22,24,12,20,19,11,23,17,9],[10,2,6,14,22,24,18,12,20,11,19,23,17,9],[18,14,6,22,10,12,2,24,20,11,19,21,23,9],[10,22,24,14,18,6,2,12,20,19,11,23,17,21,9],[14,6,10,22,24,2,18,12,20,11,19,23,17,9],[14,18,2,22,10,24,6,20,12,11,19,23,17,21,9],[10,22,12,18,2,6,14,24,20,19,11,23,9],[18,2,14,22,6,10,12,24,20,11,19,23,17,21,9],[10,14,22,12,2,6,18,24,20,19,11,23,9],[6,10,22,12,14,2,18,24,20,19,11,23,9],[2,10,6,18,22,24,14,12,20,19,11,23,9],[10,2,14,6,18,22,24,12,20,11,19,23,17,21,9],[2,14,22,6,18,10,24,12,20,19,11,23,17,21,9],[6,14,18,22,2,10,24,12,20,19,11,23,9],[10,2,22,24,18,14,6,20,12,11,19,23,9],[2,6,14,22,10,24,18,20,12,11,19,23,17,9],[6,10,22,12,2,18,14,24,20,11,19,23,17,21,9],[6,22,10,24,18,14,2,12,20,11,19,23,9],[14,10,6,2,18,22,12,24,20,19,11,23,17,21,9],[2,22,6,18,14,10,12,24,20,11,19,23,9],[10,18,14,6,2,22,12,24,20,19,11,23,17,9],[10,22,24,18,2,14,6,12,20,11,19,23,9],[22,18,2,6,10,12,14,24,20,19,11,23,17,9],[2,22,6,18,14,10,12,24,20,19,11,23,17,9],[22,2,10,12,18,14,6,24,20,11,19,23,17,21,9],[22,6,10,24,2,14,18,20,12,11,19,23,17,21,9],[10,14,6,18,22,12,2,24,20,19,11,23,9],[18,10,6,14,22,12,2,24,20,11,19,23,21,9],[22,6,14,2,10,24,18,12,20,19,11,23,17,21,9],[6,22,18,2,14,10,24,12,20,19,11,23,9],[2,10,22,24,6,14,18,20,12,19,11,23,9],[10,14,22,24,6,18,2,12,20,19,11,23,9],[10,6,22,24,18,2,14,20,12,19,11,23,17,9],[2,6,14,10,18,22,12,24,20,19,11,23,9],[10,14,22,12,18,6,2,24,20,19,11,23,17,9],[2,10,18,14,6,22,12,24,20,19,11,23,9],[22,14,18,10,24,6,2,20,12,19,11,23,9],[10,14,22,12,2,18,6,24,20,19,11,23,9],[2,10,14,6,18,22,12,24,20,11,19,23,17,9],[22,10,24,18,6,2,14,12,20,19,11,23,9],[2,18,6,22,14,10,12,24,20,11,19,23,17,21,9],[14,6,10,2,22,24,18,20,12,19,11,23,9],[18,2,6,10,14,22,24,12,20,11,19,23,17,21,9],[10,18,22,12,14,2,6,24,20,19,11,23,9],[18,2,22,14,6,10,12,24,20,11,19,23,17,9],[14,6,18,22,2,10,24,20,12,19,11,23,9],[18,2,22,6,10,24,14,20,12,11,19,23,9],[14,6,2,18,10,22,12,24,20,11,19,23,17,9],[14,10,18,6,22,24,2,20,12,19,11,23,9],[18,10,2,6,22,24,14,12,20,11,19,23,9],[22,2,18,10,24,6,14,20,12,11,19,23,9],[22,14,6,10,24,2,18,20,12,19,11,23,17,9],[18,10,22,12,14,6,2,24,20,11,19,23,17,9],[2,10,14,22,24,6,18,12,20,19,11,21,23,9],[18,6,2,10,22,12,14,24,20,19,11,23,9],[14,10,22,12,2,18,6,24,20,19,11,23,9],[6,10,14,2,18,22,12,24,20,19,11,23,17,9],[14,10,2,22,24,18,6,20,12,19,11,23,17,21,9],[14,10,6,22,24,2,18,20,12,11,19,23,9],[22,2,14,6,18,10,24,20,12,19,11,23,9],[22,6,10,12,2,14,18,24,20,11,19,23,9],[14,10,6,22,24,2,18,12,20,11,19,23,9],[6,22,14,18,2,10,24,12,20,11,19,23,9],[6,2,18,14,22,10,24,12,20,11,19,23,9],[2,14,10,6,18,22,24,12,20,19,11,23,17,9],[14,22,2,18,6,10,24,12,20,11,19,23,17,21,9],[14,22,2,18,6,10,24,20,12,19,11,23,17,21,9],[18,22,6,14,10,24,2,20,12,11,19,23,9],[6,2,22,14,10,24,18,12,20,19,11,23,9],[10,18,6,22,24,14,2,12,20,19,11,23,9],[14,18,2,6,22,10,12,24,20,19,11,23,17,9],[22,14,2,6,10,24,18,12,20,11,19,23,9],[2,6,18,22,14,10,12,24,20,19,11,23,17,9],[14,18,22,2,6,10,24,20,12,19,11,23,17,21,9],[18,22,2,14,6,10,12,24,20,19,11,23,17,9],[22,6,18,2,14,10,24,20,12,19,11,23,9],[2,14,6,22,18,10,24,12,20,11,19,23,9],[22,18,6,2,14,10,24,20,12,11,19,23,9],[10,18,22,24,2,6,14,20,12,11,19,23,17,21,9],[6,10,14,22,12,18,2,24,20,19,11,23,17,9],[14,10,22,24,6,18,2,12,20,19,11,23,17,9],[6,22,10,12,18,2,14,24,20,19,11,23,9],[18,10,14,22,12,6,2,24,20,19,11,23,9],[6,22,2,14,10,24,18,20,12,19,11,23,9],[10,14,18,6,22,12,2,24,20,11,19,23,17,9],[6,2,18,22,14,10,24,12,20,11,19,23,9],[18,6,14,2,10,22,12,24,20,19,11,23,17,9],[2,22,10,24,14,18,6,12,20,11,19,23,17,13,21,9],[6,22,18,2,14,10,12,24,20,19,11,23,17,9],[6,10,2,14,18,22,24,20,12,11,19,23,9],[2,18,6,14,10,22,12,24,20,11,19,23,9],[10,2,22,24,14,18,6,20,12,11,19,23,17,21,9],[22,18,2,14,10,12,6,24,20,19,11,23,9],[10,2,22,12,14,6,18,24,20,19,11,23,17,9],[2,18,10,22,24,14,6,20,12,19,11,23,9],[6,2,18,22,14,10,24,20,12,11,19,23,9],[2,14,10,6,18,22,24,20,12,19,11,23,17,9],[18,6,2,10,14,22,12,24,20,11,19,23,17,9],[6,18,14,2,22,10,24,12,20,19,11,23,17,21,9],[10,14,2,6,22,24,18,20,12,11,19,23,9],[6,22,14,2,10,24,18,12,20,11,19,23,17,21,9],[2,18,22,10,24,14,6,20,12,11,19,23,9],[6,18,22,14,2,10,12,24,20,19,11,23,9],[14,6,18,2,10,22,12,24,20,19,11,23,17,9],[14,22,10,24,18,2,6,12,20,11,19,23,17,9],[10,2,22,12,6,14,18,24,20,11,19,21,23,9],[10,14,2,6,22,12,18,24,20,11,19,23,17,9],[18,10,2,6,14,22,12,24,20,11,19,21,23,9],[22,2,14,10,24,18,6,12,20,11,19,23,17,21,9],[6,22,10,24,2,14,18,12,20,11,19,23,17,21,9],[14,6,10,22,12,18,2,24,20,19,11,21,23,9],[22,2,6,14,10,12,18,24,20,19,11,23,9],[18,10,14,6,22,12,2,24,20,11,19,23,9],[6,14,10,2,22,24,18,20,12,19,11,17,23,21,9],[6,2,10,18,14,22,12,24,20,19,11,23,9],[6,2,10,22,24,18,14,12,20,19,11,23,9],[22,18,6,14,2,10,12,24,20,11,19,23,9],[14,18,2,10,22,12,6,24,20,19,11,23,9],[2,6,18,10,22,12,14,24,20,11,19,23,9],[10,6,2,22,12,14,18,24,20,11,19,23,17,21,9],[22,2,18,10,12,6,14,24,20,19,11,23,9],[6,22,18,14,10,24,2,20,12,11,19,23,17,21,9],[2,18,14,22,6,10,12,24,20,19,11,23,9],[14,6,18,22,10,24,2,12,20,11,19,23,9],[10,22,12,2,18,14,6,24,20,19,11,23,17,9],[14,10,2,18,22,12,6,24,20,19,11,23,17,9],[18,22,14,10,12,2,6,24,20,19,11,23,17,9],[14,2,10,6,18,22,12,24,20,11,19,23,17,9],[10,2,22,12,14,18,6,24,20,19,11,23,17,9],[22,6,2,14,18,10,12,24,20,19,11,23,17,9],[14,18,22,6,10,24,2,20,12,19,11,23,21,9],[14,18,2,6,22,10,24,12,20,11,19,23,9],[22,14,2,10,24,18,6,12,20,11,19,23,9],[6,18,10,22,12,14,2,24,20,11,19,23,17,9],[10,2,18,14,6,22,12,24,20,11,19,23,17,21,9],[18,22,6,14,10,12,2,24,20,19,11,23,17,9],[22,6,14,18,10,24,2,12,20,19,11,23,17,9],[6,2,22,10,12,18,14,24,20,19,11,23,17,21,9],[18,10,6,2,22,24,14,12,20,11,19,23,17,9],[2,18,22,6,10,24,14,12,20,11,19,23,9],[2,10,14,22,12,6,18,24,20,19,11,23,17,9],[22,18,2,6,10,24,14,12,20,19,11,23,17,21,9],[10,22,24,6,18,2,14,12,20,19,11,23,9],[10,18,6,2,22,24,14,12,20,11,19,23,17,9],[18,14,6,2,10,22,24,20,12,19,11,23,9],[6,2,14,22,10,24,18,20,12,11,19,23,9],[14,18,10,6,2,22,12,24,20,19,11,23,17,9],[10,14,2,22,24,18,6,20,12,19,11,17,23,9],[10,2,22,24,14,6,18,12,20,19,11,23,9],[14,22,18,10,24,2,6,20,12,19,11,23,9],[6,18,22,2,14,10,12,24,20,19,11,23,9],[10,2,22,12,18,14,6,24,20,19,11,23,9],[6,2,18,22,14,10,24,12,20,11,19,23,9],[22,14,10,24,6,18,2,12,20,19,11,23,17,21,9],[14,10,2,6,18,22,12,24,20,19,11,23,9],[18,10,22,12,14,2,6,24,20,11,19,23,9],[10,2,14,18,6,22,12,24,20,19,11,23,9],[10,22,24,6,18,14,2,20,12,19,11,23,9],[10,2,18,6,14,22,24,12,20,11,19,23,17,9],[22,14,6,2,10,12,18,24,20,19,11,23,17,9],[6,14,22,2,18,10,24,20,12,19,11,23,9],[10,14,22,12,18,2,6,24,20,11,19,23,9],[2,14,6,18,22,10,24,20,12,11,19,23,9],[6,22,2,14,10,12,18,24,20,11,19,23,9],[18,2,10,14,22,24,6,20,12,19,11,23,17,9],[22,14,18,10,24,2,6,12,20,19,11,23,17,21,9],[10,18,22,24,2,14,6,12,20,19,11,23,17,9],[22,10,24,2,18,6,14,20,12,19,11,9],[6,10,14,22,12,2,18,24,20,19,11,23,17,9],[2,22,14,6,18,10,12,24,20,11,19,23,9],[14,2,22,10,12,18,6,24,20,19,11,23,9],[2,18,6,22,10,12,14,24,20,19,11,23,9],[14,10,2,18,6,22,24,20,12,11,19,23,9],[6,2,18,10,22,24,14,12,20,11,19,23,9],[10,6,22,12,2,18,14,24,20,19,11,23,17,9],[18,10,2,22,12,14,6,24,20,19,11,23,9],[2,10,18,22,12,6,14,24,20,11,19,23,9],[18,6,22,10,24,2,14,12,20,19,11,23,9],[6,10,14,22,24,2,18,12,20,11,19,23,17,9],[6,22,2,10,12,14,18,24,20,19,11,23,17,21,9],[18,2,6,14,10,22,24,12,20,11,19,23,17,21,9],[10,14,18,6,2,22,12,24,20,11,19,23,17,9],[6,22,10,12,18,2,14,24,20,19,11,23,17,9],[14,10,6,22,12,18,2,24,20,11,19,23,17,9],[2,14,22,6,18,10,24,12,20,11,19,23,17,9],[10,22,12,2,14,18,6,24,20,11,19,23,17,9],[14,2,6,22,18,10,24,12,20,11,19,9],[2,6,22,10,12,18,14,24,20,19,11,23,9],[10,2,14,22,24,18,6,20,12,19,11,23,9],[18,2,10,22,24,14,6,12,20,19,11,23,17,9],[22,18,2,14,6,10,12,24,20,19,11,23,9],[6,22,14,2,10,12,18,24,20,19,11,23,17,21,9],[6,10,18,2,22,24,14,20,12,11,19,23,17,9],[18,14,10,6,2,22,12,24,20,19,11,23,17,21,9],[18,22,14,2,6,10,12,24,20,19,11,23,17,9],[14,10,22,24,18,6,2,12,20,19,11,23,17,9],[18,6,10,14,22,12,2,24,20,19,11,23,9],[18,10,2,14,22,12,6,24,20,11,19,23,9],[6,10,2,22,24,14,18,12,20,19,11,23,9],[18,2,22,10,24,14,6,20,12,11,19,23,9],[6,14,2,10,18,22,12,24,20,11,19,23,9],[2,22,14,18,6,10,24,20,12,19,11,23,9],[6,2,14,10,22,12,18,24,20,19,11,23,9],[18,2,22,14,6,10,24,20,12,19,11,23,17,21,9],[2,6,22,10,12,14,18,24,20,11,19,23,17,21,9],[18,6,14,22,10,12,2,24,20,19,11,23,17,21,9],[2,10,14,18,6,22,24,20,12,11,19,23,9],[6,22,14,18,10,12,2,24,20,19,11,23,17,21,9],[18,14,10,22,24,6,2,20,12,19,11,23,9],[10,18,14,2,6,22,12,24,20,19,11,23,17,9],[18,22,14,6,10,24,2,20,12,11,19,23,17,9],[18,22,2,10,12,14,6,24,20,11,19,23,17,21,9],[2,18,22,10,12,6,14,24,20,11,19,23,17,9],[22,2,10,24,18,14,6,12,20,11,19,23,9],[14,18,10,6,22,12,2,24,20,11,19,23,9],[10,22,24,18,2,14,6,20,12,19,11,23,17,9],[10,18,14,22,12,6,2,24,20,19,11,23,9],[10,6,18,22,24,14,2,20,12,11,19,23,17,9],[18,22,14,6,2,10,12,24,20,11,19,23,17,21,9],[10,6,18,2,22,12,14,24,20,19,11,23,9],[2,14,18,6,10,22,12,24,20,11,19,23,17,9],[6,2,14,10,22,12,18,24,20,11,19,23,9],[22,10,12,14,6,2,18,24,20,19,11,23,9],[22,6,14,10,12,2,18,24,20,19,11,23,17,9],[22,10,12,14,2,18,6,24,20,11,19,23,9],[22,18,10,12,2,6,14,24,20,11,19,23,17,9],[14,10,22,24,6,18,2,20,12,11,19,23,17,21,9],[18,22,10,12,14,2,6,24,20,11,19,23,9],[14,18,22,6,2,10,24,20,12,19,11,23,17,9],[18,2,14,6,22,10,12,24,20,19,11,23,9],[10,2,22,24,18,14,6,12,20,19,11,23,9],[6,10,14,2,22,24,18,12,20,19,11,23,17,21,9],[18,2,14,6,22,10,24,20,12,19,11,21,23,9],[22,18,14,2,10,12,6,24,20,11,19,23,17,9],[6,22,14,18,2,10,12,24,20,11,19,23,9],[18,6,22,10,12,2,14,24,20,19,11,23,17,9],[2,14,18,22,10,12,6,24,20,19,11,21,23,9],[14,6,22,10,12,18,2,24,20,11,19,21,23,9],[14,22,18,6,2,10,12,24,20,11,19,23,9],[14,22,6,18,2,10,12,24,20,11,19,23,9],[6,10,2,22,24,14,18,20,12,19,11,23,9],[14,2,18,6,22,10,12,24,20,11,19,23,17,21,9],[10,2,22,24,6,18,14,12,20,19,11,23,17,9],[18,22,10,24,14,6,2,12,20,11,19,23,17,9],[14,22,6,2,18,10,12,24,20,11,19,23,17,9],[14,18,22,10,24,2,6,20,12,19,11,23,9],[2,10,6,18,14,22,24,20,12,19,11,23,9],[2,18,6,14,22,10,24,12,20,19,11,23,17,9],[6,18,10,14,22,12,2,24,20,11,19,23,17,9],[22,10,12,14,2,6,18,24,20,11,19,23,9],[10,6,22,24,18,14,2,20,12,11,19,23,17,9],[18,22,10,12,6,14,2,24,20,11,19,23,17,9],[18,2,6,10,14,22,24,20,12,19,11,23,9],[22,6,2,10,12,18,14,24,20,19,11,23,17,21,9],[18,2,22,10,24,14,6,20,12,19,11,23,17,9],[10,2,22,24,14,18,6,20,12,19,11,23,9],[22,2,18,14,10,24,6,12,20,11,19,23,17,21,9],[14,18,10,6,22,12,2,24,20,11,19,23,21,9],[18,14,22,6,10,12,2,24,20,11,19,23,9],[2,14,18,22,6,10,12,24,20,11,19,21,23,9],[6,10,2,18,22,24,14,12,20,19,11,23,17,9],[6,22,14,2,18,10,12,24,20,19,11,23,9],[2,6,22,14,10,12,18,24,20,19,11,23,9],[2,18,10,6,22,12,14,24,20,11,19,23,17,9],[10,22,24,18,6,2,14,20,12,11,19,23,17,9],[22,2,6,10,24,14,18,20,12,11,19,23,17,9],[10,6,2,14,18,22,24,20,12,19,11,23,9],[2,14,6,18,22,10,24,20,12,11,19,23,17,9],[2,10,6,22,12,14,18,24,20,11,19,23,17,9],[2,6,18,10,14,22,12,24,20,11,19,23,9],[14,6,2,10,18,22,12,24,20,11,19,23,9],[2,6,14,10,18,22,12,24,20,19,11,23,17,9],[10,18,14,6,2,22,12,24,20,19,11,23,9],[10,22,12,14,6,2,18,24,20,11,19,23,9],[2,10,14,18,6,22,12,24,20,19,11,23,9],[6,22,14,18,2,10,12,24,20,11,19,23,9],[22,10,24,6,2,18,14,12,20,19,11,23,17,9],[18,2,10,6,22,24,14,20,12,11,19,23,17,9],[2,22,18,6,14,10,12,24,20,11,19,23,9],[22,6,2,10,12,14,18,24,20,11,19,23,17,21,9],[2,18,22,6,14,10,12,24,20,11,19,23,17,9],[10,22,12,14,2,18,6,24,20,11,19,23,9],[14,6,2,22,18,10,24,20,12,19,11,23,9],[10,2,22,12,6,18,14,24,20,11,19,23,17,21,9],[2,14,22,18,6,10,12,24,20,11,19,23,9],[10,14,22,24,2,18,6,20,12,19,11,23,9],[2,14,10,18,6,22,12,24,20,19,11,23,9],[2,10,14,18,22,12,6,24,20,19,11,23,9],[14,18,22,6,2,10,24,12,20,11,19,23,17,9],[14,6,18,2,22,10,24,20,12,11,19,23,17,21,9],[22,2,18,6,14,10,12,24,20,11,19,23,9],[2,10,18,22,12,14,6,24,20,19,11,23,17,9],[18,2,10,6,14,22,24,12,20,11,19,23,9],[18,10,6,14,2,22,24,12,20,11,19,23,9],[14,2,22,18,10,12,6,24,20,19,11,23,17,9],[18,6,2,14,22,10,12,24,20,19,11,23,17,9],[18,10,22,24,6,2,14,12,20,11,19,23,17,21,9],[6,18,22,14,2,10,24,12,20,11,19,23,17,21,9],[2,10,6,18,14,22,24,12,20,11,19,23,17,21,9],[18,10,22,12,2,14,6,24,20,11,19,23,9],[10,6,14,22,12,2,18,24,20,11,19,23,9],[18,14,10,22,24,2,6,20,12,11,19,23,17,9],[10,14,2,18,22,24,6,20,12,19,11,23,9],[22,18,10,12,14,2,6,24,20,19,11,23,17,21,9],[10,2,14,18,22,12,6,24,20,11,19,23,17,9],[6,14,2,22,18,10,12,24,20,19,11,23,9],[18,14,2,10,22,24,6,12,20,11,19,23,17,9],[18,10,2,22,24,6,14,20,12,19,11,23,9],[2,18,22,6,10,12,14,24,20,19,11,23,17,9],[22,18,2,14,10,12,6,24,20,11,19,23,9],[18,10,2,14,22,12,6,24,20,11,19,23,9],[14,18,10,22,12,2,6,24,20,19,11,23,21,9],[14,18,2,22,10,12,6,24,20,11,19,23,17,9],[22,2,14,10,12,6,18,24,20,11,19,23,17,21,9],[10,22,12,18,14,2,6,24,20,11,19,23,17,9],[6,2,10,18,22,24,14,12,20,19,11,23,9],[22,18,6,14,10,24,2,20,12,19,11,23,17,21,9],[2,6,14,18,10,22,12,24,20,19,11,23,17,21,9],[14,18,2,6,22,10,24,12,20,19,11,23,9],[14,22,2,18,6,10,12,24,20,19,11,23,9],[10,22,24,18,2,14,6,20,12,19,11,23,9],[10,18,2,6,22,12,14,24,20,11,19,23,17,9],[14,2,6,10,18,22,12,24,20,19,11,23,17,9],[6,10,18,2,14,22,12,24,20,19,11,23,9],[2,10,18,22,24,14,6,12,20,11,19,23,9],[18,14,2,22,10,12,6,24,20,19,11,23,9],[14,6,22,2,18,10,12,24,20,11,19,23,17,9],[22,18,2,10,12,6,14,24,20,19,11,23,17,21,9],[2,18,6,10,14,22,24,12,20,19,11,23,17,9],[10,2,22,24,18,14,6,12,20,19,11,23,17,21,9],[6,2,22,14,18,10,24,12,20,19,11,23,9],[14,2,18,10,22,12,6,24,20,11,19,23,9],[10,2,18,22,12,6,14,24,20,19,11,23,9],[2,14,18,22,6,10,24,20,12,19,11,23,17,9],[22,18,6,2,14,10,24,20,12,11,19,23,17,9],[14,6,18,22,2,10,12,24,20,11,19,23,17,21,9],[22,18,10,24,2,6,14,20,12,19,11,23,17,21,9],[10,6,18,14,22,24,2,20,12,19,11,23,17,21,9],[10,6,2,14,22,24,18,12,20,11,19,23,17,21,9],[14,6,2,18,10,22,12,24,20,19,11,23,17,21,9],[2,18,6,22,14,10,24,20,12,11,19,23,17,9],[22,10,24,18,6,2,14,12,20,11,19,23,17,9],[22,2,18,10,24,6,14,12,20,19,11,21,23,9],[18,10,6,2,14,22,12,24,20,11,19,23,17,21,9],[6,14,2,18,22,10,24,20,12,11,19,23,17,9],[18,10,14,2,6,22,24,12,20,19,11,23,9],[22,10,24,2,6,18,14,20,12,11,19,23,17,9],[22,18,14,10,24,6,2,12,20,19,11,23,9],[6,2,14,22,10,12,18,24,20,19,11,23,9],[22,14,2,6,18,10,12,24,20,11,19,23,17,9],[22,6,2,10,24,18,14,12,20,19,11,23,9],[6,14,22,2,18,10,12,24,20,11,19,23,9],[18,10,6,14,2,22,24,12,20,19,11,23,9],[10,14,22,24,6,2,18,20,12,11,19,23,17,9],[2,14,18,10,22,12,6,24,20,11,19,23,9],[6,18,2,10,14,22,24,12,20,19,11,23,9],[22,14,10,12,2,18,6,24,20,19,11,23,17,9],[10,14,6,18,2,22,12,24,20,11,19,23,9],[6,2,10,14,18,22,24,20,12,11,19,23,17,9],[6,14,22,2,18,10,12,24,20,19,11,23,9],[18,14,10,6,2,22,24,12,20,11,19,23,17,9],[14,22,18,10,12,2,6,24,20,19,11,23,17,9],[6,14,10,22,24,18,2,20,12,11,19,23,9],[22,2,14,18,10,24,6,12,20,11,19,23,17,21,9],[14,2,18,6,10,22,24,12,20,19,11,23,17,21,9],[2,10,6,22,24,14,18,20,12,19,11,23,9],[2,22,10,12,6,14,18,24,20,19,11,23,9],[6,10,2,14,22,24,18,20,12,11,19,23,17,21,9],[2,14,10,6,22,24,18,12,20,11,19,23,9],[2,18,22,6,14,10,12,24,20,19,11,23,9],[2,22,14,10,24,18,6,20,12,19,11,23,17,9],[2,10,6,14,18,22,12,24,20,19,11,23,17,21,9],[6,18,14,10,2,22,12,24,20,11,19,23,9],[6,18,2,10,14,22,24,20,12,11,19,23,17,21,9],[22,10,24,14,2,18,6,12,20,19,11,23,9],[18,10,6,2,14,22,12,24,20,19,11,23,9],[22,10,24,14,2,6,18,20,12,11,19,23,9],[14,2,18,6,10,22,12,24,20,19,11,23,9],[6,18,22,14,2,10,24,20,12,11,19,23,17,9],[10,22,12,6,2,18,14,24,20,11,19,21,23,9],[14,6,18,22,2,10,24,12,20,11,19,23,9],[6,2,14,22,10,24,18,12,20,19,11,23,9],[18,6,2,22,14,10,12,24,20,11,19,23,17,9],[18,6,14,2,22,10,24,20,12,11,19,23,17,9],[10,18,14,22,24,2,6,12,20,11,19,23,9],[10,6,18,14,22,24,2,12,20,11,19,23,17,21,9],[2,10,6,18,14,22,24,12,20,11,19,23,17,9],[2,6,22,18,14,10,12,24,20,19,11,23,17,9],[6,14,2,10,22,24,18,20,12,19,11,23,17,21,9],[2,14,10,18,22,12,6,24,20,11,19,23,17,21,9],[22,14,18,10,24,6,2,20,12,11,19,23,9],[18,2,22,10,12,6,14,24,20,19,11,23,9],[2,6,18,10,14,22,24,20,12,11,19,23,17,9],[22,10,24,2,14,6,18,12,20,19,11,23,9],[10,6,2,22,12,18,14,24,20,11,19,23,17,9],[10,22,24,18,6,14,2,12,20,19,11,23,9],[18,6,14,22,10,12,2,24,20,19,11,23,9],[22,18,2,14,6,10,24,20,12,19,11,23,9],[2,10,6,22,24,14,18,20,12,19,11,23,9],[14,6,18,10,2,22,24,20,12,11,19,23,17,21,9],[18,2,6,10,14,22,12,24,20,11,19,23,9],[2,18,14,10,22,24,6,12,20,19,11,23,9],[18,6,10,22,24,14,2,20,12,19,11,23,9],[14,22,18,10,12,2,6,24,20,11,19,23,17,21,9],[10,14,22,24,2,18,6,20,12,11,19,23,9],[6,10,14,18,2,22,24,20,12,11,19,23,9],[18,14,22,2,6,10,24,12,20,19,11,23,9],[10,6,2,14,22,24,18,12,20,19,11,21,23,9],[2,22,18,6,10,24,14,20,12,11,19,23,17,21,9],[14,22,18,2,6,10,24,12,20,11,19,23,9],[6,22,14,18,2,10,12,24,20,11,19,23,17,9],[2,18,14,6,10,22,24,12,20,19,11,23,9],[14,2,22,6,18,10,12,24,20,19,11,23,9],[10,22,12,2,18,14,6,24,20,19,11,23,9],[10,14,2,6,18,22,12,24,20,19,11,23,9],[22,2,6,18,14,10,24,12,20,19,11,23,17,21,9],[18,10,2,6,22,12,14,24,20,11,19,23,9],[10,14,6,2,18,22,24,12,20,11,19,23,9],[22,6,14,10,24,18,2,12,20,19,11,23,17,9],[6,22,10,12,14,18,2,24,20,19,11,23,9],[6,2,14,18,10,22,24,12,20,11,19,23,17,21,9],[22,10,12,6,2,18,14,24,20,11,19,23,17,9],[14,22,10,24,2,18,6,20,12,11,19,23,9],[18,14,6,2,22,10,24,12,20,11,19,23,9],[14,10,6,22,12,18,2,24,20,19,11,21,23,9],[10,22,12,18,14,2,6,24,20,11,19,17,23,21,9],[18,6,10,22,12,2,14,24,20,19,11,23,17,9],[6,2,22,14,10,12,18,24,20,19,11,21,23,9],[2,14,18,22,10,12,6,24,20,11,19,23,17,9],[22,6,10,12,18,2,14,24,20,19,11,23,9],[18,10,6,14,22,12,2,24,20,11,19,23,9],[14,18,6,22,10,12,2,24,20,11,19,23,17,21,9],[22,18,10,12,14,2,6,24,20,19,11,23,9],[6,14,10,22,12,2,18,24,20,19,11,23,17,21,9],[6,14,10,18,22,24,2,20,12,11,19,23,21,9],[2,6,22,14,10,12,18,24,20,19,11,23,9],[14,6,18,10,22,24,2,12,20,11,19,23,9],[14,6,2,22,18,10,24,12,20,19,11,23,17,9],[22,14,2,6,18,10,24,12,20,11,19,23,17,21,9],[6,2,10,14,22,24,18,12,20,19,11,23,9],[2,10,14,18,6,22,12,24,20,11,19,23,17,9],[6,10,22,24,18,2,14,12,20,19,11,23,9],[2,10,22,12,18,6,14,24,20,11,19,17,23,9],[10,14,6,22,24,18,2,12,20,19,11,23,17,21,9],[18,2,14,6,10,22,12,24,20,19,11,23,17,9],[2,6,10,14,18,22,12,24,20,11,19,23,17,21,9],[14,2,22,6,10,24,18,20,12,19,11,23,9],[22,18,14,2,6,10,24,12,20,19,11,23,17,9],[18,14,2,22,10,12,6,24,20,11,19,23,9],[14,10,18,6,22,24,2,20,12,11,19,23,9],[6,10,2,18,14,22,24,20,12,11,19,23,17,9],[2,6,18,22,10,12,14,24,20,19,11,23,9],[10,18,2,22,12,14,6,24,20,11,19,23,9],[22,14,2,6,10,24,18,12,20,11,19,23,17,21,9],[18,2,22,10,24,6,14,12,20,11,19,23,17,21,9],[14,6,10,22,12,18,2,24,20,19,11,23,9],[10,14,18,2,22,12,6,24,20,11,19,23,9],[14,2,18,22,10,24,6,20,12,19,11,23,9],[6,14,2,18,10,22,12,24,20,11,19,23,9],[14,22,6,10,24,18,2,12,20,19,11,23,17,21,9],[2,14,18,6,10,22,24,12,20,19,11,23,17,9],[10,2,14,18,6,22,12,24,20,19,11,23,17,21,9],[22,14,18,10,24,2,6,12,20,11,19,23,9],[14,10,18,6,22,24,2,12,20,11,19,23,9],[2,18,6,10,22,12,14,24,20,11,19,23,9],[6,14,2,10,18,22,24,12,20,19,11,23,9],[22,2,10,12,6,18,14,24,20,11,19,23,17,21,9],[10,2,22,12,18,6,14,24,20,11,19,23,17,21,9],[6,22,18,2,14,10,12,24,20,19,11,21,23,9],[18,6,10,14,22,12,2,24,20,19,11,23,17,9],[2,18,14,6,22,10,24,12,20,11,19,23,9],[14,22,10,24,18,2,6,12,20,19,11,23,9],[18,6,2,22,14,10,24,12,20,11,19,23,9],[18,2,10,14,22,24,6,20,12,11,19,23,9],[10,22,24,18,14,2,6,20,12,19,11,23,17,21,9],[22,18,10,24,2,6,14,20,12,11,19,23,17,9],[6,22,18,10,12,2,14,24,20,19,11,23,9],[22,14,18,2,6,10,24,12,20,11,19,23,17,21,9],[10,6,2,18,14,22,24,12,20,19,11,23,9],[6,14,22,18,10,12,2,24,20,19,11,23,9],[6,18,22,14,10,24,2,12,20,11,19,23,17,9],[14,22,10,12,6,18,2,24,20,11,19,21,23,9],[2,22,14,6,18,10,12,24,20,11,19,23,9],[10,14,18,22,12,6,2,24,20,19,11,23,9],[14,6,10,22,12,18,2,24,20,19,11,23,9],[10,14,6,22,12,2,18,24,20,19,11,23,9],[14,18,6,22,10,24,2,12,20,11,19,23,17,9],[14,22,10,24,6,18,2,20,12,19,11,23,9],[18,22,14,10,24,6,2,20,12,19,11,23,17,21,9],[2,18,10,14,22,24,6,12,20,11,19,23,9],[22,18,2,10,24,6,14,12,20,19,11,23,17,9],[2,18,22,14,6,10,24,20,12,19,11,23,17,21,9],[10,14,22,12,2,6,18,24,20,11,19,23,17,9],[2,6,14,22,10,12,18,24,20,11,19,23,9],[2,6,14,10,22,24,18,20,12,11,19,23,17,9],[10,18,2,6,22,12,14,24,20,19,11,23,9],[22,6,2,14,18,10,24,12,20,19,11,23,17,21,9],[14,10,22,24,2,6,18,20,12,11,19,23,17,9],[10,6,18,2,14,22,24,12,20,19,11,23,9],[14,10,2,6,22,12,18,24,20,19,11,23,9],[22,18,10,12,14,6,2,24,20,11,19,23,17,9],[10,2,18,14,6,22,24,20,12,19,11,23,9],[18,6,22,14,2,10,24,20,12,19,11,23,9],[22,2,18,14,6,10,24,12,20,11,19,23,17,9],[18,10,22,12,6,14,2,24,20,19,11,23,9],[2,14,10,6,22,12,18,24,20,19,11,23,9],[6,14,2,18,22,10,12,24,20,11,19,23,9],[18,2,22,14,10,24,6,20,12,19,11,23,17,9],[2,10,6,18,14,22,12,24,20,19,11,23,17,21,9],[10,6,14,22,12,18,2,24,20,11,19,23,9],[18,6,10,14,22,12,2,24,20,11,19,23,9],[6,10,2,14,22,24,18,12,20,11,19,23,17,9],[10,22,12,2,6,18,14,24,20,19,11,23,17,21,9],[18,22,2,14,6,10,24,12,20,11,19,23,17,21,9],[14,22,10,24,18,6,2,12,20,19,11,23,9],[22,14,2,10,24,18,6,12,20,19,11,21,23,9],[10,18,6,22,12,14,2,24,20,11,19,23,17,21,9],[10,22,12,6,2,14,18,24,20,19,11,23,17,9],[2,6,18,22,10,24,14,12,20,11,19,23,17,21,9],[6,18,14,10,22,24,2,12,20,19,11,23,9],[14,10,6,18,2,22,12,24,20,11,19,23,17,21,9],[18,2,22,10,12,6,14,24,20,19,11,23,17,21,9],[6,2,18,14,22,10,12,24,20,19,11,23,17,9],[2,14,22,10,24,18,6,12,20,11,19,23,17,21,9],[10,2,6,22,12,18,14,24,20,11,19,23,17,21,9],[10,18,22,24,2,6,14,20,12,19,11,23,9],[10,22,24,14,18,2,6,12,20,19,11,23,17,21,9],[2,14,6,10,22,24,18,12,20,11,19,23,17,9],[2,18,6,14,22,10,24,12,20,11,19,23,17,9],[18,2,22,10,24,6,14,12,20,19,11,23,9],[2,6,18,14,22,10,24,20,12,19,11,23,9],[10,22,12,18,2,6,14,24,20,11,19,23,9],[18,10,22,24,6,14,2,12,20,11,19,23,17,21,9],[14,22,6,10,12,2,18,24,20,19,11,23,9],[10,6,22,24,18,2,14,12,20,11,19,23,17,9],[22,14,18,10,12,6,2,24,20,11,19,23,9],[10,22,24,6,18,14,2,12,20,19,11,23,17,9],[14,10,6,18,22,24,2,12,20,11,19,23,17,21,9],[2,22,18,10,12,14,6,24,20,11,19,23,9],[22,14,2,10,12,6,18,24,20,11,19,23,17,9],[2,22,6,14,10,24,18,12,20,11,19,23,9],[22,10,24,14,2,6,18,12,20,11,19,23,17,9],[10,6,14,22,12,2,18,24,20,11,19,23,9],[2,14,18,6,22,10,24,20,12,19,11,9,23],[14,10,6,22,12,18,2,24,20,19,11,23,17,9],[2,18,14,6,22,10,24,20,12,19,11,23,17,9],[14,18,6,10,22,24,2,20,12,11,19,23,9],[14,10,18,2,6,22,12,24,20,19,11,23,17,9],[2,6,10,18,22,12,14,24,20,11,19,23,17,21,9],[18,22,6,2,10,24,14,12,20,11,19,23,9],[6,22,18,10,24,14,2,12,20,19,11,23,9],[2,14,22,18,6,10,12,24,20,19,11,23,17,21,9],[22,6,10,24,2,18,14,12,20,19,11,23,9],[6,22,14,2,18,10,24,12,20,19,11,23,9],[14,18,22,10,24,6,2,20,12,19,11,23,9],[10,18,2,22,24,6,14,12,20,11,19,23,17,9],[18,6,14,2,10,22,24,12,20,11,19,23,17,9],[6,14,22,2,18,10,24,12,20,19,11,23,17,9],[6,10,2,18,14,22,24,12,20,19,11,23,17,9],[10,6,2,22,12,14,18,24,20,19,11,23,17,21,9],[6,14,10,2,18,22,24,12,20,19,11,23,9],[18,10,2,14,6,22,24,12,20,19,11,23,9],[2,22,6,10,12,14,18,24,20,11,19,23,9],[14,18,6,2,10,22,24,12,20,11,19,23,9],[2,18,22,6,10,24,14,20,12,11,19,23,9],[6,18,10,22,24,2,14,12,20,19,11,23,9],[10,6,22,24,14,2,18,12,20,19,11,23,17,9],[22,2,10,12,18,14,6,24,20,19,11,23,9],[18,14,6,2,10,22,24,12,20,11,19,23,9],[6,10,2,18,14,22,12,24,20,19,11,21,23,9],[14,2,6,22,10,24,18,20,12,19,11,23,9],[18,2,22,10,24,6,14,12,20,11,19,23,9],[10,18,6,14,22,12,2,24,20,11,19,23,17,9],[14,10,2,6,22,12,18,24,20,11,19,23,17,21,9],[14,22,18,10,12,6,2,24,20,19,11,23,9],[18,14,10,22,12,2,6,24,20,19,11,23,9],[18,6,10,14,22,12,2,24,20,11,19,23,9],[14,18,6,10,22,12,2,24,20,11,19,21,23,9],[10,6,18,22,12,14,2,24,20,19,11,23,17,9],[2,14,6,18,22,10,24,12,20,11,19,23,17,9],[6,14,10,18,2,22,12,24,20,19,11,23,17,9],[10,6,2,14,18,22,12,24,20,11,19,23,17,21,9],[6,14,2,22,18,10,24,20,12,11,19,23,17,9],[6,14,10,22,24,2,18,12,20,11,19,23,9],[22,18,14,10,24,6,2,20,12,11,19,23,17,9],[22,6,10,12,18,14,2,24,20,11,19,23,9],[14,2,22,6,18,10,24,12,20,11,19,23,17,21,9],[6,18,14,22,2,10,12,24,20,11,19,23,9],[10,14,6,2,18,22,12,24,20,19,11,23,9],[22,10,24,2,18,14,6,12,20,19,11,23,17,21,9],[22,18,14,10,24,2,6,12,20,11,19,9,23],[22,2,10,24,18,6,14,12,20,19,11,23,9],[2,10,18,22,12,14,6,24,20,11,19,23,17,9],[22,14,6,2,10,24,18,12,20,19,11,23,17,9],[10,6,14,18,22,24,2,20,12,19,11,23,9],[22,10,24,2,18,14,6,12,20,11,19,23,9],[10,22,24,14,18,2,6,20,12,19,11,23,9],[18,22,14,6,2,10,12,24,20,19,11,23,9],[6,22,10,12,2,14,18,24,20,11,19,23,9],[22,18,2,10,12,14,6,24,20,19,11,23,9],[2,14,22,18,10,12,6,24,20,11,19,23,17,21,9],[2,6,10,18,22,24,14,20,12,19,11,23,17,21,9],[10,2,22,12,14,6,18,24,20,19,11,23,17,9],[18,10,2,6,22,12,14,24,20,19,11,23,17,21,9],[18,14,10,6,22,12,2,24,20,19,11,23,17,21,9],[22,2,6,10,24,18,14,20,12,19,11,23,9],[6,18,2,10,14,22,24,20,12,19,11,23,17,21,9],[18,14,22,10,12,2,6,24,20,11,19,23,17,21,9],[10,22,12,18,6,2,14,24,20,19,11,23,9],[6,2,10,18,14,22,12,24,20,11,19,23,9],[6,22,14,18,2,10,12,24,20,19,11,23,9],[10,6,2,14,18,22,12,24,20,11,19,23,17,21,9],[22,18,10,24,14,6,2,20,12,19,11,21,23,9],[18,6,10,2,14,22,12,24,20,11,19,23,17,21,9],[10,18,2,14,22,24,6,12,20,11,19,23,9],[10,6,22,12,2,14,18,24,20,19,11,23,17,9],[10,6,2,22,12,18,14,24,20,11,19,23,17,9],[22,18,14,6,2,10,12,24,20,19,11,23,17,21,9],[6,10,22,24,18,2,14,20,12,19,11,23,17,9],[6,18,22,10,12,2,14,24,20,19,11,23,9],[18,6,14,2,22,10,12,24,20,19,11,23,9],[10,2,14,22,24,18,6,20,12,19,11,23,9],[14,22,10,24,2,6,18,12,20,19,11,23,9],[10,2,22,12,14,18,6,24,20,19,11,23,17,9],[6,18,2,14,10,22,24,20,12,11,19,23,17,9],[10,22,12,14,6,2,18,24,20,11,19,23,9],[10,22,24,14,6,18,2,20,12,11,19,23,9],[22,14,10,12,2,6,18,24,20,11,19,23,17,9],[18,2,14,22,10,12,6,24,20,19,11,23,9],[14,18,2,10,22,24,6,12,20,11,19,23,17,9],[6,18,14,2,10,22,24,20,12,19,11,23,17,9],[2,10,14,18,22,12,6,24,20,11,19,23,9],[14,6,2,10,18,22,24,20,12,11,19,23,17,21,9],[18,10,2,6,22,12,14,24,20,11,19,23,17,9],[2,22,10,12,6,14,18,24,20,11,19,23,9],[6,22,10,12,2,18,14,24,20,11,19,23,17,21,9],[10,2,18,14,6,22,12,24,20,19,11,23,17,9],[22,2,18,14,10,24,6,12,20,19,11,23,9],[6,22,18,10,24,2,14,20,12,11,19,23,17,9],[14,18,10,6,22,24,2,20,12,11,19,23,17,9],[10,6,2,22,24,14,18,12,20,11,19,23,9],[14,2,10,18,6,22,12,24,20,19,11,23,9],[6,22,18,14,10,12,2,24,20,19,11,23,9],[6,10,14,22,12,18,2,24,20,19,11,23,17,9],[18,14,2,22,10,12,6,24,20,11,19,23,17,9],[22,2,10,12,18,6,14,24,20,11,19,23,17,9],[2,10,18,6,22,24,14,20,12,11,19,23,17,9],[18,22,10,12,2,6,14,24,20,19,11,23,17,21,9],[6,10,18,14,22,24,2,20,12,11,19,23,17,9],[14,6,10,22,12,2,18,24,20,11,19,23,17,21,9],[18,6,10,2,14,22,24,20,12,19,11,23,17,9],[2,22,6,14,18,10,12,24,20,11,19,23,9],[6,22,2,14,10,24,18,12,20,19,11,23,9],[22,10,12,14,18,6,2,24,20,11,19,23,9],[6,14,18,22,2,10,12,24,20,19,11,23,17,21,9],[6,22,18,14,2,10,24,12,20,19,11,23,17,21,9],[10,14,6,22,12,2,18,24,20,11,19,23,9],[2,10,18,6,14,22,12,24,20,19,11,23,9],[6,2,14,10,22,24,18,20,12,11,19,23,17,21,9],[14,18,2,6,10,22,24,20,12,19,11,23,17,21,9],[22,6,18,14,10,12,2,24,20,11,19,23,9],[6,2,22,10,12,18,14,24,20,11,19,23,17,21,9],[6,22,18,10,12,2,14,24,20,11,19,23,9],[2,22,14,6,18,10,24,20,12,11,19,23,17,9],[18,22,10,24,6,2,14,12,20,19,11,23,17,9],[14,22,18,2,6,10,12,24,20,19,11,23,17,9],[14,6,10,22,24,18,2,20,12,11,19,23,17,9],[2,10,18,6,14,22,12,24,20,19,11,23,17,21,9],[6,14,18,2,22,10,24,20,12,19,11,23,9],[10,18,14,22,24,2,6,12,20,19,11,23,9],[18,14,10,22,12,2,6,24,20,11,19,23,9],[6,10,22,24,14,18,2,12,20,11,19,23,17,21,9],[2,22,18,10,24,14,6,20,12,19,11,23,17,9],[2,14,10,22,12,6,18,24,20,11,19,23,9],[2,10,18,6,22,12,14,24,20,11,19,23,17,9],[10,14,2,22,12,6,18,24,20,11,19,23,9],[6,18,10,22,24,14,2,12,20,19,11,23,17,9],[14,6,10,18,22,12,2,24,20,11,19,23,17,21,9],[10,6,14,2,22,24,18,12,20,19,11,23,9],[18,2,6,22,14,10,12,24,20,19,11,23,9],[18,6,2,22,14,10,12,24,20,11,19,23,9],[10,22,24,14,18,6,2,12,20,19,11,23,9],[18,2,22,14,10,24,6,20,12,11,19,23,17,9],[18,10,22,24,14,2,6,20,12,11,19,23,9],[18,14,22,10,12,2,6,24,20,19,11,23,17,9],[22,14,18,6,2,10,12,24,20,11,19,23,9],[10,18,22,24,2,14,6,12,20,19,11,23,9],[14,6,18,2,10,22,24,12,20,11,19,23,17,21,9],[6,2,10,14,18,22,24,12,20,11,19,23,17,21,9],[10,14,18,2,22,12,6,24,20,11,19,23,17,9],[22,18,14,2,10,24,6,20,12,11,19,21,23,9],[10,14,22,24,6,18,2,12,20,19,11,23,17,21,9],[18,10,14,6,22,24,2,20,12,11,19,23,17,9],[6,22,10,12,14,2,18,24,20,19,11,23,9],[6,10,22,12,14,2,18,24,20,11,19,23,9],[6,10,18,14,22,24,2,20,12,19,11,23,17,9],[2,18,10,14,22,12,6,24,20,19,11,23,17,21,9],[2,22,10,24,18,6,14,12,20,11,19,23,9],[22,6,14,18,10,24,2,12,20,19,11,23,17,21,9],[22,14,18,2,6,10,24,20,12,11,19,23,9],[10,2,18,22,24,6,14,12,20,11,19,23,17,9],[14,22,18,10,24,2,6,12,20,19,11,23,17,21,9],[2,14,18,22,10,24,6,20,12,19,11,23,9],[18,14,2,22,10,24,6,12,20,11,19,23,9],[18,10,6,2,22,24,14,12,20,11,19,23,17,21,9],[10,2,6,18,14,22,24,12,20,11,19,23,9],[22,2,18,10,24,6,14,20,12,19,11,23,9],[2,22,6,14,10,12,18,24,20,19,11,23,17,21,9],[2,14,10,22,12,18,6,24,20,11,19,23,9],[18,6,14,2,10,22,24,12,20,11,19,23,9],[22,18,6,2,10,12,14,24,20,11,19,23,17,9],[14,18,10,6,2,22,12,24,20,19,11,23,17,9],[22,18,10,24,6,2,14,12,20,19,11,23,17,9],[22,2,14,18,6,10,12,24,20,19,11,23,17,9],[2,22,18,6,10,12,14,24,20,19,11,23,9],[2,10,14,18,6,22,24,20,12,19,11,23,17,9],[22,14,18,10,12,2,6,24,20,19,11,23,9],[14,18,2,10,6,22,24,20,12,11,19,23,17,9],[10,18,2,6,14,22,24,12,20,19,11,23,17,9],[22,6,18,2,14,10,24,20,12,11,19,23,17,21,9],[10,18,14,22,24,2,6,12,20,19,11,23,17,9],[18,2,22,14,10,12,6,24,20,11,19,23,17,9],[22,18,6,10,24,2,14,20,12,11,19,23,9],[2,14,10,18,6,22,24,12,20,19,11,21,23,9],[6,2,18,10,22,24,14,20,12,11,19,23,9],[10,