{"problem_id":"I5b0PAbIlpxRoZM","sigma":150,"alpha":3.162,"cost":0,"probabilities":"[0.27, 0.19, 0.18, 0.36]","payoff_matrix":"[[134, -166, -77, -24, -303, -38], [153, 80, 3, -261, 85, -66], [-135, 362, -70, -167, -118, -130], [-73, -226, -40, 14, 199, 84]]","uncovered":[[20,8,24,21,16,12,4,17,13,9,22,14,1,2,19,23,10,5,3,18,11,15,6,7],[24,12,8,20,17,4,16,21,13,9,14,1,2,22,3,23,18,19,10,5,11,15,7,6],[16,8,12,24,4,20,21,17,13,9,22,14,1,2,18,3,23,19,10,5,11,15],[24,20,17,8,16,12,4,21,13,9,14,1,22,2,19,3,23,11,5,18,10,15,6,7],[12,16,8,24,20,21,4,17,13,9,22,14,1,2,18,3,23,19,10,5,11,15],[4,20,16,12,8,24,21,17,13,9,22,14,1,2,18,3,23,19,10,5,11,15],[12,20,8,4,24,21,16,17,13,9,14,1,2,22,19,3,23,10,5,18,11,15],[12,4,8,24,20,21,16,17,13,9,22,14,1,2,18,23,3,19,10,5,11,15,6],[20,16,12,24,21,4,8,17,13,9,14,1,2,22,19,3,23,10,5,18,11,15,6,7],[24,16,4,12,8,20,17,13,21,9,14,1,22,2,19,23,10,7,5,3,18,11,15,6],[8,24,4,12,16,20,21,17,13,9,22,14,1,2,23,18,19,10,6,3,5,11,15,7],[4,16,20,12,24,21,8,17,13,9,22,14,1,2,18,23,19,10,5,3,11,15,7,6],[20,12,8,4,24,21,16,17,13,9,14,1,22,2,18,3,23,19,10,6,5,11,15],[12,8,4,24,20,21,16,17,13,9,14,1,22,2,18,3,23,19,10,5,11,15,7,6],[20,12,16,24,21,4,8,17,13,9,14,1,2,22,18,23,19,10,5,3,11,15],[12,16,4,8,20,24,17,21,13,9,22,14,1,2,18,3,23,19,10,5,11,15],[24,16,12,4,20,21,8,17,13,9,14,1,2,22,19,23,11,6,5,3,18,10,15],[20,16,4,12,8,24,17,13,21,9,14,1,22,2,18,3,23,19,11,5,10,15,6],[24,16,20,21,8,4,12,17,13,9,14,1,22,2,18,3,23,19,10,5,11,15],[8,16,20,12,24,21,4,17,13,9,14,1,22,2,18,3,23,19,11,5,10,15],[4,8,12,24,16,20,21,17,13,9,14,1,2,22,19,23,11,5,3,18,10,15,7,6],[8,24,4,20,21,12,16,17,13,9,14,1,22,2,18,3,23,19,10,5,11,15],[8,24,20,21,4,12,16,17,13,9,14,1,2,22,18,3,23,19,10,5,11,15,7,6],[24,12,16,4,20,17,8,13,21,9,14,1,22,2,23,18,19,10,5,3,11,15,7,6],[8,12,16,20,4,24,21,17,13,9,22,14,1,2,18,3,23,19,10,5,11,15],[24,16,12,20,21,8,4,17,13,9,22,14,1,2,18,23,19,10,7,5,3,11,15,6],[20,12,8,4,16,24,21,17,13,9,22,14,1,2,18,23,3,19,11,5,10,15],[16,20,24,21,4,8,12,17,13,9,22,14,1,2,18,23,19,10,5,3,11,15,6,7],[4,24,8,12,16,20,17,21,13,9,22,14,1,2,19,3,23,10,7,5,18,11,15,6],[12,24,4,16,8,20,21,17,13,9,22,14,1,2,18,3,23,19,10,5,11,15,7,6],[24,4,20,21,12,8,16,17,13,9,14,1,22,2,19,23,10,7,5,3,18,11,15,6],[12,4,20,16,24,17,8,13,21,9,14,1,2,22,18,3,23,19,10,6,5,11,15],[16,4,12,8,20,24,21,17,13,9,22,14,1,2,19,3,23,10,5,18,11,15,6],[20,12,16,4,24,17,8,21,13,9,14,1,2,22,18,23,3,19,10,5,11,15,6],[20,4,24,17,8,16,12,21,13,9,14,1,2,22,18,23,3,19,10,5,11,15],[4,8,16,24,12,20,21,17,13,9,22,14,1,2,18,3,23,19,10,6,5,11,15],[16,4,24,8,12,20,21,17,13,9,22,14,1,2,18,3,23,19,10,5,11,15,6,7],[4,8,24,12,16,20,17,13,21,9,22,14,1,2,18,23,19,11,7,5,3,10,15,6],[4,8,16,12,20,24,21,17,13,9,14,1,2,22,3,23,18,19,10,5,11,15,7,6],[12,8,20,24,21,4,16,17,13,9,22,14,1,2,18,3,23,19,10,5,11,15],[24,12,16,4,20,17,8,13,21,9,14,1,2,22,18,23,19,11,7,5,3,10,15,6],[16,24,20,17,4,8,12,21,13,9,22,14,1,2,18,3,23,19,10,5,11,15],[4,20,16,8,24,21,12,17,13,9,14,1,22,2,18,3,23,19,10,5,11,15,7,6],[4,12,24,16,20,17,8,21,13,9,22,14,1,2,19,23,11,5,3,18,10,15,7,6],[24,4,8,12,20,17,16,21,13,9,14,1,2,22,19,3,23,10,5,18,11,15,7,6],[16,20,24,17,8,4,12,21,13,9,22,14,1,2,3,23,18,19,10,5,11,15],[4,8,20,16,24,17,12,13,21,9,22,14,1,2,23,19,11,5,3,18,10,15,6],[24,20,21,16,8,4,12,17,13,9,22,14,1,2,18,23,3,19,10,7,5,11,15,6],[24,16,4,20,17,12,8,21,13,9,14,1,2,22,3,23,18,19,10,5,11,15],[12,16,8,4,24,20,21,17,13,9,14,1,2,22,18,23,3,19,10,5,11,15,6,7],[12,8,4,20,24,21,16,17,13,9,22,14,1,2,18,3,23,19,10,5,11,15,6],[12,20,8,16,24,17,4,13,21,9,14,1,22,2,18,3,23,19,10,6,5,11,15,7],[8,4,24,12,16,20,17,21,13,9,14,1,2,22,18,3,23,19,11,5,10,15,6],[24,8,20,21,4,16,12,17,13,9,14,1,2,22,19,23,11,7,5,3,18,10,15,6],[16,12,8,20,24,17,4,21,13,9,14,1,22,2,18,3,23,19,10,5,11,15,6,7],[4,20,16,12,8,24,17,21,13,9,14,1,22,2,18,3,23,19,11,6,5,10,15],[4,24,8,12,20,21,16,17,13,9,14,1,22,2,18,23,3,19,11,7,5,10,15,6],[24,4,12,16,20,17,8,13,21,9,14,1,22,2,18,23,19,11,7,5,3,10,15,6],[12,8,16,4,24,20,21,17,13,9,22,14,1,2,18,3,23,19,10,5,11,15],[20,8,24,17,16,12,4,21,13,9,14,1,2,22,19,3,23,10,5,18,11,15,7,6],[16,24,12,20,17,4,8,21,13,9,14,1,2,22,18,3,23,19,10,6,5,11,15,7],[4,12,8,16,20,24,21,17,13,9,14,1,22,2,18,3,23,19,10,5,11,15,7,6],[20,12,4,8,24,21,16,17,13,9,22,14,1,2,18,23,19,11,6,3,5,10,15],[20,12,16,8,4,24,17,13,21,9,14,1,22,2,18,3,23,19,11,5,10,15,7,6],[8,12,4,20,24,17,16,13,21,9,14,1,2,22,18,23,3,19,10,5,11,15,7,6],[20,12,24,17,4,16,8,21,13,9,22,14,1,2,18,3,23,19,10,6,5,11,15],[12,20,8,4,16,24,21,17,13,9,22,14,1,2,19,23,10,5,3,18,11,15,7,6],[4,16,12,24,20,17,8,13,21,9,22,14,1,2,18,3,23,19,10,6,5,11,15],[24,20,17,16,4,12,8,13,21,9,14,1,2,22,23,18,3,19,10,5,11,15,7,6],[12,8,24,4,20,17,16,13,21,9,14,1,22,2,19,3,23,10,5,18,11,15,7,6],[12,4,8,24,16,20,21,17,13,9,14,1,22,2,18,23,19,10,6,3,5,11,15,7],[20,16,12,4,8,24,17,21,13,9,22,14,1,2,19,23,11,7,5,3,18,10,15,6],[16,8,24,12,20,17,4,13,21,9,22,14,1,2,18,23,19,11,5,3,10,15,6],[12,8,4,16,20,24,17,21,13,9,14,1,2,22,18,3,23,19,10,7,5,11,15,6],[4,16,8,20,12,24,17,13,21,9,14,1,2,22,18,23,19,11,5,3,10,15,6],[20,16,4,8,24,21,12,17,13,9,22,14,1,2,18,23,19,10,3,7,5,11,6,15],[4,12,20,16,8,24,17,13,21,9,14,1,22,2,3,23,18,19,10,5,11,15,7,6],[24,12,8,20,17,16,4,21,13,9,22,14,1,2,18,3,23,19,10,7,5,11,15,6],[16,12,8,4,20,24,21,17,13,9,22,14,1,2,18,23,19,11,6,5,3,10,15,7],[16,4,24,8,20,17,12,13,21,9,14,1,2,22,23,18,19,10,5,3,11,15,6],[4,16,12,20,24,21,8,17,13,9,22,14,1,2,23,18,19,10,6,7,5,3,11,15],[16,12,24,4,8,20,17,13,21,9,22,14,1,2,18,23,3,19,10,6,5,11,15],[20,8,24,17,4,16,12,21,13,9,22,14,1,2,18,3,23,19,10,5,11,15,7,6],[4,8,20,12,24,17,16,13,21,9,14,1,22,2,18,23,3,19,10,7,5,11,15,6],[24,8,20,17,16,4,12,21,13,9,22,14,1,2,18,23,3,19,10,5,11,15],[20,8,4,12,24,17,16,13,21,9,22,14,1,2,18,23,19,10,5,3,11,15,6,7],[4,16,24,12,20,21,8,17,13,9,22,14,1,2,18,3,23,19,11,5,10,15],[20,24,21,4,12,8,16,17,13,9,22,14,1,2,19,23,10,5,3,18,11,15],[8,24,12,20,17,4,16,13,21,9,22,14,1,2,18,23,3,19,10,7,5,11,15,6],[24,20,21,12,8,4,16,17,13,9,22,14,1,2,18,3,23,19,10,6,5,11,15,7],[20,16,24,21,12,8,4,17,13,9,14,1,22,2,18,3,23,19,10,5,11,15,7,6],[20,12,4,16,8,24,21,17,13,9,14,1,2,22,18,3,23,19,11,6,5,10,15],[12,16,4,20,8,24,17,13,21,9,14,1,22,2,3,23,18,19,10,6,5,11,15],[12,20,16,4,8,24,21,17,13,9,22,14,1,2,18,3,23,19,10,5,11,15],[24,12,20,21,16,8,4,17,13,9,22,14,1,2,18,23,3,19,10,5,11,15],[8,16,24,12,20,17,4,13,21,9,14,1,2,22,19,23,11,5,3,18,10,15,6,7],[24,16,12,4,20,17,8,13,21,9,22,14,1,3,18,23,2,19,10,5,11,15,6,7],[16,12,24,4,20,17,8,21,13,9,14,1,22,2,18,23,3,19,10,5,11,15],[12,20,16,4,8,24,17,13,21,9,14,1,2,22,18,3,23,19,11,6,5,10,15,7],[4,8,12,20,24,17,16,21,13,9,14,1,22,2,18,3,23,19,10,5,11,15,7,6],[4,20,8,24,17,16,12,13,21,9,14,1,2,22,18,3,23,19,11,5,10,15],[16,8,20,4,12,24,21,17,13,9,14,1,22,2,18,23,3,19,10,7,5,11,15,6],[20,12,8,24,17,4,16,21,13,9,14,1,2,22,18,23,19,10,7,5,3,11,15,6],[4,20,8,24,21,12,16,17,13,9,14,1,22,2,18,3,23,19,10,5,11,6,15],[4,16,20,12,8,24,17,21,13,9,22,14,1,2,18,23,19,10,6,5,3,11,15],[16,20,4,12,8,24,17,21,13,9,22,14,1,2,18,3,23,19,10,5,11,15],[4,16,24,8,20,21,12,17,13,9,22,14,1,2,19,3,23,11,5,18,10,15,7,6],[12,4,8,16,24,20,17,21,13,9,14,1,22,2,18,23,19,10,5,3,11,15,7,6],[4,16,20,8,12,24,21,17,13,9,22,14,1,2,18,3,23,19,10,5,11,15,7,6],[24,16,4,8,20,17,12,21,13,9,14,1,22,2,18,23,3,19,10,5,11,15,7,6],[4,20,12,8,24,21,16,17,13,9,22,14,1,2,18,3,23,19,10,6,5,11,15],[4,24,12,16,20,17,8,13,21,9,22,14,1,2,18,3,23,19,10,5,11,15,6],[16,24,12,4,20,17,8,13,21,9,22,14,1,2,18,3,23,19,10,7,5,11,15,6],[12,8,4,24,16,20,17,21,13,9,14,1,2,22,18,23,19,11,5,3,10,15,7,6],[12,8,4,24,16,20,17,21,13,9,14,1,2,22,3,23,18,19,11,6,5,10,15],[24,12,8,20,17,4,16,21,13,9,22,14,1,2,18,23,3,19,10,6,5,11,15],[4,12,8,16,20,24,21,17,13,9,22,14,1,2,18,23,19,10,6,3,5,11,15,7],[12,24,16,4,20,21,8,17,13,9,14,1,22,2,19,23,10,7,5,3,18,11,15,6],[24,4,16,8,12,20,17,13,21,9,14,1,2,22,18,3,23,19,10,5,11,15,6,7],[8,16,20,4,24,21,12,17,13,9,14,1,2,22,18,3,23,19,10,5,11,15],[20,4,8,24,17,12,16,21,13,9,22,14,1,2,18,3,23,19,10,5,11,15,7,6],[16,20,8,12,4,24,17,21,13,9,22,14,1,2,18,3,23,19,10,5,11,15,7,6],[12,4,20,24,21,16,8,17,13,9,22,14,1,2,19,23,11,6,5,3,18,10,15,7],[16,4,24,12,8,20,17,13,21,9,14,1,2,22,18,3,23,19,10,6,5,11,15],[20,4,8,16,24,21,12,17,13,9,22,14,1,2,18,3,23,19,10,5,11,15],[8,16,24,12,4,20,21,17,13,9,14,1,22,2,3,23,18,19,10,5,11,15,7,6],[20,4,16,24,21,8,12,17,13,9,14,1,2,22,18,3,23,19,10,5,11,15],[12,16,4,20,24,17,8,13,21,9,14,1,22,2,18,23,3,19,11,5,10,15],[12,4,20,8,16,24,17,13,21,9,14,1,2,22,18,3,23,19,10,6,5,11,15],[12,20,24,17,8,4,16,13,21,9,22,14,1,2,3,23,18,19,10,5,11,15,7,6],[24,8,4,20,21,16,12,17,13,9,14,1,2,22,18,23,19,11,6,3,5,10,15,7],[24,12,16,20,17,8,4,21,13,9,14,1,2,22,3,23,18,19,10,5,11,15,6],[20,24,21,4,8,12,16,17,13,9,14,1,22,2,19,3,23,10,7,5,18,11,15,6],[12,24,16,8,20,21,4,17,13,9,14,1,2,22,18,3,23,19,10,5,11,15,7,6],[24,20,17,16,12,4,8,21,13,9,14,1,22,2,23,18,3,19,10,5,11,15],[16,4,12,24,20,21,8,17,13,9,22,14,1,2,18,23,3,19,10,5,11,15],[24,16,12,4,8,20,21,17,13,9,14,1,22,2,3,23,18,19,10,5,11,15],[16,24,12,20,17,8,4,13,21,9,22,14,1,2,18,23,19,11,7,5,3,10,15,6],[12,4,24,16,8,20,17,21,13,9,14,1,22,2,19,3,23,10,5,18,11,15,7,6],[20,12,16,24,21,8,4,17,13,9,14,1,2,22,18,3,23,19,10,6,5,11,15,7],[4,12,16,8,20,24,21,17,13,9,22,14,1,2,19,3,23,11,6,5,18,10,15],[12,4,20,16,8,24,21,17,13,9,22,14,1,2,18,3,23,19,10,7,5,11,6,15],[12,24,16,4,8,20,21,17,13,9,14,1,22,2,18,3,23,19,10,7,5,11,6,15],[8,4,24,20,17,16,12,13,21,9,22,14,1,2,3,23,18,19,10,5,11,15,7,6],[24,4,16,12,20,17,8,13,21,9,14,1,22,2,3,23,18,19,11,7,5,10,15,6],[16,20,24,21,8,12,4,17,13,9,14,1,22,2,23,18,3,19,10,7,5,11,6,15],[24,16,20,17,12,8,4,13,21,9,14,1,2,22,3,23,18,19,11,5,10,15],[12,24,8,16,4,20,21,17,13,9,14,1,2,22,3,23,18,19,10,5,11,15,6,7],[24,4,20,21,12,16,8,17,13,9,14,1,2,22,19,23,10,5,3,18,11,15,6,7],[8,24,12,20,17,16,4,21,13,9,22,14,1,2,19,3,23,10,7,5,18,11,15,6],[20,4,8,12,16,24,21,17,13,9,22,14,1,2,18,3,23,19,10,6,5,11,15,7],[4,16,8,24,20,21,12,17,13,9,14,1,2,22,18,3,23,19,10,5,11,15],[12,8,4,20,24,17,16,13,21,9,22,14,1,2,18,23,19,11,5,3,10,15,7,6],[12,16,4,8,20,24,17,13,21,9,14,1,22,2,18,23,19,10,6,3,5,11,15,7],[4,12,20,8,24,17,16,21,13,9,22,14,1,2,18,3,23,19,11,7,5,10,15,6],[16,4,8,12,20,24,21,17,13,9,14,1,22,2,3,23,18,19,10,5,11,15,6],[20,8,24,21,4,12,16,17,13,9,14,1,2,22,18,23,3,19,10,5,11,15],[4,12,24,20,21,16,8,17,13,9,22,14,1,2,18,23,19,10,6,5,3,11,15,7],[24,20,17,12,4,8,16,13,21,9,14,1,2,22,19,3,23,10,5,18,11,15,6],[4,8,12,24,20,17,16,13,21,9,14,1,22,2,18,23,3,19,11,6,5,10,15],[16,24,20,21,4,12,8,17,13,9,22,14,1,2,18,3,23,19,10,5,11,15,6],[24,12,8,20,21,4,16,17,13,9,22,14,1,2,18,23,19,10,7,5,3,11,15,6],[24,8,4,16,12,20,21,17,13,9,22,14,1,2,18,3,23,19,10,5,11,15,6,7],[20,24,21,8,12,4,16,17,13,9,22,14,1,2,19,3,23,10,7,5,18,11,15,6],[8,16,20,12,4,24,21,17,13,9,14,1,2,22,18,3,23,19,11,6,5,10,15],[24,4,20,21,16,8,12,17,13,9,14,1,2,22,18,23,3,19,10,5,11,15,6,7],[16,20,4,24,17,12,8,13,21,9,22,14,1,2,18,3,23,19,11,5,10,15,7,6],[4,8,20,24,17,16,12,21,13,9,14,1,2,22,19,23,11,7,5,3,18,10,15,6],[24,16,4,8,12,20,21,17,13,9,14,1,22,2,18,23,3,19,10,5,11,15],[16,24,8,20,21,12,4,17,13,9,14,1,2,22,3,23,18,19,10,5,11,15],[16,12,4,20,8,24,21,17,13,9,14,1,22,2,19,23,11,6,7,5,3,18,10,15],[8,12,4,20,24,21,16,17,13,9,22,14,1,2,18,23,19,10,7,5,3,11,15,6],[20,24,17,4,8,16,12,13,21,9,22,14,1,2,18,3,23,19,10,5,11,15],[4,20,24,17,16,12,8,13,21,9,22,14,1,2,18,23,3,19,11,5,10,15,6,7],[24,8,12,16,4,20,21,17,13,9,14,1,2,22,18,3,23,19,10,5,11,15],[20,12,4,16,24,21,8,17,13,9,22,14,1,2,18,23,3,19,10,5,11,15],[12,8,4,20,24,21,16,17,13,9,14,1,22,2,19,23,10,7,5,3,18,11,15,6],[20,4,16,8,12,24,21,17,13,9,14,1,2,22,18,23,3,19,10,5,11,6,15],[16,8,4,24,12,20,21,17,13,9,22,14,1,2,18,3,23,19,11,5,10,15,6,7],[8,24,16,12,20,21,4,17,13,9,22,14,1,2,18,23,19,11,5,3,10,15,6],[16,4,8,20,24,21,12,17,13,9,14,1,2,22,18,23,19,10,7,5,3,11,15,6],[4,12,20,8,16,24,17,13,21,9,14,1,22,2,18,3,23,19,10,7,5,11,15,6],[4,20,16,12,8,24,21,17,13,9,14,1,2,22,18,3,23,19,10,6,5,11,15,7],[16,4,24,12,20,17,8,13,21,9,22,14,1,2,18,3,23,19,10,7,5,11,15,6],[8,4,24,12,20,17,16,13,21,9,14,1,22,2,18,23,19,10,5,3,11,15],[16,8,4,12,20,24,21,17,13,9,14,1,22,2,18,3,23,19,10,7,5,11,15,6],[16,24,8,20,17,12,4,21,13,9,22,14,1,2,18,3,23,19,11,5,10,15],[20,24,17,12,8,16,4,21,13,9,14,1,22,2,19,23,10,6,7,5,3,18,11,15],[4,8,16,20,24,21,12,17,13,9,14,1,22,2,18,23,19,10,5,3,11,15],[4,16,12,8,20,24,21,17,13,9,14,1,22,2,18,23,3,19,10,5,11,15],[24,12,8,20,21,16,4,17,13,9,22,14,1,2,18,3,23,19,10,5,11,15],[8,24,16,4,12,20,21,17,13,9,22,14,1,2,18,23,3,19,11,5,10,15],[12,8,4,16,24,20,21,17,13,9,22,14,1,2,3,23,18,19,10,5,11,15,7,6],[8,12,4,20,16,24,17,21,13,9,22,14,1,2,23,18,19,10,5,3,11,15,6],[20,12,24,17,16,4,8,21,13,9,14,1,22,2,18,23,3,19,10,5,11,15,7,6],[12,20,16,4,24,17,8,21,13,9,22,14,1,2,18,23,3,19,11,5,10,15,7,6],[24,4,20,17,8,16,12,21,13,9,14,1,22,2,3,23,18,19,11,6,5,10,15],[8,12,4,20,24,21,16,17,13,9,14,1,22,2,18,3,23,19,10,5,11,15,6,7],[8,16,24,12,4,20,21,17,13,9,22,14,1,2,18,23,19,10,6,3,5,11,15,7],[12,24,16,4,20,17,8,21,13,9,14,1,2,22,23,18,3,19,10,5,11,15,6,7],[4,8,24,16,12,20,17,21,13,9,14,1,2,22,23,19,11,7,5,3,18,10,15,6],[12,24,16,20,17,8,4,21,13,9,22,14,1,2,3,23,18,19,11,7,5,10,6,15],[24,20,17,12,4,16,8,13,21,9,14,1,22,2,18,23,3,19,10,6,5,11,15],[8,4,24,20,17,16,12,21,13,9,14,1,22,2,18,3,23,19,10,7,5,11,15,6],[24,8,12,4,20,21,16,17,13,9,14,1,22,2,18,23,3,19,10,5,11,15,7,6],[16,20,12,4,24,21,8,17,13,9,22,14,1,2,18,23,19,10,6,3,5,11,15,7],[4,24,16,8,20,17,12,13,21,9,22,14,1,2,18,23,3,19,10,7,5,11,15,6],[24,8,16,20,17,12,4,13,21,9,22,14,1,2,18,23,19,10,7,5,3,11,15,6],[4,24,8,20,21,12,16,17,13,9,22,14,1,2,18,3,23,19,10,6,5,11,15],[4,20,16,12,8,24,21,17,13,9,22,14,1,2,18,23,19,10,5,3,11,15,6],[4,20,16,8,12,24,17,21,13,9,22,14,1,2,18,3,23,19,11,5,10,15],[16,4,24,12,8,20,17,13,21,9,14,1,22,2,18,3,23,19,10,6,5,11,15,7],[8,16,4,24,20,21,12,17,13,9,14,1,2,22,19,3,23,11,5,18,10,15,7,6],[24,8,12,20,17,16,4,21,13,9,14,1,2,22,18,3,23,19,10,5,11,6,15],[24,16,20,17,4,12,8,13,21,9,14,1,22,2,3,23,18,19,10,5,11,15,6,7],[20,16,24,21,12,4,8,17,13,9,22,14,1,2,18,23,19,11,7,5,3,10,15,6],[20,12,16,8,4,24,17,21,13,9,22,14,1,2,18,23,19,11,5,3,10,15,7,6],[4,12,20,8,16,24,21,17,13,9,14,1,2,22,18,23,19,11,6,3,5,10,15,7],[4,16,20,8,24,21,12,17,13,9,14,1,2,22,3,23,18,19,10,6,5,11,15,7],[12,20,8,4,16,24,17,13,21,9,22,14,1,2,23,18,3,19,10,5,11,15],[16,4,24,8,20,17,12,21,13,9,22,14,1,2,18,3,23,19,10,5,11,15,6,7],[4,20,16,8,12,24,21,17,13,9,14,1,2,22,18,23,19,10,6,7,5,3,11,15],[4,16,24,20,21,12,8,17,13,9,22,14,1,2,19,23,11,7,5,3,18,10,15,6],[20,12,16,4,24,21,8,17,13,9,14,1,2,22,18,3,23,19,11,5,10,15,7,6],[12,4,16,20,8,24,17,21,13,9,22,14,1,2,18,23,19,11,7,5,3,10,15,6],[20,4,12,8,16,24,17,13,21,9,22,14,1,2,19,23,10,3,6,5,18,11,15,7],[16,24,12,4,20,17,8,21,13,9,22,14,1,2,18,3,23,19,10,5,11,15,7,6],[4,12,24,16,8,20,17,13,21,9,22,14,1,2,18,23,19,11,6,7,5,3,10,15],[12,8,16,20,4,24,21,17,13,9,14,1,22,2,18,23,19,10,5,3,11,6,15,7],[24,4,12,16,8,20,21,17,13,9,14,1,2,22,19,3,23,10,5,18,11,6,15],[12,24,20,21,16,4,8,17,13,9,14,1,22,2,18,3,23,19,11,6,5,10,15],[24,8,12,16,4,20,17,21,13,9,14,1,2,22,19,23,10,7,5,3,18,11,15,6],[12,24,16,20,17,8,4,13,21,9,14,1,2,22,18,23,19,10,7,5,3,11,15,6],[24,20,21,4,12,16,8,17,13,9,22,14,1,2,19,3,23,10,7,5,18,11,15,6],[12,20,16,8,24,17,4,21,13,9,22,14,1,2,23,19,11,7,5,3,18,10,15,6],[12,8,4,24,20,21,16,17,13,9,22,14,1,2,23,18,19,11,5,3,10,15],[4,20,16,24,17,8,12,13,21,9,22,14,1,2,19,3,23,10,7,5,18,11,15,6],[12,4,20,24,17,16,8,21,13,9,22,14,1,2,18,3,23,19,10,5,11,15,7,6],[20,8,24,21,16,12,4,17,13,9,14,1,22,2,3,23,18,19,10,6,5,11,15,7],[4,8,24,20,17,16,12,21,13,9,14,1,2,22,23,18,3,19,10,6,5,11,15],[8,20,4,16,24,17,12,13,21,9,14,1,2,22,18,3,23,19,10,6,5,11,15],[4,20,12,24,21,16,8,17,13,9,22,14,1,2,18,3,23,19,10,5,11,15,7,6],[12,16,8,4,24,20,17,21,13,9,22,14,1,2,18,3,23,19,10,5,11,15,7,6],[4,12,20,16,24,21,8,17,13,9,22,15,1,2,18,3,23,19,10,5,14,11,6,7],[8,12,16,24,20,21,4,17,13,9,22,14,1,2,18,3,23,19,10,6,5,11,15,7],[20,24,21,12,4,16,8,17,13,9,22,14,1,2,18,3,23,19,11,5,10,15,7,6],[4,12,8,16,24,20,17,13,21,9,14,1,2,22,18,3,23,19,10,5,11,15,7,6],[24,12,8,16,4,20,17,13,21,9,22,14,1,2,18,3,23,19,10,5,11,15],[24,16,20,21,12,4,8,17,13,9,14,1,22,2,18,3,23,19,11,5,10,15,7,6],[16,24,4,20,21,8,12,17,13,9,22,14,1,2,18,3,23,19,10,7,5,11,15,6],[12,8,4,24,16,20,17,13,21,9,22,14,1,2,19,23,10,6,7,5,3,18,11,15],[16,12,8,4,24,20,17,13,21,9,22,14,1,2,18,23,19,11,6,3,5,10,15,7],[16,4,24,20,21,8,12,17,13,9,14,1,22,2,23,18,19,10,7,5,3,11,6,15],[12,24,8,16,4,20,21,17,13,9,14,1,22,2,19,23,10,6,5,3,18,11,15,7],[16,8,24,4,20,17,12,21,13,9,14,1,2,22,18,3,23,19,10,5,11,15,6],[12,20,16,8,24,17,4,13,21,9,14,1,2,22,18,23,19,10,3,5,11,15,7,6],[20,16,4,8,12,24,21,17,13,9,14,1,22,2,18,23,19,10,5,3,11,15,6],[12,20,8,24,17,4,16,21,13,9,22,14,1,2,18,23,3,19,10,5,11,15,6],[20,8,16,4,12,24,17,21,13,9,22,14,1,2,23,18,3,19,10,6,5,11,15,7],[4,24,20,17,16,8,12,13,21,9,22,14,1,2,3,23,18,19,10,5,11,15,7,6],[4,24,20,17,12,8,16,13,21,9,22,14,1,2,18,3,23,19,10,5,11,15,7,6],[8,12,16,4,24,20,21,17,13,9,22,14,1,2,18,23,19,11,7,5,3,10,15,6],[20,12,8,4,16,24,17,13,21,9,14,1,2,22,18,3,23,19,10,7,5,11,15,6],[24,16,20,21,4,12,8,17,13,9,22,14,1,2,18,3,23,19,10,7,5,11,15,6],[12,24,8,20,21,16,4,17,13,9,22,14,1,2,18,3,23,19,10,5,11,15],[12,24,16,8,20,21,4,17,13,9,14,1,2,22,19,23,11,6,3,5,18,10,15],[24,12,4,20,21,16,8,17,13,9,14,1,22,2,19,23,11,7,5,3,18,10,15,6],[8,4,16,24,20,17,12,13,21,9,22,14,1,2,3,23,18,19,10,5,11,15,6,7],[24,16,12,20,17,4,8,21,13,9,14,1,2,22,18,23,3,19,11,5,10,15],[20,24,21,4,16,12,8,17,13,9,14,1,22,2,23,18,19,11,7,5,3,10,15,6],[8,12,24,20,21,16,4,17,13,9,14,1,2,22,18,23,3,19,11,5,10,15,6],[20,16,24,17,8,12,4,21,13,9,14,1,22,2,19,23,10,6,7,5,3,18,11,15],[20,12,16,4,8,24,17,21,13,9,14,1,2,22,18,3,23,19,10,5,11,15],[8,4,12,20,16,24,21,17,13,9,14,1,22,2,18,23,3,19,10,5,11,15,7,6],[8,16,12,24,4,20,17,21,13,9,22,14,1,2,19,3,23,10,7,5,18,11,15,6],[16,12,4,8,24,20,17,13,21,9,14,1,22,2,18,3,23,19,11,5,15,10],[12,8,24,4,16,20,17,21,13,9,14,1,22,2,18,23,3,19,10,7,5,11,15,6],[24,16,8,4,12,20,17,21,13,9,22,14,1,2,18,3,23,19,10,6,5,11,15,7],[16,24,4,20,17,8,12,21,13,9,14,1,22,2,18,23,3,19,10,5,11,15,7,6],[16,20,8,4,12,24,17,13,21,9,14,1,22,2,18,23,19,11,6,3,5,10,15],[20,16,24,21,8,12,4,17,13,9,14,1,2,22,18,23,19,11,6,3,5,10,15],[4,16,24,20,17,12,8,13,21,9,22,14,1,2,19,23,10,5,3,18,11,15,6],[16,24,12,20,21,8,4,17,13,9,22,14,1,2,18,3,23,19,10,5,11,15,6,7],[24,20,21,12,8,16,4,17,13,9,14,1,22,2,19,23,10,6,5,3,18,11,15,7],[8,16,20,12,4,24,21,17,13,9,22,14,1,2,18,3,23,19,10,5,11,15],[16,8,20,4,12,24,17,13,21,9,22,14,1,2,23,18,3,19,10,5,11,15],[12,24,4,20,17,8,16,13,21,9,14,1,22,2,18,3,23,19,10,7,5,11,15,6],[12,16,8,24,20,17,4,13,21,9,22,14,1,2,18,3,23,19,10,7,5,11,15,6],[4,20,8,24,17,12,16,13,21,9,22,14,1,2,3,23,18,19,10,5,11,15,6,7],[16,4,12,24,20,17,8,13,21,9,22,14,1,2,18,3,23,19,10,6,5,11,15],[4,12,8,16,24,20,21,17,13,9,14,1,2,22,19,23,11,5,3,18,10,15,7,6],[4,16,12,20,8,24,21,17,13,9,14,1,22,2,18,23,19,10,6,3,5,11,15],[8,16,20,24,21,12,4,17,13,9,22,14,1,2,18,3,23,19,10,5,11,15,7,6],[8,12,24,20,21,4,16,17,13,9,22,14,1,2,3,23,18,19,10,5,11,15,6],[8,4,16,24,20,17,12,21,13,9,22,14,1,2,18,23,3,19,11,6,5,10,15,7],[4,20,24,21,16,8,12,17,13,9,22,14,1,2,18,23,3,19,10,5,11,15,6,7],[4,12,8,16,20,24,21,17,13,9,14,1,22,2,18,23,3,19,10,5,11,15],[8,20,24,21,4,12,16,17,13,9,22,14,1,2,19,3,23,10,6,7,5,18,11,15],[12,24,4,8,20,17,16,13,21,9,14,1,2,22,18,23,3,19,10,5,11,15],[12,20,24,21,16,4,8,17,13,9,22,14,1,2,18,3,23,19,10,6,5,11,15,7],[16,12,24,8,20,17,4,21,13,9,14,1,22,2,18,3,23,19,10,6,5,11,15],[20,12,8,24,21,4,16,17,13,9,14,1,22,2,23,18,19,11,6,5,3,10,15,7],[4,20,8,24,21,16,12,17,13,9,22,14,1,2,18,3,23,19,10,5,11,15,6,7],[16,20,4,8,12,24,17,13,21,9,14,1,2,22,23,18,19,10,5,3,11,15,6,7],[20,24,17,4,12,16,8,21,13,9,22,14,1,2,18,23,3,19,10,5,11,15,7,6],[20,24,17,12,8,4,16,13,21,9,14,1,22,2,18,3,23,19,10,5,11,15,6],[24,20,17,4,8,12,16,13,21,9,14,1,22,2,18,3,23,19,10,5,11,15],[12,24,16,4,8,20,21,17,13,9,22,14,1,2,18,3,23,19,10,5,11,15,7,6],[4,24,8,20,21,16,12,17,13,9,14,1,22,2,18,3,23,19,11,5,10,15,6],[8,12,4,16,24,20,17,13,21,9,14,1,2,22,18,3,23,19,11,5,10,15,6,7],[12,8,20,24,21,4,16,17,13,9,22,14,1,2,18,23,3,19,10,6,5,11,15,7],[12,16,4,20,8,24,17,13,21,9,14,1,22,2,3,23,18,19,10,5,11,15],[4,16,24,12,20,17,8,21,13,9,14,1,22,2,18,23,19,10,5,3,11,15,7,6],[8,12,4,24,20,17,16,13,21,9,14,1,22,2,18,3,23,19,10,5,11,15,6],[16,4,20,8,24,21,12,17,13,9,14,1,2,22,3,23,18,19,10,5,11,15,7,6],[24,4,16,20,21,12,8,17,13,9,14,1,22,2,18,3,23,19,10,7,5,11,15,6],[20,8,16,12,24,21,4,17,13,9,14,1,2,22,18,23,19,10,5,3,11,15],[8,20,24,17,16,4,12,21,13,9,22,14,1,2,3,23,18,19,10,5,11,15,6],[24,4,20,21,8,12,16,17,13,9,14,1,22,2,18,23,3,19,10,6,5,11,15],[24,4,20,17,12,16,8,13,21,9,14,1,22,2,3,23,18,19,10,5,11,15,7,6],[20,24,21,16,4,8,12,17,13,9,22,14,1,2,18,3,23,19,10,5,11,15,6],[24,8,4,16,20,21,12,17,13,9,22,14,1,2,18,23,3,19,10,6,5,11,15,7],[8,24,4,20,21,16,12,17,13,9,14,1,2,22,3,23,18,19,10,5,11,15,7,6],[20,16,24,17,4,12,8,13,21,9,22,14,1,2,18,3,23,19,10,5,11,15,6,7],[8,4,24,16,20,17,12,13,21,9,22,14,1,2,19,3,23,10,5,18,11,15,7,6],[12,8,4,24,16,20,21,17,13,9,14,1,2,22,18,23,3,19,11,5,10,15,6],[8,20,16,4,12,24,17,21,13,9,22,14,1,2,18,3,23,19,10,5,11,15,6,7],[12,8,24,4,16,20,21,17,13,9,22,14,1,2,18,3,23,19,10,5,11,15,7,6],[4,16,24,20,21,12,8,17,13,9,14,1,2,22,18,23,19,10,7,5,3,11,15,6],[4,24,8,16,20,17,12,21,13,9,14,1,22,2,18,23,19,10,7,5,3,11,15,6],[24,20,21,8,4,12,16,17,13,9,22,14,1,2,18,3,23,19,10,7,5,11,15,6],[4,20,16,12,24,21,8,17,13,9,22,14,1,2,19,3,23,10,5,18,11,15,6,7],[16,12,20,24,21,4,8,17,13,9,22,14,1,2,18,23,19,11,5,3,10,15,7,6],[20,12,16,4,8,24,17,13,21,9,14,1,2,22,18,23,19,10,6,3,5,11,15],[8,12,24,20,21,16,4,17,13,9,14,1,22,2,18,23,3,19,10,5,11,15],[20,12,16,8,4,24,21,17,13,9,14,1,2,22,18,3,23,19,10,5,11,15,6,7],[20,8,16,24,17,12,4,13,21,9,22,14,1,2,18,3,23,19,11,5,10,15],[24,20,17,12,4,16,8,13,21,9,14,1,22,2,19,23,10,7,5,3,18,11,15,6],[8,12,16,24,20,21,4,17,13,9,22,14,1,2,18,23,3,19,11,7,5,10,15,6],[4,8,20,12,16,24,17,13,21,9,14,1,2,22,18,3,23,19,10,5,11,15],[16,4,24,20,21,12,8,17,13,9,22,14,1,2,18,23,3,19,10,5,11,15,7,6],[4,16,24,20,17,12,8,13,21,9,14,1,2,22,18,23,19,11,7,5,3,10,15,6],[8,20,24,21,16,12,4,17,13,9,14,1,22,2,18,3,23,19,10,7,5,11,15,6],[16,4,8,12,24,20,17,21,13,9,22,14,1,2,18,3,23,19,10,6,5,11,15],[12,20,24,21,4,8,16,17,13,9,22,14,1,2,3,23,18,19,10,7,5,11,15,6],[16,12,4,20,24,17,8,13,21,9,22,14,1,2,3,23,18,19,10,5,11,15],[20,16,4,24,21,12,8,17,13,9,22,14,1,2,18,3,23,19,10,5,11,15],[16,4,20,24,17,12,8,13,21,9,22,14,1,2,18,3,23,19,10,7,5,11,15,6],[12,24,16,4,20,17,8,21,13,9,14,1,22,2,23,18,3,19,10,5,11,15,7,6],[16,24,4,20,21,8,12,17,13,9,14,1,2,22,19,3,23,11,5,18,10,15,6,7],[20,16,4,24,17,8,12,13,21,9,22,14,1,2,18,23,19,10,5,3,11,15,7,6],[12,24,8,20,17,16,4,13,21,9,14,1,22,2,18,23,19,11,5,3,10,15],[8,4,24,20,21,12,16,17,13,9,14,1,22,2,18,3,23,19,10,7,5,11,6,15],[24,8,20,21,12,16,4,17,13,9,14,1,2,22,18,3,23,19,10,5,11,15,6,7],[12,8,24,16,4,20,21,17,13,9,22,14,1,2,18,3,23,19,11,5,10,15,6,7],[16,4,12,24,8,20,17,21,13,9,22,14,1,2,18,23,3,19,10,6,5,11,15,7],[20,16,4,12,8,24,21,17,13,9,22,14,1,2,18,23,19,11,5,3,10,15,7,6],[4,8,20,16,24,21,12,17,13,9,22,14,1,2,18,3,23,19,10,7,5,11,15,6],[20,12,16,4,8,24,21,17,13,9,22,14,1,2,18,23,3,19,10,5,11,15,6],[24,20,17,4,12,16,8,21,13,9,22,14,1,2,3,23,18,19,10,7,5,11,6,15],[8,12,24,16,4,20,21,17,13,9,22,14,1,2,18,3,23,19,10,5,11,15],[24,20,17,16,4,12,8,21,13,9,14,1,2,22,18,23,3,19,10,5,11,15,7,6],[20,4,24,17,12,16,8,21,13,9,14,1,22,2,18,23,3,19,10,7,5,11,15,6],[20,12,16,8,4,24,21,17,13,9,22,14,1,2,18,3,23,19,11,6,5,10,15,7],[4,12,8,16,20,24,21,17,13,9,14,1,2,22,18,3,23,19,10,7,5,11,15,6],[12,4,20,24,17,8,16,21,13,9,14,1,22,2,23,18,3,19,10,5,11,15,7,6],[8,12,16,20,4,24,21,17,13,9,22,14,1,2,18,3,23,19,10,5,11,7,6,15],[24,4,12,16,8,20,17,21,13,9,22,14,1,2,18,23,19,11,7,5,3,10,15,6],[4,8,20,16,12,24,17,21,13,9,22,14,1,2,18,23,3,19,10,6,5,11,15,7],[20,16,4,24,17,12,8,13,21,9,22,14,1,2,3,23,18,19,10,5,11,15,7,6],[8,16,12,20,4,24,17,21,13,9,22,14,1,2,3,23,18,19,10,5,11,15],[4,8,16,12,24,20,21,17,13,9,22,14,1,2,18,3,23,19,10,6,7,5,11,15],[20,12,16,8,4,24,21,17,13,9,14,1,22,2,23,18,19,10,6,5,3,11,15,7],[20,12,4,16,24,21,8,17,13,9,14,1,2,22,18,23,19,10,7,5,3,11,15,6],[8,24,12,20,21,16,4,17,13,9,22,14,1,2,18,23,19,11,5,3,10,15,7,6],[20,8,24,21,4,16,12,17,13,9,22,14,1,2,23,19,11,7,5,3,18,10,15,6],[4,8,16,20,12,24,21,17,13,9,14,1,22,2,19,23,11,5,3,18,10,15,6],[12,20,8,4,16,24,17,13,21,9,14,1,2,22,18,3,23,19,10,5,11,15,6],[12,4,24,8,20,17,16,13,21,9,14,1,2,22,18,23,19,10,6,5,3,11,15,7],[8,4,12,20,16,24,17,21,13,9,14,1,2,22,18,3,23,19,10,6,5,11,15],[4,24,16,8,12,20,21,17,13,9,14,1,22,2,18,3,23,19,10,7,5,11,6,15],[8,12,20,24,17,4,16,13,21,9,14,1,2,22,18,23,3,19,10,5,11,15,6,7],[4,8,16,20,24,21,12,17,13,9,22,14,1,2,18,23,19,10,7,5,3,11,15],[20,8,12,24,17,16,4,21,13,9,22,14,1,2,18,23,19,10,7,5,3,11,6,15],[24,12,16,20,17,4,8,13,21,9,22,14,1,2,18,3,23,19,11,5,10,15,7,6],[16,8,12,20,4,24,17,21,13,9,22,14,1,2,18,23,3,19,10,7,5,11,15,6],[4,12,20,24,17,16,8,13,21,9,14,1,22,2,18,3,23,19,10,5,11,15,7,6],[4,24,16,8,20,21,12,17,13,9,22,14,1,2,23,18,3,19,10,7,5,11,15,6],[20,24,21,16,4,12,8,17,13,9,14,1,22,2,3,23,18,19,10,6,5,11,15],[24,12,8,16,20,17,4,13,21,9,22,14,1,2,18,3,23,19,10,5,11,15,6,7],[12,8,4,20,16,24,21,17,13,9,22,14,1,2,18,23,3,19,10,5,11,15,7,6],[12,16,20,24,21,4,8,17,13,9,14,1,2,22,19,23,11,7,5,3,18,10,15,6],[4,20,16,12,8,24,21,17,13,9,14,1,2,22,18,3,23,19,11,5,10,15,6],[12,4,24,20,21,8,16,17,13,9,14,1,2,22,18,3,23,19,11,7,5,10,15,6],[12,20,16,24,17,4,8,13,21,9,14,1,22,2,18,23,19,11,6,3,5,10,15],[24,16,4,12,8,20,21,17,13,9,14,1,2,22,18,3,23,19,10,5,11,15,7,6],[16,8,12,20,4,24,21,17,13,9,14,1,2,22,23,18,19,11,5,3,10,15],[8,4,24,16,20,17,12,21,13,9,14,1,2,22,3,23,18,19,10,5,11,15],[12,16,8,24,4,20,21,17,13,9,14,1,22,2,18,23,3,19,10,5,11,15,6],[8,16,4,12,20,24,21,17,13,9,14,1,22,2,18,3,23,19,10,5,11,15,6,7],[8,12,4,24,16,20,21,17,13,9,22,14,1,2,18,3,23,19,11,5,10,15,7,6],[8,12,4,16,24,20,17,21,13,9,14,1,2,22,18,23,19,11,6,3,5,10,15,7],[8,24,16,4,12,20,17,13,21,9,14,1,22,2,18,3,23,19,11,5,10,15,6,7],[16,4,20,8,24,17,12,13,21,9,22,14,1,2,18,23,3,19,10,5,11,15,6],[20,12,8,4,24,21,16,17,13,9,14,1,2,22,18,3,23,19,10,5,11,15,7,6],[4,24,12,16,20,17,8,13,21,9,14,1,22,2,23,18,19,11,6,3,5,10,15],[4,16,24,12,8,20,17,13,21,9,14,1,2,22,19,3,23,10,5,18,11,15,7,6],[8,4,12,20,16,24,21,17,13,9,14,1,2,22,18,3,23,19,10,5,11,15,6],[8,20,12,16,4,24,21,17,13,9,22,14,1,2,18,23,19,11,6,5,3,10,15,7],[24,8,4,20,17,12,16,21,13,9,14,1,22,2,19,23,11,7,5,3,18,10,15,6],[16,12,24,8,4,20,21,17,13,9,14,1,2,22,18,3,23,19,10,5,11,15,6,7],[8,20,12,4,24,17,16,13,21,9,14,1,2,22,18,23,3,19,10,5,11,15],[12,8,24,20,21,16,4,17,13,9,22,14,1,2,18,3,23,19,10,5,11,15],[8,20,16,24,21,12,4,17,13,9,14,1,2,22,18,23,19,10,5,3,11,15,6],[16,8,12,24,4,20,17,13,21,9,14,1,22,2,18,3,23,19,10,5,11,15,7,6],[8,24,16,4,12,20,21,17,13,9,14,1,22,2,18,23,19,11,6,7,5,3,10,15],[12,24,4,16,20,17,8,13,21,9,22,14,1,2,18,3,23,19,10,5,11,15,6,7],[12,4,16,8,20,24,21,17,13,9,22,14,1,2,18,3,23,19,10,5,11,15],[4,8,20,24,21,16,12,17,13,9,22,14,1,2,23,18,3,19,10,5,11,15,6],[4,8,20,24,21,12,16,17,13,9,22,14,1,2,18,23,19,10,6,7,5,3,11,15],[8,4,20,24,17,12,16,13,21,9,14,1,22,2,18,3,23,19,10,6,5,11,15,7],[24,12,16,20,17,4,8,13,21,9,14,1,2,22,3,23,18,19,11,5,10,15],[20,24,17,8,12,16,4,21,13,9,14,1,2,22,3,23,18,19,10,5,11,15,7,6],[20,24,17,4,12,8,16,13,21,9,14,1,22,2,18,3,23,19,10,6,5,11,15],[12,8,4,16,24,20,17,21,13,9,14,1,22,2,18,3,23,19,10,5,11,15],[16,24,4,8,20,17,12,13,21,9,22,14,1,2,18,3,23,19,11,5,10,15],[20,8,24,17,16,12,4,13,21,9,14,1,22,2,18,23,3,19,10,6,5,11,15,7],[4,8,24,20,17,12,16,13,21,9,22,14,1,2,18,3,23,19,10,5,11,15,6],[16,12,8,4,20,24,21,17,13,9,14,1,2,22,18,23,19,11,3,5,10,15,7,6],[16,12,20,8,4,24,21,17,13,9,14,1,22,2,23,18,19,10,5,3,11,15],[20,8,24,17,4,16,12,21,13,9,22,14,1,2,19,3,23,10,5,18,11,15],[4,16,20,8,12,24,21,17,13,9,22,14,1,2,18,23,3,19,10,6,5,11,15],[16,12,8,4,24,20,21,17,13,9,22,14,1,2,18,23,3,19,10,5,11,15,6,7],[4,12,24,20,21,16,8,17,13,9,22,14,1,2,18,23,3,19,10,5,11,15,6],[16,24,4,20,17,12,8,21,13,9,14,1,22,2,18,23,3,19,11,5,10],[24,4,12,16,8,20,17,13,21,9,14,1,22,2,19,3,23,10,5,18,11,15,6,7],[8,4,24,16,12,20,21,17,13,9,22,14,1,2,19,3,23,10,7,5,18,11,6,15],[20,16,8,12,24,21,4,17,13,9,14,1,2,22,18,3,23,19,10,5,11,15],[24,20,21,8,16,4,12,17,13,9,14,1,22,2,18,3,23,19,10,5,11,15,6,7],[8,12,24,4,20,21,16,17,13,9,22,14,1,2,23,18,3,19,11,5,10,15],[24,16,12,4,20,21,8,17,13,9,22,14,1,2,18,3,23,19,10,5,11,15,6,7],[12,8,24,4,16,20,21,17,13,9,14,1,2,22,18,3,23,19,10,7,5,11,15,6],[20,12,4,16,24,21,8,17,13,9,22,14,1,2,18,23,3,19,10,7,5,11,15,6],[16,12,4,24,8,20,21,17,13,9,14,1,22,2,18,23,3,19,10,5,11,15,7,6],[20,24,21,8,16,4,12,17,13,9,22,14,1,2,18,23,19,11,3,5,10,15,7,6],[8,4,24,20,17,16,12,21,13,9,14,1,2,22,18,23,19,10,6,7,5,3,11,15],[12,16,24,4,20,17,8,21,13,9,14,1,2,22,18,3,23,19,10,5,11,15,7,6],[16,20,24,17,4,8,12,13,21,9,14,1,2,22,18,3,23,19,10,5,11,7,6,15],[24,16,4,20,17,8,12,21,13,9,14,1,22,2,18,3,23,19,10,5,11,15],[20,24,17,16,4,8,12,13,21,9,22,14,1,2,19,3,23,10,5,18,11,15,7,6],[16,8,20,12,4,24,21,17,13,9,14,1,2,22,18,3,23,19,10,6,5,11,15],[16,12,8,24,20,17,4,21,13,9,14,1,22,2,18,23,19,10,6,3,5,11,15,7],[8,24,12,16,4,20,17,13,21,9,14,1,22,2,23,18,19,10,3,6,5,11,15],[8,24,12,16,4,20,21,17,13,9,22,14,1,2,18,23,3,19,10,5,11,15],[16,8,4,12,20,24,17,13,21,9,14,1,2,22,18,3,23,19,10,5,11,15,6],[24,12,8,20,21,16,4,17,13,9,14,1,2,22,19,23,10,6,5,3,18,11,15],[12,8,24,4,20,21,16,17,13,9,14,1,2,22,18,23,3,19,10,5,11,15,6],[4,24,16,8,12,20,21,17,13,9,22,14,1,2,18,3,23,19,11,5,10,15,6],[8,12,4,24,20,21,16,17,13,9,22,14,1,2,23,18,19,10,6,7,5,3,11,15],[20,16,4,12,8,24,17,21,13,9,22,14,1,2,19,3,23,10,6,5,18,11,15,7],[20,12,16,24,17,8,4,13,21,9,14,1,2,22,3,23,18,19,10,5,11,15,7,6],[8,16,12,20,24,21,4,17,13,9,14,1,22,2,18,23,3,19,10,5,11,7,15,6],[8,20,4,16,24,21,12,17,13,9,14,1,2,22,18,3,23,19,10,7,5,11,6,15],[12,16,24,20,17,4,8,13,21,9,22,14,1,2,18,23,19,10,6,3,5,11,15,7],[24,12,20,17,8,16,4,21,13,9,22,14,1,2,18,23,3,19,10,7,5,11,15,6],[12,4,20,24,21,16,8,17,13,9,14,1,2,22,19,3,23,10,5,18,11,15],[24,8,16,12,4,20,21,17,13,9,14,1,2,22,18,3,23,19,10,7,5,11,15,6],[12,8,16,20,24,21,4,17,13,9,14,1,22,2,3,23,18,19,11,5,10,15,7,6],[24,16,20,17,4,8,12,13,21,9,14,1,22,2,23,18,19,11,6,5,3,10,15],[20,24,21,12,16,8,4,17,13,9,23,14,1,2,18,3,19,22,10,5,11,15,7,6],[16,8,12,4,24,20,17,13,21,9,14,1,2,22,18,23,19,11,7,5,3,10,15,6],[24,8,4,20,21,12,16,17,13,9,14,1,2,22,18,23,3,19,10,6,5,11,15],[8,16,24,20,21,12,4,17,13,9,14,1,22,2,18,23,19,11,6,7,5,3,10,15],[16,20,8,12,24,17,4,13,21,9,22,14,1,2,18,23,19,10,7,5,3,11,6,15],[4,24,12,20,21,16,8,17,13,9,22,14,1,2,19,3,23,11,5,18,10,15,6,7],[4,12,8,24,16,20,17,21,13,9,22,14,1,2,18,3,23,19,10,6,5,11,15,7],[4,12,24,16,8,20,17,13,21,9,14,1,2,22,18,3,23,19,10,5,11,15,7,6],[4,16,8,24,12,20,21,17,13,9,22,14,1,2,19,23,11,7,5,3,18,10,6,15],[4,8,16,20,12,24,17,13,21,9,14,1,22,2,23,18,3,19,10,5,11,15,7,6],[20,8,16,24,17,12,4,13,21,9,22,14,1,2,18,3,23,19,10,5,11,15],[20,12,4,8,24,17,16,13,21,9,22,14,1,2,18,3,23,19,10,6,5,11,15,7],[20,24,21,8,16,4,12,17,13,9,14,1,2,22,18,23,3,19,10,5,11,15,7,6],[8,20,12,4,24,17,16,21,13,9,22,14,1,2,18,3,23,19,10,5,11,15,6],[12,16,20,8,4,24,21,17,13,9,22,14,1,2,23,18,19,11,7,5,3,10,15,6],[24,20,21,16,12,4,8,17,13,9,22,14,1,2,18,3,23,19,10,5,11,15,7,6],[16,12,24,4,8,20,17,13,21,9,22,14,1,2,18,3,23,19,10,5,11,15,6],[16,24,4,20,17,8,12,21,13,9,22,14,1,2,18,23,3,19,10,7,5,11,15,6],[8,12,24,16,20,21,4,17,13,9,14,1,22,2,18,23,19,11,5,3,10,15,7,6],[12,24,16,8,20,21,4,17,13,9,22,14,1,2,18,23,19,11,5,3,10,15,6],[12,20,8,16,4,24,17,13,21,9,14,1,2,22,3,23,18,19,11,6,5,10,15],[24,20,21,4,8,16,12,17,13,9,22,14,1,2,18,3,23,19,10,6,5,11,15],[8,16,20,4,12,24,17,21,13,9,14,1,22,2,19,23,10,5,3,18,11,7,15,6],[12,24,16,4,20,21,8,17,13,9,14,1,22,2,18,3,23,19,10,6,5,11,15],[12,24,8,4,16,20,17,13,21,9,14,1,22,2,18,3,23,19,10,7,5,11,15,6],[12,4,20,16,24,17,8,21,13,9,22,14,1,2,18,23,19,10,5,3,11,6,15],[8,4,24,12,16,20,17,21,13,9,14,1,22,2,18,3,23,19,10,5,11,15,6,7],[24,8,12,20,17,4,16,13,21,9,22,14,1,2,18,23,19,11,5,3,10,15,7,6],[20,4,12,8,16,24,21,17,13,9,22,14,1,2,3,23,18,19,10,5,11,15],[4,20,16,8,24,17,12,21,13,9,14,1,22,2,18,23,19,10,6,5,3,11,15],[4,12,24,16,20,21,8,17,13,9,22,14,1,2,18,23,19,11,7,5,3,10,15,6],[24,4,16,8,20,17,12,21,13,9,22,14,1,2,18,23,19,10,5,3,11,15],[20,12,4,8,16,24,21,17,13,9,22,14,1,2,18,23,19,10,7,5,3,11,15,6],[8,12,24,20,17,4,16,13,21,9,14,1,22,2,18,23,3,19,10,5,11,15],[16,20,24,21,12,4,8,17,13,9,22,14,1,2,18,3,23,19,10,5,11,15,7,6],[24,8,12,16,20,21,4,17,13,9,14,1,2,22,18,23,3,19,10,6,5,11,15],[8,16,12,4,20,24,21,17,13,9,14,1,2,22,19,23,11,5,3,18,10,15,6],[4,20,12,16,24,17,8,13,21,9,14,1,2,22,18,23,3,19,10,6,5,11,7,15],[8,4,20,24,21,16,12,17,13,9,22,14,1,2,18,3,23,19,10,5,11,15],[12,20,4,8,16,24,21,17,13,9,22,14,1,2,18,3,23,19,10,5,11,15],[20,8,24,21,4,12,16,17,13,9,14,1,22,2,18,23,19,11,6,3,5,10,15,7],[8,12,20,4,16,24,21,17,13,9,22,14,1,2,18,23,19,10,5,3,11,7,15,6],[8,16,20,12,4,24,21,17,13,9,22,14,1,2,18,3,23,19,10,5,11,15,7,6],[8,20,12,24,17,4,16,21,13,9,22,14,1,2,18,3,23,19,10,5,11,7,15,6],[20,8,24,21,16,12,4,17,13,9,14,1,2,22,18,23,3,19,10,6,5,11,15,7],[4,8,20,16,24,21,12,17,13,9,14,1,22,2,18,3,23,19,10,5,11,15,7,6],[20,16,24,21,12,4,8,17,13,9,14,1,2,22,19,3,23,11,6,5,18,10,15,7],[20,4,16,12,8,24,17,13,21,9,22,14,1,2,18,3,23,19,10,7,5,11,6,15],[8,4,24,16,12,20,21,17,13,9,14,1,2,22,18,3,23,19,10,7,5,11,6,15],[8,16,24,12,4,20,21,17,13,9,22,14,1,2,19,23,11,5,3,18,10,15,7,6],[12,20,24,17,8,16,4,13,21,9,22,14,1,2,18,23,19,10,6,7,5,3,11,15],[20,4,8,24,21,12,16,17,13,9,14,1,22,2,18,3,23,19,11,5,10,15],[8,4,20,24,17,16,12,13,21,9,22,14,1,2,18,23,3,19,11,7,5,10,6,15],[4,16,12,8,20,24,17,13,21,9,14,1,2,22,19,23,11,5,3,18,10,15,7,6],[4,8,16,12,24,20,21,17,13,9,14,1,2,22,18,3,23,19,11,5,10,15],[12,24,20,21,4,8,16,17,13,9,14,1,22,2,18,3,23,19,10,5,11,15,6,7],[8,16,4,20,24,21,12,17,13,9,14,1,2,22,18,3,23,19,10,5,11,15,6],[16,8,24,20,17,4,12,13,21,9,14,1,22,2,18,23,3,19,10,5,11,15],[20,8,12,24,21,4,16,17,13,9,14,1,22,2,18,3,23,19,10,6,5,11,15,7],[12,20,24,21,8,4,16,17,13,9,14,1,2,22,18,23,3,19,11,5,10,15],[20,12,8,24,21,4,16,17,13,9,22,14,1,2,18,3,23,19,10,5,11,15,7,6],[8,24,20,21,4,12,16,17,13,9,14,1,2,22,18,23,3,19,10,5,11,15,7,6],[20,8,16,4,12,24,21,17,13,9,14,1,2,22,18,3,23,19,10,5,11,15,6],[20,4,12,8,16,24,21,17,13,9,22,14,1,2,18,23,19,10,5,3,11,15,7,6],[16,24,20,21,12,4,8,17,13,9,14,1,2,22,3,23,18,19,10,7,5,11,15,6],[24,4,8,20,21,12,16,17,13,9,22,14,1,2,18,3,23,19,10,5,11,15,7,6],[16,24,12,4,20,17,8,21,13,9,14,1,2,22,19,3,23,11,6,5,18,10,15],[4,12,16,8,20,24,21,17,13,9,14,1,22,2,18,3,23,19,10,7,5,11,15,6],[20,24,17,4,8,16,12,13,21,9,22,14,1,2,18,23,3,19,10,5,11,15,7,6],[8,24,20,21,16,12,4,17,13,9,14,1,2,22,18,3,23,19,11,6,5,10,15],[4,16,24,8,20,21,12,17,13,9,14,1,22,2,18,3,23,19,10,5,11,15,6,7],[12,8,20,4,16,24,21,17,13,9,14,1,2,22,18,3,23,19,11,6,5,10,15],[4,24,8,12,20,17,16,21,13,9,14,1,22,2,18,3,23,19,11,5,10,15,7,6],[20,12,24,17,16,4,8,21,13,9,22,14,1,2,18,3,23,19,10,7,5,11,15,6],[12,16,4,8,24,20,17,13,21,9,22,14,1,2,23,19,10,6,7,5,3,18,11,15],[20,16,12,24,21,8,4,17,13,9,22,14,1,2,18,23,3,19,10,5,11,15,6],[12,4,16,20,24,21,8,17,13,9,14,1,2,22,23,18,19,11,7,5,3,10,15,6],[12,16,4,8,24,20,17,21,13,9,22,14,1,2,19,23,11,6,3,5,18,10,15,7],[16,24,8,12,20,21,4,17,13,9,14,1,22,2,18,23,19,10,7,5,3,11,15,6],[4,16,8,24,20,21,12,17,13,9,14,1,22,2,19,23,10,7,5,3,18,11,6],[24,12,20,21,4,16,8,17,13,9,14,1,22,2,18,23,19,11,5,3,10,15,7,6],[4,20,16,24,17,8,12,13,21,9,14,1,22,2,18,3,23,19,10,5,11,15,6],[24,20,21,8,12,16,4,17,13,9,14,1,22,2,19,23,11,5,3,18,10,15],[16,20,4,8,24,21,12,17,13,9,14,1,22,2,18,3,23,19,10,6,5,11,15,7],[12,4,8,16,20,24,17,21,13,9,14,1,2,22,18,3,23,19,10,5,11,15],[16,20,24,17,8,12,4,13,21,9,14,1,2,22,3,23,18,19,10,7,5,11,15,6],[16,8,24,20,21,12,4,17,13,9,22,14,1,2,18,3,23,19,10,5,11,15],[12,16,20,8,24,21,4,17,13,9,22,14,1,2,19,3,23,10,5,18,11,15],[20,4,12,8,16,24,17,21,13,9,14,1,2,22,18,23,3,19,10,5,11,15],[4,20,8,12,16,24,17,13,21,9,22,14,1,2,18,3,23,19,10,5,11,6,15],[24,16,12,4,20,17,8,13,21,9,22,14,1,2,18,23,3,19,10,7,5,11,15,6],[12,4,16,8,24,20,21,17,13,9,22,14,1,2,18,23,19,11,7,5,3,10,15,6],[16,20,8,4,12,24,17,21,13,9,22,14,1,2,18,3,23,19,10,7,5,11,15,6],[4,16,24,20,21,12,8,17,13,9,14,1,22,2,18,23,3,19,10,5,11,15,7,6],[24,16,4,8,20,17,12,21,13,9,22,14,1,2,18,23,19,11,6,5,3,10,15],[16,24,20,17,4,12,8,13,21,9,22,14,1,2,18,23,3,19,10,5,11,15,6,7],[20,16,24,21,8,4,12,17,13,9,22,14,1,2,18,23,19,11,6,5,3,10,15],[4,20,12,8,24,21,16,17,13,9,14,1,2,22,19,23,10,6,7,5,3,18,11,15],[16,8,24,4,20,21,12,17,13,9,22,14,1,2,3,23,18,19,10,5,11,15],[4,12,8,16,20,24,17,21,13,9,14,1,22,2,23,18,3,19,10,5,11,15,6],[20,24,21,8,12,16,4,17,13,9,14,1,22,2,18,23,19,11,7,5,3,10,15,6],[4,16,12,24,8,20,17,13,21,9,22,14,1,2,18,23,3,19,10,5,11,15,7,6],[8,4,24,20,17,16,12,13,21,9,22,14,1,2,3,23,18,19,10,6,5,11,15],[12,8,20,16,4,24,21,17,13,9,14,1,2,22,18,3,23,19,10,5,11,15,6],[8,20,16,24,21,4,12,17,13,9,22,14,1,2,19,3,23,11,5,18,10,15],[24,8,20,21,12,4,16,17,13,9,22,14,1,2,18,23,19,10,6,3,5,11,15,7],[16,8,12,24,4,20,21,17,13,9,14,1,22,2,18,23,19,11,7,5,3,10,15,6],[12,20,4,8,16,24,21,17,13,9,14,1,22,2,19,23,11,7,5,3,18,10,15,6],[12,16,8,20,4,24,17,13,21,9,14,1,22,2,18,3,23,19,10,7,5,11,15,6],[24,12,4,16,8,20,17,13,21,9,14,1,2,22,18,3,23,19,10,5,11,15,7,6],[16,24,20,21,8,12,4,17,13,9,14,1,2,22,18,23,19,10,6,5,3,11,15],[4,16,20,24,21,12,8,17,13,9,22,14,1,2,18,23,19,7,5,10,3,11,15,6],[24,4,16,8,20,17,12,13,21,9,14,1,2,22,18,3,23,19,10,5,11,15,7,6],[8,16,4,12,24,20,21,17,13,9,22,14,1,2,18,3,23,19,10,5,11,15,7,6],[20,4,16,12,8,24,17,13,21,9,22,14,1,2,19,23,11,5,3,18,10,6,15,7],[12,24,16,4,8,20,21,17,13,9,22,14,1,2,18,23,19,10,5,3,11,15],[20,4,24,17,12,16,8,21,13,9,22,14,1,2,3,23,18,19,10,5,11,15,6,7],[20,4,8,12,16,24,17,13,21,9,22,14,1,2,19,23,11,6,3,5,18,10,15],[8,20,24,17,12,4,16,21,13,9,14,1,22,2,18,3,23,19,10,5,11,15,7,6],[12,4,20,8,16,24,21,17,13,9,14,1,2,22,18,3,23,19,11,5,10,15,7,6],[4,8,20,16,12,24,17,13,21,9,14,1,22,2,19,3,23,11,7,5,18,10,15,6],[4,20,8,24,17,12,16,21,13,9,14,1,22,2,18,23,19,10,5,3,11,15,7,6],[20,24,17,8,16,4,12,13,21,9,14,1,2,22,18,3,23,19,11,5,10,15,7,6],[8,16,24,12,20,21,4,17,13,9,14,1,2,22,18,3,23,19,10,6,5,11,15],[12,16,24,8,4,20,17,13,21,9,22,14,1,2,19,3,23,10,6,5,18,11,15],[8,16,4,24,20,17,12,21,13,9,22,14,1,2,18,23,3,19,10,6,5,11,15],[24,16,12,8,20,21,4,17,13,9,22,14,1,2,23,19,11,6,5,3,18,10,15],[16,24,4,12,8,20,21,17,13,9,14,1,22,2,18,23,19,10,7,5,3,11,15],[12,4,24,8,20,17,16,13,21,9,22,14,1,2,18,3,23,19,10,5,11,15],[24,8,12,20,21,16,4,17,13,9,22,14,1,2,18,3,23,19,10,5,11,15,7,6],[20,24,21,8,12,16,4,17,13,9,14,1,2,22,18,23,3,19,11,5,10,15],[16,20,24,17,4,8,12,13,21,9,22,14,1,2,18,23,3,19,10,6,5,11,15,7],[12,8,4,16,24,20,17,13,21,9,22,14,1,2,18,3,23,19,10,5,11,15],[4,24,20,17,16,8,12,13,21,9,22,14,1,2,18,3,23,19,10,7,5,11,15,6],[20,8,16,24,17,12,4,21,13,9,14,1,2,22,19,23,11,7,5,3,18,10,15,6],[16,8,4,12,24,20,17,21,13,9,14,1,22,2,18,3,23,19,10,5,11,15,7,6],[8,12,24,20,17,16,4,13,21,9,14,1,22,2,19,23,11,5,3,18,10,15,6],[4,20,8,16,12,24,17,13,21,9,14,1,22,2,23,18,3,19,10,5,11,15],[4,24,16,12,20,21,8,17,13,9,14,1,2,22,18,3,23,19,10,5,11,15,7,6],[20,24,17,8,12,16,4,13,21,9,22,14,1,2,18,3,23,19,10,5,11,15,6],[20,4,12,8,24,17,16,21,13,9,22,14,1,2,18,23,3,19,10,5,11,15,7,6],[24,8,12,16,4,20,17,13,21,9,22,14,1,2,18,23,19,10,7,5,3,11,15],[20,16,4,12,24,17,8,21,13,9,14,1,2,22,18,23,19,11,7,5,3,10,15,6],[4,8,24,12,16,20,21,17,13,9,14,1,2,22,19,3,23,10,5,18,11,15],[16,12,4,20,24,21,8,17,13,9,14,1,22,2,18,23,19,11,7,5,3,10,15,6],[20,4,24,17,12,16,8,21,13,9,14,1,2,22,19,23,10,5,3,18,11,15,6],[24,20,17,8,16,12,4,13,21,9,22,14,1,2,18,23,3,19,11,5,10,15],[16,8,12,20,24,21,4,17,13,9,14,1,22,2,3,23,18,19,11,5,10,15,7,6],[24,4,8,12,16,20,17,21,13,9,22,14,1,2,18,3,23,19,10,5,11,15,7,6],[4,16,8,12,24,20,21,17,13,9,14,1,2,22,18,3,23,19,10,5,11,15],[16,12,4,24,20,17,8,21,13,9,22,14,1,2,19,23,10,7,5,3,18,11,15,6],[24,8,16,4,12,20,21,17,13,9,14,1,2,22,18,23,3,19,10,6,5,11,15],[4,24,20,21,8,16,12,17,13,9,14,1,22,2,18,23,3,19,10,5,11,15,7,6],[20,