{"problem_id":"I5b0PAbIlpxRoZM","sigma":150,"alpha":3.162,"cost":2,"probabilities":"[0.27, 0.19, 0.18, 0.36]","payoff_matrix":"[[134, -166, -77, -24, -303, -38], [153, 80, 3, -261, 85, -66], [-135, 362, -70, -167, -118, -130], [-73, -226, -40, 14, 199, 84]]","uncovered":[[4,24,8,12,16,20,17,13,21,9,14,1,2,22,3,23,18,19],[20,8,16,12,4,24,21,17,13,9,14,1,2,22,3,23,18,19],[4,24,16,20,17,8,12,13,21,9,22,14,1,2,23,18,19],[16,20,24,17,8,4,12,13,21,9,22,14,1,2,3,23,18,19],[4,12,24,8,16,20,17,13,21,9,14,1,2,22,3,23,18,19],[12,20,24,17,8,4,16,13,21,9,14,1,22,2,23,18,3,19],[4,12,8,20,16,24,17,21,13,9,22,14,1,2,23],[4,8,24,20,21,12,16,17,13,9,22,14,1,2,23,19],[12,24,16,8,20,21,4,17,13,9,14,1,22,2,23,18,19],[16,4,20,24,21,12,8,17,13,9,14,1,2,22,23,18,3,19],[12,8,20,4,24,21,16,17,13,9,22,14,1,2,3,23,18,19],[12,16,4,8,24,20,17,13,21,9,22,14,1,2,3,23,18,19],[12,24,8,4,16,20,21,17,13,9,22,14,1,2,3,23,18,19],[12,4,20,24,21,16,8,17,13,9,22,14,1,2,23,18,19],[16,8,4,20,12,24,17,21,13,9,22,14,1,2,23,18,3,19],[24,8,20,17,12,16,4,21,13,9,22,14,1,2,3,23,18,19],[4,24,8,12,16,20,21,17,13,9,22,14,1,2,23,18,3,19],[8,4,24,20,17,12,16,13,21,9,22,14,1,2,23,18,3,19],[20,8,24,21,4,16,12,17,13,9,22,14,1,2,23,18,19],[20,8,4,16,24,21,12,17,13,9,22,14,1,2,23,18,3,19],[12,4,8,20,24,21,16,17,13,9,22,14,1,2,23,18,3,19],[8,20,16,12,24,21,4,17,13,9,22,14,1,2,23,18,19],[20,16,12,8,4,24,21,17,13,9,22,14,1,2,3,23,18,19],[20,8,12,24,21,4,16,17,13,9,14,1,22,2,23,18,3,19],[8,12,20,4,16,24,17,21,13,9,14,1,22,2,23,18,3,19],[8,24,16,20,21,12,4,17,13,9,22,14,1,2,3,23,18,19],[20,24,21,8,16,12,4,17,13,9,22,14,1,2,3,23,18,19],[24,8,20,21,4,12,16,17,13,9,22,14,1,2,23,18,3,19],[8,4,12,24,16,20,21,17,13,9,14,1,22,2,3,23,18,19],[20,4,24,17,16,8,12,21,13,9,14,1,2,22,23,18,19],[8,24,20,21,16,4,12,17,13,9,14,1,2,22,23,18,3,19],[8,4,16,12,20,24,17,21,13,9,22,14,1,2,23,18,3,19],[24,16,4,8,12,20,17,13,21,9,14,1,22,2,23,18,3,19],[12,24,20,21,4,8,16,17,13,9,22,14,1,2,3,23,18,19],[12,24,8,4,16,20,17,21,13,9,22,14,1,2,23,18,19],[8,4,12,24,16,20,21,17,13,9,14,1,2,22,23,18,19],[12,8,24,4,16,20,21,17,13,9,14,1,2,22,3,23,18,19],[4,24,20,17,8,16,12,13,21,9,22,14,1,2,23,18,19],[12,4,16,20,24,17,8,13,21,9,14,1,2,22,23,18,3,19],[20,8,4,16,12,24,17,13,21,9,22,14,1,2,23],[24,16,8,20,21,12,4,17,13,9,14,1,22,2,3,23,18,19],[20,8,24,21,4,16,12,17,13,9,14,1,2,22,23,19],[4,16,12,24,8,20,21,17,13,9,14,1,2,22,23,19],[12,20,16,8,4,24,21,17,13,9,14,1,2,22,23,18,19],[12,24,20,17,8,4,16,21,13,9,14,1,22,2,23,18,3,19],[16,24,4,20,21,8,12,17,13,9,14,1,2,22,23,18,3,19],[20,8,16,4,12,24,21,17,13,9,22,14,1,2,23,18,19],[8,12,24,20,17,4,16,21,13,9,14,1,22,2,23,19],[4,16,24,12,8,20,21,17,13,9,22,14,1,2,23,18,3,19],[4,12,20,8,16,24,21,17,13,9,22,14,1,2,23,18,3,19],[12,16,24,4,8,20,21,17,13,9,22,14,1,2,3,23,18,19],[12,16,24,4,20,21,8,17,13,9,22,14,1,2,3,23,18,19],[16,20,8,24,21,12,4,17,13,9,14,1,22,2,23,18,19],[8,16,12,24,4,20,21,17,13,9,14,1,2,22,23,18,19],[16,12,20,24,21,4,8,17,13,9,14,1,2,22,23,18,3,19],[24,20,21,8,4,16,12,17,13,9,14,1,2,22,3,23,18,19],[8,12,4,20,24,17,16,21,13,9,22,14,1,2,3,23,18,19],[20,4,8,12,16,24,21,17,13,9,22,14,1,2,3,23,18,19],[4,24,20,17,12,16,8,21,13,9,22,14,1,2,3,23,18,19],[20,4,24,21,16,12,8,17,13,9,14,1,22,2,3,23,18,19],[16,20,8,24,17,12,4,13,21,9,14,1,2,22,23,18,3,19],[24,16,4,20,17,12,8,21,13,9,14,1,2,22,23,19],[16,24,4,8,12,20,17,13,21,9,22,14,1,2,3,23,18,19],[8,20,16,24,17,12,4,21,13,9,22,14,1,2,3,23,18,19],[16,8,4,24,12,20,21,17,13,9,22,14,1,2,23,18,19],[20,4,12,24,21,8,16,17,13,9,22,14,1,2,23,18,3,19],[4,20,16,24,21,8,12,17,13,9,14,1,2,22,23,18,3,19],[16,8,24,20,17,12,4,13,21,9,14,1,2,22,3,23,18,19],[4,16,12,20,24,17,8,13,21,9,22,14,1,2,23,18,3,19],[8,12,20,16,24,21,4,17,13,9,22,14,1,2,3,23,18,19],[20,12,8,16,24,21,4,17,13,9,22,14,1,2,23,18,3,19],[4,12,16,8,24,20,21,17,13,9,22,14,1,2,23,18,3,19],[8,16,20,24,17,12,4,13,21,9,14,1,22,2,23,18,3,19],[4,8,24,12,16,20,17,13,21,9,22,14,1,2,3,23,18,19],[20,8,4,16,12,24,17,13,21,9,14,1,2,22,23,19],[12,16,24,4,20,21,8,17,13,9,14,1,2,22,23,18,3,19],[4,12,8,16,24,20,17,13,21,9,14,1,2,22,23,18,3,19],[12,8,4,24,20,17,16,21,13,9,22,14,1,2,23,18,19],[16,24,12,8,4,20,17,13,21,9,22,14,1,2,3,23,18,19],[24,20,21,16,12,8,4,17,13,9,14,1,22,2,23,18,19],[8,20,4,16,24,17,12,13,21,9,22,14,1,2,23,19],[8,20,16,24,21,4,12,17,13,9,14,1,22,2,23,18,19],[24,4,16,8,12,20,21,17,13,9,14,1,22,2,23,18,19],[4,20,8,16,12,24,17,13,21,9,22,14,1,2,3,23,18,19],[8,20,24,17,4,16,12,13,21,9,22,14,1,2,23,18,19],[20,24,21,16,12,4,8,17,13,9,22,14,1,2,23,18,3,19],[16,12,4,20,24,17,8,13,21,9,22,14,1,2,23,18,19],[16,4,24,8,20,17,12,21,13,9,22,14,1,2,23,18,3,19],[4,12,8,16,24,20,17,21,13,9,22,14,1,2,23,18,3,19],[8,24,20,21,12,4,16,17,13,9,14,1,2,22,23,18,19],[4,8,12,16,20,24,17,21,13,9,14,1,2,22,23,18,3,19],[8,24,4,12,20,21,16,17,13,9,14,1,2,22,3,23,18,19],[24,20,21,16,8,4,12,17,13,9,14,1,3,18,22,19,2,23],[20,24,17,4,16,8,12,13,21,9,22,14,1,2,3,23,18,19],[16,8,12,20,24,17,4,13,21,9,22,14,1,2,23,18,19],[12,16,20,8,4,24,17,21,13,9,22,14,1,2,3,23,18,19],[16,4,8,24,20,21,12,17,13,9,14,1,22,2,23,18,19],[8,16,12,24,20,17,4,13,21,9,22,14,1,2,23,19],[24,16,20,17,12,4,8,21,13,9,14,1,22,2,23,18,3,19],[24,8,12,4,20,21,16,17,13,9,22,14,1,2,23,18,19],[16,4,12,20,8,24,21,17,13,9,14,1,2,22,3,23,18,19],[24,4,12,20,21,16,8,17,13,9,14,1,2,22,23,18,3,19],[12,16,20,24,17,4,8,21,13,9,22,14,1,2,23,18,3,19],[20,4,8,24,17,12,16,21,13,9,14,1,22,2,3,23,18,19],[20,12,4,16,24,17,8,13,21,9,14,1,22,2,23,18,19],[16,8,20,24,21,4,12,17,13,9,14,1,2,22,23,18,3,19],[12,8,4,24,16,20,17,13,21,9,22,14,1,2,23,18,19],[24,8,20,21,16,12,4,17,13,9,14,1,2,22,23,19],[4,20,24,17,12,16,8,21,13,9,14,1,2,22,23,18,19],[24,8,16,20,21,12,4,17,13,9,22,14,1,2,23,18,3,19],[20,4,16,8,24,17,12,21,13,9,14,1,2,22,3,23,18,19],[4,20,16,12,8,24,17,13,21,9,14,1,2,22,3,23,18,19],[16,20,4,12,24,21,8,17,13,9,14,1,22,2,23,19],[4,16,24,20,21,8,12,17,13,9,14,1,2,22,23,18,19],[12,16,24,20,21,4,8,17,13,9,22,14,1,2,23,18,19],[16,4,8,20,12,24,21,17,13,9,14,1,2,22,23,19],[16,4,12,20,24,21,8,17,13,9,22,14,1,2,23],[12,16,24,4,8,20,17,21,13,9,14,1,2,22,3,23,18,19],[24,8,12,20,21,16,4,17,13,9,14,1,22,2,23,18,19],[4,24,8,12,16,20,17,13,21,9,22,14,1,2,3,23,18,19],[16,12,4,24,8,20,17,21,13,9,14,1,2,22,3,23,18,19],[4,12,8,20,16,24,17,13,21,9,22,14,1,2,23,18,3,19],[24,4,20,17,16,8,12,13,21,9,14,1,22,2,23,18,19],[24,20,21,8,16,12,4,17,13,9,14,1,2,22,3,23,18,19],[20,24,21,8,12,4,16,17,13,9,22,14,1,2,23,18,19],[16,24,8,20,21,12,4,17,13,9,14,1,2,22,3,23,18,19],[8,12,20,16,24,17,4,21,13,9,14,1,22,2,23,18,3,19],[16,12,4,20,8,24,17,13,21,9,22,14,1,2,3,23,18,19],[24,16,8,4,20,21,12,17,13,9,22,14,1,2,23,18,3,19],[4,8,20,24,17,16,12,21,13,9,14,1,22,2,23,18,3,19],[8,16,4,24,20,21,12,17,13,9,22,14,1,2,23,18,3,19],[24,4,8,16,12,20,17,13,21,9,22,14,1,2,23,19],[24,20,21,12,16,8,4,17,13,9,14,1,22,2,23,18,19],[16,24,20,21,8,4,12,17,13,9,22,14,1,2,23,18,3,19],[12,24,4,16,8,20,17,13,21,9,14,1,22,2,3,23,18,19],[24,4,8,16,12,20,21,17,13,9,22,14,1,2,23,18,3,19],[20,8,12,16,24,17,4,21,13,9,22,14,1,2,23,19],[24,20,17,12,16,4,8,21,13,9,22,14,1,2,3,23,18,19],[16,24,20,17,4,12,8,21,13,9,22,14,1,2,3,23,18,19],[24,8,16,12,4,20,21,17,13,9,14,1,2,22,3,23,18,19],[8,20,4,24,21,12,16,17,13,9,22,14,1,2,23,18,3,19],[4,16,8,12,24,20,17,13,21,9,14,1,22,2,3,23,18,19],[20,4,24,21,16,12,8,17,13,9,22,14,1,2,3,23,18,19],[4,12,24,20,17,8,16,21,13,9,22,14,1,2,3,23,18,19],[8,20,12,16,24,21,4,17,13,9,22,14,1,2,23,18,3,19],[20,12,24,17,4,16,8,13,21,9,14,1,2,22,3,23,18,19],[24,12,20,21,4,16,8,17,13,9,14,1,2,22,3,23,18,19],[12,8,20,24,21,16,4,17,13,9,14,1,2,22,23,18,19],[16,12,20,4,8,24,17,13,21,9,14,1,2,22,3,23,18,19],[20,8,12,16,24,21,4,17,13,9,14,1,22,2,3,23,18,19],[4,20,8,16,24,21,12,17,13,9,22,14,1,2,3,23,18,19],[16,20,8,12,24,21,4,17,13,9,22,14,1,2,23,18,3,19],[8,20,24,17,4,16,12,13,21,9,22,14,1,2,3,23,18,19],[16,4,12,20,24,21,8,17,13,9,22,14,1,2,3,23,18,19],[24,8,16,20,17,12,4,21,13,9,14,1,2,22,3,23,18,19],[4,20,24,21,16,8,12,17,13,9,14,1,2,22,3,23,18,19],[12,24,4,20,17,8,16,13,21,9,22,14,1,2,3,23,18,19],[4,8,12,24,16,20,17,13,21,9,22,14,1,2,3,23,18,19],[8,12,24,4,16,20,21,17,13,9,22,14,1,2,23,18,19],[8,16,24,4,12,20,17,21,13,9,22,14,1,2,23,18,3,19],[8,12,20,4,24,17,16,21,13,9,22,14,1,2,23],[8,12,4,20,24,21,16,17,13,9,22,14,1,2,23,18,19],[4,8,12,16,20,24,17,21,13,9,14,1,2,22,3,23,18,19],[12,4,8,20,24,21,16,17,13,9,22,14,1,2,23,18,19],[4,8,12,24,16,20,21,17,13,9,14,1,22,2,23,18,3,19],[12,8,20,24,21,16,4,17,13,9,22,14,1,2,23,18,19],[16,12,4,24,20,21,8,17,13,9,14,1,22,2,23,18,19],[4,16,8,12,24,20,21,17,13,9,14,1,22,2,23,18,3,19],[16,8,12,24,4,20,17,21,13,9,22,14,1,2,3,23,18,19],[4,12,8,16,20,24,21,17,13,9,14,1,22,2,3,23,18,19],[20,16,24,21,8,4,12,17,13,9,22,14,1,2,23,18,3,19],[24,8,12,4,20,21,16,17,13,9,14,1,2,22,23,18,19],[24,20,17,12,8,16,4,21,13,9,22,14,1,2,3,23,18,19],[16,24,12,4,8,20,17,13,21,9,14,1,22,2,3,23,18,19],[24,4,16,20,17,12,8,21,13,9,22,14,1,2,23,18,3,19],[16,20,8,4,12,24,17,21,13,9,14,1,2,22,3,23,18,19],[24,12,8,4,20,21,16,17,13,9,22,14,1,2,23,18,19],[4,8,16,20,24,17,12,13,21,9,14,1,22,2,3,23,18,19],[8,16,12,24,4,20,21,17,13,9,22,14,1,2,3,23,18,19],[8,12,4,20,16,24,21,17,13,9,14,1,22,2,23,18,19],[12,24,4,8,20,21,16,17,13,9,14,1,2,22,3,23,18,19],[20,8,4,16,24,21,12,17,13,9,22,14,1,2,23,18,3,19],[4,12,8,16,20,24,21,17,13,9,14,1,2,22,23,19],[8,20,16,4,12,24,21,17,13,9,14,1,22,2,23,18,3,19],[8,12,4,24,16,20,21,17,13,9,14,1,2,22,23,18,19],[20,12,4,8,24,21,16,17,13,9,22,14,1,2,3,23,18,19],[4,20,24,17,12,8,16,21,13,9,14,1,22,2,23,18,19],[20,8,4,16,12,24,21,17,13,9,22,14,1,2,23,18,19],[20,12,8,24,21,16,4,17,13,9,22,14,1,2,3,23,18,19],[12,4,20,8,16,24,21,17,13,9,14,1,2,22,3,23,18,19],[24,12,4,16,20,21,8,17,13,9,22,14,1,2,23,18,19],[24,20,21,16,4,12,8,17,13,9,22,14,1,2,23,18,3,19],[16,20,8,24,21,4,12,17,13,9,14,1,22,2,3,23,18,19],[4,12,16,24,20,17,8,13,21,9,14,1,22,2,23,18,19],[16,24,12,20,17,8,4,13,21,9,14,1,2,22,3,23,18,19],[4,8,12,20,16,24,17,13,21,9,22,14,1,2,23,18,19],[12,8,20,24,21,16,4,17,13,9,22,14,1,2,3,23,18,19],[20,8,4,16,24,21,12,17,13,9,22,14,1,2,23,18,3,19],[20,12,24,17,8,4,16,13,21,9,14,1,22,2,23,18,19],[12,20,16,24,21,4,8,17,13,9,22,14,1,2,23,18,3,19],[24,8,20,21,12,4,16,17,13,9,22,14,1,2,3,23,18,19],[20,12,16,8,4,24,21,17,13,9,22,14,1,2,23,18,3,19],[20,12,4,24,17,16,8,13,21,9,14,1,22,2,23,18,3,19],[24,12,4,8,16,20,21,17,13,9,14,1,22,2,3,23,18,19],[16,4,24,12,20,17,8,13,21,9,14,1,2,22,3,23,18,19],[4,20,24,17,8,16,12,13,21,9,14,1,2,22,3,23,18,19],[8,12,20,4,24,17,16,13,21,9,14,1,22,2,23,18,3,19],[20,4,8,24,21,12,16,17,13,9,22,14,1,2,23,18,3,19],[24,4,20,21,12,8,16,17,13,9,14,1,2,22,3,23,18,19],[16,8,20,4,24,17,12,21,13,9,14,1,22,2,23,18,3,19],[4,8,12,20,24,21,16,17,13,9,22,14,1,2,3,23,18,19],[8,24,4,20,21,16,12,17,13,9,22,14,1,2,23,19],[24,4,16,12,20,21,8,17,13,9,22,14,1,2,3,23,18,19],[12,8,16,24,20,17,4,21,13,9,22,14,1,2,23,18,3,19],[12,4,24,16,8,20,17,13,21,9,22,14,1,2,23,18,19],[12,20,16,4,8,24,17,13,21,9,22,14,1,2,3,23,18,19],[20,8,4,12,24,17,16,13,21,9,14,1,2,22,23,18,3,19],[24,20,17,12,4,16,8,21,13,9,14,1,22,2,3,23,18,19],[20,24,21,4,12,8,16,17,13,9,14,1,22,2,3,23,18,19],[12,24,8,16,4,20,21,17,13,9,14,1,2,22,23,18,3,19],[4,20,12,24,21,8,16,17,13,9,22,14,1,2,23,19],[12,24,4,16,8,20,21,17,13,9,14,1,22,2,3,23,18,19],[20,4,8,12,24,17,16,21,13,9,22,14,1,2,3,23,18,19],[4,24,16,20,21,12,8,17,13,9,22,14,1,2,23,18,3,19],[8,4,20,24,17,16,12,13,21,9,14,1,2,22,3,23,18,19],[4,8,16,12,24,20,21,17,13,9,22,14,1,2,23,18,3,19],[20,16,24,21,8,12,4,17,13,9,14,1,2,22,23,19],[24,16,4,8,12,20,17,13,21,9,22,14,1,2,23,18,19],[16,20,8,24,21,4,12,17,13,9,14,1,22,2,23,18,19],[20,4,8,12,16,24,17,21,13,9,14,1,22,2,3,23,18,19],[16,4,24,8,20,17,12,21,13,9,22,14,1,2,3,23,18,19],[8,16,20,24,17,4,12,13,21,9,22,14,1,2,3,23,18,19],[16,20,12,8,4,24,17,21,13,9,14,1,22,2,23,19],[24,8,4,12,16,20,17,13,21,9,22,14,1,2,23,18,3,19],[4,12,8,16,20,24,17,21,13,9,14,1,22,2,23,18,3,19],[24,12,20,21,4,8,16,17,13,9,22,14,1,2,23,18,19],[8,24,16,12,20,21,4,17,13,9,22,14,1,2,3,23,18,19],[24,20,17,4,12,8,16,21,13,9,22,14,1,2,23,18,19],[20,8,12,24,17,4,16,13,21,9,22,14,1,2,3,23,18,19],[12,4,20,16,24,21,8,17,13,9,14,1,22,2,3,23,18,19],[24,20,17,12,8,16,4,13,21,9,22,14,1,2,3,23,18,19],[20,8,4,12,24,17,16,13,21,9,14,1,22,2,23,18,3,19],[4,20,16,8,24,21,12,17,13,9,14,1,22,2,3,23,18,19],[24,20,21,8,12,4,16,17,13,9,14,1,22,2,3,23,18,19],[16,8,20,4,12,24,21,17,13,9,14,1,2,22,3,23,18,19],[4,20,12,24,21,8,16,17,13,9,14,1,2,22,3,23,18,19],[8,4,20,12,16,24,21,17,13,9,22,14,1,2,23,18,3,19],[24,20,17,12,4,8,16,21,13,9,14,1,2,22,23,18,3,19],[12,16,24,20,17,8,4,21,13,9,14,1,2,22,3,23,18,19],[12,4,16,24,20,21,8,17,13,9,14,1,22,2,3,23,18,19],[12,8,24,4,20,17,16,13,21,9,14,1,22,2,3,23,18,19],[20,12,16,24,21,4,8,17,13,9,14,1,2,22,3,23,18,19],[12,24,4,8,16,20,21,17,13,9,14,1,2,22,3,23,18,19],[16,12,20,8,24,21,4,17,13,9,14,1,2,22,23,18,3,19],[16,4,20,12,24,21,8,17,13,9,14,1,2,22,3,23,18,19],[16,24,20,21,8,12,4,17,13,9,22,14,1,2,3,23,18,19],[16,20,24,17,4,12,8,13,21,9,22,14,1,2,3,23,18,19],[24,12,4,20,17,8,16,13,21,9,22,14,1,2,3,23,18,19],[8,12,20,24,21,16,4,17,13,9,14,1,22,2,23,18,3,19],[12,24,20,17,16,8,4,13,21,9,14,1,22,2,23,19],[4,20,24,21,12,8,16,17,13,9,22,14,1,2,3,23,18,19],[12,8,4,20,24,17,16,13,21,9,14,1,22,2,3,23,18,19],[8,4,16,20,24,17,12,13,21,9,14,1,2,22,23,18,19],[4,24,8,12,16,20,17,21,13,9,22,14,1,2,23,18,3,19],[16,24,12,20,21,4,8,17,13,9,14,1,22,2,3,23,18,19],[24,16,12,20,21,4,8,17,13,9,22,14,1,2,23,18,19],[12,16,8,20,4,24,17,13,21,9,14,1,22,2,23,18,19],[20,4,16,8,24,17,12,21,13,9,22,14,1,2,3,23,18,19],[24,16,20,17,12,4,8,13,21,9,22,14,1,2,3,23,18,19],[8,20,12,24,17,16,4,21,13,9,22,14,1,2,23,18,19],[24,12,20,21,16,4,8,17,13,9,22,14,1,2,23,19],[24,20,21,16,12,8,4,17,13,9,22,14,1,2,23,18,19],[16,12,20,4,24,17,8,13,21,9,14,1,2,22,3,23,18,19],[12,16,24,4,8,20,17,13,21,9,22,14,1,2,3,23,18,19],[8,16,24,20,17,4,12,13,21,9,22,14,1,2,23],[4,20,8,12,24,17,16,13,21,9,14,1,22,2,23,18,19],[24,8,12,4,20,17,16,21,13,9,14,1,22,2,23,19],[24,16,12,20,17,4,8,21,13,9,22,14,1,2,23,18,3,19],[24,4,8,20,17,16,12,13,21,9,22,14,1,2,3,23,18,19],[8,20,4,24,17,12,16,13,21,9,14,1,2,22,3,23,18,19],[4,8,20,12,16,24,21,17,13,9,22,14,1,2,3,23,18,19],[12,4,8,24,20,17,16,21,13,9,22,14,1,2,3,23,18,19],[16,8,20,12,4,24,17,13,21,9,14,1,22,2,3,23,18,19],[12,4,16,20,24,17,8,21,13,9,22,14,1,2,23,18,19],[20,16,8,24,17,4,12,13,21,9,22,14,1,2,3,23,18,19],[16,24,8,20,21,4,12,17,13,9,22,14,1,2,23,18,19],[8,12,24,16,20,17,4,13,21,9,14,1,2,22,3,23,18,19],[24,20,21,16,8,4,12,17,13,9,22,14,1,2,3,23,18,19],[16,20,4,8,12,24,17,13,21,9,22,14,1,2,3,23,18,19],[20,8,4,12,24,21,16,17,13,9,14,1,22,2,3,23,18,19],[24,16,20,21,4,12,8,17,13,9,14,1,22,2,23,18,3,19],[24,8,12,16,4,20,21,17,13,9,22,14,1,2,3,23,18,19],[24,16,12,20,17,4,8,21,13,9,14,1,2,22,3,23,18,19],[4,12,24,8,16,20,21,17,13,9,22,14,1,2,23,18,19],[4,12,20,24,21,8,16,17,13,9,14,1,22,2,3,23,18,19],[12,4,16,24,8,20,17,13,21,9,14,1,22,2,3,23,18,19],[4,24,16,8,20,17,12,21,13,9,22,14,1,2,23,18,3,19],[20,12,24,17,16,8,4,21,13,9,22,14,1,2,3,23,18,19],[4,12,24,16,20,17,8,13,21,9,22,14,1,2,3,23,18,19],[12,8,24,20,17,4,16,13,21,9,22,14,1,2,3,23,18,19],[24,4,16,8,20,21,12,17,13,9,14,1,2,22,3,23,18,19],[20,24,17,4,12,8,16,13,21,9,14,1,22,2,23,18,19],[8,12,24,4,20,21,16,17,13,9,14,1,22,2,3,23,18,19],[20,8,16,12,4,24,17,13,21,9,22,14,1,2,23,18,19],[12,8,24,20,17,16,4,21,13,9,14,1,2,22,3,23,18,19],[16,20,8,4,12,24,21,17,13,9,14,1,22,2,23,18,19],[20,8,24,21,12,16,4,17,13,9,22,14,1,2,23,18,3,19],[24,4,8,12,20,17,16,21,13,9,14,1,22,2,3,23,18,19],[16,4,12,24,8,20,21,17,13,9,14,1,22,2,23,18,19],[12,24,8,16,20,21,4,17,13,9,22,14,1,2,23,18,3,19],[24,4,12,8,16,20,21,17,13,9,22,14,1,2,3,23,18,19],[16,12,8,4,24,20,21,17,13,9,14,1,2,22,23,18,19],[12,8,16,20,24,17,4,21,13,9,22,14,1,2,3,23,18,19],[8,4,24,12,20,21,16,17,13,9,22,14,1,2,23,18,3,19],[4,8,24,20,17,16,12,21,13,9,14,1,2,22,3,23,18,19],[24,16,4,20,17,12,8,21,13,9,22,14,1,2,23,18,19],[24,20,21,4,16,8,12,17,13,9,22,14,1,2,3,23,18,19],[24,16,12,20,21,4,8,17,13,9,14,1,22,2,23,19],[8,4,24,20,21,12,16,17,13,9,14,1,22,2,23,18,3,19],[20,4,8,16,24,21,12,17,13,9,22,14,1,2,23,18,3,19],[20,4,16,8,24,21,12,17,13,9,22,14,1,2,23,19],[20,12,8,24,21,16,4,17,13,9,14,1,22,2,3,23,18,19],[20,16,24,21,4,12,8,17,13,9,14,1,22,2,3,23,18,19],[8,16,12,24,4,20,21,17,13,9,22,14,1,2,3,23,18,19],[24,20,17,16,4,8,12,21,13,9,22,14,1,2,23,18,3,19],[8,16,12,20,24,21,4,17,13,9,14,1,2,22,23,19],[20,24,17,4,12,16,8,21,13,9,14,1,22,2,3,23,18,19],[12,8,24,20,17,4,16,13,21,9,14,1,22,2,23,18,3,19],[4,24,12,20,17,16,8,13,21,9,14,1,2,22,3,23,18,19],[8,16,24,12,4,20,21,17,13,9,14,1,2,22,3,23,18,19],[8,12,20,24,17,16,4,13,21,9,22,14,1,2,23,18,3,19],[4,16,12,20,8,24,17,21,13,9,22,14,1,2,3,23,18,19],[24,12,8,20,17,4,16,13,21,9,14,1,2,22,3,23,18,19],[16,20,12,24,17,8,4,21,13,9,22,14,1,2,23,18,19],[20,16,12,24,21,4,8,17,13,9,14,1,22,2,3,23,18,19],[16,8,12,20,4,24,17,13,21,9,22,14,1,2,23,18,19],[8,4,16,24,12,20,21,17,13,9,22,14,1,2,23,18,19],[20,8,12,16,4,24,21,17,13,9,22,14,1,2,23,18,19],[8,12,24,16,4,20,21,17,13,9,14,1,22,2,23,18,19],[24,8,16,12,4,20,17,13,21,9,22,14,1,2,23,18,3,19],[8,16,12,24,4,20,21,17,13,9,14,1,2,22,23,18,19],[20,16,24,21,8,12,4,17,13,9,14,1,2,22,3,23,18,19],[24,8,4,16,12,20,17,13,21,9,14,1,22,2,3,23,18,19],[8,20,24,21,12,16,4,17,13,9,22,14,1,2,3,23,18,19],[20,4,16,8,24,17,12,21,13,9,14,1,22,2,3,23,18,19],[8,4,16,24,20,17,12,13,21,9,14,1,2,22,3,23,18,19],[8,12,20,24,21,16,4,17,13,9,14,1,22,2,3,23,18,19],[4,8,16,12,20,24,21,17,13,9,22,14,1,2,3,23,18,19],[4,8,16,24,12,20,21,17,13,9,14,1,2,22,23,18,19],[12,8,24,16,4,20,21,17,13,9,14,1,2,22,3,23,18,19],[12,20,8,24,21,16,4,17,13,9,22,14,1,2,3,23,18,19],[16,24,20,21,8,4,12,17,13,9,14,1,2,22,3,23,18,19],[12,8,20,16,4,24,17,13,21,9,14,1,22,2,3,23,18,19],[16,24,8,12,20,21,4,17,13,9,22,14,1,2,23,18,3,19],[8,24,4,16,20,17,12,21,13,9,22,14,1,2,23,18,3,19],[8,16,4,20,24,17,12,21,13,9,14,1,22,2,3,23,18,19],[16,20,4,24,17,8,12,13,21,9,22,14,1,2,3,23,18,19],[24,16,8,4,20,17,12,21,13,9,22,14,1,2,3,23,18,19],[12,20,8,4,24,17,16,21,13,9,22,14,1,2,3,23,18,19],[8,4,12,24,16,20,21,17,13,9,14,1,22,2,23,18,3,19],[24,12,16,8,20,21,4,17,13,9,22,14,1,2,23,19],[4,12,24,20,17,8,16,13,21,9,22,14,1,2,23,18,3,19],[20,24,21,4,12,16,8,17,13,9,22,14,1,2,23],[20,8,12,16,4,24,17,21,13,9,14,1,22,2,3,23,18,19],[12,16,4,24,20,17,8,13,21,9,22,14,1,2,23,18,3,19],[20,16,8,24,17,12,4,21,13,9,22,14,1,2,3,23,18,19],[12,20,4,8,24,21,16,17,13,9,22,14,1,2,23,18,3,19],[16,20,8,24,21,4,12,17,13,9,22,14,1,2,23,18,3,19],[8,20,16,12,4,24,17,21,13,9,22,14,1,2,23,18,3,19],[16,8,20,4,24,17,12,21,13,9,14,1,2,22,23,18,19],[20,16,24,17,12,8,4,21,13,9,14,1,2,22,3,23,18,19],[24,20,17,16,4,8,12,13,21,9,22,14,1,2,23,18,19],[16,24,8,12,20,21,4,17,13,9,22,14,1,2,3,23,18,19],[24,16,20,21,12,8,4,17,13,9,22,14,1,2,3,23,18,19],[8,20,12,16,24,21,4,17,13,9,14,1,2,22,23,18,3,19],[20,24,17,4,8,16,12,21,13,9,22,14,1,2,23,18,19],[20,8,12,24,21,4,16,17,13,9,22,14,1,2,3,23,18,19],[4,20,12,16,8,24,17,21,13,9,22,14,1,2,3,23,18,19],[16,8,4,24,12,20,21,17,13,9,22,14,1,2,3,23,18,19],[20,24,21,4,8,12,16,17,13,9,22,14,1,2,23,18,3,19],[8,4,20,24,17,16,12,13,21,9,22,14,1,2,23,18,19],[20,16,12,8,4,24,17,21,13,9,22,14,1,2,3,23,18,19],[24,16,20,17,4,8,12,21,13,9,14,1,2,22,3,23,18,19],[20,12,4,16,24,17,8,21,13,9,22,14,1,2,3,23,18,19],[24,8,4,20,17,12,16,21,13,9,22,14,1,2,3,23,18,19],[20,4,16,8,24,21,12,17,13,9,22,14,1,2,3,23,18,19],[16,12,8,24,4,20,21,17,13,9,14,1,2,22,3,23,18,19],[20,16,4,8,24,17,12,21,13,9,14,1,22,2,3,23,18,19],[8,24,16,4,12,20,17,21,13,9,14,1,22,2,3,23,18,19],[24,12,20,17,8,4,16,13,21,9,14,1,2,22,3,23,18,19],[20,4,24,17,16,8,12,13,21,9,14,1,22,2,3,23,18,19],[24,16,4,20,21,12,8,17,13,9,14,1,2,22,23,18,3,19],[8,20,16,12,4,24,21,17,13,9,22,14,1,2,3,23,18,19],[24,8,20,21,16,4,12,17,13,9,14,1,2,22,23,18,3,19],[16,20,8,12,24,17,4,21,13,9,14,1,2,22,23,18,3,19],[4,24,8,20,21,12,16,17,13,9,22,14,1,2,3,23,18,19],[8,16,12,20,24,17,4,21,13,9,22,14,1,2,3,23,18,19],[16,4,24,12,20,21,8,17,13,9,22,14,1,2,3,23,18,19],[20,24,17,16,4,12,8,13,21,9,14,1,2,22,3,23,18,19],[8,24,20,17,16,4,12,21,13,9,14,1,22,2,3,23,18,19],[24,16,4,8,12,20,21,17,13,9,14,1,2,22,23,18,3,19],[16,20,8,4,24,21,12,17,13,9,14,1,2,22,23,18,3,19],[4,12,16,20,8,24,21,17,13,9,14,1,22,2,23,18,3,19],[20,16,12,24,21,8,4,17,13,9,14,1,2,22,23,18,19],[12,20,8,24,17,16,4,13,21,9,14,1,2,22,23,18,19],[24,4,8,12,20,17,16,21,13,9,22,14,1,2,3,23,18,19],[8,24,16,12,4,20,21,17,13,9,22,14,1,2,23,18,3,19],[8,4,12,20,24,17,16,13,21,9,22,14,1,2,3,23,18,19],[12,24,16,4,8,20,17,13,21,9,14,1,2,22,23,18,19],[8,24,4,20,17,16,12,13,21,9,22,14,1,2,23,18,3,19],[20,8,4,24,21,12,16,17,13,9,14,1,22,2,23,18,3,19],[4,16,12,8,24,20,17,13,21,9,22,14,1,2,3,23,18,19],[4,24,12,16,8,20,21,17,13,9,22,14,1,2,23],[4,8,24,12,16,20,21,17,13,9,14,1,2,22,23,18,19],[4,12,24,20,17,8,16,13,21,9,22,14,1,2,23,18,3,19],[8,16,4,20,24,17,12,13,21,9,14,1,22,2,3,23,18,19],[24,20,17,16,12,8,4,13,21,9,14,1,22,2,23,18,3,19],[16,4,24,8,20,17,12,21,13,9,22,14,1,2,23,18,19],[16,24,20,17,8,4,12,13,21,9,22,14,1,2,23,18,19],[20,16,4,8,12,24,21,17,13,9,22,14,1,2,3,23,18,19],[4,8,24,20,21,12,16,17,13,9,14,1,22,2,23,18,3,19],[20,12,16,24,17,4,8,21,13,9,14,1,2,22,3,23,18,19],[24,4,20,17,12,16,8,13,21,9,22,14,1,2,3,23,18,19],[12,24,8,20,21,16,4,17,13,9,14,1,22,2,3,23,18,19],[20,8,16,4,12,24,21,17,13,9,22,14,1,2,3,23,18,19],[20,8,12,24,21,16,4,17,13,9,14,1,22,2,23,18,3,19],[16,12,24,8,20,21,4,17,13,9,14,1,22,2,23,18,3,19],[8,16,20,12,4,24,17,13,21,9,22,14,1,2,23,18,19],[8,24,20,17,12,16,4,13,21,9,22,14,1,2,23,18,3,19],[16,24,12,8,20,17,4,13,21,9,14,1,22,2,23,18,19],[20,4,24,17,16,8,12,13,21,9,14,1,2,22,23,18,3,19],[20,24,21,16,4,12,8,17,13,9,14,1,22,2,23,18,3,19],[16,12,20,8,4,24,21,17,13,9,22,14,1,2,23,18,3,19],[24,4,8,12,16,20,21,17,13,9,14,1,22,2,23,18,19],[24,4,20,17,8,16,12,13,21,9,14,1,2,22,3,23,18,19],[24,8,20,21,16,12,4,17,13,9,22,14,1,2,23,18,19],[8,4,16,20,24,17,12,13,21,9,14,1,2,22,3,23,18,19],[24,20,17,8,12,4,16,13,21,9,22,14,1,2,23,18,3,19],[12,8,20,4,24,17,16,21,13,9,14,1,22,2,3,23,18,19],[16,8,12,24,20,21,4,17,13,9,14,1,22,2,23,18,19],[8,20,4,24,17,16,12,13,21,9,22,14,1,2,23,18,3,19],[24,8,4,12,16,20,21,17,13,9,22,14,1,2,23,18,19],[12,8,20,24,17,4,16,13,21,9,22,14,1,2,23,18,3,19],[16,8,12,20,4,24,17,13,21,9,22,14,1,2,3,23,18,19],[16,4,12,24,20,21,8,17,13,9,14,1,22,2,23,18,19],[4,8,24,20,21,16,12,17,13,9,14,1,2,22,3,23,18,19],[4,8,12,24,20,21,16,17,13,9,14,1,2,22,23,18,19],[20,4,16,12,24,17,8,13,21,9,14,1,22,2,3,23,18,19],[8,20,16,4,24,17,12,13,21,9,22,14,1,2,23,19],[16,12,20,4,24,17,8,21,13,9,14,1,2,22,23,18,19],[4,20,8,24,21,12,16,17,13,9,22,14,1,2,3,23,18,19],[16,20,8,12,24,17,4,13,21,9,14,1,22,2,3,23,18,19],[24,8,12,20,17,4,16,13,21,9,14,1,22,2,3,23,18,19],[20,24,17,12,16,4,8,13,21,9,22,14,1,2,23,18,19],[20,12,4,24,17,8,16,21,13,9,22,14,1,2,23,18,3,19],[24,12,20,21,4,16,8,17,13,9,22,14,1,2,23,18,3,19],[16,4,12,20,8,24,21,17,13,9,14,1,22,2,3,23,18,19],[12,16,4,24,8,20,17,21,13,9,22,14,1,2,23,18,3,19],[16,20,24,21,12,4,8,17,13,9,22,14,1,2,23,18,19],[16,20,4,8,24,17,12,13,21,9,22,14,1,2,3,23,18,19],[16,12,8,4,24,20,17,13,21,9,14,1,22,2,3,23,18,19],[24,8,16,12,4,20,21,17,13,9,22,14,1,2,3,23,18,19],[4,12,20,8,16,24,17,13,21,9,22,14,1,2,3,23,18,19],[4,16,20,24,17,8,12,21,13,9,22,14,1,2,23,18,19],[8,16,4,24,12,20,17,13,21,9,14,1,2,22,23,18,19],[4,24,8,16,20,17,12,13,21,9,14,1,22,2,3,23,18,19],[24,8,20,21,12,16,4,17,13,9,14,1,22,2,3,23,18,19],[4,20,24,21,16,12,8,17,13,9,22,14,1,2,3,23,18,19],[8,12,4,16,20,24,17,21,13,9,22,14,1,2,23,18,19],[4,8,20,16,12,24,17,13,21,9,14,1,2,22,3,23,18,19],[4,12,8,20,24,21,16,17,13,9,14,1,2,22,3,23,18,19],[4,24,20,21,12,16,8,17,13,9,14,1,22,2,3,23,18,19],[4,8,20,24,21,12,16,17,13,9,22,14,1,2,23,18,3,19],[16,12,24,4,20,21,8,17,13,9,22,14,1,2,23,18,19],[24,8,20,21,4,16,12,17,13,9,14,1,22,2,3,23,18,19],[20,12,8,4,16,24,21,17,13,9,22,14,1,2,23,18,3,19],[20,12,4,16,24,17,8,13,21,9,14,1,22,2,3,23,18,19],[16,20,12,4,8,24,21,17,13,9,22,14,1,2,23,18,3,19],[4,16,12,20,24,17,8,21,13,9,22,14,1,2,3,23,18,19],[12,16,20,24,21,4,8,17,13,9,22,14,1,2,23,18,19],[24,8,4,20,21,12,16,17,13,9,22,14,1,2,3,23,18,19],[8,20,16,24,17,12,4,21,13,9,22,14,1,2,3,23,18,19],[16,20,8,4,24,17,12,13,21,9,14,1,22,2,3,23,18,19],[20,12,8,24,21,4,16,17,13,9,14,1,22,2,23],[20,24,17,16,12,8,4,13,21,9,22,14,1,2,3,23,18,19],[16,20,12,4,24,21,8,17,13,9,14,1,2,22,23,18,3,19],[24,12,16,8,20,17,4,13,21,9,14,1,2,22,23,18,19],[4,20,24,21,12,8,16,17,13,9,14,1,22,2,3,23,18,19],[20,12,4,8,16,24,17,21,13,9,22,14,1,2,23,18,3,19],[8,24,12,16,4,20,17,13,21,9,14,1,22,2,23,18,19],[12,20,16,8,4,24,21,17,13,9,14,1,2,22,3,23,18,19],[4,8,12,16,20,24,21,17,13,9,14,1,2,22,3,23,18,19],[24,8,12,16,4,20,21,17,13,9,22,14,1,2,23,18,19],[20,8,12,4,16,24,17,21,13,9,14,1,2,22,23,18,19],[12,16,4,20,24,17,8,13,21,9,22,14,1,2,3,23,18,19],[24,4,20,17,12,16,8,21,13,9,14,1,22,2,3,23,18,19],[4,16,20,24,17,12,8,13,21,9,22,14,1,2,3,23,18,19],[12,8,4,16,20,24,21,17,13,9,22,14,1,2,3,23,18,19],[8,24,12,20,21,4,16,17,13,9,22,14,1,2,3,23,18,19],[24,16,8,12,20,17,4,13,21,9,14,1,2,22,3,23,18,19],[8,20,4,12,24,17,16,21,13,9,22,14,1,2,3,23,18,19],[12,24,4,8,16,20,17,21,13,9,22,14,1,2,3,23,18,19],[4,16,20,8,24,17,12,21,13,9,14,1,22,2,23,18,19],[8,16,24,12,4,20,21,17,13,9,22,14,1,2,3,23,18,19],[8,20,16,12,4,24,17,21,13,9,22,14,1,2,23,18,3,19],[24,20,17,16,12,8,4,21,13,9,14,1,2,22,3,23,18,19],[20,4,8,12,24,17,16,13,21,9,22,14,1,2,23,18,19],[16,24,12,20,17,8,4,21,13,9,14,1,2,22,3,23,18,19],[8,16,20,12,24,17,4,13,21,9,14,1,2,22,23,18,19],[8,4,12,16,20,24,17,21,13,9,14,1,2,22,23,18,3,19],[16,8,12,4,20,24,21,17,13,9,14,1,2,22,3,23,18,19],[20,4,12,16,24,21,8,17,13,9,22,14,1,2,3,23,18,19],[12,24,20,21,4,8,16,17,13,9,22,14,1,2,23,18,3,19],[16,20,8,12,24,17,4,21,13,9,22,14,1,2,23,19],[8,16,20,24,21,12,4,17,13,9,22,14,1,2,23,18,3,19],[8,12,16,4,20,24,21,17,13,9,22,14,1,2,3,23,18,19],[20,4,8,24,21,12,16,17,13,9,22,14,1,2,3,23,18,19],[8,20,12,16,4,24,21,17,13,9,14,1,2,22,23,18,3,19],[16,8,4,24,12,20,21,17,13,9,22,14,1,2,23,18,3,19],[24,8,12,4,16,20,17,21,13,9,22,14,1,2,23,18,19],[24,8,20,21,12,4,16,17,13,9,14,1,22,2,3,23,18,19],[16,24,4,12,20,21,8,17,13,9,22,14,1,2,23,19],[12,20,16,4,24,17,8,21,13,9,22,14,1,2,23,19],[4,20,16,12,24,21,8,17,13,9,22,14,1,2,23,18,3,19],[4,24,12,20,21,16,8,17,13,9,22,14,1,2,23,18,3,19],[16,24,12,8,4,20,21,17,13,9,14,1,2,22,23,18,3,19],[20,24,21,8,16,4,12,17,13,9,14,1,2,22,23,18,19],[12,20,24,17,16,4,8,13,21,9,22,14,1,2,3,23,18,19],[8,4,16,20,12,24,17,13,21,9,14,1,22,2,23,19],[12,24,8,4,20,21,16,17,13,9,22,14,1,2,23,18,3,19],[4,8,24,20,21,16,12,17,13,9,22,14,1,2,23,18,3,19],[16,4,8,20,24,17,12,21,13,9,22,14,1,2,3,23,18,19],[16,12,24,4,8,20,21,17,13,9,22,14,1,2,3,23,18,19],[12,4,8,24,20,21,16,17,13,9,14,1,22,2,3,23,18,19],[20,16,8,24,17,4,12,21,13,9,22,14,1,2,23,18,3,19],[20,12,24,21,16,8,4,17,13,9,22,14,1,2,23,18,3,19],[12,8,24,16,20,17,4,13,21,9,22,14,1,2,3,23,18,19],[20,4,12,8,24,21,16,17,13,9,22,14,1,2,23],[12,4,24,16,8,20,17,13,21,9,22,14,1,2,3,23,18,19],[20,24,21,4,8,16,12,17,13,9,22,14,1,2,23,18,3,19],[16,12,8,24,20,21,4,17,13,9,22,14,1,2,3,23,18,19],[4,12,24,20,17,8,16,13,21,9,14,1,2,22,3,23,18,19],[24,16,12,8,4,20,17,13,21,9,22,14,1,2,23,18,3,19],[24,4,16,20,21,12,8,17,13,9,14,1,22,2,23,18,19],[24,4,20,21,16,8,12,17,13,9,22,14,1,2,3,23,18,19],[24,8,16,12,4,20,21,17,13,9,14,1,2,22,23,18,3,19],[16,8,20,24,21,4,12,17,13,9,14,1,2,22,23,18,3,19],[20,16,12,4,8,24,17,21,13,9,22,14,1,2,3,23,18,19],[8,4,24,20,21,12,16,17,13,9,22,14,1,2,23,18,3,19],[4,20,12,16,8,24,17,13,21,9,14,1,22,2,23,18,19],[8,20,12,4,24,17,16,21,13,9,14,1,22,2,23,18,3,19],[24,4,12,16,8,20,21,17,13,9,14,1,22,2,3,23,18,19],[16,4,24,8,12,20,21,17,13,9,14,1,22,2,3,23,18,19],[24,16,20,21,4,8,12,17,13,9,22,14,1,2,23,18,19],[16,24,8,20,21,12,4,17,13,9,22,14,1,2,3,23,18,19],[12,8,4,20,16,24,21,17,13,9,22,14,1,2,3,23,18,19],[16,20,4,24,21,8,12,17,13,9,14,1,22,2,23,18,3,19],[20,8,4,24,17,16,12,13,21,9,14,1,2,22,3,23,18,19],[16,4,24,8,12,20,17,13,21,9,22,14,1,2,3,23,18,19],[24,4,8,16,20,17,12,21,13,9,14,1,2,22,3,23,18,19],[8,16,12,24,4,20,21,17,13,9,22,14,1,2,3,23,18,19],[24,20,17,16,12,4,8,21,13,9,14,1,22,2,3,23,18,19],[20,16,4,8,12,24,17,13,21,9,22,14,1,2,23,18,19],[20,4,16,8,12,24,21,17,13,9,22,14,1,2,23,18,3,19],[12,16,24,8,20,17,4,21,13,9,14,1,22,2,3,23,18,19],[12,8,4,24,20,17,16,21,13,9,22,14,1,2,23,18,19],[16,12,20,4,8,24,21,17,13,9,14,1,22,2,3,23,18,19],[24,4,16,12,20,21,8,17,13,9,22,14,1,2,23,18,19],[4,20,8,12,16,24,21,17,13,9,22,14,1,2,23,18,3,19],[8,20,12,4,24,17,16,21,13,9,14,1,2,22,23,18,19],[8,16,24,12,4,20,17,21,13,9,22,14,1,2,23,18,19],[16,20,12,8,4,24,17,21,13,9,22,14,1,2,3,23,18,19],[24,20,21,16,8,12,4,17,13,9,22,14,1,2,3,23,18,19],[24,20,21,16,12,4,8,17,13,9,14,1,2,22,3,23,18,19],[24,4,8,20,21,16,12,17,13,9,14,1,2,22,3,23,18,19],[12,8,24,16,20,17,4,13,21,9,22,14,1,2,23,18,19],[8,20,4,24,17,16,12,21,13,9,14,1,22,2,23,18,19],[8,4,20,12,24,17,16,21,13,9,22,14,1,2,23,18,3,19],[20,4,24,17,12,16,8,13,21,9,22,14,1,2,3,23,18,19],[16,4,12,8,24,20,17,21,13,9,22,14,1,2,23,18,19],[24,8,20,17,12,16,4,13,21,9,22,14,1,2,23,19],[4,20,12,24,21,16,8,17,13,9,22,14,1,2,23],[8,16,24,4,12,20,17,21,13,9,22,14,1,2,23,18,3,19],[8,12,4,20,24,21,16,17,13,9,14,1,22,2,23,18,3,19],[16,8,20,4,12,24,17,13,21,9,22,14,1,2,23,19],[24,12,4,20,17,16,8,13,21,9,22,14,1,2,3,23,18,19],[8,24,12,16,20,17,4,13,21,9,22,14,1,2,3,23,18,19],[4,24,16,8,12,20,21,17,13,9,14,1,22,2,23,18,19],[8,4,16,24,12,20,17,21,13,9,14,1,2,22,3,23,18,19],[20,4,12,24,21,16,8,17,13,9,14,1,2,22,23,18,3,19],[16,20,12,4,24,21,8,17,13,9,14,1,22,2,23,18,19],[16,12,4,20,24,21,8,17,13,9,14,1,2,22,23,18,19],[24,4,8,16,20,21,12,17,13,9,22,14,1,2,23,18,19],[16,4,8,20,24,17,12,13,21,9,22,14,1,2,3,23,18,19],[24,20,21,4,8,12,16,17,13,9,22,14,1,2,23,18,3,19],[24,20,17,4,8,12,16,21,13,9,22,14,1,2,3,23,18,19],[12,4,8,20,16,24,21,17,13,9,22,14,1,2,23,18,19],[16,24,8,12,20,21,4,17,13,9,14,1,2,22,3,23,18,19],[16,20,4,8,24,21,12,17,13,9,14,1,22,2,3,23,18,19],[20,12,4,24,21,8,16,17,13,9,22,14,1,2,23,18,19],[12,16,8,20,24,21,4,17,13,9,14,1,2,22,3,23,18,19],[20,24,17,16,8,4,12,21,13,9,14,1,22,2,23,18,19],[16,8,12,24,20,21,4,17,13,9,14,1,22,2,23,18,19],[16,4,20,8,12,24,21,17,13,9,14,1,2,22,3,23,18,19],[4,20,8,16,24,21,12,17,13,9,22,14,1,2,3,23,18,19],[24,4,20,21,16,12,8,17,13,9,14,1,22,2,3,23,18,19],[20,16,24,17,8,4,12,21,13,9,22,14,1,2,23,18,19],[20,12,8,16,24,17,4,21,13,9,22,14,1,2,3,23,18,19],[8,16,24,12,20,21,4,17,13,9,22,14,1,2,23,18,19],[4,16,24,20,21,8,12,17,13,9,22,14,1,2,23,18,19],[4,20,24,21,12,16,8,17,13,9,22,14,1,2,3,23,18,19],[16,20,24,21,4,12,8,17,13,9,22,14,1,2,3,23,18,19],[20,8,24,21,4,12,16,17,13,9,14,1,22,2,3,23,18,19],[12,8,24,4,16,20,21,17,13,9,14,1,2,22,23,18,19],[16,8,24,4,20,17,12,21,13,9,22,14,1,2,3,23,18,19],[8,24,4,20,17,16,12,13,21,9,14,1,22,2,23,18,19],[20,8,16,4,12,24,21,17,13,9,14,1,22,2,23,18,3,19],[4,24,12,8,20,17,16,21,13,9,22,14,1,2,23,19],[24,12,4,20,21,8,16,17,13,9,22,14,1,2,23,18,19],[8,16,24,4,20,17,12,13,21,9,14,1,22,2,23,18,19],[20,8,16,4,24,17,12,13,21,9,22,14,1,2,23,19],[20,8,16,12,4,24,17,21,13,9,22,14,1,2,3,23,18,19],[20,24,17,8,4,16,12,21,13,9,22,14,1,2,3,23,18,19],[4,16,20,12,24,17,8,21,13,9,14,1,22,2,3,23,18,19],[20,12,16,24,17,8,4,21,13,9,22,14,1,2,23,18,19],[24,20,21,8,12,4,16,17,13,9,14,1,2,22,23,18,19],[24,4,20,21,12,16,8,17,13,9,14,1,2,22,3,23,18,19],[8,24,16,12,20,21,4,17,13,9,22,14,1,2,23,18,19],[20,24,17,16,12,4,8,13,21,9,22,14,1,2,23],[16,4,8,20,24,21,12,17,13,9,14,1,22,2,23,18,3,19],[8,24,4,16,20,21,12,17,13,9,22,14,1,2,23,18,3,19],[20,16,4,8,12,24,21,17,13,9,14,1,2,22,23,18,3,19],[4,8,24,16,20,17,12,21,13,9,22,14,1,2,23,18,19],[24,12,16,20,21,4,8,17,13,9,22,14,1,2,3,23,18,19],[8,16,20,4,12,24,21,17,13,9,14,1,22,2,3,23,18,19],[12,8,4,20,16,24,21,17,13,9,22,14,1,2,23,18,3,19],[8,4,12,20,16,24,17,21,13,9,14,1,2,22,23,18,19],[8,12,16,24,4,20,21,17,13,9,22,14,1,2,3,23,18,19],[24,20,21,12,4,8,16,17,13,9,22,14,1,2,3,23,18,19],[20,16,8,4,12,24,17,13,21,9,14,1,22,2,3,23,18,19],[8,4,12,16,24,20,17,13,21,9,22,14,1,2,23,18,19],[12,24,8,20,17,16,4,13,21,9,14,1,2,22,23,19],[4,8,20,12,24,21,16,17,13,9,14,1,2,22,3,23,18,19],[4,20,16,12,8,24,17,13,21,9,22,14,1,2,3,23,18,19],[24,8,20,17,16,4,12,13,21,9,14,1,2,22,23,18,3,19],[4,24,20,17,12,8,16,13,21,9,22,14,1,2,3,23,18,19],[20,16,12,4,8,24,21,17,13,9,14,1,22,2,3,23,18,19],[16,20,24,21,12,8,4,17,13,9,14,1,22,2,23,18,19],[20,16,8,12,4,24,21,17,13,9,22,14,1,2,3,23,18,19],[16,8,20,4,24,17,12,13,21,9,22,14,1,2,23,18,3,19],[4,8,12,24,20,21,16,17,13,9,14,1,22,2,23,18,3,19],[12,20,24,21,16,8,4,17,13,9,22,14,1,2,23,18,3,19],[16,8,20,12,4,24,21,17,13,9,14,1,2,22,23,18,19],[16,4,24,12,20,21,8,17,13,9,14,1,22,2,23,18,19],[4,20,24,17,16,12,8,21,13,9,22,14,1,2,23,18,3,19],[8,24,4,12,16,20,21,17,13,9,14,1,2,22,3,23,18,19],[4,16,24,12,20,21,8,17,13,9,22,14,1,2,23,18,19],[8,24,16,12,4,20,17,21,13,9,14,1,2,22,23,18,3,19],[8,12,16,4,24,20,17,13,21,9,14,1,22,2,3,23,18,19],[12,4,24,8,16,20,21,17,13,9,14,1,2,22,23,18,19],[20,4,16,24,17,12,8,21,13,9,22,14,1,2,23,18,19],[12,24,4,16,20,21,8,17,13,9,22,14,1,2,3,23,18,19],[8,12,20,16,4,24,17,13,21,9,14,1,2,22,3,23,18,19],[24,20,17,4,12,16,8,21,13,9,14,1,22,2,23,18,3,19],[12,20,4,8,24,17,16,21,13,9,14,1,22,2,23,18,3,19],[20,8,24,21,4,16,12,17,13,9,14,1,22,2,23,18,19],[4,12,20,16,8,24,21,17,13,9,22,14,1,2,3,23,18,19],[8,4,12,16,20,24,17,21,13,9,22,14,1,2,23,18,19],[4,20,16,24,17,8,12,13,21,9,22,14,1,2,23,18,3,19],[12,8,16,24,4,20,17,21,13,9,22,14,1,2,3,23,18,19],[8,24,4,16,12,20,17,13,21,9,14,1,22,2,3,23,18,19],[8,12,16,24,20,17,4,13,21,9,14,1,22,2,23,18,3,19],[16,20,12,8,24,21,4,17,13,9,14,1,2,22,23,18,19],[8,4,20,16,12,24,21,17,13,9,14,1,2,22,23,18,19],[12,4,20,16,8,24,17,13,21,9,22,14,1,2,23,18,19],[20,12,4,24,21,16,8,17,13,9,22,14,1,2,23,18,3,19],[4,20,24,17,16,8,12,21,13,9,22,14,1,2,3,23,18,19],[4,12,24,8,20,17,16,21,13,9,22,14,1,2,3,23,18,19],[4,16,12,8,20,24,21,17,13,9,22,14,1,2,3,23,18,19],[4,16,20,24,17,12,8,21,13,9,22,14,1,2,3,23,18,19],[12,4,20,16,8,24,21,17,13,9,14,1,2,22,3,23,18,19],[8,12,20,4,16,24,17,13,21,9,22,14,1,2,3,23,18,19],[4,12,20,16,24,21,8,17,13,9,14,1,2,22,23,18,3,19],[8,24,12,16,20,21,4,17,13,9,14,1,2,22,3,23,18,19],[4,24,16,20,17,8,12,13,21,9,14,1,22,2,23,18,3,19],[8,4,12,16,24,20,21,17,13,9,22,14,1,2,23,18,3,19],[20,12,16,24,21,4,8,17,13,9,22,14,1,2,3,23,18,19],[16,20,12,24,17,8,4,13,21,9,14,1,22,2,23,19],[8,16,24,12,20,17,4,13,21,9,22,14,1,2,23,19],[8,24,4,20,21,16,12,17,13,9,14,1,2,22,3,23,18,19],[8,24,12,4,20,21,16,17,13,9,14,1,22,2,3,23,18,19],[20,4,12,24,21,8,16,17,13,9,14,1,2,22,23,18,3,19],[20,12,16,8,4,24,21,17,13,9,14,1,2,22,23,18,19],[20,16,4,12,24,17,8,21,13,9,14,1,2,22,3,23,18,19],[12,16,8,20,4,24,21,17,13,9,22,14,1,2,23,18,3,19],[20,24,17,16,8,12,4,13,21,9,22,14,1,2,23,18,19],[12,4,8,24,20,17,16,21,13,9,14,1,22,2,3,23,18,19],[12,24,8,16,4,20,17,13,21,9,22,14,1,2,23,18,19],[24,20,17,4,8,16,12,13,21,9,22,14,1,2,23,18,19],[24,20,21,4,12,8,16,17,13,9,14,1,22,2,3,23,18,19],[4,12,24,16,8,20,17,21,13,9,23,14,18,1,2,19],[20,12,24,17,8,16,4,21,13,9,14,1,22,2,23,18,19],[8,20,16,24,21,12,4,17,13,9,14,1,22,2,3,23,18,19],[8,20,16,4,24,21,12,17,13,9,14,1,2,22,23,18,3,19],[12,8,20,24,21,16,4,17,13,9,14,1,22,2,3,23,18,19],[4,20,12,8,24,21,16,17,13,9,14,1,22,2,3,23,18,19],[24,8,12,16,20,21,4,17,13,9,14,1,22,2,3,23,18,19],[16,24,4,8,20,17,12,13,21,9,22,14,1,2,23,18,3,19],[16,12,8,24,4,20,21,17,13,9,14,1,2,22,3,23,18,19],[8,24,4,12,16,20,21,17,13,9,22,14,1,2,23,18,19],[4,20,8,16,12,24,17,13,21,9,22,14,1,2,23,18,3,19],[16,12,24,8,4,20,21,17,13,9,14,1,22,2,23,18,19],[20,4,8,24,17,16,12,13,21,9,22,14,1,2,23,18,3,19],[16,20,24,17,12,8,4,13,21,9,14,1,22,2,23,18,19],[20,16,24,21,4,8,12,17,13,9,22,14,1,2,3,23,18,19],[12,20,24,21,4,16,8,17,13,9,22,14,1,2,23,19],[8,20,12,4,16,24,17,13,21,9,22,14,1,2,3,23,18,19],[24,4,12,20,17,16,8,21,13,9,22,14,1,2,3,23,18,19],[20,16,12,24,17,8,4,21,13,9,14,1,2,22,3,23,18,19],[20,8,16,24,17,4,12,13,21,9,14,1,2,22,3,23,18,19],[16,8,24,20,21,12,4,17,13,9,22,14,1,2,3,23,18,19],[4,24,16,8,12,20,17,13,21,9,22,14,1,2,3,23,18,19],[20,4,24,17,12,16,8,13,21,9,14,1,2,22,3,23,18,19],[8,20,24,17,16,12,4,21,13,9,22,14,1,2,3,23,18,19],[8,4,16,24,20,17,12,13,21,9,22,14,1,2,23,18,3,19],[8,24,12,4,20,17,16,21,13,9,14,1,22,2,23,18,3,19],[24,20,17,16,8,4,12,13,21,9,22,14,1,2,23,19],[12,8,4,16,20,24,17,13,21,9,14,1,2,22,23,18,19],[24,8,16,12,20,17,4,21,13,9,22,14,1,2,23,18,19],[16,24,8,20,21,4,12,17,13,9,22,14,1,2,3,23,18,19],[24,4,16,8,12,20,21,17,13,9,22,14,1,2,3,23,18,19],[8,24,16,12,4,20,21,17,13,9,14,1,22,2,23,18,19],[8,16,12,20,4,24,17,21,13,9,22,14,1,2,23,18,19],[4,24,12,16,20,17,8,13,21,9,22,14,1,2,3,23,18,19],[12,8,20,24,21,16,4,17,13,9,22,14,1,2,3,23,18,19],[8,24,12,4,20,21,16,17,13,9,14,1,22,2,3,23,18,19],[16,24,8,12,4,20,21,17,13,9,14,1,2,22,3,23,18,19],[16,4,8,24,12,20,17,21,13,9,14,1,2,22,3,23,18,19],[4,24,20,17,8,12,16,13,21,9,22,14,1,2,3,23,18,19],[24,20,17,4,16,12,8,13,21,9,22,14,1,2,23,18,3,19],[20,8,4,24,17,16,12,21,13,9,22,14,1,2,23,18,19],[20,8,4,12,16,24,21,17,13,9,22,14,1,2,23,18,19],[20,4,24,17,12,8,16,13,21,9,22,14,1,2,3,23,18,19],[16,8,24,12,20,21,4,17,13,9,14,1,2,22,23],[20,4,24,21,16,8,12,17,13,9,14,1,2,22,3,23,18,19],[24,20,21,4,8,12,16,17,13,9,22,14,1,2,3,23,18,19],[12,8,16,20,24,21,4,17,13,9,22,14,1,2,3,23,18,19],[12,24,16,20,21,4,8,17,13,9,14,1,22,2,23,18,3,19],[12,4,24,20,21,8,16,17,13,9,22,14,1,2,23,18,19],[24,16,12,8,20,17,4,21,13,9,22,14,1,2,3,23,18,19],[20,12,16,24,17,8,4,21,13,9,22,14,1,2,23,18,19],[4,16,24,8,12,20,17,21,13,9,22,14,1,2,3,23,18,19],[24,8,4,16,12,20,21,17,13,9,14,1,22,2,23,18,19],[16,24,4,8,12,20,21,17,13,9,22,14,1,2,3,23,18,19],[20,16,12,24,17,8,4,13,21,9,22,14,1,2,23,18,19],[16,24,20,21,4,12,8,17,13,9,14,1,22,2,3,23,18,19],[8,16,4,24,20,21,12,17,13,9,14,1,2,22,23,18,19],[12,16,24,8,20,17,4,21,13,9,22,14,1,2,3,23,18,19],[8,20,24,21,12,4,16,17,13,9,14,1,22,2,3,23,18,19],[24,4,16,20,21,12,8,17,13,9,14,1,2,22,23,18,19],[12,8,4,16,24,20,17,13,21,9,14,1,22,2,23,18,3,19],[8,4,12,20,24,21,16,17,13,9,22,14,1,2,3,23,18,19],[4,16,12,8,20,24,21,17,13,9,22,14,1,2,3,23,18,19],[24,8,16,20,17,12,4,13,21,9,22,14,1,2,23,18,3,19],[8,16,4,20,24,21,12,17,13,9,14,1,22,2,3,23,18,19],[8,24,20,17,4,16,12,13,21,9,22,14,1,2,23,18,3,19],[12,20,4,24,21,16,8,17,13,9,14,1,22,2,3,23,18,19],[20,16,4,12,24,17,8,21,13,9,14,1,22,2,3,23,18,19],[16,24,12,8,4,20,21,17,13,9,14,1,22,2,23,18,3,19],[12,4,16,20,24,21,8,17,13,9,14,1,22,2,23,18,19],[12,16,4,8,20,24,21,17,13,9,14,1,2,22,3,23,18,19],[20,16,8,12,4,24,21,17,13,9,22,14,1,2,3,23,18,19],[24,12,20,17,16,4,8,13,21,9,14,1,2,22,3,23,18,19],[16,24,8,12,20,21,4,17,13,9,14,1,22,2,23],[12,4,24,8,16,20,21,17,13,9,22,14,1,2,23,18,19],[16,8,20,24,17,4,12,21,13,9,14,1,2,22,3,23,18,19],[12,20,24,17,16,4,8,13,21,9,14,1,22,2,23,18,19],[24,12,16,20,17,8,4,21,13,9,14,1,22,2,3,23,18,19],[24,16,20,17,4,12,8,13,21,9,14,1,22,2,23,18,19],[12,4,16,20,24,17,8,13,21,9,22,14,1,2,23,18,3,19],[8,4,24,16,20,17,12,13,21,9,22,14,1,2,23,18,3,19],[12,24,4,16,8,20,21,17,13,9,22,14,1,2,3,23,18,19],[12,24,16,4,20,17,8,13,21,9,22,14,1,2,23,18,19],[20,4,24,17,16,12,8,21,13,9,14,1,22,2,3,23,18,19],[8,12,20,24,17,16,4,21,13,9,14,1,2,22,23,18,19],[20,16,4,12,24,21,8,17,13,9,14,1,2,22,3,23,18,19],[12,24,16,4,8,20,17,13,21,9,22,14,1,2,3,23,18,19],[12,16,20,4,8,24,21,17,13,9,22,14,1,2,23,18,3,19],[20,24,17,4,12,16,8,21,13,9,14,1,22,2,23,18,19],[4,24,12,16,20,17,8,21,13,9,22,14,1,2,23,18,3,19],[20,12,16,24,21,8,4,17,13,9,22,14,1,2,3,23,18,19],[16,20,8,12,24,21,4,17,13,9,22,14,1,2,3,23,18,19],[4,12,16,20,24,21,8,17,13,9,22,14,1,2,3,23,18,19],[12,4,8,16,20,24,17,13,21,9,22,14,1,2,3,23,18,19],[24,16,8,4,12,20,21,17,13,9,14,1,2,22,23,18,3,19],[12,16,20,24,21,4,8,17,13,9,22,14,1,2,23,18,19],[16,8,12,4,20,24,21,17,13,9,14,1,2,22,3,23,18,19],[16,20,8,12,4,24,21,17,13,9,14,1,2,22,23,18,19],[16,12,24,4,20,17,8,13,21,9,14,1,2,22,23,18,19],[4,16,20,8,12,24,21,17,13,9,14,1,2,22,3,23,18,19],[4,8,12,16,24,20,17,13,21,9,14,1,22,2,3,23,18,19],[16,8,4,24,20,17,12,13,21,9,14,1,2,22,3,23,18,19],[16,12,24,20,17,4,8,21,13,9,22,14,1,2,3,23,18,19],[12,24,4,8,20,17,16,21,13,9,14,1,22,2,3,23,18,19],[20,8,12,16,24,17,4,13,21,9,14,1,2,22,23,18,3,19],[8,4,24,16,20,17,12,21,13,9,22,14,1,2,23,19],[12,4,20,16,8,24,21,17,13,9,22,14,1,2,23,18,3,19],[8,20,12,4,16,24,21,17,13,9,14,1,22,2,3,23,18,19],[4,24