{"problem_id":"IJdX0hTRFkJJEYX","sigma":75,"alpha":1.000,"cost":0,"probabilities":"[0.38, 0.03, 0.55, 0.04]","payoff_matrix":"[[25, -93, -72, -79, 74, 51], [22, 32, -49, 40, 12, 39], [123, -81, 76, -54, -166, -116], [76, -45, 3, 15, 4, 56]]","uncovered":[[15,11,23,7,3,1,9,19],[19,23,11,3,1,9,16,15,7],[7,11,3,1,9,19,15,23],[19,23,15,3,7,11,1,9],[19,15,23,11,3,9,7],[3,15,23,19,11,9,7],[7,11,15,23,19,3,1,9],[11,23,7,19,15,3,9],[15,19,3,7,23,11,9],[11,15,23,7,3,1,9,6,19],[3,15,11,1,9,7,19,23],[7,23,11,19,3,1,9,15],[15,23,7,3,19,11,1,9],[3,23,11,1,9,18,19,7,15],[19,23,11,15,3,9,7],[7,23,3,15,11,9,19],[3,11,9,15,19,23,7],[23,15,11,19,3,9,7],[15,23,19,3,11,1,9,7],[19,23,11,3,1,9,7,13],[7,11,3,1,9,23,15,19],[15,23,11,7,3,9,19],[3,7,23,15,19,11,9],[19,23,7,11,15,3,9],[11,7,19,15,23,3,9],[23,19,15,11,7,3,9],[3,23,15,7,19,11,9],[23,11,19,15,7,3,1,9],[19,7,3,11,1,9,15,23],[23,19,3,7,11,1,9,15],[11,7,3,1,9,19,15,21,23],[7,19,11,23,15,3,9],[19,11,23,15,3,1,9,7],[15,23,7,19,3,11,1,9],[15,11,3,1,9,7,23,19],[3,15,11,9,23,7,19],[23,7,15,11,3,9,19],[11,7,15,19,3,1,9,23],[11,19,23,3,9,7,15],[3,15,19,23,7,11,1,9],[23,15,7,19,11,3,1,9],[19,3,23,11,1,9,15,7],[3,15,23,11,1,9,19,7],[23,19,7,3,11,9,15],[7,23,15,11,3,9,19],[23,19,7,15,11,3,1,9],[3,19,11,1,9,15,23,7],[7,23,11,3,9,15,19],[19,11,15,3,1,9,7,23],[23,7,3,15,19,11,1,9],[19,3,23,15,7,11,9],[3,19,15,23,7,11,9],[11,7,19,15,3,1,9,23],[3,11,1,9,23,19,15,7],[15,11,19,7,3,1,9,23],[15,23,19,11,3,9,7],[19,7,23,15,3,11,9],[11,3,1,9,23,15,7,19],[15,23,7,11,19,3,1,9],[7,3,19,11,1,9,15,23],[11,3,1,9,15,7,19,23],[15,19,23,11,7,3,9],[11,7,3,9,19,15,23],[23,15,7,3,19,11,9],[23,19,11,7,3,9,15],[19,15,23,3,7,11,9],[11,15,19,23,3,9,7],[11,7,23,19,15,3,1,9],[3,11,1,9,24,23,15,19,7],[15,11,19,7,23,3,1,9],[3,23,11,1,9,15,7,19],[11,15,19,7,23,3,1,9],[7,19,15,23,3,11,1,9],[15,3,19,11,1,9,23,7],[23,11,3,9,7,15,19],[19,15,7,3,11,1,9,23],[7,19,3,11,9,23,15],[23,19,15,3,11,1,9,7],[23,19,15,7,3,11,9],[3,11,1,9,23,19,7,15],[23,7,19,15,3,11,1,9],[23,11,3,1,9,7,19,15],[19,15,7,11,23,3,1,9],[11,15,23,7,3,9,19],[11,23,7,19,15,3,1,9],[19,7,23,15,11,3,9],[19,11,23,7,15,3,9],[3,11,1,9,7,15,19,23],[19,11,7,23,15,3,1,9],[7,15,23,19,11,3,9],[7,23,19,15,3,11,9],[15,19,23,11,7,3,1,9],[11,3,1,9,23,15,7,19],[7,11,15,19,23,3,9],[19,7,11,15,23,3,9],[7,23,15,3,19,11,9],[15,19,7,23,11,3,9],[3,19,15,23,7,11,1,9],[23,19,7,15,11,3,9],[7,23,19,11,3,1,9,15],[11,7,23,19,3,1,9,15],[7,23,11,3,1,9,15,19],[7,11,3,9,23,15,19],[11,23,7,3,1,9,19,15],[11,7,15,19,3,1,9,23],[3,23,7,11,1,9,19,15],[11,23,15,3,9,19,7],[3,7,19,15,11,1,9,23],[19,23,7,3,11,9,15],[11,7,15,3,1,9,19,23],[7,19,23,3,15,11,9],[23,3,15,19,7,11,9],[11,7,15,19,3,1,9,23],[15,23,7,3,11,1,9,19],[19,23,3,15,11,1,9,7],[23,3,15,11,1,9,19,7],[15,11,23,3,1,9,7,19],[15,7,3,23,11,1,9,19],[15,19,11,3,9,23,7],[19,23,3,7,11,9,15],[23,11,19,7,3,1,9,15],[23,7,3,11,1,9,19,15],[3,19,11,1,9,7,23,15],[19,7,23,15,3,11,1,9],[15,7,23,11,3,1,9,19],[11,7,15,3,1,9,23,19],[15,23,19,11,7,3,1,9],[7,15,19,23,11,3,9],[7,11,19,23,15,3,1,9],[15,23,3,7,11,9,19],[11,3,1,9,15,19,7,23],[15,11,7,23,3,1,9,19],[3,23,15,7,11,1,9,19],[15,19,7,3,23,11,9],[11,15,3,9,7,23,19],[15,11,23,3,9,19,7],[23,15,11,3,9,19,7],[3,15,23,7,11,9,19],[15,23,3,7,11,1,9,19],[7,11,19,23,15,3,1,9],[23,3,11,1,9,15,7,19],[3,19,15,11,9,7,23],[3,7,19,11,1,9,15,23],[23,7,15,11,3,9,19],[7,19,15,23,11,3,9],[7,3,11,9,23,15,19],[19,23,15,3,7,11,1,9],[3,11,1,9,23,15,19,7],[7,3,19,11,9,23,15],[19,11,3,9,15,23,7],[23,15,11,3,9,19,7],[15,19,3,23,11,9,7],[19,3,7,23,15,11,1,9],[23,11,15,3,1,9,19,7],[3,11,1,9,8,19,7,23,15],[3,7,19,15,23,11,9],[19,15,7,23,3,11,9],[19,3,15,23,11,1,9,6,7],[3,7,23,11,9,15,19],[23,3,19,15,11,9,7],[23,11,15,19,7,3,9],[19,15,11,23,7,3,9],[23,19,15,11,7,3,9],[11,3,1,9,7,15,22,23,19],[15,7,11,3,1,9,23,19],[23,11,3,1,9,19,7,15],[7,19,3,23,15,11,1,9],[23,19,11,7,15,3,1,9],[11,23,3,1,9,7,15,19],[3,7,19,11,9,15,23],[23,3,15,11,1,9,7,19],[19,7,15,11,3,9,23],[11,19,23,15,3,1,9,7],[11,19,23,3,9,7,15],[23,7,11,15,19,3,9],[11,23,15,3,9,19,7],[3,23,7,19,11,9,15],[3,7,19,23,15,11,9],[7,19,23,11,15,3,1,9],[3,23,19,7,15,11,1,9],[3,19,23,7,15,11,9],[11,7,19,3,1,9,15,23],[3,11,9,7,19,23,15],[15,3,19,7,23,11,9],[7,15,3,19,11,1,9,23],[19,3,7,23,15,11,1,9],[7,23,15,3,11,9,19],[7,11,3,1,9,23,15,19],[7,3,15,19,11,9,23],[7,3,19,11,9,15,23],[3,11,9,23,7,19,15],[11,15,7,23,3,1,9,19],[7,11,15,3,1,9,19,23],[3,11,9,23,19,15,7],[7,23,3,19,15,11,9],[7,3,23,15,19,11,9],[3,19,23,15,7,11,1,9],[19,23,11,3,1,9,7,15],[19,3,23,15,11,1,9,7],[11,3,9,7,23,15,19],[15,23,7,3,19,11,9],[7,15,23,11,19,3,9],[19,15,7,3,11,9,23],[23,11,7,19,15,3,1,9],[15,3,11,1,9,19,7,23],[11,19,7,3,9,23,15],[23,7,3,19,15,11,1,9],[15,7,11,3,1,9,19,23],[3,19,7,11,1,9,23,15],[15,11,23,19,3,9,7],[7,3,19,15,23,11,9],[7,11,3,1,9,23,19,15],[7,11,19,3,9,23,15],[19,23,15,11,7,3,9],[11,3,1,9,23,7,19,15],[19,15,23,11,7,3,9],[15,7,3,23,11,9,19],[15,3,11,1,9,19,7,23],[23,11,15,19,7,3,9],[3,19,23,11,9,15,7],[23,7,3,15,19,11,9],[3,15,19,23,11,1,9,7],[23,11,7,3,1,9,19,15],[15,23,7,19,3,11,9],[15,11,3,1,9,19,23,7],[3,15,11,1,9,19,7,23],[7,3,15,23,19,11,1,9],[11,23,15,7,19,3,1,9],[7,23,19,15,11,3,1,9],[7,23,11,15,3,9,19],[15,7,19,3,23,11,9],[7,19,23,11,3,1,9,15],[15,7,11,23,19,3,9],[15,19,7,23,3,11,9],[11,23,3,1,9,7,15,19],[19,3,23,15,11,9,7],[23,7,15,19,3,11,9],[23,7,15,11,19,3,1,9],[11,19,23,3,1,9,7,15],[7,11,19,23,15,3,9],[19,7,15,3,11,1,9,23],[15,23,19,7,11,3,1,9],[7,19,11,15,3,9,23],[3,7,11,9,23,19,15],[19,15,23,3,7,11,9],[23,3,19,15,7,11,9],[7,15,23,3,11,9,19],[3,19,15,7,23,11,9],[15,19,23,3,7,11,1,9],[3,11,1,9,7,19,15,23],[3,7,19,15,11,9,23],[19,7,23,15,11,3,1,9],[23,7,15,3,19,11,9],[19,15,3,7,11,9,23],[3,23,15,19,7,11,9],[23,15,7,19,11,3,1,9],[19,11,15,3,1,9,23,7],[23,11,3,9,19,7,15],[3,23,19,15,11,9,7],[11,19,3,1,9,8,7,15,23],[15,19,3,7,11,9,23],[23,11,19,15,3,1,9,7],[3,15,23,11,9,7,19],[3,15,23,11,9,7,19],[11,23,7,15,3,1,9,19],[19,3,23,7,15,11,1,9],[11,19,15,3,1,9,7,23],[7,15,23,19,11,3,1,9],[3,11,9,19,23,7,15],[11,15,23,3,9,7,19],[19,3,23,5,11,9,15,1],[11,3,1,9,23,19,7,15],[7,23,11,19,15,3,1,9],[3,7,23,11,9,19,15],[19,11,3,1,9,15,7,23],[7,15,19,3,23,11,1,9],[19,23,7,15,3,11,1,9],[3,15,23,11,9,19,7],[19,15,7,11,23,3,9],[23,3,11,9,19,15,7],[15,3,7,11,1,9,23,19],[23,11,19,3,9,7,15],[11,23,15,19,7,3,1,9],[11,7,3,1,9,15,19,23],[3,19,7,11,1,9,15,23],[23,3,15,7,11,1,9,19],[15,19,7,11,23,3,1,9],[3,23,15,19,7,11,1,9],[15,3,7,23,19,11,1,9],[15,3,19,23,11,9,7],[3,15,19,7,11,1,9,23],[7,11,23,15,3,1,9,19],[3,7,19,23,11,1,9,15],[3,15,19,11,1,9,7,23],[3,15,19,23,7,11,9],[11,3,1,9,7,23,15,19],[19,23,3,7,11,9,15],[11,3,9,23,15,19,7],[23,15,3,11,1,9,7,19],[19,7,3,15,11,9,23],[23,15,7,19,11,3,9],[23,3,11,1,9,7,15,19],[11,15,19,23,3,9,7],[3,15,11,1,9,7,23,19],[15,23,19,3,11,1,9,7],[15,23,3,7,11,1,9,19],[11,19,15,23,3,9,7],[7,3,11,9,15,23,19],[3,19,7,23,15,11,9],[3,19,23,15,11,1,9,7],[3,15,7,11,1,9,23,19],[11,15,23,7,3,9,19],[7,19,3,15,11,1,9,23],[3,11,9,19,15,7,23],[15,3,11,9,19,23,7],[15,19,11,7,3,1,9,23],[23,19,7,15,3,11,1,9],[3,11,1,9,7,23,19,15],[15,23,3,11,1,9,19,7],[11,15,7,19,3,1,9,23],[7,19,11,23,15,3,9],[11,19,7,23,15,3,1,9],[3,19,23,7,11,9,15],[3,7,23,15,19,11,9],[11,7,3,9,15,19,23],[19,7,3,15,23,11,1,9],[3,23,15,11,1,9,7,19],[19,11,15,3,1,9,7,23],[11,23,7,19,15,3,9],[7,11,3,1,9,23,19,15],[7,11,15,3,9,19,23],[11,19,15,3,9,23,7],[23,11,19,3,1,9,15,7],[15,7,3,21,23,19,11,1,9],[7,19,3,23,11,1,9,16,15],[3,7,19,11,1,9,23,15],[19,3,15,7,11,9,23],[15,3,11,1,9,19,23,7],[3,15,23,11,9,7,19],[3,7,15,11,1,9,23,19],[23,15,7,11,19,3,9],[3,19,11,1,9,15,23,7],[7,23,11,15,19,3,9],[7,3,15,11,9,19,23],[23,19,7,15,3,11,1,9],[23,11,7,19,15,3,9],[11,23,3,9,15,19,7],[11,3,9,23,15,7,19],[7,11,23,3,1,9,15,19],[3,15,7,19,11,9,23],[19,23,3,11,9,7,15],[7,15,23,11,3,9,19],[11,7,15,23,3,1,9,19],[15,11,23,19,7,3,9],[19,11,23,15,7,3,9],[15,11,3,9,23,19,7],[3,19,11,9,15,7,23],[19,11,23,15,7,3,1,9],[15,7,23,3,19,11,1,9],[15,3,19,7,11,1,9,23],[3,15,11,1,9,7,19,23],[7,11,15,19,3,1,9,23],[7,15,19,3,23,11,9],[11,19,3,9,15,23,7],[15,7,11,3,1,9,23,19],[23,7,11,19,15,3,1,9],[11,23,7,19,3,1,9,15],[15,23,19,11,7,3,1,9],[23,19,3,11,1,9,7,15],[19,23,7,11,3,1,9,15],[3,23,19,15,11,1,9,7],[7,23,15,3,19,11,9],[7,3,11,1,9,19,23,15],[3,24,23,11,1,9,19,7,15],[19,3,7,11,9,23,15],[7,19,23,15,3,11,1,9],[3,19,23,15,11,9,7],[19,11,23,7,15,3,9],[15,11,19,7,3,1,9,23],[11,19,15,7,23,3,1,9],[3,11,9,15,19,23,7],[15,19,3,23,7,11,1,9],[15,19,7,11,23,3,9],[19,11,3,9,23,15,7],[15,3,7,19,11,1,9,23],[11,19,15,7,3,1,9,23],[19,23,15,3,7,11,9],[7,3,11,1,9,15,19,23],[23,19,7,11,3,1,9,15],[7,3,11,9,23,15,19],[15,23,19,7,3,11,9],[11,23,15,3,1,9,7,19],[19,3,7,23,15,11,1,9],[7,15,11,23,3,9,19],[7,19,11,3,9,23,15],[23,15,11,7,19,3,9],[11,23,19,7,3,1,9,15],[23,15,11,19,7,3,9],[23,15,7,11,19,3,1,9],[15,3,23,7,11,9,19],[7,3,19,11,9,15,23],[3,23,19,7,15,11,9],[15,19,3,7,11,1,9,23],[11,19,15,7,23,3,1,9],[15,3,23,19,7,11,9],[11,7,19,23,15,3,1,9],[11,23,19,15,7,3,9],[19,23,3,15,7,11,1,9],[15,11,7,3,9,23,19],[15,7,23,3,19,11,1,9],[23,3,15,7,11,1,9,19],[15,3,23,11,1,9,7,19],[3,11,1,9,23,7,14,15,19],[19,11,3,1,9,23,15,7],[15,11,3,1,9,19,23,7],[23,3,19,7,11,9,15],[7,19,3,23,15,11,9],[19,15,23,11,3,1,9,7],[15,11,23,3,9,19,7],[3,23,7,11,9,15,19],[15,23,7,19,3,11,9],[19,3,23,15,7,11,1,9],[7,19,11,23,3,1,9,15],[15,19,11,3,1,9,23,7],[7,11,15,23,3,1,9,19],[3,11,9,23,7,19,15],[23,19,11,7,15,3,1,9],[23,19,15,7,11,3,9],[11,23,7,3,9,19,15],[3,19,15,7,11,1,9,23],[19,23,11,7,15,3,9],[19,11,3,1,9,8,15,23,7],[19,23,3,15,7,11,1,9],[11,7,3,9,19,15,23],[15,7,3,19,11,1,9,23],[15,3,19,23,7,11,9],[23,15,19,7,3,11,9],[11,3,9,23,7,15,19],[7,3,23,19,15,11,9],[7,15,11,19,23,3,9],[19,11,23,15,7,3,9],[23,3,11,1,9,15,7,19],[7,23,19,11,3,1,9,15],[7,23,11,3,9,15,19],[3,7,19,11,1,9,23,15],[11,15,3,1,9,19,23,7],[11,19,7,3,9,15,23],[11,15,7,3,1,9,23,19],[3,23,7,15,11,9,19],[3,19,7,15,23,11,1,9],[7,3,23,11,1,9,19,15],[3,19,11,9,15,7,23],[19,15,7,23,3,11,1,9],[15,7,19,3,11,1,9,23],[3,15,19,7,11,1,9,23],[19,23,7,15,11,3,1,9],[7,3,15,19,11,9,23],[23,11,3,9,15,19,7],[7,19,15,11,3,1,9,23],[11,23,15,19,7,3,9],[3,7,23,15,11,1,9,17,19],[3,19,15,11,9,7,23],[7,19,15,3,11,1,9,23],[11,7,3,9,23,13,19,1],[19,15,3,7,23,11,1,9],[11,23,19,15,3,9,7],[3,15,11,9,7,23,19],[3,15,11,1,9,19,7,23],[3,11,1,9,15,19,7,23],[19,7,23,3,11,1,9,15],[23,11,7,19,3,1,9,15],[23,3,19,7,11,1,9,15],[11,15,23,7,3,9,19],[3,11,1,9,7,15,23,19],[7,19,11,15,23,3,1,9],[19,23,11,7,15,3,1,9],[23,19,3,11,9,15,7],[11,3,1,9,23,19,15,7],[11,19,3,1,9,7,15,23],[11,3,1,9,23,15,19,7],[23,19,15,3,7,11,1,9],[19,11,7,15,3,1,9,23],[3,7,19,11,9,15,23],[23,11,7,19,15,3,9],[19,7,3,15,23,11,9],[15,23,3,11,9,19,7],[19,11,23,15,7,3,1,9],[23,7,3,19,11,9,15],[3,23,11,1,9,7,19,15],[11,7,15,19,23,3,1,9],[19,23,11,7,15,3,9],[11,19,23,7,15,3,9],[19,11,23,3,1,9,13,7],[15,19,7,3,23,11,9],[19,3,11,9,15,23,7],[23,3,7,19,15,11,9],[15,19,7,11,23,3,1,9],[23,15,7,11,3,9,19],[19,23,3,11,9,7,15],[11,23,15,3,1,9,19,7],[19,3,23,15,11,1,9,7],[11,19,15,7,3,1,9,23],[19,11,23,15,7,3,1,9],[3,15,19,23,11,1,9,7],[19,3,15,7,11,1,9,23],[3,7,11,9,19,15,23],[19,23,15,7,3,11,9],[11,7,3,1,9,15,23,19],[11,23,15,7,19,3,9],[19,7,15,11,23,3,1,9],[23,19,15,7,3,11,1,9],[15,11,7,23,19,3,9],[23,11,7,15,19,3,1,9],[19,15,7,3,23,11,9],[7,23,19,15,3,11,9],[11,15,3,9,19,7,23],[3,15,10,23,11,1,9,19,7],[19,11,3,1,9,23,15,7],[7,3,23,11,1,9,19,16,15],[11,7,3,9,23,19,15],[11,15,7,23,19,3,9],[11,7,23,3,9,15,19],[15,19,11,7,23,3,1,9],[11,3,9,15,19,7,23],[15,3,23,7,11,9,19],[3,11,1,9,15,7,23,20,19],[3,11,9,19,15,23,7],[11,19,3,9,15,7,23],[15,19,7,23,3,11,9],[7,19,3,11,1,9,23,15],[19,3,23,7,15,11,9],[23,15,11,3,1,9,19,7],[15,19,23,11,3,9,7],[19,3,23,15,7,11,9],[11,15,3,9,7,23,19],[15,3,19,7,11,1,9,23],[15,23,11,7,19,3,9],[19,23,7,15,11,3,9],[23,11,19,15,7,3,1,9],[7,15,19,3,23,11,9],[3,11,9,23,7,19,15],[3,19,15,23,11,1,9,7],[23,7,11,3,1,9,15,20,19],[11,7,23,3,9,15,19],[15,11,7,19,23,3,1,9],[3,7,11,1,9,15,23,19],[7,15,23,3,19,11,1,9],[23,15,7,19,3,11,1,9],[7,15,11,23,19,3,1,9],[23,7,19,11,3,1,9,15],[15,7,23,3,19,11,9],[7,23,3,15,11,9,19],[23,7,3,15,19,11,1,9],[7,11,23,19,15,3,9],[11,23,7,15,19,3,1,9],[23,3,11,9,7,15,19],[11,3,1,9,7,19,23,15],[11,19,7,15,3,9,23],[3,19,15,11,1,9,7,23],[3,11,1,9,15,7,23,18,19],[19,3,11,1,9,15,23,8,7],[11,3,1,9,23,7,19,15],[3,23,19,15,11,9,7],[7,11,3,9,19,15,23],[7,3,19,23,11,9,15],[23,19,15,11,3,9,7],[15,3,23,19,7,11,9],[11,3,1,9,19,7,23,15],[3,11,9,23,7,15,19],[3,23,15,11,9,7,19],[15,11,23,19,7,3,9],[23,7,3,11,9,19,15],[15,23,3,7,11,1,9,19],[3,7,11,1,9,19,23,15],[7,23,15,19,11,3,9],[11,23,7,15,3,9,19],[3,11,1,9,19,22,7,15,23],[23,15,11,3,9,19,7],[3,7,15,19,23,11,9],[11,7,15,3,9,23,19],[3,23,7,11,1,9,17,19,15],[15,11,3,9,23,7,19],[11,15,19,7,3,1,9,23],[11,19,3,9,15,23,7],[23,3,7,19,15,11,9],[19,15,23,7,3,11,9],[19,23,11,7,3,1,9,15],[11,19,7,23,3,1,9,15],[7,3,11,9,23,15,19],[3,23,11,9,19,7,15],[3,7,11,1,9,19,15,23],[3,23,7,11,9,19,15],[15,7,3,23,19,11,9],[11,7,23,15,19,3,9],[11,23,15,19,7,3,1,9],[11,3,1,9,7,15,19,23],[23,15,11,3,9,7,19],[11,15,19,3,1,9,7,23],[15,3,7,11,9,19,23],[7,11,23,15,3,9,19],[19,11,3,9,7,23,15],[11,3,9,19,15,23,7],[15,23,3,19,11,1,9,7],[7,15,19,3,23,11,1,9],[15,23,3,19,11,9,7],[19,11,23,7,15,3,9],[19,11,15,23,3,9,7],[7,23,11,19,3,1,9,15],[11,3,9,15,19,7,23],[23,11,3,1,9,15,7,19],[7,11,23,15,3,1,9,19],[3,11,1,9,23,19,17,7,16,15],[23,7,19,11,15,3,9],[23,7,11,15,19,3,1,9],[23,11,19,7,15,3,1,9],[3,23,11,9,19,16,7,15],[23,3,15,7,19,11,1,9],[23,11,3,9,15,19,7],[11,15,19,7,23,3,9],[15,23,11,7,19,3,1,9],[7,19,15,11,3,9,23],[15,3,23,11,1,9,7,19],[19,7,23,15,3,11,9],[3,15,11,1,9,23,19,7],[3,15,23,7,11,1,9,19],[23,3,11,9,7,19,15],[3,15,7,19,11,1,9,23],[19,7,3,23,15,11,9],[23,11,7,3,9,19,15],[23,19,11,7,3,1,9,15],[19,11,23,15,7,3,1,9],[3,15,11,9,19,23,7],[11,15,3,9,7,19,23],[11,3,1,9,15,19,23,7],[3,7,11,1,9,23,15,19],[19,15,7,3,11,1,9,23],[15,7,19,23,3,11,1,9],[19,7,3,15,11,1,9,21,23],[15,19,11,23,3,9,7],[3,19,11,1,9,15,23,7],[3,7,11,9,23,15,19],[23,11,15,19,3,9,7],[15,3,11,1,9,7,23,19],[7,3,19,15,11,1,9,23],[19,15,3,11,9,7,23],[11,3,1,9,7,15,19,23],[19,3,7,11,1,9,23,15],[7,15,11,23,19,3,9],[11,3,1,9,7,14,21,23,15,8,19],[11,23,3,9,7,15,19],[23,3,15,19,7,11,9],[19,15,7,3,11,1,9,23],[3,11,1,9,23,7,19,15],[15,23,19,11,3,9,7],[19,23,11,15,3,1,9,7],[7,23,15,11,3,9,19],[11,19,3,9,23,15,7],[19,7,23,15,3,11,1,9],[7,23,11,3,9,19,15],[19,7,3,11,9,23,15],[15,11,3,1,9,19,23,7],[15,3,19,23,7,11,9],[7,15,23,11,3,1,9,19],[11,7,15,3,1,9,19,23],[15,7,23,3,19,11,9],[23,19,15,11,3,9,7],[23,7,15,19,11,3,9],[7,23,15,19,3,11,1,9],[7,11,19,15,3,1,9,23],[7,11,19,3,9,15,23],[7,23,19,11,15,3,9],[11,3,9,7,15,19,23],[3,23,15,19,11,9,7],[7,23,3,11,1,9,15,19],[23,15,7,11,3,1,9,19],[15,19,23,3,11,9,7],[15,3,19,23,7,11,1,9],[11,15,19,7,23,3,9],[7,23,15,11,19,3,1,9],[3,11,9,19,7,15,23],[3,11,9,15,7,19,23],[15,19,7,23,3,11,1,9],[11,7,23,15,19,3,9],[15,7,3,11,1,9,19,23],[19,23,11,15,7,3,9],[11,7,15,19,23,3,9],[11,15,23,19,7,3,9],[11,19,3,9,23,7,15],[15,7,23,3,19,11,1,9],[23,11,7,3,1,9,15,19],[15,19,3,7,11,9,23],[3,23,19,15,11,9,7],[11,3,1,9,15,23,19,7],[19,15,7,3,11,1,9,23],[23,11,7,3,1,9,19,15],[11,15,19,3,9,7,23],[19,23,3,7,15,11,1,9],[7,15,19,11,23,3,9],[7,19,23,15,11,3,1,9],[23,7,11,15,19,3,1,9],[19,3,23,15,7,11,1,9],[3,23,19,15,11,9,7],[3,11,1,9,15,7,19,23],[19,23,15,7,3,11,1,9],[15,11,23,19,3,1,9,7],[3,11,1,9,19,15,7,23],[11,3,9,15,23,7,19],[19,15,7,3,23,11,9],[3,7,11,1,9,19,23,15],[23,7,11,19,3,1,9,15],[3,7,19,23,11,9,15],[15,3,23,11,9,7,19],[15,7,11,23,19,3,1,9],[23,7,15,11,19,3,1,9],[7,19,11,3,9,23,15],[3,15,23,7,11,1,9,19],[7,19,15,3,11,9,23],[23,11,19,7,3,9,15],[7,3,23,11,9,19,15],[23,11,7,3,9,19,15],[19,11,23,7,15,3,1,9],[11,19,7,23,3,9,15],[7,23,3,15,11,1,9,19],[15,11,23,7,3,1,9,19],[23,7,11,3,9,15,19],[23,19,15,11,7,3,1,9],[19,7,11,3,1,9,23,15],[15,7,11,23,3,1,9,19],[7,23,15,11,19,3,9],[19,23,11,3,1,9,15,7],[23,3,19,15,7,11,1,9],[23,11,15,3,1,9,20,19,7],[15,23,11,7,19,3,1,9],[15,23,11,3,9,19,7],[19,3,11,1,9,15,23,7],[15,7,3,19,11,9,23],[11,15,7,23,3,9,19],[11,3,1,9,23,7,19,15],[11,15,3,9,7,19,23],[11,15,19,23,7,3,9],[15,23,3,11,9,19,7],[7,19,15,23,11,3,9],[15,23,11,19,3,9,7],[3,19,23,11,9,15,7],[19,3,11,1,9,23,7,15],[11,19,23,7,15,3,9],[23,11,7,15,3,1,9,19],[7,15,3,19,11,1,9,23],[15,3,11,9,19,23,7],[7,19,23,15,3,11,9],[15,23,7,19,11,3,9],[3,7,11,1,9,23,15,19],[11,19,3,1,9,15,23,7],[23,7,3,11,9,19,15],[15,23,11,3,9,7,19],[11,19,3,1,9,23,15,7],[3,7,23,11,9,15,19],[11,3,9,7,23,15,19],[23,19,11,3,1,9,7,15],[11,15,3,1,9,7,19,23],[11,19,3,9,15,23,7],[7,15,11,23,3,9,19],[3,23,11,9,19,15,7],[23,7,11,3,1,9,19,15],[19,15,3,11,1,9,23,7],[3,7,15,19,23,11,9],[23,15,7,19,11,3,9],[11,19,3,9,23,15,7],[19,7,11,23,3,9,15],[3,7,15,23,19,11,1,9],[11,23,19,15,7,3,9],[15,23,19,7,11,3,1,9],[11,7,15,23,19,3,1,9],[7,11,15,19,3,1,9,23],[11,23,19,3,1,9,7,15],[3,19,15,7,11,9,23],[11,19,15,23,3,9,7],[23,7,11,19,3,1,9,15],[3,19,15,23,11,9,7],[19,3,7,11,1,9,15,23],[23,11,3,1,9,15,19,7],[7,23,19,15,11,3,1,9],[11,3,1,9,23,19,7,15],[3,7,19,15,23,11,9],[19,11,23,7,15,3,9],[3,23,11,9,19,7,15],[3,11,9,15,23,19,6,7],[15,19,23,3,7,11,9],[19,15,3,11,9,7,23],[15,19,11,3,1,9,7,24,23],[23,15,7,3,11,9,19],[23,19,3,11,1,9,15,7],[11,15,3,9,7,23,19],[19,11,7,3,9,23,15],[23,3,15,11,9,7,19],[19,11,3,9,7,23,15],[3,7,19,11,1,9,23,15],[23,3,11,9,7,15,19],[23,11,19,7,3,9,15],[19,7,11,15,3,1,9,23],[15,19,3,23,7,11,9],[19,23,7,11,15,3,9],[7,15,3,19,23,11,9],[3,23,15,11,1,9,7,17,19],[3,15,19,23,7,11,1,9],[15,7,3,11,9,19,23],[15,19,7,11,3,1,9,23],[23,11,7,3,1,9,15,19],[7,11,19,15,3,9,23],[23,3,15,11,1,9,7,19],[3,7,15,23,11,1,9,19],[15,11,19,23,3,1,9,7],[11,7,23,15,3,1,9,19],[19,3,7,11,1,9,16,14,15,23],[15,11,19,3,1,9,7,23],[19,23,11,15,7,3,9],[11,15,7,23,19,3,1,9],[7,3,23,19,15,11,9],[7,3,19,15,11,9,23],[19,3,7,15,23,11,1,9],[19,7,15,3,23,11,9],[3,15,19,11,9,7,23],[19,11,23,7,3,9,15],[11,19,23,7,15,3,9],[11,3,1,9,23,7,15,19],[23,3,15,7,11,1,9,20,19],[11,3,9,15,23,19,7],[7,11,3,9,19,15,23],[15,11,19,7,3,9,23],[11,7,3,1,9,19,15,23],[7,19,11,3,9,15,23],[23,7,19,3,11,1,9,15],[11,7,15,23,3,9,19],[11,23,15,7,3,9,19],[3,15,23,11,9,7,19],[7,11,3,1,9,23,16,15,19],[3,19,7,11,1,9,15,23],[15,3,11,1,9,23,7,19],[3,19,11,1,9,23,15,7],[7,15,23,11,19,3,1,9],[7,3,23,15,11,1,9,19],[7,23,19,11,15,3,9],[11,23,3,9,19,7,15],[19,23,11,3,9,7,15],[11,15,3,1,9,19,7,23],[15,19,23,7,11,3,9],[3,11,9,23,15,19,7],[19,15,23,7,3,11,1,9],[19,7,23,15,11,3,9],[3,23,7,19,15,11,1,9],[19,11,7,23,15,3,1,9],[19,11,23,7,3,9,15],[3,23,11,9,15,19,7],[7,19,3,23,11,9,15],[11,23,19,15,3,1,9,7],[7,15,3,11,9,19,23],[7,23,15,11,3,1,9,19],[15,11,3,1,9,7,23,19],[15,7,19,11,3,9,23],[7,15,11,3,9,23,19],[23,11,7,15,19,3,1,9],[23,11,15,19,7,3,9],[19,15,3,23,11,1,9,7],[19,11,7,15,3,9,23],[7,11,3,1,9,23,19,15],[19,11,7,23,15,3,9],[3,11,1,9,7,23,15,19],[11,19,15,7,23,3,9],[15,19,23,7,11,3,1,9],[15,11,7,19,23,3,1,9],[7,11,23,3,1,9,15,17,19],[19,11,7,3,1,9,15,23],[11,19,3,1,9,15,7,23],[23,3,7,11,9,19,15],[19,23,3,11,9,15,7],[3,23,7,19,11,9,15],[7,15,3,19,23,11,9],[19,3,23,11,1,9,7,15],[3,7,23,19,15,11,1,9],[3,15,19,7,11,1,9,23],[11,23,3,9,7,19,15],[11,15,23,7,3,9,19],[19,15,7,23,3,11,1,9],[19,7,3,11,1,9,15,23],[19,3,23,7,15,11,1,9],[19,3,23,7,11,1,9,15],[19,11,3,9,7,23,15],[7,11,23,3,9,15,19],[7,23,15,11,3,1,9,19],[3,23,11,9,15,7,19],[15,23,3,7,19,11,1,9],[19,15,3,7,11,9,23],[15,3,23,7,11,9,19],[3,23,19,11,1,9,7,15],[15,19,7,11,3,9,23],[23,19,3,11,1,9,7,15],[23,3,11,1,9,7,19,15],[11,23,3,1,9,15,19,7],[15,11,7,19,23,3,9],[19,11,7,3,1,9,15,23],[15,23,11,3,1,9,19,7],[7,23,19,3,15,11,9],[23,11,19,3,9,7,15],[3,7,19,23,15,11,1,9],[23,7,11,15,19,3,1,9],[15,23,19,7,3,11,1,9],[11,19,7,3,9,15,23],[11,23,3,1,9,19,15,7],[3,19,11,9,15,7,23],[7,11,3,9,15,19,23],[23,19,15,11,7,3,9],[11,3,1,9,23,19,15,7],[7,3,19,11,1,9,15,21,23],[3,19,11,1,9,23,7,15],[11,7,19,15,23,3,9],[7,3,11,1,9,23,19,15],[15,11,7,23,19,3,1,9],[11,23,19,3,1,9,7,15],[15,19,11,7,3,1,9,23],[23,3,11,9,7,19,15],[15,19,3,23,11,9,7],[23,7,11,19,15,3,9],[11,15,19,3,9,7,23],[3,23,15,11,1,9,5,18,19],[23,15,3,11,9,7,19],[7,19,15,3,23,11,9],[15,19,3,7,11,9,23],[7,23,3,15,11,1,9,19],[3,7,23,11,9,15,19],[19,23,3,11,9,15,7],[3,11,9,19,15,7,23],[15,11,7,19,3,1,9,23],[15,11,3,9,7,19,23],[11,7,19,23,15,3,9],[11,15,7,19,3,1,9,23],[11,23,19,3,9,15,7],[19,11,3,1,9,23,7,15],[23,19,3,15,11,9,7],[7,19,3,15,23,11,9],[7,3,15,11,9,23,19],[15,23,11,19,3,9,7],[15,3,19,7,11,1,9,23],[15,3,11,1,9,23,7,19],[3,11,1,9,19,13,23,7],[23,19,15,3,7,11,9],[23,3,11,9,15,7,19],[7,23,3,15,11,1,9,19],[19,3,15,11,9,7,23],[7,19,3,23,11,1,9,15],[23,19,11,3,9,15,7],[19,3,23,15,7,11,9],[3,23,19,15,7,11,9],[3,7,15,11,9,19,23],[11,23,19,7,15,3,1,9],[11,7,19,15,23,3,9],[11,19,7,23,3,1,9,15],[19,23,3,7,15,11,9],[11,3,9,7,23,19,15],[15,7,11,19,3,1,9,23],[15,11,23,7,19,3,1,9],[11,19,15,7,23,3,1,9],[11,3,9,23,15,19,7],[23,11,7,15,3,9,19],[15,19,23,11,3,9,7],[23,19,7,11,3,9,15],[15,3,7,11,1,9,23,18,19],[3,11,9,23,15,19,7],[23,3,19,11,1,9,7,15],[11,3,1,9,23,19,7,15],[7,3,23,15,19,11,1,9],[3,19,7,11,1,9,15,23],[3,23,11,9,19,15,7],[11,7,19,3,1,9,15,23],[11,19,7,15,23,3,1,9],[3,23,15,19,11,9,7],[23,3,7,11,9,15,19],[7,23,19,11,3,1,9,15],[15,23,7,11,3,9,19],[23,7,19,3,15,11,1,9],[15,19,3,7,11,9,23],[15,7,23,11,19,3,1,9],[19,23,11,3,9,15,7],[7,23,11,19,3,1,9,15],[3,19,11,9,23,7,15],[11,19,23,7,3,1,9,15],[11,19,15,3,9,7,23],[19,11,15,23,7,3,9],[11,15,23,3,9,19,7],[23,11,3,9,15,19,7],[7,3,15,19,23,11,1,9],[7,3,15,11,9,19,23],[19,15,7,23,3,11,1,9],[15,3,7,23,11,9,19],[3,7,23,11,9,19,15],[15,3,11,1,9,7,23,19],[3,23,15,19,7,11,9],[15,19,3,23,7,11,9],[11,3,1,9,19,23,7,15],[15,23,19,11,7,3,9],[3,23,19,11,1,9,7,15]],"n_human":10}