{"problem_id":"ImRbPEJImV7MH92","sigma":75,"alpha":10.000,"cost":0,"probabilities":"[0.19, 0.21, 0.34, 0.26]","payoff_matrix":"[[80, -204, -107, 39, -147, -30], [64, 92, 79, 94, -101, 117], [43, 15, 39, 78, -73, 15], [84, -35, -31, -35, 5, -6]]","uncovered":[[19,11,3,12,15,16,4,23,7,14,2,13,1],[7,3,19,23,11,12,15,4,16,2,24,14,1],[23,11,19,15,12,7,3,4,16,2,24,5,14,13,1],[23,7,3,15,4,16,19,11,12,14,2,13,1],[23,7,3,11,4,12,19,15,16,14,2,13,1],[15,19,23,7,3,16,4,11,12,14,2,13,1],[15,19,23,11,16,12,3,4,7,14,2,13,1],[11,19,23,3,4,12,15,16,14,2,1,7],[23,7,19,3,15,4,16,11,12,2,8,24,13,14,1],[23,11,15,12,3,16,4,19,7,2,24,5,14,1],[11,23,15,12,7,19,3,4,16,14,2,13,1],[11,3,4,12,7,23,15,16,19,14,2,1],[23,11,15,16,12,3,4,7,19,14,2,13,1],[23,19,3,15,16,4,11,12,7,14,2,13,1],[11,19,23,7,3,4,12,15,16,2,14,13,1],[7,11,15,16,12,19,3,4,23,2,22,24,1],[15,23,11,12,7,19,3,4,16,14,2,1],[11,3,4,12,19,23,15,16,7,2,14,1],[7,19,23,15,3,4,16,11,12,14,2,1],[11,3,12,19,15,4,16,23,7,14,2,13,1],[23,7,11,19,3,4,12,15,16,2,22,24,21,1],[15,23,19,11,16,12,3,4,7,14,2,13,1],[11,3,12,23,15,4,16,19,7,2,14,13,1],[15,19,11,12,23,7,3,4,16,2,14,1],[23,15,7,11,16,12,19,3,4,2,8,14,13,1],[11,15,16,12,23,3,4,7,19,14,2,1],[19,3,7,15,16,4,11,12,23,2,5,14,13,1],[23,19,15,11,16,12,3,4,7,14,2,1],[3,7,11,4,12,23,19,15,16,2,14,13,1],[3,23,7,19,11,4,12,15,16,14,2,1],[3,19,23,7,11,4,12,15,16,2,14,1],[3,23,15,4,16,19,11,12,7,14,2,13,1],[7,11,19,23,15,12,3,4,16,14,2,13,1],[23,3,7,15,4,16,19,11,12,2,22,24,1],[11,15,16,12,23,3,4,7,19,2,8,22,24,1],[23,7,15,19,11,16,12,3,4,14,2,13,1],[7,11,23,19,3,12,15,16,4,2,14,13,1],[23,15,19,3,4,16,7,11,12,14,2,1],[3,7,15,4,16,19,11,12,23,2,24,14,1],[3,19,23,15,4,16,7,11,12,2,14,13,1],[7,15,23,3,4,16,11,12,19,14,2,13,1],[7,23,19,3,15,4,16,11,12,2,14,1],[23,15,11,16,12,3,4,7,19,2,24,14,13,1],[19,23,3,7,15,16,4,11,12,14,2,13,1],[7,23,3,15,16,4,11,12,19,2,24,8,14,1],[7,23,19,3,15,4,16,11,12,14,2,13,1],[3,23,7,19,15,16,4,11,12,2,14,13,1],[3,23,19,15,4,16,7,11,12,14,2,1],[7,23,3,19,15,16,4,11,12,2,6,8,14,1],[7,23,3,15,16,4,19,11,12,2,14,13,1],[19,3,7,15,16,4,11,12,23,14,2,13,1],[15,19,7,23,3,16,4,11,12,2,22,24,21,1],[23,3,11,12,7,15,16,4,19,14,2,1],[7,19,23,11,3,4,12,15,16,2,14,1],[19,15,23,11,16,12,7,3,4,2,14,13,1],[15,23,19,7,3,16,4,11,12,2,14,1],[23,7,11,15,16,12,3,4,19,2,13,14,1],[23,11,19,15,16,12,7,3,4,2,14,1],[15,11,12,3,4,16,19,23,7,2,13,14,1],[15,7,23,3,4,16,19,11,12,2,24,8,14,13,1],[15,23,3,16,4,7,19,11,12,2,6,8,14,1],[23,3,7,15,16,4,11,12,19,2,14,1],[11,3,4,12,19,23,15,16,7,2,14,1],[3,23,11,12,19,15,16,4,7,2,8,14,13,1],[11,23,19,15,16,12,3,4,7,2,24,14,1],[15,7,19,3,4,16,11,12,23,2,24,6,8,14,1],[19,7,3,15,16,4,23,11,12,14,2,13,1],[7,19,15,23,3,16,4,11,12,2,8,14,13,1],[23,11,3,12,19,7,15,16,4,14,2,1],[3,11,12,7,23,15,4,16,19,2,24,14,1],[11,7,23,19,15,16,12,3,4,14,2,13,1],[23,19,11,15,12,7,3,16,4,14,2,1],[3,23,15,16,4,19,11,12,7,14,2,1],[7,15,11,16,12,19,3,4,23,2,14,1],[19,3,11,4,12,23,15,16,7,2,13,14,1],[7,19,15,11,16,12,23,3,4,14,2,1],[23,15,19,11,16,12,3,4,7,2,13,14,1],[3,19,15,16,4,7,23,11,12,2,14,13,1],[19,7,11,3,12,15,16,4,23,2,14,13,1],[3,15,4,16,19,11,12,7,23,14,2,13,1],[19,11,3,12,23,7,15,4,16,2,14,1],[23,7,11,19,15,16,12,3,4,2,1],[15,11,16,12,7,23,3,4,19,2,5,10,14,13,1],[23,7,11,3,12,15,16,4,19,2,14,1],[19,23,11,7,15,16,12,3,4,14,2,1],[15,3,16,4,7,11,12,19,23,14,2,1],[23,19,11,15,16,12,7,3,4,14,2,1],[15,7,3,4,16,19,23,11,12,14,2,1],[3,15,16,4,11,12,23,7,19,14,2,1],[11,19,15,12,7,23,3,16,4,2,6,8,21,14,13,1],[3,11,12,19,23,7,15,16,4,2,6,8,22,24,21,14,13,1],[11,19,23,7,3,12,15,16,4,2,14,13,1],[15,19,3,16,4,7,23,11,12,2,24,14,13,1],[23,11,7,15,16,12,3,4,19,2,14,13,1],[15,19,23,11,16,12,7,3,4,2,13,14,1],[15,11,16,12,23,3,4,7,19,14,2,13,1],[19,3,7,11,4,12,23,15,16,2,8,14,13,1],[19,3,7,11,4,12,23,15,16,14,2,1],[19,23,15,11,12,3,4,16,7,2,24,13,14,1],[19,3,11,4,12,15,16,23,7,2,21,14,13,1],[19,15,11,16,12,7,23,3,4,14,2,13,1],[15,7,3,16,4,11,12,23,19,14,2,1],[3,7,23,19,15,4,16,11,12,2,14,1],[3,11,12,19,7,15,16,4,23,2,6,8,13,14,1],[3,7,15,4,16,11,12,23,19,2,13,14,1],[23,15,19,11,16,12,3,4,7,14,2,1],[19,15,7,23,11,12,3,16,4,2,14,1],[23,7,11,19,3,4,12,15,16,14,2,1],[23,3,19,11,12,15,4,16,7,14,2,1],[19,23,7,3,15,16,4,11,12,2,24,14,1],[7,19,15,23,3,4,16,11,12,14,2,1],[7,19,3,23,15,16,4,11,12,2,24,8,14,1],[7,11,19,3,12,15,4,16,23,14,2,1],[15,11,12,19,7,23,3,4,16,14,2,1],[19,7,15,23,3,16,4,11,12,2,5,13,14,1],[19,23,15,11,12,7,3,4,16,2,14,1],[23,7,3,15,16,4,11,12,19,2,14,13,1],[11,3,12,23,19,7,15,4,16,2,13,14,1],[23,7,19,3,11,12,15,16,4,2,14,13,1],[23,3,15,4,16,19,11,12,7,14,2,13,1],[3,23,7,19,15,4,16,11,12,2,6,8,14,1],[15,19,11,12,7,3,4,16,23,2,6,8,1],[23,3,7,15,16,4,11,12,19,2,8,14,13,1],[15,19,3,4,16,7,23,11,12,2,24,14,1],[23,19,15,11,16,12,7,3,4,2,5,14,1],[11,15,16,12,19,7,23,3,4,2,14,13,1],[7,19,15,3,16,4,23,11,12,2,14,13,1],[3,19,7,23,11,4,12,15,16,14,2,13,1],[3,15,4,16,19,11,12,23,7,14,2,13,1],[3,19,11,4,12,7,15,16,23,14,2,1],[3,19,15,4,16,7,11,12,23,2,21,8,14,13,1],[3,23,11,12,7,19,15,4,16,14,2,1],[3,7,19,11,4,12,15,16,23,14,2,13,1],[19,23,3,15,4,16,7,11,12,14,2,1],[3,19,23,7,11,12,15,16,4,14,2,13,1],[19,23,15,3,16,4,7,11,12,14,2,1],[3,7,23,11,4,12,19,15,16,14,2,13,1],[19,15,3,4,16,23,7,11,12,14,2,13,1],[19,11,23,7,3,4,12,15,16,14,2,1],[11,7,3,12,23,15,4,16,19,14,2,13,1],[3,15,16,4,19,11,12,7,23,14,2,13,1],[11,23,15,12,3,4,16,7,19,2,14,1],[15,19,7,23,3,16,4,14,2,1,11,13],[7,19,11,15,12,3,16,4,23,2,8,24,14,13,1],[15,23,7,3,16,4,19,11,12,2,24,13,14,1],[3,23,19,15,16,4,7,11,12,14,2,1],[3,11,4,12,23,7,15,16,19,14,2,1],[3,23,15,16,4,7,19,11,12,2,24,5,13,14,1],[7,11,15,12,19,23,3,4,16,14,2,1],[3,19,11,4,12,15,16,7,23,14,2,1],[23,19,3,11,12,7,15,4,16,14,2,1],[15,11,12,3,16,4,23,7,19,14,2,13,1],[19,3,7,23,11,4,12,15,16,14,2,1],[23,7,15,3,4,16,11,12,19,2,6,8,24,14,13,1],[11,19,7,3,12,15,4,16,23,14,2,13,1],[7,19,23,11,15,16,12,3,4,2,24,8,14,13,1],[15,3,16,4,19,23,7,11,12,2,22,24,1],[19,15,11,16,12,7,23,3,4,2,24,8,14,1],[11,3,12,7,15,4,16,23,19,2,21,14,1],[3,15,16,4,11,12,23,7,19,14,2,13,1],[19,11,23,7,3,12,15,16,4,14,2,1],[11,7,3,4,12,15,16,23,19,14,2,1],[15,19,11,12,7,3,4,16,23,2,14,13,1],[23,15,11,12,19,7,3,4,16,2,8,14,13,1],[23,19,15,3,16,4,11,12,7,2,14,1],[23,11,7,3,4,12,15,16,19,2,13,14,1],[23,11,19,15,12,7,3,4,16,14,2,13,1],[15,3,4,16,19,7,23,11,12,14,2,13,1],[7,15,23,3,16,4,19,11,12,14,2,13,1],[19,23,15,7,11,12,3,16,4,2,5,14,13,1],[15,7,23,19,3,16,4,11,12,2,24,14,1],[15,11,12,7,19,3,4,16,23,2,14,1],[23,7,19,15,11,12,3,4,16,14,2,1],[19,23,15,7,3,4,16,11,12,14,2,13,1],[7,19,15,11,16,12,3,4,23,2,13,14,1],[15,3,4,16,19,23,11,12,7,2,24,14,13,1],[19,3,11,4,12,15,16,23,7,14,2,13,1],[23,11,7,19,3,12,15,16,4,2,6,8,21,14,1],[3,11,4,12,7,19,23,15,16,14,2,13,1],[15,19,23,7,3,16,4,11,12,2,14,1],[15,7,23,19,3,16,4,11,12,2,24,8,14,13,1],[3,15,4,16,7,11,12,23,19,2,13,14,1],[7,11,19,3,12,15,16,4,23,14,2,13,1],[15,23,11,16,12,7,19,3,4,14,2,13,1],[15,7,23,11,12,19,3,16,4,14,2,13,1],[3,23,7,11,12,19,15,4,16,14,2,1],[23,7,11,3,12,15,4,16,19,14,2,1],[23,15,11,16,12,7,3,4,19,14,2,13,1],[7,3,19,15,4,16,23,11,12,2,24,14,13,1],[3,19,11,12,23,7,15,4,16,14,2,1],[7,15,11,12,23,3,16,4,19,14,2,13,1],[7,15,3,16,4,11,12,23,19,2,24,14,1],[19,3,7,15,4,16,23,11,12,2,13,14,1],[7,11,15,12,3,16,4,23,19,2,14,1],[7,23,3,15,16,4,11,12,19,2,8,14,13,1],[19,11,23,7,15,12,3,4,16,14,2,1],[15,3,16,4,19,23,7,11,12,14,2,13,1],[11,19,7,3,4,12,23,15,16,14,2,1],[7,23,15,11,12,3,16,4,19,14,2,13,1],[3,11,4,12,19,15,16,7,23,14,2,1],[7,11,19,15,16,12,3,4,23,2,14,1],[23,3,11,4,12,15,16,19,7,2,13,14,1],[19,3,7,11,4,12,23,15,16,2,14,1],[7,11,15,16,12,3,4,23,19,2,14,1],[7,15,19,3,16,4,23,11,12,14,2,1],[11,7,15,12,19,3,16,4,23,14,2,1],[3,7,15,16,4,19,11,12,23,2,8,13,14,1],[23,7,3,11,4,12,15,16,19,14,2,1],[11,7,3,12,23,19,15,4,16,14,2,13,1],[23,11,3,12,7,15,16,4,19,2,5,24,14,1],[15,11,12,3,4,16,7,19,23,14,2,1],[19,11,23,3,4,12,7,15,16,14,2,1],[7,23,3,19,15,4,16,11,12,2,14,1],[7,19,3,15,16,4,11,12,23,2,5,14,13,1],[7,23,15,3,16,4,11,12,19,2,14,1],[23,15,3,16,4,7,11,12,19,14,2,13,1],[19,15,3,4,16,11,12,23,7,14,2,13,1],[3,11,4,12,7,19,23,15,16,14,2,13,1],[7,19,23,15,3,4,16,11,12,14,2,13,1],[19,23,7,3,15,16,4,11,12,14,2,1],[11,3,4,12,7,15,16,19,23,2,24,8,14,13,1],[7,11,19,23,3,12,15,4,16,2,14,1],[11,15,12,3,4,16,23,7,19,2,14,13,1],[19,3,23,15,4,16,7,11,12,2,14,13,1],[11,7,23,3,12,15,4,16,19,2,1],[3,23,11,12,7,15,16,4,19,14,2,1],[23,19,7,15,3,16,4,11,12,14,2,1],[3,7,11,12,23,15,16,4,19,2,24,13,14,1],[23,11,15,16,12,3,4,19,7,2,24,14,1],[23,3,7,11,12,15,16,4,19,14,2,13,1],[15,11,12,3,16,4,19,23,7,14,2,1],[19,11,7,23,3,12,15,16,4,14,2,1],[11,23,19,3,4,12,7,15,16,2,8,24,14,1],[23,11,15,16,12,3,4,19,7,2,8,14,13,1],[19,7,11,15,12,3,16,4,23,2,14,1],[11,15,16,12,19,23,3,4,7,2,14,1],[19,7,11,15,16,12,23,3,4,14,2,13,1],[11,3,4,12,15,16,23,19,7,2,21,8,14,1],[11,3,12,7,15,4,16,19,23,14,2,13,1],[15,19,11,16,12,23,3,4,7,14,2,13,1],[19,15,3,16,4,11,12,7,23,14,2,1],[15,7,19,11,12,23,3,4,16,2,14,1],[7,11,15,16,12,23,3,4,19,2,22,24,1],[19,3,23,11,4,12,7,15,16,14,2,13,1],[19,3,15,4,16,23,7,11,12,2,8,14,1],[7,23,3,19,15,16,4,11,12,14,2,13,1],[11,15,16,12,7,19,3,4,23,14,2,1],[3,19,15,16,4,23,11,12,7,2,8,24,14,1],[7,19,23,3,11,4,12,15,16,14,2,1],[23,11,7,19,15,12,3,16,4,2,14,13,1],[15,11,12,7,3,4,16,23,19,2,14,13,1],[7,3,15,16,4,23,11,12,19,14,2,13,1],[19,3,7,11,4,12,23,15,16,14,2,13,1],[15,23,3,4,16,11,12,7,19,14,2,13,1],[15,19,3,16,4,7,11,12,23,14,2,13,1],[3,19,7,23,11,4,12,15,16,14,2,13,1],[23,19,3,15,4,16,7,11,12,2,14,1],[7,23,3,11,4,12,15,16,19,2,8,13,14,1],[7,11,19,3,4,12,23,15,16,2,14,1],[23,11,7,15,16,12,3,4,19,2,14,1],[15,7,3,16,4,19,11,12,23,14,2,13,1],[19,15,3,4,16,7,11,12,23,2,24,14,1],[19,7,15,3,4,16,11,12,23,2,22,24,21,8,14,13,1],[15,19,3,16,4,7,23,11,12,2,14,1],[11,19,3,4,12,7,23,15,16,14,2,1],[19,3,15,16,4,7,23,11,12,2,24,14,1],[23,7,11,3,4,12,15,16,19,14,2,1],[11,7,23,15,16,12,19,3,4,2,9,14,13,1],[11,3,12,7,19,15,16,4,23,2,24,8,14,13,1],[19,3,23,11,12,15,16,4,7,2,8,24,14,1],[23,3,19,15,16,4,7,11,12,2,24,6,8,14,1],[11,23,3,4,12,19,7,15,16,2,24,8,14,13,1],[19,15,11,16,12,7,23,3,4,2,14,1],[7,3,23,19,15,4,16,11,12,2,14,1],[15,23,19,3,4,16,7,11,12,14,2,13,1],[11,7,15,12,19,23,3,4,16,2,6,8,13,14,1],[15,19,11,16,12,3,4,23,7,14,2,1],[23,11,7,15,12,3,4,16,19,2,14,13,1],[11,7,19,15,16,12,3,4,23,14,2,13,1],[23,15,3,16,4,7,11,12,19,14,2,13,1],[11,7,3,12,15,4,16,19,23,2,6,8,14,1],[11,7,15,12,3,4,16,23,19,14,2,1],[7,3,11,12,15,16,4,19,23,2,22,24,1],[23,19,7,11,3,12,15,16,4,14,2,13,1],[15,19,23,11,12,7,3,16,4,2,24,14,13,1],[23,19,15,3,4,16,7,11,12,2,14,1],[11,19,7,15,12,23,3,4,16,2,6,8,14,13,1],[23,11,7,3,12,19,15,16,4,14,2,1],[3,23,7,11,4,12,15,16,19,2,13,14,1],[11,15,16,12,23,3,4,7,19,2,24,8,14,13,1],[3,23,15,4,16,7,11,12,19,14,2,1],[11,7,3,4,12,23,15,16,19,2,13,14,1],[7,11,15,16,12,19,3,4,23,2,24,14,1],[3,15,4,16,23,19,7,11,12,14,2,13,1],[11,15,16,12,19,23,7,3,4,14,2,13,1],[15,11,12,19,7,3,16,4,23,2,8,14,13,1],[19,3,23,11,4,12,15,16,7,2,8,24,13,14,1],[19,3,23,7,15,16,4,11,12,14,2,13,1],[3,23,15,16,4,7,19,11,12,2,8,22,24,1],[19,7,3,11,4,12,23,15,16,2,14,1],[19,23,7,11,15,16,12,3,4,2,8,14,13,1],[19,11,3,4,12,23,7,15,16,2,14,1],[11,23,15,12,19,7,3,16,4,2,14,13,1],[23,11,7,15,16,12,19,3,4,14,2,13,1],[3,7,11,12,19,23,15,4,16,14,2,1],[23,19,15,3,16,4,11,12,7,14,2,13,1],[19,15,3,16,4,23,7,11,12,14,2,13,1],[23,11,15,16,12,7,19,3,4,14,2,13,1],[11,3,4,12,23,15,16,7,19,14,2,13,1],[15,23,19,7,11,12,3,16,4,2,14,1],[3,23,15,4,16,19,11,12,7,14,2,1],[7,23,3,11,4,12,19,15,16,2,14,1],[11,15,12,19,23,3,4,16,7,2,14,1],[3,15,4,16,11,12,23,7,19,14,2,13,1],[19,23,7,3,15,4,16,11,12,2,8,14,1],[23,11,15,12,7,19,3,4,16,14,2,13,1],[19,7,23,3,15,4,16,11,12,2,21,14,13,1],[11,19,23,3,12,7,15,16,4,2,14,1],[15,3,4,16,23,11,12,19,7,2,14,1],[23,7,3,19,15,16,4,11,12,14,2,1],[23,19,11,15,12,3,16,4,7,14,2,1],[15,7,11,16,12,23,19,3,4,14,2,1],[11,3,12,23,15,16,4,7,19,14,2,1],[15,7,11,12,23,3,16,4,19,14,2,1],[23,3,11,12,15,16,4,19,7,2,14,1],[15,23,19,3,16,4,7,11,12,14,2,13,1],[19,11,23,7,15,16,12,3,4,14,2,1],[7,19,3,15,4,16,23,11,12,14,2,13,1],[3,23,19,11,4,12,15,16,7,14,2,13,1],[11,15,16,12,23,19,3,4,7,14,2,13,1],[7,11,23,19,15,16,12,3,4,14,2,13,1],[23,15,19,3,4,16,11,12,7,2,21,14,13,1],[15,11,12,23,3,4,16,19,7,14,2,13,1],[19,7,11,15,12,3,16,4,23,2,21,8,14,13,1],[3,23,11,4,12,7,15,16,19,2,24,8,14,13,1],[19,11,15,12,3,16,4,7,23,2,14,1],[3,23,7,19,11,4,12,15,16,2,14,13,1],[19,11,3,12,23,7,15,16,4,2,24,8,14,1],[15,19,7,23,11,12,3,4,16,14,2,1],[23,11,7,3,12,15,4,16,19,2,24,13,14,1],[7,11,3,4,12,23,19,15,16,2,24,8,14,1],[19,3,11,4,12,7,23,15,16,2,14,1],[19,15,23,7,3,4,16,11,12,2,5,14,1],[19,3,23,7,11,12,15,16,4,14,2,1],[11,15,16,12,19,23,3,4,7,2,24,10,1],[7,19,23,11,3,12,15,16,4,14,2,1],[3,11,12,23,7,15,4,16,19,2,14,13,1],[11,3,4,12,15,16,7,23,19,14,2,1],[23,15,11,16,12,3,4,19,7,14,2,1],[7,15,19,23,3,4,16,11,12,14,2,1],[19,3,23,11,4,12,15,16,7,2,14,13,1],[3,19,15,4,16,7,11,12,23,14,2,1],[15,19,23,3,4,16,7,11,12,14,2,13,1],[11,15,16,12,19,23,7,3,4,2,24,13,14,1],[7,23,19,15,3,4,16,14,2,13,1,12],[3,23,15,16,4,19,7,11,12,2,14,1],[15,23,11,12,19,3,16,4,7,2,14,1],[3,7,15,4,16,23,11,12,19,2,1],[3,15,16,4,11,12,7,19,23,14,2,1],[7,23,19,11,3,4,12,15,16,14,2,13,1],[3,19,15,4,16,7,23,11,12,2,24,6,8,13,14,1],[15,11,16,12,7,23,3,4,19,14,2,1],[7,23,3,11,12,19,15,4,16,2,6,8,24,14,13,1],[15,23,3,4,16,11,12,19,7,2,8,10,9,22,24,21,1],[19,15,23,11,16,12,7,3,4,14,2,1],[15,19,23,11,16,12,3,4,7,2,14,13,1],[19,11,23,15,16,12,3,4,7,14,2,1],[15,23,7,3,4,16,19,11,12,14,2,1],[7,11,23,3,4,12,19,15,16,14,2,13,1],[7,3,23,15,16,4,11,12,19,14,2,13,1],[15,7,23,19,3,16,4,11,12,14,2,1],[15,7,11,16,12,3,4,23,19,14,2,1],[7,3,15,16,4,19,23,11,12,2,8,13,14,1],[23,7,3,19,15,4,16,11,12,14,2,1],[3,15,4,16,19,7,11,12,14,2,13,1,22,23,24],[19,11,23,7,15,12,3,16,4,14,2,13,1],[7,23,3,11,4,12,19,15,16,2,14,13,1],[11,3,12,23,7,19,15,4,16,14,2,1],[11,7,19,3,12,15,16,4,23,14,2,13,1],[19,3,7,23,11,12,15,16,4,14,2,1],[7,11,19,3,12,23,15,16,4,14,2,13,1],[3,7,11,12,23,19,15,16,4,14,2,13,1],[23,3,11,4,12,7,15,16,19,2,24,8,14,13,1],[7,23,19,3,11,4,12,15,16,2,22,24,1],[11,15,16,12,23,19,7,3,4,2,24,6,8,14,1],[3,7,11,12,15,4,16,19,23,14,2,13,1],[11,19,15,16,12,7,3,4,23,2,8,14,13,1],[7,19,3,15,4,16,11,12,23,14,2,13,1],[3,19,11,4,12,7,15,16,23,14,2,1],[3,23,15,4,16,19,11,12,7,14,2,1],[3,11,4,12,15,16,19,7,23,2,24,8,14,1],[23,3,7,19,15,4,16,11,12,14,2,1],[15,23,19,3,16,4,11,12,7,14,2,13,1],[15,11,16,12,7,19,23,3,4,2,13,14,1],[11,19,7,15,16,12,3,4,23,2,21,14,13,1],[11,3,12,19,7,23,15,4,16,14,2,13,1],[7,23,11,19,15,12,3,4,16,2,14,1],[23,11,7,15,12,3,4,16,19,14,2,13,1],[15,23,19,11,16,12,3,4,7,14,2,13,1],[15,3,4,16,19,23,11,12,7,2,14,13,1],[7,15,19,11,12,23,3,16,4,2,8,24,14,13,1],[23,3,7,11,4,12,15,16,19,2,14,1],[15,19,3,4,16,23,7,11,12,14,2,13,1],[15,3,16,4,19,11,12,7,23,2,14,1],[15,23,7,3,16,4,19,11,12,2,14,1],[23,7,11,19,15,12,3,4,16,2,14,1],[3,15,4,16,23,19,11,12,7,2,14,1],[11,3,12,7,19,15,16,4,23,14,2,13,1],[7,3,23,15,4,16,11,12,19,14,2,1],[11,15,16,12,7,3,4,23,19,2,24,6,8,14,13,1],[23,7,15,3,4,16,19,11,12,2,14,13,1],[19,3,15,16,4,23,7,11,12,14,2,13,1],[3,15,16,4,7,19,11,12,23,14,2,1],[11,7,23,19,15,16,12,3,4,2,1],[23,11,3,4,12,15,16,19,7,14,2,1],[19,7,15,3,16,4,11,12,23,2,14,13,1],[19,7,15,3,16,4,11,12,23,14,2,1],[7,23,15,3,16,4,19,11,12,14,2,13,1],[23,19,15,3,4,16,11,12,7,2,8,24,14,1],[11,15,16,12,19,23,3,4,7,14,2,1],[19,11,15,12,3,16,4,7,23,2,5,14,1],[11,3,4,12,23,19,15,16,7,14,2,1],[7,11,19,3,12,23,15,16,4,14,2,13,1],[23,7,3,19,15,4,16,11,12,14,2,1],[11,19,23,7,15,12,3,4,16,14,2,1],[23,19,7,11,3,12,15,4,16,14,2,1],[19,11,3,12,7,23,15,4,16,2,13,14,1],[11,23,7,19,15,16,12,3,4,2,8,14,1],[19,15,3,4,16,7,11,12,23,14,2,1],[3,7,19,11,4,12,15,16,23,2,8,22,24,21,13,14,1],[11,3,12,7,15,4,16,23,19,2,6,8,14,1],[15,7,3,16,4,11,12,23,19,14,2,13,1],[3,19,23,11,4,12,7,15,16,14,2,13,1],[7,3,23,19,15,4,16,11,12,14,2,1],[19,11,23,7,3,12,15,16,4,2,14,1],[11,23,15,16,12,3,4,7,19,2,13,14,1],[7,23,15,3,16,4,19,11,12,14,2,1],[11,3,4,12,23,15,16,19,7,2,13,14,1],[19,11,15,12,23,7,3,4,16,2,6,8,14,1],[19,23,7,15,3,4,16,11,12,14,2,1],[7,19,23,3,11,4,12,15,16,14,2,1],[19,3,23,15,4,16,7,11,12,2,14,13,1],[15,11,16,12,19,23,3,4,7,14,2,13,1],[7,15,11,16,12,3,4,19,23,14,2,1],[3,23,11,12,7,19,15,4,16,14,2,13,1],[11,7,23,19,3,4,12,15,16,14,2,1],[3,15,16,4,11,12,19,23,7,2,14,1],[7,19,15,3,16,4,11,12,23,2,13,14,1],[7,23,19,11,3,12,15,16,4,2,6,8,14,13,1],[11,3,4,12,15,16,23,19,7,14,2,13,1],[11,7,15,16,12,3,4,23,19,14,2,1],[7,3,15,4,16,11,12,19,23,14,2,1],[7,23,15,11,12,19,3,4,16,2,24,8,14,1],[23,7,11,15,12,19,3,16,4,2,13,14,1],[7,11,3,12,19,23,15,4,16,14,2,13,1],[19,3,15,16,4,23,11,12,7,2,14,1],[7,3,19,15,4,16,11,12,23,2,14,13,1],[19,23,3,7,15,4,16,11,12,2,22,24,21,13,14,1],[23,3,7,19,11,12,15,16,4,2,14,13,1],[11,3,12,15,16,4,23,7,19,14,2,13,1],[15,3,4,16,7,11,12,19,23,14,2,1],[3,19,11,12,15,4,16,7,23,14,2,1],[15,19,3,4,16,7,23,11,12,14,2,1],[15,7,3,16,4,19,11,12,23,14,2,13,1],[7,23,15,3,16,4,11,12,19,2,14,13,1],[11,23,3,4,12,19,15,16,7,2,9,8,14,13,1],[3,7,19,23,11,12,15,16,4,2,21,8,14,13,1],[11,23,7,3,4,12,15,16,19,2,8,22,24,21,1],[19,23,3,11,4,12,15,16,7,2,6,8,13,14,1],[15,7,19,23,3,4,16,11,12,14,2,13,1],[19,7,23,11,15,12,3,4,16,14,2,13,1],[7,23,3,11,12,19,15,4,16,14,2,13,1],[19,3,15,4,16,7,23,11,12,14,2,13,1],[15,11,12,7,23,3,16,4,19,2,14,1],[15,19,11,12,3,4,16,7,23,2,14,13,1],[3,7,19,23,11,12,15,4,16,14,2,1],[15,3,4,16,11,12,23,7,19,14,2,13,1],[19,23,15,3,4,16,7,11,12,2,14,1],[3,23,7,19,11,12,15,4,16,14,2,1],[3,23,19,15,4,16,7,11,12,14,2,13,1],[11,7,19,15,12,23,3,16,4,2,24,6,8,14,13,1],[23,15,19,11,16,12,7,3,4,14,2,13,1],[19,3,7,15,4,16,11,12,23,14,2,1],[19,3,23,15,16,4,7,11,12,2,6,8,24,13,14,1],[15,11,16,12,7,23,3,4,19,2,14,13,1],[23,15,19,7,3,4,16,11,12,2,8,14,1],[3,7,15,16,4,23,11,12,19,2,24,1],[7,3,19,23,11,12,15,4,16,14,2,13,1],[19,15,23,11,12,3,16,4,7,14,2,1],[15,7,23,11,16,12,19,3,4,2,14,1],[19,7,23,3,11,4,12,15,16,2,24,8,13,14,1],[7,15,19,11,16,12,23,3,4,14,2,13,1],[23,19,7,15,3,16,4,11,12,14,2,1],[15,19,7,23,3,4,16,11,12,2,8,14,13,1],[19,15,3,16,4,23,11,12,7,2,14,1],[11,23,7,15,12,19,3,4,16,14,2,13,1],[15,11,12,3,4,16,23,7,19,2,13,14,1],[3,15,4,16,7,23,11,12,19,14,2,13,1],[23,19,3,7,15,4,16,11,12,14,2,13,1],[15,23,11,16,12,19,3,4,7,14,2,13,1],[23,3,15,16,4,7,19,11,12,14,2,13,1],[19,23,7,15,11,12,3,16,4,14,2,1],[3,7,11,4,12,15,16,19,23,14,2,13,1],[7,19,11,3,4,12,15,16,23,2,13,14,1],[19,23,3,7,11,4,12,15,16,2,8,24,14,1],[15,7,3,16,4,23,11,12,19,2,24,6,8,14,1],[7,11,19,15,16,12,23,3,4,2,22,24,1],[11,19,23,15,16,12,7,3,4,14,2,13,1],[11,19,15,12,23,7,3,4,16,14,2,13,1],[19,3,15,4,16,23,7,11,12,14,2,1],[7,23,15,11,16,12,19,3,4,14,2,1],[7,11,15,12,23,3,4,16,19,14,2,1],[7,15,11,12,19,3,16,4,23,14,2,1],[19,11,3,4,12,7,23,15,16,2,14,13,1],[3,7,11,12,23,19,15,16,4,2,14,1],[7,3,23,15,16,4,11,12,19,2,8,24,14,13,1],[15,3,4,16,7,23,19,11,12,2,8,13,14,1],[15,11,12,7,23,3,16,4,19,2,14,13,1],[15,19,3,4,16,7,11,12,23,2,8,24,13,14,1],[3,7,15,16,4,23,19,11,12,2,24,14,1],[23,3,15,4,16,7,11,12,19,14,2,1],[15,7,23,3,16,4,19,11,12,2,14,1],[19,15,7,11,12,23,3,4,16,2,14,1],[7,19,23,3,11,4,12,15,16,14,2,13,1],[7,11,23,3,12,15,4,16,19,14,2,1],[7,11,19,15,12,3,4,16,23,14,2,13,1],[23,7,3,15,16,4,19,11,12,2,1],[15,11,16,12,3,4,19,23,7,14,2,1],[19,3,15,4,16,11,12,7,23,2,14,1],[23,11,19,7,3,12,15,16,4,2,8,14,1],[15,7,23,3,16,4,11,12,19,2,5,14,13,1],[3,11,12,23,7,15,16,4,19,14,2,13,1],[7,23,19,15,3,4,16,11,12,14,2,13,1],[7,19,23,3,15,16,4,11,12,2,24,14,1],[15,23,19,7,3,16,4,11,12,14,2,1],[11,19,7,3,4,12,23,15,16,2,8,14,1],[11,15,12,3,4,16,7,23,19,2,13,14,1],[11,15,12,23,19,7,3,4,16,14,2,13,1],[11,3,4,12,19,23,7,15,16,14,2,13,1],[7,3,23,11,4,12,15,16,19,2,14,13,1],[3,23,7,15,4,16,11,12,19,14,2,13,1],[7,3,15,4,16,23,11,12,19,14,2,1],[23,3,15,16,4,11,12,7,19,2,14,13,1],[19,11,15,16,12,23,7,3,4,2,8,24,14,1],[15,3,4,16,11,12,23,7,19,2,14,13,1],[11,15,16,12,7,19,23,3,4,2,14,1],[19,3,11,4,12,15,16,7,23,2,24,8,14,1],[7,15,19,11,16,12,3,4,23,14,2,13,1],[19,3,15,4,16,11,12,7,23,2,14,1],[15,19,3,16,4,11,12,7,23,14,2,13,1],[7,19,23,3,15,4,16,11,12,2,6,8,14,1],[23,11,15,16,12,3,4,7,19,14,2,1],[3,23,19,15,4,16,11,12,7,14,2,13,1],[7,3,11,12,23,15,16,4,19,14,2,1],[23,19,7,11,3,4,12,15,16,14,2,1],[15,19,23,3,16,4,7,11,12,2,8,14,1],[19,15,3,16,4,23,7,11,12,14,2,1],[15,7,19,23,11,12,3,16,4,14,2,1],[23,19,15,3,16,4,7,11,12,2,24,14,13,1],[11,15,12,7,23,3,16,4,19,14,2,13,1],[19,3,23,7,15,16,4,11,12,2,14,1],[7,11,23,3,12,15,16,4,19,14,2,13,1],[7,19,11,3,4,12,15,16,23,2,6,8,14,1],[19,3,23,7,15,16,4,11,12,14,2,13,1],[11,15,12,23,19,3,16,4,7,14,2,1],[3,7,23,15,4,16,11,12,19,14,2,1],[7,15,11,12,19,23,3,4,16,14,2,1],[7,15,23,11,16,12,19,3,4,2,14,13,1],[19,3,7,11,4,12,15,16,23,2,8,24,13,14,1],[3,23,11,12,19,7,15,16,4,2,8,14,1],[11,3,4,12,7,15,16,19,23,2,14,1],[11,3,12,19,7,23,15,4,16,14,2,1],[11,15,12,19,7,23,3,16,4,14,2,1],[3,19,7,23,15,4,16,11,12,14,2,13,1],[15,23,7,11,16,12,3,4,19,14,2,1],[7,3,23,15,16,4,11,19,12,14,2,1],[3,23,15,16,4,11,12,7,19,14,2,1],[15,23,3,16,4,7,11,12,19,2,24,14,13,1],[15,7,3,16,4,19,11,12,23,2,8,14,1],[11,15,12,19,23,7,3,16,4,14,2,1],[23,7,3,19,11,4,12,15,16,14,2,1],[7,19,15,11,12,3,16,4,23,14,2,1],[3,7,19,15,16,4,23,11,12,14,2,13,1],[15,19,7,3,4,16,11,12,23,2,24,8,14,13,1],[3,11,4,12,7,15,16,23,19,14,2,13,1],[11,7,15,12,19,3,4,16,23,2,21,5,14,13,1],[3,7,11,4,12,15,16,19,23,2,5,21,14,1],[11,15,16,12,7,23,3,4,19,14,2,13,1],[23,11,3,4,12,15,16,7,19,14,2,1],[19,23,11,3,12,15,4,16,7,14,2,13,1],[3,15,4,16,14,2,1,11,13,21,19,7,12],[11,3,12,7,15,4,16,23,19,2,24,14,1],[7,11,15,12,23,3,16,4,19,2,8,14,1],[11,7,15,16,12,23,3,4,19,2,14,13,1],[19,23,15,3,16,4,11,12,7,2,14,1],[19,11,7,3,4,12,23,15,16,14,2,13,1],[11,15,12,7,3,4,16,19,23,14,2,1],[11,15,12,3,4,16,19,7,23,14,2,13,1],[15,7,3,16,4,19,23,11,12,14,2,13,1],[3,19,11,4,12,23,15,16,7,14,2,13,1],[3,11,4,12,15,16,23,7,19,2,8,24,14,1],[19,15,7,11,16,12,23,3,4,2,14,1],[23,3,19,15,16,4,11,12,7,14,2,1],[3,23,15,16,4,19,11,12,7,14,2,13,1],[15,11,16,12,19,23,7,3,4,2,8,14,1],[15,7,11,16,12,3,4,19,23,14,2,13,1],[15,11,12,23,3,16,4,7,19,2,21,14,13,1],[15,19,23,7,11,12,3,4,16,14,2,1],[15,3,4,16,7,11,12,23,19,14,2,13,1],[19,23,3,7,11,4,12,15,16,14,2,1],[23,3,7,11,4,12,15,16,19,14,2,1],[23,11,3,12,15,16,4,19,7,14,2,13,1],[15,23,19,11,16,12,3,4,7,2,21,14,1],[11,15,12,19,7,3,16,4,23,2,14,13,1],[3,19,11,12,7,23,15,4,16,2,13,14,1],[3,11,4,12,19,7,15,16,23,2,8,14,13,1],[23,19,7,15,11,16,12,3,4,2,8,14,1],[23,7,15,11,12,19,3,16,4,14,2,13,1],[11,15,12,3,4,16,19,7,23,2,14,13,1],[19,23,3,11,4,12,15,16,7,2,24,14,13,1],[15,3,4,16,7,19,23,11,12,14,2,13,1],[7,15,23,3,16,4,11,12,19,14,2,13,1],[15,7,19,3,4,16,11,12,23,2,14,1],[3,11,12,19,7,23,15,4,16,14,2,1],[19,15,23,11,12,7,3,16,4,14,2,1],[11,7,15,16,12,23,3,4,19,14,2,13,1],[19,3,7,15,16,4,23,11,12,14,2,1],[3,23,15,4,16,11,12,7,19,2,14,13,1],[11,15,12,19,3,4,16,23,7,2,22,24,1],[11,19,15,12,3,16,4,23,7,2,24,13,14,1],[19,15,23,7,11,16,12,3,4,2,22,24,1],[15,7,3,16,4,19,23,11,12,2,8,14,13,1],[23,3,15,4,16,11,12,7,19,2,24,14,1],[15,19,23,7,3,4,16,11,12,2,6,8,14,13,1],[15,19,23,11,16,12,3,4,7,2,8,14,13,1],[19,3,15,4,16,11,12,23,7,2,24,8,14,13,1],[11,15,16,12,19,3,4,23,7,14,2,13,1],[15,11,12,23,3,16,4,19,7,2,8,1],[15,19,11,12,23,3,4,16,7,2,14,13,1],[7,23,11,15,12,19,3,4,16,2,22,24,1],[7,15,19,3,4,16,11,12,23,14,2,1],[3,15,4,16,23,7,11,12,19,14,2,1],[7,11,15,16,12,23,19,3,4,2,22,24,1],[7,11,23,15,16,12,19,3,4,14,2,13,1],[3,19,23,7,11,12,15,4,16,14,2,13,1],[23,11,3,4,12,7,15,16,19,14,2,1],[3,19,23,7,15,4,16,11,12,14,2,1],[23,3,19,11,4,12,15,16,7,14,2,13,1],[3,7,19,11,4,12,23,15,16,2,24,14,13,1],[11,7,19,23,15,16,12,3,4,14,2,1],[19,23,15,3,16,4,7,11,12,14,2,13,1],[3,7,23,11,12,19,15,16,4,2,14,1],[7,11,23,3,12,19,15,16,4,2,14,13,1],[15,19,23,7,11,12,3,16,4,2,14,1],[19,23,11,3,12,15,4,16,7,14,2,13,1],[15,7,19,23,11,12,3,4,16,2,14,13,1],[7,11,3,12,15,16,4,19,23,2,24,6,8,14,13,1],[11,19,23,3,4,12,15,16,7,14,2,1],[19,15,11,16,12,7,23,3,4,2,14,13,1],[7,15,23,11,12,19,3,4,16,2,14,13,1],[11,19,15,12,23,7,3,16,4,14,2,13,1],[15,3,16,4,19,7,11,12,23,2,14,1],[19,11,15,16,12,3,4,7,23,2,24,14,13,1],[15,23,7,3,16,4,19,11,12,14,2,1],[7,15,23,11,16,12,19,3,4,2,1],[19,11,15,12,23,7,3,16,4,14,2,1],[23,3,19,7,15,16,4,11,12,14,2,13,1],[7,19,11,15,12,23,3,4,16,14,2,1],[23,7,15,19,3,4,16,11,12,14,2,1],[7,23,3,11,4,12,15,16,19,14,2,1],[23,15,7,19,11,16,12,3,4,2,14,1],[11,3,12,23,15,16,4,7,19,2,14,1],[7,15,3,4,16,23,19,11,12,14,2,13,1],[7,15,19,11,12,3,4,16,23,14,2,1],[7,19,23,11,15,12,3,16,4,2,21,8,13,14,1],[3,19,11,12,23,15,16,4,7,2,13,14,1],[11,15,12,3,4,16,23,19,7,14,2,13,1],[23,15,7,19,11,12,3,4,16,2,8,24,14,1],[15,23,19,11,16,12,3,4,7,2,1],[23,19,7,3,11,12,15,16,4,2,24,14,13,1],[7,23,3,19,15,16,4,11,12,2,24,14,13,1],[15,11,12,23,3,4,16,7,19,2,22,24,1],[23,15,19,3,4,16,11,12,7,14,2,13,1],[7,11,3,12,23,15,4,16,19,14,2,13,1],[11,19,15,16,12,23,7,3,4,2,24,5,14,1],[7,23,19,15,3,16,4,11,12,2,24,6,8,13,14,1],[15,3,4,16,19,11,12,14,2,13,1,7,23],[3,23,19,7,11,4,12,15,16,14,2,1],[3,23,19,7,15,16,4,11,12,14,2,1],[7,3,19,23,15,16,4,11,12,14,2,13,1],[7,15,11,12,19,23,3,4,16,14,2,13,1],[23,11,7,15,12,19,3,16,4,14,2,13,1],[23,15,3,4,16,11,12,7,19,14,2,1],[19,7,15,11,12,23,3,16,4,2,14,1],[23,19,15,3,16,4,11,12,7,14,2,13,1],[19,23,3,7,11,12,15,4,16,14,2,1],[15,19,7,23,3,16,4,11,12,14,2,1],[3,15,4,16,19,7,23,11,12,2,14,1],[23,11,7,3,4,12,19,15,16,14,2,13,1],[11,15,16,12,7,19,3,4,23,2,14,1],[7,23,15,11,16,12,3,4,19,14,2,13,1],[23,19,15,3,4,16,11,12,7,2,8,14,1],[7,23,3,15,4,16,11,12,19,2,14,1],[15,23,19,3,4,16,11,12,7,14,2,13,1],[15,11,16,12,7,3,4,19,23,14,2,13,1],[3,11,4,12,23,15,16,7,19,2,14,1],[15,23,7,19,11,12,3,4,16,2,24,14,13,1],[23,3,7,19,11,4,12,15,16,14,2,1],[7,15,3,16,4,19,11,12,23,14,2,13,1],[11,7,23,3,4,12,19,15,16,2,24,8,14,1],[7,23,15,11,12,3,4,16,19,14,2,13,1],[11,19,23,15,12,3,4,16,7,2,14,1],[7,11,15,16,12,3,4,23,19,2,8,14,1],[23,7,3,15,4,16,19,11,12,14,2,1],[19,11,3,4,12,7,15,16,23,2,24,8,13,14,1],[3,19,11,12,15,4,16,7,23,14,2,1],[23,15,19,11,16,12,7,3,4,2,8,14,1],[15,7,3,16,4,11,12,19,23,14,2,13,1],[15,3,16,4,14,2,13,1,19,23,5,11],[15,11,12,7,3,16,4,19,23,2,8,24,14,1],[15,19,23,11,12,3,16,4,7,14,2,13,1],[11,23,15,16,12,7,3,4,19,2,24,14,1],[15,3,4,16,7,11,12,23,19,14,2,1],[15,23,7,19,3,4,16,11,12,2,14,13,1],[11,23,15,12,7,3,4,16,19,2,8,13,14,1],[11,3,4,12,7,15,16,23,19,2,14,13,1],[15,7,19,23,11,12,3,16,4,14,2,13,1],[11,3,12,7,19,23,15,16,4,2,8,14,13,1],[19,11,3,4,12,15,16,23,7,14,2,1],[15,3,4,16,23,19,7,11,12,14,2,13,1],[15,19,11,12,23,7,3,16,4,2,14,13,1],[7,15,11,12,3,4,16,23,19,2,8,24,14,13,1],[19,7,15,23,3,16,4,11,12,2,5,24,13,14,1],[15,3,4,16,19,23,7,11,12,2,8,24,14,13,1],[23,11,15,16,12,3,4,19,7,14,2,1],[23,7,11,15,12,19,3,16,4,2,18,24,8,14,13,1],[7,3,15,16,4,11,12,23,19,2,8,14,1],[19,11,3,12,7,23,15,4,16,14,2,13,1],[7,3,19,23,15,4,16,11,12,2,8,24,14,1],[7,15,19,23,11,12,3,16,4,2,8,14,13,1],[19,11,7,23,15,12,3,4,16,14,2,13,1],[15,23,11,12,3,16,4,19,7,14,2,1],[7,11,3,12,23,15,4,16,19,2,8,14,1],[11,19,3,4,12,23,7,15,16,2,13,14,1],[7,11,19,15,16,12,3,4,23,14,2,13,1],[19,15,3,16,4,23,11,12,7,2,24,13,14,1],[23,3,11,4,12,15,16,7,19,14,2,13,1],[11,3,12,19,15,16,4,23,7,14,2,1],[7,23,19,3,11,4,12,15,16,14,2,13,1],[23,15,11,16,12,19,7,3,4,14,2,13,1],[3,11,4,12,19,7,15,16,23,2,14,13,1],[15,3,16,4,7,23,19,11,12,2,14,1],[3,19,23,11,12,15,4,16,7,2,24,5,14,1],[15,19,7,3,16,4,23,11,12,14,2,13,1],[19,3,7,11,12,15,4,16,23,14,2,13,1],[3,19,7,23,11,12,15,16,4,14,2,1],[15,7,3,4,16,11,12,19,23,2,24,5,14,1],[3,19,23,7,15,16,4,11,12,2,24,8,14,13,1],[11,19,23,7,3,12,15,4,16,14,2,1],[19,23,11,15,16,12,3,4,7,2,8,22,24,1],[3,11,12,23,7,19,15,16,4,2,14,1],[19,23,7,3,15,4,16,11,12,2,24,13,14,1],[11,3,12,7,15,16,4,19,23,14,2,1],[23,7,11,3,4,12,19,15,16,2,8,22,24,1],[23,3,19,11,12,7,15,16,4,14,2,1],[3,7,19,11,12,15,4,16,23,14,2,13,1],[15,7,3,4,16,23,19,11,12,2,24,8,14,13,1],[3,7,23,19,11,12,15,16,4,2,14,13,1],[23,19,15,3,16,4,7,11,12,14,2,13,1],[7,15,3,4,16,19,23,11,12,2,22,24,1],[15,11,12,3,16,4,23,7,19,2,14,1],[7,23,15,3,16,4,11,12,19,2,9,8,14,1],[15,11,16,12,7,19,23,3,4,2,5,14,13,1],[11,23,19,15,16,12,7,3,4,2,24,14,13,1],[7,19,3,23,11,12,15,16,4,14,2,1],[19,11,15,16,12,7,3,4,23,2,1],[11,3,4,12,7,23,19,15,16,2,24,6,8,14,1],[19,23,7,15,11,12,3,4,16,2,14,13,1],[15,11,16,12,7,19,23,3,4,2,14,13,1],[19,15,3,16,4,23,7,11,12,14,2,1],[19,3,15,4,16,7,11,12,23,2,5,14,1],[3,11,4,12,15,16,7,23,19,2,24,14,1],[3,19,15,16,4,23,11,12,7,14,2,13,1],[15,23,19,3,4,16,7,11,12,14,2,13,1],[3,11,4,12,15,16,19,23,7,2,5,14,1],[23,11,15,16,12,3,4,19,7,14,2,1],[3,19,15,16,4,7,11,12,23,2,14,13,1],[23,11,7,15,12,3,16,4,19,2,13,14,1],[11,23,15,16,12,3,4,19,7,2,8,14,13,1],[7,15,23,19,3,16,4,11,12,14,2,13,1],[15,19,7,3,4,16,11,12,23,2,21,8,14,1],[3,7,15,4,16,23,11,12,19,14,2,1],[19,3,11,4,12,7,23,15,16,2,8,22,24,1],[3,11,12,15,16,4,19,23,7,2,24,8,14,1],[11,3,4,12,15,16,19,7,23,2,8,14,13,1],[7,11,19,15,16,12,3,4,23,2,14,13,1],[23,11,7,19,3,12,15,4,16,2,14,1],[7,3,23,19,11,12,15,4,16,2,8,14,13,1],[19,15,7,23,11,12,3,4,16,14,2,1],[7,11,23,3,4,12,15,16,19,2,8,14,1],[19,3,15,4,16,11,12,23,7,14,2,1],[7,23,11,19,3,4,12,15,16,2,8,14,1],[7,11,19,15,12,23,3,16,4,14,2,1],[19,3,23,7,15,4,16,11,12,14,2,13,1],[7,15,11,16,12,23,19,3,4,14,2,1],[3,11,12,23,7,19,15,16,4,2,24,14,1],[3,15,16,4,11,12,19,7,23,14,2,1],[15,19,3,4,16,11,12,7,23,14,2,13,1],[19,3,15,4,16,23,7,11,12,14,2,1],[15,7,11,12,19,23,3,4,16,14,2,13,1],[23,3,7,11,12,19,15,4,16,2,5,14,13,1],[7,23,15,3,16,4,19,11,12,2,13,14,1],[11,7,19,3,12,15,16,4,23,2,21,14,13,1],[11,15,16,12,7,19,3,4,23,2,14,1],[15,11,16,12,3,4,7,19,23,2,24,8,14,13,1],[3,15,4,16,23,11,12,19,7,2,21,14,13,1],[7,23,15,11,16,12,19,3,4,14,2,13,1],[11,7,23,19,3,12,15,4,16,2,22,24,1],[11,23,7,3,12,19,15,16,4,14,2,1],[3,7,11,12,23,15,4,16,19,2,24,13,14,1],[15,7,11,12,19,23,3,4,16,2,14,13,1],[23,7,11,19,3,12,15,4,16,2,14,1],[7,15,11,12,3,16,4,19,23,14,2,13,1],[3,7,23,15,4,16,11,12,19,2,24,14,13,1],[19,11,3,12,23,15,16,4,7,14,2,1],[15,19,23,3,4,16,7,11,12,14,2,1],[23,19,7,11,15,16,12,3,4,2,14,1],[11,3,12,15,4,16,23,19,7,2,24,14,13,1],[15,19,11,16,12,7,3,4,23,2,24,5,14,1],[3,23,11,4,12,15,16,19,7,14,2,13,1],[15,23,7,19,11,12,3,4,16,2,21,14,1],[7,3,23,19,11,12,15,16,4,2,24,14,1],[23,3,19,7,11,4,12,15,16,14,2,13,1],[11,19,23,7,15,12,3,16,4,14,2,1],[23,3,7,11,12,15,16,4,19,14,2,1],[3,11,12,7,19,23,15,16,4,2,8,14,13,1],[7,11,15,16,12,19,3,4,23,14,2,13,1],[19,7,3,11,4,12,15,16,23,14,2,1],[19,7,23,3,11,12,15,4,16,2,14,13,1],[15,23,3,4,16,7,19,11,12,2,13,14,1],[3,19,23,7,15,16,4,11,12,14,2,13,1],[3,7,19,15,4,16,23,11,12,2,24,10,6,8,14,13,1],[11,23,19,15,12,3,4,16,7,2,21,14,13,1],[3,23,11,12,7,15,16,4,19,2,14,1],[23,19,7,3,11,12,15,4,16,14,2,1],[23,7,3,19,15,16,4,11,12,14,2,13,1],[19,15,11,16,12,3,4,7,23,2,24,14,1],[15,11,12,19,7,3,4,16,23,14,2,13,1],[3,19,15,4,16,7,23,11,12,14,2,13,1],[23,3,15,16,4,7,19,11,12,14,2,13,1],[3,11,4,12,19,7,15,16,23,2,5,24,13,14,1],[7,11,23,3,4,12,19,15,16,2,14,13,1],[11,23,3,4,12,19,7,15,16,14,2,1],[3,15,16,4,19,11,12,7,23,2,6,8,14,13,1],[15,19,7,3,4,16,11,12,23,2,13,14,1],[7,15,3,16,4,19,11,12,23,2,24,14,13,1],[7,23,19,15,11,12,3,16,4,2,5,14,1],[23,3,19,15,4,16,11,12,7,14,2,13,1],[15,3,4,16,23,19,7,11,12,2,24,13,14,1],[19,15,3,4,16,7,23,11,12,14,2,13,1],[15,3,4,16,23,7,11,12,19,2,14,1],[23,15,7,11,16,12,19,3,4,2,8,14,13,1],[15,11,12,19,7,23,3,4,16,14,2,1],[19,7,11,15,16,12,3,4,23,14,2,13,1],[11,7,15,12,3,4,16,23,19,2,24,14,13,1],[19,23,15,11,16,12,3,4,7,2,8,14,13,1],[11,19,3,12,23,15,16,4,7,14,2,13,1],[23,11,3,12,7,19,15,16,4,2,14,13,1],[3,11,4,12,7,23,19,15,16,2,21,8,13,14,1],[3,15,4,16,7,11,12,23,19,2,14,1],[11,7,19,23,15,12,3,16,4,2,14,13,1],[15,3,16,4,7,23,11,12,19,2,22,24,1],[19,15,3,16,4,11,12,7,23,2,14,13,1],[3,11,4,12,15,16,7,23,19,14,2,1],[19,15,11,12,7,23,3,4,16,14,2,13,1],[23,19,11,7,3,12,15,16,4,2,14,1],[23,11,3,12,7,19,15,4,16,2,22,24,1],[7,11,15,12,23,19,3,16,4,14,2,13,1],[3,19,7,23,11,12,15,16,4,2,24,14,1],[23,19,3,7,11,4,12,15,16,14,2,13,1],[19,3,15,4,16,7,23,11,12,14,2,13,1],[23,7,3,19,11,4,12,15,16,14,2,13,1],[11,3,12,19,23,15,4,16,7,2,14,13,1],[7,11,3,4,12,23,15,16,19,2,8,14,1],[3,7,15,4,16,23,19,11,12,14,2,13,1],[15,11,12,3,16,4,7,19,23,2,14,13,1],[19,23,7,15,3,4,16,11,12,14,2,13,1],[7,3,23,19,11,4,12,15,16,14,2,13,1],[7,23,11,19,3,4,12,15,16,14,2,13,1],[23,11,19,15,12,3,4,16,7,2,24,8,14,1],[7,15,23,3,16,4,11,12,19,2,14,1],[11,7,19,15,16,12,23,3,4,2,6,8,14,13,1],[7,11,15,16,12,3,4,23,19,2,14,13,1],[11,7,23,3,12,19,15,16,4,2,24,8,13,14,1],[19,23,11,15,16,12,3,4,7,2,24,8,14,1],[11,19,3,12,15,4,16,7,23,2,6,8,14,1],[3,7,23,15,16,4,19,11,12,14,2,1],[7,23,11,3,12,15,4,16,19,2,8,14,13,1],[11,3,4,12,15,16,7,23,19,14,2,1],[11,3,12,23,19,7,15,16,4,14,2,13,1],[19,15,7,3,4,16,23,11,12,2,14,13,1],[11,7,15,16,12,19,23,3,4,2,24,14,13,1],[15,19,11,12,3,16,4,7,23,14,2,13,1],[11,7,19,3,12,15,16,4,23,2,14,13,1],[3,19,15,16,4,7,11,12,23,2,14,13,1],[7,19,3,15,16,4,11,12,23,2,8,13,14,1],[11,3,12,15,16,4,23,7,19,2,24,8,14,13,1],[15,23,7,19,11,12,3,16,4,2,8,24,14,1],[15,19,11,16,12,3,4,23,7,2,8,14,1],[3,11,4,12,7,23,15,16,19,2,14,13,1],[23,15,7,3,16,4,19,11,12,2,8,14,13,1],[15,11,16,12,3,4,7,23,19,2,24,14,13,1],[11,3,4,12,19,7,15,16,23,2,24,8,14,13,1],[11,15,16,12,3,4,19,23,7,2,22,24,21,14,1],[15,19,7,11,12,23,3,4,16,14,2,13,1],[11,15,16,12,7,3,4,19,23,2,14,1],[3,19,23,11,12,15,16,4,7,14,2,13,1],[23,7,11,15,12,19,3,4,16,2,14,1],[11,19,23,7,3,12,15,4,16,14,2,1],[15,7,19,3,16,4,23,11,12,2,14,1],[15,11,16,12,19,7,23,3,4,2,8,24,14,13,1],[11,19,3,4,12,7,15,16,23,14,2,13,1],[19,11,15,12,7,23,3,16,4,2,14,13,1],[3,11,4,12,19,15,16,23,7,2,14,13,1],[15,19,23,3,16,4,11,12,7,2,6,8,22,24,1],[3,15,16,4,19,11,12,23,7,2,24,14,1],[11,15,16,12,23,19,3,4,7,14,2,13,1],[3,23,11,12,15,4,16,7,19,2,5,14,1],[15,3,16,4,11,12,19,23,7,14,2,13,1],[19,3,11,12,7,23,15,16,4,14,2,1],[7,11,3,12,19,15,4,16,23,2,14,1],[3,7,15,4,16,19,11,12,23,2,6,8,14,1],[23,7,15,11,16,12,19,3,4,2,22,24,21,8,14,1],[11,7,3,12,15,4,16,19,23,14,2,1],[15,11,16,12,3,4,23,7,19,2,6,8,24,14,13,1],[23,11,15,12,3,4,16,7,19,14,2,1],[15,7,3,16,4,11,12,23,19,2,6,8,14,1],[11,19,23,3,12,7,15,16,4,14,2,1],[11,19,7,15,12,3,4,16,23,14,2,13,1],[7,19,11,3,4,12,23,15,16,2,24,8,14,1],[11,19,7,3,12,23,15,4,16,2,14,1],[19,3,23,11,4,12,7,15,16,14,2,1],[7,15,23,11,12,19,3,4,16,14,2,13,1],[15,19,3,16,4,11,12,7,23,14,2,1],[23,19,15,11,16,12,7,3,4,2,24,14,13,1],[19,15,11,12,23,3,16,4,7,14,2,1],[11,23,3,12,19,7,15,16,4,2,14,1],[3,23,7,19,11,4,12,15,16,14,2,1],[7,11,15,12,19,3,4,16,23,2,14,1],[15,7,11,16,12,3,4,19,23,14,2,1],[15,23,3,16,4,19,11,12,7,2,14,13,1],[19,23,11,7,3,12,15,16,4,2,13,14,1],[23,3,19,11,4,12,7,15,16,14,2,13,1],[11,15,16,12,23,19,3,4,7,2,8,14,1],[3,23,19,11,4,12,15,16,7,2,14,1],[23,15,7,11,12,3,4,16,19,2,14,1],[15,23,7,11,16,12,19,3,4,14,2,13,1],[3,7,11,12,23,19,15,4,16,14,2,1],[19,11,3,12,7,23,15,16,4,2,24,8,13,14,1],[3,11,12,23,15,16,4,19,7,2,24,14,1],[15,11,16,12,3,4,19,23,7,14,2,13,1],[23,3,7,15,4,16,19,11,12,2,14,13,1],[3,11,4,12,19,15,16,7,23,2,8,24,14,1],[19,3,23,15,16,4,11,12,7,2,21,14,13,1],[3,11,12,15,4,16,7,19,23,14,2,13,1],[3,15,16,4,11,12,19,23,7,2,14,1],[23,19,7,15,3,4,16,11,12,14,2,13,1],[23,11,15,16,12,3,4,7,19,14,2,1],[15,19,7,3,16,4,11,12,23,14,2,13,1],[3,7,19,23,15,16,4,11,12,14,2,13,1],[19,11,3,4,12,15,16,7,23,14,2,13,1],[15,11,16,12,23,19,3,4,7,2,8,14,1],[7,23,11,15,12,3,16,4,19,2,14,1],[15,23,7,19,11,16,12,3,4,14,2,1],[19,23,7,11,3,12,15,16,4,14,2,1],[15,23,19,7,11,12,3,16,4,14,2,13,1],[11,15,12,7,23,3,4,16,19,14,2,1],[15,23,3,16,4,11,12,7,19,2,8,14,1],[3,7,11,12,23,15,4,16,19,14,2,13,1],[3,11,12,15,4,16,7,23,19,2,8,13,14,1],[19,7,23,11,15,16,12,3,4,2,13,14,1],[3,11,12,7,15,16,4,19,23,2,14,1],[19,3,23,15,16,4,11,12,7,14,2,1],[19,15,11,16,12,23,7,3,4,14,2,1],[23,19,11,3,4,12,7,15,16,14,2,1],[15,23,19,3,16,4,11,12,7,14,2,1],[19,15,23,3,16,4,7,11,12,2,14,1],[23,15,7,11,12,19,3,16,4,2,24,14,13,1],[19,23,3,7,11,12,15,16,4,2,14,13,1],[23,11,15,16,12,7,19,3,4,2,20,14,1],[3,15,4,16,23,19,7,11,12,2,24,8,14,1],[19,7,3,15,4,16,11,12,23,2,5,13,14,1],[3,7,11,12,15,16,4,19,23,2,14,13,1],[23,3,11,4,12,19,7,15,16,2,14,13,1],[3,15,4,16,19,7,11,12,23,14,2,13,1],[7,23,15,19,11,12,3,4,16,14,2,1],[7,19,3,15,4,16,11,12,23,14,2,13,1],[7,19,23,15,11,16,12,3,4,2,14,13,1],[3,11,12,23,19,7,15,16,4,2,24,13,14,1],[15,3,16,4,19,7,11,12,23,14,2,1]],"n_human":4}