{"problem_id":"IV09SaPUJuKBvZb","sigma":150,"alpha":1.000,"cost":1,"probabilities":"[0.0799999999999999, 0.21, 0.16, 0.55]","payoff_matrix":"[[7, -75, 127, 83, 207, -57], [-45, -26, -26, -57, 157, -119], [163, -166, -360, 107, 192, 124], [-337, -199, -63, 157, -19, 32]]","uncovered":[[4,8,16,12,24,20,14,22],[8,4,16,12,24,20,14,22],[16,20,24,8,12,4,22],[8,4,12,24,20,16,14,22],[16,20,24,8,4,12,14,22],[24,4,20,16,12,8,14,22],[16,12,8,20,24,4,22],[20,16,24,4,8,12,14,22],[4,20,8,12,24,16,14,22],[16,12,4,20,8,24,22],[8,12,24,20,4,16,21,14,22],[8,12,20,24,16,4,15],[12,16,20,8,24,4,14,22],[12,16,24,20,4,8,14,22],[24,20,12,16,4,8,22],[24,12,4,20,16,8,23,14,22],[20,8,12,4,24,16,22],[24,12,4,8,20,16,23,14,22],[20,12,16,24,4,8,22],[4,20,16,24,12,8,22],[4,12,24,20,8,16,22],[16,20,4,24,8,12,14,22],[4,24,20,8,12,16,15],[8,4,20,16,12,24,22],[12,24,16,20,8,4,14,22],[8,12,24,20,16,4,22],[12,4,20,16,24,8,22],[8,16,12,4,24,20,14,22],[20,24,4,16,12,8,22],[24,12,20,4,16,8,22],[8,24,4,20,16,12,22],[12,8,4,16,24,20,22],[20,12,24,8,16,4,22],[24,8,4,20,16,12,22],[16,24,4,12,20,8,14,22],[8,4,12,24,16,20,14,22],[20,16,12,4,24,8,14,22],[24,16,12,4,8,20,14,22],[4,16,20,24,12,8,22],[12,4,16,20,24,8,22],[16,12,24,8,4,20,14,22],[12,4,20,24,16,8,23,14,22],[12,4,24,16,20,8,22],[20,12,8,16,24,4,14,22],[8,16,20,12,4,24,14,22],[4,8,16,20,12,24,14,22],[24,20,16,12,8,4,15],[12,16,8,24,20,4,14,22],[20,8,16,4,12,24,22],[20,24,4,12,16,8,22],[12,20,4,8,16,24,14,22],[24,8,12,4,16,20,22],[8,24,20,4,12,16,14,22],[16,12,24,4,8,20,22],[12,20,16,24,4,8,13,22],[4,24,16,20,8,12,22],[12,8,24,4,16,20,22],[16,12,20,24,4,8,21,13],[12,8,4,20,24,16,22],[8,4,24,20,16,12,22],[16,12,20,24,8,4,22],[8,20,24,12,4,16,22],[20,8,4,12,24,16,22],[16,12,24,20,4,8,22],[16,24,20,4,8,12,22],[16,20,12,8,24,4,22],[8,24,20,4,16,12,13,23,14,22],[16,4,24,12,8,20,14,22],[16,20,24,12,8,4,14,22],[24,20,16,12,8,4,23,14,22],[8,4,20,24,12,16,14,22],[8,20,24,12,4,16,22],[16,24,12,4,8,20,14,22],[20,24,8,16,12,4,14,22],[24,8,20,16,4,12,14,22],[12,20,4,24,16,8,22],[4,16,12,8,24,20,22],[20,12,24,16,8,4,14,22],[4,20,24,12,8,16,22],[12,8,24,4,20,16,14,22],[16,20,8,12,24,4,22],[12,16,20,4,8,24,14,22],[24,16,20,4,8,12,22],[24,20,12,16,4,8,14,22],[8,24,4,20,12,16,14,22],[16,12,4,20,24,8,22],[20,24,4,12,8,16,14,22],[8,4,20,16,12,24,22],[8,12,4,24,16,20,14,22],[20,24,12,16,4,8,14,22],[12,16,24,4,20,8,22],[16,12,24,4,8,20,14,22],[24,16,8,12,4,20,22],[4,12,8,20,24,16,14,22],[4,24,16,12,8,20,14,22],[12,8,16,24,20,4,22],[24,20,8,16,12,4,14,22],[4,12,20,16,8,24,14,22],[16,12,24,20,8,4,22],[12,20,24,4,16,8,14,22],[12,20,8,16,24,4,22],[16,4,8,12,20,24,22],[12,16,8,4,24,20,14,22],[24,4,20,12,8,16,22],[4,12,8,20,16,24,22],[8,4,16,24,12,20,22],[16,20,12,8,24,4,21,14,22],[24,12,20,4,16,8,22],[12,8,20,24,16,4,14,22],[12,20,24,4,16,8,14,22],[24,8,12,20,4,16,22],[24,4,8,20,16,12,14,22],[12,20,16,4,8,24,14,22],[12,4,16,8,20,24,22],[16,24,8,4,20,12,22],[16,4,8,12,20,24,14,22],[16,20,12,24,4,8,13,23,14,22],[24,4,16,8,20,12,14,22],[16,8,20,24,12,4,22],[20,8,16,24,12,4,14,22],[20,24,12,4,16,8,14,22],[24,20,8,4,16,12,22],[12,20,16,4,8,24,14,22],[20,12,16,4,8,24,14,22],[4,12,8,24,16,20,22],[24,16,4,8,12,20,22],[20,8,16,24,4,12,14,22],[4,12,8,20,24,16,22],[16,4,24,12,20,8,14,22],[4,16,8,12,20,24,14,22],[16,4,24,8,12,20,22],[4,12,24,8,16,20,14,22],[16,20,4,8,12,24,22],[4,12,24,16,20,8,13,23,14,22],[20,8,16,24,12,4,22],[20,8,12,24,16,4,14,22],[4,20,16,12,24,8,14,22],[20,8,16,24,12,4,14,22],[24,12,4,20,8,16,13,23,14,22],[8,16,4,20,24,12,22],[4,16,8,24,20,12,22],[16,8,20,24,12,4,14,22],[4,12,8,20,16,24,14,22],[8,16,24,4,12,20,22],[24,12,16,8,20,4,14,22],[12,4,24,8,16,20,22],[8,24,12,20,4,16,14,22],[16,12,20,8,24,4,22],[16,20,12,8,24,4,14,22],[24,12,8,4,16,20,22],[20,24,4,12,8,16,14,22],[12,8,16,24,4,20,22],[24,16,4,20,8,12,14,22],[12,20,4,16,24,8,14,22],[20,24,8,12,4,16,22],[24,8,4,16,12,20,14,22],[16,8,20,12,24,4,14,22],[8,12,24,16,4,20,14,22],[24,12,8,20,16,4,15],[20,12,24,16,8,4,22],[4,8,16,24,12,20,22],[24,4,8,16,20,12,14,22],[20,8,24,16,12,4,22],[8,24,4,16,20,12,14,22],[4,12,8,24,20,16,14,22],[8,12,16,24,4,20,22],[12,4,24,16,20,8,22],[4,12,20,8,24,16,22],[20,4,16,12,24,8,14,22],[12,24,16,4,8,20,14,22],[4,16,8,20,24,12,22],[4,24,16,20,8,12,14,22],[20,24,8,4,16,12,22],[20,4,24,16,12,8,22],[12,8,24,16,4,20,22],[24,12,20,16,4,8,22],[24,12,4,8,16,20,14,22],[24,20,16,8,12,4,22],[4,8,20,24,16,12,22],[24,20,8,4,16,12,22],[8,20,24,4,12,16,22],[12,20,8,4,24,16,14,22],[20,4,24,8,12,16,23,14,22],[12,4,16,24,8,20,22],[4,16,20,8,24,12,14,22],[4,20,12,24,8,16,22],[20,8,24,4,16,12,22],[12,8,4,24,16,20,14,22],[20,24,12,4,8,16,22],[24,20,4,16,8,12,22],[8,16,12,24,4,20,22],[8,12,4,24,16,20,15],[24,20,4,16,12,8,22],[12,16,20,4,8,24,22],[16,12,8,20,4,24,14,22],[4,16,12,24,20,8,14,22],[8,20,24,12,4,16,15],[4,12,16,20,24,8,22],[12,20,16,4,24,8,22],[12,4,20,16,8,24,14,22],[16,12,4,8,20,24,22],[12,20,4,24,8,16,14,22],[16,4,24,12,20,8,22],[16,12,4,8,20,24,22],[24,4,20,16,8,12,14,22],[4,8,20,12,24,16,22],[8,4,12,16,20,24,15],[20,4,12,16,8,24,14,22],[24,16,12,20,4,8,22],[12,4,24,20,16,8,14,22],[12,16,4,24,8,20,23,14,22],[20,4,8,24,16,12,14,22],[20,16,8,4,24,12,22],[24,4,16,12,20,8,23,14,22],[4,16,24,8,12,20,14,22],[24,16,4,20,12,8,14,22],[4,16,20,24,12,8,14,22],[16,8,24,4,12,20,22],[12,24,16,20,4,8,14,22],[8,24,4,12,16,20,14,22],[8,20,16,12,24,4,22],[16,12,20,8,4,24,22],[12,8,16,20,4,24,22],[12,16,24,4,20,8,14,22],[8,20,4,16,24,12,22],[8,16,4,12,20,24,22],[24,4,16,12,20,8,22],[16,24,12,4,20,8,22],[4,8,24,12,16,20,15],[20,24,4,16,12,8,14,22],[8,12,16,24,4,20,22],[16,4,8,24,20,12,22],[16,8,4,12,20,24,22],[20,8,16,12,4,24,14,22],[4,20,24,12,16,8,14,22],[24,16,20,12,8,4,22],[8,4,20,24,16,12,22],[4,20,24,16,12,8,22],[12,4,20,24,8,16,22],[24,4,12,8,20,16,22],[8,12,24,16,20,4,22],[16,8,24,20,12,4,14,22],[16,12,8,4,20,24,14,22],[4,20,24,8,16,12,14,22],[4,12,16,20,8,24,22],[8,4,16,24,12,20,14,22],[12,4,20,24,8,16,14,22],[24,16,12,4,8,20,14,22],[4,20,12,24,8,16,22],[20,24,12,8,16,4,14,22],[24,8,4,12,16,20,15],[16,12,20,8,24,4,14,22],[12,16,20,4,24,8,15],[8,24,20,12,4,16,14,22],[8,24,20,12,4,16,22],[12,8,24,16,4,20,14,22],[4,24,12,8,20,16,14,22],[20,8,16,12,4,24,14,22],[4,16,24,20,8,12,22],[16,8,12,4,24,20,14,22],[8,16,4,20,12,24,22],[8,20,16,12,4,24,14,22],[12,20,24,4,16,8,22],[4,8,24,12,20,16,22],[12,8,4,20,24,16,22],[8,24,12,20,4,16,13,22],[4,20,8,16,24,12,14,22],[20,8,24,16,12,4,13,22],[16,20,8,24,4,12,14,22],[20,24,8,16,4,12,22],[24,8,12,4,20,16,14,22],[4,12,24,20,8,16,22],[24,4,8,20,12,16,14,22],[4,12,20,16,8,24,14,22],[12,8,16,24,4,20,14,22],[4,12,24,16,20,8,14,22],[24,4,20,8,16,12,22],[16,12,20,8,4,24,14,22],[20,24,8,4,12,16,22],[20,8,16,4,24,12,14,22],[8,20,24,4,12,16,22],[20,8,24,16,12,4,22],[8,4,20,12,24,16,14,22],[8,16,24,20,12,4,22],[8,16,4,24,20,12,14,22],[20,12,4,24,16,8,22],[12,8,4,24,20,16,22],[4,20,16,12,24,8,22],[8,4,24,20,12,16,14,22],[12,20,8,16,24,4,22],[12,20,24,16,8,4,22],[24,20,16,4,8,12,23,14,22],[4,20,24,16,8,12,14,22],[4,12,20,24,8,16,22],[12,16,4,20,24,8,22],[4,20,16,12,8,24,14,22],[4,24,16,12,8,20,22],[12,20,16,4,24,8,22],[24,12,16,8,20,4,13,22],[24,20,4,16,8,12,22],[20,16,12,4,8,24,14,22],[20,12,16,8,24,4,14,22],[4,20,12,16,8,24,22],[16,20,8,12,4,24,14,22],[16,4,12,20,24,8,14,22],[24,8,20,16,12,4,14,22],[16,4,12,8,24,20,22],[20,24,4,8,16,12,14,22],[8,20,24,12,16,4,13,23,14,22],[4,12,20,16,8,24,22],[24,8,4,12,20,16,14,22],[20,4,24,8,16,12,22],[16,8,4,12,20,24,13,22],[16,20,8,4,12,24,22],[24,20,8,12,4,16,22],[8,20,24,16,12,4,13,22],[16,12,4,20,24,8,22],[20,16,24,8,4,12,14,22],[20,12,24,16,8,4,14,22],[4,20,12,8,16,24,14,22],[4,20,12,8,24,16,22],[4,24,12,16,20,8,14,22],[12,4,16,8,20,24,14,22],[12,8,24,4,16,20,14,22],[8,12,20,4,24,16,14,22],[4,12,8,16,20,24,14,22],[16,4,20,12,8,24,22],[20,16,8,4,12,24,14,22],[24,20,12,8,16,4,22],[16,20,12,24,4,8,22],[8,24,12,20,4,16,14,22],[24,16,20,12,8,4,14,22],[12,16,24,8,4,20,22],[24,16,8,20,12,4,14,22],[12,24,16,4,20,8,22],[20,4,24,12,16,8,22],[12,24,8,20,16,4,14,22],[12,20,16,4,24,8,22],[20,16,24,8,4,12,14,22],[12,20,24,8,16,4,22],[8,16,24,12,20,4,22],[16,12,8,20,4,24,14,22],[4,20,16,12,24,8,14,22],[24,12,20,4,8,16,22],[24,20,8,12,16,4,22],[8,20,12,4,24,16,22],[12,16,4,24,20,8,22],[12,24,8,16,4,20,14,22],[24,8,16,12,4,20,22],[24,16,4,12,8,20,23,14,22],[20,4,24,12,8,16,15],[8,24,16,4,20,12,14,22],[12,4,16,20,24,8,22],[12,16,24,20,4,8,14,22],[20,16,12,4,8,24,22],[24,16,8,20,12,4,22],[4,8,16,12,24,20,14,22],[20,4,16,24,8,12,14,22],[24,8,4,12,16,20,14,22],[24,20,12,8,16,4,14,22],[20,12,4,24,8,16,22],[16,8,4,20,24,12,14,22],[4,24,8,16,20,12,14,22],[16,20,12,8,4,24,14,22],[12,24,4,8,20,16,14,22],[20,24,12,16,8,4,22],[4,8,24,20,16,12,14,22],[24,20,4,16,12,8,22],[8,20,12,4,24,16,14,22],[24,12,20,8,4,16,22],[20,24,8,4,16,12,22],[20,12,16,4,8,24,14,22],[4,16,8,12,24,20,14,22],[4,12,24,16,20,8,22],[16,20,12,24,8,4,14,22],[24,20,8,16,4,12,14,22],[12,20,4,16,24,8,22],[12,4,20,24,8,16,22],[24,16,4,20,8,12,22],[12,20,8,16,24,4,14,22],[4,24,12,20,16,8,14,22],[20,24,4,12,16,8,14,22],[8,16,24,4,20,12,14,22],[12,24,16,20,8,4,22],[12,8,24,16,4,20,22],[8,12,16,24,20,4,14,22],[4,20,8,12,16,24,22],[8,16,4,24,20,12,14,22],[12,20,8,4,16,24,14,22],[16,8,12,24,20,4,22],[20,8,16,12,4,24,14,22],[16,4,20,8,24,12,22],[12,8,16,24,20,4,22],[24,12,8,16,20,4,22],[16,24,8,20,12,4,14,22],[4,16,24,8,12,20,22],[16,24,8,4,20,12,14,22],[20,12,24,8,16,4,22],[4,12,20,8,16,24,13,21],[24,12,20,16,4,8,22],[24,8,4,12,20,16,22],[4,24,8,12,16,20,21,14,22],[4,24,20,8,12,16,22],[16,4,12,8,24,20,14,22],[24,20,12,4,16,8,22],[12,16,4,20,8,24,21,14,22],[4,8,20,24,12,16,22],[4,24,8,16,20,12,23,14,22],[24,4,12,20,8,16,14,22],[24,4,20,8,16,12,22],[16,24,12,4,8,20,14,22],[12,16,24,4,20,8,22],[8,12,20,4,16,24,22],[20,8,4,12,24,16,14,22],[20,8,4,16,24,12,14,22],[24,8,16,4,20,12,22],[8,12,24,4,20,16,23,14,22],[8,20,16,4,12,24,14,22],[12,16,8,24,4,20,21,14,22],[16,12,24,20,8,4,13,22],[4,16,24,8,20,12,22],[8,4,20,24,16,12,22],[4,24,8,20,16,12,22],[24,12,16,20,4,8,23,14,22],[8,12,20,16,4,24,14,22],[12,8,16,4,24,20,14,22],[16,8,4,20,12,24,22],[8,12,4,24,20,16,14,22],[20,12,24,8,4,16,22],[12,8,16,4,20,24,14,22],[12,8,20,16,4,24,14,22],[8,20,16,12,24,4,22],[24,16,4,20,8,12,22],[16,4,8,20,24,12,14,22],[16,4,12,8,20,24,14,22],[16,12,20,8,4,24,22],[16,8,24,4,12,20,21,14,22],[20,8,24,12,16,4,22],[16,8,12,4,20,24,22],[12,16,8,24,4,20,22],[16,12,20,4,24,8,22],[16,20,24,8,4,12,22],[4,20,16,24,8,12,22],[8,12,16,24,20,4,22],[12,20,8,16,4,24,22],[16,20,12,8,24,4,14,22],[24,20,12,16,8,4,14,22],[4,12,20,24,8,16,14,22],[4,16,8,24,12,20,22],[4,24,20,16,8,12,14,22],[12,16,4,8,24,20,14,22],[8,12,16,4,20,24,22],[16,24,8,20,12,4,15],[16,8,12,4,20,24,14,22],[16,12,20,8,24,4,14,22],[24,12,8,16,20,4,23,14,22],[24,16,12,4,20,8,22],[24,20,12,4,16,8,14,22],[8,20,12,24,4,16,14,22],[20,16,24,4,8,12,14,22],[4,12,20,8,16,24,14,22],[20,24,8,16,4,12,14,22],[24,4,12,20,16,8,14,22],[12,4,8,16,24,20,15],[4,16,20,12,8,24,14,22],[20,12,24,16,8,4,23,14,22],[16,12,4,8,20,24,14,22],[16,4,8,24,20,12,14,22],[4,8,16,12,20,24,14,22],[24,20,12,4,8,16,14,22],[12,4,24,8,20,16,14,22],[16,20,8,24,12,4,22],[8,24,12,16,20,4,22],[4,16,8,24,20,12,22],[20,24,8,4,12,16,14,22],[8,4,20,12,24,16,14,22],[20,8,24,12,4,16,14,22],[4,16,20,8,24,12,22],[24,8,4,20,12,16,14,22],[20,4,16,12,24,8,22],[4,12,24,8,16,20,22],[24,8,4,20,16,12,15],[16,24,8,4,12,20,22],[12,4,16,24,20,8,22],[16,8,24,12,4,20,14,22],[12,8,20,4,16,24,22],[8,12,20,4,24,16,21,14,22],[20,8,16,24,12,4,22],[8,12,24,4,16,20,14,22],[24,8,4,12,16,20,22],[20,24,4,8,12,16,22],[20,12,8,24,16,4,22],[20,16,8,12,24,4,14,22],[12,4,20,16,24,8,22],[24,16,12,20,4,8,14,22],[24,20,16,4,8,12,14,22],[4,16,24,20,12,8,14,22],[4,20,12,16,8,24,22],[8,16,24,20,4,12,22],[4,8,24,20,16,12,14,22],[24,8,20,12,4,16,14,22],[20,24,8,16,12,4,22],[24,8,20,12,16,4,23,14,22],[4,12,8,20,24,16,14,22],[16,12,24,20,8,4,14,22],[16,24,12,4,8,20,14,22],[12,4,20,8,24,16,14,22],[4,16,8,24,12,20,22],[12,4,8,16,24,20,23,14,22],[4,16,20,24,8,12,22],[20,8,24,16,12,4,14,22],[24,20,12,8,16,4,22],[4,16,12,20,24,8,22],[16,20,4,12,8,24,22],[20,8,4,24,16,12,13],[12,8,4,16,20,24,14,22],[20,4,12,16,8,24,22],[24,8,4,16,20,12,14,22],[24,8,12,20,4,16,22],[20,12,4,8,16,24,14,22],[12,16,20,24,4,8,22],[12,4,24,20,16,8,22],[4,12,20,16,24,8,22],[24,4,16,8,12,20,22],[4,12,24,20,8,16,14,22],[12,4,24,16,8,20,14,22],[4,8,24,16,20,12,22],[8,4,24,20,12,16,22],[12,24,8,4,20,16,15],[24,16,20,8,12,4,14,22],[24,12,16,8,20,4,22],[12,20,16,4,24,8,14,22],[8,12,16,4,20,24,22],[16,8,12,24,20,4,14,22],[16,12,24,4,20,8,14,22],[24,16,8,4,20,12,14,22],[16,4,12,20,24,8,14,22],[8,20,12,24,4,16,14,22],[16,20,8,12,4,24,14,22],[8,20,4,16,12,24,15],[4,12,8,24,16,20,14,22],[8,16,4,24,20,12,22],[16,8,12,20,4,24,14,22],[4,8,12,16,24,20,13,23,14,22],[8,20,4,16,12,24,22],[4,8,12,20,24,16,22],[16,24,20,12,8,4,14,22],[16,8,24,4,12,20,22],[4,16,20,24,12,8,14,22],[12,20,8,16,24,4,14,22],[20,4,8,12,16,24,22],[4,16,8,12,20,24,14,22],[24,8,20,4,16,12,22],[4,12,16,20,24,8,15],[24,20,8,16,4,12,22],[4,8,20,24,12,16,22],[4,8,16,24,20,12,23,14,22],[8,4,20,24,16,12,22],[4,20,24,12,16,8,14,22],[8,4,12,24,20,16,14,22],[8,24,4,16,12,20,22],[24,4,20,12,8,16,22],[4,16,12,20,8,24,22],[8,20,16,12,4,24,14,22],[12,16,20,24,4,8,14,22],[12,4,8,24,20,16,14,22],[20,16,24,12,8,4,14,22],[20,16,12,4,24,8,14,22],[12,16,8,20,24,4,14,22],[24,4,16,12,20,8,15],[12,20,24,16,4,8,22],[20,4,16,12,8,24,14,22],[4,20,24,12,8,16,22],[20,16,8,24,12,4,22],[16,24,8,12,4,20,22],[16,4,20,24,8,12,14,22],[12,20,16,8,24,4,22],[8,4,12,20,24,16,14,22],[20,12,24,8,16,4,14,22],[12,20,8,4,24,16,14,22],[8,16,20,24,4,12,14,22],[12,20,24,4,16,8,14,22],[20,24,16,4,12,8,22],[20,4,24,8,16,12,14,22],[12,8,4,24,20,16,22],[12,20,8,24,4,16,22],[24,8,16,12,4,20,22],[16,20,24,4,8,12,22],[16,4,24,12,20,8,22],[16,8,4,24,20,12,22],[20,8,16,4,24,12,14,22],[12,20,16,4,24,8,14,22],[20,12,24,8,16,4,14,22],[20,12,16,8,24,4,14,22],[16,24,20,8,12,4,22],[8,16,20,4,12,24,22],[4,16,12,24,8,20,15],[24,20,12,8,16,4,14,22],[24,8,12,20,4,16,22],[24,12,4,16,20,8,14,22],[16,4,8,20,24,12,14,22],[16,12,24,20,8,4,22],[16,12,24,4,20,8,14,22],[4,24,8,20,12,16,22],[20,4,24,16,8,12,14,22],[20,12,4,24,8,16,15],[16,4,20,12,24,8,14,22],[12,16,4,20,24,8,22],[16,20,12,4,24,8,22],[12,24,8,4,16,20,22],[12,4,20,8,24,16,22],[16,20,12,8,24,4,15],[24,8,16,20,4,12,14,22],[8,16,20,24,12,4,22],[20,24,8,4,16,12,22],[20,4,24,8,16,12,22],[16,24,8,12,20,4,22],[20,4,16,8,12,24,14,22],[24,4,20,12,8,16,22],[24,16,4,20,12,8,14,22],[16,4,20,12,24,8,23,14,22],[4,20,12,24,16,8,22],[20,24,4,16,8,12,22],[24,20,8,12,16,4,22],[12,20,24,16,8,4,14,22],[4,20,24,12,8,16,22],[12,8,16,20,4,24,13,21],[16,12,24,4,8,20,22],[4,20,8,12,16,24,14,22],[12,16,4,24,8,20,22],[20,24,8,4,12,16,22],[20,16,4,12,24,8,14,22],[8,16,20,4,24,12,14,22],[24,8,4,16,12,20,14,22],[12,24,20,4,8,16,13,22],[24,8,4,12,16,20,21,14,22],[24,8,12,4,20,16,22],[8,12,16,20,24,4,14,22],[16,8,12,24,20,4,14,22],[12,20,16,4,24,8,14,22],[4,20,16,8,24,12,14,22],[12,20,4,8,24,16,14,22],[12,20,4,24,8,16,14,22],[20,12,16,24,8,4,14,22],[4,20,12,24,16,8,14,22],[8,12,16,24,4,20,22],[8,4,16,12,24,20,22],[8,12,4,20,16,24,22],[16,4,24,8,20,12,14,22],[16,12,24,8,20,4,22],[24,4,20,12,8,16,14,22],[4,20,16,12,8,24,22],[12,24,8,16,4,20,14,22],[12,4,24,8,20,16,14,22],[12,8,16,24,4,20,22],[8,24,20,12,4,16,13,22],[4,12,24,16,20,8,22],[12,16,24,20,8,4,22],[12,16,20,4,8,24,14,22],[16,8,24,12,4,20,22],[16,8,24,20,4,12,14,22],[12,8,24,16,20,4,14,22],[20,4,12,8,16,24,22],[16,24,12,20,8,4,22],[4,8,24,16,20,12,14,22],[20,8,24,4,16,12,14,22],[12,20,8,16,4,24,14,22],[16,8,20,12,24,4,14,22],[12,16,20,24,8,4,22],[4,24,20,16,12,8,14,22],[24,20,8,16,12,4,22],[20,8,16,12,4,24,14,22],[20,4,16,12,8,24,22],[24,20,4,16,12,8,14,22],[20,12,16,8,4,24,14,22],[4,20,12,8,16,24,14,22],[4,24,8,16,12,20,22],[8,12,16,4,20,24,22],[20,24,8,4,12,16,22],[12,8,24,4,20,16,22],[8,20,24,4,16,12,14,22],[16,8,4,12,20,24,14,22],[12,4,20,16,24,8,14,22],[20,16,8,24,4,12,22],[24,20,8,4,12,16,22],[12,8,20,16,4,24,14,22],[24,8,20,4,12,16,14,22],[20,16,8,12,24,4,14,22],[16,12,8,20,4,24,14,22],[16,4,8,20,24,12,15],[8,4,16,24,20,12,22],[16,24,20,4,12,8,22],[4,8,12,16,24,20,22],[24,4,16,8,20,12,22],[20,8,4,24,12,16,14,22],[20,24,12,4,8,16,14,22],[16,24,4,12,8,20,14,22],[4,24,20,12,8,16,14,22],[16,8,12,4,24,20,22],[20,24,8,4,16,12,22],[24,20,12,16,8,4,14,22],[4,16,8,24,20,12,14,22],[4,12,24,8,16,20,14,22],[20,16,4,24,8,12,13,22],[4,24,12,20,8,16,22],[12,8,24,4,16,20,14,22],[12,4,20,8,16,24,14,22],[24,20,4,12,8,16,22],[4,12,20,8,16,24,23,14,22],[24,4,8,20,16,12,22],[16,12,20,24,4,8,14,22],[20,24,4,16,12,8,14,22],[24,20,4,8,12,16,14,22],[20,8,16,24,12,4,14,22],[16,12,4,8,24,20,14,22],[8,16,24,12,4,20,22],[4,16,12,24,8,20,14,22],[4,12,16,24,8,20,14,22],[8,12,24,4,16,20,14,22],[20,12,16,8,4,24,23,14,22],[24,16,12,20,4,8,22],[12,8,20,16,4,24,22],[16,4,8,12,20,24,14,22],[24,12,8,4,20,16,22],[4,16,20,8,12,24,22],[24,4,8,16,20,12,14,22],[16,12,24,20,8,4,22],[16,24,12,8,20,4,14,22],[24,8,20,16,4,12,14,22],[16,12,8,20,24,4,14,22],[16,24,8,20,12,4,14,22],[4,8,20,16,24,12,14,22],[8,12,4,24,20,16,22],[20,12,16,24,4,8,15],[24,8,16,12,20,4,22],[20,8,16,4,12,24,14,22],[16,8,12,4,24,20,14,22],[8,20,4,16,24,12,14,22],[12,24,4,8,20,16,14,22],[20,12,24,16,8,4,14,22],[20,8,16,24,12,4,22],[16,8,20,24,12,4,22],[4,20,24,8,12,16,14,22],[4,24,16,8,12,20,14,22],[20,12,24,16,8,4,14,22],[20,24,12,16,4,8,14,22],[8,20,24,12,4,16,22],[8,24,16,20,4,12,22],[16,20,4,12,8,24,22],[4,16,12,20,8,24,14,22],[12,16,4,20,8,24,22],[4,24,20,12,16,8,14,22],[20,24,16,12,4,8,22],[8,4,16,24,20,12,14,22],[16,12,20,4,24,8,23,14,22],[8,12,24,16,20,4,14,22],[24,4,16,12,8,20,14,22],[12,24,4,20,8,16,22],[8,24,20,16,12,4,22],[16,24,8,12,20,4,22],[16,8,24,20,4,12,22],[8,16,24,4,12,20,14,22],[4,8,16,24,12,20,22],[4,24,16,12,20,8,14,22],[16,20,24,4,12,8,14,22],[20,24,12,16,4,8,14,22],[16,4,24,12,8,20,23,14,22],[8,20,16,4,24,12,14,22],[8,4,12,24,20,16,22],[12,8,24,16,20,4,22],[24,4,16,8,20,12,22],[12,4,24,8,20,16,22],[4,24,16,8,12,20,14,22],[8,16,24,20,4,12,14,22],[4,24,20,8,12,16,14,22],[16,24,8,20,4,12,22],[20,8,16,4,24,12,14,22],[16,12,24,20,4,8,14,22],[16,12,4,24,8,20,14,22],[8,12,24,20,16,4,14,22],[12,8,4,20,16,24,14,22],[16,24,12,20,8,4,14,22],[12,16,8,20,4,24,13,22],[24,20,8,12,16,4,15],[16,12,24,4,8,20,14,22],[24,12,16,4,20,8,22],[12,8,24,20,16,4,23,14,22],[24,4,12,16,20,8,22],[24,20,12,8,4,16,14,22],[4,16,8,24,12,20,14,22],[16,12,8,4,20,24,14,22],[16,12,20,8,24,4,22],[8,12,4,20,24,16,22],[12,4,24,16,20,8,14,22],[16,24,4,12,20,8,14,22],[12,20,24,16,4,8,14,22],[20,24,12,8,4,16,14,22],[12,24,16,8,20,4,22],[4,8,20,16,12,24,22],[12,20,16,4,24,8,14,22],[20,4,8,24,12,16,22],[16,20,12,24,4,8,22],[20,16,12,8,4,24,14,22],[12,20,16,8,24,4,14,22],[24,12,4,20,8,16,14,22],[8,12,16,20,4,24,15],[12,4,24,20,8,16,14,22],[20,24,12,16,8,4,14,22],[24,16,12,4,20,8,14,22],[4,24,12,8,16,20,22],[8,24,12,4,20,16,14,22],[4,8,24,20,16,12,22],[8,4,16,20,24,12,14,22],[4,8,12,20,24,16,14,22],[4,20,24,8,16,12,14,22],[8,24,12,16,4,20,14,22],[8,20,24,16,4,12,22],[16,12,4,20,8,24,14,22],[12,8,4,16,24,20,22],[4,24,12,8,20,16,22],[12,4,16,20,8,24,22],[4,12,8,24,20,16,22],[20,24,4,12,16,8,22],[12,20,4,16,8,24,14,22],[20,24,12,8,4,16,14,22],[16,4,24,8,20,12,14,22],[8,24,20,16,12,4,22],[8,24,4,16,20,12,14,22],[12,16,8,24,4,20,15],[4,8,12,20,24,16,14,22],[24,8,12,16,20,4,14,22],[4,8,24,12,16,20,14,22],[8,12,16,4,20,24,22],[24,8,20,16,4,12,22],[12,4,20,16,8,24,22],[12,16,24,8,20,4,22],[12,16,20,8,24,4,22],[4,12,20,16,8,24,22],[4,12,8,24,20,16,14,22],[8,12,4,16,24,20,22],[20,8,16,12,24,4,14,22],[20,12,4,8,24,16,14,22],[8,20,4,24,16,12,14,22],[16,8,20,12,4,24,14,22],[24,16,8,20,12,4,22],[16,4,8,20,24,12,22],[20,12,8,16,24,4,14,22],[12,8,24,16,20,4,22],[16,24,4,12,8,20,22],[20,8,24,16,12,4,14,22],[4,24,12,16,20,8,22],[20,16,8,4,12,24,22],[12,20,16,4,24,8,14,22],[16,4,8,12,20,24,13,22],[24,16,12,20,4,8,14,22],[16,20,24,4,12,8,15],[12,8,24,4,16,20,15],[12,8,16,24,20,4,22],[24,16,4,20,8,12,22],[24,16,4,12,8,20,14,22],[4,20,8,12,24,16,14,22],[16,12,24,4,8,20,22],[12,4,20,16,8,24,14,22],[4,20,24,12,16,8,22],[20,4,24,12,8,16,22],[24,20,12,8,4,16,22],[4,8,24,20,16,12,22],[4,20,12,16,8,24,22],[24,20,12,16,4,8,14,22],[20,8,24,16,4,12,22],[8,12,20,16,4,24,14,22],[4,16,24,12,8,20,14,22],[20,16,12,8,24,4,14,22],[12,20,16,24,8,4,22],[4,8,16,12,20,24,14,22],[4,24,12,20,16,8,22],[8,16,12,20,4,24,22],[12,8,24,20,4,16,22],[8,16,24,12,4,20,14,22],[4,12,24,16,8,20,14,22],[16,24,4,12,8,20,22],[20,16,8,12,24,4,14,22],[24,8,20,16,4,12,22],[12,4,20,16,24,8,22],[12,4,16,8,24,20,22],[24,4,12,20,16,8,22],[20,12,4,16,24,8,14,22],[8,20,16,4,24,12,22],[8,4,20,24,16,12,14,22],[16,4,24,12,8,20,14,22],[4,20,12,24,16,8,14,22],[16,8,12,24,4,20,14,22],[24,20,16,8,12,4,14,22],[8,16,24,4,12,20,22],[8,24,12,20,4,16,14,22],[8,12,16,20,4,24,14,22],[24,16,8,4,12,20,21,14,22],[8,4,16,12,20,24,14,22],[20,24,12,4,16,8,23,14,22],[12,8,20,4,24,16,22],[4,12,20,24,8,16,22],[12,16,4,20,8,24,22],[8,24,20,16,4,12,14,22],[12,20,16,4,8,24,22],[8,20,4,16,24,12,15],[12,24,4,8,16,20,14,22],[16,4,24,12,8,20,22],[16,12,8,24,20,4,14,22],[4,12,20,8,24,16,22],[4,16,20,8,24,12,14,22],[8,12,16,24,4,20,22],[8,12,24,16,4,20,14,22],[20,12,4,8,16,24,22],[20,12,8,4,16,24,22],[8,16,4,20,24,12,22],[20,8,12,4,24,16,22],[24,4,16,8,12,20,14,22],[20,16,24,12,8,4,14,22],[16,12,24,8,4,20,22],[12,24,20,4,16,8,22],[4,16,12,20,24,8,22],[16,8,12,4,20,24,14,22],[4,20,16,8,12,24,22],[24,20,4,16,8,12,22],[16,20,24,8,4,12,22],[12,16,24,20,8,4,14,22],[4,12,24,16,8,20,22],[8,20,16,4,12,24,22],[12,16,20,8,4,24,14,22],[20,12,24,16,4,8,22],[4,16,8,20,24,12,23,14,22],[12,8,4,16,20,24,22],[8,4,24,20,16,12,22],[16,4,24,12,8,20,14,22],[24,4,16,8,12,20,22],[8,12,24,16,20,4,21,14,22],[24,16,12,4,20,8,22],[4,8,16,20,24,12,14,22],[8,16,12,24,4,20,22],[24,20,12,8,4,16,22],[24,4,8,12,20,16,14,22],[8,12,20,4,16,24,14,22],[16,20,4,12,8,24,14,22],[4,24,20,8,16,12,22],[4,8,12,16,20,24,14,22],[8,20,16,24,12,4,14,22],[4,16,8,24,12,20,22],[16,4,20,24,12,8,22],[16,20,4,24,8,12,23,14,22],[12,4,16,8,20,24,14,22],[24,4,20,12,16,8,15],[4,20,8,24,12,16,23,14,22],[12,8,16,20,4,24,22],[8,24,16,20,12,4,14,22],[20,16,12,24,8,4,22],[4,20,8,12,16,24,22],[12,4,20,8,16,24,22],[16,20,8,24,12,4,22],[8,24,4,16,12,20,22],[16,4,8,24,12,20,22],[12,20,24,8,16,4,14,22],[4,12,16,8,24,20,14,22],[24,20,12,4,8,16,22],[24,12,20,8,16,4,22],[24,4,8,20,16,12,13,22],[12,20,4,8,24,16,22],[20,24,8,4,12,16,22],[12,8,24,16,4,20,22],[8,12,4,20,24,16,22],[16,20,12,4,8,24,22],[16,20,8,24,12,4,14,22],[20,8,24,12,4,16,14,22],[4,16,12,20,8,24,14,22],[24,8,4,20,12,16,22],[12,24,16,4,8,20,22],[24,8,4,20,12,16,22],[24,12,4,20,8,16,14,22],[4,24,8,12,16,20,22],[24,20,4,16,8,12,22],[4,24,20,16,8,12,21,14,22],[12,20,8,24,4,16,14,22],[16,12,20,8,24,4,14,22],[16,4,8,12,24,20,22],[24,4,16,20,8,12,14,22],[4,16,8,12,20,24,14,22],[8,16,12,4,20,24,22],[12,24,4,16,8,20,22],[16,4,24,12,20,8,14,22],[20,16,4,12,8,24,14,22],[8,4,20,12,24,16,14,22],[16,4,24,20,8,12,22],[20,16,12,24,8,4,22],[12,4,8,16,20,24,13,22],[4,12,16,8,20,24,22],[16,8,20,4,12,24,22],[8,16,20,24,12,4,22],[20,12,24,16,8,4,22],[16,4,20,24,12,8,22],[16,24,8,20,4,12,22],[12,24,4,8,20,16,15]],"n_human":9}