{"problem_id":"JaKarNU4ENjuDlm","sigma":75,"alpha":10.000,"cost":0,"probabilities":"[0.1, 0.38, 0.31, 0.21]","payoff_matrix":"[[129, 45, -40, -61, -72, 14], [-87, -72, 105, -178, -33, 70], [166, 38, 12, 26, 85, -39], [21, -47, -32, 16, 47, -31]]","uncovered":[[22,18,2,10,11,23,6,14,24,19,20,12],[22,2,14,6,18,10,23,11,12,24,19,20],[6,14,18,10,22,11,23,2,24,19,20,12],[18,2,22,10,23,11,6,14,24,19,20,12],[6,2,14,18,22,10,11,23,12,24,19,20],[22,10,23,11,18,2,6,14,24,17],[18,2,14,6,22,10,11,23,12,24,19,20],[10,22,11,23,18,6,2,14,12,24,19,20],[18,10,14,22,11,23,2,6,12,24,19,20],[2,10,14,22,23,11,6,18,12,24,19,20],[10,2,22,11,23,18,14,6,24,12,19,20],[22,6,14,18,10,11,23,2,12,24,19,20],[18,22,2,6,10,11,23,14,12,24,19,20],[2,14,6,18,10,22,23,11,24,8,12],[22,18,10,23,11,6,14,2,24,19,20,12],[14,6,2,22,18,10,23,11,12,24,19,20],[2,18,6,10,14,22,11,23,24,19,12,20],[18,14,10,6,22,11,23,2,12,24],[2,6,14,18,10,22,11,23,12,24,7],[6,18,14,2,10,22,23,11,12,24,19,20],[6,10,22,23,11,14,18,2,24,9,7,12,19,20],[14,18,10,22,11,23,6,2,12,24,19,20],[6,22,18,2,10,11,23,14,24,4,19,12,20],[14,6,10,18,22,11,23,2,12,24,19,20],[2,10,18,6,22,23,11,14,12,24],[2,18,10,6,14,22,11,23,24,13,12,19,20],[10,18,22,11,23,2,14,6,12,24,19,20],[2,22,14,18,6,10,11,23,24,4,9,19,20,12],[2,6,10,22,23,11,18,14,12,24,19,20],[22,14,10,11,23,6,2,18,12,24,19,20],[18,14,10,2,22,11,23,6,12,24,19,20],[6,18,10,22,11,23,2,14,24,1,19,12,20,9,17],[22,6,14,18,10,11,23,2,12,24,19,20],[14,18,2,10,6,22,23,11,12,24,19,20],[14,22,18,6,10,23,11,2,24,19,20,12],[2,22,6,14,18,10,23,11,12,24],[22,18,6,2,10,11,23,14,24,12,19,20],[14,6,18,2,10,22,23,11,12,24,19,20],[22,14,10,23,11,6,2,18,19,24,12,20],[10,2,14,6,22,11,23,18,24,19,12,20],[18,2,22,10,11,23,14,6,24,19,12,20],[14,10,2,18,6,22,11,23,24,17],[2,18,6,10,14,22,23,11,24,4,19,20,12],[22,14,2,6,10,23,11,18,24,19,12,20],[22,14,6,2,10,23,11,18,24,12,5,19,20],[14,18,6,2,10,22,23,11,12,24,19,20],[10,22,23,11,18,6,2,14,24,4,19,12,20],[2,6,10,18,14,22,11,23,24,19,20,12],[22,18,2,6,14,10,11,23,12,24,19,20],[2,6,10,18,14,22,11,23,24,19,20,12],[18,14,22,10,23,11,2,6,12,24,19,20],[2,6,22,10,23,11,14,18,12,24,19,20],[6,2,18,14,22,10,11,23,24,16,19,20,12],[10,22,23,11,2,6,14,18,12,24,19,20],[6,18,2,22,14,10,11,23,9,12,24,19,20],[14,22,2,6,18,10,11,23,12,24,19,20],[6,14,18,10,22,23,11,2,24,20,19,12],[6,22,14,10,11,23,18,2,12,24],[18,2,22,14,6,10,11,23,24,12,19,20],[14,6,2,22,10,11,23,18,12,24,17],[2,10,14,6,18,22,11,23,9,12,24,19,20],[14,2,6,10,22,23,11,18,24,19,12,20],[14,10,18,2,6,22,23,11,24,12,19,20],[10,18,6,2,22,23,11,14,12,24,19,20],[22,14,2,18,10,11,23,6,12,24],[18,2,22,6,10,11,23,14,24,12,19,20],[22,2,6,14,10,11,23,18,12,24,19,20],[10,14,18,22,11,23,2,6,24,3,12,4,19,20,9,17],[6,2,10,18,14,22,23,11,24,20,19,12],[18,22,2,10,11,23,6,14,12,24,19,20],[6,2,14,18,10,22,23,11,24,20,19,12],[6,2,22,14,18,10,23,11,12,24,19,20],[6,18,10,2,14,22,11,23,24,19,20,12],[22,18,2,14,6,10,11,23,12,24,19,20],[14,18,10,2,22,11,23,6,24,3,4,12,19,20,17],[10,18,2,6,22,23,11,14,12,24,19,20],[18,2,6,22,14,10,11,23,12,24,17],[18,10,6,14,22,23,11,2,12,24,19,20],[10,6,18,14,22,23,11,2,12,24,19,20],[14,6,2,10,22,23,11,18,12,24,19,20],[18,10,22,23,11,14,6,2,24,12],[10,14,18,22,23,11,6,2,12,24,19,20],[18,6,2,14,10,22,23,11,24,16,13,19,20,12],[10,6,2,22,23,11,18,14,24,19,20,12],[2,14,6,22,18,10,23,11,12,24,19,20],[10,2,22,11,23,14,6,18,12,24,19,20],[10,14,6,2,22,11,23,18,12,24],[2,6,18,14,10,22,23,11,24,19,12,20],[2,22,10,11,23,14,6,18,12,24,19,20],[14,22,2,6,10,11,23,18,12,24,19,20],[2,6,14,18,10,22,23,11,24,16,8,12],[2,10,6,14,22,23,11,18,12,24,19,20],[2,10,6,22,23,11,18,14,12,24,20,19],[2,22,18,10,23,11,6,14,24,19,12,20],[22,6,2,10,23,11,18,14,12,24,19,20],[6,14,10,22,11,23,2,18,12,24,17],[18,22,2,6,10,11,23,14,12,24,19,20],[14,6,2,18,22,10,23,11,12,24,17],[10,18,2,22,23,11,6,14,24,20,19,12],[22,2,10,23,11,6,14,18,24,20,19,12],[6,22,10,11,23,2,14,18,12,24,19,20],[6,10,22,11,23,2,18,14,12,24,19,20],[22,2,6,14,10,11,23,18,24,20,19,12],[22,10,11,23,18,6,2,14,24,19,12,20],[22,14,2,10,23,11,6,18,24,19,20,12],[2,22,6,10,11,23,14,18,24,19,12,20],[2,6,18,14,10,22,11,23,12,24,19,20],[22,10,11,23,18,2,6,14,24,20,19,12],[2,14,6,22,10,23,11,18,24,19,12,20],[22,6,10,11,23,18,14,2,24,19,12,20],[10,14,22,11,23,6,2,18,12,24,19,20],[14,18,22,6,2,10,23,11,24,19,12,20],[6,2,22,10,11,23,18,14,24,12,19,20],[18,10,6,22,11,23,14,2,12,24,19,20],[2,22,18,10,11,23,6,14,24,21,12],[10,14,22,11,23,18,6,2,24,19,20,12],[22,18,6,14,2,10,23,11,12,24,19,20],[10,18,6,22,23,11,14,2,24,19,20,12],[6,2,18,10,22,11,23,14,12,24,19,20],[22,6,14,10,11,23,2,18,12,24,19,20],[22,2,18,10,23,11,14,6,12,24,17],[10,18,14,2,6,22,23,11,24,12,19,20],[2,14,22,10,11,23,18,6,24,19,20,12],[2,22,10,23,11,6,18,14,24,3,12,4,19,20,17],[14,22,2,6,10,11,23,18,24,7,20,19,12],[6,22,2,10,23,11,18,14,12,24,19,20],[6,22,10,23,11,2,18,14,24,19,12,20],[14,18,22,2,6,10,11,23,12,24],[10,6,22,11,23,2,14,18,12,24,19,20],[22,10,11,23,18,2,6,14,24,12,9,19,20],[18,10,6,14,22,23,11,2,12,24,19,20],[10,6,18,14,2,22,23,11,12,24,19,20],[10,22,23,11,18,14,2,6,24,13,17],[2,18,22,10,23,11,6,14,24,21,12,19,20],[10,6,14,2,18,22,11,23,12,24,19,20],[2,18,22,14,6,10,23,11,24,12,19,20],[14,2,6,10,18,22,23,11,24,19,12,20],[10,22,23,11,14,6,18,2,12,24,19,20],[18,14,2,10,22,11,23,6,24,19,20,12],[22,14,2,6,10,23,11,18,24,12,17],[6,14,10,18,22,11,23,2,24,12,19,20],[22,14,10,23,11,18,2,6,12,24,19,20],[2,22,6,18,10,23,11,14,24,3,4,12,19,20,1,9],[10,2,18,6,22,23,11,14,12,24,19,20],[10,18,6,14,2,22,11,23,12,24,19,20],[6,2,22,18,14,10,23,11,12,24,19,20],[18,22,6,14,10,23,11,2,12,24,19,20],[10,18,14,6,2,22,23,11,24,19,12,20],[6,2,10,14,22,23,11,18,12,24,7],[6,10,22,23,11,2,18,14,24,12,19,20],[10,18,2,6,14,22,23,11,24,12,19,20],[2,18,6,22,14,10,23,11,12,24,19,20],[14,10,6,18,2,22,11,23,12,24,19,20],[22,18,6,10,23,11,2,14,12,24],[2,14,22,10,11,23,18,6,24,19,20,12],[18,14,22,10,11,23,6,2,24,19,12,20],[22,14,10,11,23,6,2,18,24,12,19,20],[10,14,6,22,11,23,2,18,12,24,19,20],[14,10,6,18,2,22,11,23,24,19,20,12],[10,6,22,11,23,14,2,18,24,12,19,20],[6,10,2,22,11,23,18,14,24,7,19,20,12],[6,22,2,10,23,11,18,14,24,19,12,20],[18,22,10,23,11,2,14,6,12,24,19,20,17],[2,14,22,10,11,23,6,18,24,20,19,12],[6,22,14,10,23,11,18,2,24,7,16,4,19,12,20],[2,10,6,22,23,11,14,18,24,12,19,20],[10,2,6,22,11,23,14,18,24,12,19,20],[2,22,18,10,23,11,6,14,24,19,12,20],[2,10,6,18,22,11,23,14,12,24,19,20],[2,10,22,11,23,14,6,18,12,24,19,20],[6,14,10,2,18,22,23,11,24,8,19,20,12],[10,18,14,6,22,11,23,2,12,24,19,20],[2,6,18,22,10,11,23,14,12,24,19,20],[22,2,6,18,14,10,11,23,12,24,19,20],[14,22,10,11,23,2,18,6,24,7,12],[6,22,18,14,2,10,23,11,12,24,19,20],[2,22,6,18,14,10,11,23,12,24,19,20],[14,22,18,10,23,11,2,6,12,24],[14,6,10,2,22,23,11,18,24,19,12,20],[6,22,10,23,11,18,2,14,12,24,19,20],[14,18,10,2,22,11,23,6,24,12,19,20],[22,18,14,2,10,23,11,6,24,12,19,20],[18,2,14,6,22,10,11,23,24,12,1,19,20,17],[18,22,2,6,10,23,11,14,12,24,19,20],[10,18,14,22,11,23,6,2,12,24,19,20],[18,14,2,22,6,10,23,11,12,24,19,20],[2,14,10,18,6,22,11,23,12,24,9,19,20],[18,2,10,22,11,23,14,6,12,24,19,20],[22,2,6,10,11,23,14,18,24,12,19,20],[2,18,6,10,14,22,11,23,24,20,19,12],[10,18,6,22,23,11,14,2,24,12,17],[18,14,6,10,2,22,23,11,12,24],[2,18,10,22,23,11,14,6,12,24,19,20],[10,22,11,23,18,14,6,2,12,24,19,20],[2,22,10,23,11,14,18,6,12,24,19,20],[6,18,10,2,22,11,23,14,12,24,19,20],[22,10,23,11,2,18,6,14,24,19,20,12],[2,6,22,14,10,23,11,18,12,24,19,20],[14,10,2,22,23,11,18,6,12,24,19,20],[10,6,14,2,18,22,11,23,24,12,19,20],[22,14,10,11,23,18,6,2,12,24,19,20],[14,6,22,18,2,10,23,11,19,24,12,20],[14,18,22,6,10,23,11,2,12,24,19,20],[14,22,18,6,2,10,11,23,12,24,19,20],[18,6,14,2,10,22,23,11,24,8,20,19,12],[2,10,22,23,11,18,6,14,12,24,19,20],[22,10,23,11,18,2,14,6,24,16,19,12,20],[2,10,22,23,11,14,6,18,12,24],[18,14,10,22,11,23,2,6,12,24,19,20],[10,6,22,23,11,18,14,2,12,24,20,19],[18,2,6,10,22,11,23,14,24,19,12,20],[18,6,2,10,22,23,11,14,12,24,19,20],[10,18,14,6,22,11,23,2,12,24,19,20],[22,2,6,14,18,10,11,23,24,19,20,12],[14,6,18,10,2,22,23,11,12,24,19,20],[18,14,10,6,2,22,23,11,12,24],[22,10,23,11,6,18,2,14,19,24,12,20],[10,14,6,2,22,23,11,18,24,19,20,12],[14,10,6,22,23,11,18,2,24,19,12,20],[22,6,14,10,11,23,2,18,12,24,19,20],[10,2,22,23,11,18,6,14,24,5,19,20,12],[18,6,2,10,22,23,11,14,24,12,19,20],[18,22,10,23,11,6,14,2,24,13,17],[10,6,14,2,18,22,11,23,12,24,19,20],[14,18,10,6,22,23,11,2,24,20,19,12],[18,2,10,22,23,11,14,6,24,17],[18,2,6,10,22,11,23,14,24,12,19,20],[6,2,14,10,18,22,23,11,24,12,19,20],[18,2,10,22,11,23,14,6,12,24,19,20],[2,22,18,6,10,23,11,14,12,24,19,20],[6,18,2,14,10,22,11,23,12,24,19,20],[10,14,6,22,11,23,2,18,24,16,19,12,20],[14,22,6,18,2,10,23,11,12,24,19,20],[14,6,2,10,22,23,11,18,24,17],[14,10,18,6,2,22,23,11,12,24,19,20],[2,18,14,6,10,22,23,11,12,24,19,20],[10,14,22,23,11,6,18,2,12,24,19,20],[18,14,22,2,10,11,23,6,24,20,19,12],[14,22,2,18,10,23,11,6,24,19,12,20],[6,18,22,10,11,23,2,14,24,19,12,20],[10,14,2,6,18,22,11,23,24,19,20,12],[6,18,22,14,2,10,23,11,24,12,19,20],[22,10,23,11,6,18,2,14,24,1,9,19,20,12,17],[18,14,2,10,22,23,11,6,24,19,20,12],[22,2,14,6,10,11,23,18,12,24,19,20],[22,18,14,10,23,11,6,2,12,24],[10,14,2,6,22,23,11,18,24,12,19,20],[14,18,2,10,6,22,11,23,12,24,19,20,17],[2,22,18,10,11,23,6,14,21,12,24,19,20],[18,14,2,6,22,10,23,11,12,24,19,20],[2,18,14,22,10,23,11,6,24,12,19,20],[6,18,14,2,22,10,23,11,12,24,19,20],[10,18,14,22,11,23,6,2,24,17],[18,6,14,2,10,22,11,23,12,24],[14,22,10,23,11,18,6,2,24,8,19,12,20],[22,2,18,10,23,11,14,6,19,12,24,20],[22,14,18,2,10,11,23,6,12,24,19,20],[22,2,14,6,10,23,11,18,24,8,19,12,20],[14,22,6,2,18,10,11,23,24,19,20,12],[6,14,10,2,22,23,11,18,12,24,19,20],[10,2,14,6,18,22,11,23,12,24,19,20],[6,14,18,22,2,10,23,11,12,24],[10,6,14,2,22,23,11,18,12,24,19,20],[14,22,18,2,6,10,23,11,24,12,19,20],[18,22,2,6,14,10,11,23,12,24,19,20],[6,22,2,10,11,23,14,18,24,12,19,20],[14,22,10,11,23,2,18,6,12,24,19,20],[6,22,2,10,11,23,14,18,24,19,20,12],[14,22,18,10,23,11,6,2,24,19,20,12],[22,10,11,23,2,18,6,14,12,24,17],[22,18,10,11,23,2,14,6,12,24,19,20],[6,14,22,2,10,11,23,18,24,12,19,20],[6,18,10,14,2,22,23,11,12,24,19,20],[22,2,6,10,11,23,14,18,24,12,19,20],[2,10,22,11,23,18,14,6,12,24,19,20],[22,18,6,2,10,23,11,14,24,9,19,20,12],[10,18,6,14,22,23,11,2,12,24],[10,14,18,6,2,22,11,23,12,24,19,20],[10,18,22,23,11,14,6,2,24,19,20,12],[22,6,14,18,2,10,23,11,12,24,19,20],[22,2,6,10,23,11,14,18,24,19,12,20],[18,2,14,10,22,11,23,6,24,19,12,20],[22,18,14,6,2,10,11,23,12,24,19,20],[6,22,10,11,23,14,2,18,24,19,12,20],[2,6,10,14,18,22,11,23,24,1,4,17,19,12],[6,14,2,10,22,11,23,18,12,24,17],[22,10,23,11,18,14,2,6,24,21,19,12,20],[22,10,11,23,18,6,14,2,12,24,19,20],[18,14,22,10,11,23,2,6,24,19,20,12],[6,10,14,2,18,22,23,11,24,12,19,20],[10,6,18,14,22,11,23,2,12,24,19,20],[2,10,22,23,11,14,18,6,24,19,20,12],[2,18,22,10,11,23,6,14,24,4,19,12,20],[10,14,22,23,11,2,18,6,24,12,19,20],[14,6,10,22,11,23,2,18,24,21,12,19,20],[22,18,10,23,11,14,6,2,24,12,19,20],[2,6,18,14,22,10,23,11,24,17],[18,6,14,22,2,10,11,23,24,19,20,12],[14,18,10,6,22,11,23,2,24,19,12,20],[18,14,22,10,11,23,2,6,12,24,19,20],[22,6,10,11,23,14,18,2,12,24,19,20],[22,2,18,10,23,11,14,6,24,8,15,3,12,4,19,20],[18,2,6,22,14,10,23,11,12,24,19,20],[18,2,10,6,14,22,23,11,24,12],[10,2,6,22,11,23,14,18,12,24,19,20],[2,6,10,18,22,11,23,14,24,19,12,20],[10,18,2,14,22,11,23,6,24,20,12,19],[6,22,14,18,2,10,23,11,24,3,12,4,9,1],[6,14,18,10,22,23,11,2,24,12],[14,18,10,2,22,23,11,6,24,19,12,20],[2,22,18,14,10,23,11,6,12,24,19,20],[6,14,2,18,10,22,11,23,24,20,19,12],[22,18,14,6,10,23,11,2,24,16,1,19,12,20,17],[22,10,23,11,14,6,2,18,24,20,19,12],[10,2,14,6,22,23,11,18,12,24,5,19,20],[14,18,6,22,2,10,11,23,24,12],[6,22,14,18,2,10,11,23,24,21,12],[2,22,6,18,10,23,11,14,24,12,19,20],[10,2,6,22,23,11,18,14,12,24,19,20],[2,6,14,10,18,22,11,23,12,24,19,20],[2,18,22,10,11,23,14,6,12,24,19,20],[10,14,18,6,22,23,11,2,12,24,19,20],[6,22,18,14,10,23,11,2,3,4,12,24,19,20,1,9],[2,10,14,18,22,23,11,6,24,1,16,19,20,12,3,4,9],[14,6,10,18,2,22,11,23,24,19,12,20],[6,22,18,14,2,10,23,11,12,24,19,20],[18,2,22,6,10,11,23,14,12,24,19,20],[18,6,14,2,22,10,11,23,12,24,19,20],[2,18,10,22,11,23,14,6,12,24,19,20],[22,18,10,11,23,6,14,2,12,24,19,20],[18,2,6,10,22,23,11,14,12,24,19,20],[2,14,6,10,18,22,23,11,12,24,19,20],[14,10,2,18,22,23,11,6,24,12,19,20],[18,22,6,10,11,23,14,2,24,7,19,20,12],[22,18,2,14,10,23,11,6,12,24,19,20],[6,18,22,14,2,10,23,11,12,24,19,20],[2,22,14,6,10,11,23,18,12,24,19,20],[10,22,23,11,6,14,18,2,24,20,19,12],[10,6,22,23,11,14,18,2,12,24,19,20],[22,18,14,10,23,11,2,6,24,21,3,12,4,19,20,9,17],[18,22,6,10,11,23,2,14,12,24,19,20],[22,18,2,10,23,11,6,14,24,12,19,20],[10,2,22,23,11,14,6,18,12,24,19,20],[2,6,14,22,18,10,11,23,12,24,19,20],[2,10,18,22,11,23,14,6,12,24,19,20],[6,2,10,22,23,11,14,18,12,24],[6,10,18,22,11,23,2,14,24,19,20,12],[10,22,11,23,18,6,2,14,9,12,24,19,20],[14,10,2,6,18,22,23,11,12,24,19,20],[6,2,10,18,22,23,11,14,24,7,12],[22,2,14,6,10,23,11,18,24,17],[18,6,10,22,23,11,2,14,24,19,20,12],[6,22,10,23,11,18,14,2,24,3,4,12,19,20,9,17],[10,18,22,23,11,14,2,6,12,24,17],[14,10,22,11,23,2,18,6,24,12,19,20],[22,14,10,11,23,6,18,2,24,19,20,12],[22,14,6,18,10,23,11,2,24,12,19,20],[22,6,2,10,23,11,14,18,12,24],[10,14,18,6,22,23,11,2,12,24,19,20],[10,22,23,11,6,2,18,14,24,12,19,20],[10,22,23,11,2,18,14,6,12,24,17],[6,22,2,10,23,11,14,18,12,24,20,19],[2,6,14,22,10,11,23,18,24,16,3,4,12,19,20,9,1],[6,10,2,18,14,22,11,23,12,24,19,20],[2,18,6,22,10,11,23,14,12,24,19,20],[14,18,2,22,10,11,23,6,12,24,19,20],[14,22,18,2,10,11,23,6,24,9,12,19,20],[14,10,2,18,22,23,11,6,24,17],[18,22,10,11,23,6,14,2,24,19,20,12],[22,6,18,2,14,10,23,11,12,24,19,20],[2,18,6,10,14,22,11,23,12,24,19,20],[22,14,10,11,23,6,2,18,24,20,19,12],[18,14,10,6,22,23,11,2,24,1,13,21,12,19,20,17],[18,22,2,6,10,11,23,14,24,19,20,12],[10,2,22,11,23,14,18,6,24,19,12,20],[22,10,11,23,14,18,2,6,12,24],[10,6,18,22,23,11,14,2,24,12,19,20],[22,2,14,18,10,11,23,6,12,24,19,20],[6,2,18,14,22,10,11,23,12,24,19,20],[10,6,22,11,23,2,14,18,24,1,3,12,4,9],[22,10,23,11,2,14,18,6,24,16,12,19,20],[18,10,2,22,11,23,14,6,24,12,19,20],[6,18,10,2,22,11,23,14,12,24,19,20],[22,18,2,14,10,23,11,6,24,19,12,20],[14,6,22,2,10,11,23,18,24,12,19,20],[22,6,2,18,10,11,23,14,24,19,20,12],[22,2,10,11,23,18,14,6,24,3,12,4,19,20,17],[22,10,23,11,2,6,14,18,24,19,20,12],[18,22,10,23,11,14,2,6,12,24,19,20],[10,14,22,23,11,2,18,6,24,19,20,12],[14,2,18,10,6,22,11,23,24,12,19,20],[10,14,22,11,23,6,18,2,24,19,12,20],[18,6,22,14,2,10,23,11,12,24,19,20],[6,18,14,22,2,10,23,11,24,12,19,20],[22,6,18,2,10,23,11,14,12,24,19,20],[22,18,2,6,10,11,23,14,12,24,19,20],[2,10,22,11,23,14,6,18,24,19,12,20],[22,6,14,10,23,11,18,2,24,17],[14,18,6,2,22,10,23,11,24,7,19,12,20],[2,10,14,22,23,11,6,18,12,24,19,20],[18,22,10,23,11,14,2,6,12,24,5,19,20],[6,18,2,22,14,10,23,11,24,12,19,20],[14,6,2,22,10,11,23,18,24,4,12],[2,14,6,22,10,11,23,18,24,15,5,12,19,20],[18,14,2,6,10,22,23,11,24,21,19,12,20],[2,22,6,18,14,10,11,23,12,24,19,20],[18,6,22,10,23,11,14,2,12,24,19,20],[10,18,14,2,22,11,23,6,24,21,12,19,20],[18,6,10,2,14,22,11,23,12,24,19,20],[6,14,18,10,2,22,11,23,24,19,20,12],[6,22,10,11,23,14,18,2,12,24,19,20],[6,14,2,18,10,22,23,11,12,24,19,20],[10,2,6,18,14,22,11,23,24,4,19,12,20],[6,14,10,22,23,11,2,18,24,19,12,20],[14,10,6,22,11,23,2,18,12,24,19,20],[6,22,18,10,23,11,2,14,24,19,12,20],[22,2,18,10,11,23,6,14,24,19,20,12],[6,14,2,18,10,22,23,11,12,24,19,20],[10,18,6,14,22,11,23,2,12,24,19,20],[10,18,14,22,11,23,2,6,24,8,19,12,20],[10,18,14,6,22,23,11,2,12,24,19,20],[18,2,22,6,14,10,23,11,12,24],[2,22,6,14,18,10,23,11,12,24,19,20],[22,6,10,11,23,18,2,14,24,12,19,20],[2,6,18,14,10,22,11,23,12,24,19,20],[6,10,22,23,11,18,2,14,12,24,19,20],[18,10,22,23,11,2,6,14,12,24,19,20],[6,14,10,2,18,22,11,23,24,19,20,12],[10,22,11,23,2,14,18,6,12,24,19,20],[18,14,22,2,10,11,23,6,12,24,19,20],[22,14,2,18,10,23,11,6,12,24,19,20],[10,18,14,22,23,11,2,6,24,12],[14,2,10,6,22,11,23,18,24,19,20,12],[14,2,18,10,6,22,11,23,12,24,19,20],[6,14,2,22,18,10,11,23,24,16,17],[10,18,22,23,11,2,6,14,12,24,19,20],[10,22,23,11,2,6,14,18,12,24,19,20],[22,10,11,23,18,14,2,6,24,12,19,20],[2,18,22,10,11,23,14,6,12,24],[2,6,22,14,18,10,11,23,12,24,19,20],[22,10,11,23,2,18,14,6,12,24,19,20],[14,10,6,22,23,11,18,2,24,19,12,20],[14,10,2,18,22,11,23,6,24,7,19,20,12],[22,10,23,11,2,18,14,6,7,24,4,19,20,12],[2,22,6,10,23,11,14,18,24,19,12,20],[22,6,10,23,11,2,14,18,12,24,19,20],[2,6,10,14,18,22,23,11,24,19,12,20],[18,6,22,10,23,11,2,14,12,24,19,20],[10,22,23,11,14,6,18,2,12,24,19,20],[18,6,10,2,14,22,23,11,12,24,17],[6,22,18,2,10,23,11,14,12,24,19,20],[2,6,14,18,10,22,23,11,24,13,1,19,7,20,12],[18,10,22,23,11,14,2,6,12,24,19,20],[6,14,22,10,11,23,18,2,24,19,20,12],[2,14,18,22,6,10,23,11,12,24,19,20],[22,18,10,11,23,14,2,6,24,19,12,20],[14,22,6,18,2,10,23,11,24,12],[2,10,18,6,22,11,23,14,24,20,19,12],[18,2,6,22,14,10,23,11,12,24,19,20],[10,18,14,22,11,23,6,2,12,24,19,20],[14,18,6,2,22,10,11,23,12,24,19,20],[22,14,2,6,18,10,11,23,12,24,19,20,9],[14,6,2,10,22,11,23,18,24,16,13,19,20,12],[14,2,18,6,10,22,11,23,12,24,19,20],[18,22,6,10,11,23,2,14,12,24,19,20],[18,14,10,2,6,22,11,23,12,24,20,19],[22,14,2,18,6,10,11,23,24,20,19,12],[18,2,22,10,23,11,6,14,12,24,19,20],[10,2,6,22,11,23,18,14,24,17],[10,2,6,18,22,11,23,14,24,19,20,12],[22,18,10,23,11,14,2,6,24,12,19,20],[22,14,18,2,10,23,11,6,24,12,17],[22,6,14,18,10,11,23,2,24,19,12,20],[2,22,18,6,14,10,23,11,12,24,19,20],[6,22,10,11,23,18,14,2,12,24,19,20],[18,10,22,23,11,6,14,2,12,24,19,20],[14,18,2,10,22,23,11,6,9,24,19,20,12],[22,14,2,10,11,23,6,18,24,19,20,12],[10,6,2,14,22,11,23,18,24,20,19,12],[6,10,18,22,23,11,2,14,12,24,19,20],[18,6,22,14,10,23,11,2,12,24,20,19],[22,18,2,10,11,23,6,14,24,20,12,19],[22,14,6,18,2,10,11,23,24,19,12,20],[14,18,2,10,22,11,23,6,24,19,20,12],[6,14,18,10,2,22,11,23,24,4,12,19,20],[10,22,11,23,18,2,6,14,12,24,19,20],[14,22,2,6,10,23,11,18,12,24,19,20],[6,2,10,18,22,11,23,14,12,24,19,20],[14,2,22,6,18,10,23,11,12,24,19,20],[14,10,18,6,22,11,23,2,24,4,7,19,20,12],[14,22,10,23,11,18,6,2,12,24,19,20],[18,2,14,22,10,23,11,6,24,17],[6,10,22,11,23,14,18,2,12,24,19,20],[2,22,14,10,11,23,18,6,12,24,19,20],[18,14,10,2,22,23,11,6,24,19,20,12],[10,6,2,14,18,22,23,11,12,24,19,20],[18,10,14,2,22,23,11,6,24,20,19,12],[6,2,10,18,22,23,11,14,12,24,19,20],[2,6,18,10,22,11,23,14,24,17],[18,2,14,10,22,23,11,6,24,19,20,12],[2,6,18,14,10,22,23,11,24,16,19,12,20],[6,10,22,11,23,14,2,18,12,24,19,20],[6,18,2,22,14,10,23,11,24,12,19,20],[18,6,22,14,2,10,11,23,24,20,19,12],[22,6,10,23,11,2,14,18,24,19,12,20],[2,18,22,6,10,23,11,14,24,8,19,12,20],[2,6,22,10,23,11,18,14,24,19,20,12],[10,18,6,14,22,23,11,2,24,15,8,7,12],[6,2,22,10,23,11,18,14,12,24],[18,2,14,6,22,10,23,11,12,24,19,20],[22,10,11,23,14,18,6,2,24,5,19,12,20],[18,10,22,23,11,14,2,6,24,12,19,20],[10,18,22,11,23,6,14,2,12,24,19,20],[14,10,6,22,23,11,2,18,24,19,20,12],[18,10,6,2,22,23,11,14,24,17],[14,10,2,6,18,22,23,11,24,19,20,12],[2,10,14,22,11,23,18,6,24,5,19,20,12],[14,6,10,2,18,22,11,23,12,24,19,20],[2,18,22,10,11,23,6,14,24,19,12,20],[6,22,14,10,23,11,18,2,12,24,19,20],[14,2,22,6,18,10,11,23,12,24],[6,22,14,10,23,11,18,2,24,12,19,20],[6,18,14,2,22,10,23,11,24,19,12,20],[14,10,22,11,23,18,6,2,12,24,19,20],[10,22,23,11,14,6,18,2,12,24,19,20],[6,18,22,2,10,23,11,14,12,24,19,20],[6,2,18,22,10,23,11,14,12,24,19,20],[18,14,22,10,23,11,6,2,24,17],[10,18,2,14,6,22,11,23,24,21,1,7,12,19,20],[10,2,22,11,23,6,18,14,12,24],[10,6,22,11,23,2,18,14,12,24,21,19,20],[18,22,14,6,2,10,23,11,24,4,13,12],[2,6,14,22,18,10,11,23,12,24,19,20],[22,2,10,11,23,6,14,18,24,17],[18,6,2,14,22,10,23,11,24,12,19,20],[14,10,6,18,22,11,23,2,12,24,19,20],[6,22,18,10,11,23,2,14,12,24,19,20],[10,22,23,11,14,18,2,6,12,24],[14,18,6,22,10,23,11,2,24,19,20,12],[6,22,10,11,23,18,2,14,24,19,12,20],[18,10,6,2,14,22,23,11,12,24,19,20],[6,10,14,2,22,23,11,18,24,20,19,12],[2,10,14,6,22,23,11,18,12,24,19,20],[22,10,11,23,18,6,2,14,24,19,20,12],[18,14,22,6,10,23,11,2,24,5,12,19,20],[10,6,22,23,11,2,18,14,24,19,12,20],[18,2,14,22,6,10,23,11,24,20,19,12],[22,18,14,6,2,10,11,23,24,12,19,20],[22,18,6,14,10,11,23,2,24,19,12,20],[22,14,2,18,10,23,11,6,24,5,17],[6,22,18,2,10,23,11,14,24,17],[18,2,10,6,22,23,11,14,12,24,19,20],[18,14,10,6,22,11,23,2,12,24,19,20],[10,18,14,22,23,11,2,6,24,16,19,12,20],[14,2,22,18,6,10,23,11,24,12,19,20],[6,14,2,18,10,22,11,23,24,19,12,20],[10,14,18,22,23,11,6,2,12,24,17],[10,2,6,22,23,11,18,14,24,19,12,20],[14,6,18,22,2,10,11,23,24,20,19,12],[18,10,14,22,11,23,2,6,12,24,19,20],[6,2,10,18,22,23,11,14,24,19,20,12],[6,10,2,14,18,22,11,23,20,12,24,19],[22,18,14,6,10,23,11,2,24,19,12,20],[10,18,22,23,11,14,6,2,24,12,19,20],[22,2,10,11,23,18,14,6,12,24,20,19],[6,14,22,18,2,10,23,11,12,24,19,20],[10,14,22,23,11,6,2,18,24,19,5,20,12],[18,2,6,14,10,22,11,23,24,20,19,12],[2,6,22,14,18,10,23,11,12,24,19,20],[10,14,6,2,22,23,11,18,24,21,19,12,20],[6,18,14,10,2,22,23,11,24,3,12,4,19,20,9,17],[6,2,22,10,11,23,18,14,24,20,19,12],[22,2,6,18,14,10,23,11,24,19,12,20],[6,10,18,22,23,11,14,2,12,24,19,20],[14,10,2,18,22,11,23,6,12,24,19,20],[6,22,2,18,10,23,11,14,24,19,12,20],[22,10,11,23,2,6,14,18,12,24,19,20],[10,22,23,11,6,2,18,14,24,19,20,12],[14,18,6,10,22,23,11,2,24,19,12,20],[10,2,6,22,23,11,18,14,12,24,19,20],[14,18,6,10,22,23,11,2,24,17],[10,6,2,14,22,11,23,18,12,24,19,20],[18,6,2,22,14,10,11,23,24,12,19,20],[10,6,22,11,23,14,18,2,12,24,19,20],[14,18,6,2,22,10,11,23,24,19,20,12],[2,6,10,14,22,11,23,18,24,20,19,12],[10,6,18,14,22,23,11,2,24,17],[22,18,14,2,6,10,11,23,24,12,19,20],[6,22,18,2,10,23,11,14,24,12,19,20],[22,6,2,18,10,23,11,14,24,19,12,20],[10,14,22,11,23,18,6,2,24,19,12,20],[22,2,6,10,11,23,14,18,24,19,12,20],[6,2,22,10,11,23,14,18,24,5,19,20,12],[14,18,6,22,10,11,23,2,12,24,19,20],[22,14,2,10,23,11,6,18,24,19,12,20],[18,6,22,2,14,10,23,11,24,12,19,20],[22,6,18,10,11,23,2,14,12,24,19,20],[22,10,23,11,14,18,6,2,24,19,12,20],[14,2,10,18,22,11,23,6,24,19,20,12],[6,14,18,10,22,23,11,2,24,7,19,20,12],[2,18,10,14,6,22,11,23,12,24,19,20],[2,22,10,11,23,14,6,18,24,19,12,20],[18,14,10,2,22,11,23,6,12,24,19,20],[6,2,18,14,22,10,23,11,24,12,19,20],[6,14,18,2,10,22,23,11,12,24,19,20],[2,18,6,14,22,10,11,23,24,12,19,20],[22,6,2,14,18,10,23,11,12,24,19,20],[2,14,22,6,10,11,23,18,12,24,19,20],[10,18,14,2,6,22,23,11,24,20,19,12],[2,22,14,10,23,11,6,18,12,24,19,20],[10,18,14,6,22,23,11,2,12,24,19,20],[14,22,18,10,23,11,6,2,24,19,20,12],[10,18,22,23,11,2,6,14,12,24,19,20],[2,14,6,18,10,22,23,11,24,7,19,12,20],[2,10,18,22,23,11,14,6,24,19,20,12],[18,6,10,2,14,22,23,11,12,24,8],[2,22,10,11,23,6,14,18,24,20,19,12],[14,6,10,18,2,22,23,11,12,24,19,20],[14,6,2,18,22,10,11,23,12,24],[22,10,23,11,6,2,14,18,24,19,12,20],[22,6,14,10,23,11,2,18,12,24,19,20],[2,18,22,14,6,10,23,11,12,24,19,20],[2,22,14,18,10,11,23,6,24,19,12,20],[14,2,6,10,18,22,11,23,12,24],[14,10,2,18,6,22,23,11,24,7,9,19,20,12],[2,10,14,6,22,23,11,18,12,24,19,20],[10,22,23,11,14,2,6,18,24,19,20,12],[2,18,6,10,14,22,23,11,24,12,19,20],[18,14,2,6,10,22,11,23,12,24,19,20],[14,2,10,6,22,11,23,18,24,19,12,20],[6,22,14,18,2,10,23,11,12,24,1,19,20,9,17],[14,10,6,22,11,23,18,2,12,24,19,20],[6,22,18,14,10,23,11,2,24,19,12,20],[6,18,2,14,10,22,23,11,24,16,19,12,20],[2,6,14,10,22,23,11,18,9,24,19,12,20],[6,14,18,10,2,22,11,23,24,12,19,20],[14,22,2,10,11,23,18,6,12,24,19,20],[14,6,10,18,22,23,11,2,12,24,21,19,20],[14,10,2,6,18,22,23,11,24,12,19,20],[18,2,14,22,10,23,11,6,24,19,20,12],[22,10,11,23,14,6,18,2,12,24,19,20],[10,22,11,23,14,6,2,18,24,12,19,20],[18,22,6,10,11,23,14,2,24,12,19,20],[6,22,14,2,18,10,23,11,24,19,20,12],[18,2,14,10,6,22,23,11,12,24,19,20],[14,6,2,18,10,22,11,23,24,19,20,12],[22,10,23,11,6,14,18,2,12,24,19,20],[14,18,2,10,6,22,23,11,24,21,12,19,20],[18,14,6,10,22,23,11,2,12,24,19,20],[22,18,14,6,10,23,11,2,24,16,17],[2,6,14,18,22,10,11,23,24,12,20,19],[22,10,23,11,6,18,2,14,24,19,20,12],[10,2,6,22,23,11,18,14,12,24,19,20],[6,2,22,18,14,10,11,23,24,20,19,12],[2,22,18,6,14,10,11,23,24,19,12,20],[6,22,2,14,10,23,11,18,24,19,12,20],[18,6,10,2,22,23,11,14,24,20,19,12],[22,6,2,10,11,23,18,14,12,24,19,20],[2,10,14,18,6,22,11,23,24,7,19,12,20],[2,18,6,14,10,22,11,23,24,8,19,12,20],[14,6,22,2,10,11,23,18,12,24,19,20],[18,14,2,6,10,22,23,11,12,24,17],[6,14,18,10,2,22,11,23,12,24,19,20],[14,22,10,23,11,18,2,6,12,24,7],[6,22,2,14,10,11,23,18,24,12,19,20],[18,14,10,6,22,11,23,2,12,24,19,20],[22,14,10,11,23,18,2,6,12,24,19,20],[22,2,10,23,11,6,14,18,24,7,20,19,12],[18,2,6,22,14,10,23,11,12,24],[18,6,2,10,14,22,23,11,12,24],[6,2,10,18,14,22,11,23,24,3,12,4,19,20,17],[10,18,14,6,22,11,23,2,12,24,17],[6,22,18,2,10,23,11,14,24,19,20,12],[10,22,23,11,6,2,14,18,12,24,19,20],[14,22,2,6,18,10,11,23,12,24,19,20],[18,6,2,14,10,22,11,23,24,7,12],[6,10,2,14,18,22,11,23,12,24],[2,22,14,10,11,23,6,18,12,24,19,20],[10,2,6,14,18,22,11,23,12,24,19,20],[10,22,23,11,14,18,6,2,12,24,19,20],[10,6,14,18,22,11,23,2,24,19,12,20],[2,18,10,14,6,22,11,23,24,12,19,20],[6,10,14,2,18,22,23,11,24,19,12,20],[2,18,14,6,10,22,23,11,12,24,19,20],[14,10,18,6,22,11,23,2,12,24,19,20],[6,14,22,2,10,23,11,18,24,12,19,20],[2,14,22,10,11,23,18,6,24,19,12,20],[6,22,10,23,11,18,14,2,24,19,20,12],[14,2,10,22,11,23,18,6,24,12,19,20],[2,18,14,6,22,10,23,11,24,19,20,12],[2,22,14,6,10,11,23,18,12,24,19,20],[2,14,6,18,10,22,23,11,24,12,19,20],[14,6,10,18,22,23,11,2,12,24,19,20],[22,10,23,11,2,18,6,14,24,20,19,12],[6,14,18,10,22,23,11,2,24,12,20,19],[2,6,10,14,22,23,11,18,12,24,19,20],[2,14,10,6,18,22,11,23,24,19,20,12],[14,6,10,18,2,22,23,11,24,15,19,12,20],[10,6,2,22,11,23,18,14,17,24],[14,10,2,18,6,22,11,23,24,3,12,4,19,20,1,9],[14,18,2,10,22,23,11,6,24,21,17],[18,6,22,10,23,11,2,14,24,12,19,20],[6,18,10,2,14,22,11,23,12,24,7],[6,22,10,23,11,14,18,2,12,24,19,20],[22,14,6,18,2,10,11,23,12,24,19,20],[14,22,2,10,11,23,18,6,24,12,19,20],[18,14,6,2,10,22,23,11,24,12,19,20],[14,22,10,11,23,2,18,6,24,21,19,12,20],[18,6,14,22,2,10,23,11,24,12,19,20],[10,2,6,18,14,22,11,23,12,24,19,20],[6,18,22,10,23,11,14,2,24,19,20,12],[18,2,14,22,6,10,11,23,12,24],[10,6,14,18,2,22,11,23,12,24,19,20],[6,2,22,10,11,23,18,14,24,20,19,12],[18,10,2,22,11,23,6,14,24,19,20,12],[6,10,14,2,22,23,11,18,24,12,19,20],[18,14,10,2,6,22,23,11,24,19,12,20],[22,18,14,6,10,23,11,2,12,24,19,20],[18,22,6,14,2,10,11,23,12,24,19,20],[10,18,14,2,22,23,11,6,24,19,12,20],[18,6,14,10,22,11,23,2,12,24,19,20],[2,22,18,14,6,10,23,11,12,24],[22,10,11,23,18,2,14,6,19,12,20,24],[18,2,6,22,10,23,11,14,12,24,19,20],[10,18,6,2,14,22,11,23,24,9,19,12,20],[18,22,6,10,23,11,2,14,12,24,19,20],[14,2,18,22,6,10,23,11,24,20,19,12],[14,10,2,18,22,23,11,6,24,12,19,20],[22,10,11,23,2,18,6,14,24,19,12,20],[14,18,2,6,10,22,11,23,12,24,19,20],[6,2,14,10,18,22,11,23,12,24],[22,14,2,18,10,23,11,6,12,24,19,20],[14,6,22,2,18,10,11,23,24,19,20,12],[14,10,22,11,23,2,6,18,24,3,12,4,19,20,9,17],[10,14,2,18,6,22,23,11,12,24,19,20],[18,14,6,2,10,22,11,23,12,24,19,20],[6,18,14,10,22,11,23,2,12,24,19,20],[18,22,10,11,23,2,14,6,24,12,19,20],[14,22,18,2,10,11,23,6,24,19,12,20],[10,6,2,22,11,23,14,18,12,24,19,20],[14,10,18,6,22,23,11,2,12,24,19,20],[18,10,14,2,6,22,11,23,24,4,3,12,19,20,9,17],[22,10,11,23,14,6,18,2,12,24,19,20],[10,22,11,23,14,6,2,18,24,17],[18,6,10,22,23,11,14,2,12,24,19,20],[22,10,23,11,6,18,14,2,24,12,19,20],[18,2,14,10,6,22,11,23,12,24,4],[6,10,18,22,11,23,14,2,12,24,19,20],[10,6,2,14,18,22,23,11,24,19,20,12],[14,10,18,2,22,11,23,6,12,24,19,20],[18,22,2,10,11,23,14,6,24,1,20,19,12,17],[14,2,10,22,23,11,18,6,12,24,19,20],[14,2,22,6,10,23,11,18,24,19,12,20],[10,2,14,6,18,22,23,11,24,19,20,12],[6,18,10,14,22,11,23,2,12,24,19,20],[18,22,2,6,10,23,11,14,24,12,19,20],[18,14,6,10,2,22,11,23,24,19,20,12],[6,18,22,14,2,10,11,23,24,12,19,20],[18,2,14,10,6,22,11,23,24,19,12,20],[6,22,2,18,10,11,23,14,24,17],[6,22,2,10,23,11,18,14,12,24,19,20],[18,10,6,2,14,22,23,11,24,13,19,12,20],[10,6,2,14,18,22,23,11,12,24,19,20],[10,18,6,22,23,11,2,14,12,24],[14,2,10,18,6,22,23,11,24,4,19,12,20],[10,2,14,22,11,23,18,6,24,19,20,12],[2,14,22,18,6,10,11,23,19,24,20,12],[10,14,6,18,22,11,23,2,12,24,19,20],[2,14,6,22,10,23,11,18,12,24],[18,22,10,11,23,6,14,2,24,13,21,15,7,12],[6,22,18,2,10,23,11,14,12,24,19,20],[22,18,14,10,23,11,2,6,12,24],[22,6,18,2,10,11,23,14,24,19,12,20],[10,2,14,6,18,22,23,11,24,5,20,19,12],[18,6,14,2,22,10,23,11,12,24,19,20],[18,2,22,10,23,11,14,6,24,12,19,20],[22,2,18,6,10,11,23,14,24,7,19,20,12],[2,6,10,22,11,23,18,14,24,20,19,12],[10,14,2,22,23,11,6,18,24,19,12,20],[6,22,14,18,10,11,23,2,24,19,20,12],[2,6,14,10,22,11,23,18,12,24,19,20],[18,22,6,2,10,11,23,14,24,19,12,20],[18,2,10,14,22,23,11,6,24,12,19,20],[14,22,10,11,23,2,6,18,24,20,19,12],[10,22,11,23,6,14,2,18,24,19,12,20],[2,18,10,6,14,22,11,23,12,24,19,20],[10,6,22,23,11,14,18,2,24,8,5,17],[2,6,22,14,10,23,11,18,24,12,19,20],[10,18,6,14,2,22,23,11,24,1,19,20,12,7],[22,2,14,10,23,11,6,18,12,24],[22,14,6,2,18,10,23,11,24,16,20,19,12],[22,2,6,10,23,11,18,14,24,19,12,20],[10,18,14,2,6,22,23,11,12,24,19,20],[22,14,18,2,6,10,23,11,24,12,19,20],[14,10,2,18,6,22,11,23,12,24,19,20],[2,14,6,22,18,10,11,23,24,12,19,20],[18,22,2,10,11,23,14,6,24,8,16,9,19,20,12],[2,10,14,18,6,22,23,11,24,17],[10,6,14,2,22,11,23,18,24,1,19,12,20,17],[6,18,10,14,22,23,11,2,24,19,20,12],[14,6,2,22,10,23,11,18,12,24,19,20],[2,14,10,22,23,11,18,6,12,24,19,20],[10,22,11,23,6,18,2,14,12,24,19,20],[22,2,10,11,23,6,14,18,12,24,19,20],[10,6,18,2,14,22,23,11,16,24,9,17,12],[2,10,14,6,18,22,23,11,24,17],[18,14,6,22,2,10,23,11,12,24,19,20],[6,14,18,2,10,22,11,23,12,24],[6,14,10,18,2,22,11,23,12,24,19,20],[6,18,2,10,22,23,11,14,24,19,12,20],[2,6,22,10,11,23,14,18,24,12,19,20],[14,22,2,18,10,23,11,6,24,19,20,12],[10,2,22,11,23,18,6,14,12,24,19,20],[2,22,14,6,10,11,23,18,24,19,12,20],[2,18,6,10,14,22,11,23,24,19,12,20],[6,2,22,18,10,11,23,14,24,19,20,12],[10,6,14,18,2,22,11,23,24,13,19,20,12],[10,6,18,14,2,22,23,11,24,21,13,12,19,20],[22,14,18,10,23,11,2,6,24,19,20,12],[6,10,2,14,18,22,11,23,12,24,19,20],[10,6,2,18,22,23,11,14,12,24,19,20],[22,10,23,11,18,6,2,14,12,24,19,20],[10,6,22,11,23,14,2,18,24,19,20,12],[10,6,14,2,18,22,11,23,24,19,20,12],[14,22,10,11,23,2,6,18,12,24,19,20],[22,18,2,14,10,23,11,6,12,24,19,20],[2,10,14,18,22,11,23,6,24,13,20,19,12],[22,18,6,14,10,11,23,2,24,19,20,12],[14,22,2,10,11,23,18,6,24,19,20,12],[22,10,11,23,6,14,18,2,24,17],[2,10,6,14,22,23,11,18,12,24,17],[18,22,2,6,14,10,11,23,19,24,12,20],[6,14,10,22,23,11,18,2,24,19,12,20],[2,10,14,6,18,22,11,23,12,24,17],[2,10,22,11,23,14,18,6,12,24,19,20],[2,14,10,18,22,23,11,6,24,8,19,12,20],[2,18,6,14,22,10,23,11,24,12],[18,2,14,22,6,10,11,23,24,19,20,12],[18,10,22,23,11,2,6,14,12,24,19,20],[2,14,18,10,22,23,11,6,24,19,12,20],[18,10,22,11,23,2,14,6,24,21,19,12,20],[18,2,14,6,10,22,23,11,24,19,12,20],[6,10,18,14,22,23,11,2,24,12,19,20],[6,2,18,14,10,22,23,11,12,24,20,19],[6,2,22,14,18,10,23,11,24,7,19,12,20],[6,18,2,10,22,11,23,14,12,24,19,20],[18,22,2,10,11,23,14,6,12,24,19,20],[10,2,18,6,22,11,23,14,12,24,19,20],[14,18,10,6,2,22,23,11,12,24],[6,10,2,18,22,23,11,14,12,24,19,20],[2,22,6,10,11,23,18,14,24,19,12,20],[22,18,6,2,14,10,11,23,24,20,19,12],[10,6,22,11,23,14,18,2,24,19,20,12],[2,10,6,14,18,22,11,23,24,19,12,20],[2,22,18,14,6,10,11,23,12,24,19,20],[14,2,22,6,10,11,23,18,24,12,19,20],[6,22,14,10,11,23,2,18,24,13,20,19,12],[10,6,18,14,2,22,11,23,24,12,19,20],[2,18,6,22,10,11,23,14,24,21,17],[6,2,18,10,22,11,23,14,24,17],[22,6,18,14,2,10,11,23,12,24,19,20],[18,2,10,6,22,23,11,14,24,12,19,20],[22,18,2,14,10,23,11,6,24,12,19,20],[22,10,23,11,18,2,14,6,7,12,24],[2,18,10,22,11,23,14,6,24,20,19,12],[22,14,2,6,10,23,11,18,24,12,19,20],[2,10,14,18,6,22,23,11,24,17],[22,2,6,18,14,10,23,11,24,19,20,12],[2,6,14,22,10,23,11,18,24,19,20,12],[14,2,18,6,10,22,11,23,12,24,19,20],[14,22,18,2,6,10,23,11,24,19,20,12],[14,22,2,6,18,10,23,11,12,24,19,20],[10,6,18,14,22,23,11,2,24,1,19,20,12,17],[6,18,22,10,23,11,2,14,7,24,12],[2,14,22,6,10,23,11,18,12,24,19,20],[6,22,2,14,10,23,11,18,12,24,19,20],[2,14,10,22,23,11,6,18,12,24,19,20],[10,18,14,22,11,23,6,2,12,24,19,20],[10,18,2,14,6,22,11,23,12,24,19,20],[22,6,14,18,2,10,23,11,12,24,19,20],[2,14,22,18,6,10,23,11,12,24,19,20],[6,18,22,2,10,23,11,14,12,24,19,20],[6,18,14,10,2,22,11,23,12,24],[2,10,6,14,22,23,11,18,12,24,19,20],[22,14,18,10,23,11,6,2,12,24,19,20],[2,22,14,10,23,11,18,6,24,19,12,20],[10,6,22,23,11,2,14,18,24,19,12,20],[14,6,10,2,22,11,23,18,24,19,20,12],[18,6,22,14,2,10,11,23,12,24,19,20],[18,10,2,22,11,23,14,6,12,24,16,19,20],[18,2,14,6,10,22,11,23,19,12,24,20],[22,6,18,2,14,10,23,11,12,24,19,20],[18,2,6,14,10,22,11,23,24,19,20,12],[10,14,18,6,2,22,23,11,24,5,13,19,12,20],[18,6,22,10,11,23,2,14,12,24,19,20],[14,18,6,10,2,22,11,23,12,24,19,20],[22,6,14,18,10,11,23,2,24,12,19,20],[18,2,22,14,6,10,23,11,12,24,19,20],[18,10,6,22,23,11,2,14,24,7,12],[10,2,14,22,23,11,18,6,24,12,19,20],[10,18,6,14,2,22,23,11,24,20,19,12],[22,2,10,23,11,6,18,14,12,24,19,20],[2,14,22,6,10,11,23,18,12,24],[22,2,18,6,14,10,23,11,24,9,19,20,12],[22,10,11,23,14,18,6,2,24,17],[10,2,22,23,11,14,6,18,24,12,19,20],[6,2,10,14,18,22,11,23,24,12,19,20],[22,6,10,11,23,2,14,18,24,12,19,20],[22,6,2,18,10,23,11,14,12,24],[18,10,22,11,23,6,2,14,24,12,19,20],[6,22,18,14,10,11,23,2,12,24,19,20],[18,10,2,14,22,11,23,6,24,19,20,12],[18,2,22,14,10,23,11,6,24,19,12,20],[2,10,22,11,23,6,18,14,12,24,19,20],[2,10,14,22,11,23,18,6,12,24,19,20],[6,2,14,18,22,10,23,11,12,24,19,20],[18,10,22,23,11,6,14,2,12,24,19,20],[18,22,10,11,23,6,14,2,24,12],[22,10,11,23,18,14,6,2,24,1,20,19,12,17],[18,14,6,10,2,22,23,11,24,20,19,12],[2,18,10,22,23,11,14,6,24,19,20,12],[14,22,6,10,11,23,2,18,12,24,19,20],[22,14,6,2,18,10,23,11,24,19,12,20],[6,18,2,22,14,10,23,11,12,24,19,20],[18,6,22,14,2,10,23,11,12,24,19,20],[22,10,11,23,14,18,6,2,12,24,19,20],[14,18,22,6,10,11,23,2,24,16,19,20,12],[14,22,10,11,23,2,18,6,12,24,19,20],[18,14,10,22,23,11,2,6,24,4,5,19,20,12],[10,14,22,23,11,2,6,18,24,12,19,20],[2,14,22,6,18,10,11,23,12,24,20,19],[6,10,22,23,11,18,14,2,24,19,12,20],[10,14,22,11,23,6,18,2,24,17],[2,22,18,10,11,23,6,14,24,12,19,20],[6,10,18,2,14,22,11,23,24,19,3,4,12,20,17],[10,2,14,22,11,23,6,18,12,24],[22,10,11,23,18,14,6,2,12,24,19,20],[10,14,22,23,11,2,18,6,24,19,20,12],[2,22,14,10,11,23,6,18,12,24,19,20],[22,18,10,23,11,6,14,2,24,12,19,20],[18,14,22,2,6,10,11,23,24,8,12],[2,14,10,6,18,22,23,11,24,5,20,19,12],[22,18,10,23,11,14,6,2,24,12,19,20],[14,10,18,6,22,11,23,2,12,24,19,20],[14,22,18,2,10,11,23,6,24,15,19,20,12],[22,6,18,14,2,10,23,11,24,19,12,20],[6,14,22,10,23,11,2,18,12,24,19,20],[10,6,22,11,23,18,2,14,12,24,19,20],[14,10,6,22,23,11,2,18,12,24,19,20],[2,18,6,14,10,22,11,23,24,19,20,12],[22,2,6,18,10,23,11,14,12,24,19,20],[18,22,10,23,11,2,6,14,24,17],[10,22,11,23,18,6,14,2,24,19,20,12],[10,2,22,23,11,6,18,14,12,24,19,20],[2,18,22,6,14,10,23,11,24,7,12],[18,10,2,6,22,23,11,14,12,24,19,20],[22,10,11,23,6,2,18,14,12,24,19,20],[22,10,11,23,14,6,2,18,12,24,19,20],[18,22,2,6,10,11,23,14,24,21,4,8],[6,10,2,14,18,22,11,23,21,24,17],[2,22,14,6,10,11,23,18,24,12,19,20],[22,18,10,11,23,14,6,2,24,19,20,12],[18,10,22,23,11,6,14,2,12,24,19,20],[22,10,11,23,2,6,14,18,12,24,19,20],[10,14,2,18,22,11,23,6,24,19,12,20],[6,2,18,22,14,10,23,11,24,12,19,20],[14,10,6,22,23,11,18,2,12,24,19,20],[2,18,6,22,14,10,23,11,12,24,19,20],[22,14,18,2,10,23,11,6,12,24],[2,22,18,10,23,11,14,6,24,19,20,12],[14,18,10,2,22,23,11,6,12,24,19,20],[22,10,23,11,14,18,2,6,12,24,19,20],[6,14,10,22,23,11,18,2,24,19,20,12],[14,10,18,22,23,11,2,6,12,24,19,20],[18,10,14,2,6,22,11,23,12,24,19,20],[6,2,10,22,23,11,18,14,12,24,19,20],[14,6,2,10,22,11,23,18,12,24,19,20],[18,6,14,10,22,23,11,2,24,13,12,19,20],[6,22,18,14,10,11,23,2,12,24,19,20],[6,10,22,23,11,2,14,18,12,24],[2,10,6,14,22,11,23,18,24,12,20,19],[6,22,18,10,23,11,14,2,12,24],[14,10,6,2,22,11,23,18,12,24,19,20],[10,22,23,11,14,6,2,18,12,24,19,20],[6,14,18,10,22,11,23,2,24,12,19,20],[22,10,23,11,18,14,2,6,12,24],[14,2,6,22,18,10,11,23,12,24,19,20],[10,18,14,6,22,23,11,2,24,9,19,20,12],[10,14,18,2,22,23,11,6,24,15,13,19,20,12],[6,22,10,23,11,14,2,18,12,24,19,20],[14,2,10,22,23,11,18,6,12,24,19,20],[22,10,23,11,6,2,14,18,12,24,19,20],[10,2,22,23,11,6,18,14,12,24,19,20],[2,18,6,22,14,10,11,23,24,9,19,20,12],[22,2,14,6,18,10,11,23,12,24,19,20],[14,18,22,2,10,11,23,6,24,1,19,20,12,9,17],[22,14,10,23,11,18,2,6,24,19,12,20],[2,6,18,10,22,23,11,14,24,13,12,19,20],[18,2,14,10,6,22,23,11,24,19,12,20],[22,10,23,11,2,18,6,14,24,19,12,20]],"n_human":7}