{"problem_id":"JIPesL4bOLd69Hj","sigma":150,"alpha":1.000,"cost":0,"probabilities":"[0.17, 0.19, 0.58, 0.06]","payoff_matrix":"[[372, 35, -56, 60, -160, -148], [-163, -124, 124, 157, -99, -2], [-119, -52, 9, -42, 153, 5], [-275, -182, -59, -132, 108, 106]]","uncovered":[[19,3,15,7,23,11,9,22,20,17,10,18,21,14,13,6,24,5,12,4,8,2,16,1],[19,7,23,15,3,11,10,17,18,9,22,21,13,6,14,5,1,2,20,4,12,8],[19,3,15,7,11,23,17,10,18,9,22,21,13,6,14,8,16,1,2,12,4,5,24,20],[19,15,11,3,7,23,9,20,16,22,4,14,17,18,10,21,6,13,5,1,2,24,8,12],[3,7,11,15,19,23,20,18,9,21,22,13,10,12,17,5,14,1,2,6,8,16],[3,23,11,19,7,15,9,17,22,18,21,10,14,13,6,16,12,2,4,5,24,20,1,8],[15,7,23,3,11,19,12,20,22,17,10,18,9,21,14,13,5,6,4],[3,23,19,11,7,15,18,10,17,9,22,21,16,6,13,14,20,12,5,2,24],[11,19,3,23,7,15,18,9,21,22,14,8,13,17,10,6,1,2,12,16,4,24,5,20],[19,23,7,3,11,15,24,20,21,10,18,9,13,17,5,22,14,4,8],[7,11,19,23,15,3,10,18,17,9,22,21,14,13,5,6,1,2,20,4,16,12,8,24],[19,15,11,3,7,23,10,18,9,21,17,13,8,14,5,22,6,1,2,16,12,4],[19,15,3,23,11,7,12,22,17,10,18,9,21,16,6,14,13,1,2,5,20,8,24,4],[15,7,19,3,23,11,18,10,17,9,22,21,13,6,14,5,4,24,2,16,20,12,8],[23,7,15,19,11,3,18,9,22,6,13,21,20,17,10,14,1,2,8,16,4,24,12,5],[3,19,23,15,7,11,9,21,6,20,10,18,17,13,14,24,22,5,2,4,12,16,8],[19,11,23,7,15,3,17,10,18,9,22,21,13,14,5,6,12,2,8,16,4,24,20],[19,15,11,23,3,7,12,10,18,17,9,22,21,14,13,6,1,2,16,24,4,8],[7,3,15,11,23,19,24,17,22,10,18,9,21,14,13,8,6,20,1,2],[3,23,19,7,15,11,17,10,18,9,22,21,14,13,8,5,12,4,24,6,2,20],[3,19,15,7,23,11,10,18,17,9,22,21,14,13,8,5,20,4,1,2,24,12,16,6],[19,11,23,15,7,3,18,10,9,22,17,21,14,13,8,6,12,16,1,2,20,24,4,5],[15,11,23,19,3,7,12,21,17,10,18,9,14,13,8,6,22,20,4,5,2,16],[11,3,7,15,23,19,9,18,22,14,13,17,21,10,6,2,12,8,20,5,16,1,24],[15,3,19,7,23,11,17,10,18,9,22,21,14,13,6,16,12,5,20,1,2,8,4,24],[11,3,7,23,19,15,10,18,17,9,22,21,14,13,6,2,16,20,24,1,5,4,8,12],[19,11,3,15,23,7,10,18,17,9,22,21,16,8,13,6,14,2,20,24,4,1,12],[19,23,15,3,11,7,17,10,18,9,22,21,13,14,5,8,24,4,16,2,1,6,12],[23,3,15,19,11,7,10,18,17,9,22,21,14,13,5,6,12,2,16,4,20,24],[11,7,23,19,3,15,20,10,18,9,22,17,21,14,13,8,5,2,24,12,1,16,6,4],[23,15,3,7,11,19,12,20,21,10,18,17,9,13,5,14,4,6,22,2,8,16],[15,3,7,11,23,19,17,9,22,18,21,10,13,8,14,5,24,6,16,4,12,1,2,20],[19,15,7,23,3,11,20,21,12,17,10,18,9,14,13,8,6,22,1,2,24,16,5],[11,19,3,23,15,7,21,9,18,14,22,10,17,13,8,6,1,2,16,5,4,12],[11,3,7,19,23,15,17,10,18,9,22,21,14,13,6,5,16,8,4,20,24,2],[3,23,11,19,7,15,20,10,18,9,22,14,17,13,21,8,5,6,4,24,1,2,16,12],[11,23,19,7,3,15,18,10,17,9,22,21,13,8,14,5,24,2,12,1,6,16,4,20],[23,15,19,7,11,3,18,10,17,9,22,21,16,5,14,13,6,4,8,12,1,2],[7,23,11,19,3,15,12,24,18,22,10,9,17,21,14,13,6,2,20,8,16,5,1,4],[7,3,19,15,11,23,21,18,9,10,17,13,14,5,6,22,20,1,2,24,4],[7,23,15,3,19,11,20,16,18,10,9,22,17,21,8,6,14,13,2,24,1,5],[3,11,15,19,7,23,9,18,22,16,17,21,10,5,13,14,6,20],[7,23,11,3,15,19,24,20,22,18,12,10,17,9,21,13,8,14,16,6,1,2,4,5],[19,11,15,23,3,7,12,22,9,18,10,1,17,21,2,13,14,6,20,4],[7,15,11,23,3,19,17,10,18,9,22,21,14,13,5,8,6,1,2,20,24,12,16,4],[19,3,11,15,7,23,22,12,17,10,18,9,21,13,5,14,6,20,4,8,16,24,2,1],[3,23,19,7,11,15,9,20,21,4,22,1,6,5,18,16,12,10,13,17,14,2,24],[11,19,23,15,7,3,10,18,17,9,22,21,16,6,13,14,20,2,1,8],[19,7,3,11,23,15,24,18,22,10,17,9,21,14,13,6,1,2,20,4,8,12,16],[19,15,7,11,23,3,21,18,12,10,17,9,14,13,6,22,4,24,2,8,5,16,20,1],[11,7,3,19,23,15,22,9,20,18,10,17,21,13,8,14,6,5,4,1,2,12,24,16],[19,3,7,15,11,23,21,10,18,9,17,13,5,14,22,6,24,2,8,12,1,16,20],[3,11,19,23,15,7,9,18,24,21,22,16,17,10,8,13,5,14,20,6,2],[11,23,15,7,19,3,9,20,17,22,10,18,21,14,13,6,2,24,1,5],[3,23,7,11,15,19,18,10,9,22,17,21,14,13,6,1,2,5,20,4,24],[3,23,7,15,11,19,20,10,18,21,9,16,17,6,22,13,14,12,4,1,2,24,8,5],[23,3,7,11,19,15,20,10,18,12,22,17,9,21,14,13,6,4,24,16,1,5,2],[15,11,3,23,19,7,17,10,18,9,22,21,14,13,6,12,1,2,16],[11,15,23,3,19,7,20,10,18,9,24,22,14,17,21,13,8,5,2,6,12,1],[11,7,23,19,3,15,17,10,18,9,22,21,13,6,14,20,8,24,2,16,1,5,12,4],[7,19,3,11,15,23,21,18,10,17,9,16,5,13,14,22,8,20,12,2],[7,11,23,19,3,15,18,21,9,10,17,13,6,14,22,20,16,8,12,4,5,2,1,24],[15,3,19,11,23,7,18,12,21,10,17,9,16,5,14,13,6,24,22,1,2,8,20],[7,23,11,15,19,3,17,10,18,9,22,21,13,5,14,6,1,2,20,16],[19,3,23,11,15,7,12,20,14,10,18,21,17,9,13,8,6,24,22,1,2,4,16],[11,19,3,7,15,23,10,17,18,9,22,21,13,5,14,6,1,2,16,20,24,4,12],[3,19,23,15,7,11,10,18,9,24,22,17,21,13,14,5,8,20,2,1,12,6,4],[7,15,23,11,3,19,17,10,18,9,22,21,13,5,14,6,4,2,20,16,8,24,1],[19,7,11,15,3,23,12,17,22,10,18,9,21,13,6,14,8,4,16,20,5,2,24,1],[3,23,11,7,19,15,12,20,24,17,22,10,18,9,21,14,13,5,8,2,1,6,16],[3,7,15,23,11,19,12,22,18,10,17,9,21,16,8,14,13,5,20,6,24,1,2],[11,7,3,15,23,19,18,10,17,9,22,21,14,13,5,6,12,4,20,8,1,24,16,2],[23,7,19,15,11,3,12,20,24,17,22,10,18,9,21,16,8,13,5,1,2,14],[23,15,19,3,7,11,18,10,17,9,22,21,14,13,6,12,2,8,4,24,16,20,1],[15,3,23,7,11,19,18,9,22,6,10,17,21,14,13,24,2,12,16,20,4,5,8,1],[19,11,7,3,15,23,12,20,9,17,22,18,21,13,10,5,14,6,4,16,8,2,1,24],[3,19,15,7,11,23,10,18,17,9,22,21,14,13,6,16,8,5,2,24,20,12,4,1],[7,19,11,15,23,3,20,12,22,18,10,9,24,17,21,16,6,14,13,8,1,2,5,4],[3,11,7,19,15,23,24,20,16,12,22,18,10,17,9,21,8,13,14,6,2,4,5],[11,7,15,23,3,19,17,10,18,9,22,21,14,13,5,6,4,2,1,12,16],[3,23,11,19,15,7,18,10,17,9,22,21,14,13,5,6,2,12,8,20],[23,3,7,19,11,15,9,24,20,22,18,14,16,13,12,8,17,21,10,6,2,1,4,5],[7,19,15,23,3,11,9,20,8,17,24,21,13,12,16,6,18,10,22,14,4,2,1],[23,11,3,19,7,15,24,17,22,9,18,21,10,16,6,14,13,4,1,2,20,12,5,8],[11,23,15,3,19,7,9,6,18,22,24,16,20,13,5,12,14,8,17,21,10,1,2,4],[7,19,23,11,3,15,20,9,21,8,2,17,12,13,14,18,10,22,6,16,5,4],[7,15,23,3,11,19,9,21,20,4,2,18,14,16,1,17,10,5,13,6,24,22,12,8],[11,7,19,23,15,3,10,18,9,21,20,17,16,8,14,13,6,22,1,2,24,12],[3,23,19,15,11,7,20,24,12,22,18,10,9,17,21,13,8,14,6,1,2,4],[19,23,3,11,15,7,12,22,18,9,10,17,21,16,6,13,14,1,2,4,8,20],[23,19,3,7,15,11,17,10,18,9,22,21,14,13,5,8,6,20,24,12,1,2,16,4],[15,23,3,11,19,7,17,9,22,18,21,10,16,6,14,13,20,2,4,12],[15,19,7,23,3,11,18,9,22,16,4,21,14,17,10,13,5,8,2,24,6,20],[15,23,7,3,11,19,21,9,17,13,18,10,8,14,22,6,20,5,16,1,2,4],[15,11,7,3,23,19,9,22,20,6,4,17,14,18,13,21,10,1,2,24,5,8,12,16],[3,23,7,15,19,11,17,9,22,18,21,10,16,6,14,13,12,24,2,8,5,1,20],[3,23,11,19,15,7,20,18,21,10,17,9,16,6,14,13,22,24,4,12,2,5,8],[3,15,23,7,11,19,12,20,24,17,22,10,18,9,21,16,13,5,14,6,4,2,8,1],[11,15,23,7,19,3,17,10,18,9,22,21,14,13,6,5,20,24,8,1,2,12,16],[15,7,19,23,11,3,22,17,10,18,9,21,14,13,5,6,1,2,20,16],[11,19,23,3,15,7,20,12,22,10,18,17,9,21,14,13,6,16,1,2,5,4],[19,23,11,7,3,15,17,10,18,9,22,21,14,13,6,12,4,1,24,2,8,16,20,5],[3,7,11,19,15,23,21,17,10,18,9,16,8,14,13,1,2,22,6,5,4,24,12],[11,19,7,23,15,3,22,9,18,10,17,21,14,13,6,8,1,2,16,24,5,20],[11,7,23,3,19,15,10,18,17,9,22,21,14,13,5,6,1,2,12,20,24],[3,15,7,23,11,19,9,17,22,18,21,10,16,5,14,13,6,1,2,20,4],[3,19,23,7,11,15,9,22,13,17,18,21,10,14,5,2,6,24,20],[19,15,7,11,23,3,12,10,18,17,9,22,21,14,13,5,6,8,2,4,24,16,1],[7,23,3,19,15,11,24,21,10,18,9,17,13,6,14,22,4,16,20,5,2,1,12,8],[23,3,19,11,15,7,20,12,18,24,22,10,9,16,17,21,13,6,14,2,5,1,4,8],[23,11,19,3,15,7,21,18,9,10,17,14,13,6,22,4,5,2,1,20,8],[3,11,15,23,19,7,1,22,12,10,20,18,17,9,21,2,14,13,5,4,6,16,8,24],[15,11,3,7,23,19,24,18,22,9,13,17,21,10,8,14,6,1,2,12,20,5,4,16],[23,15,7,11,3,19,18,10,17,9,22,21,14,13,8,5,2,12,6,4,1,24,20],[23,19,11,7,3,15,20,9,6,13,18,24,22,2,16,12,17,21,10,1,14,5,4,8],[23,3,7,19,11,15,12,22,17,10,18,9,21,14,13,6,24,2,16,1,5,8,20],[11,19,3,15,7,23,10,18,17,9,22,21,14,13,6,8,1,2,16,24,12,4],[11,23,7,15,3,19,9,21,18,13,12,5,1,8,16,24,4,6,10,17,22,14,2],[3,19,7,11,15,23,10,18,17,9,22,21,14,13,6,16,1,2,8,5,24,12],[11,3,19,23,15,7,18,10,9,22,17,21,13,5,14,6,1,2,16,12,4],[15,19,11,23,3,7,12,21,20,18,10,9,13,2,8,17,16,5,14,22,6,4],[11,15,3,7,23,19,20,10,17,18,9,22,21,16,8,14,13,5,6,12,1,2,24,4],[3,23,11,15,7,19,20,18,12,22,9,13,8,5,6,2,21,4,16,10,17,14],[23,15,11,7,19,3,22,12,20,9,17,18,21,14,13,10,6,4,24,1,2,8,5],[19,3,7,15,11,23,17,10,18,9,22,21,13,8,14,6,4,20,2],[11,15,23,3,19,7,18,9,22,14,17,13,10,21,6,24,2,4,12,8,20,16,5,1],[19,7,15,3,23,11,18,9,22,17,21,10,16,6,14,13,5,2,12,1,4,24,8],[19,3,15,11,23,7,18,9,22,16,17,21,10,5,14,13,6,4,1,2,8,12,24,20],[3,11,23,19,15,7,12,9,17,22,18,21,13,10,14,6,2,16,4,1],[7,11,15,3,23,19,18,10,9,22,17,21,16,6,14,13,12,2,5,8,20],[15,19,3,11,23,7,12,20,21,17,10,18,9,14,13,6,24,22,2],[15,23,19,7,3,11,18,12,24,22,10,17,9,21,13,14,5,6,1,2,20,16,4],[3,23,7,11,15,19,22,10,17,18,9,21,14,13,6,20,2,24,1,12,16,4],[15,7,11,23,19,3,18,10,17,9,22,21,14,13,6,2,12,16,5,24],[11,23,3,7,15,19,22,20,18,10,9,14,17,13,21,8,5,6,4,2,24],[11,23,19,15,7,3,22,10,18,17,9,21,14,13,8,6,20,1,2,4,16,5,24,12],[3,7,15,19,23,11,9,24,22,20,5,17,18,21,10,13,14,8,16,1,2,12,6],[19,11,3,23,15,7,18,9,21,16,12,10,17,8,14,13,24,22,6,5,1,2,20,4],[3,15,7,23,19,11,20,10,18,9,22,17,21,13,5,14,6,1,2,8,4],[19,15,23,11,7,3,22,10,18,9,17,21,13,14,6,2,1,8,20,12,5],[3,23,19,15,11,7,9,22,20,18,16,12,10,24,17,21,5,13,6,4,1,14,2,8],[3,15,19,23,7,11,20,21,10,18,9,5,17,14,13,22,24,6,2,8,12,4],[23,19,3,7,15,11,10,18,17,9,22,21,16,6,14,13,20,1,2,8,5,4],[7,19,23,11,15,3,10,18,9,24,22,17,21,13,8,14,1,2,6,12,4,5,16],[23,7,19,15,11,3,20,17,10,18,9,22,21,16,14,13,5,12,6,4,24,2,1,8],[3,7,15,11,19,23,17,10,18,9,22,21,13,6,16,14,8,2,20,1,5,12,24,4],[11,7,19,3,15,23,18,10,9,22,17,21,14,13,5,12,6,24,2,16,4,1,20,8],[23,7,11,19,3,15,9,17,22,18,21,10,14,13,6,12,1,2,24,5,8,20],[3,11,19,15,7,23,21,12,17,10,18,9,13,14,5,22,1,2,8,6,16,4],[15,23,7,19,11,3,10,18,17,9,22,21,14,13,6,8,20,4,16,5,12,2,24],[23,19,7,15,11,3,17,10,18,9,22,21,13,8,14,6,20,2,12,4,16,24,1],[3,19,15,7,23,11,18,10,9,22,17,21,14,13,5,6,16,2,1,20,12,8,24,4],[7,19,3,23,11,15,10,18,9,24,22,17,21,14,13,5,6,20,8,16,2,1,12],[23,19,7,15,3,11,10,18,17,9,22,21,14,13,5,6,20,4,1,8,2],[15,3,19,11,7,23,10,18,17,9,22,21,14,13,5,6,2,12,16,20,24,1,8,4],[19,7,15,11,3,23,22,10,17,18,9,21,14,13,5,6,2,8,24,16,12],[3,11,23,7,19,15,12,24,17,22,10,18,9,21,13,14,8,6,1,2,20,16,4],[7,3,23,15,19,11,17,10,18,9,22,21,14,13,6,4,20,16,8,24,2,5],[15,19,11,7,23,3,22,9,20,17,6,14,18,13,10,21,4,16,1,2,12,8,5,24],[11,15,7,23,19,3,22,18,10,9,17,21,14,13,5,8,24,6,12,20,1,2,4],[23,7,15,3,11,19,18,10,9,22,17,21,13,5,14,6,1,2,16,8,20,24,12,4],[7,11,3,19,23,15,18,10,9,22,17,21,14,13,6,20,4,16,1,2,24,12,5,8],[11,23,15,7,19,3,18,9,22,13,17,21,10,6,14,20,8,24,16,5,4,1,2],[23,11,3,15,19,7,12,9,21,18,14,13,17,10,5,22,6,24,8,2,1,4,16],[15,11,19,23,3,7,12,20,10,18,21,17,9,14,13,5,6,4,22,16,1,8,24,2],[7,3,19,11,23,15,20,17,10,18,9,22,21,16,5,14,13,6],[19,23,7,11,3,15,10,17,18,9,22,21,16,8,14,13,6,20],[7,19,11,15,23,3,20,22,9,21,10,18,17,13,14,5,6,12,24,1,2,16,8,4],[15,3,11,7,19,23,18,9,22,20,21,24,14,10,17,13,6,12,5,8,16,4],[15,19,3,7,11,23,24,18,22,9,14,13,17,21,10,6,2,1,12,4,20,8],[11,7,15,3,19,23,21,18,10,9,17,14,13,6,22,20,12,1,2,24,8,4],[19,7,11,23,3,15,8,18,10,9,22,17,21,14,13,6,16,5,12,24,1,2,20,4],[7,11,23,19,15,3,12,20,9,21,8,17,13,16,4,1,18,10,2,14,5,22,6],[11,3,15,23,7,19,17,10,18,9,22,21,14,13,6,16,4,24,20,12,1,2,5,8],[15,19,23,7,3,11,13,22,10,18,17,9,21,6,14,2,4,5,12,24,16,1,20],[7,15,11,23,19,3,18,10,17,9,22,21,14,13,8,6,16,24,4,20],[7,19,3,15,11,23,10,18,17,9,22,21,14,13,5,6,2,16,12,8,4,1,24,20],[3,19,11,23,7,15,9,22,17,18,21,10,14,13,6,16,1,2,12,20,4,5,8],[3,19,7,11,15,23,12,22,20,9,18,14,17,13,21,8,10,6,24,2,4],[15,19,3,7,11,23,24,18,22,10,17,9,21,16,6,14,13,2,20,4,12,5],[3,11,7,15,23,19,20,21,10,18,9,17,13,5,14,6,4,12,24,22],[3,19,23,15,7,11,21,10,18,17,9,14,13,6,22,8,20,4,2,16],[23,7,15,3,11,19,21,12,16,18,10,17,9,5,14,13,22,6,8,1,2,24,4],[15,7,11,23,3,19,12,18,22,10,17,9,21,13,5,14,6,24,1,2,8,4,20,16],[15,19,7,3,23,11,24,20,8,21,10,18,9,17,16,13,6,22,5,14,2,12,4],[3,19,11,15,23,7,10,17,18,9,22,21,14,13,6,4,1,2,24,20,12,8,5],[7,19,11,15,3,23,9,18,22,21,17,10,13,5,14,6,2,16,4,20,12,8,1],[7,15,11,23,19,3,9,24,18,22,17,21,10,14,13,6,5,4,20,16,1,12,2],[3,15,19,7,11,23,10,18,17,9,22,21,14,13,8,5,24,4,6,20,16,2,1],[7,23,11,3,19,15,20,17,12,22,10,18,9,21,13,14,5,24,6,4,2,8,1,16],[3,23,7,15,19,11,10,17,18,9,22,21,14,13,5,6,1,2,4,8,12,16,20,24],[11,19,3,7,15,23,20,18,10,9,24,22,17,21,14,13,5,6,4,1,2,8,12,16],[7,23,11,15,3,19,17,10,18,9,22,21,16,5,13,14,6,4,12,24,2],[23,11,15,3,19,7,21,18,10,17,9,14,13,6,22,20,8,16,5,4,12,1,2],[15,7,3,19,23,11,18,10,17,9,22,21,14,13,6,8,24,2,4,5,20,16,12,1],[11,19,15,3,7,23,17,10,18,9,22,21,16,6,13,14,24,4,8,12,20,5,2],[19,11,15,7,3,23,12,21,17,10,18,9,13,6,14,22,1,2,24,20,8,5,16,4],[3,19,7,23,15,11,20,9,24,17,22,18,21,10,16,8,14,13,6,2,4],[19,11,3,15,7,23,20,10,17,18,9,22,21,16,6,14,13,12,4,2,1,8,5],[19,23,11,15,7,3,10,18,9,22,17,21,13,6,14,24,12,2,1,8,16,4,5,20],[11,23,3,19,15,7,10,18,9,21,17,13,5,14,6,24,22,16,1,2,20,4,8],[23,11,7,3,19,15,12,22,18,10,17,9,21,14,13,5,6,8,24,4,16,1,2],[3,19,23,11,7,15,9,17,22,18,21,10,16,8,13,14,4,5,6,24,1,2,20,12],[19,23,15,11,3,7,22,9,20,17,16,5,18,10,21,14,13,24,8,12,4,1,6,2],[7,19,3,23,11,15,21,9,20,17,18,10,14,13,5,24,22,8,1,2,4,6,12],[19,11,15,7,3,23,18,10,9,24,22,17,21,14,13,6,20,4,5,16,2,1,8,12],[3,7,11,15,23,19,20,21,24,9,14,18,13,17,10,6,22,12,2,16,8,5,1,4],[3,19,7,23,15,11,9,20,24,22,17,18,21,10,16,6,14,13],[19,3,15,7,23,11,17,10,18,9,22,21,14,13,5,20,6,8,2,16,24,1,4,12],[3,19,23,11,7,15,21,12,17,10,18,9,14,13,6,22,8,5,1,2,4,20],[23,19,15,11,3,7,18,10,9,22,17,21,13,6,14,8,2,12,4,20,1,24,5,16],[11,15,3,7,19,23,10,18,9,22,17,21,14,13,5,6,4,24,8,12,20,16,2],[19,3,23,11,15,7,22,17,10,18,9,21,13,6,14,8,5,4,12,20],[11,23,7,19,3,15,18,10,9,22,17,21,14,13,6,1,2,5,20,24,12],[11,15,3,19,23,7,18,9,22,16,17,21,10,5,13,14,2,6,12,8,4,1],[15,7,23,11,3,19,17,10,18,9,22,21,14,13,6,5,8,2,16,1,12,20,24,4],[15,23,7,3,19,11,20,12,24,10,17,18,9,22,21,13,6,14,5,1,2],[15,3,11,7,23,19,9,18,21,10,17,13,8,14,22,5,1,2,24,20,6,12,16,4],[7,19,15,23,11,3,17,10,18,9,22,21,14,13,8,6,12,20,16,4,5,2],[11,19,23,15,7,3,9,24,17,22,18,21,10,14,13,5,6,16,4,1,2,12,20],[3,15,23,19,7,11,21,17,10,18,9,14,13,8,24,22,6,4,16,12],[15,11,19,3,7,23,10,17,18,9,22,21,16,5,14,13,6,1,2,20,12],[7,3,11,19,15,23,18,9,22,6,5,24,10,17,21,14,13,1,2,4,12,16],[19,15,11,23,3,7,10,18,17,9,22,21,14,13,6,8,4,1,2,12,24,5,16],[15,23,19,7,11,3,10,18,17,9,22,21,14,13,8,6,2,5,20,24,16,1],[23,7,19,3,11,15,22,12,20,17,10,18,9,21,14,13,5,1,2,6,8,16,4,24],[23,15,11,3,19,7,20,17,12,22,10,18,9,21,14,13,6,1,2,5,4,8],[3,7,11,15,19,23,12,21,18,10,17,9,14,13,8,22,5,1,2,6,20,16,24],[11,7,15,3,23,19,18,10,17,9,22,21,16,8,14,13,5,4,20,24,12,6,2,1],[15,11,7,23,3,19,17,10,18,9,22,21,16,6,14,13,4,12,2,5],[23,19,11,15,3,7,12,17,21,10,18,9,14,13,6,22,2,5,16,8,24],[19,3,7,11,23,15,20,16,22,10,18,17,9,21,6,14,13],[11,3,7,19,15,23,10,18,17,9,22,21,14,13,6,8,24,12,20,5,4,1,2,16],[3,15,19,23,11,7,10,18,9,22,17,21,14,13,6,24,8,4,16,5,20,2,1],[15,11,23,7,3,19,20,6,22,16,12,17,10,18,9,21,13,14,8,1,2,5,4,24],[19,3,7,15,11,23,9,18,22,4,14,20,6,17,13,21,10,12,16,8,5,1,2,24],[7,23,3,15,19,11,9,24,17,22,18,21,10,14,13,6,12,4,16,2,20,8,1,5],[7,15,11,19,23,3,21,17,10,18,9,14,13,6,22,8,1,2,12,24,16],[19,11,15,23,7,3,20,10,18,9,22,17,21,14,13,6,24,12,8,5,1,2,4,16],[23,3,7,19,11,15,24,17,22,9,18,21,10,14,13,5,8,4,6,16,20,2,1],[11,23,3,7,15,19,9,17,24,22,18,21,10,14,13,5,6,1,2,12,8,20,16],[11,3,19,15,7,23,9,18,22,6,14,16,10,17,21,13,20,4,24,8,12,5],[3,15,19,7,23,11,24,18,22,10,17,9,21,14,13,5,6,12,1,2,8,4,16,20],[11,23,15,19,7,3,20,24,18,22,9,17,21,10,13,6,14,4,5,1,2,12,8,16],[3,23,15,7,11,19,17,10,18,9,22,21,14,13,6,20,5,1,2,4,8,16,12,24],[7,19,15,3,23,11,18,12,10,17,9,22,21,16,6,13,14,5,8,4,24],[7,11,23,15,19,3,12,24,17,22,10,18,9,21,16,5,13,14,6,1,2,8,4],[3,19,11,23,15,7,20,12,16,18,22,9,5,8,13,21,1,2,24,14,17,10,4,6],[19,11,23,15,3,7,18,10,17,9,22,21,14,13,8,5,1,2,12,4,6,24,20,16],[3,19,7,15,11,23,17,10,18,9,22,21,14,13,8,5,12,1,2,24,4,6,20,16],[15,7,11,23,19,3,20,9,21,17,5,14,18,13,10,2,24,22,16,6],[15,23,11,19,7,3,17,10,18,9,22,21,14,13,6,20,12,16,2,8,1,24,4],[7,3,11,15,19,23,21,20,12,9,18,22,1,5,16,24,4,17,10,13,2,8,14,6],[11,19,3,23,7,15,18,10,9,21,17,13,8,14,6,22,2,24,5,20,16],[15,23,19,11,7,3,9,24,20,22,18,14,5,10,17,21,13,6],[23,7,15,3,11,19,12,24,18,22,10,17,9,21,16,5,14,13,8,6,1,2],[19,15,11,7,23,3,18,10,17,9,22,21,13,6,14,4,8,12,16,20,24,5],[7,15,3,19,23,11,9,22,20,17,18,10,21,13,8,14,5,16,2,12,6,1],[11,15,7,23,3,19,18,12,22,9,14,13,17,21,10,6,8,4,2,1,5,20,24],[15,3,19,7,23,11,10,18,9,24,21,17,14,13,8,22,5,20,2,6,4,12,1,16],[7,3,23,11,15,19,18,9,22,17,21,10,14,13,6,4,8,16,24,2,20,5],[11,7,19,3,15,23,24,17,22,10,18,9,21,16,6,13,14,1,2,8,4,12,5,20],[15,23,19,7,3,11,24,18,21,10,17,9,16,5,22,14,13,6,20,1,2,8,4,12],[23,15,7,11,19,3,18,10,17,9,22,21,14,13,5,6,4,20,1,2,8,16,24,12],[15,3,19,11,23,7,9,20,22,10,18,17,21,13,5,14,8,6,2,4,1,24,12],[15,7,11,19,3,23,9,21,22,18,14,13,17,10,5,8,20,4,2,1,12,6,16,24],[23,15,19,7,11,3,12,18,22,10,17,9,21,16,5,13,14,6,4,8,20,1,2,24],[23,3,11,7,15,19,24,18,21,10,17,9,13,22,6,14,4,16,20,12],[11,23,7,15,3,19,18,10,9,22,17,21,14,13,8,5,20,16,6,1,2,4,24],[15,19,3,11,23,7,10,18,9,21,17,14,13,6,22,8,20,12,24,4],[23,19,15,3,7,11,12,21,14,24,17,10,18,9,13,5,22,6,8,2,20,4],[11,19,7,3,15,23,9,22,17,18,21,10,14,13,6,2,4,8,24,12,16,1,20],[15,23,3,11,7,19,17,10,18,9,22,21,14,13,6,5,4,2,12,24,16],[11,19,23,7,3,15,10,18,9,22,17,21,14,13,6,1,2,5,12,4,20],[7,11,19,3,23,15,9,22,18,10,17,21,14,13,8,6,12,4,1,2,20,24,16,5],[23,15,19,3,7,11,17,10,18,9,22,21,13,5,14,8,24,12,1,2,6,16,4],[23,11,19,15,3,7,9,21,14,17,18,13,10,6,22,5,2,16,1,12,4,20,8,24],[15,3,7,11,19,23,10,18,9,24,22,17,21,13,6,14,8,1,2,12,20,16,5],[11,3,7,19,23,15,24,17,22,10,18,9,21,14,13,6,4,20,12,5,2,1,16,8],[19,15,7,3,11,23,17,10,18,9,22,21,14,13,6,2,12,24,4,16],[3,15,19,23,7,11,9,20,21,8,17,13,10,18,14,5,22,1,2,24,6,16,4,12],[7,3,23,15,11,19,22,9,17,18,21,10,13,14,6,24,1,2,4,12,16,20,8,5],[19,3,23,7,15,11,10,18,17,9,22,21,13,6,14,5,8,20,4,12,24,1,16,2],[7,15,3,19,11,23,17,10,18,9,22,21,13,14,6,12,2,20,1,4,8,24,5,16],[23,19,15,11,3,7,20,24,10,18,9,22,2,17,21,16,8,13,5,14,6,4,1],[15,3,7,23,11,19,18,9,21,13,14,17,10,5,6,24,22,16,4,20,2,1,8,12],[3,23,7,15,11,19,17,10,18,9,22,21,13,5,14,8,16,1,2,6,24,4,12],[15,7,11,3,19,23,18,10,17,9,22,21,5,14,13,24,6,8,20,2,16,12,1,4],[3,23,7,15,19,11,9,24,18,22,20,4,5,13,10,17,21,14,8,6,2,16,1],[23,11,7,3,15,19,24,10,17,18,9,22,21,13,6,14,1,2,16,8,12,4],[19,15,7,11,23,3,10,18,17,9,22,21,14,13,8,6,2,4,20,16,12,1,5],[23,3,15,7,19,11,10,18,17,9,22,21,13,14,8,5,6,16,12,4,20,24,1,2],[11,15,19,23,7,3,17,10,18,9,22,21,16,5,13,8,14,20,6,1,2,12],[15,19,3,11,23,7,10,18,17,9,22,21,14,13,8,6,20,12,4],[19,7,23,3,15,11,12,22,18,10,17,9,21,13,8,14,5,16,20,6,4],[15,11,23,7,3,19,10,18,17,9,22,21,14,13,5,24,2,12,6,4,16],[15,19,7,23,3,11,10,17,18,9,22,21,13,14,5,4,6,24,2,8,20,16,12,1],[19,7,11,3,23,15,17,10,18,9,22,21,16,6,13,14,1,2,20,12,5,4,8,24],[19,11,23,3,7,15,9,20,22,18,10,17,21,5,14,13,8,16,1,2,24,12,4,6],[19,11,7,3,15,23,12,10,17,18,9,22,21,16,5,14,13,6,2,20,1,4],[23,15,19,3,11,7,21,10,20,17,18,9,14,13,5,12,8,22,4,16,1,2,24,6],[19,23,15,11,3,7,22,18,10,9,17,21,14,13,6,1,2,24,20,16,8,4,5],[7,11,15,3,19,23,18,9,22,8,17,21,10,14,13,5,20,2,6,16],[15,11,7,3,23,19,10,18,9,21,17,14,13,5,6,22,8,20,24,4,1,2,12],[11,23,3,15,19,7,17,10,18,9,22,21,14,13,6,2,12,8,5,4,20,24,1,16],[3,19,11,15,23,7,21,10,17,18,9,16,8,13,6,22,14,4,20],[15,19,11,23,3,7,17,10,18,9,22,21,14,13,6,4,8,5,2,12,24,20,1,16],[11,7,15,19,23,3,20,22,17,10,18,9,21,13,5,16,6,14,24,1,2,12],[3,23,15,7,19,11,10,18,9,22,17,21,14,13,6,20,4,2,24,8,5,16],[23,7,11,15,3,19,18,10,9,22,17,21,16,6,14,13,2,12,1,8,24,5],[15,11,3,23,19,7,17,10,18,9,22,21,16,6,14,13,20,1,2,5,24],[19,11,7,15,23,3,12,21,9,17,18,10,14,13,6,22,1,2,20,4,16,5],[23,15,11,7,19,3,18,12,21,10,17,9,14,13,5,24,22,6,2,8,16,20,4,1],[3,19,11,15,7,23,18,12,22,10,9,17,21,13,5,14,6,4,16,8,24],[11,23,15,19,7,3,9,17,22,18,21,10,14,13,6,4,5,16,20],[19,11,15,3,23,7,10,18,17,9,22,21,14,13,6,12,16,4,8],[11,15,23,3,19,7,10,18,17,9,22,21,13,5,14,6,12,8,2,1,24,16,20],[7,15,23,11,3,19,17,10,18,9,22,21,13,5,14,6,4,12,20,8,1,2,16,24],[23,19,3,11,15,7,20,9,21,18,8,14,5,4,6,13,17,10,24,22,12],[7,19,11,23,15,3,20,9,24,21,12,14,22,2,17,18,13,6,10,5],[23,7,15,11,3,19,17,10,18,9,22,21,14,13,6,2,24,8,5,12,16,20,1,4],[19,23,11,7,15,3,10,18,9,22,17,21,13,8,14,6,20,1,2,24,12,5,16],[19,23,7,3,11,15,20,21,9,14,17,18,13,10,5,8,22,1,2,4,12,6],[7,19,3,11,23,15,20,21,10,18,9,17,14,13,6,22,5,12,2,24,4],[7,3,15,19,23,11,24,18,22,10,17,9,21,14,13,6,20,1,2,16,12,5,4,8],[15,11,23,19,3,7,20,10,18,9,21,16,13,17,5,8,24,22,14,2,6,12,4,1],[3,11,23,7,15,19,10,18,9,22,17,21,14,13,6,4,8,20,12,16,24,2,5],[11,23,15,19,3,7,21,17,12,9,14,18,13,10,5,22,8,20,2,6,4,24],[19,15,11,3,7,23,18,10,17,9,22,21,14,13,8,4,6,12,1,2,5,24,16],[11,19,15,23,7,3,9,21,22,5,18,17,10,14,13,6,12,16,20,2,8,1,24,4],[23,15,11,19,3,7,20,12,9,18,22,21,13,6,16,17,10,2,14,5,8,4,24,1],[19,3,11,7,15,23,17,10,18,9,22,21,14,13,8,6,20,24,4,16,5],[15,3,23,11,7,19,24,18,22,10,9,17,21,16,8,13,6,14,4,2,1,5,12],[3,23,11,15,19,7,10,18,17,9,22,21,13,6,14,1,2,16,20,12,4],[3,19,15,23,11,7,17,9,22,21,18,10,13,6,14,16,5,24,2,8,4,12,20],[11,15,23,19,7,3,22,12,17,10,18,9,21,16,5,14,13,6,1,2],[15,23,3,11,19,7,18,10,9,22,17,21,14,13,5,8,24,1,2,12,20,16,6,4],[3,15,7,19,23,11,18,10,9,24,21,17,13,6,14,22,16,8,4,12,5,2,20,1],[23,7,19,11,15,3,12,24,17,21,10,18,9,14,13,8,22,5,1,2,6,20,16],[11,7,3,15,19,23,10,20,17,18,9,22,24,21,13,5,14,6,2,1,16,8],[15,3,23,7,11,19,20,12,10,17,18,9,22,21,16,8,14,13,6,2,4],[3,19,23,11,15,7,10,18,9,24,22,17,21,14,13,5,6,12,4,8,1,2,16,20],[23,15,19,3,7,11,22,9,17,18,21,10,14,13,6,8,4,12,5,24,20,1,16,2],[23,7,11,15,3,19,12,20,22,18,9,16,10,6,1,17,21,2,14,13,8,4,5,24],[3,19,7,23,15,11,18,10,9,24,22,17,21,13,6,14,4,16,1,2,20],[15,23,19,11,3,7,9,22,17,18,21,10,14,13,8,6,5,1,2,16,12,20,4],[3,11,23,19,15,7,17,10,18,9,22,21,14,13,5,6,24,1,2,20,12,16,4,8],[15,3,23,19,11,7,20,10,18,9,24,22,17,21,13,8,14,12,5,2,6,16,1,4],[7,3,23,19,11,15,10,17,18,9,22,21,14,13,6,1,2,24,8,12,4,20,5,16],[3,23,7,15,11,19,18,10,9,22,17,21,14,13,6,1,2,5,4,12,24,8,16],[15,11,19,7,23,3,9,22,20,17,13,1,2,16,18,21,10,6,14,4,12,24,5,8],[23,7,15,3,11,19,18,10,17,9,22,21,14,13,6,20,24,2,12,4,5,16,1],[15,11,3,7,23,19,22,20,9,1,17,24,18,21,2,10,13,5,14,6,4,8],[23,7,11,19,15,3,20,21,17,10,18,9,14,13,5,24,22,16,6,2,12,1,8,4],[19,3,11,15,23,7,18,10,17,9,22,21,14,13,6,4,24,2,20,8,1,12,16,5],[19,11,23,3,15,7,24,20,10,18,21,9,17,13,8,14,22,5,1,2,6,4,16],[11,19,23,15,7,3,21,9,14,18,8,16,6,17,10,13,22,4,5,1,2,24,12,20],[15,23,7,19,11,3,18,10,9,22,17,21,14,13,5,6,1,2,4,24,20],[3,7,23,19,11,15,10,18,17,9,22,21,14,13,6,5,12,2,4,1,20,24,8,16],[3,15,23,7,19,11,10,20,17,18,9,22,21,14,13,5,6,1,2,4,12,16],[19,3,11,15,23,7,12,8,18,22,10,17,9,21,14,13,6,4,1,2,16,24,5],[19,23,7,3,11,15,12,24,21,17,10,18,9,13,14,8,22,5,1,2,4,16,20,6],[19,11,7,15,3,23,18,10,9,21,17,14,13,6,22,24,8,5,1,2,20],[23,19,11,7,3,15,12,24,20,18,22,10,17,9,21,16,5,14,13,8,2,6,1],[23,19,3,7,15,11,24,9,18,22,16,21,14,13,17,10,8,12,6,20,4,5],[11,15,19,23,3,7,21,18,10,9,17,16,5,13,22,6,14,24,12,1,2,4,20],[23,15,3,11,7,19,18,10,17,9,22,21,14,13,5,6,8,12,2,1,4,16,24],[11,3,7,23,19,15,9,21,18,6,5,16,24,17,10,14,13,22,1,2,8,12,20],[23,15,11,7,19,3,17,10,18,9,22,21,14,13,5,8,6,1,2,20,12,24,16],[3,19,23,15,11,7,17,9,22,18,21,10,16,6,14,13,5,1,2,12,24,8,4,20],[7,19,15,3,23,11,22,20,12,18,9,4,17,21,14,13,10,5,6,8,1,2,16,24],[3,11,15,7,23,19,18,10,17,9,22,21,13,6,14,20,12,16,5,4,2,8,1],[3,7,19,11,23,15,10,18,17,9,22,21,14,13,6,16,24,8,20,4,1,2,12,5],[19,3,23,11,7,15,17,10,18,9,22,21,14,13,6,24,1,2,12,20,4],[15,3,11,7,23,19,12,18,22,9,16,5,10,17,21,13,6,14,24,2],[11,15,3,23,19,7,20,9,21,8,12,4,17,16,13,18,10,5,24,22,14],[15,7,3,19,11,23,17,10,18,9,22,21,14,13,5,6,16,2,20,4,12,1,8,24],[15,19,23,3,7,11,17,10,18,9,22,21,14,13,6,16,20,8,2,1,12,24],[3,15,11,7,23,19,17,9,22,18,21,10,16,6,14,13,8,2,1,12,24,20],[11,7,19,3,23,15,17,10,18,9,22,21,14,13,6,24,4,12,8,2,5,16,20,1],[23,15,7,3,11,19,9,18,21,14,10,17,13,8,6,22,12,24,1,2,4,20,16],[11,15,3,19,7,23,10,20,17,18,9,22,21,14,13,6,16,24,8,5,1,2],[11,15,3,7,23,19,9,20,17,24,22,18,21,10,16,5,14,13,2,6,1,12,4],[7,19,15,11,23,3,12,17,22,10,18,9,21,13,14,5,6,1,2,24,20,8,16],[19,7,3,15,11,23,17,22,10,18,9,21,13,6,14,24,5,2,12,20,1],[11,3,15,19,23,7,12,14,22,17,10,18,9,13,21,8,6,20,5,16,1,2,24,4],[15,19,3,7,23,11,17,10,18,9,22,21,13,5,14,6,16,24,1,2,4,8,20],[19,3,15,7,11,23,9,22,20,5,18,16,24,17,21,10,8,14,13,6,4,12,2,1],[3,7,15,19,11,23,24,17,22,10,18,9,21,13,5,14,6,8,20,1,4,2,12],[19,15,11,23,3,7,18,10,17,9,22,21,14,13,6,1,2,20,8,16,5,12,24,4],[7,19,11,3,23,15,10,18,9,22,17,21,13,8,14,6,5,2,1,16,12,4,20,24],[15,11,19,7,3,23,17,10,18,9,22,21,16,5,13,8,14,4,2,6,20],[19,3,7,23,11,15,20,17,10,18,9,22,21,16,13,8,14,6,4,1,5,2,12,24],[11,15,3,7,19,23,20,18,10,9,22,24,14,17,21,13,5,4,6,1,2,16,12,8],[23,19,15,7,11,3,20,9,17,21,12,6,16,2,13,5,22,8,1,10,18,24,14,4],[15,3,23,11,7,19,22,10,18,9,17,21,14,13,5,8,24,20,6,4,1,2],[19,7,11,15,3,23,17,10,18,9,22,21,16,13,5,14,8,4,6,20],[19,23,15,7,11,3,17,10,18,9,22,21,14,13,8,6,20,24,2,1,4],[19,15,11,23,7,3,18,10,17,9,22,21,14,13,8,5,12,16,2,20,6,1,4,24],[23,19,7,11,3,15,9,20,10,1,18,21,17,13,2,6,14,22,16,24],[23,11,19,15,7,3,21,20,10,17,18,9,13,14,6,24,22,2,1,5,4,16,12],[15,7,23,3,19,11,20,24,17,22,9,18,21,10,16,5,14,13,6,4,12,2,1,8],[15,3,11,23,19,7,22,10,18,17,9,21,14,13,5,4,6,12,16,24,2,8,20,1],[23,15,11,3,19,7,10,17,18,9,22,21,14,13,6,5,2,12,20,8],[3,7,23,19,11,15,9,18,22,4,13,5,24,8,17,21,10,14,6,1,2,12,16,20],[3,19,23,7,15,11,10,18,9,22,17,21,14,13,6,12,4,20,5],[3,7,15,11,23,19,17,9,22,18,21,10,14,13,5,6,2,1,24,20,12],[23,7,15,11,19,3,17,10,18,9,22,21,13,6,14,8,16,5,2,1,24,4,12],[11,3,19,23,15,7,10,18,9,24,22,17,21,14,13,6,16,1,2,4,20,12,8],[11,3,7,19,15,23,10,18,9,22,17,21,14,13,8,6,2,12,20,16,5],[15,7,19,11,3,23,12,17,22,10,18,9,21,16,6,13,14,2,24,20,4,8,1],[15,19,11,7,3,23,12,18,24,21,10,17,9,14,13,8,22,6,1,2,4,16],[3,19,23,11,7,15,18,10,9,21,17,14,13,6,22,4,8,1,2,16,20,5],[19,11,15,7,3,23,17,10,18,9,22,21,16,5,14,13,6,20,2,1,8,12,4,24],[11,15,23,7,3,19,22,12,18,10,17,9,21,13,5,14,8,6,2,20],[15,3,23,11,7,19,10,18,17,9,22,21,16,6,14,13,20,12,2,4],[3,19,11,7,23,15,12,24,18,22,9,14,17,21,13,10,6,8,1,2,5,4,20],[19,23,7,11,3,15,20,9,18,21,13,14,24,10,17,6,22,1,2,5,4],[19,11,23,15,3,7,18,9,22,13,5,10,17,21,14,6,1,2,12,24,20,16],[7,19,23,15,3,11,17,10,18,9,22,21,14,13,5,6,24,1,2,20],[3,11,23,19,7,15,17,10,18,9,22,21,14,13,6,4,20,24,1,2,12,16,5,8],[11,3,23,19,7,15,10,18,17,9,22,21,14,13,6,1,2,20,4,16,12,24,8,5],[7,23,3,19,15,11,20,10,18,9,22,17,21,14,13,5,6,8,1,2,24,12,4,16],[11,23,15,7,3,19,17,9,22,18,21,10,14,13,8,5,2,6,20,4,24],[3,23,11,19,7,15,17,10,18,9,22,21,13,8,14,6,20,1,2,12,5,16,4,24],[19,15,11,23,7,3,18,10,17,9,22,21,14,13,5,6,12,1,2,4,20,8,24,16],[15,7,11,19,23,3,10,18,17,9,22,21,14,13,6,1,2,12,16,20,24,4,5,8],[19,7,15,23,11,3,20,17,10,18,9,22,21,13,6,14,4,12,24,2],[23,7,3,15,11,19,12,24,20,18,22,10,17,9,21,14,13,5,8,2,6,4,1,16],[3,7,19,23,11,15,20,10,18,9,24,22,17,21,14,13,5,6,16,8,4],[11,19,7,23,15,3,9,20,24,18,22,16,2,21,14,10,17,6,13,4,12],[3,7,23,19,15,11,20,17,9,22,13,18,10,21,14,6,8,5,12,2],[19,7,15,23,11,3,20,22,14,10,18,9,24,17,21,13,6,8,4,12,1,2,5],[11,19,23,3,7,15,12,17,22,10,18,9,21,13,5,14,6,4,24,8,16,1,2,20],[11,19,7,23,3,15,10,18,9,22,17,21,13,6,14,24,5,2,16,20,4,8],[23,11,3,15,7,19,9,21,18,14,13,17,10,6,22,12,2,8,20,16,24,1,5],[15,7,19,3,11,23,9,24,21,20,17,10,18,16,8,13,22,5,6,14,1,4,2],[7,3,15,23,11,19,20,16,12,24,22,9,17,18,21,10,6,14,13,2,1,8,4,5],[19,7,11,23,15,3,17,10,18,9,22,21,14,13,8,5,20,12,1,2,6,4],[19,11,3,7,15,23,12,17,22,10,18,9,21,16,5,13,14,6,8,4,1,2,20,24],[15,3,11,7,19,23,22,12,18,9,17,21,10,14,13,8,5,6,4,1,2,24,16,20],[19,3,7,23,15,11,10,18,17,9,22,21,14,13,6,24,20,1,2,5,16,12,4,8],[23,19,11,3,7,15,17,10,18,9,22,21,14,13,5,6,4,16,20,2,1,24,8,12],[7,11,19,23,15,3,22,18,10,17,9,21,14,13,6,4,24,12,8,16,20,5,1,2],[11,7,19,15,3,23,10,18,17,9,22,21,14,13,8,5,12,20,6,4,2,1,24],[15,11,7,19,23,3,9,24,22,17,18,21,10,13,5,14,6,16,1,2,4,12,20,8],[19,23,15,7,3,11,12,22,20,6,10,18,9,14,17,13,21,16,8,5,24,1,2,4],[11,7,19,15,23,3,18,24,22,10,9,17,21,13,6,14,20,12,8,4,1,2],[3,11,19,15,23,7,9,17,22,18,21,10,14,13,5,6,20,4,16,12,2,8,24,1],[19,7,11,23,15,3,17,10,18,9,22,21,14,13,8,5,12,1,2,16,24,4,6],[15,11,23,7,19,3,10,18,9,24,22,17,21,14,13,6,12,20,2,4,5,8,16,1],[23,7,3,19,15,11,18,10,17,9,22,21,14,13,8,5,20,16,4,24,2,6,12],[15,19,7,3,11,23,20,14,9,22,18,5,2,16,21,13,8,12,1,17,10,4,24,6],[11,3,19,15,23,7,17,10,18,9,22,21,14,13,8,5,4,16,12,2,6,1,24,20],[23,19,3,7,11,15,22,9,18,14,10,17,13,21,5,6,8,16,4,20,12,1,24,2],[3,7,23,11,19,15,20,17,10,18,9,22,21,16,5,14,13,6,8,1,2,4],[3,15,7,23,11,19,12,18,22,10,17,9,21,14,13,8,6,24,5,4,2,16,1],[15,3,23,19,11,7,10,18,9,21,17,14,13,5,22,6,1,2,24,12,16],[23,11,7,19,3,15,10,18,9,22,17,21,14,13,5,6,4,8,20,12,24],[3,7,15,23,11,19,20,12,1,22,18,10,17,9,21,2,13,6,14,8,24,4],[7,11,19,3,23,15,22,18,10,9,17,21,14,13,8,6,4,2,16,24,20,5],[19,11,15,3,7,23,21,18,10,9,17,14,13,5,22,6,4,12,16,1,2,8,24],[23,15,3,11,19,7,22,9,20,14,1,5,18,21,4,10,17,13,2,6,24,12],[3,15,19,7,23,11,12,24,18,22,10,17,9,21,13,14,5,6,4,8,20,16],[19,23,7,15,11,3,12,17,22,10,18,9,21,14,13,6,16,20,1,2,8],[15,7,11,3,19,23,17,9,22,18,21,10,14,13,6,16,20,4,1,2,24,12,5,8],[3,23,19,11,15,7,12,22,17,10,18,9,21,14,13,6,8,4,5,1,2,16,20,24],[19,23,3,15,11,7,12,17,9,22,18,21,13,10,8,14,5,2,20,24,6,16,4,1],[19,3,7,15,11,23,9,22,17,18,21,10,14,13,5,8,24,1,2,12,4,16,6,20],[23,3,19,11,7,15,10,18,9,21,17,16,6,13,14,22,1,2,12],[11,23,7,3,15,19,10,18,9,24,22,17,21,13,8,14,5,1,2,12,4,20,6],[23,15,11,7,19,3,22,9,20,17,16,24,18,21,10,6,13,14,2,1,12,5],[19,7,15,11,3,23,21,9,17,10,18,14,13,5,22,6,4,1,2,12,8,24,20],[19,7,15,3,23,11,12,22,18,10,17,9,21,14,13,6,1,2,8,4,20,5,24],[19,3,7,11,23,15,17,10,18,9,22,21,16,5,14,13,6,8,2,20,1,12,4,24],[19,11,7,15,3,23,20,18,10,9,24,22,12,17,21,13,5,14,6,4,16,2,8],[3,23,15,11,7,19,17,10,18,9,22,21,16,8,14,13,6,1,2,24,20,5,12,4],[3,15,23,7,11,19,24,9,18,22,20,2,12,14,6,5,8,13,16,4,21,17,10,1],[11,7,23,19,3,15,18,9,22,6,8,10,17,21,14,13,16,1,2,20,4,5],[19,15,23,3,7,11,12,18,22,10,17,9,21,14,13,8,5,20,6,1,2,4,16,24],[7,11,15,3,19,23,10,20,18,9,21,17,16,5,13,4,8,14,24,22,6,12,1,2],[15,19,7,23,11,3,12,17,22,9,18,21,13,10,5,14,6,24,1,2,20,16,4,8],[19,15,7,3,23,11,20,10,18,9,22,17,21,16,5,14,13,6,2,12,4,8,1,24],[23,7,19,3,15,11,18,10,9,24,22,17,21,13,5,14,6,20,4,12],[23,19,11,3,7,15,18,10,9,22,17,21,16,5,13,6,14,20,12,1,2,24],[15,19,7,11,23,3,22,18,10,17,9,21,14,13,6,16,20,12,4,24,8,1,2,5],[11,15,3,19,7,23,17,12,22,10,18,9,21,14,13,8,1,2,6,16,24,20,5],[11,3,15,23,7,19,18,10,9,22,17,21,14,13,6,2,8,20,16,24,12,5,1],[19,11,15,3,7,23,18,10,9,21,17,14,13,8,6,22,1,2,24,20,5,12,4,16],[19,11,3,15,23,7,12,24,20,21,10,17,18,9,14,13,8,5,6,22,4,16,1,2],[7,15,23,11,3,19,24,22,17,9,18,21,10,14,13,8,6,2,4,1,20],[19,23,3,11,15,7,20,8,17,10,18,9,22,21,13,14,6,2,5,16,4,12,1,24],[19,3,23,7,15,11,17,10,18,9,22,21,16,6,13,14,8,12,24,1,2],[7,23,15,19,11,3,10,18,9,22,17,21,14,13,8,6,12,16,5,1,2],[23,19,15,7,3,11,18,10,17,9,22,21,14,13,5,6,1,2,4,20,8,16,24,12],[7,11,19,3,15,23,18,10,9,22,17,21,14,13,6,2,1,24,20,8,16,5],[15,23,7,3,19,11,10,18,9,22,17,21,16,13,8,5,14,24,2,20,12,1,6,4],[7,19,11,3,15,23,18,24,22,9,12,16,21,6,14,5,20,1,8,4,10,2,17,13],[15,23,3,7,11,19,22,9,18,10,17,21,14,13,6,4,5,8,20,12,2,16,24,1],[23,11,3,19,15,7,18,12,21,10,17,9,14,13,5,6,22,4,8,20,2,24,1],[11,23,19,15,7,3,10,18,9,22,17,21,14,13,5,6,20,24,2,1],[3,7,15,23,19,11,17,10,18,9,22,21,14,13,5,8,1,2,24,6,12,4,16],[23,11,7,19,3,15,12,22,17,10,18,9,21,14,13,5,6,1,2,16,4,20],[15,7,3,23,11,19,18,10,9,21,20,17,13,6,16,24,22,2,14,4,12,1],[7,23,15,11,19,3,17,10,18,9,22,21,13,6,14,2,20],[3,23,19,15,7,11,20,10,17,18,9,22,21,14,13,5,6,2,12,24,4],[7,11,15,19,3,23,17,10,18,9,22,21,14,13,8,6,12,20,1,4,2],[7,11,15,3,19,23,22,20,9,18,5,10,24,14,17,21,13,16,6,1,2,12,4],[23,3,7,19,15,11,20,24,18,21,10,9,22,17,13,5,14,8,6],[19,23,3,11,7,15,12,18,22,10,17,9,21,13,6,14,5,1,2,20,8,4,24],[23,7,15,11,3,19,10,18,9,24,22,17,21,14,13,6,1,2,16,20,5,4,8,12],[15,11,3,7,23,19,17,10,18,9,22,21,14,13,6,5,20,24,8,2,12,1,16,4],[3,11,19,23,15,7,12,22,17,10,18,9,21,14,13,6,1,2,4,20,5,8,16],[15,7,3,11,23,19,10,18,9,21,17,14,13,6,22,24,2,8,1,5,20,4,12,16],[3,23,15,19,11,7,22,18,12,10,17,9,21,13,8,16,14,6,20,4,1,5,2],[19,15,7,11,23,3,20,9,2,18,21,13,12,16,10,17,5,24,22,8,14,6,1,4],[7,23,19,11,15,3,20,18,10,9,22,21,17,6,13,14,2,16,8,5,4,12,1,24],[19,23,7,11,3,15,17,10,18,9,22,21,14,13,5,6,12,8,2,1,20],[7,11,19,3,23,15,24,18,21,10,9,17,14,13,5,22,6,16,4,20,8],[7,23,15,3,11,19,12,18,22,9,14,21,17,13,10,6,20,1,2,4,5,8],[19,23,15,3,7,11,12,18,22,9,17,21,14,13,10,6,5,20,16,2,4,8,1,24],[23,7,11,19,3,15,21,10,18,17,9,16,6,13,12,14,22,4],[15,11,19,7,3,23,21,17,10,18,9,14,13,6,22,16,1,2,20,4,12,5,24,8],[11,3,19,23,7,15,17,10,18,9,22,21,14,13,6,5,1,2,4,24,16,8,12,20],[11,7,19,23,3,15,22,10,20,17,18,9,14,13,21,5,6,12,1,2,16,4,8,24],[23,15,19,7,11,3,10,18,9,22,17,21,14,13,6,16,5,4,20,24,8,12,2,1],[3,7,19,11,15,23,12,18,22,10,17,9,21,14,13,6,20,4,8,5,2,24],[3,19,15,11,23,7,18,9,22,21,20,14,6,5,10,17,13,12,16,2,1,8,24],[23,3,7,19,15,11,18,10,9,22,17,21,14,13,6,1,2,5,4,12,16,8,24],[23,19,3,11,7,15,22,18,9,2,13,24,17,21,10,6,14,16,5,12],[15,23,11,3,19,7,9,21,22,17,10,18,14,13,6,20,12,8,16,24,2,1,5,4],[15,23,3,19,11,7,10,17,18,9,22,21,16,5,13,6,14,20,12,1,2,8,4],[7,11,23,3,19,15,9,18,24,22,13,17,21,10,8,14,6,5,4,20,2,12,1],[11,19,3,7,23,15,9,21,20,5,16,13,17,18,10,22,6,2,14,4,1,8,24,12],[23,7,15,11,3,19,18,21,10,9,17,13,5,14,22,6,12,2,20,4,1,8],[19,15,7,11,23,3,10,18,9,21,17,14,13,5,22,6,2,16,8,20,12,1,24,4],[3,23,19,15,7,11,20,17,12,22,9,18,21,13,10,8,14,5,6,24,1,2,16,4],[23,3,7,15,11,19,21,17,10,18,9,13,6,14,20,22,4,2,8,1,16,24],[15,11,7,23,3,19,10,18,17,9,22,21,14,13,6,4,20,12,1,2,8,16,5],[15,23,11,19,7,3,10,18,9,22,17,21,14,13,6,1,2,12,5,8,16,20,24],[23,7,15,3,19,11,9,17,22,18,10,21,13,5,14,6,2,8,12,20,16,24,4,1],[7,19,3,23,11,15,18,9,21,4,10,17,14,13,6,22,24,12,1,2,5,16],[3,19,15,7,11,23,12,17,22,9,20,18,21,10,14,13,8,5,2,4,24],[11,7,3,23,15,19,10,18,17,9,22,21,16,5,14,13,4,6,12,20,8,2,24,1],[11,19,15,3,23,7,20,21,18,9,24,13,16,8,2,6,14,12,4,17,10,22],[23,11,19,15,7,3,17,10,18,9,22,21,16,5,14,13,6,24,2,4,12,8,20,1],[11,19,23,7,15,3,10,18,17,9,22,21,16,8,13,6,14,12],[11,7,19,3,23,15,9,21,5,14,18,10,17,13,8,22,4,2,20,16,12,6],[19,11,3,15,7,23,21,10,18,9,17,13,14,6,24,22,1,2,20,12,4,8,16],[11,3,15,7,19,23,20,21,12,24,6,18,10,17,9,14,13,22,4,2,1,8,16,5],[19,3,23,11,15,7,10,18,9,22,17,21,14,13,6,8,1,2,5,20,24,4,16],[3,7,19,23,15,11,21,10,18,9,17,14,13,6,22,5,24,2,8,20,1,4],[19,7,15,11,3,23,12,22,9,20,2,14,18,5,21,16,6,13,10,8,17,24,4],[3,11,7,15,23,19,10,18,17,9,22,21,16,8,14,13,5,6,20,2,4,12,24,1],[23,19,3,11,15,7,22,18,9,14,21,13,17,10,6,20,1,2,4,12,24,8,5],[11,7,19,23,3,15,20,4,8,10,18,9,21,17,16,13,22,6,14,5,2,12,24,1],[15,7,3,23,11,19,18,9,21,14,10,17,13,5,22,6,2,16,8,20,24,1,4],[11,15,7,19,23,3,17,10,18,9,22,21,14,13,8,6,1,2,20,16,5,4,24],[11,19,7,3,23,15,18,10,9,21,17,14,13,8,22,5,12,24,16,4,6,2,20],[7,11,15,23,3,19,20,12,22,18,10,17,9,21,13,8,14,5,16,2,6],[11,3,7,15,23,19,9,17,21,14,18,13,10,6,22,12,1,2,8,5,20,16],[11,19,15,7,3,23,22,18,10,9,20,8,17,21,14,13,5,16,6,12,24],[15,7,11,3,19,23,22,17,10,18,9,21,13,6,14,12,2,5,20,8,4,16],[3,11,7,19,15,23,20,22,9,18,16,17,21,10,5,14,13,6,1,2,4],[23,3,15,19,11,7,10,18,17,9,22,21,16,6,13,14,5,20,12,1,2,24,4,8],[3,11,7,23,15,19,9,20,24,22,18,6,21,13,1,10,17,2,14,16,8,5,4],[15,23,7,11,19,3,18,10,17,9,22,21,16,5,6,14,13,4,20,2,8,12,1,24],[11,19,3,23,7,15,20,22,17,10,18,9,21,13,5,14,2,6,8,16,24,12],[15,3,19,11,23,7,10,18,17,9,22,21,14,13,6,16,12,1,2,20,4,8,24],[7,19,15,3,23,11,18,10,9,22,17,21,14,13,6,24,1,2,12,5,8,20],[19,15,3,23,11,7,20,12,22,18,10,9,13,8,17,21,14,2,6,16,1,5,4],[7,23,15,3,19,11,9,22,20,18,16,4,10,24,17,21,5,14,13,6,1,2],[23,3,19,11,15,7,17,10,18,9,22,21,14,13,8,5,6,4,1,2,12,20,16],[11,3,19,23,15,7,20,10,18,9,22,6,17,21,13,14,2,4,1,12,5,24],[3,19,11,23,15,7,18,10,9,22,17,21,16,6,14,13,4,1,8,2,5,20],[11,15,7,23,3,19,18,10,17,9,22,21,14,13,8,5,12,2,6,16],[7,19,23,11,3,15,9,21,20,4,12,14,2,18,10,17,13,5,22,6,8,1,24],[3,23,19,7,15,11,8,21,10,18,17,9,14,13,6,22,1,2,4,12,5,20,16],[15,19,23,7,11,3,18,9,22,10,17,21,14,13,6,16,8,1,2,4,20,5,12],[23,11,15,3,19,7,17,10,18,9,22,21,16,5,14,13,6,20,12,1,2,4,24,8],[23,19,3,7,15,11,10,18,9,21,17,13,5,14,22,6,2,4,1,20],[15,11,7,23,3,19,17,10,18,9,22,21,16,6,14,13,2,24,12,1],[15,19,7,11,3,23,9,21,20,12,13,24,18,10,17,6,14,22,4,2,1],[7,23,3,11,19,15,18,9,22,10,17,21,14,13,8,6,1,2,5,12,20,4,16,24],[3,15,7,11,23,19,12,21,17,9,13,22,8,16,18,10,4,5,14,6,1,2],[7,15,3,11,23,19,10,18,17,9,22,21,14,13,8,6,24,4,12,16,2],[19,7,15,11,23,3,22,17,10,18,9,21,14,13,6,4,2,12,20,16,8,1,24],[11,19,15,23,3,7,17,10,18,9,22,21,14,13,5,6,2,4,20,1,12],[15,23,19,3,7,11,21,12,17,10,18,9,14,13,6,24,22,16,8,1,2,20,4,5],[11,15,19,7,23,3,17,10,18,9,22,21,14,13,6,20,24,4,1,2,12,8,16],[23,15,11,3,19,7,21,10,20,17,18,9,5,14,13,6,22,1,2,8,16,4],[7,15,3,19,11,23,9,22,18,8,20,16,24,14,5,21,12,17,10,13,1,2,6,4],[11,7,15,23,3,19,20,22,10,18,9,17,21,14,13,5,8,24,12,2,1,4,6],[19,23,7,3,11,15,18,10,9,21,17,13,6,14,22,16,5,4,12,8,1,2],[7,15,3,19,23,11,9,18,22,8,10,17,21,14,13,6,1,2,12,16,5,20,24],[11,19,23,7,3,15,10,17,18,9,22,21,16,6,13,14,5,2,12,1,8,20,24,4],[23,15,11,19,3,7,22,10,20,18,9,17,21,14,13,6,24,12,4,5,8,1,2,16],[23,3,11,19,7,15,9,18,22,10,17,21,14,13,5,6,12,24,2,20,4,8],[23,3,11,7,19,15,22,10,18,9,17,21,14,13,8,2,5,24,4,16,1,12,20,6],[3,23,15,11,7,19,21,18,12,9,14,17,13,10,5,22,6,2,8,20,24,1,4,16],[19,7,11,3,15,23,10,18,9,21,17,16,6,14,13,22,12,24,2,5,8,20],[3,7,19,15,23,11,18,10,17,9,22,21,13,8,14,5,24,4,2,20,12,6,1,16],[11,3,15,23,19,7,20,22,10,18,9,17,21,16,6,14,13,2,8,1,24,12,4,5],[15,23,7,19,3,11,12,20,22,17,9,18,21,16,10,8,14,13,5,1,2,6,4,24],[15,19,3,23,7,11,9,24,21,20,18,5,12,6,1,17,2,16,10,14,13,22],[23,3,7,19,15,11,17,10,18,9,22,21,16,6,13,14,12,4,1,2,8,20,5,24],[3,11,15,7,19,23,18,9,22,5,13,8,21,14,17,10,1,2,4,6,12,16,24],[23,19,11,15,3,7,12,9,22,18,14,5,4,17,13,21,10,6,16,20,8,1,2,24],[7,3,23,11,15,19,12,22,18,10,17,9,21,14,13,5,6,1,2,16],[19,11,15,7,3,23,22,20,17,10,18,9,21,13,8,16,14,5,1,2,12,6,24],[11,7,15,3,23,19,24,18,22,9,13,17,21,10,8,14,6,4,20],[19,7,15,3,11,23,24,10,20,18,9,22,17,21,14,13,5,6,12,8,2,16,1],[15,3,7,11,19,23,10,18,17,9,22,21,13,6,14,1,2,4,24,8,12,16,5],[19,7,11,15,3,23,20,21,10,17,18,9,14,13,6,24,22,4,16,12,1,2],[11,19,23,7,15,3,21,10,18,17,9,14,13,8,22,5,12,2,20,4,6,16,24],[7,19,3,11,23,15,9,21,20,13,12,6,2,18,1,22,5,8,14,4,17,10,24],[3,7,11,19,23,15,10,18,17,9,22,21,14,13,6,4,16,8,5,24,12,20,2,1],[23,3,15,11,19,7,10,18,9,22,20,17,21,16,5,14,13,6,2,4,8,24],[7,3,11,19,15,23,10,17,18,9,22,21,14,13,5,6,2,20,8],[11,19,7,15,3,23,10,18,9,21,17,16,8,14,13,22,5,6,1,2,12,20,4],[23,11,3,15,7,19,10,18,17,9,22,21,14,13,6,1,2,24,20],[15,11,23,3,19,7,10,18,9,22,17,21,14,13,6,4,5,8,1,2,20,12],[19,3,11,7,15,23,22,12,17,10,18,9,21,16,6,13,24,14,4,1,2,20,5,8],[23,19,3,15,11,7,10,18,17,9,22,21,14,13,6,1,2,4,12,8,5,20,24,16],[15,3,7,23,19,11,12,17,22,9,18,21,14,13,10,5,4,6,16,20,24,1,8,2],[3,23,15,19,7,11,20,10,18,9,21,17,13,5,14,22,8,1,2,6,16,12],[11,7,15,23,19,3,9,21,20,18,4,22,16,13,5,6,10,17,14,1,8,2,24],[19,11,3,7,23,15,17,10,18,9,22,21,14,13,6,5,1,2,12,24,16,20,8,4],[7,19,15,11,23,3,10,18,9,22,17,21,13,6,14,16,5,8,1,2,20,12,24,4],[11,19,7,23,3,15,17,10,18,9,22,21,13,6,14,4,24,8,1,2,16,20,5],[15,7,23,19,11,3,9,18,22,16,24,17,21,10,6,13,4,14,12],[7,19,23,15,3,11,9,20,21,22,8,14,17,18,13,10,5,4,2,1,6,24,12,16],[11,19,23,7,15,3,12,24,20,21,10,18,9,8,1,16,4,17,22,13,5,14,2,6],[19,3,11,15,23,7,10,18,9,22,17,21,13,14,5,6,1,2,24,8,12,4,20,16],[19,23,3,7,11,15,18,9,22,10,17,21,14,13,5,8,6,12,20,2,1],[11,3,19,15,23,7,12,18,22,9,2,13,6,21,16,24,10,17,14,5,8,20],[3,23,11,19,7,15,20,21,10,17,18,9,13,5,14,22,6,2,8,4,12],[7,19,3,15,23,11,22,17,9,18,21,10,14,13,6,4,16,5,24,12],[15,19,11,7,23,3,22,9,20,17,18,21,10,14,13,6],[15,11,3,19,23,7,17,10,18,9,22,21,13,5,14,6,1,2,8,4,16,12,20,24],[19,3,11,7,15,23,10,18,17,9,22,21,14,13,5,6,16,24,12,4],[7,23,11,15,19,3,10,18,9,22,17,21,14,13,6,20,2],[11,15,7,3,23,19,17,10,18,9,22,21,14,13,8,6,4,2,24,20,12,5,16],[23,11,3,15,19,7,12,21,17,10,18,9,14,13,5,6,22,8,24,4,20],[15,7,23,11,3,19,20,9,4,21,12,13,18,8,24,10,6,14,17,22,5,2,1,16],[23,11,7,19,3,15,17,10,18,9,22,21