{"problem_id":"jjsTfpCLwHnsP8A","sigma":75,"alpha":1.000,"cost":0,"probabilities":"[0.42, 0.06, 0.31, 0.21]","payoff_matrix":"[[-85, -44, -61, 9, -108, -73], [37, 26, -15, 29, 61, -39], [105, -116, -7, 10, 6, 2], [-85, 123, -96, 13, -88, 21]]","uncovered":[[21,1,5,9,17,13,15,7,11,23,3,16,4],[13,21,17,9,1,5,7,15,11,23,3,16,4],[5,9,13,1,21,17,7,15,11,3,4,23,20,24,2,16],[5,9,21,1,13,17,7,11,15,23,3,16,4],[13,21,5,1,9,17,7,15,11,23,3,16,4],[1,5,9,21,13,17,15,7,11,23,3,16,4],[5,21,1,13,17,9,7,11,15,23,3,16,4],[1,21,13,9,17,5,7,11,15,23,3,4,16],[9,13,17,1,21,5,15,7,11,23,3,16,4],[9,13,5,21,1,17,15,7,11,23,19,3,4,16],[17,1,5,9,21,13,15,7,11,23,2,3,16,4],[17,13,1,21,9,5,15,7,11,23,3,4,18,16],[21,1,17,5,13,9,15,7,11,23,3,16,4],[9,21,5,1,17,13,7,15,11,23,2,3,16,4],[9,1,5,13,21,17,7,15,11,23,3,4,16],[5,1,13,21,17,9,15,7,11,3,4,23,16],[1,9,5,21,13,17,15,7,11,3,16,4,23],[21,9,1,17,5,13,15,7,11,23,3,16,4],[21,5,13,17,9,1,15,7,11,23,3,4,18,2,16],[9,21,5,17,13,1,7,11,15,23,24,3,4,16],[21,5,13,9,17,1,15,7,11,23,3,16,4],[13,1,17,9,5,21,7,11,15,23,3,4,16],[1,9,17,21,13,5,15,7,11,23,3,16,4],[9,21,13,5,17,1,15,7,11,23,3,4,19,16],[13,1,17,5,21,9,7,11,15,23,3,16,4],[5,13,17,21,1,9,15,7,11,23,3,4,16],[9,17,1,21,5,13,15,7,11,23,3,4,16],[17,21,5,1,13,9,15,7,11,23,3,4,14,12,24,16],[13,9,5,17,21,1,7,15,11,23,3,4,16],[13,1,9,5,17,21,15,7,11,23,3,4,16],[5,1,17,13,9,21,7,11,23,15,3,4,16],[21,9,17,1,13,5,15,7,11,23,3,4,2,10,16],[13,5,9,21,1,17,7,15,11,23,3,16,4],[1,17,5,13,21,9,7,11,15,23,2,3,16,4],[9,21,1,13,5,17,7,11,15,23,3,4,12,2,16],[21,9,17,1,13,5,7,11,23,15,3,4,6,20,10,14,12,2,16],[9,21,1,13,17,5,7,11,15,23,3,16,4],[13,5,17,21,1,9,15,7,11,23,3,4,22,19,14,16],[13,1,5,17,21,9,15,7,11,23,3,4,14,20,16],[13,9,17,5,21,1,7,11,15,23,19,3,16,4],[5,21,13,1,17,9,7,15,11,23,3,4,22,19,2,16],[13,1,17,21,5,9,7,15,11,23,6,3,16,4],[1,5,13,21,9,17,7,15,11,23,3,4,16],[5,21,9,13,17,1,15,7,11,23,3,16,4],[9,13,1,17,5,21,7,11,15,3,4,23,12,19,16],[13,9,17,21,1,5,7,15,11,23,3,4,19,12,10,2,16],[21,1,13,17,9,5,15,7,11,23,3,16,4],[21,1,17,5,13,9,15,7,11,23,19,3,4,16],[17,13,5,1,9,21,15,7,11,23,2,3,4,16],[17,21,13,5,1,9,15,7,11,4,23,19,6,10,24,8,12],[17,21,5,13,9,1,7,11,15,23,2,3,16,4],[13,17,1,21,5,9,7,11,15,12,23,3,4,19,6,24],[9,17,21,5,13,1,15,7,11,23,3,4,16],[13,17,1,9,21,5,7,11,15,23,18,3,16,4],[21,5,1,9,13,17,7,15,11,23,3,16,4],[13,1,9,21,5,17,15,7,11,23,10,19,3,16,4],[5,21,17,9,13,1,15,7,11,23,3,16,4],[13,17,5,1,21,9,7,11,15,23,4,20,16],[1,5,9,17,21,13,15,7,11,23,3,16,4],[5,17,1,21,9,13,7,15,11,23,18,22,3,16,4],[1,9,13,17,5,21,15,7,11,23,3,16,4],[13,9,1,5,17,21,7,11,23,15,3,4,18,24,16],[21,1,9,5,17,13,15,7,11,23,3,16,4],[9,5,13,21,17,1,7,15,11,23,3,4,10,12,22,16],[13,5,1,17,21,9,7,11,15,23,3,16,4],[13,5,17,9,1,21,7,11,15,23,3,16,4],[1,9,21,5,13,17,7,11,15,23,3,4,16],[17,21,1,5,13,9,15,7,11,23,3,16,4],[5,13,17,9,1,21,15,7,11,23,3,4,19,16],[1,21,5,17,9,13,7,11,15,23,3,4,16],[17,1,9,21,13,5,15,7,11,23,3,4,16],[13,9,5,1,21,17,15,7,11,3,4,23,16],[9,1,13,21,17,5,7,11,15,23,4,3,16],[5,21,17,9,13,1,15,7,11,23,3,4,12,16],[9,13,21,1,17,5,7,11,15,3,16,4,23],[13,1,5,17,21,9,7,11,15,23,20,3,4,16],[21,1,5,9,17,13,7,11,15,23,3,16,4],[5,9,13,17,1,21,15,7,11,23,3,16,4],[9,13,5,21,17,1,7,15,11,23,3,4,20,16],[17,5,21,13,9,1,15,7,11,23,3,4,6,12,19,16],[13,17,5,9,21,1,7,11,23,15,4,10,19,2,24,16],[9,13,5,1,21,17,7,15,11,23,3,4,16],[21,9,17,13,1,5,7,11,15,23,3,4,14,19,12,6,16],[5,13,21,9,1,17,7,11,15,23,4,19,14,10,22,6,24,18,2,8,16],[13,21,17,1,9,5,7,11,15,23,2,3,4,12,16],[17,1,21,9,13,5,7,11,15,23,3,16,4],[1,17,13,5,21,9,7,11,15,23,8,3,4,16],[9,17,21,1,5,13,15,7,11,23,3,16,4],[9,5,17,21,13,1,15,7,11,23,3,4,24,8,16],[13,9,5,21,17,1,7,15,11,23,3,16,4],[5,9,21,17,13,1,15,7,11,23,3,4,20,16],[13,1,17,5,21,9,7,15,11,23,3,16,4],[13,1,17,5,21,9,7,11,15,3,16,4,23],[5,17,9,13,21,1,15,7,11,23,3,4,2,16],[21,5,9,17,13,1,7,15,11,23,3,16,4],[21,1,5,17,13,9,7,15,11,23,20,3,4,14,16],[21,13,1,17,9,5,7,11,15,3,4,23,22,16],[17,9,21,13,5,1,15,7,11,23,3,4,19,2,18,16],[1,17,5,13,9,21,15,7,11,3,4,23,24,16],[17,13,1,9,5,21,7,11,15,23,3,16,4],[9,17,5,13,1,21,7,15,11,23,2,3,4,16],[13,5,17,1,9,21,7,15,11,23,3,16,4],[21,13,9,17,1,5,7,15,11,23,3,4,12,6,16],[13,21,1,17,5,9,7,11,15,23,3,16,4],[1,17,9,13,5,21,15,7,11,23,3,4,16],[1,13,17,21,5,9,15,7,11,23,3,4,19,16],[9,21,13,17,5,1,15,7,11,23,3,4,16],[9,21,13,5,17,1,7,15,11,23,2,3,16,4],[21,13,17,9,5,1,7,15,11,23,3,16,4],[13,5,9,1,17,21,15,7,11,23,3,4,10,19,12,16],[13,21,9,1,5,17,7,11,15,23,3,4,24,18,12,6,19],[13,17,21,5,1,9,7,11,15,23,3,16,4],[9,17,21,1,13,5,7,15,11,23,3,16,4],[17,5,9,21,13,1,7,11,15,23,3,4,16],[13,21,9,17,1,5,7,15,11,3,16,4,23],[13,5,9,21,17,1,15,7,11,23,3,4,18,16],[9,5,17,1,21,13,7,15,11,23,3,4,24,6,16],[9,5,17,21,1,13,15,7,11,23,2,3,4,16],[1,17,13,21,9,5,15,7,11,23,3,16,4],[13,17,5,1,9,21,15,7,11,23,3,4,18,12,16],[17,5,21,9,13,1,15,7,11,23,24,10,3,16,4],[17,9,5,13,1,21,7,15,11,23,3,16,4],[13,17,1,9,21,5,15,7,11,23,3,16,4],[17,1,5,13,9,21,7,15,11,3,16,4,23],[17,5,13,9,1,21,7,11,15,23,4,3,19,16],[9,1,17,21,13,5,15,7,11,23,18,3,4,6,16],[1,13,17,21,5,9,7,15,11,23,3,16,4],[9,5,17,13,21,1,7,11,15,23,3,16,4],[21,17,13,5,9,1,15,7,11,23,3,16,4],[13,5,9,21,17,1,15,7,11,23,3,16,4],[5,13,21,17,9,1,15,7,11,23,3,4,19,16],[9,5,21,17,13,1,7,15,11,23,3,16,4],[9,13,17,21,1,5,15,7,11,23,3,16,4],[21,9,17,13,1,5,7,11,15,23,3,4,14,18,16],[13,17,1,9,21,5,7,11,15,24,3,16,4,23],[9,13,1,17,21,5,15,7,11,23,3,4,6,22,16],[17,21,9,5,1,13,15,7,11,23,3,4,14,2,16],[17,5,13,9,21,1,15,7,11,23,3,16,4],[21,1,17,9,13,5,7,11,15,23,3,16,4],[13,5,21,17,9,1,15,7,11,3,16,4,23],[21,1,9,5,17,13,15,7,11,23,3,4,18,16],[13,9,1,5,21,17,7,11,15,23,24,3,4,18,19,16],[9,1,17,13,21,5,7,11,15,23,14,4,19,22,8,18,12],[13,9,17,21,1,5,7,15,11,24,23,8,3,16,4],[1,17,13,21,9,5,15,7,11,23,3,16,4],[5,13,21,17,9,1,15,7,11,23,3,4,16],[5,9,1,13,21,17,7,11,15,23,3,16,4],[1,13,5,9,21,17,15,7,11,23,3,4,19,16],[17,21,13,1,5,9,15,7,11,23,3,4,10,19,8,16],[5,17,21,9,1,13,7,15,11,23,3,4,19,24,16],[21,17,1,5,13,9,7,11,15,23,3,4,16],[13,9,21,5,1,17,7,15,11,23,3,4,16],[5,21,1,17,9,13,7,11,23,15,3,16,4],[21,1,9,17,5,13,15,7,11,23,3,4,12,10,16],[1,13,17,9,5,21,7,15,11,23,4,12,24,20],[17,9,1,13,21,5,7,11,15,23,20,3,4,16],[17,1,21,9,13,5,15,7,11,23,18,3,16,4],[13,9,17,1,5,21,15,7,11,23,3,4,19,16],[17,1,13,5,9,21,15,7,11,23,3,4,2,16],[17,1,13,21,5,9,15,7,11,23,3,4,18,6,20,16],[5,1,13,9,21,17,15,7,11,23,18,3,16,4],[17,1,5,21,9,13,15,7,11,23,3,4,16],[9,1,21,13,17,5,7,11,15,23,3,16,4],[5,1,21,13,9,17,7,15,11,23,3,4,16],[9,1,21,13,5,17,7,15,11,23,3,4,24,12,14,16],[17,9,21,5,1,13,7,11,15,23,3,16,4],[5,17,13,21,9,1,15,7,11,23,3,4,16],[1,21,17,13,5,9,7,11,15,23,3,16,4],[9,5,13,1,21,17,7,15,11,23,3,16,4],[13,17,1,9,5,21,15,7,11,23,4,16],[5,13,17,21,1,9,15,7,11,23,3,4,19,16],[9,1,21,13,17,5,7,15,11,23,3,16,4],[1,9,5,21,13,17,15,7,11,3,16,4,23],[17,1,5,13,9,21,7,11,15,23,3,4,16],[13,5,1,21,9,17,15,7,11,23,4,22,18,19,8,6,16],[21,5,17,13,1,9,15,7,11,23,3,16,4],[5,1,13,21,9,17,7,15,11,23,4,3,19,8,12,16],[5,21,17,1,13,9,15,7,11,23,3,4,16],[13,17,1,9,21,5,7,15,11,23,3,4,22,18,19,16],[1,5,13,17,21,9,15,7,11,23,2,3,4,16],[9,1,17,13,21,5,7,15,11,23,3,4,6,20,12,2,16],[5,1,21,17,9,13,7,11,15,23,19,3,16,4],[13,5,17,9,21,1,7,11,15,23,3,16,4],[13,1,17,5,21,9,15,7,11,23,3,4,16],[5,17,9,21,1,13,7,15,11,23,3,4,16],[17,1,21,13,5,9,7,15,11,24,23,3,16,4],[1,5,13,17,21,9,7,11,15,23,14,3,4,24,16],[1,13,5,21,9,17,7,11,15,16,23,20,22,4],[21,5,9,13,17,1,15,7,11,23,3,4,16],[21,1,17,13,9,5,15,7,11,23,19,3,4,16],[13,9,17,21,1,5,15,7,11,23,3,16,4],[5,9,13,17,1,21,7,11,15,23,3,4,10,8,20,16],[17,5,13,21,1,9,7,11,15,23,3,4,16],[9,1,13,5,21,17,7,15,11,23,3,16,4],[13,21,9,17,5,1,7,11,15,23,3,16,4],[9,1,17,5,13,21,15,7,11,23,3,4,20,16],[13,5,17,9,21,1,7,11,15,23,3,16,4],[1,17,21,13,9,5,7,15,11,23,3,16,4],[21,17,1,9,13,5,7,11,23,15,4,22,24,19,16],[21,1,17,13,5,9,7,11,15,23,2,3,16,4],[13,17,1,9,21,5,7,11,15,23,4,12,19,20,6,22],[21,5,9,1,17,13,15,7,11,23,3,4,16],[9,17,13,1,21,5,15,7,11,23,20,3,16,4],[17,1,13,21,5,9,7,11,15,23,2,3,16,4],[9,1,5,13,21,17,7,15,11,3,16,4,23],[1,5,21,13,9,17,15,7,11,23,3,4,19,16],[21,9,1,17,5,13,15,7,11,23,3,16,4],[9,17,13,5,21,1,15,7,11,23,3,4,18,16],[9,21,17,5,13,1,7,11,15,23,3,4,20,24,16],[5,17,13,21,9,1,7,15,11,23,3,16,4],[9,13,5,21,1,17,15,7,11,23,3,4,16],[9,1,13,5,21,17,7,11,15,23,3,16,4],[13,9,1,21,17,5,15,7,11,23,3,4,14,16],[5,1,21,17,9,13,7,15,11,23,24,3,4,16],[9,5,13,21,17,1,7,15,11,23,3,16,4],[5,13,21,1,9,17,7,11,23,15,4,22,18,16],[17,9,5,21,13,1,15,7,11,23,3,4,20,24,16],[9,17,13,21,1,5,15,7,11,23,3,16,4],[9,17,13,1,21,5,15,7,11,23,3,16,4],[5,1,13,17,21,9,15,7,11,23,3,16,4],[5,17,9,13,1,21,15,7,11,23,24,3,16,4],[13,9,5,21,17,1,7,11,15,23,18,12,19,3,16,4],[5,21,17,1,9,13,15,7,11,23,3,16,4],[1,17,5,21,13,9,7,15,11,23,3,4,19,16],[13,9,1,21,5,17,15,7,11,23,3,4,16],[5,1,13,9,17,21,15,7,11,23,3,4,16],[9,21,17,13,5,1,7,11,15,23,3,16,4],[21,17,13,1,9,5,15,7,11,23,2,19,3,16,4],[5,1,9,17,21,13,7,11,15,23,3,16,4],[17,1,13,5,9,21,15,7,23,11,3,4,16],[13,1,17,5,21,9,7,11,15,23,3,4,6,16],[13,9,21,5,1,17,15,7,11,23,3,16,4],[13,1,21,5,17,9,15,7,11,23,3,4,8,16],[21,5,9,17,1,13,15,7,11,23,3,4,6,16],[21,9,17,5,13,1,7,11,15,23,3,4,19,16],[1,13,5,9,21,17,7,15,11,23,3,4,16],[13,21,9,17,1,5,7,15,11,24,23,4,16],[9,1,21,17,5,13,15,7,11,23,16,14,22,8,3,4],[9,13,21,17,1,5,7,11,15,19,23,3,16,4],[21,17,5,13,9,1,15,7,11,23,18,3,16,4],[17,21,1,9,5,13,7,11,15,23,3,4,14,12,16],[5,17,1,21,9,13,7,15,11,23,3,16,4],[17,13,5,1,21,9,15,7,11,23,4,12,18,20,10,16],[9,21,1,17,13,5,7,15,11,23,3,4,24,6,19,16],[9,21,5,17,1,13,15,7,11,23,3,16,4],[13,5,17,1,21,9,7,15,11,23,19,3,4,20,16],[9,1,21,17,5,13,7,11,15,23,3,16,4],[13,21,17,9,1,5,7,11,15,23,2,3,16,4],[21,1,13,17,5,9,7,15,11,23,3,16,4],[13,5,9,17,21,1,7,15,11,23,3,4,16],[1,5,21,17,13,9,7,11,15,24,23,3,16,4],[17,9,13,1,5,21,15,7,11,23,3,4,16],[5,1,13,21,9,17,7,11,15,3,4,23,6,8,14,10,19,20,16],[1,5,21,13,17,9,7,11,15,23,3,4,19,12,16],[17,13,5,21,1,9,15,7,11,23,3,4,16],[17,1,5,13,21,9,7,15,11,23,4,16],[1,5,9,17,21,13,7,11,15,23,2,3,4,22,12,16],[1,21,9,13,5,17,15,7,11,23,2,3,16,4],[17,1,21,9,5,13,15,7,11,23,3,4,24,16],[1,5,9,13,17,21,7,15,11,22,23,3,4,16],[21,1,9,17,5,13,7,11,15,23,3,16,4],[13,21,17,5,9,1,15,7,11,23,12,3,4,19,18,16],[9,1,5,17,13,21,15,7,11,23,3,4,19,16],[1,13,9,21,5,17,15,7,11,23,3,4,19,24,14,16],[5,21,1,17,9,13,7,11,15,23,2,4,20,19,16],[13,1,5,17,21,9,7,15,11,23,3,16,4],[17,1,13,5,9,21,7,15,11,23,3,4,16],[21,5,13,1,9,17,7,11,15,23,3,4,19,16],[9,1,13,17,21,5,7,11,15,23,3,4,16],[5,9,13,17,21,1,7,11,23,15,3,16,4],[21,1,5,17,13,9,15,7,11,23,22,3,16,4],[1,21,9,5,17,13,15,7,11,23,3,4,14,19,16],[13,5,17,21,9,1,15,7,11,23,3,4,14,12,24,10,16],[1,9,21,17,13,5,15,7,11,23,3,4,10,19,16],[5,1,17,9,13,21,15,7,11,3,16,4,24,23],[13,5,9,1,17,21,15,7,11,22,23,3,4,16],[1,13,5,21,17,9,7,11,15,23,3,4,8,24,12,16],[17,1,13,21,9,5,7,11,15,23,3,16,4],[13,21,1,17,9,5,7,15,11,3,16,4,23],[5,21,17,13,1,9,15,7,11,23,3,16,4],[21,5,1,17,9,13,15,7,11,23,3,4,16],[17,21,13,5,1,9,15,7,11,23,19,3,4,16],[13,5,17,9,1,21,15,7,11,23,16,12,3,4],[21,17,5,1,9,13,7,15,11,23,3,16,4],[5,21,1,9,13,17,7,11,23,15,3,16,4],[13,5,21,1,9,17,15,7,11,24,23,3,16,4],[17,9,5,1,21,13,7,11,15,23,3,4,19,16],[1,5,9,17,21,13,15,7,11,23,3,16,4],[13,9,21,1,5,17,15,7,11,23,3,4,16],[17,1,13,9,21,5,7,11,15,23,3,4,24,16],[21,9,13,1,5,17,15,7,11,23,3,16,4],[9,5,13,17,1,21,15,7,11,23,3,4,16],[9,13,17,21,1,5,7,15,11,23,3,16,4],[13,17,5,1,21,9,7,11,15,23,3,4,20,14,16],[9,21,13,1,5,17,7,15,11,23,3,4,16],[21,13,1,9,17,5,15,7,11,23,14,3,4,22,16],[17,9,13,1,21,5,7,15,11,23,3,4,16],[5,17,21,1,13,9,15,7,11,23,3,16,4],[1,5,21,17,13,9,7,15,23,11,3,4,22,16],[5,9,17,21,13,1,7,15,11,3,4,23,16],[5,1,17,21,13,9,7,11,15,23,3,4,16],[17,5,21,1,9,13,7,11,15,23,2,3,16,4],[17,9,1,5,13,21,15,7,11,23,3,16,4],[5,17,21,13,9,1,15,7,11,3,16,4,24,23],[5,1,9,21,17,13,7,15,11,4,23,12,16],[13,21,9,1,17,5,7,11,15,23,3,4,16],[21,17,9,1,13,5,7,11,15,3,16,4,23],[13,1,21,9,5,17,7,11,15,23,3,16,4],[17,21,9,13,5,1,15,7,11,23,3,16,4],[1,13,21,9,5,17,7,11,15,3,16,4,23],[21,9,13,1,17,5,7,15,11,23,3,4,20,16],[5,9,17,13,1,21,7,15,11,23,22,3,4,2,16],[21,1,13,5,9,17,7,11,15,23,3,4,16],[17,9,13,1,21,5,15,7,11,23,19,3,4,18,16],[17,21,13,1,9,5,7,15,11,23,6,3,4,16],[21,1,5,17,9,13,15,7,11,23,3,16,4],[1,9,13,17,21,5,15,7,11,23,3,4,12,22,19,16],[21,17,13,1,5,9,7,15,11,23,12,3,4,19,2,16],[21,9,5,1,17,13,15,7,11,23,3,4,16],[13,21,5,9,17,1,7,11,15,23,3,16,4],[9,21,13,5,1,17,15,7,11,23,3,4,19,12,16],[17,21,13,1,5,9,7,15,11,23,3,16,4],[1,17,9,21,13,5,15,7,11,23,3,16,4],[5,1,13,21,17,9,15,7,11,23,19,20,3,16,4],[9,17,13,1,21,5,7,11,15,23,3,16,4],[9,17,13,21,5,1,15,7,11,23,22,3,16,4],[1,5,17,9,13,21,15,7,11,23,3,4,18,8,16],[17,9,21,5,13,1,15,7,11,23,3,16,4],[5,13,21,1,9,17,7,11,15,23,3,16,4],[1,21,9,13,17,5,15,7,11,23,3,4,24,20,14,16],[5,17,13,21,1,9,7,11,23,15,3,16,4],[9,1,17,5,21,13,7,15,11,23,3,16,4],[17,5,9,13,1,21,15,7,11,23,16,3,4],[13,1,5,17,9,21,15,7,11,23,3,16,4],[9,17,21,5,1,13,7,15,11,23,3,16,4],[1,5,9,17,21,13,15,7,11,23,4,16],[13,1,9,5,21,17,7,11,15,23,3,4,19,12,16],[9,5,17,13,1,21,15,7,11,23,19,3,4,14,16],[9,21,17,5,1,13,15,7,11,23,3,16,4],[9,1,5,13,21,17,7,15,11,23,2,3,16,4],[9,5,17,1,13,21,7,11,15,23,14,4,2,3,12,20,16],[9,21,5,17,13,1,7,11,15,23,3,16,4],[5,1,21,17,13,9,15,7,11,23,4,16],[1,13,17,5,9,21,15,7,11,23,3,4,16],[9,5,17,1,13,21,7,15,11,23,3,4,24,16],[5,1,17,21,9,13,7,11,15,23,3,4,19,16],[13,5,1,9,21,17,7,15,11,23,3,4,19,12,24],[21,5,13,9,1,17,15,7,11,23,3,16,4],[5,13,9,21,1,17,7,15,11,3,4,23,12,16],[17,21,9,5,13,1,7,15,11,23,3,4,16],[21,13,5,17,1,9,7,11,15,23,3,4,19,16],[9,17,1,5,21,13,15,7,11,23,3,16,4],[9,13,5,21,17,1,15,7,11,23,22,3,4,16],[13,21,17,5,1,9,15,7,11,23,3,4,16],[5,1,9,13,17,21,15,7,11,23,3,4,14,18,16],[13,17,21,5,1,9,15,7,11,23,3,16,4],[17,13,21,9,1,5,15,7,11,23,3,16,4],[9,21,1,13,5,17,7,11,15,23,3,16,4],[17,9,13,5,21,1,7,11,15,23,3,4,16],[9,17,5,1,13,21,15,7,11,23,3,16,4],[17,9,5,21,13,1,7,11,15,23,3,16,4],[1,17,21,9,13,5,15,7,11,23,4,16],[13,5,9,17,1,21,7,11,15,23,3,16,4],[17,13,1,9,5,21,15,7,11,3,16,4,23],[9,5,17,1,13,21,7,15,11,3,16,4,2,23],[21,5,17,13,1,9,15,7,11,23,12,3,4,18,16],[13,1,17,9,5,21,7,11,15,23,4,19,20,12,22],[1,9,13,5,17,21,15,7,11,23,3,16,4],[13,9,21,1,5,17,7,11,15,3,4,23,16],[17,13,9,21,5,1,7,15,11,23,3,4,16],[17,1,9,5,21,13,15,7,11,23,3,4,20,16],[13,1,5,9,17,21,15,7,11,23,3,4,16],[17,5,1,21,9,13,7,11,15,23,3,4,18,19,24,20,12],[17,21,9,5,13,1,15,7,11,23,3,4,16],[5,1,17,9,13,21,15,7,11,3,4,23,16],[5,1,9,17,13,21,7,11,23,15,3,4,24,22,16],[9,21,5,1,13,17,7,15,11,3,16,4,23],[13,21,9,1,5,17,7,11,15,23,3,16,4],[13,21,5,9,1,17,15,7,11,23,3,16,4],[17,1,9,5,13,21,15,7,11,23,3,16,4],[13,21,1,5,9,17,7,11,15,23,3,16,4],[5,1,9,21,13,17,7,15,11,23,3,16,4],[21,9,13,1,5,17,7,11,15,23,3,16,4],[17,1,9,21,13,5,15,7,11,23,19,4,20,14,12],[13,21,1,5,17,9,15,7,11,23,3,16,4],[17,13,21,9,1,5,15,7,11,23,3,4,19,16],[17,13,9,21,1,5,15,7,11,19,23,4,16],[1,17,13,9,21,5,15,7,11,3,16,4,23],[5,9,17,1,21,13,15,7,11,23,3,16,4],[17,1,21,9,5,13,15,7,11,23,3,4,16],[13,17,5,1,21,9,15,7,11,23,3,4,8,19,16],[1,5,9,17,13,21,7,15,11,23,4,19,12,3,16],[13,5,17,1,9,21,15,7,11,23,4,12,19,24],[13,17,21,5,1,9,15,7,11,23,3,4,24,16],[5,17,13,21,9,1,7,11,15,23,3,16,4],[1,5,21,9,17,13,15,7,11,23,22,3,4,19,16],[21,9,13,17,1,5,15,7,11,23,3,16,4],[13,9,17,1,21,5,15,7,11,24,23,3,16,4],[9,21,1,5,13,17,7,11,15,23,3,4,19,24,16],[5,21,9,17,13,1,7,11,15,23,3,4,16],[17,21,1,5,9,13,15,7,11,23,12,3,4,18,19,24],[13,17,21,5,9,1,7,11,15,23,3,4,16],[13,17,21,1,5,9,7,11,23,15,3,16,4],[1,21,9,13,5,17,7,11,15,23,16,4],[1,21,9,17,5,13,15,7,11,23,3,16,4],[13,17,1,21,5,9,15,7,11,23,3,16,4],[1,5,21,17,9,13,15,7,11,24,23,2,3,4,16],[1,9,13,5,21,17,15,7,11,23,4,19,12,22,10,20],[9,21,17,5,13,1,15,7,11,23,12,3,4,14,16],[5,9,17,13,21,1,7,15,11,23,3,16,4],[13,1,17,21,9,5,15,7,11,23,3,16,4],[5,13,21,17,1,9,7,15,11,23,3,16,4],[21,9,13,17,1,5,7,15,11,22,23,2,3,4,16],[17,1,5,21,9,13,15,7,11,23,3,4,14,18,19,24,16],[9,5,1,21,17,13,15,7,11,23,3,16,4],[13,5,21,17,1,9,7,15,11,19,23,3,4,14,10,22,6,16],[9,1,5,13,17,21,7,15,11,23,3,4,16],[21,17,1,9,5,13,15,7,11,23,3,4,16],[5,13,21,17,1,9,15,7,11,23,19,2,3,4,16],[1,17,13,5,21,9,15,7,11,23,3,4,8,16],[9,21,1,17,5,13,7,11,15,23,19,3,16,4],[17,5,13,9,21,1,7,15,11,23,4,19,12,18,10,2,14,3,16],[17,5,9,13,1,21,15,7,11,23,3,16,4],[1,17,5,13,9,21,15,7,11,23,4,20,16],[5,13,21,1,17,9,7,11,15,23,3,4,6,14,16],[17,21,9,5,13,1,7,15,11,23,3,4,16],[9,5,21,17,1,13,15,7,11,23,3,16,4],[21,1,5,13,17,9,7,15,11,23,3,4,12,18,16],[9,5,13,21,17,1,7,11,15,23,3,16,4],[1,21,13,17,5,9,7,15,11,3,16,4,23],[21,9,5,1,17,13,15,7,11,3,16,4,23],[1,21,5,17,13,9,7,11,15,24,23,3,16,4],[13,1,17,9,21,5,15,7,11,24,23,20,3,4,16],[21,17,9,1,13,5,7,11,15,23,3,16,4],[13,17,21,9,5,1,15,7,11,23,16,3,4],[17,5,9,13,1,21,15,7,11,23,10,3,4,19,20,18,16],[9,21,5,1,13,17,7,11,15,23,12,3,4,19,10,22,16],[13,5,17,9,21,1,15,7,11,23,3,16,4],[9,13,5,21,17,1,7,15,11,23,3,16,4],[9,5,21,17,1,13,15,7,11,23,3,16,4],[21,5,17,9,1,13,7,15,11,23,3,4,16],[9,13,1,5,21,17,15,7,11,23,3,16,4],[17,1,5,21,9,13,15,7,11,23,3,4,20,12,24],[21,13,17,9,1,5,15,7,11,23,3,4,16],[17,21,13,1,5,9,15,7,11,23,3,4,19,16],[9,5,13,21,1,17,15,7,11,23,3,4,8,16],[1,13,21,17,5,9,15,7,11,23,3,4,24,16],[13,21,1,9,5,17,7,15,11,23,4,8,16],[21,9,5,17,1,13,7,11,15,23,3,16,4],[13,9,5,17,21,1,15,7,11,23,3,16,4],[9,5,13,17,1,21,15,7,11,20,23,3,4,14,16],[1,5,9,13,17,21,15,7,11,23,3,4,19,20,16],[21,17,5,1,9,13,15,7,11,23,3,4,16],[13,1,21,9,17,5,7,15,11,23,3,16,4],[13,21,5,17,9,1,7,15,11,23,3,4,16],[17,13,1,5,9,21,7,15,11,23,3,4,18,20,16],[5,17,13,21,1,9,7,15,11,23,3,4,16],[17,13,5,1,21,9,7,15,11,23,3,16,4],[13,9,21,17,5,1,15,7,11,23,3,16,4],[1,5,13,21,9,17,15,7,11,23,3,16,4],[13,17,21,5,1,9,7,15,11,23,3,16,4],[9,21,17,13,1,5,15,7,11,23,3,16,4],[9,13,17,1,5,21,7,11,15,23,3,4,22,16],[1,5,21,13,9,17,7,15,11,23,2,3,16,4],[21,17,9,5,13,1,7,11,15,23,3,16,4],[9,21,5,13,1,17,15,7,11,23,3,4,16],[17,5,13,9,21,1,7,11,15,23,3,4,16],[21,9,5,13,17,1,7,11,15,23,4,14,24,6,22,12,16],[1,13,9,17,21,5,7,11,15,23,3,16,4],[5,17,21,1,13,9,15,7,11,2,23,3,16,4],[13,17,5,21,1,9,7,11,15,23,3,16,4],[17,1,21,13,5,9,7,15,11,23,3,16,4],[17,5,21,1,13,9,15,7,11,23,3,4,12,16],[21,1,13,9,5,17,7,11,15,23,3,4,16],[21,1,5,13,9,17,15,7,11,23,20,4,8,24,16],[9,17,1,21,5,13,15,7,11,23,3,4,16],[5,1,17,13,9,21,15,7,11,23,3,16,4],[13,1,9,5,21,17,7,15,11,23,3,16,4],[17,9,21,1,13,5,15,7,11,23,18,3,16,4],[17,9,1,5,21,13,7,11,15,23,3,16,4],[13,17,1,21,9,5,15,7,11,23,3,4,16],[21,17,5,9,1,13,7,15,11,23,10,3,16,4],[17,13,5,21,1,9,15,7,11,23,3,16,4],[5,13,17,9,21,1,7,11,15,23,3,16,4],[21,9,1,13,5,17,15,7,11,23,3,4,22,18,19,16],[17,13,9,5,21,1,15,7,11,3,4,23,16],[17,1,9,5,21,13,15,7,11,23,3,4,22,16],[17,1,21,13,5,9,15,7,11,23,3,4,16],[13,17,21,5,1,9,7,11,15,23,3,16,4],[9,1,13,17,5,21,7,15,11,23,2,3,16,4],[21,5,13,1,17,9,15,7,11,23,4,19,3,16],[5,1,9,17,21,13,15,7,11,23,3,4,10,24,12,18,19],[9,13,5,21,17,1,15,7,11,23,3,16,4],[1,21,9,5,17,13,15,7,11,23,3,16,4],[21,17,9,1,5,13,7,11,15,23,3,16,4],[9,13,17,21,5,1,7,11,15,16,23,3,4],[5,9,21,1,13,17,15,7,11,23,3,4,22,16],[1,9,13,5,17,21,15,7,11,23,22,19,3,16,4],[1,17,9,21,13,5,15,7,11,23,3,4,6,16],[17,13,9,21,5,1,15,7,11,3,4,19,23,18,16],[21,5,13,9,1,17,15,7,11,23,3,4,16],[1,13,5,17,21,9,7,15,11,23,20,3,4,16],[21,13,5,17,9,1,7,11,15,23,14,20,3,4,8,16],[17,13,21,1,9,5,15,7,11,23,3,4,18,16],[9,1,5,17,21,13,15,7,11,23,3,4,16],[1,5,9,13,21,17,15,7,11,23,3,4,16],[17,13,5,9,1,21,15,7,11,23,3,4,18,20,19,2,12,16],[13,1,21,9,5,17,15,7,11,3,4,23,24,19,12],[21,13,9,1,17,5,15,7,11,23,3,4,10,8,16],[21,1,9,13,17,5,15,7,11,23,3,4,6,24,20,16],[1,21,13,9,5,17,7,11,15,23,3,16,4],[9,17,5,1,13,21,7,11,15,23,3,4,19,16],[13,1,5,17,21,9,7,11,15,23,3,4,16],[17,13,21,5,1,9,15,7,11,23,3,4,20,16],[5,17,13,21,1,9,15,7,11,23,3,4,16],[9,21,5,13,17,1,15,7,11,23,3,4,24,22,20,16],[9,5,17,13,21,1,7,11,15,23,24,4,20,12],[21,1,17,13,9,5,15,7,11,23,3,4,20,12,16],[1,5,17,9,13,21,7,11,15,23,3,4,12,6,20,16],[9,5,13,17,1,21,7,11,15,23,3,4,19,16],[1,13,21,17,5,9,7,11,15,23,3,4,16],[13,5,9,21,17,1,15,7,11,23,3,4,16],[21,1,5,17,13,9,7,11,15,23,22,3,16,4],[1,21,9,5,17,13,7,15,11,23,3,4,12,22,16],[13,21,9,1,5,17,7,11,15,23,3,4,19,16],[21,1,9,5,13,17,7,15,11,23,4,19,18,6,22,20,8,10,24,16],[9,5,13,21,17,1,15,7,11,23,3,4,20,16],[21,9,13,5,17,1,15,7,11,23,3,4,16],[21,5,13,17,1,9,7,15,11,23,3,4,24,16],[9,17,21,1,5,13,7,15,11,23,20,3,4,19,16],[21,5,1,13,17,9,7,15,11,23,3,16,4],[5,1,17,13,9,21,7,11,15,23,3,16,4],[1,21,9,5,17,13,15,7,11,23,20,3,16,4],[13,5,9,1,17,21,7,11,15,23,3,4,24,16],[21,5,17,13,9,1,15,7,11,23,3,4,22,16],[5,21,13,17,1,9,15,7,11,23,3,16,4],[9,17,5,1,13,21,15,7,11,23,16,8,20,3,4],[17,13,1,21,9,5,7,11,15,23,18,3,16,4],[17,13,1,9,5,21,15,7,11,23,3,4,16],[21,13,1,17,5,9,7,11,15,23,6,3,16,4],[1,9,21,17,5,13,15,7,11,23,3,16,4],[17,1,13,21,5,9,7,11,15,23,3,4,22,20,10,16],[17,5,21,9,13,1,15,7,11,23,3,16,4],[21,9,5,13,1,17,15,7,11,3,16,4,23],[13,21,17,5,1,9,15,7,11,23,3,4,16],[13,1,17,9,21,5,7,11,15,23,3,4,19,16],[9,5,17,13,21,1,15,7,11,23,3,4,16],[5,9,21,1,13,17,15,7,11,23,3,16,4],[13,21,1,17,5,9,15,7,11,23,3,16,4],[9,17,13,21,5,1,7,11,23,15,3,4,24,16],[21,13,5,9,1,17,7,15,11,23,3,4,16],[13,1,21,17,5,9,7,15,11,23,18,3,4,20,16],[17,13,21,1,9,5,7,15,11,23,3,16,4],[1,21,5,9,13,17,7,15,11,22,23,19,3,16,4],[21,13,9,5,1,17,7,11,15,23,3,4,22,16],[5,13,17,9,21,1,7,11,15,23,3,16,4],[9,13,1,17,5,21,15,7,11,23,2,4,10,18,19,14,22,24,6,12],[1,13,21,9,17,5,15,7,11,23,3,4,16],[13,21,9,5,1,17,15,7,11,23,2,3,16,4],[5,17,13,1,21,9,7,15,11,23,18,6,16,3,4],[17,21,1,13,5,9,15,7,11,23,3,16,4],[5,9,21,17,13,1,15,7,11,23,19,2,3,16,4],[13,1,17,21,5,9,15,7,11,23,4,19,2,3,20,12,16],[21,1,13,17,9,5,7,11,15,23,3,16,4],[21,5,17,9,13,1,15,7,11,23,3,4,24,16],[17,9,5,21,13,1,7,15,11,23,4,19,8,24,6,12],[17,9,13,21,1,5,7,15,11,23,2,3,4,16],[21,9,1,5,13,17,7,15,11,23,3,4,19,16],[13,1,5,9,17,21,7,15,11,3,16,4,23],[5,21,17,1,13,9,7,15,11,23,3,4,24,18,19,16],[9,13,1,5,17,21,15,7,11,23,19,2,3,16,4],[9,13,5,1,17,21,15,7,11,23,4,19,24,16],[9,13,17,1,5,21,15,7,11,23,19,3,16,4],[17,9,13,5,1,21,7,11,15,23,3,16,4],[5,21,13,17,9,1,15,7,11,23,3,16,4],[1,17,13,5,9,21,15,7,11,23,3,4,22,8,16],[5,9,21,13,1,17,15,7,11,23,2,3,16,4],[5,21,1,13,17,9,15,7,11,23,3,16,4],[1,21,13,9,17,5,15,7,11,23,2,3,4,16],[9,5,17,13,21,1,15,7,11,23,3,4,16],[17,5,21,1,13,9,15,7,11,23,3,16,4],[9,1,13,5,17,21,7,15,11,23,3,4,12,16],[21,1,17,5,13,9,7,11,15,23,6,3,16,4],[21,17,5,1,13,9,7,11,15,23,3,4,16],[1,21,13,5,9,17,15,7,11,23,3,4,18,16],[1,17,13,21,5,9,7,11,23,15,8,12,3,16,4],[21,13,17,1,9,5,7,11,15,23,24,3,16,4],[5,21,13,17,9,1,15,7,11,23,3,4,16],[1,5,13,21,9,17,7,11,15,23,3,4,16],[5,1,9,13,17,21,15,7,11,23,3,4,19,12,24],[5,9,1,21,13,17,7,11,15,23,3,16,4],[13,5,1,17,21,9,15,7,11,23,3,4,16],[13,5,21,9,1,17,15,7,11,23,3,4,19,16],[5,17,13,9,1,21,7,15,11,23,3,16,4],[17,13,1,5,21,9,7,11,15,23,3,4,16],[17,21,13,9,5,1,15,7,11,23,3,16,4],[5,17,9,21,13,1,7,11,15,23,3,4,20,14,19,10,8,22,16],[5,13,17,1,21,9,7,15,11,23,3,16,4],[13,1,9,5,21,17,15,7,11,2,23,3,4,14,16],[5,9,17,21,1,13,15,7,11,23,12,3,4,19,16],[17,9,21,5,13,1,7,15,23,11,3,4,16],[5,21,9,17,13,1,7,11,15,23,3,4,6,16],[9,5,1,13,17,21,15,7,11,23,20,3,4,16],[17,5,13,1,9,21,15,7,11,23,3,4,16],[17,1,9,5,21,13,15,7,11,23,3,16,4],[9,17,1,13,21,5,15,7,11,23,3,4,16],[13,1,9,5,17,21,15,7,11,23,14,18,10,3,4,20,22,19,16],[9,1,13,5,17,21,15,7,11,23,24,3,16,4],[1,13,9,5,21,17,15,7,11,23,3,4,18,19,16],[9,1,5,13,17,21,7,15,11,23,3,4,16],[17,9,21,1,5,13,7,15,11,23,19,2,3,16,4],[1,5,13,17,21,9,7,11,15,23,3,4,8,16],[21,1,5,17,9,13,7,11,23,15,24,12,3,4,16],[1,5,13,9,17,21,7,15,11,23,3,4,19,12,16],[21,9,13,1,5,17,7,11,15,23,3,4,2,14,16],[1,9,5,17,21,13,15,7,11,23,2,3,4,16],[1,21,9,5,17,13,7,15,11,3,4,23,16],[1,17,21,13,9,5,15,7,11,23,8,3,16,4],[1,21,9,17,13,5,15,7,11,23,4,20,19,16],[21,17,9,1,13,5,7,11,23,15,3,4,16],[9,5,1,13,17,21,15,7,11,23,3,16,4],[13,1,5,9,17,21,15,7,11,23,3,16,4],[21,5,17,9,1,13,7,11,15,3,4,23,6,20,16],[21,1,9,5,13,17,7,11,15,23,2,3,16,4],[5,9,17,1,13,21,15,7,11,23,3,4,19,20,22,6,16],[1,13,21,17,5,9,15,7,11,23,22,3,4,20,12,16],[17,5,9,1,21,13,7,15,11,23,3,16,4],[1,21,17,13,5,9,15,7,11,23,16,2,3,4],[17,13,5,9,21,1,15,7,11,23,3,16,4],[1,21,17,5,13,9,15,7,11,23,3,16,4],[5,1,17,9,21,13,15,7,11,23,3,16,4],[13,9,21,5,17,1,7,11,15,23,3,4,20,12,22,16],[13,9,1,5,21,17,7,11,15,23,3,4,20,22,8,16],[17,1,13,21,5,9,7,15,11,24,23,19,3,16,4],[21,5,13,17,9,1,15,7,11,23,16,18,3,4],[5,1,21,13,17,9,7,11,15,23,3,4,20,16],[13,9,5,21,17,1,15,7,11,23,3,16,4],[13,17,1,21,5,9,7,11,15,23,3,16,4],[9,21,17,1,13,5,15,7,11,23,19,3,16,4],[1,21,17,5,9,13,7,11,15,23,3,4,16],[5,21,17,1,9,13,7,11,15,23,10,3,4,16],[5,1,13,9,21,17,15,7,11,23,4,12,16],[21,13,9,1,5,17,7,11,15,23,3,4,18,16],[17,1,13,9,5,21,15,7,11,23,4,6,20,18,19,10,2,12,8,16],[5,13,21,9,1,17,15,7,11,23,8,3,16,4],[21,13,1,5,9,17,7,11,15,23,4,3,16],[17,5,21,1,13,9,15,7,11,23,3,16,4],[13,17,5,1,21,9,15,7,11,23,3,4,16],[9,5,21,13,1,17,15,7,11,23,3,4,12,24,16],[5,17,13,9,1,21,15,7,11,3,4,23,16],[21,13,1,9,17,5,15,7,23,11,3,16,4],[5,9,17,1,21,13,15,7,11,23,3,4,19,16],[5,21,1,17,9,13,7,15,11,23,3,16,4],[5,17,9,13,21,1,15,7,11,23,3,16,4],[1,9,21,5,13,17,7,15,11,23,3,16,4],[21,1,17,13,5,9,7,11,15,23,3,4,16],[21,5,9,13,1,17,15,7,11,3,16,4,23],[21,5,1,17,13,9,15,7,11,23,3,4,14,12,19,16],[5,17,21,13,1,9,15,7,11,19,23,3,16,4],[1,9,13,21,17,5,7,15,11,23,3,4,22,18,16],[13,9,1,5,17,21,15,7,11,23,20,3,16,4],[21,1,5,9,17,13,7,11,15,23,3,4,16],[9,21,5,17,1,13,15,7,11,23,16,3,4],[5,17,1,21,9,13,15,7,11,23,3,4,19,16],[5,17,9,1,13,21,15,7,11,23,3,16,4],[1,17,21,9,13,5,7,11,15,23,19,3,4,14,24,2,8,22,16],[21,1,5,9,17,13,15,7,11,23,3,16,4],[17,1,5,13,21,9,15,7,11,23,20,3,4,24,8,22,16],[17,21,5,1,13,9,7,11,15,23,3,4,19,20,16],[21,5,13,17,9,1,15,7,11,24,23,3,16,4],[17,13,21,1,9,5,7,15,11,23,3,4,2,16],[13,5,1,9,21,17,15,7,11,23,19,3,4,16],[13,1,21,17,9,5,15,7,11,23,3,4,14,18,19,16],[21,1,13,17,9,5,15,7,11,23,4,18,19,10,16],[21,13,17,9,5,1,15,7,11,23,3,16,4],[13,5,1,17,9,21,15,7,11,23,3,4,19,16],[13,9,21,5,1,17,7,11,15,23,3,4,16],[9,5,21,1,17,13,15,7,11,23,3,4,19,16],[13,21,9,1,17,5,15,7,11,23,3,16,4],[13,5,1,21,9,17,15,7,11,3,4,23,16],[17,9,1,21,13,5,15,7,11,23,3,16,4],[1,17,21,9,13,5,7,11,15,23,3,4,24,16],[5,13,17,21,1,9,7,15,11,23,16,3,4],[9,21,5,13,1,17,7,15,11,23,3,4,20,2,16],[13,9,21,17,5,1,15,7,11,23,3,4,16],[13,21,5,17,1,9,15,7,11,23,3,4,16],[21,1,9,5,13,17,7,11,15,23,3,16,4],[21,17,5,13,1,9,15,7,11,23,3,16,4],[9,21,5,17,13,1,15,7,11,23,3,4,16],[17,5,1,9,21,13,7,11,15,23,3,4,19,12,16],[1,5,9,21,13,17,15,7,11,24,23,16,19,10,3,4],[9,1,13,17,21,5,7,11,15,23,3,16,4],[13,17,5,9,21,1,15,7,11,3,16,4,23],[1,13,17,5,9,21,15,7,11,23,3,16,4],[5,17,1,9,21,13,15,7,11,23,24,16,20,3,4],[1,17,9,5,13,21,7,11,15,23,3,4,12,16],[21,13,9,1,17,5,7,15,11,23,3,4,18,16,12],[21,13,9,1,5,17,7,11,15,23,3,16,4],[5,9,21,1,13,17,7,11,15,23,6,3,4,24,16],[17,13,9,5,1,21,7,11,15,23,3,4,22,20,16],[13,21,1,5,9,17,15,7,11,23,24,3,4,16],[1,21,17,5,9,13,15,7,11,23,3,16,4],[17,21,13,1,5,9,15,7,11,23,16,3,4],[5,1,17,21,13,9,7,15,11,23,19,10,24,3,4,16],[9,13,5,21,1,17,7,15,11,23,3,4,2,16],[9,17,5,21,1,13,15,7,11,23,3,16,4],[9,21,1,17,5,13,15,7,11,23,3,16,4],[9,5,1,13,21,17,7,15,11,22,23,3,4,18,20,12,16],[17,9,5,21,13,1,15,7,11,23,3,4,8,12,20,16],[5,17,1,9,21,13,7,11,15,23,3,4,12,19,16],[1,17,5,21,13,9,7,15,11,23,19,4,10,22,8,20,3,16],[21,5,13,17,1,9,15,7,11,23,3,4,6,2,16],[9,1,17,21,5,13,7,11,15,3,4,23,16],[13,9,5,1,17,21,15,7,11,23,20,3,4,16],[13,1,21,5,9,17,15,7,11,23,14,6,3,4,12,22,16],[5,13,1,17,9,21,7,11,15,16,23,3,4],[21,17,1,5,9,13,15,7,11,23,3,16,4],[13,9,17,21,5,1,15,7,11,24,3,4,23,16],[21,13,9,1,17,5,7,15,11,23,3,4,16],[21,5,1,13,17,9,7,15,11,23,3,4,14,20,16],[21,9,1,5,17,13,15,7,11,23,3,4,16],[13,21,17,1,9,5,7,11,15,23,3,4,16],[1,17,5,9,21,13,7,15,11,23,3,4,19,14,18,2,10,20,6,16],[17,1,9,21,5,13,7,11,15,23,3,16,4],[1,9,13,17,5,21,7,11,15,23,3,4,8,20,19,16],[21,17,13,5,1,9,15,7,11,23,3,4,16],[1,9,17,13,5,21,7,15,11,23,22,3,16,4],[5,9,1,17,21,13,7,15,11,23,3,16,4],[1,17,9,5,21,13,15,7,11,23,3,4,16],[21,17,13,1,9,5,15,7,11,3,4,23,16],[17,1,13,5,21,9,7,15,11,23,24,3,16,4],[17,13,21,9,5,1,15,7,11,23,3,4,16],[5,13,9,21,1,17,15,7,11,23,8,2,3,4,14,12,16],[17,9,21,13,5,1,15,7,11,23,4,24,16],[1,5,9,21,13,17,7,11,15,3,16,4,23],[5,13,21,1,17,9,15,7,11,23,3,4,19,16],[5,13,17,9,1,21,15,7,11,23,3,16,4],[9,1,13,17,5,21,15,7,11,23,4,24,19,6,12],[1,9,21,17,5,13,15,7,11,23,3,16,4],[9,5,1,21,17,13,7,11,15,23,3,16,4],[17,21,13,1,5,9,15,7,11,23,3,4,20,16],[9,5,13,17,21,1,15,7,11,23,3,16,4],[5,1,13,17,9,21,7,11,23,15,3,4,18,12,16],[1,5,17,21,9,13,7,11,15,23,3,16,4],[17,1,13,21,9,5,7,11,15,23,3,4,12,14,16],[9,13,17,21,1,5,15,7,11,23,19,3,4,16],[9,21,1,5,13,17,15,7,11,23,3,4,19,16],[13,5,17,1,9,21,15,7,11,23,3,4,16],[1,17,13,5,9,21,15,7,23,11,3,16,4],[1,9,17,21,5,13,15,7,11,23,3,16,4],[13,21,9,5,1,17,15,7,11,12,23,10,3,4,16],[9,13,21,5,17,1,15,7,11,23,22,3,16,4],[5,9,13,1,21,17,7,11,15,23,3,4,24,19,16],[1,21,13,17,5,9,7,15,11,23,3,4,16],[21,9,1,17,5,13,7,15,11,23,3,16,4],[21,1,9,5,13,17,7,11,15,23,3,16,4],[21,1,5,9,13,17,7,15,11,23,3,4,6,16],[1,21,9,17,5,13,7,15,11,23,3,16,4],[13,17,1,9,21,5,15,7,11,3,4,23,16],[9,21,1,13,17,5,15,7,11,23,3,16,4],[9,17,13,5,21,1,7,15,11,3,4,23,20,19,8,14,16],[21,13,9,5,1,17,15,7,11,3,4,23,19,14,12,20],[1,5,21,9,13,17,7,11,15,23,3,4,14,8,16],[1,9,5,13,17,21,7,11,15,23,4,10,18,14,16],[21,17,9,1,13,5,7,15,11,23,3,4,8,2,16],[5,17,9,1,13,21,15,7,11,23,3,16,4],[1,5,13,21,17,9,7,15,11,23,19,3,4,12,14,16],[5,13,17,21,1,9,15,7,11,23,3,16,4],[13,21,1,9,17,5,7,15,11,23,22,3,16,4],[5,9,13,1,21,17,7,15,11,23,3,4,24,14,10,18,16],[13,21,17,1,5,9,7,15,11,23,3,16,4],[21,9,13,1,17,5,15,7,11,23,3,4,19,16],[21,17,13,9,5,1,15,7,11,23,3,4,16],[9,1,21,17,13,5,15,7,11,23,3,4,16],[17,21,9,13,5,1,15,7,11,23,4,20,24,19,3,10,14,6,16],[1,17,21,13,9,5,15,7,11,23,3,4,19,6,12,16],[5,13,21,17,1,9,7,11,15,23,3,4,24,22,19,16],[1,13,17,21,9,5,15,7,11,23,3,4,16],[9,1,17,21,13,5,7,11,15,23,3,16,4],[5,9,17,1,13,21,7,15,11,23,3,16,4],[13,21,1,17,5,9,7,11,15,23,3,4,16],[21,13,17,1,5,9,15,7,11,23,3,16,4],[9,17,1,21,13,5,7,15,11,23,3,16,4],[5,21,1,9,17,13,15,7,11,23,3,16,4],[21,17,9,1,5,13,7,11,15,23,3,16,4],[5,17,9,21,1,13,7,15,11,23,6,3,16,4],[21,17,9,13,5,1,15,7,11,23,3,16,4],[21,5,1,13,9,17,15,7,11,23,3,4,10,16],[1,17,5,13,9,21,15,7,11,23,3,4,16],[5,21,9,1,13,17,7,11,15,23,3,16,4],[9,21,5,17,13,1,7,11,15,23,3,4,19,16],[5,1,21,9,13,17,15,7,11,23,3,16,4],[17,9,13,1,21,5,7,15,11,23,20,3,4,16],[5,13,9,17,21,1,15,7,11,23,3,16,4],[21,9,1,17,5,13,15,7,11,23,3,16,4],[17,9,21,5,13,1,15,7,11,23,3,4,19,16],[5,9,17,13,1,21,7,15,11,23,3,16,4],[1,5,21,9,17,13,15,7,11,23,3,16,4],[1,21,5,17,9,13,7,11,15,23,3,4,12,16],[21,9,13,1,17,5,7,15,11,23,3,16,4],[17,13,5,1,21,9,7,11,15,23,3,4,19,16],[17,13,21,9,5,1,7,11,15,3,4,23,16],[1,21,17,5,9,13,15,7,11,23,3,4,20,16],[17,9,5,1,13,21,7,11,15,23,2,3,16,4],[1,5,9,13,21,17,15,7,11,23,3,16,4],[9,13,17,21,1,5,7,15,11,23,3,4,19,14,24,22,16],[9,1,13,5,21,17,7,15,11,23,3,16,4],[1,21,13,17,9,5,7,11,15,23,20,3,16,4],[1,13,9,5,21,17,7,11,15,23,3,4,16],[1,5,9,13,21,17,15,7,11,23,3,16,4],[13,5,1,17,21,9,15,7,11,23,3,4,16],[21,9,13,1,17,5,15,7,11,23,3,4,19,12,14,16],[9,17,21,13,1,5,7,15,11,23,3,4,20,16],[17,5,21,13,9,1,7,15,11,23,24,3,4,12,20],[1,13,17,5,9,21,7,15,11,23,3,16,4],[13,5,21,9,17,1,15,7,11,23,3,16,4],[21,9,17,13,5,1,15,7,11,24,23,4,6,16],[13,9,17,5,1,21,15,7,11,23,3,16,4],[5,21,17,1,9,13,7,11,15,23,19,3,16,4],[13,5,9,17,1,21,7,15,11,23,3,4,14,16],[21,13,5,17,1,9,15,7,11,23,3,4,12,6,18,19,22,10,16],[21,13,5,1,9,17,15,7,11,23,3,16,4],[13,9,17,5,1,21,7,15,11,23,3,4,19,16],[9,21,1,17,5,13,7,11,15,23,3,4,16],[9,13,21,17,1,5,15,7,11,23,12,3,16,4],[17,5,9,1,13,21,7,11,15,12,23,3,16,4],[5,21,9,13,1,17,15,7,11,23,3,16,4],[5,1,21,13,17,9,15,7,11,23,3,16,4],[13,5,9,21,17,1,15,7,11,4,23,6,12,20,16],[9,1,5,21,13,17,15,7,11,23,19,3,4,16],[21,1,13,17,9,5,15,7,11,23,3,16,4],[1,21,9,17,5,13,15,7,11,23,4,8,19,3,16],[21,13,1,5,17,9,7,15,11,23,2,3,4,18,19,16],[13,1,17,21,5,9,7,15,11,23,3,16,4],[13,1,5,9,17,21,15,7,11,23,4,12,10,20,18,3,16],[1,21,9,17,13,5,7,15,11,23,3,16,4],[9,17,13,5,1,21,7,23,15,11,3,16,4],[17,9,13,1,5,21,15,7,11,23,3,4,16],[9,5,1,13,17,21,7,11,15,23,3,4,20,24,16],[17,1,9,5,21,13,7,11,15,23,3,16,4],[5,21,13,1,17,9,15,7,11,3,4,23,16],[17,13,9,1,5,21,7,11,15,23,4,20,18,10,14,3,16],[17,13,5,1,21,9,7,11,15,23,3,4,14,6,16],[1,21,5,17,13,9,7,15,11,24,23,3,4,12,19],[21,13,17,1,9,5,7,11,15,23,18,3,16,4],[9,17,13,21,1,5,15,7,11,23,3,16,4],[21,9,5,13,1,17,15,7,11,23,3,16,4],[21,9,1,5,17,13,15,7,11,23,4,14,18,24,12,20],[17,13,5,1,21,9,7,15,11,23,3,16,4],[17,21,5,13,1,9,7,11,15,23,3,4,14,6,18,19,2,16],[5,13,1,21,17,9,7,11,15,23,19,3,4,22,18,16],[17,5,1,9,21,13,7,11,15,3,4,22,23,16],[13,5,1,17,21,9,7,11,15,23,3,4,16],[9,13,21,1,5,17,15,7,11,23,2,3,16,4],[9,13,21,5,17,1,15,7,11,23,3,4,16],[1,21,17,13,9,5,15,7,11,23,3,4,16],[9,1,21,17,13,5,7,11,15,23,2,3,16,4],[13,9,5,1,21,17,15,7,11,23,3,4,22,2,8,19,14,6,16],[21,1,5,9,17,13,7,15,11,23,3,16,4],[17,1,5,9,21,13,7,15,11,23,3,4,22,14,12,18,10,20],[17,13,9,21,1,5,15,7,11,23,3,4,8,18,20,12,16],[17,13,5,1,21,9,15,7,11,23,16,3,4],[17,9,21,5,1,13,15,7,11,23,3,4,16],[1,5,17,9,21,13,7,11,15,23,3,4,19,22,10,16],[17,21,9,13,1,5,15,7,11,23,3,16,4],[13,17,9,21,1,5,15,7,11,23,3,16,4],[17,21,13,5,9,1,7,11,15,23,3,16,4],[1,21,13,5,9,17,7,15,11,23,3,16,4],[5,21,9,13,1,17,15,7,11,23,3,16,4],[21,9,13,1,5,17,15,7,11,23,3,4,18,19,16],[9,13,17,5,21,1,7,15,11,23,3,4,19,16],[21,5,9,1,17,13,7,15,11,23,3,16,4],[1,13,21,17,5,9,7,15,11,23,3,4,16],[17,5,9,13,1,21,7,15,11,23,4,8,19,24,12],[9,1,5,21,17,13,15,7,11,23,3,16,4],[5,13,9,17,21,1,15,7,11,23,3,4,16],[9,5,21,1,13,17,7,11,15,22,23,3,16,4],[13,17,5,21,1,9,15,7,11,23,3,4,16],[9,1,13,5,21,17,7,15,11,23,2,3,16,4],[1,9,13,21,17,5,15,7,11,16,23,3,4],[13,1,21,17,5,9,7,11,23,15,3,16,4],[17,1,21,13,5,9,15,7,11,23,24,3,16,4],[5,1,17,21,13,9,15,7,11,3,16,4,23],[5,13,17,9,21,1,7,11,15,23,3,16,4],[21,13,5,9,1,17,7,15,11,23,3,4,16],[21,5,9,1,13,17,15,7,11,23,19,2,3,16,4],[17,21,1,13,5,9,15,7,11,23,3,4,16],[5,9,1,13,21,17,7,11,15,23,3,16,4],[17,13,21,5,1,9,15,7,11,23,3,4,14,16],[5,17,1,13,9,21,7,11,15,23,20,3,16,4],[1,5,17,13,9,21,7,15,11,23,19,3,16,4],[5,9,21,13,17,1,7,11,15,23,3,16,4],[17,1,5,13,21,9,15,7,11,3,16,4,23],[17,1,13,5,9,21,15,7,11,23,3,16,4],[13,21,5,1,9,17,15,7,11,23,14,3,16,4],[21,17,9,5,13,1,7,11,15,23,16,10,22,6,2,3,4],[17,13,5,21,1,9,15,7,11,23,2,3,16,4],[21,17,1,13,5,9,15,7,11,23,19,3,4,22,16],[21,9,5,17,1,13,7,11,15,23,3,16,4],[5,1,21,17,9,13,7,11,15,24,23,3,4,6,16],[9,21,17,13,1,5,7,15,11,3,4,23,10,19,16],[21,13,5,17,1,9,15,7,11,23,3,16,4],[9,21,1,17,13,5,15,7,11,23,3,4,16],[21,17,9,13,5,1,7,11,15,23,3,4,19,18,12,16],[17,1,21,9,13,5,7,15,11,23,3,4,16],[5,13,21,17,9,1,15,7,11,23,3,16,4],[5,17,21,9,1,13,7,15,11,23,3,4,10,16],[13,21,5,9,1,17,7,15,11,23,3,16,4],[17,13,1,21,5,9,15,7,11,23,3,16,4],[17,9,5,21,13,1,7,15,11,23,3,4,16],[1,21,13,5,9,17,7,15,11,23,3,4,10,22,20,19,16],[9,1,21,13,17,5,7,11,15,23,2,16,19,4],[1,21,9,17,5,13,7,15,11,23,3,16,4],[17,1,13,5,9,21,7,15,11,23,3,16,4],[21,1,13,9,5,17,7,15,11,23,3,16,4],[21,13,1,9,17,5,15,7,11,23,3,4,16],[9,21,5,13,1,17,15,7,11,23,3,16,4],[5,17,13,21,9,1,7,15,11,23,10,3,16,4],[17,5,13,9,1,21,7,11,15,23,20,3,4,16],[1,21,5,13,17,9,7,15,11,23,16,4],[5,9,17,13,1,21,15,7,11,23,3,4,2,16],[13,5,21,17,9,1,15,7,11,23,3,4,16],[21,1,5,17,13,9,15,7,11,23,3,16,4],[21,13,1,5,17,9,15,7,11,23,3,4,19,16],[13,1,21,5,17,9,7,15,11,23,20,4,14,18,24,6,10,19,22,16],[1,17,21,5,13,9,15,7,11,19,23,3,16,4],[13,21,9,5,17,1,7,11,15,3,4,23,14,12,18,22,19],[5,13,9,1,21,17,7,11,15,3,4,23,2,18,16],[9,21,1,13,5,17,15,7,11,22,23,10,2,3,4,6,16],[17,1,5,13,21,9,7,11,15,23,4,16],[17,9,13,5,21,1,15,7,11,23,3,16,4],[5,9,17,13,21,1,7,11,15,23,20,3,16,4],[5,9,21,13,1,17,7,11,15,23,3,16,4],[21,17,13,9,5,1,7,15,11,23,3,16,4],[1,13,5,17,9,21,7,11,23,15,3,4,16],[1,5,13,17,21,9,15,7,11,23,3,16,4],[21,17,1,9,13,5,15,7,11,23,3,4,16],[17,21,1,9,5,13,15,7,11,23,3,16,4],[5,1,9,17,21,13,7,15,11,23,18,14,8,3,4,19,16],[21,17,13,1,5,9,7,11,15,23,3,16,4],[13,17,21,1,5,9,7,15,11,23,3,16,4],[1,13,21,5,17,9,7,11,15,23,2,3,16,4],[13,1,5,21,17,9,15,7,11,23,3,4,16],[1,5,21,17,9,13,7,15,11,3,16,4,23],[5,21,13,9,1,17,7,11,15,23,3,4,16],[13,5,21,17,9,1,7,11,15,23,12,3,16,4],[5,13,1,9,17,21,15,7,11,23,2,24,3,16,4],[1,13,9,5,21,17,15,7,11,23,18,3,16,4],[17,13,1,21,5,9,15,7,11,23,12,3,16,4],[1,5,13,17,21,9,7,15,11,23,19,3,4,16],[21,17,5,1,9,13,15,7,11,23,3,4,14,16],[17,21,5,1,9,13,15,7,11,23,3,4,10,19,16],[17,13,1,5,9,21,7,15,11,23,3,16,4],[13,9,5,21,1,17,15,7,11,23,10,3,4,18,16],[9,21,17,13,1,5,7,11,15,23,3,4,16],[13,5,17,9,1,21,15,7,11,3,16,4,23],[5,1,21,9,17,13,15,7,11,23,3,4,16],[5,1,17,21,9,13,15,7,11,23,3,16,4],[5,21,1,17,13,9,15,7,11,23,3,16,4],[9,5,13,1,21,17,7,11,15,23,3,4,16],[9,5,1,17,21,13,7,11,15,23,10,3,4,16],[1,5,13,21,9,17,7,15,11,23,3,4,20,16],[13,17,1,5,9,21,15,7,11,23,3,4,20,8,16],[21,17,9,13,1,5,15,7,11,3,4,23,16],[5,1,9,13,21,17,15,7,11,23,4,10,2,3,20,16],[21,9,5,13,17,1,7,15,11,23,3,16,4],[17,1,13,21,9,5,15,7,23,11,3,4,14,24,2,16],[13,17,21,1,5,9,15,7,11,23,3,16,4],[17,9,21,1,5,13,7,15,11,3,4,23,16],[9,1,13,17,5,21,15,7,11,23,2,3,16,4],[1,5,17,21,9,13,15,7,11,23,16,19,3,4],[13,21,17,1,9,5,15,7,11,23,3,4,16],[21,9,13,1,17,5,7,11,15,22,23,3,4,16],[17,13,21,5,1,9,7,15,11,23,4,18,3,19,6,12,16],[9,13,21,5,1,17,7,15,11,23,3,16,4],[5,9,21,13,1,17,7,15,11,23,3,4,22,19,12,16],[21,13,1,5,9,17,15,7,11,23,19,3,16,4],[21,9,1,13,5,17,15,7,11,23,3,16,4],[5,17,1,21,9,13,7,11,15,23,3,4,16],[5,9,13,1,17,21,15,7,11,23,3,16,4],[13,21,17,9,1,5,7,15,11,23,3,4,16],[9,21,5,1,13,17,7,11,15,23,2,3,16,4],[9,17,13,5,1,21,7,15,11,23,12,3,4,16],[17,21,1,9,13,5,15,7,23,11,3,4,19,12,16],[17,13,5,9,1,21,15,7,11,23,3,4,16],[21,1,5,17,13,9,15,7,11,23,3,4,20,16],[5,9,13,17,21,1,15,7,11,23,3,16,4],[9,17,13,5,1,21,7,15,11,3,16,4,23],[9,13,21,1,17,5,7,11,15,23,3,16,4],[21,1,17,9,13,5,7,15,11,23,3,4,8,19,24,16],[17,1,13,21,5,9,15,7,11,23,3,4,16],[17,1,5,21,13,9,15,7,11,23,3,16,4],[13,5,17,1,9,21,15,7,11,23,3,16,4],[1,5,13,17,9,21,15,7,11,23,3,4,19,18,16],[9,1,13,5,17,21,15,7,11,23,2,3,16,4],[9,5,13,1,17,21,7,15,11,23,3,16,4],[13,17,21,9,5,1,7,15,11,23,3,16,4],[1,9,17,13,5,21,15,7,11,23,12,3,4,10,18,19,16],[17,1,5,13,9,21,7,11,15,23,3,4,16],[13,1,17,21,5,9,7,11,15,23,4,16]],"n_human":19}