{"problem_id":"jkgoHwKrS1yJP05","sigma":150,"alpha":3.162,"cost":0,"probabilities":"[0.39, 0.25, 0.17, 0.19]","payoff_matrix":"[[208, 239, -26, -14, 202, 182], [-80, -204, 87, -9, -300, -54], [-44, 86, 242, -22, -72, 141], [260, -23, -60, 81, -118, 52]]","uncovered":[[5,1,6,2,21,22,24,4,9,17,18,13,23,3,8,14,10,11,12,7,19,16,20,15],[17,1,18,13,5,2,6,21,22,24,4,9,3,23,8,16,11,10,12,15,14,7,20,19],[9,13,1,21,2,22,24,4,17,18,5,6,23,3,7,8,16,15,12,19,10,14],[9,13,21,17,18,1,22,2,24,4,5,6,23,3,7,8,15,10,16,20,12,11,14,19],[9,21,13,17,18,1,2,22,24,4,5,6,23,3,8,16,10,14,12,7,11,19,15,20],[1,17,18,9,13,21,22,2,4,5,6,23,24,3,8,16,10,15,12,7,19,14],[9,5,17,6,18,13,21,22,1,2,24,4,8,23,3,14,11,10,12,19,16,7],[1,17,18,5,6,2,21,22,4,13,9,24,3,23,8,14,12,19,7,11,10,16,15,20],[21,9,5,22,6,1,2,4,17,18,13,24,3,23,8,14,12,19,10,16,7,15,20,11],[21,17,22,18,1,2,24,4,9,13,5,6,8,23,3,14,11,10,12,16,19,7,15,20],[13,21,17,22,18,9,5,6,1,2,24,4,3,23,8,14,10,12,15,19,16,7,20],[13,1,17,18,9,21,2,22,24,4,5,6,23,3,8,15,10,16,12,19,14,7],[5,21,22,6,9,17,18,13,1,2,4,24,3,23,8,15,11,10,12,16,7,19,14],[21,1,22,2,24,4,17,18,5,6,9,13,3,23,8,14,10,11,12,7,19,20,15],[5,1,6,2,17,18,9,13,21,22,4,24,23,3,8,16,11,10,12,14,20,7,19,15],[5,1,2,6,13,9,21,22,4,17,18,24,3,23,8,14,12,20,11,10,16,7,19,15],[13,9,1,5,2,6,21,22,24,4,17,18,23,3,8,15,12,16,14,20,10,7,11],[21,13,17,18,9,5,22,6,1,2,24,4,3,23,8,14,11,10,12,16,7,20,15,19],[1,5,2,6,9,21,22,4,13,17,18,24,8,3,23,15,10,12,14,20,7,16,11],[9,17,13,1,2,18,5,6,21,22,24,4,8,23,3,15,12,16,14,11,10,7,20,19],[13,5,17,6,18,1,2,21,22,24,4,9,8,3,23,16,10,14,11,12,20,7,15,19],[17,9,1,2,18,5,6,13,21,22,24,4,23,3,8,15,12,14,20,10,7,19,11,16],[21,13,17,18,1,22,2,4,5,6,9,24,3,23,8,14,12,19,7,10,11,16],[13,17,21,22,18,5,6,9,1,2,24,4,23,3,8,15,11,10,12,7,16,14,20],[5,21,22,6,17,18,9,13,1,2,24,4,3,23,8,16,14,11,10,12,20,7,19],[13,9,21,5,6,22,1,2,24,4,17,18,23,3,8,16,14,12,19,11,10,7,20,15],[5,21,22,6,13,9,1,2,4,17,18,23,24,3,7,8,14,12,19,10,15,20],[1,5,6,2,21,22,4,17,18,9,13,24,3,23,7,8,15,11,10,12,20,14,19,16],[17,9,13,21,18,1,22,2,4,5,6,24,3,23,8,16,15,11,10,12,19,14,7],[9,21,1,22,2,4,17,18,13,5,6,24,3,23,8,16,10,15,11,12,20,14,7],[1,21,22,2,4,9,5,6,17,18,13,24,23,3,8,15,10,16,7,19,12,14],[5,13,17,18,21,22,6,1,2,24,4,9,3,23,8,15,10,16,11,12,19,7,14,20],[9,5,17,18,1,2,6,21,22,4,13,24,3,23,8,14,10,12,20,16,7,15,19],[5,13,9,17,6,18,1,2,21,22,4,24,23,3,8,14,12,20,11,10,7,15,19,16],[9,17,1,2,18,5,6,21,22,24,4,13,23,3,8,15,12,14,19,7,10,11,16],[13,1,5,6,2,17,18,21,22,24,4,9,23,3,8,16,14,11,10,12,7,19,15],[21,13,17,22,18,9,1,2,4,5,6,24,3,23,7,8,15,10,14,11,12,19],[1,5,2,6,13,17,18,9,21,22,24,4,23,3,7,8,16,14,11,12,10,20,19],[17,21,18,9,1,2,22,24,4,5,6,13,23,3,8,14,10,11,12,15,19,7,20,16],[13,5,17,18,9,1,2,6,21,22,24,4,7,3,23,8,16,14,12,10,20,15],[1,9,5,2,6,21,22,4,17,18,13,24,3,23,8,14,11,10,12,19,20,7,16,15],[21,1,22,2,4,9,5,6,13,17,18,24,3,23,8,16,14,12,15,10,7,20],[1,17,2,18,13,21,22,24,4,9,5,6,8,3,23,15,10,11,12,14,19,7,20],[17,1,2,18,9,13,21,22,4,5,6,24,23,3,7,8,14,11,10,12,20,15,19],[1,17,2,18,9,21,22,4,13,5,6,24,23,3,7,8,14,11,10,12,19,15],[21,17,18,13,1,22,2,4,9,5,6,24,23,3,7,8,16,15,12,20,11,10,14],[5,13,1,6,2,17,18,9,21,22,4,24,7,3,23,8,16,14,10,12,20,19,15,11],[5,21,6,22,13,9,17,18,1,2,4,24,23,3,8,16,15,12,11,10,14,19,7],[13,1,5,2,6,9,17,18,21,22,24,4,23,3,8,16,15,10,12,20,14,11,7],[17,9,21,22,18,5,6,1,2,4,13,24,3,23,8,15,10,14,11,12,7,20,16,19],[21,5,6,22,13,17,18,9,1,2,4,24,8,3,23,15,12,14,7,19,10,16],[17,9,1,2,18,21,22,4,13,5,6,24,23,3,8,15,11,10,12,14,20,7,19,16],[13,9,21,1,2,22,4,5,6,17,18,24,23,3,8,14,11,10,12,20,7],[13,9,21,1,2,22,24,4,17,18,5,6,8,3,23,14,12,19,10,16,7,15,20],[9,17,1,18,13,21,22,2,24,4,5,6,8,23,3,16,12,14,11,10,20,7],[1,9,13,17,18,21,22,2,24,4,5,6,3,23,8,16,14,12,10,19,7,15,20],[1,17,2,18,9,5,6,13,21,22,4,24,3,23,8,15,11,10,12,16,19,7],[21,5,6,22,13,1,2,24,4,17,18,9,8,3,23,16,11,10,12,14,20],[9,13,21,1,22,2,4,17,18,5,6,24,3,23,8,16,11,10,12,15,7,14,20,19],[13,9,21,1,22,2,4,5,6,17,18,24,23,3,8,16,14,10,12,7,20,19,15,11],[9,13,21,17,22,18,5,6,1,2,4,24,3,23,8,16,12,15,10,20,14,7],[1,21,2,22,24,4,13,5,6,17,18,9,23,3,8,14,12,7,20,15,10,16],[13,5,9,17,6,18,1,2,21,22,24,4,23,3,8,14,12,7,20,19,11,10,15,16],[9,17,1,2,18,13,21,22,4,5,6,24,23,3,8,16,12,15,11,10,14,19,7],[9,17,1,2,18,5,6,21,22,4,13,24,7,3,23,8,15,11,10,12,14,19],[9,1,13,5,6,2,21,22,4,17,18,24,3,23,8,14,11,10,12,19,7,15,16],[21,17,18,9,13,5,6,22,1,2,4,24,3,23,7,8,15,10,12,16,20,14,19,11],[9,1,5,6,2,21,22,24,4,17,18,13,3,23,7,8,16,15,10,12,19,14],[17,9,13,5,6,18,1,2,21,22,4,24,3,23,8,15,10,16,11,12,14,19,7,20],[9,1,13,5,2,6,17,18,21,22,4,24,23,3,8,16,11,10,12,15,14,7,20,19],[21,13,17,22,18,1,2,24,4,5,6,9,23,3,8,14,10,11,12,19,15,7],[21,5,6,22,17,18,9,13,1,2,4,23,24,3,8,16,14,10,20,12,7],[5,1,2,6,21,22,4,17,18,13,9,24,8,23,3,14,11,10,12,20,7,16,19,15],[17,21,22,18,1,2,4,9,13,5,6,23,24,3,8,15,10,16,12,11,19,14,7,20],[13,21,1,2,22,24,4,9,5,6,17,18,3,23,8,15,11,10,12,14,19,7],[21,17,22,18,1,2,24,4,9,5,6,13,23,3,7,8,16,10,14,19,11,12,20],[21,17,22,18,9,13,1,2,24,4,5,6,3,23,8,15,12,14,11,10,7,20],[1,5,6,2,21,22,24,4,9,17,18,13,3,23,8,16,11,10,12,14,20,15,7],[1,21,2,22,24,4,17,18,5,6,9,13,3,23,7,8,15,12,16,11,10,14,20],[13,9,17,5,18,21,6,22,1,2,24,4,23,3,8,14,12,20,10,11,19,7,15],[1,21,22,2,24,4,13,17,18,5,6,9,8,23,3,14,10,11,12,20,7,19,16,15],[13,21,1,2,22,24,4,17,18,9,5,6,3,23,8,16,11,10,12,14,20,7,15,19],[9,5,13,1,6,2,21,22,4,17,18,24,23,3,8,16,11,10,12,15,7,14,20,19],[5,13,21,22,6,1,2,24,4,9,17,18,23,3,7,8,15,10,16,12,14,20,11],[9,21,5,22,6,1,2,24,4,13,17,18,3,23,8,14,10,11,12,7,19,15,20,16],[17,21,18,5,6,22,9,1,2,4,13,24,3,23,8,14,12,19,7,10,11,15,16,20],[13,1,9,21,2,22,4,17,18,5,6,24,3,23,8,16,12,14,19,7,11,10,15,20],[5,1,6,2,21,22,4,17,18,13,9,24,3,23,8,16,14,12,10,20,7],[13,9,1,17,18,21,2,22,4,5,6,24,3,23,8,14,11,10,12,19,7,15,20],[21,5,22,6,9,17,18,1,2,24,4,13,23,3,7,8,14,11,10,12,20,15,19],[9,21,5,6,22,1,2,4,13,17,18,24,3,23,8,14,10,11,12,7,20,16,15,19],[17,21,18,13,9,1,22,2,24,4,5,6,23,3,7,8,15,12,16,14,20,11,10],[17,9,13,21,18,5,6,22,1,2,4,24,23,3,8,16,14,12,7,11,10,19,20],[13,17,9,5,18,1,6,2,21,22,24,4,7,23,3,8,10,15,16,11,12,19,14,20],[13,17,9,5,6,18,1,2,21,22,4,24,3,23,8,16,14,10,11,12,19,15,7,20],[1,17,2,18,5,6,9,21,22,24,4,13,3,23,8,15,11,10,12,16,19,14,20,7],[21,5,6,22,17,18,1,2,4,13,9,24,8,3,23,15,11,10,12,16,14,19,7],[1,5,6,2,13,9,21,22,4,17,18,23,24,3,7,8,14,12,20,15,11,10,16],[5,17,6,18,21,22,13,1,2,24,4,9,3,23,7,8,15,10,16,12,11,20,14],[9,17,21,22,18,1,2,4,5,6,13,24,3,23,8,14,10,11,12,19,7],[5,1,6,2,21,22,24,4,9,13,17,18,3,23,8,14,10,11,12,7,19,15],[17,9,21,18,1,2,22,24,4,13,5,6,3,23,8,16,12,14,10,19,7],[17,5,18,1,6,2,9,13,21,22,24,4,23,3,8,14,12,20,11,10,7,16,19],[5,1,2,6,21,22,4,17,18,9,13,24,7,3,23,8,14,10,12,19,16,15,11,20],[17,1,18,5,2,6,13,9,21,22,24,4,3,23,8,14,11,10,12,7,15,20,16,19],[13,17,9,5,6,18,21,22,1,2,4,24,3,23,7,8,14,10,12,20,16,11,19],[13,5,9,1,2,6,17,18,21,22,24,4,3,23,8,16,15,12,20,10,14,7],[21,9,5,22,6,13,1,2,24,4,17,18,23,3,8,16,15,11,10,12,7,14,20,19],[9,5,13,17,6,18,1,2,21,22,4,24,3,23,8,16,12,15,19,14,7,11,10],[17,5,18,1,6,2,9,13,21,22,24,4,8,3,23,16,10,15,12,14,19,7,20,11],[9,13,1,5,6,2,17,18,21,22,4,23,24,3,8,14,11,12,10,7,19,16,15],[9,13,17,21,18,5,22,6,1,2,4,23,24,3,8,14,11,10,12,19,7,15,16,20],[21,13,9,5,6,22,1,2,24,4,17,18,23,3,8,16,14,12,10,7,20,11,19],[5,1,2,6,13,17,18,21,22,24,4,9,3,23,8,16,11,10,12,14,20,7,15,19],[17,1,2,18,9,13,5,6,21,22,4,24,3,23,8,14,11,10,12,19,15,7,16],[9,17,5,6,18,1,2,21,22,4,13,24,23,3,7,8,14,10,11,12,19,20,15,16],[13,9,5,1,2,6,17,18,21,22,4,24,23,3,8,16,10,14,11,12,20,7],[21,17,22,18,9,5,6,13,1,2,4,24,8,3,23,16,11,10,12,14,20,19,7],[13,21,9,1,22,2,4,17,18,5,6,24,3,23,8,15,10,11,12,16,20,7,14,19],[1,17,2,18,5,6,9,13,21,22,4,24,3,23,8,16,12,14,15,20,7,11,10],[5,21,22,6,1,2,4,17,18,13,9,24,3,23,7,8,14,12,20,11,10,16,15,19],[1,17,18,13,9,21,2,22,24,4,5,6,23,3,8,15,11,10,12,16,20,14,7],[21,5,6,22,9,13,1,2,4,17,18,24,23,3,7,8,15,11,10,12,14,19],[13,21,9,17,18,1,2,22,24,4,5,6,3,23,8,15,11,10,12,14,20,7,16,19],[13,17,1,2,18,21,22,24,4,9,5,6,23,3,8,10,14,7,11,12,19,15,16,20],[9,17,13,5,6,18,1,2,21,22,4,24,8,23,3,14,11,10,12,15,7,19,16],[1,17,2,18,5,6,9,13,21,22,24,4,23,3,8,16,11,10,12,15,19,7,14,20],[17,13,1,2,18,21,22,24,4,9,5,6,7,3,23,8,14,12,20,11,10,16],[5,21,22,6,1,2,24,4,9,13,17,18,3,23,7,8,14,12,19,10,15,11],[13,21,1,2,22,4,5,6,9,17,18,24,3,23,8,15,12,16,14,11,10,7,20],[13,17,1,18,9,21,2,22,24,4,5,6,3,23,8,16,14,12,7,20,10,11,19],[13,1,21,2,22,4,5,6,9,17,18,24,3,23,8,14,11,10,12,16,7,19,15,20],[1,9,13,21,22,2,24,4,17,18,5,6,23,3,7,8,16,11,10,12,14,19,20],[5,1,6,2,21,22,4,17,18,13,9,24,23,3,8,14,11,10,12,7,19,20,16,15],[9,5,17,6,18,13,1,2,21,22,24,4,7,23,3,8,14,11,10,12,19,16],[5,21,22,6,1,2,24,4,13,17,18,9,8,3,23,11,10,12,15,16,14,7,20],[5,9,1,2,6,21,22,4,17,18,13,24,3,23,8,14,12,19,10,7,16,20,11],[5,9,21,6,22,1,2,4,13,17,18,24,7,23,3,8,16,15,12,19,14,11,10],[17,1,18,9,13,5,6,2,21,22,24,4,8,3,23,15,12,16,10,14,7,19],[9,1,13,5,6,2,17,18,21,22,4,24,23,3,8,16,12,15,7,14,11,10,19,20],[1,5,6,2,17,18,13,21,22,4,9,24,3,23,8,16,15,12,14,11,10,7,19,20],[9,13,1,5,2,6,17,18,21,22,24,4,3,23,8,16,10,14,12,20,7,19,11],[5,1,2,6,21,22,4,13,9,17,18,24,3,23,8,14,10,11,12,20,15,7],[21,13,17,18,5,6,22,1,2,4,9,24,23,3,8,16,10,14,12,7,20],[9,21,13,5,6,22,1,2,24,4,17,18,3,23,8,14,10,11,12,20,7,15,16,19],[9,21,17,22,18,1,2,4,13,5,6,24,23,3,8,16,10,14,19,11,12,7],[9,1,21,22,2,4,17,18,5,6,13,24,3,23,8,16,12,14,10,7,20],[1,21,22,2,24,4,5,6,9,13,17,18,3,23,8,15,10,16,19,7,12,14,11],[17,9,5,6,18,13,1,2,21,22,24,4,23,3,8,14,12,19,10,7],[17,13,5,6,18,21,22,9,1,2,24,4,23,3,7,8,15,12,16,14,20,10],[1,9,17,2,18,13,5,6,21,22,24,4,3,23,8,16,10,14,11,12,19,7,15],[13,1,9,5,2,6,21,22,24,4,17,18,8,23,3,15,10,14,11,12,7,20],[9,1,13,21,22,2,4,5,6,17,18,24,23,3,8,16,14,11,10,12,20,7,19,15],[21,17,22,18,9,5,6,1,2,4,13,24,23,3,8,15,12,14,7,19,10,11],[1,13,9,21,22,2,4,5,6,17,18,24,8,3,23,14,11,10,12,7,20,16,19],[13,1,9,5,6,2,21,22,24,4,17,18,3,23,8,15,10,14,12,7,20],[9,13,21,5,6,22,17,18,1,2,24,4,3,23,7,8,16,14,12,20,15,10,19,11],[5,13,1,6,2,17,18,9,21,22,24,4,3,23,8,14,10,12,19,16,7,20,15,11],[17,13,5,18,1,6,2,9,21,22,24,4,3,23,8,16,10,14,11,12,19,7],[13,21,17,18,5,22,6,9,1,2,4,24,8,23,3,14,12,19,15,10,7,20,16,11],[21,5,22,6,1,2,24,4,13,17,18,9,23,3,8,16,10,14,7,11,12,20,19,15],[17,13,21,18,5,6,22,9,1,2,4,24,3,23,7,8,16,12,15,19,10,20,14],[5,13,21,22,6,1,2,4,9,17,18,24,23,3,8,16,14,11,10,12,19,7,15,20],[21,5,6,22,1,2,24,4,9,17,18,13,7,3,23,8,16,10,14,12,20],[13,1,21,22,2,4,17,18,5,6,9,24,3,23,7,8,16,15,12,14,20,10,19],[1,21,22,2,4,17,18,5,6,13,9,24,7,23,3,8,15,10,14,12,19,11,20],[5,17,18,9,1,2,6,21,22,24,4,13,23,3,8,16,11,10,12,14,20,7],[5,17,18,1,6,2,9,21,22,24,4,13,7,23,3,8,16,14,11,10,12,19,20],[9,5,17,18,21,6,22,13,1,2,4,23,24,3,8,14,11,10,12,20,7,15,16,19],[1,13,21,22,2,24,4,17,18,5,6,9,8,3,23,14,11,10,12,7,20,15,16],[17,9,13,1,2,18,21,22,4,5,6,24,8,23,3,14,11,10,12,7,19,15],[5,17,18,9,13,1,2,6,21,22,4,24,3,23,8,16,11,12,15,10,14,19,7],[1,13,5,2,6,21,22,4,17,18,9,24,23,3,8,16,12,14,11,10,19,7,15,20],[5,9,13,1,6,2,21,22,4,17,18,24,3,23,8,14,11,10,12,20,7],[1,21,2,22,4,5,6,9,17,18,13,24,3,23,8,14,11,10,12,19,7,20,16,15],[1,5,2,6,17,18,9,21,22,24,4,13,3,23,7,8,15,11,10,12,14,19,16],[17,5,18,1,6,2,21,22,24,4,13,9,23,3,8,16,14,12,20,7,10,15],[9,1,5,6,2,21,22,4,17,18,13,24,23,3,7,8,14,12,11,10,20,19,15],[13,1,21,2,22,24,4,9,17,18,5,6,23,3,8,15,12,14,19,7,10,11],[1,17,18,9,21,22,2,24,4,13,5,6,3,23,8,15,10,14,12,20,7,19,11],[1,17,2,18,9,21,22,4,13,5,6,24,3,23,8,16,12,14,20,11,10,7],[5,1,6,2,9,13,17,18,21,22,24,4,23,3,8,14,10,11,12,7,15,19,20,16],[17,5,18,21,6,22,1,2,4,9,13,24,3,23,8,15,11,10,12,14,20,7],[1,9,21,2,22,24,4,5,6,13,17,18,8,3,23,16,11,10,12,15,7,14,20],[1,17,18,5,6,2,13,21,22,4,9,24,3,23,8,16,11,10,12,15,7,14,20],[13,17,5,6,18,9,1,2,21,22,24,4,3,23,8,16,14,12,19,7,10],[1,9,13,5,6,2,17,18,21,22,24,4,8,3,23,15,12,14,7,19,11,10,16],[5,1,6,2,9,17,18,21,22,24,4,13,8,3,23,16,11,10,12,14,20,7,15],[21,17,18,5,22,6,13,9,1,2,4,24,7,23,3,8,16,15,10,11,12,14,19,20],[21,9,5,22,6,13,17,18,1,2,24,4,23,3,8,15,12,14,20,7,10,11],[1,9,13,17,2,18,5,6,21,22,4,24,23,3,8,10,14,20,11,12,7,16,19],[13,5,1,2,6,17,18,21,22,4,9,24,8,23,3,14,10,12,7,19,15,20],[13,21,5,6,22,17,18,9,1,2,24,4,3,23,7,8,14,10,12,19,20,16,11],[21,17,22,18,13,1,2,4,5,6,9,24,3,23,8,16,12,14,20,11,10,7,15],[5,9,21,6,22,13,17,18,1,2,4,23,24,3,7,8,15,11,10,12,14,20,19],[17,13,5,6,18,21,22,1,2,4,9,24,23,3,8,14,12,19,11,10,7],[9,17,1,2,18,5,6,21,22,24,4,13,23,3,8,15,10,14,11,12,20,7,16,19],[5,1,6,2,17,18,13,21,22,4,9,24,3,23,8,11,10,12,15,14,19,7,16],[5,17,6,18,1,2,21,22,24,4,9,13,23,3,8,14,12,20,10,7,11,15,19],[9,21,17,22,18,13,5,6,1,2,24,4,3,23,8,16,14,12,7,20,10],[9,17,5,18,13,21,6,22,1,2,24,4,23,3,8,16,14,10,12,19,7,15,11,20],[21,13,1,22,2,24,4,5,6,17,18,9,8,23,3,15,12,16,11,10,7,14,20,19],[9,17,21,22,18,5,6,13,1,2,4,24,23,3,8,14,12,10,20,7,16,19,11],[9,13,17,5,18,1,2,6,21,22,24,4,23,3,8,14,12,7,11,10,20,15],[9,1,13,21,22,2,4,17,18,5,6,24,23,3,8,16,12,15,19,10,14,20,11,7],[13,1,21,22,2,24,4,5,6,17,18,9,23,3,8,14,10,11,12,20,19,7,16],[17,21,22,18,13,1,2,24,4,5,6,9,23,3,8,16,14,11,10,12,20,7,15,19],[17,5,18,9,21,6,22,13,1,2,4,24,23,3,8,16,10,14,12,19,7,20,15],[13,9,1,21,22,2,4,17,18,5,6,24,3,23,8,15,11,10,12,14,20,16,7,19],[17,21,22,18,5,6,9,13,1,2,24,4,3,23,8,15,12,16,20,10,7,14],[1,5,6,2,17,18,21,22,4,9,13,24,8,3,23,14,12,11,10,19,7,16,15,20],[9,13,17,21,18,1,22,2,4,5,6,24,3,23,8,14,11,10,12,15,19,7,16],[1,5,6,2,9,21,22,4,13,17,18,24,8,3,23,15,12,14,20,10,7,16,11],[5,17,6,18,21,22,9,13,1,2,24,4,7,3,23,8,14,12,20,10,16,11,19],[1,21,2,22,4,17,18,9,5,6,13,24,3,23,7,8,14,10,11,12,16,19],[5,13,17,18,21,22,6,1,2,24,4,9,3,23,8,15,10,14,12,20,7,16],[1,13,21,22,2,24,4,9,5,6,17,18,23,3,8,14,12,10,7,15,19,11,16,20],[9,5,21,22,6,17,18,13,1,2,24,4,23,3,8,15,12,14,19,10,7,16,11],[17,21,18,13,5,22,6,9,1,2,4,24,23,3,8,14,11,10,12,20,7,15],[9,13,5,1,2,6,17,18,21,22,4,23,24,3,7,8,15,11,10,12,16,14,20],[5,1,6,2,13,21,22,4,9,17,18,24,3,23,8,16,12,14,11,10,7,19,20],[9,17,1,18,13,5,6,2,21,22,4,24,8,23,3,14,12,20,11,10,7,16,19],[17,5,18,21,22,6,9,1,2,4,13,24,8,3,23,14,11,10,12,7,20,19,16,15],[9,1,17,18,13,21,2,22,4,5,6,24,3,23,8,14,12,7,20,11,10,16,15],[5,13,21,22,6,9,17,18,1,2,24,4,7,23,3,8,14,10,12,20,15,16,11,19],[5,17,18,21,6,22,9,1,2,24,4,13,23,3,8,16,12,14,7,11,10,20,19],[17,13,21,22,18,5,6,1,2,4,9,24,3,23,8,16,14,11,10,12,20,7,19,15],[13,5,1,2,6,9,17,18,21,22,4,24,23,3,7,8,16,14,12,20,19,11,10,15],[13,9,21,5,6,22,17,18,1,2,24,4,3,23,8,16,15,11,10,12,14,20,7],[1,13,9,17,18,5,6,2,21,22,24,4,23,3,8,16,14,11,10,12,19,7,15],[21,13,5,22,6,9,1,2,4,17,18,23,24,3,8,15,12,16,14,20,7,11,10,19],[1,17,2,18,13,21,22,4,9,5,6,24,7,3,23,8,15,12,14,20,10,16,19],[13,21,17,22,18,9,5,6,1,2,24,4,7,23,3,8,10,16,14,19,12,15,11],[5,21,6,22,9,1,2,4,13,17,18,24,8,3,23,14,12,10,20,7,16,19],[21,1,22,2,4,13,5,6,17,18,9,24,23,3,7,8,14,11,10,12,16,19,15,20],[17,21,22,18,13,9,5,6,1,2,4,24,3,23,8,16,12,14,7,15,19,10],[1,9,17,18,5,6,2,21,22,24,4,13,8,3,23,15,10,16,11,12,7,19,14],[13,1,17,2,18,5,6,21,22,24,4,9,7,3,23,8,14,11,10,12,16,19,20,15],[1,13,17,2,18,21,22,4,9,5,6,24,23,3,8,16,11,10,12,14,20,7,15,19],[17,5,18,1,2,6,13,21,22,4,9,24,23,3,8,14,11,10,12,20,7,15],[1,21,22,2,4,9,17,18,13,5,6,24,3,23,8,14,10,12,7,20,16,19],[13,17,5,6,18,1,2,21,22,4,9,24,3,23,7,8,14,10,11,12,20,16,15,19],[9,21,5,6,22,13,17,18,1,2,4,24,3,23,8,16,11,10,12,14,20,7,15,19],[5,13,9,17,6,18,21,22,1,2,24,4,23,3,8,16,14,11,10,12,19,7],[17,21,18,9,1,22,2,24,4,5,6,13,7,23,3,8,15,10,14,11,12,19,16,20],[21,13,17,18,1,22,2,24,4,9,5,6,23,3,8,15,12,14,11,10,19,7],[9,1,5,2,6,13,17,18,21,22,24,4,3,23,8,14,11,10,12,7,15,20,16,19],[21,17,22,18,13,9,1,2,4,5,6,24,3,23,8,14,12,11,10,20,7,15,16],[9,5,17,18,13,1,2,6,21,22,24,4,8,3,23,14,10,11,12,20,7,16,15],[21,13,17,18,9,1,22,2,4,5,6,24,7,23,3,8,14,10,19,11,12,16],[17,13,1,18,9,21,22,2,24,4,5,6,23,3,8,16,11,12,15,10,14,20,7,19],[9,13,21,17,22,18,1,2,24,4,5,6,7,3,23,8,14,10,12,20,19,15],[21,9,17,18,5,6,22,1,2,24,4,13,23,3,8,14,10,11,12,16,20,7],[9,1,5,6,2,17,18,21,22,4,13,24,3,23,8,14,11,10,12,20,16,19,7,15],[1,21,22,2,4,17,18,5,6,9,13,24,3,23,7,8,16,15,10,11,12,20,14],[21,9,13,17,18,1,2,22,4,5,6,24,3,23,8,14,11,10,12,19,16,7],[1,13,9,21,2,22,4,17,18,5,6,24,8,3,23,16,14,10,12,20,7,19,11,15],[21,5,22,6,9,17,18,13,1,2,4,24,23,3,8,14,11,10,12,19,7,20,16,15],[13,1,5,6,2,9,17,18,21,22,4,24,8,3,23,15,12,16,7,14,19,10],[17,21,18,9,5,22,6,13,1,2,24,4,8,23,3,15,10,14,12,19,7],[17,13,1,2,18,21,22,24,4,9,5,6,8,23,3,14,12,20,10,16,15,7,11],[9,1,21,2,22,4,5,6,13,17,18,24,23,3,8,15,10,16,12,19,14,7,11,20],[5,17,6,18,1,2,9,21,22,24,4,13,7,3,23,8,14,10,12,20,15,19,11],[17,1,2,18,9,13,21,22,24,4,5,6,23,3,8,16,12,14,7,20,11,10],[9,17,1,2,18,5,6,13,21,22,24,4,3,23,8,15,12,14,20,10,7,11],[21,17,18,1,22,2,24,4,5,6,9,13,8,3,23,14,10,7,11,12,19,15,16],[9,21,1,22,2,4,17,18,13,5,6,24,3,23,8,16,10,15,11,12,20,7,14],[1,13,21,22,2,24,4,9,5,6,17,18,3,23,8,14,12,7,11,10,19,16,20,15],[5,21,22,6,13,1,2,4,9,17,18,24,7,23,3,8,15,10,16,12,14,20],[21,13,9,5,6,22,1,2,4,17,18,24,8,23,3,15,12,14,7,19,10],[13,5,9,21,22,6,1,2,4,17,18,24,7,3,23,8,16,15,10,11,12,14,19,20],[13,9,5,21,6,22,17,18,1,2,4,24,23,3,8,14,10,11,12,19,7,15],[9,21,13,1,22,2,4,17,18,5,6,24,23,3,8,15,12,16,11,10,14,20,7],[17,9,1,2,18,5,6,13,21,22,4,24,23,3,8,14,10,20,11,12,7,15,16,19],[1,9,21,22,2,24,4,13,5,6,17,18,3,23,7,8,16,14,12,19,10],[9,21,1,2,22,24,4,17,18,13,5,6,3,23,8,15,10,16,11,12,14,20,7],[1,13,17,2,18,21,22,24,4,9,5,6,23,3,8,15,12,16,11,10,14,20,7],[5,17,6,18,21,22,1,2,24,4,13,9,8,23,3,15,10,14,11,12,7,16,19,20],[21,1,22,2,24,4,13,9,5,6,17,18,3,23,8,14,10,11,12,19,7,20,15,16],[13,21,5,6,22,17,18,9,1,2,24,4,3,23,8,15,12,16,19,14,11,10,7,20],[13,21,1,2,22,4,17,18,5,6,9,24,3,23,8,16,14,11,10,12,7,19],[21,5,6,22,9,13,1,2,4,17,18,24,8,23,3,15,12,16,14,19,7,11,10,20],[21,17,18,13,5,6,22,9,1,2,4,23,24,3,8,16,12,14,10,19,7,15,20,11],[17,5,18,21,22,6,9,1,2,4,13,24,3,23,8,16,14,11,10,12,20,7,15,19],[1,9,5,6,2,17,18,21,22,4,13,24,7,3,23,8,14,12,15,20,19,10],[17,1,2,18,5,6,13,21,22,4,9,24,23,3,8,15,12,16,19,14,11,10,7,20],[1,13,9,17,2,18,5,6,21,22,4,24,23,3,8,15,11,10,12,14,19,7],[17,5,6,18,21,22,9,1,2,24,4,13,23,3,8,16,12,14,7,11,10,19,20],[17,9,13,21,22,18,1,2,4,5,6,24,23,3,8,14,10,11,12,19,16,15,7],[1,5,6,2,13,21,22,4,9,17,18,24,3,23,8,14,11,10,12,7,20],[9,1,21,22,2,24,4,5,6,13,17,18,8,23,3,14,10,12,20,15,7,16,11,19],[21,17,22,18,9,13,5,6,1,2,24,4,8,23,3,16,12,14,20,10,7],[17,21,22,18,13,1,2,24,4,9,5,6,8,3,23,14,10,12,7,15,20,16],[21,13,5,6,22,1,2,4,9,17,18,24,8,3,23,16,10,14,11,12,7,19,15],[13,21,9,5,22,6,1,2,24,4,17,18,7,3,23,8,14,11,10,12,19,20,15],[21,5,6,22,17,18,1,2,4,9,13,24,8,23,3,14,10,12,11,20,7,15,16,19],[9,17,21,22,18,13,1,2,24,4,5,6,3,23,8,14,12,19,7,16,10],[5,13,9,17,18,21,6,22,1,2,4,24,23,3,8,15,10,7,16,11,12,20,14,19],[5,1,2,6,9,17,18,13,21,22,4,23,24,3,8,15,11,10,12,14,7,20,19],[17,13,9,21,18,1,22,2,24,4,5,6,3,23,8,15,12,14,19,10,7],[17,1,2,18,13,5,6,21,22,24,4,9,23,3,8,14,12,20,7,11,10,16,19],[13,21,17,18,1,22,2,24,4,9,5,6,3,23,8,16,14,10,12,20,7],[21,9,5,22,6,13,1,2,24,4,17,18,3,23,8,16,14,12,11,10,20,7],[1,17,18,21,22,2,24,4,9,13,5,6,23,3,8,16,15,12,7,19,14,10,20],[9,17,13,1,2,18,21,22,24,4,5,6,23,3,7,8,16,12,14,19,11,10,20],[17,13,1,2,18,21,22,4,5,6,9,24,3,23,8,16,12,15,14,11,10,20,7,19],[9,5,1,6,2,13,21,22,4,17,18,24,23,3,8,15,10,14,11,12,19,7],[9,21,5,6,22,13,17,18,1,2,24,4,23,3,7,8,16,14,12,19,10,15,11,20],[21,17,22,18,5,6,9,13,1,2,24,4,23,3,8,16,15,11,10,12,14,19,7],[13,17,5,6,18,21,22,1,2,24,4,9,3,23,7,8,16,10,15,12,19,14],[5,9,21,22,6,1,2,4,17,18,13,24,23,3,8,16,12,14,11,10,19,7,20,15],[21,17,22,18,5,6,1,2,4,13,9,23,24,3,8,14,12,19,10,7,16,20],[9,13,17,1,18,5,6,2,21,22,4,24,23,3,8,15,10,12,16,14,7,20],[5,1,6,2,9,17,18,21,22,4,13,24,23,3,8,14,12,7,19,10,15,11,16,20],[21,5,22,6,1,2,4,9,17,18,13,24,3,23,7,8,14,12,16,15,20,11,10,19],[1,5,2,6,13,21,22,4,17,18,9,24,23,3,8,14,11,10,12,19,7],[13,17,9,1,2,18,21,22,4,5,6,24,7,23,3,8,14,10,12,20,11,16,19,15],[1,5,6,2,17,18,13,9,21,22,24,4,3,23,8,16,11,10,12,15,14,20,7,19],[21,13,1,2,22,24,4,9,5,6,17,18,23,3,7,8,16,14,12,19,11,10,20,15],[13,9,1,5,6,2,21,22,24,4,17,18,3,23,8,15,12,14,19,7,10],[5,9,13,1,6,2,21,22,4,17,18,24,7,23,3,8,15,10,16,11,12,14,19],[1,9,13,17,18,5,2,6,21,22,4,24,3,23,8,15,12,16,10,14,19,7],[1,17,18,9,21,2,22,24,4,13,5,6,3,23,8,14,12,7,19,10,20,15,16,11],[13,17,21,18,9,5,22,6,1,2,4,24,3,23,7,8,15,12,16,20,14,10,11],[13,17,21,18,5,6,22,1,2,4,9,24,7,3,23,8,15,10,16,12,20,14,11,19],[13,9,5,21,6,22,17,18,1,2,24,4,23,3,8,16,11,10,12,14,19,7,20,15],[21,13,17,18,5,22,6,9,1,2,4,24,23,3,8,14,11,10,12,19,7,15,16,20],[1,9,13,17,18,5,6,2,21,22,4,24,23,3,8,15,12,16,20,7,14,11,10],[21,17,22,18,5,6,9,1,2,4,13,24,3,23,8,15,12,14,7,10,20,19],[5,1,6,2,21,22,4,13,9,17,18,24,7,23,3,8,15,12,16,10,19,14,20],[17,9,21,22,18,5,6,1,2,4,13,24,23,3,8,15,12,16,11,10,14,20,7],[21,9,5,22,6,13,17,18,1,2,4,24,23,3,8,14,11,10,12,16,19,15,7,20],[13,17,21,22,18,1,2,4,5,6,9,24,7,23,3,8,15,10,16,12,14,19,11],[1,21,22,2,24,4,17,18,5,6,13,9,3,23,8,16,14,12,19,20,11,10,7],[9,5,21,22,6,17,18,1,2,24,4,13,3,23,8,14,11,10,12,15,20,7,16],[21,5,6,22,9,13,1,2,4,17,18,24,23,3,8,15,10,16,11,12,20,14,7],[9,21,13,17,18,5,22,6,1,2,24,4,3,23,8,16,11,10,12,14,19,7,15],[9,1,5,2,6,17,18,13,21,22,24,4,3,23,8,15,10,14,12,19,7],[5,13,1,2,6,9,17,18,21,22,4,24,8,23,3,15,10,16,12,7,19,14,11],[9,21,5,22,6,1,2,4,13,17,18,24,23,3,8,15,12,16,14,7,19,11,10],[17,9,1,2,18,5,6,21,22,4,13,24,3,23,8,14,12,10,19,7,15,20,16],[9,1,13,17,18,5,2,6,21,22,24,4,3,23,8,15,11,10,12,16,14,20,19,7],[17,1,18,13,5,6,2,21,22,4,9,24,23,3,7,8,12,14,19,10,20,16,11,15],[1,9,21,22,2,4,17,18,5,6,13,24,23,3,8,14,11,10,12,20,7,15,16,19],[21,17,18,5,6,22,13,9,1,2,24,4,8,3,23,15,10,16,11,12,14,7,19,20],[13,17,9,5,6,18,21,22,1,2,24,4,23,3,8,16,11,12,15,10,20,14,7,19],[9,21,5,6,22,13,17,18,1,2,24,4,23,3,7,8,16,11,10,12,15,20,14,19],[1,17,2,18,13,9,21,22,4,5,6,24,3,23,8,15,11,10,12,16,19,14,7,20],[5,17,6,18,9,13,1,2,21,22,24,4,23,3,8,14,11,10,12,20,16,7],[1,5,6,2,21,22,4,17,18,9,13,23,24,3,8,14,12,7,10,19,11,16,15,20],[5,1,6,2,17,18,13,9,21,22,24,4,3,23,8,15,10,14,11,12,19,16,7,20],[17,13,1,18,21,22,2,4,5,6,9,24,7,23,3,8,16,14,12,15,10,20,19],[17,9,1,18,13,21,2,22,4,5,6,23,24,3,7,8,14,11,10,12,20,15,16],[5,9,13,1,2,6,21,22,4,17,18,24,23,3,8,15,11,10,12,16,14,20,7],[21,1,22,2,4,13,9,17,18,5,6,24,3,23,8,16,10,14,11,12,20,7,15,19],[5,13,17,18,21,22,6,1,2,4,9,24,3,23,7,8,15,10,16,14,12,11,19],[1,13,21,2,22,24,4,9,17,18,5,6,23,3,8,16,10,14,11,12,7,20,19],[9,13,21,1,2,22,24,4,5,6,17,18,8,23,3,14,11,10,12,16,20,7],[21,13,17,22,18,1,2,4,9,5,6,24,23,3,8,14,10,20,11,12,7,16,15],[1,13,17,2,18,5,6,21,22,24,4,9,7,23,3,8,16,12,14,19,15,11,10,20],[9,1,21,2,22,4,13,5,6,17,18,24,3,23,8,14,12,20,7,11,10,16,15,19],[13,21,17,22,18,5,6,1,2,24,4,9,23,3,8,14,11,10,12,20,7,16],[13,21,9,5,22,6,1,2,24,4,17,18,3,23,8,16,15,10,14,20,12,11,7],[9,13,17,21,18,1,22,2,24,4,5,6,23,3,7,8,10,14,11,12,16,19,15,20],[9,1,17,2,18,21,22,4,13,5,6,24,3,23,7,8,14,11,10,12,19,16,20],[9,21,13,1,22,2,4,17,18,5,6,24,3,23,8,14,10,11,12,19,16,7,15],[17,21,18,9,1,22,2,4,13,5,6,24,3,23,8,16,14,10,12,7,20,11,19],[17,1,18,13,9,5,2,6,21,22,4,24,3,23,8,14,10,20,11,12,16],[1,21,2,22,24,4,9,17,18,5,6,13,7,23,3,8,15,10,16,11,12,19,14],[13,1,9,17,2,18,5,6,21,22,24,4,3,23,7,8,14,11,10,12,20,15,19,16],[9,1,17,2,18,21,22,24,4,13,5,6,3,23,7,8,14,10,11,12,19,15,20,16],[13,21,17,18,5,6,22,9,1,2,4,24,8,3,23,14,10,12,19,16,7],[17,13,21,22,18,9,1,2,24,4,5,6,23,3,8,16,11,10,12,14,20,7,15],[9,21,17,18,1,22,2,4,13,5,6,24,23,3,7,8,15,12,16,19,11,10,14],[13,9,17,21,18,1,2,22,4,5,6,24,23,3,8,15,10,14,7,12,20],[9,5,13,17,6,18,1,2,21,22,24,4,3,23,8,14,11,10,12,19,7],[9,1,21,22,2,4,17,18,5,6,13,24,23,3,8,16,14,12,19,10,7,15,20],[13,17,21,22,18,5,6,9,1,2,24,4,3,23,8,14,11,10,12,7,16,19],[21,1,2,22,4,13,9,5,6,17,18,24,23,3,8,14,10,12,7,20],[9,5,21,6,22,13,17,18,1,2,4,24,3,23,7,8,15,10,16,12,20,14],[9,21,5,6,22,17,18,1,2,4,13,23,24,3,8,15,10,16,11,12,19,14,7],[21,17,18,5,22,6,9,1,2,4,13,24,3,23,8,15,10,16,20,12,7,14],[9,5,13,21,6,22,1,2,4,17,18,24,3,23,8,14,11,10,12,19,7,20,15,16],[9,13,21,5,22,6,1,2,4,17,18,24,8,3,23,16,12,15,14,7,20,10],[13,1,5,6,2,9,21,22,24,4,17,18,23,3,8,14,11,10,12,7,15,20,16,19],[5,1,6,2,21,22,24,4,9,13,17,18,7,23,3,8,16,14,11,10,12,19,15,20],[5,13,9,17,18,21,6,22,1,2,4,24,3,23,7,8,15,12,14,19,10,16],[13,5,9,1,6,2,21,22,4,17,18,23,24,3,7,8,15,12,16,19,14,10,11,20],[21,13,5,22,6,9,1,2,24,4,17,18,3,23,8,16,14,11,10,12,19,7],[5,1,6,2,21,22,24,4,17,18,13,9,3,23,8,15,10,12,14,20,19,11,7,16],[17,5,6,18,21,22,1,2,4,9,13,24,3,23,8,14,10,11,12,20,15,7],[17,21,18,9,13,5,6,22,1,2,4,24,3,23,7,8,16,14,10,12,20,11],[1,13,21,22,2,4,9,5,6,17,18,24,23,3,8,14,12,20,16,11,10,7,19],[13,9,17,21,22,18,1,2,24,4,5,6,23,3,8,14,12,10,7,20,15,11,19],[13,17,9,5,6,18,21,22,1,2,24,4,8,23,3,16,14,10,12,20,19,7,11],[13,21,5,22,6,17,18,9,1,2,4,24,7,3,23,8,14,10,11,12,19,16,20,15],[13,1,5,6,2,9,21,22,24,4,17,18,3,23,8,14,11,10,12,15,7,19,16],[17,1,18,21,22,2,4,9,5,6,13,24,3,23,8,16,14,10,11,12,7,19,20],[1,9,21,2,22,24,4,5,6,13,17,18,8,23,3,16,14,11,10,12,20,15,7,19],[1,5,2,6,17,18,21,22,4,13,9,24,7,3,23,8,16,14,10,11,12,19,20],[9,17,5,18,1,2,6,13,21,22,4,24,8,3,23,15,12,16,20,14,11,10,7,19],[5,13,17,18,21,22,6,9,1,2,4,24,7,23,3,8,16,14,12,10,19,11,20,15],[5,13,21,22,6,9,1,2,24,4,17,18,23,3,8,14,11,10,12,7,20],[13,5,21,6,22,9,1,2,24,4,17,18,23,3,8,15,10,11,12,14,19,7],[21,5,22,6,9,17,18,1,2,4,13,24,3,23,7,8,14,11,10,12,19,16],[17,13,1,2,18,5,6,9,21,22,4,24,23,3,8,14,12,10,19,15,7,11,20],[5,17,18,13,1,6,2,21,22,4,9,24,3,23,8,16,11,10,12,14,19,7,15,20],[17,5,18,1,6,2,21,22,4,9,13,24,3,23,8,15,11,10,12,14,20,7],[9,13,1,21,22,2,24,4,5,6,17,18,8,23,3,15,12,16,10,14,19,7],[21,5,6,22,1,2,24,4,17,18,13,9,23,3,7,8,15,10,14,11,12,20],[5,9,13,1,6,2,17,18,21,22,4,24,23,3,8,16,12,15,20,14,11,10,7],[13,21,9,17,18,5,22,6,1,2,4,24,7,3,23,8,15,12,16,14,20,10],[21,1,22,2,24,4,17,18,9,13,5,6,23,3,8,14,10,12,20,7,15,19,16],[17,21,18,13,1,22,2,4,5,6,9,24,8,23,3,16,12,14,11,10,19,7,20,15],[5,13,21,22,6,9,17,18,1,2,24,4,3,23,8,15,11,10,12,14,20,7,19,16],[5,9,21,22,6,13,17,18,1,2,4,24,8,3,23,15,11,10,12,14,20,7,16],[17,13,1,18,9,21,22,2,4,5,6,24,8,23,3,14,12,10,7,19,11,15,20],[13,21,17,22,18,9,1,2,24,4,5,6,23,3,8,16,12,14,10,7,19],[17,21,22,18,13,1,2,24,4,9,5,6,23,3,8,14,12,11,10,19,7,15,20,16],[5,9,1,2,6,17,18,13,21,22,24,4,3,23,8,14,12,7,11,10,19,16],[21,13,9,5,22,6,1,2,24,4,17,18,3,23,8,16,15,11,10,12,14,7,20],[9,1,5,2,6,13,17,18,21,22,24,4,8,23,3,15,12,16,19,14,7,11,10],[13,21,9,1,22,2,4,5,6,17,18,24,3,23,8,14,12,19,16,7,11,10,20],[9,5,17,18,13,1,6,2,21,22,24,4,23,3,8,16,15,11,10,12,14,20,7,19],[5,21,6,22,13,9,1,2,4,17,18,23,24,3,8,16,11,10,12,14,20,7,19],[21,9,17,18,5,22,6,1,2,24,4,13,3,23,8,16,11,10,12,14,20,15,7],[21,13,1,22,2,4,9,5,6,17,18,24,23,3,7,8,15,10,16,11,12,20,14,19],[9,5,17,6,18,1,2,13,21,22,24,4,8,3,23,14,12,7,19,10,11,15,16,20],[21,9,13,1,22,2,4,17,18,5,6,24,3,23,8,15,10,16,11,12,14,19,7],[1,13,21,2,22,4,5,6,17,18,9,24,3,23,8,14,12,7,15,19,10,20,16],[17,13,21,22,18,1,2,4,5,6,9,24,23,3,8,14,10,7,11,12,20,19,16],[5,17,18,1,6,2,13,9,21,22,4,24,23,3,8,15,10,16,14,7,19,11,12],[13,9,1,17,2,18,21,22,4,5,6,24,23,3,8,14,12,20,15,7,19,10,16,11],[5,13,21,22,6,1,2,4,17,18,9,24,23,3,8,14,12,19,7,10,16,11],[9,1,17,18,5,6,2,13,21,22,4,24,23,3,8,15,10,12,14,7,19,20,16],[17,13,21,18,5,22,6,9,1,2,24,4,3,23,8,14,12,19,10,15,7,16,20,11],[9,1,21,22,2,24,4,5,6,17,18,13,23,3,8,16,14,12,19,10,7],[1,9,5,2,6,13,21,22,24,4,17,18,23,3,8,15,10,14,19,12,7,11],[1,21,2,22,24,4,5,6,9,13,17,18,23,3,8,15,12,16,19,7,10,14],[5,1,2,6,13,21,22,24,4,9,17,18,23,3,7,8,15,12,16,14,10,20,19,11],[9,21,13,17,22,18,1,2,24,4,5,6,3,23,8,10,14,11,12,20,19,16,7,15],[9,13,5,21,6,22,17,18,1,2,4,23,24,3,8,14,10,11,12,19,15,7],[5,21,6,22,1,2,24,4,9,17,18,13,8,23,3,16,10,14,11,12,20,7],[9,21,17,18,5,22,6,1,2,24,4,13,23,3,8,16,12,14,10,19,7,15],[1,17,18,13,21,22,2,4,9,5,6,23,24,3,7,8,16,14,11,10,12,19,15,20],[5,17,18,21,6,22,1,2,24,4,9,13,23,3,8,16,12,14,7,20,10,11,15],[5,21,22,6,17,18,1,2,24,4,13,9,3,23,7,8,15,10,11,12,16,14,20],[1,17,18,9,13,5,6,2,21,22,24,4,23,3,7,8,16,14,11,10,12,20],[13,21,5,6,22,9,17,18,1,2,24,4,23,3,7,8,14,12,11,10,20,19,16,15],[5,13,17,18,9,1,6,2,21,22,24,4,23,3,8,14,11,10,12,19,7,16],[13,17,9,1,18,21,2,22,4,5,6,24,3,23,8,14,12,16,19,7,11,10,20],[9,1,13,17,18,5,6,2,21,22,24,4,23,3,8,15,11,10,12,14,7,19,20,16],[21,17,22,18,13,9,1,2,24,4,5,6,7,23,3,8,14,11,10,12,19,16,20,15],[13,21,1,22,2,4,9,5,6,17,18,24,23,3,8,16,14,11,10,12,7,19,15],[17,1,18,9,5,2,6,21,22,4,13,23,24,3,7,8,14,12,15,19,10,16,20,11],[13,9,21,5,22,6,17,18,1,2,4,24,23,3,8,14,12,19,7,10,15,16],[1,13,9,21,2,22,4,5,6,17,18,24,23,3,7,8,14,11,10,12,19,16,20,15],[17,21,18,13,5,22,6,9,1,2,24,4,8,23,3,14,10,12,19,11,15,7],[9,5,17,18,1,2,6,13,21,22,4,24,3,23,8,14,10,11,12,19,15,7],[1,5,2,6,13,21,22,4,17,18,9,24,7,3,23,8,15,11,10,12,14,19,16,20],[17,21,18,1,22,2,24,4,13,5,6,9,8,23,3,14,12,7,19,11,10,16],[21,5,6,22,9,13,1,2,4,17,18,24,3,23,8,15,11,10,12,14,7,20,19,16],[5,13,9,1,2,6,17,18,21,22,24,4,3,23,8,14,12,15,20,7,10,11,19,16],[9,21,5,6,22,13,17,18,1,2,4,23,24,3,8,14,10,12,19,16,7,20,11],[5,9,17,6,18,21,22,1,2,4,13,24,23,3,8,14,12,20,15,10,7,11,16,19],[9,17,1,2,18,13,5,6,21,22,4,24,3,23,8,14,10,12,19,7,15,20,11,16],[1,9,21,22,2,24,4,13,5,6,17,18,3,23,8,16,12,14,19,7,11,10,15,20],[13,17,1,18,21,2,22,4,9,5,6,24,7,3,23,8,16,12,14,10,19,15,11],[21,5,6,22,17,18,9,13,1,2,4,24,23,3,7,8,14,11,10,12,16,20],[13,9,1,21,22,2,24,4,5,6,17,18,7,3,23,8,14,12,20,10,15,16,11],[1,9,5,2,6,21,22,4,17,18,13,24,23,3,8,15,10,16,11,12,20,14,7],[21,5,22,6,13,17,18,1,2,4,9,23,24,3,8,16,14,10,12,7,20],[1,5,6,2,21,22,24,4,9,13,17,18,3,23,8,15,11,10,12,14,20,7,16,19],[17,21,18,5,6,22,1,2,4,9,13,24,3,23,8,16,10,15,20,12,7,14,19,11],[9,17,5,18,1,2,6,13,21,22,24,4,23,3,8,15,11,10,12,16,7,19,20,14],[1,5,6,2,9,17,18,13,21,22,24,4,3,23,8,16,12,14,20,7,10,11,15,19],[17,1,2,18,5,6,13,9,21,22,4,24,3,23,8,15,10,14,7,12,19,20,16],[21,1,22,2,4,17,18,9,13,5,6,23,24,3,7,8,14,12,11,10,15,20],[13,5,21,22,6,9,17,18,1,2,4,24,3,23,8,16,14,12,20,7,15,11,10,19],[13,1,5,2,6,21,22,24,4,9,17,18,23,3,8,14,10,11,12,19,16,7,15,20],[21,17,22,18,13,9,1,2,4,5,6,24,23,3,8,15,11,10,12,16,20,14,7,19],[17,1,18,9,13,5,2,6,21,22,4,24,23,3,8,16,14,10,11,12,20,7,19],[1,17,2,18,9,21,22,24,4,13,5,6,23,3,8,14,10,12,19,7,20,15],[17,1,2,18,9,5,6,13,21,22,24,4,23,3,7,8,15,12,16,14,19,11,10,20],[21,17,18,1,2,22,24,4,13,9,5,6,23,3,8,15,11,10,12,16,20,14,7],[17,5,18,1,6,2,21,22,24,4,9,13,3,23,8,16,15,11,10,12,19,14,20,7],[5,13,21,22,6,17,18,9,1,2,4,24,3,23,8,15,12,14,11,10,7,19,16],[5,17,18,9,1,6,2,13,21,22,24,4,23,3,8,15,11,10,12,14,7,19,20],[1,5,2,6,9,21,22,24,4,17,18,13,23,3,8,15,12,16,14,11,10,20,7,19],[13,5,21,22,6,1,2,4,9,17,18,24,8,23,3,16,11,10,12,15,14,7,19,20],[17,5,18,9,13,1,6,2,21,22,4,24,3,23,8,14,10,12,20,7,15,19,11],[1,21,2,22,4,17,18,13,9,5,6,24,3,23,8,15,12,16,20,14,11,10,7,19],[5,9,13,21,22,6,17,18,1,2,4,24,8,23,3,16,11,10,12,14,20,7,19,15],[9,13,21,1,2,22,4,5,6,17,18,24,3,23,8,15,11,10,12,16,14,20,7],[17,9,21,22,18,5,6,1,2,24,4,13,23,3,7,8,14,10,15,12,19,20,16,11],[21,5,6,22,17,18,9,13,1,2,24,4,3,23,8,14,10,11,12,19,16,7],[5,9,21,6,22,17,18,1,2,24,4,13,23,3,7,8,14,12,19,11,10,16,15,20],[13,1,21,22,2,24,4,5,6,9,17,18,7,23,3,8,14,11,10,12,19,16,20,15],[1,17,2,18,21,22,24,4,9,13,5,6,3,23,8,16,15,12,14,20,7,10,19,11],[9,17,21,18,13,1,2,22,24,4,5,6,7,23,3,8,14,11,10,12,20,16,15],[1,9,21,2,22,4,17,18,13,5,6,24,23,3,8,16,15,11,10,12,19,14,7,20],[21,17,22,18,5,6,9,1,2,24,4,13,23,3,7,8,16,14,12,19,11,10],[5,1,6,2,21,22,4,13,17,18,9,24,3,23,8,14,12,7,15,11,10,19],[13,21,5,6,22,9,17,18,1,2,24,4,3,23,8,10,16,15,12,19,14,7,11,20],[9,13,1,17,2,18,5,6,21,22,4,24,23,3,8,16,14,10,11,12,20,7,15,19],[1,5,2,6,17,18,13,9,21,22,24,4,23,3,8,14,10,7,12,11,20,16,19,15],[21,5,6,22,9,17,18,1,2,24,4,13,3,23,7,8,14,11,12,10,16,19,20,15],[17,9,13,5,18,1,6,2,21,22,24,4,23,3,8,14,10,19,11,12,7,16],[9,13,21,5,22,6,1,2,24,4,17,18,3,23,8,14,10,11,12,19,7,15,20,16],[1,21,22,2,24,4,13,17,18,9,5,6,23,3,7,8,15,12,14,11,10,19],[9,5,17,18,1,6,2,21,22,24,4,13,23,3,8,16,14,10,11,12,20,7,19,15],[17,5,18,13,1,6,2,21,22,4,9,24,8,23,3,15,11,10,12,16,14,7,19,20],[21,9,5,6,22,17,18,1,2,24,4,13,8,3,23,14,12,19,11,10,7,16,15],[9,5,21,6,22,17,18,13,1,2,24,4,23,3,7,8,14,10,11,12,20,19,15,16],[1,13,5,2,6,17,18,9,21,22,24,4,23,3,8,16,14,12,19,7,11,10],[9,21,17,22,18,1,2,24,4,5,6,13,23,3,8,16,14,12,10,19,11,7,20],[13,21,1,2,22,24,4,5,6,9,17,18,8,23,3,15,10,16,11,12,14,20,7],[5,21,22,6,13,17,18,9,1,2,24,4,3,23,8,16,14,10,11,12,19,7,20],[13,17,5,18,1,6,2,9,21,22,4,24,3,23,8,16,11,10,12,15,20,14,7],[13,17,21,18,1,22,2,24,4,5,6,9,8,3,23,14,12,11,10,7,16,20,15,19],[13,21,1,22,2,4,5,6,17,18,9,24,8,23,3,14,11,10,12,19,7,16],[9,21,17,18,5,22,6,13,1,2,4,24,3,23,8,14,11,10,12,19,15,7,16],[1,17,2,18,5,6,9,13,21,22,24,4,3,23,8,14,10,12,7,19,11,20,16,15],[17,1,18,9,5,2,6,13,21,22,4,24,8,23,3,14,11,10,12,20,16,7,15,19],[5,21,6,22,17,18,1,2,24,4,13,9,3,23,8,15,10,11,12,14,19,7,16,20],[17,21,18,5,22,6,9,13,1,2,4,24,8,23,3,14,12,7,10,19,16],[17,13,9,1,18,5,6,2,21,22,4,24,23,3,8,14,11,10,12,7,19,16,20],[5,13,9,17,6,18,1,2,21,22,4,24,3,23,8,15,10,14,11,12,19,16,7],[13,17,5,6,18,9,1,2,21,22,4,24,23,3,8,16,12,14,20,11,10,15,7,19],[5,1,2,6,21,22,24,4,17,18,13,9,8,23,3,16,10,14,11,12,7,20,19],[17,21,18,13,9,1,22,2,24,4,5,6,3,23,8,14,10,11,12,16,20,7,15],[9,17,1,2,18,21,22,4,13,5,6,24,23,3,8,16,14,11,10,12,7,19],[9,5,21,6,22,1,2,24,4,13,17,18,3,23,7,8,15,12,16,14,20,10],[5,1,6,2,9,17,18,13,21,22,24,4,23,3,7,8,16,10,15,20,12,14,11,19],[21,1,22,2,24,4,5,6,13,9,17,18,23,3,8,14,11,10,12,19,7,15],[21,13,9,17,18,5,6,22,1,2,4,23,24,3,8,15,12,16,19,14,7,10,11],[17,13,21,22,18,5,6,9,1,2,24,4,3,23,8,14,10,12,7,20],[9,13,5,1,6,2,21,22,4,17,18,24,23,3,8,14,11,10,12,20,7,16],[5,17,6,18,13,21,22,9,1,2,4,23,24,3,8,15,12,14,19,10,16,7,11],[9,5,17,18,1,2,6,13,21,22,4,24,8,3,23,14,10,12,20,7,16,19,11],[5,21,6,22,1,2,4,9,13,17,18,24,23,3,8,14,12,19,10,7,15,16,11,20],[1,21,2,22,24,4,9,13,17,18,5,6,3,23,8,16,14,11,10,12,19,7,20,15],[9,21,13,1,22,2,24,4,5,6,17,18,23,3,8,14,11,10,12,19,7,15],[5,21,6,22,17,18,9,1,2,24,4,13,3,23,7,8,16,10,14,11,12,19],[1,5,6,2,21,22,24,4,9,17,18,13,8,23,3,14,11,10,12,20,16,7],[5,17,18,9,13,1,2,6,21,22,4,24,3,23,8,15,12,16,7,10,20,14],[1,17,2,18,9,5,6,21,22,24,4,13,23,3,7,8,16,10,14,11,12,19,15,20],[1,5,2,6,21,22,4,17,18,13,9,23,24,3,8,14,12,20,15,10,7,19,16],[13,17,9,21,18,1,2,22,4,5,6,24,23,3,8,14,10,12,19,7,15,16,11],[13,1,17,2,18,21,22,4,5,6,9,24,3,23,7,8,15,12,16,14,20,11,10],[13,5,9,17,18,21,6,22,1,2,4,24,7,3,23,8,16,10,15,12,19,14,20,11],[17,9,21,18,5,6,22,13,1,2,4,24,23,3,8,16,14,11,10,12,19,7,20],[9,13,1,5,6,2,17,18,21,22,4,24,23,3,8,16,10,15,11,12,14,20,7],[9,21,17,22,18,5,6,13,1,2,24,4,8,23,3,15,12,16,14,20,7,11,10,19],[5,21,22,6,9,13,1,2,4,17,18,24,23,3,8,15,10,16,11,12,20,7,14],[17,13,21,22,18,1,2,24,4,9,5,6,23,3,8,15,12,14,19,11,10,7],[5,1,2,6,17,18,21,22,24,4,13,9,3,23,7,8,14,10,11,12,19,15,20,16],[5,1,2,6,13,21,22,24,4,17,18,9,8,3,23,14,11,10,12,15,20,7],[17,5,6,18,1,2,9,21,22,4,13,24,8,23,3,14,10,12,19,15,7,16],[21,9,1,22,2,24,4,5,6,17,18,13,23,3,7,8,14,10,12,16,19,11,15],[21,9,1,2,22,4,17,18,5,6,13,24,7,3,23,8,15,10,11,12,16,19,14],[13,1,9,21,22,2,4,17,18,5,6,24,7,3,23,8,16,10,15,11,12,14,19,20],[13,5,1,2,6,9,17,18,21,22,24,4,3,23,8,15,12,14,19,11,10,7,20],[1,13,5,6,2,9,17,18,21,22,4,24,3,23,8,15,12,14,19,7,10,20,16,11],[5,21,22,6,17,18,13,9,1,2,24,4,3,23,8,14,11,10,12,19,15,7,16],[1,13,17,2,18,9,5,6,21,22,24,4,8,23,3,14,10,11,12,19,7,15,20,16],[17,13,5,6,18,9,21,22,1,2,24,4,3,23,8,16,12,14,11,10,19,15,7,20],[17,5,18,21,6,22,13,9,1,2,24,4,3,23,8,16,12,14,19,10,15,7],[1,13,5,6,2,9,21,22,4,17,18,24,3,23,8,15,12,16,20,10,14,7,19],[9,17,13,5,18,1,6,2,21,22,24,4,3,23,8,15,11,10,12,14,20,7,16,19],[5,9,1,6,2,21,22,4,13,17,18,24,3,23,7,8,15,12,14,11,10,20,19],[9,21,17,22,18,1,2,24,4,5,6,13,23,3,8,15,10,16,11,12,20,14,7,19],[17,9,1,2,18,13,21,22,24,4,5,6,23,3,8,14,11,10,12,7,20,15,19],[17,1,2,18,21,22,4,9,13,5,6,24,23,3,8,16,11,10,12,14,19,7,15],[21,5,22,6,1,2,4,9,13,17,18,24,23,3,8,14,12,11,10,20,7,19,16,15],[21,1,22,2,24,4,17,18,5,6,13,9,23,3,8,14,12,19,11,10,7,16,15,20],[13,17,5,18,1,2,6,9,21,22,4,24,7,23,3,8,15,11,10,12,16,19,14,20],[21,9,17,18,1,22,2,4,13,5,6,24,23,3,8,14,11,10,12,7,19,16,20],[9,17,5,18,1,2,6,13,21,22,4,24,3,23,8,14,11,10,12,7,16,19,15,20],[5,21,6,22,1,2,24,4,17,18,13,9,23,3,7,8,16,14,10,11,12,19],[5,17,18,9,21,22,6,1,2,24,4,13,7,23,3,8,15,12,14,10,19,11,16,20],[21,13,1,22,2,24,4,9,17,18,5,6,3,23,8,15,10,14,12,7,20,11,16,19],[17,13,9,21,22,18,5,6,1,2,4,24,3,23,8,16,14,10,20,11,12,19,7],[17,21,22,18,1,2,4,13,9,5,6,24,23,3,8,15,11,10,12,16,20,14,7,19],[1,17,2,18,21,22,24,4,13,5,6,9,23,3,8,15,12,16,20,11,10,7,14,19],[13,1,5,2,6,17,18,21,22,4,9,24,23,3,7,8,15,12,14,19,11,10,16],[1,9,13,17,2,18,5,6,21,22,4,24,3,23,8,14,10,12,20,7,16,19,11,15],[21,5,22,6,17,18,1,2,24,4,13,9,8,23,3,16,10,14,20,11,12,7],[5,9,17,18,1,2,6,13,21,22,4,24,8,3,23,14,11,10,12,7,19,15,20],[1,17,2,18,21,22,24,4,13,9,5,6,23,3,7,8,14,12,11,10,15,20],[5,17,18,9,1,6,2,21,22,24,4,13,3,23,8,15,11,10,12,16,19,7,14,20],[5,1,6,2,9,13,21,22,24,4,17,18,3,23,8,14,11,10,12,19,15,7,20],[1,5,6,2,17,18,13,9,21,22,4,24,8,23,3,15,12,16,20,14,11,10,19,7],[5,17,6,18,21,22,1,2,24,4,9,13,8,23,3,14,11,10,12,19,7],[1,9,17,2,18,21,22,24,4,13,5,6,3,23,8,10,15,16,7,11,12,20,14],[13,17,5,6,18,21,22,1,2,4,9,24,3,23,8,14,10,11,12,19,16,7,20,15],[1,5,6,2,21,22,4,17,18,13,9,24,23,3,8,15,12,14,19,7,10],[13,9,5,21,22,6,17,18,1,2,4,24,3,23,7,8,15,12,14,20,10,16,19],[5,9,17,18,1,2,6,13,21,22,24,4,3,23,8,14,11,10,12,20,7,15,19,16],[13,1,17,18,9,21,2,22,4,5,6,24,23,3,8,14,10,12,15,7,19,20,11,16],[1,17,2,18,21,22,24,4,5,6,9,13,3,23,8,14,12,20,7,11,10,15],[13,5,1,2,6,21,22,24,4,17,18,9,3,23,8,16,11,10,12,15,20,14,7],[1,17,18,21,22,2,4,9,5,6,13,24,23,3,7,8,14,10,11,12,19,15],[9,1,21,22,2,4,17,18,5,6,13,24,7,23,3,8,16,14,12,15,19,10,20],[5,21,22,6,1,2,4,13,17,18,9,24,3,23,8,15,11,10,12,14,7,20,19,16],[1,21,2,22,4,17,18,5,6,13,9,24,3,23,8,16,10,14,12,19],[13,17,1,2,18,21,22,24,4,9,5,6,8,23,3,15,12,14,19,7,10],[17,9,13,1,2,18,5,6,21,22,24,4,3,23,8,14,12,10,19,7,15],[21,13,1,22,2,4,5,6,9,17,18,24,23,3,7,8,14,10,20,11,12,19,15,16],[13,9,21,1,22,2,4,5,6,17,18,24,23,3,8,14,12,20,19,15,7,11,10],[5,1,2,6,17,18,21,22,24,4,9,13,3,23,8,16,14,12,19,7,11,10,15,20],[13,1,17,2,18,21,22,4,5,6,9,24,23,3,8,15,10,16,20,14,11,12,7,19],[5,17,18,13,1,2,6,9,21,22,24,4,23,3,8,14,11,10,12,19,7,16],[5,17,18,1,2,6,9,13,21,22,24,4,8,3,23,16,14,12,11,10,19,7,20],[1,5,6,2,17,18,21,22,4,13,9,24,7,23,3,8,16,14,11,10,12,20,19],[9,1,21,22,2,24,4,13,5,6,17,18,8,23,3,14,10,12,7,16,19,11],[9,13,1,21,22,2,24,4,17,18,5,6,23,3,8,14,11,10,12,20,16,7,19,15],[1,17,2,18,9,13,21,22,24,4,5,6,7,23,3,8,16,14,10,12,20,15],[17,5,6,18,13,1,2,9,21,22,4,24,7,23,3,8,14,11,10,12,20,15,19,16],[5,13,21,22,6,9,17,18,1,2,4,24,23,3,8,14,12,7,10,19,16],[13,5,21,6,22,1,2,4,9,17,18,24,23,3,8,15,11,10,12,14,19,7],[5,9,13,17,6,18,1,2,21,22,24,4,23,3,8,16,12,14,19,7,10],[9,5,1,6,2,13,17,18,21,22,4,24,3,23,8,14,11,10,12,20,16,7,15,19],[21,1,22,2,24,4,5,6,9,17,18,13,8,23,3,15,11,10,12,14,7,19],[17,13,21,22,18,9,5,6,1,2,24,4,8,3,23,14,11,10,12,19,16,7,15],[1,21,22,2,4,9,5,6,13,17,18,24,7,3,23,8,14,10,16,11,12,20],[1,13,5,6,2,21,22,4,17,18,9,24,3,23,7,8,15,10,14,11,12,20],[21,9,1,2,22,24,4,5,6,17,18,13,7,23,3,8,14,12,19,16,11,10],[1,9,21,2,22,24,4,17,18,5,6,13,23,3,8,14,10,11,12,7,19,15,20],[13,17,1,2,18,9,21,22,4,5,6,24,23,3,8,14,11,10,12,7,19,16,20,15],[17,13,5,18,21,6,22,1,2,24,4,9,8,23,3,15,11,10,12,14,7,20],[13,1,21,2,22,24,4,17,18,5,6,9,23,3,8,14,10,19,11,12,7,20,15,16],[13,9,21,17,18,5,6,22,1,2,24,4,23,3,8,15,11,10,12,14,19,7,16],[9,1,13,5,6,2,21,22,24,4,17,18,3,23,7,8,14,11,10,12,15,20,16],[1,21,22,2,4,17,18,13,5,6,9,24,3,23,8,16,10,14,12,20,11,7,19,15],[1,9,5,2,6,17,18,21,22,24,4,13,23,3,7,8,16,14,11,10,12,15,20],[17,5,6,18,1,2,9,21,22,4,13,24,3,23,8,15,12,14,19,7,20,11,10,16],[5,9,1,2,6,21,22,24,4,17,18,13,3,23,8,14,12,10,19,7,16,15],[13,9,1,17,18,5,6,2,21,22,4,24,23,3,8,15,11,10,12,16,19,7,14,20],[13,9,1,5,6,2,21,22,4,17,18,24,23,3,7,8,15,12,16,14,11,10,19],[13,1,17,2,18,21,22,24,4,5,6,9,3,23,8,16