{"problem_id":"jTpkWKNHY4CNxkr","sigma":75,"alpha":10.000,"cost":0,"probabilities":"[0.17, 0.26, 0.25, 0.32]","payoff_matrix":"[[108, -192, -29, 102, -95, -8], [-59, -24, -6, -136, 102, -28], [111, -16, -121, 17, 129, 79], [59, -38, -18, 12, -67, -116]]","uncovered":[[4,20,16,12,8,24,2,14,10,11,6,3,18,19,17,1],[16,8,24,20,4,12,14,10,2,3,9,7,6,19,18,1,17],[8,12,16,24,20,4,15,2,14,10,11,6,7,18,19,3,1,17],[4,20,12,16,8,24,2,14,10,11,6,7,18,3,19,1,17],[8,20,12,4,16,24,2,14,10,3,7,11,18,19,17,1],[8,4,20,16,24,12,2,14,10,11,6,3,17],[24,16,4,12,20,8,14,10,2,3,6,11,21,7],[16,8,20,12,4,24,14,10,2,3,11,6,17],[24,16,12,4,20,8,14,2,10,3,6,11,1],[20,16,24,8,12,4,14,11,2,6,18,19,3,17,1],[4,16,24,8,20,12,2,14,10,11,6,18,3,19,1,17],[12,4,16,20,24,8,2,14,10,3,6,11,21,7],[8,12,20,16,4,24,14,2,10,11,6,7,18,19,3,17,1],[24,4,8,12,16,20,2,14,10,3,6,11,7,19,18,17,1],[24,4,16,12,20,8,14,2,10,11,6,7,18,3,19,17,1],[8,12,24,16,4,20,14,2,10,3,7,11,17],[8,4,20,16,12,24,2,14,10,11,6,7,18,3,19,1,17],[8,16,20,4,24,12,2,14,10,11,6,3,19,18,1,17],[8,20,4,12,16,24,14,10,2,11,6,3,5,18,19,1,17],[16,24,4,8,12,20,2,14,10,3,6,11,18,19,1,17],[8,12,24,16,20,4,14,10,2,3,6,11,18,19,1,17],[24,20,16,8,4,12,14,2,10,3,11,6,18,19,17,1],[20,24,16,8,4,12,14,10,2,3,11,7,18,19,17,1],[8,20,12,4,24,16,14,10,2,11,6,7,18,3,19,17,1],[4,24,8,12,16,20,14,2,10,11,6,18,19,3,17,1],[4,12,24,20,8,16,2,14,10,11,6,3,17],[4,12,16,24,20,8,14,2,10,11,6,18,3,19,1,17],[24,20,8,16,4,12,14,2,10,3,6,11,22,19,18,1,17],[16,4,20,12,8,24,14,3,18,9,19,2,1,17],[20,24,16,4,8,12,2,14,10,3,7,11,6,17],[20,8,16,4,12,24,2,14,10,11,6,7,18,19,3,17,1],[4,20,24,8,16,12,14,10,2,3,6,11,7],[8,16,20,24,4,12,2,14,10,11,6,18,19,3,1,17],[24,8,12,16,20,4,14,2,10,3,11,18,19,1,17],[8,4,20,16,12,24,2,14,10,11,6,18,3,19,1,17],[8,20,4,12,24,16,2,14,10,3,6,11,22,7],[24,4,8,16,12,20,2,14,10,11,6,3,18,19,17,1],[4,20,24,16,12,8,14,10,2,3,6,11,5,1],[16,4,8,24,12,20,2,14,10,3,7,11,17],[24,16,12,20,8,4,14,10,2,3,11,7,6,15,13],[12,16,20,8,24,4,2,14,10,3,7,11,6,19,18,17,1],[12,8,4,16,20,24,14,2,10,11,6,7,19,18,3,17,1],[24,12,16,8,4,20,14,10,2,3,6,11,17],[8,20,12,4,16,24,14,2,10,11,6,18,3,19,17,1],[4,20,16,12,8,24,2,14,10,11,6,3,19,18,17,1],[8,16,4,20,24,12,14,2,10,3,11,7,17],[4,12,20,24,8,16,14,2,10,3,7,11,17],[8,24,12,16,4,20,2,14,10,3,6,11,17],[16,12,8,20,24,4,3,14,2,10,11,6,22,19,18,1,17],[4,12,16,8,20,24,14,2,10,3,7,18,19,17,1],[8,4,24,12,16,20,2,14,10,11,6,3,19,18,17,1],[12,20,24,16,4,8,2,14,10,3,11,6,18,19,17,1],[4,12,20,16,24,8,2,14,10,3,11,6,18,19,17,1],[4,16,20,24,12,8,2,14,10,11,6,3,15,18,19,1,17],[16,8,12,20,4,24,2,14,10,3,11,6,18,19,17,1],[20,16,4,12,8,24,2,14,10,11,6,18,3,19,17,1],[8,12,20,24,4,16,14,2,10,3,6,11,19,18,1,17],[4,20,8,16,12,24,14,2,10,11,6,18,19,3,1,17],[16,12,8,4,24,20,14,2,10,3,11,6,18,19,1,17],[20,4,12,8,16,24,2,14,10,11,6,7,18,19,3,1,17],[12,4,8,16,24,20,14,2,10,3,7,11,19,18,17,1],[24,8,4,20,16,12,14,2,10,11,6,7,18,19,3,17,1],[4,16,24,20,12,8,14,2,10,3,7,11,17],[20,12,8,24,4,16,2,14,10,11,6,18,19,3,1,17],[20,16,24,8,12,4,2,14,10,11,6,3,18,19,1,17],[8,24,20,16,4,12,14,2,10,3,11,7,6,18,19,17,1],[12,4,24,16,20,8,14,10,2,11,6,3,19,18,1,17],[24,4,8,12,20,16,2,14,10,11,6,3,17],[12,4,20,8,16,24,14,11,6,2,18,19,3,17,1],[16,20,8,12,4,24,2,14,10,3,11,6,5,1],[12,4,16,20,24,8,2,14,10,11,6,7,18,3,19,17,1],[8,4,16,20,12,24,14,10,2,3,6,11,18,19,17,1],[4,8,20,24,16,12,2,14,10,11,6,7,18,3,19,1,17],[12,8,4,16,24,20,14,2,10,3,9,5,23,11,18,19,17,1],[8,24,16,20,12,4,14,2,10,11,6,3,19,18,1,17],[20,12,8,4,24,16,14,2,10,11,6,18,3,19,1,17],[16,8,12,24,20,4,2,14,10,11,6,7,18,3,19,17,1],[24,4,16,20,12,8,14,2,10,3,7,11,6,17],[24,16,8,4,12,20,2,14,10,3,7,11,18,19,1,17],[20,16,24,4,12,8,14,2,10,3,11,7,19,18,1,17],[16,24,12,4,8,20,2,14,10,11,6,3,17],[4,8,12,24,16,20,2,14,10,3,11,6,18,19,1,17],[16,24,4,12,20,8,2,14,10,3,6,11,7,19,18,17,1],[4,20,16,24,12,8,2,14,10,3,11,6,17],[24,16,8,4,12,20,2,14,10,3,6,15,11,22,18,19,17,1],[24,20,4,12,8,16,2,14,10,11,6,18,19,3,17,1],[16,12,20,8,4,24,2,14,10,11,6,18,3,19,17,1],[4,8,16,24,20,12,14,2,10,3,6,11,21,18,19,1,17],[16,24,20,8,4,12,2,14,10,3,6,11,18,19,17,1],[24,12,16,20,8,4,14,10,2,3,6,11,19,18,17,1],[8,12,24,20,4,16,14,2,10,11,6,7,18,3,19,17,1],[4,16,20,24,8,12,2,14,10,11,6,3,18,19,17,1],[24,12,4,16,20,8,2,14,10,11,6,3,7,17],[4,12,16,24,20,8,2,14,10,11,6,7,18,19,3,17,1],[20,16,4,8,12,24,14,10,2,11,6,18,19,3,1,17],[24,4,8,20,12,16,2,14,10,11,6,3,18,19,17,1],[16,24,4,8,12,20,2,14,10,11,6,7,18,19,3,1,17],[12,8,16,20,24,4,2,14,10,3,6,11,19,18,1,17],[16,8,12,24,20,4,2,14,10,11,6,7,18,3,19,17,1],[20,16,8,24,12,4,14,2,10,3,7,11,19,18,17,1],[24,12,8,16,20,4,14,2,10,3,11,7,19,18,17,1],[24,4,8,12,20,16,14,2,10,11,6,3,7,19,18,17,1],[4,16,8,24,20,12,2,14,10,11,6,7,18,19,3,1,17],[4,8,12,20,24,16,2,14,10,3,11,6,5,19,18,1,17],[4,8,12,16,20,24,14,2,10,3,6,11,19,18,1,17],[20,24,16,8,12,4,2,14,10,3,6,11,5,23,22],[24,20,4,16,8,12,14,10,2,3,7,11,6,21],[4,20,12,24,8,16,2,14,10,11,6,3,18,19,1,17],[8,20,4,12,16,24,2,14,10,3,11,6,18,19,17,1],[20,24,12,16,4,8,14,10,2,11,6,3,19,18,1,17],[16,8,24,4,20,12,14,10,2,3,6,11,23,19,18,17,1],[16,20,24,4,12,8,14,2,10,11,6,18,19,3,1,17],[12,24,16,4,8,20,14,10,2,11,6,3,18,19,1,17],[12,8,4,24,16,20,2,14,10,11,6,3,19,18,17,1],[20,24,4,16,8,12,2,14,10,11,6,3,21,19,18,1,17],[8,20,16,12,24,4,14,2,10,3,6,11,13,7,19,18,17,1],[8,12,20,4,16,24,14,10,2,3,6,11,18,19,17,1],[20,24,12,4,8,16,14,3,7,13,9,10,22,18,19,2,17,1],[12,8,24,20,16,4,2,14,10,3,6,11,19,18,1,17],[4,8,20,24,12,16,2,14,10,11,6,18,3,19,17,1],[8,20,24,4,12,16,14,2,10,3,6,11,22,18,19,17,1],[8,12,16,24,4,20,14,2,10,11,6,3,18,19,17,1],[4,24,16,12,20,8,14,10,2,11,6,7,18,19,3,17,1],[16,20,24,8,12,4,14,10,2,3,6,11,17],[8,4,20,24,12,16,2,14,10,3,7,11,6,18,19,1,17],[4,24,16,20,8,12,2,14,10,11,6,7,18,19,3,17,1],[16,20,24,12,4,8,14,10,2,11,6,18,19,3,17,1],[4,24,16,12,20,8,2,14,10,3,7,6,11,17],[12,16,8,4,20,24,2,14,10,3,7,11,6,18,19,1,17],[4,8,20,24,12,16,14,10,2,3,6,11,18,19,1,17],[12,16,24,20,8,4,14,10,2,3,6,11,18,19,17,1],[20,4,8,24,12,16,14,10,2,11,6,3,13,5,17],[16,24,12,8,20,4,2,14,10,11,6,3,17],[24,8,12,16,4,20,14,10,2,11,6,18,19,3,17,1],[12,4,8,20,16,24,2,14,10,11,6,18,19,3,1,17],[20,4,16,8,12,24,14,2,10,11,6,3,22,18,19,17,1],[12,24,20,4,8,16,14,2,10,11,6,18,3,19,1,17],[12,24,8,20,4,16,2,14,10,11,6,3,5,17],[12,20,24,16,8,4,14,2,10,11,6,3,18,19,1,17],[16,20,12,8,4,24,2,14,10,11,6,7,18,19,3,1,17],[4,20,12,8,24,16,14,10,2,3,6,11,5,19,18,1,17],[4,20,16,12,8,24,2,14,10,11,6,18,3,19,17,1],[16,12,24,20,4,8,2,14,10,3,6,11,18,19,1,17],[8,24,20,12,16,4,14,2,10,11,6,18,19,3,17,1],[24,20,4,8,12,16,14,10,2,11,6,18,19,3,17,1],[8,20,16,4,24,12,14,2,10,11,6,18,19,3,17,1],[20,4,24,8,16,12,2,14,10,3,6,11,18,19,17,1],[24,20,4,16,12,8,14,10,2,11,6,3,19,18,1,17],[8,20,4,16,24,12,2,14,10,3,11,7,18,19,17,1],[20,24,8,16,4,12,2,14,10,3,6,11,18,19,1,17],[4,24,20,12,16,8,14,2,10,11,6,3,22,19,18,17,1],[12,4,8,20,16,24,2,14,10,3,9,6,11,18,19,17,1],[24,8,12,20,4,16,2,14,10,3,11,6,5,18,19,1,17],[20,4,24,16,8,12,2,14,10,11,6,18,3,19,17,1],[16,8,20,12,4,24,2,14,10,11,6,7,19,18,3,1,17],[16,8,20,12,24,4,14,10,2,3,6,11,7,18,19,1,17],[8,20,16,4,12,24,14,2,10,11,6,7,18,3,19,17,1],[12,8,20,24,4,16,14,2,10,11,6,3,23,18,19,17,1],[8,20,4,12,16,24,2,14,10,3,7,11,18,19,17,1],[8,20,4,24,16,12,14,2,10,3,5,11,18,19,1,17],[12,16,4,24,8,20,14,10,2,3,6,11,19,18,1,17],[24,20,4,8,12,16,14,2,10,3,7,11,1],[4,12,20,24,16,8,14,10,2,11,6,3,19,18,1,17],[24,16,8,12,20,4,2,14,10,3,6,11,17],[12,4,8,24,16,20,2,14,10,3,6,11,21,17],[4,20,8,24,12,16,2,14,10,11,6,7,18,19,3,17,1],[4,24,12,20,8,16,14,10,2,3,11,6,17],[24,8,20,4,12,16,14,2,10,3,7,11,19,18,17,1],[24,4,16,8,20,12,2,14,10,3,6,18,19,1,17],[20,4,12,8,24,16,2,14,10,3,6,11,19,18,17,1],[4,8,12,20,24,16,14,10,2,11,6,18,3,19,17,1],[16,4,12,8,20,24,14,10,2,3,6,11,15,19,18,1,17],[4,24,8,20,16,12,14,2,10,11,6,18,3,19,1,17],[16,4,20,24,8,12,14,10,2,11,6,3,21,17],[20,4,24,8,16,12,2,14,10,11,6,3,18,19,17,1],[12,8,20,16,24,4,2,14,10,11,6,7,18,19,3,17,1],[20,24,4,12,8,16,14,2,10,3,6,11,19,18,1,17],[12,8,20,24,16,4,14,10,2,11,6,18,3,19,17,1],[16,8,4,24,12,20,14,10,2,3,6,11,21,23,15,22,19,18,1,17],[12,8,16,4,24,20,14,2,10,11,6,18,3,19,1,17],[8,20,4,24,12,16,14,10,2,11,6,3,22,19,18,17,1],[24,4,20,8,16,12,2,14,10,3,6,11,17],[12,24,4,16,20,8,2,14,10,3,6,19,18,1,17],[8,16,20,12,4,24,14,10,2,11,6,7,18,3,19,17,1],[12,8,24,20,4,16,14,10,2,11,6,7,18,3,19,1,17],[16,8,24,20,12,4,2,14,10,11,6,7,18,3,19,17,1],[4,16,20,12,8,24,2,14,10,3,7,18,19,1,17],[24,20,4,16,8,12,2,14,10,3,6,11,17],[16,8,12,20,24,4,14,2,10,11,6,7,18,3,19,17,1],[12,8,24,4,20,16,2,14,10,3,5,11,19,18,1,17],[8,24,4,20,12,16,14,3,9,7,22,1],[4,8,16,24,20,12,14,2,10,11,6,3,22,18,19,17,1],[12,24,20,4,16,8,14,2,10,11,6,7,18,3,19,1,17],[24,20,4,12,16,8,2,14,10,3,6,11,1],[20,4,16,24,12,8,14,2,10,11,6,3,18,19,1,17],[20,4,16,8,24,12,2,14,10,11,6,18,3,19,17,1],[12,24,20,4,8,16,2,14,10,11,6,7,18,3,19,1,17],[16,8,4,12,24,20,2,14,10,11,6,7,18,3,19,17,1],[16,20,24,8,12,4,14,2,10,3,7,11,18,19,17,1],[24,16,4,8,12,20,2,14,10,3,7,11,18,19,17,1],[20,24,16,4,12,8,2,14,10,3,7,9,18,19,17,1],[12,20,4,24,8,16,2,14,10,11,6,7,18,19,3,1,17],[12,16,24,8,20,4,2,14,10,3,6,18,19,17,1],[4,20,12,16,8,24,2,14,10,3,6,11,9,18,19,1,17],[8,12,16,24,4,20,14,10,2,11,6,7,18,3,19,17,1],[16,4,8,20,24,12,2,14,10,3,6,11,17],[16,4,20,12,24,8,2,14,10,11,6,7,18,19,3,1,17],[16,12,8,24,20,4,14,2,10,11,6,18,19,3,17,1],[12,16,8,4,20,24,2,14,10,11,6,7,18,3,19,17,1],[16,4,20,8,12,24,2,14,10,11,6,3,19,18,1,17],[8,4,20,24,12,16,2,14,10,3,11,7,18,19,17,1],[4,12,20,24,16,8,14,2,10,3,7,11,6,17],[12,4,24,20,8,16,2,14,10,11,6,18,3,19,17,1],[24,4,20,12,16,8,2,14,10,3,7,11,22,5],[24,4,8,16,20,12,2,14,10,3,7,11,19,18,1,17],[4,16,8,12,24,20,2,14,10,3,7,11,18,19,17,1],[8,20,24,4,12,16,2,14,10,3,6,11,18,19,17,1],[12,4,20,24,8,16,14,10,2,11,6,3,22,18,19,17,1],[8,16,4,20,24,12,2,14,10,3,6,11,18,19,17,1],[16,12,24,20,4,8,14,10,2,3,7,11,19,18,1,17],[4,8,12,20,16,24,2,14,10,3,6,11,1],[8,16,12,4,24,20,2,14,10,11,6,3,18,19,17,1],[16,4,20,24,12,8,2,14,10,3,5,11,17],[12,16,4,20,24,8,2,14,10,11,6,3,17],[16,24,4,8,20,12,14,10,2,11,6,7,18,19,3,17,1],[24,4,20,12,16,8,14,10,2,11,6,7,18,3,19,17,1],[16,24,4,8,20,12,14,2,10,11,6,18,3,19,1,17],[16,12,24,20,8,4,2,14,10,11,6,3,19,18,1,17],[8,24,16,12,20,4,14,10,2,3,7,11,19,18,17,1],[12,24,20,8,4,16,2,14,10,3,11,6,7,19,18,1,17],[24,20,12,4,8,16,2,14,10,3,7,11,15,6,19,18,1,17],[24,8,4,16,20,12,2,14,10,3,7,11,19,18,1,17],[4,12,8,16,24,20,14,10,2,3,7,11,23,18,19,1,17],[20,4,24,16,8,12,14,2,10,3,6,11,23,18,19,1,17],[8,24,4,20,16,12,14,10,2,3,7,11,19,18,17,1],[4,8,24,16,12,20,2,14,10,11,6,3,19,18,17,1],[24,20,12,16,4,8,2,14,10,11,6,3,19,18,17,1],[20,8,4,16,24,12,2,14,10,3,7,11,23,5,17],[8,20,16,24,4,12,2,14,10,3,6,11,19,18,17,1],[4,8,12,24,20,16,14,2,10,3,6,11,18,19,1,17],[4,8,16,24,20,12,2,14,10,11,6,3,17],[4,20,8,24,16,12,14,10,2,11,6,18,19,3,1,17],[8,20,24,12,4,16,2,14,10,3,6,5,11,17],[4,16,12,8,24,20,2,14,10,3,7,11,19,18,1,17],[4,8,20,24,16,12,14,2,10,3,7,11,21,22,6],[20,16,12,24,4,8,2,14,10,3,11,6,19,18,1,17],[12,8,20,16,4,24,2,14,10,3,6,11,18,19,1,17],[4,20,8,12,16,24,14,10,2,3,6,11,5,18,19,1,17],[8,16,4,20,24,12,14,10,2,11,6,7,18,19,3,17,1],[24,4,20,8,12,16,2,14,10,3,6,11,21,18,19,17,1],[8,12,16,20,24,4,2,14,10,11,6,3,19,18,17,1],[8,20,12,16,4,24,2,14,10,3,6,11,17],[16,8,20,24,12,4,2,14,10,3,6,11,18,19,17,1],[4,20,8,12,16,24,14,2,10,11,6,18,19,3,17,1],[20,4,24,8,12,16,2,14,10,11,6,7,18,3,19,17,1],[12,20,24,16,8,4,2,14,10,11,6,3,18,19,1,17],[12,20,24,8,4,16,2,14,10,11,6,7,18,3,19,17,1],[20,12,4,16,8,24,2,14,10,11,6,7,18,3,19,1,17],[12,16,4,8,24,20,2,14,10,11,6,3,23,22,18,19,17,1],[20,4,24,8,16,12,14,10,2,11,6,18,19,3,1,17],[24,20,16,8,12,4,14,2,10,3,11,6,1],[24,20,16,12,8,4,2,14,10,3,6,11,19,18,17,1],[8,16,4,12,24,20,14,10,2,11,6,18,3,19,17,1],[20,8,4,24,16,12,14,10,3,9,5,15,19,2,18,1,17],[24,12,8,16,4,20,14,10,2,3,6,11,18,19,1,17],[16,24,8,4,20,12,14,10,2,11,6,3,19,18,1,17],[16,8,4,20,12,24,2,14,10,3,11,6,1],[24,4,16,12,8,20,14,10,2,11,6,7,18,3,19,1,17],[16,24,12,20,4,8,14,2,10,3,7,11,19,18,1,17],[24,12,16,20,4,8,2,14,10,3,7,11,18,19,1,17],[8,24,12,4,16,20,14,2,10,3,6,11,19,18,1,17],[4,12,24,20,16,8,2,14,10,11,6,3,18,19,17,1],[4,8,20,12,16,24,14,2,10,11,6,18,19,3,17,1],[24,4,12,8,16,20,2,14,10,3,11,6,22,7],[16,24,12,20,8,4,14,10,2,11,6,3,19,18,17,1],[12,20,16,4,24,8,2,14,10,11,6,7,18,19,3,17,1],[12,24,20,8,4,16,2,14,10,11,6,3,17],[16,4,20,8,24,12,2,14,10,11,6,7,18,3,19,17,1],[4,20,8,16,24,12,14,2,10,11,6,3,18,19,17,1],[12,24,16,4,8,20,2,14,10,11,6,3,18,19,17,1],[12,20,16,24,4,8,14,2,10,11,6,3,21,18,19,17,1],[8,16,4,24,12,20,14,10,2,11,6,3,23,19,18,17,1],[4,16,8,24,12,20,14,10,2,3,7,11,6,18,19,1,17],[16,20,8,4,24,12,14,2,10,3,5,11,23,19,18,17,1],[8,12,24,4,16,20,2,14,10,11,6,3,19,18,1,17],[12,4,20,16,24,8,2,14,10,11,6,7,18,19,3,1,17],[24,12,8,4,20,16,14,2,10,11,6,18,19,3,1,17],[20,12,16,24,8,4,2,14,10,3,7,11,18,19,1,17],[8,20,16,24,12,4,14,2,10,11,6,18,3,19,1,17],[12,4,20,16,8,24,14,2,10,11,6,3,17],[8,4,24,20,16,12,2,14,10,11,6,3,1],[4,8,24,12,20,16,2,14,10,3,7,11,17],[24,8,16,4,12,20,2,14,10,3,11,19,18,17,1],[20,8,24,12,4,16,14,2,10,11,6,18,3,19,1,17],[12,4,16,8,20,24,14,11,6,2,18,3,19,1,17],[4,8,16,24,20,12,2,14,10,3,6,11,18,19,17,1],[20,24,12,16,4,8,2,14,10,11,6,7,18,19,3,17,1],[4,8,12,16,24,20,2,14,10,11,6,18,19,3,17,1],[4,12,8,24,20,16,2,14,10,11,6,7,18,19,3,1,17],[12,20,16,4,8,24,14,2,10,3,11,6,17],[16,20,8,4,24,12,2,14,10,11,6,3,19,18,17,1],[20,4,24,8,12,16,2,14,10,11,6,3,19,18,17,1],[24,12,8,4,20,16,14,10,2,11,6,7,18,3,19,17,1],[16,8,20,12,24,4,14,2,10,3,6,11,18,19,1,17],[8,24,12,16,20,4,14,10,2,3,6,18,19,1,17],[16,20,12,24,4,8,14,10,2,3,6,11,13,19,18,1,17],[24,20,16,8,4,12,14,10,2,11,6,7,18,3,19,17,1],[12,8,20,24,16,4,14,2,10,11,6,7,18,3,19,1,17],[4,12,24,20,8,16,2,14,10,11,6,18,3,19,1,17],[16,24,8,20,12,4,14,10,2,11,6,18,3,19,17,1],[16,12,24,20,4,8,2,14,10,11,6,7,18,3,19,1,17],[4,8,12,16,20,24,14,2,10,3,6,11,19,18,1,17],[12,4,20,24,8,16,2,14,10,11,6,3,15,9,18,19,1,17],[4,16,8,24,20,12,2,14,10,3,6,11,19,18,17,1],[16,12,8,20,24,4,2,14,10,11,6,3,19,18,1,17],[12,16,20,8,4,24,2,14,10,3,7,11,19,18,1,17],[24,8,4,12,20,16,2,14,10,11,6,7,18,19,3,17,1],[4,8,24,12,20,16,2,14,10,3,6,19,18,1,17],[24,12,8,20,4,16,2,14,10,11,6,18,19,3,1,17],[20,24,4,12,16,8,2,14,10,3,7,18,19,1,17],[4,8,12,24,16,20,2,14,10,3,6,17,11],[12,8,24,16,20,4,14,10,2,3,7,11,5,23,22],[8,24,12,16,20,4,2,14,10,3,6,11,19,18,1,17],[4,16,8,20,12,24,2,14,10,11,6,3,18,19,17,1],[24,8,16,20,12,4,2,14,10,3,7,11,17],[20,4,8,24,16,12,14,11,6,2,3,18,19,1,17],[4,16,20,24,8,12,14,2,10,11,6,3,18,19,17,1],[16,12,4,20,8,24,2,14,10,11,6,3,13,17],[8,16,4,20,24,12,14,10,2,3,7,11,23,18,19,1,17],[20,24,12,8,4,16,14,2,10,11,6,7,18,3,19,17,1],[8,4,20,16,12,24,2,14,10,11,6,18,3,19,17,1],[12,8,24,4,16,20,2,14,10,3,11,6,18,19,1,17],[12,4,16,24,8,20,14,10,2,11,6,7,18,19,3,1,17],[24,16,8,20,4,12,14,10,2,3,6,18,19,17,1],[8,24,4,20,16,12,2,14,10,3,7,11,18,19,1,17],[20,24,8,12,16,4,2,14,10,3,7,11,17],[12,4,16,20,24,8,2,14,10,3,6,11,22,18,19,17,1],[8,16,4,20,24,12,14,10,2,11,6,7,18,3,19,1,17],[24,8,12,16,4,20,14,10,2,3,6,11,18,19,1,17],[16,24,8,12,20,4,2,14,10,3,11,7,19,18,1,17],[12,16,4,20,8,24,14,2,10,11,6,18,3,19,17,1],[12,16,20,24,4,8,14,2,10,3,6,11,18,19,1,17],[8,12,4,24,16,20,14,2,10,3,7,11,18,19,1,17],[4,16,24,8,20,12,14,10,2,3,7,11,17],[20,4,12,16,24,8,2,14,10,11,6,18,19,3,1,17],[24,16,8,4,12,20,14,10,2,11,6,3,19,18,1,17],[12,4,24,16,8,20,14,2,10,3,7,19,18,17,1],[12,16,4,8,24,20,14,10,2,11,6,7,18,3,19,1,17],[12,20,4,16,8,24,2,14,10,11,6,18,3,19,1,17],[16,8,4,12,20,24,14,10,2,11,6,3,5,18,19,1,17],[12,8,16,20,24,4,2,14,10,11,6,7,18,3,19,17,1],[20,16,12,4,8,24,14,10,2,3,7,11,18,19,1,17],[16,20,4,8,12,24,14,2,10,11,6,3,19,18,1,17],[20,8,24,4,16,12,14,10,3,6,21,2,18,19,1,17],[24,12,16,20,4,8,14,10,2,11,6,3,7,19,18,1,17],[24,12,20,4,16,8,14,10,2,3,6,17,11],[4,12,16,20,8,24,2,14,10,3,7,11,5,19,18,17,1],[12,4,16,20,24,8,2,14,10,3,7,11,18,19,1,17],[24,20,4,16,12,8,14,2,10,11,6,18,19,3,1,17],[4,8,24,20,16,12,14,2,10,11,6,7,18,3,19,17,1],[12,20,8,16,24,4,14,10,2,11,6,3,19,18,17,1],[16,20,12,8,24,4,14,2,10,11,6,7,18,3,19,17,1],[16,24,4,20,12,8,2,14,10,3,6,11,18,19,17,1],[20,4,16,12,24,8,2,14,10,11,6,7,18,3,19,17,1],[24,4,12,16,8,20,14,2,10,3,7,11,19,18,1,17],[8,20,16,4,24,12,2,14,10,11,6,3,7,19,18,1,17],[16,12,8,20,4,24,2,14,10,11,6,18,3,19,17,1],[8,12,20,24,4,16,2,14,10,11,6,3,19,18,17,1],[20,16,8,4,24,12,14,3,23,10,19,2,18,1,17],[8,12,4,20,16,24,14,2,10,11,6,3,21,19,18,1,17],[16,8,24,4,20,12,14,10,2,3,6,11,18,19,1,17],[20,8,12,4,16,24,14,10,2,3,5,11,17],[24,4,16,20,12,8,2,14,10,11,6,7,18,3,19,17,1],[16,8,12,4,24,20,2,14,10,3,6,11,19,18,1,17],[16,24,12,8,4,20,14,10,2,11,6,7,18,3,19,1,17],[16,12,20,8,4,24,14,2,10,3,6,22,11,23,19,18,1,17],[8,4,20,12,16,24,14,10,2,11,6,3,15,18,19,17,1],[16,24,20,8,12,4,14,10,2,3,6,11,21,7,9,22],[20,12,8,16,24,4,2,14,10,11,6,3,9,18,19,1,17],[20,4,24,12,8,16,2,14,10,3,11,6,18,19,1,17],[8,20,12,4,24,16,14,10,2,3,5,21,11,18,19,17,1],[24,20,16,4,12,8,14,10,2,3,7,11,18,19,17,1],[24,8,12,4,20,16,14,10,2,3,5,11,17],[24,4,12,20,8,16,2,14,10,3,11,6,18,19,17,1],[4,16,12,8,24,20,14,2,10,3,6,11,17],[8,16,20,24,4,12,2,14,10,11,6,7,18,3,19,1,17],[20,16,8,12,24,4,2,14,10,3,11,15,6,9,1],[20,8,4,16,24,12,14,2,10,11,6,7,18,19,3,17,1],[12,24,16,8,4,20,14,2,10,3,11,7,6,21,19,18,1,17],[24,16,8,4,20,12,14,10,2,3,22,7,9,5,19,18,17,1],[24,12,4,8,20,16,14,10,2,11,6,18,19,3,17,1],[24,12,20,4,8,16,14,2,10,11,6,3,17],[16,20,8,4,24,12,14,10,2,11,6,18,3,19,17,1],[20,12,4,24,16,8,14,10,2,3,5,11,19,18,1,17],[8,20,12,16,24,4,14,10,2,11,6,18,19,3,1,17],[8,24,20,16,12,4,2,14,10,11,6,7,18,3,19,1,17],[20,24,12,8,4,16,14,10,2,11,6,7,18,3,19,1,17],[12,20,16,4,8,24,14,2,10,3,6,11,1],[8,16,20,4,12,24,14,10,2,11,6,18,19,3,17,1],[16,24,8,12,20,4,14,10,2,11,6,3,22,18,19,1,17],[8,16,12,24,4,20,14,2,10,11,6,18,19,3,1,17],[20,16,24,4,8,12,14,10,2,3,11,6,19,18,17,1],[20,4,16,12,8,24,14,10,2,11,6,7,18,3,19,17,1],[8,16,4,20,12,24,2,14,10,3,7,11,6,18,19,17,1],[12,16,8,20,4,24,2,14,10,11,6,7,18,19,3,17,1],[16,12,20,24,8,4,14,10,2,11,6,7,18,19,3,1,17],[24,16,8,4,20,12,2,14,10,3,6,11,18,19,17,1],[8,12,16,4,20,24,14,2,10,11,6,7,18,19,3,17,1],[24,20,12,4,8,16,2,14,10,3,6,11,1],[20,24,16,4,12,8,14,10,2,3,6,23,11,22,21,18,19,1,17],[12,8,16,24,20,4,2,14,10,11,6,7,18,3,19,1,17],[20,16,4,8,24,12,2,14,10,3,7,11,19,18,17,1],[20,4,8,24,12,16,14,10,2,3,6,11,18,19,1,17],[12,8,20,16,24,4,14,10,2,3,6,17,11],[16,24,4,12,20,8,14,10,2,3,7,11,19,18,17,1],[12,16,24,20,8,4,14,10,2,11,6,7,18,19,3,1,17],[4,20,16,8,24,12,14,10,2,3,6,11,19,18,1,17],[20,8,12,24,4,16,14,10,2,11,6,3,7,18,19,1,17],[12,24,4,16,20,8,14,2,10,3,7,11,21,6],[12,20,8,4,16,24,2,14,10,11,6,7,18,19,3,1,17],[12,20,4,24,16,8,14,2,10,3,6,11,18,19,1,17],[8,12,4,16,20,24,14,10,2,11,6,7,18,19,3,17,1],[4,8,12,16,24,20,14,10,2,3,11,6,7,18,19,1,17],[12,4,24,8,20,16,14,2,10,11,6,7,18,19,3,1,17],[8,12,24,4,16,20,14,2,10,3,19,18,1,17],[16,12,24,8,4,20,2,14,10,3,11,6,18,19,1,17],[20,12,24,16,4,8,14,10,2,3,7,11,19,18,1,17],[20,16,12,8,4,24,2,14,10,3,5,11,18,19,17,1],[12,20,8,16,4,24,14,10,2,11,6,7,18,19,3,17,1],[4,16,20,24,12,8,14,2,10,11,6,18,19,3,1,17],[16,20,12,24,8,4,2,14,10,3,7,11,23,18,19,1,17],[4,16,12,24,20,8,2,14,10,3,5,11,19,18,17,1],[8,12,16,4,20,24,2,14,10,3,11,6,18,19,1,17],[16,8,4,20,24,12,2,14,10,11,6,7,18,19,3,17,1],[16,12,8,20,24,4,14,2,10,3,11,5,17],[4,24,20,8,12,16,2,14,10,3,11,6,19,18,17,1],[12,20,8,16,4,24,2,14,10,11,6,7,18,19,3,17,1],[4,8,16,24,12,20,2,14,10,3,6,11,15,17],[20,4,24,12,16,8,2,14,10,11,6,7,18,3,19,1,17],[20,24,16,12,8,4,14,10,2,11,6,18,19,3,1,17],[4,24,16,20,12,8,14,2,10,11,6,3,21,5],[4,24,8,16,20,12,14,2,10,3,6,11,19,18,1,17],[24,20,4,12,16,8,14,10,2,11,6,7,18,3,19,17,1],[24,4,8,12,20,16,2,14,10,11,6,7,18,3,19,17,1],[8,12,16,20,24,4,2,14,10,3,7,11,6,5,18,19,1,17],[8,20,12,4,16,24,2,14,10,3,7,11,13,19,18,1,17],[4,12,24,20,8,16,2,14,10,11,6,3,5,18,19,1,17],[12,20,8,24,16,4,14,10,2,11,6,3,5,18,19,17,1],[12,20,16,4,24,8,14,2,10,11,6,3,22,19,18,17,1],[20,16,8,4,12,24,2,14,10,3,6,11,17],[12,16,8,24,4,20,14,2,10,3,7,11,22,18,19,1,17],[4,12,24,16,20,8,14,10,2,3,11,6,18,19,17,1],[12,24,20,16,4,8,2,14,10,3,7,11,21,17],[16,4,24,8,12,20,14,2,10,11,6,7,18,19,3,17,1],[4,12,8,24,16,20,2,14,10,3,11,6,19,18,17,1],[12,4,16,8,24,20,2,14,10,11,6,7,18,19,3,1,17],[8,24,12,16,4,20,14,2,10,11,6,3,18,19,1,17],[8,16,24,4,12,20,2,14,10,11,6,3,23,18,19,17,1],[12,4,24,16,20,8,2,14,10,3,11,6,19,18,17,1],[8,4,12,20,24,16,14,10,2,11,6,18,19,3,17,1],[4,24,8,16,12,20,14,10,2,11,6,3,18,19,1,17],[4,24,8,16,20,12,14,10,2,11,6,3,18,19,1,17],[16,4,12,8,24,20,14,2,10,11,6,3,18,19,1,17],[12,8,20,24,16,4,14,2,10,11,6,18,3,19,1,17],[24,4,8,16,12,20,14,10,2,3,6,18,19,17,1],[8,4,16,12,24,20,2,14,10,11,6,7,18,3,19,1,17],[16,8,20,24,12,4,2,14,10,3,11,6,19,18,17,1],[16,12,24,4,8,20,14,10,2,3,7,11,19,18,1,17],[12,20,24,4,16,8,2,14,10,11,6,3,19,18,17,1],[24,16,4,20,8,12,2,14,10,11,6,3,17],[24,4,16,20,12,8,14,2,10,11,6,3,19,18,17,1],[4,8,16,20,24,12,14,2,10,3,6,11,7,21],[24,4,16,12,20,8,14,10,2,11,6,3,19,18,17,1],[8,20,24,16,12,4,2,14,10,11,6,7,18,3,19,1,17],[4,24,20,8,12,16,2,14,10,3,11,19,18,1,17],[24,8,12,20,16,4,14,2,10,3,6,11,18,19,1,17],[8,16,4,12,20,24,2,14,10,3,6,11,19,18,17,1],[8,4,24,20,16,12,2,14,10,3,6,11,19,18,1,17],[4,12,24,16,20,8,14,2,10,3,6,11,5,19,18,17,1],[8,24,16,4,20,12,2,14,10,3,7,11,6,19,18,17,1],[16,24,12,8,4,20,14,2,10,3,7,11,6,13,19,18,1,17],[20,24,8,12,16,4,2,14,10,11,6,3,18,19,1,17],[12,20,4,8,16,24,2,14,10,3,6,11,9,18,19,1,17],[8,24,16,20,12,4,2,14,10,3,11,6,18,19,1,17],[16,12,20,8,4,24,2,14,10,3,11,6,5,17],[12,4,8,20,24,16,14,10,2,3,6,11,22,18,19,17,1],[8,20,4,24,16,12,14,10,2,11,6,3,18,19,1,17],[20,16,4,24,12,8,15,2,14,10,3,6,11,18,19,1,17],[12,16,20,8,4,24,2,14,10,3,11,6,7,19,18,17,1],[8,20,12,16,4,24,2,14,10,3,6,19,18,1,17],[4,16,24,20,8,12,14,10,2,11,6,7,18,3,19,17,1],[12,16,8,20,4,24,14,2,10,11,6,18,19,3,17,1],[12,16,20,4,8,24,2,14,10,11,6,3,19,18,1,17],[12,16,24,8,4,20,14,10,2,11,6,7,18,19,3,17,1],[12,4,16,20,8,24,14,10,2,3,6,11,18,19,17,1],[12,24,20,16,4,8,14,2,10,3,11,7,18,19,17,1],[16,12,8,4,20,24,2,14,10,11,6,18,3,19,17,1],[24,20,4,8,16,12,2,14,10,11,6,7,18,3,19,1,17],[12,16,24,4,8,20,2,14,10,11,6,18,19,3,17,1],[20,24,8,12,4,16,14,10,2,11,6,7,18,3,19,1,17],[24,16,8,12,4,20,2,14,10,3,7,17,11],[20,12,16,24,4,8,14,10,2,3,7,11,18,19,17,1],[16,24,8,20,12,4,14,2,10,3,6,11,17],[12,16,24,4,20,8,14,2,10,11,6,18,3,19,17,1],[4,16,12,24,8,20,2,14,10,11,6,3,21,19,18,1,17],[4,16,24,8,20,12,2,14,10,11,6,18,3,19,1,17],[8,24,16,4,12,20,2,14,10,3,11,6,19,18,1,17],[12,24,20,16,4,8,2,14,10,11,6,3,18,19,1,17],[16,24,12,8,20,4,2,14,10,3,5,11,9,22],[8,16,12,4,24,20,14,2,10,3,1],[12,4,24,8,16,20,14,10,2,3,6,11,18,19,17,1],[20,24,12,16,4,8,14,10,2,3,6,11,17],[24,12,16,8,4,20,2,14,10,11,6,18,19,3,17,1],[4,12,16,24,20,8,14,10,2,11,6,18,19,3,17,1],[16,20,4,12,8,24,2,14,10,11,6,18,19,3,17,1],[8,12,16,24,20,4,14,2,10,11,6,18,19,3,17,1],[4,24,12,8,16,20,2,14,10,3,11,6,22,9,23,18,19,1,17],[12,20,4,24,8,16,2,14,10,11,6,7,18,3,19,1,17],[16,12,24,8,4,20,14,2,10,3,6,11,18,19,1,17],[4,20,12,16,24,8,2,14,10,3,6,18,19,1,17],[20,16,4,24,8,12,14,2,10,11,6,7,18,19,3,17,1],[8,20,4,12,16,24,14,10,2,11,6,7,18,3,19,1,17],[16,12,24,20,4,8,14,2,10,3,7,5,11,18,19,1,17],[12,4,8,24,16,20,2,14,10,3,11,6,19,18,17,1],[12,8,20,16,4,24,2,14,10,3,6,11,7,9,18,19,17,1],[12,16,8,4,24,20,2,14,10,3,7,11,19,18,1,17],[20,4,16,12,8,24,14,2,10,3,7,18,19,1,17],[16,8,12,4,24,20,2,14,10,3,11,7,17],[8,4,12,16,20,24,2,14,10,11,6,3,13,18,19,1,17],[4,16,24,20,8,12,2,14,10,11,6,7,18,19,3,17,1],[20,16,8,24,4,12,14,2,10,11,6,7,18,19,3,1,17],[20,8,12,4,16,24,14,2,10,11,6,3,17],[16,4,12,24,20,8,14,10,2,11,6,7,18,3,19,17,1],[4,20,8,12,16,24,2,14,10,3,7,11,13,17],[4,8,12,24,20,16,2,14,10,11,6,18,3,19,1,17],[16,12,4,8,20,24,2,14,10,11,6,3,15,9,17],[12,8,4,24,20,16,2,14,10,3,6,18,19,17,1],[12,8,16,24,20,4,14,10,2,11,6,18,3,19,17,1],[16,24,4,8,12,20,14,2,10,3,7,11,19,18,17,1],[8,12,24,4,16,20,14,2,10,3,6,11,18,19,1,17],[16,8,20,4,24,12,2,14,10,11,6,7,18,3,19,17,1],[12,4,8,20,24,16,14,2,10,11,6,3,17],[8,12,20,16,4,24,2,14,10,11,6,7,18,3,19,17,1],[20,24,16,4,12,8,2,14,10,11,6,18,19,3,1,17],[24,16,4,12,8,20,2,14,10,11,6,3,18,19,17,1],[12,20,16,24,4,8,14,10,2,11,6,18,19,3,17,1],[8,12,16,4,24,20,14,2,10,11,6,18,19,3,17,1],[4,8,20,24,16,12,2,14,10,3,6,18,19,17,1],[20,8,16,12,24,4,14,2,10,3,11,6,9,18,19,17,1],[12,24,8,20,16,4,2,14,10,11,6,7,18,3,19,1,17],[12,16,4,24,20,8,14,10,2,3,6,11,19,18,17,1],[12,20,4,24,16,8,2,14,10,11,6,7,18,19,3,17,1],[4,8,16,20,24,12,14,10,2,3,7,11,1],[4,24,8,12,16,20,14,3,11,21,5],[4,12,8,24,20,16,2,14,10,3,5,19,18,17,1],[8,24,12,16,20,4,14,10,2,11,6,3,17],[24,12,16,20,4,8,2,14,10,11,6,7,18,19,3,1,17],[12,24,20,8,16,4,2,14,10,3,6,11,15,18,19,1,17],[4,24,20,8,16,12,14,2,10,3,6,11,17],[24,4,16,12,20,8,14,10,2,11,6,3,19,18,17,1],[12,4,24,8,16,20,2,14,10,3,6,11,18,19,1,17],[8,16,4,12,20,24,2,14,10,3,6,11,22,19,18,1,17],[24,8,12,20,4,16,14,2,10,3,6,11,15,7,17],[16,12,20,24,4,8,14,10,2,3,6,11,21,19,18,1,17],[4,24,16,12,20,8,14,2,10,11,6,3,9,18,19,1,17],[8,16,12,4,24,20,14,2,10,3,6,11,18,19,17,1],[4,16,24,20,8,12,14,2,10,3,11,6,7,19,18,1,17],[12,8,4,16,20,24,14,10,2,11,6,3,17],[12,16,4,24,8,20,2,14,10,3,6,11,19,18,1,17],[20,12,4,16,8,24,2,14,10,3,6,11,5,17],[20,12,8,4,16,24,2,14,10,3,6,11,19,18,1,17],[16,4,12,20,24,8,14,10,2,3,7,11,19,18,1,17],[12,4,20,24,8,16,14,2,10,3,6,11,19,18,1,17],[24,4,12,16,20,8,2,14,10,11,6,7,18,3,19,1,17],[20,8,24,12,4,16,2,14,10,11,6,18,3,19,17,1],[20,24,8,12,4,16,2,14,10,11,6,3,18,19,1,17],[8,24,20,16,12,4,2,14,10,3,6,11,17],[20,8,12,4,16,24,2,14,10,3,6,11,15,19,18,17,1],[20,24,4,8,16,12,14,2,10,3,7,11,17],[4,12,16,20,24,8,14,2,10,11,6,3,19,18,1,17],[16,8,20,12,24,4,2,14,10,3,7,11,21,22,19,18,17,1],[4,8,24,20,16,12,14,2,10,3,11,7,18,19,1,17],[12,8,4,24,16,20,2,14,10,3,6,11,23,17],[8,24,12,20,16,4,14,10,2,11,6,18,19,3,17,1],[20,24,12,4,8,16,2,14,10,3,7,11,19,18,17,1],[24,20,8,16,12,4,2,14,10,11,6,3,18,19,1,17],[24,4,20,16,8,12,2,14,10,3,7,11,17],[8,16,20,12,24,4,14,2,10,11,6,7,18,19,3,1,17],[4,12,20,16,8,24,2,14,10,11,6,3,17],[4,16,8,20,12,24,14,2,10,3,6,11,19,18,17,1],[24,12,4,8,20,16,2,14,10,11,6,3,1],[24,12,4,16,8,20,2,14,10,3,11,6,13,18,19,1,17],[20,24,12,4,16,8,14,2,10,3,6,11,17],[16,24,20,12,8,4,2,14,10,3,7,11,19,18,1,17],[4,8,16,12,24,20,14,10,2,11,6,18,3,19,1,17],[12,16,8,20,24,4,2,14,10,3,7,11,17],[4,16,24,8,12,20,2,14,10,11,6,3,21,18,19,1,17],[8,20,4,12,16,24,2,14,10,3,6,11,18,19,1,17],[16,4,20,8,12,24,14,10,2,3,6,11,19,18,1,17],[16,20,12,4,24,8,2,14,10,3,7,11,18,19,17,1],[20,4,8,24,16,12,2,14,10,11,6,7,18,3,19,17,1],[24,8,4,16,20,12,14,2,10,11,6,18,3,19,1,17],[4,16,24,8,20,12,14,10,2,3,7,11,18,19,17,1],[8,4,24,16,20,12,14,2,10,3,11,6,18,19,1,17],[24,20,4,16,8,12,2,14,10,11,6,3,7,19,18,17,1],[24,16,20,8,12,4,2,14,10,3,6,11,5,19,18,17,1],[20,24,12,16,4,8,2,14,10,11,6,3,7,22],[12,8,24,20,4,16,14,2,10,3,11,7,22,18,19,17,1],[24,4,20,12,16,8,2,14,10,11,6,18,3,19,1,17],[4,12,20,16,8,24,14,2,10,3,6,22,7,11],[8,16,12,24,4,20,14,10,2,3,5,11,13,21,17],[4,20,8,12,24,16,14,2,10,3,18,19,17,1],[24,8,16,20,12,4,14,2,10,11,6,18,3,19,17,1],[24,4,12,8,20,16,14,10,2,11,6,3,17],[12,20,16,24,4,8,14,10,2,3,5,11,23,19,18,1,17],[24,12,16,8,20,4,2,14,10,3,7,11,6,1],[24,4,16,20,12,8,2,14,10,11,6,7,18,3,19,17,1],[4,16,8,12,24,20,14,2,10,11,6,3,19,18,1,17],[16,4,20,24,12,8,2,14,10,3,6,11,7,18,19,1,17],[16,8,12,20,4,24,2,14,10,3,11,6,18,19,1,17],[12,20,4,16,24,8,14,10,2,3,6,11,1],[12,8,4,24,16,20,2,14,10,11,6,7,18,3,19,17,1],[16,24,4,20,12,8,2,14,10,3,6,11,17],[20,4,8,16,12,24,2,14,10,3,11,6,13,19,18,17,1],[20,8,4,24,12,16,2,14,10,3,6,11,18,19,1,17],[20,24,4,16,8,12,14,2,10,3,7,11,23,6,19,18,1,17],[8,12,16,20,4,24,2,14,10,3,6,11,17],[16,20,4,12,24,8,14,10,2,11,6,7,18,19,3,1,17],[16,24,20,4,8,12,2,14,10,11,6,7,18,3,19,1,17],[24,16,12,4,20,8,15,2,14,10,11,6,7,18,19,3,17,1],[12,4,8,20,24,16,2,14,10,3,6,11,19,18,1,17],[16,24,20,8,4,12,2,14,10,3,11,5,23,17],[4,16,12,8,20,24,2,14,10,3,6,11,18,19,17,1],[24,12,20,4,16,8,14,2,10,11,6,3,19,18,1,17],[4,12,24,16,20,8,2,14,10,3,11,6,19,18,1,17],[12,20,4,16,24,8,2,14,10,11,6,3,19,18,1,17],[20,4,16,8,24,12,14,10,2,3,7,11,6,17],[20,4,16,24,12,8,14,10,2,11,6,18,3,19,1,17],[24,4,12,8,20,16,14,10,2,11,6,7,18,3,19,17,1],[8,12,16,4,24,20,2,14,10,3,7,11,17],[24,8,12,20,16,4,14,2,10,3,11,7,6,18,19,1,17],[4,12,8,24,16,20,2,14,10,11,6,18,19,3,17,1],[16,12,24,8,4,20,14,10,2,3,11,6,22,18,19,1,17],[4,16,8,12,24,20,14,10,3,15,5,9,2,17],[16,20,4,8,24,12,14,2,10,11,6,18,3,19,17,1],[16,12,4,24,8,20,2,14,10,11,6,7,19,18,3,17,1],[16,4,12,20,24,8,14,10,2,3,7,11,17],[20,16,12,4,24,8,14,10,2,3,7,11,17],[8,4,12,24,16,20,2,14,10,3,6,11,15,18,19,17,1],[24,12,8,16,20,4,2,14,10,3,19,18,17,1],[8,12,24,16,4,20,2,14,10,11,6,3,19,18,17,1],[20,8,16,4,12,24,14,10,2,3,7,11,18,19,1,17],[24,16,4,8,20,12,2,14,10,3,11,6,18,19,17,1],[4,24,20,16,8,12,14,10,2,11,6,3,5,18,19,17,1],[20,16,24,4,12,8,2,14,10,11,6,3,18,19,17,1],[24,12,16,4,20,8,14,10,2,3,6,11,18,19,17,1],[24,8,16,20,4,12,14,10,2,11,6,3,21,5],[12,4,20,16,24,8,14,2,10,3,6,9,19,18,1,17],[16,8,12,4,24,20,14,10,2,3,6,11,17],[4,12,16,8,20,24,2,14,10,3,11,6,17],[12,20,16,24,8,4,2,14,10,11,6,3,17],[20,24,4,8,12,16,2,14,10,11,6,3,15,19,18,1,17],[4,8,20,16,12,24,2,14,10,11,6,7,18,3,19,1,17],[20,12,8,24,16,4,14,2,10,3,6,11,19,18,1,17],[8,16,20,4,24,12,2,14,10,3,6,11,19,18,1,17],[16,12,4,24,20,8,2,14,10,3,6,11,18,19,17,1],[24,16,8,4,12,20,2,14,10,11,6,3,21,1],[4,20,16,24,12,8,2,14,10,3,7,11,6,18,19,1,17],[16,24,12,4,20,8,2,14,10,3,7,11,19,18,1,17],[8,16,12,20,24,4,14,10,2,11,6,3,17],[4,8,20,24,16,12,14,2,10,3,6,11,18,19,1,17],[24,8,4,12,20,16,2,14,10,11,6,3,18,19,17,1],[12,20,8,24,4,16,2,14,10,3,6,7,11,19,18,1,17],[20,8,4,12,24,16,2,14,10,11,6,7,18,3,19,17,1],[16,12,24,4,8,20,14,10,2,3,6,19,18,17,1],[24,16,4,12,20,8,2,14,10,3,6,17,11],[24,20,4,16,12,8,14,2,10,3,19,18,1,17],[12,8,20,24,16,4,14,10,2,3,6,9,17],[24,12,4,20,16,8,2,14,10,3,6,11,17],[8,20,4,12,16,24,14,10,2,3,6,17,11],[12,8,16,24,20,4,14,10,2,3,11,6,22,7],[16,8,24,20,12,4,14,10,2,11,6,18,3,19,1,17],[8,4,20,24,12,16,2,14,10,3,7,11,18,19,17,1],[4,16,8,20,12,24,2,14,10,3,6,11,19,18,1,17],[4,12,20,8,16,24,14,10,2,3,6,11,17],[20,8,12,24,16,4,2,14,10,11,6,7,18,19,3,1,17],[4,24,8,20,12,16,14,10,2,11,6,3,17],[12,20,24,4,8,16,2,14,10,11,6,18,3,19,1,17],[24,12,20,16,4,8,2,14,10,3,6,11,19,18,1,17],[24,8,12,20,16,4,14,10,2,3,11,7,6,18,19,1,17],[4,12,24,20,8,16,2,14,10,11,6,3,17],[8,20,16,12,24,4,2,14,10,3,6,19,18,17,1],[24,12,16,4,8,20,14,3,11,13,5,17],[16,24,4,12,20,8,2,14,10,11,6,3,17],[20,24,8,16,4,12,14,10,2,3,7,11,1],[16,24,12,8,20,4,14,10,2,3,6,11,7,5,19,18,17,1],[20,16,12,4,8,24,2,14,10,3,11,6,19,18,1,17],[4,8,24,20,12,16,2,14,10,3,6,11,17],[24,8,20,4,16,12,14,2,10,3,6,19,18,1,17],[20,24,12,16,8,4,2,14,10,11,6,7,18,3,19,17,1],[12,24,20,4,16,8,14,10,2,3,6,11,17],[24,20,4,12,8,16,14,10,2,11,6,19,18,3,17,1],[4,12,16,8,20,24,2,14,10,11,6,7,18,19,3,17,1],[4,16,12,24,20,8,14,10,2,11,6,18,3,19,1,17],[4,24,20,8,16,12,14,2,10,3,7,11,17],[12,16,20,8,4,24,2,14,10,3,5,11,13,9,18,19,17,1],[24,20,12,4,8,16,2,14,10,11,6,7,18,19,3,1,17],[20,8,16,24,12,4,2,14,10,11,6,7,18,19,3,1,17],[20,8,16,4,24,12,14,10,2,3,6,11,23,17],[24,20,16,8,12,4,14,10,2,3,6,11,18,19,1,17],[16,20,12,4,24,8,2,14,10,3,11,7,19,18,1,17],[12,24,20,16,8,4,14,10,2,11,6,7,18,3,19,17,1],[16,12,24,4,8,20,2,14,10,11,6,3,17],[12,24,16,8,20,4,14,2,10,11,6,3,7,18,19,1,17],[20,16,8,12,4,24,14,3,10,19,2,18,1,17],[16,12,20,24,8,4,14,2,10,3,6,15,11,17],[24,16,12,20,4,8,14,2,10,11,6,3,23,15,22,18,19,1,17],[16,12,4,8,20,24,2,14,10,3,6,11,18,19,1,17],[20,4,8,24,16,12,2,14,10,3,6,11,18,19,1,17],[4,16,24,20,12,8,2,14,10,3,7,11,17],[8,4,24,16,20,12,14,10,2,11,6,3,7,18,19,1,17],[4,24,8,20,16,12,14,2,10,11,6,18,19,3,17,1],[20,24,12,8,4,16,2,14,10,3,5,11,13,18,19,17,1],[24,12,16,8,4,20,14,10,2,11,6,7,18,3,19,17,1],[12,20,4,16,8,24,2,14,10,3,6,18,19,1,17],[4,24,8,12,20,16,14,2,10,11,6,3,18,19,17,1],[12,24,20,16,8,4,14,10,2,3,11,6,13,18,19,1,17],[24,4,8,20,16,12,2,14,10,11,6,3,18,19,1,17],[8,12,24,20,4,16,2,14,10,11,6,7,18,3,19,17,1],[20,16,4,8,24,12,14,2,10,11,6,3,1],[16,24,20,8,4,12,14,2,10,3,6,11,17],[8,4,20,24,16,12,14,2,10,3,6,11,19,18,1,17],[16,20,4,12,24,8,2,14,10,3,7,11,18,19,17,1],[4,20,24,16,8,12,2,14,10,3,5,11,18,19,1,17],[24,8,12,4,20,16,2,14,10,3,6,11,13,17],[8,4,12,16,20,24,14,3,11,6,17],[4,8,20,24,16,12,14,2,10,3,7,11,19,18,17,1],[12,24,4,20,8,16,2,14,10,3,11,5,13,9,7,1],[8,16,20,4,24,12,14,10,2,3,11,17,7],[20,12,4,16,8,24,14,10,2,11,6,7,18,3,19,17,1],[4,16,20,8,24,12,2,14,10,11,6,3,18,19,17,1],[20,24,4,16,8,12,2,14,10,11,6,7,18,19,3,1,17],[16,12,4,8,20,24,14,10,3,9,15,6,23,5,11],[8,20,24,4,16,12,14,10,2,11,6,19,18,3,17,1],[20,8,12,24,4,16,2,14,10,11,6,18,19,3,17,1],[4,8,20,12,24,16,2,14,10,11,6,7,18,19,3,17,1],[24,4,20,12,8,16,2,14,10,11,6,7,18,3,19,17,1],[16,12,4,20,24,8,14,10,2,11,6,3,21,5,19,18,1,17],[24,4,20,16,12,8,14,10,2,11,6,3,17],[20,24,16,8,12,4,2,14,10,3,11,7,6,18,19,17,1],[24,12,8,16,4,20,14,2,10,11,6,18,3,19,1,17],[20,4,12,16,24,8,2,14,10,3,6,11,9,7,19,18,1,17],[8,12,4,24,20,16,2,14,10,11,6,3,19,18,1,17],[16,24,12,4,8,20,14,10,2,3,11,6,19,18,17,1],[16,4,12,20,8,24,14,2,10,3,6,11,18,19,17,1],[8,16,12,4,20,24,14,10,2,11,6,18,19,3,1,17],[4,16,12,8,20,24,14,2,10,3,11,6,18,19,1,17],[12,4,20,16,8,24,2,14,10,3,7,11,13,5,21,17],[8,12,4,20,16,24,14,2,10,3,11,7,22,18,19,17,1],[20,8,24,4,12,16,14,2,10,3,7,11,6,9,18,19,1,17],[8,16,20,4,24,12,2,14,10,3,11,7,18,19,17,1],[4,20,24,12,8,16,14,10,2,3,6,11,19,18,1,17],[16,24,8,4,12,20,2,14,10,3,6,11,19,18,1,17],[16,4,12,24,8,20,2,14,10,11,6,7,18,3,19,1,17],[12,4,16,8,24,20,2,14,10,3,6,11,23,7,17],[24,16,12,4,8,20,2,14,10,11,6,7,18,3,19,17,1],[16,4,20,12,24,8,14,10,2,3,6,9,21,11,23,19,18,17,1],[4,24,20,16,12,8,14,10,2,3,7,11,19,18,1,17],[4,8,12,20,24,16,14,2,10,11,6,7,18,3,19,17,1],[4,16,24,20,12,8,14,10,2,11,6,3,19,18,1,17],[12,8,20,24,16,4,14,10,2,3,7,11,6,18,19,1,17],[4,20,12,24,8,16,2,14,10,11,6,7,18,19,3,1,17],[16,8,4,24,12,20,14,2,10,11,6,7,18,19,3,17,1],[16,8,20,12,4,24,2,14,10,11,6,18,3,19,1,17],[12,16,20,8,24,4,14,2,10,11,6,18,3,19,1,17],[16,24,20,4,8,12,14,2,10,3,7,11,18,19,1,17],[8,12,4,24,20,16,2,14,10,3,5,11,18,19,17,1],[16,12,8,24,4,20,2,14,10,3,6,11,7,9,18,19,1,17],[12,16,24,8,20,4,2,14,10,3,6,18,19,17,1],[12,20,4,24,16,8,14,2,10,3,11,6,19,18,1,17],[4,8,20,24,16,12,2,14,10,11,6,18,19,3,17,1],[20,8,24,16,4,12,2,14,10,3,6,11,13,19,18,17,1],[12,20,24,16,4,8,14,2,10,3,7,11,6,19,18,1,17],[12,8,24,16,20,4,14,2,10,3,7,11,17],[8,4,24,12,16,20,2,14,10,3,6,11,19,18,17,1],[12,8,4,20,24,16,2,14,10,3,7,11,5,18,19,1,17],[20,16,12,24,4,8,14,10,2,11,6,7,18,19,3,1,17],[12,16,4,20,24,8,14,2,10,3,7,11,19,18,17,1],[12,24,4,16,20,8,14,2,10,3,1],[12,20,4,16,8,24,2,14,10,3,6,11,19,18,1,17],[24,4,20,12,8,16,2,14,10,11,6,18,3,19,17,1],[16,20,8,4,12,24,2,14,10,11,6,7,18,19,3,17,1],[4,8,16,12,20,24,14,2,10,11,6,18,19,3,17,1],[24,12,16,8,20,4,2,14,10,11,6,7,18,3,19,17,1],[24,4,12,20,8,16,2,14,10,11,6,18,3,19,1,17],[24,4,20,8,16,12,2,14,10,3,11,6,18,19,17,1],[8,12,4,20,16,24,14,10,2,3,11,7,19,18,1,17],[8,20,24,16,4,12,2,14,10,3,6,21,9,11,7],[24,20,12,16,8,4,14,10,2,3,7,11,18,19,17,1],[12,8,24,16,20,4,2,14,10,3,6,11,19,18,17,1],[20,24,4,12,16,8,14,10,2,3,6,11,18,19,1,17],[16,12,4,20,8,24,2,14,10,11,6,7,18,3,19,17,1],[12,4,20,24,8,16,2,14,10,3,6,11,19,18,17,1],[20,16,12,24,4,8,2,14,10,3,7,11,6,19,18,1,17],[12,20,4,24,8,16,14,2,10,11,6,3,19,18,1,17],[4,12,24,20,16,8,14,2,10,11,6,7,18,19,3,1,17],[8,4,12,16,20,24,2,14,10,3,7,11,6,18,19,17,1],[4,16,8,12,24,20,14,10,3,19,18,2,17,1],[12,20,4,24,8,16,14,10,2,3,6,19,18,17,1],[16,12,8,20,24,4,14,2,10,11,6,7,18,3,19,17,1],[24,16,8,12,20,4,14,10,2,3,6,11,17],[20,8,12,4,24,16,2,14,10,3,1],[12,4,8,20,24,16,14,2,10,11,6,3,18,19,1,17],[24,16,12,4,20,8,14,10,2,11,6,18,3,19,1,17],[24,8,4,16,12,20,2,14,10,11,6,3,18,19,17,1],[24,20,4,16,12,8,2,14,10,3,6,11,17],[20,24,4,8,12,16,14,10,2,11,6,7,18,19,3,1,17],[16,4,8,20,24,12,14,2,10,3,7,11,5,19,18,1,17],[12,4,8,16,20,24,14,2,10,11,6,3,19,18,1,17],[16,20,4,12,24,8,14,3,2,10,11,6,7,1],[4,12,24,16,20,8,14,10,2,3,5,11,17],[4,8,16,24,20,12,2,14,10,11,6,3,21,22,18,19,1,17],[16,8,12,24,20,4,14,2,10,11,6,7,18,19,3,17,1],[12,8,16,24,20,4,2,14,10,3,11,7,18,19,17,1],[20,24,16,12,4,8,14,10,2,11,6,18,19,3,17,1],[12,8,20,16,4,24,14,2,10,11,6,18,3,19,17,1],[12,8,16,20,24,4,2,14,10,11,6,3,18,19,1,17],[12,20,8,16,4,24,14,10,2,3,7,11,6],[8,16,24,4,20,12,2,14,10,3,11,6,18,19,17,1],[8,4,16,20,24,12,2,14,10,11,6,7,18,3,19,1,17],[20,8,16,24,4,12,14,10,3,11,17,21,2,6],[16,24,4,8,12,20,14,2,10,3,6,11,18,19,1,17],[8,12,16,24,4,20,2,14,10,3,7,11,18,19,1,17],[8,12,4,16,24,20,2,14,10,11,6,7,18,19,3,17,1],[8,12,20,24,16,4,2,14,10,3,6,11,7,1],[8,16,24,4,20,12,14,10,2,11,6,3,19,18,1,17],[12,16,24,20,8,4,14,2,10,3,6,19,18,17,1],[4,12,16,24,8,20,14,2,10,11,6,7,18,3,19,1,17],[16,4,8,12,24,20,2,14,10,11,6,7,18,3,19,17,1],[8,20,12,4,16,24,2,14,10,11,6,3,18,19,17,1],[16,8,20,24,4,12,14,10,2,11,6,18,19,3,1,17],[12,4,16,20,24,8,14,2,10,11,6,7,18,3,19,17,1],[16,8,24,20,12,4,2,14,10,11,6,7,18,3,19,17,1],[4,16,24,12,20,8,2,14,10,11,6,7,18,3,19,17,1],[24,20,16,12,4,8,2,14,10,3,11,7,18,19,1,17],[24,20,8,12,4,16,14,2,10,3,11,6,19,18,17,1],[12,4,16,24,20,8,14,2,10,11,6,3,17],[8,24,12,4,20,16,14,10,2,3,6,19,18,1,17],[4,8,16,20,24,12,2,14,10,3,6,19,18,17,1],[20,4,16,12,24,8,14,2,10,11,6,18,19,3,1,17],[24,4,20,8,12,16,2,14,10,11,6,3,13,18,19,17,1],[12,4,20,16,24,8,2,14,10,3,7,11,5,18,19,1,17],[4,12,24,8,20,16,2,14,10,3,7,11,6,19,18,17,1],[12,4,20,16,24,8,14,10,2,11,6,3,17],[24,4,16,8,20,12,14,10,2,3,7,11,18,19,17,1],[24,20,4,16,8,12,2,14,10,3,6,11,18,19,17,1],[20,8,4,24,16,12,14,10,2,11,6,7,18,19,3,1,17],[8,4,20,16,24,12,14,2,10,11,6,7,18,3,19,1,17],[16,24,20,8,4,12,2,14,10,11,6,7,18,19,3,1,17],[8,16,24,4,12,20,14,2,10,11,6,7,18,3,19,17,1],[4,24,8,16,20,12,14,10,2,3,7,11,23,17],[4,16,20,8,24,12,14,10,2,3,7,11,17],[20,8,24,12,16,4,2,14,10,3,7,11,19,18,17,1],[4,24,12,16,8,20,2,14,10,11,6,18,3,19,1,17],[12,8,20,24,4,16,2,14,10,11,6,7,18,19,3,1,17],[8,20,12,16,4,24,2,14,10,11,6,18,3,19,17,1],[12,8,16,4,20,24,2,14,10,11,6,3,7,17],[8,20,24,16,4,12,14,2,10,3,7,11,17],[20,16,8,12,24,4,2,14,10,3,11,5,13,19,18,1,17],[8,16,20,24,12,4,2,14,10,11,6,18,19,3,17,1],[24,4,8,16,20,12,14,10,2,11,6,18,3,19,1,17],[12,20,24,8,16,4,2,14,10,3,6,11,18,19,17,1],[4,16,24,8,20,12,14,10,2,11,6,18,3,19,1,17],[20,8,16,12,24,4,14,10,2,11,6,7,18,3,19,17,1],[4,12,8,16,20,24,2,14,10,3,6,11,18,19,1,17],[20,16,4,24,12,8,2,14,10,3,11,6,18,19,17,1],[4,8,24,20,16,12,14,10,2,3,11,7,19,18,17,1],[8,4,16,12,24,20,2,14,10,3,7,11,21,18,19,17,1],[8,24,12,16,4,20,14,2,10,11,6,7,18,3,19,17,1],[8,12,16,4,20,24,2,14,10,11,6,7,18,3,19,1,17],[24,20,8,16,12,4,14,10,2,11,6,18,19,3,17,1],[8,16,24,12,4,20,14,10,2,11,6,18,3,19,1,17],[16,12,8,20,24,4,2,14,10,11,6,7,18,3,19,1,17],[8,12,20,16,4,24,14,2,10,3,11,6,17],[24,20,12,8,16,4,2,14,10,11,6,7,18,3,19,17,1],[8,12,16,4,24,20,2,14,10,3,6,11,17],[20,16,24,4,8,12,2,14,10,11,6,7,18,19,3,1,17],[4,24,16,12,20,8,2,14,10,3,6,11,17],[8,20,24,12,16,4,14,2,10,3,19,18,1,17],[4,8,12,16,20,24,14,10,2,11,6,3,1],[16,24,8,20,4,12,2,14,10,3,6,11,17],[16,4,24,12,20,8,14,2,10,3,11,7,18,19,1,17],[12,16,24,20,4,8,2,14,10,11,6,18,19,3,1,17],[8,4,16,12,24,20,14,2,10,3,7,11,23,17,13,22],[20,16,24,8,12,4,2,14,10,3,7,19,18,1,17],[24,20,4,8,12,16,14,2,10,11,6,18,3,19,17,1],[20,8,12,24,16,4,14,10,2,11,6,3,1],[4,24,8,20,12,16,14,2,10,3,7,11,19,18,1,17],[4,12,20,16,8,24,14,2,10,11,6,3,23,19,18,17,1],[12,4,24,16,20,8,14,2,10,11,6,3,19,18,17,1],[8,20,16,24,4,12,14,10,2,3,6,11,18,19,17,1],[16,8,4,24,12,20,2,14,10,11,6,18,19,3,1,17],[4,20,8,12,16,24,14,2,10,3,6,11,23,19,18,1,17],[16,8,12,20,4,24,14,10,2,3,7,11,18,19,1,17],[20,12,8,4,16,24,2,14,10,3,11,6,7,13,17],[4,20,24,12,16,8,2,14,10,3,7,11,17],[8,4,24,12,20,16,2,14,10,11,6,18,3,19,17,1],[24,16,4,8,20,12,14,2,10,11,6,3,17],[12,20,16,4,8,24,2,14,10,11,6,3,17],[8,4,12,20,24,16,14,2,10,3,11,6,7,19,18,1,17],[24,4,8,20,16,12,14,10,2,3,6,11,18,19,17,1],[4,16,24,12,8,20,2,14,10,11,6,7,18,3,19,17,1],[20,24,4,8,16,12,14,10,2,11,6,3,19,18,17,1],[24,20,16,12,8,4,2,14,10,11,6,7,18,3,19,17,1],[4,12,20,16,24,8,14,2,10,11,6,18,19,3,1,17],[4,12,20,24,8,16,2,14,10,3,6,19,18,17,1],[8,4,20,16,12,24,14,10,2,11,6,3,19,18,17,1],[8,12,24,4,20,16,2,14,10,11,6,3,22,18,19,1,17],[20,24,8,16,4,12,2,14,10,11,6,7,18,3,19,17,1],[16,8,24,4,12,