{"problem_id":"jzT69DFP1ejIIa7","sigma":75,"alpha":0.100,"cost":0,"probabilities":"[0.010000000000000009, 0.02, 0.96, 0.01]","payoff_matrix":"[[-71, 31, -46, 32, 107, 9], [1, 131, -194, -28, -102, 15], [38, 43, 19, 73, 46, 195], [13, 71, -49, -14, -84, -44]]","uncovered":[[7,23,15,19,3,11],[7,3,23,19,15,11],[23,7,11,4,2,18,3,13,15,19],[23,7,11,15,3,20,19],[15,7,19,3,23,11],[19,15,23,7,11,3],[7,15,11,3,23,19],[23,3,7,19,11,14,15],[23,11,19,7,16,15,3],[11,3,7,19,23,15],[3,19,15,11,7,23],[15,19,23,7,11,3],[15,11,19,23,7,3],[11,23,3,15,6,7,19],[11,3,7,19,15,23],[3,23,19,7,15,10,12,11],[23,7,12,1,20,3,15,9,11,19],[23,11,14,15,3,19,7],[23,17,19,12,7,11,2,3,15],[7,19,15,23,3,11],[23,11,17,20,14,1,7,3,19,15],[11,7,15,23,4,3,17,19],[3,11,7,19,15,23],[23,18,15,6,7,11,3,20,19],[11,3,23,15,7,17,19,14],[19,3,23,15,9,7,12,11],[7,11,23,3,16,15,19],[15,23,3,19,11,8,5,7],[3,7,19,15,23,11],[23,7,11,19,15,3],[19,23,15,11,3,7],[7,11,23,19,15,3],[15,7,23,19,3,11],[15,11,7,23,3,20,19,5],[11,19,23,15,4,7,3],[3,11,7,23,19,13,15],[7,11,15,19,3,23],[11,15,19,7,3,23],[15,3,23,11,19,5,7],[19,11,23,15,3,7],[19,15,7,11,23,3],[19,15,7,3,11,23,24],[23,11,19,1,15,3,7],[3,19,23,14,15,11,5,7],[15,3,19,23,11,7],[23,2,19,7,3,15,11],[11,3,15,23,7,17,20,18,19],[3,23,19,14,12,15,11,7],[19,23,9,15,3,10,11,6,8,7],[19,3,7,15,11,23],[7,3,15,11,19,23],[15,19,3,11,23,7],[19,7,3,11,23,16,15],[15,23,4,9,7,11,3,20,19],[19,15,23,1,7,3,11],[23,7,15,12,19,3,11],[3,11,23,5,19,15,7],[7,11,15,3,19,23],[23,15,3,7,19,11],[15,3,11,23,19,7],[23,3,17,19,7,11,16,13,15],[3,23,11,20,19,15,7],[19,7,11,3,15,23],[23,19,11,3,14,15,7],[3,11,19,23,15,5,7],[23,19,7,15,11,3],[19,7,3,23,15,11],[11,3,23,15,19,7],[11,7,23,3,15,18,19],[3,7,19,11,15,23],[7,19,15,3,11,23],[11,19,3,23,15,7],[7,23,19,15,3,11],[15,3,7,19,23,11],[7,11,15,23,3,19],[7,3,15,11,19,23],[11,23,3,15,19,5,7],[23,11,3,15,7,19],[7,3,15,19,11,23],[23,3,19,7,9,15,10,11],[23,19,11,14,7,2,1,16,15,4,3],[23,11,7,15,2,19,3,5,24],[3,7,19,23,11,15],[15,19,23,3,7,11],[15,3,19,7,11,23],[15,7,19,23,3,11],[7,3,11,23,15,19],[3,7,19,15,11,23],[23,19,16,11,14,15,1,7,3],[11,15,23,8,3,7,19],[7,11,23,1,15,20,3,19],[23,19,11,3,5,15,7],[23,2,3,19,5,11,15,7],[15,19,23,7,11,1,2,3],[19,3,11,23,15,7],[19,11,23,7,15,3],[15,23,3,11,7,19],[11,3,23,19,7,13,15],[15,19,11,23,7,3],[7,15,3,11,23,20,18,19,17],[11,7,15,19,23,1,3],[7,15,3,19,11,23],[23,7,11,15,3,19],[11,7,15,3,19,23],[23,7,3,15,12,11,19],[3,19,15,11,7,23],[11,23,19,3,15,7],[11,19,23,7,3,15],[19,15,11,7,3,23],[3,11,15,23,7,19],[3,11,7,19,15,23],[15,7,11,23,20,3,19],[3,23,18,11,6,7,19,15],[23,3,7,15,11,19],[19,15,23,11,7,3],[19,3,7,15,23,11],[7,15,19,11,23,3],[11,19,23,3,7,15],[11,3,23,7,15,19],[3,19,7,15,11,23],[23,19,15,11,3,7],[7,23,11,3,15,19],[11,7,3,19,15,23],[15,7,3,11,23,19],[3,7,23,15,9,11,19],[7,19,3,23,11,14,15,9],[23,15,3,11,19,7],[3,23,7,19,11,15],[15,11,19,23,7,3],[15,3,7,23,11,18,19],[7,15,23,3,19,11],[3,7,11,23,15,19],[15,23,1,19,11,7,4,3],[19,15,3,11,7,23],[3,23,19,11,5,16,6,7,14,15],[15,11,23,7,2,19,3],[15,11,3,19,23,7],[7,19,23,15,3,11],[11,23,19,15,3,7],[23,8,9,3,7,11,15,17,18,19],[19,7,11,23,14,15,3],[11,19,23,15,7,3],[3,19,23,6,15,7,11],[7,11,19,23,3,15],[15,7,19,11,3,23],[23,3,11,19,14,7,15],[7,19,15,23,3,11],[15,23,7,20,3,19,11],[11,19,23,3,15,7],[23,18,9,12,3,15,5,11,20,17,19,7],[7,3,19,23,15,11],[15,3,19,23,7,11],[7,15,19,23,11,3],[19,15,7,11,3,23],[19,11,15,7,23,3],[19,11,3,7,15,23],[11,7,3,23,13,16,18,17,14,19,15],[7,23,19,3,11,15],[7,3,23,19,12,11,15],[3,23,11,19,14,15,5,7],[15,3,11,7,19,23],[3,23,11,16,6,5,7,15,19],[19,15,3,23,11,7],[19,23,8,7,3,11,15],[15,11,3,7,19,23],[7,19,11,23,16,4,3,15],[3,7,19,11,23,16,15],[23,11,15,7,3,19],[11,3,23,7,15,20,18,19,2],[19,7,3,11,23,15],[3,23,7,11,15,19],[19,23,11,7,15,3],[15,7,11,3,23,19,16],[15,3,23,11,6,7,19],[15,19,3,7,23,10,11],[3,7,23,17,15,19,12,11],[7,3,15,11,19,23],[11,19,3,15,7,23,17],[19,7,15,23,11,3],[23,7,2,15,19,11,3],[7,11,15,3,23,19],[11,15,3,19,23,5,6,7],[7,19,23,15,10,3,12,11],[11,7,23,20,3,15,19],[7,3,11,19,23,15,9],[11,19,3,23,7,15],[3,11,7,19,15,23],[23,7,3,11,19,16,15],[15,11,23,3,19,5,7],[23,15,3,9,7,19,11],[11,7,19,15,3,23],[3,23,15,19,10,5,12,7,11],[11,23,19,15,3,7],[11,23,19,15,7,3],[11,19,15,23,2,7,3],[7,23,14,4,11,3,19,15,6],[15,11,19,7,3,23],[11,23,7,19,16,15,2,4,3],[19,7,15,3,11,23],[7,23,15,17,9,19,12,3,11],[11,19,23,13,15,2,7,3],[19,15,3,11,7,23],[19,11,23,16,15,3,7],[19,23,3,7,1,11,15],[7,11,19,23,15,3],[23,19,7,3,15,11],[11,3,7,19,23,15],[19,23,3,11,15,6,7],[23,19,3,7,11,15],[3,15,19,23,7,11],[15,23,19,3,8,7,11],[7,11,23,15,1,19,3],[7,15,19,11,3,23],[15,3,11,19,23,7],[7,23,15,19,10,3,11],[7,19,3,23,11,15],[3,19,11,23,7,15],[11,15,7,23,19,3],[19,7,23,15,2,11,3],[3,23,7,9,19,15,11],[11,23,19,3,7,15],[11,19,3,15,7,23],[15,7,19,3,23,11],[3,23,19,11,7,15],[15,7,11,23,1,3,19],[7,15,23,11,2,3,19],[11,19,7,3,23,15],[11,15,3,23,19,7],[7,23,15,19,11,2,3],[23,17,7,19,11,3,15],[23,2,19,11,15,7,3],[15,7,11,19,23,2,3,8],[11,15,7,3,19,23],[23,19,3,11,7,15],[7,3,19,11,23,15],[23,3,11,7,15,19],[15,19,7,23,11,2,3],[19,23,7,3,15,11],[23,10,15,19,3,7,11],[3,23,15,11,17,19,7],[23,11,7,16,15,3,19],[23,3,15,7,11,19],[7,3,19,23,11,13,15],[11,7,19,23,15,4,3],[23,7,17,19,15,11,3],[15,11,7,3,19,23],[19,23,11,15,3,7],[23,11,14,3,8,7,20,17,15,19],[11,7,19,3,23,13,16,15],[11,15,19,23,7,2,3],[7,11,3,23,19,15],[15,19,3,7,23,11],[11,23,8,3,15,6,17,19,7],[23,11,1,17,18,19,3,7,15],[23,7,15,3,11,19],[15,19,11,3,23,7],[15,3,7,23,19,11],[15,3,7,11,23,17,19],[11,15,7,19,3,23],[7,19,11,15,23,3],[23,3,11,19,7,16,15],[3,11,15,23,7,19],[11,3,19,23,7,15],[19,11,23,16,15,3,8,7],[7,11,15,23,2,19,3],[15,7,19,11,23,3],[3,15,7,19,11,23],[15,7,11,19,23,3],[19,15,11,3,23,7],[7,11,15,19,23,3],[7,15,3,19,11,23],[15,3,19,23,11,8,7],[15,19,11,3,7,23,14],[19,3,7,23,11,15],[7,23,11,15,3,19],[19,15,11,3,23,5,7],[11,15,23,7,19,3],[23,20,14,4,3,7,15,11,19],[3,23,7,11,19,15],[3,11,15,7,19,23],[15,19,7,11,3,23],[7,19,15,23,1,11,3],[19,11,3,7,23,13,15],[15,7,19,3,23,12,11],[15,7,11,23,3,19],[7,23,13,19,3,16,11,14,15],[7,23,2,15,11,19,3],[23,19,9,15,1,11,3,7],[7,15,19,23,3,11,24],[11,3,15,23,7,19],[19,11,7,23,3,15],[7,3,11,23,15,19],[11,15,7,3,23,19],[7,11,23,20,15,3,19],[19,15,3,23,7,11],[7,11,23,19,3,15],[23,10,19,5,3,15,7,11],[23,11,7,15,3,19],[7,23,3,9,19,15,11],[23,7,19,11,14,15,3],[19,3,15,11,7,23,24],[19,3,23,11,15,7],[3,7,11,23,16,14,13,19,15],[7,3,11,19,23,15],[19,3,7,11,23,15],[3,23,7,11,19,13,15],[15,3,19,23,9,12,5,6,7,11],[15,19,23,3,11,5,7,2],[7,23,15,11,19,3],[23,11,18,3,7,19,15],[7,3,15,19,23,10,11],[11,7,23,15,3,19],[3,7,19,11,15,23],[19,11,15,7,3,23],[19,15,3,23,11,6,7],[23,7,3,19,15,9,11],[19,23,7,10,3,15,12,11],[11,7,3,15,19,23],[15,23,19,4,7,11,3,10],[7,19,15,11,23,3],[3,7,23,15,19,11,12],[3,7,15,11,23,20,19],[23,11,3,19,15,7],[7,19,11,15,3,23],[11,19,3,23,7,15],[23,19,2,11,7,15,3],[11,3,19,7,23,15],[11,3,19,7,15,23],[3,19,23,14,12,11,7,15],[3,19,15,23,11,7],[19,11,3,7,23,14,15],[19,3,23,7,12,11,15],[19,15,11,23,7,3,24],[23,3,7,14,11,19,15],[3,19,15,7,23,11],[23,7,19,3,11,15],[19,11,23,15,3,8,7],[23,15,19,7,3,10,11],[7,15,19,23,3,11],[23,3,9,15,7,11,18,19],[15,19,11,23,7,3],[11,15,23,4,7,3,18,19,9],[3,19,11,7,23,15],[15,11,7,3,19,23],[23,7,15,3,11,18,20,19],[7,19,15,23,11,3],[3,19,15,7,23,11],[19,23,1,3,15,7,11],[15,19,7,11,3,23],[3,11,23,15,19,7],[3,15,19,11,7,23],[11,19,15,3,23,7],[3,19,7,15,11,23,9],[23,7,3,15,18,20,12,11,19],[3,15,11,19,7,23],[19,7,15,23,11,2,3],[11,3,7,23,15,19],[19,15,11,7,3,23],[23,11,17,15,18,7,1,19,3],[23,6,19,2,7,3,11,15],[23,7,15,20,1,19,11,3],[23,7,11,3,15,19],[11,23,15,7,19,3,21],[19,7,15,3,11,23],[15,7,11,19,3,23],[3,19,7,11,23,15],[11,15,23,3,7,19],[3,15,19,11,7,23],[19,11,23,3,14,7,16,15,17],[11,23,20,6,3,15,7,18,12,19],[15,3,11,7,23,19],[23,8,11,3,19,15,6,5,7],[23,15,7,3,19,11],[3,15,23,18,11,17,6,8,19,7],[23,3,19,7,11,16,15],[15,23,11,3,19,7],[7,3,15,11,23,19],[23,18,11,15,7,20,3,19],[19,7,23,15,3,11],[7,15,19,11,3,23],[7,23,11,19,3,14,13,15,22],[7,11,3,19,15,23],[7,19,3,23,12,11,13,14,15],[3,11,23,15,7,17,20,19,10],[15,11,23,19,3,7],[19,15,11,3,23,5,7],[3,23,15,11,17,6,7,20,19],[11,7,3,15,19,23,1],[11,3,19,23,15,7,24],[19,3,23,15,11,7],[19,3,15,11,7,23,12],[11,15,3,23,7,19],[7,3,19,23,10,15,11],[7,23,19,11,15,3,20],[23,11,19,15,7,3],[11,23,3,7,15,19],[7,3,15,11,19,23],[23,15,7,3,12,10,19,11],[11,19,15,23,7,3],[11,3,15,7,19,23],[7,11,3,15,19,23],[11,19,23,15,4,3,7],[15,19,23,4,9,3,11,7],[7,3,19,11,23,15,22],[11,19,23,2,7,3,15],[11,19,3,7,15,23],[19,11,23,5,15,7,4,3],[19,11,7,23,15,3],[23,11,17,15,7,3,19],[3,11,23,7,15,19,24],[15,19,3,23,7,11],[7,23,15,19,11,3],[11,15,19,23,7,3],[23,11,13,3,19,7,15,20],[15,3,7,19,11,23],[3,23,12,19,16,15,11,7,20],[7,23,1,13,11,15,18,2,20,3,19,22],[15,23,12,19,9,3,7,11],[15,3,11,23,7,19],[23,1,17,19,7,11,3,15],[3,11,19,15,23,7],[19,3,7,23,15,11],[11,15,19,7,3,23],[19,3,15,7,23,11],[11,23,7,15,3,19,5],[15,19,3,7,11,23],[23,11,13,14,5,19,3,7,15],[11,23,7,20,19,15,3],[7,11,23,20,15,19,3],[7,23,11,15,3,19],[7,3,11,23,19,15],[7,3,23,11,14,19,15],[15,7,3,23,19,11],[15,23,11,7,3,18,17,19],[15,23,19,8,11,2,7,3,13],[19,7,3,23,15,11],[11,7,3,19,23,15],[15,23,11,3,7,19],[11,15,19,7,23,3],[7,23,15,3,10,19,11],[11,23,7,3,19,15],[15,11,19,3,7,23],[19,3,7,23,11,15],[15,23,3,19,7,11],[15,7,23,19,11,3],[15,23,19,3,11,7],[19,11,15,7,23,3],[3,23,19,11,15,7],[3,19,23,13,7,15,11],[11,15,19,7,3,23],[19,7,11,3,15,23],[11,23,13,3,6,7,19,16,15],[19,15,23,7,11,3,24],[3,15,7,11,19,23],[23,9,16,7,19,3,11,15],[19,3,7,11,23,15],[3,19,7,11,15,23],[19,7,15,3,11,23],[11,15,19,23,3,7],[3,7,15,11,23,19],[19,11,7,15,3,23],[11,19,15,3,7,23],[19,15,7,23,1,3,11],[15,3,11,23,19,7],[15,11,19,23,7,3],[11,7,15,23,19,3],[3,19,23,11,7,15],[19,7,11,3,15,23],[3,23,15,18,7,10,11,19],[11,15,19,23,7,3,6],[7,15,23,19,3,11],[15,7,11,19,3,23],[19,23,7,3,15,11],[23,19,11,15,7,3],[19,15,23,7,3,12,11],[15,19,23,10,3,6,8,7,11],[19,7,23,15,11,3],[7,15,23,11,19,3],[7,23,2,11,13,19,15,3],[3,11,15,7,19,23],[11,3,23,13,15,18,5,7,19],[7,19,15,3,11,23],[11,23,3,15,17,19,6,7,4],[19,7,3,11,15,23],[15,23,3,11,7,19],[3,15,7,19,11,23,12],[19,15,23,3,6,7,11],[23,11,15,17,20,3,19,7],[7,3,11,15,23,19],[15,19,23,3,7,12,11],[7,15,23,18,11,3,20,19,1],[11,23,15,7,3,19],[11,3,23,7,19,15,6],[15,23,19,7,3,11],[15,19,7,3,11,23],[11,7,3,19,15,23,22],[23,3,7,17,11,19,15],[11,7,3,23,15,19],[7,15,3,23,19,11],[19,7,3,15,11,23],[23,11,15,3,7,19],[11,3,7,19,23,15],[19,15,3,11,23,7],[19,11,15,7,23,3],[23,19,11,7,15,3],[3,11,23,7,19,13,15],[23,7,15,3,11,19],[7,15,23,10,19,3,11],[7,19,3,15,11,23],[23,12,11,7,15,3,19],[3,7,15,19,11,23,18],[19,23,7,3,11,15],[3,15,19,23,7,12,11],[15,11,23,3,19,7],[19,11,15,23,7,2,4,3],[3,19,7,15,11,23],[19,3,11,7,15,23],[23,7,15,17,19,11,3],[19,3,15,11,7,23],[11,7,23,3,19,15],[7,3,11,19,15,23],[15,7,23,3,9,11,19],[7,3,23,19,15,11],[11,19,23,15,7,1,3],[3,11,23,15,19,7],[3,15,7,11,19,23],[23,13,4,11,7,2,15,19,3],[23,1,19,2,7,15,3,10,11,13],[23,7,3,19,9,15,11],[23,3,19,12,11,7,13,15,17,8,20],[15,3,7,23,10,19,11,16],[23,11,2,3,5,7,19,15],[23,19,3,11,8,15,7],[15,3,19,7,11,23],[19,11,3,23,15,7],[3,23,20,19,11,16,7,15],[3,23,7,20,15,17,19,10,11],[7,19,15,11,3,23],[15,19,11,7,3,23],[15,23,3,19,7,9,11],[7,15,19,3,11,23,14,17],[11,15,7,19,23,3],[3,11,19,7,15,23],[7,3,19,23,11,15],[3,23,17,19,11,7,14,15],[15,7,3,11,19,23,12],[15,19,3,7,11,23],[15,23,19,7,11,3,8],[23,15,8,3,7,19,11],[23,7,10,19,3,15,11],[7,11,19,3,23,15],[15,19,23,7,2,11,3],[23,3,14,15,7,11,19],[15,19,23,3,11,6,7],[19,11,23,5,8,3,15,7],[23,15,19,3,11,7],[7,23,15,11,3,17,19],[7,11,15,23,19,3],[11,19,7,23,1,3,16,15],[19,3,11,7,23,15],[15,11,19,3,23,7],[15,19,3,23,11,7],[19,11,7,23,3,14,15],[19,23,15,7,3,11],[11,7,3,23,15,19],[11,23,7,15,19,2,3],[7,11,19,15,23,3,13],[15,23,11,7,3,18,19],[11,19,3,7,15,23],[19,3,7,23,15,11],[7,15,11,23,19,2,1,3],[19,11,23,7,14,3,15],[23,9,7,19,14,15,3,11],[23,15,3,11,8,19,7],[19,11,7,3,15,23],[11,19,7,3,15,23],[19,3,15,11,7,23,13],[15,19,7,3,11,23],[7,15,11,23,17,3,18,19],[23,3,12,15,5,7,11,17,19],[11,3,15,23,7,19],[3,15,7,11,19,23],[19,23,15,5,7,3,11],[15,7,3,11,19,23,16],[15,3,19,23,12,7,11],[19,7,11,23,15,3,4],[11,7,15,19,3,23],[11,3,19,15,7,23],[19,3,15,7,11,23],[7,11,15,3,19,23],[19,11,23,15,3,6,7],[23,15,11,19,3,7],[3,23,11,20,19,7,15,24],[15,11,7,3,19,23,6],[15,23,7,19,3,11],[15,11,7,3,19,23],[3,7,15,19,11,23],[7,3,11,19,15,23],[7,23,10,4,11,15,2,1,3,19],[19,23,6,7,12,16,11,3,15],[23,7,3,11,14,19,15],[23,7,18,15,3,11,19],[23,16,11,19,15,3,6,7],[19,7,3,15,11,23],[11,15,3,7,19,23],[19,3,23,6,7,11,15],[23,9,15,3,5,11,7,20,19],[3,19,15,11,7,23],[7,19,23,15,1,3,11],[23,7,3,19,11,15],[3,15,11,23,19,8,7],[11,7,19,23,15,3],[19,23,3,15,7,11],[11,19,3,7,23,13,15],[15,19,7,11,3,23],[3,19,11,15,23,7],[15,7,11,19,23,3],[19,3,23,15,11,7],[19,3,15,23,11,7],[11,23,20,3,14,7,17,15,19],[15,19,11,3,7,23],[23,3,7,19,11,16,15],[3,15,7,19,23,9,12,11],[15,19,7,3,23,11],[19,23,16,3,15,10,6,8,7,11],[7,23,15,17,11,3,19],[7,23,11,2,3,20,19,15],[23,19,7,15,11,4,3],[19,23,15,3,7,10,9,11],[19,3,23,7,11,16,15],[7,19,23,11,15,3],[23,19,5,7,3,11,15],[11,23,7,20,15,19,3],[7,3,19,23,11,15],[15,19,3,7,11,23],[23,12,19,4,3,7,9,11,15],[15,3,19,7,11,23],[19,15,23,7,3,11],[15,3,7,19,11,23,16],[19,3,11,15,7,23],[7,15,11,23,3,19],[7,3,23,15,11,19],[11,19,3,23,6,7,15],[15,7,3,23,19,11],[11,15,23,3,19,7],[23,20,15,3,11,7,19],[19,23,4,2,3,10,15,7,11],[15,3,23,11,7,17,20,19],[15,7,19,3,23,11],[11,7,19,23,3,13,16,15],[11,19,7,23,3,15],[23,3,19,11,7,14,15],[7,11,3,23,14,15,17,19],[11,15,19,23,3,7],[7,3,19,11,15,23],[23,15,19,11,2,3,5,7],[19,11,3,23,15,7],[15,19,3,7,23,11],[19,23,7,3,15,11],[3,23,11,15,19,7],[15,7,3,23,19,11],[11,23,7,20,1,15,19,3],[11,19,15,7,3,23],[3,23,19,11,15,7],[15,19,3,7,11,23],[19,3,15,7,23,11,16],[15,11,3,23,7,19],[7,3,23,15,19,11],[11,7,15,3,19,23],[3,19,23,11,7,15],[3,19,23,15,7,11],[3,15,23,6,7,9,17,19,11],[7,23,15,19,11,3],[3,23,7,19,11,15],[3,23,19,8,11,15,6,7],[3,15,23,11,7,18,19],[7,11,23,19,3,15],[15,19,7,23,3,11],[23,11,16,7,19,3,15],[15,23,18,2,19,11,5,7,4,3],[15,11,19,3,23,7],[7,3,23,11,19,14,15],[23,19,11,3,7,16,15],[11,7,3,23,19,15],[3,15,23,17,19,7,11,2],[3,7,23,19,15,10,9,11],[15,23,11,7,19,3],[11,3,15,7,23,19],[15,19,23,7,11,3],[23,15,11,3,19,7],[19,3,7,15,23,11],[3,15,7,23,11,19],[11,23,19,3,7,15],[7,11,15,23,19,3],[23,11,7,15,18,17,19,1,3],[7,23,3,11,19,12,15],[11,3,23,15,7,19],[11,15,3,19,23,7],[19,15,23,1,7,3,11,20],[11,3,15,23,7,19,16],[11,19,7,15,23,3],[19,7,11,23,3,15],[19,7,11,23,3,15],[19,23,8,7,10,3,15,11],[3,15,7,23,19,11],[23,11,6,16,7,19,3,14,15],[23,15,20,12,7,11,3,19,1],[15,23,3,11,6,5,7,19,17],[23,11,6,15,7,20,4,19,3],[3,15,7,11,19,23],[3,15,19,11,23,7],[7,23,3,15,19,11],[3,15,7,11,23,19],[23,9,11,7,3,19,15],[19,3,11,15,7,23],[23,15,2,19,4,12,3,7,11],[3,11,7,19,15,23],[11,23,18,20,15,5,19,3,7],[19,11,23,15,7,3],[23,19,7,11,4,3,15],[7,11,23,14,3,15,19],[11,15,3,23,7,19],[11,15,7,23,3,18,19],[3,7,11,23,15,19],[19,3,15,11,7,23,12],[3,7,15,19,11,23],[7,23,11,19,13,3,15],[3,19,7,23,15,11],[15,7,11,3,19,23],[3,7,23,13,14,15,17,19,12,9,11],[11,3,23,19,13,15,7],[19,23,11,2,3,15,7],[19,3,11,7,15,23],[11,15,7,19,23,3],[19,3,7,23,11,13,15],[3,7,15,19,23,9,11],[3,23,12,14,15,8,7,19,11],[15,3,7,23,19,11],[19,15,23,8,7,11,4,3],[11,23,7,19,15,3],[15,7,19,11,23,3,21],[7,23,3,18,12,15,19,11],[3,23,7,19,15,11,6],[23,17,13,19,3,7,11,15],[7,15,3,19,11,23],[3,23,20,15,19,12,11,7],[3,19,7,11,23,16,15],[11,3,15,7,19,23],[3,19,11,7,15,23],[19,3,11,15,23,7],[3,23,19,15,11,8,7],[23,2,6,11,8,3,17,7,19,15],[7,23,11,19,15,3,14],[11,15,23,1,7,3,20,19],[7,3,15,19,11,23],[3,15,19,7,11,23],[23,3,7,19,11,15],[11,3,23,15,19,8,7],[11,23,3,15,7,19],[3,7,19,11,23,15],[15,11,3,19,23,8,7],[19,15,23,3,11,7,5],[19,11,7,3,23,15],[19,11,7,3,23,15],[23,8,7,15,19,1,3],[11,19,23,13,15,7,3],[15,7,19,23,11,3,9],[15,3,19,11,7,23,2],[3,7,15,19,23,12,11],[11,7,23,3,15,19],[23,15,11,3,19,7],[11,7,3,23,15,19],[19,3,23,7,11,16,15],[19,15,11,3,7,23],[3,11,7,15,23,19],[23,7,11,18,3,15,17,19],[11,19,23,7,3,15],[3,7,23,11,18,15,19],[23,1,15,19,2,7,12,3,11],[19,23,11,15,5,1,4,7,3],[23,9,19,3,7,11,15],[3,11,19,15,23,5,7],[3,15,11,7,23,19],[19,15,7,11,23,3],[23,11,3,7,15,19],[11,15,23,18,3,7,19],[23,11,14,7,3,15,19],[15,23,7,9,10,3,19,11],[19,3,23,13,11,7,15],[15,19,7,11,23,3,4],[23,3,11,15,17,5,7,19,8],[7,15,23,19,11,3,13,14],[23,19,3,11,13,5,7,15],[7,15,11,19,23,1,2,3],[15,19,23,3,11,5,7],[23,19,3,7,16,15,11],[23,15,7,19,11,3],[7,3,11,23,15,19],[15,19,11,7,3,23],[19,3,7,23,11,15],[11,3,7,15,23,18,19],[23,7,3,19,15,11],[7,23,3,15,19,11],[19,15,23,3,11,7,5],[7,19,11,3,23,15],[19,3,15,7,11,23],[19,11,15,7,3,23],[23,11,6,7,15,19,3],[3,7,11,19,15,23],[3,23,8,15,11,19,7,14],[7,11,23,20,15,19,3],[19,23,3,15,7,11],[19,23,3,11,8,15,6,7],[11,3,15,23,7,19],[23,15,7,3,18,19,9,10,11],[3,15,7,11,19,23],[23,19,11,15,3,7],[3,19,7,15,11,23],[23,20,12,3,11,7,19,15],[3,19,15,23,7,9,11],[3,19,11,7,23,13,15],[7,15,3,11,23,19],[7,11,23,3,15,19],[7,19,3,11,15,23,13],[23,2,19,6,7,3,16,11,15],[7,3,11,15,19,23],[15,3,23,19,11,6,7],[19,11,15,3,23,7],[19,11,23,7,3,15],[15,11,3,19,7,23],[7,11,15,23,3,19],[23,20,7,15,19,3,11],[23,19,3,8,7,11,15,1],[23,3,11,14,19,16,15,7],[11,3,23,14,15,19,7],[7,19,3,15,11,23],[7,23,16,19,11,13,3,15],[7,11,23,3,15,19,13],[23,19,5,11,3,6,15,7],[7,15,19,3,11,23],[15,3,19,23,10,5,7,11],[15,19,3,7,11,23],[3,7,15,11,23,19],[3,7,23,12,19,11,15],[7,11,15,19,23,3],[11,15,19,23,5,3,7],[19,3,11,7,23,15],[23,12,5,7,15,10,19,4,11,3],[11,7,3,19,15,23],[3,11,23,7,15,19],[19,3,23,11,7,15],[7,3,15,19,23,11],[19,15,11,23,3,7],[15,11,7,3,23,19],[3,15,11,19,23,8,7],[7,23,15,9,19,4,3,11],[19,11,23,7,4,3,15],[23,19,5,7,15,11,3],[7,11,3,19,15,23],[11,23,14,7,19,3,15],[3,11,23,6,7,19,15],[3,15,23,7,19,11],[15,7,23,19,11,3,6],[19,15,23,7,11,1,3],[23,1,10,15,19,7,11,4,2,3],[19,7,3,15,11,23],[3,7,11,19,15,23],[19,11,7,3,23,15],[3,19,23,15,5,7,11,24],[7,3,11,19,23,15],[3,19,11,15,23,7],[11,19,15,7,3,23],[19,15,23,3,7,11],[7,15,3,19,11,23],[3,11,23,15,19,8,7],[19,11,15,3,23,7],[23,15,3,7,17,9,12,19,11],[7,3,23,19,10,15,11],[3,23,11,16,8,15,6,19,5,7],[11,23,8,19,3,15,5,7],[23,15,17,20,7,3,11,18,19],[11,3,19,7,23,15],[11,19,7,23,13,15,1,3],[15,11,7,19,23,3],[23,8,11,7,15,3,19],[3,11,19,7,23,15],[11,23,19,15,3,7],[19,11,3,23,6,7,14,15],[3,11,19,15,7,23,12],[7,15,23,10,11,3,19],[7,11,19,15,23,3,8],[19,11,23,3,14,15,5,6,7],[3,7,19,15,23,11],[11,7,15,3,23,20,19],[15,19,11,23,3,7],[3,15,7,11,23,19],[7,3,15,23,11,19,22],[19,23,2,15,1,11,7,3],[3,11,23,15,19,7],[15,7,19,3,11,23],[19,7,11,3,23,16,15],[15,11,7,19,3,23],[3,11,19,15,7,23],[19,23,15,11,7,3],[15,3,23,19,11,7],[23,3,7,11,19,14,16,15],[7,19,23,3,13,15,11,20],[11,3,19,7,15,23],[19,23,11,3,15,7],[3,19,7,11,15,23],[7,19,11,3,23,13,15],[3,11,15,7,19,23],[19,15,3,23,11,8,5,7],[7,15,19,11,23,3],[7,23,3,14,19,11,15],[11,7,15,23,2,3,19],[23,11,19,3,7,15],[7,23,3,15,19,11],[15,11,3,19,7,23],[19,15,3,11,7,23],[3,19,15,23,11,7],[3,23,15,19,11,7],[15,11,19,3,7,23],[11,19,3,7,23,15],[11,19,7,15,23,3],[23,15,12,4,7,19,1,11,3],[11,7,19,15,23,3],[7,3,11,23,17,15,19],[19,11,3,23,7,15],[11,3,15,19,23,7,1],[7,23,3,19,15,11],[19,7,15,11,23,3],[19,3,15,23,8,11,7],[15,23,6,11,7,3,19],[3,19,11,23,7,15],[15,7,23,12,3,11,19],[19,7,11,15,3,23],[7,3,15,19,11,23],[23,19,3,11,15,7],[3,15,11,19,23,7],[3,23,11,7,15,20,19],[19,3,11,23,7,15],[11,19,15,23,7,3],[23,11,19,7,14,15,3],[7,11,15,19,23,3],[19,23,15,3,7,11],[15,19,3,11,23,7],[7,3,19,15,11,23],[7,19,15,11,3,23],[7,15,23,3,19,11],[7,15,3,11,23,19],[15,7,23,19,10,1,2,3],[23,11,19,3,15,7],[23,15,7,11,19,1,3],[7,11,23,3,15,19],[23,11,15,7,19,3],[3,19,11,15,23,7],[7,3,19,11,23,14,16,13,15],[3,15,23,19,12,11,7],[7,11,23,18,3,19,15],[7,15,3,23,19,10,11],[11,15,19,23,3,8,6,7],[7,23,11,3,19,15],[7,19,15,11,3,23],[7,19,23,15,3,11],[19,15,23,12,11,6,7,3],[19,7,11,15,3,23],[15,11,23,3,7,19],[23,16,3,11,15,7,20,19],[3,19,23,10,15,11,7],[15,19,3,7,11,23],[23,11,15,20,7,17,19,2,3],[23,12,15,7,19,11,1,4,3],[19,15,7,3,23,10,11],[23,19,11,3,15,7],[23,15,19,11,3,7],[19,15,11,7,23,2,3],[23,11,3,7,15,19,20],[23,8,19,15,6,12,5,7,3,10,11],[3,19,11,15,7,23],[23,19,3,14,11,7,15],[15,23,3,11,19,7],[11,15,19,7,23,3],[15,23,19,11,7,3],[19,7,3,23,11,15,5],[7,11,23,16,3,15,19],[15,7,3,11,19,23,24],[23,7,19,14,15,4,3,9,11,13],[3,19,11,15,23,6,7],[15,3,23,19,7,11],[3,23,11,7,15,19],[7,15,11,19,23,3],[7,11,15,23,4,3,20,19],[3,19,15,11,7,23],[23,11,17,7,15,3,19],[23,18,13,7,15,11,3,17,19,6],[11,23,3,19,13,15,7],[11,19,7,23,3,15],[23,19,7,15,11,3],[23,19,15,3,11,7]],"n_human":11}