{"problem_id":"KKlh6j4Q01oCF0D","sigma":150,"alpha":10.000,"cost":0,"probabilities":"[0.24, 0.34, 0.23, 0.19]","payoff_matrix":"[[113, 91, 89, 36, 5, 65], [302, 162, 233, 230, -25, -18], [-167, -50, 197, 146, -171, 227], [49, -295, -116, -122, 159, 152]]","uncovered":[[10,18,6,5,9,11,7,2,1,3,4,12,22,14,13,15,16,8,20,19,23,21,24,17],[10,14,9,13,11,15,16,12,2,1,3,4,6,5,7,18,22,8,24,21,17,23,19],[22,10,2,1,9,11,3,17,6,5,7,12,4,14,13,15,16,18,8,21,24,23,19],[6,10,5,9,7,11,22,16,2,1,3,17,4,12,18,8,14,13,15,24,21,23,20,19],[6,14,5,13,15,7,2,1,3,4,16,8,22,18,10,9,11,12,20,17,21,24,23,19],[10,18,2,9,1,3,11,4,12,14,13,15,16,22,6,5,7,8,21,17,24,23,20],[2,22,14,1,13,15,3,16,4,18,6,5,7,8,10,9,11,12,24,21,19,23,20],[10,14,9,13,11,15,12,16,7,22,2,1,3,4,18,6,5,8,23,21,24,17,19,20],[6,22,18,14,13,5,15,7,2,1,3,16,4,8,10,9,11,12,24,21,19,23],[6,2,1,5,7,3,4,10,9,11,12,14,13,15,16,18,22,8,23,21,24,17,19],[18,14,2,13,1,3,15,4,16,10,9,11,12,22,6,5,7,8,24,21,20,19,17,23],[2,18,6,5,1,7,3,8,22,10,9,11,12,4,14,13,15,16,21,17,24,23,20,19],[18,22,10,2,9,1,11,3,4,12,6,5,7,14,13,15,16,8,19,17,21,24,23],[2,14,1,13,15,3,16,4,10,9,11,12,22,6,5,7,18,8,19,21,24,23,17],[14,2,1,13,15,3,4,16,18,6,5,7,22,8,10,9,11,12,23,21,24,17,20,19],[6,14,5,13,15,7,2,1,3,16,4,8,10,9,11,12,18,22,17,23,21,24,19,20],[18,14,10,9,13,15,11,16,12,2,1,3,4,22,6,5,7,8,24,23,21,17,20],[22,2,10,1,9,3,11,16,12,4,6,5,7,18,15,14,13,8,19,21,23,24,20,17],[10,6,9,5,7,11,19,2,1,3,12,4,14,13,15,16,22,8,18,23,21,24],[22,18,10,2,1,9,11,3,6,5,7,12,4,14,13,15,16,8,21,19,23,24,20,17],[22,2,6,5,1,3,7,4,10,9,11,12,17,14,13,15,16,18,8,24,23,21,20,19],[22,14,18,6,5,13,7,15,2,1,3,16,4,8,10,9,11,12,21,20,17,23,24],[2,18,10,1,9,3,11,14,13,15,12,16,4,6,5,7,22,8,20,17,24,23,21,19],[10,18,6,5,9,7,11,14,13,15,16,12,22,2,1,3,4,8,23,21,24,20,19],[22,10,6,5,9,11,7,16,17,2,1,3,12,4,18,8,15,14,13,23,21,24,19],[22,18,6,14,13,5,15,7,2,1,3,16,4,8,10,9,11,12,24,21,23,20,19],[10,14,13,9,11,15,12,16,6,5,7,18,2,1,3,4,22,8,23,21,24,20,17,19],[2,6,1,5,7,3,4,10,9,11,12,22,16,18,8,13,14,15,19,23,21,24,20],[10,6,9,5,11,7,14,13,15,16,12,2,1,3,4,22,18,8,24,23,21,17,19],[10,6,9,5,7,11,18,22,2,1,3,13,4,12,14,15,16,8,19,21,17,20,23,24],[2,22,18,6,5,1,3,7,8,10,9,11,4,12,14,13,15,16,21,20,17,24,23,19],[10,2,1,9,3,11,4,12,14,13,15,16,6,5,7,22,18,8,23,21,24,17,20],[2,22,18,14,1,13,3,15,4,16,6,5,7,8,10,9,11,12,21,20,19,24,23,17],[14,22,6,5,13,15,7,2,1,3,4,16,8,10,9,11,12,18,24,23,21,20,17],[6,14,5,13,15,7,2,1,3,16,4,8,10,9,11,12,18,22,21,17,20,24,23,19],[14,18,22,10,9,13,11,15,12,16,6,5,7,2,1,3,4,8,19,21,23,24],[22,2,18,6,1,5,7,3,4,8,14,13,15,16,10,9,11,12,21,20,17,23,24],[14,2,1,13,15,3,4,16,18,10,9,11,12,22,6,5,7,8,20,17,21,24,23],[22,14,6,13,5,15,7,10,9,11,16,12,2,1,3,4,18,8,24,23,21,19,17,20],[2,10,1,9,3,11,6,7,23,22,19,16,12,4,21,5,8,15,14,13,24,17,18],[22,10,18,14,9,13,15,11,12,16,6,5,7,2,1,3,4,8,20,19,24,21,23],[6,22,2,1,5,7,3,4,8,14,13,15,16,10,9,11,12,18,24,21,23,20,17,19],[2,18,14,13,1,15,3,16,4,10,9,11,12,22,6,5,7,8,20,17,24,23,21,19],[6,18,14,13,5,7,15,22,10,9,11,12,16,2,1,3,4,8,21,17,20,24,23,19],[2,22,18,6,1,5,7,3,4,8,14,13,15,16,10,9,11,12,21,20,19,23,24],[10,22,6,5,9,11,7,18,2,1,3,16,4,12,14,13,15,8,20,17,21,24,23,19],[6,10,9,5,11,7,1,2,3,22,19,4,12,14,13,15,16,8,18,24,21,23,20,17],[18,22,14,2,1,13,3,15,16,4,10,9,11,12,6,5,7,8,19,24,23,21],[22,2,10,9,1,11,3,6,7,14,13,15,16,12,4,18,5,8,24,23,21,20,19,17],[6,22,2,5,1,7,3,8,18,14,13,15,16,4,10,9,11,12,24,23,21,19],[14,2,13,1,3,15,16,4,22,10,9,11,12,6,5,7,18,8,21,20,17,24,23,19],[22,6,14,13,5,15,7,10,9,11,12,16,2,1,3,4,18,8,24,21,20,19,23,17],[18,2,14,13,1,3,15,4,16,22,10,9,11,12,6,5,7,8,24,23,21,20,19,17],[2,22,6,5,1,3,7,4,8,10,9,11,12,18,14,13,15,16,21,17,23,24,19],[18,14,2,13,1,15,3,16,4,22,10,9,11,12,6,5,7,8,23,21,24,20,19,17],[2,22,6,1,5,3,7,8,14,13,15,16,4,18,10,9,11,12,21,20,17,23,24,19],[10,22,6,9,5,7,11,18,16,2,1,3,12,4,14,13,15,8,23,21,24,17,20,19],[22,10,2,1,9,11,3,19,13,6,5,7,4,12,14,15,16,8,18,21,23,24],[14,6,13,5,15,7,22,1,2,3,16,4,8,10,9,11,12,18,17,24,21,23,19],[2,18,6,1,5,7,3,4,8,14,13,15,16,22,10,9,11,12,24,21,20,17,23,19],[22,18,10,2,1,9,11,3,8,12,4,14,13,15,16,24,23,21,20,17,7,5,19],[18,22,2,6,5,1,3,7,8,14,13,15,4,16,10,9,11,12,23,21,24,20,17,19],[6,18,2,5,1,7,3,4,14,13,15,16,22,8,10,9,11,12,17,21,24,23,19,20],[14,10,13,9,15,11,16,12,22,18,6,5,7,2,1,3,4,8,23,21,24,17,20,19],[10,18,6,5,9,7,11,15,14,13,12,16,2,1,3,4,22,8,19,23,21,24,20,17],[10,2,1,9,11,3,8,19,14,13,15,12,16,4,22,18,23,21,24,5,6,20,7],[6,18,22,2,1,5,7,3,4,8,10,9,11,12,14,13,15,16,21,19,23,24],[22,18,2,14,1,13,3,15,4,16,10,9,11,12,6,5,7,8,24,21,17,23,19],[10,2,9,1,3,11,24,22,6,5,7,18,13,4,12,14,15,16,8,21,19,23,17,20],[6,2,5,1,7,3,4,8,14,13,15,16,22,18,10,9,11,12,23,21,24,19,20],[2,14,1,13,15,3,16,4,18,10,9,11,12,6,5,7,22,8,20,17,21,23,24,19],[18,6,10,9,5,7,11,21,14,13,15,12,16,22,2,1,3,4,8,20,17,19,23,24],[6,14,5,13,15,7,18,10,9,11,12,16,2,1,3,4,22,8,23,21,24,20,17,19],[18,22,2,10,1,9,3,11,12,4,14,13,15,16,6,5,7,8,24,23,21,19],[10,2,9,1,11,3,4,12,6,5,7,22,14,13,15,16,18,8,23,21,24,19],[14,18,10,13,9,15,11,12,16,2,1,3,4,6,5,7,22,8,20,17,21,24,23,19],[18,10,6,5,9,11,7,21,1,2,3,22,12,4,14,13,15,16,8,19,24,23,20,17],[10,18,14,13,9,15,11,16,12,2,1,3,4,6,5,7,22,8,17,24,21,23,20,19],[6,10,5,9,11,7,18,14,13,15,12,16,2,1,3,4,22,8,23,21,24,17,20,19],[2,10,9,1,11,3,4,12,22,14,13,15,16,18,6,5,7,8,23,21,24,17],[22,14,10,9,13,11,15,16,12,2,1,3,4,18,6,5,7,8,19,21,24,23,17],[10,2,1,9,3,11,6,5,7,16,23,22,4,12,18,21,8,14,13,15,24,20,17],[18,22,10,6,9,5,11,7,13,2,1,3,12,4,14,15,16,8,21,19,23,24,20],[2,10,1,9,11,3,4,12,22,6,5,7,14,13,15,16,18,8,24,21,17,23,19],[18,2,10,1,9,3,11,8,16,22,12,4,13,14,15,23,21,24,19,6,5],[22,18,10,2,1,9,11,3,8,15,14,13,12,16,4,21,17,6,23,24,7,5,20,19],[10,6,9,5,7,11,1,2,3,12,4,18,14,13,15,16,22,8,23,21,24,20,19],[2,10,9,1,11,3,22,12,4,14,13,15,16,6,5,7,18,8,21,19,24,23,17],[10,22,6,9,5,11,7,14,13,15,12,16,2,1,3,4,18,8,21,17,19,23,24,20],[2,22,14,13,1,3,15,16,4,6,5,7,10,9,11,12,18,8,21,17,24,23,19],[2,22,6,5,1,3,7,4,10,9,11,12,18,14,13,15,16,8,24,21,19,23],[2,18,6,1,5,3,7,4,14,13,15,16,8,10,9,11,12,22,23,21,24,17,20,19],[22,18,14,6,5,13,7,15,10,9,11,12,16,2,1,3,4,8,24,21,20,17,23,19],[2,10,9,1,3,11,17,12,4,6,5,7,14,13,15,16,22,18,8,21,23,24,19],[18,2,22,10,9,1,11,3,14,13,15,16,12,4,6,5,7,8,24,21,17,23],[18,14,22,6,13,5,15,7,2,1,3,16,4,8,10,9,11,12,21,19,23,24,17],[2,18,10,9,1,11,3,22,6,5,7,4,12,14,13,15,16,8,24,23,21,20,19,17],[10,14,13,9,11,15,16,12,22,2,1,3,4,18,7,5,6,8,17,24,21,23,20,19],[2,6,5,1,7,3,8,14,13,15,4,16,18,22,10,9,11,12,21,17,24,23,20,19],[2,10,1,9,11,3,19,12,4,6,5,7,14,13,15,16,22,8,21,18,20,23,24,17],[10,6,9,5,7,11,4,20,18,14,13,15,12,16,2,1,3,22,8,21,19,17,23,24],[6,10,9,5,11,7,2,1,3,18,4,12,22,14,13,15,16,8,23,21,24,17,20,19],[18,2,6,5,1,3,7,8,22,14,13,15,16,4,10,9,11,12,19,24,21,23,20],[2,6,5,1,7,3,8,10,9,11,12,4,18,22,14,13,15,16,23,21,24,20,19,17],[18,22,10,6,5,9,7,11,16,1,2,3,12,4,8,15,14,13,21,19,23,24,17],[2,10,9,1,3,11,22,18,4,12,14,13,15,16,6,5,7,8,21,20,17,23,24,19],[6,2,5,1,3,7,8,18,14,13,15,4,16,10,9,11,12,22,23,21,24,17,19],[18,22,10,14,9,13,15,11,16,12,2,1,3,4,6,5,7,8,20,17,24,23,21,19],[22,2,18,14,13,1,3,15,16,4,10,9,11,12,6,5,7,8,21,17,23,24,19],[2,18,22,6,1,5,3,7,8,10,9,11,4,12,13,14,15,16,17,23,21,24,20,19],[22,10,2,1,9,11,3,12,4,6,5,7,14,13,15,16,18,8,21,19,24,23,20],[14,10,9,13,15,11,16,12,22,6,5,7,2,1,3,4,18,8,24,21,20,19,23],[18,6,10,9,5,11,7,2,1,3,4,12,22,14,13,15,16,8,23,21,24,19,20,17],[10,2,9,1,11,3,18,14,13,15,12,16,4,6,5,7,22,8,17,23,21,24,19],[10,22,14,13,9,15,11,12,16,2,1,3,4,18,6,5,7,8,21,20,19,23,24],[18,2,10,9,1,3,11,21,8,4,12,22,14,13,15,16,6,20,17,19,24,23,5,7],[22,14,2,13,1,3,15,4,16,10,9,11,12,6,7,18,5,8,20,17,23,21,24,19],[18,10,2,1,9,11,3,5,6,7,16,4,12,22,8,14,13,15,19,24,23,21,17],[2,14,13,1,3,15,16,4,6,5,7,8,10,9,11,12,22,18,24,23,21,19],[22,6,10,5,9,7,11,18,4,13,2,1,3,12,14,15,16,8,19,21,23,24,20],[6,2,1,5,7,3,4,14,13,15,16,22,8,18,10,9,11,12,21,17,24,23,19,20],[18,22,6,14,13,5,7,15,2,1,3,16,4,8,10,9,11,12,17,24,23,21,20,19],[22,10,2,9,1,11,3,18,15,14,13,16,12,4,6,5,7,8,21,20,19,24,23,17],[10,2,1,9,11,3,18,12,4,22,6,5,7,14,13,15,16,8,19,23,21,24],[2,14,13,1,3,15,4,16,18,10,9,11,12,6,5,7,22,8,24,21,17,23,20,19],[6,18,2,1,5,7,3,8,22,14,13,15,4,16,10,9,11,12,24,21,20,17,23,19],[10,6,5,9,7,11,18,2,1,3,14,13,15,12,16,4,22,8,24,21,23,20,17,19],[18,10,22,2,1,9,3,11,16,4,12,6,5,7,8,14,13,15,23,21,24,17,20,19],[14,10,13,9,15,11,16,12,6,5,7,22,2,1,3,4,18,8,24,21,20,17,23],[6,22,14,5,13,7,15,18,10,9,11,16,12,2,1,3,4,8,24,23,21,20,17,19],[14,6,5,13,7,15,2,1,3,16,4,8,18,22,10,9,11,12,17,23,21,24,20,19],[6,2,1,5,7,3,4,22,8,14,13,15,16,10,9,11,12,18,21,20,19,23,24,17],[22,18,2,6,1,7,14,13,3,15,4,16,10,9,11,12,5,8,24,21,23,19,20],[10,2,9,1,11,3,7,4,12,22,14,13,15,16,18,6,5,8,20,17,21,23,24,19],[18,10,22,6,5,9,7,11,3,14,13,15,12,16,8,2,1,4,17,24,21,23,19],[2,10,1,9,11,3,18,21,13,12,4,22,6,5,7,14,15,16,8,19,23,24,17,20],[14,22,18,2,13,1,15,3,16,4,10,9,11,12,6,5,7,8,21,20,17,24,19,23],[10,2,1,9,3,11,18,22,6,7,4,12,14,13,15,16,5,8,21,20,19,24,23,17],[14,10,13,9,15,11,12,16,6,5,7,22,18,2,1,3,4,8,21,19,24,23,17],[10,18,14,9,13,11,15,12,16,2,1,3,4,22,6,5,7,8,21,17,24,23,19],[2,22,6,5,1,3,7,4,8,14,13,15,16,18,10,9,11,12,24,21,23,17,20,19],[2,22,6,5,1,3,7,8,14,13,15,4,16,10,9,11,12,18,17,24,21,23],[18,10,2,9,1,11,3,22,12,4,6,5,7,14,13,15,16,8,20,19,21,23,24],[22,14,10,9,13,11,15,16,12,2,1,3,4,6,5,7,18,8,19,24,21,23,20,17],[14,2,13,1,15,3,4,16,10,9,11,12,18,22,6,5,7,8,20,17,23,21,24,19],[22,10,18,14,13,9,15,11,16,12,6,5,7,2,1,3,4,8,23,21,24,19],[10,6,5,9,11,7,18,24,22,14,13,15,16,12,2,1,3,4,8,21,17,23,20,19],[10,22,14,13,9,11,15,12,16,2,1,3,4,6,7,18,5,8,21,17,23,24,19,20],[10,22,18,2,9,1,3,11,7,12,4,14,13,15,16,6,5,8,20,17,24,21,19,23],[10,6,5,9,11,7,24,22,15,14,13,12,16,18,2,1,3,4,8,23,21,19,17,20],[18,2,14,13,1,15,3,4,16,6,5,7,8,22,10,9,11,12,21,19,24,23,20],[10,22,2,9,1,3,11,6,5,7,17,14,13,15,12,16,4,18,8,21,23,24,19],[22,10,18,6,5,9,11,7,14,13,15,16,12,2,1,3,4,8,24,23,21,19,20,17],[22,10,2,9,1,3,11,16,12,4,6,5,7,18,8,13,21,15,14,17,23,24],[14,6,13,5,15,7,22,2,1,3,4,16,8,10,9,11,12,19,24,21,18,23,17],[6,10,9,5,7,11,22,4,18,2,1,3,12,14,13,15,16,8,20,19,21,23,24],[6,14,13,5,15,7,2,1,3,4,16,8,18,22,10,9,11,12,21,17,24,23,19,20],[14,10,13,9,11,15,12,16,22,18,2,1,3,4,6,5,7,8,24,21,20,17,23,19],[22,10,14,13,9,11,15,16,12,8,18,2,1,3,4,23,21,24,6,19,5,17,20],[6,18,10,5,9,11,7,24,22,2,1,3,14,13,15,16,12,4,21,8,23,17,20,19],[18,14,10,9,13,15,11,12,16,6,5,7,22,2,1,3,4,8,23,21,24,17,20,19],[6,22,18,2,1,5,7,3,8,10,9,11,4,12,14,13,15,16,23,21,19,24],[14,22,10,13,9,15,11,12,16,6,5,7,2,1,3,4,19,8,20,18,21,23,24,17],[2,6,5,1,3,7,4,8,14,13,15,16,10,9,11,12,22,18,17,24,21,23,20],[14,10,13,9,11,15,12,16,6,5,7,2,1,3,4,18,22,8,24,21,20,19,23,17],[10,14,13,9,15,11,16,12,18,2,1,3,4,22,6,5,7,8,21,17,23,24,20,19],[14,10,9,13,15,11,12,16,22,18,6,5,7,2,1,3,4,8,17,23,21,24,20,19],[18,2,22,10,1,9,11,3,12,4,6,5,7,14,13,15,16,8,20,17,23,21,24,19],[14,6,13,5,7,15,10,9,11,12,16,2,1,3,4,18,22,8,24,21,23,19],[6,10,5,9,7,11,15,14,13,16,12,18,2,1,3,4,22,8,23,21,24,17],[10,2,1,9,11,3,14,13,15,12,16,4,22,18,6,5,7,8,19,21,23,24],[14,2,13,1,3,15,4,16,22,6,5,7,8,10,9,11,12,18,23,21,24,19],[22,6,18,2,5,1,3,7,4,8,10,9,11,12,14,13,15,16,21,23,24,20,17,19],[2,18,6,5,1,3,7,8,22,14,13,15,4,16,10,9,11,12,23,21,24,19,20],[22,2,14,1,13,15,3,4,16,18,10,9,11,12,6,5,7,8,23,21,24,19,17,20],[18,14,10,9,13,15,11,12,16,2,1,3,4,6,5,7,22,8,20,19,21,23,24],[18,6,10,9,5,11,7,24,22,14,13,15,12,16,2,1,3,4,8,21,19,23,17,20],[6,2,1,5,7,3,4,8,14,13,15,16,22,10,9,11,12,18,23,21,24,20,19,17],[10,22,14,9,13,15,11,12,16,2,1,3,4,6,5,7,18,8,21,20,17,23,24,19],[18,6,2,1,5,7,3,4,8,14,13,15,16,10,9,11,12,22,17,23,21,24,19],[6,18,10,5,9,7,11,16,21,2,1,3,12,4,22,15,14,13,8,17,20,23,24],[6,10,5,9,11,7,20,18,2,1,3,12,4,22,14,13,15,16,8,17,23,21,24,19],[22,14,10,9,13,15,11,12,16,2,1,3,4,6,5,7,18,8,23,21,24,19,17,20],[22,10,14,13,9,11,15,16,12,6,5,7,2,1,3,4,18,8,23,21,24,17,19],[2,22,14,13,1,3,15,4,16,10,9,11,12,6,5,7,18,8,20,19,23,21,24,17],[10,2,1,9,11,3,22,14,15,13,12,16,4,6,5,7,18,8,20,17,24,21,23],[18,6,22,2,1,5,3,7,8,10,9,11,12,4,14,13,15,16,21,17,20,19,24,23],[18,6,2,5,1,7,3,4,14,13,15,16,8,22,10,9,11,12,17,24,23,21,19,20],[22,18,6,2,1,5,3,7,4,8,14,13,15,16,10,9,11,12,21,19,24,23,20],[2,6,5,1,7,3,4,18,8,22,10,9,11,12,14,13,15,16,23,21,24,19],[10,18,22,2,9,1,3,11,13,5,6,7,12,4,14,15,16,8,21,19,24,23,17],[2,22,18,6,1,5,7,3,8,10,9,11,4,12,14,13,15,16,24,23,21,17],[22,18,10,2,9,1,11,3,14,13,15,12,16,4,6,5,7,8,24,21,23,19],[18,14,22,2,1,13,3,15,16,4,6,5,7,8,10,9,11,12,20,17,24,23,21,19],[22,18,6,10,9,5,7,11,2,1,3,4,12,14,13,15,16,8,24,21,19,23,20,17],[18,6,22,2,1,5,7,3,4,8,10,9,11,12,14,13,15,16,23,21,24,20,19],[2,6,1,5,7,3,4,18,14,13,15,16,8,10,9,11,12,22,17,24,23,21,19,20],[18,10,22,2,9,1,11,3,12,4,6,5,7,14,13,15,16,8,23,21,24,19,20,17],[18,2,10,9,1,11,3,6,5,7,15,14,13,12,16,4,22,8,19,23,21,24,17,20],[14,2,1,13,3,15,16,4,18,22,6,5,7,8,10,9,11,12,23,21,24,19,17],[6,10,5,9,7,11,17,1,2,3,12,4,14,13,15,16,22,18,8,23,21,24,20,19],[18,14,2,13,1,15,3,16,4,6,5,7,10,9,11,12,22,8,21,17,23,24,20,19],[18,6,22,2,1,5,3,7,8,14,13,15,4,16,10,9,11,12,23,21,24,17,19,20],[18,2,22,10,9,1,11,3,13,7,4,12,14,15,16,6,5,8,24,23,21,20,19,17],[10,2,9,1,3,11,7,22,18,14,13,15,16,12,4,6,5,8,23,21,24,17,20,19],[2,18,14,13,1,15,3,16,4,6,5,7,8,10,9,11,12,22,19,24,21,23],[2,6,1,5,3,7,8,10,9,11,22,12,4,18,14,13,15,16,19,23,21,24,20,17],[2,18,6,5,1,3,7,8,10,9,11,22,4,12,14,13,15,16,24,21,19,23],[6,10,5,9,7,11,22,19,3,14,13,15,16,12,8,23,21,24,20,18,4,2,1,17],[22,18,14,6,5,13,7,15,2,1,3,4,16,8,10,9,11,12,19,21,20,23,24,17],[22,2,6,5,1,7,3,8,18,10,9,11,4,12,14,13,15,16,21,17,19,24,23,20],[22,2,14,1,13,15,3,4,16,18,10,9,11,12,6,5,7,8,24,23,21,19,20],[18,10,22,6,9,5,7,11,13,2,1,3,4,12,14,15,16,8,24,21,19,23,17,20],[18,6,14,13,5,15,7,22,10,9,11,16,12,2,1,3,4,8,23,21,24,17,19],[6,10,5,9,11,7,14,13,15,16,12,2,1,3,4,22,18,8,19,23,21,24],[18,6,10,9,5,7,11,2,1,3,23,22,4,12,14,13,15,16,21,8,24,17],[6,10,5,9,11,7,18,13,21,1,2,3,22,12,4,14,15,16,8,19,24,23,17],[22,10,18,2,9,1,3,11,8,12,4,14,13,15,16,21,7,17,6,20,19,23,24],[18,2,10,9,1,11,3,4,12,6,5,7,14,13,15,16,24,22,8,21,23,19,17,20],[2,22,6,5,1,3,7,8,18,14,13,15,16,4,10,9,11,12,20,17,24,23,21,19],[22,2,14,1,13,3,15,4,16,10,9,11,12,6,5,7,20,18,8,17,23,21,24],[14,6,13,5,15,7,22,2,1,3,4,16,8,10,9,11,12,18,21,19,20,23,24],[2,18,10,1,9,11,3,8,4,12,14,13,15,16,22,24,21,17,23,6,19,5,7],[18,6,22,14,5,13,15,7,10,9,11,16,12,2,1,3,4,8,19,23,21,24,20,17],[22,10,2,1,9,11,3,18,14,13,15,16,12,4,6,5,7,8,24,23,21,17,19],[22,18,14,10,9,13,15,11,16,12,2,1,3,4,6,5,7,8,21,17,19,23,24,20],[14,22,2,1,13,3,15,4,16,6,5,7,8,10,9,11,12,18,20,17,23,21,24,19],[6,10,5,9,7,11,22,3,18,16,2,1,4,12,8,14,13,15,20,19,23,21,24,17],[14,6,5,13,15,7,2,1,3,16,4,22,10,9,11,12,18,8,21,19,23,24,17,20],[2,10,1,9,3,11,22,14,13,15,12,16,4,18,6,5,7,8,20,21,19,24,23],[14,10,9,13,11,15,12,16,6,5,7,22,2,1,3,4,18,8,21,17,20,23,24,19],[14,22,2,13,1,15,3,4,16,18,10,9,11,12,6,5,7,8,23,21,24,20,17],[6,10,5,9,7,11,13,21,4,22,20,18,16,2,1,3,12,17,8,15,14,24,23,19],[6,2,5,1,3,7,8,22,18,14,13,15,4,16,10,9,11,12,20,19,23,21,24,17],[10,22,14,9,13,11,15,16,12,18,2,1,3,4,6,5,7,8,24,21,23,17,20,19],[6,22,18,10,5,9,11,7,15,14,13,16,12,2,1,3,4,8,21,17,20,19,23,24],[22,14,10,13,9,11,15,12,16,18,6,5,7,2,1,3,4,8,23,21,24,19,17],[14,2,1,13,15,3,16,4,22,18,10,9,11,12,6,5,7,8,20,17,21,24,23,19],[22,2,6,5,1,7,3,4,8,18,14,13,15,16,10,9,11,12,21,17,24,23,20],[2,18,6,5,1,3,7,4,8,14,13,15,16,22,10,9,11,12,20,19,23,21,24],[22,18,6,14,5,13,15,7,10,9,11,16,12,2,1,3,4,8,19,20,24,21,23],[22,18,14,6,13,5,7,15,10,9,11,12,16,2,1,3,4,8,19,23,21,24],[18,2,14,1,13,15,3,16,4,6,5,7,22,8,10,9,11,12,20,17,21,23,24],[6,2,1,5,3,7,8,14,13,15,4,16,10,9,11,12,22,18,17,24,23,21,20,19],[2,6,5,1,3,7,8,22,10,9,11,4,12,18,14,13,15,16,24,23,21,17],[14,22,2,1,13,3,15,4,16,6,5,7,8,10,9,11,12,18,21,20,19,24,17,23],[14,2,13,1,3,15,4,16,6,5,7,22,18,8,10,9,11,12,23,21,24,19,20,17],[18,22,6,2,1,5,7,3,8,10,9,11,14,13,15,12,16,4,23,21,24,20,19,17],[18,10,22,14,9,13,15,11,12,16,6,5,7,2,1,3,4,8,23,21,24,20,19],[14,18,2,13,1,3,15,4,16,22,10,9,11,12,6,5,7,8,23,21,24,20,17,19],[22,14,18,6,5,13,15,7,10,9,11,16,12,2,1,3,4,8,19,23,21,24,20],[2,14,1,13,15,3,4,16,10,9,11,12,6,5,7,18,22,8,23,21,24,19,17,20],[6,22,2,1,5,3,7,8,10,9,11,4,12,18,14,13,15,16,19,21,23,24,20,17],[22,6,10,5,9,11,7,16,4,20,18,2,1,3,12,8,14,13,15,17,21,23,24,19],[6,18,10,5,9,7,11,23,22,14,13,15,16,12,2,1,3,4,21,8,24,20,17,19],[22,2,6,1,7,14,13,15,3,16,4,10,9,11,12,18,5,8,19,23,21,24,17,20],[2,14,1,13,15,3,4,16,6,5,7,22,8,10,9,11,12,18,21,17,20,23,24,19],[6,10,5,9,11,7,21,14,13,15,16,12,22,2,1,3,4,18,8,19,23,24,20,17],[2,18,10,9,1,3,11,24,22,4,12,14,13,15,16,6,5,7,8,21,20,17,23,19],[10,2,9,1,11,3,15,14,13,12,16,4,18,6,5,7,22,8,20,17,23,21,24,19],[6,2,5,1,7,3,4,10,9,11,12,14,13,15,16,22,18,8,23,21,24,19],[6,10,9,5,11,7,13,19,24,23,22,2,1,3,21,12,4,14,15,16,8,20,18],[18,10,6,5,9,7,11,23,22,13,2,1,3,12,4,14,15,16,21,8,24,17,19,20],[22,6,18,2,1,5,7,3,8,10,9,11,14,13,15,12,16,4,19,23,21,24],[2,6,5,1,3,7,4,14,13,15,16,18,22,8,10,9,11,12,19,24,21,23,17],[22,6,18,10,5,9,11,7,13,4,1,2,3,12,14,15,16,8,23,21,24,19,20,17],[14,10,13,9,15,11,12,16,22,2,1,3,4,18,6,5,7,8,23,21,24,20,17,19],[2,10,9,1,11,3,8,4,12,18,14,13,15,16,22,19,24,23,21,7,17,6,20],[2,18,6,1,5,7,3,8,14,13,15,16,4,22,10,9,11,12,20,17,21,23,24,19],[18,22,2,10,1,9,11,3,12,4,6,5,7,14,13,15,16,8,21,20,17,23,24,19],[18,6,2,1,5,3,7,4,8,14,13,15,16,22,10,9,11,12,23,21,24,19,17,20],[10,2,9,1,11,3,4,12,6,5,7,18,14,13,15,16,22,8,17,21,19,24,23,20],[14,10,13,9,15,11,12,16,6,5,7,22,2,1,3,4,18,8,23,21,24,17,19,20],[18,2,10,1,9,3,11,13,5,6,7,4,12,22,14,15,16,8,20,21,19,24,23,17],[22,6,2,1,5,7,3,8,10,9,11,18,16,4,12,14,13,15,21,19,23,24],[10,14,9,13,15,11,16,12,2,1,3,4,6,5,7,18,22,8,24,23,21,19,20,17],[18,6,14,13,5,7,15,10,9,11,16,12,2,1,3,4,22,8,20,17,21,23,24],[18,2,14,1,13,3,15,4,16,10,9,11,12,22,6,5,7,8,23,21,24,19,20],[14,6,13,5,15,7,18,2,1,3,4,16,8,22,10,9,11,12,23,21,24,20,17,19],[6,14,5,13,7,15,18,2,1,3,16,4,10,9,11,12,22,8,23,21,24,17,20,19],[10,14,13,9,11,15,12,16,22,2,1,3,4,18,6,5,7,8,19,23,21,24],[10,22,14,9,13,15,11,12,16,18,6,5,7,2,1,3,4,8,24,23,21,19,17],[14,6,13,5,7,15,18,2,1,3,16,4,8,22,10,9,11,12,19,21,24,23,17,20],[6,10,9,5,7,11,18,2,1,3,16,12,4,22,8,14,13,15,24,23,21,20,17,19],[6,2,1,5,3,7,4,18,8,10,9,11,12,14,13,15,16,22,21,24,23,19,17],[14,22,6,5,13,7,15,2,1,3,16,4,18,10,9,11,12,8,23,21,24,20,17,19],[14,6,13,5,7,15,18,22,2,1,3,16,4,8,10,9,11,12,23,21,24,19],[22,2,10,1,9,3,11,12,4,14,13,15,16,6,5,7,18,8,20,19,21,17,24,23],[10,2,9,1,3,11,19,14,13,15,12,16,4,22,6,5,7,8,24,21,20,18,23],[18,10,14,9,13,15,11,16,12,2,1,3,4,6,5,7,22,8,20,19,24,21,23,17],[18,2,6,5,1,7,3,8,22,10,9,11,14,13,15,12,16,4,17,23,21,24,19],[10,2,9,1,3,11,14,15,13,16,12,4,6,5,7,18,22,8,17,21,20,24,23,19],[22,6,14,13,5,7,15,2,1,3,4,16,8,10,9,11,12,18,24,23,21,17,19,20],[10,6,9,5,11,7,4,20,18,16,23,22,2,1,3,12,21,8,13,17,24,14,15],[10,18,2,9,1,11,3,6,5,7,13,12,4,22,14,15,16,8,23,21,24,19,17,20],[22,2,14,1,13,15,3,16,4,6,5,7,8,10,9,11,12,18,21,17,24,23,20,19],[6,10,5,9,11,7,18,22,14,13,15,12,16,2,1,3,4,8,21,24,20,17,23,19],[22,6,2,1,5,3,7,4,8,14,13,15,16,10,9,11,12,18,17,24,23,21,19,20],[10,22,6,9,5,7,11,4,16,18,2,1,3,12,14,13,15,8,23,21,24,19,20,17],[18,10,14,13,9,11,15,16,12,6,5,7,2,1,3,4,22,8,23,21,24,20,19],[10,2,9,1,3,11,4,12,14,13,15,16,22,18,6,5,7,8,24,21,19,23,17],[2,6,5,1,7,3,4,18,10,9,11,12,22,14,13,15,16,8,24,21,20,17,23],[6,2,5,1,7,3,8,22,18,10,9,11,14,13,15,12,16,4,23,21,24,17,20,19],[18,2,10,1,9,11,3,22,4,12,6,5,7,14,13,15,16,8,24,23,21,20,19],[10,22,6,5,9,11,7,18,2,1,3,4,12,14,13,15,16,8,23,21,24,19,20],[18,2,22,10,9,1,3,11,14,13,15,16,12,4,6,5,7,8,24,21,19,23,17],[6,18,14,5,13,15,7,10,9,11,16,12,22,2,1,3,4,8,23,21,24,17,19,20],[18,6,14,5,13,15,7,22,10,9,11,16,12,2,1,3,4,8,24,23,21,17,19],[22,10,18,2,1,9,3,11,6,5,7,4,12,14,13,15,16,8,17,21,23,24,19],[10,22,6,9,5,7,11,20,18,1,2,3,12,4,14,13,15,16,8,17,24,21,23,19],[22,14,18,2,13,1,3,15,16,4,6,5,7,10,9,11,12,8,24,21,17,23],[22,10,18,6,9,5,7,11,2,1,3,4,12,14,13,15,16,8,24,21,17,23,20,19],[22,18,14,6,5,13,15,7,10,9,11,16,12,2,1,3,4,8,24,23,21,20,19,17],[14,18,10,9,13,15,11,16,12,2,1,3,4,22,6,5,7,8,24,21,20,19,23],[2,18,22,14,13,1,15,3,4,16,6,5,7,8,10,9,11,12,24,21,20,17,23,19],[10,6,5,9,7,11,2,1,3,14,13,15,12,16,4,22,18,8,21,17,20,23,24,19],[2,22,10,1,9,11,3,14,13,15,16,12,4,18,6,5,7,8,20,19,23,21,24],[22,6,18,10,5,9,7,11,3,14,13,15,12,16,8,24,23,21,20,19,1,2,4,17],[22,18,14,6,5,13,15,7,2,1,3,16,4,8,10,9,11,12,17,23,21,24,20],[22,2,6,1,5,7,3,4,8,10,9,11,12,14,13,15,16,18,24,21,20,17,23],[2,10,9,1,11,3,12,4,6,5,7,14,13,15,16,18,22,8,23,21,20,17,24,19],[18,2,22,14,1,13,15,3,4,16,10,9,11,12,6,5,7,8,20,17,24,21,19,23],[6,10,9,5,7,11,18,3,21,22,14,13,15,16,12,8,19,1,2,4,23,24,20],[2,14,13,1,15,3,16,4,18,22,6,5,7,8,10,9,11,12,20,19,24,21,23,17],[22,10,14,9,13,15,11,12,16,2,1,3,4,18,6,5,7,8,21,20,19,24,23],[2,22,18,10,1,9,3,11,4,12,6,5,7,14,13,15,16,8,20,17,24,21,23,19],[2,6,1,5,3,7,4,10,9,11,12,18,22,14,13,15,16,8,20,17,24,21,23,19],[14,10,9,13,15,11,12,16,22,18,2,1,3,4,6,5,7,8,23,21,24,20,17,19],[10,2,9,1,11,3,8,14,13,15,12,16,4,18,22,21,5,17,6,24,23,7,20,19],[18,10,22,2,1,9,3,11,4,12,6,5,7,14,13,15,16,8,23,21,24,20,17,19],[2,6,1,5,3,7,8,22,14,13,15,16,4,18,10,9,11,12,21,20,17,19,24,23],[18,22,2,10,1,9,11,3,8,12,4,14,13,15,16,24,21,20,19,23,5,6,7,17],[2,14,1,13,3,15,4,16,18,6,5,7,8,22,10,9,11,12,21,19,24,23,17,20],[2,14,13,1,3,15,16,4,22,18,6,5,7,10,9,11,12,8,21,19,24,23,20,17],[14,22,18,10,9,13,11,15,12,16,6,5,7,2,1,3,4,8,20,17,23,21,24,19],[2,6,5,1,3,7,4,8,14,13,15,16,10,9,11,12,22,18,20,19,24,21,23,17],[22,6,2,1,5,7,3,8,14,13,15,4,16,18,10,9,11,12,24,21,17,23,20,19],[18,6,10,9,5,11,7,14,13,15,12,16,22,2,1,3,4,8,21,20,17,23,24,19],[6,22,14,13,5,7,15,18,2,1,3,4,16,8,10,9,11,12,21,23,24,17,20,19],[6,22,14,5,13,7,15,2,1,3,16,4,8,10,9,11,12,18,23,21,24,17,20,19],[2,22,6,5,1,7,3,4,8,14,13,15,16,18,10,9,11,12,24,23,21,19,17],[18,6,14,13,5,15,7,10,9,11,12,16,22,2,1,3,4,8,21,23,24,20,17,19],[10,22,14,13,9,11,15,16,12,2,1,3,4,6,5,7,18,8,24,21,20,17,23,19],[18,14,6,13,5,15,7,2,1,3,4,16,22,8,10,9,11,12,21,17,24,23,19],[2,14,13,1,3,15,16,4,10,9,11,12,18,22,6,5,7,8,23,21,24,19,17],[14,22,18,2,13,1,3,15,16,4,6,5,7,10,9,11,12,8,24,23,21,20,17,19],[2,14,1,13,3,15,4,16,10,9,11,12,18,6,5,7,22,8,19,24,21,23,17,20],[14,22,18,6,13,5,15,7,2,1,3,16,4,10,9,11,12,8,23,21,24,19],[6,14,5,13,15,7,10,9,11,16,12,18,22,2,1,3,4,8,21,17,23,24,20,19],[2,18,6,1,5,3,7,8,10,9,11,4,12,14,13,15,16,22,23,21,24,17,20,19],[6,22,18,2,5,1,3,7,4,10,9,11,12,14,13,15,16,8,23,21,24,20,19,17],[2,10,9,1,3,11,6,5,7,4,12,22,18,14,13,15,16,8,23,21,24,19],[22,6,14,13,5,15,7,10,9,11,12,16,18,2,1,3,4,8,24,23,21,20,17,19],[2,6,1,5,3,7,4,8,22,14,13,15,16,18,10,9,11,12,24,23,21,19,17],[14,18,2,1,13,15,3,4,16,6,5,7,8,10,9,11,12,22,24,21,20,17,23,19],[2,22,6,1,5,3,7,4,18,14,13,15,16,8,10,9,11,12,19,23,21,24,20],[14,6,13,5,7,15,10,9,11,16,12,18,22,2,1,3,4,8,19,23,21,24,17],[10,18,2,9,1,3,11,13,4,12,6,5,7,22,14,15,16,8,21,20,17,23,24,19],[22,18,2,6,1,5,3,7,8,14,13,15,16,4,10,9,11,12,21,20,17,23,24,19],[10,22,6,5,9,11,7,18,16,2,1,3,12,4,8,14,13,15,17,24,23,21],[6,10,9,5,7,11,13,24,22,2,1,3,20,18,12,4,14,15,16,8,23,21,17,19],[6,14,5,13,15,7,22,10,9,11,16,12,18,2,1,3,4,8,20,19,23,21,24,17],[6,10,5,9,7,11,19,22,13,2,1,3,12,4,14,15,16,8,21,17,23,24,18,20],[22,18,2,10,1,9,11,3,6,8,14,13,15,16,12,4,19,23,21,24,17,7,5],[6,22,14,13,5,15,7,10,9,11,16,12,18,2,1,3,4,8,24,21,17,23,19],[18,22,2,14,1,13,3,15,4,16,10,9,11,12,6,5,7,8,21,17,24,23,19,20],[2,14,13,1,3,15,16,4,18,22,10,9,11,12,6,5,7,8,21,19,23,24],[22,2,18,6,1,5,7,3,8,10,9,11,14,13,15,16,12,4,21,20,17,24,23,19],[22,18,14,6,13,5,15,7,2,1,3,4,16,8,10,9,11,12,24,21,17,23,20],[18,6,22,2,5,1,3,7,8,14,13,15,4,16,10,9,11,12,21,19,23,24],[22,10,18,14,13,9,15,11,16,12,2,1,3,4,6,5,7,8,23,21,24,19,20],[18,22,2,10,9,1,11,3,4,12,14,13,15,16,6,5,7,8,19,21],[22,6,14,5,13,15,7,18,10,9,11,16,12,2,1,3,4,8,17,21,23,24,20,19],[10,6,5,9,7,11,14,13,15,12,16,22,18,2,1,3,4,8,24,21,20,17,23,19],[10,14,9,13,11,15,12,16,6,5,7,2,1,3,4,18,22,8,24,21,20,17,23,19],[6,10,9,5,11,7,4,2,1,3,12,14,13,15,16,19,22,8,24,23,21,20,18],[2,6,1,5,3,7,4,8,10,9,11,12,22,14,13,15,16,18,23,21,24,19,20,17],[6,2,5,1,3,7,4,10,9,11,12,18,22,14,13,15,16,8,24,21,20,17,23,19],[18,22,14,10,9,13,11,15,16,12,6,5,7,2,1,3,4,8,21,20,19,24,23],[22,6,10,9,5,7,11,18,4,14,13,15,16,12,2,1,3,8,19,23,21,24],[22,6,18,14,13,5,15,7,10,9,11,16,12,2,1,3,4,8,19,21,23,24,20],[2,18,14,13,1,15,3,16,4,6,5,7,8,10,9,11,12,22,23,21,24,20,19],[22,2,10,1,9,3,11,6,5,7,12,4,18,14,13,15,16,8,19,23,21,24],[2,18,14,1,13,3,15,16,4,6,5,7,8,22,10,9,11,12,21,23,24,19,17],[10,6,5,9,11,7,15,14,13,16,12,2,1,3,4,22,18,8,19,23,21,24,20,17],[6,14,5,13,15,7,22,2,1,3,16,4,8,10,9,11,12,18,23,21,24,17,20,19],[22,10,6,9,5,7,11,2,1,3,18,4,12,14,13,15,16,8,21,17,19,23,24,20],[2,6,5,1,3,7,8,10,9,11,16,22,12,4,17,18,15,14,13,23,21,24,19],[22,2,10,9,1,3,11,17,5,6,7,14,13,15,12,16,4,18,8,24,23,21],[2,14,13,1,3,15,4,16,22,18,6,5,7,8,10,9,11,12,17,21,24,23,20,19],[6,18,10,9,5,7,11,22,3,14,13,15,16,12,8,2,1,4,23,21,24,17,19,20],[14,22,10,13,9,11,15,16,12,18,6,5,7,2,1,3,4,8,23,21,24,17,20,19],[6,22,18,10,9,5,11,7,16,2,1,3,12,4,8,15,14,13,24,21,17,23,20,19],[6,18,10,5,9,7,11,2,1,3,4,12,22,14,13,15,16,8,17,24,23,21,20,19],[2,10,9,1,11,3,8,4,12,14,13,15,16,18,22,21,5,19,6,24,23],[14,10,9,13,11,15,16,12,22,18,6,5,7,2,1,3,4,8,23,21,24,17],[14,18,2,1,13,3,15,4,16,22,6,5,7,10,9,11,12,8,17,23,21,24,20,19],[10,6,9,5,7,11,20,18,16,4,24,22,2,1,3,12,13,8,21,14,15,19,23],[10,14,9,13,11,15,16,12,2,1,3,4,6,5,7,18,22,8,24,21,17,23,20,19],[14,10,9,13,11,15,12,16,6,5,7,2,1,3,4,22,18,8,17,23,21,24,19],[6,10,5,9,7,11,22,2,1,3,20,18,4,12,14,13,15,16,8,19,21,24,23,17],[6,18,2,5,1,3,7,8,22,14,13,15,16,4,10,9,11,12,24,21,17,23,19],[6,22,18,14,5,13,15,7,10,9,11,16,12,2,1,3,4,8,20,17,21,24,23,19],[10,2,9,1,11,3,22,18,12,4,14,13,15,16,6,5,7,8,24,21,20,17,23,19],[10,6,5,9,7,11,14,13,15,12,16,2,1,3,4,22,18,8,23,21,24,19,20],[6,10,9,5,7,11,16,18,1,2,3,4,12,22,8,13,24,23,21,14,15,19],[6,18,22,2,1,5,7,3,8,14,13,15,16,4,10,9,11,12,21,17,23,24,19],[14,10,13,9,11,15,12,16,18,6,5,7,2,1,3,4,22,8,19,24,23,21,17],[10,2,1,9,11,3,12,4,22,14,13,15,16,6,5,7,18,8,24,23,21,17,20,19],[6,2,1,7,18,22,10,9,3,11,4,12,14,13,15,16,5,8,20,19,23,21,24],[2,14,13,1,3,15,4,16,22,10,9,11,12,6,5,7,18,8,21,20,19,23,24,17],[6,2,5,1,7,3,4,14,13,15,16,22,8,18,10,9,11,12,20,17,24,21,23,19],[2,18,10,9,1,3,11,4,12,6,5,7,14,13,15,16,22,8,24,23,21,20,19],[2,22,18,14,1,13,3,15,16,4,10,9,11,12,6,5,7,8,24,21,23,19],[10,22,18,2,1,9,11,3,6,7,12,4,14,13,15,16,5,8,21,17,24,23,19,20],[6,22,2,5,1,7,3,4,8,14,13,15,16,10,9,11,12,18,20,17,24,23,21,19],[10,6,5,9,11,7,18,22,14,13,15,16,12,2,1,3,4,8,20,19,24,21,23],[18,14,2,1,13,3,15,4,16,10,9,11,12,6,5,7,22,8,19,23,21,24,20,17],[14,22,18,10,13,9,11,15,16,12,2,1,3,4,6,5,7,8,19,24,23,21],[22,6,14,5,13,7,15,18,2,1,3,16,4,8,10,9,11,12,19,24,23,21,20],[2,14,13,1,3,15,16,4,6,5,7,8,10,9,11,12,18,22,24,21,23,19,20],[10,18,14,13,9,15,11,16,12,22,2,1,3,4,6,5,7,8,21,20,17,24,23,19],[2,6,1,5,7,3,8,14,13,15,4,16,18,22,10,9,11,12,23,21,24,19,17,20],[2,10,1,9,3,11,12,4,14,13,15,16,18,6,5,7,22,8,17,23,21,24,20],[6,18,10,9,5,11,7,13,1,2,3,4,12,22,14,15,16,8,23,21,24,19],[6,10,9,5,7,11,24,22,18,14,13,15,12,16,2,1,3,4,8,23,21,20,19],[10,22,14,9,13,11,15,12,16,18,2,1,3,4,6,5,7,8,20,21,17,24,23],[10,2,1,9,3,11,19,12,4,14,13,15,16,22,6,5,7,8,24,21,23,17,18],[2,10,9,1,3,11,6,7,14,13,15,12,16,4,22,18,5,8,20,17,24,21,23,19],[2,22,6,1,5,7,3,4,10,9,11,12,18,14,13,15,16,8,21,17,24,23,20],[6,22,10,9,5,7,11,18,15,14,13,16,12,2,1,3,4,8,20,24,23,21,19,17],[2,18,10,9,1,3,11,12,4,22,6,5,7,14,13,15,16,8,19,24,21,23,20],[18,10,22,14,9,13,11,15,12,16,2,1,3,4,6,5,7,8,23,21,24,19,20],[10,18,2,9,1,11,3,14,13,15,16,12,4,22,6,5,7,8,21,20,17,23,24],[22,6,14,5,13,15,7,2,1,3,4,16,10,9,11,12,18,8,23,21,24,17,19],[10,6,9,5,7,11,23,22,2,1,3,17,14,13,15,12,16,4,21,18,8,24],[18,22,6,10,9,5,11,7,14,13,15,12,16,2,1,3,4,8,20,19,24,21,23,17],[6,18,10,5,9,11,7,2,1,3,24,22,12,4,14,13,15,16,8,23,21,20,19],[18,22,6,10,9,5,7,11,2,1,3,14,13,15,12,16,4,8,24,23,21,20,17,19],[22,18,14,6,5,13,15,7,2,1,3,16,4,8,10,9,11,12,21,20,19,23,24],[6,2,1,5,7,3,8,10,9,11,23,22,4,12,18,14,13,15,16,21,24,20,17],[2,22,10,9,1,11,3,14,13,15,12,16,4,6,5,7,18,8,20,17,21,24,23,19],[22,14,2,13,1,3,15,16,4,10,9,11,12,6,5,7,18,8,21,17,23,24,20,19],[22,14,10,9,13,15,11,12,16,2,1,3,4,6,5,7,18,8,24,21,17,23,20,19],[22,2,18,6,1,5,7,3,8,10,9,11,4,12,14,13,15,16,21,17,24,20,23,19],[18,22,14,10,9,13,11,15,16,12,6,5,7,2,1,3,4,8,21,17,23,24,20,19],[2,10,9,1,11,3,4,12,18,14,13,15,16,22,6,5,7,8,21,20,19,23,24,17],[18,10,6,9,5,7,11,1,2,3,12,4,22,14,13,15,16,8,21,19,23,24,17,20],[22,6,10,9,5,7,11,18,2,1,3,4,12,14,13,15,16,8,21,17,24,23,19],[6,10,9,5,7,11,18,4,2,1,3,12,22,14,13,15,16,8,20,19,24,21,23,17],[2,22,18,6,1,5,3,7,8,10,9,11,12,4,14,13,15,16,17,23,21,24,20,19],[14,10,13,9,15,11,12,16,18,22,2,1,3,4,6,5,7,8,17,24,21,23],[2,22,6,1,5,3,7,8,10,9,11,13,18,4,12,14,15,16,17,23,21,24,20,19],[6,22,10,9,5,7,11,18,14,13,15,12,16,1,2,3,4,8,23,21,24,19],[2,18,6,1,7,10,9,3,11,23,22,15,14,13,16,12,4,21,5,8,24,20,17,19],[22,18,14,2,13,1,3,15,4,16,10,9,11,12,6,7,5,8,23,21,24,20,17,19],[22,6,14,13,5,7,15,2,1,3,4,16,8,10,9,11,12,18,20,17,24,21,23,19],[2,18,10,9,1,3,11,6,5,7,4,12,22,14,13,15,16,8,24,21,17,23],[6,14,13,5,7,15,18,22,10,9,11,16,12,2,1,3,4,8,21,23,24,19],[10,18,22,14,9,13,15,11,16,12,6,5,7,2,1,3,4,8,21,17,23,24,19,20],[2,6,5,1,7,3,4,8,10,9,11,12,18,14,13,15,16,23,22,21,24,19],[10,18,6,9,5,7,11,23,22,4,15,14,13,16,12,2,1,3,21,8,24,19],[10,18,6,9,5,11,7,14,13,15,12,16,22,2,1,3,4,8,21,20,17,24,23,19],[2,10,1,9,11,3,22,18,6,5,7,4,12,14,13,15,16,8,24,21,17,23,19],[10,18,14,9,13,11,15,12,16,6,5,7,22,2,1,3,4,8,21,20,17,19,23,24],[10,18,2,9,1,3,11,15,14,13,12,16,4,22,6,5,7,8,24,21,20,19,23,17],[22,10,18,2,9,1,3,11,6,5,7,14,13,15,12,16,4,8,21,19,23,24,17,20],[2,18,6,5,1,3,7,4,8,10,9,11,12,22,14,13,15,16,20,23,21,24,17,19],[22,6,2,5,1,7,3,4,8,10,9,11,12,14,13,15,16,18,17,21,24,23,19,20],[6,10,5,9,11,7,18,3,21,15,14,13,12,16,22,8,2,1,4,19,24,23,17,20],[18,6,14,13,5,15,7,2,1,3,4,16,8,22,10,9,11,12,21,19,24,23],[18,6,2,1,5,7,3,8,22,10,9,11,14,13,15,12,16,4,24,23,21,19],[10,2,9,1,11,3,21,4,12,22,18,14,13,15,16,6,5,7,8,19,23,24],[10,6,5,9,7,11,14,13,15,16,12,22,2,1,3,4,18,8,21,20,17,24,23,19],[6,18,2,1,5,7,3,4,8,14,13,15,16,22,10,9,11,12,17,21,24,20,19,23],[6,22,18,2,1,5,3,7,4,8,10,9,11,12,14,13,15,16,19,21,23,24,20,17],[6,10,9,5,11,7,17,22,14,13,15,12,16,2,1,3,4,18,8,21,24,23,20,19],[2,6,5,1,3,7,4,8,18,14,13,15,16,22,10,9,11,12,20,17,24,21,23,19],[22,14,2,1,13,15,3,4,16,10,9,11,12,18,6,5,7,8,17,23,21,24,20,19],[18,10,2,9,1,3,11,16,22,12,4,6,5,7,14,13,15,8,24,21,20,17,23,19],[6,10,5,9,11,7,2,1,3,4,12,22,14,13,15,16,18,8,17,21,19,20,23,24],[22,14,2,13,1,15,3,4,16,6,5,7,8,18,10,9,11,12,19,21,23,24,20],[2,18,10,9,1,11,3,22,6,5,7,15,14,13,12,16,4,8,17,23,21,24,20,19],[22,2,18,10,1,9,3,11,6,5,7,16,4,12,8,14,13,15,21,19,23,24],[18,6,22,10,9,5,7,11,2,1,3,4,12,14,13,15,16,8,23,21,24,17,20,19],[6,14,13,5,15,7,18,22,10,9,11,12,16,2,1,3,4,8,24,23,21,19,20,17],[18,2,14,1,13,15,3,4,16,10,9,11,12,22,6,5,7,8,24,21,23,19,20],[10,18,22,14,9,13,11,15,12,16,2,1,3,4,6,5,7,8,21,20,17,23,24,19],[6,22,10,9,5,7,11,14,13,15,16,12,2,1,3,4,18,8,23,21,24,17,20,19],[22,14,10,9,13,11,15,16,12,18,6,5,7,2,1,3,4,8,24,21,20,17,23,19],[18,6,2,1,5,7,3,8,22,10,9,11,16,4,12,15,14,13,20,17,23,21,24],[14,22,2,13,1,15,3,4,16,6,5,7,8,18,10,9,11,12,21,17,23,24,19,20],[2,14,13,1,3,15,16,4,10,9,11,12,18,6,5,7,22,8,23,21,24,20,17,19],[2,22,10,1,9,11,3,18,12,4,6,5,7,14,13,15,16,8,24,21,17,23,19,20],[14,2,1,13,15,3,4,16,10,9,11,12,22,6,5,7,18,8,21,19,20,23,24,17],[22,10,2,1,9,3,11,19,16,12,4,6,5,7,8,14,13,15,24,21,23,18,17,20],[10,2,1,9,3,11,14,13,15,12,16,4,6,5,7,22,18,8,24,23,21,20,17,19],[10,22,6,5,9,7,11,18,3,13,14,15,12,16,8,1,20,19,2,4,21,23,24],[6,22,18,14,13,5,7,15,10,9,11,12,16,2,1,3,4,8,23,21,24,20,17,19],[2,22,6,1,5,3,7,4,8,18,10,9,11,12,14,13,15,16,21,20,19,17,24,23],[18,22,2,6,1,5,7,3,4,10,9,11,12,14,13,15,16,8,24,21,20,19,23],[18,14,2,13,1,3,15,4,16,6,5,7,8,10,9,11,12,22,21,20,19,23,24],[6,22,18,2,5,1,3,7,8,14,13,15,16,4,10,9,11,12,21,24,17,23],[22,2,18,14,1,13,15,3,4,16,10,9,11,12,6,5,7,8,23,21,24,17,19],[2,22,10,1,9,11,3,18,6,5,7,15,14,13,16,12,4,8,19,24,21,23],[18,22,14,10,9,13,11,15,16,12,6,5,7,2,1,3,4,8,17,21,24,19,23,20],[18,22,2,6,5,1,3,7,4,14,13,15,16,8,10,9,11,12,19,24,21,23],[18,22,10,2,9,1,3,11,4,12,14,13,15,16,6,5,7,8,23,21,24,19,20,17],[6,10,9,5,11,7,2,1,3,20,18,13,24,22,4,12,14,15,16,8,21,17,23,19],[6,2,1,5,7,3,8,10,9,11,18,12,4,14,13,15,16,22,24,21,23,19,17],[6,18,22,2,1,5,3,7,4,8,10,9,11,12,14,13,15,16,17,24,21,23],[14,22,2,13,1,3,15,16,4,18,6,5,7,8,10,9,11,12,17,24,21,23],[14,10,9,13,15,11,12,16,6,5,7,22,18,2,1,3,4,8,23,21,24,20,17,19],[22,14,2,13,1,3,15,4,16,10,9,11,12,6,5,7,18,8,23,21,24,17,20,19],[6,18,2,1,5,7,3,8,22,10,9,11,12,4,14,13,15,16,23,21,24,20,17,19],[18,6,2,5,1,7,3,8,10,9,11,22,12,4,14,13,15,16,23,21,24,17,19],[2,14,13,1,15,3,16,4,10,9,11,12,22,6,7,18,5,8,19,23,21,24,17,20],[18,14,6,13,5,7,15,10,9,11,16,12,2,1,3,4,22,8,24,21,23,19,17,20],[18,10,2,1,9,11,3,21,4,12,22,14,13,15,16,6,5,7,8,19,24,23],[2,14,1,13,3,15,16,4,18,10,9,11,12,22,6,5,7,8,17,24,21,23,19],[22,2,6,1,5,3,7,4,8,10,9,11,12,14,13,15,16,18,23,21,24,17],[22,10,14,9,13,15,11,12,16,6,5,7,18,2,1,3,4,8,17,24,21,23,19,20],[2,14,1,13,3,15,16,4,6,5,7,8,10,9,11,12,22,18,23,21,24,19,17,20],[14,2,13,1,3,15,16,4,22,6,5,7,18,8,10,9,11,12,24,21,20,17,23,19],[10,14,9,13,15,11,16,12,2,1,3,4,18,22,6,5,7,8,19,21,24,23,20,17],[22,2,6,5,1,7,3,4,10,9,11,12,14,13,15,16,18,8,24,21,23,20,17],[22,18,14,6,5,13,15,7,2,1,3,4,16,8,10,9,11,12,21,19,24,23,17,20],[10,18,14,13,9,11,15,12,16,6,5,7,22,2,1,3,4,8,23,21,24,20,17,19],[6,18,22,2,1,5,3,7,4,8,10,9,11,12,14,13,15,16,20,17,24,23,21],[18,10,22,2,9,1,3,11,13,6,5,7,12,4,14,15,16,8,21,17,20,24,23,19],[6,18,10,5,9,11,7,22,16,2,1,3,4,12,8,15,14,13,23,21,24,20,19,17],[2,14,1,13,3,15,16,4,6,5,7,8,10,9,11,12,22,18,17,24,23,21,20,19],[22,2,18,6,5,1,7,3,8,10,9,11,15,14,13,16,12,4,23,21,24,17,19],[14,18,10,9,13,15,11,12,16,2,1,3,4,6,5,7,22,8,17,23,21,24,19,20],[2,6,5,1,3,7,8,14,13,15,4,16,18,10,9,11,12,22,24,21,17,23],[14,6,13,5,15,7,10,9,11,16,12,18,22,2,1,3,4,8,20,17,23,21,24,19],[14,2,1,13,15,3,4,16,10,9,11,12,6,5,7,22,17,18,8,24,21,23,20,19],[2,14,1,13,15,3,4,16,10,9,11,12,6,5,7,18,22,8,17,21,19,23,24,20],[18,10,2,9,1,3,11,24,22,6,8,4,12,14,13,15,16,23,21,20,17,5,7,19],[2,18,6,5,1,7,3,4,8,10,9,11,12,14,13,15,16,22,23,21,24,17,19,20],[18,22,2,10,1,9,11,3,12,4,6,7,14,13,15,16,5,8,21,17,24,23,19,20],[10,22,14,9,13,11,15,16,12,6,5,7,18,2,1,3,4,8,19,24,21,23,20,17],[6,2,1,5,3,7,4,8,18,10,9,11,12,14,13,15,16,22,24,23,21,19,17,20],[22,2,14,1,13,3,15,16,4,6,5,7,18,10,9,11,12,8,19,24,23,21,20],[10,18,2,1,9,3,11,14,13,15,16,12,4,6,7,22,5,8,21,19,24,23,17],[6,14,13,5,15,7,22,2,1,3,4,16,8,10,9,11,12,18,17,21,23,24,19],[10,22,6,9,5,11,7,14,13,15,12,16,18,2,1,3,4,8,19,24,21,23,20,17],[18,14,22,6,13,5,7,15,10,9,11,16,12,2,1,3,4,8,17,21,24,23,19],[2,6,5,1,7,3,8,22,10,9,11,14,13,15,12,16,4,18,20,17,23,21,24,19],[10,6,9,5,11,7,14,13,15,16,12,22,2,1,3,4,18,8,24,21,20,19,23],[22,2,18,6,1,5,7,3,8,10,9,11,13,4,12,14,15,16,24,21,23,19,17,20],[2,6,5,1,7,3,8,14,13,15,4,16,18,10,9,11,12,22,17,23,21,24,20,19],[18,6,22,10,5,9,11,7,2,1,3,12,4,14,13,15,16,8,24,21,19,23],[6,14,13,5,7,15,2,1,3,16,4,22,8,18,10,9,11,12,24,21,20,19,23],[14,18,6,5,13,15,7,22,10,9,11,12,16,2,1,3,4,8,17,21,20,19,23,24],[22,18,10,6,5,9,11,7,13,2,1,3,4,12,14,15,16,8,19,23,21,24,17,20],[14,2,13,1,15,3,4,16,10,9,11,12,22,18,6,5,7,8,21,23,24,17,20,19],[2,18,22,6,1,5,3,7,4,8,14,13,15,16,10,9,11,12,17,21,20,19,23,24],[22,18,10,2,1,9,3,11,13,12,4,6,5,7,14,15,16,8,24,21,20,17,23,19],[18,10,2,1,9,3,11,14,13,15,12,16,4,22,6,5,7,8,20,19,23,21,24,17],[6,10,5,9,11,7,16,19,23,22,2,1,3,4,12,21,8,14,13,15,24,18,20],[2,18,22,14,1,13,15,3,16,4,10,9,11,12,6,5,7,8,24,23,21,19],[2,22,6,1,5,3,7,4,8,18,14,13,15,16,10,9,11,12,21,17,20,24,23,19],[2,14,1,13,3,15,4,16,22,6,5,7,8,18,10,9,11,12,20,17,23,21,24],[6,2,1,5,3,7,8,10,9,11,22,14,13,15,16,12,4,18,20,19,24,21,23],[2,14,13,1,3,15,16,4,18,10,9,11,12,22,6,5,7,8,23,21,20,24,17],[18,14,2,13,1,3,15,16,4,6,5,7,10,9,11,12,22,8,24,23,21,17,20,19],[22,2,18,10,1,9,11,3,4,12,14,13,15,16,6,5,7,8,17,23,21,24,19],[18,2,10,9,1,11,3,14,13,15,12,16,4,22,6,5,7,8,23,21,24,20,19,17],[14,10,13,9,15,11,16,12,6,5,7,2,1,3,4,18,22,8,24,21,23,17,20,19],[14,2,1,13,15,3,16,4,10,9,11,12,6,5,7,22,18,8,21,20,19,17,24,23],[10,22,14,13,9,11,15,16,12,2,1,3,4,18,6,5,7,8,21,19,23,24,20],[2,6,1,5,7,3,4,22,18,8,10,9,11,12,14,13,15,16,21,24,19,23,17],[2,14,13,1,3,15,4,16,22,18,6,5,7,8,10,9,11,12,21,24,20,19,23,17],[18,22,6,2,1,5,7,3,8,10,9,11,4,12,14,13,15,16,23,21,24,17,19,20],[2,14,13,1,15,3,16,4,10,9,11,12,6,5,7,22,18,8,20,17,21,24,23,19],[14,18,10,13,9,11,15,12,16,2,1,3,4,6,5,7,22,8,17,24,23,21,20],[14,2,13,1,15,3,16,4,6,5,7,18,8,22,10,9,11,12,23,21,24,19,20],[2,6,5,1,7,3,4,18,8,10,9,11,12,22,14,13,15,16,19,24,23,21],[22,10,18,14,13,9,11,15,16,12,6,5,7,2,1,3,4,8,24,23,21,17],[14,18,2,13,1,3,15,16,4,6,5,7,10,9,11,12,22,8,23,21,24,20,17,19],[14,22,6,5,13,7,15,2,1,3,16,4,8,10,9,11,12,18,24,21,23,20,19,17],[18,14,10,13,9,11,15,16,12,22,2,1,3,4,6,5,7,8,24,21,20,17,23,19],[2,22,18,6,5,1,3,7,8,14,13,15,16,4,10,9,11,12,17,24,23,21,19],[18,2,6,5,1,7,3,4,8,22,14,13,15,16,10,9,11,12,21,19,24,23,17,20],[14,22,6,13,5,15,7,2,1,3,4,16,8,10,9,11,12,18,19,21,17,24,23,20],[2,10,1,9,3,11,6,5,7,4,12,14,13,15,16,18,22,8,19,23,21,24,17,20],[14,18,6,5,13,15,7,22,10,9,11,12,16,2,1,3,4,8,23,21,24,20,17],[22,6,14,5,13,7,15,18,10,9,11,16,12,2,1,3,4,8,17,23,21,24,19],[2,10,9,1,11,3,18,24,22,13,6,5,7,4,12,14,15,16,8,21,17,23],[10,18,22,2,9,1,3,11,12,4,14,13,15,16,6,5,7,8,24,21,23,20,19],[18,22,14,2,13,1,15,3,4,16,10,9,11,12,6,5,7,8,21,24,17,23,19],[22,10,2,9,1,3,11,14,13,15,16,12,4,6,5,7,18,8,17,21,24,23,19],[2,10,1,9,11,3,15,14,13,16,12,4,18,6,5,7,22,8,23,21,24,17,20,19],[22,10,18,14,13,9,11,15,16,12,6,5,7,2,1,3,4,8,19,21,23,24,17,20],[14,18,6,13,5,15,7,22,2,1,3,4,16,8,10,9,11,12,19,24,21,23],[14,2,13,1,3,15,16,4,18,22,10,9,11,12,6,5,7,8,17,21,24,23,20,19],[2,6,5,1,3,7,8,10,9,11,13,4,12,18,22,14,15,16,24,21,19,23],[18,14,10,9,13,15,11,12,16,22,2,1,3,4,6,5,7,8,23,21,24,20,19],[18,2,22,14,13,1,15,3,4,16,10,9,11,12,6,5,7,8,23,21,24,20,19],[18,14,6,13,5,15,7,2,1,3,4,16,8,22,10,9,11,12,21,17,19,24,23],[2,10,9,1,11,3,4,12,14,13,15,16,18,22,6,5,7,8,19,21,20,24,23],[22,2,6,1,5,7,3,8,10,9,11,17,12,4,14,13,15,16,18,21,23,24],[22,2,14,1,13,3,15,16,4,18,10,9,11,12,6,5,7,8,23,21,24,20,17,19],[14,22,18,2,13,1,3,15,4,16,6,5,7,8,10,9,11,12,23,21,17,24,20,19],[10,18,22,14,9,13,15,11,12,16,2,1,3,4,6,5,7,8,21,19,20,17,23,24],[22,14,18,2,1,13,3,15,16,4,10,9,11,12,6,5,7,8,20,19,23,21,24],[10,14,9,13,15,11,16,12,18,22,2,1,3,4,6,5,7,8,21,17,19,24,23],[22,18,14,6,13,5,7,15,10,9,11,12,16,2,1,3,4,8,17,21,19,20,23,24],[10,18,6,5,9,11,7,22,14,13,15,16,12,2,1,3,4,8,23,21,24,20,17,19],[6,10,5,9,7,11,18,22,2,1,3,14,13,15,12,16,4,8,21,20,19,24,23],[10,2,1,9,11,3,14,13,15,12,16,4,18,22,6,5,7,8,17,21,24,23,20,19],[2,14,13,1,15,3,4,16,6,5,7,18,22,8,10,9,11,12,20,17,21,19,24,23],[18,14,2,1,13,3,15,16,4,22,6,5,7,8,10,9,11,12,23,21,24,17,20,19],[14,22,2,13,1,3,15,16,4,6,5,7,8,10,9,11,12,18,21,17,24,23,20,19],[6,2,1,5,7,3,8,14,13,15,16,4,18,10,9,11,12,22,17,21,23,24,20],[2,22,10,1,9,3,11,18,8,4,12,14,13,15,16,19,23,21,24,5,6,7,17,20],[14,2,13,1,3,15,4,16,6,5,7,22,10,9,11,12,18,8,24,21,23,19,20],[6,18,10,5,9,7,11,2,1,3,13,21,22,12,4,14,15,16,8,17,23,24,19,20],[18,2,10,9,1,11,3,22,8,13,4,12,14,15,16,21,7,20,19,5,23,24,6],[14,22,10,9,13,11,15,16,12,18,6,5,7,2,1,3,4,8,19,24,21,23,17,20],[10,18,6,5,9,7,11,4,21,14,13,15,16,12,22,2,1,3,8,19,24,23],[14,18,2,13,1,15,3,16,4,6,5,7,22,10,9,11,12,8,23,21,24,19],[10,18,22,2,9,1,11,3,14,13,15,12,16,4,6,5,7,8,17,21,20,19,24,23],[14,22,6,13,5,15,7,10,9,11,12,16,18,2,1,3,4,8,24,21,23,19,17,20],[2,6,5,1,3,7,8,22,18,10,9,11,12,4,14,13,15,16,23,21,24,19],[6,2,1,5,3,7,4,8,14,13,15,16,18,22,10,9,11,12,17,23,21,24,20,19],[6,14,13,5,15,7,10,9,11,16,12,2,1,3,4,18,22,8,23,21,24,19],[18