{"problem_id":"KQUm1G6X7S7s5dg","sigma":150,"alpha":10.000,"cost":0,"probabilities":"[0.22999999999999998, 0.33, 0.27, 0.17]","payoff_matrix":"[[-35, -8, -3, 63, -12, 86], [-15, 189, 181, 25, 94, 81], [-33, 2, 86, 209, -108, -30], [-7, 163, -222, -135, -50, -252]]","uncovered":[[22,18,19,14,10,23,2,6,11,7,5,9,12,8,15,13,16,3,21,24,17,1],[6,22,7,23,2,10,11,5,9,12,18,19,14,8,15,13,16,3,21,24,17,1],[10,6,11,7,9,5,8,12,18,19,2,14,22,23,15,13,16,3,21,24,17,4,1,20],[22,6,23,18,7,19,10,11,9,5,12,14,2,8,15,13,16,3,21,24,17,1],[22,14,6,23,10,11,7,9,5,12,2,18,19,8,15,13,16,3,21,24,17,4,20,1],[6,18,19,2,14,22,23,10,7,11,5,9,8,12,15,13,16,3,21,24,17,1,4],[22,14,2,10,11,23,6,7,9,5,8,12,18,19,15,13,16,3,21,24,17,4],[6,14,18,19,22,23,2,10,7,11,5,9,12,8,15,13,16,3,21,24,17,1,4],[2,18,22,19,6,7,23,10,11,5,9,8,12,14,15,13,16,3,21,24,17,4,20,1],[6,10,11,7,9,5,8,12,18,19,2,14,22,23,15,13,16,3,21,24,17,1],[22,14,2,18,19,10,11,23,6,7,5,9,8,12,15,13,16,3,21,24,17,4,1],[14,6,18,19,10,11,7,5,9,12,22,23,2,8,15,13,16,3,21,24,17,4,1],[10,2,22,11,23,18,19,6,7,5,9,12,14,8,15,13,16,3,21,24,20,1,4,17],[18,14,2,22,23,19,6,10,7,11,9,5,8,12,15,13,16,3,21,24,17,1,20,4],[18,6,19,14,2,22,23,10,7,11,9,5,12,8,15,13,16,3,21,24,20,17,1,4],[14,10,6,11,7,9,5,8,12,22,23,2,18,19,15,13,16,3,21,24,17,4],[22,6,7,23,18,19,10,11,5,9,12,14,2,8,15,13,16,3,21,24,17,1],[14,2,22,18,23,19,6,10,11,7,5,9,8,12,15,13,16,3,21,24,17,1,20,4],[10,18,11,19,14,6,7,5,9,12,2,22,23,8,15,13,16,3,21,24,17,1,4],[10,6,11,7,5,9,8,12,14,18,19,2,22,23,15,13,16,3,21,24,17,4,1,20],[18,14,6,7,19,22,23,10,11,9,5,12,2,8,15,13,16,3,21,24,17,4,20],[6,10,11,7,9,5,8,12,18,19,2,22,23,14,15,13,16,3,21,24,20,1,17],[6,18,7,19,10,11,5,9,8,12,2,22,23,14,15,13,16,3,21,24,17,4,1,20],[22,2,18,23,19,10,14,11,6,7,5,9,12,8,15,13,16,3,21,24,17,1,4],[10,14,18,19,22,23,2,6,7,11,9,5,8,12,15,13,16,3,21,24,20,1,17,4],[6,18,7,19,22,23,10,11,9,5,12,2,14,8,15,13,16,3,21,24,17,4],[18,2,10,19,22,23,6,7,11,5,9,8,12,14,15,13,16,3,21,24,17,1],[10,6,11,7,5,9,12,14,22,23,18,19,2,8,15,13,16,3,21,24,20,1,4,17],[22,14,2,18,19,10,11,23,6,7,9,5,12,8,15,13,16,3,21,24,17,1,4,20],[18,14,6,7,19,10,11,9,5,12,22,23,2,8,15,13,16,3,21,24,17,1],[14,22,6,23,10,11,7,5,9,12,18,19,2,8,15,13,16,3,21,24,17,1,20,4],[14,6,22,7,23,18,19,2,10,11,5,9,8,12,15,13,16,3,21,24,17,1,20],[6,18,7,19,2,10,11,9,5,12,22,23,14,8,15,13,16,3,21,24,20,4,17,1],[14,22,18,23,19,10,6,11,7,5,9,8,12,2,15,13,16,3,21,24,17,1,20,4],[18,22,23,19,14,10,11,2,6,7,9,5,12,8,15,13,16,3,21,24,17,1,20],[6,18,19,14,10,7,11,5,9,12,2,22,23,8,15,13,16,3,21,24,17,4],[2,10,18,11,19,22,23,6,7,9,5,8,12,14,15,13,16,3,21,24,17,1,20,4],[14,22,18,19,6,7,23,2,10,11,9,5,8,12,15,13,16,3,21,24,17,1,20],[6,22,23,18,19,10,11,7,5,9,8,12,2,14,15,13,16,3,21,24,20,1,17],[2,18,14,6,19,22,23,10,7,11,9,5,12,8,15,13,16,3,21,24,17,1],[22,6,23,14,10,11,7,9,5,8,12,18,19,2,15,13,16,3,21,24,17,4,20,1],[14,6,2,18,19,22,23,10,7,11,9,5,8,12,15,13,16,3,21,24,17,1,4],[14,10,6,11,7,9,5,12,22,23,18,19,2,8,15,13,16,3,21,24,17,4,20,1],[6,14,18,19,22,7,23,2,10,11,5,9,12,8,15,13,16,3,21,24,17,1,4,20],[6,14,10,7,11,5,9,8,12,18,19,22,23,2,15,13,16,3,21,24,17,1,20],[2,14,18,10,11,19,6,7,5,9,8,12,22,23,15,13,16,3,21,24,17,1],[14,10,18,19,6,7,11,9,5,12,2,22,23,8,15,13,16,3,21,24,17,1],[6,10,11,7,9,5,12,22,23,14,18,19,2,8,15,13,16,3,21,24,17,4,1,20],[18,22,19,14,2,10,23,6,11,7,9,5,12,8,15,13,16,3,21,24,17,4,1,20],[18,10,19,6,7,11,5,9,8,12,2,22,23,14,15,13,16,3,21,24,17,1,20,4],[22,14,2,10,11,23,18,19,6,7,5,9,8,12,15,13,16,3,21,24,17,1],[2,14,10,18,19,22,11,23,6,7,5,9,12,8,15,13,16,3,21,24,17,4,20,1],[18,22,23,19,10,14,6,11,7,9,5,12,2,8,15,13,16,3,21,24,17,1,20,4],[2,10,22,23,6,11,7,5,9,8,12,14,18,19,15,13,16,3,21,24,17,1,4],[18,22,23,19,2,6,14,10,7,11,9,5,8,12,15,13,16,3,21,24,17,1,20,4],[18,2,10,11,19,14,6,7,5,9,8,12,22,23,15,13,16,3,21,24,17,1,4,20],[14,22,18,23,19,10,2,6,11,7,5,9,8,12,15,13,16,3,21,24,4,20,17,1],[14,18,22,19,10,23,2,6,11,7,5,9,12,8,15,13,16,3,21,24,17,1],[2,6,22,23,18,19,14,10,7,11,9,5,8,12,15,13,16,3,21,24,17,1,4,20],[14,2,6,22,23,18,19,10,11,7,5,9,8,12,15,13,16,3,21,24,17,1],[10,18,11,19,14,22,23,2,6,7,9,5,12,8,15,13,16,3,21,24,17,4,1,20],[22,10,11,23,18,19,6,7,5,9,8,12,14,2,15,13,16,3,21,24,20,1,17,4],[6,2,22,23,14,10,11,7,9,5,8,12,18,19,15,13,16,3,21,24,20,17,4,1],[2,10,22,11,23,6,7,9,5,12,18,19,14,8,15,13,16,3,21,24,17,1,20,4],[10,6,7,11,9,5,8,12,2,22,23,18,19,14,15,13,16,3,21,24,17,4],[10,22,11,23,2,6,7,5,9,12,14,18,19,8,15,13,16,3,21,24,17,4,20,1],[6,10,7,11,5,9,8,12,14,22,23,2,18,19,15,13,16,3,21,24,17,1,4],[14,18,22,19,2,10,11,23,6,7,9,5,12,8,15,13,16,3,21,24,17,1,20,4],[2,22,14,10,23,18,19,6,11,7,9,5,8,12,15,13,16,3,21,24,17,1],[18,6,19,10,11,7,5,9,12,2,14,22,23,8,15,13,16,3,21,24,17,1],[18,14,2,10,11,19,6,7,9,5,12,22,23,8,15,13,16,3,21,24,20,1,17],[10,14,22,11,23,2,18,19,6,7,5,9,12,8,15,13,16,3,21,24,20,17,4,1],[14,22,18,19,10,11,23,2,6,7,5,9,8,12,15,13,16,3,21,24,17,1,4],[22,18,23,19,14,2,10,6,7,11,5,9,8,12,15,13,16,3,21,24,17,1,20],[2,6,14,18,19,22,7,23,10,11,5,9,8,12,15,13,16,3,21,17,24,4,1],[2,6,14,10,11,7,5,9,12,18,19,22,23,8,15,13,16,3,21,24,17,1,20],[10,2,14,22,11,23,6,7,5,9,8,12,18,19,15,13,16,3,21,24,17,1,20,4],[6,22,23,14,2,18,7,19,10,11,9,5,12,8,15,13,16,3,21,24,17,1,20,4],[14,22,10,23,2,18,19,6,7,11,9,5,12,8,15,13,16,3,21,24,17,1,20,4],[10,22,23,6,11,7,5,9,8,12,14,2,18,19,15,13,16,3,21,24,17,20,1,4],[10,18,11,19,6,7,9,5,12,2,14,22,23,8,15,13,16,3,21,24,17,1],[22,6,23,2,14,18,19,10,7,11,5,9,12,8,15,13,16,3,21,24,17,1,20,4],[6,14,18,19,22,7,23,2,10,11,9,5,12,8,15,13,16,3,21,24,17,1,4,20],[14,22,18,23,19,6,10,7,11,5,9,12,2,8,15,13,16,3,21,24,17,1,4,20],[14,10,22,11,23,6,7,5,9,8,12,18,19,2,15,13,16,3,21,24,17,4,20,1],[14,18,10,19,2,22,23,6,7,11,5,9,8,12,15,13,16,3,21,24,17,1],[6,18,7,19,22,23,14,10,11,5,9,8,12,2,15,13,16,3,21,24,17,1],[22,18,23,19,6,2,10,7,11,5,9,12,14,8,15,13,16,3,21,24,17,4,20,1],[6,18,19,2,22,23,14,10,11,7,9,5,12,8,15,13,16,3,21,24,17,1,4,20],[2,14,22,6,7,23,18,19,10,11,9,5,12,8,15,13,16,3,21,24,17,1,4],[14,2,10,22,11,23,6,7,5,9,12,18,19,8,15,13,16,3,21,24,17,1,4],[22,10,23,2,14,6,7,11,9,5,8,12,18,19,15,13,16,3,21,24,17,1,4],[6,2,18,19,14,22,23,10,7,11,5,9,8,12,15,13,16,3,21,24,20,17,1,4],[22,14,2,6,7,23,10,11,5,9,8,12,18,19,15,13,16,3,21,24,17,1],[6,18,7,19,14,2,22,23,10,11,9,5,12,8,15,13,16,3,21,24,17,4,1,20],[10,6,7,11,9,5,8,12,14,22,23,18,19,2,15,13,16,3,21,24,17,4,1],[10,2,18,11,19,6,7,9,5,12,22,23,14,8,15,13,16,3,21,24,17,4,1,20],[6,14,22,23,18,7,19,10,11,9,5,12,2,8,15,13,16,3,21,24,17,1,4],[14,18,6,19,10,11,7,9,5,12,22,23,2,8,15,13,16,1,21,24,17,3],[2,14,18,6,19,22,7,23,10,11,5,9,12,8,15,13,16,3,21,24,17,1,4,20],[10,6,11,7,5,9,12,22,23,14,18,19,2,8,15,13,16,3,21,24,20,1,17,4],[6,14,2,18,7,19,22,23,10,11,5,9,8,12,15,13,16,3,21,24,17,1,4],[18,14,6,19,2,22,7,23,10,11,9,5,12,8,15,13,16,1,21,24,17,3,4,20],[18,22,19,10,23,14,6,7,11,9,5,12,2,8,15,13,16,3,21,24,17,1],[22,10,11,23,14,2,6,7,5,9,8,12,18,19,15,13,16,3,21,24,17,1],[10,6,11,7,5,9,8,12,2,14,18,19,22,23,15,13,16,3,21,24,17,4,20,1],[6,14,22,23,10,11,7,9,5,8,12,18,19,2,15,13,16,3,21,24,17,1,4,20],[22,6,7,23,18,19,2,14,10,11,9,5,12,8,15,13,16,3,21,24,17,1,4],[14,2,18,10,11,19,22,23,6,7,9,5,12,8,15,13,16,3,21,24,17,4,20,1],[14,6,2,18,19,22,23,10,7,11,9,5,8,12,15,13,16,3,21,24,17,1,20,4],[10,14,22,11,23,18,19,2,6,7,9,5,12,8,15,13,16,3,21,24,17,4,20,1],[2,14,22,6,23,10,7,11,5,9,12,18,19,8,15,13,16,3,21,24,17,1],[2,18,22,19,6,7,23,14,10,11,5,9,12,8,15,13,16,3,21,24,17,4],[22,10,11,23,2,6,7,9,5,8,12,14,18,19,15,13,16,3,21,24,17,4,20,1],[10,18,11,19,6,7,5,9,8,12,14,2,22,23,15,13,16,3,21,24,17,4,1],[14,2,10,18,11,19,6,7,9,5,12,22,23,8,15,13,16,3,21,24,20,17,4,1],[18,6,19,10,7,11,5,9,8,12,14,22,23,2,15,13,16,3,21,24,17,1],[6,10,7,11,5,9,12,22,23,2,14,18,19,8,15,13,16,3,21,24,17,4,20,1],[6,10,7,11,9,5,8,12,22,23,14,2,18,19,15,13,16,3,21,24,17,4,20],[6,22,23,18,7,19,10,11,5,9,12,14,2,8,15,13,16,3,21,24,17,4],[6,14,22,7,23,18,19,2,10,11,5,9,12,8,15,13,16,3,21,24,17,1],[14,6,22,7,23,10,11,9,5,8,12,18,19,2,15,13,16,3,21,24,17,1,20,4],[14,6,22,7,23,18,19,10,11,9,5,8,12,2,15,13,16,3,21,24,17,4,20],[6,22,23,14,10,11,7,5,9,8,12,18,19,2,15,13,16,3,21,24,17,1,20,4],[14,6,22,23,10,11,7,5,9,8,12,2,18,19,15,13,16,3,21,24,17,1],[10,14,18,11,19,2,22,23,6,7,5,9,12,8,15,13,16,3,21,24,20,17,4],[2,10,6,11,7,5,9,12,22,23,14,18,19,8,15,13,16,3,21,24,17,4,1],[18,6,7,19,22,23,14,10,11,9,5,12,2,8,15,13,16,3,21,24,17,4,1,20],[6,14,10,7,11,5,9,8,12,22,23,18,19,2,15,13,16,3,21,24,17,4],[18,22,19,6,7,23,14,10,11,9,5,8,12,2,15,13,16,3,21,24,17,1],[22,6,23,10,7,11,9,5,8,12,14,18,19,2,15,13,16,3,21,24,17,1,4,20],[10,6,11,7,9,5,12,2,14,22,23,18,19,8,15,13,16,3,21,24,17,1,20,4],[10,6,11,7,5,9,12,14,2,22,23,18,19,8,15,13,16,3,21,24,17,1,4],[18,6,19,10,11,7,5,9,12,2,14,22,23,8,15,13,16,3,21,24,20,1,4,17],[2,10,18,19,22,23,14,6,7,11,9,5,8,12,15,13,16,3,21,24,17,20,4,1],[18,14,10,11,19,6,7,5,9,8,12,2,22,23,15,13,16,3,21,24,17,1,20],[18,2,14,6,7,19,10,11,5,9,12,22,23,8,15,13,16,3,21,24,17,1],[10,6,7,11,9,5,8,12,14,18,19,22,23,2,15,13,16,3,21,24,17,4,20,1],[18,14,10,19,22,23,11,2,6,7,9,5,12,8,15,13,16,3,21,24,17,1,4],[2,18,6,19,22,7,23,10,11,9,5,12,14,8,15,13,16,3,21,24,17,1],[10,14,6,7,11,5,9,12,18,19,2,22,23,8,15,13,16,1,21,24,17,3],[14,10,2,18,19,6,11,7,9,5,12,22,23,8,15,13,16,3,21,24,17,1,4,20],[14,6,18,7,19,2,22,23,10,11,9,5,12,8,15,13,16,1,21,24,17,3,4],[2,14,6,18,7,19,10,11,5,9,8,12,22,23,15,13,16,3,21,24,17,1,20,4],[2,6,14,22,7,23,10,11,5,9,12,18,19,8,15,13,16,3,21,24,17,1,20],[22,10,11,23,6,7,5,9,8,12,18,19,2,14,15,13,16,3,21,24,17,4],[10,14,2,22,23,11,18,19,6,7,5,9,12,8,15,13,16,3,21,24,17,1,20,4],[22,18,23,19,2,6,14,10,11,7,9,5,8,12,15,13,16,3,21,24,17,1,4,20],[22,6,7,23,18,19,2,10,11,9,5,8,12,14,15,13,16,3,21,24,17,4,20,1],[14,2,10,6,11,7,5,9,8,12,18,19,22,23,15,13,16,3,21,24,17,4,1],[18,14,2,22,23,19,10,6,11,7,9,5,8,12,15,13,16,1,21,24,3,17,20],[22,10,23,2,18,11,19,6,7,5,9,12,14,8,15,13,16,3,21,24,17,4,1,20],[2,6,10,11,7,5,9,8,12,22,23,14,18,19,15,13,16,3,21,24,17,1,20,4],[14,10,18,11,19,6,7,5,9,8,12,2,22,23,15,13,16,3,21,24,17,4,1,20],[2,18,10,19,14,6,7,11,5,9,8,12,22,23,15,13,16,3,21,24,17,4,1,20],[10,22,23,18,19,2,14,6,11,7,9,5,8,12,15,13,16,3,21,24,17,1,4],[10,14,6,7,11,9,5,12,18,19,22,23,2,8,15,13,16,3,21,24,17,4,1],[6,2,18,19,10,11,7,9,5,12,22,23,14,8,15,13,16,3,21,24,20,1,17,4],[6,2,10,11,7,9,5,12,14,22,23,18,19,8,15,13,16,3,21,24,17,1],[10,2,6,11,7,9,5,12,14,18,19,22,23,8,15,13,16,21,3,24,17,1,4],[10,6,7,11,9,5,12,14,18,19,22,23,2,8,15,13,16,3,21,24,20,4,1,17],[2,18,14,10,19,22,11,23,6,7,5,9,8,12,15,13,16,3,21,24,17,1,20,4],[18,14,2,6,7,19,22,23,10,11,5,9,8,12,15,13,16,3,21,24,17,1,20,4],[10,2,14,22,11,23,6,7,5,9,12,18,19,8,15,13,16,3,21,24,17,1,20],[2,14,10,22,23,18,11,19,6,7,5,9,12,8,15,13,16,3,21,24,17,4,20,1],[10,2,22,11,23,6,7,9,5,12,18,19,14,8,15,13,16,21,3,24,17,4,20,1],[10,18,11,19,22,23,2,6,7,5,9,12,14,8,15,13,16,3,21,24,17,1,4],[18,22,19,2,14,6,7,23,10,11,9,5,8,12,15,13,16,3,21,24,17,4,1],[6,22,7,23,14,18,19,2,10,11,9,5,12,8,15,13,16,3,21,24,17,1,4,20],[14,2,10,18,19,22,23,6,11,7,9,5,12,8,15,13,16,3,21,24,17,1],[6,22,7,23,10,11,9,5,8,12,14,18,19,2,15,13,16,3,21,24,17,4,1,20],[14,18,2,6,7,19,10,11,9,5,8,12,22,23,15,13,16,3,21,24,17,1,4],[22,2,14,6,7,23,10,11,9,5,8,12,18,19,15,13,16,1,21,24,3,17,20,4],[6,18,7,19,14,10,11,9,5,12,22,23,2,8,15,13,16,3,21,24,17,1,20],[22,2,18,23,19,6,14,10,7,11,9,5,12,8,15,13,16,3,21,24,17,4,1,20],[10,2,22,11,23,18,19,6,7,5,9,8,12,14,15,13,16,3,21,24,17,4,1,20],[2,14,6,22,7,23,18,19,10,11,5,9,8,12,15,13,16,3,21,24,17,1,4,20],[2,6,18,19,22,23,10,11,7,5,9,8,12,14,15,13,16,3,21,24,17,4,1],[6,14,2,10,7,11,5,9,8,12,18,19,22,23,15,13,16,3,21,24,17,4,20,1],[14,10,22,23,2,18,19,6,7,11,5,9,8,12,15,13,16,21,3,24,17,4,1],[14,22,10,11,23,6,7,5,9,8,12,2,18,19,15,13,16,3,21,24,17,4,20,1],[10,18,19,14,6,7,11,9,5,8,12,2,22,23,15,13,16,3,21,24,17,1,4],[10,18,11,19,2,22,23,14,6,7,9,5,8,12,15,13,16,3,21,24,17,1],[22,6,7,23,2,18,19,10,11,5,9,8,12,14,15,13,16,3,21,24,17,4,1],[2,14,18,10,11,19,22,23,6,7,9,5,8,12,15,13,16,3,21,24,17,1,20],[18,6,7,19,10,11,9,5,12,14,22,23,2,8,15,13,16,3,21,24,17,4,1,20],[14,22,18,23,19,6,10,11,7,5,9,8,12,2,15,13,16,3,21,24,17,1],[10,14,22,11,23,2,18,19,6,7,9,5,8,12,15,13,16,3,21,24,17,1],[6,2,22,7,23,18,19,10,11,5,9,12,14,8,15,13,16,3,21,24,17,4,1,20],[2,10,6,11,7,5,9,12,14,22,23,18,19,8,15,13,16,3,21,24,17,1,20,4],[2,22,6,23,18,7,19,10,11,9,5,8,12,14,15,13,16,3,21,24,17,4,20],[18,2,6,19,22,23,14,10,7,11,5,9,12,8,15,13,16,3,21,24,20,1,4,17],[6,10,11,7,9,5,12,18,19,22,23,2,14,8,15,13,16,3,21,24,17,1,20],[14,22,10,23,2,18,19,6,7,11,9,5,12,8,15,13,16,3,21,24,17,1],[14,2,10,18,11,19,22,23,6,7,9,5,12,8,15,13,16,3,21,24,17,1,4,20],[14,6,10,11,7,9,5,8,12,2,22,23,18,19,15,13,16,3,21,24,17,4],[2,18,10,19,22,11,23,6,7,5,9,12,14,8,15,13,16,3,21,24,17,4,1,20],[10,22,23,6,11,7,5,9,8,12,18,19,2,14,15,13,16,3,21,24,17,1],[6,2,18,19,14,10,7,11,9,5,8,12,22,23,15,13,16,3,21,24,17,1,4,20],[18,10,19,22,23,2,6,7,11,9,5,12,14,8,15,13,16,1,21,24,17,3,4,20],[6,10,11,7,5,9,8,12,2,14,22,23,18,19,15,13,16,3,21,24,17,4],[2,6,14,10,7,11,9,5,8,12,18,19,22,23,15,13,16,3,21,24,17,1,4,20],[10,22,11,23,2,14,6,7,9,5,12,18,19,8,15,13,16,3,21,24,17,4],[22,18,19,14,6,7,23,2,10,11,9,5,12,8,15,13,16,3,21,24,17,1,4],[18,14,22,19,10,23,2,6,11,7,9,5,12,8,15,13,16,3,21,24,17,1],[18,6,19,22,23,14,2,10,7,11,5,9,8,12,15,13,16,3,21,24,17,1],[14,10,2,22,23,18,11,19,6,7,5,9,12,8,15,13,16,3,21,24,17,4,1,20],[6,14,22,23,2,18,7,19,10,11,5,9,12,8,15,13,16,3,21,24,17,1,4],[10,14,18,11,19,22,23,2,6,7,5,9,12,8,15,13,16,3,21,24,17,1,20,4],[18,2,10,11,19,22,23,6,7,5,9,12,14,8,15,13,16,3,21,24,17,4,1,20],[14,10,18,11,19,6,7,5,9,12,2,22,23,8,15,13,16,3,21,24,17,4],[14,22,18,19,2,10,11,23,6,7,9,5,12,8,15,13,16,3,21,24,17,1],[22,18,23,19,6,10,11,7,9,5,12,2,14,8,15,13,16,3,21,20,24,4,1,17],[6,14,10,7,11,5,9,12,18,19,22,23,2,8,15,13,16,3,21,24,17,4,1],[6,22,7,23,14,18,19,10,11,5,9,8,12,2,15,13,16,3,21,24,17,1],[6,10,11,7,9,5,8,12,2,22,23,14,18,19,15,13,16,3,21,24,17,1,20,4],[2,14,22,18,23,19,6,10,7,11,9,5,12,8,15,13,16,3,21,24,17,1,20,4],[14,6,18,19,10,7,11,9,5,12,22,23,2,8,15,13,16,3,21,24,17,4,1],[10,22,11,23,14,18,19,6,7,5,9,12,2,8,15,13,16,3,21,24,17,4,1,20],[2,18,22,23,19,6,10,11,7,5,9,8,12,14,15,13,16,3,21,24,17,1,20,4],[2,14,6,10,7,11,5,9,12,18,19,22,23,8,15,13,16,3,21,24,17,1],[22,10,23,2,18,19,14,6,11,7,9,5,8,12,15,13,16,3,21,24,17,4],[10,22,23,6,11,7,9,5,8,12,14,2,18,19,15,13,16,3,21,24,17,4,1,20],[2,18,14,10,11,19,6,7,9,5,8,12,22,23,15,13,16,3,21,24,17,1,20,4],[22,2,6,7,23,14,10,11,9,5,8,12,18,19,15,13,16,3,21,24,17,4,20,1],[2,10,18,11,19,6,7,5,9,12,22,23,14,8,15,13,16,3,21,24,17,4,1,20],[2,10,6,11,7,9,5,12,14,22,23,18,19,8,15,13,16,3,21,24,17,1,4],[10,18,19,14,6,11,7,9,5,8,12,22,23,2,15,13,16,3,21,24,17,4,20,1],[18,14,6,19,10,11,7,5,9,12,22,23,2,8,15,13,16,3,21,24,17,4,1,20],[14,2,6,22,7,23,10,11,9,5,12,18,19,8,15,13,16,3,21,24,20,1,4,17],[10,2,6,7,11,9,5,8,12,22,23,14,18,19,15,13,16,3,21,24,17,4],[22,14,2,10,11,23,6,7,5,9,8,12,18,19,15,13,16,1,21,24,17,3,4,20],[10,18,11,19,22,23,6,7,9,5,8,12,2,14,15,13,16,21,3,24,17,4,20,1],[10,2,18,19,22,11,23,6,7,9,5,8,12,14,15,13,16,3,21,24,17,1,4,20],[10,18,11,19,2,14,6,7,9,5,8,12,22,23,15,13,16,3,21,24,17,1],[14,18,22,23,19,10,2,6,7,11,5,9,12,8,15,13,16,3,21,24,17,1,20,4],[10,6,11,7,5,9,8,12,18,19,14,2,22,23,15,13,16,3,21,24,17,4,20,1],[10,6,7,11,9,5,12,14,2,22,23,18,19,8,15,13,16,3,21,24,17,4,20,1],[18,14,2,22,23,19,10,6,11,7,5,9,8,12,15,13,16,3,21,24,17,1],[10,22,11,23,18,19,6,7,9,5,8,12,14,2,15,13,16,3,21,24,20,1,17,4],[14,22,6,7,23,2,10,11,5,9,12,18,19,8,15,13,16,3,21,24,17,1,20,4],[2,14,10,22,11,23,18,19,6,7,9,5,12,8,15,13,16,3,21,24,17,1],[22,18,23,19,10,6,7,11,5,9,12,14,2,8,15,13,16,3,21,24,17,4,1,20],[14,10,18,19,2,22,11,23,6,7,5,9,12,8,15,13,16,3,21,24,17,1,20],[22,18,23,19,6,10,7,11,9,5,12,2,14,8,15,13,16,3,21,24,17,4,20,1],[18,22,23,19,6,2,14,10,11,7,9,5,12,8,15,13,16,3,21,24,17,1],[10,6,11,7,5,9,8,12,22,23,14,2,18,19,15,13,16,3,21,24,17,1,20],[6,10,11,7,5,9,8,12,2,22,23,18,19,14,15,13,16,3,21,24,17,1,4],[2,6,18,19,10,7,11,9,5,8,12,14,22,23,15,13,16,3,21,24,17,1],[2,18,6,19,10,11,7,5,9,8,12,14,22,23,15,13,16,3,21,24,20,1,17],[22,18,19,10,11,23,14,2,6,7,5,9,12,8,15,13,16,3,21,24,17,1,4],[14,18,6,7,19,2,10,11,9,5,12,22,23,8,15,13,16,3,21,24,20,1,17,4],[22,10,23,6,11,7,5,9,8,12,18,19,14,2,15,13,16,3,21,24,20,1,17,4],[2,22,6,23,14,10,11,7,5,9,12,18,19,8,15,13,16,3,21,24,17,4,1,20],[6,10,11,7,5,9,8,12,18,19,22,23,14,2,15,13,16,3,21,24,17,1,20,4],[22,14,6,7,23,18,19,2,10,11,5,9,12,8,15,13,16,3,21,24,17,1,4],[18,2,14,22,23,19,10,6,7,11,9,5,12,8,15,13,16,3,21,24,17,1,20],[6,2,14,22,23,18,19,10,11,7,5,9,8,12,15,13,16,3,21,24,20,1,17,4],[10,18,11,19,6,7,5,9,8,12,22,23,2,14,15,13,16,3,21,24,17,1],[10,6,11,7,9,5,8,12,14,2,18,19,22,23,15,13,16,3,21,24,17,1,20],[22,18,23,19,6,14,2,10,11,7,9,5,8,12,15,13,16,3,21,24,17,1],[10,6,7,11,9,5,8,12,22,23,14,18,19,2,15,13,16,3,21,24,20,4,17],[22,18,23,19,14,6,10,11,7,9,5,8,12,2,15,13,16,3,21,24,17,1,4,20],[14,22,18,23,19,10,6,11,7,9,5,8,12,2,15,13,16,3,21,24,17,1,4,20],[6,14,2,22,7,23,10,11,9,5,8,12,18,19,15,13,16,3,21,24,17,20,1],[22,6,23,2,10,7,11,9,5,12,14,18,19,8,15,13,16,3,21,24,17,4],[18,2,22,19,6,7,23,14,10,11,5,9,8,12,15,13,16,3,21,24,17,1,4,20],[14,10,22,11,23,2,18,19,6,7,9,5,8,12,15,13,16,3,21,24,17,1,20,4],[6,22,23,2,10,7,11,9,5,12,14,18,19,8,15,13,16,3,21,24,17,1,20],[18,6,19,2,10,7,11,9,5,12,22,23,14,8,15,13,16,1,21,24,17,3,20,4],[18,14,10,11,19,6,7,9,5,12,2,22,23,8,15,13,16,3,21,24,17,4,20,1],[18,22,19,6,7,23,14,2,10,11,5,9,8,12,15,13,16,3,21,24,17,4],[2,18,10,11,19,14,22,23,6,7,5,9,8,12,15,13,16,3,21,24,17,1,4,20],[2,10,6,11,7,9,5,12,22,23,14,18,19,8,15,13,16,3,21,24,17,4,1,20],[2,22,14,18,23,19,6,10,11,7,5,9,12,8,15,13,16,3,21,24,17,1,20,4],[6,18,19,10,11,7,5,9,8,12,22,23,14,2,15,13,16,3,21,24,17,1,20,4],[18,6,19,2,14,22,7,23,10,11,5,9,8,12,15,13,16,3,21,24,17,4,20],[10,2,22,11,23,14,18,19,6,7,9,5,12,8,15,13,16,3,21,24,17,4,20,1],[18,22,19,6,7,23,2,10,11,5,9,8,12,14,15,13,16,3,21,24,17,4,1],[10,6,11,7,9,5,8,12,14,2,22,23,18,19,15,13,16,3,21,24,17,4,1],[18,14,2,22,23,19,10,6,11,7,9,5,12,8,15,13,16,3,21,24,17,1,4],[6,10,7,11,9,5,12,14,18,19,2,22,23,8,15,13,16,3,21,24,17,1,4],[10,6,11,7,9,5,12,14,2,18,19,22,23,8,15,13,16,3,21,24,17,4,1],[14,18,22,19,2,6,23,10,11,7,9,5,8,12,15,13,16,3,21,24,17,1,20,4],[18,14,10,11,19,6,7,9,5,12,2,22,23,8,15,13,16,3,21,24,17,4],[2,22,10,11,23,14,6,7,9,5,8,12,18,19,15,13,16,3,21,24,17,1],[2,14,18,10,19,22,11,23,6,7,5,9,12,8,15,13,16,3,21,24,17,4,1,20],[22,18,19,14,2,6,7,23,10,11,5,9,12,8,15,13,16,3,21,24,17,1],[10,6,11,7,5,9,12,14,18,19,22,23,2,8,15,13,16,3,21,24,17,4,1],[18,22,19,2,6,23,10,11,7,5,9,12,14,8,15,13,16,3,21,24,17,1,20],[22,18,23,19,14,2,6,10,11,7,9,5,8,12,15,13,16,3,21,24,17,1,4,20],[2,10,6,11,7,9,5,12,14,22,23,18,19,8,15,13,16,3,21,24,17,1],[2,10,18,11,19,22,23,6,7,5,9,8,12,14,15,13,16,3,21,24,17,4,20,1],[10,22,23,6,11,7,5,9,12,14,18,19,2,8,15,13,16,3,21,24,17,1,20],[2,22,6,7,23,14,10,11,5,9,8,12,18,19,15,13,16,3,21,24,17,4,20],[6,2,22,23,14,18,7,19,10,11,5,9,8,12,15,13,16,3,21,24,17,1,4],[2,10,6,7,11,5,9,8,12,22,23,14,18,19,15,13,16,3,21,24,17,4,1],[10,2,22,23,14,18,19,6,7,11,9,5,12,8,15,13,16,3,21,24,17,1],[2,6,18,19,10,11,7,5,9,8,12,22,23,14,15,13,16,3,21,24,17,4],[18,2,6,19,22,23,10,11,7,5,9,12,14,8,15,13,16,3,21,24,17,1],[22,2,10,23,6,7,11,5,9,8,12,14,18,19,15,13,16,3,21,24,17,1],[22,18,23,19,2,14,6,10,7,11,5,9,12,8,15,13,16,3,21,24,17,4],[10,6,11,7,9,5,8,12,22,23,2,14,18,19,15,13,16,3,21,24,17,20,1,4],[2,18,6,7,19,14,22,23,10,11,9,5,12,8,15,13,16,3,21,24,17,1,20],[6,18,7,19,14,2,10,11,5,9,12,22,23,8,15,13,16,3,21,24,17,4],[10,14,18,19,6,7,11,9,5,12,2,22,23,8,15,13,16,3,21,24,17,4],[18,2,10,19,14,6,11,7,5,9,8,12,22,23,15,13,16,3,21,24,17,1,20,4],[22,14,2,6,7,23,10,11,5,9,12,18,19,8,15,13,16,3,21,24,17,1,20,4],[22,2,10,11,23,14,6,7,9,5,8,12,18,19,15,13,16,3,21,24,17,1,4,20],[10,22,11,23,2,6,7,5,9,12,14,18,19,8,15,13,16,3,21,24,17,1,4],[10,6,7,11,9,5,8,12,18,19,14,22,23,2,15,13,16,3,21,24,17,1,20,4],[18,14,2,22,23,19,6,10,7,11,5,9,8,12,15,13,16,3,21,24,17,4,1],[6,2,10,11,7,9,5,8,12,22,23,14,18,19,15,13,16,3,21,24,17,20,1,4],[14,18,22,23,19,10,6,11,7,9,5,12,2,8,15,13,16,3,21,24,17,4,1],[14,18,6,19,22,23,10,7,11,5,9,8,12,2,15,13,16,3,21,24,17,1,20,4],[10,22,23,14,18,19,6,7,11,5,9,12,2,8,15,13,16,3,21,24,17,1],[18,22,23,19,14,6,10,11,7,9,5,8,12,2,15,13,16,3,21,24,17,1,20,4],[6,10,11,7,5,9,12,14,2,22,23,18,19,8,15,13,16,3,21,24,17,1,20],[14,2,22,10,23,6,11,7,5,9,12,18,19,8,15,13,16,3,21,24,17,4,1],[14,2,18,6,19,22,7,23,10,11,9,5,12,8,15,13,16,3,21,24,17,1,20,4],[2,18,6,7,19,10,11,5,9,8,12,22,23,14,15,13,16,3,21,24,17,4,1],[18,2,6,19,22,23,10,7,11,9,5,12,14,8,15,13,16,4,21,3,24,17],[22,18,23,19,10,6,7,11,9,5,8,12,2,14,15,13,16,3,21,24,17,1,20,4],[10,2,14,22,11,23,6,7,9,5,8,12,18,19,15,13,16,3,21,24,17,4,1],[6,22,7,23,2,14,18,19,10,11,5,9,8,12,15,13,16,3,21,24,17,1],[10,6,11,7,9,5,8,12,18,19,22,23,14,2,15,13,16,3,21,24,17,4,20,1],[18,22,23,19,6,14,2,10,11,7,5,9,8,12,15,13,16,3,21,24,17,4],[18,6,19,14,10,7,11,9,5,12,22,23,2,8,15,13,16,3,21,24,17,1],[22,6,23,18,19,2,14,10,11,7,9,5,8,12,15,13,16,3,21,24,17,4],[2,6,22,7,23,18,19,14,10,11,5,9,8,12,15,13,16,3,21,24,17,1],[2,14,22,6,7,23,18,19,10,11,5,9,12,8,15,13,16,3,21,24,17,4,1],[10,2,22,11,23,18,19,6,7,5,9,8,12,14,15,13,16,3,21,24,17,1,20],[18,14,22,19,10,11,23,6,7,9,5,8,12,2,15,13,16,3,21,24,17,1,4],[14,6,2,10,7,11,9,5,12,22,23,18,19,8,15,13,16,3,21,24,17,4,1,20],[10,2,22,23,11,6,7,9,5,8,12,14,18,19,15,13,16,3,21,24,17,1,20,4],[18,2,14,10,19,6,11,7,9,5,8,12,22,23,15,13,16,3,21,24,17,1,20],[10,2,14,18,11,19,6,7,5,9,12,22,23,8,15,13,16,3,21,24,17,4,1],[6,2,18,7,19,22,23,14,10,11,9,5,12,8,15,13,16,3,21,24,17,4,1,20],[10,22,11,23,6,7,9,5,8,12,18,19,2,14,15,13,16,3,21,24,17,4,1],[14,18,10,19,22,23,6,7,11,9,5,12,2,8,15,13,16,3,21,24,17,1],[22,2,6,23,18,7,19,10,11,9,5,8,12,14,15,13,16,3,21,24,17,1,4,20],[22,10,11,23,14,2,18,19,6,7,5,9,8,12,15,13,16,3,21,24,17,1,20],[14,6,18,7,19,22,23,10,11,5,9,8,12,2,15,13,16,3,21,24,17,1],[14,2,22,10,11,23,6,7,9,5,8,12,18,19,15,13,16,3,21,24,17,1,4],[6,10,7,11,9,5,12,14,2,18,19,22,23,8,15,13,16,3,21,24,17,4,1,20],[22,10,11,23,2,14,18,19,6,7,9,5,8,12,15,13,16,3,21,24,17,4,1,20],[2,22,10,23,6,7,11,9,5,12,18,19,14,8,15,13,16,3,21,24,17,1,20],[2,18,22,19,6,23,14,10,11,7,9,5,8,12,15,13,16,3,21,24,17,4,1],[10,14,6,11,7,5,9,8,12,22,23,2,18,19,15,13,16,3,21,24,17,4,1],[6,10,7,11,5,9,8,12,18,19,22,23,14,2,15,13,16,3,21,24,17,1,20,4],[14,18,22,23,19,10,6,7,11,5,9,12,2,8,15,13,16,3,21,24,17,1,20,4],[18,14,2,6,19,10,7,11,9,5,8,12,22,23,15,13,16,3,21,24,17,1],[10,2,22,23,18,11,19,14,6,7,5,9,8,12,15,13,16,3,21,24,17,4,1,20],[22,14,6,7,23,10,11,9,5,12,2,18,19,8,15,13,16,3,21,24,20,4,17],[10,2,18,19,14,6,7,11,5,9,8,12,22,23,15,13,16,3,21,24,17,1,20],[14,18,6,7,19,2,10,11,5,9,8,12,22,23,15,13,16,3,21,24,17,4],[10,14,2,22,23,6,11,7,5,9,8,12,18,19,15,13,16,3,21,24,17,4,1,20],[22,14,6,7,23,18,19,10,11,9,5,12,2,8,15,13,16,3,21,24,17,1],[22,18,23,19,6,14,10,7,11,5,9,8,12,2,15,13,16,3,21,24,17,1],[22,2,10,23,14,6,11,7,5,9,8,12,18,19,15,13,16,3,21,24,20,1,17],[22,10,11,23,14,18,19,2,6,7,9,5,12,8,15,13,16,3,21,24,17,4,1,20],[10,6,7,11,5,9,12,2,14,22,23,18,19,8,15,13,16,3,21,24,17,20,1],[10,2,22,11,23,6,7,5,9,8,12,18,19,14,15,13,16,3,21,24,17,4,1],[14,18,10,11,19,2,22,23,6,7,5,9,12,8,15,13,16,3,21,24,17,4,1],[14,10,22,11,23,2,18,19,6,7,5,9,8,12,15,13,16,21,3,24,17,4,1,20],[10,14,6,7,11,5,9,12,18,19,2,22,23,8,15,13,16,3,21,24,17,1,20],[6,22,23,2,18,7,19,10,11,9,5,12,14,8,15,13,16,3,21,24,17,1,20],[14,2,22,6,23,10,11,7,9,5,8,12,18,19,15,13,16,3,21,24,17,1],[18,14,10,11,19,2,6,7,5,9,8,12,22,23,15,13,16,3,21,24,17,1,20,4],[2,22,14,18,19,10,23,6,11,7,9,5,8,12,15,13,16,3,21,24,17,20,4,1],[22,2,6,23,18,7,19,10,11,5,9,8,12,14,15,13,16,3,21,24,17,4,1],[10,14,18,19,6,7,11,5,9,12,22,23,2,8,15,13,16,3,21,24,17,1,4,20],[2,22,14,6,7,23,18,19,10,11,9,5,8,12,15,13,16,3,21,24,17,1,20,4],[18,14,2,10,19,22,11,23,6,7,5,9,12,8,15,13,16,3,21,24,20,4,17,1],[14,2,18,22,23,19,10,6,7,11,9,5,8,12,15,13,16,3,21,24,17,4,1],[18,2,6,7,19,14,10,11,9,5,12,22,23,8,15,13,16,3,21,24,17,1],[6,22,7,23,14,10,11,9,5,12,2,18,19,8,15,13,16,3,21,24,17,1,20,4],[6,2,18,19,22,23,14,10,7,11,5,9,8,12,15,13,16,3,21,24,17,1,4,20],[22,10,11,23,6,7,5,9,8,12,2,18,19,14,15,13,16,3,21,24,17,1,4,20],[2,10,22,11,23,6,7,9,5,8,12,14,18,19,15,13,16,3,21,24,17,1,4],[22,2,18,19,10,11,23,14,6,7,5,9,8,12,15,13,16,3,21,24,17,4,1,20],[2,10,22,23,6,7,11,5,9,12,14,18,19,8,15,13,16,3,21,24,17,1,20,4],[18,22,23,19,2,10,14,6,11,7,5,9,12,8,15,13,16,3,21,24,17,4],[18,10,19,6,7,11,9,5,12,2,14,22,23,8,15,13,16,3,21,24,17,1,20],[14,10,2,6,11,7,5,9,12,22,23,18,19,8,15,13,16,3,21,24,17,20,4],[6,2,22,23,18,19,14,10,11,7,5,9,8,12,15,13,16,3,21,24,17,4,20,1],[14,18,10,11,19,2,22,23,6,7,9,5,12,8,15,13,16,3,21,24,20,17,1,4],[6,14,10,11,7,5,9,12,2,22,23,18,19,8,15,13,16,3,21,24,17,4,1],[6,10,11,7,5,9,8,12,2,18,19,22,23,14,15,13,16,3,21,24,17,1],[14,18,22,19,10,11,23,6,7,9,5,8,12,2,15,13,16,3,21,24,17,1,4,20],[10,2,18,19,6,11,7,5,9,8,12,22,23,14,15,13,16,3,21,24,17,4,1,20],[6,2,10,11,7,9,5,12,14,22,23,18,19,8,15,13,16,3,21,24,17,1,4,20],[14,6,22,23,18,7,19,10,11,9,5,8,12,2,15,13,16,3,21,24,17,1,20,4],[10,6,11,7,5,9,8,12,2,18,19,22,23,14,15,13,16,3,21,17,24,1,4,20],[2,18,14,10,19,22,23,6,7,11,5,9,12,8,15,13,16,3,21,24,17,1,20,4],[10,2,22,23,18,11,19,6,7,5,9,12,14,8,15,13,16,3,21,24,17,1],[18,14,10,11,19,6,7,5,9,12,2,22,23,8,15,13,16,3,21,24,17,1,4],[10,2,6,7,11,5,9,12,14,22,23,18,19,8,15,13,16,3,21,24,20,1,17,4],[2,14,22,18,23,19,6,10,7,11,9,5,8,12,15,13,16,3,21,24,17,1],[22,14,2,18,19,6,23,10,7,11,9,5,8,12,15,13,16,3,21,24,17,1,20,4],[10,6,11,7,9,5,8,12,22,23,18,19,14,2,15,13,16,3,21,24,17,4],[10,6,7,11,5,9,12,2,18,19,22,23,14,8,15,13,16,3,21,24,17,4,1],[2,6,10,11,7,9,5,8,12,22,23,18,19,14,15,13,16,3,21,24,17,20,1],[18,10,11,19,2,6,7,5,9,12,22,23,14,8,15,13,16,3,21,24,17,1,4,20],[18,10,19,14,6,11,7,9,5,12,2,22,23,8,15,13,16,3,21,24,17,1],[10,14,18,19,22,11,23,6,7,9,5,12,2,8,15,13,16,3,21,24,17,1,20],[18,6,7,19,14,2,22,23,10,11,5,9,8,12,15,13,16,3,21,24,20,1,17,4],[18,2,6,7,19,22,23,10,11,9,5,8,12,14,15,13,16,3,21,24,17,1],[10,14,22,23,2,6,7,11,9,5,8,12,18,19,15,13,16,3,21,24,17,1,20,4],[2,22,6,7,23,10,11,5,9,8,12,18,19,14,15,13,16,3,21,24,20,17,1],[14,10,2,22,23,18,19,6,7,11,9,5,8,12,15,13,16,3,21,24,17,1,20,4],[6,18,7,19,14,10,11,9,5,8,12,22,23,2,15,13,16,3,21,24,17,4,1],[14,10,18,11,19,22,23,6,7,9,5,8,12,2,15,13,16,3,21,24,17,1,4,20],[14,2,18,6,7,19,22,23,10,11,9,5,12,8,15,13,16,3,21,24,17,1,20],[2,10,18,11,19,22,23,14,6,7,9,5,8,12,15,13,16,3,21,24,17,20,4,1],[2,14,18,22,23,19,6,10,11,7,9,5,12,8,15,13,16,3,21,24,17,1,20,4],[2,22,18,23,19,6,14,10,11,7,9,5,8,12,15,13,16,3,21,24,17,4],[22,14,6,23,2,10,11,7,5,9,8,12,18,19,15,13,16,3,21,24,17,4,1,20],[6,22,23,10,11,7,9,5,8,12,18,19,2,14,15,13,16,3,21,24,17,1,20,4],[14,18,22,23,19,6,2,10,11,7,9,5,8,12,15,13,16,3,21,24,17,4,1,20],[14,18,22,23,19,2,6,10,11,7,9,5,12,8,15,13,16,3,21,24,17,4,1],[6,18,19,10,11,7,5,9,8,12,2,14,22,23,15,13,16,3,21,24,17,1,20],[18,14,6,7,19,2,10,11,9,5,12,22,23,8,15,13,16,3,21,24,17,1,20],[14,18,22,19,6,7,23,2,10,11,9,5,12,8,15,13,16,3,21,24,17,1,20],[6,14,18,19,10,11,7,5,9,12,22,23,2,8,15,13,16,3,21,24,17,4,20,1],[18,6,19,10,11,7,9,5,12,14,2,22,23,8,15,13,16,3,21,24,17,1,20],[2,18,14,22,23,19,6,10,11,7,9,5,8,12,15,13,16,3,21,24,17,4,1],[14,10,22,23,2,18,19,6,7,11,5,9,8,12,15,13,16,3,21,24,17,4,1],[14,22,2,6,7,23,10,11,9,5,12,18,19,8,15,13,16,3,21,24,17,4,1,20],[2,14,10,18,11,19,6,7,5,9,8,12,22,23,15,13,16,3,21,24,17,1,20],[14,10,18,11,19,22,23,6,7,5,9,8,12,2,15,13,16,3,21,24,20,17,1,4],[22,14,18,23,19,2,10,6,11,7,5,9,8,12,15,13,16,3,21,24,17,1,4],[18,14,10,19,6,11,7,5,9,8,12,2,22,23,15,13,16,3,21,24,17,1],[14,22,6,7,23,10,11,5,9,8,12,18,19,2,15,13,16,3,21,24,17,4,20,1],[22,10,23,6,11,7,9,5,8,12,18,19,14,2,15,13,16,3,21,24,17,1,20,4],[2,10,6,11,7,9,5,12,14,22,23,18,19,8,15,13,16,3,21,24,17,1,4,20],[10,6,11,7,5,9,12,18,19,22,23,14,2,8,15,13,16,3,21,24,17,4,20,1],[6,2,18,7,19,22,23,14,10,11,9,5,8,12,15,13,16,3,21,24,17,1,20,4],[18,10,11,19,14,2,6,7,9,5,8,12,22,23,15,13,16,3,21,24,17,1,4],[2,6,14,10,11,7,9,5,12,18,19,22,23,8,15,13,16,3,21,24,17,1,4,20],[22,14,2,6,7,23,18,19,10,11,9,5,12,8,15,13,16,3,21,24,17,1,20,4],[22,14,2,18,19,10,23,6,7,11,5,9,8,12,15,13,16,3,21,24,17,4,1,20],[6,18,19,14,2,10,7,11,9,5,12,22,23,8,15,13,16,3,21,24,17,1,20,4],[6,14,18,7,19,10,11,9,5,8,12,22,23,2,15,13,16,3,21,24,17,1],[6,18,7,19,22,23,2,10,11,5,9,12,14,8,15,13,16,3,21,24,17,1,20,4],[2,18,10,11,19,22,23,14,6,7,9,5,12,8,15,13,16,3,21,24,17,1,20],[10,22,11,23,6,7,9,5,12,14,18,19,2,8,15,13,16,3,21,24,17,4,20,1],[10,14,18,19,6,7,11,5,9,8,12,2,22,23,15,13,16,3,21,24,17,1],[22,10,11,23,6,7,5,9,12,2,14,18,19,8,15,13,16,3,21,24,17,4,20,1],[22,10,11,23,6,7,9,5,12,2,14,18,19,8,15,13,16,3,21,24,20,1,4,17],[18,10,11,19,22,23,14,2,6,7,5,9,8,12,15,13,16,3,21,24,17,1],[18,2,22,19,6,23,10,7,11,9,5,12,14,8,15,13,16,3,21,24,17,4,1],[2,14,18,10,19,22,11,23,6,7,5,9,8,12,15,13,16,1,21,24,17,3],[14,22,2,6,7,23,10,11,9,5,12,18,19,8,15,13,16,3,21,24,17,1,20],[18,2,22,19,14,6,7,23,10,11,5,9,12,8,15,13,16,3,21,24,17,1,4,20],[18,6,7,19,10,11,5,9,12,22,23,2,14,8,15,13,16,3,21,24,17,1,20,4],[6,2,18,19,10,11,7,5,9,8,12,14,22,23,15,13,16,3,21,24,17,1,4],[6,2,22,7,23,18,19,14,10,11,9,5,12,8,15,13,16,3,21,24,17,1,4],[10,6,7,11,5,9,12,22,23,2,18,19,14,8,15,13,16,3,21,24,17,1,4],[6,2,18,19,10,7,11,9,5,12,22,23,14,8,15,13,16,3,21,24,17,1,20],[6,22,23,10,7,11,9,5,8,12,14,2,18,19,15,13,16,3,21,24,17,4,1],[14,6,2,18,19,10,7,11,9,5,8,12,22,23,15,13,16,3,21,24,17,4],[22,14,18,23,19,6,2,10,7,11,9,5,8,12,15,13,16,3,21,24,17,1,20],[14,10,18,11,19,6,7,5,9,8,12,22,23,2,15,13,16,3,21,24,17,1,4,20],[14,18,22,19,10,11,23,2,6,7,9,5,12,8,15,13,16,3,21,24,17,1,20],[22,14,10,11,23,18,19,2,6,7,9,5,12,8,15,13,16,3,21,24,17,4,20],[2,14,18,22,19,10,23,6,7,11,5,9,8,12,15,13,16,3,21,24,17,1,20],[6,2,18,7,19,14,10,11,5,9,8,12,22,23,15,13,16,3,21,24,17,1,4,20],[22,14,18,19,2,6,7,23,10,11,9,5,8,12,15,13,16,3,21,24,17,1,4,20],[6,22,23,18,7,19,10,11,5,9,8,12,14,2,15,13,16,3,21,24,17,1,4,20],[2,6,10,11,7,9,5,8,12,22,23,14,18,19,15,13,16,3,21,24,17,1],[2,10,14,6,11,7,9,5,8,12,18,19,22,23,15,13,16,3,21,24,17,20,1,4],[14,2,10,22,23,18,19,6,7,11,9,5,12,8,15,13,16,3,21,24,17,4,20,1],[2,10,22,11,23,18,19,6,7,5,9,8,12,14,15,13,16,3,21,17,24,1,4,20],[18,10,19,6,7,11,5,9,8,12,2,14,22,23,15,13,16,3,21,24,17,1],[2,6,10,7,11,5,9,8,12,18,19,14,22,23,15,13,16,3,21,24,17,20,1,4],[22,6,7,23,2,14,18,19,10,11,9,5,12,8,15,13,16,3,21,24,17,4,20,1],[10,18,19,14,6,7,11,9,5,12,22,23,2,8,15,13,16,3,21,24,17,4],[18,2,22,23,19,6,14,10,7,11,5,9,8,12,15,13,16,3,21,24,17,4,1],[22,10,11,23,2,18,19,14,6,7,9,5,12,8,15,13,16,3,21,24,17,1],[14,6,10,7,11,5,9,8,12,18,19,22,23,2,15,13,16,3,21,24,17,1,4],[10,6,7,11,9,5,8,12,22,23,2,14,18,19,15,13,16,3,21,24,17,4],[10,2,22,11,23,14,6,7,5,9,8,12,18,19,15,13,16,3,21,24,17,1,4],[14,18,6,19,10,11,7,5,9,8,12,22,23,2,15,13,16,21,3,24,17,1],[22,10,11,23,2,6,7,9,5,8,12,14,18,19,15,13,16,3,21,24,17,1],[18,10,11,19,6,7,9,5,8,12,14,2,22,23,15,13,16,3,21,24,17,1,20,4],[14,22,10,11,23,2,18,19,6,7,9,5,8,12,15,13,16,3,21,24,17,1,20,4],[22,10,11,23,6,7,5,9,8,12,18,19,14,2,15,13,16,3,21,24,17,1,20],[6,2,18,7,19,10,11,9,5,12,14,22,23,8,15,13,16,3,21,24,17,1,20],[18,14,2,6,7,19,10,11,5,9,12,22,23,8,15,13,16,3,21,24,17,4,20,1],[2,6,22,23,10,11,7,9,5,12,14,18,19,8,15,13,16,3,21,24,17,4,20,1],[2,18,22,19,6,23,10,7,11,5,9,8,12,14,15,13,16,3,21,24,17,4,1,20],[2,14,18,10,19,6,11,7,9,5,8,12,22,23,15,13,16,3,21,24,17,1],[18,14,6,7,19,22,23,10,11,5,9,8,12,2,15,13,16,3,21,24,17,1],[18,10,11,19,2,6,7,5,9,12,22,23,14,8,15,13,16,3,21,24,17,1],[18,6,7,19,2,10,11,9,5,8,12,14,22,23,15,13,16,3,21,24,17,1,4],[10,22,23,6,7,11,5,9,8,12,18,19,14,2,15,13,16,3,21,24,17,1,20],[10,14,6,11,7,9,5,8,12,2,18,19,22,23,15,13,16,3,21,24,17,4,1,20],[10,14,2,22,23,6,11,7,9,5,12,18,19,8,15,13,16,3,21,24,17,1,4],[18,2,22,23,19,10,14,11,6,7,9,5,8,12,15,13,16,3,21,24,17,1,20],[10,6,7,11,5,9,12,14,2,22,23,18,19,8,15,13,16,3,21,24,17,4,1],[18,14,6,19,10,11,7,5,9,8,12,22,23,2,15,13,16,3,21,17,24,1,4],[6,2,14,18,19,10,11,7,9,5,8,12,22,23,15,13,16,21,3,24,17,4],[14,18,10,11,19,6,7,9,5,8,12,2,22,23,15,13,16,3,21,24,17,4],[10,18,19,22,23,6,7,11,5,9,12,2,14,8,15,13,16,3,21,24,17,4,1,20],[14,6,22,23,10,7,11,9,5,8,12,18,19,2,15,13,16,3,21,24,17,20,4,1],[22,2,10,23,6,7,11,5,9,8,12,18,19,14,15,13,16,3,21,24,17,4,1],[18,14,2,22,23,19,6,10,7,11,9,5,12,8,15,13,16,3,21,24,17,1,20,4],[18,6,19,22,23,10,7,11,5,9,8,12,14,2,15,13,16,3,21,24,17,4,20,1],[6,18,19,22,23,14,10,11,7,5,9,8,12,2,15,13,16,3,21,24,17,1],[10,18,19,2,22,23,14,6,11,7,5,9,12,8,15,13,16,3,21,24,17,1,4],[18,22,23,19,10,6,11,7,5,9,12,14,2,8,15,13,16,3,21,24,20,17,4,1],[22,14,6,23,2,10,11,7,9,5,12,18,19,8,15,13,16,3,21,24,17,1,4],[14,18,10,11,19,2,6,7,5,9,12,22,23,8,15,13,16,3,21,24,17,1,20],[10,2,14,18,19,6,7,11,5,9,8,12,22,23,15,13,16,3,21,24,17,1,4],[14,22,6,23,10,11,7,5,9,12,18,19,2,8,15,13,16,3,21,24,17,1],[2,18,6,19,14,10,11,7,5,9,12,22,23,8,15,13,16,3,21,24,17,20,1,4],[18,2,22,23,19,10,14,6,7,11,9,5,8,12,15,13,16,3,21,24,17,1,4],[22,10,23,6,7,11,9,5,8,12,18,19,14,2,15,13,16,3,21,24,17,1,20],[22,2,10,11,23,18,19,14,6,7,9,5,12,8,15,13,16,3,21,24,17,1,4],[22,10,11,23,6,7,5,9,12,14,18,19,2,8,15,13,16,3,21,24,17,4,1],[22,14,10,23,6,11,7,5,9,8,12,18,19,2,15,13,16,3,21,24,17,1],[10,22,11,23,18,19,2,14,6,7,5,9,8,12,15,13,16,3,21,24,17,1,20],[10,14,2,22,23,18,11,19,6,7,9,5,12,8,15,13,16,3,21,24,17,4],[18,10,11,19,6,7,9,5,12,14,2,22,23,8,15,13,16,4,21,3,24,17,20,1],[18,22,19,14,6,7,23,10,11,9,5,12,2,8,15,13,16,3,21,24,1,17,4],[14,2,10,22,23,18,11,19,6,7,5,9,12,8,15,13,16,3,21,24,17,4,1],[10,22,23,14,18,11,19,2,6,7,9,5,8,12,15,13,16,3,21,24,17,4],[10,14,22,23,2,6,11,7,9,5,8,12,18,19,15,13,16,3,21,24,17,1],[10,14,22,23,2,6,11,7,9,5,12,18,19,8,15,13,16,3,21,24,17,1],[2,10,22,11,23,14,18,19,6,7,9,5,12,8,15,13,16,3,21,24,20,1,17,4],[22,10,23,6,11,7,5,9,12,2,18,19,14,8,15,13,16,3,21,17,24,1,20],[14,10,2,18,11,19,6,7,5,9,8,12,22,23,15,13,16,3,21,24,17,1,20,4],[10,14,6,11,7,5,9,12,22,23,2,18,19,8,15,13,16,3,21,24,17,4,1],[22,10,11,23,6,7,5,9,8,12,18,19,2,14,15,13,16,3,21,24,17,1],[2,22,10,23,14,18,19,6,7,11,9,5,8,12,15,13,16,3,21,24,17,4,1,20],[22,2,18,23,19,10,6,7,11,9,5,12,14,8,15,13,16,3,21,24,17,1],[22,14,2,10,11,23,6,7,5,9,8,12,18,19,15,13,16,1,21,24,3,17],[14,18,22,23,19,2,10,6,11,7,9,5,12,8,15,13,16,3,21,24,17,4,1,20],[18,14,6,7,19,10,11,5,9,8,12,22,23,2,15,13,16,3,21,24,17,4,20,1],[18,10,11,19,14,22,23,2,6,7,5,9,8,12,15,13,16,3,21,24,17,1,20],[22,6,23,14,2,18,19,10,7,11,9,5,12,8,15,13,16,3,21,24,17,1],[2,14,6,10,11,7,9,5,12,22,23,18,19,8,15,13,16,3,21,24,17,1,20,4],[18,10,11,19,22,23,14,6,7,5,9,12,2,8,15,13,16,3,21,24,17,4,1],[14,18,22,23,19,6,10,7,11,9,5,12,2,8,15,13,16,3,21,24,20,1,17,4],[2,22,10,11,23,6,7,5,9,8,12,14,18,19,15,13,16,3,21,24,17,1,20],[18,10,11,19,6,7,5,9,12,14,2,22,23,8,15,13,16,3,21,24,17,1,20,4],[22,14,6,23,2,18,7,19,10,11,9,5,8,12,15,13,16,3,21,24,17,4,20,1],[10,6,7,11,9,5,12,14,22,23,18,19,2,8,15,13,16,3,21,24,17,1],[2,6,22,7,23,18,19,14,10,11,9,5,12,8,15,13,16,3,21,24,17,1,20,4],[14,6,18,7,19,22,23,2,10,11,5,9,8,12,15,13,16,3,21,24,17,1,20],[6,10,11,7,9,5,8,12,18,19,2,14,22,23,15,13,16,3,21,24,17,1],[10,6,11,7,9,5,8,12,22,23,18,19,14,2,15,13,16,3,21,24,17,4],[14,22,10,11,23,2,18,19,6,7,5,9,12,8,15,13,16,3,21,24,17,1,20],[14,10,2,18,11,19,6,7,9,5,12,22,23,8,15,13,16,3,21,24,17,1,4,20],[18,10,11,19,2,6,7,9,5,12,22,23,14,8,15,13,16,3,21,24,20,1,4,17],[10,2,14,22,11,23,6,7,5,9,12,18,19,8,15,13,16,3,21,24,20,1,17],[22,10,23,6,7,11,5,9,8,12,14,2,18,19,15,13,16,3,21,24,17,1,4],[22,6,7,23,10,11,9,5,8,12,2,18,19,14,15,13,16,1,21,24,3,17],[14,18,22,19,2,10,23,11,6,7,5,9,12,8,15,13,16,3,21,24,17,1,20,4],[22,10,23,6,11,7,5,9,12,18,19,2,14,8,15,13,16,3,21,24,17,1],[6,10,7,11,5,9,12,2,18,19,14,22,23,8,15,13,16,3,21,24,17,1],[2,18,22,23,19,10,6,7,11,5,9,8,12,14,15,13,16,3,21,24,17,4,1],[22,10,23,14,11,6,7,5,9,8,12,18,19,2,15,13,16,3,21,24,20,1,17],[10,2,6,7,11,5,9,8,12,18,19,14,22,23,15,13,16,3,21,24,17,4,1,20],[2,6,18,7,19,10,11,9,5,12,22,23,14,8,15,13,16,3,21,24,17,1,20,4],[10,22,11,23,6,7,9,5,12,18,19,2,14,8,15,13,16,3,21,24,17,1,20],[18,14,6,19,10,7,11,5,9,8,12,2,22,23,15,13,16,3,21,24,20,17,1],[22,6,7,23,18,19,10,11,9,5,8,12,2,14,15,13,16,3,21,24,17,1,20],[2,18,6,19,22,23,10,11,7,5,9,12,14,8,15,13,16,3,21,24,17,1,4,20],[10,22,11,23,6,7,5,9,12,14,18,19,2,8,15,13,16,3,21,24,17,4,20,1],[2,22,14,10,11,23,6,7,9,5,8,12,18,19,15,13,16,3,21,24,20,1,17],[6,18,19,22,7,23,10,11,9,5,12,2,14,8,15,13,16,3,21,24,17,4,1],[14,22,18,19,10,11,23,2,6,7,9,5,8,12,15,13,16,3,21,24,20,4,17,1],[14,22,2,10,11,23,6,7,5,9,8,12,18,19,15,13,16,3,21,24,17,4,20],[22,2,14,18,23,19,10,6,7,11,5,9,8,12,15,13,16,3,21,24,17,1,4,20],[14,22,2,18,23,19,6,10,7,11,9,5,12,8,15,13,16,1,21,24,17,3],[22,6,23,14,2,10,7,11,9,5,12,18,19,8,15,13,16,3,21,24,17,1,4,20],[18,22,19,2,10,23,6,11,7,5,9,8,12,14,15,13,16,4,21,3,24,17,1],[6,18,19,2,10,7,11,5,9,8,12,14,22,23,15,13,16,3,21,24,20,17,1],[2,6,10,11,7,5,9,8,12,22,23,14,18,19,15,13,16,3,21,24,17,1],[14,2,6,18,19,10,7,11,9,5,12,22,23,8,15,13,16,3,21,24,17,20,4,1],[14,18,6,7,19,10,11,9,5,8,12,22,23,2,15,13,16,3,21,24,17,20,4,1],[14,6,10,7,11,5,9,8,12,18,19,22,23,2,15,13,16,3,21,24,20,17,1],[22,18,23,19,2,6,14,10,11,7,5,9,12,8,15,13,16,3,21,24,20,17,1],[22,14,2,18,23,19,10,6,11,7,5,9,12,8,15,13,16,3,21,24,17,4,1,20],[22,2,10,11,23,14,18,19,6,7,5,9,8,12,15,13,16,3,21,24,17,4,1],[14,2,18,10,11,19,6,7,5,9,12,22,23,8,15,13,16,3,21,24,17,1,4,20],[14,18,22,19,6,23,10,7,11,9,5,12,2,8,15,13,16,3,21,24,17,1,20,4],[22,10,11,23,14,2,6,7,9,5,12,18,19,8,15,13,16,3,21,24,17,1,4],[10,22,11,23,2,18,19,6,7,9,5,12,14,8,15,13,16,3,21,24,17,1],[22,18,19,10,11,23,2,6,7,9,5,12,14,8,15,13,16,3,21,24,17,1,20,4],[14,18,6,19,10,11,7,5,9,8,12,22,23,2,15,13,16,3,21,24,17,1],[14,18,22,23,19,2,6,10,7,11,9,5,8,12,15,13,16,3,21,24,17,1],[10,22,23,6,7,11,9,5,8,12,14,2,18,19,15,13,16,3,21,24,17,1,4,20],[6,22,7,23,14,2,18,19,10,11,5,9,8,12,15,13,16,3,21,24,20,1,17,4],[18,2,10,11,19,22,23,14,6,7,9,5,8,12,15,13,16,3,21,24,17,1,20],[18,14,6,7,19,22,23,10,11,9,5,12,2,8,15,13,16,3,21,24,17,1,4,20],[14,18,10,19,2,22,11,23,6,7,5,9,12,8,15,13,16,3,21,24,17,1,4,20],[6,18,19,14,22,7,23,2,10,11,9,5,8,12,15,13,16,3,21,24,17,1],[14,18,10,19,22,23,2,6,7,11,5,9,12,8,15,13,16,3,21,24,17,1,20],[18,14,10,11,19,2,22,23,6,7,9,5,8,12,15,13,16,3,21,24,17,4,1,20],[6,18,7,19,22,23,10,11,9,5,12,2,14,8,15,13,16,3,21,24,17,4,20,1],[2,18,22,19,6,7,23,14,10,11,9,5,8,12,15,13,16,3,21,24,17,1,4,20],[18,2,14,10,19,6,11,7,5,9,12,22,23,8,15,13,16,3,21,24,17,1,20],[14,6,18,19,2,10,7,11,9,5,12,22,23,8,15,13,16,3,21,24,17,1,20,4],[2,10,6,11,7,9,5,12,22,23,18,19,14,8,15,13,16,3,21,24,17,1],[18,6,19,14,10,7,11,9,5,8,12,22,23,2,15,13,16,3,21,24,17,4,1],[10,6,7,11,5,9,12,14,2,18,19,22,23,8,15,13,16,3,21,24,17,4,1,20],[6,18,7,19,14,10,11,5,9,8,12,2,22,23,15,13,16,3,21,24,17,4],[6,10,11,7,5,9,12,2,22,23,18,19,14,8,15,13,16,3,21,24,17,1,20],[6,22,7,23,2,14,10,11,5,9,12,18,19,8,15,13,16,3,21,24,17,1,20,4],[6,10,7,11,5,9,8,12,14,2,18,19,22,23,15,13,16,3,21,17,24,4,1,20],[10,2,6,7,11,9,5,8,12,18,19,22,23,14,15,13,16,3,21,24,17,1],[6,10,7,11,5,9,8,12,22,23,18,19,14,2,15,13,16,3,21,24,17,1,4],[18,6,7,19,2,10,11,9,5,8,12,14,22,23,15,13,16,3,21,24,17,4,1,20],[6,14,22,7,23,10,11,9,5,8,12,18,19,2,15,13,16,3,21,24,17,4],[10,18,19,2,14,22,11,23,6,7,9,5,8,12,15,13,16,3,21,24,17,4,20,1],[2,6,10,7,11,9,5,8,12,14,22,23,18,19,15,13,16,3,21,24,17,1,20],[18,2,14,22,23,19,10,6,11,7,5,9,12,8,15,13,16,3,21,24,17,1,20],[14,10,2,22,23,18,19,6,11,7,9,5,12,8,15,13,16,3,21,24,17,4,20,1],[6,18,7,19,14,22,23,10,11,9,5,8,12,2,15,13,16,3,21,24,17,4,1],[6,18,19,22,23,10,11,7,9,5,12,14,2,8,15,13,16,3,21,24,17,1,20,4],[18,6,7,19,14,10,11,5,9,8,12,22,23,2,15,13,16,3,21,24,17,4,20],[18,10,19,2,6,11,7,9,5,12,14,22,23,8,15,13,16,3,21,24,17,4,20,1],[22,14,18,23,19,2,10,6,11,7,5,9,8,12,15,13,16,3,21,24,17,1,20],[22,2,10,23,18,11,19,14,6,7,9,5,8,12,15,13,16,3,21,24,17,1,20],[6,10,11,7,9,5,12,22,23,2,18,19,14,8,15,13,16,3,21,24,17,1],[6,2,10,7,11,5,9,12,14,18,19,22,23,8,15,13,16,3,21,24,20,1,17,4],[18,14,22,19,2,6,23,10,7,11,9,5,8,12,15,13,16,3,21,24,17,4,20],[10,6,11,7,5,9,8,1