{"problem_id": "KQUm1G6X7S7s5dg", "sigma": 75, "alpha": 10.0, "cost": 1, "probabilities": "[0.22999999999999998, 0.33, 0.27, 0.17]", "payoff_matrix": "[[-18, -4, -2, 31, -6, 43], [-8, 95, 91, 13, 47, 41], [-16, 1, 43, 105, -54, -15], [-4, 82, -111, -67, -25, -126]]", "uncovered": [[2, 6, 10, 7, 11, 9, 5, 23, 18, 19, 14, 12, 15, 13, 8, 16], [18, 22, 23, 19, 2, 6, 14, 10, 7, 11, 9, 5, 12, 15, 13, 8, 16], [14, 6, 18, 19, 10, 11, 7, 9, 5, 2, 23, 8, 12], [2, 10, 22, 23, 18, 19, 6, 11, 7, 9, 5, 14, 8, 12], [10, 2, 14, 18, 19, 6, 11, 7, 5, 9, 22, 23, 12, 15, 13, 16, 8], [22, 6, 7, 23, 14, 10, 11, 9, 5, 18, 19, 2, 8, 12], [22, 2, 6, 7, 23, 14, 18, 19, 10, 11, 9, 5, 12, 15, 13, 16, 8], [22, 10, 11, 18, 19, 23, 2, 6, 7, 9, 5, 14, 8, 12], [18, 2, 22, 19, 6, 7, 23, 14, 10, 11, 5, 9, 8, 12], [14, 2, 18, 6, 19, 22, 23, 10, 11, 7, 9, 5, 8, 12], [10, 6, 11, 7, 9, 5, 18, 19, 22, 23, 14, 2, 12, 15, 13, 16, 8], [14, 2, 10, 6, 7, 11, 9, 5, 18, 19, 22, 23, 8, 12], [6, 14, 18, 19, 2, 10, 11, 7, 9, 5, 22, 23, 12, 15, 13, 8, 16], [2, 14, 6, 18, 19, 10, 7, 11, 5, 9, 22, 23, 8, 12], [14, 6, 10, 11, 7, 9, 5, 18, 19, 2, 22, 23, 12, 15, 13, 8, 16], [18, 22, 19, 10, 11, 23, 6, 7, 5, 9, 2, 14, 12, 15, 13, 16, 8], [2, 22, 10, 23, 18, 11, 19, 6, 7, 5, 9, 14, 12, 15, 13, 16, 8], [2, 6, 10, 7, 11, 9, 5, 13, 14, 18, 19, 21, 22, 23, 8, 12], [10, 14, 22, 11, 18, 19, 2, 6, 7, 5, 9, 23, 8, 12], [2, 10, 22, 11, 18, 19, 14, 23, 6, 7, 9, 5, 12, 15, 13, 8, 16], [22, 6, 7, 23, 2, 18, 19, 10, 11, 5, 9, 14, 8, 12], [18, 6, 7, 19, 14, 10, 11, 5, 9, 22, 23, 3, 12, 15, 13, 8, 16], [14, 2, 18, 6, 19, 22, 7, 23, 10, 11, 9, 5, 12, 15, 13, 8, 16], [14, 2, 10, 18, 19, 6, 11, 7, 9, 5, 22, 23, 12, 15, 13, 8, 16], [14, 10, 18, 19, 2, 6, 7, 11, 9, 5, 23, 12, 15, 13, 8, 16], [14, 2, 18, 22, 19, 6, 7, 23, 10, 11, 5, 9, 8, 12], [18, 22, 19, 10, 11, 14, 2, 7, 23, 6, 9, 5, 12, 15, 13, 8, 16], [10, 22, 11, 2, 6, 7, 9, 5, 18, 19, 14, 23, 12, 15, 13, 8, 16], [2, 14, 18, 22, 19, 10, 11, 23, 6, 7, 9, 5, 8, 12], [18, 22, 19, 10, 23, 2, 14, 6, 7, 11, 9, 5, 8, 12], [18, 14, 10, 11, 19, 2, 22, 6, 7, 9, 5, 23, 8, 12], [22, 14, 10, 11, 23, 18, 19, 6, 7, 9, 5, 2, 12, 15, 13, 16, 8], [6, 2, 18, 19, 22, 5, 23, 10, 11, 7, 9, 14, 8, 12], [14, 10, 2, 18, 11, 19, 6, 7, 5, 9, 22, 23, 8, 12], [14, 22, 10, 11, 6, 7, 9, 5, 18, 19, 23, 2, 8, 12], [6, 18, 7, 19, 22, 23, 14, 10, 11, 5, 9, 2, 8, 12], [6, 14, 22, 23, 2, 18, 19, 10, 7, 11, 9, 5, 8, 12], [10, 2, 14, 6, 7, 11, 5, 9, 18, 19, 22, 23, 8, 12], [10, 18, 19, 22, 11, 2, 14, 6, 7, 9, 5, 23, 8, 12], [22, 10, 23, 14, 6, 7, 11, 5, 9, 2, 18, 19, 12, 15, 13, 8, 16], [22, 2, 6, 7, 23, 10, 11, 5, 9, 14, 18, 19, 8, 12], [2, 18, 6, 19, 14, 10, 7, 11, 5, 9, 22, 23, 8, 12], [2, 22, 6, 23, 14, 18, 7, 19, 10, 11, 5, 9, 12, 15, 13, 16, 8], [10, 18, 11, 19, 2, 22, 14, 6, 7, 5, 9, 23, 12, 15, 13, 8, 16], [14, 10, 18, 11, 19, 2, 22, 6, 7, 5, 9, 23, 8, 12], [10, 6, 11, 7, 9, 5, 2, 22, 23, 14, 18, 19, 8, 12], [6, 18, 19, 10, 11, 7, 9, 5, 14, 22, 2, 23, 12, 15, 13, 8, 16], [18, 6, 7, 19, 22, 23, 10, 11, 9, 5, 2, 14, 8, 12], [22, 2, 14, 10, 11, 18, 19, 6, 7, 5, 9, 23, 12, 15, 13, 16, 8], [22, 2, 18, 19, 6, 7, 23, 14, 10, 11, 9, 5, 12, 15, 13, 8, 16], [6, 14, 22, 7, 23, 2, 10, 11, 9, 5, 18, 19, 12, 15, 13, 16, 8], [6, 22, 7, 23, 10, 11, 9, 5, 14, 2, 18, 19, 12, 15, 13, 8, 16], [14, 10, 18, 11, 19, 6, 7, 9, 5, 2, 22, 23, 12, 15, 13, 8, 16], [10, 14, 18, 19, 6, 11, 7, 9, 5, 2, 22, 23, 12, 15, 13, 16, 8], [22, 6, 7, 23, 18, 19, 2, 10, 11, 9, 5, 14, 12, 15, 13, 8, 16], [14, 18, 22, 23, 19, 10, 2, 6, 7, 11, 9, 5, 8, 12], [6, 14, 22, 23, 18, 19, 2, 10, 11, 7, 5, 9, 8, 12], [6, 10, 7, 11, 5, 9, 22, 14, 23, 18, 19, 2, 12, 15, 13, 8, 16], [22, 6, 23, 10, 7, 11, 9, 5, 18, 19, 2, 14, 8, 12], [6, 18, 19, 2, 10, 11, 7, 9, 5, 22, 14, 23, 8, 12], [6, 18, 19, 22, 7, 23, 14, 10, 11, 5, 9, 2, 8, 12], [2, 18, 22, 19, 10, 23, 14, 6, 7, 11, 5, 9, 12, 15, 13, 8, 16], [18, 10, 19, 22, 23, 14, 6, 11, 7, 5, 9, 2, 12, 15, 13, 8, 16], [2, 6, 18, 19, 10, 7, 11, 9, 5, 14, 22, 23, 8, 12], [2, 18, 14, 6, 19, 22, 23, 10, 11, 7, 5, 9, 12, 15, 13, 8, 16], [6, 18, 7, 19, 2, 22, 23, 14, 10, 11, 9, 5, 12, 15, 13, 8, 16], [18, 2, 14, 10, 19, 22, 11, 6, 7, 5, 9, 23, 12, 15, 13, 16, 8], [14, 2, 6, 18, 7, 19, 22, 23, 10, 11, 5, 9, 8, 12], [10, 2, 14, 18, 19, 6, 11, 7, 9, 5, 22, 23, 8, 12], [22, 14, 6, 7, 23, 18, 19, 2, 10, 11, 9, 5, 8, 12], [18, 14, 6, 19, 2, 22, 23, 10, 11, 7, 5, 9, 12, 15, 13, 16, 8], [6, 14, 2, 10, 7, 11, 5, 9, 18, 19, 22, 23, 12, 15, 13, 16, 8], [10, 2, 18, 19, 6, 11, 7, 5, 9, 21, 22, 23, 14, 12, 15, 13, 16, 8], [18, 10, 19, 6, 7, 11, 5, 9, 2, 14, 22, 23, 8, 12], [14, 10, 6, 7, 11, 5, 9, 18, 19, 22, 23, 2, 12, 15, 13, 8, 16], [10, 14, 18, 11, 19, 22, 23, 2, 6, 7, 9, 5, 12, 15, 13, 8, 16], [10, 2, 14, 22, 23, 18, 19, 6, 7, 11, 9, 5, 12, 15, 13, 16, 8], [2, 6, 18, 19, 14, 22, 23, 10, 7, 11, 9, 5, 12, 15, 13, 8, 16], [22, 14, 18, 23, 19, 2, 10, 6, 11, 7, 5, 9, 12, 15, 13, 8, 16], [10, 2, 6, 7, 11, 5, 9, 18, 19, 22, 23, 14, 8, 12], [6, 10, 11, 7, 5, 9, 18, 19, 2, 14, 22, 23, 8, 12], [2, 22, 6, 7, 23, 18, 19, 14, 10, 11, 5, 9, 8, 12], [2, 6, 10, 11, 7, 5, 9, 22, 18, 19, 23, 14, 12, 15, 13, 16, 8], [18, 6, 7, 19, 22, 23, 14, 2, 10, 11, 5, 9, 8, 12], [6, 22, 23, 14, 18, 7, 19, 10, 11, 5, 9, 2, 8, 12], [6, 22, 23, 10, 11, 7, 9, 5, 14, 18, 19, 2, 12, 15, 13, 8, 16], [2, 18, 14, 6, 19, 22, 7, 23, 10, 11, 9, 5, 12, 15, 13, 16, 8], [10, 14, 6, 11, 7, 5, 9, 22, 18, 19, 2, 23, 8, 12], [6, 2, 18, 19, 22, 23, 14, 10, 11, 7, 5, 9, 12, 15, 13, 16, 8], [14, 2, 10, 22, 11, 6, 7, 9, 5, 23, 18, 19, 8, 12], [14, 22, 10, 11, 18, 19, 2, 8, 6, 7, 9, 5, 12, 23], [18, 14, 22, 23, 19, 2, 6, 10, 7, 11, 9, 5, 12, 15, 13, 16, 8], [18, 22, 23, 19, 14, 2, 10, 6, 11, 7, 5, 9, 12, 15, 13, 8, 16], [2, 22, 6, 7, 23, 10, 11, 9, 5, 18, 19, 14, 8, 12], [18, 10, 11, 19, 22, 2, 14, 6, 7, 5, 9, 23, 8, 12], [14, 2, 6, 22, 7, 23, 10, 11, 9, 5, 18, 19, 12, 15, 13, 8, 16], [18, 10, 19, 6, 7, 11, 9, 5, 2, 22, 23, 14, 12, 15, 13, 8, 16], [14, 2, 10, 22, 23, 6, 7, 11, 5, 9, 18, 19, 8, 12], [18, 22, 23, 19, 14, 6, 10, 11, 7, 9, 5, 1, 8, 12], [18, 6, 19, 14, 2, 10, 7, 11, 5, 9, 22, 23, 12, 15, 13, 16, 8], [14, 10, 6, 11, 7, 5, 9, 18, 19, 22, 2, 23, 12, 15, 13, 8, 16], [2, 10, 14, 18, 11, 19, 22, 6, 7, 5, 9, 23, 12, 15, 13, 16, 8], [14, 18, 22, 23, 19, 6, 10, 7, 11, 5, 9, 2, 8, 12], [14, 18, 10, 11, 19, 22, 6, 7, 5, 9, 23, 2, 8, 12], [18, 2, 14, 10, 19, 22, 23, 6, 7, 11, 5, 9, 8, 12], [14, 22, 18, 23, 19, 2, 10, 6, 7, 11, 5, 9, 8, 12], [22, 2, 18, 19, 10, 11, 14, 23, 6, 7, 5, 9, 8, 12], [22, 2, 10, 23, 6, 11, 7, 5, 9, 14, 18, 19, 12, 15, 13, 16, 8], [2, 14, 10, 6, 11, 7, 5, 9, 22, 18, 19, 23, 8, 12], [18, 22, 23, 19, 2, 10, 6, 7, 11, 9, 5, 13, 14, 8, 12], [18, 22, 19, 6, 7, 23, 2, 10, 11, 5, 9, 14, 12, 15, 13, 8, 16], [22, 14, 6, 7, 23, 18, 19, 2, 10, 11, 5, 9, 12, 15, 13, 8, 16], [22, 6, 7, 23, 18, 19, 10, 11, 5, 9, 2, 14, 12, 15, 13, 16, 8], [18, 22, 23, 19, 2, 6, 10, 11, 7, 5, 9, 14, 12, 15, 13, 16, 8], [22, 10, 23, 18, 19, 6, 11, 7, 9, 5, 2, 14, 12, 15, 13, 16, 8], [6, 14, 2, 18, 7, 19, 22, 23, 10, 11, 9, 5, 12, 15, 13, 16, 8], [14, 22, 18, 19, 2, 10, 11, 6, 7, 9, 5, 23, 12, 15, 13, 8, 16], [22, 18, 23, 19, 10, 6, 7, 11, 5, 9, 2, 14, 12, 15, 13, 16, 8], [22, 18, 19, 6, 23, 10, 11, 7, 9, 5, 14, 2, 12, 15, 13, 16, 8], [2, 18, 10, 19, 14, 6, 11, 7, 5, 9, 22, 23, 8, 12], [18, 14, 22, 23, 19, 2, 10, 6, 7, 11, 5, 9, 8, 12], [22, 14, 10, 11, 2, 23, 18, 19, 6, 7, 9, 5, 12, 15, 13, 16, 8], [14, 10, 6, 7, 11, 9, 5, 3, 22, 23, 18, 19, 8, 12], [22, 18, 19, 10, 23, 2, 6, 7, 11, 5, 9, 14, 8, 12], [2, 6, 18, 19, 10, 7, 11, 5, 9, 22, 14, 23, 8, 12], [14, 18, 6, 19, 22, 7, 23, 2, 10, 11, 9, 5, 8, 12], [6, 14, 2, 18, 7, 19, 22, 23, 10, 11, 5, 9, 8, 12], [10, 18, 19, 2, 6, 11, 7, 9, 5, 14, 22, 23, 12, 15, 13, 16, 8], [22, 18, 23, 19, 6, 14, 10, 7, 11, 5, 9, 2, 12, 15, 13, 8, 16], [6, 18, 7, 19, 2, 14, 22, 23, 10, 11, 9, 5, 12, 15, 13, 16, 8], [14, 2, 18, 22, 19, 6, 7, 23, 10, 11, 9, 5, 8, 12], [2, 14, 22, 6, 7, 23, 18, 19, 10, 11, 5, 9, 12, 15, 13, 8, 16], [2, 18, 22, 19, 14, 6, 7, 23, 10, 11, 5, 9, 12, 15, 13, 16, 8], [10, 2, 14, 22, 11, 18, 19, 6, 7, 5, 9, 23, 12, 15, 13, 16, 8], [14, 18, 22, 23, 19, 2, 6, 10, 7, 11, 9, 5, 8, 12], [14, 6, 18, 7, 19, 10, 11, 5, 9, 2, 22, 23, 8, 12], [14, 10, 22, 23, 6, 11, 7, 5, 9, 18, 19, 2, 8, 12], [18, 14, 22, 23, 19, 6, 10, 7, 11, 5, 9, 2, 12, 15, 13, 8, 16], [14, 18, 6, 7, 19, 10, 11, 5, 9, 2, 22, 23, 8, 12], [22, 2, 10, 23, 14, 6, 7, 11, 5, 9, 18, 19, 12, 15, 13, 16, 8], [10, 6, 11, 7, 9, 5, 23, 18, 19, 14, 2, 8, 12], [18, 22, 19, 10, 11, 2, 14, 6, 7, 9, 5, 23, 8, 12], [2, 18, 22, 19, 14, 6, 23, 10, 7, 11, 9, 5, 12, 15, 13, 8, 16], [6, 18, 7, 19, 22, 23, 10, 11, 9, 5, 2, 14, 12, 15, 13, 8, 16], [2, 6, 18, 19, 22, 23, 14, 10, 7, 11, 5, 9, 8, 12], [10, 18, 11, 19, 4, 14, 6, 7, 5, 9, 22, 23, 2, 12, 15, 13, 8, 16], [22, 6, 23, 14, 18, 7, 19, 2, 10, 11, 9, 5, 12, 15, 13, 16, 8], [18, 14, 10, 11, 19, 22, 6, 7, 9, 5, 23, 2, 8, 12], [18, 2, 22, 19, 10, 11, 7, 23, 14, 6, 5, 9, 8, 12], [6, 22, 23, 14, 2, 18, 7, 19, 10, 11, 5, 9, 12, 15, 13, 8, 16], [10, 2, 14, 18, 19, 6, 7, 11, 5, 9, 22, 23, 12, 15, 13, 8, 16], [2, 18, 10, 11, 19, 6, 7, 5, 9, 14, 22, 23, 12, 15, 13, 16, 8], [18, 2, 22, 19, 6, 23, 10, 11, 7, 9, 5, 14, 8, 12], [2, 6, 10, 7, 11, 5, 9, 18, 19, 14, 22, 23, 12, 15, 13, 8, 16], [18, 22, 19, 6, 7, 23, 14, 10, 11, 9, 5, 2, 12, 15, 13, 8, 16], [2, 14, 22, 6, 23, 18, 19, 10, 7, 11, 9, 5, 8, 12], [2, 14, 6, 22, 7, 23, 10, 11, 5, 9, 18, 19, 12, 15, 13, 16, 8], [10, 6, 7, 11, 5, 9, 2, 18, 19, 22, 21, 23, 14, 12, 15, 13, 16, 8], [22, 18, 19, 14, 6, 23, 2, 10, 11, 7, 9, 5, 8, 12], [14, 18, 2, 6, 19, 22, 7, 23, 10, 11, 5, 9, 8, 12], [18, 22, 19, 2, 10, 23, 14, 6, 11, 7, 9, 5, 12, 15, 13, 8, 16], [22, 14, 6, 23, 18, 7, 19, 10, 11, 9, 5, 2, 8, 12], [6, 14, 22, 7, 23, 2, 10, 11, 9, 5, 18, 19, 12, 15, 13, 8, 16], [14, 10, 22, 11, 6, 7, 9, 5, 18, 19, 23, 2, 8, 12], [14, 22, 18, 19, 2, 10, 11, 6, 7, 9, 5, 23, 8, 12], [6, 2, 22, 23, 10, 7, 11, 9, 5, 14, 18, 19, 12, 15, 13, 8, 16], [6, 22, 7, 23, 14, 10, 11, 5, 9, 18, 19, 2, 12, 15, 13, 16, 8], [14, 22, 18, 19, 2, 6, 7, 23, 10, 11, 9, 5, 8, 12], [18, 22, 23, 19, 10, 14, 6, 11, 7, 5, 9, 2, 8, 12], [18, 14, 6, 7, 19, 2, 22, 23, 10, 11, 5, 9, 12, 15, 13, 8, 16], [22, 6, 7, 23, 14, 2, 18, 19, 10, 11, 5, 9, 12, 15, 13, 16, 8], [14, 6, 22, 23, 18, 7, 19, 10, 11, 9, 5, 2, 12, 15, 13, 8, 16], [18, 14, 2, 10, 19, 22, 23, 6, 11, 7, 5, 9, 8, 12], [22, 10, 23, 2, 18, 11, 19, 6, 7, 5, 9, 14, 8, 12], [10, 6, 7, 11, 9, 5, 14, 18, 19, 22, 23, 2, 8, 12], [2, 6, 10, 7, 11, 5, 9, 18, 19, 14, 22, 23, 8, 12], [22, 18, 23, 19, 2, 14, 6, 10, 11, 7, 9, 5, 8, 12], [10, 18, 11, 19, 2, 14, 6, 7, 9, 5, 22, 23, 8, 12], [10, 18, 19, 14, 22, 11, 2, 6, 7, 9, 5, 23, 8, 12], [2, 22, 6, 23, 14, 10, 7, 11, 5, 9, 18, 19, 8, 12], [22, 14, 6, 23, 10, 7, 11, 5, 9, 18, 19, 2, 12, 15, 13, 16, 8], [2, 18, 10, 19, 6, 11, 7, 5, 9, 22, 14, 21, 23, 12, 15, 13, 8, 16], [10, 6, 11, 7, 5, 9, 22, 2, 14, 23, 18, 19, 8, 12], [18, 10, 19, 14, 2, 6, 7, 11, 9, 5, 22, 23, 12, 15, 13, 8, 16], [10, 2, 14, 18, 11, 19, 6, 7, 9, 5, 22, 23, 8, 12], [2, 6, 18, 19, 10, 7, 11, 9, 5, 22, 14, 23, 12, 15, 13, 8, 16], [18, 2, 22, 23, 19, 10, 6, 7, 11, 9, 5, 14, 12, 15, 13, 16, 8], [14, 10, 22, 23, 2, 6, 7, 11, 9, 5, 18, 19, 8, 12], [22, 2, 14, 10, 11, 19, 6, 7, 5, 9, 23, 8, 12], [18, 6, 7, 19, 14, 10, 11, 9, 5, 22, 23, 2, 12, 15, 13, 8, 16], [6, 18, 7, 19, 14, 10, 11, 5, 9, 22, 2, 23, 12, 15, 13, 8, 16], [14, 6, 2, 18, 19, 10, 7, 11, 9, 5, 23, 12, 15, 13, 8, 16], [14, 18, 10, 19, 22, 23, 6, 7, 11, 5, 9, 2, 8, 12], [6, 10, 7, 11, 9, 5, 14, 2, 18, 19, 22, 23, 8, 12], [18, 22, 19, 14, 10, 11, 2, 23, 6, 7, 5, 9, 12, 15, 13, 8, 16], [10, 6, 7, 11, 9, 5, 18, 19, 22, 23, 2, 14, 12, 15, 13, 8, 16], [2, 6, 22, 23, 18, 7, 19, 14, 10, 11, 9, 5, 12, 15, 13, 8, 16], [10, 18, 11, 19, 6, 7, 5, 9, 22, 23, 14, 2, 12, 15, 13, 16, 8], [18, 10, 19, 6, 7, 11, 9, 5, 2, 14, 22, 23, 12, 15, 13, 16, 8], [2, 22, 14, 18, 19, 10, 23, 6, 7, 11, 9, 5, 8, 12], [6, 14, 10, 11, 7, 5, 9, 18, 19, 2, 22, 23, 12, 15, 13, 8, 16], [6, 22, 7, 23, 10, 11, 9, 5, 19, 2, 14, 12, 15, 13, 8, 16], [2, 6, 22, 23, 14, 18, 19, 10, 11, 7, 5, 9, 8, 12], [6, 22, 7, 23, 10, 11, 9, 5, 2, 18, 19, 14, 12, 15, 13, 8, 16], [14, 18, 2, 10, 19, 6, 7, 11, 5, 9, 22, 23, 8, 12], [2, 10, 14, 18, 19, 6, 7, 11, 5, 9, 22, 23, 12, 15, 13, 16, 8], [6, 10, 7, 11, 9, 5, 22, 23, 14, 2, 18, 19, 8, 12], [10, 2, 14, 18, 19, 6, 7, 11, 9, 5, 22, 23, 12, 15, 13, 16, 8], [22, 10, 11, 6, 7, 5, 9, 14, 23, 2, 19, 8, 12], [6, 22, 7, 23, 18, 19, 10, 11, 9, 5, 2, 14, 12, 15, 13, 16, 8], [18, 6, 19, 22, 23, 14, 2, 10, 7, 11, 5, 9, 8, 12], [6, 22, 23, 10, 7, 11, 5, 9, 2, 14, 18, 19, 12, 15, 13, 16, 8], [2, 18, 14, 6, 19, 22, 7, 23, 10, 11, 5, 9, 12, 15, 13, 16, 8], [14, 10, 6, 7, 11, 5, 9, 18, 19, 23, 2, 8, 12], [6, 18, 19, 10, 11, 7, 9, 5, 1, 14, 22, 23, 8, 12], [10, 22, 11, 18, 19, 14, 2, 6, 7, 5, 9, 23, 12, 15, 13, 8, 16], [10, 18, 11, 19, 2, 22, 23, 14, 6, 7, 5, 9, 12, 15, 13, 16, 8], [14, 10, 6, 7, 11, 9, 5, 2, 22, 23, 18, 19, 12, 15, 13, 16, 8], [6, 22, 7, 23, 2, 14, 10, 11, 5, 9, 18, 19, 12, 15, 13, 8, 16], [22, 2, 18, 23, 19, 14, 6, 10, 11, 7, 9, 5, 8, 12], [10, 14, 18, 19, 2, 6, 11, 7, 9, 5, 22, 23, 8, 12], [18, 6, 19, 10, 7, 11, 5, 9, 14, 2, 22, 23, 8, 12], [10, 6, 11, 7, 9, 5, 14, 18, 19, 2, 22, 23, 8, 12], [18, 2, 14, 6, 7, 19, 10, 11, 9, 5, 22, 23, 8, 12], [2, 10, 22, 11, 18, 19, 14, 6, 7, 9, 5, 23, 8, 12], [10, 18, 19, 14, 22, 11, 23, 2, 7, 6, 9, 5, 8, 12], [22, 6, 23, 2, 18, 7, 19, 14, 10, 11, 9, 5, 8, 12], [22, 2, 6, 7, 23, 14, 18, 19, 10, 11, 9, 5, 8, 12], [22, 10, 23, 2, 18, 19, 6, 7, 11, 5, 9, 14, 8, 12], [10, 6, 7, 11, 5, 9, 22, 23, 2, 18, 19, 15, 14, 13, 16, 8, 12], [10, 6, 11, 7, 5, 9, 22, 14, 18, 19, 2, 23, 12, 15, 13, 16, 8], [22, 14, 10, 11, 6, 7, 5, 9, 18, 19, 2, 23, 12, 15, 13, 8, 16], [22, 10, 23, 2, 6, 7, 11, 9, 5, 18, 19, 14, 12, 15, 13, 8, 16], [14, 18, 10, 19, 22, 11, 23, 2, 6, 7, 5, 9, 8, 12], [6, 14, 10, 11, 7, 9, 5, 22, 2, 18, 19, 23, 12, 15, 13, 8, 16], [2, 18, 14, 6, 7, 19, 10, 11, 9, 5, 22, 23, 12, 15, 13, 8, 16], [10, 14, 18, 11, 19, 6, 7, 5, 9, 22, 23, 2, 8, 12], [10, 2, 22, 11, 19, 14, 23, 6, 7, 5, 9, 8, 12], [6, 18, 7, 19, 10, 11, 5, 9, 14, 2, 22, 23, 12, 15, 13, 16, 8], [10, 2, 18, 19, 14, 22, 23, 6, 7, 11, 9, 5, 8, 12], [18, 14, 10, 19, 22, 11, 2, 23, 6, 7, 9, 5, 8, 12], [22, 2, 6, 23, 18, 7, 19, 10, 11, 5, 9, 14, 12, 15, 13, 8, 16], [22, 2, 14, 18, 23, 19, 6, 10, 11, 7, 9, 5, 8, 12], [14, 2, 22, 10, 11, 18, 19, 6, 7, 5, 9, 23, 12, 15, 13, 16, 8], [18, 22, 23, 19, 10, 14, 6, 11, 7, 9, 5, 2, 12, 15, 13, 8, 16], [10, 2, 22, 23, 14, 6, 7, 11, 5, 9, 18, 19, 12, 15, 13, 16, 8], [10, 22, 23, 6, 11, 7, 5, 9, 18, 19, 2, 14, 12, 15, 13, 8, 16], [22, 10, 23, 2, 6, 11, 7, 5, 9, 14, 18, 19, 12, 15, 13, 16, 8], [6, 18, 19, 22, 7, 23, 2, 14, 10, 11, 5, 9, 8, 12], [14, 2, 6, 18, 7, 19, 22, 23, 10, 11, 5, 9, 8, 12], [14, 10, 6, 11, 7, 5, 9, 22, 2, 23, 18, 19, 8, 12], [22, 14, 10, 23, 18, 11, 19, 6, 7, 5, 9, 2, 12, 15, 13, 16, 8], [10, 14, 18, 19, 6, 7, 11, 5, 9, 3, 22, 23, 8, 12], [2, 22, 18, 23, 19, 6, 10, 11, 7, 9, 5, 14, 12, 15, 13, 16, 8], [22, 10, 11, 2, 18, 19, 14, 6, 7, 9, 5, 23, 12, 15, 13, 8, 16], [10, 18, 19, 14, 2, 22, 23, 6, 7, 11, 5, 9, 8, 12], [22, 10, 23, 18, 11, 19, 6, 7, 9, 5, 2, 14, 12, 15, 13, 8, 16], [14, 18, 2, 6, 7, 19, 10, 11, 9, 5, 22, 23, 8, 12], [6, 22, 7, 23, 18, 19, 2, 10, 11, 9, 5, 14, 8, 12], [18, 6, 7, 19, 14, 10, 11, 5, 9, 22, 23, 2, 8, 12], [6, 14, 22, 23, 2, 10, 11, 7, 5, 9, 18, 19, 8, 12], [6, 10, 11, 7, 9, 5, 2, 22, 18, 19, 14, 23, 12, 15, 13, 8, 16], [18, 22, 23, 19, 2, 14, 6, 10, 11, 7, 9, 5, 8, 12], [6, 2, 18, 7, 19, 14, 22, 23, 10, 11, 9, 5, 8, 12], [14, 6, 10, 11, 7, 5, 9, 2, 18, 19, 22, 23, 12, 15, 13, 8, 16], [6, 18, 7, 19, 14, 10, 11, 9, 5, 23, 2, 8, 12], [14, 22, 18, 23, 19, 6, 2, 10, 7, 11, 9, 5, 12, 15, 13, 16, 8], [22, 6, 7, 23, 10, 11, 5, 9, 15, 14, 13, 16, 18, 19, 2, 12, 8], [6, 10, 11, 7, 5, 9, 22, 23, 14, 2, 18, 19, 12, 15, 13, 8, 16], [6, 14, 2, 22, 7, 23, 10, 11, 9, 5, 18, 19, 8, 12], [22, 6, 7, 23, 10, 11, 9, 5, 2, 18, 19, 14, 8, 12], [22, 10, 23, 6, 7, 11, 9, 5, 2, 18, 19, 14, 8, 12], [2, 6, 22, 23, 10, 7, 11, 5, 9, 14, 18, 19, 8, 12], [2, 6, 18, 7, 19, 22, 23, 10, 11, 5, 9, 14, 12, 15, 13, 8, 16], [6, 14, 18, 19, 22, 7, 23, 10, 11, 5, 9, 2, 12, 15, 13, 8, 16], [18, 14, 22, 23, 19, 6, 2, 10, 7, 11, 5, 9, 8, 12], [14, 6, 18, 19, 10, 7, 11, 5, 9, 2, 22, 23, 12, 15, 13, 16, 8], [18, 6, 19, 14, 2, 10, 7, 11, 5, 9, 22, 23, 12, 15, 13, 16, 8], [6, 18, 7, 19, 14, 2, 10, 11, 5, 9, 22, 23, 12, 15, 13, 16, 8], [18, 14, 22, 19, 10, 11, 2, 6, 7, 5, 9, 23, 12, 15, 13, 8, 16], [10, 18, 19, 22, 23, 14, 2, 6, 7, 11, 5, 9, 8, 12], [6, 14, 2, 18, 19, 22, 7, 23, 10, 11, 5, 9, 12, 15, 13, 16, 8], [6, 10, 11, 7, 5, 9, 2, 14, 22, 23, 18, 19, 8, 12], [10, 22, 11, 14, 6, 7, 5, 9, 2, 18, 19, 23, 8, 12], [18, 22, 19, 2, 6, 23, 10, 7, 11, 9, 5, 14, 8, 12], [10, 14, 2, 18, 11, 19, 6, 7, 5, 9, 22, 23, 8, 12], [14, 2, 18, 22, 23, 19, 6, 10, 7, 11, 5, 9, 8, 12], [18, 14, 2, 22, 23, 19, 6, 10, 7, 11, 9, 5, 12, 15, 13, 8, 16], [6, 2, 10, 7, 11, 5, 9, 14, 18, 19, 22, 23, 12, 15, 13, 16, 8], [18, 6, 7, 19, 14, 2, 22, 23, 10, 11, 9, 5, 12, 15, 13, 16, 8], [18, 14, 22, 23, 19, 10, 2, 6, 11, 7, 9, 5, 8, 12], [10, 2, 18, 11, 19, 14, 22, 23, 6, 7, 5, 9, 12, 15, 13, 8, 16], [14, 6, 2, 18, 19, 22, 7, 23, 10, 11, 5, 9, 12, 15, 13, 16, 8], [18, 22, 23, 19, 10, 6, 11, 7, 9, 5, 14, 2, 8, 12], [2, 18, 10, 19, 14, 22, 23, 6, 7, 11, 5, 9, 8, 12], [22, 14, 10, 11, 18, 19, 6, 7, 5, 9, 2, 23, 12, 15, 13, 16, 8], [2, 18, 10, 11, 19, 22, 14, 6, 7, 9, 5, 23, 12, 15, 13, 8, 16], [18, 2, 10, 11, 19, 24, 6, 7, 9, 5, 14, 8, 12], [6, 2, 18, 7, 19, 22, 23, 14, 10, 11, 5, 9, 8, 12], [2, 22, 10, 11, 14, 18, 19, 6, 7, 5, 9, 23, 8, 12], [14, 22, 6, 23, 2, 18, 19, 10, 11, 7, 9, 5, 12, 15, 13, 16, 8], [10, 2, 18, 19, 6, 7, 11, 9, 5, 14, 22, 23, 12, 15, 13, 16, 8], [10, 18, 11, 19, 6, 7, 5, 9, 3, 22, 23, 15, 14, 13, 16, 12, 8], [18, 10, 11, 19, 14, 23, 6, 7, 9, 5, 2, 8, 12], [18, 10, 11, 19, 14, 22, 23, 6, 7, 9, 5, 2, 12, 15, 13, 8, 16], [22, 18, 23, 19, 10, 14, 6, 7, 11, 9, 5, 2, 12, 15, 13, 16, 8], [22, 10, 23, 14, 18, 11, 19, 2, 6, 7, 9, 5, 8, 12], [14, 18, 10, 19, 6, 11, 7, 5, 9, 2, 22, 23, 8, 12], [6, 14, 22, 23, 2, 10, 11, 7, 9, 5, 18, 19, 12, 15, 13, 16, 8], [18, 14, 22, 23, 19, 6, 10, 7, 11, 9, 5, 2, 12, 15, 13, 16, 8], [2, 6, 22, 7, 23, 18, 19, 14, 10, 11, 9, 5, 8, 12], [6, 10, 11, 7, 9, 5, 18, 19, 2, 22, 14, 23, 8, 12], [14, 18, 10, 19, 2, 22, 11, 6, 7, 9, 5, 23, 8, 12], [6, 22, 7, 23, 10, 11, 5, 9, 2, 18, 19, 14, 12, 15, 13, 16, 8], [14, 6, 2, 10, 11, 7, 9, 5, 18, 19, 22, 23, 8, 12], [22, 18, 19, 14, 10, 23, 2, 6, 7, 11, 5, 9, 8, 12], [2, 10, 22, 23, 18, 11, 19, 6, 7, 5, 9, 14, 8, 12], [6, 10, 7, 11, 5, 9, 22, 18, 19, 23, 2, 14, 8, 12], [6, 10, 7, 11, 5, 9, 22, 23, 19, 2, 13, 14, 12, 15, 16, 8], [22, 6, 7, 23, 10, 11, 9, 5, 14, 2, 18, 19, 8, 12], [14, 6, 2, 10, 7, 11, 5, 9, 18, 19, 22, 23, 8, 12], [10, 6, 11, 7, 5, 9, 14, 22, 23, 2, 18, 19, 8, 12], [6, 18, 7, 19, 2, 22, 23, 14, 10, 11, 5, 9, 8, 12], [6, 14, 2, 22, 23, 10, 11, 7, 9, 5, 18, 19, 8, 12], [2, 6, 22, 7, 23, 18, 19, 10, 11, 5, 9, 14, 12, 15, 13, 16, 8], [6, 10, 7, 11, 9, 5, 2, 18, 19, 22, 14, 23, 12, 15, 13, 16, 8], [6, 22, 7, 23, 10, 11, 5, 9, 14, 2, 18, 19, 12, 15, 13, 16, 8], [14, 2, 10, 18, 19, 6, 11, 7, 5, 9, 22, 23, 12, 15, 13, 8, 16], [22, 2, 14, 10, 23, 18, 19, 6, 11, 7, 9, 5, 8, 12], [10, 6, 11, 7, 9, 5, 22, 18, 19, 23, 2, 14, 8, 12], [18, 10, 11, 19, 6, 7, 9, 5, 2, 21, 22, 23, 16, 8, 12], [14, 6, 2, 22, 23, 10, 7, 11, 9, 5, 18, 19, 8, 12], [14, 10, 2, 18, 19, 6, 11, 7, 9, 5, 22, 23, 12, 15, 13, 8, 16], [14, 2, 6, 22, 23, 18, 19, 10, 11, 7, 9, 5, 8, 12], [22, 10, 11, 14, 23, 2, 6, 7, 5, 9, 18, 19, 12, 15, 13, 8, 16], [2, 14, 22, 10, 11, 23, 6, 7, 5, 9, 19, 12, 15, 13, 16, 8], [22, 2, 6, 7, 23, 10, 11, 9, 5, 14, 17, 20, 12, 15, 13, 16, 8], [22, 2, 10, 11, 6, 7, 5, 9, 18, 19, 23, 14, 8, 12], [14, 10, 2, 18, 11, 19, 22, 23, 6, 7, 9, 5, 8, 12], [10, 14, 2, 6, 7, 11, 5, 9, 23, 18, 19, 8, 12], [18, 2, 6, 7, 19, 22, 23, 14, 10, 11, 5, 9, 12, 15, 13, 16, 8], [22, 2, 14, 18, 19, 6, 23, 10, 11, 7, 9, 5, 8, 12], [6, 10, 11, 7, 5, 9, 2, 22, 14, 23, 18, 19, 12, 15, 13, 8, 16], [14, 2, 10, 18, 19, 6, 11, 7, 5, 9, 22, 23, 8, 12], [6, 18, 7, 19, 2, 10, 11, 5, 9, 14, 21, 22, 23, 8, 12], [22, 18, 23, 19, 6, 2, 10, 7, 11, 5, 9, 14, 8, 12], [14, 2, 18, 22, 23, 19, 10, 6, 7, 11, 9, 5, 8, 12], [10, 18, 19, 22, 23, 6, 11, 7, 5, 9, 2, 14, 12, 15, 13, 16, 8], [6, 10, 11, 7, 9, 5, 3, 18, 19, 22, 23, 14, 12, 15, 13, 8, 16], [14, 18, 22, 19, 10, 11, 6, 7, 5, 9, 2, 23, 8, 12], [10, 22, 23, 18, 11, 19, 6, 7, 9, 5, 2, 14, 8, 12], [2, 10, 14, 18, 11, 19, 6, 7, 9, 5, 22, 23, 8, 12], [10, 22, 11, 14, 6, 7, 5, 9, 23, 18, 19, 2, 8, 12], [6, 18, 7, 19, 14, 10, 11, 5, 9, 22, 21, 23, 2, 12, 15, 13, 16, 8], [18, 6, 19, 14, 2, 22, 23, 10, 11, 7, 9, 5, 12, 15, 13, 16, 8], [18, 14, 6, 19, 10, 7, 11, 5, 9, 22, 2, 23, 12, 15, 13, 8, 16], [10, 14, 2, 22, 11, 6, 7, 9, 5, 18, 19, 23, 12, 15, 13, 8, 16], [18, 6, 19, 14, 2, 10, 7, 11, 9, 5, 22, 23, 12, 15, 13, 8, 16], [22, 10, 23, 14, 2, 18, 11, 19, 6, 7, 5, 9, 8, 12], [22, 6, 7, 23, 18, 19, 2, 14, 10, 11, 5, 9, 8, 12], [10, 14, 6, 7, 11, 9, 5, 18, 19, 22, 23, 2, 8, 12], [2, 14, 6, 22, 7, 23, 18, 19, 10, 11, 9, 5, 12, 15, 13, 8, 16], [22, 6, 7, 23, 2, 10, 11, 9, 5, 14, 18, 19, 12, 15, 13, 8, 16], [10, 22, 23, 2, 6, 7, 11, 9, 5, 20, 14, 17, 12, 15, 13, 16, 8], [18, 22, 19, 6, 7, 23, 14, 10, 11, 9, 5, 2, 12, 15, 13, 8, 16], [14, 22, 6, 7, 23, 18, 19, 10, 11, 5, 9, 2, 8, 12], [14, 18, 2, 10, 19, 6, 11, 7, 5, 9, 22, 23, 8, 12], [2, 6, 14, 22, 7, 23, 10, 11, 5, 9, 18, 19, 8, 12], [6, 14, 2, 22, 7, 23, 10, 11, 9, 5, 18, 19, 12, 15, 13, 16, 8], [14, 10, 6, 7, 11, 9, 5, 2, 22, 23, 18, 19, 8, 12], [6, 22, 7, 23, 2, 18, 19, 10, 11, 5, 9, 14, 12, 15, 13, 8, 16], [10, 18, 11, 19, 22, 14, 6, 7, 9, 5, 23, 2, 8, 12], [22, 6, 23, 10, 11, 7, 5, 9, 18, 19, 14, 2, 8, 12], [14, 6, 22, 7, 23, 18, 19, 10, 11, 9, 5, 2, 8, 12], [2, 18, 14, 22, 23, 19, 10, 6, 7, 11, 9, 5, 8, 12], [6, 10, 7, 11, 5, 9, 18, 19, 2, 14, 22, 23, 12, 15, 13, 8, 16], [14, 22, 6, 7, 23, 18, 19, 2, 10, 11, 5, 9, 12, 15, 13, 16, 8], [2, 10, 14, 6, 7, 11, 5, 9, 22, 23, 18, 19, 12, 15, 13, 16, 8], [18, 2, 14, 6, 19, 22, 7, 23, 10, 11, 9, 5, 12, 15, 13, 16, 8], [22, 6, 7, 23, 18, 19, 2, 14, 10, 11, 9, 5, 12, 13, 15, 16, 8], [10, 2, 14, 22, 23, 6, 7, 11, 9, 5, 18, 19, 8, 12], [10, 22, 23, 6, 7, 11, 9, 5, 14, 18, 19, 2, 8, 12], [18, 2, 10, 19, 14, 6, 7, 11, 5, 9, 22, 23, 12, 15, 13, 8, 16], [22, 18, 23, 19, 10, 2, 14, 6, 7, 11, 9, 5, 8, 12], [6, 10, 7, 11, 5, 9, 22, 23, 2, 18, 19, 13, 14, 12, 15, 8, 16], [14, 22, 6, 7, 23, 10, 11, 5, 9, 18, 19, 2, 8, 12], [14, 22, 10, 11, 6, 7, 5, 9, 23, 2, 18, 19, 8, 12], [14, 22, 2, 10, 23, 6, 7, 11, 5, 9, 18, 19, 8, 12], [14, 22, 6, 7, 23, 18, 19, 2, 10, 11, 9, 5, 12, 15, 13, 8, 16], [2, 14, 10, 18, 19, 6, 11, 7, 9, 5, 22, 23, 12, 15, 13, 16, 8], [2, 10, 14, 18, 19, 22, 11, 6, 7, 9, 5, 23, 8, 12], [22, 2, 6, 7, 23, 18, 19, 14, 10, 11, 5, 9, 12, 15, 13, 8, 16], [14, 22, 18, 19, 10, 11, 6, 7, 9, 5, 23, 2, 12, 15, 13, 16, 8], [2, 14, 6, 18, 19, 22, 7, 23, 10, 11, 5, 9, 8, 12], [14, 2, 10, 22, 11, 23, 6, 7, 9, 5, 18, 19, 8, 12], [10, 6, 7, 11, 9, 5, 14, 3, 18, 19, 22, 23, 8, 12], [22, 6, 7, 23, 2, 14, 10, 11, 5, 9, 18, 19, 8, 12], [6, 2, 14, 10, 11, 7, 9, 5, 18, 19, 22, 23, 12, 15, 13, 16, 8], [6, 18, 7, 19, 10, 11, 5, 9, 14, 22, 23, 2, 12, 15, 13, 8, 16], [18, 14, 22, 23, 19, 6, 2, 10, 7, 11, 9, 5, 12, 15, 13, 16, 8], [14, 18, 2, 22, 19, 10, 11, 6, 7, 9, 5, 23, 8, 12], [6, 2, 18, 19, 10, 7, 11, 5, 9, 14, 22, 23, 8, 12], [2, 6, 18, 19, 10, 11, 7, 9, 5, 14, 22, 23, 12, 15, 13, 8, 16], [6, 22, 23, 2, 18, 7, 19, 10, 11, 5, 9, 14, 8, 12], [2, 10, 14, 6, 7, 11, 5, 9, 22, 18, 19, 23, 12, 15, 13, 16, 8], [6, 14, 22, 23, 10, 7, 11, 9, 5, 18, 19, 2, 8, 12], [2, 18, 10, 19, 6, 11, 7, 5, 9, 22, 14, 23, 8, 12], [2, 10, 6, 11, 7, 9, 5, 19, 14, 22, 23, 8, 12], [2, 10, 22, 23, 6, 11, 7, 9, 5, 14, 18, 19, 8, 12], [10, 2, 22, 23, 18, 11, 19, 6, 7, 5, 9, 14, 8, 12], [6, 22, 7, 23, 2, 18, 19, 10, 11, 5, 9, 14, 12, 15, 13, 16, 8], [22, 6, 23, 10, 11, 7, 9, 5, 19, 14, 2, 8, 12], [22, 14, 6, 23, 10, 7, 11, 5, 9, 18, 19, 2, 12, 15, 13, 8, 16], [2, 18, 10, 19, 6, 11, 7, 5, 9, 14, 22, 23, 8, 12], [10, 2, 22, 11, 14, 18, 19, 6, 7, 5, 9, 23, 12, 15, 13, 8, 16], [2, 22, 18, 23, 19, 14, 10, 6, 7, 11, 9, 5, 8, 12], [2, 6, 14, 10, 7, 11, 9, 5, 18, 19, 22, 23, 8, 12], [2, 14, 22, 6, 7, 23, 18, 19, 10, 11, 5, 9, 8, 12], [14, 2, 18, 22, 23, 19, 10, 6, 7, 11, 9, 5, 8, 12], [6, 22, 7, 23, 2, 10, 11, 5, 9, 18, 19, 14, 8, 12], [6, 18, 19, 22, 23, 14, 10, 11, 7, 9, 5, 2, 12, 15, 13, 16, 8], [10, 14, 22, 23, 18, 11, 19, 2, 6, 7, 5, 9, 12, 15, 13, 8, 16], [10, 18, 11, 19, 6, 7, 5, 9, 14, 22, 4, 23, 2, 12, 15, 13, 8, 16], [10, 18, 11, 19, 2, 6, 7, 9, 5, 14, 22, 23, 8, 12], [18, 22, 23, 19, 14, 6, 10, 11, 7, 9, 5, 2, 12, 15, 13, 8, 16], [14, 6, 22, 23, 18, 19, 2, 10, 11, 7, 5, 9, 12, 15, 13, 8, 16], [18, 2, 22, 23, 19, 10, 14, 6, 11, 7, 5, 9, 12, 15, 13, 16, 8], [22, 6, 7, 23, 18, 19, 2, 10, 11, 5, 9, 14, 12, 15, 13, 16, 8], [10, 18, 11, 19, 22, 14, 2, 6, 7, 9, 5, 23, 8, 12], [14, 2, 18, 6, 7, 19, 10, 11, 9, 5, 22, 23, 8, 12], [18, 14, 22, 19, 10, 11, 2, 6, 7, 5, 9, 23, 8, 12], [22, 14, 2, 6, 7, 23, 10, 11, 5, 9, 18, 19, 12, 15, 13, 16, 8], [6, 18, 7, 19, 22, 23, 10, 11, 5, 9, 2, 14, 8, 12], [18, 10, 19, 22, 23, 2, 6, 11, 7, 5, 9, 14, 8, 12], [6, 22, 23, 18, 19, 10, 7, 11, 9, 5, 14, 2, 8, 12], [2, 18, 10, 19, 6, 7, 11, 9, 5, 22, 23, 14, 12, 15, 13, 8, 16], [10, 14, 6, 11, 7, 5, 9, 22, 2, 23, 18, 19, 12, 15, 13, 16, 8], [6, 22, 23, 18, 19, 14, 2, 10, 7, 11, 5, 9, 8, 12], [10, 22, 11, 18, 19, 2, 14, 6, 7, 5, 9, 23, 8, 12], [18, 2, 22, 19, 14, 6, 23, 10, 7, 11, 5, 9, 8, 12], [14, 18, 6, 7, 19, 2, 22, 23, 10, 11, 5, 9, 12, 15, 13, 16, 8], [10, 2, 14, 18, 19, 22, 11, 23, 6, 7, 9, 5, 12, 15, 13, 8, 16], [22, 18, 23, 19, 6, 14, 10, 7, 11, 9, 5, 2, 12, 15, 13, 8, 16], [18, 2, 10, 11, 19, 14, 22, 6, 7, 9, 5, 23, 8, 12], [14, 22, 6, 7, 23, 2, 10, 11, 9, 5, 18, 19, 12, 15, 13, 8, 16], [18, 14, 6, 7, 19, 22, 23, 2, 10, 11, 5, 9, 12, 15, 13, 16, 8], [10, 6, 11, 7, 5, 9, 18, 19, 22, 21, 23, 14, 2, 12, 15, 13, 16, 8], [6, 10, 7, 11, 9, 5, 18, 19, 2, 22, 14, 23, 8, 12], [22, 18, 19, 2, 14, 6, 23, 10, 7, 11, 9, 5, 12, 15, 13, 8, 16], [22, 18, 23, 19, 14, 6, 10, 7, 11, 9, 5, 2, 8, 12], [2, 14, 22, 6, 7, 23, 10, 11, 9, 5, 18, 19, 12, 15, 13, 8, 16], [22, 6, 23, 10, 11, 7, 9, 5, 18, 19, 2, 14, 8, 12], [2, 22, 10, 23, 6, 7, 11, 5, 9, 18, 19, 14, 12, 15, 13, 16, 8], [10, 14, 22, 23, 2, 18, 11, 19, 6, 7, 9, 5, 12, 15, 13, 16, 8], [6, 10, 7, 11, 9, 5, 22, 2, 18, 19, 23, 14, 12, 15, 13, 8, 16], [2, 14, 18, 6, 19, 10, 7, 11, 9, 5, 22, 23, 12, 15, 13, 8, 16], [18, 2, 10, 11, 19, 22, 6, 7, 9, 5, 23, 14, 8, 12], [14, 18, 22, 23, 19, 10, 6, 7, 11, 9, 5, 2, 12, 15, 13, 8, 16], [2, 18, 14, 6, 19, 22, 7, 23, 10, 11, 5, 9, 12, 15, 13, 16, 8], [22, 14, 10, 11, 2, 23, 6, 7, 9, 5, 18, 19, 12, 15, 13, 16, 8], [22, 2, 10, 23, 6, 7, 11, 5, 9, 18, 19, 14, 12, 15, 13, 16, 8], [18, 6, 19, 10, 11, 7, 9, 5, 2, 13, 14, 22, 23, 12, 15, 16, 8], [6, 22, 7, 23, 18, 19, 14, 10, 11, 5, 9, 2, 8, 12], [2, 6, 10, 11, 7, 9, 5, 22, 14, 23, 18, 19, 8, 12], [22, 18, 23, 19, 10, 6, 7, 11, 9, 5, 2, 15, 14, 13, 12, 8, 16], [6, 18, 19, 10, 7, 11, 5, 9, 2, 14, 22, 23, 12, 15, 13, 16, 8], [18, 2, 14, 22, 23, 19, 10, 6, 7, 11, 9, 5, 12, 15, 13, 16, 8], [6, 2, 18, 7, 19, 14, 10, 11, 9, 5, 22, 23, 12, 15, 13, 16, 8], [6, 2, 14, 10, 11, 7, 5, 9, 18, 19, 22, 21, 23, 8, 12], [14, 18, 2, 22, 23, 19, 6, 10, 7, 11, 5, 9, 12, 15, 13, 16, 8], [2, 6, 10, 7, 11, 9, 5, 15, 14, 13, 16, 18, 19, 23, 12, 8], [2, 22, 6, 7, 23, 10, 11, 9, 5, 18, 19, 14, 8, 12], [14, 18, 6, 7, 19, 22, 23, 10, 11, 9, 5, 2, 8, 12], [2, 14, 18, 6, 19, 22, 7, 23, 10, 11, 9, 5, 8, 12], [2, 18, 22, 23, 19, 6, 10, 7, 11, 5, 9, 14, 8, 12], [18, 6, 19, 22, 23, 10, 11, 7, 5, 9, 14, 2, 12, 15, 13, 16, 8], [14, 2, 18, 22, 23, 19, 10, 6, 7, 11, 9, 5, 8, 12], [18, 6, 7, 19, 22, 23, 2, 14, 10, 11, 9, 5, 12, 15, 13, 16, 8], [18, 22, 23, 19, 14, 10, 6, 7, 11, 9, 5, 2, 8, 12], [18, 22, 19, 6, 7, 23, 2, 14, 10, 11, 9, 5, 8, 12], [2, 6, 22, 23, 18, 7, 19, 10, 11, 5, 9, 14, 8, 12], [10, 22, 11, 1, 18, 19, 14, 6, 7, 5, 9, 23, 12, 15, 13, 16, 8], [2, 14, 22, 10, 23, 6, 7, 11, 9, 5, 18, 19, 8, 12], [10, 14, 6, 7, 11, 9, 5, 18, 19, 22, 2, 23, 12, 15, 13, 8, 16], [22, 10, 11, 14, 18, 19, 23, 6, 7, 9, 5, 2, 12, 15, 13, 16, 8], [2, 6, 22, 7, 23, 14, 10, 11, 9, 5, 20, 19, 8, 12], [2, 14, 10, 6, 7, 11, 5, 9, 22, 23, 18, 19, 8, 12], [6, 18, 7, 19, 10, 11, 9, 5, 14, 2, 22, 23, 12, 15, 13, 16, 8], [22, 14, 6, 7, 23, 2, 10, 11, 5, 9, 18, 19, 8, 12], [6, 18, 7, 19, 10, 11, 9, 5, 22, 2, 23, 14, 12, 15, 13, 8, 16], [22, 18, 19, 2, 14, 10, 11, 6, 7, 9, 5, 23, 8, 12], [2, 10, 14, 6, 7, 11, 9, 5, 18, 19, 22, 23, 12, 15, 13, 16, 8], [6, 14, 18, 19, 2, 22, 23, 10, 11, 7, 9, 5, 8, 12], [14, 2, 22, 6, 23, 10, 11, 7, 9, 5, 18, 19, 8, 12], [14, 6, 2, 10, 7, 11, 9, 5, 18, 19, 22, 23, 12, 15, 13, 16, 8], [6, 22, 7, 23, 14, 10, 11, 5, 9, 2, 18, 19, 8, 12], [6, 10, 7, 11, 9, 5, 14, 22, 2, 18, 19, 23, 12, 15, 13, 8, 16], [22, 2, 10, 11, 18, 19, 14, 7, 23, 6, 5, 9, 8, 12], [10, 14, 2, 18, 19, 6, 11, 7, 9, 5, 22, 23, 12, 15, 13, 8, 16], [6, 14, 10, 7, 11, 5, 9, 22, 23, 2, 18, 19, 12, 15, 13, 8, 16], [22, 6, 23, 18, 19, 2, 14, 10, 11, 7, 9, 5, 8, 12], [22, 2, 18, 23, 19, 14, 10, 6, 7, 11, 5, 9, 12, 15, 13, 8, 16], [10, 2, 14, 6, 11, 7, 9, 5, 18, 19, 22, 23, 12, 15, 13, 16, 8], [2, 18, 10, 19, 14, 6, 7, 11, 9, 5, 22, 23, 12, 15, 13, 8, 16], [10, 22, 23, 6, 11, 7, 5, 9, 14, 2, 19, 8, 12], [18, 10, 19, 2, 6, 11, 7, 9, 5, 14, 22, 23, 8, 12], [18, 14, 6, 7, 19, 2, 22, 23, 10, 11, 9, 5, 8, 12], [18, 2, 14, 22, 19, 10, 23, 6, 7, 11, 5, 9, 8, 12], [2, 14, 10, 22, 11, 6, 7, 9, 5, 23, 18, 19, 12, 15, 13, 16, 8], [10, 14, 2, 6, 11, 7, 9, 5, 18, 19, 22, 23, 12, 15, 13, 8, 16], [2, 14, 6, 22, 7, 23, 10, 11, 9, 5, 18, 19, 12, 15, 13, 16, 8], [18, 22, 19, 6, 23, 10, 7, 11, 9, 5, 14, 2, 12, 15, 13, 16, 8], [22, 18, 23, 19, 10, 2, 14, 6, 7, 11, 9, 5, 8, 12], [18, 10, 11, 19, 14, 22, 2, 6, 7, 5, 9, 23, 12, 15, 13, 8, 16], [6, 14, 18, 7, 19, 22, 23, 10, 11, 9, 5, 2, 12, 15, 13, 8, 16], [2, 14, 22, 18, 19, 6, 23, 10, 7, 11, 5, 9, 8, 12], [22, 2, 6, 23, 18, 7, 19, 14, 10, 11, 9, 5, 12, 15, 13, 16, 8], [14, 18, 6, 19, 10, 11, 7, 5, 9, 22, 23, 2, 8, 12], [14, 10, 22, 11, 2, 23, 18, 19, 7, 6, 9, 5, 8, 12], [22, 2, 18, 23, 19, 10, 6, 11, 7, 5, 9, 14, 8, 12], [14, 10, 18, 11, 19, 22, 2, 6, 7, 5, 9, 23, 8, 12], [6, 14, 22, 23, 2, 10, 11, 7, 5, 9, 18, 19, 12, 15, 13, 16, 8], [18, 22, 23, 19, 6, 2, 14, 10, 7, 11, 9, 5, 12, 15, 13, 8, 16], [18, 10, 11, 19, 14, 6, 7, 9, 5, 2, 22, 23, 8, 12], [18, 22, 19, 2, 10, 23, 14, 6, 7, 11, 9, 5, 8, 12], [22, 14, 18, 19, 10, 11, 23, 6, 7, 5, 9, 1, 8, 12], [10, 14, 2, 18, 11, 19, 22, 6, 7, 5, 9, 23, 12, 15, 13, 8, 16], [2, 18, 22, 19, 6, 23, 10, 11, 7, 5, 9, 14, 8, 12], [18, 22, 19, 2, 10, 23, 6, 7, 11, 5, 9, 14, 8, 12], [18, 22, 23, 19, 6, 2, 14, 10, 7, 11, 9, 5, 8, 12], [6, 10, 7, 11, 5, 9, 22, 18, 19, 14, 2, 23, 12, 15, 13, 8, 16], [22, 6, 23, 14, 10, 11, 7, 9, 5, 18, 19, 2, 12, 15, 13, 8, 16], [6, 2, 14, 18, 19, 10, 7, 11, 9, 5, 22, 23, 12, 15, 13, 8, 16], [10, 14, 18, 11, 19, 2, 6, 7, 9, 5, 22, 23, 12, 15, 13, 8, 16], [2, 10, 6, 11, 7, 9, 5, 22, 23, 14, 18, 19, 8, 12], [10, 6, 7, 11, 5, 9, 22, 14, 23, 2, 18, 19, 12, 15, 13, 8, 16], [6, 14, 10, 7, 11, 9, 5, 18, 19, 2, 22, 23, 12, 15, 13, 8, 16], [10, 6, 7, 11, 5, 9, 2, 22, 18, 19, 14, 23, 12, 15, 13, 16, 8], [2, 18, 10, 19, 14, 6, 7, 11, 5, 9, 22, 23, 8, 12], [14, 6, 18, 19, 22, 23, 2, 10, 7, 11, 9, 5, 12, 15, 13, 16, 8], [6, 14, 22, 23, 18, 7, 19, 2, 10, 11, 5, 9, 12, 15, 13, 16, 8], [22, 2, 10, 11, 18, 19, 14, 6, 7, 9, 5, 23, 12, 15, 13, 8, 16], [2, 22, 6, 23, 14, 18, 19, 10, 7, 11, 9, 5, 12, 15, 13, 16, 8], [10, 2, 18, 19, 6, 11, 7, 9, 5, 14, 22, 23, 12, 15, 13, 8, 16], [6, 18, 19, 10, 7, 11, 9, 5, 14, 2, 22, 23, 12, 15, 13, 16, 8], [14, 2, 18, 22, 19, 10, 11, 6, 7, 9, 5, 23, 12, 15, 13, 8, 16], [22, 6, 7, 23, 14, 2, 18, 19, 10, 11, 5, 9, 12, 15, 13, 16, 8], [14, 2, 18, 10, 19, 22, 11, 6, 7, 5, 9, 23, 12, 15, 13, 8, 16], [2, 18, 14, 22, 23, 19, 10, 6, 11, 7, 5, 9, 8, 12], [14, 10, 22, 11, 18, 19, 6, 7, 9, 5, 3, 23, 8, 12], [2, 6, 18, 7, 19, 14, 22, 23, 10, 11, 5, 9, 12, 15, 13, 8, 16], [10, 22, 11, 6, 7, 5, 9, 2, 14, 18, 19, 23, 12, 15, 13, 8, 16], [6, 14, 22, 7, 23, 10, 11, 9, 5, 2, 18, 19, 12, 15, 13, 8, 16], [22, 18, 19, 2, 6, 7, 23, 14, 10, 11, 5, 9, 8, 12], [22, 2, 18, 19, 14, 10, 23, 6, 11, 7, 9, 5, 12, 15, 13, 8, 16], [18, 14, 22, 23, 19, 6, 10, 7, 11, 5, 9, 2, 8, 12], [10, 2, 22, 23, 14, 18, 19, 6, 11, 7, 5, 9, 8, 12], [2, 14, 22, 18, 19, 6, 23, 10, 7, 11, 5, 9, 12, 15, 13, 8, 16], [22, 2, 14, 10, 23, 18, 11, 19, 6, 7, 9, 5, 12, 13, 15, 16, 8], [22, 6, 23, 18, 7, 19, 14, 10, 11, 5, 9, 2, 8, 12], [18, 2, 14, 10, 11, 19, 6, 7, 9, 5, 22, 23, 12, 15, 13, 16, 8], [22, 6, 23, 2, 18, 19, 14, 10, 11, 7, 9, 5, 12, 15, 13, 8, 16], [18, 14, 2, 22, 23, 19, 10, 6, 7, 11, 9, 5, 12, 15, 13, 8, 16], [22, 6, 7, 23, 18, 19, 14, 2, 10, 11, 9, 5, 8, 12], [2, 10, 18, 19, 14, 6, 7, 11, 5, 9, 22, 23, 8, 12], [18, 10, 19, 2, 22, 11, 14, 6, 7, 9, 5, 23, 8, 12], [18, 2, 10, 11, 19, 13, 14, 22, 6, 7, 9, 5, 23, 8, 12], [22, 18, 23, 19, 2, 6, 10, 11, 7, 9, 5, 14, 8, 12], [2, 18, 10, 11, 19, 6, 7, 9, 5, 22, 23, 14, 8, 12], [18, 14, 22, 19, 2, 6, 23, 10, 11, 7, 5, 9, 8, 12], [6, 18, 19, 10, 7, 11, 9, 5, 14, 2, 22, 23, 12, 15, 13, 8, 16], [14, 22, 6, 23, 2, 18, 7, 19, 10, 11, 5, 9, 8, 12], [10, 2, 6, 7, 11, 5, 9, 22, 23, 14, 18, 19, 12, 15, 13, 8, 16], [18, 14, 10, 11, 19, 6, 7, 9, 5, 22, 23, 2, 12, 15, 13, 8, 16], [22, 2, 6, 7, 23, 18, 19, 10, 11, 9, 5, 14, 12, 15, 13, 8, 16], [6, 10, 11, 7, 9, 5, 22, 14, 18, 19, 23, 2, 12, 15, 13, 8, 16], [10, 2, 6, 7, 11, 9, 5, 22, 14, 23, 18, 19, 12, 15, 13, 8, 16], [14, 10, 6, 7, 11, 9, 5, 22, 23, 2, 18, 19, 12, 15, 13, 16, 8], [14, 10, 2, 18, 19, 6, 7, 11, 9, 5, 22, 23, 8, 12], [6, 22, 7, 23, 10, 11, 9, 5, 2, 18, 19, 14, 8, 12], [2, 10, 22, 23, 14, 18, 19, 6, 11, 7, 9, 5, 8, 12], [2, 10, 14, 6, 11, 7, 9, 5, 19, 22, 23, 8, 12], [10, 2, 14, 22, 11, 18, 19, 6, 7, 9, 5, 23, 8, 12], [2, 18, 10, 11, 19, 22, 14, 6, 7, 5, 9, 23, 12, 15, 13, 8, 16], [2, 6, 18, 19, 14, 10, 7, 11, 9, 5, 22, 23, 8, 12], [22, 10, 23, 6, 11, 7, 9, 5, 14, 18, 19, 2, 8, 12], [2, 10, 6, 7, 11, 9, 5, 18, 19, 14, 22, 23, 12, 15, 13, 16, 8], [14, 22, 10, 23, 2, 6, 11, 7, 9, 5, 18, 19, 12, 15, 13, 16, 8], [14, 18, 2, 10, 19, 22, 11, 6, 7, 5, 9, 23, 12, 15, 13, 8, 16], [6, 18, 7, 19, 2, 22, 23, 10, 11, 5, 9, 14, 8, 12], [10, 18, 11, 19, 6, 7, 9, 5, 22, 23, 14, 2, 8, 12], [18, 10, 11, 19, 6, 7, 5, 9, 22, 14, 23, 2, 12, 15, 13, 8, 16], [18, 2, 14, 10, 11, 19, 22, 6, 7, 5, 9, 23, 12, 15, 13, 8, 16], [22, 18, 19, 14, 6, 7, 23, 10, 11, 5, 9, 2, 12, 15, 13, 16, 8], [10, 14, 22, 11, 2, 6, 7, 5, 9, 18, 19, 23, 8, 12], [22, 6, 7, 23, 2, 18, 19, 14, 10, 11, 9, 5, 8, 12], [14, 2, 10, 6, 7, 11, 9, 5, 22, 23, 18, 19, 8, 12], [2, 6, 18, 7, 19, 14, 10, 11, 9, 5, 22, 23, 12, 15, 13, 16, 8], [14, 10, 22, 23, 2, 6, 7, 11, 9, 5, 18, 19, 8, 12], [6, 14, 22, 23, 2, 10, 11, 7, 9, 5, 18, 19, 8, 12], [14, 18, 2, 10, 11, 19, 21, 22, 23, 6, 7, 9, 5, 12, 15, 13, 16, 8], [2, 10, 14, 6, 7, 11, 5, 9, 22, 23, 18, 19, 12, 15, 13, 16, 8], [6, 14, 18, 19, 10, 7, 11, 9, 5, 3, 22, 23, 8, 12], [10, 22, 11, 14, 6, 7, 9, 5, 23, 18, 19, 2, 8, 12], [22, 2, 6, 23, 14, 10, 7, 11, 5, 9, 18, 19, 12, 15, 13, 16, 8], [22, 6, 7, 23, 18, 19, 14, 2, 10, 11, 9, 5, 8, 12], [22, 10, 11, 6, 7, 9, 5, 23, 14, 18, 19, 2, 8, 12], [14, 2, 6, 22, 7, 23, 18, 19, 10, 11, 9, 5, 8, 12], [22, 10, 11, 23, 2, 14, 18, 19, 6, 7, 5, 9, 8, 12], [2, 10, 6, 7, 11, 9, 5, 18, 19, 14, 22, 23, 12, 15, 13, 8, 16], [14, 2, 18, 10, 19, 6, 7, 11, 5, 9, 22, 23, 12, 15, 13, 8, 16], [18, 2, 14, 10, 11, 19, 6, 7, 9, 5, 22, 23, 12, 15, 13, 16, 8], [14, 22, 18, 19, 10, 23, 2, 6, 11, 7, 9, 5, 12, 15, 13, 8, 16], [6, 18, 19, 2, 10, 7, 11, 5, 9, 22, 23, 14, 12, 15, 13, 16, 8], [6, 14, 22, 7, 23, 10, 11, 5, 9, 18, 19, 2, 12, 15, 13, 16, 8], [6, 2, 22, 23, 18, 19, 10, 7, 11, 9, 5, 14, 12, 15, 13, 8, 16], [6, 10, 7, 11, 5, 9, 18, 19, 22, 23, 2, 14, 12, 15, 13, 8, 16], [18, 10, 19, 2, 22, 23, 6, 11, 7, 5, 9, 14, 8, 12], [22, 14, 6, 23, 10, 7, 11, 5, 9, 18, 19, 2, 8, 12], [10, 22, 11, 6, 7, 5, 9, 18, 19, 23, 2, 14, 12, 15, 13, 8, 16], [6, 14, 22, 23, 2, 10, 7, 11, 9, 5, 18, 19, 8, 12], [2, 6, 10, 7, 11, 9, 5, 22, 18, 19, 23, 14, 8, 12], [2, 14, 18, 10, 19, 22, 11, 23, 6, 7, 9, 5, 8, 12], [6, 18, 19, 22, 7, 23, 2, 14, 10, 11, 5, 9, 8, 12], [14, 18, 2, 22, 23, 19, 10, 6, 7, 11, 5, 9, 8, 12], [10, 2, 6, 7, 11, 5, 9, 22, 14, 18, 19, 23, 8, 12], [10, 18, 11, 19, 2, 22, 6, 7, 9, 5, 23, 14, 8, 12], [22, 6, 7, 23, 14, 2, 18, 19, 10, 11, 5, 9, 12, 15, 13, 8, 16], [18, 22, 19, 10, 23, 2, 14, 6, 11, 7, 5, 9, 12, 15, 13, 8, 16], [14, 18, 10, 19, 2, 6, 7, 11, 5, 9, 22, 23, 8, 12], [6, 2, 22, 7, 23, 18, 19, 10, 11, 9, 5, 14, 12, 15, 13, 16, 8], [22, 14, 6, 23, 2, 18, 7, 19, 10, 11, 9, 5, 8, 12], [6, 10, 11, 7, 9, 5, 22, 2, 23, 14, 18, 19, 12, 15, 13, 16, 8], [22, 18, 23, 19, 10, 2, 14, 6, 7, 11, 5, 9, 12, 15, 13, 16, 8], [18, 14, 10, 19, 22, 11, 6, 7, 5, 9, 2, 23, 8, 12], [6, 22, 7, 23, 2, 18, 19, 14, 10, 11, 5, 9, 12, 15, 13, 16, 8], [6, 22, 7, 23, 2, 18, 19, 10, 11, 5, 9, 14, 12, 15, 13, 16, 8], [10, 18, 19, 22, 23, 2, 14, 6, 7, 11, 5, 9, 8, 12], [2, 14, 18, 22, 19, 10, 11, 6, 7, 5, 9, 23, 12, 15, 13, 16, 8], [6, 10, 11, 7, 5, 9, 22, 18, 19, 23, 14, 2, 12, 15, 13, 16, 8], [18, 6, 7, 19, 14, 2, 22, 23, 10, 11, 9, 5, 12, 15, 13, 8, 16], [6, 2, 22, 7, 23, 18, 19, 14, 10, 11, 5, 9, 12, 15, 13, 8, 16], [2, 10, 14, 6, 7, 11, 9, 5, 18, 19, 22, 23, 8, 12], [2, 10, 14, 22, 11, 6, 7, 5, 9, 18, 19, 23, 8, 12], [2, 14, 18, 10, 19, 22, 11, 23, 6, 7, 5, 9, 8, 12], [18, 2, 22, 19, 14, 10, 23, 6, 7, 11, 5, 9, 12, 15, 13, 16, 8], [2, 6, 14, 10, 7, 11, 9, 5, 22, 18, 19, 23, 8, 12], [14, 6, 18, 19, 2, 22, 7, 23, 10, 11, 9, 5, 12, 15, 13, 16, 8], [14, 10, 22, 11, 3, 23, 6, 7, 5, 9, 18, 19, 12, 15, 13, 16, 8], [10, 18, 11, 19, 22, 23, 6, 7, 9, 5, 2, 14, 8, 12], [6, 2, 18, 19, 22, 7, 23, 14, 10, 11, 9, 5, 12, 15, 13, 8, 16], [22, 6, 23, 14, 10, 11, 7, 9, 5, 18, 19, 2, 8, 12], [2, 6, 10, 11, 7, 5, 9, 18, 19, 13, 14, 22, 23, 12, 15, 16, 8], [14, 18, 22, 19, 2, 10, 11, 23, 6, 7, 5, 9, 8, 12], [10, 6, 7, 11, 9, 5, 2, 19, 14, 22, 23, 8, 12], [6, 10, 11, 7, 9, 5, 18, 19, 22, 2, 23, 14, 12, 15, 13, 8, 16], [22, 18, 23, 19, 2, 10, 6, 11, 7, 9, 5, 14, 12, 15, 13, 8, 16], [6, 2, 18, 7, 19, 14, 10, 11, 5, 9, 22, 23, 8, 12], [2, 14, 6, 10, 7, 11, 5, 9, 18, 19, 22, 23, 12, 15, 13, 8, 16], [6, 2, 14, 18, 19, 10, 7, 11, 9, 5, 22, 23, 8, 12], [10, 22, 23, 6, 11, 7, 5, 9, 14, 2, 18, 19, 8, 12], [22, 2, 10, 11, 14, 18, 19, 6, 7, 9, 5, 23, 8, 12], [22, 18, 23, 19, 6, 14, 10, 7, 11, 5, 9, 3, 8, 12], [22, 10, 11, 6, 7, 5, 9, 2, 18, 19, 23, 15, 14, 13, 16, 8, 12], [18, 10, 19, 6, 11, 7, 5, 9, 22, 2, 23, 16, 8, 12], [2, 10, 6, 7, 11, 5, 9, 14, 18, 19, 22, 23, 8, 12], [14, 22, 2, 18, 23, 19, 6, 10, 11, 7, 5, 9, 12, 15, 13, 8, 16], [6, 22, 23, 10, 7, 11, 5, 9, 2, 18, 19, 14, 8, 12], [18, 2, 14, 22, 23, 19, 6, 10, 7, 11, 9, 5, 12, 15, 13, 8, 16], [22, 2, 18, 19, 6, 23, 10, 7, 11, 5, 9, 16, 12, 14, 8], [6, 18, 19, 22, 7, 23, 2, 10, 11, 9, 5, 14, 12, 15, 13, 16, 8], [6, 10, 11, 7, 9, 5, 22, 23, 14, 2, 18, 19, 12, 13, 15, 16, 8], [10, 2, 6, 7, 11, 9, 5, 14, 21, 22, 23, 18, 19, 8, 12], [10, 2, 18, 19, 14, 6, 11, 7, 9, 5, 22, 21, 23, 12, 15, 13, 8, 16], [6, 22, 23, 18, 19, 2, 14, 10, 11, 7, 9, 5, 8, 12], [10, 18, 19, 6, 7, 11, 5, 9, 14, 2, 22, 23, 8, 12], [6, 18, 7, 19, 10, 11, 5, 9, 2, 14, 22, 23, 8, 12], [22, 10, 23, 2, 14, 6, 11, 7, 5, 9, 18, 19, 8, 12], [2, 18, 14, 6, 7, 19, 22, 23, 10, 11, 5, 9, 12, 15, 13, 16, 8], [2, 14, 18, 6, 7, 19, 22, 23, 10, 11, 5, 9, 12, 15, 13, 16, 8], [6, 14, 22, 23, 18, 7, 19, 2, 10, 11, 5, 9, 8, 12], [2, 10, 14, 22, 23, 18, 11, 19, 6, 7, 5, 9, 12, 15, 13, 8, 16], [22, 6, 23, 10, 7, 11, 9, 5, 14, 2, 18, 19, 12, 15, 13, 8, 16], [22, 6, 23, 14, 2, 10, 7, 11, 5, 9, 18, 19, 12, 15, 13, 8, 16], [2, 14, 18, 22, 23, 19, 6, 10, 7, 11, 9, 5, 8, 12], [14, 10, 22,