{"problem_id":"KUyNdHbCfa4jtIt","sigma":75,"alpha":3.162,"cost":0,"probabilities":"[0.15, 0.31, 0.28, 0.26]","payoff_matrix":"[[-51, -5, -21, 22, 85, -162], [116, -83, -48, -153, -19, -15], [-145, 63, 35, 42, -11, 57], [65, 89, -67, -6, 64, -24]]","uncovered":[[18,10,14,6,22,2,23,3,19,24,4,11,12,20,1,17,7,8,5],[10,2,19,22,14,6,18,3,23,4,24,11,12,1,21,20,17,7,8,5],[6,22,10,2,18,14,3,23,19,24,4,11,12,20,17,1,7,8,5],[18,2,6,14,22,10,3,23,19,24,4,11,12,20,17,1,8,7,5],[14,2,10,22,18,6,3,23,19,24,4,11,12,20,1,21,17,5],[10,18,22,6,2,14,23,3,19,4,24,11,12,20,1,21,17,8,7,5],[18,2,14,6,22,10,23,3,19,24,4,11,12,1,21,20,17,5],[22,18,2,14,6,10,3,23,19,24,4,11,12,1,21,20,17,8,7,5],[14,2,6,10,18,22,23,3,19,4,24,11,12,20,17,1,7,8,5],[2,6,18,10,14,22,3,23,19,4,24,11,12,20,1,21,17,7,8,5],[2,6,10,15,14,18,22,19,3,23,24,4,11,12,1,21,20,17,7,8,5],[14,18,2,22,10,6,23,3,19,24,4,11,12,20,17,1,7,8,5],[10,22,6,2,14,18,24,19,4,9,12,21],[18,22,14,10,2,6,21,20,3,19,4,17,1,11,12,7,8,5],[2,14,6,22,18,10,3,23,19,4,24,11,12,21,20,17,1,7,8,5],[22,6,18,2,10,14,3,23,19,4,24,11,12,21,20,17,1,8,7,5],[6,2,22,10,14,18,24,17,4,19,3,20,1,11,12,23,7,8,5],[10,6,22,18,2,14,20,3,23,19,24,4,17,1,11,12,7,8,5],[6,10,2,14,18,22,3,23,19,24,4,11,12,20,1,17,8,7,5],[22,14,18,6,2,10,23,3,19,24,4,11,12,20,17,1,8,7,5],[6,14,2,22,10,18,3,23,19,24,4,11,12,1,21,20,17,7,8,5],[14,10,18,6,2,22,24,19,3,4,11,12,23,20,17,1,7,8,5],[18,22,10,2,14,6,3,23,19,24,4,11,12,1,21,20,17,7,8,5],[2,18,6,14,10,22,3,23,19,4,24,11,12,20,1,21,17,7,8,5],[18,14,6,22,2,10,24,4,20,19,3,1,11,12,17,23,8,7,5],[22,6,14,2,10,18,23,3,19,4,24,11,12,20,1,17,8,7,5],[14,22,10,6,2,18,4,19,5,23,3,24,11,12,20,17,1,21],[10,22,2,18,14,6,23,3,19,24,4,11,12,20,1,21,17,8,7,5],[6,14,2,18,22,10,23,3,19,24,4,11,12,20,17,1,8,7,5],[2,14,22,18,6,10,23,3,19,4,24,11,12,20,1,17,5,21,8,7],[2,18,14,10,6,22,3,23,19,4,24,11,12,1,21,20,17,8,7,5],[2,10,6,22,14,18,3,23,19,24,4,11,12,20,17,1,5,21],[6,22,10,2,18,14,4,21,17,19,3,20,1,11,12,8,7,5],[6,18,2,22,10,14,23,3,19,24,4,11,12,1,21,20,17,8,7,5],[10,2,6,22,14,18,3,23,19,4,24,11,12,20,17,1,7,8,5],[22,6,2,18,10,14,24,4,19,1,12,9,21,7,8,3,20,5,17],[6,18,22,10,2,14,23,3,19,24,4,11,12,21,20,1,17,8,7,5],[2,10,14,6,18,22,3,23,19,24,4,11,12,20,1,21,17,8,7,5],[22,10,14,6,18,2,24,3,19,4,11,12,23,1,21,20,17,7,8,5],[14,2,6,22,18,10,24,19,4,11,17,3,20,1,12,23,7,8,5],[10,22,2,14,6,18,19,3,23,24,4,11,12,20,1,21,17,7,8,5],[6,22,18,2,14,11,10,3,23,19,4,24,12,20,1,17,5,21],[10,2,18,14,6,22,20,3,23,19,24,4,17,1,12,8,7,5],[14,6,10,18,2,22,3,23,19,24,4,11,12,21,20,17,1,7,8,5],[14,18,22,2,6,10,20,3,23,19,24,4,17,1,11,12,7,8,5],[18,10,22,2,14,6,23,3,19,4,24,11,12,1,21,20,17,7,8,5],[18,6,14,10,2,22,3,23,19,24,4,11,12,1,21,20,17,7,8,5],[2,18,10,14,22,6,4,21,20,3,19,17,1,11,12,5,7,8],[2,22,6,18,14,10,23,3,19,24,4,11,12,20,1,17,8,7,5],[6,22,2,10,14,18,4,20,19,23,1,24,3,21,11,12,17,7,8,5],[10,6,18,14,22,2,24,3,19,4,11,12,23,21,20,1,17,7,8,5],[2,22,18,14,10,8,6,3,23,19,7,24,4,5,1,11,12,20,17],[22,2,14,6,18,10,23,3,19,24,4,11,12,20,17,1,7,8,5],[18,2,22,6,14,10,4,17,19,23,3,24,20,1,11,12,7,8,5],[18,6,10,14,22,2,23,3,19,24,4,11,12,1,21,20,17,8,7,5],[6,18,10,2,22,14,3,23,19,24,4,11,12,1,21,20,17,8,7,5],[22,6,10,2,15,14,18,23,3,19,4,24,11,12,20,1,21,17,7,8,5],[18,10,6,14,22,2,23,3,19,24,4,11,12,20,1,17,8,7,5],[2,22,18,6,14,10,23,3,19,4,24,11,12,1,21,20,17,8,7,5],[10,18,22,6,14,2,3,23,19,4,24,11,12,20,17,1,8,7,5],[18,22,14,10,6,2,3,23,19,24,4,11,12,20,1,17,7,8,5],[6,22,18,14,2,10,23,3,19,4,24,11,12,20,1,17,5,21],[18,14,2,22,10,6,23,3,19,4,24,11,12,1,21,20,17,5],[14,6,10,22,2,18,4,24,19,11,1,8,7,3,12,23,20,5,17],[10,14,22,18,6,2,24,4,20,3,19,1,11,12,17,23,7,8,5],[2,14,10,18,22,6,24,3,19,4,11,12,23,20,1,21,17,8,7,5],[18,10,6,22,14,2,23,3,19,4,24,11,12,20,17,1,7,8,5],[22,10,2,18,14,6,3,23,19,24,4,11,12,20,1,17,8,7,5],[10,18,22,2,6,14,24,19,3,20,4,1,11,12,17,23,8,7,5],[14,18,22,2,10,6,23,3,19,24,4,11,12,20,17,1,7,8,5],[14,10,6,2,18,22,3,23,19,4,24,11,12,20,17,1,5,21],[18,14,2,10,22,6,24,20,3,19,4,1,17,11,12,23,5,21],[22,10,18,2,6,14,23,3,19,4,24,11,12,20,17,1,7,8,5],[18,14,10,22,2,6,3,23,19,4,24,11,12,20,1,17,7,8,5],[18,22,10,6,14,2,23,3,19,24,4,11,12,20,17,1,8,7,5],[6,22,18,2,14,10,3,23,19,4,24,11,12,1,21,20,17,8,7,5],[18,10,22,14,2,6,23,3,19,24,4,11,12,20,17,1,8,7,5],[18,14,2,6,24,10,22,3,19,20,4,1,11,12,17,23,7,8,5],[18,22,6,14,10,2,23,3,19,24,4,11,12,1,21,20,17,8,7,5],[14,10,2,18,22,6,3,23,19,4,24,11,12,20,1,17,7,8,5],[10,14,2,22,18,6,19,4,21,3,12,20,17,1,7,8,5],[18,2,14,10,22,6,3,23,20,19,24,4,1,17,11,12,8,7,5],[10,6,22,18,14,2,3,23,19,4,24,11,12,20,1,17,7,8,5],[6,10,18,22,2,14,3,23,19,24,4,11,12,20,17,1,8,7,5],[22,10,2,14,18,6,23,3,19,4,24,11,12,1,21,20,17,8,7,5],[18,22,6,10,14,2,3,23,19,24,4,11,12,20,17,1,7,8,5],[18,22,14,2,10,6,3,23,19,4,24,11,12,20,1,17,7,8,5],[2,6,18,14,11,10,22,23,3,19,4,24,12,20,1,17,7,8,5],[18,14,22,6,2,11,10,4,19,21,16,20,3,1,12,17,8,7,5],[14,10,2,18,6,22,4,23,17,19,1,3,24,20,11,12,7,8,5],[10,2,22,6,18,14,23,3,19,24,4,11,12,20,17,1,8,7,5],[22,2,18,6,10,14,3,23,19,24,4,11,12,21,20,1,17,8,7,5],[10,6,18,22,14,2,3,23,19,4,24,11,12,21,20,17,1,7,8,5],[10,2,14,18,22,6,3,23,19,24,4,11,12,1,21,20,17,5],[18,22,2,14,10,6,3,23,19,4,24,11,12,20,1,21,17,7,8,5],[10,14,6,22,18,2,3,23,19,4,24,11,12,1,21,20,17,7,8,5],[22,14,10,2,6,18,3,23,19,4,24,11,12,21,20,17,1,8,7,5],[18,10,22,2,14,6,23,3,19,24,4,11,12,20,17,1,8,7,5],[22,14,18,10,6,2,3,23,19,24,4,11,12,20,17,1,7,8,5],[10,2,18,22,6,14,24,19,3,20,4,1,11,12,17,23,5,21],[18,22,14,6,10,2,23,3,19,4,24,11,12,20,1,17,8,7,5],[18,22,6,14,10,2,3,23,19,4,24,11,12,20,17,1,8,7,5],[22,14,6,2,18,10,3,23,19,24,4,11,12,1,21,20,17,7,8,5],[22,2,18,14,10,6,3,23,19,24,4,11,12,1,21,20,17,8,7,5],[6,22,2,10,14,18,3,23,19,4,24,11,12,20,1,17,5,7,8],[10,2,18,6,14,22,3,23,19,24,4,11,12,20,1,17,8,7,5],[10,18,2,22,6,14,23,3,19,24,4,11,12,20,1,21,17,8,7,5],[22,6,10,14,2,18,3,23,19,4,24,11,12,21,20,1,17,8,7,5],[14,18,10,6,22,2,1,24,20,3,11,19,12,23,21,4,17,8,7,5],[14,2,6,22,10,18,4,20,19,21,3,1,11,12,17,5,7,8],[18,6,2,10,22,14,4,24,19,9,11,1,5,21,3,20,17,12],[2,14,6,22,10,18,23,3,19,24,4,11,12,21,20,17,1,7,8,5],[14,10,2,18,6,22,24,19,3,4,11,12,20,1,17,23,7,8,5],[2,14,6,18,22,10,3,23,19,4,24,11,12,21,20,17,1,8,7,5],[6,18,10,22,2,14,3,23,19,4,24,11,12,20,17,1,8,7,5],[6,14,2,18,22,10,3,23,19,24,4,11,12,1,21,20,17,7,8,5],[10,6,2,18,22,14,3,23,19,4,24,11,12,20,17,1,8,7,5],[10,18,2,6,23,22,3,14,19,24,4,11,12,20,17,1,8,7,5],[10,2,22,6,18,14,23,3,19,4,24,11,12,20,1,17,5,21,7,8],[22,18,10,2,14,6,3,23,19,24,4,11,12,21,20,17,1,7,8,5],[22,18,14,6,10,2,23,3,19,24,4,11,12,20,1,17,8,7,5],[10,2,6,14,22,18,3,23,19,24,4,11,12,21,20,17,1,7,8,5],[2,22,18,10,7,6,14,23,3,19,24,4,11,12,8,5,1,20,17],[10,2,22,6,14,18,3,23,19,4,24,11,12,20,17,1,7,8,5],[14,18,10,6,2,22,23,3,19,4,24,11,12,20,1,21,17,7,8,5],[14,2,10,6,18,22,4,17,19,24,3,20,1,11,12,23,8,7,5],[2,22,18,14,6,10,3,23,19,4,24,11,12,1,21,20,17,8,7,5],[18,2,14,6,10,22,23,3,19,4,24,11,12,21,20,17,1,5],[18,14,22,10,2,6,4,24,19,12,5],[2,14,22,10,6,18,23,3,19,24,4,11,12,20,17,1,7,8,5],[22,6,14,10,18,2,23,3,19,4,24,11,12,21,20,17,1,7,8,5],[2,14,22,10,6,18,4,20,3,19,23,24,1,17,11,12,7,8,5],[18,6,2,14,10,22,24,4,19,12,8,3,7,5,1,20,17,23],[10,6,2,22,14,18,4,24,17,19,3,20,1,11,12,23,8,7,5],[18,14,2,10,22,6,3,23,19,24,4,11,12,20,17,1,7,8,5],[14,22,10,6,18,2,4,17,19,23,3,24,20,1,11,12,7,8,5],[22,10,18,2,14,6,24,3,19,4,11,12,23,20,17,1,8,7,5],[10,2,18,22,6,14,3,23,19,24,4,11,12,20,1,17,8,7,5],[22,2,18,14,6,10,24,19,3,20,4,1,17,12,23,8,7,5],[6,10,22,18,2,14,24,1,19,3,23,11,12,20,17,7,8,5,4],[18,2,14,10,22,6,23,3,19,24,4,11,12,1,21,20,17,7,8,5],[14,2,18,22,10,6,21,19,1,3,11,12,20,4,17,7,8,5],[2,6,22,18,10,14,23,3,19,4,24,11,12,21,20,1,17,7,8,5],[14,22,18,2,10,6,3,23,19,4,24,11,12,20,1,21,17,8,7,5],[14,2,10,22,6,18,3,23,19,24,4,11,12,1,21,20,17,8,7,5],[10,14,18,6,2,22,3,23,19,24,4,11,12,20,17,1,7,8,5],[14,6,10,22,18,2,3,23,19,4,24,11,12,20,17,1,8,7,5],[14,18,6,22,10,2,3,23,19,4,24,11,12,20,17,1,7,8,5],[14,18,2,10,6,22,3,23,19,24,4,11,12,20,17,1,7,8,5],[14,6,10,18,22,2,3,23,19,24,4,11,12,1,21,20,17,7,8,5],[10,14,18,6,22,2,4,21,20,3,19,17,1,11,12,7,8,5],[10,2,14,6,18,22,3,23,19,24,4,11,12,21,20,17,1,8,7,5],[10,18,14,22,6,2,23,3,19,4,24,11,12,21,20,1,17,7,8,5],[10,22,2,14,6,18,23,3,19,24,4,11,12,20,17,1,5,21,7,8],[6,14,2,10,18,22,24,4,20,19,3,17,1,11,12,23,8,7,5],[22,10,2,6,18,14,3,23,19,24,4,11,12,20,1,21,17,7,8,5],[2,10,22,14,6,18,23,3,19,4,24,11,12,21,20,17,1,7,8,5],[10,6,18,14,2,22,23,3,19,4,24,11,12,1,21,20,17,7,8,5],[22,6,2,14,10,18,4,24,19,11,7,1,21,9,17,3,20,8,5,12],[18,10,22,6,14,2,24,19,4,12,8,1,7,3,23,20,17,5],[18,22,2,10,6,14,1,24,19,3,11,12,23,20,21,4,17,5],[10,2,6,14,18,22,3,23,19,24,4,11,12,1,21,20,17,7,8,5],[6,2,14,18,10,22,3,23,19,4,24,11,12,1,21,20,17,7,8,5],[6,2,22,18,14,10,3,23,19,24,4,11,12,20,17,1,7,8,5],[2,18,14,10,6,22,3,23,19,24,4,11,12,20,17,1,5,8,7],[14,2,22,6,19,10,18,23,3,24,4,11,12,20,17,1,8,7,5],[2,18,10,15,14,22,6,3,23,19,24,4,11,12,21,20,1,17,7,8,5],[18,6,14,2,23,22,3,10,19,4,24,11,12,20,17,1,7,8,5],[14,18,6,10,2,22,24,19,3,4,11,12,20,17,1,23,7,8,5],[22,18,6,10,14,2,4,24,20,19,3,17,1,11,12,23,7,8,5],[18,14,10,2,6,22,24,20,3,19,4,17,1,12,23,7,8,5],[2,14,6,18,22,10,1,23,3,19,11,12,20,24,21,4,17,7,8,5],[14,6,22,18,10,2,19,24,3,20,4,1,11,12,17,23,7,8,5],[2,18,14,6,22,10,23,3,19,4,24,11,12,20,17,1,7,8,5],[10,6,22,18,14,2,3,23,19,4,24,11,12,1,21,20,17,8,7,5],[22,2,18,14,6,10,3,23,19,4,24,11,12,21,20,17,1,8,7,5],[2,18,22,10,14,6,3,23,19,4,24,11,12,20,17,1,8,7,5],[10,22,6,18,14,2,3,23,19,24,4,11,12,20,17,1,7,8,5],[18,2,22,6,10,14,3,23,19,4,24,11,12,21,20,17,1,7,8,5],[14,10,18,6,22,2,3,23,19,4,24,11,12,1,21,20,17,7,8,5],[2,14,10,18,6,22,3,23,19,4,24,11,12,20,1,21,17,8,7,5],[14,22,10,2,18,6,23,3,19,24,4,11,12,20,17,1,7,8,5],[14,2,6,18,22,10,23,3,19,4,24,11,12,21,20,17,1,8,7,5],[14,22,18,10,2,6,23,3,19,4,24,11,12,21,20,1,17,7,8,5],[18,6,22,14,10,2,3,23,19,4,24,11,12,20,17,1,7,8,5],[22,2,14,18,6,10,23,3,19,4,24,12,1,21,20,17,7,8,5],[22,18,14,10,2,6,3,23,19,4,24,11,12,1,21,20,17,5],[10,2,6,14,22,18,3,23,19,4,24,11,12,1,21,20,17,7,8,5],[10,22,2,6,18,14,23,3,19,4,24,11,12,1,21,20,17,7,8,5],[18,22,6,2,14,11,10,23,3,19,24,4,12,20,17,1,7,8,5],[14,6,10,2,22,18,3,23,19,4,24,11,12,20,1,21,17,7,8,5],[6,10,22,18,14,2,3,23,19,4,24,11,12,20,1,21,17,5,7],[10,22,14,18,2,6,23,3,19,4,24,11,12,20,1,21,17,7,8,5],[10,2,15,14,6,22,18,4,23,3,24,19,11,12,1,21,20,17,8,7,5],[2,10,18,22,6,14,23,3,19,4,24,11,12,21,20,1,17,7,8,5],[14,2,22,10,6,18,23,3,19,4,24,11,12,20,1,21,17,7,8,5],[2,10,6,14,18,22,3,23,19,24,4,11,12,20,1,21,17,7,8,5],[18,2,14,6,10,22,24,20,3,19,4,17,1,12,23,7,8,5],[14,10,6,22,2,18,3,23,19,4,24,11,12,1,21,20,17,7,8,5],[10,18,22,14,6,2,3,23,19,4,24,11,12,20,17,1,7,8,5],[6,14,10,22,18,2,3,23,19,4,24,11,12,20,1,21,17,7,8,5],[18,22,10,14,2,6,4,23,3,24,19,11,12,20,17,1,8,7,5],[14,18,22,10,6,2,23,3,19,24,4,11,12,20,1,21,17,5],[14,10,6,2,22,18,23,3,19,4,24,11,12,21,20,17,1,7,8,5],[10,22,14,2,6,18,23,3,19,24,4,11,12,20,1,21,17,7,8,5],[10,6,22,14,18,2,23,3,19,24,4,11,12,21,20,17,1,8,7,5],[6,2,10,14,22,18,3,23,19,4,24,11,12,20,17,1,7,8,5],[22,18,10,6,2,14,4,23,3,24,19,11,12,20,1,17,7,8,5],[14,10,22,6,18,2,23,3,19,4,24,11,12,21,20,1,17,7,8,5],[18,2,6,22,10,14,1,23,3,19,11,24,12,20,21,4,17,8,7,5],[22,6,14,2,10,18,3,23,19,4,24,11,12,20,1,17,5,21],[10,2,18,6,14,22,24,19,1,3,23,11,12,20,21,7,8,17,5],[2,6,22,10,18,14,3,23,19,24,4,11,12,21,20,1,17,8,7,5],[2,10,14,6,18,22,23,3,19,24,4,11,12,21,20,1,17,7,8,5],[2,18,14,6,22,10,3,23,19,4,24,11,12,20,17,1,7,8,5],[14,22,2,6,18,10,3,23,19,4,24,11,12,20,17,1,7,8,5],[10,2,14,6,22,18,23,3,19,4,24,11,12,1,21,20,17,8,7,5],[10,6,2,18,22,14,19,23,3,4,24,11,12,1,21,20,17,7,8,5],[22,2,6,14,10,18,23,3,19,4,24,12,20,1,21,17,7,8,5],[10,14,22,2,18,6,23,3,19,24,4,11,12,1,21,20,17,5,7,8],[22,14,18,2,6,10,3,23,19,24,4,11,12,20,17,1,8,7,5],[14,18,6,10,22,2,3,23,19,24,4,11,12,1,21,20,17,5],[6,22,10,14,2,18,23,3,19,24,4,11,12,1,21,20,17,7,8,5],[6,22,18,14,10,2,23,3,19,24,4,11,12,20,17,1,7,8,5],[10,6,18,14,2,22,24,19,4,11,8,7,3,5,1,12,23,20,17],[2,10,22,6,18,14,3,23,19,24,4,11,12,20,1,17,7,8,5],[22,18,14,2,6,10,3,23,19,4,24,11,12,1,21,20,17,7,8,5],[22,2,14,10,6,18,3,23,19,24,4,11,12,20,17,1,8,7,5],[2,18,10,6,24,14,22,3,19,20,4,17,1,11,12,23,8,7,5],[14,6,10,18,22,2,21,19,4,12],[22,10,14,2,6,18,23,3,19,4,24,11,12,20,17,1,8,7,5],[22,6,18,14,2,10,23,3,19,24,4,11,12,20,1,17,7,8,5],[14,6,2,10,22,19,18,24,3,20,4,1,12,17,23,8,7,5,21],[18,10,22,2,14,6,4,19,23,3,24,11,12,1,21,20,17,8,7,5],[6,22,10,2,14,19,18,23,3,24,4,11,12,20,17,1,8,7,5],[22,6,2,18,10,14,3,23,19,4,24,11,12,20,17,1,7,8,5],[18,6,2,14,22,10,3,23,19,24,4,11,12,20,1,21,17,7,8,5],[10,22,14,2,6,18,3,23,19,24,4,11,12,21,20,1,17,7,8,5],[14,18,6,10,22,2,3,23,19,24,4,11,12,20,17,1,7,8,5],[2,6,18,10,14,22,24,19,4,9,23,3,20,1,21,17,11,12,7,8,5],[14,18,10,2,22,6,3,23,19,24,4,11,12,20,17,1,7,8,5],[2,22,14,18,10,6,3,23,19,24,4,11,12,20,1,17,8,7,5],[2,18,14,22,10,6,23,3,19,24,4,11,12,21,20,17,1,7,8,5],[2,18,6,10,14,22,4,21,17,19,9,3,20,1,11,8,7,5,12],[10,6,2,18,22,14,23,3,19,24,4,12,1,21,20,17,7,8,5],[2,10,14,22,18,6,3,23,19,4,24,11,12,21,20,17,1,7,8,5],[14,2,22,6,18,10,3,23,19,4,24,11,12,20,17,1,7,8,5],[10,14,6,22,2,18,23,3,19,4,24,11,12,20,17,1,8,7,5],[22,2,6,14,18,10,3,23,19,24,4,11,12,20,17,1,8,7,5],[18,2,22,14,10,6,23,3,19,24,4,11,12,1,21,20,17,7,8,5],[22,10,18,2,14,6,23,3,19,4,24,11,12,20,17,1,8,7,5],[10,18,14,22,6,2,3,23,19,24,4,11,12,1,21,20,17,8,7,5],[22,18,6,14,10,2,19,24,3,20,4,17,1,11,12,23,5,21],[22,2,11,10,18,6,14,3,23,19,4,24,12,20,1,17,7,8,5],[22,18,14,2,6,10,23,3,19,4,24,11,12,20,1,17,7,8,5],[22,6,2,10,19,14,18,3,23,24,4,11,12,1,21,20,17,7,8,5],[10,6,18,22,14,2,24,17,3,19,4,20,1,12,23,8,7,5],[22,2,14,10,6,18,1,23,3,19,11,24,12,20,21,4,17,5,7,8],[10,18,2,14,6,22,24,19,3,11,4,12,23,1,21,20,17,7,8,5],[18,14,6,22,10,2,3,23,19,24,4,11,12,20,1,17,8,7,5],[2,15,14,6,10,18,22,3,23,19,4,24,11,12,20,17,1,7,8,5],[18,6,14,10,2,22,24,4,20,3,19,1,11,12,17,23,5,21],[18,6,2,22,10,14,23,3,19,4,24,11,12,1,21,20,17,7,8,5],[6,2,22,18,14,10,23,3,19,4,24,11,12,20,1,17,8,7,5],[10,18,22,14,6,2,23,3,19,24,4,11,12,1,21,20,17,8,7,5],[10,18,6,14,22,2,3,23,19,24,4,11,12,20,1,21,17,7,8,5],[2,18,22,6,14,11,10,24,3,19,4,12,23,1,21,20,17,5,7,8],[10,22,18,6,2,14,23,3,19,4,24,11,12,21,20,1,17,7,8,5],[2,10,18,22,6,14,3,23,19,24,4,11,12,21,20,17,1,8,7,5],[14,6,18,10,22,2,3,23,19,4,24,11,12,21,20,1,17,7,8,5],[10,18,14,2,22,6,3,23,19,4,24,11,12,20,17,1,5,21,7,8],[18,22,2,6,14,10,4,20,3,19,23,24,1,17,11,12,7,8,5],[10,6,22,2,18,14,24,3,19,4,11,12,23,1,21,20,17,8,7,5],[10,22,6,18,2,14,24,3,19,20,4,17,1,11,12,21,7,8,5],[14,18,10,6,2,22,3,23,19,24,4,11,12,21,20,17,1,7,8,5],[14,22,18,2,6,10,24,3,19,20,4,1,11,12,17,23,5,21],[18,14,10,6,22,2,3,23,19,24,4,11,12,20,1,17,8,7,5],[6,22,18,14,2,10,3,23,19,4,24,11,12,21,20,17,1,7,8,5],[6,14,18,10,22,2,23,3,19,4,24,11,12,20,17,1,5,21],[22,14,18,2,10,6,3,23,19,24,4,11,12,20,1,21,17,7,8,5],[22,18,14,10,2,6,3,23,19,24,4,11,12,21,20,17,1,7,8,5],[22,10,6,2,18,14,23,3,19,24,4,11,12,21,20,17,1,7,8,5],[14,18,6,10,2,22,24,3,19,4,11,12,23,20,1,21,17,7,8,5],[2,10,18,22,6,14,23,3,19,24,4,11,12,20,17,1,7,8,5],[18,10,22,2,6,14,3,23,19,4,24,11,12,1,21,20,17,7,8,5],[22,14,2,10,6,18,21,3,19,20,4,1,17,12,5,8,7],[6,14,10,2,22,18,23,3,19,24,4,11,12,20,17,1,7,8,5],[2,10,18,14,6,22,3,23,19,24,4,11,12,21,20,1,17,7,8,5],[6,10,18,22,2,14,23,3,19,24,4,11,12,21,20,1,17,8,7,5],[10,6,22,14,18,2,23,3,19,4,24,11,12,20,17,1,8,7,5],[2,18,22,14,6,10,3,23,19,24,4,11,12,1,21,20,17,8,7,5],[2,22,14,6,19,10,18,3,23,4,24,11,12,20,1,17,7,8,5],[10,22,6,18,14,2,3,23,19,24,4,11,12,20,1,21,17,7,8,5],[18,10,2,6,22,14,23,3,19,24,4,11,12,20,17,1,8,7,5],[10,2,22,14,6,18,3,23,19,4,24,11,12,20,17,1,5,7,8],[10,22,2,14,6,18,3,23,19,4,24,11,12,20,17,1,7,8,5],[22,18,2,10,6,14,3,23,19,4,24,11,12,20,1,21,17,7,8,5],[22,18,10,14,2,6,23,3,19,24,4,11,12,21,20,1,17,7,8,5],[6,10,14,2,22,18,3,23,19,4,24,11,12,20,1,21,17,7,8,5],[14,2,6,22,10,18,23,3,19,4,24,12,20,17,1,7,8,5],[2,14,10,6,18,22,4,24,20,19,3,1,11,12,17,23,5,21],[6,2,18,22,10,14,3,23,19,24,4,11,12,20,17,1,7,8,5],[10,18,2,6,16,22,15,3,23,14,19,24,4,11,12,1,21,20,17,7,8,5],[22,18,2,10,14,6,23,3,19,24,4,11,12,21,20,1,17,7,8,5],[14,6,2,18,10,22,4,24,17,19,9,3,20,1,23,11,12,7,8,5],[2,23,22,3,18,14,6,10,19,4,24,11,12,20,17,1,8,7,5],[6,14,18,2,11,10,22,3,23,19,24,4,12,20,1,17,7,8,5],[22,2,10,14,18,6,4,24,19,11,5,23,3,12,21,20,17,1],[10,14,22,6,2,18,23,3,19,4,24,11,12,20,1,21,17,7,8,5],[14,22,18,2,10,6,3,23,19,24,4,11,12,20,1,21,17,7,8,5],[10,22,2,18,14,6,23,3,19,4,24,11,12,20,17,1,7,8,5],[18,6,10,22,2,14,24,20,3,19,4,17,1,11,12,23,8,7,5],[2,18,10,22,6,14,23,3,19,4,24,11,12,1,21,20,17,7,8,5],[10,22,6,18,14,2,23,3,19,4,24,11,12,20,17,1,7,8,5],[10,2,14,22,18,6,23,3,19,4,24,11,12,20,1,17,7,8,5],[18,22,10,6,14,2,3,23,19,4,24,11,12,21,20,17,1,7,8,5],[18,6,14,10,2,22,4,23,3,24,19,11,12,21,20,17,1,7,8,5],[14,6,2,22,18,10,23,3,19,4,24,11,12,20,17,1,7,8,5],[6,22,10,2,18,14,4,21,17,20,3,19,1,11,12,7,8,5],[6,2,18,22,10,14,23,3,19,24,4,11,12,21,20,17,1,5],[6,2,22,14,18,10,23,3,19,24,4,11,12,20,1,17,7,8,5],[2,10,22,6,18,14,23,3,19,24,4,11,12,20,1,17,7,8,5],[10,2,6,22,14,18,3,23,19,24,4,11,12,20,1,17,7,8,5],[6,14,18,10,2,22,3,23,19,4,24,11,12,20,17,1,8,7,5],[6,22,10,14,2,18,23,3,19,4,24,11,12,20,1,21,17,7,8,5],[14,10,2,22,6,18,3,23,19,4,24,11,12,20,17,1,7,8,5],[18,2,14,6,10,22,4,19,24,9,5,12],[10,2,6,19,15,14,22,18,23,3,24,4,11,12,20,17,1,5,21],[22,18,14,2,6,10,3,23,19,4,24,11,12,1,21,20,17,5,8,7],[6,22,2,10,19,14,18,3,23,24,4,11,12,21,20,1,17,8,7,5],[22,6,18,2,10,14,23,3,19,4,24,11,12,20,1,17,7,8,5],[6,14,10,2,18,22,23,3,19,4,24,11,12,20,17,1,7,8,5],[6,18,10,22,2,14,24,19,4,11,5,3,12,23,20,1,21,17,8,7],[2,6,10,14,18,22,3,23,19,24,4,11,12,1,21,20,17,7,8,5],[18,10,14,22,2,6,4,24,19,17,3,20,1,11,12,23,7,8,5],[6,22,10,14,18,2,21,20,3,19,4,1,17,11,12,7,8,5],[6,18,14,10,2,22,24,3,19,20,4,17,1,11,12,23,7,8,5],[6,10,18,22,2,14,3,23,19,4,24,11,12,1,21,20,17,7,8,5],[6,14,22,10,18,2,24,4,20,3,19,1,17,12,23,7,8,5],[2,18,6,22,10,14,3,23,19,24,4,11,12,20,17,1,7,8,5],[18,2,6,22,14,10,24,3,19,4,11,12,23,21,20,1,17,7,8,5],[10,18,6,22,2,14,3,23,19,4,24,11,12,21,20,1,17,7,8,5],[14,18,6,22,2,10,23,3,19,4,24,11,12,20,1,17,7,8,5],[10,14,2,6,22,18,23,3,19,24,4,11,12,20,1,21,17,8,7,5],[6,22,10,2,14,18,23,3,19,4,24,11,12,20,1,21,17,7,8,5],[10,14,2,6,22,18,23,3,19,4,24,11,12,1,21,20,17,7,8,5],[18,6,10,22,14,2,3,23,19,4,24,11,12,20,1,21,17,8,7,5],[6,22,10,18,2,14,3,23,19,24,4,11,12,20,17,1,7,8,5],[6,10,2,22,18,14,24,17,3,19,4,20,1,11,12,23,7,8,5],[6,2,10,18,22,14,3,23,19,4,24,11,12,1,21,20,17,7,8,5],[10,14,18,6,2,22,23,3,19,24,4,11,12,20,1,21,17,7,8,5],[2,10,15,14,18,6,22,21,3,19,20,4,17,1,11,12,7,8,5],[6,10,14,18,2,22,23,3,19,24,4,11,12,21,20,1,17,7,8,5],[18,14,10,6,2,22,3,23,19,4,24,11,12,20,1,21,17,7,8,5],[10,22,2,18,6,14,3,23,19,24,4,11,12,20,17,1,8,7,5],[6,22,14,2,18,10,23,3,19,4,24,11,12,20,1,17,8,7,5],[18,14,6,2,23,22,3,10,19,24,4,11,12,20,17,1,8,7,5],[2,10,18,14,6,22,3,23,19,4,24,11,12,21,20,1,17,7,8,5],[6,10,14,22,18,2,3,23,19,4,24,11,12,20,17,1,7,8,5],[10,2,22,18,14,6,3,23,19,24,4,11,12,20,17,1,8,7,5],[14,18,6,22,2,10,23,3,19,24,4,11,12,20,1,21,17,7,8,5],[6,14,18,10,22,2,3,23,19,4,24,11,12,1,21,20,17,7,8,5],[14,6,2,22,18,10,23,3,19,4,24,11,12,20,17,1,7,8,5],[2,14,22,18,6,10,23,3,19,24,4,11,12,21,20,17,1,8,7,5],[14,6,2,22,18,10,3,23,19,4,24,11,12,20,17,1,7,8,5],[14,10,2,6,18,22,23,3,19,4,24,11,12,1,21,20,17,7,8,5],[14,18,22,6,10,2,23,3,19,4,24,11,12,20,1,17,7,8,5],[18,2,14,10,22,6,23,3,19,24,4,11,12,21,20,17,1,7,8,5],[18,14,6,2,22,10,3,23,19,4,24,11,12,20,1,17,5,21],[22,2,18,10,14,6,4,23,3,24,19,11,12,20,1,17,8,7,5],[22,10,6,2,14,18,23,3,19,4,24,11,12,20,17,1,7,8,5],[14,10,2,22,6,18,23,3,19,4,24,11,12,20,1,21,17,5,7],[6,22,18,2,10,14,4,19,24,23,3,11,12,1,21,20,17,7,8,5],[6,18,22,10,2,14,4,21,17,19,1,3,20,12,7,8,5],[14,18,22,10,2,6,23,3,19,4,24,11,12,21,20,1,17,5,7,8],[10,18,14,6,2,22,3,23,19,4,24,11,12,20,1,17,8,7,5],[6,18,14,22,10,2,3,23,19,24,4,11,12,21,20,1,17,7,8,5],[10,6,18,2,14,22,24,19,4,9,11,3,20,1,17,23,12,8,7,5],[10,14,18,22,6,2,24,19,4,11,3,12,23,21,20,17,1,5,7,8],[10,6,14,18,22,2,23,3,19,4,24,11,12,20,1,17,8,7,5],[10,14,2,22,6,18,4,24,20,3,19,17,1,11,12,23,8,7,5],[6,2,10,14,22,18,3,23,19,24,4,11,12,20,17,1,7,8,5],[10,18,2,14,7,6,22,23,3,19,24,4,11,12,8,1,20,17,5],[14,22,2,18,10,6,3,23,19,4,24,11,12,20,1,17,7,8,5],[10,22,2,6,14,18,23,3,19,24,4,11,12,1,21,20,17,7,8,5],[2,6,10,22,18,14,24,19,4,9,13,20,3,17,1,23,11,12,8,7,5],[14,18,10,6,22,2,3,23,19,24,4,11,12,20,17,1,8,7,5],[2,6,18,22,10,14,3,23,19,4,24,11,12,20,1,21,17,8,7,5],[14,6,10,22,2,18,24,3,19,11,12,20,4,17,1,23,7,8,5],[6,18,14,10,22,2,24,19,4,12,20,3,1,17,23,7,8,5],[14,10,6,2,22,18,3,23,19,4,24,11,12,1,21,20,17,7,8,5],[14,18,2,22,6,10,3,23,19,24,4,11,12,21,20,1,17,5,7,8],[18,22,14,6,2,11,10,23,3,19,4,24,12,1,21,20,17,7,8,5],[2,6,18,22,10,14,3,23,19,4,24,11,12,20,17,1,7,8,5],[22,18,2,10,14,6,23,3,19,4,24,11,12,20,1,21,17,7,8,5],[22,10,2,18,14,7,6,23,3,19,24,4,11,12,8,5,1,20,17],[10,22,2,14,18,6,24,19,4,9,21,15,5],[2,14,18,10,6,22,3,23,19,24,4,11,12,20,1,17,7,8,5],[18,6,22,10,2,14,4,23,3,24,19,11,12,20,17,1,5,21],[22,14,10,6,18,2,3,23,19,24,4,11,12,1,21,20,17,7,8,5],[14,6,2,10,22,18,23,3,19,24,4,11,12,20,17,1,8,7,5],[10,6,2,22,18,14,23,3,19,24,4,11,12,20,1,17,7,8,5],[22,6,2,18,14,10,3,23,19,24,4,11,12,21,20,1,17,8,7,5],[14,18,22,10,2,6,3,23,19,24,4,11,12,20,17,1,7,8,5],[2,6,22,14,10,18,4,23,3,24,19,11,12,21,20,1,17,8,7,5],[6,2,18,14,22,10,24,19,4,11,9,21],[2,18,22,10,6,14,23,3,19,24,4,11,12,20,17,1,8,7,5],[2,14,18,6,23,22,3,10,19,4,24,11,12,20,17,1,7,8,5],[2,10,22,6,18,14,23,3,19,4,24,11,12,20,17,1,5,21],[10,18,22,14,2,6,23,3,19,24,4,11,12,21,20,17,1,8,7,5],[10,6,22,2,14,18,1,23,3,19,12,24,20,21,4,17,7,8,5],[2,22,6,20,18,3,10,14,23,19,24,4,17,1,11,12,8,7,5],[6,22,18,14,10,2,3,23,19,24,4,11,12,20,1,17,7,8,5],[22,2,10,14,18,6,3,23,19,24,4,11,12,1,21,20,17,7,8,5],[22,10,2,6,18,14,23,3,19,24,4,11,12,21,20,1,17,7,8,5],[10,18,14,2,6,22,19,23,3,24,4,11,12,21,20,17,1,8,7,5],[18,2,23,22,3,14,10,6,19,24,4,11,12,20,17,1,7,8,5],[18,14,10,22,2,6,3,23,19,4,24,11,12,20,1,17,7,8,5],[10,6,14,18,2,22,23,3,19,4,24,11,12,20,17,1,7,8,5],[18,10,14,6,2,22,3,23,19,4,24,11,12,20,17,1,7,8,5],[10,6,18,22,2,14,23,3,19,24,4,11,12,1,21,20,17,7,8,5],[22,10,2,18,14,6,1,23,3,19,11,24,12,20,17,7,8,5,21],[6,22,18,2,14,10,3,23,19,4,24,11,12,21,20,1,17,8,7,5],[22,2,10,6,14,18,24,19,3,4,11,12,23,1,21,20,17,7,8,5],[18,22,14,10,6,2,4,21,20,3,19,1,11,12,17,7,8,5],[22,14,6,2,18,10,4,24,17,20,3,19,1,12,23,8,7,5],[14,22,2,10,6,18,23,3,19,24,4,11,12,1,21,20,17,7,8,5],[6,18,2,22,10,14,23,3,19,24,4,11,12,20,1,21,17,7,8,5],[22,10,14,6,18,2,23,3,19,4,24,12,20,1,21,17,7,8,5],[2,10,18,22,14,6,23,3,19,4,24,11,12,20,1,21,17,8,7,5],[2,18,22,14,10,6,23,3,19,24,4,12,1,21,20,17,7,8,5],[2,18,6,10,14,22,24,20,3,19,4,1,11,12,17,23,7,8,5],[10,2,14,18,22,6,3,23,19,4,24,11,12,20,17,1,8,7,5],[18,6,14,22,2,10,23,3,19,24,4,11,12,21,20,17,1,8,7,5],[6,2,10,22,18,14,23,3,19,4,24,11,12,20,1,17,5,21,8,7],[22,10,2,6,18,14,3,23,19,4,24,11,12,20,1,21,17,7,8,5],[14,6,2,18,10,22,4,17,19,24,3,20,1,12,23,7,8,5],[10,18,2,14,6,22,3,23,19,4,24,11,12,20,17,1,7,8,5],[10,18,14,22,2,6,4,23,3,24,19,11,12,20,1,21,17,8,7,5],[6,14,2,10,18,22,24,19,4,8,11,7,3,5,1,12,23,20,17],[18,14,10,2,23,22,3,6,19,4,24,11,12,20,1,17,8,7,5],[2,18,14,6,22,10,3,23,19,4,24,11,12,1,21,20,17,7,8,5],[14,22,18,2,10,6,4,23,3,24,19,11,12,20,1,21,17,7,8,5],[10,18,14,2,22,6,23,3,19,24,4,11,12,20,17,1,7,8,5],[10,2,22,18,6,14,23,3,19,24,4,11,12,21,20,1,17,7,8,5],[6,10,2,22,18,14,23,3,19,24,4,11,12,20,1,21,17,8,7,5],[6,22,10,14,18,2,23,3,19,24,4,12,21,20,17,1,8,7,5],[18,22,14,2,6,10,3,23,19,4,24,11,12,1,21,20,17,7,8,5],[22,10,14,2,18,6,3,23,19,4,24,11,12,20,17,1,7,8,5],[6,22,10,2,14,18,3,23,19,24,4,11,12,20,17,1,7,8,5],[6,2,22,15,14,10,18,3,23,19,4,24,11,12,20,1,17,7,8,5],[14,2,22,6,10,18,24,19,3,20,4,1,11,12,17,23,8,7,5],[2,6,14,18,10,23,22,3,19,24,4,11,12,20,1,21,17,7,8,5],[6,18,10,14,2,22,3,23,19,4,24,11,12,20,1,21,17,8,7,5],[14,18,2,10,6,22,3,23,19,24,4,11,12,20,1,17,8,7,5],[14,10,22,18,2,6,23,3,19,24,4,11,12,1,21,20,17,8,7,5],[2,10,6,22,14,18,21,3,19,20,4,1,11,12,17,7,8,5],[2,14,6,10,18,22,4,21,20,19,3,1,11,12,17,7,8,5],[22,10,6,18,14,2,3,23,19,4,24,11,12,20,1,21,17,8,7,5],[6,2,18,14,22,10,3,23,19,4,24,11,12,1,21,20,17,8,7,5],[6,14,10,22,2,18,24,20,3,19,4,17,1,11,12,23,5,21],[6,14,2,10,22,18,3,23,19,4,24,11,12,20,1,17,8,7,5],[10,2,18,14,6,22,23,3,19,4,24,11,12,20,1,21,17,8,7,5],[10,22,14,6,18,2,23,3,19,4,24,11,12,20,17,1,7,8,5],[10,2,18,6,22,15,14,24,19,4,7,11,12,8,3,1,23,20,5,17],[18,22,6,10,14,2,4,24,19,12,16,3,23,20,1,21,17,7,8,5],[2,14,6,10,22,18,24,19,3,4,11,12,20,1,17,23,8,7,5],[2,22,10,6,18,14,4,23,3,24,19,11,12,20,17,1,7,8,5],[22,18,10,6,14,2,3,23,19,24,4,11,12,20,1,17,7,8,5],[2,6,18,14,10,22,3,23,19,24,4,11,12,20,17,1,7,8,5],[18,22,10,2,14,6,19,3,23,24,4,11,12,20,17,1,5,21,8,7],[6,10,18,22,14,2,3,23,19,4,24,11,12,20,17,1,7,8,5],[18,6,2,14,22,10,3,23,19,4,24,11,12,21,20,17,1,7,8,5],[14,6,2,10,22,19,18,23,3,4,24,11,12,20,17,1,7,8,5],[14,6,18,22,10,2,3,23,19,4,24,11,12,20,17,1,7,8,5],[2,22,18,9,6,14,10,3,23,19,4,24,21,20,17,1,12,8,7,5],[18,2,6,14,10,22,21,20,3,19,4,17,1,11,12,7,8,5],[2,6,22,14,10,18,23,3,19,4,24,11,12,20,17,1,7,8,5],[10,18,6,2,22,14,23,3,19,24,4,11,12,1,21,20,17,7,8,5],[2,22,6,10,14,18,3,23,19,4,24,11,12,20,1,21,17,7,8,5],[6,18,14,22,10,2,4,24,19,15,12,7,23,3,8,1,20,17,5],[2,6,10,22,18,14,3,23,19,24,4,11,12,21,20,17,1,7,8,5],[14,10,22,2,18,6,3,23,19,24,4,11,12,21,20,1,17,5,8,7],[14,10,6,2,18,22,3,23,19,24,4,11,12,20,1,21,17,8,7,5],[2,14,10,18,6,22,4,23,3,24,19,11,12,1,21,20,17,7,8,5],[22,18,14,6,2,10,23,3,19,4,24,11,12,20,1,17,7,8,5],[14,2,10,22,18,6,3,23,19,4,24,11,12,20,1,17,7,8,5],[6,14,18,10,2,22,3,23,19,4,24,11,12,1,21,20,17,7,8,5],[6,22,2,14,10,18,23,3,19,4,24,11,12,1,21,20,17,7,8,5],[2,6,14,22,18,10,24,19,3,4,11,12,23,21,20,17,1,7,8,5],[10,22,18,2,6,14,4,21,17,20,3,19,1,11,12,7,8,5],[14,22,18,2,6,10,24,4,19,13,12,15,7,16,20,3,1,17,8,5,23],[22,6,18,2,14,10,23,3,19,4,24,11,12,20,1,21,17,8,7,5],[6,2,14,18,10,22,3,23,19,4,24,11,12,21,20,1,17,7,8,5],[10,2,6,14,18,22,23,3,19,4,24,11,12,1,21,20,17,7,8,5],[10,22,18,6,2,14,21,3,19,4,11,12,20,17,1,8,7,5],[22,14,6,18,10,2,3,23,19,24,4,11,12,20,17,1,7,8,5],[22,18,6,10,2,14,3,23,19,4,24,11,12,21,20,17,1,7,8,5],[18,14,2,10,6,22,23,3,19,24,4,11,12,20,1,21,17,7,8,5],[14,6,10,18,22,2,3,23,19,24,4,11,12,20,1,21,17,8,7,5],[14,10,22,6,2,18,3,23,19,4,24,11,12,20,17,1,5,7,8],[14,2,22,18,10,6,23,3,19,4,24,11,12,20,17,1,7,8,5],[18,2,22,10,14,6,3,23,19,24,4,11,12,20,17,1,8,7,5],[18,14,10,6,22,2,3,23,19,4,24,11,12,21,20,17,1,7,8,5],[10,18,2,6,22,14,4,23,3,24,19,11,12,20,1,17,7,8,5],[6,10,22,14,18,2,19,23,3,24,4,11,12,20,1,21,17,5],[2,14,6,18,22,10,1,23,3,19,11,24,12,20,17,7,8,5,21],[22,14,6,2,18,10,23,3,19,24,4,11,12,20,17,1,7,8,5],[2,10,6,15,14,22,18,3,23,19,4,24,11,12,20,1,17,7,8,5],[14,2,6,10,18,22,23,3,19,24,4,11,12,20,1,17,8,7,5],[10,6,22,14,18,2,4,23,3,24,19,11,12,20,1,21,17,7,8,5],[6,2,14,10,18,22,19,24,4,12,1,23,3,21,20,17,7,8,5],[2,14,18,10,6,22,24,3,19,20,4,1,17,11,12,23,8,7,5],[10,6,14,18,2,22,3,23,19,24,4,11,12,20,1,17,5,7,8],[22,18,10,2,6,14,3,23,19,24,4,11,12,21,20,1,17,5],[18,22,14,6,2,10,23,3,19,24,4,11,12,21,20,17,1,7,8,5],[14,2,6,18,24,10,22,19,3,20,4,17,1,11,12,23,8,7,5],[18,22,2,6,10,14,23,3,19,4,24,11,12,21,20,17,1,5,8,7],[10,2,14,22,6,18,23,3,19,24,4,11,12,20,1,21,17,7,8,5],[22,14,6,2,18,10,24,20,3,19,4,1,17,11,12,23,8,7,5],[18,6,2,10,14,22,3,23,19,4,24,11,12,20,1,17,7,8,5],[18,14,2,6,10,22,3,23,19,4,24,11,12,20,1,21,17,8,7,5],[22,14,6,18,10,2,23,3,19,4,24,11,12,1,21,20,17,7,8,5],[2,10,22,14,6,18,3,23,19,4,24,11,12,20,17,1,7,8,5],[14,22,18,6,10,2,23,3,19,24,4,11,12,20,17,1,7,8,5],[14,10,6,22,2,18,20,3,23,19,24,4,1,17,11,12,8,7,5],[10,2,22,18,14,6,23,3,19,4,24,11,12,20,1,21,17,7,8,5],[14,22,6,10,2,18,23,3,19,24,4,11,12,21,20,1,17,8,7,5],[10,18,2,14,22,6,4,17,19,24,9,1,3,20,23,11,7,8,5,12],[18,14,22,10,6,2,3,23,19,4,24,11,12,21,20,1,17,8,7,5],[6,18,10,2,22,14,23,3,19,24,4,11,12,20,17,1,7,8,5],[2,18,10,6,14,22,23,3,19,24,4,11,12,20,1,21,17,8,7,5],[2,18,10,14,23,22,3,6,19,24,4,11,12,1,21,20,17,7,8,5],[22,14,6,18,2,10,4,24,17,19,9,3,20,1,23,11,12,7,8,5],[14,2,7,6,18,10,22,21,19,3,8,4,5,1,11,12,20,17],[22,6,18,10,2,14,3,23,19,24,4,11,12,20,17,1,7,8,5],[22,2,14,6,18,10,3,23,19,24,4,11,12,20,1,17,7,8,5],[6,10,14,2,22,18,23,3,19,24,4,11,12,1,21,20,17,8,7,5],[14,6,2,10,22,18,3,23,19,24,4,11,12,20,1,17,8,7,5],[22,2,10,6,14,18,23,3,19,24,4,11,12,20,1,17,7,8,5],[14,6,2,18,10,22,19,3,23,24,4,11,12,20,1,21,17,8,7,5],[6,14,22,10,18,2,23,3,19,4,24,11,12,21,20,17,1,7,8,5],[10,2,14,18,6,22,23,3,19,24,4,11,12,20,17,1,7,8,5],[14,18,22,2,6,10,3,23,19,4,24,11,12,1,21,20,17,7,8,5],[14,2,6,22,18,10,24,19,3,20,4,1,17,11,12,23,8,7,5],[18,6,14,22,10,2,24,20,3,19,4,1,17,11,12,23,7,8,5],[18,14,2,10,22,6,3,23,19,24,4,11,12,20,17,1,7,8,5],[18,10,6,14,2,22,3,23,19,24,4,11,12,20,17,1,7,8,5],[6,10,14,22,18,2,23,3,19,24,4,11,12,1,21,20,17,7,8,5],[2,18,14,10,6,22,3,23,19,4,24,11,12,20,17,1,7,8,5],[14,22,10,18,6,2,3,23,19,4,24,11,12,21,20,17,1,8,7,5],[6,18,22,2,10,14,3,23,19,24,4,11,12,21,20,1,17,7,8,5],[2,22,10,18,6,14,23,3,19,4,24,11,12,21,20,1,17,8,7,5],[2,6,10,22,14,18,24,3,19,4,11,12,23,20,1,17,5,7,8],[18,6,2,23,22,3,14,10,19,4,24,11,12,20,17,1,7,8,5],[10,22,6,14,18,2,3,23,19,4,24,11,12,20,17,1,7,8,5],[6,18,22,2,14,10,4,23,3,24,19,11,12,20,17,1,7,8,5],[22,18,2,10,6,14,23,3,19,4,24,11,12,1,21,20,17,7,8,5],[10,22,18,2,14,6,4,24,19,9,17,3,20,1,23,11,12,8,7,5],[6,22,14,18,2,10,1,24,19,3,23,11,12,20,21,4,17,8,7,5],[2,18,6,22,10,14,3,23,19,24,4,11,12,1,21,20,17,7,8,5],[6,2,22,18,14,10,24,20,3,19,4,17,1,11,12,23,7,8,5],[2,14,18,6,10,23,22,3,19,24,4,11,12,20,17,1,7,8,5],[6,10,2,14,22,18,3,23,19,24,4,11,12,21,20,1,17,8,7,5],[18,2,22,10,6,14,19,3,23,4,24,11,12,21,20,1,17,7,8,5],[2,22,10,18,6,14,3,23,19,4,24,11,12,21,20,1,17,5,7,8],[10,22,2,14,6,18,24,3,19,4,11,12,23,20,1,21,17,7,8,5],[22,2,6,14,18,10,3,23,19,4,24,12,20,17,1,7,8,5],[14,18,6,10,22,2,23,3,19,24,4,11,12,20,1,21,17,7,8,5],[2,14,22,10,18,6,3,23,19,24,4,11,12,20,1,21,17,7,8,5],[10,18,14,2,22,6,3,23,19,4,24,11,12,20,17,1,8,7,5],[10,14,2,22,6,18,23,3,19,4,24,11,12,20,17,1,7,8,5],[22,2,6,14,10,18,3,23,19,4,24,11,12,1,21,20,17,7,8,5],[6,18,2,22,11,10,14,24,3,19,12,4,23,20,17,1,8,7,5],[18,10,22,6,2,14,3,23,19,24,4,11,12,1,21,20,17,8,7,5],[6,18,14,22,2,10,3,23,19,4,24,11,12,20,1,17,7,8,5],[18,10,22,6,2,14,23,3,19,24,4,11,12,20,17,1,7,8,5],[22,2,10,18,14,6,3,23,19,24,4,11,12,21,20,17,1,7,8,5],[10,6,18,14,2,22,3,23,19,4,24,11,12,1,21,20,17,8,7,5],[18,22,14,6,10,2,23,3,19,4,24,11,12,1,21,20,17,7,8,5],[22,6,14,18,10,2,23,3,19,4,24,11,12,20,1,17,8,7,5],[10,6,18,14,22,2,4,20,19,23,3,24,17,1,11,12,7,8,5],[10,18,2,14,6,22,3,23,19,4,24,11,12,20,1,17,7,8,5],[18,14,6,22,2,10,4,24,17,19,3,20,1,11,12,23,8,7,5],[2,10,6,18,22,14,3,23,19,4,24,11,12,20,1,21,17,7,8,5],[22,14,18,2,10,6,23,3,19,4,24,11,12,1,21,20,17,8,7,5],[18,14,6,10,22,2,23,3,19,24,4,11,12,21,20,17,1,7,8,5],[14,10,22,6,2,18,23,3,19,24,4,11,12,20,17,1,7,8,5],[6,10,22,18,2,14,3,23,19,4,24,11,12,20,17,1,7,8,5],[22,2,18,10,6,14,3,23,19,24,4,11,12,20,17,1,8,7,5],[22,14,10,2,18,6,3,23,19,24,4,11,12,20,1,21,17,7,8,5],[14,10,18,2,6,22,3,23,19,4,24,11,12,1,21,20,17,7,8,5],[10,2,18,14,7,6,22,24,4,20,3,19,1,17,11,12,8,5,23],[18,2,23,22,3,6,10,14,19,4,24,11,12,20,1,21,17,8,7,5],[2,14,18,22,10,6,3,23,19,24,4,11,12,21,20,17,1,5],[10,2,22,15,14,6,18,24,3,19,4,11,12,23,20,1,21,17,5],[14,18,6,22,2,10,3,23,19,4,24,11,12,20,17,1,7,8,5],[22,14,2,18,6,10,23,3,19,4,24,11,12,20,17,1,7,8,5],[2,23,22,3,6,10,14,18,19,24,4,11,12,21,20,1,17,8,7,5],[18,10,2,14,22,6,23,3,19,24,4,11,12,21,20,17,1,7,8,5],[14,2,22,6,18,10,3,23,19,4,24,11,12,20,17,1,7,8,5],[22,10,2,18,14,6,23,3,19,4,24,11,12,20,17,1,8,7,5],[10,6,2,22,18,14,23,3,19,24,4,11,12,21,20,1,17,7,8,5],[18,10,22,2,6,14,3,23,19,4,24,11,12,20,1,17,8,7,5],[18,14,22,2,10,6,23,3,19,24,4,11,12,20,17,1,8,7,5],[14,18,2,22,10,6,19,21,4,9,5,11],[2,10,14,18,22,6,23,3,19,24,4,11,12,20,17,1,8,7,5],[2,22,10,14,18,6,1,23,3,19,11,12,24,20,21,4,17,7,8,5],[14,22,2,18,10,6,3,23,19,4,24,11,12,1,21,20,17,5],[22,2,10,6,14,18,4,19,23,3,24,11,12,20,1,21,17,7,8,5],[22,2,6,10,14,18,23,3,19,24,4,11,12,1,21,20,17,8,7,5],[10,22,14,18,6,2,24,3,19,4,11,12,23,21,20,1,17,8,7,5],[18,22,6,10,2,14,1,23,3,19,11,12,24,20,17,7,8,5,21],[18,10,14,2,6,22,3,23,19,24,4,11,12,20,17,1,7,8,5],[6,22,14,10,2,18,3,23,19,4,24,11,12,20,17,1,7,8,5],[10,22,14,18,2,6,24,3,19,4,11,12,20,1,17,23,8,7,5],[22,14,2,10,18,6,3,23,19,4,24,11,12,20,1,17,7,8,5],[10,2,6,14,18,22,23,3,19,4,24,11,12,20,1,21,17,7,8,5],[2,10,6,22,14,18,24,3,19,20,4,17,1,11,12,23,7,8,5],[18,14,6,10,2,22,23,3,19,24,4,11,12,20,17,1,8,7,5],[14,2,6,10,18,22,23,3,19,4,24,11,12,1,21,20,17,7,8,5],[22,6,10,2,18,14,23,3,19,24,4,11,12,1,21,20,17,5,7,8],[18,14,6,2,22,10,23,3,19,24,4,11,12,20,17,1,7,8,5],[18,10,6,14,22,2,23,3,19,4,24,11,12,20,17,1,7,8,5],[22,6,14,2,18,10,23,3,19,4,24,11,12,21,20,17,1,7,8,5],[18,14,6,2,10,22,23,3,19,24,4,11,12,20,1,21,17,7,8,5],[18,10,22,14,2,6,1,23,3,19,11,12,20,24,21,7,8,17,5],[6,18,2,10,22,14,24,20,3,19,4,1,17,12,23,7,8,5],[2,6,14,10,22,18,3,23,19,24,4,11,12,1,21,20,17,7,8,5],[10,2,18,6,22,14,1,23,3,19,11,24,12,20,21,4,17,7,8,5],[18,10,22,2,6,14,3,23,19,24,4,11,12,20,17,1,8,7,5],[22,18,10,14,2,6,23,3,19,4,24,11,12,1,21,20,17,8,7,5],[6,18,22,2,14,10,3,23,19,24,4,11,12,20,17,1,7,8,5],[18,14,10,22,2,6,21,3,19,20,4,17,1,12,7,8,5],[14,22,2,18,6,10,3,23,19,24,4,11,12,20,17,1,7,8,5],[22,6,14,2,10,18,3,23,19,24,4,11,12,1,21,20,17,8,7,5],[18,2,22,6,14,10,3,23,19,24,4,11,12,20,1,21,17,8,7,5],[6,18,2,22,14,10,23,3,19,24,4,11,12,20,17,1,7,8,5],[6,22,10,18,2,14,23,3,19,24,4,11,12,20,1,17,7,8,5],[2,22,6,18,10,14,23,3,19,24,4,11,12,20,17,1,7,8,5],[18,2,6,15,14,22,10,3,23,19,24,4,11,12,1,21,20,17,5],[10,2,22,14,18,6,23,3,19,4,24,11,12,20,1,17,7,8,5],[14,2,10,6,18,22,4,24,19,7,11,21,3,12,8,1,20,17,5],[10,14,6,2,18,22,23,3,19,4,24,11,12,1,21,20,17,8,7,5],[6,22,10,2,14,18,4,23,3,24,19,11,12,20,1,17,7,8,5],[10,6,22,18,14,2,23,3,19,4,24,11,12,20,17,1,5,8,7],[14,2,22,10,6,18,23,3,19,24,4,11,12,21,20,1,17,8,7,5],[2,18,15,14,6,10,22,23,3,19,24,4,11,12,20,1,17,8,7,5],[14,6,22,10,18,2,3,23,19,4,24,11,12,20,1,17,7,8,5],[10,22,18,6,14,2,21,4,20,3,19,17,1,11,12,7,8,5],[22,18,6,2,14,10,4,24,17,20,3,19,1,11,12,23,7,8,5],[22,18,2,14,6,10,4,17,19,23,3,24,20,1,11,12,7,8,5],[10,14,2,18,6,22,23,3,19,4,24,11,12,20,1,17,8,7,5],[2,22,10,14,19,6,18,23,3,4,24,11,12,21,20,1,17,7,8,5],[14,2,18,10,6,22,4,23,3,24,19,11,12,1,21,20,17,7,8,5],[14,2,18,10,22,6,23,3,19,24,4,11,12,20,17,1,7,8,5],[6,2,10,14,18,22,3,23,19,24,4,11,12,21,20,17,1,8,7,5],[2,18,10,6,22,14,23,3,19,4,24,11,12,20,1,21,17,7,8,5],[18,14,2,22,10,6,23,3,19,4,24,11,12,20,1,17,8,7,5],[2,18,22,6,10,14,23,3,19,4,24,11,12,20,1,21,17,7,8,5],[22,14,6,18,2,10,23,3,19,4,24,11,12,20,17,1,8,7,5],[18,2,10,6,22,14,24,20,3,19,4,17,1,11,12,23,5,21,7,8],[22,6,14,2,18,10,23,3,19,24,4,11,12,1,21,20,17,7,8,5],[14,10,22,2,7,6,18,3,23,19,24,4,11,12,8,5,1,20,17],[6,2,10,14,18,22,4,23,3,24,19,11,12,20,1,21,17,7,8,5],[6,10,14,22,2,18,23,3,19,4,24,11,12,20,1,21,17,8,7,5],[6,2,22,10,14,18,23,3,19,24,4,11,12,21,20,17,1,7,8,5],[22,10,14,6,2,18,23,3,19,4,24,11,12,20,17,1,7,8,5],[22,6,14,18,10,2,23,3,19,4,24,11,12,20,17,1,7,8,5],[14,10,6,2,22,18,3,23,19,4,24,11,12,20,17,1,7,8,5],[18,2,6,14,10,22,23,3,19,24,4,11,12,20,17,1,7,8,5],[10,2,14,18,6,22,23,3,19,24,4,11,12,20,17,1,7,8,5],[2,18,22,14,6,10,1,23,3,19,11,12,24,20,21,4,17,8,7,5],[22,10,14,6,18,2,3,23,19,24,4,11,12,20,1,21,17,7,8,5],[2,6,22,14,18,10,23,3,19,24,4,11,12,21,20,17,1,7,8,5],[6,22,2,18,14,10,23,3,19,4,24,11,12,20,17,1,5,21,7,8],[18,2,10,14,6,22,3,23,19,24,4,11,12,20,1,21,17,7,8,5],[14,22,10,2,18,6,23,3,19,4,24,11,12,20,17,1,7,8,5],[10,6,14,18,22,2,19,3,23,4,24,11,12,1,21,20,17,8,7,5],[14,22,18,2,10,6,24,4,17,19,3,20,1,11,12,23,21,7,8,5],[22,18,10,14,6,2,23,3,19,24,4,11,12,21,20,17,1,7,8,5],[10,18,6,22,2,14,3,23,19,4,24,11,12,1,21,20,17,8,7,5],[18,10,2,22,6,14,23,3,19,4,24,11,12,21,20,17,1,8,7,5],[6,14,22,2,10,18,24,3,19,20,4,1,11,12,17,23,8,7,5],[18,22,6,10,2,14,3,23,19,4,24,11,12,1,21,20,17,7,8,5],[6,10,22,2,14,18,23,3,19,4,24,11,12,20,1,17,7,8,5],[6,14,18,22,2,10,23,3,19,24,4,11,12,21,20,1,17,7,8,5],[2,10,14,22,18,6,3,23,19,4,24,11,12,20,1,21,17,7,8,5],[18,22,6,14,10,2,23,3,19,4,24,11,12,20,17,1,5,8,7],[22,6,14,2,18,10,24,4,21,20,1,19,3,11,12,17,7,8,5],[14,10,6,22,18,2,23,3,19,24,4,11,12,20,17,1,7,8,5],[6,14,22,2,10,19,18,3,23,24,4,11,12,20,1,21,17,7,8,5],[14,6,10,18,2,22,23,3,19,24,4,11,12,20,1,21,17,7,8,5],[22,10,6,2,14,18,3,23,19,24,4,11,12,20,17,1,7,8,5],[2,14,6,10,18,22,3,23,19,24,4,11,12,20,1,21,17,7,8,5],[18,22,14,6,2,10,23,3,19,24,4,11,12,21,20,1,17,7,8,5],[2,22,14,6,10,18,3,23,19,4,24,11,12,20,17,1,5,21],[2,18,14,10,7,6,22,21,3,19,4,11,12,20,17,1,8,5],[6,22,10,2,14,18,23,3,19,24,4,11,12,20,1,21,17,5],[6,18,22,10,2,14,1,23,3,19,11,12,24,20,17,7,8,5,4],[14,10,18,6,22,2,23,3,19,4,24,11,12,20,1,17,7,8,5],[10,6,22,2,14,18,1,19,23,3,11,24,12,20,17,7,8,5,21],[10,14,6,2,18,22,23,3,19,24,4,11,12,20,17,1,7,8,5],[18,14,10,2,22,6,24,3,19,20,4,17,1,11,12,23,8,7,5],[10,2,6,14,18,22,23,3,19,24,4,11,12,20,17,1,7,8,5],[2,10,19,22,14,6,18,3,23,24,4,11,12,20,17,1,7,8,5],[10,2,22,18,14,6,3,23,19,4,24,11,12,21,20,17,1,7,8,5],[2,10,14,22,6,18,3,23,19,24,4,11,12,20,1,21,17,7,8,5],[6,22,18,10,14,2,23,3,19,24,4,11,12,20,17,1,7,8,5],[6,14,2,10,22,18,4,24,20,19,3,1,17,11,12,23,8,7,5],[2,22,14,6,10,18,23,3,19,4,24,11,12,20,1,21,17,8,7,5],[18,14,6,22,2,10,4,21,20,3,19,1,11,12,17,5,7,8],[6,14,2,22,10,18,3,23,19,24,4,11,12,21,20,17,1,7,8,5],[14,18,2,10,22,6,4,24,17,19,20,3,1,11,12,23,8,7,5],[22,18,6,14,10,2,3,23,19,24,4,11,12,1,21,20,17,7,8,5],[2,6,14,10,18,22,3,23,19,4,24,11,12,20,17,1,7,8,5],[22,10,18,2,14,6,3,23,19,24,4,11,12,21,20,1,17,5,8,7],[10,2,18,14,6,22,23,3,19,24,4,11,12,20,1,21,17,7,8,5],[2,22,10,6,14,18,21,19,1,3,11,20,12,4,17,7,8,5],[18,2,10,22,6,14,23,3,19,24,4,11,12,21,20,1,17,8,7,5],[6,18,10,22,14,2,23,3,19,24,4,11,12,21,20,1,17,7,8,5],[22,6,2,10,14,18,23,3,19,24,4,11,12,1,21,20,17,7,8,5],[2,22,10,6,18,14,4,23,3,24,19,11,12,1,21,20,17,8,7,5],[22,2,10,14,18,6,3,23,19,4,24,11,12,1,21,20,17,8,7,5],[22,2,10,18,14,6,3,23,19,24,4,11,12,21,20,17,1,7,8,5],[10,14,22,2,18,6,23,3,19,24,4,11,12,21,20,17,1,7,8,5],[6,2,10,14,18,22,24,3,19,4,11,12,23,21,20,17,1,7,8,5],[18,22,6,10,2,14,23,3,19,4,24,11,12,1,21,20,17,8,7,5],[14,6,2,22,10,18,3,23,19,24,4,11,12,20,1,21,17,8,7,5],[6,18,2,22,14,10,4,17,20,3,19,23,24,1,11,12,7,8,5],[2,18,14,22,6,10,3,23,19,4,24,11,12,20,17,1,5,21,7,8],[18,22,6,2,14,10,3,23,19,24,4,11,12,20,1,21,17,7,8,5],[22,14,18,2,10,6,4,23,1,24,17,19,3,20,11,12,7,8,5],[22,10,14,6,2,18,3,23,19,24,4,12,20,17,1,8,7,5],[10,22,14,18,6,2,3,23,19,24,4,11,12,1,21,20,17,5],[22,2,10,18,6,14,23,3,19,24,4,11,12,21,20,1,17,5],[6,18,10,14,2,22,23,3,19,24,4,11,12,1,21,20,17,8,7,5],[6,18,10,14,2,22,20,3,23,19,24,4,1,17,11,12,7,8,5],[18,22,6,10,2,14,3,23,19,24,4,11,12,20,1,17,8,7,5],[2,6,22,18,14,10,4,21,17,19,3,20,1,11,12,7,8,5],[10,14,6,22,2,18,23,3,19,24,4,11,12,21,20,17,1,8,7,5],[2,6,22,18,14,10,3,23,19,24,4,11,12,1,21,20,17,5],[6,10,22,18,2,14,23,3,19,4,24,11,12,20,1,21,17,5],[14,18,6,22,10,2,24,20,3,19,4,17,1,11,12,23,7,8,5],[2,11,10,15,14,18,6,22,19,4,24,5,1,9,23,3,21,20,17,12],[22,6,14,2,18,10,23,3,19,4,24,11,12,1,21,20,17,7,8,5],[22,10,2,6,18,14,23,3,19,24,4,11,12,21,20,17,1,7,8,5],[2,14,18,10,6,22,3,23,19,24,4,11,12,20,17,1,7,8,5],[22,10,14,6,18,2,4,19,23,3,24,11,12,20,1,21,17,7,8,5],[6,2,10,22,18,14,3,23,19,24,4,11,12,20,1,21,17,7,8,5],[22,2,10,18,14,6,3,23,19,24,4,11,12,20,17,1,7,8,5],[14,10,18,6,22,2,23,3,19,24,4,11,12,20,17,1,7,8,5],[18,14,6,22,10,2,3,23,19,4,24,11,12,20,1,17,8,7,5],[2,10,14,6,18,22,23,3,19,4,24,11,12,20,1,17,8,7,5],[6,2,22,14,18,10,23,3,19,4,24,11,12,20,1,17,7,8,5],[18,10,6,2,14,24,22,17,3,19,4,20,1,11,12,23,8,7,5],[14,6,22,2,10,18,4,23,3,24,19,11,12,20,17,1,7,8,5],[2,10,22,18,6,14,23,3,19,4,24,11,12,20,1,21,17,7,8,5],[22,6,2,14,10,18,3,23,19,4,24,11,12,20,1,21,17,5,8,7],[14,22,18,6,10,2,3,23,19,4,24,11,12,21,20,1,17,7,8,5],[22,14,6,10,2,18,23,3,19,24,4,11,12,20,1,21,17,7,8,5],[2,14,10,6,22,18,3,23,19,4,24,11,12,20,1,21,17,7,8,5],[14,22,10,18,2,6,3,23,19,4,24,11,12,1,21,20,17,7,8,5],[2,22,10,14,18,6,3,23,19,24,4,11,12,21,20,17,1,5],[22,18