{"problem_id":"KUyNdHbCfa4jtIt","sigma":150,"alpha":3.162,"cost":0,"probabilities":"[0.15, 0.31, 0.28, 0.26]","payoff_matrix":"[[-101, -9, -42, 44, 171, -324], [232, -166, -96, -305, -38, -29], [-291, 126, 70, 84, -22, 114], [129, 179, -134, -11, 128, -48]]","uncovered":[[10,18,22,14,6,2,3,23,19,24,4,11,12,20,1,17,7,8,5,21,13,16],[6,14,18,22,2,10,4,23,3,24,19,11,12,20,17,1,7,8,5,21,16,13,15,9],[10,18,14,6,22,2,3,23,19,24,4,11,12,20,17,1,7,8,5,21,16,13,9,15],[6,2,14,18,22,10,24,19,3,11,4,12,23,20,17,1,7,8,5,21,15,13,16,9],[22,18,2,6,10,14,23,3,19,24,4,11,12,20,17,1,8,7,5,21,13,15,16,9],[6,2,18,10,14,22,3,23,19,4,24,11,12,20,17,1,7,8,5,21,16,15,9],[18,2,22,6,14,10,23,3,19,24,4,11,12,20,17,1,7,8,5,21,15,13,16],[6,10,22,14,2,18,3,23,19,24,4,11,12,20,1,17,7,8,5,21,13,16,15],[10,2,6,14,18,22,3,23,19,4,24,11,12,20,17,1,7,8,5,21,13,15,16,9],[18,14,10,6,22,2,3,23,19,24,4,11,12,20,17,1,7,8,5,21,13,16,9,15],[22,14,6,18,10,2,23,3,19,24,4,11,12,20,17,1,5,8,7,21,16,15,9],[2,14,6,18,10,22,3,23,19,24,4,11,12,20,17,1,7,8,5,21,16,15],[2,10,6,22,14,18,23,3,19,4,24,11,12,20,1,21,17,5,7,8,16,15,13,9],[6,2,22,14,18,10,23,3,19,24,4,11,12,20,17,1,7,8,5,21,16,15,13],[18,2,22,14,6,10,23,3,19,24,4,11,12,20,1,17,7,8,5,21,13,16],[18,6,2,10,22,14,23,3,19,24,4,11,12,20,17,1,8,7,5,21,15,13,16],[18,10,14,6,2,22,3,23,19,4,24,11,12,20,1,21,17,8,7,5,13,16,9],[22,2,10,6,14,18,23,3,19,4,24,11,12,20,17,1,7,8,5,21,15,13,16],[18,2,10,22,14,6,23,3,19,4,24,11,12,20,1,21,17,7,8,5,15,13,9,16],[18,2,14,10,22,6,3,23,19,24,4,11,12,20,1,17,7,8,5,21,16,13,15],[10,6,18,22,14,2,3,23,19,4,24,11,12,20,17,1,7,8,5,21,16,15,13,9],[18,14,10,6,2,22,23,3,19,24,4,11,12,20,1,21,17,7,8,5,13,15,16,9],[6,2,10,18,22,14,23,3,19,4,24,11,12,20,1,21,17,7,8,5,16,13,9,15],[6,10,14,22,2,18,3,23,19,4,24,11,12,20,1,21,17,7,8,5,16,15,13],[14,18,6,10,22,2,4,24,20,19,3,11,12,17,1,23,5,8,7,21,15,13,16],[2,18,6,22,14,10,3,23,19,24,4,11,12,20,1,17,7,8,5,21,13,15,16,9],[14,22,10,18,2,6,24,19,3,11,12,4,23,20,1,17,8,7,5,21,13,16,15,9],[6,14,18,2,10,22,4,21,20,3,19,11,12,17,1,8,7,5,23,24,15,16,13,9],[18,6,14,22,2,10,23,3,19,24,4,11,12,20,17,1,7,8,5,21,16,13,9,15],[18,2,6,10,14,22,3,23,19,24,4,11,12,20,1,17,7,8,5,21,15,13,16,9],[10,6,22,14,2,18,23,3,19,4,24,11,12,20,17,1,7,8,5,21,16,13],[18,2,6,22,14,10,3,23,19,4,24,11,12,20,1,17,7,8,5,21,16,13,15],[6,10,2,14,18,22,23,3,19,24,4,11,12,20,17,1,5,7,8,21,16,13,15],[22,14,6,18,10,2,23,3,19,4,24,11,12,20,17,1,8,7,5,21,16,15,13],[18,2,22,6,10,14,23,3,19,4,24,11,12,20,17,1,7,8,5,21,15,16],[6,14,2,18,10,22,3,23,19,4,24,11,12,20,1,21,17,7,8,5,13,15,16,9],[2,22,14,6,10,18,24,3,19,11,12,4,23,20,17,1,7,8,5,21,16,15],[6,10,22,18,14,2,23,3,19,24,4,11,12,20,1,21,17,7,8,5,13,16,15],[10,22,2,14,6,18,24,3,19,11,4,12,23,20,17,1,7,8,5,21,15,13,16],[2,10,18,14,6,22,3,23,19,24,4,11,12,20,1,21,17,7,8,5,15,16],[18,6,14,22,10,2,4,24,20,3,19,11,12,17,1,23,7,8,5,21,15,13,16],[6,18,14,22,2,10,3,23,19,4,24,11,12,20,17,1,7,8,5,21,15,16,13,9],[22,14,10,6,18,2,3,23,19,24,4,11,12,20,17,1,7,8,5,21,16,15,13,9],[2,6,18,22,14,10,4,23,3,24,19,11,12,20,1,21,17,7,8,5,13,16],[6,10,18,14,22,2,3,23,19,24,4,11,12,20,1,21,17,7,8,5,15,13,16,9],[18,2,6,10,22,14,3,23,19,4,24,11,12,20,17,1,7,8,5,21,13,15,9,16],[18,2,22,10,6,14,4,21,19,12,8,3,7,5,1,20,17,23,24,13,15,11,16,9],[10,22,14,2,6,18,23,3,19,4,24,11,12,20,17,1,5,7,8,21,15,13,16,9],[22,10,2,14,18,6,23,3,19,24,4,11,12,20,17,1,7,8,5,21,13,16,15],[6,18,10,22,2,14,23,3,19,24,4,11,12,20,17,1,7,8,5,21,16,15,13,9],[18,22,14,10,6,2,3,23,19,11,24,4,12,20,17,1,7,8,5,21,15,13,16,9],[22,14,6,18,2,10,24,19,3,11,12,20,4,1,17,23,7,8,5,21,13,15,16],[6,2,18,22,10,14,3,23,19,4,24,11,12,20,17,1,7,8,5,21,16,15,13],[14,18,10,2,22,6,23,3,19,4,24,11,12,20,17,1,7,8,5,21,16,15,13,9],[2,10,14,18,6,22,23,3,19,4,24,11,12,20,1,17,7,8,5,21,15,13,16],[2,22,10,14,6,18,23,3,19,4,24,11,12,20,17,1,7,8,5,21,13,16,9,15],[6,2,18,14,22,10,4,24,19,12,8,3,7,5,1,23,20,17,21,16,9,15,11],[18,2,6,14,22,10,23,3,19,24,4,11,12,20,17,1,8,7,5,21,16,15,13,9],[14,22,6,2,18,10,3,23,19,24,4,11,12,20,17,1,7,8,5,21,15,16,13,9],[14,18,22,2,10,6,23,3,19,24,4,11,12,20,1,17,7,8,5,21,15,13,9],[18,10,14,6,2,22,3,23,19,4,24,11,12,20,17,1,7,8,5,21,16,13,9,15],[2,14,18,6,22,10,3,23,19,24,4,11,12,20,17,1,8,7,5,21,13,15,16,9],[6,22,18,14,2,10,23,3,19,24,4,11,12,20,1,21,17,7,8,5,16],[2,18,22,10,14,6,3,23,19,4,24,11,12,20,1,21,17,5,7,8,15,16,9],[2,18,14,10,6,22,23,3,19,4,24,11,12,20,1,21,17,7,8,5,13,16,15,9],[6,14,2,18,22,10,23,3,19,24,4,11,12,20,17,1,7,8,5,21,13,16,15],[6,22,14,10,2,18,3,23,19,24,4,11,12,20,17,1,7,8,5,21,15,13,16,9],[22,14,6,10,18,2,3,23,19,24,4,11,12,20,1,17,7,8,5,21,16,13],[22,18,6,14,2,10,3,23,19,4,24,11,12,20,17,1,7,8,5,21,15,16,9,13],[14,18,22,2,10,6,23,3,19,24,4,11,12,20,17,1,7,8,5,21,16,13,15,9],[2,10,6,18,22,14,23,3,19,24,4,11,12,20,1,21,17,7,8,5,15,13,16,9],[18,22,2,6,10,14,23,3,19,4,24,11,12,20,1,21,17,5,8,7,16,15,9],[22,6,2,18,14,10,3,23,19,24,4,11,12,20,1,17,7,8,5,21,16,15,13],[14,10,6,22,2,18,23,3,19,4,24,11,12,20,17,1,7,8,5,21,15,13,16],[2,6,18,14,22,10,23,3,19,24,4,11,12,20,17,1,5,7,8,21,15,13,16],[22,2,18,14,6,10,23,3,19,24,4,11,12,20,17,1,5,7,8,21,13,15,16],[6,22,10,2,14,18,23,3,19,24,4,11,12,20,1,17,8,7,5,21,16,13,15,9],[18,14,10,22,2,6,3,23,19,4,24,11,12,20,17,1,7,8,5,21,16,15,9],[10,6,18,2,14,22,23,3,19,24,4,11,12,20,1,21,17,7,8,5,16,15],[10,14,6,2,18,22,23,3,19,4,24,11,12,20,17,1,7,8,5,21,16,9,15],[2,14,10,22,18,6,21,3,19,11,12,4,20,17,1,8,7,5,24,15,16,9,23],[2,6,22,18,14,10,3,23,19,24,4,11,12,20,1,17,7,8,5,21,13,15],[14,6,10,18,2,22,3,23,19,4,24,11,12,20,1,21,17,8,7,5,15,16],[10,22,18,2,6,14,23,3,19,4,24,11,12,20,1,21,17,8,7,5,13,15,16],[6,10,14,22,18,2,23,3,19,4,24,11,12,20,17,1,7,8,5,21,13,15,16,9],[2,10,18,14,6,22,3,23,19,24,4,11,12,20,1,17,7,8,5,21,15,16,13,9],[2,18,6,14,22,10,23,3,19,4,24,11,12,20,1,17,7,8,5,21,13,16,15],[10,14,22,18,2,6,24,19,3,11,12,4,23,20,17,1,7,8,5,21,16],[6,14,18,10,22,2,4,23,3,24,19,11,12,20,1,21,17,7,8,5,15,16,9],[6,18,14,2,10,22,23,3,19,24,4,11,12,20,1,17,8,7,5,21,13,15,16],[14,2,18,22,10,6,3,23,19,4,24,11,12,20,17,1,8,7,5,21,16,13,9,15],[22,10,14,18,6,2,3,23,19,4,24,11,12,20,17,1,5,7,8,21,15,16,13,9],[22,10,2,18,6,14,23,3,19,4,24,11,12,20,17,1,8,7,5,21,13,15,16,9],[14,10,6,22,2,18,23,3,19,24,4,11,12,20,1,17,7,8,5,21,13,16],[22,2,6,14,10,18,3,23,19,4,24,11,12,20,1,17,7,8,5,21,13,15,16,9],[2,6,14,22,10,18,3,23,19,24,4,11,12,20,1,21,17,8,7,5,15,13],[14,6,2,18,22,10,3,23,19,24,4,11,12,20,17,1,7,8,5,21,15,16,9],[22,14,2,10,18,6,23,3,19,24,4,11,12,20,17,1,8,7,5,21,16,13,15,9],[10,18,22,14,6,2,3,23,19,4,24,11,12,20,1,21,17,8,7,5,16],[2,14,10,6,18,22,23,3,19,4,24,11,12,20,17,1,5,8,7,21,13,15,9,16],[18,2,10,22,14,6,23,3,19,4,24,11,12,20,1,21,17,8,7,5,13,16,9,15],[6,18,10,22,2,14,24,1,19,3,11,20,12,23,21,7,8,17,5,4,15,13,16,9],[22,2,14,10,6,18,3,23,19,24,4,11,12,20,17,1,7,8,5,21,15,16],[6,18,10,22,14,2,3,23,19,24,4,11,12,20,17,1,7,8,5,21,15,16],[18,22,6,14,10,2,23,3,19,4,24,11,12,20,1,17,7,8,5,21,16,9,13,15],[6,2,18,14,10,22,24,19,4,9,7,12,23,3,8,5,1,20,17,21,15,16,11],[14,22,6,2,10,18,21,3,19,11,12,20,4,1,17,5,7,8,23,24,16,15,13,9],[2,10,22,14,6,18,23,3,19,4,24,11,12,20,17,1,7,8,5,21,16,13,15],[10,18,2,14,6,22,23,3,19,24,4,11,12,20,1,17,8,7,5,21,15,16],[22,2,14,6,10,18,23,3,19,4,24,11,12,20,1,17,7,8,5,21,15,13,16],[18,22,14,6,10,2,3,23,19,4,24,11,12,20,1,17,7,8,5,21,15,13,16,9],[14,10,18,22,6,2,23,3,19,4,24,11,12,20,1,21,17,7,8,5,13,16,9,15],[18,6,10,14,22,2,23,3,19,24,4,11,12,20,17,1,7,8,5,21,16,15],[10,2,22,18,6,14,23,3,19,24,4,11,12,20,17,1,7,8,5,21,16,15],[14,18,10,22,2,6,23,3,19,4,24,11,12,20,17,1,8,7,5,21,16,15,13,9],[14,10,18,6,22,2,3,23,19,4,24,11,12,20,1,17,8,7,5,21,13,15,16],[2,22,14,10,6,18,23,3,19,24,4,11,12,20,1,17,7,8,5,21,16,15,9],[14,10,6,22,18,2,23,3,19,4,24,11,12,20,17,1,7,8,5,21,15,16,13],[10,22,14,18,6,2,3,23,19,4,24,11,12,20,17,1,7,8,5,21,13,16,15,9],[18,2,10,14,22,6,3,23,19,4,24,11,12,20,17,1,5,7,8,21,15,16,13],[18,6,10,14,2,22,3,23,19,4,24,11,12,20,17,1,7,8,5,21,13,15,16],[14,18,6,2,22,10,3,23,19,24,4,11,12,20,17,1,8,7,5,21,16,15,13,9],[22,14,6,2,18,10,3,23,19,4,24,11,12,20,17,1,7,8,5,21,15,13,16,9],[2,6,18,22,10,14,3,23,19,24,4,11,12,20,17,1,7,8,5,21,16,15,13,9],[2,22,18,10,6,14,3,23,19,4,24,11,12,20,17,1,7,8,5,21,16,15,9],[6,2,10,22,14,18,23,3,19,24,4,11,12,20,17,1,7,8,5,21,13,16,15],[2,18,22,10,6,14,23,3,19,24,4,11,12,20,1,21,17,7,8,5,16,9,13,15],[22,6,10,14,2,18,23,3,19,24,4,11,12,20,1,21,17,7,8,5,15,16,9],[18,2,22,6,14,10,23,3,19,4,24,11,12,20,1,21,17,7,8,5,16,13,15,9],[18,14,2,6,10,22,3,23,19,24,4,11,12,20,1,17,7,8,5,21,13,16],[2,10,14,6,18,22,23,3,19,4,24,11,12,20,17,1,7,8,5,21,15,16],[14,2,18,10,6,22,3,23,19,4,24,11,12,20,1,21,17,7,8,5,16,15,9,13],[2,18,14,10,6,22,3,23,19,24,4,11,12,20,1,21,17,7,8,5,16],[10,14,6,2,18,22,24,3,19,11,4,12,23,20,1,21,17,7,8,5,13,15,16,9],[2,14,22,18,10,6,3,23,19,4,24,11,12,20,17,1,5,8,7,21,15,16],[6,2,22,10,14,18,3,23,19,24,4,11,12,20,1,21,17,8,7,5,16,13,15,9],[2,14,22,18,6,10,3,23,19,24,4,11,12,20,1,21,17,7,8,5,13,16],[6,14,18,2,10,22,23,3,19,4,24,11,12,20,1,21,17,5,7,8,16,13,15],[18,22,14,2,10,6,4,21,17,19,3,20,11,1,12,8,7,5,24,13,16,23,15],[2,22,18,6,14,10,23,3,19,24,4,11,12,20,17,1,7,8,5,21,15,16,13],[18,2,10,6,14,22,23,3,19,24,4,11,12,20,1,17,8,7,5,21,16,13],[6,18,14,2,10,22,3,23,19,24,4,11,12,20,17,1,7,8,5,21,15,16,13],[10,18,14,6,22,2,3,23,19,4,24,11,12,20,17,1,8,7,5,21,15,16],[22,18,14,10,2,6,3,23,19,4,24,11,12,20,17,1,8,7,5,21,16,15,13,9],[14,10,22,2,18,6,4,23,3,24,19,11,12,20,17,1,8,7,5,21,13,15,16,9],[18,22,2,6,10,14,23,3,19,4,24,11,12,20,17,1,7,8,5,21,13,16,15,9],[14,10,18,22,2,6,23,3,19,24,4,11,12,20,17,1,7,8,5,21,16,13,9,15],[18,10,14,2,22,6,3,23,19,24,4,11,12,20,1,21,17,7,8,5,16,13,9,15],[18,14,10,6,2,22,23,3,19,4,24,11,12,20,1,21,17,8,7,5,13,15,16,9],[14,6,10,18,2,22,24,19,3,11,12,4,23,20,17,1,8,7,5,21,16,9,15,13],[10,14,22,6,18,2,3,23,19,4,24,11,12,20,17,1,7,8,5,21,16,15,13],[14,10,2,6,18,22,4,21,19,11,3,12,20,1,17,8,7,5,23,24,15,16,13,9],[18,14,22,6,2,10,23,3,19,4,24,11,12,20,17,1,8,7,5,21,16,13,9],[6,18,14,22,10,2,4,23,3,24,19,11,12,20,17,1,7,8,5,21,16,13,15,9],[2,18,22,14,6,10,24,3,19,11,12,4,23,20,17,1,7,8,5,21,15,13,16],[2,22,18,6,10,14,23,3,19,24,4,11,12,20,1,17,8,7,5,21,15,16],[2,22,18,10,14,6,24,3,19,11,4,12,23,20,17,1,7,8,5,21,16,15],[6,10,18,22,2,14,4,24,20,19,3,11,12,17,1,23,8,7,5,21,13,16,15,9],[6,14,22,18,10,2,3,23,19,24,4,11,12,20,17,1,7,8,5,21,13,16,15,9],[14,22,18,2,10,6,3,23,19,24,4,11,12,20,17,1,8,7,5,21,15,16],[22,2,6,14,10,18,23,3,19,4,24,11,12,20,17,1,7,8,5,21,16,13,15],[2,22,18,10,14,6,3,23,19,4,24,11,12,20,17,1,7,8,5,21,15,13,9,16],[6,22,14,18,2,10,23,3,19,4,24,11,12,20,17,1,7,8,5,21,15,13,16,9],[6,18,10,14,22,2,3,23,19,4,24,11,12,20,1,17,8,7,5,21,16,9,15],[10,2,6,18,14,22,3,23,19,4,24,11,12,20,1,21,17,7,8,5,16,15,13,9],[10,14,18,22,2,6,3,23,19,4,24,11,12,20,17,1,7,8,5,21,15,13,16,9],[14,22,2,10,6,18,3,23,19,24,4,11,12,20,17,1,7,8,5,21,15,16,13,9],[14,6,10,18,22,2,23,3,19,4,24,11,12,20,1,21,17,7,8,5,16,15,9],[14,10,18,22,2,6,24,4,17,19,3,20,12,1,23,7,8,5,21,13,9,16,11,15],[22,2,14,10,18,6,4,21,17,19,3,20,11,1,12,8,7,5,23,24,13,15,16,9],[22,18,10,14,2,6,3,23,19,4,24,11,12,20,1,17,7,8,5,21,13,16],[14,2,6,10,22,18,3,23,19,24,4,11,12,20,17,1,5,8,7,21,15,16],[14,22,10,2,18,6,23,3,19,24,4,11,12,20,17,1,7,8,5,21,16,15],[6,14,22,10,2,18,23,3,19,24,4,11,12,20,17,1,7,8,5,21,13,15,16],[22,14,10,6,2,18,3,23,19,24,4,11,12,20,1,17,8,7,5,21,13,16],[2,14,22,6,10,18,3,23,19,4,24,11,12,20,17,1,7,8,5,21,15,16,9,13],[18,2,22,10,6,14,23,3,19,24,4,11,12,20,1,21,17,7,8,5,13,15,16],[18,22,2,6,14,10,23,3,19,4,24,11,12,20,1,17,7,8,5,21,15,16,9,13],[2,18,6,22,10,14,23,3,19,4,24,11,12,20,17,1,8,7,5,21,16,9,15],[6,2,14,18,22,10,3,23,19,24,4,11,12,20,1,21,17,7,8,5,13,15,16],[22,6,14,2,18,10,23,3,19,4,24,11,12,20,17,1,7,8,5,21,15,13,16],[10,22,18,14,2,6,3,23,19,4,24,11,12,20,1,21,17,7,8,5,13,16,15],[18,2,10,6,22,14,4,21,20,3,19,11,12,1,17,7,8,5,24,15,13,16,23],[14,18,10,6,2,22,23,3,19,4,24,11,12,20,1,21,17,7,8,5,15,16,9,13],[10,6,14,22,18,2,23,3,19,24,4,11,12,20,17,1,7,8,5,21,16,13,9,15],[18,6,22,2,10,14,24,3,19,11,4,12,23,20,1,21,17,7,8,5,16,13,9,15],[10,6,14,2,22,18,24,19,3,11,12,20,4,1,17,23,7,8,5,21,15,16,9],[10,18,6,22,2,14,3,23,19,24,4,11,12,20,1,21,17,7,8,5,16,13,9,15],[6,2,22,10,18,14,3,23,19,4,24,11,12,20,17,1,7,8,5,21,13,16,15],[18,2,14,22,10,6,23,3,19,4,24,11,12,20,17,1,7,8,5,21,15,16],[6,14,10,2,18,22,3,23,19,4,24,11,12,20,17,1,8,7,5,21,15,16,13],[22,14,6,10,2,18,3,23,19,4,24,11,12,20,1,21,17,7,8,5,16,15,9],[2,20,18,3,6,10,14,22,23,19,24,4,11,12,1,21,17,7,8,5,16,15,13],[10,2,14,6,18,22,3,23,19,4,24,11,12,20,1,17,8,7,5,21,16,13,15,9],[6,22,2,14,18,10,3,23,19,24,4,11,12,20,17,1,7,8,5,21,15,16,13],[10,6,22,18,2,14,24,19,3,11,12,4,23,20,17,1,7,8,5,21,15,16],[14,10,2,18,22,6,3,23,19,4,24,11,12,20,17,1,8,7,5,21,16,13,15,9],[22,6,2,14,10,18,23,3,19,24,4,11,12,20,1,17,7,8,5,21,16,13],[22,14,2,10,6,18,3,23,19,4,24,11,12,20,17,1,8,7,5,21,16,15,13,9],[18,22,10,14,2,6,21,3,19,11,4,12,20,17,1,8,7,5,24,13,16,23,15],[22,10,2,18,6,14,23,3,19,24,4,11,12,20,17,1,7,8,5,21,15,16,9,13],[10,18,2,6,14,22,3,23,19,4,24,12,20,1,17,7,8,5,21,13,16,9,11],[14,10,6,22,18,2,23,3,19,24,4,11,12,20,1,17,7,8,5,21,16,15,13,9],[18,2,14,22,10,6,23,3,19,24,4,11,12,20,17,1,7,8,5,21,16,13,15,9],[2,14,22,18,10,6,3,23,19,24,4,11,12,20,17,1,7,8,5,21,15,16,13,9],[22,6,18,14,10,2,3,23,19,4,24,11,12,20,1,21,17,8,7,5,15,13,16],[14,22,6,10,18,2,3,23,19,4,24,11,12,20,1,17,7,8,5,21,13,15,16,9],[14,6,10,2,22,18,23,3,19,4,24,11,12,20,17,1,7,8,5,21,16,15,13],[2,22,6,18,10,14,24,4,19,12,5,23,1,3,21,20,17,7,8,13,16,11,15,9],[2,14,18,6,10,22,3,23,19,4,24,11,12,20,17,1,7,8,5,21,13,16,15,9],[22,2,14,18,6,10,24,3,19,11,12,4,23,20,17,1,7,8,5,21,13,15,16],[10,2,14,6,22,18,23,3,19,4,24,11,12,20,17,1,7,8,5,21,16,15,13,9],[14,10,22,2,18,6,3,23,19,4,24,11,12,20,1,21,17,7,8,5,15,13,16,9],[14,22,6,2,18,10,4,21,19,9,5,12,1,20,3,17,8,7,23,24,16,11,15,13],[2,18,10,14,22,6,3,23,19,24,4,11,12,20,17,1,7,8,5,21,16,15],[2,14,18,22,6,10,3,23,19,4,24,11,12,20,1,21,17,8,7,5,13,15,16],[10,22,14,6,2,18,23,3,19,24,4,11,12,20,17,1,7,8,5,21,15,13,16,9],[14,6,22,18,10,2,23,3,19,4,24,11,12,20,17,1,5,8,7,21,13,15,16,9],[10,6,14,2,22,18,24,19,3,11,12,20,4,17,1,23,7,8,5,21,16,9,15],[6,2,10,14,22,18,23,3,19,4,24,11,12,20,17,1,8,7,5,21,15,16,9],[22,2,10,6,18,14,3,23,19,4,24,11,12,20,17,1,7,8,5,21,15,13,16,9],[18,14,2,10,22,6,3,23,19,4,24,11,12,20,17,1,7,8,5,21,15,16,9],[10,18,6,22,2,14,23,3,19,4,24,11,12,20,17,1,8,7,5,21,16,9,15],[14,10,22,18,2,6,23,3,19,4,24,11,12,20,1,21,17,8,7,5,15,13,16],[6,10,2,22,18,14,3,23,19,24,4,11,12,20,1,21,17,7,8,5,13,16,15,9],[22,14,18,10,2,6,3,23,19,4,24,11,12,20,1,17,8,7,5,21,13,16,15],[6,14,22,10,2,18,3,23,19,24,4,11,12,20,1,21,17,7,8,5,15,13,16,9],[14,6,10,18,2,22,3,23,19,4,24,11,12,20,1,17,7,8,5,21,15,13,16],[14,18,6,10,22,2,3,23,19,24,4,11,12,20,1,21,17,8,7,5,16,9,15],[14,22,10,18,6,2,23,3,19,4,24,11,12,20,1,17,7,8,5,21,16,15,13],[6,14,2,18,10,22,23,3,19,24,4,11,12,20,1,17,7,8,5,21,13,15,16,9],[6,10,18,14,2,22,3,23,19,24,4,11,12,20,1,21,17,7,8,5,16,15,13,9],[14,2,18,6,22,10,3,23,19,24,4,11,12,20,17,1,7,8,5,21,15,16],[22,10,14,2,18,6,23,3,19,4,24,11,12,20,1,21,17,7,8,5,15,13,16,9],[22,14,18,6,2,10,4,24,19,11,3,12,23,20,1,17,7,8,5,21,15,13,16],[14,10,18,6,22,2,23,3,19,24,4,11,12,20,1,21,17,7,8,5,15,13,16],[18,6,22,14,10,2,23,3,19,4,24,11,12,20,17,1,7,8,5,21,15,16,9,13],[14,10,2,22,18,6,23,3,19,24,4,11,12,21,20,17,1,7,8,5,13,15,16],[18,14,10,2,6,22,3,23,19,24,4,11,12,20,17,1,7,8,5,21,13,16,15],[10,18,14,2,22,6,23,3,19,4,24,11,12,20,1,17,8,7,5,21,15,16,9,13],[10,18,2,6,14,22,23,3,19,24,4,11,12,20,17,1,8,7,5,21,15,13,16,9],[18,22,2,6,10,14,23,3,19,4,24,11,12,20,17,1,7,8,5,21,13,15,16],[22,10,14,6,18,2,23,3,19,24,4,11,12,20,1,21,17,8,7,5,13,16,15],[6,14,18,10,22,2,24,3,19,11,12,4,23,20,1,17,7,8,5,21,16],[18,14,6,10,2,22,3,23,19,24,4,11,12,20,17,1,8,7,5,21,13,16,15],[18,14,22,10,6,2,23,3,19,24,4,11,12,20,17,1,8,7,5,21,13,16,9,15],[2,22,18,6,14,10,3,23,19,4,24,11,12,20,1,21,17,8,7,5,13,15,16,9],[22,2,6,14,10,18,23,3,19,24,4,11,12,20,1,21,17,7,8,5,13,15,16],[18,14,2,6,22,10,3,23,19,4,24,11,12,20,1,21,17,7,8,5,15,13,16,9],[14,10,2,22,6,18,23,3,19,24,4,11,12,20,17,1,7,8,5,21,15,16,13],[22,10,18,6,2,14,3,23,19,4,24,11,12,20,1,17,8,7,5,21,15,13,16],[6,2,18,10,22,14,23,3,19,24,4,11,12,20,1,21,17,8,7,5,16,15,13],[22,18,2,10,6,14,23,3,19,24,4,11,12,20,17,1,7,8,5,21,13,16],[2,6,22,10,18,14,3,23,19,4,24,11,12,20,17,1,7,8,5,21,15,16],[6,14,10,18,22,2,23,3,19,24,4,11,12,20,1,21,17,5,7,8,15,16,13,9],[10,6,2,14,23,22,3,18,19,24,4,11,12,20,17,1,8,7,5,21,13,15,16],[6,2,18,10,22,14,3,23,19,4,24,11,12,20,1,17,7,8,5,21,13,15,16,9],[6,10,14,18,22,2,23,3,19,4,24,11,12,20,17,1,8,7,5,21,13,15,16],[18,10,6,22,2,14,23,3,19,4,24,11,12,20,17,1,5,7,8,21,15,16],[6,22,10,14,18,2,3,23,19,24,4,11,12,20,17,1,7,8,5,21,16,13],[6,10,22,18,14,2,23,3,19,4,24,11,12,20,1,21,17,7,8,5,16,13,9,15],[18,22,10,6,2,14,3,23,19,24,4,11,12,20,17,1,8,7,5,21,16],[18,6,10,14,22,2,4,23,3,24,19,11,12,20,1,17,7,8,5,21,15,16,9,13],[14,6,22,18,2,10,3,23,19,24,4,11,12,20,17,1,7,8,5,21,13,16,9,15],[2,22,6,10,18,14,3,23,19,24,4,11,12,20,17,1,7,8,5,21,13,15,16],[6,18,14,2,10,22,4,23,3,24,19,11,12,20,1,21,17,8,7,5,13,16,15],[6,10,2,18,22,14,23,3,19,24,4,11,12,20,1,21,17,7,8,5,16,15],[14,10,6,2,22,18,3,23,19,24,4,11,12,20,17,1,7,8,5,21,13,16,9,15],[10,2,6,18,22,14,3,23,19,24,4,11,12,20,17,1,7,8,5,21,16,15,9],[2,14,18,22,6,10,24,19,3,11,4,12,23,20,1,21,17,7,8,5,13,16,15],[22,10,2,14,18,6,23,3,19,24,4,11,12,20,1,17,7,8,5,21,15,16,13,9],[10,22,18,2,14,6,3,23,19,24,4,11,12,20,17,1,7,8,5,21,13,15,9,16],[14,22,10,6,18,2,3,23,19,24,4,11,12,20,17,1,7,8,5,21,13,16,15],[22,18,6,2,10,14,3,23,19,4,24,11,12,20,1,17,7,8,5,21,15,16],[18,22,6,2,10,14,3,23,19,4,24,11,12,20,1,21,17,7,8,5,15,16],[22,14,10,6,2,18,23,3,19,24,4,11,12,20,1,17,7,8,5,21,15,16,13],[22,14,18,2,6,10,23,3,19,24,4,11,12,20,17,1,8,7,5,21,13,15,16,9],[22,10,14,2,18,6,23,3,19,24,4,11,12,20,17,1,7,8,5,21,15,16],[2,22,14,6,18,10,3,23,19,24,4,11,12,20,1,21,17,7,8,5,13,16,9,15],[22,6,10,18,2,14,23,3,19,24,4,11,12,20,17,1,7,8,5,21,13,16,9],[6,18,10,2,22,14,3,23,19,4,24,11,12,20,17,1,7,8,5,21,16,13],[22,14,18,6,10,2,3,23,19,4,24,11,12,20,17,1,7,8,5,21,15,16],[10,2,6,22,18,14,23,3,19,24,4,11,12,20,17,1,7,8,5,21,16],[22,14,2,18,10,6,3,23,19,24,4,11,12,20,17,1,7,8,5,21,13,16,15],[6,14,2,18,10,22,4,24,20,19,3,11,12,1,17,23,7,8,5,21,16,13,15,9],[10,22,6,14,18,2,23,3,19,24,4,11,12,20,17,1,7,8,5,21,15,13,16,9],[18,22,10,2,14,6,3,23,19,4,24,11,12,20,17,1,7,8,5,21,15,16,9,13],[6,14,2,10,22,18,4,23,3,24,19,11,12,20,17,1,7,8,5,21,16,15],[2,6,10,14,22,18,3,23,19,4,24,11,12,20,17,1,7,8,5,21,15,16,13,9],[6,18,10,22,2,14,23,3,19,4,24,11,12,20,17,1,8,7,5,21,13,16,15,9],[18,6,22,14,2,10,24,19,3,11,12,20,4,1,17,23,7,8,5,21,15,16],[10,6,14,22,2,18,23,3,19,24,4,11,12,20,17,1,7,8,5,21,13,15,16,9],[10,22,18,14,2,6,4,24,19,9,11,3,23,20,17,1,7,8,5,12,21,16,13,15],[22,18,10,2,14,6,3,23,19,24,4,11,12,20,17,1,7,8,5,21,13,16,15,9],[14,6,22,10,2,18,3,23,19,4,24,11,12,20,17,1,7,8,5,21,16,13,15,9],[18,14,2,6,22,10,23,3,19,24,4,11,12,20,17,1,7,8,5,21,16,9,15],[14,6,22,2,18,10,3,23,19,24,4,11,12,20,17,1,8,7,5,21,13,16,15,9],[18,10,22,6,2,14,3,23,19,4,24,11,12,20,17,1,7,8,5,21,16,13,9],[18,22,10,6,14,2,23,3,19,24,4,11,12,20,17,1,7,8,5,21,16,15,9,13],[14,22,2,18,10,6,23,3,19,24,4,11,12,20,1,17,8,7,5,21,13,15,16,9],[22,6,2,14,10,18,3,23,19,24,4,11,12,20,1,21,17,7,8,5,15,13,16,9],[22,18,10,6,14,2,3,23,19,24,4,11,12,20,1,21,17,7,8,5,13,16,15,9],[10,6,2,22,18,14,3,23,19,24,4,11,12,20,17,1,7,8,5,21,15,16,13],[2,14,22,6,10,18,23,3,19,24,4,11,12,20,17,1,7,8,5,21,13,15,16,9],[22,6,2,14,18,10,3,23,19,4,24,11,12,20,17,1,5,8,7,21,13,16,15,9],[22,14,10,2,6,18,24,3,19,11,4,12,23,20,17,1,7,8,5,21,16,15,13],[6,10,14,22,2,18,3,23,19,4,24,11,12,20,17,1,5,7,8,21,15,16,13,9],[14,6,10,2,22,18,23,3,19,4,24,11,12,20,1,17,7,8,5,21,13,16,9,15],[22,6,10,18,14,2,3,23,19,24,4,11,12,20,1,17,8,7,5,21,16,13,15],[22,2,14,18,6,10,23,3,19,24,4,11,12,20,1,17,5,7,8,21,13,15,16],[22,14,6,10,18,2,3,23,19,4,24,11,12,20,1,17,7,8,5,21,15,13,16,9],[22,6,10,2,18,14,23,3,19,4,24,11,12,20,17,1,7,8,5,21,16,15,9],[2,22,18,10,14,6,4,24,19,11,8,7,3,5,1,12,23,20,17,21,13,15,16,9],[2,10,14,6,18,22,3,23,19,4,24,11,12,20,17,1,7,8,5,21,13,16,15],[14,6,22,10,18,2,3,23,19,24,4,11,12,20,17,1,7,8,5,21,15,16,9],[10,2,14,6,18,22,3,23,19,24,4,11,12,20,1,21,17,8,7,5,13,15,16,9],[10,2,14,6,18,22,23,3,19,4,24,11,12,20,17,1,7,8,5,21,16,13,9],[10,6,18,14,2,22,23,3,19,4,24,11,12,20,17,1,8,7,5,21,13,15,16,9],[18,2,6,22,10,14,3,23,19,24,4,11,12,20,1,17,7,8,5,21,16,15,9,13],[2,10,18,22,14,6,3,23,19,24,4,11,12,20,1,17,7,8,5,21,15,16,9],[14,2,22,18,10,6,23,3,19,24,4,11,12,20,1,21,17,8,7,5,15,13,9,16],[2,22,18,6,10,14,23,3,19,4,24,11,12,20,17,1,7,8,5,21,15,16,9],[2,6,14,10,22,18,3,23,19,4,24,11,12,20,1,21,17,8,7,5,15,16,9],[10,6,22,2,18,14,3,23,19,4,24,11,12,20,17,1,7,8,5,21,15,16],[14,22,6,18,10,2,3,23,19,24,4,11,12,20,17,1,8,7,5,21,15,16],[18,6,22,14,2,10,3,23,19,24,4,11,12,20,17,1,7,8,5,21,16,13],[10,14,6,22,18,2,3,23,19,24,4,11,12,20,17,1,7,8,5,21,15,16,13,9],[6,22,18,2,14,10,3,23,19,24,4,11,12,20,17,1,7,8,5,21,15,16,13],[2,22,10,14,18,6,3,23,19,4,24,11,12,20,17,1,7,8,5,21,15,16,13,9],[2,14,18,10,22,6,3,23,19,4,24,11,12,20,17,1,8,7,5,21,15,13,16],[6,14,18,22,10,2,3,23,19,4,24,11,12,20,1,21,17,7,8,5,13,16,15,9],[2,10,6,22,14,18,23,3,19,24,4,11,12,20,17,1,7,8,5,21,15,13,16,9],[6,22,14,10,2,18,23,3,19,4,24,11,12,20,1,21,17,7,8,5,16,13,9],[6,14,18,10,2,22,3,23,19,24,4,11,12,20,1,21,17,7,8,5,13,15,16],[2,22,18,6,10,14,23,3,19,4,24,11,12,20,17,1,7,8,5,21,15,16],[18,22,14,2,6,10,3,23,19,4,24,11,12,20,1,21,17,7,8,5,16],[22,14,10,18,2,6,23,3,19,4,24,11,12,20,17,1,7,8,5,21,15,16],[18,14,6,2,10,22,23,3,19,24,4,11,12,20,1,17,7,8,5,21,16,9,13,15],[18,6,2,14,10,22,23,3,19,4,24,11,12,20,17,1,7,8,5,21,15,16],[22,18,14,2,6,10,23,3,19,24,4,11,12,20,1,17,7,8,5,21,16,15,13,9],[18,10,6,14,22,2,23,3,19,4,24,11,12,20,17,1,8,7,5,21,15,16,13,9],[14,6,10,22,2,18,23,3,19,4,24,11,12,20,17,1,7,8,5,21,13,16,9,15],[10,6,14,22,18,2,23,3,19,4,24,11,12,20,1,17,7,8,5,21,16,15],[6,22,18,2,14,10,23,3,19,24,4,11,12,20,17,1,7,8,5,21,15,13,16,9],[18,6,10,2,22,14,3,23,19,4,24,11,12,20,1,17,8,7,5,21,15,16,13],[14,18,6,22,2,10,3,23,19,4,24,11,12,20,1,21,17,7,8,5,16,15,9,13],[6,2,14,22,10,18,23,3,19,4,24,11,12,20,17,1,8,7,5,21,13,15,16],[10,6,22,2,14,18,23,3,19,4,24,11,12,20,1,17,7,8,5,21,13,15,16],[22,2,6,18,10,14,23,3,19,4,24,11,12,20,1,21,17,5,7,8,13,15,9,16],[22,2,14,18,6,10,23,3,19,4,24,11,12,20,1,17,7,8,5,21,15,16,9,13],[2,6,22,18,14,10,3,23,19,4,24,11,12,20,1,21,17,8,7,5,15,16],[18,6,2,22,10,14,23,3,19,4,24,11,12,20,17,1,7,8,5,21,16,15,13,9],[22,6,2,14,10,18,23,3,19,4,24,11,12,20,1,17,7,8,5,21,13,16,15,9],[18,14,22,6,10,2,3,23,19,4,24,11,12,20,17,1,5,8,7,21,16,13,9,15],[2,14,6,10,18,22,23,3,19,24,4,11,12,20,17,1,7,8,5,21,15,13,16,9],[18,2,10,22,6,14,23,3,19,4,24,11,12,20,1,17,7,8,5,21,15,13,16,9],[14,18,22,10,2,6,4,23,3,24,19,11,12,20,17,1,7,8,5,21,13,15,16],[2,14,6,10,22,18,3,23,19,4,24,11,12,20,1,17,7,8,5,21,13,15,16],[22,2,14,10,18,6,3,23,19,4,24,11,12,20,17,1,7,8,5,21,16,15],[10,14,22,18,2,6,23,3,19,24,4,11,12,20,17,1,7,8,5,21,13,16,15,9],[22,18,2,6,14,10,4,23,3,24,19,11,12,20,1,17,7,8,5,21,16,15,13],[22,2,18,10,14,6,23,3,19,24,4,11,12,20,1,21,17,7,8,5,16,15,9],[6,14,2,18,10,22,3,23,19,24,4,11,12,20,1,17,7,8,5,21,15,13,16],[18,2,10,6,22,14,23,3,19,24,4,11,12,20,17,1,7,8,5,21,15,16,13],[14,10,2,6,22,18,4,21,17,19,3,20,11,1,12,8,7,5,23,24,15,16,13],[14,22,6,10,18,2,4,24,20,3,19,11,12,17,1,23,7,8,5,21,13,15,16],[22,2,18,14,6,10,23,3,19,24,4,11,12,20,17,1,7,8,5,21,15,16,13],[18,2,22,6,10,14,3,23,19,24,4,11,12,20,1,21,17,7,8,5,16,13,15],[6,14,2,10,22,18,23,3,19,24,4,11,12,20,17,1,7,8,5,21,16],[14,2,22,10,18,6,23,3,19,24,4,11,12,20,17,1,7,8,5,21,13,15,16,9],[10,6,14,22,2,18,23,3,19,24,4,11,12,20,1,21,17,7,8,5,13,15,16,9],[6,10,2,22,18,14,23,3,19,24,4,11,12,20,17,1,7,8,5,21,16,13,15],[6,14,22,10,18,2,3,23,19,4,24,11,12,20,1,21,17,7,8,5,13,15,16],[10,14,22,18,6,2,23,3,19,4,24,11,12,20,1,21,17,5,7,8,16,13,9],[2,10,18,22,6,14,3,23,19,4,24,11,12,20,17,1,7,8,5,21,15,16,9],[22,2,18,14,6,10,23,3,19,24,4,11,12,20,1,17,7,8,5,21,16,15],[14,10,22,2,18,6,4,23,3,24,19,11,12,20,1,21,17,7,8,5,15,16],[2,10,18,6,22,14,23,3,19,24,4,11,12,20,1,17,7,8,5,21,15,16,13,9],[22,18,10,14,6,2,3,23,19,4,24,11,12,20,1,21,17,8,7,5,16,13,15,9],[2,22,6,18,14,10,23,3,19,24,4,11,12,20,17,1,8,7,5,21,16,15,13,9],[6,10,22,18,14,2,23,3,19,24,4,11,12,20,17,1,7,8,5,21,15,16,13,9],[10,18,22,6,2,14,24,19,3,11,4,12,23,20,17,1,7,8,5,21,16,15],[10,18,22,14,6,2,24,19,3,11,4,12,23,20,1,17,8,7,5,21,15,16],[18,10,22,6,2,14,23,3,19,4,24,11,12,20,17,1,5,7,8,21,15,13,16,9],[6,10,18,2,22,14,3,23,19,4,24,11,12,20,17,1,7,8,5,21,16,13,9,15],[2,18,10,6,22,14,23,3,19,4,24,11,12,20,17,1,7,8,5,21,15,13,16,9],[14,2,6,22,18,10,3,23,19,4,24,11,12,20,1,17,8,7,5,21,13,16,15],[6,14,22,18,10,2,3,23,19,4,24,11,12,20,1,17,7,8,5,21,13,16,9,15],[6,2,22,18,14,10,3,23,19,24,4,11,12,20,1,17,8,7,5,21,13,16,15,9],[14,2,18,6,10,22,3,23,19,24,4,11,12,20,17,1,7,8,5,21,16,15,13,9],[18,10,6,14,2,22,3,23,19,24,4,11,12,20,17,1,7,8,5,21,16,13,15,9],[6,18,10,22,14,2,23,3,19,4,24,11,12,20,1,17,5,7,8,21,16,13],[2,14,18,10,6,22,24,19,3,11,12,4,23,20,17,1,8,7,5,21,16,13,15,9],[18,2,22,6,14,10,23,3,19,4,24,11,12,20,1,17,7,8,5,21,16,13,9,15],[14,6,10,2,22,18,3,23,19,24,4,11,12,20,1,21,17,7,8,5,13,16,15],[18,2,22,10,14,6,3,23,19,24,4,11,12,20,1,21,17,7,8,5,13,15,16],[22,2,6,18,10,14,23,3,19,4,24,11,12,20,17,1,7,8,5,21,15,16,9],[22,6,10,18,2,14,23,3,19,4,24,11,12,20,1,21,17,7,8,5,13,15,9,16],[14,10,18,22,6,2,3,23,19,24,4,11,12,20,1,17,5,7,8,21,15,13,16,9],[18,22,6,10,2,14,3,23,19,24,4,11,12,20,1,17,5,8,7,21,15,16],[10,18,2,14,6,22,23,3,19,4,24,11,12,20,1,17,7,8,5,21,15,16],[22,14,2,6,18,10,3,23,19,24,4,11,12,20,17,1,7,8,5,21,16,15,9,13],[2,22,10,6,14,18,23,3,19,24,4,11,12,20,17,1,8,7,5,21,16,9,13,15],[2,10,6,14,22,18,3,23,19,4,24,11,12,20,17,1,7,8,5,21,15,13,9,16],[2,14,6,18,10,22,24,19,3,11,12,20,4,17,1,23,7,8,5,21,13,15,16],[22,14,10,6,2,18,23,3,19,24,4,11,12,20,1,21,17,7,8,5,15,13,16,9],[2,14,18,10,22,6,1,23,3,19,11,12,20,24,21,7,8,17,5,4,13,16,9],[22,6,18,2,10,14,3,23,19,4,24,11,12,20,1,17,7,8,5,21,13,15,16],[2,22,14,10,6,18,23,3,19,24,4,11,12,20,1,21,17,5,7,8,13,16,15,9],[18,6,10,22,2,14,23,3,19,4,24,11,12,20,17,1,7,8,5,21,13,16],[2,14,6,18,10,22,3,23,19,24,4,11,12,20,1,21,17,7,8,5,15,16,9],[22,18,14,2,6,10,24,3,19,11,12,4,23,20,1,17,8,7,5,21,16,13],[6,10,22,14,18,2,3,23,19,4,24,11,12,20,1,21,17,5,8,7,16,13,15],[18,6,2,22,14,10,3,23,19,4,24,11,12,20,1,21,17,7,8,5,13,16,15],[22,10,6,14,18,2,3,23,19,24,4,11,12,20,1,17,7,8,5,21,15,16,13,9],[10,18,2,14,22,6,3,23,19,24,4,11,12,20,1,17,7,8,5,21,15,16,13,9],[10,22,18,6,2,14,23,3,19,24,4,11,12,20,1,21,17,7,8,5,15,13,16],[14,2,6,10,18,22,3,23,19,4,24,11,12,20,17,1,7,8,5,21,16,15,13],[18,2,22,14,6,10,4,23,3,24,19,11,12,20,17,1,5,7,8,21,15,16,13,9],[10,22,18,2,14,6,3,23,19,24,4,11,12,20,1,21,17,8,7,5,16,13,9,15],[22,10,2,6,14,18,23,3,19,24,4,11,12,20,1,17,7,8,5,21,15,16,9,13],[18,10,22,14,2,6,3,23,19,24,4,11,12,20,17,1,7,8,5,21,16,15,9],[18,2,6,14,22,10,23,3,19,4,24,11,12,20,17,1,8,7,5,21,15,16],[18,14,6,2,22,10,4,23,3,24,19,11,12,20,17,1,8,7,5,21,16,13,15],[18,10,2,15,14,6,22,23,3,19,4,24,11,12,20,17,1,7,8,5,21,13,16,9],[14,6,2,18,10,22,3,23,19,4,24,11,12,20,1,21,17,7,8,5,13,16,9,15],[10,18,6,22,14,2,23,3,19,4,24,11,12,20,1,17,8,7,5,21,16,13,15],[6,2,10,18,22,14,23,3,19,4,24,11,12,20,1,17,7,8,5,21,15,13,16],[10,22,6,2,18,14,3,23,19,4,24,11,12,20,17,1,7,8,5,21,15,13,16],[14,22,10,2,6,18,23,3,19,4,24,11,12,20,17,1,7,8,5,21,16,13,9,15],[10,14,18,6,22,2,3,23,19,24,4,11,12,20,17,1,8,7,5,21,16,15],[2,10,6,18,14,22,23,3,19,4,24,11,12,20,1,21,17,7,8,5,16,15],[2,14,10,22,18,6,3,23,19,24,4,11,12,20,1,17,7,8,5,21,16,13,9,15],[22,2,10,18,14,6,23,3,19,24,4,11,12,20,1,21,17,7,8,5,16,13,15,9],[22,14,18,2,6,10,23,3,19,24,4,11,12,20,1,17,8,7,5,21,16,13,15,9],[14,2,10,22,18,6,3,23,19,4,24,11,12,20,1,21,17,7,8,5,13,15,16],[18,22,2,10,14,6,23,3,19,24,4,11,12,20,17,1,7,8,5,21,15,16,13],[18,2,14,22,6,10,23,3,19,4,24,11,12,20,17,1,8,7,5,21,16,15,9,13],[10,2,6,18,22,14,23,3,19,24,4,11,12,20,1,21,17,7,8,5,15,16,9,13],[2,14,22,18,10,6,23,3,19,24,4,11,12,20,17,1,7,8,5,21,13,16,15,9],[10,6,18,14,22,2,3,23,19,4,24,11,12,20,17,1,7,8,5,21,13,15,16,9],[22,14,10,2,18,6,3,23,19,24,4,11,12,20,17,1,8,7,5,21,15,16,9,13],[14,6,2,22,18,10,3,23,19,24,4,11,12,20,17,1,8,7,5,21,15,16],[22,18,10,2,14,6,23,3,19,24,4,11,12,20,17,1,7,8,5,21,13,16],[6,10,18,14,2,22,3,23,19,24,4,11,12,20,17,1,8,7,5,21,15,16,9],[18,14,2,22,10,6,4,24,17,19,3,20,12,1,23,7,8,5,21,16,9,11,13,15],[18,10,14,6,22,2,3,23,19,24,4,11,12,20,17,1,7,8,5,21,15,16,13],[6,2,18,14,10,22,23,3,19,4,24,11,12,20,1,17,8,7,5,21,15,16],[14,6,22,10,18,2,24,19,3,11,12,4,23,20,1,17,7,8,5,21,13,16,15],[2,22,18,14,10,6,4,23,3,24,19,11,12,20,1,17,7,8,5,21,15,13,16],[22,6,2,14,18,10,23,3,19,24,4,11,12,20,1,21,17,7,8,5,16,13,15],[18,22,10,6,2,14,3,23,19,24,4,11,12,20,17,1,7,8,5,21,15,16],[18,2,22,6,10,14,23,3,19,24,4,11,12,20,17,1,8,7,5,21,15,16,13],[22,2,18,6,14,10,3,23,19,24,4,11,12,20,1,21,17,7,8,5,16,15,9,13],[18,10,6,2,14,22,23,3,19,24,4,11,12,20,1,17,7,8,5,21,16,9,13,15],[18,22,2,10,14,6,23,3,19,24,4,11,12,20,17,1,7,8,5,21,13,15,16,9],[10,14,18,6,2,22,3,23,19,4,24,11,12,20,17,1,7,8,5,21,16,13,15],[2,14,18,6,22,10,3,23,19,24,4,11,12,20,17,1,7,8,5,21,13,16,15,9],[6,18,22,10,14,2,23,3,19,4,24,11,12,20,1,21,17,7,8,5,15,13,16,9],[6,10,2,14,18,22,23,3,19,24,4,11,12,20,17,1,7,8,5,21,15,13,16,9],[14,2,6,22,10,18,23,3,19,4,24,11,12,20,17,1,7,8,5,21,13,16,9,15],[22,10,2,14,6,18,3,23,19,4,24,11,12,20,1,21,17,8,7,5,15,16,9],[2,6,14,22,18,10,3,23,19,24,4,11,12,20,17,1,7,8,5,21,13,16,15,9],[10,14,6,18,2,22,24,19,4,11,12,5,20,3,17,1,23,8,7,21,16,15,9],[14,18,6,22,10,2,3,23,19,4,24,11,12,20,1,21,17,7,8,5,16,9,15,13],[10,14,22,2,18,6,23,3,19,24,4,11,12,20,1,21,17,7,8,5,13,15,16,9],[6,2,22,18,14,10,3,23,19,24,4,11,12,20,17,1,7,8,5,21,15,13,16],[18,2,10,6,22,14,23,3,19,24,4,11,12,20,17,1,7,8,5,21,15,13,16,9],[10,2,14,18,22,6,3,23,19,4,24,11,12,20,17,1,7,8,5,21,13,15,16],[14,18,6,22,2,10,4,23,3,24,19,11,12,20,1,17,7,8,5,21,16,15,9],[14,6,22,18,10,2,3,23,19,4,24,11,12,20,1,17,7,8,5,21,13,16],[22,2,10,6,14,18,4,23,3,24,19,11,12,20,1,21,17,7,8,5,15,16,9],[22,6,18,14,10,2,24,19,3,11,12,20,4,1,17,23,7,8,5,21,13,15,16,9],[6,18,22,10,2,14,24,19,3,11,12,4,23,20,17,1,8,7,5,21,15,16,9,13],[6,22,10,18,2,14,23,3,19,4,24,11,12,20,17,1,7,8,5,21,13,15,16,9],[6,2,18,14,22,10,23,3,19,24,4,11,12,20,17,1,8,7,5,21,16,15],[10,22,6,14,2,18,3,23,19,4,24,11,12,20,17,1,7,8,5,21,15,13,16,9],[14,10,6,2,18,22,23,3,19,24,4,11,12,20,17,1,8,7,5,21,16,15,9,13],[10,2,6,18,22,14,23,3,19,24,4,11,12,20,1,21,17,7,8,5,15,13,16],[18,10,14,6,22,2,23,3,19,4,24,11,12,20,1,17,7,8,5,21,16,13,15,9],[10,14,6,18,22,2,23,3,19,4,24,11,12,20,1,17,5,7,8,21,16,13,15],[14,18,10,2,6,22,23,3,19,4,24,11,12,20,17,1,8,7,5,21,15,16],[14,2,18,22,10,6,3,23,19,4,24,11,12,20,17,1,7,8,5,21,16,13],[18,10,6,14,2,22,3,23,19,4,24,11,12,20,17,1,7,8,5,21,15,13,16],[22,14,18,10,6,2,4,23,3,24,19,11,12,20,17,1,7,8,5,21,15,16,13,9],[22,18,2,14,6,10,23,3,19,24,4,11,12,20,1,21,17,7,8,5,16,13,15],[22,2,18,14,6,10,3,23,19,24,4,11,12,20,17,1,8,7,5,21,15,13,16,9],[14,2,6,22,10,18,23,3,19,24,4,11,12,20,1,21,17,8,7,5,13,16],[22,2,10,18,14,6,23,3,19,24,4,11,12,20,1,21,17,7,8,5,15,13,16,9],[22,2,10,6,18,14,23,3,19,4,24,11,12,20,1,17,7,8,5,21,16,13,9,15],[6,18,10,22,14,2,23,3,19,4,24,11,12,20,1,17,7,8,5,21,13,16],[22,10,6,2,14,18,3,23,19,4,24,11,12,20,17,1,7,8,5,21,13,15,16,9],[22,10,18,2,14,6,23,3,19,4,24,11,12,20,1,21,17,8,7,5,13,16],[2,14,6,22,18,10,3,23,19,4,24,11,12,20,17,1,7,8,5,21,16,15,9,13],[18,22,10,2,6,14,23,3,19,4,24,11,12,20,1,21,17,7,8,5,16,9,13,15],[2,6,22,14,18,10,3,23,19,4,24,11,12,20,1,17,7,8,5,21,13,16,15,9],[22,6,18,10,14,2,3,23,19,4,24,11,12,20,1,21,17,7,8,5,13,16],[6,2,18,14,22,10,24,19,3,11,12,20,4,1,17,23,7,8,5,21,15,13,16,9],[14,6,10,22,18,2,3,23,19,4,24,11,12,20,1,17,8,7,5,21,13,15,16],[10,2,22,14,6,18,1,23,3,19,11,12,24,20,17,7,8,5,21,4,15,13,9,16],[18,10,2,14,22,6,24,20,3,19,4,11,12,1,17,23,7,8,5,21,15,13,16],[14,22,18,6,10,2,23,3,19,24,4,11,12,20,1,21,17,7,8,5,16,15,13],[14,2,6,10,22,18,3,23,19,4,24,11,12,20,17,1,7,8,5,21,13,16,15,9],[10,14,6,22,2,18,3,23,19,24,4,11,12,20,17,1,8,7,5,21,15,16,13,9],[2,10,6,18,22,14,3,23,19,4,24,11,12,20,17,1,7,8,5,21,15,16,13],[10,2,18,6,14,22,3,23,19,4,24,11,12,20,1,17,7,8,5,21,15,16],[10,22,2,14,6,18,3,23,19,24,4,11,12,20,17,1,7,8,5,21,16,15,9,13],[10,18,2,22,6,14,3,23,19,4,24,11,12,20,17,1,8,7,5,21,13,15,16,9],[2,14,10,6,18,22,3,23,19,4,24,11,12,20,1,21,17,7,8,5,13,15,9,16],[18,6,2,10,14,22,24,20,3,19,4,11,12,17,1,23,8,7,5,21,13,15,16],[2,18,14,10,22,6,3,23,19,24,4,11,12,20,17,1,7,8,5,21,13,15,16],[22,2,10,18,6,14,23,3,19,4,24,11,12,20,17,1,8,7,5,21,16,15],[14,2,10,6,22,18,4,24,17,19,1,11,3,20,12,23,8,7,5,21,13,16,15,9],[6,22,2,14,10,18,23,3,19,4,24,11,12,20,17,1,7,8,5,21,13,15,16,9],[18,2,14,10,6,22,3,23,19,4,24,11,12,20,1,21,17,8,7,5,15,16,13,9],[2,14,10,18,6,22,3,23,19,4,24,11,12,20,1,17,7,8,5,21,16,13,9],[10,18,6,14,2,22,23,3,19,4,24,11,12,20,1,21,17,7,8,5,13,15,16,9],[6,18,14,2,10,22,23,3,19,4,24,11,12,20,17,1,7,8,5,21,13,15,16],[18,14,2,10,6,22,23,3,19,4,24,11,12,20,1,17,7,8,5,21,13,15,16],[14,6,10,22,18,2,23,3,19,24,4,11,12,20,17,1,7,8,5,21,13,15,16],[18,22,14,10,2,6,24,3,19,11,12,20,4,17,1,23,8,7,5,21,13,16,15,9],[10,6,14,18,22,2,3,23,19,4,24,11,12,20,1,21,17,7,8,5,13,16,15,9],[6,22,18,10,2,14,23,3,19,4,24,11,12,20,1,17,5,7,8,21,15,13,16,9],[14,18,2,22,10,6,3,23,19,4,24,11,12,20,17,1,7,8,5,21,13,16,15,9],[2,22,10,18,14,6,3,23,19,4,24,11,12,20,17,1,7,8,5,21,16,9,15],[2,18,10,22,6,14,3,23,19,24,4,11,12,20,17,1,8,7,5,21,15,16],[10,18,2,6,22,14,3,23,19,4,24,11,12,20,17,1,7,8,5,21,15,16],[22,6,18,14,10,2,23,3,19,4,24,11,12,20,17,1,7,8,5,21,15,13,16],[18,2,14,22,10,6,3,23,19,24,4,11,12,20,17,1,8,7,5,21,15,16],[6,10,22,14,2,18,3,23,19,4,24,11,12,20,1,21,17,8,7,5,13,16],[18,2,6,10,14,22,3,23,19,4,24,11,12,20,1,17,7,8,5,21,16,13],[6,2,22,14,18,10,3,23,19,4,24,11,12,20,1,21,17,8,7,5,13,16,9,15],[22,18,2,10,14,6,4,23,3,24,19,11,12,20,17,1,7,8,5,21,13,16,9],[2,14,22,10,18,6,3,23,19,4,24,11,12,20,17,1,7,8,5,21,13,15,16,9],[6,14,10,22,18,2,3,23,19,24,4,11,12,20,17,1,8,7,5,21,16,13,15],[14,22,6,18,2,10,3,23,19,4,24,11,12,20,1,21,17,8,7,5,16,15,13],[6,18,14,22,10,2,23,3,19,24,4,11,12,20,17,1,8,7,5,21,15,13,16],[18,22,14,2,10,6,23,3,19,24,4,11,12,20,17,1,7,8,5,21,15,13,16,9],[14,2,22,10,6,18,23,3,19,24,4,11,12,20,17,1,8,7,5,21,16,13,15,9],[14,10,22,2,6,18,3,23,19,4,24,11,12,20,17,1,8,7,5,21,16,13,9,15],[18,2,22,10,6,14,3,23,19,24,4,11,12,20,17,1,7,8,5,21,15,13,16],[10,18,6,14,2,22,23,3,19,24,4,11,12,20,1,21,17,8,7,5,16,9,13],[6,18,10,2,14,22,4,24,19,12,5,1,23,3,21,20,17,7,8,15,11,16,13],[18,6,2,22,14,10,3,23,19,24,4,11,12,20,1,21,17,7,8,5,13,15,16,9],[22,2,14,18,6,10,23,3,19,4,24,11,12,20,1,21,17,8,7,5,13,15,16,9],[10,18,6,14,2,22,3,23,19,24,4,11,12,20,17,1,7,8,5,21,15,13,16,9],[18,6,14,22,2,10,23,3,19,24,4,11,12,20,1,21,17,7,8,5,15,13,16,9],[18,2,22,14,6,10,3,23,19,4,24,11,12,20,17,1,8,7,5,21,13,16,15,9],[6,14,2,10,18,22,3,23,19,4,24,11,12,20,1,21,17,7,8,5,16,13,9],[6,22,18,2,10,14,3,23,19,24,4,11,12,20,17,1,7,8,5,21,15,16,13],[10,18,22,2,6,14,23,3,19,24,4,11,12,20,1,17,7,8,5,21,13,15,16,9],[22,6,10,2,18,14,23,3,19,4,24,11,12,20,17,1,7,8,5,21,15,16,9],[22,10,2,14,6,18,23,3,19,4,24,11,12,20,1,17,7,8,5,21,16,15],[14,6,18,22,10,2,3,23,19,24,4,11,12,20,17,1,8,7,5,21,16,15,13,9],[2,18,14,6,10,22,3,23,19,24,4,11,12,20,17,1,7,8,5,21,15,13,9,16],[2,22,10,6,14,18,23,3,19,24,4,11,12,20,1,21,17,7,8,5,15,13,16],[10,22,6,14,2,18,23,3,19,4,24,11,12,20,17,1,7,8,5,21,13,15,16],[14,22,6,18,10,2,23,3,19,24,4,11,12,20,1,21,17,7,8,5,15,16],[10,14,2,22,18,6,23,3,19,4,24,11,12,20,1,21,17,7,8,5,13,16,9],[10,22,2,18,6,14,24,20,3,19,4,11,12,17,1,23,7,8,5,21,13,16,15,9],[2,6,18,10,22,14,3,23,19,4,24,11,12,20,17,1,7,8,5,21,13,15,16],[22,2,18,6,14,10,23,3,19,24,4,11,12,20,1,17,7,8,5,21,16,15,13],[6,2,14,18,10,22,23,3,19,4,24,11,12,20,1,21,17,7,8,5,15,13,9,16],[6,18,22,2,10,14,4,23,3,24,19,11,12,20,17,1,7,8,5,21,13,15,16,9],[18,14,2,22,10,6,3,23,19,24,4,12,20,1,21,17,7,8,5,13,16,9,11,15],[6,18,14,2,22,10,23,3,19,24,4,11,12,20,17,1,8,7,5,21,16,15,13,9],[10,14,6,22,18,2,24,4,17,20,3,19,11,1,12,23,7,8,5,21,13,16,9],[2,14,22,6,10,18,3,23,19,24,4,11,12,20,17,1,7,8,5,21,13,16,9,15],[10,14,6,18,22,2,3,23,19,4,24,11,12,20,1,17,7,8,5,21,13,15,16],[6,2,22,14,10,18,23,3,19,24,4,11,12,20,17,1,7,8,5,21,13,15,16,9],[6,22,14,2,10,18,3,23,19,4,24,11,12,20,1,17,7,8,5,21,15,16],[18,6,2,22,14,10,4,23,3,24,19,11,12,20,17,1,7,8,5,21,15,13,16,9],[10,6,2,22,14,18,23,3,19,4,24,11,12,20,17,1,7,8,5,21,13,15,16],[18,22,10,14,2,6,23,3,19,24,4,11,12,20,1,17,8,7,5,21,15,13,16],[2,14,10,6,22,18,23,3,19,24,4,11,12,20,17,1,8,7,5,21,13,16,15],[14,6,22,18,2,10,23,3,19,24,4,11,12,20,1,17,7,8,5,21,16,13,15],[18,22,10,14,2,6,3,23,19,4,24,11,12,20,17,1,7,8,5,21,15,16],[10,18,6,14,22,2,3,23,19,24,4,11,12,20,1,17,8,7,5,21,13,15,16,9],[10,18,22,14,2,6,3,23,19,4,24,11,12,20,17,1,5,8,7,21,15,13,16],[6,22,10,2,18,14,3,23,19,4,24,11,12,20,17,1,7,8,5,21,16,15,13,9],[2,10,14,18,22,6,3,23,19,4,24,11,12,20,1,21,17,7,8,5,16,9,15],[14,18,6,2,10,22,23,3,19,24,4,11,12,20,17,1,8,7,5,21,16,13],[6,18,22,10,2,14,23,3,19,24,4,11,12,20,17,1,8,7,5,21,15,16,13],[18,14,22,10,2,6,23,3,19,4,24,11,12,20,1,17,8,7,5,21,16,15],[2,14,10,6,22,18,3,23,19,4,24,11,12,20,17,1,8,7,5,21,16,15],[10,18,2,22,14,6,3,23,19,24,4,11,12,20,17,1,8,7,5,21,13,15,16],[2,14,18,6,10,22,23,3,19,24,4,11,12,20,17,1,8,7,5,21,13,15,9,16],[14,6,18,22,10,2,23,3,19,4,24,11,12,20,1,17,8,7,5,21,15,16],[14,6,18,2,10,22,3,23,19,24,4,11,12,20,17,1,7,8,5,21,16,13,9],[18,2,6,14,22,10,3,23,19,4,24,11,12,20,17,1,7,8,5,21,16,9,13,15],[6,18,10,22,14,2,3,23,19,4,24,11,12,20,1,21,17,7,8,5,13,15,16],[6,14,22,2,18,10,3,23,19,24,4,11,12,20,17,1,7,8,5,21,13,15,16],[18,2,6,14,22,10,4,23,3,24,19,11,12,20,1,21,17,7,8,5,13,16],[18,22,2,14,6,10,23,3,19,24,4,11,12,20,1,21,17,8,7,5,16],[14,18,6,2,10,22,23,3,19,24,4,11,12,20,1,21,17,8,7,5,13,16,9,15],[10,14,22,2,6,18,23,3,19,4,24,11,12,20,1,17,8,7,5,21,15,16],[2,18,10,22,14,6,24,3,19,11,12,4,23,20,17,1,8,7,5,21,13,16,15,9],[18,14,6,10,22,2,23,3,19,24,4,11,12,20,1,17,7,8,5,21,15,16,13],[18,2,10,22,6,14,4,24,20,19,3,11,12,1,17,23,7,8,5,21,13,15,16],[22,10,18,2,6,14,3,23,19,4,24,11,12,20,1,17,7,8,5,21,13,15,16],[10,6,2,18,22,14,23,3,19,4,24,11,12,20,17,1,8,7,5,21,13,15,16],[18,14,22,6,10,2,24,19,3,11,4,12,23,20,1,21,17,7,8,5,13,16,15],[2,18,10,6,14,22,24,3,19,11,12,20,4,1,17,23,5,7,8,21,13,15,16,9],[10,22,2,18,6,14,23,3,19,24,4,11,12,20,1,17,8,7,5,21,15,13,16],[22,2,6,10,18,14,23,3,19,4,24,11,12,20,17,1,8,7,5,21,16,15,9,13],[18,6,22,10,2,14,23,3,19,4,24,11,12,20,17,1,7,8,5,21,15,16,13,9],[10,22,2,18,14,6,23,3,19,4,24,11,12,20,17,1,7,8,5,21,16,9,13,15],[22,14,6,10,18,2,3,23,19,4,24,11,12,20,1,21,17,7,8,5,13,15,16,9],[6,10,18,14,2,22,23,3,19,24,4,11,12,20,17,1,5,7,8,21,16,13,9,15],[14,2,6,22,10,18,3,23,19,24,4,11,12,20,17,1,7,8,5,21,15,16,13,9],[14,10,18,22,6,2,23,3,19,24,4,11,12,20,17,1,7,8,5,21,15,13,16],[14,18,6,22,10,2,3,23,19,24,4,11,12,20,1,17,7,8,5,21,16,13,9,15],[18,6,14,22,2,10,23,3,19,24,4,11,12,20,17,1,7,8,5,21,15,13,16,9],[14,2,22,10,18,6,23,3,19,4,24,11,12,20,17,1,7,8,5,21,15,16],[10,6,18,14,2,22,3,23,19,4,24,11,12,20,1,21,17,7,8,5,13,15,16,9],[2,6,14,22,10,18,3,23,19,24,4,11,12,20,17,1,7,8,5,21,15,16],[22,18,2,6,10,14,3,23,19,24,4,11,12,20,17,1,7,8,5,21,13,16],[18,10,2,14,22,6,23,3,19,4,24,11,12,20,17,1,7,8,5,21,16,15],[18,2,14,6,10,22,3,23,19,4,24,11,12,20,17,1,7,8,5,21,13,15,16],[10,6,14,22,18,2,23,3,19,4,24,11,12,20,1,21,17,7,8,5,13,15,16,9],[14,22,10,6,2,18,23,3,19,4,24,11,12,20,1,17,7,8,5,21,13,16,9],[14,22,10,2,18,6,3,23,19,4,24,11,12,20,1,21,17,5,7,8,16,15,13],[18,6,22,14,2,10,3,23,19,4,24,11,12,20,1,21,17,7,8,5,13,15,16,9],[6,18,10,22,2,14,3,23,19,24,4,11,12,20,1,17,7,8,5,21,15,13,16,9],[2,6,22,18,14,10,3,23,19,24,4,11,12,20,1,21,17,7,8,5,16,13,9,15],[2,6,10,18,22,14,23,3,19,4,24,11,12,20,17,1,8,7,5,21,16,15],[18,2,10,22,14,6,4,24,19,12,5,20,3,1,17,23,7,8,21,16,11,15,13],[22,2,18,6,10,14,23,3,19,24,4,11,12,20,1,17,7,8,5,21,16,15],[2,18,10,6,14,22,23,3,19,24,4,11,