{"problem_id":"LcOfjZkdOfhIc0D","sigma":150,"alpha":1.000,"cost":0,"probabilities":"[0.19, 0.24, 0.03, 0.54]","payoff_matrix":"[[18, -39, -38, 229, 357, 211], [-294, -180, 20, -93, -108, -23], [236, -148, -48, 10, -7, 136], [-133, -86, 110, -235, -161, 67]]","uncovered":[[20,12,16,4,24,8,22,10,9,21,5,23,18,3,11,7,17,19,2,6,13,14,15,1],[24,12,4,8,16,20,22,10,9,21,5,2,7,19,11,15,18,17,6,3,1,13,23,14],[8,4,20,16,24,12,10,22,9,21,15,7,6,23,18,2,19,3,17,5,14,11,1,13],[20,16,24,12,4,8,10,22,21,9,5,6,23,7,1,19,14,3,17,13,18,15,2,11],[24,8,4,20,16,12,22,10,9,21,5,17,18,3,19,14,7,13,15,1,6,11,23,2],[8,16,20,24,12,4,22,10,21,9,2,6,7,3,18,23,11,15,14,5,17,1,19,13],[8,24,16,12,20,4,10,22,9,21,6,14,11,2,19,1,18,17,3,5],[4,8,16,12,24,20,10,22,21,9,6,1,18,17,14,23,3,13,19,11,5,2,7,15],[20,16,8,24,4,12,22,10,9,21,19,6,5,3,18,11,17,14,13,15,7,1,2],[24,4,16,20,12,8,10,22,21,9,6,3,17,23,5,18,2,14,1,13,15,19,7,11],[4,16,12,24,8,20,22,10,21,9,6,18,23,14,7,3,1,17,11,2,13,5,19,15],[20,4,12,8,24,16,10,22,21,9,7,5,1,2,13,18,15,3,11,17,14],[12,8,24,20,4,16,22,10,21,9,6,23,15,18,17,1,14,7,3,19,2,11,13,5],[8,16,4,12,20,24,10,22,9,21,13,15,7,23,6,11,19,17,14,18,5,1,2,3],[16,4,8,20,12,24,22,10,21,9,6,13,2,3,17,18,5,14,19,7,1,15,23,11],[12,16,24,20,8,4,22,10,21,9,7,5,19,2,18,11,15],[8,16,4,12,24,20,22,10,21,9,5,1,19,2,23,11,18,6,13,17,15,14,7,3],[16,20,12,8,4,24,10,22,9,21,1,14,6,19,5,15,7,11,13,3],[4,24,8,12,20,16,10,22,9,21,5,19,15,3,14,17,1,18,6,2,13,11,23,7],[20,16,4,24,12,8,10,22,9,21,1,19,6,17,18,11,23,2,5,7,14,15,13,3],[4,20,8,24,12,16,10,22,9,21,7,19,6,11,2,17,18,14,13,1],[20,24,8,12,16,4,10,22,21,9,5,6,11],[8,16,12,20,24,4,22,10,9,21,6,2,14,19,5,17,18,11,7,1,15,3,13],[8,24,20,4,12,16,10,22,21,9,5,15,18,11,23,2,19,1,14,13,17,3,6,7],[24,8,20,16,12,4,22,10,9,21,6,18,11,23,1,17,14,15,7,5,2,19,13,3],[8,20,12,16,4,24,22,10,9,21,5,2,11,23,7,19,3,14,1,18,17,13,6,15],[4,8,16,12,24,20,10,22,21,9,1,6,18,3,5,23,14,7,13,2,11,19,15,17],[16,20,4,24,8,12,22,10,9,21,11,6,7,1,5,18,19,13,15,17],[8,16,24,12,4,20,22,10,21,9,6,1,13,3,17,18,23,15,2,14,7,5,11,19],[20,4,12,8,16,24,10,22,9,21,17,18,6,3,13,1,7,19,5,15,23,2,11,14],[20,24,16,12,8,4,22,10,9,21,7,17,6,14,18,1,2,15,5,23,3,11,19,13],[16,24,8,4,20,12,22,10,21,9,7,2,18,19,5,14,6,13,11,15,17,3,23,1],[20,8,24,16,4,12,10,22,9,21,7,5,14,2,19,18,1,6,13,17,11,3,23,15],[4,24,8,20,12,16,22,10,9,21,11,17,18,2,5,15,1,3,14,6,19],[4,8,12,24,20,16,22,10,9,21,19,5,11,1,14,18,15,2,17,23,6,7,13,3],[8,4,20,16,12,24,10,22,9,21,6,13,2,18,1,17,19,23,7,5,15,14,3,11],[12,20,4,16,8,24,22,10,9,21,6,15,13,17,18,2,14,23,5,3,1,7,11,19],[8,24,16,4,12,20,22,10,21,9,6,11],[16,4,12,8,24,20,22,10,9,21,7,2,1,5,15,23,14,13,11,17,18,3,19,6],[24,8,12,16,20,4,22,10,21,9,7,19,6,11,23,13,14,18,15,3,2,5,17,1],[12,16,8,4,20,24,10,22,9,21,6,5,19,3,14,17,18,1,15,7,23,11,2,13],[20,24,12,4,8,16,10,22,9,21,5,11,1,13,6,7,19,17,3,18,23,15,2,14],[8,16,24,20,12,4,10,22,21,9,19,5,1,18,14,15,17,11],[24,4,16,20,12,8,10,22,9,21,6,2,18,11],[24,4,16,12,8,20,10,22,21,9,19,5,15,7,6,13,2,18,1,3,17,14,11],[20,16,24,12,4,8,10,22,9,21,5,14,18,1,3,7,6,13,15,19,11,17,23,2],[16,12,24,20,8,4,22,10,21,9,15,5,19,1,18,14,3,17,2,13,11,7,23,6],[24,12,4,8,20,16,22,10,21,9,18,6,13,3,23,5,15,7,14,17,19,2,1,11],[4,16,20,8,24,12,10,22,21,9,17,18,3,6,1,11],[16,12,20,24,8,4,10,22,9,21,13,7,5,3,14,1,17,18,23,2,11,15,19,6],[24,16,8,4,20,12,22,10,9,21,23,7,1,2,11,15,5,19,3,6,18,17,14,13],[16,24,12,20,4,8,10,22,21,9,5,14,2,6,7,15,11,23,13,3,19,18,1,17],[24,16,8,4,20,12,22,10,21,9,6,11,13,5,3,15,1,17,18,7,14],[12,16,24,8,4,20,10,22,21,9,11,14,19,7,6,5,23,17,18,2,3,1,15,13],[24,12,8,20,16,4,22,10,21,9,7,19,13,11,3,23,2,6,1,18,15,5,14,17],[16,8,12,24,20,4,10,22,9,21,6,3,7,18,11,13,1,17,15,19,5],[20,16,24,8,4,12,10,22,9,21,17,6,15,19,11,5,18,14,1,3,7,23,13,2],[20,4,24,16,8,12,10,22,9,21,7,6,1,3,15,18,19,23,13,14,5,17,11,2],[8,4,16,20,24,12,22,10,9,21,6,17,13,18,11,5,3,14,2],[4,24,20,8,12,16,22,10,21,9,5,11,15,1,17,23,19,7,3,18,14,6,2,13],[8,20,12,4,24,16,10,22,21,9,6,18,1,17,11,7],[8,16,24,4,20,12,22,10,9,21,6,3,18,17,1,5,2,7,19,11],[8,20,16,24,4,12,10,22,21,9,5,11,2,23,15,1,13,17,18,6,19,14,7,3],[12,20,24,8,4,16,22,10,9,21,7,23,6,13,1,3,5,11,14,18,19,2,15,17],[12,4,24,16,8,20,10,22,21,9,6,23,17,18,5,2,19,1,14,13,7,11,3,15],[12,24,20,16,8,4,10,22,9,21,23,6,13,18,19,15,11,5,3,2,7,14,17,1],[20,12,8,24,4,16,22,10,9,21,1,5,19,14,18,2,3,7,11,23,13,17,6,15],[24,16,12,4,20,8,10,22,21,9,7,23,5,15,14,2,13,17,18,6,19,3,1,11],[8,20,12,4,24,16,22,10,9,21,5,19,3,1,23,11,2,17,18,7,15,14,13,6],[20,4,24,16,12,8,10,22,9,21,6,18,15,13,23,3,11,14,2,1,5,19,7,17],[24,16,4,20,8,12,10,22,9,21,2,3,7,18,19,11,17,23,13,5,1,15,14,6],[12,8,16,4,24,20,22,10,21,9,1,7,17,19,18,13,5,23,11,3,2,6,15,14],[4,24,20,8,12,16,22,10,9,21,6,5,23,2,14,1,18,7,13,3,11,17,19,15],[8,24,16,20,12,4,10,22,9,21,15,6,5,18,11,14,13,1],[24,8,4,12,20,16,22,10,9,21,14,23,6,19,15,3,17,18,2,7,11,1,5,13],[12,8,20,4,16,24,22,10,9,21,14,7,11,1,3,5,23,6,18,17,13,19,15,2],[8,20,12,4,16,24,10,22,9,21,5,11,2,6,7,18],[20,12,4,8,24,16,10,22,9,21,5,18,15,17,14,7,6,23,11,2,1,3,19,13],[12,8,20,24,4,16,10,22,9,21,7,11,6,2,14,18,3,17,1,19,13,23,15,5],[4,12,24,8,20,16,10,22,9,21,7,14,1,15,5,19,3,2,11,23,6,17,18,13],[4,16,8,24,20,12,10,22,9,21,23,14,15,7,11,2,13,6,18,1,5,19,3,17],[12,24,8,4,20,16,22,10,9,21,6,11,23,2,19,7,1,15,13,3,17,18,14,5],[16,24,4,8,20,12,22,10,9,21,6,11,3,13,2,14,5,19,7,18],[24,4,12,16,20,8,22,10,21,9,7,6,14,18,3,1,11,2,19,5,15,23,17,13],[24,4,20,12,8,16,10,22,9,21,6,18,7,19,14,5,3,13,23,17,11,1,15,2],[4,24,16,20,8,12,10,22,21,9,5,18,15,6,17,11,2,13,1],[24,20,12,16,8,4,22,10,21,9,11,7,6,2,14,17,1,18],[16,12,4,24,20,8,22,10,9,21,5,17,19,18,11,14,13,15,6,23,2,3,7,1],[4,20,24,8,12,16,10,22,21,9,7,1,3,23,6,15,14,13,11,19,18,17,2,5],[8,12,4,24,16,20,10,22,9,21,7,2,3,5,1,17,18,19,11,23,14,6,15,13],[16,12,20,8,4,24,10,22,9,21,14,6,23,15,11,17,7,18,3,19,2,1,13,5],[12,16,8,4,24,20,22,10,9,21,1,7,5,6,18,3,23,11,13,15,17,19,14,2],[20,4,24,16,12,8,22,10,21,9,7,5,23,13,18,3,1,17,6,15,14,19,2,11],[4,8,20,16,24,12,22,10,21,9,1,7,23,2,11,19,17,14,18,6,5,3,15,13],[8,12,20,16,24,4,10,22,9,21,6,15,18,11,14,1,19,23,13,3,7,2,5,17],[12,24,20,16,4,8,22,10,9,21,19,3,6,14,5,18,11,1],[12,16,8,4,24,20,22,10,21,9,6,23,19,7,17,18,1,2,11,14,13,3,15,5],[8,16,12,24,20,4,10,22,9,21,6,18,15,23,11,5,7,1,14,13,19,2,3,17],[16,12,8,20,24,4,10,22,9,21,7,3,14,5,2,19,1,23,13,18,6,17,11,15],[12,4,24,20,8,16,22,10,9,21,3,7,23,6,14,2,18,15,5,13,19,17,11,1],[24,4,8,12,16,20,10,22,21,9,1,6,14,7,15,23,19,13,17,5,11,18,2,3],[16,20,4,12,24,8,10,22,21,9,6,11,19,3,1],[16,4,20,24,12,8,10,22,9,21,6,2,3,15,5,14,18,23,17,11,13,7,19,1],[24,20,16,12,4,8,22,10,9,21,6,7,18,17,11,15,13,2,5,23,3,1,14,19],[20,4,24,16,12,8,22,10,21,9,1,7,13,15,11,19,3,17,18,5,6,14,23,2],[24,8,16,4,20,12,22,10,9,21,19,2,13,5,3,6,7,17,18,23,14,11,1,15],[8,4,12,16,20,24,22,10,9,21,6,13,1,5,3,19,11,17,18,23,14,7,15,2],[4,24,16,20,12,8,22,10,9,21,19,7,11,6,17,18,15,2,13,1],[8,24,4,16,20,12,10,22,21,9,5,13,14,23,17,2,18,6,1,7,19,11,15,3],[12,20,24,8,16,4,10,22,21,9,5,2,3,17,15,14,18,7,1,23,11,6,19,13],[12,4,20,24,16,8,22,10,21,9,11,13,7,3,15,5,14,6,1,18,23,17,2,19],[24,4,16,8,12,20,22,10,9,21,15,5,19,17,18,11,7,1,2,13,3,14,23,6],[4,24,8,16,12,20,22,10,9,21,6,18,3,13,5,7,14,2,17,1,23,11,15,19],[8,24,12,4,16,20,22,10,9,21,1,6,23,5,18,19,14,13,11,17,15,3,2,7],[24,20,8,16,4,12,10,22,21,9,5,1,6,11,17,14,18,13],[20,8,16,24,12,4,10,22,21,9,5,15,7,3,11,2,19,18,17,1,13,6,14],[4,16,20,24,8,12,10,22,21,9,13,2,6,17,18,19,11,14,15,7,5,3],[4,8,20,24,16,12,22,10,21,9,2,5,11,14,13,18,7,3,23,1,17,15,19,6],[4,20,12,24,16,8,22,10,9,21,17,6,18,23,7,2,13,5,11,3,14,19,1,15],[16,20,4,8,12,24,22,10,21,9,7,3,17,6,23,19,13,1,14,18,5,15,11,2],[12,16,20,24,8,4,22,10,9,21,1,6,23,15,18,17,19,3,2,7,14,11,5,13],[16,20,12,24,8,4,22,10,21,9,5,6,7,19,15,14,17,18,3,11,1,2,23,13],[20,8,4,16,12,24,10,22,9,21,5,1,19,13,17,18,15,14,7,3,2,23,6,11],[20,12,8,16,24,4,10,22,21,9,3,5,18,15,11,1,19,14,23,13,17,6,7,2],[16,8,12,20,4,24,10,22,9,21,2,6,19,14,3,5,18,1,17,11,13,7],[20,24,8,16,12,4,10,22,9,21,19,5,18,6,13,14,1,17,3,2,7,11,23,15],[16,4,24,8,20,12,22,10,9,21,1,7,5,13,3,23,6,14,18,2,11,15,17,19],[12,4,24,20,16,8,22,10,21,9,13,5,15,7,1,2,11,3,23,18,6,17,14,19],[12,8,16,20,4,24,10,22,9,21,11,23,7,1,13,15,14,5,6,3,17,2,18,19],[8,16,4,24,20,12,10,22,21,9,19,6,15,2,17,18,13,23,14,7,5,11,1,3],[20,4,12,8,16,24,10,22,21,9,6,18,17,14,3,1,15,5,11,2,13,19,7,23],[12,20,16,8,4,24,10,22,21,9,6,5,1,18,13,11,17,7],[24,12,8,4,20,16,22,10,9,21,5,23,18,7,19,3,11,1,14,2,6,13,15,17],[8,16,20,24,12,4,10,22,21,9,1,3,6,17,18,11,19],[24,16,20,8,12,4,10,22,9,21,7,18,15,17,19,2,23,5,11,14,13,6,1,3],[16,12,4,8,24,20,22,10,21,9,7,2,6,15,14,3,18,17,13,5,23,1,19,11],[4,12,16,8,24,20,10,22,21,9,18,5,3,23,7,1,15,13,17,19,6,14,2,11],[4,8,24,20,12,16,10,22,21,9,5,7,3,18,1,13,6,2,23,11,14,19,15,17],[20,4,16,24,12,8,10,22,9,21,6,13,2,1,15,19,17,18,23,14,5,11,7,3],[16,8,4,24,20,12,22,10,9,21,13,6,3,23,1,17,5,18,7,15,14,2,11,19],[8,20,12,4,24,16,10,22,9,21,1,5,23,19,14,3,6,18,11,15,7,13,17,2],[20,16,8,4,12,24,10,22,9,21,7,17,18,5,2,15,14,3,23,11,6,19,13,1],[16,4,20,12,24,8,10,22,21,9,7,5,11,19,15,3,18,14,6,1,2,13,23,17],[8,4,24,16,12,20,10,22,21,9,5,15,3,19,11,7,2,6,1],[4,16,20,24,12,8,22,10,9,21,7,5,2,3,23,15,18,19,17,1,13,14,6,11],[4,16,24,12,20,8,10,22,21,9,6,5,14,2,23,19,13,15,17,18,7,11,3,1],[12,24,8,4,20,16,10,22,21,9,7,6,2,14,18,23,5,11,3,1,13,19,15,17],[8,12,4,16,20,24,22,10,9,21,3,7,17,19,18,6,11,2,15,13],[16,24,12,20,4,8,10,22,9,21,1,18,13,23,7,6,15,3,5,11,17,2,14,19],[12,24,20,16,8,4,10,22,9,21,6,1,13,14,2,11],[12,4,20,8,16,24,22,10,21,9,6,13,14,23,1,11,15,3,19,7,18,5,17,2],[16,24,8,12,4,20,10,22,9,21,1,5,11,23,2,18,7,13,15,6,14,17,19,3],[20,16,24,12,4,8,22,10,9,21,5,14,7,2,13,15,17,19,18,3,23,6,11,1],[24,12,16,8,20,4,22,10,9,21,6,13],[20,16,4,24,8,12,22,10,21,9,17,18,7,2,13,6],[16,4,24,12,8,20,10,22,9,21,5,23,11,18,14,7,6,1,3,15,13,2,19,17],[12,20,4,16,8,24,22,10,21,9,14,11,2,6,23,7,1,13,15,17,3,18,5,19],[24,8,16,20,4,12,22,10,21,9,23,5,13,11,17,18,1,7,3,6,2,19,14,15],[4,20,16,8,12,24,22,10,9,21,6,3,1,11,18,17,15,14,5,19],[24,4,16,12,20,8,22,10,21,9,7,13,5,15,2,1,19,23,3,14,18,11,6,17],[12,16,8,4,24,20,10,22,9,21,7,6,2,3,14,23,19,1,11,13,17,18,5,15],[20,4,12,16,24,8,22,10,9,21,7,13,6,5,15,11,14,2,17,18,3,1],[16,12,24,8,20,4,10,22,9,21,5,7,19,2,17,15,3,18,11,14,1],[16,24,12,8,4,20,22,10,9,21,5,14,7,6,1,19,2,17,18,11,13,23,15,3],[4,8,24,20,16,12,22,10,9,21,23,11,7,19,13,1,5,15,2,17,3,18,6,14],[8,20,16,12,4,24,10,22,21,9,7,13,2,5,23,19,17,6,18,15,14,1,3,11],[20,8,4,16,12,24,10,22,21,9,1,7,6,17,19,18,2,5,15,3,23,14,11,13],[16,4,8,24,12,20,22,10,21,9,1,7,6,19,17,18,15,14,2,3,23,11,13,5],[8,20,24,4,12,16,22,10,21,9,2,6,13,18,7,3,5],[8,20,16,24,12,4,22,10,9,21,6,1,5,23,18,15,19,13,7,17,11,14,2,3],[16,20,4,8,12,24,10,22,9,21,11,6,19,17,3,1,14,18,2],[16,8,20,4,24,12,22,10,9,21,5,14,18,23,2,13,7,1,6,17,19,11,3,15],[8,24,12,20,16,4,10,22,9,21,2,23,5,7,14,11,3,18,19,15,6,13,17,1],[4,20,24,12,16,8,22,10,21,9,5,1,17,18,23,3,19,14,2,11,15,7,6,13],[8,4,16,20,12,24,10,22,9,21,5,17,14,19,23,1,18,15,3,6,2,7,13,11],[16,8,24,4,12,20,22,10,9,21,6,17,19,11,13,18,7],[24,20,8,16,12,4,10,22,21,9,7,14,11,13,3,5,1],[8,4,16,12,20,24,10,22,9,21,6,14,15,2,3,5,11,23,17,18,7,13,1,19],[16,24,12,8,20,4,22,10,21,9,5,7,11,23,14,2,13,17,18,15,3,19,1,6],[24,16,12,8,20,4,10,22,21,9,7,11,5,18,19,6,23,1,3,15,2,17,13,14],[12,20,24,16,8,4,22,10,9,21,6,19,18,1,14,23,2,3,13,5,15,11,17,7],[8,16,24,12,4,20,10,22,9,21,7,19,5,1,17,18,2,3,11,14,13,15,23,6],[24,16,8,12,20,4,10,22,21,9,19,2,6,7,13,5,23,15,17,11,18,1,14,3],[8,16,4,20,24,12,10,22,9,21,18,14,6,7,1,11,13],[24,20,8,4,12,16,10,22,21,9,3,1,23,19,5,6,17,18,13,15,2,11,7,14],[16,24,12,4,20,8,10,22,9,21,5,19,23,3,18,11,13,6,2,17,7,1,15,14],[12,24,4,20,8,16,10,22,21,9,17,5,3,18,19,15,2,23,1,14,6,13,11,7],[16,12,20,8,24,4,22,10,9,21,5,14,23,11,6,17,19,18,2,15,7,1,3,13],[24,16,4,8,12,20,22,10,21,9,23,17,7,5,14,18,11,15,1,2,13,6,19,3],[12,24,20,8,16,4,10,22,21,9,6,14,15,1,7,23,13,2,3,18,5,11,19,17],[8,16,20,24,12,4,10,22,21,9,6,18,1,19,5,17,15,23,2,14,3,7,13,11],[20,24,8,12,16,4,22,10,9,21,7,23,13,3,11,6,2,17,18,5,19,15,14,1],[8,16,12,4,20,24,22,10,9,21,6,18,11,3],[12,20,8,16,4,24,22,10,9,21,6,15,14,18,1,23,17,2,19,3,5,7,11,13],[8,12,20,24,16,4,22,10,9,21,6,13,2,14,23,3,17,11,18,1,15,5,7,19],[8,4,20,12,24,16,10,22,9,21,2,7,17,18,19,23,3,5,11,1,6,15,14,13],[16,12,24,8,20,4,22,10,9,21,5,6,13,7,2,19,11,1,18,17,23,15,14,3],[16,20,24,8,4,12,10,22,9,21,3,7,13,2,17,19,18,11,23,14,15,6,1,5],[8,24,20,16,4,12,22,10,21,9,7,6,18,5,3,17,13,19,2,15,1,11,14,23],[4,20,16,12,24,8,10,22,9,21,19,7,2,23,5,17,3,18,6,11,15,13,1,14],[12,20,24,16,4,8,10,22,21,9,2,18,5,6,7,23,3,19,11,13,1,14,17,15],[16,20,24,12,4,8,22,10,21,9,6,1,19],[8,12,24,16,4,20,22,10,9,21,6,14,15,11,13,19,18,1,7,5,3,17,2,23],[8,4,24,20,12,16,22,10,9,21,18,5,3,19,23,15,1,2,17,13,7,11,6,14],[8,16,20,24,12,4,10,22,21,9,6,17,15,2,18,1,19,23,14,3,7,5,11,13],[12,8,4,20,16,24,22,10,9,21,5,6,11,18,14,19,3,17,1,15,13],[16,4,20,12,24,8,10,22,9,21,7,2,18,15,5,11,13,23,17,1,3,6,14,19],[24,20,12,8,16,4,22,10,9,21,2,6,5,15,14,19,11,18,17,13,3],[24,8,16,20,4,12,22,10,21,9,1,5,13,19,2,6,14,15,3,23,18,17,11,7],[16,20,8,12,24,4,22,10,21,9,7,15,5,17,18,13,23,6,19,1,3,11,14,2],[4,20,16,24,8,12,22,10,9,21,6,11,14,15,2,18,13,19,7,23,5,3,17,1],[16,4,8,24,12,20,22,10,21,9,5,2,17,15,19,23,18,14,1,11,7,6,3,13],[4,24,8,12,20,16,10,22,9,21,23,19,7,14,11,15,6,5,17,3,18,2,1,13],[16,20,12,4,8,24,10,22,9,21,5,7,13,14,17,11,6,18],[4,12,20,24,8,16,22,10,21,9,15,3,5,6,2,18,11,1,17,13,7,23,14,19],[4,8,24,20,16,12,10,22,9,21,5,7,2,18,1,14,3,13,11,23,15,6,17,19],[8,4,16,20,24,12,22,10,9,21,14,7,6,11,2],[4,12,24,20,16,8,22,10,9,21,7,5,6,1,18],[4,12,8,16,20,24,10,22,9,21,6,3,15,2,18,23,5,1,7,14,11,17,13,19],[8,24,4,20,16,12,22,10,21,9,5,7,13,18,17,23,1,2,15,11,14,19,6,3],[24,4,8,20,12,16,10,22,21,9,6,17,18,14,23,19,1,5,7,2,3,15,13,11],[16,8,24,4,12,20,10,22,9,21,5,11,19,1,3,6,7,14,17,18,13,2],[8,16,12,24,4,20,22,10,9,21,7,6,3,23,17,15,2,18,5,11,1,19,13,14],[8,12,20,24,16,4,10,22,9,21,5,23,17,18,13,3,1,11,19,15,2,7,6,14],[16,8,4,12,24,20,10,22,21,9,3,6,17,23,18,14,13,15,19,1,11,5,2,7],[12,24,4,20,8,16,22,10,9,21,23,2,18,1,6,3,5,19,17,14,11,15,7,13],[20,8,4,16,24,12,22,10,21,9,7,13,17,18,5,1,19,6,11,14,3],[4,24,16,8,12,20,10,22,21,9,13,5,19,18,17,6,1,15,7,3,14,23,11,2],[20,4,24,8,16,12,10,22,9,21,5,15,14,1,7,23,2,11,13,17,18,19,3,6],[12,4,24,8,16,20,22,10,9,21,5,18,1,6,3,15,23,19,2,13,11,7,17,14],[16,8,12,20,4,24,22,10,21,9,6,1,17,19,7,3,18,2,14,11,5,23,13,15],[24,12,16,4,8,20,22,10,21,9,5,7,19,3,2,6,23,17,15,11,18,14,13,1],[20,8,16,24,4,12,10,22,21,9,17,18,7,5,3,2,15,14,1,6,19],[8,24,4,12,16,20,10,22,21,9,3,7,6,2,18,23,11,5,13,17,14,1,15,19],[20,16,4,12,8,24,22,10,9,21,17,6,7,14,18,2,5,19,1,23,13,11,3,15],[12,4,8,16,20,24,22,10,9,21,23,18,2,6,7,14,15,5,11,19,1,17,13,3],[16,24,20,4,8,12,10,22,9,21,13,3,6,18,15,17,1,2,11,14,19,7,23,5],[4,24,12,20,16,8,10,22,21,9,19,6,18,13,2,7,1,3,14,23,17,5,15,11],[20,12,4,24,16,8,10,22,9,21,7,5,17,19,6,18,15,2],[24,20,4,12,8,16,10,22,9,21,7,6,1,19,14,17,5,11,15,18,2,13,23,3],[8,16,12,20,4,24,22,10,21,9,15,7,18,19,3,5,11,2,17,14,13,6,1,23],[12,24,4,8,20,16,10,22,21,9,13,3,15,7,5,2,1,18,23,19,14,11,6,17],[12,4,24,8,16,20,10,22,9,21,23,7,18,6,13,2,5,17,14,3,15,19,11,1],[24,20,4,8,12,16,22,10,21,9,1,15,7,14,5,19,6,23,13,11,2,18,3,17],[20,12,16,4,8,24,10,22,9,21,19,2,6,3,14,5,15,23,11,17,18,1,7,13],[20,24,16,8,12,4,10,22,21,9,15,5,13,19,17,18,1,14,7,2,11,3,23,6],[20,16,12,8,4,24,22,10,9,21,7,19,11,1,13,6,3,23,18,15,5,14,2,17],[12,24,16,8,4,20,22,10,21,9,7,11,5,19,18,13,6,1,17,2,3,23,14,15],[8,24,16,20,12,4,22,10,21,9,1,5,3,23,17,18,14,19,2,13,11,7,15,6],[12,24,20,16,4,8,22,10,9,21,1,13,5,3,2,23,17,18,7,14,11,6,15,19],[12,20,4,8,16,24,10,22,9,21,17,18,5,19,7,6,14,15,2,23,1,3,11,13],[16,8,24,20,12,4,10,22,9,21,23,3,5,7,17,18,13,11,1,15,14,19,6,2],[24,16,4,8,12,20,10,22,9,21,14,23,7,6,15,11,3,2,18,19,5,13,1,17],[20,4,24,12,8,16,22,10,9,21,6,7,1,2,14,19,5,11],[20,4,16,8,24,12,10,22,21,9,18,5,15,7,17,3,2,11,14,23,13,1,6,19],[12,8,20,4,16,24,10,22,21,9,6,18,11,13,7,14,1],[4,16,20,8,24,12,22,10,9,21,14,5,15,18,1,23,3,17,19,6,13,2,11,7],[20,8,4,12,24,16,10,22,21,9,7,5,18,17,14,23,19,3,11,2,1,6,15,13],[24,12,8,4,16,20,22,10,21,9,6,17,14,18,11,3,7,23,1,2,15,5,19,13],[16,20,8,4,24,12,22,10,21,9,13,3,7,15,6,5,19,1,14,2,18,23,17,11],[24,20,8,4,12,16,10,22,9,21,6,2,7,14,3,11,18,19,1,23,13,15,17,5],[24,4,12,20,8,16,22,10,21,9,5,1,14,11,2,7,15,13,17,19,23,18,6,3],[20,12,8,16,4,24,10,22,9,21,5,2,14,19,6,13,1],[20,24,8,4,12,16,10,22,9,21,3,7,6,18,19,14,17,11,2,13,1,23,15,5],[4,12,16,24,20,8,22,10,21,9,6,5,1,11,15,19,2,18,17,13,14,7,23,3],[20,16,12,24,8,4,22,10,21,9,23,11,6,15,13,1,14,7,17,19,18,3,5,2],[4,16,24,12,20,8,10,22,9,21,19,23,7,15,3,11,18,2,1,6,13,14,17,5],[16,4,24,20,8,12,10,22,9,21,6,11,15,7,3,14,2,5],[20,24,4,12,16,8,22,10,9,21,5,19,17,15,18,1,7,14,13,3,23,2,11,6],[8,12,4,24,16,20,22,10,21,9,5,18,17,23,6,15,1,2,13,14,11,7,19,3],[20,8,4,16,24,12,10,22,21,9,15,1,3,5,19,2,14,7,6,23,18,13,11,17],[8,4,20,24,16,12,22,10,9,21,3,6,2,17,18,13,19,14,15],[8,20,24,16,4,12,22,10,21,9,5,6,7,11,23,1,15,18,3,13,17,14,19,2],[8,4,12,24,16,20,22,10,21,9,14,6,2,3,19,18,1,17,7,23,11,15,5,13],[8,24,16,12,20,4,22,10,9,21,13,17,6,18,15,5,14,7,2,1,19,11,3],[24,16,8,20,4,12,10,22,9,21,7,2,11,6,3],[16,20,4,12,24,8,22,10,9,21,5,17,18,15,1,2,7,13,23,19,6,14,11,3],[16,24,4,12,8,20,10,22,21,9,5,1,19,18,13,11],[4,8,12,16,20,24,22,10,9,21,7,11,2,5,6,1,13],[20,4,24,8,12,16,10,22,21,9,5,11,1],[12,16,20,24,4,8,10,22,21,9,13,5,17,23,18,3,1,15,11,14,6,7,19,2],[8,16,20,12,24,4,22,10,9,21,5,15,7,6,3,23,13,19,11,14,2,18,17,1],[16,20,4,8,12,24,10,22,21,9,3,6,11,2,17,13,18,19,1],[4,24,20,16,12,8,10,22,21,9,15,17,3,18,7,23,19,11,2,6,5,14,1,13],[16,24,4,20,12,8,22,10,21,9,5,17,19,6,18,15,2,3,1,7,13,23,14,11],[4,16,24,8,20,12,22,10,21,9,13,5,15,1,17,3,18,7,2,14,19,23,6,11],[8,20,4,16,12,24,10,22,21,9,7,2,6,3,19,17,18,23,14,5,11,13,1,15],[16,12,24,4,20,8,10,22,21,9,5,2,7,3,13,6,17,18,1,11],[20,16,24,8,4,12,10,22,9,21,6,3,11,2,17,18,7,23,13,1,5,15,19,14],[12,16,24,4,8,20,22,10,21,9,6,3,7,18,1,13,11,19,14,5,17,23,15,2],[24,20,16,4,8,12,22,10,9,21,6,19,1,7,5,2,17,3,18,23,14,11,15,13],[8,4,12,16,24,20,22,10,21,9,15,5,17,19,18,13,3,11,14,2,6,1,23,7],[4,24,12,20,16,8,22,10,21,9,14,2,7,6,15,23,19,17,18,11,3,1,13,5],[4,16,24,20,12,8,22,10,9,21,5,14,15,18,3,6,13,2,11],[12,16,24,20,8,4,10,22,21,9,5,2,15,23,3,18,14,6,17,19,13,1,7,11],[20,12,4,24,8,16,22,10,21,9,7,17,19,5,23,13,1,6,18,3,15,2,14,11],[4,24,8,12,20,16,22,10,21,9,7,14,2,6,13,17,18,15,5,1,19,3,23,11],[8,24,16,20,4,12,10,22,21,9,11,6,14,7,13,18,3,2],[16,4,20,24,8,12,10,22,21,9,17,7,18,6,13,3,5,1,14,11,15,19],[20,12,4,8,16,24,22,10,21,9,5,7,19,1,3,14,23,15,6,18,2,11,13,17],[4,16,24,12,20,8,10,22,9,21,6,1,15,2,13,23,3,5,7,17,18,14,19,11],[4,20,12,8,24,16,22,10,9,21,17,7,18,13,2,5,3,11,19,23,15,6,1,14],[4,12,24,20,8,16,10,22,9,21,5,6,15,19,23,11,7,1,14,17,18,2,3,13],[4,24,8,20,16,12,10,22,9,21,5,18,1,3,15,14,2,11,23,7,13,19,17,6],[8,16,12,20,4,24,10,22,9,21,5,7,23,1,18,17,6,2,13,15,14,11,19,3],[8,4,24,16,20,12,22,10,9,21,6,15,14,7,5,19,2,11],[24,4,8,12,20,16,22,10,9,21,5,18,1,15,2,17,6,3,11,19,23,13,14,7],[16,24,20,12,8,4,22,10,9,21,7,19,5,2,11,6,3,15,17,18,13],[16,20,12,4,8,24,22,10,21,9,6,7,1,17,15,18,13,19,2,23,11,5,3,14],[4,16,12,20,8,24,10,22,9,21,15,7,6,14,5,19,2,18,1,3,17,23,13,11],[8,24,12,20,4,16,10,22,21,9,19,15,17,6,2,18,11],[20,12,16,8,4,24,22,10,21,9,6,23,2,18,14,13,7,1,19,15,11,3,17,5],[16,12,8,20,24,4,22,10,9,21,1,5,17,18,11,6,15,19,7,2,14,13,3],[8,24,12,20,4,16,22,10,21,9,17,7,18,5,15,3,2,1,23,13,6,11,14,19],[12,8,20,16,4,24,22,10,21,9,6,17,3,15,18,23,13,14,2,5,11,19,7,1],[8,4,20,24,12,16,22,10,21,9,7,11,1,6,17,18,5],[12,16,4,24,8,20,10,22,9,21,17,18,6,15,11,23,2,14,19,5,1,7,3,13],[12,16,24,4,8,20,22,10,21,9,1,18,3,2,6,17,19,15,14,23,11,5,7,13],[16,8,4,12,24,20,22,10,21,9,6,7,18,1,11,5],[24,8,16,4,12,20,10,22,21,9,23,5,6,13,1,3,14,7,11,2,15,17,18,19],[16,8,24,4,20,12,10,22,9,21,7,5,14,3,15,18,17,2,19,6,23,13,1,11],[8,16,20,12,24,4,22,10,9,21,6,19,1,11,23,18,14,17,3,13,15,7,5,2],[4,20,8,12,24,16,22,10,9,21,6,19,18,7,15,11,13,3,1,2,23,17,5,14],[20,16,8,24,4,12,10,22,21,9,17,18,7,1,6,2,14,11,3,19,23,5,13,15],[8,12,24,20,4,16,22,10,21,9,7,5,6,18,3,17,19,15,2,14,23,1,13,11],[8,16,24,12,20,4,10,22,9,21,5,6,13,1,15,3,19,2,17,18,23,14,7,11],[24,12,20,4,16,8,22,10,9,21,19,5,6,23,14,2,1,18,15,13,3,17,7,11],[4,12,20,24,16,8,10,22,9,21,6,5,14,19,17,18,7,3,2,11,15,13,23,1],[12,24,4,16,20,8,10,22,9,21,6,7,17,2,19,18,15,5,11,1,3,14,13,23],[20,24,12,8,4,16,10,22,21,9,23,5,18,6,3,15,7,1,13,19,11,17,2,14],[20,8,16,12,24,4,22,10,9,21,6,14,2,15,17,19,7,23,18,13,5,11,1,3],[8,4,12,20,16,24,10,22,9,21,6,15,1,13,14,18,19,17,3,2,7],[24,4,16,8,12,20,10,22,21,9,6,7,23,5,13,3,1,18,17,11,14,19,15,2],[4,20,8,12,24,16,22,10,21,9,17,18,6,14,11,5,3,19,15,13,1,2],[12,20,4,24,8,16,22,10,9,21,13,7,6,1,18,19,14,17,2,15,11,3],[20,4,24,16,8,12,22,10,21,9,2,23,18,5,14,17,13,11,3,15,6,7,1,19],[8,24,16,4,20,12,22,10,9,21,5,7,3,15,6,14,23,11,18,1,2,17,13,19],[24,20,8,16,12,4,10,22,9,21,6,13,1,23,15,5,19,18,3,11,17,7,2,14],[8,16,24,20,12,4,22,10,21,9,7,18,5,3,1,13,11,19,14],[20,16,4,24,12,8,10,22,9,21,6,18,7,2,3,23,13,5,19,15,14,1,17,11],[16,20,4,12,8,24,22,10,9,21,1,6,17,11,18,19],[16,8,24,12,4,20,22,10,21,9,13,11,5,6,19,18,14,2,17,1,7,23,3,15],[4,12,20,24,16,8,10,22,9,21,7,1,18,5,14,19,6,23,3,17,15,2,13,11],[20,8,24,12,4,16,10,22,9,21,6,23,15,5,1,7,19,14,3,18,2,11,17,13],[8,20,24,16,12,4,22,10,9,21,5,14,7,13,2,6,23,3,18,17,15,11,1,19],[12,8,16,24,4,20,10,22,21,9,6,23,15,3,17,11,18,13,19,1,2,5,14,7],[16,20,24,4,12,8,10,22,21,9,7,18,6,15,3,13,5,19,1,23,11,17,2,14],[8,20,4,12,24,16,22,10,21,9,11,23,13,3,14,19,6,5,18,17,2,7,15,1],[24,20,4,8,16,12,22,10,9,21,6,7,14,17,23,18,3,13,19,5,1,11,15,2],[24,12,16,4,20,8,10,22,21,9,18,7,11,2,17,5,19,15,1,14,23,3,13,6],[8,12,20,24,4,16,10,22,9,21,6,2,18,5,3,23,1,17,11,13,7,15,19,14],[12,4,24,8,16,20,10,22,9,21,6,18,19,17,13,7,14,23,15,5,1,11,2,3],[8,16,24,4,12,20,22,10,21,9,7,18,5,3,11,2,14,1,15,6,17,19],[16,20,12,24,8,4,10,22,21,9,6,15,23,2,1,18,17,14,7,11,3,19,13,5],[12,4,8,16,20,24,22,10,9,21,5,19,23,17,2,1,18,15,6,7,3,14,13,11],[16,4,8,24,20,12,10,22,9,21,6,19,17,18,11,5,2],[8,4,12,24,20,16,10,22,21,9,5,11,19,14,1,18,17,2,23,3,13,15,7,6],[20,16,4,8,12,24,22,10,21,9,5,23,3,1,17,18,13,6,2,15,11,19,14,7],[4,16,12,8,24,20,10,22,9,21,13,15,2,5,6,18,23,11,19,17,1,3,14,7],[20,16,12,4,24,8,10,22,21,9,1,23,19,7,5,11,14,17,15,2,6,18,3,13],[16,8,20,4,24,12,22,10,21,9,2,19,17,11,6,18,15,14,1,5,7],[12,4,20,24,16,8,22,10,21,9,7,3,14,5,23,19,15,2,13,1,11,17,18,6],[20,16,24,8,12,4,10,22,9,21,19,3,6,13,1,11,5,7,17,18],[20,16,8,24,12,4,22,10,21,9,6,1,13,18,14,17,2,7,15,23,11,5,3,19],[24,12,20,16,8,4,10,22,21,9,3,6,1,15,7,2,18,14,13,23,11,5,17,19],[20,4,24,12,16,8,22,10,9,21,1,15,6,19,11,3,18,5,13,17],[12,16,24,4,8,20,22,10,21,9,19,6,18,2,3,14,11,23,5,7,17,13,1,15],[24,16,8,4,20,12,22,10,9,21,5,7,11,1,13,14,23,17,18,2,6,3,15,19],[24,16,20,4,8,12,22,10,21,9,19,5,6,17,7,18,13,11,2,3],[4,16,8,24,12,20,10,22,21,9,6,14,11,5,23,18,13,7,19,2,15,3,1,17],[24,12,16,8,4,20,10,22,21,9,7,14,6,23,1,11,19,15,17,3,18,2,5,13],[16,12,20,4,8,24,10,22,21,9,5,23,2,1,15,19,7,14,3,11,6,18,13,17],[24,16,20,8,4,12,22,10,21,9,5,11,18],[24,4,20,8,12,16,22,10,21,9,17,6,18,15,2,19,13,1,14,23,5,11,3,7],[16,20,8,12,4,24,10,22,9,21,15,6,19,2,3,1,11,18],[12,4,8,24,16,20,10,22,9,21,18,17,7,14,1,13,6,15,23,11,3,19,5,2],[8,16,20,4,12,24,10,22,21,9,5,2,6,11,14,7],[12,8,20,16,24,4,22,10,21,9,17,6,19,18,7,3,13,1,14,5,15,11,23,2],[8,24,12,16,4,20,22,10,21,9,7,5,14,19,15,3,17,18,13,2,11,23,6,1],[16,8,12,20,4,24,22,10,21,9,15,5,17,19,11,18,1],[24,12,8,20,16,4,22,10,21,9,23,11,17,5,18,3,6,7,14,1,2,13,15,19],[20,8,4,16,24,12,10,22,21,9,17,18,5,11,14,1,19,2,13,6],[24,4,16,8,12,20,10,22,21,9,6,11,1,2,23,13,14,15,18,3,7,19,5,17],[16,20,4,12,24,8,22,10,9,21,13,7,5,23,6,1,2,18,11,3,15,14,19,17],[16,12,4,24,8,20,22,10,21,9,5,3,14,7,1,6,13,11,19,15,2,18],[4,24,8,16,20,12,22,10,9,21,5,19,18,23,11,17,1,13,15,14,7,2,6,3],[8,4,12,20,24,16,22,10,9,21,6,11,17,18,15,19,23,14,2,13,5,7,1,3],[12,20,8,16,24,4,10,22,21,9,6,17,19,18,7,2,13,3,15,11,5,23,14,1],[8,16,20,4,12,24,10,22,9,21,7,11,14,18,6,17,13,23,3,5,2,1,19,15],[16,12,20,24,8,4,10,22,21,9,11,7,23,15,1,6,5,3,2,14,19,13,18,17],[8,12,20,24,16,4,10,22,21,9,5,2,1,18,19,11,13,7,14,15],[4,12,16,24,20,8,10,22,9,21,5,19,2,18,13,6,17,7,11,23,1,15,3,14],[16,8,20,24,4,12,22,10,9,21,6,1,15,13,7,18,2,23,3,14,17,5,11,19],[16,24,20,4,8,12,22,10,9,21,6,11,1,3],[24,20,8,16,12,4,22,10,21,9,6,23,3,15,14,5,17,18,7,1,13,19,2,11],[16,12,8,24,20,4,22,10,9,21,7,17,18,19,5,13,2,11],[12,4,8,16,20,24,22,10,21,9,11,5,3,15,2,7],[16,4,24,12,20,8,22,10,21,9,6,5,17,23,18,2,7,3,1,11,15,19,13,14],[4,16,24,20,12,8,10,22,21,9,17,7,18,23,19,15,11,5,3,14,1,13,2,6],[20,24,8,12,4,16,22,10,9,21,6,2,1,15,23,14,3,17,19,18,11,5,13,7],[4,20,12,16,24,8,22,10,21,9,7,6,2,15,14,3,18,11,23,5,17,1,13,19],[12,20,8,24,4,16,22,10,21,9,18,5,13,2],[16,8,24,12,20,4,10,22,9,21,1,6,19,11,15,3,23,2,7,5,18,13,17,14],[12,8,24,4,20,16,22,10,9,21,23,13,7,15,5,2,17,18,14,19,3,11,6,1],[4,20,8,24,12,16,10,22,9,21,7,15,23,18,13,11,19,6,3,5,1,17,2,14],[12,16,24,4,8,20,22,10,9,21,19,3,5,1,14,6,15,17,18,2,23,13,11,7],[20,12,8,16,24,4,10,22,21,9,6,2,14,13,3,15,23,7,5,17,1,18,11,19],[8,16,12,20,4,24,10,22,21,9,5,17,18,11,13,6,1,23,7,3,15,19,2,14],[16,20,24,8,12,4,22,10,9,21,7,14,17,15,18,5,1,3,13,23,6,19,11,2],[20,4,24,12,16,8,22,10,9,21,5,23,2,13,18,1,11,19,7,15,6,17,14,3],[24,4,8,16,12,20,10,22,9,21,13,6,11,17,18,23,19,15,5,7,14,2,3,1],[24,20,4,8,12,16,10,22,21,9,6,23,13,7,2,14,18,3,17,15,5,11,1,19],[12,8,4,16,20,24,22,10,21,9,3,13,7,15,14,6,18,1,19,23,17,11,2,5],[12,16,24,8,20,4,22,10,21,9,7,11,5,3,13,2,14,23,1,15,19,18,17,6],[20,8,16,24,12,4,10,22,9,21,18,2,6,14,7,19,5,13,3,11],[16,8,12,4,20,24,22,10,9,21,13,6,3,1,18,23,19,15,17,11,14,5,2,7],[8,12,16,20,4,24,22,10,21,9,14,5,6,13,2,23,15,18,17,3,11,19,7,1],[8,4,24,12,16,20,10,22,21,9,23,7,13,5,19,17,2,18,11,1,14,3,15,6],[4,20,24,16,12,8,22,10,21,9,5,3,13,17,18,14,2,6,15,1,19],[16,24,4,12,20,8,10,22,21,9,2,7,13,19,6,3,23,17,11,15,14,18,1,5],[8,20,12,16,24,4,10,22,9,21,17,5,18,2,7,11,6,23,1,13,14,15,19,3],[12,20,24,16,8,4,22,10,9,21,5,14,23,7,2,19,3,6,11,15,1,13,18,17],[12,4,24,16,20,8,10,22,9,21,5,13,23,3,7,14,19,18,11,6,2,15,17,1],[4,8,16,12,24,20,10,22,9,21,13,2,17,7,18,3,6,5,14,19,1,15,11],[24,8,20,12,16,4,10,22,9,21,13,7,18,6,3,2,19,5,1,14,23,11,15,17],[16,12,24,4,20,8,22,10,21,9,3,7,15,17,6,18,11,1,5,14,13,19,23,2],[4,12,16,8,20,24,22,10,9,21,6,3,23,2,1,19,5,18,7,11,17,15,14,13],[4,24,8,12,20,16,22,10,9,21,7,2,6,5,18,11,3,17,13,19,15,14,1,23],[8,24,20,12,16,4,22,10,9,21,6,3,18,7,2,1,14,5,11,23,17,19,15,13],[16,24,20,4,8,12,10,22,21,9,13,15,7,5,19,14,3,2,18,6,11,17,1],[4,8,20,16,12,24,22,10,9,21,19,3,5,13,23,1,15,2,7,18,17,11,6,14],[8,12,20,24,4,16,22,10,21,9,23,11,6,3,18,7,13,17,19,14,15,2,1,5],[12,20,8,24,16,4,10,22,21,9,7,5,3,1,23,2,13,6,19,15,14,18,17,11],[8,24,4,12,16,20,22,10,21,9,6,5,19,11,13,14,23,3,7,1,17,18,15,2],[12,24,4,16,20,8,10,22,21,9,5,1,13,18,19,15,6,14,23,11,2,17,7,3],[24,20,8,16,12,4,10,22,21,9,6,17,18,1,13,5,19,23,2,11,15,14,3,7],[4,24,20,16,8,12,22,10,9,21,5,14,19,6,17,18,15,1,13,3,7,2],[16,12,20,4,24,8,10,22,21,9,5,2,11,3,15,7,1,19,23,14,18,13,6,17],[12,4,16,24,20,8,22,10,9,21,1,6,11,2,7,13,5],[20,8,16,12,24,4,22,10,21,9,13,7,17,18,19,2,5,1,14,3,6],[12,20,24,4,8,16,22,10,9,21,5,18,11,6,2,17,3,13,23,7,15,19,1,14],[20,4,12,16,24,8,10,22,9,21,13,5,3,2,7,15,11,18,19],[12,8,20,4,24,16,10,22,21,9,2,5,3,18,1,23,17,7,14,6,19,13,11,15],[20,24,4,16,12,8,10,22,9,21,1,17,18,7,19,14,6,15,2,13,23,3,11,5],[4,8,24,16,12,20,22,10,21,9,19,5,11,23,1,13,17,3,18,14,2,7,6,15],[8,12,16,20,4,24,22,10,9,21,2,6,5,14,23,7,18,13,3,17,19,15,11,1],[20,4,12,8,16,24,10,22,9,21,23,7,6,3,18,11,14,17,2,13,15,5,19,1],[4,8,24,12,20,16,22,10,21,9,7,17,5,18,19,6,15,14,23,3,1,13,2,11],[16,12,4,24,8,20,10,22,9,21,5,6,3,14,18,19,23,11,7,2,1,13,17,15],[12,4,24,16,20,8,10,22,9,21,2,19,6,11,5],[4,20,16,8,24,12,10,22,21,9,13,6,5,1,15,3,7,18,19,14,11,23,17,2],[20,24,4,16,8,12,22,10,9,21,11,5],[16,20,8,24,12,4,22,10,9,21,3,6,18,1,7,5,2,15,11,19,23,14,13,17],[8,20,12,4,16,24,10,22,9,21,1,18,17,23,7,5,13,11,15,14,3,2,6,19],[8,20,16,12,24,4,22,10,9,21,7,19,5,11,14,18,23,3,2,1,6,17,15,13],[16,4,8,20,12,24,10,22,21,9,6,7,11,19,1,17,18,15,3,2,13,14],[8,12,24,4,16,20,10,22,21,9,19,17,6,7,18,3,11,15,23,5,14,2,1,13],[16,12,8,4,24,20,22,10,9,21,6,17,14,2,15,19,18,13,3,1,11],[16,20,8,12,24,4,22,10,9,21,5,3,7,1,15,13,19,14,18,17,23,2,11,6],[24,20,8,12,16,4,22,10,21,9,13,1,6,7,19,23,15,18,2,5,14,17,11,3],[20,12,24,16,8,4,22,10,9,21,18,6,14,3,1,5,23,13,17,19,11,2,15,7],[12,24,20,4,8,16,10,22,21,9,14,6,15,5,18,1,3,13,11,17,2,19,7],[4,12,16,20,24,8,22,10,9,21,23,3,11,15,6,7,17,18,1,14,13,2,19,5],[24,12,20,16,8,4,22,10,21,9,6,23,11,7,2,13,17,18,1,3,15,5,19,14],[16,20,12,8,24,4,22,10,21,9,7,5,3,14,23,18,17,11,6,19,15,2,13,1],[8,20,24,16,12,4,22,10,9,21,11,7,6,5,23,19,18,15,3,13,1,17,2,14],[24,12,4,16,8,20,22,10,21,9,2,7,6,17,18,3,14,11,5,1,23,19,15,13],[24,4,20,12,16,8,10,22,9,21,23,6,3,2,11,5,17,7,19,18,14,1,13,15],[16,24,4,12,8,20,22,10,9,21,5,13,15,3,2,6,11,23,14,18,7,19,1,17],[16,4,8,12,20,24,22,10,21,9,7,11,14,5,6,3,18,2],[4,12,24,8,16,20,10,22,9,21,17,19,18,6,11,13,23,3,7,2,5,14,15,1],[4,20,12,8,24,16,22,10,9,21,7,15,5,6,1,13,18,14,2,11,17,19,23,3],[4,12,24,8,20,16,22,10,9,21,13,6,19,7,23,3,1,17,18,11,5,2,14,15],[4,8,24,20,12,16,10,22,21,9,7,6,5,1,13,23,14,11,2,17,18,15,19,3],[12,16,8,20,24,4,10,22,9,21,5,18,6,3,17,14,11,23,1,13,2,19,15,7],[4,8,12,20,24,16,22,10,9,21,5,7,19,2,11,15,1,14,3,17,6,18],[8,12,16,20,24,4,22,10,21,9,5,23,7,1,6,13,15,3,19,11,2,18,14,17],[12,24,4,16,8,20,22,10,21,9,13,5,19,3,17,23,18,15,2,6,1,11,14,7],[4,8,20,24,12,16,10,22,9,21,3,7,13,23,14,17,19,18,11,2,6,5,1,15],[8,20,24,16,12,4,22,10,9,21,5,17,18,6,11,1,13,7,3,19,15,14,2],[8,20,4,16,12,24,22,10,21,9,11,1,6,17,18,3,7,19,5,2,14],[12,4,8,16,20,24,22,10,9,21,1,7,17,18,5,19,15,23,14,3,13,6,2,11],[24,20,8,4,16,12,10,22,9,21,6,19,1,3,15,11,5,13],[12,16,8,24,4,20,22,10,9,21,5,2,15,23,11,14,18,3,17,19,1,7,13,6],[16,20,24,4,12,8,10,22,21,9,15,18,5,2,23,14,3,19,13,6,11,1,7,17],[16,8,4,12,20,24,10,22,21,9,7,2,11,6,17,19,18,5,3,13,14,1],[4,20,24,12,8,16,10,22,21,9,13,5,3,2,7,11,17,6,23,19,18,14,1,15],[12,20,24,4,8,16,10,22,9,21,6,14,1,13,18,23,2,17,7,5,15,19,3,11],[8,4,20,24,16,12,10,22,21,9,5,14,3,1,15,23,13,18,6,17,19,2,7,11],[8,24,12,20,16,4,10,22,21,9,18,6,17,23,15,13,2,5,14,1,7,19,11,3],[20,24,8,12,4,16,10,22,21,9,6,2,5,13,14,15,17,18,23,7,3,11,19,1],[4,12,24,16,20,8,10,22,9,21,7,13,3,6,17,18,19,2,1,23,15,14,5,11],[20,24,16,8,4,12,22,10,21,9,11,3,6,5,1,15,2,17,19,13,18,23,7,14],[16,4,20,12,8,24,22,10,9,21,5,18,17,23,2,3,15,6,11,14,19,13,7,1],[20,4,12,16,8,24,22,10,9,21,2,5,7,19,17,3,18,6,13,15,23,1,14,11],[12,8,24,4,16,20,10,22,21,9,7,19,5,1,15,13,17,2,18,14],[20,24,16,4,8,12,10,22,21,9,6,11,13,17,3,2,18,7,23,5,14,19,1,15],[24,8,4,12,20,16,22,10,9,21,7,5,23,3,11,1,14,19,17,15,18,13,2,6],[16,12,20,24,8,4,10,22,21,9,7,6,17,18,3,2,13,14,15,23,1,11,5,19],[20,24,16,8,12,4,10,22,21,9,5,23,11,19,3,7,17,18,13,6,14,15,1,2],[24,20,8,4,16,12,22,10,9,21,6,13,15,3,18,19,7,1,17,14,11,5],[24,8,12,16,4,20,22,10,9,21,19,14,18,23,7,3,6,13,1,15,11,2,5,17],[12,24,20,8,16,4,10,22,21,9,11,2,6,19,1],[4,8,16,12,20,24,22,10,21,9,7,1,18,17,6,23,15,19,13,3,11,14,5,2],[24,20,8,12,16,4,22,10,21,9,1,7,5,23,3,13,18,19,15,2,14,11,6,17],[20,4,8,16,12,24,10,22,21,9,6,13,5,18,15,2,23,14,11,7,19,3,17,1],[4,8,24,12,20,16,22,10,9,21,1,2,5,15,14,23,19,17,18,13,6,3,11,7],[4,24,16,20,8,12,10,22,9,21,5,14,1,7,17,18,3,19,11],[12,4,8,16,20,24,10,22,9,21,6,3,15,13,18,2,14,19,1,5,7,11,23,17],[24,12,16,8,20,4,22,10,9,21,6,18,11,7,15,3,23,19,2,17,14,5,13,1],[20,24,8,4,12,16,10,22,9,21,6,1,18,3,19,14,23,17,2,7,11,5,15,13],[12,4,8,24,20,16,22,10,21,9,7,3,17,19,5,23,2,15,18,13,1,6,11,14],[12,4,24,20,16,8,10,22,21,9,19,3,7,11,5,18,6,23,1,14,13,17,2,15],[20,12,8,16,4,24,22,10,9,21,7,5,19,23,3,1,11,14,17,6,13,18,2,15],[20,12,16,4,24,8,22,10,21,9,17,18,7,5,6,1,23,2,14,19,13,11,3,15],[12,16,4,24,20,8,10,22,21,9,3,6,19,14,5,1,23,15,18,13,2,17,11,7],[8,16,24,4,20,12,22,10,21,9,6,15,1,19,23,14,17,13,11,18,5,2,7,3],[4,12,24,8,20,16,22,10,9,21,6,3,18,5,11,2,15,13,17,7,23,14,1,19],[24,16,12,20,4,8,22,10,21,9,5,15,19,2,23,13,14,17,18,11,6,7,1,3],[4,16,12,20,24,8,22,10,9,21,6,3,15,18,2,13,7,11,19,5,17,23,1,14],[8,12,16,24,4,20,10,22,21,9,7,19,5,2,23,3,11,15,18,1,17,6,13,14],[4,20,8,16,12,24,22,10,21,9,5,11,1,19,15,17,18,23,2,13,7,14,3,6],[16,24,8,20,4,12,22,10,9,21,5,17,13,18,1,19,7,15],[24,12,4,8,20,16,10,22,9,21,14,13,6,3,5,1,2,11,17,18,7],[16,4,24,20,12,8,22,10,21,9,11,5,6,2,19,13,23,18,3,14,7,17,15,1],[12,8,16,20,4,24,22,10,21,9,15,5,18,13,1,6,7,2,14,19,11],[4,12,20,16,8,24,10,22,21,9,7,5,19,18,14,13,1,17,23,6,3,2,11,15],[12,24,4,8,16,20,22,10,21,9,6,11,18,15,1,17,23,3,7,5,14,2,19,13],[24,20,12,16,4,8,10,22,21,9,7,6,11,14,3,13,5,18,1],[8,20,12,16,4,24,10,22,21,9,17,18,6,5,2,13,11,7,15,3,23,19,1,14],[12,24,4,16,20,8,10,22,9,21,7,14,2,17,11,18,19,6,3,13],[24,16,20,4,12,8,10,22,21,9,6,2,14,17,19,18,7,11,23,5,15,1,3,13],[16,8,4,24,20,12,22,10,21,9,6,1,7,13,23,5,15,17,11,19,2,18,3,14],[24,20,16,4,12,8,22,10,9,21,5,1,15,6,3,7,18,11,13,14],[24,20,4,16,8,12,10,22,9,21,6,7,19,15,11,3,5,1,14,23,13,18,17,2],[24,16,8,4,20,12,22,10,21,9,5,14,2,19,11,18,13,17,15,1,6,7],[20,12,8,24,4,16,22,10,9,21,17,19,7,18,6,11,3,2,13,14,5,1],[12,4,20,24,8,16,10,22,21,9,7,2,13,3,1,19,5,14,6,15,18,11,17],[16,12,8,24,20,4,22,10,9,21,6,11,17,7,19,18,23,13,2,5,14,3,1,15],[8,24,12,20,16,4,10,22,21,9,3,11,7,2,18,5,1],[24,20,12,8,16,4,22,10,9,21,11,7,15,3,5,23,14,2,18,13,6,19,1,17],[20,12,4,8,16,24,10,22,21,9,6,5,13,7,3,15,2,19,11,17,18,23,14,1],[8,24,12,4,20,16,22,10,9,21,6,15,11,17,18,3,2,23,5,13,14,1,7,19],[8,12,4,16,20,24,10,22,9,21,11,5,17,18,15,7,1,19,2,13],[8,20,16,12,4,24,22,10,9,21,18,5,14,17,11,13,7,3,23,15,19,1,6,2],[20,16,8,24,12,4,10,22,9,21,7,6,23,17,18,19,13,3,14,5,2,1,15,11],[4,12,20,24,8,16,22,10,21,9,6,2,5,7,15,17,18],[8,20,12,24,16,4,10,22,9,21,5,17,18,13,6,23,14,2,1,7,3,15,19,11],[20,24,4,8,12,16,10,22,9,21,3,15,6,18,23,14,13,17,7,11,19,5,1,2],[8,4,12,24,16,20,10,22,9,21,7,1,6,19,3,15,5,2,23,17,18,11,14,13],[8,20,4,12,16,24,22,10,21,9,14,6,1,23,2,18,7,11,13,17,5,19,15,3],[4,20,24,12,8,16,10,22,21,9,5,19,15,2,13,23,18,6,1,7,3,11,14,17],[20,24,8,12,4,16,10,22,21,9,6,13,14,18,3,23,1,17,19,2,5,11,7,15],[8,4,24,12,20,16,22,10,9,21,13,5,19,23,11,2,6,14,15,17,7,18,3,1],[24,12,16,8,4,20,10,22,21,9,5,7,3,11,13,23,14,17,18,1,19,6,2,15],[20,4,16,12,24,8,10,22,21,9,7,17,15,19,18,3,6,1,2,23,11,5,14,13],[24,4,12,20,8,16,22,10,9,21,11,5,3,23,13,1,15,7,2,18,14,19,6,17],[8,24,20,12,16,4,22,10,21,9,7,18,5,15,1,3,6,13,23,2,14,19,17,11],[20,4,24,12,16,8,22,10,9,21,7,14,2,6,15,23,5,13,19,11,1,17,18,3],[20,16,24,4,12,8,22,10,9,21,6,18,14,23,1,2,15,5,19,17,13,7,3,11],[12,4,16,8,20,24,22,10,21,9,7,1,5,11],[20,24,8,4,12,16,10,22,21,9,7,5,2,14,17,13,18,19,1,3,6,11,15],[20,16,24,12,4,8,22,10,21,9,6],[24,12,8,16,20,4,22,10,21,9,5,1,17,19,6,11,23,18,14,13,7,3,2,15],[8,24,20,12,4,16,10,22,21,9,7,5,17,18,2,19],[20,16,4,8,24,12,10,22,9,21,7,14,1,19,11,5,15,17,18,3,23,2,6,13],[20,12,4,24,8,16,22,10,21,9,5,13,15,3,2,17,18,14,23,6,11,7,1,19],[12,20,8,16,24,4,10,22,9,21,5,23,7,13,15,17,6,18,19,14,1,11,3,2],[24,20,12,4,16,8,10,22,21,9,5,2,13,18,6,15,19,3,1,23,7,11,14,17],[20,12,4,24,8,16,22,10,9,21,18,23,17,15,1,2,5,7,3,14,13,19,6,11],[20,4,8,24,16,12,22,10,21,9,5,7,13,14,23,15,19,2,1,18,11,3,17,6],[16,4,8,24,12,20,10,22,9,21,17,1,5,18,13,23,19,11,3,14,6,2,15,7],[24,20,4,8,16,12,22,10,9,21,5,18,1,13,14,7,17,15,23,6,19,2,3,11],[24,12,4,8,20,16,22,10,9,21,6,7,11,19,3,15],[12,24,8,16,4,20,10,22,21,9,7,11,14,6,18,2],[4,12,16,24,8,20,10,22,21,9,6,1,3,19,18,13,7,5,15,11,2,17,23,14],[16,24,12,8,4,20,22,10,21,9,5,15,19,6,14,1],[20,4,12,16,8,24,22,10,9,21,19,6,15,7,23,3,17,2,18,14,5,11,1,13],[16,8,20,4,12,24,22,10,21,9,7,19,6,1,23,14,17,11,13,3,18,15,5,2],[4,24,20,16,12,8,22,10,21,9,7,13,11,6,23,5,1,17,15,18,2,14,19,3],[16,12,24,4,20,8,10,22,21,9,7,3,2,14,18,5,15,1,23,13,11,6,17,19],[8,24,16,12,4,20,22,10,9,21,6,2,15,17,11,5,18,3,7,14,13],[12,20,24,4,8,16,22,10,9,21,6,23,7,18,13,11,17,14,19,15,2,5,1,3],[4,24,8,12,20,16,10,22,21,9,6,2,14,11,18,13,1,15],[8,24,20,16,4,12,22,10,21,9,1,7,13,6,14,17,18,11,19,3,2],[16,20,8,12,24,4,22,10,9,21,19,5,15,3,2,18,14,1,13,11,7,6],[16,12,8,20,4,24,22,10,9,21,6,19,7,14,2,17,18,23,3,5,11,1,13,15],[8,12,20,16,24,4,10,22,9,21,6,11,19,1,5,17,18,15,3],[4,12,24,16,8,20,10,22,21,9,6,5,19,2,1,7,17,18,14,11,15,3,23,13],[8,20,24,4,12,16,10,22,21,9,6,5,15,17,1,19,18,7,14,13,2,11],[16,4,12,20,24,8,10,22,21,9,7,14,17,18,2,6,15,1,19,23,3,11,13,5],[8,16,24,12,20,4,22,10,21,9,2,5,17,18,6,23,1,15,7,11,3,19,13,14],[12,24,16,8,4,20,10,22,21,9,11,7,5,1,18,17,6],[16,4,20,24,12,8,22,10,9,21,7,2,1,17,6,18,23,3,5,19,14,11,15,13],[12,16,8,24,20,4,10,22,9,21,11,6,7,3,23,17,19,13,1,18,5,15,14,2],[8,24,16,20,12,4,10,22,21,9,6,1,23,2,13,5,3,19,17,14,18,15,11,7],[4,24,20,12,8,16,10,22,21,9,5,3,17,19,18,11,14,7,23,2,15,1,13,6],[20,8,24,4,12,16,10,22,21,9,3,6,7,14,13,17,2,18,23,19,11,1,5,15],[4,20,24,8,16,12,22,10,9,21,6,23,18,14,19,15,1,5,13,11,7,2,3,17],[24,20,16,12,8,4,22,10,21,9,7,5,15,3,17,13,23,14,1,6,18,11,2,19],[12,20,8,16,4,24,10,22,21,9,19,2,5,1,15,11,17,18,14,7,13,23,3,6],[8,20,4,12,16,24,10,22,21,9,7,18,11,6,19,2,17,5,23,3,15,14,1,13],[4,8,12,24,20,16,10,22,9,21,13,5,11,14,1,2,3,7,19],[24,4,16,20,12,8,22,10,9,21,5,3,2,17,7,18,15,23,13,6,19,14,1,11],[8,16,4,12,24,20,10,22,9,21,11,2,19,14,5,1,23,6,13,18,15,3,17,7],[24,4,8,20,16,12,10,22,21,9,15,3,13,7,5,2,18,23,19,17,6,11,1,14],[8,24,16,4,12,20,22,10,9,21,2,6,23,14,3,13,15,5,19,1,7,17,18,11],[16,12,8,24,4,20,10,22,9,21,7,23,19,2,15,18,5,17,1,14,6,13,3,11],[12,4,20,8,24,16,10,22,21,9,5,19,15,11,1,6,18,2,3,7,23,14,13,17],[4,20,16,12,24,8,22,10,21,9,1,6,5,11,14,18,23,13,3,7,15,19,2,17],[20,4,24,8,12,16,10,22,9,21,7,6,14,1,2,17,13,23,19,18,15,11,3,5],[4,24,16,8,20,12,10,22,9,21,2,7,11,6,1],[12,8,16,20,4,24,10,22,21,9,6,7,13,1,14,23,18,2,5,11,15,19,3,17],[4,24,8,16,20,12,22,10,9,21,6,19,13,18,14,2,3,15,17,5,23,7,1,11],[4,20,16,8,24,12,22,10,9,21,5,7,11,13,18,3,19,1,14,2,23,17,6,15],[16,24,4,12,20,8,22,10,21,9,1,2,7,6,19,23,11,3,14,13,15,5,17,18],[20,4,16,12,8,24,22,10,21,9,7,3,11,6,5,2,14,17,18],[20,8,16,12,24,4,22,10,21,9,7,3,1,11,18,14,15,5,2,23,6,17,19,13],[12,24,8,16,4,20,10,22,9,21,6,15,18,23,3,2,17,14,7,11,19,1,13,5],[12,24,20,16,8,4,22,10,9,21,7,11,6,1,17,5,18],[4,24,8,12,20,16,22,10,21,9,6,23,2,19,11,14,3,7,5,15,17,18,13,1],[12,24,4,16,20,8,10,22,21,9,5,1,3,17,19,18,6,23,15,2,14,13,11,7],[4,24,8,16,20,12,22,10,21,9,19,3,7,13,2,5,1,18,23,15,14,17,11,6],[8,20,12,16,4,24,22,10,21,9,5,14,2,15,19,1,11,7,23,13,17,18,6,3],[16,4,24,20,12,8,10,22,21,9,23,5,7,3,2,19,18,1,17,13,14,15,6,11],[16,24,20,8,12,4,22,10,21,9,6,3,13,5,19,18,7,11,2,23,17,1,14,15],[12,4,20,16,8,24,22,10,9,21,6,3,5,7,1,11,15,14,13,23,18,17,19,2],[8,12,24,20,16,4,10,22,21,9,7,17,18,15,3,1,23,5,13,11,6,14,19,2],[4,20,12,8,24,16,10,22,21,9,7,2,17,6,18,19,3,13,15,23,5,1,11,14],[20,16,24,8,12,4,22,10,21,9,6,23,18,1,15,5,2,19,14,13,3,11,17,7],[24,20,8,12,4,16,22,10,9,21,7,3,17,18,19,11,5,23,1,15,6,2,13,14],[4,16,12,24,20,8,10,22,21,9,6,2,19,15,23,3,13,14,11,17,18,5,1,7],[20,4,16,8,12,24,10,22,9,21,5,23,14,6,18,15,19,2,17,13,1,7,11,3],[16,4,24,12,8,20,10,22,21,9,2,14,11,7,3,6,17,18,13,1],[12,20,16,4,24,8,22,10,21,9,7,5,6,3,1,15,11,18],[20,16,4,24,12,8,22,10,21,9,7,23,14,13,6,3,15,17,11,18,5,2,1,19],[4,12,8,16,24,20,10,22,21,9,2,7,13,18,1,3,19,5,11,17],[16,20,4,12,24,8,10,22,9,21,5,17,15,18,1,19,2,11,23,6,13,14,3,7],[12,20,16,8,4,24,10,22,9,21,1,6,3,13,17,19,18,5,2,7,14,11,15,23],[4,20,24,16,8,12,10,22,21,9,6,2,19,7,23,18,5,1,13,15,17,11,14,3],[20,4,24,12,16,8,22,10,9,21,5,15,19,18,2,14,23,1,6,7,3,13,11,17],[4,24,8,20,12,16,22,10,9,21,5,7,2,15,19,23,1,18,11,17,14,13,6,3],[16,20,8,24,4,12,22,10,9,21,11,5,18,13,14,17,1,23,2,19,6,3,15,7],[4,20,12,24,16,8,22,10,9,21,7,23,18,6,13,3,1,5,11,15,17,2,19,14],[24,4,8,20,16,12,22,10,21,9,18,6,3,5,17,1,23,19,15,13,2,11,1