{"problem_id":"lEKdcs2hGgTa1g5","sigma":75,"alpha":1.000,"cost":0,"probabilities":"[0.28, 0.09, 0.42, 0.21]","payoff_matrix":"[[18, -83, 162, 7, 74, -46], [17, -12, -60, -86, 33, 13], [-25, 5, -91, 32, 12, -3], [48, -18, -7, 90, -37, 116]]","uncovered":[[11,3,19,15,23,7,17,13,16,20,8,5,21,1],[7,23,11,19,3,15,13,17,20,16,5,21,1],[7,15,23,11,3,19,13,17,16,20,21,5,2,10,1],[7,3,23,15,19,11,13,17,20,16,5,21,1],[11,7,23,3,19,15,13,17,20,16,5,21,2,1],[15,3,23,19,11,7,17,13,16,20,5,24,21,8,2,1],[19,7,3,11,15,23,17,13,20,16,5,21,1],[23,3,15,11,7,19,13,17,16,20,5,21,1],[19,23,15,7,3,11,17,13,20,16,5,21,1],[23,11,7,3,19,15,13,17,16,20,5,21,12,1],[7,3,23,19,11,15,17,13,16,20,5,21,9,1,12],[11,15,3,23,7,19,17,13,20,16,5,21,6,1],[23,3,11,15,19,7,17,13,16,20,5,21,8,4,1],[23,15,19,7,11,3,17,13,16,20,5,24,21,1],[3,23,11,15,7,19,13,17,16,20,5,21,10,9,1],[23,11,15,3,19,7,13,17,20,16,5,21,1],[23,7,15,11,19,3,13,17,16,20,5,2,21,8,24,6,1],[23,3,15,11,7,19,13,17,20,16,5,24,21,2,1],[7,15,19,23,3,11,13,17,16,20,5,21,1],[15,19,3,23,7,11,17,13,20,16,5,4,1,21],[23,19,11,3,7,15,17,13,16,20,5,21,2,1],[11,23,19,7,3,15,17,13,16,20,5,21,12,2,6,18,1],[23,7,3,15,11,19,13,17,20,16,5,21,10,8,1],[19,23,11,3,15,7,13,17,16,20,5,21,1],[11,7,3,15,23,19,13,17,20,16,5,21,10,1],[19,7,11,3,23,15,17,13,20,16,5,21,1],[15,3,11,23,7,19,13,17,16,20,5,21,12,1],[23,15,11,7,3,19,17,13,16,20,12,1,5,10,21],[15,19,7,3,11,23,17,13,20,16,5,21,2,22,24,1],[11,19,7,23,3,15,17,13,20,16,5,21,8,1],[7,11,23,19,15,3,17,13,20,16,21,5,14,4,1],[19,15,23,11,7,3,13,17,16,20,5,21,18,12,4,1],[11,3,23,19,7,15,17,13,16,20,5,21,1],[23,11,7,15,3,19,13,17,16,20,5,21,4,1],[3,7,15,23,19,11,13,17,16,20,5,21,1],[3,15,7,23,11,19,13,17,16,20,21,5,18,12,10,14,1],[7,11,23,3,19,15,13,17,16,20,5,21,1],[11,7,3,19,15,23,13,17,20,16,21,5,1],[19,7,11,23,15,3,13,17,20,16,8,21,5,14,1,4],[3,11,23,7,19,15,13,17,16,20,5,21,6,2,1],[11,7,19,23,3,15,13,17,16,20,21,5,1],[7,15,3,11,23,19,13,17,20,16,5,21,12,4,1],[3,7,11,15,19,23,17,13,20,16,5,21,4,1],[15,23,19,11,3,7,17,13,16,20,5,21,1],[7,3,15,23,11,19,13,17,20,16,5,21,9,1,12],[15,19,7,11,3,23,13,17,16,20,5,2,21,18,1],[3,23,19,15,11,7,13,17,16,20,5,1,21],[15,11,3,7,19,23,17,13,16,20,5,21,14,1,18],[15,3,23,11,7,19,13,17,16,20,5,21,10,1],[7,23,19,11,15,3,13,17,16,20,21,5,1],[15,19,7,23,11,3,13,17,16,20,5,21,2,4,1],[15,3,11,7,19,23,17,13,16,20,5,21,10,1],[11,23,15,7,3,19,13,17,16,20,5,21,10,1],[11,19,15,7,23,3,13,17,20,16,5,21,14,1,18],[15,7,11,23,3,19,17,13,20,16,5,1,21],[3,11,15,23,19,7,17,13,20,16,5,21,1],[23,11,3,19,15,7,17,13,16,20,5,21,4,12,1],[3,23,15,19,7,11,13,17,16,20,5,21,1],[7,3,23,11,15,19,13,17,16,20,5,21,18,1],[19,11,15,23,7,3,13,17,16,20,5,21,22,2,18,4,1],[11,3,15,23,7,19,17,13,20,16,21,5,1],[15,11,23,19,7,3,13,17,20,16,5,21,4,1],[23,19,11,3,15,7,17,13,20,16,5,21,1],[19,15,23,3,7,11,13,17,16,20,5,21,6,12,1],[7,3,11,23,15,19,13,17,16,20,5,21,18,6,14,1],[3,23,11,19,7,15,13,17,20,16,5,21,2,1],[23,7,11,3,19,15,13,17,16,20,5,21,1],[15,7,19,23,3,11,13,17,16,20,5,21,22,1],[19,11,7,3,15,23,13,17,16,20,5,21,22,1],[3,7,23,19,15,11,17,13,16,20,5,21,1],[23,11,15,3,19,7,13,17,20,16,5,21,4,1],[15,23,7,19,3,11,13,17,20,16,5,24,21,14,2,1,18],[11,7,3,23,19,15,17,13,16,20,5,21,10,6,4,1],[7,11,15,3,19,23,17,13,16,20,5,4,22,21,1],[3,23,15,7,11,19,17,13,16,20,5,24,21,1],[3,11,19,15,7,23,17,13,16,20,5,21,1],[11,7,19,3,15,23,17,13,20,16,5,21,1],[7,11,19,23,3,15,13,17,16,20,5,24,21,6,12,14,1,18],[7,3,11,19,23,15,17,13,16,20,5,21,2,1],[15,19,23,7,3,11,17,13,16,20,5,21,1],[11,19,23,3,7,15,17,13,20,16,5,21,1],[19,23,3,7,11,15,13,17,20,16,5,21,1],[23,15,11,3,19,7,17,13,20,16,21,5,8,1],[3,7,15,19,11,23,13,17,16,20,5,21,24,22,6,1],[19,11,23,15,7,3,13,17,20,16,5,21,4,1],[15,23,11,3,19,7,17,13,20,16,5,21,1],[7,15,23,11,19,3,17,13,16,20,5,24,21,2,1],[15,3,23,7,11,19,13,17,16,20,5,21,1],[11,3,7,23,15,19,13,17,20,16,8,21,5,4,1],[11,23,7,19,3,15,17,13,16,20,5,21,1],[11,15,19,7,23,3,13,17,16,20,21,5,1],[15,7,11,3,19,23,17,13,20,16,5,21,8,24,4,1],[3,7,15,11,19,23,17,13,16,20,5,24,21,1],[3,11,15,19,7,23,13,17,16,20,5,21,4,12,1],[11,7,19,23,3,15,17,13,16,20,21,6,5,1],[23,15,19,7,3,11,13,17,20,16,5,21,1],[19,7,3,11,23,15,13,17,16,20,5,21,24,1],[3,7,11,23,15,19,13,17,20,16,21,5,1],[7,3,15,23,11,19,17,13,16,20,5,2,21,1],[7,23,11,3,15,19,13,17,16,20,5,21,1],[19,23,3,7,15,11,17,13,16,20,21,5,1],[19,7,11,15,23,3,17,13,20,16,5,21,9,2,12,10,14,1],[15,23,19,3,7,11,17,13,16,20,5,21,4,1],[3,11,15,23,7,19,13,17,20,16,5,24,21,9,12,18,14,4,1],[23,7,19,15,3,11,17,13,16,20,5,21,22,4,6,1],[3,23,19,11,7,15,17,13,20,16,21,5,2,14,1,18],[19,3,7,11,15,23,17,13,20,16,5,21,1],[7,23,3,15,19,11,17,13,20,16,5,21,1],[7,3,11,23,15,19,13,17,16,20,5,21,1],[3,15,11,7,23,19,13,17,20,16,5,21,4,1],[11,7,23,19,15,3,13,17,16,20,5,21,1],[23,11,7,19,3,15,17,13,20,16,5,21,1],[19,7,15,23,3,11,17,13,20,16,5,21,2,1],[23,3,7,15,19,11,17,13,20,16,5,21,1],[23,7,19,11,15,3,13,17,20,16,5,21,1],[15,19,7,11,23,3,17,13,20,16,5,21,1],[11,7,15,23,19,3,13,17,16,20,5,18,24,21,10,4,1],[3,19,23,7,11,15,13,17,16,20,5,21,1],[23,19,15,11,7,3,17,13,20,16,24,21,5,9,12,4,1],[3,7,11,23,15,19,17,13,16,20,5,21,4,1],[3,11,19,23,15,7,13,17,16,20,5,21,1],[3,7,23,15,19,11,13,17,16,20,5,21,14,1,18],[7,19,11,15,3,23,17,13,20,16,5,21,10,1],[3,7,19,23,15,11,17,13,20,16,5,21,12,4,1],[11,23,15,19,3,7,17,13,20,16,5,21,8,1],[3,7,19,11,15,23,13,17,16,20,5,2,21,1],[11,19,7,23,3,15,17,13,16,20,5,21,4,1],[19,15,23,7,3,11,13,17,16,20,5,21,9,4,1,12],[15,19,11,3,7,23,17,13,16,20,21,5,9,12,18,22,1],[11,19,23,7,15,3,13,17,16,20,5,21,9,12,1],[15,11,23,19,7,3,17,13,16,20,21,5,1],[23,7,15,11,19,3,13,17,16,20,6,5,21,1],[11,23,19,7,3,15,17,13,20,16,5,21,4,1],[23,11,3,15,7,19,13,17,16,20,5,21,24,6,1],[19,23,3,11,15,7,13,17,20,16,21,5,1],[23,19,11,7,3,15,13,17,16,20,21,5,4,1],[3,23,15,19,7,11,13,17,16,20,5,21,1],[3,15,7,11,19,23,13,17,20,16,5,21,1],[7,19,15,3,23,11,13,17,20,16,5,21,10,12,4,1],[3,11,15,23,19,7,17,13,20,16,5,21,8,1],[11,3,15,19,23,7,13,17,20,16,5,21,8,1],[19,11,15,7,23,3,17,13,20,16,5,21,9,22,2,12,24,1],[11,23,7,3,19,15,13,17,16,20,5,21,14,1,10,18],[23,15,19,7,11,3,17,13,20,16,5,21,1],[7,15,19,3,11,23,13,17,16,20,5,21,1],[11,7,19,23,3,15,17,13,16,20,5,24,21,8,2,10,4,1],[3,19,11,7,15,23,13,17,20,16,5,21,4,1],[19,3,7,15,11,23,17,13,20,16,5,21,1],[15,3,11,19,23,7,17,13,20,16,5,1,21],[7,3,15,19,23,11,17,13,16,20,5,21,2,1],[11,7,19,3,15,23,13,17,20,16,5,1,21],[23,15,11,7,19,3,13,17,20,16,5,21,6,1],[23,15,19,7,3,11,13,17,20,16,5,22,24,21,10,4,12,1],[7,19,23,3,11,15,13,17,16,20,21,5,2,1],[23,19,7,3,11,15,13,17,20,16,5,21,1],[7,19,11,23,15,3,13,17,20,16,5,21,1],[15,19,23,7,11,3,13,17,16,20,5,24,21,12,1],[3,19,7,15,23,11,13,17,16,20,5,21,18,1],[23,19,15,11,7,3,17,13,16,20,5,21,14,2,1,18],[7,23,3,11,15,19,17,13,16,20,5,21,14,18,1],[3,19,11,23,7,15,13,17,16,20,5,21,4,1],[23,3,11,15,7,19,13,17,16,20,5,24,21,12,18,1],[15,7,11,3,23,19,17,13,20,16,5,21,22,1],[3,19,23,11,15,7,13,17,16,20,5,21,2,1],[11,23,15,19,7,3,17,13,20,16,5,21,4,1],[11,7,23,15,19,3,13,17,20,16,5,21,4,1],[3,19,11,15,7,23,13,17,16,20,5,21,2,8,24,1],[19,7,15,11,23,3,17,13,20,16,5,21,24,1],[15,3,19,11,23,7,17,13,16,20,5,21,1],[11,19,23,15,3,7,13,17,20,16,5,21,4,24,1],[19,7,3,11,15,23,13,17,20,16,5,22,21,1],[23,3,19,15,11,7,17,13,16,20,5,4,21,1],[23,3,19,15,7,11,17,13,16,20,5,21,18,1],[11,15,3,19,7,23,13,17,20,16,21,5,9,1,12],[11,7,3,15,23,19,13,17,20,16,5,21,1],[7,11,3,23,15,19,13,17,16,20,5,21,1],[19,3,23,15,11,7,17,13,20,16,5,21,1],[7,11,15,23,3,19,17,13,16,20,21,5,2,1],[15,3,23,11,7,19,13,17,16,20,5,24,21,2,1],[23,3,15,7,11,19,17,13,20,16,5,21,14,18,1],[11,23,15,7,19,3,17,13,16,20,5,21,6,1],[23,11,15,19,3,7,17,13,16,20,5,21,14,1,18],[23,7,3,11,15,19,13,17,20,16,5,21,4,1],[7,23,15,11,3,19,13,17,20,16,5,21,2,1],[15,19,3,23,7,11,13,17,16,20,5,21,1],[15,23,3,11,19,7,13,17,16,20,5,21,2,1],[15,23,19,3,11,7,13,17,16,20,5,21,9,12,1],[23,7,19,15,3,11,17,13,20,16,5,21,4,1],[7,19,23,15,3,11,17,13,20,16,5,21,1],[23,7,11,3,15,19,13,17,16,20,5,21,24,1],[11,7,23,15,3,19,17,13,20,16,5,21,2,1],[3,15,19,11,7,23,13,17,20,16,5,1,21],[23,19,3,15,11,7,17,13,16,20,5,21,1],[11,3,15,23,7,19,13,17,16,20,5,21,4,1],[23,15,7,19,11,3,17,13,20,16,21,5,1],[15,3,23,11,19,7,17,13,20,16,5,21,10,1],[19,15,11,7,23,3,17,13,20,16,5,21,24,22,1],[11,7,23,3,15,19,13,17,16,20,8,21,10,5,4,1],[19,11,23,3,15,7,13,17,16,20,5,21,22,18,6,2,10,9,24,4,1],[7,19,23,3,15,11,17,13,20,16,5,2,21,18,12,22,1],[11,3,19,15,7,23,13,17,16,20,5,21,1],[15,23,3,19,11,7,17,13,20,16,5,21,22,10,1],[7,11,15,3,19,23,13,17,16,20,5,21,14,1,18],[15,11,19,7,3,23,13,17,16,20,5,21,24,1],[7,3,11,19,23,15,13,17,20,16,5,21,1],[11,7,19,3,15,23,13,17,20,16,5,21,12,2,1],[15,3,19,7,11,23,17,13,16,20,5,22,21,18,6,1],[15,19,23,3,11,7,17,13,16,20,5,21,1],[23,15,19,7,3,11,13,17,16,20,21,5,2,12,1],[19,7,15,23,11,3,13,17,20,16,5,21,12,22,10,4,2,1],[7,3,15,23,11,19,13,17,20,16,8,21,1,5],[11,7,19,3,15,23,13,17,16,20,5,21,10,12,1],[23,3,11,19,7,15,17,13,20,16,21,5,12,4,1],[7,3,23,11,15,19,13,17,16,20,5,21,2,1],[3,23,7,15,19,11,17,13,20,16,5,21,4,1],[7,3,23,11,19,15,13,17,16,20,5,21,2,1],[11,19,23,3,15,7,17,13,20,16,5,21,1],[3,19,23,7,15,11,17,13,16,20,5,12,21,1],[11,3,15,7,19,23,17,13,20,16,5,1,21],[19,7,23,15,11,3,13,17,16,20,5,21,2,1],[19,15,7,11,3,23,17,13,16,20,5,21,1],[11,19,15,3,23,7,17,13,16,20,5,21,14,1,18],[23,7,15,3,19,11,13,17,20,16,21,5,4,1],[15,23,19,7,3,11,17,13,20,16,5,21,14,2,1,18],[3,23,19,15,11,7,17,13,16,20,5,21,2,4,1],[7,3,19,15,23,11,13,17,16,20,5,21,1],[15,11,7,23,19,3,13,17,20,16,21,5,6,1],[11,7,23,3,15,19,17,13,16,20,5,21,24,10,1],[15,19,11,3,7,23,13,17,20,16,5,21,1],[23,3,7,15,11,19,13,17,16,20,5,21,10,1],[11,23,15,19,3,7,17,13,16,20,8,6,21,5,2,1],[19,23,15,3,7,11,13,17,20,16,5,21,1],[3,19,23,11,7,15,13,17,20,16,5,21,1],[3,15,11,19,23,7,17,13,16,20,5,21,9,1,12],[7,19,11,15,23,3,17,13,20,16,5,21,1],[7,19,3,23,15,11,13,17,20,16,5,21,18,1],[23,11,7,3,19,15,17,13,16,20,5,21,10,24,1],[3,11,19,23,15,7,13,17,16,20,5,21,1],[11,23,19,7,3,15,17,13,20,16,5,21,1],[15,23,19,3,11,7,13,17,16,20,5,1,21],[19,11,7,23,15,3,13,17,16,20,5,21,14,1,18],[7,15,3,19,23,11,17,13,16,20,5,21,1],[3,15,7,23,11,19,17,13,20,16,5,21,1],[3,15,7,23,19,11,13,17,16,20,21,5,6,14,1,18],[3,19,15,11,7,23,17,13,16,20,5,21,18,12,4,1],[7,15,11,19,23,3,17,13,16,20,5,21,14,1,18],[19,23,11,3,7,15,17,13,20,16,5,21,2,1],[11,15,23,19,7,3,17,13,20,16,5,21,24,2,22,4,1],[19,11,15,3,23,7,13,17,20,16,5,21,14,1,18],[15,23,19,7,3,11,17,13,20,16,5,21,4,1],[7,15,3,11,23,19,17,13,20,16,5,21,2,1],[3,7,15,19,11,23,17,13,16,20,5,21,12,4,1],[11,3,7,15,19,23,17,13,20,16,5,24,21,22,1],[15,7,3,11,23,19,17,13,16,20,5,24,21,1],[7,19,23,11,15,3,17,13,20,16,5,21,9,12,1],[19,15,11,23,3,7,17,13,20,16,5,21,4,1],[7,3,15,19,23,11,13,17,16,20,5,21,1],[7,3,15,19,23,11,17,13,16,20,5,6,2,21,8,1],[15,3,23,11,19,7,17,13,20,16,21,5,10,1],[11,3,19,7,23,15,17,13,20,16,5,21,8,4,1],[23,19,15,11,7,3,17,13,16,20,5,24,21,1],[15,3,19,11,7,23,13,17,16,20,5,21,9,1,12],[11,19,7,23,3,15,17,13,16,20,5,21,1],[15,7,19,11,3,23,13,17,16,20,5,21,1],[3,11,19,15,7,23,13,17,16,20,5,21,1],[7,11,23,19,3,15,13,17,20,16,5,21,4,1],[11,7,19,15,23,3,17,13,16,20,5,21,2,4,1],[15,3,11,7,19,23,17,13,16,20,5,21,2,1],[23,15,7,19,11,3,13,17,20,16,5,21,1],[11,23,3,15,19,7,13,17,16,20,5,21,1],[11,3,19,7,15,23,13,17,16,20,5,21,1],[7,15,11,23,19,3,13,17,20,16,5,21,24,4,1],[23,11,7,15,3,19,17,13,20,16,21,5,1],[3,7,11,19,15,23,13,17,20,16,5,21,1],[15,7,3,23,19,11,13,17,16,20,5,21,1],[11,15,19,3,7,23,13,17,16,20,5,21,14,2,1,18],[3,11,7,19,23,15,13,17,16,20,5,21,1],[23,11,7,15,3,19,17,13,16,20,5,21,9,12,2,1],[23,15,11,19,3,7,13,17,16,20,5,21,1],[19,7,3,11,23,15,13,17,20,16,5,21,1],[7,19,15,23,11,3,13,17,16,20,5,21,1],[23,15,19,11,3,7,13,17,20,16,8,24,21,5,22,2,1],[7,3,19,23,15,11,13,17,20,16,5,21,4,1],[15,19,3,7,23,11,13,17,16,20,5,21,10,1],[7,11,23,19,15,3,17,13,16,20,5,21,2,24,1],[19,3,7,15,23,11,13,17,16,20,8,21,5,1],[23,11,15,19,3,7,13,17,16,20,5,21,1],[23,3,15,11,19,7,17,13,16,20,5,21,8,1],[11,23,3,19,15,7,17,13,16,20,5,21,10,4,1],[15,23,3,19,11,7,13,17,16,20,5,21,1],[15,11,3,19,7,23,13,17,20,16,5,21,4,22,1],[15,19,3,23,11,7,17,13,16,20,5,21,2,1],[3,23,15,11,19,7,17,13,20,16,5,21,4,1],[23,11,15,3,19,7,13,17,20,16,5,21,2,1],[3,15,19,7,23,11,13,17,20,16,5,1,21],[23,11,19,7,15,3,13,17,20,16,5,9,12,21,1],[23,7,19,3,15,11,13,17,20,16,5,21,14,1,18],[15,7,19,23,11,3,17,13,20,16,5,21,2,12,1],[11,19,23,15,3,7,13,17,20,16,5,21,1],[11,3,23,19,15,7,13,17,16,20,5,21,10,4,1],[19,23,3,7,15,11,17,13,20,16,5,21,24,22,1],[3,7,23,19,15,11,13,17,20,16,5,21,4,1],[19,15,7,3,11,23,13,17,16,20,5,21,2,1],[11,3,15,19,7,23,17,13,16,20,5,9,21,2,1,12],[23,3,11,15,7,19,13,17,16,20,5,21,9,12,1],[7,23,19,15,11,3,17,13,20,16,5,21,6,9,10,2,1],[11,19,15,3,23,7,13,17,16,20,5,21,1],[11,19,23,15,3,7,13,17,20,16,5,21,1],[23,7,11,3,19,15,17,13,20,16,5,21,18,4,1],[23,15,11,7,3,19,17,13,16,20,5,21,1],[11,7,23,3,15,19,17,13,16,20,5,21,1],[19,7,11,15,23,3,13,17,16,20,5,21,1],[3,19,7,23,11,15,17,13,20,16,5,22,21,1],[7,19,11,15,23,3,13,17,16,20,5,21,2,1],[19,3,15,7,11,23,13,17,20,16,5,21,24,2,10,4,1],[15,11,7,23,19,3,17,13,20,16,5,21,10,4,1],[7,15,19,11,23,3,17,13,16,20,5,21,8,12,24,1],[3,11,7,23,15,19,17,13,20,16,5,21,9,6,1,14,12,18],[15,7,23,19,3,11,13,17,20,16,5,21,2,1],[11,23,19,7,15,3,17,13,20,16,5,21,9,1,12],[11,15,7,23,3,19,17,13,16,20,21,8,4,5,1],[19,15,7,11,3,23,17,13,20,16,5,21,10,2,1],[11,19,3,15,23,7,17,13,20,16,21,5,18,1],[3,11,7,23,15,19,17,13,16,20,5,21,12,18,8,1],[11,7,23,15,19,3,13,17,20,16,5,21,4,1],[23,19,11,7,3,15,17,13,20,16,21,5,1],[7,15,23,11,3,19,17,13,20,16,5,22,21,1],[19,7,11,15,23,3,13,17,16,20,5,21,1],[7,3,23,11,19,15,13,17,16,20,5,21,9,1,14,12,2,18],[3,11,15,19,7,23,17,13,16,20,5,21,1],[23,11,19,7,15,3,17,13,20,16,5,21,4,1],[15,23,3,11,19,7,17,13,16,20,5,21,6,9,12,2,22,1],[19,15,3,7,11,23,13,17,20,16,5,21,1],[3,15,23,7,11,19,13,17,20,16,21,5,10,4,1],[11,15,19,23,7,3,13,17,16,20,5,24,21,1],[19,7,11,23,15,3,13,17,20,16,5,21,2,1],[19,23,7,15,11,3,13,17,16,20,5,21,1],[7,23,11,3,19,15,17,13,20,16,5,2,21,4,1],[23,3,11,7,19,15,17,13,16,20,5,21,6,4,1],[3,7,23,11,15,19,17,13,20,16,6,5,21,4,9,12,1],[11,19,3,15,7,23,17,13,16,20,5,21,14,1,18],[19,11,15,3,23,7,17,13,20,16,5,24,21,1],[7,23,15,3,19,11,17,13,20,16,5,21,6,9,4,1,12],[11,7,15,3,23,19,17,13,20,16,5,21,1],[19,7,15,11,3,23,13,17,20,16,5,21,1],[23,3,19,7,15,11,13,17,16,20,5,21,1],[23,7,11,15,3,19,13,17,16,20,5,1,21],[7,19,11,3,15,23,13,17,16,20,21,5,1],[23,7,11,15,19,3,17,13,16,20,5,21,1],[23,3,19,11,7,15,13,17,16,20,5,21,2,1],[23,19,7,3,11,15,17,13,16,20,5,21,1],[3,23,19,7,11,15,13,17,16,20,5,1,21],[3,7,23,19,15,11,17,13,16,20,5,21,6,2,1],[7,19,15,23,11,3,17,13,16,20,5,21,10,4,1],[7,19,23,15,3,11,13,17,16,20,21,5,2,1],[11,15,19,3,23,7,17,13,16,20,5,21,22,1],[7,15,11,23,3,19,13,17,16,20,5,21,1],[15,11,19,23,3,7,17,13,16,20,5,21,4,1],[11,7,23,19,15,3,13,17,16,20,5,21,9,12,2,22,1],[23,7,11,15,19,3,17,13,16,20,5,21,10,18,1],[3,11,19,23,15,7,13,17,20,16,5,21,22,1],[15,23,7,11,3,19,17,13,20,16,5,21,18,2,4,1],[23,11,7,19,15,3,17,13,16,20,5,21,2,1],[15,11,3,23,19,7,13,17,16,20,5,21,1],[15,7,23,11,19,3,17,13,16,20,5,21,4,1],[19,15,3,11,23,7,17,13,16,20,5,21,1],[11,19,15,23,3,7,13,17,20,16,5,21,24,1],[3,7,23,11,15,19,13,17,16,20,5,21,8,1],[23,19,11,7,3,15,13,17,20,16,5,21,1],[15,11,7,3,23,19,13,17,20,16,5,24,21,4,1],[11,15,7,19,3,23,17,13,16,20,5,21,1],[15,11,3,7,23,19,17,13,16,20,5,21,1],[19,7,3,23,11,15,17,13,20,16,24,21,5,1],[7,19,3,15,23,11,17,13,16,20,5,21,6,4,1],[7,23,19,15,3,11,13,17,20,16,5,21,1],[15,11,7,3,19,23,17,13,16,20,5,21,10,2,22,4,1],[7,11,19,23,15,3,17,13,20,16,5,21,1],[15,23,3,7,11,19,13,17,20,16,5,21,1],[15,11,7,19,3,23,17,13,16,20,5,21,14,1,18],[19,23,15,11,7,3,17,13,16,20,5,21,10,1],[7,3,19,11,15,23,13,17,20,16,5,21,6,18,9,14,12,1],[7,15,3,11,23,19,17,13,20,16,5,21,1],[3,23,15,7,19,11,13,17,20,16,5,4,21,1],[11,7,15,3,19,23,17,13,20,16,5,21,22,10,1],[19,15,11,3,7,23,13,17,16,20,5,21,12,24,1],[23,11,3,19,7,15,17,13,20,16,6,5,21,4,1],[23,11,7,3,15,19,17,13,20,16,5,21,1],[19,7,3,23,15,11,17,13,20,16,5,21,1],[19,23,7,11,15,3,13,17,20,16,5,21,1],[23,15,3,7,19,11,13,17,20,16,5,21,4,1],[23,15,7,3,19,11,13,17,20,16,5,21,8,10,2,6,1],[19,15,23,7,3,11,17,13,16,20,5,21,24,12,10,18,1],[19,23,11,7,3,15,17,13,16,20,5,21,2,10,1],[7,3,19,11,15,23,17,13,20,16,21,5,2,1],[7,15,19,23,11,3,13,17,20,16,5,21,10,6,22,14,1],[19,23,11,3,15,7,13,17,16,20,5,21,2,1],[3,19,7,11,23,15,17,13,20,16,5,21,2,1],[11,15,3,7,23,19,17,13,16,20,5,21,6,4,1],[15,7,19,11,3,23,17,13,16,20,5,22,1,21],[23,15,3,19,7,11,17,13,16,20,5,21,4,1],[3,7,23,19,15,11,13,17,16,20,5,21,18,1],[3,7,19,15,11,23,17,13,16,20,5,21,4,1],[3,19,11,23,7,15,13,17,16,20,5,21,12,22,9,1],[15,11,19,7,3,23,17,13,20,16,8,21,4,1,6,5],[19,23,7,11,15,3,17,13,20,16,5,21,22,2,8,4,1],[11,19,15,3,7,23,17,13,20,16,5,21,4,1],[3,11,7,23,15,19,13,17,20,16,5,4,1,21],[3,7,23,19,11,15,17,13,20,16,5,21,14,18,1],[19,3,23,11,7,15,17,13,16,20,5,21,1],[3,23,15,11,19,7,17,13,16,20,21,5,2,1],[3,7,23,11,15,19,13,17,20,16,5,21,4,1],[15,19,11,7,23,3,17,13,20,16,5,21,1],[19,7,23,11,15,3,17,13,20,16,5,21,2,4,1],[11,7,3,19,23,15,13,17,20,16,5,21,18,12,4,1],[23,3,19,7,15,11,17,13,20,16,5,21,10,1],[11,3,15,7,23,19,13,17,16,20,5,21,2,1],[7,19,23,11,15,3,17,13,16,20,5,21,4,1],[23,3,15,19,11,7,17,13,20,16,5,21,4,1],[19,15,7,11,3,23,13,17,20,16,5,21,1],[19,7,23,15,3,11,13,17,16,20,5,21,6,2,1],[19,3,15,11,23,7,17,13,20,16,5,21,2,12,22,4,1],[11,15,3,7,23,19,13,17,20,16,5,21,22,9,10,1],[19,11,7,23,3,15,17,13,16,20,5,21,1],[7,23,19,11,15,3,13,17,20,16,5,21,2,1],[19,3,7,15,11,23,17,13,20,16,5,21,1],[3,11,7,19,23,15,17,13,20,16,5,21,1],[11,19,3,7,15,23,13,17,16,20,5,21,9,18,12,10,14,1],[11,15,7,23,19,3,13,17,16,20,5,21,4,1],[3,15,7,23,19,11,13,17,20,16,5,21,24,2,18,1],[7,23,11,15,3,19,13,17,20,16,5,21,4,1],[11,3,7,23,19,15,13,17,20,16,8,21,5,6,4,1],[7,15,19,3,23,11,13,17,20,16,5,21,14,6,18,1],[15,11,19,7,3,23,17,13,20,16,5,21,1],[3,19,15,23,7,11,17,13,16,20,5,2,22,21,1],[15,7,11,19,3,23,17,13,16,20,21,5,1],[11,3,15,23,7,19,13,17,16,20,5,21,1],[19,23,3,15,7,11,17,13,16,20,5,21,4,1],[7,15,19,23,11,3,13,17,20,16,5,21,4,1],[11,23,19,15,7,3,13,17,16,20,5,21,1],[3,7,15,23,11,19,17,13,20,16,5,21,2,1],[15,23,11,7,3,19,13,17,16,20,5,24,21,18,1],[11,3,7,23,19,15,17,13,16,20,6,21,8,2,1,5],[23,11,3,7,19,15,17,13,20,16,5,21,1],[19,3,15,11,7,23,13,17,16,20,5,21,2,1],[3,11,15,19,7,23,13,17,16,20,5,24,21,1],[19,11,15,3,7,23,13,17,16,20,5,21,2,1],[7,15,23,19,3,11,17,13,20,16,5,21,2,8,12,1],[11,19,3,23,15,7,17,13,16,20,5,22,21,18,1],[3,15,11,23,19,7,13,17,16,20,5,14,21,18,4,1],[7,11,23,15,19,3,17,13,20,16,5,21,2,4,1],[11,7,3,23,15,19,13,17,16,20,5,21,1],[23,3,15,7,19,11,17,13,16,20,8,21,5,1],[23,15,7,19,11,3,17,13,16,20,5,21,4,1],[19,3,7,11,23,15,17,13,16,20,5,21,1],[7,23,15,11,3,19,17,13,16,20,5,21,2,4,1],[11,3,19,15,23,7,13,17,20,16,5,24,21,4,1],[11,7,23,15,3,19,13,17,16,20,5,21,14,18,1],[11,7,3,19,23,15,17,13,16,20,5,21,12,22,1],[7,19,11,3,23,15,17,13,16,20,5,21,1],[15,11,19,7,23,3,17,13,20,16,5,21,2,1],[19,15,3,11,7,23,17,13,16,20,5,21,14,1,18],[7,19,3,23,15,11,13,17,20,16,5,21,2,18,12,1],[3,7,23,19,11,15,17,13,20,16,5,21,9,12,1],[7,3,11,15,19,23,13,17,20,16,21,5,2,1],[3,7,23,11,15,19,13,17,16,20,5,21,1],[15,11,23,3,7,19,13,17,20,16,5,21,18,4,1],[15,7,11,19,23,3,17,13,16,20,5,21,18,1],[19,3,7,11,23,15,13,17,16,20,5,22,21,2,9,1,12],[15,19,7,11,3,23,13,17,16,20,5,21,1],[23,19,15,11,3,7,13,17,16,20,5,21,1],[11,19,7,3,23,15,17,13,16,20,5,21,4,1],[23,15,7,11,19,3,17,13,20,16,5,21,4,1],[11,23,3,7,19,15,17,13,16,20,5,21,1],[7,19,23,15,3,11,17,13,20,16,5,21,10,6,4,1],[15,7,3,19,23,11,17,13,20,16,5,21,4,1],[23,3,11,7,19,15,13,17,20,16,5,21,1],[7,19,3,23,11,15,13,17,20,16,5,21,12,1],[15,23,11,3,7,19,17,13,20,16,21,5,1],[11,23,7,3,19,15,17,13,16,20,5,21,1],[7,3,23,19,15,11,13,17,20,16,21,5,22,1],[19,3,11,15,7,23,17,13,16,20,5,21,12,18,2,9,4,1],[19,7,3,23,11,15,17,13,20,16,5,21,4,1],[19,15,3,7,11,23,17,13,16,20,5,21,1],[11,7,23,3,19,15,17,13,20,16,5,21,14,6,1,18],[3,23,11,7,15,19,17,13,20,16,5,21,4,18,1],[23,7,19,11,3,15,13,17,20,16,5,21,10,8,1],[15,11,23,3,7,19,17,13,20,16,5,21,2,1],[23,11,19,7,3,15,13,17,20,16,8,21,9,1,2,12,6,5],[11,7,19,23,3,15,17,13,16,20,5,21,6,2,1],[3,15,19,11,7,23,17,13,16,20,5,22,21,12,2,4,1],[11,3,19,7,23,15,17,13,20,16,5,21,1],[19,3,7,15,11,23,17,13,20,16,5,21,1],[3,11,19,7,23,15,13,17,16,20,5,1,21],[23,15,19,3,7,11,13,17,16,20,5,21,4,12,1],[15,3,19,7,23,11,17,13,20,16,5,21,4,1],[23,7,11,19,3,15,13,17,16,20,21,5,24,22,1],[7,3,11,23,15,19,17,13,20,16,5,21,4,1],[7,23,19,3,11,15,17,13,16,20,5,21,14,12,1,18],[23,19,7,11,3,15,13,17,20,16,21,5,10,4,1],[15,19,7,11,23,3,17,13,20,16,5,21,2,1],[3,19,11,15,23,7,13,17,20,16,5,21,4,1],[3,19,15,7,23,11,17,13,20,16,5,21,1],[23,7,19,3,15,11,13,17,20,16,5,21,1],[23,11,3,19,7,15,17,13,16,20,5,21,8,4,1],[7,11,19,23,3,15,17,13,20,16,21,5,1],[15,11,3,7,19,23,17,13,20,16,5,21,1],[3,15,19,11,7,23,17,13,20,16,5,21,1],[3,11,19,23,15,7,17,13,16,20,5,1,21],[11,7,19,3,15,23,13,17,16,20,5,21,1],[3,7,19,15,11,23,17,13,16,20,5,22,8,21,12,2,4,1],[19,15,23,3,11,7,17,13,16,20,21,6,5,1],[11,19,15,7,23,3,13,17,16,20,5,21,24,1],[23,7,15,11,3,19,17,13,16,20,5,21,1],[3,15,19,11,7,23,17,13,20,16,5,21,4,1],[15,23,7,11,3,19,13,17,20,16,5,24,21,2,1],[11,23,15,3,7,19,13,17,16,20,6,22,5,21,4,1],[11,23,7,15,19,3,17,13,20,16,21,5,1],[7,11,15,23,3,19,13,17,16,20,5,21,4,1],[19,15,7,11,3,23,17,13,20,16,8,21,5,1],[15,7,11,19,3,23,17,13,20,16,5,21,9,1,14,12,18],[7,19,15,11,3,23,13,17,20,16,5,21,1],[23,11,3,15,19,7,13,17,16,20,5,21,2,1],[11,15,23,7,19,3,13,17,20,16,5,21,18,1],[19,7,11,3,23,15,13,17,20,16,5,21,10,1],[11,15,19,3,23,7,13,17,16,20,5,24,21,4,1],[15,19,11,3,23,7,13,17,16,20,5,21,14,1,18],[15,7,23,3,19,11,17,13,16,20,21,5,9,12,1],[19,7,15,3,23,11,13,17,16,20,21,5,1],[7,19,15,3,11,23,13,17,20,16,21,5,1],[23,3,11,15,7,19,13,17,16,20,5,21,1],[3,23,15,7,19,11,17,13,20,16,5,21,10,2,4,1],[15,3,11,7,23,19,17,13,16,20,5,24,21,2,6,1],[3,7,15,11,23,19,17,13,20,16,5,21,12,2,1],[19,7,15,3,23,11,13,17,16,20,5,21,24,1],[23,3,19,15,11,7,17,13,16,20,8,21,5,6,18,4,1],[7,11,23,19,15,3,17,13,16,20,5,21,10,1],[7,23,3,11,19,15,13,17,16,20,5,21,1],[19,3,23,7,15,11,13,17,16,20,5,21,2,1],[11,7,19,3,23,15,13,17,20,16,5,21,24,12,18,1],[23,3,7,19,15,11,17,13,20,16,5,21,12,1],[15,19,11,7,23,3,13,17,16,20,5,21,1],[15,19,11,23,3,7,13,17,16,20,5,21,1],[7,3,11,19,15,23,13,17,20,16,5,21,12,18,9,1],[23,11,7,3,15,19,13,17,20,16,21,5,9,12,1],[19,11,7,15,23,3,17,13,20,16,5,21,2,8,12,1],[7,11,3,15,19,23,13,17,20,16,5,21,9,12,18,1],[11,19,7,23,3,15,17,13,16,20,5,21,1],[23,7,19,3,11,15,13,17,16,20,5,21,12,14,1,18],[3,19,7,15,11,23,13,17,16,20,5,21,2,8,4,1],[11,23,15,19,3,7,13,17,16,20,5,21,2,10,1],[3,11,7,19,23,15,13,17,20,16,5,21,1],[19,11,15,23,3,7,13,17,16,20,5,21,8,1],[23,3,7,19,15,11,17,13,16,20,22,5,1,21],[11,19,3,15,7,23,13,17,16,20,5,21,1],[23,11,19,3,7,15,17,13,16,20,5,21,1],[11,3,19,23,7,15,17,13,20,16,5,21,9,22,6,4,1,18,12],[11,3,19,7,15,23,17,13,16,20,5,21,1],[19,23,11,7,3,15,13,17,20,16,5,21,1],[19,15,23,7,3,11,17,13,20,16,5,21,2,1],[19,23,7,15,11,3,17,13,16,20,5,21,10,18,6,1],[15,23,7,3,19,11,17,13,20,16,5,21,1],[15,19,23,11,3,7,17,13,16,20,5,21,4,1],[3,15,7,19,23,11,13,17,20,16,5,21,12,2,1],[3,7,19,23,15,11,17,13,20,16,5,21,1],[3,23,19,11,7,15,13,17,20,16,5,22,21,4,1],[23,19,11,15,3,7,17,13,20,16,5,21,1],[3,23,19,11,7,15,13,17,16,20,21,5,2,4,1],[23,19,7,3,15,11,17,13,16,20,5,21,22,4,1],[7,11,15,23,19,3,17,13,16,20,21,5,18,2,6,9,12,1],[15,23,11,19,7,3,13,17,16,20,5,21,4,6,1],[7,15,19,3,23,11,17,13,16,20,5,21,1],[11,3,23,15,19,7,13,17,16,20,5,24,21,1],[3,23,11,19,7,15,17,13,20,16,5,21,8,2,6,9,12,1],[23,3,15,11,19,7,13,17,16,20,5,21,18,8,1],[23,15,19,3,11,7,17,13,16,20,21,5,9,1,12],[19,15,7,23,11,3,17,13,20,16,5,21,18,2,1],[7,11,19,15,3,23,17,13,16,20,5,21,1],[23,11,15,3,7,19,17,13,20,16,5,21,1],[23,19,3,15,7,11,13,17,20,16,5,21,12,2,1],[15,23,7,3,19,11,17,13,16,20,5,1,21],[3,23,19,15,11,7,17,13,16,20,5,21,1],[7,3,23,19,11,15,17,13,16,20,5,21,1],[11,7,3,19,15,23,13,17,20,16,5,21,14,2,1,6,18],[15,19,3,11,7,23,13,17,20,16,6,5,21,14,1,18],[15,11,7,3,23,19,13,17,20,16,5,21,14,1,18],[7,19,15,11,23,3,17,13,20,16,5,21,12,1],[3,15,23,19,11,7,17,13,20,16,21,5,1],[11,7,15,19,23,3,17,13,20,16,5,21,8,1],[23,11,3,15,19,7,17,13,20,16,5,14,21,24,1,18],[3,23,11,19,7,15,13,17,20,16,5,24,21,1],[11,3,23,15,7,19,17,13,20,16,5,21,1],[7,11,3,15,19,23,13,17,20,16,5,21,18,9,1,12],[11,7,19,3,15,23,17,13,16,20,5,21,9,12,2,8,1],[19,11,3,7,15,23,13,17,20,16,5,21,6,4,1],[15,7,11,19,23,3,13,17,20,16,5,21,1],[3,11,23,19,7,15,17,13,16,20,5,21,1],[23,3,19,7,15,11,17,13,16,20,5,21,10,2,1],[19,3,15,11,23,7,13,17,20,16,5,24,21,1],[15,11,19,3,7,23,13,17,20,16,5,21,4,2,1],[15,19,11,3,23,7,13,17,20,16,5,21,1],[11,19,7,15,23,3,13,17,16,20,5,21,14,1,4],[19,7,23,3,11,15,13,17,20,16,5,21,2,18,1],[3,19,15,11,23,7,13,17,20,16,5,21,8,18,24,4,1],[3,23,19,7,11,15,13,17,20,16,5,21,1],[23,19,3,15,11,7,17,13,16,20,21,5,2,1],[11,3,23,19,15,7,13,17,16,20,5,21,4,1],[15,19,3,23,11,7,13,17,16,20,5,2,9,21,12,4,1],[15,3,11,7,23,19,17,13,20,16,21,5,4,1],[3,7,11,19,23,15,17,13,20,16,5,21,6,4,1],[3,7,23,11,15,19,17,13,20,16,5,21,6,2,8,4,1],[7,3,23,15,11,19,17,13,16,20,5,21,8,24,1],[3,19,23,11,7,15,17,13,20,16,5,21,1],[23,11,3,15,7,19,17,13,20,16,5,21,9,2,12,6,4,1],[19,7,23,3,15,11,17,13,20,16,5,21,18,14,1],[15,3,7,19,11,23,13,17,20,16,21,5,4,1],[7,15,23,3,11,19,13,17,16,20,5,21,1],[15,3,11,23,7,19,17,13,16,20,5,21,18,1],[11,19,3,23,7,15,17,13,16,20,5,21,1],[23,7,11,3,19,15,17,13,16,20,5,21,2,4,1],[15,23,11,7,3,19,13,17,16,20,5,21,8,1],[7,15,19,23,11,3,17,13,20,16,5,21,1],[11,3,19,15,7,23,13,17,16,20,5,21,2,14,1,18],[7,15,11,23,3,19,17,13,16,20,5,21,12,2,1],[19,11,23,15,3,7,13,17,20,16,5,21,1],[19,23,7,3,11,15,17,13,16,20,5,21,9,12,1],[3,7,11,23,19,15,17,13,16,20,5,24,21,4,1],[3,23,19,7,11,15,13,17,20,16,5,21,1],[7,19,15,11,23,3,13,17,20,16,5,21,1],[11,23,7,3,15,19,17,13,16,20,5,21,4,1],[19,11,15,7,23,3,13,17,16,20,5,21,2,1],[3,7,11,15,19,23,17,13,16,20,5,21,24,2,1],[15,23,11,19,3,7,17,13,20,16,5,21,1],[11,23,15,3,7,19,13,17,20,16,5,21,4,1],[11,7,23,15,19,3,17,13,20,16,5,21,1],[3,11,7,19,23,15,17,13,20,16,5,21,1],[15,23,11,7,3,19,17,13,16,20,5,4,21,1],[7,23,15,19,3,11,13,17,16,20,5,21,9,12,18,1],[11,7,15,19,23,3,13,17,16,20,5,21,1],[3,11,23,15,19,7,13,17,16,20,5,21,2,14,1,18],[3,19,15,7,23,11,17,13,16,20,5,22,21,1],[23,11,7,15,19,3,17,13,16,20,21,5,2,4,12,1],[3,19,23,7,15,11,17,13,20,16,5,21,1],[15,19,23,3,7,11,17,13,16,20,5,21,1],[11,7,15,19,3,23,13,17,16,20,5,21,1],[3,7,19,11,15,23,13,17,20,16,5,21,1],[7,23,19,15,11,3,13,17,20,16,5,21,1],[11,15,7,3,19,23,13,17,16,20,5,21,1],[7,19,3,11,15,23,13,17,20,16,5,21,1],[3,19,15,11,7,23,13,17,20,16,5,21,14,2,1,18],[15,7,11,19,23,3,13,17,20,16,5,21,1],[19,11,3,23,7,15,17,13,20,16,5,21,1],[3,19,23,15,11,7,13,17,20,16,5,21,24,10,1],[11,3,7,19,15,23,17,13,20,16,5,21,22,1],[19,11,7,3,15,23,13,17,20,16,5,21,4,1],[23,15,7,3,11,19,17,13,16,20,5,21,1],[23,19,15,11,3,7,13,17,16,20,21,5,1],[7,11,15,23,19,3,17,13,16,20,5,21,6,14,18,1],[3,19,11,23,7,15,17,13,20,16,5,21,18,2,10,1],[23,3,11,15,7,19,17,13,20,16,5,21,1],[15,23,7,3,19,11,17,13,20,16,5,21,4,1],[7,11,15,19,23,3,13,17,16,20,5,21,18,10,1],[23,19,15,3,7,11,17,13,16,20,5,21,12,2,1],[15,11,23,3,19,7,17,13,20,16,5,21,1],[19,3,23,7,15,11,17,13,20,16,21,5,24,1],[3,11,7,15,23,19,17,13,20,16,24,21,5,12,14,1,18],[15,19,23,7,3,11,17,13,16,20,5,21,4,1],[19,7,11,3,15,23,13,17,20,16,5,21,1],[11,15,7,19,23,3,17,13,20,16,5,24,21,1],[7,3,15,19,23,11,13,17,20,16,5,21,12,1],[11,3,23,19,7,15,13,17,16,20,5,21,8,1],[19,15,11,7,3,23,13,17,16,20,5,21,2,1],[19,11,7,15,23,3,13,17,16,20,5,21,9,12,18,2,22,1],[7,15,19,3,11,23,17,13,20,16,5,21,1],[19,3,7,15,11,23,13,17,20,16,5,21,1],[23,15,7,11,19,3,17,13,20,16,5,21,1],[7,3,11,15,19,23,13,17,20,16,5,21,14,1,18],[7,19,15,3,11,23,13,17,16,20,5,21,2,10,8,1],[3,23,19,15,11,7,17,13,16,20,5,1,21],[15,23,19,7,3,11,13,17,16,20,5,21,8,1],[19,23,15,11,7,3,13,17,16,20,5,1,21],[7,19,15,3,11,23,17,13,16,20,5,21,4,1],[3,15,11,23,7,19,13,17,20,16,5,21,1],[7,3,15,19,23,11,13,17,16,20,5,21,1],[23,3,15,19,7,11,13,17,20,16,21,5,1],[3,23,19,7,15,11,17,13,20,16,5,21,8,4,2,1],[15,7,3,23,19,11,17,13,16,20,5,24,21,1],[23,11,15,19,7,3,13,17,16,20,5,21,1],[15,3,7,11,23,19,13,17,16,20,5,21,18,1],[23,3,7,15,11,19,17,13,16,20,5,22,21,4,1],[19,7,3,23,15,11,13,17,20,16,5,21,2,18,12,8,14,1],[7,11,3,19,15,23,17,13,20,16,5,21,1],[11,23,15,19,3,7,13,17,20,16,5,21,1],[3,15,7,23,19,11,13,17,16,20,5,1,21],[15,19,7,23,11,3,13,17,16,20,5,21,10,1],[3,7,11,15,23,19,17,13,16,20,21,5,1],[7,11,3,19,15,23,13,17,20,16,5,21,9,12,1],[23,19,7,15,3,11,17,13,20,16,5,21,2,1],[3,11,19,15,23,7,13,17,20,16,5,21,9,12,4,1],[3,11,7,23,15,19,13,17,16,20,5,21,4,1],[23,19,7,3,15,11,17,13,20,16,21,5,1],[19,7,11,15,23,3,17,13,16,20,5,21,1],[23,19,7,3,15,11,17,13,20,16,5,21,4,1],[3,11,7,23,19,15,17,13,20,16,5,21,12,4,1],[3,7,19,11,23,15,17,13,16,20,5,21,8,10,22,1],[11,23,3,15,19,7,17,13,20,16,21,5,6,1],[15,19,3,11,7,23,13,17,16,20,5,22,21,2,1],[15,3,23,19,11,7,13,17,16,20,5,21,2,4,1],[7,11,19,15,3,23,17,13,20,16,5,21,12,18,6,9,1],[23,19,7,3,15,11,17,13,20,16,5,24,21,12,1],[11,19,15,3,7,23,13,17,20,16,5,21,18,8,1],[19,7,15,23,11,3,13,17,20,16,5,21,4,1],[3,15,19,7,23,11,17,13,20,16,5,1,21],[3,15,19,7,23,11,13,17,16,20,5,21,1],[15,7,3,11,23,19,17,13,16,20,5,21,10,1],[7,19,11,23,3,15,17,13,20,16,5,21,2,12,1],[7,19,3,11,23,15,17,13,16,20,5,21,1],[7,15,23,11,3,19,13,17,16,20,5,21,1],[11,23,7,15,3,19,17,13,20,16,5,21,8,2,12,10,14,1,18],[7,23,15,11,3,19,13,17,16,20,5,21,8,2,6,1],[7,15,3,23,11,19,17,13,16,20,5,18,21,1],[7,23,19,3,15,11,17,13,20,16,5,21,2,1],[3,23,11,7,19,15,13,17,20,16,5,21,1],[3,7,19,23,15,11,17,13,16,20,21,5,2,9,12,6,1],[19,11,3,23,7,15,13,17,16,20,5,21,24,8,1],[7,15,19,11,3,23,17,13,16,20,5,22,21,4,1],[7,23,11,19,15,3,13,17,20,16,5,4,21,1],[7,3,19,23,11,15,17,13,20,16,5,21,1],[11,23,15,19,7,3,13,17,16,20,5,21,1],[19,7,15,3,11,23,13,17,16,20,5,21,10,1],[3,15,23,7,11,19,13,17,16,20,5,21,12,1],[3,19,11,15,7,23,17,13,16,20,5,21,2,1],[11,7,23,19,3,15,13,17,16,20,5,21,1],[11,3,15,7,19,23,17,13,16,20,5,21,22,1],[23,15,3,11,19,7,17,13,16,20,5,21,2,1],[7,11,15,19,23,3,17,13,20,16,5,4,21,1],[3,15,23,19,11,7,13,17,16,20,5,21,1],[3,23,15,7,19,11,13,17,20,16,24,21,5,4,1],[11,7,15,19,3,23,13,17,16,20,5,21,24,1],[19,11,7,15,23,3,13,17,20,16,5,21,9,2,4,1,12],[23,7,11,15,19,3,17,13,20,16,5,21,4,1],[7,3,23,19,11,15,13,17,20,16,5,21,1],[3,11,7,15,19,23,17,13,20,16,5,21,4,18,1],[23,15,7,19,3,11,17,13,20,16,5,21,4,1],[7,15,19,23,11,3,13,17,20,16,5,21,2,1],[19,3,11,23,15,7,13,17,20,16,5,21,24,1],[19,15,7,23,3,11,13,17,16,20,5,21,1],[7,23,3,11,15,19,17,13,20,16,5,21,18,12,1],[23,3,15,7,19,11,17,13,20,16,5,21,4,1],[23,11,7,19,3,15,13,17,16,20,5,21,1],[7,19,23,11,3,15,13,17,20,16,5,21,12,1],[3,19,7,23,11,15,13,17,16,20,5,22,21,8,1],[7,11,23,3,19,15,13,17,20,16,5,21,10,14,18,2,1],[11,19,23,7,15,3,13,17,16,20,5,2,21,22,1],[15,23,3,11,19,7,13,17,20,16,21,5,24,14,1,18],[19,3,23,7,15,11,13,17,20,16,21,5,8,10,9,4,1],[23,7,15,19,3,11,17,13,16,20,5,21,22,12,4,1],[19,11,7,3,15,23,17,13,16,20,5,21,1],[19,3,15,7,23,11,17,13,16,20,5,21,2,1],[3,15,23,19,11,7,17,13,20,16,21,5,1],[15,3,19,23,11,7,17,13,16,20,5,21,10,24,6,1],[3,7,23,11,15,19,13,17,20,16,5,21,1],[11,19,23,7,15,3,13,17,16,20,5,1,21],[19,15,3,23,7,11,13,17,16,20,21,5,18,14,1],[19,7,15,23,3,11,13,17,20,16,5,1,21],[23,3,7,19,15,11,13,17,20,16,5,21,18,24,1],[15,11,3,19,23,7,13,17,16,20,5,21,1],[15,7,11,19,3,23,17,13,20,16,5,21,12,4,1],[19,11,23,7,15,3,17,13,20,16,21,5,1],[7,3,19,23,11,15,17,13,20,16,5,24,21,1],[11,15,23,19,7,3,17,13,16,20,5,21,4,1],[11,15,3,23,7,19,13,17,20,16,5,21,12,6,2,1],[15,11,23,3,7,19,17,13,16,20,5,21,22,18,1],[11,15,23,3,7,19,13,17,20,16,5,21,4,1],[15,7,19,3,11,23,17,13,20,16,5,1,21],[19,7,23,3,15,11,13,17,20,16,5,21,1],[23,3,19,11,15,7,17,13,16,20,5,21,4,1],[15,7,19,23,11,3,17,13,16,20,5,21,2,1],[7,15,19,11,23,3,13,17,20,16,5,21,6,1],[23,19,7,15,11,3,17,13,16,20,5,21,1],[15,3,23,19,7,11,17,13,16,20,5,1,21],[15,23,3,7,19,11,17,13,20,16,5,21,1],[19,23,15,3,11,7,17,13,16,20,5,21,24,1],[3,11,7,19,23,15,13,17,16,20,5,21,2,1],[19,11,15,7,23,3,17,13,16,20,5,21,1],[15,23,7,11,3,19,17,13,16,20,5,21,8,18,6,2,1],[23,7,19,15,11,3,13,17,16,20,21,5,4,1],[3,23,15,19,7,11,17,13,16,20,5,21,6,1],[7,3,19,15,23,11,13,17,20,16,5,24,21,12,10,14,1],[23,19,3,7,15,11,13,17,16,20,5,21,4,1],[11,23,7,19,3,15,13,17,16,20,5,21,1],[19,3,11,15,7,23,17,13,16,20,5,21,4,1],[15,7,11,3,23,19,17,13,20,16,5,21,1],[11,7,3,19,15,23,17,13,16,20,5,21,8,1],[19,15,23,7,11,3,17,13,20,16,5,21,1],[15,3,11,23,7,19,13,17,20,16,5,21,1],[7,15,23,19,3,11,13,17,16,20,5,1,21],[15,23,11,7,3,19,13,17,16,20,5,21,2,1],[3,23,11,19,7,15,17,13,20,16,5,21,1],[11,15,23,7,19,3,17,13,20,16,5,21,9,12,8,1],[19,11,23,7,3,15,13,17,16,20,5,21,1],[19,3,11,15,23,7,13,17,20,16,21,5,9,1,22,12],[15,3,23,19,7,11,17,13,16,20,5,21,18,1],[23,15,3,7,19,11,13,17,16,20,6,5,24,21,1],[19,15,11,3,23,7,13,17,16,20,5,21,4,1],[23,15,19,11,7,3,17,13,20,16,5,21,22,1],[3,15,11,23,19,7,13,17,20,16,5,21,2,1],[11,15,3,19,23,7,17,13,20,16,21,5,2,4,1],[3,11,19,23,7,15,17,13,20,16,5,21,9,10,1],[23,7,15,3,19,11,13,17,16,20,5,21,1],[19,23,7,11,15,3,17,13,20,16,5,21,1],[23,11,3,7,19,15,17,13,16,20,5,21,22,4,1],[23,3,19,11,7,15,17,13,16,20,5,21,1],[3,23,11,7,19,15,17,13,20,16,5,18,21,1],[15,11,3,7,19,23,17,13,16,20,5,21,1],[19,11,7,15,23,3,17,13,16,20,5,22,21,1],[23,11,7,19,3,15,13,17,20,16,5,21,1],[7,19,15,11,23,3,17,13,20,16,5,21,14,18,1],[19,3,15,11,23,7,17,13,20,16,5,21,4,1],[7,15,11,19,3,23,13,17,20,16,21,5,4,1],[7,23,19,11,15,3,13,17,20,16,5,21,12,9,22,18,1],[15,3,11,19,23,7,17,13,20,16,5,21,22,1],[11,7,15,3,23,19,13,17,20,16,5,21,4,1],[7,23,15,19,3,11,17,13,20,16,5,21,14,1,18],[7,23,3,15,11,19,17,13,20,16,5,21,22,2,8,24,9,12,6,1],[7,3,11,23,19,15,17,13,16,20,5,21,1],[15,19,3,11,23,7,17,13,20,16,5,21,12,4,2,1],[19,7,23,15,11,3,17,13,20,16,5,12,21,1],[11,23,19,3,15,7,17,13,16,20,5,1,21],[23,11,19,3,7,15,13,17,20,16,5,21,1],[3,23,7,15,11,19,17,13,16,20,5,21,10,2,24,9,1],[19,11,7,23,3,15,17,13,20,16,5,21,8,1],[19,23,3,11,15,7,13,17,20,16,5,21,4,1],[7,11,3,23,15,19,13,17,20,16,5,21,1],[23,15,19,11,7,3,13,17,20,16,5,21,4,2,1],[3,15,23,11,7,19,17,13,16,20,5,21,8,1],[11,23,15,7,3,19,13,17,16,20,5,21,12,2,1],[11,15,23,7,3,19,13,17,16,20,5,21,4,14,1],[23,15,19,7,11,3,17,13,16,20,5,21,2,24,8,1],[3,23,19,7,15,11,13,17,16,20,5,21,1],[11,7,15,23,3,19,17,13,20,16,8,21,24,5,18,9,12,1],[11,3,15,23,7,19,13,17,16,20,5,1,21],[3,7,15,11,23,19,13,17,16,20,21,6,5,1],[3,7,11,15,19,23,13,17,16,20,5,21,2,1],[15,7,3,19,23,11,17,13,16,20,21,5,2,18,14,1],[19,11,7,3,15,23,17,13,16,20,5,21,14,1,10,18],[7,3,11,15,23,19,13,17,16,20,5,21,9,18,12,2,1],[19,3,7,15,11,23,13,17,20,16,5,22,21,18,1],[3,11,7,15,23,19,17,13,16,20,5,21,1],[7,11,19,3,23,15,17,13,16,20,5,21,1],[11,23,19,15,7,3,17,13,16,20,21,5,18,1],[19,7,23,11,3,15,17,13,20,16,6,21,5,1],[11,15,19,7,3,23,13,17,20,16,5,21,22,14,1,10,18],[23,19,3,15,11,7,17,13,16,20,5,21,4,1],[7,15,19,11,23,3,13,17,16,20,5,21,1],[11,19,7,3,23,15,13,17,20,16,5,21,9,12,1],[3,15,7,19,23,11,17,13,16,20,5,21,18,8,10,1],[3,15,11,23,19,7,17,13,16,20,5,21,2,9,12,1],[3,23,19,11,7,15,13,17,20,16,5,21,14,1,18],[11,3,19,15,7,23,17,13,20,16,5,21,12,6,2,18,22,1],[15,19,23,7,3,11,17,13,16,20,5,18,21,1],[19,3,11,7,15,23,13,17,20,16,5,24,21,22,1],[19,11,7,23,15,3,17,13,16,20,5,21,1],[11,7,19,15,3,23,13,17,20,16,5,21,6,14,22,18,1],[11,19,3,15,23,7,13,17,20,16,21,5,4,1],[19,3,11,15,23,7,17,13,20,16,5,24,21,18,10,4,1],[19,3,11,7,23,15,17,13,20,16,5,21,1],[15,11,19,23,3,7,13,17,16,20,5,21,10,1],[3,15,7,19,23,11,17,13,20,16,5,21,1],[3,23,19,11,15,7,13,17,20,16,5,21,24,12,1],[7,3,23,19,11,15,17,13,16,20,5,21,4,1],[3,11,7,15,23,19,13,17,20,16,5,22,21,4,1],[15,7,23,3,11,19,17,13,20,16,5,1,18,21],[7,15,23,11,3,19,13,17,16,20,5,21,1],[19,7,15,3,11,23,13,17,16,20,5,21,1],[23,11,15,7,19,3,17,13,16,20,5,21,1],[11,19,23,7,15,3,17,13,16,20,5,8,21,18,9,1,12],[15,7,11,19,23,3,13,17,20,16,5,21,1],[7,23,15,11,19,3,17,13,20,16,21,5,1],[3,11,15,7,19,23,17,13,20,16,5,21,1],[11,3,23,7,19,15,17,13,20,16,5,21,1],[19,3,11,23,7,15,17,13,20,16,21,5,1],[23,19,15,7,11,3,13,17,16,20,5,21,1],[19,7,23,11,3,15,17,13,16,20,5,21,10,6,4,1],[11,15,3,19,7,23,13,17,20,16,5,21,1],[11,19,3,15,7,23,13,17,20,16,5,21,6,10,24,1],[3,19,15,23,7,11,17,13,20,16,5,2,21,1],[11,19,15,7,3,23,13,17,20,16,5,21,18,1],[23,11,3,19,7,15,13,17,20,16,5,21,10,2,8,1],[3,15,7,23,19,11,13,17,20,16,5,21,1],[11,3,23,7,15,19,13,17,20,16,5,21,9,1,12],[23,3,11,15,7,19,17,13,20,16,5,24,21,1],[23,7,11,3,19,15,17,13,16,20,5,21,4,1],[15,23,11,3,19,7,17,13,20,16,5,21,1],[7,23,3,19,11,15,13,17,16,20,5,21,2,1],[7,11,23,19,15,3,17,13,16,20,5,21,1],[23,11,15,19,3,7,13,17,16,20,5,21,22,4,1],[23,3,19,11,7,15,13,17,20,16,5,21,4,2,1],[3,11,7,15,19,23,17,13,20,16,5,21,22,1],[19,3,11,23,7,15,13,17,16,20,5,21,2,22,1],[3,11,23,15,19,7,17,13,20,16,5,22,21,2,1],[11,3,23,19,15,7,13,17,16,20,5,21,10,1],[19,7,11,23,15,3,17,13,20,16,5,21,1],[11,23,15,3,7,19,17,13,20,16,5,21,1],[19,3,7,15,23,11,17,13,20,16,5,21,1],[3,15,23,11,19,7,17,13,16,20,5,22,6,21,18,2,1],[19,23,15,7,11,3,13,17,16,20,5,21,1],[23,3,7,15,19,11,17,13,20,16,5,21,1],[7,15,11,19,3,23,17,13,16,20,5,6,14,21,2,1,4],[19,23,3,11,15,7,13,17,20,16,5,22,21,1],[19,15,3,11,7,23,17,13,16,20,5,24,21,4,12,1],[23,3,7,19,15,11,17,13,20,16,5,21,1],[11,7,15,3,23,19,17,13,20,16,5,21,22,12,6,24,2,1],[23,15,7,3,11,19,17,13,16,20,5,21,12,1],[7,11,23,3,19,15,13,17,16,20,5,21,1],[23,7,11,19,3,15,13,17,16,20,5,24,21,1],[3,19,23,11,15,7,13,17,20,16,5,21,4,1],[11,15,7,3,23,19,13,17,20,16,5,21,4,1],[19,11,23,15,3,7,17,13,16,20,5,1,21],[19,3,7,15,11,23,13,17,16,20,5,21,1],[7,11,3,23,19,15,13,17,20,16,5,21,6,4,1],[19,3,7,23,11,15,17,13,16,20,5,21,1],[15,19,11,7,3,23,17,13,16,20,5,24,21,4,1],[23,3,19,15,11,7,13,17,20,16,18,5,21,2,1],[7,23,3,19,15,11,17,13,20,16,5,24,21,10,14,1,4],[23,19,3,7,15,11,17,13,16,20,21,5,14,18,2,1],[15,7,11,23,3,19,17,13,20,16,5,21,8,1],[7,23,11,19,15,3,17,13,20,16,5,21,8,1],[7,19,3,11,23,15,17,13,20,16,5,21,14,1,8,10,9,12,4],[7,11,19,3,15,23,13,17,20,16,5,21,14,1,2,18],[23,19,7,3,11,15,13,17,16,20,5,21,14,4,1],[19,23,3,11,7,15,13,17,16,20,21,5,2,1],[11,19,15,23,3,7,17,13,20,16,5,21,1],[7,15,23,19,3,11,17,13,20,16,5,21,4,1],[15,11,19,3,7,23,17,13,16,20,8,24,21,6,5,1],[3,19,23,15,7,11,17,13,20,16,5,21,1],[7,23,15,3,19,11,17,13,16,20,5,21,4,1],[3,19,15,11,7,23,13,17,16,20,5,22,21,4,1],[7,15,23,11,19,3,17,13,20,16,5,21,2,4,1],[3,19,23,11,15,7,17,13,16,20,8,1,21,5],[3,19,23,15,7,11,17,13,16,20,5,22,21,1],[7,19,3,23,11,15,17,13,16,20,5,22,21,4,1],[11,7,19,23,3,15,13,17,16,20,5,21,2,18,14,1],[11,15,7,3,19,23,17,13,16,20,5,21,22,14,18,1],[15,11,7,19,23,3,17,13,20,16,21,5,1],[19,7,11,15,3,23,13,17,16,20,5,21,2,9,1,12],[15,3,7,23,11,19,13,17,20,16,5,4,21,1],[23,19,15,3,7,11,13,17,16,20,5,21,6,1],[19,11,23,15,7,3,17,13,20,16,5,21,1],[15,11,19,7,3,23,13,17,16,20,5,22,21,4,1],[3,11,19,23,7,15,13,17,20,16,5,21,8,1],[11,3,7,15,19,23,17,13,20,16,5,22,21,1],[11,19,7,15,23,3,17,13,20,16,5,21,8,10,6,1],[11,23,3,15,7,19,13,17,20,16,5,21,12,1],[15,23,19,7,3,11,13,17,20,16,5,21,18,1],[7,3,23,15,11,19,17,13,20,16,5,21,1],[23,7,11,3,15,19,13,17,20,16,5,21,1],[15,23,19,7,11,3,13,17,20,16,5,21,18,1],[19,15,7,11,3,23,17,13,20,16,5,1,21],[11,7,23,19,3,15,13,17,16,20,5,21,4,1],[15,11,7,19,3,23,17,13,20,16,5,21,10,4,1],[23,11,7,3,19,15,17,13,16,20,5,21,18,4,1],[11,7,3,19,15,23,17,13,20,16,21,5,9,12,2,1],[19,11,7,3,23,15,13,17,16,20,5,21,1],[3,7,15,23,19,11,13,17,20,16,5,21,1],[3,11,7,15,19,23,17,13,16,20,5,21,2,4,1],[11,15,19,7,3,23,13,17,16,20,5,21,22,2,24,10,4,1],[7,23,3,11,19,15,13,17,16,20,5,21,1],[11,15,19,23,3,7,17,13,16,20,5,22,24,21,1],[15,7,3,23,11,19,13,17,20,16,5,21,1],[19,7,15,3,23,11,17,13,16,20,21,5,1],[7,15,19,3,11,23,17,13,20,16,5,21,2,1],[3,11,23,19,7,15,13,17,16,20,5,21,4,1],[11,19,7,23,15,3,13,17,20,16,5,21,9,1,24,12],[7,19,3,11,15,23,17,13,16,20,5,21,1],[7,19,11,23,15,3,17,13,20,16,5,24,21,22,18,1],[19,11,15,23,7,3,13,17,16,20,5,1,21],[19,3,23,15,7,11,13,17,16,20,5,21,24,1],[23,15,11,19,7,3,17,13,16,20,5,1,21],[15,11,23,19,7,3,17,13,20,16,5,21,10,1],[7,11,23,15,19,3,17,13,20,16,5,21,4,1],[15,11,7,23,19,3,17,13,20,16,5,4,1,21],[23,15,7,3,11,19,13,17,20,16,5,21,4,1],[23,19,15,7,3,11,17,13,16,20,5,21,24,1],[7,3,23,19,11,15,17,13,20,16,5,21,2,1],[15,23,19,3,11,7,17,13,20,16,6,5,21,1],[11,15,3,19,23,7,13,17,16,20