{"problem_id":"lEKdcs2hGgTa1g5","sigma":150,"alpha":1.000,"cost":0,"probabilities":"[0.28, 0.09, 0.42, 0.21]","payoff_matrix":"[[35, -166, 323, 13, 149, -92], [35, -24, -120, -171, 66, 26], [-51, 11, -183, 63, 25, -7], [97, -35, -14, 180, -75, 232]]","uncovered":[[11,23,3,19,7,15,13,17,16,20,5,21,1,4,12,8,18,14,24,9,22,6,2,10],[3,23,15,19,7,11,13,17,20,16,5,21,1,4,12,24,18,14,22,9,8],[19,23,3,15,7,11,13,17,20,16,5,21,1,18,14,4,10,8,24,9,12,6,2,22],[15,7,11,23,3,19,17,13,16,20,5,21,1,4,9,12,18,14,24,6,2,22,8],[3,23,19,7,15,11,13,17,20,16,5,21,1,6,10,9,12,22,4,18,14,8,24,2],[15,11,7,19,23,3,13,17,16,20,5,21,1,18,14,4,9,12,8,24,6,22,10],[3,15,11,7,19,23,17,13,16,20,5,21,1,12,18,14,4,22,9,8,24,10,6],[3,23,7,19,11,15,17,13,20,16,5,21,1,4,12,18,14,10,6,24,22,9,8],[7,15,11,23,19,3,13,17,20,16,5,21,1,2,4,18,14,24,9,12,22],[11,7,15,23,19,3,17,13,16,20,5,21,1,12,14,18,4,24,22,10,6,2,8],[19,7,3,23,15,11,13,17,16,20,5,21,1,4,9,12,18,14,8,2,24,22,6,10],[19,23,3,11,7,15,13,17,20,16,5,21,1,4,2,18,14,9,12,24,22,8],[23,19,11,7,15,3,13,17,20,16,5,21,1,24,10,6,4,18,14,8,9,12,2,22],[19,23,7,15,11,3,13,17,16,20,5,21,1,4,8,9,12,18,14,22,24],[23,3,15,7,19,11,17,13,16,20,5,21,2,1,10,18,14,4,22,9,12,24,6,8],[23,19,3,15,11,7,13,17,16,20,5,21,1,4,14,18,9,12,24,22,8,2,6,10],[23,3,19,7,11,15,17,13,20,16,5,21,4,1,18,14,9,12,22,24,8,10,2,6],[3,7,11,15,23,19,13,17,20,16,5,21,1,4,18,22,14,12,6,24,8,2,9,10],[11,3,23,19,7,15,13,17,20,16,5,21,1,2,4,22,12,9,18,14,6,24,8],[19,3,11,23,7,15,13,17,20,16,5,21,1,18,14,2,4,22,9,12,24,8],[11,23,15,7,19,3,13,17,16,20,5,21,1,22,4,9,12,14,18,24,2,8],[7,11,23,19,15,3,17,13,16,20,5,21,1,4,12,24,18,14,8,22,9,2,6,10],[3,19,11,15,23,7,17,13,20,16,5,21,1,14,18,4,10,22,9,12,24,6,2,8],[11,15,3,7,23,19,17,13,16,20,5,21,1,18,2,14,4,10,24,9,12,22,6],[3,19,7,23,11,15,13,17,20,16,5,21,1,14,18,4,10,2,8,22,24,9,12],[11,23,7,19,15,3,13,17,16,20,5,21,1,4,10,14,18,24,9,12,6,22,8],[7,11,3,23,19,15,13,17,20,16,5,21,1,2,12,6,14,18,4,22,9,24],[7,11,19,23,15,3,13,17,16,20,5,21,1,14,18,4,12,24,6,9,22,2,8],[7,19,11,3,15,23,17,13,16,20,5,21,1,2,18,14,4,24,10,12,6,22],[15,19,11,3,7,23,17,13,20,16,5,21,1,4,14,18,24,9,12,8,6,22,10,2],[7,15,19,3,23,11,17,13,20,16,5,21,1,22,2,4,14,18,12,6,24,10,9],[23,19,15,11,3,7,13,17,16,20,5,21,1,4,9,12,14,18,24,22,6,8,2],[3,11,23,15,19,7,13,17,16,20,5,21,1,4,22,18,14,10,8,9,12,24,2],[3,11,19,15,23,7,17,13,20,16,5,21,1,18,14,4,10,9,12,22,24,6,2,8],[7,11,3,23,19,15,17,13,20,16,5,21,1,4,22,18,14,12,24,6,10,9,2,8],[23,11,3,15,7,19,17,13,16,20,5,21,1,4,9,12,14,18,24,2,10,6,22,8],[19,15,11,7,23,3,17,13,20,16,5,21,1,22,4,14,18,10,8,24,9,12,2],[11,3,7,15,23,19,13,17,20,16,5,21,1,14,18,4,22,10,24,9,12,8,6],[15,19,11,23,3,7,13,17,20,16,5,21,1,4,24,18,14,10,12,8,2,9,22],[15,23,7,19,11,3,17,13,20,16,5,21,1,9,12,10,4,18,14,22,6,24,2,8],[7,11,23,19,3,15,17,13,20,16,5,21,1,4,14,18,10,8,24,9,12,22],[15,7,11,3,19,23,13,17,16,20,5,21,1,22,2,6,18,14,4,9,12,24,8,10],[11,19,3,23,7,15,13,17,16,20,5,21,1,24,2,4,14,18,12,8,9,22,6,10],[7,15,11,19,3,23,13,17,20,16,5,21,1,4,9,12,18,14,2,24,22,6,10,8],[23,3,7,15,19,11,13,17,16,20,5,21,1,2,4,10,24,14,18,12,6,22,9,8],[11,23,3,15,19,7,17,13,20,16,5,21,1,2,12,14,18,4,24,6,10,22,9],[11,23,7,19,3,15,17,13,16,20,5,21,1,9,12,4,14,18,24,10,22,6,2,8],[19,15,23,3,11,7,13,17,16,20,5,21,1,22,2,18,14,4,10,12,9,6,24],[7,23,19,11,3,15,13,17,20,16,5,21,1,4,18,14,10,24,22,9,12,6,8,2],[7,23,3,15,11,19,13,17,16,20,5,21,1,4,14,18,10,24,12,8,22,6,2,9],[23,7,11,15,19,3,13,17,16,20,5,21,1,9,12,4,24,18,14,22,2,8,10,6],[11,19,3,7,23,15,13,17,16,20,5,21,1,4,2,6,10,9,12,18,14,24,8,22],[19,15,23,7,3,11,17,13,20,16,5,21,1,2,12,8,14,18,4,24,22,9,10,6],[11,3,19,15,23,7,17,13,16,20,5,21,1,2,4,18,14,12,24,9,8,10,22,6],[19,11,15,23,7,3,13,17,16,20,5,21,1,4,9,12,18,14,24,10,8,22,6,2],[7,15,19,3,23,11,17,13,20,16,5,21,1,4,22,6,12,10,8,14,18,24],[11,7,3,23,19,15,17,13,16,20,5,21,1,4,12,24,8,18,14,6,10,22],[3,11,19,7,15,23,13,17,20,16,5,21,1,4,12,14,18,24,22,9,6,10,2,8],[23,3,7,11,19,15,17,13,20,16,5,21,1,2,12,18,14,4,22,10,24,6,9,8],[23,15,11,7,3,19,13,17,16,20,5,21,1,4,14,18,9,12,24,8,6,22],[11,15,19,23,7,3,13,17,20,16,5,21,2,4,1,6,10,24,18,14,12,8,22],[23,19,15,3,7,11,17,13,16,20,5,21,1,4,22,6,14,18,9,12,24,8,10,2],[19,7,15,11,23,3,17,13,16,20,5,21,1,2,4,9,12,10,14,18,24,8,6,22],[11,3,7,23,15,19,17,13,16,20,5,21,1,4,10,14,18,24,12,8,2,6,22,9],[19,7,3,11,23,15,13,17,16,20,5,21,1,24,18,14,4,12,8,22,2,9],[15,11,3,7,19,23,17,13,20,16,5,21,1,4,18,14,9,12,24,22,6,8,10,2],[15,11,7,19,3,23,17,13,16,20,5,21,1,8,4,22,18,14,10,24,9,12,2,6],[11,19,3,23,15,7,13,17,16,20,5,21,1,10,14,18,4,2,8,12,24,6,22],[7,23,11,19,3,15,13,17,20,16,5,21,1,4,10,12,14,18,24,22,8,9,6,2],[15,23,7,19,3,11,13,17,20,16,5,21,1,4,10,8,14,18,24,12,6,22],[7,23,11,19,15,3,13,17,20,16,5,21,1,2,9,12,4,14,18,24,22,10,6,8],[19,11,3,23,15,7,13,17,16,20,5,21,1,12,2,4,24,14,18,10,22,8],[11,15,19,3,7,23,13,17,20,16,5,21,2,1,18,14,4,24,6,10,12,22,8],[19,3,11,15,23,7,13,17,16,20,5,21,1,2,8,4,18,14,24,10,12,22,9],[19,11,7,3,15,23,17,13,16,20,5,21,1,14,18,4,10,24,9,12,8,6,22,2],[15,7,23,19,3,11,13,17,20,16,5,21,1,4,12,14,18,22,24,2,8,10,6],[7,3,11,15,23,19,13,17,20,16,5,21,1,4,9,12,18,14,22,8,10,24,6],[15,11,19,7,23,3,13,17,20,16,5,21,1,4,24,14,18,9,12,22,10,8,6],[15,19,7,23,11,3,13,17,16,20,5,21,1,10,2,4,24,18,14,22,8,12,6],[23,15,19,7,11,3,17,13,16,20,5,21,1,4,12,14,18,9,22,8,2,6,24,10],[19,11,7,3,15,23,13,17,16,20,5,21,1,4,12,9,24,14,18,2,6,22,10,8],[7,11,23,15,3,19,17,13,20,16,5,21,1,14,18,4,10,24,6,8,9,12,22],[3,7,19,15,23,11,13,17,16,20,5,21,1,4,14,18,12,22,24,9,8,2,6],[7,23,19,15,11,3,13,17,20,16,5,21,1,2,12,18,14,4,24,8,9],[19,7,15,3,11,23,17,13,16,20,5,21,1,2,4,10,14,18,9,12,24,6,22,8],[15,19,3,11,23,7,13,17,16,20,5,21,1,4,14,18,9,12,24,22,2],[7,3,15,23,11,19,13,17,20,16,5,21,1,12,4,14,18,8,24,9,6,22,2],[3,11,23,7,15,19,13,17,16,20,5,21,1,14,18,4,12,22,8,2,24,9],[3,7,11,23,15,19,13,17,20,16,5,21,1,18,2,14,4,6,9,12,22,24,8],[23,11,3,15,7,19,13,17,16,20,5,21,1,14,18,4,9,12,22,24,8,10,2],[23,7,11,3,19,15,13,17,20,16,5,21,1,2,14,18,4,10,12,22,24],[3,19,11,7,15,23,17,13,16,20,5,21,1,18,14,4,10,12,24,6,22,8,2,9],[23,15,3,19,11,7,13,17,20,16,5,21,1,9,12,4,14,18,24,10,6,22,2,8],[7,3,15,11,23,19,13,17,16,20,5,21,1,18,14,4,10,12,22,24,6],[11,7,15,19,23,3,13,17,20,16,5,21,1,18,14,4,9,12,24,22,8,2,6],[3,15,11,7,19,23,17,13,16,20,5,21,1,18,14,4,9,12,22,24,8,6,2],[23,15,7,3,11,19,17,13,16,20,5,21,1,10,4,12,18,14,8,24,6,22,9],[19,23,15,7,3,11,13,17,16,20,5,21,1,12,4,18,14,24,22,9,10,2,6,8],[7,11,3,23,15,19,13,17,16,20,5,21,1,4,9,12,6,18,14,22,2,24,10,8],[11,19,15,3,23,7,17,13,20,16,5,21,1,4,8,14,18,12,22,24,6,10],[23,11,7,3,19,15,13,17,20,16,5,21,1,14,18,4,24,10,6,12,22,9,2],[15,19,3,11,7,23,17,13,20,16,5,21,1,4,18,14,8,6,12,24,22,10,9],[3,15,7,23,19,11,13,17,16,20,5,21,1,4,8,14,18,9,12,24,22,10],[23,7,15,3,19,11,13,17,16,20,5,21,1,14,18,4,22,12,2,9,24,10,8,6],[15,19,11,23,3,7,13,17,20,16,5,21,1,4,22,9,12,18,24,14,2,6,10,8],[19,7,23,15,11,3,13,17,20,16,5,21,1,4,2,9,12,14,18,22,24,10,6,8],[23,7,3,15,19,11,13,17,16,20,5,21,1,8,4,14,18,9,12,6,24,22,2],[11,3,7,19,15,23,17,13,20,16,5,21,1,4,18,14,9,12,22,24,8,2],[11,3,7,23,19,15,13,17,20,16,5,21,1,4,12,18,14,22,2,24,8,9],[7,3,23,19,15,11,13,17,16,20,5,21,1,14,18,4,9,12,24,10,6,8,22],[11,23,15,7,19,3,17,13,20,16,5,21,1,14,18,4,9,12,22,24,8,6,2],[11,3,23,15,19,7,13,17,16,20,5,21,1,4,18,14,10,8,22,9,12,24,6],[19,3,23,7,11,15,13,17,16,20,5,21,1,4,8,9,12,18,14,10,24,22,2,6],[3,7,19,23,11,15,13,17,20,16,5,21,1,4,18,14,10,9,12,24,2,6,8,22],[7,19,23,3,15,11,17,13,16,20,5,21,1,4,14,18,10,24,22,6,9,12,2],[15,7,19,3,23,11,17,13,16,20,5,21,1,4,12,18,14,24,22,10,2,8,6,9],[11,23,15,19,7,3,13,17,20,16,5,21,1,12,22,2,4,14,18,6,10,24,8],[7,15,23,11,19,3,17,13,20,16,5,21,1,4,10,8,18,14,24,12,9,2,22,6],[19,3,7,23,15,11,17,13,20,16,5,21,1,14,18,4,12,24,22,10,8,9,6],[15,11,23,3,7,19,17,13,16,20,5,21,1,2,12,22,4,14,18,24,9,10,8],[3,19,15,23,11,7,17,13,16,20,5,21,1,12,10,4,18,14,24,8,22,9,6],[7,11,3,23,19,15,13,17,16,20,5,21,1,2,9,12,14,18,4,24,22,8,10],[11,3,23,7,15,19,13,17,20,16,5,21,1,4,9,12,18,14,8,24,22,6,2],[15,23,7,19,11,3,13,17,16,20,5,21,1,4,24,6,2,10,9,12,14,18,8,22],[7,11,3,15,23,19,17,13,20,16,5,21,1,14,18,4,24,10,9,12,22,8,6],[3,15,7,19,11,23,17,13,16,20,5,21,4,1,12,24,18,14,22,6,9,8,10,2],[7,11,3,19,23,15,13,17,20,16,5,21,1,2,4,12,18,14,24,22,8,10],[3,7,15,23,19,11,13,17,16,20,5,21,1,18,14,4,9,12,22,24,10,8],[23,11,3,7,15,19,13,17,16,20,5,21,1,4,18,14,12,22,9,8,24],[3,11,23,15,19,7,13,17,16,20,5,21,1,18,14,4,9,12,24,22,2],[7,15,11,23,19,3,13,17,16,20,5,21,2,1,12,4,22,18,14,24,10,8,6],[19,7,11,3,23,15,17,13,16,20,5,21,1,12,14,18,4,8,24,22,10,9,2,6],[3,7,11,19,23,15,13,17,16,20,5,21,1,2,4,10,22,14,18,9,12,24,8,6],[3,19,15,23,11,7,17,13,16,20,5,21,1,9,12,24,4,8,18,14,22,2],[19,3,7,23,15,11,13,17,16,20,5,21,1,2,14,18,4,10,6,8,24,9,12,22],[19,23,15,3,7,11,13,17,20,16,5,21,1,6,10,24,4,8,14,18,22,9,12],[3,7,15,23,11,19,13,17,20,16,5,21,1,2,14,18,4,9,12,24,22],[23,11,7,3,19,15,13,17,20,16,5,21,1,22,18,14,4,10,12,9,24],[23,15,7,19,11,3,17,13,20,16,5,21,1,4,10,6,18,14,24,2,9,12,8,22],[15,3,11,7,23,19,13,17,16,20,5,21,1,14,18,4,9,12,22,24,8,6],[23,19,15,7,11,3,13,17,20,16,5,21,1,2,14,18,4,12,24,10,6,22],[15,23,7,19,11,3,13,17,16,20,5,21,1,4,18,14,10,24,22,9,12,8,6,2],[19,7,3,11,15,23,17,13,20,16,5,21,1,14,18,4,10,24,9,12,6,22],[3,23,7,19,11,15,17,13,16,20,5,21,1,4,12,22,14,18,9,24,6,2,10],[15,11,19,23,7,3,17,13,20,16,5,21,1,2,4,14,18,24,9,12,10,6,22,8],[19,11,3,23,7,15,13,17,20,16,5,21,1,4,14,18,24,9,12,22,6,8,2,10],[7,23,15,3,19,11,13,17,16,20,5,21,1,2,14,18,4,24,10,9,12,22,6,8],[19,11,15,23,3,7,13,17,16,20,5,21,1,14,18,4,10,24,22,6,12,8,2,9],[15,19,3,7,11,23,17,13,20,16,5,21,1,14,18,2,4,9,12,24,6,8,10,22],[19,15,11,3,23,7,13,17,16,20,5,21,1,2,4,24,8,14,18,12,9,22,10,6],[11,19,15,7,3,23,17,13,20,16,5,21,1,12,4,24,14,18,10,2,6,9,8,22],[19,23,7,15,3,11,13,17,20,16,5,21,1,2,4,18,14,9,12,24,22,6,8],[15,23,3,7,19,11,17,13,20,16,5,21,1,4,12,14,18,24,22,6,9,8],[11,3,7,23,19,15,17,13,16,20,5,21,1,4,12,2,8,14,18,24,10,9,22,6],[19,11,15,3,23,7,13,17,20,16,5,21,1,4,12,14,18,8,22,24,9],[7,15,3,23,19,11,13,17,16,20,5,21,1,4,9,12,6,24,10,2,8,18,14,22],[11,3,23,19,15,7,17,13,16,20,5,21,1,4,18,12,14,22,8,9,24],[11,15,7,19,23,3,13,17,20,16,5,21,1,22,4,9,12,14,18,2,24,6],[15,7,19,23,3,11,17,13,20,16,5,21,1,4,9,12,14,18,24,2,10,22,8,6],[19,23,7,15,3,11,13,17,20,16,5,21,1,2,4,18,14,12,8,24,22,6],[19,3,23,15,7,11,17,13,16,20,5,21,1,4,14,18,10,9,12,24,8,22,6],[3,11,23,15,19,7,13,17,20,16,5,21,1,2,14,18,4,24,10,9,12,22,6],[19,23,7,15,11,3,17,13,20,16,5,21,1,22,4,24,9,12,8,10,18,14],[19,11,3,23,15,7,13,17,16,20,5,21,1,18,14,4,24,12,6,22,2,9,8,10],[3,19,11,7,15,23,13,17,20,16,5,21,1,22,4,10,14,18,24,8,9,12],[7,15,3,11,19,23,13,17,16,20,5,21,1,4,6,12,14,18,24,22,8,9,2],[15,19,11,7,23,3,13,17,16,20,5,21,1,2,24,22,18,14,4,12,6,9,8],[23,19,7,3,11,15,13,17,20,16,5,21,1,12,6,22,4,2,9,18,14,24,10,8],[7,11,15,3,23,19,17,13,20,16,5,21,1,4,12,14,18,6,24,22,10,9,2,8],[19,23,7,15,11,3,17,13,16,20,5,21,1,4,14,18,24,12,2,9,22,6],[7,11,3,15,19,23,17,13,16,20,5,21,1,4,10,8,22,14,18,24,9,12,2,6],[23,3,15,19,7,11,17,13,16,20,5,21,1,4,10,14,18,24,8,9,12,22],[11,15,7,23,3,19,17,13,20,16,5,21,4,1,2,10,18,14,24,22,12,8,9],[11,19,15,3,23,7,13,17,16,20,5,21,1,4,10,18,14,12,24,9,8,2,22,6],[11,3,7,15,23,19,13,17,20,16,5,21,1,18,14,4,10,24,12,22,8,2,9],[23,3,7,15,11,19,13,17,20,16,5,21,4,1,9,12,18,14,24,22,2,6,8,10],[19,3,23,7,15,11,13,17,16,20,5,21,1,9,12,18,4,14,22,6,24,8,2,10],[3,19,23,7,11,15,17,13,20,16,5,21,1,6,4,9,12,14,18,22,8,24,2],[3,19,11,7,23,15,17,13,20,16,5,21,1,10,4,14,18,2,22,8,9,12,24],[15,11,23,3,7,19,17,13,16,20,5,21,1,4,18,14,9,12,24,10,22,6,2],[7,23,15,19,3,11,13,17,20,16,5,21,1,4,9,12,8,18,14,24,6,10,22,2],[19,15,23,11,3,7,17,13,16,20,5,21,1,4,14,18,9,12,22,24,6,10,8,2],[7,23,19,11,3,15,13,17,20,16,5,21,4,1,12,14,18,24,22,8,6,2,10,9],[15,3,23,11,7,19,13,17,16,20,5,21,4,1,8,9,12,14,18,22,24,2,6],[23,11,15,19,3,7,13,17,20,16,5,21,1,10,2,4,14,18,22,9,12,24,8],[11,15,7,19,23,3,17,13,16,20,5,21,1,4,9,12,14,18,24,6,8,22,10,2],[7,3,11,19,15,23,17,13,16,20,5,21,1,2,4,9,12,14,18,24,22,8],[23,15,7,19,11,3,17,13,16,20,5,21,1,18,4,14,10,24,9,12,8,2,22,6],[15,3,7,19,23,11,17,13,20,16,5,21,1,9,12,18,14,4,24,6,10,2,22],[19,3,15,11,23,7,13,17,16,20,5,21,1,18,14,4,9,12,2,22,8,24],[11,3,15,7,23,19,17,13,20,16,5,21,1,4,14,18,12,2,10,8,24,22,6,9],[19,11,23,15,7,3,13,17,16,20,5,21,4,1,12,14,18,6,22,24,8,10],[7,19,23,3,15,11,13,17,20,16,5,21,1,8,4,24,14,18,10,9,12,22,6],[11,7,19,3,15,23,17,13,20,16,5,21,1,14,18,4,10,9,12,24,8,22,2],[3,7,19,15,23,11,17,13,16,20,5,21,4,1,10,14,18,22,12,8,9,24],[3,15,7,23,11,19,13,17,16,20,5,21,1,4,18,14,9,12,24,8,22,2],[15,23,19,3,7,11,13,17,16,20,5,21,1,2,4,18,14,9,12,24,22,8,10,6],[23,7,15,11,19,3,17,13,16,20,5,21,1,24,4,10,14,18,9,12,8,22,6,2],[3,15,19,23,11,7,17,13,16,20,5,21,1,2,4,18,14,12,24,10,8,22,9,6],[7,11,23,15,19,3,13,17,16,20,5,21,1,24,2,14,18,4,10,8,22,12,9],[15,23,7,11,3,19,17,13,16,20,5,21,1,2,12,24,18,14,4,22,9,8],[15,11,23,7,3,19,13,17,16,20,5,21,1,4,24,14,18,9,12,8,22,2,10,6],[3,7,11,15,19,23,13,17,16,20,5,21,1,2,8,4,9,12,22,14,18,24,10,6],[19,3,7,11,23,15,13,17,16,20,5,21,1,4,18,14,10,24,6,12,9,2,8,22],[15,11,19,3,7,23,13,17,16,20,5,21,1,9,12,18,14,4,8,24,22,10,2,6],[11,15,7,19,23,3,13,17,20,16,5,21,1,2,10,9,12,4,18,14,24,22,6],[15,3,23,11,7,19,13,17,20,16,5,21,1,2,10,4,18,14,24,12,6,9,8,22],[7,3,15,19,23,11,17,13,20,16,5,21,1,14,18,4,24,12,22,8],[7,19,11,3,15,23,13,17,20,16,5,21,1,9,12,14,18,4,24,22,8,10,6,2],[15,3,19,7,11,23,17,13,16,20,5,21,1,4,14,18,9,12,6,24,22,8,10,2],[11,15,23,3,19,7,13,17,16,20,5,21,1,4,9,12,22,2,18,14,6,24,10,8],[23,15,19,11,7,3,17,13,20,16,5,21,1,2,8,4,6,9,12,22,14,18,24],[15,3,11,19,23,7,13,17,16,20,5,21,1,4,18,14,9,12,24,8,2,22,10],[15,19,11,3,23,7,17,13,20,16,5,21,1,4,9,12,6,14,18,24,22,8,2],[7,3,15,11,19,23,17,13,16,20,5,21,1,18,14,2,4,9,12,22,24,6],[11,3,7,15,23,19,13,17,20,16,5,21,1,2,4,18,14,10,22,24,12,8,6,9],[23,11,3,15,7,19,17,13,20,16,5,21,1,2,9,12,10,4,8,18,14,24,22,6],[19,15,3,11,7,23,13,17,20,16,5,21,1,4,12,10,14,18,24,2,6,22,8,9],[15,7,19,3,23,11,17,13,16,20,5,21,1,9,12,2,14,18,4,24,8,22],[11,23,7,15,3,19,17,13,20,16,5,21,1,4,12,18,14,22,24,6,10,9,2,8],[19,11,7,15,3,23,13,17,20,16,5,21,1,4,18,14,22,24,9,12,10,6],[15,11,3,19,7,23,13,17,16,20,5,21,1,4,8,14,18,9,12,24,22,2,6,10],[23,7,19,11,15,3,13,17,16,20,5,21,1,14,18,4,9,12,24,10,8,2,6,22],[19,3,7,15,23,11,17,13,16,20,5,21,1,2,4,18,14,22,9,12,24,8],[23,7,3,19,11,15,17,13,20,16,5,21,1,14,18,4,10,24,12,22,9,6],[11,15,23,7,19,3,13,17,16,20,5,21,1,4,14,18,24,8,9,12,22,10,2,6],[3,11,7,15,23,19,13,17,20,16,5,21,1,14,18,4,9,12,22,10,24,8],[15,19,3,7,23,11,17,13,16,20,5,21,1,2,14,18,4,9,12,24,6,22,10],[11,15,7,3,19,23,13,17,20,16,5,21,1,4,6,12,18,14,24,22,10,8,9,2],[11,3,19,23,15,7,13,17,16,20,5,21,1,2,18,14,4,24,9,12,22,8,6],[15,3,11,19,23,7,13,17,20,16,5,21,1,2,4,14,18,8,10,9,12,24,22,6],[11,3,7,19,15,23,17,13,16,20,5,21,1,2,4,9,12,14,18,22,24,8,10,6],[19,23,11,15,7,3,13,17,16,20,5,21,1,2,4,12,24,14,18,6,8,9,22],[7,3,11,15,19,23,17,13,20,16,5,21,1,2,4,14,18,12,24,22,6,9,10,8],[11,3,19,15,7,23,13,17,16,20,5,21,1,24,4,12,14,18,8,22,2,9,10],[3,7,19,15,11,23,17,13,20,16,5,21,1,22,4,6,9,12,14,18,24,2],[7,19,15,3,11,23,17,13,20,16,5,21,1,24,4,18,14,10,22,2,8,9,12,6],[15,7,11,23,19,3,13,17,16,20,5,21,1,4,10,6,14,18,22,24,9,12,8,2],[7,19,3,15,11,23,13,17,16,20,5,21,1,4,12,14,18,24,6,22,2],[11,15,23,3,7,19,13,17,20,16,5,21,1,10,4,2,6,14,18,24,22,9,12,8],[23,19,3,15,11,7,17,13,20,16,5,21,1,4,9,12,18,14,22,24,6,10,2,8],[3,11,15,23,7,19,13,17,16,20,5,21,1,9,12,2,10,6,18,14,4,24,22,8],[15,23,19,7,3,11,17,13,16,20,5,21,1,4,14,18,9,12,24,22,10,6,8,2],[11,7,15,23,19,3,17,13,20,16,5,21,1,4,9,12,18,14,22,24,2,8,10,6],[11,3,19,15,7,23,13,17,16,20,5,21,1,9,12,14,18,4,6,24,22,10],[23,11,3,7,15,19,17,13,16,20,5,21,1,4,24,12,18,14,8,22,2,10,9,6],[19,3,15,11,23,7,13,17,16,20,5,21,1,24,14,18,4,12,6,10,2,8,22,9],[23,11,15,19,7,3,17,13,16,20,5,21,1,2,14,18,4,12,9,24,22,8,6,10],[3,23,19,11,15,7,17,13,20,16,5,21,1,4,9,12,14,18,24,22,10,8,6,2],[23,3,15,7,19,11,13,17,16,20,5,21,1,4,8,14,18,10,22,12,6,24,2],[7,11,3,15,23,19,13,17,20,16,5,21,1,14,18,4,9,12,24,22,10,6,2,8],[3,7,15,11,19,23,13,17,20,16,5,21,1,4,12,18,14,22,24,9,6,8,10],[19,7,15,3,23,11,13,17,16,20,5,21,1,4,18,14,9,12,24,22,6,10,2,8],[11,7,23,15,19,3,17,13,20,16,5,21,1,9,12,4,14,18,22,24,8,10,2,6],[11,23,7,15,3,19,13,17,16,20,5,21,1,4,14,18,12,10,24,8,22,9],[15,7,3,19,23,11,17,13,16,20,5,21,1,4,9,12,2,14,18,24,10,22,8,6],[19,7,11,23,15,3,17,13,20,16,5,21,1,4,14,18,10,22,9,12,6,24,8,2],[15,7,23,19,3,11,13,17,20,16,5,21,1,12,8,10,4,18,14,24,2,22,6,9],[3,7,19,23,11,15,17,13,20,16,5,21,1,2,4,10,18,14,22,6,24,9,12,8],[23,3,19,7,15,11,13,17,16,20,5,21,1,10,8,4,14,18,12,22,24,6,2,9],[3,11,7,23,19,15,13,17,20,16,5,21,1,14,18,4,10,22,9,12,24,6,2,8],[23,15,3,19,11,7,13,17,20,16,5,21,1,4,12,2,9,22,14,18,24,10,8,6],[19,11,7,15,23,3,13,17,16,20,5,21,1,2,4,22,14,18,9,12,24,6],[7,11,19,15,3,23,13,17,20,16,5,21,1,4,22,12,24,2,14,18,9,8,6],[3,19,11,15,23,7,13,17,16,20,5,21,1,4,14,18,24,9,12,2,22,8,10],[23,15,19,7,3,11,17,13,16,20,5,21,1,2,4,14,18,12,24,6,22,9],[11,15,7,19,3,23,17,13,16,20,5,21,1,14,18,4,24,12,22,8,10,2,6,9],[15,11,7,23,19,3,17,13,16,20,5,21,1,14,18,4,22,9,12,24,8,6,10,2],[7,15,3,19,23,11,13,17,16,20,5,21,1,4,24,8,10,18,14,9,12,6,22,2],[3,7,19,11,15,23,13,17,16,20,5,21,1,4,14,18,9,12,22,24,2,10,8],[19,3,23,7,15,11,13,17,20,16,5,21,1,2,4,10,14,18,9,12,24,6,22,8],[3,11,7,19,15,23,13,17,16,20,5,21,1,6,4,18,14,22,10,12,24,8,9,2],[19,11,23,7,3,15,13,17,16,20,5,21,1,4,10,14,18,24,6,9,12,22,2],[23,19,3,15,11,7,13,17,16,20,5,21,1,9,12,2,14,18,4,24,6,8,22],[7,23,11,3,19,15,13,17,20,16,5,21,1,4,12,14,18,24,8,22,9,2,6],[7,11,23,3,15,19,13,17,16,20,5,21,1,4,12,24,14,18,22,10,8],[15,7,19,3,23,11,17,13,20,16,5,21,1,4,12,6,18,14,24,8,10,22,2],[7,3,19,11,15,23,13,17,16,20,5,21,1,4,14,18,10,24,22,12,8,6,2],[7,23,15,19,3,11,13,17,20,16,5,21,1,18,14,4,22,24,10,8,12,2,6,9],[11,19,3,15,7,23,13,17,16,20,5,21,1,2,18,14,4,9,12,22,8,24,10,6],[15,19,3,23,11,7,17,13,16,20,5,21,1,18,14,4,12,24,8,22,6,9,10],[7,3,11,23,19,15,17,13,16,20,5,21,1,18,14,4,12,8,24,9,22,6,2],[15,7,11,3,19,23,13,17,16,20,5,21,1,12,4,14,18,24,6,10,22,2,9,8],[7,15,11,19,23,3,17,13,20,16,5,21,1,4,9,12,2,6,24,18,14,22,10,8],[23,19,7,3,15,11,17,13,16,20,5,21,1,4,10,8,18,14,24,12,22,2],[19,15,23,3,7,11,17,13,16,20,5,21,1,12,4,18,14,24,8,22,10,9,6],[3,23,11,7,19,15,17,13,20,16,5,21,1,14,18,4,10,6,24,12,22,8,9,2],[19,7,3,15,23,11,17,13,16,20,5,21,1,2,4,6,18,14,10,22,9,12,8,24],[19,11,7,15,3,23,13,17,16,20,5,21,1,9,12,4,10,18,14,24,6,22],[23,11,7,3,15,19,17,13,16,20,5,21,1,10,2,4,14,18,24,6,22,12,8,9],[23,7,3,11,15,19,17,13,20,16,5,21,1,2,4,10,22,18,14,8,24,9,12],[3,15,11,23,19,7,17,13,16,20,5,21,1,2,22,4,18,14,9,12,24,8],[7,3,23,11,19,15,13,17,16,20,5,21,1,4,24,12,14,18,10,22,6,9,8,2],[19,3,23,7,11,15,13,17,20,16,5,21,1,4,18,2,14,12,9,24,22,6,8,10],[11,7,19,3,15,23,13,17,16,20,5,21,1,4,24,10,18,14,12,2,22,9,8,6],[3,11,19,15,23,7,17,13,16,20,5,21,1,4,24,18,14,8,10,22,9,12,2,6],[7,11,23,3,19,15,13,17,16,20,5,21,1,2,18,14,4,12,24,22,9,10,6,8],[11,19,3,15,23,7,13,17,20,16,5,21,1,4,10,18,14,6,2,9,12,24,22,8],[23,19,7,3,11,15,17,13,16,20,5,21,1,9,12,8,2,4,6,14,18,24,10,22],[11,23,19,7,15,3,17,13,20,16,5,21,1,10,2,12,6,4,9,14,18,22,24,8],[19,3,11,23,7,15,13,17,16,20,5,21,1,2,4,18,14,12,24,22,6,10,9,8],[7,19,11,3,15,23,13,17,20,16,5,21,1,8,10,4,14,18,24,9,12,22,2],[11,19,3,15,23,7,17,13,16,20,5,21,1,4,14,18,24,10,9,12,22,6,2,8],[23,15,19,11,3,7,17,13,16,20,5,21,1,14,18,4,8,12,10,22,24,2],[11,15,3,7,19,23,13,17,16,20,5,21,1,2,18,14,4,9,12,24,8,22,10],[23,7,11,3,19,15,17,13,16,20,5,21,1,4,12,14,18,24,8,9,22,2],[7,19,3,15,11,23,13,17,16,20,5,21,1,9,12,10,2,4,24,14,18,22,6],[23,15,11,3,7,19,13,17,16,20,5,21,1,4,12,8,14,18,24,22,6,10,9,2],[7,11,19,23,15,3,17,13,20,16,5,21,1,4,14,18,6,24,9,12,22,10,8],[7,15,3,19,23,11,17,13,16,20,5,21,1,4,12,6,8,2,9,18,14,22,24,10],[19,7,3,11,23,15,17,13,20,16,5,21,1,4,9,12,6,14,18,24,10,22,8,2],[19,23,7,11,15,3,17,13,20,16,5,21,1,10,4,24,12,18,14,6,2,8,9,22],[7,3,15,11,23,19,17,13,20,16,5,21,1,14,18,4,24,9,12,22,6,10,8],[23,11,15,7,19,3,17,13,20,16,5,21,1,8,4,24,22,10,18,14,6,12,9],[3,11,7,23,15,19,17,13,20,16,5,21,1,9,12,2,14,18,4,22,8,6,24,10],[15,23,11,3,19,7,13,17,20,16,5,21,1,4,18,14,9,12,24,22,8,2,6,10],[23,3,15,19,11,7,13,17,16,20,5,21,1,9,12,14,18,4,24,22,10,8,2,6],[15,7,11,23,3,19,13,17,16,20,5,21,1,4,14,18,10,24,9,12,8,22,6],[11,7,3,23,15,19,13,17,16,20,5,21,1,12,4,10,14,18,24,6,22,9],[19,7,11,15,23,3,17,13,20,16,5,21,1,9,12,18,14,4,24,8,10,6,22,2],[23,19,7,3,11,15,13,17,20,16,5,21,1,24,8,4,10,18,14,9,12,22],[15,23,7,19,3,11,17,13,16,20,5,21,1,10,4,9,12,6,18,14,2,24,8,22],[3,7,15,23,19,11,17,13,20,16,5,21,1,9,12,2,18,14,4,22,8,24],[11,19,15,3,7,23,17,13,20,16,5,21,1,4,9,12,22,14,18,2,24,6,8],[11,7,23,19,3,15,17,13,20,16,5,21,4,1,9,12,18,14,24,22,8,2],[3,19,11,7,23,15,13,17,20,16,5,21,1,10,2,4,22,12,24,18,14,6,8,9],[7,19,15,11,23,3,17,13,20,16,5,21,1,18,4,14,12,24,8,22,10,9,2,6],[15,19,11,7,23,3,17,13,16,20,5,21,1,4,14,18,10,22,24,8,9,12,2,6],[19,3,7,15,23,11,17,13,20,16,5,21,1,4,18,14,10,24,22,6,8,2,9,12],[3,15,23,19,7,11,17,13,20,16,5,21,1,4,10,18,14,9,12,24,2,8,22],[23,19,15,11,7,3,13,17,20,16,5,21,1,4,22,18,14,12,6,10,24,8,9],[15,11,19,23,7,3,17,13,16,20,5,21,1,4,18,14,24,9,12,6,8,10,22,2],[15,3,23,19,7,11,17,13,16,20,5,21,1,4,14,18,8,24,10,12,22,6],[3,7,19,15,11,23,13,17,20,16,5,21,1,2,6,4,14,18,12,24,8,22,9,10],[15,3,23,11,7,19,17,13,16,20,5,21,1,4,24,10,14,18,12,9,22,8,6,2],[19,7,3,15,23,11,13,17,16,20,5,21,1,4,2,18,14,10,24,9,12,6,22,8],[3,23,19,15,7,11,13,17,20,16,5,21,1,14,18,4,12,8,24,9,2,22],[7,15,3,23,19,11,17,13,16,20,5,21,1,18,14,4,12,24,22,8,2,9,10],[23,3,7,11,15,19,13,17,16,20,5,21,1,4,14,18,12,10,6,24,22,8],[23,3,19,15,11,7,17,13,16,20,5,21,1,4,14,18,6,9,12,24,8,10,2,22],[15,19,3,23,11,7,13,17,20,16,5,21,1,2,4,10,18,14,9,12,22,6,24,8],[11,7,19,15,3,23,13,17,16,20,5,21,1,2,18,14,4,9,12,22,24,6,8],[11,3,23,19,7,15,13,17,20,16,5,21,1,9,12,18,14,4,22,2,24,8,6],[23,3,11,15,7,19,13,17,16,20,5,21,1,18,2,14,4,9,12,24,22,8,10],[11,3,15,19,7,23,13,17,16,20,5,21,1,4,6,14,18,9,12,24,2,8,22,10],[7,23,19,15,11,3,17,13,16,20,5,21,1,4,14,18,24,10,6,22,9,12,8],[7,19,11,15,3,23,17,13,20,16,5,21,1,2,18,14,4,10,24,12,22,6,9,8],[15,3,23,19,7,11,17,13,20,16,5,21,1,18,14,4,22,10,24,12,9,6,2,8],[19,3,7,23,15,11,13,17,16,20,5,21,1,2,4,18,14,12,24,22,10,9,6],[11,15,23,7,19,3,13,17,16,20,5,21,1,4,18,14,9,12,24,10,8,22,6,2],[11,23,3,19,7,15,13,17,20,16,5,21,1,2,22,14,18,4,10,24,6,12,8,9],[23,19,7,11,15,3,17,13,16,20,5,21,1,4,14,18,24,10,12,6,22,2],[11,3,19,23,15,7,13,17,16,20,5,21,1,9,12,18,14,4,24,2,22,6,8],[19,7,11,3,15,23,13,17,16,20,5,21,1,22,4,18,14,12,24,8],[23,19,3,15,11,7,17,13,20,16,5,21,1,10,4,24,9,12,18,14,8,6,22],[11,7,3,15,19,23,17,13,20,16,5,21,1,18,14,4,24,9,12,22,6,2,8,10],[11,7,15,23,19,3,13,17,20,16,5,21,1,2,4,14,18,22,9,12,24,8],[3,15,7,23,11,19,17,13,20,16,5,21,1,4,10,12,8,22,6,18,14,24,9,2],[3,11,19,23,7,15,13,17,16,20,5,21,1,18,14,4,12,24,8,6,22,9,2],[23,19,7,11,3,15,17,13,16,20,5,21,1,2,14,18,4,22,12,24,10,8],[19,11,23,3,7,15,17,13,16,20,5,21,1,4,22,14,18,9,12,24,8],[7,3,15,23,19,11,13,17,16,20,5,21,1,4,10,24,12,22,18,14,8,6,2,9],[15,3,23,7,11,19,17,13,20,16,5,21,1,4,9,12,6,14,18,22,24,2,8],[7,23,11,19,15,3,17,13,20,16,5,21,1,4,2,10,22,14,18,24,12,8,9,6],[15,7,19,3,23,11,13,17,20,16,5,21,1,24,14,18,4,9,12,8,22,2],[3,7,23,11,19,15,13,17,16,20,5,21,1,18,14,4,12,24,2,6,22,10,8,9],[15,11,19,7,23,3,13,17,16,20,5,21,1,4,12,18,14,6,22,2,24,10,9,8],[7,15,19,3,23,11,17,13,20,16,5,21,1,10,24,4,18,14,12,6,22],[23,7,15,11,3,19,17,13,16,20,5,21,1,4,12,24,18,14,22,8,10,2,6],[15,3,19,23,7,11,17,13,16,20,5,21,1,4,9,12,8,14,18,24,22,2],[7,11,19,3,15,23,13,17,16,20,5,21,1,4,12,9,18,14,24,8,10,22,6,2],[15,7,23,3,11,19,17,13,16,20,5,21,1,2,18,4,14,22,6,10,9,12,8,24],[19,3,11,23,15,7,17,13,16,20,5,21,1,9,12,4,14,18,22,8,24,6,10,2],[15,19,3,23,11,7,13,17,20,16,5,21,1,2,6,10,18,14,4,24,22,12,9,8],[23,11,7,19,15,3,13,17,20,16,5,21,1,4,9,12,10,22,18,14,2,24],[7,23,19,3,11,15,17,13,20,16,5,21,1,4,22,14,18,6,9,12,8,24],[3,11,19,23,15,7,13,17,16,20,5,21,1,9,12,18,14,4,22,24,6,10,2,8],[19,7,3,15,23,11,17,13,16,20,5,21,2,1,22,4,9,12,6,14,18,24,8,10],[7,23,19,11,3,15,17,13,16,20,5,21,1,2,4,10,24,6,12,14,18,22,9],[11,7,23,15,3,19,17,13,16,20,5,21,1,4,18,14,12,24,6,2,22,8,10,9],[7,15,19,11,23,3,13,17,16,20,5,21,1,2,18,14,4,12,22,24,6,10,9,8],[15,11,7,23,3,19,17,13,16,20,5,21,1,2,10,4,24,18,14,8,22,9,12,6],[11,23,15,3,7,19,13,17,20,16,5,21,1,12,14,18,4,24,22,8,2,6,9,10],[15,7,19,3,23,11,13,17,20,16,5,21,2,1,4,12,10,14,18,24,22,9,6,8],[11,15,3,23,7,19,17,13,16,20,5,21,1,10,4,18,14,24,12,22,9,8],[11,3,7,15,19,23,17,13,16,20,5,21,1,2,14,18,4,12,22,8,10,24,6],[23,3,19,7,15,11,13,17,16,20,5,21,1,2,9,12,4,8,14,18,22,24,10],[7,19,23,15,11,3,13,17,20,16,5,21,1,4,9,12,18,14,22,24,6,10,2,8],[11,19,15,23,7,3,17,13,20,16,5,21,1,4,18,14,12,22,9,24,2,6,10],[15,3,23,7,19,11,13,17,16,20,5,21,1,10,4,14,18,24,22,9,12,2,6,8],[23,3,7,19,15,11,17,13,20,16,5,21,1,18,14,4,24,10,22,9,12,8,2,6],[15,11,23,3,19,7,13,17,20,16,5,21,1,10,18,14,4,22,24,9,12,8],[15,3,7,19,11,23,17,13,20,16,5,21,1,10,4,9,12,14,18,24,22,6,8,2],[23,7,19,15,11,3,17,13,20,16,5,21,1,4,12,8,6,24,18,14,22,10,2,9],[3,19,11,23,7,15,13,17,16,20,5,21,1,18,14,4,24,9,12,2,6,22,8],[23,3,11,7,19,15,13,17,16,20,5,21,1,4,14,18,12,22,24,6,2,10,9,8],[3,15,23,11,7,19,13,17,20,16,5,21,1,4,12,18,14,24,22,2,9,10,8,6],[3,11,7,23,19,15,17,13,20,16,5,21,1,2,4,14,18,22,12,9,24,6,10,8],[3,11,15,19,7,23,17,13,20,16,5,21,1,4,14,18,10,24,6,9,12,8,22,2],[23,11,15,19,7,3,13,17,20,16,5,21,1,4,6,9,12,14,18,24,2,8,22],[15,19,3,23,11,7,13,17,20,16,5,21,1,4,12,24,14,18,2,8,22,9],[3,11,23,19,15,7,17,13,16,20,5,21,1,4,18,14,10,2,9,12,24,6,22,8],[19,15,11,23,3,7,13,17,20,16,5,21,1,4,6,9,12,18,14,24,2],[15,23,11,19,7,3,13,17,20,16,5,21,1,12,2,10,9,8,18,14,4,22,24],[3,19,7,23,11,15,13,17,20,16,5,21,1,4,10,22,14,18,12,8,24,9,6],[19,7,3,15,23,11,17,13,20,16,5,21,1,4,12,24,6,2,10,18,14,22,8,9],[3,23,7,11,19,15,13,17,16,20,5,21,1,4,18,14,24,12,22,6,9,8,2,10],[19,23,15,3,7,11,13,17,20,16,5,21,1,4,18,14,10,24,22,9,12],[15,7,11,3,19,23,13,17,16,20,5,21,1,4,2,6,14,18,10,12,24,22,8,9],[3,19,15,7,23,11,13,17,16,20,5,21,1,4,8,9,12,18,14,24,22,6,2,10],[23,15,7,11,19,3,17,13,16,20,5,21,1,12,2,18,14,4,22,24,9,8,10,6],[3,19,23,15,7,11,17,13,16,20,5,21,1,10,4,24,14,18,22,8,12],[11,7,15,19,23,3,13,17,20,16,5,21,1,4,9,12,6,18,14,24,10,8,22,2],[15,3,23,7,11,19,13,17,16,20,5,21,1,14,18,4,12,2,22,6,24,10,8,9],[19,3,11,7,15,23,13,17,20,16,5,21,1,14,18,4,22,12,6,24,2,9,8],[11,23,3,7,15,19,17,13,16,20,5,21,1,2,14,18,4,12,24,8,22,10],[15,3,23,7,19,11,13,17,20,16,5,21,1,4,18,14,9,12,24,22,10,6,2,8],[3,7,23,11,19,15,17,13,20,16,5,21,1,12,2,4,14,18,24,8,22,6,10,9],[23,7,19,3,11,15,13,17,20,16,5,21,1,4,10,24,8,18,14,9,12,2,22],[15,19,3,7,23,11,13,17,16,20,5,21,1,4,14,18,12,9,22,2,24,6,10,8],[19,11,7,23,15,3,17,13,16,20,5,21,1,4,9,12,14,18,24,22,6,10,2],[7,23,19,11,15,3,17,13,16,20,5,21,1,18,14,4,24,2,10,9,12,22,6],[15,19,23,7,3,11,17,13,20,16,5,21,1,18,14,4,12,24,9,22,8,10],[15,11,23,7,19,3,13,17,20,16,5,21,1,9,12,22,2,4,14,18,8,24,10],[15,7,19,23,11,3,13,17,20,16,5,21,1,4,10,14,18,24,9,12,22,2,6,8],[15,19,23,7,11,3,17,13,20,16,5,21,1,4,18,14,10,12,24,22,9,2,6,8],[23,19,11,15,7,3,13,17,20,16,5,21,1,12,18,14,4,22,24,2,9,6,10,8],[23,11,19,3,7,15,17,13,16,20,5,21,1,2,4,10,22,9,12,14,18,6,24],[7,23,11,19,15,3,17,13,16,20,5,21,4,1,12,14,18,22,2,10,24,6,8],[19,11,15,23,7,3,17,13,20,16,5,21,1,4,18,24,14,12,8,9,6,22,2,10],[11,3,19,7,15,23,13,17,16,20,5,21,1,4,10,18,14,24,12,22,8,9,6],[7,3,23,11,15,19,17,13,16,20,5,21,1,4,12,24,8,14,18,22,9,10,6,2],[7,23,3,11,19,15,17,13,20,16,5,21,1,4,12,18,14,22,24,8,9,2,6,10],[3,15,11,23,19,7,17,13,20,16,5,21,1,10,2,4,18,14,24,22,6,12,8],[3,11,23,19,15,7,17,13,16,20,5,21,1,4,24,14,18,9,12,8,10,2,6,22],[11,15,19,23,3,7,17,13,20,16,5,21,1,9,12,18,14,4,24,22,6,8,10],[11,7,15,19,3,23,13,17,16,20,5,21,1,9,12,18,2,14,4,6,24,10,8,22],[19,11,15,23,3,7,17,13,20,16,5,21,1,4,18,14,12,24,6,2,22,9,10,8],[7,11,19,23,3,15,17,13,16,20,5,21,1,14,18,4,10,24,22,9,12,8,6],[11,3,15,19,23,7,17,13,20,16,5,21,1,4,24,14,18,9,12,8,22,10],[3,11,15,23,7,19,17,13,16,20,5,21,1,12,4,14,18,24,9,6,8,22],[11,15,7,3,23,19,17,13,20,16,5,21,1,2,4,9,12,10,18,14,22,8,24,6],[15,19,23,3,7,11,13,17,20,16,5,21,1,9,12,2,18,14,4,24,8,10,22],[23,7,19,11,15,3,13,17,20,16,5,21,1,14,18,4,10,22,8,2,24,6,9,12],[23,3,19,15,7,11,17,13,20,16,5,21,1,12,18,14,4,22,24,10,2,9,8,6],[23,7,19,11,3,15,17,13,16,20,5,21,1,4,14,18,10,24,8,22,6,9,12],[3,19,15,23,11,7,17,13,16,20,5,21,1,4,24,8,6,14,18,10,12,22,9,2],[15,7,3,11,19,23,13,17,16,20,5,21,1,2,24,4,8,14,18,9,12,22],[7,3,23,15,11,19,17,13,20,16,5,21,1,4,22,14,18,9,12,2,24,10,8],[19,11,3,23,15,7,17,13,16,20,5,21,1,4,9,12,14,18,24,8,22,6],[3,15,23,19,11,7,13,17,16,20,5,21,1,9,12,4,2,18,14,24,22,6],[11,7,15,23,19,3,13,17,16,20,5,21,1,4,12,6,8,10,14,18,24,9,22],[11,19,7,15,3,23,17,13,20,16,5,21,1,2,4,10,14,18,24,9,12,6,22,8],[11,23,19,3,15,7,13,17,20,16,5,21,1,18,14,4,9,12,24,22,10,6,8,2],[23,15,7,3,11,19,17,13,16,20,5,21,1,4,24,18,14,6,12,2,22,8,10,9],[15,19,11,23,7,3,13,17,20,16,5,21,1,18,14,4,10,24,22,12,8,2,9],[23,15,11,19,7,3,17,13,20,16,5,21,1,4,10,9,12,18,14,22,24,6,8],[15,7,23,11,19,3,17,13,16,20,5,21,1,4,6,24,14,18,9,12,2,10,22],[23,19,3,7,15,11,13,17,16,20,5,21,1,12,2,4,22,18,14,24,10,9,8],[3,7,23,15,11,19,13,17,16,20,5,21,1,2,4,10,18,14,24,22,9,12,6,8],[11,7,15,19,23,3,13,17,20,16,5,21,1,4,22,12,10,14,18,24,9,2,8],[7,3,15,23,11,19,17,13,16,20,5,21,1,4,18,14,10,22,24,12,2,9,6,8],[3,11,19,23,7,15,17,13,16,20,5,21,1,4,22,8,14,18,10,9,12,24],[19,7,3,11,15,23,17,13,20,16,5,21,1,10,4,18,14,24,9,12,6,8,22,2],[19,15,7,3,11,23,13,17,20,16,5,21,1,4,9,12,18,14,10,24,22,8,6],[3,7,15,11,19,23,13,17,20,16,5,21,1,4,14,18,9,12,24,22,2,10,8],[19,3,23,11,15,7,17,13,20,16,5,21,1,4,18,14,12,24,6,8,22,10],[19,23,11,3,7,15,17,13,16,20,5,21,1,18,14,4,10,9,12,22,2,24,6,8],[23,15,11,7,19,3,13,17,20,16,5,21,1,24,4,18,14,12,10,22,8],[11,3,19,15,23,7,13,17,20,16,5,21,1,4,18,14,24,10,22,8,9,12,6,2],[23,19,3,7,15,11,13,17,20,16,5,21,1,4,24,14,18,10,9,12,6,22,8],[11,7,3,19,23,15,13,17,20,16,5,21,1,18,14,4,22,9,12,6,10,8,2,24],[7,11,3,15,23,19,17,13,20,16,5,21,2,1,10,22,4,14,18,24,9,12,8,6],[3,23,11,15,19,7,13,17,20,16,5,21,1,2,14,18,4,10,22,6,24,12,9,8],[11,23,19,7,15,3,13,17,20,16,5,21,1,10,4,14,18,6,24,9,12,22,8,2],[15,3,11,23,19,7,13,17,20,16,5,21,1,4,18,14,12,22,2,10,9,6,24,8],[23,3,15,7,11,19,13,17,20,16,5,21,1,4,2,22,14,18,9,12,24,6],[19,23,7,3,11,15,17,13,16,20,5,21,1,12,18,14,4,24,6,22,2,9,8],[23,11,3,15,7,19,13,17,16,20,5,21,1,4,6,14,18,10,12,2,24,22,9],[19,7,3,11,23,15,13,17,20,16,5,21,1,4,10,12,6,22,18,14,24,9,8,2],[7,23,11,15,3,19,17,13,16,20,5,21,1,18,14,4,24,12,22,10,6,8,2,9],[15,3,11,23,19,7,17,13,20,16,5,21,1,2,4,9,12,14,18,24,22,10,6],[15,19,7,23,11,3,13,17,20,16,5,21,1,4,12,2,14,18,24,6,22,10],[19,15,11,7,3,23,13,17,20,16,5,21,1,4,2,10,18,14,24,9,12,6,22,8],[15,11,3,23,7,19,13,17,20,16,5,21,1,9,12,2,6,18,14,4,24,22,10,8],[15,23,19,3,7,11,13,17,16,20,5,21,1,4,10,14,18,24,9,12,8,2,22],[11,15,23,7,19,3,17,13,16,20,5,21,1,2,4,18,14,12,24,22,6,10,9],[15,23,19,3,11,7,13,17,20,16,5,21,1,4,6,10,18,14,22,8,24,9,12,2],[19,15,11,7,3,23,13,17,16,20,5,21,1,4,6,14,18,10,22,24,9,12,2,8],[3,19,7,11,15,23,17,13,16,20,5,21,1,4,6,9,12,24,14,18,22,2,8,10],[3,19,11,23,15,7,13,17,16,20,5,21,1,2,10,4,14,18,9,12,22,8,24,6],[23,11,3,15,19,7,13,17,16,20,5,21,1,4,9,12,24,8,14,18,2,10,22],[19,3,11,15,23,7,13,17,20,16,5,21,1,2,9,12,6,4,18,14,24,8,22,10],[19,3,23,11,15,7,17,13,16,20,5,21,1,4,12,22,18,14,10,24,8],[3,7,15,11,19,23,13,17,16,20,5,21,1,18,14,4,10,22,12,24,2,6,9,8],[23,11,3,19,15,7,17,13,16,20,5,21,1,4,2,14,18,9,12,24,10,22,6],[15,23,19,7,3,11,17,13,16,20,5,21,1,4,2,24,10,14,18,22,12,8,9,6],[7,3,11,15,23,19,17,13,16,20,5,21,1,4,18,14,10,24,22,12],[11,7,23,19,15,3,17,13,20,16,5,21,1,9,12,22,4,18,14,2,24,8,10,6],[11,3,15,7,23,19,17,13,16,20,5,21,1,4,18,14,22,8,12,24,9,2,6,10],[19,11,3,23,15,7,13,17,20,16,5,21,2,1,14,18,4,12,24,10,6,22,9],[7,23,15,11,19,3,13,17,16,20,5,21,1,2,18,14,4,8,10,22,24,6,12],[3,11,7,19,23,15,13,17,20,16,5,21,1,4,10,14,18,12,24,22,8,2,6,9],[7,15,11,23,3,19,17,13,20,16,5,21,1,14,18,4,10,22,8,24,12,6],[15,11,3,23,19,7,13,17,16,20,5,21,1,4,9,12,8,22,24,14,18,10],[15,23,19,7,11,3,17,13,20,16,5,21,1,4,10,6,14,18,22,24,8,12,9,2],[3,7,15,23,11,19,13,17,16,20,5,21,1,4,9,12,18,14,22,24,6,8,2],[3,23,15,7,11,19,13,17,20,16,5,21,1,4,24,18,14,9,12,22,6,8,10,2],[15,11,3,7,19,23,13,17,16,20,5,21,1,10,4,9,12,2,18,14,6,22,24,8],[15,3,23,11,7,19,17,13,20,16,5,21,1,6,4,10,18,14,24,12,22,2,9,8],[15,19,23,7,11,3,13,17,16,20,5,21,1,4,10,12,18,9,14,24,2,8,22],[3,11,7,15,19,23,17,13,16,20,5,21,1,4,22,8,18,14,12,2,24,9],[15,3,7,23,11,19,13,17,16,20,5,21,1,24,4,14,18,12,8,22,2,10],[19,23,11,3,7,15,17,13,20,16,5,21,1,4,14,18,24,12,8,22,6,10,2,9],[7,23,19,15,11,3,17,13,20,16,5,21,1,14,18,4,9,12,24,8,10,6,22,2],[15,19,7,11,23,3,17,13,20,16,5,21,1,4,9,12,18,14,24,8,6,10,22,2],[11,3,19,15,7,23,13,17,16,20,5,21,1,4,12,18,14,24,6,22,9,8,2,10],[7,11,19,15,3,23,13,17,20,16,5,21,1,14,18,4,9,12,22,24,10,2,8,6],[15,23,19,3,11,7,17,13,20,16,5,21,1,10,4,12,14,18,6,22,24],[3,23,15,7,19,11,17,13,16,20,5,21,1,8,18,14,4,24,9,12,2,22,10,6],[23,15,11,19,7,3,17,13,20,16,5,21,1,4,24,10,8,14,18,9,12,22,2],[11,19,7,15,3,23,13,17,16,20,5,21,1,14,18,4,10,12,24,6,22,9,8,2],[11,23,3,19,7,15,17,13,16,20,5,21,1,4,2,18,14,12,22,6,10,24,9],[11,3,7,19,23,15,17,13,16,20,5,21,1,4,12,22,18,14,24,8,6,9,2,10],[23,3,15,11,19,7,13,17,20,16,5,21,1,9,12,4,14,18,8,24,10,2,22],[23,3,15,11,7,19,17,13,20,16,5,21,1,9,12,24,18,14,4,2,6,10,22],[15,19,3,23,7,11,13,17,16,20,5,21,1,14,18,4,24,10,9,12,22],[3,19,23,11,15,7,17,13,16,20,5,21,1,14,18,4,24,10,2,8,12,22,9,6],[7,15,23,3,19,11,17,13,20,16,5,21,1,4,10,22,24,18,14,9,12,8],[15,11,23,19,3,7,17,13,16,20,5,21,1,4,14,18,9,12,8,22,24],[7,23,19,3,11,15,13,17,20,16,5,21,1,12,4,9,24,18,14,8,2,22,6,10],[15,7,23,11,19,3,13,17,20,16,5,21,1,4,14,18,9,12,24,10,22,8,6],[23,7,11,19,15,3,13,17,20,16,5,21,1,9,12,2,22,4,18,14,24,10,8],[3,11,19,7,23,15,17,13,20,16,5,21,4,1,18,14,24,22,10,12,8,2,6],[3,23,7,15,19,11,17,13,16,20,5,21,1,4,12,14,18,6,24,22,8,10,9,2],[15,23,11,19,7,3,13,17,16,20,5,21,1,4,18,14,9,12,22,24,10,6,8,2],[3,23,15,11,19,7,17,13,16,20,5,21,1,2,4,18,14,9,12,22,24,8,10],[23,7,11,19,15,3,17,13,16,20,5,21,1,14,18,4,12,24,2,22,6,8],[19,7,15,11,23,3,17,13,16,20,5,21,1,9,12,4,14,18,24,2,6,8,22],[19,7,15,3,23,11,13,17,16,20,5,21,2,1,4,14,18,10,22,12,8,24,9],[19,15,3,23,11,7,17,13,20,16,5,21,1,12,4,18,14,24,8,2,22,9,10],[19,23,3,15,11,7,13,17,16,20,5,21,1,2,4,9,12,18,14,10,24,8,6,22],[11,7,3,15,19,23,17,13,20,16,5,21,1,14,18,4,12,24,9,10,22,2,6,8],[3,19,15,23,11,7,13,17,16,20,5,21,1,18,14,4,22,12,24,6,8,10,2,9],[23,11,3,15,19,7,17,13,20,16,5,21,1,18,14,4,12,24,22,8,2,10,9,6],[7,19,11,23,3,15,17,13,16,20,5,21,1,14,18,4,12,6,22,24,9,8,2,10],[7,15,3,19,23,11,17,13,16,20,5,21,1,4,18,14,9,12,24,2,8,22,10,6],[3,19,15,23,7,11,13,17,20,16,5,21,1,4,22,18,14,12,24,6,2,10],[19,23,3,15,11,7,17,13,20,16,5,21,1,4,9,12,18,14,24,22,6,10,8],[3,23,15,11,7,19,17,13,16,20,5,21,1,4,24,12,9,18,14,22,6,8,2,10],[7,3,19,23,15,11,17,13,16,20,5,21,1,18,14,4,9,12,24,8,22,2,10,6],[19,3,23,15,11,7,13,17,20,16,5,21,1,4,9,12,18,14,24,10,22,8,6,2],[7,11,23,19,15,3,17,13,16,20,5,21,1,4,9,12,14,18,8,22,2,24,10,6],[11,3,19,7,15,23,17,13,20,16,5,21,1,4,22,8,9,12,10,18,14,2,24,6],[15,19,11,3,23,7,17,13,16,20,5,21,1,2,4,14,18,12,24,6,8,9,22,10],[19,7,11,15,23,3,17,13,20,16,5,21,1,4,10,22,8,18,14,12,24],[15,11,19,23,3,7,17,13,20,16,5,21,1,14,18,4,12,22,2,24,10,6,9,8],[3,23,7,11,15,19,17,13,16,20,5,21,1,2,4,14,18,10,22,9,12,24,6],[23,19,3,7,11,15,17,13,16,20,5,21,1,4,12,18,14,24,8,10,6,9,2,22],[7,23,15,3,19,11,17,13,20,16,5,21,1,4,10,6,18,14,12,24,22,2,9,8],[3,19,11,15,7,23,17,13,20,16,5,21,1,12,2,4,14,18,22,24,10,6,8],[7,3,11,15,23,19,17,13,16,20,5,21,1,14,18,4,8,9,12,6,24,2,10,22],[7,23,11,19,3,15,17,13,16,20,5,21,1,2,4,9,12,18,14,22,6,24,8,10],[3,11,23,19,15,7,13,17,20,16,5,21,1,18,14,4,10,24,9,12,8,22,2],[15,7,11,23,19,3,17,13,20,16,5,21,1,4,9,12,24,10,14,18,22,6,8,2],[3,7,15,11,23,19,17,13,20,16,5,21,1,4,6,22,14,18,24,9,12,2,8],[7,3,23,19,11,15,17,13,16,20,5,21,1,22,4,14,18,12,2,24,6,10,8],[11,7,15,19,23,3,13,17,16,20,5,21,1,10,4,2,18,14,24,22,12,6,9,8],[11,3,23,15,7,19,17,13,20,16,5,21,1,4,14,18,24,9,12,8,2,22,10,6],[7,3,11,23,15,19,13,17,16,20,5,21,1,18,14,4,9,12,24,6,22,2,8,10],[15,3,19,7,23,11,13,17,20,16,5,21,1,2,18,8,4,14,12,24,9,22,6,10],[11,15,23,7,19,3,13,17,20,16,5,21,1,4,14,18,9,12,6,24,8,22,10],[23,11,19,7,3,15,13,17,16,20,5,21,1,4,12,10,18,14,24,8,22,6],[15,11,19,23,3,7,13,17,20,16,5,21,1,4,12,9,10,14,18,22,24,8,2],[19,23,3,11,15,7,17,13,20,16,5,21,1,4,10,2,22,18,14,6,24,9,12,8],[23,19,3,11,15,7,17,13,20,16,5,21,2,1,8,9,12,4,18,14,24,6,22,10],[23,15,3,19,7,11,13,17,16,20,5,21,1,4,14,18,12,24,9,2,22,8,6],[3,15,23,7,11,19,13,17,20,16,5,21,4,1,9,12,18,14,24,8,22,10],[15,19,11,23,7,3,13,17,16,20,5,21,1,4,12,18,14,24,10,9,6,22,8,2],[15,11,19,3,23,7,17,13,16,20,5,21,1,2,12,18,14,4,24,6,22,8,9,10],[15,19,23,11,3,7,13,17,16,20,5,21,1,4,12,6,10,18,14,24,22,2,8],[19,11,15,23,7,3,13,17,16,20,5,21,1,2,4,9,12,18,14,24,8,22,10],[15,23,19,11,3,7,13,17,16,20,5,21,1,4,18,14,12,24,2,6,22,10,8,9],[19,23,11,15,3,7,17,13,20,16,5,21,1,9,12,18,14,4,24,22,6,8,2],[3,7,11,15,23,19,13,17,20,16,5,21,1,14,18,4,24,12,22,2,8,6],[3,15,23,19,11,7,13,17,16,20,5,21,1,4,10,14,18,24,2,8,22,9,12],[11,23,15,7,19,3,13,17,16,20,5,21,1,14,18,4,10,24,9,12,8,2,22],[7,11,23,15,3,19,17,13,16,20,5,21,1,2,24,4,8,14,18,9,12,22,6],[11,15,19,23,7,3,17,13,20,16,5,21,1,2,12,24,9,14,18,4,22,6,8,10],[15,23,11,3,19,7,17,13,16,20,5,21,1,2,4,18,14,12,24,8,22,9,10],[19,23,3,15,7,11,13,17,16,20,5,21,1,4,9,12,18,14,24,2,6,10,22,8],[11,15,23,3,7,19,17,13,16,20,5,21,1,10,4,18,14,24,6,12,22,8,2,9],[15,11,19,3,7,23,17,13,16,20,5,21,1,14,18,4,12,6,22,24,9,8,10,2],[15,19,11,23,7,3,17,13,20,16,5,21,1,6,2,14,18,4,9,12,22,24,8,10],[23,11,15,7,19,3,13,17,20,16,5,21,1,12,4,8,10,14,18,24,22,9,2,6],[19,15,3,7,23,11,17,13,16,20,5,21,1,4,10,18,14,8,12,24,2,9,6,22],[19,7,15,3,11,23,13,17,16,20,5,21,1,2,4,10,14,18,22,8,9,12,24],[19,3,15,23,11,7,17,13,20,16,5,21,1,4,18,14,9,12,24,22,8,6,2,10],[7,15,23,11,3,19,13,17,20,16,5,21,4,1,12,14,18,2,22,10,8,24,6,9],[15,3,11,23,19,7,17,13,16,20,5,21,1,4,12,18,14,24,10,6,9,22,8,2],[15,3,7,19,11,23,13,17,16,20,5,21,1,8,4,10,18,14,24,12,6,9,2,22],[15,11,3,23,19,7,13,17,16,20,5,21,1,18,4,14,24,9,12,2,8,6,22],[3,23,7,15,19,11,13,17,20,16,5,21,1,4,14,18,6,9,12,24,8,22,10,2],[7,19,3,23,15,11,13,17,20,16,5,21,1,14,18,4,9,12,24,6,22,10,2],[15,7,3,19,23,11,13,17,16,20,5,21,1,18,14,4,8,22,10,24,2,6,9,12],[11,23,3,7,15,19,17,13,16,20,5,21,1,24,4,12,10,8,2,14,18,22],[7,3,11,15,23,19,13,17,20,16,5,21,1,14,18,4,12,24,9,22,8,6,2,10],[23,15,19,11,7,3,17,13,20,16,5,21,1,2,4,10,9,12,22,8,14,18,24,6],[15,3,19,7,23,11,17,13,20,16,5,21,1,9,12,4,18,14,22,8,6,24],[23,7,3,11,19,15,13,17,16,20,5,21,1,4,18,14,24,9,12,22,8,10],[19,23,15,7,11,3,13,17,16,20,5,21,1,22,4,9,12,10,14,18,8,6,24,2],[15,3,7,11,23,19,17,13,20,16,5,21,1,2,4,6,24,9,12,14,18,22,8,10],[23,19,3,7,15,11,17,13,16,20,5,21,1,4,10,8,6,14,18,12,24,22,2],[7,23,11,19,15,3,17,13,20,16,5,21,1,2,14,18,4,10,9,12,22,6,24,8],[11,7,23,3,19,15,17,13,16,20,5,21,1,4,14,18,22,10,8,24,12,2,9],[15,7,23,19,11,3,13,17,20,16,5,21,1,4,9,12,24,14,18,6,22,2,10,8],[23,15,7,19,3,11,17,13,16,20,5,21,1,4,14,18,9,12,22,8,6,24,2,10],[19,23,15,3,11,7,17,13,16,20,5,21,1,2,4,9,12,18,14,24,6,22,8,10],[19,11,7,15,23,3,17,13,20,16,5,21,1,9,12,8,18,14,4,24,2,22,6],[15,23,3,19,11,7,13,17,20,16,5,21,1,18,14,4,9,12,24,8,10,22],[11,7,15,23,19,3,17,13,16,20,5,21,1,9,12,4,18,14,24,6,8,22,10],[15,19,3,23,11,7,13,17,16,20,5,21,1,12,14,18,4,10,8,24,6,22,9],[11,19,15,7,3,23,13,17,20,16,5,21,1,4,12,14,18,22,24,8,9,2,6,10],[19,3,7,11,15,23,13,17,16,20,5,21,1,4,10,2,14,18,24,9,12,6,22],[23,19,3,11,7,15,17,13,20,16,5,21,1,4,24,22,14,18,9,12,6,10,2,8],[11,23,7,3,15,19,13,17,16,20,5,21,1,4,9,12,14,18,22,8,2,24,6,10],[19,15,7,11,23,3,17,13,20,16,5,21,1,12,4,18,14,24,10,6,22,8,2,9],[11,3,7,19,15,23,1