{"problem_id":"lroFkXQRnb0m2MI","sigma":150,"alpha":10.000,"cost":0,"probabilities":"[0.22, 0.27, 0.27, 0.24]","payoff_matrix":"[[-71, 196, 180, 60, -183, -57], [-212, 62, 26, 285, -114, -278], [113, -25, 259, -105, -44, 241], [-101, 47, -139, -71, 173, -104]]","uncovered":[[3,18,10,2,15,22,7,11,6,12,8,9,5,14,16,13,19,24,1,23,17,4,21,20],[22,14,19,3,2,7,11,10,15,16,12,13,9,6,18,8,5,17,24,1,20],[3,15,18,11,10,2,22,6,7,8,12,9,5,14,16,13,17,4,21,24,20,19,23],[6,18,10,11,7,15,22,2,12,8,5,9,16,17,4,23,24,13,14,3,21,20,19,1],[11,6,10,7,14,15,16,12,13,9,2,19,23,22,18,8,5,24,3,4,17,1,21],[14,2,18,10,22,7,15,11,12,16,9,13,6,8,5,19,4,24,23,17,3,1,20],[18,6,3,7,2,23,22,14,11,10,15,12,16,13,9,8,19,5,21,4,24,20,17,1],[23,19,14,15,22,6,7,3,2,10,11,16,12,9,13,18,8,5,24,1,20,17,21,4],[19,23,2,7,11,22,15,10,6,8,12,9,18,14,16,13,5,24,3,4,20,17],[3,23,22,19,6,7,2,10,11,15,18,12,8,5,9,14,16,13,21,1,17,24,4],[11,22,18,6,7,3,10,2,15,8,12,9,5,14,16,13,19,4,23,24,20,17],[11,19,15,22,6,7,3,10,2,18,8,12,9,13,5,14,16,1,23,24,20,17],[10,3,2,18,6,7,11,22,15,8,12,5,9,14,16,13,20,19,1,23,21,4,17],[7,14,11,15,10,12,16,9,3,2,22,18,6,13,8,5,17,4,24,1,19,21,20],[14,19,11,10,15,12,16,9,3,2,6,7,22,13,18,8,5,4,23,21,1,17,20,24],[2,23,14,15,22,6,7,18,11,10,12,16,13,9,8,5,20,19,24,4,17],[14,18,7,10,3,2,23,15,22,11,12,16,13,9,6,8,5,19,24,4,17],[18,11,23,22,2,14,10,15,16,12,13,9,6,7,8,5,19,24,3,4,20,21,17,1],[23,2,11,22,7,14,10,15,16,12,9,18,6,13,8,5,17,24,1,21,19,20,4,3],[22,15,11,7,19,3,10,2,6,8,12,5,9,18,16,21,4,14,13,20,17,23,24],[15,11,2,7,22,19,6,10,18,8,12,9,5,14,16,13,1,21,24,20,17,4,3],[18,23,15,10,2,6,7,22,11,12,8,5,9,14,16,13,19,24,3,1,20,17,4,21],[10,15,2,18,6,7,11,23,22,8,12,5,9,16,20,19,24,4,14,13,17],[7,2,22,15,18,10,11,6,12,8,5,9,14,16,13,20,19,4,17,23,24,1,21,3],[14,10,3,15,2,22,19,7,11,12,16,9,6,13,18,8,5,24,1,17,4,20,23],[22,7,14,10,18,2,15,11,12,16,13,9,6,8,5,20,19,4,17,21,1,24],[14,3,15,2,6,7,23,22,19,11,10,12,16,13,9,18,8,5,24,4,17,1],[23,14,15,22,11,10,12,16,13,9,7,18,2,6,8,5,17,21,1,19,4,24],[2,14,23,22,19,7,10,15,11,16,12,13,9,6,18,8,5,24,3,4,17],[22,10,3,2,14,18,7,15,11,16,12,9,13,6,8,5,19,4,21,20,17,23,24,1],[2,7,23,15,19,10,22,11,6,12,8,9,18,5,14,16,13,21,1,17,20,4,24,3],[7,18,23,3,2,14,15,22,10,11,16,12,9,13,6,8,5,19,24,1,17,20],[22,7,19,15,2,11,6,10,8,12,9,18,5,16,3,24,4,14,13,21,20,17],[22,19,14,11,10,15,12,16,13,9,7,2,6,18,8,5,1,24,4,3,20,17,23,21],[7,14,2,10,23,15,22,19,11,16,12,13,9,6,18,8,5,21,3,4,20,17,1,24],[19,14,10,7,3,2,23,22,11,15,16,12,9,6,13,17,8,5,24,4,20,18],[23,6,22,14,7,2,19,10,15,11,16,12,13,9,8,18,5,24,4,20,3,17,21,1],[23,18,3,2,14,15,22,11,10,12,16,9,7,6,13,8,5,19,24,1,20,17],[11,22,18,6,7,3,2,15,10,12,8,5,9,14,16,13,17,4,21,20,19],[18,10,23,6,22,7,11,3,2,15,12,8,9,5,14,16,13,17,24,1,20,19,4],[6,22,14,7,19,2,10,15,11,12,16,9,13,18,8,5,1,17,23,24,3,21],[14,19,10,3,2,6,15,7,23,22,11,12,16,13,9,18,8,5,21,4,17,24,20],[23,15,7,18,10,2,22,11,6,12,8,5,9,14,16,13,20,19,24,1,21,17,3],[22,2,6,19,11,10,7,15,12,8,5,9,18,14,16,13,3,1,21],[11,19,2,15,22,6,7,10,12,8,5,9,18,14,16,13,1,3,17,20,23,24,4,21],[11,14,15,10,12,16,13,9,18,22,6,7,3,2,8,5,19,21,4,17,24,1],[22,14,2,7,19,10,11,15,12,16,13,9,6,18,8,5,4,21,23,17,24,3],[7,19,3,22,14,2,11,15,10,12,16,13,9,6,18,8,5,1,4,21,23,24,17,20],[7,15,11,23,10,22,19,3,2,6,8,12,5,9,18,16,24,4,17,1,14,13,21,20],[2,6,23,7,22,15,11,18,10,12,8,9,5,17,14,16,13,24,4,20,19,1],[3,6,2,15,22,11,7,19,10,12,8,5,9,18,16,20,4,1,23,24,14,13,17],[14,2,6,7,22,18,10,15,11,16,12,13,9,8,5,19,3,4,23,24,17],[19,6,23,22,3,2,10,7,11,14,15,16,12,9,13,18,8,5,24,4,20,17,1,21],[6,14,15,7,18,2,11,10,12,16,9,22,13,8,5,20,19,1,21,24,17,3],[6,22,3,2,19,11,7,15,10,12,8,9,18,5,14,16,13,4,21,17,23,24,1],[23,7,2,15,11,10,22,19,6,8,12,5,9,18,13,14,16,24,3,1,20,17,4,21],[19,3,14,2,22,6,15,7,10,11,12,16,9,13,18,8,5,1,23,24,20,17],[2,22,6,10,11,7,18,15,12,8,9,5,14,16,13,20,19,4,17,21,23,1,24,3],[22,15,3,6,2,11,7,19,10,8,12,5,9,18,14,16,13,1,24,20,17,21,23,4],[15,19,3,7,23,2,10,11,22,6,12,8,9,18,16,5,24,1,17,14,13,20,4],[19,10,22,14,6,15,7,3,2,11,16,12,9,13,18,8,5,1,21,4,20,17,23,24],[22,18,6,2,10,7,11,15,12,8,5,9,14,16,13,20,19,4,17,24,1,21,23,3],[22,14,7,2,11,10,15,12,16,9,18,6,13,8,5,19,4,23,24,3,20,17],[10,19,23,15,6,22,11,7,3,2,8,12,9,18,16,5,24,13,20,17,4,14,21,1],[23,11,22,6,10,7,19,15,3,2,12,8,9,18,16,5,24,17,4,14,13,21],[14,10,19,23,22,6,15,7,3,2,11,12,16,9,13,18,8,5,24,4,17],[11,15,2,19,22,7,10,6,8,12,5,9,18,14,16,13,1,24,17,4],[3,23,2,15,18,10,7,11,22,6,8,12,5,9,17,14,16,13,24,4,21,20,1,19],[15,2,7,11,22,18,6,10,8,12,9,5,14,16,13,19,1,23,24,3,17,20,4,21],[11,19,22,3,2,14,15,10,12,16,13,9,7,6,18,8,5,4,17,24,1,23],[6,22,3,2,15,11,10,7,18,12,8,9,5,14,16,13,19,4,23,24,21,17,1,20],[23,19,15,2,11,10,22,6,7,8,12,9,18,13,5,14,16,24,3,4,20,17,1],[3,7,11,2,14,10,15,12,16,9,23,22,19,6,13,18,8,5,21,4,17,24],[23,18,14,15,22,2,10,6,7,11,16,12,9,13,8,5,19,21,1,24,4,20,17],[23,2,14,22,19,7,11,10,15,16,12,13,9,6,8,18,5,24,1,17,3,21,4],[2,14,18,6,7,10,22,15,11,12,16,9,13,8,5,19,3,21,4,17,1,23,24],[6,14,7,11,10,15,16,12,9,18,23,22,3,2,13,8,5,19,24,1,17,20,4],[6,14,15,7,10,19,22,3,2,11,12,16,9,13,18,8,5,4,21,17,23,24,1,20],[7,19,22,15,2,11,10,6,8,12,5,9,18,14,16,13,4,21,1,20,17,3,24,23],[7,3,18,11,2,23,10,22,14,15,12,16,9,6,13,8,5,17,24,1],[10,2,23,19,14,15,22,6,7,11,12,16,9,13,18,8,5,24,3,1,17,21],[22,18,10,3,11,2,14,15,12,16,13,9,6,7,8,5,20,19,4,24,17],[15,22,19,11,2,6,7,10,8,12,5,9,18,14,16,13,3,4,21,23,24,20,17,1],[15,11,23,10,22,3,2,18,6,7,12,8,9,16,5,17,24,1,14,13,4,21,20,19],[3,23,2,18,7,15,10,11,22,6,12,8,5,9,13,17,14,16,24,1,20,19,4],[15,10,18,2,6,11,7,22,12,8,9,5,16,19,3,4,14,13,24,17,21,20],[18,22,3,10,2,7,15,6,11,12,8,9,5,16,19,13,24,4,17,20,1,14,23,21],[6,15,18,3,7,2,23,10,22,11,12,8,5,9,13,20,19,14,16,21,4,24,17,1],[15,7,10,23,19,3,2,11,22,6,12,8,5,9,18,14,16,13,21,1,17,20],[2,11,14,10,15,12,16,13,9,22,19,6,7,18,8,5,4,23,21,3,20,24,17,1],[3,18,22,7,11,2,14,10,15,12,16,9,6,13,8,5,19,4,17,24,20],[11,2,19,23,22,14,15,10,12,16,13,9,6,7,18,8,5,21,4,24,1,17],[10,19,14,3,2,7,23,15,22,11,12,16,9,6,13,18,8,5,24,4,17,21],[7,18,15,11,3,2,23,22,6,10,8,12,5,9,14,16,13,17,24,1],[23,6,7,10,22,11,18,15,2,8,12,9,14,16,13,5,19,24,1,4,20,17,21],[14,2,10,7,23,15,22,18,11,16,12,9,6,13,8,5,19,21,4,17,20,24,3],[3,23,2,15,18,7,10,22,6,11,8,12,9,14,16,13,5,19,24,4,20,17,1],[18,2,11,15,7,22,10,6,12,8,5,9,16,19,3,4,14,13,24,20,17,21],[7,23,10,2,15,18,22,11,6,8,12,9,5,14,16,13,20,19,24,17,1,3,21,4],[14,2,6,7,11,10,15,16,12,13,9,19,22,18,8,5,4,17,23,24],[14,7,18,3,15,2,22,10,11,12,16,9,6,13,8,5,20,19,4,17,24,21,23,1],[14,6,7,3,2,18,10,23,22,15,11,12,16,9,13,8,19,5,21,1,20,17,4,24],[22,3,11,2,6,7,18,14,15,10,12,16,9,13,8,5,19,4,21,17,23],[15,2,18,10,22,6,11,7,12,8,9,14,16,13,5,19,4,17,21,1,23,24],[19,23,15,7,10,2,22,6,11,12,8,9,18,5,16,21,4,17,13,24],[22,19,14,2,7,10,11,15,12,16,9,6,13,18,8,5,4,24,21,17,20],[14,10,2,18,6,7,22,15,11,12,16,9,13,8,5,19,3,4,24,20,21,17],[22,7,15,11,2,18,10,6,8,12,9,5,14,16,13,19,1,4,23,24,17],[3,19,22,7,10,11,2,14,15,16,12,9,6,13,18,8,5,4,21,17,23,20],[23,18,7,10,2,14,22,15,11,12,16,13,9,6,8,5,17,21,4,1,19,24,3],[15,11,22,7,3,10,2,19,6,12,8,9,18,14,16,13,5,4,23,24,17,20,21],[3,18,15,7,10,11,2,22,6,12,8,9,14,16,13,5,19,4,21,1,17,23,24,20],[10,19,15,3,11,2,6,7,22,12,8,5,9,18,16,1,21,23,4,14,13,17,24],[23,18,15,6,22,11,10,7,3,2,12,8,5,9,14,16,13,19,24,1,17,21],[10,22,7,2,19,15,6,11,12,8,5,9,18,13,14,16,4,24,20,17,1],[23,6,22,19,2,15,10,11,7,18,12,8,9,5,14,16,13,24,1,20,17,4],[19,22,10,3,11,2,14,15,16,12,9,6,7,13,18,8,5,1,24,23,20,17,21],[18,23,2,7,10,14,15,22,11,16,12,13,9,6,8,5,20,19,24,3,1,17],[2,23,18,7,10,15,22,11,6,12,8,5,9,14,16,13,19,24,1,17,3,21,20,4],[19,23,11,22,6,10,7,14,15,12,16,13,9,2,17,8,5,24,3,4,20,18],[6,22,10,11,7,18,14,15,16,12,9,3,2,13,8,5,19,4,24,17],[11,2,19,7,22,15,10,6,12,8,5,9,18,14,16,13,3,24,23,1,4,20,17],[7,3,23,22,14,15,2,18,10,11,12,16,9,6,13,8,5,20,19,24,1,17],[14,19,22,2,6,7,11,15,10,16,12,13,9,18,8,5,1,20,24,17,4,3],[6,15,3,7,2,23,19,22,11,10,12,8,9,18,5,14,16,13,21,1,20,24,17],[19,10,2,22,15,6,11,7,12,8,9,18,5,16,3,4,14,13,20,17,23,21,24],[2,14,22,6,7,19,11,10,15,12,16,9,13,18,8,5,3,4,21,17,1],[14,23,15,22,19,3,2,6,7,11,10,12,16,13,9,18,8,5,24,4,17,1,21,20],[18,10,22,3,2,14,7,15,11,12,16,13,9,6,8,5,17,1,23,24,4,19,20,21],[15,11,23,10,22,2,18,7,6,8,12,5,9,14,16,13,19,24,4,20,17,3],[19,2,23,6,7,22,14,11,10,15,12,16,9,13,20,18,8,5,24,3,4,17],[6,14,15,7,2,22,19,11,10,16,12,13,9,17,8,5,3,4,20,18,21,24],[3,7,11,10,2,19,14,15,16,12,13,9,22,6,8,18,5,1,24,20,17],[22,10,7,14,18,2,15,11,16,12,9,6,13,8,5,19,21,4,20,17,1,23,24,3],[6,2,23,22,14,7,11,15,10,12,16,13,9,19,18,8,5,24,1,20,4,17],[23,15,2,19,10,7,22,11,6,8,12,5,9,18,14,16,13,24,4,3,17,21],[6,3,2,22,10,11,7,19,15,12,8,5,9,18,14,16,13,1,21,20,4,17,23,24],[18,14,7,2,23,22,10,15,11,12,16,9,6,13,8,5,17,24,3,1,19],[14,6,15,7,19,23,22,10,2,11,12,16,13,9,18,8,5,21,1,20,17,3,24],[2,14,10,23,22,19,6,15,7,11,12,16,13,9,18,8,5,24,1,4,3,17,21,20],[19,2,22,11,15,7,10,6,12,8,5,9,18,16,1,23,24,20,17,14,13,4,21,3],[18,14,10,3,2,6,7,23,22,15,11,16,12,9,13,8,5,17,21,4,24,19,20,1],[18,15,23,3,2,6,7,22,11,10,8,12,9,5,14,16,13,19,24,4,17,21,20],[10,15,22,18,7,3,2,11,6,8,12,9,5,14,16,13,19,1,17,4,24],[14,3,15,2,19,10,23,22,7,11,12,16,13,9,6,18,8,5,24,1,17,21,20,4],[18,15,11,22,7,2,10,6,12,8,9,5,14,16,13,19,3,17,1,21,20,4,23,24],[7,2,19,15,22,10,6,11,18,12,8,9,14,16,13,5,4,24,3,20,17],[15,11,22,19,6,7,2,10,12,8,9,18,5,16,3,24,1,14,13,21,17,20,23,4],[6,22,2,14,7,10,18,15,11,16,12,13,9,8,5,20,19,1,24,17,3,23,4,21],[19,10,14,23,15,22,2,7,11,16,12,9,6,13,18,8,5,24,1,17,3,4],[14,3,2,6,7,18,10,22,15,11,16,12,9,13,8,5,19,24,4,17,1,23,21,20],[3,6,2,11,10,7,18,23,22,14,15,12,16,13,9,8,5,20,19,24,4,17,21,1],[15,2,18,23,10,6,7,22,11,12,8,5,9,14,16,13,20,19,21,1,24,17,3],[14,3,2,11,10,15,16,12,13,9,18,23,22,6,7,8,5,19,24,1,17,4,21],[19,6,11,10,7,22,14,15,12,16,9,2,13,18,8,5,1,24,3,17,23,21],[19,23,7,10,2,15,22,11,6,12,8,5,9,18,16,21,3,4,20,17,14,13,24],[18,6,23,7,22,14,2,11,10,15,16,12,9,13,8,5,17,24,3,1,4,19],[11,6,7,22,2,15,19,10,12,8,9,20,18,5,14,16,13,3,23,24,1,17],[22,19,7,15,10,3,11,2,6,12,8,5,9,18,16,1,21,14,13,20,24,17,23,4],[22,14,18,6,7,3,2,10,15,11,12,16,9,13,8,5,19,1,21,20,17,4,24,23],[23,11,10,22,6,7,15,2,18,12,8,9,5,19,16,24,3,4,20,17,13,14,21,1],[19,10,7,22,14,2,11,15,12,16,13,9,6,18,8,5,1,24,23,3,20,17,21],[10,15,19,22,7,3,11,2,6,12,8,9,18,5,14,16,13,4,24,20,23,17,1,21],[11,7,15,3,2,22,18,6,10,8,12,9,5,14,16,13,20,19,4,24,17],[19,15,23,10,3,2,6,7,22,11,8,12,9,18,5,14,16,13,24,4,17,21],[14,23,22,7,11,15,10,12,16,13,9,3,2,18,6,8,5,20,19,21,1,17,4],[22,7,2,11,15,19,6,10,8,12,9,18,5,13,14,16,3,4,24,17],[6,22,15,18,10,7,11,2,12,8,9,5,14,16,13,19,4,21,20,17,23,3],[19,3,14,15,2,23,22,6,7,11,10,12,16,9,13,18,8,5,24,4,20,17,21],[11,6,7,19,2,22,15,10,18,12,8,5,9,16,23,24,3,20,14,13,4,17,1],[11,7,22,14,10,15,12,16,9,18,3,2,6,13,8,5,17,4,21,23,19,24,1],[10,15,22,2,19,7,6,11,18,12,8,5,9,16,3,4,13,20,24,17,14,21,23,1],[18,3,11,10,2,15,23,22,6,7,12,8,9,5,14,16,13,19,24,4,17,1,20,21],[6,18,22,11,10,7,3,2,15,12,8,5,9,13,19,14,16,4,17,23,21,24,1],[6,18,2,23,22,10,11,7,14,15,16,12,9,13,8,5,20,19,21,1,17,3],[22,3,14,15,2,7,18,11,10,12,16,9,6,13,8,5,19,4,23,24,20,17,1,21],[14,10,3,15,2,22,7,18,11,12,16,13,9,6,8,5,17,4,24,19,1,21],[10,7,23,15,19,2,22,11,6,18,12,8,9,14,16,13,5,21,1,20,17,3],[2,10,18,7,14,23,15,22,11,12,16,9,6,13,8,5,17,21,1,24,4,20,19],[10,6,11,7,14,15,16,12,9,22,3,2,19,13,18,8,5,1,21,4,17,20,24],[2,18,22,7,14,11,10,15,12,16,9,6,13,8,5,20,19,1,24,17,4,3,23],[10,22,19,15,2,6,11,7,12,8,5,9,18,14,16,13,3,21,1,17,23,20,24,4],[19,7,14,23,22,10,3,2,15,11,16,12,9,6,13,18,8,5,24,4,17,21],[11,19,14,10,15,12,16,13,9,22,2,6,7,18,8,5,3,4,24,20,17,23,1],[10,19,15,6,7,11,2,22,18,8,12,5,9,14,16,13,1,20,24,17,4,23,21],[23,10,18,15,6,7,22,11,2,8,12,9,5,20,19,14,16,13,24,3,17,4,21,1],[2,7,14,22,19,11,10,15,12,16,9,6,13,18,8,5,23,24,3,4,1,20,17,21],[14,19,23,22,2,10,7,15,11,16,12,13,9,6,18,8,5,24,3,1,20,17,21],[23,11,10,22,2,6,7,18,15,12,8,5,9,14,16,13,20,19,24,3,21,1,17,4],[3,15,10,2,6,7,11,23,22,19,12,8,5,9,18,14,16,13,24,4,17,21,20],[11,7,14,15,10,12,16,13,9,19,2,23,22,6,18,8,5,24,4,3,17],[6,19,15,2,10,11,7,22,12,8,9,18,5,16,4,21,14,13,24,3,1,17,23,20],[22,11,14,10,15,12,16,13,9,18,3,2,7,6,8,5,19,4,17,24,23,21,20,1],[15,11,3,2,23,10,22,6,7,19,8,12,9,18,5,14,16,13,21,4,17,20,1,24],[14,18,2,10,22,7,11,15,12,16,9,6,13,8,5,19,4,23,24,3,20,17,1],[10,3,11,2,19,6,7,15,22,8,12,5,9,18,14,16,13,1,23,24,20,17,21],[19,7,10,23,3,22,2,14,11,15,12,16,9,6,13,18,8,5,21,4,17,20],[18,23,6,22,3,7,2,10,11,15,12,8,5,9,16,20,19,24,4,14,13,17,21],[3,23,2,10,19,15,6,22,11,7,18,12,8,5,9,16,24,1,13,17],[19,15,10,6,11,7,22,3,2,12,8,5,9,18,14,16,13,4,21,20,17,1,24,23],[10,2,15,19,6,11,7,22,18,8,12,9,5,14,16,13,4,23,21,24,17,1],[18,22,2,10,14,7,15,11,12,16,9,6,13,8,5,19,3,4,23,21,20,24,17],[3,23,22,15,7,19,11,10,2,6,8,12,5,9,18,14,16,13,21,4,20,1,24,17],[23,19,14,15,22,11,10,12,16,9,7,2,6,13,18,8,5,24,1,4,20,17],[14,11,15,10,16,12,13,9,3,2,22,7,18,6,8,5,19,4,23,21,17,24,20],[11,7,19,15,23,22,2,10,6,12,8,5,9,18,14,16,13,24,3,1,20,17,4],[11,22,15,19,7,3,10,2,6,12,8,5,9,18,14,16,13,1,24,21,17,4,23],[6,15,23,22,19,3,2,10,7,11,12,8,9,18,5,16,21,1,13,17,20,24,14,4],[22,11,7,18,14,15,10,16,12,13,9,2,6,8,5,20,19,1,23,24,17,4,21],[7,19,15,2,23,11,10,22,6,12,8,9,18,5,14,16,13,21,4,20,17,1,24,3],[19,3,14,15,2,10,6,7,22,11,16,12,9,13,18,8,5,4,23,24,1,17],[18,14,22,3,15,2,6,7,11,10,16,12,13,9,8,5,19,4,21,24,17],[2,15,22,18,10,6,11,7,12,8,9,5,16,17,1,21,14,13,24,4,23,19,20],[6,10,7,11,2,18,15,23,22,8,12,9,5,14,16,13,19,21,4,17,3,24],[6,23,7,10,22,11,18,3,2,15,8,12,9,14,16,13,5,19,21,17,4,1,24,20],[10,18,3,2,23,7,14,22,15,11,12,16,9,6,13,8,5,20,19,21,1,17,4,24],[7,22,11,2,19,14,10,15,12,16,13,9,6,18,8,5,1,21,17,4,3,23,20],[11,3,10,2,23,22,18,6,7,15,12,8,9,5,14,16,13,19,24,4,17,1,21],[18,7,2,22,11,14,15,10,16,12,13,9,6,8,5,20,19,23,24,3,17,4,1],[10,2,15,6,11,7,22,19,8,12,5,9,18,16,1,23,21,24,13,20,17,14,3,4],[22,15,11,18,2,7,6,10,8,12,9,5,13,20,19,14,16,4,17,21,1,23,3,24],[6,3,2,11,10,7,15,23,22,18,8,12,9,5,16,19,24,1,17,13,4,21,20,14],[6,18,10,7,11,23,22,2,15,12,8,5,9,13,19,14,16,21,3,4,20,17],[15,18,2,6,23,7,22,11,10,12,8,9,20,19,13,14,16,5,24,3,1,17,4,21],[14,2,22,6,7,19,11,15,10,16,12,9,13,18,8,5,3,1,17,24],[15,6,18,23,22,2,11,7,10,12,8,5,9,16,20,19,21,4,17,14,13,24,3],[3,23,22,18,14,15,2,10,7,11,16,12,9,6,13,8,5,19,24,1,20,4,17],[22,10,15,3,11,2,6,7,18,8,12,9,16,5,17,1,21,23,14,13,24,20,19,4],[15,23,2,19,10,6,7,22,11,12,8,5,9,18,14,16,13,24,4,20,17,3,1],[7,23,15,10,18,3,22,2,6,11,8,12,9,14,16,13,5,20,19,24,1,17],[15,23,18,10,6,7,22,11,3,2,8,12,5,9,14,16,13,17,24,4,1,20,21,19],[11,6,10,7,23,22,3,2,15,19,8,12,5,9,18,14,16,13,21,1,20,17,24],[10,18,3,2,6,11,7,22,15,12,8,9,5,14,16,13,17,1,21,24,4,20,19,23],[18,22,7,2,14,10,11,15,12,16,13,9,6,8,5,20,19,3,1,17,23,24,4,21],[23,15,19,10,7,3,2,22,11,6,12,8,9,18,14,16,13,5,24,1,20,17],[11,15,18,23,10,22,3,2,7,6,8,12,9,5,16,19,21,13,1,17,14,4,24],[7,10,3,2,14,19,22,15,11,12,16,13,9,6,18,8,5,1,23,24,17],[14,18,10,6,7,3,15,2,23,22,11,12,16,13,9,8,5,19,21,4,20,17,24,1],[14,22,3,15,2,11,10,16,12,13,9,6,7,18,8,5,19,4,23,21,17,1,24],[23,15,3,22,10,2,7,18,6,11,12,8,9,5,13,17,14,16,24,4,19,21,1,20],[15,11,23,22,7,19,2,6,10,12,8,5,9,18,14,16,13,24,3,4,20,17],[19,22,2,14,6,7,10,15,11,12,16,13,9,18,8,5,3,23,24,4,17,1,20],[3,23,22,18,15,7,11,2,10,6,8,12,9,5,14,16,13,17,24,4,19,20,21],[14,3,15,2,10,23,22,7,19,11,16,12,9,6,13,18,8,5,24,4,1,17,21],[23,3,22,15,7,18,10,2,6,11,8,12,5,9,14,16,13,19,24,4,17,1],[23,15,10,7,2,19,22,6,11,18,12,8,5,9,14,16,13,24,4,17,20],[7,15,11,3,10,2,22,18,6,12,8,9,5,14,16,13,19,4,24,17,21,20,23],[3,18,23,22,10,2,15,6,7,11,12,8,5,9,14,16,13,19,24,1,21,20,17,4],[11,7,3,2,15,23,10,22,19,6,8,12,9,18,5,14,16,13,24,1,20,17],[7,3,22,14,2,10,19,11,15,12,16,9,6,13,18,8,5,4,21,20,17,24],[2,23,19,15,11,10,22,6,7,8,12,9,18,5,13,14,16,24,3,1,4,20,17,21],[7,15,3,19,11,2,22,6,10,8,12,9,18,5,13,14,16,21,4,23,17,20,24],[19,11,7,15,22,2,10,6,8,12,5,9,18,14,16,13,1,21,20,17,4,23,24,3],[6,3,2,18,10,7,11,22,15,8,12,5,9,14,16,13,19,4,1,23,24,17],[22,2,6,10,7,11,15,18,12,8,5,9,16,20,19,1,17,21,13,3,24,14,4],[7,11,18,3,2,23,10,22,14,15,16,12,13,9,6,8,5,19,21,1,17,4,20,24],[19,15,22,7,3,11,2,10,6,18,8,12,5,9,14,16,13,21,1,23,20,17,24],[15,23,7,18,3,2,10,22,6,11,8,12,9,14,16,13,5,19,21,1,24,17],[6,23,22,19,3,7,2,14,11,10,15,16,12,13,9,18,8,5,24,4,17,21,20,1],[11,2,23,10,22,14,15,12,16,9,18,6,7,13,8,5,20,19,24,1,17,3],[3,10,2,18,14,7,22,15,11,16,12,9,6,13,8,5,19,1,20,17,23,24],[15,10,7,19,22,2,11,6,8,12,5,9,18,16,4,23,24,13,20,14,1,17,3],[11,3,10,2,19,22,15,7,6,12,8,9,18,5,14,16,13,23,21,4,20,17,24],[6,2,23,22,15,11,7,18,10,8,12,9,5,16,19,24,1,13,17,4,14,21,20,3],[2,22,11,15,7,19,10,6,8,12,5,9,18,16,4,20,23,24,17,14,13,1,21],[19,23,3,2,10,15,6,7,22,11,12,8,5,9,18,14,16,13,24,1,21,20,17,4],[15,3,23,22,18,11,10,2,7,6,12,8,9,14,16,13,5,19,24,4,17,1,21],[15,7,10,3,11,2,19,23,22,6,8,12,5,9,18,14,16,13,24,4,20,17,1,21],[23,19,10,3,22,2,14,7,15,11,16,12,9,6,13,18,8,5,24,1,17,21,4],[23,19,7,2,15,11,22,6,10,12,8,5,9,18,16,24,4,14,13,17],[6,10,11,7,23,22,19,15,2,12,8,9,18,5,14,16,13,24,4,17,21,3],[10,2,19,22,14,7,15,11,12,16,13,9,6,18,8,5,4,3,24,17],[2,10,18,22,15,6,11,7,12,8,9,5,13,20,19,14,16,3,4,23,21,17,24],[3,6,7,2,15,23,19,11,10,22,8,12,9,18,5,13,14,16,24,1,17,21],[3,23,2,11,10,22,15,18,7,6,8,12,5,9,19,16,24,4,20,17,13,14],[6,22,19,10,7,11,2,14,15,16,12,9,13,18,8,5,1,24,4,21,23,17],[3,18,7,22,15,10,11,2,6,12,8,5,9,16,20,19,1,21,13,17,14,4,23,24],[11,23,10,22,6,7,19,3,2,15,12,8,5,9,18,14,16,13,21,1,17,24,4],[11,7,22,14,15,10,16,12,13,9,18,2,6,8,5,20,19,24,3,17,4],[15,19,11,7,23,22,2,10,6,12,8,9,18,5,13,14,16,24,1,17,3,21,20],[14,19,6,7,11,15,10,16,12,9,3,2,23,22,13,18,8,5,24,1,17,20,21,4],[23,11,22,19,15,2,7,10,6,8,12,9,18,14,16,13,5,3,24,1,4,17,20],[10,2,15,19,7,22,11,6,8,12,9,18,5,16,3,4,21,13,17,1,14,20,23,24],[18,22,11,3,10,2,15,6,7,8,12,5,9,17,13,14,16,4,24,21,20,19],[15,11,23,22,19,6,10,7,3,2,8,12,5,9,18,13,14,16,21,24,4,20,17],[10,3,2,23,14,22,6,7,19,15,11,16,12,13,9,18,8,5,24,4,1,21,20,17],[15,7,10,18,3,2,22,11,6,12,8,9,14,16,13,5,17,4,24,20,19,1,21,23],[22,19,15,3,11,10,2,6,7,12,8,5,9,18,14,16,13,1,20,17,21,23,4,24],[10,2,7,19,14,22,15,11,16,12,9,6,13,18,8,5,4,21,20,17,24,3,1],[3,19,7,11,2,14,10,15,16,12,13,9,22,6,18,8,5,1,4,21,17,23,20,24],[10,7,18,3,2,14,23,15,22,11,16,12,13,9,6,8,5,19,24,4,17,20,1],[11,22,14,15,10,12,16,9,3,2,7,19,6,13,18,8,5,23,21,4,24,20,17,1],[22,7,14,3,2,11,10,15,12,16,9,19,6,13,18,8,5,21,4,20,23,17,24,1],[19,10,14,22,6,15,7,2,11,12,16,13,9,8,18,5,4,23,24,20,17,3,1,21],[10,6,7,11,14,15,12,16,13,9,23,22,2,18,8,5,20,19,24,3,1,17,21,4],[15,18,2,11,22,7,6,10,12,8,9,5,14,16,13,20,19,4,24,17],[7,15,11,23,22,3,2,19,10,6,18,12,8,9,5,14,16,13,21,4,20,17,24,1],[10,19,14,22,6,15,7,3,2,11,16,12,9,13,18,5,8,20,21,1,17,4,23,24],[15,11,23,10,22,7,2,19,6,12,8,5,9,18,13,14,16,24,3,1,20,17,21,4],[23,18,10,6,22,11,7,14,15,12,16,13,9,2,8,5,19,24,1,17,4,21],[7,11,14,10,15,12,16,9,22,19,3,2,6,13,18,8,5,21,4,24,20,17,23],[6,14,15,7,23,22,2,10,18,11,16,12,13,9,8,5,17,24,3,4,1,19,21],[22,3,10,2,15,18,7,11,6,12,8,5,9,13,20,19,14,16,4,17,21,24,23],[19,14,23,22,10,2,6,7,15,11,12,16,9,13,18,8,5,24,20,4,1,17,21,3],[7,14,22,3,2,19,10,11,15,16,12,13,9,6,18,8,5,1,21,23,20,17,24,4],[2,6,23,7,15,22,11,19,10,12,8,5,9,17,14,16,13,21,4,18,3,24,1],[23,19,6,7,11,22,2,14,15,10,16,12,13,9,18,8,5,24,3,4,20,21,17],[11,2,6,7,18,22,14,10,15,16,12,13,9,8,5,19,4,23,24,21,17,20,1],[22,14,2,6,7,11,10,15,16,12,13,9,18,8,5,17,3,4,21,19,23,24,1,20],[18,2,22,11,14,10,15,12,16,9,6,7,13,8,5,19,1,17,21,4,23],[6,10,11,7,14,15,16,12,13,9,23,22,19,3,2,18,8,5,24,4,20,17,1,21],[2,18,23,14,22,10,6,7,15,11,16,12,13,9,8,5,19,24,4,17,20,3,21],[11,23,22,14,10,15,12,16,13,9,7,2,18,6,8,5,19,24,3,4,20,17,21],[22,19,15,10,3,2,7,11,6,8,12,5,9,18,16,14,13,1,24,17,23,21],[7,2,10,19,22,14,15,11,16,12,13,9,6,8,18,5,1,24,3,17,23],[6,2,18,10,7,11,14,15,12,16,9,23,22,13,8,5,19,24,3,17,1],[3,7,19,14,15,2,11,10,12,16,13,9,23,22,6,20,18,8,5,24,1,17,21,4],[14,3,2,11,10,15,12,16,13,9,19,7,23,22,6,18,8,5,24,4,17,21,1,20],[2,19,7,11,14,10,15,12,16,9,23,22,6,13,18,8,5,21,3,1,4,17,20,24],[22,14,10,6,7,2,18,15,11,16,12,13,9,8,20,19,5,4,17,21,23,24,3],[7,10,3,2,23,14,22,19,15,11,12,16,13,9,6,8,18,5,24,4,20,17,21],[3,10,11,2,18,22,15,7,6,12,8,5,9,16,19,14,13,1,24,21,20,23,17,4],[11,22,7,15,19,2,6,10,8,12,9,18,5,14,16,13,1,23,21,24,20,17,3],[23,14,22,6,15,7,11,10,12,16,9,18,3,2,13,8,5,17,24,4,20,19,1,21],[6,3,2,23,7,22,19,15,10,11,18,12,8,9,14,16,13,5,24,1,20,17],[19,14,2,23,22,11,10,15,12,16,9,6,7,13,18,8,5,24,3,4,21,17,20,1],[2,11,7,14,15,10,12,16,9,19,23,22,6,13,18,8,5,21,1,4,24,20,17],[14,10,23,22,2,6,7,18,15,11,16,12,13,9,8,20,19,5,24,3,4,17],[3,10,2,6,11,7,14,15,12,16,13,9,19,23,22,18,8,5,21,4,20,17,24],[7,11,14,15,10,12,16,13,9,18,3,2,22,6,8,5,19,21,1,17,23,20,24,4],[10,23,7,14,15,22,3,2,19,11,16,12,9,6,13,18,8,5,24,20,1,17],[3,6,2,23,7,22,18,10,11,15,12,8,5,9,14,16,13,17,24,1,19,21,20,4],[3,7,10,2,18,15,23,22,11,6,12,8,5,9,14,16,13,20,19,21,1,24,17,4],[10,14,7,18,2,23,15,22,11,12,16,13,9,6,8,5,19,24,4,17,20,21,3,1],[10,3,2,15,7,19,22,11,6,12,8,5,9,18,16,21,4,14,13,17,24,20,23],[23,18,11,22,14,10,15,16,12,13,9,3,2,6,7,8,5,17,24,1,19,21,20],[23,14,22,7,19,2,10,11,15,12,16,9,6,13,18,8,5,21,4,20,17,3],[3,6,7,2,23,15,22,19,11,10,8,12,5,9,18,16,21,4,14,13,1,20,17,24],[22,14,2,6,7,10,18,15,11,12,16,13,9,8,20,19,5,1,24,3,17,23,4,21],[6,3,2,22,14,15,7,18,10,11,12,16,9,13,8,5,19,1,24,4,17,20,21],[22,2,15,10,7,19,11,6,12,8,5,9,18,14,16,13,3,17,4,24,20,21],[7,10,23,15,18,2,11,22,6,12,8,9,14,16,13,5,20,19,24,3,17,1,4],[3,14,15,2,18,22,10,7,11,12,16,9,6,13,8,5,19,4,21,17],[23,19,3,22,11,10,2,7,14,15,16,12,13,9,8,6,18,5,24,1,17,21,4],[7,23,18,14,22,11,10,15,16,12,13,9,3,2,6,8,5,19,24,4,20,17],[2,7,23,11,22,14,15,10,16,12,13,9,18,6,8,5,20,19,24,3,4,17,21],[22,11,7,2,14,15,10,16,12,13,9,19,6,17,8,5,1,23,24,4,21,18,3,20],[11,2,23,10,22,14,15,16,12,9,19,6,7,13,8,18,5,21,4,20,17,1],[15,18,23,6,7,10,3,2,22,11,8,12,5,9,13,17,14,16,21,1,20,19,4,24],[14,6,15,7,3,2,18,23,22,11,10,12,16,9,13,8,5,20,19,24,4,17,1],[6,3,7,2,22,15,18,10,11,12,8,5,9,14,16,13,20,19,4,17,21,24,23,1],[23,19,10,15,3,2,7,22,6,11,12,8,9,18,5,14,16,13,24,4,17,20,1],[15,22,11,6,10,7,19,2,12,8,9,18,5,14,16,13,4,21,17,3,23,20,24,1],[10,23,18,6,22,7,11,15,2,12,8,5,9,19,14,16,13,24,3,4,17,21],[23,18,15,11,22,2,7,10,6,12,8,5,9,14,16,13,17,24,3,4,1],[22,3,11,2,6,7,18,14,10,15,12,16,9,13,8,5,19,4,21,17,20],[7,3,18,22,15,10,2,11,6,12,8,5,9,16,20,19,4,17,23,21,14,13,24],[6,18,14,15,7,22,10,3,2,11,12,16,9,13,8,5,19,4,24,21,23,20,17],[22,6,3,2,15,19,11,7,10,12,8,5,9,18,13,14,16,21,4,20,23,17],[22,11,3,10,2,7,14,15,16,12,13,9,19,6,18,8,5,4,23,21,20,17,24],[10,18,14,23,22,2,7,15,11,16,12,9,6,13,8,5,19,24,4,20,17,1,21,3],[2,7,11,19,15,22,10,6,8,12,9,18,14,16,13,5,4,24,20,3,17,23],[3,10,2,22,14,18,6,7,15,11,16,12,9,13,8,5,19,4,24,21,17,1],[18,22,6,3,2,10,11,7,14,15,16,12,9,13,8,5,20,19,4,21,17,24,23,1],[11,14,15,10,16,12,13,9,23,22,2,19,6,7,18,8,5,21,3,24,1,20,17],[14,2,6,15,7,10,23,22,18,11,16,12,13,9,8,5,20,19,24,4,21,17],[6,3,2,19,23,22,11,10,7,15,12,8,5,9,18,13,14,16,24,17,1,4,21],[18,2,22,11,6,10,7,14,15,16,12,9,13,8,5,19,1,24,20,17,4],[19,3,7,11,10,2,23,22,15,6,12,8,5,9,18,14,16,13,21,20,4,17,1,24],[10,14,23,22,19,2,7,11,15,16,12,9,8,13,6,18,5,21,1,3,17,20,24],[23,19,11,22,3,2,6,7,15,10,8,12,9,18,13,5,14,16,24,1,20,17],[7,18,14,3,15,2,11,10,16,12,9,22,6,13,8,5,20,19,1,24,17],[10,2,6,7,11,14,15,16,12,9,18,23,22,13,8,5,19,21,20,1,4,24,17,3],[19,14,2,23,15,22,7,11,10,16,12,9,6,13,18,8,5,24,3,4,17,1,20],[11,14,10,15,12,16,9,7,23,22,2,18,6,13,8,5,20,19,21,3,17,1,4,24],[14,11,15,10,16,12,13,9,7,22,2,19,6,18,8,5,3,4,1,21,20,17,23,24],[15,23,18,10,2,6,7,22,11,8,12,5,9,14,16,13,17,21,4,3,20,19,24],[7,15,2,23,11,10,22,19,6,12,8,5,9,18,16,24,1,13,20,17,14,4],[3,22,14,15,2,11,10,12,16,9,7,19,6,13,18,8,5,23,21,4,1,20,24,17],[18,6,22,15,2,11,7,10,12,8,9,5,16,20,19,3,4,14,13,24,17,23,1,21],[14,11,15,10,12,16,13,9,18,23,22,6,7,3,2,8,5,20,19,24,4,1,17,21],[6,14,7,10,19,2,22,15,11,12,16,9,13,8,18,5,3,1,20,23,24,17,21,4],[19,3,14,2,22,6,15,7,10,11,16,12,9,13,18,8,5,1,17,24,20,4,23],[19,2,14,6,7,22,11,10,15,12,16,9,13,18,8,5,4,21,1,17],[3,15,23,22,19,10,2,6,7,11,8,12,5,9,18,13,14,16,24,4,1,17,20],[6,18,15,10,11,7,3,2,22,12,8,9,5,14,16,13,19,1,23,24,4,17],[3,6,7,2,18,10,11,15,22,12,8,9,5,17,14,16,13,1,23,24,19],[18,14,3,15,2,22,7,10,11,12,16,9,6,13,8,5,20,19,4,17,24,1,21,23],[18,2,11,22,6,10,7,15,12,8,5,9,14,16,13,17,4,23,24,19,1],[3,10,2,23,14,22,6,7,18,15,11,12,16,9,13,8,5,20,19,24,4,21,17],[10,22,18,3,2,6,11,7,15,8,12,5,9,13,19,14,16,4,21,20,17],[10,3,2,23,7,14,15,22,19,11,12,16,13,9,6,18,5,8,24,1,17,21],[19,11,7,14,10,15,12,16,13,9,3,2,22,6,8,18,5,4,21,20,17,23,24],[3,18,7,15,11,10,2,23,22,6,12,8,5,9,14,16,13,20,19,24,4,17],[14,23,22,11,15,10,16,12,13,9,6,7,2,18,8,5,20,19,24,3,1,17],[3,10,2,23,7,18,14,15,22,11,12,16,13,9,6,8,5,17,24,4,20,19],[18,11,7,14,10,15,16,12,9,23,22,2,8,13,6,5,19,24,3,4,20,17,1,21],[15,22,19,2,6,11,7,10,12,8,9,18,13,5,14,16,4,24,3,23,1,20,17,21],[19,11,3,2,22,15,7,6,10,8,12,9,18,5,14,16,13,4,20,23,24,17,1],[18,14,3,15,2,6,7,22,10,11,16,12,9,13,8,5,19,4,21,17,23,24],[11,22,3,2,15,7,19,10,6,8,12,9,18,5,13,14,16,1,24,21,20,17],[11,2,19,22,6,10,7,14,15,12,16,13,9,18,8,5,1,21,20,4,17,23,24,3],[23,18,7,11,10,22,14,15,12,16,13,9,3,2,6,8,5,17,24,4,19,21,20],[3,18,11,2,15,7,22,6,10,8,12,5,9,14,16,13,19,1,17,21,24,23],[19,23,3,22,7,11,10,2,14,15,12,16,9,6,13,18,8,5,21,4],[7,14,11,10,15,16,12,9,23,22,18,3,2,6,13,8,5,19,24,4,20,17,21],[14,2,19,11,15,10,16,12,13,9,23,22,7,6,18,8,5,21,3,4,24,17,1],[3,23,2,6,7,22,15,19,10,11,12,8,5,9,20,18,14,16,13,24,4,17,21],[19,14,7,2,11,15,10,16,12,9,23,22,6,13,18,8,5,24,4,1,17,21,20],[14,6,15,7,18,11,10,12,16,13,9,2,23,22,8,17,5,24,3,4,1,20,19],[23,11,10,22,19,7,14,15,16,12,13,9,2,6,18,8,5,24,3,4,17],[15,7,23,2,19,10,11,22,6,12,8,5,9,18,14,16,13,24,3,4,20,17,21],[23,11,22,14,10,15,12,16,13,9,2,19,6,7,18,8,5,24,4,17,1,21,3,20],[11,23,10,22,14,15,16,12,13,9,7,18,2,6,8,5,19,24,1,20,17,21,4],[15,11,6,10,7,19,23,22,2,12,8,5,9,18,13,14,16,24,4,3,17,1,21],[14,3,15,2,6,7,19,23,22,10,11,12,16,13,9,18,8,5,24,4,17,21,20,1],[3,22,18,6,2,10,11,7,15,8,12,9,5,14,16,13,20,19,24,1,17,23,4,21],[15,3,19,7,22,11,2,6,10,12,8,5,9,18,16,4,23,24,17,13,21],[6,18,15,22,10,11,7,3,2,12,8,5,9,16,19,1,20,14,13,17,23,21,24],[15,7,22,19,2,10,11,6,18,8,12,9,5,13,14,16,3,17,21,1,24],[6,3,7,2,18,14,10,23,15,22,11,16,12,13,9,8,5,20,19,21,17,1,24],[23,14,22,3,15,2,11,10,12,16,9,7,19,6,13,18,8,5,21,1,17,24,4],[19,15,3,7,11,2,23,22,10,6,8,12,9,18,5,13,14,16,21,4,24,17,20],[23,3,22,6,7,2,10,11,14,15,16,12,9,19,13,18,8,5,24,4,17,20],[3,15,23,22,19,11,2,6,10,7,8,12,5,9,18,16,24,4,13,14,17,21,20],[22,7,19,14,10,2,11,15,16,12,13,9,6,18,8,5,1,20,17,21,4,24,23],[23,10,19,7,15,3,22,2,11,6,18,8,12,9,5,14,16,13,24,1,20,17,21],[2,11,22,6,7,18,15,10,8,12,5,9,16,19,3,14,13,4,20,17,24,1],[15,6,2,11,7,19,22,10,12,8,5,9,18,14,16,13,4,21,17,1,20,3,24],[14,23,22,11,15,10,12,16,13,9,7,19,3,2,6,8,18,5,24,1,17],[6,19,23,22,14,7,10,2,15,11,16,12,13,9,18,8,5,21,1,17,24,3],[3,11,10,2,7,15,22,18,6,12,8,5,9,17,14,16,13,4,20,21,24,1,19,23],[7,15,19,10,23,3,2,11,22,6,12,8,5,9,20,18,14,16,13,24,4,17],[7,3,15,23,2,19,10,11,22,6,18,8,12,9,5,14,16,13,21,4,1,17,24],[6,19,22,15,11,7,3,2,10,18,12,8,5,9,16,1,20,24,13,17,14,4,21,23],[10,3,11,2,22,18,7,15,6,12,8,9,5,14,16,13,19,24,1,20,17,4,21],[3,7,18,11,10,2,22,14,15,12,16,9,6,13,8,5,20,19,1,17,21,4],[11,19,22,6,10,7,3,2,14,15,12,16,9,13,18,8,5,1,23,24,17,21],[3,18,23,2,14,15,22,11,10,16,12,9,7,6,13,8,5,19,24,20,1,17,4],[7,19,14,3,2,11,10,15,12,16,9,23,22,6,13,18,8,5,24,1,20,17],[11,7,15,22,2,18,10,6,8,12,9,5,13,19,14,16,1,24,20,17,4,21,3],[10,6,7,11,19,22,2,15,12,8,5,9,18,14,16,13,4,24,20,17,23,21,1],[22,2,6,10,11,7,15,19,12,8,5,9,18,14,16,13,1,23,21,3,17,24,20],[11,15,19,7,3,10,2,23,22,6,8,12,5,9,18,13,14,16,21,1,4,24,20],[2,23,10,15,7,18,22,11,6,12,8,5,9,19,16,24,1,17,3,14,13,20,4,21],[6,10,11,7,14,15,12,16,13,9,23,22,2,19,18,8,5,24,3,4,1,21,17,20],[2,7,22,15,10,18,11,6,12,8,9,14,16,13,5,17,1,24,20,3,4,19,23,21],[3,15,6,7,2,11,19,23,10,22,8,12,9,18,5,13,14,16,24,4,20,17,21,1],[3,7,22,10,11,2,15,19,6,12,8,9,18,5,14,16,13,4,24,20,17,1],[19,10,14,7,3,15,2,22,11,16,12,9,6,13,18,8,5,17,4,23,21,20,24],[22,7,11,14,10,15,16,12,13,9,3,2,19,6,18,8,5,4,23,24,20,17,1],[6,11,10,7,3,2,14,15,16,12,9,18,23,22,13,8,5,20,19,24,1,17,4],[19,11,23,10,22,3,2,7,14,15,16,12,13,9,6,18,8,5,24,4,17,20,21],[11,19,2,14,10,15,12,16,13,9,22,7,6,18,8,5,3,4,17,23,24,21,1],[7,19,2,15,22,11,10,6,8,12,5,9,18,14,16,13,1,23,21,17,20,3,24,4],[6,19,2,23,22,10,11,7,14,15,12,16,13,9,18,8,5,24,1,3,17,4,21],[22,15,19,7,2,10,11,6,8,12,9,18,5,14,16,13,3,4,23,24,20,17,1],[14,23,22,3,2,6,15,7,18,10,11,16,12,9,13,8,5,19,24,4,21,17,20,1],[19,14,23,15,22,3,2,6,7,11,10,12,16,13,9,18,8,5,24,1,17,21,4],[6,23,22,10,11,7,2,19,14,15,12,16,13,9,18,8,5,24,4,20,17],[15,7,23,10,2,18,22,11,6,12,8,5,9,19,14,16,13,24,4,17,1,21,20],[23,2,15,18,10,6,7,22,11,12,8,9,5,16,19,21,4,24,13,20,17,14,3],[18,10,3,2,14,23,22,7,15,11,12,16,13,9,6,8,5,19,24,17,1,21,20,4],[22,19,7,2,15,10,11,6,8,12,9,18,14,16,13,5,4,24,20,17,3,21,23],[7,23,18,14,15,22,2,11,10,16,12,9,6,13,8,5,19,24,3,1,17,20,4,21],[14,22,19,6,15,7,3,2,11,10,16,12,9,13,18,8,5,24,4,20,17,21,23,1],[22,3,15,10,2,6,11,7,19,8,12,5,9,18,16,4,13,23,24,21,17,14],[14,11,10,15,12,16,13,9,3,2,18,22,7,6,8,5,20,19,17,1,24,4],[23,6,7,22,2,10,11,18,14,15,16,12,13,9,8,5,19,24,1,17,3,21],[19,15,11,22,6,10,7,2,12,8,5,9,18,14,16,13,4,20,17,24,23,21,3],[11,3,2,18,6,7,23,22,15,10,12,8,9,5,16,17,24,1,14,13,20,21,19],[14,23,22,3,15,2,19,10,6,7,11,16,12,13,9,8,18,5,24,1,17,4,20],[2,22,19,15,11,7,6,10,12,8,9,18,5,16,1,14,13,23,24,17,3,21,20,4],[15,22,3,18,11,2,6,10,7,8,12,9,5,14,16,13,20,19,17,4,24,1,23,21],[6,10,7,11,15,3,2,23,22,19,18,12,8,9,5,14,16,13,21,4,20,17,24,1],[18,15,6,3,2,23,22,11,10,7,8,12,9,19,5,16,24,4,17,20,21,14,13],[18,11,15,3,2,22,6,7,10,8,12,5,9,14,16,13,17,4,24,20,19,1],[18,14,6,7,23,15,22,11,10,16,12,13,9,2,8,5,19,24,1,17,20,3,21,4],[18,3,10,11,2,7,14,15,16,12,9,23,22,13,6,8,5,19,24,4,17,1,20],[14,2,19,6,7,22,10,15,11,12,16,9,13,18,8,5,4,23,24,21,1,20,17],[23,15,6,7,11,10,22,2,18,8,12,5,9,16,19,24,1,14,13,20,21,17],[6,22,11,7,3,10,2,15,19,12,8,5,9,18,16,1,23,24,20,13,17,14,21],[18,23,2,14,15,22,7,10,11,12,16,13,9,6,8,19,5,21,3,1,17],[11,19,6,10,7,23,22,2,14,15,12,16,9,13,18,8,5,24,3,4,20,17],[19,22,3,10,2,6,7,11,14,15,12,16,13,9,18,8,5,1,23,24,17,4],[11,15,23,10,22,19,2,6,7,8,12,9,18,5,14,16,13,24,4,1,17],[11,22,19,6,10,7,2,15,18,12,8,5,9,13,14,16,3,1,20,24,17],[2,19,23,11,10,22,15,6,7,8,12,9,18,5,14,16,13,21,1,24,20,17,4],[23,10,2,18,15,7,11,22,6,12,8,9,5,16,19,24,3,1,14,13,20,17],[11,7,18,2,23,22,14,10,15,16,12,13,9,6,8,5,19,24,4,17,1,20,21],[22,3,14,15,2,11,10,16,12,9,19,7,6,13,18,8,5,23,24,4,17,1,20,21],[11,7,14,15,10,16,12,13,9,2,19,22,6,18,8,5,3,4,24,17,1,21],[10,7,15,22,2,18,11,6,8,12,5,9,14,16,13,19,1,23,24,17,21,4],[15,23,7,2,19,10,22,6,11,12,8,9,18,5,13,14,16,24,1,17,21,20,4,3],[22,14,2,7,11,10,15,16,12,9,18,6,13,8,5,20,19,21,1,17,3,23,4,24],[22,3,6,7,2,18,10,11,15,12,8,5,9,19,13,14,16,4,20,17,24,21,23],[23,3,22,14,2,7,18,11,15,10,16,12,9,6,13,8,5,19,24,1,20,17],[19,3,22,14,2,11,15,10,12,16,13,9,6,7,18,8,5,4,21,17,23,1,24],[7,10,3,2,14,18,22,15,11,12,16,9,6,13,8,5,19,4,23,24,1,21,17,20],[23,18,15,2,7,10,22,11,6,12,8,5,9,14,16,13,20,19,24,4,17,3],[3,23,2,10,7,19,14,22,15,11,16,12,13,9,6,18,8,5,24,20,4,17,21],[2,14,18,22,10,7,11,15,12,16,13,9,6,8,5,19,3,4,23,24,20,17,1],[22,18,15,10,6,11,7,2,12,8,5,9,13,19,14,16,3,1,23,24,17,21,20],[22,11,19,2,6,10,7,14,15,12,16,9,13,18,8,5,1,17,24,23,21,3,4,20],[18,15,6,22,2,11,10,7,8,12,5,9,13,19,14,16,3,4,24,20,1,17,23,21],[6,3,2,19,10,7,11,22,14,15,12,16,9,13,18,8,5,1,21,4,20,17],[10,7,2,19,14,22,11,15,12,16,9,6,13,18,8,5,4,20,17,24,3,1,23,21],[7,19,11,22,2,14,10,15,12,16,13,9,6,18,8,5,4,23,21,24,20,17,3,1],[2,6,14,7,18,22,10,15,11,12,16,13,9,8,5,19,3,1,24,17,4],[15,7,22,19,2,10,6,11,18,8,12,9,5,14,16,13,4,23,24,20,17,21,1],[6,14,7,2,22,10,19,15,11,16,12,9,13,17,8,5,1,24,4,18],[7,14,3,2,23,22,18,11,10,15,12,16,13,9,6,8,5,19,24,4,20,17,1,21],[10,22,6,7,11,14,15,12,16,13,9,2,18,8,5,19,3,4,21,17,20,23,24,1],[15,10,2,23,19,7,22,11,6,12,8,9,18,16,5,24,3,4,14,13,20,17],[15,11,2,19,7,22,10,6,12,8,9,18,5,14,16,13,3,4,23,24,1,17,21,20],[10,6,7,11,15,3,2,22,19,12,8,9,18,5,14,16,13,21,1,20,17,23,24],[2,6,15,18,22,11,10,7,12,8,9,5,16,20,19,1,24,14,13,17,23,3,4],[11,2,22,6,10,7,18,15,12,8,9,5,14,16,13,19,21,3,4,20,17,23,24],[23,18,6,22,3,2,10,7,11,15,12,8,5,9,14,16,13,20,19,24,4,17],[18,23,10,6,22,11,7,3,2,14,15,16,12,13,9,8,5,19,24,1,17,20,21],[2,23,19,6,7,22,10,11,15,12,8,5,9,18,16,21,1,3,14,13,17,4],[3,14,15,2,6,7,11,10,16,12,13,9,18,22,8,5,19,1,21,17,4,23,20,24],[23,3,22,18,15,11,2,6,7,10,8,12,9,5,14,16,13,20,19,24,1,17],[23,15,11,22,18,2,7,6,10,12,8,9,5,14,16,13,17,24,4,19,20,3,1,21],[10,18,23,7,14,15,22,2,11,16,12,13,9,6,8,5,19,21,1,3,24,17,20],[2,11,14,10,15,12,16,13,9,19,7,22,6,18,8,5,3,1,23,24,20,21,17],[18,10,22,2,14,6,15,7,11,16,12,13,9,8,5,19,1,24,20,17,3,4,23],[14,3,2,22,19,7,11,10,15,12,16,13,9,6,18,8,5,4,17,24,20,23],[15,19,2,23,7,10,11,22,6,12,8,9,18,14,16,13,5,24,3,4,17,1,20,21],[14,22,11,10,15,12,16,9,2,6,7,18,13,8,5,20,19,3,4,17,21,1,24],[18,3,10,11,2,14,15,12,16,9,6,7,22,13,8,5,20,19,4,23,24,17,21,1],[19,15,6,11,7,3,10,2,22,8,12,9,18,5,14,16,13,1,24,17,21,20,4],[18,23,3,2,6,7,15,11,22,10,12,8,5,9,14,16,13,19,24,4,17,20,21],[10,15,3,2,23,18,6,22,7,11,12,8,9,5,16,20,19,24,1,17,14,13,4,21],[22,18,2,14,10,6,7,15,11,12,16,9,13,8,5,17,1,23,24,3,19,20],[15,6,22,11,10,7,3,2,18,12,8,9,20,19,5,14,16,13,17,4,21,23,24],[7,11,22,2,15,19,6,10,12,8,5,9,18,16,21,1,14,13,3,4,20,17,23,24],[19,3,23,22,10,11,2,6,7,14,15,16,12,13,9,18,8,5,24,4,20,17,21,1],[10,2,15,22,18,6,7,11,8,12,9,5,14,16,13,19,4,21,3,17,23,20,24],[22,11,3,2,14,10,15,12,16,9,18,7,6,13,8,5,19,4,24,20,17,21,1],[19,6,15,10,11,7,2,23,22,12,8,9,18,5,14,16,13,24,4,20,17,1,21],[6,10,11,7,14,15,16,12,13,9,3,2,19,22,8,18,5,1,24,20,17,21,4,23],[14,11,10,15,12,16,13,9,18,2,22,7,6,8,5,20,19,17,3,1,21,24,4],[18,10,7,2,15,23,11,22,6,8,12,5,9,13,19,14,16,24,3,1,4,20,17],[7,15,19,3,23,22,10,11,2,6,8,12,5,9,18,14,16,13,24,1,20,17,21],[23,18,6,22,14,15,7,3,2,11,10,16,12,13,9,8,5,19,24,1,20,17],[10,3,2,18,14,23,22,7,11,15,12,16,9,8,13,6,5,19,24,17,1,4,21,20],[11,14,10,15,12,16,13,9,18,6,7,22,3,2,8,5,17,1,21,23,20,19,24],[19,14,23,15,22,3,2,11,10,12,16,13,9,6,7,18,8,5,21,4,17,24,20,1],[19,23,6,7,11,22,14,10,15,12,16,13,9,3,2,18,8,5,24,1,17,4,20,21],[19,3,14,2,22,11,15,10,12,16,13,9,7,6,18,8,5,1,24,23,17],[23,18,6,7,22,15,10,11,2,8,12,5,9,14,16,13,20,19,24,3,1,17,21],[6,11,10,7,23,22,3,2,15,19,8,12,9,18,5,13,14,16,24,4,1,21,17],[6,22,14,7,10,3,2,19,15,11,16,12,9,13,18,8,5,4,23,24,1,20,17],[2,23,15,18,6,22,11,7,10,8,12,9,5,14,16,13,20,19,24,3,1,17,4],[2,23,15,11,22,7,19,10,6,12,8,5,9,18,16,24,4,17,13,14,21,1,3],[14,23,22,2,11,10,15,16,12,9,7,19,6,13,18,8,5,21,3,1,20,17,24],[7,15,2,10,23,18,22,11,6,12,8,5,9,13,19,14,16,21,1,17,4,24,3,20],[10,18,23,14,15,22,7,2,11,12,16,9,6,13,8,5,19,24,4,20,17,1,3,21],[11,22,6,7,3,2,15,19,10,18,12,8,9,16,5,13,1,24,14,23,20,17,4,21],[22,19,2,10,6,7,11,14,15,16,12,9,13,8,18,5,3,1,23,24,17,21,4,20],[23,6,7,15,10,18,22,11,3,2,8,12,5,9,14,16,13,19,24,1,20,17],[3,6,7,2,15,23,18,10,22,11,8,12,9,5,19,16,24,20,4,17,14,13,21],[23,7,14,22,18,3,15,2,11,10,16,12,13,9,6,8,5,19,24,4,20,17],[18,10,15,6,11,7,3,2,22,8,12,9,5,20,19,16,21,1,13,17,14,4,23,24],[19,22,6,11,10,7,14,15,16,12,13,9,3,2,18,8,5,4,17,21,23],[14,2,11,10,15,12,16,9,22,18,7,6,13,8,5,19,4,24,1,17,3,23,21],[11,22,14,15,10,16,12,9,2,6,7,19,13,18,8,5,3,4,23,24,21,1,17],[19,15,22,3,6,7,2,11,10,8,12,5,9,18,14,16,13,21,1,20,23,24,17],[3,15,11,10,2,23,22,18,6,7,12,8,9,5,14,16,13,19,24,4,17,21,20],[22,14,11,10,15,16,12,13,9,18,7,2,6,8,5,20,19,1,17,24,21,23,4,3],[18,11,7,2,15,23,10,22,6,8,12,5,9,14,16,13,17,24,1,3,20,4,19,21],[14,11,15,10,12,16,13,9,3,2,23,22,6,7,19,18,8,5,21,1,17,4],[23,11,10,22,2,19,15,6,7,8,12,5,9,18,14,16,13,24,3,1,21,17,20],[22,15,2,10,7,19,6,11,18,8,12,5,9,14,16,13,3,20,4,23,24,17,21,1],[15,6,18,22,3,2,11,10,7,12,8,9,5,14,16,13,19,17,1,23,24,4],[15,7,10,22,18,2,11,6,8,12,9,5,20,19,14,16,13,1,21,17,4,23,24],[10,19,22,2,15,6,11,7,8,12,5,9,18,14,16,13,3,1,21,24,4,17],[18,11,6,10,7,15,22,2,8,12,5,9,14,16,13,20,19,4,17,21,1,23,24,3],[2,7,23,14,22,11,15,10,16,12,13,9,18,6,8,5,19,24,4,1,17],[18,2,15,7,10,23,11,22,6,12,8,9,5,13,19,14,16,21,1,24,20,3,17,4],[23,11,22,18,14,10,15,12,16,13,9,7,3,2,6,8,5,19,24,4,20,17,21],[22,3,11,10,2,15,6,7,19,8,12,5,9,18,13,14,16,4,24,17,21,20,1,23],[7,14,3,2,19,11,15,10,12,16,13,9,22,6,18,8,5,4,24,20,17],[15,22,11,18,2,6,10,7,8,12,9,5,14,16,13,20,19,1,17,23,24,21,4,3],[14,2,7,11,10,15,12,16,13,9,19,23,22,6,18,8,5,24,1,20,4,17,3,21],[23,11,10,22,15,3,2,7,18,6,12,8,9,5,14,16,13,20,19,24,17,4,1],[14,23,15,22,19,7,11,10,12,16,9,3,2,6,13,18,8,5,21,4,17,20,24,1],[10,18,3,11,2,22,15,6,7,12,8,9,5,14,16,13,19,24,1,20,17],[11,7,2,18,15,23,22,10,6,12,8,5,9,16,19,21,1,14,13,20,17,24,3],[6,19,10,7,11,14,15,16,12,9,22,3,2,13,18,8,5,1,23,24,17,20,4,21],[22,18,11,14,15,10,16,12,9,2,7,6,13,8,5,17,1,23,21,3,24,19,20],[23,14,15,22,2,19,11,10,16,12,13,9,7,6,18,8,5,24,1,3,20,17,21,4],[15,2,6,19,10,7,11,22,18,12,8,5,9,14,16,13,3,1,17,24,23,4],[6,18,3,7,2,10,11,15,23,22,8,12,5,9,14,16,13,20,19,24,1,17,21],[18,2,7,11,15,22,6,10,8,12,5,9,14,16,13,19,3,23,21,4,20,17],[11,23,10,22,14,15,16,12,13,9,19,3,2,7,6,18,8,5,21,1,24,17,4],[22,10,15,2,18,7,6,11,12,8,9,5,13,20,19,14,16,1,17,21,3,23,24,4],[10,6,7,11,19,23,22,2,15,12,8,9,18,14,16,13,5,24,4,17,1],[23,6,22,15,2,10,7,11,18,8,12,5,9,14,16,13,17,21,4,20,3,19,1],[15,7,3,23,22,19,10,2,11,6,18,12,8,5,9,16,21,4,17,13,14,24],[2,23,11,22,14,15,10,16,12,13,9,6,7,19,18,8,5,24,3,4,20,17,1,21],[6,15,19,22,2,11,7,10,12,8,9,18,14,16,13,5,1,21,17,4,23,24,20],[6,10,7,11,22,14,15,16,12,9,2,19,13,18,8,5,1,21,17,20,3,4,23,24],[22,11,7,2,18,15,6,10,8,12,5,9,14,16,13,19,1,20,17,21,3,23,24],[15,19,23,11,22,3,2,7,10,6,8,12,9,18,5,14,16,13,24,4,20,17],[19,3,14,2,11,10,15,16,12,13,9,22,7,6,18,8,5,4,23,24,17,21,1,20],[19,7,22,15,11,2,6,10,8,12,9,18,5,16,1,21,4,17,24,3,13,14],[14,19,7,22,2,11,10,15,12,16,13,9,6,18,8,5,3,21,4,20,23,17,1,24],[2,10,6,7,11,23,22,18,14,15,12,16,13,9,8,5,19,24,1,3,20],[3,15,19,11,2,22,6,7,10,8,12,5,9,18,14,16,13,4,24,17,1,20,23],[3,22,18,15,11,2,7,6,10,8,12,9,5,16,19,21,4,13,17,14,20,24],[23,11,10,22,3,2,14,15,12,16,9,19,7,6,13,18,8,5,24,4,17,20,1],[23,11,10,22,6,7,19,2,15,8,12,9,18,5,16,24,4,14,13,21,20,17],[14,10,22,7,2,18,15,11,12,16,13,9,6,8,5,20,19,4,23,24,1,17,21,3],[6,10,11,7,19,14,15,16,12,9,23,22,3,2,13,18,8,5,24,4,20,21,17],[14,11,10,15,12,16,13,9,7,23,22,19,3,2,6,18,8,5,24,1,20,17,4],[18,22,10,7,2,14,15,11,16,12,13,9,6,8,5,19,4,20,23,24,17,1],[14,19,11,10,15,16,12,13,9,2,22,7,6,18,8,5,4,24,17,3,23],[23,18,15,7,10,3,22,2,6,11,8,12,5,9,16,19,24,1,14,13,20,21,17],[14,3,15,2,22,11,10,16,12,9,19,6,7,13,18,8,5,4,21,20,17],[6,18,3,2,23,7,22,11,14,10,15,12,16,9,13,8,5,19,21,17,4,24,1],[19,6,15,2,11,10,7,23,22,18,8,12,5,9,14,16,13,24,1,21,17,3,20],[10,22,6,11,7,15,18,3,2,8,12,5,9,13,14,16,19,24,1,17,23,4,20],[23,18,14,15,22,11,10,12,16,13,9,2,6,7,8,5,19,24,4,17,20,1,21,3],[11,3,10,2,18,15,7,22,6,8,12,5,9,14,16,13,17,1,23,24,21,4,19],[3,6,7,2,19,14,10,22,15,11,16,12,13,9,18,8,5,4,23,24,17],[19,6,10,7,11,14,15,12,16,9,2,23,22,13,18,8,5,24,3,1,4,17],[22,18,11,15,2,6,7,10,8,12,9,5,14,16,13,17,3,4,23,24,20,19],[22,6,18,15,2,11,7,10,8,12,5,9,14,16,13,20,19,21,4,17,3,24,23,1],[10,22,3,2,19,6,7,11,14,15,12,16,13,9,20,18,8,5,17,4,21,24,23,1],[7,10,18,3,2,22,14,15,11,16,12,9,6,13,8,5,17,4,21,24,20,19],[11,23,22,15,7,2,18,6,10,12,8,9,5,14,16,13,20,19,24,4,17,21,1,3],[3,19,7,15,22,11,2,6,10,8,12,5,9,18,13,14,16,20,4,17,23,24,1],[23,10,18,6,22,11,7,14,15,12,16,13,9,2,8,5,19,24,4,17,21,3,1,20],[11,23,22,18,6,7,14,15,10,16,12,13,9,3,2,8,5,17,24,4,20,19,1,21],[23,15,18,10,6,7,22,11,2,12,8,5,9,19,13,14,16,21,3,4,17,20,24,1],[23,2,19,14,22,7,10,15,11,12,16,9,6,13,8,18,5,24,4,20,17,3,21,1],[11,22,14,10,15,16,12,9,2,6,7,19,13,18,8,5,4,24,21,23,20,17,1,3],[2,23,18,7,14,15,22,11,10,12,16,9,6,13,8,5,20,19,24,1,17,3],[7,14,18,