{"problem_id":"LXUhk13fwGE8JVI","sigma":150,"alpha":3.162,"cost":0,"probabilities":"[0.3, 0.16, 0.38, 0.16]","payoff_matrix":"[[-155, -119, -227, -52, -61, -212], [34, -143, 111, -136, -43, 131], [48, -11, -48, 50, 56, 51], [-166, -45, -113, -112, -94, -133]]","uncovered":[[7,15,3,11,23,21,19,13,1,17,5,14,9,18,2,16,4,8,24,20,6,12,22],[11,3,23,19,17,15,21,7,13,1,5,14,9,18,2,20,16,4,8,24,6,12,22],[11,23,19,21,7,15,3,17,13,1,5,18,9,16,14,4,6,22,24,20,2,8,12,10],[15,11,7,23,3,19,21,17,1,13,5,20,9,16,14,2,4,6,24,18,8,22,10,12],[15,19,23,17,21,7,3,11,1,13,5,18,9,14,4,16,8,22,24,20,6,2,12,10],[11,19,3,15,23,17,13,7,1,21,5,20,9,14,18,16,2,4,6,24,8,22,12],[23,3,7,19,17,11,15,21,1,13,5,20,9,16,18,14,2,4,6,22,24,8,12],[3,11,15,19,7,23,21,17,1,13,5,18,9,16,14,2,4,6,24,20,8,22,10,12],[3,7,15,19,11,23,21,13,1,17,5,16,9,20,14,4,8,24,18,6,2,12,22,10],[11,23,7,15,21,19,3,17,13,1,5,14,9,18,4,20,16,6,22,24,2,8,10,12],[7,3,11,15,23,21,19,17,1,13,5,16,9,20,18,14,2,4,8,24,6,22,10,12],[19,15,7,3,11,23,17,21,1,13,5,14,9,20,16,2,18,4,6,22,24,8,10,12],[23,11,3,15,21,19,7,13,17,1,5,14,9,20,18,16,4,8,24,6,2,12,22],[19,15,23,7,3,17,21,11,1,13,5,14,9,18,2,16,4,8,24,20,6,10,22,12],[15,19,7,11,3,23,21,17,13,1,5,14,9,18,2,20,16,4,8,22,24,6,12,10],[11,3,15,19,7,23,17,21,13,1,5,14,9,20,16,2,4,6,24,18,8,12,22],[7,3,23,19,21,11,15,17,1,13,5,18,9,14,16,2,20,4,8,22,24,6,10,12],[19,3,23,21,11,7,15,17,13,1,5,16,9,20,18,14,2,4,8,22,24,6,10,12],[15,11,19,7,23,21,3,17,13,1,5,18,9,14,4,16,6,24,20,2,8,10,22,12],[3,15,19,7,23,17,13,11,21,1,5,18,9,16,20,14,2,4,8,22,24,6,12],[3,11,23,7,19,15,21,17,13,1,5,18,9,14,2,16,4,8,22,20,24,6,12],[19,3,7,11,23,17,15,13,21,1,5,16,9,20,18,14,4,8,24,6,2,12,22,10],[3,19,7,23,15,21,11,13,1,17,5,18,9,16,14,4,8,24,20,6,2,10,22,12],[19,7,11,15,23,17,13,3,21,1,5,14,9,18,2,16,4,8,22,24,20,6,10,12],[7,3,15,11,19,23,17,21,1,13,5,16,9,18,20,14,4,6,22,24,2,8,10,12],[3,7,23,19,21,11,15,17,1,13,5,16,9,20,14,2,18,4,6,24,8,12,22],[3,15,23,13,11,19,21,7,17,1,5,18,9,16,20,14,4,8,24,6,2,22,10,12],[11,23,19,17,15,3,21,7,13,1,5,14,9,18,4,16,8,24,20,6,2,12,22,10],[23,15,3,13,19,7,11,21,1,17,5,14,9,20,18,16,4,8,22,24,6,2,12],[19,3,7,15,23,11,21,17,1,13,5,20,9,16,14,4,6,22,24,18,2,8,12,10],[23,3,11,15,13,19,7,17,21,1,5,16,9,20,18,14,2,4,6,22,24,10,8,12],[11,19,23,21,15,7,3,17,13,1,5,14,9,18,4,16,8,24,20,6,2,10,22,12],[11,3,19,23,17,15,13,7,21,1,5,18,9,16,14,2,4,8,24,20,6,12,22],[3,15,11,19,23,7,17,21,1,13,5,20,9,16,18,14,4,6,22,24,2,8,10,12],[19,15,3,7,23,21,11,13,17,1,5,16,9,18,20,14,4,6,24,2,8,22,12,10],[7,3,19,15,11,23,17,13,1,21,5,20,9,16,14,2,4,8,22,18,24,6,10,12],[23,19,17,15,13,7,11,3,1,21,5,20,9,14,16,4,6,24,18,2,8,12,22,10],[3,11,7,23,19,21,15,13,1,17,5,14,9,18,2,20,16,4,6,22,24,8,10,12],[11,23,15,21,3,7,19,13,17,1,5,20,9,14,16,4,8,22,24,18,6,2,12,10],[15,19,23,17,21,7,11,3,13,1,5,14,9,20,16,4,8,22,18,24,6,2,10,12],[3,15,7,19,11,23,17,21,13,1,5,16,9,20,14,4,8,22,18,24,6,2,10,12],[3,11,15,19,23,21,7,13,1,17,5,20,9,14,18,16,4,6,24,2,8,22,10,12],[3,11,15,19,23,21,7,17,13,1,5,20,9,16,18,14,4,6,24,2,8,22,10,12],[3,19,7,15,23,17,13,11,21,1,5,20,9,16,14,2,4,6,22,18,24,8,10,12],[11,19,7,23,3,21,15,13,17,1,5,14,9,20,18,16,2,4,6,22,24,8,10,12],[3,19,23,21,11,15,7,17,13,1,5,16,9,18,14,4,6,22,20,24,2,8,12,10],[3,15,7,23,21,11,19,17,13,1,5,20,9,14,16,2,4,6,24,18,8,12,22,10],[7,3,19,15,11,23,17,13,1,21,5,18,9,16,20,14,2,4,6,22,24,8,10,12],[15,7,23,21,11,3,19,17,13,1,5,14,9,18,2,20,16,4,8,24,6,10,22,12],[11,23,19,21,7,3,15,17,13,1,5,14,9,18,4,16,6,24,20,2,8,12,22],[7,19,3,15,11,23,21,17,1,13,5,20,9,16,18,14,4,6,24,2,8,12,22,10],[23,11,3,7,19,17,15,13,21,1,5,20,9,14,18,16,2,4,8,22,24,6,12,10],[15,11,7,19,23,21,3,17,13,1,5,18,9,16,20,14,4,6,24,2,8,12,22,10],[11,15,3,23,21,7,19,17,1,13,5,20,9,14,16,2,4,6,22,24,18,8,12,10],[15,11,23,19,17,13,7,3,1,21,5,14,9,20,18,16,2,4,8,24,6,10,22,12],[23,7,19,11,17,15,13,3,21,1,5,20,9,16,14,2,4,8,22,24,18,6,12,10],[23,11,3,7,15,13,19,17,1,21,5,14,9,18,2,16,4,8,22,24,20,6,12,10],[15,7,19,3,11,23,21,17,13,1,5,14,9,20,18,16,2,4,6,24,8,22,12,10],[3,11,19,15,23,21,7,17,1,13,5,18,9,16,14,2,20,4,6,24,8,12,22,10],[19,15,3,11,7,23,17,21,13,1,5,14,9,18,2,20,16,4,8,24,6,10,22,12],[11,19,23,17,15,13,3,7,21,1,5,20,9,14,16,4,6,22,24,18,2,8,12],[15,19,23,7,21,3,11,17,1,13,5,20,9,16,18,14,2,4,6,22,24,8,10,12],[11,15,23,3,21,19,7,13,17,1,5,18,9,16,14,2,4,8,24,20,6,12,22],[19,23,21,11,15,7,3,13,17,1,5,16,9,20,14,4,8,24,18,6,2,22,10,12],[7,11,23,15,21,3,19,17,1,13,5,20,9,14,16,4,8,24,18,6,2,10,22,12],[3,19,23,7,21,15,11,17,1,13,5,16,9,20,14,4,6,22,18,24,2,8,12,10],[3,7,23,11,15,21,19,17,13,1,5,16,9,20,14,4,6,24,18,2,8,10,22,12],[7,11,19,15,3,23,17,13,1,21,5,16,9,18,14,4,8,22,20,24,6,2,12,10],[7,11,19,23,21,15,3,13,17,1,5,18,9,14,4,20,16,8,22,24,6,2,10,12],[11,7,3,19,15,23,17,13,1,21,5,16,9,20,18,14,4,6,22,24,2,8,10,12],[11,15,19,3,23,7,17,13,1,21,5,16,9,20,14,4,8,22,18,24,6,2,10,12],[3,23,19,7,15,11,21,17,1,13,5,14,9,20,16,2,4,8,22,18,24,6,12,10],[11,15,19,23,3,17,21,7,13,1,5,14,9,18,2,16,4,6,22,20,24,8,10,12],[3,11,19,23,17,15,21,7,13,1,5,14,9,18,4,20,16,6,22,24,2,8,12,10],[19,23,21,7,15,3,11,13,1,17,5,16,9,20,14,2,18,4,6,22,24,8,12,10],[7,3,15,23,13,19,17,11,1,21,5,14,9,18,4,16,8,22,20,24,6,2,10,12],[11,19,7,15,3,23,17,13,21,1,5,16,9,20,18,14,2,4,8,24,6,22,10,12],[23,11,3,19,7,21,15,13,1,17,5,14,9,20,16,4,6,24,18,2,8,22,12],[7,11,19,23,3,21,15,13,1,17,5,14,9,18,4,16,6,24,20,2,8,10,22,12],[7,19,15,23,21,3,11,13,17,1,5,16,9,18,14,4,6,22,24,20,2,8,10,12],[11,19,3,23,17,15,21,7,13,1,5,16,9,18,14,4,6,22,20,24,2,8,12],[11,23,15,21,19,3,7,13,1,17,5,20,9,16,14,2,4,6,24,18,8,10,22,12],[3,11,23,7,15,21,19,17,1,13,5,20,9,16,18,14,4,8,22,24,6,2,10,12],[3,19,23,7,11,21,15,13,1,17,5,18,9,16,20,14,2,4,8,22,24,6,12],[19,15,23,11,17,7,13,3,21,1,5,18,9,16,14,2,4,8,24,20,6,12,22,10],[19,23,7,3,21,15,11,13,17,1,5,14,9,18,4,20,16,8,22,24,6,2,12],[15,3,11,23,13,7,19,21,17,1,5,18,9,14,4,20,16,8,24,6,2,12,22],[11,23,19,17,15,7,21,3,1,13,5,18,9,16,14,2,4,6,24,20,8,10,22,12],[7,15,3,11,19,23,21,13,1,17,5,18,9,14,4,16,8,22,20,24,6,2,12],[3,15,19,11,23,7,21,13,1,17,5,18,9,16,20,14,2,4,6,22,24,8,12],[23,3,19,21,11,7,15,17,1,13,5,20,9,16,18,14,4,6,22,24,2,8,10,12],[3,19,15,23,21,7,11,17,1,13,5,20,9,16,14,4,8,24,18,6,2,22,10,12],[11,3,23,15,7,13,19,21,17,1,5,20,9,14,16,4,8,22,24,18,6,2,10,12],[23,3,11,7,15,19,21,17,13,1,5,18,9,16,14,2,20,4,6,24,8,22,10,12],[23,19,7,21,11,15,3,17,13,1,5,18,9,16,20,14,4,6,24,2,8,10,22,12],[7,3,23,11,15,21,19,13,1,17,5,18,9,16,14,4,6,24,20,2,12,8,22],[19,15,7,3,23,21,11,17,1,13,5,20,9,16,14,2,18,4,8,22,24,6,12,10],[7,11,19,3,23,21,15,13,17,1,5,16,9,18,20,14,4,6,22,24,2,8,10,12],[3,7,15,11,23,13,19,21,1,17,5,18,9,14,4,16,8,22,24,20,6,2,10,12],[19,11,23,17,3,15,21,7,13,1,5,20,9,14,18,16,2,4,6,22,24,8,12,10],[23,7,3,11,15,21,19,17,1,13,5,16,9,18,14,2,20,4,8,24,6,10,22,12],[11,7,15,19,23,21,3,13,1,17,5,18,9,16,20,14,2,4,6,22,24,8,10,12],[23,15,11,7,13,19,3,21,1,17,5,18,9,14,4,20,16,6,24,2,8,10,22,12],[19,15,3,7,11,23,21,17,1,13,5,16,9,18,14,2,20,4,8,22,24,6,12],[19,23,11,3,7,17,15,13,1,21,5,16,9,20,18,14,4,6,22,24,2,8,10,12],[23,11,3,7,19,17,15,13,21,1,5,16,9,18,14,4,6,22,24,20,2,8,10,12],[19,11,3,7,23,17,15,21,1,13,5,18,9,14,4,16,6,22,20,24,2,8,10,12],[3,15,19,23,21,11,7,13,17,1,5,18,9,16,14,2,4,6,22,24,20,8,10,12],[3,7,23,19,17,11,15,21,13,1,5,18,9,14,4,16,6,24,20,2,8,22,12,10],[23,3,15,21,7,11,19,13,17,1,5,16,9,20,14,4,8,24,18,6,2,12,22],[19,23,21,11,7,3,15,13,17,1,5,14,9,18,2,16,20,4,8,24,6,22,10,12],[15,23,11,21,7,3,19,17,1,13,5,16,9,18,20,14,4,6,22,24,2,8,12,10],[23,11,7,15,13,3,19,21,17,1,5,20,9,14,16,2,18,4,8,22,24,6,12],[3,15,11,23,7,13,19,21,17,1,5,18,9,16,14,4,8,24,20,6,2,12,22],[11,7,15,23,21,19,3,17,13,1,5,20,9,16,18,14,4,6,24,2,8,10,22,12],[3,15,19,23,17,13,11,7,21,1,5,14,9,18,4,16,6,22,24,20,2,8,10,12],[19,15,11,3,7,23,17,13,1,21,5,14,9,18,2,20,16,4,8,22,24,6,12,10],[11,23,7,15,13,19,21,3,1,17,5,16,9,20,18,14,4,6,22,24,2,8,10,12],[19,15,11,3,7,23,21,17,1,13,5,14,9,18,2,16,4,6,24,20,10,8,22,12],[23,11,7,15,21,19,3,17,13,1,5,16,9,20,14,2,18,4,6,22,24,12,8,10],[7,3,15,19,11,23,17,13,1,21,5,14,9,18,2,20,16,4,8,22,24,6,10,12],[11,15,3,19,23,17,21,7,1,13,5,20,9,14,18,16,2,4,8,24,6,22,10,12],[3,19,15,23,17,21,11,7,1,13,5,16,9,20,18,14,2,4,8,24,6,10,22,12],[11,3,23,19,7,21,15,13,1,17,5,18,9,16,20,14,2,4,8,24,6,10,22,12],[23,7,15,21,3,19,11,17,13,1,5,20,9,14,18,16,4,6,24,2,8,22,10,12],[19,3,11,7,15,23,17,21,13,1,5,14,9,18,2,20,16,4,6,24,8,12,22,10],[19,23,3,17,15,21,11,7,13,1,5,18,9,14,2,20,16,4,8,24,6,22,12,10],[23,11,3,19,7,21,15,17,1,13,5,16,9,18,14,4,6,24,20,2,8,22,10,12],[19,15,23,21,7,11,3,13,17,1,5,16,9,18,14,4,6,24,20,2,8,22,10,12],[11,7,15,19,23,21,3,13,1,17,5,20,9,14,18,16,2,4,6,24,8,12,22,10],[3,15,11,7,23,13,19,21,1,17,5,14,9,18,2,20,16,4,8,22,24,6,12,10],[11,15,19,3,7,23,17,21,1,13,5,20,9,14,16,2,4,6,24,18,8,22,12,10],[19,15,11,7,23,21,3,17,13,1,5,18,9,16,14,2,4,6,22,20,24,8,10,12],[11,3,7,23,19,17,15,21,1,13,5,14,9,20,18,16,4,8,24,6,2,12,22,10],[7,15,23,13,3,11,19,17,1,21,5,20,9,14,16,2,18,4,8,24,6,22,12],[19,23,11,21,3,7,15,13,1,17,5,20,9,14,18,16,4,8,22,24,6,2,12],[3,15,23,19,21,11,7,13,17,1,5,16,9,18,14,2,20,4,6,24,8,10,22,12],[19,15,7,23,21,3,11,17,1,13,5,14,9,20,18,16,2,4,6,22,24,8,12],[19,7,15,11,23,17,13,3,1,21,5,16,9,20,18,14,4,8,22,24,6,2,12],[15,3,23,19,21,11,7,13,17,1,5,18,9,16,20,14,2,4,6,22,24,8,12],[3,11,23,19,21,15,7,13,17,1,5,16,9,20,18,14,4,8,22,24,6,2,12,10],[11,3,19,7,23,21,15,17,13,1,5,18,9,16,14,2,20,4,8,24,6,10,22,12],[15,11,3,7,19,23,17,21,1,13,5,18,9,16,14,4,8,22,24,20,6,2,10,12],[3,11,23,15,21,19,7,17,13,1,5,18,9,16,20,14,2,4,6,22,24,8,12,10],[3,19,23,17,7,11,15,21,1,13,5,20,9,14,16,4,8,22,18,24,6,2,10,12],[19,3,7,11,23,21,15,17,13,1,5,18,9,14,2,16,4,6,22,24,20,8,12],[19,11,3,15,23,21,7,13,1,17,5,14,9,18,4,20,16,6,22,24,2,8,12,10],[19,3,11,15,7,23,17,13,21,1,5,16,9,20,18,14,2,4,8,24,6,22,12,10],[15,23,7,13,3,11,19,17,1,21,5,14,9,20,16,2,18,4,8,22,24,6,12,10],[15,23,3,21,7,19,11,17,13,1,5,20,9,16,18,14,2,4,6,24,8,10,22,12],[23,7,19,21,11,15,3,13,17,1,5,18,9,14,4,20,16,8,22,24,6,2,10,12],[23,15,21,19,7,3,11,13,1,17,5,18,9,14,2,16,20,4,6,24,8,22,10,12],[19,11,23,3,17,7,15,21,1,13,5,16,9,18,14,2,20,4,8,22,24,6,12],[23,19,17,11,15,3,13,7,1,21,5,14,9,20,18,16,2,4,6,24,8,10,22,12],[3,23,19,17,11,15,21,7,1,13,5,20,9,16,18,14,2,4,6,24,8,10,22,12],[23,7,3,19,11,21,15,17,13,1,5,16,9,18,14,4,6,22,24,20,2,8,12],[19,23,17,11,7,3,15,13,1,21,5,18,9,14,4,16,8,24,20,6,2,12,22,10],[3,15,7,19,23,21,11,17,13,1,5,20,9,14,18,16,4,8,24,6,2,22,10,12],[23,11,15,21,7,19,3,17,1,13,5,20,9,14,16,4,8,22,18,24,6,2,10,12],[3,19,11,7,15,23,17,21,1,13,5,20,9,16,14,4,6,24,18,2,8,12,22,10],[3,23,15,13,7,19,11,21,17,1,5,20,9,16,18,14,4,8,22,24,6,2,10,12],[23,19,3,21,15,7,11,13,17,1,5,16,9,18,20,14,4,6,22,24,2,8,10,12],[23,15,7,21,11,19,3,13,17,1,5,20,9,14,18,16,2,4,6,24,8,22,12,10],[7,11,15,23,21,3,19,17,13,1,5,20,9,14,18,16,2,4,8,24,6,12,22,10],[15,3,7,11,23,19,17,13,21,1,5,14,9,20,16,2,18,4,8,24,6,10,22,12],[19,23,17,15,11,3,21,7,1,13,5,16,9,18,14,4,6,24,20,2,8,22,12,10],[19,23,21,15,11,3,7,17,1,13,5,16,9,20,14,2,18,4,6,24,8,22,10,12],[7,23,19,11,15,21,3,13,1,17,5,20,9,16,14,2,18,4,6,24,8,10,22,12],[7,11,19,3,23,15,21,17,1,13,5,16,9,18,20,14,4,6,24,2,8,10,22,12],[3,11,7,15,23,19,17,21,1,13,5,16,9,20,14,2,18,4,8,24,6,12,22],[23,11,15,19,21,3,7,13,17,1,5,16,9,20,18,14,4,8,24,6,2,22,12,10],[15,7,3,23,13,11,19,17,1,21,5,20,9,16,14,4,6,24,18,2,8,10,22,12],[11,3,19,15,7,23,21,17,13,1,5,20,9,16,18,14,2,4,8,22,24,6,12],[11,15,23,13,7,3,19,17,21,1,5,18,9,16,14,4,8,22,20,24,6,2,12],[15,7,19,3,11,23,17,13,21,1,5,14,9,20,18,16,2,4,6,24,8,12,22,10],[11,7,15,19,23,21,3,13,1,17,5,20,9,14,18,16,4,6,24,2,8,22,10,12],[3,19,11,7,23,21,15,17,1,13,5,18,9,14,4,16,6,24,20,2,8,12,22,10],[11,7,15,19,3,23,21,13,17,1,5,14,9,20,16,2,18,4,8,22,24,6,10,12],[19,3,7,11,23,21,15,17,13,1,5,14,9,20,18,16,2,4,8,24,6,12,22],[3,7,23,11,15,21,19,13,1,17,5,20,9,14,18,16,2,4,6,22,24,8,12],[23,19,15,11,21,3,7,17,13,1,5,16,9,18,14,4,8,22,24,20,6,2,10,12],[11,19,15,23,21,7,3,13,1,17,5,18,9,16,14,4,6,22,20,24,2,8,10,12],[15,19,7,11,3,23,21,17,1,13,5,20,9,14,16,4,6,24,18,2,8,12,22],[15,3,19,23,7,21,11,17,1,13,5,14,9,18,2,20,16,4,8,22,24,6,12],[19,3,11,15,23,21,7,13,17,1,5,20,9,14,18,16,2,4,8,22,24,6,12,10],[15,23,13,19,21,7,3,11,17,1,5,20,9,14,18,16,4,8,24,6,2,22,12],[3,15,19,23,11,21,7,13,17,1,5,16,9,18,14,2,20,4,6,22,24,8,10,12],[3,19,23,15,7,11,21,17,13,1,5,18,9,16,20,14,2,4,8,22,24,6,12,10],[19,3,7,11,23,17,15,13,21,1,5,18,9,14,4,20,16,8,24,6,2,10,22,12],[7,15,11,3,19,23,17,13,1,21,5,18,9,14,4,20,16,6,24,2,8,12,22],[23,15,11,13,19,3,17,7,1,21,5,18,9,16,14,2,4,8,24,20,6,12,22,10],[19,15,7,3,11,23,17,13,21,1,5,14,9,18,4,16,8,24,20,6,2,12,22,10],[15,19,23,21,11,7,3,13,17,1,5,16,9,20,14,2,18,4,6,22,24,8,10,12],[19,23,21,15,11,7,3,13,1,17,5,14,9,20,18,16,2,4,8,24,6,22,10,12],[19,11,15,3,7,23,17,13,1,21,5,18,9,16,20,14,2,4,6,24,8,10,22,12],[19,7,3,11,23,21,15,17,1,13,5,14,9,18,4,16,6,22,20,24,2,8,12,10],[7,23,11,3,19,17,15,21,1,13,5,14,9,18,2,16,4,8,22,20,24,6,10,12],[15,11,7,19,3,23,21,13,1,17,5,14,9,20,18,16,4,6,22,24,2,8,10,12],[7,11,15,23,21,3,19,17,1,13,5,14,9,20,18,16,2,4,6,22,24,8,10,12],[23,7,15,21,11,19,3,17,1,13,5,20,9,16,18,14,4,6,24,2,8,10,22,12],[7,3,19,15,11,23,17,21,13,1,5,16,9,20,18,14,4,8,24,6,2,10,22,12],[11,7,3,19,15,23,21,17,1,13,5,14,9,20,16,4,8,24,18,6,2,10,22,12],[19,23,15,3,11,17,21,7,1,13,5,18,9,16,14,2,4,8,24,20,6,10,22,12],[15,7,11,23,3,21,19,13,17,1,5,20,9,16,18,14,2,4,8,24,6,12,22],[7,15,11,3,23,13,19,17,21,1,5,18,9,16,20,14,4,8,24,6,2,10,22,12],[3,7,11,23,19,21,15,17,1,13,5,18,9,14,2,16,4,8,24,20,6,10,22,12],[15,23,19,17,21,11,7,3,13,1,5,14,9,18,2,16,4,8,24,20,6,22,12,10],[23,19,3,15,17,13,7,11,21,1,5,20,9,14,16,4,8,24,18,6,2,12,22],[23,3,19,11,17,15,21,7,1,13,5,14,9,20,16,4,6,22,18,24,2,8,12,10],[7,23,19,11,21,3,15,17,1,13,5,14,9,20,16,4,6,22,24,18,2,8,12,10],[11,15,23,19,17,13,7,3,1,21,5,16,9,18,14,4,8,22,24,20,6,2,10,12],[7,3,23,19,21,15,11,13,17,1,5,20,9,16,18,14,2,4,8,22,24,6,12,10],[19,3,15,11,7,23,21,17,1,13,5,16,9,20,18,14,2,4,8,24,6,10,22,12],[7,15,19,23,17,13,3,11,21,1,5,20,9,16,14,2,4,6,24,18,8,10,22,12],[15,19,11,7,23,3,17,13,21,1,5,14,9,20,18,16,4,8,22,24,6,2,12],[15,7,19,23,3,21,11,13,17,1,5,16,9,18,20,14,2,4,8,24,6,10,22,12],[11,3,19,15,7,23,21,17,13,1,5,16,9,18,20,14,4,8,22,24,6,2,10,12],[23,3,19,7,17,15,11,13,1,21,5,18,9,14,4,16,8,22,20,24,6,2,12],[11,23,3,15,21,19,7,13,17,1,5,14,9,18,2,16,4,8,22,20,24,6,10,12],[3,11,19,7,23,21,15,13,17,1,5,16,9,20,18,14,4,8,22,24,6,2,10,12],[15,7,23,11,13,19,21,3,17,1,5,14,9,20,18,16,4,6,22,24,2,8,10,12],[23,19,15,3,21,11,7,13,1,17,5,16,9,20,14,4,8,24,18,6,2,22,12],[15,3,11,7,19,23,21,13,17,1,5,20,9,16,14,4,6,24,18,2,8,10,22,12],[11,15,3,23,21,19,7,13,1,17,5,16,9,18,20,14,2,4,6,24,8,10,22,12],[3,7,23,19,17,11,15,13,1,21,5,14,9,18,2,20,16,4,6,24,8,12,22,10],[11,23,15,3,19,21,7,17,1,13,5,20,9,14,18,16,2,4,6,24,8,22,12],[3,23,19,7,17,15,13,11,21,1,5,20,9,14,18,16,2,4,6,22,24,8,10,12],[23,3,15,21,7,11,19,17,13,1,5,14,9,18,4,20,16,6,22,24,2,8,12,10],[23,3,19,21,11,7,15,17,13,1,5,16,9,20,14,4,8,22,18,24,6,2,10,12],[19,23,21,3,7,11,15,17,13,1,5,18,9,14,4,16,8,24,20,6,2,10,22,12],[3,11,19,23,7,17,15,13,21,1,5,18,9,14,2,16,20,4,6,22,24,8,12,10],[23,3,15,21,11,19,7,13,17,1,5,14,9,18,2,16,4,8,24,20,6,12,22],[11,7,19,3,23,21,15,17,13,1,5,14,9,20,16,4,8,22,18,24,6,2,12,10],[15,19,23,7,17,21,11,3,1,13,5,16,9,20,18,14,4,8,24,6,2,12,22],[11,7,19,23,17,15,13,3,21,1,5,18,9,14,4,16,8,24,20,6,2,10,22,12],[15,19,3,7,11,23,17,21,1,13,5,18,9,16,20,14,2,4,8,24,6,12,22,10],[7,11,15,23,13,19,21,3,17,1,5,18,9,16,20,14,2,4,6,22,24,8,10,12],[15,3,19,11,23,21,7,17,1,13,5,14,9,18,4,16,8,24,20,6,2,12,22],[19,7,15,23,17,21,3,11,13,1,5,16,9,20,14,2,18,4,6,24,8,12,22],[23,11,15,7,13,3,19,21,17,1,5,16,9,18,14,2,20,4,8,22,24,6,12,10],[19,15,23,3,17,21,11,7,1,13,5,14,9,18,4,20,16,8,22,24,6,2,10,12],[7,3,15,19,11,23,21,17,1,13,5,16,9,20,18,14,4,8,24,6,2,12,22],[15,3,19,23,17,13,11,7,1,21,5,14,9,18,4,16,6,22,24,20,2,8,12],[23,7,11,3,15,13,19,21,1,17,5,14,9,20,16,2,4,6,24,18,8,22,12],[11,19,7,23,3,21,15,13,1,17,5,14,9,20,16,4,6,22,24,18,2,8,12,10],[23,7,19,21,3,15,11,13,17,1,5,18,9,14,4,16,6,22,24,20,2,8,12,10],[3,7,15,19,23,17,21,11,1,13,5,18,9,14,4,16,8,24,20,6,2,12,22,10],[15,3,19,23,21,7,11,17,1,13,5,18,9,16,14,4,8,24,20,6,2,12,22],[19,11,7,3,15,23,21,17,13,1,5,20,9,16,18,14,4,6,24,2,8,10,22,12],[23,3,19,15,17,21,7,11,13,1,5,14,9,20,18,16,4,8,22,24,6,2,10,12],[3,19,23,15,21,7,11,17,1,13,5,14,9,18,2,20,16,4,8,22,24,6,12,10],[7,3,11,19,23,17,15,13,21,1,5,16,9,20,18,14,2,4,8,24,6,22,10,12],[7,15,3,23,21,11,19,17,13,1,5,14,9,20,16,2,18,4,8,24,6,12,22,10],[7,19,3,23,11,15,21,13,17,1,5,14,9,18,2,16,4,8,24,20,6,12,22],[19,3,15,7,11,23,21,13,1,17,5,16,9,18,14,2,20,4,8,22,24,6,10,12],[3,23,7,15,13,11,19,21,1,17,5,18,9,16,20,14,4,8,24,6,2,22,10,12],[7,11,3,23,19,17,15,21,1,13,5,18,9,16,20,14,2,4,8,22,24,6,12,10],[15,23,13,19,21,3,7,11,17,1,5,16,9,20,18,14,4,6,22,24,2,8,10,12],[23,11,15,13,19,17,3,7,1,21,5,20,9,16,18,14,4,8,24,6,2,10,22,12],[3,19,15,11,23,7,17,21,1,13,5,18,9,14,4,16,6,22,20,24,2,8,12,10],[23,15,13,19,21,3,7,11,17,1,5,16,9,20,18,14,2,4,6,24,8,10,22,12],[11,19,23,15,17,13,7,3,1,21,5,14,9,18,2,20,16,4,6,22,24,8,10,12],[15,19,3,23,7,17,11,21,13,1,5,14,9,18,4,20,16,6,22,24,2,8,12],[15,3,7,11,19,23,21,13,17,1,5,14,9,20,16,4,6,24,18,2,8,10,22,12],[23,19,11,7,3,17,15,21,13,1,5,16,9,20,14,2,4,6,24,18,8,10,22,12],[7,11,15,3,23,21,19,13,1,17,5,9,14,18,2,20,16,4,6,24,8,10,22,12],[3,7,19,15,23,11,21,13,1,17,5,14,9,20,18,16,4,8,22,24,6,2,10,12],[7,23,19,17,15,11,13,3,1,21,5,20,9,16,18,14,4,6,22,24,2,8,10,12],[15,3,19,7,23,17,13,11,21,1,5,20,9,16,14,2,18,4,8,24,6,10,22,12],[11,23,7,15,19,17,21,3,1,13,5,18,9,14,2,16,4,6,24,20,22,8,12,10],[7,23,11,15,21,3,19,17,13,1,5,20,9,14,18,16,4,6,24,2,8,10,22,12],[11,23,3,19,21,15,7,17,13,1,5,20,9,16,14,4,8,22,18,24,6,2,10,12],[11,15,7,23,21,19,3,13,1,17,5,14,9,18,20,16,4,6,24,2,8,22,10,12],[11,23,19,3,21,7,15,17,1,13,5,14,9,18,4,16,8,22,20,24,6,2,12,10],[11,23,3,19,21,15,7,13,17,1,5,16,9,18,14,2,20,4,8,22,24,6,12],[19,15,7,11,23,17,13,3,1,21,5,14,9,20,16,2,4,6,24,18,8,22,10,12],[11,3,15,7,23,21,19,17,1,13,5,16,9,20,14,2,18,4,6,24,8,12,22,10],[15,7,3,19,11,23,21,17,13,1,5,18,9,14,2,20,16,4,8,24,6,10,22,12],[15,3,23,21,7,11,19,17,13,1,5,20,9,14,16,4,6,24,18,2,8,10,22,12],[7,15,11,19,23,21,3,17,13,1,5,20,9,16,18,14,2,4,8,22,24,6,10,12],[3,11,19,15,23,17,13,7,21,1,5,20,9,16,14,2,4,8,24,18,6,22,12,10],[11,19,7,23,21,15,3,13,17,1,5,14,9,20,18,16,2,4,8,22,24,6,10,12],[7,3,15,23,13,19,17,11,21,1,5,18,9,16,20,14,4,8,24,6,2,12,22,10],[23,7,3,15,19,21,11,13,17,1,5,18,9,16,14,2,20,4,8,24,6,10,22,12],[3,15,19,23,21,7,11,13,1,17,5,16,9,18,14,2,4,8,22,24,20,6,12],[15,7,19,11,3,23,21,17,1,13,5,20,9,16,18,14,4,6,24,2,8,10,22,12],[3,15,19,11,23,7,21,17,1,13,5,20,9,14,18,16,2,4,8,24,6,12,22,10],[11,19,7,3,23,21,15,13,1,17,5,20,9,16,18,14,4,8,24,6,2,12,22,10],[23,19,17,3,11,15,21,7,1,13,5,18,9,14,4,20,16,8,24,6,2,10,22,12],[15,19,11,3,7,23,21,13,17,1,5,14,9,18,2,20,16,4,6,22,24,8,12],[15,23,7,13,19,21,3,11,17,1,5,18,9,14,4,20,16,8,24,6,2,22,12],[11,23,3,19,7,21,15,13,17,1,5,14,9,20,18,16,4,8,24,6,2,10,22,12],[23,3,11,19,17,15,21,7,13,1,5,16,9,20,18,14,4,6,24,2,8,12,22,10],[23,11,3,19,17,15,21,7,1,13,5,20,9,16,14,2,18,4,6,24,22,8,12,10],[11,19,3,23,17,15,21,7,1,13,5,14,9,20,16,4,8,24,18,6,2,10,22,12],[7,23,19,11,21,15,3,17,1,13,5,20,9,14,18,16,4,6,24,2,8,10,22,12],[19,11,15,7,3,23,21,17,13,1,5,18,9,16,14,2,20,4,6,24,8,10,12,22],[19,11,23,21,15,7,3,13,1,17,5,20,9,16,14,2,18,4,8,24,6,12,22,10],[19,23,17,3,11,7,15,21,1,13,5,14,9,18,4,16,6,24,20,2,8,12,22],[7,15,23,13,19,21,11,3,17,1,5,20,9,14,18,16,2,4,8,24,6,10,22,12],[7,11,15,23,13,19,17,3,1,21,5,18,9,16,14,2,4,8,22,24,20,6,12,10],[3,23,7,11,15,19,17,13,1,21,5,14,9,20,18,16,2,4,6,22,24,8,10,12],[19,23,3,17,11,15,21,7,13,1,5,16,9,20,14,2,18,4,8,22,24,6,12],[11,3,7,19,15,23,17,13,1,21,5,14,9,20,18,16,4,8,22,24,6,2,10,12],[11,19,7,3,15,23,17,21,1,13,5,18,9,14,2,20,16,4,8,22,24,6,12,10],[19,3,7,23,11,15,21,13,1,17,5,20,9,16,14,2,18,4,8,24,6,22,10,12],[19,3,11,7,15,23,21,13,1,17,5,20,9,14,16,4,8,24,18,6,2,22,12],[19,7,15,11,3,23,17,13,1,21,5,20,9,16,14,4,6,22,18,24,2,8,12,10],[3,19,11,23,17,7,15,13,21,1,5,20,9,16,14,4,6,24,18,2,8,22,10,12],[15,11,23,3,21,7,19,13,1,17,5,14,9,18,4,20,16,6,24,2,8,10,22,12],[15,19,3,11,7,23,21,17,1,13,5,14,9,20,16,2,4,8,24,18,6,12,22,10],[15,23,13,11,3,19,7,21,17,1,5,14,9,18,2,16,20,4,8,22,24,6,12,10],[3,11,19,15,23,17,21,7,1,13,5,18,9,16,14,4,6,24,20,2,8,10,22,12],[19,7,11,15,23,21,3,13,1,17,5,18,9,14,2,16,4,6,22,24,20,8,10,12],[23,19,3,7,11,15,17,21,1,13,5,14,9,20,16,4,8,22,18,24,6,2,10,12],[19,11,3,7,23,17,15,21,1,13,5,16,9,20,14,4,6,22,24,18,2,8,12],[15,23,19,11,17,7,21,3,13,1,5,18,9,16,20,14,2,4,8,24,6,12,22],[23,19,7,17,15,3,21,11,1,13,5,20,9,16,14,2,4,8,22,18,24,6,12],[15,7,3,19,23,21,11,17,1,13,5,20,9,14,18,16,2,4,8,22,24,6,12],[7,3,23,11,15,19,17,21,1,13,5,16,9,20,14,4,6,24,18,2,8,12,22,10],[19,7,15,3,23,17,21,11,1,13,5,14,9,18,2,20,16,4,6,22,24,8,12],[11,23,7,19,21,3,15,13,17,1,5,14,9,18,4,16,8,22,24,20,6,2,10,12],[7,11,19,23,21,15,3,13,17,1,5,16,9,18,20,14,4,8,22,24,6,2,12,10],[3,11,23,7,19,17,15,21,1,13,5,14,9,18,4,16,6,24,20,2,8,10,22,12],[23,7,11,15,21,3,19,17,1,13,5,18,9,14,4,16,6,22,20,24,2,8,10,12],[11,3,15,23,13,7,19,17,21,1,5,14,9,20,18,16,4,6,22,24,2,8,12,10],[19,3,7,23,15,17,21,11,13,1,5,18,9,16,14,2,4,8,22,24,20,6,10,12],[15,19,3,7,11,23,17,13,1,21,5,18,9,14,2,16,4,6,24,20,8,22,10,12],[15,7,3,23,13,19,17,11,21,1,5,16,9,20,14,2,18,4,6,22,24,8,12,10],[11,19,3,15,23,7,17,13,1,21,5,16,9,18,20,14,2,4,6,24,8,22,12,10],[19,23,21,7,15,3,11,13,17,1,5,14,9,20,18,16,2,4,8,22,24,6,12,10],[19,11,15,3,23,7,17,13,21,1,5,20,9,14,16,2,18,4,6,22,24,8,12,10],[15,11,23,13,3,19,17,7,1,21,5,16,9,20,18,14,2,4,8,24,6,12,22,10],[11,23,7,3,15,21,19,17,1,13,5,20,9,16,18,14,4,8,24,6,2,22,10,12],[7,19,23,11,17,15,21,3,13,1,5,14,9,20,16,4,6,24,18,2,8,10,22,12],[23,11,15,21,19,7,3,17,13,1,5,16,9,18,20,14,2,4,6,24,8,10,22,12],[15,19,7,3,23,17,21,11,1,13,5,18,9,16,14,4,8,24,20,6,2,22,12,10],[7,23,15,21,11,19,3,17,13,1,5,18,9,16,20,14,2,4,6,24,12,8,22],[3,19,23,17,11,7,15,21,1,13,5,16,9,18,14,4,8,22,24,20,6,2,12],[3,11,7,15,19,23,17,13,21,1,5,20,9,14,16,4,8,22,24,18,6,2,12,10],[3,19,15,23,11,17,13,7,1,21,5,14,9,18,4,16,8,22,24,20,6,2,12],[15,3,11,7,23,21,19,17,13,1,5,20,9,16,14,2,18,4,6,24,8,12,22],[3,11,19,15,23,17,13,7,21,1,5,20,9,14,16,4,6,24,18,2,8,12,22],[23,7,19,17,15,13,11,3,1,21,5,20,9,14,18,16,2,4,6,22,24,8,12,10],[15,11,23,21,7,3,19,13,17,1,5,16,9,20,18,14,2,4,8,22,24,6,10,12],[7,15,11,23,19,3,21,17,13,1,5,16,9,20,18,14,2,4,6,24,8,22,12],[11,3,19,7,15,23,21,17,1,13,5,16,9,18,20,14,4,6,22,24,2,8,10,12],[15,3,23,19,17,13,7,11,1,21,5,20,9,14,18,16,2,4,8,22,24,6,12],[11,19,23,15,17,21,7,3,13,1,5,14,9,18,2,16,20,4,8,22,24,6,10,12],[11,7,19,15,23,17,13,3,1,21,5,20,9,14,18,16,4,6,24,2,8,22,10,12],[3,23,7,15,21,11,19,17,1,13,5,14,9,18,2,20,16,4,6,24,8,22,12],[19,11,23,21,3,15,7,17,13,1,5,16,9,20,14,2,4,6,22,18,24,8,12,10],[19,11,23,17,15,13,3,7,1,21,5,16,9,18,20,14,2,4,6,24,8,12,22],[11,19,15,23,3,21,7,13,1,17,5,18,9,14,4,16,8,22,24,20,6,2,10,12],[7,11,23,19,15,17,3,13,1,21,5,20,9,14,18,16,4,8,24,6,2,10,22,12],[19,23,17,15,11,13,3,7,21,1,5,14,9,18,4,16,6,22,20,24,2,8,12,10],[19,23,15,3,21,11,7,13,17,1,5,16,9,18,14,2,4,6,24,20,8,12,22,10],[23,11,19,17,3,7,15,13,1,21,5,16,9,18,14,2,20,4,6,22,24,8,10,12],[11,19,7,3,15,23,17,21,13,1,5,14,9,18,4,20,16,8,24,6,2,22,12],[3,15,7,23,13,11,19,17,21,1,5,16,9,18,14,4,8,22,24,20,6,2,10,12],[3,19,23,17,11,15,13,7,1,21,5,14,9,20,16,4,8,22,24,18,6,2,10,12],[3,19,11,15,23,17,21,7,1,13,5,18,9,14,2,16,20,4,8,22,24,6,10,12],[15,11,7,19,23,17,21,3,13,1,5,20,9,14,16,2,18,4,8,24,6,10,22,12],[11,3,7,23,19,21,15,17,1,13,5,16,9,20,18,14,4,6,24,2,8,22,10,12],[7,11,3,15,19,23,17,21,1,13,5,18,9,14,4,20,16,8,24,6,2,12,22],[7,23,11,19,17,15,21,3,13,1,5,14,9,20,18,16,2,4,6,24,8,10,22,12],[19,23,17,11,3,15,13,7,21,1,5,16,9,18,20,14,4,8,24,6,2,12,22],[11,23,19,15,3,17,13,7,1,21,5,20,9,16,18,14,2,4,6,24,8,12,22],[11,3,23,15,7,21,19,17,13,1,5,14,9,20,16,4,6,22,18,24,2,8,12,10],[11,7,19,23,15,17,13,3,21,1,5,16,9,20,18,14,4,8,22,24,6,2,10,12],[23,11,3,19,15,17,21,7,1,13,5,20,9,14,16,4,8,22,18,24,6,2,12,10],[15,3,23,19,17,21,11,7,13,1,5,14,9,20,16,4,6,24,18,2,8,10,22,12],[11,3,15,23,21,7,19,13,1,17,5,18,9,14,4,16,6,22,24,20,2,8,12,10],[7,19,3,15,23,21,11,13,17,1,5,16,9,18,14,2,4,8,22,20,24,6,12,10],[19,7,11,23,21,15,3,13,17,1,5,16,9,20,18,14,4,8,22,24,6,2,10,12],[3,15,11,23,13,7,19,17,1,21,5,18,9,14,4,16,6,22,24,20,2,8,10,12],[3,19,23,17,11,15,21,7,13,1,5,16,9,20,18,14,4,8,22,24,6,2,12,10],[3,15,23,11,21,7,19,13,1,17,5,16,9,20,14,2,4,8,22,24,18,6,10,12],[3,7,23,15,13,11,19,21,17,1,5,20,9,14,16,2,18,4,8,24,6,22,12],[7,3,15,19,11,23,17,13,1,21,5,16,9,20,18,14,4,6,24,2,8,10,22,12],[23,19,15,11,17,7,21,3,13,1,5,16,9,20,14,4,8,22,18,24,6,2,12,10],[15,7,11,23,19,21,3,17,13,1,5,18,9,14,4,20,16,6,22,24,2,8,10,12],[11,3,15,23,13,19,17,7,1,21,5,20,9,14,16,4,8,24,18,6,2,10,22,12],[15,19,11,23,17,13,3,7,21,1,5,16,9,18,20,14,4,8,24,6,2,10,22,12],[7,15,3,23,13,11,19,17,1,21,5,20,9,16,14,2,18,4,6,22,24,8,12],[23,19,15,21,3,11,7,17,1,13,5,16,9,18,14,4,6,24,20,2,8,12,22,10],[19,3,11,7,23,17,15,13,21,1,5,14,9,20,18,16,2,4,6,24,8,10,22,12],[23,15,7,21,11,3,19,13,17,1,5,18,9,14,2,16,20,4,8,24,6,12,22],[19,7,3,15,11,23,17,13,21,1,5,18,9,16,20,14,2,4,6,24,8,12,22,10],[11,15,3,19,23,17,7,21,1,13,5,18,9,16,14,2,4,8,22,24,20,6,12],[11,3,19,7,15,23,21,13,17,1,5,14,9,20,18,16,2,4,6,24,8,22,10,12],[11,7,3,23,19,21,15,13,17,1,5,18,9,16,14,4,6,24,20,2,8,10,22,12],[11,7,3,15,19,23,17,13,21,1,5,20,9,14,18,16,4,8,24,6,2,12,22],[11,3,7,19,15,23,17,13,21,1,5,16,9,20,14,2,18,4,6,24,8,12,22],[15,19,7,23,3,17,21,11,13,1,5,14,9,20,16,2,4,8,22,24,18,6,10,12],[15,3,23,21,11,19,7,13,1,17,5,16,9,18,20,14,2,4,6,24,8,12,22],[3,7,15,23,13,11,19,21,1,17,5,16,9,18,20,14,2,4,8,22,24,6,12],[19,11,3,23,21,7,15,13,1,17,5,16,9,18,14,2,4,6,22,24,20,8,10,12],[7,3,23,15,21,11,19,13,1,17,5,14,9,18,2,16,4,6,22,24,20,8,10,12],[19,7,23,21,11,3,15,13,17,1,5,18,9,16,14,4,8,22,20,24,6,2,10,12],[19,23,11,7,17,15,13,3,21,1,5,16,9,20,18,14,2,4,6,22,24,8,10,12],[11,15,3,7,23,21,19,13,17,1,5,16,9,18,20,14,2,4,6,24,8,10,22,12],[3,23,11,15,13,7,19,17,21,1,5,16,9,20,14,4,8,22,24,18,6,2,12],[15,23,13,11,7,19,3,21,1,17,5,20,9,16,18,14,2,4,6,24,8,10,22,12],[7,15,11,3,23,13,19,21,17,1,5,18,9,14,4,16,6,24,20,2,8,10,22,12],[19,3,11,23,21,15,7,17,13,1,5,16,9,18,20,14,2,4,8,24,6,10,22,12],[11,7,19,15,3,23,21,13,17,1,5,20,9,14,18,16,2,4,6,22,24,8,10,12],[23,15,3,21,7,19,11,17,13,1,5,16,9,18,20,14,4,6,24,2,8,12,22],[11,23,7,3,19,15,21,17,13,1,5,20,9,16,18,14,4,8,24,6,2,12,22,10],[3,11,7,15,19,23,17,21,1,13,5,16,9,20,18,14,2,4,6,22,24,8,10,12],[3,15,23,21,7,11,19,17,13,1,5,16,9,20,18,14,4,8,22,24,6,2,10,12],[23,19,15,17,13,7,3,11,21,1,5,16,9,18,14,4,8,22,20,24,6,2,10,12],[19,11,7,15,3,23,21,17,1,13,5,16,9,18,14,4,6,22,24,20,2,8,12,10],[7,15,23,3,21,19,11,17,1,13,5,20,9,14,16,4,8,22,18,24,6,2,12,10],[19,11,3,23,21,7,15,13,17,1,5,20,9,14,18,16,4,8,24,6,2,22,12],[3,7,19,15,23,11,21,17,1,13,5,20,9,14,16,4,8,22,24,18,6,2,10,12],[19,7,3,11,23,21,15,17,13,1,5,20,9,16,18,14,2,4,8,24,6,12,22,10],[23,15,19,21,7,3,11,17,1,13,5,14,9,20,18,16,4,6,22,24,2,8,12,10],[7,15,3,19,11,23,21,13,17,1,5,14,9,20,16,4,6,22,24,18,2,8,10,12],[19,7,11,23,15,21,3,17,1,13,5,20,9,16,14,2,4,8,24,18,6,22,12,10],[15,11,7,3,19,23,21,17,1,13,5,18,9,16,20,14,2,4,6,24,8,10,22,12],[11,3,15,19,23,17,13,7,1,21,5,14,9,20,16,2,18,4,6,22,24,8,12],[7,15,23,3,11,13,19,21,1,17,5,14,9,20,16,4,6,24,18,2,8,10,22,12],[7,3,11,19,15,23,21,13,1,17,5,20,9,16,14,4,8,24,18,6,2,22,12,10],[7,19,3,23,17,15,13,11,21,1,5,20,9,16,14,2,4,6,24,18,8,12,22],[3,15,7,19,11,23,21,17,1,13,5,18,9,16,14,4,8,24,20,6,2,10,22,12],[3,15,19,23,21,11,7,13,1,17,5,18,9,14,4,16,8,22,20,24,6,2,12,10],[3,23,15,21,19,11,7,13,1,17,5,16,9,20,14,2,18,4,6,24,8,12,22],[15,23,3,21,7,11,19,17,13,1,5,18,9,16,20,14,2,4,6,24,8,22,10,12],[19,7,11,3,15,23,21,13,17,1,5,18,9,14,2,20,16,4,8,24,6,22,12,10],[11,19,15,23,21,3,7,17,13,1,5,16,9,20,18,14,2,4,8,24,6,12,22,10],[15,19,23,17,7,13,11,3,1,21,5,18,9,16,14,2,20,4,8,22,24,6,12],[7,19,3,23,11,15,17,21,1,13,5,14,9,20,18,16,4,6,24,2,8,22,12],[19,3,7,15,23,21,11,17,13,1,5,20,9,14,18,16,4,6,24,2,8,12,22],[19,7,11,15,3,23,21,13,1,17,5,20,9,16,14,2,4,6,22,24,18,8,10,12],[11,23,3,19,21,15,7,13,1,17,5,16,9,20,18,14,2,4,6,22,24,8,10,12],[11,23,3,15,19,17,21,7,13,1,5,14,9,18,4,16,8,24,20,6,2,12,22,10],[7,19,15,11,23,21,3,13,17,1,5,20,9,16,14,4,8,22,24,18,6,2,10,12],[7,23,11,3,15,21,19,17,1,13,5,20,9,14,16,4,6,24,18,2,8,10,22,12],[23,15,21,3,11,7,19,13,1,17,5,20,9,16,18,14,4,8,24,6,2,22,12],[7,23,19,17,11,15,13,3,21,1,5,16,9,18,14,4,6,22,20,24,2,8,10,12],[15,19,7,23,21,11,3,17,13,1,5,20,9,14,18,16,2,4,6,24,8,12,22,10],[3,19,7,15,11,23,21,17,1,13,5,16,9,20,18,14,2,4,6,24,8,22,10,12],[3,19,11,15,7,23,17,13,21,1,5,14,9,18,2,16,4,6,24,20,8,12,22],[19,11,23,21,3,7,15,13,1,17,5,16,9,20,14,4,8,22,18,24,6,2,10,12],[11,19,7,23,17,3,15,13,1,21,5,14,9,20,16,4,8,22,24,18,6,2,10,12],[3,7,11,23,19,15,17,13,21,1,5,18,9,14,4,16,6,24,20,2,8,22,10,12],[3,23,11,7,15,19,21,13,17,1,5,16,9,18,20,14,4,6,24,2,8,12,22,10],[11,7,3,23,15,21,19,17,13,1,5,20,9,14,18,16,4,8,24,6,2,12,22,10],[15,3,11,7,23,21,19,13,1,17,5,18,9,16,20,14,2,4,6,22,24,8,12,10],[15,3,19,7,23,17,13,11,21,1,5,16,9,18,14,2,20,4,8,22,24,6,10,12],[15,23,11,21,3,19,7,13,17,1,5,18,9,14,2,16,20,4,8,22,24,6,10,12],[23,19,7,17,11,15,21,3,1,13,5,20,9,16,18,14,4,6,24,2,8,10,22,12],[11,7,3,15,19,23,17,21,1,13,5,18,9,14,2,20,16,4,6,22,24,8,12,10],[11,23,3,19,7,21,15,13,17,1,5,14,9,20,16,4,6,22,18,24,2,8,12,10],[3,23,19,11,21,15,7,13,1,17,5,14,9,20,16,2,18,4,6,24,8,22,12,10],[11,15,7,19,23,21,3,17,1,13,5,18,9,14,2,16,20,4,8,24,6,10,22,12],[11,19,3,23,17,7,15,21,13,1,5,20,9,16,18,14,2,4,6,24,8,10,22,12],[7,3,23,19,15,21,11,13,17,1,5,14,9,20,18,16,2,4,8,22,24,6,12],[23,15,13,3,19,7,21,11,17,1,5,20,9,16,14,4,6,24,18,2,8,10,22,12],[23,3,11,15,13,7,19,21,1,17,5,18,9,14,4,20,16,8,24,6,2,10,22,12],[19,11,3,15,23,21,7,17,1,13,5,16,9,20,14,2,4,6,24,18,8,12,22,10],[19,23,17,3,11,15,21,7,1,13,5,18,9,16,14,2,4,8,24,20,6,22,10,12],[19,3,15,7,11,23,21,13,1,17,5,16,9,20,14,4,6,24,18,2,8,10,22,12],[19,11,15,23,21,3,7,13,17,1,5,20,9,14,18,16,2,4,6,24,8,22,10,12],[3,23,11,15,7,13,19,21,17,1,5,14,9,20,16,2,18,4,6,24,8,22,10,12],[3,11,19,7,15,23,17,13,21,1,5,14,9,20,16,2,4,6,24,18,8,22,12],[7,23,19,3,17,15,11,13,21,1,5,16,9,20,14,2,18,4,6,22,24,8,10,12],[3,11,23,15,13,19,17,7,1,21,5,14,9,18,2,20,16,4,8,22,24,6,10,12],[15,11,23,21,3,7,19,13,17,1,5,18,9,14,4,16,8,24,20,6,2,10,22,12],[11,15,23,13,3,19,7,21,17,1,5,18,9,14,2,20,16,4,8,22,24,6,12],[3,7,23,19,21,15,11,13,17,1,5,14,9,20,18,16,4,8,22,24,6,2,12],[23,11,19,21,3,7,15,17,1,13,5,20,9,14,16,2,4,8,22,18,24,6,10,12],[23,19,21,11,15,7,3,17,13,1,5,20,9,16,14,2,4,8,24,18,6,10,22,12],[15,3,11,19,23,21,7,13,1,17,5,16,9,18,14,4,6,24,20,2,8,12,22,10],[7,11,3,15,23,13,19,17,21,1,5,20,9,16,18,14,2,4,6,24,8,10,22,12],[19,11,23,21,7,3,15,13,17,1,5,14,9,18,4,20,16,8,24,6,2,22,12,10],[23,15,21,3,19,11,7,17,13,1,5,20,9,14,16,2,18,4,6,24,8,22,10,12],[23,7,15,13,3,11,19,17,21,1,5,20,9,16,14,4,6,24,18,2,8,22,10,12],[11,23,3,19,21,15,7,17,13,1,5,14,9,18,4,20,16,6,24,2,8,10,22,12],[19,23,21,7,11,3,15,17,13,1,5,20,9,16,14,4,8,24,18,6,2,12,22,10],[19,15,7,3,11,23,21,13,17,1,5,16,9,20,18,14,4,8,24,6,2,10,22,12],[11,23,3,15,7,13,19,21,1,17,5,16,9,18,14,2,20,4,8,22,24,6,12],[23,19,11,21,7,3,15,13,1,17,5,16,9,18,14,4,6,24,20,2,8,12,22],[15,11,23,21,7,3,19,17,1,13,5,20,9,16,18,14,2,4,8,24,6,12,22],[3,11,23,15,13,19,21,7,17,1,5,14,9,18,2,20,16,4,6,22,24,8,12,10],[3,19,11,15,7,23,17,13,1,21,5,18,9,14,2,16,20,4,6,22,24,8,12],[7,3,15,11,19,23,21,17,1,13,5,18,9,14,2,20,16,4,8,24,6,12,22],[15,23,21,3,7,11,19,13,17,1,5,20,9,14,16,2,4,6,24,18,8,22,12],[15,7,19,11,23,21,3,13,1,17,5,20,9,14,16,4,6,22,24,18,2,8,12,10],[3,7,11,19,15,23,17,13,21,1,5,18,9,16,20,14,2,4,8,22,24,6,12],[23,19,7,17,3,11,15,21,1,13,5,14,9,20,16,2,18,4,8,24,6,10,22,12],[11,19,23,17,3,7,15,13,21,1,5,20,9,16,18,14,4,8,24,6,2,22,10,12],[3,11,7,15,19,23,17,21,13,1,5,14,9,20,16,4,6,22,24,18,2,8,12,10],[11,19,7,23,3,21,15,13,1,17,5,14,9,20,18,16,4,8,24,6,2,10,22,12],[19,3,7,23,17,15,21,11,1,13,5,20,9,16,18,14,2,4,6,22,24,8,12,10],[15,7,19,11,23,17,21,3,1,13,5,14,9,20,16,4,8,22,24,18,6,2,10,12],[23,7,3,19,21,15,11,13,17,1,5,14,9,20,18,16,2,4,8,22,24,6,10,12],[7,23,11,3,15,13,19,17,21,1,5,16,9,18,20,14,2,4,8,22,24,6,10,12],[7,15,3,19,23,21,11,17,13,1,5,14,9,20,18,16,2,4,6,22,24,8,12,10],[23,11,19,15,3,7,21,13,1,17,5,20,9,16,18,14,4,6,22,24,2,8,10,12],[3,23,15,11,13,19,21,7,17,1,5,18,9,16,20,14,4,8,24,6,2,10,22,12],[11,15,23,21,3,19,7,13,17,1,5,14,9,18,4,16,6,24,20,2,8,12,22],[15,23,13,19,17,3,11,7,1,21,5,20,9,16,18,14,4,8,24,6,2,10,22,12],[7,15,19,11,3,23,21,13,17,1,5,14,9,18,2,20,16,4,6,22,24,8,10,12],[15,23,21,19,11,7,3,13,1,17,5,20,9,16,18,14,2,4,8,24,6,22,10,12],[19,11,7,23,3,17,15,21,13,1,5,16,9,20,14,4,6,22,18,24,2,8,10,12],[7,11,23,3,15,19,17,13,21,1,5,14,9,18,2,20,16,4,6,22,24,8,10,12],[7,19,15,11,23,21,3,13,17,1,5,20,9,16,14,2,18,4,8,22,24,6,10,12],[19,11,15,3,23,17,21,7,13,1,5,20,9,14,18,16,2,4,8,22,24,6,10,12],[7,11,15,19,3,23,21,13,17,1,5,16,9,20,14,4,6,24,18,2,8,22,12,10],[7,3,23,11,15,13,19,21,17,1,5,18,9,14,4,20,16,6,24,2,22,8,10,12],[3,15,23,21,7,11,19,13,1,17,5,20,9,16,14,4,6,22,18,24,2,8,10,12],[19,11,7,3,15,23,21,17,13,1,5,14,9,18,2,20,16,4,8,24,6,22,12],[19,3,7,23,21,11,15,17,1,13,5,14,9,18,2,20,16,4,8,22,24,6,10,12],[15,23,21,3,19,11,7,13,1,17,5,18,9,16,20,14,4,6,22,24,2,8,10,12],[15,19,11,7,23,3,21,13,1,17,5,20,9,14,18,16,4,6,24,2,8,10,22,12],[11,3,19,23,7,17,15,13,1,21,5,16,9,18,14,2,4,8,22,24,20,6,10,12],[23,19,21,15,3,11,7,13,17,1,5,18,9,16,14,2,4,8,22,24,20,6,12],[15,23,21,3,11,7,19,13,17,1,5,20,9,16,18,14,4,8,22,24,6,2,12],[11,15,3,7,19,23,17,21,1,13,5,14,9,20,18,16,2,4,8,22,24,6,12],[3,19,7,15,11,23,21,17,13,1,5,20,9,14,18,16,2,4,8,24,6,10,22,12],[7,23,19,17,3,15,21,11,1,13,5,14,9,18,4,16,6,24,20,2,8,10,22,12],[11,23,19,15,21,3,7,13,1,17,5,14,9,20,18,16,2,4,6,22,24,8,10,12],[3,19,23,17,11,15,21,7,13,1,5,20,9,16,18,14,4,6,22,24,2,8,10,12],[15,23,19,7,17,21,11,3,1,13,5,14,9,20,18,16,2,4,6,24,8,10,22,12],[11,7,15,19,23,21,3,13,1,17,5,18,9,14,2,16,4,6,24,20,8,10,22,12],[11,15,23,3,7,19,21,13,1,17,5,14,9,18,2,20,16,4,6,24,8,22,10,12],[3,23,11,7,19,21,15,17,1,13,5,16,9,18,14,4,6,22,24,20,2,8,12],[7,11,23,15,19,21,3,17,1,13,5,18,9,14,2,16,20,4,8,24,6,22,12,10],[7,3,11,23,19,21,15,17,13,1,5,18,9,14,4,16,8,22,24,20,6,2,10,12],[15,7,23,21,3,19,11,13,1,17,5,20,9,16,18,14,4,6,22,24,2,8,10,12],[3,15,19,11,7,23,21,17,1,13,5,20,9,14,18,16,2,4,8,22,24,6,10,12],[19,23,3,7,11,21,15,13,17,1,5,18,9,14,4,20,16,8,22,24,6,2,12],[15,19,11,7,23,21,3,17,1,13,5,18,9,16,20,14,4,8,24,6,2,22,12,10],[15,23,21,7,3,11,19,13,17,1,5,18,9,14,4,20,16,8,24,6,2,22,10,12],[11,3,19,7,15,23,17,13,21,1,5,14,9,20,16,2,4,8,22,18,24,6,12,10],[19,11,15,7,3,23,21,13,17,1,5,14,9,18,4,16,6,24,20,2,8,22,12],[15,11,3,19,23,21,7,17,1,13,5,18,9,16,14,4,8,22,20,24,6,2,10,12],[3,19,7,23,17,11,15,13,21,1,5,20,9,16,14,2,18,4,6,22,24,8,10,12],[11,15,19,23,21,7,3,13,1,17,5,16,9,20,18,14,2,4,8,22,24,6,10,12],[15,11,19,3,7,23,21,13,1,17,5,18,9,16,20,14,2,4,8,22,24,6,12],[15,7,19,11,3,23,17,13,1,21,5,18,9,14,4,16,8,24,20,6,2,22,12,10],[23,19,11,3,17,7,15,13,21,1,5,16,9,20,14,2,4,8,24,18,6,10,22,12],[19,23,3,21,15,7,11,13,1,17,5,18,9,16,14,2,4,6,22,24,20,8,10,12],[3,23,15,7,13,19,21,11,1,17,5,16,9,18,20,14,2,4,6,22,24,8,10,12],[11,15,23,7,19,17,13,3,1,21,5,18,9,14,2,20,16,4,6,22,24,8,10,12],[3,11,15,19,7,23,17,21,13,1,5,20,9,16,14,2,4,6,22,24,18,8,10,12],[15,19,3,23,11,7,17,21,13,1,5,20,9,16,18,14,2,4,6,24,8,12,22],[23,11,19,21,15,7,3,13,1,17,5,16,9,20,18,14,4,6,22,24,2,8,12],[3,15,19,11,7,23,21,13,17,1,5,16,9,18,14,2,20,4,6,22,24,8,12,10],[11,19,3,23,15,21,7,17,1,13,5,16,9,18,14,2,4,6,24,20,8,12,22,10],[15,11,3,23,13,7,19,21,17,1,5,20,9,16,14,4,6,24,18,2,8,22,12,10],[15,7,11,23,19,21,3,17,13,1,5,18,9,16,14,2,20,4,6,24,8,22,12,10],[19,7,3,11,23,17,15,21,1,13,5,16,9,18,20,14,4,6,24,2,8,10,22,12],[3,23,19,21,11,7,15,17,1,13,5,20,9,16,18,14,4,8,24,6,2,22,12,10],[23,15,19,17,21,11,7,3,13,1,5,14,9,20,16,2,18,4,8,24,6,10,22,12],[3,15,23,7,13,11,19,21,1,17,5,16,9,18,20,14,2,4,8,24,6,22,12],[7,3,23,19,15,21,11,13,1,17,5,20,9,16,18,14,4,8,22,24,6,2,12,10],[7,3,11,19,23,17,15,21,13,1,5,14,9,20,18,16,4,8,24,6,2,22,12],[11,19,23,7,21,3,15,17,1,13,5,16,9,20,14,2,18,4,6,22,24,8,12,10],[15,11,7,19,3,23,17,13,21,1,5,20,9,14,16,4,8,22,18,24,6,2,10,12],[15,19,11,3,7,23,17,21,1,13,5,14,9,20,18,16,4,8,24,6,2,22,12],[19,7,15,23,11,17,13,3,21,1,5,18,9,14,2,20,16,4,8,24,6,10,22,12],[11,3,7,23,15,13,19,17,1,21,5,20,9,14,16,4,6,24,18,2,8,22,10,12],[19,23,15,7,3,17,13,11,1,21,5,16,9,18,20,14,2,4,8,24,6,22,10,12],[23,15,19,17,21,7,3,11,1,13,5,20,9,16,18,14,2,4,8,22,24,6,12,10],[23,3,7,11,19,17,15,13,1,21,5,14,9,20,16,2,4,6,22,24,18,8,12,10],[15,11,3,23,13,7,19,21,17,1,5,18,9,16,14,2,20,4,6,24,8,10,22,12],[11,15,3,23,21,7,19,17,13,1,5,14,9,20,18,16,2,4,6,24,8,22,12,10],[11,7,15,3,19,23,17,21,1,13,5,16,9,18,14,4,8,24,20,6,2,12,22,10],[19,23,17,15,21,11,7,3,1,13,5,20,9,14,16,2,18,4,6,24,8,10,22,12],[3,23,11,15,13,7,19,21,17,1,5,20,9,14,16,2,18,4,6,24,8,12,22],[19,3,11,23,15,17,13,7,21,1,5,18,9,16,14,2,4,6,24,20,8,12,22],[7,23,19,17,3,11,15,21,13,1,5,18,9,14,4,16,8,22,20,24,6,2,10,12],[23,3,15,21,19,11,7,13,1,17,5,16,9,20,18,14,2,4,6,22,24,8,12],[7,15,19,23,17,3,21,11,1,13,5,14,9,20,16,4,6,22,24,18,2,8,10,12],[7,15,19,3,11,23,21,17,1,13,5,16,9,20,18,14,2,4,8,22,24,6,12,10],[15,11,23,21,7,3,19,13,1,17,5,18,9,16,14,4,6,24,20,2,8,10,22,12],[7,11,3,23,15,13,19,17,21,1,5,18,9,16,14,4,6,24,20,2,8,10,22,12],[15,3,7,19,23,11,17,13,21,1,5,18,9,16,14,2,20,4,8,24,6,22,10,12],[7,15,19,3,11,23,17,13,1,21,5,14,9,20,16,4,6,22,24,18,2,8,12,10],[23,3,15,13,19,11,17,7,1,21,5,14,9,18,2,16,20,4,8,22,24,6,10,12],[3,19,23,7,21,15,11,17,1,13,5,14,9,20,18,16,2,4,8,22,24,6,12,10],[7,11,3,19,23,21,15,13,17,1,5,20,9,16,14,4,8,24,18,6,2,10,22,12],[15,23,21,7,19,11,3,13,17,1,5,18,9,16,14,2,4,6,24,20,8,22,10,12],[19,7,3,23,15,21,11,13,17,1,5,16,9,20,18,14,2,4,6,22,24,8,10,12],[7,11,15,23,21,19,3,13,1,17,5,18,9,14,2,20,16,4,8,22,24,6,10,12],[19,23,11,21,15,7,3,17,13,1,5,20,9,14,18,16,2,4,6,22,24,8,12],[11,3,15,7,23,13,19,17,1,21,5,20,9,16,18,14,2,4,8,22,24,6,10,12],[19,3,15,23,7,11,21,13,1,17,5,20,9,16,14,4,8,22,24,18,6,2,12],[23,15,13,11,3,7,19,17,1,21,5,14,9,18,2,20,16,4,8,24,6,12,22],[23,19,17,15,13,7,3,11,21,1,5,14,9,18,4,20,16,8,22,24,6,2,12],[3,23,11,7,15,19,21,13,17,1,5,16,9,18,20,14,2,4,8,24,6,12,22,10],[3,23,7,15,19,17,11,21,13,1,5,14,9,18,4,20,16,6,24,2,8,12,22,10],[3,23,19,7,17,11,15,13,1,21,5,14,9,18,4,16,6,24,20,2,8,22,10,12],[19,11,3,7,15,23,21,17,13,1,5,20,9,14,16,2,18,4,8,24,6,22,12],[15,11,23,21,7,3,19,17,13,1,5,18,9,16,20,14,2,4,8,22,24,6,10,12],[11,7,15,23,13,3,19,17,21,1,5,14,9,18,4,20,16,6,22,24,2,8,12,10],[23,19,11,21,15,3,7,17,1,13,5,18,9,16,20,14,2,4,6,24,8,22,12,10],[19,23,11,7,17,15,13,3,21,1,5,20,9,14,18,16,4,6,22,24,2,8,10,12],[7,11,23,15,21,3,19,17,1,13,5,14,9,20,18,16,4,6,24,2,8,12,22,10],[23,3,19,15,11,21,7,13,17,1,5,16,9,18,20,14,4,8,24,6,2,22,10,12],[23,3,7,19,17,11,15,13,21,1,5,16,9,20,18,14,4,6,22,24,2,8,10,12],[3,7,11,19,23,17,15,21,1,13,5,16,9,18,14,2,20,4,8,24,6,22,12],[7,23,3,15,11,13,19,21,17,1,5,20,9,16,14,4,6,22,24,18,2,8,10,12],[7,19,3,15,23,17,13,11,21,1,5,16,9,18,14,4,8,22,24,20,6,2,12,10],[23,11,19,15,21,7,3,17,13,1,5,16,9,20,18,14,2,4,6,22,24,8,12,10],[11,23,3,15,13,19,21,7,17,1,5,16,9,18,14,4,6,24,20,2,8,22,12],[3,11,19,15,23,7,17,13,1,21,5,16,9,20,18,14,4,6,24,2,8,10,22,12],[15,7,11,3,23,21,19,17,13,1,5,18,9,14,2,20,16,4,6,24,8,22,12,10],[19,7,15,11,23,3,21,13,17,1,5,18,9,16,20,14,4,8,24,6,2,10,22,12],[19,11,23,17,3,15,13,7,21,1,5,14,9,20,18,16,4,6,24,2,8,22,10,12],[15,23,21,11,7,19,3,17,13,1,5,16,9,18,14,2,4,6,24,20,8,22,10,12],[11,19,3,15,7,23,17,21,13,1,5,20,9,16,14,2,18,4,6,24,8,10,22,12],[19,7,23,17,15,13,3,11,21,1,5,16,9,20,14,4,8,24,18,6,2,22,12,10],[19,23,15,17,13,3,11,7,1,21,5,18,9,16,14,4,6,22,24,20,2,8,12],[7,11,15,3,23,21,19,17,13,1,5,16,9,18,