{"problem_id":"MtkVn2551TNSmp0","sigma":150,"alpha":10.000,"cost":0,"probabilities":"[0.24, 0.14, 0.41, 0.21]","payoff_matrix":"[[-242, -50, 91, -244, -196, 134], [261, -212, -159, 24, -229, 97], [94, 93, 190, -9, 178, 78], [-96, 64, -20, 71, 7, -113]]","uncovered":[[23,11,19,17,7,15,3,9,1,5,21,12,24,8,20,13,16,22,10,6,18,2,4,14],[19,3,15,7,11,17,23,9,1,5,21,12,24,8,20,13,2,10,22,4,6,18,14,16],[19,7,15,11,17,3,23,1,5,9,21,12,24,8,20,16,13,22,10,6,18,4,14,2],[3,7,5,11,23,19,9,17,15,1,21,24,12,20,8,13,22,10,6,18,4],[15,19,23,11,9,17,7,3,1,5,21,12,24,20,8,13,10,22,6,18,2,4],[19,23,3,7,11,9,17,15,5,1,21,12,24,20,8,13,18,16,10,22,6,14,2,4],[3,15,23,21,1,7,5,19,17,11,9,12,24,20,8,16,13,10,22,6,18,4,2],[15,11,23,7,3,19,17,1,5,9,21,24,12,20,8,14,16,13,22,10,6,18,4],[23,7,21,5,19,17,3,1,11,9,24,15,12,20,8,13,6,10,22,18,2,4],[19,11,9,17,15,23,3,7,1,5,21,24,12,20,16,8,13,22,10,6,18,2,4,14],[7,11,19,17,23,3,15,1,9,5,21,12,24,8,20,14,13,4,16,6,10,22,18,2],[11,7,19,9,17,23,15,3,1,5,21,24,12,20,8,13,18,10,22,6,4,16,14,2],[19,7,15,11,17,3,23,1,9,5,21,24,12,20,8,13,4,6,22,10,18,14,2,16],[7,19,23,11,9,17,15,3,1,5,21,24,12,20,8,13,4,22,10,6,18],[11,7,19,17,23,15,3,1,5,9,21,24,12,8,20,14,13,22,10,6,18,4,16,2],[7,23,5,15,3,21,1,19,17,11,9,24,12,8,20,13,6,16,2,4,22,10,18],[19,3,23,15,7,11,17,1,9,5,21,12,24,20,8,13,18,2,4,14,10,22,6,16],[3,15,23,1,19,11,17,7,9,5,21,24,12,8,20,13,10,22,6,18,4,2,14],[23,15,19,11,9,17,7,3,1,5,21,12,24,20,8,14,16,13,2,4,22,10,6,18],[19,15,11,17,7,3,23,1,9,5,21,12,24,20,8,14,13,6,10,22,18,4],[23,15,11,19,17,3,7,1,9,5,21,12,24,8,20,16,13,22,10,6,18,2,4],[7,11,23,3,19,9,17,15,5,1,21,12,24,8,20,13,22,10,6,18,16,4,14],[3,19,15,7,23,11,17,1,9,5,21,12,24,20,8,13,10,22,6,18,4,14,16,2],[11,15,7,23,19,17,3,1,5,21,9,12,24,8,20,13,22,10,6,4,18],[23,7,21,5,11,9,24,3,15,19,17,1,12,20,8,13,22,10,6,18,4,2,16,14],[19,11,17,15,23,3,7,9,1,5,21,12,24,20,8,13,22,10,6,18,4,14],[15,7,11,3,23,19,17,9,5,1,21,24,12,20,8,13,22,10,6,18,2,4,14,16],[7,15,23,5,11,19,9,17,3,1,21,24,12,8,20,16,13,22,10,6,18,4,14],[7,3,5,23,21,1,15,11,9,12,24,19,17,16,8,20,13,6,22,10,18,2,4],[15,7,11,19,9,17,3,23,1,5,21,24,12,8,20,13,6,10,22,18,4,2],[19,7,23,15,11,9,17,3,1,5,21,24,12,20,8,14,13,6,2,4,10,22,18,16],[7,11,3,19,9,17,23,15,1,5,21,12,24,8,20,13,10,22,6,18,4,16,2,14],[19,3,23,11,17,7,15,1,9,5,21,24,12,20,8,13,4,6,18,10,22,16],[15,19,11,17,23,7,3,1,5,9,21,24,12,20,8,13,2,4,22,10,6,18,14],[11,7,23,3,19,17,15,1,9,5,21,24,12,8,20,16,13,6,14,22,10,18,4],[3,15,19,23,11,17,7,1,5,21,9,12,24,20,8,14,13,6,10,22,18,4],[7,19,11,17,15,23,3,1,9,5,21,24,12,20,8,13,22,10,6,18,4,2,16],[7,3,1,19,11,9,17,15,23,5,21,12,24,20,8,16,13,10,22,6,18,2,4],[7,19,15,3,23,11,9,17,1,5,21,12,24,8,20,13,22,10,6,18,14,4],[3,11,23,15,7,19,9,17,1,5,21,12,24,8,20,13,22,10,6,18,4],[23,7,21,5,11,9,24,3,19,17,15,1,12,20,8,13,22,10,6,18,14,4,16,2],[15,23,19,11,9,17,3,7,1,5,21,12,24,20,8,13,16,6,10,22,18,2,4],[23,7,5,15,3,1,19,11,17,9,21,12,24,20,8,13,6,10,22,18,4,2],[19,3,7,15,11,9,17,23,5,1,21,24,12,20,8,16,13,22,10,6,18,2,4],[3,19,23,11,17,15,7,1,9,5,21,24,12,8,13,20,22,10,6,18,2,4,14],[23,7,21,5,11,9,24,19,17,15,3,1,12,13,20,8,22,10,6,18,4,2],[7,15,19,3,11,17,23,1,5,9,21,12,24,8,20,14,13,6,18,22,10,2,4],[23,11,19,17,15,3,7,9,1,5,21,12,24,8,20,13,16,22,10,6,18,4,14],[23,19,7,3,15,11,17,9,1,5,21,12,24,8,13,20,6,4,10,22,18,14],[7,19,23,15,3,11,9,17,1,5,21,12,24,8,20,13,22,10,6,18,2,4],[7,3,1,19,23,11,17,15,9,5,21,12,24,20,8,13,6,16,22,10,18,4,14,2],[7,15,11,3,23,19,9,17,1,5,21,12,24,8,20,13,4,6,2,16,22,10,18],[11,23,19,17,15,3,7,9,1,5,21,12,24,20,8,14,13,22,10,6,18,2,4,16],[7,11,19,17,23,3,15,1,9,5,21,12,24,8,20,16,13,4,22,10,6,18,2],[3,23,1,7,5,11,15,19,9,17,21,12,24,8,20,14,16,13,22,10,6,18,2,4],[23,19,11,17,15,7,3,9,1,5,21,24,12,8,20,13,14,16,4,6,10,22,18,2],[3,23,21,1,11,9,12,24,19,17,15,7,5,8,20,14,13,10,22,6,18,4,2],[15,23,11,3,19,17,7,1,9,5,21,24,12,20,8,13,6,2,10,22,4,18,16,14],[11,23,15,3,19,9,17,7,5,1,21,24,12,8,20,13,10,6,22,18,4,14,16],[11,23,7,19,17,15,3,9,1,5,21,12,24,8,20,13,22,10,6,18,16,4],[19,15,11,9,17,3,7,23,1,5,21,24,12,20,13,8,10,22,6,18,2,4,14],[7,3,5,11,19,9,17,15,23,1,21,12,24,8,20,13,22,10,6,18,4,14,16],[7,3,5,15,23,1,19,11,17,21,9,12,24,8,13,20,6,4,2,22,10,18],[3,19,23,15,11,9,17,7,1,5,21,24,12,8,20,16,13,10,22,6,18,2,4],[11,7,15,23,19,17,3,1,9,5,21,24,12,8,20,13,22,10,6,2,4,18],[11,15,7,3,23,19,9,17,1,5,21,12,24,8,20,13,22,10,6,18,2,4,16,14],[19,11,17,15,3,23,7,9,1,5,21,12,24,8,20,13,22,10,6,18,4,16,14,2],[3,19,7,15,11,9,17,23,1,5,21,24,12,20,8,13,6,4,10,22,18],[3,7,1,11,23,19,9,17,15,5,21,12,24,8,20,13,22,10,6,18,2,4,14,16],[11,7,23,3,15,19,17,1,5,9,21,12,24,20,8,13,16,10,22,6,18,4],[3,11,15,23,19,9,17,7,5,1,21,24,12,20,8,16,13,22,10,6,18,4,2],[7,23,5,3,21,1,15,11,9,12,24,19,17,8,20,13,10,22,6,18,4,16,2,14],[7,11,23,19,9,17,15,3,1,5,21,12,24,8,20,13,22,10,6,18,4,14,2],[3,19,23,11,17,7,15,9,1,5,21,24,12,8,20,13,10,22,6,18,2,4],[15,19,3,7,11,17,23,1,9,5,21,24,12,20,8,14,13,6,22,10,18,4,2,16],[23,3,1,7,5,19,11,9,17,15,21,12,24,20,8,13,4,18,6,10,22,16,2,14],[11,7,19,9,17,15,3,23,1,5,21,24,12,8,20,16,13,6,18,22,10,2,4,14],[23,19,3,11,9,17,15,7,1,5,21,12,24,20,8,13,6,10,22,18,2,4],[23,11,3,15,19,9,17,7,1,5,21,12,24,20,8,13,2,4,22,10,6,18,14],[19,3,11,9,17,7,23,15,5,1,21,12,24,8,14,20,13,18,16,10,22,6,2,4],[19,11,17,7,23,15,3,9,1,5,21,12,24,8,20,13,14,22,10,6,18,2,4],[3,11,7,19,17,15,23,1,9,5,21,24,12,8,20,16,13,4,6,22,10,18,2],[3,7,5,15,19,11,17,23,1,9,21,12,24,20,8,13,6,22,10,18,2,4,14,16],[11,15,19,17,7,23,3,1,5,9,21,24,12,16,20,8,13,6,10,22,18,4,2,14],[7,15,3,1,19,11,9,17,23,5,21,12,24,8,20,13,22,10,6,18,4],[19,11,9,17,15,23,3,7,1,5,21,24,12,20,8,13,2,4,6,10,22,18,16],[23,15,19,7,11,9,17,3,1,5,21,24,12,8,20,13,10,22,6,18,4,14,2],[23,11,19,17,3,15,7,1,9,5,21,12,24,20,8,13,22,10,6,18,4],[23,3,21,1,15,7,5,11,9,24,19,17,12,8,20,13,22,10,6,18,4,2,16],[23,11,7,19,9,17,3,15,1,5,21,12,24,8,20,14,13,2,4,6,22,10,18],[11,3,19,9,17,23,7,15,1,5,21,12,24,20,8,14,13,10,22,6,18,4],[3,7,5,15,11,19,9,17,23,1,21,12,24,20,8,13,22,10,6,18,4],[3,19,23,11,9,17,15,7,1,5,21,12,24,8,20,13,4,6,14,22,10,18,2],[7,15,11,19,17,23,3,9,1,5,21,24,12,8,20,16,13,10,22,6,18,4],[19,11,17,15,7,3,23,9,1,5,21,12,24,8,20,13,10,22,6,18,2,4,14],[19,23,15,3,11,9,17,7,1,5,21,12,24,20,8,16,13,18,6,22,10,2,4],[7,19,11,17,23,15,3,9,1,5,21,24,12,20,8,13,22,10,6,18,4],[15,19,3,23,11,17,7,1,9,5,21,24,12,13,8,20,22,10,6,18,2,4],[3,19,7,15,23,11,17,9,1,5,21,24,12,20,8,14,13,22,10,6,2,4,18,16],[15,11,19,9,17,3,7,23,1,5,21,12,24,8,20,14,13,16,10,22,6,18,4,2],[19,11,9,17,15,3,23,7,5,1,21,12,24,8,20,14,13,10,22,6,18,4,16,2],[3,15,11,23,19,9,17,7,1,5,21,12,24,8,20,14,13,10,22,6,18,4,2],[3,19,15,11,17,7,23,9,1,5,21,24,12,8,20,13,22,10,6,18,4,2],[7,15,3,5,23,21,1,11,9,24,19,17,12,8,20,16,13,18,10,22,6,4,14,2],[15,3,11,23,7,19,17,9,5,1,21,12,24,8,14,20,13,18,10,22,6,2,4],[23,7,21,5,15,19,17,11,9,24,3,1,12,8,20,16,13,22,10,6,18,2,4],[15,7,3,1,19,23,11,9,17,5,21,24,12,8,20,13,22,10,6,18,4,16,2],[7,15,19,3,11,17,23,9,1,5,21,12,24,20,8,14,13,10,22,6,18,2,4],[15,19,3,23,11,9,17,7,1,5,21,24,12,13,8,20,2,10,22,6,4,18,16],[15,3,23,21,1,7,5,19,17,11,9,12,24,8,20,13,22,10,6,18,4,16],[11,3,15,19,9,17,7,23,1,5,21,12,24,20,8,16,13,6,4,22,10,18,2,14],[23,15,7,21,5,19,17,3,1,11,9,24,12,20,8,16,13,10,22,6,18,4,14],[23,11,19,9,17,7,15,3,1,5,21,24,12,8,20,13,18,10,22,6,4,14,2],[7,15,11,23,3,19,17,9,1,5,21,12,24,8,20,13,22,10,6,18,4,14,16,2],[23,3,21,1,7,5,15,19,17,11,9,12,24,8,20,13,22,10,6,4,18,16,14,2],[3,19,23,7,11,9,17,15,1,5,21,12,24,8,20,13,10,22,6,18,4],[23,11,19,9,17,3,15,7,1,5,21,12,24,8,20,16,13,22,10,6,18,4],[7,19,3,11,9,17,23,15,1,5,21,12,24,8,20,13,10,22,6,18,2,4],[19,3,23,15,7,11,9,17,1,5,21,24,12,8,20,14,13,2,4,10,22,6,18],[7,15,11,23,3,19,9,17,5,1,21,12,24,20,8,13,4,6,22,10,18],[11,3,7,23,19,9,17,15,1,5,21,24,12,8,20,14,16,13,4,10,22,6,18],[23,7,5,19,11,17,15,3,1,9,21,24,12,8,20,16,13,22,10,6,18,2,4],[3,19,11,9,17,15,7,23,1,5,21,24,12,20,8,13,14,16,10,22,6,18,2,4],[15,3,7,5,23,21,1,19,17,11,9,24,12,20,8,16,13,18,4,22,10,6,14,2],[19,23,11,9,17,15,7,3,1,5,21,24,12,8,14,20,16,13,6,10,22,18,4,2],[3,15,23,21,1,7,5,19,17,11,9,12,24,8,20,13,16,6,10,22,18,2,4],[19,15,11,17,23,3,7,9,1,5,21,24,12,20,8,16,13,22,10,6,18,2,4],[7,3,5,11,19,9,17,23,15,1,21,24,12,8,20,13,6,10,22,18,4,2],[19,7,15,23,11,9,17,3,1,5,21,12,24,8,20,13,22,10,6,18,4,14,16],[15,11,23,3,19,9,17,7,1,5,21,24,12,8,20,13,22,10,6,18,2,4],[3,23,1,7,5,15,19,11,17,21,9,24,12,20,8,13,2,4,22,10,6,18],[19,23,15,11,17,7,3,1,9,5,21,24,12,20,8,16,13,6,10,22,4,18],[15,11,3,7,19,9,17,23,1,5,21,12,24,8,20,14,13,22,10,6,18,4,16],[19,15,7,3,23,11,9,17,1,5,21,24,12,20,8,13,22,10,6,18,4,2,14,16],[7,19,23,3,11,9,17,15,1,5,21,24,12,8,20,16,13,10,22,6,18,4,14],[11,23,19,9,17,15,7,3,1,5,21,12,24,8,20,14,13,16,22,10,6,18,2,4],[15,7,11,19,9,17,23,3,5,1,21,12,24,8,20,13,2,22,10,6,4,18],[15,3,11,19,9,17,23,7,1,5,21,24,12,20,8,13,10,22,6,18,4,2,16,14],[19,3,23,15,7,11,9,17,1,5,21,24,12,8,20,13,22,10,6,18,4],[15,19,11,17,7,23,3,9,1,5,21,24,12,8,20,16,13,6,2,22,10,4,18],[7,15,23,5,3,1,19,11,9,17,21,24,12,8,20,13,10,22,6,18,16,4,14,2],[23,7,21,5,3,1,11,9,12,24,15,19,17,20,8,13,6,2,4,16,10,22,18],[15,19,3,11,9,17,7,23,1,5,21,12,24,20,8,16,13,14,6,22,10,18,2,4],[3,11,15,19,9,17,23,7,1,5,21,24,12,20,8,14,13,18,6,16,2,4,10,22],[15,19,23,11,9,17,3,7,1,5,21,12,24,20,6,13,22,10,18,8,2,4,14],[15,11,19,9,17,7,3,23,1,5,21,12,24,8,20,16,13,22,10,6,18,2,4,14],[15,3,19,7,23,11,9,17,1,5,21,12,24,20,8,14,16,13,6,10,22,18,4,2],[15,19,3,7,11,9,17,23,5,1,21,24,12,20,8,13,6,14,16,10,22,18,4,2],[23,3,21,1,11,9,12,24,7,15,19,17,5,20,8,13,22,10,6,18,4,14,2,16],[11,3,19,17,7,15,23,1,9,5,21,24,12,8,20,13,10,22,6,18,2,4,16],[11,7,15,23,19,17,3,9,1,5,21,24,12,8,18,16,13,22,10,6,20,4,2],[23,19,11,9,17,15,7,3,1,5,21,12,24,20,8,14,13,10,22,6,18,2,4,16],[23,19,15,11,9,17,7,3,5,1,21,24,12,8,20,13,14,22,10,6,18,2,4],[23,11,3,19,17,7,15,9,1,5,21,12,24,8,20,16,13,22,10,6,18,2,4],[3,11,19,9,17,7,23,15,1,5,21,12,24,20,8,16,13,22,10,6,18,4,2,14],[7,3,1,23,5,19,15,11,17,21,9,12,24,8,20,13,10,22,6,18,4,16,2],[7,11,19,17,15,3,23,9,1,5,21,24,12,8,20,13,6,22,10,18,4,2],[3,19,15,23,11,17,7,9,1,5,21,24,12,8,20,13,4,14,22,10,6,18,16],[15,3,19,7,11,17,23,1,5,9,21,24,12,20,8,13,22,10,6,18,4],[19,7,3,15,23,11,17,9,1,5,21,12,24,20,8,13,10,22,6,18,4,14],[15,23,3,21,1,19,17,11,9,24,7,5,12,20,8,16,13,22,10,6,18,4],[7,11,15,19,9,17,23,3,1,5,21,12,24,8,20,13,10,22,6,18,4],[15,23,11,3,19,17,7,9,1,5,21,24,12,13,8,20,6,22,10,18,4,14],[23,19,3,7,15,11,9,17,1,5,21,24,12,8,20,16,13,10,22,6,18,4],[11,15,19,17,3,23,7,9,1,5,21,12,24,8,20,16,13,22,10,6,18,4,2],[3,7,1,23,21,5,15,11,9,12,24,19,17,8,20,13,14,6,10,22,18,4],[3,15,19,7,23,11,9,17,1,5,21,24,12,20,8,13,2,4,18,6,10,22,14,16],[11,19,17,7,23,15,3,9,1,5,21,12,24,20,13,8,10,22,6,18,14,4,16,2],[7,19,3,23,11,17,15,1,9,5,21,12,24,20,8,14,13,6,10,22,18,4,2,16],[7,23,5,19,15,11,17,3,1,21,9,12,24,8,13,20,6,10,22,18,4],[11,15,7,3,23,19,9,17,1,5,21,12,24,8,20,13,10,22,6,18,4,16],[11,23,3,7,15,19,17,1,5,21,9,12,24,8,13,20,18,22,10,6,4,16,14],[3,15,19,23,7,11,17,9,1,5,21,12,24,8,20,13,10,22,6,18,4,14,2,16],[23,15,3,21,1,19,17,7,5,11,9,12,24,8,20,14,13,22,10,6,18,4,2,16],[19,23,11,9,17,7,3,15,1,5,21,12,24,8,13,20,14,16,6,10,22,18,2,4],[19,11,9,17,23,3,15,7,5,1,21,12,24,8,16,20,13,2,4,14,22,10,6,18],[11,7,15,3,19,9,17,23,1,5,21,24,12,20,8,16,13,2,4,10,22,6,18],[15,19,11,17,3,23,7,1,9,5,21,24,12,20,8,13,22,10,6,18,4,14,2],[11,7,3,23,19,17,15,9,1,5,21,24,12,20,8,13,22,10,6,18,2,4,16,14],[3,23,21,1,11,9,12,24,15,7,19,17,5,20,8,13,22,10,6,18,4,2,14,16],[15,3,11,19,17,7,23,9,1,5,21,12,24,20,8,13,6,10,22,18,4,14,16],[23,15,7,21,5,3,1,19,17,11,9,24,12,8,20,13,22,10,6,18,2,4],[11,19,9,17,15,7,23,3,1,5,21,12,24,8,20,13,10,22,6,18,4,16,2],[3,7,5,11,23,15,19,9,17,1,21,12,24,20,8,13,2,4,16,6,10,22,18,14],[7,15,23,5,3,1,19,11,17,21,9,12,24,8,20,16,13,10,22,6,18,4],[11,23,7,19,17,15,3,9,1,5,21,12,24,20,13,8,18,10,22,6,4,16,14,2],[7,11,3,23,15,19,9,17,1,5,21,12,24,8,20,13,6,10,22,18,4,2],[15,19,23,3,11,17,7,1,9,5,21,12,24,8,20,13,10,6,22,18,4],[11,19,9,17,7,15,3,23,5,1,21,24,12,16,8,20,13,10,22,6,18,4,14],[19,3,11,17,7,23,15,9,5,1,21,24,12,20,8,13,10,22,6,18,4,16],[3,15,23,21,1,7,5,11,9,24,19,17,12,8,20,13,16,10,22,6,18,2,4,14],[23,7,5,19,15,3,11,17,1,21,9,12,24,20,8,13,6,4,10,22,18,16],[3,19,11,9,17,15,7,23,1,5,21,24,12,8,20,13,2,4,22,10,6,18,16,14],[3,19,15,11,17,23,7,9,1,5,21,24,12,8,20,16,13,2,4,6,10,22,18],[3,15,19,11,17,7,23,9,1,5,21,12,24,20,8,13,18,6,2,4,10,22],[15,7,23,5,19,11,17,3,1,21,9,12,24,8,20,13,22,10,6,18,14,4],[11,3,7,15,19,9,17,23,1,5,21,12,24,20,8,14,13,22,10,6,4,18,2,16],[3,23,1,19,15,7,11,9,17,5,21,12,24,20,8,16,13,22,10,6,18,4,2,14],[7,11,23,19,17,3,15,1,9,5,21,24,12,8,20,13,10,6,22,18,4,14],[11,23,7,19,17,15,3,9,5,1,21,24,12,20,8,13,22,10,6,18,4,2],[19,23,3,15,7,11,9,17,1,5,21,24,12,20,8,14,13,18,22,10,6,4],[15,19,7,3,23,11,9,17,1,5,21,12,24,20,8,16,13,22,10,6,18,4,14,2],[7,11,3,19,9,17,23,15,5,1,21,24,12,13,20,8,22,10,6,18,4],[15,3,7,1,23,5,19,11,9,17,21,12,24,20,8,13,6,10,22,4,18,14,16,2],[11,15,7,3,23,19,17,1,9,5,21,12,24,8,20,16,13,6,22,10,18,4],[11,3,7,23,15,19,9,17,1,5,21,12,24,8,20,14,13,6,22,10,4,18,2],[15,19,3,7,11,9,17,23,5,1,21,24,12,8,20,16,13,6,10,22,18,4],[3,15,11,23,19,17,7,9,1,5,21,24,12,8,20,13,6,10,22,18,16,4],[11,19,17,7,23,15,3,1,5,21,9,12,24,8,20,13,10,22,6,18,2,4,14],[19,15,11,17,23,3,7,9,1,5,21,12,24,16,8,20,13,22,10,6,18,4],[23,19,7,3,11,17,15,1,5,21,9,24,12,20,8,13,22,10,6,18,14,2,4,16],[7,19,3,11,17,23,15,1,9,5,21,12,24,20,8,13,22,10,6,18,4,16],[23,11,3,7,19,17,15,9,1,5,21,12,24,8,20,16,13,22,10,6,18,4,14,2],[11,3,7,15,19,17,23,9,1,5,21,12,24,8,20,13,2,4,22,10,6,18],[15,19,11,9,17,3,23,7,1,5,21,12,24,8,20,13,6,4,22,10,18,14],[11,23,3,19,9,17,15,7,1,5,21,24,12,8,20,14,13,22,10,6,2,4,18,16],[7,19,11,9,17,15,3,23,1,5,21,24,12,20,8,13,18,2,4,6,10,22,14],[11,19,9,17,7,3,23,15,1,5,21,12,24,20,8,13,16,6,14,2,22,10,4,18],[23,19,11,17,15,3,7,1,5,21,9,12,24,8,20,13,22,10,6,18,2,4,16],[7,23,21,5,15,19,17,3,1,11,9,12,24,20,8,14,13,4,16,18,2,6,22,10],[23,15,3,1,7,21,5,19,17,11,9,12,24,8,20,13,14,10,22,6,18,4,2,16],[15,11,23,19,9,17,3,7,1,5,21,12,24,20,8,13,10,22,6,18,2,4,16,14],[15,23,19,7,3,11,9,17,1,5,21,24,12,8,20,13,16,22,10,6,18,4,2,14],[15,23,19,7,11,9,17,3,1,5,21,24,12,8,20,16,13,22,10,6,18,2,4],[7,3,1,19,23,15,11,17,5,9,21,24,12,20,8,16,13,22,10,6,18,4],[7,23,21,5,11,9,24,15,3,19,17,1,12,8,20,16,13,14,10,22,6,18,4,2],[11,7,23,19,17,3,15,1,5,9,21,24,12,8,20,14,16,13,22,10,6,18,4],[3,19,11,9,17,15,23,7,1,5,21,24,12,8,20,13,6,14,2,22,10,4,18,16],[19,23,3,11,17,7,15,1,9,5,21,12,24,20,8,13,6,22,10,18,4,16],[7,23,5,3,1,19,15,11,17,9,21,24,12,20,8,13,22,10,6,18,2,4,14,16],[23,7,5,11,19,9,17,3,15,1,21,24,12,8,20,16,13,22,10,6,18,14,2,4],[3,15,7,1,19,23,11,17,5,9,21,12,24,20,8,16,13,2,4,14,6,22,10,18],[3,15,11,19,9,17,7,23,1,5,21,12,24,8,20,16,13,4,10,22,6,18,14],[15,7,19,11,9,17,3,23,1,5,21,12,24,20,8,16,13,6,10,22,18,4],[11,7,15,3,19,9,17,23,1,5,21,12,24,20,8,13,22,10,6,18,4,14],[15,23,11,19,17,7,3,9,1,5,21,12,24,8,20,16,13,6,22,10,18,4],[19,11,17,15,7,3,23,9,1,5,21,12,24,20,8,13,6,4,22,10,18,16],[15,3,7,1,19,11,17,23,9,5,21,24,12,20,8,13,2,4,6,10,22,18,14,16],[19,11,17,3,15,7,23,9,1,5,21,12,24,20,8,13,6,16,10,22,18,4,14,2],[19,3,11,17,7,23,15,9,5,1,21,24,12,8,20,13,10,22,6,18,2,4],[11,15,3,7,23,19,17,9,5,1,21,12,24,8,20,13,18,2,14,4,6,10,22],[15,23,19,3,7,11,9,17,1,5,21,12,24,8,20,16,13,10,22,6,18,4,14],[11,15,19,17,23,3,7,5,1,9,21,24,12,20,8,16,13,10,22,6,18,2,4],[19,23,15,7,3,11,17,1,5,9,21,24,12,8,18,13,6,10,22,2,4,20,14,16],[19,11,17,23,3,15,7,9,5,1,21,24,12,13,20,8,18,22,10,6,2,4,14],[19,7,3,11,17,23,15,9,1,5,21,12,24,8,20,16,13,22,10,6,4,18,2],[3,11,23,7,15,19,17,1,9,5,21,24,12,20,8,14,13,22,10,6,18,2,4,16],[3,7,1,19,23,15,11,17,9,5,21,12,24,8,20,13,6,22,10,18,4,2,16,14],[23,3,21,1,19,17,15,7,5,11,9,12,24,8,20,16,13,2,22,10,6,4,18],[23,3,1,11,15,19,9,17,7,5,21,24,12,20,8,16,13,6,4,10,22,18,2],[23,19,11,17,7,3,15,1,9,5,21,24,12,8,20,13,10,22,6,18,4,14,2,16],[19,15,23,3,11,9,17,7,1,5,21,24,12,20,8,14,16,13,22,10,6,18,4,2],[3,19,11,9,17,23,7,15,1,5,21,12,24,8,20,13,2,6,4,22,10,18,14,16],[11,19,9,17,23,15,7,3,1,5,21,24,12,20,8,16,13,2,14,22,10,6,4,18],[23,7,5,3,21,1,19,17,15,11,9,24,12,20,8,13,22,10,6,18,2,4,14,16],[23,15,3,1,7,5,19,11,17,21,9,24,12,8,16,20,13,10,22,6,18,2,4,14],[7,15,19,23,11,9,17,3,1,5,21,24,12,8,20,13,2,4,14,10,22,6,18],[19,15,3,7,23,11,17,1,5,21,9,24,12,20,8,13,10,22,6,18,2,4],[23,11,15,3,19,9,17,7,1,5,21,24,12,20,8,16,13,6,22,10,18,2,4,14],[11,15,23,19,17,3,7,1,9,5,21,12,24,8,20,13,22,10,6,18,2,4,16,14],[11,19,17,23,3,15,7,1,9,5,21,24,12,8,20,13,6,22,10,18,4],[11,23,15,19,9,17,7,3,1,5,21,24,12,20,8,14,16,13,6,10,22,18,2,4],[3,19,23,7,15,11,9,17,5,1,21,24,12,8,20,13,6,18,22,10,14,4],[23,11,19,17,15,3,7,1,5,9,21,24,12,8,20,13,22,10,6,18,4,16,14,2],[15,11,19,17,7,3,23,9,1,5,21,12,24,8,20,14,13,22,10,6,18,2,4],[3,19,7,11,9,17,15,23,1,5,21,24,12,8,20,13,10,22,6,18,4,2,14,16],[7,19,23,15,3,11,17,1,9,5,21,12,24,20,8,16,13,6,4,10,22,18,2,14],[3,11,15,19,17,7,23,1,9,5,21,12,24,20,8,13,10,22,6,18,4,14],[15,7,23,5,11,3,19,9,17,1,21,12,24,20,8,14,16,13,2,4,6,22,10,18],[7,23,21,5,15,3,1,11,9,12,24,19,17,20,8,13,2,4,6,22,10,18,14,16],[7,19,3,23,15,11,9,17,1,5,21,24,12,20,8,16,13,6,22,10,18,2,4,14],[11,19,9,17,15,23,7,3,1,5,21,12,24,20,8,14,13,18,10,6,22,2,4],[11,23,7,15,19,9,17,3,1,5,21,24,12,8,20,13,6,10,22,18,2,4],[15,23,11,7,3,19,9,17,1,5,21,24,12,8,20,14,13,10,22,6,18,4],[19,7,11,9,17,15,3,23,1,5,21,12,24,8,16,20,13,22,10,6,18,4,2,14],[11,19,17,15,3,23,7,1,9,5,21,24,12,8,14,20,13,6,10,22,18,4,16],[3,7,1,19,23,11,17,15,9,5,21,12,24,20,8,13,10,22,6,18,4,2,16],[3,15,7,1,11,19,9,17,23,5,21,12,24,8,20,14,13,6,18,10,22,4,2,16],[19,11,17,3,7,23,15,9,1,5,21,12,24,20,8,16,13,22,10,6,18,4,14,2],[15,19,3,7,23,11,17,1,5,21,9,12,24,20,8,16,13,6,22,10,18,2,4,14],[3,11,19,17,23,7,15,1,5,9,21,24,12,20,8,13,14,10,22,6,18,2,4,16],[11,23,15,19,17,3,7,9,1,5,21,24,12,8,20,13,10,22,6,18,2,4,16],[15,11,7,19,9,17,3,23,1,5,21,24,12,8,20,13,4,2,10,22,6,18,14],[11,7,23,19,17,15,3,1,5,21,9,24,12,8,20,13,2,10,22,4,6,18],[23,19,15,7,11,17,3,1,9,5,21,12,24,8,20,13,22,10,6,18,4],[3,23,1,19,7,15,11,9,17,5,21,24,12,8,20,13,4,10,6,22,18],[11,23,7,15,3,19,17,1,9,5,21,24,12,20,8,13,10,22,6,18,4],[23,15,3,1,11,7,19,9,17,5,21,12,24,20,8,13,22,10,6,18,4,14],[15,23,19,3,11,17,7,1,9,5,21,12,24,8,20,13,16,6,22,10,18,4,2],[19,15,3,11,9,17,23,7,5,1,21,12,24,20,14,8,13,10,22,6,18,4,16],[19,23,3,7,15,11,17,9,1,5,21,12,24,20,8,14,13,10,22,6,18,16,4,2],[3,15,11,7,23,19,9,17,1,5,21,24,12,14,20,8,13,2,4,16,22,10,6,18],[11,7,23,19,17,3,15,1,9,5,21,24,12,8,20,13,10,22,6,18,4,16],[19,11,17,3,7,15,23,9,1,5,21,12,24,20,8,13,2,4,6,16,10,22,18],[7,3,5,11,15,19,9,17,23,1,21,24,12,8,20,13,2,4,22,10,6,18,14,16],[19,15,3,23,11,17,7,9,5,1,21,24,12,8,20,13,2,4,22,10,6,18,14],[11,23,7,19,17,15,3,1,9,5,21,12,24,8,13,20,22,10,6,18,4,14,2,16],[11,7,3,23,15,19,9,17,1,5,21,24,12,8,20,13,4,22,10,6,18,2,16],[23,7,5,15,3,21,1,19,17,11,9,24,12,20,8,13,10,22,6,18,14,16,2,4],[3,15,7,5,11,23,19,17,1,21,9,12,24,8,20,16,13,10,22,6,18,4,14],[11,19,9,17,23,15,7,3,1,5,21,12,24,8,20,13,22,10,6,18,2,4,14],[15,3,7,5,23,1,11,19,9,17,21,24,12,8,20,16,13,6,22,10,18,2,4],[19,15,3,7,23,11,17,9,1,5,21,24,12,8,20,16,13,22,10,6,18,14,4,2],[23,15,7,21,5,11,9,24,3,19,17,1,12,8,20,13,16,6,10,22,18,14,4,2],[15,7,3,5,19,11,17,23,1,21,9,24,12,8,20,13,2,6,4,22,10,18,16],[7,3,5,19,11,17,23,15,1,21,9,24,12,20,8,16,13,6,10,22,18,2,4],[19,7,15,23,3,11,17,1,9,5,21,12,24,8,20,14,13,10,22,6,18,4,2],[11,3,23,19,17,7,15,1,9,5,21,12,24,20,8,13,22,10,6,18,4,14,2,16],[19,11,9,17,15,23,3,7,1,5,21,12,24,8,20,14,13,2,4,22,10,6,18,16],[3,11,7,23,15,19,17,9,1,5,21,24,12,8,20,14,13,22,10,6,18,2,4],[19,15,3,23,7,11,9,17,1,5,21,24,12,20,8,13,6,16,10,22,18,4],[11,3,15,7,19,9,17,23,1,5,21,24,12,8,20,13,22,10,6,18,2,4,14],[3,19,7,15,11,17,23,1,9,5,21,12,24,8,20,13,6,22,10,18,2,4],[3,19,11,9,17,15,7,23,1,5,21,24,12,8,20,13,2,4,22,10,6,18],[3,19,7,23,11,17,15,1,9,5,21,12,24,20,8,14,16,13,10,22,6,18,4],[19,7,23,11,17,3,15,9,1,5,21,12,24,20,8,16,13,18,6,10,22,2,4,14],[7,23,21,5,19,17,15,11,9,24,3,1,12,20,8,13,18,22,10,6,4,2,14,16],[11,7,23,3,15,19,9,17,1,5,21,12,24,8,20,13,22,10,6,18,4],[11,23,3,19,17,15,7,1,9,5,21,12,24,20,8,13,22,10,6,18,4,16,14],[7,23,21,5,15,11,9,12,24,19,17,3,1,8,20,13,22,10,6,18,4,16],[3,19,15,23,7,11,9,17,1,5,21,12,24,20,8,16,13,10,22,6,18,4,14,2],[19,15,3,11,17,7,23,9,1,5,21,24,12,20,8,16,13,2,6,4,22,10,18],[15,23,7,5,3,21,1,11,9,12,24,19,17,8,20,13,6,4,10,22,18,16],[19,11,9,17,3,15,23,7,5,1,21,12,24,8,20,13,22,10,6,18,4,16,2],[7,3,5,23,1,19,15,11,17,21,9,24,12,20,8,13,10,22,6,18,4,14],[3,7,5,23,1,11,19,9,17,15,21,24,12,8,13,20,10,22,6,18,4,14,2,16],[23,11,3,19,17,15,7,9,1,5,21,24,12,20,8,13,18,2,4,6,10,22,14],[19,15,23,3,11,9,17,7,1,5,21,12,24,20,8,13,2,10,22,6,4,18,16],[19,23,7,11,17,15,3,9,5,1,21,24,12,20,8,16,13,18,10,22,6,2,4],[15,11,3,23,19,9,17,7,1,5,21,24,12,8,20,13,18,10,22,6,2,4,16,14],[19,7,15,11,17,23,3,1,9,5,21,24,12,8,20,14,13,16,4,22,10,6,18],[23,3,21,1,7,5,19,17,15,11,9,24,12,8,20,13,6,10,22,18,4,14,16,2],[15,7,23,21,5,11,9,12,24,19,17,3,1,8,16,20,13,6,10,22,18,4,2,14],[11,19,17,23,3,7,15,9,1,5,21,24,12,8,20,13,22,10,6,18,2,4],[11,15,19,9,17,23,7,3,1,5,21,24,12,8,20,16,13,22,10,6,18,2,4],[7,15,3,1,19,11,9,17,23,5,21,24,12,8,20,16,13,22,10,6,2,4,18,14],[15,3,23,21,1,7,5,11,9,24,19,17,12,8,20,13,2,4,10,22,6,18],[23,7,21,5,19,17,11,9,12,24,3,15,1,8,20,16,13,22,10,6,18,2,4,14],[11,15,7,3,19,17,23,9,1,5,21,12,24,20,8,13,4,22,10,6,18,2],[11,3,19,9,17,23,7,15,5,1,21,12,24,13,8,20,6,22,10,18,2,4,14,16],[15,19,23,3,7,11,17,9,5,1,21,24,12,20,8,16,13,22,10,6,18,2,4],[23,3,1,19,15,7,11,9,17,5,21,24,12,8,20,13,6,2,14,4,18,22,10],[15,23,19,7,11,9,17,3,1,5,21,12,24,8,20,14,13,4,22,10,6,18],[11,23,3,15,7,19,9,17,1,5,21,24,12,8,20,13,10,22,6,18,2,4,16,14],[15,3,19,23,7,11,9,17,1,5,21,24,12,20,8,16,13,4,6,22,10,18,2],[3,23,1,19,11,17,7,15,5,21,9,12,24,8,20,13,22,10,6,18,4],[15,3,19,23,7,11,9,17,5,1,21,24,12,16,8,20,13,10,22,6,18,14,4,2],[3,23,21,1,19,17,15,7,5,11,9,24,12,8,20,16,13,22,10,6,2,4,18],[3,19,11,17,7,23,15,1,9,5,21,12,24,20,8,16,13,10,22,6,4,18,14,2],[23,7,5,19,3,15,11,9,17,1,21,12,24,8,20,13,22,10,6,18,4,14],[3,23,1,11,7,15,19,17,9,5,21,24,12,8,20,13,22,10,6,18,2,4,16,14],[23,11,3,19,9,17,15,7,1,5,21,24,12,13,8,20,6,14,16,22,10,18,2,4],[11,7,15,23,19,17,3,1,5,21,9,24,12,8,20,13,2,4,22,10,6,18],[3,7,1,11,19,9,17,15,23,5,21,24,12,20,8,16,13,10,22,6,18,2,4],[11,23,7,19,17,3,15,1,9,5,21,24,12,20,8,13,16,6,10,22,18,2,4],[7,23,21,5,19,17,11,9,12,24,3,15,1,20,8,13,6,14,10,22,18,2,4,16],[19,15,23,3,11,9,17,7,1,5,21,24,12,20,8,14,13,10,22,6,18,4,2],[11,3,15,23,19,9,17,7,1,5,21,12,24,8,20,13,22,10,6,18,4],[19,15,23,11,17,3,7,1,5,9,21,12,24,8,20,13,22,10,6,18,4],[19,11,9,17,15,23,3,7,1,5,21,12,24,20,8,13,18,10,22,6,4,14],[19,7,23,11,9,17,15,3,5,1,21,12,24,20,8,13,22,10,6,18,4],[23,3,1,15,11,7,19,9,17,5,21,12,24,8,20,16,13,10,22,6,18,14,4],[19,11,17,23,3,15,7,1,5,21,9,12,24,8,20,13,22,10,6,18,4],[3,15,7,5,11,23,19,9,17,1,21,12,24,20,8,13,22,10,6,18,2,4],[23,3,1,11,7,15,19,17,9,5,21,24,12,13,20,8,2,4,22,10,6,18],[23,7,21,5,15,11,9,24,19,17,3,1,12,20,8,13,4,6,22,10,18,14,16,2],[15,7,3,1,23,5,11,19,9,17,21,12,24,8,20,13,22,10,6,18,2,4],[19,11,17,3,23,15,7,9,5,1,21,12,24,20,8,13,22,10,6,18,4],[11,3,23,7,19,9,17,15,1,5,21,24,12,20,8,16,13,10,6,22,18,2,4,14],[11,19,17,23,3,7,15,9,1,5,21,24,12,20,8,13,10,22,6,18,16,2,4],[19,23,11,9,17,7,3,15,1,5,21,12,24,8,20,13,22,10,6,18,2,4,16],[19,3,23,15,7,11,9,17,1,5,21,12,24,13,20,8,22,10,6,18,4],[3,11,7,15,23,19,17,9,1,5,21,24,12,20,8,13,16,10,22,6,18,4],[7,11,19,17,15,3,23,1,5,21,9,12,24,8,20,13,22,10,6,18,2,4,16],[7,15,19,3,23,11,17,1,9,5,21,24,12,20,8,13,22,10,6,18,4,14,16],[3,11,19,9,17,23,7,15,5,1,21,12,24,8,20,14,16,13,2,6,4,10,22,18],[7,11,23,15,19,17,3,9,1,5,21,12,24,20,8,16,13,6,10,22,18,14,4],[7,23,21,5,15,19,17,3,1,11,9,24,12,20,8,13,22,10,6,18,4],[3,19,11,9,17,7,15,23,1,5,21,12,24,8,13,20,22,10,6,18,4,16],[19,11,17,3,15,7,23,1,9,5,21,12,24,8,20,13,10,22,6,18,2,4,14],[3,19,23,7,15,11,17,1,5,21,9,24,12,8,20,14,13,22,10,6,18,4,2,16],[23,19,15,7,3,11,9,17,1,5,21,12,24,8,20,14,13,10,22,6,18,2,4],[11,3,19,17,15,23,7,1,9,5,21,12,24,8,20,13,2,4,22,10,6,18,14,16],[23,7,5,19,11,17,3,15,9,1,21,24,12,8,20,13,6,16,10,22,18,4],[11,15,19,9,17,23,7,3,1,5,21,12,24,8,20,13,10,22,6,18,4,14,2],[23,19,11,9,17,7,15,3,1,5,21,12,24,20,8,13,18,10,22,6,2,4,14,16],[7,15,23,21,5,3,1,19,17,11,9,12,24,8,20,13,4,14,6,22,10,18,2,16],[7,23,5,15,3,1,11,19,9,17,21,24,12,20,8,16,13,10,22,6,18,14,4],[11,7,19,9,17,15,3,23,1,5,21,12,24,20,8,13,22,10,6,18,4,2],[23,3,1,11,15,19,17,7,9,5,21,24,12,8,16,20,13,2,4,6,10,22,18,14],[15,11,3,7,19,9,17,23,1,5,21,24,12,20,8,13,16,10,22,6,18,4],[7,15,19,11,9,17,3,23,1,5,21,12,24,20,8,16,13,10,22,6,18,4,14,2],[15,23,7,21,5,19,17,11,9,12,24,3,1,8,14,20,13,2,4,18,10,22,6],[3,23,21,1,11,9,12,24,15,7,19,17,5,20,8,14,13,22,10,6,18,4,16],[11,19,9,17,15,23,3,7,5,1,21,12,24,20,8,16,13,22,10,6,18,4,14],[3,23,1,11,7,19,17,15,9,5,21,12,24,8,20,13,10,22,6,18,2,4,16],[23,11,7,19,17,15,3,9,1,5,21,12,24,8,20,13,22,10,6,18,4,2,14],[19,23,7,15,3,11,9,17,1,5,21,12,24,8,20,14,13,6,10,22,18,2,4],[19,3,11,17,15,23,7,9,1,5,21,24,12,20,8,13,2,4,6,10,22,18,16,14],[3,23,1,15,7,21,5,19,17,11,9,12,24,8,20,13,22,10,6,18,4],[15,3,7,1,11,19,9,17,23,5,21,12,24,20,8,14,13,6,4,18,10,22],[7,15,11,23,19,9,17,3,1,5,21,24,12,20,8,16,13,6,22,10,18,4],[23,7,21,5,3,1,11,9,24,19,17,15,12,20,8,13,10,6,22,18,4,14],[23,3,21,1,15,11,9,12,24,7,19,17,5,20,8,13,6,22,10,18,4,16,2,14],[19,11,9,17,15,23,7,3,1,5,21,24,12,8,14,20,13,6,18,10,22,4,2,16],[15,7,11,19,9,17,23,3,1,5,21,12,24,20,8,14,13,22,10,6,18,16,2,4],[3,23,21,1,15,11,9,24,7,19,17,5,12,20,8,13,18,6,22,10,4,14,16,2],[11,23,15,7,19,9,17,3,1,5,21,12,24,20,13,8,14,10,22,6,18,2,4],[3,11,7,15,19,9,17,23,1,5,21,12,24,20,8,13,10,22,6,18,2,4,16,14],[11,23,7,3,15,19,17,9,1,5,21,24,12,20,8,13,6,22,10,18,2,4,16],[23,7,5,19,11,9,17,3,15,1,21,12,24,8,20,14,13,6,10,22,18,4],[3,7,1,15,19,11,17,23,5,9,21,12,24,8,20,16,13,10,22,6,18,4,2,14],[11,15,7,3,23,19,9,17,5,1,21,24,12,8,20,13,2,4,22,10,6,18,16,14],[23,3,1,11,15,19,9,17,7,5,21,24,12,8,20,13,22,10,6,18,4,2,14],[7,15,23,21,5,3,1,11,9,24,19,17,12,8,20,14,13,22,10,6,18,4],[11,19,9,17,15,23,7,3,1,5,21,12,24,20,8,14,13,10,22,6,18,4,2,16],[15,7,19,11,9,17,23,3,1,5,21,24,12,20,8,16,13,14,10,22,6,18,4],[15,3,7,1,11,23,19,9,17,5,21,12,24,20,8,13,22,10,6,18,4,16],[23,15,11,3,7,19,17,9,1,5,21,24,12,20,13,8,4,10,22,6,18,14,16,2],[23,19,7,15,11,17,3,9,1,5,21,12,24,8,20,13,10,6,22,18,4],[11,3,19,17,7,23,15,9,1,5,21,12,24,8,20,13,18,22,10,6,4,14],[15,11,23,19,9,17,7,3,1,5,21,12,24,8,20,13,6,22,10,18,2,4,16,14],[23,7,21,5,11,9,12,24,3,19,17,15,1,8,13,20,14,4,10,22,6,18,2],[11,3,15,7,23,19,9,17,5,1,21,12,24,8,20,16,13,6,18,22,10,2,4],[7,23,5,3,1,11,15,19,17,21,9,24,12,8,20,13,10,22,6,18,4,16],[23,3,1,11,7,15,19,9,17,5,21,12,24,8,20,14,13,18,22,10,6,2,4,16],[15,11,3,7,23,19,17,1,5,21,9,12,24,8,20,14,13,22,10,6,18,2,4],[7,11,19,17,15,23,3,1,9,5,21,12,24,20,8,13,6,14,18,16,22,10,4],[19,15,7,3,23,11,17,9,1,5,21,12,24,20,8,13,22,10,6,18,2,4],[3,23,21,1,19,17,11,9,24,7,15,5,12,8,20,13,22,10,6,18,4,16],[19,11,17,3,23,7,15,9,1,5,21,24,12,20,8,16,13,22,10,6,18,2,4],[23,19,11,17,7,3,15,1,9,5,21,12,24,20,8,13,10,22,6,18,4,2,14],[11,19,17,15,7,23,3,1,9,5,21,24,12,20,8,16,13,18,22,10,6,2,4],[3,11,15,23,19,17,7,1,5,21,9,24,12,20,8,13,6,2,4,14,16,22,10,18],[23,3,21,1,15,19,17,7,5,11,9,12,24,8,20,14,13,4,10,22,6,18,2,16],[19,7,15,23,3,11,9,17,1,5,21,12,24,20,8,13,2,4,22,10,6,18,14,16],[11,3,23,19,9,17,7,15,5,1,21,24,12,8,14,20,13,4,22,10,6,18],[23,7,5,19,15,3,11,9,17,1,21,24,12,8,20,16,13,6,22,10,18,4,2],[11,19,9,17,3,15,23,7,1,5,21,12,24,20,8,13,2,4,22,10,6,18],[23,7,21,5,11,9,24,3,15,19,17,1,12,8,20,13,2,10,22,4,6,18],[19,23,15,11,17,7,3,1,5,9,21,24,12,8,20,16,13,22,10,6,18,4,2,14],[15,7,11,3,23,19,17,1,5,9,21,24,12,8,20,16,13,18,2,4,22,10,6,14],[3,19,7,11,17,15,23,9,1,5,21,24,12,8,20,13,10,22,6,18,14,2,4,16],[7,11,15,23,19,9,17,3,1,5,21,12,24,8,20,16,13,22,10,6,18,4,2],[23,11,7,3,15,19,17,1,5,21,9,24,12,8,20,14,13,10,22,6,18,4,16,2],[7,19,3,23,11,17,15,9,5,1,21,24,12,8,20,16,13,22,10,6,18,2,4,14],[23,7,21,5,11,9,12,24,15,19,17,3,1,8,20,16,13,6,18,14,22,10,2,4],[23,7,5,15,19,11,9,17,3,1,21,24,12,20,13,8,22,10,6,18,4],[7,23,21,5,11,9,12,24,15,3,19,17,1,8,20,16,13,6,22,10,18,2,4],[23,15,3,21,1,7,5,11,9,12,24,19,17,8,20,13,10,22,6,18,4,14,2],[7,19,11,17,3,15,23,1,5,21,9,24,12,8,20,13,22,10,6,18,4,14,16,2],[11,3,19,17,23,7,15,1,9,5,21,12,24,20,13,8,4,10,22,6,18],[19,7,15,23,3,11,9,17,1,5,21,24,12,8,20,16,13,18,22,10,6,2,4],[23,15,7,5,11,19,17,3,9,1,21,24,12,20,13,8,10,22,6,18,4],[7,11,23,19,9,17,3,15,1,5,21,12,24,20,8,13,6,16,2,4,18,14,10,22],[7,3,1,15,23,21,5,19,17,11,9,24,12,20,8,16,13,22,10,6,18,2,4,14],[19,3,7,11,9,17,23,15,1,5,21,12,24,20,8,14,13,6,10,22,18,2,4,16],[7,11,15,19,17,23,3,9,1,5,21,24,12,20,8,14,13,22,10,6,4,18],[23,15,3,1,7,21,5,11,9,24,19,17,12,14,8,20,13,16,6,4,10,22,18],[23,19,11,17,7,3,15,1,5,9,21,24,12,20,8,13,22,10,6,18,2,4,16],[7,15,19,23,11,9,17,3,1,5,21,24,12,8,20,16,13,22,10,6,18,2,4],[3,19,7,15,23,11,17,9,1,5,21,12,24,8,20,16,13,22,10,6,18,2,4],[15,19,23,7,11,9,17,3,1,5,21,24,12,20,8,14,13,6,10,22,18,4,16,2],[7,3,5,11,23,15,19,17,9,1,21,24,12,20,8,13,6,18,16,10,22,2,4],[23,7,21,5,11,9,24,19,17,15,3,1,12,8,20,16,13,18,22,10,6,4],[11,19,9,17,15,7,23,3,1,5,21,24,12,8,20,14,16,13,22,10,6,18,2,4],[3,7,1,23,21,5,11,9,12,24,15,19,17,8,20,14,16,13,10,22,6,18,4],[3,7,1,15,19,23,11,9,17,5,21,12,24,20,8,13,16,22,10,6,18,2,4],[19,3,7,23,11,17,15,1,9,5,21,12,24,8,20,13,4,6,2,10,22,18,16],[23,7,5,19,15,3,11,9,17,1,21,12,24,8,20,14,13,10,22,6,18,2,4,16],[11,19,9,17,23,7,15,3,1,5,21,12,24,20,8,13,6,22,10,2,4,18],[7,15,19,3,23,11,17,1,9,5,21,12,24,8,20,16,13,10,22,6,18,4,14],[11,15,7,19,9,17,3,23,1,5,21,12,24,8,20,13,22,10,6,18,4],[7,19,23,3,11,17,15,1,5,21,9,24,12,8,20,14,13,10,22,6,18,4],[7,23,21,5,3,1,15,11,9,12,24,19,17,20,8,13,4,2,16,22,10,6,18],[15,19,23,3,7,11,9,17,1,5,21,12,24,20,8,13,6,22,10,18,2,4,16,14],[15,11,3,7,19,9,17,23,1,5,21,24,12,20,8,13,22,10,6,18,4,14],[3,15,19,23,7,11,17,1,5,21,9,24,12,8,20,13,22,10,6,18,4],[11,7,23,3,15,19,17,1,5,21,9,24,12,20,8,13,22,10,6,18,4,2,16],[15,19,7,11,9,17,3,23,1,5,21,24,12,8,20,16,13,22,10,6,18,4,2],[3,7,5,11,15,23,19,9,17,1,21,24,12,8,20,14,13,18,22,10,6,4,16],[7,11,3,23,19,17,15,1,5,21,9,24,12,14,8,20,13,2,10,22,6,4,18,16],[23,3,21,1,7,5,19,17,15,11,9,24,12,8,20,13,10,22,6,18,4,16,2],[11,23,7,3,15,19,9,17,1,5,21,24,12,8,20,16,13,6,10,22,18,4,2,14],[3,23,21,1,19,17,15,7,5,11,9,24,12,8,20,13,6,4,22,10,18,2,14,16],[15,3,11,7,19,17,23,9,5,1,21,12,24,20,8,16,13,22,10,6,18,2,4],[15,11,3,19,17,23,7,9,1,5,21,24,12,20,8,16,13,22,10,6,18,4,14,2],[7,11,19,9,17,3,23,15,1,5,21,12,24,8,13,20,22,10,6,18,4,14,16],[19,11,17,15,7,23,3,1,9,5,21,24,12,8,20,16,13,10,22,6,18,4,2,14],[11,15,3,23,7,19,9,17,1,5,21,12,24,20,8,13,4,2,6,22,10,18,14],[3,19,23,11,9,17,7,15,1,5,21,24,12,8,20,13,10,22,6,18,4],[7,23,5,15,11,19,9,17,3,1,21,24,12,8,20,13,22,10,6,18,4,14,2],[15,19,7,11,17,3,23,9,1,5,21,24,12,8,20,14,13,22,10,6,18,4],[3,7,1,15,23,5,11,19,17,9,21,24,12,8,20,13,6,10,22,18,2,4],[23,3,21,1,19,17,15,7,5,11,9,12,24,20,8,14,16,13,22,10,6,18,4,2],[19,15,11,17,3,23,7,1,9,5,21,12,24,20,8,13,10,22,6,18,16,4],[7,15,11,19,17,23,3,1,5,9,21,12,24,20,8,14,13,10,22,6,18,16,4,2],[19,15,3,7,11,9,17,23,1,5,21,12,24,20,8,13,6,22,10,18,2,4,14],[7,15,11,3,23,19,9,17,1,5,21,24,12,20,8,13,22,10,6,18,14,4],[15,19,23,3,11,17,7,9,1,5,21,24,12,20,8,13,16,18,6,22,10,4,2,14],[23,15,19,11,9,17,3,7,1,5,21,12,24,8,20,13,6,10,22,18,4,16,2,14],[15,23,11,3,19,9,17,7,1,5,21,24,12,8,20,13,10,22,6,18,4,14,2],[7,23,21,5,11,9,12,24,3,19,17,15,1,20,8,13,22,10,6,18,2,4,16,14],[11,15,3,7,23,19,9,17,1,5,21,24,12,8,20,13,22,10,6,18,4,14],[3,19,11,17,23,15,7,9,1,5,21,24,12,20,8,13,10,22,6,18,4,16,14],[15,7,19,11,9,17,23,3,1,5,21,24,12,20,8,13,14,22,10,6,18,4],[15,11,3,19,17,7,23,1,5,9,21,24,12,8,20,13,16,6,14,10,22,18,2,4],[3,23,1,7,5,11,15,19,9,17,21,24,12,8,13,20,22,10,6,18,2,4,14],[7,23,21,5,19,17,15,3,1,11,9,24,12,8,20,13,22,10,6,18,4,14,2],[11,7,15,23,3,19,9,17,1,5,21,12,24,8,20,14,13,18,6,10,22,2,4,16],[23,11,15,7,3,19,9,17,1,5,21,24,12,16,20,8,13,18,6,10,22,4,14],[3,7,1,19,15,23,11,9,17,5,21,24,12,13,8,20,4,6,14,2,10,22,18],[15,7,23,21,5,3,1,19,17,11,9,12,24,20,8,13,22,10,6,18,4,16,2,14],[7,3,1,11,15,19,17,23,9,5,21,12,24,20,13,8,10,6,22,16,18,4],[7,3,1,15,23,21,5,11,9,12,24,19,17,8,20,13,4,22,10,6,18,16,2],[23,3,21,1,15,19,17,11,9,12,24,7,5,20,8,13,10,22,6,18,4],[3,11,19,9,17,7,15,23,5,1,21,12,24,20,8,13,22,10,6,18,16,4,2],[11,19,17,23,3,15,7,9,1,5,21,12,24,20,8,13,10,22,6,18,4,14,2,16],[3,7,1,11,15,19,17,23,5,9,21,24,12,8,20,13,18,22,10,6,4,2],[23,3,1,11,19,17,7,15,5,21,9,24,12,8,20,14,16,13,4,6,22,10,18,2],[7,15,3,5,19,23,11,9,17,1,21,24,12,8,20,13,4,18,6,10,22],[19,3,23,15,7,11,17,9,1,5,21,24,12,8,20,13,2,4,10,22,6,18],[19,23,7,3,11,17,15,9,1,5,21,24,12,8,14,20,13,22,10,6,18,4,16],[19,3,7,23,15,11,9,17,1,5,21,12,24,8,20,13,22,10,6,18,14,2,4],[3,11,15,7,19,9,17,23,5,1,21,12,24,20,8,13,22,10,6,18,4,2,16],[15,23,11,7,3,19,17,1,9,5,21,12,24,20,8,13,10,22,6,18,4,2],[11,15,23,7,19,9,17,3,1,5,21,24,12,20,8,16,13,6,10,22,18,2,4],[19,15,11,17,3,7,23,1,9,5,21,24,12,20,8,16,13,14,22,10,6,18,2,4],[23,3,1,19,11,9,17,15,7,5,21,12,24,20,8,13,22,10,6,18,4,16],[23,7,21,5,19,17,11,9,24,3,15,1,12,20,8,16,13,10,22,6,18,2,4],[3,11,15,7,23,19,17,9,1,5,21,24,12,20,8,13,16,22,10,6,18,2,4],[15,19,11,17,23,7,3,1,5,21,9,12,24,20,13,8,10,22,6,18,4,14],[11,23,7,3,15,19,17,9,1,5,21,24,12,8,20,16,13,22,10,6,18,4,14,2],[23,7,5,3,21,1,11,9,12,24,19,17,15,8,20,16,13,6,22,10,18,2,4,14],[3,23,1,7,21,5,11,9,24,19,17,15,12,20,8,14,13,4,22,10,6,18,2,16],[15,3,19,7,11,17,23,1,9,5,21,24,12,8,20,13,10,22,6,18,4,16,2,14],[23,7,21,5,19,17,11,9,24,3,15,1,12,20,8,13,22,10,6,18,2,4,14],[11,23,15,3,19,17,7,9,1,5,21,12,24,20,8,13,10,22,6,18,2,4],[23,3,21,1,11,9,12,24,15,7,19,17,5,8,20,13,10,6,22,18,14,2,4,16],[7,15,19,3,11,17,23,9,1,5,21,12,24,8,20,16,13,22,10,6,18,2,4],[11,19,9,17,3,7,23,15,1,5,21,12,24,8,20,13,10,22,6,18,2,4],[11,15,19,9,17,7,3,23,1,5,21,24,12,20,8,13,6,16,22,10,18,2,4,14],[3,7,1,15,23,21,5,19,17,11,9,24,12,20,8,14,16,13,4,6,22,10,18,2],[23,7,21,5,3,1,15,11,9,12,24,19,17,20,8,13,14,10,22,6,18,2,4,16],[11,19,17,3,15,23,7,1,5,21,9,24,12,8,20,13,22,10,6,4,18,2,16],[3,15,7,1,23,21,5,19,17,11,9,12,24,8,20,13,4,10,22,6,18,14,16,2],[15,23,11,7,19,17,3,9,1,5,21,12,24,8,20,14,13,6,4,18,22,10],[3,11,15,7,23,19,9,17,1,5,21,24,12,8,20,13,2,4,18,10,22,6],[15,19,7,3,11,9,17,23,1,5,21,12,24,20,8,14,13,10,22,6,18,2,4],[19,11,9,17,3,15,23,7,5,1,21,12,24,20,8,13,22,10,6,18,14,2,4,16],[7,15,3,1,19,23,11,17,9,5,21,12,24,20,8,13,10,22,6,18,2,4,16],[19,23,7,3,15,11,17,1,9,5,21,24,12,8,20,13,6,22,10,4,18],[11,15,23,3,7,19,9,17,1,5,21,12,24,20,8,14,13,6,22,10,18,16,4],[15,7,19,11,9,17,23,3,1,5,21,24,12,20,8,13,4,10,22,6,18],[23,7,5,11,15,3,19,17,1,21,9,24,12,20,8,13,10,22,6,18,4],[3,7,5,11,23,19,17,15,9,1,21,12,24,8,20,13,10,22,6,18,4,2,14],[19,23,15,3,7,11,9,17,1,5,21,24,12,14,8,20,13,10,22,6,18,4],[15,11,7,19,9,17,3,23,1,5,21,24,12,20,8,13,16,6,22,10,18,14,4],[3,11,15,23,7,19,9,17,1,5,21,24,12,8,20,14,16,13,10,22,6,18,2,4],[7,19,3,11,9,17,15,23,1,5,21,24,12,8,20,13,16,6,22,10,18,2,4,14],[11,7,19,17,15,3,23,1,9,5,21,24,12,20,8,14,13,6,2,4,10,22,18],[23,19,15,11,9,17,7,3,1,5,21,24,12,8,14,20,13,6,16,10,22,18,4,2],[19,11,9,17,7,23,15,3,1,5,21,12,24,20,8,13,10,22,6,18,4,2,16,14],[11,23,19,17,3,15,7,9,1,5,21,12,24,20,8,14,16,13,6,4,10,22,18,2],[15,7,23,21,5,11,9,12,24,3,19,17,1,8,20,13,6,22,10,18,16,4,2],[23,15,19,3,11,9,17,7,5,1,21,24,12,20,8,14,16,13,10,22,6,18,2,4],[7,23,5,3,1,11,19,9,17,15,21,12,24,8,20,14,16,13,22,10,6,18,4,2],[15,3,11,7,19,9,17,23,1,5,21,12,24,8,20,13,22,10,6,18,2,4,16,14],[11,7,15,23,19,17,3,1,9,5,21,24,12,8,20,13,6,22,10,4,18,16,2,14],[19,7,23,3,11,9,17,15,1,5,21,24,12,20,8,13,22,10,6,18,4,14,16,2],[11,15,19,9,17,23,3,7,1,5,21,24,12,8,20,13,10,22,6,18,4,2],[19,7,23,3,11,17,15,1,5,9,21,24,12,8,20,16,13,10,22,6,18,4,14,2],[23,3,21,1,19,17,15,7,5,11,9,24,12,20,8,13,6,10,22,18,2,4,16,14],[15,23,11,3,7,19,9,17,1,5,21,24,12,8,14,20,16,13,6,4,22,10,18],[11,15,23,19,9,17,3,7,1,5,21,24,12,8,20,13,10,22,6,18,2,4],[3,15,23,1,11,19,9,17,7,5,21,24,12,8,20,13,22,10,6,18,2,4],[23,15,19,11,17,3,7,1,9,5,21,12,24,8,20,13,6,16,2,4,10,22,18],[23,15,3,1,11,19,17,7,5,9,21,24,12,8,20,13,6,10,22,18,16,4],[19,11,17,15,7,23,3,1,5,9,21,12,24,20,8,13,18,22,10,6,2,4,16,14],[3,11,23,15,7,19,9,17,1,5,21,24,12,20,8,16,13,6,22,10,18,4,14],[11,15,19,17,7,23,3,1,5,9,21,24,12,8,13,20,14,2,4,6,22,10,18,16],[19,7,23,11,17,15,3,1,9,5,21,24,12,8,20,16,13,22,10,6,18,4,2],[7,11,23,19,17,3,15,9,1,5,21,12,24,8,20,13,10,22,6,18,2,4],[23,3,1,19,7,15,11,9,17,5,21,24,12,20,8,16,13,22,10,6,18,4,2],[19,7,15,3,23,11,17,9,1,5,21,24,12,8,13,20,22,10,6,18,2,4,16,14],[7,11,23,19,17,15,3,1,9,5,21,12,24,20,8,13,22,10,6,18,2,4],[11,3,19,17,15,23,7,9,1,5,21,24,12,13,20,8,6,22,10,18,4,16,2,14],[3,23,21,1,7,5,11,9,24,15,19,17,12,8,20,16,13,22,10,6,18,4,14,2],[15,11,23,3,19,9,17,7,1,5,21,12,24,20,8,14,13,22,10,6,18,2,4],[3,7,1,11,15,23,19,9,17,5,21,12,24,8,20,13,10,22,6,18,2,4,14,16],[3,23,21,1,15,19,17,11,9,12,24,7,5,8,20,16,13,6,10,22,18,4,2,14],[11,3,23,15,7,19,17,9,1,5,21,24,12,8,20,16,13,6,18,4,22,10],[11,3,19,9,17,7,15,23,5,1,21,24,12,8,13,20,18,22,10,6,4,2,16],[7,11,23,19,17,3,15,9,1,5,21,24,12,8,14,20,16,13,2,22,10,6,4,18],[19,15,23,3,7,11,17,1,5,9,21,24,12,20,8,14,13,10,22,6,18,4],[15,11,19,9,17,3,7,23,1,5,21,24,12,20,8,14,13,2,4,22,10,6,18,16],[19,7,15,3,23,11,9,17,1,5,21,12,24,8,13,20,22,10,6,18,2,4,16,14],[23,15,7,5,3,1,19,11,9,17,21,12,24,8,20,13,16,2,4,6,10,22,18,14],[23,7,5,11,3,19,9,17,15,1,21,24,12,8,20,16,13,6,22,10,18,4,14,2],[11,7,15,3,19,9,17,23,1,5,21,24,12,20,13,8,4,10,22,6,18,16,14],[15,7,19,23,3,11,9,17,1,5,21,12,24,20,8,13,18,16,4,10,22,6,14],[11,19,9,17,3,15,7,23,5,1,21,12,24,8,20,13,6,10,22,18,4,2,14,16],[7,23,5,15,19,11,17,3,9,1,21,12,24,20,16,8,13,4,22,10,6,18],[23,3,21,1,15,11,9,24,7,19,17,5,12,8,20,14,13,22,10,6,18,4,2,16],[19,11,17,3,7,15,23,1,9,5,21,12,24,8,20,13,10,22,6,18,2,4,16],[19,11,9,17,23,15,7,3,1,5,21,24,12,8,20,14,13,10,22,6,18,4,2,16],[11,15,19,9,17,23,7,3,5,1,21,24,12,20,8,14,16,13,22,10,6,18,4],[11,15,7,19,17,3,23,9,1,5,21,24,12,8,20,13,14,22,10,6,18,4],[3,19,7,11,9,17,23,15,1,5,21,12,24,20,8,13,22,10,6,18,4,2,16,14],[19,3,7,23,11,9,17,15,1,5,21,12,24,8,20,13,10,22,6,18,2,4,16,14],[3,7,5,15,19,11,9,17,23,1,21,24,12,8,20,13,16,10,22,6,18,4,2],[3,23,1,7,5,11,19,9,17,15,21,24,12,8,20,14,13,4,16,10,22,6,18],[3,7,5,19,11,17,15,23,9,1,21,24,12,20,8,14,13,10,22,6,18,2,4,16],[19,15,11,17,3,23,7,1,5,9,21,24,12,20,8,13,14,22,10,6,18,4,16],[11,19,9,17,3,7,23,15,1,5,21,24,12,8,20,13,4,6,14,10,22,18,2,16],[3,15,7,1,23,5,19,11,17,9,21,24,12,8,20,13,22,10,6,18,16,4,2],[7,23,5,15,3,21,1,19,17,11,9,12,24,20,8,16,13,6,10,22,18,14,2,4],[19,3,11,9,17,7,23,15,1,5,21,12,24,13,20,8,6,10,22,18,4],[15,11,3,7,19,17,23,9,1,5,21,24,12,8,20,13,10,22,6,18,4],[3,11,23,7,19,9,17,15,1,5,21,24,12,20,8,16,13,4,6,22,10,18,2],[23,15,7,21,5,11,9,24,19,17,3,1,12,8,14,20,13,22,10,6,18,2,4,16],[3,11,7,19,9,17,23,15,1,5,21,24,12,8,20,13,10,22,6,18,4,2,14],[7,23,21,5,19,17,11,9,12,24,3,15,1,8,20,16,13,14,4,22,10,6,18],[11,23,3,19,9,17,7,15,1,5,21,24,12,8,20,13,6,14,16,22,10,18,2,4],[23,11,3,19,9,17,15,7,1,5,21,12,24,8,20,13,22,10,6,18,4,14,16,2],[15,11,23,3,19,17,7,1,9,5,21,24,12,20,8,13,14,10,22,6,18,2,4,16],[15,11,23,7,19,9,17,3,5,1,21,12,24,8,20,13,22,10,6,18,2,4],[11,7,23,3,15,19,17,9,5,1,21,24,12,8,20,14,16,13,10,22,6,18,2,4],[23,11,7,19,9,17,3,15,1,5,21,24,12,8,20,14,16,13,2,4,6,22,10,18],[3,23,1,7,21,5,19,17,11,9,12,24,15,20,16,8,13,4,2,10,6,22,18,14],[7,3,1,11,15,23,19,17,5,21,9,12,24,20,8,13,22,10,6,18,14,4,16,2],[15,11,19,17,3,7,23,9,1,5,21,24,12,20,13,8,10,22,6,18,14,4,16],[19,7,23,3,15,11,17,1,5,21,9,24,12,20,8,13,6,22,10,18,4,2,14],[11,15,23,7,3,19,17,1,9,5,21,24,12,8,20,14,13,10,22,6,18,16,4],[15,7,23,21,5,11,9,24,19,17,3,1,12,8,20,13,6,2,4,10,22,18],[19,11,17,7,23,15,3,1,5,9,21,24,12,20,8,14,13,22,10,6,18,4,2],[7,11,15,23,3,19,9,17,1,5,21,24,12,20,8,13,10,22,6,18,16,4,14,2],[7,19,15,3,11,17,23,9,1