{"problem_id": "MZ5kL7S4XKsejPV", "sigma": 75, "alpha": 10.0, "cost": 1, "probabilities": "[0.21, 0.24, 0.34, 0.21]", "payoff_matrix": "[[-5, -188, -53, -14, -46, 1], [88, -29, -28, -124, 39, 150], [-118, -98, -139, -61, -26, -17], [-81, -67, -44, 54, -99, 29]]", "uncovered": [[23, 3, 15, 11, 7, 19, 22], [7, 11, 23, 19, 15, 3, 22], [15, 11, 7, 3, 23, 19, 18, 22], [19, 11, 7, 15, 3, 23, 18, 22], [11, 3, 7, 23, 19, 15, 18, 22], [23, 15, 19, 7, 3, 11, 18, 22], [19, 15, 3, 7, 23, 11, 22], [15, 3, 11, 23, 7, 19, 22], [11, 23, 3, 19, 15, 7, 22], [11, 3, 15, 19, 7, 23, 22], [15, 19, 7, 23, 3, 11, 22], [7, 19, 23, 3, 11, 15, 18, 22], [15, 23, 7, 19, 11, 3, 18, 22], [3, 11, 23, 19, 7, 15, 18, 22], [23, 7, 11, 15, 19, 3, 22], [3, 23, 19, 11, 15, 7, 22], [11, 7, 23, 15, 3, 19, 22], [19, 23, 3, 7, 11, 15, 18, 22], [11, 15, 7, 3, 23, 19, 18, 22], [7, 3, 11, 23, 15, 19, 18, 22], [15, 7, 3, 19, 11, 23, 22], [23, 7, 15, 11, 3, 19, 22], [7, 3, 11, 15, 23, 19, 22], [3, 19, 23, 11, 7, 15, 22], [19, 11, 3, 7, 23, 15, 18, 22], [7, 3, 11, 15, 23, 19, 22], [3, 15, 19, 23, 11, 7, 22], [23, 19, 15, 11, 7, 3, 22], [23, 19, 11, 3, 15, 7, 22], [19, 23, 15, 3, 11, 7, 22], [11, 7, 19, 15, 23, 3, 22], [23, 3, 11, 15, 19, 7, 18, 22], [19, 7, 3, 11, 23, 15, 18, 22], [15, 19, 23, 3, 11, 7, 22], [19, 23, 11, 15, 7, 3, 18, 22], [7, 3, 11, 19, 15, 23, 22], [3, 11, 23, 7, 15, 19, 18, 22], [19, 23, 15, 7, 3, 11, 22], [3, 23, 15, 11, 19, 7, 18, 22], [7, 19, 23, 11, 15, 3, 22], [15, 23, 7, 3, 11, 19, 22], [15, 11, 23, 3, 7, 19, 22], [23, 15, 19, 7, 11, 3, 22], [3, 15, 11, 7, 23, 19, 22], [11, 23, 3, 15, 7, 19, 18, 22], [7, 15, 19, 3, 23, 11, 18, 22], [3, 7, 19, 15, 23, 11, 22], [7, 19, 11, 23, 15, 3, 18, 22], [11, 15, 7, 23, 3, 19, 18, 22], [23, 19, 11, 15, 7, 3, 22], [23, 15, 11, 7, 19, 3, 18, 22], [23, 3, 7, 19, 15, 11, 18, 22], [11, 23, 15, 19, 3, 7, 22], [15, 3, 23, 7, 19, 11, 18, 22], [11, 15, 19, 23, 3, 7, 18, 22], [19, 23, 3, 7, 11, 15, 22], [3, 11, 7, 19, 23, 15, 22], [3, 19, 23, 11, 7, 15, 22], [15, 3, 7, 11, 23, 19, 22], [3, 19, 23, 11, 15, 7, 22], [3, 23, 15, 19, 7, 11, 18, 22], [7, 15, 19, 23, 11, 3, 18, 22], [19, 3, 23, 15, 7, 11, 22], [23, 19, 11, 3, 7, 15, 18, 22], [7, 23, 3, 19, 15, 11, 18, 22], [3, 7, 11, 23, 15, 19, 22], [11, 7, 23, 15, 19, 3, 22], [3, 7, 11, 15, 19, 23, 18, 22], [7, 11, 15, 3, 23, 19, 22], [3, 15, 23, 11, 7, 19, 18, 22], [15, 19, 23, 7, 3, 11, 22], [15, 7, 23, 11, 3, 19, 22], [7, 19, 11, 15, 3, 23, 22], [19, 3, 15, 23, 7, 11, 18, 22], [7, 15, 3, 19, 11, 23, 18, 22], [23, 3, 15, 7, 19, 11, 22], [7, 11, 23, 19, 15, 3, 22], [11, 3, 23, 19, 7, 15, 18, 22], [7, 3, 15, 11, 23, 19, 22], [3, 7, 23, 11, 15, 19, 22], [23, 3, 15, 11, 7, 19, 18, 22], [3, 7, 23, 15, 11, 19, 22], [23, 11, 19, 15, 7, 3, 18, 22], [7, 11, 23, 3, 19, 15, 22], [19, 15, 3, 11, 23, 7, 18, 22], [15, 19, 7, 23, 3, 11, 18, 22], [11, 7, 23, 3, 19, 15, 22], [19, 15, 23, 7, 11, 3, 22], [3, 7, 19, 11, 15, 23, 18, 22], [23, 11, 19, 15, 7, 3, 18, 22], [11, 3, 15, 23, 19, 7, 18, 22], [19, 23, 7, 11, 15, 3, 18, 22], [7, 3, 23, 15, 11, 19, 22], [11, 7, 23, 19, 15, 3, 22], [3, 19, 15, 11, 7, 23, 22], [19, 3, 11, 7, 15, 23, 18, 22], [7, 23, 11, 19, 3, 15, 22], [23, 19, 3, 11, 15, 7, 18, 22], [23, 3, 11, 7, 19, 15, 22], [23, 19, 7, 3, 15, 11, 18, 22], [7, 3, 23, 15, 19, 11, 22], [19, 23, 7, 3, 15, 11, 22], [19, 23, 11, 7, 15, 3, 18, 22], [19, 3, 23, 11, 7, 15, 22], [23, 19, 15, 3, 11, 7, 22], [11, 15, 7, 19, 23, 3, 22], [11, 7, 19, 3, 23, 15, 18, 22], [15, 3, 19, 11, 23, 7, 22], [15, 7, 23, 3, 19, 11, 22], [7, 3, 11, 23, 19, 15, 18, 22], [7, 19, 15, 23, 3, 11, 22], [15, 23, 7, 11, 19, 3, 22], [7, 23, 15, 11, 3, 19, 22], [19, 15, 7, 11, 3, 23, 18, 22], [19, 11, 23, 3, 7, 15, 18, 22], [23, 7, 15, 3, 19, 11, 18, 22], [3, 11, 19, 15, 7, 23, 22], [11, 3, 7, 15, 19, 23, 18, 22], [7, 19, 3, 11, 15, 23, 18, 22], [11, 3, 7, 23, 19, 15, 22], [19, 23, 3, 7, 11, 15, 22], [15, 7, 23, 3, 11, 19, 18, 22], [19, 7, 3, 23, 15, 11, 22], [23, 19, 11, 15, 3, 7, 18, 22], [23, 15, 11, 3, 7, 19, 18, 22], [15, 11, 23, 19, 3, 7, 22], [7, 23, 11, 3, 15, 19, 22], [23, 11, 19, 15, 7, 3, 22], [19, 23, 11, 7, 15, 3, 18, 22], [19, 7, 3, 11, 23, 15, 22], [11, 3, 19, 15, 7, 23, 22], [23, 19, 15, 3, 7, 11, 22], [11, 15, 23, 19, 7, 3, 18, 22], [15, 7, 23, 11, 3, 19, 22], [23, 11, 3, 15, 19, 7, 18, 22], [3, 23, 15, 7, 19, 11, 18, 22], [11, 15, 7, 23, 3, 19, 22], [7, 3, 19, 15, 23, 11, 22], [7, 19, 15, 3, 11, 23, 22], [19, 23, 11, 7, 3, 15, 18, 22], [11, 23, 7, 15, 19, 3, 18, 22], [23, 7, 15, 11, 19, 3, 22], [3, 23, 7, 19, 15, 11, 22], [23, 19, 7, 11, 15, 3, 22], [15, 3, 7, 19, 23, 11, 18, 22], [19, 3, 15, 11, 7, 23, 22], [7, 19, 15, 23, 11, 3, 18, 22], [15, 11, 19, 23, 7, 3, 22], [23, 15, 7, 19, 11, 3, 18, 22], [7, 23, 15, 3, 11, 19, 22], [15, 3, 23, 19, 11, 7, 18, 22], [23, 3, 7, 11, 15, 19, 22], [23, 19, 11, 3, 7, 15, 22], [15, 19, 23, 11, 3, 7, 22], [11, 7, 19, 23, 3, 15, 22], [23, 3, 15, 19, 11, 7, 22], [23, 11, 7, 15, 19, 3, 22], [23, 11, 3, 15, 7, 19, 22], [15, 7, 3, 23, 11, 19, 18, 22], [19, 11, 15, 23, 3, 7, 18, 22], [11, 19, 7, 3, 15, 23, 22], [23, 11, 3, 15, 7, 19, 18, 22], [7, 11, 3, 19, 23, 15, 18, 22], [15, 23, 7, 11, 19, 3, 18, 22], [15, 3, 11, 19, 23, 7, 22], [23, 3, 7, 15, 19, 11, 18, 22], [7, 3, 11, 15, 23, 19, 22], [7, 23, 11, 15, 19, 3, 18, 22], [15, 23, 11, 7, 19, 3, 18, 22], [7, 11, 15, 19, 3, 23, 22], [23, 11, 3, 19, 7, 15, 22], [15, 11, 23, 3, 7, 19, 22], [7, 11, 3, 23, 15, 19, 22], [3, 23, 7, 19, 15, 11, 18, 22], [7, 11, 19, 23, 15, 3, 22], [23, 3, 11, 15, 19, 7, 22], [15, 19, 3, 7, 23, 11, 22], [7, 15, 19, 3, 23, 11, 18, 22], [15, 11, 19, 3, 23, 7, 22], [23, 19, 15, 7, 11, 3, 18, 22], [11, 23, 7, 19, 15, 3, 22], [19, 11, 7, 15, 23, 3, 18, 22], [3, 11, 19, 7, 15, 23, 18, 22], [19, 7, 3, 23, 11, 15, 18, 22], [3, 19, 11, 23, 7, 15, 18, 22], [23, 15, 3, 7, 11, 19, 22], [23, 11, 15, 19, 7, 3, 22], [11, 15, 3, 7, 23, 19, 18, 22], [15, 19, 7, 11, 3, 23, 18, 22], [23, 11, 15, 7, 3, 19, 18, 22], [15, 19, 7, 11, 23, 3, 18, 22], [3, 23, 19, 11, 15, 7, 18, 22], [19, 15, 23, 7, 3, 11, 18, 22], [23, 3, 15, 19, 7, 11, 22], [11, 15, 23, 3, 7, 19, 18, 22], [23, 11, 7, 3, 15, 19, 22], [3, 19, 15, 7, 23, 11, 22], [11, 15, 23, 19, 7, 3, 18, 22], [3, 23, 19, 15, 11, 7, 18, 22], [3, 15, 23, 11, 7, 19, 18, 22], [15, 23, 19, 11, 3, 7, 22], [19, 15, 23, 7, 11, 3, 22], [7, 3, 15, 11, 19, 23, 18, 22], [7, 15, 19, 11, 23, 3, 22], [3, 19, 23, 15, 11, 7, 18, 22], [3, 19, 7, 15, 23, 11, 18, 22], [19, 15, 11, 7, 3, 23, 18, 22], [7, 11, 23, 15, 19, 3, 22], [11, 15, 23, 3, 7, 19, 22], [23, 15, 19, 11, 3, 7, 22], [7, 19, 23, 11, 3, 15, 22], [3, 15, 11, 23, 19, 7, 22], [15, 7, 11, 23, 19, 3, 18, 22], [7, 23, 15, 11, 3, 19, 18, 22], [15, 7, 19, 3, 23, 11, 18, 22], [7, 23, 15, 11, 19, 3, 22], [3, 23, 15, 19, 11, 7, 18, 22], [23, 7, 15, 3, 19, 11, 22], [11, 3, 15, 7, 19, 23, 22], [19, 3, 11, 15, 23, 7, 18, 22], [3, 7, 23, 19, 11, 15, 18, 22], [15, 19, 23, 7, 11, 3, 22], [15, 3, 19, 7, 23, 11, 18, 22], [3, 15, 11, 7, 23, 19, 22], [15, 19, 11, 7, 3, 23, 22], [15, 19, 11, 23, 7, 3, 18, 22], [15, 23, 11, 7, 19, 3, 22], [3, 11, 23, 15, 19, 7, 22], [3, 23, 19, 15, 11, 7, 22], [15, 11, 23, 19, 3, 7, 18, 22], [15, 23, 3, 11, 19, 7, 18, 22], [7, 3, 15, 23, 11, 19, 18, 22], [23, 15, 3, 19, 7, 11, 18, 22], [7, 23, 15, 3, 19, 11, 18, 22], [3, 11, 23, 7, 19, 15, 22], [11, 23, 15, 3, 7, 19, 18, 22], [19, 7, 23, 15, 3, 11, 22], [23, 7, 15, 19, 11, 3, 22], [7, 23, 11, 15, 3, 19, 18, 22], [23, 11, 15, 19, 3, 7, 18, 22], [15, 11, 3, 19, 7, 23, 18, 22], [3, 19, 15, 11, 7, 23, 22], [15, 19, 7, 23, 11, 3, 18, 22], [19, 7, 11, 3, 15, 23, 18, 22], [7, 15, 3, 11, 23, 19, 18, 22], [15, 7, 19, 11, 3, 23, 18, 22], [19, 3, 23, 15, 11, 7, 18, 22], [3, 23, 7, 15, 11, 19, 18, 22], [15, 11, 23, 7, 19, 3, 18, 22], [3, 23, 7, 19, 15, 11, 22], [23, 19, 3, 7, 15, 11, 22], [15, 11, 7, 3, 23, 19, 18, 22], [3, 15, 11, 7, 23, 19, 18, 22], [15, 7, 11, 23, 3, 19, 18, 22], [15, 19, 3, 7, 23, 11, 22], [11, 19, 15, 7, 3, 23, 22], [15, 23, 7, 11, 19, 3, 18, 22], [11, 23, 7, 19, 3, 15, 18, 22], [15, 7, 23, 11, 3, 19, 18, 22], [7, 15, 11, 19, 3, 23, 22], [19, 23, 11, 7, 15, 3, 22], [19, 11, 3, 7, 23, 15, 18, 22], [19, 23, 3, 15, 11, 7, 22], [15, 23, 3, 19, 7, 11, 22], [19, 23, 3, 15, 7, 11, 22], [7, 19, 23, 3, 11, 15, 18, 22], [15, 3, 11, 7, 19, 23, 18, 22], [11, 19, 3, 23, 15, 7, 18, 22], [7, 23, 3, 15, 19, 11, 22], [7, 11, 3, 23, 15, 19, 18, 22], [19, 3, 23, 15, 7, 11, 22], [23, 11, 19, 3, 7, 15, 22], [7, 23, 15, 3, 11, 19, 22], [15, 11, 7, 3, 19, 23, 18, 22], [15, 7, 23, 3, 19, 11, 18, 22], [15, 19, 7, 11, 3, 23, 18, 22], [3, 23, 15, 11, 19, 7, 22], [15, 3, 23, 19, 7, 11, 18, 22], [11, 19, 3, 7, 15, 23, 22], [15, 23, 19, 11, 3, 7, 22], [11, 7, 3, 23, 15, 19, 22], [15, 19, 11, 7, 23, 3, 22], [23, 3, 19, 15, 7, 11, 18, 22], [19, 15, 11, 3, 7, 23, 18, 22], [23, 19, 3, 7, 11, 15, 22], [19, 7, 15, 23, 3, 11, 18, 22], [7, 3, 23, 15, 11, 19, 18, 22], [3, 7, 19, 15, 23, 11, 22], [15, 7, 23, 3, 19, 11, 18, 22], [15, 23, 3, 19, 11, 7, 22], [23, 7, 15, 19, 3, 11, 22], [23, 11, 19, 15, 3, 7, 22], [15, 23, 3, 11, 7, 19, 22], [19, 11, 7, 23, 3, 15, 22], [3, 11, 7, 19, 23, 15, 22], [23, 3, 15, 19, 11, 7, 18, 22], [23, 19, 3, 11, 7, 15, 18, 22], [3, 19, 23, 11, 15, 7, 22], [23, 7, 19, 3, 11, 15, 22], [11, 19, 23, 3, 7, 15, 18, 22], [3, 11, 23, 7, 19, 15, 18, 22], [11, 15, 7, 19, 23, 3, 18, 22], [19, 11, 23, 7, 15, 3, 18, 22], [3, 15, 7, 11, 19, 23, 22], [3, 11, 7, 19, 23, 15, 22], [15, 19, 11, 23, 7, 3, 18, 22], [15, 23, 3, 19, 7, 11, 22], [11, 23, 15, 19, 3, 7, 22], [23, 19, 3, 7, 11, 15, 18, 22], [23, 19, 7, 15, 11, 3, 18, 22], [15, 19, 3, 7, 23, 11, 18, 22], [7, 15, 3, 23, 19, 11, 18, 22], [7, 19, 11, 15, 23, 3, 22], [15, 23, 19, 11, 7, 3, 18, 22], [15, 19, 7, 23, 11, 3, 18, 22], [3, 11, 7, 15, 23, 19, 18, 22], [3, 7, 19, 11, 15, 23, 22], [23, 15, 3, 19, 7, 11, 22], [19, 3, 7, 15, 11, 23, 18, 22], [19, 23, 15, 7, 11, 3, 22], [7, 15, 11, 19, 23, 3, 18, 22], [3, 19, 23, 11, 7, 15, 18, 22], [3, 15, 19, 7, 23, 11, 18, 22], [15, 23, 3, 19, 7, 11, 18, 22], [7, 23, 11, 19, 15, 3, 22], [19, 15, 7, 11, 23, 3, 18, 22], [15, 7, 23, 11, 19, 3, 22], [19, 7, 23, 15, 11, 3, 22], [11, 7, 3, 23, 15, 19, 22], [7, 19, 11, 3, 15, 23, 18, 22], [3, 11, 19, 7, 15, 23, 22], [3, 15, 7, 11, 23, 19, 22], [23, 7, 3, 19, 15, 11, 18, 22], [11, 19, 3, 7, 23, 15, 18, 22], [19, 23, 3, 11, 7, 15, 22], [23, 3, 7, 15, 11, 19, 22], [11, 3, 15, 7, 23, 19, 22], [11, 23, 15, 19, 3, 7, 18, 22], [7, 23, 15, 3, 19, 11, 22], [3, 23, 7, 15, 11, 19, 22], [23, 3, 19, 7, 15, 11, 22], [7, 15, 11, 3, 23, 19, 18, 22], [3, 23, 15, 11, 7, 19, 18, 22], [11, 3, 23, 15, 7, 19, 22], [19, 23, 3, 15, 11, 7, 22], [15, 23, 19, 11, 7, 3, 18, 22], [7, 23, 19, 11, 15, 3, 22], [15, 19, 11, 7, 3, 23, 18, 22], [7, 3, 23, 11, 19, 15, 22], [15, 19, 3, 7, 11, 23, 18, 22], [19, 3, 15, 23, 7, 11, 22], [23, 11, 19, 15, 3, 7, 18, 22], [3, 19, 15, 11, 7, 23, 22], [15, 23, 7, 11, 3, 19, 18, 22], [11, 19, 7, 23, 15, 3, 18, 22], [19, 3, 23, 7, 15, 11, 22], [23, 11, 3, 19, 7, 15, 22], [11, 7, 3, 15, 23, 19, 18, 22], [15, 19, 7, 11, 23, 3, 18, 22], [19, 7, 23, 11, 3, 15, 22], [19, 7, 3, 11, 23, 15, 18, 22], [23, 11, 15, 3, 19, 7, 22], [11, 15, 19, 3, 23, 7, 18, 22], [3, 15, 7, 11, 23, 19, 22], [23, 3, 11, 19, 15, 7, 22], [7, 23, 11, 15, 3, 19, 22], [15, 23, 7, 3, 11, 19, 18, 22], [7, 15, 19, 11, 3, 23, 22], [11, 15, 23, 7, 3, 19, 18, 22], [15, 11, 23, 19, 3, 7, 18, 22], [11, 15, 19, 7, 23, 3, 18, 22], [19, 15, 23, 7, 3, 11, 18, 22], [23, 3, 15, 7, 19, 11, 18, 22], [7, 11, 19, 3, 15, 23, 18, 22], [3, 23, 11, 15, 7, 19, 18, 22], [3, 15, 19, 7, 11, 23, 18, 22], [15, 23, 11, 19, 3, 7, 18, 22], [23, 11, 15, 7, 3, 19, 22], [3, 7, 11, 19, 23, 15, 18, 22], [11, 23, 19, 7, 15, 3, 18, 22], [3, 11, 15, 19, 23, 7, 18, 22], [23, 7, 3, 15, 11, 19, 18, 22], [3, 11, 23, 15, 7, 19, 18, 22], [19, 15, 3, 7, 11, 23, 18, 22], [7, 23, 15, 3, 11, 19, 18, 22], [7, 19, 11, 15, 3, 23, 18, 22], [7, 19, 3, 15, 11, 23, 22], [11, 23, 19, 15, 7, 3, 18, 22], [3, 15, 23, 19, 7, 11, 18, 22], [15, 3, 7, 23, 11, 19, 18, 22], [3, 23, 11, 7, 15, 19, 18, 22], [11, 7, 19, 15, 23, 3, 18, 22], [11, 23, 3, 19, 15, 7, 22], [19, 3, 11, 23, 7, 15, 18, 22], [3, 7, 15, 11, 19, 23, 18, 22], [15, 19, 3, 23, 7, 11, 18, 22], [23, 15, 3, 7, 11, 19, 18, 22], [15, 11, 7, 19, 3, 23, 22], [7, 15, 23, 11, 19, 3, 22], [7, 15, 11, 19, 23, 3, 18, 22], [19, 7, 3, 11, 15, 23, 22], [11, 15, 7, 3, 23, 19, 18, 22], [11, 3, 7, 15, 23, 19, 22], [11, 15, 23, 19, 7, 3, 18, 22], [3, 11, 15, 23, 19, 7, 22], [19, 3, 15, 7, 11, 23, 22], [7, 23, 19, 15, 11, 3, 22], [23, 11, 3, 15, 7, 19, 22], [3, 11, 19, 7, 23, 15, 22], [15, 23, 19, 7, 11, 3, 18, 22], [23, 19, 11, 15, 3, 7, 22], [23, 11, 7, 3, 19, 15, 18, 22], [19, 15, 7, 3, 11, 23, 18, 22], [23, 19, 15, 7, 11, 3, 18, 22], [3, 15, 19, 23, 7, 11, 22], [11, 19, 7, 23, 15, 3, 22], [11, 3, 23, 15, 7, 19, 18, 22], [15, 19, 11, 7, 23, 3, 22], [11, 19, 7, 3, 23, 15, 18, 22], [3, 23, 19, 7, 15, 11, 18, 22], [15, 11, 3, 7, 19, 23, 22], [11, 7, 19, 15, 23, 3, 22], [7, 15, 19, 3, 11, 23, 22], [23, 7, 15, 3, 11, 19, 18, 22], [7, 15, 3, 11, 19, 23, 22], [7, 23, 15, 3, 11, 19, 18, 22], [11, 23, 7, 15, 3, 19, 18, 22], [7, 11, 23, 19, 3, 15, 22], [15, 11, 7, 23, 19, 3, 22], [11, 3, 15, 19, 23, 7, 18, 22], [19, 23, 7, 11, 15, 3, 22], [23, 7, 3, 11, 19, 15, 22], [3, 15, 23, 19, 11, 7, 22], [19, 11, 7, 3, 15, 23, 18, 22], [23, 11, 15, 19, 3, 7, 18, 22], [3, 23, 19, 7, 11, 15, 18, 22], [7, 15, 11, 23, 19, 3, 22], [19, 23, 11, 15, 3, 7, 22], [7, 23, 3, 15, 11, 19, 18, 22], [15, 23, 7, 19, 11, 3, 18, 22], [7, 3, 19, 11, 15, 23, 18, 22], [3, 11, 15, 23, 7, 19, 22], [7, 19, 11, 3, 23, 15, 18, 22], [3, 23, 7, 11, 19, 15, 18, 22], [15, 23, 19, 7, 3, 11, 22], [11, 19, 23, 3, 7, 15, 18, 22], [23, 3, 11, 19, 7, 15, 18, 22], [7, 23, 11, 15, 3, 19, 18, 22], [3, 7, 15, 11, 19, 23, 18, 22], [3, 19, 7, 15, 11, 23, 18, 22], [23, 3, 11, 15, 19, 7, 18, 22], [15, 11, 23, 19, 3, 7, 22], [23, 19, 7, 15, 3, 11, 22], [15, 19, 3, 11, 23, 7, 22], [23, 15, 11, 19, 7, 3, 18, 22], [11, 23, 19, 15, 3, 7, 18, 22], [3, 19, 7, 23, 11, 15, 18, 22], [19, 15, 11, 7, 23, 3, 18, 22], [15, 11, 19, 3, 7, 23, 22], [11, 3, 19, 15, 23, 7, 18, 22], [15, 3, 23, 19, 11, 7, 22], [15, 19, 23, 11, 3, 7, 22], [11, 7, 19, 23, 15, 3, 22], [19, 7, 3, 11, 15, 23, 18, 22], [11, 23, 15, 7, 3, 19, 18, 22], [11, 15, 19, 3, 7, 23, 18, 22], [7, 3, 23, 19, 15, 11, 22], [3, 23, 7, 15, 19, 11, 22], [19, 23, 3, 11, 15, 7, 18, 22], [11, 3, 7, 23, 15, 19, 18, 22], [3, 11, 23, 7, 19, 15, 22], [7, 11, 19, 3, 23, 15, 22], [15, 3, 23, 19, 7, 11, 22], [11, 3, 19, 23, 15, 7, 22], [15, 19, 3, 23, 7, 11, 22], [3, 11, 23, 19, 7, 15, 18, 22], [15, 23, 11, 7, 3, 19, 22], [19, 11, 15, 7, 3, 23, 18, 22], [7, 15, 11, 19, 3, 23, 18, 22], [7, 15, 19, 3, 23, 11, 18, 22], [23, 19, 11, 3, 15, 7, 22], [15, 19, 11, 3, 7, 23, 22], [11, 7, 15, 23, 3, 19, 18, 22], [23, 11, 3, 19, 7, 15, 18, 22], [19, 23, 11, 3, 7, 15, 18, 22], [23, 3, 19, 11, 15, 7, 22], [23, 3, 7, 11, 15, 19, 22], [19, 7, 15, 23, 11, 3, 22], [11, 23, 7, 15, 19, 3, 18, 22], [7, 19, 11, 23, 3, 15, 18, 22], [19, 11, 3, 15, 7, 23, 22], [11, 23, 3, 19, 15, 7, 18, 22], [19, 11, 15, 3, 23, 7, 18, 22], [23, 7, 19, 15, 3, 11, 18, 22], [15, 7, 23, 11, 19, 3, 22], [3, 7, 15, 11, 19, 23, 18, 22], [7, 23, 19, 3, 11, 15, 18, 22], [23, 19, 15, 7, 11, 3, 18, 22], [11, 19, 7, 15, 23, 3, 18, 22], [15, 23, 7, 3, 19, 11, 22], [23, 19, 15, 3, 11, 7, 18, 22], [19, 15, 11, 23, 3, 7, 18, 22], [7, 3, 15, 23, 11, 19, 22], [11, 15, 19, 3, 7, 23, 22], [19, 23, 3, 7, 11, 15, 18, 22], [19, 11, 23, 3, 15, 7, 22], [19, 23, 7, 15, 3, 11, 22], [23, 19, 7, 3, 11, 15, 18, 22], [11, 19, 23, 15, 7, 3, 18, 22], [3, 23, 7, 11, 19, 15, 22], [11, 3, 19, 7, 15, 23, 22], [7, 19, 3, 15, 23, 11, 18, 22], [7, 15, 11, 3, 19, 23, 18, 22], [11, 23, 3, 15, 7, 19, 22], [3, 7, 19, 11, 15, 23, 18, 22], [3, 11, 7, 23, 15, 19, 22], [15, 19, 23, 7, 11, 3, 22], [23, 3, 19, 11, 7, 15, 18, 22], [3, 7, 11, 15, 19, 23, 18, 22], [7, 23, 19, 15, 3, 11, 18, 22], [19, 7, 3, 11, 15, 23, 22], [15, 19, 11, 3, 23, 7, 18, 22], [23, 3, 15, 7, 11, 19, 18, 22], [15, 7, 11, 23, 3, 19, 22], [15, 23, 11, 3, 7, 19, 22], [19, 7, 15, 23, 3, 11, 18, 22], [23, 3, 19, 7, 15, 11, 18, 22], [3, 23, 15, 11, 19, 7, 18, 22], [11, 15, 23, 7, 19, 3, 22], [19, 3, 23, 11, 7, 15, 22], [15, 11, 7, 19, 23, 3, 18, 22], [7, 3, 11, 19, 23, 15, 18, 22], [7, 15, 19, 11, 23, 3, 18, 22], [19, 15, 11, 23, 7, 3, 22], [23, 11, 19, 3, 7, 15, 18, 22], [3, 7, 19, 15, 11, 23, 22], [19, 23, 3, 7, 11, 15, 22], [23, 3, 19, 7, 15, 11, 18, 22], [7, 11, 3, 23, 19, 15, 22], [7, 11, 3, 19, 23, 15, 18, 22], [7, 11, 23, 3, 15, 19, 18, 22], [23, 11, 3, 15, 19, 7, 18, 22], [3, 19, 11, 15, 7, 23, 18, 22], [19, 7, 23, 11, 15, 3, 22], [19, 3, 7, 15, 11, 23, 22], [23, 19, 3, 11, 15, 7, 22], [23, 19, 11, 15, 7, 3, 22], [23, 7, 19, 15, 3, 11, 18, 22], [23, 19, 15, 7, 3, 11, 18, 22], [11, 15, 7, 19, 23, 3, 18, 22], [11, 7, 3, 23, 15, 19, 18, 22], [15, 7, 19, 11, 3, 23, 18, 22], [19, 3, 11, 15, 7, 23, 18, 22], [15, 11, 23, 3, 19, 7, 22], [7, 15, 19, 11, 3, 23, 18, 22], [7, 3, 15, 11, 23, 19, 22], [3, 11, 15, 19, 23, 7, 22], [11, 3, 15, 23, 7, 19, 18, 22], [11, 7, 19, 15, 23, 3, 22], [19, 15, 11, 7, 3, 23, 22], [15, 19, 23, 11, 3, 7, 18, 22], [7, 19, 15, 11, 23, 3, 18, 22], [7, 15, 3, 23, 19, 11, 18, 22], [3, 7, 11, 23, 15, 19, 22], [19, 11, 7, 23, 3, 15, 18, 22], [3, 15, 11, 7, 19, 23, 18, 22], [7, 23, 3, 15, 11, 19, 18, 22], [19, 3, 15, 7, 23, 11, 22], [7, 19, 15, 3, 11, 23, 22], [15, 23, 7, 11, 3, 19, 18, 22], [23, 3, 7, 15, 19, 11, 22], [3, 7, 11, 15, 23, 19, 22], [3, 7, 15, 11, 23, 19, 18, 22], [11, 19, 23, 15, 7, 3, 18, 22], [7, 19, 3, 15, 23, 11, 22], [11, 23, 15, 19, 7, 3, 18, 22], [15, 3, 23, 11, 7, 19, 22], [7, 19, 15, 3, 23, 11, 18, 22], [3, 11, 19, 15, 23, 7, 18, 22], [3, 11, 7, 15, 19, 23, 18, 22], [3, 7, 23, 19, 11, 15, 22], [3, 11, 15, 23, 19, 7, 18, 22], [7, 19, 3, 23, 11, 15, 22], [3, 11, 19, 23, 15, 7, 18, 22], [11, 19, 3, 7, 23, 15, 22], [19, 7, 11, 15, 23, 3, 18, 22], [15, 3, 7, 11, 23, 19, 22], [7, 11, 15, 3, 19, 23, 22], [7, 15, 3, 11, 19, 23, 18, 22], [19, 15, 11, 23, 7, 3, 22], [3, 15, 7, 11, 19, 23, 22], [7, 19, 15, 23, 3, 11, 18, 22], [3, 23, 15, 19, 11, 7, 18, 22], [7, 3, 11, 23, 19, 15, 22], [11, 3, 15, 19, 7, 23, 22], [15, 11, 3, 23, 19, 7, 18, 22], [19, 7, 3, 11, 15, 23, 18, 22], [23, 19, 3, 11, 7, 15, 18, 22], [7, 23, 11, 15, 19, 3, 22], [23, 19, 3, 7, 11, 15, 22], [11, 3, 19, 7, 23, 15, 22], [7, 3, 15, 23, 19, 11, 18, 22], [3, 7, 23, 19, 15, 11, 18, 22], [11, 15, 3, 23, 19, 7, 22], [15, 7, 11, 3, 23, 19, 22], [15, 3, 23, 11, 19, 7, 22], [23, 11, 7, 15, 3, 19, 18, 22], [23, 15, 11, 7, 3, 19, 22], [15, 7, 11, 3, 19, 23, 18, 22], [23, 11, 15, 19, 7, 3, 22], [11, 7, 23, 15, 19, 3, 18, 22], [11, 3, 7, 19, 15, 23, 18, 22], [11, 19, 15, 7, 23, 3, 22], [3, 11, 15, 7, 19, 23, 22], [3, 15, 19, 23, 7, 11, 18, 22], [23, 7, 19, 15, 3, 11, 22], [11, 7, 15, 23, 19, 3, 22], [19, 3, 7, 23, 11, 15, 18, 22], [23, 15, 11, 7, 3, 19, 18, 22], [15, 11, 19, 7, 23, 3, 22], [15, 11, 23, 7, 3, 19, 22], [23, 11, 7, 19, 3, 15, 18, 22], [19, 3, 7, 23, 15, 11, 18, 22], [7, 3, 15, 19, 23, 11, 22], [23, 11, 19, 7, 15, 3, 18, 22], [7, 3, 19, 23, 11, 15, 22], [23, 15, 19, 7, 3, 11, 22], [19, 23, 7, 11, 3, 15, 18, 22], [19, 15, 7, 3, 11, 23, 22], [23, 11, 15, 3, 7, 19, 22], [19, 23, 7, 11, 3, 15, 18, 22], [15, 3, 23, 11, 7, 19, 22], [23, 3, 19, 15, 11, 7, 18, 22], [23, 11, 7, 15, 19, 3, 18, 22], [15, 19, 23, 11, 3, 7, 22], [15, 3, 23, 11, 19, 7, 18, 22], [11, 7, 15, 23, 3, 19, 18, 22], [7, 23, 19, 3, 15, 11, 18, 22], [15, 11, 19, 3, 23, 7, 18, 22], [15, 3, 23, 11, 7, 19, 22], [11, 19, 3, 15, 7, 23, 18, 22], [11, 15, 3, 19, 23, 7, 18, 22], [7, 23, 19, 15, 11, 3, 18, 22], [19, 15, 11, 7, 23, 3, 22], [23, 19, 15, 3, 7, 11, 22], [23, 19, 7, 3, 11, 15, 22], [23, 15, 19, 7, 11, 3, 22], [3, 15, 23, 19, 7, 11, 22], [11, 3, 15, 23, 7, 19, 18, 22], [15, 3, 19, 11, 23, 7, 22], [11, 19, 7, 3, 23, 15, 22], [7, 11, 15, 19, 3, 23, 18, 22], [23, 7, 15, 19, 11, 3, 22], [11, 19, 23, 3, 15, 7, 22], [19, 11, 23, 15, 3, 7, 22], [7, 15, 19, 11, 3, 23, 18, 22], [3, 19, 11, 23, 7, 15, 22], [19, 3, 7, 23, 15, 11, 22], [3, 19, 23, 11, 7, 15, 18, 22], [19, 3, 7, 23, 15, 11, 18, 22], [11, 19, 23, 7, 15, 3, 18, 22], [19, 11, 23, 15, 7, 3, 18, 22], [3, 11, 15, 23, 19, 7, 22], [11, 23, 7, 3, 15, 19, 18, 22], [23, 11, 7, 3, 15, 19, 18, 22], [7, 19, 11, 23, 15, 3, 22], [23, 3, 15, 11, 7, 19, 22], [15, 23, 7, 11, 19, 3, 22], [15, 23, 3, 11, 19, 7, 18, 22], [7, 23, 19, 15, 11, 3, 22], [19, 7, 11, 15, 3, 23, 22], [11, 15, 23, 3, 19, 7, 22], [3, 23, 19, 15, 11, 7, 18, 22], [7, 3, 11, 19, 23, 15, 22], [7, 15, 23, 19, 3, 11, 18, 22], [11, 7, 23, 3, 19, 15, 18, 22], [3, 11, 19, 23, 7, 15, 18, 22], [3, 11, 19, 15, 7, 23, 22], [7, 19, 3, 11, 15, 23, 22], [23, 3, 11, 19, 15, 7, 18, 22], [7, 3, 15, 11, 23, 19, 22], [23, 3, 15, 7, 11, 19, 22], [7, 23, 19, 15, 11, 3, 18, 22], [7, 3, 11, 23, 19, 15, 18, 22], [7, 15, 11, 3, 23, 19, 22], [23, 7, 11, 15, 3, 19, 18, 22], [11, 19, 23, 7, 3, 15, 18, 22], [3, 23, 11, 7, 19, 15, 18, 22], [7, 15, 11, 3, 19, 23, 18, 22], [19, 15, 11, 23, 7, 3, 22], [15, 23, 3, 19, 11, 7, 18, 22], [15, 3, 19, 11, 23, 7, 22], [11, 3, 7, 23, 19, 15, 18, 22], [3, 15, 23, 7, 11, 19, 18, 22], [7, 23, 19, 15, 3, 11, 22], [7, 15, 3, 11, 23, 19, 22], [3, 7, 23, 11, 15, 19, 22], [3, 19, 15, 11, 7, 23, 18, 22], [15, 11, 3, 23, 19, 7, 22], [19, 15, 3, 11, 7, 23, 18, 22], [19, 7, 23, 15, 11, 3, 18, 22], [19, 3, 7, 23, 11, 15, 18, 22], [19, 23, 3, 15, 11, 7, 22], [11, 23, 7, 19, 3, 15, 22], [23, 7, 15, 3, 11, 19, 18, 22], [7, 11, 15, 19, 3, 23, 22], [19, 11, 15, 23, 7, 3, 22], [11, 19, 15, 23, 3, 7, 22], [3, 15, 7, 19, 23, 11, 22], [19, 23, 15, 3, 11, 7, 22], [7, 11, 15, 23, 3, 19, 22], [7, 23, 15, 19, 3, 11, 18, 22], [7, 15, 3, 19, 11, 23, 18, 22], [3, 23, 7, 19, 11, 15, 18, 22], [7, 23, 19, 3, 11, 15, 18, 22], [3, 19, 15, 11, 7, 23, 18, 22], [23, 7, 11, 19, 3, 15, 18, 22], [19, 3, 7, 11, 23, 15, 22], [7, 19, 3, 11, 15, 23, 22], [23, 15, 7, 3, 11, 19, 18, 22], [11, 3, 23, 7, 15, 19, 18, 22], [7, 11, 23, 15, 3, 19, 18, 22], [23, 11, 3, 15, 19, 7, 18, 22], [3, 7, 15, 19, 23, 11, 18, 22], [7, 15, 3, 11, 23, 19, 18, 22], [7, 19, 23, 11, 3, 15, 22], [3, 15, 19, 7, 23, 11, 22], [15, 7, 3, 19, 23, 11, 22], [15, 3, 19, 7, 11, 23, 18, 22], [23, 11, 19, 3, 7, 15, 22], [3, 15, 23, 19, 11, 7, 18, 22], [23, 7, 19, 15, 3, 11, 18, 22], [3, 23, 19, 7, 11, 15, 18, 22], [7, 3, 15, 19, 11, 23, 18, 22], [7, 19, 23, 3, 11, 15, 18, 22], [23, 15, 11, 19, 3, 7, 18, 22], [15, 3, 19, 11, 7, 23, 18, 22], [11, 7, 3, 19, 15, 23, 18, 22], [11, 19, 23, 15, 7, 3, 22], [19, 7, 15, 23, 11, 3, 18, 22], [23, 3, 19, 11, 7, 15, 18, 22], [19, 3, 15, 23, 11, 7, 18, 22], [7, 11, 3, 19, 15, 23, 18, 22], [11, 19, 23, 7, 3, 15, 18, 22], [3, 7, 19, 23, 15, 11, 18, 22], [7, 15, 19, 11, 23, 3, 22], [7, 11, 23, 19, 15, 3, 22], [19, 15, 3, 23, 7, 11, 18, 22], [23, 11, 15, 19, 7, 3, 18, 22], [15, 19, 11, 23, 7, 3, 18, 22], [23, 19, 3, 11, 15, 7, 18, 22], [15, 11, 19, 7, 3, 23, 22], [19, 11, 7, 23, 3, 15, 22], [15, 23, 7, 3, 19, 11, 18, 22], [19, 11, 7, 23, 3, 15, 18, 22], [3, 23, 19, 11, 15, 7, 18, 22], [23, 7, 19, 15, 3, 11, 22], [11, 7, 19, 3, 23, 15, 22], [3, 19, 7, 11, 15, 23, 18, 22], [19, 3, 7, 11, 15, 23, 18, 22], [3, 19, 7, 23, 15, 11, 18, 22], [15, 23, 7, 19, 11, 3, 22], [11, 19, 3, 15, 7, 23, 22], [23, 7, 15, 19, 3, 11, 18, 22], [3, 23, 11, 7, 15, 19, 22], [15, 11, 19, 7, 3, 23, 22], [19, 11, 15, 23, 3, 7, 22], [11, 3, 15, 7, 23, 19, 22], [11, 3, 7, 23, 19, 15, 18, 22], [15, 23, 11, 3, 19, 7, 22], [3, 19, 15, 11, 7, 23, 18, 22], [23, 19, 7, 11, 3, 15, 22], [19, 23, 3, 15, 11, 7, 18, 22], [11, 19, 15, 3, 7, 23, 18, 22], [11, 19, 23, 3, 7, 15, 22], [23, 3, 7, 19, 11, 15, 22], [15, 19, 23, 7, 11, 3, 18, 22], [7, 19, 11, 23, 3, 15, 18, 22], [3, 11, 19, 7, 23, 15, 18, 22], [3, 15, 23, 11, 7, 19, 22], [11, 19, 7, 23, 15, 3, 18, 22], [7, 3, 15, 11, 23, 19, 18, 22], [15, 19, 7, 3, 11, 23, 22], [19, 11, 23, 3, 7, 15, 18, 22], [11, 3, 15, 23, 7, 19, 18, 22], [23, 15, 3, 19, 7, 11, 18, 22], [19, 11, 3, 7, 23, 15, 22], [15, 3, 23, 19, 11, 7, 22], [23, 19, 11, 3, 15, 7, 18, 22], [7, 15, 23, 11, 3, 19, 22], [7, 19, 3, 23, 15, 11, 22], [19, 7, 15, 23, 11, 3, 18, 22], [3, 11, 23, 19, 7, 15, 18, 22], [23, 11, 15, 19, 7, 3, 22], [11, 15, 3, 19, 7, 23, 18, 22], [15, 11, 19, 3, 7, 23, 18, 22], [11, 15, 7, 3, 23, 19, 18, 22], [3, 15, 7, 23, 11, 19, 18, 22], [19, 11, 7, 23, 15, 3, 18, 22], [11, 7, 3, 23, 19, 15, 22], [19, 23, 15, 7, 11, 3, 22], [3, 11, 15, 23, 7, 19, 18, 22], [19, 7, 15, 23, 11, 3, 18, 22], [11, 23, 19, 15, 7, 3, 18, 22], [15, 23, 19, 11, 7, 3, 22], [3, 19, 11, 23, 7, 15, 22], [23, 11, 7, 19, 15, 3, 18, 22], [3, 23, 19, 11, 7, 15, 22], [7, 3, 19, 23, 15, 11, 18, 22], [7, 19, 11, 3, 15, 23, 18, 22], [15, 7, 19, 3, 23, 11, 22], [11, 15, 23, 3, 7, 19, 18, 22], [19, 15, 7, 3, 11, 23, 18, 22], [3, 11, 19, 23, 7, 15, 18, 22], [11, 7, 23, 19, 15, 3, 18, 22], [3, 19, 7, 23, 11, 15, 22], [15, 19, 11, 7, 23, 3, 22], [15, 3, 11, 7, 23, 19, 22], [3, 7, 23, 19, 11, 15, 22], [15, 19, 11, 3, 7, 23, 22], [23, 7, 3, 19, 15, 11, 18, 22], [23, 11, 7, 3, 19, 15, 22], [3, 11, 19, 7, 15, 23, 18, 22], [19, 3, 23, 11, 15, 7, 18, 22], [15, 23, 7, 19, 3, 11, 18, 22], [23, 7, 19, 15, 3, 11, 18, 22], [23, 3, 7, 19, 11, 15, 22], [15, 11, 19, 23, 7, 3, 18, 22], [23, 3, 19, 11, 15, 7, 18, 22], [3, 11, 7, 15, 19, 23, 22], [11, 15, 3, 23, 7, 19, 18, 22], [3, 19, 11, 15, 23, 7, 18, 22], [15, 19, 23, 7, 11, 3, 22], [11, 23, 3, 19, 7, 15, 18, 22], [11, 7, 19, 23, 3, 15, 18, 22], [15, 7, 3, 23, 11, 19, 18, 22], [15, 19, 11, 7, 23, 3, 22], [15, 11, 19, 7, 3, 23, 22], [11, 19, 23, 3, 15, 7, 18, 22], [15, 3, 23, 11, 7, 19, 22], [3, 15, 23, 19, 7, 11, 22], [15, 7, 3, 11, 19, 23, 18, 22], [15, 3, 23, 11, 7, 19, 22], [3, 11, 7, 23, 15, 19, 18, 22], [23, 11, 15, 7, 3, 19, 22], [7, 3, 23, 19, 15, 11, 18, 22], [19, 3, 7, 23, 11, 15, 22], [19, 15, 23, 7, 11, 3, 22], [23, 15, 3, 11, 19, 7, 22], [7, 15, 23, 3, 19, 11, 22], [3, 23, 19, 11, 7, 15, 22], [7, 15, 11, 3, 23, 19, 18, 22], [15, 3, 7, 19, 11, 23, 18, 22], [19, 7, 3, 23, 11, 15, 18, 22], [23, 15, 19, 3, 11, 7, 22], [11, 15, 3, 23, 7, 19, 18, 22], [11, 15, 7, 3, 19, 23, 22], [3, 7, 23, 19, 15, 11, 22], [11, 15, 7, 23, 19, 3, 22], [23, 15, 7, 11, 3, 19, 22], [7, 3, 15, 19, 23, 11, 18, 22], [11, 19, 23, 3, 7, 15, 22], [23, 7, 19, 11, 15, 3, 22], [15, 11, 19, 3, 7, 23, 18, 22], [7, 11, 3, 19, 15, 23, 18, 22], [23, 19, 11, 7, 15, 3, 22], [7, 11, 15, 3, 23, 19, 22], [3, 19, 23, 15, 7, 11, 18, 22], [11, 15, 23, 7, 3, 19, 22], [7, 19, 3, 11, 15, 23, 22], [19, 7, 3, 11, 23, 15, 22], [19, 15, 23, 3, 11, 7, 22], [19, 11, 7, 15, 3, 23, 18, 22], [7, 3, 15, 11, 23, 19, 22], [15, 23, 7, 3, 11, 19, 18, 22], [19, 23, 11, 3, 7, 15, 18, 22], [15, 19, 11, 23, 7, 3, 22], [23, 15, 7, 19, 11, 3, 22], [11, 15, 3, 19, 23, 7, 22], [3, 11, 7, 15, 23, 19, 22], [7, 19, 23, 15, 3, 11, 18, 22], [23, 7, 11, 19, 3, 15, 22], [7, 3, 11, 19, 15, 23, 22], [19, 15, 7, 23, 3, 11, 18, 22], [15, 7, 3, 11, 23, 19, 18, 22], [23, 11, 3, 15, 19, 7, 22], [19, 11, 7, 15, 23, 3, 22], [15, 11, 3, 23, 19, 7, 18, 22], [7, 11, 23, 19, 3, 15, 22], [15, 7, 19, 23, 11, 3, 22], [3, 19, 23, 7, 15, 11, 22], [23, 11, 3, 19, 7, 15, 18, 22], [15, 11, 23, 7, 19, 3, 22], [11, 7, 3, 15, 23, 19, 22], [7, 3, 15, 19, 23, 11, 22], [11, 3, 7, 15, 23, 19, 22], [3, 19, 7, 15, 11, 23, 18, 22], [19, 7, 11, 15, 23, 3, 22], [15, 11, 19, 3, 23, 7, 22], [15, 3, 19, 11, 7, 23, 22], [3, 19, 23, 7, 11, 15, 22], [23, 11, 19, 15, 7, 3, 18, 22], [15, 19, 3, 11, 23, 7, 22], [3, 7, 11, 23, 19, 15, 22], [23, 19, 11, 7, 15, 3, 18, 22], [7, 19, 15, 3, 11, 23, 22], [23, 3, 11, 7, 15, 19, 22], [11, 7, 19, 15, 3, 23, 22], [15, 23, 11, 19, 3, 7, 18, 22], [3, 7, 19, 11, 23, 15, 18, 22], [19, 7, 11, 3, 15, 23, 22], [19, 11, 23, 3, 7, 15, 18, 22], [3, 19, 15, 7, 23, 11, 22], [3, 19, 11, 7, 15, 23, 18, 22], [15, 19, 7, 11, 23, 3, 22], [23, 11, 19, 15, 7, 3, 18, 22], [7, 11, 15, 19, 23, 3, 22], [15, 19, 7, 3, 23, 11, 18, 22], [15, 11, 3, 7, 23, 19, 18, 22], [23, 3, 15, 11, 19, 7, 18, 22], [7, 19, 23, 11, 15, 3, 18, 22], [11, 15, 23, 7, 19, 3, 18, 22], [19, 3, 23, 15, 11, 7, 22], [19, 11, 15, 23, 7, 3, 18, 22], [7, 19, 11, 23, 15, 3, 22], [19, 3, 7, 11, 23, 15, 22], [15, 11, 7, 23, 3, 19, 22], [7, 23, 11, 3, 19, 15, 22], [7, 15, 23, 3, 19, 11, 18, 22], [15, 23, 19, 11, 3, 7, 22], [23, 7, 3, 15, 19, 11, 18, 22], [15, 3, 19, 23, 11, 7, 18, 22], [11, 7, 19, 3, 15, 23, 22], [11, 7, 23, 15, 19, 3, 22], [11, 23, 3, 19, 15, 7, 22], [23, 15, 3, 11, 7, 19, 18, 22], [23, 19, 3, 7, 11, 15, 22], [7, 11, 19, 23, 3, 15, 22], [23, 11, 3, 19, 15, 7, 18, 22], [23, 15, 7, 3, 11, 19, 22], [3, 11, 23, 7, 19, 15, 22], [15, 23, 19, 11, 7, 3, 22], [23, 11, 7, 3, 19, 15, 22], [3, 7, 11, 19, 15, 23, 22], [11, 15, 19, 23, 3, 7, 18, 22], [7, 15, 19, 11, 3, 23, 22], [19, 15, 23, 11, 3, 7, 22], [23, 11, 3, 15, 7, 19, 18, 22], [23, 11, 15, 3, 7, 19, 22], [19, 15, 3, 11, 7, 23, 22], [3, 19, 15, 23, 7, 11, 22], [3, 19, 23, 7, 15, 11, 22], [23, 19, 7, 15, 11, 3, 18, 22], [3, 15, 11, 7, 23, 19, 18, 22], [15, 7, 11, 19, 23, 3, 22], [7, 11, 23, 3, 15, 19, 22], [11, 23, 7, 19, 15, 3, 18, 22], [19, 3, 15, 23, 11, 7, 18, 22], [11, 15, 3, 19, 23, 7, 22], [11, 19, 3, 15, 7, 23, 22], [7, 23, 15, 19, 11, 3, 22], [19, 23, 7, 15, 11, 3, 22], [15, 23, 7, 11, 19, 3, 22], [19, 11, 15, 7, 23, 3, 22], [15, 7, 19, 3, 11, 23, 22], [11, 23, 15, 19, 3, 7, 22], [7, 23, 3, 15, 11, 19, 18, 22], [11, 3, 7, 19, 15, 23, 18, 22], [19, 3, 15, 7, 23, 11, 22], [11, 15, 19, 7, 3, 23, 18, 22], [11, 19, 23, 3, 15, 7, 18, 22], [7, 23, 3, 11, 15, 19, 18, 22], [7, 3, 23, 19, 11, 15, 18, 22], [3, 23, 19, 15, 11, 7, 22], [3, 11, 19, 7, 15, 23, 22], [7, 11, 23, 3, 19, 15, 18, 22], [7, 3, 19, 15, 23, 11, 22], [7, 23, 19, 11, 3, 15, 18, 22], [15, 7, 3, 23, 11, 19, 22], [19, 3, 15, 11, 23, 7, 18, 22], [15, 3, 23, 7, 19, 11, 18, 22], [19, 3, 23, 7, 15, 11, 22], [3, 11, 23, 15, 7, 19, 22], [3, 7, 23, 15, 11, 19, 18, 22], [11, 23, 19, 15, 7, 3, 18, 22], [11, 7, 19, 15, 3, 23, 18, 22], [19, 23, 11, 3, 15, 7, 22], [11, 19, 15, 3, 7, 23, 22], [23, 19, 15, 11, 3, 7, 22], [23, 7, 15, 3, 19, 11, 18, 22], [15, 19, 3, 23, 7, 11, 22], [3, 23, 19, 15, 7, 11, 22], [3, 7, 11, 23, 15, 19, 22], [3, 15, 19, 11, 7, 23, 18, 22], [11, 23, 19, 3, 7, 15, 22], [11, 15, 23, 19, 3, 7, 18, 22], [11, 3, 7, 19, 15, 23, 22], [11, 7, 3, 19, 15, 23, 18, 22], [3, 11, 19, 15, 23, 7, 22], [19, 15, 7, 23, 3, 11, 22], [23, 19, 7, 11, 15, 3, 22, 18, 24], [11, 15, 19, 7, 3, 23, 18, 22, 21], [19, 15, 7, 3, 23, 11, 18, 22, 21], [19, 7, 15, 3, 23, 11, 18, 22, 21], [15, 19, 3, 23, 7, 11, 18, 22, 21], [11, 3, 23, 15, 19, 7, 22, 18, 24], [15, 23, 11, 3, 7, 19, 18, 22, 20], [11, 19, 23, 15, 3, 7, 18, 22, 21], [3, 23, 15, 11, 7, 19, 22, 20], [15, 7, 19, 11, 23, 3, 22, 18, 24], [7, 11, 3, 15, 19, 23, 18, 22, 21], [11, 19, 15, 23, 7, 3, 18, 22, 17], [3, 7, 23, 11, 15, 19, 22, 18, 17], [19, 23, 15, 11, 3, 7, 22, 17], [19, 3, 7, 11, 15, 23, 22, 20], [3, 7, 15, 11, 19, 23, 18, 22, 20], [7, 15, 23, 19, 3, 11, 18, 22, 17], [19, 7, 15, 11, 23, 3, 22, 20], [7, 11, 3, 15, 23, 19, 22, 18, 21], [19, 3, 23, 7, 15, 11, 18, 22, 17], [23, 19, 15, 3, 11, 7, 22, 18, 21], [15, 19, 7, 11, 3, 23, 18, 22, 20], [23, 7, 15, 11, 3, 19, 22, 18, 21], [7, 15, 3, 19, 23, 11, 18, 22, 17], [11, 15, 7, 19, 23, 3, 18, 22, 21], [7, 23, 15, 11, 3, 19, 22, 20], [19, 3, 7, 23, 11, 15, 22, 17], [19, 23, 3, 7, 15, 11, 22, 18, 24], [15, 11, 19, 23, 7, 3, 18, 22, 24], [23, 3, 15, 7, 19, 11, 22, 18, 21], [11, 23, 7, 15, 19, 3, 18, 22, 20], [23, 11, 19, 3, 7, 15, 18, 22, 17], [11, 15, 3, 23, 7, 19, 18, 22, 20], [19, 15, 7, 11, 3, 23, 22, 20], [23, 3, 19, 7, 15, 11, 22, 20], [15, 7, 11, 3, 23, 19, 18, 22, 17], [3, 15, 7, 23, 19, 11, 18, 22, 24], [3, 15, 23, 19, 11, 7, 20, 22], [15, 7, 3, 19, 11, 23, 22, 18, 21], [3, 19, 7, 23, 11, 15, 22, 17], [15, 3, 7, 19, 11, 23, 22, 20], [15, 23, 3, 7, 11, 19, 22, 18, 17], [7, 19, 15, 23, 11, 3, 22, 20], [15, 19, 3, 11, 23, 7, 18, 22, 21], [23, 3, 11, 15, 7, 19, 22, 17], [7, 19, 3, 11, 23, 15, 18, 22, 21], [15, 19, 23, 11, 7, 3, 18, 22, 20], [15, 7, 23, 19, 3, 11, 22, 17], [11, 19, 3, 15, 7, 23, 22, 18, 21], [23, 15, 19, 3, 7, 11, 18, 22, 17], [11, 15, 23, 19, 7, 3, 22, 17], [11, 7, 23, 3, 15, 19, 18, 22, 24], [23, 7, 15, 3, 19, 11, 22, 18, 17], [11, 3, 23, 7, 15, 19, 21, 18, 22], [19, 3, 15, 11, 23, 7, 22, 20], [19, 23, 15, 11, 3, 7, 22, 18, 24], [23, 19, 11, 15, 7, 3, 22, 17], [7, 15, 19, 11, 23, 3, 22, 17], [11, 7, 15, 23, 3, 19, 18, 22, 20], [7, 15, 23, 19, 3, 11, 18, 22, 13, 24], [3, 7, 11, 23, 19, 15, 18, 22, 21], [7, 11, 3, 23, 15, 19, 22, 18, 24], [11, 23, 7, 3, 19, 15, 18, 22, 21], [15, 11, 7, 3, 19, 23, 22, 18, 17], [7, 19, 23, 11, 3, 15, 22, 20], [3, 19, 11, 15, 7, 23, 18, 22, 24], [19, 7, 23, 3, 15, 11, 18, 22, 17], [23, 7, 11, 3, 15, 19, 18, 22, 17], [23, 11, 15, 7, 3, 19, 18, 22, 20], [11, 3, 7, 19, 23, 15, 22, 18, 20], [23, 19, 15, 7, 3, 11, 18, 22, 24], [11, 3, 19, 15, 7, 23, 22, 18, 17], [19, 7, 3, 11, 15, 23, 18, 24, 22], [15, 23, 3, 7, 19, 11, 22, 18, 24], [11, 7, 3, 19, 23, 15, 18, 24, 22], [23, 7, 11, 15, 19, 3, 18, 22, 20], [7, 19, 11, 15, 3, 23, 22, 20], [23, 19, 3, 7, 15, 11, 22, 20], [3, 23, 19, 11, 15, 7, 18, 22, 21], [23, 11, 15, 3, 19, 7, 22, 18, 24], [15, 3, 19, 23, 11, 7, 22, 18, 24], [11, 23, 19, 3, 15, 7, 22, 20], [11, 19, 23, 15, 7, 3, 18, 22, 24], [19, 23, 3, 7, 11, 15, 18, 22, 21], [23, 15, 19, 11, 3, 7, 22, 17], [23, 11, 7, 19, 15, 3, 18, 22, 21], [3, 7, 23, 19, 15, 11, 21, 18, 22], [15, 23, 11, 19, 7, 3, 22, 17], [3, 19, 7, 15, 23, 11, 22, 20], [23, 11, 15, 19, 3, 7, 18, 22, 20], [7, 15, 3, 11, 19, 23, 22, 17], [15, 11, 7, 3, 23, 19, 22, 18, 17], [7, 23, 15, 3, 19, 11, 22, 18, 17], [11, 23, 15, 19, 7, 3, 18, 22, 20], [19, 15, 23, 11, 7, 3, 18, 22, 21], [3, 11, 15, 23, 7, 19, 18, 24, 22], [19, 7, 11, 15, 23, 3, 22, 20], [11, 7, 19, 15, 3, 23, 18, 22, 20], [23, 15, 11, 7, 19, 3, 18, 22, 21], [3, 19, 23, 15, 11, 7, 22, 18, 21], [19, 15, 23, 7, 11, 3, 18, 22, 24], [11, 7, 3, 15, 23, 19, 18, 22, 21], [23, 11, 3, 19, 15, 7, 22, 18, 17], [7, 23, 19, 3, 11, 15, 18, 22, 24], [11, 19, 23, 3, 15, 7, 22, 18, 17], [19, 15, 7, 11, 23, 3, 18, 22, 17], [7, 23, 19, 3, 11, 15, 18, 22, 24], [23, 15, 7, 19, 11, 3, 22, 17], [19, 15, 11, 23, 7, 3, 18, 22, 20], [3, 11, 19, 23, 15, 7, 22, 17], [19, 23, 15, 7, 11, 3, 22, 20], [3, 7, 11, 19, 23, 15, 18, 22, 20], [19, 15, 7, 23, 3, 11, 18, 22, 20], [3, 19, 23, 7, 11, 15, 18, 22, 17], [7, 3, 11, 15, 19, 23, 22, 17], [15, 7, 23, 11, 3, 19, 18, 22, 24], [7, 23, 11, 3, 15, 19, 22, 18, 20], [3, 11, 15, 19, 23, 7, 22, 18, 24], [19, 15, 3, 23, 7, 11, 18, 24, 22], [3, 23, 15, 11, 19, 7, 22, 17], [19, 3, 15, 7, 23, 11, 22, 20], [15, 7, 19, 3, 11, 23, 22, 17], [23, 19, 11, 3, 7, 15, 18, 22, 21], [15, 23, 19, 3, 11, 7, 22, 20], [19, 23, 7, 11, 15, 3, 18, 22, 24], [7, 15, 19, 23, 3, 11, 22, 20], [23, 3, 19, 15, 7, 11, 22, 18, 24], [3, 19, 7, 11, 23, 15, 22, 18, 17], [19, 11, 23, 3, 7, 15, 18, 22, 21], [19, 3, 23, 11, 15, 7, 18, 22, 21], [3, 7, 11, 23, 15, 19, 22, 18, 20], [19, 11, 3, 23, 7, 15, 18, 22, 20], [3, 7, 23, 15, 19, 11, 18, 22, 20], [23, 7, 15, 19, 3, 11, 18, 22, 21], [3, 19, 15, 11, 7, 23, 18, 21, 22], [15, 3, 11, 7, 19, 23, 22, 20], [3, 19, 15, 23, 7, 11, 22, 20], [11, 19, 23, 15, 3, 7, 18, 22, 17], [11, 15, 7, 3, 23, 19, 22, 17], [11, 19, 23, 7, 3, 15, 18, 22, 21], [23, 19, 3, 15, 11, 7, 22, 17], [11, 19, 7, 15, 23, 3, 22, 18, 21], [7, 19, 15, 3, 11, 23, 18, 22, 21], [15, 11, 7, 23, 3, 19, 22, 20], [15, 23, 19, 7, 11, 3, 18, 22, 21], [15, 11, 7, 19, 23, 3, 22, 18, 21], [3, 7, 19, 23, 11, 15, 18, 22, 17], [19, 7, 23, 11, 15, 3, 22, 17], [11, 3, 7, 19, 23, 15, 18, 22, 21], [23, 11, 19, 15, 7, 3, 22, 20], [7, 19, 15, 11, 3, 23, 22, 18, 21], [19, 7, 23, 11, 3, 15, 22, 18, 20], [23, 3, 19, 7, 11, 15, 18, 22, 21], [3, 19, 23, 7, 15, 11, 18, 22, 24], [15, 11, 3, 7, 19, 23, 18, 22, 17], [15, 19, 11, 7, 23, 3, 18, 22, 20], [23, 11, 7, 19, 15, 3, 18, 22, 17], [23, 7, 11, 15, 3, 19, 18, 22, 20], [23, 15, 11, 7, 19, 3, 22, 20], [3, 11, 15, 7, 19, 23, 22, 20], [15, 7, 3, 23, 11, 19, 22, 20], [23, 19, 7, 3, 15, 11, 18, 24, 22], [23, 15, 3, 7, 11, 19, 22, 20], [11, 7, 23, 3, 15, 19, 22, 18, 24], [7, 23, 11, 3, 15, 19, 18, 22, 24], [11, 7, 3, 23, 15, 19, 18, 22, 17], [11, 7, 3, 23, 15, 19, 18, 22, 20], [15, 19, 3, 7, 23, 11, 18, 22, 24], [23, 3, 11, 19, 15, 7, 22, 17], [11, 3, 7, 15, 19, 23, 18, 22, 24], [19, 15, 11, 7, 23, 3, 18, 22, 17], [3, 19, 7, 11, 15, 23, 17, 24, 14, 22], [23, 19, 3, 15, 11, 7, 18, 22, 21], [7, 19, 23, 11, 15, 3, 18, 22, 17], [23, 3, 11, 15, 7, 19, 22, 20], [23, 3, 19, 7, 15, 11, 18, 21, 22], [3, 7, 19, 11, 23, 15, 22, 18, 17], [11, 7, 3, 23, 19, 15, 18, 22, 20], [3, 19, 11, 7, 23, 15, 18, 22, 24], [15, 23, 11, 7, 19, 3, 22, 18, 17], [19, 23, 7, 11, 15, 3, 18, 22, 20], [11, 7, 19, 15, 3, 23, 18, 22, 24], [19, 15, 11, 7, 3, 23, 22, 18, 20], [7, 19, 15, 11, 3, 23, 22, 18, 20], [7, 23, 15, 11, 19, 3, 18, 22, 24], [7, 23, 19, 3, 11, 15, 18, 22, 21], [11, 15, 19, 7, 23, 3, 18, 22, 20], [15, 7, 11, 19, 3, 23, 22, 18, 20], [23, 19, 11, 3, 7, 15, 18, 22, 20], [7, 19, 23, 15, 3, 11, 22, 17], [19, 7, 3, 11, 15, 23, 18, 22, 24], [3, 11, 7, 23, 19, 15, 18, 22, 21], [15, 7, 11, 19, 3, 23, 22, 17], [15, 23, 19, 11, 7, 3, 18, 22, 20], [7, 19, 11, 15, 23, 3, 18, 22, 17], [19, 23, 11, 7, 15, 3, 18, 22, 20], [15, 11, 19, 3, 7, 23, 22, 20], [15, 7, 11, 3, 19, 23, 22, 17], [23, 15, 3, 19, 11, 7, 22, 17], [15, 3, 7, 23, 19, 11, 22, 18, 17], [15, 19, 11, 23, 7, 3, 18, 22, 24], [7, 23, 19, 15, 3, 11, 22, 17], [23, 19, 7, 11, 3, 15, 20, 14, 24, 6, 22], [3, 23, 7, 19, 15, 11, 18, 22, 17], [15, 7, 11, 23, 19, 3, 22, 20], [15, 19, 3, 11, 23, 7, 18, 22, 24], [15, 11, 23, 7, 19, 3, 22, 18, 21], [11, 7, 19, 3, 23, 15, 22, 18, 20], [15, 11, 23, 19, 3, 7, 18, 24, 22], [23, 15, 11, 3, 7, 19, 22, 18, 17], [15, 11, 23, 3, 19, 7, 22, 17], [23, 11, 3, 19, 7, 15, 18, 22, 24], [19, 3, 11, 23, 7, 15, 18, 22, 20], [19, 11, 23, 3, 15, 7, 22, 18, 17], [3, 7, 23, 15, 19, 11, 22, 17], [23, 11, 7, 3, 15, 19, 18, 22, 24], [3, 23, 15, 11, 19, 7, 18, 22, 21], [15, 23, 11, 3, 7, 19, 22, 17], [7, 3, 19, 11, 15, 23, 21, 18, 22], [19, 23, 3, 15, 11, 7, 22, 18, 20], [11, 23, 7, 19, 3, 15, 22, 20], [19, 11, 7, 15, 23, 3, 22, 18, 24], [19, 3, 15, 23, 7, 11, 18, 22, 24], [19, 3, 15, 23, 11, 7, 18, 22, 24], [23, 3, 15, 11, 7, 19, 24, 18, 22], [11, 23, 15, 7, 19, 3, 22, 18, 17], [15, 11, 23, 7, 19, 3, 22, 20], [7, 23, 19, 11, 15, 3, 22, 17], [11, 19, 3, 23, 15, 7, 18, 22, 24], [7, 23, 11, 15, 3, 19, 18, 22, 24], [15, 7, 19, 23, 3, 11, 22, 18, 17], [19, 15, 23, 3, 7, 11, 18, 22, 20], [19, 3, 11, 7, 15, 23, 22, 17], [11, 19, 23, 7, 15, 3, 18, 22, 24], [23, 19, 15, 11, 7, 3, 22, 17], [19, 23, 11, 3, 15, 7, 22, 20], [23, 11, 7, 15, 19, 3, 18, 22, 17], [15, 23, 3, 11, 7, 19, 22, 20], [15, 23, 7, 19, 3, 11, 21, 18, 22], [23, 11, 7, 3, 19, 15, 22, 17], [11, 23, 15, 19, 7, 3, 22, 18, 20], [19, 15, 7, 23, 3, 11, 18, 22, 21], [23, 7, 19, 11, 15, 3, 18, 22, 17], [3, 15, 11, 7, 23, 19, 22, 20], [3, 15, 11, 19, 7, 23, 18, 24, 22], [19, 11, 3, 15, 23, 7, 22, 17], [23, 19, 3, 7, 11, 15, 18, 22, 17], [15, 11, 19, 23, 3, 7, 22, 18, 17], [23, 7, 3, 11, 19, 15, 22, 18, 21], [23, 3, 19, 11, 7, 15, 18, 22, 21], [11, 3, 7, 23, 19, 15, 18, 22, 24], [15, 19, 3, 11, 7, 23, 22, 18, 24], [19, 11, 23, 7, 3, 15, 22, 18, 17], [3, 15, 7, 23, 19, 11, 18, 22, 24], [3, 23, 7, 11, 15, 19, 22, 18, 17], [23, 7, 11, 3, 15, 19, 22, 17], [11, 15, 23, 19, 3, 7, 18, 22, 21], [7, 11, 3, 15, 23, 19, 18, 22, 17], [11, 23, 15, 7, 19, 3, 18, 22, 17], [19, 15, 23, 11, 3, 7, 22, 18, 20], [23, 3, 7, 11, 15, 19, 18, 22, 17], [23, 11, 15, 7, 3, 19, 18, 22, 17], [3, 19, 11, 15, 23, 7, 22, 18, 21], [23, 11, 7, 15, 3, 19, 18, 22, 17], [19, 23, 3, 15, 11, 7, 18, 22, 17], [11, 7, 3, 15, 23, 19, 18, 22, 20], [7, 15, 11, 19, 23, 3, 22, 17], [19, 23, 7, 3, 11, 15, 22, 18, 24], [11, 23, 19, 3, 7, 15, 22, 20], [11, 3, 7, 23, 15, 19, 18, 22, 24], [11, 15, 19, 7, 3, 23, 18, 22, 20], [19, 3, 7, 15, 23, 11, 20, 13, 21, 14, 6, 22], [15, 7, 19, 23, 11, 3, 18, 22, 21], [11, 19, 7, 3, 23, 15, 18, 22, 24], [23, 15, 7, 19, 3, 11, 22, 20], [3, 23, 15, 19, 11, 7, 22, 20], [23, 11, 3, 7, 19, 15, 22, 18, 17], [23,