{"problem_id":"NrhQ2FFoeRDuDmA","sigma":75,"alpha":0.100,"cost":1,"probabilities":"[0.48, 0.21, 0.3, 0.01]","payoff_matrix":"[[-170, -25, 47, -7, -32, 135], [53, 75, -28, 3, -55, -13], [-39, -131, 125, -123, 21, 66], [-111, 54, 78, -68, -28, -92]]","uncovered":[[5,17,9,1,21,13,11,23],[21,9,13,17,5,1,11,23],[5,17,13,9,21,1,11,23],[21,17,9,1,5,13,11,23],[1,17,5,9,13,21,23],[13,21,17,1,9,5,11,23],[5,1,9,21,13,19,17,23],[17,9,5,21,1,13,11,23],[13,21,17,1,9,5,22],[21,17,13,1,9,5,23],[1,5,13,9,21,17,23],[13,1,21,17,9,5,11,23],[9,21,5,17,13,1,11,23],[21,1,17,9,13,5,11,23],[5,9,1,17,13,21,11,23],[17,13,9,5,21,1,23],[13,5,1,9,21,17,11,23],[9,5,1,21,17,13,23],[9,5,1,17,21,13,11,23],[21,13,5,17,9,1,23],[9,21,17,5,1,13,23],[17,21,9,1,5,13,23],[13,9,17,5,21,1,11,23],[13,9,17,5,21,1,11,23],[9,17,1,5,13,21,11,23],[1,13,5,17,21,9,11,23],[5,21,1,17,9,13,11,23],[5,17,1,13,9,21,23],[17,5,1,21,9,13,23],[1,13,9,5,17,21,11,23],[17,5,21,13,9,1,11,23],[21,17,5,9,13,1,11,23],[1,5,21,17,9,13,23],[1,9,13,21,5,17,23],[17,5,13,21,9,1,23],[21,9,13,1,17,5,11,23],[5,17,13,9,21,1,11,23],[13,5,9,21,1,17,23],[17,13,21,9,1,5,11,23],[13,17,21,5,1,9,11,23],[1,13,9,5,17,21,23],[5,1,13,21,9,17,23],[1,17,9,5,13,21,23],[21,13,1,9,17,5,23],[21,9,13,5,1,17,12,23],[17,1,13,21,9,5,11,23],[17,1,9,21,13,5,11,23],[5,17,1,9,21,13,11,23],[1,13,5,9,21,17,10],[9,1,5,21,13,17,11,23],[13,1,17,5,21,9,11,23],[1,21,9,13,5,17,23],[1,21,17,5,13,9,11,23],[13,9,5,21,1,17,11,23],[21,1,9,13,17,5,23],[5,13,17,9,1,21,23],[1,21,17,9,13,5,11,23],[21,1,17,5,10,13],[21,13,17,1,9,5,23],[21,5,9,17,1,13,23],[13,9,1,21,17,5,11,23],[21,17,9,5,13,1,23],[9,21,17,13,5,1,10],[17,9,21,13,5,1,11,23],[1,21,17,13,5,9,11,23],[1,9,13,5,17,21,11,23],[5,1,13,21,9,17,11,23],[5,1,17,13,9,21,11,23],[9,13,1,17,21,5,23],[17,13,1,21,9,5,11,23],[13,1,21,17,9,5,11,23],[5,9,21,13,17,1,24,23],[1,17,13,9,5,21,23],[13,5,21,9,1,17,11,23],[13,9,5,17,21,1,12,23],[5,13,21,9,17,1,23],[17,21,1,5,13,9,23],[17,9,13,5,1,21,12,11,23],[17,13,5,21,9,1,23],[1,21,9,5,17,13,11,23],[1,17,13,9,5,21,11,23],[9,5,21,1,13,17,11,23],[21,1,9,17,13,5,23],[9,13,17,1,21,5,23],[5,1,21,17,13,9,11,23],[21,9,13,5,17,1,11,23],[21,5,13,17,1,9,11,23],[1,9,13,21,17,5,11,23],[13,9,21,17,5,1,11,23],[17,1,5,9,13,21,23],[13,1,5,17,9,21,11,23],[5,21,13,9,1,17,11,23],[21,1,10,5,17,13],[21,17,5,9,13,1,23],[9,13,21,5,1,17,23],[21,13,17,1,9,5,23],[13,1,17,5,21,9,11,23],[17,13,21,5,9,1,11,23],[1,9,17,13,5,21,11,23],[13,1,5,17,9,21,11,23],[21,1,5,17,9,13,23],[9,17,1,21,13,5,11,23],[5,1,17,9,13,21,23],[21,1,17,5,9,13,11,23],[9,5,21,17,13,1,11,23],[9,5,1,17,13,21,23],[21,5,17,13,9,1,11,23],[9,13,17,1,5,21,11,23],[9,21,13,1,5,17,11,23],[17,9,1,13,5,21,23],[13,21,1,17,9,5,23],[21,9,17,13,1,5,11,23],[1,9,21,13,17,5,23],[5,1,13,9,21,17,23],[5,21,1,13,9,17,11,23],[21,1,5,20,13,17,9,23],[1,5,13,9,17,21,11,23],[9,17,1,13,5,21,11,23],[17,21,1,9,5,13,11,23],[9,1,17,13,5,21,23],[9,17,13,5,1,21,23],[1,5,13,17,9,21,11,23],[5,13,21,17,9,1,11,23],[1,17,13,21,9,5,11,23],[1,21,5,13,17,9,11,23],[9,5,21,1,13,17,23],[9,1,13,21,17,5,23],[13,17,5,1,9,21,23],[1,9,13,17,5,21,11,23],[5,13,17,1,21,9,11,23],[9,17,21,13,5,1,23],[13,17,21,9,1,5,11,23],[9,21,1,13,17,5,11,23],[1,17,5,9,13,21,11,23],[13,1,5,17,9,21,11,23],[17,1,9,13,5,21,22],[17,5,21,1,13,9,11,23],[5,13,9,17,1,21,11,23],[5,21,17,1,9,13,23],[17,21,5,1,13,9,23],[5,1,17,21,9,13,23],[21,9,13,5,17,1,11,23],[21,1,13,9,17,5,11,23],[9,21,13,17,5,1,23],[1,21,5,9,17,13,23],[17,21,1,9,13,5,11,23],[5,1,21,17,13,9,23],[17,9,21,13,1,5,11,23],[17,13,9,1,21,5,11,23],[9,17,13,21,1,5,23],[17,1,21,13,5,9,23],[1,5,9,13,17,21,23],[9,5,21,13,17,1,23],[17,9,13,5,1,21,11,23],[17,5,21,1,13,9,23],[1,5,21,17,9,13,11,23],[13,1,9,5,17,21,23],[1,5,21,17,9,13,11,23],[21,17,13,1,5,9,11,23],[9,1,5,17,13,21,11,23],[13,9,17,21,1,5,23],[9,21,13,17,1,5,12,11,23],[17,5,21,9,1,13,23],[5,21,9,17,13,1,23],[1,21,5,17,13,9,11,23],[13,9,1,5,21,17,23],[13,9,17,21,1,5,11,23],[1,21,9,13,17,5,23],[1,9,5,21,17,13,23],[1,13,17,5,9,21,11,23],[13,9,17,1,5,21,22],[1,5,13,17,9,21,11,23],[9,17,13,21,5,1,11,23],[9,21,13,5,1,17,23],[17,5,21,1,9,13,22],[9,5,21,17,1,13,23],[1,9,17,13,21,5,23],[13,17,5,1,21,9,11,23],[5,1,17,13,21,9,23],[17,13,9,1,21,5,11,23],[21,5,17,1,13,9,11,23],[9,21,17,13,5,1,23],[9,17,5,13,1,21,23],[1,21,17,9,13,5,23],[1,17,9,5,21,13,11,23],[9,1,13,17,21,5,11,23],[1,21,5,17,9,13,23],[5,1,21,9,17,13,11,23],[9,17,1,21,5,13,23],[5,9,21,17,1,13,23],[17,13,5,21,9,1,23],[1,9,13,5,21,17,11,23],[21,9,5,13,1,17,23],[9,21,1,13,17,5,23],[21,9,13,5,1,17,23],[1,17,5,9,21,13,23],[5,13,9,1,21,17,23],[13,21,5,9,1,17,23],[9,1,17,13,5,21,11,23],[1,5,21,17,9,13,23],[9,13,21,17,1,5,23],[5,13,21,1,17,9,23],[17,5,1,9,21,13,11,23],[17,1,5,13,21,9,11,23],[1,5,13,17,9,21,11,23],[21,17,1,13,9,5,23],[1,9,17,21,5,13,11,23],[13,21,17,9,5,1,11,23],[21,9,5,17,13,1,12,11,23],[21,9,1,13,17,5,23],[21,9,17,13,1,5,12,23],[5,17,21,13,9,1,11,23],[17,21,5,1,9,13,24,11,23],[9,21,5,13,1,17,23],[13,17,5,1,9,21,11,23],[21,16,9,1,17,5,13,23],[17,9,5,1,21,13,23],[17,5,1,21,13,9,11,23],[21,9,17,13,5,1,23],[13,5,17,1,21,9,11,23],[5,17,1,21,13,9,11,23],[5,1,17,21,9,13,11,23],[5,1,17,9,21,13,11,23],[13,1,17,9,5,21,23],[21,13,17,9,5,1,10],[1,5,17,9,13,21,23],[13,9,5,17,21,1,23],[5,13,21,1,17,9,23],[9,17,5,1,13,21,23],[21,1,5,13,9,17,11,23],[1,9,21,17,13,5,23],[13,21,1,17,9,5,11,23],[21,5,13,9,3,17,23],[13,1,21,17,9,5,11,23],[9,13,5,17,1,21,11,23],[9,1,21,13,5,17,11,23],[9,1,13,5,17,21,23],[13,17,21,1,9,5,11,23],[17,9,5,21,1,13,23],[21,1,13,9,17,5,11,23],[9,21,1,13,5,17,23],[1,17,21,9,5,13,23],[5,9,21,17,13,1,11,23],[5,1,9,13,17,21,11,23],[9,13,1,5,21,17,23],[21,17,5,1,13,9,11,23],[9,21,5,13,1,17,23],[1,9,5,21,17,13,11,23],[1,9,13,5,21,17,23],[17,9,5,21,13,1,23],[9,1,17,5,13,21,23],[5,17,13,1,21,9,11,23],[1,5,13,21,9,17,11,23],[9,13,17,5,1,21,23],[5,9,1,13,17,21,23],[5,9,1,17,21,13,23],[17,1,13,5,21,9,11,23],[21,1,17,13,9,5,23],[21,9,13,17,5,1,11,23],[9,5,21,17,13,1,23],[1,13,17,5,21,9,23],[5,9,17,21,1,13,23],[1,5,13,9,17,21,11,23],[5,17,9,13,1,21,23],[5,21,17,1,9,13,23],[21,5,9,13,1,17,11,23],[17,1,9,21,5,13,23],[1,21,17,9,5,13,23],[21,17,1,13,9,5,11,23],[21,5,9,1,13,17,23],[5,21,1,9,17,13,23],[13,5,9,1,17,21,23],[17,1,13,5,21,9,23],[5,17,9,13,21,1,23],[13,21,1,9,5,17,23],[9,17,1,5,13,21,23],[21,17,5,9,13,1,23],[17,9,21,5,1,13,11,23],[1,5,13,17,21,9,23],[5,1,17,9,13,21,23],[13,5,21,1,9,17,23],[13,17,1,21,9,5,23],[13,5,9,1,17,21,11,23],[21,5,17,13,1,9,23],[5,17,1,13,21,9,11,23],[21,17,5,9,13,1,11,23],[9,17,1,5,13,21,22],[13,5,9,21,1,17,23],[9,13,1,21,17,5,11,23],[9,5,13,1,21,17,11,23],[9,21,1,13,17,5,23],[5,13,1,17,9,21,11,23],[13,1,17,5,21,9,23],[13,5,21,1,9,17,11,23],[5,13,21,1,17,9,11,23],[21,17,5,1,13,9,23],[5,13,9,1,21,17,23],[5,21,1,13,17,9,11,23],[5,21,13,1,9,17,23],[13,1,17,21,5,9,11,23],[9,17,5,13,21,1,11,23],[21,1,17,9,13,5,11,23],[5,9,17,1,21,13,11,23],[21,5,1,9,13,17,23],[21,1,13,9,17,5,23],[9,1,5,13,21,17,23],[17,1,13,9,21,5,11,23],[21,13,1,5,17,9,11,23],[21,1,17,5,9,13,23],[5,9,21,17,13,1,23],[1,9,17,13,21,5,11,23],[17,21,13,5,9,1,23],[9,13,17,1,21,5,11,23],[1,9,21,13,17,5,11,23],[17,5,13,21,1,9,23],[13,9,21,1,5,17,23],[17,9,1,21,5,13,12,23],[17,9,21,1,13,5,11,23],[5,21,13,9,1,17,11,23],[17,1,9,5,21,13,11,23],[1,21,13,17,9,5,23],[21,13,1,5,9,17,11,23],[9,21,17,13,1,5,23],[5,1,9,13,21,17,11,23],[5,9,21,17,13,1,23],[17,21,13,9,1,5,11,23],[13,9,17,5,1,21,11,23],[9,21,5,1,17,13,23],[1,9,5,13,21,17,11,23],[9,21,13,1,5,17,11,23],[17,9,21,1,5,13,11,23],[9,13,1,5,21,17,23],[13,17,9,21,5,1,23],[5,9,21,1,17,13,23],[1,17,13,21,9,5,23],[21,13,9,5,1,17,23],[9,13,17,1,21,5,23],[21,5,13,1,17,9,11,23],[1,9,17,5,21,13,11,23],[5,21,17,1,9,13,11,23],[21,17,1,5,9,13,11,23],[13,21,1,17,5,9,11,23],[1,5,17,9,21,13,11,23],[5,13,21,9,1,17,23],[5,13,1,17,9,21,11,23],[1,5,9,17,13,21,11,23],[21,17,9,13,5,1,23],[21,5,17,9,13,1,11,23],[9,5,1,13,17,21,23],[9,1,5,21,13,17,11,23],[1,21,13,5,9,17,23],[5,1,21,13,17,9,24,11,23],[9,21,5,13,1,17,23],[9,21,1,13,5,17,23],[9,17,1,21,5,13,23],[9,13,17,1,21,5,23],[17,9,5,21,13,1,23],[17,21,1,13,5,9,11,23],[13,1,17,5,21,9,23],[13,21,17,1,5,9,11,23],[17,21,5,13,1,9,11,23],[9,13,5,1,17,21,23],[9,5,13,21,1,17,11,23],[1,13,9,5,21,17,11,23],[13,17,1,21,9,5,11,23],[13,1,21,5,9,17,11,23],[17,13,21,1,9,5,23],[21,17,5,1,14,9,13,11,23],[17,1,5,13,9,21,23],[21,17,13,1,5,9,23],[17,21,9,13,1,5,23],[1,21,9,5,17,13,23],[13,9,5,17,21,1,11,23],[17,9,1,21,13,5,11,23],[9,5,21,17,1,13,11,23],[9,1,13,21,17,5,23],[5,13,9,17,21,1,23],[13,21,17,9,5,1,23],[1,17,13,5,21,9,11,23],[5,1,9,13,21,17,23],[5,1,17,13,21,9,11,23],[9,21,13,17,1,5,23],[17,9,1,5,21,13,11,23],[21,5,13,17,1,9,23],[5,21,9,17,13,1,11,23],[9,21,13,17,1,5,11,23],[5,1,9,17,21,13,23],[1,13,21,9,17,5,23],[5,9,17,21,1,13,11,23],[1,9,13,21,5,17,11,23],[21,5,1,9,13,17,23],[13,17,1,5,9,21,11,23],[17,21,13,9,1,5,11,23],[13,5,1,21,9,17,11,23],[1,5,13,9,17,21,10],[1,9,21,13,17,5,11,23],[9,17,1,13,5,21,23],[9,21,17,1,13,5,11,23],[9,13,1,21,17,5,24,23],[17,21,9,1,13,5,11,23],[1,5,17,9,13,21,23],[5,13,21,17,9,1,23],[13,5,9,21,1,17,23],[13,17,5,9,21,1,11,23],[13,21,9,5,17,1,23],[21,13,1,5,17,9,23],[13,9,5,21,17,1,11,23],[17,1,13,21,5,9,11,23],[17,9,21,1,5,13,24,11,23],[13,5,17,9,21,1,11,23],[17,9,5,13,1,21,23],[13,1,17,5,9,21,11,23],[13,9,5,17,21,1,11,23],[9,21,17,5,1,13,23],[13,21,17,5,9,1,23],[5,1,13,9,17,21,11,23],[17,9,5,1,13,21,11,23],[13,17,1,21,9,5,23],[5,17,13,21,1,9,23],[9,21,5,17,1,13,23],[1,9,17,5,13,21,23],[17,5,1,9,21,13,23],[21,1,5,9,13,17,23],[5,1,9,17,21,13,11,23],[17,21,5,9,1,13,11,23],[9,17,1,21,13,5,23],[1,17,9,13,5,21,23],[21,5,9,1,13,17,23],[13,17,21,1,5,9,23],[9,17,13,5,21,1,23],[21,5,17,9,13,1,11,23],[21,1,17,5,13,9,23],[9,1,13,5,17,21,11,23],[21,5,9,1,13,17,23],[9,1,5,13,21,17,11,23],[21,5,17,13,1,9,11,23],[21,9,5,17,13,1,23],[5,13,17,21,1,9,10],[13,1,17,21,5,9,11,23],[9,5,21,1,17,13,11,23],[21,5,9,1,13,17,23],[17,1,21,5,9,13,23],[5,13,1,9,21,17,11,23],[9,1,5,21,17,13,23],[1,9,17,13,5,21,23],[1,17,13,5,9,21,23],[13,9,1,17,5,21,23],[21,5,1,17,9,13,11,23],[1,9,13,21,17,5,11,23],[17,1,21,5,9,13,24,23],[21,13,9,5,17,1,23],[5,1,9,21,13,17,23],[5,17,1,21,9,13,11,23],[9,17,5,1,13,21,23],[17,1,5,13,9,21,11,23],[17,1,21,9,13,5,11,23],[5,21,1,13,9,17,23],[21,1,5,9,17,13,23],[17,5,13,9,1,21,11,23],[1,9,5,17,13,21,11,23],[9,13,17,5,21,1,11,23],[1,9,17,21,13,5,11,23],[9,1,17,13,21,5,23],[9,13,1,21,17,5,23],[5,9,21,13,1,17,23],[17,9,1,13,21,5,23],[17,21,13,5,1,9,23],[5,21,1,9,13,17,23],[21,9,1,17,13,5,23],[21,1,9,5,17,13,23],[5,17,9,13,21,1,10],[5,13,1,9,21,17,11,23],[9,21,17,1,5,13,23],[5,17,1,21,13,9,11,23],[1,17,5,9,21,13,11,23],[5,1,9,21,13,17,23],[17,5,9,13,21,1,11,23],[9,21,5,13,1,17,11,23],[1,9,5,21,17,13,23],[13,17,5,1,9,21,23],[21,13,1,9,17,5,23],[13,17,9,1,5,21,23],[1,5,21,9,17,13,11,23],[9,17,1,21,13,5,11,23],[17,21,9,13,5,1,11,23],[13,17,21,9,1,5,12,23],[5,17,13,9,1,21,23],[13,5,21,17,9,1,23],[5,1,17,9,13,21,11,23],[13,5,17,21,9,1,23],[5,9,13,1,17,21,23],[17,9,21,5,1,13,23],[13,17,21,1,9,5,11,23],[21,13,1,9,5,17,23],[5,1,17,21,9,13,11,23],[9,13,17,21,5,1,11,23],[1,13,9,17,21,5,11,23],[1,17,13,9,5,21,22],[5,1,17,9,13,21,11,23],[13,21,17,5,1,9,11,23],[9,1,13,17,21,5,11,23],[21,9,5,17,13,1,11,23],[21,1,13,9,17,5,11,23],[5,13,21,9,19,1,17,11,23],[17,21,1,9,5,13,23],[17,5,9,13,21,1,23],[5,21,13,17,1,9,11,23],[5,13,17,9,21,1,23],[1,5,9,21,13,17,22],[5,17,13,9,1,21,23],[13,9,17,5,1,21,11,23],[13,9,21,17,1,5,23],[17,13,21,4,9,1,5,11,23],[5,13,17,9,21,1,11,23],[5,9,1,21,17,13,23],[1,9,5,13,21,17,23],[5,21,13,9,17,1,24,23],[13,5,1,9,21,17,11,23],[5,21,1,17,9,13,11,23],[17,21,9,13,5,1,23],[13,9,17,21,1,5,12,23],[5,21,1,17,9,13,22],[1,17,21,13,9,5,11,23],[5,21,9,17,13,1,23],[5,9,13,17,21,1,11,23],[9,1,13,21,17,5,11,23],[17,1,5,21,13,9,23],[5,13,9,21,1,17,11,23],[1,5,9,13,17,21,23],[1,5,21,13,9,17,23],[5,21,13,17,1,9,23],[13,17,9,5,21,1,23],[13,1,21,9,17,5,23],[1,17,5,13,21,9,12,23],[17,9,5,1,13,21,23],[21,9,17,1,13,5,23],[1,13,17,21,9,5,11,23],[13,9,21,5,17,1,24,23],[13,9,21,1,17,5,23],[21,9,5,13,17,1,23],[9,13,21,5,1,17,10],[17,13,9,5,1,21,23],[9,13,21,17,5,1,23],[9,21,13,5,1,17,23],[9,1,17,5,13,21,23],[17,9,13,21,5,1,11,23],[13,1,9,21,5,17,12,23],[5,17,9,1,21,13,23],[13,5,1,17,21,9,11,23],[13,1,5,21,9,17,11,23],[13,1,17,21,5,9,23],[5,21,13,1,17,9,11,23],[9,1,5,17,13,21,11,23],[9,21,5,17,1,13,11,23],[21,13,9,1,5,17,23],[21,5,9,17,1,13,23],[21,1,5,17,9,13,23],[9,13,21,5,1,17,23],[9,17,5,21,1,13,23],[1,13,17,5,9,21,23],[9,1,21,17,5,13,11,23],[5,9,21,1,17,13,11,23],[21,5,13,9,17,1,11,23],[9,13,1,17,21,5,11,23],[21,9,5,13,17,1,23],[9,13,21,17,1,5,11,23],[13,9,21,1,17,5,11,23],[21,5,13,1,17,9,23],[5,17,1,21,13,9,23],[5,21,9,13,17,1,11,23],[5,1,21,17,9,13,11,23],[5,13,17,1,9,21,11,23],[9,17,21,13,5,1,23],[5,21,1,18,9,13,11,23],[9,1,5,13,21,17,23],[9,21,17,5,13,1,11,23],[5,17,1,9,13,21,23],[9,1,21,17,13,5,11,23],[21,17,5,1,9,13,11,23],[13,9,1,5,21,17,11,23],[9,5,13,21,1,17,11,23],[9,1,13,21,5,17,23],[17,13,9,1,5,21,11,23],[9,1,21,13,5,17,23],[21,9,17,13,5,1,23],[13,21,5,1,9,17,23],[9,5,17,1,13,21,23],[21,13,9,17,1,5,11,23],[21,17,13,1,5,9,23],[5,21,9,17,1,13,23],[9,1,5,17,13,21,23],[21,5,17,9,13,1,11,23],[17,21,1,5,13,9,23],[9,17,5,21,13,1,11,23],[13,21,17,1,9,5,11,23],[13,21,5,9,17,1,11,23],[9,17,21,13,1,5,23],[9,1,17,21,13,5,23],[17,9,1,21,13,5,23],[17,9,13,5,21,1,11,23],[5,17,13,21,1,9,23],[1,5,13,9,17,21,23],[13,21,9,1,5,17,24,11,23],[5,21,13,1,9,17,11,23],[21,5,13,9,1,17,23],[21,1,17,9,13,5,23],[9,13,17,21,1,5,23],[5,21,17,1,9,13,23],[13,9,21,5,17,1,11,23],[1,21,9,5,17,13,23],[9,1,5,13,21,17,11,23],[9,1,21,5,17,13,11,23],[1,21,17,5,9,13,23],[5,17,13,21,1,9,23],[9,13,1,21,5,17,11,23],[13,5,9,1,17,21,11,23],[21,17,13,1,9,5,23],[5,9,21,17,13,1,11,23],[13,5,21,17,9,1,12,11,23],[5,21,1,17,13,9,11,23],[17,1,13,9,5,21,23],[5,1,9,21,13,17,11,23],[17,9,13,1,5,21,11,23],[21,17,5,9,13,1,23],[21,17,5,1,9,13,23],[13,21,5,1,17,9,11,23],[1,17,9,13,21,5,11,23],[13,21,17,1,9,5,23],[1,17,9,13,5,21,23],[5,9,1,21,13,17,11,23],[9,5,1,13,21,17,23],[5,17,9,21,13,1,11,23],[5,1,13,17,21,9,23],[5,17,1,21,9,13,11,23],[1,5,21,13,17,9,22,11,23],[1,21,13,9,17,5,23],[13,1,17,21,9,5,11,23],[13,9,5,21,1,17,11,23],[5,17,9,13,21,1,11,23],[5,1,9,13,21,17,23],[9,1,21,17,13,5,23],[5,17,21,13,9,1,23],[17,5,21,13,1,9,23],[1,13,21,5,17,9,23],[17,5,1,9,13,21,11,23],[17,1,21,13,9,5,23],[9,13,5,17,1,21,11,23],[21,1,17,9,5,13,23],[13,9,21,1,5,17,11,23],[13,1,9,5,17,21,23],[13,17,1,9,5,21,11,23],[13,21,1,5,9,17,23],[21,5,13,9,17,1,11,23],[21,9,13,1,17,5,23],[13,1,9,5,21,17,23],[9,5,17,13,1,21,23],[5,9,13,17,1,21,23],[5,1,13,21,17,9,11,23],[17,1,13,21,5,9,23],[9,17,13,21,1,5,23],[17,1,13,9,5,21,23],[21,9,5,1,13,17,23],[17,13,21,9,1,5,23],[13,9,5,17,21,1,23],[17,21,5,9,1,13,11,23],[9,21,17,5,1,13,11,23],[9,5,1,21,17,13,11,23],[17,21,13,5,1,9,23],[17,5,21,1,9,13,10],[21,5,9,17,13,1,23],[9,21,1,13,17,5,11,23],[17,21,1,9,13,5,23],[13,9,1,21,8,5,17,11,23],[13,17,1,9,5,21,23],[21,13,5,17,1,9,23],[1,17,9,5,13,21,11,23],[1,13,5,17,9,21,22],[13,21,17,1,5,9,23],[5,21,17,13,9,1,23],[21,5,17,9,13,1,11,23],[13,5,17,1,21,9,23],[1,9,21,5,17,13,11,23],[5,1,9,17,21,13,11,23],[13,21,17,1,9,5,23],[21,9,17,5,13,1,23],[1,21,5,19,13,9,17,11,23],[1,17,21,5,13,9,11,23],[1,5,21,13,9,17,23],[5,1,21,17,9,13,11,23],[13,5,17,21,9,1,23],[1,9,5,17,13,21,23],[13,21,5,17,9,1,23],[5,13,21,1,9,17,23],[1,5,17,9,21,13,12,23],[13,21,9,1,5,17,11,23],[9,21,1,13,5,17,22],[5,1,13,9,17,21,23],[17,21,5,9,1,13,24,23],[21,5,1,17,13,9,23],[5,9,17,1,13,21,11,23],[21,5,13,17,9,1,11,23],[17,13,21,1,5,9,23],[1,13,17,21,5,9,22],[17,13,21,5,9,1,11,23],[1,9,21,17,5,13,11,23],[13,17,9,1,5,21,23],[13,9,17,1,5,21,11,23],[17,1,21,5,9,13,23],[5,13,17,21,9,1,23],[13,5,21,9,1,17,24,11,23],[17,5,21,1,9,13,11,23],[21,17,13,5,9,1,11,23],[1,21,9,13,5,17,11,23],[21,17,5,1,13,9,11,23],[9,17,1,5,21,13,23],[21,17,9,13,5,1,23],[1,9,5,13,17,21,11,23],[1,21,9,17,5,13,11,23],[1,5,21,13,17,9,23],[17,21,13,5,1,9,11,23],[17,5,21,9,13,1,11,23],[1,9,5,21,17,13,23],[21,5,1,9,17,13,11,23],[17,5,21,13,1,9,23],[1,21,13,17,9,5,23],[21,9,5,1,17,13,11,23],[1,17,5,9,13,21,23],[9,1,17,21,13,5,23],[21,9,13,5,1,17,23],[17,1,5,9,21,13,23],[1,17,21,5,9,13,11,23],[5,1,17,9,21,13,23],[21,13,1,9,17,5,23],[1,9,5,21,17,13,23],[13,1,5,17,21,9,11,23],[21,5,9,1,13,17,23],[5,13,17,9,1,21,23],[1,21,13,17,5,9,23],[5,21,17,13,9,1,11,23],[17,1,13,5,21,9,11,23],[5,21,13,9,1,17,11,23],[1,9,17,21,5,13,23],[21,5,17,1,9,13,23],[17,1,9,5,21,13,23],[5,9,1,13,21,17,11,23],[17,9,21,5,1,13,11,23],[21,17,5,9,1,13,11,23],[9,17,5,1,21,13,23],[21,5,13,17,9,1,23],[21,1,13,5,9,17,23],[21,13,1,17,5,9,11,23],[21,13,1,9,5,17,11,23],[9,5,17,1,13,21,23],[17,1,21,9,5,13,23],[21,13,1,5,17,9,11,23],[9,1,21,17,13,5,11,23],[9,1,13,17,21,5,11,23],[5,1,13,17,21,9,11,23],[21,17,9,13,5,1,12,11,23],[13,17,21,1,9,5,11,23],[17,13,21,1,9,5,23],[17,1,21,5,13,9,11,23],[17,13,21,1,9,5,11,23],[9,5,1,13,21,17,11,23],[17,9,1,5,13,21,11,23],[17,13,9,21,5,1,23],[13,17,21,1,5,9,11,23],[17,5,9,1,21,13,11,23],[17,5,1,21,13,9,11,23],[13,21,9,1,5,17,12,23],[1,17,9,21,5,13,23],[21,9,13,17,1,5,23],[13,5,21,17,1,9,11,23],[13,5,17,1,21,9,23],[13,21,9,1,5,17,23],[21,9,1,13,5,17,11,23],[9,5,17,13,21,1,11,23],[1,13,21,5,9,17,23],[1,17,21,13,9,5,11,23],[9,5,21,17,1,13,11,23],[9,13,1,5,17,21,11,23],[5,13,1,21,9,17,23],[13,21,17,1,5,9,11,23],[9,1,13,5,17,21,23],[21,9,5,13,17,1,11,23],[21,5,13,1,9,17,11,23],[5,21,1,13,17,9,11,23],[9,21,13,5,17,1,11,23],[21,13,1,9,17,5,23],[17,5,13,1,21,9,23],[9,13,5,21,1,17,11,23],[5,9,17,21,13,1,23],[13,21,5,17,1,9,23],[1,9,13,5,17,21,11,23],[17,1,5,13,21,9,23],[5,9,21,1,13,17,23],[17,9,21,1,5,13,11,23],[21,1,13,9,17,5,11,23],[13,17,21,1,9,5,24,23],[13,5,17,9,21,1,24,11,23],[17,1,21,5,13,9,23],[13,1,21,17,9,5,11,23],[5,9,1,21,13,17,11,23],[13,1,17,21,5,9,11,23],[17,9,5,13,1,21,23],[13,17,21,9,1,5,23],[21,13,17,9,5,1,23],[9,5,13,1,17,21,11,23],[5,21,9,1,13,17,11,23],[13,9,5,1,21,17,23],[17,21,1,5,13,9,11,23],[5,1,9,21,13,17,23],[9,5,13,21,17,1,23],[17,13,5,1,21,9,11,23],[21,17,1,13,9,5,23],[1,9,17,13,21,5,11,23],[21,1,17,5,13,9,23],[5,9,1,21,13,17,23],[21,13,9,17,1,5,23],[1,5,13,17,9,21,11,23],[1,21,5,13,9,17,23],[21,9,5,13,1,17,23],[5,13,9,17,1,21,11,23],[9,5,21,13,1,17,11,23],[21,9,5,13,1,17,11,23],[21,17,13,1,9,5,11,23],[17,21,5,1,9,13,23],[17,13,5,1,21,9,11,23],[5,1,13,17,9,21,23],[1,17,21,13,5,9,11,23],[1,9,21,5,13,17,23],[9,13,21,17,1,5,11,23],[1,13,17,21,9,5,23],[5,9,21,1,13,17,23],[9,17,5,21,13,1,23],[21,1,13,17,9,5,23],[1,13,17,21,5,9,11,23],[9,13,1,17,5,21,11,23],[13,9,21,5,1,17,11,23],[9,21,1,17,5,13,11,23],[9,21,5,1,13,17,24,23],[5,21,17,9,13,1,23],[5,17,9,13,1,21,11,23],[17,21,9,13,1,5,11,23],[21,17,9,1,5,13,23],[5,9,1,21,13,17,11,23],[17,9,1,21,13,5,11,23],[13,5,21,17,9,1,11,23],[17,13,1,21,9,5,11,23],[9,21,17,13,5,1,11,23],[17,5,1,21,9,13,11,23],[13,1,9,17,5,21,10],[13,9,5,17,1,21,11,23],[13,9,1,17,5,21,23],[13,17,1,9,21,5,23],[5,21,13,9,1,17,11,23],[1,5,21,13,17,9,23],[9,5,17,13,1,21,11,23],[21,9,13,1,17,5,11,23],[13,9,1,17,5,21,23],[17,5,1,9,13,21,23],[13,5,21,17,1,9,23],[21,9,17,1,5,13,23],[13,1,21,17,5,9,23],[5,17,21,13,1,9,11,23],[5,13,17,9,1,21,11,23],[5,13,17,1,9,21,23],[1,5,9,17,13,21,11,23],[9,17,5,21,1,13,11,23],[21,5,1,17,9,13,22],[5,17,9,1,21,13,22],[17,9,1,13,5,21,23],[9,1,17,21,13,5,11,23],[9,13,1,21,5,17,23],[17,21,1,5,13,9,11,23],[1,9,17,21,5,13,22],[13,9,17,1,5,21,24,11,23],[13,5,9,17,1,21,22],[9,1,17,21,5,13,11,23],[1,17,21,13,9,5,11,23],[5,9,1,13,21,17,23],[17,1,13,21,9,5,23],[17,5,9,13,21,1,23],[5,21,9,1,13,17,23],[17,13,5,21,9,1,11,23],[5,21,1,13,17,9,23],[13,17,9,5,1,21,23],[17,5,13,21,1,9,24,11,23],[9,1,13,21,6,5,17,11,23],[1,17,5,21,13,9,23],[17,5,9,13,21,1,23],[21,9,1,13,5,17,11,23],[17,13,5,9,21,1,23],[9,17,1,21,13,5,11,23],[17,5,13,9,1,21,11,23],[5,1,13,21,17,9,23],[13,17,5,9,21,1,23],[13,9,17,5,21,1,23],[21,13,9,1,17,5,11,23],[17,5,1,9,13,21,23],[9,5,17,21,1,13,23],[1,17,9,5,21,13,23],[5,9,21,17,13,1,23],[21,13,1,17,9,5,11,23],[1,13,17,9,5,21,23],[5,17,9,21,13,1,23],[13,21,9,1,17,5,23],[9,1,5,13,21,17,23],[21,13,5,9,17,1,23],[1,21,17,5,9,13,23],[21,13,9,17,1,5,11,23],[9,13,17,5,21,1,11,23],[1,9,13,5,21,17,23],[1,9,13,17,21,5,23],[1,17,5,13,9,21,11,23],[9,1,21,13,17,5,10],[5,1,9,21,17,13,11,23],[13,1,5,9,17,21,11,23],[9,5,1,21,13,17,23],[5,13,9,21,17,1,11,23],[21,9,17,5,1,13,11,23],[1,21,17,13,5,9,11,23],[5,9,1,17,21,13,11,23],[21,17,13,5,9,1,11,23],[5,17,21,1,9,13,23],[13,1,17,21,5,9,23],[13,21,9,5,17,1,23],[13,9,1,17,5,21,23],[21,13,1,5,9,17,23],[9,21,1,13,5,17,11,23],[5,21,9,1,13,17,23],[1,13,9,21,5,17,11,23],[13,1,5,17,21,9,23],[9,5,13,17,1,21,23],[17,13,9,21,1,5,12,11,23],[5,1,17,21,13,9,23],[9,21,1,13,17,5,11,23],[13,17,5,1,21,9,11,23],[17,9,21,5,13,1,10],[13,1,17,5,9,21,11,23],[17,5,1,21,13,9,23],[17,13,5,21,9,1,11,23],[5,1,9,13,21,17,23],[13,1,21,17,5,9,23],[17,5,9,13,1,21,23],[5,1,9,21,17,13,23],[5,13,1,17,9,21,11,23],[17,13,9,5,1,21,11,23],[21,13,9,17,6,5,1,11,23],[9,13,1,21,17,5,11,23],[21,9,1,5,13,17,23],[1,13,9,17,5,21,11,23],[9,5,1,13,21,17,23],[9,1,17,21,5,13,11,23],[21,5,9,17,3,13,23],[13,1,17,9,5,21,23],[17,1,9,21,13,5,11,23],[13,21,5,17,1,9,11,23],[5,13,9,1,17,21,11,23],[9,13,21,5,1,17,11,23],[13,5,9,21,1,17,11,23],[13,17,1,9,5,21,11,23],[17,9,21,13,5,1,11,23],[5,17,1,13,9,21,11,23],[5,21,9,1,17,13,23],[5,13,1,21,9,17,11,23],[9,21,17,1,5,13,11,23],[13,21,5,17,1,9,23],[1,21,9,17,13,5,11,23],[9,17,1,13,21,5,23],[5,13,1,21,17,9,23],[1,13,17,9,21,5,23],[1,9,21,13,5,17,11,23],[21,9,5,13,17,1,11,23],[1,9,21,13,5,17,12,23],[13,5,17,1,21,9,23],[1,21,13,9,17,5,23],[9,17,13,1,21,5,23],[9,5,17,21,13,1,11,23],[13,17,9,1,21,5,23],[5,1,21,9,13,17,23],[5,1,13,17,9,21,23],[17,5,21,9,1,13,23],[17,13,21,1,9,5,11,23],[13,17,5,21,9,1,11,23],[1,21,5,9,13,17,23],[1,9,13,21,17,5,23],[13,17,21,9,1,5,23],[17,21,9,13,5,1,22,11,23],[5,21,1,13,17,9,22,11,23],[5,9,17,21,13,1,24,23],[21,5,17,13,9,1,23],[5,9,1,17,21,13,11,23],[21,1,5,9,17,13,23],[1,9,17,21,13,5,11,23],[13,21,17,1,9,5,11,23],[1,9,17,21,5,13,12,11,23],[5,21,9,13,1,17,23],[21,5,9,13,17,1,11,23],[9,17,1,13,5,21,23]],"n_human":11}