{"problem_id":"NrhQ2FFoeRDuDmA","sigma":75,"alpha":0.100,"cost":0,"probabilities":"[0.48, 0.21, 0.3, 0.01]","payoff_matrix":"[[-170, -25, 47, -7, -32, 135], [53, 75, -28, 3, -55, -13], [-39, -131, 125, -123, 21, 66], [-111, 54, 78, -68, -28, -92]]","uncovered":[[13,5,9,17,21,1,11,23,10,22],[1,13,9,17,21,5,23,10,18,7],[5,17,21,1,9,13,11,23,22,10],[9,13,5,1,17,21,23,11,22,10],[17,9,13,1,21,5,11,23,10,22],[17,1,21,9,5,13,23,10],[13,1,17,5,21,9,11,23,22,10],[21,1,17,5,13,9,11,23,22,10],[13,5,17,21,1,9,11,23,10,22],[9,5,21,13,17,1,23,12,11,22,10],[13,1,5,17,9,21,23,11,10,24,22],[13,17,1,9,21,5,11,23,10,22],[21,5,17,1,13,9,11,23,10,22,14],[5,21,9,17,1,13,11,23,10,22],[17,21,1,5,13,9,23,11,10,24,22],[13,5,1,17,21,9,23,11,10,22],[21,9,17,13,5,1,23,11,22,10],[21,13,5,1,9,17,23,10,19,4],[5,13,1,17,21,9,11,23,22,10],[9,5,1,21,17,13,23,10],[1,5,17,21,13,9,23,10,15,8],[13,9,5,17,1,21,11,23,10,22],[1,5,9,21,13,17,23,11,22,10],[13,21,5,1,17,9,23,10,2,18],[13,1,5,9,21,17,22,11,23,10],[5,21,17,13,1,9,11,23,22,10],[17,13,9,5,21,1,23,11,10,22],[1,21,9,5,13,17,11,23,22,10],[17,13,9,5,1,21,23,11,22,10],[17,13,9,5,1,21,11,23,22,10],[21,13,9,1,5,17,11,23,22,10,8],[9,5,1,17,21,13,23,11,10,22],[5,1,21,17,9,13,23,12,11,22,10],[13,17,9,21,1,5,23,11,22,10,7],[1,5,9,17,13,21,11,23,10,22],[1,21,5,13,17,9,23,10,24,12],[5,21,13,9,17,1,23,10],[9,17,13,21,5,1,23,11,22,10],[17,13,21,1,5,9,11,23,22,10],[1,9,5,17,13,21,11,23,10,22],[21,13,17,1,9,5,23,12,11,10,22],[1,5,17,21,9,13,11,23,22,10],[9,13,21,1,5,17,23,11,10,24,22],[5,13,17,9,1,21,11,23,22,10],[13,5,9,21,17,1,11,23,10,22],[1,21,9,13,17,5,11,23,22,10],[5,13,21,17,9,1,23,10],[21,9,5,17,13,1,11,23,22,10],[13,5,21,9,17,1,11,23,22,10],[17,21,9,1,5,13,11,23,22,10],[1,9,13,17,5,21,23,12,10],[5,13,21,1,9,17,11,23,10,22],[5,21,13,17,1,9,11,23,10,22],[1,9,17,5,13,21,23,10],[5,13,21,17,1,9,11,23,22,10,14],[17,9,5,21,1,13,11,23,22,10],[5,17,21,9,13,1,23,11,22,10],[9,5,13,21,1,17,11,23,22,10],[1,21,13,17,5,9,23,12,10],[1,9,21,17,13,5,11,23,22,10],[9,21,13,5,1,17,11,23,22,10],[5,17,1,9,21,13,23,12,11,22,10],[1,17,5,9,21,13,11,23,22,10,20],[9,13,5,1,21,17,23,11,22,10],[9,21,17,1,13,5,11,23,22,10],[13,5,1,17,21,9,23,11,10,22],[1,9,21,17,5,13,11,23,22,10],[21,13,9,5,1,17,11,23,22,10],[9,21,5,1,13,17,23,12,11,22,10],[21,13,17,1,5,9,11,23,10,22],[1,5,21,17,13,9,23,11,10,22],[21,17,1,9,13,5,11,23,22,10],[1,13,9,5,17,21,11,23,10,22],[21,13,5,9,1,17,11,23,10,22],[13,17,5,21,1,9,23,10],[5,17,21,9,1,13,23,12,11,22,10],[17,1,13,9,21,5,11,23,22,10],[9,13,21,1,5,17,11,23,22,10],[1,9,13,21,5,17,23,12,10,22],[21,9,17,5,1,13,11,23,22,10,16],[5,17,13,9,1,21,23,12,10,4,19],[5,13,21,9,1,17,11,23,22,10],[5,17,9,1,13,21,11,23,10,22],[5,9,1,13,17,21,11,23,10,24,22],[13,17,9,21,5,1,11,23,22,10],[9,13,17,5,1,21,23,11,22,10,2],[1,13,21,17,5,9,23,12,10,2,19,20],[9,21,5,1,17,13,23,12,11,10,22],[21,9,17,13,1,5,23,12,11,22,10],[1,17,5,13,21,9,11,23,10,22,18],[9,21,1,5,17,13,23,12,11,10,22],[13,21,9,5,1,17,11,23,10,22],[9,17,1,5,21,13,11,23,22,10],[5,1,9,13,17,21,23,11,10,22,12],[17,5,9,21,13,1,23,12,11,22,10],[9,21,13,1,5,17,11,23,10,22],[1,13,5,9,21,17,23,11,22,10],[17,1,13,5,9,21,23,11,22,10],[5,1,17,13,21,9,11,23,22,10],[5,21,9,1,17,13,11,23,22,10],[1,9,17,5,13,21,11,23,22,10],[9,21,17,13,5,1,23,11,22,10],[17,13,5,9,21,1,11,23,10,22],[13,21,1,9,5,17,23,11,10,22],[5,13,9,21,17,1,23,11,22,10],[21,17,13,5,9,1,11,23,22,10],[17,1,13,9,21,5,11,23,10,22],[21,13,5,17,9,1,11,23,10,22],[9,13,5,17,21,1,23,11,22,10],[1,13,9,5,21,17,11,23,22,10],[21,13,5,1,9,17,11,23,10,22],[13,5,9,17,21,1,23,10,14],[17,13,9,1,5,21,23,12,11,22,10],[13,21,5,17,1,9,11,23,22,10],[5,21,13,17,1,9,23,11,22,10],[1,9,13,5,21,17,11,23,10,22],[1,9,5,13,21,17,23,10],[5,1,17,21,13,9,23,11,22,10],[5,17,13,9,1,21,11,23,10,22],[17,5,21,9,13,1,11,23,10,22],[21,17,13,1,9,5,11,23,10,22],[13,17,5,9,21,1,23,11,10,22],[9,1,13,17,21,5,23,11,10,22],[5,13,21,1,9,17,23,12,10,3],[13,21,1,5,9,17,23,10,4],[17,21,13,1,5,9,11,23,22,10],[21,5,9,1,17,13,11,23,10,22],[21,13,9,1,5,17,11,23,22,10],[1,21,17,9,13,5,23,10,3],[1,21,17,13,9,5,11,23,22,10],[17,13,21,5,9,1,11,23,22,10],[13,5,9,1,21,17,23,10],[9,5,13,17,1,21,11,23,22,10,4,8],[1,17,5,9,21,13,23,11,22,10],[21,9,5,1,17,13,23,12,11,22,10],[13,21,1,5,9,17,11,23,22,10],[17,13,9,1,5,21,23,12,11,10,22,18],[5,1,21,13,17,9,11,23,10,22],[21,1,9,17,13,5,11,23,22,10],[13,17,5,1,9,21,11,23,10,22],[17,13,1,5,21,9,11,23,10,22],[9,17,13,1,21,5,11,23,22,10],[21,13,17,9,5,1,11,23,10,22],[1,21,5,13,17,9,11,23,10,22],[1,13,17,9,5,21,11,23,22,10],[17,1,5,9,13,21,23,10,22],[13,5,1,9,17,21,11,23,22,10],[9,21,13,17,1,5,10,23],[13,1,21,5,17,9,11,23,22,10],[17,9,13,1,5,21,11,23,10,22],[9,21,17,13,5,1,11,23,22,10],[13,5,21,9,1,17,23,11,22,10],[5,1,9,17,21,13,23,11,10,22],[1,17,5,9,13,21,11,23,10,22],[1,5,17,9,21,13,11,23,22,10],[17,9,5,13,1,21,11,23,10,22],[17,1,5,21,13,9,23,11,10,22],[17,13,1,9,5,21,23,12,10],[5,9,21,17,13,1,23,11,22,10],[21,9,5,1,17,13,11,23,10,22],[9,13,1,21,17,5,23,11,22,10],[9,13,17,1,21,5,11,23,22,10],[9,1,5,17,21,13,23,11,10,22],[9,5,1,17,13,21,23,11,22,10],[17,21,9,13,5,1,11,23,10,22],[17,1,5,13,9,21,11,23,10,22,18],[17,13,9,5,21,1,11,23,10,22],[17,5,9,1,13,21,11,23,22,10],[21,13,17,1,9,5,11,23,10,22],[5,17,21,1,9,13,23,10,8],[9,17,21,13,1,5,23,11,22,10],[21,13,1,9,17,5,11,23,10,22],[21,17,13,1,5,9,23,10,7,12],[9,17,21,5,1,13,11,23,10,22,24],[1,5,17,21,9,13,22,11,23,10],[9,5,13,17,21,1,11,23,22,10],[13,1,17,21,9,5,23,11,22,10],[13,5,1,9,17,21,23,12,11,22,10],[21,9,1,5,13,17,11,23,10,22,12],[17,9,13,21,5,1,11,23,10,22],[9,13,5,1,17,21,11,23,22,10],[1,13,21,9,5,17,23,12,11,22,10],[13,21,5,1,9,17,11,23,10,22],[21,9,5,17,1,13,11,23,10,22],[9,21,1,5,13,17,11,23,10,22],[21,13,5,17,9,1,23,12,11,22,10],[17,13,9,5,1,21,11,23,10,22],[9,21,5,17,1,13,23,12,11,22,10],[1,9,5,13,17,21,11,23,10,22],[13,1,17,9,21,5,23,11,22,10],[13,9,17,21,1,5,23,12,11,22,10],[13,21,9,1,17,5,11,23,22,10],[17,1,5,9,13,21,23,11,22,10,15],[21,17,5,13,1,9,11,23,22,10],[13,17,9,21,5,1,23,11,22,10],[17,21,1,13,5,9,11,23,10,22],[1,17,21,5,9,13,23,12,11,22,10],[13,17,21,5,9,1,23,12,10],[21,1,17,13,5,9,23,10],[21,1,13,17,5,9,11,23,10,22],[5,17,1,13,9,21,23,12,10,6,19],[9,17,1,13,5,21,11,23,10,22],[17,9,21,1,13,5,23,11,10,22],[17,9,1,21,13,5,11,23,22,10],[5,21,17,13,1,9,11,23,22,10],[21,9,5,13,17,1,11,23,10,22],[17,5,21,1,13,9,23,11,22,10],[17,13,21,5,9,1,11,23,22,10],[1,13,21,5,17,9,11,23,22,10],[21,17,13,1,5,9,23,12,11,10,22],[9,13,17,1,21,5,23,12,10,2],[5,9,13,21,17,1,23,10],[5,17,1,21,13,9,11,23,10,22,15],[5,9,13,21,1,17,11,23,22,10],[17,1,5,13,21,9,11,23,22,10],[9,17,1,13,21,5,11,23,10,22,19],[13,17,21,1,9,5,23,11,10,22],[1,5,17,13,21,9,11,23,10,22],[13,21,17,1,9,5,11,23,22,10,2],[1,5,21,9,13,17,11,23,22,10],[21,9,1,17,5,13,11,23,22,10],[17,13,5,1,21,9,23,11,22,10],[13,1,9,21,17,5,11,23,22,10],[17,9,21,13,5,1,23,12,10,2,3],[9,21,13,17,5,1,11,23,22,10],[1,13,17,21,9,5,11,23,10,22],[13,9,21,5,1,17,11,23,10,22],[9,13,21,5,1,17,11,23,22,10,20],[1,5,17,21,9,13,23,11,22,10,4],[5,17,13,21,9,1,11,23,10,22],[1,5,21,17,13,9,11,23,22,10],[9,13,5,17,21,1,23,11,22,10],[21,5,13,1,17,9,23,11,10,22],[9,21,17,5,13,1,11,23,22,10],[21,5,1,9,13,17,11,23,10,22],[13,17,21,5,1,9,11,23,10,22],[5,13,17,1,21,9,11,23,22,10],[1,5,21,9,17,13,11,23,22,10],[5,21,9,17,13,1,11,23,22,10],[5,9,17,1,13,21,11,23,22,10],[13,1,17,9,5,21,11,23,10,22],[21,13,1,17,5,9,23,11,22,10],[17,13,1,5,21,9,11,23,22,10,4],[21,17,13,5,9,1,23,12,10,2],[21,13,5,9,17,1,11,23,22,10],[1,9,13,5,21,17,23,12,11,22,10],[17,1,9,21,13,5,23,12,11,22,10],[9,13,21,17,5,1,23,12,11,22,10],[13,1,9,21,5,17,23,11,22,10],[17,5,13,21,1,9,23,10,2],[21,9,1,17,13,5,23,10],[21,17,9,13,5,1,11,23,10,22],[17,5,13,9,1,21,11,23,22,10],[5,17,1,9,13,21,23,10,2],[13,21,9,17,1,5,11,23,22,10],[21,5,1,9,17,13,23,10],[13,17,5,9,21,1,23,12,11,22,10],[5,9,21,17,1,13,11,23,10,22],[9,1,5,21,17,13,11,23,22,10],[5,9,13,17,21,1,11,23,22,10],[21,17,1,13,9,5,23,11,22,10,24],[13,1,9,17,5,21,11,23,10,22],[13,1,5,9,17,21,11,23,10,22],[5,1,9,17,13,21,23,12,11,22,10],[9,1,13,21,5,17,23,11,10,22],[9,21,5,13,1,17,23,11,22,10],[1,5,13,17,21,9,11,23,22,10,24],[5,21,9,13,1,17,11,23,22,10],[5,13,9,21,17,1,11,23,10,22],[5,13,9,1,17,21,11,23,10,22],[9,5,1,13,21,17,22,11,23,10],[21,13,9,1,5,17,23,10,7,24],[17,9,5,21,13,1,23,11,22,10],[9,21,1,13,5,17,11,23,10,22],[21,13,5,9,1,17,11,23,10,22,14],[13,17,1,9,21,5,11,23,22,10],[9,5,17,13,21,1,11,23,22,10],[5,1,17,21,13,9,11,23,10,22,16,14,2],[13,17,1,9,5,21,11,23,22,10],[5,17,13,9,21,1,11,23,22,10],[21,13,9,5,17,1,11,23,10,22],[9,21,17,5,1,13,11,23,22,10],[13,9,5,1,17,21,10,23,19],[1,21,13,17,9,5,11,23,10,24,22,15],[1,5,21,9,13,17,23,12,11,10,22],[21,5,17,1,13,9,11,23,22,10],[1,17,21,13,9,5,23,12,11,22,10],[17,5,1,9,13,21,11,23,10,22],[9,13,21,17,5,1,23,12,11,10,22],[13,21,5,17,1,9,11,23,22,10],[13,1,17,9,21,5,23,11,22,10],[21,5,13,1,17,9,23,10,18],[9,5,21,13,17,1,23,11,10,22],[9,5,21,13,1,17,23,10],[1,5,21,9,13,17,11,23,22,10],[5,13,9,1,21,17,11,23,10,22],[13,17,9,1,5,21,23,11,10,22],[1,17,13,5,21,9,23,10],[5,9,13,1,17,21,11,23,22,10],[5,1,17,13,9,21,23,11,10,22],[9,5,1,13,17,21,11,23,10,22],[9,17,13,5,21,1,11,23,10,22],[9,17,5,21,13,1,11,23,22,10],[1,9,21,17,13,5,11,23,10,22],[21,17,5,1,9,13,23,11,10,22,7],[13,21,1,5,9,17,11,23,22,10],[1,13,9,17,5,21,11,23,10,22],[5,9,21,13,17,1,23,12,11,10,22],[5,17,13,1,21,9,23,10],[1,17,5,13,9,21,23,12,10],[1,9,21,13,5,17,23,12,10,2,3],[9,5,21,1,13,17,11,23,10,22,2],[17,5,9,1,13,21,23,10,19,12,11,22],[17,21,9,1,5,13,23,12,11,10,22],[17,21,9,5,13,1,23,12,10],[13,1,5,21,9,17,23,11,10,22],[9,1,21,17,5,13,23,11,10,22],[17,13,21,1,5,9,23,12,11,22,10],[1,17,13,5,21,9,11,23,22,10],[1,21,5,17,9,13,11,23,10,22,14],[17,5,21,9,13,1,11,23,10,22],[9,13,17,5,21,1,11,23,22,10],[5,21,9,17,1,13,23,11,10,22],[17,13,5,9,1,21,23,11,10,22],[1,13,21,17,5,9,23,11,22,10],[5,17,1,21,13,9,11,23,10,22],[5,17,1,9,13,21,23,12,11,22,10],[17,1,5,21,13,9,23,12,10],[21,9,5,17,1,13,11,23,10,22,15],[9,13,21,17,5,1,11,23,22,10],[9,13,1,5,21,17,23,12,10,14],[13,21,17,9,1,5,11,23,10,22,6,16],[13,9,21,17,1,5,23,11,22,10],[5,1,21,13,9,17,23,11,22,10,24],[1,5,21,17,9,13,23,10],[9,5,13,21,17,1,11,23,10,22,8],[13,5,9,1,21,17,11,23,10,22],[13,21,5,17,1,9,23,10],[9,5,21,17,1,13,23,10,7],[1,13,21,17,9,5,11,23,22,10],[1,5,9,13,21,17,11,23,22,10],[17,13,5,1,9,21,23,10,2],[13,21,9,5,17,1,23,10,22],[17,21,13,9,1,5,23,11,22,10],[5,13,1,17,21,9,11,23,22,10,6],[9,17,13,1,5,21,11,23,22,10],[17,5,13,21,1,9,11,23,22,10],[21,17,9,5,1,13,11,23,10,22],[17,1,9,5,13,21,23,11,10,22],[1,5,9,17,13,21,11,23,10,22],[21,9,1,13,17,5,23,11,10,22],[17,21,13,1,9,5,11,23,22,10,8],[17,1,21,5,9,13,11,23,22,10],[9,13,17,21,1,5,23,11,22,10],[5,13,21,9,17,1,11,23,22,10],[13,21,1,17,9,5,11,23,22,10],[1,13,9,21,5,17,11,23,22,10],[1,17,13,9,5,21,11,23,22,10],[13,5,17,1,9,21,23,12,10],[1,13,17,9,21,5,23,10,20,14],[5,21,9,1,13,17,23,11,22,10],[5,13,21,9,1,17,11,23,10,22],[17,21,1,5,9,13,23,11,10,22],[13,1,17,21,9,5,23,12,11,10,22,4],[13,9,1,17,21,5,23,10],[17,5,9,21,1,13,11,23,22,10],[5,1,17,13,21,9,11,23,22,10,15,8],[9,13,17,5,1,21,23,12,11,22,10],[5,9,17,13,21,1,11,23,22,10],[5,9,21,13,17,1,23,11,10,22],[17,13,9,5,21,1,11,23,10,22],[17,21,13,5,9,1,11,23,10,22],[13,5,9,1,17,21,23,11,22,10],[1,21,5,13,17,9,23,10],[13,9,5,21,17,1,11,23,22,10,16],[17,9,13,1,5,21,23,12,11,22,10],[1,5,21,9,17,13,23,11,22,10],[17,21,9,5,13,1,11,23,22,10],[9,21,17,13,1,5,23,11,10,22],[9,5,21,17,1,13,23,11,10,22,2],[13,5,1,17,9,21,11,23,22,10],[1,17,13,5,21,9,11,23,22,10],[1,17,9,21,13,5,23,12,11,22,10],[5,1,21,17,13,9,23,11,10,22],[13,1,9,5,17,21,11,23,10,22],[13,21,1,5,9,17,11,23,10,22],[5,1,9,13,21,17,23,12,10,20,3],[21,13,5,9,1,17,11,23,10,22],[9,17,5,13,1,21,23,12,10,15,19,3],[5,21,9,17,13,1,11,23,22,10],[9,21,13,5,17,1,23,12,11,10,22],[5,1,13,9,17,21,23,10,19],[5,21,9,1,17,13,23,11,10,22],[17,9,1,21,13,5,23,11,10,22],[13,21,17,5,1,9,11,23,22,10],[13,17,1,9,21,5,11,23,22,10],[21,9,5,17,13,1,11,23,10,22],[17,1,5,13,9,21,23,11,10,24,22],[17,5,21,9,13,1,23,12,10],[17,13,5,21,9,1,11,23,22,10],[17,9,21,13,1,5,23,11,10,22],[5,21,17,13,1,9,23,11,10,22],[13,17,9,21,5,1,23,11,22,10],[1,13,21,5,9,17,11,23,22,10],[1,17,5,21,9,13,23,12,11,22,10],[21,9,5,1,17,13,23,10],[21,1,5,13,9,17,11,23,10,22],[13,9,1,21,5,17,11,23,10,22],[21,9,1,5,13,17,23,12,11,22,10],[21,17,5,13,9,1,23,12,10,24],[5,13,21,9,1,17,11,23,10,22],[9,17,1,5,13,21,11,23,10,22],[17,5,9,1,21,13,23,11,10,22,7],[17,9,13,21,5,1,23,12,10,8],[13,9,5,21,17,1,23,11,22,10],[9,21,17,1,5,13,11,23,10,22],[17,1,9,5,13,21,11,23,10,22,15],[9,1,13,21,17,5,11,23,10,24,22,19],[9,5,13,21,17,1,11,23,22,10],[1,21,17,5,9,13,11,23,22,10],[13,21,1,17,9,5,23,11,22,10],[1,5,9,17,13,21,11,23,10,22],[13,5,17,9,21,1,23,10,19],[13,1,9,21,5,17,23,11,10,22],[21,9,13,1,5,17,11,23,10,22],[9,21,13,1,5,17,23,11,22,10],[5,9,1,21,13,17,23,11,10,22],[21,1,5,17,13,9,11,23,22,10],[1,21,17,9,5,13,23,12,11,10,22],[13,17,1,21,5,9,12,11,23,22,10],[1,5,21,17,9,13,11,23,22,10],[17,5,13,21,1,9,11,23,10,22],[5,13,17,1,9,21,23,12,11,10,22,6],[17,5,21,1,13,9,11,23,22,10],[13,1,17,21,9,5,11,23,22,10,6],[5,21,17,1,13,9,11,23,22,10],[1,9,17,5,21,13,11,23,22,10],[21,17,9,1,5,13,23,11,10,22],[17,1,5,21,9,13,23,10,15,7,8],[17,13,5,1,9,21,23,12,11,10,22],[17,9,1,5,21,13,11,23,10,22],[21,13,1,9,5,17,23,11,10,22],[17,5,13,9,21,1,11,23,10,22],[1,9,21,5,17,13,11,23,22,10],[1,9,17,21,13,5,23,10],[5,9,21,13,17,1,23,11,22,10],[13,9,21,17,1,5,11,23,10,22],[9,13,21,5,1,17,11,23,10,22],[1,5,9,21,13,17,23,12,10,4,15],[21,17,13,5,9,1,11,23,10,22],[17,1,5,9,21,13,11,23,22,10],[9,13,21,17,1,5,23,11,10,22],[13,21,1,17,9,5,11,23,22,10],[21,5,13,17,9,1,23,11,22,10],[13,17,21,1,9,5,23,10],[5,17,9,21,13,1,11,23,10,22],[13,17,5,21,9,1,23,11,10,22],[9,1,21,17,5,13,23,11,10,22],[21,9,17,13,5,1,23,11,10,22],[9,1,21,13,5,17,11,23,22,10],[17,9,21,13,1,5,23,11,10,22],[5,21,9,17,1,13,23,12,11,10,22,15],[17,13,5,1,9,21,23,10],[1,21,9,13,17,5,23,11,10,22],[21,5,13,17,9,1,23,11,10,22],[21,5,17,1,9,13,11,23,22,10],[9,17,13,21,5,1,23,10,16],[1,13,17,21,9,5,23,11,22,10],[5,9,13,1,17,21,23,10,11,22],[5,9,13,21,17,1,23,11,22,10],[9,13,5,1,17,21,11,23,10,22],[21,1,5,17,9,13,23,10],[21,9,1,5,17,13,11,23,22,10],[13,21,1,9,5,17,11,23,22,10],[21,1,13,9,5,17,23,11,10,22,18],[9,5,13,1,17,21,23,11,10,22],[13,1,9,5,21,17,11,23,22,10],[21,1,9,17,5,13,23,11,10,22],[21,1,9,13,5,17,11,23,22,10],[5,1,17,13,9,21,11,23,10,22],[5,21,17,1,9,13,23,12,11,22,10],[21,13,17,9,5,1,11,23,10,22,20],[1,9,5,13,17,21,11,23,10,22],[21,13,17,9,5,1,23,10],[13,21,5,1,17,9,11,23,22,10],[1,21,17,13,9,5,23,10,15],[5,21,17,13,9,1,24,11,23,22,10],[13,9,5,1,17,21,11,23,22,10],[13,17,21,1,5,9,23,10],[9,5,1,17,13,21,23,12,11,10,22],[9,13,21,5,17,1,23,11,10,22],[5,13,1,9,17,21,23,11,22,10],[17,13,1,9,5,21,23,10,22],[9,5,1,17,13,21,11,23,10,22],[13,1,17,21,5,9,23,10],[1,17,5,13,9,21,11,23,10,22],[5,21,1,9,17,13,11,23,10,22],[1,17,5,9,21,13,11,23,22,10],[21,13,1,9,17,5,11,23,10,22,6],[13,9,21,17,5,1,11,23,10,22,20],[17,13,5,1,9,21,11,23,22,10,7,24],[21,13,5,17,1,9,23,10],[5,9,1,21,13,17,11,23,22,10],[1,9,17,13,21,5,23,10,15],[1,17,21,5,9,13,23,10,7],[5,1,17,13,9,21,11,23,10,22],[9,5,21,1,13,17,23,12,10],[17,9,1,13,5,21,11,23,10,22],[5,13,9,1,17,21,23,10],[1,5,13,17,21,9,23,11,10,22],[5,21,1,9,17,13,11,23,22,10],[5,1,9,21,17,13,11,23,22,10,24],[21,17,13,5,1,9,23,12,10,14],[13,5,9,17,1,21,11,23,10,22],[21,13,1,17,9,5,23,11,22,10],[1,17,9,13,21,5,11,23,10,22],[9,21,1,13,5,17,11,23,22,10],[5,21,17,13,1,9,23,11,10,22],[1,21,17,5,13,9,23,10],[17,13,1,9,21,5,23,12,11,22,10],[13,5,9,1,17,21,11,23,22,10],[5,13,17,9,21,1,23,10],[17,5,13,9,1,21,11,23,22,10],[9,1,21,5,17,13,23,10,3],[1,5,13,9,17,21,11,23,22,10],[9,13,17,5,21,1,22,11,23,10],[21,9,1,5,13,17,23,10],[9,13,5,21,17,1,11,23,22,10],[17,1,5,21,9,13,11,23,10,22,16],[17,9,1,5,21,13,11,23,10,22],[1,13,17,21,9,5,11,23,10,22],[9,5,21,1,17,13,23,11,10,22],[5,1,9,17,13,21,11,23,22,10],[9,13,5,1,21,17,11,23,22,10],[17,13,21,1,9,5,11,23,10,22],[21,5,9,17,13,1,11,23,22,10,6],[17,1,9,21,5,13,23,12,10,11,22],[1,9,17,5,21,13,23,10,7,19,22],[17,9,21,1,5,13,11,23,10,22],[9,13,1,5,21,17,23,12,11,10,22],[13,9,1,5,21,17,11,23,22,10],[17,5,21,13,1,9,23,10,15],[9,5,21,13,17,1,23,12,10],[5,21,1,13,17,9,11,23,22,10],[13,9,5,17,21,1,23,4,10,20],[17,21,5,1,9,13,23,10],[5,21,1,17,9,13,23,11,10,22,7],[5,9,1,13,21,17,23,10,14,2,22],[9,17,13,5,21,1,11,23,10,22],[5,21,1,17,13,9,11,23,22,10],[5,13,1,9,17,21,11,23,22,10],[13,21,1,9,17,5,23,11,10,22],[5,9,1,13,21,17,23,10],[21,1,9,13,5,17,11,23,10,22],[13,9,1,5,21,17,11,23,10,22],[21,13,5,1,9,17,11,23,10,22],[17,1,9,21,5,13,23,11,10,22,15],[5,9,17,21,13,1,23,12,11,10,22],[1,5,9,17,13,21,11,23,10,22,3],[5,9,1,21,13,17,11,23,10,22],[5,9,1,13,21,17,11,23,22,10],[21,5,17,9,1,13,23,11,22,10],[21,5,9,13,17,1,11,23,10,22],[9,13,21,1,17,5,23,11,22,10],[9,1,17,21,13,5,23,10],[13,1,5,21,17,9,23,11,10,22],[17,13,1,9,5,21,11,23,10,22],[17,5,1,21,9,13,23,10],[1,21,13,9,17,5,23,11,10,24,22,19],[1,9,21,5,13,17,11,23,10,22],[1,13,17,5,21,9,11,23,10,22],[13,21,5,1,9,17,23,11,22,10],[9,1,17,21,13,5,11,23,10,22,16],[5,13,17,9,1,21,11,23,10,22],[1,17,13,5,9,21,23,11,10,22],[1,17,9,13,5,21,11,23,10,22],[9,21,17,5,13,1,11,23,22,10],[17,9,21,5,1,13,23,11,22,10],[13,5,1,9,21,17,23,10],[21,13,17,9,5,1,11,23,22,10],[9,17,5,13,21,1,23,11,10,22],[5,9,17,21,13,1,11,23,10,22,3],[1,13,21,17,9,5,11,23,22,10],[21,13,5,9,1,17,23,12,10],[13,5,1,9,21,17,11,23,10,24,22],[9,17,5,21,13,1,23,10],[21,9,13,1,17,5,23,12,10],[21,5,9,1,17,13,23,10,8,12,4],[21,9,17,1,13,5,11,23,22,10],[5,17,13,1,9,21,23,10],[13,1,9,5,17,21,11,23,22,10],[21,17,1,9,5,13,11,23,10,22],[21,9,1,5,17,13,23,12,11,10,22],[9,21,17,5,13,1,11,23,10,22],[21,13,1,9,17,5,11,23,22,10],[13,1,17,21,5,9,11,23,22,10],[1,5,17,21,9,13,23,10],[1,5,9,21,17,13,23,10,11,22],[9,21,1,5,13,17,23,12,11,22,10],[13,1,5,21,17,9,11,23,10,22],[17,5,13,1,21,9,23,11,10,22,12],[5,13,17,9,1,21,11,23,22,10],[13,21,5,1,17,9,11,23,22,10,7],[9,5,13,1,21,17,11,23,10,22],[21,1,17,9,5,13,11,23,10,22],[1,13,17,21,5,9,23,12,11,22,10],[5,13,21,17,9,1,23,11,22,10],[1,9,5,13,17,21,11,23,22,10],[21,9,13,5,1,17,23,11,22,10],[5,13,21,1,9,17,23,11,22,10],[1,17,5,9,21,13,11,23,10,22],[5,21,9,13,1,17,23,11,22,10],[1,9,13,21,5,17,23,11,22,10],[9,21,1,5,13,17,23,12,10],[21,1,5,17,13,9,11,23,10,22],[21,9,13,1,5,17,23,11,22,10],[13,5,1,17,21,9,23,14,10],[17,1,9,5,21,13,23,11,22,10],[5,9,17,1,13,21,11,23,10,22],[1,5,9,17,13,21,11,23,10,22],[17,9,21,5,1,13,23,12,11,22,10],[21,9,5,1,17,13,11,23,10,22],[9,21,1,13,17,5,11,23,22,10],[1,17,21,5,9,13,23,11,22,10],[21,9,1,13,5,17,11,23,22,10],[17,1,9,21,5,13,23,10],[21,17,13,5,1,9,23,11,22,10],[13,1,9,17,21,5,11,23,22,10],[21,1,9,13,17,5,11,23,22,10],[1,21,9,5,17,13,11,23,22,10,15],[1,13,21,5,17,9,23,10,16,24],[1,21,13,17,9,5,11,23,10,22],[21,9,1,17,5,13,11,23,22,10],[9,21,13,17,1,5,23,11,10,22],[17,1,21,5,13,9,23,10,15],[17,5,21,9,13,1,23,10],[13,5,1,9,21,17,23,12,11,22,10],[5,9,21,1,13,17,11,23,22,10],[5,21,1,17,13,9,23,11,22,10],[21,9,13,5,17,1,23,11,10,22],[1,21,13,9,5,17,11,23,22,10,6],[5,9,17,1,21,13,23,10,15],[17,13,21,5,9,1,23,11,22,10],[9,5,13,21,1,17,23,11,22,10],[21,9,1,13,17,5,11,23,10,22],[21,17,1,13,9,5,23,11,10,22],[17,5,13,21,9,1,11,23,10,22],[21,5,17,1,13,9,11,23,22,10],[17,5,21,9,13,1,23,11,10,22],[5,13,21,17,9,1,23,10],[17,13,5,9,21,1,23,10,20],[9,21,1,17,5,13,23,10,19,4],[17,21,9,1,5,13,11,23,22,10],[1,9,13,5,21,17,23,11,10,22],[5,1,9,13,17,21,11,23,10,22],[13,1,21,17,9,5,11,23,10,24,22],[13,5,17,1,9,21,11,23,22,10,19],[21,13,5,17,9,1,23,10,20],[21,13,9,1,5,17,23,12,11,22,10],[13,1,5,17,21,9,23,20,11,10,22],[21,13,9,17,5,1,11,23,22,10],[5,13,21,1,9,17,23,10],[17,1,21,9,5,13,11,23,22,10],[9,5,13,17,1,21,11,23,22,10],[21,5,9,17,1,13,11,23,22,10],[9,1,17,5,21,13,23,11,10,22,12],[21,13,9,5,17,1,23,11,10,22],[13,21,5,9,1,17,11,23,10,22],[1,21,17,13,9,5,11,23,10,22],[1,9,17,5,21,13,11,23,10,22,2],[1,9,5,21,13,17,23,11,22,10],[1,9,5,13,21,17,23,11,22,10],[9,5,1,21,13,17,11,23,22,10],[21,1,5,13,9,17,23,12,11,22,10,7],[13,5,17,9,1,21,11,23,22,10],[17,21,13,5,1,9,23,12,11,22,10,18],[17,1,9,5,13,21,23,12,11,10,22],[21,17,5,9,13,1,11,23,10,22],[1,5,9,21,17,13,11,23,22,10],[5,17,13,1,9,21,11,23,10,22],[17,1,5,9,13,21,11,23,10,22],[5,1,9,17,13,21,11,23,22,10],[21,1,5,17,13,9,23,11,22,10],[1,9,5,21,13,17,23,11,10,22],[13,17,21,1,9,5,23,12,11,22,10,19],[13,1,9,5,17,21,11,23,10,22],[17,21,1,9,5,13,23,11,22,10,18],[1,9,5,13,17,21,23,12,10],[17,13,21,1,9,5,11,23,22,10,4],[17,5,1,21,9,13,11,23,10,22],[5,13,17,21,1,9,23,11,10,22],[13,17,1,21,9,5,11,23,10,22],[17,9,1,21,5,13,11,23,10,22],[1,9,5,13,17,21,23,11,10,22],[5,21,9,17,13,1,23,12,11,22,10],[1,17,21,13,5,9,23,11,22,10],[9,13,1,5,17,21,23,11,10,22],[9,1,5,13,21,17,23,12,10,14,22],[5,17,13,9,1,21,11,23,10,22],[5,17,13,21,9,1,11,23,22,10],[1,5,17,13,21,9,23,11,10,22],[5,17,1,13,21,9,23,10,15,11,22],[17,9,21,1,5,13,23,11,22,10],[9,5,21,17,1,13,23,12,10],[9,17,5,1,13,21,11,23,10,22],[1,17,5,9,13,21,23,12,11,22,10],[1,17,13,21,9,5,23,10,11,22,3],[9,1,13,5,21,17,23,11,10,22],[13,5,1,17,21,9,23,11,22,10,12],[17,1,9,5,21,13,11,23,10,22],[17,5,13,21,1,9,11,23,22,10],[9,21,1,17,13,5,23,11,22,10],[17,9,5,13,1,21,23,11,22,10],[17,5,13,21,9,1,11,23,22,10],[1,5,21,13,9,17,23,10],[9,21,17,13,5,1,11,23,22,10],[13,17,5,1,21,9,23,11,10,22],[1,17,5,9,13,21,11,23,10,22],[17,5,9,1,13,21,11,23,10,22],[1,13,5,17,9,21,23,10],[9,5,21,1,17,13,11,23,22,10],[9,1,13,21,17,5,23,12,11,22,10],[5,17,13,21,1,9,23,11,22,10],[9,1,21,13,5,17,11,23,10,22],[13,9,5,17,1,21,11,23,10,22],[5,21,9,13,17,1,23,11,10,22],[13,5,9,1,21,17,23,12,11,10,22],[13,21,1,5,9,17,11,23,10,22],[13,21,9,5,1,17,23,11,22,10],[1,13,9,17,5,21,23,11,10,22],[13,1,9,5,21,17,23,11,10,22],[1,9,21,17,13,5,11,23,22,10],[13,5,9,21,17,1,23,10,15],[21,13,17,1,5,9,23,11,22,10],[21,17,9,1,5,13,23,10],[21,5,13,17,1,9,11,23,22,10],[1,5,17,21,13,9,23,11,22,10,16],[1,9,13,21,5,17,11,23,10,22],[1,17,21,9,13,5,23,11,10,22],[17,5,1,21,13,9,11,23,22,10],[13,17,21,9,5,1,11,23,10,22,7],[1,17,13,9,5,21,23,12,10],[9,13,21,5,1,17,11,23,10,22],[21,17,1,9,13,5,23,11,10,22],[1,9,5,13,17,21,11,23,22,10],[1,21,13,5,17,9,11,23,22,10],[5,17,13,21,9,1,23,12,11,10,22],[1,5,9,13,21,17,11,23,22,10,18],[5,13,17,1,21,9,23,10],[21,1,17,9,13,5,11,23,10,22],[5,17,21,1,13,9,23,12,10,6],[1,5,17,21,9,13,23,12,10,15],[5,1,17,9,13,21,23,11,10,22],[9,21,17,13,1,5,11,23,10,22],[13,9,5,17,21,1,11,23,10,22,20],[21,5,17,9,13,1,11,23,10,22],[1,13,9,17,5,21,11,23,10,22],[9,13,21,17,5,1,23,10,4,14,20],[1,9,5,21,13,17,11,23,10,22],[9,5,13,17,1,21,23,12,10,16,11,22],[13,21,1,17,5,9,11,23,10,22],[9,13,1,17,21,5,11,23,10,22],[21,17,9,5,1,13,23,10],[13,9,1,17,5,21,11,23,10,22],[17,13,1,21,5,9,11,23,10,22],[17,5,21,1,9,13,23,12,10,16],[21,5,13,17,1,9,11,23,22,10],[13,21,17,5,1,9,11,23,22,10],[21,1,13,17,9,5,11,23,22,10,14],[17,1,9,5,13,21,23,11,10,22],[9,5,17,1,21,13,23,11,10,22],[1,5,13,21,9,17,23,12,10],[21,13,9,1,5,17,23,10],[17,9,21,13,5,1,11,23,22,10],[9,21,13,1,17,5,23,10,22],[1,9,21,13,17,5,11,23,22,10],[17,5,21,13,9,1,11,23,10,22,8,24],[21,17,5,13,9,1,23,11,22,10],[1,17,21,5,13,9,23,11,10,22],[13,5,1,21,9,17,23,11,10,24,22,3],[5,9,21,1,17,13,23,10],[9,1,17,13,21,5,11,23,10,22],[13,17,5,21,1,9,11,23,22,10],[5,9,21,17,13,1,11,23,10,22],[17,21,13,1,9,5,23,11,22,10],[9,1,21,13,17,5,11,23,22,10],[21,17,13,9,1,5,11,23,10,22],[21,9,1,13,5,17,23,11,10,22],[21,13,17,1,9,5,11,23,10,22],[21,1,17,13,5,9,11,23,22,10],[5,1,13,21,17,9,11,23,22,10],[13,5,9,17,1,21,11,23,22,10],[5,13,17,21,1,9,11,23,10,22],[13,21,5,9,1,17,11,23,10,22],[13,21,9,17,5,1,23,10],[17,9,5,1,13,21,23,10,12,16,7,22],[13,5,21,17,1,9,11,23,10,22],[17,13,9,21,1,5,11,23,22,10],[13,5,1,21,17,9,23,11,22,10],[1,21,13,5,9,17,23,11,22,10],[9,1,17,5,21,13,11,23,10,22],[13,9,21,17,5,1,23,11,10,22],[9,5,13,1,21,17,11,23,10,22],[5,17,13,21,9,1,23,11,10,22,2],[9,21,13,17,5,1,11,23,22,10],[21,13,1,17,5,9,23,11,22,10],[13,21,9,1,5,17,23,12,11,22,10],[5,21,1,17,13,9,23,12,11,22,10,15],[13,1,21,5,9,17,23,11,10,22],[9,17,5,1,21,13,23,11,22,10],[9,17,13,1,5,21,23,10],[21,17,9,13,5,1,11,23,22,10],[21,5,9,13,17,1,11,23,10,22],[5,21,13,17,1,9,23,11,10,22],[17,9,1,5,13,21,11,23,22,10],[17,9,21,5,13,1,23,11,22,10],[5,1,17,13,21,9,11,23,10,22],[5,13,17,1,9,21,23,11,22,10,6,14],[5,21,17,9,1,13,11,23,22,10],[17,9,5,1,13,21,23,11,10,22],[1,13,21,17,5,9,23,11,22,10,24],[9,1,17,5,13,21,11,23,22,10],[17,21,9,13,1,5,23,11,10,22],[21,9,1,13,17,5,23,10],[21,13,17,9,1,5,11,23,10,22],[1,9,17,13,21,5,23,12,10,6,11,22],[9,13,21,17,1,5,11,23,10,22],[9,21,5,17,1,13,23,11,22,10],[9,21,5,17,13,1,11,23,10,22],[9,21,1,13,17,5,23,11,10,22],[21,5,9,1,13,17,23,10,3,14],[9,17,5,21,1,13,23,10,20,19],[9,17,13,21,5,1,11,23,22,10],[21,13,5,17,1,9,11,23,10,22],[21,17,1,5,9,13,11,23,10,22],[21,13,9,5,17,1,11,23,10,22,14],[21,1,13,9,17,5,11,23,10,22],[9,1,5,21,13,17,11,23,22,10],[5,9,21,13,17,1,23,11,10,22],[9,1,5,21,17,13,11,23,10,22],[17,5,9,13,21,1,23,11,10,22],[5,13,17,9,1,21,23,11,22,10],[5,9,17,21,13,1,23,11,22,10],[9,1,5,17,21,13,11,23,10,22],[9,17,5,21,13,1,11,23,10,22],[5,21,9,1,17,13,11,23,10,22],[21,5,1,9,13,17,23,10,7],[5,1,13,17,9,21,11,23,22,10],[1,13,21,9,17,5,11,23,10,22],[9,17,13,5,1,21,11,23,10,22],[5,13,21,1,17,9,23,10,15],[17,5,1,13,9,21,11,23,10,24,22],[21,5,17,9,1,13,23,11,22,10,6],[17,5,9,13,1,21,11,23,22,10],[5,13,9,21,17,1,23,12,11,22,10],[1,21,17,9,5,13,11,23,10,22],[1,21,13,9,17,5,23,10,19],[17,21,1,13,5,9,11,23,22,10],[5,17,1,13,21,9,23,12,10,7],[21,9,5,1,13,17,23,11,10,22],[21,9,5,13,17,1,11,23,10,22,16],[13,17,5,9,21,1,11,23,22,10],[1,13,5,17,9,21,11,23,22,10],[9,21,1,5,13,17,23,11,22,10],[1,9,13,21,5,17,11,23,22,10],[13,1,5,9,21,17,23,12,11,22,10],[13,17,9,5,21,1,23,11,10,22],[5,13,1,21,9,17,23,11,22,10],[9,17,5,1,13,21,23,11,10,22],[21,9,17,5,1,13,11,23,10,22],[5,17,21,1,13,9,11,23,10,22],[9,13,5,21,1,17,23,11,10,22],[13,5,21,1,17,9,11,23,22,10],[5,21,13,9,1,17,23,10,19,8],[13,17,5,9,21,1,11,23,22,10],[21,1,17,13,9,5,11,23,22,10],[9,5,17,21,1,13,11,23,10,22],[9,17,1,21,5,13,11,23,22,10],[5,13,21,1,9,17,11,23,22,10],[5,21,1,13,17,9,23,12,10],[13,9,1,21,5,17,11,23,22,10,20],[21,1,9,5,13,17,23,11,10,22],[1,21,5,13,9,17,22,11,23,10],[9,17,13,21,1,5,23,10],[21,17,13,5,9,1,11,23,22,10,8],[9,21,5,1,17,13,23,12,11,22,10],[17,21,5,9,13,1,11,23,22,10],[13,1,21,9,17,5,11,23,22,10],[5,1,9,17,13,21,23,11,10,22],[17,13,1,21,9,5,23,11,22,10],[13,17,1,5,9,21,11,23,10,22],[13,17,9,21,5,1,11,23,22,10],[21,13,17,5,9,1,10,23,18],[9,5,17,1,21,13,23,10],[13,1,21,9,5,17,23,10,16,24,12],[13,9,5,17,21,1,11,23,22,10],[13,21,1,5,9,17,11,23,10,22],[21,5,9,13,17,1,23,11,10,22],[13,1,5,21,9,17,11,23,10,22],[9,1,5,21,13,17,11,23,22,10],[13,1,5,21,9,17,11,23,22,10],[21,17,1,13,9,5,23,10],[17,5,1,21,9,13,23,10],[1,5,9,17,21,13,11,23,10,22,14],[1,5,9,13,21,17,23,10,20],[5,1,17,21,13,9,11,23,10,22],[5,21,1,17,9,13,11,23,22,10],[13,17,1,21,9,5,23,11,22,10],[1,17,9,13,5,21,23,12,11,10,22],[21,13,1,17,9,5,11,23,22,10],[17,21,1,5,9,13,23,12,11,10,22],[13,21,5,1,9,17,23,11,10,22],[1,5,9,21,17,13,23,12,11,10,22],[5,17,1,9,21,13,11,23,10,22],[9,1,17,5,13,21,11,23,22,10,4,16],[9,21,17,13,1,5,23,12,11,22,10],[9,17,1,13,21,5,11,23,22,10],[21,5,1,17,13,9,23,10,14],[13,9,17,1,21,5,11,23,10,22],[9,17,13,21,5,1,23,11,10,22,19],[9,21,17,1,5,13,11,23,10,22],[13,9,1,21,17,5,11,23,22,10],[1,5,9,17,21,13,23,11,22,10,7],[13,1,5,17,9,21,23,12,11,10,22],[5,17,9,21,13,1,23,11,10,22],[9,21,13,1,5,17,23,12,10,15],[21,13,5,17,9,1,23,12,10],[21,5,17,9,13,1,11,23,22,10,7],[13,5,21,1,9,17,11,23,22,10],[5,21,13,17,9,1,11,23,22,10],[9,17,13,21,1,5,23,11,22,10],[13,5,1,9,21,17,23,10],[9,13,1,21,17,5,11,23,10,22],[5,17,1,21,9,13,11,23,22,10],[13,21,1,9,5,17,11,23,10,22,7],[21,13,5,1,17,9,11,23,22,10],[13,9,21,1,17,5,11,23,10,22],[5,13,17,21,9,1,23,10],[21,17,5,1,9,13,23,11,22,10],[21,5,9,13,1,17,23,10,14],[13,9,17,5,21,1,23,12,11,10,22],[5,17,9,1,13,21,11,23,10,22],[13,9,5,21,1,17,23,11,10,22],[17,13,9,1,5,21,11,23,10,22],[21,9,13,1,5,17,23,10],[13,21,1,17,5,9,11,23,10,22],[9,5,17,1,21,13,23,12,10],[13,17,1,21,9,5,23,10],[5,17,13,21,9,1,11,23,10,22],[13,1,9,5,21,17,23,12,11,22,10],[13,9,5,21,1,17,11,23,10,22],[5,1,13,9,17,21,23,10],[13,1,9,17,21,5,11,23,22,10],[21,5,9,17,1,13,23,11,10,22],[13,9,21,17,5,1,11,23,10,22],[13,17,5,1,9,21,23,11,10,22],[1,13,17,21,9,5,23,12,11,22,10],[5,17,9,13,21,1,11,23,22,10,15],[5,13,17,9,21,1,23,12,11,22,10],[17,13,1,5,21,9,23,10],[1,13,17,9,5,21,12,11,23,10,22],[13,1,5,21,17,9,23,12,10,11,22],[21,9,13,17,1,5,23,12,11,22,10],[17,1,21,13,5,9,23,12,10],[5,1,17,9,13,21,23,10,18,11,22],[13,1,9,5,21,17,11,23,10,22],[9,21,5,13,17,1,23,10,15],[13,1,17,21,9,5,23,11,22,10],[1,9,5,21,13,17,23,12,11,22,10],[17,1,21,13,5,9,23,11,10,22],[21,17,5,13,1,9,11,23,22,10],[5,1,17,21,13,9,11,23,10,22],[9,1,21,17,13,5,23,11,10,22],[17,9,5,13,21,1,11,23,10,22],[21,1,5,17,9,13,23,10],[13,21,17,5,1,9,23,11,10,22],[17,1,21,13,5,9,23,12,11,10,22,16],[9,1,13,17,5,21,11,23,22,10],[21,9,13,1,17,5,23,11,22,10],[17,13,5,21,9,1,11,23,10,22],[1,21,13,5,17,9,23,11,22,10],[17,1,13,5,9,21,23,11,10,22],[17,13,21,5,9,1,11,23,10,22],[17,9,1,5,13,21,23,11,10,24,22],[1,13,9,5,17,21,11,23,22,10],[9,1,21,13,5,17,11,23,22,10],[5,9,17,21,13,1,23,11,22,10],[5,13,21,17,1,9,23,12,10],[17,21,5,13,9,1,23,11,22,10],[9,13,21,17,1,5,23,11,10,22],[21,5,13,17,9,1,11,23,10,22],[5,9,1,17,21,13,11,23,10,22],[21,17,13,1,9,5,11,23,22,10],[9,21,17,13,5,1,23,10,8,3,6,22],[1,21,17,5,9,13,23,11,10,22],[5,17,9,1,13,21,11,23,22,10],[5,13,21,9,1,17,11,23,22,10],[21,13,17,5,1,9,11,23,10,22],[9,13,1,5,21,17,23,11,22,10],[21,13,17,5,9,1,11,23,22,10]],"n_human":11}