{"problem_id":"oS0CVMgSL8iDTh8","sigma":150,"alpha":3.162,"cost":0,"probabilities":"[0.3, 0.09, 0.29, 0.32]","payoff_matrix":"[[-332, -55, -51, -127, 118, 33], [3, -151, -83, 96, 250, -86], [-38, -80, -296, 54, -154, -154], [-36, -65, -94, -70, -132, -94]]","uncovered":[[8,12,20,4,24,16,5,1,13,21,9,17,23,19,11,7,15,18,14,3,10,6,22,2],[12,16,8,24,4,20,5,1,21,13,9,17,23,7,19,11,15,18,14,3,6,10,22,2],[12,20,8,16,4,24,1,13,5,9,21,17,19,23,7,11,15,18,14,3,6,22,2],[8,24,16,4,12,20,5,1,9,13,21,17,19,7,23,11,15,18,14,3,6,22,2,10],[20,16,12,4,24,8,5,13,9,1,21,17,23,7,11,19,15,14,18,3,10,6,22,2],[8,16,20,12,4,24,5,13,1,21,9,17,19,23,7,11,15,18,14,3,6,22,10,2],[8,12,20,24,4,16,5,1,13,21,9,17,19,23,11,7,15,18,14,3,2,6,22,10],[20,4,12,24,16,8,5,1,13,21,9,17,23,7,11,15,19,18,14,3,6],[16,12,4,20,8,24,5,13,9,1,21,17,23,7,19,11,15,18,14,3,2,22,6],[8,20,12,24,16,4,5,13,1,21,9,17,23,19,11,7,15,14,3,18,6,22,2,10],[4,16,8,12,24,20,5,13,9,1,21,17,19,23,11,7,15,18,14,3,6],[4,8,12,24,16,20,5,1,13,21,9,17,19,7,11,23,15,14,3,18,6,22,2,10],[16,20,24,4,8,12,5,1,9,13,21,17,23,7,19,11,15,18,14,3,22,6,2],[8,16,20,4,12,24,5,13,9,21,1,17,23,19,11,7,15,14,3,18,6,22,10],[4,24,16,8,12,20,1,5,13,9,21,17,23,19,11,7,15,18,14,3,2,22,6,10],[8,4,24,12,20,16,1,13,21,5,9,17,19,23,7,11,15,14,3,18,6,22,10,2],[12,16,8,24,4,20,5,1,13,21,9,17,23,7,19,11,15,18,14,3,22,6],[4,12,16,8,20,24,5,1,21,13,9,17,23,19,7,11,15,18,14,3,6,22,10,2],[24,16,12,8,20,4,1,5,13,21,9,17,19,7,11,23,15,14,3,18,6,22,10],[8,20,24,12,4,16,1,13,9,21,5,17,19,23,11,7,15,14,3,18,6,10],[20,16,4,12,24,8,1,5,13,21,9,17,23,7,11,19,15,18,14,3,6],[8,20,16,4,12,24,1,13,21,5,9,17,19,23,11,7,15,14,3,18,22,6],[8,12,24,20,4,16,1,13,21,5,9,17,23,7,11,15,19,18,14,3,6,22],[16,4,8,20,24,12,1,5,13,21,9,17,19,23,7,11,15,18,14,3,22,2,6],[24,20,8,12,4,16,5,13,21,1,9,17,19,23,11,7,15,14,3,18,6],[12,4,8,16,20,24,1,5,13,9,21,17,19,23,11,7,15,18,14,3,6,2,22,10],[4,12,16,24,20,8,5,1,13,9,21,17,23,19,7,11,15,18,14,3,22,6,10],[24,8,4,16,20,12,1,13,9,21,5,17,19,23,11,7,15,14,3,18,6,22,10],[4,8,16,20,24,12,1,13,5,21,9,17,23,19,7,11,15,14,3,18,10,6,22],[20,8,4,12,24,16,5,1,13,21,9,17,23,19,7,11,15,18,14,3,6,22,10,2],[12,20,16,8,4,24,5,13,1,9,21,17,19,7,11,23,15,14,3,18,6,2,22,10],[12,24,8,4,16,20,1,13,9,5,21,17,19,23,7,11,15,18,14,3,10,6,22],[4,12,20,24,8,16,5,13,9,21,1,17,19,23,11,7,15,14,3,18,10,6,22,2],[24,20,8,4,12,16,5,13,1,9,21,17,23,7,19,11,15,18,14,3,6,10,22,2],[16,8,24,4,20,12,1,13,21,5,9,17,23,7,11,19,15,14,3,18,22,2,6,10],[8,24,4,20,16,12,1,13,9,5,21,17,19,23,7,11,15,14,18,3,2,6,22],[4,8,24,16,12,20,5,1,9,13,21,17,23,19,7,11,15,18,14,3,6],[24,12,8,4,20,16,1,5,21,13,9,17,19,7,23,11,15,14,3,18,10,2,6,22],[24,8,4,12,20,16,1,5,21,13,9,17,23,7,19,11,15,14,3,18,10,2,6,22],[8,4,24,20,16,12,1,5,9,13,21,17,19,23,11,7,15,14,3,18,10,6,22,2],[24,20,12,8,4,16,1,5,13,9,21,17,23,7,11,15,19,14,3,18,6,2,10],[12,24,8,4,16,20,1,5,13,21,9,17,19,23,11,7,15,14,3,18,22],[24,12,4,20,8,16,5,13,1,21,9,17,19,7,11,23,15,14,3,18,22,6,10],[24,12,20,8,16,4,5,13,21,1,9,17,19,7,11,23,15,18,14,3,6,22],[24,8,16,12,20,4,1,13,5,9,21,17,19,23,11,7,15,14,3,18,6,22],[12,20,24,16,8,4,5,1,21,13,9,17,19,23,11,7,15,18,14,3,6,22,10,2],[8,20,24,16,4,12,5,1,21,13,9,17,23,7,11,19,15,14,3,18,6,22,2],[16,12,4,24,20,8,1,13,5,21,9,17,23,7,19,11,15,18,14,3,6],[16,24,12,4,20,8,1,13,9,21,5,17,23,7,19,11,15,14,3,18,6,2],[24,12,4,16,8,20,1,13,21,5,9,17,23,19,7,11,15,14,3,18,6,22,10],[20,24,4,12,16,8,1,5,21,13,9,17,23,7,19,11,15,14,3,18,6,22,10],[12,8,16,4,24,20,5,13,1,21,9,17,23,7,11,15,19,14,3,18,6,2,22],[4,8,16,24,20,12,1,13,21,5,9,17,23,19,11,7,15,14,3,18,6,2,22,10],[12,16,4,8,20,24,5,13,1,21,9,17,23,19,11,7,15,14,3,18,22,6,10,2],[20,12,4,8,16,24,1,13,9,21,5,17,19,7,23,11,15,18,14,3,6,2,10,22],[16,24,20,8,12,4,1,5,13,9,21,17,19,23,7,11,15,18,14,3,6,2],[8,4,20,16,12,24,5,13,9,1,21,17,19,7,11,23,15,14,3,18,6,2,22],[8,16,4,20,12,24,5,13,21,1,9,17,23,19,7,11,15,14,3,18,6,2,22],[8,4,16,24,20,12,1,5,21,13,9,17,19,23,11,7,15,14,18,3,22,6,10,2],[20,16,8,4,24,12,1,13,9,5,21,17,19,7,11,23,15,14,3,18,6],[12,16,20,8,4,24,1,5,21,13,9,17,23,19,7,11,15,18,14,3,2,6,22,10],[24,4,12,16,20,8,5,1,21,13,9,17,23,19,7,11,15,18,14,3,6,2,22,10],[16,20,24,4,12,8,5,1,21,13,9,17,19,23,11,7,15,18,14,3,2,22,6,10],[8,12,4,16,20,24,1,5,21,13,9,17,23,19,7,11,15,14,3,18,22,10,6],[16,4,12,20,24,8,1,13,9,5,21,17,23,7,19,11,15,14,3,18,6,22,2],[24,16,12,4,20,8,1,13,5,9,21,17,23,19,7,11,15,18,14,3,22,6,10],[20,8,12,24,4,16,1,13,5,9,21,17,19,7,11,23,15,14,3,18,6,10,2,22],[20,12,4,24,8,16,1,5,9,13,21,17,23,19,11,7,15,14,3,18,6,22,10],[12,20,24,8,16,4,5,13,21,1,9,17,19,7,11,23,15,18,14,3,2,6,22],[8,24,4,12,20,16,1,5,21,13,9,17,23,7,19,11,15,14,3,18,2,6,22],[8,20,4,24,16,12,5,1,13,21,9,17,23,19,11,7,15,18,14,3,6,22,2,10],[4,20,8,16,24,12,5,1,21,13,9,17,23,19,7,11,15,18,14,3,6],[24,20,16,4,12,8,1,13,21,5,9,17,19,7,23,11,15,14,3,18,6,22,10,2],[16,12,8,24,20,4,5,13,9,1,21,17,19,7,11,23,15,14,3,18,6,22,10],[4,20,24,16,8,12,5,1,21,13,9,17,23,7,11,19,15,14,18,3,6,22],[24,20,4,12,16,8,5,1,21,13,9,17,23,7,11,19,15,14,3,18,22,6,10,2],[8,20,16,24,12,4,5,13,1,9,21,17,23,19,7,11,15,14,3,18,6,22],[12,20,8,24,16,4,1,13,9,5,21,17,19,7,23,11,15,14,3,18,2,10,6,22],[8,4,24,20,12,16,5,13,1,21,9,17,23,19,7,11,15,14,3,18,2,22,6,10],[4,20,16,12,8,24,5,13,21,1,9,17,19,23,7,11,15,14,3,18,6,2,22],[12,24,4,16,8,20,1,13,9,5,21,17,23,19,7,11,15,14,3,18,6],[8,24,16,12,4,20,1,13,21,5,9,17,19,7,11,23,15,14,3,18,2,6,22,10],[20,16,12,8,24,4,1,5,13,21,9,17,23,19,7,11,15,14,3,18,6,10,22,2],[20,24,4,8,16,12,5,1,13,21,9,17,19,23,11,7,15,14,18,3,6,10,2,22],[16,8,20,24,4,12,1,5,13,21,9,17,19,23,11,7,15,14,3,18,6,10,22,2],[20,12,16,8,24,4,5,1,21,13,9,17,19,23,7,11,15,18,14,3,6],[20,4,16,8,12,24,1,5,9,13,21,17,23,19,11,7,15,18,14,3,6,22],[24,4,8,20,16,12,1,5,13,21,9,17,19,7,23,11,15,14,3,18,6,22,2],[24,8,20,12,16,4,5,1,9,13,21,17,19,7,11,23,15,18,14,3,6],[8,24,4,16,12,20,5,13,1,21,9,17,23,19,11,7,15,18,14,3,6,22],[20,12,4,24,8,16,5,1,9,13,21,17,23,7,19,11,15,18,14,3,22,6],[24,16,12,20,8,4,1,13,5,21,9,17,19,23,7,11,15,14,3,18,6,10,22,2],[20,12,24,8,4,16,5,13,1,11,21,17,23,7,19,15,14,3,18,9,22,6,10,2],[24,12,8,16,4,20,5,1,9,13,21,17,23,19,11,7,15,18,14,3,6,22],[16,8,24,20,12,4,1,13,5,9,21,17,19,23,7,11,15,14,3,18,6,22,10,2],[20,8,16,24,12,4,1,13,5,9,21,17,23,7,19,11,15,14,3,18,6],[24,12,16,4,8,20,5,1,9,21,13,17,19,7,23,11,15,14,3,18,6,22,10],[24,12,16,4,20,8,1,5,21,13,9,17,23,19,11,7,15,18,14,3,6,2,22,10],[16,24,4,12,8,20,1,5,9,13,21,17,19,23,7,11,15,14,3,18,6,22],[20,4,24,8,12,16,1,5,21,13,9,17,23,19,11,7,15,14,3,18,6,22,10,2],[24,16,12,4,8,20,5,1,13,21,9,17,19,7,11,23,15,14,3,18,6,22,10],[12,16,8,24,4,20,5,1,9,21,13,17,19,7,11,23,15,14,3,18,6,22,10,2],[24,16,4,20,12,8,5,13,9,1,21,17,23,19,11,7,15,18,14,3,6,10,2,22],[20,16,24,8,12,4,1,13,5,9,21,17,19,23,7,11,15,18,14,3,6,2,22,10],[16,24,4,8,12,20,1,5,9,13,21,17,23,19,7,11,15,18,14,3,6],[20,24,4,12,16,8,5,13,21,1,9,17,23,19,11,7,15,18,14,3,22,6,2,10],[16,12,20,8,24,4,1,13,5,21,9,17,19,23,11,7,15,18,14,3,6,22,10],[12,4,8,20,16,24,1,13,21,5,9,17,23,19,11,7,15,18,14,3,6,22,2],[16,20,24,4,12,8,5,1,21,13,9,17,19,7,11,23,15,18,14,3,22,6,10,2],[4,8,12,24,20,16,5,13,21,1,9,17,19,7,11,23,15,18,14,3,10,6,22],[24,4,20,12,8,16,5,13,9,21,1,17,23,7,19,11,15,18,14,3,6],[4,20,16,24,12,8,5,13,9,1,21,17,19,7,23,11,15,18,14,3,6],[20,12,24,16,8,4,5,13,21,1,9,17,19,23,7,11,15,18,14,3,6,2],[24,8,20,4,16,12,5,1,9,13,21,17,23,7,19,11,15,18,14,3,22,6,10],[24,16,20,4,12,8,1,13,9,5,21,17,19,23,11,7,15,18,14,3,6,2,22],[20,16,12,8,24,4,5,13,21,1,9,17,23,7,19,11,15,14,3,18,6,10,22],[24,8,20,16,12,4,1,13,21,5,9,17,19,7,11,23,15,14,3,18,6,2,10,22],[20,16,24,4,12,8,5,13,1,9,21,17,23,7,19,11,15,18,14,3,6,22],[4,8,24,12,20,16,1,13,9,5,21,17,23,7,11,19,15,14,3,18,6,2,10,22],[12,16,4,24,8,20,5,1,9,13,21,17,23,19,7,11,15,14,3,18,6],[12,16,4,8,20,24,5,13,9,1,21,17,19,7,11,23,15,18,14,3,2,6],[20,4,16,12,24,8,5,1,9,13,21,17,19,7,23,11,15,18,14,3,10,6],[16,20,24,4,12,8,5,13,21,1,9,17,19,7,11,23,15,18,14,3,22,10,6],[20,8,4,12,24,16,1,5,21,13,9,17,19,23,7,11,15,18,14,3,6],[12,24,20,4,16,8,5,13,9,1,21,17,19,7,11,23,15,14,3,18,6,22],[20,24,4,16,8,12,5,13,1,21,9,17,19,7,23,11,15,18,14,3,6,2,10,22],[16,12,4,24,8,20,1,5,13,9,21,17,19,23,7,11,15,14,3,18,22,6,2],[4,24,20,12,16,8,5,1,13,21,9,17,19,7,23,11,15,14,3,18,6,22],[8,24,20,4,16,12,1,5,13,9,21,17,19,7,23,11,15,14,3,18,6,22],[12,8,24,16,20,4,5,13,1,9,21,17,23,19,11,7,15,18,14,3,6,22,10],[12,20,4,16,8,24,5,1,13,21,9,17,23,7,11,15,19,14,3,18,22,6],[4,12,8,20,24,16,5,13,9,21,1,17,19,23,11,7,15,18,14,3,6,2,22],[4,20,12,24,16,8,5,1,13,21,9,17,19,23,11,7,15,18,14,3,22,10,6,2],[12,4,16,8,20,24,1,13,5,21,9,17,19,23,7,11,15,14,3,18,10,6,2,22],[8,4,24,16,12,20,1,5,13,21,9,17,19,23,11,7,15,14,3,18,6,2],[4,24,12,20,8,16,5,13,21,1,9,17,19,7,11,23,15,14,3,18,6,10,2,22],[16,8,12,4,24,20,1,5,13,21,9,17,19,23,11,7,15,18,14,3,6,2,22],[8,20,12,24,4,16,1,5,9,21,13,17,19,7,23,11,15,18,14,3,22,6,2],[16,24,8,12,4,20,5,1,21,13,9,17,19,7,11,23,15,14,3,18,6,22,10,2],[12,8,20,16,4,24,5,1,9,21,13,17,23,19,7,11,15,18,14,3,6],[12,4,8,24,20,16,5,13,1,9,21,17,23,19,7,11,15,18,14,3,6,10,22,2],[12,4,8,24,20,16,1,5,21,13,9,17,19,7,23,11,15,18,14,3,6,22,10],[8,24,16,12,20,4,5,13,21,1,9,17,23,7,11,19,15,14,18,3,6,2,22,10],[24,20,8,16,4,12,5,1,9,21,13,17,19,23,11,7,15,18,14,3,6,2],[12,16,20,4,8,24,5,1,21,13,9,17,19,7,11,23,15,14,3,18,6,22,2,10],[4,24,8,20,12,16,5,13,21,1,9,17,19,23,7,11,15,18,14,3,22,6,10,2],[12,24,20,8,4,16,1,13,21,5,9,17,23,7,19,11,15,18,14,3,6,10,22],[8,12,16,4,24,20,5,13,21,1,9,17,19,23,7,11,15,14,3,18,6],[16,4,20,24,8,12,5,13,9,1,21,17,23,7,19,11,15,18,14,3,22,6],[20,12,8,16,24,4,5,13,9,1,21,17,19,7,11,23,15,18,14,3,6,10,2,22],[12,8,16,24,20,4,5,13,9,21,1,17,23,19,11,7,15,14,3,18,6,22,2],[20,4,16,8,12,24,1,5,21,13,9,17,19,23,7,11,15,14,3,18,6,2,22],[16,24,8,12,20,4,5,13,21,1,9,17,19,7,11,23,15,18,14,3,6,22,10,2],[12,4,20,16,24,8,1,13,9,5,21,17,23,7,11,15,19,18,14,3,6,22,10,2],[24,8,16,20,12,4,1,13,9,5,21,17,23,7,19,11,15,18,14,3,6,22,2],[4,8,20,24,12,16,5,1,13,9,21,17,19,23,7,11,15,14,3,18,6,22],[12,8,4,20,16,24,5,13,21,1,9,17,19,7,23,11,15,18,14,3,22,6],[16,12,20,24,4,8,5,1,13,9,21,17,19,7,23,11,15,14,3,18,6],[8,24,20,16,12,4,5,1,9,21,13,17,23,7,11,15,19,18,14,3,6,2],[12,8,24,16,4,20,5,1,21,13,9,17,19,7,11,23,15,18,14,3,6,22,10,2],[20,16,12,8,24,4,1,13,21,5,9,17,23,19,7,11,15,14,3,18,6,10,2,22],[8,12,4,24,16,20,1,13,5,21,9,17,23,7,11,19,15,18,14,3,6,2,22],[8,4,16,24,20,12,5,1,13,9,21,17,19,7,23,11,15,14,18,3,10,22,6,2],[24,12,4,8,16,20,1,5,9,13,21,17,23,7,11,19,15,18,14,3,6,2,10,22],[12,24,16,8,20,4,1,13,9,21,5,17,23,7,19,11,15,18,14,3,6],[8,16,4,24,12,20,1,13,9,21,5,17,19,7,11,23,15,14,3,18,6,22,2],[8,24,12,16,4,20,5,1,9,21,13,17,23,7,11,19,15,14,3,18,6],[20,8,16,24,4,12,5,1,21,13,9,17,19,7,11,23,15,18,14,3,6,10,22,2],[20,8,12,24,4,16,5,1,21,13,9,17,23,7,11,15,19,18,14,3,6],[24,16,8,12,4,20,5,1,21,13,9,17,23,19,7,11,15,18,14,3,6,22,2,10],[8,20,16,4,12,24,1,5,13,21,9,17,19,7,11,23,15,14,3,18,6,22,10],[24,4,20,8,16,12,5,13,21,1,9,17,23,19,11,7,15,14,3,18,6,2,22],[20,12,8,24,16,4,5,13,21,1,9,17,19,7,23,11,15,14,3,18,22,6,2,10],[20,4,16,12,24,8,5,13,1,21,9,17,23,19,7,11,15,14,3,18,22,6,2],[16,24,8,20,4,12,1,13,5,21,9,17,23,7,11,15,19,18,14,3,22,6,2],[20,16,12,4,8,24,1,5,21,13,9,17,23,19,11,7,15,18,14,3,22,2,6],[12,24,4,8,16,20,1,5,13,9,21,17,19,7,11,23,15,14,3,18,6,10,22,2],[24,8,16,12,20,4,5,1,21,13,9,17,23,19,11,7,15,18,14,3,10],[24,4,16,8,12,20,5,1,13,21,9,17,19,23,7,11,15,14,3,18,22,6,2,10],[24,12,4,20,8,16,5,1,21,13,9,17,23,19,11,7,15,14,3,18,6,22,2],[24,16,4,20,8,12,5,13,1,21,9,17,19,7,11,23,15,18,14,3,6,2,22],[20,8,4,24,16,12,1,13,9,21,5,17,23,19,11,7,15,18,14,3,6,2,10,22],[24,8,20,12,4,16,5,13,9,21,1,17,23,19,11,7,15,14,3,18,6,22,2],[8,20,12,16,24,4,1,5,21,13,9,17,19,23,11,7,15,14,3,18,6,10,22,2],[12,16,24,4,20,8,5,1,13,9,21,17,23,19,7,11,15,14,3,18,6],[8,4,16,12,20,24,1,13,5,21,9,17,23,7,11,15,19,14,3,18,6,22],[12,20,16,4,24,8,5,1,21,13,9,17,19,23,7,11,15,18,14,3,6,22,10,2],[24,20,12,8,16,4,5,1,9,13,21,17,23,19,11,7,15,14,3,18,22,6],[12,4,24,20,8,16,5,13,9,21,1,17,23,7,19,11,15,18,14,3,6,2,22,10],[8,12,20,4,24,16,5,13,1,21,9,17,19,7,11,23,15,18,14,3,6,10,22,2],[20,4,24,8,12,16,1,13,21,5,9,17,19,23,11,7,15,14,3,18,6,22,2],[20,12,24,16,8,4,1,5,9,13,21,17,23,7,19,11,15,18,14,3,6,22,10],[20,4,24,8,12,16,1,5,13,21,9,17,23,7,11,19,15,18,14,3,6,22],[24,20,4,12,16,8,1,5,21,13,9,17,23,19,7,11,15,14,3,18,6,22],[8,20,12,16,24,4,1,5,21,13,9,17,23,19,11,7,15,18,14,3,6,22,10,2],[4,20,12,8,16,24,1,13,9,5,21,17,23,19,11,7,15,18,14,3,6,10,22,2],[4,8,12,16,24,20,5,13,9,1,21,17,19,7,23,11,15,14,3,18,6,10,2,22],[20,24,4,8,16,12,1,5,13,21,9,17,19,23,11,7,15,14,3,18,6,22,10,2],[24,16,12,4,20,8,5,13,9,1,21,17,19,23,11,7,15,18,14,3,22,6,10],[20,4,16,8,12,24,5,1,9,21,13,17,23,19,7,11,15,14,3,18,6,10,2,22],[12,4,20,8,24,16,1,5,21,13,9,17,23,19,11,7,15,14,18,3,22,6,10],[4,8,12,20,24,16,5,13,1,21,9,17,23,19,11,7,15,18,14,3,6,2,22,10],[24,20,12,4,16,8,5,1,21,13,9,17,23,19,11,7,15,18,14,3,6],[8,16,12,4,24,20,1,5,21,13,9,17,19,23,7,11,15,14,3,18,2,6,22,10],[8,4,20,16,12,24,1,5,21,13,9,17,23,7,19,11,15,14,3,18,6,2,22,10],[8,16,24,4,12,20,1,5,13,9,21,17,23,19,7,11,15,18,14,3,6,2,10,22],[24,16,12,8,20,4,5,13,9,1,21,17,19,7,11,23,15,18,14,3,6,22,10],[12,24,20,8,16,4,5,1,9,21,13,17,19,23,7,11,15,18,14,3,10,6,22,2],[16,4,8,20,12,24,5,1,9,13,21,17,19,7,11,23,15,18,14,3,6,2,22],[12,24,20,8,16,4,1,5,13,9,21,17,19,23,7,11,15,14,3,18,6,10,22],[8,16,12,20,24,4,5,13,1,21,9,17,23,7,11,15,19,18,14,3,22,10,6],[12,24,20,4,8,16,5,13,21,1,9,17,23,19,11,7,15,14,3,18,6,22],[16,24,4,12,20,8,1,13,5,21,9,17,23,7,11,19,15,18,14,3,22,6,2],[16,4,20,8,12,24,1,13,21,5,9,17,19,7,23,11,15,14,3,18,6,10,22,2],[24,4,16,12,20,8,1,13,9,5,21,17,19,7,23,11,15,18,14,3,6,22,10],[12,16,4,20,8,24,5,1,21,13,9,17,19,23,7,11,15,14,3,18,6,10,22,2],[4,24,8,20,12,16,5,13,1,21,9,17,23,7,19,11,15,18,14,3,22,6,2],[8,16,20,24,12,4,5,13,1,21,9,17,23,7,11,19,15,14,3,18,6,22,10,2],[12,8,24,4,20,16,1,5,21,13,9,17,23,19,7,11,15,14,3,18,22,2,6,10],[8,4,20,16,12,24,1,13,5,21,9,17,19,7,11,23,15,14,18,3,6,2,22],[24,16,12,8,20,4,5,1,21,13,9,17,23,19,7,11,15,14,3,18,6,22],[24,8,4,20,16,12,1,5,21,13,9,17,23,19,11,7,15,14,3,18,6,22,2],[8,20,4,12,16,24,1,13,9,5,21,17,23,7,11,19,15,14,18,3,6,22,10],[24,8,20,16,12,4,5,13,9,1,21,17,19,7,11,23,15,18,14,3,2,6,22,10],[20,8,12,16,24,4,1,5,21,13,9,17,19,7,11,23,15,14,3,18,6,22],[8,24,16,20,12,4,1,5,9,13,21,17,23,19,7,11,15,14,3,18,6,22,2],[8,12,16,20,24,4,5,13,9,1,21,17,23,7,11,15,19,14,18,3,22,6,10],[16,24,20,8,4,12,1,13,9,21,5,17,23,19,7,11,15,18,14,3,6,22],[4,8,24,20,12,16,5,13,1,21,9,17,19,7,11,23,15,14,3,18,6,2],[24,4,16,12,20,8,5,1,21,13,9,17,19,23,7,11,15,14,3,18,10,6,22],[8,16,4,24,20,12,1,13,9,21,5,17,19,23,7,11,15,14,3,18,2,6,22],[12,8,4,24,16,20,5,13,9,1,21,17,19,23,11,7,15,14,3,18,6,22],[12,8,16,24,4,20,5,1,21,13,9,17,23,19,7,11,15,18,14,3,6,22,2],[8,24,12,4,16,20,5,13,1,9,21,17,23,7,19,11,15,18,14,3,2,6,10,22],[16,4,20,24,8,12,5,13,21,1,9,17,19,7,23,11,15,18,14,3,6,2,10,22],[4,12,24,16,8,20,5,13,21,1,9,17,23,7,11,15,19,14,3,18,6,22,2,10],[16,4,20,12,8,24,1,13,9,21,5,17,23,19,11,7,15,18,14,3,22,6],[4,12,8,20,24,16,1,13,5,9,21,17,23,7,19,11,15,14,3,18,6,10],[4,24,20,12,16,8,5,13,21,1,9,17,23,19,11,7,15,14,3,18,22,6,2],[8,4,24,20,12,16,1,5,13,9,21,17,23,7,11,15,19,18,14,3,22,6,10,2],[16,12,20,4,24,8,1,13,21,5,9,17,23,7,11,19,15,18,14,3,22,6],[16,12,4,24,8,20,1,13,21,5,9,17,23,7,11,19,15,14,3,18,22,6,10,2],[16,4,8,24,20,12,1,5,21,13,9,17,23,7,11,15,19,14,3,18,6,22],[16,12,8,20,4,24,5,1,13,21,9,17,19,7,23,11,15,18,14,3,22,10,6,2],[4,24,20,12,16,8,1,5,13,21,9,17,19,23,11,7,15,18,14,3,6,2],[12,8,20,4,24,16,1,5,9,13,21,17,19,7,11,23,15,18,14,3,6,22],[24,12,8,4,20,16,1,13,21,5,9,17,19,7,23,11,15,14,3,18,6,2],[24,20,16,12,8,4,1,5,13,21,9,17,23,7,11,19,15,18,14,3,6,22],[20,12,24,8,16,4,1,5,13,9,21,17,23,7,19,11,15,18,14,3,6],[12,24,20,8,16,4,1,13,5,9,21,17,19,23,7,11,15,14,3,18,6,22],[8,16,4,24,12,20,5,13,9,21,1,17,23,19,11,7,15,14,18,3,22,6],[20,24,16,4,12,8,5,1,13,9,21,17,19,23,11,7,15,18,14,3,2,6,22],[16,24,12,8,4,20,5,13,1,9,21,17,19,7,23,11,15,14,18,3,2,6,22],[24,8,4,16,12,20,1,13,5,21,9,17,19,23,11,7,15,14,3,18,6],[12,4,16,24,8,20,1,13,5,21,9,17,23,7,19,11,15,18,14,3,6,22,10],[20,24,4,12,8,16,5,13,21,1,9,17,23,19,11,7,15,14,3,18,6,10,22,2],[16,8,12,20,24,4,5,13,9,1,21,17,19,23,11,7,15,14,3,18,22,6,10],[16,24,12,8,4,20,1,5,13,21,9,17,19,23,11,7,15,14,3,18,2,22,6],[20,4,12,8,24,16,1,13,9,21,5,17,19,23,11,7,15,18,14,3,6,10],[20,24,4,12,16,8,1,13,9,21,5,17,23,7,11,19,15,18,14,3,6,22,10,2],[12,8,4,20,16,24,5,13,9,21,1,17,23,7,11,15,19,14,3,18,6,22,10],[12,16,20,4,24,8,5,13,1,9,21,17,19,23,11,7,15,14,18,3,6,22,10],[20,12,16,4,8,24,5,1,9,13,21,17,23,19,7,11,15,14,3,18,6,10,22],[16,4,20,24,12,8,5,1,9,21,13,17,23,7,19,11,15,18,14,3,6,10,22,2],[24,16,12,4,20,8,5,1,9,21,13,17,23,19,7,11,15,18,14,3,22,6,10,2],[20,24,16,12,4,8,1,13,21,5,9,17,23,19,11,7,15,14,3,18,6,22],[12,8,20,16,4,24,5,13,1,9,21,17,23,7,11,19,15,14,3,18,6],[12,8,24,16,20,4,5,13,1,9,21,17,19,7,23,11,15,14,3,18,6,22,2,10],[12,4,24,8,16,20,1,13,9,21,5,17,19,23,11,7,15,18,14,3,6,22],[20,16,8,12,4,24,5,13,1,21,9,17,23,19,7,11,15,18,14,3,22,6,2,10],[12,8,20,24,4,16,5,13,21,1,9,17,23,19,11,7,15,18,14,3,6,2,22],[16,20,4,8,24,12,5,13,9,21,1,17,19,7,11,23,15,14,3,18,6,22],[16,8,20,12,4,24,1,13,9,5,21,17,23,7,19,11,15,18,14,3,6,22,2],[16,4,24,12,8,20,5,1,9,21,13,17,23,19,11,7,15,18,14,3,22,6],[16,4,12,20,8,24,5,13,1,9,21,17,19,23,7,11,15,14,3,18,6,22],[8,24,12,20,16,4,5,1,9,13,21,17,19,23,11,7,15,14,3,18,10,6,2,22],[24,8,16,4,20,12,5,1,9,21,13,17,19,7,11,23,15,14,3,18,6,10,22],[12,24,8,20,16,4,5,13,21,1,9,17,19,7,23,11,15,14,3,18,6,22,10,2],[16,8,4,24,12,20,1,13,21,5,9,17,23,19,7,11,15,18,14,3,6,22,10],[20,4,16,24,8,12,1,5,21,13,9,17,19,7,23,11,15,14,3,18,6,22,10],[12,4,16,20,8,24,1,13,9,5,21,17,23,7,19,11,15,14,3,18,6,10,22,2],[12,4,24,20,16,8,5,13,9,1,21,17,19,7,23,11,15,14,3,18,6,22,10,2],[4,20,12,16,8,24,3,5,13,9,21,1,17,23,7,11,15,19,14,18,22,10,6],[24,8,4,20,12,16,1,13,5,9,21,17,19,23,7,11,15,14,3,18,6,2],[8,16,12,24,4,20,1,5,9,21,13,17,19,23,11,7,15,18,14,3,6,10,2,22],[24,8,12,20,4,16,1,13,9,21,5,17,19,7,11,23,15,18,14,3,22,6],[20,4,12,16,8,24,5,1,21,13,9,17,23,7,19,11,15,18,14,3,6,22],[20,4,16,8,24,12,1,5,21,13,9,17,19,7,11,23,15,18,14,3,6,2,10],[12,24,16,20,8,4,5,1,9,13,21,17,19,7,11,23,15,18,14,3,6,22,2],[20,4,24,12,16,8,1,5,9,21,13,17,23,7,11,15,19,18,14,3,6,10],[8,4,24,16,12,20,1,5,21,13,9,17,19,23,7,11,15,18,14,3,6,22],[12,24,16,20,8,4,5,1,9,21,13,17,23,19,7,11,15,18,14,3,2,6,10,22],[20,12,4,8,16,24,1,5,9,21,13,17,19,7,11,23,15,14,3,18,6,22,2],[16,8,24,20,12,4,1,13,9,21,5,17,23,19,7,11,15,18,14,3,6,22,2],[20,24,4,16,8,12,1,13,5,9,21,17,19,7,11,23,15,14,3,18,6,10,22,2],[16,24,20,12,8,4,5,13,21,1,9,17,19,7,11,23,15,18,14,3,6,22,10],[24,4,12,16,8,20,1,13,5,9,21,17,23,7,19,11,15,18,14,3,6,2],[20,4,16,24,8,12,1,13,5,9,21,17,19,7,11,23,15,14,3,18,10,6,2,22],[8,16,20,4,12,24,5,1,9,21,13,17,19,7,23,11,15,18,14,3,6,10,22,2],[8,16,20,24,4,12,1,5,21,13,9,17,19,7,23,11,15,14,3,18,6,2,10,22],[4,8,16,12,24,20,1,5,21,13,9,17,19,7,11,23,15,14,3,18,2,6],[8,16,20,4,24,12,5,1,21,13,9,17,19,23,11,7,15,14,3,18,6,22],[8,4,24,12,20,16,5,13,21,1,9,17,23,7,11,15,19,18,14,3,6,22,10],[16,12,20,4,8,24,5,13,1,21,9,17,23,19,7,11,15,18,14,3,6,2,22,10],[4,16,12,24,8,20,5,13,1,9,21,17,23,7,11,15,19,14,3,18,6,10,22],[4,16,8,20,24,12,5,13,9,1,21,17,19,7,11,23,15,18,14,3,6,22,2,10],[4,20,16,12,8,24,1,5,9,21,13,17,19,7,11,23,15,14,3,18,6,10,22],[24,12,4,20,16,8,1,5,21,13,9,17,23,7,19,11,15,14,3,18,10,6,22,2],[4,16,8,12,24,20,1,5,9,13,21,17,23,19,7,11,15,14,3,18,6,22,10,2],[4,24,12,16,20,8,1,5,9,13,21,17,19,7,11,23,15,18,14,3,6,22,2],[24,16,8,4,12,20,5,13,21,1,9,17,23,19,7,11,15,18,14,3,2,6,10,22],[16,20,4,8,12,24,5,13,9,21,1,17,23,19,11,7,15,14,3,18,6,10,2,22],[24,8,4,12,20,16,5,13,1,21,9,17,19,23,7,11,15,18,14,3,6,22,2,10],[16,24,12,4,20,8,5,1,9,13,21,17,19,23,7,11,15,18,14,3,6,10,22,2],[12,24,20,16,4,8,1,5,21,13,9,17,23,7,19,11,15,18,14,3,2,6],[16,4,24,12,20,8,5,13,9,21,1,17,19,7,11,23,15,18,14,3,10,6,2,22],[24,4,12,8,16,20,1,5,13,21,9,17,23,7,11,15,19,18,14,3,6,2,22,10],[20,16,24,12,8,4,1,13,21,5,9,17,23,7,19,11,15,14,3,18,6,22,10,2],[16,8,24,4,20,12,1,5,13,9,21,17,19,23,11,7,15,14,3,18,6,22],[16,20,8,24,4,12,1,5,9,13,21,17,23,7,11,19,15,14,3,18,6,10,2,22],[20,4,8,16,12,24,5,1,13,21,9,17,23,19,7,11,15,14,3,18,6,22],[12,8,24,16,20,4,5,13,21,1,9,17,23,7,11,15,19,14,3,18,6,22],[4,16,24,8,20,12,1,13,9,21,5,17,23,19,11,7,15,18,14,3,6,10,22,2],[24,16,20,8,12,4,5,1,9,13,21,17,19,23,7,11,15,14,3,18,6,10,2,22],[24,4,8,12,20,16,5,1,13,9,21,17,23,7,19,11,15,14,18,3,6,10,2,22],[12,20,8,24,16,4,1,5,21,13,9,17,23,19,11,7,15,14,3,18,22,2,6],[20,4,8,24,16,12,1,13,5,9,21,17,23,7,19,11,15,18,14,3,6,10,22],[24,16,20,12,8,4,1,13,21,5,9,17,19,23,7,11,15,18,14,3,6,22,10,2],[16,4,24,20,12,8,5,13,1,9,21,17,23,19,11,7,15,18,14,3,22,6,10,2],[20,4,24,8,12,16,5,13,9,21,1,17,23,19,11,7,15,18,14,3,6,22,2,10],[12,8,4,20,24,16,5,13,21,1,9,17,23,19,7,11,15,14,3,18,6,22],[4,12,24,16,8,20,1,13,9,5,21,17,19,23,7,11,15,14,18,3,2,6,22],[24,8,12,4,16,20,1,13,21,5,9,17,19,7,11,23,15,18,14,3,6,10,22,2],[12,4,20,8,24,16,5,1,9,13,21,17,23,19,11,7,15,14,3,18,6,22],[20,4,24,12,16,8,5,13,9,21,1,17,19,23,7,11,15,18,14,3,6,22,10],[8,20,16,24,12,4,1,5,21,13,9,17,19,7,11,23,15,14,3,18,6,22,2],[8,4,24,16,20,12,1,5,21,13,9,17,19,7,23,11,15,18,14,3,6,22],[20,4,8,24,16,12,5,1,13,9,21,17,23,19,11,7,15,14,3,18,6,22,10],[4,12,8,24,16,20,1,13,9,21,5,17,19,23,7,11,15,14,3,18,6,22,2],[12,4,8,16,24,20,5,1,9,13,21,17,19,7,23,11,15,14,3,18,6,10,2],[20,4,8,12,24,16,5,13,9,1,21,17,23,7,11,15,19,18,14,3,6],[16,12,4,8,24,20,5,1,21,13,9,17,19,7,11,23,15,14,3,18,6,10,22],[24,12,4,16,8,20,5,13,9,21,1,17,19,7,23,11,15,14,3,18,6,22],[24,8,20,16,4,12,1,5,9,13,21,17,23,7,11,19,15,14,3,18,2,22,6,10],[24,20,4,12,8,16,1,13,21,5,9,17,19,23,7,11,15,14,3,18,6,22,2],[16,24,12,8,4,20,5,1,9,13,21,17,23,19,7,11,15,14,3,18,6,10,22],[4,16,12,20,24,8,5,1,9,21,13,17,23,7,19,11,15,18,14,3,6,2,10],[12,8,16,4,20,24,5,13,1,9,21,17,23,19,7,11,15,14,3,18,6,2],[12,20,24,8,4,16,1,5,9,21,13,17,19,23,7,11,15,14,3,18,6,2,22,10],[16,12,24,20,4,8,5,1,13,21,9,17,19,23,7,11,15,18,14,3,6,2,22],[4,8,20,16,12,24,5,13,1,21,9,17,23,7,19,11,15,14,18,3,6,22],[4,12,20,16,8,24,1,13,21,5,9,17,19,7,23,11,15,14,3,18,6,10,2,22],[16,4,8,12,20,24,1,13,9,5,21,17,23,19,7,11,15,18,14,3,6,22,2],[24,4,16,20,8,12,1,13,5,21,9,17,19,23,11,7,15,18,14,3,2,6,22,10],[24,4,12,16,8,20,5,13,21,1,9,17,19,7,23,11,15,14,3,18,6,2,22],[20,24,16,8,4,12,5,13,21,1,9,17,19,23,7,11,15,14,3,18,6],[16,20,8,4,24,12,1,13,21,5,9,17,19,23,7,11,15,14,3,18,6,22,10],[16,8,4,20,24,12,5,1,13,21,9,17,19,23,11,7,15,18,14,3,22,6,10],[12,20,24,8,4,16,1,5,21,13,9,17,23,7,19,11,15,18,14,3,6,10,22],[12,16,24,4,20,8,5,13,21,1,9,17,19,23,11,7,15,14,3,18,6,22,2],[12,24,20,8,4,16,5,13,1,9,21,17,19,23,11,7,15,14,3,18,6,22,10],[8,24,20,16,12,4,5,13,9,1,21,17,23,7,11,19,15,18,14,3,10,6,22,2],[4,8,24,20,12,16,5,13,1,9,21,17,23,19,7,11,15,14,3,18,6,22],[24,12,8,4,20,16,5,13,9,21,1,17,19,7,11,23,15,18,14,3,6,22],[20,12,4,24,8,16,1,13,9,5,21,17,23,7,19,11,15,14,3,18,6,2,22],[20,4,12,24,16,8,1,13,9,5,21,17,19,23,11,7,15,14,3,18,2,6,22],[20,12,4,24,8,16,5,13,1,21,9,17,19,23,11,7,15,14,3,18,6],[8,20,4,16,12,24,5,1,21,13,9,17,23,19,11,7,15,14,3,18,10,6,22],[4,16,24,8,20,12,5,13,1,9,21,17,23,19,7,11,15,18,14,3,6],[8,4,16,20,24,12,5,13,1,9,21,17,19,23,7,11,15,14,3,18,22,6,2],[8,16,12,4,24,20,5,1,21,13,9,17,23,19,7,11,15,14,3,18,6,22],[24,4,8,16,20,12,5,13,21,1,9,17,23,19,11,7,15,14,18,3,6,22],[8,24,20,16,4,12,1,5,13,21,9,17,23,19,7,11,15,14,3,18,6,2,22,10],[8,4,20,12,24,16,1,5,9,13,21,17,23,7,11,15,19,14,3,18,6,22],[8,16,20,4,12,24,5,13,1,21,9,17,19,7,23,11,15,18,14,3,6,22,10],[12,4,8,16,24,20,1,13,5,9,21,17,19,23,7,11,15,14,3,18,22,6,10],[8,20,4,16,12,24,5,13,1,9,21,17,23,7,19,11,15,18,14,3,6,22,10],[8,16,12,20,4,24,1,5,9,13,21,17,19,7,11,23,15,14,3,18,6,2,22],[8,16,4,20,12,24,1,13,9,21,5,17,23,7,19,11,15,18,14,3,22,2,6],[16,4,12,24,20,8,1,13,21,5,9,17,23,19,11,7,15,18,14,3,6,22,2],[20,8,24,12,4,16,5,13,21,1,9,17,19,7,23,11,15,14,3,18,6,10],[4,24,12,20,16,8,5,13,21,1,9,17,19,7,11,23,15,18,14,3,22,6,2,10],[24,16,4,8,12,20,1,13,9,21,5,17,23,19,7,11,15,18,14,3,6],[16,24,12,4,20,8,1,13,9,5,21,17,23,19,11,7,15,18,14,3,6,2,22,10],[20,24,16,8,4,12,5,13,21,1,9,17,19,7,11,23,15,14,3,18,22,6],[24,20,8,12,16,4,5,13,1,9,21,17,23,19,7,11,15,18,14,3,10,6,22],[24,16,4,20,12,8,1,13,21,5,9,17,19,23,11,7,15,18,14,3,6,22,2],[12,16,8,20,4,24,5,13,9,1,21,17,23,19,7,11,15,14,3,18,6,10,2,22],[24,20,12,16,8,4,5,13,9,1,21,17,23,7,19,11,15,14,3,18,6,22],[16,4,20,24,12,8,1,5,9,21,13,17,23,7,11,15,19,14,3,18,22,6,10,2],[12,4,24,20,8,16,1,13,21,5,9,17,19,23,7,11,15,18,14,3,6,22],[12,24,16,4,8,20,5,13,21,1,9,17,19,23,7,11,15,14,3,18,22,6],[24,4,12,8,16,20,1,13,5,21,9,17,19,7,23,11,15,14,3,18,6,22,10,2],[4,20,8,16,24,12,5,1,9,21,13,17,23,19,7,11,15,14,3,18,6,2,10,22],[8,20,24,4,12,16,5,1,9,21,13,17,19,7,11,23,15,18,14,3,6,22,10],[12,16,20,4,8,24,5,13,21,1,9,17,19,23,7,11,15,18,14,3,6,10,22,2],[8,16,4,24,20,12,5,13,1,9,21,17,23,7,11,15,19,18,14,3,6,22],[20,4,8,16,24,12,5,1,21,13,9,17,19,7,11,23,15,14,3,18,6,2,22],[16,20,8,12,24,4,5,13,1,21,9,17,19,7,11,23,15,14,3,18,6,10,22,2],[20,12,4,8,24,16,1,5,9,21,13,17,19,7,11,23,15,18,14,3,6,22,10],[16,24,4,20,12,8,1,13,5,9,21,17,23,7,19,11,15,14,3,18,6],[16,8,4,20,24,12,1,5,21,13,9,17,19,23,7,11,15,14,3,18,6,22],[24,4,20,8,16,12,5,1,13,21,9,17,23,19,7,11,15,18,14,3,6,22,10,2],[8,4,16,24,12,20,5,13,9,21,1,17,23,7,11,19,15,14,3,18,2,6,22,10],[24,8,20,4,12,16,5,1,13,9,21,17,19,7,11,23,15,14,3,18,10,6,22],[16,12,24,4,20,8,1,13,9,5,21,17,23,7,11,15,19,14,3,18,10,6,22],[20,12,24,16,8,4,1,13,21,5,9,17,23,19,11,7,15,18,14,3,6,22,2,10],[12,4,20,16,8,24,5,1,13,9,21,17,23,7,11,15,19,18,14,3,6,22,10,2],[4,12,16,20,8,24,1,13,21,5,9,17,23,19,7,11,15,18,14,3,2,6,10,22],[8,12,20,24,16,4,5,1,13,21,9,17,19,7,11,23,15,14,3,18,6,10,2,22],[8,20,4,24,16,12,1,5,21,13,9,17,19,23,11,7,15,18,14,3,6,22,2,10],[16,24,8,12,20,4,1,5,13,21,9,17,19,7,23,11,15,14,3,18,6,22],[20,24,16,8,12,4,5,1,9,21,13,17,19,23,7,11,15,14,3,18,6,2,10,22],[8,4,12,20,24,16,5,13,9,21,1,17,23,7,11,15,19,14,3,18,10,6,22,2],[4,12,24,16,20,8,5,13,21,1,9,17,23,7,11,15,19,18,14,3,6,22],[20,24,12,8,16,4,5,1,21,13,9,17,19,23,11,7,15,18,14,3,6,2,22],[16,20,12,4,8,24,5,13,21,1,9,17,23,19,7,11,15,18,14,3,22,6],[4,16,8,12,24,20,1,13,21,5,9,17,23,19,7,11,15,18,14,3,6,22],[16,24,8,20,12,4,1,13,21,5,9,17,19,7,11,23,15,18,14,3,6,22,2],[16,8,12,4,20,24,1,5,13,9,21,17,19,7,11,23,15,18,14,3,6,22,10,2],[4,12,8,24,16,20,1,5,21,13,9,17,19,23,11,7,15,18,14,3,6,22,2],[4,12,20,24,8,16,1,5,13,21,9,17,23,7,19,11,15,18,14,3,6,10,2,22],[12,8,20,16,24,4,1,5,9,21,13,17,19,7,11,23,15,14,3,18,6,22],[8,16,4,24,20,12,5,1,13,21,9,17,19,7,11,23,15,18,14,3,6,2,10,22],[8,4,16,20,12,24,1,5,9,21,13,17,23,7,19,11,15,18,14,3,6,22,2,10],[24,4,20,16,8,12,5,1,9,21,13,17,23,19,11,7,15,18,14,3,6,10,22],[24,4,16,20,12,8,1,5,21,13,9,17,19,7,11,23,15,14,3,18,6],[16,8,20,24,12,4,5,13,21,1,9,17,19,23,7,11,15,14,3,18,22,10,6,2],[8,4,12,20,16,24,5,1,9,21,13,17,19,7,11,23,15,18,14,3,6,22,2],[12,24,20,16,4,8,5,13,1,21,9,17,23,7,19,11,15,18,14,3,10,6,2,22],[4,20,8,16,12,24,1,13,21,5,9,17,19,23,11,7,15,14,3,18,6,22],[16,8,24,4,20,12,5,13,1,9,21,17,23,7,11,19,15,18,14,3,6,22,10],[16,24,20,4,12,8,1,5,13,9,21,17,19,23,7,11,15,14,3,18,6,2],[4,20,8,24,12,16,1,13,21,5,9,17,19,7,23,11,15,14,3,18,6,22,10,2],[20,16,4,12,24,8,1,5,9,13,21,17,19,23,7,11,15,14,3,18,6,22,10],[12,20,24,8,16,4,1,13,21,5,9,17,23,7,19,11,15,14,3,18,6,22],[8,16,24,4,12,20,5,13,9,1,21,17,19,23,11,7,15,18,14,3,6,22,10,2],[24,16,8,12,20,4,5,13,1,9,21,17,19,23,7,11,15,14,3,18,6,10,22,2],[24,4,16,20,12,8,5,1,21,13,9,17,19,23,11,7,15,18,14,3,6,10,22,2],[20,8,16,4,12,24,1,13,9,5,21,17,19,7,11,23,15,14,3,18,2,6,22,10],[16,12,8,4,24,20,5,13,9,21,1,17,19,7,23,11,15,14,18,3,10,6,22],[4,8,12,16,20,24,1,5,13,9,21,17,23,19,11,7,15,18,14,3,6,2,22,10],[24,8,4,16,12,20,5,1,13,21,9,17,19,7,11,23,15,18,14,3,6,10,2,22],[24,8,20,12,16,4,5,13,9,1,21,17,23,19,7,11,15,18,14,3,6],[16,20,4,12,24,8,1,13,21,5,9,17,19,23,11,7,15,18,14,3,6,2,22],[12,20,8,24,4,16,5,1,21,13,9,17,19,23,7,11,15,14,3,18,22,10,2,6],[8,20,16,24,12,4,1,13,9,5,21,17,23,19,7,11,15,18,14,3,6],[8,12,4,16,20,24,5,1,21,13,9,17,23,19,7,11,15,14,3,18,2,6,10,22],[12,8,16,24,4,20,1,13,5,9,21,17,19,7,11,23,15,18,14,3,6,2,22],[16,4,24,20,12,8,5,1,21,13,9,17,19,7,11,23,15,18,14,3,6,10],[12,20,8,16,4,24,1,5,9,13,21,17,19,23,7,11,15,14,3,18,2,6,22,10],[20,8,12,24,16,4,1,13,9,5,21,17,19,23,7,11,15,14,3,18,6,2,22],[12,24,20,16,8,4,1,5,9,21,13,17,23,7,19,11,15,18,14,3,6,10],[4,16,12,20,24,8,1,5,21,13,9,17,23,19,11,7,15,14,3,18,6,2,22],[4,8,24,16,12,20,5,13,21,1,9,17,19,23,11,7,15,18,14,3,6,22,2,10],[12,16,24,4,20,8,1,13,9,5,21,17,23,7,11,15,19,14,18,3,6,2,22],[24,8,20,4,16,12,5,1,21,13,9,17,19,23,11,7,15,18,14,3,6,10,22],[20,8,12,24,4,16,1,5,13,21,9,17,19,23,7,11,15,14,3,18,6,10,22],[8,16,12,4,24,20,5,13,9,1,21,17,19,23,7,11,15,14,3,18,22,6,10],[16,4,24,20,12,8,1,5,21,13,9,17,23,7,11,19,15,18,14,3,10,6,2,22],[20,8,16,4,24,12,1,5,21,13,9,17,23,7,19,11,15,18,14,3,6,22,2,10],[24,4,8,12,20,16,1,13,5,21,9,17,23,7,19,11,15,14,3,18,6,22,10],[24,12,4,8,20,16,5,1,21,13,9,17,23,7,11,15,19,18,14,3,6,10],[4,12,20,24,16,8,5,1,13,21,9,17,19,23,11,7,15,14,3,18,6,22],[20,24,12,8,16,4,5,13,21,1,9,17,23,19,11,7,15,18,14,3,6,22,10,2],[24,8,12,16,20,4,5,13,9,21,1,17,23,7,19,11,15,14,3,18,6,2,22],[20,16,12,4,8,24,5,1,21,13,9,17,19,23,7,11,15,14,3,18,6,2,22,10],[24,12,20,16,8,4,5,1,9,21,13,17,19,23,7,11,15,14,3,18,22,6,2,10],[12,20,24,4,8,16,5,13,1,21,9,17,23,19,7,11,15,14,3,18,6,22,10,2],[20,8,16,4,24,12,1,13,21,5,9,17,19,7,23,11,15,14,3,18,6,2,10,22],[20,16,4,24,12,8,1,5,9,21,13,17,19,7,11,23,15,18,14,3,6,22,10,2],[4,12,8,20,24,16,1,13,21,5,9,17,19,23,11,7,15,14,3,18,6,2,22,10],[12,20,8,24,4,16,5,1,21,13,9,17,23,7,11,15,19,14,3,18,6,2,22],[16,20,8,12,24,4,5,1,9,13,21,17,19,23,7,11,15,18,14,3,22,6],[12,16,8,24,20,4,5,13,9,21,1,17,19,23,7,11,15,18,14,3,6,22,10,2],[8,12,24,4,16,20,1,13,9,5,21,17,23,7,19,11,15,18,14,3,6,22],[12,24,8,20,16,4,5,13,9,1,21,17,23,7,19,11,15,18,14,3,6,22,10],[20,4,24,16,12,8,1,13,21,5,9,17,19,23,11,7,15,14,3,18,6,22,2],[8,24,12,20,4,16,5,13,1,21,9,17,19,23,11,7,15,18,14,3,6,22,2,10],[8,20,16,4,24,12,5,13,1,9,21,17,19,23,7,11,15,14,3,18,6,22],[12,16,24,4,8,20,5,13,1,9,21,17,23,7,11,15,19,14,3,18,10,22,6,2],[4,12,8,16,20,24,5,13,9,21,1,17,19,23,11,7,15,18,14,3,22,6,10],[4,20,12,24,8,16,5,13,21,1,9,17,19,7,11,23,15,14,18,3,6],[20,16,8,12,4,24,1,13,5,21,9,17,19,7,11,23,15,14,3,18,6,22],[16,12,4,20,8,24,5,1,9,13,21,17,23,7,19,11,15,14,3,18,6,22,2,10],[16,4,12,8,24,20,1,13,5,21,9,17,19,23,7,11,15,14,3,18,6,22,2,10],[16,20,8,24,12,4,5,1,9,21,13,17,19,23,7,11,15,18,14,3,6],[4,8,16,12,20,24,1,13,9,5,21,17,23,19,11,7,15,18,14,3,6,2,10,22],[16,4,20,8,12,24,5,1,9,21,13,17,23,19,7,11,15,14,3,18,2,6,22,10],[12,16,8,24,20,4,1,13,9,21,5,17,19,7,23,11,15,18,14,3,6,22],[4,20,8,24,16,12,5,13,1,9,21,17,23,19,7,11,15,18,14,3,6,22,10,2],[16,20,4,8,12,24,1,5,13,21,9,17,23,19,11,7,15,14,3,18,6,22,10,2],[16,24,12,8,4,20,5,13,9,1,21,17,19,7,23,11,15,14,3,18,6,22],[24,12,16,4,20,8,1,5,9,21,13,17,23,19,7,11,15,14,3,18,22,6],[4,12,24,20,8,16,1,13,5,21,9,17,23,19,7,11,15,18,14,3,6,2],[8,16,20,4,12,24,1,13,9,21,5,17,23,19,11,7,15,14,3,18,6,10,2],[12,24,8,20,16,4,1,13,21,5,9,17,19,23,11,7,15,14,3,18,6,22],[4,8,12,20,16,24,5,13,1,21,9,17,19,7,23,11,15,14,3,18,6,10,22,2],[24,4,8,16,12,20,1,13,9,5,21,17,19,7,23,11,15,14,3,18,6,22,2,10],[12,24,20,8,16,4,5,1,9,13,21,17,23,19,7,11,15,18,14,3,6,10],[20,8,24,4,12,16,1,13,5,9,21,17,19,7,11,23,15,18,14,3,6,22,2,10],[12,24,8,20,16,4,1,5,9,21,13,17,19,7,11,23,15,18,14,3,6,22],[20,4,8,24,16,12,5,13,21,1,9,17,19,23,7,11,15,18,14,3,6],[20,12,4,24,8,16,1,13,5,9,21,17,23,7,11,15,19,14,18,3,6,22,10,2],[16,20,12,8,4,24,5,13,21,1,9,17,23,19,11,7,15,14,3,18,6,2,22,10],[8,12,4,24,16,20,1,13,9,21,5,17,23,7,11,15,19,18,14,3,6,2,10,22],[12,16,24,8,20,4,1,5,21,13,9,17,19,23,7,11,15,14,3,18,6,22,2,10],[8,4,16,24,12,20,5,13,9,21,1,17,19,7,23,11,15,18,14,3,2,6,22,10],[20,16,4,8,24,12,5,13,1,9,21,17,23,7,19,11,15,18,14,3,6,22,2],[8,4,12,24,16,20,1,5,13,9,21,17,19,23,11,7,15,14,3,18,22,6],[24,20,8,4,16,12,5,1,9,21,13,17,19,23,11,7,15,18,14,3,6,22,10,2],[16,8,12,4,24,20,1,13,5,9,21,17,23,7,11,19,15,18,14,3,6,2,22,10],[4,8,24,12,16,20,5,13,9,1,21,17,23,7,11,19,15,14,3,18,6,22,10,2],[8,24,20,4,12,16,5,13,9,21,1,17,19,7,11,23,15,14,3,18,6,22,2,10],[4,8,16,12,20,24,1,13,5,9,21,17,23,7,19,11,15,18,14,3,22,6,2],[24,8,16,4,12,20,5,13,21,1,9,17,23,19,11,7,15,14,3,18,6,22,10],[24,16,4,8,20,12,1,5,21,13,9,17,23,7,11,19,15,18,14,3,6,10],[4,8,12,24,16,20,1,13,9,21,5,17,19,7,11,23,15,14,3,18,6,22,10],[16,12,4,20,24,8,1,13,9,5,21,17,19,7,11,23,15,18,14,3,6,10,22],[8,4,24,16,20,12,5,13,1,21,9,17,19,23,11,7,15,14,3,18,6],[20,8,4,12,16,24,5,13,21,1,9,17,23,7,19,11,15,18,14,3,6,22],[24,16,4,12,8,20,1,5,13,9,21,17,19,23,11,7,15,18,14,3,6,2,22],[4,12,8,16,20,24,1,5,13,9,21,17,23,19,11,7,15,18,14,3,6,2,22],[8,16,24,12,4,20,1,5,9,13,21,17,19,7,11,23,15,18,14,3,6,22,2],[16,8,4,12,24,20,1,5,21,13,9,17,19,23,7,11,15,18,14,3,6,10,22],[16,20,24,4,12,8,1,13,21,5,9,17,19,23,11,7,15,18,14,3,6,22,10],[8,20,24,12,16,4,5,1,21,13,9,17,23,7,11,19,15,18,14,3,6,22],[24,12,16,20,8,4,1,13,9,5,21,17,23,7,11,19,15,18,14,3,10,6,22],[16,24,12,20,8,4,5,13,9,21,1,17,19,7,23,11,15,18,14,3,6,22,2,10],[4,20,24,8,16,12,5,1,21,13,9,17,23,19,7,11,15,18,14,3,2,22,6],[8,24,20,16,12,4,5,13,1,21,9,17,23,19,7,11,15,14,3,18,10,6,22,2],[4,8,24,16,20,12,1,13,21,5,9,17,19,23,11,7,15,14,3,18,22,6,2],[24,8,16,4,20,12,1,5,9,13,21,17,19,23,7,11,15,14,3,18,6],[4,12,16,24,8,20,1,5,13,21,9,17,19,23,11,7,15,18,14,3,6,22,10,2],[8,12,20,16,4,24,1,5,9,21,13,17,23,7,19,11,15,14,3,18,6,2,22,10],[12,8,20,4,16,24,1,13,21,5,9,17,19,23,11,7,15,14,3,18,6,2],[24,4,20,12,8,16,1,13,21,5,9,17,19,23,7,11,15,14,3,18,6,10],[12,24,16,20,4,8,1,13,21,5,9,17,19,23,11,7,15,18,14,3,10,22,6],[12,4,24,16,20,8,1,5,9,21,13,17,23,19,11,7,15,18,14,3,6,2,22],[12,8,4,20,16,24,1,5,21,13,9,17,19,23,7,11,15,14,3,18,2,6,22],[24,20,4,16,12,8,1,5,13,9,21,17,19,7,11,23,15,18,14,3,2,10,6,22],[20,12,8,4,16,24,1,13,5,21,9,17,23,19,11,7,15,18,14,3,22,6,2],[8,20,4,16,24,12,1,13,21,5,9,17,19,7,23,11,15,18,14,3,6,22,2,10],[16,24,20,4,12,8,5,13,9,1,21,17,23,19,11,7,15,14,3,18,22,6],[20,12,16,4,8,24,1,5,9,21,13,17,19,23,7,11,15,18,14,3,6,2,22,10],[20,16,8,12,24,4,5,1,21,13,9,17,19,7,23,11,15,14,3,18,6,22,10],[24,8,12,16,20,4,1,13,21,5,9,17,23,7,11,15,19,18,14,3,6,2],[24,8,16,20,4,12,5,13,9,1,21,17,23,7,11,15,19,18,14,3,6,10,2,22],[16,20,8,4,12,24,1,5,21,13,9,17,23,7,19,11,15,14,18,3,6,22,2],[4,16,20,8,12,24,1,5,21,13,9,17,23,19,7,11,15,18,14,3,6,10,2,22],[4,16,12,8,20,24,5,13,1,9,21,17,23,7,11,15,19,14,3,18,6,22],[8,4,20,12,16,24,5,1,9,13,21,17,23,19,7,11,15,14,3,18,6,22,10],[4,16,24,8,20,12,5,1,13,21,9,17,23,7,19,11,15,18,14,3,6,22],[20,16,12,8,4,24,5,1,9,21,13,17,19,23,11,7,15,18,14,3,6,2,10,22],[20,16,24,12,4,8,5,13,21,1,9,17,19,7,23,11,15,14,18,3,6,22,10,2],[24,20,16,12,4,8,5,1,9,13,21,17,23,7,11,15,19,18,14,3,6,22,10],[4,20,12,24,16,8,1,5,9,13,21,17,19,7,11,23,15,14,3,18,6,10,2,22],[12,4,8,16,20,24,5,13,9,1,21,17,23,19,11,7,15,18,14,3,6],[16,8,4,12,24,20,1,13,5,21,9,17,19,7,11,23,15,18,14,3,6,22,10],[12,4,20,8,16,24,1,5,21,13,9,17,19,7,23,11,15,18,14,3,6,10,22,2],[24,8,20,12,4,16,5,1,21,13,9,17,19,23,7,11,15,14,3,18,6,22,10],[12,24,16,8,4,20,5,13,1,9,21,17,19,7,11,23,15,18,14,3,6,10],[4,8,20,16,24,12,5,1,21,13,9,17,23,19,7,11,15,14,3,18,6,22,2],[20,8,24,12,4,16,5,13,9,1,21,17,19,23,7,11,15,18,14,3,6,22],[8,20,4,16,24,12,5,13,9,21,1,17,19,7,11,23,15,18,14,3,6],[4,16,12,8,20,24,1,13,21,5,9,17,23,7,11,15,19,18,14,3,6,22,10],[4,8,24,20,12,16,1,5,9,13,21,17,19,7,23,11,15,14,3,18,6,22],[4,12,24,8,20,16,1,13,5,9,21,17,23,19,7,11,15,14,3,18,6,22],[12,20,16,24,4,8,5,13,1,9,21,17,19,23,11,7,15,14,18,3,6,22],[16,24,12,8,20,4,5,13,1,21,9,17,19,7,23,11,15,14,3,18,22,2,6],[4,12,20,16,24,8,5,13,9,1,21,17,19,7,23,11,15,14,18,3,6],[4,16,12,24,20,8,5,13,9,21,1,17,23,7,11,19,15,14,3,18,6],[24,4,20,8,12,16,1,5,9,21,13,17,23,19,11,7,15,14,3,18,6,2,22,10],[12,8,20,16,4,24,5,1,13,21,9,17,19,7,23,11,15,18,14,3,6,22,2],[24,4,16,20,12,8,5,13,1,21,9,17,23,7,19,11,15,14,3,18,10,6,22],[4,8,16,12,20,24,5,13,21,1,9,17,23,19,11,7,15,18,14,3,22,6,2,10],[24,12,8,20,4,16,1,13,9,5,21,17,19,23,7,11,15,14,3,18,6,22],[20,8,24,4,12,16,5,13,9,1,21,17,23,7,11,19,15,18,14,3,6,22],[8,16,20,12,24,4,5,13,21,1,9,17,19,7,23,11,15,18,14,3,6,22],[4,12,20,16,24,8,1,5,21,13,9,17,23,19,7,11,15,18,14,3,6,22,10,2],[12,20,24,4,8,16,1,5,21,13,9,17,23,19,7,11,15,14,18,3,6,10,2,22],[24,4,16,12,20,8,5,1,9,13,21,17,19,7,23,11,15,14,3,18,6,10,22],[20,12,4,8,16,24,5,13,9,21,1,17,19,23,11,7,15,14,3,18,6,22,10,2],[20,24,16,8,12,4,5,13,9,1,21,17,23,19,11,7,15,14,18,3,10,6,22,2],[20,8,24,16,12,4,5,1,9,21,13,17,19,23,7,11,15,18,14,3,6,2],[8,4,12,20,24,16,5,13,9,1,21,17,19,7,23,11,15,18,14,3,22,6,10,2],[20,12,16,8,24,4,1,5,21,13,9,17,19,23,7,11,15,14,3,18,6,22,2],[20,12,4,8,16,24,1,5,13,9,21,17,19,7,11,23,15,18,14,3,6,10,22],[24,4,8,16,20,12,1,5,21,13,9,17,23,7,11,15,19,18,14,3,6,22,10,2],[20,24,8,12,16,4,5,1,21,13,9,17,19,23,7,11,15,18,14,3,6,10,22,2],[16,24,12,8,4,20,1,5,21,13,9,17,19,7,23,11,15,18,14,3,10,6,22],[20,4,12,24,16,8,1,13,21,5,9,17,19,23,11,7,15,14,3,18,6,10,22],[24,8,4,20,12,16,5,13,9,21,1,17,23,19,7,11,15,14,3,18,6,22,10],[8,20,4,16,12,24,1,5,13,9,21,17,19,23,7,11,15,18,14,3,6,2,22],[20,12,8,24,16,4,1,5,9,13,21,17,19,23,11,7,15,14,3,18,6,22,2,10],[12,4,20,24,8,16,5,1,21,13,9,17,23,19,11,7,15,18,14,3,6,22,10,2],[4,24,12,20,8,16,1,5,9,13,21,17,23,7,11,15,19,14,3,18,6,10,22,2],[20,16,12,4,24,8,5,1,9,13,21,17,23,7,19,11,15,14,3,18,6,22],[16,8,24,4,12,20,1,13,21,5,9,17,19,23,11,7,15,18,14,3,6,2,22,10],[24,12,8,16,4,20,5,13,1,9,21,17,19,23,7,11,15,14,3,18,6,22],[24,4,8,20,12,16,5,13,1,9,21,17,23,7,11,19,15,18,14,3,6,22,2,10],[16,12,4,24,8,20,5,1,21,13,9,17,23,19,7,11,15,14,3,18,6,22,10,2],[24,16,8,12,20,4,1,13,21,5,9,17,23,19,11,7,15,14,3,18,6,2,22],[20,24,16,12,8,4,5,13,1,21,9,17,19,23,7,11,15,18,14,3,6,22,10,2],[4,24,16,8,20,12,1,13,9,5,21,17,19,7,23,11,15,18,14,3,6,22,2],[12,8,4,20,24,16,1,5,13,21,9,17,23,7,19,11,15,14,18,3,22,2,6],[24,8,16,12,4,20,1,5,9,13,21,17,19,23,11,7,15,18,14,3,6,10,22],[12,4,24,20,16,8,1,13,9,5,21,17,19,23,11,7,15,18,14,3,2,6,10,22],[16,8,20,24,4,12,5,1,21,13,9,17,23,19,11,7,15,18,14,3,6,22,10,2],[20,8,24,16,12,4,1,13,9,5,21,17,23,7,19,11,15,14,3,18,6,22],[12,20,16,8,24,4,5,13,9,1,21,17,19,7,11,23,15,18,14,3,6,22,10],[16,4,8,12,24,20,5,1,21,13,9,17,23,7,11,19,15,18,14,3,6,2,22],[8,4,12,16,20,24,5,1,21,13,9,17,19,7,11,23,15,14,3,18,6,2,22],[16,20,24,4,12,8,1,5,13,21,9,17,19,7,23,11,15,14,3,18,6,22,10,2],[20,24,16,4,12,8,5,1,9,13,21,17,19,23,7,11,15,18,14,3,22,6,2],[12,24,4,20,8,16,5,13,9,1,21,17,19,7,23,11,15,14,3,18,22,6,10,2],[8,16,20,4,12,24,1,13,21,5,9,17,23,7,19,11,15,14,3,18,6,10],[20,8,24,12,16,4,5,1,21,13,9,17,19,7,11,23,15,14,18,3,6,10,22],[24,4,20,8,16,12,1,13,21,5,9,17,23,7,19,11,15,14,3,18,2,22,6],[16,12,4,20,24,8,5,1,9,13,21,17,23,19,11,7,15,18,14,3,6,22,2],[12,4,24,20,8,16,5,13,1,21,9,17,19,23,11,7,15,18,14,3,6,22,10],[4,20,8,12,16,24,5,13,9,1,21,17,19,7,11,23,15,14,3,18,6,22,10,2],[4,16,20,12,24,8,5,13,1,9,21,17,23,7,19,11,15,14,18,3,6,2,22],[4,24,20,12,8,16,1,13,5,21,9,17,19,23,11,7,15,18,14,3,2,6,22],[12,20,4,16,8,24,5,13,9,21,1,17,23,7,19,11,15,18,14,3,6,10,22],[4,8,20,16,24,12,5,13,21,1,9,17,19,23,11,7,15,18,14,3,10,22,2,6],[12,20,16,4,8,24,1,5,13,9,21,17,19,23,7,11,15,18,14,3,6,22],[8,20,4,12,16,24,5,13,9,21,1,17,19,7,23,11,15,14,3,18,6,22,10],[24,8,20,12,16,4,5,1,9,21,13,17,19,7,11,23,15,14,3,18,6,10,22,2],[12,8,24,20,16,4,1,13,21,5,9,17,19,23,7,11,15,18,14,3,6,22,2,10],[8,20,4,24,16,12,5,1,21,13,9,17,19,7,23,11,15,18,14,3,22,6],[8,16,12,24,20,4,1,13,21,5,9,17,23,7,19,11,15,18,14,3,6,22,10],[12,4,8,20,16,24,5,13,9,21,1,17,19,23,11,7,15,18,14,3,6,22],[16,4,12,8,20,24,5,13,9,1,21,17,23,19,11,7,15,18,14,3,10,6,22,2],[20,8,24,16,4,12,5,1,9,13,21,17,19,23,11,7,15,18,14,3,6,22],[12,16,24,4,8,20,5,1,9,13,21,17,19,23,11,7,15,14,3,18,6,22],[12,16