{"problem_id":"ox3ygkPBHXhtVaD","sigma":150,"alpha":10.000,"cost":0,"probabilities":"[0.31, 0.27, 0.25, 0.17]","payoff_matrix":"[[-69, 97, 158, -30, -27, -84], [-36, 139, 36, -82, -4, 243], [240, -50, 40, 137, -102, -250], [-57, 81, -35, 62, 79, -24]]","uncovered":[[5,21,9,10,6,7,11,8,12,13,1,17,18,14,2,22,23,19,15,3,4,16,20],[9,5,6,10,11,7,8,12,1,13,21,17,18,14,2,22,23,19,15,3,4,16],[5,17,13,1,21,9,10,6,11,7,12,8,18,14,2,22,23,19,15,3,4,16,20],[5,1,21,13,17,9,10,6,11,7,12,8,18,14,3,2,22,23,4,19,15,16,24],[13,1,9,17,21,5,10,6,11,7,12,8,18,14,2,22,23,19,15,3,4,16,24],[21,5,13,1,9,6,10,11,7,8,12,17,18,14,4,22,23,19,2,15,16,24,20,3],[21,9,13,17,1,5,10,6,7,11,12,8,18,14,2,22,23,19,15,3,4,16,24,20],[5,17,13,1,9,10,6,7,11,12,8,21,18,14,2,22,23,19,15,3,4,16,20],[17,13,5,9,6,10,7,11,12,8,21,1,18,14,2,22,23,19,3,4,15,16,20],[9,17,13,21,1,5,6,10,7,11,8,12,18,14,2,22,23,19,16,15,4,3,20],[17,5,9,6,10,7,11,8,12,13,21,1,18,14,2,22,23,19,3,4,15,16],[13,5,9,6,10,7,11,12,8,1,17,21,18,14,2,22,23,19,15,3,4,16],[13,9,5,10,6,11,7,12,8,1,17,21,18,14,2,22,23,19,3,4,15,16,20,24],[17,5,9,10,6,11,7,12,8,1,21,13,18,14,2,22,23,19,16,15,3,4],[21,1,13,17,9,5,6,10,7,11,12,8,18,14,2,22,23,19,15,3,4,16,20],[13,5,9,6,10,7,11,12,8,17,21,1,18,14,2,22,23,19,15,3,4,16,20],[1,21,13,5,9,6,10,11,7,12,8,17,18,14,2,22,23,19,3,4,15,16,24],[9,5,10,6,11,7,8,12,17,21,13,1,18,14,2,22,23,19,15,3,4,16,24],[17,5,9,10,6,7,11,12,8,13,21,1,18,14,2,22,23,19,3,4,15,16],[5,1,9,10,6,11,7,8,12,21,17,13,18,14,2,22,23,19,3,4,15,16],[9,5,10,6,7,11,8,12,1,13,21,17,18,14,2,22,23,19,3,4,15,16,20,24],[1,17,21,5,13,9,10,6,11,7,12,8,18,14,2,22,23,19,3,4,16,15],[5,13,1,17,21,9,6,10,7,11,12,8,18,14,2,22,23,19,3,4,16,15],[1,13,5,17,9,6,10,11,7,8,12,21,18,14,2,22,23,19,4,16,15,3,20,24],[21,13,17,5,1,9,6,10,7,11,8,12,18,14,2,22,23,19,3,4,15,24,16],[13,1,9,21,17,5,10,6,7,11,8,12,18,14,2,22,23,19,16,20,15,3,4],[21,5,13,9,10,6,11,7,12,8,17,1,18,14,2,22,23,19,3,4,15,16,24],[1,5,17,13,9,6,10,7,11,12,8,21,18,14,2,23,19,3,4,15,16,24,20],[5,17,21,1,9,10,6,7,11,12,8,13,18,14,2,23,19,3,4,15,16,22,24,20],[9,5,10,6,7,11,8,12,1,13,17,21,18,14,2,22,23,19,3,4,15,16,24,20],[21,13,1,5,17,9,6,10,7,11,8,12,18,14,2,22,23,19,15,4,3,16,20,24],[5,13,21,17,1,9,10,6,11,7,12,8,14,18,2,24,19,22,23,15,3,4,16],[17,21,9,1,13,5,6,10,11,7,12,8,18,14,2,22,23,19,3,4,15,16,20],[5,9,6,10,11,7,8,12,13,17,1,21,18,14,2,22,23,19,4,15,24,16,20],[17,21,1,5,9,6,10,11,7,8,12,13,18,14,2,22,23,19,3,4,15,16],[5,13,9,10,6,7,11,8,12,17,1,21,18,14,2,22,23,19,3,4,15,16,24],[21,13,17,5,9,6,10,7,11,8,12,1,18,14,2,22,23,19,3,4,16,15,20,24],[21,13,1,9,17,5,6,10,11,7,12,8,18,14,2,22,23,19,15,3,4,16,24,20],[9,21,5,6,10,11,7,8,12,13,17,1,18,14,2,22,23,19,3,4,15,16,20,24],[17,5,13,9,10,6,7,11,8,12,21,1,18,14,2,22,23,19,3,4,15,16,24],[21,9,13,5,10,6,11,7,8,12,1,17,18,14,2,22,23,19,15,3,4,24,20,16],[21,1,17,5,9,10,6,11,7,12,8,13,18,14,2,22,23,19,16,3,4,15,20,24],[17,9,5,10,6,11,7,8,12,13,21,1,18,14,2,22,23,19,3,4,15,16,24,20],[21,13,5,17,1,9,6,10,11,7,12,8,18,14,2,22,23,19,15,3,4,20,16],[17,13,21,1,9,5,6,10,7,11,8,12,18,14,2,22,23,19,3,4,15,16,24,20],[1,13,9,17,5,6,10,7,11,12,8,21,18,14,2,22,23,19,3,4,15,16],[1,13,9,17,5,10,6,7,11,12,8,21,18,14,2,22,23,19,15,3,4,16,20],[13,5,21,9,10,6,11,7,12,8,17,1,18,14,2,22,23,19,15,3,4,16],[9,1,21,17,5,10,6,7,11,8,12,13,18,14,2,22,23,19,15,3,4,20,24,16],[5,9,10,6,7,11,8,12,21,17,1,13,18,14,2,22,23,19,16,15,3,4],[5,21,17,9,10,6,7,11,12,8,13,1,18,14,2,22,23,19,15,3,4,16,24,20],[1,17,13,21,9,5,10,6,7,11,8,12,18,14,2,22,23,19,3,4,16,15],[5,17,1,21,13,9,6,10,11,7,8,12,18,14,2,23,19,15,3,4,16,24,22],[9,21,17,13,5,10,6,7,11,12,8,1,18,14,2,22,23,19,3,4,15,16,20],[5,13,1,17,21,9,6,10,11,7,8,12,18,14,2,22,23,19,15,4,3,16,20,24],[13,5,21,1,9,10,6,7,11,8,12,17,18,14,2,22,23,19,15,3,4,16,24,20],[21,9,1,17,13,5,6,10,7,11,8,12,18,14,2,22,23,19,3,4,15,16,24],[1,17,9,21,13,5,10,6,7,11,12,8,18,14,2,22,23,19,3,4,15,16,24],[5,1,17,9,10,6,11,7,12,8,13,21,18,14,2,22,23,19,3,4,15,16,24,20],[13,5,9,10,6,11,7,8,12,21,17,1,18,14,2,22,23,19,3,4,16,15],[17,5,21,1,9,6,10,7,11,8,12,13,18,14,2,22,23,19,3,4,16,15,20,24],[1,17,13,5,9,6,10,7,11,12,8,21,18,14,2,22,23,19,15,3,4,16,24],[21,17,1,9,5,10,6,11,7,8,12,13,18,14,2,22,23,19,15,3,4,16,24],[5,17,21,1,13,9,6,10,7,11,12,8,18,14,2,22,23,19,3,4,15,16,24],[9,1,13,5,10,6,11,7,8,12,21,17,18,14,2,22,23,19,3,4,15,16,20],[9,5,10,6,11,7,8,12,17,21,13,1,18,14,2,22,23,19,4,16,15,3,24],[21,17,1,13,9,5,10,6,7,11,8,12,18,14,2,22,23,19,15,4,16,24,3],[21,1,13,9,5,10,6,11,7,8,12,17,18,14,2,22,23,19,3,4,15,16],[13,1,5,17,21,9,10,6,11,7,8,12,18,14,2,22,23,19,16,15,4],[17,1,9,5,10,6,7,11,12,8,21,13,18,14,2,23,19,3,4,15,16,20],[21,17,13,1,9,5,6,10,7,11,12,8,18,14,2,23,19,15,24,4,16,3,20,22],[21,13,1,17,9,5,10,6,11,7,12,8,18,14,2,22,23,19,3,4,15,24,16,20],[21,9,1,17,13,5,10,6,11,7,8,12,18,14,2,22,23,19,3,4,15,16],[17,1,9,13,21,5,6,10,11,7,8,12,18,14,2,22,23,19,15,4,16,3,24,20],[9,13,21,17,1,5,6,10,11,7,8,12,18,14,2,22,23,19,3,4,15,16,20],[13,5,21,9,6,10,11,7,8,12,17,1,18,14,2,22,23,19,15,4,20,3,16,24],[17,5,1,13,9,6,10,11,7,8,12,21,18,14,2,22,23,19,3,4,15,24,16,20],[5,1,9,6,10,7,11,12,8,13,17,21,14,18,2,22,23,19,15,3,4,16,24,20],[13,21,9,5,6,10,11,7,12,8,1,17,14,18,2,22,23,19,3,4,15,16,20,24],[5,17,21,13,1,9,10,6,7,11,8,12,18,14,2,22,23,19,15,4,16,24,20,3],[17,1,21,5,13,9,6,10,11,7,12,8,18,14,2,22,23,19,16,3,4,15,24],[5,1,13,17,21,9,6,10,7,11,8,12,18,14,3,2,4,23,19,15,16,22,20,24],[9,5,10,6,7,11,12,8,17,1,21,13,18,14,2,22,23,19,15,3,4,16],[21,17,1,13,5,9,10,6,11,7,12,8,18,14,2,22,23,19,3,4,15,24,16],[21,17,1,5,13,9,6,10,11,7,8,12,18,14,2,22,23,19,15,3,4,16],[13,5,17,21,9,10,6,7,11,12,8,1,18,14,2,22,23,19,3,4,15,16,24],[21,1,13,9,17,5,10,6,11,7,12,8,18,14,2,22,23,19,15,3,4,16,20],[9,17,5,6,10,7,11,8,12,21,1,13,18,14,2,22,23,19,15,3,4,16,24],[5,13,17,1,21,9,10,6,7,11,12,8,18,14,2,22,23,19,3,4,15,16,24,20],[21,5,13,9,10,6,11,7,8,12,1,17,18,14,2,22,23,19,3,4,15,16,20,24],[9,17,21,13,1,5,6,10,11,7,8,12,18,14,2,22,23,19,15,3,4,16,24,20],[1,5,17,13,9,6,10,7,11,8,12,21,18,14,2,22,23,19,4,15,16],[17,1,9,13,5,6,10,11,7,8,12,21,18,14,2,22,23,19,3,4,15,20],[5,9,6,10,7,11,8,12,17,13,21,1,18,14,2,22,23,19,15,3,4,16],[1,5,13,9,6,10,11,7,8,12,17,21,18,14,2,22,23,19,3,4,15,16,20],[17,1,9,21,13,5,6,10,7,11,12,8,18,14,2,23,19,16,15,3,4,20,24,22],[5,17,21,1,13,9,6,10,11,7,8,12,14,18,2,22,23,19,4,15,3,16],[9,17,21,1,5,6,10,11,7,12,8,13,18,14,2,22,23,19,3,4,15,16],[1,5,9,6,10,11,7,8,12,13,17,21,18,14,2,22,23,19,3,4,15,16,24,20],[21,17,5,9,10,6,7,11,8,12,13,1,18,14,2,22,23,19,3,4,15],[13,5,17,9,6,10,7,11,8,12,1,21,18,14,2,22,23,19,16,15,3,4],[13,21,5,17,1,9,6,10,11,7,12,8,18,14,2,22,23,19,4,15,16,20,3],[1,21,5,17,13,9,10,6,7,11,8,12,18,14,2,22,23,19,3,4,15,24,16,20],[13,9,17,21,1,5,6,10,7,11,8,12,14,18,2,22,23,19,4,16,15,3],[21,1,17,9,13,5,10,6,11,7,8,12,14,18,2,22,23,19,3,4,15,16],[9,13,17,1,5,10,6,11,7,12,8,21,18,14,2,22,23,19,4,15,16,20,24,3],[21,13,9,17,5,10,6,7,11,12,8,1,18,14,2,22,23,19,3,4,16,15],[5,9,6,10,7,11,8,12,21,17,13,1,14,18,2,22,23,19,15,3,4,16],[17,1,21,13,5,9,6,10,7,11,12,8,18,14,2,22,23,19,3,4,15,20,16],[21,5,1,13,17,9,10,6,11,7,8,12,18,14,2,22,23,19,15,3,4,16,20],[1,9,5,6,10,11,7,12,8,21,13,17,18,14,2,23,19,15,3,4,20,16,22],[21,1,9,13,17,5,6,10,11,7,8,12,18,14,2,22,23,19,3,4,15,16,24,20],[9,17,1,5,10,6,11,7,8,12,13,21,18,14,3,2,4,22,23,19,15,24,16],[17,13,5,1,21,9,6,10,11,7,12,8,18,14,2,22,23,19,15,3,4,16],[21,17,13,5,9,6,10,11,7,8,12,1,18,14,2,22,23,19,3,4,15,20,24,16],[5,21,13,1,17,9,6,10,7,11,12,8,18,14,2,22,23,19,15,3,4],[13,17,1,9,5,6,10,11,7,8,12,21,18,14,2,22,23,19,15,3,4,16],[21,13,17,5,9,6,10,7,11,8,12,1,18,14,2,23,19,3,4,15,16,20,24],[17,21,1,13,5,9,6,10,7,11,8,12,18,14,2,22,23,19,15,3,4,16],[17,21,9,13,1,5,6,10,7,11,12,8,18,14,2,22,23,19,3,4,15,16],[21,5,13,1,9,6,10,7,11,12,8,17,18,14,2,22,23,19,3,4,15,16],[1,13,9,5,6,10,11,7,12,8,17,21,18,14,2,22,23,19,3,4,15,24,16,20],[9,5,10,6,7,11,12,8,13,1,21,17,18,14,2,22,23,19,15,3,4,16,24],[17,1,9,5,6,10,7,11,8,12,21,13,18,14,2,22,23,19,3,4,15,20,16,24],[21,17,13,9,5,6,10,7,11,8,12,1,18,14,2,22,23,19,3,4,15,16,24,20],[21,13,17,9,5,10,6,11,7,8,12,1,18,14,2,22,23,19,15,3,4,16,24,20],[17,1,13,5,21,9,6,10,11,7,12,8,18,14,2,22,23,19,15,4,16,24,3],[17,1,13,5,9,6,10,7,11,12,8,21,18,14,2,22,23,19,15,16,3,4,20],[21,1,5,13,17,9,10,6,11,7,12,8,18,14,2,22,23,19,15,3,4,20,16],[21,1,9,17,13,5,6,10,11,7,8,12,18,14,3,2,4,22,23,19,15,24,20,16],[1,13,17,9,21,5,10,6,11,7,12,8,18,14,2,22,23,19,3,4,16,15],[5,21,1,17,9,6,10,7,11,8,12,13,14,18,2,22,23,19,15,3,4,16,24,20],[13,9,5,6,10,7,11,8,12,17,21,1,18,14,2,22,23,19,15,3,4,16,20,24],[5,17,1,9,6,10,11,7,8,12,21,13,18,14,2,22,23,19,3,4,16,15,20],[13,1,17,9,5,6,10,11,7,8,12,21,18,14,2,23,19,15,3,4,16,20,24,22],[13,21,1,9,17,5,6,10,7,11,8,12,18,14,2,22,23,19,15,3,4,16,24],[1,5,13,9,10,6,7,11,12,8,17,21,18,14,2,22,23,19,15,16,3,4,20],[1,13,9,5,10,6,7,11,8,12,17,21,18,14,2,22,23,19,3,4,15,16,24,20],[5,21,13,17,1,9,10,6,11,7,12,8,18,14,2,22,23,19,15,3,4,16],[9,21,1,13,5,10,6,11,7,8,12,17,18,14,2,22,23,19,3,4,15,16,20,24],[13,1,9,17,21,5,10,6,7,11,8,12,18,14,2,22,23,19,15,4,16,3,20,24],[5,9,10,6,7,11,12,8,1,13,17,21,18,14,2,22,23,19,3,4,15,16,20],[5,13,17,1,9,10,6,7,11,8,12,21,18,14,2,23,19,15,3,4,16,22,20,24],[17,5,13,21,9,10,6,7,11,12,8,1,18,14,2,22,23,19,3,4,15,16,24,20],[1,21,5,17,13,9,10,6,7,11,8,12,18,14,2,22,23,19,15,3,4],[5,13,17,9,6,10,7,11,12,8,1,21,18,14,2,22,23,19,3,4,15,16,24],[13,21,1,17,5,9,10,6,11,7,8,12,18,14,2,22,23,19,15,3,4,16,20],[21,5,1,13,9,10,6,7,11,12,8,17,18,14,2,22,23,19,15,3,4,16,20],[9,5,10,6,7,11,8,12,17,21,13,1,18,14,2,22,23,19,3,4,15,24,16,20],[1,9,17,5,6,10,7,11,12,8,21,13,18,14,2,22,23,19,4,15,24,3,20,16],[9,17,1,21,13,5,6,10,11,7,12,8,18,14,2,22,23,19,15,3,4,20,16],[13,17,9,1,21,5,10,6,11,7,12,8,18,14,2,22,23,19,15,3,4,16,20,24],[1,17,13,9,21,5,6,10,7,11,12,8,18,14,2,22,23,19,15,4,3,16,20,24],[1,21,13,5,17,9,6,10,7,11,12,8,18,14,2,22,23,19,15,3,4,16,20],[1,13,5,9,6,10,7,11,12,8,17,21,18,14,2,22,23,19,3,4,15,24,16],[5,21,9,6,10,11,7,8,12,1,13,17,18,14,2,22,23,19,15,3,4,16,20],[9,21,1,5,6,10,11,7,8,12,13,17,18,14,2,22,23,19,3,4,16,15,24,20],[17,5,21,9,6,10,11,7,12,8,1,13,18,14,2,22,23,19,3,4,15,16,24,20],[9,13,17,1,21,5,6,10,7,11,12,8,18,14,2,22,23,19,3,4,15,16],[21,1,9,17,13,5,10,6,11,7,12,8,18,14,2,22,23,19,3,4,15,16],[5,9,6,10,7,11,12,8,17,21,13,1,18,14,2,22,23,19,15,3,4,16,20,24],[9,21,13,1,17,5,6,10,7,11,8,12,18,14,2,22,23,19,3,4,15,24,16],[1,17,5,13,9,6,10,7,11,12,8,21,18,14,2,22,23,19,4,15,16,20,24,3],[1,21,9,17,5,10,6,7,11,8,12,13,18,14,2,22,23,19,16,3,4,15,20,24],[17,1,13,5,21,9,6,10,11,7,12,8,18,14,2,22,23,19,3,4,15,16],[21,1,13,5,9,6,10,11,7,12,8,17,18,14,2,22,23,19,3,4,15,16,24],[13,1,21,5,17,9,10,6,7,11,12,8,18,14,2,22,23,19,4,15,16,20,3,24],[17,21,5,13,1,9,6,10,7,11,8,12,18,14,2,23,19,15,3,4,16,22,20],[21,13,17,9,5,6,10,7,11,12,8,1,18,14,2,22,23,19,3,4,15,16,24,20],[1,13,9,5,6,10,7,11,8,12,21,17,18,14,2,22,23,19,15,3,4,16,20],[21,5,17,9,10,6,11,7,12,8,1,13,18,14,2,22,23,19,3,4,15,16],[9,21,17,5,10,6,7,11,8,12,1,13,18,14,2,22,23,19,3,4,15,16],[1,13,17,5,21,9,6,10,11,7,8,12,18,14,2,22,23,19,3,4,16,15,20,24],[1,17,21,5,13,9,6,10,7,11,8,12,18,14,2,22,23,19,15,3,4,24,16],[1,5,13,17,21,9,6,10,7,11,12,8,18,14,2,22,23,19,3,4,15,16,20,24],[13,17,1,5,9,10,6,11,7,12,8,21,14,18,2,22,23,19,16,3,4,15,24,20],[9,21,1,13,5,10,6,7,11,12,8,17,18,14,2,22,23,19,3,4,15,16,24],[5,21,1,17,13,9,6,10,7,11,8,12,18,14,2,22,23,19,3,4,15,16],[9,1,5,10,6,7,11,8,12,13,17,21,18,14,2,22,23,19,15,3,4,16,24],[21,17,5,9,10,6,7,11,12,8,13,1,18,14,2,22,23,19,15,3,4,16,20],[17,13,1,5,21,9,10,6,7,11,8,12,18,14,2,22,23,19,4,15,16,3],[17,5,13,21,9,6,10,7,11,12,8,1,18,14,2,22,23,19,3,4,15,16,24],[21,17,13,9,1,5,6,10,11,7,8,12,14,18,2,22,23,19,15,3,4,16,20],[21,9,5,6,10,11,7,8,12,13,1,17,18,14,2,22,23,19,4,15,16,3],[9,5,6,10,11,7,8,12,1,17,21,13,18,14,2,22,23,19,3,4,15,16,24,20],[17,13,1,5,9,10,6,11,7,8,12,21,18,14,2,22,23,19,3,4,15,16,20,24],[9,1,5,6,10,11,7,8,12,17,21,13,18,14,2,22,23,19,16,4,15,20,3],[9,17,5,6,10,7,11,8,12,1,21,13,18,14,2,22,23,19,3,4,15,16,24,20],[13,1,5,21,9,6,10,7,11,8,12,17,18,14,2,23,19,15,3,4,16,20,24,22],[1,13,5,9,10,6,11,7,12,8,21,17,14,18,2,22,23,19,3,4,16,15,20],[5,17,9,6,10,11,7,8,12,21,1,13,18,14,2,22,23,19,15,3,4,16,24,20],[21,13,5,1,17,9,6,10,11,7,12,8,18,14,2,22,23,19,4,15,16,3,20],[21,9,1,13,17,5,10,6,11,7,12,8,18,14,2,22,23,19,3,4,15,16,24],[13,17,9,21,5,6,10,7,11,12,8,1,18,14,2,22,23,19,15,3,4,16,24,20],[21,13,5,1,17,9,10,6,11,7,12,8,18,14,2,23,19,3,4,15,16,24,22],[1,13,5,21,17,9,10,6,11,7,12,8,19,14,2,22,23,18,4,15,3,16],[1,13,5,21,9,6,10,7,11,8,12,17,18,14,2,22,23,19,3,4,15,16],[21,9,17,5,10,6,11,7,8,12,13,1,18,14,2,22,23,19,15,4,3,16],[5,21,17,9,6,10,7,11,8,12,13,1,18,14,2,22,23,19,3,4,15,20,16],[17,13,21,1,5,9,6,10,11,7,8,12,18,14,2,22,23,19,3,4,16,15,20,24],[1,21,5,9,10,6,7,11,8,12,17,13,18,14,2,22,23,19,15,3,4,16,24,20],[5,13,21,9,10,6,11,7,8,12,1,17,18,14,2,22,23,19,3,4,15,16],[9,21,5,10,6,7,11,8,12,1,17,13,18,14,2,22,23,19,15,3,4,16],[13,9,21,17,5,10,6,7,11,8,12,1,18,14,2,22,23,19,15,3,4,16,24,20],[1,13,9,17,5,6,10,7,11,12,8,21,18,14,2,22,23,19,16,3,4,15,20,24],[13,9,21,5,6,10,7,11,12,8,17,1,18,14,2,22,23,19,3,4,15,16,24],[5,21,17,13,1,9,10,6,7,11,12,8,18,14,2,22,23,19,15,3,4,16,24],[21,1,17,9,5,10,6,11,7,8,12,13,18,14,2,22,23,19,16,15,3,4,24],[17,13,5,1,21,9,10,6,11,7,8,12,18,14,2,22,23,19,3,4,15,16,20,24],[13,17,1,5,9,6,10,7,11,8,12,21,14,18,2,22,23,19,3,4,15,16,20],[5,13,9,10,6,11,7,8,12,17,21,1,18,14,2,22,23,19,3,4,15,16,20,24],[21,13,17,1,9,5,10,6,7,11,12,8,18,14,2,22,23,19,3,4,15],[13,21,1,9,5,10,6,7,11,12,8,17,18,14,2,22,23,19,3,4,15,16,24],[5,13,1,9,10,6,7,11,8,12,17,21,18,14,2,23,19,3,4,15,16,24,22],[9,5,10,6,7,11,12,8,21,1,13,17,14,18,2,22,23,19,15,3,4],[17,1,9,13,21,5,6,10,11,7,8,12,18,14,2,22,23,19,15,3,4,16,24],[13,9,21,1,5,6,10,7,11,12,8,17,18,14,2,22,23,19,3,4,15],[17,21,5,9,10,6,11,7,8,12,13,1,18,14,2,22,23,19,15,4,3,16,20,24],[5,21,1,17,9,6,10,11,7,8,12,13,18,14,2,22,23,19,16,3,4,15,24],[13,17,9,5,6,10,11,7,8,12,1,21,14,18,2,23,19,3,4,15,16],[17,13,1,9,21,5,10,6,7,11,12,8,18,14,2,23,19,3,4,16,15,20,22,24],[21,1,17,9,5,6,10,7,11,8,12,13,18,14,2,22,23,19,3,4,15,16,24],[21,5,13,17,1,9,6,10,11,7,8,12,18,14,2,22,23,19,4,16,15,3,24,20],[1,9,5,10,6,11,7,12,8,13,21,17,18,14,2,23,19,15,3,4,20,24,16,22],[13,9,21,1,17,5,6,10,7,11,8,12,18,14,2,22,23,19,3,4,15,16,20,24],[21,5,9,6,10,11,7,12,8,1,13,17,14,18,2,22,23,19,3,4,15,16],[17,13,21,5,1,9,6,10,11,7,12,8,18,14,2,22,23,19,3,4,15,16,24,20],[21,13,5,9,6,10,11,7,8,12,1,17,18,14,2,22,23,19,3,4,15,16,24,20],[9,17,21,13,5,6,10,11,7,12,8,1,18,14,2,22,23,19,3,4,15,16],[17,13,5,1,9,10,6,7,11,12,8,21,18,14,2,22,23,19,3,4,16,15,24],[21,1,13,17,5,9,10,6,7,11,12,8,18,14,2,22,23,19,3,4,15,24,16,20],[21,13,9,17,5,10,6,7,11,8,12,1,18,14,2,22,23,19,3,4,15,16,20],[1,21,13,9,17,5,10,6,7,11,8,12,18,14,2,22,23,19,3,4,15,16],[21,5,17,13,9,10,6,11,7,12,8,1,18,14,3,2,4,22,23,19,15,16,20,24],[9,21,5,6,10,7,11,8,12,1,17,13,18,14,2,22,23,19,3,4,15,16,20],[1,21,13,9,17,5,10,6,11,7,12,8,18,14,2,22,23,19,3,4,15,16,20],[13,5,17,9,10,6,11,7,8,12,1,21,18,14,2,22,23,19,3,4,15,16],[13,21,5,9,6,10,7,11,12,8,17,1,18,14,2,22,23,19,3,4,15,16,20,24],[9,13,1,5,10,6,11,7,8,12,17,21,14,18,2,22,23,19,4,16,15,3,20],[1,21,17,5,9,6,10,11,7,12,8,13,18,14,2,22,23,19,15,3,4,16,24],[1,13,21,9,17,5,6,10,7,11,12,8,18,14,2,22,23,19,4,15,3,16,20],[13,5,21,1,9,10,6,7,11,12,8,17,18,14,2,22,23,19,15,3,4],[5,9,6,10,11,7,8,12,17,21,13,1,18,14,2,22,23,19,3,4,15,16],[9,13,1,21,5,10,6,7,11,12,8,17,18,14,2,22,23,19,3,4,15,16],[5,9,10,6,7,11,12,8,21,17,13,1,18,14,2,22,23,19,3,4,15,20,16],[17,21,13,5,9,6,10,11,7,12,8,1,18,14,2,22,23,19,3,4,15,16],[1,13,21,5,17,9,6,10,7,11,12,8,18,14,2,22,23,19,3,4,15,16],[1,21,13,5,17,9,10,6,11,7,12,8,18,14,2,22,23,19,3,4,15,24,16,20],[1,21,13,17,9,5,6,10,11,7,12,8,18,14,2,22,23,19,16,3,4,15,24],[17,21,5,1,13,9,10,6,7,11,12,8,18,14,2,22,23,19,15,3,4,16,20,24],[9,17,13,1,21,5,10,6,11,7,12,8,18,14,2,22,23,19,15,3,4,16,24],[5,21,9,10,6,7,11,12,8,13,17,1,18,14,2,23,19,3,4,15,16,22],[21,17,5,9,10,6,7,11,12,8,1,13,18,14,2,22,23,19,15,3,4,16,24,20],[1,21,9,5,6,10,11,7,8,12,17,13,18,14,2,22,23,19,16,3,4,15,24,20],[9,5,6,10,11,7,12,8,13,17,1,21,18,14,3,2,4,22,23,19,24,15,16,20],[17,5,21,9,10,6,11,7,8,12,1,13,18,14,2,22,23,19,15,16,3,4,20,24],[21,17,13,5,9,10,6,11,7,12,8,1,18,14,2,22,23,19,4,16,15,3,20],[17,21,1,13,9,5,6,10,11,7,12,8,18,14,2,22,23,19,15,3,4,16],[17,13,21,5,9,10,6,11,7,12,8,1,18,14,2,22,23,19,3,4,15,16,24,20],[1,21,13,17,5,9,10,6,11,7,8,12,18,14,2,22,23,19,3,4,15,16],[5,1,9,10,6,11,7,12,8,17,21,13,18,14,2,23,19,15,3,4,16,24,20],[5,17,21,1,13,9,10,6,11,7,12,8,18,14,2,22,23,19,4,15,16,24,3,20],[5,21,1,9,10,6,11,7,12,8,17,13,18,14,2,22,23,19,15,3,4,16,20],[17,5,13,9,10,6,11,7,12,8,1,21,18,14,2,22,23,19,3,4,15,16,24],[13,17,5,21,1,9,10,6,7,11,8,12,18,14,2,22,23,19,3,4,15,20,16,24],[5,21,13,17,1,9,10,6,7,11,12,8,18,14,2,22,23,19,3,4,15,16,20],[21,1,13,5,9,6,10,11,7,8,12,17,18,14,2,22,23,19,15,3,4,20,16,24],[13,17,21,5,1,9,6,10,7,11,12,8,18,14,2,22,23,19,3,4,15,16,24],[5,17,1,9,10,6,11,7,8,12,13,21,18,14,2,22,23,19,15,3,4,16],[21,13,5,9,6,10,7,11,8,12,17,1,18,14,2,22,23,19,3,4,15,16],[9,21,17,1,13,5,6,10,11,7,12,8,18,14,2,22,23,19,4,15,3,16,24],[5,17,9,6,10,7,11,12,8,1,21,13,18,14,2,22,23,19,15,4,16,24,20,3],[9,1,21,5,6,10,7,11,8,12,13,17,18,14,2,22,23,19,3,4,16,15,24,20],[21,9,17,5,6,10,11,7,8,12,13,1,18,14,2,22,23,19,4,15,16,24,3,20],[1,17,21,13,5,9,10,6,11,7,12,8,18,14,2,22,23,19,3,4,16,15],[21,17,1,13,5,9,10,6,7,11,12,8,18,14,2,22,23,19,15,3,4,16,20],[1,17,9,21,5,10,6,11,7,12,8,13,18,14,2,22,23,19,3,4,15,16,24],[21,1,17,5,13,9,6,10,7,11,8,12,18,14,2,22,23,19,15,3,4,16],[5,9,6,10,7,11,8,12,17,1,21,13,18,14,2,22,23,19,15,16,4,3],[21,1,17,13,9,5,10,6,11,7,8,12,18,14,2,22,23,19,3,4,16,15],[17,1,21,9,13,5,10,6,7,11,8,12,18,14,2,22,23,19,3,4,16,15],[21,17,1,9,5,6,10,11,7,8,12,13,18,14,2,22,23,19,15,3,4,16,24],[1,9,21,17,13,5,10,6,11,7,12,8,18,14,2,22,23,19,3,4,15,16,20,24],[13,21,5,9,6,10,7,11,8,12,17,1,18,14,2,22,23,19,15,3,4,16],[13,9,17,1,5,10,6,11,7,12,8,21,14,18,2,23,19,3,4,15,20,16,22,24],[13,5,21,17,9,10,6,7,11,8,12,1,14,18,2,22,23,19,3,4,15,16,20],[21,17,9,5,10,6,7,11,12,8,1,13,18,14,2,22,23,19,3,4,15,16,24],[13,1,21,9,17,5,6,10,7,11,8,12,18,14,2,22,23,19,4,15,16,24,3,20],[13,9,5,6,10,7,11,8,12,1,21,17,18,14,2,23,19,3,4,15,16,24],[1,13,5,21,9,6,10,7,11,12,8,17,18,14,2,22,23,19,3,4,15,16],[1,21,13,17,9,5,10,6,11,7,12,8,14,18,2,22,23,19,15,3,4,16],[21,5,13,1,17,9,10,6,11,7,8,12,18,14,2,23,19,3,4,15,16,20,22,24],[1,13,9,21,5,10,6,7,11,8,12,17,18,14,2,22,23,19,15,3,4,16,20,24],[21,13,17,5,9,6,10,7,11,12,8,1,18,14,2,22,23,19,15,4,16,24,3],[17,1,9,5,10,6,11,7,12,8,13,21,18,14,2,22,23,19,3,4,15,20,16,24],[9,17,5,10,6,11,7,8,12,13,1,21,18,14,2,22,23,19,3,4,16,15,20],[21,13,9,17,5,10,6,11,7,12,8,1,18,14,2,22,23,19,3,4,15,16,20,24],[21,17,13,9,5,6,10,11,7,12,8,1,18,14,2,22,23,19,16,15,3,4,24,20],[5,13,21,1,9,6,10,11,7,12,8,17,18,14,2,22,23,19,3,4,15,24,16,20],[21,9,1,5,6,10,11,7,8,12,13,17,18,14,2,23,19,15,4,24,16,3,22],[17,9,21,5,6,10,7,11,12,8,1,13,18,14,2,22,23,19,15,3,4,16,20],[17,13,5,9,10,6,7,11,12,8,1,21,18,14,2,22,23,19,15,3,4,16,24,20],[9,5,6,10,7,11,12,8,17,21,1,13,18,14,2,22,23,19,3,4,15,16,24,20],[13,17,9,1,21,5,10,6,7,11,12,8,18,14,2,22,23,19,16,3,4,15,20],[21,5,17,1,13,9,10,6,7,11,8,12,18,14,2,22,23,19,3,4,15,16,24,20],[9,1,5,10,6,11,7,8,12,21,13,17,18,14,2,22,23,19,3,4,15,24,16,20],[21,9,17,5,10,6,11,7,8,12,13,1,18,14,2,22,23,19,3,4,16,15,24,20],[1,17,5,9,6,10,7,11,12,8,13,21,18,14,2,22,23,19,3,4,16,15],[17,5,13,1,9,6,10,11,7,8,12,21,18,14,2,22,23,19,3,4,15,16],[1,5,17,13,21,9,6,10,11,7,8,12,18,14,2,22,23,19,3,4,15,16],[5,21,17,9,6,10,11,7,8,12,13,1,14,18,3,2,22,23,4,19,15,16,20],[13,1,5,17,21,9,10,6,7,11,12,8,18,14,2,22,23,19,3,4,15,16,24],[5,9,6,10,7,11,12,8,13,21,17,1,18,14,2,22,23,19,3,4,15,16,24],[5,17,21,9,6,10,11,7,12,8,1,13,18,14,2,22,23,19,3,4,15,20,16,24],[1,21,17,5,9,10,6,7,11,8,12,13,14,18,2,23,19,16,3,4,15,24],[17,13,5,9,10,6,11,7,12,8,21,1,18,14,2,22,23,19,3,4,15,16,24],[9,1,17,5,10,6,7,11,12,8,21,13,18,14,2,22,23,19,15,3,4,16,24,20],[9,13,17,5,6,10,11,7,8,12,21,1,18,14,2,22,23,19,15,3,4,24,16],[13,9,5,6,10,7,11,8,12,21,17,1,18,14,2,22,23,19,16,3,4,15,20],[1,5,9,10,6,7,11,8,12,17,21,13,18,14,3,2,4,22,23,19,15,16,24],[13,17,9,5,10,6,11,7,12,8,1,21,14,18,2,22,23,19,3,4,15,16,24],[21,1,17,9,13,5,10,6,11,7,8,12,18,14,2,23,19,15,3,4,20,16,24],[17,21,9,13,1,5,6,10,7,11,12,8,18,14,2,22,23,19,16,15,3,4,20],[1,21,17,5,9,10,6,7,11,8,12,13,18,14,2,22,23,19,15,3,4,16],[17,21,13,5,1,9,6,10,7,11,12,8,18,14,2,22,23,19,3,4,15,20,24,16],[9,17,13,21,1,5,6,10,7,11,8,12,18,14,3,2,4,22,23,19,15,16],[9,5,10,6,7,11,8,12,1,17,13,21,18,14,2,22,23,19,15,3,4,20,16,24],[5,17,21,13,9,6,10,7,11,8,12,1,18,14,2,22,23,19,15,4,16,3,20,24],[9,5,6,10,7,11,8,12,21,1,13,17,18,14,2,22,23,19,15,3,4,20,16],[9,13,5,10,6,11,7,12,8,1,17,21,18,14,2,22,23,19,3,4,16,15,20],[1,13,5,21,9,10,6,11,7,12,8,17,18,14,2,22,23,19,3,4,15,20,24,16],[9,21,5,6,10,7,11,8,12,17,13,1,18,14,3,2,4,22,23,19,15,16,20],[13,9,17,1,21,5,6,10,7,11,12,8,18,14,2,22,23,19,15,3,4,16,20],[9,17,1,5,10,6,7,11,12,8,21,13,18,14,2,22,23,19,3,4,15,16],[1,21,9,13,5,6,10,11,7,12,8,17,18,14,2,22,23,19,3,4,16,15],[13,1,17,9,21,5,6,10,11,7,12,8,18,14,2,22,23,19,15,3,4,16,20],[1,5,17,21,13,9,6,10,7,11,8,12,18,14,2,22,23,19,15,4,24,16,20,3],[17,21,13,5,1,9,10,6,11,7,12,8,18,14,3,2,4,23,19,15,24,16,22],[5,13,17,21,9,6,10,11,7,12,8,1,18,14,2,22,23,19,16,15,3,4],[13,17,1,21,5,9,10,6,7,11,12,8,18,14,2,22,23,19,3,4,15,24,16,20],[21,9,1,5,6,10,7,11,12,8,13,17,18,14,2,22,23,19,15,3,4,16,24,20],[1,9,13,21,5,6,10,11,7,8,12,17,18,14,2,22,23,19,15,4,16,3,24,20],[13,21,1,5,9,6,10,7,11,8,12,17,18,14,2,23,19,4,15,24,16],[1,13,21,9,5,6,10,11,7,12,8,17,18,14,2,22,23,19,3,4,15,20,16,24],[5,21,9,10,6,7,11,8,12,13,1,17,18,14,2,22,23,19,3,4,15,16,24,20],[5,13,17,9,10,6,7,11,8,12,1,21,18,14,2,22,23,19,15,3,4,16],[21,9,13,5,6,10,7,11,8,12,17,1,18,14,2,22,23,19,15,3,4,16,24,20],[13,1,9,5,6,10,7,11,12,8,21,17,18,14,2,22,23,19,3,4,15,16],[5,1,21,13,17,9,10,6,11,7,8,12,18,14,2,22,23,19,16,3,4,15],[5,9,6,10,7,11,8,12,21,13,17,1,18,14,2,22,23,19,3,4,15,16,20,24],[17,9,13,5,6,10,11,7,12,8,1,21,18,14,2,22,23,19,16,4,15,24,3],[1,21,13,9,17,5,6,10,7,11,8,12,18,14,2,22,23,19,15,4,16,3],[1,13,17,9,5,6,10,11,7,8,12,21,14,18,2,22,23,19,15,3,4,20,16,24],[21,5,13,17,1,9,10,6,11,7,8,12,18,14,2,22,23,19,15,3,4,24,16],[13,5,9,10,6,11,7,8,12,17,1,21,18,14,2,22,23,19,3,4,15,16,24],[1,17,9,13,5,6,10,7,11,8,12,21,18,14,2,22,23,19,3,4,15,16],[13,9,17,5,10,6,7,11,8,12,1,21,18,14,2,22,23,19,3,4,15,16,24],[13,9,1,5,6,10,11,7,12,8,17,21,18,14,2,22,23,19,3,4,15,16],[21,5,13,1,9,10,6,7,11,8,12,17,18,14,2,22,23,19,3,4,15,16,20,24],[5,21,13,1,17,9,10,6,11,7,8,12,18,14,2,22,23,19,3,4,15,16,24,20],[9,17,21,5,10,6,11,7,8,12,13,1,18,14,2,22,23,19,3,4,15,16,20,24],[13,1,21,17,5,9,6,10,11,7,12,8,18,14,2,22,23,19,3,4,15,24,16],[17,9,1,5,6,10,7,11,8,12,13,21,18,14,2,22,23,19,3,4,15,16,24],[21,17,9,5,10,6,7,11,12,8,13,1,18,14,2,22,23,19,3,4,15,16],[21,9,5,10,6,7,11,8,12,13,17,1,18,14,2,22,23,19,16,3,4,15],[17,13,1,21,9,5,6,10,11,7,12,8,18,14,2,22,23,19,15,3,4,16,20],[1,9,17,5,10,6,7,11,8,12,21,13,18,14,2,22,23,19,15,3,4,16,24],[1,5,17,13,9,6,10,11,7,12,8,21,18,14,2,22,23,19,15,3,4,16],[9,1,13,17,5,6,10,11,7,12,8,21,18,14,2,22,23,19,15,3,4,16,24],[9,21,5,10,6,11,7,8,12,13,17,1,18,14,2,22,23,19,3,4,16,15,20],[1,17,5,21,9,10,6,7,11,12,8,13,18,14,2,22,23,19,15,4,24,16,3,20],[21,9,17,13,1,5,6,10,7,11,12,8,14,18,2,22,23,19,3,4,15,16,24],[1,5,17,13,9,10,6,11,7,8,12,21,18,14,2,22,23,19,15,3,4,16],[13,5,17,9,6,10,7,11,8,12,21,1,18,14,2,22,23,19,15,3,4,16,20,24],[21,13,5,1,17,9,6,10,11,7,12,8,18,14,2,22,23,19,15,4,3,16,24],[9,13,17,21,5,6,10,11,7,12,8,1,18,14,2,22,23,19,3,4,15,16,24],[5,21,1,17,9,10,6,11,7,12,8,13,18,14,2,22,23,19,15,3,4,24,16],[9,21,1,5,6,10,7,11,12,8,17,13,18,14,3,2,4,22,23,19,15,16,24,20],[21,13,1,5,9,10,6,7,11,12,8,17,18,14,2,22,23,19,15,3,4,16,20],[9,17,5,10,6,11,7,8,12,1,13,21,18,14,2,22,23,19,15,20,3,4,16,24],[21,1,17,13,5,9,6,10,7,11,12,8,18,14,2,22,23,19,3,4,15,16,20],[17,1,21,5,13,9,10,6,7,11,8,12,14,18,2,22,23,19,3,4,15,16],[21,5,13,9,10,6,7,11,12,8,17,1,18,14,2,22,23,19,15,3,4,16,24],[17,21,9,5,10,6,7,11,12,8,1,13,18,14,2,22,23,19,15,3,4,16],[9,1,17,13,5,6,10,7,11,12,8,21,18,14,2,22,23,19,4,15,16,24,3],[9,1,5,10,6,7,11,8,12,17,13,21,18,14,2,22,23,19,15,3,4,24,16],[13,21,9,1,17,5,6,10,11,7,12,8,18,14,2,22,23,19,15,3,4,16,20,24],[17,9,13,1,21,5,6,10,7,11,12,8,18,14,2,22,23,19,15,3,4,16],[17,1,21,13,9,5,10,6,7,11,8,12,18,14,2,22,23,19,3,4,15,16],[5,17,13,21,1,9,6,10,7,11,12,8,18,14,2,23,19,3,4,15,16,22],[17,9,1,5,6,10,11,7,8,12,21,13,18,14,2,22,23,19,15,4,24,16,3],[5,21,13,17,9,10,6,11,7,12,8,1,18,14,2,22,23,19,16,15,3,4],[17,1,9,21,13,5,10,6,7,11,8,12,18,14,2,22,23,19,3,4,15,16],[5,13,21,17,1,9,6,10,7,11,8,12,18,14,2,22,23,19,16,15,3,4,24,20],[5,1,21,13,17,9,6,10,11,7,12,8,18,14,2,22,23,19,3,4,15,16],[17,5,9,6,10,11,7,12,8,21,1,13,18,14,2,22,23,19,16,3,4,15,20,24],[21,13,1,9,5,10,6,11,7,12,8,17,18,14,2,22,23,19,3,4,15,20,16],[13,21,5,1,17,9,6,10,7,11,8,12,18,14,2,22,23,19,16,3,4,15],[9,5,6,10,11,7,8,12,21,13,1,17,18,14,2,23,19,3,4,15,16,20,22,24],[5,21,17,9,6,10,7,11,12,8,1,13,18,14,2,22,23,19,4,15,3,16],[1,5,13,17,9,6,10,7,11,8,12,21,18,14,2,22,23,19,3,4,15,24,16,20],[13,9,1,21,17,5,10,6,7,11,8,12,18,14,2,22,23,19,3,4,15,16],[21,17,5,9,6,10,11,7,8,12,1,13,18,14,2,22,23,19,16,15,3,4],[17,1,5,9,6,10,7,11,8,12,13,21,18,14,2,22,23,19,15,3,4,16,20,24],[17,13,9,1,5,6,10,11,7,12,8,21,18,14,2,22,23,19,3,4,15,16,24],[21,17,13,9,5,6,10,7,11,8,12,1,18,14,2,22,23,19,3,4,15,16,24,20],[17,21,9,13,1,5,10,6,7,11,12,8,18,14,2,23,19,3,4,15,16,22,24,20],[13,21,1,9,17,5,10,6,11,7,12,8,18,14,2,22,23,19,16,15,3,4,24],[5,21,1,9,10,6,7,11,12,8,17,13,18,14,2,22,23,19,3,4,15,16,24,20],[13,1,5,17,21,9,6,10,7,11,12,8,18,14,2,22,23,19,15,3,4,16,24,20],[1,5,13,17,21,9,6,10,7,11,8,12,18,14,2,22,23,19,15,3,4,16,24],[1,9,17,5,6,10,11,7,8,12,21,13,18,14,2,23,19,15,3,4,16,20,22,24],[5,9,6,10,11,7,8,12,13,21,1,17,18,14,2,22,23,19,3,4,16,15],[1,13,5,17,9,6,10,11,7,12,8,21,18,14,2,22,23,19,15,3,4,16,20],[17,5,13,9,6,10,7,11,8,12,21,1,18,14,2,22,23,19,3,4,15,16],[9,5,6,10,7,11,12,8,1,17,13,21,18,14,2,22,23,19,15,3,4,16],[17,9,21,1,5,10,6,11,7,8,12,13,18,14,2,22,23,19,16,4,15,3,20],[21,13,1,9,5,10,6,11,7,12,8,17,18,14,2,22,23,19,3,4,15,16,24],[21,17,13,1,9,5,10,6,7,11,8,12,18,14,2,22,23,19,3,4,15,16],[5,21,13,9,10,6,7,11,8,12,1,17,18,14,2,22,23,19,3,4,15,16,20,24],[5,9,6,10,11,7,8,12,21,17,1,13,18,14,2,22,23,19,15,4,3,16,24,20],[13,21,17,5,1,9,6,10,7,11,8,12,18,14,2,22,23,19,3,4,15,16,24],[1,21,17,5,13,9,6,10,11,7,12,8,18,14,2,22,23,19,15,16,4,20,3],[17,5,1,13,21,9,10,6,11,7,12,8,18,14,2,22,23,19,15,3,4,16],[5,1,17,13,21,9,10,6,7,11,12,8,18,14,2,22,23,19,15,4,16],[21,17,13,5,1,9,6,10,7,11,8,12,18,14,2,22,23,19,15,3,4,16,24,20],[21,13,17,9,5,10,6,7,11,8,12,1,18,14,2,22,23,19,15,3,4,16,24,20],[5,21,9,6,10,7,11,8,12,17,1,13,18,14,2,22,23,19,15,3,4],[9,1,13,5,10,6,7,11,8,12,17,21,18,14,2,22,23,19,15,3,4,16],[5,1,9,10,6,7,11,12,8,21,13,17,18,14,2,22,23,19,15,3,4,16,20,24],[1,9,5,6,10,7,11,8,12,21,13,17,18,14,2,22,23,19,15,3,4,16],[21,5,1,9,6,10,11,7,12,8,13,17,18,14,2,22,23,19,3,4,15,16,20,24],[17,21,9,13,1,5,6,10,11,7,8,12,18,14,2,22,23,19,3,4,16,15],[21,13,9,1,5,6,10,11,7,12,8,17,18,14,2,22,23,19,3,4,15,16,24],[1,9,21,13,5,10,6,7,11,8,12,17,18,14,2,22,23,19,3,4,15,16,24],[5,17,9,6,10,11,7,8,12,13,21,1,18,14,2,22,23,19,3,4,16,15,24,20],[5,9,6,10,7,11,8,12,1,13,17,21,18,14,2,22,23,19,3,4,15,24,16,20],[1,5,21,9,6,10,11,7,12,8,13,17,18,14,2,22,23,19,15,16,3,4,20],[13,5,17,9,10,6,7,11,8,12,21,1,18,14,2,22,23,19,3,4,15,16,20,24],[13,5,1,17,21,9,6,10,11,7,12,8,18,14,2,22,23,19,3,4,15,16,24],[1,17,9,21,13,5,10,6,11,7,12,8,18,14,2,22,23,19,3,4,16,15],[1,21,13,5,9,6,10,7,11,8,12,17,18,14,2,22,23,19,16,3,4,15,24,20],[9,21,13,5,6,10,11,7,8,12,1,17,18,14,2,22,23,19,3,4,15,24,16],[21,1,13,9,5,6,10,7,11,12,8,17,18,14,2,22,23,19,15,3,4,16,24,20],[13,9,1,5,10,6,7,11,8,12,21,17,18,14,2,22,23,19,15,3,4,16,20,24],[9,5,10,6,7,11,12,8,1,17,21,13,18,14,2,22,23,19,15,3,4,16,24,20],[17,5,21,13,1,9,10,6,11,7,8,12,18,14,2,22,23,19,15,3,4,16,20],[17,1,13,9,5,6,10,11,7,12,8,21,18,14,2,22,23,19,15,3,4,16],[5,9,10,6,11,7,12,8,1,13,21,17,18,14,2,23,19,15,3,4,16],[1,5,21,17,9,10,6,7,11,12,8,13,18,14,2,22,23,19,16,3,4,15,20,24],[5,21,9,6,10,7,11,8,12,1,13,17,18,14,2,22,23,19,15,3,4,16,24,20],[17,5,21,9,10,6,11,7,12,8,1,13,18,14,2,22,23,19,3,4,15,16,24],[21,1,5,13,17,9,10,6,11,7,12,8,18,14,2,22,23,19,15,3,4,16],[17,21,13,1,9,5,6,10,7,11,12,8,18,14,2,22,23,19,3,4,15,20,24,16],[5,17,9,6,10,7,11,8,12,13,21,1,18,14,2,22,23,19,16,3,4,15],[1,5,21,17,13,9,10,6,11,7,12,8,18,14,2,22,23,19,15,3,4,16],[5,9,6,10,7,11,12,8,1,17,21,13,14,18,2,22,23,19,3,4,16,15,24,20],[13,5,21,9,6,10,7,11,8,12,1,17,18,14,2,22,23,19,3,4,15,16,20,24],[5,9,6,10,11,7,12,8,1,13,21,17,18,14,2,22,23,19,15,3,4,16,20],[17,1,13,9,5,10,6,11,7,12,8,21,18,14,2,22,23,19,3,4,15,16],[17,1,9,13,5,10,6,7,11,8,12,21,18,14,2,22,23,19,3,4,15,16,24,20],[5,17,1,13,21,9,10,6,7,11,12,8,18,14,2,22,23,19,3,4,15,16,20,24],[13,1,17,21,5,9,6,10,7,11,8,12,18,14,3,2,4,22,23,19,15,16,24],[9,17,1,21,5,10,6,11,7,8,12,13,18,14,2,22,23,19,3,4,16,15,20,24],[1,13,17,5,9,10,6,7,11,12,8,21,18,14,2,22,23,19,3,4,15,16],[21,17,1,9,5,6,10,11,7,8,12,13,18,14,2,22,23,19,15,3,4,16],[9,17,21,13,1,5,10,6,11,7,8,12,18,14,2,22,23,19,3,4,16,15,20,24],[17,5,13,1,21,9,6,10,11,7,12,8,18,14,2,22,23,19,15,3,4,16,24],[21,13,9,17,1,5,10,6,11,7,8,12,18,14,2,22,23,19,3,4,15,16],[13,1,21,5,17,9,6,10,11,7,12,8,18,14,2,22,23,19,3,4,15,24,20,16],[17,1,21,5,9,10,6,7,11,8,12,13,18,14,2,22,23,19,3,4,15,16],[17,5,1,13,9,10,6,11,7,8,12,21,18,14,2,22,23,19,15,3,4,16,24,20],[21,13,5,17,1,9,10,6,7,11,12,8,18,14,2,22,23,19,4,15,16,24,3,20],[13,9,1,17,21,5,6,10,11,7,12,8,18,14,2,22,23,19,4,15,3,16,24,20],[1,13,17,9,5,6,10,7,11,12,8,21,18,14,2,22,23,19,15,3,4,16,24],[13,9,5,10,6,11,7,12,8,21,1,17,18,14,2,22,23,19,15,3,4,16,24,20],[5,9,10,6,11,7,8,12,17,21,1,13,18,14,2,22,23,19,3,4,16,15,20],[21,13,1,9,5,10,6,7,11,12,8,17,18,14,2,23,19,3,4,15,16,22,20,24],[13,9,17,21,1,5,10,6,7,11,8,12,18,14,2,22,23,19,3,4,15,16],[21,1,13,9,5,6,10,7,11,8,12,17,18,14,2,22,23,19,15,3,4,16],[9,21,1,5,10,6,7,11,8,12,17,13,18,14,2,22,23,19,3,4,15,16,24,20],[13,1,21,17,9,5,6,10,11,7,8,12,18,14,2,22,23,19,3,4,15,16,24],[9,17,1,13,21,5,6,10,11,7,8,12,18,14,3,2,4,23,19,15,24,16,20,22],[21,13,17,1,5,9,10,6,7,11,8,12,18,14,2,22,23,19,15,3,4,16,20,24],[9,21,17,13,1,5,10,6,11,7,8,12,18,14,2,22,23,19,15,3,4,24,16,20],[21,9,1,17,13,5,10,6,7,11,8,12,18,14,2,22,23,19,3,4,15,16,24,20],[1,17,5,9,6,10,7,11,12,8,13,21,18,14,2,22,23,19,4,16,15,3,24,20],[13,5,1,21,9,6,10,7,11,8,12,17,18,14,2,22,23,19,15,3,4,16,24],[21,5,13,9,6,10,11,7,8,12,17,1,18,14,2,22,23,19,16,3,4,15,20],[5,21,17,9,6,10,7,11,12,8,1,13,14,18,2,22,23,19,3,4,15,16],[17,9,13,21,5,10,6,7,11,8,12,1,18,14,2,22,23,19,3,4,16,15,20,24],[1,5,9,10,6,7,11,8,12,21,13,17,18,14,2,22,23,19,15,4,16,3,24],[1,21,13,17,5,9,10,6,11,7,12,8,18,14,2,22,23,19,3,4,15,16,20,24],[5,17,9,10,6,11,7,12,8,13,1,21,18,14,2,22,23,19,3,4,15,16,20,24],[9,21,1,17,13,5,6,10,7,11,12,8,18,14,2,23,19,3,4,15,16,22],[5,17,1,9,6,10,11,7,8,12,21,13,18,14,2,23,19,15,3,4,16,24],[13,1,5,21,9,6,10,11,7,12,8,17,18,14,2,22,23,19,15,3,4,16],[1,9,17,21,13,5,10,6,11,7,12,8,18,14,2,22,23,19,3,4,16,15,24,20],[21,5,17,9,6,10,11,7,12,8,1,13,18,14,2,22,23,19,3,4,15,16],[5,1,17,13,21,9,6,10,11,7,8,12,18,14,2,22,23,19,15,3,4,16],[9,21,17,13,1,5,6,10,11,7,8,12,18,14,2,22,23,19,16,15,3,4],[13,1,5,21,17,9,6,10,7,11,8,12,18,14,2,23,19,15,3,4,16,22],[1,17,9,21,13,5,10,6,7,11,8,12,18,14,2,22,23,19,16,3,4,15,24],[13,9,21,5,6,10,7,11,8,12,17,1,18,14,2,22,23,19,3,4,15,16,20],[21,13,9,17,1,5,10,6,7,11,12,8,18,14,2,22,23,19,16,15,3,4],[5,13,9,6,10,7,11,12,8,1,17,21,18,14,2,22,23,19,15,3,4,16,20],[13,1,21,17,5,9,10,6,11,7,12,8,14,18,2,22,23,19,4,15,3,20,16],[13,21,5,1,17,9,10,6,7,11,12,8,18,14,2,22,23,19,3,4,16,15,20],[17,1,9,21,5,6,10,7,11,12,8,13,18,14,2,22,23,19,3,4,16,15,20,24],[1,5,17,13,21,9,6,10,7,11,12,8,18,14,2,22,23,19,15,3,4,20,24,16],[13,17,1,21,5,9,10,6,11,7,8,12,18,14,2,22,23,19,16,3,4,15,24,20],[5,17,9,10,6,11,7,8,12,13,1,21,18,14,2,22,23,19,15,3,4,16,20,24],[21,5,9,6,10,7,11,8,12,1,17,13,18,14,2,22,23,19,15,3,4,16,24],[21,1,5,9,10,6,11,7,12,8,17,13,14,18,2,22,23,19,15,3,4,20,16],[21,5,1,13,9,6,10,11,7,12,8,17,18,14,2,22,23,19,16,3,4,15,20],[21,13,5,1,17,9,10,6,11,7,12,8,18,14,2,22,23,19,15,3,4,16,24],[21,5,13,9,10,6,7,11,8,12,17,1,18,14,3,2,4,22,23,19,16,15],[5,17,9,10,6,11,7,12,8,13,1,21,18,14,2,22,23,19,3,4,15,16,20,24],[21,13,5,1,9,10,6,7,11,12,8,17,14,18,2,22,23,19,15,3,4,20,16],[9,13,5,10,6,7,11,12,8,17,1,21,14,18,2,22,23,19,15,3,4,24,16,20],[21,13,9,17,1,5,6,10,11,7,8,12,18,14,2,22,23,19,15,3,4,16,24],[1,13,9,5,6,10,11,7,8,12,21,17,14,18,2,23,19,15,3,4,16,24,20],[5,17,13,9,10,6,11,7,12,8,21,1,18,14,2,22,23,19,16,15,3,4,24,20],[13,1,5,21,17,9,6,10,7,11,12,8,18,14,2,22,23,19,3,4,15,24,16,20],[17,21,5,9,6,10,11,7,12,8,1,13,18,14,2,23,19,3,4,15,16,20],[9,17,21,1,13,5,10,6,11,7,12,8,18,14,2,22,23,19,4,15,20,16,3,24],[21,13,5,1,9,10,6,11,7,12,8,17,18,14,2,22,23,19,15,3,4,16,24],[5,21,9,6,10,11,7,8,12,1,13,17,18,14,2,22,23,19,3,4,15,16,24],[21,13,1,9,5,6,10,11,7,12,8,17,18,14,2,22,23,19,4,15,16,24,3,20],[21,13,5,9,6,10,11,7,12,8,1,17,18,14,2,22,23,19,3,4,15,24,16,20],[9,13,1,21,5,6,10,7,11,12,8,17,18,14,2,22,23,19,3,4,15,16],[5,21,9,6,10,11,7,8,12,17,13,1,18,14,2,22,23,19,15,3,4],[21,5,13,17,9,10,6,7,11,12,8,1,18,14,2,22,23,19,15,4,20,3,16,24],[13,1,9,5,10,6,11,7,12,8,21,17,18,14,2,22,23,19,3,4,15,24,16],[1,17,21,5,13,9,6,10,7,11,12,8,18,14,2,22,23,19,15,3,4,16,20],[17,1,9,13,5,6,10,7,11,12,8,21,18,14,2,22,23,19,15,3,4,16,24],[5,1,9,6,10,11,7,8,12,13,17,21,18,14,3,2,22,23,4,19,15,16,20,24],[13,9,17,21,1,5,6,10,7,11,12,8,18,14,2,22,23,19,15,3,4,24,16,20],[21,9,13,5,6,10,11,7,8,12,17,1,18,14,2,22,23,19,3,4,15,16],[1,13,17,5,21,9,6,10,11,7,8,12,18,14,2,22,23,19,15,3,4,16],[21,5,17,9,10,6,7,11,8,12,1,13,18,14,2,22,23,19,3,4,15,16,20,24],[5,13,1,9,10,6,11,7,12,8,17,21,18,14,2,22,23,19,15,3,4,16],[9,17,21,1,5,6,10,11,7,8,12,13,18,14,2,22,23,19,3,4,16,15,20,24],[1,13,21,9,5,10,6,7,11,8,12,17,18,14,2,22,23,19,15,3,4,16],[9,13,5,10,6,7,11,12,8,17,1,21,18,14,2,22,23,19,15,3,4,16,20,24],[21,17,1,9,5,6,10,7,11,8,12,13,18,14,2,22,23,19,3,4,15,16,24,20],[9,1,17,13,5,10,6,11,7,12,8,21,18,14,2,23,19,3,4,15],[5,1,21,9,6,10,7,11,8,12,13,17,18,14,2,22,23,19,3,4,15,16],[5,13,17,21,1,9,10,6,7,11,8,12,18,14,2,22,23,19,15,3,4,16,20,24],[17,1,5,13,9,6,10,11,7,12,8,21,18,14,2,22,23,19,4,15,16,20,3,24],[1,13,21,9,17,5,6,10,7,11,12,8,18,14,2,22,23,19,15,3,4,24,16],[13,1,9,17,21,5,6,10,7,11,12,8,18,14,2,22,23,19,16,3,4,15,20,24],[21,9,1,13,5,10,6,7,11,12,8,17,18,14,2,22,23,19,3,4,15,24,16],[13,21,1,17,9,5,6,10,7,11,8,12,18,14,2,22,23,19,16,15,3,4,20],[1,17,13,21,9,5,6,10,7,11,12,8,18,14,2,22,23,19,3,4,16,15,24,20],[9,21,13,1,17,5,6,10,7,11,8,12,18,14,2,22,23,19,3,4,15,16,24,20],[5,9,6,10,11,7,12,8,13,21,17,1,18,14,2,22,23,19,3,4,16,15,24,20],[1,9,13,17,21,5,6,10,11,7,8,12,14,18,2,22,23,19,15,16,3,4],[9,1,13,21,5,10,6,11,7,12,8,17,18,14,2,22,23,19,3,4,15,16,20,24],[9,17,1,5,6,10,7,11,12,8,21,13,18,14,2,22,23,19,3,4,15,20,16,24],[21,9,1,17,5,10,6,11,7,8,12,13,18,14,2,22,23,19,3,4,15,16],[5,17,9,10,6,11,7,8,12,13,21,1,18,14,2,22,23,19,3,4,15,16],[21,5,17,9,6,10,7,11,8,12,1,13,18,14,2,22,23,19,3,4,15,16,24],[17,9,13,5,6,10,11,7,8,12,1,21,18,14,2,22,23,19,3,4,15,16],[5,13,21,9,10,6,11,7,12,8,17,1,18,14,2,22,23,19,3,4,15,16,20,24],[13,17,21,5,1,9,10,6,11,7,12,8,18,14,2,22,23,19,4,15,16,20,3,24],[1,13,9,17,5,10,6,11,7,8,12,21,18,14,2,22,23,19,15,3,4,24,16],[21,13,9,17,5,10,6,11,7,12,8,1,18,14,2,22,23,19,3,4,15,24,16],[17,1,21,5,9,10,6,7,11,8,12,13,18,14,2,22,23,19,3,4,15,16],[21,5,13,17,9,10,6,11,7,8,12,1,18,14,2,22,23,19,3,4,15,16],[21,1,13,17,9,5,6,10,7,11,8,12,18,14,2,22,23,19,4,15,20,16,24,3],[9,17,21,13,1,5,10,6,7,11,8,12,18,14,2,22,23,19,15,3,4,16,24],[5,21,1,17,13,9,10,6,7,11,8,12,14,18,2,22,23,19,15,3,4,20,16],[17,21,5,13,9,10,6,7,11,8,12,1,18,14,2,22,23,19,15,3,4,16,24],[21,1,9,5,10,6,11,7,12,8,13,17,18,14,2,22,23,19,3,4,15,16,20,24],[9,21,1,5,10,6,7,11,8,12,13,17,18,14,2,22,23,19,3,4,15,16,24],[21,17,5,9,10,6,11,7,8,12,13,1,18,14,2,22,23,19,3,4,15,16,20],[17,9,1,21,13,5,10,6,7,11,12,8,18,14,2,22,23,19,3,4,15,16,20],[1,5,9,10,6,7,11,8,12,17,21,13,18,14,2,22,23,19,15,4,16,3],[1,5,21,13,9,6,10,7,11,8,12,17,18,14,2,22,23,19,3,4,15,24,16],[21,9,13,17,1,5,6,10,7,11,8,12,18,14,2,22,23,19,3,4,15,20,16,24],[5,13,17,21,1,9,6,10,7,11,12,8,18,14,2,22,23,19,4,16,15,3],[13,1,9,21,17,5,6,10,11,7,8,12,18,14,2,23,19,15,3,4,16,22,20,24],[13,5,21,17,1,9,10,6,7,11,12,8,18,14,2,22,23,19,16,3,4,15,24],[1,5,21,9,10,6,7,11,12,8,17,13,18,14,2,22,23,19,15,3,4,16],[17,21,5,1,13,9,10,6,11,7,12,8,18,14,2,22,23,19,3,4,15,16,24,20],[17,5,21,1,9,6,10,11,7,8,12,13,18,14,2,22,23,19,15,3,4,16,20,24],[1,17,9,13,5,6,10,11,7,8,12,21,18,14,2,22,23,19,3,4,15,16,20,24],[21,17,13,1,5,9,6,10,11,7,8,12,18,14,2,22,23,19,3,4,15,16,24],[1,13,9,5,6,10,7,11,12,8,17,21,18,14,2,22,23,19,15,3,4,16],[5,1,21,17,9,10,6,7,11,12,8,13,18,14,2,22,23,19,3,4,15,16,20],[21,5,9,10,6,7,11,8,12,17,13,1,18,14,2,22,23,19,3,4,15,16,20],[17,13,21,9,1,5,10,6,11,7,12,8,18,14,2,22,23,19,3,4,15,16],[13,9,21,1,17,5,10,6,11,7,8,12,18,14,2,22,23,19,15,3,4,16],[5,9,6,10,7,11,8,12,21,1,17,13,18,14,2,23,19,15,3,4],[9,5,6,10,7,11,8,12,1,17,13,21,18,14,2,22,23,19,15,3,4,16],[13,5,9,10,6,11,7,8,12,21,1,17,18,14,2,22,23,19,15,4,3,16,24],[5,13,9,6,10,11,7,12,8,1,21,17,18,14,2,23,19,15,4,16,3,24,20,22],[21,1,17,5,9,6,10,11,7,12,8,13,18,14,2,22,23,19,3,4,16,15,20,24],[13,17,9,5,6,10,11,7,12,8,1,21,18,14,2,22,23,19,15,3,4,16],[17,5,13,1,9,10,6,11,7,8,12,21,18,14,2,22,23,19,15,4,16,3,24],[13,1,17,5,9,10,6,11,7,8,12,21,18,14,2,22,23,19,16,15,3,4],[17,9,21,13,5,10,6,11,7,8,12,1,18,14,2,22,23,19,15,3,4,16,24],[17,5,21,13,9,6,10,7,11,8,12,1,14,18,2,22,23,19,4,15,16,3],[5,1,21,17,13,9,6,10,11,7,12,8,18,14,2,23,19,15,3,4,16],[13,1,17,21,9,5,6,10,11,7,8,12,18,14,2,23,19,3,4,15,16,20,24,22],[13,21,1,17,5,9,6,10,7,11,8,12,18,14,2,22,23,19,3,4,15,16,24],[13,1,17,9,21,5,10,6,7,11,8,12,18,14,2,22,23,19,3,4,15,20,16,24],[9,1,5,10,6,11,7,12,8,13,17,21,18,14,2,22,23,19,3,4,15,16,24,20],[1,5,9,10,6,7,11,12,8,13,21,17,18,14,2,22,23,19,3,4,15,16],[21,9,17,5,6,10,7,11,8,12,1,13,18,14,2,22,23,19,15,16,3,4],[9,5,6,10,7,11,8,12,13,17,1,21,18,14,2,22,23,19,15,3,4,16,20,24],[9,5,6,10,11,7,8,12,13,21,17,1,18,14,2,22,23,19,3,4,15,16],[9,13,1,5,6,10,7,11,8,12,17,21,18,14,2,22,23,19,15,4,16,24,3],[13,9,5,10,6,11,7,12,8,21,17,1,18,14,2,22,23,19,16,15,3,4],[21,5,9,10,6,11,7,12,8,17,1,13,18,14,2,22,23,19,15,20,3,4],[1,5,9,10,6,7,11,12,8,13,17,21,18,14,2,22,23,19,15,3,4,16,24],[17,9,5,10,6,11,7,12,8,13,21,1,18,14,2,22,23,19,16,15,3,4],[9,17,5,10,6,11,7,8,12,13,21,1,18,14,2,23,19,3,4,15,16,22,20,24],[13,5,1,9,6,10,11,7,8,12,17,21,18,14,2,22,23,19,4,15,3,16,24],[17,21,1,9,5,10,6,7,11,12,8,13,18,14,2,22,23,19,3,4,15,16,20],[9,17,21,13,1,5,10,6,11,7,12,8,18,14,2,22,23,19,15,3,4,16,20,24],[9,17,1,13,21,5,10,6,7,11,8,12,18,14,2,22,23,19,3,4,15,20,16,24],[1,21,5,17,9,6,10,7,11,8,12,13,18,14,2,22,23,19,3,4,15,24,16],[21,1,5,13,17,9,10,6,11,7,12,8,18,14,2,22,23,19,15,4,16,3,20,24],[1,13,17,21,5,9,10,6,7,11,8,12,18,14,2,22,23,19,4,15,16],[13,17,9,1,5,10,6,11,7,8,12,21,18,14,2,22,23,19,3,4,15,16,24],[17,9,21,13,5,6,10,11,7,8,12,1,18,14,2,22,23,19,15,3,4,16,20,24],[1,17,21,13,9,5,10,6,7,11,12,8,18,14,3,2,4,22,23,19,15,16,20],[5,13,1,21,9,6,10,11,7,8,12,17,18,14,2,22,23,19,15,3,4,16,20],[5,21,1,13,9,6,10,7,11,12,8,17,18,14,2,23,19,3,4,15,24,20,16],[5,17,9,6,10,11,7,12,8,1,21,13,18,14,2,22,23,19,3,4,15,16,24],[9,13,5,6,10,7,11,12,8,17,21,1,18,14,2,22,23,19,15,3,4,16,24,20],[1,13,21,17,9,5,6,10,11,7,12,8,18,14,2,22,23,19,15,4,3,16],[1,17,5,21,13,9,10,6,11,7,8,12,18,14,2,22,23,19,15,3,4,16,24,20],[13,17,1,21,5,9,10,6,11,7,12,8,18,14,2,22,23,19,3,4,15,16],[1,9,17,21,13,5,10,6,11,7,8,12,18,14,2,22,23,19,15,3,4,24,16,20],[21,9,13,17,1,5,6,10,7,11,8,12,18,14,2,22,23,19,16,3,4,15],[13,1,5,21,9,10,6,7,11,8,12,17,14,18,2,22,23,19,15,4,16,3],[1,9,5,10,6,11,7,