{"problem_id":"P15AR9Nmef1kTkF","sigma":75,"alpha":0.100,"cost":0,"probabilities":"[0.02, 0.01, 0.03, 0.94]","payoff_matrix":"[[-17, 131, 57, 94, -106, -141], [-146, 7, -63, -183, 16, 39], [-11, 121, 159, 64, -90, -39], [-125, 8, -43, -164, -46, 1]]","uncovered":[[8,24,16,4,12,20,13],[8,12,24,20,4,16,22,5],[8,12,4,20,16,24],[16,12,24,20,4,8],[20,16,24,4,12,8,21],[24,16,8,4,20,12],[12,8,20,16,24,4],[16,20,8,12,4,24],[16,12,24,8,4,20],[8,16,12,20,4,24],[20,8,4,24,12,16,9],[4,8,20,24,16,12],[12,24,16,8,4,20],[4,20,24,12,16,8],[8,16,24,4,12,20,17,23],[4,8,20,16,12,24,17,11,9],[16,24,20,12,4,8],[16,4,24,12,20,8],[20,8,12,4,16,24,6],[8,4,20,24,12,16],[12,4,8,20,24,16],[16,24,12,20,8,4,18],[16,24,8,12,20,4],[16,8,20,12,24,4,1],[12,24,8,20,16,4,22],[24,4,20,12,16,8,1],[12,24,16,20,8,4,19],[8,4,16,20,24,12,6],[20,8,12,4,24,16,2,7,6],[20,16,4,8,24,12,23],[12,4,24,8,16,20],[16,8,24,20,4,12],[4,20,8,24,12,16,18],[8,20,16,12,4,24,3],[20,4,8,16,12,24,3,7],[8,16,20,4,24,12,2],[8,20,16,24,4,12,23],[24,20,8,12,4,16],[12,8,24,16,4,20,23,5],[24,12,4,20,8,16,23],[24,8,20,12,16,4],[20,16,24,8,12,4,14,6],[24,8,16,20,4,12,5],[4,20,12,8,24,16,6],[24,20,8,4,12,16,5],[8,16,12,24,4,20,21],[12,24,4,16,8,20],[12,16,4,24,20,8],[8,16,4,12,20,24,3,7],[4,8,12,24,16,20],[24,8,4,20,16,12],[4,8,20,24,16,12],[20,16,8,24,4,12],[4,20,12,24,8,16,3],[12,20,16,24,8,4],[20,8,24,4,16,12],[12,8,20,4,24,16],[16,8,24,12,4,20,17,2],[8,20,4,24,16,12],[24,12,8,20,16,4],[4,16,20,24,8,12,15,17],[24,16,12,4,20,8,23],[16,24,20,4,12,8,22],[20,24,12,16,4,8,7],[16,4,20,24,8,12],[12,20,16,4,24,8],[8,20,4,24,16,12,2],[12,4,24,8,16,20,9],[24,20,16,8,4,12],[12,24,8,20,16,4],[12,4,16,8,20,24],[8,20,16,4,24,12,10],[4,16,12,8,20,24],[20,16,8,24,12,4,23],[8,4,24,16,20,12],[16,12,4,24,20,8],[4,24,8,12,16,20],[12,8,20,24,16,4,17],[8,24,12,4,20,16],[8,24,20,16,4,12],[24,4,16,8,12,20,17,11],[4,20,12,24,8,16],[4,20,16,12,8,24,6],[4,8,24,16,20,12],[24,16,12,20,8,4],[4,16,20,12,8,24],[12,4,24,20,16,8,19],[24,20,12,16,4,8],[24,8,12,4,20,16],[8,4,24,12,20,16],[8,16,12,20,4,24,22],[4,20,8,16,12,24],[24,4,8,12,16,20],[4,24,20,16,12,8,14],[24,12,4,20,16,8,14,11],[16,4,12,24,20,8],[20,8,24,12,4,16,3,23],[12,24,20,8,4,16],[4,8,16,24,12,20],[20,16,24,8,12,4],[4,24,20,16,12,8],[4,16,24,8,12,20],[12,8,16,4,24,20],[16,8,12,24,20,4,2],[16,24,8,12,4,20],[12,8,20,16,4,24],[4,24,12,8,20,16],[20,24,12,8,16,4,17],[24,20,4,8,12,16],[16,12,4,20,8,24,17],[8,4,20,12,24,16,3],[20,24,8,12,16,4,21],[12,4,20,24,16,8,21],[16,8,20,4,24,12],[4,12,16,24,20,8],[24,12,8,16,4,20,23],[20,4,24,12,8,16,5],[24,12,20,8,16,4],[24,4,12,8,16,20,10],[12,24,20,16,8,4,21],[16,20,24,4,12,8],[20,12,16,8,4,24,15],[24,4,12,20,16,8],[12,24,16,4,8,20],[8,24,12,20,16,4,14],[20,12,24,16,4,8,6],[24,4,12,8,20,16],[16,4,8,20,24,12,17],[20,4,8,16,24,12],[4,16,20,24,8,12],[20,8,4,24,12,16],[24,4,16,12,20,8],[8,20,24,4,12,16],[4,16,24,20,8,12,14],[24,20,4,16,12,8],[16,24,4,12,20,8,23],[24,12,16,4,20,8],[20,24,8,4,16,12],[20,16,4,12,8,24],[8,24,16,12,4,20,23],[4,16,8,20,24,12,5],[8,12,24,16,20,4,14],[8,20,24,12,4,16],[4,16,8,20,12,24,18,19],[4,12,24,16,8,20,3],[20,8,16,24,12,4,3,10,14],[4,8,20,12,24,16],[20,4,24,16,8,12,9,7],[24,8,20,4,16,12],[4,20,8,24,12,16],[12,8,4,24,20,16,17],[4,16,12,20,24,8],[24,4,12,20,16,8,23],[20,8,24,4,12,16,2],[8,16,24,20,4,12],[4,8,16,12,20,24,19],[12,20,8,16,24,4],[4,24,16,20,12,8],[20,8,16,24,12,4,7],[16,8,20,4,12,24],[24,8,20,4,12,16],[4,24,20,8,12,16],[4,20,16,12,24,8],[4,20,16,12,8,24,7],[20,24,16,12,8,4,22,21],[16,20,24,12,4,8],[4,12,8,24,16,20],[8,20,16,4,24,12,23],[16,4,12,8,20,24],[8,12,4,24,16,20],[4,20,12,16,24,8],[8,16,24,20,12,4,17,6],[8,24,16,4,20,12],[12,16,8,4,20,24,5],[16,20,4,12,8,24],[24,4,8,12,16,20],[8,20,24,16,12,4,2,23],[8,16,20,12,24,4,19],[12,24,8,20,16,4,15],[16,8,24,20,4,12],[20,8,12,4,16,24],[8,12,20,24,16,4],[24,4,20,16,8,12],[24,20,4,16,8,12,7,13],[20,16,8,24,12,4,17,6],[16,24,20,8,12,4,5],[24,4,8,12,20,16],[8,20,16,12,4,24,9],[12,8,4,20,16,24,21],[16,8,20,12,4,24],[12,20,24,16,4,8],[20,24,8,4,12,16],[8,20,12,16,4,24,19],[4,20,24,12,16,8],[20,4,8,16,12,24,13],[8,20,4,16,12,24],[24,16,4,8,20,12,17,7],[4,12,8,24,20,16],[8,4,12,24,20,16],[4,16,20,12,8,24],[8,12,4,24,20,16,11,19,5],[4,24,16,8,12,20],[4,16,20,8,24,12,3,15],[20,4,24,8,16,12],[16,4,24,8,12,20],[20,8,12,16,24,4],[20,8,12,16,4,24,23],[24,4,8,12,16,20,15],[24,8,16,4,20,12],[12,20,4,16,8,24],[4,12,16,20,24,8],[20,16,12,24,4,8,23],[24,12,20,16,4,8,5],[8,24,4,16,12,20,22,23],[12,16,4,20,8,24],[16,8,4,24,12,20,5,18],[12,20,16,4,8,24],[12,8,20,16,24,4],[20,4,8,24,12,16],[8,20,12,4,24,16],[20,24,4,16,8,12,22,1],[8,12,4,16,20,24],[20,8,24,12,16,4],[4,8,20,16,12,24,15],[24,20,16,12,8,4],[24,4,8,16,12,20],[24,8,16,20,12,4,22,6],[20,4,16,12,8,24],[20,8,12,16,4,24,5],[4,24,8,12,20,16,23],[4,24,8,20,16,12],[24,16,12,8,4,20,22,14,21],[8,4,12,20,24,16],[16,20,8,12,24,4,3,1,5],[24,4,20,8,16,12,21],[16,20,12,24,8,4,3],[8,4,20,12,24,16],[4,20,16,8,12,24,19],[16,24,12,8,20,4,1],[16,20,24,12,4,8,10],[8,20,24,12,16,4],[20,24,4,16,12,8],[12,4,16,8,20,24,23],[4,24,12,16,20,8,5],[4,20,24,16,8,12,1,10,5],[24,4,16,8,12,20],[8,12,24,16,20,4,11],[12,4,8,24,20,16],[8,4,24,20,16,12,15,14],[24,4,12,8,16,20,15],[16,24,4,8,12,20,6],[12,24,16,20,4,8,7],[24,4,8,16,20,12],[8,16,4,24,20,12,3],[12,20,8,16,24,4,19],[20,8,12,16,4,24,1],[12,4,24,16,20,8],[24,20,16,8,12,4],[8,4,20,16,24,12],[16,20,24,4,8,12,17],[4,20,16,24,12,8],[16,24,4,8,20,12],[16,24,12,20,8,4],[24,8,12,4,16,20],[12,20,8,24,4,16,23],[12,8,24,4,16,20],[4,16,20,8,12,24],[24,8,12,4,20,16],[12,24,8,20,16,4,7],[8,16,4,24,20,12,9,22],[8,16,20,12,24,4,19],[16,4,12,20,8,24],[20,16,24,4,8,12],[16,24,4,12,20,8],[16,4,24,12,20,8],[4,16,24,8,12,20],[24,20,16,12,8,4,1],[24,12,20,16,8,4,7],[16,8,24,4,12,20,10],[8,16,12,4,20,24,9,13],[4,16,12,24,20,8],[4,16,8,24,20,12],[4,24,20,16,8,12,23],[16,12,4,20,24,8,18],[4,20,16,12,24,8],[4,12,16,8,24,20,15],[20,8,24,12,4,16],[12,16,20,4,8,24,19],[20,24,16,4,8,12],[12,20,4,16,24,8,18,14,5],[4,16,12,20,24,8],[16,24,12,20,8,4],[4,12,20,8,16,24],[16,8,24,4,12,20],[24,8,4,12,16,20,18,23],[4,12,24,8,16,20],[24,8,20,12,4,16],[24,20,12,4,16,8,11,19],[20,8,24,16,12,4,9],[16,20,8,12,24,4],[20,16,8,12,4,24],[12,8,20,16,4,24,15],[8,24,12,16,4,20],[4,12,16,24,8,20,18,21],[24,16,12,4,20,8],[12,8,16,20,24,4],[8,20,4,12,16,24],[16,4,12,8,24,20],[24,16,20,8,12,4],[12,8,20,4,24,16],[4,12,24,20,8,16,23],[24,20,12,16,8,4],[12,8,20,16,4,24,7],[20,16,24,8,12,4],[8,4,24,12,16,20,6,23],[16,20,4,24,12,8,6,7],[24,20,16,4,8,12],[4,24,8,12,20,16],[16,20,12,24,8,4],[12,4,8,16,24,20,21],[8,16,12,24,4,20],[8,24,12,16,4,20],[20,16,24,8,4,12],[16,24,4,8,20,12],[4,24,12,8,16,20],[8,20,16,4,24,12,6,19,21],[4,24,16,8,12,20],[16,4,20,12,24,8],[4,20,8,16,24,12,2,17],[24,4,20,16,12,8],[4,12,16,24,20,8],[16,12,24,8,20,4],[24,8,16,4,12,20,14],[16,4,24,12,8,20],[8,4,20,16,24,12,21,22,19],[16,8,4,20,12,24,13],[16,4,20,8,24,12],[16,12,8,20,24,4,7],[4,8,16,12,24,20,2],[8,24,4,16,20,12],[4,20,8,24,12,16,3],[16,4,24,20,12,8,18],[12,20,16,4,24,8,11],[12,24,16,20,4,8,15,18],[12,20,4,24,16,8],[12,16,20,4,24,8],[20,4,24,8,16,12,5],[24,16,12,4,20,8,7,9],[4,8,12,24,20,16,17],[4,16,12,24,8,20,2,11],[12,16,20,8,4,24],[4,16,20,12,24,8],[24,8,4,12,20,16],[8,4,16,12,20,24],[12,4,8,24,16,20,10,7],[12,20,24,16,4,8,17,7],[12,20,8,4,16,24],[20,4,8,12,24,16],[24,20,12,4,16,8],[20,4,12,16,24,8],[20,4,16,24,8,12],[12,16,4,24,20,8],[16,24,4,12,20,8],[24,4,16,20,12,8],[16,8,12,20,4,24],[12,20,4,16,24,8,23],[8,20,12,24,16,4],[4,12,16,8,20,24],[24,16,20,12,8,4],[16,24,12,8,20,4],[24,20,12,16,4,8,13],[8,16,20,12,24,4],[20,4,12,24,16,8,11,14],[20,12,4,16,8,24],[16,20,4,24,8,12,1,23],[24,20,4,12,16,8],[24,4,16,12,20,8],[4,12,24,16,8,20,19,22,13],[20,16,12,8,4,24,7],[12,8,20,24,4,16],[12,20,4,24,16,8],[20,16,24,8,12,4],[20,12,24,8,16,4,10],[8,12,16,24,20,4],[20,8,4,12,24,16],[8,12,4,20,16,24],[12,8,24,16,4,20],[20,4,8,24,16,12],[24,4,8,20,12,16],[8,20,24,4,16,12],[24,8,16,12,4,20,11],[24,8,12,4,16,20],[16,12,20,24,8,4],[24,4,12,16,20,8],[4,12,16,24,8,20,11],[12,8,24,4,20,16],[8,12,16,24,20,4],[24,4,12,16,20,8,23],[4,24,8,20,12,16,9,14,10,21],[8,12,24,4,20,16],[16,24,8,4,20,12],[12,8,20,24,4,16],[20,24,8,12,4,16],[16,12,4,8,20,24,13,10],[4,8,24,16,12,20],[12,16,20,8,4,24],[20,4,24,8,12,16,10,11,21],[4,20,8,24,12,16,6],[12,24,16,20,8,4],[4,24,12,8,20,16],[12,24,20,8,16,4,7],[24,20,16,4,12,8,7],[16,4,20,8,12,24,7],[16,12,20,24,4,8,11],[20,8,16,4,12,24,13,6],[16,20,4,12,8,24],[8,4,24,20,16,12],[4,20,12,24,8,16],[4,8,12,16,20,24],[16,24,8,4,12,20],[16,8,24,12,4,20,2,22],[16,24,8,20,12,4,6],[24,12,8,16,4,20,19,21],[24,20,8,16,4,12],[16,8,20,24,12,4],[4,12,20,24,8,16],[16,24,12,8,20,4],[24,20,16,8,12,4],[20,4,16,24,8,12,10],[12,8,20,24,16,4],[4,24,12,16,20,8,1],[20,8,24,16,12,4],[24,4,8,20,12,16,3,5],[24,20,4,12,16,8],[20,16,8,4,24,12,6],[4,16,20,12,8,24],[24,8,4,16,12,20,23,13],[12,20,24,4,8,16],[24,8,4,20,16,12,18,19],[20,8,24,4,16,12,10,22],[16,8,20,24,12,4,14,11],[20,16,4,24,12,8],[8,4,20,12,16,24,19,15],[16,20,12,24,8,4],[16,20,12,4,24,8],[8,12,24,20,4,16,6,23],[4,24,8,12,16,20,22,21],[24,4,12,16,8,20,23],[16,12,24,4,20,8,14],[4,12,16,20,24,8,15],[16,24,12,4,20,8],[4,20,8,16,24,12],[16,8,4,24,12,20,22,21,3],[4,20,12,16,24,8,18,7],[4,8,12,24,20,16],[8,24,12,4,20,16],[4,20,8,12,16,24,21],[20,8,24,12,16,4,10,22],[24,4,20,8,12,16,5],[16,8,20,4,24,12,9],[8,24,20,4,12,16],[8,12,4,24,16,20],[4,20,8,12,16,24],[8,16,4,20,12,24],[16,12,8,4,20,24],[20,24,8,12,16,4],[20,8,16,24,4,12,21],[20,16,8,12,4,24],[8,12,16,24,20,4,21],[8,16,12,4,24,20],[8,16,24,12,20,4],[12,8,4,20,16,24],[24,4,12,8,20,16],[12,24,8,16,20,4],[4,16,8,12,20,24,2,22],[8,24,16,20,4,12,3],[4,24,16,8,12,20,19,9],[16,20,8,4,24,12],[20,4,24,12,8,16],[24,4,12,16,20,8,21],[24,16,8,20,4,12,7],[8,20,12,24,4,16,1],[12,20,24,16,4,8],[20,24,12,4,8,16],[16,8,12,20,24,4],[20,12,4,8,16,24],[16,24,4,12,8,20],[24,4,16,12,20,8],[24,20,12,8,4,16,19,23],[12,24,4,8,20,16,21],[8,16,24,20,4,12,5],[12,8,24,20,4,16],[8,12,4,20,24,16],[4,12,8,16,20,24],[20,16,8,4,24,12,3,22],[4,20,12,8,16,24,6],[24,12,4,16,8,20,5],[20,24,16,12,4,8],[8,12,4,20,24,16,1,14],[16,12,24,20,4,8],[12,24,4,20,8,16],[4,20,24,16,12,8],[4,16,24,8,12,20,7],[24,8,12,4,20,16,3],[8,4,16,12,24,20,13],[24,20,8,16,12,4,7],[12,4,8,24,16,20],[8,16,12,4,20,24],[12,4,20,24,16,8,22,5,11],[12,24,16,4,20,8],[12,24,20,8,4,16,19,5],[4,24,8,16,12,20,13,15],[16,24,4,8,12,20],[12,8,4,24,20,16,1],[4,8,12,16,20,24,10,14,5],[16,12,4,24,8,20,5],[8,4,20,24,16,12],[16,20,24,12,4,8,10],[20,4,16,12,8,24],[12,8,16,24,20,4],[12,8,4,16,24,20],[16,8,20,24,12,4,7],[12,8,24,16,4,20],[24,16,12,4,20,8],[16,24,4,12,20,8],[12,24,16,4,8,20],[4,20,8,12,24,16],[12,4,20,16,24,8],[24,12,4,8,20,16,23],[20,4,24,8,16,12,18],[20,24,12,8,4,16,3],[4,8,20,16,24,12],[8,24,4,12,20,16],[4,24,8,12,16,20,6],[24,12,8,16,4,20,14],[12,16,20,8,24,4,1],[4,16,12,8,24,20],[24,20,8,12,4,16,14],[4,24,16,8,20,12],[24,8,20,16,12,4,22],[8,24,20,12,4,16],[16,24,8,4,20,12],[24,4,8,16,12,20],[4,16,12,24,20,8],[8,12,4,24,16,20],[8,20,12,4,16,24],[20,4,12,16,8,24,18],[16,12,4,24,20,8],[20,8,12,24,4,16,6],[8,16,24,4,20,12,21],[24,16,4,20,8,12,7],[8,16,24,20,4,12,17,3],[16,4,8,24,20,12,14,5],[4,16,8,24,12,20],[20,4,24,12,16,8,7],[20,8,24,16,12,4,23],[8,16,20,12,24,4,9],[8,4,20,16,24,12],[8,4,12,16,20,24],[20,12,8,4,24,16,9],[20,16,8,24,12,4],[4,8,20,12,24,16],[16,20,12,8,24,4,19,15],[20,16,24,12,8,4],[12,4,8,24,16,20,14,23],[4,16,8,12,20,24],[12,24,4,20,16,8],[4,12,8,20,24,16],[8,12,16,24,4,20],[24,8,12,20,16,4],[24,8,4,12,20,16,7],[24,8,12,4,16,20,7],[16,24,20,4,12,8],[16,4,20,8,12,24],[20,8,24,12,4,16],[16,20,4,24,8,12],[12,20,8,16,24,4],[24,16,12,4,8,20],[16,20,8,24,4,12],[8,24,20,4,12,16],[4,8,16,12,20,24],[8,24,20,4,12,16],[24,4,12,16,20,8,1],[20,12,16,4,24,8,21],[4,8,12,16,24,20,6],[24,4,20,8,12,16],[24,4,20,12,8,16],[16,12,8,24,4,20,13],[8,4,20,12,16,24],[20,8,16,24,4,12,23],[12,8,20,24,4,16],[24,16,8,20,12,4],[20,8,24,16,4,12],[16,12,4,24,20,8],[16,4,24,12,8,20],[4,8,24,20,12,16],[16,24,20,8,12,4],[4,8,24,20,12,16,22,7],[24,20,12,8,4,16,11],[8,12,16,20,24,4],[24,4,12,16,20,8],[20,12,24,8,16,4],[4,24,20,16,8,12],[8,16,20,12,24,4,22],[16,20,4,12,24,8,18],[24,8,12,20,4,16,23],[24,12,16,8,4,20],[8,20,12,16,4,24],[20,16,4,8,24,12,7],[20,16,12,4,24,8],[12,8,4,16,20,24],[24,12,20,4,8,16],[8,16,20,24,4,12],[24,4,16,20,8,12],[8,24,16,20,12,4],[20,24,12,16,8,4,14,21],[12,16,20,8,4,24],[12,24,20,16,8,4,22,7],[4,12,8,16,20,24,17,19,10,1],[4,16,12,24,20,8],[12,24,8,16,4,20],[12,8,4,16,20,24],[24,12,16,8,20,4],[20,12,16,24,8,4],[20,8,12,24,4,16],[24,4,8,16,12,20],[8,12,24,16,20,4,7],[20,24,12,8,4,16,6],[16,20,24,12,4,8],[12,8,16,4,20,24,23],[4,8,12,16,24,20],[8,16,12,24,20,4],[8,12,16,4,24,20,7],[4,12,20,8,16,24,7],[20,8,16,4,12,24],[16,4,12,20,24,8,5,14],[24,4,16,8,20,12],[20,8,16,4,12,24],[20,24,8,4,12,16],[16,20,8,4,12,24],[16,24,12,8,4,20],[16,20,12,8,24,4,3],[8,16,12,24,20,4,5],[24,4,8,20,12,16,3,2],[20,24,4,16,12,8,9,15],[12,20,4,24,16,8],[16,8,4,12,20,24],[12,16,8,4,24,20],[16,24,8,20,12,4],[16,20,24,12,8,4],[4,8,16,20,24,12],[24,4,20,8,16,12,13],[16,24,4,8,20,12],[4,16,8,12,24,20,5],[24,4,8,20,16,12],[16,12,8,4,24,20],[20,8,16,4,24,12,18,7],[4,20,16,12,8,24],[16,12,20,8,24,4,1],[8,16,12,4,20,24,9,11],[8,12,4,16,24,20],[16,24,20,12,8,4],[20,16,8,12,4,24,15,5],[24,12,16,4,20,8,3,22],[20,4,8,12,24,16],[12,24,16,20,4,8],[24,8,20,4,12,16],[4,24,12,20,16,8],[4,16,12,24,8,20,9],[16,8,24,12,20,4,21],[24,12,4,16,8,20],[4,24,20,8,16,12],[4,12,16,24,8,20],[8,12,20,4,16,24],[20,8,24,4,12,16,1,11],[4,20,16,24,12,8,7],[8,20,4,16,24,12],[12,8,20,16,24,4],[20,12,24,16,4,8,23],[24,16,12,20,4,8],[24,12,4,20,16,8,5,17],[4,20,24,8,12,16,21],[8,4,12,24,16,20],[4,8,24,12,16,20,18],[24,12,8,4,20,16],[12,8,16,24,20,4,5],[24,20,12,16,8,4],[12,24,8,16,4,20,15],[24,12,4,8,16,20],[24,8,16,4,20,12,19],[16,8,4,20,24,12],[24,16,20,12,4,8],[4,12,24,16,20,8],[12,16,4,24,20,8],[12,8,24,20,4,16,2,11],[24,4,12,8,20,16],[16,4,12,8,24,20,17],[20,12,24,4,16,8,2],[8,24,12,20,16,4,18,21],[16,4,12,20,8,24,22],[12,16,8,20,4,24,13],[8,20,12,24,4,16],[8,4,12,24,16,20],[12,16,8,20,24,4,5],[12,20,4,8,24,16],[4,12,24,16,8,20],[12,8,24,16,20,4,18],[4,16,12,20,8,24,18],[4,12,24,16,8,20,10,7,5],[4,24,20,16,12,8],[4,16,20,8,12,24,10,5],[16,24,8,20,4,12],[20,16,8,12,24,4],[8,16,4,20,12,24],[16,8,12,24,20,4,19],[20,16,24,8,4,12],[24,4,20,12,16,8,9],[8,24,4,20,12,16],[20,12,4,16,24,8],[16,12,20,4,8,24,21],[20,4,16,24,8,12,23],[8,12,4,16,20,24],[8,20,24,4,16,12,14],[8,12,24,4,16,20],[16,4,12,20,24,8],[12,4,16,20,24,8],[12,8,4,24,16,20,1],[12,4,16,24,20,8],[16,4,8,20,12,24],[8,4,20,24,16,12,10],[24,8,4,12,20,16,7],[20,8,16,4,12,24],[24,8,4,16,20,12],[12,24,16,8,4,20],[12,24,16,4,20,8,18,9],[8,4,20,12,16,24,18,17,9,22,2],[20,4,24,8,16,12],[24,4,20,16,12,8,22],[8,12,24,16,4,20,14,2],[24,8,4,12,16,20],[16,24,4,12,8,20,11],[24,8,12,4,20,16],[8,4,20,12,24,16,22],[8,20,12,24,16,4,22,13,6],[20,4,8,12,24,16],[12,16,20,24,8,4],[24,16,4,12,8,20,5],[12,8,24,20,4,16,19],[8,4,24,12,16,20,22],[8,12,24,4,20,16],[4,20,8,24,12,16,22],[12,8,4,16,24,20,23],[24,20,16,8,12,4,6],[4,8,12,20,24,16],[4,24,20,12,16,8],[8,16,24,4,20,12],[20,12,16,24,8,4],[12,20,4,24,8,16,21],[12,16,4,20,8,24],[12,16,4,20,24,8],[12,20,24,16,4,8],[12,8,4,24,20,16,10],[12,20,8,24,4,16,21],[16,4,12,20,8,24],[16,24,20,12,4,8,5],[8,20,12,16,4,24],[12,8,4,16,24,20,7],[12,16,8,4,24,20],[24,8,20,16,12,4],[12,20,16,4,8,24],[24,16,4,8,12,20,9],[4,12,16,24,8,20],[20,4,12,16,8,24],[8,12,16,24,4,20],[24,12,16,8,20,4,19,23],[12,4,8,24,20,16,1],[24,20,4,8,16,12],[4,20,8,12,16,24],[8,16,20,4,12,24],[24,20,12,4,8,16],[20,12,8,4,16,24],[8,4,12,24,20,16],[24,16,12,4,20,8,23,2],[4,8,16,12,24,20],[24,16,12,4,8,20,2],[24,8,16,20,12,4],[4,24,8,16,20,12],[16,12,20,24,4,8],[12,4,24,16,8,20,3],[16,24,8,4,20,12],[16,24,12,20,4,8,7],[20,12,4,8,24,16],[24,4,12,8,16,20],[24,20,12,8,16,4,5],[8,16,20,12,24,4],[20,24,12,16,4,8,14,18,11,13],[24,16,12,8,20,4],[24,20,8,12,16,4,17,5],[24,16,12,8,4,20,10,22],[24,12,8,20,16,4,9],[12,4,24,20,16,8],[8,20,16,12,24,4,18,13],[16,12,4,24,20,8,2],[12,4,20,8,16,24,7],[4,20,16,24,12,8],[16,24,12,20,8,4],[12,8,16,4,20,24,5,10],[16,20,8,12,24,4,7],[8,16,12,24,20,4],[8,12,20,4,16,24,3,6],[20,8,16,4,24,12],[24,12,20,8,4,16,6],[4,20,8,24,16,12],[24,12,16,4,8,20],[8,24,20,12,4,16,21],[12,4,8,16,20,24,19],[16,20,12,8,4,24],[20,24,8,4,16,12],[4,8,20,12,16,24],[12,4,24,16,8,20,2],[24,20,12,8,4,16,14],[8,24,20,12,4,16],[12,16,20,4,24,8,1,5],[24,12,20,16,8,4,23],[8,12,24,20,16,4,22],[20,8,24,4,16,12],[4,8,16,24,20,12,2],[12,8,4,24,16,20],[16,12,20,8,24,4,10,23,6],[8,20,12,16,4,24,17],[24,16,4,8,20,12],[16,8,12,20,24,4,6],[16,24,12,8,20,4,7],[24,4,16,8,12,20],[12,20,8,24,4,16],[4,24,20,16,8,12],[20,24,4,12,8,16,18],[4,20,16,12,24,8],[12,4,16,8,20,24,9],[12,4,20,16,8,24,2],[24,8,4,16,20,12],[16,24,8,4,20,12,14],[24,16,4,12,20,8],[8,12,20,24,16,4,5],[12,16,20,4,8,24],[24,4,20,8,16,12,17,6,9],[8,24,20,16,4,12,21],[20,4,24,16,12,8,23],[16,24,4,12,20,8],[16,20,24,12,8,4],[4,8,12,20,24,16,19],[24,12,16,8,4,20],[12,24,4,16,8,20,15],[16,8,20,24,12,4,23],[4,20,12,16,24,8],[8,16,12,24,4,20,7],[4,20,12,24,16,8],[12,24,16,4,8,20,6],[8,20,4,12,24,16,14,23,11],[16,20,4,24,12,8,11],[8,12,24,20,4,16],[8,24,4,12,20,16],[12,8,16,4,20,24,19],[12,20,8,16,24,4,17,19],[12,20,16,4,8,24,17,18,23],[12,24,16,4,20,8],[20,4,16,12,8,24],[20,12,8,16,24,4],[16,4,12,20,8,24],[20,4,12,24,8,16],[8,12,4,20,24,16],[4,20,12,24,16,8],[24,4,20,12,16,8],[12,4,16,24,20,8,11],[24,20,4,8,16,12],[24,4,8,20,16,12],[20,16,8,24,4,12,7],[12,20,8,16,24,4],[12,24,16,8,20,4,3],[8,12,24,20,16,4],[12,24,8,20,16,4],[8,24,12,20,4,16],[4,8,16,24,12,20,19],[20,24,16,8,4,12],[24,20,4,12,16,8,21],[20,12,8,16,4,24],[16,24,8,4,20,12,5],[4,24,8,20,16,12,13],[16,12,24,4,20,8],[12,16,20,4,24,8,15,6,14,13],[16,4,8,20,24,12,14,5],[20,12,24,4,8,16,21],[12,4,20,8,24,16],[8,12,24,4,20,16],[24,8,20,4,16,12],[8,4,12,24,20,16],[24,4,16,8,20,12],[20,8,24,12,4,16],[20,4,12,8,24,16,22],[24,12,4,16,8,20,22],[12,24,4,16,20,8],[12,24,8,20,4,16,5],[12,8,24,16,20,4],[12,16,24,8,20,4,23],[16,20,4,24,12,8,5,7],[24,4,12,16,20,8],[12,8,20,4,24,16],[8,12,20,4,16,24,2],[20,16,8,24,12,4],[8,20,16,12,4,24],[24,4,12,16,20,8],[16,8,12,4,20,24],[12,20,8,24,4,16,9],[24,8,12,20,4,16,22],[4,16,24,8,20,12],[12,4,24,8,16,20,7],[16,12,24,20,8,4],[24,4,12,8,20,16],[20,24,4,16,12,8,7],[20,16,4,8,24,12,14,21],[20,8,24,16,4,12,21],[12,8,20,16,4,24,2],[8,20,4,24,16,12],[20,8,16,12,24,4],[24,8,12,4,20,16],[12,8,4,24,20,16],[12,20,4,16,8,24],[20,8,24,4,16,12,11],[8,16,20,12,4,24,23],[8,16,4,20,12,24],[24,12,16,8,4,20],[24,4,20,16,8,12,18,19],[16,4,12,20,24,8,13],[20,12,8,4,16,24,23],[20,16,24,8,4,12,22,9],[24,16,20,12,8,4],[16,8,4,20,12,24,3],[24,16,20,12,8,4],[8,24,20,4,12,16],[16,12,8,24,4,20,23],[20,16,12,24,8,4,15,5],[16,20,24,8,12,4],[8,12,4,20,24,16],[16,8,4,12,24,20],[16,8,12,20,24,4,13,6,21],[24,12,20,4,8,16,3,13,7],[24,8,4,12,16,20],[8,24,4,16,20,12,11,14,2],[16,20,24,12,4,8],[12,24,8,16,4,20,9,13],[20,12,16,24,8,4],[12,16,24,4,8,20,2,6,10],[8,12,20,24,16,4,13],[12,24,20,4,8,16,10],[12,8,16,20,4,24],[8,24,12,16,20,4,17],[20,24,16,4,8,12],[16,24,8,12,4,20],[20,12,24,4,8,16,18,23],[8,24,12,4,16,20],[24,20,16,8,12,4],[24,12,8,16,20,4],[24,16,4,20,12,8],[12,20,16,24,4,8,9],[16,8,24,4,20,12],[16,12,24,8,20,4],[12,20,24,4,16,8],[24,12,4,20,8,16],[12,20,8,24,4,16],[8,4,24,20,12,16,2,19],[20,8,16,12,24,4],[12,4,20,24,8,16],[24,4,20,16,8,12],[8,16,12,20,24,4,1],[12,16,20,24,4,8],[20,16,12,4,8,24],[12,4,20,24,16,8],[8,12,4,24,16,20],[16,12,24,8,4,20],[16,20,8,4,24,12],[24,8,12,4,16,20],[12,24,16,4,20,8],[12,24,4,16,20,8],[16,8,12,24,20,4],[20,4,16,12,8,24],[4,24,12,20,16,8],[12,8,24,16,4,20,6,17,1,5],[4,12,8,16,24,20],[24,20,16,8,4,12],[24,20,4,8,12,16,10,7],[20,16,12,8,24,4],[4,20,16,12,8,24,11,9],[8,4,12,16,20,24],[4,12,16,20,24,8,18,17],[4,24,8,16,12,20],[4,16,20,8,24,12],[16,4,20,24,8,12,21],[12,20,8,16,24,4,23],[8,24,12,4,16,20,21],[12,16,8,4,24,20]],"n_human":13}