{"problem_id":"p8WIM5sryNbTDOp","sigma":150,"alpha":0.316,"cost":1,"probabilities":"[0.3000000000000001, 0.01, 0.6, 0.09]","payoff_matrix":"[[-192, 131, 68, 227, -51, -33], [107, -209, -249, -115, 287, 328], [-129, 191, -29, 10, -175, -13], [-117, -14, -337, 80, 3, 16]]","uncovered":[[11,15,23,19,7,3,5],[23,15,7,19,3,11,13,5],[23,3,15,11,19,7,6,13,5],[19,11,23,3,15,7,5],[3,15,11,19,23,7,13,5],[7,11,23,3,19,15,16,5],[15,19,11,3,7,23,8,13,5],[11,23,15,3,7,19,13,5],[23,3,11,15,7,19,13,5],[11,15,19,7,3,23,13,5],[23,7,19,3,11,15,8,5],[15,19,7,23,3,11,5],[23,7,15,19,11,3,13,5],[19,15,23,3,11,7,13,5],[11,19,15,23,3,7,13,5],[23,19,7,3,15,11,13,5],[7,3,19,23,15,11,5],[7,19,23,11,15,3,13,5],[15,7,3,23,19,11,13,5],[7,23,19,11,15,3,13,5],[19,3,11,15,23,7,5],[15,3,7,11,19,23,5],[15,11,23,7,3,19,5],[7,11,19,3,15,23,13,5],[19,15,23,11,7,3,5],[11,7,3,19,15,23,13,5],[11,15,23,7,3,19,13,5],[3,11,23,7,15,19,13,5],[23,3,7,15,19,11,5],[7,19,3,23,11,15,8,5],[15,3,11,7,23,19,13,5],[15,7,23,19,11,3,13,5],[23,19,11,3,7,15,13,5],[7,15,19,23,3,11,5],[19,11,3,15,7,23,13,5],[11,7,3,15,19,23,5],[23,11,3,7,19,15,13,5],[3,11,19,7,15,23,13,5],[19,3,11,7,15,23,13,5],[7,11,3,23,19,15,5],[3,11,19,15,7,23,13,5],[23,7,3,19,11,15,5],[7,19,3,15,11,23,14,13,5],[11,19,23,3,15,7,13,5],[7,15,11,19,3,23,13,5],[23,19,15,3,11,7,5],[7,3,15,23,19,11,13,5],[11,19,7,3,15,23,5],[11,19,23,15,3,7,16,5],[7,23,19,15,11,3,8,13,5],[19,11,7,15,3,23,13,5],[23,11,19,7,15,3,14,5],[3,7,23,15,11,19,5],[19,7,23,11,3,15,13,5],[15,19,11,23,3,7,13,5],[3,23,11,15,19,7,13,5],[23,3,15,11,7,19,5],[11,23,19,7,3,15,5],[23,3,19,7,15,11,5],[3,7,11,19,15,23,5],[3,15,11,7,23,19,13,5],[15,11,7,19,3,23,5],[11,7,19,15,3,23,13,5],[7,23,15,3,11,19,13,5],[11,15,23,7,3,19,6,5],[19,7,15,23,11,3,21,5],[19,15,11,23,7,3,13,5],[23,15,7,3,11,19,16,5],[11,19,23,15,3,7,13,5],[7,23,3,11,15,19,5],[3,23,19,11,15,7,6,13,5],[23,7,15,19,11,3,5],[7,15,23,19,11,3,5],[7,15,3,23,11,19,5],[19,7,15,11,23,3,13,5],[19,3,7,11,23,15,5],[11,15,7,23,19,3,13,5],[11,7,15,23,19,3,13,5],[7,23,15,11,3,19,13,5],[23,7,15,3,11,19,22,16,13,5],[19,3,7,11,23,15,5],[19,15,11,23,7,3,13,5],[3,11,19,15,23,7,14,5],[3,23,11,15,7,19,5],[23,15,19,11,7,3,5],[19,15,7,3,23,11,5],[3,19,15,11,23,7,13,5],[15,11,3,23,7,19,5],[23,15,19,11,7,3,5],[15,7,19,3,23,11,16,5],[15,11,19,7,23,3,5],[11,23,19,7,15,3,5],[11,7,19,3,23,15,5],[3,7,15,11,19,23,13,5],[15,3,19,23,11,7,13,5],[11,19,15,7,23,3,13,5],[15,19,7,11,3,23,5],[19,3,7,15,11,23,13,5],[11,15,7,23,3,19,13,5],[19,3,11,23,15,7,13,5],[23,11,7,3,19,15,5],[23,15,3,7,11,19,5],[23,3,15,11,7,19,5],[11,15,7,23,3,19,5],[19,11,3,7,23,15,13,5],[19,7,15,3,11,23,5],[3,11,7,19,23,15,5],[15,19,11,23,3,7,13,5],[11,23,7,19,15,3,5],[11,23,3,19,7,15,5],[15,7,11,3,23,19,14,13,5],[19,11,7,15,23,3,5],[7,23,3,11,19,15,13,5],[7,23,19,3,15,11,8,13,5],[23,19,11,7,3,15,16,5],[19,11,7,15,23,3,8,14,6,13,5],[23,7,3,11,15,19,5],[19,23,7,11,3,15,6,5],[19,7,11,15,3,23,13,5],[11,7,15,23,19,3,13,5],[11,7,19,3,23,15,5],[19,3,7,11,23,15,5],[11,23,15,7,3,19,13,5],[7,15,19,23,3,11,5],[19,11,7,3,23,15,13,5],[15,3,23,19,11,7,5],[11,23,3,15,19,7,5],[15,11,19,23,7,3,13,5],[19,23,7,3,11,15,13,5],[19,7,3,11,15,23,13,5],[7,23,19,15,3,11,5],[11,7,15,23,19,3,5],[19,11,7,23,15,3,5],[3,11,7,15,23,19,13,5],[3,7,19,15,23,11,13,5],[23,19,3,11,7,15,13,5],[3,23,19,15,11,7,13,5],[15,11,23,19,3,7,5],[19,23,11,7,15,3,13,5],[7,19,3,23,11,15,13,5],[15,3,7,23,11,19,13,5],[11,3,23,15,7,19,5],[11,7,19,3,15,23,5],[7,23,15,19,11,3,14,13,5],[11,15,19,7,3,23,16,5],[11,7,23,3,19,15,8,13,5],[19,23,3,11,15,7,5],[7,11,23,15,3,19,5],[7,23,11,3,15,19,13,5],[19,11,7,15,23,3,5],[7,15,23,3,11,19,5],[23,11,3,15,19,7,5],[23,15,3,11,19,7,6,5],[7,19,23,3,11,15,16,5],[19,23,15,3,7,11,5],[11,19,3,15,7,23,13,5],[11,3,7,23,19,15,8,5],[11,19,7,3,15,23,13,5],[3,23,11,7,15,19,13,5],[15,11,7,3,23,19,5],[11,19,15,7,3,23,5],[3,15,19,23,7,11,6,5],[3,15,23,7,19,11,5],[7,23,19,11,15,3,6,13,5],[11,23,3,15,7,19,13,5],[3,23,19,7,15,11,8,13,5],[23,7,11,19,15,3,13,5],[11,7,19,15,3,23,13,5],[3,19,7,15,11,23,5],[3,7,11,15,19,23,6,5],[7,19,3,11,23,15,5],[3,11,15,7,19,23,5],[19,15,23,11,3,7,5],[23,11,7,15,3,19,14,5],[23,7,11,3,15,19,13,5],[3,23,7,15,11,19,13,5],[11,19,23,7,3,15,13,5],[19,15,23,3,7,11,13,5],[3,7,19,23,11,15,13,5],[11,3,23,7,15,19,5],[3,19,23,11,15,7,13,5],[7,23,11,15,3,19,13,5],[7,19,11,3,23,15,13,5],[7,11,15,3,19,23,5],[15,11,23,19,3,7,13,5],[11,15,7,3,23,19,13,5],[15,19,7,11,3,23,13,5],[3,7,11,23,15,19,5],[7,3,11,23,15,19,5],[19,11,15,7,23,3,5],[15,7,19,11,3,23,13,5],[3,15,11,23,19,7,8,13,5],[3,7,15,19,23,11,5],[15,3,11,7,19,23,5],[7,11,15,19,23,3,13,5],[15,3,7,23,19,11,16,5],[23,3,19,11,15,7,13,5],[3,19,23,7,11,15,13,5],[3,7,11,19,23,15,8,13,5],[11,3,23,19,15,7,5],[11,15,19,7,23,3,13,5],[7,23,19,3,15,11,13,5],[23,19,7,3,11,15,5],[7,3,19,11,15,23,13,5],[15,3,19,7,23,11,5],[11,7,3,19,15,23,13,5],[19,3,11,15,23,7,5],[11,7,19,15,3,23,13,5],[15,7,11,23,3,19,5],[15,19,3,11,7,23,6,8,13,5],[23,19,15,7,3,11,13,5],[19,3,11,7,15,23,13,5],[23,3,7,19,11,15,5],[7,19,23,11,3,15,5],[19,11,7,23,15,3,13,5],[3,15,7,19,23,11,13,5],[11,3,23,7,15,19,13,5],[19,7,23,15,3,11,16,5],[7,19,23,3,11,15,13,5],[7,3,11,23,15,19,5],[3,19,15,11,7,23,5],[11,3,7,15,23,19,5],[23,19,11,3,15,7,13,5],[11,19,7,3,15,23,8,6,13,5],[19,23,3,11,15,7,5],[7,15,19,11,3,23,13,5],[23,11,15,7,3,19,13,5],[11,7,3,19,15,23,5],[23,7,19,3,11,15,13,5],[7,19,15,11,23,3,13,5],[7,3,11,15,19,23,13,5],[15,7,11,19,23,3,13,5],[7,19,15,23,3,11,5],[3,7,11,19,23,15,16,5],[3,11,23,19,7,15,5],[3,11,7,15,19,23,5],[19,15,7,11,23,3,6,13,5],[7,15,19,11,3,23,5],[11,23,15,7,19,3,13,5],[3,7,23,19,15,11,5],[3,11,19,15,7,23,13,5],[19,11,23,15,3,7,13,5],[23,11,19,3,15,7,5],[19,7,11,3,23,15,5],[23,15,3,19,11,7,5],[23,19,3,15,7,11,13,5],[7,15,11,23,3,19,5],[3,7,23,15,19,11,5],[23,15,11,7,19,3,13,5],[7,15,11,23,19,3,5],[7,19,11,23,3,15,6,13,5],[7,15,19,11,23,3,5],[15,11,23,7,3,19,5],[3,15,23,11,7,19,13,5],[19,15,3,11,23,7,5],[19,3,15,11,7,23,5],[15,19,7,3,23,11,13,5],[3,11,23,19,7,15,16,5],[11,15,23,19,7,3,5],[19,11,3,23,7,15,5],[23,19,3,7,11,15,13,5],[11,19,3,7,23,15,5],[23,15,3,7,11,19,5],[11,3,7,15,23,19,5],[11,3,19,15,7,23,13,5],[15,23,7,3,11,19,5],[11,7,19,3,23,15,13,5],[3,23,7,11,19,15,13,5],[11,7,19,15,23,3,5],[15,3,19,7,11,23,5],[19,7,3,23,11,15,5],[7,19,3,15,11,23,1,13,5],[23,19,11,15,3,7,13,5],[23,19,11,15,7,3,5],[15,3,11,7,23,19,13,5],[23,3,15,11,19,7,13,5],[7,3,23,19,11,15,14,5],[11,23,3,7,19,15,6,13,5],[19,15,23,7,3,11,5],[23,19,3,7,11,15,5],[3,15,19,23,7,11,13,5],[15,11,7,3,19,23,5],[15,19,3,7,11,23,13,5],[19,11,15,7,3,23,13,5],[11,15,7,3,19,23,13,5],[11,19,7,15,23,3,13,5],[23,15,11,3,19,7,13,5],[19,7,3,15,11,23,5],[3,15,19,11,23,7,13,5],[7,11,19,15,23,3,5],[19,23,7,15,11,3,5],[19,15,7,11,23,3,5],[15,3,23,7,19,11,13,5],[23,11,7,19,15,3,13,5],[23,15,11,7,3,19,5],[7,19,3,15,23,11,5],[3,7,19,15,11,23,13,5],[11,3,23,7,15,19,22,10,5],[7,11,19,15,3,23,16,5],[15,7,3,19,23,11,13,5],[3,19,23,7,11,15,5],[19,23,15,11,3,7,5],[3,15,23,11,7,19,5],[7,23,11,3,19,15,8,13,5],[11,3,15,7,19,23,13,5],[3,23,19,11,15,7,5],[11,15,19,7,23,3,13,5],[11,15,3,7,23,19,14,5],[15,23,3,19,7,11,13,5],[3,19,15,23,11,7,13,5],[15,11,7,23,3,19,6,13,5],[7,19,11,3,15,23,5],[23,15,3,11,19,7,13,5],[11,15,19,3,7,23,13,5],[7,11,15,23,3,19,16,13,5],[3,19,15,11,7,23,5],[3,15,11,7,19,23,13,5],[23,7,19,3,15,11,5],[19,7,23,3,11,15,8,13,5],[3,19,7,11,23,15,13,5],[23,15,19,11,3,7,13,5],[3,19,15,11,7,23,5],[11,23,19,3,15,7,5],[15,11,3,23,19,7,6,13,5],[11,19,23,15,3,7,13,5],[23,3,11,19,15,7,13,5],[3,7,19,11,23,15,5],[11,19,23,3,15,7,5],[23,7,3,19,11,15,5],[11,15,23,19,7,3,13,5],[15,11,19,7,3,23,1,13,5],[7,19,23,11,3,15,21,5],[15,11,3,7,19,23,21,13,5],[23,15,3,19,7,11,13,5],[23,7,19,15,3,11,8,13,5],[15,11,19,3,7,23,5],[11,7,19,15,3,23,13,5],[7,15,23,11,3,19,13,5],[15,3,19,11,7,23,13,5],[19,11,3,7,23,15,13,5],[11,3,7,23,15,19,5],[15,19,11,23,7,3,16,5],[7,11,19,23,15,3,5],[23,7,11,3,19,15,14,5],[3,23,11,15,19,7,14,16,13,5],[15,7,11,23,3,19,5],[23,3,11,15,7,19,13,5],[23,3,15,7,19,11,5],[15,11,7,3,23,19,13,5],[11,3,7,15,23,19,13,5],[3,23,19,11,15,7,13,5],[15,11,3,19,7,23,13,5],[15,23,11,19,3,7,13,5],[3,15,23,7,11,19,13,5],[11,15,23,19,3,7,13,5],[11,3,7,19,15,23,13,5],[11,15,23,19,7,3,5],[19,15,11,23,7,3,14,13,5],[3,15,11,19,23,7,5],[7,3,15,11,19,23,5],[15,3,7,23,11,19,5],[15,19,3,7,11,23,6,5],[7,3,19,11,15,23,5],[15,3,23,19,7,11,13,5],[15,19,3,11,23,7,13,5],[19,3,23,11,7,15,13,5],[3,23,7,15,11,19,13,5],[3,23,7,15,19,11,6,5],[11,3,15,7,19,23,5],[19,23,15,11,3,7,5],[15,23,11,19,3,7,13,5],[19,23,15,7,3,11,5],[15,11,7,23,19,3,5],[19,7,11,15,23,3,6,5],[3,11,19,7,15,23,5],[3,23,11,19,7,15,13,5],[3,7,23,19,15,11,8,5],[3,23,7,11,19,15,13,5],[23,15,11,7,3,19,5],[3,7,11,15,19,23,5],[15,19,7,3,23,11,5],[15,23,3,19,11,7,13,5],[15,19,11,7,23,3,5],[15,23,3,7,11,19,13,5],[11,19,3,15,23,7,16,5],[7,19,11,23,3,15,14,13,5],[15,3,23,7,19,11,5],[11,15,23,19,3,7,13,5],[23,15,11,7,3,19,13,5],[19,11,3,7,15,23,13,5],[3,15,19,23,11,7,13,5],[15,23,11,19,3,7,13,5],[15,3,23,7,11,19,5],[3,23,15,19,7,11,5],[15,7,3,19,11,23,13,5],[23,3,11,15,19,7,5],[19,15,7,23,11,3,13,5],[7,23,15,19,11,3,8,14,13,5],[19,3,15,7,23,11,13,5],[19,7,3,23,15,11,5],[23,19,11,7,3,15,14,5],[3,23,19,7,11,15,5],[23,7,3,15,19,11,5],[7,19,23,11,3,15,13,5],[7,23,3,11,15,19,22,13,5],[23,15,19,7,11,3,5],[23,7,3,11,15,19,5],[19,23,3,7,15,11,5],[11,7,23,15,3,19,5],[11,15,19,23,7,3,5],[15,19,23,7,3,11,5],[19,11,3,15,7,23,5],[23,11,19,3,7,15,13,5],[15,23,11,19,3,7,13,5],[7,11,3,15,19,23,5],[19,23,11,3,15,7,13,5],[11,3,23,7,19,15,13,5],[11,7,19,3,23,15,13,5],[23,3,19,7,11,15,5],[7,15,19,11,3,23,6,5],[23,3,11,15,19,7,13,5],[19,23,15,7,3,11,5],[11,23,3,19,7,15,5],[3,7,15,23,19,11,5],[23,19,3,11,7,15,21,13,5],[3,15,11,23,7,19,13,5],[7,19,3,23,11,15,9,6,5],[7,15,23,11,19,3,5],[19,3,11,23,7,15,13,5],[23,7,15,11,3,19,13,5],[23,15,11,19,7,3,5],[11,23,19,15,7,3,5],[7,19,3,11,23,15,13,5],[19,7,3,23,15,11,13,5],[19,23,11,7,3,15,6,13,5],[19,11,15,7,3,23,5],[11,19,15,3,7,23,5],[15,3,7,11,23,19,5],[11,19,23,15,7,3,8,13,5],[11,7,15,19,3,23,14,13,5],[15,11,7,23,3,19,5],[23,11,3,7,19,15,13,5],[19,23,3,15,11,7,5],[3,7,23,15,11,19,5],[19,15,3,23,7,11,5],[23,3,19,15,11,7,9,5],[15,23,3,19,11,7,13,5],[15,11,7,19,3,23,5],[11,3,19,23,15,7,5],[7,11,19,3,15,23,13,5],[11,7,3,19,23,15,13,5],[11,7,19,15,3,23,13,5],[19,23,7,15,3,11,5],[19,3,23,15,11,7,24,16,5],[3,19,23,7,11,15,5],[7,3,11,15,19,23,14,5],[19,11,23,3,15,7,16,5],[3,19,11,23,15,7,8,13,5],[3,11,15,23,19,7,5],[23,19,3,15,7,11,13,5],[3,15,23,19,7,11,5],[23,3,19,15,11,7,8,13,5],[11,3,23,15,19,7,13,5],[15,11,23,19,3,7,13,5],[3,11,15,19,7,23,5],[19,11,23,3,7,15,5],[15,23,3,19,7,11,5],[7,19,3,23,11,15,5],[15,7,23,11,19,3,13,5],[19,11,3,7,23,15,13,5],[3,23,7,19,11,15,5],[11,23,7,19,15,3,16,5],[19,3,7,15,11,23,5],[23,11,3,19,7,15,5],[7,3,19,11,23,15,13,5],[3,19,15,11,7,23,13,5],[15,19,3,11,23,7,13,5],[11,19,15,3,7,23,13,5],[7,3,11,23,15,19,13,5],[3,23,19,11,7,15,13,5],[15,23,11,3,7,19,13,5],[11,15,3,23,7,19,5],[19,7,3,11,23,15,5],[7,15,23,11,19,3,5],[7,11,15,3,19,23,5],[23,7,11,19,3,15,5],[19,23,15,3,7,11,13,5],[7,15,3,11,23,19,5],[15,19,11,7,23,3,13,5],[11,19,15,3,7,23,13,5],[11,19,7,3,23,15,6,13,5],[3,7,15,19,23,11,13,5],[7,19,3,11,15,23,16,5],[7,23,3,19,11,15,1,13,5],[11,15,23,7,3,19,14,13,5],[23,11,7,15,19,3,13,5],[7,15,19,23,11,3,6,5],[15,19,3,7,23,11,5],[3,11,23,7,19,15,13,5],[11,15,19,23,3,7,13,5],[23,15,7,3,19,11,5],[3,23,7,19,11,15,13,5],[19,7,15,11,3,23,13,5],[3,23,15,19,11,7,5],[19,3,15,7,23,11,16,5],[3,11,7,15,19,23,5],[15,7,23,11,19,3,16,5],[7,23,11,15,3,19,5],[3,23,19,11,15,7,6,5],[19,23,11,7,3,15,21,8,13,5],[19,11,7,3,23,15,13,5],[19,23,3,11,7,15,5],[7,3,15,11,23,19,13,5],[15,19,23,3,11,7,5],[11,15,7,3,23,19,13,5],[7,15,3,23,19,11,21,5],[7,19,3,11,23,15,13,5],[7,11,23,15,19,3,13,5],[23,19,15,3,11,7,21,13,5],[3,11,7,19,15,23,13,5],[23,15,19,3,11,7,5],[7,15,3,11,23,19,13,5],[15,23,7,19,3,11,5],[15,3,11,7,19,23,5],[15,11,3,7,23,19,13,5],[7,23,11,3,15,19,13,5],[7,15,3,19,23,11,13,5],[3,11,23,15,7,19,13,5],[3,7,11,15,23,19,5],[7,23,11,15,19,3,16,5],[7,15,23,19,11,3,5],[19,23,15,3,11,7,5],[23,11,7,15,3,19,5],[19,11,3,7,23,15,5],[19,7,15,3,23,11,5],[19,23,15,7,3,11,5],[23,19,15,7,3,11,13,5],[15,7,19,11,23,3,5],[11,19,7,15,3,23,5],[19,7,15,23,11,3,16,5],[3,19,11,7,23,15,12,13,5],[15,23,3,7,11,19,5],[15,23,19,7,11,3,5],[7,23,3,15,11,19,13,5],[23,19,15,3,7,11,5],[15,23,7,11,3,19,5],[7,15,23,3,19,11,13,5],[23,7,15,19,11,3,5],[19,15,23,11,7,3,21,13,5],[15,11,3,7,19,23,5],[15,3,11,23,19,7,5],[11,3,19,15,7,23,13,5],[15,7,11,19,3,23,5],[7,3,23,19,11,15,5],[3,19,7,11,23,15,5],[3,19,23,11,7,15,13,5],[23,7,3,11,15,19,5],[3,19,15,23,11,7,13,5],[23,19,15,11,3,7,14,13,5],[23,7,19,15,3,11,5],[11,7,15,23,3,19,13,5],[15,7,23,11,19,3,13,5],[7,15,19,11,23,3,13,5],[15,7,3,23,11,19,5],[11,7,23,3,19,15,5],[19,15,3,7,23,11,13,5],[3,19,7,23,15,11,8,13,5],[23,11,15,7,3,19,13,5],[19,7,11,3,23,15,5],[15,11,19,3,7,23,13,5],[19,15,23,3,11,7,6,13,5],[23,19,15,3,11,7,16,5],[7,11,23,19,3,15,13,5],[19,15,11,3,7,23,12,13,5],[3,15,19,7,23,11,6,5],[15,23,3,7,19,11,13,5],[7,23,19,3,11,15,5],[23,19,7,3,15,11,5],[7,19,11,23,15,3,5],[19,15,3,11,7,23,6,13,5],[15,23,7,11,3,19,8,13,5],[11,23,19,15,3,7,5],[7,23,15,3,19,11,13,5],[7,3,15,23,19,11,5],[7,23,19,11,15,3,16,5],[7,23,11,19,15,3,5],[11,23,7,15,19,3,13,5],[7,15,3,23,11,19,5],[23,7,11,15,19,3,5],[23,15,11,3,7,19,5],[7,15,19,11,23,3,13,5],[19,23,11,15,3,7,5],[15,19,11,23,7,3,5],[23,7,15,3,19,11,13,5],[7,3,11,15,19,23,10,5],[3,15,19,11,23,7,14,5],[23,19,7,15,3,11,13,5],[19,23,3,11,7,15,13,5],[11,19,23,3,15,7,5],[7,11,23,15,3,19,5],[7,19,15,23,3,11,13,5],[7,11,23,3,19,15,5],[3,19,15,11,7,23,5],[11,15,19,3,7,23,14,16,5],[11,15,3,23,7,19,5],[11,7,19,23,3,15,13,5],[7,11,3,23,15,19,6,5],[7,15,19,23,3,11,5],[11,3,15,7,19,23,13,5],[7,19,15,3,23,11,8,13,5],[7,19,3,15,11,23,13,5],[23,3,19,15,7,11,13,5],[19,15,23,3,7,11,5],[15,11,3,19,23,7,5],[11,3,15,19,7,23,5],[19,3,7,11,23,15,16,13,5],[23,15,19,11,7,3,13,5],[15,11,23,7,3,19,5],[15,23,3,7,11,19,5],[7,23,11,15,3,19,5],[7,11,23,3,15,19,6,13,5],[7,3,15,19,23,11,6,5],[11,3,15,19,7,23,5],[23,15,3,7,11,19,5],[15,23,7,19,11,3,5],[15,11,19,7,23,3,13,5],[7,11,3,15,19,23,13,5],[7,3,23,11,19,15,5],[7,3,19,23,15,11,13,5],[15,23,11,7,19,3,5],[3,15,11,7,19,23,8,13,5],[23,11,3,19,7,15,16,5],[11,3,15,19,7,23,5],[15,23,11,19,3,7,13,5],[7,11,19,3,15,23,13,5],[23,15,11,7,19,3,14,5],[7,19,11,23,3,15,13,5],[15,7,19,11,3,23,13,5],[19,15,7,23,11,3,13,5],[11,23,15,7,3,19,16,5],[7,19,11,3,23,15,5],[7,15,19,3,23,11,13,5],[3,23,19,7,15,11,13,5],[23,11,19,15,3,7,5],[23,7,3,15,19,11,13,5],[7,23,15,3,19,11,6,13,5],[15,3,11,7,23,19,5],[23,11,7,3,19,15,13,5],[11,15,23,19,7,3,13,5],[11,3,23,7,19,15,5],[3,23,7,11,19,15,13,5],[23,7,15,11,19,3,16,5],[3,19,7,11,15,23,13,5],[7,11,3,15,23,19,13,5],[3,15,11,19,7,23,5],[11,3,7,15,19,23,24,13,5],[7,23,19,15,11,3,5],[7,3,11,23,19,15,13,5],[3,11,7,19,23,15,14,5],[15,23,7,11,3,19,13,5],[3,11,23,7,15,19,13,5],[3,19,7,11,23,15,5],[19,7,15,3,11,23,13,5],[7,19,23,15,3,11,5],[23,7,11,3,15,19,13,5],[3,11,19,23,15,7,13,5],[7,11,19,23,15,3,16,5],[19,7,15,3,11,23,13,5],[23,11,19,15,3,7,5],[19,7,3,23,11,15,8,13,5],[23,7,11,3,15,19,13,5],[15,19,11,23,3,7,5],[19,15,3,7,11,23,13,5],[11,7,3,19,15,23,13,5],[11,19,23,7,15,3,5],[23,3,19,15,7,11,13,5],[11,15,3,7,19,23,13,5],[15,11,3,23,7,19,5],[19,15,7,11,23,3,13,5],[3,7,23,15,11,19,5],[23,11,19,3,7,15,13,5],[7,15,11,19,3,23,5],[19,15,3,11,23,7,13,5],[19,11,3,7,23,15,13,5],[7,15,11,23,3,19,5],[23,19,15,3,11,7,13,5],[11,19,7,23,3,15,14,5],[11,19,23,3,7,15,13,5],[19,23,15,7,3,11,13,5],[3,15,23,11,19,7,13,5],[19,3,11,23,15,7,13,5],[23,7,11,3,19,15,6,5],[11,19,23,15,3,7,8,13,5],[19,11,3,7,15,23,13,5],[23,19,3,15,11,7,16,5],[3,7,15,11,19,23,5],[11,23,15,19,3,7,13,5],[3,23,11,7,19,15,5],[11,19,7,23,15,3,16,5],[15,23,3,7,11,19,5],[23,11,3,7,19,15,16,5],[15,7,23,11,19,3,5],[11,15,3,23,7,19,13,5],[15,23,19,11,3,7,5],[15,7,19,23,3,11,16,5],[23,15,19,7,3,11,13,5],[19,3,15,7,11,23,13,5],[7,3,19,15,11,23,13,5],[7,19,11,23,3,15,13,5],[3,15,19,7,23,11,5],[7,23,11,19,15,3,5],[19,7,11,15,3,23,8,13,5],[23,19,3,7,15,11,5],[23,3,7,19,11,15,5],[11,15,7,23,19,3,13,5],[19,3,11,23,7,15,8,13,5],[23,11,15,19,7,3,13,5],[15,7,19,23,3,11,14,13,5],[23,7,19,11,3,15,13,5],[11,15,19,7,3,23,5],[23,3,7,11,19,15,6,5],[7,3,15,19,11,23,8,16,13,5],[19,11,15,3,23,7,16,5],[11,3,23,19,15,7,13,5],[11,3,7,23,15,19,5],[19,23,15,11,7,3,5],[7,15,3,19,11,23,5],[23,11,15,19,7,3,5],[19,7,23,11,15,3,13,5],[3,7,19,23,11,15,5],[3,11,23,15,19,7,8,13,5],[11,19,3,7,23,15,12,5],[15,7,19,11,3,23,5],[11,7,23,3,15,19,13,5],[23,11,7,19,3,15,9,5],[23,19,11,15,7,3,12,13,5],[11,15,23,3,7,19,5],[19,3,15,11,23,7,13,5],[7,11,23,15,3,19,13,5],[23,15,11,7,3,19,13,5],[15,23,7,3,11,19,16,5],[15,7,19,23,11,3,6,13,5],[11,3,15,19,23,7,13,5],[15,11,7,19,3,23,5],[15,11,3,23,19,7,5],[7,15,19,11,3,23,13,5],[23,3,11,15,7,19,5],[3,11,23,15,7,19,13,5],[23,19,15,3,7,11,8,13,5],[15,3,7,23,19,11,5],[3,7,11,19,23,15,13,5],[23,11,7,19,15,3,5],[3,11,23,19,15,7,13,5],[15,3,19,23,7,11,13,5],[11,19,7,23,3,15,13,5],[23,11,15,19,3,7,13,5],[11,7,15,19,3,23,13,5],[3,19,15,11,23,7,5],[23,7,3,15,19,11,13,5],[7,23,11,15,3,19,13,5],[11,3,15,19,7,23,5],[3,23,15,7,11,19,5],[3,11,7,23,15,19,5],[3,19,23,15,11,7,14,13,5],[3,11,23,19,7,15,13,5],[3,7,23,15,19,11,6,13,5],[19,11,15,23,3,7,13,5],[11,15,19,7,3,23,5],[3,23,11,7,15,19,13,5],[23,3,7,15,19,11,5],[11,7,15,23,3,19,21,13,5],[15,7,3,23,11,19,13,5],[3,7,19,23,15,11,13,5],[7,23,19,3,15,11,13,5],[3,23,15,11,19,7,13,5],[15,7,11,19,3,23,5],[19,15,23,11,7,3,5],[15,7,19,3,23,11,5],[11,3,15,23,7,19,14,13,5],[15,7,23,11,19,3,5],[15,23,7,3,11,19,5],[19,7,11,3,15,23,13,5],[11,19,15,3,23,7,13,5],[11,15,7,3,19,23,14,13,5],[23,15,11,7,19,3,13,5],[7,23,3,11,15,19,13,5],[19,3,11,7,23,15,14,5],[23,19,15,7,11,3,13,5],[15,11,23,19,3,7,13,5],[15,3,23,11,7,19,16,5],[3,19,15,11,23,7,5],[3,19,23,15,11,7,13,5],[7,23,19,11,15,3,13,5],[19,15,7,23,3,11,8,5],[3,7,15,19,23,11,13,5],[19,23,15,11,3,7,5],[3,23,11,19,7,15,13,5],[7,15,19,23,11,3,13,5],[19,23,11,7,3,15,5],[7,11,23,15,3,19,13,5],[7,19,15,11,23,3,13,5],[3,11,19,15,7,23,13,5],[15,3,11,23,19,7,13,5],[11,15,7,23,3,19,13,5],[7,15,23,3,19,11,13,5],[7,23,19,11,15,3,13,5],[11,19,7,3,15,23,13,5],[19,3,15,7,23,11,5],[7,19,15,3,23,11,12,5],[7,15,23,3,19,11,13,5],[11,3,7,15,23,19,13,5],[11,15,7,23,19,3,13,5],[23,11,7,15,19,3,16,5],[11,23,15,7,3,19,14,5],[23,7,15,11,3,19,5],[23,3,11,19,15,7,5],[23,7,19,3,11,15,13,5],[19,7,15,23,3,11,13,5],[15,3,23,7,19,11,5],[19,3,11,7,15,23,5],[7,15,3,19,11,23,13,5],[15,11,19,3,7,23,14,16,13,5],[15,23,19,7,3,11,13,5],[19,11,23,7,15,3,5],[11,19,7,3,23,15,13,5],[11,19,15,23,3,7,13,5],[23,15,3,7,11,19,13,5],[23,11,15,7,19,3,13,5],[3,7,11,19,23,15,8,6,13,5],[23,7,11,3,15,19,14,13,5],[15,23,11,3,19,7,5],[15,23,19,3,11,7,5],[7,11,3,15,23,19,13,5],[19,23,11,7,15,3,5],[3,11,15,7,19,23,13,5],[3,15,23,19,11,7,8,5],[23,11,7,19,3,15,8,6,16,13,5],[19,23,3,11,7,15,5],[3,15,11,7,19,23,9,13,5],[7,15,3,23,19,11,13,5],[15,19,3,23,11,7,5],[19,7,23,3,11,15,5],[23,11,19,7,3,15,5],[3,19,11,23,15,7,5],[15,7,23,11,3,19,13,5],[19,7,3,23,15,11,13,5],[3,23,15,19,7,11,13,5],[15,11,19,7,23,3,5],[23,11,7,3,19,15,13,5],[7,23,19,3,15,11,13,5],[15,7,19,23,11,3,5],[3,23,19,11,15,7,6,5],[11,19,7,23,15,3,13,5],[15,7,19,23,11,3,5],[3,23,7,11,19,15,6,5],[19,11,3,23,15,7,13,5],[15,11,19,3,23,7,5],[3,15,23,19,7,11,8,5],[23,11,3,15,7,19,5],[15,3,11,23,19,7,13,5],[3,11,23,19,15,7,13,5],[19,3,7,15,11,23,5],[7,15,19,3,23,11,13,5],[11,23,3,7,15,19,5],[7,23,19,15,11,3,14,5],[15,7,19,23,11,3,13,5],[11,3,23,7,15,19,5],[3,23,11,15,7,19,13,5],[7,19,3,23,11,15,13,5],[7,11,15,23,19,3,8,13,5],[7,11,23,3,15,19,13,5],[23,19,3,7,15,11,13,5],[7,15,11,23,3,19,13,5],[19,11,15,23,3,7,5],[19,23,7,3,11,15,13,5],[19,11,15,7,3,23,13,5],[23,15,3,7,19,11,9,14,5],[11,7,23,19,3,15,13,5],[3,11,15,7,23,19,5],[19,15,7,23,3,11,13,5],[23,3,19,7,15,11,5],[15,3,19,7,11,23,13,5],[23,15,11,7,3,19,5],[19,11,7,15,23,3,5],[19,23,11,15,7,3,6,5],[19,23,7,15,11,3,13,5],[7,23,15,19,3,11,6,5],[15,19,7,3,23,11,5],[23,3,7,15,11,19,5],[15,23,7,3,19,11,13,5],[7,23,11,15,3,19,5],[3,11,7,19,23,15,13,5],[23,3,19,15,7,11,5],[23,3,11,7,19,15,5],[3,15,11,7,19,23,5],[19,3,7,11,23,15,5],[15,3,23,19,7,11,14,5],[11,7,15,19,23,3,13,5],[23,3,11,15,7,19,16,13,5],[7,15,11,3,23,19,5],[23,7,11,15,19,3,14,13,5],[7,15,23,11,3,19,13,5],[15,3,19,7,23,11,8,13,5],[15,23,7,3,19,11,13,5],[7,3,23,15,11,19,13,5],[23,11,15,7,19,3,5],[19,23,7,3,11,15,5],[15,23,19,7,3,11,5],[11,3,23,19,7,15,13,5],[3,15,23,7,19,11,5],[3,15,23,11,7,19,5],[7,15,23,3,19,11,5],[19,3,7,11,23,15,13,5],[23,15,7,11,3,19,14,13,5],[7,15,23,11,19,3,5],[15,3,23,11,19,7,5],[11,7,3,19,23,15,13,5],[23,7,11,3,19,15,5],[7,3,19,23,15,11,8,13,5],[19,15,23,11,3,7,13,5],[23,19,11,15,3,7,5],[23,15,19,3,11,7,13,5],[7,15,11,3,19,23,5],[23,19,15,11,3,7,13,5],[3,23,15,19,7,11,5],[11,23,3,19,7,15,5],[3,19,11,7,15,23,5],[15,19,3,7,11,23,13,5],[3,15,11,23,7,19,5],[23,11,7,19,15,3,13,5],[23,19,15,11,3,7,5],[11,3,15,19,23,7,13,5],[15,23,3,11,7,19,5],[19,7,15,23,3,11,5],[15,19,3,7,23,11,5],[15,23,3,11,7,19,5],[15,11,7,3,19,23,13,5],[15,19,11,23,3,7,13,5],[15,11,7,3,19,23,5],[11,3,23,19,7,15,13,5],[23,7,15,11,3,19,5],[15,7,19,23,11,3,5],[19,7,3,15,23,11,13,5],[15,11,23,7,3,19,13,5],[11,3,7,23,19,15,5],[23,7,11,19,15,3,13,5],[19,7,23,11,3,15,5],[19,3,15,11,7,23,13,5],[3,11,15,23,19,7,13,5],[15,19,23,7,11,3,5],[7,3,11,23,15,19,5],[23,7,15,19,11,3,5],[15,23,11,7,19,3,13,5],[19,7,15,3,23,11,6,5],[11,15,7,19,23,3,5],[3,19,15,11,23,7,13,5],[3,19,11,7,15,23,13,5],[7,19,15,11,23,3,5],[19,7,23,11,15,3,5],[19,11,15,7,23,3,2,6,13,5],[11,3,15,19,23,7,5],[19,11,7,15,23,3,5],[15,7,23,11,19,3,5],[15,19,3,23,7,11,5],[11,19,15,23,7,3,6,5],[19,11,7,23,15,3,5],[7,15,23,3,11,19,5],[7,19,15,11,3,23,5],[23,15,11,3,7,19,5],[19,23,3,7,15,11,5],[3,11,7,19,15,23,16,13,5],[15,7,11,3,23,19,13,5],[11,15,3,7,19,23,13,5],[23,15,11,3,19,7,5],[15,19,3,7,11,23,5],[11,7,23,15,3,19,5],[3,23,7,19,15,11,5],[15,7,23,11,19,3,13,5],[11,23,15,3,19,7,1,6,5],[7,23,11,19,3,15,13,5],[3,7,23,15,11,19,5],[3,11,23,7,19,15,5],[3,7,23,19,15,11,13,5],[23,11,3,7,19,15,14,5],[3,19,11,15,23,7,6,13,5],[3,15,11,23,19,7,13,5],[23,19,7,11,15,3,13,5],[23,7,19,15,3,11,5],[11,15,7,19,3,23,16,5],[15,19,3,11,7,23,5],[3,7,23,19,15,11,16,13,5],[15,23,11,3,19,7,13,5],[15,11,7,3,19,23,21,5],[19,23,3,11,7,15,5],[15,3,7,19,11,23,5],[7,23,11,15,19,3,6,5],[19,3,15,11,23,7,5],[19,23,15,3,11,7,14,8,13,5],[11,23,7,15,19,3,13,5],[23,19,3,15,11,7,13,5]],"n_human":16}