{"problem_id":"ph6GyNQPTKDmTGH","sigma":75,"alpha":3.162,"cost":0,"probabilities":"[0.25, 0.22, 0.23, 0.3]","payoff_matrix":"[[161, 87, 2, -85, 32, 131], [-28, 149, 29, 47, 56, -85], [52, 41, 0, -86, -139, -3], [-67, -40, 58, -90, 101, -12]]","uncovered":[[24,4,16,12,20,17,9,8,19,11,21,23,22,10,18,6,5,7],[8,16,20,4,12,17,9,11,19,24,21,23,22,10,18,5,6,7],[16,20,8,4,12,9,17,11,24,19,21,23,22,10,5,7,6],[8,16,20,4,24,12,17,9,19,10,21,23,11,22,18,6,5,7],[8,4,24,16,12,20,9,17,19,11,21,23,22,10,18,7,5,6],[20,12,9,17,24,8,19,4,16,11,21,23,22,10,18,5,7,6],[16,8,12,24,20,17,9,4,11,19,21,23,22,10,5,7,6],[16,12,24,8,4,20,17,9,19,11,21,23,10,22,18,5,7,6],[20,12,9,17,16,4,8,24,19,11,21,23,10,22,18,6,5,7],[8,16,12,4,24,20,9,17,11,19,21,23,22,10,18,5,7,6],[4,24,8,12,20,17,9,16,11,19,21,23,10,22,18,5,7,6],[20,24,16,12,9,17,8,4,11,19,21,23,22,10,5,7,6],[24,4,8,20,16,12,17,9,19,11,21,23,22,10,18,5,7,6],[20,12,17,9,24,16,19,8,4,11,21,23,10,22,18,5,7,6],[8,12,16,20,9,17,19,4,24,11,21,23,22,10,18,5,7,6],[12,16,20,17,9,8,4,24,11,19,21,23,22,10,18,6,5,7],[16,24,4,8,20,12,9,17,19,11,21,23,10,22,5,7,6],[4,12,20,17,9,8,19,24,16,11,21,23,10,22,18,5,7,6],[16,8,4,20,12,17,9,24,19,11,21,23,10,22,18,5,7,6],[4,8,16,24,20,12,9,17,10,19,21,23,11,22,5,7,6],[16,4,12,20,9,17,8,24,11,19,21,23,22,10,18,5,7,6],[16,20,24,4,8,12,9,17,19,11,21,23,22,10,18,5,7,6],[16,24,4,20,12,17,9,8,19,11,21,23,22,10,18,5,7,6],[12,16,4,20,17,9,24,11,8,19,21,23,22,10,18,5,7,6],[12,4,20,9,17,8,11,16,19,24,21,23,10,22,18,5,7,6],[4,20,12,9,17,16,8,24,19,11,21,23,22,10,18,5,7,6],[8,20,24,16,4,12,17,9,11,19,21,23,22,10,7,5,6],[20,12,9,17,4,8,11,16,24,19,23,10,18,5,7,6],[20,4,8,16,12,9,17,24,11,19,21,23,22,10,5,7,6],[16,20,12,9,17,4,24,8,11,19,21,23,10,22,18,5,7,6],[12,4,16,24,20,17,9,11,8,19,21,22,23,10,18,6,5,7],[4,8,12,24,20,9,17,16,19,11,21,22,23,10,5,7,6],[20,24,16,8,4,12,9,17,11,19,21,23,10,22,18,5,7,6],[20,16,24,4,8,12,9,17,19,11,21,23,10,22,18,6,5,7],[24,16,4,12,8,20,17,9,19,11,21,23,10,22,6,5,7],[24,12,16,20,9,17,8,4,19,11,21,23,22,10,18,6,5,7],[20,4,16,8,12,9,17,24,19,11,21,23,22,10,18,6,5,7],[20,8,12,17,9,16,24,4,11,19,21,23,10,22,18,5,7,6],[8,4,12,20,9,17,24,16,10,19,21,23,11,22,18,5,7,6],[24,16,8,4,12,20,17,9,11,18,21,23,19,22,10,5,7,6],[8,20,24,4,12,17,9,16,11,19,21,23,10,22,7,5,6],[12,16,24,4,20,9,17,8,19,11,21,23,10,22,5,7,6],[20,24,16,12,17,9,19,8,4,11,21,23,22,10,18,5,7,6],[20,8,24,16,12,17,9,4,11,19,21,23,10,22,18,5,7,6],[24,4,8,20,12,9,17,19,16,11,21,23,10,22,18,6,5,7],[16,4,8,20,12,17,9,24,19,11,21,23,10,22,18,5,7,6],[8,20,12,17,9,16,24,4,19,11,21,23,22,10,18,7,5,6],[24,16,4,12,20,17,10,9,19,8,21,23,11,22,18,5,7,6],[24,12,8,4,16,20,9,17,19,11,21,23,10,22,18,7,5,6],[4,20,8,16,24,12,17,9,19,11,21,23,10,22,5,7,6],[8,12,24,20,17,9,13,10,19,4,21,23,11,22,18,5,7,6],[24,16,8,12,20,9,17,4,19,11,21,23,22,10,7,5,6],[24,20,12,9,17,16,4,11,8,19,21,23,22,10,18,5,7,6],[20,4,24,12,9,17,11,8,16,19,21,23,10,22,18,5,6,7],[4,12,20,9,17,8,24,16,19,11,21,23,22,10,18,7,5,6],[12,4,24,20,17,9,8,16,11,19,21,23,22,10,18,5,7,6],[20,12,17,9,24,4,16,8,19,11,21,22,23,10,5,7,6],[4,20,8,12,17,9,16,23,18,11,24,19,10,5,7,6],[24,12,4,8,16,20,9,17,19,11,21,23,22,10,7,5,6],[20,8,12,17,9,24,4,11,16,19,21,23,10,22,18,7,5,6],[24,20,16,12,9,17,19,4,8,11,21,23,10,22,18,5,7,6],[20,4,12,9,17,8,16,21,24,23,19,11,22,10,5,7,6],[24,16,4,12,8,20,9,17,10,19,21,23,11,22,18,5,7,6],[4,20,12,17,9,16,24,19,8,11,21,23,10,22,18,5,7,6],[16,24,4,12,8,20,9,17,11,19,21,23,10,22,18,7,5,6],[16,4,24,8,20,12,9,17,19,11,21,23,10,22,18,5,7,6],[4,8,16,20,24,12,17,9,11,19,21,23,10,22,7,5,6],[12,8,24,4,16,20,17,9,11,19,21,23,22,10,18,6,5,7],[8,24,4,20,12,17,9,16,11,19,21,23,10,22,5,7,6],[16,24,12,8,20,9,17,11,4,19,21,23,10,22,18,7,5,6],[24,12,8,16,4,20,9,17,11,19,21,23,22,10,5,7,6],[8,24,20,12,17,9,16,4,11,18,22,19,10,5,7,6],[24,4,8,16,20,12,17,11,9,19,21,23,22,10,18,5,7,6],[24,8,12,4,16,20,17,9,11,19,21,23,22,10,18,5,7,6],[8,4,16,20,12,9,17,24,19,11,21,23,10,22,18,5,6,7],[4,24,20,16,12,17,9,8,11,19,21,23,22,10,18,5,7,6],[24,20,8,4,16,12,17,9,11,19,21,23,10,22,5,7,6],[24,8,12,16,4,20,9,17,11,19,21,23,10,22,5,7,6],[8,4,12,16,24,20,9,17,19,11,21,23,22,10,18,5,7,6],[24,12,4,20,17,9,16,8,11,19,21,23,10,22,18,5,7,6],[24,20,4,16,12,17,9,8,11,19,21,23,10,22,18,5,7,6],[16,20,4,12,17,9,8,24,11,18,23,6,5,7,19],[24,16,12,20,9,17,4,8,19,11,21,23,10,22,18,5,7,6],[20,24,16,12,9,17,8,4,11,19,21,23,22,10,18,7,5,6],[24,16,20,8,12,9,17,4,19,11,21,23,10,22,18,7,5,6],[20,8,12,17,9,24,16,4,19,11,21,23,10,22,5,7,6],[12,16,4,24,20,9,17,11,8,19,21,23,10,22,18,7,5,6],[4,20,8,24,12,9,17,11,16,19,21,23,10,22,18,5,7,6],[12,4,24,20,17,9,8,16,19,11,21,23,10,22,18,7,5,6],[12,4,8,20,9,17,24,16,11,19,21,23,10,22,5,7,6],[12,16,20,17,9,4,24,8,19,10,21,23,11,22,18,5,7,6],[20,16,4,24,8,12,9,17,19,11,21,23,10,22,5,7,6],[24,16,8,20,12,17,9,4,19,11,21,23,22,10,5,7,6],[8,4,12,20,9,17,24,16,11,19,21,23,10,22,18,7,5,6],[12,24,20,17,9,16,4,19,8,11,21,23,22,10,18,5,7,6],[4,24,8,16,12,20,9,17,19,11,21,23,22,10,18,7,5,6],[24,8,12,16,20,17,9,4,11,19,21,23,10,22,18,5,7,6],[8,16,24,4,20,12,9,17,19,11,21,23,22,10,18,5,7,6],[16,20,12,9,17,19,4,8,24,11,21,23,10,22,18,5,7,6],[16,24,12,8,20,17,9,4,11,19,21,23,10,22,18,5,7,6],[20,24,8,4,16,12,17,9,11,19,21,23,10,22,18,5,7,6],[8,24,20,12,9,17,16,4,19,11,21,23,22,10,5,7,6],[12,16,20,9,17,24,8,4,10,19,23,11,21,22,5,7,6],[12,24,20,9,17,8,4,16,11,19,21,23,22,10,18,5,7,6],[8,24,4,16,20,12,17,9,19,11,21,23,22,10,5,7,6],[24,20,8,4,12,9,17,16,19,11,21,23,10,22,18,5,7,6],[20,4,12,17,9,16,19,24,8,11,21,23,22,10,18,5,6,7],[4,20,16,12,17,9,24,8,10,19,23,11,21,22,7,5,6],[20,16,24,12,17,9,4,8,11,19,21,23,22,10,18,6,5,7],[8,20,4,12,17,9,24,16,11,19,21,23,10,22,18,5,7,6],[12,4,20,17,9,24,16,8,19,11,21,23,10,22,18,5,7,6],[20,8,24,4,12,9,17,11,16,19,21,23,10,22,18,5,7,6],[24,16,8,12,4,20,9,17,11,19,21,23,10,22,7,5,6],[20,24,4,8,16,12,17,9,10,19,21,23,11,22,18,5,7,6],[24,4,8,16,12,20,17,9,19,11,21,23,10,22,6,5,7],[24,16,4,8,20,12,9,17,19,11,21,23,22,10,7,5,6],[8,24,16,12,4,20,9,17,11,19,21,23,10,22,6,5,7],[8,24,16,4,12,20,9,17,11,19,21,23,10,22,18,5,7,6],[4,8,24,16,20,12,9,17,11,19,21,23,22,10,18,5,7,6],[8,20,4,24,16,12,9,17,18,10,19,11,21,23,22,7,5,6],[16,8,4,12,24,20,17,9,18,10,11,19,21,23,22,5,7,6],[8,12,16,20,17,9,4,24,19,11,21,23,22,10,5,7,6],[16,20,8,12,17,9,2,24,18,11,4,21,23,19,22,10,5,7,6],[24,20,12,9,17,16,4,8,11,19,21,23,22,10,18,5,7,6],[16,4,8,12,24,20,17,9,11,19,21,23,22,10,18,5,7,6],[12,4,8,16,24,20,17,9,19,11,21,23,22,10,5,7,6],[12,8,24,16,4,20,9,17,19,11,21,23,22,10,5,7,6],[12,20,9,17,16,8,4,24,19,11,21,23,22,10,5,7,6],[20,8,12,9,17,4,16,24,18,11,23,19,10,21,22,5,7,6],[20,24,16,12,17,9,8,10,19,4,21,23,11,22,18,6,5,7],[24,12,8,20,17,9,4,11,16,19,21,23,22,10,18,5,7,6],[8,24,20,4,16,12,9,17,19,11,21,23,10,22,18,5,7,6],[4,16,12,24,20,17,9,8,19,11,21,23,22,10,18,5,7,6],[24,12,8,20,17,9,4,16,19,11,21,23,10,22,5,7,6],[12,24,8,4,16,20,17,9,19,11,21,23,10,22,5,7,6],[16,24,20,4,8,12,9,17,19,11,21,23,10,22,18,7,5,6],[16,20,8,24,4,12,17,9,11,19,21,23,10,22,5,7,6],[24,20,8,16,12,17,9,4,11,19,21,23,22,10,18,5,7,6],[8,12,4,20,17,9,16,24,19,11,21,23,22,10,18,5,7,6],[12,8,4,16,24,20,9,17,11,19,21,23,22,10,7,5,6],[16,24,20,4,12,17,9,8,11,19,21,23,10,22,7,5,6],[20,24,4,12,17,9,8,19,16,11,21,23,10,22,18,5,7,6],[4,20,8,16,24,12,9,17,19,11,21,23,10,22,18,5,7,6],[16,8,20,12,9,17,1,4,19,3,11,24,10,2,21,23,22,5,7,6],[24,8,16,20,12,17,9,4,19,11,21,23,10,22,18,5,7,6],[16,24,4,20,12,17,9,8,18,10,19,11,21,23,22,7,5,6],[16,8,24,20,4,12,17,9,11,19,21,23,10,22,18,7,5,6],[4,16,20,24,12,9,17,11,8,19,21,23,22,10,18,5,6,7],[4,12,24,16,8,20,17,9,19,10,21,23,11,22,18,5,7,6],[20,24,8,4,12,17,9,16,11,19,21,23,10,22,18,5,7,6],[16,20,8,4,24,12,9,17,19,10,21,23,11,22,18,7,5,6],[24,12,8,4,16,20,9,17,19,11,21,23,22,10,18,5,7,6],[8,4,24,12,20,9,17,16,19,11,21,22,23,10,7,5,6],[4,12,16,24,8,20,17,9,19,11,21,23,22,10,18,6,5,7],[24,8,12,16,20,17,9,4,19,11,21,23,10,22,6,5,7],[24,20,12,9,17,16,8,4,18,11,21,23,19,22,10,5,7,6],[12,16,20,9,17,4,8,24,11,19,21,23,22,10,18,5,7,6],[20,24,8,12,17,9,13,4,11,19,21,23,10,22,5,7,6],[16,12,24,8,20,9,17,4,11,19,21,23,22,10,5,7,6],[12,8,16,20,17,9,24,18,1,4,3,19,11,2,10,21,23,22,7,6,5],[16,24,12,8,4,20,17,9,19,11,21,22,23,10,18,5,7,6],[24,20,16,4,8,12,17,9,19,11,21,23,22,10,18,5,7,6],[20,16,12,9,17,4,5,8,24,19,6,10,7,11],[8,12,16,4,24,20,9,17,11,19,21,23,22,10,18,7,5,6],[24,16,20,8,4,12,9,17,10,19,21,23,11,22,5,7,6],[8,24,20,4,16,12,9,19,21,11,23,22,10,17,5,7,6],[8,12,4,20,9,17,24,16,19,11,21,23,22,10,5,7,6],[24,4,20,8,16,12,17,9,19,11,21,23,10,22,18,5,6,7],[12,8,24,16,4,20,17,9,19,11,21,23,10,22,7,5,6],[8,20,12,17,9,24,4,11,16,19,21,23,22,10,18,5,7,6],[12,16,20,17,9,24,4,8,19,11,21,23,22,10,18,7,5,6],[4,12,16,20,17,9,8,24,19,11,21,23,22,10,5,7,6],[8,16,24,12,20,9,17,4,18,11,23,19,10,21,22,5,7,6],[16,8,20,24,12,9,17,4,19,11,21,23,10,22,5,7,6],[4,8,20,24,12,9,17,16,10,19,21,23,11,22,7,5,6],[16,24,12,20,9,17,8,4,19,11,21,23,22,10,18,5,7,6],[20,12,9,17,16,24,4,8,11,19,21,23,10,22,18,5,7,6],[20,16,4,24,12,9,17,8,11,19,21,23,22,10,18,5,7,6],[24,8,12,16,4,20,17,9,19,11,21,23,22,10,18,7,5,6],[4,12,8,20,9,17,24,11,16,18,2,21,23,19,22,10,5,7,6],[12,20,9,17,8,4,15,24,11,19,21,23,10,22,5,7,6],[20,16,4,12,9,17,24,8,11,19,21,23,22,10,18,7,5,6],[4,8,20,12,9,17,16,24,11,19,23,18,10,21,22,5,7,6],[20,8,12,9,17,24,4,16,11,19,21,23,22,10,18,5,7,6],[8,20,4,12,9,17,24,19,16,11,21,23,10,22,18,5,7,6],[20,12,17,9,24,16,2,8,10,19,4,21,23,11,22,18,5,7,6],[16,12,24,20,9,17,8,4,19,11,21,23,10,22,18,6,5,7],[20,8,12,17,9,4,16,11,23,19,24,10,21,22,18,6,5,7],[20,8,12,17,9,4,19,16,24,11,21,23,22,10,18,5,7,6],[4,8,12,24,16,20,17,9,11,19,21,23,22,10,18,5,7,6],[24,4,12,20,9,17,8,16,19,11,21,23,10,22,18,5,7,6],[12,24,16,8,20,9,17,4,11,19,21,23,22,10,18,5,7,6],[24,12,20,17,9,4,16,8,19,11,21,23,22,10,5,7,6],[4,20,24,12,17,9,19,8,16,11,21,22,23,10,5,7,6],[4,8,16,24,20,12,9,17,11,19,21,23,22,10,6,5,7],[24,20,12,9,17,4,19,8,16,11,21,23,10,22,7,5,6],[24,16,12,4,20,9,17,8,11,19,21,23,22,10,18,5,7,6],[20,4,24,8,12,17,9,16,19,11,23,10,7,5,6],[8,12,16,4,24,20,17,9,10,19,21,23,11,22,18,5,7,6],[12,8,4,24,16,20,17,9,19,10,23,11,18,21,22,5,6,7],[12,8,16,4,20,9,17,24,11,19,21,23,10,22,5,7,6],[8,20,4,12,9,17,16,24,11,18,22,7,19,10,5,6],[16,4,12,20,9,17,24,8,11,19,21,23,10,22,18,6,5,7],[24,4,16,12,8,20,9,17,19,11,21,23,22,10,5,7,6],[8,12,20,17,9,24,4,16,19,11,21,23,22,10,18,5,7,6],[20,4,12,9,17,24,16,8,11,19,21,23,22,10,18,5,7,6],[8,4,16,12,20,9,17,24,11,19,21,23,10,22,18,7,5,6],[4,8,24,16,12,20,9,17,19,11,21,23,10,22,18,7,5,6],[24,16,8,4,20,12,17,9,19,11,21,23,22,10,5,7,6],[4,24,12,8,16,20,17,9,19,11,21,23,10,22,18,7,5,6],[8,20,4,24,12,17,9,16,11,19,23,18,10,21,22,5,7,6],[4,16,12,24,20,17,9,8,11,19,21,23,10,22,5,7,6],[20,24,16,12,9,17,8,4,19,11,21,23,10,22,18,5,6,7],[4,12,8,24,16,20,9,17,11,19,21,23,10,22,18,5,7,6],[24,8,16,12,4,20,17,9,18,11,21,23,19,22,10,5,7,6],[16,8,12,24,4,20,17,9,19,11,21,23,10,22,7,5,6],[20,4,12,9,17,21,24,23,19,11,16,8,22,10,18,6,5,7],[24,20,8,4,16,12,9,17,11,18,22,19,10,5,7,6],[12,16,4,20,17,9,24,8,11,19,21,23,22,10,18,6,5,7],[12,4,16,8,24,20,9,17,19,11,21,23,10,22,5,7,6],[16,20,4,8,24,12,17,9,11,19,21,23,10,22,18,5,7,6],[24,12,4,16,20,17,9,8,11,19,21,23,22,10,18,7,5,6],[4,12,16,24,20,17,9,8,19,11,21,23,10,22,18,5,7,6],[24,4,8,12,16,20,9,17,11,19,21,23,22,10,18,7,5,6],[16,24,20,8,12,17,9,19,4,11,21,23,22,10,18,5,7,6],[24,4,12,16,8,20,9,17,19,11,21,23,22,10,5,7,6],[8,12,20,9,17,4,16,24,11,18,22,19,10,5,7,6],[20,4,24,8,12,9,17,16,19,11,21,23,10,22,18,5,7,6],[24,16,8,12,20,17,9,4,11,19,21,23,22,10,5,7,6],[12,8,4,16,24,20,17,9,10,19,21,23,11,22,5,7,6],[24,4,8,16,12,20,9,17,11,19,21,23,10,22,5,7,6],[4,12,24,20,9,17,8,19,16,11,21,22,23,10,18,5,7,6],[16,4,20,24,8,12,17,9,19,11,21,23,10,22,5,7,6],[16,12,8,4,24,20,17,9,11,19,21,22,23,10,7,5,6],[16,20,24,4,12,17,9,8,18,11,21,23,19,22,10,5,7,6],[16,8,4,12,24,20,17,9,11,19,21,23,10,22,18,7,5,6],[16,20,4,24,8,12,17,9,19,10,21,23,11,22,5,7,6],[8,16,4,20,12,9,17,24,19,11,21,23,22,10,18,5,7,6],[20,12,9,17,4,8,24,16,19,11,21,23,10,22,18,5,7,6],[16,20,24,12,17,9,4,11,8,19,21,23,22,10,7,5,6],[8,16,4,24,12,20,9,17,19,11,21,23,22,10,18,5,7,6],[16,12,4,20,9,17,8,24,19,11,21,23,22,10,18,5,7,6],[4,8,20,12,17,9,24,16,10,19,21,23,11,22,18,5,7,6],[20,24,12,17,9,8,4,16,11,19,21,23,10,22,18,7,5,6],[8,16,4,12,20,9,17,11,24,19,21,23,10,22,18,5,7,6],[20,12,9,17,8,4,24,16,19,11,21,23,10,22,6,5,7],[16,8,4,24,20,12,17,9,11,18,23,6,5,7,19],[12,4,24,16,20,9,17,8,19,11,21,23,22,10,7,5,6],[20,12,9,17,8,4,24,16,19,11,21,23,10,22,18,7,5,6],[8,16,24,12,4,20,9,17,19,11,21,23,22,10,5,7,6],[4,16,24,20,12,9,17,8,11,19,21,23,10,22,18,5,7,6],[8,12,20,9,17,11,4,24,16,19,21,22,23,10,18,7,5,6],[12,4,24,20,17,9,8,16,19,11,21,22,23,10,18,7,5,6],[8,24,12,16,20,17,9,4,18,11,22,19,10,5,7,6],[20,16,4,24,8,12,17,9,11,19,21,23,22,10,18,5,7,6],[8,24,12,16,4,20,9,17,19,11,21,23,22,10,18,6,5,7],[16,8,20,4,12,17,9,24,11,19,21,23,10,22,18,6,5,7],[4,16,20,8,12,17,9,24,19,11,21,23,22,10,18,5,7,6],[4,24,20,8,12,9,17,18,16,11,22,19,10,6,5,7],[12,4,24,16,8,20,17,9,19,11,21,23,10,22,18,7,5,6],[4,8,16,24,20,12,9,17,11,19,21,23,22,10,7,5,6],[20,24,8,12,9,17,16,19,4,11,21,23,10,22,5,7,6],[4,8,24,12,16,20,9,17,10,19,21,23,11,22,18,6,5,7],[20,24,4,8,16,12,9,17,11,19,21,23,22,10,18,7,5,6],[4,8,12,20,17,9,16,21,24,23,19,11,10,22,18,7,5,6],[20,12,17,9,8,24,4,16,19,11,21,23,10,22,18,5,7,6],[24,4,20,8,12,9,17,19,16,11,21,23,10,22,18,5,6,7],[24,4,8,16,12,20,17,9,19,11,21,23,22,10,18,7,5,6],[16,4,24,20,12,17,9,8,19,11,21,23,22,10,18,6,5,7],[16,12,20,17,9,24,8,4,11,18,21,23,19,22,10,5,7,6],[8,16,4,24,20,12,17,11,9,19,21,23,22,10,5,7,6],[12,4,20,17,9,8,16,24,10,19,21,23,11,22,5,7,6],[8,4,12,20,17,9,24,19,16,11,21,23,22,10,5,7,6],[8,4,24,12,16,20,17,9,11,19,21,23,10,22,18,5,7,6],[4,8,24,12,20,9,17,11,19,16,21,23,22,10,18,5,7,6],[4,8,24,16,12,20,17,9,11,19,21,23,22,10,18,5,7,6],[20,8,12,9,17,19,4,16,24,11,21,23,10,22,18,5,7,6],[12,4,16,20,17,9,24,8,19,11,21,23,10,22,18,5,7,6],[4,12,24,20,17,9,8,19,16,11,21,23,22,10,7,5,6],[24,4,20,12,9,17,16,8,19,11,21,23,10,22,18,5,7,6],[4,8,16,20,12,9,17,11,24,19,21,23,22,10,18,5,7,6],[8,4,24,16,12,20,17,9,19,11,21,23,10,22,18,6,5,7],[16,12,4,20,9,17,24,8,19,11,21,23,22,10,18,5,7,6],[8,4,16,24,12,20,9,17,19,11,21,23,22,10,18,5,7,6],[4,12,20,17,9,8,16,24,11,19,21,23,10,22,18,6,5,7],[8,24,12,4,20,17,9,16,11,19,21,23,10,22,18,5,7,6],[4,8,24,20,16,12,17,9,11,19,21,23,10,22,7,5,6],[16,8,4,24,12,20,9,17,11,19,21,23,10,22,18,6,5,7],[24,8,20,16,12,9,17,4,19,11,21,22,23,10,18,5,7,6],[4,20,12,9,17,16,24,8,19,11,21,23,22,10,18,5,7,6],[8,12,24,4,20,9,17,16,19,11,21,23,22,10,18,5,7,6],[8,24,16,20,12,17,9,4,11,19,21,23,22,10,18,5,7,6],[20,24,12,17,9,16,4,8,19,11,21,23,10,22,18,7,5,6],[8,24,4,20,16,12,17,9,19,11,21,23,10,22,5,7,6],[24,16,8,4,20,12,9,17,11,19,21,23,22,10,7,5,6],[12,16,24,8,4,20,9,17,11,19,21,23,10,22,6,5,7],[20,4,8,16,12,17,9,24,19,11,21,23,10,22,18,5,7,6],[24,20,8,16,12,17,9,11,4,19,21,23,22,10,18,7,5,6],[12,20,17,9,24,16,8,4,11,19,21,23,22,10,18,7,5,6],[4,24,12,20,17,9,16,8,11,19,21,23,22,10,18,7,5,6],[24,20,4,12,17,9,5,8,16,19,11,7,10,6],[24,4,16,8,20,12,9,17,10,18,11,19,21,23,22,7,5,6],[4,12,24,8,16,20,9,17,11,19,21,23,10,22,18,5,7,6],[12,16,8,24,4,20,9,17,11,19,21,23,10,22,6,5,7],[8,12,24,4,16,20,9,17,11,19,21,23,10,22,7,5,6],[16,4,8,24,12,20,17,9,19,11,21,23,22,10,18,5,7,6],[20,4,24,12,17,9,16,8,11,19,21,23,10,22,18,5,7,6],[16,8,12,20,17,9,24,4,19,11,21,23,10,22,18,5,7,6],[16,20,4,8,24,12,9,17,11,19,21,23,22,10,18,5,7,6],[24,8,20,12,17,9,2,16,19,11,4,21,23,10,22,18,5,7,6],[24,12,16,8,20,9,17,11,4,19,21,23,10,22,6,5,7],[8,24,16,20,4,12,9,17,11,19,21,23,10,22,7,5,6],[12,24,20,17,9,16,8,4,19,11,21,23,22,10,5,7,6],[24,4,8,20,12,17,9,16,19,11,21,23,10,22,18,7,5,6],[16,12,24,4,8,20,9,17,19,11,21,23,22,10,18,5,6,7],[24,12,16,8,4,20,17,9,19,11,21,23,10,22,18,5,7,6],[12,24,8,4,20,9,17,16,19,11,21,23,10,22,18,5,7,6],[4,20,24,12,9,17,8,18,13,11,21,23,19,22,10,5,7,6],[12,20,9,17,16,4,21,24,23,19,11,8,22,10,18,5,7,6],[24,12,16,8,4,20,17,9,11,19,21,23,22,10,5,7,6],[12,24,4,20,17,9,16,8,11,19,21,23,10,22,18,6,5,7],[12,8,24,16,4,20,9,17,10,19,21,23,11,22,18,5,7,6],[24,12,20,17,9,4,16,8,19,11,21,23,10,22,5,7,6],[12,8,4,20,9,17,21,24,19,23,11,16,22,10,18,5,7,6],[8,24,12,20,17,9,16,4,19,11,21,23,10,22,18,7,5,6],[8,4,16,24,20,12,9,17,11,19,21,23,10,22,5,7,6],[12,8,20,9,17,24,11,16,19,4,21,23,10,22,18,5,7,6],[8,24,12,16,4,20,17,9,19,11,21,23,22,10,7,5,6],[20,4,8,24,16,12,17,9,19,11,21,23,10,22,18,5,7,6],[4,16,24,20,12,9,17,8,19,11,21,22,23,10,18,7,5,6],[12,8,16,20,9,17,24,4,11,19,21,23,22,10,18,5,7,6],[24,12,8,4,20,9,17,16,10,19,21,23,11,22,5,7,6],[20,4,8,12,9,17,24,16,11,19,21,23,22,10,18,5,7,6],[24,16,4,8,20,12,9,17,11,19,21,23,22,10,18,5,7,6],[4,16,8,24,12,20,9,17,19,11,21,23,22,10,18,5,7,6],[16,8,4,12,20,17,9,24,19,10,21,23,11,22,18,5,7,6],[24,12,20,9,17,4,16,8,19,11,21,23,10,22,18,5,7,6],[24,4,16,12,20,17,9,8,19,11,21,23,10,22,5,7,6],[4,20,24,12,9,17,8,14,16,11,19,21,23,10,22,5,7,6],[8,24,16,12,20,17,9,4,11,19,21,23,10,22,5,7,6],[12,24,8,20,9,17,16,4,10,19,23,11,5,7,6],[8,4,16,24,12,20,17,9,11,19,21,23,10,22,5,6,7],[16,8,20,12,17,9,4,24,11,19,21,23,22,10,18,5,7,6],[8,4,24,20,16,12,17,9,19,11,21,23,10,22,18,5,7,6],[8,12,16,24,20,17,9,4,19,11,21,23,10,22,18,5,7,6],[20,12,9,17,24,16,8,4,11,18,21,23,19,22,10,5,7,6],[4,16,20,8,24,12,9,17,10,19,21,23,11,22,18,5,7,6],[12,16,24,20,17,9,8,4,11,19,21,22,23,10,18,5,7,6],[20,8,4,16,24,12,9,17,11,19,21,23,10,22,5,7,6],[16,4,20,8,12,9,17,24,10,19,21,23,11,22,18,5,7,6],[8,20,4,16,12,17,9,19,24,11,21,23,10,22,18,5,7,6],[16,8,20,4,24,12,9,17,11,19,21,23,10,22,18,5,7,6],[8,20,16,4,24,12,17,9,19,11,21,23,22,10,18,5,7,6],[4,16,12,20,17,9,8,24,11,19,21,23,10,22,18,5,7,6],[16,20,12,17,9,8,24,4,11,19,21,23,22,10,5,7,6],[8,16,24,20,12,17,9,4,11,19,21,23,10,22,18,5,7,6],[20,4,24,12,17,9,16,18,8,11,22,19,10,7,5,6],[24,4,20,12,9,17,8,16,11,19,21,23,22,10,18,5,7,6],[24,4,8,12,20,17,9,16,11,19,21,23,10,22,18,5,7,6],[24,12,4,16,20,9,17,8,19,11,21,23,22,10,18,6,5,7],[4,24,12,8,20,9,17,16,11,19,21,23,22,10,18,6,5,7],[12,8,20,17,9,4,24,19,16,11,21,23,10,22,18,5,7,6],[20,24,12,17,9,8,16,11,4,19,21,23,10,22,18,5,7,6],[20,4,8,16,24,12,9,17,19,11,21,23,10,22,18,5,7,6],[12,24,20,9,17,19,8,4,16,11,21,23,22,10,18,7,5,6],[12,20,9,17,8,4,24,16,19,11,21,23,10,22,7,5,6],[24,20,4,12,9,17,16,19,8,11,21,23,10,22,18,5,7,6],[16,24,12,8,4,20,9,17,11,19,21,23,10,22,18,5,7,6],[24,16,12,20,9,17,4,11,8,19,21,23,22,10,18,5,7,6],[8,24,4,16,20,12,17,9,19,11,21,23,22,10,5,7,6],[8,20,16,24,12,17,9,19,4,11,21,23,10,22,18,5,7,6],[20,4,8,12,17,9,16,19,24,11,21,23,22,10,6,5,7],[4,24,16,20,8,12,9,17,11,19,21,23,22,10,5,7,6],[16,24,8,4,12,20,9,17,19,11,21,23,22,10,7,5,6],[16,24,20,8,12,9,17,4,11,19,21,23,10,22,7,5,6],[24,4,8,20,12,17,9,16,19,11,21,23,22,10,7,5,6],[4,24,8,12,16,20,17,9,11,19,21,23,22,10,18,5,7,6],[12,24,20,9,17,8,4,16,19,11,21,23,22,10,5,7,6],[16,4,20,12,17,9,19,24,8,11,21,23,22,10,5,7,6],[4,16,24,20,12,9,17,8,19,11,21,23,22,10,18,5,7,6],[8,16,12,20,9,17,24,19,4,11,21,23,22,10,18,5,7,6],[12,20,9,17,24,4,18,16,8,10,11,19,21,23,22,5,7,6],[16,8,12,4,24,20,9,17,19,11,21,23,10,22,5,7,6],[20,4,8,16,24,12,9,17,19,11,21,23,22,10,18,7,5,6],[12,24,8,4,16,20,17,9,19,11,21,23,10,22,18,5,7,6],[24,20,8,4,16,12,17,9,11,19,21,23,22,10,18,5,6,7],[16,24,12,4,8,20,17,9,19,11,21,23,10,22,18,5,7,6],[4,16,12,20,9,17,8,19,24,11,23,10,21,22,18,5,7,6],[16,24,20,12,17,9,10,19,8,4,21,22,23,11,18,5,7,6],[8,4,16,24,12,20,9,17,19,11,21,22,23,10,18,7,5,6],[24,20,12,17,9,13,8,4,18,11,22,5,6,19,7],[16,8,24,20,4,12,17,9,10,19,21,23,11,22,7,5,6],[20,24,12,9,17,11,16,8,3,4,19,21,23,22,10,7,5,6],[20,24,16,12,17,9,8,4,10,19,21,23,11,22,18,5,7,6],[20,8,4,16,12,17,9,24,19,11,21,23,10,22,18,5,7,6],[8,16,12,20,9,17,24,4,11,19,21,23,10,22,18,7,5,6],[12,24,4,16,20,9,17,8,19,11,21,23,22,10,18,7,5,6],[16,4,24,20,12,9,17,8,19,11,21,23,10,22,18,5,7,6],[16,12,4,24,20,9,17,8,18,11,22,19,10,5,7,6],[4,24,16,20,8,12,17,9,11,19,21,23,22,10,7,5,6],[16,20,12,9,17,24,8,4,19,11,21,23,22,10,18,7,5,6],[24,20,16,8,4,12,9,17,11,19,21,23,22,10,5,7,6],[12,4,16,8,24,20,9,17,10,19,21,22,11,23,18,5,7,6],[20,12,9,17,16,4,24,8,18,10,19,11,21,23,22,5,7,6],[24,20,12,17,9,8,1,4,3,19,11,16,10,2,21,23,22,6,5,7],[4,20,8,12,9,17,16,24,11,18,21,23,19,22,10,5,7,6],[8,20,24,12,9,17,4,16,19,11,21,23,22,10,18,5,7,6],[4,24,12,16,20,17,9,8,10,19,21,23,11,22,6,5,7],[24,8,12,4,16,20,17,9,19,11,21,23,10,22,18,5,7,6],[24,12,8,16,4,20,17,9,10,19,21,23,11,22,18,6,5,7],[16,20,12,9,19,8,24,4,21,23,11,10,22,17,18,6,5,7],[16,8,12,20,17,9,1,4,19,11,3,24,2,10,21,23,22,5,7,6],[24,8,16,20,12,9,17,11,4,19,21,23,22,10,18,6,5,7],[16,8,20,24,4,12,9,17,11,19,21,23,22,10,18,6,5,7],[8,4,24,16,20,12,9,17,11,19,21,23,10,22,18,5,7,6],[24,4,20,16,12,17,9,8,11,19,21,23,10,22,18,6,5,7],[12,20,17,9,4,16,24,8,18,11,23,19,10,21,22,5,7,6],[4,24,12,8,20,17,9,15,11,19,21,23,22,10,5,7,6],[8,24,20,4,12,9,17,19,16,11,21,23,10,22,7,5,6],[8,24,16,20,4,12,9,17,11,19,21,23,22,10,18,7,5,6],[24,12,4,16,8,20,17,9,19,11,21,23,10,22,18,5,7,6],[20,4,8,24,12,17,9,11,16,19,21,23,10,22,18,5,7,6],[20,16,4,24,12,9,17,8,11,19,21,23,10,22,18,5,7,6],[4,20,24,12,9,17,8,16,19,11,21,23,10,22,7,5,6],[20,4,16,12,17,9,24,8,18,10,11,19,21,23,22,5,7,6],[4,24,12,8,16,20,17,9,19,11,21,23,22,10,5,7,6],[8,16,4,24,20,12,17,9,11,19,21,23,22,10,18,5,7,6],[12,16,4,8,20,9,17,24,11,19,21,23,22,10,18,6,5,7],[20,4,8,12,17,9,16,24,19,11,21,23,10,22,18,5,7,6],[24,4,8,16,20,12,9,17,19,11,21,23,10,22,18,7,5,6],[16,12,4,8,24,20,17,9,11,19,21,23,10,22,7,5,6],[4,8,16,12,20,9,17,24,19,11,21,23,10,22,18,7,5,6],[20,4,8,24,12,17,9,16,11,19,21,23,10,22,7,5,6],[4,24,20,8,12,17,9,10,19,16,21,23,11,22,7,5,6],[16,8,4,12,20,17,9,24,11,19,21,23,22,10,5,7,6],[20,23,4,16,8,12,17,9,19,24,11,10,21,22,6,5,7],[16,20,24,12,9,17,4,11,8,19,21,23,10,22,18,6,5,7],[24,12,4,8,20,9,17,16,19,11,21,23,22,10,5,7,6],[12,16,8,4,20,17,9,24,19,11,21,23,10,22,7,5,6],[16,12,4,8,20,9,17,24,18,10,19,11,21,23,22,5,7,6],[24,4,20,16,12,9,17,6,8,5,19,11,21,23,7,22],[16,24,12,20,17,9,8,4,11,19,21,23,10,22,7,6,5],[16,20,24,12,17,9,8,19,4,11,21,23,10,22,18,5,7,6],[8,12,24,16,4,20,17,9,19,11,21,23,10,22,5,7,6],[12,4,20,17,9,11,24,8,16,19,21,23,22,10,6,5,7],[12,4,24,16,8,20,9,17,19,11,21,23,22,10,5,7,6],[20,8,16,4,24,12,9,17,19,11,21,23,22,10,18,5,7,6],[24,12,4,8,16,20,9,17,11,19,21,23,22,10,18,6,5,7],[4,16,8,20,24,12,9,17,11,19,21,23,10,22,18,6,5,7],[4,24,16,20,8,12,17,9,11,19,21,22,23,10,5,7,6],[4,8,12,16,24,20,9,17,18,11,22,5,7,19,6],[16,12,24,20,9,17,8,4,11,19,21,23,22,10,18,5,7,6],[4,20,24,16,8,12,17,9,19,11,21,23,22,10,7,5,6],[24,16,4,12,8,20,9,17,19,11,21,23,22,10,7,5,6],[4,12,8,24,20,17,9,19,16,11,21,23,22,10,7,5,6],[12,16,20,9,17,18,4,21,24,23,5,8,19,11,22,10,7,6],[8,4,12,16,20,17,9,24,18,11,21,23,19,22,10,5,7,6],[16,8,12,20,9,17,4,24,10,19,21,23,11,22,18,7,5,6],[16,24,20,8,4,12,9,17,11,18,22,19,10,5,7,6],[4,24,12,16,8,20,9,17,11,19,21,23,10,22,18,5,7,6],[24,16,20,4,8,12,9,17,19,11,21,23,10,22,18,5,7,6],[8,12,16,20,17,9,19,24,4,11,21,23,10,22,5,7,6],[20,8,24,4,12,17,9,11,19,16,21,23,10,22,18,5,7,6],[16,12,4,8,20,9,17,24,11,19,21,23,10,22,18,7,5,6],[8,24,20,16,4,12,9,17,19,10,21,23,11,22,18,5,7,6],[12,4,20,17,9,24,8,19,16,11,21,23,22,10,18,5,7,6],[8,16,24,4,12,20,9,17,18,11,22,19,10,6,5,7],[16,12,24,8,20,9,17,4,11,18,23,7,19,10,5,6],[4,16,8,24,20,12,9,17,11,19,21,23,22,10,5,7,6],[8,24,4,12,20,9,17,19,16,11,21,23,10,22,18,5,7,6],[20,16,4,24,8,12,9,17,19,11,21,23,10,22,18,6,5,7],[8,4,24,16,20,12,9,17,11,19,21,23,10,22,18,7,6,5],[24,16,4,20,8,12,9,17,19,11,21,23,22,10,18,5,7,6],[16,24,20,12,17,9,8,11,4,19,21,23,22,10,18,7,5,6],[8,4,12,20,9,17,24,11,16,18,21,23,19,22,10,6,5,7],[24,16,4,12,20,17,9,8,19,11,21,23,22,10,6,5,7],[12,8,16,24,20,17,9,4,11,19,21,23,10,22,5,7,6],[24,16,20,8,4,12,17,9,19,11,23,10,18,21,22,5,7,6],[8,16,24,4,12,20,17,9,11,19,21,23,10,22,18,5,7,6],[4,16,12,24,20,9,17,11,8,19,21,23,10,22,18,6,5,7],[8,4,24,12,20,9,17,16,11,19,21,23,22,10,18,7,5,6],[16,4,8,20,12,17,9,24,11,19,21,23,10,22,18,5,7,6],[20,4,12,17,9,24,8,16,11,19,21,23,22,10,7,5,6],[20,24,16,12,9,17,8,11,4,19,21,23,10,22,18,7,5,6],[4,16,24,20,12,17,9,8,11,19,21,23,10,22,18,6,5,7],[12,24,8,20,17,9,16,4,11,19,21,23,10,22,7,5,6],[16,4,12,8,24,20,17,9,19,11,21,23,10,22,5,7,6],[16,12,20,9,17,24,8,4,11,19,21,23,22,10,5,7,6],[4,24,20,12,17,9,8,16,19,11,21,22,23,10,18,5,7,6],[12,16,20,17,9,24,8,19,4,11,21,23,10,22,18,7,5,6],[24,16,12,4,20,17,9,8,19,11,21,22,23,10,7,5,6],[24,12,8,16,20,9,17,4,19,11,21,23,22,10,7,5,6],[16,8,4,12,20,17,9,24,11,19,21,23,22,10,5,7,6],[12,24,16,4,20,9,17,8,19,11,21,23,10,22,18,5,7,6],[16,8,20,4,12,9,17,24,11,19,21,23,10,22,18,5,7,6],[12,24,4,16,20,9,17,8,11,19,21,23,10,22,5,7,6],[8,24,16,4,12,20,17,9,11,18,22,2,5,7,19,6],[16,20,12,9,17,19,4,24,8,11,21,23,10,22,18,7,5,6],[24,16,12,8,20,17,9,4,19,11,21,23,10,22,5,7,6],[20,8,12,9,17,16,4,24,19,11,23,18,10,21,22,6,5,7],[24,20,4,8,12,9,17,16,19,11,21,23,10,22,5,7,6],[16,8,20,12,9,17,24,4,19,11,21,23,22,10,18,6,5,7],[4,12,16,20,17,9,24,8,11,18,23,10,19,22,5,7,6],[24,12,4,16,8,20,9,17,11,19,21,23,10,22,18,7,5,6],[8,12,20,9,17,16,24,4,19,11,21,23,10,22,18,6,5,7],[12,16,24,8,20,17,9,4,11,19,21,23,10,22,18,5,7,6],[12,24,20,9,17,8,16,4,10,19,21,23,11,22,6,5,7],[16,12,8,24,20,9,17,4,11,19,21,23,10,22,6,5,7],[24,12,16,20,17,9,8,4,19,11,23,18,10,21,22,5,7,6],[20,8,12,17,9,24,4,16,19,11,21,22,23,10,7,6,5],[16,20,12,17,9,8,4,24,11,19,21,23,22,10,6,5,7],[16,4,12,8,24,20,9,17,19,11,21,23,22,10,18,5,7,6],[4,24,20,8,16,12,17,9,19,11,21,23,22,10,18,5,7,6],[24,4,20,12,9,17,16,11,8,19,21,23,22,10,18,5,7,6],[12,4,16,24,8,20,17,9,11,19,21,23,22,10,18,5,7,6],[8,20,4,12,9,17,24,16,18,10,19,11,21,23,22,5,6,7],[20,4,24,16,8,12,17,9,19,11,21,23,10,22,7,5,6],[4,20,24,8,16,12,9,17,11,19,21,23,22,10,18,5,7,6],[20,8,16,24,4,12,9,17,11,19,21,23,10,22,18,5,7,6],[16,20,8,4,24,12,9,17,11,19,21,23,22,10,18,5,7,6],[8,16,20,4,24,12,17,9,11,19,21,23,10,22,18,6,5,7],[12,8,4,16,24,20,17,9,19,11,21,23,22,10,7,5,6],[4,8,24,12,16,20,17,9,11,19,21,23,10,22,18,5,7,6],[24,16,12,20,9,17,8,4,19,11,21,23,22,10,7,5,6],[24,12,4,8,20,17,9,16,19,11,21,23,10,22,18,7,5,6],[8,12,16,20,9,17,4,11,24,19,21,23,22,10,18,5,7,6],[4,16,12,24,20,9,17,11,8,19,21,23,10,22,5,7,6],[12,20,17,9,24,16,8,4,11,19,21,23,10,22,18,5,7,6],[16,8,20,24,4,12,9,17,19,11,21,23,22,10,18,5,7,6],[24,8,12,16,4,20,9,17,19,11,21,23,10,22,18,5,7,6],[4,20,24,16,12,17,9,8,11,19,21,23,10,22,5,7,6],[12,16,8,4,20,9,17,24,11,19,21,23,22,10,5,7,6],[20,24,8,12,9,17,4,16,19,11,23,18,10,21,22,5,7,6],[24,16,12,8,4,20,17,9,19,11,21,23,22,10,18,5,7,6],[24,12,20,9,17,8,16,4,19,11,21,23,22,10,18,5,6,7],[8,24,12,4,16,20,17,9,11,19,21,23,10,22,18,7,5,6],[4,8,16,12,20,17,9,24,19,11,21,23,22,10,18,7,5,6],[20,8,24,12,9,17,4,19,16,11,21,23,10,22,18,5,7,6],[8,4,20,12,17,9,16,24,11,19,21,23,22,10,18,7,5,6],[4,16,8,12,20,9,17,24,19,11,21,23,22,10,18,5,7,6],[20,8,12,17,9,11,4,16,24,19,21,23,10,22,18,5,7,6],[20,24,16,4,12,9,17,8,11,19,21,23,10,22,18,7,5,6],[24,8,20,12,17,9,16,11,19,4,21,23,10,22,5,7,6],[4,20,12,9,17,8,24,16,18,11,23,10,19,21,22,5,7,6],[12,8,16,24,4,20,9,17,19,11,21,23,10,22,18,5,7,6],[12,16,8,24,20,9,17,10,19,4,21,23,11,22,7,5,6],[4,20,12,9,17,24,8,16,11,18,22,19,10,5,7,6],[16,8,24,4,20,12,17,9,19,11,21,23,10,22,18,5,7,6],[8,12,16,20,9,17,19,4,24,11,21,23,10,22,5,7,6],[4,8,20,16,12,17,9,24,11,19,21,23,22,10,18,5,7,6],[24,12,4,20,9,17,8,16,11,19,21,23,22,10,5,7,6],[12,24,20,17,9,8,1,4,19,11,3,16,10,2,23,5,6,7],[8,24,16,4,20,12,17,9,11,19,21,23,10,22,18,5,7,6],[4,24,8,16,20,12,17,9,19,11,21,23,22,10,18,6,5,7],[12,24,16,8,4,20,17,9,19,11,21,23,10,22,18,5,7,6],[16,24,8,4,12,20,17,9,19,11,21,23,10,22,5,7,6],[8,12,4,24,20,17,9,16,11,19,21,23,10,22,18,5,7,6],[20,16,4,12,17,9,24,8,11,19,21,23,22,10,18,5,7,6],[20,16,8,4,12,17,9,24,19,11,21,23,22,10,5,7,6],[8,20,12,17,9,4,16,24,19,11,23,18,10,21,22,5,7,6],[4,16,8,24,20,12,17,9,19,11,21,23,10,22,18,5,7,6],[8,16,20,24,12,9,17,4,19,11,21,23,22,10,18,7,5,6],[8,4,24,16,20,12,17,9,19,11,21,23,10,22,5,7,6],[4,24,16,12,20,9,17,8,19,11,21,23,10,22,5,7,6],[16,4,20,24,8,12,17,9,11,19,21,23,22,10,18,7,6,5],[4,8,16,24,12,20,17,9,19,11,21,23,10,22,5,7,6],[24,16,20,4,12,17,9,8,18,11,19,10,21,23,22,5,7,6],[24,12,16,8,4,20,9,17,19,11,21,23,10,22,5,7,6],[8,24,4,16,20,12,17,9,10,19,21,23,11,22,18,5,7,6],[12,16,24,20,9,17,4,8,19,11,21,23,10,22,5,7,6],[20,16,24,4,12,9,17,8,19,11,21,23,22,10,6,5,7],[4,12,8,20,9,17,11,24,16,19,21,23,22,10,18,5,7,6],[24,16,12,8,4,20,17,9,19,11,21,23,22,10,18,7,5,6],[12,20,17,9,16,8,4,19,24,11,21,23,22,10,18,5,7,6],[4,20,12,17,9,8,16,19,24,11,21,23,22,10,18,7,5,6],[8,20,12,17,9,16,24,4,11,19,21,23,10,22,18,7,6,5],[4,20,12,17,9,8,16,24,19,11,21,23,10,22,18,5,7,6],[12,24,16,4,8,20,9,17,11,18,21,23,19,22,10,5,7,6],[20,4,16,24,12,17,9,8,19,11,21,23,10,22,18,7,5,6],[12,16,20,9,17,4,8,19,24,11,23,10,21,22,18,5,7,6],[12,16,24,4,8,20,9,17,11,19,21,23,22,10,5,7,6],[24,8,4,16,20,12,17,9,11,19,21,23,10,22,7,5,6],[24,16,20,12,9,17,11,4,8,19,21,23,10,22,18,5,7,6],[12,16,20,9,17,24,4,19,8,11,21,22,23,10,5,7,6],[16,20,4,12,17,9,10,19,8,24,21,23,11,22,5,7,6],[12,20,17,9,16,8,24,4,19,11,21,23,10,22,5,7,6],[4,24,20,16,8,12,9,17,11,19,21,23,22,10,18,5,7,6],[12,20,9,17,16,24,4,8,10,19,21,23,11,22,5,7,6],[12,24,8,4,16,20,9,17,11,19,21,23,10,22,18,5,7,6],[20,4,16,24,12,17,9,8,18,11,21,23,19,22,10,5,7,6],[16,12,20,9,17,24,4,8,19,10,21,23,11,22,5,7,6],[4,16,24,20,12,9,17,8,11,19,21,23,10,22,5,6,7],[24,20,4,16,8,12,9,17,19,11,21,23,10,22,18,5,7,6],[16,4,8,20,12,9,17,24,19,11,21,23,22,10,18,6,5,7],[12,24,20,9,17,4,16,8,19,11,21,23,22,10,18,5,7,6],[8,4,16,12,20,9,17,24,19,11,21,23,22,10,18,5,7,6],[12,20,17,9,11,8,4,22,13,19,18,10,5,7,6],[20,24,16,8,4,12,17,9,19,11,21,23,10,22,18,5,6,7],[16,12,24,20,17,9,8,11,4,19,21,23,22,10,18,5,7,6],[4,24,8,12,20,9,17,11,16,19,21,23,22,10,18,5,7,6],[4,16,12,20,17,9,11,5,8,24,19,7,6],[8,20,24,4,16,12,17,9,11,19,21,23,22,10,18,5,7,6],[4,12,16,24,8,20,17,9,19,11,21,23,10,22,5,7,6],[8,16,12,20,17,9,4,24,19,11,21,23,10,22,5,7,6],[4,20,24,16,12,17,9,11,8,19,21,23,22,10,18,7,5,6],[4,20,16,8,24,12,9,17,19,11,21,23,22,10,18,7,5,6],[24,8,20,12,17,9,4,16,10,19,21,23,11,22,18,6,5,7],[8,20,24,4,16,12,17,9,19,11,21,23,10,22,18,7,5,6],[8,20,12,17,9,16,24,4,19,11,21,23,10,22,18,7,5,6],[16,8,24,20,12,9,17,11,4,19,21,23,10,22,5,7,6],[16,20,4,8,24,12,9,17,19,11,21,23,22,10,6,5,7],[24,16,20,4,8,12,9,17,19,11,21,23,10,22,18,5,7,6],[8,16,4,24,12,20,9,17,11,18,23,19,10,22,5,7,6],[24,16,20,12,9,17,8,4,11,19,21,23,10,22,6,5,7],[24,20,4,16,12,9,17,8,19,11,21,23,10,22,6,5,7],[20,4,16,12,9,17,24,8,19,11,21,23,10,22,5,7,6],[4,24,20,16,12,9,17,8,19,11,21,23,10,22,18,5,7,6],[4,20,8,12,17,9,24,16,11,19,21,23,22,10,18,5,7,6],[20,24,8,16,12,17,9,1,4,2,11,19,3,10,21,23,22,5,7,6],[4,20,24,8,12,9,17,16,11,19,21,23,10,22,18,5,7,6],[24,8,12,4,20,9,17,16,11,19,21,23,10,22,18,6,5,7],[20,4,16,8,24,12,17,9,18,10,11,19,21,23,22,5,7,6],[12,8,20,9,17,4,24,16,11,19,21,23,22,10,5,6,7],[24,12,20,17,9,8,4,16,11,19,21,23,10,22,18,7,5,6],[24,16,12,20,17,9,8,4,19,11,21,22,23,10,5,6,7],[8,16,24,20,12,9,17,4,11,19,21,23,22,10,18,5,7,6],[12,24,20,9,17,4,8,16,19,11,21,23,22,10,18,5,7,6],[12,24,16,4,20,9,17,8,11,19,21,23,22,10,18,7,5,6],[16,12,4,20,17,9,24,8,19,11,21,23,10,22,18,5,7,6],[24,20,12,9,17,4,8,16,11,19,21,23,22,10,5,7,6],[4,16,24,20,12,9,17,8,18,11,21,23,19,22,10,6,5,7],[12,16,8,24,4,20,9,17,11,18,23,7,19,10,5,6],[8,20,12,17,9,19,4,16,24,11,21,23,22,10,18,7,5,6],[12,20,9,17,24,16,4,8,11,19,21,23,10,22,18,7,5,6],[20,24,8,4,16,12,17,9,19,11,21,23,22,10,18,5,7,6],[8,16,20,12,17,9,24,11,4,19,21,22,23,10,18,5,7,6],[16,12,4,8,20,9,17,24,19,11,21,23,10,22,5,7,6],[8,12,20,17,9,24,4,16,11,19,21,23,10,22,18,5,7,6],[4,16,20,8,24,12,9,17,11,19,21,23,10,22,18,5,7,6],[8,4,20,16,12,9,17,24,19,11,21,22,23,10,18,5,7,6],[24,4,8,12,16,20,9,17,19,11,21,23,10,22,18,6,5,7],[20,8,12,17,9,4,24,16,11,19,21,23,10,22,18,7,5,6],[4,8,24,20,12,17,9,16,19,11,21,23,22,10,18,7,5,6],[8,24,20,12,17,9,16,4,11,19,21,23,10,22,5,7,6],[12,20,9,17,4,16,24,8,19,11,21,22,23,10,18,5,7,6],[24,16,20,12,17,9,4,8,11,18,22,19,10,7,5,6],[20,16,24,12,9,17,4,11,8,19,21,23,10,22,5,7,6],[12,8,16,20,17,9,24,4,11,19,21,23,10,22,5,7,6],[4,16,12,8,20,17,9,23,10,19,24,11,6,5,7],[20,4,16,12,17,9,24,8,11,19,21,23,10,22,18,6,5,7],[16,20,24,12,17,9,8,3,4,19,11,21,23,10,22,18,6,5,7],[4,24,16,12,8,20,9,17,11,19,21,23,22,10,5,7,6],[12,4,20,9,17,16,8,24,11,19,21,23,22,10,18,5,7,6],[16,20,8,24,4,12,17,9,11,19,21,23,22,10,7,5,6],[8,20,12,9,17,16,24,4,19,11,21,23,10,22,18,6,5,7],[16,8,4,20,12,17,9,24,19,11,21,23,22,10,18,7,5,6],[24,8,4,12,20,9,17,16,18,11,22,19,10,5,7,6],[16,24,8,12,4,20,9,17,11,19,21,23,10,22,18,5,7,6],[4,16,24,20,12,17,9,8,11,19,21,23,22,10,18,5,7,6],[20,8,4,16,12,17,9,24,19,11,21,23,10,22,5,7,6],[8,16,20,12,9,17,24,19,4,11,21,23,10,22,5,7,6],[24,12,20,17,9,4,8,16,11,19,21,23,10,22,18,5,7,6],[20,8,24,16,4,12,17,9,18,10,11,19,21,23,22,7,5,6],[12,8,4,20,17,9,16,24,11,19,21,23,22,10,6,5,7],[20,16,8,12,17,9,24,4,11,19,21,23,10,22,7,5,6],[16,24,20,4,8,12,9,17,11,19,21,23,10,22,5,7,6],[24,8,20,12,17,9,16,11,4,19,21,23,22,10,18,5,7,6],[12,16,20,17,9,24,4,8,19,11,21,23,10,22,18,7,5,6],[20,24,8,12,17,9,4,16,11,19,21,23,10,22,18,5,7,6],[16,24,4,12,20,17,9,8,18,11,22,7,19,10,5,6],[8,20,24,4,12,9,17,15,11,19,21,23,22,10,5,7,6],[8,24,12,4,16,20,9,17,11,18,23,19,10,21,22,6,5,7],[8,4,24,16,20,12,9,17,19,11,21,23,10,22,5,7,6],[20,12,9,17,16,8,4,24,11,19,21,22,23,10,18,7,5,6],[24,16,8,12,20,17,9,4,10,19,21,23,11,22,18,5,7,6],[20,12,17,9,8,4,24,16,19,11,21,23,10,22,18,6,5,7],[8,20,12,17,9,11,16,24,4,19,21,23,10,22,18,7,5,6],[8,20,16,4,24,12,17,9,19,11,21,23,22,10,5,7,6],[12,20,17,9,24,16,4,8,19,11,21,23,10,22,6,5,7],[20,24,8,16,12,9,17,4,19,11,21,23,22,10,5,7,6],[16,8,4,20,24,12,9,17,11,19,21,23,10,22,18,5,7,6],[8,4,24,12,20,17,9,16,11,19,21,23,22,10,5,7,6],[16,20,4,8,12,17,9,24,19,11,21,23,10,22,18,7,5,6],[8,4,24,16,12,20,17,9,19,11,21,23,10,22,7,5,6],[12,4,8,20,9,17,16,24,11,19,21,23,10,22,18,6,5,7],[16,8,20,24,12,9,17,4,19,11,21,23,22,10,5,7,6],[4,12,8,16,24,20,9,17,10,19,21,23,11,22,18,5,7,6],[8,20,12,9,17,16,24,4,11,19,21,23,22,10,18,5,7,6],[20,8,16,4,12,17,9,24,11,19,21,23,22,10,18,5,7,6],[8,20,12,17,9,16,24,1,4,3,19,11,10,2,21,23,22,5,7,6],[24,8,20,12,9,17,4,16,11,19,21,23,10,22,18,5,7,6],[8,4,12,24,20,17,9,16,19,11,21,23,22,10,6,5,7],[12,20,17,9,16,4,24,8,19,11,21,23,22,10,18,6,5,7],[12,4,8,16,24,20,9,17,19,11,21,23,10,22,18,5,7,6],[20,24,4,16,8,12,17,9,18,11,22,19,10,7,5,6],[16,12,20,9,17,4,8,24,11,19,21,23,22,10,6,5,7],[24,4,20,12,17,9,16,11,8,19,21,23,22,10,5,7,6],[4,20,12,9,17,24,16,19,8,11,21,23,22,10,5,7,6],[8,16,4,20,24,12,17,9,18,11,22,19,10,6,5,7],[12,24,8,16,4,20,9,17,18,10,19,11,21,23,22,5,7,6],[24,8,16,12,20,9,17,19,4,11,21,23,22,10,6,5,7],[20,16,8,24,4,12,17,10,9,19,21,23,11,22,18,6,5,7],[12,24,20,17,9,8,16,4,11,19,21,23,22,10,18,6,5,7],[16,20,12,9,17,24,4,8,18,11,23,19,10,5,7,6],[4,16,20,24,12,17,9,8,19,11,21,23,10,22,18,5,7,6],[4,20,24,8,16,12,17,9,19,11,21,23,22,10,18,6,5,7],[16,8,20,12,9,17,4,24,11,19,21,23,22,10,18,5,7,6],[4,12,8,16,24,20,9,17,11,19,21,23,10,22,5,6,7],[12,8,20,17,9,19,24,4,16,11,21,23,22,10,18,6,5,7],[4,16,12,20,17,9,24,19,8,10,21,23,11,22,5,7,6],[4,16,8,12,24,20,17,9,11,19,21,23,22,10,7,5,6],[20,16,8,4,24,12,9,17,19,11,21,23,10,22,18,5,7,6],[16,24,8,20,12,9,17,4,11,19,21,22,23,10,7,5,6],[16,12,8,20,9,17,24,4,11,19,21,23,22,10,5,7,6],[20,24,16,12,9,17,8,4,19,11,21,23,10,22,18,6,5,7],[12,8,24,4,16,20,17,9,11,19,21,23,10,22,18,6,5,7],[20,12,9,17,11,16,4,8,24,19,21,23,22,10,18,5,7,6],[24,16,12,20,9,17,19,8,4,11,21,23,10,22,18,7,5,6],[16,24,8,4,12,20,9,17,11,19,21,23,22,10,5,7,6],[8,24,4,16,20,12,9,17,11,19,21,23,10,22,7,5,6],[4,20,16,8,12,17,9,24,18,11,22,19,10,5,7,6],[16,8,24,12,20,17,9,4,19,11,21,23,10,22,5,7,6],[8,24,20,4,12,17,9,11,16,19,21,23,22,10,6,5,7],[16,24,20,12,17,9,8,4,11,19,21,23,22,10,18,5,7,6],[20,24,12,9,17,4,8,16,11,19,21,22,23,10,18,6,5,7],[4,20,12,17,9,8,19,24,16,11,21,23,22,10,18,7,5,6],[16,24,4,20,8,12,17,9,19,11,21,23,10,22,18,5,7,6],[20,4,8,24,16,12,9,17,18,11,23,19,10,21,22,5,7,6],[12,24,20,17,9,16,11,1,4,19,3,8,2,10,23,21,22,5,7,6],[16,24,4,12,20,17,9,5,8,11,19,7,10,6],[8,16,24,12,20,17,9,4,11,19,21,23,10,22,5,7,6],[12,4,20,17,9,24,8,16,11,19,21,23,22,10,18,6,5,7],[8,12,20,17,9,4,19,24,16,11,21,23,10,22,18,5,7,6],[8,20,24,4,12,9,17,16,19,11,21,23,22,10,7,6,5],[12,20,9,17,8,16,4,19,24,11,21,23,10,22,6,5,7],[4,16,24,12,20,17,9,8,19,11,21,23,22,10,18,6,5,7],[4,8,16,24,12,20,17,9,11,19,21,23,10,22,18,7,5,6],[24,8,4,16,12,20,17,9,11,19,21,23,22,10,5,7,6],[8,20,4,16,24,12,17,9,19,11,21,23,22,10,18,5,7,6],[8,20,24,12,17,9,4,14,16,19,11,21,23,10,22,18,7,5,6],[12,8,24,16,4,20,17,9,11,19,21,23,22,10,18,5,7,6],[24,16,8,4,20,12,9,17,11,19,21,23,22,10,7,5,6],[4,20,16,8,12,17,9,24,11,19,21,23,10,22,5,7,6],[24,20,12,17,9,4,8,11,13,19,21,23,10,22,18,5,7,6],[8,20,4,12,9,17,16,24,19,11,23,10,18,21,22,7,5,6],[8,20,24,16,12,9,17,4,11,19,21,23,22,10,18,5,7,6],[24,20,4,16,12,17,9,8,11,19,21,23,10,22,18,7,5,6],[16,4,20,24,8,12,9,17,19,10,21,23,11,22,5,7,6],[12,16,8,20,17,9,4,11,19,24,21,23,10,22,5,7,6],[20,4,16,12,17,9,24,8,11,19,21,23,22,10,18,5,6,7],[24,8,4,16,20,12,9,17,11,19,21,23,22,10,18,7,5,6],[16,24,4,12,8,20,9,17,19,11,21,23,10,22,18,5,7,6],[20,12,9,17,10,19,24,4,16,8,21,23,11,22,6,5,7],[8,24,20,4,16,12,17,9,19,11,21,23,22,10,5,7,6],[8,20,16,24,12,9,17,4,11,18,23,5,6,7,19],[20,24,12,17,9,11,8,16,19,4,21,23,22,10,18,5,7,6],[24,16,8,12,4,20,9,17,11,18,23,19,10,21,22,5,7,6],[4,12,24,8,16,20,17,9,19,11,21,23,10,22,5,6,7],[24,16,8,12,20,9,17,4,19,11,23,10,18,21,22,5,7,6],[20,8,24,12,9,17,16,19,4,11,21,23,22,10,18,7,5,6],[16,12,24,4,8,20,9,17,19,11,21,23,22,10,18,5,7,6],[12,20,17,9,8,16,19,24,4,11,21,23,10,22,5,7,6],[12,20,17,9,16,24,8,4,11,19,21,23,22,10,18,5,7,6],[20,24,16,12,9,17,11,4,8,19,21,23,10,22,18,5,7,6],[12,4,16,20,9,17,8,11,24,18,21,23,19,22,10,5,7,6],[4,20,12,17,9,8,24,16,11,19,21,23,10,22,7,5,6],[8,24,12,16,4,20,17,9,19,11,21,23,10,22,5,7,6],[12,4,16,24,8,20,17,9,11,19,21,23,10,22,18,7,5,6],[4,8,12,20,17,9,19,24,16,11,21,23,10,22,7,5,6],[12,20,9,17,16,8,4,11,24,19,21,23,10,22,18,5,7,6],[8,16,24,20,4,12,17,9,11,19,21,23,22,10,6,5,7],[20,24,12,9,17,16,8,4,19,10,21,23,11,22,18,5,7,6],[24,16,4,12,20,9,17,8,11,19,22,18,10,5,7,6],[4,8,20,12,17,9,16,24,19,10,21,23,11,22,5,7,6],[24,4,8,16,20,12,9,17,11,19,21,23,22,10,18,5,7,6],[20,12,17,9,24,16,8,4,19,11,21,23,22,10,5,7,6],[20,12,17,9,4,16,8,24,11,19,21,23,10,22,5,7,6],[24,4,12,20,17,9,10,19,8,16,21,23,11,22,5,7,6],[20,4,8,16,12,17,9,21,24,22,11,19,23,10,18,5,7,6],[16,8,20,12,17,9,4,19,24,11,21,23,10,22,18,6,5,7],[4,8,24,12,16,20,9,17,11,19,21,23,10,22,18,7,5,6],[12,8,4,24,20,17,9,16,19,11,21,23,10,22,18,5,7,6],[24,4,20,12,17,9,8,16,11,19,21,23,10,22,18,7,5,6],[12,20,9,17,4,16,10,19,24,8,21,23,11,22,18,5,7,6],[12,24,8,4,16,20,9,17,11,18,22,19,10,5,7,6],[8,20,16,12,17,9,4,10,19,24,21,23,11,22,18,5,7,6],[8,4,24,20,16,12,17,9,11,19,21,23,22,10,18,5,7,6],[24,20,4,16,8,12,17,9,11,19,21,23,10,22,5,7,6],[8,20,12,17,9,4,16,24,19,11,21,23,22,10,18,5,7,6],[24,4,8,12,20,17,9,16,19,11,21,23,10,22,18,7,5,6],[20,24,8,16,12,17,9,4,11,19,21,23,10,22,18,7,5,6],[4,12,24,20,17,9,8,16,19,11,21,23,10,22,18,5,7,6],[16,20,24,4,8,12,9,17,11,19,21,23,10,22,5,7,6],[24,16,8,20,12,9,17,4,19,11,21,23,22,10,6,5,7],[24,20,8,12,9,17,16,4,11,19,21,23,22,10,18,5,7,6],[8,16,20,4,9,24,12,17,11,19,21,23,22,10,5,7,6],[12,8,4,16,24,20,17,9,11,19,21,23,22,10,18,5,7,6],[16,8,12,20,9,17,24,4,11,18,21,23,19,22,10,7,5,6],[4,12,8,20,9,17,24,16,11,19,21,23,10,22,5,7,6],[12,20,17,9,4,16,23,8,11,19,24,10,5,7,6],[16,20,12,17,9,8,4,18,24,11,21,23,19,22,10,5,7,6],[4,24,12,16,8,20,17,9,19,11,21,23,10,22,18,5,7,6],[4,12,8,24,20,9,17,16,19,11,21,23,10,22,18,5,7,6],[4,16,24,8,20,12,17,9,19,11,21,23,22,10,5,7,6],[24,8,20,4,12,17,9,16,19,11,21,23,22,10,5,7,6],[24,12,20,9,17,4,16,8,19,11,21,23,22,10,18,6,5,7],[16,20,8,24,12,9,17,18,4,11,23,19,10,7,5,6],[20,12,17,9,11,24,16,4,8,18,21,23,19,22,10,5,7,6],[8,16,4,20,24,12,17,9,11,19,21,23,22,10,6,5,7],[24,12,20,17,9,8,16,4,11,19,21,23,10,22,18,5,7,6],[20,24,12,9,17,8,4,11,16,19,21,23,22,10,18,7,5,6],[12,16,24,4,20,9,17,8,11,19,22,10,18,7,5,6],[20,24,12,9,17,16,8,4,19,11,21,23,22,10,18,5,7,6],[16,8,24,4,20,12,9,17,11,19,21,23,10,22,18,5,7,6],[24,8,12,4,16,20,17,9,19,11,21,22,23,10,18,7,5,6],[20,12,9,17,8,24,4,16