{"problem_id":"pljbZvtHnKJgSgO","sigma":75,"alpha":1.000,"cost":0,"probabilities":"[0.08, 0.25, 0.44, 0.23]","payoff_matrix":"[[-48, 117, -37, -66, -168, 61], [23, -86, 52, 143, 46, 128], [-43, 86, 2, -140, 0, -3], [-152, -77, 51, -71, -119, 72]]","uncovered":[[3,23,11,15,7,19,20,12,6,10,8,22,24],[11,7,3,23,15,19,20,12,6,10,8,22,24],[23,11,3,15,19,7,6,10,12,8,18,20,22,24],[3,23,15,11,19,7,6,10,8,22,12,24],[7,3,11,19,23,15,22,6,8,10,12,24],[3,15,11,7,19,23,8,22,6,12,10,24],[3,11,23,19,15,7,12,6,10,8,18,20,22,24],[15,3,7,19,11,23,8,10,6,18,20,22,24],[11,7,23,19,15,3,12,6,10,8,22,24],[23,19,11,3,7,15,9,22,6,8,24,17],[7,3,15,11,23,19,24,6,22,8,18,2,21],[3,7,11,15,23,19,8,18,6,10,20,22,12,24],[3,19,15,11,7,23,20,12,6,10,8,22,24],[23,7,3,19,15,11,20,10,6,8,22,12,24],[23,19,15,11,3,7,8,12,10,6,18,20,22,24],[23,11,19,7,15,3,18,6,8,10,20,22,24],[19,7,3,11,23,15,10,6,8,18,12,20,24,22],[23,15,7,3,11,19,12,6,10,8,18,20,22,24],[15,19,3,11,23,7,5,12,8,10,6,22,24],[3,15,11,23,7,19,21,10,6,8,22,24],[7,3,19,15,23,11,18,8,6,10,20,22,12,24],[19,11,23,3,15,7,10,6,12,8,18,20,22,24],[15,7,23,3,11,19,24,6,22,8,20,16],[23,11,15,19,3,7,17,6,10,8,22,24],[11,19,7,3,23,15,6,10,12,8,18,20,22,24],[23,15,11,3,19,7,18,6,20,10,12,8,22,24],[15,3,7,23,19,11,22,6,24,8,14,9,20],[7,15,19,3,23,11,22,6,8,12,10,24],[15,7,23,3,11,19,6,10,8,18,20,22,24],[7,23,11,15,19,3,10,6,8,18,20,22,12,24],[7,11,19,3,15,23,21,18,6,8,22,20,10,24],[23,19,11,3,7,15,14,10,6,8,18,12,20,22,24],[15,23,19,7,11,3,10,6,8,18,20,22,12,24],[19,15,11,3,23,7,17,4,22,6,8,10,24],[7,11,15,19,3,23,18,8,6,10,12,20,22,24],[3,11,15,23,19,7,5,18,8,6,20,10,12,22,24],[11,7,23,3,19,15,20,10,6,8,22,24],[19,3,11,7,23,15,6,12,10,8,20,24,22],[15,11,19,3,7,23,21,10,6,12,8,22,24],[15,11,7,3,23,19,18,6,20,10,12,8,22,24],[3,15,7,23,19,11,6,10,8,18,12,20,22,24],[23,3,15,7,19,11,10,6,8,18,12,20,22,24],[15,23,3,19,11,7,22,6,8,18,24,10,12],[7,15,19,23,11,3,10,8,6,18,12,20,22,24],[7,11,19,3,15,23,20,10,6,8,22,12,24],[23,11,15,7,19,3,18,6,20,10,12,8,22,24],[19,15,3,23,11,7,10,6,8,18,20,22,12,24],[11,7,23,15,3,19,10,6,12,8,18,20,24,22],[11,3,19,23,7,15,10,6,8,18,20,22,24],[19,11,15,23,3,7,12,6,10,8,18,20,22,24],[7,11,3,19,15,23,9,17,6,22,24,12,8],[15,11,19,3,23,7,18,6,8,10,12,20,24,22],[23,3,11,15,19,7,18,8,6,10,12,20,22,24],[3,19,11,15,23,7,9,14,8,18,6,22,20,10,12,24],[15,7,19,23,3,11,24,6,22,9,21,1,8],[23,19,3,15,7,11,10,6,12,8,22,24],[11,15,19,7,23,3,6,10,8,18,12,20,22,24],[23,11,7,3,19,15,10,6,12,8,18,20,24,22],[7,19,11,3,23,15,12,6,10,8,18,20,22,24],[15,11,7,23,3,19,18,6,20,10,8,22,12,24],[3,19,23,11,15,7,18,6,20,10,12,8,22,24],[11,19,7,15,3,23,6,12,10,8,20,22,24],[23,3,11,19,7,15,18,6,20,10,12,8,22,24],[11,23,19,7,15,3,6,10,12,8,20,22,24],[3,23,7,15,19,11,24,6,22,8,5,16,18,21],[3,23,19,7,11,15,10,6,12,8,18,20,22,24],[15,11,19,3,7,23,8,18,6,10,12,20,22,24],[3,19,23,15,11,7,22,6,24,9,8,18,5,20],[19,15,3,23,7,11,8,10,6,18,12,20,22,24],[19,7,3,15,11,23,10,6,8,18,12,20,24,22],[11,15,7,23,3,19,18,6,20,10,12,8,22,24],[3,11,19,7,15,23,8,10,6,18,20,22,24],[23,7,3,11,19,15,10,6,8,18,12,20,22,24],[23,3,15,11,7,19,10,6,8,18,20,22,24],[11,7,23,19,15,3,12,6,10,8,18,20,22,24],[7,19,23,15,11,3,18,6,8,10,12,20,22,24],[7,3,19,15,23,11,12,6,10,8,18,20,22,24],[3,23,11,15,19,7,12,6,10,8,18,20,22,24],[19,11,7,3,15,23,18,6,20,10,12,8,22,24],[19,3,7,23,15,11,5,13,18,6,20,10,12,8,22,24],[3,19,23,11,7,15,6,18,8,10,12,20,22,24],[19,3,23,7,11,15,8,10,6,18,12,20,24,22],[15,19,7,3,23,11,8,10,6,18,20,22,12,24],[19,7,3,11,23,15,12,6,10,8,18,20,22,24],[11,7,19,23,15,3,6,22,8,10,12,24],[11,15,3,23,7,19,24,6,22,18,8,10,12],[11,3,7,15,19,23,10,6,8,18,20,22,12,24],[7,3,19,11,23,15,9,5,22,8,6,24,20],[15,11,3,23,7,19,8,10,6,18,12,20,22,24],[11,3,23,7,15,19,20,8,10,6,22,24],[19,7,23,3,15,11,10,6,12,8,20,22,24],[19,23,15,11,7,3,10,6,12,8,18,20,22,24],[15,19,23,7,11,3,5,10,8,6,12,18,20,24,22],[15,3,11,7,23,19,6,10,8,18,12,20,22,24],[3,11,7,19,23,15,10,6,8,18,12,20,22,24],[19,15,23,3,7,11,12,6,10,8,18,20,22,24],[7,3,23,19,15,11,8,10,6,22,24,5,21],[15,19,3,23,7,11,6,10,8,18,20,22,24],[11,23,7,19,3,15,10,6,12,8,22,24],[19,23,7,15,3,11,18,6,8,10,20,22,12,24],[11,3,15,23,7,19,18,6,8,10,20,22,24],[3,11,19,15,23,7,18,6,20,10,8,22,12,24],[19,23,3,11,7,15,6,10,8,18,20,22,24],[7,23,11,3,19,15,17,24,6,22,12,8],[23,19,3,11,7,15,18,6,8,10,20,22,12,24],[7,11,15,23,19,3,6,10,12,8,18,20,22,24],[19,7,15,3,23,11,10,8,6,18,20,24,22],[11,3,19,23,7,15,10,6,12,8,18,20,24,22],[15,3,19,11,23,7,6,10,12,8,24,22],[11,3,23,7,15,19,10,8,6,18,12,20,22,24],[7,3,23,19,11,15,5,2,1,6,10,12,8,18,20,22,24],[19,11,15,7,3,23,14,20,9,6,22,24,8],[19,15,11,7,3,23,24,6,22,5,8,18,1,21],[23,15,3,7,19,11,17,10,6,12,8,22,24],[15,23,11,3,19,7,8,12,6,18,10,20,22,24],[15,3,23,19,11,7,6,10,8,20,22,12,24],[7,11,3,23,19,15,6,10,12,8,18,20,22,24],[11,15,3,23,7,19,18,6,20,10,8,22,24],[19,3,11,7,15,23,12,6,10,8,22,24],[15,7,23,3,11,19,12,6,10,8,18,20,22,24],[19,3,7,11,23,15,20,10,6,12,8,24,22],[3,19,7,23,11,15,18,6,8,10,20,22,12,24],[7,15,19,23,3,11,10,6,8,18,20,22,12,24],[15,19,3,7,23,11,5,22,6,24,8,18,13,1,12,2,10],[19,7,3,11,15,23,10,6,8,18,12,20,22,24],[15,11,19,23,7,3,22,6,8,18,24,13,17],[7,15,19,3,23,11,10,6,12,8,22,24],[11,23,7,3,19,15,24,6,22,8,10,20],[11,15,23,3,19,7,10,6,12,8,20,24,22],[7,3,15,11,23,19,8,10,6,18,20,22,12,24],[15,23,3,11,19,7,12,8,10,6,18,20,24,22],[19,3,11,15,7,23,20,22,6,8,12,10,24],[23,3,7,11,19,15,6,10,8,18,20,22,24],[3,19,11,15,7,23,8,10,6,18,12,20,22,24],[19,3,15,23,7,11,6,10,12,8,18,20,22,24],[19,7,11,23,3,15,10,6,12,8,18,20,22,24],[11,3,19,7,23,15,20,9,8,22,6,12,10,24],[19,3,15,11,23,7,22,6,24,12,18,20,10],[15,7,19,3,23,11,6,10,8,18,12,20,22,24],[3,23,7,11,19,15,12,6,10,8,18,20,22,24],[23,15,3,19,7,11,10,6,8,18,20,22,24],[23,3,7,19,15,11,21,22,6,24,5,8],[7,23,3,19,15,11,10,6,12,8,18,20,22,24],[7,3,23,11,15,19,8,12,10,6,18,20,22,24],[7,3,11,19,23,15,8,10,6,18,20,22,12,24],[15,7,23,11,3,19,18,8,6,10,12,20,22,24],[3,19,15,11,23,7,10,6,12,8,18,20,22,24],[19,23,11,7,15,3,12,6,10,8,24,22],[11,15,23,19,3,7,6,10,12,8,18,20,24,22],[11,19,15,7,3,23,10,6,8,18,12,20,24,22],[7,23,15,19,11,3,20,10,6,12,8,22,24],[3,19,11,7,15,23,24,6,22,18,8,17],[19,3,15,7,11,23,8,18,6,10,20,22,12,24],[23,11,19,15,3,7,10,6,8,18,12,20,22,24],[3,11,19,15,7,23,5,8,10,6,12,18,20,22,24],[23,15,19,3,7,11,17,16,10,6,8,22,12,24],[11,3,19,7,15,23,22,6,8,18,20,10,24],[11,3,7,23,15,19,21,6,22,24,20],[3,19,23,7,11,15,20,22,6,24,8],[23,11,19,15,7,3,6,10,8,18,12,20,22,24],[15,3,11,23,7,19,20,10,6,12,8,22,24],[7,19,3,15,23,11,10,6,12,8,24,22],[19,7,11,15,23,3,6,10,12,8,18,20,22,24],[19,23,7,11,3,15,9,6,18,20,22,8,10,24],[7,19,3,23,15,11,10,6,8,18,20,22,12,24],[3,7,19,23,11,15,10,6,12,8,18,20,24,22],[23,15,7,3,11,19,12,6,10,8,20,22,24],[19,3,7,15,23,11,22,6,24,16,10,8,9,2,18],[7,19,23,11,3,15,10,6,8,18,20,22,12,24],[7,23,15,3,11,19,10,6,8,18,12,20,24,22],[11,19,3,15,23,7,18,8,6,10,20,22,12,24],[7,11,23,3,19,15,18,6,20,12,10,8,22,24],[3,23,11,15,19,7,22,6,8,10,24,12],[19,15,11,7,23,3,6,10,12,8,18,20,22,24],[15,3,7,19,11,23,24,6,22,10,8,12],[19,15,11,7,3,23,6,18,8,10,20,22,24],[23,3,19,11,15,7,10,6,8,22,12,24],[3,23,11,15,19,7,6,10,8,18,20,22,12,24],[7,23,11,15,3,19,10,6,12,8,18,20,22,24],[11,3,19,15,23,7,6,10,8,18,12,20,24,22],[19,23,15,7,11,3,10,6,12,8,18,20,22,24],[3,15,19,11,23,7,6,10,8,18,12,20,22,24],[19,7,15,11,23,3,24,6,22,20,13,5,8],[19,7,11,15,23,3,20,8,22,6,12,10,24],[7,3,15,23,19,11,6,10,12,8,18,20,22,24],[19,3,23,15,11,7,10,6,12,8,18,20,22,24],[11,19,15,23,7,3,6,10,8,18,12,20,22,24],[3,7,19,23,15,11,18,6,20,10,12,8,24,22],[19,3,15,7,23,11,18,8,6,10,20,22,12,24],[7,23,3,11,15,19,6,10,12,8,22,24],[19,7,15,11,23,3,10,6,12,8,18,20,22,24],[7,11,15,19,3,23,17,10,6,12,8,22,24],[3,15,7,23,19,11,10,8,6,18,12,20,22,24],[3,15,19,11,23,7,12,6,10,8,18,20,22,24],[19,15,3,11,23,7,12,6,10,8,22,24],[15,19,3,11,23,7,22,6,24,8,20],[15,3,7,19,23,11,2,12,6,10,8,18,20,24,22],[11,23,7,19,15,3,6,10,12,8,18,20,22,24],[11,15,23,7,19,3,10,8,6,18,20,22,24],[7,23,15,11,3,19,8,10,6,18,12,20,22,24],[15,23,3,19,7,11,8,12,6,18,10,20,22,24],[15,11,7,23,3,19,22,6,8,12,10,24],[15,7,19,3,11,23,20,24,6,22,5,8],[7,23,15,11,19,3,5,18,6,8,20,10,12,22,24],[11,23,7,3,19,15,21,22,6,24,17],[19,15,7,23,11,3,21,18,6,8,22,20,10,12,24],[3,23,11,15,7,19,6,10,8,18,20,24,22],[11,19,23,15,3,7,24,8,6,12,22,13,10],[15,3,23,11,7,19,13,5,6,18,8,20,10,12,22,24],[15,23,19,7,3,11,5,12,10,6,8,18,20,22,24],[11,7,3,23,19,15,10,6,8,18,20,22,12,24],[23,19,11,15,7,3,8,10,6,18,12,20,22,24],[11,15,19,23,3,7,10,6,12,8,18,20,24,22],[7,15,11,19,3,23,21,17,22,6,8,10,24],[23,15,19,7,3,11,10,6,8,18,20,22,24],[11,19,7,15,23,3,21,24,6,22,10],[23,11,19,3,15,7,9,20,22,6,24,8],[11,23,7,15,3,19,20,6,10,12,8,22,24],[19,11,23,3,7,15,18,6,20,10,12,8,22,24],[11,3,15,23,19,7,20,6,10,12,8,22,24],[23,15,19,7,3,11,22,6,8,10,24,12],[15,7,11,3,23,19,5,17,13,12,6,10,8,24,22],[3,11,19,7,15,23,12,6,10,8,18,20,22,24],[15,3,11,23,19,7,1,12,6,10,8,24,22],[15,7,3,23,19,11,12,6,10,8,22,24],[11,3,19,23,15,7,10,6,12,8,22,24],[23,11,7,15,3,19,22,6,8,12,10,24],[19,23,3,11,15,7,12,6,10,8,18,20,22,24],[23,7,11,15,19,3,12,8,10,6,18,20,22,24],[7,15,11,19,3,23,6,10,12,8,20,22,24],[15,11,7,3,19,23,12,10,6,8,18,20,22,24],[11,23,15,3,7,19,14,18,6,20,10,12,8,24,22],[3,23,7,15,11,19,12,6,10,8,18,20,22,24],[19,7,23,11,3,15,10,6,8,18,12,20,22,24],[7,3,19,15,11,23,12,8,6,18,10,20,22,24],[23,7,15,11,19,3,22,6,24,8,4,10,14,1,2,16,12],[15,23,19,7,11,3,6,10,12,8,18,20,22,24],[7,19,11,23,3,15,10,6,12,8,18,20,22,24],[11,3,15,23,19,7,21,10,6,8,22,12,24],[15,23,19,11,7,3,9,18,6,8,22,20,10,12,24],[19,3,11,15,23,7,6,10,8,18,20,22,12,24],[3,7,15,11,23,19,20,9,22,6,8,10,24],[3,11,7,19,15,23,20,12,6,10,8,22,24],[7,23,3,19,11,15,6,10,12,8,18,20,22,24],[23,19,15,11,3,7,12,6,10,8,22,24],[7,15,19,3,11,23,24,8,6,10,22,18,16,17],[3,11,7,23,15,19,6,10,12,8,18,20,22,24],[11,15,23,19,3,7,22,6,8,18,20,10,24],[23,19,11,15,7,3,12,8,10,6,20,22,24],[23,7,15,19,3,11,10,8,6,18,20,22,12,24],[3,7,11,15,19,23,22,6,8,10,24,9,18],[19,7,15,11,3,23,10,6,8,18,12,20,22,24],[23,11,3,15,7,19,10,6,12,8,18,20,22,24],[7,23,15,19,3,11,24,8,6,10,22,18,12],[15,11,7,23,3,19,24,6,22,8,1,17],[15,19,23,7,3,11,6,10,12,8,18,20,22,24],[7,19,3,11,23,15,24,8,22,6,17,14],[19,23,15,11,3,7,6,10,12,8,18,20,22,24],[11,15,7,19,23,3,22,6,24,17,8,10],[3,19,15,7,23,11,10,8,6,18,20,22,12,24],[11,23,19,3,7,15,8,10,6,18,12,20,22,24],[11,7,23,19,3,15,24,6,22,8,17,2],[11,15,7,23,3,19,18,6,8,10,12,20,22,24],[15,7,23,19,11,3,9,6,18,8,22,24,21],[15,3,7,23,11,19,6,10,12,8,20,22,24],[15,7,19,11,3,23,12,6,10,8,18,20,22,24],[19,7,15,11,3,23,8,12,6,18,10,20,22,24],[3,23,15,11,19,7,12,6,10,8,20,22,24],[3,15,23,19,7,11,18,6,8,10,12,20,24,22],[19,15,23,7,11,3,18,6,8,10,12,20,24,22],[11,15,7,23,19,3,10,6,8,18,20,22,24],[3,11,19,23,15,7,9,22,6,8,18,20,10,12,24],[3,23,7,11,19,15,18,6,20,10,8,22,12,24],[11,19,7,23,3,15,18,6,8,10,12,20,22,24],[7,19,23,11,15,3,17,21,22,8,6,10,12,24],[3,11,15,7,23,19,10,8,6,18,20,22,24],[3,11,7,19,15,23,6,10,8,18,12,20,22,24],[3,7,11,15,23,19,16,12,6,10,8,18,20,22,24],[19,15,7,11,3,23,24,6,22,21,12,8],[7,15,23,3,19,11,18,6,8,10,20,22,12,24],[7,11,23,15,3,19,10,6,12,8,20,22,24],[11,7,15,3,23,19,22,6,8,18,24,17],[11,19,3,7,23,15,8,12,10,6,18,20,22,24],[3,23,11,7,15,19,20,1,6,10,8,22,24],[19,23,7,11,3,15,20,22,6,24,8],[7,23,19,11,3,15,12,6,10,8,18,20,24,22],[7,23,3,11,19,15,6,10,8,22,12,24],[19,23,7,11,15,3,18,6,8,10,12,20,22,24],[19,7,11,15,3,23,24,6,22,8,10,12],[11,23,15,3,7,19,8,10,6,20,22,24],[23,19,7,11,15,3,24,6,22,21,8],[23,3,19,7,11,15,21,6,22,8,12,10,24],[11,3,23,7,15,19,6,10,12,8,22,24],[3,11,7,15,23,19,24,6,22,16,17,8,13,21],[15,7,3,23,11,19,10,6,8,18,12,20,22,24],[3,23,7,15,11,19,21,22,6,24,8],[3,15,23,7,11,19,10,6,8,18,12,20,22,24],[3,15,11,7,19,23,17,14,6,10,12,8,22,24],[7,19,11,15,23,3,12,6,10,8,18,20,24,22],[15,7,11,3,19,23,6,10,12,8,18,20,22,24],[23,11,15,3,7,19,12,6,10,8,18,20,22,24],[19,23,11,15,7,3,10,6,12,8,22,24],[23,7,15,3,11,19,20,22,6,8,10,24],[3,19,7,23,11,15,6,10,12,8,18,20,24,22],[19,7,23,15,11,3,22,6,8,10,24,18,4,9],[15,19,3,11,23,7,8,10,6,18,20,22,12,24],[11,15,23,19,3,7,10,6,8,18,12,20,22,24],[3,7,11,19,15,23,6,10,12,8,18,20,22,24],[19,23,11,7,3,15,12,6,10,8,18,20,22,24],[23,15,19,11,3,7,8,10,6,18,12,20,22,24],[15,7,11,3,19,23,18,8,6,10,12,20,22,24],[7,19,15,3,23,11,6,10,8,18,20,22,12,24],[23,11,19,15,7,3,18,6,8,10,20,22,24],[7,11,23,15,3,19,12,8,10,6,22,24],[23,7,11,15,19,3,6,10,12,8,18,20,22,24],[19,3,15,23,11,7,10,6,8,18,12,20,22,24],[11,7,15,19,3,23,9,18,6,8,22,20,10,12,24],[19,7,11,23,15,3,6,10,12,8,22,24],[7,23,3,19,15,11,10,6,8,18,12,20,22,24],[3,7,19,23,15,11,10,6,8,18,12,20,22,24],[3,7,11,23,19,15,22,6,8,9,18,24],[23,3,11,19,15,7,22,6,24,8,10,13,12],[7,11,19,3,23,15,24,6,22,8,12,1,20],[7,23,11,3,19,15,14,22,6,24,13,1,2,8,9,10,12],[23,3,7,19,11,15,18,8,6,10,12,20,22,24],[15,3,19,11,7,23,6,10,12,8,22,24],[7,3,23,11,15,19,8,10,6,18,20,22,12,24],[15,19,7,23,3,11,6,10,12,8,18,20,24,22],[11,15,23,3,7,19,8,10,6,18,12,20,24,22],[3,15,7,11,23,19,22,6,8,18,24,9,20],[3,19,11,15,23,7,22,6,24,16,5,8,13,12,10],[15,7,19,23,3,11,21,6,22,8,18,20,12,10,24],[3,15,19,23,11,7,6,10,8,18,12,20,22,24],[3,15,23,7,19,11,10,6,12,8,22,24],[3,11,23,15,7,19,12,6,10,8,22,24],[23,11,15,3,7,19,18,6,20,10,12,8,24,22],[3,23,11,19,15,7,10,6,8,18,12,20,22,24],[23,15,3,19,11,7,6,18,20,10,8,22,24],[19,23,3,11,7,15,18,6,20,10,12,8,22,24],[11,7,23,15,3,19,17,16,6,10,8,22,24],[7,3,15,11,19,23,10,6,8,18,12,20,22,24],[15,11,23,3,7,19,9,20,17,24,6,22,8],[7,23,3,11,15,19,22,6,8,10,24,12],[19,11,15,3,23,7,10,8,6,18,20,22,24],[15,11,19,3,23,7,24,6,22,8,12,10],[23,7,11,3,19,15,18,8,6,10,20,22,24],[11,15,7,23,3,19,18,8,6,10,20,22,24],[23,19,15,7,11,3,8,10,6,18,12,20,22,24],[19,11,7,15,23,3,22,6,8,10,12,24],[3,19,11,15,23,7,6,10,12,8,24,22],[7,11,19,3,15,23,12,6,10,8,18,20,22,24],[15,19,7,3,23,11,6,10,12,8,18,20,22,24],[15,11,19,3,7,23,10,6,12,8,18,20,22,24],[23,7,15,19,11,3,22,6,24,8,17,5,13,10],[3,23,19,15,11,7,8,10,6,18,20,22,12,24],[19,23,11,3,7,15,6,10,8,18,20,22,12,24],[3,7,23,19,15,11,18,6,20,10,8,22,12,24],[7,19,15,23,11,3,9,17,16,12,6,10,8,22,24],[3,7,19,23,15,11,18,6,8,10,20,22,24],[19,11,7,15,3,23,24,6,22,8,12,10],[19,3,23,7,15,11,20,12,6,10,8,22,24],[3,19,7,15,11,23,18,6,8,10,12,20,22,24],[3,15,19,7,23,11,10,8,6,18,12,20,22,24],[11,23,15,19,3,7,6,10,12,8,18,20,22,24],[19,15,3,11,7,23,18,6,20,10,12,8,22,24],[11,23,15,3,19,7,18,6,8,10,12,20,22,24],[15,19,23,11,3,7,10,6,12,8,22,24],[23,19,15,7,3,11,12,6,10,8,18,20,22,24],[7,11,15,3,23,19,8,10,6,18,12,20,24,22],[15,11,7,3,19,23,20,14,6,10,8,22,12,24],[19,7,3,23,15,11,22,6,8,12,10,24],[11,19,23,3,15,7,12,6,10,8,20,22,24],[11,19,15,3,23,7,10,6,12,8,18,20,24,22],[15,7,3,19,11,23,8,10,6,18,20,22,12,24],[19,11,15,7,23,3,8,10,6,18,20,22,12,24],[23,3,11,7,15,19,8,10,6,18,20,22,24],[11,3,23,7,15,19,6,10,8,18,12,20,22,24],[11,15,23,19,3,7,12,6,10,8,20,24,22],[23,19,15,3,7,11,24,6,22,18,16,20,8],[7,23,3,19,15,11,10,6,8,18,12,20,22,24],[19,11,7,23,3,15,6,10,8,18,20,22,12,24],[11,7,15,19,3,23,6,18,20,10,8,22,12,24],[11,19,7,15,23,3,8,10,6,18,20,22,12,24],[15,3,7,19,11,23,6,10,8,18,12,20,22,24],[3,7,19,23,11,15,6,10,8,18,20,22,12,24],[7,23,15,3,19,11,12,6,10,8,18,20,22,24],[19,23,11,7,15,3,22,6,24,8,14,13,21],[3,11,19,15,7,23,18,6,8,10,20,22,24],[7,19,3,23,11,15,22,6,8,18,24,9,2],[23,15,3,11,7,19,10,6,12,8,18,20,22,24],[23,7,11,15,19,3,8,22,6,10,24,5,20],[7,3,15,11,19,23,22,6,24,8,5,13,4,18,9],[23,11,15,7,19,3,22,6,8,20,10,12,24],[11,7,19,3,15,23,20,10,6,12,8,22,24],[19,15,23,3,7,11,6,10,12,8,18,20,22,24],[7,23,11,3,19,15,9,5,14,17,24,6,22,8],[7,19,15,11,23,3,9,20,22,6,8,10,24],[3,7,15,23,11,19,8,6,10,18,12,20,22,24],[23,11,19,7,3,15,12,6,10,8,22,24],[7,15,3,23,11,19,6,18,8,10,20,22,12,24],[3,11,15,7,19,23,10,6,12,8,18,20,22,24],[3,15,23,7,11,19,18,6,20,10,8,22,12,24],[23,7,3,11,15,19,8,18,6,10,12,20,22,24],[23,19,11,7,3,15,20,12,6,10,8,22,24],[15,19,7,11,3,23,5,1,24,6,22,8,4,17],[23,3,15,11,19,7,12,6,10,8,20,22,24],[11,19,23,3,15,7,24,6,22,16,18,8,9,17],[3,23,19,7,15,11,18,6,8,10,12,20,22,24],[11,7,3,23,15,19,10,6,8,18,12,20,24,22],[23,7,19,3,15,11,9,6,18,20,10,12,8,22,24],[23,19,7,15,3,11,10,6,8,18,20,22,24],[3,7,11,19,15,23,8,18,6,10,20,22,12,24],[11,15,7,19,3,23,22,6,8,10,24,13,16,14,18,2],[15,23,3,11,19,7,18,8,6,10,20,22,24],[11,23,19,15,7,3,12,6,10,8,18,20,24,22],[7,19,23,15,11,3,18,6,8,10,12,20,22,24],[7,15,19,23,3,11,1,10,6,8,18,12,20,22,24],[11,7,15,19,3,23,10,6,12,8,18,20,22,24],[11,23,7,19,15,3,6,10,12,8,24,22],[11,23,15,19,3,7,12,6,10,8,18,20,22,24],[11,23,3,15,19,7,5,18,6,8,20,10,12,22,24],[3,19,15,7,23,11,20,22,6,8,10,24],[3,19,15,11,23,7,10,6,8,18,20,22,12,24],[23,11,15,7,3,19,6,18,20,10,8,22,24],[19,23,7,11,3,15,12,6,10,8,18,20,22,24],[23,11,19,7,3,15,9,18,8,6,22,20,10,24],[23,7,19,15,3,11,10,6,8,18,20,22,24],[3,11,19,15,23,7,8,18,6,10,12,20,22,24],[19,3,7,15,11,23,8,10,6,18,12,20,22,24],[3,15,11,7,19,23,8,6,18,10,20,22,24],[11,3,7,23,19,15,14,6,10,12,8,18,20,22,24],[15,19,3,7,11,23,20,10,6,8,22,24],[15,11,3,7,23,19,5,4,20,21,12,10,6,8,22,24],[3,19,23,11,7,15,5,21,6,22,8,24],[19,23,11,15,3,7,6,10,12,8,18,20,22,24],[11,3,7,19,15,23,20,8,10,6,24,22],[11,7,3,23,19,15,22,6,24,8,10,12],[3,7,15,11,23,19,10,6,12,8,18,20,22,24],[19,11,7,23,15,3,10,6,8,18,20,22,12,24],[3,15,11,23,7,19,22,6,24,21,1,12],[7,11,23,3,15,19,17,9,22,6,24,8],[23,11,7,15,3,19,12,8,6,18,10,20,22,24],[3,19,11,15,23,7,6,18,20,10,12,8,22,24],[3,11,7,19,23,15,22,6,24,8,9,14,17],[7,15,23,11,3,19,21,22,6,24,18],[7,11,23,19,15,3,8,10,6,18,20,22,24],[23,3,11,7,15,19,5,10,6,8,12,20,22,24],[23,7,3,15,11,19,17,10,8,6,22,12,24],[19,23,15,11,3,7,8,22,6,18,24,21],[23,11,7,3,19,15,10,6,8,18,12,20,22,24],[19,23,15,7,11,3,24,6,22,20,8],[11,3,23,19,7,15,8,10,6,18,20,22,12,24],[23,3,11,7,15,19,10,6,12,8,20,24,22],[23,3,19,11,7,15,5,21,8,22,6,10,24],[23,7,11,3,19,15,18,6,8,10,12,20,22,24],[7,23,19,15,11,3,24,6,22,5,8,21],[11,15,23,3,7,19,18,6,8,12,10,20,24,22],[7,19,23,11,3,15,22,6,8,10,12,24],[7,23,19,15,3,11,8,18,6,10,20,22,24],[7,23,19,15,11,3,10,6,8,22,12,24],[15,11,7,3,23,19,12,6,10,8,18,20,22,24],[19,7,23,15,3,11,10,6,8,18,12,20,22,24],[3,11,15,7,19,23,17,10,6,12,8,22,24],[15,23,7,19,11,3,8,18,6,10,20,22,12,24],[15,11,23,3,7,19,12,6,10,8,18,20,24,22],[7,19,15,11,23,3,6,10,8,18,12,20,22,24],[7,11,23,15,3,19,6,10,12,8,18,20,22,24],[11,7,15,23,19,3,9,22,6,24,8,14,12,17],[7,15,11,3,23,19,18,6,20,10,12,8,22,24],[7,15,19,11,23,3,22,6,24,20,1,5,8],[3,19,7,11,15,23,18,8,6,10,12,20,24,22],[7,11,15,23,3,19,22,6,8,20,10,24],[7,3,19,23,11,15,6,10,8,18,12,20,22,24],[7,3,23,11,19,15,14,10,6,12,8,18,20,22,24],[3,23,7,19,11,15,14,10,6,12,8,18,20,22,24],[19,23,15,3,7,11,24,6,22,8,9,10,12],[23,15,3,11,7,19,24,6,22,8,20],[11,23,3,19,15,7,17,22,6,8,10,24],[11,7,15,3,19,23,6,18,20,10,8,22,24],[15,7,3,23,19,11,1,22,6,24,5,8,20],[15,11,7,19,23,3,10,6,8,22,12,24],[11,19,7,3,23,15,6,18,8,10,12,20,24,22],[19,23,3,11,15,7,5,13,12,6,10,8,22,24],[15,11,7,3,23,19,6,10,8,18,20,22,24],[7,15,3,23,19,11,9,4,12,8,6,18,20,22,10,24],[15,3,11,7,19,23,18,6,20,10,8,24,22],[11,7,19,15,3,23,5,18,6,20,10,12,8,22,24],[19,15,23,11,7,3,10,6,12,8,18,20,22,24],[15,23,7,3,19,11,21,8,22,6,20,10,12,24],[7,19,15,23,11,3,20,24,8,22,6],[15,11,23,7,3,19,6,10,12,8,18,20,24,22],[7,15,3,23,11,19,6,10,12,8,18,20,22,24],[23,3,19,15,7,11,9,12,8,6,18,10,20,22,24],[15,7,19,11,23,3,6,10,12,8,18,20,24,22],[19,3,15,11,7,23,18,6,8,10,20,22,24],[19,3,15,23,11,7,10,6,8,18,12,20,22,24],[7,15,11,3,23,19,12,6,10,8,18,20,22,24],[19,3,11,23,15,7,24,6,22,17,8,13,12],[3,11,23,15,7,19,6,10,8,18,12,20,22,24],[23,15,19,11,7,3,22,6,24,8,2,16,10,17],[7,23,3,15,19,11,10,6,12,8,20,22,24],[7,19,23,15,3,11,20,24,6,22,9,12,21],[3,7,11,23,15,19,12,6,8,18,10,20,22,24],[3,23,11,7,19,15,8,10,6,18,12,20,22,24],[7,23,11,3,15,19,18,6,20,10,8,24,22],[11,23,7,19,15,3,10,6,12,8,18,20,22,24],[7,19,3,23,15,11,10,6,12,8,18,20,24,22],[7,19,3,11,23,15,6,10,12,8,18,20,22,24],[7,23,19,3,15,11,9,17,8,22,6,10,24],[7,19,11,23,15,3,12,6,10,8,18,20,22,24],[23,11,19,15,7,3,22,6,24,8,17,13,10],[19,11,7,3,23,15,6,10,8,18,12,20,22,24],[7,19,23,3,11,15,18,6,20,10,12,8,22,24],[11,23,19,7,15,3,17,6,10,8,22,12,24],[19,3,15,23,11,7,10,6,12,8,18,20,22,24],[19,11,23,15,3,7,6,18,8,10,12,20,24,22],[7,3,23,11,19,15,6,10,8,18,20,22,12,24],[3,11,23,7,15,19,14,6,10,8,18,12,20,24,22],[7,11,19,3,23,15,9,18,6,8,22,24,21],[11,23,19,7,15,3,10,6,12,8,24,22],[11,3,15,7,19,23,10,6,8,18,20,22,12,24],[11,19,15,23,7,3,10,6,12,8,18,20,22,24],[11,3,23,7,19,15,8,10,6,18,12,20,22,24],[3,7,15,19,23,11,24,8,22,6,10,12],[19,3,15,11,7,23,18,6,8,10,20,22,12,24],[7,19,3,11,15,23,6,10,12,8,18,20,22,24],[23,7,11,3,19,15,6,10,8,18,20,22,12,24],[19,3,15,23,7,11,12,6,10,8,18,20,22,24],[11,19,23,15,3,7,18,6,20,10,8,22,24],[15,7,3,23,19,11,22,6,24,8,21],[11,19,23,15,3,7,10,6,12,8,18,20,22,24],[15,23,19,3,11,7,6,10,12,8,18,20,22,24],[19,3,11,7,23,15,18,6,20,12,10,8,22,24],[15,19,3,11,7,23,18,6,20,10,8,22,12,24],[7,15,23,19,11,3,10,6,12,8,24,22],[11,23,7,15,3,19,6,10,8,18,20,22,12,24],[19,23,11,15,3,7,10,6,12,8,22,24],[23,3,11,7,19,15,5,10,6,12,8,20,22,24],[19,3,15,7,11,23,9,17,22,6,24,8],[15,11,3,19,23,7,20,10,6,12,8,22,24],[23,15,11,3,7,19,18,6,20,10,12,8,22,24],[7,23,15,11,19,3,21,12,6,10,8,22,24],[15,3,11,19,7,23,22,6,24,16,18,8,12,4,1,10],[3,11,15,23,19,7,21,22,6,24,8],[19,11,23,3,7,15,24,6,22,8,12,4,17],[23,3,7,15,19,11,6,10,8,18,12,20,22,24],[19,3,23,11,15,7,5,8,22,6,10,24,20],[15,19,23,11,7,3,22,6,24,8,2,18,21],[19,15,3,11,7,23,6,10,8,18,12,20,22,24],[23,19,11,3,7,15,8,20,10,6,22,12,24],[19,3,11,15,7,23,22,6,8,10,24,12],[7,11,19,15,23,3,17,6,10,12,8,22,24],[11,19,23,15,7,3,12,6,10,8,18,20,22,24],[23,19,7,11,3,15,12,6,10,8,18,20,22,24],[19,23,11,7,3,15,10,6,8,22,12,24],[15,3,7,23,11,19,20,6,10,8,22,12,24],[11,3,19,23,7,15,10,6,8,18,12,20,22,24],[11,7,3,19,15,23,24,6,22,20,8],[19,3,7,23,15,11,13,12,6,10,8,20,22,24],[7,3,11,23,19,15,22,6,24,8,10,18,9],[3,19,15,11,23,7,20,10,6,12,8,22,24],[3,23,11,7,19,15,8,10,6,18,20,22,12,24],[15,23,11,19,7,3,22,6,8,10,24,12],[15,19,7,23,11,3,10,6,12,8,18,20,22,24],[15,19,11,23,7,3,12,6,10,8,18,20,22,24],[23,11,3,15,7,19,6,10,12,8,18,20,22,24],[7,23,19,3,15,11,24,6,22,12,10,16,20],[3,19,11,15,7,23,22,6,24,12,8,10],[23,3,19,11,15,7,22,6,24,10,8,12],[7,23,11,3,19,15,24,6,22,8,20],[11,15,19,7,3,23,20,6,10,12,8,22,24],[11,23,19,15,7,3,10,6,12,8,24,22],[23,7,11,15,3,19,9,18,6,20,22,8,10,24],[15,19,3,23,11,7,8,10,6,18,12,20,22,24],[23,3,19,11,7,15,10,6,12,8,18,20,22,24],[23,7,11,3,15,19,6,10,12,8,22,24],[11,7,3,23,15,19,20,10,6,12,8,22,24],[11,3,7,19,23,15,10,6,8,18,12,20,22,24],[3,7,19,23,15,11,17,5,12,22,6,8,10,24],[15,11,19,23,3,7,12,6,10,8,18,20,22,24],[3,7,19,11,15,23,22,6,8,10,12,24],[7,11,3,15,23,19,9,18,6,20,22,24,8],[11,15,19,3,23,7,10,6,8,18,20,22,24],[19,15,11,7,23,3,24,6,22,5,8,20],[3,19,7,11,23,15,21,22,6,24,5,8],[19,15,3,23,7,11,12,6,10,8,18,20,22,24],[23,7,15,19,11,3,21,22,6,8,14,20,10,12,24],[11,15,7,3,23,19,18,6,20,10,8,22,24],[15,23,7,19,3,11,6,10,8,18,12,20,22,24],[15,3,19,7,11,23,8,10,6,18,20,24,22],[11,7,3,23,19,15,5,6,18,20,10,12,8,24,22],[23,11,19,3,15,7,9,18,6,8,22,24,20],[7,3,15,11,23,19,18,8,6,10,20,22,12,24],[7,15,11,23,3,19,10,6,8,18,12,20,22,24],[15,7,11,3,23,19,6,18,20,10,12,8,22,24],[11,23,7,3,15,19,21,6,22,8,10,24],[7,11,23,19,3,15,22,6,8,20,10,24],[11,19,15,23,3,7,10,6,8,18,12,20,22,24],[11,15,3,19,7,23,8,10,6,18,20,22,12,24],[23,15,7,11,3,19,18,6,20,22,8,12,10,24],[11,15,7,3,23,19,20,10,6,12,8,22,24],[23,7,3,15,19,11,6,10,8,18,20,22,12,24],[7,19,3,11,23,15,22,6,8,18,20,10,12,24],[19,7,15,23,11,3,6,10,12,8,18,20,22,24],[11,3,23,7,15,19,22,6,8,12,10,24],[15,7,23,19,3,11,8,10,6,18,12,20,22,24],[7,19,11,15,23,3,12,6,10,8,22,24],[23,15,7,3,11,19,10,6,8,18,20,22,12,24],[7,23,19,15,11,3,10,6,12,8,22,24],[11,15,3,19,7,23,10,6,12,8,18,20,22,24],[3,15,19,7,23,11,20,10,8,6,22,24],[7,3,23,15,19,11,17,5,18,10,1,8,6,12,22,24],[3,19,11,15,23,7,18,6,20,10,8,22,24],[19,15,3,23,11,7,6,10,8,18,12,20,22,24],[19,15,23,11,3,7,12,6,10,8,18,20,22,24],[3,19,15,23,7,11,2,6,10,12,8,18,20,22,24],[11,23,19,15,3,7,6,18,8,10,12,20,22,24],[23,15,19,7,11,3,22,6,24,17,8,10],[19,23,7,3,11,15,10,6,12,8,18,20,24,22],[11,7,19,15,3,23,9,18,6,8,22,20,10,24],[7,23,3,15,19,11,12,6,10,8,18,20,22,24],[3,23,19,7,11,15,24,6,22,4,13,8,20],[7,11,3,23,15,19,22,6,24,20,8],[19,7,11,15,23,3,20,6,10,8,22,12,24],[23,11,15,19,7,3,6,10,12,8,18,20,22,24],[23,15,7,19,11,3,10,6,12,8,18,20,22,24],[19,15,7,11,23,3,10,6,12,8,18,20,22,24],[11,7,23,19,3,15,12,6,10,8,18,20,22,24],[23,7,11,15,19,3,9,10,8,6,18,20,22,12,24],[19,11,15,23,7,3,10,6,12,8,18,20,22,24],[15,3,11,7,19,23,18,8,6,10,12,20,22,24],[19,23,11,15,3,7,18,6,20,10,12,8,22,24],[15,19,23,7,3,11,10,6,12,8,18,20,22,24],[19,23,15,7,3,11,21,10,6,8,22,12,24],[15,23,3,7,19,11,18,6,8,10,12,20,24,22],[7,3,15,11,19,23,24,6,22,8,9,18,1],[23,15,3,19,11,7,22,6,24,4,8,10,21],[15,23,11,7,19,3,17,24,6,22,8,12],[3,11,19,23,7,15,20,18,24,22,6,5,8],[15,23,11,3,7,19,18,6,20,10,8,22,12,24],[15,19,7,23,3,11,8,18,6,10,20,22,24],[23,3,15,19,11,7,10,6,12,8,18,20,22,24],[19,11,7,3,15,23,20,10,6,12,8,22,24],[11,7,19,3,15,23,20,13,12,6,10,8,22,24],[11,23,19,3,7,15,20,6,10,12,8,24,22],[11,3,23,7,15,19,20,12,6,10,8,22,24],[15,11,3,7,23,19,12,6,10,8,18,20,24,22],[23,19,7,3,15,11,10,6,12,8,18,20,22,24],[3,15,19,11,7,23,18,6,20,10,12,8,24,22],[15,7,3,23,11,19,17,21,8,22,6,10,12,24],[7,19,3,11,23,15,22,6,24,8,2,18,1,10],[19,23,11,15,3,7,8,10,6,18,12,20,22,24],[19,3,15,11,7,23,14,6,18,20,10,12,8,22,24],[23,19,7,3,11,15,12,8,10,6,18,20,22,24],[19,3,23,15,7,11,17,5,22,6,24,8,20],[7,15,11,3,23,19,6,10,12,8,18,20,24,22],[3,11,7,19,15,23,10,6,8,18,20,22,24],[19,23,7,3,15,11,6,10,12,8,18,20,22,24],[19,11,3,23,7,15,6,10,12,8,20,22,24],[23,19,15,3,7,11,5,6,22,24,8,16,10,12],[3,15,7,23,11,19,6,10,12,8,18,20,22,24],[15,7,3,11,23,19,10,6,8,18,12,20,22,24],[7,23,19,3,11,15,6,10,8,18,20,22,24],[15,3,23,19,11,7,10,6,12,8,22,24],[11,23,15,19,7,3,18,6,8,10,12,20,22,24],[19,23,15,11,7,3,5,6,18,8,20,10,12,22,24],[7,11,23,19,15,3,10,6,12,8,22,24],[3,23,7,11,19,15,10,6,8,18,20,22,24],[7,19,3,23,11,15,22,6,24,8,20],[11,23,3,15,19,7,5,2,6,18,20,10,12,8,22,24],[19,23,15,11,7,3,18,6,20,10,12,8,24,22],[15,7,11,3,19,23,18,6,8,10,12,20,22,24],[7,15,3,23,19,11,24,8,22,6,9,20],[23,11,7,19,15,3,6,10,12,8,18,20,22,24],[3,19,11,15,7,23,6,10,8,18,12,20,24,22],[11,23,3,7,19,15,8,10,6,18,12,20,22,24],[7,19,15,11,23,3,10,6,12,8,18,20,22,24],[23,7,15,11,3,19,22,6,8,10,24,20],[15,3,11,7,23,19,24,6,22,8,1,17,5,14,13],[15,11,23,19,3,7,10,6,8,18,12,20,24,22],[23,3,7,15,19,11,20,12,6,10,8,22,24],[11,15,3,23,19,7,18,6,8,10,20,22,12,24],[23,15,19,11,7,3,6,10,12,8,18,20,24,22],[19,3,11,15,7,23,18,6,20,10,12,8,24,22],[15,19,7,11,23,3,22,6,8,18,24,16,4,13,12,10],[11,7,19,15,3,23,10,6,8,18,12,20,24,22],[23,7,11,3,19,15,22,6,24,8,18,10,5,12],[3,11,7,23,19,15,10,6,12,8,18,20,22,24],[23,11,3,15,7,19,5,22,6,8,24,17,12],[19,15,7,3,23,11,17,10,6,8,22,24],[15,11,19,7,23,3,18,8,6,10,20,22,24],[15,7,11,23,19,3,8,10,6,18,20,22,24],[23,7,3,11,15,19,14,17,12,6,10,8,24,22],[15,7,23,3,19,11,18,6,8,10,20,22,24],[3,23,7,15,11,19,6,10,12,8,20,22,24],[3,15,19,7,23,11,10,6,8,18,20,22,24],[15,19,7,23,11,3,12,8,10,6,22,24],[7,15,23,11,19,3,10,8,6,18,12,20,24,22],[3,7,19,15,11,23,6,10,8,18,12,20,22,24],[3,11,7,23,19,15,20,8,10,6,22,12,24],[19,11,15,3,7,23,5,18,8,6,20,10,12,22,24],[11,23,19,7,3,15,16,10,6,8,18,12,20,22,24],[11,7,3,23,15,19,12,8,10,6,24,22],[3,15,7,19,23,11,20,12,6,10,8,24,22],[15,11,23,3,19,7,10,6,12,8,18,20,22,24],[7,3,15,11,23,19,12,6,10,8,18,20,24,22],[7,3,11,19,23,15,8,10,6,18,12,20,9,22,24],[3,23,19,15,11,7,16,24,6,22,18,8,4,20],[3,11,19,15,23,7,10,6,8,18,20,22,12,24],[15,3,11,19,23,7,12,6,10,8,18,20,22,24],[19,11,3,23,15,7,8,10,6,18,12,20,22,24],[7,3,11,15,23,19,10,6,8,18,12,20,22,24],[3,11,15,23,7,19,6,10,12,8,18,20,22,24],[23,15,19,3,11,7,12,6,10,8,18,20,22,24],[7,15,3,11,19,23,12,6,10,8,18,20,22,24],[7,11,23,19,3,15,10,6,12,8,18,20,22,24],[15,11,7,23,3,19,10,6,8,18,12,20,22,24],[3,11,19,23,15,7,10,6,8,18,20,22,12,24],[19,15,23,7,3,11,21,9,22,6,8,18,24],[11,15,23,7,3,19,22,6,24,8,17,1],[23,7,19,11,15,3,6,10,12,8,20,22,24],[3,15,7,23,11,19,12,6,10,8,18,20,22,24],[23,19,7,3,15,11,6,10,12,8,18,20,22,24],[11,3,7,23,15,19,18,6,8,10,12,20,24,22],[15,7,19,23,11,3,21,22,6,8,9,17,14,10,24],[15,7,19,11,3,23,18,6,20,10,12,8,22,24],[7,11,3,15,19,23,22,6,8,10,24,12],[19,7,11,23,15,3,24,6,22,17,8,12],[15,11,19,3,23,7,6,10,12,8,18,20,22,24],[11,3,19,7,23,15,10,6,8,18,20,22,24],[19,23,3,11,15,7,12,6,10,8,18,20,22,24],[19,3,15,23,11,7,6,10,8,18,20,22,24],[23,15,3,7,11,19,10,6,8,18,12,20,22,24],[7,11,23,3,15,19,22,6,8,18,20,12,10,24],[19,11,23,15,7,3,10,6,12,8,18,20,22,24],[19,7,23,15,3,11,10,6,8,18,20,22,24],[23,15,11,19,3,7,24,6,22,8,16,18,10,9],[19,7,11,23,15,3,6,10,12,8,22,24],[15,3,11,23,7,19,12,6,10,8,18,20,22,24],[15,23,19,11,7,3,18,6,20,10,8,22,24],[19,7,23,15,3,11,6,10,8,18,20,22,12,24],[19,15,3,7,11,23,18,6,20,10,12,8,22,24],[11,7,19,23,3,15,6,10,8,18,20,22,12,24],[15,3,23,7,19,11,10,6,12,8,18,20,22,24],[3,11,7,23,19,15,21,10,6,12,8,24,22],[3,11,15,23,19,7,12,10,6,8,22,24],[23,3,15,7,11,19,12,6,10,8,18,20,22,24],[15,19,11,23,7,3,10,6,8,18,20,22,12,24],[15,7,3,19,11,23,22,6,24,9,21,4],[7,23,3,15,19,11,20,10,6,8,22,24],[7,23,15,11,3,19,6,10,8,18,12,20,24,22],[15,7,19,23,11,3,8,10,6,18,12,20,24,22],[11,23,3,7,15,19,10,8,6,18,12,20,22,24],[19,3,11,7,23,15,6,12,10,8,24,22],[15,11,23,7,19,3,6,10,12,8,22,24],[3,23,7,19,15,11,18,6,8,10,12,20,22,24],[15,3,23,11,7,19,24,8,22,6,1,9,18,13],[3,19,15,11,23,7,10,6,12,8,18,20,22,24],[15,7,11,23,19,3,10,6,8,18,20,22,12,24],[19,15,23,3,11,7,18,6,8,10,20,22,12,24],[23,19,3,7,15,11,22,6,24,8,17,2,4],[3,19,11,7,23,15,20,6,10,12,8,22,24],[11,15,19,23,3,7,13,20,8,10,6,22,12,24],[19,23,7,15,11,3,17,13,12,8,6,22,10,24],[3,23,19,7,11,15,10,6,8,18,20,22,24],[23,11,3,19,15,7,20,21,6,22,24],[23,7,11,19,3,15,18,8,6,10,20,22,24],[11,7,15,19,23,3,22,6,24,21,17],[19,11,7,23,3,15,8,10,6,18,12,20,22,24],[3,15,23,11,7,19,6,18,20,10,12,8,22,24],[19,23,7,15,3,11,20,9,22,6,8,10,24],[7,23,3,19,11,15,10,8,6,18,12,20,24,22],[15,7,11,23,19,3,9,6,18,8,22,24,12],[15,23,19,3,11,7,18,6,8,10,12,20,22,24],[19,15,23,7,11,3,6,10,12,8,24,22],[15,7,11,23,19,3,18,6,20,10,8,22,24],[7,3,15,19,23,11,12,6,10,8,18,20,21,22,24],[19,11,7,15,23,3,5,10,6,8,12,18,20,22,24],[23,15,7,11,3,19,18,6,20,10,8,22,24],[19,23,15,3,7,11,8,18,6,10,12,20,22,24],[15,19,3,23,7,11,6,10,12,8,18,20,24,22],[23,7,15,3,19,11,10,6,12,8,18,20,24,22],[19,15,3,7,11,23,18,6,8,10,12,20,24,22],[15,19,11,7,23,3,20,22,6,24,1,2,8],[23,11,7,3,19,15,8,18,6,10,12,20,22,24],[19,3,7,11,23,15,5,4,12,22,6,24,8,10],[7,3,19,15,23,11,8,18,6,10,12,20,22,24],[3,11,7,23,19,15,18,6,20,10,12,8,22,24],[7,23,11,19,3,15,22,6,8,20,10,12,24],[15,3,7,23,19,11,10,8,6,18,12,20,22,24],[15,23,19,11,7,3,10,6,8,18,20,22,12,24],[7,3,23,19,11,15,10,6,8,18,12,20,22,24],[7,3,11,15,23,19,22,6,8,12,10,24],[7,15,11,23,19,3,16,10,6,12,8,22,24],[15,11,7,19,3,23,6,10,8,18,20,22,24],[7,23,11,15,3,19,9,8,24,22,6,18,14,21],[23,15,3,19,7,11,21,24,6,22,10],[11,23,19,3,15,7,20,12,6,10,8,22,24],[3,7,15,23,19,11,18,6,8,10,12,20,22,24],[15,23,11,7,3,19,4,5,16,6,18,20,10,12,8,22,24],[3,11,19,7,15,23,10,6,12,8,18,20,24,22],[3,11,15,19,23,7,18,6,8,10,20,22,12,24],[19,3,15,11,23,7,18,6,20,10,12,8,22,24],[7,15,23,19,11,3,12,6,10,8,20,22,24],[19,15,3,7,11,23,8,10,6,18,20,22,24],[7,3,11,15,23,19,10,6,12,8,18,20,24,22],[23,7,11,19,3,15,20,12,10,6,8,22,24],[11,3,7,23,19,15,12,6,10,8,18,20,22,24],[3,19,15,23,7,11,10,8,6,18,12,20,22,24],[11,3,19,7,23,15,6,10,8,18,12,20,22,24],[19,7,15,23,3,11,22,6,8,10,24,12],[15,23,7,11,19,3,8,10,6,18,12,20,22,24],[7,19,23,15,3,11,5,18,20,6,10,8,12,22,24],[23,11,19,7,15,3,6,10,8,18,20,22,24],[23,11,3,7,15,19,12,6,10,8,18,20,22,24],[3,15,23,19,7,11,9,18,6,8,22,24,5,12],[11,3,15,7,23,19,6,10,8,18,20,22,12,24],[11,15,23,3,19,7,5,21,20,10,6,12,8,22,24],[11,19,3,7,23,15,6,10,8,18,12,20,22,24],[11,7,23,3,15,19,10,6,12,8,20,22,24],[7,19,3,11,15,23,12,6,10,8,18,20,22,24],[7,23,19,3,11,15,22,6,8,10,12,24],[11,7,15,23,19,3,1,9,22,6,8,18,24],[15,23,7,11,19,3,6,10,8,18,20,22,12,24],[23,3,11,7,15,19,6,10,12,8,18,20,22,24],[11,19,7,23,15,3,22,6,24,8,1,5,12,18,20],[3,23,7,19,15,11,18,6,8,10,20,22,24],[11,19,15,3,23,7,10,6,8,18,20,22,12,24],[19,11,23,3,15,7,10,6,12,8,18,20,22,24],[15,19,23,7,11,3,22,6,8,12,10,24],[11,15,19,7,23,3,18,6,8,10,12,20,22,24],[15,19,7,3,11,23,24,6,22,8,18,2,20],[15,3,23,19,7,11,20,24,6,22,8],[7,15,3,19,11,23,20,5,22,6,8,10,24],[15,11,3,7,23,19,20,9,10,6,8,22,12,24],[23,3,7,19,15,11,10,6,12,8,18,20,22,24],[15,19,11,23,7,3,24,6,22,4,18,20,10,8],[23,11,19,7,15,3,10,6,12,8,18,20,22,24],[3,11,15,7,23,19,18,6,8,12,10,20,22,24],[23,11,19,15,7,3,10,6,8,18,20,22,12,24],[3,11,15,7,19,23,6,10,12,8,18,20,22,24],[3,11,23,7,15,19,10,6,8,18,20,22,24],[11,15,3,19,23,7,6,10,8,18,12,20,22,24],[15,19,23,7,11,3,10,6,8,18,20,22,12,24],[15,7,19,3,11,23,5,20,6,10,8,12,22,24],[23,3,15,11,19,7,8,10,6,18,12,20,22,24],[15,11,3,23,7,19,22,6,8,10,24,12],[7,23,11,3,15,19,12,10,6,8,20,24,22],[11,23,19,7,15,3,20,6,10,12,8,24,22],[19,15,7,3,23,11,22,6,8,10,12,24],[3,19,7,23,11,15,20,1,12,6,10,8,22,24],[11,7,15,23,19,3,10,6,12,8,18,20,22,24],[7,3,23,19,11,15,10,6,12,8,20,22,24],[19,7,23,15,11,3,10,8,6,20,22,24],[23,11,3,15,19,7,6,10,8,18,20,22,24],[7,11,19,23,15,3,10,8,6,18,20,22,12,24],[19,3,11,15,23,7,22,6,8,12,10,24],[3,19,15,23,11,7,18,6,20,10,8,22,12,24],[11,15,19,23,7,3,6,10,12,8,18,20,22,24],[3,7,23,19,15,11,22,6,8,10,24,16,1,12],[23,11,3,19,15,7,12,6,10,8,18,20,22,24],[23,11,19,7,3,15,12,6,10,8,18,20,22,24],[11,7,23,15,3,19,21,2,22,6,24,5,8],[19,23,15,7,3,11,6,10,8,18,20,22,24],[15,7,23,3,11,19,22,6,8,12,10,24],[3,19,23,15,7,11,12,6,10,8,18,20,24,22],[11,7,3,19,23,15,12,8,10,6,20,22,24],[3,7,23,19,11,15,24,6,22,14,8,17,18],[7,3,11,19,23,15,18,6,20,10,12,8,24,22],[11,15,7,3,23,19,6,10,8,18,12,20,22,24],[19,3,23,15,7,11,10,6,8,18,20,22,12,24],[11,15,19,23,7,3,10,6,12,8,18,20,22,24],[3,19,23,11,15,7,22,6,8,10,12,24],[11,23,7,15,3,19,18,6,20,10,12,8,22,24],[3,11,23,19,7,15,12,6,10,8,18,20,22,24],[11,7,23,15,19,3,24,6,22,5,8,4,18,20],[23,7,19,11,15,3,18,6,8,10,12,20,22,24],[11,15,3,7,19,23,20,10,6,8,22,24],[19,7,15,3,11,23,6,18,8,10,20,22,12,24],[15,11,7,3,23,19,10,6,8,18,20,22,24],[23,3,15,19,7,11,10,6,8,18,20,22,12,24],[7,15,11,23,3,19,10,6,8,18,20,22,12,24],[7,3,19,15,23,11,21,6,24,22,20],[3,23,19,7,11,15,9,24,6,22,18,8,21],[23,7,3,15,19,11,5,8,12,6,10,18,20,22,24],[3,23,15,19,7,11,17,6,10,12,8,22,24],[7,19,11,3,15,23,24,6,22,1,9,18,20,4,8],[7,3,19,23,15,11,22,6,8,12,10,24],[7,11,3,19,15,23,8,10,6,18,12,20,22,24],[19,15,23,11,3,7,10,6,12,8,18,20,22,24],[19,7,11,23,3,15,18,6,8,10,12,20,22,24],[11,3,15,7,19,23,6,10,12,8,18,20,22,24],[3,11,19,15,7,23,6,10,8,18,12,20,22,24],[15,7,19,11,23,3,12,6,10,8,18,20,22,24],[15,23,11,19,7,3,22,6,24,18,8,4,10],[7,11,3,23,15,19,20,6,10,8,22,24],[3,11,19,7,15,23,20,22,6,24,8],[15,11,7,23,3,19,22,6,24,8,21],[3,15,19,7,23,11,6,10,8,18,20,22,12,24],[23,15,11,19,7,3,8,18,6,10,12,20,22,24],[3,19,23,7,15,11,18,8,6,10,12,20,24,22],[11,23,15,19,7,3,17,12,8,6,22,10,24],[15,19,3,23,11,7,10,6,12,8,18,20,22,24],[3,23,19,15,7,11,14,6,10,8,18,12,20,22,24],[3,11,23,19,7,15,18,8,6,10,20,22,24],[19,3,7,23,15,11,24,6,22,8,18,20],[3,23,11,7,15,19,24,6,22,20,8],[19,7,15,3,23,11,18,6,20,10,12,8,24,22],[7,11,3,15,23,19,10,6,8,18,12,20,22,24],[11,15,23,19,7,3,6,10,8,18,12,20,22,24],[7,19,23,11,15,3,6,10,12,8,18,20,22,24],[23,11,19,3,7,15,17,6,10,12,8,22,24],[19,15,23,11,3,7,8,10,6,18,20,22,12,24],[11,23,15,19,3,7,10,6,8,18,20,22,12,24],[15,3,23,19,11,7,10,6,12,8,22,24],[23,19,7,15,3,11,22,6,8,10,24,21],[19,3,23,7,11,15,12,6,10,8,20,22,24],[7,23,15,11,19,3,10,6,12,8,18,20,22,24],[19,15,11,3,23,7,13,18,6,20,10,8,22,24],[19,7,23,11,15,3,22,6,24,8,10,18,12],[19,7,11,23,15,3,22,6,8,10,24,20],[19,11,7,3,15,23,6,10,12,8,24,22],[3,19,11,23,15,7,5,24,8,22,6,21],[19,15,7,11,3,23,10,6,8,18,12,20,22,24],[23,3,7,15,19,11,12,6,10,8,18,20,22,24],[7,19,23,15,11,3,18,6,20,10,8,22,12,24],[23,19,11,15,3,7,17,6,10,12,8,22,24],[19,23,3,7,11,15,18,6,8,10,20,22,12,24],[15,19,11,3,7,23,6,10,12,8,18,20,22,24],[7,19,11,23,3,15,9,17,22,6,8,10,24],[3,11,23,15,19,7,6,10,8,18,12,20,22,24],[11,7,19,15,23,3,12,6,10,8,18,20,24,22],[23,3,19,7,15,11,14,22,6,24,12,18,8,10],[19,7,11,15,3,23,18,6,8,10,20,22,12,24],[23,7,3,15,11,19,20,1,24,8,6,10,22],[11,7,23,15,19,3,21,6,22,8,12,10,24],[23,11,7,3,15,19,4,18,6,8,10,12,20,22,24],[11,15,3,23,7,19,24,6,22,8,10,17],[19,15,7,11,3,23,22,6,8,18,24,2,10],[7,11,23,19,3,15,6,10,8,18,20,22,24],[15,11,19,7,23,3,20,8,10,6,22,24],[3,11,23,15,7,19,20,10,8,6,22,24],[7,11,19,15,23,3,6,10,12,8,18,20,22,24],[19,23,3,11,15,7,12,6,10,8,18,20,22,24],[15,23,3,7,11,19,2,10,12,6,8,18,20,24,22],[3,19,7,11,23,15,16,12,6,10,8,18,20,22,24],[15,3,19,23,7,11,5,24,6,22,8,20],[11,3,15,23,7,19,6,10,12,8,18,20,22,24],[19,7,23,3,15,11,9,24,6,22,8,18,17],[11,23,3,7,19,15,20,6,10,8,22,24],[3,11,23,7,19,15,1,10,6,8,18,20,22,12,24],[7,19,11,23,3,15,12,6,10,8,18,20,22,24],[3,15,23,7,11,19,8,10,6,18,20,22,12,24],[15,7,11,19,3,23,8,10,6,20,22,12,24],[15,23,3,11,19,7,8,18,6,10,20,22,24],[3,19,15,23,7,11,18,8,6,10,12,20,22,24],[23,7,11,3,19,15,22,6,24,2,8,21],[23,3,15,11,19,7,9,6,18,8,22,24,20],[11,23,15,7,19,3,20,12,6,10,8,24,22],[11,3,19,23,7,15,12,8,10,6,20,24,22],[23,7,15,19,3,11,9,5,21,12,8,10,6,22,24],[11,19,15,3,23,7,1,10,6,12,8,18,20,22,24],[19,15,7,23,3,11,21,6,22,24,13,10],[7,3,15,23,19,11,21,18,6,8,22,20,12,10,24],[19,3,7,11,15,23,10,6,8,18,12,20,22,24],[23,3,15,19,11,7,17,10,6,8,22,24],[15,3,23,11,7,19,1,10,6,12,8,18,20,24,22],[23,11,15,3,7,19,12,6,10,8,18,20,22,24],[3,11,15,7,19,23,10,6,8,22,24,12],[19,15,7,3,23,11,22,6,8,10,12,24],[19,15,3,23,7,11,6,10,12,8,24,22],[11,3,23,19,7,15,18,6,8,10,12,20,22,24],[19,3,11,7,15,23,12,6,10,8,18,20,22,24],[15,19,7,11,3,23,6,10,8,18,12,20,22,24],[3,15,19,11,7,23,18,6,20,10,12,8,22,24],[23,15,11,7,3,19,18,8,6,10,20,22,24],[7,3,15,23,11,19,5,21,10,17,6,12,8,22,24],[3,7,23,19,11,15,6,10,8,18,12,20,22,24],[3,15,19,11,7,23,8,10,6,18,20,22,24],[3,23,11,7,15,19,10,6,8,18,12,20,22,24],[3,7,15,23,19,11,6,18,20,10,12,8,22,24],[3,7,11,23,15,19,18,6,8,10,12,20,22,24],[3,15,7,19,23,11,6,10,12,8,20,22,24],[23,19,15,3,7,11,6,10,8,18,20,22,24],[15,7,11,19,3,23,6,10,12,8,18,20,22,24],[7,3,11,23,15,19,6,10,12,8,18,20,22,24],[19,3,7,15,11,23,12,6,10,8,20,22,24],[7,23,19,11,3,15,20,4,12,8,6,22,10,24],[7,3,15,23,11,19,10,6,8,18,20,22,12,24],[7,11,23,15,3,19,6,20,10,12,8,22,24],[3,19,11,23,7,15,10,6,8,18,12,20,22,24],[19,7,15,23,3,11,10,6,8,18,20,22,12,24],[15,11,7,19,3,23,6,12,10,8,18,20,22,24],[19,15,23,3,11,7,8,10,6,18,12,20,22,24],[19,23,11,15,3,7,18,6,8,10,12,20,22,24],[11,15,23,19,3,7,8,10,6,18,20,22,24],[3,7,23,15,11,19,17,24,6,22,10,12,4],[19,23,3,7,15,11,10,6,12,8,18,20,22,24],[15,7,19,11,23,3,10,6,8,18,12,20,22,24],[3,15,7,11,19,23,12,6,10,8,18,20,24,22]],"n_human":8}