{"problem_id": "pljbZvtHnKJgSgO", "sigma": 75, "alpha": 1.0, "cost": 1, "probabilities": "[0.08, 0.25, 0.44, 0.23]", "payoff_matrix": "[[-48, 117, -37, -66, -168, 61], [23, -86, 52, 143, 46, 128], [-43, 86, 2, -140, 0, -3], [-152, -77, 51, -71, -119, 72]]", "uncovered": [[19, 3, 15, 23, 11, 7, 10, 6, 8, 18, 12, 20], [23, 19, 11, 7, 3, 15, 6, 10, 12, 8], [3, 19, 7, 15, 11, 23, 6, 10, 8, 18, 20, 22], [7, 19, 15, 11, 3, 23, 6, 10, 12, 8], [19, 23, 7, 3, 11, 15, 6, 10, 12, 8], [3, 19, 7, 11, 15, 23, 10, 6, 12, 8], [15, 3, 11, 19, 7, 23, 9, 18, 6, 8, 22, 20], [23, 19, 15, 11, 3, 7, 10, 6, 12, 8], [3, 15, 19, 23, 11, 7, 10, 6, 12, 8], [3, 23, 19, 15, 11, 7, 12, 6, 10, 8], [3, 11, 19, 7, 15, 23, 8, 10, 6, 18, 12, 20], [19, 23, 7, 3, 15, 11, 12, 6, 10, 8], [23, 11, 19, 15, 7, 3, 10, 6, 12, 8], [19, 11, 23, 15, 7, 3, 5], [19, 11, 15, 23, 3, 7, 12, 6, 10, 8], [23, 19, 3, 7, 15, 11, 12, 6, 10, 8], [11, 7, 3, 23, 15, 19, 5], [15, 11, 23, 7, 3, 19, 12, 6, 10, 8], [7, 11, 3, 15, 23, 19, 10, 6, 12, 8], [23, 15, 7, 11, 3, 19, 10, 6, 12, 8], [23, 15, 11, 19, 3, 7, 5], [23, 19, 15, 7, 3, 11, 10, 6, 8, 18, 12, 20], [3, 23, 19, 7, 15, 11, 8, 10, 6, 18, 20, 22], [23, 15, 19, 3, 7, 11, 10, 6, 12, 8], [15, 23, 3, 19, 11, 7, 6, 10, 12, 8], [19, 15, 3, 7, 11, 23, 12, 8, 10, 6], [7, 23, 19, 3, 11, 15, 6, 10, 8, 18, 20, 22], [23, 15, 19, 3, 11, 7, 6, 10, 8, 18, 12, 20], [7, 15, 11, 3, 23, 19, 8, 10, 6, 18, 20, 22], [15, 11, 23, 19, 3, 7, 12, 6, 10, 8], [23, 3, 15, 11, 7, 19, 8, 10, 6, 18, 20, 22], [23, 15, 19, 3, 7, 11, 12, 8, 10, 6], [11, 3, 19, 7, 15, 23, 6, 10, 12, 8], [19, 15, 7, 11, 3, 23, 6, 10, 8, 18, 20, 22], [7, 15, 3, 19, 23, 11, 6, 10, 8, 18, 12, 20], [3, 11, 15, 23, 7, 19, 10, 6, 8, 18, 12, 20], [23, 7, 11, 3, 15, 19, 10, 6, 12, 8], [11, 15, 3, 19, 7, 23, 10, 6, 12, 8], [15, 19, 11, 23, 3, 7, 6, 10, 12, 8], [23, 7, 3, 11, 15, 19, 6, 10, 8, 18, 12, 20], [3, 15, 19, 11, 23, 7, 8, 10, 6, 18, 20, 22], [19, 23, 7, 15, 3, 11, 6, 10, 12, 8], [19, 3, 11, 15, 7, 23, 20], [11, 7, 23, 3, 19, 15, 6, 10, 8, 18, 20, 22], [19, 3, 15, 11, 7, 23, 8, 10, 6, 18, 12, 20], [7, 23, 19, 3, 15, 11, 10, 6, 8, 18, 12, 20], [7, 15, 3, 23, 19, 11, 6, 10, 8, 18, 20, 22], [15, 19, 11, 23, 7, 3, 6, 10, 8, 18, 20, 22], [11, 7, 19, 15, 3, 23, 10, 6, 8, 18, 20, 22], [11, 3, 15, 7, 19, 23, 18, 6, 8, 10, 20, 22], [3, 11, 7, 15, 19, 23, 18, 6, 8, 10, 20, 22], [3, 19, 7, 11, 23, 15, 10, 6, 8, 18, 12, 20], [11, 23, 3, 19, 15, 7, 6, 10, 12, 8], [19, 3, 15, 11, 23, 7, 8, 10, 6, 18, 12, 20], [19, 15, 11, 7, 23, 3, 10, 6, 12, 8], [23, 3, 11, 7, 19, 15, 6, 10, 12, 8], [15, 11, 19, 3, 23, 7, 6, 10, 12, 8], [11, 3, 15, 23, 7, 19, 6, 10, 12, 8], [3, 7, 23, 15, 19, 11, 6, 10, 8, 18, 12, 20], [11, 15, 7, 19, 23, 3, 18, 6, 20, 10, 12, 8], [19, 11, 3, 15, 23, 7, 12, 6, 10, 8], [3, 19, 7, 23, 15, 11, 10, 8, 6, 18, 20, 22], [19, 7, 3, 15, 23, 11, 10, 6, 8, 18, 20, 22], [15, 23, 3, 11, 19, 7, 6, 10, 8, 18, 20, 22], [7, 11, 23, 15, 3, 19, 18, 6, 8, 10, 12, 20], [11, 23, 3, 15, 19, 7, 8, 10, 6, 18, 12, 20], [19, 23, 7, 11, 3, 15, 10, 6, 12, 8], [11, 15, 7, 3, 19, 23, 8, 10, 6, 18, 20, 22], [7, 19, 15, 3, 11, 23, 8, 10, 6, 18, 20, 22], [7, 15, 3, 11, 19, 23, 8, 10, 6, 18, 20, 22], [23, 3, 19, 15, 11, 7, 6, 10, 8, 18, 12, 20], [19, 11, 23, 7, 15, 3, 5], [23, 15, 7, 11, 19, 3, 8, 10, 6, 18, 20, 22], [15, 19, 3, 23, 11, 7, 10, 6, 12, 8], [19, 11, 3, 23, 7, 15, 6, 10, 8, 18, 20, 22], [7, 19, 3, 23, 15, 11, 18, 6, 20, 10, 12, 8], [3, 19, 11, 7, 23, 15, 5], [19, 3, 23, 11, 7, 15, 10, 6, 8, 18, 12, 20], [19, 11, 15, 23, 3, 7, 10, 6, 8, 18, 12, 20], [7, 15, 3, 11, 23, 19, 10, 6, 12, 8], [19, 7, 23, 11, 3, 15, 8, 10, 6, 18, 12, 20], [11, 15, 23, 7, 19, 3, 6, 10, 8, 18, 12, 20], [3, 11, 19, 15, 7, 23, 10, 6, 8, 18, 20, 22], [15, 7, 19, 11, 3, 23, 10, 6, 12, 8], [11, 15, 3, 19, 23, 7, 9, 6, 18, 8, 22, 20], [11, 3, 23, 15, 19, 7, 10, 6, 12, 8], [23, 7, 15, 11, 19, 3, 8, 10, 6, 18, 12, 20], [19, 11, 23, 7, 3, 15, 10, 6, 12, 8], [3, 23, 19, 15, 11, 7, 9, 8, 18, 6, 22, 24], [19, 15, 11, 23, 7, 3, 10, 6, 12, 8], [23, 3, 11, 19, 15, 7, 6, 10, 8, 18, 12, 20], [15, 23, 7, 11, 3, 19, 12, 6, 10, 8], [19, 23, 11, 3, 15, 7, 18, 6, 8, 10, 12, 20], [19, 7, 3, 23, 11, 15, 10, 6, 8, 18, 20, 22], [19, 23, 3, 11, 15, 7, 12, 6, 10, 8], [23, 19, 3, 7, 11, 15, 6, 10, 8, 18, 20, 22], [11, 19, 15, 7, 23, 3, 6, 10, 8, 18, 12, 20], [7, 11, 23, 19, 3, 15, 6, 10, 12, 8], [3, 19, 15, 11, 23, 7, 10, 6, 8, 18, 20, 22], [11, 7, 23, 15, 19, 3, 10, 6, 8, 18, 20, 22], [7, 19, 23, 11, 3, 15, 6, 10, 12, 8], [15, 3, 7, 23, 19, 11, 12, 6, 10, 8], [11, 15, 7, 23, 3, 19, 6, 10, 8, 18, 12, 20], [19, 3, 7, 15, 23, 11, 18, 6, 8, 10, 20, 22], [11, 23, 19, 15, 3, 7, 6, 10, 12, 8], [11, 19, 3, 7, 23, 15, 10, 6, 12, 8], [7, 11, 3, 19, 15, 23, 6, 10, 8, 18, 20, 22], [7, 15, 3, 19, 11, 23, 10, 6, 12, 8], [19, 3, 11, 23, 7, 15, 8, 10, 6, 18, 20, 22], [23, 3, 15, 11, 19, 7, 6, 10, 12, 8], [7, 15, 11, 23, 19, 3, 6, 10, 12, 8], [15, 3, 11, 23, 19, 7, 6, 10, 8, 18, 20, 22], [11, 15, 7, 3, 19, 23, 10, 6, 12, 8], [7, 11, 19, 15, 23, 3, 12, 6, 10, 8], [3, 23, 19, 7, 11, 15, 6, 10, 8, 18, 20, 22], [23, 15, 3, 7, 11, 19, 18, 6, 20, 10, 8, 22], [15, 23, 3, 11, 7, 19, 10, 6, 8, 18, 12, 20], [23, 11, 15, 19, 7, 3, 6, 10, 12, 8], [19, 7, 15, 11, 3, 23, 6, 10, 12, 8], [19, 23, 11, 15, 3, 7, 5], [15, 23, 3, 7, 19, 11, 10, 6, 12, 8], [15, 19, 23, 3, 7, 11, 8, 10, 6, 18, 20, 22], [23, 3, 7, 15, 11, 19, 10, 6, 12, 8], [11, 7, 23, 19, 15, 3, 10, 6, 12, 8], [15, 3, 11, 23, 19, 7, 8, 10, 6, 18, 12, 20], [11, 7, 23, 19, 15, 3, 9, 22, 6, 24], [3, 11, 23, 19, 15, 7, 12, 6, 10, 8], [7, 3, 23, 15, 11, 19, 6, 10, 8, 18, 12, 20], [11, 7, 3, 23, 15, 19, 12, 6, 10, 8], [15, 3, 19, 23, 7, 11, 6, 10, 8, 18, 20, 22], [7, 15, 3, 19, 23, 11, 6, 10, 12, 8], [15, 23, 11, 19, 7, 3, 6, 10, 12, 8], [15, 7, 23, 19, 11, 3, 10, 6, 8, 18, 12, 20], [15, 19, 7, 23, 3, 11, 6, 10, 12, 8], [7, 11, 19, 23, 15, 3, 10, 6, 8, 18, 20, 22], [15, 3, 23, 7, 19, 11, 10, 6, 12, 8], [19, 15, 7, 11, 3, 23, 6, 10, 12, 8], [19, 11, 23, 7, 15, 3, 10, 6, 8, 18, 20, 22], [3, 11, 23, 15, 19, 7, 5], [23, 15, 11, 19, 3, 7, 6, 10, 8, 18, 12, 20], [11, 7, 15, 23, 3, 19, 10, 6, 8, 18, 12, 20], [3, 11, 19, 15, 23, 7, 6, 10, 8, 18, 12, 20], [7, 11, 23, 15, 19, 3, 10, 6, 8, 18, 12, 20], [15, 7, 23, 11, 19, 3, 8, 10, 6, 18, 20, 22], [3, 23, 11, 19, 7, 15, 9, 6, 18, 20, 22, 8], [7, 11, 3, 15, 19, 23, 6, 10, 8, 18, 20, 22], [15, 3, 7, 19, 11, 23, 8, 10, 6, 18, 20, 22], [3, 7, 11, 23, 15, 19, 10, 6, 8, 18, 20, 22], [15, 7, 23, 11, 3, 19, 10, 6, 8, 18, 20, 22], [23, 19, 3, 7, 15, 11, 10, 6, 8, 18, 12, 20], [23, 7, 19, 11, 3, 15, 10, 6, 12, 8], [3, 11, 19, 23, 15, 7, 6, 10, 8, 18, 12, 20], [15, 19, 11, 3, 23, 7, 10, 6, 12, 8], [23, 11, 3, 7, 15, 19, 6, 10, 12, 8], [7, 23, 3, 11, 15, 19, 10, 6, 12, 8], [19, 3, 15, 7, 23, 11, 12, 6, 10, 8], [23, 3, 19, 7, 15, 11, 10, 6, 12, 8], [3, 7, 23, 15, 19, 11, 8, 10, 6, 18, 20, 22], [7, 19, 23, 3, 15, 11, 6, 10, 12, 8], [3, 19, 15, 7, 11, 23, 8, 10, 6, 18, 20, 22], [23, 11, 19, 7, 3, 15, 6, 10, 12, 8], [15, 23, 19, 3, 11, 7, 10, 6, 8, 18, 20, 22], [11, 23, 7, 15, 19, 3, 6, 10, 12, 8], [19, 15, 11, 7, 3, 23, 8, 10, 6, 18, 20, 22], [11, 19, 3, 23, 7, 15, 8, 10, 6, 18, 12, 20], [23, 11, 15, 19, 7, 3, 10, 6, 8, 18, 20, 22], [11, 15, 19, 3, 7, 23, 6, 10, 8, 18, 20, 22], [11, 7, 15, 23, 3, 19, 6, 10, 8, 18, 20, 22], [19, 7, 11, 23, 15, 3, 10, 6, 8, 18, 12, 20], [11, 7, 3, 15, 23, 19, 10, 6, 8, 18, 12, 20], [15, 7, 23, 11, 19, 3, 18, 6, 8, 10, 12, 20], [15, 7, 3, 11, 19, 23, 8, 10, 6, 18, 12, 20], [11, 23, 3, 7, 19, 15, 6, 10, 8, 18, 12, 20], [3, 15, 11, 23, 19, 7, 6, 10, 8, 18, 12, 20], [23, 11, 15, 19, 3, 7, 10, 6, 12, 8], [23, 7, 3, 19, 15, 11, 18, 6, 8, 10, 12, 20], [7, 11, 15, 23, 19, 3, 10, 6, 8, 18, 12, 20], [3, 19, 11, 23, 7, 15, 10, 6, 12, 8], [7, 3, 11, 23, 19, 15, 10, 6, 12, 8], [15, 7, 3, 23, 11, 19, 18, 6, 8, 10, 12, 20], [3, 11, 19, 15, 23, 7, 6, 10, 8, 18, 12, 20], [3, 7, 11, 15, 19, 23, 6, 10, 12, 8], [23, 7, 3, 11, 19, 15, 6, 10, 12, 8], [15, 3, 19, 11, 23, 7, 8, 10, 6, 18, 12, 20], [23, 15, 7, 11, 19, 3, 9, 20], [19, 23, 11, 7, 15, 3, 10, 6, 12, 8], [23, 15, 19, 7, 11, 3, 6, 10, 12, 8], [19, 15, 23, 7, 3, 11, 10, 6, 8, 18, 20, 22], [3, 19, 15, 23, 7, 11, 6, 10, 12, 8], [15, 23, 3, 11, 19, 7, 5], [15, 3, 19, 11, 7, 23, 10, 6, 12, 8], [23, 19, 11, 15, 3, 7, 6, 10, 12, 8], [3, 15, 7, 23, 19, 11, 10, 6, 12, 8], [23, 3, 19, 15, 7, 11, 6, 10, 12, 8], [23, 19, 7, 11, 15, 3, 10, 6, 8, 18, 12, 20], [23, 19, 3, 15, 7, 11, 10, 6, 12, 8], [7, 11, 23, 19, 15, 3, 6, 10, 8, 18, 20, 22], [7, 11, 23, 3, 19, 15, 6, 10, 12, 8], [3, 11, 7, 19, 15, 23, 12, 6, 10, 8], [3, 23, 15, 19, 7, 11, 8, 10, 6, 20, 22], [7, 23, 15, 11, 19, 3, 12, 6, 10, 8], [3, 7, 23, 19, 15, 11, 10, 6, 12, 8], [3, 7, 15, 23, 11, 19, 8, 10, 6, 18, 12, 20], [15, 23, 3, 7, 19, 11, 6, 10, 12, 8], [23, 3, 7, 15, 11, 19, 10, 6, 8, 18, 20, 22], [11, 19, 7, 3, 15, 23, 18, 6, 8, 10, 20, 22], [23, 15, 7, 11, 19, 3, 12, 6, 10, 8], [15, 7, 11, 3, 19, 23, 12, 6, 10, 8], [7, 19, 23, 3, 15, 11, 10, 6, 8, 18, 20, 22], [7, 23, 11, 19, 3, 15, 9, 6, 18, 8, 22, 24], [7, 15, 23, 11, 3, 19, 6, 10, 8, 18, 20, 22], [11, 3, 15, 23, 19, 7, 6, 10, 12, 8], [15, 7, 3, 11, 19, 23, 6, 10, 12, 8], [3, 15, 11, 23, 7, 19, 8, 10, 6, 18, 20, 22], [23, 11, 15, 7, 19, 3, 10, 6, 8, 18, 20, 22], [23, 3, 15, 19, 7, 11, 10, 6, 12, 8], [15, 7, 23, 3, 11, 19, 6, 10, 12, 8], [15, 23, 19, 7, 11, 3, 6, 10, 12, 8], [19, 11, 15, 7, 3, 23, 10, 6, 8, 18, 12, 20], [11, 7, 19, 15, 23, 3, 6, 10, 12, 8], [11, 3, 7, 15, 19, 23, 6, 10, 12, 8], [15, 3, 11, 19, 7, 23, 12, 6, 10, 8], [19, 11, 3, 15, 7, 23, 6, 10, 8, 18, 12, 20], [7, 11, 15, 23, 3, 19, 10, 6, 12, 8], [11, 19, 7, 3, 15, 23, 10, 6, 8, 18, 20, 22], [19, 15, 7, 11, 23, 3, 8, 10, 6, 18, 12, 20], [7, 19, 11, 15, 3, 23, 6, 10, 8, 18, 12, 20], [15, 7, 3, 11, 19, 23, 8, 10, 6, 18, 12, 20], [3, 19, 23, 15, 11, 7, 24, 6, 22], [11, 3, 23, 15, 19, 7, 8, 10, 6, 18, 12, 20], [15, 23, 11, 7, 3, 19, 6, 10, 12, 8], [15, 11, 23, 3, 7, 19, 8, 10, 6, 18, 12, 20], [15, 11, 23, 3, 19, 7, 10, 8, 6, 18, 12, 20], [19, 7, 15, 23, 11, 3, 10, 6, 8, 18, 12, 20], [3, 15, 23, 11, 19, 7, 10, 6, 8, 18, 12, 20], [19, 3, 15, 7, 11, 23, 10, 6, 8, 18, 20, 22], [23, 3, 19, 7, 15, 11, 8, 10, 6, 18, 12, 20], [11, 23, 19, 15, 3, 7, 6, 10, 12, 8], [23, 15, 7, 3, 11, 19, 6, 12, 10, 8], [19, 3, 11, 23, 15, 7, 6, 10, 12, 8], [3, 15, 7, 19, 11, 23, 6, 10, 8, 18, 20, 22], [3, 19, 11, 15, 7, 23, 10, 6, 12, 8], [15, 3, 11, 7, 19, 23, 10, 6, 12, 8], [3, 7, 15, 19, 11, 23, 10, 6, 12, 8], [7, 19, 3, 23, 15, 11, 12, 6, 10, 8], [7, 23, 3, 19, 15, 11, 8, 10, 6, 18, 20, 22], [23, 11, 15, 3, 7, 19, 8, 10, 6, 18, 12, 20], [15, 11, 3, 7, 23, 19, 6, 10, 12, 8], [3, 19, 11, 23, 15, 7, 6, 10, 12, 8], [15, 19, 11, 7, 3, 23, 8, 10, 6, 18, 12, 20], [15, 23, 11, 19, 3, 7, 6, 10, 8, 18, 20, 22], [7, 19, 11, 15, 3, 23, 12, 6, 10, 8], [19, 15, 11, 7, 3, 23, 10, 6, 8, 18, 12, 20], [23, 19, 3, 11, 7, 15, 8, 10, 6, 18, 20, 22], [7, 15, 19, 11, 23, 3, 10, 6, 8, 18, 12, 20], [7, 19, 23, 15, 3, 11, 10, 6, 12, 8], [23, 3, 15, 7, 19, 11, 6, 10, 12, 8], [19, 23, 7, 3, 15, 11, 6, 10, 12, 8], [7, 19, 3, 15, 11, 23, 10, 6, 12, 8], [23, 3, 11, 7, 19, 15, 10, 6, 8, 18, 12, 20], [7, 19, 15, 23, 3, 11, 6, 10, 8, 18, 20, 22], [19, 23, 15, 11, 3, 7, 10, 6, 8, 18, 12, 20], [3, 15, 7, 19, 23, 11, 12, 6, 10, 8], [15, 19, 3, 11, 23, 7, 10, 6, 12, 8], [15, 23, 19, 3, 11, 7, 10, 6, 12, 8], [3, 11, 23, 15, 7, 19, 10, 6, 12, 8], [11, 23, 19, 7, 15, 3, 18, 6, 20, 10, 12, 8], [11, 7, 15, 19, 23, 3, 10, 6, 12, 8], [15, 7, 3, 23, 19, 11, 12, 6, 10, 8], [3, 19, 15, 23, 7, 11, 10, 6, 12, 8], [7, 15, 19, 3, 23, 11, 9, 6, 18, 20, 22, 8], [11, 23, 15, 3, 7, 19, 10, 6, 12, 8], [19, 11, 7, 15, 3, 23, 10, 6, 12, 8], [23, 19, 15, 11, 3, 7, 6, 10, 12, 8], [19, 15, 11, 3, 23, 7, 10, 6, 8, 18, 20, 22], [19, 7, 3, 23, 11, 15, 8, 10, 6, 18, 12, 20], [15, 19, 11, 23, 3, 7, 8, 10, 6, 18, 20, 22], [11, 3, 7, 15, 23, 19, 6, 10, 12, 8], [23, 11, 15, 3, 7, 19, 22, 6, 8, 10, 24], [11, 15, 7, 19, 23, 3, 8, 10, 6, 18, 20, 22], [15, 23, 19, 11, 7, 3, 10, 8, 6, 18, 20, 22], [19, 11, 7, 23, 3, 15, 10, 6, 12, 8], [23, 7, 3, 15, 19, 11, 10, 6, 8, 18, 20, 22], [19, 23, 15, 3, 11, 7, 22, 6, 8, 12, 10, 24], [7, 23, 15, 3, 11, 19, 8, 10, 6, 18, 20, 22], [11, 23, 19, 7, 3, 15, 10, 6, 12, 8], [7, 15, 3, 23, 19, 11, 10, 6, 12, 8], [23, 15, 19, 7, 3, 11, 10, 6, 12, 8], [3, 11, 19, 23, 7, 15, 8, 10, 6, 18, 20, 22], [15, 3, 19, 11, 23, 7, 10, 6, 12, 8], [19, 3, 7, 23, 11, 15, 10, 6, 12, 8], [15, 23, 7, 3, 11, 19, 6, 10, 12, 8], [19, 11, 3, 23, 7, 15, 10, 6, 8, 18, 12, 20], [3, 15, 7, 23, 19, 11, 12, 6, 10, 8], [7, 19, 3, 15, 23, 11, 8, 10, 6, 18, 12, 20], [15, 19, 11, 23, 3, 7, 8, 10, 6, 18, 20, 22], [3, 11, 15, 7, 23, 19, 6, 10, 12, 8], [3, 23, 11, 15, 19, 7, 10, 6, 8, 18, 12, 20], [7, 23, 11, 15, 3, 19, 20], [11, 19, 7, 15, 3, 23, 10, 6, 12, 8], [11, 7, 3, 19, 15, 23, 10, 6, 12, 8], [15, 3, 11, 19, 23, 7, 12, 6, 10, 8], [19, 23, 7, 15, 11, 3, 8, 10, 6, 18, 12, 20], [23, 15, 19, 3, 11, 7, 6, 10, 8, 18, 12, 20], [11, 7, 15, 3, 23, 19, 18, 6, 20, 10, 8, 22], [11, 7, 3, 15, 19, 23, 5], [23, 3, 15, 7, 11, 19, 5], [7, 3, 23, 11, 15, 19, 18, 8, 6, 10, 20, 22], [19, 23, 7, 11, 15, 3, 10, 6, 12, 8], [19, 11, 7, 15, 3, 23, 6, 10, 8, 18, 20, 22], [15, 3, 19, 23, 7, 11, 6, 10, 12, 8], [15, 19, 11, 23, 7, 3, 6, 10, 8, 18, 12, 20], [15, 3, 23, 19, 11, 7, 6, 10, 12, 8], [19, 23, 3, 15, 7, 11, 8, 12, 6, 18, 10, 20], [23, 11, 19, 3, 15, 7, 12, 6, 10, 8], [23, 15, 7, 11, 19, 3, 6, 10, 12, 8], [7, 23, 11, 19, 15, 3, 12, 6, 10, 8], [19, 11, 7, 15, 23, 3, 8, 10, 6, 18, 20, 24, 22], [3, 11, 19, 15, 23, 7, 6, 10, 8, 18, 12, 20], [11, 23, 7, 3, 15, 19, 8, 10, 6, 18, 12, 20], [7, 3, 23, 15, 11, 19, 10, 6, 12, 8], [19, 23, 15, 3, 11, 7, 8, 10, 6, 18, 20, 22], [15, 11, 7, 3, 23, 19, 12, 6, 10, 8], [3, 11, 19, 15, 23, 7, 6, 10, 8, 18, 20, 22], [23, 7, 19, 3, 15, 11, 10, 6, 8, 18, 12, 20], [3, 7, 19, 23, 11, 15, 12, 6, 10, 8], [11, 19, 23, 7, 3, 15, 10, 6, 12, 8], [19, 15, 3, 23, 7, 11, 6, 10, 12, 8], [15, 3, 19, 7, 23, 11, 10, 6, 12, 8], [3, 19, 15, 11, 23, 7, 10, 6, 12, 8], [7, 3, 11, 15, 23, 19, 6, 10, 8, 18, 12, 20], [19, 11, 23, 7, 15, 3, 6, 10, 8, 18, 20, 22], [3, 19, 7, 15, 23, 11, 12, 6, 10, 8], [3, 11, 7, 19, 15, 23, 6, 10, 8, 18, 20, 22], [7, 23, 15, 3, 11, 19, 8, 10, 6, 18, 20, 22], [23, 19, 11, 7, 3, 15, 12, 6, 10, 8], [15, 3, 19, 11, 7, 23, 5], [23, 7, 19, 11, 15, 3, 8, 10, 6, 18, 20, 22], [19, 15, 23, 3, 11, 7, 6, 10, 12, 8], [23, 15, 19, 11, 3, 7, 6, 10, 12, 8], [19, 23, 15, 3, 11, 7, 6, 10, 12, 8], [3, 11, 23, 7, 19, 15, 12, 6, 10, 8], [19, 15, 7, 3, 23, 11, 10, 6, 12, 8], [7, 3, 19, 11, 15, 23, 10, 6, 8, 18, 12, 20], [23, 7, 19, 15, 11, 3, 10, 8, 6, 18, 20, 22], [23, 7, 19, 3, 11, 15, 10, 6, 8, 18, 12, 20], [23, 19, 7, 15, 11, 3, 12, 6, 10, 8], [3, 11, 15, 23, 19, 7, 10, 6, 8, 18, 12, 20], [23, 3, 19, 15, 11, 7, 8, 10, 6, 18, 12, 20], [7, 3, 11, 23, 19, 15, 6, 10, 12, 8], [7, 11, 3, 15, 23, 19, 6, 10, 8, 18, 12, 20], [7, 3, 11, 19, 15, 23, 10, 6, 8, 18, 12, 20], [7, 11, 23, 19, 15, 3, 8, 10, 6, 18, 20, 22], [11, 19, 3, 15, 7, 23, 6, 10, 12, 8], [3, 7, 23, 15, 11, 19, 5], [23, 7, 11, 19, 3, 15, 10, 6, 12, 8], [23, 11, 7, 3, 15, 19, 10, 6, 8, 18, 20, 22], [3, 15, 11, 23, 7, 19, 6, 10, 8, 18, 20, 22], [11, 7, 15, 19, 23, 3, 8, 10, 6, 18, 20, 22], [15, 7, 3, 23, 19, 11, 8, 10, 6, 18, 12, 20], [15, 11, 7, 19, 3, 23, 18, 6, 20, 10, 8, 22], [7, 11, 3, 19, 15, 23, 10, 6, 12, 8], [15, 19, 11, 3, 23, 7, 10, 6, 8, 18, 20, 22], [7, 3, 19, 23, 15, 11, 10, 6, 8, 18, 12, 20], [7, 11, 19, 3, 23, 15, 6, 10, 12, 8], [19, 11, 15, 7, 3, 23, 8, 10, 6, 18, 20, 22], [11, 19, 3, 23, 7, 15, 8, 10, 6, 18, 12, 20], [15, 23, 11, 7, 3, 19, 12, 6, 10, 8], [7, 11, 23, 15, 3, 19, 6, 10, 8, 18, 20, 22], [15, 7, 19, 3, 11, 23, 10, 6, 8, 18, 20, 22], [7, 11, 3, 15, 23, 19, 6, 10, 8, 18, 20, 22], [23, 11, 19, 7, 15, 3, 10, 6, 8, 18, 20, 22], [7, 15, 3, 19, 23, 11, 6, 10, 8, 18, 12, 20], [15, 23, 19, 11, 7, 3, 10, 6, 8, 18, 12, 20], [15, 23, 7, 11, 3, 19, 10, 6, 8, 18, 20, 22], [3, 7, 15, 19, 11, 23, 10, 6, 8, 18, 12, 20], [19, 3, 15, 23, 11, 7, 8, 10, 6, 18, 20, 22], [23, 7, 11, 15, 3, 19, 6, 10, 8, 18, 12, 20], [7, 23, 11, 15, 19, 3, 18, 6, 8, 10, 12, 20], [11, 15, 7, 3, 23, 19, 8, 10, 6, 18, 20, 22], [3, 15, 7, 11, 19, 23, 8, 10, 6, 18, 20, 22], [3, 23, 15, 19, 7, 11, 10, 6, 8, 18, 12, 20], [19, 15, 23, 11, 7, 3, 20], [15, 3, 11, 23, 19, 7, 8, 10, 6, 18, 12, 20], [23, 11, 3, 19, 7, 15, 10, 6, 8, 18, 12, 20], [23, 15, 11, 3, 19, 7, 6, 10, 8, 18, 12, 20], [3, 15, 7, 19, 23, 11, 10, 6, 8, 18, 20, 22], [23, 3, 11, 7, 15, 19, 10, 6, 8, 18, 20, 22], [15, 11, 7, 23, 3, 19, 10, 6, 8, 18, 20, 22], [15, 7, 11, 3, 19, 23, 12, 6, 10, 8], [3, 19, 23, 11, 15, 7, 10, 6, 12, 8], [15, 23, 7, 19, 11, 3, 12, 6, 10, 8], [3, 7, 23, 19, 15, 11, 20], [15, 7, 11, 19, 3, 23, 10, 6, 12, 8], [7, 23, 15, 3, 19, 11, 6, 10, 12, 8], [3, 15, 11, 7, 23, 19, 6, 10, 8, 18, 20, 22], [7, 11, 3, 23, 15, 19, 18, 6, 8, 10, 20, 22], [19, 3, 15, 7, 11, 23, 10, 6, 12, 8], [11, 3, 23, 15, 19, 7, 6, 10, 8, 18, 20, 22], [7, 15, 3, 23, 19, 11, 5], [11, 7, 23, 15, 3, 19, 18, 6, 20, 10, 8, 22], [3, 15, 19, 23, 11, 7, 6, 10, 12, 8], [7, 3, 23, 19, 11, 15, 10, 6, 8, 18, 12, 20], [11, 3, 15, 19, 7, 23, 10, 8, 6, 18, 20, 22], [11, 23, 7, 3, 15, 19, 10, 6, 12, 8], [23, 15, 11, 19, 7, 3, 10, 6, 12, 8], [11, 7, 3, 15, 19, 23, 10, 6, 12, 8], [11, 19, 15, 23, 7, 3, 20], [11, 19, 7, 23, 3, 15, 10, 6, 12, 8], [11, 23, 7, 19, 15, 3, 18, 6, 20, 10, 8, 22], [23, 15, 11, 3, 19, 7, 6, 10, 12, 8], [11, 3, 7, 23, 19, 15, 8, 10, 6, 18, 20, 22], [11, 19, 15, 7, 3, 23, 8, 10, 6, 18, 12, 20], [7, 11, 23, 3, 19, 15, 6, 10, 8, 18, 12, 20], [7, 3, 11, 15, 19, 23, 10, 6, 8, 18, 20, 22], [7, 11, 15, 23, 3, 19, 6, 10, 12, 8], [3, 23, 15, 11, 19, 7, 6, 10, 12, 8], [11, 19, 15, 3, 7, 23, 8, 10, 6, 18, 12, 20], [7, 3, 19, 11, 23, 15, 6, 10, 12, 8], [3, 15, 19, 7, 23, 11, 20], [11, 3, 19, 23, 7, 15, 6, 10, 12, 8], [11, 23, 3, 7, 15, 19, 10, 6, 8, 18, 20, 22], [3, 11, 15, 19, 7, 23, 10, 6, 12, 8], [3, 15, 11, 19, 7, 23, 10, 6, 12, 8], [3, 23, 15, 19, 7, 11, 10, 6, 8, 18, 12, 20], [19, 7, 11, 3, 15, 23, 10, 6, 8, 18, 20, 22], [11, 23, 7, 19, 15, 3, 6, 10, 12, 8], [3, 7, 15, 23, 11, 19, 8, 10, 6, 18, 20, 22], [19, 11, 3, 15, 7, 23, 18, 6, 8, 10, 20, 22], [19, 7, 15, 23, 11, 3, 20], [15, 23, 19, 3, 11, 7, 18, 6, 20, 10, 12, 8], [23, 11, 3, 7, 15, 19, 6, 10, 8, 18, 12, 20], [3, 15, 7, 19, 11, 23, 6, 10, 12, 8], [23, 19, 7, 15, 3, 11, 9, 20], [15, 23, 3, 7, 11, 19, 10, 6, 12, 8], [3, 23, 11, 7, 19, 15, 6, 10, 12, 8], [11, 3, 19, 15, 23, 7, 10, 6, 12, 8], [3, 7, 11, 19, 23, 15, 10, 6, 8, 18, 12, 20], [11, 7, 19, 15, 23, 3, 10, 6, 8, 18, 12, 20], [3, 11, 23, 15, 19, 7, 10, 6, 8, 18, 20, 22], [19, 11, 15, 3, 7, 23, 10, 6, 12, 8], [3, 23, 19, 15, 7, 11, 6, 10, 8, 18, 20, 22], [15, 3, 7, 23, 11, 19, 8, 10, 6, 18, 12, 20], [23, 11, 19, 15, 3, 7, 6, 10, 12, 8], [19, 7, 3, 23, 11, 15, 10, 6, 8, 18, 12, 20], [7, 15, 11, 19, 23, 3, 10, 6, 8, 18, 20, 22], [15, 7, 19, 11, 23, 3, 8, 10, 6, 18, 20, 22], [11, 3, 23, 7, 15, 19, 10, 6, 12, 8], [3, 7, 15, 23, 19, 11, 8, 10, 6, 18, 12, 20], [19, 7, 23, 15, 11, 3, 6, 10, 8, 18, 20, 22], [3, 11, 7, 15, 23, 19, 8, 10, 6, 18, 12, 20], [23, 7, 3, 11, 19, 15, 10, 6, 12, 8], [19, 15, 11, 23, 3, 7, 6, 10, 12, 8], [7, 11, 15, 23, 19, 3, 12, 6, 10, 8], [7, 11, 19, 15, 23, 3, 10, 6, 12, 8], [19, 3, 23, 7, 11, 15, 12, 6, 10, 8], [3, 23, 11, 15, 19, 7, 5], [3, 23, 7, 19, 11, 15, 12, 6, 10, 8], [11, 3, 19, 15, 7, 23, 10, 6, 12, 8], [3, 11, 19, 23, 7, 15, 9, 6, 18, 8, 22, 20], [3, 11, 15, 19, 7, 23, 6, 10, 12, 8], [11, 3, 7, 15, 23, 19, 10, 8, 6, 18, 12, 20], [11, 3, 15, 23, 7, 19, 10, 6, 12, 8], [7, 3, 15, 23, 19, 11, 8, 10, 6, 18, 20, 22], [3, 11, 15, 7, 23, 19, 8, 10, 6, 18, 12, 20], [23, 15, 3, 11, 7, 19, 10, 6, 8, 18, 20, 22], [19, 15, 3, 7, 23, 11, 6, 10, 8, 18, 20, 22], [3, 15, 19, 23, 7, 11, 8, 10, 6, 18, 12, 20], [19, 11, 3, 15, 23, 7, 6, 10, 12, 8], [15, 7, 3, 23, 19, 11, 10, 6, 8, 18, 12, 20], [11, 15, 23, 7, 3, 19, 6, 10, 12, 8], [7, 3, 23, 15, 11, 19, 10, 6, 8, 18, 12, 20], [7, 23, 3, 19, 11, 15, 10, 6, 12, 8], [23, 15, 19, 11, 7, 3, 10, 6, 12, 8], [7, 19, 3, 23, 15, 11, 10, 6, 12, 8], [23, 3, 7, 19, 11, 15, 6, 10, 12, 8], [11, 19, 23, 3, 15, 7, 6, 10, 8, 18, 20, 22], [15, 7, 23, 19, 3, 11, 12, 6, 10, 8], [15, 23, 19, 3, 7, 11, 6, 10, 12, 8], [15, 19, 7, 23, 11, 3, 10, 6, 8, 18, 12, 20], [15, 23, 19, 7, 3, 11, 10, 6, 12, 8], [7, 3, 11, 19, 23, 15, 12, 6, 10, 8], [7, 15, 11, 23, 3, 19, 12, 6, 10, 8], [11, 19, 3, 7, 15, 23, 6, 10, 8, 18, 12, 20], [19, 23, 7, 3, 15, 11, 6, 10, 12, 8], [7, 19, 23, 15, 3, 11, 10, 6, 12, 8], [3, 7, 19, 15, 23, 11, 10, 6, 12, 8], [7, 19, 3, 11, 23, 15, 6, 10, 8, 18, 20, 22], [23, 11, 7, 15, 19, 3, 8, 10, 6, 18, 20, 22], [3, 19, 15, 7, 11, 23, 10, 6, 12, 8], [19, 3, 15, 23, 7, 11, 10, 6, 12, 8], [23, 3, 19, 11, 7, 15, 12, 6, 10, 8], [11, 15, 23, 19, 7, 3, 12, 6, 10, 8], [11, 19, 7, 15, 3, 23, 6, 10, 8, 18, 20, 22], [7, 19, 3, 15, 11, 23, 12, 6, 10, 8], [23, 15, 3, 7, 19, 11, 6, 10, 12, 8], [15, 19, 3, 11, 23, 7, 5], [7, 19, 23, 11, 3, 15, 6, 10, 8, 18, 12, 20], [19, 11, 23, 3, 15, 7, 6, 10, 12, 8], [11, 19, 15, 23, 3, 7, 6, 10, 8, 18, 12, 20], [23, 7, 3, 15, 19, 11, 6, 10, 8, 18, 12, 20], [7, 3, 23, 15, 19, 11, 6, 10, 12, 8], [19, 3, 15, 11, 23, 7, 6, 10, 8, 18, 20, 22], [7, 19, 23, 3, 11, 15, 10, 6, 12, 8], [3, 11, 7, 19, 23, 15, 12, 6, 10, 8], [15, 11, 23, 19, 7, 3, 10, 6, 8, 18, 12, 20], [11, 15, 7, 3, 19, 23, 10, 6, 8, 18, 12, 20], [7, 3, 23, 19, 11, 15, 12, 6, 10, 8], [15, 3, 23, 11, 19, 7, 10, 6, 8, 18, 20, 22], [7, 15, 23, 3, 19, 11, 10, 6, 12, 8], [19, 3, 7, 15, 11, 23, 6, 10, 8, 18, 20, 22], [7, 19, 15, 23, 11, 3, 8, 10, 6, 18, 20, 22], [7, 15, 23, 19, 3, 11, 5], [7, 11, 3, 19, 23, 15, 8, 10, 6, 18, 12, 20], [23, 15, 11, 7, 19, 3, 6, 10, 8, 18, 20, 22], [23, 15, 3, 7, 19, 11, 10, 6, 8, 18, 20, 22], [19, 11, 15, 3, 7, 23, 8, 10, 6, 18, 12, 20], [3, 11, 19, 7, 15, 23, 6, 10, 12, 8], [23, 15, 11, 3, 7, 19, 8, 10, 6, 18, 12, 20], [7, 23, 19, 3, 11, 15, 6, 10, 8, 18, 12, 20], [15, 3, 23, 19, 11, 7, 6, 10, 12, 8], [19, 23, 15, 11, 7, 3, 10, 6, 12, 8], [7, 23, 11, 15, 19, 3, 12, 6, 10, 8], [15, 19, 7, 23, 11, 3, 6, 10, 8, 18, 12, 20], [19, 3, 23, 11, 15, 7, 17, 6, 10, 12, 8], [7, 23, 19, 3, 15, 11, 12, 6, 10, 8], [3, 23, 19, 11, 15, 7, 10, 6, 12, 8], [3, 15, 7, 11, 23, 19, 10, 6, 8, 18, 12, 20], [7, 15, 19, 11, 3, 23, 12, 6, 10, 8], [15, 23, 11, 3, 7, 19, 12, 6, 10, 8], [11, 15, 19, 3, 23, 7, 12, 6, 10, 8], [11, 7, 19, 3, 15, 23, 10, 6, 8, 18, 20, 22], [15, 11, 23, 3, 19, 7, 10, 6, 12, 8], [11, 23, 7, 3, 19, 15, 10, 6, 12, 8], [3, 23, 7, 11, 19, 15, 10, 6, 8, 18, 12, 20], [15, 3, 7, 19, 11, 23, 10, 6, 12, 8], [7, 11, 23, 3, 19, 15, 10, 6, 12, 8], [3, 11, 15, 19, 7, 23, 6, 10, 8, 18, 20, 22], [3, 19, 23, 15, 11, 7, 5], [15, 23, 3, 7, 11, 19, 5], [7, 11, 15, 3, 19, 23, 12, 6, 10, 8], [3, 15, 7, 11, 19, 23, 6, 10, 8, 18, 20, 22], [15, 7, 19, 11, 3, 23, 6, 10, 12, 8], [15, 7, 3, 11, 23, 19, 8, 10, 6, 18, 12, 20], [11, 7, 23, 15, 3, 19, 12, 6, 10, 8], [7, 19, 23, 3, 15, 11, 10, 6, 12, 8], [7, 11, 15, 23, 19, 3, 6, 10, 12, 8], [19, 15, 11, 7, 23, 3, 6, 10, 12, 8], [23, 19, 3, 11, 7, 15, 10, 6, 8, 18, 20, 22], [3, 19, 15, 7, 11, 23, 10, 6, 12, 8], [23, 15, 7, 19, 3, 11, 5], [3, 15, 23, 19, 7, 11, 6, 10, 8, 18, 20, 22], [23, 11, 15, 3, 19, 7, 6, 10, 12, 8], [19, 23, 7, 11, 3, 15, 10, 6, 8, 18, 12, 20], [15, 3, 19, 7, 23, 11, 12, 6, 10, 8], [7, 15, 23, 3, 11, 19, 8, 10, 6, 18, 20, 22], [19, 3, 15, 23, 11, 7, 18, 6, 8, 10, 12, 20], [15, 19, 11, 7, 3, 23, 8, 10, 6, 18, 12, 20], [11, 19, 7, 3, 15, 23, 12, 6, 10, 8], [19, 11, 7, 23, 15, 3, 6, 10, 12, 8], [23, 15, 11, 3, 19, 7, 10, 6, 12, 8], [15, 11, 23, 3, 19, 7, 6, 10, 8, 18, 12, 20], [3, 15, 23, 11, 19, 7, 12, 6, 10, 8], [15, 11, 19, 7, 23, 3, 10, 6, 8, 18, 12, 20], [19, 11, 3, 15, 23, 7, 18, 6, 20, 10, 12, 8], [23, 15, 19, 7, 11, 3, 8, 10, 6, 18, 12, 20], [15, 19, 7, 11, 23, 3, 12, 6, 10, 8], [15, 3, 11, 19, 23, 7, 6, 10, 12, 8], [19, 15, 11, 7, 23, 3, 10, 6, 8, 18, 20, 22], [7, 3, 23, 15, 19, 11, 12, 6, 10, 8], [23, 15, 3, 11, 19, 7, 6, 10, 12, 8], [3, 19, 15, 23, 11, 7, 8, 10, 6, 18, 12, 20], [11, 15, 23, 7, 19, 3, 8, 10, 6, 18, 12, 20], [3, 15, 19, 11, 23, 7, 6, 10, 8, 18, 20, 22], [11, 3, 23, 7, 19, 15, 10, 6, 12, 8], [19, 11, 23, 7, 3, 15, 10, 6, 12, 8], [3, 19, 11, 15, 23, 7, 6, 10, 8, 18, 20, 22], [23, 11, 7, 19, 15, 3, 10, 6, 8, 18, 12, 20], [3, 7, 19, 11, 15, 23, 8, 10, 6, 18, 20, 22], [23, 3, 19, 15, 11, 7, 12, 6, 10, 8], [11, 3, 19, 7, 23, 15, 6, 10, 12, 8], [15, 7, 19, 3, 23, 11, 6, 10, 8, 18, 20, 22], [3, 7, 19, 15, 23, 11, 22, 6, 24], [23, 7, 3, 11, 15, 19, 10, 6, 12, 8], [7, 3, 15, 23, 11, 19, 10, 6, 8, 18, 12, 20], [3, 11, 7, 19, 23, 15, 6, 10, 12, 8], [19, 23, 7, 3, 15, 11, 10, 6, 8, 18, 20, 22], [23, 11, 3, 7, 15, 19, 5], [3, 23, 7, 19, 11, 15, 6, 10, 8, 18, 12, 20], [23, 11, 7, 15, 19, 3, 10, 6, 8, 18, 12, 20], [19, 3, 15, 7, 23, 11, 18, 6, 20, 10, 8, 22], [11, 23, 15, 19, 7, 3, 10, 6, 12, 8], [11, 23, 7, 15, 3, 19, 10, 6, 8, 18, 20, 22], [15, 7, 11, 3, 23, 19, 10, 6, 12, 8], [19, 15, 23, 11, 7, 3, 10, 6, 8, 18, 20, 22], [7, 23, 11, 3, 15, 19, 12, 6, 10, 8], [23, 19, 15, 3, 7, 11, 9, 8, 18, 6, 22, 20], [19, 7, 3, 15, 23, 11, 6, 10, 8, 18, 20, 22], [11, 15, 3, 7, 19, 23, 12, 6, 10, 8], [3, 11, 23, 7, 15, 19, 12, 6, 10, 8], [23, 15, 11, 19, 7, 3, 8, 10, 6, 18, 12, 20], [11, 15, 3, 19, 23, 7, 6, 10, 8, 18, 20, 22], [15, 19, 7, 3, 11, 23, 10, 6, 8, 18, 20, 22], [23, 7, 19, 11, 15, 3, 5], [23, 3, 15, 11, 7, 19, 10, 6, 12, 8], [11, 7, 19, 3, 15, 23, 10, 6, 8, 18, 20, 22], [3, 7, 19, 23, 15, 11, 10, 6, 12, 8], [7, 19, 11, 15, 23, 3, 10, 6, 12, 8], [15, 3, 7, 11, 23, 19, 6, 10, 12, 8], [7, 19, 23, 11, 3, 15, 18, 6, 20, 10, 12, 8], [15, 3, 11, 23, 19, 7, 18, 6, 8, 10, 12, 20], [19, 11, 15, 7, 3, 23, 18, 6, 20, 10, 12, 8], [23, 19, 15, 7, 3, 11, 8, 10, 6, 18, 20, 22], [23, 11, 3, 15, 7, 19, 6, 10, 8, 18, 12, 20], [11, 15, 7, 19, 23, 3, 10, 6, 8, 18, 20, 22], [11, 23, 15, 19, 7, 3, 6, 10, 8, 18, 12, 20], [7, 15, 3, 11, 19, 23, 12, 6, 10, 8], [3, 19, 11, 23, 7, 15, 6, 10, 8, 18, 12, 20], [7, 19, 11, 23, 15, 3, 6, 10, 12, 8], [19, 7, 15, 23, 3, 11, 10, 6, 8, 18, 20, 22], [19, 11, 23, 15, 3, 7, 18, 6, 8, 10, 20, 22], [19, 23, 15, 7, 11, 3, 18, 6, 8, 10, 12, 20], [11, 19, 15, 3, 7, 23, 6, 10, 8, 18, 12, 20], [7, 23, 3, 15, 11, 19, 6, 10, 12, 8], [23, 3, 19, 11, 15, 7, 12, 6, 10, 8], [7, 11, 15, 3, 23, 19, 12, 6, 10, 8], [3, 11, 7, 23, 19, 15, 12, 6, 10, 8], [11, 7, 3, 19, 23, 15, 12, 6, 10, 8], [19, 15, 11, 7, 23, 3, 12, 6, 10, 8], [23, 3, 15, 11, 7, 19, 10, 6, 12, 8], [19, 3, 7, 11, 15, 23, 10, 6, 8, 18, 12, 20], [19, 23, 7, 3, 11, 15, 6, 10, 12, 8], [19, 15, 3, 7, 11, 23, 6, 10, 12, 8], [15, 23, 3, 11, 7, 19, 6, 10, 8, 18, 20, 22], [3, 11, 7, 19, 15, 23, 6, 10, 12, 8], [15, 23, 7, 19, 3, 11, 12, 6, 10, 8], [19, 7, 11, 3, 15, 23, 6, 10, 12, 8], [23, 19, 15, 11, 3, 7, 9, 5], [15, 7, 23, 11, 3, 19, 12, 6, 10, 8], [19, 23, 7, 11, 3, 15, 6, 10, 12, 8], [15, 23, 3, 19, 7, 11, 10, 6, 8, 18, 12, 20], [23, 7, 3, 11, 15, 19, 12, 6, 10, 8], [23, 11, 19, 7, 15, 3, 6, 10, 12, 8], [3, 15, 19, 23, 11, 7, 10, 6, 8, 18, 20, 22], [23, 11, 19, 3, 7, 15, 8, 10, 6, 18, 20, 22], [23, 7, 19, 11, 15, 3, 9, 8, 18, 6, 22, 20], [3, 23, 15, 7, 19, 11, 6, 10, 12, 8], [7, 11, 15, 3, 23, 19, 12, 6, 10, 8], [19, 3, 15, 7, 11, 23, 17, 8, 10, 6, 22, 12, 24], [15, 11, 3, 23, 19, 7, 6, 10, 12, 8], [23, 7, 19, 3, 11, 15, 8, 10, 6, 18, 12, 20], [23, 11, 7, 15, 19, 3, 12, 6, 10, 8], [7, 3, 15, 23, 11, 19, 8, 10, 6, 18, 12, 20], [19, 23, 7, 3, 15, 11, 5], [23, 19, 15, 3, 7, 11, 6, 10, 12, 8], [11, 23, 15, 19, 7, 3, 6, 10, 12, 8], [19, 11, 7, 3, 23, 15, 6, 10, 8, 18, 20, 22], [3, 11, 19, 7, 23, 15, 20], [23, 15, 19, 7, 3, 11, 6, 10, 12, 8], [7, 19, 23, 3, 11, 15, 12, 6, 10, 8], [11, 15, 7, 19, 3, 23, 18, 6, 20, 10, 8, 22], [23, 7, 15, 3, 11, 19, 6, 10, 8, 18, 12, 20], [15, 23, 3, 7, 19, 11, 10, 6, 8, 18, 12, 20], [23, 3, 7, 15, 19, 11, 6, 10, 12, 8], [23, 19, 15, 11, 7, 3, 6, 10, 8, 18, 20, 22], [23, 3, 19, 7, 11, 15, 10, 6, 8, 18, 20, 22], [11, 3, 19, 15, 7, 23, 10, 6, 12, 8], [7, 11, 19, 3, 15, 23, 12, 6, 10, 8], [3, 15, 19, 7, 23, 11, 6, 10, 12, 8], [23, 7, 11, 19, 3, 15, 10, 6, 12, 8], [11, 23, 15, 19, 3, 7, 10, 6, 12, 8], [7, 23, 19, 15, 3, 11, 6, 10, 8, 18, 20, 22], [3, 7, 19, 23, 15, 11, 6, 10, 8, 18, 12, 20], [23, 7, 11, 19, 3, 15, 8, 10, 6, 18, 12, 20], [11, 15, 23, 3, 7, 19, 12, 6, 10, 8], [7, 11, 19, 3, 15, 23, 6, 10, 12, 8], [15, 3, 23, 11, 7, 19, 12, 6, 10, 8], [15, 23, 11, 3, 19, 7, 10, 6, 8, 18, 12, 20], [15, 3, 7, 23, 11, 19, 9, 18, 6, 20, 22, 24], [19, 7, 15, 23, 3, 11, 10, 6, 8, 18, 20, 22], [11, 19, 23, 7, 3, 15, 10, 6, 8, 18, 20, 22], [3, 15, 11, 19, 7, 23, 18, 8, 6, 10, 12, 20], [15, 23, 19, 11, 7, 3, 6, 10, 12, 8], [7, 15, 19, 23, 3, 11, 6, 10, 8, 18, 20, 22], [19, 15, 7, 23, 3, 11, 8, 10, 6, 18, 12, 20], [23, 7, 3, 15, 19, 11, 10, 6, 12, 8], [3, 23, 19, 7, 11, 15, 12, 8, 6, 18, 10, 20], [19, 7, 15, 3, 23, 11, 5], [15, 19, 3, 7, 11, 23, 6, 10, 8, 18, 12, 20], [23, 3, 7, 11, 19, 15, 12, 6, 10, 8], [3, 19, 23, 7, 15, 11, 6, 10, 8, 18, 20, 22], [3, 23, 7, 11, 15, 19, 10, 6, 12, 8], [7, 3, 23, 15, 11, 19, 8, 10, 6, 18, 12, 20], [7, 3, 19, 15, 23, 11, 10, 6, 8, 18, 20, 22], [3, 11, 23, 7, 19, 15, 6, 10, 8, 18, 20, 22], [11, 23, 15, 3, 7, 19, 5], [19, 7, 11, 15, 3, 23, 10, 6, 12, 8], [7, 3, 11, 15, 19, 23, 10, 6, 12, 8], [11, 15, 23, 19, 7, 3, 8, 10, 6, 18, 20, 22], [3, 11, 23, 7, 19, 15, 6, 10, 12, 8], [3, 23, 15, 7, 11, 19, 6, 10, 8, 18, 20, 22], [15, 23, 19, 11, 3, 7, 9, 18, 6, 20, 22, 8], [11, 7, 19, 3, 23, 15, 8, 10, 6, 18, 12, 20], [7, 11, 19, 23, 15, 3, 6, 10, 8, 18, 12, 20], [3, 15, 7, 11, 19, 23, 6, 10, 8, 18, 12, 20], [3, 15, 19, 23, 7, 11, 6, 10, 12, 8], [7, 23, 19, 15, 11, 3, 6, 10, 12, 8], [19, 7, 23, 3, 11, 15, 10, 6, 12, 8], [15, 19, 3, 11, 7, 23, 6, 10, 8, 18, 20, 22], [11, 15, 19, 3, 7, 23, 5], [19, 3, 15, 11, 7, 23, 6, 10, 8, 18, 20, 22], [23, 19, 7, 11, 3, 15, 6, 10, 8, 18, 12, 20], [3, 19, 23, 15, 7, 11, 8, 10, 6, 18, 20, 22], [23, 19, 15, 11, 3, 7, 10, 6, 8, 18, 12, 20], [15, 11, 23, 7, 3, 19, 10, 6, 8, 18, 12, 20], [19, 11, 3, 15, 23, 7, 10, 6, 12, 8], [23, 11, 7, 15, 3, 19, 17, 12, 6, 10, 8], [7, 11, 23, 3, 19, 15, 10, 6, 12, 8], [19, 11, 3, 15, 7, 23, 6, 10, 12, 8], [3, 7, 15, 23, 19, 11, 6, 10, 8, 18, 20, 22], [19, 23, 15, 11, 7, 3, 10, 6, 12, 8], [11, 7, 23, 15, 19, 3, 10, 6, 12, 8], [23, 7, 11, 19, 3, 15, 10, 6, 8, 18, 20, 22], [3, 15, 23, 7, 11, 19, 6, 10, 8, 18, 12, 20], [23, 15, 19, 11, 3, 7, 10, 6, 8, 18, 12, 20], [19, 15, 23, 3, 11, 7, 10, 6, 8, 18, 12, 20], [3, 11, 23, 7, 19, 15, 8, 10, 6, 18, 20, 22], [19, 7, 15, 23, 11, 3, 20], [23, 7, 19, 3, 11, 15, 10, 6, 12, 8], [15, 7, 19, 23, 3, 11, 10, 6, 12, 8], [19, 3, 7, 23, 15, 11, 8, 10, 6, 18, 20, 22], [3, 7, 15, 11, 23, 19, 6, 12, 10, 8], [7, 15, 11, 23, 19, 3, 6, 10, 8, 18, 12, 20], [19, 23, 7, 11, 3, 15, 12, 6, 10, 8], [7, 23, 15, 19, 11, 3, 10, 6, 8, 18, 20, 22], [23, 7, 15, 19, 11, 3, 6, 10, 8, 18, 20, 22], [3, 19, 7, 23, 11, 15, 6, 10, 12, 8], [19, 15, 7, 11, 23, 3, 6, 10, 12, 8], [7, 11, 19, 3, 23, 15, 6, 10, 8, 18, 20, 22], [19, 11, 7, 15, 3, 23, 12, 6, 10, 8], [15, 19, 23, 3, 11, 7, 8, 10, 6, 18, 12, 20], [15, 19, 7, 3, 23, 11, 6, 10, 8, 18, 20, 22], [11, 7, 3, 19, 15, 23, 12, 6, 10, 8], [3, 11, 7, 19, 23, 15, 10, 6, 12, 8], [23, 15, 3, 11, 19, 7, 10, 6, 8, 18, 12, 20], [11, 7, 23, 15, 19, 3, 12, 6, 10, 8], [23, 11, 3, 7, 19, 15, 18, 6, 8, 10, 12, 20], [19, 7, 11, 15, 23, 3, 12, 6, 10, 8], [19, 3, 7, 11, 15, 23, 6, 10, 12, 8], [15, 7, 19, 11, 23, 3, 10, 6, 12, 8], [15, 7, 11, 3, 23, 19, 9, 6, 18, 8, 22, 20], [3, 11, 19, 15, 7, 23, 6, 10, 8, 18, 12, 20], [15, 3, 7, 23, 11, 19, 10, 6, 12, 8], [3, 23, 19, 7, 15, 11, 6, 10, 12, 8], [7, 19, 15, 11, 3, 23, 6, 10, 8, 18, 20, 22], [15, 19, 11, 7, 3, 23, 12, 6, 10, 8], [19, 3, 11, 23, 7, 15, 6, 10, 8, 18, 20, 22], [3, 19, 11, 7, 15, 23, 9, 20], [11, 3, 23, 7, 19, 15, 8, 10, 6, 18, 20, 22], [3, 19, 11, 15, 7, 23, 6, 10, 8, 18, 12, 20], [23, 7, 3, 19, 15, 11, 8, 10, 6, 18, 12, 20], [3, 23, 7, 11, 15, 19, 6, 10, 12, 8], [23, 15, 11, 3, 19, 7, 6, 10, 12, 8], [19, 23, 3, 15, 11, 7, 12, 6, 10, 8], [19, 15, 23, 7, 3, 11, 8, 10, 6, 18, 12, 20], [7, 19, 3, 23, 15, 11, 6, 10, 8, 18, 20, 22], [3, 23, 15, 7, 19, 11, 20], [15, 7, 23, 11, 19, 3, 6, 10, 8, 18, 12, 20], [19, 7, 11, 23, 15, 3, 10, 6, 12, 8], [19, 23, 3, 15, 7, 11, 10, 6, 12, 8], [3, 11, 19, 7, 15, 23, 10, 6, 8, 18, 12, 20], [19, 7, 3, 15, 23, 11, 8, 12, 10, 6], [23, 3, 15, 19, 7, 11, 10, 6, 12, 8], [23, 11, 3, 19, 15, 7, 10, 6, 8, 18, 12, 20], [3, 23, 11, 15, 19, 7, 10, 6, 8, 18, 20, 22], [11, 15, 23, 19, 3, 7, 6, 10, 8, 18, 12, 20], [7, 11, 15, 23, 3, 19, 10, 6, 12, 8], [3, 7, 11, 23, 15, 19, 10, 6, 12, 8], [3, 23, 11, 15, 7, 19, 9, 8, 18, 6, 22, 24], [19, 7, 3, 11, 23, 15, 12, 6, 10, 8], [11, 3, 19, 7, 23, 15, 6, 10, 8, 18, 12, 20], [11, 23, 3, 19, 7, 15, 6, 10, 8, 18, 12, 20], [11, 19, 23, 7, 3, 15, 12, 6, 10, 8], [3, 15, 11, 23, 19, 7, 9, 20], [11, 15, 7, 19, 23, 3, 6, 10, 12, 8], [11, 19, 7, 23, 3, 15, 10, 6, 12, 8], [23, 15, 11, 19, 3, 7, 6, 10, 12, 8], [15, 7, 19, 3, 11, 23, 10, 6, 8, 18, 20, 22], [19, 23, 15, 7, 11, 3, 10, 6, 12, 8], [7, 23, 3, 19, 15, 11, 10, 6, 8, 18, 12, 20], [3, 11, 15, 23, 7, 19, 8, 10, 6, 18, 20, 22], [15, 11, 7, 19, 23, 3, 10, 6, 12, 8], [3, 19, 7, 15, 23, 11, 8, 10, 6, 18, 20, 22], [19, 3, 11, 23, 7, 15, 8, 10, 6, 18, 12, 20], [19, 15, 11, 3, 7, 23, 12, 6, 10, 8], [3, 19, 11, 7, 23, 15, 6, 10, 8, 18, 12, 20], [23, 7, 3, 19, 11, 15, 9, 6, 18, 8, 22, 20], [7, 15, 23, 3, 11, 19, 8, 10, 6, 18, 20, 22], [19, 11, 7, 3, 23, 15, 6, 10, 8, 18, 12, 20], [3, 7, 15, 23, 11, 19, 6, 10, 12, 8], [3, 23, 15, 11, 19, 7, 6, 10, 12, 8], [15, 3, 11, 19, 23, 7, 9, 18, 6, 8, 22, 20], [7, 23, 15, 3, 11, 19, 6, 10, 12, 8], [15, 7, 3, 11, 23, 19, 12, 6, 10, 8], [23, 19, 15, 11, 3, 7, 6, 10, 8, 18, 12, 20], [23, 11, 15, 19, 7, 3, 10, 6, 8, 18, 20, 22], [19, 23, 3, 7, 11, 15, 10, 6, 8, 18, 20, 22], [19, 23, 15, 3, 11, 7, 8, 10, 6, 18, 12, 20], [7, 11, 3, 19, 23, 15, 10, 6, 8, 18, 20, 22], [11, 19, 15, 23, 3, 7, 6, 10, 8, 18, 20, 22], [3, 19, 23, 11, 15, 7, 12, 6, 10, 8], [19, 7, 11, 23, 3, 15, 6, 10, 12, 8], [15, 23, 19, 7, 11, 3, 10, 6, 12, 8], [11, 23, 3, 19, 15, 7, 5], [19, 7, 15, 3, 23, 11, 9, 8, 18, 6, 22, 24], [19, 7, 15, 11, 23, 3, 8, 10, 6, 18, 20, 22], [3, 15, 19, 23, 11, 7, 10, 6, 12, 8], [15, 19, 23, 3, 7, 11, 6, 10, 12, 8], [11, 15, 19, 7, 3, 23, 6, 10, 8, 18, 12, 20], [3, 19, 11, 15, 23, 7, 10, 6, 8, 18, 12, 20], [15, 7, 23, 11, 19, 3, 10, 6, 8, 18, 12, 20], [3, 23, 7, 11, 19, 15, 6, 10, 12, 8], [15, 19, 23, 3, 7, 11, 12, 8, 6, 18, 10, 20], [3, 23, 19, 11, 7, 15, 6, 10, 12, 8], [23, 3, 7, 11, 19, 15, 9, 18, 6, 20, 22, 8], [3, 23, 7, 11, 19, 15, 6, 10, 8, 18, 20, 22], [23, 11, 19, 15, 3, 7, 10, 6, 8, 18, 20, 22], [23, 7, 19, 3, 11, 15, 6, 10, 12, 8], [23, 3, 19, 7, 11, 15, 10, 6, 8, 18, 20, 22], [15, 23, 7, 19, 11, 3, 17, 6, 10, 8, 22, 24], [19, 15, 11, 3, 7, 23, 8, 10, 6, 18, 12, 20], [19, 23, 7, 11, 3, 15, 6, 10, 12, 8], [23, 7, 19, 15, 3, 11, 10, 6, 8, 18, 20, 22], [23, 15, 7, 3, 19, 11, 10, 6, 12, 8], [7, 15, 3, 23, 11, 19, 6, 10, 12, 8], [7, 3, 23, 11, 19, 15, 6, 10, 8, 18, 20, 22], [23, 19, 3, 11, 7, 15, 12, 6, 10, 8], [15, 19, 11, 3, 23, 7, 20], [23, 15, 3, 11, 7, 19, 8, 10, 6, 18, 12, 20], [11, 15, 3, 19, 23, 7, 10, 6, 12, 8], [11, 3, 19, 15, 23, 7, 6, 10, 8, 18, 12, 20], [3, 15, 19, 7, 23, 11, 6, 10, 12, 8], [15, 3, 23, 11, 7, 19, 12, 6, 10, 8], [7, 19, 11, 3, 23, 15, 10, 6, 12, 8], [19, 15, 3, 11, 23, 7, 6, 10, 12, 8], [15, 7, 23, 3, 19, 11, 20], [23, 19, 11, 15, 7, 3, 10, 6, 8, 18, 20, 22], [3, 15, 11, 19, 23, 7, 6, 10, 12, 8], [11, 23, 7, 15, 19, 3, 6, 10, 8, 18, 20, 22], [15, 3, 11, 7, 19, 23, 10, 6, 8, 18, 20, 22], [23, 19, 3, 7, 11, 15, 8, 10, 6, 18, 20, 22], [11, 19, 23, 3, 7, 15, 20], [11, 19, 23, 15, 7, 3, 10, 6, 12, 8], [23, 11, 7, 15, 3, 19, 8, 10, 6, 18, 12, 20], [15, 7, 19, 23, 3, 11, 12, 6, 10, 8], [15, 3, 23, 19, 7, 11, 8, 10, 6, 18, 12, 20], [15, 19, 11, 23, 7, 3, 8, 10, 6, 18, 20, 22], [15, 3, 11, 7, 23, 19, 8, 10, 6, 18, 20, 22], [23, 3, 11, 19, 7, 15, 6, 10, 8, 18, 12, 20], [7, 3, 15, 11, 19, 23, 10, 6, 12, 8], [3, 19, 11, 7, 15, 23, 10, 6, 12, 8], [7, 11, 19, 15, 23, 3, 6, 10, 12, 8], [11, 23, 15, 7, 19, 3, 10, 6, 8, 18, 20, 22], [11, 23, 3, 7, 19, 15, 10, 6, 12, 8], [23, 3, 19, 15, 11, 7, 8, 10, 6, 18, 20, 22], [15, 11, 3, 19, 23, 7, 10, 6, 8, 18, 12, 20], [23, 15, 19, 7, 3, 11, 10, 6, 12, 8], [23, 15, 11, 19, 7, 3, 10, 6, 8, 18, 12, 20], [23, 19, 15, 11, 7, 3, 10, 6, 8, 18, 12, 20], [7, 15, 3, 11, 19, 23, 20], [23, 15, 19, 7, 3, 11, 18, 6, 8, 10, 12, 20], [19, 15, 11, 7, 3, 23, 12, 6, 10, 8], [23, 7, 19, 11, 3, 15, 12, 6, 10, 8], [23, 3, 7, 15, 19, 11, 6, 10, 8, 18, 12, 20], [15, 11, 19, 3, 7, 23, 12, 6, 10, 8], [15, 19, 23, 11, 3, 7, 6, 10, 8, 18, 12, 20], [15, 19, 3, 7, 23, 11, 6, 10, 12, 8], [15, 23, 3, 19, 11, 7, 10, 6, 12, 8], [23, 15, 11, 19, 3, 7, 12, 6, 10, 8], [3, 19, 15, 23, 11, 7, 17, 10, 6, 8, 22, 12, 24], [7, 23, 15, 3, 11, 19, 12, 6, 10, 8], [23, 15, 3, 7, 11, 19, 10, 6, 8, 18, 12, 20], [19, 3, 15, 7, 23, 11, 9, 18, 6, 8, 22, 20], [7, 11, 3, 23, 15, 19, 6, 10, 8, 18, 20, 22], [23, 15, 19, 3, 7, 11, 10, 6, 12, 8], [7, 19, 3, 11, 23, 15, 10, 6, 12, 8], [11, 3, 7, 15, 19, 23, 6, 10, 8, 18, 20, 22], [7, 19, 3, 15, 11, 23, 6, 10, 8, 18, 20, 22], [7, 3, 23, 15, 19, 11, 10, 6, 12, 8], [7, 15, 23, 3, 11, 19, 18, 6, 8, 10, 20, 22], [15, 3, 19, 23, 11, 7, 10, 6, 12, 8], [11, 15, 19, 23, 3, 7, 8, 10, 6, 18, 20, 22], [7, 15, 11, 19, 3, 23, 8, 10, 6, 18, 20, 22], [11, 15, 7, 3, 19, 23, 18, 6, 8, 10, 12, 20], [23, 19, 7, 3, 15, 11, 6, 12, 10, 8], [3, 11, 23, 7, 19, 15, 18, 6, 20, 10, 8, 22], [23, 11, 15, 19, 7, 3, 10, 6, 8, 18, 20, 22], [7, 11, 3, 23, 15, 19, 8, 10, 6, 18, 12, 20], [11, 3, 23, 15, 7, 19, 6, 10, 12, 8], [3, 19, 23, 15, 11, 7, 10, 6, 8, 18, 20, 22], [23, 19, 3, 11, 15, 7, 6, 10, 12, 8], [19, 11, 23, 3, 15, 7, 6, 10, 12, 8], [11, 19, 23, 7, 3, 15, 9, 18, 6, 8, 22, 24], [23, 11, 19, 7, 15, 3, 6, 10, 8, 18, 12, 20], [19, 7, 23, 3, 15, 11, 10, 6, 8, 18, 20, 22], [19, 23, 3, 7, 11, 15, 6, 10, 12, 8], [3, 11, 19, 23, 7, 15, 6, 10, 8, 18, 12, 20], [11, 19, 15, 3, 23, 7, 6, 10, 8, 18, 20, 22], [23, 11, 19, 7, 3, 15, 6, 10, 12, 8], [3, 11, 15, 7, 23, 19, 10, 6, 8, 18, 20, 22], [3, 7, 11, 15, 19, 23, 6, 10, 8, 18, 20, 22], [7, 3, 15, 19, 23, 11, 18, 6, 8, 10, 20, 22], [3, 19, 7, 15, 11, 23, 6, 10, 12, 8], [19, 15, 3, 7, 11, 23, 6, 10, 12, 8], [19, 7, 3, 23, 15, 11, 10, 6, 8, 18, 20, 22], [11, 19, 23, 15, 3, 7, 10, 6, 12, 8], [11, 7, 23, 3, 19, 15, 8, 10, 6, 18, 12, 20], [15, 3, 23, 11, 19, 7, 10, 6, 12, 8], [3, 15, 11, 23, 7, 19, 10, 6, 12, 8], [7, 11, 19, 23, 3, 15, 10, 6, 12, 8], [11, 23, 7, 19, 3, 15, 10, 6, 8, 18, 20, 22], [23, 7, 19, 15, 11, 3, 6, 10, 12, 8], [15, 3, 7, 11, 23, 19, 12, 6, 10, 8], [7, 23, 11, 15, 19, 3, 10, 6, 12, 8], [3, 19, 23, 15, 7, 11, 8, 10, 6, 18, 20, 22], [7, 19, 3, 11, 23, 15, 8, 10, 6, 18, 20, 22], [7, 15, 3, 19, 11, 23, 6, 10, 12, 8], [15, 19, 11, 7, 3, 23, 6, 10, 12, 8], [15, 11, 3, 19, 7, 23, 6, 10, 12, 8], [23, 3, 19, 7, 11, 15, 10, 8, 6, 18, 12, 20], [15, 23, 3, 11, 19, 7, 8, 10, 6, 18, 12, 20], [15, 11, 23, 19, 7, 3, 10, 8, 6, 18, 20, 22], [15, 19, 7, 11, 3, 23, 10, 6, 8, 18, 20, 22], [19, 7, 3, 15, 23, 11, 8, 10, 6, 18, 12, 20], [19, 23, 3, 7, 15, 11, 6, 10, 12, 8], [7, 23, 15, 3, 19, 11, 9, 6, 18, 20, 22, 24], [19, 3, 11, 23, 15, 7, 10, 8, 6, 18, 20, 22], [11, 23, 3, 7, 19, 15, 6, 10, 12, 8], [15, 19, 7, 11, 3, 23, 10, 6, 8, 18, 20, 22], [19, 11, 23, 3, 15, 7, 10, 6, 8, 18, 20, 22], [3, 19, 23, 7, 15, 11, 10, 6, 8, 18, 20, 22], [19, 11, 15, 23, 7, 3, 9, 6, 18, 20, 22, 24], [19, 7, 11, 15, 3, 23, 6, 10, 12, 8], [23, 19, 7, 15, 3, 11, 10, 6, 8, 18, 12, 20], [23, 19, 15, 11, 3, 7, 10, 6, 8, 18, 12, 20], [23, 15, 7, 3, 19, 11, 10, 6, 8, 18, 20, 22], [19, 15, 7, 3, 11, 23, 8, 10, 6, 18, 20, 22], [15, 11, 23, 19, 3, 7, 10, 6, 8, 18, 12, 20], [19, 15, 23, 3, 7, 11, 8, 10, 6, 18, 20, 22], [11, 23, 19, 7, 3, 15, 12, 6, 10, 8], [3, 11, 15, 19, 7, 23, 10, 6, 12, 8], [15, 7, 3, 11, 23, 19, 12, 6, 10, 8], [15, 3, 11, 19, 7, 23, 6, 10, 12, 8], [7, 15, 23, 19, 11, 3, 18, 8, 6, 10, 12, 20], [19, 23, 11, 7, 3, 15, 8, 10, 6, 18, 20, 22], [23, 3, 15, 7, 1