{"problem_id":"pvGuxwjvCLZF4WG","sigma":150,"alpha":10.000,"cost":0,"probabilities":"[0.23, 0.4, 0.16, 0.21]","payoff_matrix":"[[-96, -202, -110, -294, 188, -324], [105, 173, 188, -161, -62, -8], [-193, 49, -198, 88, 73, 37], [-138, -172, 69, -155, -97, 148]]","uncovered":[[18,22,10,2,9,1,6,5,14,12,8,4,21,17,20,13,19,11,3,7,24,15,23,16],[18,6,10,9,5,2,1,14,22,8,4,21,17,12,20,15,13,7,11,19,3,24,23],[18,2,14,22,6,1,10,9,5,8,12,4,21,17,20,16,15,7,19,11,3,23,24,13],[18,6,14,2,1,10,5,22,9,8,4,21,17,12,20,13,19,11,3,7,15,16,23,24],[14,6,10,5,2,1,18,22,9,8,4,21,17,12,20,15,19,11,3,16,7,13,23,24],[22,2,6,5,14,10,9,1,18,8,4,21,17,12,20,3,15,19,11,13,7,24,23],[18,2,14,6,1,10,9,5,22,8,12,4,21,17,20,13,23,19,11,3,7,24,16,15],[6,18,10,5,22,14,2,1,9,12,8,4,21,17,20,19,11,3,7,15,16,23,13,24],[18,10,22,6,5,14,2,9,1,8,12,4,21,20,23,16,11,3,17,19,7,15,24],[14,18,22,6,2,1,10,5,9,8,12,4,21,20,15,13,17,11,19,3,7,24],[2,18,10,9,1,6,5,14,22,12,8,4,21,17,20,15,16,19,11,3,7,24],[2,22,10,9,1,6,5,14,18,12,8,4,21,20,23,15,13,17,7,11,19,3,24],[18,14,22,10,2,1,6,9,5,8,4,21,17,12,20,13,19,11,3,7,23,15,24,16],[22,18,2,10,9,1,14,6,5,12,8,4,21,20,11,3,7,17,19,15,13,24,16,23],[6,2,5,10,1,18,22,14,9,12,8,4,21,17,20,16,11,19,3,7,15,23],[10,6,5,22,14,2,9,1,18,8,12,4,21,17,20,7,11,19,3,13,23,24,15,16],[14,10,6,5,18,2,9,1,22,8,12,4,21,17,20,13,16,19,11,3,7],[10,14,18,22,6,9,5,2,1,8,12,4,21,17,20,11,19,3,15,13,7,24,23,16],[6,22,2,1,18,10,5,14,9,12,8,4,21,17,20,13,19,11,3,7,23,15],[6,22,10,5,2,9,1,18,14,8,4,21,17,20,12,16,24,19,11,3,7,15,23,13],[10,22,2,9,1,18,14,6,5,8,4,21,17,20,12,13,3,15,11,19,7,24,23],[14,18,10,22,2,9,1,6,5,8,4,21,17,12,20,15,13,11,19,3,7,16,24],[10,18,22,2,9,1,6,5,14,8,4,21,17,12,20,13,11,19,3,7,24,23,16],[6,14,2,1,22,18,10,5,9,8,12,4,21,17,20,15,19,11,3,13,7,23,24,16],[2,18,10,9,1,14,6,5,22,12,8,4,21,17,20,16,19,11,3,7,24,23,15],[22,6,14,10,9,5,18,2,1,8,12,4,21,17,20,11,19,3,7,13,23,15,24,16],[18,22,6,10,5,2,9,1,14,8,4,21,17,20,12,13,19,11,3,7,15,23],[14,6,2,5,22,18,10,1,9,8,12,4,21,17,20,16,15,11,19,3,7,24,13],[10,2,9,1,18,6,5,22,14,8,4,21,17,12,20,19,11,3,7,15,13,16,24,23],[2,22,6,1,14,18,10,5,9,8,4,21,17,12,20,15,13,19,11,3,7,23,24],[18,22,6,2,5,14,10,9,1,12,8,4,21,17,20,11,19,3,13,7,24,16],[14,18,2,22,6,1,10,5,9,12,8,4,21,17,20,24,16,11,19,3,7,23,15,13],[18,10,22,6,9,5,14,2,1,12,8,4,21,17,20,11,19,3,7,15,13,24,23],[18,10,6,5,2,9,1,14,22,12,8,4,21,17,20,13,19,11,3,7,24,16,15,23],[14,2,22,10,1,18,6,5,9,12,8,4,21,17,20,15,19,11,3,16,7,13,24],[10,2,9,1,18,22,14,6,5,8,12,4,21,20,15,7,13,19,17,11,3,16,24],[22,6,10,9,5,2,1,18,14,8,12,4,21,20,24,15,16,19,17,11,3,7,23,13],[2,10,1,22,14,18,6,5,9,8,12,4,21,20,13,3,15,17,16,11,19,7,24,23],[22,18,6,10,9,5,2,1,14,8,4,21,17,20,12,13,19,11,3,7,24,15,16,23],[18,2,6,1,22,10,9,5,14,12,8,4,21,19,17,20,13,11,3,7,15,23,24,16],[10,2,9,1,14,6,5,22,18,12,8,4,21,17,20,16,24,11,19,3,7,15,23,13],[2,18,22,14,6,1,10,5,9,12,8,4,21,17,20,16,15,11,19,3,7,24],[18,2,14,10,1,22,6,5,9,8,12,4,21,17,20,16,19,11,3,7,24],[18,10,22,6,5,14,2,1,9,8,4,21,17,20,12,15,23,16,3,19,11,7,13],[6,22,14,10,5,18,2,1,9,12,8,4,21,20,19,17,11,3,15,13,7,23,24,16],[10,6,9,5,18,2,1,22,14,8,12,4,21,17,20,19,11,3,7,13,23,24,16],[22,14,6,18,10,9,5,2,1,8,4,21,17,20,12,13,11,19,3,7],[14,22,6,18,10,5,2,1,9,12,8,4,21,19,17,20,11,3,13,7,23,15,16,24],[18,10,2,1,22,14,6,5,9,12,8,4,21,19,17,20,11,3,16,7,23,15,24,13],[10,6,9,5,2,1,18,22,14,12,8,4,21,20,15,13,7,17,19,11,3,16,23],[14,10,6,9,5,2,1,18,22,8,12,4,21,17,20,15,11,19,3,13,7,24],[2,6,5,14,10,1,18,22,9,12,8,4,21,20,13,16,3,19,24,17,11,7,23],[18,2,14,6,1,22,10,9,5,8,4,21,17,20,12,15,13,19,11,3,7,23],[2,14,18,10,1,22,6,5,9,12,8,4,21,20,7,13,17,11,19,3,23,15],[18,14,22,2,6,1,10,5,9,12,8,4,21,17,20,16,11,19,3,7,24,23,13,15],[18,10,2,9,1,14,22,6,5,8,12,4,21,20,17,3,15,19,11,13,7,16,23,24],[18,2,10,1,14,22,6,9,5,8,4,21,17,12,20,11,19,3,16,7,13,23,24],[2,10,9,1,6,5,14,18,22,12,8,4,21,17,20,15,19,11,3,13,7,24,16],[6,10,5,2,1,22,14,18,9,12,8,4,21,17,20,11,19,3,7,16,15],[14,6,22,2,1,18,10,9,5,12,8,4,21,17,20,15,13,11,19,3,7,23],[2,14,18,10,1,22,6,9,5,12,8,4,21,17,20,16,24,11,19,3,7,15,23,13],[6,18,22,2,1,14,10,5,9,12,8,4,21,19,17,20,11,3,13,7,23],[14,18,22,2,10,1,6,5,9,8,4,21,17,20,12,15,19,11,3,13,7,23,16],[18,2,10,9,1,22,14,6,5,8,12,4,21,19,17,20,11,3,15,13,7,24,23],[2,10,1,14,6,9,5,22,18,12,8,4,21,20,16,3,11,7,17,19,23,13,24],[14,10,18,2,1,22,6,9,5,8,4,21,17,12,20,15,16,11,19,3,7,24,23],[6,2,5,22,10,9,1,14,18,8,4,21,17,12,20,16,11,19,3,7,23,24],[22,14,6,18,10,5,2,9,1,12,8,4,21,17,20,13,19,11,3,7,15,16,23,24],[2,22,14,18,10,9,1,6,5,12,8,4,21,17,20,15,7,24,19,11,3,13,16],[10,22,2,9,1,14,18,6,5,12,8,4,21,20,19,13,17,11,3,7,24,16,23],[2,22,14,6,5,18,10,1,9,12,8,4,21,17,20,15,16,19,11,3,7,23],[2,6,5,10,1,14,22,18,9,12,8,4,21,20,16,19,17,11,3,7,24,23,13,15],[10,18,14,2,9,1,6,5,22,12,8,4,21,17,20,16,24,13,15,19,11,3,7,23],[10,22,18,14,2,1,6,9,5,12,8,4,21,17,20,13,16,11,19,3,7,24],[2,22,18,14,6,5,10,9,1,8,12,4,21,17,20,13,3,16,19,11,7,24,23,15],[18,14,6,2,5,10,9,1,22,8,12,4,21,19,17,20,11,3,7,13,16,15,23],[10,22,2,9,1,14,18,6,5,12,8,4,21,20,13,19,24,15,7,16,11,3,17,23],[18,14,22,2,6,1,10,9,5,12,8,4,21,17,20,13,11,19,3,7,24,16,15,23],[22,6,10,9,5,2,1,18,14,12,8,4,21,17,20,15,13,16,19,11,3,7,24],[14,10,2,1,6,5,18,22,9,12,8,4,21,17,20,13,11,19,3,7,23,15,16,24],[22,6,14,18,2,5,10,9,1,8,4,21,17,20,12,24,11,19,3,7,13,16,23,15],[18,6,14,2,5,10,9,1,22,8,4,21,17,12,20,13,11,19,3,7,16,23],[10,18,6,5,22,14,2,1,9,12,8,4,21,19,17,20,11,3,7,15,13,23,24,16],[2,6,1,14,22,10,9,5,18,12,8,4,21,17,20,15,19,11,3,13,7,16,23,24],[18,22,6,14,10,5,2,9,1,8,4,21,17,12,20,15,11,19,3,13,7,23,24,16],[14,22,10,6,9,5,18,2,1,12,8,4,21,20,16,17,7,19,11,3,24,13,15],[18,22,6,10,5,2,9,1,14,8,12,4,21,17,20,19,11,3,16,7,24,13,15,23],[6,14,10,5,2,1,18,22,9,8,12,4,21,17,20,3,16,19,11,7,23,24,15,13],[2,22,14,6,1,10,5,18,9,8,4,21,17,12,20,16,24,11,19,3,7,23],[18,10,6,5,14,2,9,1,22,12,8,4,21,17,20,16,3,15,13,19,11,7,24],[6,2,1,14,18,10,5,22,9,8,12,4,21,17,20,16,23,3,15,11,19,7,24,13],[18,10,14,22,2,9,1,6,5,8,12,4,21,20,16,17,11,19,3,7,13,23,24],[18,22,10,6,9,5,2,1,14,8,4,21,17,20,12,15,13,16,11,19,3,7,23,24],[14,18,10,6,9,5,2,1,22,8,4,21,17,12,20,16,24,3,19,11,7,15,23],[2,6,5,18,22,10,9,1,14,8,12,4,21,20,7,16,13,17,24,19,11,3,15],[2,6,5,10,1,18,22,14,9,8,4,21,17,12,20,11,19,3,15,13,7,23,24,16],[10,2,1,22,6,5,18,14,9,12,8,4,21,17,20,16,19,11,3,7,23,24],[22,14,18,2,10,1,6,5,9,12,8,4,21,17,20,13,24,19,11,3,7],[18,6,2,1,10,5,22,14,9,12,8,4,21,17,20,11,19,3,7,13],[2,6,1,22,18,14,10,9,5,12,8,4,21,17,20,19,11,3,7,16,13,24,23,15],[10,18,6,9,5,22,2,1,14,8,12,4,21,17,20,15,13,16,19,11,3,7,23],[22,14,2,18,6,5,10,1,9,12,8,4,21,17,20,7,15,16,11,19,3,13,23],[18,2,6,5,22,10,1,14,9,12,8,4,21,19,17,20,11,3,13,7,15],[18,10,14,22,6,9,5,2,1,12,8,4,21,20,16,19,23,17,11,3,7,24,13],[18,6,10,9,5,14,2,1,22,12,8,4,21,17,20,13,19,11,3,7,23],[10,18,2,9,1,6,5,22,14,12,8,4,21,17,20,16,19,11,3,7,23,15,24],[6,14,10,5,22,2,9,1,18,12,8,4,21,17,20,13,16,15,19,11,3,7,24,23],[18,10,14,22,2,9,1,6,5,12,8,4,21,20,13,19,17,11,3,7,16],[6,2,5,22,14,10,9,1,18,12,8,4,21,17,20,15,11,19,3,13,7,23,16],[10,18,14,6,5,22,2,9,1,12,8,4,21,17,20,24,15,13,16,3,19,11,7,23],[2,14,6,5,22,18,10,9,1,12,8,4,21,17,20,19,11,3,7,13],[6,10,5,2,9,1,14,22,18,12,8,4,21,17,20,16,19,11,3,7,23,15,24,13],[6,18,14,10,9,5,2,1,22,8,4,21,17,12,20,16,19,11,3,7,13,23],[18,22,14,2,10,9,1,6,5,8,4,21,17,12,20,13,11,19,3,7,15,24],[10,14,6,5,2,1,18,22,9,12,8,4,21,20,16,17,7,19,11,3,24,13,15],[6,18,22,2,5,10,9,1,14,8,12,4,21,17,20,13,15,23,11,19,3,7,24],[14,22,2,6,1,10,9,5,18,8,4,21,17,12,20,13,19,11,3,7,24,23],[18,14,22,2,6,5,10,1,9,8,12,4,21,17,20,19,11,3,13,7,23,24],[18,2,22,14,10,9,1,6,5,12,8,4,21,17,20,16,11,19,3,7,13,24,23,15],[18,22,10,2,1,14,6,9,5,12,8,4,21,19,17,20,11,3,13,7,24,23,16,15],[6,18,2,5,14,22,10,9,1,12,8,4,21,17,20,19,11,3,7,13,16,24,15],[10,14,22,6,5,18,2,9,1,12,8,4,21,19,17,20,11,3,7,13,23],[6,14,22,18,2,5,10,9,1,12,8,4,21,17,20,11,19,3,7,16,15,24,13],[18,22,6,2,1,14,10,9,5,8,4,21,17,12,20,16,3,11,19,7,15,23,24],[14,18,22,2,6,5,10,1,9,8,4,21,17,20,12,16,15,19,11,3,7,24,23,13],[10,6,9,5,18,22,2,1,14,12,8,4,21,19,17,20,11,3,7,13,24,15],[22,6,18,2,5,10,1,14,9,8,12,4,21,17,20,13,19,11,3,7,24],[2,14,18,22,6,1,10,9,5,8,4,21,17,12,20,16,19,11,3,7,24],[22,18,2,14,10,9,1,6,5,8,4,21,17,20,12,15,13,11,19,3,7,24,23],[10,18,14,22,2,1,6,5,9,8,12,4,21,20,13,11,3,17,19,7,15,24],[18,14,6,10,5,22,2,9,1,12,8,4,21,20,13,3,24,11,17,19,7],[10,22,14,18,2,1,6,9,5,12,8,4,21,17,20,13,19,11,3,7,24],[14,2,10,9,1,6,5,22,18,8,4,21,17,12,20,13,16,3,11,19,7,23],[22,18,10,6,9,5,2,1,14,8,12,4,21,17,20,13,19,11,3,7,23,16],[14,22,10,18,2,1,6,9,5,12,8,4,21,17,20,13,19,11,3,7,23,15],[6,10,9,5,18,2,1,22,14,8,4,21,17,12,20,19,11,3,15,13,7],[6,10,5,14,2,9,1,18,22,12,8,4,21,17,20,16,13,19,11,3,7,24,23],[10,22,6,5,2,1,14,18,9,8,4,21,17,20,12,16,3,15,23,19,11,7,13,24],[10,14,18,2,1,22,6,9,5,12,8,4,21,20,16,19,24,17,11,3,7,23,15,13],[22,6,18,14,10,5,2,1,9,8,4,21,17,12,20,15,11,19,3,13,7,23,24,16],[2,22,14,18,10,1,6,9,5,12,8,4,21,17,20,11,19,3,7,16,15,13,24,23],[2,14,10,1,6,5,22,18,9,8,4,21,17,20,12,15,7,13,11,19,3,24],[14,18,22,2,10,9,1,6,5,12,8,4,21,20,16,24,23,19,17,11,3,7,13],[14,18,2,22,10,9,1,6,5,12,8,4,21,17,20,13,11,19,3,7,23,24,16,15],[18,10,14,22,2,9,1,6,5,12,8,4,21,20,16,24,19,3,7,15,11,17,23],[18,10,2,1,14,22,6,5,9,12,8,4,21,20,17,11,19,3,7,13,15,23,24],[14,18,22,2,10,1,6,5,9,12,8,4,21,19,17,20,11,3,16,7],[14,22,2,18,6,1,10,5,9,8,4,21,17,20,12,16,24,7,19,11,3],[18,10,22,14,2,9,1,6,5,8,12,4,21,17,20,16,24,23,15,7,3,11,19,13],[10,2,9,1,14,22,18,6,5,12,8,4,21,17,20,13,7,19,11,3,24,15,16],[14,10,2,1,22,6,9,5,18,8,4,21,17,20,12,19,11,3,7,13],[2,14,6,5,22,18,10,9,1,8,4,21,17,20,12,15,19,11,3,13,7,23,24,16],[22,2,18,6,5,14,10,9,1,8,12,4,21,17,20,11,19,3,16,7,23,24,15],[10,2,9,1,6,5,18,22,14,8,12,4,21,19,17,20,11,3,7,13,23],[10,22,6,9,5,14,18,2,1,12,8,4,21,20,16,11,3,7,17,19,24,13,15],[6,22,18,14,10,5,2,9,1,8,12,4,21,20,13,17,19,11,3,7,16],[6,14,10,5,2,9,1,22,18,8,4,21,17,12,20,13,11,19,3,7,15,23,16,24],[18,14,2,10,9,1,6,5,22,8,12,4,21,17,20,13,24,3,19,11,7,23],[2,14,22,6,5,10,9,1,18,12,8,4,21,17,20,24,11,19,3,7,16],[14,22,18,2,10,9,1,6,5,12,8,4,21,17,20,11,19,3,16,7,13,24,23,15],[10,14,18,22,2,1,6,5,9,8,12,4,21,17,20,15,19,11,3,13,7,23,24,16],[10,6,5,22,2,9,1,14,18,8,4,21,17,20,12,16,3,19,11,7,15,13],[6,2,5,22,10,9,1,14,18,12,8,4,21,20,16,15,23,19,7,17,11,3,24],[10,22,2,1,6,5,18,14,9,12,8,4,21,19,17,20,11,3,7,15,13,23,24,16],[14,22,6,10,9,5,18,2,1,12,8,4,21,17,20,11,19,3,16,7,24,13,23,15],[2,10,1,6,9,5,18,14,22,12,8,4,21,20,13,17,15,7,11,19,3,24,16,23],[6,22,14,2,1,10,9,5,18,8,4,21,17,12,20,16,3,15,11,19,7,23,24,13],[14,18,6,10,5,2,9,1,22,12,8,4,21,17,20,13,15,19,11,3,7,24,23],[18,2,10,1,22,6,5,14,9,12,8,4,21,20,7,13,15,23,3,16,11,17,19,24],[6,22,10,5,2,1,18,14,9,12,8,4,21,17,20,13,7,16,19,11,3,23,24],[10,2,1,14,22,18,6,9,5,8,4,21,17,20,12,15,16,19,11,3,7,24,23],[2,10,1,22,6,5,18,14,9,8,4,21,17,20,12,13,23,3,19,11,7,24],[2,18,14,6,5,10,1,22,9,8,4,21,17,12,20,16,23,7,19,15,11,3,24],[22,2,10,9,1,14,18,6,5,8,4,21,17,20,12,15,24,16,19,11,3,7,23],[14,18,22,6,2,1,10,5,9,8,12,4,21,17,20,13,15,3,16,19,11,7,23,24],[22,14,2,18,10,9,1,6,5,12,8,4,21,19,17,20,11,3,7,13,23],[14,22,2,18,10,1,6,5,9,12,8,4,21,20,15,16,13,17,3,19,11,7,23],[14,10,18,2,1,6,5,22,9,12,8,4,21,17,20,15,23,16,11,19,3,7],[6,22,10,5,14,18,2,1,9,12,8,4,21,17,20,16,24,11,19,3,7,13],[14,2,10,9,1,22,6,5,18,8,4,21,17,12,20,15,3,13,24,11,19,7,16,23],[18,22,2,14,6,1,10,9,5,8,4,21,17,20,12,11,19,3,7,13,23,15,16,24],[10,2,1,6,9,5,18,22,14,12,8,4,21,20,13,23,17,15,3,7,16,19,11,24],[6,2,5,22,10,9,1,14,18,8,12,4,21,17,20,15,16,19,11,3,7,23],[14,2,22,10,1,18,6,9,5,12,8,4,21,17,20,15,19,11,3,16,7,24,13,23],[18,2,14,22,6,5,10,1,9,12,8,4,21,17,20,15,7,16,3,23,24,19,11,13],[6,2,5,10,1,22,18,14,9,12,8,4,21,17,20,13,3,7,11,19,24,15],[22,14,18,2,6,5,10,9,1,12,8,4,21,17,20,24,19,11,3,13,7,16,15,23],[14,2,18,22,6,5,10,1,9,8,12,4,21,19,17,20,11,3,7,15,13,24,16,23],[2,6,5,22,14,18,10,1,9,8,4,21,17,20,12,16,3,7,24,11,19],[6,22,10,5,18,2,9,1,14,8,4,21,17,20,12,7,13,19,11,3,23,16,24],[10,6,9,5,22,14,18,2,1,12,8,4,21,17,20,19,11,3,7,16,13,23,24],[2,10,1,18,14,22,6,9,5,8,4,21,17,12,20,11,19,3,16,7,15,24,23,13],[10,18,6,9,5,22,14,2,1,12,8,4,21,17,20,16,3,23,19,11,7,24,13],[2,18,14,10,9,1,6,5,22,12,8,4,21,20,24,19,7,13,17,11,3,16],[2,10,9,1,18,14,6,5,22,12,8,4,21,19,17,20,11,3,13,7,23,24,16,15],[2,18,14,22,10,9,1,6,5,8,4,21,17,12,20,16,7,19,11,3,23,15,13,24],[6,14,2,5,18,22,10,9,1,12,8,4,21,17,20,13,7,11,19,3,23,24],[18,22,10,6,9,5,14,2,1,12,8,4,21,17,20,13,11,19,3,7],[6,2,5,14,10,1,22,18,9,12,8,4,21,20,16,17,13,19,11,3,7,24,23],[14,2,10,1,6,9,5,18,22,8,12,4,21,17,20,16,13,19,11,3,7,15,23,24],[2,10,1,14,22,6,5,18,9,12,8,4,21,17,20,15,11,19,3,16,7,23],[22,2,14,18,10,1,6,5,9,12,8,4,21,17,20,16,11,19,3,7,23,13,15,24],[14,22,10,18,2,1,6,5,9,12,8,4,21,19,17,20,11,3,7,13,16,24,23,15],[6,18,2,5,22,14,10,1,9,8,4,21,17,20,12,16,11,19,3,7,23],[14,22,6,2,5,10,1,18,9,12,8,4,21,17,20,3,19,11,7,16,23,15,24,13],[22,18,10,6,5,2,1,14,9,12,8,4,21,17,20,13,11,19,3,7,23,16,15,24],[14,22,6,10,5,2,1,18,9,8,12,4,21,17,20,15,13,11,19,3,7,23,24,16],[22,6,2,5,14,18,10,9,1,8,12,4,21,17,20,13,19,11,3,7,24,23],[14,22,10,2,1,6,9,5,18,8,12,4,21,17,20,15,11,19,3,7,13,24,16],[6,10,9,5,2,1,22,18,14,8,4,21,17,20,12,13,23,16,19,11,3,7],[6,22,18,10,9,5,2,1,14,12,8,4,21,20,24,16,23,17,19,11,3,7,13,15],[6,18,2,5,14,10,1,22,9,8,12,4,21,19,17,20,11,3,13,7,24,23],[22,2,18,14,10,1,6,9,5,12,8,4,21,17,20,13,19,11,3,7,16,24,23,15],[10,14,22,6,9,5,2,1,18,12,8,4,21,17,20,15,13,19,11,3,7,24,23],[22,18,10,2,1,14,6,5,9,8,4,21,17,12,20,13,19,11,3,7,24,16,23,15],[14,10,2,1,22,6,5,18,9,12,8,4,21,20,17,15,11,19,3,13,7,24,23],[6,10,9,5,22,2,1,18,14,12,8,4,21,17,20,11,19,3,7,13,16,24,23],[18,10,6,5,14,22,2,1,9,8,12,4,21,20,13,16,17,19,11,3,7,15,24,23],[2,14,22,6,5,18,10,9,1,8,12,4,21,17,20,13,3,11,19,7,23,15,16,24],[6,2,1,14,18,10,9,5,22,8,12,4,21,17,20,13,19,11,3,7,24,16,23,15],[14,22,2,18,6,5,10,9,1,8,4,21,17,12,20,15,13,16,19,11,3,7],[10,18,14,22,6,5,2,9,1,8,12,4,21,17,20,15,23,13,11,19,3,7,16],[14,10,6,9,5,2,1,22,18,12,8,4,21,20,17,16,3,11,19,7,13,15,23,24],[14,6,2,1,22,10,9,5,18,8,4,21,17,20,12,13,24,7,19,11,3,23],[10,2,9,1,22,14,18,6,5,8,12,4,21,17,20,19,11,3,16,7,23,24,15,13],[10,22,18,14,2,9,1,6,5,12,8,4,21,19,17,20,11,3,13,7,24,23,16],[18,2,6,5,10,9,1,14,22,12,8,4,21,20,13,7,17,24,3,15,11,19],[10,2,1,6,5,22,14,18,9,8,4,21,17,12,20,16,19,11,3,7,13,15,23,24],[22,10,18,2,1,6,9,5,14,8,12,4,21,17,20,13,16,19,11,3,7,24,15,23],[18,6,2,1,14,10,9,5,22,12,8,4,21,17,20,19,11,3,15,13,7,23,24],[22,6,14,2,1,10,5,18,9,12,8,4,21,17,20,7,11,19,3,13,24,15,16,23],[6,10,9,5,2,1,18,22,14,8,4,21,17,20,12,15,13,24,7,19,11,3,16],[2,18,6,5,10,9,1,22,14,8,4,21,17,20,12,13,19,11,3,7,24,23],[2,14,18,10,1,22,6,9,5,8,4,21,17,12,20,7,16,11,19,3,23,24,15,13],[6,10,5,22,18,2,1,14,9,12,8,4,21,17,20,16,19,11,3,7,15,13,23,24],[18,2,10,1,6,9,5,22,14,12,8,4,21,17,20,15,13,19,11,3,7,24,16,23],[6,10,5,2,1,14,18,22,9,8,4,21,17,20,12,15,16,11,19,3,7,23,24],[22,14,18,6,2,5,10,1,9,12,8,4,21,17,20,15,11,19,3,13,7,23,24,16],[10,14,6,5,22,18,2,1,9,12,8,4,21,17,20,13,16,24,19,11,3,7],[22,6,14,10,9,5,2,1,18,8,4,21,17,12,20,13,24,19,11,3,7,16,23,15],[22,2,10,9,1,6,5,18,14,12,8,4,21,17,20,16,3,7,24,19,11],[14,22,2,18,10,1,6,9,5,12,8,4,21,17,20,7,19,24,11,3,15,13,23,16],[14,18,2,10,1,22,6,5,9,8,12,4,21,17,20,15,19,11,3,13,7,24,23],[6,22,18,2,1,14,10,9,5,8,4,21,17,12,20,15,11,19,3,16,7,23,13,24],[14,2,22,10,9,1,6,5,18,8,12,4,21,17,20,16,11,19,3,7,15,23,24,13],[6,2,1,10,9,5,18,14,22,8,4,21,17,12,20,24,13,7,11,19,3,15,23],[2,6,5,14,18,10,9,1,22,8,4,21,17,12,20,24,16,19,11,3,7,15,13,23],[6,14,10,5,22,18,2,9,1,12,8,4,21,17,20,13,11,19,3,7,15,24,23],[6,22,2,1,18,14,10,9,5,8,4,21,17,12,20,13,19,11,3,7,23,24],[22,10,6,9,5,18,14,2,1,8,12,4,21,17,20,16,23,7,11,19,3,15,13,24],[18,22,10,14,2,1,6,9,5,12,8,4,21,17,20,16,24,23,19,11,3,7,13],[6,22,18,14,10,5,2,9,1,12,8,4,21,17,20,11,19,3,16,7,13,24,15],[10,6,9,5,18,2,1,22,14,12,8,4,21,17,20,13,11,19,3,7,24,15,23,16],[22,6,14,18,10,5,2,1,9,8,12,4,21,17,20,13,15,23,11,19,3,7,24],[22,6,10,5,2,1,14,18,9,12,8,4,21,17,20,16,19,11,3,7,24],[6,10,5,18,2,9,1,22,14,12,8,4,21,17,20,13,7,11,19,3,24,23,15],[22,18,14,10,2,1,6,9,5,8,12,4,21,20,13,19,3,16,23,17,11,7,24,15],[10,14,18,6,9,5,2,1,22,12,8,4,21,17,20,13,11,19,3,7,24,15,16,23],[10,22,2,9,1,6,5,18,14,8,4,21,17,12,20,13,24,11,19,3,7,23],[14,22,18,10,6,5,2,9,1,8,12,4,21,17,20,15,24,19,11,3,13,7,23,16],[10,18,22,2,9,1,14,6,5,12,8,4,21,17,20,16,11,19,3,7,23],[14,2,10,9,1,18,22,6,5,12,8,4,21,17,20,16,15,24,7,11,19,3,23],[2,14,10,1,18,6,5,22,9,8,4,21,17,12,20,23,15,16,11,19,3,7],[22,14,10,18,6,5,2,1,9,8,12,4,21,17,20,19,16,11,3,7,24,13],[22,10,14,2,9,1,6,5,18,8,12,4,21,17,20,15,13,19,11,3,7,24],[22,10,18,14,6,9,5,2,1,12,8,4,21,17,20,13,19,11,3,7],[6,14,2,5,10,1,22,18,9,12,8,4,21,20,13,11,3,7,17,19,23,15,24],[22,10,14,2,1,18,6,5,9,8,4,21,17,20,12,13,19,11,3,7,15,23,24],[6,18,2,1,14,10,9,5,22,8,12,4,21,19,17,20,13,11,3,7,23,16],[6,22,14,10,9,5,2,1,18,12,8,4,21,17,20,15,16,13,19,11,3,7,23,24],[18,2,10,1,6,9,5,14,22,12,8,4,21,17,20,15,13,23,24,19,11,3,7,16],[2,18,6,1,10,9,5,22,14,12,8,4,21,17,20,15,13,24,19,11,3,7],[22,2,14,10,1,18,6,9,5,8,4,21,17,20,12,13,24,11,19,3,7,15],[14,6,2,1,22,18,10,5,9,8,12,4,21,17,20,23,11,19,3,7,16],[10,18,2,1,22,14,6,9,5,8,12,4,21,17,20,15,16,11,19,3,7,23,24],[14,22,2,6,5,10,1,18,9,8,4,21,17,12,20,15,13,19,11,3,7,23,24],[22,2,18,14,10,1,6,9,5,12,8,4,21,17,20,24,16,23,19,13,11,3,7],[22,2,14,18,10,9,1,6,5,12,8,4,21,17,20,16,3,13,11,19,7,23,15,24],[10,22,18,14,6,9,5,2,1,8,4,21,17,12,20,19,11,3,16,7,24,23,15],[14,22,18,6,2,1,10,5,9,12,8,4,21,20,3,15,23,24,16,11,17,19,7],[10,22,14,6,5,18,2,9,1,12,8,4,21,17,20,16,15,11,19,3,7,13,24],[2,18,10,1,14,22,6,5,9,8,12,4,21,17,20,13,11,19,3,7,23,24],[6,14,2,5,10,1,22,18,9,12,8,4,21,17,20,3,15,11,19,13,7,23],[22,10,6,5,18,14,2,9,1,12,8,4,21,17,20,15,11,19,3,7,13,24,23,16],[14,6,22,10,5,18,2,1,9,12,8,4,21,20,17,24,15,16,23,19,11,3,7],[14,18,22,2,10,1,6,5,9,12,8,4,21,17,20,13,19,11,3,7,16,24,23,15],[2,14,22,10,1,18,6,5,9,8,4,21,17,20,12,16,11,19,3,7,24,15,23],[6,18,10,9,5,22,2,1,14,12,8,4,21,17,20,13,15,24,3,19,11,7,23,16],[10,18,2,1,6,5,22,14,9,8,12,4,21,17,20,16,23,19,11,3,7,13],[18,2,14,22,6,5,10,9,1,8,4,21,17,20,12,15,13,19,11,3,7,23],[2,14,22,18,6,5,10,9,1,8,12,4,21,17,20,24,19,15,11,3,13,7],[10,22,2,9,1,14,6,5,18,12,8,4,21,17,20,13,24,11,19,3,7,15],[14,6,18,10,5,2,1,22,9,8,4,21,17,12,20,13,7,11,19,3,16,24,23],[10,2,9,1,22,18,6,5,14,8,4,21,17,20,12,13,19,11,3,7,23,24,15,16],[2,6,5,22,10,1,14,18,9,8,12,4,21,17,20,15,13,24,19,11,3,7,23,16],[14,2,10,1,6,5,18,22,9,8,4,21,17,12,20,15,7,11,19,3,13,16,24],[14,18,6,2,1,10,5,22,9,8,12,4,21,17,20,13,16,19,11,3,7,23,15,24],[10,2,9,1,18,14,6,5,22,12,8,4,21,17,20,13,11,19,3,7,23,24,15],[14,22,6,10,9,5,2,1,18,8,12,4,21,19,17,20,15,11,3,16,7,23,24,13],[22,10,18,6,9,5,14,2,1,8,4,21,17,20,12,13,19,11,3,7,23,15,24,16],[6,10,5,18,14,22,2,1,9,12,8,4,21,17,20,16,11,19,3,7,13,15,24,23],[14,2,6,1,18,10,9,5,22,12,8,4,21,17,20,23,24,13,11,19,3,7],[22,10,18,2,9,1,6,5,14,12,8,4,21,20,15,13,17,19,11,3,7,23,16,24],[14,2,6,1,22,18,10,5,9,8,4,21,17,12,20,13,11,19,3,7,24],[6,22,2,5,18,14,10,9,1,8,4,21,17,20,12,11,19,3,13,7,15,23],[2,14,18,6,5,10,9,1,22,12,8,4,21,17,20,3,16,11,19,7,15],[14,18,2,10,1,22,6,5,9,8,12,4,21,17,20,23,13,19,11,3,7],[10,6,9,5,22,18,14,2,1,8,12,4,21,19,17,20,11,3,7,13,16,15,24],[2,10,9,1,18,22,6,5,14,12,8,4,21,17,20,13,19,11,3,7,15,16,24],[6,2,5,18,10,9,1,14,22,12,8,4,21,17,20,3,15,13,23,11,19,7],[18,6,10,9,5,14,2,1,22,8,12,4,21,17,20,13,24,11,19,3,7,15,16,23],[2,18,10,9,1,22,6,5,14,12,8,4,21,17,20,16,15,3,24,19,11,7,13,23],[2,14,6,1,22,18,10,5,9,8,4,21,17,12,20,16,11,19,3,7,24],[18,22,6,14,2,5,10,9,1,8,12,4,21,17,20,15,13,7,3,24,11,19],[6,2,5,18,10,9,1,14,22,8,12,4,24,21,17,20,16,7,19,11,3,15],[10,22,18,6,5,14,2,1,9,8,4,21,17,12,20,16,23,7,19,11,3,13],[6,2,1,18,10,5,14,22,9,8,4,21,17,12,20,16,11,19,3,7,13,24,23,15],[10,14,6,9,5,2,1,22,18,8,12,4,21,17,20,15,3,16,24,11,19,7,23],[22,2,14,18,6,1,10,5,9,8,12,4,21,20,15,16,23,17,3,24,19,11,7,13],[2,22,10,1,14,6,9,5,18,8,12,4,21,17,20,13,23,7,19,11,3,24],[6,14,22,10,5,2,1,18,9,8,4,21,17,20,12,15,3,13,11,19,7,24],[14,10,6,5,22,18,2,1,9,8,4,21,17,20,12,16,19,11,3,7,23,24,13],[14,6,22,10,9,5,18,2,1,12,8,4,21,17,20,16,3,23,11,19,7,24,13,15],[14,10,18,22,2,1,6,9,5,8,4,21,17,20,12,3,15,23,13,7,19,11,24,16],[14,22,6,10,5,18,2,1,9,12,8,4,21,20,15,3,13,7,11,17,19,23,16],[18,14,10,22,2,1,6,5,9,8,12,4,21,20,16,3,7,23,19,17,11,15,24,13],[6,22,18,10,5,2,9,1,14,8,12,4,21,17,20,16,13,15,19,11,3,7,23,24],[6,18,22,14,2,5,10,9,1,12,8,4,21,17,20,16,7,13,11,19,3,24,15,23],[22,6,18,14,10,9,5,2,1,8,4,21,17,12,20,19,11,3,7,13,16,24,23],[6,14,22,10,5,18,2,1,9,8,12,4,21,17,20,3,13,16,7,23,24,19,11],[14,18,10,6,5,22,2,9,1,12,8,4,21,17,20,13,11,19,3,7,16,23,24],[2,10,1,22,6,9,5,14,18,8,12,4,21,17,20,16,7,11,19,3,24,23,13],[18,2,6,5,14,22,10,9,1,12,8,4,21,17,20,16,24,3,11,19,7,23,15,13],[18,14,2,6,1,22,10,9,5,12,8,4,21,17,20,15,16,3,7,24,19,11,13],[14,2,6,5,10,1,18,22,9,8,12,4,21,17,20,19,11,3,13,7,24,23,15],[10,18,22,2,9,1,14,6,5,8,12,4,21,17,20,13,23,11,19,3,7],[22,14,18,6,10,9,5,2,1,12,8,4,21,17,20,13,3,7,11,19,24,23],[18,10,6,9,5,2,1,14,22,12,8,4,21,17,20,16,19,11,3,7,24,23,13],[2,18,10,1,22,6,9,5,14,12,8,4,21,20,15,16,17,11,19,3,7,24,23],[22,18,6,2,5,10,9,1,14,12,8,4,21,17,20,13,3,11,19,7,16,15],[10,6,9,5,18,14,22,2,1,8,4,21,17,20,12,13,24,23,11,19,3,7],[2,22,10,9,1,18,6,5,14,12,8,4,21,20,11,3,17,19,7,16,13,15,23],[6,14,10,5,18,2,1,22,9,12,8,4,21,19,17,20,11,3,7,16,13,24,15,23],[10,18,14,22,2,9,1,6,5,8,12,4,21,17,20,13,11,19,3,7,15,23,16,24],[18,2,10,9,1,14,22,6,5,8,4,21,17,20,12,13,7,19,11,3,23],[18,2,6,5,10,1,14,22,9,8,4,21,17,12,20,3,16,11,19,7,15,23,24,13],[6,14,18,2,1,10,9,5,22,8,4,21,17,12,20,15,19,11,3,13,7,23,16,24],[14,22,2,18,10,1,6,5,9,8,12,4,21,17,20,13,11,19,3,7,24,15,23,16],[10,14,22,2,9,1,18,6,5,12,8,4,21,17,20,16,23,15,7,11,19,3,24],[18,2,6,1,10,5,14,22,9,12,8,4,21,17,20,19,11,3,7,13,23,16],[10,2,1,14,22,6,5,18,9,12,8,4,21,17,20,16,23,3,13,11,19,7,24],[6,14,22,2,5,18,10,1,9,8,12,4,21,19,17,20,11,3,13,7,16,23,24,15],[18,22,10,14,2,1,6,5,9,12,8,4,21,17,20,16,7,19,11,3,13],[2,18,6,1,22,10,9,5,14,12,8,4,21,17,20,3,16,19,11,7,24,15,23],[22,6,2,5,14,18,10,9,1,8,12,4,21,19,20,15,13,11,3,17,7,16,24,23],[14,2,18,22,10,9,1,6,5,12,8,4,21,17,20,16,19,11,3,7,24,15],[6,10,5,18,14,22,2,9,1,12,8,4,21,19,17,20,11,3,7,15,13],[2,14,6,5,18,10,1,22,9,8,12,4,21,19,17,20,11,3,7,16,13,15,24],[10,22,18,6,9,5,2,1,14,8,12,4,21,17,20,13,11,19,3,7,24,15,23,16],[6,14,2,5,18,10,9,1,22,12,8,4,21,17,20,13,19,11,3,7,24,16,15],[2,10,1,6,9,5,22,14,18,8,4,21,17,20,12,15,23,13,7,3,11,19],[14,22,6,18,2,1,10,9,5,8,12,4,21,19,17,20,11,3,7,13,23,24],[6,14,22,18,10,5,2,1,9,8,4,21,17,12,20,19,11,3,7,13,23],[10,2,1,14,22,18,6,5,9,12,8,4,21,17,20,23,16,24,3,13,11,19,7,15],[14,6,18,10,5,2,1,22,9,12,8,4,21,17,20,13,11,19,3,7,24,23,15],[22,2,14,6,5,18,10,9,1,12,8,4,21,17,20,15,11,19,3,13,7,24],[18,2,14,6,5,22,10,1,9,12,8,4,21,20,13,16,19,3,7,15,17,11,23,24],[18,10,22,2,9,1,6,5,14,12,8,4,21,17,20,16,19,11,3,7,13],[14,6,22,10,9,5,18,2,1,12,8,4,21,17,20,3,13,7,24,16,19,11],[10,22,18,2,9,1,6,5,14,8,12,4,21,19,17,20,11,3,13,7,15,23,24,16],[6,10,5,2,9,1,18,14,22,8,12,4,21,17,20,13,23,24,19,11,3,7,15],[22,2,10,1,18,6,5,14,9,12,8,4,21,17,20,16,11,19,3,7,24,13,15,23],[14,6,2,5,22,10,9,1,18,8,4,21,17,12,20,13,11,19,3,7,24,16,15,23],[14,22,2,18,10,9,1,6,5,8,4,21,20,12,19,16,13,17,11,3,7,15],[10,14,22,18,6,5,2,9,1,8,4,21,17,20,12,15,16,19,11,3,7,23,13,24],[14,10,6,9,5,18,2,1,22,8,12,4,21,17,20,16,11,19,3,7,23,24,15,13],[22,2,14,6,1,10,9,5,18,12,8,4,21,17,20,15,13,23,7,11,19,3,16,24],[6,2,1,14,18,22,10,9,5,12,8,4,21,17,20,23,24,19,13,11,3,7],[18,22,14,6,2,1,10,9,5,12,8,4,21,17,20,15,16,11,19,3,7,24,23],[10,2,9,1,18,6,5,14,22,12,8,4,21,19,17,20,13,11,3,7,16,23],[2,10,9,1,18,6,5,14,22,8,12,4,21,17,20,16,15,19,11,3,7,24],[22,10,14,2,9,1,18,6,5,12,8,4,21,17,20,13,7,11,19,3,15],[18,22,14,10,2,1,6,9,5,8,12,4,21,20,19,15,13,23,11,3,17,7,16],[6,2,5,14,10,9,1,22,18,12,8,4,21,17,20,13,3,11,19,7,24,15,16,23],[2,14,10,1,6,5,18,22,9,12,8,4,21,17,20,23,13,3,19,11,7,16,24],[2,22,14,6,5,18,10,9,1,12,8,4,21,17,20,13,7,3,19,11,23],[6,10,9,5,18,14,22,2,1,8,12,4,21,20,13,17,11,19,3,7,23,24,16,15],[10,6,9,5,14,2,1,18,22,12,8,4,21,17,20,15,16,24,3,7,19,11,23],[10,18,2,9,1,22,6,5,14,8,4,21,20,12,13,11,3,17,19,7,23,15,24],[18,6,22,2,5,10,1,14,9,12,8,4,21,19,17,20,11,3,13,7,24,16,23,15],[10,14,2,1,6,5,18,22,9,8,12,4,21,17,20,15,13,24,19,11,3,7],[14,10,22,6,5,18,2,1,9,12,8,4,21,19,17,20,11,3,7,16,15,23,13,24],[18,10,2,9,1,6,5,22,14,8,4,21,17,12,20,11,19,3,16,7,13,23,24],[2,22,10,1,14,6,5,18,9,8,4,21,17,12,20,13,19,11,3,7,23],[6,14,2,5,18,10,1,22,9,12,8,4,21,19,20,23,13,15,11,3,17,7,24],[18,22,2,6,5,10,9,1,14,12,8,4,21,17,20,16,11,19,3,7,15,13,24,23],[18,22,14,6,2,1,10,5,9,12,8,4,21,17,20,15,13,7,24,11,19,3,23],[22,6,10,5,18,2,1,14,9,12,8,4,21,17,20,13,23,24,11,19,3,7,15,16],[18,14,6,22,2,5,10,9,1,8,4,21,17,20,12,15,7,3,13,16,11,19,23],[6,22,14,18,2,5,10,1,9,8,4,21,17,20,12,13,7,11,19,3,16,24,23],[22,2,14,10,9,1,6,5,18,12,8,4,21,17,20,16,24,7,3,11,19,13],[18,2,6,1,10,9,5,14,22,12,8,4,21,17,20,15,16,19,11,3,7,13,23],[18,6,2,1,10,5,14,22,9,12,8,4,21,17,20,19,11,3,16,7,13,23],[14,2,6,1,10,9,5,18,22,12,8,4,21,17,20,15,19,11,3,7,13,16,24,23],[14,10,18,2,9,1,6,5,22,8,4,21,17,12,20,15,13,19,11,3,7,16,23,24],[2,6,1,10,9,5,14,22,18,8,12,4,21,17,20,19,11,3,7,15,16,23,24,13],[22,14,10,18,2,1,6,9,5,12,8,4,21,17,20,13,19,11,3,7,24,23],[14,22,6,18,10,5,2,1,9,12,8,4,21,20,23,16,11,3,17,19,7,13,24],[22,2,6,5,14,18,10,1,9,12,8,4,21,17,20,16,3,11,19,7,24,13],[22,14,6,2,5,18,10,9,1,12,8,4,21,17,20,15,13,16,24,19,11,3,7],[22,10,2,1,6,9,5,18,14,8,12,4,21,20,16,19,23,7,17,11,3,13,15],[14,22,10,2,1,6,5,18,9,8,12,4,21,17,20,16,3,11,19,7,23,24,15,13],[22,2,14,18,6,1,10,9,5,8,4,21,17,12,20,13,3,7,15,11,19,23,16,24],[2,6,1,22,10,9,5,14,18,12,8,4,21,19,17,20,11,3,7,15,13,16,23],[14,6,10,9,5,22,18,2,1,12,8,4,21,20,13,17,19,11,3,7,15,16,24],[18,6,22,2,1,10,9,5,14,12,8,4,21,17,20,16,19,11,3,7,15,24,13],[18,22,10,6,5,2,9,1,14,12,8,4,21,17,20,15,19,11,3,13,7,24,16],[18,6,14,10,5,22,2,1,9,8,12,4,21,19,17,20,11,3,7,13,24,23],[14,22,10,18,6,5,2,1,9,12,8,4,21,20,16,17,24,15,7,23,19,11,3,13],[14,2,10,1,18,22,6,5,9,8,12,4,21,19,17,20,11,3,16,7,24],[2,6,5,10,1,22,18,14,9,12,8,4,21,17,20,13,19,11,3,7,23],[18,2,14,22,10,1,6,5,9,8,4,21,17,12,20,3,13,19,11,7,24,15,23,16],[10,14,22,18,2,9,1,6,5,12,8,4,21,17,20,13,7,11,19,3,23,15,16],[22,2,14,6,5,10,9,1,18,8,4,21,17,20,12,13,11,19,3,7,24,15,16],[10,6,5,18,2,1,22,14,9,8,12,4,21,17,20,15,16,24,19,11,3,7,23],[2,22,10,9,1,6,5,18,14,12,8,4,21,17,20,11,19,3,15,13,7,24],[6,2,5,10,9,1,14,22,18,8,4,21,17,12,20,15,13,16,11,19,3,7,23,24],[2,14,22,10,1,6,9,5,18,8,12,4,21,20,15,13,11,3,7,17,19,24,23],[14,2,6,1,10,9,5,18,22,12,8,4,21,17,20,15,11,19,3,16,7,24,23,13],[22,10,14,6,9,5,18,2,1,8,4,21,17,20,12,24,16,19,11,3,7,15,13],[10,6,5,18,14,2,9,1,22,12,8,4,21,17,20,16,19,11,3,7,24,15,13,23],[6,14,2,1,10,9,5,22,18,12,8,4,21,17,20,15,16,19,11,3,7,23,24,13],[2,22,10,9,1,14,6,5,18,12,8,4,21,17,20,24,16,11,19,3,7,23,15],[2,10,1,14,18,6,9,5,22,8,4,21,20,12,16,3,19,7,17,11,13,23,24,15],[10,2,9,1,18,22,14,6,5,12,8,4,21,19,17,20,7,11,3,16,23,24,15],[22,10,18,2,9,1,6,5,14,12,8,4,21,20,16,17,24,3,19,11,7,23],[18,22,10,6,9,5,14,2,1,12,8,4,21,17,20,13,19,11,3,7,24,15,16,23],[18,14,2,22,10,1,6,5,9,12,8,4,21,19,17,20,11,3,15,13,7],[2,22,14,18,6,5,10,9,1,12,8,4,21,19,17,20,11,3,7,13,23,16],[2,6,1,10,5,22,18,14,9,12,8,4,21,20,13,11,3,17,19,7,24],[14,6,10,9,5,22,18,2,1,8,4,21,17,12,20,13,3,24,19,11,7],[18,22,10,6,5,14,2,1,9,12,8,4,21,20,16,13,17,11,19,3,7,24],[14,10,22,2,9,1,6,5,18,12,8,4,21,19,17,20,11,3,13,7,15,23],[14,10,22,6,5,2,9,1,18,12,8,4,21,20,15,19,13,11,17,3,7],[14,10,2,9,1,22,18,6,5,12,8,4,21,17,20,13,16,7,15,11,19,3,24],[14,6,18,10,5,2,1,22,9,8,4,21,17,12,20,15,16,3,13,19,11,7,24,23],[6,14,22,10,5,18,2,1,9,8,12,4,21,17,20,11,19,3,7,15,13,23],[14,18,6,10,9,5,22,2,1,8,4,21,17,12,20,13,19,11,3,7,24,23,15],[6,10,5,2,1,14,18,22,9,8,4,21,17,12,20,15,16,23,24,19,11,3,7,13],[18,6,2,1,10,9,5,22,14,12,8,4,21,17,20,11,19,3,7,15,13,23],[10,2,1,22,18,6,5,14,9,8,12,4,21,17,20,3,15,16,19,11,7,13,24],[18,6,14,2,1,10,5,22,9,12,8,4,21,17,20,19,11,3,15,16,7,13,23],[18,10,2,9,1,14,6,5,22,12,8,4,21,17,20,15,16,19,11,3,7,23,24,13],[10,22,6,5,14,2,9,1,18,8,4,21,17,12,20,15,13,11,19,3,7,23,16,24],[6,14,22,2,1,18,10,9,5,12,8,4,21,17,20,13,19,11,3,7,23,15,16],[6,18,10,5,22,2,1,14,9,12,8,4,21,17,20,7,15,16,24,11,19,3,13,23],[6,2,5,10,1,14,22,18,9,12,8,4,21,20,19,13,23,16,11,3,17,7],[6,10,9,5,18,22,2,1,14,12,8,4,21,17,20,19,11,3,7,16,13,23,24],[22,10,14,2,9,1,18,6,5,12,8,4,21,17,20,13,3,19,11,7,23],[14,22,18,2,6,5,10,9,1,12,8,4,21,17,20,13,11,19,3,7,24,23,16],[18,6,14,22,2,1,10,5,9,8,4,21,17,20,12,16,11,19,3,7,23,15,24],[2,10,9,1,14,18,6,5,22,12,8,4,21,17,20,7,11,19,3,13,16,24,23,15],[6,2,5,10,9,1,18,22,14,8,12,4,21,17,20,15,16,7,24,13,23,3,11,19],[10,2,1,14,6,9,5,22,18,12,8,4,21,20,13,17,19,11,3,7,24],[14,18,2,22,6,1,10,5,9,8,12,4,21,17,20,15,16,24,19,11,3,7,13],[10,14,2,1,18,6,5,22,9,8,4,21,17,20,12,15,13,19,11,3,7,16,23],[6,10,9,5,14,18,22,2,1,8,4,21,17,12,20,16,19,11,3,7,13,23,15,24],[2,14,18,6,1,22,10,9,5,12,8,4,21,17,20,16,19,11,3,7,15,24,23],[14,22,10,2,9,1,6,5,18,12,8,4,21,20,13,3,7,11,17,19,23,16,24,15],[10,18,22,14,2,9,1,6,5,8,4,21,17,20,12,7,13,11,19,3,15,16,23],[10,18,22,6,5,2,9,1,14,8,12,4,21,17,20,15,11,19,3,16,7,24,23],[22,18,14,10,2,9,1,6,5,8,4,21,17,12,20,13,11,19,3,7,15,24,16,23],[6,18,10,9,5,14,2,1,22,8,12,4,21,17,20,16,15,23,11,19,3,7,13],[22,14,2,6,1,18,10,9,5,12,8,4,21,17,20,16,19,11,3,7,13,15,24,23],[14,22,6,2,5,18,10,9,1,12,8,4,21,17,20,13,11,19,3,7,15,24,23],[14,2,6,5,10,1,22,18,9,12,8,4,21,20,23,15,13,17,11,19,3,7,24],[14,22,10,6,5,2,1,18,9,8,4,21,17,20,12,16,15,19,11,3,7,13,24],[6,2,1,14,22,10,9,5,18,8,4,21,17,12,20,16,11,19,3,7,15,23],[10,2,1,14,18,6,5,22,9,12,8,4,21,20,16,15,17,19,11,3,7],[18,2,22,6,5,10,9,1,14,8,4,21,17,12,20,13,16,19,11,3,7,24],[22,6,10,5,2,9,1,18,14,8,4,21,17,20,12,15,3,13,11,19,7,24,23,16],[10,2,9,1,22,18,14,6,5,12,8,4,21,17,20,15,16,3,11,19,7,23,24,13],[6,2,5,14,10,1,22,18,9,8,12,4,21,20,13,3,19,24,17,11,7,16,23],[22,14,18,2,10,9,1,6,5,8,12,4,21,20,15,16,17,11,19,3,7,23,13,24],[14,22,18,10,2,9,1,6,5,12,8,4,21,17,20,13,19,11,3,7,24,15,16,23],[2,10,1,14,22,6,5,18,9,8,12,4,21,20,13,3,19,7,17,11,24],[2,14,10,9,1,6,5,18,22,8,12,4,21,17,20,16,15,23,19,11,3,7,13,24],[18,14,10,22,2,9,1,6,5,8,12,4,21,20,17,23,16,19,11,3,7,13],[6,2,1,18,10,9,5,22,14,8,12,4,21,17,20,23,13,24,3,7,15,11,19],[10,2,1,14,22,6,5,18,9,12,8,4,21,20,16,17,23,19,11,3,7,15,13],[2,18,22,14,10,1,6,5,9,12,8,4,21,17,20,16,11,19,3,7,15,13,23],[22,10,18,14,6,9,5,2,1,8,12,4,21,20,19,16,23,7,17,11,3,13,24,15],[10,22,2,1,6,5,14,18,9,8,4,21,17,12,20,11,19,3,7,15,16,24,13,23],[22,14,10,2,9,1,18,6,5,12,8,4,21,17,20,15,16,13,3,11,19,7,24,23],[22,14,18,6,10,9,5,2,1,12,8,4,21,17,20,15,16,23,3,19,11,7,13,24],[18,10,14,2,9,1,6,5,22,12,8,4,21,17,20,16,7,11,19,3,23,24,13,15],[2,6,5,18,22,14,10,9,1,8,4,21,17,20,12,16,11,19,3,7,24,15,23,13],[18,2,6,5,14,10,9,1,22,12,8,4,21,17,20,16,19,11,3,7,13,23,24],[22,10,2,9,1,14,6,5,18,12,8,4,21,19,17,20,11,3,16,7,24,13,23,15],[18,14,22,2,6,1,10,5,9,8,4,21,17,12,20,13,24,11,19,3,7,23,15],[22,6,18,2,1,10,5,14,9,8,12,4,21,17,20,11,19,3,7,13,24,16,15,23],[18,22,2,10,9,1,14,6,5,8,4,21,17,20,12,13,7,11,19,3,15],[10,2,1,6,5,14,18,22,9,8,12,4,21,17,20,13,7,11,19,3,23,24,16],[14,10,2,1,6,5,18,22,9,8,4,21,17,12,20,13,23,15,16,19,11,3,7,24],[6,2,1,10,5,22,18,14,9,8,4,21,17,20,12,13,24,16,19,11,3,7,23],[6,14,10,5,22,2,1,18,9,8,12,4,21,17,20,19,11,3,13,7,23,24],[18,2,6,5,14,22,10,9,1,12,8,4,21,20,13,3,19,11,17,7,23,16,24],[22,10,18,6,5,14,2,9,1,8,12,4,21,17,20,11,19,3,13,7,16,15],[22,2,10,9,1,18,14,6,5,12,8,4,21,17,20,16,19,11,3,7,23],[14,10,2,9,1,6,5,18,22,8,4,21,17,20,12,15,13,19,11,3,7,24],[18,22,10,2,9,1,6,5,14,12,8,4,21,17,20,13,16,11,19,3,7,23,24,15],[18,6,2,1,22,10,5,14,9,8,12,4,21,17,20,16,11,19,3,7,15,24,23,13],[14,2,22,6,5,10,1,18,9,12,8,4,21,19,17,20,11,3,15,13,7,16,23,24],[10,2,9,1,18,14,6,5,22,12,8,4,21,19,17,20,11,3,7,15,13,24],[2,14,18,6,1,10,9,5,22,12,8,4,21,17,20,19,11,3,13,7,23,16,24,15],[2,14,18,10,9,1,22,6,5,8,4,21,17,20,12,16,11,19,3,7,15,23],[10,6,5,22,18,2,1,14,9,8,12,4,21,17,20,23,15,13,24,3,11,19,7,16],[22,10,18,14,6,9,5,2,1,8,4,21,20,12,19,16,7,17,11,3,24,13],[22,10,2,9,1,6,5,14,18,12,8,4,21,20,19,15,13,17,11,3,7,24,23],[6,10,9,5,2,1,14,22,18,8,4,21,17,20,12,13,3,19,11,7,23,16,15],[6,2,5,14,10,1,18,22,9,12,8,4,21,17,20,13,19,11,3,7,16,23,24],[18,14,22,6,10,9,5,2,1,8,4,21,17,20,12,15,13,11,19,3,7],[14,10,22,2,1,18,6,5,9,12,8,4,21,17,20,16,19,11,3,7,24,15,23,13],[18,6,10,5,14,22,2,1,9,8,12,4,21,20,15,16,17,13,19,11,3,7,23],[22,2,6,1,14,10,5,18,9,8,4,21,17,20,12,16,19,11,3,7,23,13,15,24],[14,6,22,10,9,5,18,2,1,8,12,4,21,20,16,19,17,11,3,7,23,13],[18,22,14,10,6,5,2,1,9,8,4,21,17,20,12,16,3,11,19,7,15,23,24],[22,6,14,18,10,5,2,9,1,8,12,4,21,17,20,13,3,19,11,7,16],[10,2,1,22,18,6,5,14,9,8,12,4,21,17,20,13,11,19,3,7,23,15],[2,6,5,18,22,10,1,14,9,8,4,21,20,12,13,17,16,11,19,3,7,24,23,15],[2,10,1,22,6,9,5,14,18,8,12,4,21,17,20,11,19,3,13,7,24,15,23],[6,22,14,10,5,2,9,1,18,12,8,4,21,17,20,13,11,19,3,7,24,23],[6,18,2,5,14,10,1,22,9,8,4,21,17,12,20,16,19,11,3,7,15,24,23,13],[14,10,18,6,9,5,2,1,22,12,8,4,21,17,20,16,19,11,3,7,24,15,23],[6,18,10,5,14,22,2,1,9,8,4,21,17,12,20,16,15,7,13,19,11,3,23],[18,2,10,9,1,6,5,14,22,12,8,4,21,17,20,15,3,16,11,19,7,23,13],[22,2,18,14,10,9,1,6,5,12,8,4,21,17,20,15,24,19,11,3,13,7,23,16],[22,2,6,5,10,1,18,14,9,12,8,4,21,20,15,13,17,11,19,3,7,23,24,16],[18,10,6,9,5,14,2,1,22,12,8,4,21,17,20,13,11,19,3,7,23,24],[18,2,10,1,14,22,6,5,9,8,4,21,17,20,12,13,11,19,3,7,15,24,23,16],[14,10,22,6,5,18,2,9,1,12,8,4,21,17,20,16,19,11,3,7,23,24,13],[22,10,2,1,14,18,6,5,9,8,12,4,21,17,20,13,11,19,3,7,24,16,15],[6,10,9,5,22,2,1,18,14,12,8,4,21,20,19,16,23,11,17,3,7,24,15],[14,18,2,10,9,1,6,5,22,8,4,21,17,12,20,16,11,19,3,7,13,15,23],[14,6,22,10,5,2,1,18,9,12,8,4,21,17,20,16,13,15,3,19,11,7,24],[14,22,2,10,9,1,18,6,5,8,12,4,21,17,20,16,11,19,3,7,24,13],[18,14,6,22,10,5,2,9,1,8,12,4,21,19,17,20,11,3,15,13,7,24],[14,22,6,2,5,10,1,18,9,12,8,4,21,17,20,16,3,7,23,15,19,11],[22,10,14,18,2,9,1,6,5,12,8,4,21,20,13,19,17,11,3,7,16,24,15,23],[2,6,1,18,14,22,10,9,5,12,8,4,21,20,16,17,15,23,19,11,3,7,24],[2,10,9,1,22,18,14,6,5,12,8,4,21,17,20,15,16,3,19,11,7,13,23,24],[18,10,6,9,5,22,14,2,1,12,8,4,21,17,20,15,19,11,3,13,7,16,23,24],[22,6,18,2,1,10,9,5,14,8,4,21,17,20,12,13,23,16,19,11,3,7],[6,18,2,5,14,10,9,1,22,8,12,4,21,20,15,16,17,3,23,13,7,19,11,24],[2,22,18,6,1,10,9,5,14,12,8,4,21,17,20,16,19,11,3,7,15,24,13,23],[22,2,10,1,14,18,6,9,5,12,8,4,21,17,20,11,19,3,15,13,7,16,23],[2,10,9,1,14,22,6,5,18,8,12,4,21,17,20,16,11,19,3,7,23],[18,22,6,2,5,14,10,1,9,8,12,4,21,17,20,11,19,3,16,7,24,13,15],[6,22,10,9,5,2,1,14,18,8,12,4,21,20,15,16,7,11,3,17,19,24],[18,22,10,14,2,1,6,9,5,12,8,4,21,17,20,16,24,11,19,3,7,15,13],[22,18,6,2,1,14,10,5,9,12,8,4,21,17,20,16,23,7,24,3,19,11,15,13],[22,14,10,2,1,6,9,5,18,12,8,4,21,17,20,13,3,7,11,19,24,16],[22,10,18,6,5,2,1,14,9,8,12,4,21,17,20,13,7,19,11,3,23,16],[14,6,10,9,5,18,22,2,1,12,8,4,21,20,11,3,17,19,16,7,15,23,13],[6,10,9,5,22,18,2,1,14,12,8,4,21,17,20,11,19,3,13,7,16,24],[22,10,6,5,14,2,9,1,18,8,4,21,17,12,20,15,11,19,3,13,7,24],[6,18,2,5,14,10,1,22,9,12,8,4,21,20,16,11,3,17,19,7,15,24,23],[14,18,22,10,2,1,6,9,5,12,8,4,21,19,17,20,11,3,7,16,23],[6,22,10,5,2,9,1,14,18,12,8,4,21,19,17,20,11,3,7,16],[14,10,22,2,9,1,6,5,18,12,8,4,21,17,20,13,16,11,19,3,7,23,24],[14,18,10,6,9,5,2,1,22,12,8,4,21,17,20,13,11,19,3,7,24,23],[22,6,18,14,10,5,2,9,1,8,4,21,17,12,20,16,11,19,3,7,13,23,15,24],[18,14,2,10,9,1,22,6,5,8,4,21,17,12,20,16,19,11,3,7,15,13,23,24],[18,6,22,14,10,5,2,9,1,12,8,4,21,20,3,13,19,24,17,11,7,16],[18,22,6,14,10,9,5,2,1,12,8,4,21,17,20,13,15,16,19,11,3,7,23,24],[2,10,9,1,14,18,22,6,5,12,8,4,21,17,20,16,13,3,24,11,19,7,15],[22,14,18,10,2,9,1,6,5,12,8,4,21,17,20,15,13,16,7,19,11,3,24,23],[6,22,10,9,5,2,1,14,18,12,8,4,21,17,20,13,16,23,24,19,11,3,7,15],[22,14,18,2,10,1,6,5,9,12,8,4,21,17,20,15,11,19,3,7,13,23,24,16],[10,22,6,5,18,14,2,1,9,12,8,4,21,17,20,13,16,7,11,19,3,23],[22,6,10,9,5,2,1,14,18,8,12,4,21,17,20,13,11,19,3,7,15,16,24],[10,18,2,9,1,14,6,5,22,8,12,4,21,17,20,15,16,11,19,3,7,24,13,23],[2,6,1,10,5,22,18,14,9,12,8,4,21,20,23,16,19,17,11,3,7,24,13],[18,10,14,2,1,6,9,5,22,12,8,4,21,17,20,13,11,19,3,7,16,23],[10,6,5,14,18,22,2,1,9,8,12,4,21,17,20,13,19,11,3,7,15,24,23],[2,6,1,22,10,9,5,14,18,12,8,4,21,17,20,13,7,24,19,11,3,23,16],[10,14,22,2,1,6,5,18,9,12,8,4,21,17,20,13,11,19,3,7,15,24,16,23],[6,18,2,5,22,14,10,9,1,12,8,4,21,19,17,20,3,11,7,16,15,24,13,23],[10,18,14,22,2,1,6,5,9,8,4,21,19,17,12,20,11,3,13,7,24],[18,2,14,10,9,1,6,5,22,12,8,4,21,17,20,13,11,19,3,7,24,15,16,23],[22,2,14,6,5,10,1,18,9,12,8,4,21,17,20,16,11,19,3,7],[10,14,2,9,1,6,5,18,22,8,12,4,21,17,20,11,19,3,13,7,23,15,16],[22,18,14,6,2,1,10,9,5,12,8,4,21,17,20,19,11,3,16,7,24,23,15],[6,22,14,18,2,5,10,1,9,12,8,4,21,17,20,13,19,11,3,7,23,16,24,15],[6,18,22,2,5,10,1,14,9,12,8,4,21,17,20,13,11,19,3,7,23],[6,10,9,5,22,14,2,1,18,8,12,4,21,17,20,13,19,11,3,7,24,16],[2,6,1,18,14,22,10,9,5,12,8,4,21,17,20,13,16,11,19,3,7,15,24],[2,6,1,10,5,22,14,18,9,8,4,21,17,20,12,16,19,11,3,7,24,13,23,15],[2,6,1,14,22,10,9,5,18,12,8,4,21,17,20,16,7,11,19,3,23,24,13],[10,2,1,6,5,14,22,18,9,12,8,4,21,20,13,19,17,11,3,7,24,16,15,23],[6,22,14,10,9,5,18,2,1,8,4,21,12,20,13,16,19,7,23,17,11,3],[18,22,14,10,6,5,2,9,1,12,8,4,21,17,20,13,19,11,3,7,24,23,15],[22,6,10,9,5,18,2,1,14,8,4,21,17,12,20,19,11,3,16,7,13,24,15],[6,18,2,1,14,10,9,5,22,8,4,21,17,20,12,16,7,13,3,19,11,23],[14,22,6,10,9,5,2,1,18,8,4,21,17,20,12,11,19,3,16,7,23,15,24,13],[22,10,2,1,18,14,6,5,9,8,12,4,21,17,20,16,24,11,19,3,7],[6,14,2,1,22,10,5,18,9,12,8,4,21,20,15,17,16,11,19,3,7,23],[22,2,14,18,10,1,6,5,9,8,4,21,17,12,20,3,15,11,19,13,7,23,16,24],[22,10,14,18,2,9,1,6,5,8,4,21,17,20,12,13,7,16,11,19,3,23],[22,18,6,2,5,14,10,1,9,12,8,4,21,17,20,11,19,3,13,7,16,24,15,23],[22,10,14,6,9,5,18,2,1,8,12,4,21,20,16,3,24,15,17,11,19,7,13],[14,22,6,10,9,5,18,2,1,12,8,4,21,20,15,13,23,11,3,17,19,7],[22,6,14,10,5,2,1,18,9,8,4,21,17,20,12,15,19,11,3,13,7],[18,2,22,6,5,10,1,14,9,12,8,4,21,17,20,15,19,11,3,13,7,24,16],[10,6,9,5,18,2,1,22,14,8,4,21,17,12,20,11,19,3,13,7,15,16,24],[22,10,14,18,2,9,1,6,5,8,12,4,21,17,20,15,3,13,19,11,7,16,24],[6,10,5,22,18,2,9,1,14,8,4,21,17,12,20,15,11,19,3,13,7,24,16],[2,22,14,6,1,10,9,5,18,8,4,21,19,17,12,20,11,3,7,13,23],[18,14,10,6,9,5,22,2,1,8,12,4,21,19,17,20,11,3,13,7,15,16,24,23],[18,14,2,6,5,10,1,22,9,12,8,4,21,19,17,20,11,3,7,16,23],[18,6,2,5,10,9,1,14,22,8,12,4,21,17,20,3,16,7,15,11,19,13,23,24],[14,22,10,18,6,5,2,1,9,8,4,21,17,20,12,24,3,13,16,11,19,7],[10,6,5,22,14,2,9,1,18,12,8,4,21,17,20,16,3,11,19,7,24,23,13],[10,22,2,9,1,14,18,6,5,8,12,4,21,17,20,13,15,19,11,3,7,16,23,24],[18,14,6,2,1,10,9,5,22,12,8,4,21,17,20,16,7,19,11,3,15,13,24],[6,18,10,5,2,1,22,14,9,12,8,4,21,17,20,13,11,19,3,7,24,16,23],[10,6,9,5,18,14,2,1,22,12,8,4,21,17,20,23,16,19,11,3,7,15,24,13],[18,2,6,5,14,22,10,1,9,12,8,4,21,17,20,13,7,16,3,19,11,24],[22,18,14,6,2,1,10,9,5,12,8,4,21,17,20,15,16,19,11,3,7,23],[6,18,22,10,9,5,14,2,1,8,12,4,21,17,20,3,13,19,11,7,23,15,16,24],[6,2,1,22,10,5,14,18,9,12,8,4,21,20,16,24,17,11,19,3,7],[18,10,14,6,5,22,2,1,9,8,4,21,17,20,12,16,19,11,3,7,24],[6,14,2,5,18,10,9,1,22,12,8,4,21,20,16,23,13,7,17,11,19,3,15,24],[2,10,1,22,18,14,6,9,5,12,8,4,21,17,20,11,19,3,7,15,13],[22,10,2,9,1,14,6,5,18,12,8,4,21,20,15,11,3,13,17,19,7,23,16],[14,2,18,22,6,1,10,5,9,8,12,4,21,17,20,13,7,15,11,19,3,24,16],[22,10,18,2,1,6,9,5,14,8,4,21,17,20,12,16,15,19,11,3,7,24],[14,22,6,10,9,5,18,2,1,8,4,21,17,20,12,11,19,3,7,15,13,23],[6,14,22,10,5,18,2,9,1,8,12,4,21,20,16,3,24,17,19,11,7,13],[6,14,10,9,5,18,22,2,1,8,12,4,21,20,16,7,19,15,17,11,3,23,13],[2,22,6,5,10,1,18,14,9,12,8,4,21,19,17,20,11,3,13,7,23,24,15,16],[6,22,18,10,9,5,14,2,1,12,8,4,21,17,20,16,3,24,19,11,7,15,13,23],[6,22,18,10,9,5,2,1,14,12,8,4,21,20,13,17,11,19,3,7],[14,22,6,10,9,5,18,2,1,8,4,2