{"problem_id":"q2A1Z7ZePsS6Nvy","sigma":75,"alpha":3.162,"cost":0,"probabilities":"[0.23, 0.2, 0.41, 0.16]","payoff_matrix":"[[-84, 0, -102, -86, 110, 1], [-45, 33, -18, -17, -58, -62], [60, -70, 0, 25, 84, -28], [-29, -156, -38, 156, -62, -4]]","uncovered":[[7,3,23,15,11,19,17,2,13,10,18,1],[23,15,7,19,3,1,11,17,14,9],[7,15,19,3,1,23,11,13,17],[15,11,23,19,3,17,7,1,16,13,20,9,22],[19,3,17,15,7,23,11,2,13,4],[23,3,19,17,11,15,7,1,16,13,20,9,4],[19,15,3,17,11,7,23,2,10,14,20,1],[23,3,7,11,19,17,15,1,16,13,21],[19,11,7,23,3,17,15,1,16,13,12],[23,11,15,19,3,1,7,13,17],[7,15,11,3,23,19,17,1,12,13],[3,15,23,11,7,19,1,17,14,22],[7,15,11,19,3,1,23,13,17],[19,15,23,3,1,11,7,17,13],[7,11,23,3,15,19,1,13,17],[7,15,19,11,23,3,17,1,14,10],[23,3,19,1,11,15,7,17,16,13],[7,15,19,3,17,23,11,1,13],[7,3,11,23,15,19,17,2,1,14],[23,11,7,3,15,19,17,1,13],[3,19,17,23,15,11,7,1,13],[3,7,19,17,23,11,15,2,13,12,1],[7,23,11,15,3,19,1,17,14,9],[23,19,3,1,15,7,11,17,16,13,10],[3,19,17,23,7,15,11,1,14,6,12],[23,3,7,15,19,1,11,13,17],[7,23,11,19,3,17,15,1,16,13],[11,19,15,7,23,3,17,4,2,13],[23,7,19,15,3,17,11,2,16,13,22,10,4],[15,7,3,11,23,19,1,13,18,17,9],[19,11,3,1,23,15,7,17,14,10],[23,11,15,19,3,1,7,17,14,20,10,21,16,13],[19,11,15,3,17,23,7,1,14,13],[7,11,3,15,23,19,17,1,14],[7,23,19,3,17,10,15,1,11,13],[7,11,15,3,23,19,17,1,14,13],[7,15,3,23,11,19,1,13,17],[23,15,19,7,3,1,11,17,14,10],[15,23,7,3,19,17,11,1,16,13,9],[19,3,1,11,23,7,15,13,17],[11,3,7,23,15,19,1,17,14,12],[11,23,7,3,15,19,17,4,13,2],[11,23,19,7,15,3,17,1,13],[15,11,23,3,7,19,1,13,17],[7,19,11,3,17,15,23,1,14,16,18,13,9],[11,19,7,15,3,1,23,17,14,13],[11,15,19,23,3,17,7,1,16,13,12],[3,7,15,19,1,23,11,13,17],[19,15,11,7,3,1,23,17,13],[11,15,3,23,7,19,1,17,14,16,18,13,10],[11,3,15,7,19,17,23,4,2,16,13,10],[3,15,23,7,11,19,1,13,17],[3,23,19,17,7,15,10,4,11,1,13],[7,3,19,1,23,11,15,17,14,20,12,16,13],[7,15,19,3,17,11,23,2,13,1],[7,11,23,19,3,17,16,15,13,2,9,4],[15,23,7,3,11,19,1,13,17],[7,19,15,11,3,1,23,17,16,13],[19,11,3,1,7,23,15,13,17],[11,7,3,23,19,1,15,17,12,14],[23,19,3,17,7,11,15,1,13],[7,11,3,19,17,23,15,1,16,13],[23,3,15,19,1,11,7,13,17],[23,11,3,15,7,19,17,2,14,4,10],[15,23,7,19,11,3,17,1,14,9],[7,15,19,11,23,3,17,1,16,13],[15,7,11,19,23,3,17,2,13,18,1],[19,11,7,15,23,3,17,1,13],[19,11,3,17,23,1,7,15,13],[19,7,23,11,3,1,15,13,17],[19,15,23,7,3,17,11,4,1,13],[3,15,23,19,1,11,7,13,17],[11,15,19,7,3,1,23,13,17],[11,23,3,7,19,17,15,1,13],[23,11,7,15,3,19,1,13,17],[19,7,15,11,3,17,23,1,16,13],[19,11,7,15,3,17,23,2,13,4],[7,3,19,1,23,15,11,13,17],[15,3,7,19,17,23,11,1,13],[11,23,7,19,15,3,1,17,13],[19,3,17,15,11,23,7,2,13,1],[23,19,11,3,1,7,15,17,13],[3,7,19,1,11,23,15,17,13],[3,7,19,17,23,15,11,1,13],[19,11,15,3,1,7,23,17,13],[23,3,11,19,1,7,15,13,17],[11,15,23,3,7,19,17,1,13],[11,19,7,15,3,17,23,2,16,13,4,9],[19,3,1,15,7,11,23,13,20,17,9],[19,11,3,17,15,23,7,4,2,13],[7,3,11,19,1,23,15,17,13],[3,19,17,7,11,15,23,1,16,14,18,13,12],[23,7,3,11,19,17,15,2,14,10,4],[11,19,15,7,3,17,23,1,16,13,9],[11,3,19,1,7,15,23,13,17],[23,11,3,15,7,19,17,1,14,16,18,13,9],[15,7,23,3,19,1,11,17,13],[11,23,7,3,15,19,17,2,14,1],[19,3,17,23,7,11,15,1,14,20,12,16,13],[11,23,7,19,15,3,1,17,16,13,18,12],[3,15,23,7,19,17,11,2,14,16,18,13,1],[23,11,19,3,17,7,15,2,13,1],[15,7,23,11,19,3,17,1,14,12],[3,23,7,15,19,17,11,1,16,13,22],[23,15,7,19,3,1,11,13,17],[23,11,15,7,3,19,17,2,16,13,1],[11,7,23,3,15,19,17,1,16,13,20,9,2],[15,19,23,7,3,17,11,1,13],[23,19,15,3,17,7,11,1,14,8,21],[11,19,23,3,1,7,15,13,17],[11,7,3,15,23,19,1,17,13],[3,19,1,11,7,15,23,13,17],[7,3,15,23,11,19,1,13,17],[3,11,7,19,1,23,15,13,17],[19,7,23,3,17,15,11,1,13],[23,7,19,3,17,11,15,1,14,12],[23,15,7,3,19,17,11,2,13,21,1],[3,19,1,15,11,7,23,17,16,13,20,10,24,2],[11,7,23,3,15,19,1,17,13],[3,7,11,19,1,23,15,17,13],[3,23,11,15,19,1,7,13,17],[3,15,11,23,7,19,17,1,13],[23,11,7,15,19,3,17,1,14,9],[23,7,15,3,19,17,11,1,14,21],[19,3,17,15,11,7,23,1,14,12],[23,15,11,7,19,3,1,17,16,13,20,9,18,14],[23,7,3,19,17,11,15,1,16,13,18,10],[15,23,3,11,19,1,7,17,14,9],[7,3,15,11,23,19,1,17,14,12],[7,23,3,15,11,19,17,2,13,21,1],[3,7,19,17,11,23,15,1,14,8,2],[19,7,3,17,23,15,11,1,14,10],[15,11,23,7,19,3,17,1,13],[19,3,1,23,15,7,11,17,14,10],[3,7,15,19,1,23,11,13,17],[7,3,23,11,19,17,15,1,13],[19,7,23,15,11,3,1,17,13],[11,15,23,19,3,17,7,1,16,13,20,12,24,18,14],[7,3,11,23,19,1,15,17,16,13,10],[19,11,23,3,1,15,7,13,17],[7,19,3,17,23,11,15,1,16,13,18,10],[3,23,11,19,17,7,15,1,14,9],[11,19,23,7,3,17,15,2,16,13,1],[15,19,3,17,11,7,23,1,16,13,22],[7,23,19,3,1,11,15,13,17],[11,19,7,15,3,1,23,13,17],[7,19,3,1,15,11,23,13,17],[11,23,15,7,19,3,17,1,16,13,20,10,21,2],[7,3,11,15,19,17,23,1,13],[3,11,7,19,1,23,15,17,14,16,13],[19,3,1,15,11,23,7,17,16,13,10],[19,3,1,7,15,11,23,17,16,13,24,12],[19,15,23,7,3,17,11,1,14,9],[15,19,11,3,17,23,7,1,13],[19,11,23,15,7,3,1,17,16,13,12],[7,15,3,19,1,23,11,17,16,13,4],[11,3,23,19,17,7,15,1,14,4],[15,23,11,19,7,3,1,17,14,10],[3,7,23,11,15,19,1,17,13],[3,15,23,11,7,19,1,17,16,14,18,13,10],[19,3,1,7,15,23,11,17,16,13],[7,23,3,19,17,11,15,1,14,9],[15,11,7,3,23,19,17,1,16,13],[7,23,3,11,15,19,17,1,14,20,10,4,9],[7,11,3,23,19,1,15,17,13],[7,19,11,23,15,3,1,13,17],[19,15,3,1,23,11,7,17,13],[19,7,15,23,11,3,17,1,13],[15,7,19,11,3,1,23,13,17],[3,23,7,15,19,17,11,1,16,13,18,9],[3,23,15,11,19,17,7,1,14,13],[19,11,23,15,3,17,7,4,2,13],[11,19,7,23,15,3,1,17,13],[7,19,23,11,15,3,17,1,14,12],[3,19,1,15,11,23,7,17,13],[11,15,23,7,3,19,17,2,13,9,1],[23,11,7,3,15,19,1,17,13],[19,3,1,11,7,23,15,13,17],[19,3,17,23,11,15,7,2,14,1],[19,15,11,23,7,3,17,1,16,13,20,10,12],[11,7,23,15,19,3,17,4,13,2],[7,19,11,23,15,3,1,17,16,13,10],[19,23,11,15,3,1,7,13,17],[3,7,19,17,11,15,23,1,13],[23,11,3,19,1,15,7,17,13],[7,11,15,3,19,1,23,13,17],[11,15,3,19,1,23,7,17,16,13],[23,7,11,3,19,17,15,1,16,13,20,10,14],[11,7,19,15,3,1,23,17,14,13],[3,15,7,23,19,1,11,13,17],[11,3,15,7,19,17,23,1,13],[23,19,11,7,15,3,1,13,17],[19,11,7,3,1,15,23,17,13],[19,7,15,23,11,3,1,17,16,13,6,5,21],[7,19,3,1,23,15,11,13,17],[15,19,11,7,3,17,23,1,14,10],[15,11,19,7,3,1,23,13,17],[19,11,15,3,1,23,7,13,17],[11,15,7,23,3,19,17,1,14,13],[7,23,11,19,3,1,15,13,17],[23,7,3,11,15,19,17,1,16,13,6],[11,7,23,19,3,1,15,17,13],[15,11,19,3,1,23,7,17,13],[3,11,15,23,19,17,7,1,6,14,2],[3,11,15,23,7,19,1,13,17],[23,7,15,19,3,17,11,4,16,13,1],[11,23,3,19,1,15,7,17,13],[3,15,23,11,7,19,1,17,16,13,10],[15,11,3,7,23,19,17,2,13,4],[7,23,11,19,3,1,15,13,17],[3,19,1,11,7,15,23,17,14,22],[23,15,19,7,11,3,1,13,17],[15,3,19,1,23,11,7,13,17],[3,11,15,19,17,23,7,4,1,13],[3,19,1,23,11,7,15,13,17],[11,19,23,15,7,3,1,17,16,14,18,13,9],[19,11,15,7,23,3,17,1,14,2],[11,7,23,15,3,19,17,2,13,9],[7,11,19,15,3,17,23,1,14,9],[19,23,7,15,3,1,11,13,17],[3,15,19,17,23,7,11,2,13,24,18,1],[3,15,19,1,7,23,11,17,13],[7,3,15,19,17,23,11,1,14,18,16,13,9],[23,19,3,17,7,15,11,1,14,9],[15,3,7,23,19,17,12,4,11,2,14],[19,15,23,7,11,3,17,1,14,10],[23,15,3,11,19,17,7,4,1,13],[3,19,1,11,7,15,23,13,17],[11,3,19,1,7,15,23,17,13],[3,11,7,23,15,19,1,17,13],[15,23,19,3,1,11,7,13,17],[3,11,19,1,23,7,15,17,13],[15,19,23,7,11,3,1,13,17],[19,15,7,3,17,11,23,1,13],[19,15,23,7,11,3,17,2,16,13,12,24,4],[15,7,23,3,11,19,17,1,16,13,18,12,4],[23,15,11,3,7,19,1,13,17],[19,11,7,23,3,1,15,13,17],[11,3,15,7,23,19,1,13,17],[23,7,19,15,11,3,1,13,17],[3,15,7,23,19,1,11,13,17],[3,11,15,7,19,1,23,17,14,9],[7,3,15,11,23,19,1,13,17],[19,3,1,23,11,15,7,13,17],[23,19,3,17,7,15,11,2,16,13,9,1],[19,15,3,1,7,23,11,17,14,21],[19,15,11,7,3,17,21,1,23,16,13],[7,11,15,23,19,3,17,2,16,13,1],[15,3,23,11,19,1,7,17,13],[3,11,15,19,17,23,7,4,1,16,13],[15,11,3,23,19,1,7,17,16,13,9],[19,23,15,7,11,3,17,4,1,13],[19,11,3,1,7,23,15,13,17],[23,7,19,11,15,3,17,1,14,9],[3,23,15,7,19,1,11,17,13],[19,23,3,1,15,7,11,17,14,20,9,13],[15,7,19,3,1,11,23,17,16,13,21],[11,7,19,23,15,3,1,13,17],[3,23,19,1,11,7,15,13,17],[19,3,17,11,23,15,7,2,16,13,5,1],[3,15,23,19,1,7,11,17,13],[3,7,23,15,19,17,11,1,13],[7,11,15,23,3,19,17,1,13],[11,7,15,3,19,1,23,13,17],[7,3,19,17,23,11,14,1,15,16,18,13,9],[11,19,23,7,15,3,17,1,16,14,20,13,10],[23,7,3,19,17,11,15,1,14,18,9,13],[23,11,7,15,3,19,17,1,13],[11,19,15,3,1,23,7,13,17],[11,23,7,19,15,3,17,2,14,4,16,18,13,9],[11,15,19,3,1,23,7,17,13],[23,11,7,3,19,1,15,17,13],[19,3,17,11,23,7,15,2,13,1],[19,23,3,17,15,7,11,1,16,13,9],[23,7,3,19,17,11,15,2,13,18,1],[19,7,15,23,11,3,1,13,17],[11,3,23,15,19,17,7,4,2,14,9],[3,11,15,23,19,17,7,1,14,12],[23,19,15,3,1,7,11,13,17],[19,11,3,1,7,23,15,17,14,22],[19,15,23,3,1,7,11,17,16,13,10],[19,15,23,7,11,3,1,17,16,13,22],[7,15,19,23,3,17,11,1,14,22],[7,11,3,19,17,23,15,1,16,13],[7,11,19,3,17,15,23,1,16,13,10],[15,3,11,7,19,17,23,2,14,1],[23,15,19,7,11,3,17,1,16,13,5],[11,19,3,1,7,23,15,17,13],[23,19,7,11,15,3,17,1,14,10],[15,11,3,23,7,19,17,1,13],[23,19,7,3,17,11,15,2,14,24,1],[15,11,3,19,17,23,7,1,16,13],[3,23,19,1,15,7,11,17,13],[15,23,11,3,19,1,7,13,18,17,9],[3,19,17,11,23,7,15,1,13],[11,19,23,15,3,17,7,1,16,13,12],[23,3,7,19,17,11,15,1,13],[7,23,19,11,3,17,15,1,16,13,12],[7,15,3,11,19,17,23,1,13],[11,19,7,23,15,3,1,13,17],[15,23,11,19,3,17,7,1,13],[7,11,15,23,19,3,1,17,13],[19,23,7,11,3,1,15,13,17],[11,23,19,3,17,15,7,4,1,13],[11,7,3,23,19,1,15,17,16,13,18,10],[15,11,3,19,17,7,23,1,13],[23,3,7,15,19,17,11,1,16,13,5],[7,11,19,23,15,3,17,1,13],[3,23,15,7,19,17,11,4,2,13],[19,11,23,15,7,3,17,2,14,1],[19,23,11,7,3,1,15,13,17],[19,15,7,3,1,23,11,17,13],[19,15,7,11,3,1,23,13,17],[23,7,19,3,1,15,11,14,17,4],[23,19,7,3,17,15,11,2,16,13,24,8,20,4,12,14],[3,23,19,17,15,7,11,2,14,4,9],[3,23,15,7,11,19,17,1,13],[15,11,7,3,23,19,1,13,17],[7,3,11,15,23,19,17,1,16,13,21],[19,15,3,17,23,11,7,1,13],[11,3,15,23,7,19,1,13,17],[3,15,23,19,17,7,11,2,14,20,1,10],[23,7,11,15,19,3,17,1,16,13],[7,19,11,23,3,17,15,1,13],[7,15,23,11,3,19,17,2,14,6,1],[3,15,19,1,11,23,7,17,13],[15,23,3,7,11,19,1,17,13],[7,23,19,11,15,3,1,13,17],[19,15,11,23,7,3,17,2,13,1],[11,3,23,7,15,19,17,1,16,13,20,9,21],[19,7,3,17,11,15,23,2,14,22,20,1,9],[15,7,19,23,3,17,11,2,13,1],[23,11,7,3,19,1,15,13,17],[11,19,3,1,7,23,15,13,17],[11,3,15,19,17,23,5,1,7,14],[15,11,3,7,23,19,17,1,16,13],[7,19,15,3,1,23,11,13,17],[19,7,3,17,15,23,11,4,16,13,2,12],[3,23,15,19,1,11,7,13,17],[3,7,23,11,15,19,1,13,17],[15,11,23,7,3,19,1,13,17],[19,7,11,3,1,23,15,13,17],[19,7,3,1,23,15,11,13,17],[3,11,15,7,23,19,17,1,22,13],[23,7,19,11,15,3,17,1,13],[3,11,15,23,19,17,7,1,13],[11,15,7,19,3,17,23,1,14,16,18,13,12],[3,19,1,15,7,23,11,18,13,17,12],[15,3,11,19,1,7,23,13,17],[3,23,15,7,11,19,17,2,14,9,8,4],[3,11,19,1,15,23,7,13,17],[11,15,7,23,19,3,17,1,13],[11,7,3,23,15,19,1,13,17],[15,23,3,11,19,17,7,2,13,10,1],[7,3,11,23,19,1,15,17,9,14],[23,11,7,15,3,19,17,1,16,13,12],[19,15,23,3,1,11,7,13,17],[3,11,19,1,7,23,15,13,17],[3,23,11,15,19,17,7,1,13],[7,19,11,23,15,3,1,17,13],[3,11,15,19,1,23,7,17,14,10],[23,7,15,19,3,17,11,1,16,13,10],[23,15,11,3,7,19,17,1,16,13,24],[7,23,3,15,19,1,11,17,14,12],[7,15,11,3,19,1,23,13,17],[19,15,23,3,1,11,7,13,17],[7,3,23,15,19,17,11,1,16,13],[11,3,19,1,7,15,23,17,14,9],[15,19,11,23,7,3,17,4,1,16,13],[7,19,11,15,3,1,23,17,13],[19,7,23,3,17,15,11,1,14,9],[15,7,19,11,3,17,23,1,16,13,12],[11,15,3,23,7,19,1,13,17],[23,19,7,15,3,1,11,17,16,13,4],[11,23,7,15,19,3,17,1,13],[3,23,11,19,1,7,15,13,17],[19,7,3,1,23,11,15,17,16,13,12],[15,3,11,23,19,1,7,17,16,13,20,12,4],[19,7,23,3,1,11,15,13,17],[15,7,11,3,23,19,1,13,17],[23,15,7,3,11,19,1,17,16,13],[11,3,23,7,15,19,17,1,16,13,10],[3,23,7,11,19,1,15,17,13],[23,11,19,7,15,3,17,2,13,24,10,1],[11,15,7,19,23,3,17,1,13],[3,7,11,15,23,19,1,13,17],[19,11,15,3,17,23,7,1,13],[3,23,11,7,15,19,1,13,17],[23,15,11,19,3,17,7,2,16,13,4,20,21,12,1],[7,19,3,17,11,23,15,1,16,13,10],[7,15,23,3,19,17,11,2,13,1],[23,11,7,19,15,3,1,13,17],[3,19,1,7,15,23,11,13,17],[15,3,19,1,11,7,23,13,17],[7,23,15,3,11,19,1,17,14,9],[3,19,1,23,15,11,7,17,13],[11,23,7,19,3,1,15,13,18,17,9],[15,3,23,19,17,7,11,1,14,5],[19,11,3,1,23,15,7,17,16,13,2],[23,11,15,3,19,17,7,1,14,5,16,18,13,9],[3,11,7,23,15,19,17,1,14,9],[11,7,19,15,23,3,17,1,14,13],[19,15,3,17,23,7,11,1,16,13,8,12],[11,23,15,7,3,19,17,1,14,10],[15,3,11,23,19,1,7,17,14,16,18,13,12],[3,11,19,1,15,7,23,13,17],[15,7,23,3,11,19,17,1,13],[19,11,23,15,7,3,1,17,14,13],[19,23,15,7,11,3,1,13,17],[7,11,3,19,1,15,23,13,18,17,10],[23,7,15,11,19,3,1,13,17],[15,19,7,11,3,1,23,17,16,13,22],[3,15,7,23,11,19,17,4,2,13],[19,23,7,3,1,15,11,13,17],[23,19,15,7,3,1,11,13,17],[15,19,7,23,11,3,1,17,14,12],[7,3,19,1,23,11,15,17,16,13,21],[11,19,15,23,7,3,1,17,13],[23,7,11,19,15,3,1,13,17],[7,15,11,3,23,19,1,13,17],[7,23,19,3,1,15,11,13,17],[3,15,11,19,17,23,7,1,16,13,10],[19,3,17,23,15,11,7,1,14,24],[19,11,7,15,23,3,17,1,14,10],[3,11,19,17,23,7,15,1,14,8,16,18,13,12],[23,7,19,11,15,3,17,2,13,1],[11,19,15,23,7,3,1,17,16,13,8,22],[3,7,15,23,19,17,11,1,13],[23,11,19,7,3,17,15,1,13],[3,11,19,1,23,15,7,17,14,9],[19,3,1,23,11,15,7,17,16,13,9],[3,19,1,7,11,23,15,17,14,12],[23,11,15,3,7,19,1,13,17],[7,11,15,3,23,19,17,1,16,13,9],[11,23,19,7,15,3,1,13,17],[23,7,15,3,19,17,11,4,1,13],[3,23,15,11,7,19,17,4,16,13,1],[11,19,7,15,23,3,1,17,13],[15,3,23,7,11,19,1,17,16,13,20,9],[19,23,7,15,3,1,11,17,14,9],[23,3,11,19,17,15,7,1,16,13,12],[7,19,11,23,3,17,15,1,16,13,24],[23,7,3,19,1,15,11,17,14,12],[7,11,19,15,3,17,23,2,4,13],[7,11,19,15,23,3,17,1,16,13,12],[23,11,15,7,3,19,1,13,17],[23,19,11,3,1,7,15,18,13,17,9],[7,23,3,11,19,1,15,17,16,13,9],[3,7,19,1,15,23,11,17,16,13],[7,3,15,23,11,19,17,2,13,8,1],[7,15,11,3,19,1,23,17,13],[3,23,15,11,19,17,7,1,14,9],[7,15,23,19,11,3,1,17,14,9],[11,15,7,3,19,17,24,1,23,16,14,18,13],[11,7,23,19,15,3,17,1,16,13,10],[19,15,3,1,23,11,7,17,16,13,12],[7,3,11,23,15,19,1,17,14,9],[19,3,1,7,23,15,11,17,13],[23,15,11,7,3,19,17,1,16,13],[15,19,23,3,17,7,11,1,14,9],[15,3,19,17,23,11,7,1,14,10],[23,3,15,19,17,9,7,2,16,13,1],[15,11,3,19,17,7,23,1,13],[15,3,19,17,11,7,24,23,1,13],[19,7,3,1,23,11,15,13,17],[15,11,7,23,19,3,1,13,17],[11,19,7,23,15,3,17,1,14,12],[11,3,15,23,19,17,6,7,1,13],[3,7,11,23,15,19,1,13,17],[11,19,3,17,23,15,7,1,14,10],[15,7,11,23,3,19,1,17,13],[7,15,11,23,3,19,1,13,17],[19,3,17,23,7,11,15,1,14,10],[23,11,15,3,7,19,1,13,17],[3,15,19,1,23,7,11,17,16,13,6],[15,7,23,11,19,3,1,17,14,4],[15,11,3,7,23,19,17,1,14,12],[19,3,1,11,15,23,7,17,14,2],[3,15,11,23,19,17,7,1,13],[23,15,19,3,17,7,11,1,14,24,21],[11,15,23,7,3,19,1,17,14,12],[7,11,15,23,3,19,17,1,16,13,12],[11,3,15,19,17,23,7,1,13],[19,15,11,7,23,3,17,1,16,13,10],[19,11,23,7,3,17,15,1,16,13,14],[3,23,15,7,11,19,1,17,16,13,12],[7,23,19,3,1,15,11,13,17],[23,19,11,3,17,15,7,1,13],[15,7,19,3,1,23,11,17,13],[3,15,7,19,17,11,23,1,14,16,18,13,12],[23,15,11,19,7,3,1,17,16,13,14],[19,3,17,7,23,11,15,1,14,16,18,13,10],[7,19,15,11,23,3,1,17,16,13,9],[23,7,11,15,3,19,1,13,17],[23,19,11,3,17,15,7,2,13,1],[11,15,19,23,7,3,1,13,17],[23,11,3,15,7,19,17,1,16,13],[11,15,23,7,3,19,17,1,14,4],[3,15,7,19,17,23,11,1,16,13,4],[7,3,23,19,17,15,11,2,13,1],[11,23,7,15,19,3,17,1,13],[11,23,19,7,3,1,15,17,14,21],[7,23,3,11,15,19,17,1,13],[15,19,23,3,17,7,11,2,16,13,9,4],[19,23,3,1,11,7,15,17,16,13,9],[15,19,7,3,17,11,23,1,13],[7,19,11,3,17,23,15,2,16,13,4,9],[7,15,11,19,3,17,23,1,16,13,12],[11,7,19,23,15,3,17,4,1,16,13],[19,7,3,17,23,15,11,2,16,13,8,18,1,9],[23,19,11,3,17,14,7,1,15,9],[3,19,17,11,23,15,7,1,16,13,18,12],[23,11,3,7,15,19,1,17,13],[7,23,15,19,11,3,17,1,13],[15,19,7,23,3,17,11,1,14,21],[3,23,7,11,15,19,17,1,13],[7,23,3,19,17,15,11,1,14,9],[3,7,19,17,15,23,11,1,16,13,12],[15,23,7,3,19,1,11,17,13],[7,23,15,11,19,3,1,17,16,13],[3,11,7,23,19,17,15,2,14,4,12],[7,3,15,11,23,19,17,1,13],[19,3,17,23,15,7,11,1,16,13,6,9],[15,19,7,3,17,22,11,1,23,14],[11,23,3,7,19,1,15,17,14,9],[19,23,15,3,1,7,11,17,22,16,13],[3,23,15,7,19,1,11,17,14,10],[15,7,19,3,1,11,23,13,18,17,12],[23,19,11,7,15,3,1,18,13,17,10],[7,23,19,3,17,11,15,2,14,18,1,12],[7,19,15,11,23,3,1,13,18,17,10],[23,19,15,11,3,1,7,17,13],[11,23,3,19,17,7,15,1,16,13,10],[7,3,11,23,19,1,15,17,13],[7,11,19,3,1,15,23,13,17],[23,11,15,7,19,3,1,17,16,13],[11,23,15,19,7,3,1,13,17],[11,3,23,15,7,19,17,2,13,18,1],[7,23,15,11,3,19,1,13,17],[19,3,17,11,7,15,23,1,13],[15,19,23,3,1,11,7,17,16,13,6],[23,11,3,15,7,19,17,1,13],[11,3,15,23,7,19,1,17,16,13,5,18,10],[3,23,7,15,11,19,17,1,13],[19,11,15,3,17,23,7,1,13],[7,15,23,3,19,17,12,1,11,14],[23,7,19,15,3,17,11,1,14,16,18,13,9],[3,11,7,23,15,19,17,1,14,18,12,13],[23,3,7,11,15,19,1,17,14,12],[19,15,3,17,5,11,23,2,7,13,18,1],[15,7,11,19,3,17,23,1,13],[19,11,3,17,23,15,7,4,2,13],[7,11,23,3,19,1,15,13,17],[23,19,15,11,7,3,17,1,13],[7,19,3,1,23,11,15,17,16,13,18,12],[7,15,3,11,23,19,17,4,1,16,13],[3,15,19,1,7,23,11,13,17],[7,15,23,11,19,3,17,1,14,12],[7,11,3,15,23,19,17,1,16,13],[19,7,3,17,11,15,23,1,14,10],[19,7,23,15,11,3,17,1,14,10],[19,3,1,23,15,7,11,17,14,9],[15,11,3,19,17,7,23,2,16,13,10,20,1],[15,23,11,19,3,17,7,1,14,18,9],[3,19,17,5,11,23,15,1,7,16,13],[19,23,11,3,17,15,7,4,1,16,13],[19,23,3,1,11,7,15,13,17],[11,3,19,17,23,15,7,1,16,13],[15,3,19,17,7,23,11,2,16,13,10,4],[19,15,11,7,3,17,23,1,16,13],[11,3,23,15,19,1,7,17,14,9],[15,3,7,23,11,19,17,1,14,13],[3,15,7,19,1,23,11,17,13],[3,15,19,1,11,7,23,17,14,21],[19,15,11,3,17,23,7,1,13],[15,11,7,19,3,1,23,17,13],[23,15,11,7,19,3,1,13,17],[23,19,3,17,11,7,15,1,13],[7,15,19,11,3,17,23,1,14,22],[23,7,15,11,19,3,17,1,16,13,20,9,18,14],[7,15,23,19,11,3,1,17,13],[7,3,15,19,1,11,23,17,14,21],[15,7,19,23,11,3,17,1,10,18,13],[19,23,7,3,1,15,11,13,17],[23,7,3,15,11,19,1,13,18,17,10],[15,23,3,11,19,1,7,13,17],[19,3,1,7,11,15,23,17,13],[15,3,23,19,17,7,11,1,14,10],[7,15,3,19,17,11,23,1,13],[3,7,11,15,23,19,17,1,16,13,9],[23,11,19,15,3,17,7,1,6,13],[23,11,7,3,15,19,1,13,17],[15,7,3,11,23,19,1,17,16,13,10],[23,11,15,19,3,1,7,17,16,13,18,12,14],[3,7,23,19,1,15,11,17,14,9],[23,15,3,19,17,7,11,1,14,10],[23,11,15,19,3,1,7,13,17],[23,3,7,11,15,19,17,1,13],[3,7,19,1,23,11,15,13,17],[23,7,15,19,11,3,1,17,14,24],[19,7,3,17,11,15,23,1,13],[15,7,23,3,11,19,1,13,17],[3,19,17,15,11,23,7,4,2,16,13,20,12,21,1],[7,19,11,23,15,3,1,13,17],[7,11,3,23,15,19,17,1,13],[15,23,11,3,19,17,7,1,14,20,9,13],[15,19,3,17,11,7,23,1,16,13,9],[7,3,23,19,17,11,15,1,14,12],[23,15,19,11,3,17,7,1,16,13],[19,23,3,1,7,11,15,13,17],[15,11,3,19,1,23,7,17,13],[23,3,7,19,1,15,11,13,17],[3,15,11,7,19,1,23,17,16,13,22],[3,7,11,19,1,23,15,17,13],[19,3,17,11,15,7,23,1,13],[3,11,23,7,15,19,1,17,13],[3,11,19,1,15,23,7,13,17],[23,15,11,3,7,19,17,1,16,13,20,10,9,14],[7,3,23,15,19,1,11,17,13],[15,3,23,19,17,11,7,2,13,1],[11,19,7,3,1,15,23,17,16,13],[23,7,11,3,15,19,1,13,17],[15,7,23,3,11,19,1,13,17],[15,11,23,3,19,17,7,1,13],[3,11,19,1,15,23,7,13,17],[3,23,15,19,17,11,7,1,14,9],[3,23,11,19,1,7,15,17,13],[23,19,3,17,11,15,7,1,14,16,18,13,12],[23,7,3,19,17,11,15,1,16,13,9],[3,23,15,7,11,19,17,1,16,13,6],[19,3,17,11,15,7,23,1,13],[23,11,19,15,7,3,1,13,17],[7,19,11,15,3,1,23,17,16,13,12],[3,15,7,19,1,23,11,13,17],[15,3,19,17,11,23,7,1,13],[11,7,23,15,19,3,1,13,17],[15,23,19,11,7,3,17,1,16,13,2],[11,7,23,3,19,17,15,1,16,13,12],[7,19,23,11,15,3,17,1,13],[7,19,23,11,15,3,17,1,13],[19,7,3,17,15,11,23,1,13],[19,11,3,1,15,7,23,17,16,13,10],[19,3,17,15,7,23,11,1,13],[15,3,7,11,19,1,23,17,13],[19,11,7,15,3,1,23,13,17],[11,7,3,15,19,17,23,1,14,21],[3,19,1,7,15,11,23,13,17],[3,15,7,23,11,19,1,17,13],[23,15,3,19,17,7,11,1,14,10],[11,15,7,3,23,19,17,1,16,13,12],[19,15,7,3,17,11,23,2,16,13,20,1,10],[19,7,15,23,11,3,17,1,13],[15,19,23,11,7,3,17,2,16,13,20,1,12],[7,3,15,23,11,19,17,1,16,13,21],[19,15,11,7,23,3,1,13,17],[3,7,11,19,17,15,23,1,14,24,9],[23,7,19,3,17,15,11,1,16,13,9],[7,19,23,3,1,15,11,13,17],[23,11,7,3,19,1,15,17,13],[15,19,3,17,23,11,7,1,13],[19,11,3,1,7,23,15,17,13],[23,15,11,19,3,1,7,13,17],[15,23,19,7,3,17,11,1,16,13,20,12,14],[7,15,3,23,11,19,1,17,14,10],[23,15,19,11,3,1,7,17,13],[15,19,23,7,3,17,11,1,13],[3,11,19,17,7,23,15,4,1,13],[23,15,7,19,11,3,1,17,13],[15,3,7,11,23,19,17,2,16,13,4,12],[23,7,15,19,3,1,11,17,14,10],[3,15,23,7,11,19,17,2,16,13,18,1,9],[15,19,23,3,17,7,11,1,14,12],[7,11,15,19,3,17,23,2,13,12,1],[15,23,7,11,19,3,1,17,12,14],[7,3,15,19,1,23,11,17,12,16,13],[11,3,15,23,19,1,7,14,17,10],[11,15,19,23,7,3,1,17,16,13,20,10,9,14],[7,19,23,11,15,3,1,13,17],[23,15,3,7,11,19,1,13,17],[7,11,19,3,1,23,15,13,17],[19,15,3,1,7,11,23,17,14,12],[15,7,19,11,3,17,23,4,1,13],[19,11,23,3,17,7,15,1,13],[15,3,11,19,17,7,23,1,14,2],[23,3,19,1,7,15,11,13,17],[19,7,15,23,11,3,1,13,17],[3,15,7,23,11,19,1,13,17],[15,23,3,19,17,7,11,1,14,18,12,13],[11,23,15,7,19,3,17,1,13],[3,11,15,19,1,23,7,13,17],[19,3,17,15,7,11,23,1,16,13,20,9],[15,19,23,11,7,3,1,13,17],[3,15,11,7,19,17,23,1,13],[11,3,15,7,23,19,17,2,14,1],[7,11,15,3,23,19,1,17,14,12],[19,7,15,11,23,3,1,17,16,13,24],[23,11,15,3,19,1,7,13,17],[15,7,3,23,19,1,11,13,17],[15,7,3,23,11,19,17,2,16,13,18,1,12],[7,3,11,23,15,19,17,1,14,22],[19,23,7,11,3,17,15,1,16,13],[19,23,11,3,17,15,7,1,16,13,10],[23,7,19,3,17,11,15,1,13],[19,7,3,1,23,15,11,17,16,13,9],[23,15,7,11,19,3,1,13,17],[11,3,7,23,19,17,15,1,13],[11,23,15,3,19,17,7,1,16,13],[23,15,19,7,11,3,1,13,17],[3,15,23,7,11,19,1,17,13],[15,19,11,3,1,7,23,13,17],[11,19,3,1,23,15,7,17,16,13,6],[3,19,17,23,7,15,11,1,16,13,10],[19,11,7,23,3,17,14,1,15,20,9,13],[3,19,17,7,23,9,15,1,13],[11,15,23,3,7,19,1,13,17],[15,7,23,3,19,1,11,13,17],[15,7,3,23,11,19,1,13,17],[19,15,7,23,3,17,11,1,14,21],[7,15,3,23,19,17,11,2,16,13,10,1],[7,23,3,11,19,17,15,1,13],[11,19,15,23,7,3,1,14,17,9],[7,19,23,3,1,11,15,17,14,10],[11,19,15,23,7,3,17,1,14,10],[15,23,19,7,11,3,17,1,14,16,18,13,9],[3,19,1,11,15,23,7,13,17],[23,19,15,11,3,17,7,1,14,10],[3,7,23,19,1,11,15,13,18,17,9],[7,19,11,3,17,15,23,2,13,9],[19,7,3,1,23,11,15,17,14,2],[3,11,23,7,15,19,17,4,1,13],[19,3,17,11,15,23,7,1,14,22],[19,3,1,7,15,23,11,17,16,13,18,12],[23,3,15,7,19,17,11,1,22,10,16,13],[15,11,19,23,7,3,17,1,14],[15,23,7,19,11,3,1,17,16,13,12],[3,19,1,23,15,11,7,13,17],[23,15,19,7,3,17,12,1,11,16,13],[11,3,15,23,7,19,17,1,14,10],[7,15,23,3,19,1,11,13,17],[7,3,23,15,11,19,1,17,16,13,9],[23,11,15,19,3,1,7,17,16,13,18,10],[7,15,3,11,19,1,23,17,16,13,18,10],[19,7,15,11,3,17,23,1,14],[15,11,19,23,7,3,17,1,13],[19,7,15,23,3,1,11,13,17],[15,3,23,19,1,7,11,13,17],[15,23,11,19,3,1,7,17,14,16,18,13,9],[3,15,11,7,23,19,17,2,16,13,1],[3,23,7,15,19,17,11,1,13],[15,23,19,7,11,3,17,1,16,14,13],[3,15,7,11,23,19,1,13,17],[7,11,23,19,15,3,17,1,14,8,12],[15,19,7,11,3,17,23,1,13],[3,19,17,7,15,9,23,4,2,16,13,20,11,1],[11,15,19,3,17,23,7,1,16,13,12],[7,15,3,11,19,17,23,1,16,13,22],[7,19,3,1,15,23,11,13,17],[3,19,1,23,11,7,15,13,17],[7,19,11,23,3,1,15,17,13],[7,3,11,23,19,1,15,13,17],[19,11,23,7,3,17,15,1,14,9],[19,23,15,3,17,7,11,1,16,13],[19,15,23,7,3,17,11,1,16,13,21],[19,3,1,7,15,23,11,13,17],[23,19,3,1,15,11,7,17,14,10],[19,15,7,11,3,1,23,13,18,17,12],[3,19,17,11,23,7,15,1,14,5,20,10,16,13],[19,15,3,1,11,23,7,17,18,14,9],[19,11,3,1,15,23,7,17,16,13,18,10],[7,11,15,3,19,1,23,13,17],[15,11,23,3,7,19,1,17,13],[19,11,23,7,3,1,15,13,18,17,9],[19,3,17,5,15,23,11,1,7,16,13,10],[15,7,19,11,3,17,23,4,1,13],[15,11,7,23,19,3,1,17,16,13,18,9],[19,11,15,3,17,7,23,1,16,13,12],[3,23,11,7,15,19,1,14,17,10],[15,3,11,19,1,7,23,17,16,13,18,10],[19,23,3,17,7,11,15,2,13,20,1],[11,19,15,23,3,17,7,1,14,2],[19,11,15,23,7,3,17,4,2,13],[11,23,19,3,1,7,15,17,13],[3,7,15,19,17,23,11,4,2,13],[3,7,19,17,11,15,23,1,16,13],[19,15,11,23,7,3,17,1,14,18,12,20,13],[7,19,3,17,23,15,11,1,14,10],[7,11,19,23,15,3,1,17,13],[23,7,19,15,11,3,1,13,17],[7,11,19,23,3,17,15,1,14,16,18,13,9],[7,3,15,11,23,19,17,1,14],[15,11,3,19,1,23,7,18,13,17,10],[7,3,23,19,1,15,11,13,17],[23,3,15,19,17,11,7,1,14,12],[19,23,7,15,3,17,11,1,14,20,12,13],[11,19,23,3,1,15,7,17,14,20,10,16,13],[11,3,15,19,1,23,7,17,13],[15,7,11,19,23,3,17,1,14,9],[11,7,23,19,15,3,1,13,17],[19,23,15,7,3,1,11,17,14,12],[23,3,19,1,11,15,7,17,12,13],[3,11,7,15,23,19,17,1,13],[23,15,11,19,3,1,7,17,14,4],[7,23,19,11,15,3,17,1,18,13,12],[19,23,11,7,15,3,17,1,13],[3,11,15,23,19,1,7,13,17],[19,3,1,7,23,11,15,13,17],[15,11,3,19,1,7,23,17,14,24,10],[15,11,3,7,19,17,23,1,16,13,12],[19,3,17,7,11,15,23,1,14,10],[7,19,15,23,3,17,11,2,16,13,4,1],[15,11,23,19,7,3,1,17,16,13],[7,19,15,3,1,11,23,17,14,9],[19,3,1,11,15,7,23,13,17],[15,23,3,11,7,19,17,1,13],[19,15,23,11,3,17,7,1,16,13,2],[23,3,15,7,11,19,17,1,16,13,10],[23,11,7,19,3,17,15,1,14,12],[23,7,19,15,11,3,1,17,14,12],[15,23,7,19,3,17,11,2,9,13],[23,11,15,3,19,1,7,17,13],[23,3,7,11,15,19,17,1,13],[23,7,15,19,3,1,11,17,13],[23,3,11,19,1,7,15,17,16,13,18,9],[7,3,23,11,15,19,1,13,17],[19,11,7,15,3,17,23,1,14],[15,7,3,23,11,19,17,1,16,13,8,5,12],[11,7,3,19,17,14,23,4,15,1],[19,15,23,7,11,3,1,17,14,10],[7,23,19,11,15,3,1,13,17],[7,11,15,3,19,17,23,1,16,13,12],[15,19,3,17,7,11,23,2,16,13,9,22,1],[11,7,15,3,19,17,23,1,13],[3,23,11,19,17,15,7,1,13],[19,7,3,1,11,23,15,13,17],[7,11,19,23,3,17,15,1,14,24],[11,19,23,15,7,3,1,17,16,13,20,12,9],[3,19,17,23,15,7,11,2,14,8,1],[15,3,11,7,23,19,1,13,17],[3,19,1,15,23,11,7,13,17],[3,11,19,1,7,15,23,17,16,13,18,12],[19,11,15,3,1,23,7,17,14,13],[3,15,23,11,7,19,1,17,14,22],[15,11,19,7,23,3,1,17,14,16,18,13,12],[7,15,23,3,19,17,11,2,16,13,1],[23,7,3,11,15,19,17,1,13],[3,23,15,19,17,11,7,1,13],[15,23,19,3,1,7,11,17,14,18,12,16,13],[23,7,15,3,11,19,1,13,17],[23,11,7,19,3,1,15,13,17],[7,23,15,19,11,3,1,13,17],[3,11,15,23,19,17,7,1,13],[3,19,1,7,15,23,11,13,17],[15,3,23,11,7,19,1,13,17],[19,23,3,1,11,15,7,13,17],[23,7,11,15,19,3,1,17,16,13,12],[15,3,19,17,11,23,7,4,1,16,13],[3,15,11,23,19,17,7,1,13],[3,7,19,17,23,11,15,2,13,9],[7,15,19,11,3,1,23,13,17],[3,7,23,15,19,17,11,1,14,9],[3,7,11,15,23,19,17,2,1,14],[11,3,19,1,15,7,23,17,16,13,20,9,24],[19,23,15,11,3,17,7,1,14,9],[19,7,11,15,23,3,1,17,16,13],[15,7,11,3,23,19,17,1,16,13,20,9,8],[7,15,23,19,11,3,1,13,17],[15,19,7,11,3,1,23,13,17],[3,23,7,15,19,1,11,17,13],[19,11,23,3,17,7,15,1,14,10],[11,3,23,19,1,15,7,13,17],[11,3,15,7,23,19,1,17,14,13],[7,11,15,23,19,3,1,17,13],[15,11,3,7,19,17,23,1,14,13],[3,15,23,19,17,7,11,1,14,13],[15,23,11,3,19,17,7,4,1,13],[11,3,15,19,17,23,8,1,5,13],[23,3,15,19,17,11,7,1,16,13],[3,23,7,11,15,19,17,1,16,13,12],[15,19,11,23,7,3,17,1,13],[3,23,19,1,7,15,11,13,17],[3,19,1,7,23,15,11,17,14,12],[23,15,19,7,3,17,11,2,13,12,1],[19,23,3,17,11,7,15,4,1,16,13],[11,3,23,15,7,19,1,13,17],[19,15,23,11,7,3,1,13,17],[19,15,23,3,1,11,7,13,17],[11,23,7,19,3,1,15,17,8,16,13],[19,3,17,23,7,11,15,2,14,1],[23,7,19,11,3,17,15,1,13],[19,11,3,1,15,23,7,13,18,17,12],[15,3,23,11,7,19,1,13,17],[7,23,15,3,11,19,1,17,16,13],[11,23,19,3,1,7,15,13,17],[23,3,15,11,7,19,1,17,14,9],[7,23,19,11,3,17,15,1,14,16,18,13,10],[23,15,3,7,11,19,1,17,16,14,18,13,12],[15,23,3,7,11,19,1,13,17],[3,11,7,23,19,1,15,17,14,12],[23,3,19,1,15,11,7,17,13],[23,19,11,7,3,1,15,17,13],[15,11,7,3,23,19,17,1,16,13,9],[7,15,19,23,3,17,11,1,13],[23,19,15,3,1,7,11,17,16,13,18,9],[11,15,3,19,1,23,7,13,17],[7,23,11,3,19,17,15,2,13,1],[23,11,3,15,7,19,1,13,17],[23,19,15,3,1,11,7,17,13],[7,19,15,23,11,3,1,17,16,13,10],[3,19,17,7,11,23,15,2,13,1],[19,15,23,11,7,3,1,17,13],[11,23,3,15,19,17,7,1,14,16,18,13,9],[3,19,17,15,11,7,23,4,2,16,13,10],[23,11,7,19,3,17,15,1,14,5,12],[15,19,7,23,11,3,17,1,16,13,10],[11,19,15,7,3,1,23,13,17],[19,11,23,7,15,3,1,17,13],[15,7,19,3,17,11,23,1,14,10],[19,11,23,15,3,1,7,13,17],[15,7,19,23,3,17,11,1,13],[7,11,15,23,3,19,17,2,13,1],[19,23,7,3,17,11,15,1,14,4],[23,11,15,19,3,1,7,13,17],[3,19,17,23,7,11,15,1,13],[19,3,1,11,15,23,7,17,14,9],[11,19,7,23,15,3,17,4,2,14,20,10,13],[15,19,3,17,5,23,11,1,7,16,13,2],[23,3,11,15,19,1,7,17,13],[15,19,3,17,7,11,23,1,13],[11,7,19,3,17,23,15,4,1,14],[23,19,7,11,3,1,15,17,14,10],[19,7,3,1,11,23,15,17,16,13],[7,23,3,11,19,1,15,17,13],[19,3,17,7,11,23,15,2,13,4],[15,19,23,7,11,3,1,17,16,13,21],[3,23,19,1,11,15,7,13,18,17,12],[3,7,19,1,15,11,23,17,14,9],[15,7,3,11,19,1,23,17,16,13],[19,23,7,3,1,15,11,17,16,13],[7,19,15,23,11,3,17,2,14,1],[15,23,7,19,11,3,1,17,14,9],[11,3,15,19,17,7,23,1,16,13],[19,23,15,7,3,1,11,13,17],[11,7,23,3,19,1,15,17,16,13],[11,7,23,15,3,19,1,13,17],[3,7,23,11,19,1,15,17,13],[23,7,15,19,11,3,17,4,2,13],[3,11,7,15,23,19,17,1,16,13,12],[3,19,17,7,15,11,23,1,16,13,2],[15,23,7,19,11,3,17,1,14,24,2],[23,3,11,19,1,15,7,17,13],[3,7,23,19,1,15,11,13,17],[23,15,19,7,11,3,17,1,13],[19,15,3,17,11,7,23,2,13,4],[7,11,15,19,3,17,23,4,1,13],[7,23,15,3,11,19,1,13,17],[11,3,7,19,1,15,23,17,16,13],[23,7,11,3,19,1,15,13,17],[7,3,11,15,23,19,17,1,16,13],[19,3,17,15,23,11,7,4,2,14,20,9,1],[19,15,3,17,7,11,23,1,16,13,9],[7,15,23,11,19,3,1,13,17],[7,19,23,15,11,3,1,17,16,13,24],[23,7,15,19,3,1,11,13,17],[23,11,3,7,19,17,15,1,22,14],[7,23,3,11,15,19,17,1,14,12],[7,3,11,15,19,17,23,2,12,16,13,18,1],[15,3,11,7,19,1,23,17,13],[11,3,15,19,1,23,7,13,17],[15,7,23,3,11,19,17,1,13],[15,19,23,11,7,3,1,13,17],[23,11,7,3,15,19,1,17,13],[3,19,1,7,11,23,15,17,13],[23,7,15,3,19,1,11,17,16,13],[7,23,15,3,11,19,17,1,13],[11,19,15,7,3,17,23,2,14,20,1,9],[19,3,17,15,7,10,23,1,11,14],[23,3,15,11,7,19,17,1,16,13],[15,3,7,23,19,1,11,13,17],[23,11,15,3,7,19,17,1,10,13],[19,15,7,3,1,11,23,13,17],[15,11,23,19,7,3,17,2,14,4,10],[23,19,7,15,11,3,1,13,17],[23,15,19,11,3,17,7,1,16,13,10],[3,11,7,19,1,23,15,17,14,9],[3,19,17,15,7,11,23,1,16,13],[3,19,17,7,15,23,11,1,13],[3,7,19,1,11,23,15,17,16,13,18,10],[19,23,11,15,3,17,7,1,14,20,9,2],[11,3,19,17,7,23,15,1,16,13],[3,23,19,17,15,7,11,1,13],[15,3,23,19,17,11,7,1,13],[11,7,19,15,23,3,17,2,13,1],[7,15,11,19,23,3,17,1,14,5,2],[15,7,11,23,19,3,17,1,16,13,9],[3,11,23,19,1,7,15,17,14,12],[19,23,15,7,11,3,17,2,14,1],[19,15,3,1,23,11,7,13,17],[3,7,11,15,23,19,17,2,16,13,4,12],[19,3,17,15,23,11,7,1,16,13,9],[23,15,11,7,3,19,1,13,17]],"n_human":7}