{"problem_id":"Q8ZMcp5SHNKniCj","sigma":150,"alpha":0.316,"cost":4,"probabilities":"[0.06, 0.48, 0.03, 0.43]","payoff_matrix":"[[-129, -27, -74, -75, -278, 20], [-61, 45, 69, -76, 57, 260], [101, -20, -68, 252, -107, 188], [-93, -151, -153, -66, 77, -76]]","uncovered":[[22,6,18,10,2,14],[10,22,14,2,6,18,24,12,20,8],[10,6,8,22,14,2,18],[6,18,20,2,10,12,22,24,14,8],[6,10,12,18,20,22,24,2,14,8],[22,2,6,10,18,14],[6,10,8,2,22,18,14],[14,2,22,18,6,10,12],[14,22,10,6,2,18],[22,2,6,10,18,14,24,12,20,8],[22,6,14,2,18,10],[10,2,18,12,6,8,14,22],[14,22,10,2,18,6,24,12,20,8],[14,6,18,20,2,22,24,10,12,8],[14,22,6,10,2,18,24,12,20,8],[22,14,10,18,6,2],[2,10,14,22,18,6,24,12,20,8],[22,2,6,14,10,18,12],[6,14,22,18,10,2,12],[14,2,22,10,18,6,12],[10,22,6,14,2,18,24,12,20,8],[2,18,22,10,14,6,12],[2,22,10,14,18,6,12],[14,10,22,2,18,6,24,12,20,8],[10,14,6,12,22,2],[6,2,10,8,22,14,18],[22,14,10,2,18,6,24,12,20,8],[18,6,20,22,24,2,14,10,12,8],[2,10,6,12,18,20,22,24,14,8],[22,14,2,6,18,10,24,12,20,8],[14,22,2,6,18,10,24,12,20,8],[2,10,18,12,22,6,14],[14,10,6,12,2,22],[6,14,2,10,8,18,12,22],[22,10,18,14,6,2,24,12,20,8],[18,10,20,12,6,2,14,22,24,8],[10,6,12,18,8,22,2],[18,6,20,14,22,24,10,12,2,8],[22,10,2,18,6,14],[10,18,20,12,14,2,6,22,24,8],[14,6,22,18,10,2,12],[14,22,6,2,10,18,12],[14,6,10,12,2,18,20,22,24,8],[2,10,14,18,20,12,6,22,24,8],[14,22,2,6,18,10],[6,18,20,10,12,22,24,2,14,8],[18,6,8,10,20,12,22,24,2,14],[6,10,8,2,22,14,18],[14,2,10,22,6,18,12],[10,14,2,18,12,22,6],[22,14,18,2,6,10,24,12,20,8],[18,22,14,6,10,2,24,12,20,8],[6,22,18,10,14,2],[2,18,22,14,10,6,24,12,20,8],[22,14,6,10,2,18,12],[22,6,14,2,10,18,12],[6,14,10,8,22,2,18],[14,22,6,18,10,2,24,12,20,8],[18,6,8,22,10,14,2],[18,2,6,8,10,20,12,14,22,24],[14,22,18,6,2,10,12],[6,14,10,12,18,20,22,24,2,8],[6,14,18,8,10,12,22],[10,6,12,2,18,8,14,22],[22,2,14,10,6,18,12],[10,14,18,12,2,6,8,22],[6,22,18,2,10,14,12],[22,18,6,2,14,10,12],[6,10,8,22,14,2,18],[10,2,6,12,22,18,14],[2,22,6,10,18,14,24,12,20,8],[2,18,22,14,6,10,12],[18,22,14,2,6,10],[18,14,10,20,12,6,22,24,2,8],[6,18,8,14,2,22,10],[2,14,18,22,10,6],[22,6,18,2,14,10,12],[10,2,22,18,6,14,12],[10,22,6,18,14,2],[14,22,18,10,2,6,24,12,20,8],[6,10,8,2,22,18,14],[6,22,18,10,2,14],[10,2,14,22,18,6,24,12,20,8],[10,18,20,12,22,24,14,2,6,8],[10,18,12,2,14,6,8,22],[10,18,20,12,14,2,22,24,6,8],[14,10,18,12,2,6,8,22],[22,14,10,18,6,2,24,12,20,8],[14,22,2,10,6,18,12],[22,18,14,10,2,6,12],[22,10,6,2,14,18,12],[6,14,2,22,18,10],[2,18,14,10,20,12,6,22,24,8],[6,14,18,20,2,10,12,22,24,8],[6,18,20,2,22,24,10,12,14,8],[2,10,22,6,18,14],[10,2,22,6,14,18],[14,10,2,6,8,22,18],[10,22,2,14,6,18,12],[2,18,6,20,14,10,12,22,24,8],[6,10,8,2,22,14,18],[22,14,10,6,18,2],[10,18,20,12,6,22,24,14,2,8],[22,14,18,6,2,10,12],[22,10,18,2,14,6,24,12,20,8],[14,18,22,2,10,6],[18,10,12,22,2,6,14],[2,14,6,22,18,10,12],[18,6,20,14,2,10,12,22,24,8],[14,6,10,8,2,18,20,12,22,24],[18,14,6,8,2,22],[22,2,10,18,6,14,12],[6,10,8,14,18,12,2,22],[6,14,2,18,8,10,20,12,22,24],[2,18,14,22,6,10],[6,2,22,10,14,18],[10,2,6,12,14,18,8,22],[6,10,8,14,2,22,18],[14,18,22,2,6,10,24,12,20,8],[14,6,10,8,18,20,12,22,24,2],[6,10,12,2,14,22],[22,10,18,6,14,2,24,12,20,8],[18,2,10,20,12,22,24,6,14,8],[2,22,18,10,14,6,24,12,20,8],[22,6,14,10,2,18,24,12,20,8],[22,18,6,10,14,2,24,12,20,8],[22,18,10,14,6,2],[10,22,6,2,18,14,24,12,20,8],[10,14,18,12,6,8,2,22],[22,2,6,10,14,18,12],[2,22,10,14,6,18],[10,22,14,6,18,2,12],[6,2,22,10,14,18],[18,10,12,22,6,2,14],[2,10,22,14,18,6,12],[18,2,6,20,14,22,24,10,12,8],[6,10,12,22,14,2],[2,22,18,6,10,14,24,12,20,8],[14,18,2,22,10,6,24,12,20,8],[18,2,6,8,10,12,22],[6,18,20,10,12,2,22,24,14,8],[6,10,8,18,20,12,14,2,22,24],[6,18,8,14,2,10,20,12,22,24],[14,10,22,2,18,6,24,12,20,8],[2,10,14,18,20,12,22,24,6,8],[6,18,20,14,22,24,10,12,2,8],[2,6,14,22,10,18,24,12,20,8],[22,10,14,2,18,6,24,12,20,8],[6,14,18,8,10,20,12,22,24,2],[18,2,22,6,10,14,12],[14,6,10,12,2,22],[22,18,10,14,6,2,24,12,20,8],[14,6,18,8,10,20,12,22,24,2],[2,6,10,12,22,14],[22,18,6,2,10,14,12],[6,10,8,14,2,18,20,12,22,24],[10,18,12,2,22,6,14],[10,6,12,22,2,18,14],[2,18,14,6,8,10,12,22],[10,14,2,18,12,6,8,22],[10,22,6,18,14,2],[2,6,14,18,20,10,12,22,24,8],[6,2,22,18,14,10,24,12,20,8],[6,14,18,8,10,12,2,22],[2,18,10,20,12,14,6,22,24,8],[2,22,6,10,14,18,12],[22,18,10,14,2,6,24,12,20,8],[6,10,8,2,14,22,18],[22,14,2,10,6,18,24,12,20,8],[10,22,6,14,2,18,24,12,20,8],[2,10,14,22,6,18,24,12,20,8],[14,6,18,8,2,10,20,12,22,24],[18,6,8,14,2,22,10],[10,22,6,14,2,18,12],[2,22,6,10,18,14,12],[2,14,22,18,10,6],[14,6,18,8,10,20,12,2,22,24],[10,14,2,22,18,6,12],[14,10,2,22,6,18,12],[10,6,12,18,20,14,2,22,24,8],[22,18,14,2,6,10,12],[10,2,22,6,18,14,24,12,20,8],[2,22,18,6,10,14],[6,10,12,18,20,14,22,24,2,8],[10,22,6,14,2,18,12],[18,10,20,12,2,6,14,22,24,8],[22,18,10,14,2,6,24,12,20,8],[18,14,10,12,22,6,2],[14,10,6,12,18,8,2,22],[6,14,10,12,18,20,2,22,24,8],[2,14,18,22,10,6,24,12,20,8],[18,22,14,10,6,2],[14,10,18,20,12,22,24,2,6,8],[6,18,20,14,10,12,22,24,2,8],[22,18,6,14,10,2,12],[2,14,6,10,12,18,8,22],[22,14,18,6,2,10,24,12,20,8],[10,14,22,2,6,18,12],[18,14,2,22,6,10,24,12,20,8],[18,6,20,2,10,12,22,24,14,8],[14,10,2,6,12,18,20,22,24,8],[6,14,18,20,2,10,12,22,24,8],[18,6,20,14,10,12,22,24,2,8],[10,22,14,18,2,6,12],[10,2,14,18,20,12,22,24,6,8],[18,10,20,12,6,14,2,22,24,8],[22,6,2,10,14,18,12],[6,14,18,8,22,2,10],[2,10,22,14,6,18,24,12,20,8],[10,22,14,18,6,2,12],[10,18,20,12,14,2,6,22,24,8],[14,2,22,10,18,6,12],[14,18,2,22,10,6,12],[18,6,20,14,22,24,10,12,2,8],[2,6,18,20,22,24,10,12,14,8],[6,2,14,22,10,18,12],[2,6,18,20,14,22,24,10,12,8],[18,2,14,6,8,22,10],[2,14,10,22,18,6,12],[14,6,10,8,22,2,18],[14,18,2,10,20,12,6,22,24,8],[10,6,8,2,18,12,22],[22,14,2,6,18,10,24,12,20,8],[6,14,2,22,10,18],[2,14,22,10,18,6],[2,6,22,14,10,18],[2,10,22,18,14,6,12],[22,2,18,6,14,10],[2,6,14,18,8,22,10],[6,2,14,18,20,10,12,22,24,8],[10,2,6,12,14,18,8,22],[6,22,14,10,2,18,24,12,20,8],[14,18,22,6,2,10,12],[14,22,6,18,10,2,24,12,20,8],[14,2,18,6,20,10,12,22,24,8],[22,6,18,2,10,14],[18,14,10,20,12,2,22,24,6,8],[22,18,10,2,14,6,12],[22,6,2,18,14,10,12],[22,14,10,6,18,2],[22,14,2,10,18,6,12],[10,14,18,20,12,6,22,24,2,8],[10,22,6,18,14,2,24,12,20,8],[18,10,20,12,22,24,6,2,14,8],[10,6,12,22,2,14],[2,18,22,14,10,6,24,12,20,8],[14,22,2,6,18,10],[6,2,10,12,18,20,14,22,24,8],[18,10,20,12,14,2,6,22,24,8],[2,18,22,6,14,10,12],[10,2,22,14,18,6,12],[22,18,2,10,14,6,24,12,20,8],[22,14,6,18,2,10,24,12,20,8],[14,2,22,18,10,6],[14,18,6,8,10,20,12,22,24,2],[14,6,10,8,22,18,2],[18,22,6,2,14,10,12],[2,10,22,6,14,18,24,12,20,8],[22,6,18,2,10,14],[18,6,20,2,22,24,14,10,12,8],[14,2,10,18,12,6,20,22,24,8],[6,2,18,20,10,12,22,24,14,8],[18,6,20,22,24,10,12,14,2,8],[14,2,18,22,6,10,24,12,20,8],[6,22,2,10,14,18,12],[22,18,14,6,2,10,12],[2,10,6,8,14,22,18],[14,10,22,18,6,2],[2,10,18,20,12,14,6,22,24,8],[14,6,22,10,18,2,24,12,20,8],[14,6,22,10,2,18,12],[14,10,22,6,2,18,24,12,20,8],[18,22,10,6,14,2,12],[2,10,18,12,6,20,14,22,24,8],[14,6,18,8,10,20,12,22,24,2],[6,10,12,2,18,8,14,22],[2,10,18,20,12,14,6,22,24,8],[2,6,14,10,8,18,12,22],[18,14,10,12,2,22,6],[18,6,8,22,2,10,14],[2,22,10,18,6,14,24,12,20,8],[10,18,20,12,6,14,22,24,2,8],[10,2,18,20,12,6,14,22,24,8],[10,14,2,6,12,18,20,22,24,8],[6,18,20,10,12,14,22,24,2,8],[10,2,14,18,20,12,22,24,6,8],[18,2,6,20,22,24,10,12,14,8],[14,22,6,2,18,10,12],[18,6,8,10,12,2,14,22],[14,10,6,8,18,12,2,22],[18,22,14,2,6,10],[2,6,14,22,10,18,24,12,20,8],[14,2,18,6,20,10,12,22,24,8],[22,10,18,14,2,6,24,12,20,8],[14,22,6,2,10,18,12],[18,6,20,14,10,12,2,22,24,8],[22,18,14,2,6,10,24,12,20,8],[22,14,2,18,6,10,24,12,20,8],[18,10,20,12,6,2,22,24,14,8],[22,6,18,10,2,14,24,12,20,8],[10,14,6,12,18,8,22],[14,18,10,12,6,20,2,22,24,8],[14,22,2,10,6,18],[18,10,12,6,20,2,14,22,24,8],[6,22,14,10,2,18,12],[18,10,12,6,8,2,14,22],[10,22,14,2,18,6,24,12,20,8],[18,6,8,14,2,22,10],[18,22,2,6,14,10,24,12,20,8],[6,22,18,14,2,10,12],[2,6,22,18,14,10,24,12,20,8],[18,6,20,10,12,22,24,2,14,8],[2,14,6,22,18,10],[18,14,6,20,22,24,10,12,2,8],[18,22,6,14,2,10,24,12,20,8],[2,14,22,10,18,6,12],[2,6,10,12,14,22],[2,18,22,6,10,14,24,12,20,8],[22,18,2,14,6,10,12],[18,2,14,6,8,10,20,12,22,24],[22,10,18,6,2,14,24,12,20,8],[6,14,18,8,10,20,12,22,24,2],[10,22,18,14,2,6,24,12,20,8],[10,18,12,22,6,14,2],[14,10,2,18,12,22,6],[2,22,6,18,10,14,12],[10,18,20,12,2,6,14,22,24,8],[14,22,18,6,10,2,12],[22,18,2,14,10,6,12],[18,6,20,22,24,2,14,10,12,8],[10,14,22,2,18,6,12],[6,10,8,14,22,2,18],[6,22,18,14,2,10,12],[22,6,18,10,14,2,24,12,20,8],[10,18,12,14,6,8,22],[14,22,10,2,18,6,12],[6,22,14,10,18,2,24,12,20,8],[6,14,22,10,18,2,24,12,20,8],[18,14,22,10,2,6,12],[2,10,22,18,6,14,24,12,20,8],[22,10,14,2,18,6,24,12,20,8],[10,2,18,20,12,6,22,24,14,8],[14,22,18,6,10,2,12],[14,22,10,2,18,6,24,12,20,8],[2,22,10,14,18,6],[18,6,8,22,14,10,2],[14,2,22,18,6,10,12],[14,10,18,20,12,22,24,2,6,8],[22,10,18,2,6,14],[14,22,6,2,10,18,24,12,20,8],[6,22,10,18,2,14,12],[22,6,14,10,18,2,24,12,20,8],[18,10,20,12,14,6,2,22,24,8],[22,18,2,6,10,14],[22,18,6,14,2,10,12],[22,6,14,10,18,2,12],[2,10,14,6,12,22],[18,2,22,6,10,14,12],[14,2,18,22,6,10,24,12,20,8],[14,22,10,6,18,2,24,12,20,8],[2,6,14,22,18,10,24,12,20,8],[18,22,6,10,2,14,12],[14,6,10,12,22,18,2],[2,22,18,14,6,10,24,12,20,8],[18,22,6,10,2,14,24,12,20,8],[22,6,10,18,2,14],[6,22,14,18,2,10,12],[22,14,6,10,18,2,12],[18,22,10,2,14,6,12],[2,14,10,22,18,6],[6,22,14,18,2,10,24,12,20,8],[10,22,14,18,6,2],[14,18,10,20,12,6,2,22,24,8],[10,6,8,18,20,12,22,24,14,2],[6,22,14,10,18,2,12],[18,22,10,14,2,6,12],[10,2,18,20,12,14,22,24,6,8],[22,14,18,10,6,2,12],[6,10,8,2,22,18,14],[2,6,10,12,14,22],[6,18,20,22,24,10,12,14,2,8],[22,6,18,2,14,10,24,12,20,8],[22,18,14,2,10,6,24,12,20,8],[14,2,18,22,10,6,24,12,20,8],[14,6,22,2,18,10,24,12,20,8],[22,10,14,6,2,18,24,12,20,8],[22,6,10,2,14,18,24,12,20,8],[2,18,14,6,8,22,10],[22,14,10,6,18,2],[22,2,14,6,18,10],[6,18,8,22,14,10,2],[2,22,18,10,14,6,12],[2,10,6,12,18,8,14,22],[14,22,10,6,2,18],[14,22,10,2,6,18,12],[2,14,18,10,12,6,20,22,24,8],[2,22,14,6,10,18,12],[22,18,10,14,6,2,12],[10,18,12,22,6,14,2],[2,22,18,6,14,10,12],[6,18,8,10,20,12,2,14,22,24],[6,18,20,10,12,22,24,2,14,8],[22,10,18,14,6,2],[14,10,6,12,2,22],[2,14,10,6,12,22],[14,18,2,10,12,22,6],[6,14,22,10,2,18,24,12,20,8],[2,18,6,8,14,22,10],[18,22,6,14,2,10],[6,22,18,2,14,10],[2,18,22,6,14,10,24,12,20,8],[6,14,22,18,10,2],[22,2,6,18,10,14,12],[10,6,8,2,18,12,14,22],[14,18,10,20,12,6,2,22,24,8],[14,18,22,6,2,10,24,12,20,8],[14,22,10,6,2,18,24,12,20,8],[6,14,2,22,10,18],[10,2,6,8,22,14,18],[2,14,10,22,6,18,12],[18,6,20,10,12,2,22,24,14,8],[10,18,20,12,22,24,14,2,6,8],[22,2,10,14,18,6,12],[10,22,18,2,6,14,12],[10,14,22,6,2,18,12],[18,14,6,8,10,12,2,22],[14,10,6,12,22,2],[10,22,6,14,2,18,12],[14,6,22,2,18,10,12],[22,18,2,6,14,10,24,12,20,8],[6,10,12,14,2,22],[6,2,22,10,14,18,12],[18,14,10,20,12,2,22,24,6,8],[10,18,12,2,6,8,22],[22,6,10,2,18,14,12],[14,22,2,6,10,18,24,12,20,8],[6,22,10,2,18,14],[14,22,6,10,2,18],[14,6,2,22,18,10,12],[22,18,6,10,14,2,12],[22,10,18,6,14,2,12],[22,10,6,18,14,2,24,12,20,8],[2,10,18,12,22,14,6],[18,10,12,6,8,22,2],[6,22,18,14,10,2],[10,6,8,22,2,14,18],[22,6,14,10,18,2],[2,6,18,20,22,24,14,10,12,8],[10,14,2,6,12,22],[10,14,2,6,8,18,20,12,22,24],[22,14,2,18,10,6,24,12,20,8],[10,14,22,18,2,6],[6,14,10,12,2,22],[6,18,8,22,10,2,14],[18,14,22,6,2,10,24,12,20,8],[14,10,6,8,22,18,2],[14,22,10,2,18,6,24,12,20,8],[10,14,6,12,22,18,2],[22,14,18,6,2,10],[22,2,18,10,14,6,12],[14,18,10,20,12,2,22,24,6,8],[6,22,2,18,14,10,12],[2,18,14,10,12,6,8,22],[6,10,8,22,14,18,2],[18,14,2,6,20,10,12,22,24,8],[14,2,22,18,6,10],[6,14,18,8,2,10,20,12,22,24],[18,6,8,22,14,2,10],[6,2,22,10,18,14,24,12,20,8],[2,10,18,20,12,6,22,24,14,8],[10,14,18,20,12,2,22,24,6,8],[6,14,10,8,2,18,12,22],[10,22,14,6,18,2,24,12,20,8],[6,22,2,18,10,14,24,12,20,8],[14,10,22,6,18,2,24,12,20,8],[10,22,6,18,2,14,24,12,20,8],[18,10,12,22,6,14,2],[2,6,18,8,10,20,12,14,22,24],[14,10,6,8,22,2,18],[6,18,20,2,22,24,14,10,12,8],[18,6,20,10,12,22,24,2,14,8],[10,18,12,22,6,14,2],[2,6,18,20,14,22,24,10,12,8],[14,10,2,6,12,22],[18,2,22,14,6,10,24,12,20,8],[10,6,12,22,18,14,2],[6,22,18,2,10,14],[2,22,18,10,14,6,12],[6,10,12,14,18,8,22],[22,2,14,6,18,10,12],[10,18,12,2,22,6,14],[18,10,12,22,6,2,14],[6,14,18,8,22,2,10],[6,18,8,2,14,10,12,22],[14,2,6,18,8,10,12,22],[6,14,10,12,22,18,2],[6,22,10,2,18,14,24,12,20,8],[22,6,14,2,18,10],[22,10,18,14,2,6],[22,6,14,2,18,10,24,12,20,8],[18,22,10,6,14,2,12],[18,22,14,2,10,6,12],[2,14,6,18,8,22,10],[14,22,6,18,10,2,12],[2,10,18,20,12,22,24,14,6,8],[14,18,6,20,10,12,22,24,2,8],[2,18,10,20,12,6,22,24,14,8],[18,14,2,22,6,10,24,12,20,8],[6,18,8,10,20,12,14,22,24,2],[10,14,18,20,12,22,24,2,6,8],[18,14,2,10,12,22,6],[2,6,10,12,18,20,14,22,24,8],[6,10,12,22,2,18,14],[10,22,18,6,14,2,24,12,20,8],[10,22,14,18,2,6,12],[18,10,12,6,20,2,22,24,14,8],[6,10,8,22,14,2,18],[14,22,2,10,6,18,24,12,20,8],[10,18,12,22,6,14,2],[2,10,18,12,14,6,20,22,24,8],[22,6,18,10,2,14,12],[18,14,10,12,2,6,8,22],[10,18,20,12,22,24,2,14,6,8],[10,2,22,6,14,18,24,12,20,8],[2,18,10,20,12,22,24,14,6,8],[6,10,8,14,22,18,2],[10,18,20,12,22,24,2,14,6,8],[6,2,10,8,14,18,12,22],[10,6,12,22,2,18,14],[22,6,18,14,10,2,24,12,20,8],[2,22,10,14,18,6],[18,6,20,22,24,14,10,12,2,8],[14,10,6,8,18,12,22],[6,10,12,22,14,2],[22,10,18,2,6,14],[2,10,22,18,14,6,12],[10,2,22,6,18,14,12],[18,6,8,22,2,10,14],[10,2,18,12,6,8,22],[18,14,2,22,6,10],[18,14,2,6,8,10,20,12,22,24],[2,22,10,14,18,6,24,12,20,8],[6,10,12,22,2,18,14],[22,10,18,6,14,2],[14,18,6,20,2,22,24,10,12,8],[6,22,18,10,2,14],[18,10,12,14,2,6,20,22,24,8],[10,6,8,18,12,2,22],[2,18,6,8,14,22,10],[22,10,14,18,6,2,12],[6,22,14,10,18,2,12],[18,2,14,6,8,22,10],[14,22,18,2,10,6,24,12,20,8],[18,14,10,20,12,22,24,2,6,8],[14,6,22,2,18,10,24,12,20,8],[14,18,2,10,12,6,20,22,24,8],[6,18,8,22,14,2,10],[18,10,12,22,2,6,14],[18,10,12,6,20,22,24,14,2,8],[22,18,2,14,6,10,24,12,20,8],[18,22,6,2,10,14],[22,14,10,6,18,2,12],[18,14,6,8,10,12,22],[2,18,14,6,8,22,10],[6,14,18,20,2,22,24,10,12,8],[18,2,10,12,6,20,14,22,24,8],[14,22,10,6,2,18,12],[10,6,12,2,18,8,22],[6,22,2,18,10,14],[22,18,2,6,10,14],[10,6,12,14,18,8,2,22],[6,2,18,8,22,10,14],[22,2,10,14,18,6,24,12,20,8],[6,14,2,18,8,22,10],[18,10,12,2,22,6,14],[22,18,14,2,10,6],[14,6,22,2,10,18,12],[18,2,6,8,14,22,10],[14,2,22,6,10,18,24,12,20,8],[22,10,2,6,14,18,24,12,20,8],[2,22,18,10,6,14,12],[18,14,22,2,10,6],[14,2,10,22,18,6],[10,22,6,2,18,14,12],[2,14,22,10,6,18,24,12,20,8],[14,6,18,8,22,2,10],[22,14,18,10,6,2,24,12,20,8],[22,6,2,10,14,18,12],[2,18,10,12,14,6,8,22],[18,2,6,8,14,22,10],[2,18,14,6,20,22,24,10,12,8],[14,2,10,22,6,18,24,12,20,8],[14,18,10,12,2,22,6],[6,14,22,2,18,10,24,12,20,8],[10,14,6,12,18,20,2,22,24,8],[10,6,8,18,12,22,2],[14,18,2,22,6,10],[14,22,2,10,6,18,12],[10,14,18,20,12,22,24,2,6,8],[6,2,18,8,14,10,12,22],[2,14,18,22,10,6,12],[10,6,12,22,14,2],[22,6,10,2,14,18,24,12,20,8],[22,14,18,2,6,10,12],[2,6,18,20,14,22,24,10,12,8],[6,2,14,22,10,18,12],[14,22,10,2,6,18],[10,22,2,18,14,6,24,12,20,8],[22,10,18,14,6,2,12],[2,10,14,6,12,18,8,22],[2,6,22,18,14,10,12],[22,6,18,14,2,10,24,12,20,8],[14,6,10,12,18,20,2,22,24,8],[14,2,6,18,20,22,24,10,12,8],[10,22,2,14,18,6],[18,2,14,10,20,12,22,24,6,8],[10,22,6,14,18,2,12],[10,18,20,12,6,2,14,22,24,8],[2,22,6,10,14,18,12],[14,10,22,6,18,2,24,12,20,8],[14,10,22,6,2,18,24,12,20,8],[6,2,18,20,22,24,10,12,14,8],[2,6,10,8,14,18,12,22],[22,2,18,6,10,14,24,12,20,8],[2,18,10,20,12,22,24,6,14,8],[2,10,6,12,14,18,8,22],[22,18,2,14,6,10,24,12,20,8],[6,14,10,12,2,18,8,22],[2,10,6,12,18,8,14,22],[2,22,18,10,14,6,12],[14,6,18,8,2,10,20,12,22,24],[18,6,20,22,24,10,12,14,2,8],[14,10,18,12,22,2,6],[6,22,2,10,18,14,12],[10,6,12,18,8,22,2],[18,22,6,2,10,14,24,12,20,8],[18,22,2,14,6,10,24,12,20,8],[18,22,14,10,2,6,12],[2,22,18,6,10,14,12],[10,14,6,12,22,18,2],[2,18,6,8,10,20,12,14,22,24],[10,6,8,14,2,18,20,12,22,24],[14,22,18,10,2,6,24,12,20,8],[10,18,20,12,6,2,14,22,24,8],[22,6,18,10,2,14,24,12,20,8],[6,18,20,2,14,10,12,22,24,8],[14,2,6,10,12,22],[2,10,22,18,14,6],[14,10,22,6,18,2,24,12,20,8],[6,22,10,2,18,14,12],[18,10,12,2,22,14,6],[18,14,2,22,10,6,12],[14,10,22,6,2,18,24,12,20,8],[2,10,18,20,12,14,6,22,24,8],[22,10,18,2,6,14,12],[14,6,2,18,20,10,12,22,24,8],[18,2,10,12,14,6,8,22],[18,22,14,10,6,2,12],[6,14,22,18,10,2,12],[2,6,10,12,14,18,20,22,24,8],[2,14,10,22,6,18,24,12,20,8],[14,6,18,20,10,12,22,24,2,8],[10,6,8,14,2,18,12,22],[6,14,22,2,18,10,24,12,20,8],[18,10,20,12,2,22,24,14,6,8],[22,14,2,18,6,10,12],[2,14,22,10,18,6,24,12,20,8],[18,2,22,14,10,6,12],[14,10,2,6,8,18,12,22],[18,2,10,20,12,6,22,24,14,8],[10,6,12,14,18,8,2,22],[10,6,12,22,18,2,14],[10,14,2,18,12,6,20,22,24,8],[22,14,18,10,6,2],[2,6,18,20,10,12,22,24,14,8],[6,18,8,22,10,14,2],[6,2,10,8,18,20,12,14,22,24],[2,14,18,6,20,22,24,10,12,8],[10,14,18,12,2,22,6],[22,10,2,14,6,18,24,12,20,8],[14,10,18,20,12,22,24,2,6,8],[22,10,14,6,18,2],[22,14,10,2,6,18,24,12,20,8],[18,10,20,12,14,22,24,6,2,8],[2,10,22,6,18,14,24,12,20,8],[6,22,18,10,14,2],[14,6,18,20,22,24,10,12,2,8],[14,22,18,10,2,6],[2,22,18,6,14,10,24,12,20,8],[10,2,22,6,18,14,12],[18,6,20,2,10,12,22,24,14,8],[18,6,8,22,14,2,10],[2,10,6,12,14,22],[18,14,10,12,22,2,6],[14,18,22,6,2,10,24,12,20,8],[2,14,6,22,10,18],[22,14,6,18,2,10,24,12,20,8],[2,6,14,22,18,10,24,12,20,8],[14,22,2,6,10,18,12],[2,6,18,8,10,12,22],[22,6,2,10,18,14,24,12,20,8],[14,10,18,12,6,20,22,24,2,8],[18,22,14,6,2,10,24,12,20,8],[2,14,6,10,8,18,20,12,22,24],[22,6,18,2,14,10,12],[18,10,12,14,22,6,2],[18,10,20,12,14,22,24,6,2,8],[2,6,10,8,14,22,18],[18,2,14,22,10,6,24,12,20,8],[22,14,2,6,18,10],[22,18,2,10,14,6],[10,22,6,18,14,2,12],[6,18,20,22,24,2,14,10,12,8],[2,14,6,18,8,22,10],[18,6,20,10,12,22,24,14,2,8],[22,2,14,6,10,18,24,12,20,8],[2,6,22,18,14,10,12],[22,18,6,2,14,10],[22,14,2,6,10,18],[14,18,22,2,6,10,24,12,20,8],[10,14,2,6,8,22,18],[18,22,6,2,10,14],[6,10,8,2,18,20,12,22,24,14],[22,10,14,18,2,6,12],[22,10,14,2,6,18],[22,6,14,18,2,10],[22,6,2,10,18,14,12],[14,22,6,18,2,10,24,12,20,8],[10,2,22,6,18,14],[22,10,6,14,18,2,12],[6,22,10,18,2,14,12],[2,14,6,10,8,18,20,12,22,24],[10,22,14,18,2,6,24,12,20,8],[14,18,2,10,20,12,22,24,6,8],[18,2,22,10,6,14,12],[2,18,22,14,6,10,24,12,20,8],[6,22,14,10,18,2],[10,18,20,12,14,6,22,24,2,8],[18,2,6,8,14,10,20,12,22,24],[22,2,6,10,18,14,24,12,20,8],[18,10,12,2,14,6,8,22],[18,6,20,22,24,14,10,12,2,8],[18,10,20,12,2,14,6,22,24,8],[14,6,10,8,22,2,18],[22,10,14,6,18,2,12],[10,18,12,22,14,6,2],[2,6,14,10,8,22,18],[18,10,20,12,14,6,2,22,24,8],[14,22,18,6,2,10],[18,2,10,12,6,8,14,22],[22,14,6,18,10,2,24,12,20,8],[14,22,6,18,10,2],[6,18,8,2,22,10,14],[18,10,20,12,6,2,22,24,14,8],[10,14,2,6,8,18,20,12,22,24],[14,22,10,18,6,2,12],[6,10,12,2,14,18,8,22],[22,10,2,6,18,14,12],[10,14,2,18,20,12,6,22,24,8],[6,22,18,10,2,14,24,12,20,8],[18,10,20,12,14,6,2,22,24,8],[10,22,14,2,18,6,12],[22,2,6,10,14,18,12],[22,18,2,10,6,14,24,12,20,8],[18,14,6,20,22,24,10,12,2,8],[18,14,22,6,10,2,12],[18,22,2,6,10,14],[14,2,22,18,6,10,24,12,20,8],[10,2,14,22,6,18],[6,2,10,12,18,20,14,22,24,8],[6,2,14,10,8,18,12,22],[6,22,10,2,14,18],[10,22,6,14,2,18],[10,22,2,14,18,6,12],[2,6,22,18,14,10],[6,18,8,14,10,12,2,22],[2,10,22,18,14,6],[18,2,6,8,22,10,14],[2,22,14,10,18,6,24,12,20,8],[2,18,22,6,10,14,24,12,20,8],[18,14,22,6,2,10,12],[6,2,22,18,10,14,24,12,20,8],[14,6,10,12,18,8,2,22],[22,6,2,14,10,18,24,12,20,8],[2,22,14,6,10,18,12],[10,22,2,6,18,14],[2,10,22,18,6,14,12],[14,22,10,18,6,2],[10,2,6,8,22,18,14],[18,10,20,12,6,14,22,24,2,8],[6,10,12,2,14,18,20,22,24,8],[10,2,22,6,18,14,24,12,20,8],[2,18,22,14,6,10,24,12,20,8],[6,2,14,10,12,18,8,22],[22,2,14,10,18,6,12],[14,18,22,2,6,10],[18,22,6,10,14,2,12],[22,18,14,10,6,2,24,12,20,8],[14,6,18,8,22,2,10],[6,14,2,18,20,22,24,10,12,8],[18,6,8,14,22,10,2],[14,22,10,18,6,2,24,12,20,8],[14,10,22,2,18,6],[18,14,22,2,6,10],[18,14,22,2,6,10,12],[18,22,6,10,14,2,24,12,20,8],[22,14,18,2,6,10,12],[18,22,6,14,10,2,12],[14,22,10,18,2,6,24,12,20,8],[10,6,8,14,18,20,12,22,24,2],[14,10,18,20,12,6,2,22,24,8],[18,6,8,2,14,10,20,12,22,24],[18,2,6,20,22,24,10,12,14,8],[2,14,18,6,20,22,24,10,12,8],[10,2,6,12,22,18,14],[6,22,14,18,10,2,12],[18,22,10,6,14,2,12],[6,22,18,14,2,10,24,12,20,8],[14,6,2,10,8,22,18],[2,22,6,18,14,10,12],[10,2,18,20,12,6,14,22,24,8],[6,2,22,18,10,14],[6,2,10,8,22,18,14],[14,2,22,18,10,6,24,12,20,8],[2,14,22,18,6,10,12],[18,6,20,22,24,10,12,14,2,8],[6,14,22,10,18,2,24,12,20,8],[10,18,20,12,2,14,22,24,6,8],[6,10,12,2,18,20,14,22,24,8],[18,10,12,2,6,8,14,22],[22,14,2,6,18,10,24,12,20,8],[18,22,6,14,10,2,12],[22,2,14,10,18,6,24,12,20,8],[18,10,20,12,6,22,24,2,14,8],[2,10,22,14,18,6,24,12,20,8],[22,6,14,18,10,2,24,12,20,8],[6,10,8,2,22,14,18],[2,14,6,10,8,18,20,12,22,24],[6,2,22,18,10,14],[22,10,14,6,2,18],[22,10,18,6,2,14,24,12,20,8],[18,2,6,8,22,14,10],[18,10,20,12,6,2,14,22,24,8],[6,18,20,14,10,12,22,24,2,8],[2,10,14,18,12,6,8,22],[22,14,10,18,6,2,24,12,20,8],[6,10,8,14,2,18,20,12,22,24],[18,6,20,10,12,2,22,24,14,8],[14,10,2,18,20,12,22,24,6,8],[6,10,8,2,22,18,14],[18,22,2,6,10,14,12],[18,22,6,14,10,2,24,12,20,8],[18,10,20,12,6,2,14,22,24,8],[2,18,6,8,10,20,12,14,22,24],[10,2,22,6,18,14,12],[10,14,2,18,12,6,8,22],[2,18,6,8,22,10,14],[6,18,20,22,24,14,10,12,2,8],[14,10,22,2,6,18],[14,2,22,10,6,18,12],[10,22,6,14,2,18,12],[14,6,18,8,22,2,10],[14,6,2,10,12,22],[18,2,14,6,20,10,12,22,24,8],[18,2,14,6,8,22,10],[6,2,14,18,8,22,10],[14,6,18,20,10,12,2,22,24,8],[18,6,20,22,24,2,10,12,14,8],[6,2,22,14,10,18,12],[14,22,10,2,18,6,12],[18,10,20,12,14,6,22,24,2,8],[10,6,8,14,22,2,18],[2,18,10,20,12,6,14,22,24,8],[10,18,12,22,14,6,2],[10,2,22,14,6,18,24,12,20,8],[18,6,8,10,20,12,2,14,22,24],[14,10,22,2,18,6,12],[18,10,20,12,22,24,6,2,14,8],[18,10,12,14,22,6,2],[14,10,2,6,12,18,8,22],[2,14,6,10,12,22],[14,22,18,2,6,10,24,12,20,8],[2,6,10,12,22,18,14],[2,22,6,14,10,18,12],[2,6,18,20,10,12,22,24,14,8],[2,10,14,22,6,18],[10,6,8,2,14,22,18],[18,14,6,8,22,2,10],[14,22,2,10,18,6,24,12,20,8],[22,18,10,14,6,2,24,12,20,8],[2,18,22,6,10,14,24,12,20,8],[18,10,12,6,8,2,22],[22,10,6,18,14,2,12],[22,10,6,14,18,2,12],[10,22,6,18,14,2,24,12,20,8],[18,2,14,10,12,6,8,22],[6,14,10,12,22,2],[6,2,22,10,18,14],[6,18,8,10,12,2,14,22],[10,22,18,6,14,2,24,12,20,8],[18,22,2,14,10,6],[22,18,2,14,6,10,24,12,20,8],[6,18,8,2,14,10,12,22],[6,14,2,18,8,22,10],[14,18,6,8,2,22,10],[18,22,10,6,14,2,12],[6,10,12,22,18,14,2],[18,2,6,8,10,20,12,14,22,24],[6,18,8,10,20,12,14,2,22,24],[14,18,6,8,22,10,2],[22,6,2,18,14,10,24,12,20,8],[2,6,14,10,8,18,20,12,22,24],[18,2,14,22,10,6,24,12,20,8],[14,10,18,12,6,8,2,22],[22,6,18,14,10,2],[18,10,20,12,2,6,22,24,14,8],[6,18,20,22,24,14,10,12,2,8],[6,2,14,10,8,22,18],[6,10,8,14,22,18,2],[22,6,14,2,10,18,12],[22,10,6,14,18,2],[6,22,14,2,18,10,24,12,20,8],[2,10,22,18,6,14,24,12,20,8],[10,14,6,12,22,2],[22,18,2,10,6,14,12],[6,18,20,22,24,2,14,10,12,8],[2,18,22,10,14,6,12],[14,22,10,2,6,18,12],[2,22,10,18,6,14,24,12,20,8],[10,6,8,22,18,14,2],[2,10,18,12,14,22,6],[14,22,18,6,10,2,24,12,20,8],[10,22,18,14,6,2],[18,6,8,22,2,10,14],[10,18,20,12,22,24,2,6,14,8],[14,6,10,8,18,12,2,22],[10,14,18,20,12,22,24,2,6,8],[10,2,22,18,14,6,24,12,20,8],[18,2,10,20,12,14,22,24,6,8],[14,2,6,18,20,10,12,22,24,8],[2,10,14,22,18,6,24,12,20,8],[6,18,8,22,10,14,2],[10,2,14,22,6,18,12],[14,22,18,6,2,10,24,12,20,8],[2,22,6,14,10,18,24,12,20,8],[22,18,14,10,6,2,12],[6,14,18,20,22,24,10,12,2,8],[6,10,12,14,18,8,22],[18,2,10,12,14,6,8,22],[2,14,22,6,10,18],[18,22,6,10,14,2,24,12,20,8],[18,2,10,12,22,14,6],[6,22,18,14,2,10,12],[22,2,10,18,14,6,24,12,20,8],[18,14,22,10,2,6,12],[14,18,2,6,20,10,12,22,24,8],[14,6,10,8,18,20,12,2,22,24],[18,14,2,6,20,22,24,10,12,8],[14,10,18,20,12,2,6,22,24,8],[10,22,2,18,14,6,12],[22,2,10,6,14,18],[18,10,20,12,2,14,6,22,24,8],[14,6,2,18,20,22,24,10,12,8],[18,10,12,6,20,22,24,14,2,8],[10,18,12,2,22,6,14],[18,10,20,12,22,24,14,6,2,8],[10,2,22,6,18,14],[18,14,6,8,2,22,10],[14,22,10,2,6,18,24,12,20,8],[18,6,20,22,24,2,14,10,12,8],[10,18,12,6,20,14,22,24,2,8],[14,2,6,22,10,18,12],[22,14,10,6,2,18],[18,2,22,10,14,6,24,12,20,8],[2,14,22,18,10,6,12],[6,2,10,12,14,22],[18,2,14,6,8,22,10],[22,10,6,14,18,2,24,12,20,8],[6,14,18,20,2,22,24,10,12,8],[10,2,22,6,14,18,12],[10,18,20,12,6,22,24,2,14,8],[14,10,18,20,12,6,22,24,2,8],[18,22,6,10,2,14,24,12,20,8],[10,6,8,18,20,12,22,24,14,2],[18,10,12,2,22,14,6],[6,22,10,14,18,2,24,12,20,8],[10,6,12,2,18,8,14,22],[22,6,2,10,18,14,12],[2,10,14,18,20,12,22,24,6,8],[14,2,6,18,8,22,10],[18,6,20,2,14,10,12,22,24,8],[6,18,20,22,24,14,2,10,12,8],[14,18,22,6,10,2],[18,10,20,12,22,24,6,2,14,8],[22,10,18,2,14,6],[2,18,6,20,14,22,24,10,12,8],[10,14,22,18,2,6,24,12,20,8],[22,18,14,10,2,6],[22,14,10,18,6,2],[10,14,18,20,12,6,22,24,2,8]],"n_human":8}