{"problem_id":"qgIJ4cwugqNqatF","sigma":150,"alpha":10.000,"cost":0,"probabilities":"[0.19, 0.31, 0.19, 0.31]","payoff_matrix":"[[28, -86, 182, 173, 24, -73], [-55, 168, 277, 247, -112, 104], [187, -123, -282, -117, 203, 147], [105, -15, -221, -157, 110, -95]]","uncovered":[[4,20,18,22,24,12,14,2,16,8,6,5,15,1,7,3,21,19,17,13,10,11,23],[22,18,16,8,10,24,2,12,6,7,11,4,3,1,5,20,23,21,19,17,14,15,13,9],[22,6,8,24,12,20,18,4,2,14,16,15,7,3,1,5,21,17,13,19,10,9,11,23],[4,12,18,6,2,8,14,16,24,7,15,3,1,5,22,20,23,21,17,13,19,10,11,9],[20,16,4,18,22,24,6,2,8,12,1,5,7,3,21,17,14,15,13,19,10,9,11,23],[24,20,16,4,18,10,12,2,8,1,9,6,5,11,3,7,22,21,17,14,13,15,19,23],[22,10,24,20,12,18,6,8,2,16,7,9,11,4,1,5,3,21,17,14,15,13,19,23],[16,20,2,12,6,18,24,8,4,5,1,3,7,22,23,21,19,17,14,15,13,11,10,9],[12,6,14,16,8,18,2,22,24,15,4,7,3,5,20,21,19,1,17,13,10,9,11,23],[8,22,4,2,24,18,16,12,6,5,3,7,20,21,17,1,14,13,15,19,10,11,23,9],[24,16,10,2,18,6,8,12,5,11,4,3,1,7,22,20,23,21,17,14,15,13,19],[4,8,10,12,2,24,18,16,1,11,6,7,3,5,22,20,21,17,14,15,13,19,23],[10,4,2,12,18,16,6,8,24,11,5,3,1,7,22,20,21,19,17,14,13,15,23,9],[20,10,18,16,24,8,4,2,12,9,6,7,5,1,3,11,22,21,19,17,14,13,15,23],[6,12,24,16,4,2,8,20,18,3,7,5,22,21,17,1,14,15,13,19,10,9,11,23],[12,4,6,2,8,20,18,22,24,14,16,7,15,3,1,5,21,19,17,13,10,11,23,9],[20,8,16,12,22,24,4,18,2,6,7,1,5,3,21,19,17,14,13,15,10,11,23,9],[12,20,4,18,22,24,14,2,16,8,6,7,13,5,1,15,3,21,19,17,10,11,23],[14,6,8,16,24,2,12,20,18,7,13,4,1,15,5,3,22,23,21,19,17,10,11,9],[20,8,16,12,4,18,22,2,24,6,1,5,3,7,21,19,17,14,13,15,10,9,11,23],[10,24,18,8,4,2,12,16,3,6,7,9,1,11,5,22,20,21,17,14,15,13,19,23],[8,10,22,12,24,16,18,4,2,11,6,3,5,7,20,23,1,21,19,17,14,13,15,9],[2,14,22,16,24,12,6,8,18,13,5,7,4,3,15,1,20,23,21,19,17,10,11],[24,6,16,2,10,8,12,20,18,9,7,11,4,3,5,22,21,17,1,14,15,13,19,23],[6,2,22,24,20,18,16,12,8,4,5,1,7,3,21,17,14,13,15,19,10,11,23],[8,2,18,12,14,24,6,16,5,15,4,1,3,7,22,20,21,17,13,19,10,11,23],[6,10,12,8,22,24,16,20,18,4,2,9,7,5,3,1,11,21,17,14,13,15,19,23],[8,2,10,16,20,12,18,24,6,7,9,11,4,1,3,5,22,21,17,14,13,15,19,23],[20,16,24,6,18,4,2,8,10,12,7,11,3,1,5,22,21,17,14,15,13,19,23],[10,8,24,4,2,12,18,16,11,6,3,7,5,22,20,21,19,17,1,14,15,13,23],[10,20,12,18,2,24,14,16,6,8,7,15,11,4,3,1,5,22,23,21,17,13,19,9],[16,6,24,20,18,4,8,2,10,12,7,11,3,1,5,22,23,21,19,17,14,13,15],[2,10,20,18,24,6,12,8,14,16,7,13,4,11,1,15,5,3,22,21,17,19,23,9],[22,14,16,24,12,6,8,18,2,15,4,1,7,3,5,20,23,21,17,13,19,10,9,11],[14,24,18,8,4,2,16,10,12,13,6,7,11,1,15,5,3,22,20,23,21,19,17],[10,4,12,2,24,14,16,6,8,18,7,13,11,3,15,1,5,22,20,23,21,17,19],[6,14,8,16,12,2,18,22,24,13,5,15,7,4,1,3,20,23,21,19,17,10,11,9],[4,24,18,14,2,16,12,8,6,13,7,5,1,3,15,22,20,21,17,19,10,9,11,23],[10,2,20,12,18,22,24,16,8,6,7,9,5,4,3,11,21,17,1,14,13,15,19,23],[2,8,18,22,16,10,24,12,6,7,9,11,4,3,5,20,21,17,1,14,13,15,19,23],[2,22,6,24,14,16,8,12,20,18,5,15,4,1,3,7,21,17,13,19,10,11,23,9],[18,14,2,24,10,12,16,6,8,15,5,11,4,1,7,3,22,20,21,17,13,19,23],[6,16,10,12,8,2,20,18,24,11,4,1,7,5,3,22,21,19,17,14,15,13,23],[24,16,10,20,18,8,4,12,2,11,6,1,7,3,5,22,23,21,19,17,14,13,15],[2,10,20,18,14,12,16,8,24,11,6,7,15,4,3,1,5,22,23,21,19,17,13,9],[24,10,20,18,16,6,8,12,4,2,5,9,11,1,3,7,22,23,21,17,14,13,15,19],[6,12,20,18,4,8,2,16,24,5,3,1,7,22,23,21,17,14,13,15,19,10,9,11],[4,14,2,16,8,24,10,12,18,13,6,7,9,15,11,5,1,3,22,20,23,21,17,19],[14,22,24,10,12,16,20,18,2,8,15,6,5,9,11,4,1,3,7,23,21,19,17,13],[4,6,2,8,24,20,18,14,16,12,15,3,5,7,22,21,17,1,13,19,10,11,23,9],[4,22,24,16,20,2,18,12,8,6,3,5,7,23,21,1,17,14,15,13,19,10,11],[24,14,12,2,20,16,18,6,8,13,5,7,4,3,1,15,22,23,21,17,19,10,9,11],[24,20,10,18,2,6,8,12,16,9,5,11,4,3,7,22,21,17,1,14,15,13,19,23],[6,10,12,8,22,24,4,2,14,16,20,18,7,13,11,15,5,1,3,23,21,17,19,9],[4,6,8,2,18,12,24,14,16,7,13,3,1,15,5,22,20,21,19,17,10,9,11,23],[14,24,4,2,16,18,6,8,10,12,15,11,1,5,7,3,22,20,21,19,17,13,23,9],[12,18,6,16,2,24,8,4,5,3,1,7,22,20,23,21,17,14,13,15,19,9,10,11],[24,20,16,8,4,18,10,12,2,1,11,6,5,7,3,22,23,21,17,14,15,13,19],[24,20,16,8,10,12,18,2,6,5,11,4,1,3,7,22,21,17,14,15,13,19,23],[16,24,10,6,12,8,2,18,11,4,7,3,5,22,20,21,19,17,1,14,15,13,23,9],[14,22,16,24,12,20,18,6,8,2,15,4,3,7,5,23,1,21,17,13,19,10,9,11],[24,12,4,14,16,2,20,18,8,6,7,15,1,5,3,22,21,19,17,13,10,11,23,9],[24,18,8,16,4,12,2,6,1,5,7,3,22,20,23,21,19,17,14,13,15,10,9,11],[22,10,12,24,18,6,8,16,4,2,7,11,1,5,3,20,21,19,17,14,15,13,23,9],[12,14,22,16,24,4,2,18,8,6,15,7,1,5,3,20,23,21,19,17,13,10,9,11],[10,6,12,8,20,18,4,2,24,14,16,13,5,7,9,15,11,3,1,22,21,17,19,23],[16,10,4,2,12,18,6,8,22,24,9,5,11,1,7,3,20,23,21,19,17,14,13,15],[12,6,16,24,2,18,4,8,1,7,5,3,22,20,23,21,17,14,15,13,19,10,11,9],[14,18,8,12,22,16,24,4,2,6,15,1,5,3,7,20,21,17,13,19,10,11,23,9],[24,18,14,2,12,6,16,8,7,15,4,3,1,5,22,20,21,17,13,19,10,11,23,9],[8,20,10,12,18,22,24,14,16,4,2,9,13,15,11,6,7,5,3,1,21,17,19,23],[4,6,2,8,18,14,16,12,22,24,15,1,7,3,5,20,23,21,17,13,19,10,11,9],[8,18,14,24,2,12,16,6,15,4,3,7,1,5,22,20,21,19,17,13,10,9,11,23],[10,2,6,8,12,22,24,18,14,16,13,7,4,11,5,3,1,15,20,21,17,19,23],[12,16,8,24,18,2,6,4,5,1,7,3,22,20,23,21,19,17,14,15,13,9,10,11],[20,16,6,18,2,22,8,24,12,4,7,1,5,3,23,21,17,14,15,13,19,9,10,11],[6,22,24,18,10,8,12,4,2,14,16,5,13,7,9,15,11,1,3,20,21,17,19,23],[6,20,8,18,12,24,4,2,16,7,3,5,22,23,1,21,17,14,15,13,19,11],[16,18,22,10,12,24,2,8,6,11,4,1,7,5,3,20,21,19,17,14,13,15,23],[8,14,4,16,2,20,18,10,12,22,24,11,6,13,7,1,15,5,3,23,21,17,19,9],[16,4,24,12,18,6,2,8,1,5,3,7,22,20,21,19,17,14,15,13,11,23,10],[6,20,8,18,14,16,4,2,24,10,12,7,13,11,15,5,1,3,22,21,19,17,23],[2,24,16,18,6,12,4,8,7,3,1,5,22,20,21,19,17,14,15,13,10,11,23,9],[22,8,10,24,14,16,12,20,18,2,15,6,9,5,11,4,3,7,23,21,1,19,17,13],[24,18,6,14,16,8,12,2,15,4,1,7,5,3,22,20,23,21,19,17,13,10,9,11],[8,20,22,18,14,16,24,4,2,10,12,13,6,5,7,9,15,11,1,3,21,19,17,23],[8,2,16,10,18,22,12,24,6,11,4,5,1,7,3,20,21,17,14,15,13,19,23,9],[12,16,22,20,18,6,24,4,2,8,7,1,5,3,23,21,19,17,14,13,15,9,10,11],[10,16,8,2,20,12,18,24,6,7,9,5,4,3,1,11,22,21,19,17,14,15,13,23],[6,14,16,8,24,20,18,12,4,2,15,3,7,1,5,22,23,21,19,17,13,11,10,9],[10,6,12,8,4,2,20,18,14,16,24,15,11,7,1,5,3,22,23,21,17,13,19,9],[24,18,2,6,16,10,8,12,11,4,7,3,1,5,22,20,23,21,17,14,15,13,19,9],[6,24,14,16,8,10,12,2,20,18,7,13,4,9,15,11,5,1,3,22,21,19,17,23],[24,2,6,18,14,8,16,12,13,5,15,7,4,1,3,22,20,21,19,17,9,10,11,23],[2,14,6,16,8,22,24,20,18,12,13,5,15,7,4,1,3,23,21,19,17,10,11],[2,16,22,20,18,6,24,10,8,12,9,7,11,4,3,1,5,21,19,17,14,15,13,23],[6,12,4,2,8,20,18,22,24,14,16,7,15,3,5,23,1,21,17,13,19,9,10,11],[24,4,12,14,2,16,8,20,18,6,7,13,1,15,5,3,22,21,19,17,10,9,11,23],[16,2,22,18,12,6,8,24,4,1,7,3,5,20,23,21,19,17,14,15,13,11,10,9],[10,18,16,22,24,6,8,12,2,9,5,11,4,1,3,7,20,21,17,14,13,15,19,23],[6,4,2,8,24,20,18,16,10,12,11,5,3,1,7,22,21,17,14,13,15,19,23],[8,24,4,10,2,12,18,14,16,9,13,15,11,6,7,5,1,3,22,20,21,19,17,23],[10,18,4,12,2,24,6,8,16,9,5,7,1,3,11,22,20,23,21,17,14,15,13,19],[16,8,10,4,2,12,24,18,1,11,6,7,3,5,22,20,21,19,17,14,13,15,23],[10,16,4,12,2,6,8,22,24,20,18,5,9,7,1,11,3,21,19,17,14,13,15,23],[12,8,2,22,20,24,14,16,18,6,5,15,4,3,7,21,19,17,1,13,10,11,23],[6,18,10,8,12,4,2,22,24,16,9,7,11,3,5,20,21,17,1,14,15,13,19,23],[2,14,22,16,24,18,12,6,8,13,7,4,5,1,15,3,20,21,19,17,10,9,11,23],[22,4,2,24,16,20,18,8,10,12,1,11,6,5,7,3,21,19,17,14,13,15,23,9],[12,16,20,22,24,2,8,18,6,4,1,5,7,3,23,21,17,14,13,15,19,10,9,11],[4,14,16,2,6,8,24,18,12,13,5,15,7,1,3,22,20,21,19,17,10,11,23],[10,4,12,2,20,18,6,8,14,16,22,24,15,9,5,7,1,11,21,3,19,17,13,23],[12,16,24,18,6,2,4,8,3,7,5,22,20,23,1,21,17,14,15,13,19,11,9,10],[22,16,12,6,8,24,4,2,20,18,3,7,5,21,17,1,14,15,13,19,11,23,9],[14,6,16,8,24,10,12,4,2,20,18,15,5,9,11,1,7,3,22,23,21,19,17,13],[14,12,4,16,2,24,6,8,20,18,5,15,1,7,3,22,21,19,17,13,10,9,11,23],[2,8,20,16,10,12,18,22,24,6,5,11,4,3,7,23,1,21,19,17,14,15,13,9],[10,8,16,4,2,12,22,24,20,18,11,6,5,3,1,7,23,21,19,17,14,15,13],[14,2,18,6,8,16,12,24,13,7,4,1,5,15,3,22,20,21,19,17,10,11,23],[24,12,2,6,14,16,8,18,7,13,4,15,5,3,1,22,20,21,17,19,10,11,23],[6,12,20,18,14,8,16,4,2,24,15,7,1,3,5,22,23,21,19,17,13,10,11,9],[4,20,18,14,16,2,6,8,22,24,10,12,15,5,11,3,7,23,21,1,17,13,19,9],[4,16,18,12,8,24,2,6,5,1,7,3,22,20,23,21,19,17,14,15,13,10,9,11],[20,12,2,6,18,24,14,8,16,13,5,7,4,3,15,1,22,21,17,19,11,23,10,9],[22,14,16,24,10,12,18,8,4,2,13,6,7,11,15,5,1,3,20,23,21,19,17,9],[8,4,16,22,24,18,12,2,6,3,7,1,5,20,21,19,17,14,15,13,10,11,23,9],[20,2,14,18,12,22,16,24,8,6,13,7,4,1,15,5,3,21,19,17,10,9,11,23],[16,8,10,18,24,2,6,12,11,4,3,7,1,5,22,20,21,19,17,14,13,15,23,9],[10,16,20,18,24,2,6,12,8,7,9,5,4,1,3,11,22,23,21,17,14,15,13,19],[14,12,20,16,18,4,2,24,6,8,15,7,1,3,5,22,23,21,17,13,19,10,11],[20,8,2,10,18,24,16,12,6,11,4,1,7,3,5,22,21,17,14,15,13,19,23,9],[14,10,16,12,18,24,4,2,6,8,15,11,3,5,7,22,20,21,17,1,13,19,23],[14,18,6,8,16,2,10,12,22,24,5,13,15,7,9,11,4,1,3,20,21,17,19,23],[6,16,20,8,18,4,2,10,12,24,11,3,5,7,22,21,19,17,1,14,15,13,23],[2,16,18,6,10,8,12,22,24,5,11,4,1,3,7,20,21,17,14,15,13,19,23,9],[22,2,6,8,24,12,14,16,20,18,7,13,4,3,1,15,5,21,17,19,9,10,11,23],[20,2,6,18,24,14,8,16,12,13,5,15,7,4,3,1,22,23,21,17,19,10,9,11],[16,12,4,18,8,22,2,24,6,7,1,3,5,20,23,21,19,17,14,15,13,10,9,11],[18,2,8,12,24,16,6,4,5,3,1,7,22,20,23,21,17,14,15,13,19,10,11],[18,24,10,6,12,8,16,2,7,9,11,4,1,3,5,22,20,21,19,17,14,15,13,23],[10,20,12,18,2,16,6,8,22,24,7,11,4,3,5,21,17,1,14,13,15,19,23],[4,14,2,16,24,6,8,10,12,18,15,11,3,5,1,7,22,20,23,21,19,17,13],[10,24,4,12,2,16,18,8,11,6,1,7,3,5,22,20,23,21,19,17,14,15,13,9],[14,22,16,24,8,2,20,18,12,6,15,4,5,3,1,7,21,19,17,13,10,11,23],[4,8,20,2,18,10,12,14,16,24,15,1,11,6,5,7,3,22,23,21,19,17,13],[6,10,8,12,22,24,18,4,2,16,7,9,5,1,3,11,20,21,17,14,13,15,19,23],[6,20,8,18,22,24,10,12,4,2,16,5,11,3,1,7,23,21,17,14,13,15,19,9],[22,6,24,4,2,8,14,16,10,12,18,15,7,11,3,1,5,20,23,21,19,17,13,9],[2,16,6,18,22,8,24,10,12,9,5,11,4,1,3,7,20,23,21,19,17,14,13,15],[6,14,16,8,12,20,18,4,2,22,24,7,13,5,3,15,1,23,21,17,19,10,9,11],[12,20,6,8,18,4,2,24,14,16,15,7,3,1,5,22,23,21,17,13,19,10,11],[4,16,18,6,8,2,12,24,3,5,7,22,20,21,19,1,17,14,13,15,10,11,23,9],[10,4,2,12,8,22,24,18,16,11,6,5,3,7,21,20,19,1,17,14,13,15,23,9],[12,8,24,16,20,4,18,2,6,5,1,7,3,22,21,17,14,15,13,19,10,11,23],[4,24,10,2,6,8,12,20,18,16,7,9,5,1,3,11,22,23,21,19,17,14,15,13],[22,8,18,16,4,24,12,2,6,5,3,1,7,20,23,21,19,17,14,13,15,10,11,9],[8,22,2,12,16,20,18,24,6,4,5,3,7,23,21,1,19,17,14,13,15,10,11,9],[6,22,24,20,8,18,16,10,12,2,9,7,5,4,3,1,11,23,21,19,17,14,15,13],[8,14,12,24,4,2,16,20,18,6,15,3,7,5,22,21,19,1,17,13,10,9,11,23],[6,22,8,24,12,16,4,2,20,18,5,1,7,3,21,17,14,13,15,19,10,11,23],[2,24,20,16,8,12,18,6,4,1,7,3,5,22,21,19,17,14,15,13,11,23],[18,10,14,12,16,8,4,2,24,9,15,6,5,7,3,11,22,20,21,17,1,13,19,23],[20,24,8,12,14,16,18,4,2,6,15,1,5,7,3,22,23,21,19,17,13,10,9,11],[18,2,14,12,22,16,24,8,6,5,13,7,4,1,3,15,20,21,17,19,10,9,11,23],[8,20,16,4,18,22,24,10,2,12,9,6,5,11,1,7,3,21,19,17,14,13,15,23],[4,8,10,12,2,22,24,20,18,16,3,6,7,5,9,11,23,21,1,19,17,14,13,15],[6,24,16,10,8,12,18,2,9,5,11,4,1,7,3,22,20,23,21,17,14,15,13,19],[4,8,24,20,18,16,12,2,6,7,3,1,5,22,21,19,17,14,15,13,10,11,23],[20,22,18,6,8,24,10,12,14,16,2,7,13,4,11,5,3,15,1,23,21,19,17],[4,8,14,16,2,24,10,12,20,18,11,6,7,15,1,5,3,22,23,21,19,17,13],[12,22,8,18,16,2,24,6,4,3,5,7,23,21,1,20,17,14,13,15,19,10,11,9],[24,10,18,8,2,16,12,6,11,4,1,5,3,7,22,20,21,17,14,15,13,19,23,9],[8,22,12,4,2,24,18,14,16,6,5,15,3,1,7,20,21,17,13,19,10,11,23,9],[8,16,10,22,12,24,2,20,18,6,9,5,11,4,1,7,23,21,3,19,17,14,13,15],[14,18,2,22,16,24,12,8,6,13,7,4,1,5,15,3,20,21,17,19,10,9,11,23],[4,6,8,2,18,12,22,24,16,3,5,1,7,20,21,19,17,14,13,15,9,10,11,23],[20,4,2,18,24,12,14,16,8,6,7,15,1,5,3,22,23,21,19,17,13,10,11],[14,20,16,18,4,2,10,12,8,22,24,13,6,5,15,7,9,11,1,3,23,21,19,17],[10,22,12,24,16,6,8,18,4,2,11,3,5,1,7,20,23,21,19,17,14,13,15,9],[4,22,24,8,16,18,12,2,6,3,5,7,20,21,17,1,14,15,13,19,9,10,11,23],[12,16,18,22,4,24,6,2,8,5,1,7,3,20,23,21,19,17,14,13,15,9,10,11],[2,14,8,22,24,10,12,16,18,13,6,7,4,9,15,11,5,3,1,20,21,17,19,23],[20,22,18,12,2,16,6,24,8,4,5,1,7,3,23,21,17,14,15,13,19,10,11],[14,8,10,16,12,22,24,18,2,11,6,15,4,5,3,7,20,21,19,1,17,13,23],[4,18,14,16,2,24,8,12,6,13,7,3,15,1,5,22,20,21,19,17,10,11,23],[16,20,24,8,10,18,4,12,2,9,6,5,11,1,7,3,22,23,21,17,14,15,13,19],[14,22,16,24,20,18,6,8,2,12,13,7,4,3,15,1,5,21,19,17,10,11,23,9],[22,18,12,16,6,8,24,2,4,5,3,1,7,20,21,17,14,15,13,19,9,10,11,23],[22,4,2,24,18,6,8,12,16,1,5,7,3,20,23,21,17,14,15,13,19,10,9,11],[14,24,12,2,20,16,18,6,8,5,15,4,1,3,7,22,21,19,17,13,10,9,11,23],[6,4,2,8,24,18,14,16,12,15,7,3,1,5,22,20,21,19,17,13,10,11,23],[8,14,10,12,16,18,2,24,15,6,7,9,11,4,3,5,22,20,23,21,1,19,17,13],[20,2,6,8,18,10,12,22,24,14,16,7,15,9,5,4,3,1,11,21,17,13,19,23],[12,2,20,16,8,24,6,18,4,3,7,1,5,22,23,21,19,17,14,15,13,10,11,9],[20,10,12,18,16,24,4,2,6,8,7,9,5,1,11,3,22,21,17,14,13,15,19,23],[18,10,16,24,6,8,12,4,2,5,9,11,3,1,7,22,20,23,21,19,17,14,13,15],[6,16,2,12,18,24,4,8,1,5,3,7,22,20,21,19,17,14,15,13,9,10,11,23],[10,8,14,12,16,18,2,22,24,9,15,6,5,11,4,3,1,7,20,23,21,19,17,13],[16,8,10,22,12,24,20,18,4,2,11,6,5,1,3,7,21,17,14,15,13,19,23,9],[22,2,16,8,20,24,12,18,6,4,7,1,5,3,21,19,17,14,13,15,10,11,23],[4,10,2,12,24,16,6,8,18,9,7,5,3,11,22,20,23,21,1,17,14,13,15,19],[4,18,16,22,2,24,10,12,8,1,11,6,5,7,3,20,23,21,17,14,15,13,19,9],[20,24,16,12,4,2,18,6,8,7,3,5,22,21,17,1,14,13,15,19,10,9,11,23],[24,2,18,6,10,12,8,16,7,9,5,4,1,3,11,22,20,21,17,14,15,13,19,23],[6,2,22,24,14,8,16,18,12,5,13,15,7,4,3,1,20,21,19,17,10,11,23,9],[6,24,14,16,8,10,12,18,4,2,5,15,9,7,3,1,11,22,20,23,21,17,19,13],[6,20,8,18,14,16,12,22,24,4,2,5,15,3,7,21,19,1,17,13,10,11,23,9],[14,8,18,12,22,16,24,4,2,6,15,3,5,7,20,23,1,21,19,17,13,10,11,9],[24,20,4,18,14,2,16,8,10,12,13,6,5,7,9,15,11,3,1,22,23,21,19,17],[4,8,18,12,22,2,24,14,16,6,7,15,3,5,20,21,19,1,17,13,10,9,11,23],[22,8,2,16,20,18,12,24,6,4,5,1,7,3,23,21,19,17,14,15,13,10,11],[20,16,6,18,10,12,8,4,2,22,24,9,7,5,3,11,21,17,1,14,15,13,19,23],[16,22,20,24,6,8,18,4,2,10,12,9,5,11,1,3,7,23,21,17,14,13,15,19],[6,10,12,8,20,18,16,4,2,22,24,7,9,11,1,3,5,21,17,14,15,13,19,23],[18,2,24,10,14,12,16,6,8,7,15,9,11,4,1,3,5,22,20,21,17,13,19,23],[24,8,10,4,12,2,16,18,1,9,6,5,7,11,3,22,20,23,21,19,17,14,15,13],[24,14,2,18,12,6,16,8,13,7,4,15,5,3,1,22,20,21,19,17,10,9,11,23],[16,8,18,12,2,22,24,6,4,1,5,3,7,20,23,21,17,14,13,15,19,10,11],[24,8,14,10,16,12,18,2,9,13,15,11,6,7,5,4,1,3,22,20,23,21,19,17],[8,14,18,24,12,4,16,2,6,15,7,1,5,3,22,20,23,21,17,13,19,10,11,9],[12,18,2,6,24,14,8,16,5,13,7,4,3,1,15,22,20,23,21,17,19,10,11],[6,14,16,8,2,10,12,20,18,22,24,15,5,9,11,4,3,1,7,21,19,17,13,23],[8,10,24,16,20,18,4,2,12,11,6,1,5,7,3,22,23,21,17,14,13,15,19],[2,24,8,16,18,10,12,6,9,7,11,4,1,5,3,22,20,21,17,14,13,15,19,23],[2,20,24,12,16,6,18,8,4,3,7,1,5,22,23,21,19,17,14,13,15,10,9,11],[18,2,8,24,14,12,16,6,7,15,4,3,1,5,22,20,23,21,17,13,19,10,11,9],[8,14,22,24,20,18,12,4,2,16,6,13,5,15,7,1,3,21,19,17,11,23,9,10],[20,6,18,24,2,10,12,8,14,16,5,15,11,4,1,7,3,22,23,21,17,13,19],[8,20,4,18,12,22,2,24,14,16,6,7,15,1,3,5,23,21,17,13,19,10,11,9],[22,14,16,24,18,6,8,12,2,7,13,4,3,15,1,5,20,23,21,17,19,10,9,11],[12,20,22,24,6,8,18,2,16,4,3,7,1,5,21,19,17,14,15,13,10,11,23,9],[18,2,14,24,8,12,16,6,13,5,15,7,4,3,1,22,20,23,21,19,17,10,11,9],[14,18,12,22,24,8,2,16,6,13,7,4,1,5,15,3,20,21,17,19,10,9,11,23],[18,16,24,10,2,8,12,6,5,11,4,3,7,22,20,23,21,1,17,14,15,13,19,9],[24,18,2,6,16,12,4,8,1,7,3,5,22,20,21,17,14,13,15,19,10,11,23,9],[6,4,2,8,24,12,20,18,16,5,1,3,7,22,21,19,17,14,13,15,10,11,23,9],[4,24,12,14,2,16,20,18,6,8,7,15,1,5,3,22,23,21,19,17,13,10,11,9],[2,16,6,10,12,8,20,18,22,24,9,7,11,4,1,3,5,21,17,14,13,15,19,23],[22,14,24,6,8,16,4,2,10,12,20,18,7,15,9,11,1,5,3,21,19,17,13,23],[4,8,16,12,22,24,20,18,2,6,7,3,1,5,21,19,17,14,13,15,10,9,11,23],[24,18,10,16,2,8,6,12,5,11,4,3,1,7,22,20,23,21,17,14,15,13,19,9],[14,8,24,12,2,18,6,16,5,13,7,4,3,15,1,22,20,21,19,17,10,11,23,9],[16,6,4,2,8,24,10,12,18,7,11,1,3,5,22,20,21,19,17,14,15,13,23,9],[2,20,12,6,18,16,24,8,4,1,7,5,3,22,21,17,14,13,15,19,10,11,23],[10,18,8,16,24,4,2,12,1,9,6,7,5,3,11,22,20,21,19,17,14,13,15,23],[4,6,8,2,14,16,12,18,24,13,5,7,3,15,1,22,20,21,19,17,10,9,11,23],[12,24,14,8,4,16,2,18,6,15,1,5,7,3,22,20,21,17,13,19,10,9,11,23],[16,8,24,4,20,2,18,12,6,7,1,3,5,22,21,19,17,14,13,15,10,9,11,23],[10,2,6,8,12,16,24,20,18,9,5,11,4,3,7,22,23,1,21,17,14,15,13,19],[22,8,12,20,18,2,16,24,6,4,3,7,1,5,21,19,17,14,13,15,10,11,23],[10,6,8,12,18,2,16,22,24,7,9,5,4,1,11,3,20,21,19,17,14,13,15,23],[14,2,10,16,12,6,8,22,24,20,18,5,13,15,7,9,11,4,1,3,21,17,19,23],[4,22,24,6,2,8,18,16,12,3,7,5,20,21,17,1,14,13,15,19,10,9,11,23],[2,10,6,12,8,24,20,18,14,16,5,15,11,4,1,7,3,22,21,19,17,13,23,9],[2,24,20,16,8,10,18,12,6,9,5,7,4,3,1,11,22,23,21,19,17,14,15,13],[14,22,16,24,8,10,12,2,20,18,13,6,5,15,7,11,4,1,3,21,17,19,23,9],[8,18,2,12,22,16,24,6,4,3,5,1,7,20,23,21,17,14,13,15,19,10,9,11],[24,14,2,12,18,8,16,6,7,15,4,3,5,22,20,23,1,21,17,13,19,10,11],[22,10,12,24,4,2,18,16,6,8,7,11,3,1,5,20,23,21,17,14,13,15,19,9],[16,2,12,6,22,8,24,18,4,7,3,1,5,20,21,19,17,14,15,13,10,11,23,9],[16,18,22,6,8,24,2,12,4,5,3,7,23,1,21,20,19,17,14,13,15,9,10,11],[22,14,24,10,16,12,18,6,8,2,7,13,4,11,15,5,1,3,20,21,19,17,23,9],[18,14,8,22,24,12,2,16,6,13,7,4,1,5,15,3,20,23,21,19,17,10,11],[2,18,24,10,14,12,16,6,8,5,15,9,7,4,3,1,11,22,20,23,21,17,13,19],[8,2,22,20,18,16,10,24,12,6,9,7,5,4,3,1,11,21,17,14,13,15,19,23],[22,18,6,8,24,2,16,12,4,5,3,7,20,23,1,21,17,14,13,15,19,10,11,9],[14,6,16,8,10,12,22,24,18,4,2,13,5,7,9,15,11,1,3,20,23,21,19,17],[20,10,18,16,4,2,12,8,22,24,11,6,5,3,7,23,21,1,17,14,15,13,19],[10,8,4,2,14,12,16,22,24,18,13,6,7,9,11,15,5,1,3,20,23,21,17,19],[20,22,18,8,12,16,2,24,6,4,1,5,7,3,21,17,14,13,15,19,10,11,23,9],[10,2,20,18,24,16,8,12,6,5,9,7,4,3,1,11,22,21,17,14,13,15,19,23],[4,14,16,2,24,20,18,8,12,6,15,3,7,1,5,22,21,17,13,19,10,9,11,23],[24,4,14,16,2,6,8,18,12,13,7,3,1,15,5,22,20,21,17,19,10,11,23,9],[8,24,18,2,16,12,6,4,3,5,7,22,20,23,1,21,19,17,14,15,13,9,10,11],[14,22,24,6,8,16,2,20,18,10,12,15,5,9,7,4,1,3,11,23,21,19,17,13],[12,24,4,18,16,8,2,6,5,1,7,3,22,20,21,19,17,14,15,13,10,9,11,23],[4,14,16,2,18,6,8,12,22,24,5,13,15,7,1,3,20,23,21,19,17,10,9,11],[10,24,8,14,12,16,18,2,9,13,11,6,5,7,4,1,3,15,22,20,23,21,17,19],[4,22,24,20,18,10,12,2,6,8,16,11,1,5,3,7,23,21,19,17,14,13,15,9],[8,10,14,12,16,18,4,2,22,24,9,15,6,7,11,3,1,5,20,23,21,17,13,19],[24,14,4,16,2,6,8,12,18,7,15,3,5,22,20,21,19,1,17,13,10,9,11,23],[12,14,22,16,24,6,8,2,20,18,7,15,4,1,3,5,21,19,17,13,10,11,23],[20,22,18,8,12,4,24,14,16,2,6,15,5,3,7,23,21,1,19,17,13,10,11],[16,8,4,22,24,20,18,12,2,6,3,5,1,7,21,19,17,14,15,13,11,23,10,9],[20,16,2,10,12,18,8,24,6,11,4,1,5,7,3,22,21,19,17,14,15,13,23,9],[10,2,6,12,8,24,16,18,7,11,4,3,1,5,22,20,21,17,14,13,15,19,23,9],[10,14,12,16,4,2,8,22,24,18,9,13,15,11,6,5,7,1,3,20,23,21,17,19],[6,10,12,8,14,16,20,18,22,24,2,15,9,7,5,4,1,11,3,23,21,19,17,13],[18,14,22,24,4,2,16,6,8,12,15,1,7,3,5,20,23,21,19,17,13,10,11,9],[14,8,4,2,16,22,24,20,18,12,6,15,5,1,7,3,23,21,17,13,19,10,11,9],[2,24,8,12,14,20,18,16,6,5,15,4,1,7,3,22,23,21,19,17,13,11,9,10],[18,10,2,6,12,8,16,24,11,4,7,3,5,22,20,23,21,1,19,17,14,13,15],[16,22,6,24,2,20,8,18,12,4,3,5,7,23,1,21,19,17,14,13,15,10,9,11],[18,10,16,2,6,8,12,22,24,9,7,5,4,3,1,11,20,21,17,14,15,13,19,23],[10,20,12,18,16,2,6,8,22,24,7,9,5,4,3,1,11,21,19,17,14,13,15,23],[6,10,8,12,20,18,24,16,2,7,11,4,3,5,22,23,21,1,17,14,13,15,19],[14,12,6,8,16,4,2,18,22,24,7,13,15,5,3,1,20,23,21,19,17,10,11],[24,12,6,2,16,20,18,8,4,5,3,7,22,21,19,1,17,14,15,13,10,11,23],[2,18,14,24,10,12,16,6,8,15,5,9,11,4,1,7,3,22,20,21,19,17,13,23],[18,10,24,14,16,12,8,4,2,13,6,5,7,11,3,15,1,22,20,21,17,19,23],[6,2,12,20,8,18,24,14,16,13,5,15,7,4,3,1,22,21,17,19,10,11,23],[4,24,10,12,2,20,18,8,16,11,6,7,1,5,3,22,23,21,19,17,14,13,15],[6,22,24,20,8,18,10,12,2,16,5,11,4,1,7,3,23,21,17,14,13,15,19],[10,22,12,24,14,16,20,18,8,2,15,6,7,9,11,4,3,1,5,21,19,17,13,23],[6,22,24,10,12,8,16,4,2,20,18,5,11,3,7,23,21,1,17,14,15,13,19,9],[2,6,10,8,12,20,18,22,24,14,16,13,7,4,11,3,15,1,5,23,21,19,17,9],[24,4,20,2,18,10,14,12,16,8,13,6,5,15,7,11,1,3,22,23,21,17,19,9],[4,6,8,2,12,20,18,14,16,22,24,15,7,3,5,21,17,1,13,19,11,23,9,10],[20,22,24,2,14,18,12,8,16,6,15,4,1,5,7,3,23,21,17,13,19,11,9,10],[2,24,8,20,10,18,16,12,6,11,4,1,7,3,5,22,23,21,19,17,14,13,15],[24,12,4,6,8,2,14,16,18,13,7,5,3,1,15,22,20,21,17,19,10,11,23],[6,18,24,16,2,10,8,12,9,5,11,4,1,3,7,22,20,21,19,17,14,15,13,23],[10,2,22,24,20,12,18,6,8,14,16,5,13,15,7,9,11,4,1,3,21,17,19,23],[8,16,20,22,18,2,12,24,6,4,1,7,5,3,23,21,19,17,14,13,15,10,9,11],[18,24,12,16,2,8,4,6,1,5,7,3,22,20,23,21,17,14,15,13,19,10,11,9],[22,6,24,4,8,2,18,16,10,12,9,7,5,1,3,11,20,23,21,19,17,14,15,13],[18,6,14,16,8,24,2,12,13,5,7,4,1,3,15,22,20,21,19,17,10,9,11,23],[16,10,22,24,6,12,8,18,2,7,9,11,4,1,5,3,20,23,21,17,14,15,13,19],[22,4,2,24,8,20,18,12,16,6,7,1,5,3,21,19,17,14,15,13,10,9,11,23],[2,22,18,6,8,24,16,10,12,9,7,5,4,1,3,11,20,23,21,19,17,14,13,15],[10,6,12,8,18,4,2,16,24,5,11,3,1,7,22,20,23,21,17,14,13,15,19],[8,24,20,12,16,2,6,18,4,1,5,3,7,22,21,17,14,13,15,19,10,11,23],[12,4,18,8,24,14,2,16,6,15,7,3,1,5,22,20,23,21,19,17,13,11,10,9],[8,18,16,10,22,24,4,12,2,1,11,6,7,5,3,20,23,21,17,14,13,15,19],[2,8,22,10,24,14,12,16,18,13,6,5,7,4,9,15,11,3,1,20,23,21,17,19],[18,24,10,6,12,8,16,2,11,4,5,3,1,7,22,20,23,21,19,17,14,13,15,9],[6,4,2,8,14,16,24,18,12,13,5,15,7,3,1,22,20,23,21,19,17,10,11,9],[14,6,8,16,22,24,12,4,2,20,18,7,15,1,3,5,23,21,17,13,19,10,11],[12,14,2,20,16,18,22,24,8,6,7,13,4,3,15,1,5,23,21,17,19,10,9,11],[18,12,8,4,16,22,2,24,6,7,3,5,20,21,19,17,1,14,13,15,10,11,23,9],[20,22,24,6,18,4,2,8,16,10,12,7,9,11,3,1,5,23,21,19,17,14,15,13],[22,10,24,8,20,18,14,16,12,2,11,6,13,7,4,15,5,1,3,21,19,17,23,9],[18,10,22,12,24,4,2,14,16,6,8,13,7,9,15,11,5,3,1,20,21,19,17,23],[2,10,20,18,16,22,24,6,8,12,9,7,11,4,3,5,21,19,17,1,14,15,13,23],[20,16,22,24,6,8,18,2,10,12,11,4,5,3,1,7,21,19,17,14,15,13,23,9],[4,16,12,6,2,8,22,24,18,7,3,1,5,20,21,19,17,14,13,15,10,11,23],[18,8,12,24,4,16,2,6,5,1,7,3,22,20,23,21,19,17,14,15,13,10,9,11],[24,14,18,4,2,16,10,12,6,8,7,13,9,11,1,5,3,15,22,20,23,21,19,17],[20,6,8,18,2,12,16,22,24,4,5,3,7,21,17,1,14,13,15,19,10,9,11,23],[10,20,12,18,16,4,2,8,22,24,3,6,5,7,11,23,1,21,19,17,14,13,15,9],[6,16,20,8,18,24,2,10,12,11,4,5,1,3,7,22,23,21,17,14,15,13,19,9],[22,10,24,14,12,16,6,8,18,2,7,13,4,9,15,11,5,1,3,20,23,21,17,19],[18,10,2,24,8,16,6,12,7,9,11,4,3,1,5,22,20,21,17,14,13,15,19,23],[2,6,20,18,16,10,8,12,24,5,9,7,4,1,11,3,22,23,21,17,14,13,15,19],[6,20,8,18,12,16,2,24,4,3,7,5,22,23,1,21,17,14,13,15,19,10,11,9],[4,14,16,2,22,24,20,18,10,12,6,8,5,15,9,11,3,1,7,21,17,13,19,23],[6,12,22,8,24,20,18,14,16,2,7,13,4,1,5,15,3,23,21,19,17,9,10,11],[14,22,16,24,2,18,8,12,6,13,7,4,5,3,1,15,20,23,21,19,17,9,10,11],[16,20,24,6,8,18,4,2,12,3,5,7,22,23,21,1,19,17,14,13,15,10,11],[18,6,12,24,4,8,2,14,16,13,5,15,7,1,3,22,20,21,19,17,10,9,11,23],[10,8,4,2,12,24,20,18,14,16,11,6,13,5,15,7,1,3,22,23,21,17,19,9],[20,12,16,2,22,18,8,24,6,4,5,1,3,7,23,21,17,14,15,13,19,9,10,11],[14,22,16,24,6,8,2,20,18,10,12,13,7,4,11,1,15,5,3,23,21,17,19],[22,8,4,24,12,14,16,2,18,6,7,13,3,1,15,5,20,21,17,19,9,10,11,23],[22,4,24,20,18,10,2,12,6,8,16,9,5,11,3,1,7,23,21,19,17,14,15,13],[16,18,6,10,12,8,24,4,2,7,11,1,5,3,22,20,23,21,17,14,15,19,13,9],[12,20,2,6,8,18,24,16,4,1,7,5,3,22,23,21,17,14,13,15,19,10,9,11],[12,14,6,16,8,22,24,18,2,15,4,7,3,5,20,21,17,1,13,19,10,11,23],[24,12,8,16,2,18,4,6,3,7,5,22,20,21,19,1,17,14,13,15,10,9,11,23],[20,10,18,4,12,2,16,24,8,9,6,5,11,1,7,3,22,21,19,17,14,15,13,23],[14,20,16,18,6,8,22,24,2,12,7,15,4,3,5,21,17,1,13,19,10,9,11,23],[2,10,8,16,18,24,12,6,7,9,5,4,1,3,11,22,20,23,21,17,14,13,15,19],[16,8,2,24,20,10,12,18,6,7,9,11,4,1,3,5,22,21,19,17,14,13,15,23],[24,18,14,4,16,2,12,8,6,13,5,7,3,15,1,22,20,23,21,19,17,10,9,11],[10,24,18,6,12,8,4,2,16,7,9,5,1,11,3,22,20,21,19,17,14,13,15,23],[22,14,24,2,20,18,10,12,16,8,15,6,9,7,11,4,1,3,5,23,21,19,17,13],[14,18,6,8,16,4,2,22,24,12,15,3,5,7,21,20,17,1,13,19,10,11,23],[6,4,8,2,14,16,10,12,20,18,22,24,15,5,9,11,1,7,3,23,21,17,13,19],[20,12,4,2,18,8,14,16,22,24,6,5,15,3,1,7,23,21,19,17,13,10,9,11],[12,4,14,2,16,22,24,20,18,8,6,13,7,1,15,5,3,23,21,19,17,10,11,9],[10,20,18,6,12,8,4,2,14,16,22,24,5,15,11,3,1,7,21,19,17,13,23],[20,4,18,16,6,2,8,24,10,12,9,5,11,1,7,3,22,21,19,17,14,13,15,23],[10,14,16,12,8,24,2,20,18,13,6,7,4,9,11,15,5,3,1,22,23,21,19,17],[6,14,16,8,10,12,2,22,24,20,18,5,13,7,4,9,11,1,15,3,21,19,17,23],[8,18,4,12,14,2,16,22,24,6,5,15,1,7,3,20,23,21,17,13,19,10,11,9],[18,2,14,12,6,16,8,22,24,15,4,3,5,1,7,20,21,19,17,13,11,23],[18,2,12,22,16,8,24,6,4,5,1,3,7,20,23,21,17,14,13,15,19,11],[2,8,12,14,22,16,24,18,6,7,13,4,5,3,15,1,20,21,17,19,10,11,23],[22,2,18,14,24,6,8,16,10,12,7,13,4,9,15,11,5,3,1,20,21,19,17,23],[2,6,24,10,12,8,18,14,16,13,7,4,11,3,1,15,5,22,20,23,21,19,17,9],[2,22,6,24,16,10,8,12,18,9,5,11,4,1,7,3,20,21,17,14,15,13,19,23],[24,4,6,2,8,16,10,12,18,11,7,3,5,22,20,21,19,1,17,14,13,15,23,9],[18,8,12,4,16,24,6,2,3,5,1,7,22,20,21,19,17,14,15,13,10,11,23,9],[16,6,18,4,2,8,12,22,24,3,5,7,21,20,19,17,1,14,15,13,10,9,11,23],[6,22,24,18,2,16,10,12,8,5,11,4,3,1,7,20,23,21,17,14,13,15,19,9],[16,18,8,22,10,24,2,12,6,7,9,11,4,3,1,5,20,23,21,17,14,15,13,19],[2,24,10,16,6,8,12,20,18,5,11,4,1,3,7,22,21,19,17,14,13,15,23,9],[6,16,4,8,2,12,20,18,24,1,5,3,7,22,21,17,14,13,15,19,10,11,23,9],[10,8,4,2,12,14,16,22,24,20,18,13,6,7,9,15,11,5,1,3,21,19,17,23],[22,8,14,24,2,18,12,16,6,15,4,1,5,3,7,20,23,21,19,17,13,10,11],[20,24,2,6,8,18,16,10,12,5,9,11,4,3,1,7,22,21,17,14,15,13,19,23],[2,20,8,12,16,24,6,18,4,5,1,3,7,22,23,21,19,17,14,15,13,10,9,11],[12,18,8,16,2,22,6,24,4,5,1,3,7,20,21,17,14,15,13,19,10,11,23],[6,18,22,8,24,12,2,16,4,1,5,3,7,20,21,17,14,13,15,19,10,9,11,23],[4,20,18,6,2,8,16,22,24,12,1,7,3,5,21,19,17,14,15,13,10,11,23],[14,24,2,10,16,12,6,8,18,7,13,4,9,15,11,5,1,3,22,20,21,19,17,23],[4,24,8,20,2,18,10,12,16,3,6,5,1,7,9,11,22,23,21,17,14,13,15,19],[8,24,14,2,10,12,16,20,18,9,15,6,7,11,4,3,1,5,22,21,17,13,19,23],[6,20,8,18,16,22,24,12,4,2,5,3,1,7,23,21,19,17,14,13,15,10,9,11],[8,12,18,22,4,24,14,2,16,6,13,7,15,5,3,1,20,21,19,17,10,9,11,23],[10,22,12,24,18,8,16,4,2,11,6,1,5,7,3,20,23,21,17,14,15,13,19,9],[12,8,2,16,20,22,18,24,6,4,3,7,1,5,21,17,14,15,13,19,9,10,11,23],[6,16,20,18,2,10,12,8,22,24,11,4,5,3,1,7,23,21,17,14,15,13,19,9],[24,14,8,20,16,18,12,2,6,15,4,5,1,7,3,22,21,19,17,13,9,10,11,23],[2,20,22,18,8,10,24,14,16,12,15,6,7,11,4,3,5,21,17,1,13,19,23,9],[24,18,8,10,14,12,16,2,9,15,6,7,11,4,1,3,5,22,20,21,17,19,13,23],[18,4,10,12,2,14,16,8,22,24,13,6,7,9,11,3,1,15,5,20,21,17,19,23],[2,24,18,10,16,6,8,12,7,9,11,4,1,3,5,22,20,21,19,17,14,15,13,23],[22,6,8,24,10,12,18,16,4,2,5,11,3,7,20,23,21,1,19,17,14,15,13],[14,8,12,20,18,4,16,2,22,24,6,5,13,7,3,15,1,23,21,19,17,10,9,11],[22,18,8,4,2,24,12,16,6,7,3,5,20,21,17,1,14,15,13,19,10,11,23],[6,24,12,14,16,8,4,2,18,7,13,1,5,3,15,22,20,21,19,17,10,11,23],[22,8,2,10,12,24,16,20,18,6,11,4,1,7,5,3,23,21,19,17,14,13,15],[12,4,8,14,16,2,20,18,22,24,6,7,15,3,5,23,21,1,19,17,13,9,10,11],[4,24,18,12,14,2,16,8,6,7,15,3,1,5,22,20,23,21,19,17,13,11],[18,14,10,16,12,22,24,2,8,9,15,6,7,11,4,1,3,5,20,21,19,17,13,23],[16,6,18,2,10,12,8,24,5,9,7,4,1,11,3,22,20,21,19,17,14,13,15,23],[18,10,14,12,16,2,6,8,24,7,15,9,11,4,1,3,5,22,20,23,21,19,17,13],[2,18,12,8,24,14,6,16,13,5,15,7,4,1,3,22,20,21,19,17,10,9,11,23],[20,12,2,24,14,16,18,8,6,13,5,7,4,3,15,1,22,23,21,19,17,9,10,11],[24,14,6,8,16,12,18,2,5,15,4,3,1,7,22,20,21,19,17,13,9,10,11,23],[20,6,18,16,4,8,2,24,10,12,7,11,3,1,5,22,21,19,17,14,13,15,23,9],[24,2,10,6,8,12,20,18,16,9,5,11,4,3,1,7,22,21,19,17,14,13,15,23],[8,20,16,12,24,4,2,18,6,3,7,1,5,22,23,21,19,17,14,15,13,11,9,10],[6,24,10,8,12,14,16,18,2,7,13,4,11,3,15,1,5,22,20,21,19,17,23,9],[22,2,18,14,24,12,8,16,6,13,5,7,4,3,15,1,20,23,21,19,17,10,11,9],[4,22,24,16,10,12,2,6,8,20,18,5,11,1,3,7,23,21,19,17,14,15,13,9],[16,20,8,10,12,18,24,2,6,11,4,1,7,5,3,22,21,17,14,15,13,19,23,9],[14,2,6,8,16,24,10,12,20,18,13,7,4,9,15,11,5,3,1,22,23,21,19,17],[22,16,20,18,4,2,24,12,8,6,1,7,3,5,21,17,14,15,13,19,10,9,11,23],[18,14,22,24,2,10,12,16,6,8,7,15,11,4,3,5,20,23,21,1,19,17,13,9],[14,2,18,6,8,16,10,12,24,5,13,7,4,11,3,1,15,22,20,21,17,19,23,9],[24,16,2,6,20,8,18,12,4,7,3,1,5,22,23,21,17,14,15,13,19,10,11,9],[14,8,10,12,16,2,18,24,11,6,15,4,7,3,5,22,20,21,19,1,17,13,23,9],[8,2,20,12,24,14,16,18,6,7,13,4,3,1,15,5,22,21,19,17,10,11,23,9],[14,10,16,12,22,24,20,18,2,8,13,6,5,7,4,11,3,1,15,23,21,17,19,9],[24,8,16,4,10,12,2,20,18,11,6,7,3,1,5,22,21,17,14,15,13,19,23],[12,16,2,20,22,18,6,24,8,4,7,3,1,5,21,19,17,14,15,13,10,11,23],[16,2,20,22,18,6,24,12,8,4,7,1,3,5,23,21,19,17,14,13,15,10,9,11],[10,6,8,12,16,24,4,2,18,9,7,5,1,11,3,22,20,21,19,17,14,13,15,23],[4,12,6,2,8,18,14,16,24,7,15,1,5,3,22,20,21,19,17,13,10,11,23,9],[12,2,24,18,14,8,6,16,15,4,5,3,1,7,22,20,23,21,19,17,13,10,9,11],[10,8,22,12,24,2,14,16,20,18,13,6,7,4,9,11,15,5,3,1,21,19,17,23],[18,24,6,12,4,2,8,16,7,3,1,5,22,20,23,21,19,17,14,15,13,9,10,11],[2,24,16,12,18,6,4,8,5,1,3,7,22,20,23,21,17,14,15,13,19,10,9,11],[2,14,12,8,18,22,16,24,6,5,13,15,7,4,1,3,20,23,21,19,17,10,11,9],[22,16,18,12,2,6,24,8,4,3,7,5,20,21,17,1,14,15,13,19,9,10,11,23],[8,16,18,12,22,2,6,24,4,1,5,7,3,20,23,21,19,17,14,13,15,10,9,11],[4,16,10,12,2,22,24,8,20,18,11,6,7,3,1,5,21,19,17,14,15,13,23,9],[24,10,16,2,8,18,12,6,7,11,4,1,5,3,22,20,21,17,14,13,15,19,23,9],[6,22,24,18,2,10,8,12,16,11,4,3,7,5,20,21,19,17,1,14,13,15,23,9],[12,6,2,24,16,18,8,4,7,3,1,5,22,20,23,21,17,14,13,15,19,10,9,11],[12,6,18,16,22,24,2,8,4,1,7,5,3,20,21,17,14,13,15,19,10,9,11,23],[10,20,12,18,16,2,6,8,24,7,9,11,4,1,3,5,22,23,21,17,14,15,13,19],[8,16,10,20,18,2,22,12,24,6,9,7,5,4,3,1,11,23,21,19,17,14,15,13],[6,4,8,2,20,18,14,16,12,24,15,7,1,5,3,22,21,19,17,13,10,9,11,23],[4,16,20,2,18,8,10,12,24,11,6,7,1,3,5,22,23,21,19,17,14,13,15,9],[2,20,8,22,18,16,12,24,6,4,3,7,1,5,21,17,14,15,13,19,10,9,11,23],[6,10,12,8,16,2,24,18,11,4,7,1,3,5,22,20,23,21,19,17,14,13,15],[6,4,2,8,10,12,16,18,22,24,5,9,7,3,1,11,20,23,21,19,17,14,13,15],[20,22,24,4,18,10,2,12,6,8,16,11,7,1,5,23,21,3,17,14,13,15,19,9],[22,12,6,8,24,4,2,20,18,16,1,5,7,3,21,19,17,14,13,15,10,9,11,23],[2,18,16,24,12,6,8,4,3,7,1,5,22,20,23,21,19,17,14,13,15,10,11,9],[6,24,20,18,12,4,8,2,16,3,5,1,7,22,21,17,14,13,15,19,9,10,11,23],[16,20,24,2,10,18,6,8,12,11,4,3,5,7,22,21,19,1,17,14,15,13,23],[8,18,22,2,14,24,12,16,6,7,13,4,3,1,15,5,20,21,19,17,10,11,23],[14,8,24,20,16,18,4,2,12,6,15,7,3,5,22,23,21,1,17,13,19,11],[4,6,8,2,16,22,24,18,10,12,9,5,11,1,7,3,20,21,17,14,15,13,19,23],[12,16,6,22,24,4,2,8,20,18,3,7,5,23,21,1,17,14,13,15,19,10,9,11],[14,20,18,24,4,2,16,10,12,8,13,6,5,15,7,11,1,3,22,21,19,17,23,9],[22,2,16,12,20,18,8,24,6,4,7,3,1,5,21,19,17,14,15,13,10,11,23],[4,12,16,8,22,2,24,18,6,7,1,5,3,20,23,21,19,17,14,13,15,11,10],[22,6,8,24,10,12,18,16,2,11,4,3,5,1,7,20,23,21,17,14,15,13,19,9],[20,10,18,24,14,16,12,4,2,8,15,3,6,7,5,11,22,23,1,21,19,17,13],[20,12,4,18,6,8,2,16,22,24,3,5,1,7,21,17,14,15,13,19,10,9,11,23],[14,24,10,16,12,6,8,2,20,18,5,13,15,7,11,4,3,1,22,21,19,17,23,9],[2,10,18,6,12,8,22,24,14,16,7,15,9,5,4,1,3,11,20,21,19,17,13,23],[22,16,4,2,24,8,12,18,6,1,5,7,3,20,21,17,14,15,13,19,10,11,23,9],[4,18,8,24,16,10,12,2,9,6,5,11,3,7,22,20,21,19,1,17,14,13,15,23],[8,16,4,24,12,18,6,2,5,1,7,3,22,20,23,21,19,17,14,15,13,10,9,11],[2,18,6,10,12,8,14,16,22,24,5,13,7,4,9,15,11,3,1,20,23,21,17,19],[2,6,18,22,8,24,10,12,14,16,13,5,15,7,11,4,3,1,20,21,19,17,23],[8,16,24,20,10,18,2,12,6,11,4,1,5,7,3,22,23,21,17,14,15,13,19,9],[10,16,8,4,2,12,18,24,11,6,1,5,3,7,22,20,21,17,14,13,15,19,23],[18,10,2,14,16,12,22,24,6,8,5,13,7,4,11,3,1,15,20,21,17,19,23],[22,14,24,10,16,12,8,20,18,2,15,6,5,9,7,4,3,1,11,21,19,17,13,23],[2,16,6,20,18,12,22,8,24,4,5,1,7,3,21,19,17,14,13,15,10,9,11,23],[4,10,2,12,16,18,24,6,8,11,5,1,7,3,22,20,23,21,17,14,15,13,19,9],[2,16,8,10,18,22,24,12,6,11,4,5,1,3,7,20,23,21,19,17,14,15,13],[18,24,8,4,10,12,2,14,16,9,13,11,6,7,3,1,15,5,22,20,23,21,19,17],[16,6,4,2,8,22,24,18,12,1,5,3,7,20,21,19,17,14,13,15,11,23],[4,22,2,24,6,8,10,12,18,16,5,11,3,1,7,20,23,21,19,17,14,15,13],[10,14,12,16,24,8,20,18,4,2,9,15,6,7,11,1,3,5,22,21,19,17,13,23],[6,4,2,8,10,12,24,16,20,18,9,5,11,3,1,7,22,21,17,14,15,13,19,23],[4,12,22,2,24,20,18,16,6,8,5,1,3,7,21,17,14,15,13,19,10,9,11,23],[8,2,24,18,16,12,6,4,1,7,3,5,22,20,21,19,17,14,13,15,10,11,23,9],[4,6,2,8,20,18,22,24,16,12,5,3,7,21,17,1,14,15,13,19,10,11,23],[4,22,24,6,2,8,20,18,16,12,1,5,7,3,23,21,17,14,13,15,19,10,9,11],[16,8,18,2,24,10,6,12,11,4,3,7,5,22,20,23,21,1,19,17,14,15,13,9],[14,2,12,20,16,18,8,22,24,6,7,15,4,1,3,5,21,17,13,19,10,9,11,23],[2,8,12,20,22,18,16,24,6,4,3,7,1,5,21,19,17,14,13,15,10,9,11,23],[4,16,8,10,2,12,24,20,18,9,6,7,11,3,1,5,22,21,19,17,14,13,15,23],[10,16,22,24,2,8,20,18,12,6,7,11,4,3,1,5,23,21,19,17,14,13,15,9],[18,10,4,12,2,16,8,22,24,11,6,7,3,1,5,20,23,21,17,14,13,15,19,9],[2,14,22,16,24,10,12,6,8,20,18,13,7,4,11,15,5,1,3,23,21,17,19],[10,22,12,24,6,8,18,16,4,2,9,7,5,1,3,11,20,21,17,14,15,13,19,23],[18,4,12,24,16,8,2,6,1,5,3,7,22,20,23,21,17,14,15,13,19,10,9,11],[8,4,20,18,24,14,16,2,12,6,5,13,7,3,15,1,22,23,21,19,17,10,9,11],[18,8,10,22,24,16,4,2,12,11,6,3,5,1,7,20,21,19,17,14,15,13,23],[18,10,2,16,24,6,12,8,9,7,5,4,1,3,11,22,20,23,21,17,14,13,15,19],[10,22,12,24,18,6,8,14,16,4,2,15,11,7,3,5,20,23,1,21,19,17,13],[16,20,2,10,12,18,22,24,6,8,11,4,5,3,7,21,19,17,1,14,15,13,23],[4,22,2,24,20,18,8,14,16,10,12,9,13,11,6,5,7,3,1,15,23,21,19,17],[22,14,24,6,8,16,12,18,4,2,15,7,1,5,3,20,23,21,17,13,19,10,11,9],[20,10,18,4,12,2,22,24,14,16,8,13,6,5,7,11,3,15,1,23,21,19,17],[18,24,6,4,2,8,12,16,7,1,5,3,22,20,21,19,17,14,13,15,11,23,10],[10,8,20,12,18,22,24,2,14,16,15,6,7,9,5,4,1,11,3,21,19,17,13,23],[20,6,8,18,24,16,10,12,4,2,7,9,11,3,5,22,21,17,1,14,15,13,19,23],[4,10,2,12,20,18,6,8,16,22,24,9,5,7,3,1,11,23,21,19,17,14,13,15],[22,18,4,24,14,2,16,10,12,8,15,11,6,1,7,3,5,20,23,21,19,17,13],[20,6,18,22,8,24,14,16,2,12,15,4,5,3,1,7,21,19,17,13,10,11,23,9],[20,24,10,12,18,8,2,16,6,9,5,7,4,1,11,3,22,21,19,17,14,15,13,23],[12,18,6,16,22,24,4,2,8,7,1,5,3,20,23,21,19,17,14,15,13,10,9,11],[10,22,24,6,8,12,18,14,16,4,2,7,15,9,11,3,5,20,23,1,21,19,17,13],[2,20,16,22,18,6,24,10,8,12,5,11,4,3,7,23,21,1,17,14,15,13,19,9],[4,20,18,24,12,6,8,2,16,1,7,5,3,22,23,21,17,14,15,13,19,10,9,11],[20,4,2,18,24,10,12,6,8,16,11,5,1,3,7,22,23,21,17,14,15,13,19,9],[16,24,2,18,12,8,6,4,5,3,7,22,20,21,17,1,14,15,13,19,9,10,11,23],[18,16,10,24,8,4,2,12,1,11,6,7,5,3,22,20,21,17,14,13,15,19,23,9],[8,12,24,2,14,18,6,16,15,4,7,3,1,5,22,20,23,21,19,17,13,10,11,9],[12,8,20,2,22,18,16,24,6,4,3,7,5,23,1,21,17,14,15,13,19,10,11],[12,20,24,4,2,18,16,8,6,7,1,3,5,22,21,19,17,14,13,15,10,9,11,23],[18,2,10,22,24,6,8,12,14,16,7,13,4,9,11,1,15,5,3,20,21,17,19,23],[16,8,24,2,12,18,6,4,1,7,5,3,22,20,21,17,14,15,13,19,10,11,23,9],[10,20,18,2,22,12,24,16,8,6,5,9,7,4,3,11,23,21,1,19,17,14,15,13],[14,24,6,16,8,12,20,18,2,7,15,4,3,5,22,21,19,1,17,13,10,9,11,23],[2,24,18,14,6,16,8,12,7,15,4,3,5,22,20,23,1,21,17,19,13,10,11],[22,10,12,24,8,4,2,16,20,18,9,6,5,11,1,7,3,23,21,17,14,15,13,19],[4,8,16,10,2,12,22,24,18,9,6,7,11,3,5,23,1,21,20,17,14,13,15,19],[24,6,14,8,16,4,2,18,10,12,7,15,11,1,5,3,22,20,21,17,13,19,23,9],[16,6,18,2,22,24,10,8,12,11,4,7,1,5,3,20,23,21,19,17,14,13,15],[12,22,20,18,14,16,24,4,2,8,6,7,13,5,3,1,15,21,19,17,10,9,11,23],[18,4,16,22,24,10,2,6,12,8,7,11,3,1,5,20,23,21,19,17,14,15,13,9],[20,16,12,4,2,18,8,24,6,3,5,7,22,23,1,21,19,17,14,13,15,10,11,9],[10,16,2,6,8,12,22,24,18,9,5,7,4,3,1,11,20,21,19,17,14,15,13,23],[8,2,14,18,22,16,24,12,6,13,7,4,3,1,15,5,20,21,17,19,10,9,11,23],[20,10,18,16,6,8,12,4,2,22,24,7,11,3,1,5,23,21,19,17,14,15,13,9],[6,4,2,8,16,24,18,12,3,5,7,22,20,23,1,21,17,14,15,13,19,10,9,11],[10,24,4,12,2,20,18,8,14,16,6,13,5,7,9,15,11,3,1,22,21,19,17,23],[10,2,16,20,12,18,6,8,22,24,9,5,11,4,3,7,23,1,21,19,17,14,15,13],[10,2,16,6,12,8,24,20,18,5,11,4,1,7,3,22,21,17,14,15,13,19,23,9],[14,4,2,16,12,18,8,22,24,6,5,15,3,1,7,20,21,19,17,13,11,23,10],[24,4,10,12,2,16,8,18,3,6,7,9,1,11,5,22,20,21,17,14,13,15,19,23],[4,10,2,12,22,24,20,18,14,16,8,11,6,15,7,3,5,23,21,1,17,13,19],[4,6,2,8,10,12,22,24,14,16,18,15,7,11,3,1,5,20,21,19,17,13,23,9],[8,12,16,24,18,2,4,6,7,3,5,22,20,21,19,1,17,14,15,13,10,9,11,23],[14,2,8,20,16,18,12,24,6,13,5,15,7,4,3,1,22,21,17,19,10,9,11,23],[18,16,2,22,8,10,24,12,6,11,4,3,7,5,20,23,1,21,17,14,13,15,19,9],[8,2,22,14,16,24,12,18,6,5,13,7,4,3,1,15,20,23,21,17,19,10,11,9],[24,8,18,10,4,12,2,14,16,11,6,7,13,15,5,1,3,22,20,23,21,17,19,9],[22,18,12,2,8,16,24,6,4,7,1,3,5,20,21,17,14,13,15,19,10,9,11,23],[20,14,18,10,16,12,4,2,24,6,8,13,7,11,1,15,5,3,22,21,19,17,23],[22,14,24,20,18,6,8,16,2,10,12,5,13,15,7,11,4,3,1,23,21,17,19],[2,14,10,12,16,6,8,18,22,24,15,11,4,5,1,3,7,20,23,21,19,17,13,9],[18,6,12,16,2,22,8,24,4,3,5,7,20,23,1,21,19,17,14,13,15,10,11],[16,2,22,12,18,8,6,24,4,5,3,1,7,20,21,19,17,14,13,15,11,23,10,9],[6,24,20,8,18,2,10,12,14,16,7,13,4,11,15,5,1,3,22,23,21,17,19,9],[24,18,10,8,16,4,2,12,9,6,7,11,3,5,22,20,23,21,1,19,17,14,13,15],[24,20,16,10,18,8,4,2,12,9,6,5,11,1,7,3,22,21,19,17,14,13,15,23],[10,22,12,24,16,20,18,4,2,8,9,6,7,11,1,5,3,23,21,19,17,14,15,13],[14,8,2,24,18,12,16,6,15,4,5,3,1,7,22,20,21,17,13,19,10,9,11,23],[12,22,14,24,4,16,2,8,20,18,6,13,5,7,1,3,15,23,21,17,19,10,9,11],[12,2,18,24,6,14,8,16,5,13,15,7,4,1,3,22,20,21,17,19,10,9,11,23],[2,16,10,24,6,12,8,20,18,7,11,4,3,5,22,21,19,17,1,14,15,13,23],[8,4,10,2,12,20,18,24,14,16,15,3,6,5,7,11,22,23,21,1,17,13,19,9],[18,10,2,24,14,16,12,8,13,6,5,7,4,11,3,15,1,22,20,23,21,17,19,9],[20,8,2,12,22,24,14,18,16,6,15,4,5,3,7,21,17,1,13,19,10,11,23],[22,14,24,20,18,8,2,10,12,16,15,6,9,5,7,4,3,11,21,17,1,13,19,23],[8,24,4,18,10,12,2,14,16,15,3,6,7,9,11,5,22,20,23,21,1,17,13,19],[16,6,4,8,2,20,18,12,24,7,1,3,5,22,23,21,17,14,13,15,19,10,9,11],[6,14,16,8,2,22,24,12,18,13,7,4,15,5,1,3,20,21,17,19,10,9,11,23],[2,14,24,18,8,10,16,12,15,6,7,11,4,3,5,22,20,21,17,1,13,19,23,9],[18,22,4,24,12,8,16,2,6,7,3,5,20,21,19,17,1,14,13,15,10,9,11,23],[12,2,24,6,20,18,14,8,16,7,13,4,3,15,1,5,22,23,21,17,19,10,11,9],[20,24,14,18,6,16,8,4,2,12,13,7,1,15,5,3,22,21,17,19,10,11,23],[24,20,16,6,18,10,12,8,4,2,11,5,1,7,3,22,21,19,17,14,13,15,23,9],[8,24,18,14,10,16,12,2,15,6,7,11,4,3,5,22,20,21,17,1,13,19,23,9],[2,22,6,24,16,20,8,18,10,12,11,4,5,3,1,7,23,21,19,17,14,13,15],[2,16,8,22,18,12,6,24,4,5,1,3,7,20,23,21,17,14,15,13,19,10,9,11],[10,2,6,12,8,24,16,18,7,9,11,4,1,5,3,22,20,23,21,17,14,13,15,19],[14,6,8,16,20,18,24,10,12,2,5,13,7,4,11,1,3,15,22,23,21,17,19],[22,12,14,16,24,18,8,2,6,5,13,15,7,4,1,3,20,23,21,17,19,10,9,11],[20,10,12,18,16,8,2,22,24,6,11,4,3,5,1,7,21,17,14,13,15,19,23,9],[2,14,12,20,16,18,22,24,6,8,5,13,7,4,3,1,15,23,21,19,17,10,11],[6,2,20,8,18,14,16,12,24,7,15,4,1,5,3,22,23,21,17,13,19,10,9,11],[4,14,2,16,24,8,18,10,12,11,6,7,13,5,1,15,3,22,20,21,17,19,23,9],[16,12,4,8,18,22,2,24,6,3,5,7,20,21,19,1,17,14,15,13,10,9,11,23],[8,14,18,22,24,10,16,12,2,15,6,7,9,5,4,1,11,3,20,21,17,13,19,23],[24,2,10,6,8,12,16,18,5,11,4,1,7,3,22,20,23,21,17,14,13,15,19,9],[10,20,12,18,2,16,6,8,24,11,4,7,3,1,5,22,23,21,19,17,14,15,13,9],[4,10,12,2,14,16,24,18,6,8,7,13,9,11,5,3,15,1,22,20,21,19,17,23],[20,24,16,8,10,12,18,2,6,11,4,1,7,3,5,22,21,17,14,15,13,19,23],[8,16,20,24,2,10,12,18,6,11,4,3,7,5,22,23,21,1,17,14,13,15,19,9],[12,4,22,24,6,8,2,20,18,14,16,15,1,7,5,3,21,17,13,19,10,11,23],[14,8,2,12,20,18,24,16,6,13,7,4,1,5,3,15,22,21,19,17,10,9,11,23],[14,10,12,16,2,20,18,8,24,15,6,11,4,5,3,7,22,23,21,1,19,17,13,9],[24,10,6,12,8,14,16,2,20,18,5,15,9,11,4,1,7,3,22,23,21,17,13,19],[22,16,18,2,8,10,24,12,6,7,9,11,4,3,5,20,21,17,1,14,13,15,19,23],[8,22,18,10,12,24,2,16,6,7,9,5,4,1,11,3,20,23,21,19,17,14,13,15],[10,18,8,24,2,16,6,12,11,4,1,5,7,3,22,20,21,17,14,13,15,19,23,9],[8,24,10,14,16,12,18,2,13,6,7,4,11,3,1,15,5,22,20,23,21,17,19,9],[6,14,16,8,20,18,24,10,12,4,2,15,9,5,11,1,7,3,22,23,21,19,17,13],[22,12,6,24,14,8,16,20,18,2,5,15,4,3,1,7,23,21,17,13,19,10,9,11],[22,16,20,24,8,4,18,10,2,12,9,6,5,7,1,3,11,23,21,17,14,15,13,19],[24,8,10,14,12,16,4,2,20,18,13,6,7,11,3,15,1,5,22,23,21,19,17,9],[16,22,20,24,12,4,2,18,6,8,3,5,7,21,19,17,