{"problem_id":"qIIYOfqARiVjRVz","sigma":150,"alpha":3.162,"cost":0,"probabilities":"[0.21, 0.26, 0.24, 0.29]","payoff_matrix":"[[125, -94, 180, -20, -54, 30], [246, -168, 77, -58, -55, 104], [9, 230, -170, 241, -108, 32], [-71, 18, -113, -149, 31, 61]]","uncovered":[[20,16,4,8,12,24,18,6,22,2,3,23,21,1,10,17,9,11,15,14,5,13,19,7],[12,20,4,8,24,16,18,6,22,2,23,3,1,21,11,19,13,14,5,10,9,7],[24,4,20,8,12,16,22,18,6,2,23,3,1,21,19,9,10,11,15,14,5,13,7],[16,12,20,4,24,8,22,18,6,2,3,23,1,21,19,11,13,15,14,5,10,9,17,7],[8,12,24,20,16,4,18,22,6,2,23,3,21,1,11,19,13,14,5,9,10,15],[12,16,4,20,24,8,18,22,6,2,23,3,21,1,10,19,9,11,14,5,15,13,17],[12,4,24,20,8,16,22,18,6,2,23,3,1,21,11,19,15,14,7,5,13,9,10],[8,4,24,20,12,16,18,22,6,2,3,23,1,21,9,10,11,19,13,14,5,17,7],[24,16,12,8,4,20,22,18,6,2,3,23,1,21,11,19,13,15,14,5],[8,24,20,16,12,4,18,6,22,2,23,3,1,21,11,19,15,14,7,5,13,9,10,17],[4,20,8,12,24,16,18,22,6,2,23,3,1,21,11,19,15,14,13,7,5,10,17,9],[20,24,16,4,12,8,22,18,6,2,3,23,21,1,11,19,13,5,14],[8,12,24,4,16,20,22,18,6,2,23,3,21,1,17,11,14,7,5,15,13,19,10],[20,12,8,16,4,24,18,22,6,3,19,10,23,11,2,21,1,15,14,7,5,13],[4,8,20,12,16,24,22,18,6,2,3,23,1,21,11,19,14,5,13,10,17],[24,8,16,20,4,12,22,18,6,2,23,3,21,1,19,9,10,11,14,7,5,15,13,17],[20,24,16,4,8,12,22,18,6,2,3,23,1,21,11,19,13,5,15,14,10],[24,8,12,16,4,20,22,18,6,2,3,23,1,21,11,19,15,14,7,5,13,9,10,17],[8,24,20,16,4,12,18,6,22,2,23,3,21,1,9,11,17,13,15,14,7,5,19,10],[24,4,8,16,20,12,22,18,6,2,3,23,1,21,19,11,13,15,14,5,10,17,7],[4,20,16,12,8,24,22,18,6,3,23,19,10,11,2,21,1,13,15,14,5,17,7,9],[4,20,24,12,16,8,22,18,6,2,3,23,1,21,11,17,13,14,7,5,19,9,10],[12,20,4,24,16,8,18,22,6,2,23,3,1,21,10,19,11,14,5,7,15,13],[4,12,8,16,20,24,22,18,6,2,23,3,1,21,10,19,15,14,11,7,5,13,17],[16,4,12,20,24,8,22,18,6,2,23,3,21,1,11,19,15,14,5,13,10,17,7,9],[8,4,12,20,24,16,18,6,22,2,3,23,21,1,9,10,11,19,13,14,7,5,17,15],[12,20,4,24,16,8,18,22,6,2,3,23,21,1,17,9,10,11,13,14,5,19,7,15],[24,16,4,12,8,20,22,18,6,2,23,3,21,1,10,19,11,13,14,5,17,9,7],[12,24,20,4,8,16,18,6,22,2,23,3,21,1,10,19,15,14,9,11,13,5,7,17],[24,20,8,12,16,4,22,18,6,2,3,23,1,21,10,17,13,9,11,15,14,7,5,19],[8,12,4,20,24,16,18,22,6,2,3,23,21,1,9,10,11,19,13,14,7,5,17],[16,20,4,24,8,12,22,18,6,2,23,3,1,21,17,10,14,11,7,5,19,13,9,15],[20,16,4,24,12,8,22,18,6,2,3,23,1,21,9,11,19,14,7,5,15,13,10,17],[16,8,24,20,4,12,18,6,22,2,3,23,21,1,10,19,13,11,14,7,5,15,9,17],[12,20,4,16,8,24,18,22,6,2,3,23,1,21,10,19,9,11,13,14,5,17],[4,20,8,24,16,12,18,6,22,2,23,3,21,1,11,17,15,14,7,5,13,19,10],[24,12,4,20,16,8,18,22,6,2,3,23,1,21,19,10,9,11,15,14,5,13],[4,24,20,16,8,12,18,22,6,2,3,23,21,1,11,19,15,14,7,5,13,9,10],[16,4,20,24,8,12,22,18,6,2,23,3,21,1,10,19,11,15,14,5,13,17,7,9],[12,24,8,16,20,4,18,22,6,2,23,3,21,1,10,19,9,11,15,14,5,13,17,7],[8,20,24,12,4,16,22,18,6,2,23,3,1,21,11,19,13,15,14,5,10,17,7,9],[4,20,16,8,12,24,22,18,6,2,3,23,1,21,11,19,13,14,7,5,10,17,9],[20,16,4,12,24,8,18,6,22,2,3,23,21,1,9,10,11,19,15,14,5,13,7,17],[24,20,8,12,16,4,18,22,6,2,3,23,21,1,11,19,13,15,14,5,9,17,10,7],[24,8,16,12,20,4,18,22,6,2,3,23,1,21,9,10,11,19,14,5,15,13,17],[12,4,8,20,24,16,22,18,6,2,23,3,1,21,19,11,14,7,5,13,10,15,9,17],[20,24,12,16,4,8,22,18,6,2,23,3,21,1,11,19,13,15,14,7,5,9,17,10],[4,24,20,12,8,16,22,18,6,2,23,3,1,21,17,10,13,11,7,5,14,19,9],[8,4,24,16,12,20,18,6,22,2,3,23,1,21,11,19,14,5,9,13,10,15,17,7],[8,12,4,20,16,24,18,6,22,2,23,3,1,21,17,11,14,7,5,19,13,15,9],[16,24,8,4,20,12,22,18,6,2,23,3,1,21,10,19,13,11,15,14,7,5,17],[8,16,24,4,20,12,18,6,22,2,23,3,21,1,10,19,13,11,14,5],[16,20,8,4,12,24,22,18,6,2,23,3,21,1,11,19,14,5,13,10,17,9],[4,20,12,8,16,24,22,18,6,2,3,23,1,21,10,19,15,14,11,13,5],[12,20,8,24,4,16,22,18,6,2,3,23,21,1,11,19,13,15,14,5,7,9,10,17],[24,8,12,16,20,4,18,6,22,2,3,23,21,1,10,19,15,14,9,11,7,5,13,17],[12,20,4,16,24,8,18,22,6,2,23,3,1,21,11,17,13,15,14,5,19,10,7],[24,16,20,8,12,4,22,18,6,2,23,3,21,1,19,9,10,11,14,7,5,15,13,17],[24,8,20,4,12,16,22,18,6,2,3,23,1,21,10,19,11,14,7,5,13,9,17,15],[16,20,12,24,8,4,22,18,6,2,23,3,21,1,10,19,15,14,11,7,5,13,17],[8,4,20,12,16,24,22,18,6,2,23,3,21,1,9,10,11,19,15,14,5,13],[8,24,20,12,4,16,18,6,22,2,23,3,21,1,11,19,14,7,5,13,9,10,15],[20,16,24,8,12,4,18,22,6,2,23,3,21,1,11,19,13,5,14,17,7,9,10,15],[16,24,20,4,12,8,18,22,6,2,23,3,1,21,10,17,11,13,15,14,7,5,19,9],[16,12,4,24,20,8,22,18,6,2,23,3,21,1,10,19,15,14,11,7,5,13,9,17],[8,12,16,24,4,20,22,18,6,2,23,3,21,1,10,19,11,14,5,15,13,7,17,9],[8,20,12,16,24,4,18,22,6,2,3,23,1,21,10,19,11,13,14,7,5],[16,12,24,8,20,4,18,6,22,2,3,23,21,1,10,19,15,14,9,11,13,7,5],[4,16,12,8,24,20,22,18,6,2,23,3,21,1,19,10,11,15,14,5,13,7,9,17],[20,8,16,24,4,12,18,6,22,3,23,19,10,11,2,21,1,14,5,15,13,17,7],[8,20,24,16,4,12,22,18,6,2,23,3,1,21,19,11,14,7,5,13,9,10,15,17],[4,12,20,16,24,8,22,18,6,2,3,23,1,21,11,19,13,14,7,5,10,17,15],[20,24,12,16,8,4,18,6,22,2,23,3,21,1,10,19,11,14,7,5,15,13,9,17],[4,8,20,16,12,24,22,18,6,2,23,3,1,21,10,19,11,14,5,13,17,7,9],[12,20,24,8,4,16,22,18,6,2,3,23,21,1,10,19,14,11,5,15,13,17],[24,20,4,12,8,16,22,18,6,2,3,23,21,1,10,19,9,11,15,14,7,5,13],[4,16,20,8,12,24,18,22,6,2,23,3,1,21,10,17,15,14,11,5,13,19],[12,24,16,4,8,20,22,18,6,2,3,23,21,1,11,19,13,15,14,7,5,9,10],[24,8,12,20,16,4,18,22,6,2,23,3,21,1,19,11,15,14,7,5,13,17,9,10],[4,16,20,8,12,24,18,6,22,2,3,23,21,1,19,9,10,11,14,5,17,15,13,7],[4,24,8,20,16,12,22,18,6,2,23,3,21,1,11,17,13,14,7,5,19,9],[16,20,24,8,12,4,18,22,6,2,3,23,1,21,9,10,11,19,15,14,5,13],[16,8,4,20,12,24,22,18,6,2,3,23,21,1,9,10,11,19,13,7,5,15,14],[12,4,24,8,16,20,22,18,6,2,23,3,21,1,19,9,10,11,13,14,5],[24,16,12,20,4,8,22,18,6,2,23,3,1,21,11,19,14,5,15,13,10,9],[24,16,12,20,8,4,22,18,6,2,3,23,1,21,11,19,14,7,5,15,13,10,17],[8,20,16,4,24,12,18,22,6,2,23,3,21,1,9,10,11,19,13,14,7,5,15,17],[24,12,4,16,8,20,22,18,6,2,23,3,1,21,10,19,11,13,15,14,5,7,17],[16,8,24,12,20,4,22,18,6,2,23,3,1,21,9,10,11,19,15,14,7,5,13,17],[8,16,4,20,24,12,18,22,6,2,23,3,21,1,11,19,14,7,5,10,15,13,17,9],[8,16,12,4,24,20,18,6,22,2,23,3,1,21,9,10,11,19,14,5,13,7],[4,12,24,8,20,16,18,22,6,2,3,23,1,21,10,19,11,14,7,5,9,15,13],[4,20,24,8,16,12,22,18,6,2,23,3,21,1,10,19,14,9,11,7,5,13,17],[4,20,12,16,8,24,22,18,6,2,3,23,21,1,10,19,11,14,7,5,17,15,13],[4,20,16,8,12,24,18,6,22,2,3,23,21,1,11,19,13,14,5,17,7,9,10,15],[24,16,8,20,12,4,22,18,6,2,23,3,1,21,9,10,11,19,13,14,5,17,7],[20,4,12,16,8,24,18,6,22,2,23,3,21,1,10,19,11,14,5,13,9,17,7],[12,8,16,4,24,20,18,22,6,2,23,3,21,1,11,17,14,5,10,19,13,7,9,15],[8,24,16,12,20,4,22,18,6,2,23,3,21,1,9,10,11,19,14,7,5,13,15,17],[4,12,24,20,16,8,22,18,6,2,3,23,1,21,10,17,9,11,13,14,7,5,19,15],[4,12,20,24,8,16,18,22,6,2,3,23,1,21,9,10,11,17,15,14,7,5,13,19],[12,4,8,16,20,24,18,6,22,2,3,23,21,1,10,19,15,14,11,5,13,17,9],[8,24,4,16,20,12,22,18,6,3,19,10,11,2,23,21,1,14,5],[16,8,12,24,20,4,22,18,6,2,23,3,21,1,10,19,9,11,14,7,5,17,15,13],[8,12,4,16,20,24,22,18,6,2,23,3,1,21,10,19,11,15,14,7,5,13,9],[12,8,4,24,20,16,22,18,6,2,3,23,1,21,9,10,11,19,15,14,7,5,13,17],[8,12,24,16,20,4,18,22,6,2,23,3,1,21,17,11,15,14,5,13,19,9,10],[16,12,8,4,20,24,18,22,6,2,3,23,21,1,10,19,14,11,7,5,9,13,15],[12,16,8,20,24,4,18,22,6,2,3,23,21,1,10,19,13,11,14,5,9,15,17,7],[12,16,24,20,4,8,22,18,6,2,23,3,21,1,9,10,11,19,13,15,14,5],[24,4,12,8,20,16,22,18,6,2,3,23,21,1,10,17,15,14,11,7,5,13,19,9],[20,8,12,16,24,4,18,6,22,2,3,23,21,1,9,10,11,19,15,14,13,7,5,17],[12,24,20,16,8,4,22,18,6,2,23,3,21,1,9,10,11,17,15,14,5,19,13],[20,4,24,16,8,12,22,18,6,2,3,23,21,1,19,9,10,11,15,14,5,13,7,17],[24,8,4,16,20,12,18,22,6,2,23,3,21,1,19,11,13,14,5,17,7,9,10,15],[8,20,24,16,12,4,22,18,6,2,23,3,21,1,11,17,14,5,19,13,10],[4,12,8,24,20,16,22,18,6,2,23,3,1,21,19,9,10,11,13,15,14,7,5],[12,8,24,4,20,16,22,18,6,2,23,3,1,21,19,11,14,5,15,13,10,9],[12,4,24,8,16,20,22,18,6,2,3,23,1,21,19,10,11,15,14,7,5,13,9,17],[16,24,8,20,4,12,18,6,22,2,3,23,1,21,10,19,13,11,15,14,5,17],[12,16,24,4,20,8,18,22,6,2,3,23,1,21,19,9,10,11,13,15,14,5,7,17],[4,16,8,20,12,24,18,6,22,2,23,3,1,21,10,17,13,9,11,15,14,7,5,19],[20,24,16,4,12,8,18,22,6,2,23,3,1,21,9,10,11,17,13,15,14,5,19,7],[12,16,20,8,4,24,22,18,6,2,3,23,1,21,11,19,15,14,7,5,13,17,9,10],[24,8,20,12,4,16,22,18,6,2,3,23,21,1,11,17,13,15,14,7,5,19,10],[8,12,16,4,20,24,18,6,22,2,3,23,21,1,11,17,14,7,5,19,15,13,10,9],[16,8,12,20,4,24,22,18,6,2,3,23,1,21,11,19,13,15,14,5,17,7,10,9],[8,16,20,24,12,4,22,18,6,2,3,23,21,1,11,19,15,14,13,5,7,9,10,17],[4,12,8,24,16,20,18,22,6,2,23,3,1,21,11,19,13,14,7,5,10,17,9,15],[20,12,16,4,24,8,18,22,6,2,3,23,1,21,10,19,11,14,5,13,15,17,9,7],[16,12,24,4,20,8,22,18,6,2,23,3,21,1,11,17,15,14,5,19,13,9,10],[20,4,12,8,16,24,22,18,6,2,3,23,1,21,10,17,13,11,14,5,19,9],[20,8,16,12,24,4,18,22,6,2,3,23,21,1,10,19,15,14,9,11,7,5,13,17],[12,8,16,24,20,4,22,18,6,2,23,3,1,21,10,19,15,14,9,11,13,5,17],[8,20,16,12,4,24,18,6,22,2,23,3,21,1,10,19,9,11,14,5,15,13,17,7],[12,8,24,16,4,20,18,22,6,2,3,23,21,1,11,17,15,14,7,5,13,19,9,10],[12,8,20,24,16,4,22,18,6,2,23,3,1,21,19,10,11,14,5,15,13,17,9],[8,20,4,24,12,16,22,18,6,2,3,23,21,1,11,19,15,14,7,5,13,10,17],[8,12,20,16,24,4,22,18,6,2,23,3,21,1,10,17,9,11,13,14,7,5,19,15],[20,24,12,4,16,8,18,6,22,2,3,23,1,21,10,19,11,15,14,7,5,13],[24,20,12,16,4,8,18,6,22,2,3,23,1,21,11,17,14,7,5,15,13,19,9,10],[16,4,8,12,24,20,18,22,6,2,23,3,21,1,10,19,11,14,5,15,13,7,9,17],[8,24,12,20,4,16,22,18,6,2,3,23,21,1,10,19,9,11,13,15,14,7,5],[24,4,12,20,8,16,22,18,6,2,23,3,21,1,19,11,13,15,14,5,10,17,7],[12,20,8,24,4,16,22,18,6,2,23,3,1,21,10,19,15,14,11,7,5,13,9],[16,20,12,8,24,4,18,22,6,2,3,23,21,1,10,19,13,11,15,14,7,5,17,9],[4,12,20,8,16,24,18,22,6,2,23,3,1,21,17,9,11,13,15,14,7,5,19,10],[4,24,16,20,8,12,18,6,22,2,3,23,21,1,9,10,11,19,13,15,14,5],[4,16,24,20,12,8,18,22,6,2,3,23,1,21,9,10,11,19,14,5,13,17,7,15],[16,24,12,8,20,4,18,6,22,2,3,23,1,21,19,11,14,7,5,13,10,15],[8,20,12,16,24,4,18,6,22,2,23,3,21,1,10,19,13,11,14,5],[20,8,16,4,24,12,22,18,6,2,3,23,21,1,10,19,9,11,15,14,13,5,7],[12,20,24,8,4,16,18,22,6,2,23,3,21,1,10,17,13,11,14,7,5,19,9,15],[24,8,12,20,16,4,22,18,6,2,3,23,21,1,10,19,11,15,14,5,13,17,9,7],[12,4,16,20,8,24,18,22,6,2,3,23,1,21,9,10,11,19,14,5,13],[4,16,12,8,24,20,22,18,6,2,3,23,1,21,10,19,11,14,7,5,13,15],[20,12,8,24,16,4,18,6,22,2,23,3,1,21,10,19,15,14,11,7,5,13],[16,20,24,4,8,12,18,22,6,2,23,3,21,1,9,10,11,19,14,7,5,13,15],[8,12,16,20,4,24,18,22,6,2,23,3,21,1,11,19,15,14,7,5,13,10,9,17],[4,20,12,8,16,24,22,18,6,2,3,23,21,1,11,19,13,14,5,17,7,10,15,9],[24,4,16,20,12,8,18,22,6,2,23,3,21,1,11,19,13,7,5,15,14,9,10],[4,12,20,8,24,16,18,22,6,2,3,23,1,21,11,19,13,15,14,7,5,9,10],[20,12,8,24,16,4,18,6,22,2,23,3,21,1,10,19,15,14,11,7,5,13,9,17],[20,16,24,8,12,4,18,22,6,2,23,3,1,21,10,19,11,15,14,7,5,13,9,17],[20,4,8,16,24,12,22,18,6,2,3,23,21,1,19,10,14,11,5,17,9,15,13],[24,20,4,12,16,8,18,22,6,2,3,23,1,21,10,19,11,14,5,13,9,15,17],[16,24,8,20,12,4,22,18,6,2,23,3,1,21,9,10,11,19,13,14,5,17,15,7],[4,8,24,12,20,16,22,18,6,2,3,23,21,1,11,19,15,14,13,5,10,17,9,7],[16,8,4,20,24,12,22,18,6,2,3,23,21,1,9,10,11,17,14,7,5,19,13],[8,4,24,20,12,16,18,22,6,2,3,23,21,1,19,10,11,14,5,15,13,17,9],[20,8,4,12,24,16,18,22,6,2,23,3,21,1,19,11,15,14,7,5,13,17,10],[8,24,4,20,16,12,18,6,22,2,23,3,1,21,19,11,14,7,5,13,9,10,17],[12,16,24,20,8,4,22,18,6,2,3,23,21,1,11,19,14,7,5,13,9,17,15,10],[20,12,16,8,4,24,18,6,22,2,23,3,21,1,11,19,13,15,14,7,5,9,10],[16,8,4,20,12,24,18,6,22,2,23,3,1,21,10,19,11,15,14,5,13,17],[8,20,24,4,16,12,22,18,6,2,3,23,1,21,17,9,10,11,15,14,7,5,13,19],[8,12,24,20,16,4,18,6,22,2,23,3,21,1,10,19,11,14,5,13,15,9,7,17],[4,8,16,20,24,12,22,18,6,2,3,23,21,1,9,10,11,17,14,5,19,7,15,13],[12,20,4,24,8,16,18,6,22,2,23,3,21,1,9,10,11,19,14,7,5,15,13,17],[24,8,4,20,16,12,18,22,6,2,3,23,21,1,19,10,11,14,7,5,13,17,9],[12,16,24,4,20,8,18,6,22,2,23,3,21,1,11,19,14,5,7,13,9,10],[8,24,20,12,16,4,18,6,22,2,23,3,21,1,11,19,15,14,5,13,17],[20,24,8,12,4,16,18,6,22,2,3,23,21,1,11,19,13,14,7,5,15,10,9],[24,12,16,20,8,4,22,18,6,2,3,23,21,1,19,10,15,14,11,7,5,13,17],[16,20,4,12,24,8,18,22,6,2,23,3,1,21,9,10,11,17,15,14,5,13,19,7],[24,8,20,16,4,12,22,18,6,2,23,3,21,1,19,10,14,11,7,5,13],[4,20,24,16,12,8,18,22,6,2,3,23,21,1,9,10,11,19,13,14,5],[16,20,24,12,4,8,22,18,6,2,23,3,21,1,9,10,11,19,14,5,15,13,17],[4,12,20,8,16,24,22,18,6,2,3,23,1,21,11,19,13,14,5,10,17,9,15,7],[4,12,8,16,24,20,22,18,6,2,23,3,1,21,11,19,14,7,5,9,13,17,15,10],[8,4,20,16,12,24,18,6,22,2,3,23,21,1,10,19,9,11,14,7,5,15,13],[24,8,16,12,20,4,18,22,6,2,3,23,21,1,19,10,15,14,11,13,5,17,7],[12,20,16,8,24,4,22,18,6,2,3,23,1,21,19,9,10,11,15,14,5,13],[24,20,8,4,16,12,18,6,22,2,23,3,21,1,11,19,13,15,14,5,9,10],[12,16,8,24,20,4,22,18,6,2,23,3,1,21,9,10,11,17,13,14,5,19,15],[8,4,12,20,16,24,18,22,6,2,3,23,21,1,10,19,15,14,11,7,5,13,9,17],[12,20,8,16,24,4,18,22,6,2,23,3,21,1,11,19,14,5,13,9,10,7,15,17],[24,8,12,4,20,16,22,18,6,2,3,23,21,1,19,11,13,14,5,7,9,10,15,17],[20,12,4,16,24,8,22,18,6,2,23,3,1,21,11,19,14,7,5,10,13,17,15],[24,8,4,16,20,12,18,22,6,2,3,23,1,21,11,19,13,14,5,10,9,17,7],[24,16,12,4,20,8,22,18,6,2,23,3,1,21,11,19,13,14,5,17,7,10],[4,8,16,24,20,12,18,6,22,2,3,23,1,21,11,19,13,15,14,7,5,9,10],[8,12,20,24,4,16,22,18,6,2,3,23,21,1,19,10,15,14,11,5,13,7,17],[8,16,24,4,12,20,22,18,6,2,3,23,21,1,9,10,11,19,15,14,7,5,13],[16,24,12,4,8,20,22,18,6,2,3,23,21,1,11,19,14,5,9,10,13,15],[16,4,12,8,20,24,22,18,6,2,23,3,21,1,10,19,11,15,14,5,13,7,9,17],[4,16,24,20,12,8,18,6,22,2,3,23,21,1,11,19,13,14,7,5,9,10,15,17],[20,24,4,8,16,12,18,6,22,2,3,23,1,21,11,19,13,15,14,5,17,9,10],[8,20,12,24,4,16,22,18,6,2,3,23,21,1,9,10,11,19,14,5,17,13,15],[16,8,12,24,20,4,18,6,22,2,3,23,1,21,10,19,15,14,9,11,7,5,13,17],[8,24,4,16,12,20,22,18,6,3,19,10,11,2,23,21,1,13,14,5,17,7,9],[8,20,12,4,24,16,18,6,22,2,3,23,1,21,9,10,11,19,13,14,7,5,15,17],[24,4,16,12,20,8,18,6,22,2,3,23,1,21,10,19,11,14,7,5,9,13],[8,4,16,12,20,24,18,6,22,2,3,23,1,21,10,19,11,14,7,5,13,15,17],[16,20,8,24,12,4,22,18,6,2,23,3,21,1,9,10,11,19,15,14,7,5,13,17],[8,20,16,4,24,12,22,18,6,2,3,23,1,21,19,11,15,14,7,5,13,9,10,17],[12,16,4,24,20,8,18,22,6,2,3,23,21,1,19,10,11,14,7,5,15,13,17],[8,12,4,20,24,16,22,18,6,2,23,3,1,21,10,19,9,11,13,15,14,7,5,17],[8,4,16,12,24,20,22,18,6,2,3,23,21,1,10,17,15,14,11,7,5,13,19],[16,4,12,24,20,8,18,6,22,2,23,3,1,21,10,19,14,9,11,7,5,15,13,17],[24,20,8,12,4,16,18,6,22,2,23,3,21,1,11,19,14,5,13,15,9,10],[8,24,16,12,20,4,22,18,6,2,23,3,21,1,9,10,11,19,13,14,5,7,15],[20,24,12,8,16,4,18,6,22,2,23,3,1,21,10,19,11,15,14,7,5,13,17,9],[24,12,20,16,8,4,18,6,22,2,3,23,1,21,10,19,11,14,5,15,13,17,9],[24,8,16,20,12,4,22,18,6,2,23,3,21,1,9,10,11,19,14,7,5,13,15,17],[8,12,20,4,24,16,22,18,6,2,3,23,21,1,10,19,14,11,5,13,9,17],[20,24,12,8,16,4,22,18,6,2,3,23,1,21,9,11,19,14,5,15,13,10,7],[20,12,8,4,16,24,22,18,6,2,23,3,1,21,9,10,11,17,14,5,19,15,13],[8,12,24,16,20,4,18,6,22,2,3,23,1,21,11,19,13,15,14,7,5,10,17],[20,16,8,4,12,24,22,18,6,2,3,23,21,1,10,19,11,15,14,7,5,13,17],[4,24,20,8,12,16,22,18,6,3,19,10,11,2,23,21,1,13,14,5,9,17,15,7],[4,12,20,24,16,8,18,22,6,2,3,23,21,1,10,19,11,14,5,13,17,9,15],[4,12,24,16,20,8,18,22,6,3,23,19,10,11,2,1,21,13,14,5,17,15],[4,24,16,12,8,20,22,18,6,2,3,23,1,21,17,9,10,11,14,7,5,19,15,13],[16,12,4,24,8,20,18,6,22,2,3,23,1,21,9,10,11,19,13,14,7,5,15],[4,16,12,8,24,20,22,18,6,2,23,3,1,21,9,10,11,19,13,15,14,5,7,17],[20,12,8,4,24,16,18,6,22,2,3,23,1,21,19,9,10,11,15,14,7,5,13],[4,20,24,12,16,8,22,18,6,2,3,23,21,1,10,19,11,15,14,13,5,17,9,7],[8,24,4,16,12,20,22,18,6,2,3,23,21,1,11,19,15,14,13,5,9,10,7,17],[20,8,4,24,12,16,22,18,6,2,3,23,21,1,10,19,11,14,5,9,13,7,15,17],[20,12,8,16,24,4,22,18,6,3,23,19,10,11,2,1,21,14,7,5,15,13,17,9],[12,24,20,8,16,4,22,18,6,2,3,23,21,1,10,17,11,13,14,5,19],[12,16,8,24,20,4,22,18,6,2,3,23,1,21,10,19,9,11,15,14,13,7,5,17],[4,24,12,8,16,20,22,18,6,2,23,3,1,21,11,19,13,14,7,5,9,10],[8,20,16,12,24,4,18,22,6,2,23,3,21,1,19,9,10,11,13,7,5,15,14],[4,16,12,20,24,8,22,18,6,2,3,23,1,21,19,9,10,11,14,5,15,13,17],[16,4,24,8,20,12,18,6,22,2,3,23,1,21,10,19,15,14,9,11,13,7,5],[12,4,24,8,20,16,22,18,6,2,23,3,1,21,9,10,11,19,14,7,5,13,15],[24,4,16,20,8,12,22,18,6,2,3,23,21,1,10,17,11,14,7,5,19,15,13],[8,12,20,24,4,16,18,6,22,2,23,3,1,21,19,9,10,11,14,5,15,13,7],[12,24,8,4,16,20,18,6,22,2,23,3,21,1,19,11,14,5,15,13,9,7,10],[12,24,4,20,8,16,18,22,6,2,23,3,21,1,10,19,15,14,11,7,5,13,9,17],[24,4,20,16,12,8,22,18,6,2,23,3,1,21,11,19,14,7,5,13,9,10,17,15],[8,20,12,4,24,16,18,6,22,2,3,23,1,21,11,19,14,7,5,15,13,10],[24,12,8,4,16,20,18,6,22,2,3,23,1,21,9,10,11,19,15,14,7,5,13,17],[16,20,12,24,8,4,18,6,22,2,3,23,1,21,17,9,10,11,13,15,14,7,5,19],[12,4,20,8,24,16,22,18,6,2,23,3,21,1,19,10,14,11,7,5,15,13,9],[16,8,24,12,4,20,18,6,22,2,23,3,21,1,9,11,19,14,5,13,17,10,7],[24,20,4,16,8,12,18,22,6,2,23,3,21,1,9,10,11,19,15,14,5,13,7],[16,20,12,4,24,8,18,22,6,2,23,3,1,21,11,19,13,15,14,5,7,10],[12,4,20,16,8,24,18,22,6,2,3,23,21,1,9,11,19,13,14,7,5,17,10,15],[4,20,16,12,8,24,22,18,6,2,23,3,21,1,17,9,10,11,13,15,14,5,19,7],[4,12,16,8,24,20,22,18,6,2,23,3,21,1,10,19,11,13,14,7,5,15,9,17],[4,24,12,20,16,8,18,22,6,2,3,23,1,21,10,19,14,11,5,13,7,9,15,17],[24,4,20,8,12,16,22,18,6,2,23,3,1,21,10,19,9,11,14,5,15,13,17,7],[24,16,12,8,4,20,18,6,22,2,23,3,1,21,11,17,14,5,19,15,13,9,10],[24,16,20,8,12,4,22,18,6,2,3,23,1,21,17,11,15,14,5,13,19,10],[12,4,8,16,24,20,22,18,6,2,23,3,21,1,11,19,15,14,5,13,17,9,10,7],[16,20,12,24,8,4,22,18,6,2,23,3,1,21,9,10,11,19,15,14,5,13,7],[20,24,12,8,4,16,18,6,22,2,23,3,1,21,10,19,9,11,13,15,14,5,17,7],[20,24,4,16,12,8,18,22,6,2,3,23,1,21,11,19,14,5,13,15,9,10,7],[20,8,24,4,12,16,18,22,6,2,23,3,1,21,9,10,11,19,15,14,5,13,7],[20,24,16,8,4,12,22,18,6,2,23,3,1,21,19,10,14,9,11,13,7,5],[16,24,20,8,4,12,18,6,22,2,23,3,21,1,10,19,13,11,7,5,14,15,9],[24,16,12,4,8,20,18,22,6,2,23,3,1,21,9,10,11,17,15,14,5,19,13],[24,16,4,12,20,8,22,18,6,2,3,23,1,21,19,9,10,11,15,14,5,13,17,7],[24,8,16,20,4,12,22,18,6,2,23,3,1,21,10,19,13,11,5,14,15,17,9],[4,20,12,24,8,16,22,18,6,2,3,23,21,1,10,19,11,14,5,7,13],[12,20,4,16,8,24,18,22,6,2,23,3,21,1,19,9,10,11,14,7,5,13,15,17],[24,16,8,12,4,20,18,22,6,2,23,3,1,21,11,19,14,7,5,15,13,10,9],[8,16,12,4,24,20,18,22,6,2,3,23,1,21,10,19,15,14,11,5,13,9,7,17],[8,24,12,20,16,4,18,6,22,2,3,23,1,21,10,19,9,11,14,7,5,13,15,17],[16,8,20,12,4,24,18,22,6,2,3,23,21,1,11,17,14,7,5,19,13,9,10,15],[4,8,24,20,12,16,18,6,22,2,23,3,21,1,11,19,14,5,15,13,10,17,7,9],[20,24,16,12,4,8,22,18,6,2,23,3,21,1,19,9,10,11,13,15,14,7,5,17],[12,8,24,20,16,4,22,18,6,2,23,3,1,21,10,19,13,11,15,14,5],[24,8,4,16,12,20,18,6,22,2,23,3,21,1,10,19,11,13,14,5,9,17,7],[8,4,12,20,16,24,18,6,22,2,23,3,21,1,9,10,11,17,13,15,14,7,5,19],[16,8,12,24,20,4,18,22,6,2,23,3,21,1,9,10,11,19,15,14,7,5,13,17],[16,12,20,24,4,8,22,18,6,2,23,3,21,1,10,19,11,15,14,13,5,9,17,7],[20,8,4,12,24,16,22,18,6,2,3,23,21,1,11,17,14,5,19,9,7,15,13,10],[20,8,4,12,24,16,22,18,6,2,23,3,1,21,11,19,15,14,7,5,13,10],[20,24,16,12,4,8,22,18,6,2,23,3,21,1,9,11,17,13,14,7,5,19,10,15],[20,16,12,8,4,24,18,6,22,2,23,3,1,21,9,10,11,17,15,14,13,7,5,19],[12,16,4,20,8,24,18,6,22,2,3,23,21,1,11,19,14,7,5,13,10],[8,24,20,16,12,4,18,22,6,2,23,3,21,1,10,19,13,11,14,5,17,9,7],[24,8,16,12,4,20,18,22,6,2,3,23,1,21,19,9,10,11,14,7,5,15,13,17],[8,24,16,12,4,20,18,6,22,2,23,3,1,21,11,19,14,5,15,13,9,17,10,7],[16,12,20,24,4,8,18,22,6,2,23,3,21,1,10,19,14,9,11,7,5,15,13,17],[20,8,4,24,16,12,22,18,6,2,3,23,21,1,9,10,11,19,14,5,15,13,17,7],[20,8,24,12,16,4,22,18,6,2,23,3,21,1,10,19,9,11,15,14,13,7,5,17],[4,8,20,24,16,12,18,6,22,2,23,3,21,1,11,17,15,14,5,13,19,9,10,7],[16,24,8,12,4,20,18,22,6,2,23,3,1,21,9,10,11,19,14,7,5,15,13,17],[4,8,20,16,24,12,18,22,6,2,3,23,21,1,10,19,15,14,11,5,13],[16,4,20,24,12,8,18,6,22,2,23,3,21,1,9,10,11,19,13,15,14,5],[24,12,16,8,20,4,18,6,22,2,23,3,1,21,10,19,9,11,14,7,5,15,13,17],[12,8,20,24,4,16,18,6,22,2,3,23,21,1,11,19,15,14,5,13,9,7,17,10],[24,4,8,20,12,16,22,18,6,2,3,23,1,21,10,19,15,14,9,11,7,5,13,17],[12,8,24,4,20,16,22,18,6,2,3,23,21,1,10,19,15,14,11,5,13,7,17],[20,4,12,16,24,8,22,18,6,3,23,19,11,2,1,21,15,14,13,5],[4,20,24,12,16,8,18,6,22,2,3,23,21,1,10,19,9,11,13,14,5],[20,24,8,4,12,16,22,18,6,2,23,3,21,1,10,19,15,14,11,13,5,9,7],[24,20,12,4,16,8,22,18,6,2,23,3,1,21,10,19,11,14,7,5,13,17,15],[12,20,8,24,4,16,18,6,22,2,23,3,21,1,10,19,15,14,11,7,5,13,17],[4,12,8,24,20,16,22,18,6,2,23,3,21,1,10,19,11,14,5,15,13,7,17],[24,20,12,16,4,8,22,18,6,2,3,23,1,21,11,19,13,14,7,5,15,10,9],[24,16,4,8,12,20,18,22,6,2,23,3,1,21,10,17,15,14,11,5,13,19,7],[24,12,16,20,8,4,18,6,22,2,23,3,21,1,11,19,13,15,14,7,5,9,17,10],[20,16,24,8,4,12,18,6,22,2,23,3,21,1,10,19,11,15,14,13,5,17],[4,12,20,16,24,8,22,18,6,2,3,23,1,21,11,17,13,14,5,19,15,10,9],[12,16,4,20,8,24,22,18,6,2,23,3,1,21,10,19,11,14,7,5,15,13],[8,12,4,16,24,20,22,18,6,2,23,3,21,1,9,10,11,19,14,7,5,15,13],[12,16,20,24,8,4,22,18,6,2,3,23,21,1,11,19,14,5,13,9,7,10,17],[24,20,16,4,8,12,18,6,22,3,23,19,10,11,2,21,1,15,14,5,13,7],[24,8,12,4,16,20,22,18,6,3,23,19,10,11,2,21,1,13,15,14,5,17,9,7],[20,24,8,4,16,12,18,6,22,2,3,23,1,21,9,10,11,19,15,14,5,13],[12,20,4,16,24,8,22,18,6,2,23,3,1,21,10,19,15,14,11,7,5,13,9,17],[12,8,16,24,4,20,22,18,6,3,19,10,23,11,2,21,1,13,14,5],[20,4,8,24,12,16,18,22,6,2,3,23,1,21,11,19,14,7,5,13,9,17,10,15],[8,24,4,20,12,16,18,22,6,2,3,23,21,1,9,10,11,19,14,7,5,15,13],[16,12,8,4,24,20,18,6,22,2,23,3,1,21,10,19,11,14,7,5,15,13,17],[4,8,20,16,24,12,18,6,22,3,23,19,10,11,2,21,1,14,5,13,9,15,17,7],[24,16,20,4,8,12,18,6,22,2,3,23,1,21,11,19,14,5,15,13,10,17,9,7],[24,8,20,4,16,12,22,18,6,2,23,3,21,1,11,19,15,14,5,13,7],[4,12,8,24,16,20,22,18,6,2,23,3,1,21,11,17,13,14,5,19,10,9,7,15],[4,24,12,20,8,16,22,18,6,2,3,23,21,1,9,10,11,19,13,15,14,5],[20,16,4,12,24,8,22,18,6,2,23,3,1,21,19,9,10,11,13,15,14,7,5],[12,8,4,24,20,16,18,22,6,2,3,23,21,1,11,19,14,7,5,15,13,17,9,10],[12,16,8,20,4,24,18,22,6,2,3,23,21,1,19,11,13,15,14,7,5,9,10],[16,8,24,20,12,4,22,18,6,2,3,23,1,21,10,19,13,11,14,5,9,15,17],[4,20,8,16,24,12,22,18,6,2,23,3,21,1,11,17,15,14,7,5,13,19,10],[12,8,16,20,4,24,22,18,6,2,23,3,1,21,10,19,11,15,14,7,5,13,17,9],[4,16,20,24,8,12,22,18,6,3,23,19,10,11,2,1,21,13,14,7,5,17],[24,20,16,8,4,12,22,18,6,2,23,3,1,21,11,19,14,5,13,17,10,15,7,9],[24,12,8,20,4,16,22,18,6,2,23,3,1,21,9,10,11,19,15,14,7,5,13],[12,16,20,24,4,8,18,22,6,2,23,3,21,1,9,10,11,19,14,5,17,15,13],[8,12,20,16,24,4,22,18,6,2,3,23,21,1,19,9,10,11,13,15,14,5,7,17],[20,24,4,16,12,8,22,18,6,2,23,3,21,1,9,10,11,19,15,14,5,13,17],[20,24,12,4,16,8,22,18,6,2,3,23,1,21,11,19,14,5,15,13,7,17,9,10],[8,4,24,12,16,20,22,18,6,2,23,3,21,1,19,9,10,11,14,7,5,13,17,15],[8,4,24,12,16,20,22,18,6,2,3,23,21,1,9,10,11,19,14,5,13,7,15,17],[8,24,16,20,4,12,22,18,6,2,23,3,21,1,19,10,13,9,11,15,14,5,17,7],[12,4,8,16,24,20,22,18,6,2,3,23,21,1,19,11,13,14,7,5,15,10,17,9],[8,24,16,20,12,4,18,22,6,2,3,23,1,21,9,10,11,19,13,7,5,14],[20,24,16,4,12,8,22,18,6,2,23,3,21,1,11,19,13,14,7,5,9,10,17,15],[24,20,12,4,16,8,22,18,6,2,3,23,1,21,10,19,11,15,14,7,5,13,17],[20,12,24,8,4,16,18,22,6,2,23,3,21,1,9,10,11,19,13,14,5,15,7,17],[4,12,8,24,20,16,18,6,22,2,23,3,21,1,10,17,11,14,7,5,19,15,13],[24,20,16,12,8,4,18,6,22,2,3,23,21,1,11,19,15,14,13,7,5,10,9,17],[4,16,24,12,20,8,22,18,6,2,3,23,1,21,9,10,11,17,15,14,5,13,19],[24,20,12,16,8,4,22,18,6,2,3,23,1,21,9,10,11,19,14,7,5,15,13,17],[24,16,8,4,12,20,22,18,6,2,23,3,21,1,10,19,11,13,14,7,5,17,15,9],[20,8,16,12,24,4,22,18,6,2,23,3,1,21,11,19,14,5,13,15,10,17],[16,24,12,8,20,4,22,18,6,2,3,23,1,21,11,19,15,14,7,5,13,10,17,9],[4,12,24,16,20,8,22,18,6,2,23,3,21,1,19,11,13,15,14,7,5,10],[12,16,4,24,8,20,22,18,6,2,23,3,1,21,9,10,11,19,14,5,13,15,7,17],[16,8,24,12,20,4,22,18,6,2,23,3,21,1,11,19,15,14,7,5,13,17,10],[24,4,12,16,20,8,18,22,6,2,23,3,1,21,19,9,10,11,13,14,5,7],[20,12,16,8,24,4,22,18,6,2,3,23,1,21,9,10,11,19,13,14,7,5,15],[12,16,24,20,8,4,22,18,6,2,23,3,21,1,9,10,11,19,15,14,13,5,17],[8,4,24,16,12,20,18,6,22,2,3,23,21,1,11,19,14,5,17,13,10,15],[16,8,20,4,24,12,22,18,6,2,23,3,21,1,11,19,13,14,5,7,15,10,17,9],[16,4,12,20,8,24,18,22,6,2,23,3,21,1,9,10,11,17,15,14,5,13,19],[16,20,8,24,12,4,18,6,22,2,23,3,1,21,10,19,11,14,7,5,13,9,15,17],[12,20,24,8,16,4,22,18,6,2,3,23,1,21,10,19,9,11,13,14,5,15,7,17],[24,8,16,12,20,4,22,18,6,2,23,3,21,1,11,19,15,14,13,7,5],[20,12,16,4,24,8,18,6,22,2,3,23,1,21,17,11,14,7,5,19,9,13,10,15],[12,20,4,24,8,16,18,22,6,2,3,23,1,21,19,9,10,11,15,14,5,13],[20,16,12,8,24,4,18,6,22,2,23,3,21,1,10,19,11,13,14,7,5,17],[16,4,8,12,24,20,22,18,6,2,3,23,1,21,9,10,11,19,15,14,7,5,13],[12,16,24,4,8,20,22,18,6,2,3,23,21,1,11,19,13,14,7,5,9,10],[8,4,20,12,24,16,18,6,22,2,23,3,21,1,10,19,11,13,15,14,7,5],[12,20,16,4,24,8,18,6,22,2,23,3,21,1,10,19,11,13,14,5,7,17,15,9],[16,8,4,24,12,20,18,6,22,2,3,23,21,1,9,10,11,17,14,7,5,19,13],[16,24,20,12,4,8,18,22,6,2,23,3,1,21,10,19,9,11,13,14,5,15,7,17],[24,12,4,16,20,8,18,22,6,3,19,10,23,11,2,21,1,14,7,5,15,13,9],[24,20,4,16,12,8,22,18,6,2,3,23,1,21,9,10,11,19,13,14,7,5,17],[16,4,24,12,8,20,22,18,6,2,23,3,21,1,11,17,15,14,13,7,5,19,10],[24,4,16,8,20,12,22,18,6,2,23,3,1,21,10,19,13,11,14,5,15,9,7,17],[24,16,8,20,12,4,18,22,6,2,23,3,21,1,19,9,10,11,14,5,15,13,7,17],[20,4,24,12,8,16,18,22,6,2,3,23,1,21,11,19,13,15,14,7,5,9,10,17],[4,20,12,24,8,16,22,18,6,2,23,3,1,21,9,10,11,19,14,7,5,13,17,15],[4,16,20,8,24,12,22,18,6,2,23,3,1,21,19,11,13,14,5,10,15,17,9,7],[8,20,16,4,12,24,18,22,6,2,23,3,1,21,11,19,13,5,14,10,15,7,9,17],[4,12,16,20,24,8,18,6,22,2,23,3,21,1,19,9,10,11,15,14,13,7,5],[24,16,20,4,8,12,18,22,6,2,23,3,1,21,10,19,13,11,14,5,9,7,17],[20,12,16,8,24,4,22,18,6,2,23,3,1,21,10,17,15,14,11,13,7,5,19],[12,8,20,16,4,24,22,18,6,2,23,3,21,1,10,19,11,15,14,7,5,13,17,9],[12,16,20,8,4,24,18,6,22,2,23,3,1,21,10,19,11,13,15,14,5],[16,8,4,24,20,12,18,6,22,2,23,3,1,21,11,19,13,14,7,5,10,17,9,15],[16,12,4,24,8,20,18,22,6,2,3,23,21,1,17,10,15,14,11,7,5,19,13,9],[16,8,12,24,20,4,22,18,6,2,23,3,21,1,9,11,19,15,14,7,5,13,10,17],[8,4,24,20,16,12,18,22,6,2,3,23,21,1,10,19,14,11,5,13,15,17],[4,20,12,24,16,8,22,18,6,2,23,3,1,21,9,10,11,19,15,14,7,5,13],[20,8,16,24,4,12,18,22,6,2,23,3,21,1,10,19,11,15,14,5,13,17,7,9],[4,8,20,12,24,16,18,6,22,2,23,3,1,21,11,19,14,5,13,15,10,9,17,7],[20,4,8,12,24,16,22,18,6,2,23,3,1,21,19,9,10,11,13,14,7,5,15,17],[8,4,16,12,20,24,22,18,6,2,3,23,21,1,11,19,15,14,13,5,9,10],[20,16,24,8,4,12,22,18,6,2,23,3,21,1,11,19,15,14,7,5,13,9,10,17],[16,24,4,8,12,20,22,18,6,2,3,23,21,1,19,9,11,14,7,5,10,15,13,17],[24,8,12,4,20,16,18,6,22,2,3,23,1,21,9,10,11,17,13,15,14,5,19,7],[24,12,4,8,16,20,22,18,6,2,3,23,1,21,11,19,13,14,7,5,15,17,10,9],[16,20,24,8,4,12,22,18,6,2,3,23,21,1,10,19,9,11,14,5,13,15,17],[24,8,4,20,16,12,22,18,6,2,23,3,21,1,11,17,15,14,13,5,19,10,7,9],[4,20,16,24,12,8,18,22,6,2,23,3,1,21,10,19,11,13,15,14,7,5],[8,16,4,24,20,12,22,18,6,3,23,19,10,9,11,2,21,1,15,14,7,5,13,17],[4,20,16,8,12,24,22,18,6,2,3,23,1,21,10,19,11,15,14,7,5,13,17,9],[20,16,8,12,24,4,18,6,22,2,23,3,21,1,9,11,19,15,14,7,5,13,10],[12,20,16,24,8,4,22,18,6,2,3,23,21,1,11,17,15,14,7,5,13,19,10,9],[16,24,4,8,12,20,22,18,6,2,3,23,1,21,9,10,11,19,13,7,5,15,14,17],[8,4,12,24,20,16,22,18,6,2,23,3,1,21,10,19,11,13,14,7,5],[24,8,20,4,16,12,22,18,6,2,23,3,21,1,11,19,14,5,13,9,10,15],[16,20,8,24,12,4,22,18,6,2,3,23,1,21,10,19,14,11,5,15,13,17],[20,4,16,24,12,8,22,18,6,2,23,3,21,1,10,19,9,11,13,15,14,5,17,7],[24,16,12,8,4,20,22,18,6,2,23,3,21,1,9,10,11,19,15,14,7,5,13],[8,16,24,4,12,20,22,18,6,2,23,3,1,21,9,10,11,17,13,5,14,19,15],[16,4,12,20,24,8,22,18,6,2,3,23,21,1,11,19,13,15,14,7,5,9,10,17],[20,8,24,16,12,4,22,18,6,2,23,3,1,21,10,19,11,14,5,15,13,7],[4,12,8,24,16,20,22,18,6,2,3,23,21,1,10,19,14,11,7,5,17,15,13,9],[8,12,20,4,24,16,18,22,6,3,23,19,10,11,2,1,21,14,5,13],[12,8,16,24,20,4,22,18,6,2,23,3,1,21,19,11,14,7,5],[8,20,4,12,16,24,18,6,22,2,23,3,21,1,10,19,14,11,5,13,17,7,9],[24,4,16,12,8,20,18,22,6,2,23,3,1,21,10,19,15,14,9,11,13,7,5,17],[4,8,12,16,24,20,22,18,6,2,3,23,1,21,11,19,14,7,5,10,13,15],[4,16,20,24,12,8,22,18,6,2,3,23,1,21,10,19,9,11,14,5,13,7,17,15],[24,8,16,4,20,12,18,6,22,2,3,23,1,21,9,10,11,19,15,14,7,5,13],[12,8,20,24,4,16,18,6,22,2,23,3,1,21,11,19,15,14,5,13,9,10,7],[12,16,8,24,20,4,18,6,22,2,23,3,21,1,11,19,15,14,7,5,13,9,10,17],[4,8,16,20,24,12,22,18,6,2,3,23,1,21,9,10,11,17,14,7,5,19,15,13],[8,4,24,16,20,12,22,18,6,2,23,3,21,1,19,10,11,14,7,5,13,9,17,15],[16,4,20,24,8,12,18,22,6,2,3,23,21,1,10,19,11,14,7,5,13,17,15,9],[24,8,20,4,16,12,18,22,6,2,3,23,21,1,11,19,13,14,5,15,9,10,7],[12,4,20,24,8,16,18,6,22,2,3,23,1,21,11,19,13,15,14,7,5,17,9,10],[12,4,20,8,24,16,22,18,6,2,23,3,1,21,9,11,17,14,5,19,10,15,13,7],[16,20,24,4,12,8,22,18,6,2,3,23,21,1,9,10,11,19,14,7,5,13],[20,8,12,4,24,16,22,18,6,2,23,3,21,1,10,19,11,14,7,5,15,13,17,9],[16,8,24,4,12,20,22,18,6,3,23,19,10,11,2,1,21,15,14,5,13,17],[12,8,16,20,4,24,18,6,22,2,23,3,1,21,11,17,14,7,5,19,13,10,15,9],[20,16,12,4,8,24,18,22,6,2,23,3,21,1,11,19,13,14,7,5,9,17,10,15],[8,20,4,16,12,24,22,18,6,2,3,23,1,21,9,10,11,19,13,14,7,5],[16,24,12,4,20,8,22,18,6,2,3,23,21,1,19,11,15,14,5,13,9,10,17,7],[16,24,4,8,20,12,18,6,22,2,3,23,21,1,10,17,9,11,14,7,5,19,15,13],[4,24,12,16,20,8,18,6,22,2,23,3,1,21,10,19,14,11,7,5,17,13,15],[8,4,24,16,20,12,22,18,6,2,3,23,21,1,10,19,11,14,5,13,7,9,15,17],[20,4,24,8,16,12,22,18,6,2,3,23,1,21,19,9,10,11,15,14,5,13,7],[24,16,12,8,20,4,22,18,6,3,23,19,11,2,1,21,15,14,5,13,10,17,7],[16,24,4,12,8,20,18,22,6,2,23,3,21,1,9,10,11,17,14,5,19,15,13,7],[4,20,24,16,12,8,18,22,6,2,23,3,1,21,11,19,15,14,5,13,10],[16,24,20,12,8,4,18,22,6,2,23,3,1,21,19,10,11,14,7,5,15,13,9],[20,16,4,8,12,24,18,22,6,2,23,3,21,1,11,19,13,14,5],[4,16,24,12,8,20,22,18,6,2,23,3,1,21,11,19,13,15,14,5,9,7],[12,20,24,16,8,4,18,22,6,2,3,23,1,21,11,19,15,14,13,5,10,17],[4,8,16,20,24,12,18,22,6,2,3,23,21,1,11,19,15,14,5,13,10,17,7],[16,24,12,8,4,20,18,6,22,2,3,23,21,1,9,10,11,19,13,15,14,7,5,17],[20,8,24,16,4,12,22,18,6,2,3,23,21,1,11,19,14,7,5,13,9,17,10,15],[20,16,24,8,4,12,22,18,6,2,3,23,21,1,9,10,11,17,13,14,5,19,7,15],[4,20,24,8,16,12,22,18,6,2,23,3,1,21,19,11,15,14,5,13,17,10,7,9],[16,20,4,8,12,24,18,22,6,2,23,3,21,1,11,19,14,5,9,10,7,15,13],[8,24,4,20,12,16,18,6,22,2,3,23,21,1,19,10,15,14,9,11,13,7,5],[24,16,12,20,8,4,22,18,6,2,23,3,1,21,19,10,11,15,14,7,5,13],[24,16,4,8,12,20,22,18,6,2,23,3,1,21,9,11,17,15,14,7,5,13,19,10],[8,12,16,4,20,24,18,22,6,2,3,23,21,1,9,10,11,19,14,5,13],[4,16,20,8,24,12,22,18,6,2,23,3,21,1,9,10,11,19,14,5,7,13],[24,4,20,8,12,16,22,18,6,2,3,23,1,21,10,19,9,11,15,14,7,5,13,17],[16,8,12,4,20,24,18,6,22,2,23,3,21,1,19,10,11,15,14,13,7,5,17,9],[8,16,12,24,20,4,22,18,6,2,23,3,1,21,11,17,15,14,7,5,13,19,9,10],[24,4,20,12,16,8,18,6,22,2,23,3,1,21,10,19,15,14,11,7,5,13,9],[24,16,20,8,4,12,18,22,6,2,23,3,21,1,10,17,9,11,13,15,14,7,5,19],[16,20,8,4,24,12,18,6,22,2,3,23,1,21,19,11,15,14,5,13,10,9,17,7],[16,12,20,24,4,8,22,18,6,2,3,23,1,21,11,19,14,7,5,15,13,10],[24,4,8,20,16,12,22,18,6,2,23,3,21,1,10,19,11,13,15,14,7,5,9,17],[24,16,20,8,12,4,18,6,22,2,3,23,21,1,10,19,11,13,15,14,5,17,7],[4,16,12,24,20,8,22,18,6,2,23,3,21,1,10,19,9,11,14,5,13,7,17],[8,20,12,16,4,24,22,18,6,2,23,3,1,21,11,19,15,14,5,13,17,9,10],[16,8,20,24,4,12,22,18,6,2,3,23,1,21,10,17,9,11,14,5,19,13,7,15],[4,20,12,24,8,16,18,6,22,2,23,3,1,21,19,10,11,13,14,5,17],[20,8,12,16,4,24,22,18,6,2,3,23,1,21,19,10,9,11,14,7,5,13,15],[16,12,8,20,24,4,18,22,6,2,3,23,21,1,11,17,13,15,14,5,19,7,10,9],[4,8,20,24,12,16,22,18,6,2,23,3,21,1,11,19,15,14,13,5,17,10,7],[8,20,12,24,4,16,18,22,6,2,23,3,21,1,10,17,13,11,15,14,5,19,7],[8,24,4,16,12,20,18,6,22,2,23,3,21,1,11,19,15,14,7,5,13,17,9,10],[20,8,16,4,12,24,18,6,22,2,23,3,1,21,11,19,15,14,5,13,10,7,17,9],[16,12,4,24,8,20,22,18,6,2,23,3,1,21,19,11,13,14,7,5,10,17,15,9],[8,12,4,24,16,20,18,22,6,2,3,23,1,21,10,19,11,14,5,13,15,7],[8,20,24,16,12,4,22,18,6,2,23,3,21,1,19,11,15,14,5,13,17,7,10,9],[16,12,20,4,8,24,22,18,6,2,23,3,1,21,19,10,11,14,7,5,13],[4,8,16,20,24,12,18,6,22,2,23,3,1,21,11,19,13,15,14,7,5,17,9,10],[20,8,12,24,4,16,22,18,6,2,23,3,1,21,10,19,13,11,7,5,14,15],[16,4,12,24,20,8,22,18,6,2,3,23,21,1,10,17,9,11,14,7,5,19,13,15],[12,16,20,8,4,24,18,6,22,3,23,19,10,11,2,1,21,15,14,13,7,5],[12,4,16,8,20,24,18,22,6,2,23,3,1,21,11,17,14,5,19,10,15,13,7,9],[16,8,24,4,12,20,18,22,6,2,23,3,1,21,10,17,15,14,9,11,5,13,19],[8,24,12,16,20,4,22,18,6,2,23,3,21,1,11,19,14,7,5,13,9,10,15,17],[24,4,16,8,20,12,22,18,6,2,3,23,1,21,10,19,11,13,14,5,7,15,17,9],[8,24,4,20,16,12,22,18,6,2,23,3,1,21,11,19,15,14,5,13,7,17,9,10],[16,20,8,12,4,24,18,22,6,2,3,23,1,21,10,19,13,9,11,14,7,5,17],[24,20,4,16,12,8,22,18,6,2,23,3,1,21,10,17,9,11,13,15,14,7,5,19],[8,24,12,16,4,20,18,6,22,2,3,23,1,21,19,10,11,13,14,5,15,17],[12,20,4,16,24,8,22,18,6,2,23,3,1,21,17,9,10,11,13,14,5,19,7],[24,4,8,16,20,12,18,6,22,2,3,23,1,21,11,19,14,7,5,10,15,13,9,17],[16,20,8,4,24,12,18,6,22,2,23,3,21,1,9,10,11,19,14,5,15,13,7],[24,12,16,8,20,4,22,18,6,2,3,23,21,1,19,11,13,15,14,7,5,10,17,9],[20,8,12,24,4,16,22,18,6,2,23,3,21,1,10,17,13,11,14,7,5,19],[12,4,16,20,8,24,22,18,6,2,23,3,21,1,10,19,11,14,7,5,13],[16,20,24,12,8,4,22,18,6,2,3,23,1,21,11,19,13,14,7,5,10,15,9,17],[16,12,4,20,24,8,18,22,6,2,3,23,1,21,11,19,14,7,5,15,13,10,17],[16,24,12,4,20,8,22,18,6,2,23,3,1,21,11,19,13,14,7,5,15,10,9,17],[24,4,12,8,20,16,22,18,6,2,23,3,21,1,11,19,14,7,5,15,13,17,10],[24,8,4,12,16,20,18,22,6,2,3,23,1,21,9,10,11,17,13,15,14,5,19,7],[12,24,4,8,16,20,18,6,22,2,23,3,21,1,10,19,9,11,15,14,5,13,17,7],[24,12,8,4,20,16,18,6,22,2,3,23,21,1,10,19,14,11,7,5,15,13,17],[4,20,16,12,24,8,22,18,6,2,3,23,1,21,10,19,13,11,14,7,5,9],[8,16,20,12,24,4,22,18,6,3,23,19,10,11,2,1,21,15,14,7,5,13],[24,20,4,16,12,8,22,18,6,2,23,3,1,21,11,19,13,15,14,5,9,10,17],[20,8,12,16,4,24,22,18,6,2,3,23,21,1,10,17,14,11,5,13,19,9],[24,12,20,4,8,16,22,18,6,2,3,23,1,21,10,19,15,14,11,5,13,17],[20,4,8,24,12,16,18,6,22,2,23,3,21,1,11,19,15,14,13,5,10,17,9],[8,4,24,20,16,12,22,18,6,2,23,3,21,1,10,19,14,11,5,13,15],[4,20,16,24,8,12,18,22,6,2,3,23,1,21,11,19,15,14,7,5,13,9,10],[16,4,24,20,12,8,22,18,6,2,3,23,1,21,19,9,10,11,14,7,5,15,13],[24,20,16,4,8,12,18,6,22,3,23,19,11,2,1,21,14,5,15,13,10,9,17],[4,12,8,16,20,24,18,6,22,2,3,23,21,1,10,19,13,9,11,14,5],[8,12,24,20,16,4,22,18,6,2,23,3,21,1,11,17,13,14,5,19,7,9,10],[24,20,8,12,4,16,18,22,6,2,3,23,1,21,11,19,14,5,15,13,10,7,17],[4,20,8,16,12,24,22,18,6,2,23,3,21,1,11,17,14,5,15,13,19,10],[24,8,16,4,20,12,22,18,6,2,3,23,21,1,10,19,14,11,5,15,13,17,7,9],[8,20,4,16,24,12,22,18,6,2,23,3,1,21,11,19,14,7,5,9,15,13,10],[24,20,4,8,12,16,18,6,22,2,23,3,1,21,17,10,11,14,5,19,7,15,13],[16,24,4,20,8,12,22,18,6,2,3,23,21,1,10,19,14,11,7,5,13,15,9],[16,8,20,4,24,12,22,18,6,2,23,3,21,1,9,11,19,13,14,5,10],[12,24,4,16,20,8,22,18,6,2,3,23,1,21,10,17,15,14,9,11,13,7,5,19],[8,20,24,4,16,12,18,6,22,2,23,3,21,1,10,19,11,13,14,5,7,15],[24,4,16,20,8,12,18,6,22,2,3,23,1,21,11,17,14,7,5,19,9,15,13,10],[8,12,20,4,24,16,22,18,6,2,3,23,21,1,11,19,13,14,7,5,9,10,17,15],[4,24,12,8,20,16,18,6,22,2,23,3,21,1,19,11,15,14,5,13,10],[16,4,24,8,20,12,22,18,6,2,3,23,21,1,11,19,14,7,5,15,13,10,17],[12,8,4,16,20,24,18,6,22,2,3,23,21,1,9,10,11,19,13,15,14,5,7,17],[16,8,4,12,20,24,22,18,6,2,23,3,21,1,9,10,11,17,15,14,5,13,19],[12,16,4,8,24,20,18,6,22,2,23,3,21,1,19,9,10,11,15,14,7,5,13,17],[4,8,16,20,24,12,18,22,6,2,23,3,21,1,10,17,14,11,5,19,13],[20,16,12,24,8,4,18,6,22,2,23,3,1,21,10,19,11,15,14,5,13,17,9],[8,16,24,4,12,20,18,6,22,2,23,3,21,1,17,11,14,7,5,19,10,9,15,13],[12,8,16,20,4,24,22,18,6,2,3,23,1,21,10,19,14,11,7,5,15,13,9],[16,4,20,8,24,12,18,22,6,2,3,23,1,21,17,9,10,11,14,5,19,7,13,15],[16,24,12,4,8,20,22,18,6,2,23,3,1,21,11,19,14,5,13,10,15,9,7],[12,4,24,8,20,16,18,6,22,2,3,23,1,21,9,10,11,19,14,5,15,13],[12,20,24,4,16,8,22,18,6,2,23,3,21,1,9,10,11,19,14,7,5,15,13,17],[24,8,20,12,4,16,18,6,22,2,3,23,21,1,10,19,9,11,14,5,15,13,17,7],[4,24,8,16,20,12,18,22,6,2,23,3,1,21,10,19,11,14,7,5,15,13],[24,4,20,12,8,16,22,18,6,2,3,23,1,21,11,19,14,7,5,10,13,17,9],[20,24,16,12,4,8,22,18,6,2,3,23,1,21,10,19,15,14,11,5,13,7,9,17],[8,4,24,12,20,16,18,6,22,2,23,3,1,21,10,19,11,15,14,5,13,17,7,9],[4,16,8,12,24,20,22,18,6,2,23,3,21,1,11,19,13,14,7,5,10,15,17],[12,4,16,24,8,20,22,18,6,2,3,23,21,1,10,19,11,14,5,17,15,13,9,7],[12,24,4,16,20,8,22,18,6,2,23,3,1,21,11,19,14,5,13,10],[16,12,20,24,4,8,22,18,6,2,23,3,1,21,10,19,13,11,15,14,7,5,17,9],[8,20,16,4,24,12,18,22,6,2,23,3,1,21,10,19,11,15,14,7,5,13],[24,16,4,12,20,8,22,18,6,2,23,3,1,21,10,19,11,15,14,7,5,13,17],[16,8,12,24,20,4,18,22,6,2,23,3,1,21,17,10,11,15,14,5,13,19],[4,20,24,12,8,16,18,6,22,2,23,3,21,1,9,10,11,19,13,14,5,7,17],[16,20,4,8,24,12,22,18,6,2,23,3,1,21,9,10,11,19,14,7,5,15,13,17],[20,16,4,24,8,12,18,22,6,2,23,3,1,21,11,19,15,14,7,5,13,9,10],[4,16,24,8,12,20,22,18,6,2,3,23,1,21,11,19,15,14,5,13,9,10,7],[4,8,12,20,24,16,22,18,6,2,23,3,1,21,11,19,15,14,7,5,13,10,17],[16,12,4,8,20,24,22,18,6,2,3,23,21,1,19,9,10,11,15,14,5,13,17,7],[24,16,4,8,20,12,18,6,22,2,3,23,21,1,19,10,11,14,7,5,13,15,9],[16,12,4,8,20,24,22,18,6,2,23,3,1,21,11,17,14,7,5,19,15,13,9,10],[24,8,12,4,16,20,22,18,6,3,23,19,10,11,2,1,21,14,5,13,15,9,7],[12,16,20,24,8,4,18,6,22,2,3,23,1,21,10,19,11,15,14,7,5,13,9,17],[24,16,12,4,20,8,18,6,22,2,3,23,21,1,9,10,11,19,15,14,5,13],[20,12,4,24,16,8,22,18,6,2,23,3,1,21,10,17,11,14,5,19,15,13],[4,20,12,24,16,8,18,22,6,2,3,23,21,1,10,17,14,11,7,5,15,13,19,9],[20,4,16,12,8,24,18,22,6,2,3,23,1,21,10,19,15,14,11,7,5,13,9],[24,16,20,4,12,8,22,18,6,2,3,23,21,1,9,10,11,17,15,14,7,5,19,13],[20,12,24,4,16,8,22,18,6,2,3,23,1,21,10,19,11,14,5,15,13,17],[4,16,20,12,24,8,18,22,6,2,23,3,21,1,10,19,11,14,5,13,15],[4,12,8,16,24,20,18,6,22,2,3,23,1,21,10,19,15,14,11,5,13,7,17,9],[12,8,20,24,16,4,22,18,6,2,3,23,21,1,11,19,13,15,14,7,5,17,10,9],[12,20,8,24,4,16,22,18,6,2,3,23,21,1,10,19,11,15,14,13,5,9],[24,20,12,4,16,8,18,6,22,2,23,3,21,1,11,19,15,14,7,5,13],[24,16,4,12,20,8,18,22,6,2,3,23,21,1,9,10,11,17,14,7,5,19,13],[12,20,4,16,24,8,22,18,6,2,23,3,21,1,9,10,11,19,13,15,14,5,17,7],[8,16,20,24,4,12,18,22,6,2,23,3,21,1,11,19,14,5,13,9,10,7,17],[12,16,24,4,8,20,22,18,6,2,3,23,1,21,10,19,15,14,9,11,7,5,13],[12,4,20,24,16,8,18,6,22,2,3,23,1,21,10,19,11,15,14,7,5,13],[8,16,4,24,20,12,18,22,6,2,23,3,1,21,10,19,11,15,14,13,7,5],[12,20,16,24,8,4,18,22,6,2,23,3,21,1,9,10,11,19,14,7,5,13],[20,12,24,4,8,16,18,6,22,2,23,3,1,21,9,10,11,19,15,14,7,5,13],[20,4,16,24,8,12,22,18,6,2,3,23,1,21,17,10,15,14,9,11,7,5,13,19],[8,16,4,24,12,20,22,18,6,2,23,3,21,1,10,19,15,14,11,5,13,17,9,7],[24,20,12,16,4,8,22,18,6,2,23,3,21,1,10,19,11,14,7,5,13,17,9,15],[20,24,16,8,4,12,22,18,6,2,3,23,21,1,19,10,13,11,14,5,15,9],[8,12,4,20,24,16,18,22,6,2,3,23,21,1,11,19,15,14,13,5,9,10,7,17],[20,12,8,24,4,16,18,6,22,2,3,23,1,21,10,19,14,9,11,7,5,13,15,17],[4,8,12,24,20,16,18,6,22,2,3,23,21,1,11,17,14,7,5,19,15,13,10,9],[20,24,4,16,8,12,18,22,6,2,23,3,21,1,9,10,11,19,13,15,14,7,5],[4,24,12,16,8,20,22,18,6,2,23,3,1,21,11,19,15,14,5,13,10,9,17],[20,8,16,24,12,4,18,22,6,2,23,3,21,1,11,19,15,14,5,13,9,7,10],[12,20,8,4,16,24,22,18,6,2,23,3,21,1,9,10,11,17,14,7,5,19,15,13],[12,24,4,16,20,8,22,18,6,2,23,3,21,1,10,19,11,14,7,5,13,15],[4,16,20,12,24,8,18,6,22,2,23,3,21,1,10,19,14,9,11,5,13,7,15,17],[8,24,4,12,20,16,22,18,6,2,23,3,1,21,10,19,9,11,14,5,15,13,17,7],[24,20,16,4,8,12,22,18,6,2,3,23,21,1,10,19,14,11,7,5],[12,24,16,8,20,4,22,18,6,2,23,3,1,21,10,19,11,15,14,13,7,5,17,9],[4,8,16,12,24,20,22,18,6,2,3,23,21,1,11,19,13,14,5,9],[8,16,4,12,20,24,22,18,6,2,3,23,1,21,10,19,11,15,14,7,5,13],[20,24,12,8,16,4,22,18,6,2,3,23,21,1,19,10,11,14,5,13,9,17],[4,8,20,24,16,12,22,18,6,2,23,3,1,21,19,9,11,15,14,7,5,13,10,17],[20,8,4,12,16,24,18,6,22,2,3,23,1,21,11,19,14,5,9,13,10,7,15,17],[24,4,8,20,16,12,22,18,6,2,23,3,21,1,10,19,11,15,14,7,5,13],[12,24,16,8,4,20,18,22,6,2,23,3,21,1,10,19,11,15,14,7,5,13,17],[24,8,12,4,20,16,22,18,6,2,3,23,21,1,11,19,14,5,10,15,13,7,17,9],[24,16,20,8,12,4,18,22,6,2,23,3,1,21,11,19,15,14,13,7,5,17,10,9],[24,4,20,8,12,16,18,22,6,2,3,23,1,21,17,11,15,14,5,13,19,9,7,10],[4,24,20,8,16,12,18,22,6,2,3,23,1,21,9,10,11,19,13,15,14,5],[16,24,20,4,12,8,18,22,6,3,23,19,10,11,2,21,1,14,7,5,15,13,9,17],[20,24,8,12,4,16,22,18,6,2,3,23,21,1,10,19,9,11,15,14,7,5,13,17],[4,8,16,24,12,20,22,18,6,2,3,23,21,1,11,19,15,14,5,13,10,9],[4,12,8,16,24,20,18,22,6,2,23,3,21,1,10,19,11,15,14,13,7,5,17,9],[4,24,8,16,12,20,22,18,6,2,3,23,1,21,19,9,10,11,14,5,13,7],[20,4,8,16,24,12,18,22,6,2,3,23,1,21,19,9,10,11,14,7,5,13,15],[24,8,16,12,20,4,22,18,6,3,23,19,10,11,2,21,1,14,7,5,15,13,17,9],[4,12,8,16,24,20,18,6,22,2,23,3,21,1,11,19,13,15,14,7,5,