{"problem_id":"qqiVbqryVLFhcXQ","sigma":150,"alpha":10.000,"cost":1,"probabilities":"[0.18, 0.39, 0.2, 0.23]","payoff_matrix":"[[-221, -85, -216, 193, -36, 84], [-34, -65, 276, 57, -34, -62], [-85, 113, 157, 0, 132, 16], [-104, -34, 129, -161, -235, -160]]","uncovered":[[22,18,14,2,6,10,15,12],[22,18,2,14,10,6,16,7,12],[18,10,22,14,2,6,12],[18,22,2,6,10,14,13,12],[22,2,10,18,14,6,12],[6,10,2,22,18,14,12],[2,14,10,22,18,6,12],[18,14,22,6,10,2,16,3,12],[2,14,22,10,6,18,12],[22,6,2,14,18,10,16,20,1],[14,22,18,10,6,2,12],[14,18,22,6,2,10,16,12],[22,14,6,10,2,18,12],[2,14,18,10,6,22,15,20,9,12],[22,2,6,10,14,18,16,24,21,20],[18,6,10,22,2,14,12],[14,22,10,6,18,2,15,12],[14,10,18,2,22,6,16,12],[6,10,14,2,22,18,16,12],[14,2,18,22,10,6,12],[6,10,14,22,2,18,12],[6,22,18,14,10,2,9,16,20,4,12],[10,18,22,14,2,6,12],[6,14,18,10,22,2,12],[14,2,22,18,10,6,13,12],[22,14,18,2,6,10,9,16,5,21,20,3,12],[6,18,14,2,10,22,16,4,19,9,12],[22,2,18,10,6,14,13,12],[14,18,22,6,10,2,13,12],[2,14,10,22,18,6,12],[6,2,10,14,18,22,12],[22,18,6,2,10,14,12],[14,2,18,22,6,10,12],[6,2,14,18,10,22,11],[10,2,6,18,22,14,12],[2,10,14,22,18,6,16,17,12],[2,18,6,10,14,22,11],[18,14,6,22,2,10,16,12],[10,2,18,6,14,22,13,12,16],[10,18,14,6,2,22,12],[14,2,18,22,10,6,16,9,4,8,20,24,3,12],[22,2,6,14,18,10,13,12],[22,14,10,6,2,18,15,9,12,16],[2,22,10,18,6,14,15,12],[18,10,22,2,14,6,16,13,12],[14,2,18,22,10,6,16,4,7,9,12],[18,10,2,6,14,22,12],[2,6,22,18,14,10,9,16,20,4,12],[2,6,22,10,14,18,12],[2,18,6,10,22,14,16,11],[18,22,14,2,6,10,16,12],[14,10,22,18,2,6,16,12],[22,10,6,18,14,2,16,24,21,15,20],[2,18,10,14,6,22,12],[22,2,18,10,14,6,13,12],[2,10,18,6,14,22,12],[10,6,14,22,2,18,13,12],[22,6,2,10,14,18,16,17,13,12],[22,14,2,18,10,6,16,24,17,21,1],[2,14,18,6,22,10,15,12],[6,2,14,10,22,18,16,20,11],[6,2,18,14,22,10,11],[18,14,10,2,22,6,12],[10,6,22,18,2,14,16,17,15,8,9,4,12],[6,14,2,10,22,18,16,17,24,20],[22,10,6,14,2,18,16,24,8,19,11],[22,10,14,18,6,2,16,8,19,12],[2,6,14,18,22,10,12],[2,18,6,10,22,14,12],[10,14,6,18,2,22,11],[22,6,18,10,14,2,15,12],[22,6,14,2,10,18,9,16,4,19,12],[10,6,2,18,14,22,16,24,1],[18,2,22,10,6,14,16,23,12],[22,2,10,6,18,14,12],[6,22,14,2,18,10,12],[2,10,18,6,14,22,16,19,11],[14,6,18,2,10,22,15,20,9,12],[6,10,14,2,18,22,12],[2,18,10,14,6,22,16,4,7,20],[14,10,6,18,2,22,12],[2,18,22,6,14,10,12],[2,22,14,6,10,18,16,23,19,11],[6,22,14,10,18,2,11],[22,6,18,10,2,14,13,12],[14,2,22,10,6,18,16,24,13,12],[22,6,10,14,2,18,12],[22,10,18,14,6,2,12],[14,18,2,22,6,10,12],[2,22,10,18,6,14,16,24,13,12],[10,14,22,6,18,2,11],[6,22,2,18,10,14,16,5,9,19,12],[22,6,14,18,10,2,16,17,19,11],[22,18,6,14,2,10,12],[14,22,6,10,2,18,16,4,9,12],[10,14,6,22,2,18,12],[22,18,2,6,14,10,16,20,9,4,24,12],[18,10,14,2,6,22,12],[22,10,2,6,14,18,16,9,20,4,12],[22,10,14,6,18,2,16,17,21,5,9,12],[6,14,2,18,10,22,12],[18,2,6,22,14,10,12],[14,6,2,10,18,22,12],[6,2,18,10,22,14,12],[22,14,6,2,10,18,16,1,24],[14,10,18,6,22,2,11],[22,2,6,10,14,18,12],[14,10,2,22,6,18,16,20,17,21,11],[14,10,6,18,22,2,16,3,13,12],[22,6,2,10,18,14,12],[14,6,22,10,2,18,12],[6,22,14,18,2,10,12],[2,14,6,22,10,18,12],[22,18,14,10,2,6,15,12],[6,14,10,2,22,18,12],[14,6,18,2,22,10,15,12],[6,18,22,2,14,10,16,1,19,11],[2,22,18,6,10,14,12],[18,6,10,2,22,14,12],[14,6,18,2,10,22,16,20,12],[2,6,22,14,10,18,12],[2,6,18,22,10,14,16,12],[22,10,6,14,18,2,16,11],[14,18,22,10,6,2,16,13,11],[10,14,6,2,18,22,12],[6,14,22,2,10,18,15,12],[18,2,14,6,22,10,16,7,12],[6,22,10,2,14,18,16,23,13,12],[14,10,22,18,2,6,12],[14,22,2,10,18,6,12],[22,2,14,18,10,6,12],[22,18,2,10,6,14,16,19,11],[22,14,10,2,6,18,12],[10,14,18,6,22,2,12],[18,6,14,10,2,22,12],[18,14,10,2,6,22,13,12],[6,10,18,22,14,2,16,1,9,20,12],[22,10,6,2,18,14,12],[2,14,10,22,6,18,12],[22,2,10,6,18,14,11],[2,10,14,18,22,6,16,3,21,20],[6,18,2,22,14,10,12],[10,22,14,18,2,6,16,1,21,17,5],[6,2,18,14,10,22,12],[2,22,18,10,6,14,12],[6,10,2,14,22,18,12],[22,2,14,18,6,10,16,11],[14,10,22,2,18,6,12],[14,10,22,18,6,2,11],[22,14,18,6,2,10,13,12],[18,14,22,10,2,6,11],[10,6,18,22,14,2,11],[2,6,10,14,18,22,13,12],[18,22,2,6,10,14,12],[2,18,22,6,14,10,16,20,9,4,15,5,24],[22,10,14,2,18,6,12],[10,2,6,18,22,14,15,12],[6,22,18,14,2,10,12],[14,2,6,18,10,22,12],[22,18,2,10,6,14,12],[2,22,6,18,10,14,15,12],[6,10,18,22,14,2,12],[14,22,18,6,10,2,16,13,12],[14,22,6,10,2,18,16,1,13,12],[6,2,10,22,14,18,9,16,4,20,12],[6,18,14,2,10,22,12],[6,18,22,14,10,2,13,12],[18,10,14,22,6,2,16,12],[14,6,22,10,18,2,16,11],[6,10,14,22,2,18,4,16,12],[6,22,2,10,14,18,11],[6,22,10,14,2,18,12],[14,6,22,2,18,10,15,11],[2,18,6,22,14,10,12],[10,2,14,22,18,6,12],[10,6,18,22,14,2,12],[10,14,2,22,6,18,12],[6,10,18,22,14,2,12],[10,18,2,22,14,6,12],[14,10,6,2,18,22,16,9,4,20,8,12],[18,6,2,10,14,22,15,12],[14,2,18,22,6,10,12],[18,10,2,14,22,6,11],[10,14,18,6,22,2,12],[22,10,18,14,2,6,12],[2,18,22,10,14,6,9,16,4,20,23,7,12],[2,14,22,18,6,10,12],[2,18,6,10,22,14,12],[22,10,6,18,2,14,13,12],[14,10,2,6,18,22,16,3,8,21,20],[22,2,18,6,14,10,12],[6,2,14,10,22,18,12],[6,10,18,22,2,14,16,1,19,12],[2,6,18,14,10,22,12],[18,6,14,22,10,2,12],[18,22,10,14,2,6,12],[6,2,18,14,22,10,16,23,13,11],[22,18,14,6,2,10,15,12],[18,2,22,14,10,6,12],[14,2,22,18,10,6,11],[2,10,22,18,6,14,12],[18,10,2,6,14,22,16,1,17,24],[14,22,10,2,6,18,16,3,11],[22,18,14,10,6,2,11],[14,18,6,2,22,10,12],[22,10,6,2,18,14,16,1,19,11],[6,10,18,22,14,2,16,12],[10,2,22,18,6,14,12],[14,6,18,10,22,2,11],[22,14,18,2,6,10,16,8,12],[10,2,18,22,6,14,16,17,5,7,8,9,4,12],[18,10,22,14,6,2,12],[2,18,14,10,6,22,12],[10,18,2,22,14,6,16,11],[22,2,10,6,18,14,12],[14,6,2,18,10,22,12],[18,2,6,14,22,10,12],[2,10,6,18,22,14,16,19,12],[14,18,10,22,6,2,16,7,1,11],[10,18,14,2,6,22,12],[22,18,6,14,2,10,12],[14,10,2,6,22,18,16,3,9,20,12],[2,14,18,6,10,22,12],[22,18,14,10,2,6,16,19,12],[2,6,18,14,10,22,12],[22,10,6,14,18,2,13,12],[22,10,14,6,18,2,12],[22,14,2,6,18,10,9,16,12],[2,22,18,10,6,14,12],[22,14,6,10,18,2,16,12],[2,14,10,22,6,18,23,16,11],[10,22,6,2,14,18,12],[22,14,2,10,6,18,16,8,13,12],[14,2,6,10,22,18,12],[14,18,22,10,6,2,9,16,4,19,12],[22,10,6,2,14,18,13,12],[14,2,10,6,22,18,16,8,4,17],[14,2,18,6,22,10,16,11],[6,22,2,18,10,14,16,9,12],[10,18,6,22,14,2,16,17,11],[2,14,10,6,22,18,12],[18,6,2,22,14,10,15,12],[18,10,14,6,22,2,12],[18,2,6,10,14,22,15,12],[10,6,14,2,18,22,15,12],[2,14,22,18,10,6,9,16,20,4,24,12],[18,2,14,6,22,10,12],[18,10,14,22,6,2,9,16,17,5,21,4,12],[14,10,18,22,6,2,16,11],[14,2,10,18,6,22,16,24,9,4,20,11],[10,22,18,14,6,2,16,3,20],[18,6,14,22,10,2,11],[10,22,14,2,6,18,12],[6,10,22,18,2,14,16,11],[6,22,18,14,10,2,11],[14,18,10,22,6,2,12],[2,22,14,18,6,10,12],[22,6,10,2,14,18,13,12],[2,22,18,10,14,6,16,1,20],[14,6,18,22,10,2,12],[6,22,2,18,14,10,9,16,20,4,11],[18,2,6,14,10,22,12],[18,6,2,10,14,22,16,8,19,12],[22,2,14,18,6,10,12],[14,6,2,10,22,18,12],[2,18,14,10,22,6,16,20,7,11],[22,10,14,18,6,2,15,11],[2,22,14,18,10,6,12],[18,6,2,22,14,10,12],[14,10,6,2,18,22,12],[6,14,22,2,18,10,16,4,17,5],[18,14,10,22,6,2,16,1,24],[22,18,2,10,6,14,12],[22,2,10,6,18,14,15,9,12,16],[18,6,2,10,22,14,16,4,23,5],[22,2,18,10,14,6,12],[14,2,18,10,22,6,12],[14,10,22,2,6,18,12],[18,22,10,14,6,2,12],[18,6,22,2,10,14,16,7,11],[18,22,10,14,6,2,11],[14,2,18,22,10,6,16,24,5,21,3],[6,2,22,14,18,10,12],[22,10,14,2,18,6,16,17,4,19,9,12],[22,14,6,18,10,2,11],[10,18,2,22,14,6,12],[2,14,10,18,22,6,11],[10,6,22,14,18,2,15,12],[10,22,6,14,2,18,16,1,19,12],[14,6,18,2,10,22,13,12],[6,2,18,14,22,10,12],[22,18,6,10,2,14,16,12],[6,22,14,18,10,2,16,19,3,4,20],[6,22,10,2,18,14,12],[10,14,22,6,18,2,12],[2,6,10,18,14,22,12],[10,6,22,14,18,2,15,11],[14,2,10,22,6,18,16,12],[6,18,10,22,2,14,12],[2,22,10,14,6,18,16,23,7,12],[6,22,14,10,18,2,16,17,5,23,19,12],[18,6,22,14,10,2,12],[14,22,10,6,2,18,16,1,23,4,7,9,11],[2,6,10,22,18,14,16,12],[14,10,18,2,6,22,11],[18,10,22,6,2,14,9,16,4,20,12],[14,6,10,22,18,2,11],[6,10,2,14,18,22,15,11],[22,6,18,14,2,10,16,13,12],[22,10,18,6,14,2,15,12],[14,18,6,10,2,22,12],[22,2,18,14,6,10,16,1,9,11],[2,18,6,10,14,22,11],[18,6,14,10,22,2,12],[10,22,6,14,2,18,16,24,3,7,12],[14,18,2,10,6,22,16,4,20],[6,10,14,2,22,18,12],[10,2,18,22,14,6,16,19,9,12],[2,18,10,22,6,14,16,9,20,4,12],[6,22,10,14,2,18,12],[10,18,22,2,6,14,16,20,19,12],[6,18,10,22,14,2,16,5,19,11],[2,14,10,22,18,6,16,11],[14,10,2,6,22,18,12],[22,6,10,18,14,2,16,19,9,12],[10,18,2,14,22,6,11],[6,22,14,10,2,18,16,9,20,3,24,8,12],[2,6,18,10,14,22,12],[2,18,14,6,10,22,13,12],[18,14,6,22,2,10,16,4,17,19,9,12],[18,22,10,6,2,14,15,12],[18,10,2,6,22,14,12],[14,10,18,22,2,6,16,11],[2,18,22,10,6,14,12],[22,2,18,10,6,14,9,16,4,20,23,5,12],[22,6,10,14,18,2,9,16,12],[2,6,22,14,10,18,9,16,4,20,12],[22,18,2,14,6,10,16,5,9,20,4,24,11],[6,2,22,10,14,18,12],[22,6,18,2,14,10,16,7,9,12],[2,14,10,22,6,18,11],[6,2,18,14,22,10,12],[14,2,18,10,6,22,15,16,7,12],[22,6,2,14,18,10,13,12,16],[10,18,6,14,22,2,17,16,4,3],[14,10,6,18,2,22,12],[10,18,2,14,6,22,11],[2,10,6,22,18,14,16,7,11],[10,14,18,6,22,2,12],[10,6,18,22,14,2,15,12],[22,6,14,18,10,2,11],[18,14,10,6,2,22,16,21,4,3,8,12],[2,22,10,18,14,6,12],[2,14,18,22,10,6,12],[14,10,18,2,22,6,12],[2,10,22,6,18,14,12],[14,6,10,2,18,22,16,11],[6,18,22,10,2,14,16,8,20],[10,22,14,2,18,6,13,12],[18,6,2,10,22,14,12],[10,6,18,14,22,2,11],[14,18,6,2,22,10,12],[10,6,22,14,2,18,12],[22,2,10,14,18,6,11],[2,6,14,18,10,22,12],[18,2,6,22,14,10,11],[6,2,14,18,22,10,13,12],[10,2,22,14,18,6,9,16,20,4,12],[6,22,10,14,18,2,12],[14,2,22,18,10,6,12],[18,10,14,2,22,6,16,11],[18,22,2,14,10,6,16,23,21,12],[14,18,6,10,2,22,12],[18,2,6,14,10,22,12],[22,18,10,2,14,6,11],[22,18,10,14,2,6,12],[22,2,18,10,6,14,12],[2,18,6,10,22,14,12],[2,10,18,22,14,6,16,11],[18,6,14,10,2,22,16,11],[14,22,6,10,2,18,11],[2,18,6,10,22,14,9,16,3,20,21,12],[6,2,14,18,22,10,9,16,1,20,24,12],[18,14,6,2,10,22,12],[2,10,22,6,14,18,12],[14,10,18,2,22,6,13,12],[6,22,14,2,18,10,16,8,1,19,12],[6,10,14,2,18,22,12],[6,2,10,22,18,14,12],[14,2,10,18,22,6,16,20,8,4],[22,2,14,6,10,18,16,23,7,4,1,12],[2,14,6,18,22,10,12],[2,22,14,18,10,6,16,12],[6,14,22,2,18,10,16,4,5,23],[6,18,14,22,2,10,12],[22,6,18,10,14,2,12],[22,18,14,6,2,10,16,1,5,19,3,12],[2,18,10,6,14,22,16,3,19,12],[6,18,14,22,10,2,12],[22,6,2,10,14,18,16,9,4,24,20,8,12],[2,10,22,18,14,6,16,17,4,9,12],[10,18,6,2,22,14,15,11],[10,18,14,6,2,22,12],[6,14,2,22,10,18,12],[6,14,18,2,22,10,16,12],[6,18,10,14,2,22,16,11],[6,18,2,10,22,14,13,12],[2,18,22,14,6,10,15,12],[18,22,14,6,2,10,16,17,1],[18,2,14,10,6,22,16,8,1,19,12],[18,6,22,2,10,14,16,24,9,20,4,8,13,12],[2,14,10,22,18,6,15,12],[22,18,14,6,2,10,12],[22,2,18,6,10,14,16,20,12],[22,6,18,10,14,2,12],[18,10,2,22,6,14,12],[22,6,14,2,18,10,9,16,20,4,12],[18,22,14,6,2,10,16,1,11],[14,22,10,2,18,6,16,19,12],[2,14,18,22,10,6,9,16,4,20,12],[2,22,6,14,10,18,11],[18,6,22,10,2,14,12],[22,2,18,14,10,6,16,9,4,20,23,12],[18,6,22,2,14,10,16,4,19,8,12],[6,10,14,2,18,22,12],[14,10,6,22,2,18,11],[18,2,10,22,14,6,16,3,13,17,12],[14,22,10,2,6,18,12],[2,18,22,6,10,14,15,12],[22,2,14,18,6,10,16,12],[6,14,18,2,22,10,12],[22,2,18,6,14,10,15,12],[6,14,22,10,2,18,11],[18,14,6,10,2,22,16,3,24,17],[18,10,14,2,6,22,16,3,8,23],[10,2,14,22,6,18,12],[6,14,10,18,22,2,16,5,11],[2,18,22,10,6,14,11],[14,18,2,10,22,6,13,12],[6,18,2,22,14,10,16,4,12],[2,10,22,6,18,14,16,3,17,1],[18,14,2,22,6,10,16,4,12],[22,2,6,14,18,10,16,21,13,12],[10,2,22,18,6,14,12],[22,18,10,2,14,6,16,15,5,21,11],[18,14,22,10,6,2,16,19,15,9,12],[22,18,2,6,10,14,16,17,24,5],[18,10,14,6,2,22,12],[6,18,10,2,22,14,12],[18,14,22,10,2,6,16,1,13,9,12],[22,2,14,6,18,10,9,16,4,17,20,12],[10,6,2,18,14,22,12],[18,6,2,22,10,14,16,11],[2,18,10,22,6,14,16,9,4,19,12],[18,10,2,6,14,22,12],[22,6,18,14,2,10,16,9,4,19,12],[22,6,14,2,10,18,12],[6,10,2,18,14,22,16,5,21,4,12],[2,18,10,6,22,14,15,12],[22,14,10,6,2,18,15,12],[6,2,10,14,18,22,15,12],[2,22,18,10,14,6,16,20,1],[22,18,10,6,2,14,13,12],[22,10,14,2,6,18,16,13,12],[10,22,18,6,2,14,12],[10,2,6,14,22,18,12],[2,18,14,6,22,10,12],[22,6,10,14,18,2,16,8,9,4,19,12],[6,22,2,10,14,18,16,20,12],[2,10,18,6,14,22,15,11],[14,10,2,18,6,22,12],[18,14,22,2,10,6,16,7,19,12],[6,14,2,10,18,22,12],[18,14,22,2,10,6,16,13,11],[10,22,2,14,18,6,16,11],[2,22,10,18,6,14,11],[6,14,10,22,18,2,16,12],[22,18,10,6,2,14,15,12],[10,14,18,6,22,2,16,3,20],[22,2,10,6,18,14,16,9,4,20,24,12],[22,14,6,2,18,10,12],[10,18,6,2,14,22,12],[14,22,2,6,10,18,11],[6,2,18,22,14,10,16,4,23,3,1,7,9,11],[6,10,18,22,2,14,12],[22,2,18,6,14,10,16,15,1,21,20],[22,6,18,2,14,10,13,12],[10,22,6,2,14,18,12],[6,14,18,2,22,10,16,3,12],[14,10,22,6,18,2,12],[10,14,22,18,2,6,16,12],[2,22,14,18,6,10,9,16,20,4,24,8,12],[10,18,2,6,14,22,16,1,21,11],[18,10,14,22,6,2,16,21,19,12],[10,18,22,2,6,14,16,17,24,9,4,15,8,12],[6,10,22,14,18,2,12],[22,14,18,2,6,10,16,9,20,4,24,5,12],[10,22,18,14,6,2,16,7,20,1],[10,18,22,14,2,6,16,23,11],[14,18,2,10,6,22,12],[22,10,6,14,18,2,13,12],[6,18,2,14,22,10,16,4,13,12],[18,22,2,6,14,10,16,3,21,5,9,19,12],[18,2,10,14,22,6,11],[14,22,10,6,2,18,12],[2,14,10,22,18,6,16,1,12],[22,14,6,2,18,10,16,9,12],[10,6,2,22,14,18,12],[14,2,22,6,10,18,12],[14,22,6,2,10,18,16,24,8,7,4],[10,18,6,22,14,2,12],[6,14,10,22,2,18,9,16,20,4,12],[14,18,10,22,2,6,12],[10,14,22,6,18,2,12],[18,2,22,14,6,10,12],[2,22,14,18,6,10,9,16,20,4,11],[22,14,10,2,6,18,16,7,21,8,24,12],[2,22,10,14,18,6,16,8,19,12],[14,22,10,2,18,6,16,20,3],[2,22,6,18,14,10,12],[18,6,10,2,14,22,11],[22,2,18,14,6,10,3,16,19,12],[22,2,14,10,6,18,11],[18,6,10,22,14,2,12],[10,18,6,22,2,14,12],[22,6,10,14,2,18,12],[6,14,18,10,22,2,9,16,20,4,7,8,12],[10,14,6,22,18,2,16,17,4,1],[22,14,6,2,18,10,16,12],[10,22,14,6,2,18,16,1,19,11],[14,10,18,6,22,2,16,12],[6,22,2,10,14,18,16,5,17,12],[2,10,18,14,6,22,16,12],[2,18,6,22,10,14,12],[18,2,6,22,10,14,12],[6,2,14,10,22,18,16,24,11],[2,18,10,14,22,6,11],[18,2,6,10,22,14,12],[6,18,10,14,2,22,16,17,3,9,8,21,12],[2,10,18,22,14,6,12],[14,10,6,2,22,18,12],[10,22,14,6,2,18,16,4,13,11],[18,14,22,6,10,2,12],[14,2,6,10,18,22,11],[2,18,22,14,6,10,16,21,7,11],[10,6,22,18,2,14,16,4,1,24],[6,14,10,18,22,2,12],[22,18,14,10,2,6,12],[22,18,6,2,10,14,12],[22,14,6,10,18,2,13,12],[10,2,18,6,22,14,16,19,20,4],[10,14,2,22,18,6,16,24,3,20],[14,18,6,2,22,10,12],[22,10,2,14,6,18,11],[14,6,22,2,10,18,16,3,20],[10,14,18,2,22,6,16,19,20,7,12],[2,6,10,22,18,14,16,13,9,12],[10,18,22,14,2,6,16,11],[2,22,14,18,10,6,16,4,21,12],[22,6,10,2,18,14,12],[10,6,2,18,14,22,16,21,19,12],[10,14,18,2,6,22,12],[18,10,2,22,14,6,7,12],[18,6,2,10,22,14,12],[18,10,2,22,6,14,16,12],[6,22,18,10,2,14,16,4,23,11],[6,18,14,10,2,22,15,1,12],[22,10,6,14,2,18,11],[2,10,6,14,18,22,12],[22,6,2,14,18,10,15,12],[6,14,10,2,22,18,16,4,20],[2,6,10,18,14,22,16,5,21,8,3,9,12],[22,10,18,14,6,2,16,12],[18,2,10,22,6,14,12],[2,14,18,10,22,6,16,21,11],[14,18,10,22,2,6,11],[18,10,2,6,22,14,16,23,4,20],[22,6,2,14,18,10,16,3,19,17,23,24],[14,10,2,18,22,6,12],[14,6,2,10,18,22,12],[10,18,6,22,2,14,15,12],[14,6,18,10,22,2,13,12],[18,2,22,10,14,6,16,8,20,12],[2,6,10,14,22,18,12],[18,10,22,6,2,14,12],[10,6,18,2,14,22,11],[14,6,18,2,22,10,13,12],[18,22,2,10,14,6,16,7,20,9,12],[10,14,6,18,2,22,16,1,11],[2,22,14,6,18,10,9,16,4,12],[2,10,22,6,18,14,12],[6,18,2,14,22,10,11],[14,10,2,6,18,22,12],[6,22,2,18,10,14,16,23,20,19,21,24],[2,10,6,14,22,18,12],[18,10,6,14,22,2,16,9,4,24,20,12],[14,18,22,6,2,10,16,1,8,23],[10,14,22,6,2,18,11],[14,2,6,10,22,18,11],[10,22,2,14,6,18,12],[6,2,10,18,14,22,16,5,20,11],[10,18,2,22,14,6,15,9,12,16],[6,18,10,22,14,2,11],[22,10,6,14,18,2,12],[22,10,6,14,2,18,12],[2,10,14,18,22,6,9,16,20,4,24,7,12],[10,22,14,18,6,2,12],[18,22,2,6,14,10,12],[14,10,22,18,2,6,16,12],[2,18,14,6,10,22,12],[22,14,6,18,10,2,16,4,19,12],[14,6,2,22,10,18,12],[6,10,18,22,14,2,16,15,19,12],[6,22,14,2,18,10,5,15,9,12,16],[22,6,14,2,10,18,12],[10,14,18,6,22,2,11],[10,18,22,6,2,14,16,4,9,19,12],[2,10,14,18,22,6,16,19,11],[6,18,10,14,22,2,12],[2,18,10,6,22,14,16,4,9,20,5,12],[2,6,18,10,22,14,13,12],[10,2,6,22,18,14,16,17,12],[22,2,18,14,6,10,16,17,12],[18,10,22,2,6,14,16,9,20,4,5,24,23,12],[10,22,2,18,6,14,16,4,20],[18,10,6,2,14,22,16,19,12],[22,6,10,2,14,18,12],[22,14,6,18,10,2,16,3,7,11],[14,10,18,6,22,2,12],[18,22,2,14,10,6,11],[22,6,10,18,14,2,16,9,4,19,12],[6,10,14,2,18,22,12],[18,22,10,2,6,14,16,24,19,12],[6,14,10,2,18,22,12],[10,18,2,22,6,14,12],[6,18,10,2,14,22,16,21,20,1],[2,6,22,10,18,14,16,24,21,12],[2,18,14,22,10,6,9,16,20,4,24,12],[18,6,22,14,10,2,16,9,20,4,7,12],[10,22,6,14,18,2,12],[6,14,10,22,2,18,16,24,20],[18,14,10,22,2,6,13,12],[18,14,6,10,22,2,12],[22,2,6,10,18,14,12],[6,14,22,18,2,10,16,5,12],[10,22,18,2,6,14,16,23,9,3,20,24,8,12],[18,2,22,14,6,10,12],[14,10,6,2,22,18,13,12],[6,2,14,10,18,22,12],[18,10,22,6,2,14,12],[14,22,10,6,18,2,9,16,4,20,8,12],[14,22,18,6,10,2,12],[2,10,14,18,22,6,1,13,12],[6,18,2,22,10,14,12],[2,6,22,10,18,14,16,24,3,19,12],[18,22,2,14,6,10,12],[18,22,2,10,14,6,13,12],[18,2,6,10,22,14,12],[18,6,10,2,14,22,12],[22,14,10,6,18,2,12],[14,18,10,22,6,2,13,12],[14,22,10,2,18,6,9,16,20,4,8,12],[18,14,6,22,2,10,16,4,11],[6,18,10,14,22,2,16,1,24],[2,14,22,18,10,6,12],[22,6,10,14,2,18,16,5,19,11],[14,6,22,10,2,18,16,11],[22,18,2,14,10,6,16,21,20,9,4,12],[6,22,14,10,18,2,12],[10,14,2,18,6,22,15,9,16,4,20,7,8,12],[22,18,2,10,14,6,16,7,24,12],[22,6,14,18,10,2,16,24,11],[18,6,2,10,14,22,16,1,9,19,12],[10,22,18,14,6,2,12],[6,22,10,14,2,18,12],[14,2,6,22,18,10,12],[6,2,14,22,10,18,15,12],[22,18,14,10,6,2,16,23,12],[14,22,6,2,18,10,11],[10,22,2,14,18,6,12],[2,10,6,22,14,18,12],[10,22,2,18,6,14,9,16,20,3,23,11],[18,10,22,2,6,14,15,12],[22,6,2,10,18,14,12],[2,22,18,14,10,6,16,19,20,23,7,11],[2,10,6,18,14,22,11],[2,18,22,6,14,10,12],[2,22,6,14,10,18,9,16,20,4,11],[14,10,6,22,2,18,16,19,12],[10,6,14,18,22,2,12],[18,22,10,14,6,2,16,21,20,3],[22,2,10,6,14,18,12],[22,18,6,14,10,2,15,12],[14,10,6,18,2,22,12],[22,18,6,2,10,14,16,15,4,12],[6,2,18,10,14,22,12],[2,22,6,10,14,18,12],[18,10,22,2,14,6,16,3,20],[6,2,18,22,14,10,15,12],[18,14,2,6,10,22,15,12],[14,18,6,2,10,22,16,3,7,19,12],[6,14,2,10,18,22,12],[6,14,2,22,10,18,12],[10,18,6,2,22,14,12],[10,2,22,18,14,6,16,3,11],[14,18,22,10,2,6,16,4,20],[14,22,2,18,10,6,15,11],[10,6,18,22,14,2,16,1,5,7,8],[6,18,10,22,14,2,16,5,9,12],[6,22,10,18,2,14,16,9,20,4,21,12],[14,18,22,6,2,10,11],[22,18,6,10,14,2,16,1,17,4],[22,6,14,18,10,2,11],[10,2,18,14,6,22,12],[22,10,6,2,14,18,12],[22,14,2,6,18,10,12],[22,10,18,6,14,2,16,11],[14,6,18,10,22,2,16,19,8,4,12],[6,10,18,2,22,14,16,1,24],[14,6,18,2,10,22,12],[2,14,10,18,6,22,12],[18,2,6,14,10,22,12],[6,18,10,14,2,22,16,15,20,1],[14,18,22,6,2,10,16,3,19,12],[6,2,10,14,18,22,12],[22,2,6,14,18,10,16,11],[10,14,2,22,18,6,15,12],[10,14,6,22,2,18,9,16,4,24,20,8,12],[2,10,22,14,18,6,9,16,4,20,15,12],[10,14,6,18,22,2,9,16,4,20,24,8,12],[6,18,2,14,22,10,16,4,11],[10,2,6,14,18,22,12],[6,18,22,10,14,2,12],[2,6,18,10,14,22,16,12],[6,18,10,14,22,2,12],[14,10,22,2,6,18,15,12],[2,22,6,18,10,14,16,21,20,9,4,24,8,12],[10,2,6,22,14,18,11],[14,6,18,22,2,10,16,23,13,12],[18,2,10,6,22,14,16,19,9,12],[10,14,2,22,6,18,16,20,13,12],[18,6,14,2,22,10,15,11],[18,22,2,14,10,6,16,13,12],[18,2,6,14,22,10,12],[18,22,14,10,2,6,16,9,4,20,12],[6,2,18,22,10,14,12],[6,22,2,10,14,18,13,12],[2,14,22,18,6,10,12],[22,6,14,2,10,18,16,3,1,11],[10,22,14,18,6,2,12],[22,10,18,14,2,6,16,17,1,24],[14,18,2,10,6,22,11],[6,18,14,22,2,10,12],[14,10,2,22,18,6,16,9,20,4,12],[2,22,18,6,10,14,16,11],[10,22,2,6,18,14,11],[18,6,22,2,10,14,12],[6,2,14,22,10,18,16,19,12],[2,14,6,22,18,10,12],[22,2,10,6,14,18,15,11],[6,10,18,22,14,2,15,12],[18,14,10,6,2,22,12],[10,2,22,14,18,6,16,24,4],[14,2,18,6,22,10,12],[18,6,22,14,2,10,15,12],[14,6,2,18,22,10,12],[10,22,6,18,14,2,16,3,11],[14,2,22,10,18,6,12],[22,10,14,6,2,18,16,9,20,4,7,12],[10,22,6,18,14,2,12],[6,22,18,14,2,10,12],[18,2,22,6,14,10,15,12],[14,18,2,10,6,22,16,19,9,12],[6,2,18,22,10,14,16,20,17,4],[18,10,22,14,2,6,12],[2,10,18,14,6,22,12],[22,18,14,10,2,6,11],[22,18,6,2,10,14,16,8,12],[22,14,10,2,18,6,9,16,4,20,12],[10,2,6,18,22,14,15,12],[22,14,18,10,6,2,16,11],[10,18,6,2,22,14,12],[14,10,22,6,18,2,12],[22,2,18,10,14,6,12],[18,10,14,22,2,6,13,12],[2,10,18,6,22,14,12],[14,10,2,18,6,22,16,7,3,12],[22,6,10,2,18,14,16,8,3,17],[10,6,18,22,14,2,16,7,9,12],[10,22,2,18,14,6,16,12],[18,6,14,2,10,22,12],[14,18,6,22,2,10,13,12],[18,14,6,2,22,10,13,12],[6,22,18,2,10,14,12],[14,18,6,22,10,2,16,12],[18,22,2,6,10,14,12],[6,10,2,18,14,22,16,9,3,20,21,24,12],[18,22,6,2,14,10,16,11],[18,10,22,2,14,6,12],[2,14,18,10,22,6,16,19,15,20,9,4,12],[22,14,2,10,6,18,12],[6,18,10,14,2,22,11],[14,6,10,22,18,2,12],[2,22,18,14,6,10,16,12],[6,10,22,14,18,2,11],[14,2,10,6,22,18,16,19,11],[18,22,10,6,2,14,15,12],[10,14,6,22,18,2,16,8,21,1,12],[2,22,14,18,6,10,13,12],[14,18,10,22,6,2,15,12],[22,10,14,6,2,18,16,19,12],[14,22,18,2,10,6,12],[6,14,22,2,10,18,16,5,3,21,11],[2,14,18,10,6,22,15,16,4,19,5,12],[14,6,10,18,22,2,12],[22,18,2,10,6,14,11],[6,14,2,22,18,10,15,12],[22,18,14,2,6,10,12],[6,22,14,10,18,2,12],[6,22,14,18,10,2,15,12],[2,22,14,6,18,10,16,11],[18,22,2,6,14,10,16,11],[6,2,22,18,10,14,12],[14,10,22,6,18,2,16,1,8,24],[6,22,2,18,10,14,12],[10,2,18,14,6,22,12],[22,14,2,6,10,18,16,24,20],[6,22,2,14,18,10,16,24,7,20,5],[18,6,22,10,14,2,16,24,4],[6,2,22,10,18,14,12],[22,18,14,2,6,10,16,3,19,12],[18,14,6,2,22,10,12],[2,18,14,10,22,6,12],[14,6,22,2,18,10,12],[22,2,6,18,14,10,16,19,9,12],[10,2,6,22,18,14,12],[14,18,22,10,6,2,12],[14,10,22,6,18,2,12],[14,2,6,22,18,10,12],[22,2,10,6,18,14,12],[22,6,10,18,2,14,12],[22,6,18,14,2,10,9,16,20,4,24,12],[22,10,14,6,2,18,12],[22,10,6,2,18,14,12],[14,18,22,10,6,2,12],[14,10,6,22,18,2,15,12],[10,22,2,6,18,14,12],[6,18,22,14,10,2,16,12],[2,18,10,22,14,6,15,12],[10,18,22,14,2,6,16,9,20,4,12],[22,10,6,2,18,14,12],[14,18,10,6,2,22,12],[14,10,6,22,18,2,16,4,12],[2,18,22,10,6,14,16,17,24,13,9,12],[18,22,2,10,6,14,16,20,1],[6,22,18,2,10,14,15,12],[22,2,14,6,10,18,12],[14,22,18,2,6,10,12],[22,10,18,2,6,14,12],[2,14,10,6,18,22,15,12],[22,6,2,18,14,10,8,16,19,12],[6,14,18,2,22,10,16,3,12],[18,22,10,2,14,6,16,12],[18,14,6,22,2,10,15,12],[6,18,2,10,14,22,12],[22,18,14,6,10,2,16,15,5,23,11],[2,10,22,18,14,6,16,11],[10,2,18,14,22,6,12],[18,2,14,6,22,10,16,4,24],[6,18,2,10,14,22,16,7,21,17,9,12],[6,14,18,2,22,10,12],[22,14,18,10,6,2,12],[14,2,10,18,22,6,15,11],[6,18,10,2,14,22,16,3,13,12],[2,18,6,14,10,22,16,17,11],[22,18,6,2,10,14,11],[22,6,18,2,10,14,12],[14,18,6,2,10,22,16,12],[22,10,6,14,2,18,11],[18,14,10,2,22,6,12],[2,14,6,18,10,22,13,16,9,12],[2,14,6,10,18,22,9,16,19,12],[6,10,18,22,2,14,12],[18,2,6,14,10,22,16,9,17,4,21,24,7,11],[18,14,6,2,10,22,16,5,8,4],[2,18,14,22,6,10,16,20,8],[10,14,6,22,18,2,16,17,12],[6,18,2,10,22,14,13,12],[22,14,6,10,2,18,16,7,19,11],[10,2,14,22,18,6,16,24,8,21,17],[6,2,10,14,22,18,9,16,19,12],[6,18,2,14,22,10,16,15,5,20],[18,6,14,10,2,22,12],[22,6,2,18,14,10,11],[14,10,22,2,18,6,13,12],[18,14,10,22,6,2,16,11],[2,18,22,10,6,14,16,20,23,1],[22,10,6,2,18,14,15,11],[6,2,10,22,14,18,12],[6,10,14,22,2,18,13,12],[18,6,14,2,22,10,12],[18,2,22,6,14,10,12],[2,14,18,22,10,6,16,24,4,20],[22,14,10,2,6,18,16,20,3],[10,6,22,18,2,14,12],[6,10,22,14,18,2,16,12],[2,22,14,10,6,18,16,9,4,20,24,12],[14,2,18,6,22,10,16,3,17,20],[10,6,14,22,18,2,12],[6,10,2,18,22,14,16,7,1,21,5,24],[6,14,22,18,10,2,16,1,12],[10,22,6,18,2,14,16,19,12],[22,10,18,14,6,2,15,12],[18,14,22,10,6,2,16,8,21,12],[2,22,18,6,14,10,20,16,21,3],[22,10,18,6,2,14,15,12],[14,22,2,18,6,10,12],[2,10,18,6,14,22,12],[10,14,22,6,18,2,16,5,19,12],[2,22,18,10,6,14,13,12],[6,14,2,22,10,18,16,9,20,3,24,8,12],[10,6,2,18,22,14,16,7,15,8,20],[18,14,6,22,10,2,12],[18,6,2,14,22,10,16,21,11],[10,22,14,6,2,18,12],[6,14,18,22,2,10,16,23,3,20],[6,14,18,22,2,10,12],[14,10,18,6,2,22,12],[14,6,2,10,18,22,16,9,19,12],[6,18,22,2,10,14,16,8,20,24],[14,6,10,18,2,22,12],[2,6,10,14,18,22,12],[2,6,18,10,22,14,9,16,20,4,21,24,8,11],[6,10,22,18,2,14,13,12],[22,10,14,2,18,6,9,16,20,4,24,8,12],[6,2,18,10,14,22,16,5,1,20],[6,2,22,10,18,14,12],[22,18,6,14,10,2,12],[6,10,2,22,14,18,12],[10,2,22,14,6,18,16,1,11],[6,10,22,2,18,14,12],[18,14,2,10,22,6,16,11],[10,22,6,18,14,2,12],[10,14,6,18,22,2,9,16,4,23,20,8,12],[10,2,22,18,14,6,16,5,3,24],[2,22,10,18,14,6,12],[14,6,10,18,2,22,16,17,1,13,11],[18,10,22,2,14,6,17,12],[6,14,18,2,10,22,16,15,19,12],[2,18,14,10,22,6,11],[2,6,18,22,10,14,15,9,12,16],[6,2,18,22,10,14,16,11],[18,2,6,14,22,10,15,12],[10,2,22,14,6,18,9,16,20,4,21,24,7,8,12],[22,10,18,6,2,14,16,17,21,11],[22,18,6,10,14,2,12],[2,6,22,18,10,14,16,4,17,9,12],[22,6,14,10,2,18,12],[2,18,10,6,14,22,12],[14,18,22,10,2,6,16,1,11],[18,2,10,14,6,22,12],[22,14,2,6,18,10,11],[22,2,18,14,6,10,16,1,12],[10,18,14,2,6,22,15,12],[10,22,6,2,14,18,15,12],[10,2,6,22,14,18,12],[22,6,10,14,2,18,9,16,12],[10,14,2,18,6,22,16,19,12],[18,6,2,14,10,22,12],[14,2,18,22,6,10,16,4,7,12],[22,2,10,18,14,6,12],[22,2,10,18,6,14,16,9,4,19,12],[18,6,2,14,22,10,15,12],[6,10,18,2,22,14,12],[22,6,2,14,10,18,16,17,12],[10,22,6,2,14,18,12],[6,18,22,10,14,2,16,11],[6,2,14,22,18,10,12],[14,22,6,2,10,18,16,4,12],[14,10,6,2,18,22,16,3,9,19,12],[14,10,2,22,6,18,12],[14,2,6,18,10,22,16,23,9,4,20,8,12],[14,6,18,2,22,10,15,13,12],[10,18,2,14,22,6,16,7,12],[6,22,18,10,2,14,16,1,19,23,20],[10,22,18,6,2,14,15,11],[22,14,10,18,2,6,19,12],[14,10,18,22,2,6,12],[18,10,6,14,22,2,16,12],[22,14,2,10,6,18,16,19,12],[22,14,18,6,2,10,15,16,9,20,4,5,21,24],[14,2,22,10,6,18,12],[14,2,10,22,6,18,11],[6,10,2,14,18,22,16,5,1,4,3,23],[2,22,10,14,18,6,12],[2,14,22,10,18,6,16,21,1,8,24],[14,10,6,22,2,18,16,21,1,5,17],[2,6,14,10,22,18,16,17,4,21,7,9,12],[6,14,2,10,22,18,12],[14,6,10,2,18,22,12]],"n_human":10}