{"problem_id":"s66qEszo0ol8hHt","sigma":75,"alpha":10.000,"cost":0,"probabilities":"[0.25, 0.26, 0.25, 0.24]","payoff_matrix":"[[74, 35, -30, -56, 26, 13], [-110, 16, -46, -49, 103, -5], [-74, 46, 100, -49, -90, 80], [30, 13, 154, -27, -197, 37]]","uncovered":[[14,6,18,7,17,5,19,8,20,10,22,2,23,21,24,12,11,9],[6,2,18,19,5,7,17,20,14,10,22,21,23,24,8,9,13],[6,2,14,10,22,18,17,7,19,5,20,21,23,24,8,11,9,12],[18,2,22,6,7,17,5,19,20,14,10,23,21,8,24,9,15],[18,2,10,14,22,6,5,19,7,17,20,21,23,24,8,9,13],[22,14,18,10,6,19,5,17,7,20,2,23,21,8,24,11,9,12],[2,6,18,5,17,19,7,8,20,14,22,10,21,23,24,15,12,9,11],[22,14,2,10,18,6,20,23,5,7,21,8,24,9,16,19,3],[2,22,14,10,6,18,17,5,19,7,20,21,23,8,24,9,13],[14,18,22,9,2,6,17,5,8,19,7,20,21,23,24,10,13],[2,10,22,14,6,18,7,19,5,17,8,20,21,23,24,12,9,11],[14,18,2,6,19,5,7,22,17,8,20,11,10,9,12,23,21,24],[2,22,14,6,10,18,17,7,19,5,20,23,21,8,24,15,9],[22,14,10,2,6,18,7,17,19,5,20,24,23,21,8,11,9,12],[18,6,5,19,17,7,8,20,22,10,14,2,21,23,24,15,9],[10,18,2,14,6,5,17,7,19,8,20,22,23,21,24,11,9,12],[22,6,18,17,2,7,5,19,8,20,10,14,23,21,24,9,16,11,12],[14,18,6,7,17,19,5,8,20,22,10,2,23,21,24,11,9,12],[10,18,22,14,3,6,5,17,19,7,20,23,21,24,8,11,9,12],[10,2,14,6,18,7,17,19,5,20,22,23,21,24,8,13,9],[2,22,6,14,18,17,5,19,7,8,20,10,21,23,24,16,11,9,12],[18,2,14,10,22,6,17,5,7,19,8,20,21,23,24,15,12,9,11],[18,6,19,5,7,17,8,20,22,14,2,10,21,23,24,13,12,9,11],[6,22,14,18,17,7,5,19,20,2,10,23,21,8,24,11,9,12],[2,18,6,7,17,19,5,8,20,14,10,22,23,21,24,9,16,13],[22,14,6,18,17,7,5,19,20,2,10,23,21,24,8,11,9,12],[6,14,22,18,17,11,10,19,9,7,5,8,20,2,12,24,23,21],[14,2,10,6,22,18,5,19,7,17,20,21,23,8,24,16,9,3],[10,18,6,17,7,5,19,8,20,22,2,14,23,21,24,9,13],[14,22,10,18,2,6,17,8,7,19,5,20,21,23,24,9,13],[6,18,17,7,5,19,8,20,14,10,22,2,23,21,24,9,13],[18,2,6,17,5,19,7,8,20,10,22,14,21,23,24,15,9],[14,18,6,19,5,17,7,8,20,10,2,22,23,21,24,13,9],[6,22,18,19,7,5,10,17,20,2,14,21,23,24,8,9,13],[22,2,14,18,6,19,7,17,5,20,10,21,23,24,8,13,9],[22,10,18,13,2,6,5,17,7,19,8,20,23,21,24,9,14],[18,2,14,10,22,6,7,19,5,17,8,20,23,21,24,9,16,3],[6,22,2,18,19,7,5,17,20,14,10,24,23,21,8,9,13],[2,18,15,10,22,6,17,5,7,19,20,21,23,8,24,16,9,14],[14,2,18,9,22,6,5,17,19,7,20,21,23,8,24,10,13],[6,2,14,18,5,19,17,7,20,22,10,21,23,8,24,13,11,9,12],[22,10,18,14,6,5,19,7,17,8,20,2,23,21,24,16,9,1,4,3],[18,22,10,6,7,17,5,19,20,13,2,23,21,24,8,9,15],[10,6,2,22,14,18,17,7,5,19,20,21,23,24,8,11,9,12],[14,2,18,7,6,19,17,5,20,22,10,21,23,24,8,12,11,9],[10,22,14,2,18,6,5,17,7,19,8,20,23,21,24,11,9,12],[2,6,10,14,18,7,19,5,17,8,20,22,21,23,24,3,12,9,11],[14,2,22,6,10,18,19,5,7,17,8,20,23,21,24,12,11,9],[2,18,6,7,19,17,5,20,14,22,10,21,23,24,8,13,12,11,9],[6,18,19,7,5,17,8,20,13,21,22,2,10,23,24,9,15],[14,22,18,10,2,6,7,19,5,17,8,20,23,21,24,9,16,12,11],[22,18,10,14,2,6,17,5,19,7,8,20,23,21,24,15,9],[6,18,7,19,5,17,20,10,14,22,2,21,23,8,24,9,15],[2,6,18,17,14,22,7,5,19,20,10,21,23,24,8,15,11,9,12],[6,22,14,2,18,7,17,19,5,8,20,10,21,23,24,11,9,12],[2,14,10,22,18,6,7,17,19,5,20,23,21,8,24,12,11,9],[22,2,14,10,6,18,19,5,17,7,8,20,23,21,24,13,11,9,12],[18,14,22,3,6,19,5,17,7,20,11,10,9,12,8,24,23,21],[2,10,14,6,22,18,19,5,17,7,8,20,21,23,24,9,13],[18,22,6,7,17,19,5,8,20,15,3,10,23,21,24,14,1,2,12,11,9],[6,18,7,19,17,5,8,20,2,14,22,10,23,21,24,9,13],[18,15,22,6,17,2,7,5,19,8,20,10,24,21,23,14,12,11,9],[18,14,22,6,19,7,17,5,20,2,10,21,23,24,8,11,9,12],[10,6,2,22,18,5,17,19,7,20,14,23,21,24,8,16,11,9,12],[6,14,18,5,19,17,7,8,20,10,2,22,21,23,24,13,11,9,12],[22,14,6,2,10,18,17,5,19,7,8,20,24,21,23,11,9,12],[22,10,18,6,19,7,17,5,20,2,14,23,21,8,24,12,11,9],[6,14,22,18,5,19,17,7,20,10,2,21,23,8,24,15,12,11,9],[6,10,18,7,19,17,5,8,20,2,22,14,23,21,24,13,11,9,12],[22,6,14,2,18,5,19,17,7,8,20,10,23,21,24,15,12,9,11],[14,10,22,18,6,7,19,17,5,8,20,2,23,21,24,12,11,9],[10,22,2,14,18,6,19,5,17,7,20,21,23,24,8,11,9,12],[6,18,19,5,7,14,2,10,22,17,20,23,21,24,8,12,11,9],[2,18,6,17,7,19,5,20,22,10,14,21,23,8,24,11,9,12],[22,2,14,6,10,18,5,17,19,7,8,20,23,21,24,11,9,12],[22,10,18,6,17,7,19,5,8,20,14,2,23,21,24,11,9,12],[14,22,6,10,18,19,5,17,7,20,2,21,23,24,8,16,12,9,11],[18,14,6,7,19,5,17,20,22,10,2,23,21,24,8,12,9,11],[6,10,2,14,18,7,19,17,5,20,22,21,23,24,8,16,11,9,12],[10,2,6,14,22,18,19,7,5,17,20,21,23,24,8,9,15],[10,18,6,17,2,5,19,7,20,22,14,23,21,8,24,16,11,9,12],[14,6,22,10,2,18,5,17,19,7,8,20,21,23,24,11,9,12],[18,22,6,19,7,17,5,8,20,2,10,14,21,23,24,11,9,12],[2,10,22,6,18,5,19,17,7,8,20,13,23,21,24,11,9,12],[14,18,6,17,7,19,5,8,20,10,22,2,23,21,24,12,9,11],[14,10,6,18,5,19,7,2,17,20,22,23,21,8,24,9,13],[14,18,2,22,6,7,19,5,17,8,20,10,21,23,24,9,13],[2,6,14,10,18,17,8,7,19,5,20,22,21,23,24,12,9,11],[14,10,18,2,6,19,5,7,17,8,20,22,21,23,24,12,11,9],[18,22,2,14,6,5,19,17,7,20,10,23,21,24,8,11,9,12],[2,10,22,14,6,18,19,5,7,17,20,21,23,24,8,13,9],[14,18,22,10,2,6,19,7,5,17,20,21,23,8,24,15,11,9,12],[10,14,6,18,7,17,19,5,8,20,2,23,22,21,24,9,16,12,11],[2,22,18,6,5,19,7,17,8,20,10,13,23,21,24,11,9,12],[22,6,14,18,19,7,5,2,17,20,10,24,23,21,8,9,13],[18,22,14,2,6,7,17,5,19,8,20,10,21,23,24,15,12,11,9],[2,10,22,6,18,5,19,7,17,8,20,14,23,21,24,11,9,12],[6,14,2,10,22,18,5,19,7,17,20,23,21,8,24,15,9],[10,6,2,14,22,18,5,17,19,7,8,20,21,23,24,9,13],[10,2,22,6,18,7,19,5,14,17,20,21,23,24,8,12,11,9],[10,6,18,5,17,19,7,20,2,14,22,21,23,24,8,11,9,12],[14,18,10,22,2,6,5,19,7,17,8,20,23,21,24,9,15],[18,6,5,17,19,7,20,10,22,2,14,23,21,24,8,15,9],[6,22,10,18,7,19,17,5,20,14,2,21,23,24,8,11,9,12],[14,22,6,10,2,18,7,19,5,17,8,20,23,21,24,9,13],[22,14,2,6,18,17,5,7,19,20,10,21,23,8,24,9,16,4],[2,22,6,10,18,19,5,17,7,8,20,14,21,23,24,9,15],[2,22,18,6,19,5,7,14,10,17,20,21,23,8,24,11,9,12],[22,2,14,6,10,18,5,19,17,7,20,21,23,8,24,13,9],[14,18,10,2,6,5,19,7,22,17,8,20,21,23,24,15,11,9,12],[22,14,6,18,5,19,7,17,20,10,2,21,23,8,24,11,9,12],[2,18,14,6,7,19,5,17,8,20,10,22,23,21,24,15,12,9,11],[6,14,10,18,7,17,5,19,8,20,3,22,21,23,24,12,9,11,15],[10,2,18,15,6,5,17,7,19,20,22,21,23,8,24,13,9],[6,10,2,18,7,17,19,5,20,14,22,21,23,24,8,11,9,12],[22,2,10,14,18,6,5,17,19,7,8,20,23,21,24,9,15],[2,6,10,14,22,18,7,19,5,17,8,20,23,21,24,9,15],[2,10,6,22,18,17,5,7,19,8,20,14,21,24,23,16,9,15],[18,22,11,10,19,9,17,20,2,14,6,7,5,8,12,23,21,24],[2,22,18,6,17,7,5,19,20,14,10,21,23,24,8,9,13],[2,14,18,22,9,7,6,17,19,5,20,21,23,24,8,10,16,11,12],[22,14,2,6,18,17,7,19,5,8,20,10,21,23,24,9,13],[14,18,6,19,5,7,17,8,20,22,10,2,21,23,24,11,9,12],[2,14,6,10,18,5,17,7,19,8,20,22,23,21,24,9,15],[2,18,14,22,6,19,5,7,17,20,10,23,21,24,8,9,13],[18,10,14,22,2,6,17,5,19,7,8,20,23,21,24,16,11,9,12],[6,18,19,5,7,17,20,3,14,10,22,21,23,8,24,11,9,12,4],[22,18,6,5,17,19,7,8,20,14,2,10,21,23,24,11,9,12],[2,14,6,18,17,5,7,19,20,22,11,10,9,12,8,21,23,24],[6,2,18,19,7,17,5,8,20,10,14,22,23,21,24,12,9,11],[22,18,6,7,19,5,14,17,8,20,10,2,21,23,24,11,9,12],[14,6,10,22,18,19,5,17,7,8,20,2,21,23,24,9,16,13],[2,14,18,22,6,7,19,17,5,20,10,23,21,24,8,11,9,12],[18,14,10,2,22,6,5,17,7,19,20,24,23,21,8,9,13],[10,22,14,2,18,6,7,19,5,17,8,20,23,21,24,11,9,12],[2,6,10,22,14,18,19,5,17,7,20,23,21,24,8,13,12,9,11],[2,18,10,22,14,6,17,7,5,19,8,20,21,23,24,13,9],[10,18,23,22,17,19,21,24,20,2,14,7,6,5,8,12,11,9],[18,6,5,19,7,17,20,22,14,2,10,23,21,24,8,11,9,12],[22,14,2,6,18,7,19,5,17,20,11,10,9,8,12,21,24,23],[14,10,2,18,21,22,6,19,7,5,17,8,20,23,24,15,12,11,9],[22,2,10,14,18,6,17,5,19,7,8,20,23,21,24,15,9],[2,22,18,5,6,19,7,17,8,20,14,10,23,21,24,11,9,12],[6,2,18,5,17,7,19,8,20,14,10,22,21,23,24,11,9,12],[6,10,18,19,5,7,22,2,14,17,20,21,23,24,8,12,9,11],[18,22,10,2,6,17,7,5,19,20,14,21,23,24,8,9,13],[18,2,10,14,6,17,22,5,19,7,20,21,23,24,8,15,11,9,12],[6,22,18,19,7,5,17,20,10,13,2,21,23,24,8,12,11,9],[18,14,6,7,17,19,5,8,20,22,2,10,21,23,24,13,9],[22,10,18,2,14,6,19,5,7,17,8,20,21,24,23,12,9,11],[6,22,2,10,18,19,7,5,14,17,8,20,21,23,24,13,12,9,11],[10,22,6,14,18,5,17,7,19,20,2,21,23,8,24,13,9],[6,22,14,18,5,17,19,7,8,20,10,2,23,21,24,9,15],[6,2,14,10,18,19,5,17,7,20,22,23,21,24,8,13,12,9,11],[14,10,18,2,5,6,19,7,17,20,22,23,21,24,8,12,9,11],[14,2,6,18,19,5,17,7,20,10,21,22,23,24,8,11,9,12],[2,14,18,6,7,17,19,5,8,20,11,10,9,22,12,23,21,24],[18,10,6,17,5,7,19,8,20,2,14,22,23,21,24,13,9],[22,10,2,14,6,18,19,7,17,5,20,23,21,8,24,15,9],[14,10,6,22,18,17,5,19,7,8,20,2,21,23,24,15,12,9,11],[18,2,22,10,6,5,19,17,7,20,14,23,21,24,8,9,15],[18,14,6,7,19,5,22,17,8,20,10,2,23,21,24,9,15],[6,18,7,19,17,5,20,10,22,2,14,21,23,24,8,13,11,9,12],[22,18,2,15,6,5,17,19,7,20,10,21,23,24,8,11,9,12],[18,2,14,6,5,19,7,22,17,20,10,23,21,24,8,12,11,9],[18,22,14,6,8,19,5,17,7,20,2,10,21,23,24,12,11,9],[10,2,22,6,18,7,19,5,17,20,14,23,21,24,8,12,9,11],[14,10,2,6,18,17,7,5,19,8,20,22,23,21,24,9,13],[18,2,22,14,10,6,5,19,7,17,8,20,23,21,24,9,13],[14,18,6,17,10,7,19,5,8,20,22,2,21,23,24,15,9],[10,2,6,18,17,7,19,5,8,20,22,14,21,23,24,12,9,11],[14,6,22,18,19,7,17,5,20,10,2,21,23,24,8,11,9,12],[18,22,5,6,19,7,17,20,14,2,10,21,23,8,24,16,9,3],[2,6,14,18,5,17,19,7,20,22,10,23,21,24,8,15,11,9,12],[22,18,6,5,19,7,2,17,20,10,14,21,23,8,24,9,15],[22,2,10,18,6,17,7,5,19,20,14,21,23,8,24,13,9],[6,18,17,7,19,5,20,2,10,22,14,23,21,8,24,9,13],[14,6,18,19,7,5,17,8,20,21,22,2,10,23,24,9,13],[18,22,7,6,17,5,19,20,10,2,14,21,23,24,8,16,12,9,11],[22,2,6,18,17,7,19,5,20,10,14,21,23,8,24,11,9,12],[22,10,6,2,14,18,17,5,7,19,20,23,21,8,24,9,13],[2,14,18,10,6,17,5,7,19,8,20,22,21,23,24,11,9,12],[22,6,2,10,18,19,7,17,5,8,20,14,21,23,24,11,9,12],[2,14,18,6,19,7,5,17,20,22,11,10,9,12,8,21,23,24],[10,2,22,14,18,6,17,7,19,5,8,20,21,23,24,9,13],[14,6,22,10,2,18,19,7,5,17,8,20,21,23,24,13,11,9,12],[6,14,22,2,10,18,19,5,17,7,8,20,21,23,24,15,12,11,9],[2,22,14,10,6,18,17,7,5,19,8,20,23,21,24,12,11,9],[14,22,10,2,18,6,5,19,17,7,8,20,23,21,24,12,11,9],[14,2,10,6,18,5,17,7,19,8,20,22,21,23,24,12,9,11],[14,10,2,22,18,6,7,17,5,19,8,20,23,21,24,12,11,9],[6,14,22,18,19,7,5,2,17,20,10,21,23,24,8,11,9,12],[14,2,18,22,6,19,7,5,10,17,20,23,21,8,24,9,13],[22,14,2,6,18,19,7,5,17,20,10,21,23,24,8,9,15],[18,6,19,5,7,23,22,21,24,8,2,10,15,17,20,14,12,9,11],[22,18,2,6,5,19,7,17,8,20,10,14,21,23,24,13,12,9,11],[22,18,14,10,6,19,5,7,17,20,2,23,21,8,24,11,9,12],[10,6,2,14,18,19,5,7,17,8,20,22,23,21,24,9,13],[14,18,10,22,2,6,5,19,7,17,20,21,23,8,24,12,9,11],[10,18,14,2,22,6,19,7,5,17,20,21,23,8,24,9,16,4],[6,22,2,10,14,18,7,17,5,19,8,20,21,23,24,16,12,11,9],[18,6,7,19,5,17,8,20,2,23,22,21,24,15,10,11,9,12],[10,22,18,2,6,5,19,17,7,8,20,14,23,21,24,16,9,12,11],[18,10,14,6,5,17,7,19,20,2,22,23,21,24,8,9,15],[2,6,22,10,18,7,19,5,17,8,20,14,21,23,24,15,11,9,12],[10,2,22,18,6,19,7,17,5,8,20,14,23,21,24,13,9],[10,2,6,14,18,5,19,7,17,8,20,22,21,23,24,11,9,12],[2,18,14,22,5,6,19,17,7,8,20,10,21,23,24,9,15],[18,10,14,1,2,22,6,19,5,17,7,20,21,23,24,8,15,9,3],[14,18,10,22,6,7,17,5,19,20,2,23,21,24,8,16,11,9,12],[6,10,18,19,5,17,7,20,2,14,23,22,21,24,8,16,11,9,12],[6,14,18,5,17,19,7,8,20,22,2,10,23,21,24,9,15],[14,2,18,22,6,5,17,19,7,8,20,10,23,21,24,12,11,9],[18,6,5,17,19,7,20,10,22,2,14,23,21,8,24,11,9,12],[2,6,10,18,19,5,17,7,8,20,14,22,21,23,24,12,11,9],[14,18,10,22,6,17,5,7,19,20,2,23,21,24,8,12,11,9],[6,14,10,18,19,7,5,17,20,2,22,21,23,24,8,9,13],[22,18,10,14,3,6,7,19,17,5,20,21,23,24,8,12,11,9,13],[2,18,14,7,6,17,5,19,8,20,22,10,21,23,24,11,9,12],[18,22,2,14,10,6,7,19,17,5,8,20,21,23,24,12,9,11],[6,22,14,2,18,7,19,17,5,20,10,21,23,8,24,9,15],[10,22,14,18,2,6,17,5,7,19,20,23,21,24,8,9,13],[18,5,6,17,19,7,20,10,22,14,2,23,21,24,8,9,15],[6,14,2,22,10,18,7,19,17,5,20,21,23,8,24,15,9],[6,2,18,7,19,5,17,20,10,22,14,23,21,8,24,9,16,1,3],[2,14,22,6,10,18,7,19,17,5,8,20,23,21,24,11,9,12],[18,2,22,5,6,19,7,17,20,14,9,23,21,24,8,10,16,1,3],[10,22,14,6,18,17,7,5,19,20,2,21,23,24,8,11,9,12],[14,18,10,6,5,19,7,2,17,20,22,21,23,8,24,13,9],[18,6,17,24,22,9,21,19,23,20,7,5,8,3,14,11,10,12,1,4],[18,22,14,2,10,6,7,17,5,19,8,20,21,23,24,15,11,9,12],[6,18,7,19,5,14,10,2,17,8,20,22,21,23,24,13,12,9,11],[18,10,22,2,14,6,5,17,7,19,8,20,23,21,24,11,9,12],[10,18,2,14,22,6,5,19,17,7,8,20,21,23,24,11,9,12],[10,14,6,22,2,18,5,19,17,7,8,20,21,23,24,9,16,13],[18,2,14,10,22,6,5,17,19,7,20,21,23,24,8,9,15],[10,2,22,6,14,18,5,17,19,7,20,21,23,24,8,9,15],[14,22,10,2,18,6,17,7,5,19,8,20,21,23,24,15,9],[22,10,2,6,14,18,19,7,17,5,8,20,23,21,24,11,9,12],[10,18,6,7,17,5,19,20,14,2,22,21,23,24,8,11,9,12],[6,10,2,22,18,17,5,19,7,8,20,14,23,21,24,15,12,11,9],[14,2,18,22,6,7,19,17,5,20,10,21,23,8,24,12,11,9],[18,10,14,6,7,17,19,5,8,20,2,22,21,24,23,9,16,4],[10,22,14,2,18,6,17,7,5,19,20,21,23,8,24,15,12,11,9],[22,6,18,19,7,5,17,20,2,10,14,23,21,24,8,11,9,12],[6,10,2,22,14,18,7,19,5,17,20,23,21,8,24,9,16,1,3],[14,18,22,10,6,7,19,17,5,8,20,2,23,21,24,11,9,12],[10,14,22,2,6,18,17,7,19,5,8,20,21,23,24,9,13],[6,14,2,18,5,17,7,19,8,20,22,10,21,23,24,11,9,12],[14,18,22,2,6,19,5,17,7,8,20,10,21,23,24,11,9,12],[10,2,14,22,18,6,19,5,17,7,8,20,23,21,24,12,9,11],[2,18,10,6,19,5,7,17,8,20,14,22,21,23,24,13,12,11,9],[2,14,10,6,22,18,7,19,5,17,20,21,23,8,24,13,11,9,12],[6,14,10,22,18,7,17,5,19,20,2,23,21,8,24,11,9,12],[18,6,5,17,19,7,20,14,22,2,10,21,23,24,8,11,9,12],[6,10,22,2,14,18,19,7,5,17,20,21,23,24,8,12,11,9],[10,2,14,18,22,6,19,7,5,17,20,21,23,8,24,15,11,9,12],[22,2,18,14,6,19,5,17,7,20,10,21,23,24,8,9,13],[14,10,22,6,2,18,5,19,7,17,8,20,23,21,24,9,15],[14,6,18,17,5,19,7,20,22,10,2,23,21,8,24,11,9,12],[2,22,6,18,17,7,19,5,8,20,10,14,23,21,24,16,12,11,9],[22,2,6,10,18,5,19,7,17,8,20,14,23,21,24,15,9],[6,14,22,10,18,17,5,19,7,8,20,2,21,23,24,9,16,4],[22,14,2,18,6,5,17,7,19,20,10,23,21,8,24,15,11,9,12],[22,6,14,18,5,19,17,7,8,20,10,2,21,23,24,9,15],[14,22,10,2,6,18,5,17,19,7,8,20,21,23,24,9,15],[2,18,22,14,5,6,19,7,17,8,20,10,23,21,24,16,12,9,11],[18,14,2,22,6,17,5,19,7,8,20,10,23,21,24,11,9,12],[18,21,22,6,17,5,7,19,20,2,14,10,23,8,24,15,9],[22,14,6,10,18,5,17,7,19,20,2,21,23,8,24,9,16,13],[22,6,18,19,5,7,10,2,14,17,8,20,21,23,24,13,9],[2,18,6,5,19,17,7,20,9,22,14,21,23,24,8,10,13],[10,14,18,2,22,6,17,8,5,19,7,20,21,23,24,15,12,11,9],[14,6,10,2,18,19,5,7,17,8,20,22,23,21,24,9,13],[10,18,1,2,14,22,6,7,17,19,5,20,23,21,8,24,9,13,4],[22,10,2,6,18,17,7,19,5,8,20,13,23,21,24,14,9],[6,18,17,5,7,19,20,22,14,2,10,21,23,8,24,15,12,9,11],[2,6,14,22,18,7,19,17,5,8,20,10,21,23,24,9,15],[22,6,10,2,18,7,17,5,19,8,20,13,24,23,21,14,11,9,12],[14,10,2,6,22,18,17,5,19,7,20,21,23,24,8,15,12,9,11],[18,6,17,7,19,5,8,20,10,2,22,14,21,23,24,9,13],[22,6,14,2,10,18,17,7,5,19,8,20,23,21,24,15,11,9,12],[22,14,18,10,6,19,5,17,7,20,2,23,21,24,8,15,9],[2,22,18,15,10,6,17,5,19,7,20,23,21,8,24,16,9,12,11],[2,10,18,22,14,6,19,7,17,5,8,20,21,23,24,13,11,9,12],[18,6,7,19,5,17,20,21,22,10,2,14,23,8,24,11,9,12],[22,2,14,6,18,19,7,17,5,20,10,21,23,24,8,4,12,11,9],[2,10,22,14,6,18,5,19,17,7,20,23,21,24,8,11,9,12],[6,14,10,2,18,17,5,19,7,20,22,23,21,24,8,12,11,9],[10,22,14,18,2,6,19,5,7,17,20,23,21,8,24,11,9,12],[10,22,18,2,6,19,5,7,17,8,20,14,21,23,24,11,9,12],[10,18,22,2,6,19,5,17,7,8,20,14,21,23,24,11,9,12],[6,10,18,17,2,7,5,19,20,22,14,21,23,8,24,11,9,12],[10,14,6,18,19,7,17,5,20,2,22,21,24,23,8,12,11,9],[10,22,18,13,6,7,17,19,5,8,20,2,23,21,24,15,11,9,12],[22,10,6,18,5,19,17,7,20,2,14,21,23,24,8,12,11,9],[10,22,14,6,2,18,5,17,19,7,20,23,21,8,24,13,9],[22,14,10,18,6,7,19,5,17,20,2,23,21,24,8,9,13],[2,22,10,18,6,17,7,19,5,20,14,21,23,24,8,9,15],[22,2,14,6,10,18,7,19,5,17,8,20,21,23,24,12,11,9],[2,22,14,18,10,6,7,19,17,5,20,23,21,24,8,15,11,9,12],[6,14,18,19,5,7,22,17,8,20,2,10,23,21,24,12,11,9],[2,10,18,6,5,17,19,7,8,20,23,22,21,24,14,9,13],[14,6,10,18,17,8,5,19,7,20,2,22,23,21,24,13,12,9,11],[14,2,6,10,18,17,7,5,19,20,22,21,23,8,24,9,13],[6,10,18,17,22,5,7,19,20,14,2,23,21,24,8,11,9,12],[18,14,11,10,17,19,9,20,2,22,6,5,7,12,8,24,23,21],[6,22,10,18,19,5,17,7,20,14,2,23,21,8,24,15,12,11,9],[18,10,6,19,7,5,22,2,17,8,20,14,23,21,24,13,12,9,11],[18,14,10,6,17,5,19,7,20,22,2,21,23,24,8,9,13],[18,10,14,22,6,7,17,5,19,8,20,2,23,21,24,13,11,9,12],[6,14,10,18,7,19,5,1,2,17,8,20,22,23,21,24,11,9,12],[10,22,2,18,6,5,17,19,7,8,20,14,23,21,24,15,9],[14,22,2,6,18,5,19,7,17,20,10,23,21,8,24,9,13],[10,22,6,14,2,18,7,19,17,5,20,23,21,24,8,9,15],[18,22,2,10,14,6,7,19,17,5,20,23,21,24,8,9,4,15],[2,6,18,17,5,19,7,20,14,22,10,23,21,8,24,15,12,11,9],[18,14,2,10,22,6,19,7,17,5,8,20,23,21,24,11,9,12],[6,18,19,5,17,7,20,10,2,14,22,23,21,8,24,9,13],[2,18,6,7,19,5,17,8,20,22,14,10,23,21,24,9,13],[10,2,22,14,18,6,7,19,17,5,8,20,21,23,24,15,11,9,12],[2,14,22,10,18,6,17,7,5,19,8,20,23,21,24,11,9,12],[2,14,22,18,10,6,7,19,5,17,8,20,23,21,24,12,9,11],[2,14,6,18,5,17,7,19,20,22,10,23,21,24,8,9,15],[18,6,7,17,19,5,20,22,2,14,10,21,23,8,24,15,9],[6,18,17,7,5,19,8,20,22,14,10,2,21,23,24,15,11,9,12],[6,2,18,5,17,19,7,8,20,22,10,14,23,21,24,9,16,4],[10,22,2,14,6,18,19,5,17,7,8,20,23,21,24,12,9,11],[2,6,14,10,22,18,17,7,19,5,8,20,21,23,24,9,16,15],[22,10,2,6,14,18,7,17,19,5,20,21,23,24,8,9,15],[14,2,10,22,6,18,5,19,17,7,8,20,23,21,24,9,13],[14,18,9,22,2,6,19,5,7,17,8,20,23,21,24,10,15],[14,2,6,10,22,18,7,19,5,17,20,21,23,8,24,11,9,12],[22,2,18,10,14,6,19,5,7,17,8,20,23,21,24,15,12,9,11],[18,10,6,19,5,7,14,17,20,22,2,21,23,8,24,11,9,12],[10,18,14,22,6,17,7,19,5,8,20,2,24,21,23,12,9,11],[14,2,6,22,10,18,17,5,19,7,8,20,24,21,23,15,11,9,12],[14,2,6,18,7,19,5,17,20,22,10,21,23,24,8,15,11,9,12],[22,18,14,2,10,6,19,7,17,5,8,20,21,23,24,9,15],[22,14,2,10,18,6,17,5,19,7,8,20,21,23,24,11,9,12],[10,18,14,22,6,19,7,5,17,20,2,21,23,24,8,12,9,11],[6,18,19,7,5,10,2,14,17,8,20,22,23,21,24,11,9,12],[2,22,6,18,7,17,5,19,20,14,10,23,21,8,24,16,11,9,12],[18,14,2,6,7,17,19,5,20,10,22,21,23,8,24,11,9,12],[6,10,14,22,2,18,19,7,17,5,8,20,21,23,24,15,9],[22,14,6,10,2,18,7,19,17,5,8,20,21,23,24,12,11,9],[22,10,18,14,6,17,7,19,5,20,2,21,23,24,8,12,9,11],[14,22,18,10,2,6,7,19,17,5,8,20,21,23,24,11,9,12],[10,6,22,18,13,7,17,19,5,8,20,2,23,21,24,9,14],[14,18,2,6,17,22,7,19,5,20,10,23,21,8,24,13,11,9,12],[14,10,18,2,6,17,7,19,5,8,20,22,21,23,24,9,15],[18,22,2,13,10,6,19,7,5,17,20,23,21,24,8,11,9,12],[18,13,2,6,7,19,17,5,8,20,10,22,23,21,24,9,15],[18,10,22,6,5,19,17,7,20,14,2,23,21,24,8,9,15],[18,14,22,2,6,7,17,5,19,8,20,10,23,21,24,16,9,15],[10,18,22,14,3,6,7,17,5,19,20,23,21,8,24,12,9,11,13],[14,6,2,18,7,17,5,19,20,22,10,23,21,24,8,11,9,12],[18,6,5,19,7,17,8,20,10,23,22,21,24,2,14,9,15],[10,22,2,6,18,5,19,7,14,17,8,20,21,23,24,13,9],[6,18,17,14,5,19,7,8,20,22,2,10,21,23,24,9,16,13],[22,14,18,2,6,5,19,17,7,8,20,11,10,9,12,21,23,24],[10,2,18,13,6,19,7,5,17,8,20,22,21,23,24,9,14],[6,2,18,17,5,19,7,20,14,10,22,23,21,8,24,11,9,12],[6,2,10,14,18,7,17,5,19,20,22,21,23,24,8,11,9,12],[2,6,14,18,19,5,7,10,17,8,20,22,21,23,24,13,12,11,9],[22,18,2,10,14,6,5,17,7,19,8,20,21,23,24,9,4,16],[6,22,2,18,7,19,17,5,8,20,10,14,21,23,24,13,9],[14,22,2,6,10,18,5,19,7,17,8,20,21,23,24,13,11,9,12],[14,6,18,19,7,17,5,8,20,10,22,2,23,21,24,9,15],[22,6,10,2,14,18,7,19,17,5,20,21,23,24,8,12,11,9],[6,18,5,19,17,7,20,22,10,14,2,23,21,24,8,13,12,9,11],[14,6,10,22,2,18,17,5,19,7,8,20,21,23,24,11,9,12],[22,14,2,18,6,19,7,17,5,20,10,21,23,24,8,11,9,12],[14,2,22,6,10,18,7,19,5,17,8,20,23,21,24,12,9,11],[2,22,6,10,18,5,17,7,19,8,20,14,21,23,24,11,9,12],[6,22,18,17,8,5,19,7,20,2,10,14,21,23,24,12,11,9],[2,22,18,14,6,19,5,7,10,17,20,23,21,8,24,12,9,11],[2,6,14,22,18,19,5,17,7,20,10,21,23,8,24,11,9,12],[2,10,22,14,6,18,17,5,19,7,20,21,23,24,8,11,9,12],[22,10,2,6,18,5,17,19,7,20,14,21,23,8,24,9,16,3],[10,22,18,6,17,7,5,19,8,20,14,2,21,23,24,15,11,9,12],[10,22,6,2,14,18,19,7,17,5,8,20,23,21,24,12,9,11],[2,18,22,6,19,7,5,10,17,20,14,23,21,8,24,16,11,9,12],[22,14,6,18,8,17,19,5,7,20,10,3,21,23,24,12,9,11,13],[14,18,6,7,19,5,22,17,8,20,10,2,21,23,24,9,13],[14,10,22,18,2,6,17,7,5,19,8,20,21,23,24,13,11,9,12],[2,10,6,14,18,19,7,17,5,8,20,22,23,21,24,15,11,9,12],[14,10,2,6,22,18,5,19,7,17,8,20,21,23,24,11,9,12],[22,10,2,14,18,6,17,5,7,19,20,21,23,24,8,12,11,9],[18,22,10,6,17,7,19,5,8,20,2,14,21,23,24,9,13],[6,14,10,2,18,19,7,17,5,20,22,23,21,24,8,12,11,9],[10,6,18,17,3,7,5,19,8,20,14,22,21,23,24,11,9,12,15],[10,6,18,19,5,7,15,22,17,8,20,2,23,21,24,13,12,11,9],[2,22,14,6,18,17,5,19,7,8,20,10,23,21,24,11,9,12],[2,18,14,6,5,19,17,7,8,20,22,10,21,23,24,9,15],[10,18,6,17,7,19,5,20,14,2,22,23,21,24,8,15,9],[14,18,6,7,17,19,5,8,20,22,3,10,23,21,24,16,11,9,12],[22,2,14,18,10,6,5,19,17,7,8,20,21,23,24,13,9],[22,2,10,6,14,18,7,19,17,5,20,23,21,8,24,15,12,9,11],[10,2,18,22,14,6,7,19,17,5,8,20,23,21,24,13,11,9,12],[6,10,14,22,2,18,7,17,19,5,8,20,21,23,24,9,13],[22,14,2,18,10,6,5,19,17,7,20,23,21,8,24,15,12,9,11],[6,18,7,19,17,5,8,20,10,2,22,14,23,21,24,12,9,11],[14,18,22,2,6,7,17,19,5,8,20,10,23,21,24,13,9],[2,6,22,18,5,19,7,10,17,20,14,23,21,24,8,12,9,11],[2,18,5,6,19,17,7,20,10,22,14,23,21,8,24,13,9],[22,10,2,18,7,6,19,17,5,20,14,23,21,8,24,12,11,9],[10,22,2,6,18,19,5,7,14,17,20,21,23,24,8,16,9,12,11],[18,6,17,10,5,19,7,8,20,22,14,2,21,23,24,13,12,9,11],[2,10,14,18,6,7,17,5,19,20,22,21,23,24,8,13,11,9,12],[10,18,22,14,6,5,19,7,17,20,2,21,23,24,8,11,9,12],[14,10,18,6,7,17,19,5,8,20,2,23,22,21,24,13,11,9,12],[10,18,6,5,17,7,19,8,20,23,22,21,24,1,2,14,11,9,12],[22,2,14,10,18,6,19,5,17,7,20,21,23,24,8,15,11,9,12],[18,10,14,2,6,5,19,7,17,8,20,22,23,21,24,9,15],[6,2,18,19,7,17,5,8,20,10,22,14,21,23,24,9,13],[22,18,14,2,6,17,7,5,19,20,10,21,23,24,8,15,11,9,12],[6,14,18,7,19,17,5,20,2,10,22,23,21,8,24,11,9,12],[14,18,10,2,22,6,17,5,7,19,8,20,23,21,24,11,9,12],[14,22,10,18,2,6,7,19,5,17,20,21,23,24,8,9,15],[6,2,14,18,19,5,7,10,22,17,20,21,23,8,24,9,13],[18,10,22,6,19,5,7,2,17,20,14,24,23,21,8,9,13],[10,6,14,2,18,8,17,19,7,5,20,22,23,21,24,12,9,11],[10,2,18,22,6,19,7,17,5,20,14,23,21,8,24,16,11,9,12],[22,6,2,10,14,18,17,7,5,19,8,20,23,21,24,15,9],[18,10,6,5,17,7,19,20,14,22,2,24,21,23,8,13,9],[10,2,18,6,17,5,7,19,8,20,22,14,21,23,24,13,11,9,12],[22,14,10,6,2,18,17,7,5,19,8,20,23,21,24,9,15],[14,22,6,2,18,19,5,17,7,20,10,21,23,8,24,12,9,11],[2,18,6,19,5,17,7,20,10,22,14,23,21,24,8,1,9,16,4],[10,6,22,18,19,7,17,5,8,20,2,14,21,23,24,13,11,9,12],[2,18,14,22,6,7,17,19,5,8,20,10,23,21,24,12,11,9],[10,14,18,22,2,6,7,17,19,5,20,23,21,8,24,9,16,15],[6,14,22,2,18,5,17,19,7,20,10,21,23,8,24,12,11,9],[2,6,22,10,14,18,5,17,19,7,8,20,21,23,24,12,9,11],[2,6,10,22,14,18,19,7,5,17,8,20,21,23,24,13,11,9,12],[2,6,22,14,18,19,7,5,10,17,20,23,21,8,24,11,9,12],[18,10,2,22,6,19,7,5,14,17,20,23,21,24,8,11,9,12],[18,2,22,14,10,6,17,7,5,19,20,21,23,24,8,9,16,13],[18,10,2,14,6,7,19,5,17,20,22,21,23,8,24,12,9,11],[2,14,18,10,6,7,17,19,5,20,22,21,23,24,8,11,9,12],[2,18,22,10,14,6,17,5,7,19,20,23,21,24,8,11,9,12],[10,2,22,14,18,6,17,7,19,5,8,20,21,23,24,15,11,9,12],[14,2,6,10,22,18,7,17,19,5,8,20,23,21,24,15,9],[18,14,2,6,7,19,17,5,8,20,21,22,10,23,24,9,13],[2,10,22,14,6,18,19,5,7,17,20,21,23,8,24,15,11,9,12],[22,18,2,14,10,6,5,17,7,19,20,23,21,8,24,11,9,12],[18,6,17,7,5,19,8,20,22,2,10,14,23,21,24,12,11,9],[10,14,22,2,6,18,17,5,7,19,20,24,21,23,8,9,13],[18,22,3,10,6,19,7,17,5,8,20,14,23,21,24,11,9,12,1,2],[6,18,5,17,7,19,8,20,10,2,23,22,21,24,13,11,9,12],[22,10,2,18,6,17,14,5,19,7,8,20,21,23,24,9,15],[2,6,10,14,22,18,7,17,5,19,8,20,21,23,24,12,11,9],[10,2,6,14,22,18,5,17,7,19,20,21,23,24,8,11,9,12],[22,14,18,2,6,5,19,7,17,8,20,10,23,21,24,13,9],[14,10,2,18,6,7,19,17,5,8,20,22,21,23,24,12,11,9],[18,6,5,17,7,19,20,3,10,22,14,23,21,8,24,16,9,4,1,2],[14,10,18,6,7,17,5,19,20,2,22,21,23,24,8,11,9,12],[18,2,22,10,6,17,7,5,19,20,14,21,23,8,24,11,9,12],[10,18,5,6,19,17,7,8,20,22,14,2,23,21,24,13,11,9,12],[22,6,10,18,5,19,7,2,14,17,8,20,21,23,24,11,9,12],[14,6,10,2,22,18,17,5,7,19,8,20,21,23,24,13,11,9,12],[18,22,2,10,14,6,19,7,17,5,20,23,21,8,24,9,13],[22,14,6,18,17,10,7,19,5,20,2,23,21,8,24,12,9,11],[6,2,22,10,18,17,5,7,19,8,20,14,21,23,24,15,9],[10,18,2,6,7,17,19,5,20,22,14,21,23,24,8,11,9,12],[22,10,2,18,14,6,5,19,17,7,8,20,21,23,24,13,9],[14,18,2,6,19,5,7,10,17,8,20,22,23,21,24,12,11,9],[6,14,22,18,17,7,5,19,20,10,2,23,21,8,24,9,15],[18,10,22,6,19,5,17,7,8,20,2,14,21,23,24,13,12,11,9],[6,2,22,18,19,7,17,5,8,20,14,10,21,23,24,9,16,12,11],[18,6,5,17,19,7,8,20,14,22,10,2,23,21,24,16,11,9,12],[18,21,22,6,17,5,19,7,20,2,14,10,23,8,24,11,9,12],[2,22,14,6,10,18,19,7,5,17,8,20,23,21,24,9,15],[6,2,14,10,22,18,5,19,7,17,20,23,21,8,24,16,11,9,12],[10,18,22,6,5,17,7,19,20,2,14,21,23,24,8,11,9,12],[18,14,22,10,6,19,7,5,17,20,3,23,21,8,24,9,15,4,2],[6,10,18,7,17,19,5,8,20,2,14,22,21,23,24,13,9],[18,14,22,2,10,5,6,17,19,7,8,20,21,23,24,9,13],[2,6,14,10,18,7,17,19,5,20,22,21,23,8,24,9,15],[22,14,10,2,6,18,7,19,5,17,20,21,23,8,24,12,11,9],[10,22,18,14,7,6,19,17,5,8,20,2,21,23,24,13,12,9,11],[14,2,6,18,5,19,17,7,20,22,10,23,21,8,24,12,11,9],[6,2,22,18,17,5,7,19,20,14,10,23,21,8,24,9,15],[6,2,22,14,10,18,7,17,19,5,20,21,23,8,24,11,9,12],[14,10,6,22,18,19,5,7,2,17,20,24,21,23,8,13,9],[6,2,18,5,17,7,19,20,14,10,22,24,23,21,8,9,15],[22,10,2,6,14,18,5,19,7,17,20,21,23,24,8,13,12,9,11],[22,14,10,2,6,18,7,17,5,19,8,20,21,23,24,9,15],[18,14,10,6,5,19,17,7,8,20,22,2,23,21,24,11,9,12],[10,14,6,22,2,18,17,7,19,5,8,20,21,23,24,15,11,9,12],[18,2,22,6,17,14,5,7,19,8,20,10,21,23,24,9,15],[10,2,18,6,17,5,19,7,20,14,22,21,23,24,8,11,9,12],[14,2,6,18,17,5,7,19,8,20,10,22,23,21,24,12,11,9],[6,2,14,22,10,18,5,19,7,17,20,21,24,23,8,15,12,11,9],[18,14,22,6,17,2,7,19,5,20,10,21,23,24,8,13,12,11,9],[2,14,22,10,6,18,7,19,17,5,8,20,23,21,24,15,11,9,12],[14,10,18,5,6,17,19,7,8,20,22,2,23,21,24,9,13],[22,6,14,10,2,18,17,7,5,19,20,21,23,24,8,16,11,9,12],[22,10,14,2,6,18,7,17,5,19,20,21,23,8,24,12,9,11],[6,14,22,10,2,18,19,5,17,7,8,20,24,21,23,9,15],[10,14,22,6,2,18,7,19,5,17,8,20,21,23,24,11,9,12],[2,10,6,22,14,18,5,17,7,19,8,20,21,23,24,11,9,12],[14,18,22,2,10,6,17,5,19,7,8,20,23,21,24,16,12,11,9],[2,22,6,18,17,10,5,19,7,20,14,23,21,8,24,9,13],[2,6,14,10,22,18,19,5,17,7,20,21,23,8,24,9,15],[14,6,10,18,7,19,17,5,8,20,22,2,23,21,24,11,9,12],[14,18,2,6,7,19,5,10,22,17,8,20,21,23,24,16,12,9,11],[10,18,6,7,17,19,5,8,20,14,2,22,23,21,24,9,16,12,11],[2,6,18,5,19,7,17,20,14,22,10,21,23,8,24,9,13],[6,18,7,17,5,19,20,22,14,2,10,23,21,24,8,12,11,9],[10,6,14,2,18,17,5,7,19,8,20,22,23,21,24,13,9],[22,14,18,1,2,6,7,17,5,19,20,10,21,23,24,8,13,11,9,12],[2,18,22,6,7,17,19,5,8,20,14,9,23,21,24,10,15],[22,2,10,18,6,7,17,19,5,8,20,14,21,23,24,15,9],[14,22,18,6,7,19,5,2,17,8,20,10,21,23,24,12,9,11],[10,14,2,18,22,6,19,5,17,7,8,20,21,23,24,11,9,12],[2,18,14,10,6,5,19,17,7,8,20,22,21,23,24,9,13],[14,10,22,2,6,18,19,5,17,7,20,23,21,24,8,11,9,12],[18,10,2,6,19,5,17,7,8,20,14,22,23,21,24,16,9,13],[22,2,14,10,6,18,17,5,19,7,8,20,23,21,24,13,12,9,11],[22,18,3,10,14,6,5,19,7,17,8,20,21,23,24,9,2,15],[10,18,22,6,17,7,5,19,20,2,14,21,23,24,8,11,9,12],[6,14,10,18,5,17,19,7,8,20,2,22,21,23,24,9,13],[14,10,18,6,7,19,5,22,2,17,20,23,21,8,24,11,9,12],[14,18,6,17,5,19,7,8,20,2,22,10,21,24,23,15,11,9,12],[6,2,14,22,18,7,17,19,5,20,10,21,23,8,24,13,12,9,11],[6,22,2,18,19,7,5,17,20,10,14,23,21,24,8,9,15],[2,22,6,10,18,19,5,7,17,8,20,14,23,21,24,15,11,9,12],[22,6,18,5,17,7,19,8,20,14,2,10,21,23,24,13,9],[18,22,6,7,17,19,5,8,20,10,14,2,21,23,24,9,16,4],[2,22,10,18,6,5,17,7,19,20,14,23,21,24,8,15,11,9,12],[22,6,18,17,7,5,19,20,10,14,2,21,23,24,8,16,9,3],[10,22,6,14,2,18,19,7,17,5,20,24,21,23,8,13,9],[6,2,14,22,18,5,17,7,19,8,20,10,23,21,24,12,9,11],[18,2,22,14,10,6,7,19,5,17,20,23,21,8,24,13,11,9,12],[10,14,6,22,2,18,5,19,17,7,8,20,23,21,24,12,11,9],[22,10,6,18,19,7,17,5,8,20,14,1,2,23,21,24,16,11,9,12],[6,14,18,17,5,7,19,8,20,10,2,22,21,23,24,15,11,9,12],[6,22,18,5,19,7,14,17,8,20,10,2,21,23,24,16,9],[14,10,18,22,6,17,8,5,19,7,20,2,24,21,23,11,9,12],[22,18,6,5,19,17,7,20,10,14,2,23,21,24,8,11,9,12],[6,14,10,22,18,17,5,7,19,20,2,21,23,24,8,15,12,9,11],[2,18,14,22,10,6,17,7,19,5,8,20,23,21,24,12,9,11],[14,18,10,2,22,6,5,17,7,19,20,21,23,8,24,9,16,13],[14,22,6,10,18,17,7,5,19,20,2,23,21,8,24,13,11,9,12],[10,18,22,14,6,19,5,17,7,8,20,2,23,21,24,15,9],[6,18,7,17,19,5,20,14,22,2,10,21,23,8,24,11,9,12],[18,6,5,19,17,7,20,22,10,14,2,23,21,8,24,11,9,12],[2,10,18,14,6,19,5,7,22,17,8,20,23,24,21,16,13,11,9,12],[2,18,14,10,22,6,17,5,19,7,8,20,21,23,24,9,13],[22,18,6,17,2,7,5,19,8,20,10,14,21,23,24,9,13],[22,6,18,19,7,5,17,20,2,14,10,21,23,8,24,9,13],[14,6,22,2,10,18,17,5,7,19,20,21,23,24,8,11,9,12],[6,2,22,18,5,19,7,10,14,17,8,20,23,21,24,11,9,12],[10,18,6,5,17,19,7,8,20,14,2,22,21,23,24,9,15],[22,6,10,18,17,14,8,7,19,5,20,2,21,23,24,16,12,11,9],[10,6,18,5,17,19,7,20,2,14,21,22,23,8,24,9,16,4],[14,6,10,22,18,7,19,5,2,17,8,20,21,23,24,12,9,11],[10,14,18,6,19,7,5,17,8,20,22,2,23,21,24,9,15],[6,22,2,18,17,10,7,5,19,8,20,14,21,23,24,11,9,12],[6,10,2,14,18,7,17,5,19,20,22,23,21,24,8,11,9,12],[18,9,14,22,6,7,19,17,5,8,20,2,24,23,21,11,10,12],[18,2,14,10,8,6,17,5,19,7,20,22,24,23,21,13,9],[6,14,2,18,5,17,19,7,8,20,10,22,21,23,24,9,13],[2,10,18,22,15,6,7,17,19,5,8,20,23,21,24,16,11,9,12],[18,5,6,19,7,17,8,20,10,22,2,14,21,23,24,15,12,9,11],[18,2,10,14,6,7,17,19,5,8,20,22,23,21,24,11,9,12],[22,18,2,11,10,17,9,15,6,7,5,19,8,20,12,23,21,24],[14,2,22,10,6,18,5,19,7,17,8,20,21,23,24,15,9],[6,10,2,18,7,17,19,5,20,22,14,21,23,8,24,11,9,12],[18,13,2,10,23,22,19,17,21,20,6,7,5,8,24,12,9,11],[18,22,6,8,19,7,17,5,20,10,2,14,23,21,24,16,12,9,11],[22,18,14,9,2,6,7,17,19,5,20,23,21,8,24,11,10,12],[6,22,2,18,17,10,5,19,7,8,20,14,23,21,24,15,9],[2,14,10,6,18,17,5,19,7,8,20,22,23,21,24,9,13],[22,18,14,10,6,17,7,19,5,20,2,23,21,24,8,15,12,9,11],[6,14,18,7,17,19,5,8,20,22,10,2,21,23,24,15,12,9,11],[2,10,18,14,6,17,7,19,5,8,20,22,23,21,24,12,11,9],[18,22,14,6,5,17,19,7,8,20,2,10,21,23,24,11,9,12],[18,22,6,5,17,7,19,8,20,10,14,2,21,23,24,13,9],[22,18,6,17,5,19,7,20,10,1,2,14,23,21,8,24,16,11,9,12],[2,18,10,13,6,7,19,5,17,20,22,21,23,8,24,15,9],[22,6,14,2,18,7,19,17,5,8,20,10,23,21,24,16,9,4],[22,2,14,6,10,18,19,5,17,7,8,20,23,21,24,13,12,9,11],[2,10,14,18,6,17,7,19,5,8,20,22,23,21,24,9,13],[18,6,17,7,19,5,8,20,22,2,10,14,23,21,24,11,9,12],[22,6,14,10,18,17,5,19,7,20,2,21,23,24,8,9,13],[2,18,22,6,5,17,19,7,20,10,14,23,21,24,8,11,9,12],[10,22,6,14,18,19,7,5,17,8,20,2,21,23,24,12,9,11],[2,18,6,5,19,7,17,20,14,22,10,23,21,24,8,15,12,11,9],[6,14,22,18,7,17,19,5,8,20,2,10,21,23,24,13,9],[14,2,18,10,22,6,17,7,5,19,20,23,21,24,8,12,9,11],[6,18,5,17,7,19,20,22,2,14,10,23,21,24,8,9,15],[22,6,14,10,2,18,19,5,17,7,20,21,23,24,8,16,12,9,11],[18,14,22,6,5,17,19,7,20,10,2,21,23,24,8,11,9,12],[10,6,2,14,18,5,19,7,17,8,20,22,23,21,24,15,11,9,12],[6,22,14,2,18,19,7,17,5,20,10,23,21,8,24,11,9,12],[2,14,18,22,6,19,5,17,7,20,10,23,21,24,8,16,11,9,12],[2,22,6,14,18,7,19,5,17,20,10,21,23,24,8,12,11,9],[18,10,22,2,6,7,19,17,5,20,14,23,21,8,24,12,11,9],[6,14,2,18,7,17,19,5,8,20,10,22,23,21,24,13,12,11,9],[2,18,14,6,17,7,19,5,8,20,10,22,21,23,24,9,15],[2,6,14,10,22,18,19,5,7,17,20,21,23,24,8,12,11,9],[14,6,10,22,18,5,19,7,17,8,20,2,23,21,24,11,9,12],[14,6,2,22,10,18,5,19,17,7,20,23,21,24,8,9,16,3],[14,6,10,22,18,7,19,5,2,17,20,21,23,24,8,13,9],[6,18,19,7,17,5,8,20,14,2,10,22,23,21,24,13,9],[6,10,2,14,22,18,17,7,5,19,20,23,21,24,8,11,9,12],[18,22,2,7,6,19,5,14,17,20,10,23,21,24,8,16,11,9,12],[22,18,2,11,10,19,17,9,12,13,7,6,5,8,20,24,23,21],[18,6,17,14,5,7,19,8,20,22,2,10,23,21,24,11,9,12],[2,10,14,6,22,18,17,8,5,19,7,20,23,21,24,16,12,11,9],[22,6,10,2,18,19,5,17,7,8,20,14,23,21,24,11,9,12],[10,2,6,18,7,19,17,5,8,20,22,14,23,21,24,16,11,9,12],[18,22,6,7,19,17,5,20,10,14,2,21,23,24,8,11,9,12],[14,10,22,2,6,18,19,7,17,5,20,21,23,24,8,9,16,12,11],[14,6,18,5,19,17,7,20,22,10,2,23,21,24,8,9,16,4],[6,22,14,18,5,19,17,7,8,20,2,10,21,23,24,13,9],[6,22,14,18,5,17,19,7,20,2,10,21,23,8,24,9,13],[2,10,18,6,19,5,7,17,8,20,14,22,23,21,24,9,13],[10,6,14,22,2,18,5,17,19,7,20,23,21,8,24,12,11,9],[18,14,10,6,5,17,7,19,20,2,22,24,21,23,8,9,15],[14,18,10,6,7,19,5,2,17,8,20,22,23,21,24,12,11,9],[18,14,10,22,6,7,17,5,19,20,2,21,23,8,24,15,12,11,9],[2,6,14,22,10,18,7,19,17,5,8,20,21,23,24,11,9,12],[14,2,22,6,18,19,5,7,17,8,20,10,23,21,24,16,11,9,12],[6,14,2,10,18,7,19,5,17,20,22,23,21,8,24,11,9,12],[10,2,6,14,22,18,19,5,17,7,20,21,23,8,24,15,9],[22,18,14,10,6,19,5,17,7,20,2,24,23,21,8,15,9],[14,10,18,22,6,19,7,17,5,20,2,23,21,24,8,9,13],[10,22,18,6,5,19,7,2,17,8,20,14,21,23,24,16,11,9,12],[10,2,6,22,14,18,5,17,7,19,20,21,23,8,24,11,9,12],[14,10,18,22,2,6,5,19,17,7,8,20,23,21,24,13,11,9,12],[18,22,6,5,19,17,7,20,15,2,10,23,21,8,24,13,9],[2,6,18,5,19,17,7,8,20,22,14,10,21,23,24,9,15],[10,22,2,18,6,5,17,19,7,8,20,14,23,21,24,13,12,11,9],[14,10,6,18,19,5,17,7,20,22,2,21,23,24,8,11,9,12],[14,10,18,2,22,6,17,7,19,5,8,20,23,21,24,16,11,9,12],[22,6,2,18,17,5,19,7,8,20,10,14,23,21,24,11,9,12],[22,14,2,18,6,5,19,7,17,20,10,23,21,8,24,11,9,12],[18,10,7,6,19,17,5,8,20,14,22,2,23,21,24,11,9,12],[10,22,2,6,18,17,14,7,19,5,8,20,21,23,24,13,11,9,12],[2,18,10,6,7,17,19,5,8,20,22,14,21,23,24,9,15],[6,14,2,10,18,17,7,19,5,20,22,21,23,24,8,9,13],[14,10,22,18,6,5,17,7,19,20,3,23,21,8,24,12,9,11,1,4],[14,18,10,2,6,5,17,19,7,20,22,23,21,24,8,12,11,9],[14,2,6,22,10,18,5,17,19,7,20,23,21,24,8,12,9,11],[2,14,18,22,6,19,7,17,5,20,10,21,23,8,24,12,11,9],[10,2,6,18,19,5,7,17,8,20,22,13,21,23,24,14,12,9,11],[22,2,18,6,5,17,19,7,8,20,14,10,21,23,24,11,9,12],[2,10,18,23,22,17,21,19,24,20,14,6,7,5,8,12,9,11],[14,2,6,18,19,5,7,10,17,8,20,22,21,23,24,11,9,12],[2,6,14,10,18,7,17,5,19,20,22,23,21,8,24,13,11,9,12],[22,10,6,14,2,18,19,5,17,7,20,21,23,24,8,11,9,12],[10,14,6,22,2,18,19,5,7,17,8,20,21,23,24,13,9],[18,10,6,19,5,17,7,20,2,22,14,21,23,8,24,13,9],[2,6,14,18,7,17,19,5,20,22,10,21,23,24,8,9,15],[2,18,14,10,22,7,6,19,5,17,8,20,23,21,24,15,11,9,12],[6,2,18,19,7,17,5,20,10,14,22,21,23,8,24,12,9,11],[10,22,6,18,17,7,5,19,8,20,2,14,23,21,24,9,13],[22,6,10,2,14,18,19,7,5,17,20,23,21,8,24,9,15],[2,6,18,5,19,17,7,20,10,22,14,21,23,8,24,11,9,12],[10,14,6,18,7,19,5,17,20,22,2,21,23,8,24,13,9],[2,22,14,18,6,19,5,7,17,8,20,10,21,23,24,16,9,13],[6,14,18,5,19,17,7,8,20,22,2,10,21,23,24,11,9,12],[14,22,18,4,2,6,7,17,5,19,20,10,23,21,8,24,9,15],[14,6,10,18,19,7,5,22,17,8,20,2,21,23,24,11,9,12],[6,14,10,22,18,19,5,7,17,20,2,21,23,8,24,16,9,13],[22,10,2,18,14,6,19,7,5,17,8,20,23,21,24,11,9,12],[10,6,2,22,14,18,19,7,17,5,8,20,23,21,24,11,9,12],[18,2,23,22,19,17,21,24,20,15,6,7,5,8,11,10,9,12],[6,18,19,5,17,7,20,14,22,2,10,21,23,24,8,9,15],[14,2,10,18,6,5,17,7,19,20,22,23,21,24,8,9,13],[18,10,14,21,22,2,6,7,17,5,19,20,23,24,8,13,9],[6,22,2,14,10,18,5,17,19,7,20,23,21,8,24,9,15],[14,22,2,10,6,18,19,5,7,17,20,23,21,8,24,12,9,11],[10,2,6,14,18,7,19,17,5,20,22,23,21,8,24,9,16,15],[22,6,18,5,17,7,19,20,10,14,2,23,21,8,24,9,15],[10,2,14,22,18,6,19,7,17,5,20,23,21,24,8,9,15],[14,22,2,18,10,6,19,7,5,17,20,23,21,8,24,12,11,9],[6,14,2,22,10,18,17,5,19,7,20,21,23,24,8,15,9],[10,2,22,6,18,7,19,5,17,8,20,14,24,21,23,13,12,9,11],[14,2,6,18,19,7,17,5,8,20,22,11,10,9,12,24,23,21],[6,2,14,10,22,18,5,17,7,19,20,21,23,24,8,13,11,9,12],[6,14,22,2,18,19,7,5,10,17,8,20,21,23,24,12,11,9],[14,18,1,2,22,6,17,10,7,19,5,8,20,21,23,24,12,11,9],[14,22,2,10,18,7,6,19,5,17,8,20,23,21,24,13,9],[18,6,7,19,5,17,20,2,14,22,10,21,23,24,8,11,9,12],[6,18,5,19,7,17,8,20,10,1,2,14,22,23,21,24,16,12,11,9],[2,10,6,14,18,17,5,7,19,20,22,23,21,24,8,13,11,9,12],[18,2,6,7,19,5,14,10,22,17,8,20,21,23,24,13,12,9,11],[22,18,14,10,2,6,19,7,17,5,20,23,21,24,8,11,9,12],[6,10,14,18,17,22,7,19,5,20,2,23,21,24,8,9,16,4],[22,10,18,5,19,6,17,7,8,20,14,2,23,21,24,15,9],[10,22,6,2,14,18,5,19,17,7,20,23,21,8,24,9,15],[6,22,14,2,10,18,5,19,7,17,20,23,21,24,8,12,9,11],[10,18,2,14,6,17,22,5,19,7,8,20,23,21,24,11,9,12],[22,18,2,7,6,17,5,19,20,14,10,21,23,8,24,9,16,11,12],[2,14,22,18,6,5,19,17,7,8,20,10,21,23,24,15,11,9,12],[22,18,2,14,10,6,17,5,7,19,8,20,23,21,24,11,9,12],[22,18,2,6,17,7,5,19,20,10,14,24,23,21,8,11,9,12],[10,2,18,22,14,6,17,5,7,19,20,23,21,8,24,9,16,12,11],[14,6,10,2,22,18,7,17,19,5,8,20,23,21,24,9,16,3],[6,14,10,22,2,18,19,5,7,17,20,23,21,8,24,13,12,11,9],[10,18,2,22,6,17,7,19,5,8,20,14,23,21,24,13,11,9,12],[18,14,22,6,19,7,17,5,20,2,10,21,23,8,24,13,11,9,12],[10,2,22,18,13,6,7,17,5,19,20,23,21,8,24,9,14],[22,14,18,6,17,7,5,19,20,2,9,23,21,24,8,10,13],[18,14,22,10,6,7,19,17,5,8,20,2,21,23,24,11,9,12],[18,2,22,10,6,17,5,19,7,20,14,23,21,8,24,11,9,12],[10,6,2,22,18,5,17,19,7,8,20,14,23,21,24,15,11,9,12],[18,1,2,10,14,6,19,5,17,7,8,20,22,23,21,24,9,15,3],[2,22,14,10,18,6,7,19,5,17,20,23,21,24,8,11,12,9],[2,10,6,18,17,5,7,19,8,20,22,14,21,23,24,9,13],[2,14,6,18,19,7,17,5,20,10,22,21,23,24,8,16,11,9,12],[18,23,22,17,21,19,20,2,14,6,5,7,8,24,9,10,16,4],[14,10,18,2,22,6,19,7,5,17,20,23,21,24,8,13,9],[10,14,2,6,22,18,19,7,5,17,8,20,23,21,24,11,9,12],[6,18,7,17,19,5,20,2,10,14,22,21,23,8,24,15,11,9,12],[2,6,10,18,17,5,19,7,20,22,14,24,21,23,8,13,9],[6,14,18,19,5,17,7,8,20,10,23,22,21,24,2,9,13],[22,2,14,18,6,19,5,17,7,20,10,21,23,24,8,9,16,11,12],[6,10,2,14,22,18,5,19,7,17,8,20,23,21,24,9,13],[14,6,2,22,18,19,7,17,5,20,10,21,23,24,8,12,11,9],[10,2,14,18,22,6,7,19,5,17,8,20,21,23,24,15,9],[22,14,18,6,7,19,5,17,20,10,2,21,23,24,8,16,12,9,11],[2,10,14,18,22,6,7,17,5,19,8,20,24,21,23,16,9,11,12],[2,10,18,6,5,19,7,22,17,20,14,23,21,24,8,9,15],[2,10,14,18,6,19,5,17,7,20,22,21,23,8,24,11,9,12],[2,14,22,10,18,5,6,17,19,7,8,20,23,21,24,13,9],[2,22,14,18,6,19,7,17,5,8,20,10,23,21,24,13,11,9,12],[18,6,5,19,17,7,8,20,2,10,14,22,23,21,24,11,9,12],[2,10,18,22,6,19,7,5,14,17,8,20,24,21,23,9,16,12,11],[2,10,18,22,6,17,5,7,19,8,20,14,21,23,24,16,11,9,12],[6,14,10,2,18,5,17,7,19,20,22,23,21,8,24,11,9,12],[2,6,14,10,22,18,5,17,19,7,8,20,23,21,24,13,9],[22,2,18,14,6,19,7,17,5,20,10,21,23,24,8,11,9,12],[2,10,14,6,22,18,7,17,19,5,8,20,23,21,24,12,11,9],[14,18,6,19,5,7,17,20,10,22,2,23,21,8,24,11,9,12],[6,2,18,17,7,19,5,8,20,22,14,10,21,23,24,9,15],[10,18,2,14,6,19,5,7,22,17,20,23,21,8,24,11,9,12],[14,6,10,2,22,18,7,19,17,5,20,24,21,23,8,15,12,11,9],[10,22,2,14,18,6,7,17,19,5,8,20,23,21,24,11,9,12],[2,6,14,10,22,18,5,19,7,17,20,23,21,24,8,9,13],[14,6,18,17,7,5,19,20,2,22,10,23,21,8,24,13,11,9,12],[14,6,18,17,7,19,5,20,22,2,10,21,23,8,24,9,13],[2,10,14,22,6,18,7,19,17,5,20,23,21,24,8,9,15],[22,10,18,6,19,7,17,5,8,20,2,14,21,23,24,11,9,12],[10,18,22,6,5,19,7,17,20,14,2,23,21,24,8,9,16,1,11,12],[6,18,7,17,19,5,8,20,10,22,14,2,21,23,24,15,9],[10,6,2,18,19,5,7,13,22,17,20,23,21,8,24,12,9,11],[14,6,18,5,19,17,7,20,2,10,22,23,21,24,8,16,9,11,12],[10,2,6,18,7,17,5,19,8,20,22,14,21,23,24,11,9,12],[2,14,18,10,22,6,17,5,7,19,8,20,23,21,24,11,9,12],[14,18,22,6,5,19,7,17,20,2,10,23,21,8,24,11,9,12],[10,6,2,22,14,18,7,17,19,5,20,21,23,8,24,13,12,11,9],[14,10,6,22,18,7,17,5,19,8,20,2,24,23,21,12,11,9],[2,10,14,18,6,7,19,17,5,8,20,22,23,21,24,9,15],[6,2,10,22,14,18,17,7,5,19,8,20,21,23,24,15,11,9,12],[14,10,22,18,6,5,19,17,7,20,2,21,23,24,8,16,12,9,11],[22,6,18,19,7,17,5,8,20,2,10,14,21,23,24,15,12,11,9],[22,2,14,6,10,18,5,17,19,7,8,20,21,23,24,12,9,11],[18,12,10,17,11,19,21,8,1,2,14,24,22,6,5,7,9,23,20],[14,22,6,2,18,5,17,19,7,8,20,10,21,23,24,11,9,12],[14,2,18,10,6,17,5,7,19,20,21,22,23,8,24,9,16,3],[10,22,2,14,6,18,17,7,5,19,20,21,23,24,8,9,13],[22,10,6,18,19,5,17,7,8,20,2,14,21,23,24,16,9,13],[6,22,2,10,18,17,7,19,5,8,20,14,23,21,24,11,9,12],[18,10,14,6,19,7,5,2,17,8,20,22,23,21,24,12,11,9],[2,18,6,19,7,17,5,8,20,11,10,9,22,14,12,23,21,24],[14,6,18,17,5,7,19,20,10,2,22,21,23,24,8,11,9,12],[6,22,14,2,10,18,19,7,17,5,20,21,23,24,8,11,9,12],[2,22,6,10,14,18,17,5,19,7,20,21,23,8,24,9,13],[14,18,6,5,17,7,19,20,10,2,21,22,23,8,24,11,9,12],[22,2,14,6,18,19,5,17,7,20,10,21,23,8,24,13,12,9,11],[22,14,10,18,6,5,19,7,2,17,20,21,23,8,24,12,9,11],[2,10,14,18,6,7,19,17,5,8,20,22,23,21,24,11,9,12],[2,18,14,10,22,6,5,19,17,7,20,21,23,24,8,11,9,12],[2,14,22,10,6,18,7,19,5,17,8,20,21,23,24,12,9,11],[10,22,2,18,14,6,17,5,19,7,8,20,23,21,24,16,11,9,12],[6,22,14,2,10,18,17,7,19,5,20,23,21,8,24,11,9,12],[2,10,18,8,6,19,7,17,5,20,22,14,21,23,24,9,13],[2,22,10,18,6,17,7,5,19,20,14,21,23,8,24,9,16,12,11],[6,14,2,18,7,17,5,19,8,20,10,22,21,23,24,11,9,12],[18,22,6,17,15,8,7,19,5,20,2,10,21,23,24,9,14],[18,10,6,17,5,19,7,20,2,14,22,23,21,8,24,13,9],[10,18,22,2,14,6,19,7,5,17,20,21,23,24,8,11,9,12],[2,10,18,14,22,6,19,7,17,5,8,20,23,21,24,12,9,11],[14,6,22,18,19,7,5,17,8,20,2,10,23,21,24,9,16,1,3],[14,6,2,10,22,18,5,17,7,19,20,21,23,8,24,15,11,9,12],[6,10,14,18,7,17,5,19,8,20,2,22,21,23,24,9,15],[18,6,5,17,7,19,8,20,10,14,22,2,23,21,24,13,9],[6,2,10,18,7,19,17,5,20,14,22,23,21,8,24,11,9,12],[18,2,14,10,6,17,22,5,7,19,8,20,23,21,24,16,11,9,12],[22,6,14,2,18,7,19,17,5,8,20,10,23,21,24,13,9],[14,2,18,6,17,10,5,7,19,8,20,22,23,21,24,15,9],[1