{"problem_id":"Sav71QoGqLuGJDo","sigma":75,"alpha":1.000,"cost":0,"probabilities":"[0.56, 0.29, 0.12, 0.03]","payoff_matrix":"[[95, -3, -18, 65, 134, -150], [55, -32, -37, 90, -171, 0], [53, -19, 44, 101, -80, 94], [-9, 33, -21, -61, -128, -28]]","uncovered":[[21,1,5,13,14,2,3,9,20,17,18],[9,13,17,1,18,2,5,21,14,15,3,16],[1,5,13,14,2,3,9,17,18,21],[5,21,17,1,18,13,14,2,15,3,9,16],[5,9,1,21,13,2,17,18,14,3],[9,13,5,21,1,2,17,18,14,3],[1,17,18,21,13,14,2,3,9,5],[5,21,9,13,1,2,17,18,14,15,3,16],[13,1,14,2,15,3,9,17,18,21,5,16],[21,9,1,17,18,5,13,2,14,3],[9,17,13,5,21,1,2,18,14,15,3,16],[1,9,21,5,13,2,17,18,14,3],[1,9,13,14,2,15,3,5,17,18,21,16],[1,13,14,2,9,21,3,17,18,5],[13,1,14,2,3,17,18,9,5,21],[17,5,1,2,18,21,9,13,14,3],[17,9,21,5,1,2,18,13,14,3],[17,9,5,1,18,13,14,2,3,21],[17,5,9,1,2,18,21,13,14,15,3,16],[21,9,1,5,17,18,13,2,14,3],[13,17,21,1,18,2,5,9,14,15,3,4,16],[9,17,21,5,1,18,13,14,2,15,3,4,16],[13,21,1,14,2,15,3,17,18,9,5,16],[1,17,2,18,9,21,13,5,14,3],[1,9,17,18,13,14,2,3,21,5],[21,1,5,17,2,18,13,9,14,3],[5,1,13,14,2,15,3,16,17,18,9,21],[17,5,1,2,18,13,9,21,14,15,3,4,16],[13,1,2,17,18,9,5,21,14,15,3,4,16],[5,9,21,17,13,1,18,2,14,15,3,4,16],[9,21,1,13,14,2,3,5,16,17,18],[5,1,21,17,18,13,14,2,15,3,9,4,16],[13,17,21,5,1,2,18,9,14,15,3,16],[9,21,1,13,2,17,18,5,14,15,3,16],[9,17,13,1,2,18,21,5,14,15,3,4,16],[5,13,21,1,2,9,17,18,14,15,3,16],[13,21,5,1,2,9,17,18,14,3],[1,9,5,21,17,2,18,13,14,15,3,4,16],[9,17,1,18,13,2,21,5,14,3],[5,17,9,13,1,2,18,21,14,3],[17,9,13,1,2,18,21,5,14,15,3,4,16],[5,9,13,21,1,14,2,15,3,17,18,16],[5,13,9,21,1,2,17,18,14,3],[1,5,9,21,13,14,2,3,17,18],[1,5,13,2,21,9,17,18,14,15,3,16],[13,9,17,5,21,1,18,14,2,15,3,4,16],[17,13,1,18,14,2,21,3,5,9],[5,1,13,14,2,15,3,9,17,18,21,4,16],[1,13,14,2,3,5,17,18,21,9],[5,9,1,13,2,17,18,21,14,3],[1,9,13,2,17,18,21,5,14,3],[9,21,17,1,2,18,13,5,14,3],[21,5,9,13,17,1,18,2,14,15,3,4,16],[9,5,21,13,17,18,1,14,2,15,3,16],[1,5,9,21,17,18,13,2,14,15,3,16],[5,21,17,9,1,2,18,13,14,15,3,4,16],[21,17,9,1,2,18,13,5,14,3],[13,17,21,9,1,18,2,5,14,15,3,16],[9,1,5,17,2,18,13,21,14,3],[13,1,14,2,3,21,17,18,9,5],[17,9,21,13,1,2,18,5,14,3],[21,1,17,2,18,5,9,13,14,15,3,16],[13,1,14,2,3,17,18,5,9,21],[13,1,2,17,18,21,9,5,14,15,3,16],[13,17,1,2,18,5,9,21,16,14,3],[13,17,9,5,21,1,2,18,14,3],[5,17,9,1,18,21,13,2,14,3],[21,17,5,13,1,2,18,9,14,15,3,16],[13,21,1,14,2,3,9,5,17,18],[5,13,1,2,9,6,21,17,18,14,15,3,16],[5,1,13,14,2,15,3,9,17,18,21,4,16],[13,17,5,21,9,1,2,18,14,3],[1,9,21,13,14,2,15,3,5,17,18,4,16],[17,21,5,9,1,18,13,2,14,3],[1,21,17,2,18,5,13,9,14,15,3,4,16],[13,5,9,21,1,2,17,18,14,3],[21,9,13,17,1,2,18,5,14,15,3,16],[5,17,1,18,9,13,14,2,15,3,21,16],[5,9,17,1,2,18,21,13,14,3],[1,17,18,5,9,13,14,2,3,21],[21,9,5,1,17,18,13,14,2,3],[1,9,5,17,2,18,13,21,14,3],[17,13,21,1,2,18,9,5,14,3],[17,9,5,1,2,18,13,21,14,3],[13,17,5,21,1,2,18,9,14,15,3,4,16],[1,21,9,13,2,17,18,5,14,15,3,16],[21,17,5,13,9,1,2,18,14,15,3,16],[1,21,9,13,2,17,18,5,14,15,3,16],[21,17,1,2,18,9,13,5,14,15,3,16],[13,9,17,21,5,1,2,18,14,15,3,4,16],[17,21,5,1,18,13,14,2,15,3,16,9],[13,5,17,9,1,2,18,21,14,3],[21,17,13,9,1,2,18,5,14,3],[17,5,13,21,9,1,2,18,14,15,3,4,16],[17,1,2,18,13,9,21,14,3,5],[21,13,5,17,9,1,18,14,2,15,3,4,16],[9,1,13,14,2,15,3,21,5,17,18,4,16],[5,1,13,2,9,21,17,18,14,3],[13,17,5,1,2,18,21,9,14,15,3,16],[5,21,9,13,17,1,18,2,14,3],[1,17,18,21,13,2,5,9,14,15,3,16],[13,17,21,18,5,1,14,2,15,3,9,16],[13,5,17,21,1,18,2,9,14,15,3,16],[9,5,21,17,13,1,18,14,2,3],[21,9,13,5,1,2,17,18,14,3],[13,17,5,9,1,2,18,21,14,15,3,16],[13,5,17,21,1,2,18,9,14,3],[5,1,9,13,2,21,17,18,14,15,3,16],[21,5,9,13,1,2,17,18,14,15,3,4,16],[5,1,13,2,21,17,18,9,14,15,3,4,16],[17,21,1,2,18,13,9,5,14,3],[17,13,9,5,21,1,2,18,14,3],[17,13,21,1,2,18,9,5,14,15,3,16],[9,13,1,14,2,3,5,21,17,18],[21,9,17,5,1,18,13,2,14,3],[17,5,13,21,9,1,2,18,14,15,3,4,16],[13,17,21,9,1,18,14,2,3,5],[5,1,17,2,18,21,9,13,14,3],[9,13,21,5,17,22,1,18,2,14,3],[1,9,5,13,14,2,3,21,17,18],[21,5,1,9,13,14,2,3,17,18],[1,5,17,2,18,9,13,21,14,3],[1,9,21,13,2,5,17,18,14,3],[5,13,9,1,14,2,3,21,17,18],[1,21,9,5,17,2,18,13,14,3],[13,21,5,9,17,14,18,1,2,15,3,16],[9,13,21,17,5,1,18,14,2,3],[5,17,9,1,18,21,13,14,2,3],[1,5,21,13,2,17,18,9,14,15,3,16],[5,1,9,13,2,17,18,21,14,3],[21,13,17,9,5,1,2,18,14,3],[9,1,21,17,2,18,13,5,14,15,3,16],[17,5,1,2,18,13,21,9,14,15,3,16],[5,13,9,17,1,2,18,21,14,15,3,16],[17,21,9,5,13,10,1,2,18,14,3],[21,5,9,13,1,14,2,15,3,17,18,16],[21,17,1,2,18,9,5,13,14,15,3,4,16],[9,17,13,1,18,2,21,5,14,15,3,16],[9,21,17,1,2,18,5,13,14,3],[1,9,13,2,17,18,21,5,14,15,3,20,4,16],[1,5,21,13,14,2,17,18,15,3,9,12,4,16],[1,13,14,2,15,3,5,21,17,18,9,4,16],[5,17,9,21,13,1,2,18,14,3],[1,21,13,2,9,5,17,18,14,3],[1,17,18,13,2,21,5,9,14,3],[5,9,17,1,2,18,21,13,14,15,3,4,16],[17,5,1,18,21,13,14,2,3,9],[17,1,18,21,13,14,2,3,9,5],[9,17,13,1,2,18,21,5,14,15,3,4,16],[9,1,5,13,14,2,3,21,17,18],[13,5,1,2,17,18,21,9,14,3],[9,21,17,1,2,18,5,13,14,15,3,16],[1,13,14,2,21,5,3,9,17,18],[21,17,9,2,1,18,5,13,22,14,15,3,4,16],[17,21,5,1,18,13,2,9,14,15,3,4,16],[21,17,1,18,13,14,2,15,3,9,5,16],[9,17,13,5,21,2,1,18,14,3],[5,9,13,1,2,21,17,18,22,14,15,3,4,11,16],[13,21,5,1,14,2,3,9,17,18],[21,9,5,17,13,1,18,14,2,15,3,16],[17,9,5,21,13,1,18,14,2,3],[17,1,2,18,21,5,9,13,14,3],[13,5,1,2,9,21,17,18,14,3],[5,17,9,21,13,1,2,18,14,3],[13,5,9,17,1,18,14,2,3,21],[13,17,9,1,2,18,5,21,14,3],[5,21,9,13,1,14,2,15,3,17,18,4,16],[21,5,17,13,1,18,14,2,3,9],[9,13,21,1,2,5,14,15,3,17,18,4,16],[1,13,14,2,9,21,15,3,17,18,5,4,16],[9,5,21,1,13,2,17,18,14,3],[1,5,9,17,2,18,13,21,14,3],[5,21,13,1,2,9,17,18,14,15,3,16],[1,17,18,21,13,14,2,9,15,3,5,4,16],[17,13,5,21,9,1,18,14,2,15,3,4,16],[21,9,1,13,14,2,15,3,17,18,5,4,16],[1,21,17,2,18,9,5,13,14,3],[21,13,17,1,18,14,2,3,5,9],[9,5,17,13,1,2,18,21,14,3],[21,1,9,13,14,2,15,3,17,18,5,16],[5,9,1,21,13,2,17,18,14,3],[21,1,5,13,2,17,18,9,14,3],[17,21,1,18,5,9,13,2,22,14,3],[9,1,13,14,2,15,3,21,5,4,17,18,16],[17,1,2,18,9,5,13,21,14,3],[21,13,1,14,2,15,3,5,9,17,18,4,16],[17,1,2,18,21,5,9,13,14,3],[1,5,17,18,21,13,2,9,14,3],[21,1,17,2,18,5,9,13,14,3],[9,13,1,14,2,15,3,5,21,17,18,16],[21,1,9,13,2,17,18,5,14,3],[17,9,5,13,21,1,18,14,2,3],[5,21,17,9,13,1,18,2,14,3],[9,17,13,1,18,2,21,5,14,15,3,4,16],[9,17,1,18,21,13,14,2,5,3],[21,1,13,2,9,17,18,5,14,15,3,16],[5,13,1,2,21,17,18,9,14,15,3,4,16],[5,9,1,21,13,2,17,18,14,15,3,16],[17,13,21,9,5,1,18,14,2,3],[9,17,5,13,1,2,18,21,14,3],[21,9,1,13,14,2,15,3,4,16,5,17,18],[17,21,1,2,18,5,13,9,14,3],[17,5,9,21,1,2,18,13,14,15,3,4,16],[1,13,14,2,3,9,5,17,18,21],[13,5,21,9,17,1,18,2,14,15,3,4,16],[17,13,9,5,1,18,14,2,21,15,3,4,16],[9,5,1,13,2,21,17,18,14,15,3,4,16],[17,5,1,18,21,13,14,2,3,9],[17,13,21,9,5,1,18,14,2,15,3,4,16],[13,21,1,2,17,18,5,9,14,15,3,16],[13,21,5,1,2,17,18,9,14,15,3,4,16],[21,5,17,9,1,18,13,2,14,3],[9,5,17,13,21,1,18,14,2,15,3,16],[5,21,17,9,1,18,13,14,2,15,3,4,16],[9,21,13,17,1,18,2,5,14,15,3,16],[5,9,13,17,21,1,18,2,14,3],[13,9,1,14,2,3,17,18,21,5],[13,17,1,2,18,5,9,21,14,3],[17,9,13,5,21,14,18,1,2,15,3,4,16],[17,5,1,18,13,14,2,3,9,21],[9,17,21,13,1,18,2,5,14,15,3,16],[17,5,1,2,18,9,13,21,14,3],[21,1,9,13,2,17,18,5,14,3],[21,17,5,1,2,18,13,9,14,3],[17,13,9,1,18,2,5,21,14,3],[17,1,2,18,13,9,21,5,14,3],[13,17,1,18,14,2,5,15,3,4,9,8,16,22,21],[21,5,17,9,13,1,2,18,14,3],[13,1,2,21,5,9,17,18,14,15,3,16],[21,9,1,17,2,18,14,13,15,3,5,16],[1,13,2,5,17,18,9,21,14,3],[1,5,21,13,2,9,17,18,14,3],[17,5,1,18,21,13,2,9,14,3],[1,13,2,17,18,21,9,5,16,14,3],[9,13,21,17,1,18,14,2,3,5],[17,9,13,1,2,18,5,21,14,3],[13,17,1,18,2,21,9,5,14,3],[1,21,9,5,13,14,2,15,3,17,18,4,16],[9,1,5,21,17,18,13,14,2,3],[1,21,5,9,13,14,2,15,3,17,18,16],[5,1,17,18,13,2,9,21,14,3],[21,1,13,2,5,17,18,9,14,15,3,16],[21,5,1,13,2,17,18,9,14,3],[5,1,9,17,18,21,13,2,14,3],[1,21,5,17,2,18,9,13,14,3],[13,1,14,2,5,3,9,17,18,21],[1,5,17,18,9,13,14,2,15,3,21,4,16],[17,9,13,1,2,18,14,15,3,21,4,5,16],[9,5,1,13,14,2,3,17,18,21],[5,9,17,1,2,18,13,21,15,14,3,16],[9,1,5,21,13,14,2,15,3,17,18,16],[1,13,14,2,15,3,9,17,18,21,5,16],[1,5,9,17,2,18,13,21,14,3],[5,1,9,21,13,14,2,3,17,18],[1,17,2,18,13,21,5,9,14,3],[9,21,5,1,13,2,17,18,14,15,3,4,16],[1,5,17,18,21,13,14,2,15,3,9,16],[17,9,13,5,21,1,18,2,14,15,3,4,16],[13,21,9,17,1,18,2,5,14,15,3,4,24,16],[5,1,17,18,9,13,14,2,3,21],[1,17,2,18,5,9,21,13,14,3],[5,13,17,21,1,2,18,9,14,3],[5,21,17,1,18,9,13,2,14,3],[1,5,9,17,2,18,21,13,14,3],[13,21,1,14,2,15,3,5,4,17,18,9,16],[1,17,2,18,13,5,21,9,14,3],[21,5,17,13,9,1,18,14,2,3],[13,9,21,1,2,17,18,5,14,3],[17,13,21,9,5,1,18,14,2,3],[5,17,9,21,13,1,18,14,2,15,3,16],[5,9,13,17,21,1,2,18,14,3],[21,5,9,1,17,2,18,13,14,3],[21,1,13,14,2,3,20,5,9,17,18],[13,21,5,1,2,17,18,9,14,3],[5,17,13,9,21,1,18,14,2,15,3,16],[13,5,21,17,1,18,14,2,15,3,9,16],[17,13,9,1,2,18,21,5,14,3],[9,1,5,13,2,21,17,18,14,15,3,4,16],[21,17,1,2,18,5,13,9,14,3],[5,21,1,9,13,2,17,18,14,3],[9,13,17,1,18,2,21,5,14,3],[17,9,21,1,2,18,5,13,14,15,3,16],[21,5,17,9,13,1,18,14,2,3],[17,9,13,5,1,2,18,21,14,15,3,16],[1,21,17,18,9,13,2,5,14,3],[17,5,13,1,18,14,2,15,3,21,9,16],[17,13,5,21,1,18,14,2,15,3,9,16],[5,17,1,2,18,9,21,13,14,15,3,4,16],[17,1,18,13,2,9,5,21,14,3],[1,17,18,9,21,5,13,14,2,15,3,16],[17,21,1,18,5,13,14,2,15,3,9,16],[21,5,13,17,1,2,18,9,14,3],[21,5,13,1,2,9,17,18,14,3],[9,1,13,14,2,3,5,21,17,18],[9,21,17,13,5,1,18,2,14,3],[13,21,17,1,2,18,5,9,14,15,3,4,16],[9,21,1,17,18,13,14,2,3,5],[9,21,1,5,13,14,2,3,17,18],[13,9,1,14,2,15,3,21,17,18,5,16],[21,1,9,17,18,5,13,14,2,15,3,16],[21,5,1,13,2,9,17,18,14,3],[17,13,1,2,18,9,21,5,14,15,3,10,16],[17,9,13,5,1,2,18,21,14,15,3,16],[5,9,17,21,13,1,2,18,14,15,3,4,16],[1,21,13,14,2,3,9,5,17,18],[9,13,21,1,14,2,3,5,17,18],[17,9,5,21,1,2,18,13,14,15,3,16],[5,9,13,17,1,18,2,21,14,3],[1,17,18,21,5,13,14,2,15,3,9,16],[1,9,13,14,2,15,3,5,17,18,21,4,16],[13,1,14,2,17,18,3,5,21,9],[5,21,13,1,14,2,3,17,18,9],[5,21,9,1,13,2,17,18,14,15,3,4,16],[1,9,5,13,2,21,17,18,14,3],[17,13,9,5,21,1,2,18,14,3],[5,9,17,1,2,18,13,14,15,3,21,16],[9,1,21,17,18,13,2,5,14,15,3,16],[13,21,1,2,5,17,18,9,14,3],[9,17,13,21,5,1,2,18,14,3],[17,5,1,2,18,13,9,21,14,15,3,4,16],[13,1,14,2,15,3,17,18,9,21,5,16],[13,21,17,1,18,14,2,15,3,9,5,16],[9,13,5,21,17,1,18,2,14,15,3,16],[21,9,1,17,2,18,5,13,14,15,3,16],[21,1,9,5,17,2,18,13,14,15,3,4,16],[21,13,5,1,14,2,3,9,17,18],[17,1,18,5,13,2,9,21,14,15,3,16],[5,21,9,17,1,18,13,2,14,15,3,4,16],[5,17,21,9,13,1,18,2,14,3],[5,9,17,13,21,1,2,18,14,15,3,4,16],[9,5,21,1,17,2,18,13,14,15,3,4,16],[1,13,2,9,5,21,17,18,14,15,3,4,16],[5,13,21,9,17,1,18,14,2,3],[5,13,1,14,2,15,3,17,18,9,21,4,16],[5,13,9,17,1,2,18,21,14,15,3,16],[13,1,14,2,5,9,3,17,18,21],[9,21,5,13,1,2,17,18,14,3],[21,9,13,17,1,18,14,2,15,3,5,16],[13,5,1,14,2,15,3,9,21,17,18,4,16],[17,1,18,13,14,2,15,3,9,16,21,7,5],[17,5,1,2,18,13,9,21,14,15,3,4,16],[1,21,17,2,18,13,9,5,14,3],[17,21,1,2,18,5,13,9,14,15,3,16],[21,13,5,17,1,18,2,9,14,3],[13,1,2,9,5,21,17,18,14,15,3,16],[13,9,21,17,5,1,18,14,2,15,3,4,16],[17,1,18,9,5,21,13,2,14,3],[9,21,1,17,18,5,13,2,14,15,3,4,8,16],[5,21,9,17,13,1,18,14,2,15,3,4,16],[1,13,14,2,3,9,17,18,21,5],[13,1,14,2,21,3,5,9,17,18],[13,5,9,1,14,2,17,18,3,15,21,16],[21,13,5,17,9,1,2,18,14,15,3,4,16],[5,21,1,17,18,13,14,2,3,9],[17,9,13,21,5,1,2,18,14,15,3,16],[21,5,13,17,11,9,1,18,14,2,3],[5,13,9,1,14,2,3,17,18,21],[9,21,17,13,7,18,1,2,5,14,15,3,4,16],[21,5,13,1,14,2,15,3,17,18,9,4,16],[9,21,13,17,5,1,18,14,2,15,3,16],[5,1,13,2,17,18,21,9,14,3],[17,13,5,21,1,2,18,9,14,3],[5,13,21,9,1,14,2,3,17,18],[9,13,5,17,1,2,18,21,14,3],[1,13,14,2,17,18,21,15,3,9,5,16],[13,17,21,1,2,18,5,9,14,15,3,4,16],[13,17,1,2,18,5,21,9,14,15,3,4,16],[5,13,9,1,2,21,17,18,14,15,3,16],[17,21,13,9,5,14,18,1,2,15,3,4,16],[17,1,2,18,13,5,9,21,14,15,3,4,16],[9,21,17,1,18,13,14,2,3,5],[13,5,1,14,2,3,21,17,18,9],[9,5,1,13,2,17,18,21,14,3],[1,17,18,21,13,14,2,3,5,9],[21,5,13,17,1,2,18,9,14,3],[13,17,21,1,18,2,5,9,14,3],[1,21,17,18,9,5,13,2,14,15,3,16],[17,1,18,5,9,21,13,14,2,3],[5,13,1,2,17,18,9,21,14,15,3,4,16],[9,17,21,1,2,18,13,5,14,3],[17,21,13,5,9,1,18,2,14,3],[17,5,13,9,22,1,2,18,21,14,3],[5,21,1,17,18,13,2,9,14,3],[13,9,17,21,5,1,18,2,14,3],[9,13,17,1,2,18,21,5,14,3],[13,9,21,5,1,2,17,18,14,3],[21,5,1,9,13,14,2,3,15,17,18,16],[21,1,13,2,17,18,9,5,14,3],[1,13,2,5,21,9,17,18,14,15,3,16],[13,1,14,2,3,17,18,5,21,9],[1,17,2,18,9,21,13,5,14,3],[13,5,17,1,18,14,2,3,9,12,21],[13,1,14,2,3,5,9,17,18,21],[1,21,13,14,2,3,9,17,18,5],[13,17,21,5,1,2,18,9,14,15,3,4,16],[17,5,9,13,21,1,18,14,2,3],[13,9,5,21,17,1,18,14,2,15,3,4,16],[13,9,17,21,1,18,2,5,14,3],[5,17,9,21,13,1,18,2,14,3],[17,21,1,2,18,5,9,13,14,3],[9,5,17,13,1,18,2,21,14,15,3,4,16],[9,17,1,18,5,21,13,14,2,15,3,16],[17,1,2,18,5,13,9,21,14,15,3,16],[21,17,1,2,18,9,5,13,14,3],[13,5,9,21,1,14,2,3,17,18],[13,1,14,2,15,3,17,18,5,9,21,16],[21,1,17,2,18,13,9,5,14,15,3,4,16],[1,17,18,9,21,13,2,5,14,3],[9,21,5,1,17,2,18,13,14,3],[17,5,1,18,21,9,13,2,14,3],[1,5,21,9,13,14,2,17,18,15,3,16],[17,1,2,18,21,9,5,13,14,15,3,16],[21,13,1,2,5,17,18,9,14,15,3,16],[13,1,14,2,15,3,21,5,9,17,18,4,16],[1,9,17,18,5,13,14,2,15,3,16,21],[5,21,1,9,17,2,18,13,14,15,3,4,16],[9,1,13,14,2,15,3,17,18,5,21,4,16],[1,17,18,13,2,21,9,5,14,15,3,4,16],[21,9,13,5,1,2,17,18,14,3],[9,17,5,13,1,2,18,21,14,3],[17,1,18,13,2,5,9,21,14,3],[21,17,9,5,13,1,2,18,14,3],[9,5,1,13,2,21,17,18,14,3],[17,21,13,9,5,1,2,18,14,3],[9,5,1,21,17,2,18,13,14,3],[5,13,1,2,17,18,21,9,14,15,3,16],[13,17,9,5,1,18,14,2,15,3,21,16],[1,21,5,17,2,18,13,9,14,15,3,4,16],[5,1,13,2,17,18,9,21,14,15,3,4,16],[21,9,1,13,14,2,3,5,17,18],[17,21,5,13,9,1,18,2,14,3],[1,9,17,2,18,5,13,21,14,15,3,4,16],[5,13,17,1,18,2,21,9,14,15,3,4,16],[17,21,13,4,9,5,1,2,18,14,15,3,16],[9,1,5,17,18,21,13,2,14,15,3,16],[5,1,17,18,9,21,13,14,2,3],[1,17,18,9,5,21,13,14,2,3],[13,1,14,2,15,3,5,9,21,20,17,18,4,16],[13,17,1,18,2,14,21,3,5,15,9,16],[1,9,17,2,18,13,21,5,14,3],[5,17,21,1,2,18,9,13,14,15,3,4,16],[17,13,21,1,18,2,9,5,14,3],[5,13,17,9,1,2,18,21,14,3],[5,9,13,21,17,1,2,18,14,3],[17,5,21,9,1,2,18,13,14,3],[5,9,13,1,14,2,15,3,17,18,21,4,16],[17,5,1,2,18,21,9,13,14,3],[17,9,21,1,2,18,13,5,11,14,15,3,4,16],[9,13,21,5,1,14,2,3,17,18],[1,17,18,5,9,21,13,14,2,15,3,16],[13,21,17,5,1,18,2,9,14,15,3,16],[9,17,13,5,1,18,14,2,3,21],[1,17,2,18,21,5,13,9,15,14,3,4,16],[21,9,13,5,1,14,2,15,3,17,18,4,16],[9,17,1,2,18,13,21,5,14,3],[1,17,18,9,21,13,2,5,14,3],[9,17,1,2,18,13,5,21,14,15,3,4,16],[13,5,1,2,17,18,9,21,14,3],[21,9,13,5,1,2,17,18,14,3],[21,17,5,1,2,18,13,9,14,15,3,16],[21,13,5,9,1,2,17,18,14,3],[21,1,5,17,18,9,13,2,14,3],[9,1,5,21,13,2,17,18,14,3],[5,21,17,1,2,18,13,9,14,15,3,4,16],[9,1,17,18,21,13,14,2,15,3,4,5,16],[17,5,21,9,1,2,18,13,15,14,3,4,16],[17,9,5,21,13,1,2,18,14,3],[17,8,1,2,18,5,13,9,21,14,15,3,4,16],[5,1,13,2,9,17,18,21,14,15,3,4,16],[21,13,17,1,18,2,9,5,14,3],[21,13,9,17,5,1,2,18,14,15,3,16],[9,17,1,2,18,13,5,21,14,15,3,16],[17,5,1,18,13,14,2,21,3,9],[5,21,13,17,9,1,2,18,14,15,3,4,16],[5,9,13,17,1,18,14,2,15,3,16,21],[1,17,2,18,21,13,5,9,14,15,3,16],[21,9,5,17,13,1,18,2,14,15,3,10,4,16],[17,13,9,5,1,18,14,2,15,3,16,21],[17,1,2,18,9,13,5,21,14,15,3,4,16],[21,9,17,5,1,2,18,13,14,3],[5,17,13,9,21,1,18,14,2,15,3,4,16],[1,9,13,14,2,15,3,21,4,5,17,18,16],[21,1,17,2,18,13,9,5,14,15,3,4,16],[13,5,17,9,21,1,18,14,2,15,3,16],[9,5,13,21,17,1,18,2,14,3],[21,13,9,17,1,18,2,5,14,15,3,16],[13,17,21,5,1,2,18,9,14,15,3,4,16],[21,9,13,5,17,1,2,18,14,15,3,4,16],[17,1,18,21,13,14,2,15,3,5,4,16,9],[13,9,1,2,5,21,17,18,14,3],[9,13,21,17,5,6,1,2,18,14,15,3,16],[17,5,1,18,21,9,13,14,2,3],[17,9,13,1,18,14,2,3,5,21],[1,5,13,14,2,15,3,9,17,18,21,16],[13,5,17,1,2,18,9,21,14,15,3,4,16],[1,17,2,18,13,5,21,9,14,15,3,4,16],[9,13,1,14,2,5,3,17,18,21],[13,1,14,2,3,17,18,9,5,21],[1,5,17,18,21,9,13,2,14,15,3,16],[21,17,9,5,1,2,18,13,14,15,3,4,16],[21,5,13,9,1,2,17,18,14,15,3,4,16],[9,1,5,21,17,2,18,13,14,3],[21,5,1,9,17,2,18,13,14,3],[5,17,21,1,2,18,13,9,14,15,3,16],[17,1,2,18,13,21,5,9,14,15,3,4,16],[9,1,5,13,2,17,18,21,14,3],[1,9,13,14,2,15,3,21,17,18,5,4,16],[21,9,1,17,2,18,5,13,14,3],[13,9,21,1,2,5,17,18,14,15,3,16],[9,21,5,1,17,2,18,13,14,3],[5,21,17,13,9,1,18,2,14,15,3,4,16],[13,9,21,1,2,17,18,5,14,15,3,16],[9,21,5,13,17,1,2,18,14,3],[1,21,5,17,18,13,14,2,15,3,9,4,16],[1,17,2,18,5,9,21,13,14,15,3,4,16],[17,13,9,1,2,18,21,5,14,3],[17,13,1,2,18,5,9,21,14,15,3,16],[21,13,5,17,1,2,18,9,14,3],[9,5,13,1,2,17,18,21,14,15,3,4,16],[13,9,5,21,1,2,17,18,14,3],[13,5,17,1,2,18,14,3,9,21],[21,13,5,17,9,1,18,2,14,15,3,16],[13,5,9,1,14,2,17,18,3,21],[1,13,14,2,15,3,9,17,18,5,21,16],[21,17,1,18,9,13,2,5,14,3],[13,9,1,14,2,3,5,21,17,18],[21,5,17,1,18,9,13,14,2,15,3,23,16],[9,13,21,17,5,1,2,18,14,3],[13,5,9,17,21,1,2,18,14,15,3,16],[1,13,14,2,3,21,17,18,9,5],[5,21,13,9,1,14,2,15,3,17,18,4,16],[9,21,13,17,1,18,14,2,3,5],[5,1,13,14,2,3,9,17,18,21],[9,13,17,1,2,18,21,5,14,3],[17,5,9,13,1,18,14,2,3,21],[17,5,1,2,18,21,9,13,14,15,3,16],[13,5,17,9,21,1,18,14,2,15,3,4,16],[1,21,17,18,13,14,2,3,5,9],[1,9,13,2,5,21,17,18,14,3],[1,21,13,14,2,15,3,17,18,5,9,16],[9,17,21,13,5,1,2,18,14,3],[1,17,2,18,9,13,21,5,14,3],[21,17,13,5,9,1,18,2,14,15,3,4,16],[13,21,9,1,2,5,17,18,14,3],[5,17,9,21,13,1,18,2,14,3],[9,17,13,21,5,1,2,18,14,3],[5,9,17,1,18,21,13,14,2,3],[1,9,13,2,21,5,17,18,14,15,3,16],[5,1,21,9,17,2,18,13,14,3],[1,5,21,9,17,18,13,2,14,3],[5,9,13,17,1,18,14,2,15,3,21,16],[17,5,9,3,1,18,21,13,14,2],[1,9,17,18,21,5,13,2,14,3],[13,1,14,2,3,21,9,17,18,5],[13,21,17,9,1,18,14,2,3,5],[9,1,13,14,2,21,15,3,17,18,5,16],[5,9,1,17,2,18,21,13,14,3],[21,17,1,18,13,2,9,5,14,15,3,4,16],[21,5,9,17,13,1,18,14,2,15,3,4,16],[9,5,17,13,1,18,14,2,3,22,21],[9,1,17,18,21,5,13,2,14,3],[21,9,17,13,5,1,18,14,2,3],[1,5,17,18,21,9,13,14,2,3],[21,5,13,9,1,2,17,18,14,15,3,4,16],[1,9,13,14,2,15,3,17,18,5,4,21,16],[13,9,1,14,2,15,3,21,17,18,16,5],[17,21,13,5,9,1,2,18,14,15,3,4,16],[13,9,17,5,1,2,18,21,14,15,3,4,16],[1,21,9,13,2,17,18,5,14,3],[21,1,17,18,5,13,14,2,15,3,16,9],[21,1,17,2,18,9,5,13,14,15,3,16],[21,1,5,9,13,14,2,15,3,17,18,16],[5,9,21,13,17,1,18,14,2,15,3,16],[5,21,9,1,13,2,17,18,14,3],[5,1,13,2,21,9,17,18,14,15,3,16],[17,13,9,5,1,18,14,2,15,3,21,4,16],[13,21,1,14,2,15,3,17,18,9,4,5,16],[9,1,13,2,5,17,18,21,14,15,3,4,16],[5,9,17,21,1,18,13,14,2,3],[17,9,1,18,5,13,2,21,14,3],[9,17,5,21,1,2,18,13,14,3],[9,17,1,2,18,5,13,21,14,3],[5,1,21,13,14,2,3,9,17,18],[13,17,1,18,14,2,15,3,5,9,21,16],[5,9,17,21,13,14,18,1,2,15,3,16],[1,9,21,17,2,18,13,5,14,3],[17,21,9,5,1,18,13,2,14,3],[1,5,17,2,18,13,9,21,14,15,3,4,16],[17,5,21,13,9,1,2,18,16,14,3],[1,9,17,18,5,13,2,21,14,3],[17,21,5,13,1,18,2,9,14,15,3,16],[5,21,9,17,13,1,2,18,14,3],[17,21,1,18,13,2,5,9,14,3],[9,1,21,13,14,2,3,5,17,18],[5,1,21,9,13,14,2,3,17,18],[17,5,13,1,18,14,2,3,9,21],[17,21,9,1,2,18,5,13,14,15,3,16],[1,21,13,2,17,18,5,9,14,3],[21,9,13,1,14,2,15,3,5,17,18,4,16],[1,5,13,14,2,9,3,21,17,18],[13,5,9,17,21,1,2,18,14,15,3,16],[5,13,21,1,2,17,18,9,14,3],[13,5,21,9,17,1,18,14,2,3],[9,1,17,18,5,21,13,14,2,15,3,16],[21,1,13,14,2,3,9,17,18,5],[21,9,1,13,14,2,15,3,16,17,18,5],[21,13,9,1,2,17,18,5,14,3],[21,5,9,17,13,1,18,14,2,15,3,16],[1,5,17,18,13,14,2,15,3,9,21,4,16],[5,13,17,21,9,1,18,2,14,15,3,16],[17,5,21,13,9,1,2,18,14,15,3,4,16],[21,17,5,13,1,18,2,9,14,3],[9,1,5,21,17,18,13,14,2,3],[9,17,1,18,13,2,21,5,14,15,3,16],[5,21,9,13,1,14,2,15,3,17,18,16],[13,21,9,1,14,2,3,17,18,5],[13,17,9,1,2,18,5,21,14,15,3,16],[1,9,21,13,2,17,18,5,14,15,3,16],[17,1,18,13,2,21,9,5,14,3],[5,17,9,13,1,18,2,14,15,3,16,21],[9,5,13,1,14,2,21,15,3,17,18,4,16],[1,17,2,18,9,21,5,13,14,15,3,16],[5,17,21,1,18,9,13,2,14,15,3,4,16],[9,1,21,13,2,17,18,5,14,15,3,4,16],[21,9,1,17,18,13,2,5,14,3],[9,21,1,17,2,18,5,13,14,15,3,4,16],[17,21,1,2,18,13,9,5,14,3],[9,1,13,2,17,18,21,5,14,3],[9,21,5,1,13,2,17,18,14,3],[5,1,17,2,18,21,9,13,14,3],[5,13,1,2,17,18,9,21,14,15,3,16],[9,5,17,13,21,1,18,2,14,15,3,16],[5,13,17,21,1,2,18,9,14,3],[5,9,13,1,14,2,3,21,17,18],[9,5,1,21,13,14,2,3,17,18],[9,1,5,17,18,21,13,14,2,15,3,4,16],[13,17,1,2,18,9,21,5,14,15,3,4,16],[17,1,2,18,13,21,5,9,14,15,3,16],[21,13,1,2,9,17,18,5,14,15,3,4,16],[17,5,9,21,1,18,13,14,2,15,3,16],[21,9,13,17,1,2,18,5,14,3],[9,1,17,2,18,5,21,13,14,3],[17,5,1,2,18,13,9,21,14,3],[17,9,21,5,1,2,18,13,14,3],[5,17,13,9,21,1,18,2,14,15,3,16],[13,21,17,9,1,2,18,5,14,15,3,16],[5,1,9,17,18,21,13,2,14,3],[1,21,13,14,2,15,3,9,5,17,18,16],[5,17,1,18,21,9,13,14,2,15,3,4,16],[5,9,21,13,1,14,2,15,3,17,18,4,16],[17,5,13,9,3,1,18,14,2,21],[9,13,17,1,18,14,2,3,5,21],[17,21,5,1,2,18,13,9,14,15,3,16],[21,5,17,13,9,1,18,14,2,3],[13,9,17,21,5,1,2,18,14,3],[13,1,14,2,3,17,18,5,21,9],[17,5,9,1,18,21,13,2,14,15,3,4,16],[5,13,21,17,1,2,18,9,14,3],[21,5,17,9,13,1,18,14,2,3],[17,12,9,13,21,5,1,2,18,14,3],[9,21,5,1,13,14,2,3,17,18],[5,9,1,17,2,18,13,21,14,15,3,4,16],[5,13,9,21,17,1,2,18,14,15,3,16],[5,1,17,2,18,21,9,13,14,3],[13,17,5,1,18,14,2,21,9,3],[5,1,17,18,13,14,2,15,3,9,21,16],[17,13,5,21,1,18,14,2,15,3,16,9],[9,17,13,21,5,1,2,18,14,3],[5,21,13,17,1,2,18,9,14,3],[17,5,13,21,1,18,2,9,14,15,3,16],[1,9,21,17,18,13,2,5,14,3],[1,21,5,9,13,14,2,3,17,18],[1,21,5,17,2,18,9,13,14,15,3,4,16],[17,5,9,1,2,18,13,21,14,3],[5,13,1,2,21,9,17,18,14,15,3,4,16],[5,1,9,17,2,18,21,13,14,15,3,16],[5,17,14,13,18,21,1,2,3,9],[9,17,5,13,21,1,18,2,14,15,3,16],[17,21,5,13,1,18,2,9,14,15,3,16],[1,17,2,18,13,9,5,21,14,3],[13,9,5,21,1,2,17,18,14,3],[9,1,5,17,2,18,13,21,14,3],[1,13,2,9,17,18,21,5,14,15,3,16],[21,1,9,5,13,14,2,17,18,3],[21,17,13,5,1,18,14,2,9,3],[9,21,17,1,2,18,5,13,14,15,3,4,16],[13,5,21,17,9,14,18,1,2,15,3,16],[1,21,5,13,14,2,17,18,15,3,4,9,16],[21,5,13,1,2,9,17,18,14,15,3,16],[13,17,1,18,2,9,5,21,14,15,3,4,16],[1,17,2,18,13,21,5,9,14,15,3,16],[17,5,9,21,1,2,18,13,14,3],[9,5,13,1,2,21,17,18,14,15,3,16],[5,21,1,9,17,2,18,13,14,15,3,4,16],[17,13,1,18,2,9,5,21,14,15,3,4,16],[9,1,5,13,14,2,3,17,18,21],[17,21,1,18,13,2,9,5,14,3],[13,21,5,9,1,14,2,15,3,17,18,16],[13,1,14,2,15,3,9,5,17,18,21,10,4,16],[17,21,9,5,13,1,18,2,14,15,3,16],[9,13,5,17,21,1,18,14,2,3],[13,1,14,2,15,3,21,17,18,9,4,16,8,5],[5,13,17,9,1,18,2,21,6,14,3],[5,21,17,9,1,2,18,13,14,15,3,4,16],[5,13,1,2,17,18,9,21,14,3],[13,9,1,2,5,17,18,21,14,3],[1,17,18,5,9,21,13,2,14,3],[9,5,17,1,2,18,13,21,16,14,3],[5,17,1,2,18,13,21,9,14,15,3,16],[17,9,13,21,5,1,2,18,14,15,3,4,16],[1,13,2,9,17,18,21,5,14,15,3,16],[1,17,18,5,21,13,14,2,3,9],[17,5,9,13,1,18,2,21,14,3],[13,1,14,2,3,17,18,9,5,21],[9,21,1,5,17,18,13,14,2,3],[1,17,2,18,13,5,21,9,14,3],[1,17,18,5,21,13,14,2,3,9],[5,1,17,2,18,21,13,9,14,3],[17,5,9,21,13,1,18,2,14,15,3,16],[9,21,5,17,13,1,18,2,14,3],[17,5,9,1,2,18,13,21,14,15,3,4,16],[1,21,13,2,5,9,17,18,14,3],[21,13,17,5,1,2,18,9,14,3],[1,13,14,2,15,3,17,18,5,9,21,4,16],[21,17,5,13,1,18,2,9,14,3],[9,13,21,1,14,2,3,5,17,18],[21,9,17,13,1,2,18,5,14,3],[17,5,13,1,2,18,9,21,14,15,3,16],[21,17,1,2,18,13,5,9,14,3],[21,17,5,9,1,18,13,14,2,3],[21,1,17,2,18,13,5,9,14,3],[13,9,21,5,17,1,18,14,2,15,3,4,16],[21,13,1,2,9,5,17,18,14,3],[17,21,13,9,5,1,2,18,14,15,3,16],[1,21,17,2,18,9,13,5,14,15,3,16],[5,17,9,1,18,21,13,2,14,3],[17,1,18,21,9,13,2,5,14,15,3,16],[13,5,21,9,17,1,2,18,14,3],[21,5,13,9,17,1,2,18,14,3],[5,13,9,17,21,1,18,2,14,15,3,16],[21,17,1,2,18,9,13,5,14,15,3,4,16],[21,17,5,13,1,2,18,9,14,3],[9,5,1,21,13,14,2,3,17,18],[1,17,2,18,13,9,5,21,14,15,3,4,16],[9,21,5,17,1,2,18,13,14,3],[13,5,1,2,9,21,17,18,14,3],[1,5,13,2,21,17,18,9,14,3],[17,1,2,18,9,5,13,21,14,15,3,16],[13,5,17,1,18,14,2,9,3,21],[1,17,2,18,21,13,9,5,14,15,3,4,16],[13,17,1,18,2,5,9,14,3,21],[9,5,1,21,13,2,17,18,14,15,3,4,16],[17,9,1,18,5,21,13,2,14,3],[21,17,7,9,13,5,18,1,2,14,3],[21,9,1,13,14,2,3,17,18,5],[21,9,1,13,2,5,17,18,14,3],[9,1,17,2,18,21,5,13,14,15,3,4,16],[21,1,5,17,2,18,9,13,14,15,3,4,16],[5,21,1,13,14,2,9,3,17,18],[5,17,21,9,13,1,18,2,14,15,3,4,16],[13,5,17,1,2,18,21,9,14,3],[5,17,9,1,18,21,13,14,2,15,3,4,16],[1,5,13,14,2,3,17,18,9,21],[5,1,21,17,18,13,2,9,14,3],[21,1,13,2,5,17,18,9,14,15,3,4,16],[9,21,13,17,5,1,18,2,14,15,3,4,16],[17,5,21,1,18,13,14,2,3,9],[13,1,2,9,5,17,18,21,14,15,3,4,16],[21,9,5,17,1,18,13,2,14,15,3,16],[13,9,17,5,21,1,2,18,14,15,3,4,16],[5,13,21,17,9,1,2,18,14,3],[21,5,13,9,17,1,18,2,14,15,3,16],[17,5,1,2,18,21,13,9,14,3],[5,13,17,21,9,1,2,18,14,3],[21,1,17,2,18,5,9,13,16,14,15,3],[13,5,21,9,1,2,17,18,14,15,3,4,16],[9,21,5,13,1,2,17,18,14,15,3,16],[13,5,1,14,2,3,17,18,21,9],[17,1,2,18,5,13,9,21,14,15,3,16],[17,9,5,21,1,18,13,14,2,15,3,16],[21,1,9,5,13,2,17,18,14,3],[13,17,9,21,5,1,18,14,2,3],[21,9,13,17,5,1,18,14,2,3],[1,9,17,2,18,13,21,5,14,3],[17,1,18,21,5,13,2,9,14,15,3,4,16],[21,17,5,13,9,1,18,2,14,15,3,16],[5,1,9,13,2,21,17,18,14,3],[21,1,5,17,2,18,9,13,14,15,3,16],[21,1,5,9,13,2,17,18,14,15,3,16],[13,21,1,14,2,15,3,9,17,18,5,4,16],[1,9,13,2,17,18,5,21,14,3],[21,17,5,9,1,2,18,13,14,15,3,4,16],[9,17,21,5,1,2,18,13,14,15,3,4,16],[1,5,13,2,17,18,21,9,14,15,3,16],[1,5,21,17,2,18,9,13,14,15,3,16],[17,5,9,1,18,21,13,2,14,15,3,4,16],[13,5,9,21,1,14,2,15,3,17,18,4,16],[9,17,1,18,21,13,2,5,14,15,3,16],[17,9,13,5,21,1,18,2,14,15,3,4,16],[5,17,9,21,13,1,2,18,14,15,3,16],[9,1,5,17,2,18,13,21,14,3],[1,9,13,14,2,15,3,17,18,5,21,4,16],[5,21,17,13,9,1,2,18,14,3],[9,21,5,1,17,18,13,14,2,3],[9,5,1,21,13,14,2,3,17,18],[1,17,2,18,9,5,21,13,7,14,15,3,4,16],[1,13,2,21,5,17,18,9,14,15,3,16],[5,1,9,13,14,2,15,3,21,17,18,4,16],[1,9,13,14,2,3,21,5,17,18],[1,13,14,2,5,15,3,9,17,18,21,4,16],[9,1,5,21,13,2,17,18,14,15,3,16],[21,17,5,1,18,9,13,2,14,15,3,16],[17,9,5,13,21,1,2,18,14,15,3,16],[21,5,17,9,1,2,18,13,14,15,3,16],[1,21,17,2,18,5,9,13,14,3],[5,13,1,14,2,15,3,21,9,17,18,4,16],[17,9,21,5,13,8,1,18,2,14,3],[1,13,2,9,17,18,21,5,14,3],[17,5,1,2,18,21,13,9,14,15,3,16],[9,5,1,21,13,14,2,3,17,18],[9,5,1,21,13,14,2,15,3,17,18,4,16],[1,17,2,18,22,5,9,13,21,14,15,3,4,16],[13,1,2,9,5,17,18,21,14,15,3,16],[1,21,5,13,2,9,17,18,14,15,3,4,16],[1,21,5,17,18,9,13,14,2,15,3,4,16],[1,5,21,17,18,13,14,2,3,9],[5,21,9,1,17,2,18,13,14,3],[1,9,13,14,2,15,3,21,5,16,17,18],[17,13,21,5,9,1,2,18,19,14,15,3,16],[21,5,13,17,1,18,14,2,15,3,9,16],[13,9,5,17,1,18,14,2,15,3,21,16],[1,13,2,21,5,9,17,18,14,3],[13,5,9,1,14,2,3,21,17,18],[17,9,13,5,1,2,18,21,14,3],[13,17,9,21,5,1,18,2,14,15,3,4,16],[13,9,5,21,17,1,18,2,14,3],[5,13,21,9,1,14,2,17,18,3],[9,21,13,1,14,2,15,3,17,18,5,10,4,16],[13,9,5,1,14,2,3,17,18,21],[5,13,9,21,17,1,2,18,14,15,3,4,16],[9,5,1,13,2,21,17,18,14,3],[21,9,17,13,1,18,14,2,3,5],[21,9,5,1,17,2,18,13,14,3],[9,1,5,13,14,2,3,17,18,21],[1,17,18,13,2,5,21,9,14,15,3,16],[21,5,9,13,17,1,2,18,14,3],[13,5,17,9,1,18,2,21,14,3],[9,5,13,1,2,21,17,18,14,15,3,16],[17,13,1,2,18,5,21,9,14,15,3,16],[1,13,14,2,15,3,9,17,18,21,5,16],[5,13,1,14,2,15,3,9,4,17,18,21,16],[5,17,1,18,21,9,13,14,2,15,3,16],[17,9,13,21,5,1,2,18,14,3],[21,17,13,9,1,2,18,5,15,14,3,16],[21,17,1,18,13,2,5,9,14,3],[21,5,9,17,22,13,14,18,1,2,15,3,16],[13,5,9,1,14,2,15,3,17,18,8,21,16],[9,1,21,17,2,18,5,13,14,3],[13,17,21,1,18,2,9,5,14,3],[13,21,9,5,1,14,2,15,3,17,18,4,16],[1,9,13,14,2,17,18,15,3,4,5,16,21],[13,21,5,1,2,9,17,18,14,3],[17,21,1,2,18,13,5,9,14,3],[9,17,13,21,1,18,14,2,15,3,5,16],[5,17,1,2,18,9,21,13,14,3],[17,1,18,9,21,13,2,5,14,15,3,24,16],[21,13,1,2,5,17,18,9,14,15,3,16],[9,21,17,1,2,18,5,13,14,3],[9,21,1,13,2,17,18,5,14,3],[21,5,9,1,17,18,13,2,14,3],[9,1,17,18,5,13,2,21,14,15,3,4,16],[17,1,2,18,5,21,9,13,14,15,3,4,16],[9,17,1,18,21,5,13,2,14,15,3,16],[13,21,5,9,1,14,2,15,3,17,18,16],[1,17,2,18,9,13,5,21,14,15,3,4,16],[17,9,13,1,18,2,5,21,14,3],[13,1,14,2,3,21,5,17,18,9],[9,13,17,2,1,18,5,21,14,3],[21,13,5,1,14,2,15,3,17,18,9,4,16],[17,13,1,2,18,21,5,9,14,15,3,4,16],[1,17,2,18,5,9,21,13,14,15,3,4,16],[21,5,1,9,13,14,2,3,17,18],[21,1,13,14,2,5,15,3,9,17,18,4,16],[9,21,5,17,13,1,2,18,14,15,3,16],[9,17,13,5,21,14,18,1,2,15,3,16],[9,21,13,1,2,17,18,5,14,15,3,4,16],[1,21,9,5,17,18,13,14,2,15,3,4,16],[9,21,17,13,5,1,18,14,2,15,3,4,16],[21,1,13,2,9,5,17,18,14,15,3,16],[17,9,5,1,18,21,13,14,2,3],[21,5,17,9,13,1,18,14,2,15,3,4,16],[17,13,9,21,5,1,2,18,14,3],[21,5,9,17,13,1,2,18,14,3],[9,17,2,1,18,21,13,5,14,3],[9,21,5,1,13,2,17,18,14,3],[5,21,1,13,2,9,17,18,14,3],[17,13,5,21,1,2,18,9,14,3],[1,17,18,21,9,13,2,5,14,3],[5,17,13,1,18,2,21,9,14,15,3,16],[13,5,17,1,18,14,2,3,9,21],[1,9,13,14,2,3,21,17,18,5],[9,13,1,2,21,17,18,5,14,15,3,4,16],[5,13,21,1,14,2,15,3,17,18,9,16],[21,17,5,1,18,9,13,2,14,15,3,16],[13,1,2,9,17,18,5,21,14,3],[1,21,9,13,2,17,18,5,14,3],[21,9,17,13,5,1,18,14,2,3],[21,5,13,17,9,1,2,18,14,3],[21,13,9,17,1,2,18,5,14,3],[5,9,1,21,13,14,2,3,17,18],[9,21,5,13,17,1,18,14,2,3],[5,1,13,14,2,15,3,9,21,4,16,17,18],[17,21,9,13,1,18,2,5,14,15,3,16],[5,21,17,9,1,2,18,13,14,15,3,16],[17,13,21,1,18,2,5,9,14,3],[5,1,17,2,18,9,22,13,21,14,15,3,4,16],[21,9,13,5,17,1,2,18,14,15,3,4,16],[13,1,2,21,5,9,17,18,14,3],[17,13,21,9,1,18,2,5,14,15,3,4,16],[1,9,21,13,14,2,3,5,17,18],[17,1,18,21,5,13,14,2,15,3,9,16],[13,9,5,17,1,2,18,21,14,15,3,16],[21,17,5,1,18,13,2,9,11,14,15,3,16],[13,9,5,1,14,2,21,15,3,18,4,16],[5,21,9,17,1,2,18,13,14,3],[5,1,13,14,2,3,21,17,18,9],[9,5,17,2,1,18,21,13,14,15,3,16],[1,21,5,17,2,18,13,9,14,15,3,16],[21,5,13,9,1,2,17,18,14,15,3,16],[21,5,1,13,2,9,17,18,14,15,3,4,16],[13,17,21,5,9,1,2,18,14,3],[9,1,17,2,18,21,13,5,14,3],[13,21,5,1,2,17,18,9,14,15,3,4,16],[9,13,17,21,5,1,18,14,2,15,3,16],[21,5,17,9,1,18,13,14,2,3],[5,17,13,21,9,1,2,18,14,3],[1,9,5,17,18,13,2,21,14,15,3,4,16],[17,13,21,9,5,1,2,18,14,15,3,4,16],[5,13,1,14,2,21,3,17,18,10,9],[21,5,13,1,2,17,18,9,14,3],[5,9,13,17,1,2,18,21,14,15,3,4,16],[17,5,1,2,18,9,21,13,14,3],[13,1,14,2,3,21,9,17,18,5],[21,1,17,2,18,13,9,5,14,3],[9,13,17,21,1,2,18,5,14,15,3,16],[13,21,5,9,17,1,18,14,2,3],[17,5,9,1,18,21,13,2,14,3],[1,9,17,2,18,21,5,13,14,3],[1,5,13,2,9,21,17,18,14,3],[1,13,2,17,18,9,21,5,14,3],[1,17,2,18,5,21,13,9,14,3],[21,5,17,1,18,13,14,2,3,9],[13,1,14,2,3,5,21,17,18,9],[21,5,9,13,1,2,17,18,14,3],[1,13,2,21,17,18,9,5,14,15,3,16],[17,13,9,1,2,18,21,5,14,15,3,4,16],[5,21,17,1,18,9,13,14,2,15,3,16],[21,9,1,5,17,2,18,13,14,15,3,4,16],[21,1,9,5,13,14,2,15,3,17,18,16],[5,21,17,1,2,18,9,13,14,15,3,16],[1,21,17,2,18,13,9,5,14,3],[1,13,2,21,5,17,18,14,15,3,9,16],[1,13,2,9,17,18,21,5,14,15,3,16],[13,9,21,17,5,1,18,14,2,15,3,4,16],[9,17,5,21,1,2,18,13,14,15,3,4,16],[9,17,5,13,21,1,18,14,2,15,3,4,16],[5,1,9,13,2,21,17,18,14,15,3,16],[9,5,21,1,13,14,2,15,3,17,18,4,16],[9,17,5,13,1,2,18,21,14,3],[9,13,5,21,1,2,17,18,14,15,3,16],[21,5,1,17,2,18,13,9,14,3],[13,5,21,1,14,2,15,3,16,20,17,18,9],[13,9,1,2,21,5,17,18,14,15,3,4,16],[13,17,5,1,18,14,2,9,15,3,16,21],[5,21,13,9,1,14,2,3,17,18],[1,5,13,2,21,9,17,18,14,3],[5,9,13,1,14,2,3,21,17,18],[13,17,1,18,14,2,3,9,5,21],[21,1,9,5,17,2,18,13,14,15,3,4,16],[9,5,21,1,17,18,13,2,14,15,3,16],[13,17,21,5,1,18,2,9,14,15,3,4,16],[13,9,21,17,5,1,2,18,14,15,3,4,16],[5,1,9,17,18,21,13,14,2,3],[1,13,14,2,3,9,5,21,17,18],[17,13,5,21,9,1,18,14,2,3],[1,17,2,18,13,21,5,9,14,15,3,16],[21,13,9,17,1,18,14,2,15,3,5,16],[17,13,21,5,1,2,18,9,14,15,3,4,16],[13,9,17,21,5,1,18,2,14,15,3,4,16],[5,21,1,9,13,14,2,15,3,4,17,18,16],[5,1,21,9,17,18,13,14,2,15,3,16],[5,13,9,21,1,14,2,15,3,17,18,16],[1,21,13,14,2,15,3,9,5,17,18,4,16],[13,17,5,1,2,18,21,9,14,15,3,16],[1,21,17,2,18,13,9,14,15,3,5,16],[1,5,21,13,2,9,17,18,14,15,3,16],[1,5,17,18,9,13,14,2,3,21],[5,17,13,1,18,2,21,9,14,15,3,16],[17,9,13,5,21,1,2,18,14,15,3,4,16],[9,13,21,5,17,1,2,18,14,3]],"n_human":11}