{"problem_id":"sKU4nC3yOMAzy81","sigma":75,"alpha":1.000,"cost":0,"probabilities":"[0.15, 0.11, 0.11, 0.63]","payoff_matrix":"[[-49, -8, -2, 75, -26, -34], [-47, -101, 76, -106, -96, -27], [-13, 32, -22, 83, 44, 12], [-36, 60, -15, 5, 56, -37]]","uncovered":[[8,20,16,12,4,24,5,17,7,18],[4,24,16,12,20,8,5,17,6,19,7,18],[4,20,24,16,8,12,5,17,18,7],[24,16,12,8,4,20,5,17,19,6,18,7],[20,24,16,4,12,8,5,17,6,18,7,19],[4,8,24,16,12,20,17,5,18,7],[16,20,8,24,12,4,5,17,19,7,6,18],[12,20,4,16,24,8,5,17,7,18],[24,12,4,16,8,20,17,5,6,18,19,7],[12,20,4,24,8,16,17,5,19,6,18,7],[4,12,24,20,16,8,5,17,18,19,7],[8,16,20,4,24,12,17,5,7,19,6,18],[12,20,16,8,24,4,17,5,6,18,19,7],[24,16,12,4,8,20,17,5,7,18],[4,24,20,16,12,8,17,5,6,7,19,18],[12,20,16,8,24,4,17,5,6,18,19,7],[16,8,24,20,4,12,17,5,18,2,7],[24,20,16,12,4,8,17,5,18,6,19,7],[16,4,8,12,20,24,5,17,7,19,6,18],[8,20,12,16,4,24,5,17,18,7],[16,12,4,8,20,24,5,17,19,7,18],[12,20,24,8,16,4,5,17,6,18,19,7],[24,20,4,16,8,12,5,17,6,18,19,7],[12,24,8,4,20,16,17,5,19,7,6,18],[20,24,8,12,4,16,5,17,18,7],[8,16,12,4,20,24,17,5,19,6,10,7,18],[20,4,16,24,12,8,17,5,6,18,19,7],[16,20,24,4,8,12,5,17,7,19,18],[16,20,24,12,4,8,5,17,18,6,7,11,19],[16,4,8,24,12,20,17,5,7,19,18],[8,16,12,20,24,4,5,17,7,18],[12,20,4,16,24,8,5,17,6,19,7,18],[4,12,16,20,8,24,5,17,6,18,7,19],[24,8,20,16,4,12,17,5,19,6,18,7],[12,20,8,4,24,16,5,17,6,19,18,7],[16,12,24,4,8,20,17,5,18,9,2,7],[4,24,16,20,8,12,17,5,19,6,7,18],[4,12,20,24,8,16,17,5,6,18,7,19],[20,24,16,12,8,4,17,5,7,19,18],[20,24,4,8,16,12,17,5,18,6,7,19],[12,24,8,20,16,4,5,17,7,18],[20,4,12,8,16,24,17,5,7,19,6,18],[20,12,8,16,4,24,5,17,19,7,6,18],[16,8,4,24,20,12,17,5,19,7,18],[4,8,12,16,20,24,17,5,18,6,19,7],[12,20,8,16,24,4,5,17,7,18],[4,16,24,20,12,8,5,17,7,19,6,18],[16,4,20,8,12,24,5,17,7,19,6,18],[12,24,20,8,4,16,17,5,18,11,14,23,7],[4,12,8,24,16,20,5,17,6,19,18,7],[12,20,16,4,24,8,17,5,7,19,6,18],[16,8,20,4,24,12,5,17,18,7],[16,8,4,12,24,20,5,17,18,1,7],[16,12,24,20,8,4,17,5,18,9,22,1,6,19,7],[12,16,8,4,20,24,5,17,18,6,19,7],[4,12,8,24,16,20,17,5,7,18],[20,16,8,12,4,24,17,5,6,7,19,18],[4,24,8,20,12,16,5,17,7,19,6,18],[20,16,4,24,12,8,17,5,18,10,13,14,23,19,6,7],[20,24,16,8,12,4,17,5,18,7],[8,12,24,16,20,4,17,5,18,21,6,19,7],[12,16,4,24,8,20,17,5,19,6,7,18],[16,20,4,24,12,8,5,17,6,18,19,7],[24,8,12,20,4,16,17,5,7,18],[24,12,4,16,20,8,5,17,18,6,7,19],[8,16,4,24,20,12,5,17,7,18],[20,12,8,16,4,24,5,17,7,18],[16,12,4,24,8,20,5,17,7,19,18],[24,20,4,8,16,12,5,17,7,18],[24,8,20,16,12,4,5,17,19,6,18,7],[16,4,20,8,24,12,5,17,7,6,18,19],[20,8,16,12,24,4,5,17,18,15,7],[8,24,16,4,12,20,17,5,6,19,18,7],[12,16,20,4,8,24,17,5,18,15,7],[4,20,12,8,24,16,5,17,7,19,18],[24,16,20,4,8,12,5,17,18,7],[16,12,8,4,24,20,17,5,19,7,6,18],[24,4,20,8,12,16,17,5,7,18],[8,24,16,12,20,4,5,17,7,19,18],[16,12,20,24,8,4,17,5,19,7,18],[8,20,16,4,24,12,17,5,19,6,18,7],[20,16,24,8,12,4,17,5,18,22,9,6,19,7],[8,4,16,24,12,20,17,5,18,7],[24,8,20,4,12,16,17,5,6,18,19,7],[8,4,12,24,20,16,5,17,7,6,19,18],[12,20,8,16,24,4,5,17,7,18],[12,4,16,24,20,8,17,5,7,6,18,19],[8,24,16,4,20,12,17,5,18,9,13,7],[4,20,8,12,16,24,5,17,7,18],[20,4,24,8,12,16,17,5,6,18,7,19],[24,8,16,12,20,4,5,17,6,18,19,7],[16,8,12,4,20,24,5,17,7,19,18],[20,24,16,8,4,12,17,5,7,19,6,18],[12,4,16,20,24,8,17,5,6,19,18,7],[4,12,8,24,16,20,17,5,18,23,22,6,7,19],[16,8,4,24,12,20,5,17,6,18,19,7],[4,12,20,8,24,16,5,17,19,7,18],[16,4,20,8,12,24,5,17,7,19,18],[20,16,4,8,12,24,5,17,19,6,7,18],[12,8,24,4,16,20,5,17,6,19,18,7],[16,8,12,20,24,4,17,5,18,7],[20,12,16,4,8,24,5,17,18,7],[20,24,4,8,16,12,17,5,19,7,6,18],[20,4,16,24,12,8,5,17,19,6,7,18],[12,24,16,4,8,20,5,17,7,18],[16,4,24,12,8,20,5,17,6,19,7,18],[4,20,12,16,8,24,5,17,19,7,18],[16,24,12,4,20,8,17,5,19,7,18],[4,12,16,20,8,24,5,17,19,6,7,18],[12,8,16,4,20,24,5,17,7,18],[16,24,12,20,4,8,17,5,18,7],[16,8,20,12,4,24,17,5,19,6,18,7],[16,4,8,20,24,12,5,17,18,6,19,7],[24,4,20,12,16,8,5,17,18,6,7,19],[16,12,4,20,24,8,5,17,18,7],[16,12,4,24,20,8,17,5,18,6,19,7],[12,8,24,20,4,16,5,17,19,6,18,7],[8,12,16,4,24,20,5,17,19,6,7,18],[16,4,24,20,8,12,5,17,18,2,6,19,7],[8,16,12,24,20,4,17,5,6,19,7,18],[20,12,16,8,24,4,5,17,6,18,7,19],[20,12,24,4,8,16,5,17,7,19,6,18],[8,20,16,24,12,4,5,17,19,6,14,7,18],[12,16,20,24,8,4,5,17,18,6,19,7],[12,4,24,16,20,8,17,5,19,7,6,18],[8,4,20,12,24,16,5,17,6,18,19,7],[4,8,16,20,24,12,5,17,19,7,18],[4,16,8,24,20,12,5,17,6,19,7,18],[12,24,8,20,4,16,17,5,6,18,19,7],[16,20,4,24,12,8,17,5,7,19,6,18],[12,24,16,20,4,8,17,5,19,7,6,18],[16,24,12,20,8,4,17,5,19,6,7,18],[16,20,12,4,8,24,17,5,18,6,7,19],[4,20,8,24,16,12,5,17,6,18,7,19],[16,20,4,24,12,8,5,17,18,7],[12,20,24,8,4,16,5,17,19,6,7,18],[20,16,8,4,24,12,5,17,6,19,18,7],[20,8,24,4,16,12,5,17,18,7],[4,20,8,24,16,12,5,17,7,19,6,18],[20,12,4,24,8,16,5,17,19,6,7,18],[12,4,20,16,24,8,17,5,7,19,18],[12,20,24,4,8,16,5,17,18,1,14,7],[4,20,8,24,12,16,5,17,19,6,18,7],[16,20,8,12,4,24,17,5,6,19,18,7],[12,20,4,16,8,24,5,17,6,18,19,7],[8,20,4,24,12,16,17,5,7,19,18],[20,24,12,16,4,8,17,5,6,19,18,7],[24,20,4,16,12,8,17,5,6,19,7,18],[20,16,24,4,12,8,17,5,18,10,6,19,7],[4,16,12,24,20,8,5,17,18,1,23,15,2,7],[20,8,4,16,24,12,17,5,18,14,21,13,7],[24,4,16,20,12,8,5,17,7,6,19,18],[12,20,4,24,8,16,5,17,19,7,6,18],[16,4,8,12,20,24,5,17,7,19,18],[16,12,20,8,4,24,17,5,6,18,19,7],[8,20,12,24,16,4,5,17,6,18,7,19],[8,4,16,12,20,24,5,17,7,19,18],[16,12,4,20,24,8,17,5,7,19,18],[8,16,4,24,12,20,17,5,19,6,18,7],[16,4,20,12,8,24,17,5,18,6,7,19],[20,16,12,24,4,8,17,5,19,6,18,7],[4,12,16,20,24,8,17,5,6,18,7,19],[20,8,12,4,16,24,17,5,7,18],[4,16,8,24,12,20,17,5,6,18,19,7],[4,8,12,16,20,24,5,17,19,6,18,7],[16,8,24,20,4,12,5,17,6,19,18,7],[4,12,20,24,8,16,5,17,19,7,18],[20,12,16,8,24,4,5,17,7,19,6,18],[4,20,16,12,24,8,17,5,18,7],[4,12,24,16,20,8,17,5,6,19,18,7],[8,24,4,16,20,12,5,17,6,18,7,19],[16,8,20,24,4,12,5,17,7,18],[24,12,16,4,8,20,17,5,18,6,19,7],[16,20,4,24,8,12,17,5,18,7],[4,24,16,12,8,20,5,17,6,19,18,7],[4,24,16,20,12,8,17,5,6,18,19,7],[16,20,24,12,4,8,5,17,18,6,7,19],[16,12,4,8,24,20,17,5,6,18,7,19],[12,16,20,4,8,24,17,5,18,6,7,19],[20,12,24,8,16,4,5,17,18,23,10,6,7,19],[16,24,4,20,12,8,5,17,7,19,18],[20,24,8,4,12,16,17,5,19,7,6,18],[4,8,12,24,16,20,17,5,6,19,18,7],[4,12,8,24,20,16,5,17,19,7,18],[4,8,16,24,20,12,5,17,19,6,18,7],[16,24,20,8,4,12,17,5,6,7,19,18],[16,12,8,20,4,24,5,17,6,19,7,18],[24,16,8,20,4,12,5,17,7,19,18],[20,16,8,4,12,24,5,17,19,7,6,18],[8,20,12,24,4,16,17,5,18,6,7,19],[16,12,4,20,8,24,17,5,6,19,7,18],[24,12,20,8,16,4,17,5,6,19,18,7],[24,4,8,16,12,20,17,5,6,19,18,7],[16,8,24,20,4,12,5,17,6,18,7,19],[4,20,16,8,12,24,17,5,18,10,13,11,6,7,19,15,14],[16,4,24,8,20,12,5,17,6,18,7,19],[8,4,16,12,20,24,5,17,18,6,19,7],[8,12,20,24,16,4,17,5,18,7],[20,16,4,24,12,8,17,5,18,6,7,19],[4,20,12,8,16,24,5,17,6,18,19,7],[12,8,24,4,16,20,5,17,19,7,6,18],[24,12,8,16,4,20,5,17,18,19,6,7],[12,16,24,4,20,8,5,17,18,13,19,7],[4,16,24,8,12,20,17,5,19,6,7,18],[24,8,20,16,4,12,17,5,7,18],[20,8,16,12,4,24,5,17,6,19,7,18],[8,12,24,4,16,20,17,5,6,19,7,18],[16,8,4,12,20,24,17,5,19,6,18,7],[16,12,20,4,8,24,5,17,18,22,19,6,7],[12,20,24,8,4,16,5,17,18,7],[12,24,4,20,8,16,5,17,19,7,6,18],[8,4,24,20,12,16,17,5,18,11,6,19,7],[8,16,12,20,4,24,17,5,6,18,19,7],[20,12,8,24,16,4,17,5,7,18],[4,16,12,24,20,8,5,17,18,6,7,19],[8,12,4,16,24,20,17,5,7,19,18],[24,20,16,4,8,12,17,5,19,6,18,7],[24,12,4,20,8,16,17,5,19,7,6,18],[4,24,16,8,12,20,5,17,7,18],[20,4,12,8,16,24,5,17,18,1,3,14,6,19,7],[20,16,24,4,8,12,17,5,7,19,6,18],[24,12,4,20,8,16,5,17,6,18,19,7],[24,20,16,12,8,4,17,5,7,18],[16,4,8,20,12,24,5,17,7,18],[16,4,8,12,20,24,5,17,19,6,18,7],[12,16,8,20,4,24,17,5,7,19,18],[24,4,12,20,8,16,17,5,18,10,7],[8,16,20,4,12,24,17,5,6,19,18,7],[16,4,24,12,8,20,17,5,7,19,18],[16,12,4,8,20,24,17,5,19,6,7,18],[12,4,24,8,20,16,5,17,6,19,7,18],[8,24,16,12,4,20,17,5,7,19,6,18],[20,8,4,24,12,16,5,17,6,18,7,19],[24,16,8,12,20,4,17,5,19,7,18],[20,16,12,8,24,4,5,17,19,6,7,18],[24,8,20,16,12,4,17,5,18,7],[8,12,20,4,24,16,5,17,18,14,6,7,19],[20,4,16,24,12,8,5,17,7,19,6,18],[12,16,24,8,4,20,17,5,18,2,1,15,11,6,7,19,13,14],[24,8,20,4,16,12,17,5,18,6,7,19],[20,4,8,12,16,24,5,17,18,6,7,19],[4,24,8,20,16,12,5,17,6,19,22,18,7],[16,20,4,12,24,8,17,5,19,6,18,7],[24,12,4,8,20,16,5,17,19,7,6,18],[12,16,8,4,24,20,17,5,6,19,18,7],[12,20,8,4,24,16,5,17,7,19,18],[12,20,4,16,24,8,5,17,19,6,18,7],[20,16,12,8,4,24,17,5,7,19,18],[12,4,8,20,16,24,5,17,6,19,18,7],[16,4,8,20,12,24,5,17,7,18],[8,12,20,4,16,24,17,5,18,6,19,7],[16,20,12,8,4,24,17,5,19,7,6,18],[20,24,4,16,12,8,5,17,19,7,18],[8,24,16,4,20,12,5,17,7,19,18],[20,16,4,12,8,24,17,5,7,19,6,18],[4,24,8,16,20,12,5,17,6,18,7,19],[8,24,4,20,12,16,5,17,7,18],[12,8,16,4,20,24,17,5,19,6,18,7],[24,4,20,8,16,12,5,17,19,7,18],[12,16,24,4,20,8,5,17,18,22,1,19,6,7],[8,24,4,16,20,12,17,5,18,7],[4,24,16,12,8,20,5,17,6,18,7,19],[12,4,20,8,16,24,17,5,6,19,18,7],[20,4,12,16,24,8,17,5,18,22,2,19,6,7],[16,12,8,4,24,20,5,17,19,7,6,18],[16,20,8,12,24,4,17,5,19,7,18],[16,8,12,4,20,24,17,5,6,18,19,7],[8,16,4,20,24,12,17,5,18,9,6,19,7],[16,24,4,20,8,12,17,5,6,19,7,18],[24,16,4,8,12,20,17,5,18,6,19,7],[12,4,16,8,24,20,17,5,6,19,18,7],[8,20,4,12,16,24,17,5,18,19,6,7],[8,4,20,12,16,24,17,5,7,18],[8,20,16,12,24,4,17,5,18,19,7],[8,24,20,4,16,12,17,5,7,6,18,19],[8,16,4,20,24,12,5,17,18,19,7],[8,4,12,24,16,20,5,17,19,7,18],[8,12,4,16,20,24,5,17,19,6,18,7],[12,8,4,16,20,24,17,5,19,6,18,7],[12,16,8,24,4,20,5,17,18,15,6,7,19,14],[20,8,24,16,12,4,5,17,19,7,18],[24,12,8,20,4,16,5,17,18,6,19,7],[8,16,20,24,12,4,5,17,7,18],[12,4,20,16,8,24,5,17,19,6,7,18],[20,24,12,4,16,8,17,5,6,7,19,18],[8,24,16,4,12,20,5,17,7,18],[8,4,20,16,24,12,5,17,6,18,7,19],[12,4,8,24,20,16,17,5,7,19,6,18],[16,4,24,20,8,12,5,17,7,6,19,18],[8,12,20,4,16,24,5,17,7,19,6,18],[16,20,12,24,4,8,17,5,6,18,19,7],[16,12,20,8,4,24,17,5,7,18],[16,12,8,4,24,20,17,5,18,11,15,19,6,7,13,14],[4,8,24,20,16,12,5,17,19,6,7,18],[16,24,8,20,12,4,17,5,18,7],[16,20,8,4,24,12,5,17,18,3,22,21,7],[24,12,16,8,20,4,17,5,19,6,21,18,7],[12,4,16,24,8,20,17,5,7,19,6,18],[24,8,4,16,20,12,5,17,6,18,7,19],[16,24,4,20,12,8,17,5,6,19,18,7],[20,16,24,4,12,8,17,5,7,18],[4,16,8,24,12,20,17,5,19,6,18,7],[24,4,8,12,20,16,17,5,7,19,18],[8,16,24,12,20,4,5,17,7,19,18],[24,4,8,12,16,20,5,17,7,18],[4,24,20,8,12,16,5,17,6,18,19,7],[24,16,20,4,12,8,5,17,6,19,18,7],[24,4,8,16,20,12,17,5,7,18],[24,20,16,8,12,4,17,5,18,19,6,7],[8,16,12,4,24,20,17,5,18,10,13,7],[12,4,8,24,16,20,17,5,7,18],[8,4,12,20,24,16,5,17,19,7,18],[24,12,4,16,8,20,5,17,18,11,6,19,7],[4,24,16,8,20,12,5,17,6,18,7,15,19,13,14],[4,16,24,20,12,8,5,17,7,18],[4,12,8,16,20,24,5,17,6,19,18,7],[4,20,16,24,8,12,5,17,6,19,18,7],[8,4,12,20,24,16,17,5,6,18,7,19],[8,20,16,4,24,12,17,5,6,18,7,19],[4,24,8,20,12,16,5,17,19,6,7,18],[16,20,12,24,4,8,5,17,6,18,19,7],[24,4,20,12,8,16,17,5,7,19,6,18],[24,8,12,20,16,4,17,5,7,19,6,18],[16,4,8,20,24,12,17,5,6,19,18,7],[8,16,20,24,12,4,17,5,19,6,18,7],[4,24,12,16,20,8,5,17,7,18],[12,24,4,16,20,8,17,5,7,19,6,18],[8,24,16,20,4,12,5,17,7,19,6,18],[4,20,8,12,24,16,5,17,18,6,7,19],[8,16,20,12,24,4,17,5,7,18],[16,12,24,4,8,20,17,5,18,10,7],[12,8,4,16,24,20,5,17,7,18],[4,20,8,12,24,16,5,17,19,6,7,18],[20,16,8,24,4,12,17,5,6,19,7,18],[4,20,12,24,16,8,17,5,7,18],[24,16,8,20,12,4,17,5,18,7],[20,4,16,12,8,24,5,17,18,22,11,7],[4,12,20,24,16,8,17,5,7,18],[16,24,4,8,12,20,17,5,19,7,18],[4,12,24,8,20,16,17,5,18,7],[20,8,4,24,16,12,5,17,7,6,18,19],[12,24,8,4,20,16,17,5,7,18],[4,16,12,8,24,20,17,5,6,18,19,7],[8,24,16,4,20,12,5,17,7,18],[16,8,4,12,20,24,5,17,19,6,18,7],[4,20,16,24,12,8,17,5,19,6,18,7],[12,24,20,4,8,16,5,17,7,19,18],[12,16,8,24,20,4,5,17,6,19,18,7],[4,12,24,16,8,20,17,5,18,10,19,7],[24,16,8,20,12,4,17,5,19,18,6,7],[16,12,8,20,24,4,17,5,7,18],[20,16,24,4,8,12,5,17,6,19,7,18],[12,24,8,20,4,16,5,17,18,3,19,7],[16,12,4,24,20,8,17,5,18,14,3,6,7,19],[24,4,12,8,20,16,17,5,6,19,7,18],[16,24,8,12,4,20,5,17,7,6,19,18],[16,24,20,4,12,8,17,5,7,6,18,19],[16,20,12,24,8,4,17,5,19,7,6,18],[4,12,24,20,8,16,5,17,6,19,18,7],[12,16,24,8,4,20,17,5,18,3,19,6,7],[16,4,24,20,8,12,5,17,6,19,7,18],[12,20,4,8,24,16,5,17,6,19,7,18],[24,20,16,12,4,8,17,5,19,7,18],[4,20,24,12,8,16,17,5,7,19,18],[16,8,4,20,12,24,5,17,18,19,7],[16,24,8,20,12,4,5,17,18,7],[12,20,4,16,24,8,17,5,19,6,7,18],[16,12,4,24,20,8,17,5,7,19,6,18],[12,4,20,16,24,8,17,5,18,7],[20,4,8,12,16,24,17,5,18,19,6,7],[4,20,8,12,24,16,17,5,6,19,18,7],[16,12,8,24,4,20,5,17,6,19,18,7],[24,4,12,16,20,8,5,17,6,19,18,7],[4,8,12,20,16,24,17,5,6,19,18,7],[16,24,4,12,20,8,5,17,18,14,13,6,7,19],[8,20,12,4,24,16,17,5,6,7,18,19],[20,8,16,24,4,12,5,17,18,6,19,7],[4,8,24,20,12,16,17,5,6,19,7,18],[24,4,8,16,12,20,5,17,6,19,7,18],[20,24,12,16,8,4,5,17,19,18,6,7],[24,8,12,16,20,4,5,17,18,6,7,19],[24,8,12,16,4,20,17,5,7,19,6,18],[12,4,24,20,8,16,5,17,18,6,7,19],[20,4,8,24,16,12,17,5,7,18],[24,20,12,4,16,8,17,5,7,19,18],[4,20,24,12,8,16,17,5,18,2,15,19,7],[12,20,8,24,4,16,5,17,18,7],[24,20,12,16,8,4,5,17,18,19,7],[8,12,24,4,16,20,5,17,6,18,19,7],[4,12,16,24,20,8,17,5,18,9,19,6,7],[16,24,4,8,20,12,17,5,19,6,7,18],[4,24,12,20,8,16,5,17,6,7,19,18],[4,8,12,16,24,20,5,17,7,19,18],[16,20,4,24,8,12,5,17,7,18],[8,4,24,20,12,16,5,17,18,3,9,15,13,6,14,7,19],[12,24,16,4,8,20,17,5,19,6,18,7],[12,24,20,8,4,16,5,17,19,6,18,7],[16,8,20,24,4,12,17,5,19,6,7,18],[12,20,8,4,24,16,5,17,19,7,6,18],[24,20,4,16,8,12,17,5,18,7],[20,16,24,12,4,8,17,5,7,19,18],[4,8,16,12,24,20,5,17,7,18],[8,16,20,4,24,12,17,5,7,18],[12,16,20,8,24,4,5,17,7,6,18,19],[12,4,16,8,20,24,17,5,6,19,18,7],[24,4,16,20,8,12,5,17,6,19,18,7],[20,12,8,24,4,16,17,5,18,11,22,19,6,7],[24,8,16,20,4,12,17,5,18,6,19,7],[8,16,4,12,24,20,5,17,6,18,19,7],[8,20,16,12,4,24,5,17,19,6,18,7],[16,20,4,8,24,12,5,17,19,7,6,18],[24,12,20,4,8,16,5,17,6,19,7,18],[20,12,4,8,16,24,17,5,18,3,19,1,6,7],[12,8,20,4,16,24,5,17,7,19,6,18],[4,8,12,16,20,24,5,17,19,6,7,18],[8,12,16,4,20,24,17,5,18,6,7,19],[8,16,24,12,20,4,5,17,6,18,7,19],[4,12,16,20,24,8,5,17,18,19,7],[24,20,12,8,4,16,5,17,19,7,6,18],[12,16,24,8,4,20,5,17,19,7,6,18],[8,20,16,12,24,4,17,5,19,6,7,18],[4,20,8,12,24,16,17,5,18,6,7,19],[16,12,4,24,8,20,17,5,6,18,19,7],[20,24,8,16,12,4,5,17,19,6,7,18],[8,24,20,12,16,4,17,5,7,18],[4,20,24,16,8,12,17,5,6,18,19,7],[12,16,8,20,24,4,5,17,7,18],[16,24,8,12,4,20,5,17,6,19,23,18,7],[8,20,24,16,12,4,5,17,7,18],[20,8,24,4,16,12,5,17,19,6,18,7],[12,24,16,20,8,4,5,17,6,18,19,7],[8,4,20,12,24,16,17,5,18,23,6,7,19],[4,24,20,8,16,12,5,17,19,7,6,18],[4,16,8,20,24,12,5,17,6,18,7,19],[20,16,12,8,24,4,17,5,7,19,18],[8,4,12,24,16,20,5,17,19,7,18],[24,20,16,4,8,12,5,17,19,6,18,7],[16,8,20,4,24,12,5,17,18,6,19,7],[24,20,4,16,8,12,5,17,6,7,19,18],[8,4,12,20,16,24,17,5,19,6,7,18],[12,4,24,16,20,8,5,17,6,18,7,19],[12,8,16,4,20,24,17,5,19,7,18],[4,24,8,12,16,20,17,5,18,1,23,7],[20,8,12,16,4,24,17,5,19,6,7,18],[12,8,4,20,16,24,5,17,18,15,6,19,7,13,14],[8,16,20,12,24,4,5,17,7,19,18],[8,12,24,4,20,16,17,5,6,18,19,7],[8,20,24,12,4,16,5,17,19,6,7,18],[20,4,24,16,12,8,17,5,19,6,18,7],[12,24,16,4,20,8,5,17,19,6,18,7],[8,20,24,4,16,12,5,17,19,7,6,18],[8,24,4,20,12,16,17,5,6,19,7,18],[12,8,24,16,4,20,5,17,6,19,7,18],[16,12,24,4,20,8,5,17,19,7,18],[12,16,8,24,4,20,17,5,18,14,7],[16,20,24,4,8,12,17,5,6,18,7,19],[8,12,24,4,16,20,17,5,7,18],[8,12,24,4,16,20,5,17,18,11,23,19,7],[24,16,12,8,20,4,5,17,6,19,18,7],[8,12,24,16,4,20,5,17,6,18,19,7],[4,24,8,16,12,20,5,17,7,19,6,18],[8,12,24,16,20,4,5,17,7,19,18],[4,20,16,12,24,8,17,5,7,19,18],[8,24,16,4,20,12,17,5,6,18,7,19],[8,12,20,16,24,4,17,5,6,18,7,19],[24,4,8,16,20,12,5,17,6,19,18,7],[8,20,16,4,12,24,17,5,6,19,7,18],[20,16,8,24,12,4,5,17,19,7,18],[4,12,8,16,24,20,17,5,19,7,18],[12,8,4,16,20,24,17,5,18,19,6,7],[8,16,20,4,12,24,5,17,18,6,7,19],[4,16,24,20,8,12,5,17,7,18],[4,20,12,8,16,24,17,5,7,6,19,18],[16,12,20,24,4,8,5,17,6,19,7,18],[16,8,4,24,12,20,5,17,19,6,18,7],[16,4,12,8,24,20,17,5,19,6,7,18],[24,8,12,16,20,4,17,5,18,7],[12,24,20,4,16,8,5,17,19,7,18],[8,4,12,20,16,24,17,5,19,7,6,18],[24,16,20,4,12,8,5,17,19,6,18,7],[8,4,24,16,20,12,17,5,18,7],[24,20,8,12,4,16,17,5,7,18],[16,4,20,12,8,24,17,5,6,18,7,19],[4,20,12,24,8,16,17,5,6,19,7,18],[12,20,8,24,4,16,5,17,7,19,18],[16,20,4,8,24,12,5,17,6,19,7,18],[8,16,20,24,4,12,17,5,7,19,6,18],[4,20,12,8,16,24,5,17,7,6,18,19],[12,16,24,8,4,20,5,17,6,18,7,19],[8,20,16,24,4,12,5,17,6,19,18,7],[8,12,4,20,24,16,17,5,7,19,18],[16,24,4,12,20,8,5,17,7,19,6,18],[12,16,20,4,8,24,5,17,6,18,19,7],[16,20,24,8,12,4,5,17,7,19,18],[24,8,16,4,20,12,17,5,19,7,6,18],[8,16,24,4,12,20,17,5,6,18,19,7],[4,12,8,20,16,24,17,5,6,19,7,18],[24,12,8,4,20,16,5,17,6,18,7,19],[16,20,4,8,12,24,17,5,6,7,18,19],[12,24,20,4,8,16,17,5,18,9,15,10,21,6,19,7,13,14],[12,20,24,8,16,4,5,17,19,6,7,18],[16,24,8,4,12,20,17,5,6,18,19,7],[12,20,24,8,4,16,5,17,7,19,6,18],[12,20,8,16,4,24,5,17,19,6,18,7],[12,8,24,4,16,20,5,17,6,19,11,7,18],[16,8,24,4,20,12,17,5,19,7,18],[16,20,4,8,12,24,17,5,19,6,18,7],[24,20,8,4,16,12,17,5,18,6,7,19],[12,24,16,4,20,8,5,17,18,14,3,7],[12,4,24,16,8,20,17,5,6,7,19,18],[24,8,4,12,16,20,17,5,6,19,7,18],[4,20,8,24,16,12,5,17,6,7,18,19],[24,12,16,20,4,8,17,5,7,19,18],[12,24,16,8,4,20,5,17,7,19,6,18],[12,4,20,24,16,8,5,17,18,6,19,7],[16,4,8,20,24,12,17,5,6,18,19,7],[8,12,4,20,24,16,17,5,19,6,7,18],[24,20,8,12,16,4,5,17,19,7,18],[16,8,4,20,12,24,5,17,7,18],[20,12,4,8,24,16,5,17,19,6,18,7],[24,16,8,20,4,12,17,5,18,7],[24,4,16,8,20,12,17,5,19,7,18],[4,12,20,24,8,16,5,17,18,21,7],[4,8,16,20,12,24,17,5,6,19,7,18],[16,12,4,24,8,20,5,17,18,15,9,6,19,7,13,14],[24,12,16,4,8,20,5,17,18,22,9,21,13,7],[8,24,16,4,12,20,5,17,6,19,7,18],[20,8,16,12,4,24,5,17,19,7,6,18],[4,24,16,12,20,8,5,17,6,18,19,7],[24,8,16,12,4,20,5,17,6,19,18,7],[12,20,16,8,4,24,5,17,6,19,18,7],[16,8,4,12,20,24,17,5,6,19,18,7],[8,20,12,24,4,16,17,5,18,23,11,13,6,7,19,2,14],[16,20,8,24,4,12,17,5,7,19,18],[8,4,24,12,20,16,5,17,19,6,18,7],[8,20,4,12,24,16,5,17,7,18],[8,12,4,24,20,16,17,5,19,7,6,18],[12,16,4,24,20,8,5,17,18,6,19,7],[24,20,4,8,12,16,17,5,6,18,7,19],[16,12,4,24,20,8,17,5,7,19,18],[4,16,8,20,12,24,17,5,7,18],[8,24,4,12,20,16,5,17,18,3,7],[4,16,12,20,24,8,17,5,19,7,6,18],[20,4,16,12,8,24,5,17,18,13,6,7,19,15,14],[4,20,24,12,8,16,5,17,19,7,6,18],[8,16,20,4,24,12,5,17,6,18,7,19],[12,24,4,16,20,8,5,17,18,6,7,19],[16,4,24,20,12,8,17,5,18,6,7,19],[24,16,4,12,20,8,17,5,18,6,7,19],[16,24,20,4,8,12,17,5,19,6,18,7],[8,20,16,24,12,4,5,17,6,19,18,7],[20,12,4,8,24,16,5,17,19,7,18],[20,24,4,8,12,16,5,17,18,13,23,7],[12,24,20,16,4,8,5,17,6,18,7,19],[24,4,16,12,20,8,5,17,19,7,18],[16,20,24,4,12,8,5,17,6,18,7,19],[4,8,16,20,12,24,5,17,18,14,13,6,7,19],[4,8,16,24,12,20,5,17,18,22,9,6,7,19],[16,12,4,8,20,24,5,17,6,19,21,7,18],[8,16,24,12,20,4,5,17,6,7,19,18],[20,8,24,12,16,4,5,17,7,19,18],[24,16,20,8,4,12,5,17,19,7,6,18],[12,16,8,20,24,4,17,5,18,6,19,7],[20,16,4,8,24,12,17,5,18,7],[8,4,16,20,24,12,17,5,6,18,7,19],[24,20,8,4,12,16,5,17,18,7],[4,16,20,24,12,8,17,5,6,19,10,18,7],[8,24,16,20,4,12,17,5,7,18],[4,12,24,8,16,20,17,5,19,7,18],[4,20,24,12,8,16,17,5,6,18,7,19],[8,12,20,4,16,24,17,5,18,6,7,19],[16,4,8,12,24,20,17,5,6,18,19,7],[8,16,12,4,20,24,5,17,7,19,18],[24,12,8,16,4,20,5,17,19,7,18],[8,12,16,20,24,4,5,17,19,6,7,18],[4,24,12,8,16,20,5,17,7,18],[24,16,8,20,12,4,17,5,19,6,22,18,7],[20,4,12,16,24,8,5,17,18,23,7],[4,12,8,24,16,20,5,17,6,18,19,7],[8,4,24,20,12,16,17,5,6,19,7,18],[8,20,16,24,4,12,5,17,6,18,19,7],[24,12,16,8,4,20,17,5,18,23,7],[12,16,4,24,8,20,5,17,7,18],[16,8,4,12,24,20,5,17,19,7,18],[20,12,4,24,16,8,17,5,18,14,19,7],[4,12,16,20,8,24,5,17,19,6,18,7],[12,16,20,4,8,24,5,17,18,19,7],[12,16,24,4,8,20,17,5,19,7,6,18],[24,8,20,4,12,16,5,17,19,6,18,7],[20,12,16,4,8,24,17,5,19,6,22,18,7],[4,20,24,8,16,12,17,5,19,7,6,18],[16,20,12,4,8,24,5,17,6,19,18,7],[24,16,4,20,8,12,17,5,6,7,19,18],[24,12,4,20,16,8,5,17,18,15,13,2,7,9],[12,16,24,4,8,20,5,17,6,19,18,7],[20,16,12,24,4,8,5,17,19,7,18],[24,16,20,4,12,8,17,5,7,18],[8,20,16,12,24,4,17,5,6,19,18,7],[12,16,24,20,4,8,17,5,19,7,6,18],[16,12,20,4,24,8,5,17,7,18],[8,16,20,24,12,4,17,5,7,18],[8,4,24,20,12,16,5,17,6,18,7,19],[8,12,20,16,4,24,17,5,6,18,7,19],[4,8,24,12,20,16,17,5,6,18,7,19],[12,8,4,20,24,16,5,17,7,18],[4,24,20,16,12,8,5,17,19,6,7,18],[8,16,12,4,20,24,5,17,6,19,7,18],[24,20,16,8,4,12,5,17,19,7,6,18],[16,4,8,20,12,24,5,17,19,7,6,18],[24,8,12,4,20,16,5,17,7,19,18],[12,8,20,16,24,4,5,17,6,19,18,7],[8,20,24,12,16,4,17,5,18,10,9,6,7,19],[24,8,12,4,20,16,5,17,7,19,18],[16,20,4,12,8,24,5,17,19,6,7,18],[24,20,4,8,16,12,17,5,7,18],[12,16,8,4,24,20,17,5,18,6,7,19],[16,24,8,4,20,12,5,17,7,18],[24,12,20,8,16,4,17,5,7,19,18],[8,12,16,20,4,24,5,17,6,18,7,19],[4,12,8,20,24,16,5,17,19,7,18],[4,8,12,24,20,16,5,17,6,19,18,7],[4,20,24,16,12,8,17,5,6,19,1,18,7],[8,16,12,24,20,4,5,17,18,7],[4,16,12,20,8,24,5,17,7,19,18],[12,8,24,16,20,4,17,5,6,19,7,18],[20,24,4,8,16,12,5,17,19,7,18],[4,8,16,12,20,24,5,17,7,19,6,18],[20,24,16,4,12,8,17,5,6,18,19,7],[16,8,20,12,4,24,5,17,7,19,6,18],[16,24,8,20,12,4,17,5,7,18],[12,4,20,8,24,16,5,17,18,2,6,7,19],[24,4,16,20,8,12,5,17,7,18],[8,20,12,4,24,16,17,5,18,13,3,6,19,7,9,14],[8,20,12,24,16,4,5,17,18,19,7],[24,20,8,12,16,4,17,5,7,18],[12,20,4,24,8,16,17,5,19,7,18],[16,4,8,24,12,20,17,5,19,7,6,18],[4,20,8,16,24,12,5,17,19,7,18],[8,24,12,16,20,4,17,5,19,6,18,7],[20,8,16,4,24,12,5,17,19,7,6,18],[20,12,8,24,4,16,17,5,7,19,6,18],[16,24,8,12,4,20,17,5,18,6,7,19],[4,16,24,20,12,8,17,5,18,7],[8,4,24,20,12,16,17,5,6,19,18,7],[12,24,16,8,20,4,5,17,19,6,7,18],[8,20,16,12,4,24,17,5,7,18],[8,20,24,12,4,16,17,5,19,6,7,18],[8,24,4,20,16,12,17,5,7,18],[4,12,20,16,8,24,5,17,18,1,19,6,7],[8,16,4,24,20,12,17,5,6,18,7,19],[4,20,8,12,24,16,17,5,19,6,3,7,18],[20,4,8,16,24,12,5,17,7,19,6,18],[12,8,16,20,4,24,5,17,19,6,18,7],[8,4,20,12,16,24,17,5,19,7,18],[20,24,4,8,12,16,17,5,6,19,18,7],[4,16,8,12,20,24,5,17,6,18,7,19],[20,12,24,16,8,4,5,17,7,18],[24,20,12,16,4,8,17,5,6,18,7,19],[16,4,20,24,12,8,5,17,19,7,18],[8,16,4,20,24,12,17,5,19,7,18],[8,16,20,4,12,24,5,17,6,18,19,7],[8,12,20,24,4,16,17,5,6,19,18,7],[24,20,4,12,16,8,5,17,6,19,18,7],[4,20,16,24,8,12,5,17,18,23,7],[16,24,4,12,8,20,5,17,19,7,6,18],[8,20,24,4,16,12,5,17,18,19,7],[4,24,12,16,8,20,5,17,19,6,18,7],[20,16,8,4,24,12,5,17,6,19,18,7],[24,20,4,12,16,8,17,5,18,9,6,19,7],[16,20,12,8,24,4,5,17,19,6,18,7],[24,8,4,12,20,16,5,17,6,19,18,7],[24,20,16,12,8,4,17,5,18,9,22,6,19,7],[12,4,20,8,16,24,5,17,18,7],[24,16,20,12,8,4,5,17,18,22,7],[20,4,8,16,24,12,5,17,19,7,18],[16,20,12,4,24,8,5,17,6,18,19,7],[20,16,8,12,24,4,17,5,18,7],[16,24,8,4,20,12,5,17,6,18,7,19],[4,12,8,16,20,24,5,17,19,7,18],[24,16,12,4,20,8,5,17,6,7,18,19],[8,20,24,4,12,16,17,5,7,6,18,10,19],[4,20,24,12,8,16,17,5,18,7],[12,24,20,8,4,16,5,17,19,7,18],[4,24,20,16,8,12,17,5,6,19,7,18],[4,20,16,12,24,8,17,5,7,19,18],[8,12,4,24,20,16,5,17,6,19,7,18],[20,8,12,24,16,4,17,5,6,18,7,19],[8,4,24,12,20,16,5,17,18,7],[8,16,12,4,20,24,17,5,18,19,6,7],[20,24,8,4,12,16,5,17,19,7,18],[8,20,24,4,16,12,5,17,19,7,6,18],[16,4,20,12,8,24,5,17,19,6,7,18],[12,16,24,20,8,4,5,17,7,18],[12,24,4,20,16,8,17,5,7,19,18],[24,20,16,8,12,4,5,17,7,19,18],[12,16,4,20,24,8,17,5,7,18],[20,4,24,8,16,12,5,17,18,13,3,14,6,7,19],[12,4,16,8,20,24,5,17,6,19,7,18],[24,16,4,8,20,12,5,17,19,6,18,7],[4,20,8,24,12,16,17,5,6,19,14,1,18,7],[16,12,8,24,4,20,5,17,7,19,6,18],[12,16,24,8,20,4,5,17,6,19,18,7],[24,12,8,4,16,20,5,17,6,18,19,7],[12,16,8,4,20,24,5,17,19,7,6,18],[20,4,24,12,8,16,5,17,18,21,22,19,7],[4,12,8,16,24,20,17,5,6,19,7,18],[12,24,4,16,8,20,17,5,19,7,6,18],[16,4,24,8,20,12,17,5,18,11,7],[12,8,4,20,24,16,17,5,6,19,18,7],[12,24,20,16,8,4,17,5,6,19,18,7],[16,20,8,4,12,24,17,5,18,19,7],[4,20,24,8,16,12,5,17,19,6,7,18],[12,16,4,8,20,24,5,17,19,18,7],[8,12,4,16,24,20,17,5,6,18,7,19],[20,24,4,12,8,16,5,17,19,6,18,7],[8,4,16,24,20,12,5,17,6,18,19,7],[20,12,8,4,24,16,17,5,18,7],[16,20,8,12,24,4,5,17,7,18],[12,20,24,4,16,8,5,17,18,7],[16,12,4,20,24,8,17,5,7,18],[4,12,24,8,20,16,5,17,18,21,7],[24,4,20,8,12,16,5,17,18,1,22,19,7],[12,8,20,24,16,4,5,17,7,18],[4,20,8,12,16,24,5,17,19,6,18,7],[20,16,4,12,8,24,17,5,7,19,18],[12,8,4,16,24,20,17,5,6,18,7,19],[24,20,12,8,4,16,5,17,18,9,19,7],[4,12,16,20,24,8,17,5,7,18],[8,4,24,20,16,12,5,17,19,6,7,18],[12,4,8,16,24,20,17,5,18,7],[20,8,16,12,24,4,5,17,19,7,6,18],[16,12,20,4,24,8,5,17,19,6,18,7],[8,24,20,4,12,16,5,17,7,18],[12,8,4,24,16,20,5,17,6,18,7,19],[8,4,12,16,24,20,5,17,6,19,7,18],[4,24,8,16,12,20,17,5,7,18],[24,8,12,4,16,20,5,17,18,7],[12,8,4,20,24,16,5,17,6,19,18,7],[12,24,8,20,4,16,5,17,18,7],[20,12,8,4,24,16,5,17,19,6,18,7],[16,4,12,8,20,24,17,5,19,6,18,7],[16,24,12,20,4,8,17,5,19,6,7,18],[8,24,16,4,20,12,17,5,6,7,19,18],[8,16,20,12,24,4,5,17,6,19,18,7],[4,12,24,16,20,8,5,17,6,19,7,18],[12,24,16,20,8,4,17,5,6,18,7,19],[16,4,24,8,20,12,17,5,18,7],[8,20,4,16,12,24,17,5,6,19,7,18],[20,24,12,16,8,4,5,17,7,18],[20,8,24,4,12,16,17,5,6,18,7,19],[24,20,16,8,4,12,17,5,19,6,7,18],[8,12,20,24,16,4,5,17,18,6,7,19],[4,24,20,8,16,12,5,17,19,7,6,18],[24,8,20,12,4,16,5,17,6,19,18,7],[4,12,16,8,24,20,17,5,18,10,7],[4,24,20,12,8,16,17,5,19,7,6,18],[4,8,12,24,20,16,5,17,18,14,11,19,6,7],[8,20,4,12,24,16,17,5,18,6,19,7],[8,16,4,12,20,24,17,5,18,6,7,19],[8,4,24,12,16,20,5,17,7,19,6,18],[4,24,8,12,20,16,5,17,7,6,19,18],[12,24,20,16,4,8,5,17,19,6,7,18],[8,24,12,16,20,4,17,5,6,19,7,18],[16,8,20,4,12,24,5,17,18,6,7,19],[20,16,8,12,4,24,17,5,7,19,18],[4,8,20,24,16,12,5,17,19,7,18],[4,24,16,20,8,12,5,17,6,18,7,19],[12,24,16,20,4,8,17,5,18,7],[4,12,20,16,24,8,17,5,7,19,18],[8,24,16,20,4,12,5,17,18,9,3,10,13,7],[4,12,20,8,16,24,17,5,19,7,6,18],[24,4,16,20,8,12,17,5,6,19,7,18],[16,12,4,24,8,20,17,5,18,7],[24,4,16,20,12,8,17,5,19,6,7,18],[24,20,8,4,12,16,5,17,18,7],[24,4,20,12,16,8,5,17,7,19,6,18],[4,24,8,16,20,12,17,5,18,6,19,7],[4,12,8,16,24,20,5,17,7,19,18],[16,12,4,20,24,8,5,17,6,18,19,7],[20,16,24,8,4,12,17,5,7,18],[8,20,12,24,4,16,17,5,19,6,21,18,7],[16,8,20,24,12,4,17,5,7,18],[4,8,20,24,12,16,5,17,18,19,6,7],[24,16,12,4,20,8,5,17,18,11,19,7],[20,12,16,8,4,24,17,5,18,6,19,7],[24,16,4,20,8,12,17,5,19,6,18,7],[24,16,8,20,4,12,17,5,7,18],[8,20,12,24,16,4,5,17,18,10,6,19,7],[4,24,16,20,8,12,5,17,6,18,7,19],[20,16,12,24,4,8,5,17,18,15,2,6,7,19,13,14],[4,24,20,16,8,12,17,5,7,19,18],[16,8,20,24,12,4,17,5,19,6,18,7],[12,16,20,24,8,4,5,17,18,19,7],[4,8,12,16,20,24,17,5,6,18,7,19],[24,8,4,12,20,16,5,17,7,19,6,18],[8,12,20,4,16,24,5,17,6,18,7,19],[4,20,8,24,16,12,5,17,7,19,18],[8,24,4,20,16,12,5,17,6,19,9,18,7],[4,16,24,8,20,12,17,5,18,7],[12,8,24,20,4,16,17,5,7,19,6,18],[4,16,20,24,8,12,5,17,6,18,7,19],[4,12,24,20,8,16,5,17,6,18,7,19],[20,16,24,12,4,8,17,5,19,7,18],[12,24,4,20,16,8,5,17,18,23,6,7,19],[8,16,4,24,12,20,5,17,7,18],[4,8,20,24,12,16,5,17,6,7,18,19],[12,24,20,16,4,8,17,5,18,3,7],[12,24,16,20,4,8,17,5,19,7,6,18],[24,12,4,8,20,16,17,5,18,6,7,19],[24,16,8,20,12,4,5,17,7,19,18],[12,24,16,8,4,20,5,17,18,6,19,7],[4,16,20,12,24,8,17,5,6,18,19,7],[16,20,4,24,8,12,5,17,19,6,7,18],[24,8,16,4,20,12,17,5,19,6,1,18,7],[24,16,20,4,8,12,17,5,7,18],[20,8,12,24,4,16,5,17,19,6,18,7],[12,4,8,24,20,16,17,5,19,6,7,18],[16,12,20,8,4,24,5,17,18,10,14,1,11,7],[4,20,16,24,8,12,17,5,7,18],[24,4,8,20,16,12,17,5,7,18],[24,16,8,20,4,12,17,5,7,19,6,18],[8,4,24,20,16,12,17,5,18,7],[24,16,8,4,12,20,5,17,6,18,7,19],[8,20,4,12,24,16,5,17,7,19,18],[20,12,4,24,8,16,5,17,7,19,6,18],[4,16,8,20,24,12,17,5,18,9,2,1,11,22,6,7,19],[8,16,4,12,24,20,17,5,18,6,19,7],[20,8,16,12,24,4,5,17,18,6,7,19],[20,16,8,12,4,24,5,17,7,18],[24,20,12,8,4,16,5,17,18,6,7,19],[4,12,16,20,24,8,5,17,19,6,18,7],[8,20,12,16,4,24,17,5,7,18],[20,4,24,8,12,16,5,17,7,19,18],[4,8,12,24,20,16,17,5,7,18],[24,4,8,12,20,16,5,17,7,18],[20,16,12,4,24,8,17,5,19,6,7,18],[12,20,24,8,16,4,5,17,18,21,19,7],[20,24,12,4,8,16,5,17,7,18],[4,16,20,24,12,8,17,5,19,7,18],[24,12,8,4,16,20,17,5,19,6,18,7],[16,20,4,24,8,12,17,5,18,6,19,7],[12,8,16,24,20,4,17,5,19,7,6,18],[24,12,16,4,20,8,5,17,19,6,7,18],[4,20,12,16,24,8,17,5,18,14,6,7,19],[24,8,12,4,20,16,5,17,18,1,3,10,14,6,19,7],[24,16,20,8,12,4,17,5,6,18,19,7],[16,8,12,20,4,24,17,5,6,18,7,19],[20,16,12,4,24,8,5,17,7,19,6,18],[16,12,8,20,4,24,17,5,6,19,18,7],[12,16,8,4,20,24,17,5,6,19,7,18],[20,12,4,8,24,16,5,17,6,19,7,18],[16,12,24,8,20,4,17,5,18,19,7],[16,20,8,4,12,24,17,5,19,7,6,18],[24,8,16,20,12,4,5,17,19,6,18,7],[20,24,16,8,4,12,17,5,19,6,7,18],[12,8,24,4,16,20,17,5,6,18,19,7],[8,12,16,24,20,4,17,5,19,6,18,7],[24,16,8,12,20,4,5,17,18,6,7,19],[8,16,24,20,4,12,17,5,19,6,18,7],[16,8,20,4,24,12,5,17,6,19,18,7],[12,4,16,20,8,24,17,5,6,18,19,7],[12,24,20,4,16,8,17,5,19,7,18],[16,20,4,12,24,8,17,5,7,19,6,18],[12,8,20,4,16,24,5,17,7,19,18],[4,12,20,8,16,24,17,5,18,21,11,7],[20,24,16,4,8,12,5,17,6,18,19,7],[4,20,16,12,8,24,17,5,6,19,18,7],[4,12,16,20,24,8,5,17,6,18,19,7],[8,4,16,20,24,12,17,5,7,18],[4,8,16,12,20,24,17,5,7,6,19,18],[16,20,8,12,24,4,5,17,6,18,7,19],[12,8,4,16,24,20,5,17,19,7,6,18],[24,4,20,8,16,12,17,5,6,18,19,7],[20,8,16,4,24,12,17,5,18,14,6,19,7],[8,24,20,16,12,4,5,17,7,18],[16,8,24,4,12,20,5,17,6,19,7,18],[16,4,20,8,24,12,17,5,6,19,7,18],[8,20,12,4,16,24,5,17,6,18,19,7],[4,24,12,16,8,20,17,5,7,19,18],[20,16,12,4,24,8,5,17,6,19,7,18],[12,20,16,24,8,4,17,5,18,6,19,7],[4,24,20,16,8,12,17,5,19,7,18],[16,8,20,24,12,4,17,5,19,7,6,18],[4,16,20,12,24,8,17,5,6,18,19,7],[16,20,8,24,12,4,5,17,18,22,6,19,7],[8,4,24,16,12,20,17,5,7,19,6,18],[20,16,12,8,24,4,5,17,19,6,7,18],[16,8,4,24,20,12,5,17,7,19,18],[8,16,12,4,24,20,17,5,18,7],[8,4,16,24,12,20,5,17,19,7,6,18],[8,4,16,12,24,20,5,17,18,7],[8,24,16,20,4,12,17,5,19,6,7,18],[12,20,24,8,16,4,17,5,18,11,7],[20,24,12,16,4,8,17,5,6,18,7,19],[16,12,8,4,24,20,5,17,7,19,6,18],[24,12,4,16,8,20,17,5,19,6,7,18],[24,8,16,12,20,4,17,5,18,7],[24,8,16,20,4,12,5,17,7,19,6,18],[24,16,20,12,8,4,5,17,7,19,6,18],[16,12,20,24,4,8,5,17,18,6,7,19],[16,12,24,20,4,8,17,5,6,18,7,19],[16,4,8,24,20,12,17,5,7,18],[8,12,24,20,16,4,5,17,6,18,19,7],[12,8,16,20,4,24,5,17,18,14,6,7,19],[24,16,4,20,12,8,5,17,19,7,18],[12,24,4,8,20,16,5,17,19,6,18,7],[12,24,20,16,8,4,5,17,19,7,6,18],[4,16,24,12,8,20,17,5,19,7,6,18],[20,8,16,4,24,12,5,17,6,19,7,18],[12,16,20,8,4,24,5,17,19,7,18],[4,20,8,12,24,16,17,5,19,6,18,7],[12,24,8,16,20,4,5,17,18,7],[24,16,4,8,12,20,17,5,6,18,19,7],[24,12,8,16,4,20,5,17,18,6,19,7],[12,20,4,16,8,24,5,17,18,19,6,7],[12,16,20,8,4,24,17,5,18,14,6,7,19],[12,24,4,8,20,16,17,5,7,19,18],[20,8,16,12,24,4,5,17,7,18],[4,8,20,16,24,12,17,5,6,19,7,18],[24,20,16,12,8,4,17,5,19,7,6,18],[4,12,20,8,16,24,5,17,19,7,6,18],[20,16,24,8,4,12,17,5,7,19,6,18],[24,20,4,16,12,8,5,17,18,19,6,7],[20,16,12,4,24,8,5,17,7,18],[16,8,4,24,20,12,17,5,19,6,22,18,7],[8,20,16,4,12,24,5,17,19,6,7,18],[20,4,16,8,24,12,5,17,18,6,7,19],[20,16,12,4,8,24,17,5,18,6,7,19],[24,16,20,12,8,4,17,5,7,6,18,19],[20,8,24,4,16,12,17,5,7,18],[24,4,8,16,12,20,5,17,19,6,13,7,18,15,14],[4,16,12,8,20,24,5,17,7,19,6,18],[16,24,20,12,4,8,5,17,18,19,6,7],[12,24,16,20,4,8,17,5,19,6,18,7],[4,16,24,8,20,12,5,17,7,19,18],[4,20,12,24,8,16,17,5,7,19,18],[16,4,24,8,20,12,17,5,19,6,7,18],[20,12,8,24,16,4,5,17,19,6,18,7],[12,16,20,4,8,24,5,17,18,7],[4,8,24,16,20,12,5,17,6,19,7,18],[20,8,4,12,24,16,5,17,18,6,7,19],[4,24,20,8,12,16,17,5,18,6,7,19],[8,16,20,24,4,12,5,17,18,15,2,10,6,7,19,13,14],[24,20,16,8,12,4,5,17,6,19,7,18],[24,20,12,8,4,16,17,5,18,7],[24,16,4,20,8,12,17,5,19,7,6,18],[16,12,8,20,24,4,5,17,18,23,6,19,7],[8,20,16,24,12,4,17,5,7,18],[4,20,16,12,8,24,17,5,7,18],[20,24,4,8,16,12,5,17,18,6,7,19],[12,8,16,24,20,4,5,17,6,18,19,7],[24,20,8,4,16,12,17,5,6,19,18,7],[8,16,24,12,4,20,17,5,6,19,18,7],[16,4,8,24,20,12,5,17,18,13,7],[20,24,16,4,8,12,5,17,19,7,6,18],[24,20,12,8,4,16,17,5,7,19,18],[20,8,16,12,24,4,17,5,7,18],[24,16,4,12,8,20,5,17,19,6,18,7],[8,12,20,24,16,4,5,17,6,19,7,18],[12,24,16,20,8,4,17,5,6,18,19,7],[12,16,4,20,8,24,17,5,19,6,18,7],[12,4,20,24,8,16,5,17,19,18,13,6,7,23,14],[24,4,20,8,16,12,17,5,6,18,7,19],[24,16,12,8,20,4,5,17,18,9,21,6,19,7],[16,8,20,24,4,12,17,5,7,18],[20,24,16,4,12,8,17,5,19,7,18],[8,12,24,20,4,16,17,5,18,14,7],[8,12,16,24,4,20,5,17,6,18,7,19],[24,8,20,12,16,4,17,5,6,18,19,7],[24,4,8,20,12,16,17,5,6,18,19,7],[20,24,12,16,4,8,5,17,18,7],[20,12,8,24,4,16,17,5,7,18],[16,12,8,24,4,20,17,5,6,18,19,7],[4,24,16,20,12,8,17,5,19,6,18,7],[24,8,20,12,16,4,5,17,7,18],[4,16,12,8,24,20,17,5,18,1,7],[4,12,20,16,24,8,17,5,6,19,18,7],[20,16,24,4,8,12,17,5,18,7],[20,8,4,12,24,16,17,5,6,19,18,7],[24,4,8,12,20,16,5,17,7,18],[24,20,4,12,16,8,5,17,19,6,18,7],[20,4,16,12,8,24,17,5,18,13,10,6,7,19,14],[4,8,24,12,16,20,17,5,19,7,6,18],[4,20,24,8,16,12,5,17,7,19,6,18],[24,4,8,20,12,16,5,17,19,7,18],[16,24,12,4,20,8,17,5,18,7],[8,4,12,16,20,24,17,5,18,7],[16,4,24,12,20,8,5,17,19,6,18,7],[20,4,24,16,8,12,17,5,18,13,7],[4,12,20,24,8,16,5,17,6,18,19,7],[20,16,4,24,8,12,17,5,19,7,6,18],[8,16,12,24,20,4,5,17,19,7,18],[4,20,12,16,24,8,17,5,6,19,18,7],[8,20,4,16,12,24,5,17,18,22,3,6,7,19],[20,12,24,16,8,4,5,17,6,19,7,18],[24,4,16,8,20,12,5,17,6,18,7,19],[8,20,16,12,4,24,17,5,7,6,19,18],[12,4,16,8,20,24,17,5,6,18,7,19],[16,12,24,20,8,4,17,5,7,19,18],[20,8,4,24,12,16,5,17,19,6,18,7]],"n_human":7}