{"problem_id":"TbKNR3K4y7FYkoJ","sigma":75,"alpha":1.000,"cost":0,"probabilities":"[0.2, 0.41, 0.34, 0.05]","payoff_matrix":"[[-47, -238, -38, -89, 91, 41], [9, -77, 57, 42, -92, -80], [-87, 50, -200, 4, 37, 127], [-70, -99, 61, -118, -122, -192]]","uncovered":[[22,10,6,18,2,14,15,11,3,7,24,21,13,5,19,23],[14,18,2,10,11,22,6,15,3,8,23,21,13,7],[14,10,15,11,6,2,18,22,3,5,17,19,23,13,21],[6,18,10,2,14,15,11,22,3,20,23,21,13,7],[6,18,14,2,22,10,11,15,3,23,21,13,19,7],[22,14,10,11,18,6,2,3,7,15,9,23,21,13],[2,10,18,22,6,14,15,11,3,17,19,13,23,21,7],[18,14,22,10,11,6,2,15,3,23,13,21,5],[22,14,18,10,15,11,2,6,3,7,24,23,21,13,20,5],[10,22,18,2,6,14,15,11,3,7,23,13,21],[2,10,14,11,22,18,6,15,3,7,23,13,21],[14,18,6,22,10,15,11,2,3,16,7,23,21,13],[6,18,22,14,10,15,11,2,3,23,21,13,7],[18,2,6,22,14,10,11,3,15,24,7,16,17,19,13,5,23,21],[2,6,14,22,10,11,18,3,23,15,21,13,8,19],[6,18,22,14,10,15,11,2,3,19,17,23,21,13,7],[6,2,22,18,14,10,15,11,3,7,23,21,13],[6,2,22,18,10,14,11,15,3,24,5,19,23,13,21],[6,18,22,14,2,10,15,11,3,1,23,21,13,19,7],[6,22,18,2,14,10,11,15,3,20,16,5,23,21,13],[22,6,10,2,18,14,15,11,3,23,21,13,7],[10,18,6,14,15,11,2,22,3,16,23,21,13,7],[22,14,6,18,10,15,11,2,3,23,21,13,4,17,19],[18,10,14,11,2,6,22,15,3,21,23,13,20,8,5],[14,18,2,6,10,15,11,22,3,7,4,5,21,23,13],[18,6,10,2,14,11,22,15,3,17,19,7,13,23,21],[22,6,10,18,2,14,15,11,3,4,23,13,21,7],[2,6,14,10,11,22,18,15,3,7,24,13,5,19,23,21],[18,6,10,2,14,15,11,22,3,23,13,21,7],[2,22,10,6,14,11,18,3,23,15,21,13,7],[10,2,6,14,11,22,18,3,15,23,21,13,1,7],[10,6,18,2,14,15,11,22,3,24,7,16,19,8,23,13,21],[10,6,14,15,11,2,18,22,3,7,20,23,13,21],[14,10,15,11,6,2,18,22,3,7,21,23,13],[14,10,15,11,22,6,18,2,3,23,21,13,20,9,7],[18,10,6,22,14,15,11,2,3,13,7,23,21],[18,2,14,10,15,11,22,6,3,7,16,13,5,23,21],[10,22,18,14,15,11,2,6,3,4,17,19,24,7,13,5,23,21],[22,10,18,6,14,11,2,3,15,23,21,13,7],[6,10,18,22,2,14,11,15,3,8,1,19,7,21,23,13],[10,2,6,22,14,15,11,18,3,21,23,13,19,7],[6,14,2,22,10,11,18,15,3,7,23,21,13],[18,22,10,14,11,6,2,3,15,23,21,13,7],[10,2,18,22,6,14,15,11,3,7,23,21,13],[6,22,14,18,10,15,11,2,3,23,13,21,7],[18,2,14,6,22,10,11,3,15,7,19,23,13,21],[18,10,22,2,6,14,15,11,3,4,12,24,19,8,20,7,13,23,21],[14,2,18,22,10,15,11,6,3,7,23,21,13],[22,2,6,10,18,14,11,15,3,7,5,23,21,13],[18,22,10,6,2,14,11,3,7,15,19,24,13,5,23,21],[18,22,14,2,10,11,6,3,15,12,7,17,19,23,21,13],[14,6,10,15,11,2,22,18,3,23,13,21,7],[18,14,6,22,2,10,11,15,3,8,21,19,23,13],[14,10,11,6,18,22,2,3,15,17,19,13,23,21,7],[10,2,18,14,15,11,22,6,3,7,23,21,13],[14,18,6,10,11,22,2,15,3,7,23,13,21],[14,2,22,6,10,11,18,15,3,8,23,13,21,4,9,7],[18,14,22,6,2,10,15,11,3,20,7,23,13,21],[22,18,6,10,14,15,11,2,3,23,13,21,12,16,7],[2,18,10,6,14,11,22,15,3,7,23,21,13],[10,18,14,15,11,2,6,22,3,20,23,21,13,7],[6,2,22,10,18,14,11,15,3,23,21,13,5],[6,2,14,22,10,15,11,18,3,23,21,13,7],[14,22,6,10,15,11,2,18,3,7,13,23,21],[6,2,10,22,18,14,15,11,3,23,21,13,7],[22,10,18,14,11,6,2,3,15,23,21,13,7],[22,2,10,18,6,14,15,11,3,1,23,13,21,7],[22,10,6,2,18,14,15,11,3,7,5,20,23,13,21],[22,18,6,14,10,15,11,2,3,23,21,13,7],[14,10,11,6,2,18,22,15,3,23,13,21,7],[2,22,14,6,10,11,18,3,21,15,23,13,7],[6,10,18,2,22,14,15,11,3,23,13,21,19,7],[22,14,6,10,15,11,2,18,3,23,21,13,7],[2,10,18,6,14,11,22,15,3,19,7,21,23,13],[6,18,2,14,10,11,22,15,3,19,8,17,24,13,7,23,21],[18,22,6,2,14,10,15,11,3,19,23,21,13,4,12,7],[2,6,10,18,22,14,11,3,15,7,19,24,4,23,13,21],[18,2,6,10,22,14,15,11,3,24,7,9,5,13,19,23,21],[2,18,14,22,6,10,15,11,3,23,13,21,20,7],[18,6,10,14,11,22,2,15,3,19,7,23,21,13],[6,22,10,18,2,14,15,11,3,23,21,13,20,16,24,7,5],[10,6,14,11,22,18,2,15,3,7,23,21,13],[22,14,10,15,11,2,6,18,3,23,13,21,20,7],[2,10,6,18,14,11,22,3,15,17,19,7,13,23,21],[10,22,2,18,6,14,11,15,3,24,4,7,23,13,21,19,5],[22,18,6,10,2,14,11,3,15,7,17,19,13,5,23,21],[2,6,14,10,11,22,18,3,15,7,23,21,13],[10,2,14,11,22,18,6,3,15,17,19,13,7,23,21],[6,14,22,10,15,11,2,18,3,7,23,13,21],[14,2,10,15,11,6,22,18,3,7,23,13,21],[2,10,14,15,11,22,18,6,3,7,23,21,13],[2,10,22,18,14,11,6,3,15,16,23,13,21,7],[22,2,6,18,10,14,11,15,3,7,23,13,21],[2,14,6,18,22,10,15,11,3,7,20,23,13,21],[18,14,10,11,6,2,22,15,3,1,19,7,23,21,13],[22,10,14,15,11,18,6,2,3,7,23,21,13],[18,2,14,10,11,6,22,3,15,19,21,23,13,7],[2,18,14,6,10,15,11,22,3,8,19,23,13,21],[22,18,14,2,6,10,15,11,3,23,21,13,7],[2,18,22,6,10,14,15,11,3,7,16,21,23,13],[6,14,22,18,2,10,15,11,3,7,5,23,13,21],[10,2,22,6,18,14,11,15,3,7,19,23,13,21],[2,14,22,10,15,11,18,6,3,20,23,21,13,19,8],[14,22,6,2,10,15,11,18,3,5,9,16,23,13,21],[14,18,2,6,22,10,15,11,3,7,17,19,13,23,21],[10,14,11,18,22,2,6,15,3,7,5,23,13,21],[22,14,18,10,11,2,6,15,3,17,19,23,13,21,7],[6,22,18,10,14,11,2,15,3,12,17,19,23,21,13,7],[22,2,10,14,15,11,6,18,3,7,23,13,21],[2,6,18,14,22,10,11,3,15,23,21,13,8,7],[6,2,18,14,10,11,22,3,15,20,23,13,21,7],[18,10,14,11,2,6,22,15,3,24,5,23,13,21,19],[22,10,2,18,14,11,6,15,3,20,23,13,21,8,12,4,9],[6,2,10,22,14,11,18,15,3,7,21,23,13],[14,22,2,6,18,10,11,15,3,7,4,20,5,23,21,13],[10,2,14,15,11,6,22,18,3,16,7,8,23,21,13],[6,18,14,10,15,11,22,2,3,16,7,8,23,13,21],[22,10,6,2,14,11,18,15,3,19,7,23,21,13],[14,22,10,15,11,6,18,2,3,19,7,21,23,13],[22,2,14,18,10,15,11,6,3,23,21,13,1,17,19,7],[18,22,10,2,14,15,11,6,3,7,23,13,21],[6,22,2,14,18,10,15,11,3,23,21,13,5],[6,22,18,10,2,14,11,3,15,23,13,21,7],[18,6,2,10,22,14,15,11,3,7,9,17,19,13,23,21],[22,18,6,2,10,14,11,3,15,23,13,21,7],[22,18,2,6,10,14,11,15,3,21,19,24,7,5,23,13],[18,2,22,10,14,15,11,6,3,23,21,13,20,7],[18,10,6,2,22,14,11,15,3,4,5,19,23,13,21],[18,6,14,22,2,10,11,15,3,7,23,13,21],[6,22,2,18,14,10,11,3,7,15,19,5,23,13,21],[10,18,2,6,22,14,11,15,3,23,21,13,7],[22,10,18,2,14,11,6,15,3,5,23,21,13],[18,2,10,14,15,11,22,6,3,7,5,19,23,13,21],[18,10,6,22,2,14,11,3,15,7,21,23,13],[2,22,6,10,18,14,15,11,3,23,13,21,17,19,5],[22,14,10,11,18,2,6,3,15,20,7,1,23,13,21],[22,6,2,10,18,14,11,3,7,15,19,21,13,23],[14,6,22,10,15,11,2,18,3,7,1,19,16,23,13,21],[18,22,10,6,2,14,11,3,15,1,21,23,13,19,7],[2,22,14,6,18,10,15,11,3,7,19,23,21,13],[10,14,15,11,6,22,2,18,3,7,13,23,21],[10,6,14,11,18,22,2,3,15,7,23,21,13],[18,6,14,10,15,11,2,22,3,4,23,21,13,7],[22,10,14,11,2,18,6,3,15,7,4,19,23,21,13],[6,2,14,10,15,11,22,18,3,23,13,21,7],[2,18,22,10,14,11,6,15,3,7,23,13,21],[22,6,2,14,18,10,11,15,3,7,5,23,21,13],[18,6,14,10,15,11,22,2,3,5,23,13,21],[14,10,11,22,6,18,2,15,3,7,19,9,20,23,21,13],[22,6,2,10,18,14,15,11,3,8,23,21,13,12,7],[6,18,22,14,10,15,11,2,3,7,8,19,23,13,21],[10,18,2,6,14,15,11,22,3,23,13,21,7],[22,10,6,2,18,14,15,11,3,21,23,13,8,19],[10,18,2,6,22,14,11,3,15,23,21,13,7],[18,6,2,14,22,10,11,3,15,23,21,13,8,24,19,7],[6,22,14,18,2,10,15,11,3,7,23,13,21],[6,18,14,22,2,10,11,15,3,23,13,21,7],[6,18,22,10,14,11,2,3,15,16,7,23,13,21],[18,6,2,22,14,10,15,11,3,23,21,13,17,19,16,7],[18,22,10,14,11,2,6,3,17,15,19,23,13,21,7],[6,22,10,2,14,15,11,18,3,7,23,21,13],[6,2,18,10,14,11,22,3,13,15,7,23,21],[18,6,14,22,10,11,2,15,3,19,7,23,13,21],[22,10,6,14,15,11,2,18,3,7,24,20,4,16,19,5,8,13,23,21],[10,14,15,11,18,22,6,2,3,7,23,13,21],[14,18,2,22,6,10,11,15,3,7,16,23,21,13],[14,2,6,22,18,10,15,11,3,24,19,23,21,13,7,5],[10,18,22,14,11,2,6,15,3,23,21,13,9,19,1,4,7],[10,18,2,14,11,6,22,15,3,7,23,13,21],[22,10,18,14,15,11,6,2,3,23,13,21,7],[18,6,14,10,11,2,22,15,3,7,17,19,23,13,21],[2,18,14,10,11,22,6,3,15,23,21,13,19,7],[22,18,14,10,15,11,2,6,3,7,12,21,23,13],[10,18,6,22,14,15,11,2,3,7,21,23,13],[14,18,22,10,11,6,2,3,15,23,21,13,7],[18,22,6,2,10,14,15,11,3,21,23,13,7],[6,10,18,22,2,14,15,11,3,23,13,21,7],[22,10,14,11,18,6,2,15,3,7,23,21,13],[6,22,2,14,10,11,18,3,12,7,15,23,21,13],[6,10,22,14,11,18,2,3,5,15,19,23,13,21],[22,6,2,10,14,15,11,18,3,20,23,21,13,7],[6,10,2,22,14,11,18,3,15,7,23,21,13],[10,14,11,6,2,22,18,15,3,19,7,17,8,5,23,13,21],[22,6,18,10,2,14,11,3,7,15,19,23,13,21],[6,14,10,11,2,18,22,15,3,7,24,23,13,21,19,20],[10,18,2,22,6,14,15,11,3,7,23,13,21],[22,6,18,2,10,14,15,11,3,17,19,5,23,21,13],[22,10,14,15,11,6,2,18,3,23,21,13,7],[18,6,2,10,14,11,22,3,15,7,12,23,21,13],[2,6,10,18,22,14,11,3,15,7,9,13,23,21],[14,6,22,2,18,10,11,3,15,17,19,16,7,13,5,23,21],[22,10,14,15,11,6,2,18,3,23,13,21,7],[14,18,2,22,10,11,6,3,15,19,8,23,21,13],[6,10,22,2,18,14,15,11,3,24,7,17,19,5,23,13,21],[22,10,18,2,6,14,11,3,15,24,7,23,13,21,19,5],[10,2,6,18,14,15,11,22,3,19,7,16,24,17,13,5,23,21],[22,14,18,2,10,11,6,15,3,7,23,13,21],[18,10,22,2,6,14,11,3,15,7,24,19,16,12,13,5,23,21],[10,22,18,6,2,14,11,3,15,7,8,23,13,21],[2,6,14,10,11,22,18,3,15,23,21,13,20,24,7,1,19],[22,10,18,14,15,11,6,2,3,7,23,13,21],[10,14,15,11,18,6,2,22,3,7,12,23,13,21],[22,14,10,15,11,2,6,18,3,5,19,23,21,13],[2,10,6,22,18,14,11,15,3,19,17,7,13,23,21],[2,10,6,18,22,14,11,3,15,7,23,13,21],[18,22,6,10,14,11,2,3,15,7,17,19,24,13,5,23,21],[22,2,14,6,18,10,15,11,3,5,17,19,13,23,21],[22,18,2,14,6,10,15,11,3,23,13,21,24,7,19,5],[22,14,2,10,15,11,6,18,3,19,7,23,21,13],[22,2,18,14,10,15,11,6,3,7,23,13,21],[2,22,14,18,6,10,15,11,3,23,21,13,8,1,16,19],[14,10,11,2,18,6,22,15,3,7,17,19,23,13,21],[2,10,18,6,22,14,11,3,23,15,13,21,19,5],[10,6,22,14,11,2,18,15,3,4,23,21,13,7],[10,2,6,18,14,15,11,22,3,24,19,16,7,17,13,5,23,21],[10,14,15,11,6,18,2,22,3,23,21,13,7],[2,14,10,11,6,22,18,3,15,23,13,21,7],[6,2,14,18,22,10,15,11,3,7,19,23,21,13],[10,2,22,14,11,6,18,3,15,24,21,7,19,20,23,13],[14,6,10,11,2,18,22,3,15,23,21,13,7],[22,10,18,2,14,15,11,6,3,5,17,19,12,23,13,21],[18,22,2,6,10,14,15,11,3,23,21,13,4,7],[22,10,18,6,2,14,11,15,3,7,23,21,13],[10,6,18,22,14,11,2,3,15,5,23,21,13],[2,6,10,18,14,15,11,22,3,7,23,13,21],[10,22,6,2,18,14,11,15,3,5,24,13,19,23,21],[10,2,18,14,11,6,22,15,3,7,21,23,13],[14,2,10,11,18,6,22,15,3,7,23,13,21],[10,6,18,22,2,14,15,11,3,23,21,13,7],[22,18,2,6,14,10,15,11,3,7,23,13,21],[18,14,2,10,11,22,6,3,15,19,4,21,23,13,7],[14,18,6,22,2,10,11,15,3,19,7,23,13,21],[6,18,22,2,10,14,11,15,3,4,19,7,1,20,23,13,21],[2,18,6,14,10,15,11,22,3,19,13,7,23,21],[22,10,14,15,11,2,18,6,3,24,19,5,1,21,7,23,13],[18,22,6,10,14,15,11,2,3,23,13,21,8,17,19],[2,10,18,22,6,14,15,11,3,23,21,13,7],[18,6,2,14,10,15,11,22,3,12,23,21,13,8,7],[22,2,14,10,11,6,18,3,15,7,24,16,20,19,5,23,21,13],[10,22,14,11,18,2,6,15,3,24,20,9,7,23,21,13,5],[2,18,14,22,10,15,11,6,3,24,7,19,9,5,16,23,13,21],[14,6,10,15,11,2,18,22,3,7,23,13,21],[10,2,22,14,15,11,6,18,3,12,7,20,23,13,21],[22,18,6,10,2,14,11,15,3,23,13,21,5],[18,6,14,10,15,11,22,2,3,9,20,7,21,23,13],[10,22,14,11,2,18,6,3,15,4,5,23,13,21],[10,22,6,18,14,11,2,3,23,15,21,13,7],[22,6,14,10,11,2,18,3,15,23,21,13,7],[14,2,10,15,11,18,22,6,3,7,21,23,13],[10,14,15,11,2,6,22,18,3,23,21,13,17,19,7],[22,18,6,10,2,14,15,11,3,23,21,13,7],[18,22,6,14,10,15,11,2,3,24,17,7,19,23,21,13],[18,22,6,10,2,14,15,11,3,7,17,19,16,13,5,23,21],[22,14,6,18,2,10,11,15,3,7,23,21,13],[2,6,18,10,14,11,22,15,3,23,13,21,19,24,7,5],[10,14,11,2,18,22,6,15,3,7,17,19,24,13,5,23,21],[14,2,6,18,10,15,11,22,3,23,13,21,7],[10,18,2,14,11,22,6,15,3,23,13,21,8,16,5],[22,18,6,14,2,10,11,15,3,7,21,23,13],[6,10,14,11,2,22,18,3,15,8,4,19,23,21,13],[14,6,22,2,18,10,11,15,3,23,13,21,7],[10,2,22,6,18,14,11,3,15,23,13,21,8,20],[10,6,22,18,14,11,2,15,3,7,16,5,23,13,21],[2,18,6,14,22,10,11,3,15,7,23,13,21],[22,18,14,10,15,11,6,2,3,23,13,21,7],[14,18,6,2,10,11,22,3,21,15,23,13,7],[22,14,10,11,2,18,6,15,3,7,19,23,21,13],[22,14,18,2,6,10,11,15,3,23,13,21,7],[22,6,14,18,2,10,11,15,3,20,23,21,13,7],[18,6,22,2,14,10,15,11,3,1,7,21,23,13],[2,14,10,11,18,22,6,3,23,15,21,13,7],[14,6,2,10,11,22,18,3,7,15,17,19,13,23,21],[22,10,18,2,6,14,11,3,15,23,13,21,16,7],[6,18,10,14,11,22,2,3,15,7,23,21,13],[6,18,10,22,2,14,15,11,3,7,16,23,21,13],[14,10,15,11,2,22,18,6,3,23,13,21,19,7],[14,22,6,18,2,10,11,3,15,7,8,19,23,13,21],[10,14,15,11,18,2,6,22,3,7,23,21,13],[6,18,10,2,14,11,22,3,15,23,13,21,7],[2,6,10,18,22,14,15,11,3,13,7,23,21],[10,22,6,14,11,18,2,3,15,23,21,13,7],[6,10,14,11,18,22,2,15,3,23,21,13,8,7],[14,22,18,2,10,11,6,15,3,23,13,21,17,19,7],[14,10,11,22,6,18,2,3,15,7,19,23,13,21],[6,18,22,10,2,14,11,15,3,5,19,23,21,13],[18,14,10,15,11,6,22,2,3,7,19,23,21,13],[10,2,22,18,14,11,6,3,15,7,8,23,13,21],[6,10,14,15,11,22,18,2,3,1,23,13,21,7],[14,10,11,22,2,6,18,3,15,23,13,21,7],[10,22,2,14,15,11,6,18,3,17,19,13,23,21,4,5],[6,18,14,22,2,10,15,11,3,23,21,13,7],[2,18,14,22,10,15,11,6,3,1,24,23,13,21,7,5,19],[10,2,22,6,18,14,15,11,3,24,12,5,20,21,4,19,23,13],[2,22,14,6,18,10,15,11,3,20,23,13,21,7],[6,22,18,14,2,10,15,11,3,23,13,21,7],[22,2,10,14,11,18,6,3,15,12,21,23,13,8,19],[18,14,2,10,11,6,22,3,15,7,23,13,21],[6,2,22,10,18,14,11,3,15,23,13,21,8,20,7],[2,10,6,22,14,11,18,15,3,7,4,23,13,21],[6,18,10,2,22,14,11,3,15,23,13,21,7],[6,14,22,18,10,15,11,2,3,20,7,21,23,13],[6,22,18,14,2,10,15,11,3,7,19,24,17,13,5,23,21],[10,22,2,14,15,11,6,18,3,7,23,13,21],[10,2,6,22,14,11,18,15,3,7,19,23,13,21],[2,10,14,15,11,18,6,22,3,23,21,13,5],[2,22,6,14,10,11,18,15,3,20,7,19,24,5,21,1],[22,6,10,2,14,11,18,15,3,7,19,13,23,21],[10,22,6,2,18,14,11,15,3,7,19,9,17,16,13,5,23,21],[14,18,22,10,11,2,6,15,3,7,9,21,23,13],[18,6,22,10,14,11,2,15,3,23,13,21,5],[18,6,2,14,10,11,22,15,3,23,13,21,5],[2,18,14,22,6,10,15,11,3,21,23,13,7],[6,10,14,11,18,2,22,3,15,23,13,21,5],[18,14,6,10,15,11,2,22,3,7,23,21,13],[14,2,10,11,6,22,18,3,15,7,13,23,21],[18,22,14,2,10,15,11,6,3,19,5,4,23,13,21],[2,14,18,6,22,10,11,3,15,24,7,5,19,23,21,13],[2,10,14,11,22,6,18,15,3,12,7,19,24,13,5,23,21],[2,10,14,15,11,22,6,18,3,19,7,23,21,13],[2,18,14,10,11,6,22,15,3,19,23,13,21,7],[10,2,22,6,18,14,15,11,3,9,7,24,4,16,13,5,19,23,21],[14,6,22,10,11,2,18,15,3,23,21,13,19,7],[6,14,10,11,2,18,22,3,15,19,7,24,13,5,23,21],[18,6,2,22,14,10,11,15,3,23,13,21,7],[22,10,6,18,2,14,15,11,3,21,23,13,7],[14,6,10,15,11,22,18,2,3,19,7,23,13,21],[22,6,2,14,10,11,18,15,3,9,7,5,24,13,19,23,21],[6,10,14,15,11,18,2,22,3,7,19,23,21,13],[10,14,11,18,2,6,22,3,15,5,23,21,13],[10,14,15,11,2,22,18,6,3,21,23,13,9,20,7],[6,14,18,22,2,10,11,15,3,19,16,23,13,21,7],[18,14,10,15,11,22,2,6,3,4,7,24,20,13,5,23,21],[2,6,22,10,18,14,15,11,3,19,23,21,13,1,7],[14,18,2,10,11,22,6,15,3,7,21,23,13],[10,18,22,2,6,14,11,15,3,7,23,13,21],[10,2,14,11,6,22,18,3,15,13,7,23,21],[6,10,2,14,11,22,18,15,3,19,7,23,13,21],[6,14,22,2,10,11,18,3,15,19,23,13,21,7],[14,22,10,15,11,2,18,6,3,8,19,20,23,13,21],[2,6,18,10,22,14,11,3,15,23,21,13,8,5],[14,22,18,10,11,2,6,15,3,7,5,23,21,13],[2,6,10,22,14,15,11,18,3,21,23,13,7],[6,14,2,10,11,22,18,3,15,19,7,23,21,13],[10,2,14,11,22,18,6,15,3,21,23,13,8,17,19],[14,18,6,10,15,11,2,22,3,21,23,13,1,7],[10,22,6,18,14,11,2,3,15,7,21,23,13],[14,10,15,11,2,18,6,22,3,23,21,13,5],[6,2,22,18,14,10,11,3,15,7,23,13,21],[18,2,10,14,15,11,6,22,3,7,23,13,21],[10,18,2,14,15,11,22,6,3,1,23,13,21,19,20,7],[22,6,10,18,2,14,11,15,3,7,23,13,21],[2,6,14,18,10,11,22,15,3,4,23,13,21,9,20,7],[18,6,2,10,14,11,22,3,15,23,21,13,7],[14,10,15,11,22,6,2,18,3,23,13,21,8,19],[2,10,22,18,6,14,11,3,15,7,5,23,13,21],[6,10,18,14,15,11,2,22,3,21,7,23,13],[2,14,6,10,15,11,22,18,3,7,17,19,23,13,21],[14,18,6,22,2,10,15,11,3,7,8,21,23,13],[14,22,10,15,11,2,18,6,3,8,20,16,23,21,13,7],[6,22,10,14,11,18,2,3,15,7,4,23,21,13],[14,10,15,11,6,18,22,2,3,23,21,13,7],[22,10,18,6,14,15,11,2,3,7,19,23,21,13],[14,6,18,10,15,11,2,22,3,8,23,13,21,7],[2,10,18,22,6,14,11,15,3,13,7,5,23,21],[14,10,11,2,18,22,6,3,15,23,13,21,19,5],[22,2,14,6,10,15,11,18,3,21,23,13,5],[6,10,2,18,22,14,15,11,3,19,7,21,23,13],[10,2,18,6,14,15,11,22,3,7,20,23,13,21],[10,14,11,2,22,18,6,15,3,23,13,21,7],[2,10,18,14,11,22,6,15,3,23,13,21,7],[2,18,10,6,14,11,22,15,3,23,13,21,9,20,5],[14,10,11,22,18,6,2,3,15,23,21,13,24,7,19,5],[2,18,14,10,15,11,22,6,3,7,19,23,21,13],[10,14,15,11,18,6,2,22,3,24,20,21,7,23,13,5],[14,2,22,6,10,15,11,18,3,23,21,13,7],[2,22,18,10,14,11,6,15,3,7,20,23,21,13],[6,10,18,22,14,11,2,15,3,17,19,9,13,23,21,7],[10,2,6,22,14,11,18,3,23,15,21,13,7],[14,2,22,18,10,11,6,3,15,7,5,21,23,13],[14,10,11,18,6,22,2,3,15,5,23,21,13],[14,2,22,6,10,15,11,18,3,7,23,21,13],[10,6,2,22,18,14,11,15,3,5,20,23,21,13],[18,6,10,22,2,14,11,15,3,5,23,21,13],[18,14,22,2,6,10,11,3,7,15,19,23,21,13],[18,6,22,10,2,14,15,11,3,5,19,21,23,13],[6,18,10,14,15,11,22,2,3,23,21,13,7],[22,10,6,2,18,14,11,3,15,7,21,23,13],[14,6,10,15,11,18,22,2,3,7,23,21,13],[6,18,10,2,22,14,15,11,3,19,23,21,13,7],[10,2,22,14,11,18,6,3,15,7,23,21,13],[22,14,6,2,18,10,11,15,3,23,21,13,20,7],[10,6,18,22,2,14,15,11,3,7,23,13,21],[22,2,6,18,10,14,15,11,3,23,21,13,19,7],[18,6,14,22,10,15,11,2,3,13,7,5,23,21],[6,18,14,2,22,10,15,11,3,7,5,23,13,21],[14,6,22,18,2,10,11,15,3,7,23,13,21],[22,10,2,14,11,18,6,15,3,7,8,24,21,23,13,19],[14,22,18,6,2,10,11,3,15,7,19,20,23,13,21],[22,6,2,14,18,10,15,11,3,5,23,13,21],[14,10,15,11,6,2,22,18,3,5,23,21,13],[2,10,14,11,22,18,6,15,3,7,23,21,13],[18,6,2,14,22,10,11,3,15,5,23,13,21],[10,14,15,11,18,22,2,6,3,24,19,7,23,13,21,5],[2,14,10,15,11,22,18,6,3,7,23,13,21],[2,18,6,14,10,15,11,22,3,23,13,21,7],[22,10,6,2,18,14,15,11,3,7,19,23,21,13],[18,6,14,2,10,15,11,22,3,7,23,13,21],[10,18,14,15,11,6,22,2,3,23,13,21,7],[10,14,15,11,22,18,6,2,3,23,13,21,24,7,5,19],[2,18,22,10,6,14,15,11,3,24,7,12,13,19,5,1,23,21],[14,6,22,10,15,11,2,18,3,7,23,13,21],[6,10,22,2,14,11,18,3,15,7,23,13,21],[22,18,10,6,14,15,11,2,3,5,23,13,21],[6,14,22,10,11,2,18,3,15,7,13,5,23,21],[22,2,18,10,6,14,11,15,3,21,19,23,13,5],[2,14,18,6,22,10,15,11,3,8,21,24,5,7,23,13,19],[18,2,6,14,22,10,15,11,3,23,13,21,7],[14,18,22,6,10,11,2,15,3,7,23,13,21],[14,18,2,6,22,10,15,11,3,7,23,13,21],[2,22,10,6,14,11,18,3,7,15,9,21,23,13],[6,2,14,10,11,22,18,3,15,7,23,21,13],[18,14,2,6,22,10,11,15,3,7,23,13,21],[14,10,11,6,22,18,2,3,15,19,7,17,13,23,21],[22,18,10,2,14,11,6,3,15,23,13,21,7],[18,10,22,6,2,14,11,3,15,4,24,7,23,13,21,19],[10,2,14,15,11,22,6,18,3,19,5,23,21,13],[10,2,6,22,18,14,15,11,3,7,12,5,23,21,13],[14,2,18,10,15,11,22,6,3,23,13,21,7],[18,10,14,15,11,6,22,2,3,20,7,1,23,13,21],[6,18,10,14,11,22,2,3,15,7,23,21,13],[14,2,22,18,10,15,11,6,3,7,17,19,23,13,21],[10,6,2,18,22,14,15,11,3,19,7,8,23,13,21],[22,14,18,10,15,11,6,2,3,5,19,13,23,21],[22,10,6,14,11,18,2,15,3,23,21,13,5],[6,22,10,2,18,14,11,3,15,17,19,7,23,13,21],[18,14,10,11,6,2,22,3,15,23,21,13,19,7],[6,10,18,2,14,15,11,22,3,8,23,21,13,5],[10,2,22,18,14,11,6,15,3,23,13,21,19,16,9,7],[6,10,14,15,11,18,2,22,3,7,23,21,13],[10,6,2,14,11,22,18,3,15,13,7,5,23,21],[22,18,14,6,10,15,11,2,3,23,21,13,7],[10,2,18,6,14,15,11,22,3,7,24,12,5,23,21,13,19],[14,22,2,18,6,10,15,11,3,8,23,21,13,19],[22,14,2,6,10,15,11,18,3,8,19,1,21,23,13],[6,10,22,18,2,14,11,15,3,5,16,21,23,13],[10,18,14,11,6,2,22,15,3,19,5,23,21,13],[18,14,6,22,10,15,11,2,3,23,13,21,5],[2,14,18,10,11,22,6,3,15,23,13,21,12,7],[2,22,14,18,10,11,6,3,15,23,21,13,7],[14,2,18,6,10,11,22,3,15,23,21,13,5],[14,10,15,11,6,22,18,2,3,19,7,17,23,13,21],[2,18,6,22,14,10,15,11,3,16,7,13,5,23,21],[22,2,10,6,18,14,11,15,3,23,21,13,7],[2,22,6,10,14,11,18,15,3,23,21,13,19,7],[6,14,18,10,11,22,2,3,15,17,19,7,23,21,13],[14,22,18,6,2,10,15,11,3,7,23,13,21],[14,6,22,2,10,11,18,15,3,7,4,19,23,13,21],[10,6,22,18,14,11,2,3,5,15,20,4,1,23,13,21],[18,22,2,6,10,14,15,11,3,17,19,7,13,5,23,21],[10,22,2,18,6,14,11,15,3,23,13,21,19,7],[22,10,6,14,11,18,2,3,15,23,21,13,7],[14,22,2,10,15,11,6,18,3,7,23,13,21],[10,22,6,2,18,14,11,3,15,23,21,13,7],[2,18,6,14,22,10,11,15,3,19,23,21,13,20,7],[22,14,10,11,18,2,6,15,3,21,23,13,7],[22,10,2,14,11,6,18,15,3,23,21,13,19,7],[2,10,14,15,11,6,18,22,3,7,23,21,13],[22,10,14,11,2,18,6,15,3,23,13,21,7],[14,22,2,18,6,10,15,11,3,19,7,9,13,23,21],[2,10,18,22,6,14,15,11,3,7,23,13,21],[22,18,10,14,11,2,6,15,3,21,7,23,13],[18,14,10,15,11,6,2,22,3,23,21,13,7],[2,18,22,6,10,14,15,11,3,23,21,13,7],[18,2,14,10,11,22,6,3,15,7,23,13,21],[22,2,14,10,15,11,6,18,3,24,20,5,4,16,17,19,13,23,21],[14,22,6,10,15,11,2,18,3,7,5,16,23,21,13],[6,18,14,22,2,10,11,3,23,15,13,21,12,7],[6,14,18,2,10,15,11,22,3,7,17,19,8,13,23,21],[22,18,14,2,10,11,6,3,15,5,23,13,21],[22,2,14,10,15,11,18,6,3,24,7,19,23,13,21,5],[6,10,22,2,14,11,18,3,15,7,24,5,17,19,20,21,8,23,13],[14,6,2,18,22,10,15,11,3,19,23,13,21,17,7],[10,18,22,2,14,15,11,6,3,7,16,23,13,21],[10,6,22,2,14,15,11,18,3,17,19,7,13,23,21],[22,10,6,18,14,15,11,2,3,5,21,23,13],[10,22,2,18,6,14,11,3,15,7,20,13,23,21],[18,6,14,10,15,11,22,2,3,23,13,21,8,20,24,7,1,19],[14,10,15,11,18,22,6,2,3,5,23,21,13],[22,10,6,18,2,14,11,3,15,7,23,21,13],[6,14,10,15,11,18,22,2,3,23,21,13,7],[14,10,11,18,6,2,22,3,15,17,19,9,7,21,23,13],[18,10,22,6,14,15,11,2,3,23,21,13,7],[14,22,10,15,11,2,6,18,3,7,23,21,13],[14,2,6,18,10,11,22,15,3,23,21,13,7],[18,6,10,2,22,14,11,3,15,12,23,13,21,7],[22,18,2,14,6,10,15,11,3,17,19,13,23,21,5],[10,2,22,14,11,6,18,3,7,15,23,21,13],[14,10,15,11,18,2,6,22,3,7,23,21,13],[2,18,22,14,10,15,11,6,3,23,13,21,7],[18,22,14,6,2,10,15,11,3,7,23,21,13],[2,22,14,6,10,11,18,15,3,9,7,21,23,13],[6,22,18,10,2,14,11,15,3,7,23,13,21],[2,18,14,22,10,11,6,3,15,23,21,13,8,19],[18,14,22,2,6,10,11,3,15,23,13,21,7],[18,14,10,15,11,22,6,2,3,19,7,24,23,13,21,5],[6,22,2,18,10,14,11,15,3,5,23,21,13],[18,2,22,10,6,14,15,11,3,1,5,24,23,21,13,19],[10,18,22,2,6,14,11,3,15,7,24,19,17,13,5,23,21],[14,2,22,10,15,11,18,6,3,23,13,21,7],[10,18,2,14,15,11,6,22,3,8,23,13,21,19],[18,2,22,6,14,10,11,3,15,5,9,21,23,13],[10,22,2,6,14,15,11,18,3,19,21,24,8,7,5,12,23,13],[10,2,18,22,14,11,6,15,3,23,13,21,7],[14,6,18,22,10,15,11,2,3,16,24,7,19,13,5,23,21],[6,22,2,10,18,14,15,11,3,23,13,21,12,7],[2,10,6,22,18,14,15,11,3,23,21,13,7],[2,6,18,22,10,14,15,11,3,5,9,23,13,21],[2,22,14,10,15,11,6,18,3,7,13,23,21],[14,2,22,18,10,11,6,15,3,7,9,23,21,13],[22,14,10,15,11,18,2,6,3,21,23,13,16,17,19,7],[22,18,14,2,6,10,11,15,3,7,23,21,13],[6,14,2,10,15,11,22,18,3,7,23,13,21],[6,10,14,11,18,22,2,3,15,7,23,13,21],[10,22,18,14,11,2,6,15,3,21,23,13,7],[14,18,10,15,11,2,22,6,3,8,24,19,17,13,7,23,21],[10,22,18,6,2,14,15,11,3,23,21,13,7],[18,10,22,14,11,6,2,15,3,7,23,13,21],[6,2,22,10,18,14,11,15,3,21,23,13,7],[2,14,6,18,22,10,11,3,15,23,21,13,9,7],[2,6,10,22,18,14,15,11,3,7,1,8,23,13,21],[14,22,2,6,18,10,15,11,3,19,21,23,13,7],[6,18,10,22,14,15,11,2,3,23,21,13,24,7,5,19],[2,22,10,14,11,6,18,15,3,7,23,13,21],[10,2,14,11,6,22,18,3,15,7,23,21,13],[14,2,22,6,10,15,11,18,3,23,13,21,7],[2,6,22,14,10,11,18,15,3,23,13,21,8,17,19],[18,10,2,6,22,14,11,3,15,7,24,5,13,19,23,21],[18,2,6,22,14,10,11,15,3,7,19,13,23,21],[2,10,14,11,18,6,22,15,3,23,21,13,7],[2,6,18,14,22,10,11,15,3,19,24,7,9,1,23,21,13],[6,22,10,14,15,11,2,18,3,23,21,13,12,7],[2,22,18,14,6,10,11,15,3,9,23,13,21,5],[14,10,11,22,6,2,18,3,15,23,13,21,7],[14,18,10,11,6,22,2,3,15,17,19,23,21,13],[10,22,6,18,2,14,11,3,15,8,19,23,13,21],[22,2,14,10,15,11,18,6,3,21,23,13,1,12,5],[18,10,14,15,11,22,6,2,3,19,23,21,13,7],[2,6,18,14,10,15,11,22,3,7,21,23,13],[14,10,15,11,2,18,22,6,3,7,23,21,13],[14,22,6,2,18,10,11,3,16,15,5,23,13,21],[22,14,10,15,11,2,6,18,3,4,19,7,23,21,13],[10,18,2,14,15,11,6,22,3,5,19,1,21,23,13],[10,6,22,2,14,11,18,3,15,7,21,23,13],[22,18,2,14,6,10,11,15,3,23,13,21,12,8,7],[22,18,14,10,15,11,6,2,3,7,13,23,21],[10,2,18,14,15,11,22,6,3,7,19,23,13,21],[18,10,14,15,11,22,2,6,3,4,23,13,21,7],[18,2,6,10,22,14,15,11,3,23,13,21,16,7],[2,22,6,18,14,10,15,11,3,21,23,13,7],[18,22,10,14,15,11,6,2,3,19,23,13,21,7],[10,14,15,11,18,2,6,22,3,23,13,21,7],[18,14,6,10,15,11,22,2,3,23,21,13,7],[2,18,10,22,6,14,11,3,15,20,7,8,24,23,21,13,17,19],[22,10,18,14,11,2,6,15,3,24,5,20,9,7,17,19,8,4],[10,14,11,6,2,22,18,3,15,7,23,13,21],[2,6,18,10,14,15,11,22,3,7,24,19,13,5,23,21],[2,22,6,14,18,10,15,11,3,8,7,21,23,13],[14,2,10,15,11,6,22,18,3,7,23,21,13],[10,22,14,15,11,2,18,6,3,7,23,21,13],[18,10,6,14,11,2,22,15,3,19,7,24,8,4,16,17,13,5,20,23,21],[18,10,2,22,6,14,11,3,15,7,19,23,13,21],[10,22,6,14,15,11,2,18,3,23,21,13,20,17,7,19],[14,2,18,6,22,10,15,11,3,1,17,19,23,13,21],[22,2,18,14,10,15,11,6,3,19,7,17,13,23,21],[6,2,10,14,15,11,22,18,3,19,7,23,21,13],[6,10,2,18,22,14,15,11,3,7,19,23,13,21],[14,18,10,15,11,6,2,22,3,7,21,23,13],[18,6,2,10,14,11,22,15,3,16,23,21,13,9,7],[6,2,10,22,18,14,11,15,3,7,5,23,13,21],[2,10,6,18,14,15,11,22,3,19,23,21,13,1,7],[18,22,10,2,6,14,11,15,3,23,21,13,7],[10,18,14,11,2,6,22,3,15,17,19,13,7,23,21],[14,2,22,6,10,11,18,15,3,7,19,20,23,21,13],[2,22,18,10,14,15,11,6,3,9,23,13,21,24,7,5,19],[18,2,10,14,11,22,6,15,3,7,12,21,19,23,13],[18,10,2,6,22,14,15,11,3,5,16,23,21,13],[18,14,22,2,10,15,11,6,3,7,17,19,23,21,13],[22,18,14,2,6,10,15,11,3,21,23,13,7],[14,10,11,22,2,18,6,3,15,5,24,23,13,21,19],[14,2,10,11,6,22,18,3,15,7,13,23,21],[10,22,2,6,14,15,11,18,3,23,13,21,7],[6,14,22,2,10,15,11,18,3,4,7,5,23,13,21],[22,14,18,6,10,11,2,15,3,7,1,19,23,21,13],[14,18,22,10,15,11,2,6,3,7,13,23,21],[2,14,10,15,11,22,6,18,3,23,13,21,7],[22,2,10,18,6,14,15,11,3,9,19,21,23,13,7],[6,10,2,18,14,15,11,22,3,8,23,21,13,7],[18,6,22,2,10,14,15,11,3,5,19,8,23,13,21],[22,18,10,6,2,14,15,11,3,9,24,21,19,8,20,7,17,23,13],[14,2,10,11,22,6,18,15,3,19,1,23,21,13,5],[18,22,10,14,11,2,6,15,3,23,21,13,7],[18,2,6,10,14,11,22,3,15,4,7,5,23,13,21],[18,2,6,22,14,10,11,15,3,23,13,21,24,7,20,5],[18,6,22,2,14,10,15,11,3,7,23,13,21],[10,6,2,14,11,18,22,15,3,24,19,21,7,23,13,8],[2,10,6,18,22,14,15,11,3,8,23,13,21,20,7],[22,14,18,6,2,10,11,3,15,7,23,21,13],[6,18,2,10,22,14,11,3,15,21,7,23,13],[10,18,22,2,14,15,11,6,3,23,21,13,24,7,5,19],[18,10,2,6,22,14,11,15,3,17,19,13,7,23,21],[6,14,18,2,10,15,11,22,3,19,23,13,21,7],[2,6,18,10,22,14,11,15,3,23,13,21,7],[10,22,14,11,2,6,18,15,3,19,8,5,12,24,17,13,23,21],[10,18,22,6,2,14,11,15,3,19,7,21,23,13],[10,18,22,14,15,11,2,6,3,7,13,23,21],[6,22,10,2,18,14,11,3,15,7,19,23,13,21],[18,22,6,10,2,14,11,15,3,20,24,7,21,4,16,23,13,5],[22,6,18,14,2,10,15,11,3,7,23,21,13],[2,14,10,11,18,6,22,15,3,7,19,23,13,21],[18,22,10,14,15,11,2,6,3,7,23,21,13],[14,10,15,11,6,2,18,22,3,23,21,13,7],[22,10,6,2,18,14,15,11,3,7,23,21,13],[18,14,2,10,11,6,22,15,3,7,17,19,23,21,13],[22,14,18,10,15,11,6,2,3,9,4,7,23,13,21],[6,2,18,22,14,10,11,3,15,12,7,19,24,16,5,9,1,23,21,13],[18,22,6,10,2,14,15,11,3,7,4,23,21,13],[14,6,18,10,15,11,22,2,3,23,13,21,19,7],[22,18,6,10,2,14,11,3,15,7,23,13,21],[2,14,22,10,11,18,6,3,15,8,17,19,23,13,21],[6,14,10,15,11,22,2,18,3,7,23,21,13],[22,18,10,14,11,2,6,15,3,7,8,16,23,21,13],[22,10,18,6,14,11,2,3,15,20,23,21,13,7],[22,10,2,18,6,14,11,15,3,7,23,13,21],[10,6,22,2,14,15,11,18,3,19,24,7,20,23,21,13,5],[18,22,6,14,10,15,11,2,3,19,23,21,13,7],[6,2,10,18,22,14,11,3,9,15,24,7,23,13,21,5,19],[2,14,6,22,18,10,15,11,3,23,13,21,17,19,7],[10,6,14,15,11,22,18,2,3,7,23,13,21],[22,10,6,14,15,11,2,18,3,20,17,19,8,24,7,21,4,9,23,13],[2,14,18,6,10,15,11,22,3,7,21,23,13],[14,22,18,10,15,11,2,6,3,23,13,21,16,7],[2,14,22,10,11,18,6,15,3,8,21,23,13,16,17,19],[2,14,18,22,6,10,15,11,3,23,21,13,7],[6,2,10,18,22,14,11,15,3,5,1,19,24],[6,10,2,18,22,14,11,15,3,23,21,13,7],[2,22,18,10,6,14,15,11,3,23,21,13,8,5],[22,10,6,18,14,15,11,2,3,23,21,13,7],[22,10,14,15,11,18,6,2,3,1,7,4,17,19,13,23,21],[2,22,6,18,14,10,15,11,3,7,19,23,13,21],[14,18,10,11,6,2,22,15,3,7,17,19,13,23,21],[18,2,6,22,10,14,15,11,3,1,8,5,23,13,21],[18,2,6,22,14,10,11,3,15,21,23,13,7],[10,22,14,11,18,6,2,3,15,7,20,23,13,21],[22,14,10,15,11,18,2,6,3,23,21,13,7],[22,18,6,14,2,10,11,15,3,5,23,21,13],[10,2,14,11,18,6,22,3,15,7,23,13,21],[2,10,6,18,14,15,11,22,3,17,19,13,7,5,23,21],[22,6,10,18,2,14,11,15,3,19,7,23,13,21],[18,6,14,22,10,15,11,2,3,21,23,13,5],[18,14,6,22,10,11,2,3,15,1,4,20,23,13,21,7],[22,14,10,15,11,18,6,2,3,23,21,13,7],[14,18,10,15,11,22,2,6,3,12,8,5,24,19,16,13,23,21],[10,6,14,15,11,22,18,2,3,23,13,21,8,4,12,7],[6,22,18,10,2,14,11,15,3,19,23,21,13,7],[18,22,14,2,10,15,11,6,3,19,7,23,13,21],[6,10,2,18,22,14,11,3,15,23,21,13,17,19],[22,14,6,10,11,2,18,3,15,7,23,21,13],[18,6,14,2,22,10,11,3,15,21,23,13,19,7],[22,14,18,6,10,15,11,2,3,7,23,21,13],[18,6,10,22,2,14,11,15,3,7,23,13,21],[2,22,18,6,14,10,15,11,3,7,8,23,13,21],[22,6,14,2,10,15,11,18,3,19,21,23,13,17,7],[22,2,14,18,10,11,6,3,7,15,1,19,23,21,13],[22,2,14,18,6,10,15,11,3,7,23,21,13],[22,18,14,6,2,10,11,15,3,19,23,21,13,7],[14,2,10,15,11,18,6,22,3,7,21,5,23,13],[18,14,2,10,11,22,6,15,3,23,21,13,20,8,17,19],[18,14,10,15,11,22,6,2,3,23,21,13,7],[2,10,6,22,18,14,11,15,3,7,12,20,1,19,21,23,13],[22,2,10,6,18,14,11,3,15,23,21,13,7],[10,18,6,2,14,15,11,22,3,21,23,13,7],[14,18,2,22,10,11,6,3,15,7,23,21,13],[22,18,10,2,14,11,6,3,7,15,23,21,13],[2,6,14,10,15,11,22,18,3,23,13,21,5],[14,6,22,10,11,2,18,3,15,8,19,7,23,13,21],[18,22,6,2,14,10,11,15,3,23,13,21,7],[2,6,14,18,22,10,15,11,3,19,7,13,23,21],[2,6,14,22,10,11,18,3,13,15,23,21,7],[18,22,6,2,10,14,15,11,3,19,7,13,23,21],[10,18,6,14,15,11,2,22,3,8,21,23,13,17,19],[6,18,22,2,10,14,11,3,15,23,21,13,7],[10,22,2,14,15,11,6,18,3,19,7,24,12,23,13,21,5],[22,2,18,14,10,15,11,6,3,7,23,21,13],[2,18,10,14,11,6,22,15,3,23,21,13,19,7],[18,10,14,11,6,2,22,15,3,19,23,21,13,9,24,7,5],[6,22,14,10,11,18,2,3,15,5,23,21,13],[10,22,2,6,14,11,18,15,3,7,23,13,21],[2,18,14,22,6,10,15,11,3,23,13,21,8,5],[2,14,10,11,22,18,6,15,3,9,24,1,23,13,21,7,5,19],[2,18,14,10,11,6,22,3,15,7,4,23,21,13],[2,10,6,14,15,11,22,18,3,8,23,13,21,5],[2,10,6,18,22,14,15,11,3,19,23,13,21,7],[18,2,14,10,11,22,6,3,15,7,23,21,13],[22,14,10,11,2,18,6,3,15,19,7,24,5,4,21,16,23,13],[2,10,22,18,6,14,15,11,3,7,24,19,21,5,23,13],[2,14,22,18,6,10,11,15,3,19,23,21,13,16,7],[14,22,18,10,15,11,2,6,3,23,13,21,5],[6,22,18,14,10,11,2,3,15,7,23,13,21],[14,6,2,10,15,11,18,22,3,7,5,20,19,23,13,21],[10,2,14,15,11,18,22,6,3,23,13,21,7],[22,14,2,10,11,6,18,15,3,7,23,13,21],[6,10,2,18,22,14,15,11,3,16,7,23,13,21],[14,22,6,2,10,11,18,3,15,7,17,19,5,8,13,23,21],[2,10,6,18,22,14,15,11,3,1,7,19,5,24],[10,22,6,14,11,18,2,3,15,7,21,23,13],[2,14,6,22,10,15,11,18,3,21,23,13,8,20,16,4,17,19],[2,6,22,18,10,14,15,11,3,7,24,8,19,12,17,13,5,23,21],[18,10,6,2,22,14,11,3,15,17,19,7,23,21,13],[18,2,10,14,15,11,6,22,3,23,13,21,7],[22,18,10,14,11,6,2,15,3,23,21,13,17,19,4,7],[2,18,10,22,14,11,6,15,3,24,7,13,5,19,23,21],[22,18,6,14,10,15,11,2,3,7,19,23,13,21],[18,6,14,2,22,10,11,3,13,15,7,23,21],[14,10,15,11,6,18,2,22,3,7,16,5,23,21,13],[14,10,11,2,6,18,22,3,15,7,17,19,16,13,5,23,21],[18,14,6,22,2,10,15,11,3,7,17,19,23,21,13],[6,2,14,10,11,22,18,15,3,7,23,13,21],[2,10,6,22,14,15,11,18,3,7,5,23,21,13],[22,18,2,6,14,10,15,11,3,8,21,1,23,13,17,19],[10,22,2,6,14,11,18,3,15,7,23,21,13],[22,6,18,10,2,14,15,11,3,7,19,23,21,13],[6,18,14,22,10,15,11,2,3,7,23,13,21],[6,14,10,15,11,18,22,2,3,24,23,21,13,7,19,5],[10,2,22,14,15,11,18,6,3,19,7,23,21,13],[14,10,11,18,22,6,2,3,15,23,21,13,8,7],[22,10,14,15,11,18,6,2,3,7,19,23,13,21],[6,22,2,10,14,11,18,15,3,5,1,23,13,21],[14,10,11,22,2,6,18,3,15,7,1,23,21,13],[18,22,10,14,11,2,6,15,3,7,8,20,23,21,13],[14,10,11,2,22,6,18,3,15,7,23,21,13],[6,14,22,18,10,11,2,3,15,7,5,8,23,13,21],[2,14,22,10,11,18,6,15,3,7,23,13,21],[18,6,10,22,2,14,15,11,3,17,19,23,21,13,7],[2,14,18,22,6,10,11,3,15,7,23,13,21],[2,18,6,22,10,14,11,15,3,23,13,21,7],[10,18,14,15,11,2,22,6,3,7,23,21,13],[10,14,11,2,18,6,22,15,3,7,1,23,13,21],[6,18,10,2,14,11,22,15,3,19,12,23,21,13,7],[22,14,6,18,2,10,15,11,3,24,17,19,7,13,5,23,21],[22,10,6,18,2,14,15,11,3,20,23,13,21,5],[14,6,2,22,10,15,11,18,3,5,20,23,13,21],[10,2,22,18,14,11,6,3,15,7,23,13,21],[6,2,22,18,10,14,15,11,3,19,23,21,13,7],[2,10,6,18,14,11,22,15,3,7,23,13,21],[6,10,22,18,14,15,11,2,3,17,19,13,7,23,21],[10,2,22,14,11,6,18,3,15,24,20,23,13,21,7,5],[6,22,14,18,10,11,2,15,3,23,21,13,5],[22,6,2,14,18,10,15,11,3,7,19,21,23,13],[10,14,15,11,22,2,18,6,3,7,23,21,13],[10,2,6,14,15,11,22,18,3,7,23,21,13],[10,2,6,14,15,11,22,18,3,8,23,13,21,7],[10,22,2,18,6,14,11,3,15,17,19,23,21,13,7],[18,22,6,14,10,11,2,15,3,23,21,13,7],[18,14,22,10,15,11,2,6,3,7,19,23,21,13],[22,6,14,18,10,11,2,3,15,21,23,13,5],[2,6,14,22,18,10,15,11,3,7,23,13,21],[22,10,18,6,2,14,15,11,3,21,23,13,7],[22,10,14,11,18,6,2,15,3,7,9,23,13,21],[18,14,6,10,15,11,2,22,3,7,24,23,13,21,17,19],[22,10,6,2,14,11,18,3,15,24,19,7,4,13,5,23,21],[14,10,15,11,18,2,22,6,3,7,20,12,5,1,24,23,21,13],[22,6,2,10,18,14,15,11,3,1,7,19,23,21,13],[14,6,2,10,15,11,18,22,3,21,23,13,7],[10,14,11,18,2,22,6,15,3,7,23,21,13],[14,6,10,15,11,18,22,2,3,21,23,13,5],[10,18,2,22,14,11,6,15,3,19,23,21,13,4,16,7],[22,14,18,6,2,10,15,11,3,20,7,4,16,23,21,13],[18,14,22,10,15,11,6,2,3,20,16,7,23,13,21],[22,18,2,14,10,11,6,15,3,17,19,23,21,13,20,7],[14,2,6,22,10,15,11,18,3,20,23,13,21,5],[2,18,6,22,10,14,11,15,3,23,21,13,1,7],[18,6,22,14,2,10,11,15,3,5,23,21,13],[6,18,2,14,22,10,15,11,3,23,21,13,7],[2,6,22,14,10,15,11,18,3,7,20,13,5,23,21],[6,10,22,18,2,14,11,3,23,15,13,21,7],[22,14,18,6,10,11,2,15,3,7,23,21,13],[22,2,18,6,14,10,15,11,3,23,13,21,7],[22,2,14,6,10,11,18,3,15,23,21,13,7],[10,6,18,22,14,15,11,2,3,7,23,21,13],[6,10,14,15,11,2,18,22,3,7,21,23,13],[18,6,22,2,14,10,15,11,3,8,7,16,24,5,17,19,13,23,21],[22,14,2,6,10,15,11,18,3,7,4,24,1,19,23,21,13],[10,14,11,18,22,6,2,15,3,19,7,23,13,21],[14,6,10,11,2,22,18,15,3,5,13,23,21],[14,2,18,6,10,15,11,22,3,7,12,23,21,13],[22,10,6,18,2,14,11,15,3,9,8,23,21,13,7],[2,14,6,22,10,11,18,3,15,23,13,21,5],[18,10,2,6,22,14,15,11,3,16,23,13,21,5],[10,14,11,2,18,22,6,3,15,21,23,13,12,7],[18,10,2,14,11,6,22,3,15,7,1,24,8,19,9,17,5,13,23,21],[22,14,6,18,10,15,11,2,3,8,23,13,21,19],[22,2,6,18,14,10,15,11,3,7,23,13,21],[10,2,18,22,6,14,11,15,3,7,24,23,21,13,20,19],[22,14,18,6,2,10,11,15,3,24,23,13,21,7,19,5],[2,14,22,10,15,11,6,18,3,19,23,13,21,17,9,7],[2,22,18,14,10,11,6,3,15,7,19,4,17,13,23,21],[22,10,14,11,6,18,2,3,15,9,23,21,13,7],[18,6,10,2,22,14,15,11,3,23,21,13,7],[18,6,22,2,10,14,15,11,3,17,19,21,23,13,7],[18,10,14,15,11,2,22,6,3,5,23,13,21],[18,22,2,6,14,10,15,11,3,23,13,21,7],[18,14,6,10,15,11,22,2,3,7,23,21,13],[22,14,18,2,6,10,15,11,3,17,19,13,7,23,21],[22,14,2,18,6,10,15,11,3,23,21,13,7],[14,10,15,11,22,2,6,18,3,7,17,19,23,13,21],[18,6,22,10,14,15,11,2,3,8,17,19,23,13,21],[22,10,2,18,14,15,11,6,3,7,19,5,12,23,13,21],[6,14,10,15,11,22,18,2,3,7,23,21,13],[22,6,14,18,10,15,11,2,3,7,23,21,13],[22,2,6,18,14,10,11,15,3,7,21,23,13],[10,22,14,15,11,18,6,2,3,23,21,13,12,7],[22,10,18,2,6,14,15,11,3,8,17,19,23,13,21],[18,22,14,2,6,10,15,11,3,7,17,19,24,5,16,13,23,21],[14,18,22,2,6,10,15,11,3,7,23,21,13],[6,14,2,10,15,11,22,18,3,7,19,23,21,13],[18,22,2,6,10,14,11,15,3,23,13,21,9,7],[2,6,22,10,14,11,18,3,23,15,13,21,7],[14,18,6,22,2,10,11,3,15,23,21,13,19,7],[18,2,22,6,10,14,11,3,15,19,12,23,21,13,7],[14,10,11,22,2,6,18,15,3,19,7,5,13,23,21],[10,22,18,6,14,11,2,3,23,15,13,21,7],[22,18,14,10,11,6,2,15,3,7,23,21,13],[18,10,14,15,11,2,6,22,3,23,21,13,7],[22,10,18,14,11,6,2,15,3,20,7,21,23,13],[10,2,14,15,11,22,6,18,3,23,21,13,8,19],[14,2,22,6,18,10,11,15,3,7,19,21,23,13],[2,18,6,14,22,10,15,11,3,21,23,13,7],[14,18,10,11,2,22,6,15,3,7,19,12,1,23,21,13],[22,6,10,2,18,14,11,15,3,7,23,21,13],[2,10,6,18,14,15,11,22,3,19,12,1,7,24,5,8,23,21,13],[2,22,14,6,10,11,18,15,3,7,23,13,21],[18,10,6,14,15,11,22,2,3,21,23,13,17,19,7],[6,2,22,18,10,14,11,15,3,21,23,13,7],[14,18,10,11,22,2,6,3,15,7,1,23,21,13],[10,18,14,11,2,22,6,3,7,15,13,23,21],[22,18,6,14,10,15,11,2,3,7,23,21,13],[14,6,2,18,22,10,15,11,3,7,23,13,21],[14,10,15,11,22,18,6,2,3,7,20,23,13,21],[10,14,11,18,6,2,22,3,15,23,13,21,7],[22,14,18,6,10,15,11,2,3,21,23,13,17,19,12,7],[10,2,22,14,15,11,6,18,3,23,13,21,16,7],[18,2,6,10,14,11,22,3,15,23,13,21,7],[6,18,14,2,10,11,22,15,3,7,8,23,13,21],[18,22,6,2,10,14,15,11,3,16,23,13,21,7],[2,18,14,6,10,15,11,22,3,7,23,21,13],[2,18,14,22,6,10,15,11,3,19,7,5,23,13,21],[6,10,22,2,14,11,18,15,3,19,24,7,8,1,5,21,23,13],[14,18,6,10,11,2,22,3,15,5,23,21,13],[6,10,14,11,2,18,22,15,3,7,23,21,13],[2,18,14,10,15,11,6,22,3,7,23,21,13],[22,18,14,6,2,10,11,15,3,7,23,13,21],[6,10,22,14,15,11,18,2,3,7,9,8,20,23,21,13],[22,18,2,14,6,10,15,11,3,23,13,21,7],[10,22,2,18,14,15,11,6,3,7,23,21,13],[14,22,6,2,10,11,18,3,15,23,13,21,17,19,9,1,7],[18,6,14,10,11,2,22,3,23,15,21,13,7],[22,10,6,18,14,11,2,15,3,23,13,21,5],[14,18,22,2,10,15,11,6,3,7,24,21,17,19,13,5,23],[22,18,6,14,2,10,11,15,3,7,1,13,23,21],[6,22,14,10,15,11,2,18,3,7,19,12,24,13,5,23,21],[22,14,2,18,6,10,11,15,3,17,19,7,13,23,21],[6,14,22,10,11,18,2,3,15,7,23,21,13],[14,2,6,22,18,10,11,3,15,19,7,21,23,13],[14,10,11,2,22,6,18,3,15,8,17,19,23,13,21],[18,10,6,14,15,11,22,2,3,19,7,23,13,21],[2,14,6,22,10,15,11,18,3,17,19,7,9,13,5,23,21],[10,14,11,18,6,22,2,15,3,5,7,24,4,20,21,16,23,13],[18,2,6,10,14,15,11,22,3,4,17,19,7,23,21,13],[2,10,22,14,15,11,6,18,3,23,13,21,7],[2,6,14,22,18,10,11,15,3,19,24,7,17,23,13,21],[10,22,18,2,6,14,11,3,15,12,5,23,21,13],[10,2,18,6,14,15,11,22,3,23,21,13,5],[18,22,2,10,14,11,6,15,3,21,23,13,7],[6,10,14,15,11,22,2,18,3,19,17,13,23,21,7],[6,14,10,11,22,18,2,3,15,7,20,23,13,21],[6,10,18,14,15,11,22,2,3,8,23,13,21,5],[18,14,22,2,6,10,11,15,3,23,21,13,8,7],[6,10,22,18,2,14,15,11,3,7,20,23,13,21],[22,18,14,10,11,2,6,15,3,23,21,13,19,7],[22,18,2,6,14,10,15,11,3,23,13,21,17,19,12,7],[22,2,18,10,14,11,6,3,15,7,19,1,23,13,21],[14,10,11,22,18,2,6,3,17,15,19,24,23,21,13,7],[2,22,10,18,14,11,6,3,15,23,13,21,5],[6,14,22,2,18,10,11,3,15,7,1,4,21,13,23],[10,22,18,2,14,11,6,3,15,23,21,13,9,8,20,7],[18,14,2,10,11,22,6,15,3,7,19,12,23,13,21],[18,14,10,15,11,22,6,2,3,7,20,12,21,23,13],[2,22,18,14,6,10,11,3,7,15,5,13,23,21],[2,14,22,10,15,11,18,6,3,7,9,23,21,13],[22,2,6,18,10,14,11,15,3,7,23,13,21],[14,10,11,22,6,2,18,3,15,23,13,21,5],[14,22,2,6,18,10,11,15,3,1,9,7,23,21,13],[18,14,22,6,2,10,15,11,3,7,16,23,21,13],[22,2,6,18,14,10,11,15,3,7,20,23,21,13],[18,10,2,14,11,22,6,3,15,23,21,13,8,4,7],[18,14,22,6,10,11,2,3,15,17,19,23,13,21,7],[22,18,14,2,6,10,15,11,3,23,21,13,7],[18,10,22,2,14,11,6,15,3,7,23,21,13],[14,22,10,15,11,18,2,6,3,23,13,21,7],[18,6,10,2,22,14,11,3,7,15,23,13,21],[18,14,6,22,10,11,2,15,3,23,21,13,5],[14,10,15,11,22,18,2,6,3,23,13,21,7],[6,2,18,14,22,10,11,3,15,7,17,19,1,5,13,23,21],[6,18,22,2,14,10,15,11,3,19,7,23,13,21],[2,14,10,15,11,18,6,22,3,7,23,13,21],[10,18,2,22,14,11,6,3,15,7,1,4,17,19,16,13,5,23,21],[2,10,6,18,22,14,15,11,3,23,13,21,7],[2,6,14,22,10,11,18,15,3,23,21,13,19,5],[10,2,18,6,22,14,15,11,3,23,13,21,7],[18,2,6,14,10,15,11,22,3,7,13,5,23,21],[6,10,22,14,15,11,2,18,3,23,13,21,7],[10,6,18,14,11,22,2,3,15,7,19,23,21,13],[18,2,22,6,10,14,11,3,7,15,13,23,21],[22,10,18,6,2,14,11,15,3,9,23,13,21,19,8],[18,2,6,10,22,14,11,3,7,15,17,19,5,13,23,21],[2,18,14,6,22,10,11,15,3,12,7,17,19,13,5,23,21],[6,2,10,14,15,11,22,18,3,5,23,13,21],[6,2,22,14,18,10,15,11,3,7,23,13,21],[22,10,6,18,2,14,15,11,3,23,21,13,5],[6,18,2,14,10,15,11,22,3,16,4,23,21,13,19,7],[10,6,22,18,14,15,11,2,3,7,23,13,21],[2,6,18,14,10,11,22,15,3,7,23,13,21],[10,2,18,22,14,15,11,6,3,23,21,13,8,1,7],[22,18,6,10,2,14,11,3,15,19,23,13,21,7],[22,18,6,14,2,10,11,3,15,8,23,13,21,20,24,7,5],[22,18,10,2,6,14,15,11,3,23,13,21,7],[14,22,18,10,15,11,2,6,3,8,23,21,13,19],[10,14,11,18,22,6,2,15,3,7,23,21,13],[18,6,2,14,10,11,22,15,3,7,16,23,13,21],[18,22,14,10,15,11,6,2,3,23,13,21,8,5],[2,10,14,15,11,6,22,18,3,23,21,13,7],[10,6,14,15,11,2,18,22,3,24,19,7,13,5,23,21],[2,6,14,18,10,11,22,15,3,20,21,23,13,1,7],[6,2,22,18,10,14,11,15,3,7,5,23,13,21],[14,10,15,11,22,18,2,6,3,23,21,13,7],[10,2,6,18,22,14,15,11,3,8,23,21,13,5],[2,18,6,14,22,10,15,11,3,1,23,13,21,7],[6,22,18,2,10,14,15,11,3,23,21,13,7],[10,22,18,6,2,14,11,3,23,15,21,13,9,7],[18,6,10,2,14,11,22,3,15,7,23,13,21],[14,2,10,11,6,22,18,15,3,23,13,21,7],[22,6,14,18,2,10,15,11,3,23,21,13,7],[14,18,6,22,10,11,2,15,3,4,7,23,21,13],[14,18,6,22,2,10,11,15,3,16,7,23,21,13],[22,14,18,2,10,11,6,3,15,23,13,21,7],[10,6,18,14,15,11,22,2,3,7,19,21,23,13],[6,18,22,14,2,10,11,3,23,15,21,13,5],[22,18,14,2,10,15,11,6,3,23,13,21,1,8,19],[22,14,6,2,18,10,11,15,3,7,21,23,13],[14,2,22,18,6,10,15,11,3,23,21,13,5],[6,10,22,18,2,14,15,11,3,23,21,13,7],[22,18,14,6,10,15,11,2,3,23,21,13,8,16,19],[2,14,6,22,10,15,11,18,3,24,7,17,19,12,13,5,23,21],[10,14,11,2,6,18,22,3,15,24,16,7,19,23,13,21],[6,14,18,22,10,11,2,3,15,7,24,5,23,13,21,19],[6,10,2,14,15,11,18,22,3,4,19,24,7,21,20,23,13],[2,22,18,14,6,10,11,15,3,7,17,19,21,23,13],[10,6,18,2,14,15,11,22,3,7,23,21,13],[18,10,6,2,22,14,15,11,3,7,23,21,13],[22,18,10,2,6,14,11,15,3,7,21,23,13],[18,10,2,22,6,14,15,11,3,7,23,13,21],[14,6,2,10,15,11,22,18,3,9,17,19,23,13,21,7],[22,2,10,6,18,14,11,15,3,19,23,13,21,7],[2,22,14,6,18,10,11,3,15,23,21,13,19,7],[10,14,11,2,6,18,22,3,15,24,7,16,23,21,13,5,19],[18,6,10,2,22,14,15,11,3,12,23,21,13,7],[2,22,10,6,14,15,11,18,3,19,5,23,13,21],[6,2,18,10,14,11,22,15,3,7,8,23,13,21],[2,6,10,18,14,15,11,22,3,7,19,23,21,13],[18,2,6,14,22,10,11,3,15,7,19,9,16,23,21,13],[2,22,10,18,6,14,11,3,7,15,4,23,13,21],[6,10,2,14,11,18,22,15,3,23,21,13,7],[6,10,22,14,15,11,2,18