{"problem_id":"tK9NSXZJXL2a1DM","sigma":150,"alpha":3.162,"cost":0,"probabilities":"[0.29, 0.22, 0.26, 0.23]","payoff_matrix":"[[54, -106, -65, -35, 151, 136], [59, 7, 30, 298, -291, 5], [18, 65, -136, 109, -216, -208], [195, 62, 194, 16, -229, -203]]","uncovered":[[13,17,21,23,5,9,1,3,19,15,4,16,11,2,8,14,7,24,18,6,12,20,10,22],[5,9,13,21,17,19,1,23,3,15,4,16,12,11,14,2,7,20,6,22,8,24,18],[1,9,17,19,13,5,21,23,15,3,16,4,11,2,8,14,7,18,24,12,6,22,10,20],[1,5,21,23,13,9,17,3,19,15,4,16,11,2,6,14,20,8,22,7,24,12,10],[1,17,19,5,21,3,23,13,9,15,16,4,11,2,6,14,18,22,8,7,10,12],[13,17,9,1,3,19,21,23,5,15,4,16,11,14,2,7,18,8,22,6,12,10,24,20],[5,21,13,9,1,3,23,17,19,15,4,16,11,14,2,8,7,18,24,10,12,6,20,22],[5,9,13,1,17,19,21,3,23,15,16,4,11,14,2,6,20,22,8,7,24,12,10,18],[13,9,21,5,17,19,1,3,23,15,16,4,11,14,2,7,18,8,24,10,22,6,20,12],[17,13,9,21,23,5,1,3,19,15,4,16,11,14,2,7,18,6,24,8,10,12,22],[21,9,13,5,1,23,17,3,19,15,4,16,11,14,2,6,24,20,7,8,10],[9,1,21,3,23,13,17,19,5,15,16,4,11,2,6,14,18,24,8,12,7,10],[21,5,13,17,23,9,1,19,3,15,4,16,12,11,2,6,14,18,24,7,10,8],[9,1,13,21,3,23,17,19,5,15,16,4,11,2,6,14,24,18,8,7,22,12,10],[9,5,13,21,1,23,17,19,15,3,16,4,11,2,7,14,20,24,8,6,10,12],[13,1,17,19,9,5,21,23,15,3,16,4,11,14,2,8,7,20,22,12,6,24,18],[9,1,5,13,21,3,23,17,19,15,16,4,10,14,2,8,11,7,18,24,6,22,20],[21,13,5,17,19,9,1,23,3,15,16,4,11,2,8,14,7,20,24,6,22,10],[1,17,3,19,21,23,5,13,9,15,16,4,11,14,2,7,6,20,24,18,12,10,22],[21,1,23,13,9,5,17,19,3,15,4,16,12,11,2,6,14,24,18,8,22,7,10],[21,1,23,17,3,19,5,9,13,15,4,16,12,11,14,2,7,18,6,22,10,24,20,8],[5,21,9,1,23,17,3,19,13,15,4,16,11,14,2,7,18,6,24,8,22,12,20,10],[13,17,9,5,21,23,1,3,19,15,16,4,10,14,2,7,11,18,6,22,24,8,20],[1,21,23,13,5,17,19,9,3,15,4,16,11,2,7,14,24,18,6,12,22,8,10,20],[21,13,5,1,23,9,17,3,19,15,4,16,10,14,2,7,11,20,6,22,8,12,18,24],[1,21,23,5,9,17,19,13,15,3,16,4,11,2,7,14,8,20,24,12,6,18,22,10],[1,17,19,9,13,5,21,23,3,15,4,16,10,2,6,11,14,20,24,8,7,22,18],[9,5,21,17,19,13,1,23,3,15,16,4,11,2,8,14,7,20,24,6,10,18,12,22],[9,13,17,5,1,19,21,23,15,3,4,16,12,11,14,2,6,20,8,22,7,10,18,24],[17,5,21,19,9,13,1,23,15,3,16,4,11,2,8,14,7,18,24,6,10,12,20,22],[9,13,5,1,17,3,19,21,23,15,16,4,11,2,7,14,6,20,22,8,10,18,24,12],[21,9,13,1,23,5,17,3,19,15,16,4,10,2,8,11,14,7,20,22,6,24,18,12],[17,9,13,1,3,19,5,21,23,15,16,4,12,11,2,7,14,20,24,6,8,22,10,18],[17,1,19,9,13,21,23,5,3,15,4,14,16,2,10,6,11,20,24,7,8],[9,13,17,5,21,19,1,3,23,15,16,4,11,14,2,7,20,24,6,8,12],[1,13,9,17,19,21,23,5,15,3,4,16,12,11,14,2,8,7,20,22,6],[21,9,5,1,23,13,17,3,19,15,16,4,11,14,2,8,7,20,22,12,6,24],[13,5,9,17,21,23,1,19,3,15,16,4,11,2,7,14,20,8,24,12,6,10,18],[21,5,9,1,23,13,17,19,15,3,4,16,12,11,2,6,14,20,24,7,22,10,8],[9,1,13,21,3,23,17,19,5,15,4,16,10,2,8,12,11,14,6,20,24,7,22,18],[21,17,23,13,1,3,19,5,9,15,4,16,11,2,7,14,24,18,6,12,8,10,20,22],[5,21,17,19,9,13,1,23,3,15,4,16,12,11,2,7,14,20,24,8,6,18,10,22],[9,17,21,19,5,13,1,3,23,15,16,4,11,2,7,14,20,8,24,10,6,12,18],[13,1,21,23,9,17,19,5,15,3,4,16,12,11,2,8,14,6,22,20,7,10,24],[21,1,23,5,17,19,9,13,3,15,16,4,11,2,6,14,20,24,7,8,18,10,22,12],[21,1,23,9,5,17,19,13,3,15,4,16,11,2,8,14,6,18,22,7,24,10,12],[9,1,17,19,5,21,23,13,15,3,4,16,11,2,7,14,22,18,6,8,20,12,24,10],[21,17,23,13,5,1,3,19,9,15,16,4,11,2,7,14,22,20,6,8,24],[21,17,23,1,3,19,13,5,9,15,16,4,11,2,8,14,20,6,22,7,24,12,10,18],[21,1,3,23,5,17,19,9,13,15,4,16,12,11,2,7,14,18,6,24],[13,17,21,23,1,3,19,9,5,15,16,4,11,14,2,6,18,24,8,7,12],[17,5,9,1,3,19,21,23,13,15,4,16,12,11,14,2,7,20,8,22,6,24,10],[1,13,17,19,21,3,23,5,9,15,4,16,10,2,7,11,14,18,24,6,8,22,20],[1,17,19,21,23,5,9,13,15,3,16,4,11,14,2,6,18,22,8,7,24,10,20],[5,13,9,21,1,3,23,17,19,15,16,4,11,14,2,6,18,22,8,7,24,10,20],[13,5,17,21,23,9,1,3,19,15,16,4,11,14,2,6,20,24,8,7,10,18],[21,1,23,9,5,13,17,19,15,3,4,16,11,2,7,14,18,8,24,6,10,22],[17,9,1,19,5,13,21,3,23,15,16,4,10,14,2,7,11,18,6,22,8,12,20,24],[13,5,17,9,1,3,19,21,23,15,16,4,11,2,6,14,18,22,7,12,10,24,8,20],[5,1,9,13,17,3,19,21,23,15,4,16,10,14,2,6,12,11,18,22,7,8,24],[5,17,21,19,13,9,1,3,23,15,16,4,12,11,14,2,7,20,6,22,8,24,18,10],[1,5,13,9,17,19,21,3,23,15,4,16,11,2,6,14,18,24,7,12,10,20,8,22],[17,5,9,21,23,1,19,13,15,3,16,4,11,14,2,8,7,22,20,6,24,10,18],[5,9,1,21,23,17,3,19,13,15,16,4,12,11,2,6,14,20,24,8,7,10,18,22],[13,17,5,21,23,9,1,3,19,15,16,4,11,14,2,7,20,6,22,12,18,10,24,8],[21,9,17,23,5,1,19,13,3,15,16,4,11,14,2,6,18,22,7,8,10,12,20],[1,13,5,21,23,9,17,19,3,15,16,4,11,14,2,6,22,20,7,24,10,8,18,12],[13,5,1,9,21,23,17,19,15,3,4,16,12,11,2,7,14,6,20,24,10],[9,21,13,1,23,17,3,19,5,15,4,16,11,14,2,8,7,18,22,6,12,24,10,20],[21,5,1,23,13,9,17,3,19,15,16,4,10,2,7,11,14,20,6,22,24,12,8],[1,13,5,17,19,21,3,23,9,15,4,16,12,11,2,8,14,6,18,24,7,10,20,22],[5,9,17,21,23,13,1,3,19,15,4,16,11,14,2,6,20,24,8,7,18],[5,1,9,21,3,23,17,19,13,15,16,4,11,2,7,14,22,20,8,6,18,24,12],[9,17,13,21,23,1,19,5,15,3,4,16,10,2,7,11,14,6,20,24,18,12,8],[17,21,23,13,5,9,1,19,15,3,16,4,11,14,2,8,6,20,24,7,12,22,10,18],[13,17,9,1,3,19,21,23,5,15,16,4,11,14,2,8,7,20,22,6,10,12,24],[17,5,9,13,21,23,1,19,15,3,4,16,11,14,2,6,18,22,8,12,7,10,20,24],[21,13,17,19,9,5,1,23,15,3,16,4,11,2,8,14,7,24,20,6,10,12,22],[1,21,3,23,13,9,17,19,5,15,4,16,12,11,14,2,8,6,20,22,7,24,18,10],[13,21,1,3,23,17,19,5,9,15,16,4,11,14,2,8,7,20,22,6,10,12,24],[1,17,3,19,5,9,21,23,13,15,16,4,10,14,2,6,11,18,24,7,12,22,8,20],[17,9,13,1,19,5,21,23,3,15,16,4,12,11,2,6,14,7,18,24,10,22,8,20],[17,21,19,13,9,5,1,23,15,3,16,4,10,2,7,11,14,20,24,8,6,22],[17,13,21,23,9,1,3,19,5,15,4,16,11,2,7,14,8,18,22,6,20,24,10,12],[5,21,17,23,1,19,9,13,3,15,4,16,11,14,2,7,20,8,24,10,6,18,12,22],[1,21,23,13,9,5,17,19,15,3,4,14,16,2,11,6,20,22,7,18,10,24,8,12],[5,1,13,21,23,17,3,19,9,15,4,16,11,2,6,14,24,18,8,10,7,20],[1,21,3,23,17,19,5,13,9,15,16,4,11,2,8,14,7,18,22,6,24,12,20,10],[13,5,21,1,3,23,9,17,19,15,4,16,11,2,7,14,18,8,24,6,12,22],[9,13,21,17,19,1,23,5,3,15,16,4,11,2,6,14,18,24,8,10,7],[1,9,5,21,23,13,17,3,19,15,16,4,11,14,2,7,20,8,22,6,18,24,12,10],[21,13,9,5,1,23,17,19,15,3,4,16,11,2,8,14,7,20,24,6,12,22,18,10],[21,13,1,3,23,5,9,17,19,15,4,16,11,14,2,6,18,24,8,12,7,10,20,22],[9,17,21,23,5,13,1,19,3,15,4,16,11,14,2,6,18,24,8,7],[1,21,23,9,17,3,19,5,13,15,4,16,11,2,7,14,20,6,22,18,8,12,24,10],[9,5,21,17,19,13,1,23,3,15,16,4,11,14,2,7,18,22,6,8,20,12,10,24],[5,1,17,3,19,21,23,13,9,15,16,4,11,14,2,8,6,20,22,12,7],[13,1,17,19,9,5,21,23,3,15,16,4,11,14,2,8,7,20,22,24,6,10,12,18],[9,21,5,17,23,13,1,19,3,15,4,16,11,14,2,8,7,20,22,24,6,10,18,12],[9,1,13,5,21,23,17,19,15,3,4,16,11,14,2,8,7,20,22,6,12,24,18,10],[5,9,13,17,21,19,1,3,23,15,4,16,11,2,6,14,20,24,7,12,10,8,18,22],[1,5,13,9,21,23,17,19,3,15,16,4,12,11,14,2,8,7,20,22,6,10,24],[21,1,23,13,9,5,17,19,15,3,16,4,11,14,2,7,8,18,22,10,24,6,12,20],[5,9,21,17,23,1,3,19,13,15,4,16,11,14,2,7,24,20,8,6,12],[21,13,5,17,19,9,1,3,23,15,4,16,11,14,2,7,20,22,8,24,6,10],[21,9,17,19,5,13,1,3,23,15,4,16,11,14,2,6,18,24,7,10,8,12,20,22],[17,5,9,1,3,19,21,23,13,15,4,16,11,2,6,14,20,24,8,7,10,12,18],[21,13,5,1,23,9,17,19,3,15,4,16,11,14,2,6,20,22,8,24,7,12,10],[5,17,13,9,21,23,1,19,3,15,4,16,11,2,7,14,8,18,22,10,6,24,12],[5,9,13,1,21,3,23,17,19,15,4,16,11,2,7,14,18,6,22,20,24,12,8,10],[13,5,21,9,17,19,1,3,23,15,16,4,11,2,8,14,6,18,24,7,22,20],[13,9,21,5,17,23,1,3,19,15,4,16,12,11,14,2,7,24,18,8,20,6,10,22],[17,9,21,19,13,1,3,23,5,15,16,4,12,11,2,6,14,20,24,8,7,22,10,18],[9,21,5,1,23,17,3,19,13,15,4,16,11,14,2,8,7,18,22,10,6,24,12],[21,1,3,23,13,9,5,17,19,15,16,4,11,2,6,14,20,24,7,12,10,8],[13,17,21,19,1,23,5,9,3,15,16,4,11,14,2,6,18,24,7,12,10,8,20,22],[21,13,1,3,23,5,17,19,9,15,16,4,11,2,8,14,20,6,22,24,10,18,7,12],[21,1,23,17,3,19,9,13,5,15,16,4,11,2,8,14,6,24,20,12,7,10,18],[5,9,21,17,19,1,3,23,13,15,4,16,11,2,6,14,20,22,8,10,7,12,24],[5,1,17,19,21,23,9,13,3,15,16,4,11,2,7,14,20,6,22,12,10,18,24,8],[5,21,17,23,13,1,3,19,9,15,4,16,11,2,8,14,7,18,24,6],[1,21,23,9,17,3,19,5,13,15,16,4,11,2,8,14,7,20,22,12,6],[9,1,17,3,19,5,13,21,23,15,4,14,16,2,10,7,11,20,6,24,22,18,8],[21,5,1,3,23,17,19,13,9,15,4,16,12,11,2,7,14,24,18,6,8,10,22],[9,5,17,13,1,19,21,3,23,15,4,16,11,14,2,7,22,18,8,6,20,12,10],[1,9,21,23,13,5,17,19,15,3,16,4,11,14,2,7,20,6,24,12,10,22,8,18],[17,13,21,19,9,1,3,23,5,15,16,4,11,14,2,8,6,18,24,7,12,20],[17,13,1,3,19,5,21,23,9,15,16,4,10,2,6,11,14,20,24,8,7],[9,21,1,23,5,17,19,13,15,3,16,4,11,14,2,6,18,24,7,8,22,10],[9,21,13,5,1,3,23,17,19,15,4,16,11,2,6,14,18,24,7,12,8,10,22],[17,5,21,23,9,13,1,19,3,15,4,16,12,11,2,6,14,20,22,7,10,8,24,18],[17,21,19,13,1,23,5,9,3,15,16,4,11,2,7,14,20,6,24,8,12,10],[1,13,5,17,3,19,9,21,23,15,16,4,11,14,2,7,6,18,24,12,10,8,20],[21,5,17,23,13,9,1,3,19,15,4,16,11,2,8,14,7,20,22,10,6,24],[13,21,1,23,17,3,19,9,5,15,16,4,11,14,2,7,22,18,8,6,24,20,12,10],[13,5,21,17,23,9,1,3,19,15,4,16,11,2,6,14,20,24,7,10,18,8],[21,1,3,23,5,17,19,9,13,15,4,16,11,2,8,14,6,18,24,7,10,20],[5,1,13,9,21,23,17,19,15,3,4,16,11,14,2,6,20,22,7,12,8,10,18,24],[9,21,17,23,1,3,19,13,5,15,4,16,11,2,6,14,18,22,7,8,24,12,20,10],[17,21,23,1,3,19,13,5,9,15,16,4,11,14,2,6,18,24,7,8,12],[9,21,13,5,17,23,1,19,15,3,4,16,12,11,14,2,8,6,18,24,20,7,10],[17,1,3,19,9,5,13,21,23,15,16,4,10,2,8,11,14,6,18,22,7,24,20,12],[13,21,17,23,5,9,1,3,19,15,16,4,12,11,14,2,6,20,7,24,8,22,10,18],[9,1,13,5,17,3,19,21,23,15,4,14,16,2,12,11,8,7,20,22,6,10,24,18],[21,17,23,1,19,13,5,9,15,3,16,4,11,14,2,8,7,20,22,24,6,10],[21,13,17,19,5,1,3,23,9,15,4,16,11,2,7,14,18,8,24,10,22,6],[13,5,17,1,3,19,21,23,9,15,4,16,11,14,2,6,18,24,8,7,10,22,12],[21,5,9,13,17,19,1,3,23,15,4,16,11,2,8,14,7,24,20,10,6,12],[9,5,17,1,19,13,21,3,23,15,4,16,12,11,14,2,8,7,18,24,6,10,20],[21,9,17,23,1,3,19,5,13,15,16,4,11,2,6,14,20,22,7,12,10,18,8,24],[13,5,9,1,21,3,23,17,19,15,16,4,12,11,14,2,8,7,20,22,6,18,24,10],[1,13,9,21,3,23,5,17,19,15,4,16,11,14,2,8,7,22,20,24,6,12,10],[1,9,5,21,23,13,17,3,19,15,16,4,11,14,2,7,6,18,22,10,8,24],[1,21,23,9,17,3,19,5,13,15,16,4,12,11,14,2,7,8,18,22,20,6,10,24],[9,21,13,17,23,5,1,3,19,15,4,16,12,11,14,2,8,6,20,22,7,18,10,24],[1,9,13,17,19,21,23,5,15,3,4,16,11,2,6,14,18,22,7,10,24,8],[13,1,9,17,3,19,21,23,5,15,16,4,11,14,2,8,7,18,22,6,20,10,24,12],[13,17,5,1,3,19,21,23,9,15,4,16,12,11,2,6,14,20,7,22,8,10,18,24],[17,5,13,21,19,1,23,9,3,15,16,4,12,11,2,7,14,20,6,24,8,10,22,18],[17,1,19,5,9,21,3,23,13,15,4,16,11,2,7,14,6,18,24,8,20,12,10,22],[17,9,5,13,21,23,1,19,15,3,4,16,11,14,2,6,20,22,7,10,12,24,8,18],[21,17,19,13,9,5,1,3,23,15,16,4,11,14,2,7,6,18,22,12,8],[21,1,3,23,13,9,17,19,5,15,4,16,11,2,7,14,18,6,22,12,8,24,10,20],[17,5,9,1,3,19,13,21,23,15,4,16,12,11,14,2,6,20,24,7,8,22,10],[1,21,23,17,3,19,13,5,9,15,16,4,12,11,14,2,7,8,18,24,6,10],[21,5,9,1,23,13,17,19,15,3,16,4,11,14,2,7,18,6,22,10,8,12,24],[9,17,1,3,19,5,21,23,13,15,16,4,12,11,2,6,14,18,22,8,7,24],[1,21,23,17,19,13,5,9,15,3,4,14,16,2,11,7,20,8,24,12,10,6,22],[13,9,17,21,19,1,23,5,3,15,4,16,10,2,6,11,14,18,22,7,24,20,12,8],[13,9,5,21,17,23,1,3,19,15,16,4,11,2,7,14,20,22,6,10,12,8,18,24],[17,5,9,21,23,13,1,3,19,15,4,16,11,14,2,8,7,18,24,20,6,10],[17,13,21,23,9,1,3,19,5,15,16,4,11,2,7,14,20,8,24,6,12,22,10],[17,1,19,9,21,23,13,5,3,15,16,4,12,11,14,2,7,20,6,22,24,10,8,18],[5,21,13,1,23,9,17,19,15,3,4,16,10,14,2,8,11,6,18,22,7,20],[21,17,23,5,13,9,1,3,19,15,4,16,10,14,2,7,11,18,24,8,20,6,22],[21,5,17,19,13,9,1,23,15,3,16,4,11,14,2,7,18,24,8,6,20,12,10],[21,5,9,1,3,23,13,17,19,15,4,16,11,2,8,14,7,20,24,6,18,10,22],[9,13,1,5,17,3,19,21,23,15,16,4,12,11,2,7,14,18,24,6,10,8,20,22],[17,21,23,1,3,19,9,5,13,15,4,16,12,11,2,8,14,7,20,24,6,10],[17,5,13,21,23,9,1,3,19,15,4,16,11,2,7,14,18,6,22,8,24,10,20,12],[21,13,1,3,23,5,17,19,9,15,4,16,11,2,6,14,20,22,7,10,8,24,18,12],[21,1,23,13,17,19,5,9,15,3,4,16,11,14,2,7,18,24,6,12,10,8],[5,13,1,9,17,3,19,21,23,15,16,4,10,14,2,7,11,6,18,24,8,22],[5,21,13,17,19,9,1,23,15,3,16,4,12,11,14,2,7,20,22,6,8,10,24],[17,5,13,1,3,19,9,21,23,15,16,4,10,14,2,8,11,6,20,22,7,18,24,12],[5,1,9,21,23,17,3,19,13,15,16,4,11,2,6,14,18,22,7,12,20,24,10],[13,5,9,17,21,23,1,19,3,15,4,16,11,14,2,6,20,24,7,22,8,12],[21,17,23,13,5,9,1,3,19,15,4,16,11,2,7,14,20,22,6,24,8,10,18],[5,1,21,3,23,9,17,19,13,15,16,4,11,14,2,6,20,22,7,24,18,8,12,10],[1,13,21,3,23,9,17,19,5,15,4,16,11,2,7,14,18,8,24,6,12,20,10,22],[13,9,1,21,23,5,17,3,19,15,16,4,10,2,6,11,14,22,20,7,12,24,8],[9,21,1,23,13,17,19,5,15,3,4,16,12,11,14,2,6,20,22,8,7,24,10],[9,1,13,21,3,23,17,19,5,15,4,16,11,14,2,7,18,8,24,12,22,10,6,20],[1,17,19,9,21,3,23,5,13,15,4,14,16,2,11,8,6,20,24,12,7,10,18,22],[13,21,5,17,19,9,1,23,3,15,16,4,11,14,2,7,18,6,22,24,20,10],[9,17,5,21,23,13,1,3,19,15,4,16,10,2,8,11,14,7,20,22,24,6,12,18],[9,5,17,13,1,19,21,3,23,15,4,16,12,11,2,7,14,18,6,24,8,10],[17,1,19,13,21,3,23,5,9,15,4,14,16,2,11,6,24,18,8,7,20,12,10,22],[17,9,5,13,1,19,21,3,23,15,4,16,11,14,2,6,20,22,8,7,10],[9,21,17,23,5,1,3,19,13,15,16,4,12,11,2,7,14,20,8,22,10,6,24,18],[21,9,13,5,17,23,1,3,19,15,16,4,11,14,2,6,20,22,7,8,24,10],[5,13,17,1,3,19,21,23,9,15,4,16,12,11,14,2,6,18,22,7,10,8,24,20],[13,1,5,21,3,23,17,19,9,15,4,16,12,11,14,2,7,20,6,24,8,18,22,10],[1,5,21,23,13,9,17,19,3,15,16,4,10,2,7,11,14,8,24,20,6,18],[1,9,21,23,5,13,17,3,19,15,16,4,11,14,2,7,22,8,20,6,12,10,24,18],[5,1,21,3,23,17,19,9,13,15,4,16,12,11,14,2,7,20,8,24,6,10,22],[21,9,17,23,13,1,19,5,15,3,4,16,11,14,2,7,18,6,24,22,10,8,20,12],[13,9,1,5,21,3,23,17,19,15,16,4,11,14,2,8,7,20,24,10,6,12,18],[1,5,13,21,23,9,17,19,3,15,4,16,12,11,2,6,14,20,22,7,24,8,10,18],[13,5,1,17,3,19,9,21,23,15,4,16,11,14,2,8,7,20,22,6,24,18,10],[9,17,21,23,13,1,3,19,5,15,4,14,16,2,11,7,20,24,8,6],[9,21,5,1,23,17,19,13,15,3,16,4,11,14,2,6,20,24,8,7,12,10,18,22],[5,17,9,1,19,21,3,23,13,15,16,4,11,14,2,8,7,20,22,24,6,18,10],[21,13,9,5,1,3,23,17,19,15,16,4,11,14,2,6,20,8,24,7,12,22,10,18],[13,17,1,19,9,21,3,23,5,15,4,16,11,2,6,14,20,24,8,7,10],[17,5,1,3,19,9,13,21,23,15,4,16,11,2,7,14,18,8,22,24,6,10],[1,17,19,9,5,13,21,23,3,15,4,14,16,2,10,8,12,11,6,18,24,7,22],[17,1,19,5,13,21,3,23,9,15,4,16,11,14,2,7,20,8,22,24,6,10,18,12],[21,17,19,13,9,5,1,23,3,15,16,4,11,2,7,14,20,8,22,6,12,18,24,10],[5,21,1,3,23,9,13,17,19,15,16,4,11,2,7,14,18,8,22,24,6,12,10,20],[13,5,1,9,17,3,19,21,23,15,16,4,10,14,2,7,11,20,6,22,12,8,24],[13,17,21,23,1,19,9,5,15,3,4,16,11,14,2,7,20,8,24,6,18,12,10],[5,1,9,13,17,3,19,21,23,15,16,4,11,2,8,14,6,20,24,7,10,18,22],[5,1,17,3,19,21,23,9,13,15,16,4,11,2,6,14,18,22,7,12,24,8,20],[21,9,1,23,13,5,17,3,19,15,16,4,11,2,7,14,8,18,22,6,24,10,12,20],[9,5,21,17,23,1,3,19,13,15,16,4,12,11,2,8,14,6,20,22,7,10],[9,21,17,23,1,3,19,13,5,15,4,16,11,14,2,7,22,20,8,6,18,10],[21,1,23,17,3,19,9,13,5,15,4,16,11,2,8,14,6,20,22,7,24,10,12],[5,13,1,17,19,21,3,23,9,15,4,14,16,2,11,8,7,18,22,6,12,24,10],[17,5,13,9,1,19,21,3,23,15,16,4,12,11,2,7,14,20,22,6,8,18,24,10],[21,1,23,9,5,17,3,19,13,15,4,16,11,2,6,14,18,22,8,24,7],[9,13,5,1,21,23,17,19,15,3,4,16,11,2,6,14,20,24,8,7,22,18,10,12],[17,1,3,19,9,13,21,23,5,15,16,4,11,2,6,14,18,24,8,7,22,10,12,20],[5,13,9,1,17,19,21,23,3,15,4,16,12,11,14,2,7,20,6,22,24,8,10,18],[1,13,9,5,17,3,19,21,23,15,16,4,11,14,2,7,20,24,6,8,18,22,10,12],[9,21,5,17,19,13,1,23,3,15,16,4,11,2,7,14,8,20,24,6,18,10,22],[17,1,3,19,13,21,23,9,5,15,16,4,10,2,7,11,14,18,24,8,6,20,22],[17,1,3,19,13,5,9,21,23,15,16,4,11,2,7,14,8,20,22,6,12,10,18,24],[13,21,5,9,1,3,23,17,19,15,16,4,11,2,8,14,7,20,22,10,18,6,24],[17,5,9,1,3,19,13,21,23,15,4,16,11,14,2,8,6,20,22,24,7,10,18,12],[9,17,1,19,13,21,23,5,15,3,16,4,11,2,7,14,18,22,6,10,24,20,8,12],[5,17,1,3,19,9,13,21,23,15,16,4,12,11,2,8,14,7,18,24,20,6,10,22],[17,5,21,23,13,1,19,9,15,3,16,4,11,2,7,14,20,8,24,6,12,10,22],[5,13,17,1,19,21,23,9,3,15,4,16,11,14,2,7,18,6,24,8,12,20,10],[13,5,21,17,19,9,1,23,15,3,4,16,11,14,2,8,7,20,22,6,10],[9,13,5,21,1,23,17,3,19,15,16,4,11,2,6,14,18,24,7,22,10,20,8],[5,17,13,9,1,3,19,21,23,15,4,16,11,2,8,14,7,20,24,6,12,10,18],[9,21,13,17,19,5,1,23,3,15,16,4,11,2,7,14,8,20,22,24,10,6,12,18],[17,13,21,19,9,1,3,23,5,15,16,4,11,14,2,6,20,22,7,12,10,24,8,18],[21,13,5,9,1,3,23,17,19,15,16,4,11,2,6,14,20,22,8,7,24,12,10],[17,5,9,13,21,23,1,19,3,15,4,16,11,2,8,14,7,22,20,6,12,18],[21,17,19,5,13,9,1,3,23,15,16,4,10,2,8,12,11,14,7,18,24,6],[13,9,17,5,21,23,1,19,15,3,16,4,11,2,7,14,18,8,24,6,22,12,20,10],[13,9,21,1,3,23,17,19,5,15,4,16,11,14,2,8,6,20,24,7,22,12,10],[9,17,21,19,1,23,13,5,3,15,16,4,11,2,8,14,6,20,24,7,12,10],[21,13,9,17,19,1,23,5,15,3,16,4,12,11,2,6,14,20,22,7,18,10,8,24],[17,13,21,23,9,5,1,3,19,15,16,4,10,2,6,11,14,18,24,7,8,22,20],[9,21,17,19,13,5,1,23,3,15,16,4,11,2,7,14,8,24,18,6,10,12,20],[17,21,23,9,1,19,13,5,3,15,16,4,11,2,8,14,7,20,22,6,10,12],[9,21,13,17,19,1,23,5,15,3,16,4,11,2,6,14,18,24,7,10,12,8],[21,13,17,19,9,5,1,3,23,15,16,4,11,14,2,8,7,20,22,10,6,12],[17,13,21,19,1,3,23,5,9,15,16,4,12,11,14,2,7,8,18,24,22,10,6,20],[5,21,9,17,19,1,3,23,13,15,16,4,12,11,14,2,7,20,6,24,8,22],[5,1,21,3,23,17,19,9,13,15,4,16,11,2,8,14,6,20,24,7,12,22,18,10],[5,9,21,17,19,1,3,23,13,15,4,16,10,14,2,11,8,7,24,18,6,20,12],[17,9,1,19,5,13,21,23,15,3,16,4,11,2,7,14,24,18,8,12,6,10],[17,9,1,3,19,13,21,23,5,15,16,4,11,2,6,14,20,24,7,12,22,10,8],[5,1,13,21,3,23,17,19,9,15,16,4,11,14,2,6,20,8,24,10,7],[13,9,1,5,17,19,21,23,15,3,16,4,11,2,7,14,18,24,6,10,8,12],[13,21,5,1,3,23,17,19,9,15,16,4,11,2,6,14,22,20,7,12,24,18,8,10],[13,21,17,19,9,5,1,23,15,3,4,16,11,14,2,7,18,6,24,22,12,20,8],[13,21,17,19,9,1,3,23,5,15,16,4,12,11,14,2,7,20,6,22,24,10,18,8],[5,13,9,17,21,23,1,3,19,15,4,16,11,14,2,8,6,18,24,10,7,20,22,12],[5,1,9,17,3,19,13,21,23,15,4,16,12,11,2,8,14,7,20,24,6,22,10,18],[1,13,5,21,23,9,17,3,19,15,16,4,11,2,7,14,20,22,8,6,10,18,24,12],[5,13,1,17,3,19,21,23,9,15,4,16,11,14,2,7,20,24,6,10,8],[9,1,5,13,17,19,21,23,15,3,4,16,11,2,8,6,14,18,22,24,7,12,20,10],[21,9,1,23,5,17,3,19,13,15,4,16,11,14,2,7,20,8,22,12,6,24,10],[13,17,5,9,21,19,1,3,23,15,4,16,11,14,2,6,20,24,8,10],[9,1,13,17,19,5,21,3,23,15,16,4,10,2,7,11,14,6,18,24,22,8,12,20],[9,17,1,3,19,5,13,21,23,15,4,16,11,14,2,8,7,18,22,6,24,12,10],[5,21,9,17,19,13,1,3,23,15,4,16,11,2,7,14,18,24,8,12,10,6,20],[9,5,21,13,17,23,1,3,19,15,16,4,10,2,7,11,14,20,22,8,12,6,18,24],[1,21,3,23,17,19,5,13,9,15,4,16,11,2,6,14,18,22,7,8,10,12],[9,5,17,1,19,21,23,13,3,15,4,16,11,2,7,14,18,6,22,10,8],[5,21,1,23,13,17,3,19,9,15,16,4,11,14,2,7,20,24,8,6,12,10,22,18],[9,17,21,19,1,3,23,13,5,15,16,4,11,14,2,6,24,20,8,7,10,12,18],[5,17,21,19,9,1,23,13,15,3,4,16,11,2,7,14,20,24,8,18,6,10],[9,5,1,17,19,21,23,13,15,3,16,4,11,2,7,14,8,18,22,10,24,6],[9,5,13,17,21,23,1,19,15,3,4,16,11,2,8,14,6,20,24,7,22,12,10,18],[1,17,3,19,13,5,21,23,9,15,4,16,11,14,2,8,6,20,24,7,18,12,22,10],[5,9,1,21,3,23,13,17,19,15,16,4,11,14,2,7,22,18,6,24,12,10,8],[21,13,17,23,1,19,9,5,3,15,4,16,10,2,7,11,14,22,20,6,24,8],[17,9,5,1,19,21,3,23,13,15,16,4,11,2,6,14,18,24,7,22,12,10,20,8],[5,13,1,21,3,23,17,19,9,15,4,16,11,14,2,8,6,20,22,7,18,24,10,12],[5,13,1,17,3,19,9,21,23,15,16,4,11,2,8,14,6,18,24,7,12,20,10],[13,21,17,19,5,9,1,23,3,15,4,16,11,14,2,6,20,24,7,8,12,10,18],[17,21,23,1,3,19,13,5,9,15,16,4,11,2,7,14,18,24,8,10,6,12,20,22],[13,17,5,9,21,23,1,3,19,15,4,16,12,11,14,2,7,18,8,22,6,24,10,20],[17,13,9,1,19,21,23,5,3,15,4,16,12,11,2,8,14,7,20,22,6,10,24],[21,13,17,23,1,19,9,5,15,3,4,16,11,14,2,8,6,20,22,10,7,18,12,24],[9,17,5,1,19,13,21,23,15,3,4,16,11,2,6,14,18,24,8,7,10,20],[17,9,5,1,19,21,3,23,13,15,16,4,11,14,2,6,22,18,7,10,24,8,20],[9,17,1,19,5,21,3,23,13,15,16,4,11,2,7,14,20,6,22,18,24,12,8,10],[1,17,19,13,9,21,23,5,3,15,4,16,11,14,2,8,6,20,22,7,24,10,12],[17,9,5,13,21,19,1,3,23,15,16,4,11,2,7,14,6,20,24,22,18,12,8,10],[5,21,1,3,23,17,19,13,9,15,16,4,10,14,2,8,12,11,7,18,24,20,6,22],[17,1,3,19,5,21,23,13,9,15,4,16,11,2,8,14,7,18,22,24,6,10,12],[1,21,23,5,13,9,17,19,15,3,4,16,11,2,6,14,20,7,22,12,24,10,18,8],[5,17,9,1,3,19,13,21,23,15,16,4,11,14,2,6,18,24,7,8,12,22,20],[9,21,5,1,3,23,13,17,19,15,16,4,12,11,14,2,8,7,18,24,6,10],[9,13,17,21,19,1,3,23,5,15,4,16,11,14,2,7,20,8,24,22,6,10],[17,5,21,23,9,1,3,19,13,15,4,16,11,14,2,6,18,22,8,7,10,12],[1,5,21,3,23,17,19,13,9,15,16,4,11,2,6,14,20,22,8,10,24,7],[9,5,1,17,3,19,21,23,13,15,16,4,11,14,2,6,24,18,7,12,8,20,10,22],[13,5,17,21,23,1,19,9,3,15,16,4,11,2,8,14,7,18,24,6,10,22],[5,1,9,21,23,17,3,19,13,15,4,16,12,11,2,6,14,22,18,7,10,24],[1,9,21,3,23,17,19,5,13,15,4,16,11,2,8,14,6,22,20,10,7],[13,21,5,1,23,9,17,3,19,15,4,16,11,2,7,14,6,20,22,10,18,8,24],[13,17,9,5,1,3,19,21,23,15,16,4,11,2,8,14,7,20,24,6,12],[13,5,9,21,1,3,23,17,19,15,16,4,11,14,2,6,18,24,8,10,20,7],[9,5,1,21,3,23,17,19,13,15,16,4,11,2,8,14,7,18,24,6,22,10,20,12],[21,13,9,5,17,23,1,3,19,15,16,4,12,11,14,2,8,6,20,22,7,24,10],[13,1,21,3,23,17,19,5,9,15,4,16,11,2,7,14,18,24,8,20,6,10,22],[13,5,21,1,23,17,19,9,15,3,16,4,11,14,2,6,18,24,7,8,12,20,10,22],[17,13,21,23,5,1,19,9,3,15,16,4,11,2,8,14,7,18,22,6,10,24,12],[17,5,21,23,9,1,3,19,13,15,16,4,11,14,2,6,18,22,8,7,12,10,24],[13,5,21,1,23,17,19,9,3,15,16,4,11,14,2,6,18,22,7,8,24,12],[5,13,17,1,19,9,21,23,15,3,16,4,12,11,2,7,14,18,24,8,20,6],[5,9,13,1,21,3,23,17,19,15,16,4,11,14,2,7,6,18,22,10,8,20,24],[5,9,17,13,1,19,21,3,23,15,4,16,11,2,6,14,18,22,8,7,10,12,20,24],[1,21,23,5,9,17,19,13,3,15,4,16,10,2,7,11,14,18,8,24,6,12,20,22],[9,17,1,3,19,21,23,13,5,15,16,4,10,2,6,12,11,14,18,22,8,7,20,24],[17,1,3,19,21,23,9,5,13,15,4,16,12,11,14,2,8,20,6,24,7,10,18,22],[1,9,21,3,23,17,19,13,5,15,4,16,11,2,8,14,6,20,22,24,7,12,10,18],[17,1,3,19,9,5,13,21,23,15,4,16,11,14,2,6,20,24,7,10,12,8],[21,13,1,23,5,9,17,19,15,3,16,4,11,14,2,6,20,7,22,10,8,24,18],[5,1,9,13,21,23,17,3,19,15,16,4,11,2,6,14,24,20,8,12,7,22,18,10],[1,17,19,21,23,13,5,9,15,3,4,16,11,14,2,7,6,18,24,8,12,22,10,20],[17,21,19,5,13,9,1,3,23,15,16,4,12,11,2,7,14,18,22,6,24,10,8,20],[17,21,19,1,3,23,13,5,9,15,16,4,11,2,8,14,7,18,24,10,6],[1,21,23,13,17,19,9,5,15,3,16,4,11,14,2,6,20,22,7,24,8,12,10,18],[5,17,9,1,19,13,21,3,23,15,16,4,11,2,6,14,20,24,8,7,18,22,10],[9,1,13,17,3,19,5,21,23,15,4,16,10,2,7,11,14,6,20,24,8,22,18],[17,21,19,1,3,23,5,9,13,15,4,16,12,11,14,2,7,20,6,24,10,8],[5,17,9,13,21,19,1,23,15,3,4,14,16,2,12,11,6,7,18,24,10,20,22],[17,1,3,19,21,23,9,13,5,15,16,4,11,14,2,6,20,22,7,24,8,12,10],[5,1,13,21,23,9,17,19,3,15,4,16,11,14,2,8,18,6,24,7,20,12,22,10],[1,21,3,23,17,19,9,13,5,15,16,4,11,14,2,6,20,24,8,7,18,22,10,12],[17,21,19,9,5,13,1,23,15,3,4,16,12,11,2,8,14,7,20,22,6,18,24],[1,9,5,21,23,17,3,19,13,15,16,4,11,2,6,14,20,22,7,8,10,18,24,12],[9,5,21,13,1,3,23,17,19,15,16,4,11,2,8,14,7,20,24,6,22,10],[13,21,1,3,23,9,5,17,19,15,16,4,11,2,6,14,24,20,7,12,22,10,8,18],[13,9,17,1,3,19,21,23,5,15,16,4,12,11,2,7,14,8,18,24,10,22,6,20],[13,5,9,1,21,3,23,17,19,15,4,16,11,14,2,8,6,18,22,7,10,20,12],[1,21,23,5,9,13,17,19,15,3,16,4,11,14,2,8,7,18,24,6,10,20,12,22],[9,13,21,1,23,17,19,5,3,15,16,4,11,14,2,8,7,20,24,6,12,18,10],[1,13,17,3,19,21,23,9,5,15,16,4,10,2,6,12,11,14,20,24,7,8,18],[5,21,13,1,3,23,17,19,9,15,4,16,11,14,2,8,6,20,22,10,7,12,24],[9,5,21,13,1,3,23,17,19,15,16,4,12,11,14,2,7,24,20,6,10],[5,1,13,9,17,19,21,23,15,3,4,14,16,2,12,11,7,22,6,18,24,10],[5,9,21,1,3,23,17,19,13,15,4,16,12,11,2,6,14,20,7,24,22,8],[1,21,23,5,13,9,17,3,19,15,16,4,11,14,2,6,18,22,8,7,12,24,10],[9,17,5,21,19,1,3,23,13,15,16,4,12,11,14,2,8,7,20,24,6,22,18],[21,1,23,9,17,19,13,5,3,15,4,16,10,14,2,6,12,11,18,22,7,8,20,24],[5,13,1,9,21,23,17,19,15,3,4,16,11,2,6,14,20,22,7,10,24],[9,5,1,13,21,23,17,19,15,3,4,16,11,2,8,14,7,18,24,12,6,20],[9,1,17,3,19,5,13,21,23,15,16,4,10,2,11,7,14,18,24,8,12,6,20],[13,21,9,5,1,3,23,17,19,15,4,16,11,2,7,14,20,8,24,10,6,12,18],[17,21,19,13,5,9,1,23,3,15,16,4,11,2,7,14,22,20,6,8,24,18,12],[21,5,13,1,23,9,17,3,19,15,4,16,11,2,7,14,18,22,8,6,12,24,10],[13,21,5,1,23,9,17,3,19,15,16,4,11,14,2,6,20,24,7,12,10,8],[17,9,1,19,13,5,21,3,23,15,4,16,11,14,2,6,20,24,8,7,12,10],[13,5,9,1,17,3,19,21,23,15,4,16,11,14,2,8,7,20,24,6,12],[21,5,9,1,3,23,13,17,19,15,4,16,11,14,2,8,6,20,24,10,7,18,12],[17,9,5,1,19,13,21,3,23,15,4,16,11,2,7,14,18,22,8,6,10,24,12,20],[17,13,21,19,5,1,3,23,9,15,16,4,10,2,6,11,14,20,22,7,8,24],[5,17,9,13,1,3,19,21,23,15,4,16,11,2,7,14,18,6,22,12,24,10,20,8],[9,17,1,3,19,13,21,23,5,15,4,16,12,11,14,2,7,20,22,8,6,10,18],[5,21,1,23,13,9,17,3,19,15,4,16,12,11,14,2,8,7,22,18,6,24,20,10],[5,13,21,9,1,23,17,19,15,3,16,4,11,2,8,14,7,18,22,12,6,10,20,24],[5,9,17,13,1,3,19,21,23,15,16,4,11,14,2,7,24,8,18,12,6,10,22],[5,17,13,1,3,19,21,23,9,15,16,4,11,2,8,14,22,6,20,24,7,12,10],[17,1,3,19,5,21,23,9,13,15,16,4,11,14,2,7,20,6,24,12,8,10],[13,17,9,21,23,5,1,3,19,15,4,16,11,14,2,6,20,24,8,7,22,10,18,12],[9,13,1,17,3,19,5,21,23,15,16,4,11,14,2,6,20,22,7,10,24,12],[9,17,21,23,13,1,3,19,5,15,4,16,12,11,14,2,7,20,6,22,24,10,8,18],[13,5,9,1,17,19,21,3,23,15,4,16,11,2,7,14,20,6,22,24,18,12,8,10],[5,17,9,1,19,21,23,13,3,15,16,4,12,11,14,2,7,20,22,6,10,24],[21,5,13,9,17,19,1,3,23,15,16,4,10,2,6,11,14,20,22,7,12,24,8,18],[9,17,1,3,19,13,21,23,5,15,4,16,11,2,7,14,24,18,8,6,22,12,10,20],[17,13,5,9,1,19,21,3,23,15,4,14,16,2,10,6,11,20,22,7,8,24],[5,1,13,17,3,19,9,21,23,15,16,4,11,14,2,8,7,20,24,10,6,22,18,12],[1,5,13,9,17,19,21,23,3,15,4,16,12,11,2,7,14,18,24,6,10,8,22],[5,17,9,21,23,13,1,3,19,15,16,4,11,14,2,8,6,18,24,7,12,22,10],[17,21,19,5,9,13,1,3,23,15,4,16,11,14,2,8,7,18,22,6,10,12],[9,13,17,5,1,19,21,23,15,3,16,4,11,2,7,14,18,24,6,8],[1,21,3,23,13,9,5,17,19,15,16,4,10,14,2,7,11,20,8,24,18,22,6,12],[21,17,23,1,3,19,9,5,13,15,4,14,16,2,12,11,8,6,20,24,7,18,10],[13,5,1,17,3,19,21,23,9,15,4,16,11,2,8,14,7,18,24,6,20,22],[5,21,13,9,1,3,23,17,19,15,4,16,11,2,7,14,20,8,22,6,24,12,10],[1,21,3,23,9,5,13,17,19,15,4,16,12,11,2,7,14,20,8,22,6,10],[17,13,9,1,19,21,23,5,15,3,4,16,11,2,6,14,18,24,7],[21,17,23,13,1,19,9,5,3,15,16,4,11,14,2,8,7,20,24,6,12,18,10],[5,13,9,17,1,19,21,3,23,15,16,4,11,2,7,14,18,22,6,24,10,8],[5,21,9,1,23,17,3,19,13,15,4,16,11,2,6,14,20,22,8,7,12,10,24,18],[9,21,13,5,17,19,1,23,3,15,16,4,11,2,8,14,18,6,24,7,10,22,20],[5,1,13,9,17,3,19,21,23,15,4,16,11,14,2,8,7,18,22,6,24,12,10,20],[17,21,23,1,3,19,5,13,9,15,4,16,11,2,7,14,18,6,24,8,12,20,10],[21,5,17,19,1,3,23,9,13,15,4,16,11,2,7,14,8,20,24,6,10,12,18,22],[1,13,17,3,19,5,21,23,9,15,16,4,11,14,2,8,18,6,24,7,10,20,12],[5,1,17,3,19,13,9,21,23,15,4,14,16,2,12,11,8,6,18,24,7,20,10,22],[13,9,21,1,23,17,19,5,3,15,16,4,10,2,6,11,14,18,22,7,8,24],[17,13,1,19,21,3,23,9,5,15,4,16,12,11,2,8,14,7,20,24,10,6,18],[5,13,1,9,21,23,17,3,19,15,4,14,16,2,10,7,11,20,22,8,6,18,12,24],[21,17,23,1,3,19,5,9,13,15,4,16,11,14,2,8,7,18,22,6,24,12,10],[21,9,13,5,1,23,17,3,19,15,16,4,11,14,2,6,18,7,24,8,12,10,22],[1,13,9,5,21,23,17,19,3,15,4,16,11,2,8,14,7,18,22,6,24,12],[9,13,17,1,19,21,23,5,15,3,4,16,11,2,7,14,24,8,20,18,6,22,12,10],[13,1,9,21,23,5,17,3,19,15,16,4,11,14,2,7,20,6,22,24,10,8,12,18],[5,13,9,1,21,23,17,19,3,15,4,16,11,2,8,14,7,20,22,6,12,24,10,18],[5,13,1,9,17,19,21,3,23,15,4,16,11,2,8,14,6,20,24,7,10,18],[21,17,19,5,13,1,23,9,3,15,4,16,11,2,8,14,7,18,24,10,6,20,22,12],[1,5,13,17,3,19,9,21,23,15,16,4,12,11,2,8,14,6,24,18,20,7,22],[21,13,5,1,23,17,19,9,3,15,16,4,11,2,6,14,18,22,7,20,24,8,12,10],[5,21,17,19,13,9,1,23,3,15,16,4,11,14,2,6,20,22,7,8,24,18,12,10],[21,5,1,23,17,3,19,13,9,15,4,16,11,2,7,14,6,18,22,10,24,8,12,20],[9,21,1,23,17,3,19,13,5,15,4,16,11,14,2,8,7,18,22,6,10,20,12,24],[17,5,9,13,21,23,1,3,19,15,4,16,11,2,8,14,7,20,24,6,10,18],[17,5,9,21,23,1,19,13,15,3,4,16,11,2,8,14,7,18,22,6,24,12,20,10],[21,5,9,13,1,3,23,17,19,15,16,4,11,14,2,6,20,7,24,8,10,12,22,18],[9,13,5,1,17,19,21,3,23,15,16,4,11,14,2,8,7,20,22,10,6,24,18],[13,17,1,19,5,9,21,23,15,3,16,4,11,2,7,14,24,18,6,8,20,10],[17,21,23,9,13,1,19,5,15,3,16,4,11,2,7,14,20,24,8,6,10,22],[21,13,9,5,17,19,1,23,15,3,16,4,11,2,7,14,20,22,8,12,6,10,24,18],[1,5,9,17,3,19,21,23,13,15,16,4,12,11,14,2,7,20,22,8,6,10,24,18],[1,9,5,13,21,23,17,3,19,15,4,14,16,2,12,11,8,6,20,22,7,10,18,24],[1,9,5,17,19,21,23,13,3,15,16,4,11,14,2,8,7,18,24,6,22,10,12],[5,13,9,21,1,3,23,17,19,15,16,4,11,14,2,8,6,20,22,7,24,12,18,10],[5,13,9,1,21,23,17,3,19,15,16,4,11,2,6,14,20,24,7,8,18,12,10],[1,5,9,17,3,19,21,23,13,15,4,16,11,14,2,7,18,22,8,6,10,24],[13,1,21,23,17,19,9,5,15,3,4,16,11,2,7,14,20,6,22,8,12,10,24,18],[21,5,9,17,23,1,19,13,3,15,4,16,11,14,2,6,18,24,7,12,22,20,10,8],[9,5,21,1,23,17,19,13,3,15,4,16,11,2,7,14,20,8,24,18,10,6,22,12],[21,17,19,5,13,1,3,23,9,15,16,4,10,2,7,12,11,14,18,6,24,8,22],[9,17,21,19,5,1,3,23,13,15,4,16,11,14,2,6,20,22,7,10,24,18,8,12],[21,13,17,23,9,1,3,19,5,15,16,4,12,11,2,7,14,18,8,22,10,6,20,24],[5,21,9,13,1,3,23,17,19,15,16,4,12,11,14,2,6,22,18,8,24,7,20,10],[9,5,21,13,1,3,23,17,19,15,4,16,11,14,2,6,18,22,7,8,24,20,12,10],[1,9,17,19,5,21,23,13,3,15,16,4,12,11,2,8,14,7,20,22,6,10,24,18],[5,13,21,17,23,1,19,9,3,15,4,16,11,14,2,7,6,24,18,22,10,8,12,20],[5,9,1,21,23,17,3,19,13,15,4,16,11,2,7,14,6,20,22,24,12,8],[21,17,23,13,1,3,19,5,9,15,4,16,11,2,7,14,18,22,8,12,6,20,10,24],[21,13,9,1,23,17,19,5,15,3,4,16,11,2,6,14,20,24,7],[17,9,21,19,5,13,1,3,23,15,4,16,11,14,2,7,18,8,24,6,12,22,20,10],[13,17,1,3,19,5,9,21,23,15,4,16,11,14,2,8,7,24,20,6,12,10,18,22],[5,13,21,1,3,23,9,17,19,15,16,4,10,2,6,12,11,14,20,24,8,7,22,18],[21,17,23,13,1,3,19,5,9,15,16,4,12,11,14,2,8,6,24,20,7,10,18],[5,13,1,17,3,19,21,23,9,15,16,4,11,2,8,14,7,22,20,12,18,6,10,24],[17,9,1,3,19,13,5,21,23,15,4,16,11,14,2,7,20,6,22,12,18,8,24,10],[9,17,1,19,13,5,21,23,3,15,16,4,11,2,7,14,18,8,22,6,24,20],[21,17,19,5,9,13,1,23,15,3,4,16,11,2,6,14,18,24,8,7,12,10,22,20],[9,13,21,1,23,17,19,5,3,15,16,4,10,2,7,11,14,8,24,18,6,20,12],[9,21,13,17,23,1,3,19,5,15,4,16,11,14,2,6,22,20,8,12,24,7,18,10],[13,17,9,1,3,19,5,21,23,15,4,16,10,2,6,11,14,18,22,7,8,24,20,12],[21,17,19,13,9,5,1,23,3,15,4,16,11,14,2,8,7,20,22,6,12,18,10,24],[1,13,17,19,5,21,3,23,9,15,16,4,11,2,8,14,7,20,22,6,10,12],[5,9,21,13,1,3,23,17,19,15,4,16,11,14,2,6,20,24,8,10,7],[21,5,17,19,9,13,1,3,23,15,16,4,11,2,6,14,20,22,8,24,7,12,10],[5,9,1,21,3,23,13,17,19,15,4,16,10,14,2,6,11,20,8,22,7,24],[13,9,5,1,17,19,21,3,23,15,16,4,11,2,6,14,20,22,8,24,12,7,10,18],[13,5,17,9,21,19,1,23,15,3,4,16,12,11,2,8,14,7,18,24,20,6,10,22],[13,5,21,1,23,17,19,9,15,3,16,4,12,11,14,2,7,18,22,6,20,8,24,10],[21,1,23,5,17,19,9,13,3,15,4,16,11,2,8,14,7,20,22,24,6,12,10],[13,5,21,9,17,23,1,3,19,15,4,16,11,14,2,8,6,18,22,24,10],[21,1,23,13,17,3,19,5,9,15,4,16,11,14,2,8,7,20,24,6,12,10],[21,17,19,5,1,23,9,13,3,15,4,16,11,2,6,14,20,22,7,24,8,12,10],[5,13,9,1,21,3,23,17,19,15,16,4,12,11,2,6,14,20,24,7,10,22,8],[13,1,9,21,23,5,17,19,15,3,16,4,11,14,2,8,7,18,24,6,10,12,22],[5,21,1,23,17,3,19,13,9,15,16,4,10,14,2,8,12,11,7,20,24,6,18],[1,13,21,3,23,17,19,9,5,15,16,4,11,14,2,8,7,20,24,6,12,22],[21,17,19,5,13,9,1,3,23,15,16,4,11,14,2,7,6,24,20,8,18,10,22],[13,5,21,9,17,23,1,19,15,3,4,14,16,2,12,11,7,20,6,24],[13,5,21,1,23,9,17,19,15,3,4,16,11,14,2,8,6,18,22,12,24,7,10,20],[5,9,13,21,1,23,17,3,19,15,16,4,11,14,2,7,20,8,24,22,6,12],[13,21,17,19,1,3,23,5,9,15,16,4,11,14,2,6,20,22,7,10,24,18,8,12],[9,17,5,13,1,3,19,21,23,15,16,4,11,2,7,14,20,24,6,10,8,18,22],[9,17,21,23,5,1,19,13,15,3,16,4,11,2,8,14,7,18,22,6,12,20,10,24],[13,1,17,3,19,21,23,9,5,15,4,16,11,14,2,6,20,8,24,7,12,18,22,10],[1,5,9,17,3,19,21,23,13,15,4,16,11,14,2,6,24,20,8,10,7,22],[13,17,1,19,5,21,23,9,15,3,4,16,10,14,2,7,11,20,22,8,6,24,12],[17,5,13,9,21,23,1,19,15,3,4,16,11,2,7,14,18,6,22,10,8,24],[5,13,9,1,21,3,23,17,19,15,16,4,11,2,7,14,18,6,24,20,8],[13,1,5,21,3,23,9,17,19,15,16,4,10,2,7,11,14,24,18,8,22,20,6,12],[21,9,1,3,23,13,17,19,5,15,4,16,10,14,2,7,12,11,20,6,22,24,8],[21,9,5,13,1,23,17,19,3,15,4,16,11,14,2,8,6,18,22,24,7,10,20],[5,21,1,23,13,17,3,19,9,15,4,16,11,2,6,14,20,22,7,10,8,24,12],[9,21,1,3,23,5,17,19,13,15,16,4,11,14,2,7,18,22,6,8,10,24,20],[9,21,13,5,17,19,1,23,15,3,4,16,10,2,7,12,11,14,24,18,8,6],[13,21,5,9,17,23,1,19,3,15,4,16,11,2,6,14,18,22,7,12,8,24,20,10],[5,13,17,1,3,19,9,21,23,15,4,16,11,2,8,14,6,18,24,7,10,20,22],[17,21,19,5,9,13,1,3,23,15,16,4,11,14,2,7,20,6,22,8,10,24],[13,17,9,21,23,1,19,5,3,15,16,4,11,2,8,14,7,20,22,6,12,24,18],[17,5,13,9,21,23,1,3,19,15,16,4,11,2,6,14,18,22,7,8,12,24,10,20],[5,9,13,21,1,23,17,19,3,15,16,4,11,2,8,14,18,7,22,6,10,12,24,20],[9,1,13,17,19,5,21,3,23,15,16,4,11,14,2,6,20,24,7,12,22,8],[9,1,5,17,3,19,21,23,13,15,16,4,11,14,2,8,7,18,22,6,24,10,12],[5,9,21,17,19,13,1,23,3,15,4,16,11,14,2,6,20,22,8,12,7,10,24],[5,21,17,19,13,9,1,3,23,15,4,16,12,11,2,8,14,7,24,18,22,6],[17,21,19,13,9,5,1,3,23,15,16,4,11,2,8,14,7,20,22,12,6,10,24,18],[21,13,9,17,19,5,1,3,23,15,16,4,11,2,7,14,6,20,22,12,10,8,24,18],[17,21,19,9,1,3,23,13,5,15,16,4,12,11,14,2,6,20,22,8,7,10,24],[21,9,13,1,3,23,17,19,5,15,16,4,11,2,8,14,7,20,24,6,18,12,22,10],[21,1,23,5,17,19,13,9,15,3,16,4,11,14,2,7,18,8,24,10,20,6],[21,5,13,17,23,1,3,19,9,15,4,16,12,11,2,6,14,22,20,7,8,24,18,10],[13,5,9,17,1,19,21,3,23,15,4,16,12,11,14,2,6,18,24,7,10,8],[1,17,3,19,13,21,23,5,9,15,16,4,11,2,8,14,7,20,22,10,6,24],[21,1,23,17,3,19,9,5,13,15,16,4,12,11,14,2,7,18,22,6,24,8,20,10],[21,5,1,23,9,13,17,3,19,15,16,4,11,2,6,14,20,24,7,22,8,12,10,18],[13,5,21,17,19,1,3,23,9,15,4,16,12,11,14,2,7,20,24,6,18,10,8,22],[9,5,13,17,21,19,1,23,3,15,4,16,11,2,6,14,20,24,7,10,12,18,8],[13,5,17,21,19,9,1,23,3,15,4,16,10,14,2,6,11,22,20,7,18,8],[9,13,1,5,21,23,17,3,19,15,4,16,12,11,2,8,14,7,20,24,10,6,22],[13,9,1,17,19,21,3,23,5,15,16,4,10,2,8,11,14,7,22,20,6,24,18],[13,17,9,21,23,1,19,5,3,15,4,16,11,14,2,7,18,24,8,6,10,22,12,20],[21,1,3,23,17,19,13,5,9,15,16,4,11,2,7,14,6,18,24,10,12,8,20,22],[1,5,13,17,19,9,21,23,15,3,16,4,11,14,2,7,18,6,22,10,8,24],[13,21,9,1,3,23,17,19,5,15,4,16,11,14,2,6,20,22,7,24,8,12,10,18],[13,1,9,21,3,23,17,19,5,15,4,16,10,2,8,12,11,14,20,6,24,7,22],[21,5,13,17,23,1,3,19,9,15,16,4,11,14,2,8,18,7,24,6,12],[21,1,3,23,9,13,5,17,19,15,4,16,11,14,2,8,7,20,24,6,12],[9,21,13,17,19,1,23,5,15,3,4,16,11,14,2,8,7,20,22,12,10,6,24,18],[13,17,5,21,23,1,3,19,9,15,16,4,11,2,7,14,18,6,22,8,24,10,12],[21,5,9,13,17,23,1,3,19,15,4,16,11,2,7,14,6,20,22,24,12,8,10],[5,21,9,13,1,3,23,17,19,15,4,16,11,14,2,7,6,18,22,12,8,20,24,10],[17,13,9,5,21,19,1,3,23,15,16,4,11,14,2,6,22,18,8,7,12,24,10],[13,1,5,9,17,3,19,21,23,15,16,4,11,2,7,14,20,8,22,10,6,24],[13,21,9,5,17,19,1,23,3,15,16,4,11,2,8,14,6,18,24,7,20,10,12,22],[5,17,13,21,19,9,1,3,23,15,16,4,10,2,7,12,11,14,20,8,24,6,22],[21,17,23,13,1,19,9,5,3,15,4,16,11,14,2,8,7,20,22,6,24,10,18,12],[9,1,17,19,13,5,21,23,3,15,4,16,11,2,6,14,20,22,8,7,24,10],[13,1,5,21,23,17,3,19,9,15,4,16,11,2,6,14,22,20,7,24,12,18,8,10],[9,21,1,3,23,5,17,19,13,15,16,4,11,14,2,8,6,20,22,7,10,24],[5,1,21,3,23,17,19,13,9,15,4,16,11,2,8,14,7,18,24,6,10],[5,21,13,9,1,3,23,17,19,15,16,4,11,14,2,8,6,20,22,12,7,24,10],[5,9,13,21,17,19,1,3,23,15,16,4,11,2,6,14,18,22,7,12,10,20,24,8],[1,5,9,17,19,21,3,23,13,15,16,4,11,14,2,7,20,6,22,8,10,24,18,12],[13,9,5,1,17,3,19,21,23,15,16,4,11,14,2,7,20,6,22,10,8,24,18,12],[5,17,9,13,1,19,21,3,23,15,16,4,10,14,2,7,12,11,20,6,22,8,24],[13,9,21,5,17,19,1,3,23,15,4,16,11,14,2,8,7,20,22,10,24,6],[9,5,13,17,1,3,19,21,23,15,4,16,11,2,7,14,20,24,8,6,10,12,18,22],[9,13,5,17,1,3,19,21,23,15,4,16,11,14,2,8,7,20,24,18,6,10,22,12],[9,1,21,3,23,13,5,17,19,15,16,4,11,2,6,14,8,20,24,7,10,18,12,22],[21,13,1,23,5,17,3,19,9,15,16,4,10,2,6,11,14,20,22,7,24,18,8,12],[21,5,9,17,23,13,1,19,3,15,16,4,11,2,8,14,7,20,22,10,6,18,12,24],[13,1,17,3,19,5,21,23,9,15,16,4,11,14,2,7,18,6,24,12,22,8,20,10],[9,13,17,1,3,19,21,23,5,15,4,14,16,2,11,8,7,18,24,22,20,12,6,10],[21,9,13,1,3,23,17,19,5,15,4,16,11,2,7,14,6,20,22,8,10,24,12,18],[21,17,23,13,9,1,19,5,15,3,4,16,10,2,8,11,14,7,18,22,6],[9,1,17,3,19,21,23,5,13,15,16,4,10,2,7,12,11,14,8,18,24,6,22,20],[17,13,9,21,23,1,19,5,15,3,4,16,11,2,8,14,7,18,22,6,12,24,20,10],[13,21,5,9,1,3,23,17,19,15,4,16,11,2,6,14,20,24,7,22,12,8,10],[21,9,13,5,1,23,17,3,19,15,4,16,11,14,2,8,7,18,24,6,12,22,10],[17,21,23,5,9,13,1,19,3,15,16,4,11,14,2,6,20,22,7,10,8,12,24],[9,21,5,17,23,13,1,19,15,3,16,4,11,2,8,14,7,20,24,6,10],[21,13,17,19,9,1,23,5,15,3,16,4,11,2,7,14,20,24,8,22,6,12,18,10],[17,21,19,5,13,9,1,23,15,3,4,16,11,2,6,14,18,22,7,10,24,8,12],[9,5,13,17,1,3,19,21,23,15,4,16,11,2,8,14,7,20,24,6,10],[17,1,19,5,13,9,21,3,23,15,16,4,10,2,7,11,14,20,6,22,12,24],[9,17,1,19,5,13,21,23,15,3,4,16,11,2,8,14,6,18,22,7,10,12,24],[17,13,21,19,9,1,23,5,3,15,16,4,12,11,2,6,14,18,22,7,24,10,8],[9,5,13,17,1,3,19,21,23,15,4,16,11,2,8,14,6,18,24,7,20,10,22,12],[21,1,3,23,17,19,13,5,9,15,4,16,11,14,2,8,7,18,24,6,22,10,20,12],[5,17,13,21,19,9,1,3,23,15,16,4,11,2,8,14,20,6,22,7,12,24,10,18],[21,5,1,3,23,13,17,19,9,15,16,4,10,2,8,11,14,6,18,24,7,20,22],[1,17,19,5,9,13,21,3,23,15,16,4,11,14,2,6,22,18,7,8,10,12,24],[5,21,1,23,9,13,17,19,3,15,16,4,10,2,6,11,14,20,24,7,8],[17,13,21,23,5,9,1,3,19,15,16,4,11,14,2,7,20,8,22,10,6,18,24,12],[1,13,17,3,19,21,23,5,9,15,4,16,11,2,6,14,18,22,8,24,7],[9,17,13,5,21,23,1,3,19,15,4,16,11,2,8,14,6,18,22,7],[17,21,19,13,1,23,5,9,3,15,16,4,10,2,6,11,14,18,24,7,22,8,20,12],[9,21,17,19,5,1,3,23,13,15,16,4,11,2,8,14,7,20,22,6,12,24,10],[13,21,5,9,17,23,1,3,19,15,4,16,11,14,2,8,6,20,24,18,22,7,12],[21,13,17,23,9,5,1,19,3,15,4,16,11,2,7,14,22,20,8,18,6,10,24,12],[9,13,5,17,1,3,19,21,23,15,14,4,16,2,10,8,12,11,6,20,24,7,18,22],[9,17,21,23,5,13,1,3,19,15,4,16,12,11,14,2,6,20,22,8,7,24,10],[17,13,9,1,19,5,21,23,3,15,4,16,11,14,2,6,22,20,8,7,12,24,18],[9,1,5,21,23,13,17,19,15,3,4,16,11,14,2,8,6,18,24,10,7,22],[9,17,1,19,13,21,3,23,5,15,16,4,11,14,2,8,6,20,22,7,12,10,24,18],[17,13,1,19,5,9,21,3,23,15,16,4,11,2,7,14,6,18,22,10,24],[21,17,19,13,5,1,3,23,9,15,16,4,11,2,7,14,20,6,24,12,18,8,10,22],[9,21,17,19,5,13,1,23,3,15,4,16,11,14,2,7,20,6,24,12,10,8],[17,1,3,19,13,21,23,9,5,15,16,4,11,2,7,14,18,24,8,6],[21,9,17,23,1,3,19,5,13,15,16,4,11,2,6,14,18,24,7,10,12,22,8,20],[17,21,23,13,1,3,19,5,9,15,4,16,11,14,2,6,22,20,8,7,12,10,24],[1,17,19,5,21,23,13,9,3,15,4,16,12,11,14,2,8,6,20,22,7,10,24],[5,21,9,13,1,3,23,17,19,15,16,4,11,2,6,14,20,22,8,7,12,10,24,18],[13,17,9,1,3,19,5,21,23,15,16,4,12,11,2,8,14,6,18,22,7,20],[13,1,9,17,19,21,23,5,3,15,4,16,11,14,2,7,20,6,24,22,10,12],[9,13,17,5,1,3,19,21,23,15,16,4,11,14,2,7,20,8,24,6,12,10,22,18],[1,17,3,19,13,9,5,21,23,15,16,4,11,14,2,7,18,6,22,10,24,8,20],[5,13,21,17,23,1,19,9,15,3,16,4,10,2,7,11,14,18,8,24,12,6],[17,9,21,19,1,23,13,5,15,3,16,4,11,14,2,8,7,18,22,12,10,6,24],[17,1,3,19,9,21,23,13,5,15,16,4,11,14,2,6,20,24,8,7,22,12,10],[5,21,17,19,1,23,9,13,15,3,16,4,11,14,2,7,20,6,24,12,10,8,22],[5,9,21,17,19,13,1,23,3,15,16,4,11,2,7,14,6,18,22,24,8,12,20,10],[13,1,9,5,17,19,21,3,23,15,4,16,10,14,2,6,11,20,24,7,8,22,12],[13,1,17,19,21,23,9,5,15,3,4,16,11,14,2,6,18,24,7,12,20,8,10,22],[13,17,21,19,5,9,1,3,23,15,4,16,11,14,2,6,18,24,7,8,12,10,22],[1,21,3,23,17,19,5,9,13,15,4,16,12,11,2,8,14,7,20,24,10,6],[1,17,3,19,5,13,21,23,9,15,4,16,10,14,2,6,11,18,22,7,24,8],[5,1,17,19,13,9,21,23,3,15,4,14,16,2,11,7,22,20,8,6,24,10],[17,5,1,3,19,9,13,21,23,15,16,4,11,2,8,14,6,20,24,7,12,18],[21,9,13,17,23,5,1,19,15,3,16,4,11,14,2,8,7,20,24,6,18,12,10,22],[1,13,5,9,17,19,21,23,3,15,4,16,11,14,2,8,6,18,24,7],[9,21,1,23,5,17,19,13,15,3,4,16,11,14,2,7,20,24,8,18,6,10,22,12],[1,13,9,17,3,19,21,23,5,15,4,16,11,2,6,14,20,24,7,8,22,10],[9,13,21,5,1,23,17,19,15,3,16,4,11,14,2,7,24,18,6,10,12,8,22,20],[5,9,21,13,17,23,1,3,19,15,4,16,11,2,7,14,18,22,6,8,24,12],[21,13,1,23,17,3,19,5,9,15,4,16,11,14,2,6,18,22,8,10,7,20,12,24],[13,5,17,1,19,21,23,9,15,3,4,16,11,2,6,14,7,18,22,10,8,24,20],[9,5,21,1,3,23,13,17,19,15,16,4,12,11,2,7,14,18,22,8,10,24,6,20],[13,5,1,21,3,23,9,17,19,15,4,16,12,11,2,8,14,6,20,22,7,10,18,24],[13,17,1,19,21,3,23,5,9,15,4,16,12,11,2,6,14,20,22,8,7,18,24],[5,9,21,17,23,13,1,3,19,15,16,4,11,14,2,6,18,22,7,8,12,24,10,20],[5,9,21,1,23,13,17,3,19,15,16,4,10,2,6,11,14,18,24,7,8,20],[21,5,13,9,17,23,1,19,3,15,16,4,11,14,2,7,18,8,24,6,20,10,22],[13,5,21,1,23,17,19,9,3,15,16,4,11,2,8,14,7,20,24,10,6,18],[17,1,19,9,13,21,3,23,5,15,16,4,11,14,2,7,20,8,24,12,6,22,10],[21,1,3,23,13,9,17,19,5,15,16,4,11,2,8,14,6,18,24,7,10,12,20],[1,17,3,19,21,23,5,9,13,15,16,4,11,14,2,8,7,22,18,12,6,24,20],[13,1,5,17,3,19,21,23,9,15,4,16,12,11,2,6,14,22,20,8,7,24],[21,17,23,1,19,5,9,13,3,15,4,16,10,2,8,11,14,6,20,22,7,18,24],[5,21,17,19,1,23,13,9,15,3,16,4,11,14,2,6,22,20,8,12,24,7,10,18],[5,1,21,3,23,17,19,9,13,15,4,16,11,2,8,14,7,20,22,6,12,24,10,18],[5,13,1,21,23,17,19,9,3,15,16,4,11,14,2,6,18,8,22,7,10,24],[5,21,17,23,9,1,3,19,13,15,16,4,11,14,2,8,6,18,22,7,12,10,24],[17,1,19,21,3,23,9,5,13,15,4,16,11,14,2,6,18,22,7,8,24,10],[13,5,1,21,3,23,17,19,9,15,4,14,16,2,11,6,22,18,8,7],[5,9,17,1,19,13,21,23,15,3,16,4,11,1