{"problem_id":"uFQoiI5VrLwyO0S","sigma":150,"alpha":0.316,"cost":2,"probabilities":"[0.12, 0.25, 0.19, 0.44]","payoff_matrix":"[[-154, -275, -150, -174, -50, -104], [39, 46, 99, 189, -154, 100], [-43, -257, 114, 239, 15, -43], [-365, 92, 172, -20, -135, 103]]","uncovered":[[24,12,22,10,23,20,8,16,4,11],[8,12,24,22,10,23,16,20,4,11],[16,8,20,12,4,24,10,22,23,11],[16,24,8,6,22,4,20,12,10,11],[12,8,4,24,10,20,16,22,23,11],[12,8,16,20,24,10,4,22,23,11],[16,12,24,22,10,11,20,8,4],[24,16,12,22,10,11,4,8,20],[16,24,12,22,10,23,8,20,4,11],[20,12,24,10,8,16,4,22,23,11],[4,16,24,12,22,10,23,8,20,11],[12,16,24,22,10,23,20,8,4,11],[24,12,22,10,11,20,8,4,16],[24,4,12,10,8,20,16,22,23,11],[16,8,20,12,4,24,10,22,11],[8,4,20,16,24,6,22,12,10,11],[16,4,12,20,24,22,10,11],[4,20,12,24,22,10,11,16],[4,20,8,16,12,24,10,22,11],[8,24,22,16,12,10,11,20,4],[24,8,22,4,12,10,11,16,20],[4,8,24,6,22,20,12,10,23,16,11],[16,20,24,8,6,22,4,12,10,11],[16,8,24,6,22,20,12,10,11,4],[16,12,8,4,24,22,10,23,20,11],[4,20,12,24,10,16,8,22,11],[8,24,6,22,4,16,20,12,10,23,11],[4,24,16,8,6,22,20,12,10,11],[8,12,24,10,20,16,4,22,23,11],[16,8,12,20,24,10,4,22,11],[8,16,20,24,22,12,10,23,4,11],[24,4,16,20,12,22,10,23,8,11],[24,12,10,4,16,8,20,22,23,11],[24,12,10,20,8,16,4,22,23,11],[4,24,12,10,8,20,16,22,11],[12,24,10,20,8,16,4,22,23,11],[20,4,12,8,16,24,10,22,11],[4,24,12,10,20,8,16,22,23,11],[24,20,12,22,10,23,8,4,16,11],[20,4,16,12,8,24,10,22,11],[8,24,22,20,16,4,12,10,11],[24,16,12,22,10,11,20,4],[16,8,4,20,12,24,22,10,23,11],[20,4,8,16,12,24,10,22,23,11],[12,20,16,24,10,4,8,22,11],[12,16,24,22,10,11,20,8,4],[24,20,8,22,12,10,11,16,4],[16,24,12,10,4,20,8,22,11],[4,8,16,24,22,20,12,10,11],[12,20,4,16,24,10,8,22,23,11],[24,8,6,22,16,12,10,23,4,20,11],[24,4,8,6,22,20,16,12,10,23,11],[4,8,24,6,22,16,12,10,23,20,11],[16,20,12,8,4,24,22,10,23,11],[16,12,4,20,8,24,22,10,23,11],[8,16,20,24,22,4,12,10,11],[4,8,20,12,16,24,22,10,11],[24,16,20,4,12,22,10,11],[12,4,16,24,10,20,8,22,11],[24,8,22,20,16,4,12,10,11],[8,20,24,22,16,4,12,10,11],[8,4,24,6,22,16,20,12,10,23,11],[24,16,4,8,22,12,10,11,20],[24,4,16,20,12,10,8,22,23,11],[24,8,22,16,12,10,23,4,20,11],[16,4,12,20,24,22,10,23,8,11],[4,24,20,12,10,16,8,22,23,11],[24,20,8,6,22,4,12,10,23,16,11],[8,12,20,4,24,10,16,22,11],[16,4,8,24,22,20,12,10,23,11],[20,4,12,16,24,10,8,22,11],[24,20,16,4,12,10,8,22,23,11],[24,8,6,22,12,10,11,20,4,16],[8,20,12,4,24,22,10,11,16],[16,20,12,8,4,24,10,22,11],[12,8,20,4,16,24,10,22,11],[4,16,8,24,22,12,10,11,20],[20,8,16,24,22,4,12,10,23,11],[24,8,6,22,12,10,11,20,16,4],[4,24,20,8,6,22,16,12,10,11],[8,12,4,16,24,22,10,11,20],[8,24,22,16,12,10,11,4,20],[20,12,16,24,22,10,11,8,4],[12,24,22,10,11,16,4,20],[16,12,8,20,4,24,22,10,11],[8,24,22,12,10,23,20,4,16,11],[20,16,24,8,6,22,4,12,10,11],[12,24,10,8,16,4,20,22,11],[16,8,12,4,24,10,20,22,11],[8,16,20,12,4,24,22,10,11],[24,4,12,10,8,16,20,22,11],[12,4,16,20,8,24,22,10,11],[16,4,24,12,10,20,8,22,23,11],[20,24,8,6,22,4,12,10,11],[20,4,12,16,24,10,8,22,11],[16,12,24,10,4,20,8,22,11],[12,24,10,4,16,20,8,22,23,11],[16,20,24,12,10,8,4,22,23,11],[12,8,4,16,24,22,10,11,20],[4,16,8,20,12,24,10,22,23,11],[4,24,16,20,8,22,12,10,23,11],[16,4,8,12,24,10,20,22,23,11],[12,16,4,20,8,24,10,22,23,11],[12,16,8,20,4,24,22,10,23,11],[20,8,12,4,24,10,16,22,23,11],[20,8,16,4,24,6,22,12,10,23,11],[24,16,12,22,10,23,4,20,8,11],[24,20,8,6,22,4,12,10,11],[16,12,24,22,10,23,8,20,4,11],[20,8,24,6,22,4,12,10,11,16],[4,8,24,6,22,20,12,10,23,16,11],[24,20,4,8,22,12,10,11,16],[8,20,24,6,22,16,4,12,10,11],[8,16,4,24,6,22,12,10,23,20,11],[20,12,16,8,24,10,4,22,23,11],[12,4,24,22,10,23,8,20,16,11],[24,4,8,22,20,16,12,10,11],[12,4,16,24,22,10,11,8,20],[4,16,20,8,12,24,22,10,11],[24,4,12,10,16,8,20,22,23,11],[8,20,12,16,24,22,10,11,4],[20,16,4,12,8,24,10,22,11],[4,24,16,12,22,10,23,8,20,11],[16,12,20,24,10,8,4,22,11],[24,8,6,22,4,20,16,12,10,23,11],[4,16,12,8,24,10,20,22,11],[24,12,10,16,8,20,4,22,23,11],[12,16,24,22,10,11,4,8,20],[24,16,20,4,12,10,8,22,23,11],[8,20,16,4,24,22,12,10,23,11],[16,24,12,10,4,20,8,22,23,11],[20,4,16,12,24,22,10,11],[4,8,16,24,22,12,10,11,20],[8,12,24,22,10,11,4,20,16],[12,20,24,10,4,16,8,22,11],[16,12,4,20,8,24,22,10,11],[4,20,12,16,24,22,10,23,8,11],[16,12,24,10,20,8,4,22,23,11],[16,24,12,22,10,11,20,4],[4,20,24,12,22,10,11,16],[8,12,16,4,20,24,10,22,11],[4,24,16,20,12,22,10,23,8,11],[24,8,22,4,12,10,11,16,20],[24,4,16,12,10,8,20,22,11],[8,24,22,12,10,23,4,20,16,11],[12,20,24,22,10,23,4,16,8,11],[4,8,20,12,16,24,22,10,23,11],[20,24,16,8,6,22,12,10,23,4,11],[4,24,16,8,6,22,12,10,23,20,11],[20,12,8,24,22,10,11,4,16],[24,4,12,10,20,16,8,22,11],[4,12,16,24,22,10,11,8,20],[4,20,16,12,8,24,22,10,11],[24,4,20,12,22,10,11,8,16],[8,16,20,4,24,6,22,12,10,11],[24,16,4,8,22,12,10,11,20],[20,24,8,6,22,12,10,11,16,4],[16,20,24,12,22,10,11,4],[12,8,4,20,24,10,16,22,23,11],[16,4,12,8,24,10,20,22,23,11],[24,20,12,10,8,16,4,22,23,11],[4,20,24,16,8,6,22,12,10,23,11],[20,8,24,6,22,16,4,12,10,23,11],[24,4,12,10,20,8,16,22,23,11],[24,4,12,10,16,8,20,22,11],[20,16,12,4,24,10,8,22,23,11],[16,8,20,12,4,24,10,22,11],[16,8,4,12,24,10,20,22,11],[4,20,12,16,24,10,8,22,11],[24,12,10,16,4,20,8,22,11],[20,8,16,24,22,12,10,23,4,11],[12,20,24,10,16,8,4,22,11],[16,20,24,8,6,22,4,12,10,23,11],[16,4,12,20,8,24,10,22,23,11],[8,20,16,24,22,12,10,23,4,11],[16,4,12,24,10,20,8,22,23,11],[4,24,12,10,16,20,8,22,23,11],[20,4,24,8,22,12,10,23,16,11],[20,8,24,22,16,4,12,10,23,11],[24,12,10,4,8,20,16,22,11],[4,20,12,8,24,10,16,22,23,11],[12,20,24,10,4,8,16,22,11],[16,8,4,24,6,22,12,10,11,20],[12,8,4,24,10,20,16,22,23,11],[8,12,4,24,22,10,11,20,16],[12,20,8,24,10,16,4,22,11],[20,16,8,12,24,22,10,23,4,11],[16,4,20,12,24,10,8,22,11],[8,20,24,22,16,12,10,23,4,11],[4,20,12,8,16,24,10,22,11],[4,20,16,24,8,6,22,12,10,11],[24,20,8,6,22,16,4,12,10,11],[20,8,4,24,22,16,12,10,11],[4,8,24,22,16,12,10,23,20,11],[8,24,22,12,10,23,20,16,4,11],[8,12,16,4,24,10,20,22,23,11],[12,16,24,22,10,11,20,4],[8,16,4,12,20,24,10,22,23,11],[20,24,16,8,22,4,12,10,23,11],[24,4,12,22,10,11,16,8,20],[24,12,22,10,11,20,16,4],[8,12,4,20,16,24,10,22,23,11],[4,8,16,20,24,6,22,12,10,11],[4,24,20,12,10,8,16,22,23,11],[8,12,24,10,20,16,4,22,11],[4,12,24,10,20,8,16,22,11],[4,24,20,12,10,16,8,22,23,11],[20,12,24,22,10,23,8,16,4,11],[12,8,16,4,20,24,10,22,23,11],[12,8,16,4,20,24,10,22,11],[20,12,4,24,22,10,23,8,16,11],[24,20,4,8,22,16,12,10,23,11],[24,20,8,6,22,4,16,12,10,23,11],[20,16,24,12,22,10,23,8,4,11],[20,24,4,16,8,6,22,12,10,11],[24,8,22,12,10,11,16,4,20],[20,24,8,22,4,12,10,23,16,11],[12,4,8,24,10,16,20,22,11],[16,20,24,8,22,12,10,23,4,11],[8,24,6,22,12,10,11,4,16,20],[12,16,24,10,20,4,8,22,11],[8,16,20,24,6,22,12,10,23,4,11],[16,24,4,20,12,22,10,11],[12,8,16,20,4,24,10,22,11],[12,8,20,16,24,22,10,11,4],[4,24,20,16,8,22,12,10,23,11],[24,8,6,22,20,4,12,10,23,16,11],[24,12,22,10,11,16,20,4],[16,12,24,22,10,11,8,4,20],[4,20,24,12,22,10,23,16,8,11],[16,4,12,8,24,10,20,22,23,11],[12,4,24,22,10,11,16,8,20],[16,8,4,20,24,6,22,12,10,11],[4,8,12,16,20,24,10,22,23,11],[8,4,12,16,24,22,10,23,20,11],[16,12,20,8,4,24,10,22,23,11],[4,16,12,8,20,24,10,22,11],[8,20,12,24,10,4,16,22,23,11],[4,24,16,8,22,12,10,23,20,11],[12,16,20,4,24,10,8,22,11],[20,8,4,16,24,22,12,10,23,11],[4,24,20,12,10,8,16,22,11],[16,24,4,12,22,10,11,20],[8,12,4,24,22,10,23,16,20,11],[12,24,10,4,20,8,16,22,23,11],[12,20,4,24,10,16,8,22,23,11],[24,4,8,6,22,12,10,23,20,16,11],[20,12,8,16,24,22,10,11,4],[20,24,8,6,22,12,10,11,4,16],[20,8,4,24,22,12,10,23,16,11],[4,12,24,22,10,23,20,8,16,11],[20,8,16,4,12,24,22,10,23,11],[12,4,20,24,22,10,23,8,16,11],[24,20,12,22,10,23,16,8,4,11],[20,12,16,8,24,10,4,22,23,11],[20,12,8,24,22,10,11,16,4],[12,20,4,24,10,8,16,22,23,11],[16,4,24,12,10,8,20,22,23,11],[4,24,8,6,22,12,10,11,20,16],[24,8,6,22,4,20,16,12,10,11],[8,20,24,6,22,16,4,12,10,11],[20,16,4,12,8,24,10,22,23,11],[12,24,22,10,11,8,20,16,4],[8,20,12,24,10,4,16,22,11],[24,20,4,8,6,22,12,10,11,16],[24,12,10,16,8,4,20,22,23,11],[16,12,20,8,24,22,10,11,4],[8,24,22,16,12,10,11,20,4],[8,16,4,24,6,22,20,12,10,23,11],[4,24,20,12,22,10,11,8,16],[20,4,24,8,22,16,12,10,11],[12,4,20,16,8,24,22,10,11],[12,8,20,4,16,24,10,22,23,11],[20,24,16,8,22,4,12,10,11],[20,8,4,24,6,22,16,12,10,23,11],[8,24,22,16,4,12,10,23,20,11],[20,8,16,12,4,24,22,10,11],[8,20,24,6,22,16,4,12,10,11],[8,20,4,12,16,24,22,10,11],[24,16,8,6,22,12,10,11,4,20],[4,8,16,12,24,10,20,22,23,11],[24,20,12,10,4,16,8,22,11],[20,8,12,16,24,10,4,22,11],[20,12,24,10,8,16,4,22,23,11],[12,24,22,10,11,8,4,20,16],[12,8,4,24,22,10,11,20,16],[20,8,24,22,12,10,23,16,4,11],[16,8,12,24,22,10,11,20,4],[20,24,8,6,22,16,4,12,10,23,11],[12,8,4,20,16,24,22,10,23,11],[20,8,4,16,24,22,12,10,11],[24,20,12,10,16,4,8,22,11],[16,4,8,24,22,12,10,11,20],[16,4,24,20,8,6,22,12,10,11],[4,8,20,24,22,12,10,23,16,11],[4,20,12,24,10,8,16,22,23,11],[8,24,6,22,4,20,12,10,11,16],[16,20,4,12,24,22,10,11],[16,8,24,22,12,10,11,20,4],[20,4,8,16,24,6,22,12,10,23,11],[24,8,22,12,10,11,16,4,20],[16,20,4,24,8,22,12,10,11],[20,8,4,24,22,12,10,11,16],[24,16,4,20,12,22,10,23,8,11],[16,24,4,8,22,12,10,23,20,11],[12,8,4,16,24,22,10,23,20,11],[4,20,24,12,22,10,11,8,16],[20,12,16,4,24,10,8,22,11],[4,20,8,16,12,24,10,22,11],[12,20,16,8,4,24,10,22,11],[20,4,16,24,12,10,8,22,11],[20,12,4,24,10,8,16,22,23,11],[20,16,24,8,6,22,12,10,23,4,11],[24,8,6,22,4,20,12,10,23,16,11],[8,4,24,22,12,10,23,16,20,11],[12,20,16,4,24,22,10,11],[16,20,4,8,24,22,12,10,11],[12,16,20,24,22,10,11,4],[12,20,24,10,4,16,8,22,11],[20,24,16,4,8,6,22,12,10,11],[20,24,12,22,10,11,4,16],[12,24,10,4,8,16,20,22,11],[8,4,20,24,6,22,16,12,10,23,11],[16,8,12,20,4,24,10,22,23,11],[16,12,24,22,10,23,4,8,20,11],[16,12,24,10,8,4,20,22,11],[20,8,12,4,16,24,22,10,23,11],[20,24,8,22,16,12,10,11,4],[8,20,16,24,22,12,10,11,4],[12,8,20,16,4,24,22,10,11],[20,16,24,8,22,4,12,10,23,11],[8,12,24,10,20,16,4,22,23,11],[16,4,24,8,6,22,12,10,11,20],[12,20,24,22,10,11,4,8,16],[8,4,24,6,22,16,20,12,10,11],[16,4,12,24,22,10,11,8,20],[12,4,16,24,22,10,23,20,8,11],[12,4,24,22,10,23,8,16,20,11],[8,12,24,10,20,16,4,22,23,11],[20,4,8,24,6,22,16,12,10,11],[16,24,20,12,22,10,11,4],[8,24,22,4,20,12,10,11,16],[12,8,20,16,24,10,4,22,23,11],[4,12,24,22,10,11,16,20],[20,12,16,24,10,4,8,22,23,11],[4,8,20,16,24,22,12,10,11],[8,24,6,22,12,10,23,16,20,4,11],[4,16,20,12,8,24,10,22,23,11],[24,16,8,22,4,12,10,11,20],[4,12,20,16,8,24,22,10,23,11],[16,24,4,8,6,22,20,12,10,11],[12,8,4,20,16,24,10,22,23,11],[24,20,12,10,4,16,8,22,23,11],[8,24,22,4,20,16,12,10,23,11],[24,4,20,12,10,8,16,22,23,11],[4,20,12,16,8,24,22,10,23,11],[24,20,16,12,10,8,4,22,11],[20,4,8,16,24,6,22,12,10,11],[24,16,4,12,22,10,11,8,20],[24,4,8,6,22,16,12,10,11,20],[4,12,16,20,8,24,22,10,23,11],[4,24,12,22,10,11,16,20],[4,8,24,22,12,10,11,16,20],[24,12,22,10,23,16,20,8,4,11],[8,24,6,22,12,10,23,16,4,20,11],[16,24,4,20,12,22,10,11],[20,8,16,12,24,10,4,22,11],[12,4,24,10,8,16,20,22,23,11],[12,8,20,24,22,10,11,16,4],[8,24,6,22,16,12,10,11,20,4],[20,24,16,12,10,8,4,22,23,11],[20,24,16,8,6,22,12,10,11,4],[20,4,16,12,24,22,10,11],[20,4,12,24,10,8,16,22,23,11],[12,24,22,10,11,20,4,16],[24,16,8,6,22,20,12,10,11,4],[4,20,8,12,16,24,10,22,23,11],[4,16,20,12,24,22,10,11],[24,12,22,10,23,8,4,20,16,11],[8,20,12,4,24,10,16,22,23,11],[20,16,12,24,22,10,11,8,4],[8,12,24,10,4,20,16,22,11],[16,4,12,20,8,24,10,22,11],[16,4,24,20,12,10,8,22,23,11],[16,4,8,24,22,20,12,10,23,11],[4,12,24,22,10,11,8,16,20],[12,16,8,4,20,24,10,22,23,11],[12,24,10,16,4,20,8,22,23,11],[24,12,10,4,20,16,8,22,11],[24,12,10,4,8,20,16,22,11],[24,12,22,10,11,20,4,16],[16,20,24,12,10,4,8,22,11],[16,12,4,8,20,24,22,10,11],[20,16,12,4,24,22,10,11],[4,12,16,8,24,22,10,11,20],[12,24,10,20,4,8,16,22,23,11],[8,4,12,24,22,10,23,20,16,11],[16,4,12,8,20,24,22,10,23,11],[4,20,8,16,24,22,12,10,11],[4,12,20,8,24,10,16,22,23,11],[12,16,20,4,24,22,10,23,8,11],[24,12,22,10,23,4,16,8,20,11],[24,8,22,20,4,12,10,23,16,11],[12,8,4,16,24,10,20,22,23,11],[24,12,22,10,23,20,8,4,16,11],[24,4,12,22,10,11,20,16],[20,12,8,16,4,24,22,10,11],[16,20,8,4,12,24,10,22,11],[12,24,10,20,8,16,4,22,23,11],[8,24,22,16,12,10,23,20,4,11],[8,16,4,20,24,6,22,12,10,23,11],[8,12,20,4,16,24,10,22,11],[24,16,8,6,22,12,10,23,20,4,11],[20,24,16,8,22,12,10,11,4],[16,24,20,8,6,22,4,12,10,11],[20,12,8,4,24,10,16,22,11],[12,4,24,22,10,11,20,16],[12,8,20,4,16,24,10,22,11],[16,20,12,4,24,10,8,22,23,11],[24,4,16,12,10,8,20,22,11],[24,8,6,22,12,10,23,4,16,20,11],[20,24,4,8,22,16,12,10,23,11],[20,24,16,12,10,4,8,22,23,11],[12,4,20,24,22,10,23,8,16,11],[24,16,20,8,6,22,4,12,10,11],[12,4,20,24,10,8,16,22,23,11],[12,20,16,4,8,24,10,22,23,11],[8,20,4,16,24,22,12,10,23,11],[12,8,20,4,16,24,22,10,23,11],[8,16,4,20,12,24,10,22,11],[8,20,4,12,16,24,22,10,11],[24,4,20,12,22,10,23,16,8,11],[8,16,12,4,24,10,20,22,23,11],[8,24,6,22,12,10,23,16,20,4,11],[20,4,12,16,24,10,8,22,23,11],[16,20,4,24,12,22,10,23,8,11],[24,20,8,22,12,10,11,4,16],[12,8,24,10,16,4,20,22,11],[20,16,4,12,8,24,10,22,23,11],[8,4,24,22,20,12,10,23,16,11],[12,20,8,4,16,24,10,22,11],[12,4,20,24,22,10,11,16],[8,4,24,22,16,20,12,10,11],[24,8,22,4,16,12,10,23,20,11],[20,16,12,24,22,10,11,8,4],[4,20,12,8,24,10,16,22,23,11],[20,8,12,4,16,24,22,10,11],[12,8,24,22,10,23,4,16,20,11],[4,20,8,12,24,10,16,22,23,11],[16,12,24,10,4,20,8,22,11],[20,12,4,8,16,24,22,10,11],[4,20,12,24,22,10,11,16],[20,24,12,10,16,4,8,22,11],[4,20,16,12,8,24,22,10,11],[24,16,8,6,22,12,10,23,20,4,11],[16,20,4,8,24,22,12,10,23,11],[4,12,24,22,10,11,20,16],[16,12,20,4,8,24,22,10,11],[24,16,8,6,22,20,4,12,10,23,11],[4,20,16,24,8,22,12,10,23,11],[4,8,16,12,20,24,10,22,11],[20,4,8,24,22,12,10,11,16],[16,4,20,8,24,22,12,10,23,11],[16,8,12,20,4,24,22,10,23,11],[8,4,24,6,22,16,12,10,23,20,11],[12,8,24,10,20,16,4,22,23,11],[8,12,24,22,10,23,16,4,20,11],[4,12,24,10,16,8,20,22,23,11],[20,12,24,10,8,4,16,22,11],[12,20,4,8,16,24,22,10,11],[4,20,12,24,10,16,8,22,23,11],[4,8,24,6,22,20,12,10,23,16,11],[20,16,4,12,8,24,10,22,11],[12,24,22,10,11,4,20,8,16],[12,16,20,24,10,4,8,22,11],[8,16,20,24,22,4,12,10,23,11],[12,24,22,10,11,4,20,8,16],[16,20,4,8,12,24,22,10,11],[4,24,8,6,22,12,10,11,20,16],[4,8,20,12,16,24,10,22,11],[24,8,22,16,12,10,23,4,20,11],[4,16,12,24,22,10,11,20],[20,24,12,22,10,11,16,4],[16,4,12,8,20,24,10,22,23,11],[20,24,12,22,10,23,16,8,4,11],[20,8,4,24,22,16,12,10,11],[20,24,12,22,10,23,4,16,8,11],[8,4,16,24,22,12,10,23,20,11],[20,16,24,4,8,6,22,12,10,23,11],[12,20,24,10,16,4,8,22,11],[4,20,8,12,24,22,10,23,16,11],[12,16,20,24,22,10,11,4],[20,8,24,6,22,4,12,10,23,16,11],[16,12,8,20,4,24,10,22,23,11],[12,24,22,10,23,8,16,4,20,11],[16,4,24,20,8,22,12,10,11],[4,20,8,16,24,6,22,12,10,11],[20,16,12,8,24,10,4,22,11],[24,12,10,16,20,4,8,22,23,11],[4,8,20,24,22,12,10,23,16,11],[12,24,22,10,11,4,16,20],[4,20,12,16,8,24,10,22,11],[8,12,24,22,10,23,20,16,4,11],[12,24,22,10,11,16,8,20,4],[8,12,20,4,24,10,16,22,11],[8,24,22,12,10,23,16,4,20,11],[24,12,22,10,11,4,20,8,16],[4,12,16,24,10,8,20,22,11],[4,16,8,24,22,12,10,23,20,11],[24,12,22,10,23,4,20,16,8,11],[12,4,20,16,8,24,22,10,11],[8,20,12,16,4,24,22,10,11],[20,16,12,24,10,4,8,22,11],[24,20,16,4,8,22,12,10,23,11],[24,16,4,12,10,8,20,22,23,11],[4,16,20,8,24,22,12,10,11],[16,12,8,20,4,24,10,22,23,11],[24,4,20,16,12,22,10,23,8,11],[8,12,4,20,16,24,22,10,11],[8,16,24,22,20,4,12,10,23,11],[4,8,16,24,6,22,20,12,10,23,11],[8,12,4,24,22,10,11,20,16],[4,20,16,24,8,22,12,10,11],[16,4,12,20,24,10,8,22,11],[20,16,4,8,12,24,22,10,23,11],[20,24,12,10,8,4,16,22,23,11],[8,24,6,22,16,20,12,10,11,4],[8,4,16,24,6,22,20,12,10,23,11],[24,12,22,10,11,16,4,8,20],[16,24,20,8,22,4,12,10,11],[4,24,20,12,22,10,23,8,16,11],[20,24,8,6,22,12,10,23,16,4,11],[20,8,24,22,4,12,10,11,16],[4,24,16,20,12,10,8,22,23,11],[4,20,24,8,6,22,16,12,10,23,11],[16,24,8,6,22,4,12,10,11,20],[16,24,12,10,20,8,4,22,11],[20,4,8,24,22,12,10,11,16],[20,16,12,4,8,24,22,10,11],[20,16,24,4,12,22,10,23,8,11],[16,8,4,24,6,22,12,10,11,20],[24,16,4,12,10,20,8,22,23,11],[16,24,4,12,10,20,8,22,23,11],[12,24,10,20,4,8,16,22,11],[24,8,6,22,20,12,10,11,16,4],[24,4,16,8,22,20,12,10,23,11],[20,12,16,24,22,10,23,4,8,11],[4,8,16,12,24,22,10,11,20],[16,24,20,4,8,22,12,10,23,11],[4,12,24,10,8,20,16,22,11],[20,8,16,4,24,22,12,10,23,11],[4,24,8,22,20,12,10,11,16],[8,4,20,12,16,24,10,22,11],[12,24,10,16,8,4,20,22,23,11],[24,12,10,20,16,8,4,22,23,11],[12,8,24,10,20,16,4,22,11],[20,12,16,8,24,10,4,22,23,11],[16,12,4,24,22,10,11,20],[4,8,16,24,22,20,12,10,23,11],[12,24,10,8,4,20,16,22,23,11],[8,24,6,22,4,20,16,12,10,23,11],[24,4,16,20,8,6,22,12,10,11],[12,20,16,8,4,24,10,22,11],[20,4,12,8,24,22,10,23,16,11],[16,20,4,24,12,22,10,11],[24,4,16,20,12,10,8,22,23,11],[16,12,8,24,10,20,4,22,23,11],[4,16,8,20,12,24,22,10,23,11],[8,20,12,4,24,10,16,22,11],[12,16,4,24,22,10,23,20,8,11],[8,4,16,20,12,24,10,22,11],[20,4,16,24,8,22,12,10,23,11],[12,4,20,8,16,24,10,22,11],[4,16,20,12,8,24,22,10,23,11],[20,4,16,12,8,24,10,22,11],[12,8,24,22,10,23,20,4,16,11],[4,8,24,6,22,16,12,10,11,20],[20,16,24,8,6,22,4,12,10,11],[16,12,4,8,20,24,22,10,11],[12,20,8,24,22,10,11,16,4],[8,20,24,22,4,16,12,10,11],[24,4,16,12,22,10,11,8,20],[8,24,22,20,12,10,11,16,4],[4,24,16,20,8,22,12,10,11],[24,16,12,22,10,11,4,20],[20,16,24,8,6,22,4,12,10,23,11],[4,12,20,16,8,24,22,10,11],[12,24,22,10,23,16,8,4,20,11],[4,24,20,8,6,22,12,10,11,16],[20,24,12,10,16,4,8,22,23,11],[8,20,12,24,22,10,23,4,16,11],[12,20,4,24,22,10,23,8,16,11],[4,12,8,20,24,22,10,23,16,11],[12,8,16,24,22,10,23,4,20,11],[24,20,8,6,22,16,4,12,10,23,11],[16,4,12,24,22,10,11,8,20],[12,20,4,24,10,8,16,22,11],[12,16,24,22,10,11,4,20],[24,8,6,22,16,12,10,23,4,20,11],[24,12,10,16,4,20,8,22,11],[4,16,24,20,8,22,12,10,11],[24,12,22,10,23,16,4,8,20,11],[24,8,6,22,4,12,10,11,16,20],[8,16,24,6,22,12,10,23,20,4,11],[20,4,8,12,24,10,16,22,11],[20,16,4,12,8,24,10,22,11],[16,20,8,12,4,24,22,10,23,11],[8,20,4,16,24,6,22,12,10,23,11],[8,4,12,16,20,24,10,22,23,11],[16,24,4,20,8,6,22,12,10,23,11],[16,20,12,8,4,24,22,10,11],[4,20,24,12,10,16,8,22,23,11],[8,12,20,24,22,10,11,16,4],[8,24,6,22,4,20,12,10,23,16,11],[12,16,20,24,10,4,8,22,23,11],[4,12,24,22,10,11,20,16],[8,16,20,12,24,22,10,11,4],[16,20,8,4,24,22,12,10,11],[12,24,10,20,16,4,8,22,11],[4,16,24,8,6,22,12,10,23,20,11],[16,24,20,12,10,4,8,22,23,11],[4,12,24,10,16,20,8,22,23,11],[8,12,24,22,10,23,16,4,20,11],[4,24,12,10,16,20,8,22,11],[8,16,20,24,6,22,12,10,11,4],[24,16,8,22,12,10,11,4,20],[20,4,24,16,8,6,22,12,10,23,11],[16,8,24,6,22,20,12,10,23,4,11],[8,4,16,24,22,12,10,11,20],[20,12,4,16,24,22,10,23,8,11],[20,4,16,12,24,10,8,22,23,11],[24,4,16,8,6,22,20,12,10,11],[8,4,20,16,12,24,10,22,11],[24,12,22,10,11,8,4,20,16],[8,20,4,12,24,10,16,22,11],[24,20,16,4,12,10,8,22,11],[4,16,24,20,12,22,10,11],[16,12,20,4,8,24,10,22,11],[20,4,8,16,12,24,22,10,23,11],[16,8,24,6,22,20,12,10,23,4,11],[24,8,6,22,12,10,11,4,20,16],[12,8,24,22,10,11,4,20,16],[20,8,4,12,16,24,22,10,23,11],[12,4,16,8,20,24,10,22,23,11],[4,20,16,12,8,24,22,10,11],[24,16,20,8,6,22,4,12,10,11],[4,12,16,20,24,10,8,22,11],[16,20,4,8,24,6,22,12,10,23,11],[12,16,20,4,24,22,10,11],[16,24,12,22,10,11,20,8,4],[4,20,16,24,8,22,12,10,11],[20,24,16,8,22,12,10,11,4],[16,4,24,8,6,22,20,12,10,23,11],[20,16,24,12,22,10,11,8,4],[16,20,12,24,10,4,8,22,23,11],[24,20,4,16,12,22,10,11],[16,4,24,20,8,6,22,12,10,23,11],[16,8,24,22,4,20,12,10,23,11],[16,4,8,12,24,22,10,11,20],[4,16,8,24,22,20,12,10,23,11],[8,24,6,22,20,12,10,23,16,4,11],[12,8,20,4,16,24,22,10,11],[4,20,12,8,24,22,10,23,16,11],[24,8,22,4,20,16,12,10,11],[20,8,12,4,16,24,10,22,11],[12,20,4,16,24,22,10,23,8,11],[16,4,12,20,24,10,8,22,23,11],[16,8,12,4,20,24,10,22,23,11],[16,12,24,22,10,11,20,4],[12,20,16,4,24,22,10,11],[16,24,8,22,12,10,23,20,4,11],[16,4,12,8,24,10,20,22,11],[8,4,20,12,24,22,10,11,16],[12,16,24,10,8,4,20,22,11],[8,12,16,20,4,24,10,22,11],[24,8,22,4,12,10,23,16,20,11],[8,12,20,16,24,22,10,11,4],[20,8,24,6,22,16,4,12,10,11],[24,16,4,20,8,22,12,10,11],[4,24,20,12,10,8,16,22,23,11],[20,12,16,8,24,10,4,22,11],[20,8,16,4,24,22,12,10,23,11],[24,20,4,16,12,10,8,22,11],[12,4,24,10,8,16,20,22,11],[12,8,4,20,16,24,22,10,23,11],[12,8,4,24,10,16,20,22,11],[16,24,4,12,10,20,8,22,11],[8,12,24,22,10,23,4,16,20,11],[4,8,20,12,16,24,22,10,23,11],[12,20,4,8,24,10,16,22,23,11],[4,24,12,22,10,11,16,8,20],[12,8,4,16,24,10,20,22,11],[12,8,20,24,22,10,23,4,16,11],[24,20,12,22,10,11,8,4,16],[8,16,4,20,12,24,22,10,23,11],[12,20,4,8,24,22,10,11,16],[16,4,12,20,24,10,8,22,23,11],[8,24,6,22,4,20,16,12,10,23,11],[12,4,8,16,24,10,20,22,11],[16,8,12,24,22,10,11,20,4],[8,16,24,6,22,20,12,10,11,4],[8,20,12,24,10,16,4,22,23,11],[8,24,22,4,12,10,23,16,20,11],[24,20,4,16,12,22,10,11],[12,16,20,24,10,8,4,22,11],[24,12,22,10,23,4,16,20,8,11],[16,20,4,24,8,22,12,10,23,11],[20,4,8,24,22,16,12,10,11],[24,16,4,20,12,10,8,22,11],[12,4,24,22,10,11,20,8,16],[8,24,6,22,4,12,10,11,20,16],[12,20,4,8,16,24,22,10,11],[12,8,20,16,24,10,4,22,11],[12,24,10,16,8,4,20,22,11],[16,12,4,20,24,10,8,22,23,11],[20,4,8,24,6,22,12,10,11,16],[12,4,24,22,10,23,16,20,8,11],[16,20,24,8,22,4,12,10,23,11],[16,12,8,24,22,10,23,20,4,11],[12,16,24,22,10,11,8,20,4],[12,16,24,10,20,4,8,22,23,11],[12,20,8,4,16,24,22,10,23,11],[8,24,22,12,10,23,20,4,16,11],[12,16,20,4,8,24,22,10,23,11],[24,4,12,22,10,23,16,8,20,11],[24,20,8,22,4,12,10,23,16,11],[4,24,12,10,8,16,20,22,11],[4,16,20,8,12,24,22,10,23,11],[24,20,4,8,6,22,16,12,10,23,11],[20,16,24,4,12,22,10,23,8,11],[4,20,12,16,24,10,8,22,11],[24,20,4,16,8,6,22,12,10,23,11],[24,16,8,22,12,10,23,20,4,11],[12,4,24,22,10,23,16,20,8,11],[12,8,20,4,16,24,10,22,23,11],[12,24,22,10,23,16,20,8,4,11],[20,12,24,10,16,4,8,22,11],[4,16,8,12,24,10,20,22,11],[16,12,4,8,20,24,22,10,11],[24,8,22,4,16,12,10,11,20],[4,24,12,10,20,16,8,22,23,11],[8,12,4,24,10,16,20,22,11],[4,8,20,12,16,24,22,10,23,11],[16,24,12,10,8,4,20,22,11],[4,8,20,16,24,6,22,12,10,11],[20,4,8,24,22,12,10,23,16,11],[24,4,16,8,6,22,20,12,10,11],[16,20,24,12,22,10,23,4,8,11],[4,24,8,6,22,16,20,12,10,11],[12,8,4,24,22,10,23,20,16,11],[20,4,16,12,8,24,10,22,11],[8,12,16,20,4,24,10,22,11],[12,16,24,22,10,23,4,20,8,11],[16,24,4,12,22,10,11,20],[16,4,8,24,6,22,12,10,23,20,11],[24,16,20,4,8,22,12,10,11],[24,4,16,8,22,20,12,10,11],[4,16,8,20,12,24,22,10,23,11],[24,8,22,4,16,12,10,11,20],[24,20,8,6,22,12,10,11,4],[24,4,12,10,8,20,16,22,11],[12,24,22,10,11,20,8,4,16],[24,16,4,20,12,22,10,11],[16,8,4,20,12,24,10,22,23,11],[24,4,20,8,6,22,12,10,23,16,11],[16,12,4,8,24,22,10,11,20],[24,12,22,10,23,16,4,20,8,11],[24,4,8,6,22,20,16,12,10,11],[8,16,24,6,22,20,12,10,11,4],[8,24,6,22,16,12,10,11,4,20],[12,16,8,20,4,24,10,22,23,11],[24,20,4,8,6,22,16,12,10,23,11],[24,20,4,16,12,22,10,11],[4,16,8,20,12,24,22,10,11],[20,4,24,16,8,22,12,10,23,11],[4,8,20,12,16,24,10,22,23,11],[20,24,12,22,10,23,16,8,4,11],[16,24,20,4,12,22,10,11],[12,24,22,10,11,16,8,4,20],[24,12,10,20,16,8,4,22,23,11],[24,4,20,16,8,22,12,10,11],[24,16,8,6,22,12,10,23,20,4,11],[12,4,20,8,16,24,10,22,23,11],[4,24,16,12,10,8,20,22,23,11],[8,12,16,20,24,10,4,22,23,11],[4,16,8,24,6,22,20,12,10,23,11],[24,8,6,22,4,20,12,10,11,16],[8,16,12,20,4,24,10,22,11],[8,12,24,10,4,16,20,22,11],[20,24,12,10,4,8,16,22,23,11],[20,24,16,12,10,4,8,22,11],[4,20,24,8,6,22,16,12,10,23,11],[4,12,20,16,24,22,10,23,8,11],[12,16,4,24,22,10,23,20,8,11],[8,4,20,16,12,24,22,10,11],[16,8,4,12,20,24,22,10,11],[24,16,12,22,10,23,8,20,4,11],[24,12,22,10,11,16,8,4,20],[24,20,16,4,12,22,10,11],[20,16,8,4,12,24,22,10,23,11],[8,12,24,22,10,23,20,16,4,11],[12,20,24,22,10,23,4,16,8,11],[20,8,4,12,16,24,22,10,11],[20,12,8,16,24,22,10,11,4],[12,8,24,22,10,23,20,4,16,11],[4,24,8,22,20,16,12,10,11],[24,12,22,10,23,8,16,20,4,11],[20,4,16,12,8,24,22,10,11],[20,16,4,24,8,22,12,10,11],[4,24,8,6,22,16,20,12,10,11],[16,8,24,22,20,12,10,11,4],[8,20,4,12,24,10,16,22,11],[4,12,20,8,16,24,10,22,23,11],[16,8,4,24,22,20,12,10,11],[20,4,16,24,12,22,10,11],[12,20,4,16,24,22,10,23,8,11],[12,4,24,22,10,11,16,8,20],[8,12,20,16,24,10,4,22,23,11],[24,8,6,22,4,12,10,11,20,16],[12,4,24,22,10,11,16,8,20],[16,24,12,10,8,4,20,22,11],[12,8,4,20,16,24,10,22,23,11],[4,8,16,24,6,22,12,10,11,20],[20,4,8,16,12,24,22,10,11],[16,24,20,12,10,4,8,22,11],[24,20,12,10,16,8,4,22,23,11],[24,20,12,10,8,4,16,22,11],[8,12,4,24,10,16,20,22,11],[8,24,6,22,16,4,20,12,10,23,11],[4,20,8,24,22,12,10,11,16],[8,4,16,24,22,20,12,10,23,11],[4,16,24,12,10,8,20,22,11],[12,4,20,16,8,24,10,22,23,11],[4,12,24,10,16,8,20,22,11],[12,20,16,4,8,24,10,22,23,11],[4,20,8,12,16,24,22,10,11],[20,24,16,8,22,4,12,10,11],[24,16,8,6,22,4,20,12,10,11],[24,4,20,12,22,10,11,16],[16,24,12,10,20,8,4,22,11],[16,4,20,8,24,22,12,10,23,11],[24,16,20,12,22,10,11,8,4],[8,24,6,22,16,4,12,10,11,20],[8,16,20,4,24,6,22,12,10,11],[12,24,10,4,20,8,16,22,23,11],[24,16,4,12,10,8,20,22,23,11],[20,24,4,16,12,10,8,22,23,11],[24,4,16,12,22,10,11,20],[24,20,16,12,10,4,8,22,11],[20,4,16,8,24,22,12,10,11],[24,4,12,22,10,23,20,8,16,11],[12,16,20,8,4,24,22,10,11],[4,12,24,10,20,16,8,22,11],[16,4,12,24,10,8,20,22,23,11],[24,4,12,22,10,23,8,20,16,11],[16,8,4,12,20,24,22,10,23,11],[24,12,22,10,23,4,16,8,20,11],[16,24,12,10,4,8,20,22,11],[12,4,8,16,24,22,10,23,20,11],[24,16,12,22,10,23,8,20,4,11],[16,20,12,4,24,10,8,22,23,11],[20,8,12,4,16,24,22,10,11],[12,24,22,10,11,20,4,8,16],[8,20,16,12,24,10,4,22,11],[4,8,20,12,24,22,10,11,16],[8,16,24,6,22,12,10,11,4,20],[12,8,16,20,4,24,10,22,11],[16,12,4,24,10,20,8,22,11],[8,24,22,20,4,12,10,11,16],[16,8,4,20,12,24,22,10,11],[4,16,8,20,12,24,22,10,23,11],[4,8,24,6,22,20,12,10,11,16],[24,20,16,12,10,4,8,22,11],[20,4,24,8,6,22,16,12,10,23,11],[16,8,20,24,6,22,12,10,11,4],[24,8,22,20,12,10,23,16,4,11],[24,4,16,20,12,10,8,22,23,11],[24,4,20,8,22,16,12,10,23,11],[16,12,20,4,24,10,8,22,11],[24,20,4,16,12,10,8,22,23,11],[4,12,24,22,10,23,20,8,16,11],[12,24,22,10,23,16,20,4,8,11],[16,20,24,8,6,22,4,12,10,23,11],[16,12,4,8,20,24,22,10,23,11],[4,12,24,22,10,23,20,16,8,11],[12,4,20,8,24,10,16,22,23,11],[16,8,20,4,24,6,22,12,10,23,11],[12,24,22,10,11,8,16,20,4],[12,20,24,22,10,11,8,16,4],[8,20,4,12,16,24,10,22,11],[8,20,24,22,12,10,23,4,16,11],[12,4,20,8,16,24,10,22,23,11],[4,12,20,8,24,10,16,22,11],[8,16,12,20,24,22,10,23,4,11],[8,24,22,20,16,4,12,10,23,11],[8,20,4,24,22,16,12,10,11],[12,4,20,24,10,16,8,22,11],[16,8,12,20,24,10,4,22,23,11],[20,12,4,8,16,24,10,22,11],[12,8,4,20,16,24,10,22,11],[8,4,16,12,24,22,10,23,20,11],[12,16,24,10,20,8,4,22,11],[4,24,8,6,22,12,10,23,20,16,11],[16,24,20,12,22,10,11,4],[12,4,16,24,22,10,11,8,20],[16,8,24,6,22,20,12,10,11,4],[4,20,16,24,12,10,8,22,11],[4,24,16,8,6,22,20,12,10,11],[12,24,22,10,11,16,8,4,20],[4,8,24,6,22,16,12,10,23,20,11],[16,8,4,24,6,22,12,10,23,20,11],[24,20,8,6,22,4,12,10,11,16],[24,20,8,6,22,12,10,23,16,4,11],[12,16,8,4,24,10,20,22,11],[12,16,20,4,8,24,10,22,11],[12,16,20,8,24,10,4,22,11],[24,20,4,12,22,10,23,16,8,11],[4,8,24,22,20,16,12,10,23,11],[24,4,20,16,8,22,12,10,11],[12,20,4,24,22,10,23,8,16,11],[24,4,20,16,12,10,8,22,23,11],[24,12,10,8,16,4,20,22,23,11],[8,20,12,24,10,16,4,22,23,11],[16,12,4,24,22,10,23,8,20,11],[4,24,12,10,8,16,20,22,23,11],[8,4,24,22,12,10,11,16,20],[8,24,6,22,16,12,10,23,4,20,11],[4,24,12,22,10,23,20,16,8,11],[4,20,12,16,8,24,10,22,11],[8,24,22,4,12,10,23,16,20,11],[20,4,16,8,12,24,10,22,23,11],[16,8,12,20,24,22,10,11,4],[20,16,8,12,4,24,10,22,23,11],[20,12,16,4,8,24,22,10,23,11],[4,8,16,24,22,20,12,10,23,11],[4,16,8,24,6,22,12,10,11,20],[8,12,24,22,10,23,4,20,16,11],[16,20,8,24,6,22,4,12,10,23,11],[4,24,8,22,20,16,12,10,11],[8,12,24,22,10,11,4,20,16],[8,24,6,22,12,10,23,4,16,20,11],[4,24,12,22,10,23,8,16,20,11],[20,8,16,4,24,6,22,12,10,23,11],[12,16,4,20,8,24,22,10,23,11],[24,4,20,16,12,22,10,11],[8,20,12,4,16,24,22,10,23,11],[20,12,24,10,8,4,16,22,23,11],[20,8,24,6,22,16,4,12,10,11],[20,8,16,12,24,22,10,11,4],[4,24,20,12,22,10,23,16,8,11],[20,12,24,22,10,23,8,16,4,11],[12,4,8,20,24,22,10,23,16,11],[4,24,16,8,6,22,20,12,10,23,11],[16,20,12,4,8,24,10,22,11],[4,16,20,8,24,22,12,10,23,11],[16,4,12,24,22,10,23,20,8,11],[4,8,24,22,16,12,10,11,20],[20,8,4,16,12,24,22,10,11],[12,4,24,22,10,23,20,8,16,11],[12,16,24,10,4,20,8,22,11],[16,12,4,8,20,24,10,22,11],[20,4,12,16,24,10,8,22,23,11],[12,20,8,16,4,24,22,10,23,11],[12,4,20,16,24,22,10,23,8,11],[20,24,8,22,4,12,10,23,16,11],[20,8,12,16,4,24,10,22,11],[16,8,12,24,22,10,11,4,20],[24,16,12,22,10,23,4,20,8,11],[8,16,12,4,24,22,10,23,20,11],[24,4,20,8,6,22,16,12,10,11],[8,4,12,16,20,24,10,22,23,11],[20,8,12,16,24,10,4,22,11],[12,20,24,10,8,4,16,22,23,11],[16,4,24,8,22,12,10,23,20,11],[16,12,20,24,22,10,11,4],[24,8,6,22,12,10,11,16,20,4],[8,16,12,20,24,10,4,22,11],[20,12,4,16,24,22,10,11],[16,4,12,24,22,10,23,8,20,11],[8,20,12,16,4,24,22,10,11],[16,4,24,12,22,10,23,20,8,11],[8,12,24,22,10,23,4,20,16,11],[20,12,8,24,10,16,4,22,23,11],[8,4,12,16,20,24,22,10,11],[20,8,12,16,4,24,10,22,11],[24,8,6,22,12,10,11,16,4,20],[12,4,20,16,24,10,8,22,23,11],[4,12,24,10,20,16,8,22,11],[24,8,22,16,20,12,10,23,4,11],[24,8,22,12,10,23,20,4,16,11],[16,4,24,12,22,10,23,20,8,11],[24,12,22,10,23,20,8,16,4,11],[12,4,16,20,24,10,8,22,23,11],[8,20,16,12,4,24,10,22,23,11],[20,4,16,8,24,22,12,10,23,11],[24,4,12,10,20,8,16,22,23,11],[16,12,24,10,8,20,4,22,11],[20,24,16,4,12,10,8,22,23,11],[24,16,12,22,10,23,8,20,4,11],[12,16,20,4,8,24,10,22,23,11]],"n_human":8}