{"problem_id":"uH8gcgWUEoa2hfm","sigma":150,"alpha":10.000,"cost":0,"probabilities":"[0.21, 0.28, 0.24, 0.27]","payoff_matrix":"[[-220, -222, 13, 37, 40, -72], [-31, -155, -42, 174, -47, 40], [-48, -35, -182, 166, -193, -218], [-97, 74, -49, -141, -205, -6]]","uncovered":[[2,22,6,18,10,14,24,16,23,4,12,20,11,8,15,7,3,13,19,5,9,1],[2,6,10,22,14,16,24,18,23,4,12,20,15,8,7,11,3,19,13,5],[10,6,2,18,14,22,24,16,23,4,12,20,11,8,15,7,3,1,17,21,19,5,13,9],[18,6,14,10,2,22,24,16,23,4,12,20,15,8,7,11,3,13,5,19,1,17,21,9],[2,6,18,22,10,14,16,24,23,4,12,20,11,8,7,15,3,13,1,19,17,21,9,5],[22,14,16,24,2,18,6,10,15,23,4,12,20,8,7,11,3,5,13,19,21,9,17],[14,22,16,24,6,2,10,18,15,23,4,12,20,8,7,11,3,21,13,9,19,17,1,5],[6,14,2,22,24,16,18,10,15,23,4,12,20,8,7,11,3,19,13,17,5,21,1],[22,10,6,18,2,14,16,24,15,23,4,12,20,8,7,11,3,17,5,21,13,1],[10,14,6,22,24,16,18,2,15,23,4,12,20,8,7,11,3,13,19,21,5,17,9,1],[14,6,22,24,16,2,18,10,15,23,4,12,20,8,7,11,3,1,5,19,13,9,17],[6,2,22,10,14,16,24,18,23,4,12,20,15,8,7,11,3,17,5,9,1,19,21,13],[22,6,10,2,14,24,16,18,23,4,12,20,15,8,7,11,3,5,13,21,17,19],[14,2,6,18,22,24,16,10,15,23,4,12,20,8,7,11,3,13,5,1,9,19,21,17],[2,10,22,18,6,14,24,16,23,4,12,20,15,8,7,11,3,13,19,9,1,21,5],[6,10,14,18,2,22,16,24,23,4,12,20,11,8,15,7,3,19,13,5,17],[10,22,2,6,14,16,24,18,15,23,4,12,20,8,11,7,3,5,21,17,19,13,1],[6,18,2,10,22,14,24,16,23,4,12,20,11,8,15,7,3,13,17,1,21,5],[18,14,10,22,16,24,2,6,23,4,12,20,15,8,7,11,3,13,1,19,9,21,5],[2,22,10,18,6,14,24,16,23,4,12,20,11,8,7,15,3,13,1,17,19,9,5],[22,14,16,24,10,6,18,2,23,4,12,20,11,8,15,7,3,19,9,13,21,5],[22,2,6,14,16,24,10,18,23,4,12,20,11,8,7,15,3,21,17,13,5,1,9],[18,10,22,2,6,14,16,24,23,4,12,20,15,8,7,11,3,13,17,19,1,9,5,21],[6,10,22,14,24,16,18,2,23,4,12,20,11,8,7,15,3,13,1,17,5,19,9],[22,2,6,18,10,14,24,16,15,23,4,12,20,8,11,7,3,5,19,21,13,9],[18,22,6,10,14,16,24,2,15,23,4,12,20,8,7,11,1,17,5,13,19,21,3,9],[6,18,2,14,22,16,24,10,15,23,4,12,20,8,7,11,3,19,13,17,1,21,9,5],[10,14,6,18,2,22,24,16,15,23,4,12,20,8,7,11,3,13,21,5,17,19],[10,2,22,18,6,14,24,16,23,4,12,20,11,8,15,7,3,21,17,5,19,13,1,9],[10,2,18,14,6,22,16,24,23,4,12,20,15,8,7,11,3,13,17,5],[2,10,18,14,22,16,24,6,23,4,12,20,11,8,7,15,3,5,19,21,9,13,1,17],[2,14,18,10,6,22,16,24,23,4,12,20,11,8,7,15,3,5,21,1,19,13,17],[22,10,6,18,2,14,16,24,15,23,4,12,20,8,7,11,3,13,17,21,19,5],[2,22,10,6,18,14,16,24,15,23,4,12,20,8,7,11,3,5,17,19,1,9,13],[2,6,14,22,24,16,18,10,15,23,4,12,20,8,7,11,3,17,1,13,5,9,21,19],[10,2,6,22,18,14,16,24,15,23,4,12,20,7,11,3,8,17,13,5,19,9,21,1],[18,14,6,2,10,22,16,24,15,23,4,12,20,8,7,11,3,17,13,21,5],[2,6,22,14,24,16,10,18,15,23,4,12,20,8,7,11,3,19,21,13,5],[10,14,22,24,16,6,18,2,23,4,12,20,11,8,15,7,3,13,17,5,21,1,19,9],[14,10,2,18,6,22,16,24,15,23,4,12,20,8,7,11,3,1,19,13,17,5,21,9],[22,18,2,14,24,16,10,6,23,4,12,20,15,8,7,11,3,5,19,13,1,21,9],[6,22,10,18,2,14,16,24,15,23,4,12,20,8,7,11,1,5,9,19,17,3,13,21],[6,18,10,22,14,16,24,2,23,4,12,20,15,8,7,11,3,19,5,9,1,17,21,13],[2,6,18,22,10,14,24,16,23,4,12,20,11,8,7,15,3,21,19,13,9,5],[14,6,10,18,2,22,24,16,15,23,4,12,20,8,7,11,3,9,5,17,21,13],[10,14,22,24,16,6,18,2,23,4,12,20,11,8,15,7,3,5,9,13,17],[22,2,14,16,24,18,6,10,23,4,12,20,15,8,7,11,3,17,13,21,1,19],[2,14,10,18,6,22,24,16,23,4,12,20,15,8,7,11,3,13,17,19,5,9,21,1],[10,14,18,2,22,24,16,6,15,23,4,12,20,7,11,3,8,19,5,21,13],[6,18,22,10,14,24,16,2,23,4,12,20,11,8,15,7,3,5,19,21,9,17,1],[14,18,22,24,16,6,10,2,15,23,4,12,20,8,7,11,3,13,17,5,9,1,21,19],[14,10,22,16,24,2,6,18,23,4,12,20,11,8,15,7,3,5,17,13,21],[6,14,2,18,10,22,16,24,23,4,12,20,11,8,15,7,3,19,21,13,1,5],[2,6,14,18,10,22,24,16,23,4,12,20,15,8,7,11,3,5,19,13,9,21,1],[22,2,10,18,14,16,24,6,23,4,12,20,11,8,7,15,1,5,21,17,19,9,13,3],[22,18,14,16,24,6,2,10,23,4,12,20,15,8,7,11,3,13,19,5],[10,18,22,2,14,16,24,6,23,4,12,20,11,8,15,7,3,13,5,1,21,17,19],[6,18,2,22,14,16,24,10,15,23,4,12,20,8,7,11,3,17,5,9,21,1,13,19],[18,22,10,14,16,24,2,6,15,23,4,12,20,8,7,11,1,5,17,13,21,19,9,3],[2,6,14,22,16,24,18,10,23,4,12,20,15,8,7,11,1,13,3,5,17,9,19],[2,18,22,14,24,16,6,10,15,23,4,12,20,8,7,11,3,19,13,21,17,1,5],[2,22,14,24,16,18,10,6,23,4,12,20,11,8,15,7,3,13,5,19],[22,18,2,6,14,16,24,10,23,4,12,20,15,8,7,11,3,5,21,19,17,13,1,9],[18,14,10,2,22,16,24,6,15,23,4,12,20,8,7,11,3,19,13,5,21,1,17,9],[18,2,14,22,24,16,6,10,15,23,4,12,20,8,7,11,3,5,1,21,19,9,17,13],[22,14,24,16,6,10,18,2,23,4,12,20,15,8,7,11,1,19,5,13],[22,2,14,24,16,18,6,10,23,4,12,20,15,8,7,11,3,5,19,17,13,1,9,21],[22,10,14,16,24,6,2,18,15,23,4,12,20,8,7,11,3,17,5,21,1,13],[6,18,14,10,2,22,16,24,15,23,4,12,20,8,7,11,3,5,13,9,17,21,19,1],[14,22,24,16,10,2,6,18,23,4,12,20,15,8,7,11,3,13,5,19,9,1,21],[10,6,18,22,14,24,16,2,23,4,12,20,11,8,7,15,1,5,19,21,9,13],[10,2,22,14,24,16,18,6,15,23,4,12,20,8,7,11,3,5,17,19,21,9,13],[6,10,18,22,14,16,24,2,23,4,12,20,11,8,7,15,3,5,19,1,21,17,13,9],[14,10,2,22,16,24,18,6,15,23,4,12,20,8,7,11,3,17,21,5,13],[2,18,22,6,10,14,24,16,15,23,4,12,20,8,7,11,3,5,19,1,13,21,9,17],[2,22,10,14,16,24,18,6,15,23,4,12,20,8,7,11,3,19,13,21,17,5],[10,2,14,18,6,22,16,24,15,23,4,12,20,8,7,11,3,19,13,9,5,21,1],[2,10,14,22,24,16,18,6,15,23,4,12,20,8,7,11,3,17,5,1,9,13,19,21],[22,6,10,2,18,14,24,16,23,4,12,20,15,8,7,11,3,19,13,1,5,21],[10,18,14,6,2,22,24,16,15,23,4,12,20,8,7,11,3,5,17,21,1,13,9],[6,10,14,22,24,16,18,2,23,4,12,20,11,8,15,7,3,13,17,19,9,5],[14,10,18,2,6,22,16,24,15,23,4,12,20,8,7,11,3,5,17,13,19],[10,18,14,2,6,22,24,16,23,4,12,20,15,8,7,11,3,5,19,21,17,1,9,13],[10,14,18,6,2,22,24,16,23,4,12,20,11,8,7,15,3,21,9,19,5,13],[14,18,2,6,10,22,24,16,15,23,4,12,20,8,7,11,3,5,19,21,9,1,17],[2,14,18,10,6,22,24,16,15,23,4,12,20,8,7,11,3,17,5,13,9,21,1,19],[2,14,10,18,22,16,24,6,23,4,12,20,15,8,7,11,1,13,5,9,17,3],[18,6,2,14,22,24,16,10,15,23,4,12,20,8,7,11,3,13,17,5,21],[2,22,18,6,14,16,24,10,23,4,12,20,11,8,15,7,3,5,17,1,13],[18,2,10,14,6,22,16,24,23,4,12,20,15,8,7,11,3,13,5,17,1,21,19],[2,14,6,10,22,24,16,18,23,4,12,20,11,8,7,15,3,21,5,19,9,1,13],[18,10,6,22,2,14,16,24,15,23,4,12,20,8,7,11,3,5,13,17,19],[14,2,10,22,16,24,6,18,15,23,4,12,20,8,7,11,3,13,1,17,5,21,9,19],[14,2,18,10,22,16,24,6,15,23,4,12,20,8,7,11,3,21,5,19,13],[18,6,2,22,10,14,16,24,23,4,12,20,11,8,7,15,3,5,21,17,19,9,13],[14,6,10,22,16,24,2,18,15,23,4,12,20,8,7,11,3,1,17,13,5,9],[22,10,6,18,14,16,24,2,23,4,12,20,15,8,7,11,1,19,5,9,21],[6,18,14,10,22,24,16,2,23,4,12,20,11,8,15,7,3,13,19,5,1,21,17,9],[2,22,6,18,10,14,24,16,15,23,4,12,20,8,7,11,3,5,17,13,9,21,19],[2,22,14,24,16,6,10,18,15,23,4,12,20,8,7,11,3,19,13,5,1,21,9,17],[22,18,14,16,24,2,10,6,23,4,12,20,11,8,7,15,3,19,5,13,17,9,21,1],[2,14,18,6,22,24,16,10,15,23,4,12,20,8,7,11,3,13,17,5,9,21,19,1],[6,10,18,22,14,24,16,2,15,23,4,12,20,8,7,11,3,17,5,19,9,13,1],[18,22,10,2,14,24,16,6,15,23,4,12,20,5,11,3,7,13,8,19,9,1,17,21],[14,2,22,16,24,6,10,18,15,23,4,12,20,8,7,11,3,13,17,5],[14,10,6,18,2,22,24,16,23,4,12,20,15,8,7,11,3,19,9,5,13],[10,6,2,22,14,24,16,18,15,23,4,12,20,8,7,11,3,13,5,17],[2,10,14,22,24,16,18,6,23,4,12,20,11,8,15,7,3,13,5,17],[10,14,6,18,22,16,24,2,15,23,4,12,20,8,7,11,3,5,19,21,1,13],[22,18,2,14,24,16,6,10,23,4,12,20,15,8,7,11,3,9,5,21,17,19,13],[18,22,10,14,24,16,6,2,23,4,12,20,15,8,7,11,3,13,21,19,9,5,17,1],[2,10,22,6,18,14,16,24,15,23,4,12,20,8,7,11,3,13,17,5,9,19,1,21],[10,6,2,22,14,16,24,18,23,4,12,20,11,8,15,7,3,5,1,9,21,17,13],[2,18,14,10,6,22,24,16,15,23,4,12,20,8,7,11,3,21,5,19,1,13,9],[10,22,18,2,6,14,24,16,23,4,12,20,15,7,11,3,8,13,17,5,19,1,21,9],[18,22,6,14,16,24,10,2,15,23,4,12,20,8,7,11,3,13,21,5,9,17,1],[14,2,18,10,6,22,16,24,23,4,12,20,11,8,15,7,3,13,5,19],[10,18,6,22,2,14,16,24,15,23,4,12,20,8,7,11,3,5,9,13,19,17,21],[14,18,10,22,16,24,2,6,23,4,12,20,15,8,7,11,3,19,5,13,1,9,17],[18,6,14,10,22,24,16,2,15,23,4,12,20,8,7,11,3,5,19,13,9,21,17,1],[2,6,14,22,16,24,10,18,15,23,4,12,20,8,7,11,3,17,19,13,5,9,21,1],[22,2,18,14,16,24,10,6,15,23,4,12,20,8,7,11,3,5,19,21,17,1,13,9],[14,18,22,16,24,2,10,6,15,23,4,12,20,8,7,11,3,19,13,9,21,1,5],[18,2,22,14,24,16,10,6,23,4,12,20,11,8,7,15,3,5,13,17,19,1,9],[14,22,16,24,10,6,2,18,23,4,12,20,11,8,15,7,3,5,19,9,21,13,17,1],[10,22,2,18,14,16,24,6,15,23,4,12,20,8,7,11,3,19,5,1,9,13,21,17],[18,22,10,6,14,24,16,2,15,23,4,12,20,8,7,11,3,17,9,5,19,21,1],[6,18,2,22,14,16,24,10,23,4,12,20,11,8,7,15,3,19,21,13,17,1,5,9],[6,18,2,14,10,22,16,24,15,23,4,12,20,8,7,11,3,17,13,19,21,5],[2,14,6,22,16,24,10,18,15,23,4,12,20,8,7,11,3,13,19,5,9,1],[18,2,10,14,22,24,16,6,15,23,4,12,20,8,7,11,3,5,19,17,13,21,9],[10,2,14,22,24,16,6,18,23,4,12,20,11,8,7,15,3,5,1,19,21,9],[22,2,10,14,24,16,18,6,23,4,12,20,11,8,7,15,3,5,17,13,1,9],[10,2,14,22,16,24,18,6,23,4,12,20,11,8,15,7,3,13,19,5,21],[6,10,22,2,14,16,24,18,23,4,12,20,11,8,15,7,3,9,5,21,17,19,13,1],[6,14,18,10,2,22,24,16,23,4,12,20,11,8,15,7,3,21,19,13,5],[14,6,2,18,10,22,16,24,23,4,12,20,15,8,7,11,3,5,21,19,13,9,1,17],[6,2,10,22,18,14,24,16,23,4,12,20,15,8,7,11,3,1,17,5,13,19,21,9],[2,14,6,18,10,22,16,24,15,23,4,12,20,8,7,11,3,5,21,19,13],[18,14,2,6,22,16,24,10,23,4,12,20,15,8,7,11,3,5,21,19,9,1,17,13],[14,22,24,16,10,6,2,18,15,23,4,12,20,8,7,11,3,17,5,21,19,1,9,13],[22,10,6,18,2,14,16,24,23,4,12,20,15,8,7,11,3,17,13,5,19,1,21,9],[2,18,14,22,16,24,6,10,15,23,4,12,20,8,7,11,3,17,19,13,9,5,21,1],[14,22,24,16,10,6,2,18,15,23,4,12,20,8,7,11,3,21,1,17,5,19,13],[2,6,14,18,10,22,16,24,23,4,12,20,15,8,7,11,3,5,13,19],[2,22,6,14,24,16,10,18,15,23,4,12,20,8,7,11,3,13,19,9,21,5,1],[2,18,10,22,14,16,24,6,23,4,12,20,15,8,7,11,3,13,21,5,17,9,1,19],[14,22,24,16,10,6,2,18,23,4,12,20,15,8,7,11,3,5,9,19,13,1],[22,14,24,16,18,10,2,6,23,4,12,20,15,8,11,7,3,13,5,17,1,9,21,19],[18,10,2,22,14,16,24,6,23,4,12,20,15,8,11,7,3,17,5,9,13,21,1],[18,22,10,14,16,24,6,2,23,4,12,20,15,8,7,11,3,5,17,1,13,21,19],[18,14,22,16,24,6,10,2,23,4,12,20,15,8,7,11,3,19,5,9,21,17,1],[10,18,22,6,2,14,16,24,15,23,4,12,20,8,7,11,3,13,17,9,1,5,21,19],[22,2,18,6,14,16,24,10,23,4,12,20,11,8,7,15,3,5,21,17,19,9,1],[14,10,18,6,22,16,24,2,15,23,4,12,20,8,7,11,3,13,19,5,17,21],[2,14,6,22,24,16,10,18,15,23,4,12,20,8,7,11,3,5,19,1,17,9,13,21],[14,22,24,16,10,18,2,6,15,23,4,12,20,8,7,11,3,13,19,5,17,1,9],[6,18,14,10,22,16,24,2,15,23,4,12,20,8,7,11,3,13,17,5,21,19],[2,6,10,18,14,22,16,24,23,4,12,20,11,8,7,15,3,19,5,21,9,13,1,17],[18,10,14,22,16,24,2,6,23,4,12,20,11,8,15,7,3,19,5,21,17,9,13,1],[2,18,22,10,14,16,24,6,15,23,4,12,20,8,7,11,3,13,5,19,1,17],[14,22,24,16,18,6,10,2,23,4,12,20,15,8,7,11,1,13,19],[22,10,2,18,14,24,16,6,15,23,4,12,20,8,7,11,3,17,13,1,5,9,19,21],[2,14,6,18,10,22,16,24,23,4,12,20,15,8,7,11,3,9,13,21,5,17,1],[18,14,22,16,24,2,6,10,23,4,12,20,11,8,15,7,3,21,17,13,5,9,1,19],[2,10,18,22,6,14,24,16,23,4,12,20,11,8,7,15,3,19,13,5,9],[6,18,10,22,14,24,16,2,23,4,12,20,11,8,7,15,3,5,13,19,21,9],[10,6,2,14,22,24,16,18,15,23,4,12,20,8,7,11,3,13,19,1,5,17,9,21],[6,10,22,14,24,16,2,18,15,23,4,12,20,8,7,11,3,13,19],[6,14,18,2,22,24,16,10,15,23,4,12,20,8,7,11,3,19,5,13,1],[2,6,22,10,18,14,24,16,23,4,12,20,11,8,7,15,1,17,13,5,21,19,3,9],[14,2,18,22,24,16,10,6,15,23,4,12,20,8,7,11,3,5,19,9,21,13],[2,6,10,22,14,16,24,18,15,23,4,12,20,8,7,11,3,1,9,21,5,19,13,17],[14,2,6,18,22,24,16,10,15,23,4,12,20,8,7,11,3,9,19,21,5,17,13,1],[22,6,2,14,16,24,10,18,15,23,4,12,20,8,7,11,3,5,17,21,19,9,13,1],[10,22,14,24,16,6,2,18,23,4,12,20,11,8,15,7,3,5,19,13,9,21],[14,6,22,16,24,10,18,2,23,4,12,20,11,8,15,7,1,13,19,21,5],[22,6,14,16,24,2,18,10,15,23,4,12,20,8,7,11,3,13,17,1,19,5,21,9],[22,6,18,14,16,24,2,10,15,23,4,12,20,8,7,11,3,17,13,5,21],[6,10,2,14,22,16,24,18,15,23,4,12,20,8,7,11,3,19,5,1,13,17,9,21],[22,14,16,24,10,2,6,18,15,23,4,12,20,8,7,11,3,5,19,21,9,1,17],[10,22,6,14,24,16,2,18,15,23,4,12,20,8,7,11,3,19,5,9,21,17,1,13],[10,14,6,18,2,22,24,16,15,23,4,12,20,8,7,11,3,5,17,19,13,21,1],[22,10,14,24,16,2,6,18,23,4,12,20,15,8,7,11,3,13,9,17,19,5,1,21],[10,2,18,22,14,24,16,6,23,4,12,20,11,8,7,15,3,13,19,21,5,9,1],[18,14,22,24,16,6,10,2,23,4,12,20,15,8,7,9,3,11,19,13,1,5,17,21],[22,10,6,18,2,14,16,24,15,23,4,12,20,8,7,11,3,9,17,5,21,13,19],[18,2,22,10,6,14,16,24,23,4,12,20,11,8,7,15,3,9,13,19,1,5,17,21],[22,18,2,14,16,24,6,10,15,23,4,12,20,8,7,11,3,5,19,13,1,17,21,9],[2,14,6,10,18,22,24,16,15,23,4,12,20,8,7,11,3,5,19,13,1,17,21,9],[6,10,14,2,22,16,24,18,15,23,4,12,20,8,7,11,3,19,5,13,17,21,1],[6,10,2,18,14,22,16,24,15,23,4,12,20,8,7,11,3,13,17,5,21,9,1,19],[10,6,18,22,2,14,16,24,23,4,12,20,11,8,7,15,3,17,5,13,9,21,19],[18,2,22,6,14,24,16,10,15,23,4,12,20,8,7,11,3,1,5,13,19,17,21],[18,6,2,10,14,22,16,24,23,4,12,20,11,8,15,7,3,13,21,5,1,19,9,17],[10,18,14,2,6,22,24,16,23,4,12,20,11,8,7,15,3,13,17,1,9,5,19,21],[14,10,6,18,22,24,16,2,15,23,4,12,20,8,7,11,1,5,19,3,21,17,9],[18,22,14,24,16,2,6,10,15,23,4,12,20,8,11,7,3,17,13,5,21,9,19,1],[18,2,6,14,22,24,16,10,15,23,4,12,20,8,7,11,3,13,19,17,21,9,5,1],[14,2,10,18,6,22,16,24,23,4,12,20,15,8,7,11,3,1,17,21,5,19,13],[2,22,10,14,24,16,6,18,23,4,12,20,11,8,15,7,3,1,17,13,9,5,19,21],[22,6,2,18,14,24,16,10,15,23,4,12,20,8,7,11,3,19,5,13,9,17,21],[10,18,22,2,14,24,16,6,23,4,12,20,11,8,7,15,3,5,21,17,9,1,19],[2,22,6,14,24,16,10,18,15,23,4,12,20,8,7,11,3,1,13,19,5,17,9,21],[2,10,22,18,6,14,16,24,15,23,4,12,20,8,7,11,3,19,21,5,1,17,9,13],[6,18,14,2,10,22,24,16,15,23,4,12,20,7,11,3,8,1,5,17,21,9,13,19],[2,14,22,24,16,6,18,10,23,4,12,20,15,8,7,11,3,19,5,13,21,1],[6,14,18,10,22,16,24,2,23,4,12,20,15,8,7,11,3,13,5,17,21,9],[2,14,6,10,22,16,24,18,15,23,4,12,20,8,7,11,1,13,5,17,21,3,19],[18,22,14,16,24,10,2,6,23,4,12,20,11,8,15,7,3,21,13,19,17,9,1,5],[14,18,22,16,24,10,6,2,23,4,12,20,11,8,7,15,3,9,13,19,1,5,21],[18,22,6,10,2,14,16,24,23,4,12,20,15,8,11,7,3,19,13,1,21,5,9,17],[6,18,2,22,10,14,16,24,15,23,4,12,20,8,7,11,3,13,5,19,21,9,17],[22,18,6,2,14,24,16,10,23,4,12,20,15,8,7,11,3,5,19,1,17,9,21],[14,18,22,24,16,10,6,2,15,23,4,12,20,8,7,11,3,19,13,1,5,9],[14,6,18,22,24,16,10,2,23,4,12,20,15,8,7,11,3,13,21,5,9,17,19,1],[18,10,6,22,14,16,24,2,23,4,12,20,15,8,7,11,3,5,13,19,21,9,17,1],[2,14,6,22,16,24,10,18,23,4,12,20,15,8,7,11,3,1,19,13,21,17,9],[2,18,22,6,14,24,16,10,23,4,12,20,11,8,15,7,3,13,17,21,19,5,1,9],[22,18,2,10,6,14,16,24,15,23,4,12,20,7,11,3,8,19,13,1],[10,6,18,14,22,16,24,2,23,4,12,20,11,8,15,7,3,17,5,19,9,21,1,13],[14,10,18,6,2,22,16,24,23,4,12,20,15,8,7,11,3,13,21,19,5,9,1,17],[14,2,6,22,24,16,10,18,23,4,12,20,15,8,7,11,3,5,17,13,1,19,21],[2,6,22,14,24,16,18,10,15,23,4,12,20,8,7,11,3,5,17,21,19,9,13,1],[18,2,6,14,22,24,16,10,23,4,12,20,11,8,15,7,3,13,21,17,9,1,5],[6,2,14,22,16,24,18,10,15,23,4,12,20,8,7,11,3,13,21,9,5,17,1,19],[2,14,22,16,24,10,6,18,23,4,12,20,11,8,15,7,3,19,5,21,9,13,1,17],[18,10,6,22,14,16,24,2,15,23,4,12,20,8,7,11,1,5,17,21,3,19,9,13],[6,22,14,24,16,18,2,10,15,23,4,12,20,8,7,11,1,13,17],[2,10,18,6,14,22,24,16,23,4,12,20,11,8,15,7,3,13,19],[6,10,18,2,22,14,24,16,15,23,4,12,20,8,7,11,3,5,17,13,21,19,9],[6,18,10,22,14,24,16,2,15,23,4,12,20,8,7,11,3,5,19,13,1,21,17,9],[10,6,18,2,22,14,16,24,15,23,4,12,20,8,7,11,3,5,13,17,1,9,21,19],[2,6,18,14,10,22,24,16,23,4,12,20,11,8,15,7,3,13,19,21,5,17,1],[18,22,6,2,14,16,24,10,23,4,12,20,15,8,7,11,3,17,5,21,9,19,13,1],[22,18,14,16,24,10,6,2,23,4,12,20,15,8,7,11,3,19,13,1,5,17,9],[14,2,6,10,22,16,24,18,23,4,12,20,11,8,15,7,3,13,21,1,19,9,5],[14,18,6,10,2,22,16,24,23,4,12,20,11,8,7,15,3,13,17,5,19,9],[14,22,24,16,6,10,18,2,15,23,4,12,20,8,7,11,3,5,17,1,13,21],[14,18,2,6,22,16,24,10,15,23,4,12,20,8,7,11,3,17,13,21,1,5,19,9],[14,2,6,18,22,24,16,10,23,4,12,20,15,8,7,11,3,13,9,5,17,21,19],[14,10,18,22,16,24,6,2,23,4,12,20,15,8,7,11,3,13,19,9,21,5,17,1],[6,18,2,14,22,16,24,10,23,4,12,20,11,8,15,7,3,17,1,13,5],[14,18,2,22,24,6,16,10,23,4,12,20,15,8,7,11,1,5,19,21,17,3,9,13],[6,10,14,2,22,24,16,18,23,4,12,20,11,8,15,7,3,19,5,9,1,21],[14,6,10,2,22,24,16,18,23,4,12,20,11,8,7,15,3,17,5,13,21,19,1,9],[14,10,18,2,6,22,16,24,23,4,12,20,11,8,7,15,3,5,17,13,19,1,9,21],[18,10,14,6,22,16,24,2,23,4,12,20,15,8,7,11,3,13,19,5],[14,6,18,10,2,22,24,16,15,23,4,12,20,8,11,7,3,13,5,17,9],[18,2,22,6,10,14,24,16,23,4,12,20,11,8,15,7,3,17,5,21,13],[22,10,18,2,6,14,16,24,15,23,4,12,20,8,7,11,3,5,17,1,21,19,13,9],[6,22,10,14,16,24,18,2,23,4,12,20,11,8,15,7,3,13,19,5,9,1,21,17],[14,18,6,2,22,24,16,10,15,23,4,12,20,8,7,11,3,13,19,17,5,21,9,1],[22,6,18,14,16,24,2,10,23,4,12,20,15,8,7,11,3,5,9,19,17,21,1],[10,18,14,22,16,24,2,6,15,23,4,12,20,8,7,11,3,13,5,17,19,21],[18,2,10,22,6,14,24,16,15,23,4,12,20,8,7,11,3,13,19,5,1,21,17],[10,14,2,22,24,16,6,18,23,4,12,20,11,8,7,15,3,5,17,21,19,1,9,13],[22,2,6,18,10,14,24,16,15,23,4,12,20,8,7,11,3,21,5,17,13,19,1,9],[22,10,2,18,14,16,24,6,15,23,4,12,20,8,7,11,3,5,17,13,9,19,21,1],[10,14,6,22,24,16,2,18,15,23,4,12,20,8,7,11,3,5,19,9,1,13,17],[18,2,22,6,14,24,16,10,23,4,12,20,11,8,7,15,3,13,21,17,1,9,19,5],[10,6,22,2,14,24,16,18,23,4,12,20,11,8,7,15,3,5,19,13],[10,18,6,22,14,24,16,2,15,23,4,12,20,8,7,11,3,13,19,5,21,1,9,17],[2,14,18,10,6,22,24,16,23,4,12,20,11,8,15,7,3,17,13,21,5],[22,14,16,24,18,10,2,6,23,4,12,20,11,8,15,7,3,9,1,19,5,13,21,17],[18,14,10,2,6,22,24,16,15,23,4,12,20,8,7,11,3,19,5,1,21,9,17,13],[14,18,22,16,24,10,2,6,15,23,4,12,20,8,7,11,3,19,1,13,21,17],[6,22,2,18,10,14,24,16,23,4,12,20,11,8,7,15,3,17,13,5,21,9,19,1],[2,22,10,6,18,14,24,16,23,4,12,20,11,8,15,7,1,13,17,5],[18,22,10,14,16,24,6,2,23,4,12,20,15,8,7,11,3,13,5,17,19,21,1],[18,22,14,16,24,10,6,2,23,4,12,20,11,8,15,7,3,19,13,5,9],[14,2,10,18,6,22,24,16,23,4,12,20,11,8,15,7,3,19,13,5,9,17,21,1],[22,6,2,14,16,24,10,18,23,4,12,20,11,8,7,15,3,17,13,5,21,9,19],[2,10,18,6,14,22,16,24,23,4,12,20,11,8,7,15,3,5,21,19,17,9,13],[14,10,2,6,18,22,24,16,23,4,12,20,11,8,15,7,3,13,5,19,17,9,1],[22,6,14,24,16,10,18,2,23,4,12,20,15,8,7,11,3,19,5,21,17,1,13],[6,10,22,14,24,16,18,2,23,4,12,20,15,8,7,11,3,19,5,1,21,13,17],[18,6,10,2,22,14,16,24,23,4,12,20,11,8,7,15,3,1,5,21,17,19,9],[22,6,10,18,2,14,16,24,15,23,4,12,20,8,7,11,3,13,17,9,5,19,21,1],[18,10,2,14,22,16,24,6,15,23,4,12,20,8,7,11,3,17,21,13,5,19,9,1],[6,18,2,14,22,16,24,10,15,23,4,12,20,8,7,11,3,17,13,5,1],[10,6,18,22,14,16,24,2,15,23,4,12,20,8,7,11,3,5,9,19,17,21,1],[6,2,10,22,14,24,16,18,15,23,4,12,20,8,7,11,3,13,17,9,5],[18,2,22,6,10,14,16,24,23,4,12,20,11,8,15,7,3,9,17,21,13,1,5,19],[2,6,10,22,14,24,16,18,15,23,4,12,20,8,7,11,3,19,13,21,5,9,1,17],[6,18,10,14,22,24,16,2,23,4,12,20,11,8,7,15,3,13,5,21,17,19,1],[14,10,18,6,22,16,24,2,15,23,4,12,20,8,7,11,3,13,17,5,21,19,1,9],[6,22,2,18,14,16,24,10,15,23,4,12,20,8,7,11,3,17,13,1,21,5,9,19],[18,14,22,16,24,10,6,2,23,4,12,20,15,8,7,11,3,19,13,21,17,1,5,9],[14,10,2,18,6,22,24,16,15,23,4,12,20,8,7,11,3,13,17,5],[18,6,10,14,22,16,24,2,23,4,12,20,11,8,7,15,3,9,21,5,1,19],[6,2,10,22,14,24,16,18,15,23,4,12,20,8,7,11,3,21,5,19,13,17,9],[2,18,6,10,22,14,24,16,23,4,12,20,15,8,7,11,1,19,13,5,21,9,17,3],[6,14,10,2,22,16,24,18,23,4,12,20,15,8,7,11,3,19,13,21],[18,2,6,14,10,22,24,16,23,4,12,20,15,8,7,11,3,21,19,13,5],[2,14,22,24,16,6,10,18,15,23,4,12,20,8,7,11,3,13,5,19,21,17,9,1],[22,14,24,16,18,6,2,10,15,23,4,12,20,8,7,11,3,5,19,9,13,21,1,17],[2,22,18,10,14,16,24,6,23,4,12,20,15,8,7,11,3,13,9,19,5,17,1,21],[10,22,2,14,24,16,18,6,15,23,4,12,20,8,11,7,3,13,5,17,21,19,1,9],[6,18,2,10,14,22,24,16,15,23,4,12,20,8,7,11,3,5,1,17,21,19,13,9],[10,14,6,2,22,16,24,18,15,23,4,12,20,8,7,11,3,5,19,1,13,21,9],[6,22,14,16,24,2,18,10,15,23,4,12,20,8,7,11,3,5,21,17,9,19,13,1],[14,10,6,22,16,24,18,2,23,4,12,20,15,7,11,3,8,5,17,1,21,9,13],[10,6,2,18,22,14,24,16,15,23,4,12,20,8,7,11,3,5,19,13,1,17,9,21],[6,14,10,22,24,16,2,18,23,4,12,20,15,8,7,11,3,13,19,1,9,5,17,21],[18,10,6,2,14,22,16,24,15,23,4,12,20,8,7,11,3,17,13,5,21,1],[2,6,18,10,14,22,16,24,23,4,12,20,11,8,15,7,3,9,13,5,19,21,1],[2,18,6,22,10,14,24,16,15,23,4,12,20,8,7,11,3,13,1,5,17,19,21],[10,22,2,14,16,24,18,6,15,23,4,12,20,8,7,11,3,13,17,21,19,1,9,5],[10,18,2,6,22,14,16,24,23,4,12,20,11,8,15,7,3,5,17,13],[14,2,22,24,16,18,6,10,15,23,4,12,20,8,7,11,3,5,21,19,9,13,1,17],[22,18,6,14,24,16,10,2,15,23,4,12,20,8,7,11,3,13,1,17],[2,22,14,16,24,6,10,18,23,4,12,20,11,8,15,7,3,17,5,13,1,19],[10,6,2,18,22,14,24,16,23,4,12,20,15,8,7,11,3,13,17,9,19],[18,10,2,22,6,14,24,16,23,4,12,20,15,8,7,11,3,19,13,17,21,5,1,9],[10,22,14,16,24,18,6,2,23,4,12,20,15,8,7,11,1,13,5,19,9,17,3],[2,22,10,14,16,24,6,18,23,4,12,20,11,8,7,15,3,21,5,19,17,1,13,9],[22,18,14,24,16,2,6,10,23,4,12,20,15,8,7,11,3,17,5,13,21,19],[22,10,2,18,6,14,16,24,15,23,4,12,20,8,7,11,3,13,17,9,21],[14,2,10,6,18,22,24,16,15,23,4,12,20,8,7,11,3,17,19,5,13,9],[10,6,14,22,16,24,18,2,15,23,4,12,20,8,7,11,3,5,13,19,9,21,1],[2,14,6,22,24,16,18,10,15,23,4,12,20,8,7,11,3,19,5,1,13],[2,18,14,10,6,22,24,16,23,4,12,20,11,8,15,7,3,17,5,1,13,9,19,21],[14,2,10,6,22,24,16,18,23,4,12,20,15,8,7,11,3,5,13,19,17,1,9],[10,22,2,14,24,16,6,18,15,23,4,12,20,8,7,11,3,9,19,5,21,17,13],[14,18,10,22,24,16,6,2,15,23,4,12,20,8,11,7,3,19,21,5,13,1,17],[14,18,10,22,24,16,2,6,15,23,4,12,20,8,7,11,3,19,21,13,1,9,17,5],[22,6,18,14,16,24,10,2,23,4,12,20,15,8,7,11,3,9,13,5,17,19,1],[14,18,6,2,22,24,16,10,23,4,12,20,11,8,7,15,3,13,17,19,5],[18,14,10,6,22,16,24,2,15,23,4,12,20,8,7,11,3,9,1,17,13,19],[6,22,14,24,16,18,10,2,15,23,4,12,20,8,7,11,3,19,5,9,13,17,1,21],[10,22,2,18,6,14,24,16,15,23,4,12,20,8,7,11,3,13,17,21,5,9,19],[18,22,6,2,10,14,16,24,15,23,4,12,20,8,7,11,3,1,19,21,9,13,17,5],[6,2,18,10,14,22,16,24,15,23,4,12,20,8,7,11,3,5,19,21,1,13,9,17],[22,14,24,16,2,10,6,18,15,23,4,12,20,8,7,11,3,13,1,5,19,21,9,17],[22,18,6,14,24,16,10,2,15,23,4,12,20,8,7,11,3,19,13,17,1,5],[10,6,22,2,14,24,16,18,15,23,4,12,20,8,7,11,3,21,5,17,9,19,1,13],[6,18,14,2,22,24,16,10,15,23,4,12,20,8,7,11,3,5,19,1,21,13],[6,14,18,10,22,24,16,2,23,4,12,20,15,8,7,11,3,13,21,19,1,17,9,5],[6,10,18,2,14,22,16,24,15,23,4,12,20,8,7,11,1,13,17,5,9,3,19,21],[2,6,18,22,10,14,16,24,23,4,12,20,11,8,15,7,3,17,5,1,21,9,13],[18,10,22,2,6,14,24,16,15,23,4,12,20,8,7,11,3,5,17,13,9,21,19],[2,22,18,6,14,24,16,10,15,23,4,12,20,8,7,11,3,13,19,17,1,5,9,21],[18,2,10,6,14,22,16,24,23,4,12,20,11,8,15,7,3,9,17,13,21,1],[10,22,2,6,18,14,16,24,23,4,12,20,15,8,11,7,3,19,17,5,21,1,13],[22,10,14,16,24,6,2,18,23,4,12,20,15,8,7,11,3,21,19,5,9,13,17],[10,6,2,14,18,22,24,16,23,4,12,20,11,8,15,7,3,19,5,13,9,21],[2,10,14,22,16,24,6,18,23,4,12,20,15,8,7,11,3,19,5,13,17,21,9,1],[18,14,10,2,22,16,24,6,23,4,12,20,15,8,7,11,3,5,19,9,13,1,21,17],[2,14,22,16,24,6,10,18,23,4,12,20,15,8,7,11,3,17,13,21,9,5],[10,2,14,18,22,16,24,6,23,4,12,20,11,8,7,15,3,9,13,19,21,5,17],[10,14,2,18,6,22,16,24,15,23,4,12,20,8,7,11,1,5,19,17,13],[10,6,22,14,16,24,18,2,23,4,12,20,15,8,7,11,3,19,5,13,9,21,1,17],[2,6,18,22,14,24,16,10,23,4,12,20,11,8,7,15,3,13,19,5,21,17],[14,6,2,18,22,24,16,10,23,4,12,20,15,8,7,11,3,5,19,9,13],[10,2,6,22,18,14,24,16,15,23,4,12,20,8,7,11,3,5,19,13,9,17,21,1],[10,6,14,2,22,16,24,18,23,4,12,20,11,8,7,15,3,5,19,1,9,13,17,21],[2,6,10,22,18,14,24,16,23,4,12,20,11,8,7,15,3,17,5,19,1,13,21],[18,10,6,22,2,14,24,16,23,4,12,20,15,8,7,11,1,21,5,17,9,3,13],[2,10,6,14,22,24,16,18,23,4,12,20,11,8,7,15,3,5,1,21,19,13,9,17],[22,10,14,24,16,2,18,6,23,4,12,20,15,8,7,11,3,13,1,17,5,9],[22,10,14,24,16,6,18,2,23,4,12,20,15,8,7,11,3,19,13,5,9],[14,22,24,16,10,6,2,18,15,23,4,12,20,8,7,11,3,19,13,9,17,5,21,1],[2,10,14,22,24,16,6,18,23,4,12,20,15,8,7,11,3,17,13,9,1,5,21],[22,10,18,2,14,24,16,6,15,23,4,12,20,8,7,11,3,13,1,5,9,17,21,19],[18,2,6,10,14,22,16,24,23,4,12,20,11,8,7,15,3,5,19,1,21,17,9,13],[2,18,22,6,10,14,16,24,15,23,4,12,20,8,7,11,3,5,19,13,1,21],[14,6,2,18,22,24,16,10,23,4,12,20,15,8,7,11,3,17,5,21,13],[10,18,14,2,6,22,16,24,15,23,4,12,20,8,7,11,3,13,19,5],[14,18,22,16,24,6,10,2,15,23,4,12,20,8,7,11,3,13,5,19,17],[6,18,2,14,10,22,24,16,23,4,12,20,15,7,11,3,8,17,5,19,13,1,21],[6,18,22,14,24,16,2,10,23,4,12,20,11,8,15,7,3,17,5,21,19,9,13],[18,14,22,16,24,10,6,2,15,23,4,12,20,8,7,11,3,13,5,19,21,17,1,9],[14,18,2,10,22,16,24,6,15,23,4,12,20,8,7,11,3,5,17,21,13,1],[14,10,22,24,16,2,18,6,23,4,12,20,15,8,7,11,3,5,17,13,9],[22,14,24,16,10,18,6,2,15,23,4,12,20,8,7,11,3,19,13,5,9,21,1],[22,14,16,24,10,18,2,6,23,4,12,20,11,8,15,7,3,5,9,19,21,17,13],[22,14,24,16,6,10,2,18,23,4,12,20,11,8,7,15,3,5,13,19,1,9],[22,2,10,6,18,14,24,16,15,23,4,12,20,8,7,11,3,13,17,19],[10,18,6,2,22,14,16,24,23,4,12,20,15,8,7,11,3,17,13,1,9,5,19],[22,14,16,24,10,2,6,18,15,23,4,12,20,8,7,11,3,5,19,21,1,17,13],[22,14,16,24,18,2,6,10,23,4,12,20,15,8,7,11,3,13,5,9,1,17,21,19],[6,18,22,14,16,24,2,10,23,4,12,20,15,8,7,11,3,9,13,1,19,5],[6,18,2,10,14,22,24,16,15,23,4,12,20,8,7,11,3,5,19,1,21,13],[6,10,18,14,2,22,16,24,15,23,4,12,20,8,7,11,3,13,17,9,5,19,21,1],[18,2,22,14,24,16,10,6,23,4,12,20,11,8,7,15,3,5,9,19,13,21,1],[2,14,6,10,22,16,24,18,23,4,12,20,11,8,7,15,3,21,19,9,13,5],[10,2,14,18,22,16,24,6,23,4,12,20,15,8,7,11,3,5,19,21,17,13,9],[14,22,16,24,2,6,18,10,15,23,4,12,20,8,7,11,3,5,17,13,1,9,19,21],[2,6,14,22,24,16,18,10,23,4,12,20,15,8,7,11,3,19,13,5,9,1,17,21],[22,6,2,10,14,24,16,18,15,23,4,12,20,8,7,11,3,19,13,5,1,9],[10,2,6,18,22,14,24,16,23,4,12,20,11,8,15,7,3,5,21,1,19,17,9],[2,6,18,14,22,24,16,10,15,23,4,12,20,8,11,7,3,17,13,5,9,19,21,1],[14,22,16,24,2,6,18,10,15,23,4,12,20,8,7,11,3,17,5,19,13,1,21,9],[10,14,18,22,24,16,2,6,23,4,12,20,11,8,15,7,3,13,21,17,19,1,9,5],[6,22,14,16,24,18,10,2,23,4,12,20,15,8,7,11,3,5,21,17,19,13,1,9],[22,18,6,10,14,24,16,2,23,4,12,20,15,8,7,11,3,1,5,19,13],[14,10,22,16,24,18,2,6,15,23,4,12,20,8,11,7,3,19,13,5,21],[14,22,24,16,18,6,2,10,23,4,12,20,15,7,11,3,8,19,13,5,9,17,21,1],[22,6,10,14,24,16,2,18,15,23,4,12,20,8,7,11,3,13,1,17,5],[14,18,10,6,22,16,24,2,23,4,12,20,11,8,15,7,3,5,13,19,21,1],[22,6,18,10,14,24,16,2,23,4,12,20,11,8,7,15,3,5,17,19,1,13,9,21],[2,22,18,14,16,24,6,10,15,23,4,12,20,8,7,11,3,13,17,5,21,9,19,1],[10,6,14,22,24,16,2,18,23,4,12,20,11,8,15,7,3,1,19,13,21,5,9],[18,14,10,2,6,22,16,24,23,4,12,20,11,8,7,15,3,13,17,5,21,1,19,9],[14,10,6,2,18,22,24,16,15,23,4,12,20,8,7,11,3,17,5,21,9,1,13,19],[14,2,18,6,10,22,16,24,15,23,4,12,20,8,7,11,1,13,19,9,21,5],[18,2,6,14,22,16,24,10,23,4,12,20,15,8,7,11,1,19,5,17,3,21,9],[2,10,6,22,14,16,24,18,15,23,4,12,20,8,7,11,3,17,19,13,1,5,21,9],[10,6,18,22,2,14,24,16,15,23,4,12,20,8,7,11,1,5,21,19,9,17,3],[14,6,10,18,2,22,16,24,23,4,12,20,15,8,7,11,3,5,17,13,1,21,19,9],[18,2,22,6,10,14,16,24,15,23,4,12,20,8,7,11,3,13,1,5,17,9,19,21],[22,2,10,14,16,24,6,18,15,23,4,12,20,8,7,11,3,21,5,17,9,1,19],[10,2,14,22,24,16,18,6,23,4,12,20,11,8,15,7,3,19,13,5,1,9],[10,6,22,2,18,14,24,16,23,4,12,20,15,8,7,11,3,17,5,21,1,13],[18,22,14,16,24,2,10,6,15,23,4,12,20,8,7,11,3,1,13,5,19,17,9,21],[6,14,10,18,22,24,16,2,15,23,4,12,20,8,7,11,3,9,13,5,19,21],[10,18,14,2,22,24,16,6,23,4,12,20,11,8,15,7,3,19,13,5,17,9,1,21],[2,10,18,6,22,14,24,16,23,4,12,20,15,8,7,11,1,5,17,9,3,13],[22,6,2,14,16,24,18,10,15,23,4,12,20,8,7,11,1,13,5,3,17],[14,6,22,16,24,18,2,10,15,23,4,12,20,8,7,11,3,13,19,1,21,5,9],[10,14,22,24,16,18,2,6,23,4,12,20,15,8,7,11,3,5,19,1,13,17,21],[18,2,6,14,22,16,24,10,23,4,12,20,11,8,7,15,3,5,9,17,13,19],[2,14,18,6,10,22,24,16,15,23,4,12,20,8,11,7,3,17,13,1,19,5],[18,14,10,2,6,22,16,24,23,4,12,20,15,8,7,11,3,17,13,5,19],[2,10,22,14,16,24,6,18,23,4,12,20,11,8,15,7,3,5,19,1,13],[2,6,14,18,10,22,24,16,23,4,12,20,15,8,7,11,3,5,19,1,17,13,9],[14,10,18,2,22,16,24,6,23,4,12,20,15,8,7,11,3,13,9,17,21,5,1,19],[18,6,14,22,16,24,2,10,15,23,4,12,20,8,7,11,3,9,5,1,21,17,19],[14,22,16,24,2,18,6,10,15,23,4,12,20,8,7,11,3,17,13,21],[14,22,24,16,2,6,18,10,15,23,4,12,20,8,7,11,3,5,19,13,9,1,21,17],[14,22,16,24,18,10,6,2,23,4,12,20,15,8,7,11,3,5,19,13,1,21,17],[14,10,6,2,22,24,16,18,15,23,4,12,20,8,7,11,3,5,17,19,13,9,1],[22,18,10,2,6,14,16,24,23,4,12,20,11,8,15,7,3,13,5,19,21,1,9,17],[6,22,10,18,14,16,24,2,23,4,12,20,15,8,7,11,3,5,17,19,21,13,1],[18,22,14,24,16,2,10,6,15,23,4,12,20,8,7,11,3,13,19,5,17,21,9,1],[22,6,10,14,24,16,18,2,15,23,4,12,20,8,7,11,3,17,9,5,13,19,21,1],[22,2,6,14,16,24,18,10,23,4,12,20,11,8,7,15,3,13,1,21,5,17,19,9],[6,18,2,10,22,14,16,24,23,4,12,20,11,8,7,15,3,1,13,5,19,21,9,17],[6,14,10,18,2,22,16,24,23,4,12,20,15,8,11,7,3,5,19,13,21,9,1],[2,10,14,18,22,24,16,6,23,4,12,20,15,8,7,11,3,5,19,1,13,9,21],[6,18,14,22,16,24,2,10,15,23,4,12,20,8,7,11,3,5,19,17,21,9,1,13],[14,22,16,24,6,10,18,2,15,23,4,12,20,7,11,3,8,5,19,9,21,13,1,17],[18,10,22,14,16,24,2,6,15,23,4,12,20,8,7,11,3,19,13,5,9,17],[6,18,14,10,22,24,16,2,15,23,4,12,20,8,7,11,3,9,5,21,19,1,13],[2,18,22,6,14,24,16,10,15,23,4,12,20,8,7,11,3,19,5,13,1,21,9],[14,18,2,6,22,16,24,10,15,23,4,12,20,8,7,11,3,17,5,9,13],[22,18,6,14,16,24,10,2,15,23,4,12,20,8,7,11,3,5,1,19,13,9,21,17],[14,6,2,22,24,16,10,18,15,23,4,12,20,8,7,11,3,19,5,1,13,21,9],[22,14,16,24,6,18,10,2,15,23,4,12,20,8,7,11,3,13,17,21,5,19,9,1],[14,18,2,10,22,24,16,6,15,23,4,12,20,8,7,11,3,17,5,9,21,13,19],[6,18,2,22,10,14,24,16,15,23,4,12,20,8,7,11,3,17,21,1,5,13,9,19],[22,6,2,18,10,14,16,24,15,23,4,12,20,8,11,7,3,17,13,19,5,21,1,9],[2,6,18,14,10,22,24,16,15,23,4,12,20,8,7,11,3,5,21,17,1,9,13,19],[6,10,2,18,22,14,16,24,15,23,4,12,20,8,7,11,3,13,1,17,19],[14,10,18,22,16,24,6,2,15,23,4,12,20,8,7,11,3,19,13,21,1,5],[10,18,14,22,16,24,2,6,23,4,12,20,15,8,7,11,3,19,1,5,9,17,13],[6,14,2,18,10,22,24,16,23,4,12,20,15,8,7,11,3,13,1,17,5,19,9,21],[14,10,18,22,16,24,6,2,15,23,4,12,20,8,7,11,1,5,19,21,9,13,17,3],[6,18,2,22,14,16,24,10,15,23,4,12,20,8,7,11,3,13,5,1,21,17,9,19],[14,18,10,6,2,22,16,24,23,4,12,20,11,8,7,15,3,17,13,1,9,21,19,5],[2,6,22,10,18,14,24,16,23,4,12,20,15,8,11,7,3,13,17,21,5],[18,14,2,22,24,16,10,6,23,4,12,20,11,8,7,15,3,13,19,9,1,5,21,17],[10,2,6,18,14,22,16,24,23,4,12,20,15,8,7,11,3,13,21,19,5,17,1,9],[6,22,14,24,16,18,10,2,15,23,4,12,20,8,7,11,3,5,19,21,1,17,13,9],[10,22,18,2,14,24,16,6,23,4,12,20,11,8,15,7,3,5,21,19,9,17,13],[14,10,22,16,24,6,18,2,23,4,12,20,15,8,7,11,3,17,13,1,5,21,19,9],[2,6,18,14,10,22,24,16,23,4,12,20,15,8,7,11,3,13,19,5,1,9,17,21],[18,22,14,16,24,6,10,2,23,4,12,20,11,8,15,7,3,1,21,17,13,5,19],[2,18,10,22,14,24,16,6,15,23,4,12,20,7,11,3,8,19,5,9,13],[6,14,2,10,18,22,24,16,15,23,4,12,20,8,7,11,3,5,17,19,21,13,1],[14,6,2,10,18,22,24,16,15,23,4,12,20,8,7,11,3,13,19,1],[6,18,10,2,22,14,24,16,15,23,4,12,20,8,7,11,3,19,13,9,17,5,21,1],[22,18,14,24,16,6,2,10,15,23,4,12,20,8,7,11,3,5,17,19,13,1,21,9],[18,10,14,2,22,16,24,6,15,23,4,12,20,7,11,3,8,13,1,19,9,5],[14,2,22,24,16,18,6,10,23,4,12,20,11,8,7,15,3,5,17,19,21,1,9,13],[2,18,14,10,6,22,24,16,15,23,4,12,20,8,7,11,3,13,19,5,17,1,21],[14,6,10,18,22,24,16,2,15,23,4,12,20,8,7,11,3,5,19,21,1,9,13,17],[14,6,2,10,22,24,16,18,23,4,12,20,15,8,7,11,3,5,17,21,19,1,13],[10,22,6,14,24,16,18,2,15,23,4,12,20,8,7,11,3,13,21,17,1,5],[6,22,2,18,14,24,16,10,23,4,12,20,15,8,7,11,3,17,13,21,5,19],[22,18,10,2,6,14,16,24,23,4,12,20,11,8,7,15,3,19,5,1,13,21],[10,18,14,6,22,16,24,2,23,4,12,20,11,8,7,15,3,5,17,19,1,13,9,21],[22,14,24,16,18,2,6,10,23,4,12,20,11,8,15,7,3,19,5,9,13],[6,22,14,24,16,2,10,18,23,4,12,20,15,8,7,11,3,13,19,5,17,9,21],[10,14,18,6,2,22,16,24,23,4,12,20,11,8,15,7,3,17,13,9,21,5],[10,14,6,2,18,22,24,16,15,23,4,12,20,8,7,11,3,19,13,1,5,17,9],[10,14,22,16,24,18,2,6,15,23,4,12,20,8,7,11,3,5,17,13,9,1,19,21],[10,6,14,18,22,24,16,2,15,23,4,12,20,8,7,11,3,13,5,17,21],[10,6,14,2,18,22,24,16,15,23,4,12,20,8,7,11,3,5,21,17,19,9,1,13],[6,14,10,18,2,22,16,24,15,23,4,12,20,8,7,11,3,19,9,13,17,21,5,1],[14,18,2,22,16,24,6,10,23,4,12,20,15,8,7,11,3,19,5,9,21,1,17,13],[18,6,2,10,22,14,24,16,23,4,12,20,11,8,15,7,3,5,17,1,13,21,9,19],[22,6,10,14,24,16,2,18,23,4,12,20,11,8,7,15,3,5,17,9,19,13,21,1],[6,22,18,2,10,14,16,24,15,23,4,12,20,8,7,11,3,13,5,19,21],[10,14,2,22,24,16,18,6,23,4,12,20,15,7,11,3,8,13,19,17,5],[14,10,6,18,2,22,24,16,15,23,4,12,20,8,7,11,3,5,17,13,1,9,19,21],[18,22,6,2,10,14,24,16,15,23,4,12,20,8,7,11,3,17,19,13,21,1,9,5],[6,10,2,14,22,16,24,18,15,23,4,12,20,8,7,11,3,5,19,13,17],[22,18,10,14,16,24,6,2,15,23,4,12,20,8,7,11,3,17,5,9,19,1,21],[18,14,6,2,10,22,24,16,23,4,12,20,15,8,7,11,3,17,9,13,19,5,21,1],[10,18,2,6,14,22,24,16,15,23,4,12,20,8,11,7,3,13,19,21,1,5,9],[22,18,2,10,6,14,24,16,23,4,12,20,11,8,7,15,3,5,19,17,9,13,1],[6,2,22,18,14,24,16,10,15,23,4,12,20,8,7,11,3,17,5,1,9,21,19,13],[2,18,6,10,22,14,24,16,23,4,12,20,15,8,7,11,3,17,13,19,5,1,21],[18,6,2,10,22,14,24,16,23,4,12,20,11,8,15,7,3,13,1,5,21,17,19,9],[18,10,2,6,22,14,16,24,15,23,4,12,20,8,7,11,3,13,19,17,9,21,5,1],[6,2,22,10,18,14,24,16,23,4,12,20,11,8,15,7,3,1,19,13,17,5,21],[22,14,24,16,2,6,10,18,15,23,4,12,20,8,7,11,3,13,5,19],[22,18,2,14,16,24,6,10,15,23,4,12,20,8,7,11,3,1,5,13,19,9,21],[14,6,2,10,22,24,16,18,23,4,12,20,15,8,11,7,3,5,17,1,19,13],[6,2,18,10,22,14,24,16,15,23,4,12,20,7,11,3,8,19,5,1,21,13,9],[2,14,18,22,16,24,10,6,23,4,12,20,15,8,7,11,3,5,19,13,21],[14,22,16,24,18,10,2,6,23,4,12,20,11,8,7,15,3,5,17,1,13,21,19,9],[2,6,10,18,14,22,24,16,23,4,12,20,11,8,7,15,3,13,17,19,5],[14,2,18,6,10,22,24,16,23,4,12,20,15,8,7,11,3,5,21,9,19,1,13],[2,10,22,6,14,16,24,18,23,4,12,20,15,8,7,11,3,5,19,1,17,13,21],[2,6,18,22,14,16,24,10,23,4,12,20,11,8,15,7,3,5,19,1,21,13,17],[18,6,10,2,14,22,24,16,23,4,12,20,15,8,7,11,3,17,5,9,13,1,19,21],[6,2,14,22,24,16,18,10,15,23,4,12,20,8,7,11,3,5,17,19,21,9,13],[18,2,22,10,14,24,16,6,23,4,12,20,11,8,15,7,3,13,21,17,9,5],[18,2,6,22,10,14,16,24,23,4,12,20,11,8,7,15,3,19,5,1,9,13,21,17],[14,10,18,22,16,24,2,6,15,23,4,12,20,8,7,11,3,13,17,9,5,19,1,21],[10,22,14,16,24,6,2,18,23,4,12,20,11,8,15,7,3,19,13,5,1,21],[2,14,22,16,24,6,10,18,23,4,12,20,15,8,7,11,3,17,9,13,1,21,19],[14,6,18,10,2,22,16,24,23,4,12,20,11,8,15,7,3,1,19,5,21,13],[14,6,22,16,24,10,18,2,23,4,12,20,15,8,7,11,3,19,5,21,13],[18,22,6,10,2,14,16,24,15,23,4,12,20,8,7,11,3,5,17,19,1,21,13,9],[22,10,14,24,16,2,18,6,15,23,4,12,20,8,7,11,3,9,21,19,13,1,5,17],[10,22,2,18,14,24,16,6,15,23,4,12,20,8,7,11,3,13,19,5,9,1],[6,18,10,22,2,14,24,16,15,23,4,12,20,8,7,11,1,13,19,21,5],[10,14,18,2,6,22,24,16,15,23,4,12,20,8,7,11,1,13,21,19,17,5],[18,6,2,22,10,14,16,24,23,4,12,20,15,8,7,11,3,5,17,13,21,9],[2,18,10,6,14,22,24,16,15,23,4,12,20,8,7,11,3,17,5,1,13,19,21,9],[2,14,18,10,6,22,16,24,23,4,12,20,15,8,7,11,3,17,13,1,21,5],[22,14,24,16,6,10,2,18,15,23,4,12,20,8,7,11,3,5,19,13,21],[18,14,22,24,16,10,2,6,23,4,12,20,11,8,15,7,3,5,19,13,21],[2,10,22,6,14,16,24,18,15,23,4,12,20,8,7,11,3,5,17,13],[14,10,2,18,6,22,16,24,23,4,12,20,11,8,15,7,3,19,13,5,1,21,17,9],[2,22,18,6,14,24,16,10,23,4,12,20,15,8,7,11,3,1,13,21,17,5,9],[6,22,18,2,14,24,16,10,15,23,4,12,20,8,7,11,3,5,17,1,13],[6,22,2,10,18,14,24,16,23,4,12,20,11,8,7,15,3,19,13,5,21,1,9,17],[2,6,14,10,22,24,16,18,15,23,4,12,20,8,7,11,3,19,13,5,1,21],[6,2,14,10,18,22,16,24,15,23,4,12,20,8,7,11,3,5,19,17,21,9,1],[14,6,10,18,2,22,24,16,23,4,12,20,15,8,11,7,3,17,13,5,21,9,1,19],[6,10,14,22,16,24,18,2,23,4,12,20,15,8,11,7,3,13,17,5,19],[14,18,2,6,10,22,16,24,23,4,12,20,11,8,15,7,3,5,13,19,21,1,17,9],[14,18,22,24,16,6,2,10,23,4,12,20,11,8,15,7,3,9,19,5,1,13,17,21],[22,6,10,14,16,24,18,2,23,4,12,20,15,8,7,11,3,19,13,21,17,5],[2,14,22,24,16,18,6,10,23,4,12,20,11,8,7,15,3,9,21,13,1,5,17],[6,22,18,10,14,24,16,2,15,23,4,12,20,8,7,11,3,5,17,13,1,21,9,19],[6,10,14,2,18,22,24,16,23,4,12,20,11,8,7,15,1,13,21,17,5],[14,18,22,24,16,10,2,6,15,23,4,12,20,8,7,11,3,17,13,19,5,1],[18,22,2,14,16,24,10,6,23,4,12,20,15,8,7,11,3,1,17,5,19,13,21,9],[18,10,22,6,14,16,24,2,23,4,12,20,15,7,11,3,8,17,9,1,13,19,5,21],[22,18,6,14,24,16,2,10,15,23,4,12,20,8,7,11,3,13,17],[6,2,10,14,18,22,24,16,15,23,4,12,20,8,7,11,3,9,13,17],[22,14,24,16,6,2,18,10,23,4,12,20,11,8,7,15,3,5,19,1,13,17,9,21],[22,18,10,14,16,24,6,2,15,23,4,12,20,8,7,11,3,21,13,19,17,1,5,9],[14,10,18,6,2,22,16,24,23,4,12,20,15,8,7,11,3,13,21,19,5,17],[18,10,14,22,16,24,6,2,23,4,12,20,11,8,7,15,3,13,17,19,21,5,1,9],[6,2,10,22,14,24,16,18,15,23,4,12,20,8,7,11,3,5,17,21,19,13],[2,14,6,10,18,22,24,16,15,23,4,12,20,8,7,11,3,5,17,1,21,13,19],[6,14,10,18,22,24,16,2,15,23,4,12,20,8,7,11,3,19,5,1,13,17,21,9],[10,18,22,14,16,24,2,6,15,23,4,12,20,8,7,11,3,21,5,13,17,9],[18,14,6,22,16,24,10,2,23,4,12,20,11,8,7,15,3,5,17,1,19,13,21,9],[22,10,6,18,14,24,16,2,23,4,12,20,15,8,7,11,3,17,13,5],[2,14,18,22,24,16,10,6,23,4,12,20,11,8,15,7,3,19,5,9,13,1,21,17],[18,22,2,6,10,14,24,16,23,4,12,20,15,8,7,11,3,17,5,9,19,21,13,1],[22,14,24,16,2,10,18,6,23,4,12,20,15,8,7,11,3,19,21,5,1,9,13],[10,6,22,18,14,16,24,2,15,23,4,12,20,8,11,7,3,13,19,21,5,17,9,1],[6,22,14,16,24,18,2,10,23,4,12,20,15,8,7,11,3,21,13,19,1,5,17],[14,18,10,6,2,22,16,24,23,4,12,20,11,8,7,15,3,5,19,13],[22,2,6,10,14,16,24,18,23,4,12,20,11,8,15,7,3,5,21,19,9,1,17],[10,22,2,14,16,24,6,18,23,4,12,20,15,8,7,11,3,21,13,5,19],[6,14,10,18,2,22,24,16,23,4,12,20,15,8,7,11,3,19,5,21,13,1,17],[2,22,6,18,10,14,16,24,23,4,12,20,15,8,7,11,1,13,21,19,5,17],[10,6,14,22,24,16,2,18,23,4,12,20,11,8,7,15,3,5,21,17,1,19,9,13],[22,14,24,16,10,6,18,2,23,4,12,20,11,8,7,15,3,21,19,13,17,1,9,5],[6,18,22,2,14,24,16,10,23,4,12,20,11,8,7,15,3,13,19,1,17,5],[6,14,18,2,10,22,16,24,23,4,12,20,11,8,7,15,3,9,17,13,5,1,19,21],[10,18,22,14,16,24,6,2,23,4,12,20,11,8,15,7,3,17,19,5,1,13],[14,2,22,24,16,10,6,18,15,23,4,12,20,8,7,11,3,5,13,17,21,19,9,1],[2,22,14,24,16,6,10,18,15,23,4,12,20,8,11,7,3,5,19,9,17,13],[22,6,14,16,24,10,2,18,15,23,4,12,20,8,7,11,3,17,13,21,9,5,1,19],[2,10,22,14,24,16,6,18,23,4,12,20,11,8,7,15,3,17,13,5,9,1,21,19],[10,22,2,14,16,24,18,6,23,4,12,20,15,8,7,11,3,13,5,21,19,9,1],[22,18,14,16,24,2,6,10,15,23,4,12,20,8,7,11,3,13,1,19,5,21,17,9],[6,10,2,14,18,22,24,16,15,23,4,12,20,8,7,11,1,13,19,5,9,21,17,3],[18,14,22,16,24,2,10,6,23,4,12,20,11,8,7,15,3,5,17,9,21,1,19,13],[14,10,6,18,22,16,24,2,23,4,12,20,15,8,7,11,3,13,5,9,19,17,21,1],[18,22,10,6,14,16,24,2,23,4,12,20,11,8,15,7,3,13,19,1,21,5,9,17],[6,10,2,22,18,14,16,24,23,4,12,20,11,8,7,15,3,13,19,5],[6,18,2,10,22,14,16,24,23,4,12,20,15,8,7,11,3,13,17,5,19,9,1,21],[18,2,6,22,14,24,16,10,15,23,4,12,20,8,7,11,3,19,13,5,9,21],[22,6,2,10,18,14,24,16,15,23,4,12,20,8,7,11,1,17,13,5],[2,10,22,14,16,24,18,6,23,4,12,20,15,8,7,11,3,19,13,9,21,5],[18,22,14,16,24,6,10,2,23,4,12,20,11,8,15,7,3,17,9,13,21,19,5,1],[18,14,10,2,22,24,16,6,23,4,12,20,15,8,11,7,3,5,19,21,13,1,17],[6,10,22,2,18,14,24,16,23,4,12,20,15,8,7,11,3,17,5,19,21,13],[18,22,2,10,14,24,16,6,15,23,4,12,20,8,7,11,3,5,9,13,19],[18,10,2,22,14,24,16,6,23,4,12,20,15,8,7,11,1,13,5,17,19,21,9,3],[2,18,6,14,10,22,24,16,23,4,12,20,15,8,7,11,3,5,17,21,9,19,1],[22,6,2,14,24,16,18,10,23,4,12,20,11,8,7,15,3,5,9,21,17,1,13],[14,18,22,16,24,2,10,6,23,4,12,20,15,8,7,11,3,13,19,5],[22,10,14,16,24,2,18,6,15,23,4,12,20,8,7,11,1,19,13,21,9,17,5,3],[2,22,18,10,14,16,24,6,23,4,12,20,11,8,15,7,3,17,13,19,21,5,9,1],[14,18,10,2,6,22,16,24,15,23,4,12,20,8,7,11,3,13,5,17,9],[18,10,14,6,22,16,24,2,23,4,12,20,15,8,7,11,3,13,17,19,5,21],[6,18,2,14,22,16,24,10,23,4,12,20,15,8,7,11,3,19,1,5,13,21,17,9],[10,18,2,22,6,14,24,16,23,4,12,20,11,8,15,7,3,13,21,5,19,1,17],[2,10,6,18,14,22,16,24,23,4,12,20,11,8,7,15,3,19,5,13,21,1,9,17],[14,2,6,18,10,22,24,16,15,23,4,12,20,8,7,11,3,13,19,1,17,21,9],[18,22,2,14,16,24,10,6,15,23,4,12,20,8,7,11,3,17,19,5,13,1],[14,6,10,18,2,22,24,16,15,23,4,12,20,8,7,11,3,17,13,1,19,5],[22,18,6,2,10,14,24,16,23,4,12,20,11,8,7,15,3,5,19,13,21,17,1],[6,18,2,10,22,14,24,16,23,4,12,20,15,8,7,11,3,5,17,9,19,13],[10,22,6,14,16,24,2,18,23,4,12,20,15,8,7,11,3,17,21,5,19,9,13],[2,22,14,24,16,6,18,10,23,4,12,20,15,8,7,11,3,17,13,1,5,21,19],[18,10,2,22,14,24,16,6,23,4,12,20,11,8,7,15,3,19,5,9,21,17,1],[6,22,2,14,24,16,10,18,23,4,12,20,15,8,7,11,3,17,5,9,1,19,21,13],[6,18,22,2,10,14,16,24,23,4,12,20,11,8,15,7,3,19,13,5,17,21,9],[14,22,24,16,2,6,10,18,15,23,4,12,20,8,7,11,3,13,19,17,5],[22,14,24,16,10,6,2,18,15,23,4,12,20,8,7,11,3,13,9,21,19,17,1],[18,2,10,22,6,14,24,16,15,23,4,12,20,8,7,11,3,19,5,13,1,21,17,9],[2,10,6,14,18,22,24,16,15,23,4,12,20,8,7,11,3,5,17,19,9,13],[18,14,6,2,22,16,24,10,23,4,12,20,11,8,15,7,3,13,21,5,1,17,9,19],[18,10,6,14,22,16,24,2,15,23,4,12,20,8,7,11,3,5,19,21,17,13],[18,10,22,14,16,24,6,2,23,4,12,20,11,8,15,7,3,17,5,1,9,19,13],[22,10,18,2,14,16,24,6,23,4,12,20,15,8,7,11,3,5,19,21,1,9,17,13],[6,10,18,22,14,24,16,2,15,23,4,12,20,8,7,11,3,13,17,9,5,21,1,19],[2,10,22,6,14,16,24,18,23,4,12,20,15,8,7,11,3,13,1,19,5],[22,14,16,24,2,6,10,18,15,23,4,12,20,8,7,11,3,5,17,13,19,21,1],[2,14,10,6,18,22,24,16,23,4,12,20,11,8,7,15,3,5,17,21,13,1],[18,6,22,10,14,16,24,2,15,23,4,12,20,8,7,11,3,1,5,19,17,21,13,9],[10,2,6,18,14,22,16,24,15,23,4,12,20,8,7,11,3,19,13,21,1,5,17],[6,22,18,14,16,24,2,10,23,4,12,20,15,8,7,11,3,17,13,5,19,21,9,1],[18,6,22,14,16,24,10,2,23,4,12,20,11,8,15,7,3,17,1,13,21,5,9,19],[18,10,6,2,14,22,24,16,15,23,4,12,20,8,7,11,3,5,17,21,9