{"problem_id":"vjxnDrgaIgGg9Zy","sigma":75,"alpha":3.162,"cost":0,"probabilities":"[0.32, 0.33, 0.19, 0.16]","payoff_matrix":"[[-79, 33, -88, 38, -15, 28], [-56, -16, -52, -19, -35, -57], [7, 10, 19, 89, -111, 49], [15, -47, 62, 63, 16, -27]]","uncovered":[[14,18,2,10,22,6,5,13,15,17,7,9,1,21,16],[2,10,6,22,18,14,5,13,15,17,7,9,21,1,16],[2,10,22,14,6,18,5,13,15,17,7,9,1,21,8,16],[18,2,6,22,14,10,5,13,15,17,7,9,1,21,16],[2,22,10,6,18,14,5,13,7,15,17,9,1,21,16],[18,14,6,22,2,10,13,5,15,17,7,9,21,1,16],[22,2,10,6,18,14,13,5,15,17,7,9,1,21,16],[22,18,6,2,14,10,5,13,15,17,7,9,1,21,16],[6,22,14,2,10,18,13,5,7,15,17,9,21,1,16],[2,22,6,18,14,10,13,5,7,15,17,9,1,21,8,23,16],[14,10,18,6,22,2,13,5,7,15,17,9,1,21,16],[18,6,14,10,2,22,13,5,15,17,7,9,1,21,8,23,24],[18,6,14,10,2,22,13,5,15,17,7,9,1,21,16],[18,22,10,2,14,6,5,13,15,17,7,9,1,21,8,23,16],[14,2,18,10,6,22,13,5,15,17,8,9,21,1,7,23,19],[2,22,6,18,14,10,13,5,7,15,17,9,1,21,16],[6,22,14,10,18,2,13,5,7,15,17,9,21,1,16],[18,14,22,6,2,10,13,5,15,17,7,9,1,21,8,23,24],[10,14,18,6,2,22,13,5,15,17,7,9,3,21,1,8,23,19],[22,18,2,10,6,14,5,13,7,15,17,9,1,21,16],[14,10,6,2,22,18,13,5,7,15,17,9,1,21,8,23,24],[2,18,14,6,10,22,5,13,7,15,17,9,21,1,16],[14,18,6,10,2,22,5,13,15,17,7,9,21,1,16],[14,2,22,10,18,5,6,13,15,17,7,9,21,1,8,24],[10,14,6,18,2,22,5,13,15,17,7,9,1,21,8,23,24],[22,18,6,14,2,10,5,13,7,15,17,9,1,21,8,23,24],[10,2,18,22,6,14,5,13,7,15,17,9,1,21,8,24],[22,14,6,10,18,2,5,13,7,15,17,9,1,21,8,23,19],[2,6,10,14,22,18,13,5,7,15,17,9,1,21,16],[2,22,6,10,14,18,13,5,7,15,17,9,1,21,8,24],[22,10,1,18,6,14,13,5,15,17,7,9,21,2,16],[22,2,14,18,10,6,13,5,7,15,17,9,1,21,16],[18,14,10,6,2,22,13,5,15,17,7,9,1,21,16],[6,22,14,10,18,2,13,5,7,15,17,9,1,21,8,23,19],[18,6,22,10,2,14,5,13,15,17,7,9,1,21,8,24],[14,10,6,18,2,22,13,5,7,15,17,9,1,21,16],[14,22,10,2,18,6,5,13,15,17,7,9,1,21,8,23,24],[22,2,10,6,18,14,13,5,7,15,17,9,1,21,16],[6,2,14,22,18,10,5,13,15,17,7,9,1,21,8,23,16],[14,6,22,18,10,2,5,13,15,17,7,9,1,21,16],[10,2,6,18,14,22,5,13,7,15,17,9,1,21,16],[10,6,22,2,18,14,13,5,15,17,7,9,1,21,8,24],[6,2,14,18,10,22,5,13,15,17,7,9,21,1,16],[2,10,18,22,6,14,13,5,15,17,7,9,1,21,8,24],[6,18,10,22,14,2,5,13,15,17,7,9,1,21,8,23,19],[10,6,18,22,14,1,13,5,7,15,17,9,21,16],[18,6,14,10,22,2,5,13,15,17,7,9,1,21,16],[2,6,14,22,18,10,5,13,15,17,7,9,21,1,8,24],[18,14,10,2,6,22,5,13,15,17,7,9,1,21,16],[22,6,10,2,18,14,5,13,7,15,17,9,1,21,8,24],[14,22,2,18,10,6,13,5,7,15,17,9,1,21,8,23,24],[18,10,14,6,22,2,5,13,7,15,17,9,1,21,8,23,19],[14,22,2,18,10,6,13,5,15,17,7,9,21,1,8,24],[6,1,10,18,14,22,13,5,15,17,7,9,21,16],[18,14,22,6,2,10,13,5,7,15,17,9,21,1,16],[18,10,6,14,22,2,5,13,7,15,17,9,1,21,16],[22,6,14,2,18,10,13,5,7,15,17,9,21,1,16],[10,6,14,18,2,21,22,5,13,15,17,7,9,1,16],[10,14,18,22,2,6,5,13,7,15,17,9,1,21,8,24],[10,6,2,18,14,22,13,5,15,17,7,9,21,1,16],[14,10,22,2,18,6,13,5,15,17,7,9,1,21,16],[22,17,6,14,2,10,18,5,13,15,7,9,1,21,16],[18,2,14,6,22,10,5,13,15,17,7,9,1,21,16],[10,2,18,14,6,22,13,5,15,17,7,9,1,21,8,16],[22,18,10,14,6,2,13,5,7,15,17,9,1,21,8,24],[14,6,10,18,2,22,5,13,15,17,7,9,1,21,8,23,16],[18,2,22,10,6,14,5,13,7,15,17,9,1,21,8,24],[14,10,22,2,6,18,13,5,15,17,7,9,21,1,8,24],[22,2,6,18,10,14,13,5,15,17,7,12,9,21,1,16],[18,22,6,10,14,2,5,13,7,15,17,9,1,21,16],[14,22,10,6,18,2,5,13,7,15,17,9,1,21,8,23,24],[22,2,10,18,14,6,13,5,15,17,7,9,21,1,16],[14,18,2,22,10,6,5,13,15,17,7,9,21,1,16],[18,2,10,14,22,6,5,13,7,15,17,9,1,21,16],[6,14,2,10,18,22,13,5,7,15,17,9,1,21,8,24],[6,22,14,10,18,2,13,5,7,15,17,9,1,21,16],[22,14,2,10,18,6,5,13,15,17,7,9,1,21,8,23,20],[2,6,14,22,18,10,5,13,15,17,7,9,1,21,8,23,16],[18,22,6,14,2,10,13,5,15,17,7,9,1,21,16],[10,22,18,2,14,6,13,5,15,17,7,9,1,21,16],[22,2,14,6,10,18,13,5,15,17,7,9,1,21,16],[10,6,2,18,22,14,5,13,7,15,17,9,1,21,16],[22,10,6,14,2,18,5,13,7,15,17,9,21,1,16],[14,2,18,10,22,6,13,5,7,15,17,9,1,21,16],[2,10,18,6,22,14,13,5,7,15,17,9,1,21,16],[10,14,18,2,6,22,5,13,15,17,7,9,1,21,8,24],[6,2,14,18,9,22,5,13,7,15,17,1,21,16],[2,6,10,18,14,22,5,13,7,15,17,9,1,21,8,23,16],[10,22,18,14,6,2,5,13,7,15,17,9,1,21,8,23,24],[18,14,6,10,2,22,13,5,15,17,7,9,1,21,8,23,24],[18,6,10,22,2,14,13,5,15,17,7,9,21,1,8,24],[2,22,6,14,18,10,13,5,15,17,7,9,1,21,16],[2,6,22,18,10,14,13,5,15,17,7,9,1,21,8,23,24],[2,10,18,22,5,14,6,13,7,15,17,9,1,21,8,23,16],[18,10,6,22,2,14,5,13,15,17,7,9,21,1,16],[14,2,10,6,22,18,13,5,15,17,7,9,1,21,16],[22,2,10,6,14,18,13,5,15,17,7,9,21,1,8,24],[14,2,6,18,10,22,13,5,15,17,7,21,9,1,8,23,16],[14,2,22,6,18,10,13,5,7,15,17,9,1,21,8,23,16],[10,22,14,2,18,6,13,5,15,17,7,9,1,21,16],[18,10,2,14,6,22,13,5,15,17,7,9,1,21,16],[22,2,10,6,14,18,5,13,15,17,7,9,1,21,8,23,16],[14,22,18,6,10,2,5,13,7,15,17,9,1,21,8,24],[2,18,14,6,22,10,5,13,15,17,7,9,1,21,8,23],[2,18,14,6,10,22,5,13,7,15,17,9,1,21,16],[2,6,14,22,18,10,5,13,15,17,7,9,1,21,8,23,24],[22,14,18,2,6,10,13,5,15,17,7,9,1,21,8,16],[14,18,6,10,22,2,5,13,7,15,17,9,1,21,16],[18,10,2,14,22,6,13,5,7,15,17,9,21,1,8,24],[14,2,22,6,18,10,5,13,7,15,17,9,1,21,8,23,24],[6,18,22,10,2,14,13,5,7,15,17,9,1,21,16],[14,10,2,22,18,6,13,5,15,17,7,9,1,21,16],[6,22,18,14,10,2,13,5,15,17,7,9,1,21,8,23,24],[6,14,10,18,22,2,5,13,15,17,7,9,21,1,16],[2,10,22,6,14,18,5,13,7,15,17,9,1,21,8,23,16],[6,2,22,10,13,18,14,5,15,17,7,9,21,1,8,23,19],[22,18,2,10,6,14,13,5,7,15,17,9,21,1,16],[18,22,10,2,6,14,5,13,15,17,7,9,1,21,16],[2,14,10,18,6,22,5,13,15,17,7,9,21,1,8,23,16],[18,14,6,10,22,2,13,5,7,15,17,9,21,1,16],[6,18,14,22,2,10,13,5,7,15,17,9,1,21,16],[2,6,18,14,22,10,5,13,15,17,7,9,21,1,8,24],[14,2,6,17,10,22,18,13,5,7,15,9,1,21,8,23,16],[18,2,10,6,14,22,13,5,7,15,17,9,1,21,8,23,24],[22,18,14,6,2,10,5,13,15,17,7,9,1,21,16],[10,14,22,6,18,2,5,13,7,15,17,9,1,21,8,24],[14,5,2,22,10,18,6,13,7,15,17,9,1,21,16],[6,2,10,14,18,22,5,13,7,15,17,9,21,1,16],[22,18,10,6,14,2,13,5,15,17,7,9,21,1,8,24],[6,10,2,22,18,14,5,13,15,17,7,1,9,21,16],[2,18,14,10,6,22,5,13,7,15,17,9,1,21,16],[6,10,18,22,14,2,13,5,15,17,7,1,9,21,16],[10,14,18,22,6,2,13,5,15,17,7,9,1,21,16],[10,6,14,18,22,2,5,13,7,15,17,9,21,1,8,23,24],[10,14,2,6,22,18,5,13,7,15,17,9,21,1,16],[10,14,2,22,18,6,5,13,7,15,17,9,1,21,8,23,24],[14,6,22,10,18,2,5,13,15,17,7,9,1,21,8,24],[2,22,6,14,10,18,13,5,7,15,17,9,1,21,16],[14,22,6,10,18,2,5,13,15,17,7,9,21,1,16],[2,14,22,6,10,18,13,5,7,15,17,9,21,1,8,23,19],[22,18,2,6,10,14,13,5,7,15,17,9,21,1,16],[18,14,22,10,2,6,13,5,7,15,17,1,9,21,16],[10,14,6,18,22,2,13,5,7,15,17,9,1,21,8,23,16],[17,14,6,10,22,2,18,13,5,15,7,1,9,21,8,24],[22,18,6,10,2,14,5,13,7,15,17,9,1,21,8,23,16],[22,18,6,2,10,14,13,5,15,17,7,9,1,21,8,24],[10,2,18,22,14,6,13,5,7,15,17,9,1,21,16],[18,2,10,14,6,22,13,5,15,17,7,9,21,1,16],[18,14,6,10,22,2,5,13,15,17,7,9,21,1,8,23,19],[18,2,22,10,14,6,13,5,15,17,7,9,21,1,16],[2,6,18,10,14,22,5,13,7,15,17,9,21,1,8,24],[10,2,18,14,6,22,5,13,7,15,17,9,21,1,16],[2,22,18,14,10,6,13,5,15,17,7,9,1,21,16],[18,14,10,2,6,22,13,5,15,17,7,9,21,1,16],[6,14,2,22,18,10,5,13,7,15,17,9,21,1,8,23,19],[18,22,14,6,10,2,13,5,7,15,17,9,1,21,16],[18,6,22,10,2,14,5,13,15,17,7,9,1,21,16],[6,18,14,22,2,10,13,5,7,15,17,9,1,21,16],[14,6,18,22,10,2,5,13,15,17,7,9,1,21,8,24],[18,2,14,6,10,22,13,5,7,15,17,9,21,1,16],[6,22,2,18,10,14,5,13,7,15,17,9,1,21,8,24],[6,2,10,22,14,18,13,5,7,15,17,9,1,21,16],[14,22,2,6,10,18,5,13,15,17,7,9,1,21,8,24],[2,6,22,14,18,10,5,13,7,15,17,9,1,21,16],[6,14,10,18,2,22,13,5,7,15,17,9,1,21,8,23,16],[18,10,6,2,22,14,13,5,15,17,7,9,1,21,8,23,24],[2,22,6,10,18,14,5,13,7,15,17,9,1,21,16],[6,2,14,18,22,10,5,13,15,17,7,9,21,1,8,23,16],[2,10,6,22,14,18,5,13,7,15,17,9,21,1,16],[6,2,14,10,18,22,5,13,7,15,17,9,21,1,8,23,24],[6,10,18,2,22,14,13,5,15,17,7,9,1,21,8,24],[22,2,18,10,14,6,5,13,15,17,7,9,21,1,8,23,24],[2,10,18,6,22,14,13,5,7,15,17,9,21,1,16],[18,2,22,14,6,10,13,5,7,15,17,9,1,21,8,24],[18,10,14,6,22,2,13,5,15,17,7,9,1,21,8,23,16],[22,2,14,6,10,18,13,5,7,15,17,9,1,21,16],[2,6,22,14,10,18,13,5,15,17,7,9,1,21,8,23,16],[17,6,2,14,10,22,18,13,5,7,15,9,21,1,8,24],[14,6,18,2,22,10,13,5,7,15,17,9,1,21,16],[22,10,18,2,6,14,13,5,7,15,17,9,1,21,16],[2,22,10,14,18,6,5,13,15,17,7,9,1,21,8,24],[14,22,6,18,10,2,13,5,7,15,17,9,21,1,8,23,16],[10,18,13,2,6,22,14,5,15,17,7,9,1,21,16],[18,10,6,2,14,22,13,5,7,15,17,9,1,21,8,23,16],[14,6,22,10,18,2,13,5,7,15,17,9,21,1,16],[22,18,14,6,10,1,13,5,15,17,7,9,21,2,16],[6,2,14,18,10,22,5,13,15,17,7,1,9,21,16],[14,10,18,6,22,2,5,13,15,17,7,1,9,21,16],[10,6,18,14,2,22,13,5,15,17,7,9,1,21,16],[10,22,6,18,2,14,13,5,15,17,7,9,1,21,16],[2,18,14,6,22,10,5,13,7,15,17,9,1,21,8,16],[22,6,18,10,2,14,5,13,7,15,17,9,1,21,16],[14,6,2,18,10,22,13,5,15,17,7,9,1,21,8,23,24],[18,22,14,10,2,6,13,5,15,17,7,9,1,21,16],[18,2,14,6,10,22,13,5,7,15,17,9,21,1,16],[10,6,14,2,18,22,13,5,15,17,7,9,21,1,8,23,24],[22,14,6,10,2,18,13,5,7,15,17,9,1,21,16],[14,22,18,2,10,6,5,13,15,17,7,9,1,21,8,23,24],[2,14,10,18,6,22,13,5,7,15,17,9,1,21,8,24],[6,2,22,10,18,14,13,5,7,15,17,9,21,1,8,23,19],[14,10,22,18,6,2,5,13,7,15,17,9,1,21,16],[18,14,2,6,22,10,5,13,7,15,17,9,1,21,16],[18,2,14,22,6,10,5,13,7,15,17,9,1,21,16],[6,10,22,18,14,2,13,5,7,15,17,9,21,1,8,23,16],[22,18,14,2,5,10,6,13,15,17,7,1,9,21,16],[10,22,14,2,6,18,5,13,7,15,17,9,1,21,8,23,16],[14,6,22,10,2,18,13,5,7,15,17,9,1,21,8,24],[18,6,10,2,14,22,13,5,15,17,7,9,1,21,16],[22,6,14,2,18,10,5,13,15,17,7,9,1,21,8,24],[22,10,6,2,18,14,13,5,7,15,17,9,1,21,8,23,19],[22,18,14,6,2,10,5,13,7,15,17,9,21,1,8,23,24],[2,18,22,6,14,10,13,5,15,17,7,9,1,21,16],[22,14,2,10,6,18,13,5,15,17,7,9,21,1,8,23],[18,22,14,6,2,10,5,13,7,15,17,9,21,1,8,23,24],[6,9,2,18,22,14,5,13,15,17,7,21,1,8,10,23,16],[2,14,10,6,18,22,5,13,7,15,17,9,21,1,16],[18,14,6,22,10,2,5,13,15,17,7,9,21,1,16],[14,2,10,22,6,18,5,13,7,15,17,9,1,21,8,16],[18,22,14,2,10,6,5,13,7,15,17,9,1,21,16],[14,6,2,10,18,22,5,13,15,17,7,9,21,1,8,24],[10,6,14,22,18,2,5,13,7,15,17,9,1,21,8,24],[18,14,10,6,22,2,13,5,7,15,17,9,21,1,8,23,16],[14,18,22,2,6,10,5,13,7,15,17,9,1,21,8,24],[6,22,1,10,14,18,13,5,7,15,17,9,21,2,16],[10,14,18,22,6,2,5,13,15,17,7,9,1,21,8,24],[6,14,10,18,22,2,13,5,7,15,17,9,1,21,16],[6,14,22,18,2,10,5,13,7,15,17,9,1,21,16],[10,2,6,14,18,22,13,5,15,17,7,9,1,21,16],[10,14,2,22,18,6,13,5,15,17,7,9,1,21,16],[10,18,14,22,6,2,5,13,7,15,17,9,1,21,8,23,16],[2,10,22,14,18,6,5,13,15,17,7,9,1,21,8,23],[18,22,14,2,6,10,5,13,15,17,7,9,21,1,8,23,19],[14,2,18,10,22,6,5,13,7,15,17,9,1,21,16],[6,22,14,18,10,2,13,5,7,15,17,9,1,21,8,24],[18,2,14,6,22,10,13,5,7,15,17,9,1,21,16],[22,14,6,2,18,10,13,5,7,15,17,9,1,21,8,23,16],[18,2,22,13,6,10,14,5,15,17,7,9,1,21,8,23,16],[22,6,14,10,18,2,13,5,7,15,17,9,21,1,16],[14,10,22,6,2,18,5,13,15,17,7,9,1,21,16],[18,6,14,10,22,2,13,5,7,15,17,9,1,21,16],[2,18,22,6,14,10,5,13,7,15,17,9,21,1,8,16],[2,18,22,14,10,6,5,13,15,17,7,21,9,1,16],[10,6,14,22,18,2,13,5,7,15,17,9,1,21,16],[18,10,22,2,14,6,13,5,7,15,17,9,1,21,8,23,16],[14,10,6,22,2,18,5,13,15,17,7,9,21,1,8,24],[14,2,22,6,18,10,13,5,7,15,17,9,21,1,16],[22,6,14,18,2,10,13,5,7,15,17,9,1,21,8,24],[14,18,2,6,22,10,5,13,7,15,17,1,9,21,16],[10,14,2,6,22,18,13,5,15,17,7,9,21,1,8,23,24],[10,18,22,6,14,2,13,5,7,15,17,9,1,21,16],[22,2,6,18,10,14,5,13,15,17,7,9,21,1,16],[6,14,9,2,22,18,13,5,15,17,7,21,1,8,10,24],[2,22,6,10,14,18,5,13,15,17,7,9,21,1,8,23,24],[22,10,6,18,14,2,13,5,15,17,7,9,21,1,16],[2,18,6,10,22,14,5,13,7,15,17,9,21,1,8,24],[14,6,10,18,22,2,13,5,7,15,17,9,21,1,8,23],[10,18,2,14,22,6,13,5,7,15,17,1,9,21,8,23,16],[22,14,2,6,10,18,13,5,15,17,7,9,21,1,16],[2,10,14,6,22,18,5,13,15,17,7,9,1,21,16],[18,2,6,22,14,10,5,13,15,17,7,9,1,21,8,24],[10,22,18,6,2,14,13,5,7,15,17,9,1,21,16],[2,22,10,6,18,14,13,5,15,17,7,9,1,21,16],[6,10,2,14,22,18,13,5,15,17,7,9,1,21,16],[22,14,2,18,6,10,5,13,7,15,17,9,1,21,16],[14,2,6,10,18,22,5,13,15,17,7,9,21,1,8,24],[10,22,18,2,6,14,5,13,7,15,17,9,1,21,8,16],[22,2,14,10,18,6,5,13,15,17,7,9,1,21,8,24],[10,2,6,18,14,22,13,5,15,17,7,9,1,21,16],[2,10,18,6,14,22,5,13,15,17,7,9,1,21,16],[10,18,22,2,6,14,5,13,15,17,7,9,1,21,8,23],[6,2,22,10,18,14,13,5,15,17,7,9,1,21,8,24],[6,2,22,10,14,18,5,13,7,15,17,9,1,21,16],[2,10,14,22,18,6,13,5,15,17,7,9,1,21,16],[10,2,18,14,6,22,5,13,7,15,17,9,1,21,8,24],[2,22,18,10,14,6,13,5,7,15,17,9,1,21,8,24],[10,14,6,18,2,22,13,5,7,15,17,9,1,23,21,16],[14,10,18,22,2,6,13,5,15,17,7,9,21,1,8,23,19],[6,2,22,14,18,10,5,13,7,15,17,9,1,21,16],[10,2,22,18,14,6,5,13,7,15,17,9,21,1,16],[10,14,6,22,18,2,5,13,7,15,17,9,21,1,16],[22,6,10,2,18,14,13,5,15,17,7,9,1,21,8,24],[18,22,2,6,10,14,5,13,15,17,7,9,1,21,8,24],[22,14,18,6,10,2,13,5,7,15,17,9,21,1,16],[14,22,10,6,2,18,5,13,15,17,7,9,1,21,16],[14,18,6,10,22,2,13,5,15,17,7,9,1,21,8,23,16],[13,6,10,18,22,2,14,5,15,17,7,9,1,21,16],[2,10,14,22,6,18,13,5,7,15,17,9,1,21,16],[14,10,6,1,22,18,13,5,15,17,7,9,21,2,16],[2,6,22,14,18,10,5,13,15,17,7,9,23,21,1,16],[10,22,6,14,2,18,13,5,15,17,7,9,21,1,8,23,16],[10,18,2,22,6,14,5,13,7,15,17,9,1,21,16],[18,10,22,6,14,2,5,13,7,15,17,9,1,21,8,24],[18,10,2,22,14,6,5,13,15,17,7,9,21,1,8,23,24],[14,6,2,22,10,18,5,13,7,15,17,9,1,21,16],[18,10,14,6,22,2,5,13,7,15,17,9,21,1,8,23,24],[6,22,2,18,10,14,13,5,15,17,7,9,1,21,16],[18,14,6,10,22,2,5,13,15,17,7,9,1,21,16],[10,18,2,6,14,22,5,13,7,15,17,9,1,21,8,23,16],[18,10,6,14,22,2,5,13,15,17,7,9,1,21,16],[2,14,22,6,18,10,5,13,7,15,17,9,1,21,16],[10,6,18,2,14,22,13,5,15,17,7,9,1,21,8,24],[2,22,6,10,14,18,5,13,7,15,17,9,1,21,16],[10,2,22,6,18,14,5,13,15,17,7,9,1,24,16],[22,6,18,10,2,14,5,13,7,15,17,9,1,21,8,24],[18,6,2,14,22,10,5,13,7,15,17,9,21,1,16],[14,18,22,10,2,6,5,13,7,15,17,9,1,21,8,23,24],[22,14,10,2,18,6,5,13,15,17,7,9,21,1,8,23,16],[14,10,22,2,6,18,5,13,15,17,7,9,1,21,16],[2,22,6,10,14,18,5,13,15,17,7,9,1,21,16],[18,6,2,10,14,22,13,5,15,17,7,9,1,21,16],[18,22,14,2,10,6,5,13,15,17,7,9,21,1,16],[2,10,18,6,22,14,13,5,7,15,17,9,21,1,16],[18,22,6,10,2,14,13,5,7,15,17,9,1,21,8,24],[18,14,2,10,6,22,13,5,15,17,7,9,1,21,16],[14,18,6,22,2,10,13,5,15,17,7,9,1,21,8,23,20],[18,10,14,22,6,2,5,13,15,17,7,9,21,1,16],[2,6,10,14,18,22,13,5,7,15,17,9,21,1,16],[18,2,10,6,22,14,13,5,15,17,7,9,21,1,8,24],[22,18,10,6,14,2,5,13,7,15,17,9,1,21,8,24],[2,18,14,22,6,10,5,13,7,15,17,9,1,21,8,23,24],[22,2,18,14,10,6,13,5,7,15,17,9,1,21,8,23,16],[18,22,14,10,1,6,5,13,7,15,17,9,21,2,16],[14,10,2,22,18,6,13,5,15,17,7,9,1,21,8,23,16],[14,2,18,22,10,6,5,13,15,17,7,9,1,24,16],[18,6,14,2,22,10,13,5,7,15,17,9,21,1,8,24],[14,18,6,22,10,2,13,5,15,17,7,9,1,21,8,23,16],[2,14,6,18,22,10,5,13,15,17,7,9,1,21,16],[10,22,6,2,14,18,5,13,7,15,17,9,21,1,8,23,24],[18,6,22,2,14,10,13,5,7,15,17,9,1,21,16],[14,22,18,10,2,6,5,13,15,17,7,9,21,1,16],[10,2,22,18,14,6,13,5,15,17,7,9,1,21,16],[2,14,18,10,6,22,5,13,15,17,7,9,21,1,8,24],[2,6,14,18,22,10,5,13,15,17,7,9,1,21,8,23,24],[22,2,14,6,10,18,13,5,15,17,7,9,1,21,16],[22,18,14,2,6,10,13,5,7,15,17,9,21,1,16],[2,18,6,10,14,22,13,5,7,15,17,9,1,21,8,24],[22,18,10,2,6,14,13,5,7,15,17,9,1,21,8,23,16],[18,2,22,6,14,10,13,5,7,15,17,9,1,21,8,23,19],[2,22,10,6,14,18,5,13,15,17,7,9,21,1,8,23,16],[22,6,2,14,18,10,13,5,7,15,17,9,21,1,8,24],[22,10,2,6,18,14,5,13,7,15,17,9,1,21,16],[6,2,18,22,10,14,13,5,15,17,7,9,1,21,8,23,16],[22,14,18,2,5,10,6,13,7,15,17,9,1,21,8,23,20],[14,2,18,10,22,6,13,5,7,15,17,9,21,1,8,24],[6,10,18,14,22,2,13,5,15,17,7,9,21,1,16],[18,6,10,2,14,22,13,5,7,15,17,9,1,21,8,23,24],[10,6,22,14,18,2,5,13,15,17,7,9,1,21,8,24],[10,14,2,6,22,18,13,5,15,17,7,9,1,21,16],[22,14,2,18,10,6,5,13,15,17,7,9,1,21,16],[18,6,22,14,2,10,13,5,15,17,7,9,1,21,8,23,20],[10,6,2,18,14,22,13,5,7,15,17,9,1,21,16],[2,21,18,10,14,6,22,5,13,15,17,7,9,1,16],[18,2,10,14,22,6,5,13,7,15,17,9,21,1,8,23,24],[22,18,10,2,6,14,5,13,7,15,17,9,21,1,16],[18,10,22,14,6,2,13,5,7,15,17,9,1,21,8,23,24],[14,2,22,18,10,6,13,5,7,15,17,9,1,21,16],[14,1,18,22,6,10,5,13,15,17,7,9,21,2,16],[22,10,6,18,14,2,13,5,15,17,7,9,21,1,8,23,16],[10,2,14,22,18,6,5,13,15,17,7,9,21,1,8,23,24],[14,18,22,6,10,2,5,13,15,17,7,9,1,21,8,23,16],[10,14,22,6,2,18,5,13,15,17,7,9,1,21,16],[2,10,22,18,14,6,5,13,7,15,17,9,1,21,16],[22,18,5,2,14,10,6,13,7,15,17,9,1,21,16],[6,18,14,22,2,10,5,13,7,15,17,9,21,1,16],[22,10,2,18,6,14,13,5,7,15,17,9,1,21,16],[6,18,14,10,22,2,13,5,15,17,7,9,21,1,8,23,19],[22,6,10,18,2,14,13,5,15,17,7,9,1,21,8,23,16],[18,2,22,10,14,6,13,5,15,17,7,9,1,21,16],[2,18,14,10,6,22,13,5,7,15,17,9,1,21,16],[2,10,14,18,22,6,5,13,15,17,7,9,1,21,8,24],[2,22,14,10,6,18,5,13,7,15,17,9,1,24,8,21],[6,2,14,18,10,22,13,5,15,17,7,9,1,21,8,23,16],[18,6,14,2,22,10,5,13,15,17,7,9,1,21,8,23,16],[2,14,18,22,6,10,13,5,15,17,7,9,21,1,16],[10,6,22,2,14,18,5,13,7,15,17,9,1,21,16],[2,18,6,14,10,22,13,5,7,15,17,9,1,21,8,23,20],[2,22,6,18,10,14,13,5,15,17,7,9,1,21,16],[10,6,2,18,22,14,5,13,7,15,17,9,1,21,8,24],[6,14,2,22,10,18,5,13,7,15,17,9,21,1,16],[10,14,6,18,22,2,5,13,15,17,7,9,1,21,8,23],[6,2,10,14,18,22,13,5,7,15,17,9,1,21,16],[10,14,22,2,18,5,6,13,7,15,17,9,21,1,16],[2,6,22,18,10,14,5,13,7,15,17,9,1,21,8,23],[6,2,18,10,22,14,5,13,15,17,7,9,4,1,21,16],[18,22,2,10,6,14,13,5,7,15,17,9,1,21,16],[6,14,10,18,22,2,13,5,7,15,17,9,1,21,16],[6,18,22,14,10,2,13,5,7,15,17,9,1,21,8,24],[14,2,22,6,10,18,13,5,15,17,7,9,1,21,8,23,19],[2,14,6,18,10,22,5,13,7,15,17,9,1,21,16],[6,14,10,22,18,2,5,13,7,15,17,9,21,1,8,23,20],[14,6,2,22,18,10,13,5,7,15,17,9,21,1,16],[2,10,18,6,22,14,5,13,15,17,7,9,1,21,16],[14,6,2,10,18,22,5,13,7,15,17,9,1,21,8,23,19],[18,14,22,2,6,10,5,13,15,17,8,9,1,21,23,7],[14,2,22,18,10,6,5,13,7,15,17,9,21,1,8,24],[6,10,14,2,22,18,13,5,7,15,17,9,21,1,16],[10,18,14,2,22,6,5,13,15,17,7,9,1,21,8,24],[22,14,6,9,18,2,5,13,7,15,17,1,21,16],[6,1,14,10,18,22,5,13,7,15,17,9,21,16],[6,14,18,2,22,10,13,5,7,15,17,9,1,21,16],[14,18,22,6,10,2,13,5,7,15,17,9,1,21,16],[22,14,18,2,6,10,13,5,7,15,17,9,1,21,8,23,16],[22,2,14,6,18,10,5,13,7,15,17,9,21,1,8,23,16],[14,18,6,1,22,10,5,13,15,17,7,9,21,2,8,24],[6,14,22,2,10,18,13,5,7,15,17,9,1,21,8,24],[14,22,6,2,18,10,13,5,15,17,7,21,9,1,8,23,16],[10,22,14,6,18,2,13,5,7,15,17,9,1,21,8,23,24],[2,10,22,18,14,6,13,5,15,17,7,9,1,21,8,24],[10,6,18,22,2,14,13,5,15,17,7,9,1,21,16],[18,14,10,22,6,2,13,5,15,17,7,9,1,21,16],[2,22,14,18,10,6,5,13,7,15,17,9,21,1,8,24],[10,14,18,2,6,22,5,13,7,15,17,9,1,21,16],[10,18,5,2,22,14,6,13,15,17,7,9,1,21,16],[10,6,14,18,22,2,13,5,7,15,17,9,21,1,16],[18,2,10,22,6,14,13,5,7,15,17,9,1,21,16],[18,10,6,22,14,1,5,13,7,15,17,9,21,2,16],[14,18,2,6,10,22,5,13,15,17,7,9,1,21,8,23,24],[18,22,14,6,10,1,13,5,7,15,17,9,21,2,8,24],[18,14,22,2,6,10,13,5,15,17,7,9,1,21,8,23,24],[2,18,6,14,10,22,13,5,7,15,17,9,21,1,8,24],[22,2,10,14,6,18,5,13,15,17,7,9,1,21,8,24],[18,6,2,14,22,10,5,13,15,17,7,9,21,1,8,23,24],[10,18,2,22,6,14,5,13,7,15,17,9,1,21,8,24],[6,10,22,14,18,2,5,13,7,15,17,9,1,21,8,23,24],[2,6,22,10,14,18,5,13,15,17,7,9,1,21,16],[18,22,14,6,10,2,5,13,7,15,17,9,1,21,8,23,24],[14,6,2,22,18,10,13,5,15,17,7,9,1,21,8,23],[2,6,14,22,10,18,13,5,15,17,7,9,21,1,16],[6,2,14,22,10,18,13,5,7,15,17,9,1,21,8,24],[2,6,10,14,22,18,5,13,7,15,17,9,1,21,16],[10,18,14,22,2,6,13,5,7,15,17,9,1,21,8,24],[10,14,2,22,6,18,13,5,15,17,7,9,21,1,16],[6,22,14,10,18,2,13,5,15,17,7,9,21,1,8,23,24],[18,14,2,22,6,10,5,13,7,15,17,9,1,21,8,24],[6,14,18,2,10,22,5,13,7,15,17,9,1,21,16],[6,2,10,22,18,14,13,5,7,15,17,9,1,21,16],[6,14,2,22,18,10,5,13,7,15,17,9,1,21,16],[22,6,10,14,18,1,13,5,15,17,7,9,21,2,8,24],[2,10,14,22,18,6,5,13,7,15,17,1,9,21,8,23,16],[10,18,2,14,6,22,13,5,15,17,7,9,1,21,16],[2,22,10,14,6,18,5,13,7,15,17,9,21,1,16],[2,6,14,21,10,18,22,13,5,7,15,17,9,1,16],[6,18,10,2,22,14,13,5,7,15,17,9,1,21,8,24],[6,10,14,22,18,2,13,5,7,15,17,9,1,21,16],[14,18,10,22,2,6,13,5,7,15,17,9,1,21,8,23,16],[22,6,14,18,2,10,5,13,15,17,7,9,21,1,16],[14,22,2,10,18,6,5,13,7,15,17,9,1,21,8,24],[14,18,10,6,2,22,5,13,15,17,7,9,1,21,8,23],[2,18,10,6,14,22,5,13,15,17,7,9,21,1,16],[2,22,18,14,10,6,5,13,7,15,17,9,21,1,16],[14,22,6,10,18,2,13,5,15,17,7,9,21,1,8,23,16],[14,18,10,6,22,2,5,13,15,17,7,9,1,21,8,16],[18,6,22,2,10,14,5,13,15,17,7,9,1,21,16],[10,14,22,18,6,2,5,13,7,15,17,9,1,21,16],[10,6,22,2,18,14,5,13,15,17,7,9,1,21,16],[22,6,2,18,14,10,13,5,7,15,17,9,1,21,8,24],[22,14,18,6,10,2,13,5,15,17,7,9,1,21,16],[18,2,22,6,14,10,5,13,7,15,17,9,21,1,8,23,3,16],[10,14,18,22,2,6,13,5,15,17,7,9,1,21,8,23,16],[6,14,22,10,2,18,13,5,15,17,7,9,1,21,8,24],[2,14,10,22,18,6,5,13,15,17,7,9,1,21,16],[2,14,18,6,22,10,5,13,7,15,17,9,1,21,16],[10,22,18,2,14,6,5,13,15,17,7,9,1,21,16],[14,6,22,10,2,18,13,5,15,17,7,9,1,21,8,24],[13,18,22,2,10,6,14,5,7,15,17,9,1,21,8,23,20],[13,18,2,22,10,6,14,5,7,15,17,9,1,21,16],[18,10,6,2,14,22,5,13,7,15,17,9,1,21,8,23,16],[10,14,2,22,6,18,5,13,15,17,7,9,1,21,8,23,24],[10,18,6,14,2,22,5,13,15,17,7,9,1,23,21,8,19],[2,22,6,14,10,18,13,5,7,15,17,9,1,21,8,23,24],[18,14,22,6,2,10,13,5,15,17,7,9,1,21,16],[6,22,2,18,10,14,13,5,15,17,7,9,21,1,8,23,24],[18,14,10,2,22,6,5,13,7,15,17,9,1,21,8,23],[10,18,22,14,6,2,5,13,15,7,17,9,21,1,16],[10,6,14,22,2,18,13,5,7,15,17,9,1,21,8,23,24],[2,14,22,10,6,18,5,13,7,15,17,9,1,21,16],[22,14,18,2,10,6,5,13,15,17,7,9,1,21,8,23,19],[14,22,10,18,2,6,13,5,15,17,7,9,1,21,8,23,24],[2,6,22,18,10,14,13,5,7,15,17,9,1,21,8,23,19],[18,14,2,22,10,6,5,13,7,15,17,9,1,21,8,24],[6,2,14,18,9,22,13,5,7,15,17,1,21,16],[18,14,6,22,10,2,5,13,15,17,7,9,21,1,16],[10,6,18,2,14,22,5,13,7,15,17,9,1,21,16],[10,22,6,18,14,2,5,13,15,17,7,9,1,21,8,23,20],[2,6,18,22,10,14,13,5,15,17,7,9,21,1,16],[14,10,2,22,18,6,13,5,7,15,17,9,1,21,8,23,24],[14,6,22,2,18,10,13,5,15,17,7,9,1,21,16],[18,22,10,2,6,14,13,5,15,17,7,9,21,1,8,24],[14,2,6,10,22,18,13,5,7,15,17,9,1,21,16],[2,10,14,18,22,6,13,5,7,15,17,9,1,21,8,24],[18,2,10,14,22,6,5,13,7,15,17,9,1,21,16],[22,14,18,2,10,6,13,5,15,17,7,9,1,21,16],[22,10,14,18,2,6,5,13,15,17,7,9,1,21,8,23,16],[2,10,18,14,6,22,5,13,7,15,17,9,1,21,16],[2,10,14,18,22,6,13,5,15,17,7,9,1,21,8,23,20],[14,6,18,10,2,22,13,5,7,15,17,21,9,1,16],[18,10,6,2,14,22,5,13,7,15,17,21,9,1,16],[2,22,18,14,10,6,5,13,7,15,17,9,1,21,8,23,16],[14,2,10,18,6,22,13,5,7,15,17,9,1,21,16],[18,14,6,2,22,10,5,13,15,17,7,9,1,21,16],[10,22,14,18,6,2,13,5,15,17,7,9,1,21,16],[6,14,18,10,2,22,13,5,7,15,17,9,1,21,8,23,16],[22,10,18,6,14,2,13,5,7,15,17,9,1,21,16],[10,18,14,6,22,2,13,5,15,17,7,9,21,1,8,23,16],[2,10,14,6,18,22,5,13,7,15,17,9,1,21,8,24],[6,2,22,14,10,18,5,13,15,17,7,9,1,21,8,24],[10,14,18,6,22,2,5,13,7,15,17,9,1,21,8,23,24],[22,6,18,10,2,14,13,5,15,17,7,9,1,21,16],[2,6,14,10,18,22,13,5,7,15,17,9,21,1,8,24],[18,6,14,22,2,10,5,13,7,15,17,9,1,21,8,23,16],[22,2,10,6,18,14,5,13,7,15,17,1,9,21,16],[6,18,22,10,14,2,13,5,15,17,7,9,1,21,8,23,16],[10,2,22,6,18,13,14,5,15,17,7,9,1,21,16],[14,10,22,6,18,2,5,13,7,15,17,9,1,21,16],[18,10,14,22,2,6,5,13,7,15,17,9,21,1,8,23,16],[18,6,10,2,14,22,13,5,15,17,7,9,1,21,8,23,19],[22,14,2,10,18,6,5,13,15,17,7,9,1,21,16],[22,14,18,10,6,2,13,5,7,15,17,9,4,21,1,8,24],[6,18,14,22,10,2,5,13,15,17,7,1,9,21,8,24],[22,18,10,6,1,14,13,5,15,17,7,9,21,2,8,23,16],[10,22,14,2,6,18,13,5,15,17,7,9,1,21,16],[10,6,22,14,18,2,5,13,7,15,17,9,1,21,8,24],[18,14,2,22,10,6,5,13,15,17,7,9,1,21,8,23,24],[2,10,18,22,14,6,5,13,15,17,7,9,1,21,8,23,24],[18,6,2,10,13,22,14,5,7,15,17,9,21,1,8,23,16],[6,2,18,10,14,22,13,5,7,15,17,9,1,21,16],[22,14,1,6,18,10,13,5,7,15,17,9,21,2,8,23,24],[2,22,10,18,6,14,13,5,7,15,17,9,1,21,8,24],[2,6,22,18,10,14,13,5,15,17,7,9,1,21,8,23,20],[22,10,14,18,2,6,13,5,15,17,7,9,1,21,16],[18,14,22,6,2,10,5,13,7,15,17,9,1,21,8,24],[2,22,18,10,6,14,5,13,15,17,7,9,21,1,8,23,24],[2,6,10,14,22,18,13,5,7,15,17,9,1,21,16],[6,13,10,2,18,22,14,5,7,15,17,9,1,21,16],[2,6,10,18,14,22,5,13,15,17,7,9,21,1,8,24],[18,6,14,10,22,2,5,13,7,15,17,9,1,21,16],[2,6,18,10,14,22,13,5,15,17,7,9,1,21,16],[10,6,2,22,18,14,5,13,15,17,7,9,21,1,16],[14,10,22,6,2,18,5,13,7,15,17,9,1,21,16],[14,6,22,2,10,18,5,13,15,17,7,9,1,21,8,23,24],[10,6,2,22,14,18,13,5,15,17,7,9,21,1,8,23,19],[6,14,10,18,2,22,13,5,15,17,7,9,21,1,16],[2,6,14,10,18,22,13,5,7,15,17,1,9,21,16],[10,2,14,22,18,6,13,5,15,17,7,9,1,21,16],[6,18,22,2,14,10,5,13,15,17,7,9,1,21,8,23,16],[2,10,14,6,18,22,5,13,7,15,17,9,1,21,8,24],[22,18,6,10,2,14,13,5,15,17,7,9,1,21,8,23,16],[10,18,14,22,6,2,13,5,15,17,7,21,9,1,16],[18,14,22,2,6,10,5,13,7,15,17,9,1,21,16],[14,18,10,2,6,22,5,13,15,17,7,9,1,21,8,23,24],[18,14,2,22,10,6,13,5,7,15,17,9,1,21,8,23,19],[22,18,2,10,14,6,5,13,7,15,17,9,1,21,16],[22,6,10,18,2,14,5,13,7,15,17,9,1,21,8,23,16],[14,6,18,2,22,10,13,5,15,17,7,9,21,1,8,16],[10,1,6,18,22,14,5,13,15,17,7,9,21,2,16],[14,18,10,2,22,6,13,5,15,17,7,9,3,21,1,16],[18,10,22,14,2,6,5,13,7,15,17,9,1,21,16],[2,6,22,10,14,17,18,13,5,15,7,9,1,21,8,16],[22,2,14,6,10,18,13,5,7,15,17,9,1,21,8,23,16],[2,6,18,10,14,22,13,5,7,15,17,9,21,1,8,24],[10,22,18,14,2,6,5,13,7,15,17,9,1,21,16],[18,22,6,10,2,14,13,5,7,15,17,9,21,1,8,23,16],[22,2,9,18,14,6,5,13,7,15,17,21,1,16],[2,6,9,22,18,14,5,13,7,15,17,1,21,8,10,24],[14,2,22,18,6,10,5,13,7,15,17,9,1,21,8,23,24],[10,14,22,18,2,6,13,5,7,15,17,9,1,21,8,23,16],[10,2,22,6,14,18,13,5,15,17,7,9,21,1,16],[14,18,6,2,10,22,13,5,15,17,7,9,1,21,16],[22,18,14,2,10,6,5,13,7,15,17,9,1,21,16],[10,22,14,6,18,2,5,13,7,15,17,1,9,21,16],[22,6,14,10,2,18,13,5,7,15,17,9,21,1,16],[14,18,10,6,22,2,5,13,15,17,7,9,1,21,8,24],[22,2,6,14,10,18,5,13,7,15,17,9,1,21,16],[10,2,14,18,22,6,13,5,15,17,7,9,21,1,8,23,19],[6,10,18,2,14,22,13,5,15,17,7,9,1,21,16],[6,18,14,10,22,2,13,5,7,15,17,9,21,1,8,24],[2,22,14,10,18,6,13,5,7,15,17,9,1,21,8,23,4,24],[22,2,18,10,14,6,5,13,15,17,7,9,21,1,16],[14,6,22,18,2,10,13,5,7,15,17,9,21,1,8,24],[22,10,2,14,6,18,13,5,15,17,7,9,1,21,8,24],[10,6,22,18,2,14,5,13,15,17,7,9,21,1,16],[22,14,18,2,6,10,13,5,15,17,7,9,1,21,8,23,16],[2,10,17,14,6,22,18,13,5,7,15,9,1,21,16],[18,6,2,14,22,10,5,13,15,17,7,9,1,21,16],[2,14,10,22,6,18,13,5,15,17,7,9,1,21,8,23,19],[22,18,2,14,10,6,5,13,7,15,17,9,21,1,8,24],[6,18,22,14,10,2,13,5,7,15,17,9,1,21,8,24],[2,22,10,18,14,6,13,5,7,15,17,9,21,1,8,24],[2,22,6,14,18,10,5,13,7,15,17,9,21,1,16],[2,10,22,18,14,6,13,5,15,17,7,9,1,21,8,23,24],[18,2,10,22,6,14,13,5,15,17,7,9,1,21,8,24],[18,2,6,22,10,14,13,5,7,15,17,9,1,21,16],[10,22,6,14,2,18,5,13,7,15,17,9,1,21,8,24],[14,18,6,22,2,10,5,13,15,17,7,9,21,1,16],[14,2,22,18,6,10,13,5,15,17,7,9,21,1,16],[6,14,2,18,22,10,5,13,15,17,7,9,1,21,16],[2,10,14,22,6,18,5,13,7,15,17,9,21,1,8,24],[2,6,14,10,18,22,13,5,15,17,7,9,21,1,16],[22,6,14,10,18,2,5,13,7,15,17,9,21,1,16],[14,6,18,22,2,10,5,13,7,15,17,9,1,21,16],[2,14,10,18,22,6,13,5,15,17,7,9,21,1,8,23,16],[10,18,2,14,22,6,5,13,7,15,17,9,1,21,16],[22,10,14,18,6,2,13,5,15,17,7,21,9,1,16],[2,14,6,22,10,18,5,13,7,15,17,9,21,1,16],[10,2,18,6,14,22,13,5,15,17,7,9,1,21,8,23,20],[6,14,2,10,22,18,13,5,15,17,7,9,21,1,16],[22,18,10,2,14,6,5,13,15,17,7,9,1,21,8,23,19],[6,2,22,18,9,14,5,13,7,15,17,1,21,16],[10,14,18,2,6,22,13,5,15,17,7,9,1,21,16],[14,18,2,10,22,6,5,13,15,17,7,9,21,1,16],[21,10,2,14,6,18,22,13,5,7,15,17,9,1,16],[14,18,10,22,2,6,13,5,7,15,17,9,1,21,16],[6,18,2,14,22,10,5,13,15,17,7,9,1,21,16],[14,10,22,18,6,2,13,5,7,15,17,9,21,1,16],[18,6,10,14,2,22,13,5,7,15,17,9,1,21,16],[18,2,10,6,22,14,13,5,7,15,17,9,1,21,16],[14,18,22,10,2,6,13,5,7,15,17,9,1,21,16],[10,6,14,22,18,2,5,13,15,17,7,9,1,21,16],[18,6,10,2,22,14,13,5,15,17,7,9,1,21,16],[14,18,22,6,2,10,5,13,7,15,17,9,1,21,16],[22,2,18,6,10,14,13,5,7,15,17,9,21,1,8,23,24],[22,10,18,2,6,14,5,13,7,15,17,9,1,21,8,24],[14,6,22,18,10,2,5,13,7,15,17,9,1,21,16],[10,22,2,14,6,18,5,13,7,15,17,9,1,21,8,24],[14,10,18,2,22,6,13,5,15,17,7,9,1,21,8,23,16],[18,10,6,22,14,2,13,5,15,17,7,9,21,1,8,24],[14,2,18,10,22,6,5,13,15,17,7,9,1,21,16],[6,14,10,18,2,22,5,13,15,17,7,9,1,21,8,23,16],[10,22,6,14,18,2,5,13,15,17,7,9,1,21,16],[22,6,14,10,2,18,5,13,7,15,17,9,21,1,8,23,24],[22,18,2,10,14,6,5,13,7,15,17,9,21,1,8,24],[6,2,22,14,18,10,13,5,7,15,17,9,1,21,8,24],[6,22,10,18,2,14,13,5,7,15,17,9,21,1,8,23,24],[10,6,14,22,2,18,13,5,7,15,17,9,1,21,16],[2,22,6,10,18,14,5,13,7,15,17,9,21,1,8,24],[14,2,18,22,10,6,5,13,7,15,17,9,1,21,8,16],[22,14,2,6,10,18,5,13,15,17,7,9,1,21,16],[22,14,18,6,2,10,5,13,7,15,17,9,21,1,16],[2,6,18,10,14,22,13,5,7,15,17,1,9,21,16],[22,10,18,14,6,2,5,13,7,15,17,9,1,21,8,23,16],[14,18,10,6,2,22,5,13,15,17,7,9,1,21,16],[10,22,2,18,14,6,5,13,15,17,7,9,1,21,8,24],[2,22,18,10,14,6,13,5,7,15,17,9,1,21,16],[18,10,2,22,6,14,13,5,7,15,17,9,21,1,8,23,24],[10,2,6,18,22,14,5,13,15,17,7,9,1,21,16],[18,22,2,6,10,14,13,5,7,15,17,9,21,1,16],[10,2,17,22,5,14,18,6,13,15,7,9,21,1,16],[18,14,2,6,10,22,5,13,7,15,17,1,9,21,8,23,16],[10,18,14,6,22,2,13,5,15,17,7,9,21,1,8,23,24],[22,14,2,6,18,10,5,13,15,17,7,9,1,21,16],[22,6,10,18,2,14,5,13,7,15,17,9,21,1,16],[18,14,10,2,6,22,5,13,15,17,7,9,1,21,16],[18,2,22,6,14,10,13,5,7,15,17,9,1,21,16],[14,22,10,6,18,2,13,5,7,15,17,9,1,21,16],[2,14,18,10,22,6,13,5,15,17,7,9,1,21,16],[22,14,10,18,6,2,5,13,15,17,7,9,21,1,16],[6,14,22,10,2,18,13,5,15,17,7,9,21,1,8,23],[6,2,14,18,22,10,5,13,7,15,17,9,1,21,8,23,24],[10,2,14,22,6,18,13,5,7,15,17,9,21,1,8,24],[2,10,6,14,18,22,13,5,7,15,17,9,1,21,8,23,16],[14,6,2,10,22,18,13,5,7,15,17,9,1,21,8,23,16],[10,6,14,18,2,22,13,5,7,15,17,9,1,21,8,23,24],[14,18,6,22,10,2,13,5,15,17,7,9,21,1,16],[18,22,5,14,2,10,6,13,7,15,17,9,1,21,8,23,20],[14,18,2,10,6,22,5,13,7,15,17,9,1,21,8,24],[14,10,18,22,6,2,5,13,7,15,17,9,21,1,16],[2,18,6,14,22,10,5,13,15,17,7,9,1,21,16],[18,22,2,6,10,14,13,5,7,15,17,9,1,21,8,24],[10,14,6,2,22,18,5,13,15,17,7,9,1,21,16],[2,18,14,22,6,10,5,13,7,15,17,9,1,21,16],[10,6,18,2,22,14,13,5,15,17,7,9,21,1,16],[22,10,18,14,2,6,5,13,7,15,17,9,1,21,8,24],[6,14,22,2,10,18,5,13,15,17,7,9,21,1,16],[18,22,6,14,10,2,13,5,7,15,17,9,1,21,8,23,16],[6,10,22,18,14,2,5,13,7,15,17,9,21,1,16],[2,22,18,6,14,10,5,13,15,17,7,9,21,1,8,23,24],[22,2,14,18,6,10,13,5,7,15,17,9,1,21,16],[22,18,6,2,14,10,13,5,7,15,17,9,1,21,16],[22,6,14,2,10,18,5,13,15,17,7,9,1,21,8,24],[6,2,22,14,10,18,5,13,15,17,7,9,1,21,8,23,19],[18,10,14,22,6,2,13,5,15,17,7,9,1,21,16],[14,2,18,22,10,6,13,5,15,17,7,9,4,21,1,8,24],[14,10,2,6,18,22,5,13,7,15,17,9,1,21,16],[14,6,18,22,2,10,5,13,7,15,17,9,1,21,8,24],[18,22,14,2,10,6,5,13,15,17,7,9,1,21,8,16],[18,10,2,22,14,6,5,13,7,15,17,9,1,21,8,24],[2,6,14,22,18,10,5,13,15,17,7,9,1,21,16],[14,22,10,2,18,6,13,5,7,15,17,9,21,1,16],[10,6,2,18,22,14,13,5,7,15,17,9,1,21,16],[10,14,18,6,2,22,13,5,7,15,17,9,1,21,8,23,24],[18,14,2,22,6,10,13,5,7,15,17,9,1,21,8,23,16],[2,22,10,6,14,18,5,13,15,17,7,9,21,1,16],[6,22,14,10,18,2,13,5,15,17,7,9,1,21,8,24],[14,6,10,18,22,2,5,13,15,17,7,9,1,21,16],[6,14,22,10,18,2,13,5,7,15,17,9,21,1,8,23,16],[10,6,22,18,2,14,13,5,15,17,7,9,1,21,8,24],[6,22,14,10,2,18,13,5,7,15,17,9,21,1,8,23,16],[10,2,22,18,14,6,5,13,7,15,17,9,1,21,8,23,16],[2,6,22,14,18,10,5,13,7,15,17,9,21,1,16],[6,14,22,18,2,10,5,13,7,15,17,9,1,21,8,23,16],[14,10,6,2,22,18,13,5,15,17,7,9,21,1,8,23,16],[18,2,14,22,6,10,5,13,15,17,7,9,1,21,8,23,16],[22,14,6,18,2,10,5,13,7,15,17,9,1,21,16],[6,14,2,10,18,22,5,13,15,17,7,9,1,21,16],[10,6,18,22,14,2,5,13,7,15,17,9,1,21,8,24],[18,14,22,2,6,10,5,13,7,15,17,9,1,21,16],[2,22,18,6,10,14,5,13,7,15,17,9,1,21,8,24],[14,22,2,6,10,18,5,13,7,15,17,9,1,21,8,23,24],[2,22,18,14,10,6,5,13,15,17,7,9,1,21,16],[14,6,22,18,10,2,5,13,15,17,7,9,21,1,8,23,24],[10,2,14,22,18,6,13,5,15,17,7,1,9,21,8,23,19],[22,14,10,2,18,6,5,13,15,17,7,9,1,21,8,24],[10,18,22,2,6,14,13,5,15,17,7,9,1,21,16],[2,18,10,22,6,14,13,5,7,15,17,9,1,21,16],[22,18,10,2,6,14,5,13,7,15,17,9,1,21,16],[10,18,6,2,14,22,5,13,7,15,17,9,21,1,16],[2,22,18,14,10,5,6,13,15,17,7,9,1,21,16],[2,18,10,14,22,6,5,13,7,15,17,9,21,1,16],[6,22,10,2,17,14,18,13,5,7,15,9,1,21,8,24],[10,22,2,14,6,18,13,5,7,15,17,9,1,21,16],[10,6,14,2,18,22,5,13,7,15,17,9,21,1,8,23,16],[18,10,2,6,22,14,5,13,15,17,7,9,21,1,8,24],[10,14,22,2,18,6,13,5,15,17,7,9,1,21,8,23,16],[2,10,18,6,22,14,13,5,7,15,17,9,1,21,8,23,24],[14,10,18,6,2,22,13,5,7,15,17,9,1,21,8,23,19],[6,22,9,18,2,14,13,5,15,17,7,21,1,16],[6,10,14,2,18,22,5,13,15,17,7,9,1,21,8,23,19],[18,22,2,10,14,6,13,5,7,15,17,9,1,21,8,23,16],[2,18,22,10,6,14,13,5,7,15,17,9,1,21,16],[14,18,10,22,2,6,5,13,15,17,7,9,1,21,16],[10,6,2,14,18,22,5,13,15,17,7,9,1,21,16],[14,18,6,22,2,10,13,5,7,15,17,9,1,21,16],[2,22,6,18,10,13,14,5,15,17,7,9,1,21,8,24],[2,22,6,18,14,10,13,5,7,15,17,9,1,21,16],[22,6,14,18,10,2,5,13,15,17,7,9,21,1,16],[10,14,2,18,22,6,13,5,15,17,7,9,1,21,16],[10,6,14,22,18,2,5,13,7,15,17,9,1,21,16],[22,2,6,14,10,18,5,13,15,17,7,9,21,1,16],[2,9,14,22,6,18,13,5,15,17,7,1,24,8,10,21],[2,10,22,18,14,6,13,5,15,17,7,9,21,1,8,23,16],[14,6,10,18,2,22,5,13,15,17,7,9,21,1,8,24],[2,18,10,14,6,22,5,13,15,17,7,9,21,1,16],[6,2,14,22,18,10,13,5,15,17,7,9,1,21,8,23,16],[14,6,2,18,22,10,5,13,15,17,7,9,1,21,16],[10,6,22,14,18,2,13,5,15,17,7,9,1,21,16],[10,18,22,6,14,2,13,5,7,15,17,9,1,21,8,23,16],[6,22,18,10,14,2,13,5,7,15,17,9,1,21,16],[10,18,22,6,14,2,5,13,15,17,7,1,9,21,16],[14,22,2,18,10,6,5,13,15,17,7,9,21,1,16],[10,2,6,18,14,22,13,5,7,15,17,9,21,1,8,23,24],[2,6,22,18,10,14,13,5,7,15,17,9,1,21,8,23,16],[18,14,6,10,2,22,13,5,15,17,7,9,1,21,8,23,24],[18,22,2,6,10,14,5,13,7,15,17,9,1,21,16],[22,6,10,14,2,18,13,5,15,17,7,9,1,21,16],[22,6,14,18,10,2,13,5,7,15,17,9,1,21,16],[22,6,18,10,2,14,13,5,15,17,7,9,1,21,8,24],[22,2,14,6,10,18,5,13,15,17,7,9,1,21,8,24],[6,18,14,10,2,22,13,5,7,15,17,9,1,21,8,23,24],[6,14,22,2,10,18,13,5,15,17,7,9,1,21,16],[18,22,2,10,6,14,13,5,7,15,17,9,1,21,16],[22,18,14,2,6,10,5,13,7,15,17,9,24,1,16],[18,6,10,2,14,22,13,5,7,15,17,9,21,1,8,24],[22,10,2,18,13,6,14,5,15,17,7,9,1,21,16],[22,6,2,10,14,18,5,13,15,17,7,9,1,21,8,23,20],[2,6,14,18,10,22,5,13,7,15,17,9,1,21,8,24],[18,6,10,14,2,22,5,13,15,17,7,9,1,21,8,23,24],[2,14,18,6,10,22,5,13,7,15,17,9,1,21,8,19],[18,22,6,2,10,14,13,5,7,15,17,9,21,1,16],[2,13,22,10,6,18,14,5,7,15,17,1,9,21,8,23,24],[22,6,18,10,2,14,13,5,15,17,7,9,1,21,8,23,24],[22,10,14,6,18,2,5,13,15,17,7,9,1,21,8,23,16],[6,22,18,10,14,2,5,13,15,17,7,9,1,21,8,23],[22,2,18,14,6,10,13,5,15,17,7,9,1,21,8,23,24],[10,22,18,6,2,14,13,5,7,15,17,9,1,21,8,23,11,24],[10,6,22,2,18,14,13,5,7,15,17,9,1,21,8,23,16],[14,10,18,22,2,6,5,13,15,17,7,9,21,1,8,24],[6,2,18,22,14,10,5,13,7,15,17,9,1,21,8,24],[22,6,2,18,10,14,13,5,7,15,17,9,1,21,16],[18,10,22,2,6,14,5,13,15,17,7,9,21,1,8,23,24],[10,6,22,2,18,14,5,13,7,15,17,9,1,21,16],[6,14,10,2,22,18,5,13,15,17,7,9,21,1,8,16],[22,2,14,18,6,10,13,5,7,15,17,9,1,21,16],[22,14,10,18,2,6,5,13,7,15,17,9,1,21,16],[10,22,18,14,6,2,5,13,7,15,17,9,1,21,16],[22,18,14,10,2,6,5,13,15,17,7,9,1,21,16],[14,2,22,18,6,10,5,13,7,15,17,1,9,21,8,23,24],[18,22,2,6,10,14,13,5,15,17,7,9,21,1,8,24],[18,22,14,2,10,6,5,13,7,15,17,9,21,1,16],[22,10,6,2,18,14,13,5,7,15,17,9,1,21,8,24],[10,22,2,14,6,18,13,5,7,15,17,9,1,21,8,23,16],[6,1,18,14,10,22,5,13,7,15,17,9,21,16],[22,14,2,6,10,18,5,13,15,17,7,9,21,1,8,16],[2,6,18,10,22,14,5,13,15,17,7,9,1,21,16],[6,2,10,14,18,22,5,13,7,15,17,9,1,21,8,24],[6,18,14,22,10,2,13,5,15,17,7,9,1,21,8,24],[10,14,18,22,6,2,5,13,7,15,17,9,1,21,16],[22,14,6,18,10,2,13,5,15,17,7,9,1,21,8,23,16],[2,22,14,18,10,6,13,5,7,15,17,9,1,21,16],[6,22,2,10,18,14,13,5,15,17,7,9,21,1,16],[18,10,22,2,14,6,5,13,15,17,7,9,1,21,16],[18,14,6,22,10,2,13,5,7,15,17,9,1,21,16],[6,18,10,14,2,22,13,5,15,17,7,9,1,21,8,24],[18,22,14,6,2,10,13,5,15,17,7,9,1,21,16],[18,2,14,10,6,22,5,13,15,17,7,1,9,21,16],[6,22,18,10,1,14,13,5,7,15,17,9,21,8,2,23,24],[22,10,2,18,14,6,5,13,7,15,17,9,21,1,16],[22,2,10,6,14,18,5,13,7,15,17,1,9,21,8,24],[10,14,22,2,18,6,5,13,15,17,7,9,1,21,8,16],[18,22,2,6,14,10,13,5,7,15,17,9,1,21,8,24],[6,10,14,18,2,22,5,13,15,17,7,9,23,21,1,8,16],[22,2,18,5,14,10,6,13,7,15,17,9,1,21,8,23,16],[10,6,22,2,18,14,13,5,15,17,7,9,21,1,16],[22,2,18,14,6,10,13,5,7,15,17,21,9,1,16],[2,6,22,10,14,18,5,13,15,17,7,9,1,21,16],[2,22,10,18,6,14,13,5,15,17,7,9,21,1,8,23,24],[18,14,2,22,6,10,5,13,15,17,7,9,1,21,8,23,24],[22,10,2,6,14,18,5,13,15,17,7,9,1,21,8,23,24],[18,14,6,10,22,2,13,5,7,15,17,9,21,1,16],[14,22,18,6,10,2,5,13,15,17,7,9,1,21,8,23,24],[2,22,6,10,18,14,13,5,15,17,7,1,9,21,8,23,16],[2,14,6,22,18,10,13,5,15,17,7,9,1,21,8,24],[6,2,18,10,22,14,13,5,7,15,17,9,1,21,16],[14,22,2,10,6,18,5,13,15,17,7,9,1,21,8,24],[18,6,22,14,2,10,5,13,7,15,17,9,1,21,16],[2,22,14,18,6,10,5,13,15,17,7,9,1,21,16],[2,22,18,6,10,14,13,5,15,17,7,9,1,21,8,23,16],[18,22,14,6,2,10,5,13,7,15,17,9,1,21,8,23,24],[22,10,2,17,6,14,18,5,13,7,15,9,21,1,8,23,19],[6,22,14,18,10,2,5,13,7,15,17,9,21,1,16],[10,2,14,21,18,6,22,5,13,15,17,7,9,1,8,24],[6,22,14,18,2,10,13,5,7,15,17,9,21,1,8,23,16],[10,6,18,22,14,2,13,5,15,17,7,9,21,1,16],[18,6,22,10,14,2,5,13,7,15,17,9,21,1,8,23,16],[2,6,10,14,18,22,5,13,15,17,7,9,1,21,16],[18,22,14,2,6,10,13,5,15,17,7,1,9,21,16],[18,2,6,10,14,22,5,13,7,15,17,9,1,21,8,23,16],[10,2,14,22,18,6,13,5,7,15,17,9,1,21,16],[18,22,2,6,10,14,5,13,7,15,17,9,1,21,8,24],[10,18,22,14,2,6,13,5,7,15,17,9,21,1,8,23,24],[18,22,6,2,10,14,13,5,7,15,17,9,1,21,16],[10,6,22,14,2,18,13,5,7,15,17,9,1,21,16],[14,10,2,18,6,22,13,5,7,15,17,9,1,21,8,23,16],[14,18,22,2,10,6,13,5,15,17,7,9,1,21,16],[10,2,18,6,22,14,13,5,15,17,7,9,1,21,8,24],[22,18,2,10,14,6,5,13,7,15,17,9,1,21,8,24],[6,10,14,22,18,2,13,5,7,15,17,9,1,21,16],[22,6,14,2,10,18,13,5,15,17,7,9,21,1,8,23,16],[6,2,10,14,22,18,13,5,15,17,7,9,21,1,8,23,16],[10,6,14,2,18,22,13,5,7,15,17,9,1,21,16],[14,10,18,2,6,22,5,13,7,15,17,9,1,21,16],[10,6,14,22,18,2,13,5,7,15,17,9,1,21,8,24],[18,10,2,22,6,14,13,5,15,17,7,9,1,21,8,23,16],[14,6,22,18,10,2,13,5,15,17,7,9,1,21,16],[2,18,14,21,6,10,22,5,13,7,15,17,9,1,8,16],[22,6,10,2,18,14,5,13,15,17,7,9,21,1,8,24],[6,10,22,2,14,18,13,5,7,15,17,9,1,21,16],[18,22,6,10,13,2,14,5,15,17,7,9,1,21,8,24],[18,14,2,10,5,22,6,13,7,15,17,9,21,1,8,24],[6,14,2,22,10,18,5,13,7,15,17,9,1,21,16],[2,6,22,18,14,10,13,5,15,17,7,9,21,1,16],[2,18,14,6,10,22,13,5,15,17,7,9,1,21,16],[10,22,18,2,6,14,13,5,7,15,17,9,1,21,16],[14,6,22,18,2,10,5,13,15,17,7,9,1,21,8,23,16],[2,18,10,14,6,22,5,13,15,17,7,9,21,1,8,23,16],[6,18,22,2,14,10,5,13,7,15,17,9,21,1,16],[6,14,18,10,2,22,5,13,7,15,17,9,1,21,8,24],[14,6,18,10,22,2,5,13,15,17,7,9,21,1,16],[14,6,2,18,10,22,5,13,15,17,7,9,1,21,8,23,24],[14,18,6,10,2,22,5,13,7,15,17,9,1,21,16],[10,18,6,2,22,14,13,5,15,17,7,9,21,1,8,23,16],[22,2,18,10,14,6,5,13,7,15,17,9,21,1,8,24],[14,2,10,6,18,22,5,13,7,15,17,9,1,21,16],[18,6,14,2,10,22,5,13,15,17,7,9,21,1,16],[10,2,18,22,14,6,5,13,7,15,17,9,21,1,8,23,16],[22,14,18,2,10,6,5,13,15,17,7,9,1,21,8,23],[10,14,6,18,2,22,13,5,7,15,17,9,1,21,16],[14,6,10,18,2,22,5,13,7,15,17,9,1,21,8,23,16],[2,22,18,14,10,6,5,13,7,15,17,9,21,1,8,16],[22,10,18,14,2,6,13,5,7,15,17,9,1,21,8,24],[2,14,18,6,22,10,5,13,7,15,17,9,1,21,8,16],[14,2,22,18,6,10,5,13,7,15,17,9,1,21,8,23,24],[22,10,2,14,6,18,13,5,7,15,17,9,1,21,16],[22,14,10,6,2,17,18,13,5,7,15,9,1,21,8,23,24],[6,22,14,18,10,2,5,13,7,15,17,1,9,21,8,23,24],[2,10,22,6,18,14,5,13,7,15,17,9,1,21,8,24],[14,22,2,6,10,18,13,5,7,15,17,9,1,21,16],[2,18,6,22,10,14,13,5,7,15,17,9,21,1,16],[22,18,10,14,6,2,13,5,15,17,7,9,21,1,8,23,24],[14,22,2,18,6,10,13,5,7,15,17,9,1,21,8,23,24],[6,10,22,14,2,18,13,5,15,17,7,9,1,21,8,23,16],[6,10,18,2,14,22,5,13,7,15,17,9,1,21,16],[10,2,18,6,22,14,13,5,15,17,7,9,1,21,8,23,16],[6,2,18,22,14,10,13,5,7,15,17,9,1,21,16],[14,18,2,9,6,22,13,5,7,15,17,1,21,16],[18,2,14,22,10,6,5,13,7,15,17,9,1,21,8,24],[18,22,10,14,6,2,5,13,7,15,17,9,1,21,8,23,19],[6,14,18,22,2,9,13,5,7,15,17,21,1,8,10,24],[22,10,14,6,18,2,5,13,15,17,7,9,1,21,8,23,16],[22,18,14,2,6,10,13,5,15,17,7,9,1,21,16],[18,6,22,14,2,10,13,5,7,15,17,9,1,21,16],[18,22,14,6,2,10,5,13,15,17,7,9,1,21,16],[6,18,2,14,10,22,5,13,15,17,7,9,1,21,8,23,16],[18,2,10,6,14,22,13,5,15,17,7,9,1,21,8,24],[6,2,22,10,18,14,13,5,7,15,17,9,21,1,8,16],[2,10,14,22,18,6,5,13,15,17,7,9,21,1,8,23,24],[22,10,2,14,6,18,13,5,15,17,7,9,1,24,8,21],[18,22,10,14,6,2,5,13,15,17,7,9,21,1,16],[22,14,2,6,10,18,13,5,7,15,17,9,1,21,8,23,16],[10,22,6,14,18,2,13,5,7,15,17,9,1,21,8,23,24],[10,18,2,6,22,14,13,5,15,17,7,9,21,1,16],[21,18,10,14,6,2,22,13,5,7,15,17,9,1,16],[10,22,6,14,18,2,5,13,7,15,17,9,1,21,8,19],[6,10,14,2,22,18,13,5,15,17,7,9,21,1,16],[14,18,22,10,5,2,6,13,15,17,7,1,9,21,8,24],[18,2,6,14,22,10,13,5,15,17,7,9,21,1,16],[22,2,18,10,14,6,5,13,7,15,17,9,1,21,8,23,20],[9,14,18,22,6,2,13,5,7,15,17,21,1,8,10,23,20],[2,22,18,10,14,6,13,5,7,15,17,9,21,1,8,23,24],[14,22,6,10,2,18,5,13,7,15,17,9,21,1,8,16],[2,6,14,18,22,10,5,13,7,15,17,9,1,21,8,24],[2,18,10,14,22,6,13,5,15,17,7,9,1,21,8,23,16],[22,10,6,2,18,14,13,5,7,15,17,9,21,1,16],[6,10,14,18,2,22,13,5,7,15,17,9,1,21,16],[6,22,2,18,14,10,13,5,15,17,7,9,21,1,16],[2,22,10,6,18,14,5,13,15,17,7,9,1,21,8,23,16],[6,18,2,10,22,14,5,13,7,15,17,9,1,21,16],[22,6,14,18,2,10,13,5,15,17,7,9,1,21,16],