{"problem_id":"votLcGSev6cF7u9","sigma":75,"alpha":10.000,"cost":1,"probabilities":"[0.19, 0.28, 0.24, 0.29]","payoff_matrix":"[[50, 34, -158, -87, -2, 8], [33, -35, -65, 6, 29, -35], [57, -56, 16, 15, -9, -43], [-27, -75, 106, -42, -85, 40]]","uncovered":[[4,12,8,20,24,10,22,16,23,2,11,3,1,9],[12,8,24,10,22,4,20,16,11,23,2,3,9,14,6,15],[8,12,24,22,20,16,4,10,11,23,2,3,9,14,6,15],[8,4,12,16,24,10,22,20,23,2,3,11,9,14,6,15],[4,8,24,12,10,22,20,16,11,23,2,3,1,9],[12,20,24,10,22,16,4,8,11,23,2,3,1,9],[8,24,4,12,10,22,20,16,23,2,11,3,9,14,6,15],[4,20,8,16,24,12,10,22,23,2,3,11,9,14,6,15],[12,24,22,16,8,20,4,10,11,23,2,3,9,14,6,15],[12,24,22,4,8,20,16,10,11,23,2,3,9,14,6,15],[12,8,20,16,24,22,4,10,11,23,2,3,1,9],[16,4,20,12,8,24,10,22,11,23,2,3,1,9],[16,12,20,8,4,24,22,10,11,23,2,3,9,14,6,15],[16,20,24,4,12,22,8,10,11,23,2,3,9,14,6,15],[8,4,16,20,12,24,10,22,23,2,3,11,1,9],[20,12,4,16,24,22,8,10,23,2,3,11,9,14,6,15],[24,16,12,22,18,20,4,8,10,11,23,2,3,9,14,6],[20,4,12,16,24,22,6,10,11,23,2,3,9,8,14,15],[8,16,20,4,12,24,22,10,23,2,11,3,9,14,6,15],[12,20,24,10,22,8,4,16,11,23,2,3,9,14,6,15],[12,16,4,20,8,24,22,10,11,23,2,3,9,14,6,15],[12,22,4,20,8,16,10,2,3,11,9,24,23,14,15,6],[4,8,20,24,16,12,10,22,23,2,11,3,1,9],[16,8,12,24,22,20,4,10,11,23,2,3,9,14,6,15],[8,24,16,12,22,4,20,10,11,23,2,3,9,14,6,15],[4,16,24,12,10,22,8,20,23,2,11,3,9,14,7,15],[16,20,4,24,12,22,6,10,11,23,2,3,9,8,14,15],[12,14,4,20,24,10,22,8,16,11,23,2,3,9,6,15],[8,16,4,20,24,12,22,10,11,23,2,3,1,9],[8,20,12,16,24,10,22,4,11,23,2,3,1,9],[24,20,4,12,10,22,8,16,11,23,2,3,9,14,6,15],[4,20,16,8,24,12,10,22,23,2,11,3,1,9],[20,4,24,12,10,22,16,8,23,2,3,11,9,14,7,15],[20,4,24,12,10,22,8,16,11,23,2,3,1,9],[16,4,12,24,10,22,8,20,23,2,11,3,1,9],[16,20,24,12,10,22,8,4,23,2,11,3,9,14,6,15],[12,8,20,24,22,16,4,10,23,2,3,11,9,14,6,15],[24,4,16,8,12,10,22,20,23,2,11,3,9,14,6,15],[12,20,4,24,10,22,8,16,23,2,3,11,1,9],[20,16,24,8,12,10,22,4,11,23,2,3,1,9],[12,16,24,10,22,18,20,4,8,11,23,2,3,1,9],[20,12,8,4,24,22,14,16,10,23,2,3,11,1,9],[24,8,4,12,10,22,16,20,23,2,11,3,9,14,6,15],[4,16,8,12,24,10,22,20,11,23,2,3,9,14,6,15],[8,24,20,16,12,22,4,10,11,23,2,3,9,14,6,15],[4,20,24,8,12,10,22,16,11,23,2,3,1,9],[16,4,12,6,24,22,20,10,11,23,2,3,9,8,14,15],[8,20,16,12,24,22,4,10,23,2,11,3,1,9],[8,20,12,16,2,4,22,10,3,11,9,24,23,14,6,15],[20,12,16,8,4,24,10,22,11,23,2,3,1,9],[24,4,12,10,22,8,16,20,23,2,11,3,1,9],[24,20,8,4,12,10,22,16,23,2,3,11,9,14,6,15],[12,16,20,4,8,24,22,10,23,2,3,11,1,9],[8,4,16,24,20,12,22,10,23,2,3,11,9,14,6,15],[8,20,12,24,10,22,16,4,23,2,11,3,9,14,6,15],[16,24,4,12,10,22,20,8,11,23,2,3,1,9],[20,16,4,8,24,12,22,10,23,2,3,11,9,14,6,15],[20,12,24,22,16,2,4,8,10,11,23,3,9,14,6,15],[20,4,12,16,24,22,8,10,23,2,3,11,9,14,6,15],[12,24,10,22,8,20,4,16,23,2,11,3,9,14,6,15],[4,20,12,22,16,8,10,2,3,11,1,9,24,23],[8,20,12,24,10,22,14,4,16,11,23,2,3,9,6,15],[12,22,16,20,2,4,8,10,11,3,1,9,24,23],[16,4,12,8,24,22,20,10,11,23,2,3,9,14,6,15],[4,20,12,24,10,22,16,8,23,2,11,3,1,9],[4,20,16,12,24,22,8,10,11,23,2,3,9,14,6,15],[4,12,24,10,22,8,16,20,11,23,2,3,9,14,6,15],[24,20,4,8,12,22,16,10,11,23,2,3,9,14,6,15],[24,20,4,12,10,22,16,8,23,2,11,3,9,14,6,15],[24,4,20,8,12,22,16,10,11,23,2,3,9,14,6,15],[2,20,16,8,24,4,10,22,23,14,3,12,11,1,9],[12,20,8,14,24,10,22,4,16,23,2,3,11,1,9],[12,20,24,22,16,4,8,10,11,23,2,3,9,14,6,15],[8,12,20,4,16,22,10,2,11,3,1,9,24,23],[24,4,12,22,20,16,8,10,23,2,11,3,1,9],[4,8,12,16,20,24,22,10,23,2,11,3,1,9],[20,4,12,16,6,24,10,22,11,23,2,3,1,9,8],[4,12,20,16,6,24,10,22,23,2,11,3,9,8,14,15],[24,16,18,20,8,4,12,22,10,11,23,2,3,9,14,6,15],[20,8,12,22,4,16,10,2,3,11,9,24,23,14,6,15],[16,24,12,22,4,20,8,10,11,23,2,3,1,9],[16,4,20,8,24,12,10,22,11,23,2,3,9,14,6,15],[4,16,20,24,12,10,22,8,23,2,11,3,9,14,6,15],[10,20,4,24,16,8,22,2,23,14,3,12,11,9,6,15],[20,12,24,22,4,16,8,10,23,2,11,3,1,9],[20,24,16,4,8,12,22,10,23,2,11,3,1,9],[16,20,8,4,12,24,22,10,11,23,2,3,1,9],[12,4,20,16,24,22,8,10,23,2,3,11,9,14,15,6],[12,14,20,2,4,24,10,22,8,16,23,3,11,9,6,15],[4,24,20,8,16,12,10,22,11,23,2,3,1,9],[12,24,22,8,18,20,16,4,10,23,2,3,11,1,9],[12,24,10,22,4,20,8,16,11,23,2,3,1,9],[8,20,24,16,4,12,10,22,11,23,2,3,1,9],[20,4,24,12,10,22,16,8,11,23,2,3,1,9],[16,20,4,12,24,22,6,10,11,23,2,3,9,8,14,15],[20,16,4,24,12,22,8,10,11,23,2,3,1,9],[4,24,16,8,20,12,22,10,11,23,2,3,1,9],[24,4,8,20,16,12,10,22,23,2,3,11,1,9],[20,16,8,24,4,12,10,22,11,23,2,3,1,9],[4,20,12,8,24,22,16,10,23,2,3,11,9,14,6,15],[4,12,24,10,22,20,16,8,11,23,2,3,9,14,6,15],[12,24,10,22,4,20,8,14,16,11,23,2,3,1,9],[24,20,8,16,4,12,22,10,23,2,11,3,9,14,6,15],[20,8,4,12,16,24,22,10,11,23,2,3,9,14,6,15],[12,16,8,4,24,10,22,20,11,23,2,3,1,9],[20,8,12,4,24,22,16,10,11,23,2,3,9,14,6,15],[20,4,8,12,24,10,22,16,23,2,3,11,1,9],[4,8,12,20,16,24,10,22,11,23,2,3,9,14,6,15],[20,4,16,8,12,22,10,2,11,3,1,9,24,23],[4,8,24,20,12,22,16,10,11,23,2,3,1,9],[16,4,12,24,10,22,20,8,11,23,2,3,9,14,6,15],[16,24,8,12,10,22,4,20,23,2,3,11,9,14,6,15],[20,12,24,22,8,4,16,10,23,2,3,11,9,14,6,15],[8,4,20,16,24,12,22,10,23,2,3,11,9,14,6,15],[24,4,20,16,8,12,22,10,11,23,2,3,9,14,6,15],[8,24,20,4,12,10,22,16,11,23,2,3,1,9],[4,16,12,20,8,24,10,22,11,23,2,3,1,9],[4,24,20,12,22,8,14,16,10,11,23,2,3,1,9],[16,24,4,12,22,18,20,8,10,23,2,3,11,1,9],[8,16,4,24,12,10,22,20,11,23,2,3,9,14,6,15],[16,12,24,10,22,8,20,4,23,2,11,3,1,9],[20,4,12,24,10,22,8,16,23,2,11,3,9,14,6,15],[8,24,12,22,2,4,16,20,10,23,3,11,9,14,6,15],[24,16,8,4,20,12,22,10,23,2,3,11,9,14,6,15],[8,16,4,20,12,24,10,22,11,23,2,3,1,9],[24,20,8,4,12,22,16,10,23,2,11,3,1,9],[16,24,12,22,8,2,4,20,10,11,23,3,1,9],[24,12,10,22,4,16,20,8,23,2,3,11,1,9],[12,8,20,4,24,10,22,16,23,2,11,3,1,9],[16,8,20,12,24,22,4,10,23,2,11,3,9,14,6,15],[12,16,4,24,22,8,20,10,23,2,3,11,9,14,6,15],[16,20,8,12,24,10,22,4,11,23,2,3,9,14,6,15],[24,20,8,16,12,22,4,10,23,2,11,3,1,9],[12,8,24,22,16,4,20,10,11,23,2,3,1,9],[4,20,16,24,8,12,10,22,23,2,11,3,1,9],[24,20,12,22,4,16,8,10,11,23,2,3,1,9],[4,24,8,16,20,12,22,10,11,23,2,3,1,9],[16,24,20,12,10,22,4,8,23,2,3,11,9,14,6,15],[24,4,20,12,10,22,8,16,23,2,11,3,1,9],[12,16,8,24,10,22,4,20,23,2,11,3,9,14,6,15],[16,20,8,24,12,22,4,10,11,23,2,3,9,14,6,15],[12,4,24,10,22,8,20,16,23,2,11,3,1,9],[20,16,12,8,4,24,22,10,23,2,3,11,9,14,6,15],[20,16,24,8,4,12,22,10,11,23,2,3,1,9],[8,20,24,16,4,12,22,10,23,2,3,11,9,14,6,15],[12,20,24,22,16,4,8,10,11,23,2,3,1,9],[20,4,16,12,8,24,10,22,23,2,3,11,9,14,6,15],[4,24,8,12,22,16,18,20,10,11,23,2,3,1,9],[4,24,8,16,12,22,20,10,23,2,11,3,9,14,6,15],[24,16,8,4,12,22,18,20,10,23,2,11,3,1,9],[12,8,20,4,24,22,16,10,11,23,2,3,9,14,6,15],[20,8,12,4,16,22,2,10,3,11,1,9,24,23],[4,24,16,20,12,10,22,8,11,23,2,3,1,9],[8,4,20,24,12,10,22,16,11,23,2,3,1,9],[8,12,24,10,22,20,4,16,23,2,11,3,9,14,6,15],[16,4,24,12,10,22,8,20,23,2,11,3,9,14,6,15],[4,20,12,8,16,24,22,10,11,23,2,3,9,14,6,15],[16,8,24,20,4,12,10,22,23,2,3,11,9,14,6,15],[16,4,12,8,20,24,10,22,23,2,11,3,9,14,6,15],[16,8,20,4,12,24,22,10,11,23,2,3,9,14,6,15],[24,20,16,4,12,22,8,10,11,23,2,3,9,14,6,15],[8,20,24,12,22,16,4,10,11,23,2,3,9,14,6,15],[4,24,8,20,12,10,22,16,11,23,2,3,1,9],[4,16,12,8,24,22,20,10,23,2,3,11,1,9],[16,4,24,8,20,12,10,22,11,23,2,3,1,9],[20,16,4,8,12,22,2,10,3,11,9,24,23,14,6,15],[20,24,12,22,4,16,8,10,23,2,3,11,1,9],[8,16,12,4,24,22,20,10,23,2,11,3,9,14,6,15],[20,4,8,16,12,24,10,22,23,2,3,11,1,9],[8,20,4,12,16,24,22,10,11,23,2,3,9,14,6,15],[4,12,20,8,24,22,16,10,11,23,2,3,9,14,6,15],[12,4,18,20,16,22,8,10,2,11,3,9,24,23,14,6],[4,24,12,10,22,20,8,16,23,2,3,11,1,9],[4,12,20,16,6,24,10,22,11,23,2,3,1,9,8],[8,24,4,16,20,12,22,10,23,2,3,11,9,14,6,15],[24,20,12,22,16,4,8,10,23,2,11,3,1,9],[8,24,20,12,10,22,4,16,11,23,2,3,9,14,6,15],[24,12,22,16,2,4,8,18,20,10,23,3,11,1,9],[10,16,4,20,24,8,22,2,23,14,3,12,11,9,6,15],[20,24,16,8,12,10,22,4,11,23,2,3,1,9],[8,4,20,16,24,12,10,22,11,23,2,3,1,9],[4,8,16,12,20,24,22,10,11,23,2,3,1,9],[4,16,24,8,20,12,22,10,23,2,3,11,9,14,6,15],[20,16,4,24,8,12,22,10,23,2,3,11,9,14,6,15],[8,4,20,16,12,24,10,22,11,23,2,3,9,14,5,6,15],[24,12,22,4,16,20,8,10,23,2,3,11,9,14,6,15],[12,8,16,4,24,22,20,10,23,2,3,11,9,14,6,15],[16,24,8,4,12,10,22,20,23,2,11,3,9,14,6,15],[8,12,4,20,24,22,16,10,23,2,11,3,1,9],[8,12,16,20,24,22,2,4,10,23,3,11,9,14,6,15],[12,22,8,20,4,16,2,10,11,3,1,9,24,23],[4,8,20,12,24,22,16,10,11,23,2,3,9,14,6,15],[12,8,4,16,24,22,20,10,23,2,3,11,9,14,6,15],[12,16,20,4,24,22,8,10,23,2,3,11,1,9],[20,12,24,10,22,4,16,8,23,2,11,3,1,9],[2,12,4,24,10,22,8,16,20,11,23,3,9,14,6,15],[24,16,4,12,10,22,20,8,11,23,2,3,1,9],[24,16,4,12,10,22,8,20,11,23,2,3,9,14,6,15],[20,16,12,6,24,22,4,10,23,2,3,11,1,9,8],[12,14,4,8,24,22,20,16,10,23,2,11,3,9,6,15],[20,24,8,4,12,22,16,10,11,23,2,3,9,14,6,15],[8,24,4,16,12,10,22,20,23,2,11,3,1,9],[24,4,8,20,12,22,16,10,23,2,11,3,1,9],[24,4,8,12,10,22,20,16,11,23,2,3,9,14,5,6,15],[24,16,20,12,10,22,4,8,11,23,2,3,1,9],[20,16,12,8,24,22,4,10,23,2,11,3,1,9],[16,20,12,8,24,22,4,10,23,2,3,11,9,14,6,15],[12,24,10,22,8,16,20,4,11,23,2,3,9,14,6,15],[8,16,4,20,24,12,10,22,11,23,2,3,9,14,6,15],[16,20,12,4,24,10,22,8,11,23,2,3,9,14,6,15],[12,16,22,20,4,6,2,10,11,3,1,9,8,24,23],[12,4,6,24,10,22,16,20,23,2,3,11,9,8,14,15],[16,12,4,20,24,22,8,10,23,2,3,11,1,9],[16,4,8,24,20,12,22,10,23,2,3,11,1,9],[4,24,20,8,12,10,22,16,23,2,3,11,1,9],[16,24,12,10,22,8,20,4,23,2,11,3,1,9],[4,16,24,20,8,12,22,10,23,2,11,3,9,14,6,15],[24,20,16,4,12,10,22,8,23,2,3,11,1,9],[24,16,8,12,10,22,4,20,11,23,2,3,9,14,6,15],[24,8,12,10,22,20,4,16,23,2,3,11,9,14,6,15],[20,12,4,16,8,24,22,10,23,2,3,11,1,9],[8,24,4,12,22,20,16,10,11,23,2,3,1,9],[20,16,8,4,24,12,10,22,23,2,3,11,9,14,6,15],[12,8,16,24,22,2,4,20,10,23,11,3,1,9],[24,20,8,4,12,22,16,10,11,23,2,3,9,14,6,15],[8,24,20,12,22,2,4,16,10,23,3,11,9,14,6,15],[4,8,24,12,10,22,20,16,23,2,11,3,9,14,6,15],[16,12,24,22,4,8,20,10,11,23,2,3,1,9],[24,12,10,22,20,4,8,16,23,2,11,3,1,9],[24,16,20,4,8,12,22,10,11,23,2,3,1,9],[20,24,8,16,4,12,22,10,11,23,2,3,9,14,6,15],[12,20,24,10,22,4,8,16,11,23,2,3,9,14,6,15],[24,12,10,22,8,4,16,20,23,2,3,11,1,9],[20,12,8,14,24,10,22,4,16,11,23,2,3,9,6,15],[8,20,24,12,10,22,16,4,11,23,2,3,1,9],[8,24,20,12,10,22,4,16,23,2,11,3,1,9],[16,24,20,6,12,22,4,10,11,23,2,3,9,8,14,15],[12,4,8,16,20,24,22,10,23,2,11,3,9,14,6,15],[8,4,12,16,24,22,20,10,11,23,2,3,1,9],[8,24,4,16,12,22,20,10,11,23,2,3,9,14,6,15],[12,2,4,24,10,22,20,8,16,11,23,3,1,9],[4,12,24,22,20,16,8,10,23,2,3,11,1,9],[24,8,20,16,4,12,22,10,11,23,2,3,9,14,6,15],[8,12,4,20,24,22,16,10,23,2,11,3,1,9],[24,16,4,12,22,20,8,10,23,2,3,11,9,14,6,15],[8,12,2,4,16,20,24,10,22,11,23,3,9,14,6,15],[16,8,12,20,24,10,22,4,23,2,3,11,9,14,6,15],[12,14,8,20,24,10,22,4,16,11,23,2,3,9,6,15],[12,20,16,24,22,8,4,10,11,23,2,3,9,14,6,15],[20,8,12,24,22,2,4,16,10,23,3,11,1,9],[24,8,12,22,16,20,4,10,11,23,2,3,9,14,6,15],[16,12,4,8,24,10,22,20,11,23,2,3,1,9],[24,20,8,12,10,22,4,16,23,2,3,11,9,14,6,15],[12,16,2,4,24,10,22,20,8,11,23,3,1,9],[20,16,24,4,8,12,10,22,11,23,2,3,9,14,6,15],[12,24,10,22,8,4,20,16,11,23,2,3,1,9],[8,4,24,16,12,22,20,10,23,2,11,3,1,9],[4,8,16,12,20,24,10,22,11,23,2,3,9,14,6,15],[16,4,24,20,12,22,8,10,23,2,3,11,1,9],[16,8,12,20,24,10,22,4,11,23,2,3,1,9],[16,20,4,8,12,24,10,22,23,2,3,11,9,14,6,15],[12,20,8,4,24,10,22,16,23,2,11,3,1,9],[8,16,20,24,12,10,22,4,11,23,2,3,9,14,6,15],[24,4,12,10,22,16,8,20,11,23,2,3,1,9],[24,12,22,8,18,20,16,4,10,23,2,11,3,1,9],[20,12,8,16,24,10,22,4,23,2,3,11,9,14,6,15],[24,20,4,16,12,22,8,10,23,2,3,11,1,9],[4,12,20,8,16,24,22,10,23,2,11,3,9,14,6,15],[4,12,14,20,24,22,8,16,10,11,23,2,3,9,6,15],[12,14,4,24,10,22,8,20,16,23,2,3,11,9,6,15],[8,4,20,12,16,24,10,22,23,2,3,11,9,14,6,15],[4,16,12,24,10,22,20,8,11,23,2,3,1,9],[4,8,24,20,16,12,22,10,23,2,11,3,9,14,6,15],[12,8,24,22,20,16,2,4,10,11,23,3,1,9],[8,24,16,12,22,20,4,10,23,2,11,3,1,9],[4,24,12,10,22,16,20,8,23,2,3,11,9,14,6,15],[24,16,12,10,22,4,20,8,11,23,2,3,1,9],[20,8,24,4,12,10,22,16,23,2,3,11,1,9],[24,16,12,22,4,18,20,8,10,11,23,2,3,9,14,6],[16,4,12,24,10,22,20,8,23,2,11,3,9,14,6,15],[20,24,16,8,4,12,22,10,23,2,3,11,1,9],[20,16,8,12,2,4,22,10,11,3,9,24,23,14,6,15],[4,12,20,16,8,22,10,2,3,11,9,24,23,14,6,15],[4,8,20,12,24,10,22,16,11,23,2,3,1,9],[12,20,2,4,8,24,22,16,10,11,23,3,9,14,6,15],[16,12,20,8,4,24,10,22,11,23,2,3,1,9],[8,12,4,20,16,24,10,22,23,2,11,3,1,9],[16,20,24,12,22,8,4,10,23,2,11,3,9,14,6,15],[8,16,20,12,4,24,22,10,11,23,2,3,1,9],[24,20,8,4,16,12,10,22,11,23,2,3,1,9],[20,16,8,4,24,12,22,10,23,2,3,11,1,9],[4,20,24,12,22,8,14,16,10,11,23,2,3,9,6,15],[16,8,4,12,24,22,20,10,11,23,2,3,1,9],[16,8,12,20,2,4,24,22,10,11,23,3,9,14,6,15],[8,16,4,24,12,22,20,10,11,23,2,3,9,14,6,15],[2,24,4,8,16,20,12,22,10,23,11,3,9,14,6,15],[24,16,12,10,22,4,8,20,11,23,2,3,1,9],[4,12,24,10,22,8,16,20,11,23,2,3,1,9],[12,16,24,10,22,4,8,20,23,2,3,11,9,14,6,15],[8,20,12,4,16,24,22,10,23,2,11,3,9,14,6,15],[24,8,16,20,4,12,10,22,11,23,2,3,9,14,6,15],[24,8,20,4,16,12,10,22,23,2,3,11,9,14,6,15],[8,20,12,16,4,24,10,22,11,23,2,3,1,9],[16,4,24,8,12,22,20,10,11,23,2,3,1,9],[4,16,8,20,12,24,10,22,11,23,2,3,9,14,6,15],[16,8,24,4,20,12,10,22,11,23,2,3,1,9],[16,24,8,4,20,12,10,22,23,2,11,3,9,14,6,15],[4,12,24,10,22,16,20,8,11,23,2,3,9,14,6,15],[12,8,20,16,24,22,4,10,23,2,11,3,1,9],[24,20,12,22,4,8,16,10,11,23,2,3,9,14,6,15],[8,20,24,4,16,12,10,22,11,23,2,3,9,14,6,15],[12,2,4,16,20,8,24,22,10,11,23,3,9,14,6,15],[24,12,10,22,4,20,16,8,11,23,2,3,9,14,6,15],[4,16,24,20,8,12,22,10,11,23,2,3,9,14,6,15],[20,4,24,16,12,22,8,10,23,2,11,3,1,9],[20,12,24,22,4,8,16,10,23,2,3,11,1,9],[4,8,12,24,10,22,20,16,11,23,2,3,9,14,6,15],[16,8,12,24,22,20,4,10,23,2,3,11,9,14,6,15],[12,4,8,24,22,16,18,20,10,23,2,11,3,9,14,15,6],[12,8,2,4,20,24,10,22,16,11,23,3,9,14,6,15],[12,24,22,20,6,4,16,10,11,23,2,3,1,9,8],[16,12,8,2,4,22,20,10,3,11,1,9,24,23],[12,16,20,4,8,24,22,10,11,23,2,3,1,9],[16,20,8,12,24,10,22,4,23,2,3,11,1,9],[12,2,4,24,10,22,8,20,16,23,3,11,9,14,6,15],[4,16,20,8,24,12,22,10,23,2,11,3,9,14,6,15],[8,24,20,12,10,22,16,4,23,2,3,11,9,14,6,15],[24,16,20,12,22,4,8,10,23,2,3,11,1,9],[24,16,4,20,8,12,10,22,23,2,3,11,9,14,6,15],[12,20,22,4,8,16,2,10,3,11,9,24,23,14,6,15],[8,20,4,16,24,12,22,10,23,2,11,3,1,9],[24,4,20,8,12,22,16,10,23,2,3,11,1,9],[8,16,12,24,10,22,20,4,23,2,11,3,1,9],[20,16,12,4,8,24,22,10,23,2,11,3,1,9],[16,8,20,4,12,24,22,10,23,2,3,11,9,14,6,15],[8,24,16,12,10,22,20,4,23,2,11,3,1,9],[24,16,8,4,12,22,20,10,11,23,2,3,9,14,6,15],[20,8,4,16,12,24,10,22,11,23,2,3,1,9],[8,24,12,10,22,4,20,16,23,2,3,11,1,9],[20,24,16,8,12,22,4,10,11,23,2,3,9,14,6,15],[4,12,16,20,8,24,10,22,11,23,2,3,9,14,6,15],[24,20,12,22,4,16,8,10,23,2,3,11,1,9],[24,8,4,16,20,12,22,10,23,2,11,3,1,9],[24,4,12,22,20,8,16,10,23,2,11,3,9,14,6,15],[24,12,22,20,4,8,14,16,10,23,2,11,3,1,9],[8,16,20,4,24,12,10,22,11,23,2,3,1,9],[8,20,12,24,22,16,4,10,11,23,2,3,1,9],[20,4,24,8,16,12,22,10,11,23,2,3,9,14,6,15],[16,8,12,4,20,24,10,22,23,2,11,3,9,14,7,15],[8,12,4,24,10,22,16,20,23,2,11,3,1,9],[12,16,4,24,10,22,8,20,23,2,3,11,1,9],[20,8,12,24,10,22,16,4,11,23,2,3,9,14,6,15],[16,12,20,24,10,22,8,4,11,23,2,3,9,14,6,15],[4,8,20,24,12,22,16,10,23,2,11,3,1,9],[24,16,12,22,4,20,8,10,23,2,11,3,9,14,6,15],[24,8,4,16,12,22,20,10,11,23,2,3,9,14,6,15],[12,16,20,2,4,8,24,10,22,23,3,11,1,9],[8,20,24,16,12,10,22,4,11,23,2,3,1,9],[20,8,4,12,24,10,22,16,23,2,3,11,1,9],[20,4,8,16,24,12,10,22,23,2,11,3,9,14,6,15],[20,8,12,4,24,10,22,16,11,23,2,3,9,14,6,15],[12,8,4,18,20,16,24,10,22,11,23,2,3,1,9],[24,16,20,8,4,12,22,10,11,23,2,3,1,9],[24,4,12,10,22,16,20,8,23,2,11,3,1,9],[8,20,16,12,24,10,22,4,23,2,3,11,9,14,6,15],[12,20,24,10,22,8,4,16,23,2,3,11,1,9],[16,4,20,12,24,22,8,10,23,2,3,11,9,14,6,15],[20,12,4,8,24,10,22,16,23,2,3,11,1,9],[20,16,12,8,24,10,22,4,23,2,3,11,1,9],[16,12,20,24,22,8,4,10,11,23,2,3,9,14,6,15],[24,4,16,12,22,8,20,10,23,2,3,11,9,14,6,15],[24,20,4,8,12,22,16,10,23,2,3,11,9,14,6,15],[20,4,24,8,16,12,22,10,11,23,2,3,1,9],[4,8,12,16,24,22,20,10,23,2,3,11,9,14,6,15],[20,4,12,24,22,8,16,10,23,2,3,11,1,9],[8,12,14,24,22,2,4,18,20,16,10,23,3,11,1,9],[12,4,20,22,16,8,10,2,3,11,9,24,23,14,6,15],[16,22,4,20,8,12,10,2,3,11,1,9,24,23],[24,16,8,12,22,20,2,4,10,11,23,3,1,9],[24,12,10,22,4,20,8,16,11,23,2,3,1,9],[8,24,4,16,12,22,20,10,23,2,11,3,9,14,6,15],[16,4,12,8,24,10,22,20,11,23,2,3,9,14,6,15],[8,20,4,12,24,22,14,16,10,11,23,2,3,9,6,15],[16,20,12,2,4,6,24,22,10,11,23,3,1,9,8],[12,18,20,4,8,24,22,16,10,11,23,2,3,1,9],[8,12,16,20,24,10,22,4,11,23,2,3,1,9],[16,12,24,22,2,4,8,18,20,10,11,23,3,1,9],[12,24,22,8,18,20,4,16,10,11,23,2,3,9,14,6],[20,12,24,22,14,8,4,16,10,23,2,11,3,9,6,15],[12,16,2,4,8,20,24,22,10,23,3,11,9,14,6,15],[16,24,4,12,22,20,6,10,11,23,2,3,1,9,8],[24,4,12,22,8,20,16,10,11,23,2,3,1,9],[16,24,8,20,12,10,22,4,11,23,2,3,9,14,6,15],[16,20,12,24,10,22,4,8,11,23,2,3,1,9],[12,24,22,16,20,4,8,10,23,2,11,3,1,9],[16,12,4,8,24,10,22,20,23,2,11,3,9,14,6,15],[4,8,12,20,14,24,10,22,16,23,2,11,3,1,9],[8,4,20,12,14,24,22,16,10,23,2,11,3,1,9],[20,24,8,12,22,16,4,10,23,2,11,3,1,9],[8,16,12,24,22,20,4,10,23,2,3,11,1,9],[24,16,20,4,12,10,22,8,11,23,2,3,1,9],[12,16,24,22,4,20,6,10,11,23,2,3,9,8,14,15],[20,4,12,24,22,8,14,16,10,23,2,3,11,9,6,15],[12,20,8,16,4,24,10,22,11,23,2,3,1,9],[24,20,4,8,12,22,16,10,11,23,2,3,1,9],[4,24,12,10,22,16,8,20,11,23,2,3,9,14,6,15],[12,8,24,22,16,20,4,10,11,23,2,3,1,9],[16,24,12,10,22,20,4,8,11,23,2,3,1,9],[4,20,12,16,8,24,10,22,11,23,2,3,1,9],[12,20,8,16,24,22,4,10,23,2,3,11,9,14,6,15],[24,20,8,12,10,22,4,16,11,23,2,3,1,9],[12,8,16,22,20,4,2,10,3,11,1,9,24,23],[4,16,24,8,12,22,20,10,11,23,2,3,1,9],[12,16,2,4,6,20,24,10,22,11,23,3,9,8,14,15],[24,16,12,22,2,4,8,20,10,23,3,11,9,14,7,15],[4,20,12,16,8,24,22,10,11,23,2,3,1,9],[24,4,12,10,22,8,16,20,11,23,2,3,1,9],[20,4,16,24,8,12,10,22,23,2,3,11,1,9],[24,14,20,12,10,22,4,8,16,11,23,2,3,9,6,15],[16,20,12,8,24,22,4,10,11,23,2,3,9,14,6,15],[16,4,12,8,20,24,10,22,23,2,11,3,9,14,6,15],[24,16,4,8,20,12,22,10,11,23,2,3,1,9],[12,4,24,22,16,6,20,10,23,2,11,3,1,9,8],[4,20,24,8,12,22,16,10,11,23,2,3,9,14,6,15],[24,8,4,16,20,12,10,22,11,23,2,3,9,14,6,15],[16,12,20,24,10,22,4,8,11,23,2,3,9,14,6,15],[8,24,4,20,16,12,22,10,23,2,11,3,1,9],[12,8,2,4,22,14,20,16,10,11,3,9,24,23,6,15],[12,20,2,4,8,24,10,22,16,23,11,3,9,14,6,15],[8,16,24,20,12,10,22,4,23,2,3,11,1,9],[8,20,24,16,12,10,22,4,23,2,3,11,9,14,6,15],[12,8,20,4,24,10,22,16,23,2,11,3,9,14,6,15],[8,20,24,4,16,12,10,22,23,2,3,11,9,14,6,15],[20,4,24,8,16,12,10,22,11,23,2,3,9,14,6,15],[16,4,24,8,20,12,10,22,11,23,2,3,1,9],[24,16,8,12,10,22,4,20,23,2,11,3,1,9],[4,20,8,24,16,12,10,22,11,23,2,3,9,14,6,15],[16,20,8,24,4,12,22,10,11,23,2,3,1,9],[4,24,20,16,12,10,22,8,11,23,2,3,1,9],[24,4,20,16,8,12,10,22,11,23,2,3,1,9],[20,16,4,24,8,12,22,10,11,23,2,3,9,14,6,15],[8,24,20,12,22,16,4,10,11,23,2,3,1,9],[24,12,10,22,4,16,20,8,23,2,3,11,9,14,6,15],[20,16,4,12,24,22,8,10,23,2,3,11,9,14,6,15],[4,8,16,12,24,10,22,20,23,2,11,3,9,14,6,15],[12,8,4,24,22,16,20,10,11,23,2,3,1,9],[20,16,24,8,4,12,22,10,11,23,2,3,1,9],[24,2,4,20,8,16,12,10,22,11,23,3,9,14,6,15],[12,8,24,22,16,4,18,20,10,11,23,2,3,1,9],[16,20,4,8,24,12,10,22,11,23,2,3,1,9],[4,24,16,20,8,12,10,22,23,2,3,11,1,9],[16,4,24,8,12,10,22,20,11,23,2,3,9,14,6,15],[4,16,24,20,8,12,22,10,23,2,3,11,1,9],[16,20,4,24,12,10,22,8,23,2,3,11,1,9],[4,8,12,14,20,24,22,16,10,11,23,2,3,1,9],[24,12,22,6,2,4,16,20,10,23,11,3,1,9,8],[12,22,4,16,20,8,10,2,11,3,1,9,24,23],[8,12,20,24,10,22,16,4,23,2,11,3,9,14,6,15],[8,4,16,24,12,22,20,10,11,23,2,3,9,14,6,15],[8,20,24,12,22,16,4,10,23,2,11,3,1,9],[16,4,12,8,24,22,18,20,10,23,2,3,11,9,14,6,15],[4,16,8,20,24,12,22,10,11,23,2,3,1,9],[20,4,8,12,24,22,16,10,23,2,3,11,1,9],[8,20,24,4,16,12,10,22,23,2,11,3,9,14,6,15],[12,6,20,2,4,16,24,22,10,23,3,11,1,9,8],[20,4,16,24,12,22,8,10,11,23,2,3,9,14,6,15],[8,12,24,10,22,20,4,16,23,2,3,11,1,9],[12,20,16,8,4,22,2,10,3,11,9,24,23,14,6,15],[20,8,4,24,12,10,22,16,23,2,11,3,1,9],[16,20,4,24,8,12,10,22,23,2,11,3,1,9],[16,20,4,8,12,24,22,10,23,2,11,3,9,14,6,15],[24,8,4,12,10,22,16,20,23,2,3,11,9,14,6,15],[4,24,20,12,10,22,8,16,23,2,3,11,9,14,6,15],[4,20,24,16,8,12,10,22,23,2,3,11,1,9],[8,12,16,20,24,10,22,4,23,2,11,3,1,9],[12,24,10,22,4,8,16,20,23,2,11,3,9,14,6,15],[24,8,20,4,16,12,22,10,23,2,3,11,9,14,6,15],[24,12,10,22,16,20,8,4,23,2,11,3,1,9],[4,12,8,14,22,20,16,2,10,11,3,9,24,23,6,15],[8,12,4,16,24,22,20,10,23,2,3,11,9,14,6,15],[20,4,24,12,22,8,16,10,11,23,2,3,9,14,6,15],[8,4,16,12,24,22,20,10,11,23,2,3,9,14,6,15],[16,12,8,20,24,10,22,4,23,2,11,3,1,9],[4,20,12,24,10,22,8,16,11,23,2,3,9,14,6,15],[20,12,4,8,24,22,16,10,11,23,2,3,1,9],[8,12,16,20,22,4,2,10,11,3,9,24,23,14,6,15],[24,20,16,4,12,22,6,10,11,23,2,3,9,8,14,15],[24,20,12,22,8,4,16,10,11,23,2,3,9,14,6,15],[4,20,16,12,22,8,2,10,11,3,1,9,24,23],[24,4,16,20,12,22,8,10,23,2,3,11,9,14,6,15],[20,24,8,16,4,12,10,22,11,23,2,3,9,14,6,15],[12,24,10,22,16,4,8,20,11,23,2,3,9,14,6,15],[20,4,8,16,24,12,10,22,23,2,11,3,1,9],[4,16,20,8,24,12,22,10,23,2,11,3,9,14,6,15],[12,20,8,24,22,16,4,10,11,23,2,3,9,14,6,15],[24,4,8,16,20,12,10,22,11,23,2,3,1,9],[20,12,4,16,6,24,22,10,23,2,3,11,9,8,14,15],[16,8,12,20,24,22,4,10,23,2,3,11,1,9],[20,8,12,16,24,10,22,4,11,23,2,3,9,14,6,15],[12,22,20,4,16,6,2,10,3,11,9,8,24,23,14,15],[24,16,8,4,20,12,22,10,11,23,2,3,9,14,6,15],[12,8,22,16,20,4,2,10,11,3,1,9,24,23],[8,12,4,20,16,24,22,10,11,23,2,3,1,9],[12,24,22,8,14,20,2,4,16,10,11,23,3,1,9],[8,20,4,24,12,10,22,16,23,2,3,11,9,14,6,15],[4,24,20,12,10,22,8,16,23,2,11,3,1,9],[24,4,20,16,8,12,22,10,11,23,2,3,9,14,6,15],[20,16,24,4,8,12,22,10,23,2,3,11,1,9],[24,12,10,22,16,8,4,20,23,2,11,3,1,9],[16,24,12,10,22,20,8,4,11,23,2,3,9,14,6,15],[24,12,10,22,20,4,8,16,23,2,3,11,9,14,6,15],[12,20,16,24,22,8,4,10,11,23,2,3,1,9],[24,4,8,12,10,22,16,20,23,2,3,11,9,14,6,15],[8,12,4,20,24,10,22,16,11,23,2,3,1,9],[12,8,20,16,4,24,22,10,11,23,2,3,1,9],[4,8,24,20,16,12,22,10,11,23,2,3,1,9],[24,16,20,8,12,22,4,10,23,2,11,3,1,9],[8,20,12,4,16,24,22,10,11,23,2,3,9,14,15,6],[4,24,12,10,22,16,20,8,11,23,2,3,9,14,6,15],[24,12,10,22,16,8,4,20,11,23,2,3,9,14,6,15],[20,16,4,8,24,12,22,10,23,2,11,3,1,9],[24,16,8,20,12,10,22,4,23,2,11,3,9,14,6,15],[16,20,24,12,22,4,8,10,23,2,3,11,1,9],[20,4,12,22,16,8,2,10,11,3,9,24,23,14,6,15],[20,24,4,8,12,22,16,10,11,23,2,3,9,14,6,15],[24,20,4,12,10,22,16,8,11,23,2,3,1,9],[24,12,22,14,4,18,20,8,16,10,23,2,3,11,1,9],[20,16,24,12,10,22,4,8,11,23,2,3,9,14,6,15],[4,24,16,12,10,22,8,20,23,2,11,3,1,9],[20,16,4,8,24,12,10,22,11,23,2,3,9,14,6,15],[12,4,24,10,22,8,16,20,23,2,11,3,9,14,6,15],[12,4,8,16,22,18,20,2,10,11,3,1,9,24,23],[16,20,8,12,4,24,22,10,11,23,2,3,9,14,6,15],[24,8,4,12,10,22,20,16,23,2,11,3,1,9],[8,4,16,24,12,10,22,20,11,23,2,3,1,9],[16,8,20,12,4,24,10,22,23,2,11,3,9,14,6,15],[4,24,20,16,12,10,22,8,23,2,3,11,1,9],[4,8,16,20,12,24,22,10,11,23,2,3,9,14,6,15],[4,12,22,14,20,8,16,10,2,3,11,9,24,23,6,15],[16,8,4,24,20,12,10,22,11,23,2,3,9,14,6,15],[8,16,12,24,10,22,4,20,11,23,2,3,1,9],[4,20,8,16,24,12,22,10,23,2,3,11,9,14,6,15],[20,24,16,8,4,12,10,22,23,2,3,11,9,14,6,15],[4,8,12,24,22,20,16,10,11,23,2,3,9,14,6,15],[24,12,10,22,4,20,16,8,11,23,2,3,9,14,6,15],[22,20,16,12,8,4,2,10,3,11,1,9,24,23],[8,20,4,12,16,22,10,2,3,11,1,9,24,23],[12,4,18,20,24,22,16,8,10,11,23,2,3,9,14,7,15],[16,12,20,8,24,22,4,10,11,23,2,3,9,14,6,15],[8,12,16,24,10,22,4,20,11,23,2,3,1,9],[4,8,24,20,12,22,16,10,23,2,3,11,9,14,6,15],[12,4,8,24,22,16,20,10,11,23,2,3,1,9],[4,12,8,16,24,22,20,10,11,23,2,3,1,9],[8,12,4,24,22,20,14,16,10,11,23,2,3,1,9],[24,20,4,8,16,12,22,10,23,2,11,3,9,14,6,15],[24,20,4,8,12,10,22,16,23,2,3,11,9,14,6,15],[24,16,12,10,22,8,4,20,23,2,3,11,1,9],[20,8,4,24,12,10,22,16,23,2,11,3,1,9],[24,4,20,8,12,10,22,16,11,23,2,3,9,14,6,15],[20,12,4,14,24,10,22,8,16,11,23,2,3,1,9],[4,12,8,16,24,10,22,20,11,23,2,3,1,9],[8,20,12,24,22,16,4,10,11,23,2,3,9,14,6,15],[20,12,8,16,4,24,22,10,23,2,3,11,1,9],[12,16,8,4,24,10,22,20,11,23,2,3,1,9],[4,20,16,24,12,10,22,8,23,2,3,11,1,9],[8,20,4,24,16,12,22,10,23,2,3,11,1,9],[4,12,6,20,24,10,22,16,23,2,11,3,9,8,14,15],[4,16,8,12,24,10,22,20,23,2,3,11,1,9],[16,4,12,20,24,10,22,8,11,23,2,3,1,9],[12,8,20,4,24,22,16,10,11,23,2,3,1,9],[16,4,20,12,8,24,22,10,23,2,11,3,9,14,6,15],[24,4,20,16,12,22,8,10,11,23,2,3,9,14,6,15],[24,20,4,12,10,22,16,8,11,23,2,3,9,14,6,15],[20,16,4,12,24,22,6,10,23,2,11,3,1,9,8],[16,20,8,24,12,10,22,4,23,2,3,11,9,14,6,15],[4,20,12,8,24,10,22,16,11,23,2,3,9,14,6,15],[4,24,12,22,8,20,16,10,11,23,2,3,9,14,6,15],[24,4,16,20,12,10,22,8,23,2,3,11,9,14,6,15],[16,8,24,20,4,12,22,10,11,23,2,3,9,14,6,15],[4,12,20,8,24,10,22,16,23,2,11,3,1,9],[20,16,4,8,12,24,10,22,11,23,2,3,1,9],[16,8,20,4,12,24,10,22,23,2,3,11,9,14,6,15],[4,24,8,16,12,22,18,20,10,23,2,11,3,1,9],[4,20,8,16,12,24,10,22,11,23,2,3,9,14,6,15],[8,4,16,24,20,12,22,10,11,23,2,3,9,14,6,15],[20,24,8,12,22,16,4,10,11,23,2,3,9,14,6,15],[8,12,16,20,24,22,4,10,11,23,2,3,1,9],[12,8,16,4,24,22,20,10,11,23,2,3,1,9],[12,16,24,22,8,4,20,10,23,2,11,3,9,14,6,15],[8,24,12,22,16,4,20,10,23,2,3,11,1,9],[16,8,4,24,12,22,20,10,23,2,11,3,9,14,6,15],[24,4,16,12,10,22,20,8,23,2,3,11,9,14,6,15],[16,24,12,10,22,8,20,4,23,2,11,3,9,14,6,15],[20,16,8,24,4,12,10,22,23,2,11,3,9,14,6,15],[4,16,12,18,20,24,10,22,8,23,2,3,11,1,9],[20,24,16,4,8,12,22,10,23,2,3,11,9,14,6,15],[12,8,20,16,24,10,22,4,23,2,11,3,9,14,6,15],[24,16,12,22,8,20,4,10,23,2,3,11,1,9],[4,12,16,24,10,22,20,8,23,2,11,3,1,9],[12,4,16,24,22,20,8,10,11,23,2,3,1,9],[24,20,16,8,12,10,22,4,11,23,2,3,9,14,6,15],[16,4,12,20,24,22,8,10,23,2,11,3,1,9],[12,24,10,22,16,8,20,4,23,2,11,3,9,14,6,15],[12,24,22,4,18,20,16,8,10,23,2,11,3,1,9],[24,16,8,20,12,22,4,10,23,2,11,3,9,14,6,15],[16,24,8,20,4,12,10,22,23,2,3,11,9,14,6,15],[8,4,12,20,24,22,16,10,11,23,2,3,9,14,6,15],[16,8,12,20,24,22,4,10,23,2,11,3,9,14,6,15],[20,8,24,4,12,22,16,10,11,23,2,3,9,14,6,15],[20,12,16,2,4,8,24,22,10,23,3,11,1,9],[24,16,4,8,20,12,22,10,23,2,11,3,9,14,6,15],[20,8,16,4,12,24,10,22,11,23,2,3,9,14,6,15],[12,4,14,24,10,22,8,20,16,11,23,2,3,1,9],[24,16,4,12,10,22,8,20,23,2,3,11,9,14,6,15],[4,24,20,16,8,12,10,22,23,2,3,11,1,9],[24,12,22,20,16,4,8,10,23,2,3,11,1,9],[4,16,8,24,20,12,22,10,11,23,2,3,1,9],[24,20,12,10,22,16,8,4,23,2,3,11,9,14,6,15],[20,4,8,24,12,22,16,10,23,2,3,11,9,14,6,15],[20,8,16,24,12,22,4,10,23,2,3,11,9,14,6,15],[12,24,10,22,4,16,20,8,23,2,11,3,9,14,6,15],[12,16,6,24,10,22,4,20,11,23,2,3,9,8,14,15],[20,24,8,12,10,22,16,4,11,23,2,3,1,9],[8,24,16,12,22,4,20,10,23,2,3,11,9,14,6,15],[8,20,24,4,12,10,22,16,23,2,11,3,9,14,6,15],[16,20,8,4,24,12,10,22,11,23,2,3,9,14,6,15],[24,12,10,22,16,4,20,8,11,23,2,3,1,9],[12,22,16,8,20,4,2,10,3,11,1,9,24,23],[4,8,12,24,10,22,16,20,11,23,2,3,1,9],[16,8,24,20,4,12,10,22,11,23,2,3,1,9],[8,4,12,20,14,24,22,16,10,23,2,11,3,1,9],[16,4,12,24,10,22,20,8,23,2,11,3,9,14,6,15],[24,20,16,12,10,22,4,8,23,2,11,3,9,14,6,15],[24,12,10,22,8,16,4,20,23,2,3,11,1,9],[20,4,16,24,8,12,22,10,23,2,11,3,1,9],[16,8,4,24,12,10,22,20,11,23,2,3,1,9],[8,16,20,4,24,12,22,10,23,2,3,11,1,9],[12,8,24,22,16,20,4,10,11,23,2,3,1,9],[16,4,24,20,12,10,22,8,23,2,11,3,1,9],[20,12,4,8,24,10,22,16,11,23,2,3,1,9],[24,4,8,16,20,12,10,22,11,23,2,3,1,9],[12,6,14,20,4,24,22,16,10,23,2,3,11,1,9],[20,22,4,16,8,12,10,2,3,11,1,9,24,23],[20,24,4,8,16,12,10,22,23,2,11,3,9,14,7,15],[8,4,12,22,20,14,16,10,2,11,3,1,9,24],[4,24,8,16,12,22,20,10,11,23,2,3,1,9],[20,4,24,16,12,10,22,8,23,2,11,3,9,14,6,15],[14,8,20,24,4,12,22,16,10,23,2,3,11,1,9],[24,16,4,12,22,8,20,10,23,2,3,11,9,14,6,15],[8,12,20,22,14,4,16,10,2,3,11,9,24,23,6,15],[20,24,16,8,4,12,10,22,23,2,11,3,9,14,6,15],[12,8,16,24,22,4,20,10,11,23,2,3,9,14,6,15],[4,20,8,16,24,12,22,10,11,23,2,3,9,14,6,15],[24,20,4,12,22,16,8,10,11,23,2,3,1,9],[8,4,12,16,22,20,9,2,10,24,23,14,3,6,15],[12,20,24,10,22,16,4,8,23,2,11,3,9,14,6,15],[18,12,20,4,24,22,8,16,10,11,23,2,3,9,14,6,15],[12,16,22,8,4,20,10,2,3,11,1,9,24,23],[4,20,8,24,16,12,22,10,23,2,11,3,1,9],[24,16,12,22,20,4,8,10,11,23,2,3,9,14,6,15],[20,24,12,22,16,2,4,8,10,23,3,11,9,14,6,15],[24,12,10,22,8,4,20,16,11,23,2,3,9,14,6,15],[12,16,24,10,22,8,20,4,23,2,3,11,1,9],[8,2,12,4,24,22,16,20,10,11,23,3,9,14,6,15],[12,20,8,24,10,22,16,4,23,2,11,3,9,14,6,15],[12,24,22,8,16,20,2,4,10,11,23,3,1,9],[16,20,24,12,10,22,8,4,23,2,3,11,1,9],[20,24,12,22,4,8,16,10,23,2,3,11,9,14,6,15],[4,12,8,24,22,16,20,10,11,23,2,3,9,14,6,15],[24,16,4,8,20,12,22,10,23,2,3,11,1,9],[20,16,12,6,22,4,2,10,11,3,9,24,23,8,14,15],[12,16,8,22,4,20,2,10,3,11,1,9,24,23],[4,16,24,20,8,12,10,22,11,23,2,3,9,14,6,15],[16,12,8,24,10,22,20,4,11,23,2,3,9,14,6,15],[4,24,8,16,12,10,22,18,20,23,2,11,3,9,14,6,15],[4,24,8,16,12,10,22,20,11,23,2,3,1,9],[12,20,24,10,22,8,4,16,23,2,11,3,9,14,6,15],[16,20,24,12,10,22,8,4,23,2,3,11,9,14,6,15],[4,24,16,20,12,10,22,8,11,23,2,3,1,9],[12,16,8,24,22,20,4,10,23,2,11,3,1,9],[12,16,18,20,4,8,24,10,22,23,2,11,3,9,14,6],[24,12,22,16,20,4,8,10,11,23,2,3,9,14,6,15],[24,16,20,4,8,12,10,22,23,2,11,3,1,9],[8,20,12,16,22,4,10,2,11,3,9,24,23,14,6,15],[8,24,4,20,12,22,16,10,23,2,11,3,9,14,6,15],[16,12,8,4,24,10,22,20,23,2,11,3,1,9],[8,12,24,22,4,18,20,14,16,10,23,2,3,11,9,6,15],[12,20,4,16,8,24,22,11,10,23,2,3,9,14,6,15],[24,16,12,22,4,8,20,10,23,2,3,11,9,14,6,15],[16,4,12,20,8,24,22,10,23,2,3,11,1,9],[8,12,24,22,16,4,20,10,23,2,3,11,9,14,6,15],[24,16,12,22,4,8,20,10,23,2,3,11,9,14,6,15],[16,4,20,8,24,12,10,22,23,2,11,3,9,14,6,15],[22,4,16,12,8,20,2,10,3,11,9,24,23,14,6,15],[20,8,12,4,16,24,22,10,23,2,11,3,9,14,6,15],[12,4,8,16,20,24,10,22,23,2,3,11,1,9],[12,16,8,4,20,24,22,10,11,23,2,3,9,14,6,15],[4,8,12,24,10,22,16,20,11,23,2,3,1,9],[12,24,10,22,16,20,8,4,23,2,3,11,1,9],[16,12,8,24,10,22,4,20,11,23,2,3,9,14,6,15],[20,12,8,2,4,16,24,22,10,23,11,3,1,9],[24,8,4,20,12,22,16,10,11,23,2,3,9,14,6,15],[24,4,12,22,16,8,20,10,23,2,11,3,1,9],[20,8,4,12,16,24,22,10,23,2,3,11,9,14,6,15],[24,12,10,22,4,20,8,16,23,2,11,3,9,14,6,15],[8,16,20,24,2,4,12,10,22,23,3,11,1,9],[4,24,12,10,22,8,16,20,11,23,2,3,1,9],[4,20,16,8,12,24,22,10,23,2,11,3,1,9],[12,8,24,10,22,4,16,20,11,23,2,3,1,9],[8,16,12,24,10,22,4,20,23,2,11,3,1,9],[20,12,2,4,16,24,22,6,10,23,11,3,9,8,14,15],[4,8,24,20,12,22,16,10,11,23,2,3,1,9],[12,8,24,10,22,16,20,4,11,23,2,3,9,14,7,15],[4,24,20,12,22,16,8,10,11,23,2,3,9,14,6,15],[16,8,20,12,24,22,4,10,23,2,11,3,9,14,6,15],[24,16,8,4,12,10,22,20,23,2,11,3,9,14,6,15],[20,24,16,12,22,8,4,10,23,2,11,3,1,9],[8,12,4,24,22,14,20,16,10,11,23,2,3,1,9],[4,12,16,24,22,20,6,10,23,2,3,11,1,9,8],[12,16,8,20,4,24,22,10,23,2,3,11,1,9],[8,12,20,24,22,16,2,4,10,11,23,3,9,14,6,15],[16,12,4,24,22,8,20,10,11,23,2,3,1,9],[16,20,4,24,8,12,22,10,11,23,2,3,1,9],[8,24,4,20,16,12,22,10,11,23,2,3,9,14,6,15],[4,12,16,8,20,24,22,10,11,23,2,3,9,14,6,15],[12,24,22,4,16,20,8,10,23,2,11,3,9,14,6,15],[12,6,16,24,10,22,20,4,23,2,3,11,1,9,8],[16,20,24,4,12,10,22,8,11,23,2,3,9,14,6,15],[24,20,8,12,22,4,16,10,23,2,11,3,9,14,6,15],[24,20,4,16,12,10,22,8,23,2,11,3,9,14,6,15],[12,16,4,8,24,22,20,10,23,2,11,3,1,9],[16,24,8,4,20,12,10,22,23,2,11,3,1,9],[4,24,16,8,12,22,20,10,23,2,3,11,9,14,6,15],[24,20,16,8,12,22,4,10,23,2,3,11,1,9],[16,4,20,8,24,12,10,22,23,2,3,11,9,14,6,15],[8,4,12,24,22,16,20,10,23,2,11,3,9,14,6,15],[16,4,8,20,12,24,10,22,11,23,2,3,9,14,6,15],[12,4,16,24,22,8,20,10,11,23,2,3,9,14,6,15],[8,16,24,4,12,10,22,20,23,2,11,3,1,9],[12,16,24,10,22,20,4,8,11,23,2,3,9,14,6,15],[4,20,24,12,22,16,8,10,23,2,11,3,1,9],[24,16,8,20,2,4,12,10,22,23,3,11,1,9],[24,20,4,8,16,12,22,10,11,23,2,3,9,14,6,15],[24,8,4,16,20,12,10,22,11,23,2,3,1,9],[8,16,20,12,4,24,10,22,11,23,2,3,1,9],[16,20,12,24,10,22,4,8,23,2,11,3,1,9],[8,24,12,10,22,4,16,20,23,2,11,3,1,9],[8,24,20,16,12,22,4,10,23,2,3,11,1,9],[16,4,20,8,24,12,10,22,23,2,11,3,1,9],[20,4,12,24,22,8,16,10,11,23,2,3,1,9],[20,16,24,12,22,8,4,10,11,23,2,3,1,9],[24,16,8,20,4,12,22,10,23,2,3,11,9,14,6,15],[12,4,18,20,24,22,16,6,10,23,2,3,11,1,9,8],[16,8,4,12,24,10,22,20,23,2,3,11,9,14,6,15],[8,12,16,20,4,24,10,22,23,2,3,11,9,14,6,15],[16,4,24,20,12,22,8,10,11,23,2,3,1,9],[4,16,12,24,10,22,8,20,11,23,2,3,9,14,6,15],[24,4,12,10,22,20,16,8,23,2,3,11,1,9],[24,16,12,10,22,4,8,20,11,23,2,3,9,14,6,15],[8,16,24,20,4,12,10,22,11,23,2,3,1,9],[8,4,16,24,12,22,20,10,11,23,2,3,9,14,6,15],[20,8,12,16,24,10,22,4,11,23,2,3,9,14,6,15],[4,8,16,12,24,10,22,20,23,2,3,11,9,14,6,15],[8,12,24,22,20,16,4,10,11,23,2,3,1,9],[4,24,16,8,12,22,20,10,23,2,11,3,1,9],[8,12,20,2,4,24,22,16,10,11,23,3,9,14,6,15],[4,8,16,12,24,10,22,20,11,23,2,3,9,14,6,15],[4,12,20,16,24,10,22,8,23,2,11,3,1,9],[20,24,12,22,4,16,8,10,11,23,2,3,1,9],[8,4,12,24,10,22,20,16,11,23,2,3,1,9],[12,8,4,20,16,24,22,10,23,2,3,11,1,9],[24,16,12,10,22,4,8,20,23,2,11,3,9,14,6,15],[20,12,16,8,4,24,22,10,23,2,3,11,9,14,6,15],[16,24,8,12,10,22,4,20,11,23,2,3,1,9],[4,8,12,16,20,24,22,10,11,23,2,3,9,14,6,15],[8,4,24,16,12,22,20,10,23,2,11,3,9,14,6,15],[16,8,4,24,20,12,10,22,11,23,2,3,1,9],[16,24,8,4,12,10,22,20,11,23,2,3,9,14,6,15],[20,24,12,10,22,8,16,4,11,23,2,3,9,14,6,15],[20,4,16,12,24,10,22,8,11,23,2,3,1,9],[24,20,16,4,12,22,8,10,11,23,2,3,1,9],[8,16,12,24,10,22,4,20,23,2,11,3,9,14,6,15],[16,24,20,4,12,22,8,10,11,23,2,3,1,9],[20,12,8,4,24,10,22,16,11,23,2,3,9,14,6,15],[24,8,4,16,20,12,22,10,23,2,11,3,1,9],[24,20,8,4,12,10,22,16,11,23,2,3,9,14,6,15],[16,4,12,8,24,10,22,20,11,23,2,3,1,9],[12,14,4,20,6,24,22,16,10,23,2,11,3,9,8,15],[16,20,8,12,4,24,10,22,11,23,2,3,1,9],[20,24,12,10,22,8,16,4,23,2,11,3,9,14,6,15],[20,12,8,16,2,4,24,10,22,23,11,3,9,14,6,15],[4,16,24,8,20,12,22,10,23,2,3,11,1,9],[4,16,24,20,12,22,8,10,23,2,11,3,1,9],[16,8,24,4,20,12,10,22,23,2,3,11,9,14,6,15],[4,8,24,16,20,12,22,10,11,23,2,3,9,14,6,15],[16,20,4,12,8,22,10,2,11,3,9,24,23,14,6,15],[24,4,20,12,22,8,16,10,11,23,2,3,9,14,6,15],[4,24,8,16,20,12,10,22,23,2,3,11,1,9],[16,24,12,22,8,4,20,10,11,23,2,3,9,14,6,15],[16,4,20,24,8,12,10,22,11,23,2,3,1,9],[8,16,20,4,24,12,22,10,11,23,2,3,9,14,6,15],[8,16,12,24,22,4,20,10,11,23,2,3,9,14,6,15],[20,16,8,4,12,24,22,10,11,23,2,3,1,9],[4,20,16,12,8,24,10,22,11,23,2,3,9,14,6,15],[24,16,8,20,4,12,22,10,23,2,3,11,1,9],[8,24,4,16,20,12,22,10,11,23,2,3,9,14,6,15],[24,4,8,20,16,12,10,22,11,23,2,3,9,14,6,15],[16,8,24,20,4,12,22,10,23,2,11,3,1,9],[20,8,24,4,12,22,16,10,11,23,2,3,9,14,6,15],[8,16,4,24,12,22,20,10,23,2,11,3,9,14,6,15],[20,16,12,24,10,22,8,4,11,23,2,3,9,14,6,15],[4,24,16,10,20,8,22,2,3,23,14,12,11,9,6,15],[20,8,16,24,12,10,22,4,23,2,11,3,1,9],[8,4,16,20,24,12,10,22,11,23,2,3,9,14,6,15],[24,4,20,8,16,12,22,10,23,2,11,3,1,9],[24,12,22,20,4,16,8,10,23,2,11,3,1,9],[4,8,16,20,12,24,22,10,23,2,11,3,1,9],[12,20,24,22,4,16,6,10,11,23,2,3,1,9,8],[4,20,16,8,24,12,22,10,23,2,11,3,1,9],[4,8,16,20,24,12,10,22,23,2,11,3,9,14,6,15],[24,8,12,10,22,16,20,4,23,2,11,3,9,14,6,15],[16,8,24,4,20,12,10,22,23,2,3,11,1,9],[20,12,4,8,24,10,22,16,11,23,2,3,9,14,6,15],[4,8,16,20,24,12,22,10,11,23,2,3,9,14,6,15],[16,20,24,4,12,22,8,10,23,2,3,11,9,14,6,15],[16,4,8,24,12,10,22,20,23,2,3,11,1,9],[24,12,10,22,8,20,4,16,11,23,2,3,9,14,6,15],[24,4,8,20,16,12,22,10,11,23,2,3,9,14,6,15],[8,4,16,20,24,12,10,22,11,23,2,3,9,14,6,15],[4,8,12,24,10,22,20,16,23,2,11,3,9,14,6,15],[4,8,24,16,12,10,22,20,11,23,2,3,1,9],[24,12,10,22,16,4,8,20,11,23,2,3,1,9],[12,16,24,22,4,8,18,20,10,23,2,3,11,1,9],[24,20,16,8,10,4,2,22,3,23,14,12,11,9,6,15],[20,24,4,8,16,12,10,22,11,23,2,3,9,14,6,15],[8,20,24,12,10,22,16,4,23,2,3,11,1,9],[12,4,16,24,22,20,8,10,11,23,2,3,9,14,6,15],[16,4,20,8,24,12,10,22,23,2,11,3,1,9],[4,12,16,18,20,24,22,8,10,11,23,2,3,9,14,6],[12,20,24,22,4,16,8,10,11,23,2,3,9,14,6,15],[16,8,4,12,24,22,20,10,11,23,2,3,1,9],[20,16,12,4,8,24,10,22,11,23,2,3,9,14,6,15],[8,4,16,20,12,24,10,22,23,2,3,11,9,14,6,15],[16,12,24,22,8,20,4,10,23,2,3,11,9,14,6,15],[24,8,12,22,16,4,20,10,11,23,2,3,9,14,6,15],[20,24,4,12,22,16,8,10,23,2,11,3,1,9],[8,4,12,24,22,14,20,16,10,11,23,2,3,9,6,15],[24,16,4,20,8,12,22,10,11,23,2,3,9,14,6,15],[4,16,24,8,20,12,22,10,23,2,11,3,9,14,6,15],[4,24,12,22,16,8,20,10,23,2,11,3,1,9],[24,12,22,8,20,4,16,10,11,23,2,3,1,9],[24,20,8,4,16,12,22,10,23,2,3,11,9,14,6,15],[24,16,8,20,4,12,22,10,11,23,2,3,9,14,6,15],[8,4,12,16,24,22,20,10,11,23,2,3,1,9],[8,12,4,20,22,16,2,10,11,3,1,9,24,23],[4,12,24,10,22,20,8,16,23,2,11,3,9,14,6,15],[20,16,8,24,4,12,10,22,23,2,3,11,9,14,6,15],[12,4,22,18,20,8,16,2,10,11,3,1,9,24,23],[20,4,24,12,22,16,8,10,11,23,2,3,9,14,6,15],[20,8,24,16,12,10,22,4,23,2,11,3,1,9],[8,16,12,24,22,18,20,4,10,23,2,3,11,9,14,6,15],[16,20,12,8,24,10,22,4,23,2,11,3,1,9],[16,20,8,4,24,12,10,22,23,2,11,3,1,9],[16,4,8,20,24,12,10,22,11,23,2,3,1,9],[4,8,20,24,12,22,16,10,11,23,2,3,1,9],[12,8,24,10,22,20,4,16,11,23,2,3,9,14,6,15],[8,20,24,12,10,22,16,4,11,23,2,3,1,9],[4,16,12,24,22,8,20,10,11,23,2,3,1,9],[20,4,16,12,8,24,10,22,23,2,3,11,1,9],[4,12,24,10,22,16,8,20,11,23,2,3,1,9],[24,8,16,20,4,12,10,22,11,23,2,3,9,14,6,15],[24,8,16,20,12,10,22,4,11,23,2,3,9,14,6,15],[12,24,10,22,16,20,4,8,23,2,3,11,9,14,6,15],[24,16,12,22,20,8,4,10,11,23,2,3,1,9],[4,16,24,20,12,22,8,10,11,23,2,3,1,9],[24,16,20,4,8,12,10,22,11,23,2,3,1,9],[8,20,12,24,22,16,4,10,23,2,3,11,9,14,6,15],[16,12,20,8,24,22,4,10,23,2,3,11,1,9],[8,12,4,16,20,24,10,22,23,2,3,11,1,9],[8,24,20,4,16,12,22,10,23,2,11,3,1,9],[20,12,8,24,10,22,16,4,23,2,3,11,1,9],[4,24,8,12,22,20,16,10,11,23,2,3,1,9],[16,12,24,22,20,8,2,4,10,11,23,3,1,9],[16,4,12,24,22,8,20,10,11,23,2,3,1,9],[12,8,24,10,22,16,20,4,23,2,3,11,1,9],[8,20,24,4,16,12,10,22,11,23,2,3,9,14,6,15],[20,12,16,24,22,4,8,10,23,2,11,3,1,9],[24,16,4,12,22,20,8,10,11,23,2,3,1,9],[24,16,8,4,20,12,22,10,11,23,2,3,1,9],[4,8,12,24,10,22,20,16,11,23,2,3,1,9],[4,24,16,8,20,12,10,22,23,2,3,11,1,9],[4,12,14,8,22,20,16,11,2,10,3,1,9,24],[8,16,20,24,12,10,22,4,23,2,11,3,9,14,6,15],[20,12,16,4,8,24,22,10,23,2,11,3,1,9],[4,8,16,20,24,12,10,22,11,23,2,3,1,9],[4,16,20,8,12,22,2,10,3,11,1,9,24,23],[24,8,20,16,12,22,4,10,23,2,3,11,1,9],[20,4,16,8,24,12,10,22,11,23,2,3,9,14,6,15],[24,20,12,22,8,4,16,10,23,2,3,11,1,9],[16,8,24,12,22,20,4,10,23,2,3,11,1,9],[16,12,20,4,8,24,22,10,11,23,2,3,9,14,6,15],[16,8,20,24,4,12,22,10,11,23,2,3,1,9],[4,20,8,12,16,24,22,10,11,23,2,3,9,14,6,15],[12,20,4,8,24,22,16,10,11,23,2,3,9,14,6,15],[16,24,8,12,22,4,20,10,23,2,11,3,9,14,6,15],[8,12,20,4,16,24,22,10,23,2,3,11,1,9],[4,12,24,10,22,16,20,8,11,23,2,3,1,9],[16,12,24,22,8,20,2,4,10,11,23,3,1,9],[8,20,24,4,12,22,16,10,11,23,2,3,1,9],[20,12,16,24,22,8,4,10,11,23,2,3,1,9],[16,8,20,24,4,12,22,10,23,2,3,11,9,14,6,15],[16,4,12,8,24,22,20,10,11,23,2,3,1,9],[4,20,8,16,24,12,22,10,23,2,3,11,1,9],[8,4,12,16,24,22,20,10,23,2,11,3,1,9],[4,24,16,12,10,22,8,20,23,2,11,3,9,14,6,15],[12,20,4,16,24,10,22,8,23,2,11,3,9,14,6,15],[20,8,12,24,10,22,16,4,11,23,2,3,1,9],[20,24,16,8,4,12,22,10,23,2,11,3,9,14,6,15],[24,12,10,22,4,8,16,20,11,23,2,3,1,9],[24,4,12,22,20,8,16,10,11,23,2,3,9,14,6,15],[20,12,22,8,16,4,2,10,11,3,1,9,24,23],[16,24,8,4,20,12,10,22,23,2,11,3,9,14,6,15],[4,12,24,10,22,16,20,8,23,2,3,11,1,9],[12,20,22,8,16,4,2,10,3,11,1,9,24,23],[24,12,10,22,8,20,4,16,11,23,2,3,1,9],[4,16,24,20,8,12,10,22,23,2,11,3,1,9],[20,8,24,12,10,22,16,4,11,23,2,3,9,14,6,15],[16,4,20,24,8,12,22,10,23,2,3,11,9,14,6,15],[24,12,22,16,4,8,20,10,23,2,11,3,1,9],[24,20,8,16,12,22,2,4,10,23,11,3,1,9],[24,20,8,12,22,4,16,10,23,2,3,11,1,9],[16,20,8,24,4,12,22,10,23,2,3,11,9,14,6,15],[16,12,20,4,8,24,10,22,11,23,2,3,9,14,6,15],[16,8,20,12,24,10,22,4,11,23,2,3,9,14,6,15],[12,16,8,24,10,22,4,20,11,23,2,3,1,9],[8,24,16,12,10,22,4,20,11,23,2,3,9,14,6,15],[12,20,8,4,16,24,10,22,11,23,2,3,9,14,6,15],[20,4,8,16,24,12,22,10,23,2,11,3,1,9],[12,16,24,22,4,8,20,10,23,2,11,3,1,9],[16,12,4,24,10,22,8,20,11,23,2,3,1,9],[2,16,20,8,24,4,12,22,10,23,11,3,9,14,6,15],[16,20,8,24,12,10,22,4,11,23,2,3,9,14,6,15],[16,12,22,4,20,8,10,2,3,11,9,24,23,14,6,15],[12,16,24,10,22,4,20,8,11,23,2,3,1,9],[16,8,4,12,22,18,20,2,10,3,11,9,24,23,14,6],[12,6,20,16,4,24,22,10,23,2,11,3,1,9,8],[12,20,4,8,24,22,14,16,10,23,2,11,3,1,9],[8,24,4,20,16,12,22,10,11,23,2,3,9,14,6,15],[12,20,24,22,8,16,4,10,23,2,11,3,1,9],[20,24,4,12,10,22,8,16,23,2,11,3,9,14,6,15],[16,8,12,4,20,24,10,22,11,23,2,3,1,9],[24,12,22,20,4,8,16,10,11,23,2,3,1,9],[24,14,12,10,22,4,8,20,16,23,2,3,11,1,9],[20,4,12,24,22,8,16,10,23,2,3,11,9,14,6,15],[24,20,8,12,22,2,4,16,10,11,23,3,1,9],[12,8,20,4,16,24,22,10,23,2,11,3,1,9],[16,12,8,20,4,24,22,10,11,23,2,3,1,9],[8,24,20,16,4,12,22,10,11,23,2,3,9,14,6,15],[8,24,12,10,22,4,20,16,23,2,11,3,1,9],[16,8,12,4,20,24,22,10,11,23,2,3,1,9],[16,8,12,20,22,4,2,10,3,11,1,9,24,23],[8,4,12,16,20,24,10,22,23,2,3,11,1,9],[20,8,24,12,22,4,14,16,10,11,23,2,3,1,9],[12,16,4,8,24,10,22,20,23,2,11,3,1,9],[16,24,12,22