{"problem_id":"votLcGSev6cF7u9","sigma":150,"alpha":10.000,"cost":0,"probabilities":"[0.19, 0.28, 0.24, 0.29]","payoff_matrix":"[[99, 69, -316, -174, -3, 15], [66, -70, -129, 11, 57, -70], [114, -112, 33, 30, -17, -86], [-54, -151, 212, -83, -169, 80]]","uncovered":[[8,16,24,12,22,20,4,10,11,23,2,3,1,9,14,6,15,18,19,13,21,5,7],[12,24,10,22,16,20,8,4,11,23,2,3,9,14,15,6,18,19,1,13,21,7,17,5],[24,16,12,22,20,4,8,10,11,23,2,3,1,9,14,6,15,18,19,13,21,5,17,7],[8,16,12,20,4,24,22,10,11,23,2,3,9,14,15,6,18,19,13,21,1,7,17],[24,8,12,22,20,4,16,10,11,23,2,3,1,9,14,6,15,18,19,13,21,7,17],[16,24,4,8,20,12,22,10,23,2,11,3,1,9,14,6,15,18,19,13,21,7,17,5],[4,8,16,24,12,10,22,20,11,23,2,3,9,14,15,6,18,19,13,1,21,7,17],[12,24,10,22,4,8,16,20,11,23,2,3,9,14,15,6,18,19,1,13,21,5,7,17],[12,16,8,24,22,20,4,10,11,23,2,3,1,9,14,6,15,18,19,13,21,5,7,17],[20,16,12,24,10,22,4,8,23,2,3,11,1,9,14,6,15,18,19,13,21,7,17,5],[8,16,4,12,24,22,20,10,23,2,3,11,1,9,14,6,18,15,19,13,21,7],[24,8,16,12,10,22,20,4,11,23,2,3,9,14,15,6,18,19,13,21,1,7],[4,24,12,22,16,20,8,10,23,2,11,3,9,14,15,6,18,19,1,13,21,5,7,17],[20,12,16,4,24,10,22,8,11,23,2,3,1,9,14,6,15,19,18,13,21,5,17,7],[20,8,12,16,24,22,4,10,23,2,11,3,1,9,14,6,15,18,19,13,21,7,17],[20,4,24,12,22,8,16,10,23,2,3,11,1,9,14,6,15,18,19,13,21,5,7],[12,24,10,22,4,16,8,20,11,23,2,3,9,14,15,6,18,19,1,13,21,7],[12,4,24,10,22,8,20,16,23,2,11,3,1,9,14,6,15,18,19,13,21,7],[20,24,8,4,16,12,10,22,11,23,2,3,9,14,15,6,18,19,1,13,21,5,7],[24,20,16,12,10,22,4,8,23,2,11,3,1,9,14,6,15,18,19,13,21,5,7],[16,12,20,4,24,10,22,8,11,23,2,3,1,9,14,6,15,18,19,13,21,7,17,5],[16,24,12,10,22,20,4,8,11,23,2,3,1,9,14,6,15,18,19,21,13,5,7],[8,16,20,12,24,22,4,10,11,23,2,3,1,9,14,6,15,18,19,13,21,7,5,17],[16,4,20,12,8,24,22,10,11,23,2,3,9,14,15,6,18,19,1,13,21,7,5,17],[16,8,4,12,24,10,22,20,23,2,3,11,9,14,15,6,18,19,13,1,21,7,5,17],[8,24,12,10,22,4,16,20,11,23,2,3,9,14,15,6,18,19,1,21,13,7,5,17],[24,4,16,8,12,22,20,10,11,23,2,3,9,14,15,6,18,19,1,13,21,7,17,5],[16,4,8,12,24,22,20,10,23,2,3,11,1,9,14,6,15,18,19,13,21,7,17,5],[20,16,8,12,4,24,10,22,23,2,3,11,9,14,15,6,18,19,1,13,21,7,17,5],[12,4,16,24,10,22,20,8,23,2,11,3,1,9,14,6,15,18,19,13,21,5,17,7],[16,20,24,12,10,22,8,4,11,23,2,3,9,14,15,6,18,19,1,13,21,5,7,17],[4,12,24,10,22,16,20,8,23,2,3,11,1,9,14,6,15,18,19,13,21,7,5,17],[8,20,24,12,10,22,4,16,23,2,3,11,9,14,15,6,18,19,1,13,21,5],[8,20,16,4,12,24,10,22,11,23,2,3,9,14,15,6,18,19,1,13,21,7,17,5],[16,8,24,20,4,12,22,10,23,2,3,11,1,9,14,6,15,18,19,21,13,7,17,5],[8,20,4,24,12,22,16,10,23,2,11,3,1,9,14,6,15,18,19,13,21,7,17],[24,8,4,12,10,22,20,16,11,23,2,3,9,14,15,6,18,19,13,1,21,5,7,17],[4,12,20,8,24,22,16,10,23,2,3,11,9,14,15,6,18,19,1,13,21,7,17],[4,24,12,22,8,20,16,10,23,2,11,3,1,9,14,6,15,18,19,13,21,7,17],[12,4,24,22,8,16,20,10,23,2,3,11,1,9,14,6,15,18,19,13,21,5,7,17],[16,12,8,4,24,22,20,10,23,2,11,3,1,9,14,6,15,18,19,13,7,21,5,17],[8,16,4,12,24,22,20,10,11,23,2,3,1,9,14,6,15,18,19,13,5,21,7,17],[20,16,8,24,4,12,10,22,23,2,3,11,9,14,15,6,18,19,1,13,5,21,7,17],[20,8,16,24,4,12,22,10,11,23,2,3,9,14,15,6,18,19,13,1,21,5,7,17],[24,8,12,10,22,4,16,20,11,23,2,3,1,9,14,6,15,18,19,13,21,7,17,5],[24,12,10,22,4,8,16,20,11,23,2,3,9,14,15,6,18,19,1,13,21,5,7,17],[8,16,4,24,12,22,20,10,11,23,2,3,1,9,14,6,15,18,19,13,21,7,17],[8,20,16,12,24,22,4,10,11,23,2,3,1,9,14,6,15,18,19,13,21,5,7,17],[16,20,4,24,8,12,10,22,11,23,2,3,9,14,15,6,18,19,13,1,21,7,17],[24,16,12,22,20,4,8,10,11,23,2,3,9,14,15,6,18,19,1,13,21,5,7,17],[20,8,16,12,24,22,4,10,23,2,11,3,1,9,14,6,15,18,19,13,21,5,7,17],[12,16,24,10,22,20,8,4,11,23,2,3,9,14,15,6,18,19,1,13,21,5,17,7],[24,4,16,20,8,12,10,22,11,23,2,3,9,14,15,6,18,19,13,21,1,7,17],[4,20,12,16,8,24,10,22,11,23,2,3,9,14,15,6,18,19,1,13,21,5,17,7],[12,20,16,8,4,24,22,10,11,23,2,3,9,14,15,6,18,19,1,13,21,7,17],[4,20,16,8,24,12,10,22,23,2,11,3,9,14,15,6,18,19,13,21,1,7,17],[16,12,8,4,20,24,22,10,23,2,11,3,9,14,15,6,18,19,1,21,13,7,17,5],[16,20,4,24,8,12,10,22,23,2,11,3,9,14,15,6,18,19,13,21,1,7,17,5],[20,4,24,8,12,10,22,16,23,2,3,11,9,14,15,6,18,19,13,21,1,5,7],[8,20,4,24,16,12,10,22,11,23,2,3,1,9,14,6,15,18,19,13,21,17,7],[12,16,4,20,8,24,10,22,23,2,11,3,1,9,14,7,15,18,19,13,17,21,6,5],[16,24,8,12,22,20,4,10,11,23,2,3,9,14,15,6,18,19,1,13,21,7,17,5],[24,12,10,22,8,16,4,20,11,23,2,3,9,14,15,6,18,19,13,21,1,5,7],[20,8,12,24,10,22,4,16,11,23,2,3,9,14,15,6,18,19,13,1,21,7,5,17],[24,4,16,8,12,10,22,20,11,23,2,3,1,9,14,6,15,18,19,13,21,5,7,17],[12,20,4,24,22,16,8,10,23,2,3,11,9,14,15,6,18,19,13,21,1,5,7,17],[20,8,16,24,12,22,4,10,11,23,2,3,1,9,14,6,15,18,19,13,21,7,5,17],[20,24,12,22,4,16,8,10,23,2,11,3,9,14,15,6,18,19,13,1,21,5,7,17],[4,24,8,12,22,16,20,10,23,2,11,3,1,9,14,6,15,18,19,13,21,7,5,17],[24,4,8,16,12,10,22,20,11,23,2,3,9,14,15,6,18,19,1,13,21,17,7,5],[24,4,8,12,10,22,20,16,11,23,2,3,1,9,14,6,15,18,19,13,21,7,17,5],[24,8,12,10,22,4,20,16,23,2,3,11,9,14,15,6,18,19,13,21,1,7,17],[16,24,12,22,20,8,4,10,23,2,11,3,9,14,15,6,18,19,1,21,13,5,7,17],[8,4,12,16,20,24,22,10,23,2,3,11,1,9,14,6,15,18,19,13,21,7,17,5],[8,12,24,10,22,16,4,20,23,2,3,11,1,9,14,6,15,17,18,21,19,13,5,7],[4,8,12,24,10,22,16,20,23,2,3,11,1,9,14,6,15,18,19,13,21,7,5],[4,20,12,8,24,10,22,16,11,23,2,3,1,9,14,6,15,18,19,13,21,5,7],[24,8,12,10,22,16,20,4,23,2,11,3,1,9,14,6,15,18,19,13,21,5,7],[24,4,16,8,12,22,20,10,23,2,11,3,1,9,14,6,15,18,19,13,21,5,7,17],[8,24,20,4,16,12,22,10,11,23,2,3,1,9,14,6,18,15,19,13,21,7,17,5],[12,8,20,4,16,24,10,22,11,23,2,3,9,14,15,6,18,19,13,1,21,5,7,17],[20,4,8,12,24,22,16,10,11,23,2,3,1,9,14,6,15,18,19,13,21,5,7,17],[8,16,12,20,24,22,4,10,23,2,3,11,1,9,14,6,15,18,19,13,21,7,17,5],[20,4,8,12,24,22,16,10,11,23,2,3,1,9,14,6,15,18,19,13,21,7,5,17],[12,16,8,20,24,10,22,4,11,23,2,3,1,9,14,6,15,18,19,13,21,5,17],[24,4,8,16,12,22,20,10,11,23,2,3,1,9,14,6,15,18,19,13,7,21,17],[24,20,16,4,12,22,8,10,23,2,11,3,9,14,15,6,18,19,13,21,1,5,7,17],[24,8,12,22,20,16,4,10,11,23,2,3,9,14,15,6,18,19,13,21,1,7,17,5],[24,20,16,8,12,10,22,4,11,23,2,3,9,14,15,6,18,19,1,13,21,7,5,17],[4,24,8,16,20,12,22,10,11,23,2,3,1,9,14,6,15,18,19,13,21,7,17],[8,12,4,16,20,24,10,22,11,23,2,3,9,14,15,6,18,19,13,21,1,5,7,17],[8,4,20,12,24,10,22,16,11,23,2,3,9,14,15,6,18,19,13,21,1,7,17,5],[16,20,24,8,12,10,22,4,11,23,2,3,1,9,14,6,18,15,19,13,21,7],[12,8,20,16,4,24,22,10,11,23,2,3,1,9,14,6,15,18,19,13,21,7,17,5],[4,16,8,12,20,24,22,10,11,23,2,3,9,14,15,6,18,19,1,13,21,7,17,5],[20,24,4,8,16,12,22,10,11,23,2,3,9,14,15,6,18,19,1,13,21,5,7,17],[8,12,24,10,22,16,20,4,11,23,2,3,1,9,14,6,15,18,19,13,21,5,17,7],[12,24,22,4,20,16,8,10,23,2,3,11,1,9,14,6,15,18,19,13,21,7],[16,12,4,8,24,10,22,20,23,2,3,11,1,9,14,6,15,18,19,13,21,17,5,7],[8,12,4,24,10,22,16,20,11,23,2,3,9,14,15,6,18,19,1,13,21,7,5,17],[24,16,4,12,22,8,20,10,23,2,11,3,1,9,14,6,15,18,19,13,21,7],[12,4,24,22,16,8,20,10,11,23,2,3,1,9,14,6,15,18,19,13,21,5,7,17],[16,24,8,20,4,12,22,10,23,2,3,11,9,14,15,6,18,19,13,1,21,7,17,5],[4,12,8,24,10,22,16,20,11,23,2,3,9,14,15,6,18,19,1,13,21,7],[12,16,20,8,24,22,4,10,23,2,3,11,1,9,14,6,15,18,19,13,21,7,5,17],[24,20,12,10,22,8,16,4,11,23,2,3,1,9,14,6,15,18,19,13,21,7,5,17],[4,24,12,10,22,20,8,16,23,2,3,11,1,9,14,6,15,18,17,19,13,21,7,5],[20,16,12,4,8,24,10,22,23,2,3,11,9,14,15,6,18,19,13,1,21,5,7,17],[12,24,10,22,4,8,20,16,11,23,2,3,1,9,14,6,15,18,19,13,21,5,7,17],[12,4,20,16,24,22,8,10,11,23,2,3,9,14,15,6,18,19,1,13,21,7],[4,24,8,12,10,22,16,20,11,23,2,3,9,14,15,6,18,19,1,13,21,7,5,17],[12,8,16,4,24,22,20,10,23,2,3,11,1,9,14,6,15,18,19,21,13,7,17],[8,16,24,4,12,22,20,10,23,2,11,3,1,9,14,6,15,18,19,21,13,5,7,17],[4,16,24,12,10,22,8,20,23,2,11,3,9,14,15,6,18,19,1,13,21,7],[20,12,24,22,8,4,16,10,23,2,11,3,9,14,15,6,18,19,1,13,21,7,17,5],[8,20,16,4,24,12,22,10,11,23,2,3,1,9,14,6,15,18,19,13,21,5,7],[8,12,16,4,20,24,10,22,23,2,11,3,1,9,14,6,15,18,19,13,21,7,5,17],[20,4,16,24,12,10,22,8,11,23,2,3,1,9,14,6,15,18,19,13,21,7,5],[24,8,20,12,10,22,4,16,11,23,2,3,9,14,15,6,18,19,13,1,21,7],[4,12,24,22,16,8,20,10,23,2,11,3,9,14,15,6,18,19,1,21,13,7,5],[4,24,12,10,22,20,16,8,23,2,3,11,1,9,14,6,15,18,19,13,7,21,17,5],[4,16,12,24,10,22,8,20,23,2,3,11,9,14,15,6,18,19,1,13,21,7,5,17],[24,8,4,16,20,12,22,10,11,23,2,3,1,9,14,6,15,18,19,13,21,5,17,7],[12,8,4,16,20,24,22,10,11,23,2,3,9,14,15,6,18,19,13,21,1,7,5,17],[4,24,8,16,20,12,10,22,11,23,2,3,1,9,14,6,15,18,19,13,21,5,7,17],[20,24,16,8,12,22,4,10,23,2,11,3,1,9,14,6,15,18,19,13,21,7],[24,20,8,16,4,12,10,22,11,23,2,3,9,14,15,6,18,19,1,13,21,5,7],[12,24,22,20,4,16,8,10,23,2,11,3,1,9,14,6,15,18,19,13,21,17,5,7],[8,12,16,20,24,22,4,10,11,23,2,3,1,9,14,6,15,18,19,21,13,5,7,17],[8,4,24,16,12,22,20,10,23,2,11,3,9,14,15,6,18,19,1,13,21,17,7],[16,12,20,4,8,24,10,22,23,2,11,3,1,9,14,6,15,18,19,13,21,5,7,17],[24,4,16,8,12,22,20,10,23,2,3,11,1,9,14,6,15,18,19,13,21,7,17,5],[16,24,8,20,4,12,10,22,23,2,11,3,9,14,15,6,18,19,13,1,21,7,17],[16,8,12,4,24,10,22,20,11,23,2,3,9,14,15,6,18,19,13,1,21,5,7,17],[20,16,8,24,12,22,4,10,11,23,2,3,1,9,14,6,15,18,19,13,21,5,17,7],[4,12,24,22,20,8,16,10,23,2,3,11,9,14,15,6,18,19,13,21,1,5,7,17],[20,16,8,12,24,10,22,4,11,23,2,3,9,14,15,6,18,19,1,21,13,5,7,17],[16,12,20,24,10,22,8,4,23,2,3,11,9,14,15,6,18,19,13,21,1,7,17],[4,8,16,12,20,24,10,22,23,2,3,11,9,14,15,6,18,19,13,1,21,7],[8,4,20,24,16,12,22,10,11,23,2,3,1,9,14,6,15,18,19,13,21,5,7,17],[12,8,24,22,16,4,20,10,23,2,11,3,1,9,14,6,15,18,19,13,21,7,17],[16,4,8,24,12,22,20,10,23,2,11,3,9,14,15,6,18,19,1,13,21,7,5],[16,20,12,4,8,24,10,22,23,2,3,11,1,9,14,6,15,18,19,13,21,7,17,5],[20,12,8,4,24,10,22,16,11,23,2,3,1,9,14,6,15,18,19,13,21,7,17],[16,4,24,12,22,20,8,10,11,23,2,3,9,14,15,6,18,19,1,13,21,7,17,5],[12,16,24,22,8,4,20,10,23,2,3,11,1,9,14,6,15,18,19,13,21,7,17],[16,12,4,24,10,22,8,20,11,23,2,3,1,9,14,6,15,18,19,13,21,7,5,17],[12,20,4,16,8,24,22,10,11,23,2,3,9,14,15,6,18,19,13,1,21,7],[4,8,20,16,24,12,22,10,11,23,2,3,1,9,14,6,15,18,19,13,21,17,7,5],[4,16,8,12,20,24,22,10,11,23,2,3,9,14,15,6,18,19,13,1,21,5,7],[8,24,16,4,12,22,20,10,23,2,3,11,9,14,15,6,18,19,1,13,21,5,17,7],[8,24,4,16,20,12,10,22,23,2,3,11,9,14,15,6,18,19,13,21,1,7,17,5],[16,8,24,4,12,22,20,10,11,23,2,3,9,14,15,6,18,19,13,1,21,7,5,17],[4,12,16,24,22,20,8,10,23,2,3,11,1,9,14,6,15,18,19,13,21,7,17],[12,20,8,4,24,10,22,16,23,2,3,11,9,14,15,6,18,19,13,21,1,5,7,17],[12,16,24,22,8,20,4,10,23,2,11,3,1,9,14,6,15,18,19,13,21,7,5,17],[12,8,20,16,24,22,4,10,23,2,3,11,9,14,15,6,18,19,1,13,5,21,7,17],[4,16,24,12,22,8,20,10,23,2,3,11,1,9,14,6,15,18,19,21,13,5,7,17],[20,12,16,24,22,8,4,10,23,2,11,3,1,9,14,6,15,18,19,13,21,7],[24,8,16,12,10,22,4,20,11,23,2,3,9,14,15,6,18,19,13,1,21,5,17,7],[16,4,24,20,12,10,22,8,11,23,2,3,9,14,15,6,18,19,13,21,1,7,17],[12,4,16,20,8,24,22,10,11,23,2,3,9,14,15,6,18,19,13,21,1,17,7],[12,8,16,24,22,4,20,10,11,23,2,3,1,9,14,6,15,18,19,13,21,7,17],[16,20,8,4,12,24,22,10,23,2,3,11,9,14,15,6,18,19,1,13,21,17,7],[8,24,12,10,22,4,20,16,11,23,2,3,9,14,15,6,18,19,1,13,5,21,7,17],[24,4,16,20,12,10,22,8,23,2,3,11,9,14,15,6,18,19,13,1,21,7],[4,8,24,20,12,22,16,10,23,2,3,11,9,14,15,6,18,19,13,21,1,5,7],[12,20,24,10,22,16,8,4,23,2,3,11,1,9,14,6,15,18,19,13,21,7],[12,8,16,24,22,20,4,10,11,23,2,3,9,14,15,6,18,19,13,21,1,7,17],[20,24,4,8,16,12,22,10,23,2,3,11,9,14,15,6,18,19,13,21,1,7,17,5],[4,8,20,24,16,12,10,22,11,23,2,3,1,9,14,6,15,18,19,13,21,5,7],[16,4,24,20,12,22,8,10,23,2,11,3,9,14,15,6,18,19,13,21,1,7],[8,12,16,20,4,24,10,22,11,23,2,3,1,9,14,6,18,15,19,21,13,5,17,7],[8,12,24,22,16,4,20,10,23,2,11,3,1,9,14,6,15,18,19,13,21,7,5,17],[20,4,16,8,12,24,10,22,11,23,2,3,1,9,14,6,15,18,19,13,21,7],[20,12,24,10,22,4,16,8,23,2,11,3,9,14,15,6,18,19,1,13,21,7,17],[4,16,20,24,12,22,8,10,23,2,3,11,9,14,15,6,18,19,1,13,21,7,17,5],[4,24,8,16,20,12,10,22,11,23,2,3,9,14,15,6,18,19,1,13,21,7,17,5],[24,20,16,4,8,12,22,10,11,23,2,3,1,9,14,6,15,18,19,13,21,7,17,5],[16,24,4,20,8,12,22,10,23,2,11,3,9,14,15,6,18,19,13,1,21,7,17,5],[16,12,8,20,4,24,22,10,23,2,3,11,9,14,15,6,18,19,1,13,21,5,7,17],[8,16,4,20,12,24,10,22,11,23,2,3,9,14,15,6,18,19,13,1,21,7,17],[24,4,12,22,16,20,8,10,23,2,3,11,9,14,15,6,18,19,1,13,21,7,17],[16,24,20,12,22,4,8,10,11,23,2,3,9,14,15,6,18,19,1,13,21,7,17],[4,8,24,12,10,22,16,20,11,23,2,3,9,14,15,6,18,19,13,21,1,17,5,7],[4,20,12,8,24,10,22,16,11,23,2,3,9,14,15,6,18,19,13,21,1,7,17,5],[8,24,4,20,12,10,22,16,11,23,2,3,9,14,15,6,18,19,13,1,21,5,7,17],[16,8,20,4,24,12,22,10,23,2,11,3,1,9,14,6,15,18,17,19,13,21,7],[12,20,8,24,22,4,16,10,11,23,2,3,1,9,14,6,15,18,19,13,21,7,17],[16,8,20,24,4,12,10,22,23,2,11,3,1,9,14,6,15,18,19,13,21,5,7,17],[20,24,4,8,12,10,22,16,23,2,3,11,9,14,15,6,18,19,1,13,21,7,17,5],[12,20,8,16,24,22,4,10,11,23,2,3,9,14,15,6,18,19,1,13,21,5,7,17],[16,8,4,20,24,12,22,10,23,2,3,11,9,14,15,6,18,19,1,21,13,7],[8,12,4,16,24,10,22,20,11,23,2,3,9,14,15,6,18,19,1,13,21,5,17,7],[24,8,4,20,16,12,10,22,11,23,2,3,1,9,14,6,15,18,19,13,7,21,17,5],[8,4,12,16,24,10,22,20,23,2,11,3,9,14,15,6,18,19,13,21,1,5,7],[4,16,8,12,24,10,22,20,23,2,3,11,9,14,15,6,18,19,13,1,21,7,17,5],[16,24,12,10,22,8,4,20,11,23,2,3,1,9,14,6,15,18,19,13,21,7,17,5],[12,4,20,8,16,24,10,22,23,2,3,11,1,9,14,6,15,18,19,13,21,5,7,17],[8,16,20,4,12,24,22,10,11,23,2,3,1,9,14,6,15,18,19,13,21,7,17],[24,8,12,22,16,20,4,10,23,2,11,3,1,9,14,6,15,18,19,13,21,7,5,17],[4,24,20,16,12,10,22,8,23,2,3,11,1,9,14,6,15,18,17,13,19,21,7],[4,16,20,8,12,24,10,22,23,2,11,3,1,9,14,6,15,18,19,13,21,5,7,17],[24,16,8,20,4,12,22,10,23,2,11,3,9,14,15,6,18,19,1,13,21,17,5,7],[4,20,8,16,12,24,22,10,23,2,11,3,9,14,15,6,18,19,13,21,1,7],[16,24,20,8,4,12,10,22,23,2,3,11,1,9,14,6,15,18,19,13,21,5,17,7],[20,12,16,8,24,22,4,10,11,23,2,3,1,9,14,6,15,18,19,13,21,5,7],[20,16,24,8,12,22,4,10,23,2,3,11,1,9,14,6,15,18,19,21,13,7,17],[8,24,12,22,4,20,16,10,11,23,2,3,1,9,14,6,15,18,19,13,21,7],[4,20,16,8,24,12,10,22,23,2,11,3,9,14,15,6,18,19,13,1,21,5,7,17],[8,20,4,12,24,10,22,16,23,2,3,11,9,14,15,6,18,19,13,1,21,5,7,17],[16,20,24,8,12,22,4,10,11,23,2,3,9,14,15,6,18,19,1,13,21,7,17,5],[4,20,8,24,16,12,22,10,11,23,2,3,1,9,14,6,15,18,19,13,21,17,7],[4,12,20,24,10,22,16,8,23,2,11,3,1,9,14,6,15,18,19,13,21,5,7,17],[4,8,16,24,12,10,22,20,11,23,2,3,1,9,14,6,15,18,19,13,21,5,17,7],[24,20,12,10,22,4,8,16,11,23,2,3,9,14,15,6,18,19,1,13,21,5,17,7],[8,24,12,10,22,4,16,20,11,23,2,3,9,14,15,6,18,19,13,1,21,7,5,17],[20,16,8,12,24,10,22,4,23,2,11,3,1,9,14,6,15,18,19,21,13,5,17,7],[4,20,16,12,24,22,8,10,23,2,11,3,1,9,14,6,15,18,19,13,21,7,17],[4,16,8,12,24,22,20,10,23,2,11,3,1,9,14,6,15,18,19,13,21,7],[20,24,4,16,12,22,8,10,23,2,11,3,9,14,15,6,18,19,13,21,1,7],[16,24,12,10,22,8,20,4,11,23,2,3,9,14,15,6,18,19,13,1,21,5,7,17],[12,8,4,20,16,24,22,10,11,23,2,3,9,14,15,6,18,19,1,13,21,5,7,17],[4,24,8,12,10,22,16,20,23,2,3,11,1,9,14,6,15,18,19,21,13,5,7],[24,12,10,22,8,4,20,16,23,2,11,3,1,9,14,6,15,18,19,13,21,5,7],[16,24,20,4,8,12,22,10,23,2,11,3,9,14,15,6,18,19,1,13,21,5,7,17],[20,8,24,16,12,22,4,10,23,2,3,11,1,9,14,6,15,18,19,13,21,5,17],[4,8,12,16,20,24,10,22,11,23,2,3,1,9,14,6,15,18,19,13,21,7,17,5],[12,16,20,8,4,24,10,22,11,23,2,3,1,9,14,6,15,18,19,13,21,7,5,17],[20,16,8,24,12,10,22,4,23,2,3,11,9,14,15,6,18,19,1,13,21,7,17],[4,20,8,16,12,24,10,22,23,2,11,3,1,9,14,6,15,18,19,13,21,7],[8,12,16,4,20,24,22,10,11,23,2,3,9,14,15,6,18,19,13,1,21,7,17,5],[24,12,10,22,16,20,8,4,11,23,2,3,9,14,15,6,18,19,1,13,21,7,5],[12,20,8,16,4,24,22,10,23,2,3,11,1,9,14,6,15,18,19,13,21,7],[12,16,24,10,22,8,4,20,11,23,2,3,9,14,15,6,18,19,13,21,1,7,5,17],[8,16,4,24,20,12,10,22,23,2,11,3,1,9,14,6,15,18,19,13,21,7],[16,24,8,12,10,22,20,4,11,23,2,3,1,9,14,6,18,15,19,13,21,5,7,17],[16,8,12,20,4,24,10,22,23,2,3,11,9,14,15,6,18,19,13,1,5,21,7,17],[12,16,4,20,8,24,10,22,23,2,3,11,1,9,14,6,15,18,19,21,13,7,17],[8,20,24,4,16,12,22,10,23,2,3,11,1,9,14,6,15,18,19,7,21,13,17],[24,12,22,16,20,8,4,10,23,2,11,3,1,9,14,6,15,18,19,13,21,5,7,17],[20,12,4,8,24,10,22,16,11,23,2,3,1,9,14,6,15,18,19,13,21,17,7],[24,12,10,22,8,16,20,4,23,2,3,11,1,9,14,6,15,18,19,13,21,7,5,17],[24,4,8,20,12,10,22,16,11,23,2,3,1,9,14,6,15,18,19,13,21,5,7,17],[12,16,4,24,22,8,20,10,23,2,3,11,9,14,15,6,18,19,13,21,1,5,7,17],[8,12,4,20,16,24,22,10,11,23,2,3,9,14,15,6,18,19,13,21,1,7,17],[12,16,4,24,10,22,8,20,11,23,2,3,9,14,15,6,18,19,13,21,1,7,17],[4,16,20,24,8,12,10,22,23,2,11,3,1,9,14,6,15,18,19,13,21,7],[4,20,12,24,10,22,16,8,23,2,3,11,1,9,14,6,15,18,19,13,21,5,7,17],[12,4,8,16,20,24,22,10,23,2,3,11,1,9,14,6,15,18,19,13,21,5,17,7],[16,12,4,8,20,24,22,10,11,23,2,3,9,14,15,6,18,19,1,13,21,7,5],[4,16,20,24,12,10,22,8,23,2,11,3,9,14,15,6,18,19,13,1,21,7,5,17],[20,24,12,22,4,8,16,10,11,23,2,3,1,9,14,6,15,18,19,13,21,5,17,7],[4,20,24,16,8,12,22,10,23,2,11,3,1,9,14,6,15,18,19,13,21,7,5,17],[24,20,8,12,10,22,4,16,11,23,2,3,9,14,15,6,18,19,1,13,21,5,7,17],[12,4,8,16,20,24,10,22,23,2,11,3,1,9,14,6,15,18,19,13,21,5,7,17],[12,16,8,20,24,10,22,4,11,23,2,3,9,14,15,6,18,19,13,21,1,7,17],[16,12,4,24,10,22,8,20,11,23,2,3,9,14,15,6,18,19,1,13,21,5,7,17],[16,4,12,8,24,22,20,10,23,2,11,3,1,9,14,6,15,18,19,13,21,5,7,17],[4,16,12,20,8,24,22,10,23,2,3,11,1,9,14,6,15,18,19,21,13,7,17,5],[4,12,16,8,20,24,10,22,11,23,2,3,1,9,14,6,15,18,19,13,21,5,7,17],[4,16,12,20,8,24,22,10,23,2,3,11,9,14,15,6,18,19,13,21,1,17,5,7],[12,16,8,4,20,24,10,22,11,23,2,3,9,14,15,6,18,19,1,13,21,5,7,17],[20,24,12,10,22,4,8,16,23,2,11,3,1,9,14,6,15,18,19,13,21,5,7],[12,20,4,16,24,22,8,10,23,2,3,11,1,9,14,6,15,18,19,13,21,5,7,17],[4,24,8,12,10,22,16,20,23,2,3,11,9,14,15,6,18,19,13,1,21,7,5,17],[12,4,8,24,22,16,20,10,11,23,2,3,9,14,15,6,18,19,13,21,1,5,7,17],[4,8,16,12,20,24,22,10,11,23,2,3,1,9,14,6,15,18,19,13,21,5,7,17],[24,20,16,8,4,12,10,22,23,2,3,11,9,14,15,6,18,19,13,21,1,7,17,5],[8,16,4,20,12,24,22,10,11,23,2,3,9,14,15,6,18,19,13,21,1,7,5,17],[4,24,8,16,12,10,22,20,11,23,2,3,9,14,15,6,18,19,13,21,1,17,7,5],[16,4,20,8,12,24,22,10,23,2,3,11,1,9,14,6,15,18,19,13,21,7,17],[4,20,8,16,24,12,10,22,23,2,11,3,9,14,15,6,18,19,13,1,21,7,5,17],[4,20,24,12,10,22,16,8,23,2,3,11,9,14,15,6,18,19,1,13,21,7,17,5],[4,8,12,20,16,24,22,10,23,2,11,3,1,9,14,6,15,18,19,13,21,7],[16,20,12,8,4,24,22,10,11,23,2,3,1,9,14,6,15,18,19,13,21,7,5,17],[12,24,10,22,4,20,8,16,23,2,3,11,9,14,15,6,18,19,1,21,13,7,17],[4,8,16,24,12,10,22,20,23,2,3,11,1,9,14,6,15,18,19,13,21,7,17,5],[12,16,20,24,22,4,8,10,11,23,2,3,1,9,14,6,15,18,19,13,21,7,5,17],[4,8,12,20,24,22,16,10,23,2,11,3,9,14,15,6,18,19,1,13,21,7,17,5],[16,20,4,24,12,22,8,10,11,23,2,3,9,14,15,6,18,19,1,13,21,5,7,17],[4,20,12,16,24,22,8,10,23,2,3,11,1,9,14,6,15,18,19,13,21,5,17],[4,24,16,12,10,22,20,8,11,23,2,3,1,9,14,15,6,18,19,13,21,7,17],[12,20,8,4,16,24,22,10,11,23,2,3,1,9,14,6,15,18,19,13,21,5,7,17],[8,12,16,4,20,24,10,22,11,23,2,3,1,9,14,6,15,18,19,13,21,17,7,5],[8,12,20,4,16,24,22,10,11,23,2,3,9,14,15,6,18,19,1,13,21,7,17,5],[4,16,8,24,20,12,22,10,23,2,11,3,1,9,14,6,15,18,19,13,21,7,17,5],[20,12,24,10,22,8,16,4,11,23,2,3,1,9,14,6,15,18,19,13,21,5,7,17],[8,12,16,20,24,22,4,10,11,23,2,3,9,14,15,6,18,19,13,1,5,21,17,7],[4,12,8,20,24,10,22,16,23,2,11,3,9,14,15,6,18,19,1,13,21,5,17,7],[4,16,12,8,20,24,10,22,11,23,2,3,9,14,15,6,18,19,1,13,7,21,5,17],[24,4,12,10,22,8,16,20,23,2,11,3,1,9,14,6,15,18,19,13,21,7,17,5],[20,24,16,4,8,12,10,22,23,2,11,3,9,14,15,6,18,19,1,13,21,7],[24,4,8,20,16,12,22,10,11,23,2,3,1,9,14,6,15,18,19,21,13,7],[4,24,8,16,12,22,20,10,11,23,2,3,1,9,14,6,15,18,19,21,13,7,5,17],[24,12,22,4,16,20,8,10,11,23,2,3,1,9,14,6,15,18,19,13,21,7,17,5],[4,16,8,24,20,12,22,10,11,23,2,3,1,9,14,6,15,18,19,13,21,5,7],[12,4,24,22,16,20,8,10,11,23,2,3,9,14,15,6,18,19,1,7,13,21],[16,12,8,20,4,24,22,10,23,2,11,3,9,14,15,6,18,19,1,13,21,5,7,17],[4,16,12,8,24,22,20,10,23,2,11,3,9,14,15,6,18,19,1,13,21,7,17],[4,8,16,20,12,24,22,10,11,23,2,3,9,14,15,6,18,19,13,21,1,7,17],[12,4,8,24,22,20,16,10,11,23,2,3,1,9,14,6,15,18,19,13,21,5,17,7],[16,12,8,20,24,10,22,4,11,23,2,3,9,14,15,6,18,19,1,13,21,5,7,17],[4,24,16,20,8,12,22,10,11,23,2,3,9,14,15,6,18,19,1,13,21,5,17,7],[4,12,8,16,20,24,22,10,23,2,3,11,9,14,15,6,18,19,1,13,21,7,17,5],[4,24,20,16,8,12,10,22,23,2,3,11,9,14,15,6,18,19,13,1,21,5,7],[24,8,16,20,12,22,4,10,23,2,11,3,1,9,14,6,18,15,19,13,21,5,7,17],[16,8,12,20,24,10,22,4,23,2,3,11,9,14,15,6,18,19,13,1,21,5,7],[8,20,4,24,16,12,10,22,11,23,2,3,9,14,15,6,18,19,13,21,1,7,5,17],[20,12,16,24,22,4,8,10,11,23,2,3,1,9,14,6,15,18,19,13,21,7,5,17],[4,24,20,16,8,12,10,22,23,2,3,11,9,14,15,6,18,19,13,21,1,7,5],[16,20,12,24,10,22,8,4,23,2,11,3,9,14,15,6,18,19,1,13,21,7,17,5],[8,4,24,16,20,12,22,10,11,23,2,3,9,14,15,6,18,19,1,21,13,7,17,5],[16,4,12,24,22,8,20,10,23,2,3,11,9,14,15,6,18,19,13,21,1,5,7,17],[8,4,16,20,24,12,10,22,23,2,11,3,9,14,15,6,18,19,13,1,21,7],[24,4,20,12,10,22,8,16,11,23,2,3,1,9,14,6,15,18,19,13,21,17,7],[20,4,16,24,12,22,8,10,11,23,2,3,9,14,15,6,18,19,13,1,21,7,17],[8,20,12,24,10,22,16,4,23,2,3,11,1,9,14,6,15,18,19,13,21,5,7,17],[12,20,16,4,24,22,8,10,23,2,11,3,9,14,15,6,18,19,13,1,21,7,5],[4,16,8,20,24,12,22,10,23,2,3,11,1,9,14,6,15,18,19,13,21,17,5,7],[20,4,16,24,8,12,22,10,11,23,2,3,9,14,15,6,18,19,13,21,1,5,7,17],[12,20,24,10,22,4,16,8,11,23,2,3,1,9,14,6,15,18,19,13,21,5,17],[16,12,4,24,22,20,8,10,23,2,3,11,1,9,14,6,15,18,19,13,21,7,5],[16,4,20,12,24,22,8,10,23,2,3,11,9,14,15,6,18,19,1,13,21,7,17,5],[20,4,8,12,24,22,16,10,23,2,3,11,9,14,15,6,18,19,1,13,21,5,7,17],[24,8,4,16,12,10,22,20,23,2,11,3,1,9,14,6,15,18,19,13,21,7,5,17],[8,24,12,10,22,16,4,20,11,23,2,3,9,14,15,6,18,19,13,1,21,7,17,5],[12,4,20,8,24,10,22,16,23,2,3,11,9,14,15,6,18,19,1,21,13,17,7,5],[4,8,16,12,20,24,22,10,23,2,3,11,1,9,14,6,15,18,19,13,21,5,7,17],[20,16,8,12,24,22,4,10,11,23,2,3,9,14,15,6,18,19,13,21,1,5,7,17],[8,16,20,24,12,22,4,10,23,2,11,3,9,14,15,6,18,19,13,21,1,7,17,5],[4,24,16,8,20,12,22,10,11,23,2,3,9,14,15,6,18,19,13,1,21,5,17,7],[20,16,24,4,12,10,22,8,23,2,11,3,1,9,14,6,15,18,19,13,7,21,17,5],[16,4,8,12,20,24,10,22,11,23,2,3,1,9,14,6,15,18,19,13,21,5,7,17],[12,24,22,8,16,20,4,10,23,2,11,3,1,9,14,6,15,18,19,13,21,7,17,5],[20,12,8,4,16,24,22,10,11,23,2,3,1,9,14,6,15,18,19,13,21,7,5,17],[4,16,20,8,24,12,10,22,11,23,2,3,1,9,14,6,15,18,19,13,21,7,5],[24,20,4,8,16,12,10,22,23,2,11,3,9,14,15,6,18,19,1,13,17,21,5,7],[4,12,18,20,16,24,22,8,10,23,2,11,3,9,14,15,6,19,13,21,1,5,7,17],[8,16,12,4,20,24,22,10,23,2,11,3,1,9,14,6,15,18,19,21,13,7,5,17],[8,24,4,12,10,22,20,16,11,23,2,3,9,14,15,6,18,19,13,21,1,5,7,17],[12,4,20,8,16,24,22,10,23,2,3,11,9,14,15,6,18,19,13,21,1,5,7,17],[24,4,12,10,22,8,16,20,23,2,3,11,1,9,14,6,15,18,19,13,21,5,7],[20,8,4,24,12,22,16,10,11,23,2,3,1,9,14,6,15,18,19,13,21,17,7,5],[12,8,20,16,4,24,10,22,11,23,2,3,9,14,15,6,18,19,1,13,21,7,5,17],[20,4,24,8,12,22,16,10,11,23,2,3,9,14,15,6,18,19,1,13,21,5,7,17],[8,16,20,24,12,10,22,4,23,2,3,11,9,14,15,6,18,19,13,21,1,17,7],[8,20,24,4,16,12,22,10,23,2,11,3,1,9,14,6,15,18,19,21,13,7,17,5],[12,4,16,20,8,24,10,22,11,23,2,3,9,14,15,6,18,19,1,13,21,5,7,17],[4,24,16,8,20,12,22,10,11,23,2,3,1,9,14,6,15,18,19,21,13,17,7,5],[4,24,16,12,10,22,20,8,11,23,2,3,1,9,14,6,15,18,19,13,21,17,7],[12,20,8,16,4,24,22,10,11,23,2,3,1,9,14,6,15,18,19,13,5,21,7,17],[20,12,16,24,10,22,8,4,11,23,2,3,1,9,14,6,15,18,19,13,21,7,17,5],[8,24,16,4,20,12,22,10,11,23,2,3,9,14,15,6,18,19,1,21,13,5,7],[20,12,24,10,22,8,4,16,11,23,2,3,9,14,15,6,18,19,1,13,21,7],[4,16,20,24,8,12,22,10,23,2,3,11,1,9,14,6,15,18,19,13,21,7,17],[20,24,8,4,12,22,16,10,23,2,3,11,1,9,14,6,15,18,19,13,21,5],[4,24,8,20,16,12,10,22,23,2,3,11,1,9,14,6,15,18,19,13,21,7,5,17],[4,12,16,24,10,22,8,20,23,2,3,11,1,9,14,6,15,17,18,13,21,19,5,7],[24,20,8,16,4,12,10,22,23,2,3,11,1,9,14,6,15,18,19,21,13,5,17,7],[12,4,24,22,8,16,20,10,23,2,3,11,9,14,15,6,18,19,13,1,21,7,17,5],[8,24,20,12,22,16,4,10,11,23,2,3,1,9,14,6,15,18,19,13,21,5,7,17],[4,8,12,24,22,16,20,10,23,2,3,11,1,9,14,6,15,18,19,21,13,5,17,7],[12,8,20,16,24,10,22,4,23,2,3,11,1,9,14,6,15,18,19,21,13,5,7,17],[24,20,4,16,12,10,22,8,11,23,2,3,1,9,14,6,15,18,19,13,21,7,17,5],[24,20,16,8,4,12,10,22,23,2,3,11,9,14,15,6,18,19,13,1,21,7,17],[20,8,12,4,16,24,10,22,11,23,2,3,9,14,15,6,18,19,13,1,21,5,7,17],[8,16,4,20,24,12,10,22,23,2,11,3,1,9,14,6,15,18,19,21,13,7,5],[12,8,4,24,22,16,20,10,11,23,2,3,9,14,15,6,18,19,1,13,21,7],[12,20,24,22,16,4,8,10,11,23,2,3,1,9,14,6,15,18,19,13,21,5,7,17],[20,8,16,4,24,12,22,10,23,2,11,3,1,9,14,6,18,15,19,13,21,5,7,17],[16,24,20,8,4,12,10,22,23,2,11,3,1,9,14,6,15,18,19,13,21,5,7,17],[12,20,24,10,22,4,16,8,11,23,2,3,1,9,14,6,15,18,19,13,21,7],[20,24,8,12,22,16,4,10,11,23,2,3,9,14,15,6,18,19,13,21,1,7,17],[8,16,20,12,4,24,10,22,11,23,2,3,1,9,14,6,15,18,19,13,21,7,5],[16,4,24,8,20,12,22,10,23,2,3,11,1,9,14,6,15,18,19,13,21,7,17,5],[16,12,4,24,22,8,20,10,23,2,3,11,1,9,14,6,15,18,19,13,21,5,7,17],[4,24,20,8,16,12,10,22,11,23,2,3,1,9,14,6,15,18,19,13,21,5,7],[20,12,4,8,16,24,10,22,23,2,3,11,1,9,14,6,15,18,19,13,21,7,17,5],[16,8,12,20,24,10,22,4,11,23,2,3,9,14,15,6,18,19,1,13,21,7,17,5],[12,20,16,24,22,8,4,10,11,23,2,3,9,14,15,6,18,19,1,13,21,5,7,17],[12,8,16,24,10,22,4,20,23,2,3,11,1,9,14,6,15,18,19,13,21,5,7,17],[8,12,24,22,16,20,4,10,23,2,3,11,1,9,14,6,15,18,19,21,13,5,17,7],[20,16,4,24,8,12,22,10,23,2,11,3,9,14,15,6,18,19,1,13,5,21,17,7],[16,12,20,24,22,8,4,10,23,2,3,11,1,9,14,6,15,18,19,13,21,7,5,17],[8,20,16,24,4,12,10,22,11,23,2,3,1,9,14,6,15,18,19,13,21,5,17],[12,8,16,4,24,22,20,10,23,2,11,3,9,14,15,6,18,19,1,13,21,7],[16,20,12,4,8,24,22,10,23,2,11,3,9,14,15,6,18,19,13,1,21,7,5],[20,8,4,12,16,24,22,10,23,2,11,3,9,14,15,6,18,19,13,21,1,7],[24,12,10,22,8,20,4,16,23,2,11,3,9,14,15,6,18,19,1,13,21,5,7,17],[20,16,4,8,24,12,10,22,23,2,3,11,9,14,15,6,18,19,1,13,21,7],[4,16,20,12,24,10,22,8,11,23,2,3,1,9,14,6,15,18,19,13,21,5,7,17],[24,12,10,22,8,20,16,4,11,23,2,3,9,14,15,6,18,19,1,13,21,17,5,7],[8,4,20,12,16,24,22,10,23,2,3,11,9,14,15,6,18,19,1,13,21,7,17,5],[8,20,12,24,10,22,4,16,11,23,2,3,1,9,14,6,15,18,19,13,21,17,5,7],[8,20,12,24,22,16,4,10,11,23,2,3,9,14,15,6,18,19,1,13,21,5,7,17],[8,20,16,24,4,12,10,22,11,23,2,3,1,9,14,6,15,18,19,13,21,17,7],[8,12,16,24,10,22,20,4,11,23,2,3,9,14,15,6,18,19,1,13,21,7,5,17],[20,24,12,10,22,16,8,4,23,2,11,3,1,9,14,6,15,18,19,13,21,7,17,5],[16,8,4,20,12,24,10,22,23,2,3,11,9,14,15,6,18,19,13,1,21,7],[12,4,8,20,16,24,22,10,11,23,2,3,1,9,14,6,15,18,19,13,21,7,17,5],[12,4,16,20,8,24,10,22,23,2,3,11,9,14,15,6,18,19,13,1,21,5,7,17],[4,24,16,12,10,22,20,8,23,2,3,11,9,14,15,6,18,19,13,21,1,17,5,7],[20,4,16,8,12,24,22,10,11,23,2,3,1,9,14,6,15,18,19,13,21,7,17,5],[16,8,4,24,12,10,22,20,23,2,3,11,9,14,15,6,18,19,1,13,21,5,7,17],[20,12,24,10,22,8,4,16,11,23,2,3,1,9,14,6,15,18,19,13,21,17,5,7],[12,16,24,22,20,4,8,10,11,23,2,3,9,14,15,6,18,19,1,13,21,5,7,17],[20,4,16,12,8,24,10,22,11,23,2,3,1,9,14,6,15,18,19,13,21,5,7,17],[16,20,8,24,4,12,22,10,11,23,2,3,9,14,15,6,18,19,13,21,1,7,17],[16,20,4,12,24,22,8,10,23,2,3,11,1,9,14,6,15,18,19,13,21,7,17],[4,16,12,24,10,22,8,20,23,2,3,11,1,9,14,6,15,18,19,13,21,7,17,5],[4,8,12,20,24,22,16,10,11,23,2,3,1,9,14,6,15,18,19,13,21,5,7],[12,16,8,24,10,22,4,20,23,2,11,3,9,14,15,6,18,19,13,1,21,7,5],[12,20,8,16,4,24,10,22,23,2,3,11,9,14,15,6,18,19,1,21,13,7,17],[20,24,12,22,4,16,8,10,11,23,2,3,1,9,14,6,15,18,19,21,13,7,5,17],[20,12,8,4,24,22,16,10,23,2,11,3,1,9,14,6,15,18,19,13,21,7],[20,8,24,16,12,10,22,4,11,23,2,3,1,9,14,6,15,18,19,13,21,5,7,17],[20,8,12,24,22,4,16,10,23,2,3,11,9,14,15,6,18,19,13,21,1,7,5,17],[24,16,12,10,22,8,4,20,23,2,3,11,1,9,14,6,15,18,19,13,21,7,17,5],[20,12,4,24,10,22,16,8,23,2,11,3,9,14,15,6,18,19,1,13,21,17,7],[20,8,24,12,10,22,4,16,23,2,11,3,9,14,15,6,18,19,1,13,21,7,17,5],[12,16,20,8,24,22,4,10,23,2,3,11,1,9,14,6,15,18,19,13,21,5,7,17],[16,8,20,24,12,10,22,4,11,23,2,3,9,14,15,6,18,19,1,21,13,17,5,7],[4,16,24,12,22,20,8,10,11,23,2,3,9,14,15,6,18,19,13,21,1,5,7,17],[8,20,16,12,4,24,22,10,23,2,3,11,9,14,15,6,18,19,13,21,1,7,5,17],[24,16,12,22,20,8,4,10,11,23,2,3,1,9,14,6,15,18,19,21,5,13,7,17],[8,24,20,16,12,22,4,10,11,23,2,3,1,9,14,6,15,18,19,13,21,7,5,17],[12,20,16,24,22,4,8,10,11,23,2,3,1,9,14,6,15,18,19,13,5,21,7],[12,24,10,22,20,8,16,4,23,2,3,11,1,9,14,6,15,18,19,13,21,5,7],[20,16,24,4,8,12,22,10,11,23,2,3,9,14,15,6,18,19,13,21,1,5,17,7],[8,20,12,16,24,10,22,4,11,23,2,3,1,9,14,6,15,18,19,13,21,7,17],[12,8,4,16,24,10,22,20,23,2,3,11,9,14,15,6,18,19,1,13,21,7],[24,12,22,8,16,4,20,10,23,2,11,3,1,9,14,6,15,18,19,21,13,7,5],[20,24,16,4,12,22,8,10,23,2,11,3,9,14,15,6,18,19,13,21,1,7,17,5],[20,24,12,10,22,4,16,8,23,2,11,3,1,9,14,6,15,18,19,13,21,5,7,17],[20,4,16,12,8,24,22,10,23,2,11,3,9,14,15,6,18,19,13,21,1,5,7,17],[20,16,12,24,22,4,8,10,11,23,2,3,9,14,15,6,18,19,1,13,21,5,7],[8,20,16,12,24,22,4,10,23,2,11,3,1,9,14,6,15,18,19,13,21,7],[16,12,24,22,20,4,8,10,11,23,2,3,9,14,15,6,18,19,1,13,21,7,17],[8,12,24,10,22,16,4,20,11,23,2,3,1,9,14,6,15,18,19,13,21,7,5,17],[24,12,10,22,20,4,16,8,11,23,2,3,1,9,14,6,15,18,19,13,21,7,5,17],[24,16,20,4,8,12,10,22,11,23,2,3,9,14,15,6,18,19,13,1,21,17,7,5],[24,20,12,22,8,4,16,10,11,23,2,3,1,9,14,6,15,18,17,13,19,21,5,7],[24,16,20,8,4,12,22,10,11,23,2,3,9,14,15,6,18,19,1,13,21,7,5,17],[24,12,22,20,8,16,4,10,23,2,11,3,1,9,14,6,15,18,19,13,21,5,7,17],[8,4,12,24,10,22,20,16,11,23,2,3,1,9,14,6,15,18,19,13,5,21,7,17],[24,20,12,22,4,16,8,10,11,23,2,3,9,14,15,6,18,19,1,21,13,5,17,7],[8,12,20,24,22,4,16,10,11,23,2,3,9,14,15,6,18,19,13,1,21,5,17,7],[4,20,16,24,8,12,22,10,23,2,11,3,9,14,15,6,18,19,1,13,21,7,5],[4,8,20,12,24,22,16,10,11,23,2,3,1,9,14,6,15,18,19,13,21,7,17],[20,12,16,8,24,10,22,4,11,23,2,3,1,9,14,6,15,18,19,13,21,7,5],[20,12,8,24,10,22,16,4,11,23,2,3,1,9,14,6,15,18,19,13,21,17,7],[4,24,16,12,22,20,8,10,23,2,3,11,1,9,14,6,15,18,19,13,21,5,7,17],[20,24,12,22,4,16,8,10,23,2,11,3,1,9,14,6,15,18,19,21,13,7],[20,24,16,4,12,22,8,10,11,23,2,3,1,9,14,6,15,18,19,13,21,17,7,5],[12,16,8,4,20,24,22,10,11,23,2,3,9,14,15,6,18,19,13,21,1,5,7,17],[16,12,24,22,20,4,8,10,11,23,2,3,1,9,14,6,15,18,19,13,21,7,5,17],[24,4,12,10,22,20,8,16,23,2,3,11,9,14,15,6,18,19,1,13,21,7,17,5],[8,12,20,24,10,22,4,16,23,2,11,3,1,9,14,6,15,18,19,13,21,7,17],[12,24,22,16,4,20,8,10,11,23,2,3,1,9,14,6,15,18,19,13,21,7,17,5],[12,24,22,8,4,16,20,10,11,23,2,3,9,14,15,6,18,19,13,1,7,21,17],[4,20,24,8,16,12,22,10,11,23,2,3,9,14,15,6,18,19,13,1,21,5,17,7],[8,12,4,24,10,22,16,20,23,2,11,3,9,14,15,6,18,19,13,1,21,5,17,7],[12,8,16,4,20,24,10,22,11,23,2,3,1,9,14,6,15,18,19,13,21,5,17,7],[12,16,4,24,10,22,8,20,23,2,3,11,9,14,15,6,18,19,1,13,21,7,17,5],[12,8,4,24,22,16,20,10,11,23,2,3,1,9,14,6,15,18,19,13,21,7,17],[8,16,20,12,24,10,22,4,11,23,2,3,9,14,15,6,18,19,13,1,21,5,17,7],[24,4,12,22,8,16,20,10,11,23,2,3,9,14,15,6,18,19,1,13,21,7,5,17],[16,4,8,24,20,12,10,22,11,23,2,3,9,14,15,6,18,19,13,21,1,5,7],[24,20,16,12,10,22,8,4,23,2,11,3,9,14,15,6,18,19,13,1,21,5],[12,4,24,10,22,16,20,8,11,23,2,3,1,9,14,6,15,18,19,13,21,5,7,17],[12,16,24,10,22,20,4,8,23,2,11,3,9,14,15,6,18,19,1,13,21,7],[20,4,12,24,22,16,8,10,11,23,2,3,9,14,15,6,18,19,1,13,21,7,5],[12,8,20,24,10,22,16,4,11,23,2,3,1,9,14,6,15,18,19,13,21,7,17,5],[24,16,20,4,8,12,10,22,23,2,11,3,1,9,14,6,15,18,19,13,21,7,17],[16,12,20,8,4,24,10,22,23,2,3,11,1,9,14,6,15,18,19,13,21,7,17,5],[24,4,12,10,22,16,20,8,11,23,2,3,9,14,15,6,18,19,13,1,21,7,17,5],[8,12,24,10,22,4,16,20,23,2,3,11,9,14,15,6,18,19,1,13,21,5,17,7],[20,4,12,8,16,24,22,10,11,23,2,3,9,14,15,6,18,19,13,1,21,17,7,5],[8,16,20,24,12,22,4,10,11,23,2,3,1,9,14,6,15,18,19,13,21,7,17,5],[4,24,20,12,22,16,8,10,11,23,2,3,9,14,15,6,18,19,1,21,13,7,5,17],[20,12,8,16,24,10,22,4,11,23,2,3,9,14,15,6,18,19,13,21,1,7,5,17],[8,16,20,4,24,12,22,10,23,2,11,3,1,9,14,6,15,18,19,13,21,7,17],[8,16,20,4,12,24,22,10,11,23,2,3,9,14,15,6,18,19,13,21,1,7,5,17],[24,16,12,10,22,4,20,8,11,23,2,3,9,14,15,6,18,19,1,13,21,5,7,17],[24,16,4,12,10,22,20,8,11,23,2,3,1,9,14,6,15,18,19,13,21,7,5,17],[24,4,16,20,12,22,8,10,11,23,2,3,1,9,14,6,15,18,19,13,21,5,17,7],[16,4,20,8,24,12,10,22,23,2,11,3,1,9,14,6,18,15,19,13,21,7,5,17],[24,12,10,22,16,8,20,4,11,23,2,3,9,14,15,6,18,19,13,21,1,5,7],[16,4,20,12,8,24,10,22,11,23,2,3,9,14,15,6,18,19,13,21,1,7,5,17],[20,12,16,24,22,8,4,10,11,23,2,3,9,14,15,6,18,19,1,5,13,21,7,17],[16,24,12,22,20,4,8,10,23,2,11,3,1,9,14,6,15,18,19,21,13,5,7,17],[20,12,24,22,8,16,4,10,11,23,2,3,1,9,14,6,15,18,19,5,13,21,7,17],[4,8,24,12,22,20,16,10,23,2,11,3,9,14,15,6,18,19,13,21,1,7,17,5],[4,24,20,16,12,10,22,8,23,2,11,3,9,14,15,6,18,19,13,1,21,7,5,17],[4,24,12,10,22,16,8,20,11,23,2,3,1,9,14,6,15,18,19,13,21,5,7],[12,16,4,20,8,24,10,22,23,2,3,11,1,9,14,6,15,18,19,13,21,17,7,5],[16,8,24,12,10,22,4,20,23,2,3,11,9,14,15,6,18,19,1,13,21,7,5],[12,16,8,20,24,10,22,4,23,2,3,11,9,14,15,6,18,19,13,21,1,7,5,17],[24,4,8,16,20,12,22,10,23,2,3,11,9,14,15,6,18,19,1,21,13,5,7,17],[8,16,24,20,4,12,22,10,11,23,2,3,1,9,14,6,15,18,19,13,21,7,17,5],[12,16,8,20,24,22,4,10,23,2,3,11,9,14,15,6,18,19,13,21,1,7],[24,20,4,12,10,22,8,16,23,2,3,11,9,14,15,6,18,19,13,1,21,7,5,17],[20,4,8,16,24,12,22,10,11,23,2,3,9,14,15,6,18,19,1,13,21,7,5,17],[8,12,4,20,16,24,10,22,11,23,2,3,9,14,15,6,18,19,13,21,1,7],[8,12,24,22,20,16,4,10,23,2,3,11,1,9,14,6,15,18,19,21,13,5,7,17],[4,12,20,8,24,10,22,16,23,2,11,3,1,9,14,6,15,18,19,13,21,5,7,17],[12,24,10,22,4,20,16,8,11,23,2,3,1,9,14,6,15,18,19,13,21,7,17,5],[24,8,16,4,12,22,20,10,11,23,2,3,9,14,15,6,18,19,13,21,1,7],[12,16,24,10,22,20,8,4,11,23,2,3,9,14,15,6,18,19,13,21,1,7,17,5],[4,20,12,16,24,10,22,8,11,23,2,3,9,14,15,6,18,19,1,13,21,7,17,5],[24,8,12,22,16,20,4,10,11,23,2,3,1,9,14,6,15,18,19,13,21,7,17,5],[8,12,24,10,22,4,16,20,23,2,11,3,9,14,15,6,18,19,13,21,1,7,5,17],[16,4,8,20,12,24,10,22,23,2,3,11,9,14,15,6,18,19,1,13,21,7],[24,16,8,20,12,22,4,10,11,23,2,3,1,9,14,6,15,18,19,13,21,7,5,17],[8,20,16,24,4,12,22,10,11,23,2,3,1,9,14,6,15,18,19,13,21,5,17,7],[24,16,12,22,8,20,4,10,23,2,3,11,9,14,15,6,18,19,1,13,21,5,7,17],[12,8,16,20,24,22,4,10,11,23,2,3,9,14,15,6,18,19,1,13,21,7,17],[20,16,12,24,22,4,8,10,23,2,3,11,1,9,14,6,15,18,19,13,21,5,7,17],[4,8,20,24,16,12,22,10,11,23,2,3,1,9,14,6,15,18,19,13,21,7,5],[20,16,24,4,12,22,8,10,23,2,11,3,1,9,14,6,15,18,19,13,21,5,17,7],[20,16,4,12,8,24,22,10,11,23,2,3,1,9,14,6,15,18,19,13,21,7],[24,4,16,12,22,8,20,10,23,2,11,3,1,9,14,6,15,18,19,13,17,21,7],[20,16,4,8,24,12,10,22,11,23,2,3,1,9,14,6,18,15,19,13,21,5,7],[12,4,16,8,24,10,22,20,23,2,3,11,1,9,14,6,15,18,19,13,21,7,5,17],[16,20,8,12,4,24,10,22,11,23,2,3,1,9,14,15,6,18,19,13,21,5,17,7],[16,8,4,24,20,12,22,10,23,2,3,11,9,14,15,6,18,19,13,21,1,7,5],[8,12,16,24,10,22,4,20,11,23,2,3,9,14,15,6,18,19,13,1,21,5,7,17],[24,12,22,8,20,4,16,10,11,23,2,3,1,9,14,6,15,18,19,13,7,21,17,5],[24,8,16,20,4,12,22,10,11,23,2,3,1,9,14,6,15,18,19,13,21,7,17],[24,8,12,10,22,16,4,20,23,2,3,11,1,9,14,6,15,18,19,13,21,5,7,17],[20,8,16,24,12,10,22,4,23,2,11,3,9,14,15,6,18,19,1,13,21,7,17],[20,12,16,4,8,24,22,10,11,23,2,3,9,14,15,6,18,19,1,13,21,7,5,17],[8,16,12,4,24,22,20,10,23,2,3,11,1,9,14,6,15,18,19,13,21,17,5],[16,4,24,12,10,22,20,8,11,23,2,3,1,9,14,6,15,18,19,13,21,5,7],[4,24,8,12,10,22,16,20,11,23,2,3,9,14,15,6,18,19,13,21,1,5,7,17],[8,16,20,12,4,24,10,22,23,2,11,3,1,9,14,6,15,17,18,13,19,21,7,5],[4,24,12,22,20,16,8,10,11,23,2,3,9,14,15,6,18,19,13,21,1,5,7,17],[4,20,16,12,24,22,8,10,11,23,2,3,1,9,14,6,15,18,19,13,21,5,7,17],[8,4,12,24,10,22,20,16,11,23,2,3,9,14,15,6,18,19,1,13,21,5,7,17],[16,12,20,4,24,22,8,10,23,2,3,11,9,14,15,6,18,19,13,1,21,17,5,7],[8,20,24,12,10,22,4,16,23,2,3,11,1,9,14,6,15,18,19,13,21,7,5,17],[8,20,24,4,12,10,22,16,23,2,11,3,1,9,14,6,15,18,19,13,21,7,5],[4,8,20,16,12,24,22,10,23,2,11,3,1,9,14,6,15,18,19,13,21,5,7,17],[12,8,20,16,4,24,10,22,23,2,3,11,9,14,15,6,18,19,1,13,21,7],[4,24,20,16,8,12,22,10,11,23,2,3,1,9,14,6,15,18,19,13,21,5,7],[12,24,10,22,20,8,16,4,23,2,11,3,9,14,15,6,18,19,1,21,13,7,17,5],[12,8,24,10,22,20,16,4,23,2,3,11,1,9,14,6,18,15,19,13,21,7,5,17],[12,24,22,20,16,4,8,10,23,2,11,3,9,14,15,6,18,19,13,1,21,7],[12,20,16,4,8,24,22,10,23,2,3,11,1,9,14,6,15,18,19,13,21,7,5,17],[16,8,24,4,20,12,10,22,23,2,3,11,9,14,15,6,18,19,1,13,21,5,7,17],[8,20,12,24,22,16,4,10,11,23,2,3,1,9,14,6,15,18,19,13,21,5,17,7],[8,20,16,24,4,12,22,10,23,2,3,11,1,9,14,6,15,18,19,13,21,7],[20,8,16,4,12,24,10,22,23,2,11,3,1,9,14,6,15,18,19,13,21,7,5],[24,4,16,8,12,10,22,20,23,2,11,3,1,9,14,6,15,18,19,13,21,5,17,7],[4,24,20,8,16,12,10,22,23,2,11,3,9,14,15,6,18,19,1,13,21,5,7,17],[12,20,8,16,24,10,22,4,11,23,2,3,9,14,15,6,18,19,1,13,21,7,17,5],[8,20,16,24,4,12,22,10,23,2,3,11,9,14,15,6,18,19,13,1,21,17,5,7],[16,12,24,22,20,8,4,10,23,2,11,3,9,14,15,6,18,19,1,13,21,7,17,5],[24,16,12,10,22,20,4,8,23,2,3,11,1,9,14,6,15,18,19,13,21,7,17,5],[20,8,16,24,4,12,10,22,23,2,3,11,9,14,15,6,18,19,13,21,1,5,7,17],[16,12,8,24,10,22,20,4,11,23,2,3,1,9,14,6,15,18,19,13,21,5,7,17],[24,8,12,22,16,4,20,10,11,23,2,3,9,14,15,6,18,19,1,13,21,7,5,17],[12,24,22,8,20,16,4,10,11,23,2,3,1,9,14,6,15,18,19,13,21,5,7],[16,8,4,12,24,22,20,10,11,23,2,3,9,14,15,6,18,19,13,21,1,5,7,17],[12,20,8,4,24,22,16,10,11,23,2,3,9,14,15,6,18,19,1,13,21,17,7],[12,4,8,20,16,24,10,22,11,23,2,3,1,9,14,6,15,18,19,13,21,5,7],[4,24,12,10,22,16,20,8,23,2,11,3,9,14,15,6,18,19,1,13,21,5,17,7],[24,12,10,22,20,4,8,16,23,2,11,3,1,9,14,6,15,18,19,13,5,21,7,17],[20,24,8,12,10,22,16,4,11,23,2,3,9,14,15,6,18,19,13,21,1,5,7,17],[8,24,12,22,4,20,16,10,11,23,2,3,9,14,15,6,18,19,1,13,21,7,17],[16,12,4,20,8,24,10,22,23,2,11,3,1,9,14,6,15,18,19,13,21,5,7,17],[20,4,12,24,22,8,16,10,23,2,3,11,9,14,15,6,18,19,13,21,1,5,7,17],[4,16,20,8,12,24,10,22,11,23,2,3,1,9,14,6,15,18,19,13,21,17,7],[16,4,20,12,24,10,22,8,11,23,2,3,9,14,15,6,18,19,1,13,21,7],[20,16,4,12,8,24,22,10,11,23,2,3,9,14,15,6,18,19,1,13,7,21,5,17],[4,24,16,12,10,22,8,20,11,23,2,3,1,9,14,6,15,18,19,13,21,5,7,17],[16,24,4,12,22,20,8,10,23,2,11,3,9,14,15,6,18,19,1,13,7,21,17],[16,12,20,8,4,24,10,22,11,23,2,3,1,9,14,6,15,18,19,13,21,7,5],[20,16,24,8,12,22,4,10,23,2,11,3,1,9,14,6,15,18,19,13,21,5,7,17],[8,4,12,20,24,10,22,16,11,23,2,3,9,14,15,6,18,19,13,21,1,5,7,17],[20,12,4,24,22,16,8,10,11,23,2,3,9,14,15,6,18,19,1,13,21,5,7,17],[24,8,12,22,4,16,20,10,23,2,11,3,1,9,14,6,15,18,19,13,21,7],[16,12,24,10,22,8,4,20,23,2,3,11,9,14,15,6,18,19,13,1,21,7,5,17],[24,16,8,20,4,12,10,22,23,2,3,11,1,9,14,6,15,18,19,13,21,7,5,17],[4,24,8,12,10,22,16,20,11,23,2,3,1,9,14,6,15,18,19,13,21,5,7,17],[4,8,12,24,10,22,20,16,23,2,3,11,1,9,14,6,15,18,19,13,21,5,7],[4,24,16,12,22,20,8,10,11,23,2,3,9,14,15,6,18,19,1,13,21,7,17],[16,4,24,20,8,12,22,10,11,23,2,3,1,9,14,6,15,18,19,21,13,7,17],[4,20,24,8,16,12,10,22,23,2,11,3,1,9,14,6,15,18,19,13,21,7,17],[12,8,20,16,4,24,10,22,11,23,2,3,9,14,15,6,18,19,13,1,21,5,7,17],[12,24,10,22,8,16,20,4,23,2,11,3,1,9,14,6,15,18,19,13,21,5,17,7],[8,24,20,12,22,16,4,10,11,23,2,3,1,9,14,6,18,15,19,13,21,5,7,17],[12,24,10,22,8,4,20,16,23,2,3,11,1,9,14,6,15,18,19,13,21,7,17],[8,24,4,16,12,22,20,10,11,23,2,3,9,14,15,6,18,19,1,13,21,7,5,17],[20,24,8,4,12,22,16,10,11,23,2,3,9,14,15,6,18,19,13,1,21,7,17],[20,16,8,12,4,24,22,10,23,2,3,11,9,14,15,6,18,19,13,1,21,7,5,17],[4,20,16,12,8,24,10,22,23,2,3,11,1,9,14,6,15,18,19,13,21,5,7,17],[12,24,22,4,16,8,20,10,23,2,3,11,1,9,14,6,15,18,19,13,21,7,5,17],[20,24,12,10,22,16,8,4,23,2,11,3,9,14,15,6,18,19,1,13,21,5,7],[24,12,10,22,4,16,20,8,11,23,2,3,9,14,15,6,18,19,1,13,21,7],[16,12,20,4,8,24,22,10,23,2,11,3,1,9,14,6,15,18,19,13,21,5,7,17],[12,20,4,24,22,8,16,10,23,2,11,3,1,9,14,6,15,18,19,13,21,7],[8,12,16,4,20,24,10,22,11,23,2,3,9,14,15,6,18,19,13,21,1,5,7,17],[24,12,22,4,8,20,16,10,11,23,2,3,1,9,14,6,15,18,19,13,21,7],[24,20,16,12,22,8,4,10,11,23,2,3,1,9,14,6,15,18,19,13,21,7],[16,8,4,12,24,22,20,10,11,23,2,3,9,14,15,6,18,19,13,21,1,5,7,17],[12,4,16,20,24,22,8,10,11,23,2,3,9,14,15,6,18,19,13,21,1,7,17],[24,20,12,22,8,4,16,10,23,2,3,11,9,14,15,6,18,19,1,13,21,7,5],[20,4,24,12,22,8,16,10,23,2,11,3,9,14,15,6,18,19,1,13,21,5,7],[20,12,24,22,8,16,4,10,11,23,2,3,9,14,15,6,18,19,1,13,21,7],[4,20,8,24,12,22,16,10,11,23,2,3,9,14,15,6,18,19,1,13,7,21,5],[16,12,8,4,20,24,10,22,11,23,2,3,1,9,14,6,18,15,19,13,21,5,7,17],[8,24,16,4,20,12,22,10,11,23,2,3,9,14,15,6,18,19,1,13,5,21,7,17],[8,4,20,16,24,12,22,10,11,23,2,3,9,14,15,6,18,19,13,1,21,5,17,7],[20,16,24,4,8,12,10,22,11,23,2,3,1,9,14,6,15,18,19,13,21,7,5,17],[8,24,12,10,22,20,4,16,11,23,2,3,1,9,14,6,15,18,19,13,21,5,7,17],[24,16,8,20,12,10,22,4,11,23,2,3,9,14,15,6,18,19,1,13,21,7,17],[4,24,16,20,12,22,8,10,23,2,11,3,9,14,15,6,18,19,1,13,21,7,17,5],[24,20,8,4,16,12,10,22,23,2,11,3,1,9,14,6,15,18,19,13,7,21,17,5],[8,20,12,4,16,24,10,22,11,23,2,3,1,9,14,6,15,18,19,13,21,7,5,17],[16,8,20,24,4,12,22,10,23,2,3,11,1,9,14,6,15,18,19,13,21,17,7],[24,8,