{"problem_id":"wf3rEBpbSNMUykQ","sigma":150,"alpha":0.316,"cost":1,"probabilities":"[0.09, 0.13, 0.72, 0.06]","payoff_matrix":"[[89, -47, -81, 71, 156, 5], [28, -44, 159, -65, -106, -185], [-12, 221, 143, 160, 15, 122], [-246, -13, -53, 347, -69, 218]]","uncovered":[[19,3,23,11,7,15,5,14],[7,15,23,11,3,19,14],[19,3,11,7,23,15,6,14],[3,23,19,7,15,11,5,14],[7,19,3,23,11,15,14],[23,11,7,19,3,15,13,6,14],[19,15,23,3,11,7,5,13,6,14],[3,11,15,19,7,23,6,14],[23,19,15,11,7,3,14],[11,19,15,23,3,7,6,14],[7,15,23,19,3,11,6,14],[7,23,11,19,15,3,6,14],[23,15,19,11,7,3,14],[23,11,3,7,19,15,8,14],[3,23,11,15,19,7,6,14],[3,7,19,15,23,11,13,6,14],[7,11,15,3,23,19,6,14],[7,19,3,23,15,11,14],[15,23,11,19,7,3,14],[7,3,15,23,19,11,6,14],[3,11,23,15,7,19,6,14],[15,19,23,3,11,7,14],[7,23,3,11,15,19,6,14],[19,23,3,7,15,11,14],[23,11,15,19,3,7,6,14],[19,23,3,11,15,7,6,14],[3,15,11,7,23,19,14],[7,23,15,3,11,19,14],[11,7,15,23,3,19,6,14],[11,15,7,19,3,23,14],[15,19,23,7,11,3,6,14],[7,23,15,3,11,19,6,14],[23,15,7,3,11,19,8,14],[19,23,15,3,7,11,6,14],[7,23,11,15,19,3,14],[11,3,23,15,19,7,6,14],[3,23,11,19,15,7,14],[15,7,23,19,11,3,5,16,14,6],[19,3,15,7,11,23,6,14],[3,19,11,7,15,23,6,14],[3,15,11,23,19,7,6,14],[11,3,15,23,19,7,14],[23,15,11,7,3,19,8,16,14,6],[19,3,15,7,23,11,14],[7,3,23,19,11,15,6,14],[11,15,19,7,3,23,14],[23,3,7,11,19,15,13,6,14],[23,19,15,11,3,7,6,14],[7,3,11,19,15,23,8,14],[3,23,19,15,11,7,14],[11,3,19,7,23,15,13,6,14],[3,23,7,19,11,15,6,14],[19,11,3,7,15,23,14],[11,3,15,19,23,7,6,14],[23,3,15,7,11,19,13,6,14],[3,19,23,11,7,15,6,14],[15,19,7,11,3,23,6,14],[23,7,3,11,19,15,6,14],[19,11,7,3,23,15,14],[19,11,23,3,15,7,14],[15,7,11,19,3,23,8,14],[23,19,7,15,11,3,13,6,14],[3,11,19,7,23,15,6,14],[3,23,19,15,11,7,5,14],[7,11,19,3,15,23,14],[3,19,7,11,23,15,8,14],[11,19,15,7,23,3,8,6,14],[11,19,3,15,23,7,6,14],[11,23,3,19,15,7,5,14],[3,7,15,11,23,19,14],[11,7,3,19,23,15,13,6,14],[19,23,7,11,15,3,6,14],[15,23,3,11,19,7,6,14],[11,19,23,7,15,3,14],[15,3,23,19,11,7,8,14],[11,15,3,23,7,19,14],[3,7,11,23,15,19,14],[7,23,11,15,19,3,16,6,14,5],[19,23,7,11,15,3,16,6,14,5],[3,15,23,7,11,19,14],[7,11,23,19,15,3,14],[23,15,7,3,19,11,5,14],[23,19,3,15,11,7,14],[15,3,23,19,7,11,16,6,14,5],[19,7,23,11,15,3,16,6,14,5],[11,19,3,15,7,23,6,14],[11,19,15,23,3,7,14],[23,7,11,3,19,15,16,6,14,5],[3,23,11,7,19,15,6,14],[3,15,19,11,7,23,6,14],[23,3,15,19,7,11,6,14],[23,19,11,15,7,3,14],[3,7,23,15,11,19,6,16,14,5],[7,11,3,19,15,23,5,14],[15,3,11,19,23,7,5,14],[7,3,11,19,15,23,16,6,14,5],[23,11,19,3,15,7,14],[19,3,7,15,11,23,6,14],[23,19,15,3,7,11,6,14],[7,23,3,15,19,11,6,14],[15,3,23,7,11,19,6,14],[11,23,19,15,3,7,5,14],[3,23,7,15,11,19,16,6,14,5],[11,23,15,7,3,19,6,14],[11,23,3,15,7,19,6,14],[19,3,7,11,23,15,14],[23,11,7,3,15,19,6,14],[11,3,15,23,7,19,6,14],[19,3,11,15,7,23,6,14],[23,11,3,7,19,15,8,13,6,14],[7,15,3,19,11,23,14],[7,11,15,23,19,3,14],[15,11,3,19,7,23,8,16,14,6],[23,7,3,19,11,15,5,14],[11,3,23,15,7,19,8,14],[7,11,19,15,23,3,14],[3,11,15,19,7,23,14],[3,7,11,15,19,23,6,14],[11,23,7,15,3,19,14],[11,19,7,3,23,15,5,14],[15,19,3,7,11,23,14],[3,15,23,11,19,7,6,14],[11,15,19,7,3,23,6,14],[11,15,3,23,7,19,5,14],[19,23,7,11,15,3,13,6,14],[11,7,23,15,3,19,8,13,6,14],[11,23,7,19,3,15,14],[11,3,15,7,19,23,8,14],[3,15,7,19,11,23,6,14],[7,15,23,3,11,19,8,14],[3,7,23,15,19,11,14],[3,23,11,7,15,19,13,6,14],[3,19,15,7,11,23,8,16,6,14],[15,19,11,23,7,3,6,14],[11,19,7,15,3,23,14],[7,23,11,3,15,19,6,14],[11,23,3,19,7,15,16,6,14,5],[7,3,23,19,11,15,5,14],[19,15,11,23,7,3,8,14],[7,3,15,23,19,11,14],[15,19,7,11,3,23,13,6,14],[11,19,7,3,15,23,13,5,6,14],[15,7,19,3,11,23,6,14],[23,19,7,11,3,15,14],[7,11,19,15,3,23,6,14],[11,23,19,15,7,3,14],[15,23,11,7,3,19,6,14],[19,11,3,7,15,23,14],[3,7,15,19,11,23,8,16,14,6],[11,19,7,3,15,23,14],[15,23,19,11,3,7,13,6,14],[15,19,23,3,11,7,14],[15,11,7,19,3,23,16,6,14,5],[11,7,19,15,3,23,5,16,14,6],[11,3,19,7,15,23,5,14],[23,15,3,11,19,7,14],[11,19,7,23,15,3,14],[7,15,3,19,11,23,14],[19,15,3,11,23,7,16,6,14,5],[23,11,19,7,3,15,14],[3,11,19,23,7,15,14],[23,3,19,15,11,7,13,6,14],[15,3,23,7,19,11,6,14],[23,19,3,7,15,11,6,14],[11,19,23,7,3,15,6,14],[19,7,15,3,11,23,14],[15,23,7,11,3,19,14],[3,7,19,15,23,11,6,14],[11,7,3,15,23,19,14],[23,3,11,19,15,7,14],[23,11,3,15,7,19,16,6,14,5],[23,11,15,3,7,19,14],[19,3,15,23,11,7,6,14],[7,11,15,19,3,23,6,14],[3,11,7,15,19,23,6,14],[19,23,3,11,7,15,6,14],[23,3,11,15,7,19,6,14],[23,19,11,7,15,3,6,14],[15,23,7,19,3,11,6,14],[23,7,19,3,15,11,14],[23,19,11,7,15,3,6,14],[19,15,7,23,3,11,14],[15,11,3,23,7,19,14],[3,19,7,15,11,23,6,14],[11,19,23,15,3,7,8,13,6,14],[23,19,7,3,11,15,14],[23,19,3,7,11,15,14],[3,23,15,11,19,7,6,14],[15,3,19,11,7,23,6,14],[7,23,15,19,11,3,14],[11,15,3,7,19,23,14],[3,11,15,23,19,7,14],[11,7,19,15,3,23,6,14],[19,11,3,7,23,15,14],[11,23,7,19,15,3,14],[3,23,11,15,19,7,14],[11,23,3,15,7,19,14],[19,23,3,15,11,7,16,6,14,5],[11,3,15,7,19,23,6,14],[15,19,23,7,11,3,6,14],[23,15,11,19,3,7,6,14],[11,15,23,3,7,19,5,14],[11,7,23,19,15,3,5,16,14,6],[15,23,11,3,19,7,14],[3,11,15,23,7,19,6,14],[15,19,7,23,3,11,14],[19,15,11,23,7,3,13,6,14],[19,23,11,15,3,7,14],[15,7,23,3,19,11,16,6,14,5],[11,7,23,3,19,15,6,14],[19,11,3,15,23,7,16,6,14,5],[11,23,19,15,3,7,8,14],[7,15,11,23,19,3,6,14],[7,11,23,15,3,19,6,14],[15,19,7,23,3,11,14],[15,7,23,19,11,3,6,14],[7,11,19,3,15,23,14],[23,19,15,7,3,11,6,14],[7,15,11,19,23,3,14],[7,19,23,3,15,11,14],[19,15,7,23,11,3,6,14],[19,7,15,23,11,3,8,14],[15,11,7,3,19,23,5,14],[3,23,11,19,15,7,14],[3,15,11,7,23,19,6,14],[19,11,23,7,3,15,16,6,14,5],[23,15,11,7,3,19,14],[19,23,3,11,15,7,6,14],[23,15,11,3,19,7,14],[7,19,15,23,11,3,6,14],[3,15,19,7,11,23,14],[7,11,3,15,23,19,14],[7,3,11,23,19,15,6,14],[23,19,15,7,11,3,14],[23,19,11,3,7,15,6,14],[3,11,23,7,15,19,14],[3,15,19,23,11,7,6,14],[3,23,11,7,15,19,16,6,14,5],[19,7,11,23,15,3,5,14],[3,7,11,15,23,19,6,14],[23,19,11,7,15,3,14],[11,19,7,3,23,15,14],[7,23,3,11,15,19,13,6,14],[15,19,7,11,23,3,14],[3,7,15,23,19,11,14],[23,7,15,19,3,11,5,14],[3,19,7,23,15,11,6,14],[19,3,11,15,23,7,6,14],[15,11,23,19,7,3,14],[3,7,23,19,15,11,6,14],[23,3,19,7,11,15,16,6,14,5],[23,7,19,15,11,3,16,6,14,5],[7,19,15,23,11,3,14],[3,15,23,7,19,11,14],[3,19,7,15,11,23,6,16,14,5],[7,3,23,11,15,19,14],[11,19,7,15,23,3,16,6,14,5],[3,7,19,23,11,15,5,14],[19,7,15,23,11,3,6,13,14],[15,23,3,7,19,11,6,14],[19,3,23,15,11,7,14],[11,15,3,19,23,7,5,14],[3,7,23,19,15,11,6,14],[7,3,15,23,19,11,6,14],[7,11,3,19,23,15,6,14],[3,7,15,11,19,23,14],[15,7,3,23,11,19,6,14],[11,23,7,15,19,3,6,14],[7,19,3,11,23,15,16,6,14,5],[19,7,23,3,11,15,6,14],[15,19,11,7,3,23,5,14],[19,7,15,11,3,23,14],[15,7,23,11,19,3,14],[3,23,7,15,19,11,14],[23,11,3,15,7,19,6,14],[7,23,15,11,3,19,6,14],[19,7,3,11,15,23,6,14],[19,3,7,23,15,11,6,14],[23,3,19,7,11,15,14],[19,3,7,11,15,23,16,6,14,5],[3,19,7,15,11,23,14],[7,15,19,23,11,3,5,14],[11,15,19,7,23,3,6,14],[19,7,3,15,11,23,6,14],[15,3,11,23,7,19,6,14],[23,7,11,3,15,19,14],[19,3,7,11,15,23,6,13,14],[7,23,3,15,19,11,6,14],[19,7,23,11,3,15,6,14],[7,15,11,3,19,23,14],[3,15,19,23,11,7,13,6,14],[3,19,23,7,15,11,5,14],[15,11,7,3,23,19,6,14],[3,15,7,19,23,11,6,14],[7,3,15,23,11,19,14],[7,11,15,19,23,3,16,6,14,8],[7,11,23,19,15,3,14],[11,23,19,7,15,3,6,14],[3,23,7,15,11,19,6,14],[19,11,15,7,3,23,14],[19,23,15,11,3,7,5,14],[3,11,7,15,19,23,5,14],[7,3,15,11,23,19,5,14],[3,19,7,11,23,15,5,14],[23,15,3,7,11,19,14],[23,3,7,11,19,15,14],[7,3,19,15,23,11,14],[11,15,7,19,3,23,13,6,14],[19,11,3,15,7,23,6,14],[11,7,3,19,15,23,6,14],[15,19,11,7,23,3,14],[7,11,15,23,3,19,8,14],[23,11,7,15,19,3,14],[7,15,23,11,19,3,6,14],[3,7,15,23,19,11,6,14],[7,19,23,11,3,15,13,6,14],[15,11,19,3,7,23,8,13,6,14],[7,19,23,3,11,15,5,14],[7,3,15,11,23,19,5,14],[15,19,23,3,11,7,16,6,14,5],[7,15,23,11,3,19,14],[7,15,11,23,3,19,6,14],[3,19,23,7,11,15,16,6,14,5],[19,23,11,3,15,7,14],[7,11,23,19,3,15,8,14],[11,3,7,15,19,23,14],[3,11,15,7,19,23,16,6,14,5],[19,23,7,11,3,15,14],[23,19,7,15,11,3,6,14],[3,19,15,23,11,7,14],[23,7,15,11,19,3,14],[23,3,11,15,7,19,14],[15,23,3,7,19,11,6,14],[3,7,11,15,23,19,14],[3,11,23,19,15,7,6,14],[7,11,19,3,23,15,16,6,14,5],[19,3,11,23,15,7,13,6,14],[11,15,23,3,7,19,6,14],[15,11,7,19,3,23,6,14],[11,19,15,23,7,3,6,14],[15,7,3,11,19,23,6,14],[15,7,19,11,23,3,14],[19,3,15,23,11,7,6,14],[23,15,7,11,19,3,5,14],[15,11,23,19,7,3,16,6,14,5],[23,7,3,11,19,15,6,14],[11,7,23,19,3,15,6,14],[7,3,11,23,19,15,6,13,14],[3,7,23,15,11,19,14],[7,11,23,19,3,15,8,14],[23,3,11,7,19,15,14],[15,3,19,7,23,11,14],[11,7,15,19,3,23,6,14],[7,15,23,11,19,3,13,6,14],[7,11,15,19,23,3,6,14],[11,19,15,23,3,7,6,13,14],[3,15,7,23,19,11,13,6,14],[11,7,15,23,19,3,5,14],[3,23,11,15,7,19,14],[11,19,15,7,3,23,6,14],[3,11,19,23,15,7,5,14],[19,11,3,7,15,23,8,14],[19,7,11,15,23,3,14],[11,19,23,3,15,7,14],[15,19,7,11,3,23,6,14],[7,3,23,11,19,15,16,6,14,5],[15,3,19,23,7,11,6,14],[11,3,23,19,15,7,6,14],[19,7,3,15,11,23,13,5,14],[7,19,23,15,11,3,8,14],[11,23,15,3,7,19,6,14],[7,23,3,19,11,15,8,14],[11,7,3,19,23,15,14],[7,19,3,11,15,23,14],[15,11,19,23,7,3,5,14],[3,23,11,19,7,15,6,14],[11,19,7,15,3,23,6,13,14],[7,23,15,3,19,11,6,14],[3,11,19,23,7,15,5,14],[15,23,7,3,19,11,6,13,14],[15,23,3,11,7,19,6,14],[15,3,7,11,19,23,14],[11,7,3,15,19,23,6,14],[23,19,7,15,11,3,14],[19,11,7,23,3,15,16,6,14,5],[19,15,11,3,23,7,8,14],[23,7,19,15,3,11,14],[7,19,11,23,15,3,14],[7,3,23,11,19,15,6,14],[3,23,19,15,7,11,5,14],[11,19,23,15,7,3,14],[23,15,11,3,19,7,13,6,14],[15,23,19,11,3,7,6,14],[11,23,3,15,7,19,14],[11,19,15,23,7,3,14],[7,15,23,3,11,19,13,6,14],[15,7,19,23,3,11,16,6,14,5],[23,11,3,19,7,15,13,6,14],[3,11,15,19,7,23,14],[7,19,3,11,23,15,14],[23,15,7,3,19,11,6,14],[23,11,19,15,7,3,6,14],[11,7,15,19,23,3,14],[3,15,23,11,19,7,6,14],[11,15,23,19,3,7,6,14],[3,19,15,11,23,7,14],[19,3,7,11,15,23,14],[11,7,3,15,19,23,5,16,14,6],[15,3,11,7,23,19,14],[23,15,7,19,11,3,6,14],[23,11,7,19,3,15,8,14],[3,19,7,11,15,23,8,14],[7,19,23,3,15,11,8,16,6,14],[11,19,3,7,23,15,14],[11,15,7,3,19,23,6,14],[11,7,15,23,3,19,6,14],[19,7,15,11,23,3,14],[15,11,23,3,19,7,6,14],[15,11,19,3,7,23,14],[15,3,19,11,7,23,16,6,14,5],[23,15,11,3,19,7,6,14],[19,3,23,7,15,11,14],[11,7,3,19,15,23,6,16,14,5],[23,19,3,15,11,7,6,14],[19,3,15,23,11,7,6,14],[7,23,19,15,3,11,14],[3,23,19,7,15,11,14],[23,19,7,15,11,3,8,14],[11,7,19,3,15,23,14],[3,11,23,15,7,19,6,14],[19,15,11,23,3,7,14],[3,19,11,15,7,23,6,14],[19,7,23,3,15,11,14],[11,3,15,23,19,7,6,14],[11,23,15,3,7,19,5,14],[11,23,7,15,3,19,14],[15,7,19,11,3,23,6,13,14],[15,11,3,7,19,23,14],[11,3,23,15,19,7,6,14],[3,11,15,7,23,19,5,14],[11,23,3,19,7,15,5,14],[7,3,11,23,15,19,14],[3,7,15,19,11,23,6,14],[3,19,15,11,23,7,6,14],[15,11,19,23,7,3,6,14],[3,15,11,7,23,19,14],[19,15,23,7,3,11,8,13,6,14],[3,23,19,15,7,11,6,14],[19,3,23,7,15,11,14],[23,3,11,7,19,15,14],[23,11,7,15,19,3,16,6,14,5],[19,11,7,3,23,15,14],[23,19,3,11,7,15,16,6,14,5],[15,23,11,7,3,19,14],[11,15,19,23,3,7,6,14],[11,3,15,19,7,23,6,14],[3,15,7,11,23,19,14],[23,15,7,11,3,19,14],[19,3,15,23,7,11,8,14],[15,3,23,11,7,19,14],[7,19,23,3,15,11,6,14],[7,3,11,23,19,15,14],[11,19,3,7,15,23,14],[7,19,23,3,15,11,13,6,14],[19,7,23,3,11,15,16,6,14,5],[3,23,7,19,15,11,16,6,14,5],[19,3,15,23,7,11,8,14],[15,19,23,3,11,7,6,14],[19,3,15,11,23,7,14],[15,23,7,11,19,3,14],[11,7,3,15,19,23,14],[19,23,11,3,15,7,14],[3,11,7,15,19,23,6,14],[19,15,23,3,7,11,8,14],[19,23,15,11,3,7,5,14],[19,23,11,15,7,3,6,14],[15,3,11,19,7,23,14],[19,3,11,7,15,23,16,6,14,5],[23,15,7,11,19,3,14],[11,7,19,3,15,23,13,6,14],[15,3,23,7,11,19,14],[19,15,3,7,11,23,14],[11,19,15,7,3,23,6,14],[19,15,3,7,23,11,6,13,14],[19,3,15,7,11,23,14],[3,19,23,11,7,15,6,14],[15,11,19,3,23,7,14],[23,19,7,15,3,11,14],[23,7,11,15,19,3,14],[23,11,7,15,3,19,14],[7,15,11,23,19,3,8,16,14,6],[23,11,7,19,3,15,6,14],[19,3,11,23,7,15,6,14],[15,7,23,3,11,19,6,14],[3,15,23,19,7,11,6,14],[3,23,11,19,7,15,6,14],[23,7,19,3,11,15,6,14],[15,7,23,19,3,11,6,14],[23,19,15,3,11,7,16,6,14,5],[3,7,11,23,19,15,13,6,14],[3,7,19,15,23,11,6,14],[3,19,23,7,15,11,16,6,14,5],[11,15,23,7,3,19,14],[23,11,7,3,15,19,5,14],[19,11,23,7,15,3,6,14],[3,23,19,11,7,15,6,14],[7,15,11,19,23,3,14],[7,23,3,19,11,15,14],[23,3,19,7,11,15,8,14],[7,11,19,23,3,15,14],[11,15,19,3,23,7,14],[23,19,3,7,15,11,14],[11,7,3,15,19,23,14],[15,11,23,3,7,19,6,14],[11,19,15,3,7,23,6,14],[15,7,23,19,11,3,6,14],[7,19,11,15,23,3,14],[7,19,3,23,11,15,5,16,14,6],[11,3,15,7,23,19,5,14],[19,7,11,23,3,15,14],[15,11,3,23,7,19,13,6,14],[11,7,3,15,23,19,13,6,14],[11,3,7,19,23,15,13,6,14],[19,15,3,11,7,23,14],[15,23,7,11,3,19,6,14],[15,7,23,11,19,3,13,6,14],[19,23,3,7,15,11,14],[7,11,3,19,15,23,14],[15,11,19,7,3,23,8,14],[19,23,3,15,7,11,8,14],[11,23,3,19,7,15,16,6,14,5],[7,15,23,3,11,19,14],[7,3,19,15,11,23,6,14],[7,19,15,3,23,11,14],[19,3,23,11,15,7,14],[11,15,23,3,7,19,6,14],[23,11,7,15,19,3,5,14],[7,3,11,23,15,19,8,13,6,14],[19,3,7,15,11,23,14],[19,15,7,23,11,3,14],[3,11,15,19,23,7,13,6,14],[7,15,23,3,19,11,5,14],[19,7,3,15,11,23,14],[15,11,23,7,19,3,5,14],[15,11,3,19,7,23,14],[3,11,15,19,23,7,14],[19,23,15,7,3,11,5,13,6,14],[23,15,7,3,19,11,14],[23,3,11,7,15,19,6,14],[19,7,3,15,23,11,14],[7,23,3,19,11,15,14],[23,19,15,3,7,11,14],[19,3,23,11,7,15,6,14],[3,15,19,7,11,23,14],[11,7,23,19,15,3,16,6,14,5],[23,11,15,19,7,3,6,14],[11,7,3,23,15,19,5,14],[15,19,23,3,7,11,14],[19,23,15,7,11,3,14],[7,11,3,23,19,15,13,6,14],[11,3,23,7,15,19,13,6,14],[19,23,11,15,3,7,14],[7,23,19,11,3,15,14],[23,19,11,15,7,3,6,14],[7,19,3,23,11,15,13,6,14],[11,7,3,15,23,19,16,6,14,5],[3,11,15,7,23,19,14],[23,7,15,11,19,3,13,6,14],[3,23,11,7,15,19,6,14],[11,15,19,7,3,23,6,14],[23,7,3,15,19,11,13,8,6,14],[11,7,19,3,23,15,8,16,14,6],[19,11,23,3,15,7,5,14],[23,7,3,11,15,19,5,14],[7,15,19,3,23,11,16,6,14,5],[15,23,11,7,3,19,6,14],[19,23,11,7,3,15,16,6,14,5],[11,15,7,23,3,19,14],[23,3,19,11,7,15,6,14],[11,7,3,19,23,15,6,14],[19,23,3,11,7,15,13,6,14],[3,23,19,7,11,15,6,14],[3,15,19,11,23,7,13,6,14],[23,11,7,19,3,15,6,14],[23,7,15,19,11,3,6,14],[15,19,7,23,3,11,6,14],[19,15,3,7,11,23,14],[11,19,7,23,3,15,14],[19,3,23,11,7,15,6,14],[23,11,7,19,3,15,6,14],[23,7,19,15,11,3,8,14],[23,11,7,3,19,15,14],[19,23,7,15,3,11,6,14],[23,7,19,15,3,11,6,14],[19,7,23,11,3,15,6,14],[3,15,19,23,11,7,14],[7,23,11,19,15,3,5,14],[3,11,15,19,23,7,14],[19,3,11,15,23,7,14],[23,3,7,15,19,11,14],[3,15,19,23,11,7,14],[3,11,23,19,15,7,6,14],[23,11,19,7,3,15,14],[7,19,15,11,23,3,16,6,14,8],[23,11,7,19,3,15,14],[15,11,19,23,7,3,6,14],[23,19,15,3,11,7,14],[15,7,23,11,19,3,6,14],[7,19,23,15,3,11,14],[23,15,7,3,11,19,13,6,14],[23,19,11,3,15,7,5,14],[11,19,15,7,23,3,8,14],[11,7,3,19,15,23,5,14],[3,19,15,11,7,23,13,6,14],[11,7,15,19,3,23,13,6,14],[3,19,7,11,23,15,6,14],[15,23,7,11,3,19,6,14],[11,19,3,15,23,7,6,14],[3,11,19,15,7,23,14],[19,7,11,3,15,23,14],[3,11,7,23,19,15,6,14],[11,3,23,15,7,19,6,14],[19,23,11,15,3,7,6,14],[3,7,11,23,15,19,6,14],[7,19,23,3,11,15,14],[11,15,7,23,3,19,6,14],[15,7,3,23,19,11,14],[7,23,3,19,15,11,16,6,14,5],[7,11,15,23,3,19,13,6,14],[3,7,11,15,23,19,16,6,14,5],[3,11,15,19,7,23,5,14],[7,23,3,19,15,11,5,14],[15,19,3,7,23,11,6,14],[15,3,23,11,7,19,5,14],[15,19,23,11,7,3,6,14],[3,7,15,11,19,23,6,14],[19,15,23,3,11,7,6,14],[19,7,15,23,11,3,14],[23,15,7,11,3,19,5,14],[3,15,23,19,7,11,6,14],[19,23,15,3,11,7,8,14],[3,19,11,7,15,23,16,6,14,5],[7,15,19,11,23,3,6,14],[19,3,23,7,15,11,6,14],[7,15,19,3,11,23,14],[11,23,3,15,7,19,6,14],[23,3,11,15,19,7,6,14],[23,19,11,7,3,15,6,14],[23,7,11,19,15,3,14],[7,23,11,3,19,15,6,14],[15,23,3,7,11,19,13,6,14],[23,19,7,15,3,11,16,6,14,5],[19,7,11,15,23,3,14],[7,15,11,3,19,23,8,14],[23,11,3,19,7,15,6,14],[19,3,23,11,7,15,6,14],[11,7,19,23,3,15,6,14],[19,23,15,7,3,11,14],[15,19,3,11,23,7,16,6,14,5],[23,3,7,11,15,19,16,6,14,5],[23,15,7,3,19,11,14],[23,7,19,15,11,3,13,6,14],[11,19,23,15,3,7,14],[3,7,23,15,19,11,6,14],[19,3,7,23,15,11,14],[15,19,11,23,7,3,13,6,14],[7,19,3,11,23,15,8,14],[7,15,23,19,3,11,5,14],[19,15,11,3,23,7,14],[15,19,3,11,7,23,14],[19,7,3,23,15,11,6,14],[15,11,3,19,23,7,14],[7,19,23,11,15,3,13,6,14],[23,7,11,15,19,3,6,14],[19,15,11,3,7,23,6,14],[19,3,7,11,15,23,13,6,14],[23,3,19,15,7,11,6,14],[15,3,19,7,23,11,6,14],[11,3,7,15,23,19,6,14],[15,23,3,11,19,7,6,14],[7,23,11,3,19,15,6,14],[3,23,11,19,7,15,13,6,14],[7,3,11,19,23,15,16,6,14,5],[3,7,23,19,11,15,5,13,6,14],[19,7,23,3,15,11,6,14],[11,15,3,23,7,19,14],[11,15,23,19,7,3,6,14],[3,15,7,19,23,11,5,14],[23,3,15,7,11,19,5,14],[11,3,7,23,15,19,13,6,14],[19,7,11,15,23,3,6,14],[11,23,7,3,19,15,5,16,14,6],[19,23,11,3,7,15,6,14],[3,19,23,7,15,11,14],[19,3,15,23,7,11,6,14],[15,3,11,19,23,7,6,14],[3,15,7,19,23,11,6,14],[23,11,7,19,15,3,14],[15,3,11,7,19,23,14],[23,19,15,7,3,11,6,14],[7,19,23,15,11,3,14],[7,11,15,3,19,23,14],[11,3,19,23,7,15,14],[11,7,19,23,15,3,6,14],[23,11,7,3,19,15,13,8,6,14],[7,3,19,15,11,23,14],[19,3,15,11,23,7,14],[15,23,19,11,7,3,6,14],[11,19,23,15,7,3,6,14],[3,11,7,15,19,23,14],[19,23,11,3,15,7,6,14],[7,19,11,15,23,3,14],[7,15,23,3,19,11,6,14],[7,15,3,11,19,23,6,14],[7,19,3,11,15,23,14],[23,15,3,11,7,19,5,14],[23,15,19,7,3,11,14],[15,23,19,3,7,11,5,14],[11,19,7,15,23,3,5,14],[3,19,15,7,23,11,16,6,14,5],[11,19,7,3,23,15,14],[15,19,23,3,11,7,14],[7,23,15,19,11,3,14],[23,11,19,7,3,15,6,14],[11,15,7,19,3,23,14],[3,11,15,19,23,7,8,6,14],[3,7,15,19,23,11,14],[23,11,15,7,3,19,14],[15,19,3,23,11,7,6,14],[23,15,11,19,7,3,6,14],[3,19,11,15,7,23,14],[11,3,23,7,15,19,6,14],[23,7,3,11,15,19,14],[3,11,23,19,15,7,14],[23,15,3,7,11,19,14],[11,19,23,7,15,3,6,14],[15,23,7,3,11,19,6,14],[3,7,11,19,23,15,8,14],[23,11,19,3,7,15,16,6,14,5],[7,19,11,15,23,3,6,14],[19,23,15,11,3,7,14],[7,23,15,11,19,3,6,14],[11,23,3,19,7,15,5,16,14,6],[11,15,7,19,23,3,14],[19,15,23,11,3,7,6,14],[23,19,3,11,15,7,13,6,14],[3,19,23,15,11,7,6,14],[7,15,3,11,19,23,8,5,14],[11,15,23,7,19,3,14],[3,23,11,7,19,15,6,14],[23,3,15,19,7,11,6,14],[15,3,23,7,19,11,6,14],[3,11,19,7,23,15,14],[23,7,11,15,19,3,6,14],[19,11,3,7,23,15,6,14],[23,19,15,11,7,3,13,6,14],[23,15,3,7,11,19,6,14],[15,19,7,3,11,23,14],[15,19,7,11,23,3,5,14],[7,3,19,23,11,15,6,14],[7,15,11,23,19,3,14],[23,11,19,7,15,3,6,13,14],[7,15,19,3,11,23,6,14],[19,3,11,7,15,23,5,14],[11,15,7,23,3,19,14],[7,3,19,15,23,11,6,14],[11,7,19,23,15,3,8,14],[11,19,23,15,3,7,6,14],[23,7,3,11,15,19,14],[7,23,15,19,11,3,8,14],[11,19,23,3,7,15,6,14],[23,19,3,7,15,11,6,14],[15,19,7,23,3,11,14],[11,15,23,19,7,3,5,14],[3,11,15,7,23,19,13,6,14],[15,23,19,7,11,3,5,14],[23,11,19,15,7,3,14],[23,11,3,7,19,15,14],[15,11,19,3,23,7,16,6,14,5],[19,7,11,23,3,15,5,14],[11,15,19,7,3,23,14],[19,23,3,15,11,7,14],[23,7,3,15,11,19,5,14],[3,11,23,15,19,7,13,6,14],[11,23,3,19,15,7,14],[19,23,11,3,15,7,8,14],[7,23,11,19,15,3,16,6,14,5],[15,23,19,3,11,7,8,14],[3,15,11,7,19,23,6,14],[7,19,23,15,11,3,14],[15,3,19,7,11,23,14],[11,7,3,19,15,23,14],[19,23,11,15,3,7,14],[15,3,7,23,19,11,6,14],[23,19,3,7,11,15,14],[23,3,15,11,7,19,14],[3,7,11,19,15,23,6,14],[7,15,3,11,19,23,6,14],[11,23,7,3,15,19,5,14],[11,3,23,7,19,15,16,6,14,5],[15,3,23,11,7,19,16,6,14,5],[11,15,7,3,23,19,5,14],[3,15,7,11,19,23,14],[11,3,7,15,23,19,6,14],[19,7,23,11,3,15,6,14],[15,19,23,11,3,7,16,6,14,5],[23,11,15,7,3,19,16,6,14,5],[23,15,11,3,19,7,6,14],[23,7,3,19,11,15,5,14],[7,19,3,11,15,23,16,6,14,5],[15,3,23,19,7,11,5,14],[19,3,11,23,7,15,14],[15,7,23,3,19,11,6,14],[15,23,19,3,7,11,14],[15,23,19,11,7,3,5,14],[23,15,19,3,7,11,6,14],[7,3,15,19,23,11,14],[11,7,19,15,23,3,14],[19,11,23,7,3,15,16,6,14,5],[19,15,7,23,3,11,6,14],[23,11,15,7,19,3,14],[7,19,11,3,23,15,16,6,14,5],[23,15,3,19,7,11,6,14],[23,7,19,3,11,15,6,14],[19,7,11,23,15,3,5,14],[11,7,3,23,15,19,14],[3,11,23,19,7,15,5,16,14,6],[15,19,7,11,3,23,6,13,14],[7,11,15,3,23,19,5,14],[23,3,19,11,15,7,14],[11,7,3,19,15,23,6,14],[19,7,3,23,15,11,6,14],[11,23,15,19,7,3,13,6,14],[11,15,3,23,19,7,6,14],[19,15,23,3,11,7,14],[7,19,3,11,23,15,13,6,14],[19,3,15,7,11,23,6,14],[7,3,11,23,19,15,6,14],[23,11,19,7,3,15,6,14],[3,19,23,11,7,15,14],[15,11,19,3,7,23,5,14],[3,7,15,19,11,23,14],[3,19,7,15,11,23,6,14],[23,7,19,15,11,3,6,14],[15,23,3,7,19,11,14],[23,11,7,15,19,3,6,14],[23,3,11,19,15,7,14],[19,15,3,11,23,7,6,14],[19,7,11,15,23,3,6,14],[11,3,19,15,23,7,14],[23,19,3,7,11,15,6,14],[15,7,23,19,11,3,14],[15,23,7,19,3,11,14],[3,19,11,23,15,7,14],[23,11,7,15,19,3,14],[15,3,23,19,7,11,6,14],[19,15,23,3,11,7,13,6,14],[3,11,23,7,15,19,14],[3,7,23,19,15,11,14],[3,15,19,23,11,7,14],[23,15,3,11,7,19,14],[7,11,3,15,19,23,6,14],[23,15,11,19,3,7,6,14],[19,3,15,11,23,7,6,14],[11,15,19,7,3,23,6,14],[3,15,19,7,11,23,14],[3,23,19,11,15,7,6,14],[23,19,3,15,7,11,6,14],[23,19,3,15,11,7,14],[7,23,11,15,19,3,14],[19,3,11,15,7,23,14],[15,7,11,3,23,19,14],[23,3,7,11,15,19,13,6,14],[19,15,11,3,7,23,6,14],[15,7,23,19,11,3,6,14],[7,11,15,23,19,3,6,14],[7,11,3,23,19,15,5,14],[7,11,23,15,19,3,16,6,14,5],[23,19,3,7,15,11,6,14],[19,7,23,15,3,11,6,14],[11,7,15,23,3,19,8,16,6,14],[3,19,11,23,7,15,6,14],[7,11,23,15,19,3,14],[23,3,7,19,15,11,6,14],[15,23,3,11,19,7,6,14],[7,23,15,3,11,19,13,6,14],[23,7,19,15,3,11,6,14],[7,3,19,23,15,11,6,14],[23,7,11,19,3,15,16,6,14,5],[3,11,23,19,7,15,6,13,14],[3,11,7,15,19,23,14],[19,7,15,23,3,11,6,14],[19,15,23,11,3,7,13,6,14],[23,15,19,7,3,11,6,14],[23,15,19,11,3,7,6,14],[19,23,7,3,11,15,6,14],[3,7,15,19,23,11,8,14],[3,7,19,11,23,15,6,14],[23,15,3,19,11,7,6,14],[11,3,7,23,19,15,14],[3,19,11,7,23,15,16,6,14,5],[11,23,7,3,19,15,5,14],[3,19,7,11,23,15,6,14],[23,7,19,11,3,15,14],[3,15,23,11,7,19,14],[15,7,3,19,23,11,6,14],[3,23,15,19,11,7,6,14],[23,15,7,11,3,19,14],[3,11,19,7,23,15,14],[23,19,7,15,3,11,14],[19,11,15,3,7,23,16,6,14,5],[11,15,3,7,19,23,14],[19,3,23,15,7,11,14],[3,19,11,7,15,23,14],[3,7,23,11,19,15,13,6,14],[7,23,3,19,15,11,14],[3,23,15,11,7,19,16,6,14,5],[19,15,7,3,23,11,6,14],[11,7,23,19,3,15,14],[3,23,11,15,19,7,14],[15,19,23,7,11,3,5,14],[7,23,19,11,3,15,8,14],[11,23,19,3,15,7,16,6,14,5],[23,19,11,15,7,3,14],[11,7,15,19,23,3,5,14],[19,15,11,3,23,7,6,14],[3,15,23,11,7,19,14],[23,3,19,15,7,11,6,14],[23,3,7,11,19,15,14],[11,23,15,19,3,7,14],[7,11,23,15,19,3,13,6,14],[23,7,3,15,19,11,14],[3,19,15,23,7,11,6,14],[11,7,3,19,15,23,14],[11,7,3,19,23,15,14],[23,3,19,7,11,15,8,13,6,14],[15,7,3,11,19,23,6,14],[11,19,23,7,15,3,8,14],[7,23,15,3,19,11,6,14],[15,23,7,19,11,3,6,14],[7,11,3,15,19,23,14],[19,15,11,3,23,7,6,16,14,5],[23,15,7,19,3,11,14],[7,11,19,3,23,15,6,14],[11,15,23,7,3,19,14],[15,19,23,3,11,7,13,6,14],[7,3,19,15,11,23,16,6,14,5],[23,15,7,3,11,19,6,14],[15,19,11,3,7,23,6,14],[3,7,11,19,15,23,5,14],[15,19,11,23,7,3,6,14],[19,15,11,23,7,3,14],[3,23,11,7,15,19,6,14],[7,19,23,11,15,3,5,14],[19,3,15,11,23,7,16,6,14,5],[23,19,15,3,11,7,14],[3,19,7,23,15,11,14],[11,7,3,15,19,23,6,14],[23,3,15,19,7,11,16,6,14,5],[7,11,3,19,23,15,14],[11,15,3,7,19,23,6,14],[23,15,7,19,3,11,14],[23,11,7,19,3,15,6,14],[11,7,3,15,19,23,14],[11,23,15,19,7,3,6,14],[3,11,23,7,15,19,14],[19,15,7,11,3,23,16,6,14,5],[7,11,19,15,23,3,16,6,14,5],[19,3,11,23,7,15,6,14],[19,3,11,7,15,23,5,14],[7,19,23,3,11,15,6,14],[15,3,23,7,11,19,6,14],[19,15,11,3,23,7,5,14],[3,7,15,11,19,23,14],[19,23,7,3,15,11,14],[19,11,3,7,23,15,6,14],[19,7,11,15,3,23,14],[19,3,7,11,15,23,6,14],[7,11,19,15,3,23,6,14],[11,23,7,19,3,15,6,14],[23,7,11,15,3,19,5,14],[7,11,23,15,3,19,5,14],[15,19,3,11,7,23,14],[7,19,15,3,23,11,14],[15,3,7,11,23,19,14],[3,23,19,11,7,15,14],[3,15,11,23,7,19,14],[11,3,15,7,19,23,6,14],[23,11,15,3,19,7,6,14],[15,19,23,3,7,11,14],[19,15,23,11,3,7,16,6,14,5],[7,15,19,11,3,23,14],[7,15,11,23,3,19,14],[19,3,15,23,7,11,6,14],[7,19,15,11,23,3,8,5,13,14],[3,7,23,19,11,15,14],[23,15,3,11,19,7,14],[7,19,11,3,15,23,6,14],[11,19,7,3,15,23,6,14],[23,3,15,11,7,19,8,14]],"n_human":12}