{"problem_id":"wJm1S3PKwC8vqlb","sigma":75,"alpha":0.100,"cost":0,"probabilities":"[0.07, 0.01, 0.61, 0.31]","payoff_matrix":"[[-22, 78, -78, 72, 130, -17], [155, 86, 117, 59, -44, -64], [108, 47, 28, 103, -173, 33], [15, 38, -40, -98, -24, -62]]","uncovered":[[7,19,3,11,15,4,16,23,8,24,10,12],[23,15,19,7,3,16,11,4,8,24,10,12],[7,19,15,11,23,3,16,4,8,24,12,10],[11,7,15,3,4,16,23,19,8,21,24,12],[19,3,7,11,15,4,16,23,8,12,24],[23,11,3,7,19,15,4,16,8,22,24,12],[3,19,15,16,7,23,11,4,8,24,12],[15,3,4,16,19,23,11,7,8,24,12],[23,7,19,11,15,3,4,16,8,24,12],[19,15,7,11,23,3,16,4,8,24,12],[19,11,7,15,3,4,16,23,8,24,12],[19,23,11,7,15,3,4,16,8,24,12],[11,19,7,23,15,3,4,16,8,21,12,24],[7,3,11,23,19,15,4,16,8,24,9,12],[3,7,15,16,11,23,19,4,8,24,12],[19,11,7,23,3,15,16,4,8,24,12],[23,19,15,7,11,3,16,4,8,24,12],[23,19,11,3,7,15,4,16,8,24,10,12],[15,3,16,23,19,7,11,4,8,24,12],[3,19,23,7,15,4,16,11,8,24,12,21],[23,3,15,16,11,19,7,4,8,24,12],[7,11,15,23,3,4,16,19,8,24,12],[3,11,7,19,23,15,4,16,8,24,12],[15,3,16,11,19,23,7,4,8,21,24,12],[3,7,15,16,23,19,11,4,8,24,10,12],[19,11,7,15,3,16,23,4,8,24,12,6],[3,7,15,16,23,19,11,4,8,24,12],[11,3,7,19,23,15,16,4,8,24,12],[7,3,15,16,11,19,23,4,8,24,9,10,14,13,12],[3,11,23,15,4,16,19,7,8,24,9],[15,19,3,16,23,11,7,4,8,24,12],[15,3,4,16,7,19,23,11,8,24,12],[3,19,11,23,15,4,16,7,8,24,10,12],[11,19,23,7,3,15,4,16,8,24,9],[7,19,23,11,3,15,4,16,8,22,24,9],[3,19,11,23,7,15,16,4,8,24,12],[11,19,23,15,3,4,16,7,8,24,9,20,14,12],[19,15,23,7,11,3,16,4,8,24,9,12],[19,23,3,15,4,16,11,7,8,24,10,12,6,2],[15,19,11,23,7,3,4,16,8,24,12],[19,11,3,23,7,15,16,4,8,24,12],[19,11,3,15,4,16,7,23,8,24,12],[3,15,4,16,19,7,11,23,8,24,12],[7,3,15,4,16,19,23,11,8,24,9,12],[23,19,11,3,15,16,7,4,8,21,24,12],[11,7,3,23,15,16,19,4,8,24,12],[7,3,11,19,23,15,16,4,8,24,12],[15,3,16,19,23,11,7,4,8,21,12,24],[23,19,3,11,7,15,4,16,8,24,12],[3,7,11,19,23,15,16,4,8,24,12],[11,3,23,15,4,16,7,19,8,24,10,20,12],[3,7,11,23,19,15,16,4,8,12,24],[7,15,23,3,4,16,11,19,8,24,12],[19,7,15,11,3,16,23,4,8,24,10,12],[11,3,19,15,16,23,7,4,8,24,12],[15,19,23,7,3,4,16,11,8,22,24,12],[7,15,11,3,16,19,23,4,8,24,12],[7,19,23,11,3,15,16,4,8,24,12],[3,15,16,19,23,11,7,4,8,24,12],[3,11,19,23,15,4,16,7,8,24,12],[19,11,7,3,23,15,16,4,8,21,24,12,6],[15,19,11,7,3,16,23,4,8,24,12,10],[7,19,3,23,11,15,4,16,8,24,12],[23,3,11,15,4,16,19,7,8,24,12],[23,19,11,15,7,3,4,16,8,24,12],[3,19,11,15,4,16,7,23,8,21,24,12],[19,3,23,11,15,4,16,7,8,24,12],[3,11,7,23,19,15,4,16,8,24,10,12],[11,19,23,15,7,3,16,4,8,24,10,12],[15,23,19,11,3,4,16,7,8,24,12],[23,3,11,7,19,15,4,16,8,24,12],[23,15,19,7,11,3,16,4,8,21,24,12],[3,7,11,15,16,23,19,4,8,24,12],[15,23,11,3,16,7,19,4,8,24,10,12],[7,15,11,19,3,16,23,4,8,24,12],[15,19,11,7,3,16,23,4,8,24,9],[7,11,23,19,15,3,4,16,8,24,12],[23,11,3,15,4,16,19,7,8,22,24,12],[11,15,23,19,3,4,16,7,8,21,24,12],[19,11,3,7,15,4,16,23,8,24,12],[11,15,7,3,16,19,23,4,8,24,10,12],[15,11,23,19,7,3,16,4,8,21,12,24],[3,7,11,15,4,16,23,19,8,24,12],[23,3,19,11,7,15,4,16,8,12,22,24],[11,7,23,19,15,3,4,16,8,24,12],[7,23,11,19,3,15,4,16,8,24,12],[15,23,7,19,3,4,16,11,8,24,12],[23,11,15,3,16,19,7,4,8,24,12],[7,3,23,15,16,19,11,4,8,24,12],[3,11,7,23,19,15,4,16,8,24,12],[23,3,19,11,7,15,4,16,8,24,12],[23,11,3,19,7,15,4,16,8,24,10,12],[19,15,3,4,16,23,11,7,8,24,12],[3,7,11,23,19,15,4,16,8,24,12],[23,19,3,7,15,16,11,4,8,24,9],[15,11,3,4,16,7,23,19,8,24,9],[11,19,3,7,15,16,23,4,8,22,12,24],[19,23,7,11,15,3,16,4,8,24,12],[11,23,3,7,15,4,16,19,8,24,12],[15,3,16,11,23,19,7,4,8,24,12],[23,7,15,11,19,3,16,4,8,24,12],[7,15,23,11,3,16,19,4,8,24,12],[23,11,7,3,19,15,16,4,8,24,12],[3,19,15,16,7,11,23,4,8,24,12],[19,7,15,11,3,16,23,4,8,24,12],[3,11,19,15,4,16,7,23,8,21,10,12,24],[19,7,3,11,23,15,16,4,8,24,10,12],[23,11,3,15,4,16,19,7,8,22,24,9],[3,11,15,16,7,19,23,4,8,24,12,5],[23,11,3,7,19,15,16,4,8,24,12],[23,11,7,15,19,3,4,16,8,24,12],[3,7,15,16,19,23,11,4,8,24,12],[19,11,3,23,7,15,4,16,8,24,12],[23,15,7,3,4,16,11,19,8,24,12],[15,3,16,7,19,23,11,4,8,22,24,12],[3,11,7,19,15,16,23,4,8,24,12],[7,11,15,19,3,16,23,4,8,24,12],[11,23,15,3,4,16,7,19,8,24,12,18],[7,23,3,15,16,11,19,4,8,22,24,9],[15,3,16,7,19,23,11,4,8,22,24,12],[15,23,3,16,7,11,19,4,8,24,12],[15,3,4,16,7,11,23,19,8,24,12,17],[19,7,11,23,3,15,16,4,8,22,24,10,12],[23,19,15,7,11,3,4,16,8,24,12],[19,11,3,23,7,15,16,4,8,24,10,12],[19,15,11,7,23,3,4,16,8,21,12,24],[3,19,11,23,15,4,16,7,8,24,9],[15,23,19,3,4,16,11,7,8,21,24,10,9,1,12],[7,3,19,23,11,15,4,16,8,24,12],[23,7,19,11,15,3,4,16,8,24,12,21],[23,15,11,19,7,3,4,16,8,24,12,17],[11,7,15,23,19,3,16,4,8,24,12],[19,7,3,23,11,15,4,16,8,24,12],[3,7,11,15,16,23,19,4,8,24,12],[7,11,3,19,15,4,16,23,8,24,12],[19,15,23,3,4,16,7,11,8,24,12],[15,3,4,16,19,23,7,11,8,24,9],[23,11,19,7,3,15,16,4,8,24,12],[3,23,19,7,11,15,4,16,8,24,9,12],[23,3,19,11,7,15,16,4,8,24,10,12],[19,11,15,7,23,3,4,16,8,24,12],[19,15,11,23,7,3,4,16,8,24,12],[3,11,23,19,7,15,16,4,8,24,12],[15,19,7,3,16,11,23,4,8,24,12],[11,19,15,23,3,16,7,4,8,24,12],[3,19,15,4,16,7,11,23,8,24,12],[7,15,19,23,11,3,16,4,8,24,10,12],[11,15,23,3,16,7,19,4,8,24,12],[11,19,3,15,4,16,7,23,8,10,24,12],[15,19,7,11,23,3,4,16,8,24,12],[19,23,15,7,3,16,11,4,8,24,12],[23,7,19,3,11,15,16,4,8,24,12],[15,19,11,3,16,7,23,4,8,24,10,12],[7,3,15,4,16,23,11,19,8,24,12],[3,11,15,16,23,7,19,4,8,24,6,12],[7,19,23,3,11,15,4,16,8,24,12,20],[11,7,3,19,15,4,16,23,8,24,12,17],[19,23,3,11,7,15,16,4,8,22,24,12,1],[7,23,19,15,11,3,16,4,8,24,12],[19,7,15,11,23,3,4,16,8,22,24,12],[19,15,3,16,23,11,7,4,8,24,12],[3,11,15,16,19,23,7,4,8,24,12],[7,19,11,15,23,3,16,4,8,24,9,10],[11,15,7,3,16,19,23,4,8,24,12],[7,3,15,16,19,11,23,4,8,24,12],[19,11,3,15,4,16,7,23,8,24,12],[23,11,19,7,3,15,4,16,8,24,12],[3,23,19,7,11,15,4,16,8,24,12],[19,23,7,15,11,3,16,4,8,24,10,12],[3,7,19,15,4,16,23,11,8,24,10,12,13],[23,3,19,15,4,16,7,11,8,24,12],[23,3,15,4,16,11,19,7,8,24,9,12,2,13],[3,19,15,4,16,7,11,23,8,24,12,17],[15,3,4,16,23,11,19,7,8,24,9],[7,19,3,23,15,4,16,11,8,24,12,2],[23,19,3,7,11,15,4,16,8,24,12],[7,15,11,3,4,16,23,19,8,21,24,12],[7,3,19,15,4,16,23,11,8,24,12],[15,23,19,3,4,16,7,11,8,24,10,9,12],[11,23,15,19,7,3,4,16,8,24,10,12],[15,19,11,7,23,3,16,4,8,24,12,2],[19,11,23,15,3,16,7,4,8,24,12],[23,15,11,19,7,3,4,16,8,24,12],[15,19,3,16,23,7,11,4,8,24,12],[11,19,3,7,23,15,16,4,8,24,10,12],[15,3,4,16,19,7,11,23,8,24,12],[23,15,3,4,16,19,7,11,8,24,9],[3,19,15,16,11,23,7,4,8,24,10,9],[15,3,16,19,11,7,23,4,8,21,12,24],[23,7,3,19,15,16,11,4,8,24,12],[7,3,15,16,19,23,11,4,8,21,24,12],[19,15,11,7,3,4,16,23,8,24,9,12],[7,3,23,15,4,16,19,11,8,24,9,10],[15,19,7,11,23,3,16,4,8,24,10,12],[19,7,23,11,15,3,4,16,8,24,10,12],[19,11,7,23,15,3,4,16,8,24,10,12],[11,15,19,7,3,16,23,4,8,24,12],[11,23,15,19,7,3,16,4,8,24,12],[23,15,3,4,16,7,11,19,8,24,10,9,12],[11,3,15,4,16,23,19,7,8,24,12],[7,15,23,11,19,3,4,16,8,24,9,12],[15,3,4,16,11,19,23,7,8,9,24],[7,15,19,23,3,4,16,11,8,24,12],[11,3,15,16,19,7,23,4,8,24,12],[7,19,11,15,3,16,23,4,8,24,10,12],[23,15,11,19,7,3,16,4,8,24,12],[11,19,23,7,15,3,4,16,8,24,12],[23,15,3,16,19,7,11,4,8,24,12],[11,23,19,15,3,16,7,4,8,24,12],[23,7,19,11,15,3,16,4,8,21,12,22,24],[15,19,3,4,16,7,11,23,8,24,12],[19,7,15,11,3,16,23,4,8,24,12],[7,19,3,23,11,15,16,4,8,24,12],[7,19,15,11,3,4,16,23,8,24,12],[11,23,7,3,19,15,16,4,8,24,12],[7,23,3,19,15,16,11,4,8,21,24,12],[3,11,15,4,16,7,23,19,8,24,12],[3,23,19,7,15,16,11,4,8,24,12],[7,11,23,19,3,15,16,4,8,22,24,9,12],[3,11,15,4,16,7,19,23,8,24,10,12],[19,7,3,11,23,15,16,4,8,24,12],[3,15,4,16,19,11,7,23,8,24,12],[3,15,16,19,11,23,7,4,8,24,12],[3,19,15,16,7,11,23,4,8,12,24,21],[7,15,11,3,16,19,23,4,8,24,12],[23,11,19,3,7,15,16,4,8,24,12],[15,23,11,3,4,16,19,7,8,24,12,9],[11,7,23,19,15,3,16,4,8,24,12],[19,15,7,23,11,3,4,16,8,24,12],[19,7,3,15,4,16,23,11,8,24,12],[11,3,23,19,7,15,4,16,8,24,12],[11,19,15,7,23,3,4,16,8,24,12],[7,19,15,3,16,11,23,4,8,22,24,12],[3,19,11,15,4,16,23,7,8,24,12],[23,7,15,19,3,16,11,4,8,24,12],[15,11,3,4,16,23,19,7,8,22,24,12,20],[11,15,19,23,3,4,16,7,8,24,12],[23,15,3,4,16,19,7,11,8,24,12],[7,11,19,3,15,4,16,23,8,24,12],[23,7,3,19,15,16,11,4,8,24,12],[7,19,23,3,15,16,11,4,8,22,21,12,24],[11,3,23,15,4,16,19,7,8,24,10,12],[19,11,7,3,15,4,16,23,8,24,12],[3,11,23,15,4,16,7,19,8,24,10,12],[11,3,15,4,16,23,7,19,8,24,12],[15,3,4,16,23,7,11,19,8,24,10,12],[19,3,15,4,16,11,23,7,8,24,12],[3,11,7,15,16,19,23,4,8,24,12],[3,7,23,11,19,15,16,4,8,24,12],[7,19,23,3,15,4,16,11,8,22,24,12],[3,23,11,19,15,4,16,7,8,24,12],[11,15,3,16,23,7,19,4,8,22,24,12],[7,19,15,3,16,11,23,4,8,24,12],[23,7,19,15,11,3,4,16,8,24,12],[3,15,16,11,19,23,7,4,8,12,24],[11,19,3,15,4,16,23,7,8,24,12,9],[7,3,23,11,15,4,16,19,8,24,1,12],[3,15,4,16,11,19,23,7,8,24,12],[3,19,23,15,16,11,7,4,8,24,9,22,12],[7,15,11,3,4,16,23,19,8,24,10,12],[7,3,23,15,4,16,19,11,8,24,12],[7,15,11,19,23,3,4,16,8,24,12],[19,11,23,7,3,15,4,16,8,24,12],[7,23,15,11,3,16,19,4,8,24,12],[23,11,3,7,19,15,4,16,8,24,9,12],[19,23,7,15,11,3,16,4,8,22,12,24],[23,11,19,7,15,3,4,16,8,24,12,9],[19,15,7,3,4,16,23,11,8,24,12],[19,7,11,23,15,3,4,16,8,24,12],[11,3,7,15,16,23,19,4,8,24,12,20],[19,11,23,3,7,15,16,4,8,24,12],[3,15,4,16,23,11,7,19,8,24,10,12],[15,11,23,3,16,7,19,4,8,24,12],[15,7,11,23,19,3,16,4,8,24,12],[15,11,3,16,7,19,23,4,8,24,12],[3,19,11,15,16,7,23,4,8,24,9,10,12],[11,23,7,19,15,3,4,16,8,24,12,13],[23,19,7,15,11,3,4,16,8,24,12],[11,23,15,3,16,19,7,4,8,24,12],[11,3,23,7,15,4,16,19,8,22,24,12],[3,11,15,16,7,23,19,4,8,24,12],[11,3,19,15,4,16,23,7,8,24,12],[15,3,4,16,11,23,7,19,8,24,12],[3,7,15,16,11,19,23,4,8,21,10,12,24],[19,3,11,23,15,16,7,4,8,24,12],[3,19,11,15,4,16,7,23,8,24,9],[3,19,23,15,4,16,7,11,8,24,12],[11,23,3,15,4,16,19,7,8,24,12],[7,23,15,19,11,3,16,4,8,24,12],[3,19,15,16,11,7,23,4,8,24,12],[11,23,15,7,19,3,16,4,8,24,12],[11,19,3,23,7,15,16,4,8,24,10,12],[19,11,23,15,3,4,16,7,8,24,12],[15,11,19,7,3,4,16,23,8,24,12],[3,23,7,11,15,16,19,4,8,24,10,12],[11,3,19,15,4,16,23,7,8,24,12,1],[15,3,4,16,19,23,11,7,8,24,12],[7,23,15,3,16,11,19,4,8,24,12],[15,23,3,16,7,19,11,4,8,24,9],[23,7,15,11,3,16,19,4,8,24,12],[11,15,19,23,3,16,7,4,8,24,12],[23,19,7,15,11,3,16,4,8,12,24,9,22],[11,7,15,19,3,4,16,23,8,24,12],[11,7,23,19,15,3,16,4,8,24,9],[19,11,15,23,3,4,16,7,8,22,24,12],[15,11,3,16,19,7,23,4,8,24,12],[7,11,15,23,19,3,16,4,8,24,12],[15,19,23,7,3,16,11,4,8,12,24],[19,15,23,3,16,11,7,4,8,24,10,12],[3,23,19,11,15,4,16,7,8,12,24],[3,19,7,23,11,15,16,4,8,24,10,12],[7,15,19,3,16,23,11,4,8,24,12],[11,7,3,23,15,16,19,4,8,24,12],[7,19,15,11,23,3,4,16,8,21,12,24],[7,23,19,11,15,3,4,16,8,24,9,18],[15,23,3,4,16,19,7,11,8,24,12],[15,11,19,3,16,23,7,4,8,24,12],[11,23,7,15,19,3,4,16,8,24,12],[15,19,7,23,11,3,16,4,8,24,12],[3,19,7,15,16,23,11,4,8,24,12],[11,3,19,23,15,16,7,4,8,24,12],[19,15,11,7,3,4,16,23,8,22,24,12],[23,19,3,15,4,16,7,11,8,24,12],[7,23,11,3,19,15,16,4,8,22,21,24,12],[11,23,15,7,3,16,19,4,8,24,12],[19,7,11,3,15,16,23,4,8,24,12],[7,3,19,11,23,15,16,4,8,24,12],[15,3,4,16,19,7,11,23,8,24,12],[7,15,3,4,16,23,19,11,8,24,12],[11,3,15,4,16,23,7,19,8,24,10,12],[23,7,15,11,3,16,19,4,8,24,12],[15,7,23,11,3,16,19,4,8,24,12],[19,15,3,4,16,7,11,23,8,24,12],[23,7,19,15,11,3,16,4,8,24,12],[19,3,11,15,4,16,23,7,8,24,12,2],[3,11,23,19,7,15,4,16,8,24,12],[7,3,23,19,15,16,11,4,8,24,12],[15,11,3,4,16,7,23,19,8,24,12],[19,23,3,15,16,7,11,4,8,24,12],[3,19,7,11,15,4,16,23,8,24,12],[23,11,15,7,19,3,4,16,8,24,12],[11,7,19,15,3,16,23,4,8,24,12,9],[3,7,15,4,16,23,11,19,8,24,12],[23,19,11,15,3,16,7,4,8,24,12],[11,7,19,23,15,3,4,16,8,24,12],[7,15,11,23,3,16,19,4,8,22,24,10,12],[23,15,3,4,16,19,11,7,8,24,12],[23,15,7,19,3,16,11,4,8,24,12],[23,15,11,7,3,4,16,19,8,24,10,12],[15,3,4,16,7,19,11,23,8,21,12,24],[15,11,19,7,3,16,23,4,8,21,24,12],[3,15,4,16,23,7,19,11,8,24,12],[19,3,23,11,15,4,16,7,8,21,24,12,18,2],[15,7,11,19,23,3,16,4,8,24,12],[19,3,11,23,7,15,4,16,8,24,12],[7,19,11,23,15,3,16,4,8,24,9,13,6,12],[23,19,15,11,7,3,16,4,8,24,12],[3,11,19,15,16,7,23,4,8,24,12],[11,19,7,23,3,15,4,16,8,24,12],[15,3,4,16,23,19,7,11,8,24,9,12],[7,11,3,19,23,15,4,16,8,24,12],[7,23,3,15,4,16,19,11,8,24,12],[3,11,19,23,15,4,16,7,8,24,12],[11,19,15,3,16,7,23,4,8,24,12],[3,23,7,15,4,16,19,11,8,24,12],[23,15,7,11,3,4,16,19,8,24,12],[19,3,11,23,7,15,4,16,8,22,21,24,9,6,12],[3,19,11,15,4,16,7,23,8,24,9,5,17],[23,11,3,15,4,16,19,7,8,24,12],[3,19,15,4,16,23,11,7,8,24,12,18],[3,15,16,23,7,11,19,4,8,24,12],[3,15,16,11,19,7,23,4,8,24,12],[7,3,15,4,16,23,19,11,8,24,10,12],[19,3,7,23,15,16,11,4,8,24,12],[15,11,3,4,16,23,19,7,8,24,12],[11,15,23,19,3,16,7,4,8,24,12],[19,23,3,15,4,16,11,7,8,12,24],[11,15,19,3,16,23,7,4,8,21,24,9,6],[3,19,15,4,16,11,7,23,8,24,12],[7,3,19,11,23,15,16,4,8,24,12],[23,11,3,19,7,15,4,16,8,24,12],[3,7,19,15,16,23,11,4,8,24,9,12],[23,11,19,15,3,4,16,7,8,24,12],[19,15,3,16,23,11,7,4,8,24,12],[11,7,3,19,23,15,16,4,8,21,24,12],[19,3,11,23,7,15,16,4,8,22,24,12],[3,7,11,19,23,15,16,4,8,24,12],[15,11,7,19,23,3,4,16,8,24,12],[3,19,11,7,23,15,16,4,8,22,24,12],[15,7,19,11,3,16,23,4,8,24,12],[23,3,15,16,19,7,11,4,8,24,12],[3,7,11,19,15,16,23,4,8,24,12],[7,3,15,16,11,23,19,4,8,24,12],[3,7,15,16,19,11,23,4,8,24,10,12],[23,19,11,15,3,4,16,7,8,24,12],[7,15,11,3,16,23,19,4,8,24,12],[7,23,11,15,19,3,16,4,8,21,12,24],[23,3,15,4,16,7,19,11,8,24,10,12,6],[3,19,15,4,16,7,23,11,8,24,12],[11,3,23,19,15,16,7,4,8,24,12],[7,23,11,3,19,15,16,4,8,24,12],[3,23,19,15,16,11,7,4,8,24,10,12],[23,7,3,19,11,15,16,4,8,24,12],[23,11,15,3,16,19,7,4,8,24,12],[23,7,19,15,3,16,11,4,8,24,10,12],[7,15,11,3,4,16,19,23,8,24,12],[3,7,23,11,19,15,4,16,8,24,10,12],[3,23,15,4,16,7,11,19,8,24,12],[11,3,15,16,19,23,7,4,8,22,24,12],[15,7,3,4,16,23,11,19,8,24,9,6,12],[23,15,11,19,7,3,4,16,8,24,12],[23,7,19,3,15,4,16,11,8,24,9,12],[23,3,7,15,16,19,11,4,8,21,24,12],[15,3,4,16,23,11,7,19,8,10,9,24,12],[7,11,15,23,19,3,16,4,8,24,9],[7,11,15,3,16,19,23,4,8,21,24,12],[15,7,23,11,3,16,19,4,8,24,12],[7,15,19,23,3,4,16,11,8,21,24,12,2],[19,23,7,11,3,15,16,4,8,24,12],[11,15,7,19,23,3,16,4,8,24,10,9],[7,19,23,3,15,16,11,4,8,24,12],[15,7,19,11,3,4,16,23,8,24,12],[23,11,3,7,15,4,16,19,8,24,12],[3,23,7,19,15,4,16,11,8,24,12],[11,7,3,23,15,16,19,4,8,24,12],[15,11,23,7,19,3,4,16,8,24,9],[11,19,15,7,23,3,16,4,8,24,10,12],[19,23,15,11,3,16,7,4,8,24,12],[23,11,19,7,3,15,16,4,8,24,12],[23,3,15,16,7,19,11,4,8,24,12],[23,7,3,15,4,16,19,11,8,24,12,5],[11,19,23,3,15,16,7,4,8,24,12],[3,23,15,4,16,11,19,7,8,24,12],[19,3,11,7,15,16,23,4,8,24,12],[3,19,15,4,16,7,11,23,8,22,24,12],[15,19,3,16,23,7,11,4,8,24,12,20,17],[3,23,7,11,19,15,16,4,8,24,12],[15,7,19,11,23,3,4,16,8,24,12],[3,23,15,16,19,7,11,4,8,24,12],[7,11,23,15,19,3,16,4,8,24,10,12],[19,7,3,23,11,15,4,16,8,24,12],[11,15,19,7,3,16,23,4,8,24,12],[7,19,11,15,23,3,16,4,8,24,12],[7,11,15,3,16,19,23,4,8,12,24],[11,23,19,7,3,15,4,16,8,24,9],[19,23,11,3,15,16,7,4,8,24,9],[23,7,19,3,15,16,11,4,8,24,12],[23,7,3,19,15,4,16,11,8,24,9],[19,15,3,16,11,23,7,4,8,24,9],[11,7,3,19,15,4,16,23,8,24,12],[11,7,19,3,15,4,16,23,8,24,12],[19,11,7,23,3,15,16,4,8,24,12],[7,11,15,19,3,16,23,4,8,24,12],[7,19,11,23,15,3,4,16,8,24,9,10],[15,3,4,16,7,19,11,23,8,22,9,24,12],[3,11,7,23,15,4,16,19,8,24,12],[19,11,7,3,23,15,16,4,8,24,12],[23,19,11,7,15,3,4,16,8,24,12],[3,19,15,4,16,7,23,11,8,24,9,12],[23,19,3,15,16,11,7,4,8,24,12],[15,23,19,11,3,16,7,4,8,24,10,12],[23,15,3,4,16,7,11,19,8,24,9,22,5],[11,23,7,19,3,15,16,4,8,24,12,9],[7,15,11,3,16,19,23,4,8,24,12,18],[11,15,19,23,3,4,16,7,8,24,12],[15,23,3,4,16,19,7,11,8,24,12],[11,19,3,23,15,16,7,4,8,24,9,12],[23,7,15,3,16,19,11,4,8,24,12],[23,15,3,16,11,19,7,4,8,24,12],[11,15,7,19,23,3,4,16,8,24,12],[3,7,23,11,19,15,4,16,8,24,12],[19,3,15,16,23,7,11,4,8,24,12],[11,23,19,15,7,3,4,16,8,24,12],[11,23,7,19,3,15,16,4,8,24,12],[3,15,16,7,11,19,23,4,8,24,12],[15,3,4,16,23,19,11,7,8,24,12],[19,7,3,11,23,15,16,4,8,24,12],[19,23,11,3,7,15,16,4,8,24,12],[19,11,3,7,15,4,16,23,8,22,12,24],[23,11,7,19,15,3,16,4,8,24,12],[3,19,23,11,7,15,4,16,8,21,24,12],[11,3,7,19,15,4,16,23,8,24,12],[3,23,15,16,19,7,11,4,8,24,12],[19,11,23,15,3,4,16,7,8,24,12],[19,7,3,15,4,16,11,23,8,24,12],[19,23,7,11,15,3,16,4,8,24,12],[11,3,23,7,15,16,19,4,8,24,12],[15,19,7,11,3,4,16,23,8,24,12,20],[19,11,23,15,3,16,7,4,8,24,12],[3,19,7,11,15,4,16,23,8,24,12],[3,15,4,16,23,19,11,7,8,22,24,12],[19,23,11,3,7,15,16,4,8,24,12],[15,23,3,16,19,11,7,4,8,22,24,12],[7,3,15,4,16,23,19,11,8,24,12],[7,15,19,3,4,16,23,11,8,24,12],[11,23,7,15,3,16,19,4,8,24,12],[3,23,7,11,15,4,16,19,8,24,12],[3,23,11,7,15,4,16,19,8,12,24],[3,11,23,7,15,16,19,4,8,24,9,12],[15,23,3,4,16,11,7,19,8,24,12],[7,19,23,11,3,15,16,4,8,24,12],[23,7,3,19,15,4,16,11,8,24,12],[19,23,15,3,4,16,7,11,8,24,12],[23,19,15,7,3,16,11,4,8,21,24,10,12],[15,3,4,16,7,19,11,23,8,22,24,12],[3,7,15,16,19,11,23,4,8,24,2,12],[19,23,11,3,7,15,16,4,8,21,24,9],[19,11,23,7,15,3,16,4,8,22,24,9,10],[11,3,23,7,19,15,16,4,8,24,12],[11,7,19,3,23,15,16,4,8,24,12],[15,7,23,11,19,3,16,4,8,24,12],[23,19,15,3,4,16,7,11,8,24,12],[15,7,3,16,23,19,11,4,8,24,12],[7,19,3,11,23,15,16,4,8,24,12],[19,3,15,16,11,7,23,4,8,24,10,9,12],[19,3,23,15,16,7,11,4,8,22,24,12],[11,23,19,7,15,3,16,4,8,24,12],[3,23,11,7,19,15,4,16,8,24,12],[3,23,7,19,11,15,16,4,8,24,12],[23,15,19,11,3,4,16,7,8,24,12],[7,15,11,3,16,23,19,4,8,21,24,12],[3,11,15,16,7,19,23,4,8,24,12],[7,19,11,23,15,3,16,4,8,21,12,24],[3,23,7,15,16,19,11,4,8,24,9,12],[15,19,7,3,16,11,23,4,8,24,12],[7,23,3,11,15,16,19,4,8,24,12],[23,7,3,19,11,15,16,4,8,24,9,12],[15,11,7,23,3,4,16,19,8,24,12],[15,7,23,3,4,16,19,11,8,24,12],[19,23,11,7,3,15,4,16,8,24,9],[11,3,23,15,4,16,19,7,8,24,10,12],[3,11,7,23,19,15,16,4,8,24,10,12],[3,23,11,7,19,15,16,4,8,24,12],[7,11,23,15,3,4,16,19,8,24,9,10,12],[3,19,15,4,16,23,11,7,8,24,12],[19,23,7,11,3,15,4,16,8,24,12],[19,3,23,7,15,16,11,4,8,24,12],[23,15,11,19,7,3,16,4,8,24,12],[19,3,23,7,15,16,11,4,8,24,12],[23,19,15,7,11,3,4,16,8,24,12],[19,11,15,3,4,16,23,7,8,24,12],[11,7,15,3,16,19,23,4,8,21,24,10,12],[15,19,3,4,16,23,7,11,8,24,9,12],[15,3,4,16,19,23,11,7,8,24,10,12],[15,19,11,7,23,3,4,16,8,24,12],[11,19,3,23,15,4,16,7,8,24,12],[23,19,3,11,7,15,16,4,8,24,12,2],[11,19,15,3,4,16,7,23,8,24,12,21,1],[23,19,11,7,15,3,16,4,8,24,12],[11,19,23,15,3,4,16,7,8,24,12],[15,11,19,23,3,4,16,7,8,21,12,24],[3,11,15,16,7,19,23,4,8,24,12],[15,7,23,11,19,3,4,16,8,24,12],[19,15,3,16,7,11,23,4,8,24,12],[23,19,3,11,15,16,7,4,8,24,12],[19,15,3,4,16,7,11,23,8,24,9,10,12],[19,23,7,3,15,16,11,4,8,24,12],[19,23,3,15,16,7,11,4,8,24,12],[23,11,15,3,4,16,7,19,8,24,10,12],[23,11,15,3,4,16,19,7,8,22,24,10,9,12],[15,23,3,16,7,19,11,4,8,24,12],[23,7,19,15,3,4,16,11,8,24,9],[3,7,23,19,11,15,16,4,8,24,12],[19,15,7,23,3,16,11,4,8,24,12],[15,19,3,4,16,11,23,7,8,24,12],[3,7,19,11,15,4,16,23,8,24,12],[3,11,19,7,23,15,4,16,8,22,24,12],[7,11,3,23,15,4,16,19,8,24,12],[19,3,23,11,15,4,16,7,8,24,12],[11,19,15,3,4,16,7,23,8,24,12],[3,15,16,23,11,19,7,4,8,21,22,24,12],[23,19,3,11,7,15,4,16,8,24,12,1],[15,19,11,7,23,3,16,4,8,24,12],[23,19,7,15,11,3,4,16,8,24,12,2],[15,11,19,3,4,16,23,7,8,24,12],[3,15,16,7,11,23,19,4,8,24,12],[15,23,3,16,11,19,7,4,8,24,12],[11,15,23,19,3,16,7,4,8,12,24,9],[19,3,7,15,16,23,11,4,8,24,12],[19,11,15,3,16,7,23,4,8,24,9],[19,7,3,15,16,11,23,4,8,24,12],[7,11,15,19,23,3,16,4,8,24,12],[11,15,7,19,23,3,16,4,8,24,9],[11,19,7,15,23,3,4,16,8,21,12,24],[23,15,11,3,16,7,19,4,8,24,12],[19,3,7,23,15,4,16,11,8,24,12],[7,3,11,23,15,16,19,4,8,24,10,12,17],[23,7,19,15,11,3,4,16,8,24,12],[3,11,23,19,7,15,4,16,8,22,24,12],[19,23,3,15,4,16,7,11,8,24,12],[23,19,3,11,15,16,7,4,8,24,9],[3,7,11,19,23,15,16,4,8,24,12],[23,11,3,19,7,15,16,4,8,24,9],[3,11,15,16,19,23,7,4,8,24,12],[19,7,15,23,11,3,4,16,8,24,12],[3,23,15,4,16,7,11,19,8,24,12,21],[3,11,23,15,4,16,19,7,8,24,9,10,12],[23,7,19,11,3,15,16,4,8,24,12,2],[3,19,15,16,11,7,23,4,8,24,12],[3,15,4,16,19,11,23,7,8,24,12],[15,19,7,23,3,16,11,4,8,24,9],[11,7,3,15,4,16,19,23,8,24,12],[23,11,3,15,16,7,19,4,8,24,9],[15,3,16,11,23,19,7,4,8,24,12],[23,3,7,15,4,16,19,11,8,21,24,12],[23,15,19,7,3,4,16,11,8,24,12],[23,3,19,11,7,15,16,4,8,24,12],[11,19,7,15,3,16,23,4,8,24,9],[7,11,15,19,3,16,23,4,8,24,12],[15,7,23,11,3,4,16,19,8,24,12],[11,7,3,23,19,15,4,16,8,24,12],[3,23,11,15,16,19,7,4,8,24,9,12],[7,11,23,15,19,3,16,4,8,24,12],[11,7,15,23,3,16,19,4,8,21,24,10,12],[19,15,11,7,3,16,23,4,8,24,12],[23,11,19,15,3,16,7,4,8,24,12],[11,7,15,3,4,16,23,19,8,24,12,21],[3,7,19,23,15,16,11,4,8,24,12],[23,11,3,7,19,15,16,4,8,24,12],[11,19,15,3,16,23,7,4,8,24,12],[23,3,19,15,16,7,11,4,8,12,22,24],[3,11,7,23,15,4,16,19,8,24,10,12],[15,7,3,16,19,23,11,4,8,24,9],[3,15,16,23,19,7,11,4,8,22,24,12],[15,19,11,7,3,4,16,23,8,24,10,9],[15,3,4,16,19,7,23,11,8,24,9],[11,23,7,19,15,3,4,16,8,24,9],[3,15,16,19,23,7,11,4,8,21,12,24,17],[15,23,19,11,7,3,4,16,8,21,12,24],[11,15,19,3,16,23,7,4,8,12,24],[7,23,19,15,11,3,16,4,8,22,10,24,12],[23,7,3,19,11,15,16,4,8,24,12],[19,15,3,4,16,23,7,11,8,24,12],[7,19,11,23,3,15,4,16,8,24,12],[19,23,7,3,11,15,4,16,8,24,12],[7,15,19,11,23,3,16,4,8,24,12],[15,3,16,19,7,11,23,4,8,24,12],[3,23,7,19,11,15,16,4,8,24,9],[15,3,16,7,23,11,19,4,8,24,12],[15,23,11,7,3,16,19,4,8,24,9,10,12],[7,23,11,3,15,4,16,19,8,24,12],[19,15,3,4,16,7,23,11,8,24,12],[19,23,3,15,16,11,7,4,8,21,22,24,10,12],[7,23,11,3,15,4,16,19,8,24,10,12],[23,7,3,19,15,16,11,4,8,24,12],[19,15,3,16,7,11,23,4,8,24,12],[11,23,7,19,3,15,16,4,8,22,24,12,6],[3,15,16,11,23,7,19,4,8,24,12],[11,7,23,15,3,4,16,19,8,24,10,9,12],[15,7,11,19,23,3,16,4,8,24,12,21,18],[7,11,19,15,3,4,16,23,8,24,12],[3,11,7,23,15,4,16,19,8,24,10,12],[19,15,11,7,3,16,23,4,8,24,12],[11,15,3,16,23,7,19,4,8,24,12],[3,7,23,11,15,4,16,19,8,22,24,12],[15,19,7,11,23,3,4,16,8,24,12],[15,3,4,16,7,19,11,23,8,24,9],[15,3,16,11,23,19,7,4,8,24,10,12],[15,3,4,16,19,23,11,7,8,22,24,12],[3,11,7,23,15,16,19,4,8,24,12],[23,11,19,7,3,15,4,16,8,24,12],[23,7,15,11,19,3,16,4,8,24,10,12],[19,15,23,3,16,7,11,4,8,24,12],[3,7,23,15,4,16,19,11,8,24,12],[23,3,11,15,16,7,19,4,8,24,12],[3,23,15,16,19,7,11,4,8,24,12],[19,15,7,23,3,16,11,4,8,24,9,18,10,12],[19,23,7,11,15,3,4,16,8,12,24],[19,15,3,4,16,7,23,11,8,24,12],[15,3,16,7,11,23,19,4,8,24,12],[23,7,11,3,19,15,16,4,8,24,9],[11,19,7,3,15,4,16,23,8,24,12],[11,15,3,4,16,19,7,23,8,24,9],[23,7,3,19,11,15,4,16,8,21,24,12],[23,19,7,11,15,3,4,16,8,22,24,10,12],[3,7,23,15,4,16,19,11,8,24,9],[15,23,3,4,16,7,19,11,8,24,9,10],[23,15,3,4,16,19,7,11,8,24,12],[23,7,11,3,15,4,16,19,8,24,12],[23,3,7,11,19,15,4,16,8,21,22,12,24],[7,23,15,11,19,3,16,4,8,24,12],[7,19,15,23,11,3,16,4,8,22,24,12],[23,11,3,7,19,15,4,16,8,24,12],[15,7,3,16,11,23,19,4,8,24,12],[23,11,7,19,3,15,16,4,8,24,9],[3,11,7,15,4,16,23,19,8,24,12],[15,23,3,16,7,11,19,4,8,24,12],[23,11,15,19,7,3,16,4,8,24,12],[11,19,7,23,3,15,4,16,8,24,12],[23,15,3,16,19,7,11,4,8,24,10,12],[23,7,11,19,15,3,4,16,8,24,12],[15,23,11,3,16,7,19,4,8,24,12],[11,19,23,7,15,3,16,4,8,21,24,12],[7,23,19,3,11,15,4,16,8,24,12],[23,19,11,15,7,3,4,16,8,24,12],[23,15,3,4,16,7,11,19,8,24,12],[7,11,19,3,15,16,23,4,8,24,12],[11,7,3,15,4,16,19,23,8,24,9,14],[7,19,11,3,23,15,4,16,8,24,12],[3,11,7,19,15,16,23,4,8,24,12],[15,7,19,3,4,16,23,11,8,24,12],[3,19,23,15,16,7,11,4,8,24,12],[15,3,16,23,19,7,11,4,8,24,9],[7,23,11,15,3,16,19,4,8,24,12],[23,11,15,19,7,3,4,16,8,24,12],[23,19,7,11,15,3,4,16,8,24,21,12],[23,15,7,11,3,16,19,4,8,24,12],[19,11,7,23,15,3,4,16,8,24,12],[19,7,23,15,11,3,4,16,8,24,9,12],[15,19,3,16,7,11,23,4,8,24,12],[3,23,15,16,11,19,7,4,8,24,9,12],[11,3,15,4,16,7,19,23,8,24,12],[19,7,3,23,11,15,4,16,8,24,12],[15,11,7,19,23,3,4,16,8,22,24,12],[19,11,23,3,7,15,16,4,8,21,24,12],[3,19,7,11,23,15,4,16,8,24,10,12,6],[7,3,23,11,19,15,16,4,8,24,12,2],[11,3,19,15,4,16,7,23,8,24,10,12],[15,7,19,3,16,11,23,4,8,22,24,12,5],[11,3,15,16,19,7,23,4,8,24,12],[3,23,15,16,11,19,7,4,8,22,24,12],[3,23,15,4,16,11,7,19,8,24,12],[11,3,7,19,15,16,23,4,8,24,12],[3,19,11,23,15,4,16,7,8,22,24,12],[7,19,3,15,4,16,23,11,8,24,12],[19,11,3,23,15,4,16,7,8,24,9],[19,15,3,4,16,7,11,23,8,24,10,12],[19,7,23,3,15,4,16,11,8,24,12],[19,3,23,15,4,16,7,11,8,21,22,12,24],[19,15,23,3,16,7,11,4,8,24,12],[19,3,11,23,15,16,7,4,8,24,10,12],[23,15,7,11,19,3,16,4,8,24,12,22],[19,3,15,16,7,23,11,4,8,24,12],[15,3,16,23,11,19,7,4,8,24,12],[23,3,19,7,11,15,4,16,8,24,9],[3,11,7,15,4,16,19,23,8,24,9,10],[23,3,15,4,16,7,11,19,8,24,10,12],[15,3,4,16,7,11,23,19,8,24,12],[23,3,15,16,19,11,7,4,8,22,24,12,17],[23,11,3,7,15,16,19,4,8,24,12],[7,11,19,23,15,3,4,16,8,24,12],[11,15,19,23,3,4,16,7,8,22,24,12],[23,11,15,3,16,7,19,4,8,24,12],[15,3,16,19,23,11,7,4,8,21,24,9],[23,7,3,11,19,15,16,4,8,24,10,12],[3,23,15,16,19,11,7,4,8,24,12],[19,7,11,23,3,15,4,16,8,24,12,2],[15,19,7,3,4,16,23,11,8,24,12],[19,11,23,3,15,4,16,7,8,24,12],[23,3,7,15,4,16,19,11,8,24,12,22,1],[19,15,7,11,23,3,16,4,8,24,12],[3,15,4,16,19,23,7,11,8,24,12],[19,23,3,15,16,7,11,4,8,24,12],[11,3,23,7,19,15,16,4,8,10,24,12],[7,3,19,11,23,15,4,16,8,24,10,12],[19,23,11,7,15,3,4,16,8,24,12],[23,11,19,15,7,3,4,16,8,24,12],[3,11,23,7,19,15,4,16,8,24,12],[23,7,11,19,15,3,16,4,8,24,12],[11,7,3,15,16,19,23,4,8,24,12],[23,15,19,7,11,3,4,16,8,24,9],[3,19,15,4,16,7,11,23,8,24,12,21],[3,15,4,16,11,23,7,19,8,24,12],[15,11,3,4,16,23,19,7,8,24,12],[15,11,19,7,3,16,23,4,8,24,12],[11,19,7,3,15,4,16,23,8,24,9,10],[7,3,23,15,4,16,19,11,8,24,12],[11,23,7,3,19,15,4,16,8,24,12],[15,3,16,23,19,11,7,4,8,24,12],[23,15,3,4,16,19,11,7,8,24,10,12],[19,15,3,16,11,23,7,4,8,24,12,2],[3,7,23,19,15,16,11,4,8,21,24,12],[3,19,7,15,4,16,23,11,8,24,9],[7,19,3,23,15,4,16,11,8,24,10,12],[19,3,15,4,16,7,11,23,8,24,12],[11,19,7,3,15,16,23,4,8,24,12],[19,3,23,11,7,15,4,16,8,24,12],[3,7,19,11,15,4,16,23,8,24,10,12],[23,19,7,3,11,15,16,4,8,24,10,12],[7,15,23,3,16,19,11,4,8,24,10,9],[15,19,3,16,11,23,7,4,8,12,24],[7,19,3,15,16,23,11,4,8,24,10,12],[3,15,16,23,11,19,7,4,8,24,12],[15,11,3,16,23,7,19,4,8,24,10,12],[3,23,15,16,19,7,11,4,8,24,12],[23,7,15,3,16,19,11,4,8,24,9],[11,19,3,23,15,16,7,4,8,24,12],[19,23,3,7,15,4,16,11,8,24,12,18],[7,19,11,3,15,4,16,23,8,24,12],[7,15,11,19,23,3,16,4,8,24,9],[19,15,23,11,3,4,16,7,8,24,12],[19,23,11,15,3,4,16,7,8,21,12,24],[11,19,15,23,3,4,16,7,8,24,12],[19,11,23,7,15,3,4,16,8,24,10],[3,19,15,16,23,11,7,4,8,24,12],[19,15,23,7,11,3,16,4,8,21,12,24],[7,19,11,23,3,15,16,4,8,24,10,12],[15,3,4,16,23,19,7,11,8,24,9,12],[19,7,11,23,15,3,4,16,8,24,9],[7,3,23,15,16,19,11,4,8,24,10,12],[23,3,19,15,4,16,11,7,8,24,12],[3,19,11,7,23,15,16,4,8,24,12],[7,3,23,11,15,16,19,4,8,24,12],[15,3,16,23,7,11,19,4,8,24,12],[11,23,19,3,15,4,16,7,8,24,12],[3,7,15,4,16,19,11,23,8,24,12],[11,19,7,15,23,3,4,16,8,24,12],[19,23,3,11,7,15,4,16,8,12,21,24],[23,15,11,3,4,16,19,7,8,21,12,24],[11,7,3,15,4,16,19,23,8,24,22,10,12],[7,19,23,15,3,4,16,11,8,24,12],[15,3,4,16,7,19,11,23,8,24,12],[23,11,19,3,15,4,16,7,8,24,12],[3,19,11,7,23,15,4,16,8,24,12],[7,19,3,11,23,15,16,4,8,24,9],[3,19,23,15,16,11,7,4,8,24,9,12],[11,19,15,3,4,16,7,23,8,22,21,24,12],[19,15,3,16,23,7,11,4,8,24,12],[7,11,23,3,15,4,16,19,8,24,12],[7,23,11,15,3,4,16,19,8,24,12],[11,3,15,4,16,23,7,19,8,24,12],[7,11,19,15,3,16,23,4,8,24,12],[19,3,7,23,11,15,4,16,8,24,12],[11,3,23,15,16,7,19,4,8,24,12],[11,7,23,19,15,3,16,4,8,24,12],[15,7,23,11,19,3,4,16,8,24,12],[3,19,7,11,15,4,16,23,8,24,12],[23,15,19,3,4,16,7,11,8,24,12],[3,23,7,15,16,11,19,4,8,24,10,12],[3,19,7,23,15,16,11,4,8,24,12],[15,3,16,23,11,19,7,4,8,12,24],[7,23,11,19,15,3,4,16,8,24,12],[19,3,15,4,16,7,11,23,8,24,12],[23,3,19,7,15,4,16,11,8,24,12],[15,19,3,4,16,11,23,7,8,24,12],[11,23,7,19,15,3,4,16,8,24,12],[3,23,7,11,19,15,16,4,8,24,12],[7,19,15,23,11,3,4,16,8,24,12],[19,23,7,3,15,16,11,4,8,21,24,12],[7,15,3,16,19,11,23,4,8,24,12],[23,15,19,7,11,3,16,4,8,24,12,18,5],[11,23,3,7,19,15,16,4,8,24,9],[19,15,3,16,23,7,11,4,8,21,9,24,12],[7,11,3,23,19,15,4,16,8,24,12],[11,19,15,23,7,3,16,4,8,24,12,14],[3,23,7,11,19,15,16,4,8,12,24],[19,15,7,3,16,23,11,4,8,24,12],[3,7,23,15,4,16,11,19,8,24,12],[15,7,19,23,11,3,4,16,8,24,12],[19,7,23,3,11,15,4,16,8,24,12],[15,3,4,16,11,23,19,7,8,21,12,24],[23,19,7,15,3,16,11,4,8,24,12],[19,11,7,15,23,3,16,4,8,22,24,12],[11,23,3,7,15,16,19,4,8,12,24],[23,11,15,7,19,3,16,4,8,22,12,24],[3,7,11,15,4,16,23,19,8,24,12],[7,3,19,11,15,16,23,4,8,24,10,12],[15,3,16,7,19,23,11,4,8,24,12],[23,11,7,3,15,16,19,4,8,24,12,22],[15,7,3,4,16,23,11,19,8,24,12],[23,7,11,19,15,3,16,4,8,24,9,6,12],[15,11,19,7,23,3,16,4,8,24,10,9,14],[23,11,19,15,3,16,7,4,8,24,12],[11,15,19,3,4,16,7,23,8,24,12],[23,15,3,16,7,11,19,4,8,24,12],[3,11,7,15,4,16,19,23,8,24,12],[7,15,11,19,3,16,23,4,8,24,9],[3,23,11,19,7,15,4,16,8,24,10,9],[23,19,7,3,15,16,11,4,8,24,12],[3,7,15,16,19,11,23,4,8,24,12],[11,3,15,4,16,19,23,7,8,24,12],[11,19,15,3,16,23,7,4,8,24,12],[19,15,7,3,4,16,11,23,8,12,22,24],[11,7,3,19,23,15,16,4,8,24,9],[23,11,15,19,3,4,16,7,8,24,12],[7,11,19,3,23,15,16,4,8,24,12],[19,23,3,11,7,15,16,4,8,24,12],[7,3,15,4,16,23,11,19,8,24,9,10],[23,7,15,19,11,3,16,4,8,24,12],[23,3,19,15,4,16,7,11,8,21,9,22,24],[19,11,3,15,4,16,7,23,8,24,9],[3,15,16,11,19,23,7,4,8,24,12],[19,23,3,11,7,15,16,4,8,24,9,12],[11,23,3,15,16,19,7,4,8,24,9,12],[3,23,15,16,7,19,11,4,8,24,12],[7,3,19,11,23,15,4,16,8,24,10,12],[11,15,7,19,3,16,23,4,8,24,12,2],[7,15,23,3,16,19,11,4,8,24,12],[19,11,7,23,15,3,4,16,8,24,10,12],[3,7,19,23,11,15,4,16,8,24,12],[15,7,3,16,11,19,23,4,8,24,12],[7,3,15,4,16,23,11,19,8,24,12],[15,7,19,11,23,3,4,16,8,24,9],[7,3,15,4,16,11,19,23,8,24,9],[7,19,15,11,23,3,16,4,8,24,12],[11,3,15,16,19,7,23,4,8,24,12],[11,7,23,19,15,3,16,4,8,24,12],[7,19,23,3,15,4,16,11,8,24,10,12],[7,3,23,15,4,16,19,11,8,21,24,12],[23,15,7,3,4,16,11,19,8,24,12],[19,7,11,15,3,4,16,23,8,24,12],[23,15,11,3,16,19,7,4,8,24,12],[11,3,7,19,23,15,4,16,8,24,12],[15,23,7,19,11,3,4,16,8,24,12],[23,11,19,3,15,4,16,7,8,24,12],[3,15,4,16,7,23,11,19,8,24,12],[19,11,3,15,16,23,7,4,8,24,12],[23,19,7,11,15,3,16,4,8,24,12],[15,23,3,16,7,11,19,4,8,24,12],[11,3,15,16,23,7,19,4,8,22,24,10,9,12,5],[15,11,3,16,7,19,23,4,8,24,12],[19,23,15,3,16,7,11,4,8,21,24,12],[19,3,11,23,7,15,4,16,8,24,10,12],[3,23,15,16,7,11,19,4,8,24,12],[3,23,19,11,15,16,7,4,8,24,12],[11,7,23,3,15,4,16,19,8,24,12],[15,19,3,4,16,11,7,23,8,24,9],[7,19,3,11,15,4,16,23,8,24,12],[11,15,7,19,3,4,16,23,8,24,12],[19,15,11,3,16,23,7,4,8,22,24,12],[11,23,3,7,15,4,16,19,8,24,12],[15,23,3,4,16,7,11,19,8,24,12],[23,3,19,15,16,11,7,4,8,24,12],[11,7,3,15,16,23,19,4,8,24,12],[3,23,15,4,16,7,11,19,8,24,12],[15,19,7,11,3,16,23,4,8,24,12],[7,19,11,3,15,16,23,4,8,21,24,12],[23,11,19,15,7,3,4,16,8,24,12],[7,11,23,15,19,3,4,16,8,24,12,21],[15,7,19,23,11,3,4,16,8,24,9,12,22],[7,19,23,15,3,16,11,4,8,24,12],[23,7,15,11,3,16,19,4,8,24,12],[7,3,11,23,15,16,19,4,8,24,9],[7,23,11,3,19,15,16,4,8,24,10,9,12],[7,23,11,19,3,15,4,16,8,24,12],[3,23,11,7,19,15,4,16,8,24,12],[7,11,3,15,16,23,19,4,8,24,10,12],[23,3,19,11,15,16,7,4,8,24,12],[11,7,19,15,3,4,16,23,8,21,9,24],[15,23,19,7,11,3,16,4,8,24,12],[3,23,7,15,4,16,19,11,8,24,10,12],[19,11,15,3,16,23,7,4,8,24,9],[15,23,11,19,7,3,16,4,8,24,12,20],[19,11,7,15,3,16,23,4,8,24,12],[15,19,7,23,3,16,11,4,8,24,12],[3,23,15,16,11,19,7,4,8,24,12],[23,19,3,15,4,16,11,7,8,24,12],[3,7,19,23,11,15,4,16,8,22,24,12,10,6],[19,7,15,23,11,3,16,4,8,24,12],[3,15,16,11,23,19,7,4,8,24,12],[15,19,3,16,11,23,7,4,8,24,12],[3,15,16,23,11,19,7,4,8,24,10,12],[19,7,15,23,3,4,16,11,8,21,12,24],[11,3,19,7,23,15,4,16,8,24,12],[11,3,15,16,7,19,23,4,8,21,12,24],[7,3,23,15,4,16,19,11,8,24,10,12],[23,15,19,11,7,3,4,16,8,24,12,5],[15,11,3,16,7,19,23,4,8,24,12],[7,19,23,3,15,4,16,11,8,21,12,24],[11,15,3,4,16,7,23,19,8,24,12],[23,3,7,11,15,4,16,19,8,24,12],[23,15,11,19,3,4,16,7,8,24,12],[23,7,3,11,15,16,19,4,8,24,12],[11,19,7,23,3,15,16,4,8,24,12],[19,3,15,16,23,11,7,4,8,24,12],[11,23,3,15,4,16,19,7,8,22,24,12],[19,11,15,23,7,3,4,16,8,24,10,12],[3,7,23,19,15,16,11,4,8,24,12],[11,23,15,19,7,3,4,16,8,24,12],[23,7,19,11,3,15,4,16,8,24,12],[11,15,3,16,19,7,23,4,8,24,10,12],[11,3,15,4,16,19,23,7,8,24,10,12],[3,19,15,16,23,7,11,4,8,24,12],[11,15,19,3,16,23,7,4,8,24,12],[7,3,11,15,16,19,23,4,8,22,24,12],[19,11,15,23,7,3,16,4,8,24,12],[19,7,11,23,3,15,4,16,8,24,12],[23,11,7,19,15,3,16,4,8,24,12],[19,3,23,11,7,15,16,4,8,24,12],[11,19,3,7,15,4,16,23,8,12,24],[23,19,3,7,15,4,16,11,8,24,12],[7,15,19,11,23,3,16,4,8,24,12],[7,15,19,23,3,4,16,11,8,24,12],[3,23,19,7,15,16,11,4,8,24,12,1],[15,19,3,16,7,23,11,4,8,12,22,24],[15,3,16,23,7,19,11,4,8,21,24,12],[3,23,19,11,15,4,16,7,8,24,10,12],[15,11,3,16,19,7,23,4,8,24,12],[19,3,7,23,11,15,4,16,8,24,12],[15,23,7,3,4,16,19,11,8,24,12],[3,23,15,16,7,11,19,4,8,24,12],[19,3,15,16,11,23,7,4,8,24,12],[15,7,11,3,16,19,23,4,8,12,24],[23,7,15,11,19,3,4,16,8,24,12],[15,3,4,16,19,11,23,7,8,24,12],[11,15,7,3,4,16,19,23,8,24,12],[15,3,16,19,23,11,7,4,8,22,24,12],[3,7,23,11,15,16,19,4,8,24,12],[3,11,7,19,23,15,4,16,8,24,9,20],[7,19,11,15,3,4,16,23,8,24,12]],"n_human":12}