{"problem_id":"Wp21oQCedqJKg5W","sigma":75,"alpha":1.000,"cost":0,"probabilities":"[0.22, 0.08, 0.08, 0.62]","payoff_matrix":"[[-35, -63, -1, 44, 30, 43], [13, -22, 69, 142, 15, 8], [-6, -36, 134, 98, -87, -15], [-2, -205, -92, 90, -41, 162]]","uncovered":[[24,5,15,20,16,4,12,9,8,23,19,6,13,21],[16,12,24,14,18,6,4,8,19,20,13,21],[16,4,20,12,8,24],[12,4,20,24,23,8,7,15,16,10,14,9,21],[8,4,20,12,16,24],[4,20,24,16,12,1,8],[20,4,16,8,24,13,12],[12,4,24,8,14,16,13,21],[16,24,20,8,12,4],[16,24,4,12,13,8,20],[8,4,12,16,24,20],[12,4,24,20,16,8],[16,4,24,8,18,20,13,12],[20,12,24,13,16,2,9,4,6,8],[8,4,16,24,18,20,2,12],[4,24,16,8,20,12],[12,4,20,24,10,16,15,22,14,21],[4,20,16,24,13,11,12,8],[16,12,8,4,24,20],[8,12,16,4,24,11,13,20],[20,16,24,22,8,4,12],[4,16,20,12,24,5,22,10],[8,16,4,20,24,12],[8,20,4,12,16,24],[8,24,12,17,20,4,16],[8,24,10,12,4,3,16,5,23,20],[8,12,24,20,1,4,15,16,13,21],[20,24,7,8,9,4,17,16,15,21],[16,24,8,17,12,20,4],[24,20,4,12,9,8,16],[12,24,16,4,8,13,15,21],[4,16,24,20,8,11,12],[8,24,6,14,16,17,4,10,20,13,21],[20,16,8,4,24,9,12],[8,12,4,16,24,20],[24,4,20,8,16,6,18,12],[4,12,20,24,22,18,8,14,16,11,10,17,1,3,6,13,21],[8,24,9,22,16,20,1,12,5,17,6,13],[20,24,12,7,6,16,5,17,4,13],[12,4,20,16,24,8],[4,8,24,16,12,20],[12,8,20,16,24,21],[24,4,8,12,20,14,16,5,13,21],[16,20,8,12,4,24],[24,8,19,12,4,11,7,15,16,9,20,10,6,22,17,5,2,13,21],[8,16,20,4,12,24],[16,24,8,12,4,13,15,21],[8,20,24,21,13,12,15,16],[16,12,24,4,14,8,20,13,21],[4,8,24,20,16,15,12,10,22,21],[8,20,24,4,19,12,16],[4,24,12,6,17,15,16,8,20,13,7,23,21],[4,16,24,21,8,19],[8,24,17,4,14,20,16,18,12,21],[8,12,20,24,4,15,14,16,21],[12,16,20,4,8,24],[12,8,24,16,4,3,20],[12,4,8,24,2,13,16,10,20],[8,16,20,12,4,24],[16,4,8,20,24,12],[20,8,4,16,24,12],[24,2,20,11,12,16,21,13,1],[8,20,12,24,4,1,14,16,21],[4,24,16,3,12,20,8],[12,8,16,24,4,22,20],[4,8,16,20,24,15,12,10,13,21],[16,20,4,12,8,24],[4,16,24,8,12,20],[24,7,9,20,16,1,8,5,3,13,12,22],[8,24,23,4,20,12,16],[20,12,16,24,4,8],[12,20,16,4,8,24],[8,12,24,20,16,4],[24,16,4,8,12,20],[24,4,13,16,3,8,21],[16,20,4,24,2,5,8,14,12,11,21],[20,12,16,24,4,8],[8,20,24,4,12,16],[20,16,12,24,15,8,23,4,13,21],[8,24,12,4,17,11,10,20,15,16,6,21],[16,4,24,20,8,5,9,12],[12,8,16,20,4,24],[16,20,12,8,4,24],[4,20,24,8,16,12],[4,16,8,12,20,24],[24,16,20,12,4,7,6,15,8,22,19,13],[16,12,20,24,4,10,8],[4,8,20,24,12,16],[8,20,4,24,12,6,16],[8,16,20,4,12,24],[20,16,4,24,12,8],[20,8,24,12,16,4],[8,12,24,16,23,20,4],[4,24,14,20,15,16,21,11,12],[24,20,12,4,8,16],[16,12,20,4,24,13,5,6],[16,20,24,12,8,4],[24,12,1,4,8,19,5,20,16],[8,4,12,24,20,16],[12,24,16,8,5,20,4],[12,4,20,8,16,24],[24,12,20,22,16,8,4],[12,16,24,8,10,5,4,20],[16,12,8,4,24,11,14,20,13,21],[8,4,12,24,20,16],[8,24,16,11,12,18,20,10,4],[24,19,8,4,12,16,1,3,20],[16,8,20,4,12,24],[12,24,4,20,8,1,14,16,21],[8,24,2,16,12,4,20],[16,24,19,20,4,5,12,8],[4,12,16,24,18,8,20],[8,20,12,24,16,10,1,4],[16,12,4,24,19,20,8],[8,4,24,20,5,16,12],[16,20,4,8,24,9,12],[24,12,16,20,8,4],[12,8,16,24,15,20,4,18,2,9,17,19,14,13,21],[24,4,8,16,9,14,6,12,19,20,13,21],[12,20,8,4,16,24],[12,24,8,6,15,2,16,14,20,21],[20,16,4,24,12,8],[8,24,3,12,4,20,6,14,16,21],[4,16,20,8,12,24],[8,24,12,16,20,4],[12,20,8,16,24,4],[20,24,4,8,2,12,16],[8,4,12,16,20,24],[16,24,20,4,7,8,10,19,12],[16,12,20,4,24,15,8,6,3,2,7,22,1,10,21],[12,8,20,4,16,24],[20,12,24,6,16,4,8],[24,8,12,16,20,4],[4,12,16,20,24,6,8],[20,16,8,24,4,12],[4,12,20,24,8,15,9,16,22,6,1,19,23,18,10,7,5,13],[16,20,12,4,8,24],[16,20,24,12,4,8],[20,8,4,16,12,24],[12,20,16,24,15,9,5,3,13,21],[4,16,20,12,24,15,11,8,10,23,19,6,13,21],[24,12,8,20,15,16,3,4,1,11,21],[24,16,8,4,12,20],[8,12,4,16,24,15,20,2,3,23,17,13,21],[12,20,8,24,4,16],[20,4,24,12,8,5,22,9,6,16],[24,2,19,12,16,4,8,14,21],[4,8,12,16,24,20],[4,24,15,16,12,7,3,20,8,2,6,5,11,18,14,21],[16,12,8,20,4,24],[4,8,12,24,20,23,16],[4,20,24,15,16,8,12,5,21],[16,12,8,24,20,9,4],[4,20,12,16,8,24],[20,16,12,24,17,7,1,11,4,21],[20,12,8,16,4,24],[12,20,4,16,8,24],[20,24,8,4,23,12,16],[16,4,12,24,9,8,14,20,23,21],[20,8,24,10,4,16,18,12],[4,8,12,16,24,20],[12,20,4,16,8,24],[4,24,11,12,8,20,14,7,16,21],[12,24,8,18,20,1,16,9,7,17,10,21],[8,4,20,12,16,24],[24,8,20,2,4,10,12,16],[12,8,16,24,14,7,4,20,2,6,19,21],[8,20,12,24,2,14,4,16,15,13,21],[8,20,16,12,24,5,2,4],[16,20,8,4,24,12],[4,8,16,12,24,10,20],[4,24,16,8,12,20],[16,12,24,8,4,19,21],[16,4,24,18,12,20,6,7,13,14,21],[4,24,20,12,8,15,16,13,21],[8,16,20,4,24,7,23,19,12],[24,18,4,16,12,8,20],[4,24,17,16,20,12,8],[8,4,20,16,12,24],[20,12,16,24,4,8],[4,8,16,12,24,7,18,20],[12,24,16,4,18,8,15,20,2,22,7,21],[20,8,12,16,24,4],[12,16,24,4,8,15,13,20,14,21],[12,4,8,16,20,24],[16,24,12,8,9,4,21],[4,8,16,24,20,12],[16,24,4,12,8,17,23,20],[24,8,15,16,4,14,21,23,20],[24,19,16,12,8,4,6,2,7,20],[8,16,24,9,18,11,4,12,17,20],[24,4,20,8,16,12],[24,5,11,12,20,4,16,19,1,18,8],[4,16,12,24,6,23,8,20],[24,8,9,12,4,14,16,20,22,18,13,21],[24,4,16,20,11,12,8],[12,24,20,19,7,16,23,4,8],[16,8,4,12,20,24],[24,12,4,16,20,6,14,17,7,5,3,15,21],[8,20,12,4,16,24],[16,20,4,8,12,24],[8,16,20,12,24,4],[12,4,8,20,24,13,16],[16,24,4,1,12,8,19,15,13,17,20,11,21],[20,16,4,8,24,12],[20,8,24,12,14,16,18,4,9,15,13,21],[16,4,12,20,8,24],[8,12,16,24,20,4],[20,16,12,4,24,7,8],[16,4,24,20,12,1,8],[20,4,8,24,10,12,16],[20,12,4,16,24,8],[24,18,12,8,20,11,23,13,16,21],[4,24,12,8,17,20,22,16],[20,24,8,4,5,15,16,9,22,3,12,23,7,13],[16,20,4,24,12,5,9,14,13,21],[16,20,4,24,8,23,12],[4,8,12,20,16,24],[20,24,8,1,3,9,5,16,6,10,12,15,22,14,13,21],[16,20,12,8,4,24],[4,20,24,12,1,16,8],[8,20,16,4,24,12],[24,12,8,20,16,2,22,4],[20,24,12,23,16,8,14,21],[20,24,12,11,4,13,16,19,7,8],[20,16,8,4,24,3,23,21],[8,20,16,12,4,24],[8,24,4,20,16,5,7,23,12],[16,12,24,17,8,4,10,22,20],[12,8,24,15,16,20,6,11,4,21],[16,20,4,24,10,12,8],[12,8,24,1,4,20,16],[16,8,12,20,4,24],[12,24,4,20,16,23,8],[8,4,12,16,20,24],[20,12,16,24,4,8],[4,24,18,12,16,20,8],[24,19,8,4,16,12,7,20],[4,24,16,3,8,13,20,12],[4,20,12,8,24,16],[20,8,4,24,16,12],[16,4,8,24,6,20,17,12],[4,24,20,16,8,12],[20,24,4,8,12,16],[20,4,16,12,8,24],[20,8,16,12,24,19,4],[20,8,12,24,16,1,4],[4,24,8,7,12,1,20,5,21],[16,24,12,20,3,4,8],[16,20,24,8,3,4,5,12],[4,8,12,24,20,16],[12,8,24,6,4,5,20,9,16],[12,8,16,4,24,17,14,22,3,20,21],[20,8,24,11,12,13,16,4],[8,16,4,20,24,9,12],[8,20,12,4,24,16],[12,4,8,20,16,24],[24,3,8,4,17,16,20,12],[4,20,8,12,16,24],[24,16,18,21,23,3,19,8,2,12],[20,24,4,12,19,16,21],[24,3,10,11,12,8,4,20,23,16],[24,5,12,17,4,16,15,20,11,3,19,6,14,21],[8,16,24,12,20,15,4,17,7,22,10,6,1,2,18,5,13,11],[4,24,16,20,8,22,12],[16,8,4,12,24,20],[24,8,1,12,16,20,2,22,19,3,15,5,7,13,21],[24,20,8,16,12,22,4],[8,16,24,20,2,3,12,4],[24,12,14,16,4,8,23,20,13,21],[16,24,4,8,20,12],[20,8,4,24,12,15,23,16,13,21],[4,20,8,16,12,24],[4,24,16,12,8,20],[16,20,4,8,24,12],[4,16,8,24,9,20,12],[8,24,4,12,14,16,20,18,17,11,1,2,21],[16,8,20,12,24,6,22,9,1,4],[12,8,16,20,24,4],[24,8,4,12,20,18,16],[16,4,12,24,21],[12,20,16,4,8,24],[20,4,8,24,16,5,14,21],[4,20,12,16,8,24],[16,20,12,8,4,24],[4,20,24,16,7,21],[12,4,20,24,3,8,15,16,18,13,21],[8,12,24,14,16,4,20,1,23,22,18,13,21],[4,16,20,8,12,24],[24,12,4,20,16,8],[12,16,4,8,24,19,6,20],[16,24,20,4,1,8,12],[24,16,12,8,4,20],[4,16,24,8,12,20],[20,8,24,5,12,16,14,4,23,13,21],[12,8,20,4,16,24],[12,4,8,16,20,24],[16,12,20,24,19,4,8],[4,8,20,24,16,10,12],[12,8,24,16,17,4,1,19,23,15,9,7,20,6,11,22,14,21],[24,4,12,19,8,18,16,20],[12,24,4,8,7,5,14,16,13,21],[16,8,4,20,24,12],[12,20,24,4,3,8,13,16],[16,12,24,8,18,4,20],[16,12,8,20,4,24],[16,20,4,12,24,1,8],[24,16,8,9,19,4,10,18,11,12,17,21],[12,20,24,8,10,16,1,14,3,21],[8,16,24,4,20,12],[20,8,24,16,4,12],[16,8,4,20,12,24],[12,24,13,16,4,20,8],[24,4,20,12,8,16],[16,24,8,10,4,12,2,20],[12,24,4,14,16,8,22,20,7,21],[24,12,8,4,15,16,20,6,17,21],[24,20,4,17,16,12,8],[4,12,20,8,16,24],[8,24,12,20,16,4],[4,16,20,8,12,24],[24,20,8,16,11,12,4],[24,8,20,10,14,16,1,12,4,9,21],[8,12,24,1,13,16,23,20,2,7,4],[12,4,20,24,8,16],[12,20,4,16,24,8],[20,24,8,4,12,16],[24,16,22,20,21,3,18,17,6,11,12],[12,8,20,24,6,3,1,11,16,4],[12,8,20,4,16,24],[8,24,13,20,16,4,10,12],[16,8,24,19,20,4,12],[8,20,4,16,24,12],[16,24,20,7,12,6,14,18,3,4,2,8,23,13,21],[8,4,24,12,16,20],[24,8,20,16,18,12,21],[4,12,20,16,24,22,8],[4,16,8,20,12,24],[12,20,16,24,4,8],[16,8,20,12,24,4],[24,8,19,20,12,16,10,4],[20,12,16,8,24,4],[24,4,16,20,8,11,12],[16,8,4,20,24,12],[12,24,20,16,11,17,8,9,4],[12,8,24,20,9,7,4,16],[4,8,24,11,12,18,16,19,10,13,2,22,17,20],[12,16,4,8,20,24],[12,24,4,20,16,8],[8,20,24,4,9,22,16,21],[20,4,16,8,12,24],[12,4,20,8,16,24],[8,12,16,24,20,4],[12,8,4,24,14,20,16,11,23,13,21],[12,20,8,24,16,13,4],[16,24,12,20,22,8,7,10,4],[8,16,4,12,20,24],[16,12,24,20,8,4],[12,4,8,20,24,16],[24,4,20,23,12,16,18,8],[4,12,8,20,24,9,15,2,16,1,17,21],[20,4,16,12,8,24],[8,12,20,4,16,24],[20,16,12,4,24,8],[4,12,20,24,8,15,14,16,13,21],[8,4,24,7,10,15,12,16,20,13,22,21],[24,12,4,16,8,5,18,1,20],[24,16,10,4,12,20,5,11,19,23,8],[20,24,7,9,16,18,4,12,8],[8,24,21,4,16,20],[24,13,2,14,16,21,12,19,7,8],[8,12,16,24,4,20],[4,24,12,20,2,19,8,16],[16,20,4,24,8,6,12],[8,4,20,16,24,12],[20,8,4,16,24,12],[12,8,24,20,16,18,4],[16,24,12,14,6,20,8,4,21],[20,8,12,4,16,24],[24,18,13,16,22,7,10,12,8,20,11,15,4,21],[12,20,24,8,4,23,16],[8,16,20,12,4,24],[8,20,24,14,16,6,3,12,21],[4,20,16,24,12,8],[16,8,24,20,4,12],[16,12,24,8,7,20,4],[24,16,2,4,20,12,9,23,5,11,21],[12,8,24,23,16,4,20],[4,12,24,20,16,8],[20,16,8,4,24,5,19,12],[16,12,4,20,24,5,15,8,21],[12,16,4,8,20,24],[20,16,8,12,4,24],[24,4,20,12,8,16],[8,16,24,4,20,12],[16,24,10,12,3,2,8,4,20],[8,20,12,4,24,16],[12,4,24,8,16,10,17,20],[12,24,16,8,20,3,23,4],[16,12,4,20,24,3,8],[12,24,10,16,8,5,4,20],[4,12,24,5,20,16,22,1,15,3,7,2,8,17,13,21],[24,3,16,20,5,4,12,21],[24,16,8,4,19,12,21],[8,24,4,16,9,20,11,23,12],[24,20,12,4,7,13,16,3,21],[12,20,4,8,16,24],[16,20,12,4,8,24],[4,8,12,24,16,5,14,22,17,20,13,21],[20,16,24,8,12,2,4],[4,24,12,8,20,14,16,2,3,7,22,15,21],[16,8,24,11,20,12,4],[12,16,4,20,8,24],[8,12,24,20,16,5,19,4],[24,4,16,20,12,7,8],[16,20,12,4,8,24],[8,12,16,24,20,4],[16,4,12,8,20,24],[8,20,4,24,15,12,16,11,2,21],[8,4,16,12,24,18,20],[24,12,23,6,2,19,15,16,4,13,21],[24,4,12,20,15,16,8,10,21],[20,4,12,24,18,7,16,3,8],[20,4,8,16,12,24],[12,20,8,16,24,14,4,18,21],[24,8,9,16,20,11,10,12,4],[8,4,16,24,20,12],[16,8,12,24,20,2,4],[8,24,12,4,16,17,18,6,20],[20,4,8,16,24,12],[16,20,24,23,12,8,4],[16,24,12,8,11,20,7,4],[4,16,8,20,12,24],[4,16,24,12,6,19,8,21],[4,24,12,6,20,8,9,16],[4,8,20,12,24,18,16],[24,22,9,2,12,6,10,16,20,8,4],[20,8,16,24,12,4],[16,8,24,20,12,4],[12,8,20,4,16,24],[24,17,20,4,8,12,1,13,16],[24,19,15,16,4,11,12,6,17,8,20,21],[24,8,16,20,17,12,4],[20,24,12,16,4,8],[16,12,8,20,4,24],[12,24,20,16,1,8,22,13],[24,16,8,20,12,17,13,23,9,4],[8,24,17,9,4,20,19,12,16],[12,16,4,8,24,20],[16,8,4,24,20,12],[24,15,16,6,1,8,12,7,20,2,23,13,21],[20,16,12,24,4,8],[16,12,4,24,6,8,18,20],[20,8,16,4,12,24],[4,16,20,12,24,8],[24,13,15,16,12,8,20,21],[4,20,12,16,24,7,2,8],[24,8,16,20,12,17,4],[8,16,4,20,24,13,22,12],[16,4,8,24,20,12],[12,4,24,7,8,17,20,15,16,22,10,13],[24,4,20,8,9,12,16],[12,16,20,8,4,24],[16,12,24,8,20,3,19,17,1,4],[8,16,12,24,4,20],[16,8,20,24,17,12,19,4],[16,4,12,8,24,20],[16,20,8,4,12,24],[8,24,16,20,17,11,12,4],[24,12,20,16,4,8],[12,24,4,20,8,16],[20,8,12,16,24,17,4],[8,12,4,16,20,24],[20,12,24,8,15,16,21],[12,20,8,24,4,23,18,16],[12,20,24,19,4,23,16,8],[24,23,4,16,20,8,18,9,12],[16,4,12,24,20,5,14,13,21],[16,8,12,20,4,24],[12,8,20,16,24,4],[24,20,4,5,16,12,13,21],[16,12,24,1,8,18,20,7,2,9,10,4],[24,16,8,4,12,19,6,20],[4,24,9,5,16,19,21],[24,4,12,21,20],[20,12,8,24,22,4,7,16],[12,20,4,24,8,16],[24,8,20,16,3,5,12,4],[4,16,20,8,24,9,12],[8,24,16,15,20,1,12,21],[20,8,12,24,4,16],[16,24,9,8,10,3,20,12,23,17,4],[12,24,20,4,9,8,7,16],[20,8,12,16,4,24],[16,8,4,12,20,24],[24,1,3,12,19,16,8,20,4],[16,12,4,24,15,20,7,18,8,2,17,10,22,14,21],[20,8,16,12,4,24],[8,4,12,24,16,20],[12,24,20,8,4,16],[8,20,12,16,4,24],[20,16,8,24,4,15,1,12,14,21],[16,20,12,4,8,24],[4,8,20,24,3,12,16],[20,12,8,24,16,2,4],[16,12,24,20,4,6,22,8],[8,4,16,12,20,24],[12,8,20,24,16,23,2,4],[12,20,4,16,24,6,5,8],[12,8,4,16,24,20],[20,4,16,24,8,12],[20,12,24,16,5,4,13],[20,16,12,24,4,8],[4,12,16,8,24,10,1,14,20,22,11,9,21],[4,24,12,13,16,8,20],[4,16,24,20,8,23,12],[20,24,12,22,4,23,8,11,16],[24,4,7,10,12,20,21],[8,24,3,20,12,2,19,16,4],[12,16,24,4,20,6,18,8],[16,8,20,4,24,12],[16,12,4,20,24,15,8,11,23,9,19,10,3,5,6,22,13],[20,4,12,8,16,24],[16,8,20,12,4,24],[20,24,8,15,16,3,4,12,1,17,2,23,14,21],[20,8,4,12,16,24],[16,20,8,4,24,12],[20,24,14,5,16,15,21,23,12],[16,4,12,20,24,8],[16,24,19,7,12,5,14,8,4,17,20,13,21],[16,24,8,4,14,9,20,21],[4,8,16,24,20,22,12],[20,12,8,16,24,14,23,19,11,4,5,21],[24,8,4,10,12,16,20],[20,4,8,12,16,24],[16,8,20,12,24,4],[24,20,1,12,7,15,4,13,16,21],[12,16,8,24,20,21],[4,12,20,8,16,24],[24,16,9,12,4,8,20],[8,12,20,16,24,4],[24,8,23,20,13,16,12,4],[16,20,8,4,24,12],[4,16,20,24,12,1,8],[16,8,20,4,24,12],[8,12,20,24,22,4,10],[16,12,24,8,2,20,4],[8,12,20,16,24,4],[24,20,12,6,4,16,8],[4,24,17,20,12,21,2],[20,16,12,4,24,7,5,6,18,10,19,21],[12,4,20,16,8,24],[16,4,20,12,24,10,7,8],[20,8,16,4,24,23,12],[20,16,12,8,4,24],[8,20,4,16,12,24],[8,12,24,16,20,4],[4,8,16,12,24,20],[16,8,4,20,24,12],[8,4,20,12,24,16],[16,24,8,23,4,20,15,21],[8,16,20,4,12,24],[12,4,20,16,24,8],[12,8,4,24,6,20,13,16],[24,20,8,12,16,14,13,21],[24,12,8,4,3,16,5,18,20],[4,20,16,12,24,13,8],[24,4,8,20,10,12,6,15,13,16,21],[16,12,4,8,24,19,9,7,3,20],[24,12,16,11,4,8,20],[8,12,16,24,4,20],[24,8,12,7,4,20,16],[16,24,12,8,4,19,11,15,21],[16,12,8,20,24,3,14,4,22,5,18,10,13,21],[24,8,4,10,16,9,12,5,20],[12,4,8,16,24,3,20],[4,20,12,8,16,24],[12,24,16,19,2,4,14,22,8,3,13,21],[24,18,12,20,13,16,4,17,8],[8,16,12,20,24,4],[4,8,24,16,1,18,11,12,20],[20,12,4,24,16,19,18,8],[8,16,20,24,21,4],[12,4,20,8,24,10,13,16],[12,20,8,16,4,24],[4,8,12,20,16,24],[4,20,8,24,6,12,18,16],[20,12,8,4,24,3,15,16,23,19,1,14,21],[12,8,24,20,16,4],[24,13,16,8,10,12,20,4],[12,4,24,20,16,23,3,8],[8,16,12,24,20,13,4],[16,20,24,8,6,11,12,4],[8,16,20,24,12,4],[24,20,7,12,15,16,4,21],[12,4,8,20,16,24],[20,16,12,8,24,23,17,18,4],[16,12,24,23,2,7,4,8,20],[8,12,16,24,4,19,10,20],[12,24,13,16,20,1,8,10,19,4],[24,16,12,20,1,8,21],[8,24,17,4,16,19,10,12,20],[16,20,12,4,24,14,9,22,8,18,17,13,21],[20,4,8,16,12,24],[24,16,9,20,8,4,14,10,12,6,21],[16,24,12,4,20,8],[8,20,16,12,24,11,14,10,3,4,17,23,21],[8,16,20,12,4,24],[12,4,20,8,24,16],[12,4,20,16,8,24],[20,12,16,24,8,4],[8,20,16,24,4,12],[16,12,4,20,24,8],[12,16,8,20,4,24],[24,8,12,17,16,19,20,4],[12,4,8,24,16,20],[20,12,4,16,24,13,11,8],[20,8,24,4,12,13,16],[20,4,16,8,12,24],[16,24,12,13,4,8,20],[24,20,16,4,8,12],[4,20,12,8,16,24],[8,4,24,12,16,20],[20,12,16,8,24,4],[4,12,24,16,13,6,20,21],[4,8,12,24,16,20],[16,12,4,8,24,17,20],[4,24,20,8,12,18,16],[8,4,12,20,16,24],[16,20,24,8,12,3,5,4],[24,12,8,16,20,9,4],[12,4,24,5,16,20,8],[8,24,20,12,4,16],[24,19,8,12,7,23,16,3,4,6,20],[4,12,20,24,16,10,6,5,9,13],[8,4,24,16,19,11,12,13,20],[16,24,4,20,6,12,8],[8,20,24,4,13,12,11,16],[8,16,24,20,4,21],[24,20,8,12,16,4],[16,24,20,4,8,10,11,12],[24,4,8,16,20,15,12,19,13,21],[16,24,2,9,20,12,8,23,4],[8,20,12,16,4,24],[24,4,8,20,12,15,16,21],[8,4,16,20,12,24],[4,16,12,20,8,24],[20,4,24,8,16,22,18,12],[8,20,12,16,4,24],[8,4,20,12,24,9,16],[12,20,24,11,16,8,4],[4,12,8,16,24,20],[12,20,4,24,16,13,6,14,21],[24,20,16,4,12,14,8,11,13,21],[4,8,24,15,16,17,21,12],[16,8,4,12,20,24],[24,4,3,8,15,16,12,10,22,5,11,9,21],[16,8,24,7,20,4,10,13,12],[4,12,24,19,8,16,21],[20,12,16,8,24,4],[4,8,16,24,5,20,19,12],[8,24,20,4,16,12],[12,24,16,6,20,3,8,10,4],[16,12,20,24,4,8],[16,12,20,4,8,24],[16,4,8,12,24,2,20],[24,4,16,1,8,7,20,23,12],[4,24,20,16,12,8],[20,24,3,4,11,14,12,6,16,8,19,7,13,21],[4,20,24,14,15,16,13,21],[8,20,12,4,24,17,9,23,16],[24,4,20,5,12,16,8],[16,8,20,24,4,12],[20,8,12,4,24,15,16,1,13,21],[4,12,16,24,14,8,19,21],[20,8,12,4,24,7,13,16],[4,8,16,12,24,17,20],[12,20,8,24,16,4],[24,16,13,8,19,12,23,1,4,20],[24,19,12,4,16,8,6,1,15,20,11,14,21],[20,4,24,8,12,1,16],[4,20,12,8,24,23,16],[20,16,4,12,24,14,8,19,11,23,21],[12,24,20,14,16,4,21],[8,16,12,24,20,4],[4,8,16,12,20,24],[8,20,16,24,12,4],[24,4,8,12,18,20,16],[24,4,2,8,14,16,20,12,21],[8,12,16,4,20,24],[12,24,18,20,8,16,22,3,4],[12,20,4,16,24,14,17,22,2,10,21],[24,9,4,12,8,16,23,6,20],[12,24,4,20,8,1,13,16],[20,8,12,24,16,2,4],[16,8,4,24,20,5,14,13,22,21],[12,24,8,20,22,14,4,16,21],[20,24,12,8,4,16],[24,4,8,16,12,20],[8,12,20,24,13,16,4],[12,8,16,4,20,24],[12,8,20,24,4,14,16,21],[4,16,20,24,22,8,12],[16,12,4,8,24,18,23,20],[8,20,24,4,16,5,3,11,12],[4,12,16,24,20,8],[20,12,4,8,24,21],[24,18,4,14,16,5,22,20,12,21],[16,24,17,4,8,12,20],[8,16,20,4,12,24],[12,16,4,8,24,19,9,2,18,23,14,20,7,21],[20,8,12,16,24,4],[4,24,18,12,8,20,16],[24,12,6,4,20,5,16,15,1,22,7,18,11,13,21],[12,16,20,8,24,1,11,13,21],[12,24,20,16,8,2,4],[8,24,20,2,14,16,4,10,12,1,6,13,21],[8,16,12,20,24,4],[24,4,13,16,12,8,19,20],[24,4,18,20,16,5,17,12,6,11,8],[4,8,12,16,20,24],[24,16,12,4,8,11,20],[4,20,12,24,8,16],[20,24,18,12,8,4,13,16],[16,20,24,12,8,4],[24,21,16,9,1,12,18,8],[4,16,20,8,24,18,12],[20,24,8,3,12,14,16,2,4,21],[24,12,20,15,16,10,17,4,3,8,1,23,11,13,21],[16,20,8,12,4,24],[16,24,4,8,12,9,20],[4,24,12,8,16,9,20],[8,20,16,4,24,17,21],[12,24,8,17,20,16,4],[4,24,15,16,8,20,12,21],[24,8,5,12,16,22,2,4,20],[16,12,24,4,8,18,19,1,13,10,20],[4,8,24,12,20,14,16,13,21],[24,4,8,17,20,16,12],[24,16,4,8,2,12,10,20],[12,16,20,24,5,21],[4,24,16,23,8,11,12,19,13,20],[4,8,24,12,20,14,16,21],[4,12,8,20,16,24],[4,8,12,16,20,24],[8,20,4,12,16,24],[12,16,24,20,1,5,4,8],[12,20,24,13,16,8,2,4],[16,4,20,8,12,24],[12,24,4,8,16,14,20,17,3,21],[8,4,12,24,20,16],[20,8,24,12,9,16,15,1,21],[8,16,4,20,24,12],[16,20,24,13,4,8,12],[24,20,4,12,8,16],[8,20,12,4,24,10,16],[16,24,20,8,4,1,12],[8,4,24,12,16,14,21],[16,8,12,24,4,20],[8,16,4,12,20,24],[8,24,12,3,4,16,20],[8,4,16,20,12,24],[24,4,16,12,20,8],[8,24,4,17,20,9,12,13,16],[8,20,24,11,12,16,14,4,21],[16,24,20,12,8,14,13,21],[24,4,20,17,8,14,16,10,12,15,13,21],[4,16,12,20,8,24],[4,24,20,9,8,13,11,12,16],[12,20,16,8,24,15,4,6,19,17,2,13,9,21],[12,20,4,24,8,16],[20,12,16,8,4,24],[8,24,4,16,20,1,22,2,12],[20,12,4,16,24,3,6,18,17,8],[4,12,20,16,8,24],[4,20,16,8,24,10,14,12,19,15,21],[8,24,15,16,4,22,1,11,12,21],[8,20,24,12,14,16,22,4,13,21],[16,12,4,8,20,24],[20,16,12,8,24,6,22,4],[16,8,4,24,13,18,19,11,12,22,2,20],[24,16,7,20,4,8,12],[12,20,4,8,16,24],[20,12,24,4,8,1,22,13,16],[8,16,4,20,12,24],[16,24,8,4,20,6,5,15,11,12,10,17,3,18,22,21],[20,4,24,16,23,8,12],[16,4,20,12,8,24],[12,8,4,20,16,24],[20,24,16,12,18,8,4],[16,8,20,4,24,19,10,12],[12,16,20,4,8,24],[12,8,16,20,4,24],[20,24,16,4,12,9,6,8],[16,12,4,8,20,24],[8,4,12,20,16,24],[20,4,12,16,8,24],[24,10,16,12,4,20,13,8],[12,16,20,8,4,24],[16,24,8,20,12,3,4],[8,20,16,24,12,4],[12,16,24,20,8,23,22,6,4],[12,24,16,8,2,3,4,20],[20,16,4,24,12,6,8],[8,20,24,11,12,16,19,4],[12,16,20,8,24,5,2,4],[24,4,8,14,16,20,10,12,23,15,13,21],[8,20,12,24,4,15,16,22,1,14,21],[8,4,16,12,20,24],[20,12,24,4,8,22],[4,20,16,12,24,5,18,10,23,8],[4,8,12,20,16,24],[20,16,12,4,24,8],[12,16,20,8,24,4],[4,8,12,20,16,24],[24,4,16,8,12,17,20],[16,4,20,8,12,24],[16,4,20,8,12,24],[16,8,4,12,24,23,20],[24,12,4,20,8,16],[20,12,16,8,24,4],[20,4,8,16,12,24],[4,24,5,20,16,12,19,10,3,21],[8,12,20,4,16,24],[12,24,4,16,6,8,9,21],[4,24,14,16,12,13,21,23],[8,24,16,20,12,15,4,1,11,2,23,18,7,13,21],[20,12,24,4,8,16],[12,8,4,24,16,19,7,20],[12,20,8,16,24,4],[16,12,4,20,8,24],[24,8,5,16,1,12,18,2,19,4,9,17,20],[12,20,4,8,16,24],[4,12,8,24,13,16,17,20],[8,12,16,20,4,24],[12,4,8,20,16,24],[12,4,24,16,8,1,20],[4,24,12,8,20,16],[8,20,16,4,24,12],[12,8,4,24,18,16,20],[20,12,4,16,24,7,3,8],[8,16,4,20,12,24],[4,20,24,8,12,3,16],[8,4,20,12,16,24],[4,16,8,24,9,20,12],[4,16,20,24,12,8],[20,12,4,24,10,21],[24,8,4,16,17,20,12],[4,20,8,24,12,16],[20,24,16,8,4,12],[24,20,16,2,8,9,13,3,21],[24,12,16,20,13,21,5],[4,12,20,16,24,8],[16,12,20,8,4,24],[20,16,8,4,24,12],[12,16,4,20,8,24],[20,12,8,16,4,24],[24,5,20,3,16,12,4,10,17,14,21],[12,4,24,16,20,8],[4,24,21,12,3,1,20,8],[16,20,4,24,8,2,9,21],[20,16,24,12,3,2,4,8],[20,12,16,24,8,4],[4,8,20,12,16,24],[8,16,4,20,24,12],[8,20,16,12,4,24],[8,24,4,16,23,7,20,12],[4,20,16,12,8,24],[4,8,24,12,20,16],[24,1,12,20,9,16,13,7,18,21],[12,20,4,8,24,1,16],[24,4,12,19,11,20,15,16,5,23,21],[24,16,12,19,4,8,9,10,20],[24,16,15,20,4,2,23,6,18,8,19,12,13,21],[4,20,12,8,24,15,16,19,1,14,13,21],[4,12,20,8,16,24],[24,12,16,20,4,8],[12,8,24,16,17,20,4],[4,12,24,11,19,18,8,2,16,20],[16,20,8,4,12,24],[12,4,8,20,24,21],[20,24,4,12,11,8,16],[8,16,24,6,12,13,4,20],[24,12,4,8,6,17,20,15,16,14,21],[20,16,24,9,14,4,12,15,8,21],[4,24,16,20,12,8],[12,8,4,16,24,20],[20,24,5,12,4,17,16,10,13,22],[16,4,24,6,12,20,8],[16,12,20,24,4,23,8],[12,16,20,8,24,19,4],[24,21,4,6,1,8,20],[16,20,8,24,4,10,2,12],[8,4,24,16,12,20],[12,20,4,16,8,24],[20,8,16,4,12,24],[12,16,20,24,5,1,18,8,4],[20,16,4,8,24,9,14,21],[12,24,4,6,16,8,20],[24,12,4,16,20,6,8],[8,20,4,16,24,12],[20,24,8,11,12,4,16],[12,4,16,24,8,20],[16,24,20,8,4,12],[12,20,16,8,4,24],[16,4,12,24,3,20,8],[16,4,24,20,5,12,14,21],[8,16,24,19,4,12,3,1,21],[24,16,4,20,8,14,10,12,1,2,7,13,21],[20,8,12,24,4,16],[8,24,12,20,7,4,16],[12,20,8,16,4,24],[16,20,8,12,4,24],[20,24,4,16,9,8,12],[24,3,14,16,12,18,8,4,20,11,13,21],[24,20,8,4,12,1,10,16],[16,12,4,24,20,8],[16,20,24,8,4,22,12],[4,16,12,8,24,20],[4,20,12,8,24,16],[4,20,8,16,12,24],[20,8,16,24,10,12,14,2,4,17,21],[16,24,12,20,4,13,8],[8,20,12,16,4,24],[24,7,8,20,16,10,12,2,13,4],[4,20,24,12,8,16],[4,16,20,8,12,24],[24,15,12,16,8,4,20,19,21],[12,16,20,24,9,5,3,4,17,21],[24,12,16,8,20,4],[16,12,8,4,24,20],[20,12,4,16,24,8],[4,24,6,12,20,16,9,8],[8,16,20,12,24,4],[24,11,12,16,4,8,2,20],[20,12,4,24,8,16],[20,8,4,24,12,16],[8,4,20,16,12,24],[4,16,8,24,9,12,20],[16,20,8,4,12,24],[4,12,20,8,16,24],[16,12,20,24,8,4],[12,8,20,24,16,11,4],[24,12,8,7,3,14,16,4,20,22,15,21],[4,12,20,24,8,5,14,16,21],[8,16,20,4,12,24],[4,24,8,20,16,11,12],[20,4,24,8,16,19,15,23,7,12,11,18,13,21],[12,8,4,16,24,20],[20,12,16,24,8,4],[20,12,24,8,19,16,10,1,21],[24,12,4,16,20,2,8],[16,8,24,20,9,12,4],[24,8,20,4,16,12],[20,12,24,4,8,16],[12,20,24,16,8,3,4],[24,23,16,12,21,8,4],[24,8,20,11,4,12,9,13,16],[16,24,20,4,21,22],[12,20,8,16,24,4],[4,16,12,20,8,24],[12,4,24,8,20,6,16],[4,24,16,8,9,10,20,12],[24,12,8,19,16,4,11,18,20],[20,12,24,16,14,21,22,6],[16,4,12,8,20,24],[4,16,20,12,8,24],[4,24,20,22,13,12,16,8],[8,20,16,12,4,24],[20,12,4,24,7,16,18,11,2,8],[16,20,8,4,12,24],[24,17,4,16,20,12,8],[12,24,3,1,8,16,20,7,4],[16,4,8,12,24,20],[4,24,8,14,16,12,9,17,20,19,22,10,3,6,2,21],[4,16,20,24,8,12],[4,20,12,16,8,24],[16,24,8,20,4,22,9,1,3,19,12],[4,8,12,24,20,16],[8,4,20,24,21,14,19,16],[8,24,12,2,16,20,21],[12,16,24,1,20,7,13,2,21],[24,12,16,20,4,8],[20,12,24,5,4,16,21],[16,20,4,24,12,18,8],[12,16,24,4,20,8],[16,24,20,8,12,4],[16,8,24,4,20,10,9,12],[20,12,4,8,16,24],[8,20,24,11,10,12,13,16,4],[16,20,24,4,12,17,8],[4,8,20,16,12,24],[4,20,8,24,12,16],[16,20,12,8,24,7,17,4],[20,16,24,14,8,4,12,21],[20,24,13,16,4,11,12,7,8],[16,8,24,4,20,12],[4,12,8,20,16,24],[20,12,4,24,7,11,6,16,2,10,13,8],[8,24,13,16,9,20,4,12]],"n_human":10}