{"problem_id":"X3OTEplv9f3ZtFz","sigma":75,"alpha":1.000,"cost":0,"probabilities":"[0.2, 0.18, 0.08, 0.54]","payoff_matrix":"[[-1, -28, -33, -156, -92, -77], [-9, 59, -34, -6, -96, 85], [-9, -2, 113, 187, -26, 40], [-78, 33, -29, 69, 26, 55]]","uncovered":[[4,16,24,12,8,20,21,13,5,17,22,6,7,2,23],[12,24,16,20,8,4,21,5,18,13,6,22,14,7,23],[24,8,12,20,4,16,21,13,17,5,22,6,14,23],[16,4,24,12,8,20,13,5,21,17,22,6,23],[24,8,12,20,16,4,21,5,13,17,6,22,23],[20,4,12,24,8,16,13,5,17,21,6,22,7,1,14,23],[24,12,16,20,4,8,13,21,5,17,22,6,23],[8,4,24,12,16,20,13,21,17,5,22,6,7,14,23],[20,16,4,8,24,12,13,21,5,17,22,6,23],[24,12,4,20,16,8,13,5,21,17,22,6,23],[8,16,12,24,20,4,13,21,5,17,6,22,7,14,23],[16,12,24,4,20,8,21,5,13,17,22,6,14,7,23],[8,12,4,20,24,16,21,6,13,17,22,5,7,23],[8,16,24,12,4,20,13,21,17,5,6,22,7,14,23],[20,16,8,4,24,12,13,5,18,21,22,7,6,23],[12,8,16,24,20,4,21,5,17,13,6,22,7,23],[20,24,12,8,16,4,13,21,5,17,22,6,11,23],[16,4,12,20,24,8,21,5,13,17,6,22,7,10,23],[4,24,20,8,16,12,21,5,13,17,22,6,1,14,23],[4,16,12,20,24,8,13,21,5,17,6,22,23],[16,12,20,4,24,8,13,5,17,21,22,6,23],[4,16,8,12,20,24,21,6,13,17,5,22,7,23],[4,20,16,24,12,8,21,6,13,17,5,22,23],[12,20,4,16,24,8,21,5,17,13,6,22,23],[12,4,8,20,16,24,21,5,14,17,13,6,22,7,23],[24,12,8,16,4,20,13,5,21,17,22,6,23],[8,4,20,24,16,12,21,5,17,13,6,22,23],[4,12,24,16,20,8,21,13,5,17,6,22,7,15,14,23],[8,16,4,20,24,12,13,5,21,17,22,6,7,10,1,23],[24,20,16,12,4,8,13,21,17,5,6,22,7,23],[16,24,20,12,4,8,13,5,17,21,22,6,23],[16,24,20,8,4,12,21,5,15,2,13,17,22,14,6,23],[4,12,16,24,20,8,13,5,21,17,6,22,23],[8,16,24,12,4,20,21,14,5,17,13,6,22,23],[8,16,20,4,12,24,13,21,5,17,6,22,7,23],[8,20,4,12,16,24,13,5,21,17,22,6,23],[4,20,24,16,12,8,21,5,17,13,6,22,14,7,23],[20,12,8,24,4,16,21,5,18,13,22,6,7,23],[16,4,12,24,20,8,21,13,17,5,6,22,23],[8,4,12,20,24,16,21,14,5,13,17,6,22,23],[8,4,24,16,20,12,13,5,17,21,6,22,7,23],[20,4,12,16,24,8,13,21,17,5,6,22,23],[8,20,12,4,24,16,21,5,13,17,22,6,23],[20,4,24,12,8,16,13,5,21,17,22,6,23],[8,12,24,16,20,4,21,13,17,5,6,22,14,11,7,23],[12,4,24,20,16,8,13,22,6,21,5,17,7,23],[12,8,16,24,20,4,21,5,18,13,22,6,7,23],[4,8,12,16,24,20,13,21,17,5,22,6,23],[16,8,12,20,24,4,13,21,17,5,22,6,23],[8,4,20,12,24,16,21,13,5,17,6,22,23],[4,20,16,12,24,8,13,21,17,5,22,6,23],[24,20,16,12,8,4,13,5,21,17,22,6,23],[16,20,12,24,8,4,21,5,13,17,6,22,14,7,23],[12,20,8,4,16,24,21,5,13,17,6,22,23],[24,8,16,20,12,4,13,21,17,5,22,6,23],[24,20,16,8,4,12,13,21,5,17,6,22,14,7,23],[12,4,24,8,16,20,13,21,17,5,22,6,7,15,14,23],[24,8,20,12,16,4,21,5,13,17,6,22,7,14,23],[20,16,24,8,4,12,21,13,5,17,22,6,7,14,1,23],[16,20,24,8,12,4,21,13,17,5,22,6,23],[16,20,8,24,4,12,21,13,5,17,22,6,7,10,23],[12,16,24,8,4,20,21,13,5,17,6,22,14,7,23],[24,20,8,12,16,4,13,6,21,5,17,22,7,11,23],[20,16,8,4,12,24,22,13,21,6,5,17,7,14,23],[8,12,16,24,4,20,21,5,13,17,6,22,23],[16,20,4,24,8,12,21,5,18,13,6,22,14,7,23],[8,16,12,4,24,20,13,21,5,17,22,6,15,14,7,23],[24,12,20,8,4,16,21,5,13,17,22,6,19,7,23],[20,16,8,4,24,12,21,13,5,17,6,22,7,23],[12,20,16,24,8,4,21,5,13,17,6,22,23],[24,20,12,4,16,8,21,5,17,13,6,22,7,15,14,23],[12,24,20,8,16,4,13,5,21,17,6,22,7,10,23],[12,24,16,4,8,20,13,21,5,17,22,6,7,23],[8,24,4,20,12,16,21,5,14,17,13,22,6,23],[4,24,20,12,16,8,13,5,21,17,22,6,23],[4,20,24,12,8,16,21,13,5,17,22,6,9,23],[8,16,24,4,12,20,13,5,18,21,6,22,23],[16,8,20,24,12,4,21,5,17,13,22,6,7,14,23],[12,20,16,8,24,4,21,13,5,17,22,6,23],[8,24,16,4,20,12,13,5,21,17,6,22,7,23],[4,12,8,20,16,24,13,21,5,17,6,22,7,14,23],[8,16,12,24,20,4,13,22,6,21,5,17,23],[12,24,8,16,4,20,13,21,5,17,22,6,23],[12,8,16,24,20,4,21,5,13,17,22,6,23],[20,16,4,8,24,12,13,6,21,17,5,22,23],[20,24,12,8,4,16,13,5,17,21,6,22,23],[4,20,16,24,8,12,21,5,13,17,22,6,23],[12,8,4,16,20,24,22,13,17,5,7,15,21,14,6,3,23],[24,20,16,12,4,8,13,21,5,17,6,22,14,23],[8,12,20,24,16,4,13,21,5,17,6,22,23],[16,24,12,20,8,4,21,13,5,17,22,6,7,14,23],[20,16,8,24,4,12,13,5,21,17,22,6,7,23],[8,12,24,20,16,4,13,21,17,5,22,6,23],[8,20,4,12,16,24,13,5,21,17,22,6,1,7,3,23],[16,12,20,8,4,24,13,5,17,21,22,6,3,23],[16,20,12,24,4,8,21,6,13,17,5,22,7,23],[20,8,24,12,16,4,21,5,13,17,6,22,14,7,23],[24,16,20,8,12,4,21,13,5,17,6,22,14,23],[24,20,4,16,8,12,13,21,5,17,6,22,7,14,23],[16,12,24,4,20,8,21,13,17,5,22,6,15,14,7,23],[4,20,16,8,24,12,21,13,5,17,6,22,23],[24,4,20,8,12,16,13,5,21,17,22,6,15,14,23],[16,20,12,24,8,4,21,13,5,17,6,22,23],[8,24,4,12,20,16,21,5,17,13,22,6,15,14,7,23],[24,4,8,12,20,16,21,5,17,13,22,6,23],[8,20,12,4,16,24,21,13,17,5,6,22,23],[16,4,12,24,8,20,21,13,5,17,22,6,23],[8,20,4,16,12,24,21,13,5,17,6,22,7,14,11,23],[12,16,24,20,8,4,21,5,13,17,22,6,14,7,23],[12,4,24,20,8,16,21,6,13,17,5,22,7,23],[4,8,12,16,24,20,21,13,5,17,6,22,7,23],[20,4,24,16,12,8,22,13,6,21,5,17,7,15,14,23],[20,8,12,4,16,24,21,13,6,17,5,22,7,23],[4,8,20,16,12,24,21,5,13,17,6,22,7,23],[12,24,4,8,16,20,13,21,17,5,22,6,23],[24,16,4,12,20,8,13,5,17,21,22,6,23],[16,8,12,24,4,20,13,21,5,17,22,6,7,23],[20,4,8,24,16,12,21,13,17,5,22,6,7,14,23],[24,20,4,16,8,12,13,21,5,17,22,6,15,14,23],[12,4,8,20,24,16,21,13,17,5,6,22,7,23],[16,20,24,4,8,12,13,5,21,17,6,22,1,14,7,23],[8,12,4,16,20,24,21,13,5,17,6,22,7,14,23],[8,16,24,20,12,4,21,13,5,17,22,6,23],[16,20,4,12,8,24,21,13,17,5,6,22,7,23],[24,20,16,8,4,12,13,5,17,21,22,6,7,23],[8,20,24,16,4,12,13,5,17,21,6,22,7,23],[12,20,24,8,4,16,13,5,17,21,6,22,23],[4,16,12,8,24,20,21,13,5,17,6,22,14,23],[8,4,20,12,24,16,21,13,5,17,22,6,7,23],[12,4,24,8,20,16,21,5,17,13,6,22,7,14,23],[20,24,8,16,12,4,21,13,17,5,6,22,7,14,23],[8,24,12,20,4,16,13,21,5,17,6,22,2,14,23],[12,16,24,20,8,4,13,21,5,17,22,6,23],[20,4,24,12,16,8,21,13,5,17,6,22,23],[16,20,12,24,8,4,21,5,13,17,6,22,10,23],[24,16,4,12,20,8,13,21,17,5,22,6,14,7,23],[4,16,12,20,8,24,13,21,17,5,22,6,7,23],[24,8,16,20,4,12,13,5,21,17,22,6,23],[16,4,20,8,12,24,21,5,17,13,22,6,7,23],[8,4,24,20,16,12,13,21,5,17,6,22,7,23],[16,12,8,4,20,24,21,13,17,5,22,6,14,7,23],[20,16,8,4,12,24,21,5,17,13,22,6,23],[24,8,20,16,12,4,21,13,5,17,6,22,23],[20,16,24,4,12,8,21,5,13,17,6,22,7,23],[12,16,24,20,8,4,21,5,13,17,22,6,7,23],[24,8,16,4,12,20,13,5,21,17,22,6,23],[24,8,4,20,16,12,13,5,21,17,22,6,14,23],[4,12,16,24,8,20,13,5,17,21,6,22,23],[16,4,20,12,24,8,13,5,17,21,22,6,7,14,23],[8,4,16,24,12,20,13,5,17,21,22,6,23],[4,20,24,12,8,16,13,5,21,17,6,22,7,23],[24,12,20,16,8,4,13,5,17,21,6,22,23],[12,8,4,24,16,20,13,21,17,5,6,22,7,23],[4,16,20,12,24,8,21,13,5,17,6,22,23],[16,4,12,8,24,20,21,5,13,17,22,6,23],[4,8,20,12,16,24,21,5,17,14,13,6,22,23],[16,20,8,24,4,12,21,13,5,17,22,6,23],[20,4,16,24,12,8,13,5,21,17,22,6,23],[8,16,12,24,20,4,21,5,13,17,22,6,7,14,23],[8,20,24,4,16,12,21,5,19,17,22,13,6,7,3,23],[12,20,24,16,8,4,21,13,17,5,6,22,7,14,11,9],[8,20,24,16,12,4,21,5,13,17,22,6,10,7,23],[16,24,4,20,8,12,21,5,17,13,22,6,7,23],[20,24,8,12,16,4,13,5,21,17,6,22,23],[16,12,24,4,20,8,21,5,13,17,6,22,23],[16,20,24,12,4,8,13,6,21,17,5,22,7,14,23],[16,8,4,24,20,12,13,5,21,17,22,6,23],[20,16,12,4,8,24,13,5,17,21,22,6,14,23],[20,24,12,8,16,4,13,5,17,21,6,22,7,14,23],[8,24,16,12,4,20,13,5,21,17,6,22,23],[16,12,4,24,8,20,13,5,17,22,15,21,14,6,23],[12,20,16,24,8,4,13,5,17,21,6,22,3,7,23],[20,24,8,12,16,4,13,5,21,17,22,6,23],[4,24,8,16,12,20,21,13,5,17,6,22,7,14,23],[20,16,12,4,8,24,13,21,5,17,22,6,7,14,23],[4,12,20,16,24,8,21,5,13,17,22,6,23],[20,24,4,16,8,12,21,14,5,22,13,17,6,7,23],[16,12,24,4,8,20,21,13,5,17,6,22,23],[20,12,24,16,4,8,21,13,17,5,6,22,23],[4,20,16,12,24,8,21,5,18,14,13,6,22,23],[16,8,20,4,12,24,21,13,5,17,22,6,7,14,23],[20,16,8,24,4,12,21,13,5,17,22,6,7,23],[24,20,12,8,4,16,21,6,13,17,5,22,7,23],[4,12,20,8,16,24,13,5,17,21,22,6,23],[16,8,20,24,12,4,21,13,5,17,6,22,23],[16,20,12,8,4,24,21,5,13,17,6,22,7,14],[16,20,8,12,24,4,13,5,17,21,22,6,7,23],[4,12,20,16,8,24,13,5,21,17,22,6,7,14,23],[12,20,24,16,8,4,21,5,18,13,22,6,7,23],[4,16,12,8,24,20,22,13,6,21,5,17,23],[4,8,16,24,20,12,13,5,17,21,22,6,23],[24,4,20,8,12,16,21,5,13,17,22,6,23],[4,24,8,16,20,12,13,21,5,17,22,6,11,7,23],[16,20,24,12,4,8,13,21,5,17,6,22,14,7,23],[4,12,8,16,24,20,13,21,5,17,6,22,7,23],[4,8,20,12,24,16,21,13,5,17,22,6,14,23],[8,12,24,4,20,16,13,5,21,17,22,6,23],[4,16,8,12,24,20,13,21,5,17,6,22,7,23],[24,16,12,8,20,4,21,5,13,17,6,22,23],[12,16,8,4,20,24,13,21,17,5,22,6,7,23],[8,20,16,12,24,4,13,21,5,17,6,22,7,14,23],[12,8,4,24,16,20,13,21,5,17,22,6,7,23],[16,24,4,8,20,12,21,13,5,17,22,6,7,23],[20,24,12,8,16,4,21,13,5,17,22,6,23],[12,8,24,20,4,16,13,5,17,21,22,6,23],[24,16,4,20,12,8,21,5,13,17,22,6,7,23],[20,8,4,12,24,16,21,13,17,5,6,22,19,14,7,23],[4,8,16,24,12,20,21,13,5,17,22,6,23],[8,12,24,16,4,20,21,13,5,17,6,22,7,23],[4,24,16,20,8,12,13,6,21,18,5,22,23],[20,8,16,12,24,4,13,21,5,17,22,6,23],[4,20,12,16,8,24,13,21,5,17,6,22,14,7,23],[20,4,24,8,16,12,13,5,17,21,22,6,7,23],[20,16,4,12,24,8,13,22,17,5,2,15,21,14,6,23],[20,12,4,16,24,8,21,13,17,5,6,22,7,14,23],[16,20,4,8,24,12,13,5,21,17,6,22,7,23],[24,8,4,16,12,20,13,21,5,17,6,22,7,14,23],[8,20,12,4,16,24,21,5,15,17,11,7,22,14,13,6,23],[8,12,20,24,4,16,21,13,5,17,22,6,14,23],[20,4,16,8,24,12,13,5,21,17,22,6,23],[20,16,24,4,8,12,21,13,5,17,22,14,6,23],[20,16,8,24,4,12,13,21,5,17,6,22,23],[24,16,20,12,4,8,13,21,5,17,6,22,23],[20,16,24,8,4,12,21,6,13,17,5,22,23],[8,12,24,20,16,4,13,21,5,17,6,22,7,23],[8,20,24,12,16,4,21,5,19,13,17,22,6,23],[12,20,8,4,24,16,21,5,13,17,6,22,7,11,23],[16,12,20,4,8,24,21,13,17,5,22,6,23],[12,24,16,4,20,8,21,5,18,14,13,22,6,23],[4,24,20,8,16,12,21,5,13,17,6,22,7,23],[12,24,4,8,20,16,13,5,21,17,6,22,23],[16,20,8,24,4,12,13,5,21,17,6,22,7,18,23],[20,24,12,16,8,4,13,21,5,17,6,22,23],[8,4,16,12,20,24,13,5,17,21,22,6,23],[8,4,20,16,24,12,13,21,5,17,22,6,7,23],[4,16,24,20,12,8,13,21,17,5,22,6,7,23],[4,16,8,24,20,12,13,21,5,18,6,22,7,14,23],[8,20,24,16,4,12,13,5,17,21,22,6,7,23],[20,16,8,24,4,12,14,21,5,17,15,11,18,9],[12,4,20,8,24,16,14,21,5,17,13,22,6,7,23],[8,20,12,24,16,4,21,13,5,17,6,22,23],[20,8,4,16,24,12,13,5,22,21,17,6,14,23],[24,12,4,16,20,8,21,5,13,17,6,22,23],[24,8,4,12,16,20,13,5,21,17,6,22,23],[24,16,20,8,12,4,21,13,5,17,6,22,14,7,23],[12,8,16,24,20,4,13,21,5,17,6,22,7,23],[24,4,12,8,16,20,21,5,13,17,6,22,23],[8,4,24,20,16,12,21,14,5,13,17,22,6,7,23],[24,16,4,20,12,8,21,5,13,17,22,6,7,23],[8,24,20,12,4,16,21,13,5,17,6,22,7,23],[12,8,24,4,16,20,13,21,17,5,22,6,23],[16,4,24,20,12,8,13,5,17,21,22,6,23],[8,16,4,12,20,24,13,5,21,17,6,22,7,23],[16,12,20,24,4,8,21,13,5,17,6,22,23],[4,16,20,24,8,12,21,13,17,5,6,22,23],[16,4,24,20,12,8,13,5,17,22,14,18,1,6,21,23],[4,16,8,12,24,20,21,5,14,17,13,22,6,23],[20,12,24,4,16,8,13,21,5,17,6,22,7,23],[12,4,16,24,8,20,21,6,13,17,5,22,7,14,23],[24,20,16,4,12,8,13,5,17,21,22,6,2,23],[16,20,12,4,24,8,13,21,17,5,22,6,7,23],[24,16,20,8,12,4,13,5,21,17,22,6,7,23],[4,16,24,12,20,8,13,6,21,17,5,22,7,23],[16,8,20,24,12,4,13,5,21,17,22,6,7,15,14,23],[16,24,8,4,20,12,13,5,21,17,22,6,7,9,14],[4,8,16,12,20,24,21,5,17,13,22,6,23],[16,20,24,8,12,4,21,5,13,17,22,6,23],[24,16,20,8,4,12,13,5,21,17,22,6,7,23],[12,4,8,16,24,20,21,13,5,17,22,6,7,23],[8,4,24,16,20,12,21,5,13,17,6,22,23],[24,8,20,16,4,12,21,5,17,13,6,22,7,14,23],[12,24,8,4,16,20,13,21,5,17,22,6,2,23],[12,20,8,24,16,4,21,13,17,5,6,22,7,23],[4,16,8,24,12,20,21,5,13,17,22,6,23],[20,12,8,4,16,24,13,5,21,17,6,22,23],[16,12,20,24,4,8,13,21,17,5,22,6,9,7,23],[8,4,20,12,24,16,13,21,5,17,6,22,23],[24,16,20,12,4,8,13,5,22,21,17,6,19,23],[20,12,4,24,16,8,21,14,5,18,13,22,6,23],[8,16,4,24,20,12,13,5,21,17,6,22,7,23],[12,16,24,20,4,8,13,21,5,17,22,6,23],[16,12,20,4,8,24,21,13,17,5,6,22,23],[4,20,12,16,24,8,13,21,5,17,6,22,23],[8,24,16,4,12,20,21,5,17,14,13,22,6,10,7],[8,24,12,20,16,4,13,21,5,17,6,22,7,23],[16,8,4,24,12,20,21,5,13,17,22,6,23],[8,20,4,16,24,12,21,13,17,5,22,6,7,23],[12,4,20,8,16,24,21,6,13,17,5,22,23],[12,20,4,24,8,16,13,21,5,17,6,22,14,7,23],[24,16,20,4,8,12,13,21,17,5,22,6,23],[24,16,4,8,12,20,21,5,18,13,22,17,7,6,23],[24,20,16,12,8,4,21,13,5,17,6,22,23],[8,12,20,24,4,16,21,5,17,13,6,22,23],[20,12,16,24,4,8,13,5,17,21,6,22,7,23],[12,20,16,4,8,24,21,5,13,17,22,6,14,18,23],[8,20,4,12,16,24,13,5,17,21,6,22,23],[4,16,24,8,20,12,13,21,5,17,6,22,23],[16,20,12,4,24,8,21,13,5,17,22,6,23],[20,12,4,24,16,8,13,5,22,11,19,6,21,17,7,23],[12,24,20,16,4,8,13,5,21,17,22,6,23],[8,4,20,16,12,24,21,13,5,17,6,22,7,23],[24,20,12,4,8,16,21,5,17,13,22,6,23],[8,12,16,24,4,20,13,5,21,17,6,22,15,14,7,1,23],[20,24,4,12,16,8,21,5,17,13,22,6,7,23],[16,4,12,24,8,20,13,21,5,17,6,22,23],[12,4,20,24,8,16,13,5,21,17,22,6,23],[4,8,24,12,20,16,21,5,17,13,22,6,7,23],[12,20,8,16,4,24,13,21,5,17,22,6,23],[24,16,8,20,4,12,21,13,17,5,22,6,7,3,23],[8,24,16,20,12,4,13,21,5,17,22,6,1,7,23],[8,12,24,20,16,4,13,5,17,21,22,6,7,14,2,23],[4,8,16,20,12,24,13,21,5,17,6,22,14,23],[16,4,24,12,20,8,13,5,17,22,18,3,15,14,21,6,7],[20,12,4,16,8,24,13,21,5,17,22,6,23],[12,8,16,20,24,4,13,5,22,18,3,11,6,21,23,14],[12,4,20,8,24,16,21,13,5,17,22,6,15,14,10,23],[16,8,12,20,4,24,21,5,13,17,22,6,23],[24,20,16,8,12,4,21,13,17,5,22,6,7,15,14,23],[16,12,4,20,24,8,13,21,5,17,6,22,23],[4,24,8,12,16,20,13,21,17,5,22,6,23],[16,20,12,8,24,4,13,21,5,17,22,6,14,23],[24,8,16,4,20,12,13,5,17,21,22,6,23],[12,8,24,20,16,4,13,21,5,17,6,22,7,19,23],[12,4,20,24,16,8,13,6,21,17,5,22,23],[12,4,20,24,8,16,13,21,5,17,22,6,7,14,23],[8,16,12,4,20,24,21,13,5,17,6,22,7,14,23],[24,12,4,16,8,20,21,13,17,5,6,22,23],[24,12,20,4,8,16,13,21,5,17,6,22,7,19,23],[16,8,24,12,20,4,21,5,13,17,6,22,7,23],[8,16,4,20,24,12,21,13,5,17,6,22,14,23],[4,8,20,12,16,24,21,13,5,17,6,22,23],[8,16,12,4,24,20,13,6,21,17,5,22,7,23],[24,16,8,4,20,12,21,13,5,17,22,6,7,23],[24,20,4,16,12,8,13,5,17,21,6,22,23],[24,8,4,16,12,20,13,5,21,17,6,22,7,23],[20,4,16,24,8,12,21,5,17,13,22,6,7,23],[20,4,8,16,24,12,13,5,21,17,6,22,23],[4,12,24,8,16,20,21,5,13,17,22,6,23],[20,8,16,12,24,4,21,5,13,17,6,22,11,23,18],[16,20,24,4,8,12,13,5,21,17,6,22,7,23],[16,24,4,8,20,12,13,5,21,17,6,22,7,14,23],[8,12,20,4,16,24,21,13,17,5,6,22,23],[12,16,20,24,8,4,21,6,13,17,5,22,23],[12,4,16,8,20,24,13,21,17,5,6,22,23],[16,4,8,20,24,12,21,13,5,17,6,22,23],[12,16,24,20,8,4,13,21,17,5,22,6,23],[24,8,4,16,12,20,13,21,5,17,6,22,7,23],[24,20,4,8,12,16,21,13,17,5,6,22,18,7,15,14],[12,8,20,16,24,4,21,5,18,13,6,22,23],[8,4,16,24,20,12,13,5,17,22,2,18,10,15,21,14,6,23],[4,12,24,16,20,8,13,5,17,22,23,19],[12,24,8,20,4,16,21,14,5,18,13,6,22,23],[4,16,24,12,20,8,21,13,17,5,22,6,14,15,7,23],[24,20,4,12,8,16,13,21,17,5,22,6,7,23],[16,8,4,24,20,12,21,14,5,17,13,6,22,7,23],[16,8,20,24,4,12,21,6,13,17,5,22,7,23],[20,16,4,12,24,8,13,5,17,21,6,22,23],[24,20,4,16,8,12,13,5,17,21,6,22,7,23],[8,24,12,20,16,4,13,5,21,17,22,6,23],[4,8,16,20,24,12,21,6,13,17,5,22,23],[24,12,20,16,4,8,22,13,21,5,17,6,7,23],[8,20,4,24,12,16,13,5,17,21,22,6,23],[20,8,12,24,16,4,13,21,5,17,22,6,19,7,14],[24,16,4,8,12,20,21,5,17,13,6,22,9,7,23],[8,20,4,24,12,16,21,13,5,17,6,22,7,23],[12,8,4,20,16,24,13,5,21,17,22,6,14,7,23],[8,20,24,16,4,12,13,21,5,17,6,22,23],[8,20,16,24,12,4,13,21,5,17,6,22,23],[8,16,12,20,4,24,21,5,17,13,6,22,7,18,23],[24,20,12,16,8,4,13,5,17,21,22,6,23],[12,16,4,24,20,8,13,21,5,17,22,6,14,10,23],[8,24,12,20,16,4,21,13,5,17,22,6,2,23],[16,4,24,12,20,8,13,21,17,5,22,6,7,23],[12,4,20,8,24,16,21,5,17,13,6,22,14,23],[16,8,4,24,12,20,21,5,13,17,22,6,23],[16,12,20,8,24,4,21,5,17,13,22,6,23],[24,8,16,12,20,4,21,13,17,5,22,6,23],[24,20,16,8,12,4,22,13,11,6,21,5,17,7,23],[8,20,12,4,16,24,13,21,17,5,22,6,23],[8,4,20,12,24,16,21,13,5,17,6,22,23],[12,16,20,24,4,8,13,5,17,21,6,22,7,23],[24,4,16,12,20,8,21,14,5,17,13,6,22,23],[20,24,16,8,12,4,13,5,21,17,6,22,23],[8,20,16,4,12,24,21,5,13,17,22,6,7,2,23],[24,12,16,8,4,20,13,21,5,17,6,22,14,7,23],[20,4,16,12,8,24,13,5,21,17,22,11,6,7,10,14],[16,8,12,20,24,4,13,5,21,17,6,22,7,23],[4,8,16,24,20,12,13,5,17,21,6,22,23],[8,16,20,12,4,24,21,13,5,17,6,22,23],[20,24,8,4,12,16,13,21,5,17,22,6,23],[16,8,4,24,20,12,13,5,21,17,22,6,14,23],[12,16,24,20,8,4,21,6,13,17,5,22,23],[4,24,12,20,8,16,21,5,13,17,6,22,18,7,23],[20,12,24,4,8,16,21,17,5,14,13,22,6,23],[20,4,16,24,8,12,13,21,5,17,6,22,7,23],[8,24,4,12,20,16,21,13,5,17,6,22,7,2,23],[20,24,12,8,4,16,21,5,13,17,22,6,23],[16,20,4,12,24,8,21,5,13,17,6,22,7,23],[16,20,12,24,8,4,13,21,17,5,22,6,7,23],[4,16,24,12,8,20,13,21,17,5,6,22,7,23],[20,12,4,24,8,16,13,21,5,17,6,22,23],[16,20,4,8,12,24,21,5,17,14,13,6,22,23],[20,4,12,24,16,8,13,5,17,22,1,18,3,10,9,7,19,23],[12,24,16,20,4,8,21,5,17,13,6,22,7,23],[16,24,12,8,20,4,21,13,5,17,22,6,23],[16,20,4,24,8,12,13,21,5,17,6,22,23],[16,20,24,8,12,4,13,5,17,22,7,23],[20,16,4,24,12,8,13,21,5,17,6,22,14,7,23],[8,12,4,24,20,16,21,5,13,17,6,22,23],[16,20,8,4,12,24,21,13,5,17,22,6,7,23],[12,24,20,4,16,8,13,21,5,17,22,6,23],[12,8,16,20,24,4,21,5,13,17,22,6,14,23],[16,8,12,4,20,24,21,5,17,13,6,22,14,23],[20,24,4,12,16,8,13,21,5,17,22,6,7,23],[8,4,16,12,20,24,21,13,5,17,22,6,7,23],[24,20,16,4,12,8,13,21,5,17,22,6,23],[24,4,16,8,12,20,21,13,5,17,6,22,23],[12,20,8,4,16,24,21,13,5,17,22,6,7,23],[16,20,24,12,8,4,13,21,17,5,6,22,7,23],[16,4,8,20,12,24,13,21,17,5,6,22,7,23],[16,4,12,20,24,8,21,5,13,17,22,6,23],[20,12,8,4,16,24,13,21,17,5,6,22,7,23],[16,12,4,20,24,8,21,5,14,17,13,22,6,23],[8,20,24,12,16,4,13,5,21,17,6,22,23],[12,20,16,24,8,4,21,13,5,17,22,6,7,23],[24,8,16,20,12,4,21,5,14,17,22,13,6,23],[4,12,20,24,8,16,13,5,17,21,22,6,23],[8,24,12,20,16,4,21,13,5,17,6,22,23],[4,20,16,12,8,24,13,5,17,22,6,21,23],[24,20,16,4,8,12,21,5,14,17,13,6,22,10,7],[8,20,4,12,24,16,13,5,18,21,22,6,7,2,19,3,14,23],[16,4,24,8,20,12,21,6,13,17,5,22,23],[8,20,16,24,12,4,21,13,17,5,22,6,7,23],[16,24,12,8,20,4,21,13,5,17,6,22,7,23],[8,20,4,16,24,12,21,13,17,5,22,6,23],[20,8,16,4,24,12,13,21,17,5,22,6,19,23],[12,16,20,24,8,4,13,21,17,5,6,22,23],[12,16,4,24,20,8,21,13,5,17,22,6,7,23],[24,4,16,8,20,12,21,13,5,17,22,6,7,23],[4,16,20,8,24,12,21,5,13,17,6,22,7,14,23],[16,8,24,4,20,12,13,5,17,21,22,6,14,7,23],[20,4,16,24,8,12,13,21,5,17,22,6,23],[4,24,16,12,20,8,21,13,17,5,6,22,14,23],[12,16,20,8,24,4,21,5,13,17,6,22,7,23],[16,12,24,20,4,8,13,21,5,17,22,6,2,14,7,23],[20,8,4,12,16,24,13,5,21,17,6,22,23],[12,16,24,20,8,4,21,5,17,13,6,22,7,23],[4,16,20,8,24,12,21,13,5,17,6,22,7,14,23],[12,16,8,24,20,4,21,6,13,17,5,22,7,23],[24,20,4,8,16,12,21,13,5,17,22,6,14,23],[12,20,16,4,8,24,21,13,5,17,6,22,23],[20,16,8,12,4,24,21,5,13,17,22,6,7,23],[24,8,12,20,16,4,21,13,5,17,6,22,7,23],[4,16,12,24,8,20,21,13,5,17,6,22,23],[8,16,12,24,20,4,13,21,5,17,6,22,23],[4,16,12,20,8,24,21,13,5,17,22,6,14,11,23],[12,20,8,4,16,24,13,5,21,17,22,6,23],[24,16,4,12,8,20,13,21,17,5,22,6,23],[4,12,20,16,8,24,13,5,21,17,6,22,23],[4,24,12,20,16,8,13,5,17,21,6,22,23],[24,20,8,16,12,4,21,13,5,17,22,6,7,14,23],[4,20,12,24,8,16,21,5,13,17,22,6,15,14,7,23],[12,24,20,4,8,16,13,21,5,17,6,22,23],[4,20,16,8,12,24,21,5,13,17,22,6,23],[20,4,12,16,24,8,21,14,5,17,22,13,6,23],[20,12,24,8,4,16,21,6,13,17,5,22,7,18,1,19,23],[4,20,8,16,24,12,21,5,13,17,22,6,23],[16,24,20,12,8,4,21,5,13,17,22,6,23],[12,24,16,20,8,4,21,13,5,17,22,6,14,7,23],[20,24,12,16,4,8,13,21,5,17,6,22,23],[12,24,8,16,20,4,21,5,17,13,22,6,7,23],[16,8,12,24,4,20,13,5,21,17,22,6,7,23],[16,24,12,8,4,20,13,5,17,21,6,22,7,23],[8,16,4,24,20,12,21,13,5,17,22,6,7,23],[24,16,12,4,20,8,21,5,17,14,22,13,6,23],[4,20,12,24,8,16,13,5,17,21,6,22,7,23],[24,4,8,20,16,12,21,5,13,17,22,6,7,1,14,23],[12,20,4,16,24,8,13,5,17,21,22,6,23],[20,12,16,8,24,4,13,21,5,17,22,6,7,23],[20,16,12,8,4,24,13,21,5,17,6,22,23],[8,24,4,20,16,12,13,21,5,17,22,6,7,9,23],[4,24,16,8,12,20,21,13,17,5,22,6,23],[24,8,4,20,12,16,21,13,17,5,22,6,23],[4,12,8,24,20,16,21,14,5,17,13,6,22,7,11,23],[4,8,24,16,12,20,13,5,21,17,22,6,23],[24,4,16,20,8,12,13,5,17,21,6,22,7,23],[16,12,8,20,4,24,13,21,5,17,6,22,15,14,23],[24,4,12,16,20,8,13,21,5,17,6,22,7,23],[8,20,12,24,16,4,21,14,6,13,17,22,5,7,23],[8,12,4,20,24,16,21,6,13,17,5,22,7,23],[12,16,20,24,8,4,13,5,21,17,6,22,7,23],[20,24,8,4,12,16,21,13,5,17,22,6,23],[8,24,20,16,12,4,21,17,5,13,22,6,23],[16,12,20,24,4,8,13,5,21,17,22,6,23],[16,8,12,4,20,24,21,14,5,17,13,6,22,23],[8,4,16,12,24,20,21,13,17,5,6,22,23],[20,8,12,4,16,24,13,21,5,17,22,6,23],[8,24,4,16,12,20,13,21,5,17,22,6,19,23],[16,12,20,8,24,4,21,13,17,5,6,22,23],[24,4,12,20,8,16,21,13,17,5,6,22,23],[12,20,8,24,16,4,13,5,21,17,22,6,7,23],[16,4,8,20,12,24,21,5,13,17,22,6,14,23],[12,24,4,16,8,20,21,13,5,17,22,6,23],[8,16,12,24,20,4,13,5,21,17,6,22,7,23],[16,20,4,12,24,8,13,21,17,5,22,6,7,14,23],[4,12,16,24,8,20,21,5,13,17,22,6,3,23],[20,16,12,4,24,8,21,5,17,13,6,22,23],[16,4,20,8,24,12,21,13,5,17,22,6,7,23],[20,12,4,24,8,16,13,5,17,21,22,6,7,14,23],[4,8,24,12,16,20,21,13,17,5,22,14,6,23],[24,12,4,8,20,16,21,13,5,17,22,6,18,7,23],[24,8,12,20,4,16,13,5,21,17,22,6,23],[20,8,16,4,12,24,13,5,17,21,22,6,23],[20,8,12,24,16,4,21,13,17,5,22,6,14,7,23],[24,20,12,8,16,4,13,21,5,17,22,6,23],[16,24,20,8,12,4,13,5,21,17,6,22,7,11,23],[12,24,20,16,8,4,21,5,17,13,6,22,14,23],[16,20,24,12,4,8,21,13,17,5,22,6,23],[16,24,4,8,12,20,13,21,5,17,22,6,23],[12,4,20,8,16,24,13,21,17,5,6,22,23],[16,20,4,12,8,24,21,13,5,17,22,6,23],[8,24,12,4,20,16,13,21,5,17,6,22,7,23],[12,8,20,24,16,4,21,5,13,17,6,22,7,14,23],[12,20,24,16,8,4,21,5,18,13,6,22,23],[24,8,12,16,4,20,13,21,17,5,22,15,14,6,23],[24,16,4,20,12,8,21,13,5,17,22,6,23],[20,24,8,16,4,12,21,5,13,17,6,22,23],[12,8,16,4,24,20,21,13,6,17,5,22,7,14,23],[12,24,16,20,8,4,13,5,17,21,22,6,23],[16,24,8,12,20,4,13,5,17,21,22,6,23],[20,4,16,12,24,8,13,21,5,17,6,22,23],[16,4,8,12,20,24,13,5,21,17,6,22,23],[16,20,8,24,12,4,13,21,17,5,22,6,7,14,23],[8,20,4,24,16,12,13,21,5,17,22,6,14,23],[12,4,8,16,20,24,21,13,5,17,6,22,23],[24,20,8,12,16,4,13,21,5,17,22,6,23],[20,8,12,16,4,24,13,5,21,17,6,22,23],[4,12,24,8,20,16,13,21,5,17,6,22,23],[24,4,12,8,20,16,21,13,5,17,22,6,23],[24,16,20,4,12,8,21,13,5,18,22,6,14,23],[4,24,12,20,8,16,21,13,5,17,22,6,7,23],[16,24,20,8,12,4,21,13,17,5,6,22,7,14,23],[12,8,24,16,20,4,21,5,18,14,13,6,22,7,23],[4,12,16,8,24,20,13,5,21,17,22,6,23],[8,16,4,12,20,24,21,5,14,18,13,22,6,23],[8,16,20,4,12,24,13,21,17,5,22,6,23],[4,16,24,12,8,20,21,13,5,17,6,22,7,23],[20,8,4,16,12,24,13,5,21,17,6,22,7,23],[8,4,20,16,24,12,21,5,17,13,6,22,23],[4,12,24,8,20,16,21,13,17,5,6,22,9,15,14,23],[20,4,8,16,24,12,13,21,5,17,22,6,23],[16,4,12,24,20,8,21,14,5,18,22,13,6,23],[20,8,16,24,4,12,13,5,17,21,6,22,23],[8,20,12,24,4,16,13,21,17,5,22,6,14,23],[20,4,24,8,16,12,13,21,5,17,6,22,7,23],[12,20,24,4,8,16,13,21,5,17,6,22,23],[20,8,16,12,24,4,13,21,5,17,6,22,7,23],[8,12,20,16,4,24,21,5,18,13,22,6,23],[4,8,20,16,12,24,21,5,13,17,22,6,23],[20,16,8,4,24,12,13,5,17,21,6,22,7,23],[20,12,4,24,16,8,21,5,19,17,13,6,22,23],[16,4,8,12,24,20,21,5,13,17,22,6,7,11,23],[20,8,12,24,16,4,13,5,21,17,22,6,14,7,23],[12,16,8,4,20,24,21,13,5,17,6,22,7,23],[12,20,16,4,8,24,13,5,17,21,22,6,7,2,18,23],[16,20,8,12,4,24,21,5,22,13,17,6,23],[12,4,16,24,8,20,21,13,5,17,6,22,19,9,23],[8,12,20,16,24,4,21,5,14,17,13,6,22,23],[24,8,12,16,20,4,13,5,17,21,22,6,7,15,14,23],[24,20,16,4,12,8,21,6,13,17,5,22,7,10,23],[12,16,20,4,8,24,21,5,17,13,22,6,15,14,7,23],[4,12,20,8,16,24,13,6,21,17,5,22,23],[12,20,8,24,4,16,21,13,5,17,22,6,3,23],[12,16,4,20,8,24,21,5,14,15,17,18,9],[4,24,20,8,12,16,13,21,17,5,22,6,7,14,23],[24,16,8,4,20,12,21,5,13,17,6,22,23],[12,24,4,20,8,16,13,21,17,5,6,22,7,9,19,3,23],[20,12,4,16,24,8,21,13,5,17,6,22,23],[12,24,4,20,16,8,21,5,13,17,22,6,23],[12,4,24,20,8,16,13,5,17,21,6,22,23],[12,16,8,4,20,24,14,21,5,17,13,6,22,7,23],[16,20,8,24,4,12,13,21,5,17,6,22,23],[4,8,12,24,16,20,21,5,13,17,22,6,14,7,23],[8,16,4,12,24,20,13,21,5,17,22,6,23],[24,20,12,8,16,4,21,13,17,5,6,22,7,23],[24,16,20,12,4,8,13,5,21,17,22,6,23],[8,16,4,12,20,24,13,21,5,17,22,6,7,23],[24,12,20,16,4,8,21,13,5,17,22,6,23],[8,4,20,16,12,24,13,21,5,17,6,22,9,23],[24,12,16,4,20,8,21,13,17,5,22,6,7,23],[20,8,12,4,16,24,13,5,21,17,22,6,7,14,23],[4,12,8,20,16,24,21,5,17,13,6,22,23],[24,8,16,12,20,4,21,5,17,13,6,22,7,23],[16,4,20,8,24,12,13,5,17,21,6,22,23],[4,24,12,20,8,16,21,14,5,17,13,22,6,11,7,10],[4,16,20,24,12,8,13,21,17,5,22,6,7,23],[12,20,24,8,4,16,13,21,5,17,6,22,7,19,15,14,23],[20,8,16,12,24,4,13,5,21,17,6,22,23],[16,4,8,20,24,12,21,13,5,17,6,22,7,18,23],[20,12,8,16,24,4,21,13,5,17,6,22,23],[16,4,20,8,12,24,13,21,17,5,22,6,7,14,23],[20,24,12,16,8,4,21,13,17,5,22,6,7,23],[16,4,24,20,8,12,21,5,13,17,6,22,23],[16,20,4,8,24,12,21,5,17,13,6,22,23],[4,20,24,8,16,12,21,5,13,17,6,22,7,23],[4,24,16,12,8,20,21,14,5,17,22,13,6,2,23],[16,12,4,24,8,20,13,21,5,17,6,22,7,23],[8,16,20,24,12,4,21,14,5,18,13,6,22,7,23],[4,24,20,8,12,16,13,5,21,17,22,6,23],[8,4,16,20,24,12,21,13,5,17,6,22,7,23],[16,4,12,24,20,8,21,14,5,17,13,22,6,7,23],[24,4,12,20,16,8,21,13,5,17,22,6,7,23],[20,24,12,4,16,8,13,5,21,17,6,22,7,14,23],[20,8,4,24,16,12,13,5,17,21,22,6,10,7,23],[4,24,12,8,16,20,21,5,13,17,6,22,23],[24,12,4,16,20,8,13,21,5,17,6,22,7,14,23],[20,16,24,4,8,12,21,13,5,17,22,6,23],[12,8,16,24,20,4,13,21,17,5,22,6,7,23],[8,20,12,16,4,24,21,5,13,17,6,22,23],[20,12,16,8,4,24,21,5,17,13,22,6,23],[4,20,16,8,24,12,21,5,13,17,6,22,7,23],[16,12,20,8,24,4,13,5,21,17,6,22,7,23],[16,8,12,24,20,4,21,5,6,13,17,22,23],[8,24,16,20,4,12,21,13,5,17,6,22,7,23],[4,20,24,8,12,16,21,5,17,14,13,6,22,23],[20,16,8,24,12,4,13,5,17,21,22,6,14,7,23],[16,24,20,8,12,4,13,21,5,17,6,22,7,14,11,23],[20,8,16,4,12,24,13,5,17,22,3,14,7,11,18,15,21,6,23],[12,16,8,24,20,4,13,21,5,17,6,22,23],[4,12,24,20,8,16,21,5,17,13,22,6,7,23],[24,20,8,16,4,12,21,6,13,17,5,22,23],[20,16,12,24,4,8,13,21,5,17,22,6,23],[4,16,24,8,12,20,21,13,17,5,6,22,23],[24,16,4,20,8,12,13,21,5,17,6,22,7,19,14,23],[16,4,12,20,24,8,13,21,5,17,6,22,7,3,23],[12,8,16,24,20,4,13,5,17,21,6,22,23],[20,4,8,12,16,24,13,21,5,17,22,6,23],[20,4,16,24,8,12,21,14,5,17,6,13,22,23],[4,8,16,24,12,20,13,21,5,17,22,6,23],[20,4,16,8,24,12,13,5,17,22,7,3,21,6,23],[8,12,4,20,24,16,21,14,5,18,13,22,6,7,23],[12,24,8,4,20,16,21,14,5,22,13,17,6,7,15],[8,20,16,24,12,4,21,13,5,17,22,6,7,23],[20,16,24,12,4,8,21,13,17,5,22,6,23],[8,12,20,4,24,16,14,21,5,17,13,22,6,7,18],[20,4,16,24,8,12,21,5,13,17,22,6,11,7,23],[20,16,8,24,12,4,13,6,21,17,5,22,23],[16,20,12,24,4,8,13,21,17,5,6,22,23],[16,20,24,8,4,12,13,5,17,21,22,6,23],[8,12,16,20,4,24,21,5,17,13,6,22,19,7,14,23],[12,8,16,4,24,20,13,5,18,21,6,22,23],[24,12,16,4,20,8,13,5,21,17,22,6,14,23],[16,24,12,8,4,20,21,5,13,17,6,22,7,23],[8,4,16,20,24,12,21,14,5,17,13,6,22,7,23],[4,12,20,24,16,8,13,21,5,17,22,6,7,23],[8,16,20,12,24,4,21,5,13,17,22,6,23],[16,20,4,8,24,12,21,14,5,17,13,6,22,7,23],[4,16,12,8,24,20,13,5,17,21,6,22,23],[8,12,20,24,4,16,21,5,13,17,22,6,19,7,23],[12,20,4,8,16,24,13,21,5,17,22,6,7,23],[20,12,4,16,8,24,21,5,13,17,22,6,23],[4,8,24,12,20,16,21,13,17,5,6,22,7,23],[12,8,16,20,4,24,13,5,18,21,6,22,7,23],[12,24,4,20,16,8,21,5,13,17,6,22,23],[4,20,24,16,12,8,13,21,5,17,6,22,23],[16,8,4,24,12,20,13,21,5,17,22,6,23],[12,16,8,4,24,20,13,21,5,17,6,22,7,14,23],[20,16,12,24,4,8,13,21,5,17,22,6,7,23],[4,20,24,12,8,16,13,21,5,17,6,22,7,23],[16,12,4,24,8,20,13,21,5,17,22,6,23],[20,12,24,4,16,8,21,5,18,13,22,6,7,2,23],[8,16,20,24,12,4,21,13,5,17,22,6,23],[16,24,20,8,12,4,21,6,5,13,17,22,7,14,23],[16,4,20,24,12,8,13,5,21,17,22,6,23],[4,8,20,24,12,16,21,14,6,13,17,5,22,7,9],[8,20,24,12,16,4,13,21,5,17,22,6,23],[8,16,12,24,4,20,13,5,21,17,22,6,23],[16,20,4,12,8,24,13,5,21,17,22,6,7,23],[16,8,24,12,20,4,21,13,17,5,6,22,7,23],[4,24,16,20,12,8,21,5,13,17,6,22,23],[12,8,4,24,16,20,21,14,5,6,13,17,22,23],[8,20,16,4,24,12,13,21,17,5,22,6,14,7,23],[12,4,24,8,16,20,13,5,21,17,6,22,10,7,23],[8,16,20,12,4,24,21,13,17,5,22,6,23],[20,8,16,4,24,12,21,15,13,5,17,22,14,6,23],[8,16,20,4,24,12,21,5,18,14,13,22,6,23],[12,24,16,4,8,20,21,13,5,17,6,22,23],[20,12,4,24,16,8,21,5,13,17,6,22,7,23],[16,20,12,8,24,4,21,13,5,17,22,6,7,23],[12,16,24,8,4,20,21,14,5,17,13,6,22,7,23],[4,20,24,12,16,8,13,21,5,17,6,22,7,23],[4,20,16,8,12,24,21,5,17,13,22,6,7,23],[8,24,16,20,4,12,21,5,17,13,22,6,23],[8,20,16,12,24,4,21,13,5,17,22,6,19,7,23],[16,12,24,8,20,4,21,13,17,5,22,6,7,23],[4,12,20,24,16,8,13,5,17,21,6,22,7,23],[12,4,24,8,16,20,13,21,5,17,6,22,14,23],[12,8,4,24,16,20,13,21,5,17,22,6,7,23],[16,20,24,4,12,8,21,13,5,17,6,22,7,23],[24,16,4,12,8,20,13,5,21,17,22,6,23],[8,20,16,24,4,12,21,17,13,5,6,22,23],[4,20,8,16,24,12,13,21,5,17,6,22,7,23],[20,8,12,24,4,16,13,5,21,17,6,22,7,23],[20,4,16,24,8,12,21,5,13,17,22,6,23],[8,16,24,20,12,4,13,21,5,17,22,6,7,18,23],[4,20,12,24,16,8,21,13,5,17,22,6,23],[12,20,4,16,24,8,21,13,17,5,6,22,7,14,23],[8,20,16,4,12,24,21,5,13,17,22,6,14,23],[8,12,16,4,24,20,21,6,13,17,5,22,23],[20,8,24,12,4,16,13,21,17,5,6,22,23],[8,12,24,16,20,4,21,5,13,17,6,22,7,23],[4,8,24,16,20,12,21,5,15,2,17,7,14],[16,24,20,8,4,12,21,5,13,17,6,22,23],[16,4,12,20,8,24,13,5,18,21,6,22,23],[4,12,8,20,24,16,21,6,13,17,5,22,23],[16,24,8,4,12,20,21,13,5,17,22,6,7,23],[16,24,8,4,12,20,21,5,18,13,6,22,7,23],[24,4,16,8,12,20,21,13,5,17,22,6,23],[12,20,24,4,16,8,13,21,17,5,6,22,7,23],[12,16,24,20,4,8,21,13,5,17,22,6,23],[16,4,12,20,8,24,21,5,14,17,19,13,6,22,3,10,1,7],[24,16,12,4,20,8,13,5,22,19,10,23,14,18],[24,12,8,4,16,20,13,5,21,17,6,22,7,14,23],[8,16,24,12,4,20,21,5,13,17,22,6,23],[12,4,8,24,20,16,13,5,21,17,22,6,7,23],[16,12,20,8,4,24,13,5,17,22,7,19,11,21,6,23],[16,4,8,20,12,24,13,21,5,17,6,22,14,23],[4,16,12,8,20,24,13,21,17,5,6,22,10,7,23],[16,4,24,8,12,20,21,5,13,17,22,6,7,23],[16,4,8,20,12,24,21,6,13,5,17,22,7,23],[20,4,24,12,16,8,13,21,5,17,22,6,14,7,23],[12,8,20,24,16,4,13,21,5,17,6,22,14,23],[12,4,24,16,20,8,13,21,17,5,6,22,23],[24,4,8,20,16,12,21,13,5,17,22,6,23],[8,20,24,4,12,16,21,5,17,13,6,22,7,23],[8,16,24,20,12,4,13,21,5,17,6,22,7,3,23],[16,20,8,4,12,24,21,13,5,17,6,22,23],[8,24,16,12,4,20,21,13,5,17,22,6,23],[20,8,24,4,12,16,21,13,5,17,22,6,7,23],[8,20,16,24,12,4,13,5,17,21,6,22,23],[4,8,16,24,12,20,13,5,21,17,6,22,23],[24,4,8,16,20,12,21,5,17,13,22,6,23],[12,24,16,4,8,20,21,13,5,17,6,22,23],[16,12,24,8,20,4,21,13,5,18,6,22,23],[12,20,8,4,16,24,21,13,5,17,22,6,7,14,23],[24,12,8,4,16,20,21,13,5,17,6,22,23],[4,16,24,20,12,8,13,5,17,21,6,22,7,14,23],[12,4,24,20,16,8,21,5,17,14,13,6,22,7,19,23],[20,4,8,16,24,12,13,5,17,21,6,22,7,23],[4,24,8,20,12,16,13,22,17,5,15,21,14,6,23],[12,4,20,8,16,24,13,21,5,17,6,22,23],[24,12,16,4,20,8,21,13,5,17,6,22,23],[8,20,24,16,12,4,13,5,17,21,22,6,23],[20,12,4,8,24,16,21,5,17,13,22,6,1,7,14,23],[20,16,8,24,12,4,13,21,5,17,22,6,23],[16,4,20,8,12,24,21,13,5,17,22,6,23],[8,16,20,24,4,12,13,5,21,17,6,22,19,14,7,2],[8,24,20,4,12,16,21,5,13,17,6,22,14,23],[16,4,24,8,12,20,13,21,5,17,6,22,7,14,23],[12,20,24,4,8,16,21,5,17,13,6,22,14,23],[12,4,8,16,20,24,13,5,17,21,22,6,14,3,7,23],[20,16,4,8,24,12,21,5,17,13,6,22,7,23],[16,20,4,8,24,12,21,14,5,17,13,22,6,7,23],[16,12,8,20,24,4,13,21,17,5,22,6,14,9,23],[24,8,12,20,4,16,13,21,5,17,22,6,7,23],[8,4,12,16,24,20,13,22,17,6,21,5,7,14],[24,8,16,4,20,12,13,5,17,21,6,22,7,18,23],[4,16,8,24,12,20,21,5,13,17,6,22,23],[4,16,24,12,8,20,22,13,5,19,18,23,15,14],[8,12,20,4,24,16,13,21,5,17,6,22,14,7,23],[8,20,16,24,4,12,21,13,5,17,6,22,23],[20,8,16,12,4,24,21,5,18,13,22,6,14,23],[24,8,20,4,16,12,21,17,13,5,6,22,7,23],[20,8,12,4,16,24,13,5,17,21,22,6,7,23],[12,4,8,20,24,16,21,6,13,17,5,22,23],[8,4,24,12,16,20,14,21,6,13,17,5,22,23],[24,16,4,8,12,20,13,21,5,17,6,22,3,7,23],[24,4,20,12,8,16,21,13,5,17,22,6,7,23],[8,4,16,12,24,20,13,5,17,21,22,6,23],[16,12,24,20,8,4,13,5,17,21,6,22,7,23],[4,8,16,12,24,20,21,5,18,13,22,6,7,23],[12,8,24,16,4,20,21,5,17,13,22,6,9,23],[8,16,12,24,20,4,13,21,5,17,6,22,23],[16,12,8,24,4,20,13,21,17,5,22,6,23],[24,16,8,12,4,20,13,5,17,21,22,6,23],[24,20,8,12,16,4,13,5,17,21,6,22,23],[8,16,12,20,24,4,21,13,5,17,6,22,23],[16,20,8,24,12,4,21,13,5,17,6,22,7,3,23],[24,20,4,16,12,8,13,5,21,17,22,6,23],[12,4,8,20,16,24,21,5,17,13,22,6,23],[4,8,16,24,20,12,13,21,5,17,6,22,14,23],[12,8,24,4,20,16,13,21,5,17,6,22,7,11,14,23],[4,16,12,24,8,20,21,5,18,13,22,6,7,23],[20,8,16,4,12,24,21,5,14,18,13,22,6,23],[4,20,16,12,24,8,13,21,5,17,6,22,23],[12,4,8,24,20,16,13,21,5,17,6,22,14,7,11,10],[20,4,8,12,16,24,13,21,5,17,22,6,7,23],[20,12,4,16,24,8,13,21,5,17,22,6,7,23],[20,12,4,8,16,24,21,13,17,5,6,22,7,23],[24,4,20,8,16,12,21,13,17,5,6,22,23],[24,4,20,8,12,16,13,5,17,21,6,22,3,7,23],[12,4,16,20,24,8,21,6,13,17,5,22,7,23],[24,8,16,12,4,20,21,13,5,17,6,22,23],[16,8,20,4,12,24,21,5,17,13,6,22,7,23],[20,16,8,12,24,4,13,5,17,22,11,21,6,7,23],[8,24,12,16,20,4,13,21,5,17,22,6,3,23],[4,24,8,12,16,20,21,13,17,5,6,22,7,23],[16,8,20,4,24,12,13,5,21,17,22,6,7,15,14,23],[4,8,16,12,24,20,21,5,17,13,6,22,7,23],[12,24,8,4,20,16,13,5,21,17,6,22,14,23],[4,8,12,24,16,20,13,21,5,17,6,22,23],[20,4,12,16,8,24,21,5,13,17,22,6,7,23],[4,16,24,12,8,20,13,5,17,21,6,22,23],[16,24,8,12,4,20,13,5,21,17,22,6,23],[20,16,4,12,24,8,13,21,17,5,6,22,14,2,23],[16,8,4,24,12,20,21,5,13,17,22,6,23],[16,20,12,4,8,24,13,5,21,17,22,7,6,23],[20,24,16,8,12,4,21,5,13,17,6,22,23],[24,4,16,20,8,12,21,13,5,17,6,22,7,23],[4,24,16,8,20,12,13,5,21,17,6,22,23],[12,8,20,24,4,16,21,5,17,14,13,22,6,23],[12,20,16,24,4,8,21,13,17,5,6,22,7,23],[12,24,16,8,4,20,13,5,18,21,6,22,7,14,23],[12,20,16,8,4,24,21,13,5,17,6,22,23],[20,24,8,12,16,4,13,5,17,21,6,22,23],[8,12,4,16,20,24,13,21,17,5,22,14,6,23],[20,4,8,24,12,16,21,5,17,13,6,22,23],[12,4,24,16,20,8,13,5,21,17,22,6,23],[20,16,12,24,4,8,13,22,5,17,7,18,2,9,1,23],[20,4,16,24,8,12,13,5,21,17,22,6,7,23],[16,12,4,20,24,8,13,5,22,18,10,1,11,21,6,23],[12,8,24,16,20,4,13,5,17,21,22,6,23],[20,12,8,16,4,24,21,6,13,17,5,22,7,15,14,23],[20,24,4,16,8,12,13,21,5,17,22,6,23],[12,8,16,4,20,24,21,5,18,13,22,6,23],[24,12,16,8,20,4,13,21,5,17,6,22,23],[8,16,24,12,20,4,21,13,5,17,6,22,23],[16,8,12,4,24,20,13,5,22,6,19,21,17,23],[4,8,12,24,20,16,21,5,18,14,13,6,22,7,23],[4,24,20,16,12,8,13,5,17,21,22,6,7,23],[8,24,16,20,4,12,13,21,5,17,6,22,14,23],[20,4,8,16,24,12,21,5,13,17,6,22,23],[16,8,20,24,4,12,21,7,5,13,17,22,6,23],[12,20,24,16,4,8,21,14,13,17,5,22,6,9,7],[12,24,20,4,8,16,21,5,17,13,22,6,23],[20,16,8,4,12,24,21,13,5,17,6,22,7,2,23],[24,8,12,16,20,4,21,6,13,17,5,22,23],[16,24,4,20,12,8,13,5,21,17,6,22,7,23],[12,24,20,8,16,4,21,13,5,17,6,22,23],[24,12,20,4,16,8,21,5,14,17,13,6,22,7,23],[16,8,4,24,12,20,21,13,6,17,5,22,7,23],[12,8,24,20,16,4,21,13,5,17,22,6,7,23],[4,24,20,12,8,16,13,21,5,17,6,22,23],[16,4,8,20,12,24,13,5,17,21,6,22,23],[4,24,12,20,16,8,21,5,18,14,13,22,6,23],[24,12,20,8,16,4,13,21,5,17,22,6,7,23],[24,4,20,16,8,12,21,13,5,17,22,6,7,23],[8,20,4,12,24,16,21,13,5,17,6,22,23],[12,24,8,16,20,4,21,13,5,17,22,6,7,23],[4,20,16,8,12,24,21,5,13,17,6,22,23],[16,8,24,20,4,12,13,5,21,17,22,6,7,14,23],[16,20,24,8,12,4,21,5,13,17,6,22,23],[20,8,16,4,24,12,21,13,5,17,6,22,7,14,23],[4,12,8,24,20,16,13,22,6,5,21,17,7,23],[4,8,24,12,20,16,13,5,21,17,6,22,7,14,23],[8,20,12,4,16,24,13,5,17,22,10,9,3,2,1,19,23],[20,8,4,16,12,24,21,13,5,17,22,6,7,23],[12,4,8,20,16,24,13,21,5,17,22,6,7,15,14,18],[12,20,16,8,4,24,13,21,5,17,6,22,7,15,14,23],[24,16,20,12,4,8,13,21,5,17,6,22,7,23],[4,12,8,24,16,20,13,21,5,17,6,22,23],[12,24,8,4,16,20,21,13,17,5,6,22,23],[12,24,4,20,16,8,21,5,17,14,13,6,22,23],[20,8,4,12,16,24,21,13,5,17,6,22,7,23],[24,20,12,16,4,8,21,13,5,17,22,6,7,14,23],[16,4,24,8,20,12,13,5,21,17,6,22,23],[12,8,4,24,20,16,13,21,5,17,22,6,7,23],[12,8,24,4,16,20,21,13,17,5,6,22,23],[12,4,16,24,8,20,21,13,5,17,22,6,7,23],[16,12,4,8,24,20,21,5,17,13,22,6,14,7,23],[4,16,20,12,8,24,13,5,17,21,22,6,7,14,9],[4,16,12,20,8,24,13,21,5,17,22,6,7,23],[24,4,12,8,16,20,13,21,5,17,22,7,6,23],[24,16,4,8,12,20,13,5,21,17,22,6,23],[4,16,20,12,8,24,21,13,5,17,22,6,2,14,23],[12,8,24,16,4,20,21,13,5,17,22,6,7,14,23],[4,8,24,12,20,16,21,13,17,5,6,22,7,23],[16,4,24,8,20,12,13,21,17,5,22,6,23],[4,24,8,12,16,20,21,5,13,17,6,22,14,23],[20,24,8,16,4,12,21,5,13,17,6,22,18,23],[20,8,4,12,16,24,13,21,17,5,6,22,23],[12,8,24,16,4,20,21,5,17,14,13,6,22,23],[16,12,20,8,4,24,13,21,17,5,22,6,7,23],[4,16,24,12,20,8,21,5,14,17,13,22,6,7,23],[8,16,24,20,12,4,21,13,5,17,22,14,2,6,7,23],[24,4,16,20,8,12,21,5,13,17,6,22,7,10,23],[12,16,24,20,8,4,21,5,13,17,6,22,23],[12,8,20,4,24,16,13,5,21,17,6,22,7,23],[16,12,24,4,20,8,13,5,17,21,6,22,11,23,15,14],[8,16,4,24,12,20,13,5,21,17,22,6,7,23],[12,8,20,24,16,4,21,5,14,17,22,13,6,23],[8,24,4,16,12,20,13,21,17,5,6,22,7,14,23],[12,4,24,8,16,20,13,21,5,17,22,6,14,23],[12,16,24,20,4,8,21,6,13,17,5,22,23],[8,16,20,12,24,4,21,5,13,17,6,22,14,7,23],[8,16,20,24,12,4,21,5,13,17,22,6,7,23],[8,4,16,12,20,24,13,21,5,17,6,22,7,23],[12,8,16,4,20,24,13,21,5,17,22,6,14,23],[8,24,20,4,12,16,21,5,17,14,13,6,22,23],[8,20,12,16,24,4,21,5,13,17,6,22,7,2,14,9],[4,12,8,24,20,16,21,14,5,17,13,6,22,23],[20,8,4,16,12,24,13,5,21,17,6,22,7,23],[20,16,12,4,24,8,21,5,15,11,14,3,18,2,1,22,13,6,23],[4,16,8,12,24,20,21,5,13,17,22,6,7,23],[12,20,4,24,8,16,13,21,5,17,6,22,23],[8,24,20,4,12,16,13,21,17,5,6,22,2,7,14,19],[20,12,8,16,4,24,21,13,17,5,22,6,7,23],[4,16,12,20,8,24,21,13,5,17,6,22,23],[20,8,16,24,4,12,21,5,13,17,22,6,14,7,23],[20,8,12,4,24,16,21,13,17,5,22,6,7,23],[12,4,24,20,8,16,13,21,5,17,6,22,23],[8,24,4,16,12,20,13,5,21,17,6,22,23],[4,20,16,24,8,12,13,5,21,17,22,18,6,23],[16,20,8,12,24,4,21,5,17,13,6,22,7,23],[4,24,16,12,8,20,13,21,17,5,6,22,23],[20,4,8,12,16,24,13,21,5,17,6,22,23],[24,8,20,4,16,12,21,13,5,17,22,6,23],[12,24,20,4,8,16,13,5,21,17,22,6,7,14,23],[24,20,12,16,4,8,13,21,5,17,22,6,23],[12,4,16,8,24,20,13,5,21,17,6,22,23],[16,4,24,20,8,12,21,5,13,17,22,6,7,23],[24,8,12,4,20,16,13,21,5,17,6,22,23],[20,8,24,12,16,4,13,22,6,21,5,17,7,23],[8,20,24,4,12,16,13,22,5,17,6,21,23],[8,12,20,16,4,24,21,13,5,17,22,6,23],[4,24,20,8,12,16,13,22,5,2,17,1,21,6,7,23],[8,4,16,12,24,20,13,5,17,21,22,6,7,9,23],[4,12,16,8,24,20,13,21,5,17,22,6,7,23],[8,16,24,12,4,20,13,5,21,17,6,22,19,11,7,2,23],[20,24,4,16,8,12,21,13,5,17,6,22,2,14,23],[12,8,20,16,24,4,21,13,5,17,22,6,7,23],[12,8,24,4,16,20,13,21,5,17,6,22,23],[4,16,12,20,24,8,13,21,17,5,22,6,23],[8,24,16,12,20,4,13,5,21,17,6,22,7,23],[24,4,12,20,8,16,13,5,17,21,22,6,23],[24,16,12,8,4,20,21,5,13,17,6,22,23],[16,12,8,4,24,20,21,5,13,17,6,22,23],[8,12,4,24,20,16,21,13,5,17,6,22,14,7,23],[8,12,20,4,24,16,21,5,13,17,22,6,23],[12,16,20,8,4,24,21,5,17,13,22,6,7,23],[8,16,12,20,4,24,21,13,5,17,6,22,11,7,23],[16,4,24,8,12,20,13,5,22,19,21,17,6,23],[8,24,20,16,4,12,21,13,17,5,22,6,23],[24,12,4,20,16,8,21,5,14,18,13,6,22,23],[4,12,20,24,8,16,21,13,5,17,6,22,23],[12,24,16,4,20,8,13,5,17,21,22,6,10,1,14,7],[8,12,16,20,4,24,21,13,5,17,22,6,23],[4,12,16,8,20,24,13,5,21,17,6,22,1,23],[24,20,4,12,8,16,21,13,17,5,22,6,7,14,10],[20,16,4,8,12,24,21,6,13,17,5,22,23],[16,8,20,4,12,24,21,5,13,17,22,6,7,9,23],[8,4,24,16,12,20,13,21,5,17,22,6,7,23],[8,24,16,12,20,4,13,21,5,17,6,22,14,7,23],[16,24,4,12,20,8,13,5,17,21,6,22,14,7,23],[24,4,8,12,16,20,13,21,5,17,22,3,6,7,23],[12,8,24,20,4,16,21,5,17,13,6,22,23],[16,8,24,12,20,4,13,6,21,17,5,22,23],[24,12,20,16,4,8,21,13,17,5,22,6,7,23],[4,12,8,20,24,16,21,5,18,15,2,3,6,14,11,7],[20,24,12,16,4,8,13,21,5,17,6,22,23],[20,4,16,24,8,12,21,13,17,5,6,22,23],[20,24,16,12,8,4,21,13,5,17,6,22,23],[16,12,24,20,8,4,13,5,21,17,6,22,23],[16,24,20,8,12,4,21,5,13,17,22,6,7,14,23],[24,12,8,4,20,16,13,6,21,5,17,22,9,7,14],[8,24,16,12,4,20,13,5,21,17,22,6,23],[12,20,4,16,24,13,8,21,5,17,22,6,7,15,14,23],[16,4,24,8,20,12,14,21,5,17,22,13,6,23],[8,24,20,16,12,4,13,21,17,5,22,6,23],[16,12,24,20,8,4,13,5,17,21,22,6,7,23],[8,12,4,16,20,24,21,13,5,17,6,22,23],[24,4,12,16,20,8,21,14,5,17,13,6,22,15,23],[8,16,4,20,24,12,21,13,5,17,22,6,7,23],[20,12,4,16,24,8,21,13,5,17,6,22,23],[20,16,24,12,4,8,13,5,21,17,22,6,7,14,23],[8,24,20,12,4,16,13,5,21,17,22,6,7,23],[20,12,24,16,4,8,21,13,5,17,22,6,10,23],[20,4,24,16,8,12,13,5,17,21,6,22,23],[4,16,12,24,8,20,21,5,17,13,22,6,23],[24,4,16,20,8,12,22,13,23,19,7,18,21,5,6],[12,24,16,20,8,4,13,5,17,21,22,6,23],[16,4,20,12,24,8,13,5,17,21,22,6,7,14,23],[20,24,12,4,16,8,21,5,14,18,13,6,22,7,23],[16,20,12,8,24,4,21,5,13,17,6,22,23],[12,16,8,20,24,4,13,5,17,21,6,22,15,14,23],[20,4,8,24,12,16,13,5,21,17,6,22,7,11,23],[24,4,8,16,20,12,21,5,14,18,13,22,6,23],[16,8,4,12,24,20,21,5,13,17,6,22,7,23],[12,16,4,20,8,24,13,21,17,5,22,6,23],[20,24,4,12,8,16,21,6,13,17,5,22,7,23]],"n_human":4}