{"problem_id":"xncxbXcVUxqUrAV","sigma":150,"alpha":10.000,"cost":1,"probabilities":"[0.1, 0.22, 0.36, 0.32]","payoff_matrix":"[[203, 91, 48, 1, 120, 195], [-150, -208, 258, 12, 444, 39], [116, -243, 219, -7, -261, 13], [30, 3, 102, 17, 142, -153]]","uncovered":[[23,19,7,11,15,3,4,12,2,24],[3,7,15,11,4,12,19,23,10],[11,15,3,12,4,19,23,7,10],[23,3,7,15,11,12,4,19,10],[19,15,11,23,3,4,12,7,2,24],[15,3,11,4,12,23,7,19,10],[7,23,19,3,11,12,4,15,10],[3,19,7,11,4,12,23,15,2,24],[19,23,11,3,4,12,7,15,10],[19,15,3,7,23,11,12,4,10],[19,15,3,23,7,11,4,12,2,24],[11,3,12,4,7,23,15,19,2,22],[15,19,23,3,11,12,4,7,2,24],[7,3,23,19,15,11,4,12,2,24],[15,3,11,12,4,19,23,7,2,24],[23,7,11,19,3,4,12,15,10],[3,19,11,12,4,7,23,15,10],[19,3,11,4,12,23,15,7,2,24],[23,7,15,11,3,4,12,19,10],[23,19,7,11,15,3,12,4,10],[15,23,19,3,11,12,4,7,10],[19,15,23,7,3,11,12,4,2,24],[23,19,11,15,3,12,4,7,2,24],[7,23,11,19,15,3,12,4,2,24],[23,7,15,11,3,12,4,19,2,24],[15,19,7,3,23,11,4,12,2,24],[23,3,7,19,11,12,4,15,10],[3,11,12,4,15,7,23,19,10],[23,19,3,11,12,4,7,15,10],[19,23,11,15,3,12,4,7,10],[19,23,7,15,3,11,12,4,10],[3,7,23,15,19,11,12,4,10],[15,19,23,3,11,12,4,7,2,24],[3,11,4,12,23,15,19,7,10],[3,15,11,12,4,7,23,19,2,24],[15,11,19,7,3,4,12,23,2,24],[19,3,15,7,23,11,4,12,2,24],[19,15,7,11,23,3,4,12,2,24],[19,11,7,3,12,4,23,15,2,24],[15,11,23,19,7,3,12,4,10],[7,11,19,23,15,3,12,4,10],[19,15,11,23,7,3,12,4,10],[3,7,23,15,19,11,4,12,2,24],[7,3,23,11,4,12,19,15,2,24],[23,19,15,7,11,3,4,12,10],[19,3,23,11,4,12,15,7,2,24],[11,7,15,19,3,12,4,23,10],[15,7,23,11,19,3,4,12,10],[23,11,3,4,12,7,15,19,10],[11,3,12,4,7,23,19,15,10],[23,15,3,19,7,11,4,12,2,24],[7,23,3,15,19,11,12,4,2,24],[15,3,23,11,4,12,7,19,10],[7,3,11,4,12,19,15,23,10],[7,23,19,3,11,12,4,15,10],[3,19,15,11,4,12,7,23,2,24],[23,3,19,15,7,11,12,4,2,24],[3,7,23,19,11,4,12,15,10],[23,11,7,3,4,12,19,15,10],[11,23,15,3,12,4,7,19,10],[11,23,19,3,12,4,15,7,10],[19,3,15,23,11,4,12,7,2,24],[11,7,15,23,19,3,4,12,2,24],[15,11,3,12,4,19,7,23,10],[19,3,7,11,4,12,15,23,10],[11,23,3,4,12,15,7,19,2,24],[15,7,19,23,3,11,4,12,2,14],[15,19,3,7,23,11,4,12,2,24],[15,19,7,11,23,3,12,4,2,24],[3,15,7,23,11,12,4,19,10],[15,11,23,3,12,4,7,19,10],[7,3,23,15,19,11,4,12,10],[3,7,23,11,4,12,15,19,10],[23,15,3,19,11,4,12,7,10],[11,15,7,3,12,4,23,19,10],[7,15,11,3,12,4,19,23,2,24],[15,3,7,23,11,4,12,19,2,24],[11,15,19,3,12,4,23,7,2,24],[11,15,7,23,3,4,12,19,2,24],[7,19,23,15,3,11,12,4,2,24],[23,11,15,7,3,4,12,19,10],[23,15,11,3,4,12,19,7,10],[3,15,11,4,12,23,7,19,10],[15,23,3,19,11,4,12,7,2,24],[3,7,23,19,11,4,12,15,2,24],[7,19,11,15,3,4,12,23,10],[23,3,7,11,12,4,19,15,10],[15,23,3,19,11,12,4,7,2,24],[23,7,15,3,19,11,4,12,2,24],[11,3,4,12,19,15,7,23,2,24],[23,7,3,19,15,11,12,4,10],[3,23,15,11,12,4,7,19,2,24],[19,23,15,7,11,3,12,4,10],[15,7,19,11,3,4,12,23,10],[3,19,11,12,4,15,7,23,2,24],[15,19,3,23,7,11,12,4,10],[23,3,15,19,7,11,12,4,2,24],[3,19,23,11,12,4,7,15,2,24],[11,15,19,3,12,4,7,23,10],[7,19,23,3,11,4,12,15,2,24],[7,11,3,4,12,23,19,15,2,24],[7,19,11,3,4,12,23,15,10],[19,11,23,15,3,12,4,7,2,24],[11,7,23,19,15,3,4,12,2,24],[3,19,15,11,12,4,23,7,10],[15,19,23,7,11,3,12,4,2,24],[3,19,23,11,4,12,7,15,10],[3,11,12,4,7,19,15,23,10],[23,3,19,7,11,12,4,15,2,24],[15,11,23,3,12,4,19,7,2,24],[19,3,7,11,12,4,15,23,10],[19,15,7,3,23,11,4,12,2,24],[7,23,3,15,19,11,12,4,2,24],[19,3,15,23,11,12,4,7,10],[19,11,3,12,4,7,15,23,10],[11,7,15,23,3,4,12,19,2,24],[11,15,19,7,23,3,4,12,2,24],[15,7,19,3,23,11,4,12,2,24],[15,11,19,3,12,4,7,23,2,24],[3,19,23,7,11,12,4,15,2,24],[15,19,11,7,3,4,12,23,10],[15,11,3,4,12,7,19,23,10],[11,15,23,19,7,3,4,12,10],[11,7,23,19,3,4,12,15,10],[15,3,19,11,4,12,23,7,10],[19,3,7,23,11,4,12,15,10],[11,7,15,3,4,12,23,19,2,24],[7,19,23,11,15,3,12,4,10],[7,11,23,19,3,4,12,15,10],[3,19,7,11,12,4,23,15,2,24],[15,23,11,3,12,4,7,19,2,24],[23,3,11,12,4,7,15,19,10],[3,19,7,11,4,12,23,15,10],[3,15,7,11,12,4,19,23,10],[11,3,4,12,23,7,15,19,10],[15,11,3,4,12,23,7,19,10],[7,23,3,19,11,4,12,15,10],[7,11,3,4,12,19,23,15,2,24],[11,7,15,23,3,4,12,19,10],[19,15,3,11,4,12,23,7,10],[11,23,19,7,3,12,4,15,2,24],[3,19,7,23,15,11,12,4,10],[3,19,11,4,12,15,23,7,10],[3,19,7,11,4,12,15,23,2,24],[7,11,23,19,3,12,4,15,2,24],[23,19,3,11,12,4,7,15,2,24],[7,15,23,3,19,11,12,4,10],[23,15,19,11,7,3,12,4,2,24],[23,19,15,7,11,3,4,12,2,24],[7,19,15,11,3,12,4,23,10],[3,7,19,23,11,4,12,15,10],[15,23,11,3,4,12,7,19,10],[3,23,15,7,11,4,12,19,2,24],[7,23,19,15,11,3,12,4,2,24],[19,15,3,7,23,11,12,4,10],[23,11,15,3,4,12,19,7,10],[19,7,11,23,3,4,12,15,2,24],[23,3,11,4,12,19,7,15,10],[23,15,11,19,3,4,12,7,10],[23,7,3,15,11,12,4,19,2,24],[23,19,3,11,12,4,15,7,2,24],[3,7,19,11,12,4,15,23,2,24],[15,23,19,11,7,3,4,12,10],[7,15,3,19,11,4,12,23,2,24],[7,23,15,11,3,4,12,19,10],[15,7,19,23,3,11,12,4,10],[23,19,15,11,7,3,4,12,2,24],[15,7,11,23,3,4,12,19,10],[23,7,19,15,11,3,12,4,10],[7,23,3,11,12,4,15,19,10],[23,11,19,15,3,4,12,7,10],[19,3,23,7,15,11,12,4,10],[23,3,7,15,11,12,4,19,2,16],[11,23,7,15,3,12,4,19,10],[11,7,23,3,12,4,15,19,10],[23,7,11,15,19,3,4,12,2,24],[7,19,15,23,11,3,12,4,10],[23,11,7,15,3,4,12,19,10],[11,7,3,12,4,23,15,19,2,24],[3,23,19,7,11,4,12,15,2,24],[23,19,11,3,4,12,15,7,2,24],[23,19,7,11,15,3,12,4,2,24],[19,3,7,23,11,4,12,15,2,24],[11,3,4,12,7,19,15,23,2,24],[15,23,7,19,11,3,12,4,10],[7,15,19,3,23,11,4,12,10],[15,23,3,7,11,12,4,19,10],[19,11,23,7,15,3,12,4,10],[7,11,19,15,3,4,12,23,2,24],[11,3,12,4,7,19,23,15,2,24],[7,11,3,12,4,23,19,15,2,24],[11,23,19,15,3,4,12,7,2,24],[3,15,23,19,11,12,4,7,2,24],[11,3,4,12,19,7,23,15,10],[3,15,23,7,19,11,12,4,10],[15,19,11,23,7,3,4,12,2,24],[3,23,11,12,4,7,15,19,2,24],[15,7,3,11,4,12,23,19,2,24],[15,7,23,3,11,12,4,19,2,24],[7,15,3,23,11,4,12,19,10],[19,15,3,23,7,11,4,12,2,24],[3,15,7,11,12,4,19,23,2,24],[11,15,7,3,12,4,23,19,10],[11,7,15,19,3,4,12,23,2,24],[7,11,19,23,3,4,12,15,2,14],[7,3,15,11,12,4,19,23,10],[3,7,15,23,11,12,4,19,2,24],[7,23,19,11,3,12,4,15,2,24],[7,23,11,3,12,4,19,15,10],[23,11,3,4,12,19,7,15,10],[23,11,7,19,3,4,12,15,2,24],[7,3,15,11,4,12,19,23,2,24],[23,19,7,11,15,3,4,12,2,24],[19,15,11,23,3,4,12,7,2,24],[3,11,4,12,19,23,7,15,10],[15,23,3,7,19,11,12,4,10],[15,3,7,19,11,4,12,23,2,24],[11,15,7,3,4,12,23,19,2,16],[23,7,19,11,3,12,4,15,10],[11,3,4,12,23,7,15,19,10],[3,7,23,11,4,12,19,15,10],[19,11,15,23,7,3,4,12,10],[11,19,3,4,12,7,15,23,10],[15,7,11,3,12,4,23,19,2,24],[7,15,3,11,4,12,23,19,2,24],[3,23,15,19,11,12,4,7,2,24],[7,11,15,19,23,3,12,4,2,24],[7,23,15,3,19,11,12,4,2,24],[19,3,23,7,15,11,12,4,10],[23,15,7,3,11,4,12,19,2,24],[7,3,15,23,19,11,12,4,10],[19,3,15,23,7,11,4,12,2,24],[23,15,7,3,11,4,12,19,2,24],[23,3,19,11,12,4,7,15,10],[7,15,23,3,19,11,12,4,10],[15,3,23,11,4,12,19,7,10],[3,23,11,4,12,7,15,19,2,16],[11,3,4,12,15,7,19,23,10],[7,23,3,11,4,12,15,19,10],[19,3,23,15,7,11,4,12,10],[19,7,15,3,11,4,12,23,2,24],[19,3,15,7,23,11,12,4,2,24],[3,15,11,12,4,19,7,23,2,24],[7,23,3,15,11,4,12,19,10],[15,3,11,4,12,23,19,7,2,24],[23,11,15,7,3,12,4,19,10],[3,23,19,11,12,4,7,15,10],[23,3,11,12,4,15,7,19,10],[15,11,19,7,3,4,12,23,10],[15,7,19,23,11,3,12,4,2,24],[19,11,3,4,12,7,15,23,2,16],[23,15,19,11,3,12,4,7,10],[15,19,7,3,23,11,4,12,2,24],[19,23,11,3,12,4,7,15,10],[7,11,3,4,12,19,15,23,10],[7,19,3,11,12,4,23,15,10],[3,19,15,11,4,12,7,23,10],[23,11,15,3,4,12,7,19,10],[3,7,15,19,23,11,12,4,2,24],[7,19,3,15,23,11,12,4,2,24],[7,15,19,23,11,3,4,12,10],[3,7,19,23,11,12,4,15,10],[15,11,19,3,12,4,23,7,10],[15,23,11,19,3,4,12,7,2,24],[7,11,15,19,3,12,4,23,2,24],[3,23,7,11,12,4,19,15,2,24],[7,15,3,11,12,4,19,23,10],[11,3,4,12,19,15,23,7,10],[7,23,15,3,11,4,12,19,10],[11,23,3,12,4,15,19,7,10],[11,7,3,12,4,15,23,19,2,24],[3,19,23,7,15,11,4,12,10],[7,23,11,15,19,3,4,12,2,21,24],[15,3,19,11,4,12,7,23,2,24],[15,7,19,23,11,3,4,12,2,24],[19,11,7,15,3,4,12,23,2,24],[15,7,11,3,4,12,19,23,2,24],[23,3,19,15,7,11,12,4,2,24],[19,7,11,3,4,12,23,15,2,24],[3,23,15,7,19,11,4,12,10],[19,23,7,15,3,11,12,4,10],[3,11,12,4,19,7,15,23,10],[23,11,3,12,4,15,19,7,10],[19,7,11,15,23,3,4,12,2,24],[15,3,19,11,12,4,7,23,10],[23,11,7,3,4,12,15,19,2,24],[15,3,19,11,12,4,23,7,10],[15,23,19,11,7,3,12,4,2,24],[19,11,15,23,3,12,4,7,10],[11,15,23,3,12,4,7,19,2,24],[19,3,7,23,11,12,4,15,2,24],[23,3,7,19,15,11,4,12,2,24],[7,19,11,23,3,12,4,15,2,24],[7,3,15,23,19,11,4,12,10],[7,3,23,11,12,4,15,19,10],[7,3,15,11,4,12,19,23,10],[3,7,11,4,12,19,23,15,10],[23,19,15,11,7,3,4,12,10],[23,7,11,19,3,4,12,15,2,24],[7,3,11,12,4,23,19,15,2,24],[3,23,19,7,15,11,4,12,2,24],[7,19,15,11,3,12,4,23,10],[11,23,19,3,4,12,7,15,10],[19,15,23,11,3,12,4,7,2,24],[15,11,3,4,12,19,7,23,10],[15,3,11,4,12,23,7,19,10],[15,11,19,3,12,4,23,7,2,24],[11,15,3,4,12,23,19,7,10],[11,7,23,19,15,3,4,12,2,24],[3,15,23,19,11,12,4,7,2,24],[7,23,19,3,15,11,12,4,10],[3,7,15,19,11,4,12,23,10],[3,15,23,7,11,4,12,19,2,24],[19,7,3,11,12,4,23,15,10],[3,23,11,12,4,15,19,7,10],[23,11,15,19,7,3,4,12,10],[7,11,3,4,12,23,15,19,10],[7,23,19,3,11,4,12,15,2,24],[23,7,19,11,15,3,12,4,10],[3,11,4,12,7,15,19,23,10],[11,23,7,3,12,4,19,15,10],[19,3,23,15,7,11,12,4,2,24],[11,3,4,12,19,23,15,7,10],[11,15,23,3,12,4,19,7,2,24],[7,3,19,11,4,12,23,15,10],[7,19,3,15,23,11,4,12,10],[15,3,19,7,11,12,4,23,10],[3,15,7,23,11,4,12,19,2,24],[11,3,12,4,19,15,7,23,2,24],[19,11,15,3,12,4,7,23,10],[3,19,7,11,4,12,15,23,10],[3,11,12,4,23,7,19,15,2,24],[11,23,3,4,12,19,7,15,2,24],[11,7,23,15,3,12,4,19,2,24],[23,11,19,15,3,12,4,7,2,24],[23,15,11,19,3,12,4,7,2,24],[23,19,3,11,12,4,15,7,10],[19,15,23,11,7,3,4,12,10],[15,7,11,19,23,3,12,4,2,24],[11,23,7,19,15,3,4,12,10],[19,15,23,7,3,11,4,12,10],[15,11,3,4,12,23,19,7,2,24],[11,15,7,23,3,4,12,19,10],[19,11,3,12,4,15,7,23,2,24],[23,7,19,11,3,12,4,15,2,24],[7,19,3,15,23,11,12,4,2,24],[3,11,12,4,7,23,20,19,15,10],[23,11,19,7,3,12,4,15,2,24],[23,19,11,7,3,4,12,15,10],[11,7,3,4,12,15,19,23,10],[23,7,19,15,11,3,4,12,2,24],[19,23,11,7,15,3,12,4,10],[3,19,11,12,4,23,15,7,2,24],[19,15,23,7,11,3,4,12,2,24],[19,7,23,3,15,11,12,4,2,24],[7,15,11,23,19,3,4,12,2,24],[11,23,7,3,4,12,15,19,10],[7,11,15,19,23,3,12,4,10],[19,3,11,4,12,23,7,15,2,24],[19,23,3,11,12,4,15,7,2,24],[11,3,12,4,15,7,23,19,10],[23,15,11,19,7,3,4,12,2,24],[7,15,19,3,11,12,4,23,10],[23,19,15,11,3,4,12,7,2,24],[19,7,15,3,23,11,4,12,2,24],[3,23,7,19,15,11,4,12,10],[7,19,15,3,23,11,4,12,10],[15,19,23,11,7,3,4,12,2,24],[19,3,23,11,12,4,7,15,2,24],[11,23,3,12,4,19,7,15,2,24],[11,19,23,7,3,12,4,15,10],[3,19,11,12,4,23,7,15,2,24],[3,15,11,4,12,23,7,19,2,24],[15,7,19,3,23,11,12,4,10],[15,19,11,3,4,12,7,23,10],[7,3,23,15,19,11,4,12,10],[19,11,3,4,12,23,7,15,10],[15,23,3,11,12,4,19,7,2,24],[19,15,11,7,3,12,4,23,10],[11,23,19,7,15,3,12,4,2,24],[11,15,3,12,4,7,23,19,2,24],[23,11,19,3,12,4,15,7,2,24],[7,11,3,4,12,15,23,19,2,16],[7,15,23,19,11,3,4,12,2,24],[23,19,15,11,3,12,4,7,2,24],[15,19,7,23,11,3,12,4,10],[11,23,3,4,12,7,15,19,10],[11,19,15,23,3,12,4,7,10],[19,15,7,3,11,4,12,23,10],[3,15,23,19,11,4,12,7,10],[11,7,23,3,12,4,15,19,10],[15,11,23,7,3,4,12,19,10],[19,3,15,23,11,12,4,7,10],[11,3,4,12,15,23,19,7,10],[3,23,7,11,12,4,19,15,2,24],[11,15,3,12,4,19,7,23,2,24],[19,11,3,4,12,23,7,15,10],[19,11,7,23,15,3,4,12,10],[23,15,19,7,3,11,12,4,10],[11,15,3,4,12,23,7,19,2,24],[15,11,7,19,23,3,12,4,2,24],[11,23,3,12,4,7,19,15,2,24],[3,19,23,11,12,4,7,15,10],[7,19,3,11,12,4,15,23,10],[3,19,11,4,12,7,23,15,2,24],[19,3,23,11,12,4,7,15,10],[3,15,19,11,4,12,23,7,10],[19,15,11,7,23,3,12,4,10],[3,23,15,7,11,4,12,19,2,24],[15,7,19,3,23,11,4,12,2,24],[7,3,19,15,23,11,4,12,2,24],[19,7,15,23,3,11,4,12,10],[3,19,11,4,12,15,23,7,10],[7,3,19,15,23,11,12,4,10],[3,11,12,4,19,15,23,7,10],[15,3,19,23,11,4,12,7,2,24],[3,19,15,23,11,12,4,7,2,24],[23,3,7,11,12,4,15,19,2,24],[3,19,23,15,11,4,12,7,10],[3,11,4,12,15,23,7,19,10],[3,7,11,12,4,23,15,19,2,24],[7,19,3,23,11,4,12,15,10],[19,7,11,23,15,3,12,4,10],[19,23,7,11,3,12,4,15,10],[23,3,11,12,4,7,15,19,10],[23,15,19,11,3,4,12,7,2,24],[7,3,11,4,12,19,23,15,10],[11,23,3,12,4,19,7,15,10],[11,19,3,4,12,7,23,15,2,24],[15,19,7,3,23,11,12,4,2,24],[23,3,11,4,12,19,15,7,2,24],[15,11,7,3,12,4,19,23,10],[7,3,19,23,15,11,4,12,10],[3,11,4,12,19,23,15,7,2,24],[11,23,7,3,4,12,19,15,2,24],[15,23,7,3,11,4,12,19,2,24],[3,19,11,12,4,7,23,15,10],[3,7,11,12,4,15,19,23,10],[19,3,15,11,12,4,23,7,10],[11,23,15,19,7,3,12,4,2,24],[3,19,23,15,11,12,4,7,2,24],[11,3,12,4,23,7,19,15,2,24],[15,3,23,19,11,12,4,7,2,24],[15,23,3,11,4,12,7,19,10],[23,19,15,3,11,4,12,7,2,24],[11,15,3,12,4,7,23,19,2,24],[19,3,23,15,7,11,12,4,10],[19,7,3,11,4,12,23,15,2,24],[3,23,15,11,12,4,19,7,2,16],[19,23,11,3,4,12,7,15,2,24],[19,11,15,23,3,4,12,7,10],[19,15,11,23,3,4,12,7,2,24],[15,11,19,23,3,12,4,7,2,24],[23,7,3,15,11,12,4,19,10],[23,19,15,3,7,11,4,12,10],[11,19,23,3,12,4,15,7,10],[3,7,23,11,12,4,15,19,10],[19,15,23,3,7,11,4,12,2,24],[15,19,7,11,23,3,4,12,10],[19,15,23,3,7,11,4,12,10],[3,19,15,7,11,4,12,23,2,24],[19,11,3,4,12,23,15,7,10],[15,11,23,19,3,12,4,7,10],[15,7,3,19,11,4,12,23,2,24],[23,15,19,7,3,11,12,4,2,13,24],[7,15,3,23,19,11,12,4,2,24],[3,15,19,23,7,11,4,12,2,24],[23,19,11,3,4,12,7,15,10],[19,23,15,11,3,4,12,7,10],[7,11,19,3,4,12,15,23,2,24],[7,15,3,19,11,12,4,23,2,24],[11,7,23,19,15,3,4,12,2,24],[7,11,19,3,12,4,15,23,2,24],[23,7,11,15,3,12,4,19,10],[15,19,11,3,12,4,7,23,10],[11,3,12,4,23,19,15,7,2,24],[3,15,19,23,11,12,4,7,2,24],[3,19,23,11,4,12,7,15,2,16],[3,19,15,11,12,4,7,23,2,24],[3,23,11,4,12,15,7,19,10],[3,19,15,23,7,11,12,4,2,16],[23,19,7,15,11,3,4,12,2,24],[11,19,3,4,12,23,7,15,2,24],[19,15,7,3,11,12,4,23,10],[19,11,23,3,12,4,15,7,2,13,24],[23,7,11,19,15,3,12,4,10],[7,23,19,3,11,12,4,15,10],[11,7,3,4,12,23,19,15,2,24],[23,11,7,19,15,3,4,12,10],[15,7,23,3,11,4,12,19,2,24],[3,15,11,4,12,19,7,23,10],[19,11,15,7,23,3,4,12,2,24],[15,3,7,23,19,11,12,4,2,24],[19,3,15,23,11,4,12,7,2,24],[23,11,3,12,4,19,15,7,10],[7,3,11,12,4,15,19,23,10],[11,19,3,12,4,15,23,7,10],[3,7,23,15,19,11,4,12,2,24],[23,3,7,19,15,11,4,12,2,24],[7,15,23,19,3,11,12,4,10],[23,11,3,4,12,15,19,7,10],[15,19,11,3,12,4,7,23,2,24],[15,3,11,12,4,23,19,7,2,24],[3,11,4,12,23,19,7,15,10],[11,19,3,4,12,23,7,15,2,24],[23,11,15,3,12,4,7,19,10],[15,7,19,11,23,3,4,12,2,24],[3,7,15,23,11,12,4,19,2,24],[19,15,11,3,12,4,23,7,2,24],[7,15,11,3,12,4,19,23,10],[7,23,19,11,3,12,4,15,10],[7,11,3,4,12,19,23,15,10],[23,19,15,11,3,4,12,7,2,24],[23,19,11,3,4,12,7,15,10],[19,11,7,15,3,4,12,23,2,16],[3,23,11,4,12,15,7,19,2,24],[15,7,19,11,23,3,12,4,2,24],[7,23,19,11,15,3,4,12,10],[11,7,23,3,12,4,19,15,2,24],[7,23,3,15,19,11,4,12,10],[15,11,23,7,19,3,4,12,10],[19,11,23,7,3,12,4,15,10],[3,7,11,4,12,23,15,19,10],[11,7,15,23,19,3,12,4,2,24],[15,23,7,3,11,4,12,19,10],[23,3,11,4,12,19,15,7,10],[3,11,4,12,19,15,7,23,10],[7,23,11,19,15,3,12,4,2,24],[19,15,23,3,7,11,12,4,2,24],[3,19,7,23,15,11,12,4,2,24],[15,19,23,7,3,11,12,4,10],[23,3,19,11,12,4,15,7,10],[23,15,19,7,3,11,4,12,10],[7,3,11,4,12,19,23,15,2,24],[11,3,12,4,15,23,19,7,10],[23,15,3,19,11,12,4,7,10],[15,11,3,12,4,7,19,23,10],[23,15,19,11,7,3,12,4,10],[7,19,3,15,23,11,4,12,2,24],[15,23,3,19,11,4,12,7,2,24],[19,7,11,15,23,3,4,12,10],[3,7,23,15,19,11,4,12,10],[15,3,19,7,11,12,4,23,10],[11,3,4,12,15,23,7,19,2,24],[19,23,11,7,3,12,4,15,2,24],[15,7,19,3,11,4,12,23,10],[19,23,7,3,11,4,12,15,2,24],[11,3,12,4,19,7,15,23,2,24],[19,11,23,3,12,4,7,15,2,24],[15,11,3,12,4,23,19,7,10],[23,7,11,3,4,12,19,15,2,24],[7,15,11,19,3,12,4,23,2,24],[15,19,11,3,12,4,7,23,2,24],[15,7,23,19,3,11,4,12,2,24],[19,7,23,3,11,12,4,15,2,24],[23,7,19,11,15,3,12,4,10],[3,11,12,4,7,23,19,15,2,24],[15,23,3,19,7,11,12,4,2,24],[3,11,12,4,23,15,7,19,10],[7,23,3,19,11,12,4,15,10],[23,15,19,3,7,11,12,4,2,24],[7,15,19,11,3,4,12,23,10],[7,19,3,23,11,12,4,15,10],[19,3,23,11,4,12,7,15,10],[7,23,19,11,15,3,4,12,2,24],[15,3,23,19,7,11,12,4,2,16],[19,3,7,11,12,4,23,15,10],[19,15,3,11,4,12,23,7,10],[23,19,7,3,15,11,12,4,2,24],[15,23,3,7,11,12,4,19,2,24],[23,11,15,3,4,12,7,19,10],[19,15,3,7,11,4,12,23,2,24],[11,15,19,3,12,4,23,7,10],[11,3,12,4,7,23,19,15,10],[23,11,19,15,7,3,12,4,10],[7,19,23,3,11,12,4,15,2,24],[11,3,4,12,19,7,24,15,10],[3,15,7,23,19,11,4,12,10],[11,3,12,4,23,15,19,7,2,24],[11,19,23,15,7,3,12,4,10],[15,11,19,3,12,4,7,23,10],[3,19,7,23,11,4,12,15,2,24],[23,15,7,11,3,12,4,19,10],[15,23,19,11,7,3,4,12,10],[7,15,19,23,3,11,12,4,2,24],[11,7,15,3,4,12,19,23,2,24],[19,3,23,15,11,12,4,7,2,24],[3,7,11,4,12,15,23,19,10],[19,23,11,15,3,12,4,7,10],[7,3,15,23,11,4,12,19,10],[11,3,12,4,15,19,23,7,2,24],[15,11,3,12,4,23,19,7,2,24],[7,19,3,15,11,4,12,23,2,24],[11,19,15,3,4,12,7,23,2,24],[3,15,23,19,7,11,4,12,10],[15,23,3,7,19,11,4,12,2,24],[3,15,7,23,19,11,12,4,10],[11,15,19,23,3,4,12,7,10],[15,11,7,19,23,3,4,12,2,24],[11,23,3,4,12,19,15,7,2,24],[11,23,19,3,12,4,15,7,2,24],[15,19,7,11,23,3,12,4,2,24],[15,19,23,7,11,3,4,12,10],[11,15,19,23,3,4,12,7,10],[3,19,15,23,7,11,4,12,2,24],[11,7,15,23,3,12,4,19,10],[11,23,7,3,4,12,15,19,2,24],[15,19,3,11,12,4,23,7,2,24],[23,7,15,3,19,11,4,12,10],[23,19,11,3,12,4,15,7,10],[15,19,23,11,3,12,4,7,10],[19,7,15,3,11,4,12,23,2,24],[11,7,3,4,12,15,19,23,10],[7,15,19,23,11,3,4,12,2,24],[23,3,11,12,4,19,15,7,2,24],[23,15,11,3,12,4,19,7,10],[3,19,11,4,12,23,15,7,10],[7,15,3,11,12,4,19,23,10],[19,3,15,23,11,12,4,7,2,24],[7,3,15,23,11,4,12,19,10],[11,3,4,12,23,7,19,15,10],[15,7,11,23,19,3,4,12,10],[15,3,23,19,11,4,12,7,10],[19,3,23,15,7,11,12,4,2,24],[11,23,7,3,12,4,19,15,2,24],[19,3,23,11,12,4,15,7,10],[7,15,19,23,11,3,12,4,10],[23,7,15,11,19,3,4,12,10],[3,7,23,19,15,11,4,12,10],[23,15,11,3,12,4,19,7,10],[11,15,23,19,3,4,12,7,10],[23,7,19,15,11,3,12,4,2,24],[7,23,3,19,15,11,4,12,2,24],[7,3,15,11,4,12,23,19,2,24],[11,23,7,19,15,3,4,12,2,24],[15,7,11,19,3,4,12,23,10],[7,23,11,15,3,12,4,19,10],[19,11,7,15,23,3,12,4,10],[19,23,15,3,11,12,4,7,2,24],[15,7,19,11,23,3,12,4,10],[19,11,23,15,3,12,4,7,2,16],[19,11,3,4,12,23,7,15,10],[11,15,23,19,3,4,12,7,10],[15,19,23,7,11,3,12,4,2,24],[3,23,7,19,15,11,4,12,2,24],[11,7,15,3,4,12,19,23,2,24],[7,3,11,4,12,23,19,15,10],[23,3,15,19,11,4,12,7,2,24],[3,11,4,12,23,15,7,19,2,24],[15,19,3,7,11,12,4,23,2,24],[15,19,11,3,12,4,7,23,10],[7,19,11,23,3,12,4,15,2,24],[11,19,23,7,15,3,4,12,10],[15,3,23,19,11,4,12,7,10],[19,23,11,15,7,3,4,12,10],[15,3,23,11,12,4,19,7,10],[3,11,12,4,19,7,23,15,2,24],[7,11,23,15,3,4,12,19,10],[11,19,23,15,3,4,12,7,2,24],[23,7,3,11,4,12,15,19,2,24],[7,11,23,15,3,12,4,19,10],[7,3,19,15,11,12,4,23,2,24],[23,11,3,12,4,15,19,7,10],[23,19,15,11,3,4,12,7,2,24],[19,15,7,3,23,11,4,12,2,16],[23,19,3,7,11,4,12,15,10],[7,19,23,11,3,12,4,15,2,24],[7,3,23,15,19,11,12,4,10],[15,19,23,7,3,11,12,4,10],[11,7,23,19,3,4,12,15,10],[11,19,7,23,3,12,4,15,2,24],[3,11,12,4,23,15,7,19,2,24],[23,11,15,3,12,4,19,7,2,24],[7,15,19,3,11,4,12,23,10],[7,19,15,23,11,3,4,12,10],[11,23,3,4,12,15,19,7,2,24],[3,11,12,4,23,7,19,15,10],[7,23,11,3,4,12,19,15,2,24],[15,19,3,11,4,12,7,23,2,24],[23,11,15,19,7,3,12,4,10],[3,7,15,23,19,11,4,12,2,24],[23,7,11,15,3,12,4,19,10],[3,23,11,12,4,7,15,19,10],[7,15,3,11,4,12,23,19,2,24],[15,19,7,3,11,12,4,23,2,24],[7,3,15,19,11,4,12,23,2,24],[23,3,11,4,12,19,7,15,10],[11,23,19,3,12,4,15,7,10],[23,7,3,15,11,12,4,19,10],[23,7,15,11,3,12,4,19,2,24],[19,7,3,11,4,12,15,23,2,24],[19,7,23,11,3,4,12,15,10],[7,15,3,11,4,12,23,19,2,24],[19,15,7,11,23,3,4,12,10],[19,23,7,15,11,3,4,12,10],[15,3,19,7,11,4,12,23,2,24],[7,15,11,3,4,12,19,23,10],[15,23,3,7,11,12,4,19,2,24],[19,15,3,23,11,4,12,7,10],[23,15,19,11,7,3,4,12,10],[23,15,11,7,19,3,12,4,10],[19,23,11,3,12,4,15,7,10],[11,15,19,23,3,12,4,7,10],[15,23,3,7,11,12,4,19,10],[15,7,19,3,23,11,4,12,2,24],[15,23,11,7,3,4,12,19,2,24],[3,15,23,19,7,11,12,4,10],[15,3,7,11,4,12,23,19,2,21,24],[11,19,7,23,15,3,4,12,10],[3,15,7,19,23,11,12,4,10],[3,23,15,19,11,12,4,7,10],[19,7,3,23,15,11,4,12,10],[11,3,4,12,23,7,19,15,10],[11,19,23,3,12,4,7,15,10],[7,3,23,15,11,4,12,19,2,24],[23,11,3,4,12,19,15,7,2,24],[11,15,19,7,3,4,12,23,2,24],[11,3,12,4,7,15,19,23,2,24],[15,7,23,19,3,11,4,12,10],[15,3,7,19,23,11,12,4,10],[23,19,7,3,15,11,12,4,10],[23,3,11,4,12,7,15,19,24,2],[15,11,7,23,19,3,4,12,2,24],[15,23,11,3,4,12,19,7,2,24],[3,19,11,4,12,7,23,15,2,24],[15,11,3,12,4,19,7,23,2,24],[3,11,12,4,23,7,15,19,10],[23,15,19,3,11,4,12,7,2,24],[23,11,7,19,15,3,4,12,10],[3,23,11,4,12,19,7,15,2,24],[23,15,3,19,11,12,4,7,2,24],[19,11,7,3,4,12,23,15,10],[3,7,15,11,4,12,23,19,2,24],[3,15,19,23,7,11,4,12,2,24],[19,15,3,23,7,11,4,12,2,24],[3,23,11,12,4,19,7,15,10],[19,11,15,3,4,12,23,7,10],[3,11,4,12,15,23,19,7,10],[7,15,23,3,11,12,4,19,2,24],[23,15,7,19,3,11,4,12,10],[7,15,3,11,12,4,19,23,10],[7,11,23,15,19,3,4,12,10],[23,15,11,7,19,3,4,12,2,24],[15,7,23,3,11,4,12,19,2,24],[3,11,12,4,23,15,7,19,10],[3,11,4,12,7,23,15,19,10],[19,11,15,3,4,12,7,23,2,24],[15,7,19,11,23,3,4,12,2,16],[11,23,7,3,4,12,15,19,10],[3,11,12,4,19,7,15,23,2,24],[23,15,19,7,11,3,4,12,2,24],[15,7,23,3,11,12,4,19,10],[7,15,19,11,23,3,4,12,10],[3,11,4,12,19,23,15,7,10],[3,7,23,19,15,11,4,12,2,24],[7,11,19,3,12,4,15,23,2,24],[3,23,7,15,11,4,12,19,2,24],[15,7,11,23,19,3,4,12,2,24],[7,19,23,3,11,12,4,15,10],[15,19,11,7,3,12,4,23,10],[3,7,23,11,4,12,19,15,10],[19,15,3,11,12,4,23,7,10],[3,11,4,12,15,19,23,7,10],[11,19,15,7,23,3,12,4,2,24],[23,19,15,7,3,11,12,4,2,24],[23,15,19,3,11,4,12,7,2,24],[19,7,3,11,12,4,15,23,10],[11,23,3,12,4,19,7,15,2,24],[3,11,4,12,7,15,23,19,2,24],[11,7,3,12,4,23,15,19,2,24],[3,7,15,23,19,11,4,12,2,24],[7,3,23,19,11,12,4,15,2,24],[7,19,23,11,15,3,4,12,10],[19,3,7,15,11,12,4,23,10],[23,11,19,3,4,12,15,7,10],[19,23,7,3,15,11,4,12,2,24],[15,3,19,11,12,4,7,23,10],[15,3,7,19,11,12,4,23,10],[11,19,23,3,4,12,7,15,10],[3,19,23,15,11,4,12,7,2,24],[11,19,23,15,3,12,4,7,10],[11,15,19,23,3,12,4,7,2,24],[11,7,19,3,4,12,23,15,2,24],[7,23,15,3,19,11,12,4,2,24],[19,15,7,3,11,4,12,23,10],[15,11,3,4,12,19,23,7,10],[23,11,19,3,4,12,7,15,2,24],[15,19,3,23,7,11,4,12,10],[7,23,3,15,19,11,4,12,10],[19,7,3,23,15,11,12,4,2,24],[7,11,15,23,3,12,4,19,10],[7,23,15,11,19,3,12,4,10],[3,23,11,12,4,7,19,15,10],[7,3,15,11,12,4,23,19,2,24],[19,15,11,7,3,12,4,23,2,24],[23,7,3,11,4,12,19,15,10],[11,15,23,7,19,3,12,4,2,24],[3,15,7,23,19,11,4,12,2,24],[23,3,7,15,11,12,4,19,2,24],[11,19,15,23,7,3,12,4,2,24],[15,23,19,11,3,12,4,7,10],[11,3,4,12,23,7,15,19,2,24],[11,19,23,3,4,12,15,7,2,24],[23,3,15,19,7,11,12,4,10],[23,19,7,11,15,3,4,12,10],[23,11,15,19,7,3,12,4,10],[7,19,15,11,23,3,4,12,2,24],[7,15,11,19,3,12,4,23,10],[23,3,7,11,12,4,19,15,10],[7,11,3,4,12,15,23,19,10],[15,7,3,19,11,4,12,23,2,24],[11,3,4,12,7,23,19,15,2,24],[3,15,23,7,19,11,12,4,2,24],[15,3,7,11,12,4,23,19,10],[15,11,19,23,3,4,12,7,10],[11,19,3,4,12,15,23,7,2,24],[15,23,7,3,11,4,12,19,2,24],[3,23,7,19,11,4,12,15,2,24],[3,7,19,23,11,12,4,15,2,24],[11,19,7,15,23,3,4,12,10],[11,23,3,4,12,15,19,7,2,24],[11,7,15,3,12,4,23,19,10],[15,19,3,11,4,12,23,7,2,24],[23,15,11,7,3,12,4,19,2,24],[15,23,3,7,11,4,12,19,2,24],[23,15,19,3,11,4,12,7,10],[3,15,7,23,11,12,4,19,2,24],[15,19,7,11,3,4,12,23,2,24],[19,7,15,23,11,3,12,4,2,24],[11,15,23,7,19,3,12,4,2,24],[23,15,19,7,11,3,4,12,2,16],[11,7,23,3,4,12,19,15,10],[15,23,11,19,3,12,4,7,10],[19,23,3,15,7,11,4,12,2,24],[11,23,19,7,3,4,12,15,10],[11,23,19,15,3,4,12,7,2,24],[11,7,3,12,4,23,19,15,2,24],[7,3,19,23,15,11,4,12,10],[7,15,11,23,19,3,12,4,2,24],[3,11,12,4,23,7,19,15,10],[7,23,3,11,4,12,19,15,10],[3,15,19,23,7,11,4,12,10],[23,3,7,11,12,4,15,19,10],[15,11,3,4,12,7,19,23,2,24],[3,23,11,12,4,7,15,19,2,24],[23,11,3,12,4,15,7,19,10],[23,11,19,15,3,4,12,7,10],[19,3,23,11,12,4,7,15,2,24],[15,23,11,19,3,4,12,7,2,24],[11,19,15,3,4,12,23,7,2,24],[7,11,23,3,12,4,15,19,10],[15,3,7,19,23,11,12,4,2,16],[23,7,19,11,15,3,12,4,2,24],[19,15,11,7,23,3,4,12,10],[23,3,19,11,12,4,15,7,10],[23,3,7,15,19,11,4,12,2,24],[15,11,7,23,3,12,4,19,10],[19,15,3,11,4,12,23,7,10],[3,23,11,12,4,15,19,7,2,24],[19,23,15,7,11,3,4,12,10],[7,19,15,3,23,11,12,4,10],[23,11,15,7,19,3,12,4,10],[11,3,12,4,23,7,19,15,10],[15,7,3,11,12,4,23,19,10],[3,15,7,23,19,11,4,12,2,24],[7,19,11,23,3,12,4,15,10],[19,23,15,7,3,11,12,4,10],[11,19,7,15,3,4,12,23,10],[11,3,4,12,7,19,23,15,2,24],[23,19,11,15,3,4,12,7,2,24],[15,7,3,19,11,4,12,23,10],[11,15,3,12,4,7,23,19,10],[11,23,15,3,12,4,19,7,2,24],[15,7,19,23,11,3,4,12,10],[15,7,11,23,3,4,12,19,10],[19,3,23,15,7,11,4,12,2,16],[11,3,4,12,7,23,15,19,2,24],[23,7,3,11,12,4,19,15,10],[15,3,23,19,11,4,12,7,10],[3,23,7,11,12,4,15,19,10],[23,7,19,15,11,3,12,4,2,16],[7,23,15,19,3,11,12,4,2,24],[15,11,19,23,7,3,12,4,10],[11,23,7,19,3,12,4,15,2,24],[3,11,12,4,15,19,23,7,2,24],[19,7,11,15,3,12,4,23,2,24],[7,23,15,3,11,12,4,19,2,24],[11,3,4,12,7,19,15,23,2,24],[7,11,3,4,12,23,15,19,10],[3,7,11,12,4,23,15,19,2,24],[19,7,23,3,15,11,12,4,10],[11,3,12,4,19,23,15,7,2,24],[11,7,3,12,4,23,19,15,10],[3,19,7,11,12,4,23,15,10],[7,11,23,19,15,3,4,12,2,24],[19,23,15,7,3,11,12,4,2,24],[3,7,23,15,11,12,4,19,2,24],[7,23,15,3,19,11,12,4,2,24],[3,7,11,4,12,15,19,23,2,24],[23,15,7,19,11,3,4,12,2,24],[15,11,7,19,23,3,4,12,10],[23,15,11,7,3,12,4,19,10],[3,15,7,19,23,11,4,12,10],[7,11,15,3,4,12,23,19,2,24],[23,19,15,3,11,12,4,7,2,24],[15,23,11,19,7,3,12,4,2,24],[23,11,19,7,15,3,12,4,10],[7,15,19,3,23,11,4,12,2,24],[3,19,7,23,11,12,4,15,2,24],[7,11,19,23,3,4,12,15,10],[23,3,19,11,12,4,7,15,2,24],[23,11,7,3,4,12,15,19,2,24],[3,15,7,19,23,11,12,4,2,24],[11,23,3,4,12,7,15,19,10],[11,7,19,15,23,3,12,4,10],[11,7,19,3,4,12,23,15,10],[7,23,19,15,3,11,4,12,2,24],[7,23,15,3,11,12,4,19,10],[7,15,3,23,11,4,12,19,2,24],[15,19,11,23,7,3,12,4,2,24],[11,7,3,12,4,15,19,23,2,24],[23,7,3,15,19,11,12,4,2,24],[7,23,11,3,12,4,15,19,10],[19,11,23,15,3,12,4,7,2,24],[11,15,3,12,4,23,19,7,2,24],[3,7,23,19,11,4,12,15,2,24],[15,11,23,3,4,12,7,19,10],[23,15,3,7,11,4,12,19,10],[11,7,3,4,12,23,19,15,2,24],[19,23,3,7,15,11,12,4,2,24],[15,3,19,7,23,11,4,12,10],[3,11,12,4,23,15,19,7,10],[3,11,4,12,19,15,23,7,10],[23,15,7,11,19,3,4,12,2,24],[15,7,11,23,3,4,12,19,10],[11,7,3,4,12,23,19,15,10],[19,3,23,15,11,12,4,7,2,24],[3,7,15,11,4,12,19,23,2,24],[19,7,3,23,11,4,12,15,10],[19,7,11,23,3,4,12,15,2,24],[3,23,15,7,19,11,4,12,10],[23,19,3,15,11,4,12,7,10],[3,7,15,11,4,12,23,19,2,24],[23,7,11,15,3,12,4,19,10],[23,3,19,11,4,12,15,7,10],[23,15,7,3,19,11,4,12,10],[3,7,19,11,12,4,23,15,10],[7,15,3,11,4,12,19,23,10],[19,15,11,7,3,12,4,23,2,24],[23,3,11,4,12,19,15,7,10],[15,11,19,7,3,4,12,23,2,24],[23,3,7,11,12,4,15,19,2,24],[3,7,19,23,11,4,12,15,2,24],[3,15,23,7,19,11,4,12,2,24],[11,19,15,7,23,3,4,12,10],[15,19,11,3,12,4,7,23,2,24],[3,7,15,23,11,4,12,19,2,24],[7,23,15,19,11,3,4,12,2,24],[11,23,15,7,3,12,4,19,2,24],[3,11,12,4,23,19,15,7,2,24],[7,15,19,11,23,3,4,12,2,24],[11,23,3,4,12,19,7,15,10],[7,15,3,19,11,4,12,23,2,24],[19,3,11,4,12,7,15,23,10],[7,15,11,23,19,3,12,4,2,24],[7,19,15,11,3,12,4,23,10],[7,19,3,23,11,12,4,15,2,24],[19,11,15,23,3,12,4,7,10],[7,15,11,23,19,3,12,4,2,24],[15,23,19,11,7,3,12,4,2,24],[11,15,23,19,3,12,4,7,10],[19,11,7,23,15,3,4,12,16,10],[11,7,19,23,15,3,4,12,10],[23,19,11,3,12,4,7,15,2,24],[3,23,7,15,11,4,12,19,10],[3,23,15,7,11,4,12,19,10],[19,15,23,11,7,3,4,12,10],[3,7,15,11,12,4,23,19,2,24],[7,15,3,23,19,11,4,12,2,24],[3,11,4,12,23,15,19,7,2,24],[15,3,19,11,4,12,7,23,2,24],[7,15,19,23,11,3,12,4,10],[15,19,11,3,4,12,23,7,10],[23,15,3,11,12,4,19,7,10],[11,3,12,4,7,15,19,23,2,24],[19,11,23,3,12,4,7,15,10],[3,7,11,4,12,23,19,15,2,24],[11,15,7,19,3,12,4,23,2,24],[19,7,23,15,11,3,4,12,10],[23,19,3,15,11,12,4,7,10],[19,15,3,11,4,12,7,23,10],[7,3,19,23,11,4,12,15,2,24],[7,23,19,3,15,11,4,12,10],[15,11,23,19,7,3,4,12,2,24],[3,23,15,11,4,12,7,19,2,24],[7,19,11,23,15,3,4,12,10],[19,3,11,4,12,23,15,7,10],[11,7,19,3,12,4,15,23,2,24],[15,7,23,11,19,3,4,12,10],[23,7,19,11,3,12,4,15,2,24]],"n_human":8}