{"problem_id":"xncxbXcVUxqUrAV","sigma":75,"alpha":10.000,"cost":0,"probabilities":"[0.1, 0.22, 0.36, 0.32]","payoff_matrix":"[[101, 45, 24, 0, 60, 98], [-75, -104, 129, 6, 222, 19], [58, -121, 110, -4, -130, 6], [15, 1, 51, 8, 71, -76]]","uncovered":[[15,23,7,19,11,3,4,12,10],[15,23,7,3,19,11,12,4,2,16,24],[11,7,23,15,19,3,12,4,10],[11,15,3,12,4,7,23,20,19,10],[3,15,11,4,12,23,7,19,10],[19,23,11,15,7,3,4,12,10],[19,3,23,15,11,12,4,7,2,24],[19,3,7,15,11,4,12,23,2,24],[15,7,11,3,4,12,19,23,2,24],[19,7,23,15,11,3,12,4,10],[15,23,19,3,11,12,4,7,10],[23,3,11,4,12,7,19,15,24,2],[15,7,3,19,11,12,4,23,10],[23,11,3,12,4,15,19,10],[3,19,7,15,11,12,4,23,10],[15,11,3,12,4,23,19,7,10],[11,23,3,12,4,15,7,19,10],[7,15,11,23,3,4,12,19,2,24],[7,15,19,23,11,3,4,12,10],[23,11,7,19,15,3,4,12,1,10],[15,23,7,3,19,11,12,4,2,24],[3,11,12,4,23,7,19,15,10],[7,23,15,19,11,3,4,12,2,24],[7,23,11,15,19,3,12,4,10],[15,23,11,19,3,4,12,7,10],[7,11,19,23,3,12,4,15,10],[3,23,19,7,11,12,4,15,2,24],[19,3,23,11,4,12,15,7,10],[23,3,7,19,15,11,4,12,9,2,24],[3,7,15,19,23,11,12,4,10],[19,7,3,11,12,4,23,15,10],[11,23,15,3,12,4,7,19,10],[3,23,15,7,11,4,12,19,10],[11,19,7,15,23,3,4,12,10],[11,7,19,15,3,4,12,23,2,10],[19,7,23,3,11,12,4,15,2,24],[15,19,11,23,3,12,4,7,2,24],[11,19,15,3,4,12,7,23,2,24],[19,3,11,4,12,15,23,7,24,10],[11,7,3,4,12,19,15,23,2,16,8,24],[11,23,19,3,4,12,15,7,10],[7,3,15,23,11,12,4,19,10],[19,15,3,7,11,4,12,23,2,14,24],[23,11,3,12,4,19,7,15,2,24],[23,11,19,3,4,12,15,7,10],[23,7,11,15,3,4,12,19,10],[23,11,15,19,3,12,4,7,10],[23,15,19,3,7,11,12,4,10],[3,7,15,19,23,11,12,4,2,24],[3,15,19,7,23,11,4,12,2,24],[23,19,7,15,11,3,12,4,2,18,24,14,20,10],[19,23,11,7,15,3,4,12,2,16,24],[3,19,11,12,4,7,15,23,10],[23,11,3,12,4,19,7,15,10],[19,3,7,11,12,4,23,15,2,24],[23,11,3,4,12,7,15,20,19,2,24],[15,19,11,23,7,3,12,4,2,24],[7,15,23,19,3,11,4,12,2,24],[15,23,19,7,3,11,4,12,2,24],[19,3,15,7,11,12,4,23,16,10],[7,11,23,19,3,4,12,15,10],[3,19,15,7,11,4,12,23,2,16,24],[11,3,4,12,15,7,23,19,2,16,24],[11,3,12,4,15,23,7,19,2,24],[23,3,15,7,19,11,12,4,10],[15,23,7,11,19,3,12,4,10],[23,19,7,3,15,11,4,12,2,24],[3,19,23,11,12,4,15,7,2,24],[23,15,19,7,11,3,4,12,10],[15,19,7,11,23,3,12,4,10],[11,3,4,12,15,7,19,23,2,14,22,24],[3,7,23,19,11,12,4,15,10],[15,7,3,23,11,12,4,19,16,10],[11,15,19,3,4,12,23,7,2,5,8,24],[23,19,15,11,3,4,12,7,2,24],[3,11,12,4,15,7,19,23,2,21,24],[7,15,11,3,12,4,23,19,2,16,24],[23,19,3,11,4,12,15,10],[7,23,15,3,19,11,4,12,10],[15,11,19,3,4,12,23,7,24,10],[11,7,15,19,3,12,4,23,24,10],[15,7,23,19,3,11,4,12,10],[19,11,7,23,15,3,12,4,10],[3,19,23,11,4,12,15,7,10],[3,23,11,12,4,7,15,19,2,24],[23,19,11,7,3,12,4,15,10],[15,11,23,3,12,4,7,19,10],[7,11,23,15,3,12,4,19,2,24],[19,7,11,15,3,12,4,24,10],[3,11,4,12,15,7,19,23,2,13,24],[11,7,3,4,12,19,23,15,2,24],[7,15,19,11,3,12,4,23,10],[3,11,12,4,7,19,23,15,10],[23,11,19,7,15,3,4,12,2,22,24],[15,11,3,4,12,23,8,10],[3,7,23,19,11,12,4,15,2,16,24],[3,15,7,11,4,12,19,24,10],[7,3,15,11,4,12,23,19,10],[19,11,15,23,7,3,12,4,10],[15,7,23,11,19,3,12,4,2,24],[19,11,15,3,12,4,23,7,10],[7,23,15,19,11,3,12,4,10],[15,23,11,19,7,3,12,4,10],[3,15,23,19,7,11,12,4,10],[11,15,7,23,19,3,4,12,10],[15,7,19,11,23,3,12,4,2,24],[3,11,4,12,7,15,23,19,10],[3,7,15,19,23,11,4,12,10],[23,15,7,19,3,11,12,4,24,2],[11,15,7,23,19,3,12,4,10],[23,7,11,19,15,3,12,4,2,22,18,24,6,20,10],[11,15,19,23,7,3,12,4,2,16,24],[3,11,12,4,15,23,7,20,19,2,24],[3,11,4,12,15,19,7,23,2,24],[11,19,7,15,23,3,4,12,2,24],[3,15,23,19,7,11,12,4,2,24],[7,3,15,19,23,11,4,12,10],[15,23,7,11,19,3,12,4,2,24],[11,15,3,4,12,19,7,23,2,24],[15,19,23,11,3,12,4,7,2,24],[3,11,4,12,23,7,15,19,10],[7,23,19,3,11,4,12,15,2,24],[23,19,3,15,7,11,12,4,10],[7,11,23,15,3,12,4,19,10],[3,7,19,15,23,11,4,12,2,24],[3,15,11,12,4,7,19,23,10],[11,23,7,3,4,12,19,15,2,24],[23,7,11,15,3,4,12,2,19,24],[23,19,15,7,3,11,12,4,10],[11,7,15,19,23,3,12,4,2,21,24],[19,11,3,12,4,23,15,7,10],[11,23,3,12,4,15,19,7,2,16,24],[3,7,11,4,12,19,15,23,2,24],[19,15,7,23,11,3,12,4,2,24],[11,23,15,7,19,3,4,12,10],[15,19,11,7,23,3,12,4,2,16,24],[3,19,23,15,7,11,4,12,2,24],[19,7,15,23,3,11,4,12,10],[15,23,3,11,12,4,7,19,2,24],[11,23,15,19,7,3,12,4,10],[3,15,23,11,4,12,19,7,10],[11,7,19,3,12,4,16,23,15,10],[11,3,12,4,7,19,15,23,24,10],[7,19,23,11,3,4,12,15,2,22,24],[23,3,15,11,12,4,7,19,2,24],[11,7,15,19,3,12,4,2,23,24],[15,7,11,23,3,4,12,19,10],[3,19,23,7,15,11,4,12,10],[11,3,12,4,23,15,7,19,10],[3,7,11,12,4,15,19,23,10],[7,11,15,19,23,3,12,4,10],[19,3,7,11,12,4,23,24,15,2],[11,3,4,12,7,23,19,15,2,24],[3,15,23,7,19,11,12,4,10],[15,19,23,7,11,3,12,4,2,17,24],[11,7,19,23,15,3,4,12,2,24],[15,19,11,7,3,4,12,23,2,24],[11,19,15,23,7,3,12,4,10],[19,3,15,11,4,12,7,23,2,24],[7,19,11,15,23,3,12,4,2,24],[7,19,11,15,23,3,4,12,2,10],[7,3,19,15,11,12,4,23,10],[11,23,7,19,15,3,4,12,14,2,24],[3,15,23,7,11,12,4,19,2,24],[3,23,7,19,15,11,12,4,2,24],[23,11,3,12,4,7,19,2,15,16,21,24],[11,23,15,7,3,4,12,2,19,24],[3,23,7,15,19,11,4,12,10],[23,19,7,11,15,3,12,4,10],[23,7,3,11,4,12,15,19,2,24],[15,3,7,11,4,12,23,19,2,24],[19,15,7,3,11,4,12,23,2,13,24],[7,19,3,23,11,12,4,15,2,9,24],[23,11,3,12,4,15,7,19,10],[11,23,7,3,12,4,15,19,2,24],[23,11,3,12,4,15,19,7,24,10],[15,23,3,7,11,12,4,19,10],[19,23,15,7,3,11,4,12,2,24],[15,23,3,11,4,12,7,19,2,24],[11,3,12,4,7,15,23,19,10],[11,15,23,7,19,3,4,12,2,24],[23,11,19,3,12,4,15,7,10],[23,7,19,15,3,11,12,4,10],[11,23,3,4,12,15,19,7,2,16,24],[15,3,11,4,12,19,8,21,23,24,2,7],[23,19,3,11,12,4,7,15,2,16,24],[11,19,23,3,12,4,15,7,10],[15,23,11,19,7,3,12,4,10],[3,15,23,19,11,12,4,7,2,24],[7,15,19,11,23,3,4,12,10],[23,19,15,3,7,11,12,4,2,21,24],[7,3,23,19,11,12,4,15,10],[19,15,3,11,4,12,24,7,2,16],[3,19,23,11,4,12,7,15,10],[7,3,23,11,4,12,15,19,10],[7,15,19,23,3,11,4,12,2,24],[15,19,11,23,7,3,12,4,10],[15,23,19,7,3,11,4,12,2,16,24],[11,15,3,12,4,23,19,7,2,24],[19,23,7,11,15,3,4,12,16,2,24],[7,23,11,15,19,3,12,4,10],[23,15,3,11,12,4,7,19,2,20,24],[19,3,7,15,23,11,4,12,2,24],[3,19,23,7,11,12,4,15,2,24],[23,3,19,15,11,12,4,7,2,24],[15,19,23,11,3,4,12,7,10],[19,23,11,15,7,3,12,4,10],[15,7,3,23,19,11,12,4,10],[3,19,7,23,15,11,4,12,2,24],[23,15,3,19,7,11,12,4,2,24],[23,11,3,4,12,19,7,15,10],[7,23,11,3,12,4,15,19,10],[7,23,3,19,11,12,4,15,2,24],[7,23,19,3,15,11,4,12,2,14,24],[23,7,11,3,12,4,15,19,2,24],[7,23,11,3,12,4,15,19,10],[15,3,11,12,4,19,23,7,2,16,24],[3,7,23,19,11,12,4,16,15,2,24],[11,7,23,15,19,3,4,12,2,24],[3,19,7,11,12,4,15,23,10],[3,15,11,12,4,23,19,7,10],[23,19,15,3,7,11,12,4,2,24],[15,11,23,3,4,12,7,19,10],[23,3,11,12,4,19,7,15,10],[7,3,11,12,4,19,23,15,2,24],[3,15,7,11,4,12,19,23,10],[19,3,23,7,11,4,12,15,2,16,20,14,24],[3,7,11,12,4,20,19,16,23,15,10],[19,7,11,15,3,12,4,23,2,24],[15,11,7,23,3,4,12,19,10],[3,23,7,19,15,11,4,12,10],[7,11,19,23,3,12,4,15,2,24],[15,19,3,7,11,4,12,23,2,5,24],[3,19,15,11,12,4,23,2,7,16,24],[15,7,11,23,19,3,12,4,10],[15,11,3,12,4,7,19,23,2,13,24],[7,15,19,11,3,4,12,23,2,24],[15,19,7,3,11,4,12,23,2,16,24],[23,11,7,19,3,12,4,15,10],[23,7,3,15,11,12,4,19,24,10],[15,7,3,19,11,4,12,23,10],[19,3,15,7,11,12,4,23,2,24],[23,11,15,7,19,3,4,12,2,24],[7,3,11,12,4,19,15,23,24,2],[11,3,12,4,19,15,23,7,2,22,24],[15,23,3,11,4,12,8,19,10],[23,7,19,11,3,12,4,16,15,10],[11,7,3,12,4,19,15,23,10],[11,19,23,3,12,4,7,15,10],[23,19,15,11,7,3,4,12,2,16,24],[11,15,19,23,3,12,4,7,2,24],[11,3,4,12,7,23,15,19,2,22,24],[3,7,11,4,12,23,19,15,2,24],[15,11,7,3,4,12,19,23,10],[3,7,11,12,4,23,16,19,15,2,24],[23,7,15,19,11,3,12,4,2,24],[11,7,15,3,12,4,20,19,23,2,24],[11,19,15,23,3,12,4,7,10],[15,23,7,11,19,3,4,12,24,2],[19,23,7,15,11,3,12,4,24,2],[3,19,15,11,4,12,23,7,10],[3,23,7,15,19,11,4,12,24,10],[23,7,19,3,11,4,12,15,16,2,22,24],[23,7,11,3,12,4,19,15,10],[7,23,19,11,3,12,4,15,2,24],[19,23,11,3,4,12,15,7,2,13,24],[19,7,11,23,3,12,4,16,15,10],[15,19,11,23,3,12,4,7,10],[7,3,15,19,23,11,12,4,10],[15,19,7,11,3,12,4,23,2,16,22,24],[15,19,23,11,7,3,12,4,2,24],[23,11,7,3,12,4,15,2,19,24],[23,7,11,19,3,12,4,16,15,10],[11,19,23,7,3,4,12,16,10],[3,23,7,19,15,11,4,12,10],[3,15,23,7,19,11,12,4,10],[19,11,15,7,3,4,12,23,2,24],[7,11,3,4,12,15,23,19,10],[19,11,7,3,4,12,15,23,10],[11,23,19,7,3,4,12,15,2,24],[23,7,3,19,15,11,12,4,10],[19,15,11,3,12,4,7,23,2,24],[11,15,23,19,7,3,4,12,10],[11,3,4,12,23,15,7,19,2,16,24],[3,23,19,7,11,4,12,15,2,24],[3,19,7,15,11,4,12,23,10],[11,23,7,3,12,4,19,15,2,24],[3,19,11,4,12,23,15,7,2,24],[15,3,23,7,19,11,4,12,2,24],[15,23,11,3,4,12,7,19,10],[23,19,3,15,11,12,4,7,2,24],[19,3,7,15,23,11,4,12,10],[3,23,15,7,11,12,4,19,10],[3,11,4,12,20,19,7,23,15,10],[7,3,11,4,12,19,15,10],[3,15,11,12,4,7,23,19,10],[23,19,7,15,11,3,4,12,10],[7,3,23,11,12,4,15,19,10],[19,15,7,23,11,3,12,4,10],[15,23,19,11,7,3,12,4,10],[3,19,11,4,12,15,7,23,2,24],[15,19,3,11,12,4,7,23,24,10],[19,3,23,7,11,12,4,15,10],[11,23,15,7,3,12,4,19,10],[23,7,19,11,3,12,4,15,10],[7,19,23,15,3,11,4,12,10],[11,19,15,7,3,4,12,23,2,16,24],[15,11,23,3,12,4,7,19,10],[23,19,7,15,11,3,12,4,22,2,24],[3,7,23,19,15,11,12,4,2,24],[3,23,7,11,4,12,19,15,2,16,24],[23,19,15,3,11,12,4,7,10],[15,11,7,19,3,12,4,23,10],[11,7,3,12,4,19,23,15,2,24],[7,15,3,19,23,11,12,4,2,24],[23,15,11,3,12,4,19,7,2,16,21,24],[23,11,3,12,4,15,7,19,10],[23,15,19,11,7,3,4,12,10],[23,19,15,7,11,3,12,4,10],[19,7,11,15,23,3,12,4,10],[7,11,15,23,19,3,4,12,2,24],[7,3,11,12,4,19,15,23,10],[7,3,19,23,15,11,12,4,10],[3,7,19,15,11,12,4,23,10],[11,7,3,12,4,2,15,23,19,24],[7,23,19,11,3,12,4,15,2,24],[7,15,23,3,19,11,12,4,10],[19,3,11,4,12,15,7,23,10],[19,23,11,15,7,3,12,4,10],[11,3,4,12,23,15,19,7,2,16,24],[15,11,7,19,23,3,12,4,2,24],[11,15,3,12,4,7,19,23,2,24],[15,19,11,7,23,3,4,12,2,24],[23,3,15,19,7,11,4,12,10],[23,19,15,11,7,3,12,4,10],[23,11,7,15,19,3,12,4,2,24],[23,7,15,3,11,12,4,19,2,24],[15,23,7,11,3,12,4,19,10],[23,11,19,3,12,4,7,15,2,24],[3,23,19,11,12,4,15,7,10],[23,7,3,11,4,12,10],[15,11,23,7,19,3,4,12,10],[3,7,19,11,4,12,2,23,15,24],[11,15,19,23,3,4,12,7,2,24],[23,7,19,3,15,11,12,4,2,22,24],[23,11,3,4,12,10,9],[11,7,15,19,3,4,12,23,2,24],[3,7,11,4,12,15,23,19,2,24],[23,19,11,3,12,4,15,7,10],[15,23,3,19,7,11,4,12,10],[7,23,11,19,15,3,12,4,2,24],[7,11,3,4,12,15,23,19,10],[15,23,7,3,11,12,4,19,2,16,24],[15,11,19,23,7,3,4,12,10],[15,7,3,23,19,11,4,12,10],[23,11,7,19,15,3,4,12,10],[3,15,23,11,12,4,19,7,2,16,24],[19,23,11,7,3,12,4,15,10],[7,3,15,19,23,11,12,4,2,24],[15,3,11,4,12,23,7,2,19,24],[7,3,19,23,15,11,4,12,10],[23,11,19,3,4,12,15,7,10],[23,19,11,7,15,3,4,12,2,24],[23,19,11,15,7,3,4,12,10],[23,3,11,4,12,15,19,7,2,16,24],[11,3,12,4,19,15,23,7,10],[19,15,23,3,11,12,4,7,10],[3,15,19,11,12,4,7,23,2,24],[11,3,12,4,23,19,7,15,10],[3,15,7,19,11,4,12,23,10],[23,3,7,11,12,4,19,15,2,24],[15,23,3,11,12,4,19,7,2,24],[11,7,15,23,3,4,12,19,2,24],[7,19,15,23,3,11,12,4,10],[11,15,7,3,4,12,18,19,23,10],[7,15,19,11,3,12,4,23,2,16,24],[23,11,19,3,12,4,7,15,10],[15,7,3,23,19,11,4,12,2,22,24],[11,15,23,3,12,4,19,7,10],[23,7,15,19,11,3,12,4,2,21,24],[19,7,3,23,11,12,4,15,10],[15,11,23,3,12,4,19,7,10],[19,7,11,3,4,12,15,23,24,2],[19,11,3,12,4,7,23,15,2,16,24],[11,3,12,4,19,23,15,8,7,2,17,24],[3,19,11,12,4,7,23,15,10],[15,11,3,12,4,7,23,2,18,19,16,17,20,10],[19,7,15,11,23,3,12,4,10],[11,19,3,12,4,23,7,15,10],[7,11,19,23,3,12,4,15,10],[15,3,19,7,23,11,4,12,10],[7,19,11,15,3,4,12,23,2,22,16,24],[19,23,11,3,4,12,7,15,10],[23,19,11,7,15,3,12,4,10],[3,19,7,23,15,11,12,4,2,10],[3,23,15,11,12,4,7,19,10],[23,11,15,19,7,3,12,4,10],[7,11,15,19,3,4,12,23,10],[23,19,15,7,3,11,4,12,10],[3,19,23,11,4,12,15,7,2,16,24],[3,23,15,19,7,11,12,4,10],[7,3,23,15,19,11,12,4,2,24],[23,11,3,12,4,19,15,7,10],[7,19,11,23,15,3,12,4,10],[7,11,15,23,19,3,4,12,2,24],[23,11,7,19,3,4,12,15,10],[3,19,23,15,7,11,12,4,2,24],[19,23,11,3,4,12,15,7,10],[7,15,23,3,11,12,4,19,2,24],[11,3,4,12,15,7,23,19,10],[19,3,7,15,11,4,12,23,10],[3,23,7,15,11,12,4,19,2,24],[11,23,15,3,12,4,8,19,10],[3,19,11,4,12,15,23,7,2,24],[11,15,7,23,3,12,4,19,2,24],[19,7,3,11,12,4,15,23,24,2],[3,11,12,4,15,7,23,19,10],[11,19,23,3,4,12,7,15,10],[19,3,11,4,12,23,7,15,10],[23,3,19,7,15,11,12,4,10],[19,23,15,3,11,4,12,7,10],[11,23,3,12,4,19,15,7,10],[11,15,19,3,4,12,23,2,7,24],[7,19,11,15,3,4,12,23,10],[11,3,12,4,15,23,19,7,10],[7,3,11,12,4,19,15,23,2,24],[11,7,19,3,4,12,15,23,2,24],[3,19,11,4,12,23,7,2,15,16,24],[3,23,11,12,4,19,15,7,10],[3,7,11,4,12,19,2,21,23,24,15],[7,15,11,23,19,3,12,4,10],[7,11,3,4,12,19,23,15,2,16,24],[23,3,19,15,7,11,4,12,10],[15,3,23,11,12,4,19,7,2,24],[3,19,7,23,11,4,12,15,10],[23,7,19,15,3,11,4,12,24,10],[3,11,4,12,7,15,23,19,2,16,21,24],[15,19,7,11,3,4,12,23,10],[19,7,11,15,3,12,4,23,2,24],[11,23,7,3,12,4,15,19,10],[7,11,15,19,3,4,12,23,2,24],[19,7,23,15,3,11,4,12,2,6,22,24],[23,15,7,3,11,12,4,19,6,10],[15,7,3,11,4,12,19,23,2,24],[19,7,23,15,11,3,4,12,10],[15,7,11,23,19,3,12,4,2,13,24],[15,23,19,7,3,11,4,12,10],[11,23,7,19,15,3,4,12,2,24],[11,23,19,7,15,3,4,12,10],[11,23,15,19,3,4,12,7,10],[7,15,23,3,11,4,12,19,10],[19,23,7,15,3,11,4,12,10],[19,15,3,11,12,4,23,7,2,5,24],[15,7,23,19,11,3,4,12,2,8,21,24],[11,3,4,12,15,19,23,7,2,24],[3,23,7,19,11,12,4,15,2,24],[23,19,15,7,3,11,4,12,10],[23,15,11,3,4,12,19,8,16,10],[3,7,19,23,15,11,4,12,2,24],[19,11,7,3,4,12,15,23,10],[11,19,3,12,4,15,23,22,7,10],[3,11,12,4,15,23,19,7,2,21,24],[23,11,15,3,12,4,19,7,2,24],[3,23,7,15,11,4,12,19,10],[15,3,23,11,12,4,19,7,2,16,24],[11,23,19,3,4,12,7,15,16,10],[15,3,11,4,12,20,19,23,7,2,24],[19,23,7,3,15,11,12,4,10],[15,7,11,23,3,12,4,19,2,16,24],[19,11,3,12,4,7,15,23,2,24],[11,3,4,12,15,19,23,7,10],[23,19,11,7,3,4,12,15,2,16,24],[15,3,7,23,11,4,12,19,2,24],[3,7,19,15,23,11,4,12,10],[11,3,4,12,19,15,23,7,10],[19,7,11,3,12,4,23,16,15,10],[7,11,3,4,12,23,19,15,10],[7,19,3,23,11,4,12,16,15,10],[15,3,19,23,11,12,4,7,2,24],[23,19,3,7,15,11,12,4,2,24],[15,19,3,7,11,12,4,23,10],[7,15,19,11,23,3,4,12,10],[23,19,11,3,12,4,15,7,10],[19,23,11,3,4,12,7,15,10],[11,3,4,12,23,15,19,7,10],[23,19,3,15,7,11,12,4,2,24],[11,19,7,15,3,4,12,23,10],[7,3,19,11,12,4,15,23,10],[15,11,7,3,4,12,19,23,10],[15,7,23,3,19,11,4,12,10],[7,15,23,19,11,3,4,12,2,22,24],[11,7,15,3,12,4,19,23,2,24],[7,11,23,19,15,3,12,4,2,22,24],[19,15,11,23,3,4,12,24,7,2],[15,23,11,3,4,12,7,19,2,24],[23,15,19,7,3,11,12,4,10],[3,15,23,19,7,11,4,12,2,24],[11,3,4,12,7,23,15,19,10],[23,11,7,15,3,12,4,19,10],[3,19,7,11,12,4,15,23,10],[19,7,3,15,23,11,4,12,10],[23,19,7,15,3,11,12,4,10],[3,7,15,11,12,4,19,23,2,24],[11,23,3,12,4,7,15,19,10],[19,7,11,15,3,4,12,23,10],[23,15,19,3,7,11,4,12,10],[11,23,15,3,12,4,7,19,10],[15,19,11,7,23,3,12,4,2,24],[7,19,15,11,3,4,12,23,24,2],[7,15,3,11,4,12,19,23,2,24],[23,3,11,12,4,19,15,7,10],[11,19,23,15,7,3,4,12,2,14,24],[7,19,11,3,4,12,23,15,10],[19,7,23,3,15,11,4,12,2,24],[3,19,15,7,11,4,12,23,2,24],[7,19,15,11,23,3,4,12,2,24],[15,3,19,11,12,4,23,7,10],[15,3,11,4,12,23,19,7,2,24],[23,11,7,19,3,4,12,15,10],[3,11,12,4,7,15,23,19,10],[7,19,11,3,12,4,15,23,2,24],[3,11,4,12,23,15,19,7,10],[3,23,7,15,11,4,12,19,10],[11,15,19,7,23,3,12,4,10],[15,19,7,3,11,4,12,23,2,21,24],[19,11,7,3,4,12,13,23,15,10],[23,3,11,12,4,7,15,19,24,10],[11,3,4,12,15,19,7,23,2,24],[23,19,3,11,4,12,7,15,10],[15,23,3,7,19,11,4,12,10],[7,11,15,19,3,4,12,23,10],[23,7,19,11,15,3,4,12,10],[7,19,23,11,3,4,12,14,16,15,10],[23,11,19,3,12,4,7,15,10],[15,19,3,7,11,12,4,23,10],[19,15,7,11,3,4,12,23,10],[3,7,11,12,4,19,23,15,2,16,24],[23,3,11,12,4,19,15,7,10],[15,7,3,11,4,12,19,23,10],[23,7,19,15,3,11,4,12,10],[23,7,3,11,4,12,19,15,2,24],[19,7,11,23,15,3,12,4,10],[3,11,12,4,15,19,7,23,10],[15,23,3,7,19,11,4,12,10],[23,3,7,11,4,12,19,15,2,24],[11,19,23,7,3,4,12,15,10],[7,15,23,3,19,11,12,4,2,24],[11,19,7,23,3,12,4,15,10],[23,15,7,3,11,4,12,19,2,24,16],[23,7,19,15,11,3,4,12,10],[19,7,15,23,3,11,4,12,10],[15,23,11,19,3,12,4,7,2,16,24],[15,23,3,7,19,11,12,4,2,24],[23,15,19,7,11,3,12,4,2,16,24],[23,15,11,3,12,4,19,7,10],[15,19,11,23,7,3,12,4,2,24],[7,3,11,12,4,19,24,15,2,16],[23,15,7,11,3,4,12,19,2,24],[15,7,23,19,3,11,12,4,10],[15,7,23,3,11,12,4,19,10],[11,23,3,12,4,7,19,16,15,2,21,24],[7,19,3,11,12,4,15,23,10],[23,11,3,4,12,7,15,19,10],[3,15,11,12,4,19,7,23,2,24],[11,19,7,3,12,4,15,23,10],[23,7,3,19,11,4,12,24,16,15,2],[7,11,19,15,3,4,12,23,2,16,24],[11,7,15,3,12,4,23,19,10],[19,7,11,23,15,3,4,12,2,24,14],[7,11,15,23,3,12,4,19,10],[7,11,19,3,4,12,23,15,10],[19,11,7,3,12,4,15,23,10],[19,23,15,11,7,3,4,12,10],[19,11,3,4,12,15,7,23,10],[19,3,15,11,12,4,23,7,2,24],[15,11,7,3,4,12,23,19,2,1,24,17,16],[3,23,7,15,19,11,12,4,2,24],[3,23,11,4,12,7,19,15,10],[11,7,3,4,12,23,15,2,19,21,24],[23,3,15,11,4,12,19,7,10],[3,23,11,12,4,19,15,7,2,24],[11,23,3,4,12,15,7,19,10],[11,19,15,7,3,4,12,23,10],[11,19,15,3,12,4,23,7,10],[15,3,19,23,11,12,4,10],[19,15,11,23,7,3,4,12,24,10],[3,15,23,7,11,4,12,19,10],[23,3,7,19,11,12,4,15,2,13,24],[3,15,7,11,4,12,19,23,24,10],[23,15,3,19,7,11,4,12,2,24],[19,11,3,4,12,15,7,23,2,24],[19,23,3,15,11,4,12,7,10],[3,15,11,4,12,19,7,23,10],[19,3,7,11,12,4,23,15,2,24],[11,7,15,23,3,12,4,19,10],[3,11,12,4,19,7,23,10],[7,3,23,15,11,4,12,19,2,24],[19,23,15,3,7,11,4,12,2,24,22],[11,23,19,3,4,12,7,15,2,13,5,16,24],[11,7,15,23,3,4,12,19,2,16,24],[7,11,15,23,19,3,4,12,2,16,24],[3,23,11,4,12,8,15,19,2,7,24],[11,23,7,3,12,4,19,15,10],[15,7,19,11,3,12,4,23,2,24],[15,23,7,19,3,11,4,12,22,10],[7,15,11,23,19,3,12,4,10],[11,3,12,4,10,23,9],[19,7,3,23,11,12,4,15,10],[3,19,15,7,23,11,12,4,10],[7,15,11,3,12,4,19,23,10],[19,11,15,23,7,3,4,12,10],[11,19,15,3,12,4,10],[3,15,11,4,12,7,19,23,10],[15,7,23,11,19,3,4,12,10],[23,15,3,19,11,12,4,7,2,24],[23,11,3,12,4,7,19,15,2,24],[11,7,3,12,4,19,23,15,10],[7,23,3,19,11,12,4,15,10],[11,15,19,7,3,4,12,23,10],[15,23,7,11,3,4,12,10],[11,19,3,12,4,15,7,23,10],[3,7,11,12,4,24,10],[19,15,3,11,4,12,7,23,10],[11,15,23,3,12,4,7,19,2,24],[3,7,11,12,4,19,23,15,10],[3,19,11,4,12,23,7,15,2,24],[11,3,4,12,23,15,19,7,10],[23,7,3,11,4,12,15,19,2,24],[23,3,15,7,19,11,12,4,10],[23,3,7,15,19,11,12,4,10],[3,23,19,11,12,4,7,15,2,16,24],[23,7,3,19,11,12,4,15,10],[7,15,23,19,11,3,12,4,2,16,24],[7,11,23,19,3,12,4,15,2,24],[11,19,23,7,15,3,12,4,10],[23,7,11,19,3,12,4,16,10],[15,7,3,19,11,12,4,23,2,6,24],[23,15,3,19,7,11,4,12,10],[19,3,11,12,4,7,23,15,2,22,24],[11,3,4,12,15,7,19,23,2,24],[19,11,3,4,12,23,7,15,10],[19,23,3,7,15,11,4,12,2,24],[3,19,11,12,4,15,7,10],[19,3,23,7,11,12,4,15,10],[7,19,23,3,15,11,12,4,2,24],[3,19,11,4,12,15,23,7,2,24],[7,11,23,19,3,12,4,15,10],[15,19,11,7,23,3,4,12,2,22,24],[15,7,23,3,19,11,4,12,10],[19,11,7,3,4,12,15,10],[23,3,19,15,7,11,4,12,2,16,22],[15,23,19,3,7,11,4,12,2,24],[19,3,23,15,11,12,4,7,10],[11,15,23,19,3,12,4,7,2,24],[3,7,11,4,12,23,15,19,10],[3,19,15,23,11,4,12,7,2,24],[3,19,7,15,11,12,4,23,10],[15,11,23,7,3,12,4,10],[15,3,11,12,4,19,7,23,2,24],[3,23,7,11,4,12,15,19,10],[11,7,3,12,4,15,19,23,10],[7,15,23,19,3,11,12,4,2,24],[15,3,23,19,11,4,12,7,2,24],[11,15,7,3,4,12,19,23,2,24],[19,23,3,15,7,11,12,4,24,2],[11,7,15,19,23,3,4,12,2,16,18,24],[23,3,15,7,19,11,4,12,10],[23,11,19,7,15,3,4,12,10],[7,3,11,12,4,19,23,16,15,2,22],[23,11,7,19,15,3,4,12,2,21,24],[15,3,19,7,23,11,12,4,10],[19,15,23,3,11,4,12,7,2,24],[15,7,3,11,4,12,19,23,2,24],[3,7,19,23,11,12,4,15,10],[19,15,7,3,23,11,12,4,10],[23,3,15,7,19,11,4,12,10],[19,7,23,15,3,11,12,4,2,24],[3,15,19,11,12,4,7,2,23,24],[23,15,7,11,19,3,12,4,10],[11,7,15,3,4,12,24,19,10],[3,11,12,4,7,23,15,10],[11,15,3,12,4,19,7,21,23,24,10],[11,7,19,3,12,4,23,15,2,24],[3,19,23,11,4,12,7,10],[11,3,4,12,15,7,23,19,10],[23,7,15,19,3,11,12,4,2,24],[3,23,7,15,11,12,4,19,2,24,13],[11,15,23,3,4,12,19,7,10],[7,15,11,19,3,12,4,23,2,16,24],[11,3,12,4,15,19,23,7,10],[11,7,23,3,4,12,15,19,10],[15,3,19,11,12,4,7,23,10],[19,11,15,3,12,4,7,23,24,10],[11,3,4,12,7,19,23,15,10],[7,15,23,19,3,11,4,12,2,22,24],[3,7,23,19,15,11,12,4,10],[11,7,23,3,4,12,15,19,2,24],[7,19,11,3,12,4,23,15,17,2,24],[23,15,11,19,7,3,4,12,2,24],[7,11,3,4,12,15,23,19,10],[23,19,15,3,7,11,4,12,2,24],[15,19,3,23,7,11,12,4,10],[7,23,19,11,15,3,4,12,2,24],[7,11,15,23,3,12,4,19,10],[7,3,15,11,12,4,19,23,10],[3,11,4,12,7,15,19,10],[3,23,19,11,12,4,15,7,2,22,24],[3,23,19,11,12,4,7,15,10],[15,3,23,7,11,4,12,19,10],[11,3,12,4,19,23,15,7,2,24],[23,11,7,3,4,12,15,19,10],[11,15,3,4,12,23,7,19,10],[19,11,23,7,3,12,4,15,10],[15,23,19,11,3,4,12,7,2,21,24],[15,11,19,23,7,3,4,12,10],[3,11,12,4,7,10],[11,19,3,4,12,7,15,23,2,24],[19,11,7,3,12,4,23,15,2,24],[19,7,11,23,3,4,12,15,2,24],[19,7,11,3,4,12,23,15,10],[23,7,19,3,11,12,4,15,2,24],[11,23,3,4,12,15,5,7,19,10],[11,23,19,15,3,12,4,7,10],[15,19,11,23,7,3,12,4,2,22,24],[7,11,3,4,12,19,15,23,10],[3,19,15,23,11,12,4,7,2,24],[11,7,15,3,12,4,19,23,2,24],[19,11,7,23,3,4,12,15,2,24],[7,3,15,11,12,4,23,19,10],[15,23,3,7,19,11,12,4,10],[23,15,3,11,4,12,19,7,10],[11,15,7,3,12,4,23,19,2,24],[11,3,12,4,15,23,7,19,10],[19,3,11,4,12,15,7,23,2,24],[15,3,7,19,11,12,4,23,2,24],[7,3,11,12,4,23,19,15,2,16,1,24],[11,3,4,12,19,23,7,15,10],[7,3,15,23,11,12,4,19,10],[15,19,3,11,4,12,23,7,2,24],[23,19,11,3,12,4,7,15,10],[19,23,11,7,3,4,12,15,2,24],[3,11,4,12,7,15,19,23,2,24],[23,3,11,4,12,7,19,15,10],[23,7,3,15,11,4,12,19,2,24],[11,3,12,4,23,7,19,15,24,10],[23,11,19,15,7,3,4,12,10],[15,23,7,3,19,11,4,12,10],[11,23,3,12,4,19,15,7,2,24],[19,11,3,12,4,8,15,23,2,7,24],[7,23,15,3,19,11,4,12,10],[3,7,11,12,4,19,15,23,2,17,24],[23,19,3,7,11,12,4,15,2,24],[19,3,7,15,11,12,4,23,10],[23,7,19,15,3,11,12,4,2,24],[15,7,23,19,3,11,4,12,2,24],[15,3,23,11,12,4,19,7,10],[3,7,23,19,15,11,12,4,10],[15,23,7,19,3,11,12,4,10],[11,7,15,19,23,3,4,12,2,24],[3,23,11,4,12,7,19,16,15,2,24],[3,7,23,15,19,11,12,4,2,24],[19,11,3,4,12,23,7,15,2,24],[15,7,11,23,3,4,12,19,10],[11,15,23,7,19,3,12,4,10],[3,23,15,7,19,11,12,4,2,24],[11,19,3,4,12,7,23,15,2,22,24],[3,23,15,7,11,12,4,19,2,24],[11,7,19,23,3,4,12,15,10],[23,19,15,3,11,12,4,7,10],[7,15,3,11,4,12,19,2,23,24],[7,19,15,23,11,3,12,4,10],[7,19,23,3,11,4,12,15,10],[11,23,7,15,3,12,4,19,10],[15,7,11,3,12,4,19,23,10],[3,7,15,19,23,11,12,4,10],[15,7,23,19,11,3,12,4,2,24],[7,23,3,19,15,11,4,12,10],[23,15,19,3,11,4,12,7,24,10],[15,3,11,4,12,19,7,23,2,24],[11,23,3,12,4,7,19,15,2,16,24],[15,23,7,3,19,11,4,12,2,24],[15,19,3,7,11,12,4,23,10],[3,11,4,12,19,23,8,15,7,2,21,24],[23,15,19,3,7,11,4,12,2,24],[11,3,4,12,19,23,15,7,2,24],[15,11,3,12,4,23,7,20,19,10],[15,7,23,11,3,4,12,19,2,24],[3,19,23,15,11,4,12,7,2,16,21,24],[11,7,23,15,19,3,4,12,2,24],[11,3,4,12,23,7,19,15,10],[19,11,23,15,7,3,12,4,2,18,16,20,10],[23,15,7,11,3,12,4,19,2,24],[15,11,7,23,3,12,4,19,10],[19,23,7,11,15,3,12,4,10],[3,7,19,23,15,11,4,12,10],[3,11,4,12,23,19,7,15,2,24],[3,15,11,4,12,7,20,19,23,10],[7,11,23,3,12,4,19,15,10],[7,11,23,15,19,3,4,12,24,2],[15,19,11,7,23,3,4,12,10],[11,7,3,4,12,23,15,19,10],[11,7,3,4,12,23,19,2,15,24],[3,11,4,12,23,19,15,7,10],[7,19,11,15,23,3,12,4,10],[15,23,19,11,3,4,12,7,2,5,24],[7,11,3,4,12,19,23,15,10],[7,3,19,15,23,11,12,4,10],[19,7,11,15,23,3,4,12,10],[23,7,3,19,15,11,12,4,2,24],[19,3,7,23,15,11,4,12,10],[3,11,4,12,23,7,19,15,10],[15,11,3,4,12,7,23,2,19,24],[23,19,15,7,11,3,4,12,10],[15,19,7,23,3,11,12,4,24,2],[11,19,23,15,3,12,4,7,2,24],[19,3,7,15,23,11,4,12,10],[3,11,12,4,23,7,15,19,2,24],[19,7,11,23,15,3,4,12,10],[23,7,3,11,4,12,19,15,10],[7,11,3,12,4,10,2,24],[15,7,11,19,3,4,12,23,10],[3,23,15,7,11,12,4,19,10],[19,3,15,11,4,12,2,23,7,24],[23,11,15,3,12,4,19,7,2,24],[23,7,11,19,3,12,4,15,10],[11,3,12,4,7,23,19,15,10],[19,15,23,7,11,3,4,12,2,24],[23,11,19,15,3,12,4,7,2,22,24],[3,7,19,23,11,4,12,15,10],[3,7,19,11,12,4,15,23,10],[19,23,7,11,3,4,12,15,10],[19,15,7,3,23,11,12,4,2,24],[7,15,23,19,3,11,4,12,2,24],[19,11,23,15,7,3,4,12,10],[19,15,3,11,4,12,7,23,2,24],[23,3,7,15,19,11,4,12,10],[19,15,7,11,23,3,12,4,10],[11,15,3,4,12,23,7,19,10],[11,23,7,3,4,12,15,19,10],[7,3,15,19,11,12,4,23,2,24],[19,7,3,11,4,12,23,15,24,2],[3,19,15,23,7,11,12,4,2,24],[11,3,4,12,19,15,7,23,2,16,24],[3,7,15,19,23,11,4,12,2,24],[15,3,7,19,23,11,12,4,10],[15,19,23,7,11,3,4,12,2,24],[15,19,23,11,3,12,4,7,2,16,24],[19,3,11,4,12,6,16,23,15,10],[11,7,23,3,12,4,15,19,2,24],[7,23,11,19,3,12,4,15,2,24],[15,7,11,19,23,3,4,12,10],[11,7,23,15,3,4,12,19,2,22,24],[23,7,15,3,19,11,4,12,2,24],[23,19,7,3,11,4,12,15,10],[11,3,12,4,19,2,15,7,23,24],[23,3,19,15,11,12,4,7,2,16,24],[7,23,11,19,3,12,4,15,10],[23,11,7,3,4,12,15,19,10],[3,23,11,12,4,10,20,19],[15,19,11,3,4,12,7,23,2,16,24],[15,11,19,23,3,12,4,7,2,24],[7,3,19,15,23,11,12,4,2,24],[7,15,23,19,3,11,12,4,2,14,16,21,24],[11,7,19,15,3,12,4,23,21,24,10],[11,19,15,7,23,3,4,12,10],[23,3,11,4,12,19,7,15,2,24],[19,11,15,3,4,12,7,23,2,16,24],[15,3,19,23,11,12,4,7,10],[23,19,7,15,11,3,4,12,2,24],[23,15,11,19,7,3,4,12,10],[15,19,3,23,11,4,12,8,2,7,24],[23,3,11,4,12,7,15,19,2,24],[11,7,15,19,23,3,12,4,10],[19,15,7,11,23,3,4,12,10],[7,15,23,19,3,11,4,12,2,22,24],[23,19,11,3,12,4,7,15,2,14,5,24],[23,3,15,7,11,4,12,19,10],[15,19,7,11,23,3,12,4,10],[3,15,11,12,4,19,23,7,2,16,24],[3,15,23,19,11,4,12,7,10],[23,11,3,4,12,19,7,15,2,24],[19,7,11,23,15,3,4,12,2,9,16],[19,23,15,3,11,4,12,7,10],[15,7,3,23,11,4,12,19,10],[23,19,11,3,4,12,7,15,10],[3,19,11,4,12,7,23,15,10],[3,11,12,4,15,19,7,23,2,16,24],[3,7,19,11,12,4,15,23,10],[23,15,3,11,4,12,7,19,2,24],[15,11,19,3,4,12,7,23,2,24],[19,11,15,3,4,12,7,23,10],[11,3,4,12,19,15,7,23,2,24],[7,11,15,3,12,4,2,23,19,24],[3,7,23,15,19,11,4,12,10],[19,3,11,12,4,23,15,7,10],[7,23,15,19,3,11,4,12,10],[23,11,3,4,12,2,7,19,15,16,24],[23,19,3,15,7,11,4,12,10],[3,15,11,12,4,19,23,7,2,24],[7,15,19,11,23,3,12,4,2,24],[15,11,3,12,4,7,23,19,2,22,24],[7,23,15,11,19,3,4,12,10],[23,19,3,15,7,11,12,4,2,24],[23,3,15,11,4,12,7,19,10],[19,7,11,23,3,12,4,15,10],[19,23,3,15,11,4,12,7,2,24],[7,3,15,23,11,12,4,19,2,24],[7,23,19,11,15,3,4,12,8,10],[19,3,23,7,11,4,12,15,2,24],[3,7,15,19,11,12,4,23,10],[23,3,15,7,19,11,4,12,2,24],[11,15,3,12,4,7,22,23,19,2,24],[15,11,23,3,12,4,19,7,10],[19,11,23,3,4,12,15,8,2,7,24],[23,15,19,11,3,4,12,7,10],[3,23,11,4,12,19,7,15,2,24],[3,7,11,12,4,19,23,15,10],[15,23,11,7,19,3,4,12,2,24],[3,19,11,12,4,15,23,7,2,24],[3,11,12,4,19,23,15,7,10],[7,3,11,4,12,19,15,23,24,10],[23,3,19,15,11,12,4,7,10],[3,19,23,11,4,12,15,7,2,24],[11,3,4,12,20,19,23,7,15,2,24],[11,3,4,12,23,7,15,19,10],[11,7,19,3,12,4,15,23,2,24],[15,11,19,3,4,12,7,23,10],[15,19,3,11,4,12,7,23,2,24],[11,19,7,15,23,3,4,12,2,24],[11,23,3,4,12,19,7,15,2,24],[19,15,7,11,23,3,12,4,10],[7,3,23,15,11,12,4,19,10],[19,11,3,12,4,15,7,23,10],[11,15,19,7,23,3,12,4,10],[3,11,4,12,15,7,23,19,10],[11,7,3,12,4,23,16,19,15,2,24],[7,19,15,11,23,3,4,12,2,16,24],[7,15,11,23,19,3,12,4,2,24],[23,19,3,7,15,11,12,4,10],[23,3,19,15,11,12,4,7,2,16,22],[11,7,15,19,3,12,4,23,2,24],[23,7,3,11,4,12,19,15,10],[3,15,7,23,11,4,12,19,2,24],[19,3,15,11,12,4,23,7,2,24],[15,11,23,3,4,12,19,7,10],[15,7,3,11,12,4,23,19,10],[15,19,23,3,11,4,12,7,10],[15,23,7,11,3,4,12,19,2,24],[23,3,11,4,12,15,19,7,2,21,24],[15,23,7,11,19,3,4,12,10],[15,7,19,11,23,3,12,4,10],[19,11,15,3,12,4,7,23,2,16,24],[15,23,19,7,3,11,4,12,2,24],[19,11,23,7,15,3,12,4,2,14,24],[7,3,23,15,11,4,12,19,2,24],[11,7,19,23,15,3,12,4,10],[11,19,15,7,3,4,12,23,2,24],[11,19,3,4,12,15,23,7,2,24],[15,3,7,19,11,12,4,23,10],[7,15,11,3,12,4,23,19,10],[7,15,11,19,3,12,4,23,2,24],[3,11,12,4,15,19,7,23,10],[23,11,7,15,19,3,4,12,2,13,24],[7,11,3,4,12,23,19,15,10],[11,19,15,7,23,3,4,12,10],[11,23,3,4,12,15,19,7,2,24],[19,7,15,23,3,11,12,4,2,16,24],[3,15,7,19,23,11,12,4,2,24],[3,23,15,19,7,11,12,4,10],[23,11,19,3,4,12,2,16,7,15,24],[11,3,12,4,15,23,7,20,19,10],[11,3,4,12,23,19,13,7,15,10],[3,7,23,15,11,4,12,19,10],[15,3,11,12,4,23,19,7,2,14,22,24],[11,23,15,19,3,4,12,7,2,22,24],[7,15,3,11,4,12,23,19,2,16,24],[19,23,15,7,3,11,12,4,10],[11,23,19,3,4,12,15,7,10],[23,15,19,11,3,4,12,7,2,24],[3,15,11,4,12,7,23,19,10],[3,15,11,12,4,7,19,23,10],[7,19,23,15,11,3,12,4,2,24],[11,23,3,4,12,19,15,7,2,16,10],[19,11,3,4,12,23,5,7,15,10],[3,19,11,4,12,15,23,7,10],[23,19,11,15,3,4,12,7,10],[7,23,15,3,19,11,12,4,10],[3,15,19,23,11,4,12,7,10],[23,3,11,4,12,7,19,15,2,13,24],[3,15,11,4,12,23,19,7,10],[19,11,23,7,3,4,12,15,2,24],[11,19,15,23,7,3,12,4,10],[3,15,11,12,4,19,7,23,24,2],[3,11,12,4,19,7,23,15,2,24],[7,15,11,23,3,12,4,19,10],[11,3,4,12,16,19,7,23,15,2,21,24],[15,11,7,23,19,3,4,12,2,24],[15,3,19,7,11,12,4,23,10],[7,3,23,11,4,12,15,19,2,24],[19,15,23,7,3,11,12,4,10]],"n_human":16}