{"problem_id":"yoyhl91pTYesiMP","sigma":150,"alpha":1.000,"cost":0,"probabilities":"[0.18, 0.27, 0.18, 0.37]","payoff_matrix":"[[58, 73, -35, 37, 11, 52], [-14, 45, -114, -87, -59, 57], [-100, 222, -15, 39, 76, -39], [4, 108, 222, 99, 73, -26]]","uncovered":[[16,20,18,8,6,14,24,4,12,10,5,11,9,7,2,22,1,13,19,15,23,21,3,17],[8,24,4,12,6,10,5,11,16,14,20,18,9,7,2,22,15,17,21,3,13,1,19,23],[4,24,20,8,18,12,10,6,5,9,16,14,11,7,2,23,19,15,21,13,1,3,22,17],[24,4,12,20,16,10,14,18,8,6,5,11,7,3,21,9,22,1,23,13,17,19,2,15],[12,8,6,10,7,4,20,24,16,14,18,9,2,11,22,5,15,23,3,19,13,17],[8,12,6,10,9,5,16,14,4,20,24,18,11,7,3,22,1,17,15,23,19,2,13,21],[12,20,16,10,14,18,4,24,8,6,9,7,2,22,5,21,11,13,3,17,15,1,19,23],[4,20,16,18,24,12,14,8,6,10,11,7,2,5,21,22,9,19,13,23,15,3,17,1],[24,12,8,10,6,11,7,4,20,16,14,18,2,5,23,9,15,19,22,3,1,13,17],[4,12,8,10,6,5,9,20,16,14,24,18,7,2,23,11,19,21,22,1,13,17,15,3],[24,20,8,18,12,6,10,9,5,16,14,4,11,7,1,2,21,22,19,13,17,15,3],[12,16,10,14,8,6,7,24,4,20,18,9,2,11,22,5,15,23,19,3,1,17,13,21],[24,8,20,18,16,6,14,4,12,10,11,5,7,2,23,9,13,22,17,15,1],[20,8,6,18,16,14,4,24,12,10,9,7,2,22,5,11,17,15,1,21,3,23,19],[16,24,20,18,8,14,4,12,10,6,9,7,2,11,23,5,13,21,3,19,17,22,15,1],[16,12,10,14,8,6,5,11,20,24,4,18,7,3,21,22,9,1,13,17,2,15,19],[16,20,14,12,24,8,6,10,7,4,18,11,2,9,22,5,15,21,17,19,1],[16,12,10,14,4,8,6,7,24,20,18,9,2,22,5,11,21,19,13,17,23,15,3],[24,16,20,14,12,4,8,6,10,9,5,18,11,7,2,21,23,15,1,17,22,3,19,13],[24,8,12,6,10,7,16,14,4,20,18,9,1,2,11,22,5,17,15,13,23,19],[20,4,24,12,16,14,8,10,6,5,11,18,9,7,2,22,1,17,13,23,19],[20,4,12,24,16,10,14,18,8,6,7,9,2,22,5,21,11,13,17,3,1,19,23],[16,12,14,24,4,8,6,10,9,5,20,18,11,7,2,23,17,22,15,13,21,3],[20,24,4,12,16,10,14,18,8,6,9,5,7,3,22,11,13,1,17,21,2,19,15,23],[16,4,12,14,20,8,10,6,11,5,24,18,7,2,22,9,17,23,13,3,1],[16,24,12,14,4,8,10,6,11,7,20,18,2,5,23,9,22,13,15,19,1,21,17,3],[20,16,14,24,4,8,18,12,6,10,11,7,2,9,21,22,5,1,13,19,3,23,17],[12,20,16,14,8,6,10,11,7,24,4,18,2,5,22,9,13,21,3,17,15,1,23],[20,8,18,12,6,10,11,5,16,14,24,4,7,1,2,22,9,15,3,21,19,23,13,17],[16,20,14,4,24,8,18,12,10,6,11,5,9,7,1,3,21,22,15,19,2,13,23,17],[12,8,10,6,7,20,4,24,16,14,18,9,2,11,21,22,5,15,13,3,1,17,19],[24,4,16,20,18,12,14,8,6,10,5,11,9,7,2,23,21,19,22,13,1,17,15,3],[24,20,8,18,16,14,4,12,6,10,5,9,11,7,2,23,17,1,21,15,22,19,13],[12,4,20,16,10,14,18,8,6,7,24,9,2,22,11,5,15,19,21,1,23,17,3],[24,4,20,8,18,16,14,12,10,6,9,7,2,22,11,5,23,15,17,13,21,3,1],[24,20,4,8,6,18,16,14,12,10,11,7,2,9,23,5,15,17,13,22,1,3],[12,20,4,8,10,6,5,11,24,16,14,18,9,7,3,22,1,17,13,21,2],[12,16,14,4,8,10,6,7,24,20,18,11,2,9,23,5,17,1,3,22,19,15,21,13],[20,12,8,6,10,5,9,16,14,4,24,18,7,3,21,22,11,2,15,19,1,23,13,17],[12,20,8,6,10,11,5,4,16,14,24,18,7,3,21,22,9,17,15,1,2,23,13],[4,12,16,10,14,20,18,8,6,7,24,9,2,22,11,5,19,1,21,17,15,3,23,13],[24,8,12,10,6,11,7,16,14,4,20,18,2,9,22,5,15,17,3,21,13,23,1],[12,16,14,8,10,6,5,9,4,24,20,18,11,7,3,21,1,22,15,19,2,23,17],[8,20,6,18,24,16,14,12,10,7,4,9,2,5,22,11,19,21,23,15,1,13,17],[16,24,12,14,8,6,10,7,20,4,18,11,2,9,23,5,1,13,15,17,22,19,21],[20,8,18,4,12,6,10,5,9,16,14,24,11,7,2,22,23,15,1,21,19,13,3],[4,16,8,6,14,24,12,10,9,7,20,18,1,2,23,5,21,11,15,19,22,13,3,17],[8,16,6,14,24,4,20,18,12,10,11,7,2,5,23,9,15,22,13,17,1,3,19,21],[16,4,20,18,12,14,24,8,10,6,9,5,7,3,22,1,11,21,23,2,13,19,17,15],[4,24,8,20,18,12,6,10,5,9,16,14,11,7,2,23,22,13,17,1,3],[20,8,18,24,16,6,14,12,10,11,5,4,7,2,23,9,15,22,19,17,1,21,13],[4,8,24,16,6,14,12,10,11,7,20,18,2,5,23,9,15,17,21,22,1,19,13],[24,8,4,16,6,14,12,10,9,7,20,18,2,22,11,5,13,17,23,21,3],[24,20,8,18,4,16,6,14,12,10,11,5,9,7,1,2,21,23,15,13,17,22],[16,20,18,4,24,12,10,14,8,6,9,5,11,7,3,22,2,13,23,19,17,21,15,1],[8,20,6,18,4,16,14,12,10,5,11,24,7,1,2,22,9,13,17,21,19,15,3],[4,8,20,18,16,6,14,12,10,9,5,24,11,7,3,22,1,2,19,23,13,15,21,17],[4,16,12,10,14,24,8,6,7,20,18,11,2,9,22,5,15,3,17,21,19,23,13],[12,8,6,10,5,9,4,20,24,16,14,18,11,7,2,22,21,17,3,19,15,13],[12,24,4,8,10,6,7,20,16,14,18,11,2,9,21,22,5,17,15,19,3,13,1],[16,24,8,6,14,4,20,18,12,10,5,11,7,2,9,22,15,1,19,3,17,21,23,13],[12,16,14,24,8,10,6,5,11,20,4,18,9,7,2,22,13,15,19,17,23],[4,16,20,14,8,18,12,10,6,11,7,24,2,9,22,5,15,23,19,21,17,1,13,3],[4,8,16,6,14,20,18,12,10,7,24,9,2,22,5,13,11,19,21,23,1,17,3],[8,4,24,16,14,12,10,6,5,11,20,18,7,2,21,22,9,13,19,15,1,23,17],[4,16,8,6,14,24,12,10,11,5,20,18,9,7,1,22,2,15,17,3,21,19,23,13],[4,8,20,18,12,6,10,5,11,16,14,24,9,7,2,23,15,22,19,3],[20,8,18,4,12,6,10,11,5,16,14,24,9,7,1,2,22,15,19,21,3,17,13],[24,4,20,8,6,18,16,14,12,10,5,9,7,2,23,11,15,22,19,13,1,3],[8,24,12,10,6,11,7,4,20,16,14,18,3,5,22,9,13,2,19,23,17,15,21,1],[20,12,24,8,10,6,11,5,16,14,4,18,9,7,2,21,22,13,1,17,19,15,3,23],[20,8,18,16,14,24,12,10,6,5,9,4,11,7,2,22,15,19,21,3,17,13],[20,16,18,8,6,14,24,12,10,11,7,4,2,5,21,9,22,3,17,15,19,23,1],[12,16,10,14,24,20,18,4,8,6,5,11,9,7,2,23,13,17,22,19,3],[8,12,6,10,9,5,4,24,16,14,20,18,11,7,2,22,17,13,23,21,19,3,15],[20,12,16,14,8,10,6,9,5,4,24,18,11,7,2,21,22,17,15,13,3,23,19,1],[4,24,12,8,10,6,11,5,16,14,20,18,9,7,1,3,21,22,15,13,17,2],[4,24,20,8,6,18,12,10,5,9,16,14,7,2,21,22,11,19,3,23,1,13,17,15],[20,12,4,8,10,6,7,24,16,14,18,9,2,5,22,11,23,13,19,3,17,21,1,15],[20,8,6,18,16,14,12,10,9,7,4,24,2,22,5,11,19,13,21,3,23,15,1],[16,8,14,4,12,6,10,7,24,20,18,11,2,9,5,23,22,15,17,13,3],[8,12,10,6,11,5,20,4,16,14,24,18,7,2,23,9,1,19,15,21,13,22],[12,16,10,14,24,20,18,4,8,6,5,11,7,2,21,9,22,17,15,13,23,3,1,19],[12,8,6,10,5,9,4,24,16,14,20,18,11,7,2,21,23,15,17,3,22,19,1,13],[4,16,8,6,14,20,18,12,10,5,11,24,9,7,3,22,15,23,17,1,13,19,2,21],[4,12,16,10,14,24,8,6,5,11,20,18,9,7,2,21,22,13,19,3,17,1,23,15],[12,24,8,10,6,7,4,20,16,14,18,9,1,2,5,21,22,13,11,17,3,19,23,15],[4,8,24,16,14,20,18,12,6,10,7,11,2,9,22,5,15,19,3,23,17,13,21],[8,4,24,16,14,20,18,12,10,6,5,11,9,7,2,22,15,21,19,1,13,23],[4,24,16,20,18,12,10,14,8,6,11,7,2,9,22,5,13,21,19,3,15,1,17,23],[16,20,18,8,14,4,24,12,10,6,7,9,2,22,5,11,23,17,15,13,3],[8,24,16,14,12,10,6,9,5,20,4,18,7,1,2,21,22,11,15,23,13,17,19,3],[24,8,20,6,18,12,10,9,7,4,16,14,2,5,21,22,15,3,11,19,23,1,17],[20,12,4,24,8,6,10,11,5,16,14,18,7,2,22,9,17,13,1,3,23,19,21,15],[4,24,8,16,6,14,20,18,12,10,11,5,9,7,2,21,22,15,19,17,3,1],[16,20,14,24,12,4,8,6,10,9,5,18,7,2,23,11,15,21,19,17,1,22,13],[4,24,12,8,6,10,7,16,14,20,18,11,2,5,23,9,21,13,15,3,17,22],[24,8,16,14,4,20,6,18,12,10,11,5,7,2,22,9,13,17,3,15,21,19,23,1],[20,16,18,24,4,8,14,12,6,10,11,5,7,2,22,9,23,17,19,15,13,3,1],[12,20,8,6,10,5,11,16,14,4,24,18,7,2,22,9,13,23,3,17],[8,24,12,10,6,5,9,20,16,14,4,18,7,2,15,22,21,11,17,3,13,1,23,19],[16,20,18,4,24,8,6,14,12,10,11,7,2,5,21,9,22,13,17,3,23,19,15],[24,8,4,16,6,14,12,10,9,5,20,18,7,2,22,11,23,21,13,17,15,3,1,19],[12,16,14,24,4,20,8,10,6,5,9,18,7,2,21,22,11,15,19,23,17,13,1,3],[4,16,24,8,6,14,12,10,9,5,20,18,7,1,2,22,11,17,15,23,13,21,3,19],[4,8,24,12,6,10,11,5,20,16,14,18,9,7,2,22,15,17,1,19,23,21],[8,12,10,6,7,16,14,4,20,24,18,9,2,22,5,11,13,1,19,21,15],[4,20,16,14,24,12,8,6,10,11,5,18,9,7,2,22,15,21,19,23,17,3],[20,12,24,4,16,14,8,10,6,9,7,18,2,21,5,23,11,15,19,3,22],[4,12,24,20,16,10,14,18,8,6,5,9,11,7,2,23,15,13,1,21,19,22,3,17],[20,4,12,16,14,24,8,10,6,7,18,9,2,11,22,5,15,17,23,3,13,19],[20,12,24,8,10,6,7,4,16,14,18,9,2,21,11,22,5,23,13,19,15,1,17,3],[8,20,18,12,6,10,11,7,16,14,4,24,2,5,22,9,23,17,15,1,21,13,19,3],[24,20,4,8,18,12,10,6,7,16,14,9,2,22,5,19,11,1,3,21,13,17,15,23],[4,20,24,12,8,6,10,9,7,16,14,18,3,23,5,11,1,17,15,2,22,13,19,21],[4,24,20,8,6,18,16,14,12,10,11,7,2,5,9,21,22,15,23,3,17,1,13],[4,24,16,12,14,20,8,6,10,9,5,18,7,2,22,11,13,17,1,19,21,15,23,3],[8,20,18,4,12,6,10,11,7,16,14,24,3,5,21,22,9,1,17,13,15,2,19,23],[8,4,16,6,14,12,10,11,7,20,24,18,2,5,23,9,3,19,15,17,22,13,1],[4,20,24,8,6,18,16,14,12,10,7,9,2,5,23,11,15,22,17,13,21,1,3],[4,8,24,12,10,6,9,5,16,14,20,18,7,3,23,2,11,17,22,15],[12,20,8,10,6,11,7,4,24,16,14,18,2,5,22,9,13,23,19,21,1,17,3,15],[24,12,16,10,14,20,18,8,6,9,7,4,2,23,11,5,3,13,19,22,1,15,17],[4,8,16,6,14,12,10,11,7,24,20,18,2,9,22,5,19,13,1,3,17,23,21],[8,4,20,6,18,24,12,10,11,7,16,14,2,9,5,23,19,21,22,15,3,13],[4,8,16,14,20,18,12,10,6,11,7,24,2,9,22,5,13,17,21,23,1,15,19,3],[20,8,18,4,24,12,6,10,11,5,16,14,9,7,3,23,15,2,17,21,1,22],[24,20,12,4,16,14,8,6,10,11,7,18,2,9,22,5,13,19,15,17,3,1,23,21],[4,20,24,12,16,10,14,18,8,6,7,11,2,5,21,9,22,19,13,15,1,3,17,23],[4,12,20,16,10,14,18,24,8,6,9,5,11,7,3,22,17,13,2,21,19,1,23,15],[16,12,14,4,24,8,6,10,9,7,20,18,2,11,21,22,5,15,23,13,19,17,3],[8,24,4,12,10,6,9,5,16,14,20,18,11,7,3,22,17,13,21,2,19,1,15,23],[4,24,20,16,18,8,14,12,10,6,9,7,2,5,21,22,11,13,17,1,3,19,15],[20,8,6,18,16,14,24,12,10,9,5,4,7,3,23,13,17,22,11,21,2,15,19],[24,20,16,18,4,12,14,8,6,10,11,7,2,5,22,9,13,21,3,17],[4,16,20,14,24,8,18,12,10,6,5,11,7,2,22,9,17,23,13,15,3,21,19],[12,24,8,6,10,7,16,14,4,20,18,11,2,9,21,22,5,15,17,1,3,23,19],[4,24,12,8,6,10,5,11,20,16,14,18,7,2,9,23,22,19,15,3,17,1],[24,4,20,12,8,10,6,9,7,16,14,18,2,22,5,11,21,13,3,1,17,19],[16,4,20,18,8,6,14,24,12,10,11,5,9,7,1,2,21,22,19,13,17,15,3],[12,8,6,10,7,16,14,4,20,24,18,11,1,2,5,23,9,15,22,13,17,3,21,19],[24,12,4,20,16,14,8,6,10,5,9,18,11,7,2,22,19,13,15,21,17,3],[16,8,6,14,12,10,9,5,4,20,24,18,11,7,3,21,22,1,2,17,15,19,13],[12,20,8,6,10,7,16,14,4,24,18,11,2,5,9,21,23,13,19,1,22],[20,16,14,12,4,24,8,6,10,11,5,18,7,1,2,21,22,9,13,17,3,23,15,19],[20,24,12,16,14,4,8,6,10,9,7,18,2,23,5,13,11,17,22,21,15,3,19],[8,4,16,6,14,20,18,24,12,10,11,5,9,7,2,23,17,22,13,15,19,3,21],[16,4,24,8,14,12,6,10,9,7,20,18,2,22,11,5,15,1,19,21,13,3,17,23],[16,4,12,10,14,24,8,6,5,11,20,18,9,7,2,23,22,15,17,1,21,19,3],[16,8,6,14,4,24,12,10,7,20,18,11,2,9,22,5,19,13,21,1,3,17,15,23],[24,20,16,18,8,14,4,12,6,10,11,7,3,5,23,9,15,2,21,13,19,1,22,17],[12,4,24,20,8,10,6,5,11,16,14,18,7,1,21,2,9,22,17,19,15,13],[24,16,12,10,14,20,18,8,6,5,11,4,7,1,2,21,23,9,19,13,22,3,15],[12,8,6,10,11,5,4,24,16,14,20,18,7,2,23,21,9,13,17,15,22,3],[20,4,16,18,24,12,10,14,8,6,11,7,2,9,21,22,5,13,3,19,15],[8,20,18,4,16,6,14,24,12,10,7,9,2,22,11,5,23,15,17,13,1],[12,4,24,20,16,14,8,6,10,5,9,18,11,7,2,23,13,17,22,15,19,21,1],[8,16,6,14,12,10,9,7,20,4,24,18,2,5,21,22,11,1,17,15],[4,8,12,6,10,5,9,20,16,14,24,18,11,7,2,21,22,13,3,17,15,1,23,19],[8,16,6,14,20,18,24,4,12,10,7,9,1,2,11,21,22,5,19,15,17,3,13,23],[16,8,14,12,6,10,7,24,4,20,18,9,2,22,5,11,13,19,23,17,3],[24,4,20,12,16,10,14,18,8,6,5,9,7,2,23,22,11,13,3,15,17,19,1],[16,4,20,14,8,18,24,12,6,10,9,7,2,22,11,5,17,15,13,23,19,1,3],[24,8,12,6,10,11,7,16,14,4,20,18,2,9,21,22,5,15,19,23,3,1,17],[20,24,4,8,18,12,6,10,9,5,16,14,11,7,2,23,22,17,19,15,3],[16,24,12,10,14,4,20,18,8,6,11,7,2,9,22,5,3,15,17,23,21,13,19],[24,16,4,20,18,12,10,14,8,6,5,11,7,2,22,9,19,1,13,21,17],[12,24,4,8,6,10,5,11,16,14,20,18,9,7,1,2,22,13,21,3,15,23,19,17],[20,8,6,18,16,14,24,12,10,7,4,11,2,9,22,5,15,17,19,23,1,21,13,3],[8,20,6,18,12,10,5,9,24,16,14,4,7,2,22,11,15,23,1,19,17],[12,24,4,16,14,20,8,10,6,9,5,18,11,7,2,23,21,13,17,15,3,19,22],[24,12,20,16,10,14,18,8,6,9,5,4,11,7,2,23,21,22,19,15,3,1,17,13],[24,8,12,6,10,7,16,14,4,20,18,11,2,5,21,9,22,19,15,23,1,17,13,3],[16,12,10,14,24,4,8,6,7,20,18,9,2,5,22,11,23,17,15,1,13,21,3],[8,4,16,14,12,10,6,7,20,24,18,11,2,9,22,5,21,17,13,19,3,23,15],[16,12,10,14,24,20,18,8,6,11,5,4,9,7,2,21,22,13,17,23,15,19,1],[12,4,16,10,14,8,6,11,7,24,20,18,2,9,22,5,19,15,21,23,17,3,13],[20,24,12,16,14,4,8,6,10,7,18,11,3,9,23,5,15,1,22,17,21,19,2],[12,24,16,10,14,20,18,8,6,11,5,4,7,2,21,9,22,15,1,13,19,3,17,23],[8,4,20,18,24,12,10,6,5,11,16,14,7,2,9,23,3,13,17,21,15,22,1,19],[12,16,14,24,20,8,6,10,7,4,18,11,3,5,23,15,9,2,19,22,17,21,1],[20,4,16,14,8,6,18,12,10,7,24,11,2,9,22,5,15,17,21,1,23],[4,16,24,12,14,20,8,10,6,5,9,18,11,7,2,22,15,17,23,19,13,1,21,3],[8,16,14,12,10,6,7,4,20,24,18,11,2,5,9,21,23,13,22,17,1,3,15],[4,12,24,16,10,14,8,6,11,7,20,18,2,5,23,9,21,15,22,17,3,19,13],[12,20,16,10,14,18,8,6,7,24,4,11,2,5,22,9,15,19,21,23,3,13,17],[8,16,6,14,4,12,10,5,11,20,24,18,7,3,23,9,19,15,21,1,22,2,17,13],[12,16,14,20,8,10,6,7,24,4,18,9,2,5,22,17,11,3,23,13,21],[24,4,12,16,10,14,20,18,8,6,7,11,2,5,22,9,15,1,23,19,21,17,3,13],[16,12,14,4,24,20,8,6,10,7,18,9,2,21,5,19,22,11,15,1,3,23,13,17],[20,8,6,18,4,16,14,24,12,10,9,5,7,2,21,11,22,15,19,1,17,13],[20,4,12,16,14,24,8,6,10,7,18,9,2,22,5,11,17,15,21,3,19,1,13,23],[24,8,16,14,12,6,10,11,5,4,20,18,9,7,2,21,22,19,15,23,3,13,1,17],[12,4,8,6,10,5,9,24,20,16,14,18,7,3,21,23,11,19,2,15,17,22,13,1],[20,24,8,6,18,4,12,10,5,11,16,14,7,3,22,9,13,2,19,23,17,21,15,1],[20,8,6,18,24,16,14,12,10,11,7,4,2,9,22,5,21,15,17,13,23,1,3],[8,12,10,6,11,7,16,14,4,24,20,18,2,5,21,9,22,15,19,1,13,17],[12,8,6,10,7,16,14,4,20,24,18,11,3,5,21,9,23,2,13,17,22,19],[8,4,20,6,18,16,14,24,12,10,9,7,2,22,11,5,13,17,21,1,19,3],[12,20,4,24,8,10,6,5,11,16,14,18,9,7,1,2,23,19,13,21,15,3,22,17],[4,8,24,12,6,10,9,7,16,14,20,18,2,11,22,5,19,21,17,15,13,1,23,3],[24,20,8,18,12,6,10,11,5,16,14,4,7,1,3,22,9,13,15,19,21,17,2],[12,4,20,8,10,6,7,24,16,14,18,11,2,5,21,9,22,17,23,15,1],[24,20,8,6,18,4,16,14,12,10,7,9,2,5,23,11,15,21,19,1,13,22],[12,16,14,4,8,6,10,9,5,20,24,18,11,7,3,21,17,22,2,13,15,23,19,1],[16,24,8,6,14,4,20,18,12,10,9,5,11,7,2,21,22,13,19,3,23,1,17,15],[8,24,16,6,14,4,20,18,12,10,5,9,7,2,23,11,15,22,13,17,19,21,1,3],[20,4,12,8,6,10,7,16,14,24,18,9,3,11,23,5,13,1,17,22,15,21,2,19],[12,20,8,6,10,9,7,24,16,14,4,18,2,23,11,5,1,17,13,22,15,19],[8,24,12,10,6,9,5,20,16,14,4,18,11,7,1,2,23,13,17,22,19,21,15],[12,20,16,14,8,6,10,11,5,4,24,18,9,7,2,21,23,13,19,1,22,17,3,15],[20,12,8,6,10,5,9,4,24,16,14,18,7,1,22,2,11,13,15,17,21],[20,16,14,8,6,18,12,10,9,7,24,4,2,11,22,5,17,3,23,15,19],[8,4,20,6,18,16,14,12,10,5,9,24,11,7,1,2,22,15,17,23,19,21,3],[4,20,8,18,24,12,10,6,11,5,16,14,7,3,22,9,17,13,2,23],[24,4,20,8,6,18,12,10,7,16,14,9,3,22,5,17,11,2,13,21,19,23,1],[24,16,4,8,6,14,12,10,7,20,18,11,2,5,23,9,19,21,15,13,22,3,1,17],[20,16,14,12,4,24,8,10,6,9,5,18,7,2,22,13,11,19,15,17,23,1,3,21],[4,20,8,6,18,24,16,14,12,10,9,5,11,7,2,21,22,15,17,1,3,23,19,13],[8,12,10,6,11,7,4,20,24,16,14,18,2,9,21,23,5,13,19,22,3,17],[20,24,8,18,4,16,14,12,6,10,7,11,2,5,22,9,17,13,1,23,3,15,19,21],[20,8,18,4,12,6,10,9,7,16,14,24,2,5,22,11,17,13,23,1,3,19,21],[8,4,16,14,12,10,6,9,5,20,24,18,11,7,2,22,3,13,21,17,23,19,1,15],[24,12,20,16,14,8,6,10,11,7,4,18,3,5,23,9,21,22,19,2,13,17,1,15],[12,24,16,14,8,10,6,11,7,4,20,18,2,9,22,5,19,3,15,21,13,23,1],[16,20,18,4,8,6,14,24,12,10,7,11,2,5,22,9,19,13,23,3,21,15,17],[8,24,12,6,10,11,7,4,16,14,20,18,2,9,22,5,21,17,15,3,23,13],[8,4,24,16,14,20,6,18,12,10,9,7,2,22,5,17,11,13,3,21,15,23,1,19],[8,4,24,16,14,20,18,12,6,10,5,9,7,2,21,22,11,17,13,3],[20,8,18,16,6,14,4,12,10,11,7,24,3,9,22,5,2,19,15,21,1,13,23,17],[12,20,16,14,8,10,6,5,11,24,4,18,7,2,21,9,23,22,17,13,19,15,1],[24,4,16,20,14,8,18,12,10,6,5,11,7,2,22,9,1,23,15,19,3,13,21,17],[8,12,6,10,9,7,24,4,20,16,14,18,2,21,5,11,23,22,19,13,17,3,1,15],[4,20,16,18,24,12,14,8,6,10,7,9,2,22,5,11,19,15,1,17,21,23,3],[8,4,16,14,12,10,6,9,7,20,24,18,2,22,5,13,11,19,21,3,17,1,15,23],[20,16,14,24,12,4,8,6,10,11,5,18,7,1,2,22,9,19,13,23,21,15],[16,8,6,14,4,12,10,5,11,24,20,18,9,7,3,23,17,21,13,1,22,15,2,19],[8,16,14,12,10,6,11,5,4,24,20,18,7,1,2,23,9,15,19,21,17,22,13],[24,12,4,16,10,14,20,18,8,6,5,9,7,1,2,22,11,3,13,23,17],[12,24,8,6,10,5,11,4,16,14,20,18,9,7,2,22,13,17,21,1,23],[20,4,12,8,10,6,7,24,16,14,18,9,1,2,11,22,5,19,13,23,21,15,17],[20,4,8,18,16,14,12,10,6,9,5,24,7,2,22,15,23,11,19,21,17,1,13],[24,8,16,14,12,6,10,7,4,20,18,11,2,5,23,9,22,15,17,21,1,19,3,13],[16,24,8,14,4,20,18,12,10,6,11,5,7,2,22,9,15,21,17,1,23,13,3,19],[16,12,10,14,4,20,18,24,8,6,7,9,2,11,23,5,21,1,13,22,19,17,15,3],[12,4,24,8,6,10,5,9,16,14,20,18,7,1,2,21,22,15,11,19,3,17,13],[4,8,20,6,18,12,10,9,7,24,16,14,2,22,11,5,13,1,17,21,19,15,23,3],[20,16,14,8,6,18,24,4,12,10,9,5,11,7,2,21,22,3,15,23,17,19,1],[4,24,8,12,10,6,7,16,14,20,18,9,1,2,11,23,5,13,17,21,22,3,15],[4,8,24,20,6,18,16,14,12,10,9,5,7,1,2,21,22,11,13,17,15,3],[4,12,20,24,8,10,6,7,16,14,18,9,2,21,11,22,5,17,15,1,13,19,3,23],[16,4,20,18,8,14,12,10,6,9,7,24,2,22,11,5,21,13,19,15,1,3,17,23],[16,20,18,4,8,14,24,12,10,6,11,5,7,1,2,23,9,19,21,13,3,15,22,17],[24,4,20,12,16,14,8,6,10,5,11,18,9,7,2,22,15,1,23,19,13,21,17],[4,20,8,6,18,12,10,11,5,16,14,24,9,7,3,23,15,2,17,22,19,1,13,21],[4,24,8,12,6,10,5,9,20,16,14,18,11,7,3,22,23,2,17,15,21],[20,24,12,4,16,10,14,18,8,6,9,5,11,7,2,22,17,23,13,3,21],[20,16,14,24,8,18,12,10,6,11,5,4,7,3,22,9,13,1,21,17,15,19,2],[20,24,16,14,4,8,18,12,10,6,7,9,2,22,11,5,23,17,13,15,1,3,21],[24,8,20,18,12,10,6,5,9,16,14,4,7,2,21,22,15,11,19,17,1,3],[8,12,6,10,9,5,24,20,16,14,4,18,7,2,22,11,15,1,21,19,13,3,23,17],[8,20,18,24,16,14,12,10,6,7,4,9,2,5,21,22,13,11,19,1,23],[12,4,16,14,8,6,10,11,5,20,24,18,7,2,21,23,9,19,15,22,3,17],[12,8,10,6,7,4,16,14,24,20,18,11,2,5,22,9,17,23,13,3,15,21],[4,20,24,16,14,12,8,6,10,11,5,18,7,2,23,9,19,15,3,21,22,17,1],[16,24,8,14,20,6,18,4,12,10,7,9,2,22,5,15,11,17,1,19,23,13,3,21],[20,12,16,14,8,6,10,11,5,4,24,18,7,2,23,9,19,13,15,1,22,21,17,3],[20,16,18,24,12,14,8,10,6,9,5,4,7,1,3,23,11,21,15,22,17,2,13],[20,24,16,18,8,6,14,4,12,10,7,9,2,21,5,22,15,11,19,13,17,1,23,3],[8,16,14,24,20,6,18,4,12,10,9,5,7,1,2,23,22,11,19,15,17,3],[16,20,18,8,6,14,24,4,12,10,11,7,3,5,22,9,21,2,19,15,23,17],[8,16,6,14,24,20,18,4,12,10,7,9,2,5,21,23,11,22,15,19,1,3,17],[8,16,14,12,6,10,5,11,20,4,24,18,7,2,21,9,22,19,15,23,13,17,1],[8,24,4,12,10,6,7,16,14,20,18,9,2,11,22,5,13,1,17,23,19,3],[16,24,20,18,4,8,6,14,12,10,5,9,11,7,1,2,23,22,13,15,17,19],[4,16,24,20,18,8,14,12,10,6,9,7,2,22,5,11,15,21,1,17,23,3,13,19],[16,8,14,4,12,6,10,9,7,24,20,18,2,22,5,13,21,11,15,23,19,3,17,1],[24,20,16,14,12,8,6,10,7,4,18,11,2,9,22,5,19,15,23,21,3,17,1,13],[16,8,14,12,6,10,9,7,24,4,20,18,2,11,21,22,5,15,19,3,13,23,17,1],[12,8,10,6,7,20,24,16,14,4,18,11,2,5,22,9,23,19,15,17,1,3],[24,4,8,16,6,14,12,10,5,9,20,18,11,7,2,22,13,15,3,21,19,1,17],[8,4,20,6,18,24,16,14,12,10,7,11,2,9,22,5,17,13,1,23,15,21,19,3],[4,8,12,10,6,11,5,24,20,16,14,18,9,7,2,22,13,17,23,15,1,19],[8,12,10,6,9,5,24,16,14,20,4,18,7,1,2,23,11,15,21,13,19,22,3],[8,20,18,24,16,6,14,4,12,10,9,7,2,22,5,11,13,17,1,21,15,19],[4,8,24,12,10,6,9,5,20,16,14,18,11,7,2,23,22,15,19,17,1,3,21,13],[24,4,12,16,14,8,10,6,5,11,20,18,9,7,2,21,23,22,13,17,15,3,19],[4,16,20,18,12,10,14,24,8,6,9,5,7,3,23,19,22,11,1,13,2,17],[20,24,16,14,8,18,4,12,10,6,7,11,2,9,23,5,22,13,17,1,3,15],[16,8,6,14,12,10,9,7,4,20,24,18,2,5,21,11,22,15,17,19,3,13,1,23],[16,8,14,24,4,12,6,10,9,7,20,18,2,22,11,5,17,13,3,23],[20,12,8,6,10,9,7,16,14,24,4,18,1,2,11,23,5,22,17,13,19,21,3],[16,12,14,4,8,6,10,7,20,24,18,9,2,5,22,11,23,15,17,13,3,21],[8,4,24,16,14,12,10,6,7,20,18,11,2,9,21,5,23,22,13,19,17,15,3],[20,16,14,8,6,18,4,24,12,10,9,5,11,7,3,22,1,15,2,19,21,23,13],[12,8,10,6,7,4,16,14,20,24,18,9,2,5,21,22,17,11,13,15,3],[16,20,14,8,6,18,24,12,10,9,5,4,7,1,2,22,11,17,23,15],[8,24,16,6,14,4,12,10,7,20,18,11,2,5,21,23,9,15,22,17,1,3,13],[12,24,16,14,20,4,8,6,10,5,9,18,7,2,22,13,11,3,17,15,21,19,23,1],[24,12,20,16,10,14,18,4,8,6,9,7,2,22,11,5,17,15,23,19,21,3,13,1],[16,20,14,24,4,12,8,10,6,7,18,11,2,9,22,5,19,13,17,23,1,21,15],[8,12,6,10,7,16,14,20,4,24,18,11,2,5,21,23,9,15,19,1,3,13,22],[20,4,16,14,8,18,12,10,6,7,24,11,2,5,9,22,15,13,17,21,19,23],[8,16,6,14,12,10,9,5,24,4,20,18,11,7,3,22,17,2,15,23,19,1],[12,4,8,10,6,11,7,24,20,16,14,18,2,5,22,9,17,19,13,23,15,3],[4,16,20,14,24,8,6,18,12,10,5,9,11,7,2,21,22,13,1,17,23,19,15,3],[20,16,14,12,24,4,8,10,6,9,7,18,2,22,5,11,21,15,13,19,3,1,23,17],[8,16,14,24,20,6,18,4,12,10,11,5,9,7,3,22,19,1,17,15,23,2,21,13],[4,20,8,18,12,10,6,5,11,16,14,24,7,3,22,9,23,15,2,17,21,19],[20,4,24,12,16,14,8,6,10,7,18,9,2,11,21,22,5,19,15,17,1,13,3],[4,8,16,14,12,6,10,7,24,20,18,9,2,11,22,5,1,21,13,19],[12,8,10,6,5,11,4,20,24,16,14,18,9,7,1,2,21,22,19,15,23,3,17,13],[24,12,4,16,10,14,20,18,8,6,5,11,9,7,2,22,13,17,1,15,3,23,19],[16,8,14,24,12,10,6,9,5,20,4,18,11,7,2,21,22,13,1,19,17,15,23],[8,16,6,14,4,12,10,9,5,20,24,18,7,2,23,11,22,17,15,3,19,21,13,1],[24,8,16,6,14,12,10,5,9,4,20,18,7,2,23,13,11,21,17,22,19,3],[20,8,18,4,24,16,14,12,6,10,5,11,9,7,3,23,2,22,15,17,13,1,19,21],[12,8,10,6,5,9,20,24,16,14,4,18,11,7,2,23,21,13,17,22,3,19,1],[8,4,24,16,14,20,6,18,12,10,9,5,7,2,22,3,11,19,13,23,1,21,17,15],[16,24,4,20,14,8,18,12,6,10,9,5,7,2,23,19,15,11,21,3,17,1,22],[4,24,8,20,6,18,16,14,12,10,5,11,9,7,2,21,22,17,23,1,15,19,3,13],[12,8,6,10,9,7,24,16,14,4,20,18,2,5,22,11,23,13,17,1,15,19,21],[16,24,12,14,4,20,8,6,10,9,5,18,11,7,3,23,21,2,22,13,17,19],[20,8,6,18,24,4,16,14,12,10,9,5,7,2,23,11,13,22,19,1,3,17,15,21],[20,12,4,24,8,10,6,9,5,16,14,18,7,2,23,11,22,17,13,15,3],[12,16,14,8,6,10,7,20,4,24,18,11,2,9,22,5,21,17,1,13,15,23,3,19],[12,8,10,6,9,5,4,24,20,16,14,18,11,7,1,2,21,23,15,22,13,17],[16,24,8,6,14,12,10,11,5,4,20,18,7,3,21,22,9,2,13,19,23,15,17],[12,16,10,14,20,18,24,4,8,6,9,7,2,22,11,5,3,19,15,17,21,23,13],[4,16,24,12,14,8,10,6,7,20,18,11,2,9,22,5,15,19,23,13,17,3],[4,16,8,14,20,18,12,10,6,11,7,24,2,9,22,5,13,23,19,3,17,1],[12,20,8,6,10,5,11,16,14,4,24,18,9,7,2,21,22,13,19,17,3,23,1],[12,8,10,6,5,11,20,16,14,4,24,18,9,7,2,23,22,15,17,13,1,21,19,3],[24,4,12,20,16,10,14,18,8,6,9,5,7,2,22,11,15,19,23,3,21,13],[12,20,4,8,6,10,5,9,24,16,14,18,11,7,3,22,17,2,13,21,1,15],[24,8,16,14,4,12,6,10,5,9,20,18,7,2,22,13,11,17,19,23,1],[20,24,12,8,6,10,7,4,16,14,18,11,2,5,23,9,13,21,22,3,17,19,15],[20,4,16,14,12,8,6,10,7,24,18,9,2,22,11,5,3,17,15,23,1,21,19,13],[20,4,24,12,16,10,14,18,8,6,11,5,7,2,23,9,22,17,15,19,3,13,1,21],[24,16,20,14,12,8,6,10,5,11,4,18,9,7,2,21,22,19,15,13,17,1,23],[16,20,18,8,6,14,12,10,11,5,4,24,7,2,21,9,23,3,19,15,13,22],[12,8,6,10,9,7,24,4,20,16,14,18,2,11,22,5,3,15,1,17,23,21],[4,24,8,16,6,14,20,18,12,10,9,5,11,7,2,21,22,17,13,3],[24,8,12,6,10,7,16,14,4,20,18,11,2,5,21,9,22,23,13,17,15,1,19,3],[4,20,12,16,10,14,18,24,8,6,7,9,2,11,23,5,1,19,21,3,13,15,22,17],[16,4,12,10,14,24,20,18,8,6,9,7,2,5,22,19,11,13,1,23,17,3],[20,24,8,6,18,12,10,7,16,14,4,11,2,5,21,23,9,22,15,19,3,1,17,13],[12,16,14,24,4,8,10,6,7,20,18,11,2,5,23,9,13,17,22,19,1,21],[12,8,6,10,5,11,24,4,20,16,14,18,9,7,2,21,23,1,17,22,15,3,13,19],[4,16,12,14,24,20,8,6,10,5,11,18,7,1,2,23,9,22,17,15,19,13,21,3],[20,16,14,12,8,10,6,7,24,4,18,11,2,9,22,5,19,1,15,21,17,13,3,23],[20,16,14,8,18,4,24,12,10,6,5,11,7,2,22,9,15,19,23,21,13,17,3],[12,20,24,8,6,10,5,9,4,16,14,18,7,3,21,22,11,2,15,19,23,1,13],[8,24,12,6,10,5,11,20,16,14,4,18,7,3,21,23,17,9,2,22,13,1],[24,16,8,6,14,4,20,18,12,10,11,5,9,7,2,22,19,13,23,21,1,17,15],[20,16,14,4,24,8,18,12,6,10,11,7,2,5,22,9,21,15,3,17,23],[24,20,12,16,10,14,18,8,6,5,9,4,7,3,23,1,11,17,22,15,2,21,13,19],[16,24,4,12,14,8,6,10,7,20,18,11,2,9,22,5,17,23,13,1,21,15,19],[8,4,16,6,14,24,20,18,12,10,9,5,11,7,2,23,15,22,3,19,21,1,13],[4,12,20,24,8,10,6,5,11,16,14,18,7,2,21,9,23,17,13,22,1,15],[24,12,8,6,10,11,7,16,14,4,20,18,3,22,9,5,15,17,23,1,19,2,13,21],[4,8,24,20,6,18,12,10,5,11,16,14,7,1,2,22,9,19,15,13,23,3,21],[8,24,16,14,20,18,12,6,10,7,4,9,2,5,22,11,13,23,19,17,3,21,15,1],[24,20,4,12,16,10,14,18,8,6,5,9,7,1,3,21,22,11,15,2,13,19,17,23],[24,12,4,8,10,6,9,7,20,16,14,18,2,22,5,11,17,13,21,15,19,1,23,3],[20,16,14,8,6,18,24,4,12,10,7,11,2,5,22,9,15,13,17,23,21,1],[4,12,20,8,10,6,9,5,16,14,24,18,11,7,1,2,22,21,13,17,19,23,15],[12,8,6,10,7,24,16,14,20,4,18,9,2,11,23,5,15,17,3,13,21,1,22],[4,8,24,12,6,10,9,7,16,14,20,18,2,11,21,22,5,13,19,17,15,3,23,1],[24,12,20,4,8,6,10,7,16,14,18,9,2,5,23,11,15,21,19,22,3,13,17,1],[12,24,8,10,6,5,11,4,20,16,14,18,7,1,2,22,9,23,15,17,13,21,3],[4,12,20,24,16,10,14,18,8,6,7,9,2,21,11,22,5,19,15,23,13,3,1,17],[12,24,16,10,14,4,20,18,8,6,5,9,11,7,1,2,22,23,13,17,21,3,19],[12,24,8,10,6,5,9,20,16,14,4,18,7,2,22,11,15,17,23,13,3],[24,20,4,16,18,12,14,8,6,10,11,5,7,3,22,15,9,1,19,21,17,2,13,23],[4,24,12,20,8,10,6,11,5,16,14,18,9,7,2,22,13,19,17,1,21,15,23,3],[12,4,16,14,24,8,10,6,11,5,20,18,9,7,2,22,15,23,1,21,13,19,17],[4,16,12,10,14,24,8,6,5,9,20,18,11,7,2,22,13,17,21,23,15,19,3,1],[4,12,16,10,14,8,6,7,20,24,18,9,2,21,23,11,5,13,19,22,15,3,1],[20,16,18,12,14,4,24,8,10,6,11,7,2,5,22,9,17,21,15,13,3,1,23,19],[8,16,6,14,12,10,11,5,20,24,4,18,7,3,22,9,13,17,2,15,23,19,21],[16,20,14,4,8,6,18,12,10,7,24,11,2,5,21,22,9,17,19,3,23,15],[12,16,10,14,4,20,18,8,6,7,24,11,2,5,22,9,1,17,23,13,3,15],[20,16,18,8,6,14,12,10,7,24,4,11,2,5,22,9,15,19,1,21,13,17,3],[4,24,12,20,8,10,6,11,5,16,14,18,9,7,2,22,19,21,15,3,1],[16,12,10,14,8,6,11,5,24,20,4,18,7,3,22,9,15,19,1,2,23,13,17],[8,20,6,18,12,10,5,11,4,24,16,14,9,7,3,23,15,21,2,13,19,22,17],[8,16,14,12,6,10,9,7,20,24,4,18,2,11,21,22,5,13,17,19,23,1,15,3],[20,8,6,18,12,10,9,5,4,16,14,24,7,2,22,19,15,11,23,1,13,17,21],[20,24,12,8,6,10,11,7,16,14,4,18,2,9,23,5,22,17,15,3,19,13,21,1],[8,20,6,18,4,12,10,9,5,16,14,24,11,7,3,22,15,2,23,19,13,21],[20,24,8,6,18,4,16,14,12,10,7,11,2,5,21,22,9,19,13,23,1,3,17,15],[8,16,14,24,20,6,18,4,12,10,11,5,9,7,2,21,22,13,17,23,1,19,3],[20,12,24,4,16,14,8,10,6,5,9,18,11,7,2,23,21,15,13,22,17,1,3],[24,8,16,14,20,18,12,6,10,9,5,4,7,2,22,11,1,21,19,3,13],[24,16,4,8,6,14,12,10,9,5,20,18,7,2,22,11,17,15,21,1,3,13,23,19],[8,12,10,6,9,7,20,16,14,24,4,18,2,11,23,5,15,22,1,17,3,13,19,21],[20,16,14,12,24,4,8,6,10,9,7,18,2,21,11,22,5,15,17,23,13,3,1],[20,16,14,8,18,24,4,12,6,10,5,9,11,7,2,23,21,17,13,1,3,22,19,15],[12,16,10,14,8,6,5,11,24,20,4,18,7,2,21,9,23,15,19,22,13],[24,16,20,18,12,14,4,8,10,6,9,5,11,7,2,22,15,21,17,1],[8,12,6,10,7,24,16,14,4,20,18,11,2,5,22,9,15,19,23,1,3,13,21],[20,12,24,4,16,10,14,18,8,6,11,7,1,2,9,22,5,15,17,19,23],[4,8,16,6,14,24,12,10,11,5,20,18,7,1,2,22,9,19,13,23,17,21],[24,8,20,18,4,12,10,6,5,11,16,14,7,3,22,9,15,2,19,21,17,1,23,13],[24,12,4,16,14,20,8,10,6,9,5,18,7,2,22,15,11,17,13,1,23],[20,24,16,18,12,10,14,4,8,6,5,11,9,7,3,21,22,2,17,15,19,23],[4,8,16,6,14,20,18,12,10,7,24,9,2,22,5,11,19,13,1,21,17,23],[12,16,10,14,24,8,6,5,9,4,20,18,11,7,1,2,21,22,19,13,15,17],[4,24,8,12,10,6,11,5,16,14,20,18,9,7,2,22,1,17,3,21,13,15,23],[8,20,18,12,10,6,11,7,4,24,16,14,2,9,23,5,21,19,13,22,17,1,15],[20,24,4,16,14,8,6,18,12,10,9,5,11,7,2,21,23,17,13,22,3,19,1,15],[16,4,12,10,14,8,6,5,9,24,20,18,11,7,3,23,17,22,1,15,21,2,13],[24,12,16,14,4,8,10,6,7,20,18,9,3,11,21,22,5,17,1,15,2,19,23],[4,24,8,20,6,18,12,10,5,11,16,14,9,7,2,23,22,15,17,21,13,1,19,3],[16,24,12,14,20,8,6,10,5,11,4,18,7,2,22,9,15,1,19,13,21,17,23],[20,24,8,6,18,12,10,5,11,16,14,4,7,2,23,9,3,21,19,13,1,17,22,15],[24,16,12,14,8,6,10,7,4,20,18,11,2,9,22,5,21,13,19,15,17,1,3],[20,4,16,18,24,12,10,14,8,6,11,7,2,5,23,9,13,22,17,19,1,3,21,15],[8,16,14,12,10,6,11,7,24,20,4,18,2,9,22,5,3,17,13,1,21,23,19,15],[20,16,18,12,14,24,8,6,10,11,7,4,2,5,22,9,15,17,21,3,1],[16,4,24,8,6,14,20,18,12,10,11,5,7,2,21,22,9,1,17,15,13,19,23,3],[24,8,12,6,10,9,5,4,20,16,14,18,11,7,1,2,22,17,15,21,3,13,19,23],[4,8,24,20,18,12,10,6,11,5,16,14,9,7,2,21,22,13,23,17,1],[8,20,18,16,6,14,24,4,12,10,9,7,2,22,5,15,11,23,19,21,3,13,17,1],[20,8,18,24,16,6,14,12,10,5,9,4,7,2,23,11,15,21,1,19,22,13,3,17],[16,24,4,8,6,14,20,18,12,10,11,5,7,2,23,1,9,19,21,15,17,22,3,13],[8,20,18,12,10,6,5,11,16,14,24,4,7,3,22,9,17,2,23,21,13,15,19,1],[4,12,8,6,10,5,9,20,16,14,24,18,11,7,2,22,3,13,21,1,17,19,15,23],[4,24,20,8,6,18,12,10,7,16,14,11,2,5,23,9,17,1,22,15,19,21,13,3],[12,8,6,10,7,16,14,20,4,24,18,9,2,23,5,11,13,19,22,17,3],[12,16,14,20,8,6,10,11,7,4,24,18,2,9,22,5,19,15,23],[4,12,20,16,10,14,18,8,6,9,5,24,11,7,1,2,22,13,19,23,17,3,21,15],[12,24,4,8,6,10,5,9,16,14,20,18,7,2,22,19,11,13,17,1,23],[20,24,4,16,18,8,6,14,12,10,7,11,2,9,22,5,13,19,17,15,21,1,23,3],[4,8,20,6,18,16,14,24,12,10,7,11,2,5,21,22,9,15,19,1,23],[24,8,12,6,10,5,11,20,16,14,4,18,9,7,3,23,22,13,19,1,17,2,21],[12,4,24,8,6,10,7,16,14,20,18,11,2,5,9,21,22,15,17,19,1,13],[20,16,18,4,24,12,14,8,10,6,11,5,7,3,9,22,2,15,23,17,1,19],[4,24,12,8,10,6,5,11,20,16,14,18,9,7,3,22,2,21,19,15,13,1,17,23],[12,4,20,16,10,14,18,8,6,5,11,24,9,7,1,2,21,22,15,17,19,13,23,3],[12,24,20,8,10,6,5,9,4,16,14,18,7,1,2,21,23,11,22,19,13,3,15,17],[16,24,12,10,14,20,18,8,6,5,11,4,7,2,21,22,9,19,13,3,15,1,17,23],[16,12,10,14,4,20,18,24,8,6,5,11,9,7,1,2,22,13,17,19,21,15,23,3],[8,4,12,6,10,9,7,24,20,16,14,18,2,23,5,3,15,17,11,22,13,21,19,1],[16,20,18,12,10,14,24,4,8,6,9,5,11,7,2,22,19,23,15,1,21,3,13,17],[20,16,14,4,12,24,8,6,10,11,7,18,2,5,21,9,23,17,15,1,19,3,22,13],[16,20,18,12,14,24,8,10,6,7,4,11,2,5,9,21,22,3,19,15,13,17,1],[20,8,18,12,6,10,7,4,16,14,24,9,2,5,21,11,22,17,15,13,1],[4,16,24,20,14,8,18,12,6,10,7,11,2,5,22,9,17,13,19,23,3],[4,12,8,6,10,11,7,20,24,16,14,18,3,5,22,9,1,13,17,2,21,15],[8,12,10,6,9,7,24,16,14,4,20,18,2,5,23,21,17,19,15,11,1,13,3,22],[8,24,20,18,16,14,12,10,6,11,5,4,9,7,2,22,1,21,13,19,17,15],[12,20,24,4,8,6,10,9,7,16,14,18,1,2,21,11,22,5,17,15,13,3,23,19],[20,16,18,24,8,6,14,12,10,7,4,9,2,5,22,11,19,13,1,23,21,15,3,17],[4,12,20,16,14,8,10,6,5,9,24,18,11,7,2,21,22,19,15,1,17,13],[16,8,14,20,6,18,12,10,5,9,4,24,11,7,2,21,22,15,17,13,1,3,23,19],[20,16,18,4,12,14,8,10,6,9,5,24,7,2,22,11,19,13,21,23,15,1,17,3],[8,20,18,16,6,14,4,24,12,10,7,9,2,21,11,22,5,15,13,17,3,19],[16,8,6,14,20,18,24,4,12,10,7,9,2,11,22,5,3,17,1,15,19,23,13],[24,20,16,18,12,10,14,8,6,11,7,4,2,9,21,22,5,19,23,13,1,17,15],[12,20,24,4,8,10,6,7,16,14,18,9,2,5,22,11,13,21,19,3],[20,8,6,18,12,10,11,5,24,4,16,14,9,7,2,22,17,21,13,19,15,3],[20,16,14,24,12,4,8,6,10,5,9,18,11,7,1,2,21,22,13,17,15,23,3,19],[8,20,6,18,12,10,5,9,4,24,16,14,11,7,2,22,3,13,19,21,1,15,23,17],[12,20,24,4,8,10,6,11,7,16,14,18,3,5,21,23,9,2,13,17],[8,24,12,6,10,11,5,4,20,16,14,18,9,7,2,21,22,13,3,19,15,1],[12,16,14,8,10,6,9,5,24,20,4,18,7,2,23,11,21,13,19,3,22,1,15,17],[4,8,12,6,10,7,24,20,16,14,18,11,2,5,21,9,23,19,15,3,1,22,13,17],[8,12,6,10,11,7,4,20,24,16,14,18,2,9,22,5,23,17,1,15,13,21,3,19],[16,8,6,14,24,20,18,4,12,10,5,11,9,7,2,22,17,13,23,19,21,1,15,3],[16,4,24,20,18,12,14,8,10,6,5,9,7,2,23,21,17,11,13,19,1,3,22],[4,24,12,8,10,6,11,5,20,16,14,18,9,7,3,21,22,13,19,1,17,2,15,23],[12,24,16,10,14,4,8,6,5,11,20,18,9,7,3,22,21,15,2,1,17,23,13],[4,8,24,16,14,20,6,18,12,10,11,5,9,7,2,21,22,13,19,17,1,15],[8,20,18,24,4,12,10,6,11,7,16,14,2,5,9,22,19,3,13,21,17,23,15,1],[24,16,4,12,14,8,6,10,11,7,20,18,2,5,21,9,22,19,15,17,13,23,3,1],[20,24,16,18,8,14,4,12,10,6,5,9,7,3,22,11,2,13,17,23,21,15],[20,24,12,16,10,14,18,8,6,11,5,4,7,3,23,9,1,19,15,2,22,21,13,17],[4,8,24,20,18,12,6,10,7,16,14,9,2,23,5,21,11,13,3,22,17],[4,24,8,20,18,16,6,14,12,10,9,7,2,5,23,11,15,17,3,21,13,22],[12,4,8,6,10,5,11,16,14,20,24,18,7,2,22,9,15,19,3,17,23,13,21,1],[24,20,16,18,8,14,4,12,6,10,5,11,9,7,2,22,13,19,23,1,17,21,15],[24,20,8,6,18,16,14,4,12,10,11,7,2,5,23,9,17,22,15,13,1,3,19],[8,20,18,24,16,6,14,4,12,10,5,9,7,2,21,22,11,23,15,17,3,1,19],[8,24,16,6,14,20,18,12,10,9,5,4,11,7,3,21,22,13,19,1,2,17,23],[8,16,6,14,4,20,18,12,10,5,11,24,7,3,21,9,23,2,13,17,19,22,1,15],[24,16,12,10,14,20,18,8,6,5,11,4,9,7,2,22,15,23,17,21,1,13,19,3],[24,20,4,8,18,12,10,6,5,9,16,14,7,2,22,11,17,15,13,21,1],[16,12,10,14,24,20,18,4,8,6,5,9,7,3,22,15,11,2,23,17,1],[12,24,20,16,10,14,18,4,8,6,9,7,2,5,22,11,19,21,17,13,1],[20,4,8,18,16,6,14,12,10,5,11,24,9,7,2,21,22,15,1,17,13,3,23,19],[8,4,12,10,6,9,7,16,14,24,20,18,2,11,22,5,15,23,17,19,13,1,3],[8,24,16,14,12,6,10,5,9,4,20,18,7,1,2,22,11,15,13,17,23,21,19],[24,20,12,4,8,10,6,7,16,14,18,9,2,11,22,5,13,19,21,3,17,23,15],[16,12,14,8,6,10,7,24,4,20,18,9,2,5,22,11,13,19,3,23,1,17],[8,4,12,10,6,11,5,16,14,24,20,18,7,3,22,1,9,19,13,2,21,17,15],[16,12,10,14,8,6,11,5,24,20,4,18,9,7,2,21,22,15,13,19,3],[4,8,24,12,10,6,7,20,16,14,18,11,2,9,21,22,5,13,3,19,1,17,15],[4,20,8,18,12,6,10,9,7,24,16,14,2,22,11,5,19,15,23,13,1,3,21,17],[16,20,18,12,14,4,8,10,6,5,9,24,7,2,23,11,21,19,17,13,15,1,22],[12,16,10,14,4,8,6,7,20,24,18,9,2,22,5,11,13,19,1,23,21,15,17,3],[12,8,10,6,5,9,20,4,16,14,24,18,7,2,22,11,13,17,23,19,15,1],[4,12,16,10,14,24,20,18,8,6,9,7,2,22,5,13,11,21,17,1,19,23],[24,4,16,12,10,14,20,18,8,6,11,5,9,7,2,23,19,13,22,1,3,15],[20,12,16,14,24,4,8,10,6,11,7,18,2,5,21,22,9,13,19,3,17,1,15,23],[16,24,4,20,18,8,14,12,10,6,5,9,7,2,21,22,17,11,1,15],[20,16,18,12,10,14,24,4,8,6,9,7,2,11,22,5,23,17,21,13,1,3,15],[4,24,8,20,18,12,10,6,11,7,16,14,2,5,22,9,17,13,3,23],[24,8,20,6,18,4,16,14,12,10,11,5,9,7,3,21,23,19,1,13,2,22,17,15],[8,4,12,10,6,5,11,24,16,14,20,18,9,7,3,21,22,15,1,2,17,19],[4,24,20,8,18,12,6,10,5,11,16,14,7,2,21,22,9,13,19,1,17,3,15],[8,24,12,6,10,5,11,20,16,14,4,18,7,1,2,9,21,23,15,22,17,13],[16,24,20,18,4,12,10,14,8,6,5,9,7,2,21,23,11,19,13,22,3,15,17],[16,4,12,10,14,8,6,9,7,20,24,18,2,11,22,5,19,15,21,1,13,17,3,23],[12,8,10,6,11,5,20,16,14,24,4,18,9,7,2,21,22,19,15,1,13,23],[20,12,24,16,10,14,18,4,8,6,5,9,11,7,3,23,22,13,2,17,1,21,15,19],[12,4,24,16,14,8,10,6,7,20,18,9,2,22,5,11,13,3,21,17,15,1,19],[8,4,20,6,18,24,12,10,5,9,16,14,7,3,22,11,1,13,19,17,2,23,15],[20,12,24,4,8,10,6,9,5,16,14,18,7,3,21,22,19,11,2,15],[4,12,24,8,10,6,9,7,20,16,14,18,2,22,11,5,19,15,1,23,17],[20,24,12,4,8,10,6,9,5,16,14,18,11,7,2,21,22,15,17,3,13,23,1],[12,4,8,10,6,9,5,24,20,16,14,18,7,2,22,11,15,19,23,1,3,17],[8,24,16,6,14,12,10,9,7,4,20,18,2,21,5,11,22,17,3,15,1],[12,24,16,10,14,4,8,6,11,7,20,18,2,9,22,5,21,19,13,3,17,15,1],[8,20,18,16,6,14,12,10,7,4,24,9,2,23,11,5,22,13,15,19,3],[24,4,16,20,14,12,8,10,6,11,7,18,2,5,23,9,15,3,21,19,22,13,17,1],[16,12,10,14,24,8,6,9,7,20,4,18,3,22,11,5,2,13,21,17,23,1,19],[16,8,6,14,24,20,18,4,12,10,9,5,7,3,22,11,13,17,2,19,21,15,1],[8,4,24,16,14,12,10,6,5,9,20,18,11,7,2,21,22,17,1,13],[20,8,6,18,24,4,12,10,11,5,16,14,9,7,2,22,19,3,17,13,23,1],[4,24,8,12,10,6,11,5,20,16,14,18,7,2,21,22,9,19,13,1,17,23,3],[12,24,4,16,14,8,10,6,7,20,18,11,2,5,22,9,19,15,3,13,23,17,1,21],[4,8,24,12,10,6,7,16,14,20,18,11,2,9,21,22,5,13,3,19,17],[12,8,6,10,9,5,20,16,14,4,24,18,7,1,2,23,11,13,22,3,15,17],[24,20,4,12,16,14,8,6,10,9,5,18,11,7,3,23,13,1,22,17,19,2,21],[20,16,14,4,8,6,18,24,12,10,9,5,11,7,2,23,13,17,21,15,22,19,3],[12,24,16,10,14,20,18,4,8,6,5,9,7,2,22,11,19,23,15,1,3,17,13,21],[12,20,4,16,10,14,18,8,6,7,24,11,2,9,22,5,17,15,19,21,1,13,3,23],[20,24,16,14,4,12,8,6,10,9,7,18,2,11,22,5,15,17,19,3,13,23,21],[12,24,8,10,6,5,9,4,20,16,14,18,7,2,21,22,15,11,13,19,17,3,23],[8,16,14,12,6,10,9,5,24,4,20,18,11,7,3,23,2,21,17,22,15,13,1],[16,24,4,8,6,14,20,18,12,10,11,5,7,1,2,22,13,9,17,19,21,3,15,23],[16,4,24,8,6,14,20,18,12,10,9,5,11,7,2,21,23,17,1,15,19,13,22,3],[4,24,8,16,14,20,18,12,10,6,5,11,9,7,2,22,15,21,1,23,17,13,19,3],[16,12,14,24,8,6,10,9,7,4,20,18,2,23,11,5,15,19,1,22,21,3,13,17],[12,20,16,10,14,18,8,6,9,5,4,24,11,7,2,22,19,1,13,21,17,3],[4,16,20,18,12,14,8,10,6,5,9,24,11,7,2,22,17,13,21,3,23,19,15,1],[12,24,20,16,10,14,18,8,6,11,5,4,7,2,23,9,13,3,17,21,1,22,19,15],[4,20,8,6,18,16,14,12,10,9,5,24,11,7,1,21,2,22,13,19,15,3],[20,12,16,10,14,18,4,8,6,9,5,24,7,2,21,22,11,13,19,23,17,3],[24,8,4,16,6,14,20,18,12,10,11,7,2,5,22,9,13,21,19,23,1,17,15],[20,8,18,16,6,14,24,4,12,10,9,7,2,5,22,11,19,13,23,3,17],[20,4,12,16,14,8,10,6,9,5,24,18,11,7,2,23,17,15,22,3,1,21,13,19],[24,16,20,18,4,12,14,8,6,10,9,7,2,21,11,5,22,15,23,19,17,3],[12,24,20,16,14,8,10,6,7,4,18,9,2,22,11,5,17,15,3,21,19,13],[12,16,10,14,20,18,4,8,6,11,7,24,2,5,22,9,15,17,3,21,19,13,23,1],[24,12,20,8,10,6,9,5,4,16,14,18,11,7,3,21,23,13,1,17,22,2],[8,12,6,10,5,11,4,16,14,20,24,18,7,3,22,9,15,21,2,19,1,23,17,13],[4,20,8,18,24,12,6,10,9,5,16,14,11,7,1,2,22,17,13,3,21,15],[24,4,16,20,18,8,6,14,12,10,11,5,7,1,23,2,9,22,15,3,13,19,17,21],[12,4,24,8,10,6,9,5,16,14,20,18,7,2,22,11,13,21,3,17,23,15,19],[16,8,14,24,4,12,6,10,9,5,20,18,11,7,2,23,13,17,3,21,22,15,1,19],[8,24,12,6,10,5,9,4,20,16,14,18,7,2,23,11,13,19,21,22,15,3,17,1],[4,20,12,16,10,14,18,8,6,9,7,24,2,5,21,22,17,15,11,3,13,19,1,23],[16,12,14,4,24,8,10,6,11,7,20,18,2,9,23,5,19,3,21,15,22,13,17],[4,24,16,20,18,12,10,14,8,6,7,11,2,5,21,22,9,13,17,15,3,19],[4,20,24,8,6,18,12,10,11,7,16,14,2,9,22,5,19,15,21,1,17,13,3,23],[20,24,8,18,12,10,6,11,5,16,14,4,7,3,22,9,21,1,13,23,2,17,15,19],[16,12,10,14,8,6,11,5,24,4,20,18,7,2,23,9,17,15,21,22,3],[12,8,10,6,7,16,14,24,20,4,18,9,2,23,11,5,13,22,19,17,15,3,21],[4,20,12,16,10,14,18,24,8,6,11,5,9,7,1,2,22,13,17,23,21,15],[12,16,10,14,8,6,11,5,24,4,20,18,7,1,2,23,9,22,19,3,17,13,15,21],[20,12,16,14,4,8,10,6,9,7,24,18,2,5,22,11,13,3,17,15,23,1],[4,12,16,10,14,24,20,18,8,6,5,9,7,2,23,11,15,17,22,19,3,13,1,21],[12,8,10,6,9,7,20,24,4,16,14,18,2,5,23,11,15,21,17,22,1,13,3,19],[24,20,12,4,16,14,8,6,10,9,5,18,7,3,22,11,1,19,15,21,17,23,2],[24,20,8,18,16,14,12,10,6,5,9,4,7,1,2,22,11,13,19,21,23,17,15],[8,16,14,12,6,10,7,4,20,24,18,11,1,2,9,22,5,13,19,21,23,3,17,15],[24,16,20,14,12,8,6,10,11,7,4,18,2,9,23,5,21,13,17,22,3,15,19,1],[20,12,16,10,14,18,4,8,6,5,11,24,7,1,2,22,9,19,17,21,13,3,23],[24,8,16,6,14,4,20,18,12,10,9,7,2,22,11,5,15,17,23,3,21,13],[24,8,16,6,14,20,18,12,10,7,4,11,2,9,22,5,13,3,17,21,23,19,15],[12,8,6,10,11,7,24,20,16,14,4,18,2,9,22,5,17,1,21,15,3,13,23],[4,8,24,12,10,6,9,5,16,14,20,18,11,7,3,22,21,15,2,17,1],[8,16,14,12,6,10,9,7,20,24,4,18,2,11,22,5,15,19,21,17,13,23,1,3],[12,24,8,6,10,7,4,16,14,20,18,11,2,5,23,9,15,21,19,1,22],[4,24,8,12,6,10,7,16,14,20,18,9,2,22,5,13,11,21,19,23,1,3],[12,8,6,10,9,7,4,24,16,14,20,18,2,22,5,11,23,15,19,3,13,1],[20,4,16,14,24,12,8,10,6,5,9,18,11,7,3,23,1,21,15,19,2,22,13,17],[12,4,8,6,10,7,16,14,24,20,18,11,2,9,22,5,19,13,23,1,15,17,3],[4,8,24,12,6,10,9,5,20,16,14,18,11,7,2,22,21,17,13,3,15,1,23],[8,24,12,6,10,7,16,14,4,20,18,11,2,5,21,22,9,15,19,3,17,13,23],[16,4,24,20,18,8,14,12,6,10,7,9,2,5,21,22,11,17,13,3,19,15,23,1],[12,20,24,16,10,14,18,4,8,6,5,11,7,3,23,9,2,19,22,1,17,13],[8,20,6,18,12,10,7,16,14,24,4,11,2,9,22,5,21,17,15,3,13],[8,24,16,6,14,12,10,7,20,4,18,11,2,9,21,22,5,15,1,17,19,3],[16,12,10,14,8,6,7,24,4,20,18,9,2,22,5,11,13,23,19,1,15,17,21],[20,8,18,16,14,12,10,6,11,7,4,24,2,9,22,5,17,21,19,15,3,23,13,1],[16,20,14,8,6,18,4,24,12,10,5,11,7,2,21,22,9,15,1,17,23],[16,20,14,12,4,24,8,6,10,7,18,11,2,5,21,22,9,3,13,17,15],[12,16,14,4,20,8,10,6,5,9,24,18,7,2,23,11,15,22,17,19,3,13,1],[24,8,12,6,10,9,5,16,14,20,4,18,7,3,22,19,21,11,1,15,23,17,2,13],[12,20,24,4,16,10,14,18,8,6,5,11,9,7,2,23,13,22,1,19,15],[4,16,12,14,24,20,8,10,6,5,9,18,7,3,21,22,11,17,1,2,19,13,23],[20,12,4,8,10,6,9,5,16,14,24,18,7,2,21,22,15,11,17,3,1,23,13,19],[12,24,16,14,20,4,8,10,6,5,9,18,7,2,22,11,13,19,23,21,1,3,17,15],[16,24,20,18,4,12,10,14,8,6,5,9,7,2,22,21,11,19,15,13,17,3],[16,12,14,8,6,10,7,4,20,24,18,9,2,22,5,15,11,23,19,3,1,17,13],[4,16,12,14,8,6,10,7,20,24,18,11,2,5,23,9,19,21,13,3,17,15,22,1],[4,8,24,16,14,20,18,12,10,6,9,7,1,2,23,11,5,15,21,3,19,22,17,13],[4,12,8,10,6,5,11,16,14,24,20,18,7,2,21,22,9,19,13,3,17,1,23],[12,20,4,24,16,10,14,18,8,6,5,11,7,2,23,9,17,15,21,3,1,13,19,22],[4,16,24,12,10,14,8,6,9,5,20,18,11,7,2,22,15,19,13,17,3,23,1],[24,8,12,6,10,7,4,20,16,14,18,9,2,22,5,11,15,21,19,17,3],[4,16,20,18,24,12,10,14,8,6,11,5,7,3,9,22,1,13,21,19,2,17,15,23],[20,24,8,6,18,12,10,9,5,16,14,4,11,7,2,23,21,19,22,13,17,3,1,15],[8,24,16,14,12,6,10,9,7,4,20,18,2,21,11,22,5,13,19,3,1,15,17,23],[16,12,10,14,24,8,6,5,9,20,4,18,11,7,2,23,13,17,3,22],[4,16,24,12,14,8,10,6,7,20,18,9,2,5,21,22,11,13,3,17,15,1,23,19],[16,24,20,18,4,12,10,14,8,6,7,11,2,9,21,22,5,15,1,19,3,13,17,23],[16,4,12,10,14,20,18,24,8,6,5,11,9,7,1,2,22,15,3,17,21,19,23],[8,4,20,6,18,24,16,14,12,10,9,7,2,21,11,22,5,19,15,1,17,23,3,13],[4,8,16,6,14,24,12,10,9,5,20,18,7,3,23,21,15,11,22,1,17,2,19,13],[16,12,14,8,6,10,9,7,24,20,4,18,2,23,11,5,13,1,19,15,21,22,17],[4,12,20,16,10,14,18,8,6,11,5,24,7,2,22,9,17,13,3,21,15,19,1,23],[24,8,12,6,10,9,7,16,14,4,20,18,2,11,21,5,22,17,15,1,19,13],[16,8,14,24,4,12,10,6,7,20,18,11,2,5,21,9,22,19,15,17,1,3,13,23],[4,20,16,14,8,6,18,12,10,9,5,24,7,1,2,22,11,19,23,13,15,17],[20,16,18,12,10,14,4,24,8,6,7,11,2,5,9,22,15,23,19,17,13,3,21,1],[8,20,6,18,16,14,12,10,5,9,24,4,7,1,2,23,11,21,15,17,22,13],[24,16,8,6,14,20,18,12,10,5,11,4,7,1,2,22,9,13,23,19,15,17,21,3],[12,20,24,8,6,10,9,7,4,16,14,18,2,22,5,11,21,19,1,13,15,17,23,3],[8,12,10,6,7,20,4,24,16,14,18,11,2,5,22,9,21,17,15,1,3,23,13],[24,8,16,14,12,6,10,7,20,4,18,9,2,22,11,5,19,13,23,1,17,3,15,21],[16,8,6,14,24,20,18,4,12,10,7,11,3,5,22,9,15,1,23,2,19,13],[4,12,16,10,14,20,18,24,8,6,7,11,2,9,22,13,5,15,3,17,23],[8,12,10,6,7,20,24,16,14,4,18,9,2,22,5,17,11,21,13,15,3,1,19,23],[8,4,20,6,18,24,12,10,9,7,16,14,2,22,11,5,1,13,23,19,15,17,21,3],[8,4,12,10,6,11,5,24,16,14,20,18,9,7,2,22,21,13,17,19,1