{"problem_id":"zC9rqxFXmr7YcEG","sigma":150,"alpha":1.000,"cost":1,"probabilities":"[0.21, 0.26, 0.1, 0.43]","payoff_matrix":"[[-222, -1, 152, -169, -82, 227], [-209, 38, -4, -46, -67, -183], [55, -62, 218, 110, 253, 138], [-24, 10, -222, -14, -411, 223]]","uncovered":[[16,4,8,20,12,24,22,6,14,2,21],[20,8,24,4,12,16,6,22,14,21],[24,8,4,16,12,20,22,6,14,2,21],[24,16,8,4,12,20,23,7,14],[20,4,16,24,8,12,22,6,14,2,21],[24,20,4,16,12,8,6,22,14,2,5,21],[16,8,20,4,12,24,21],[8,4,16,20,12,24,6,22,14,2,21],[4,8,20,12,16,24,21],[24,12,8,16,20,4,21],[24,4,20,8,16,12,22,6,14,2,21],[16,8,4,20,24,12,6,22,14,5,2,21],[24,12,8,20,16,4,22,6,14,2,21],[24,16,4,8,20,12,22,6,14,5,2,21],[24,8,16,20,12,4,6,22,14,2,5,21],[12,4,20,8,24,16,22,6,14,2,21],[16,4,24,12,20,8,7,23,13],[20,4,8,24,12,16,22,6,14,2,21],[24,20,4,16,8,12,6,22,14,5,2,21],[20,4,16,8,12,24,6,22,14,5,2,21],[4,8,24,16,20,12,6,22,14,2,5,21],[8,16,12,4,20,24,6,22,14,2,21],[20,12,16,4,8,24,6,22,14,2,21],[20,24,8,16,12,4,6,22,14,2,21],[24,20,12,8,4,16,6,22,14,2,5,21],[16,8,20,12,4,24,6,22,14,2,5,21],[20,24,12,4,8,16,22,6,14,2,5,21],[8,12,24,20,16,4,21],[8,24,12,20,16,4,22,6,14,2,21],[16,20,24,4,8,12,23,6,22,14,2,5,21],[16,24,12,4,8,20,6,22,14,5,2,21],[12,4,8,16,24,20,22,6,14,2,21],[16,24,20,12,4,8,6,22,14,2,21],[16,12,4,24,20,8,6,22,14,2,5,21],[20,24,8,12,4,16,6,22,14,2,5,21],[16,4,12,8,20,24,6,22,14,5,2,21],[24,20,12,16,4,8,22,6,14,2,5,21],[12,16,8,20,24,4,22,6,14,2,21],[8,20,16,12,24,4,6,22,14,21],[24,20,12,8,4,16,22,6,14,2,5,21],[16,4,8,12,20,24,6,22,14,2,5,21],[8,4,24,12,20,16,22,6,14,2,5,21],[4,8,16,24,12,20,6,22,14,2,5,21],[20,4,24,16,12,8,22,6,14,2,5,21],[12,16,8,4,24,20,6,22,14,2,5,21],[12,20,24,16,8,4,22,6,14,2,21],[16,20,12,24,4,8,22,6,14,2,5,21],[20,12,4,16,8,24,21],[24,4,12,16,8,20,6,22,14,2,21],[16,20,24,8,4,12,5,22,14,6,2,21],[20,12,4,24,8,16,22,6,14,5,2,21],[16,4,20,8,24,12,6,22,14,2,21],[24,20,8,12,4,16,23,7,15,22,14,6,2,21],[20,24,4,12,16,8,6,22,14,21],[12,4,8,20,16,24,22,6,14,2,21],[20,12,4,16,24,8,22,6,14,2,5,21],[20,8,12,16,4,24,6,22,14,2,21],[16,8,12,20,4,24,6,22,14,21],[12,20,8,24,16,4,6,22,14,2,5,21],[20,12,8,4,24,16,6,22,14,2,21],[4,12,16,8,24,20,22,6,14,2,21],[20,16,12,4,8,24,6,22,14,2,21],[20,4,16,24,8,12,22,6,14,2,21],[16,12,4,20,8,24,5,22,14,6,2,21],[4,24,16,12,8,20,22,6,14,5,2,21],[24,8,16,20,4,12,6,22,14,21],[20,4,24,12,16,8,6,22,14,2,5,21],[20,12,8,16,4,24,22,6,14,2,5,21],[4,12,8,20,16,24,22,6,14,2,5,21],[24,4,20,8,16,12,6,22,14,2,5,21],[4,24,12,8,16,20,6,22,14,2,5,21],[24,4,12,20,8,16,22,6,14,21],[12,24,4,16,20,8,6,22,14,2,21],[4,24,8,16,20,12,6,22,14,2,21],[12,4,24,20,8,16,22,6,14,21],[8,4,24,16,12,20,22,6,14,2,5,21],[8,16,20,24,12,4,6,22,14,2,21],[24,8,12,4,20,16,6,22,14,2,21],[24,12,4,8,16,20,6,22,14,2,5,21],[24,8,16,4,12,20,6,22,14,2,21],[12,16,24,20,4,8,6,22,14,2,5,21],[24,8,20,4,12,16,22,6,14,2,21],[16,4,24,12,8,20,5,22,14,6,2,21],[16,4,8,12,20,24,6,22,14,5,2,21],[16,20,24,8,12,4,7,22,6,14,2,21],[20,12,4,8,16,24,6,22,14,5,2,21],[16,20,12,4,8,24,6,22,14,2,5,21],[4,20,8,24,12,16,22,6,14,2,5,21],[12,24,16,20,4,8,22,6,14,2,21],[4,16,12,20,24,8,5,22,14,6,2,21],[24,4,12,16,20,8,22,6,14,2,21],[12,16,4,24,20,8,7,22,6,14,2,21],[24,8,16,4,20,12,22,6,14,2,5,21],[4,8,16,24,12,20,23,6,22,14,2,5,21],[16,20,12,8,24,4,6,22,14,2,21],[16,12,24,8,4,20,6,22,14,2,21],[20,8,16,12,24,4,6,22,14,2,21],[24,16,20,8,12,4,22,6,14,2,21],[20,16,24,8,4,12,22,6,14,2,21],[20,16,8,4,12,24,6,22,14,2,5,21],[12,24,16,8,4,20,21],[12,8,4,24,20,16,22,6,14,2,21],[24,20,16,4,12,8,22,6,14,2,5,21],[8,16,12,20,24,4,7,22,6,14,2,21],[20,12,16,24,4,8,6,22,14,2,21],[24,20,16,8,4,12,22,6,14,2,5,21],[24,12,4,8,16,20,22,6,14,2,5,21],[20,12,16,24,8,4,6,22,14,2,5,21],[16,20,12,4,8,24,6,22,14,2,5,21],[24,20,4,8,16,12,6,22,14,2,21],[4,8,16,24,12,20,22,6,14,2,21],[8,4,24,16,12,20,6,22,14,21],[8,12,24,16,20,4,22,6,14,2,21],[4,16,24,20,12,8,6,22,14,2,5,21],[4,12,16,20,24,8,22,6,14,2,21],[8,20,4,16,12,24,22,6,14,2,21],[20,4,24,12,8,16,22,6,14,2,21],[24,20,8,4,16,12,22,6,14,2,21],[24,4,16,12,8,20,22,6,14,2,5,21],[4,16,8,12,24,20,22,6,14,2,5,21],[20,8,4,16,24,12,22,6,14,2,21],[20,4,16,12,24,8,21],[4,24,12,16,8,20,22,6,14,2,21],[8,12,4,20,16,24,6,22,14,2,21],[16,20,12,24,4,8,22,6,14,2,21],[16,8,20,12,24,4,6,22,14,2,21],[4,8,16,20,12,24,6,22,14,21],[12,4,8,24,16,20,22,6,14,21],[4,8,20,12,16,24,22,6,14,21],[16,24,12,8,4,20,23,5,22,14,2,6,21],[24,20,8,16,4,12,22,6,14,2,21],[16,12,24,20,4,8,22,6,14,2,21],[24,12,4,8,20,16,22,6,14,2,21],[4,12,16,8,20,24,22,6,14,2,21],[4,8,12,20,24,16,22,6,14,2,21],[20,4,24,12,16,8,6,22,14,2,21],[16,24,4,12,8,20,6,22,14,2,5,21],[16,12,4,20,8,24,6,22,14,2,5,21],[24,4,12,16,20,8,22,6,14,2,21],[12,8,16,20,4,24,6,22,14,2,5,21],[16,4,24,12,20,8,6,22,14,2,5,21],[24,16,4,8,20,12,22,6,14,2,5,21],[4,12,20,16,24,8,22,6,14,2,5,21],[4,20,8,24,16,12,6,22,14,2,5,21],[4,16,24,12,20,8,6,22,14,2,21],[20,4,24,16,12,8,6,22,14,2,21],[8,16,20,24,12,4,6,22,14,2,5,21],[8,20,12,24,16,4,22,6,14,2,5,21],[4,12,20,16,8,24,23,5],[4,20,8,12,24,16,6,22,14,2,21],[20,16,8,4,12,24,6,22,14,2,5,21],[16,4,8,24,12,20,22,6,14,2,5,21],[8,20,24,16,12,4,6,22,14,2,5,21],[4,12,16,24,8,20,6,22,14,5,2,21],[8,4,24,20,16,12,22,6,14,2,5,21],[4,20,8,16,12,24,23,7,15,22,14,6,2,21],[8,20,4,12,16,24,6,21],[20,8,16,24,4,12,6,23,22,14,2,5,21],[12,16,20,4,24,8,6,22,14,2,5,21],[16,20,12,24,4,8,22,6,14,2,5,21],[4,8,24,12,20,16,22,6,14,2,5,21],[12,16,20,4,24,8,6,22,14,2,5,21],[4,8,12,20,16,24,22,6,14,2,5,21],[4,8,20,24,16,12,7,22,6,14,2,21],[12,4,24,16,20,8,22,6,14,2,5,21],[20,4,24,12,8,16,23,5,22,14,2,6,21],[12,16,20,24,4,8,6,22,14,2,21],[4,20,24,16,12,8,21],[16,12,4,20,8,24,22,6,14,2,5,21],[20,4,8,16,12,24,22,6,14,21],[12,4,20,16,8,24,6,22,14,21],[24,12,8,16,4,20,6,22,14,2,5,21],[8,16,4,24,12,20,22,6,14,2,5,21],[20,24,8,4,12,16,22,6,14,2,5,21],[16,4,12,24,8,20,7,23,15,22,14,6,2,21],[20,8,4,12,16,24,6,22,14,2,5,21],[20,12,16,4,8,24,22,6,14,2,5,21],[8,12,24,20,16,4,6,22,14,2,5,21],[20,8,16,4,12,24,22,6,14,2,5,21],[20,8,4,12,16,24,22,6,14,2,5,21],[20,24,4,12,16,8,6,22,14,2,5,21],[4,16,8,20,12,24,7,21],[12,24,8,16,4,20,5,22,14,6,2,21],[8,4,12,16,20,24,22,6,14,2,5,21],[12,24,4,20,8,16,6,22,14,2,21],[8,12,20,16,4,24,22,6,14,2,21],[20,8,12,4,24,16,6,22,14,2,5,21],[20,12,24,8,4,16,22,6,14,2,21],[20,16,8,12,4,24,6,22,14,2,21],[8,12,24,16,20,4,5,22,14,6,2,21],[8,16,4,20,24,12,22,6,14,2,21],[8,4,16,24,20,12,22,6,14,2,21],[4,24,12,16,20,8,6,22,14,2,21],[20,8,4,16,24,12,6,22,14,2,5,21],[8,20,24,16,4,12,22,6,14,2,5,21],[8,24,4,20,12,16,23,6,22,14,2,5,21],[12,4,8,24,16,20,6,22,14,21],[12,24,20,8,16,4,6,22,14,2,21],[24,4,12,20,8,16,6,22,14,2,5,21],[12,16,4,20,24,8,22,6,14,2,21],[24,4,8,16,12,20,6,22,14,2,5,21],[8,24,16,4,20,12,22,6,14,2,5,21],[24,20,16,4,8,12,6,22,14,2,5,21],[4,12,24,20,16,8,22,6,14,2,21],[16,4,8,24,12,20,22,6,14,2,21],[20,12,16,24,8,4,22,6,14,2,5,21],[24,8,16,20,4,12,6,21],[16,12,24,8,4,20,6,22,14,2,21],[16,8,20,24,12,4,21],[12,24,16,4,20,8,6,22,14,2,5,21],[12,24,16,20,4,8,22,6,14,2,21],[16,20,24,12,8,4,22,6,14,2,5,21],[24,8,4,20,16,12,6,22,14,2,21],[20,16,12,8,4,24,22,6,14,5,2,21],[24,20,16,12,4,8,21],[8,16,4,12,20,24,6,22,14,2,5,21],[16,4,20,12,8,24,22,6,14,2,21],[16,4,20,8,12,24,22,6,14,2,21],[12,20,16,24,8,4,6,22,14,2,5,21],[16,24,20,4,12,8,22,6,14,2,21],[24,8,16,4,20,12,22,6,14,2,21],[4,8,24,16,12,20,6,22,14,2,21],[16,20,8,24,4,12,21],[20,12,24,4,16,8,23,6,22,14,2,5,21],[12,16,24,4,8,20,6,22,14,2,21],[16,20,24,4,8,12,22,6,14,2,5,21],[8,4,16,20,24,12,6,22,14,2,5,21],[12,4,8,24,20,16,22,6,14,2,21],[8,20,24,12,4,16,22,6,14,2,21],[4,20,16,24,12,8,22,6,14,2,21],[16,20,12,4,8,24,21],[4,12,16,24,20,8,22,6,14,2,21],[16,24,12,20,8,4,6,22,14,21],[4,20,16,8,12,24,6,22,14,2,21],[12,20,4,24,8,16,7,22,6,14,2,21],[20,16,4,8,24,12,6,22,14,2,5,21],[24,16,20,12,8,4,22,6,14,2,21],[8,20,4,24,16,12,22,6,14,2,21],[24,16,20,8,12,4,6,22,14,2,21],[4,12,16,8,20,24,5,22,14,6,2,21],[16,4,8,24,12,20,22,6,14,2,21],[16,8,24,4,12,20,22,6,14,2,21],[20,16,8,24,12,4,22,6,14,2,5,21],[20,24,8,12,4,16,22,6,14,2,21],[24,8,16,4,20,12,22,6,14,2,21],[24,16,4,20,8,12,6,22,14,2,5,21],[8,20,24,12,4,16,22,6,14,2,21],[12,4,8,20,24,16,5,22,14,6,2,21],[8,16,20,4,12,24,22,6,14,5,2,21],[8,12,20,24,4,16,22,6,14,2,5,21],[8,16,4,20,24,12,22,6,14,2,5,21],[24,12,8,20,16,4,22,6,14,2,21],[12,4,16,24,8,20,22,6,14,2,21],[16,4,20,12,8,24,6,22,14,2,21],[24,4,16,12,8,20,22,6,14,5,2,21],[20,4,12,16,8,24,21],[8,16,12,20,4,24,6,22,14,2,21],[4,16,24,8,20,12,22,6,14,2,21],[16,12,4,20,8,24,6,22,14,2,21],[8,12,4,20,24,16,6,22,14,21],[16,24,4,12,20,8,6,22,14,2,21],[4,20,24,12,8,16,7,22,6,14,2,21],[4,12,24,8,16,20,22,6,14,2,5,21],[12,20,24,16,8,4,21],[12,24,16,8,20,4,22,6,14,2,5,21],[8,12,20,16,24,4,6,22,14,2,5,21],[4,16,12,8,24,20,22,6,14,2,21],[16,4,24,8,12,20,22,6,14,2,5,21],[24,20,8,16,4,12,22,6,14,2,5,21],[16,12,20,4,24,8,6,22,14,5,2,21],[16,24,12,4,20,8,6,22,14,2,21],[4,16,24,8,12,20,22,6,14,2,5,21],[16,4,8,20,24,12,22,6,14,2,21],[8,4,12,20,16,24,6,22,14,2,21],[24,20,4,8,12,16,6,22,14,2,5,21],[8,12,24,16,4,20,6,22,14,2,21],[16,20,24,8,12,4,22,6,14,2,21],[4,20,24,16,8,12,22,6,14,2,21],[12,4,16,20,24,8,6,22,14,5,2,21],[24,16,8,12,20,4,22,6,14,2,21],[24,20,16,12,8,4,22,6,14,2,21],[12,16,20,4,8,24,6,22,14,2,5,21],[24,12,20,16,8,4,22,6,14,2,21],[12,4,20,16,24,8,6,22,14,2,21],[24,4,8,20,12,16,23,6,22,14,2,5,21],[4,16,8,20,12,24,22,6,14,2,21],[16,24,12,8,4,20,22,6,14,2,5,21],[20,16,12,4,24,8,6,22,14,2,5,21],[12,4,16,8,24,20,6,22,14,2,21],[12,24,16,20,4,8,7,21],[24,12,4,16,20,8,6,22,14,2,5,21],[20,16,12,8,24,4,22,6,14,2,21],[8,12,20,16,24,4,22,6,14,2,5,21],[16,24,20,4,12,8,23,7,5],[16,8,12,20,4,24,22,6,14,2,5,21],[12,8,16,20,4,24,6,22,14,2,5,21],[20,16,4,12,24,8,6,22,14,2,21],[8,24,20,12,4,16,6,22,14,2,21],[12,24,4,8,16,20,6,22,14,2,21],[24,20,16,8,12,4,22,6,14,2,21],[20,16,24,12,8,4,6,22,14,2,5,21],[16,4,8,20,12,24,6,22,14,2,5,21],[8,12,16,20,24,4,21],[8,20,16,12,4,24,6,22,14,5,2,21],[16,20,8,24,12,4,21],[20,16,24,12,8,4,22,6,14,2,21],[16,20,8,24,4,12,22,6,14,2,5,21],[8,12,24,4,16,20,23,6,22,14,2,5,21],[24,12,8,4,20,16,22,6,14,2,5,21],[20,8,12,16,24,4,22,6,14,2,5,21],[8,20,16,4,12,24,22,6,14,2,5,21],[12,24,8,20,4,16,22,6,14,2,5,21],[12,8,20,4,24,16,5,23,22,14,2,6,21],[12,4,24,16,8,20,22,6,14,2,21],[12,24,20,16,8,4,22,6,14,2,5,21],[24,4,8,20,16,12,22,6,14,2,5,21],[24,12,20,16,4,8,22,6,14,2,21],[8,12,24,16,4,20,6,22,14,2,21],[24,16,8,20,12,4,6,22,14,2,21],[24,12,4,20,16,8,5,22,14,6,2,21],[8,12,16,24,20,4,22,6,14,2,21],[24,16,20,12,8,4,22,6,14,2,5,21],[4,8,16,12,24,20,6,21],[12,24,8,16,4,20,6,22,14,2,21],[4,16,20,24,8,12,6,22,14,2,21],[24,12,20,16,4,8,21],[24,16,12,8,4,20,21],[24,8,16,4,12,20,22,6,14,2,21],[4,16,20,24,8,12,21],[24,16,4,8,20,12,21],[20,16,4,12,24,8,6,22,14,2,21],[4,12,24,20,8,16,6,22,14,2,5,21],[24,16,4,8,12,20,6,22,14,2,5,21],[24,20,16,4,12,8,21],[20,12,24,16,8,4,22,6,14,2,5,21],[12,24,16,8,4,20,22,6,14,2,21],[20,4,16,8,12,24,22,6,14,2,21],[4,24,20,16,8,12,6,22,14,2,21],[24,12,16,4,8,20,22,6,14,2,21],[24,8,4,16,20,12,23,5,21],[16,20,4,24,12,8,6,22,14,5,2,21],[16,20,8,4,24,12,22,6,14,2,5,21],[20,24,4,12,16,8,5,22,14,6,2,21],[12,4,16,8,20,24,6,22,14,2,21],[20,24,4,16,12,8,22,6,14,2,21],[24,8,20,12,16,4,22,6,14,2,21],[16,4,24,20,12,8,21],[16,4,8,20,24,12,22,6,14,2,21],[12,4,8,20,16,24,22,6,14,2,5,21],[20,24,16,4,8,12,6,22,14,5,2,21],[24,16,12,8,4,20,6,22,14,2,5,21],[24,20,4,16,12,8,6,22,14,2,21],[12,24,8,16,20,4,6,22,14,2,5,21],[12,24,8,4,16,20,22,6,14,2,21],[20,24,12,16,4,8,22,6,14,2,21],[4,16,8,12,20,24,6,22,14,21],[12,24,4,8,20,16,22,6,14,5,2,21],[4,12,16,24,20,8,22,6,14,2,21],[24,16,12,4,8,20,22,6,14,2,5,21],[16,12,8,20,4,24,6,22,14,2,5,21],[4,20,8,16,12,24,6,22,14,2,21],[8,12,24,4,20,16,22,6,14,2,5,21],[20,4,16,12,8,24,22,6,14,2,21],[16,4,8,12,20,24,6,21],[8,24,4,12,16,20,22,6,14,2,21],[20,4,8,24,16,12,6,22,14,2,5,21],[16,24,8,12,4,20,6,22,14,2,21],[20,8,4,16,24,12,21],[20,4,24,12,8,16,6,22,14,2,21],[20,16,4,24,8,12,21],[16,12,20,4,8,24,5,22,14,6,21],[16,24,8,12,4,20,22,6,14,21],[12,8,20,24,4,16,22,6,14,2,21],[20,8,4,24,16,12,21],[4,16,20,24,8,12,6,22,14,2,5,21],[12,20,24,16,4,8,6,22,14,2,21],[20,16,4,8,12,24,7,22,6,14,2,21],[8,16,20,4,24,12,6,22,14,2,5,21],[12,20,16,24,8,4,22,6,14,2,5,21],[8,4,16,24,20,12,6,22,14,2,21],[24,20,16,12,4,8,6,22,14,2,21],[24,20,16,12,4,8,22,6,14,5,2,21],[4,12,24,16,8,20,22,6,14,2,5,21],[20,4,16,12,8,24,22,6,14,2,21],[20,16,24,4,8,12,6,22,14,2,5,21],[12,24,4,8,16,20,22,6,14,2,5,21],[4,8,12,20,24,16,22,6,14,2,21],[8,20,16,4,12,24,22,6,14,2,5,21],[24,20,12,4,16,8,22,6,14,2,5,21],[8,24,4,12,20,16,6,22,14,2,5,21],[16,8,24,12,4,20,5,22,14,6,2,21],[16,8,12,20,24,4,22,6,14,2,5,21],[8,12,20,4,16,24,22,6,14,2,5,21],[16,8,20,24,12,4,22,6,14,2,21],[4,12,20,24,16,8,6,22,14,2,21],[20,4,8,12,24,16,22,6,14,2,5,21],[16,4,12,20,24,8,6,22,14,2,5,21],[24,20,4,8,12,16,6,22,14,2,21],[4,12,16,24,8,20,6,22,14,2,21],[24,16,12,4,20,8,6,22,14,5,2,21],[20,8,12,4,16,24,6,22,14,2,21],[24,20,12,8,16,4,6,22,14,2,5,21],[12,20,24,8,16,4,22,6,14,2,5,21],[12,24,16,20,8,4,6,22,14,2,21],[12,4,16,20,8,24,6,22,14,2,21],[12,16,20,24,8,4,5,22,14,6,2,21],[24,20,16,12,8,4,6,22,14,2,21],[20,16,8,24,4,12,21],[12,8,20,4,16,24,22,6,14,2,21],[8,16,24,4,12,20,22,6,14,2,5,21],[24,16,8,4,12,20,22,6,14,2,5,21],[24,12,16,8,4,20,6,22,14,2,5,21],[12,16,4,20,8,24,22,6,14,2,21],[16,24,8,4,12,20,6,22,14,2,5,21],[4,16,24,20,12,8,6,22,14,21],[16,8,24,20,4,12,23,5,21],[20,8,4,16,24,12,22,6,14,2,5,21],[4,24,12,20,16,8,22,6,14,2,5,21],[8,4,24,16,12,20,22,6,14,2,21],[24,12,20,4,16,8,6,22,14,2,21],[4,20,12,16,24,8,6,22,14,2,21],[24,8,12,4,20,16,22,6,14,2,21],[12,16,8,24,4,20,6,22,14,2,5,21],[8,12,24,20,4,16,22,6,14,2,5,21],[20,16,12,24,8,4,22,6,14,2,5,21],[20,16,12,4,8,24,7,22,6,14,2,21],[16,4,8,24,20,12,22,6,14,21],[8,20,24,16,4,12,22,6,14,2,5,21],[16,4,8,24,12,20,22,6,14,2,21],[8,20,4,16,12,24,6,22,14,2,5,21],[16,24,8,4,20,12,21],[16,24,4,8,12,20,22,6,14,2,21],[20,12,24,8,16,4,22,6,14,2,5,21],[24,4,20,12,8,16,6,22,14,2,21],[16,12,4,8,24,20,22,6,14,2,5,21],[16,8,12,4,24,20,22,6,14,2,5,21],[24,4,20,8,12,16,6,22,14,2,21],[4,12,24,16,8,20,6,22,14,2,5,21],[16,4,8,24,12,20,6,22,14,2,21],[20,16,12,24,4,8,22,6,14,2,21],[20,16,24,8,4,12,6,22,14,5,2,21],[4,16,12,24,8,20,22,6,14,2,5,21],[24,12,20,16,8,4,22,6,14,2,5,21],[24,20,12,16,8,4,6,22,14,2,5,21],[24,4,8,12,16,20,23,6,22,14,2,5,21],[20,16,12,8,4,24,22,6,14,21],[24,4,12,20,8,16,6,22,14,2,5,21],[12,16,8,24,4,20,6,22,14,2,5,21],[24,16,20,4,8,12,22,6,14,5,2,21],[4,12,20,24,8,16,6,22,14,2,21],[24,16,8,4,20,12,21],[24,20,8,4,12,16,21],[8,4,20,12,16,24,22,6,14,5,2,21],[12,16,20,4,24,8,6,22,14,2,5,21],[12,16,4,24,8,20,23,6,22,14,2,5,21],[8,20,24,16,4,12,22,6,14,2,21],[12,16,8,24,20,4,22,6,14,21],[4,12,24,20,16,8,6,22,14,21],[24,20,8,16,12,4,22,6,14,21],[12,20,8,24,16,4,6,22,14,2,5,21],[16,24,4,20,12,8,6,22,14,2,5,21],[16,8,20,24,4,12,6,22,14,2,5,21],[4,24,8,16,20,12,22,6,14,2,5,21],[12,4,8,16,24,20,22,6,14,2,5,21],[20,24,8,12,4,16,6,22,14,2,21],[20,4,12,24,16,8,6,22,14,2,21],[8,12,24,4,16,20,6,22,14,2,21],[8,24,12,4,16,20,6,22,14,2,5,21],[16,12,4,24,20,8,6,22,14,5,2,21],[24,16,4,20,8,12,7,22,6,14,2,21],[24,12,16,20,4,8,7,23,13],[8,20,16,12,4,24,22,6,14,2,21],[20,24,16,4,12,8,6,22,14,2,5,21],[4,8,24,16,20,12,22,6,14,21],[12,8,16,4,24,20,6,22,14,2,5,21],[8,24,20,4,12,16,22,6,14,2,21],[20,16,12,24,4,8,6,22,14,5,2,21],[4,20,16,24,12,8,6,22,14,2,5,21],[20,16,8,24,12,4,22,6,14,2,21],[24,8,20,4,16,12,22,6,14,2,5,21],[20,12,16,24,4,8,22,6,14,2,21],[16,24,4,12,20,8,7,22,6,14,2,21],[8,20,4,12,16,24,22,6,14,2,21],[16,4,12,24,8,20,22,6,14,2,5,21],[4,16,8,24,20,12,22,6,14,2,21],[8,20,24,4,12,16,22,6,14,2,21],[20,4,16,24,12,8,6,22,14,5,2,21],[4,12,24,16,20,8,22,6,14,2,21],[16,20,12,4,24,8,7,21],[16,20,8,24,4,12,6,22,14,2,5,21],[12,16,8,20,4,24,7,22,6,14,2,21],[24,4,12,20,16,8,6,22,14,2,21],[4,24,20,16,12,8,6,22,14,2,21],[24,12,4,20,16,8,22,6,14,2,21],[20,8,24,16,12,4,23,6,22,14,2,5,21],[24,4,8,20,16,12,22,6,14,21],[8,12,4,16,24,20,22,6,14,21],[4,12,16,8,24,20,6,22,14,2,21],[8,4,12,20,16,24,22,6,14,2,5,21],[8,12,24,4,20,16,7,23,14],[16,20,24,8,12,4,6,22,14,2,5,21],[24,20,16,4,8,12,6,22,14,2,5,21],[16,20,12,24,4,8,23,6,22,14,2,5,21],[8,12,20,24,4,16,22,6,14,2,5,21],[12,24,16,8,20,4,22,6,14,2,21],[24,12,16,4,8,20,6,22,14,2,5,21],[20,8,16,12,4,24,22,6,14,2,21],[8,16,4,20,12,24,22,6,14,2,21],[12,20,4,8,16,24,6,22,14,2,21],[24,20,4,12,8,16,5,22,14,6,2,21],[12,16,4,20,24,8,6,22,14,2,5,21],[8,24,20,16,4,12,22,6,14,2,21],[20,8,24,12,16,4,22,6,14,2,21],[16,24,4,8,12,20,7,23,6],[16,12,8,24,4,20,22,6,14,2,5,21],[24,8,4,16,12,20,6,22,14,2,21],[20,12,4,24,8,16,6,22,14,2,21],[8,16,4,24,12,20,6,22,14,5,2,21],[24,8,12,4,20,16,6,22,14,5,2,21],[4,16,8,20,24,12,22,6,14,2,5,21],[4,20,24,8,12,16,5,22,14,6,2,21],[20,4,24,12,8,16,6,22,14,2,21],[20,4,8,24,16,12,5,22,14,6,2,21],[16,12,20,4,24,8,22,6,14,2,21],[12,16,24,20,4,8,22,6,14,2,21],[20,8,4,16,24,12,22,6,14,21],[24,8,16,20,12,4,22,6,14,2,5,21],[8,4,20,12,24,16,6,22,14,2,5,21],[20,24,4,12,16,8,6,22,14,2,5,21],[20,12,16,4,24,8,6,22,14,2,21],[8,24,16,4,20,12,22,6,14,2,21],[20,16,12,4,8,24,22,6,14,2,21],[20,16,8,24,12,4,6,22,14,2,21],[4,20,12,24,8,16,22,6,14,2,5,21],[4,8,12,20,16,24,22,6,14,2,21],[4,8,16,20,12,24,6,22,14,2,5,21],[8,12,24,4,16,20,6,22,14,21],[24,20,4,8,12,16,22,6,14,2,21],[8,20,16,4,12,24,22,6,14,2,21],[16,8,20,12,4,24,22,6,14,2,21],[20,12,16,24,8,4,21],[8,24,20,12,4,16,6,22,14,2,5,21],[16,20,4,12,24,8,6,22,14,2,21],[16,8,12,4,24,20,5,21],[8,4,24,16,12,20,6,22,14,5,2,21],[8,20,12,4,24,16,7,21],[16,20,12,24,4,8,6,22,14,2,21],[20,16,24,4,12,8,6,22,14,2,5,21],[12,20,4,8,16,24,22,6,14,2,21],[12,24,8,4,16,20,22,6,14,2,5,21],[12,20,24,8,4,16,6,22,14,2,5,21],[20,12,16,24,4,8,6,22,14,2,5,21],[8,12,4,24,16,20,6,22,14,2,5,21],[16,20,8,24,4,12,22,6,14,2,5,21],[12,4,24,8,20,16,22,6,14,2,21],[4,12,20,24,8,16,22,6,14,2,21],[8,4,16,12,20,24,6,22,14,2,5,21],[12,20,16,4,24,8,22,6,14,2,5,21],[4,20,24,12,8,16,6,22,14,2,5,21],[16,8,12,24,4,20,22,6,14,2,21],[12,16,20,8,4,24,22,6,14,2,21],[24,4,20,8,12,16,6,22,14,2,21],[4,8,20,16,12,24,6,22,14,2,5,21],[20,4,24,16,12,8,6,22,14,2,5,21],[4,12,8,24,16,20,6,22,14,2,5,21],[16,20,12,24,8,4,22,6,14,2,21],[8,16,24,4,12,20,22,6,14,5,2,21],[24,4,8,16,20,12,22,6,14,2,21],[8,24,20,16,4,12,6,22,14,2,21],[8,16,12,20,24,4,22,6,14,2,5,21],[16,24,8,12,20,4,22,6,14,2,21],[20,16,4,12,24,8,6,22,14,5,2,21],[8,4,12,20,16,24,6,22,14,21],[20,8,4,24,16,12,5,22,14,6,2,21],[16,24,4,8,12,20,6,22,14,21],[4,20,8,12,24,16,22,6,14,2,5,21],[12,8,4,20,16,24,5,22,14,6,2,21],[24,16,4,8,20,12,6,22,14,2,21],[12,24,4,8,16,20,5,22,14,6,2,21],[24,8,20,4,12,16,6,22,14,2,5,21],[24,12,4,20,16,8,6,22,14,2,21],[4,12,24,8,20,16,6,22,14,2,21],[20,24,16,12,8,4,5,22,14,6,2,21],[4,12,16,24,8,20,6,22,14,2,21],[12,20,16,24,4,8,22,6,14,5,2,21],[8,16,12,20,24,4,6,22,14,2,5,21],[8,12,24,16,4,20,6,22,14,21],[20,8,4,16,12,24,6,22,14,5,2,21],[20,24,12,16,8,4,6,22,14,2,21],[20,12,24,8,4,16,22,6,14,2,5,21],[16,20,24,4,8,12,21],[12,24,8,16,20,4,6,22,14,2,5,21],[8,12,24,16,4,20,22,6,14,2,5,21],[16,12,20,4,24,8,6,22,14,2,21],[4,12,24,20,8,16,5,22,14,6,2,21],[8,24,16,20,12,4,6,22,14,2,5,21],[8,24,16,20,4,12,6,22,14,2,5,21],[20,24,4,16,8,12,6,22,14,2,5,21],[24,4,12,20,16,8,6,22,14,2,5,21],[24,8,4,16,20,12,22,6,14,2,5,21],[24,20,8,16,4,12,6,22,14,5,2,21],[20,16,8,24,4,12,22,6,14,2,5,21],[20,8,12,4,16,24,6,22,14,2,21],[4,8,24,16,20,12,6,22,14,2,21],[24,4,20,16,12,8,22,6,14,2,5,21],[4,12,16,20,24,8,6,22,14,5,2,21],[24,20,4,12,16,8,22,6,14,5,2,21],[24,8,16,20,12,4,6,22,14,2,21],[8,16,4,20,12,24,6,22,14,2,21],[20,8,12,24,4,16,22,6,14,2,21],[20,4,8,24,12,16,22,6,14,2,21],[4,24,20,8,16,12,22,6,14,2,21],[12,20,16,4,24,8,21],[4,24,8,16,20,12,6,22,14,21],[16,12,24,4,20,8,22,6,14,2,21],[4,24,16,12,20,8,22,6,14,2,21],[12,4,20,24,8,16,6,22,14,21],[20,12,16,4,8,24,22,6,14,2,21],[4,12,24,16,8,20,22,6,14,5,2,21],[4,24,16,20,12,8,22,6,14,2,5,21],[8,12,20,4,16,24,23,5,21],[24,8,16,12,4,20,6,22,14,2,21],[8,12,24,4,16,20,6,22,14,2,5,21],[12,24,4,8,20,16,22,6,14,2,5,21],[4,24,16,12,8,20,6,22,14,2,5,21],[12,4,8,16,20,24,6,22,14,2,5,21],[4,12,20,24,8,16,6,22,14,2,5,21],[4,16,8,12,20,24,7,22,6,14,2,21],[12,16,8,20,24,4,22,6,14,2,21],[24,12,4,8,16,20,22,6,14,2,5,21],[12,24,20,8,4,16,22,6,14,2,21],[12,4,8,24,20,16,6,22,14,2,5,21],[16,8,4,24,20,12,6,22,14,2,21],[16,4,24,8,20,12,22,6,14,2,21],[24,8,16,12,4,20,22,6,14,21],[8,16,20,12,24,4,22,6,14,2,21],[8,16,12,20,4,24,22,6,14,2,5,21],[4,24,8,20,16,12,22,6,14,2,5,21],[24,4,16,12,20,8,6,22,14,2,5,21],[24,8,12,20,4,16,22,6,14,2,21],[24,12,20,4,16,8,22,6,14,2,5,21],[8,24,12,20,4,16,23,6,22,14,2,5,21],[20,24,8,12,4,16,22,6,14,2,5,21],[12,24,4,16,8,20,22,6,14,2,5,21],[16,8,12,20,4,24,6,22,14,2,21],[20,8,24,4,16,12,6,22,14,2,21],[16,4,8,12,24,20,6,22,14,2,21],[16,4,8,24,12,20,22,6,14,2,21],[8,12,24,16,4,20,21],[8,24,16,12,4,20,22,6,14,21],[20,24,8,4,16,12,6,22,14,2,5,21],[24,20,12,16,8,4,6,22,14,5,2,21],[12,4,20,16,8,24,22,6,14,2,21],[16,24,8,20,4,12,6,22,14,2,21],[20,8,24,16,4,12,6,22,14,2,5,21],[16,4,12,24,20,8,22,6,14,2,21],[12,20,8,4,16,24,22,6,14,2,21],[16,4,24,8,12,20,22,6,14,2,5,21],[24,4,20,16,8,12,22,6,14,2,5,21],[20,16,12,4,24,8,22,6,14,2,5,21],[8,24,4,20,16,12,6,22,14,2,21],[20,24,12,16,4,8,6,22,14,2,21],[8,4,20,12,24,16,22,6,14,2,21],[4,20,8,12,16,24,22,6,14,2,5,21],[24,8,12,20,4,16,6,21],[4,8,24,20,12,16,22,6,14,2,21],[16,20,8,24,4,12,6,22,14,2,5,21],[12,4,24,8,20,16,6,22,14,2,21],[20,4,12,24,8,16,6,22,14,2,21],[16,20,24,4,8,12,5,22,14,6,2,21],[20,12,4,24,8,16,22,6,14,2,21],[20,24,4,12,8,16,6,22,14,2,21],[12,4,16,24,8,20,22,6,14,2,5,21],[16,8,12,20,24,4,21],[8,24,16,4,20,12,6,22,14,2,21],[8,20,16,12,24,4,6,22,14,2,5,21],[4,24,20,8,16,12,22,6,14,2,21],[20,8,16,24,12,4,22,6,14,2,5,21],[4,24,16,12,8,20,6,22,14,2,5,21],[16,8,4,24,12,20,6,22,14,2,5,21],[24,16,20,12,4,8,6,22,14,2,21],[8,16,4,20,12,24,6,22,14,2,21],[12,20,16,4,24,8,6,22,14,2,21],[12,16,20,24,8,4,22,6,14,2,5,21],[20,8,12,16,4,24,22,6,14,5,2,21],[20,8,12,24,16,4,6,22,14,2,5,21],[8,12,4,16,20,24,6,22,14,2,5,21],[24,20,16,8,4,12,21],[16,20,8,24,4,12,6,22,14,2,5,21],[4,16,12,8,20,24,21],[12,16,20,4,8,24,6,22,14,2,5,21],[20,12,16,4,8,24,22,6,14,2,21],[24,12,8,4,16,20,22,6,14,2,21],[4,16,20,8,12,24,22,6,14,2,21],[12,16,8,4,24,20,22,6,14,2,21],[16,20,4,12,24,8,22,6,14,2,5,21],[16,12,24,20,4,8,22,6,14,2,21],[4,16,12,20,8,24,6,22,14,2,21],[8,16,24,20,4,12,22,6,14,2,21],[12,4,24,20,16,8,6,22,14,2,5,21],[4,20,8,24,12,16,22,6,14,2,5,21],[12,24,20,8,4,16,22,6,14,2,5,21],[24,4,12,20,16,8,22,6,14,2,5,21],[20,12,16,24,8,4,21],[20,16,4,12,8,24,22,6,14,21],[4,20,24,8,16,12,7,22,6,14,2,21],[24,16,4,12,20,8,22,6,14,2,5,21],[16,20,24,8,4,12,22,6,14,21],[16,12,4,8,24,20,21],[20,4,8,12,16,24,22,6,14,2,21],[20,4,24,8,12,16,21],[24,16,20,4,12,8,22,6,14,2,21],[16,8,24,20,12,4,22,6,14,2,5,21],[16,4,24,20,12,8,7,22,6,14,2,21],[16,24,20,12,4,8,6,22,14,2,5,21],[24,12,8,4,20,16,22,6,14,2,21],[16,4,12,24,20,8,22,6,14,2,21],[8,16,12,4,24,20,23,7,14],[16,20,24,4,8,12,6,22,14,2,21],[16,24,12,8,4,20,7,22,6,14,2,21],[12,20,4,8,24,16,6,22,14,2,5,21],[16,24,12,20,4,8,23,6,22,14,2,5,21],[20,12,4,16,8,24,6,22,14,2,21],[8,4,24,16,20,12,6,22,14,2,21],[24,4,16,12,8,20,6,22,14,2,21],[24,20,8,4,12,16,22,6,14,2,5,21],[4,24,8,12,16,20,22,6,14,2,5,21],[20,12,4,16,24,8,22,6,14,2,21],[24,4,16,20,12,8,5,22,14,6,2,21],[24,4,20,12,8,16,6,22,14,2,5,21],[16,4,24,8,12,20,6,22,14,2,5,21],[20,16,4,24,8,12,7,22,6,14,2,21],[24,8,12,16,20,4,6,22,14,2,5,21],[12,24,4,20,16,8,6,22,14,2,5,21],[4,16,12,8,24,20,22,6,14,2,21],[8,20,24,12,16,4,22,6,14,2,5,21],[4,20,24,12,16,8,22,6,14,2,21],[16,4,20,12,24,8,6,22,14,2,21],[4,12,20,16,8,24,22,6,14,2,5,21],[12,8,16,20,4,24,6,22,14,2,21],[8,20,4,12,16,24,22,6,14,2,21],[20,4,8,12,16,24,22,6,14,2,5,21],[12,8,4,20,16,24,5,22,14,6,2,21],[24,4,20,16,8,12,22,6,14,21],[24,20,16,4,8,12,22,6,14,2,5,21],[4,16,8,12,24,20,6,22,14,2,21],[24,4,16,20,8,12,22,6,14,2,21],[8,4,16,20,12,24,22,6,14,2,21],[4,12,20,16,8,24,22,6,14,2,5,21],[16,24,20,8,12,4,5,22,14,6,2,21],[8,12,20,4,16,24,21],[8,16,20,4,24,12,22,6,14,2,21],[8,16,20,24,4,12,22,6,14,2,21],[8,12,24,4,16,20,22,6,14,2,21],[4,24,8,16,12,20,22,6,14,2,5,21],[24,12,8,4,16,20,22,6,14,2,5,21],[20,8,12,16,24,4,6,22,14,2,5,21],[24,20,16,12,8,4,21],[8,24,4,12,16,20,7,22,6,14,2,21],[24,12,16,4,20,8,6,22,14,2,5,21],[8,4,16,24,20,12,6,22,14,2,5,21],[8,16,12,20,24,4,22,6,14,2,21],[12,4,24,8,16,20,6,22,14,2,5,21],[20,12,16,8,4,24,23,7,14],[8,24,20,4,16,12,22,6,14,2,5,21],[16,8,20,12,24,4,6,22,14,2,21],[20,12,24,8,16,4,6,22,14,2,21],[8,24,12,16,20,4,22,6,14,2,21],[12,20,24,16,8,4,21],[8,24,20,4,12,16,6,22,14,2,21],[20,12,8,16,24,4,22,6,14,2,5,21],[16,8,4,12,24,20,6,22,14,2,21],[16,4,24,12,20,8,6,22,14,2,5,21],[4,16,24,8,12,20,6,22,14,5,2,21],[24,4,20,12,16,8,22,6,14,2,5,21],[24,4,8,16,12,20,6,22,14,2,21],[16,8,20,24,12,4,6,22,14,2,21],[20,12,4,8,16,24,22,6,14,2,5,21],[4,8,20,12,16,24,6,22,14,2,5,21],[8,4,16,12,24,20,21],[4,16,20,8,24,12,22,6,14,2,5,21],[16,24,20,12,4,8,22,6,14,2,5,21],[24,20,4,8,16,12,5,22,14,6,2,21],[4,24,16,20,8,12,22,6,14,2,21],[16,4,24,20,12,8,6,22,14,2,5,21],[20,24,12,4,16,8,22,6,14,2,21],[12,8,24,20,4,16,22,6,14,2,21],[20,12,8,4,24,16,22,6,14,2,21],[12,24,16,4,20,8,6,22,14,2,21],[12,8,24,20,4,16,22,6,14,2,5,21],[20,12,4,16,24,8,6,22,14,2,5,21],[16,24,12,8,4,20,22,6,14,2,5,21],[4,12,16,20,24,8,6,22,14,2,5,21],[12,8,16,4,24,20,6,22,14,2,21],[12,20,4,24,16,8,6,22,14,2,21],[16,12,24,4,8,20,22,6,14,2,21],[24,16,8,12,4,20,22,6,14,2,5,21],[24,12,16,8,20,4,6,22,14,2,5,21],[24,16,12,20,4,8,22,6,14,2,21],[4,20,12,16,24,8,22,6,14,2,5,21],[16,4,12,20,8,24,22,6,14,2,21],[4,8,12,20,24,16,6,22,14,2,5,21],[20,24,8,12,4,16,7,23,15,22,14,6,2,5],[12,24,20,4,16,8,6,22,14,2,5,21],[12,8,24,16,4,20,6,22,14,2,5,21],[20,4,16,8,24,12,22,6,14,2,5,21],[4,16,12,24,20,8,22,6,14,2,5,21],[24,20,8,12,4,16,22,6,14,2,5,21],[8,12,4,24,20,16,6,22,14,2,21],[4,12,8,20,24,16,23,5,22,14,2,6,21],[24,12,20,16,4,8,22,6,14,2,21],[24,12,4,8,20,16,6,21],[8,20,24,12,4,16,6,22,14,5,2,21],[16,8,4,12,20,24,23,6,22,14,2,5,21],[16,24,12,4,20,8,6,22,14,2,21],[8,4,20,16,12,24,21],[12,16,4,24,20,8,6,22,14,2,21],[8,20,16,4,12,24,6,22,14,2,21],[4,20,12,24,16,8,6,22,14,2,5,21],[24,4,20,16,12,8,5,22,14,6,2,21],[4,16,12,20,24,8,22,6,14,2,5,21],[24,20,8,12,16,4,22,6,14,2,5,21],[4,8,20,12,24,16,21],[12,4,20,8,16,24,6,22,14,2,5,21],[16,8,12,4,20,24,6,22,14,5,2,21],[12,20,16,4,24,8,6,22,14,5,2,21],[4,8,24,20,16,12,22,6,14,2,5,21],[8,20,12,16,24,4,22,6,14,2,5,21],[4,8,20,12,24,16,22,6,14,2,21],[16,20,12,4,24,8,22,6,14,2,5,21],[20,24,12,8,16,4,6,22,14,2,21],[20,12,16,8,24,4,22,6,14,5,2,21],[16,12,24,4,8,20,7,23,14],[4,8,12,20,16,24,22,6,14,2,21],[24,12,20,16,8,4,22,6,14,2,5,21],[20,8,16,12,24,4,22,6,14,2,21],[24,12,20,4,8,16,22,6,14,2,5,21],[8,4,12,16,24,20,21],[20,4,8,12,16,24,22,6,14,2,21],[4,20,16,12,24,8,22,6,14,2,21],[4,8,24,20,12,16,6,22,14,2,5,21],[4,24,8,12,20,16,22,6,14,2,5,21],[8,16,12,4,20,24,5,22,14,6,2,21],[16,4,20,24,12,8,22,6,14,2,5,21],[20,8,24,4,12,16,22,6,14,2,21],[20,8,24,4,12,16,22,6,14,2,5,21],[12,20,16,4,8,24,22,6,14,2,5,21],[24,8,12,20,16,4,21],[8,24,20,12,16,4,6,22,14,2,5,21],[4,12,24,16,8,20,22,6,14,2,21],[8,24,12,16,4,20,22,6,14,2,5,21],[12,4,24,16,20,8,22,6,14,21],[4,24,16,8,20,12,22,6,14,2,5,21],[8,24,4,20,12,16,6,22,14,2,21],[20,16,24,8,12,4,22,6,14,2,5,21],[16,12,20,4,24,8,6,22,14,2,21],[12,16,8,4,20,24,6,22,14,5,2,21],[4,20,24,12,8,16,22,6,14,21],[8,4,24,12,20,16,23,6,22,14,2,5,21],[24,4,12,20,8,16,22,6,14,21],[4,24,12,20,16,8,5,22,14,6,2,21],[20,4,24,16,8,12,6,22,14,2,5,21],[12,8,20,4,16,24,6,22,14,2,5,21],[20,24,4,12,16,8,22,6,14,2,21],[16,12,20,4,8,24,6,22,14,2,5,21],[16,12,8,4,24,20,22,6,14,2,21],[12,16,4,8,20,24,23,6,22,14,2,5,21],[8,12,4,20,16,24,22,6,14,2,21],[24,4,8,12,16,20,6,22,14,2,21],[4,8,12,24,20,16,23,6,22,14,2,5,21],[16,4,24,12,20,8,6,22,14,2,21],[4,12,16,20,8,24,6,22,14,2,21],[4,8,12,16,24,20,6,22,14,2,5,21],[24,4,16,8,20,12,6,22,14,2,21],[16,8,20,24,12,4,22,6,14,2,5,21],[20,12,4,24,8,16,6,22,14,2,5,21],[4,16,24,20,8,12,5,22,14,6,2,21],[4,24,12,16,20,8,22,6,14,2,5,21],[8,4,20,16,24,12,6,22,14,2,21],[16,4,24,20,12,8,22,6,14,2,21],[8,12,16,4,24,20,6,22,14,2,21],[4,16,8,20,12,24,5,22,14,6,2,21],[24,20,16,8,4,12,6,22,14,2,5,21],[4,20,16,8,24,12,6,22,14,2,21],[20,12,24,4,8,16,6,22,14,21],[8,24,20,16,4,12,6,22,14,2,21],[4,16,24,8,20,12,6,22,14,2,21],[8,12,24,4,16,20,22,6,14,2,21],[20,24,16,4,8,12,6,22,14,21],[12,4,8,24,16,20,6,22,14,2,21],[16,12,4,8,24,20,22,6,14,2,21],[20,4,24,12,16,8,6,22,14,2,5,21],[20,4,16,12,24,8,22,6,14,2,5,21],[24,12,20,4,8,16,7,22,6,14,2,21],[16,20,12,4,24,8,22,6,14,2,5,21],[12,20,8,16,4,24,6,22,14,2,5,21],[12,8,20,24,4,16,22,6,14,2,5,21],[24,4,8,20,12,16,6,22,14,2,5,21],[4,8,16,24,20,12,22,6,14,2,5,21],[4,12,8,16,24,20,7,22,6,14,2,21],[8,16,24,20,12,4,6,22,14,5,2,21],[20,16,8,12,24,4,21],[16,4,24,8,12,20,22,6,14,2,21],[16,12,20,4,24,8,23,6,22,14,2,5,21],[16,4,20,12,24,8,6,22,14,5,2,21],[8,16,12,20,24,4,22,6,14,2,5,21],[4,8,20,24,12,16,6,22,14,2,5,21],[12,8,16,24,20,4,6,22,14,2,21],[20,4,8,12,16,24,5,22,14,6,2,21],[16,8,12,24,20,4,22,6,14,2,21],[20,8,16,12,24,4,22,6,14,2,5,21],[24,8,4,16,12,20,21],[8,16,20,4,12,24,6,22,14,2,21],[24,4,20,12,8,16,6,22,14,5,2,21],[12,8,4,20,24,16,6,22,14,2,21],[12,24,8,16,20,4,22,6,14,2,21],[16,24,8,12,4,20,22,6,14,2,5,21],[20,12,4,8,24,16,5,23,22,14,2,6,21],[24,8,4,12,16,20,22,6,14,2,21],[20,16,8,24,4,12,22,6,14,2,5,21],[24,4,16,12,20,8,6,22,14,2,5,21],[8,12,20,16,4,24,22,6,14,2,5,21],[4,8,16,20,12,24,22,6,14,5,2,21],[8,16,20,4,24,12,5,22,14,6,2,21],[8,4,12,20,16,24,6,22,14,2,21],[8,20,16,12,4,24,22,6,14,2,21],[20,4,12,24,16,8,6,22,14,2,5,21],[16,12,4,24,20,8,6,22,14,2,5,21],[16,24,8,12,4,20,5,23],[16,8,24,4,20,12,5,21],[12,4,16,24,20,8,22,6,14,2,5,21],[4,20,12,8,24,16,22,6,14,2,5,21],[24,4,12,16,20,8,22,6,14,21],[4,16,8,12,20,24,6,22,14,2,5,21],[16,4,12,24,8,20,5,21],[24,16,12,4,8,20,22,6,14,2,21],[24,4,16,8,20,12,6,21],[16,8,24,4,20,12,6,22,14,2,21],[4,24,16,8,20,12,6,22,14,2,21],[8,12,16,24,20,4,22,6,14,2,21],[16,4,24,12,8,20,6,22,14,2,21],[20,12,16,8,4,24,22,6,14,2,21],[20,12,16,4,24,8,22,6,14,2,21],[20,8,12,4,16,24,22,6,14,2,21],[4,20,12,24,8,16,6,22,14,2,21],[16,24,12,8,4,20,22,6,14,2,21],[4,20,16,8,24,12,22,6,14,2,21],[20,4,24,8,16,12,6,22,14,2,5,21],[8,12,16,20,24,4,6,22,14,2,5,21],[4,16,24,12,8,20,5,22,14,6,2,21],[16,8,4,24,12,20,22,6,14,2,21],[12,24,4,16,20,8,22,6,14,2,5,21],[20,4,8,24,16,12,6,22,14,2,5,21],[20,24,16,8,12,4,6,22,14,2,21],[16,24,4,8,12,20,6,22,14,2,21],[12,16,24,4,8,20,22,6,14,2,21],[4,8,12,24,16,20,22,6,14,2,21],[4,24,16,8,20,12,22,6,14,5,2,21],[20,8,24,12,4,16,6,22,14,2,5,21],[16,24,4,20,12,8,7,21],[4,8,12,24,20,16,6,22,14,5,2,21],[4,8,12,20,24,16,6,22,14,2,5,21],[16,8,24,4,12,20,22,6,14,2,5,21],[20,8,24,16,12,4,22,6,14,2,5,21],[4,20,12,16,8,24,6,22,14,2,5,21],[8,24,12,4,16,20,7,22,6,14,2,21],[20,4,8,12,16,24,22,6,14,2,5,21],[20,12,24,8,4,16,6,22,14,2,5,21],[20,16,24,12,4,8,6,22,14,2,5,21],[20,12,24,16,8,4,23,6,22,14,2,5,21],[8,16,12,4,20,24,6,22,14,2,5,21],[8,12,16,4,20,24,6,22,14,2,21],[4,8,24,16,20,12,22,6,14,21],[16,20,4,8,12,24,22,6,14,5,2,21],[12,24,4,20,16,8,23,5,22,14,2,6,21],[24,20,8,4,16,12,22,6,14,2,5,21],[24,12,4,16,20,8,22,6,14,2,21],[20,4,24,8,12,16,22,6,14,2,21],[12,20,8,16,24,4,5,22,14,6,2,21],[20,12,16,4,8,24,22,6,14,2,5,21],[12,24,8,16,4,20,6,22,14,2,5,21],[16,4,12,20,8,24,22,6,14,2,21],[24,12,8,16,4,20,6,22,14,2,21],[12,20,24,16,8,4,6,22,14,2,21],[24,12,20,8,16,4,22,6,14,2,5,21],[24,8,12,4,20,16,22,6,14,2,5,21],[24,20,4,16,12,8,6,22,14,21],[8,4,24,16,12,20,22,6,14,2,5,21],[16,8,20,4,24,12,5,22,14,6,2,21],[12,4,16,20,24,8,7,22,6,14,2,21],[8,4,24,20,12,16,22,6,14,2,21],[20,4,16,8,12,24,22,6,14,5,2,21],[16,24,8,4,20,12,6,22,14,2,21],[8,12,24,20,16,4,22,6,14,2,5,21],[4,12,16,20,8,24,5,22,14,6,2,21],[16,12,4,8,24,20,22,6,14,2,5,21],[8,20,16,4,24,12,22,6,14,2,21],[4,20,12,8,16,24,21],[8,16,24,20,12,4,22,6,14,2,21],[12,20,24,16,4,8,6,22,14,2,21]],"n_human":10}