{"problem_id":"qqiVbqryVLFhcXQ","sigma":150,"alpha":10.000,"cost":0,"probabilities":"[0.18, 0.39, 0.2, 0.23]","payoff_matrix":"[[-221, -85, -216, 193, -36, 84], [-34, -65, 276, 57, -34, -62], [-85, 113, 157, 0, 132, 16], [-104, -34, 129, -161, -235, -160]]","uncovered":[[10,6,2,22,18,14,12],[2,18,6,14,22,10,12],[14,22,18,2,6,10,16,24,8],[6,18,22,2,10,14,16,13,19,12],[18,6,10,22,2,14,11],[14,6,18,22,10,2,12],[18,22,14,2,10,6,15,12],[18,6,2,22,14,10,16,24,23,7,5],[6,22,18,2,10,14,12],[14,10,22,6,18,2,11],[14,6,18,2,10,22,16,11],[2,6,10,18,22,14,16,4],[6,14,2,10,22,18,9,16,20,4,21,24,12],[2,18,14,10,6,22,15,12],[10,18,14,6,2,22,12],[10,18,6,22,2,14,16,13,12],[14,18,22,2,6,10,12],[10,18,6,2,14,22,16,12],[6,18,2,10,22,14,16,3,19,20],[6,22,18,2,14,10,15,12],[22,6,10,14,2,18,13,12],[14,18,10,6,2,22,11],[14,6,10,22,2,18,13,12],[10,2,18,6,22,14,16,5,12],[14,10,2,6,22,18,16,17,9,4,8,12],[22,18,2,10,6,14,16,1],[18,6,14,2,10,22,16,24,20],[10,2,6,14,22,18,11],[10,18,2,22,14,6,12],[18,14,22,6,10,2,16,11],[22,10,18,14,6,2,12],[10,6,14,2,18,22,9,16,4,20,11],[22,10,14,2,6,18,16,19,12],[18,14,2,6,22,10,12],[2,6,10,22,18,14,12],[22,6,10,2,18,14,12],[22,2,10,18,14,6,12],[14,2,10,22,18,6,15,11],[22,14,6,2,10,18,16,12],[22,14,10,6,2,18,16,9,20,4,24,12],[6,14,2,18,10,22,12],[18,2,10,22,14,6,12],[6,2,22,14,10,18,11],[10,14,22,18,6,2,16,5,9,20,4,21,24],[18,2,14,6,10,22,16,3,8],[22,18,6,2,10,14,16,20],[2,18,6,10,14,22,12],[14,6,18,2,22,10,16,3,17],[6,14,22,2,18,10,16,12],[14,18,2,6,10,22,15,12],[18,22,2,6,10,14,16,19,17,11],[22,14,18,2,10,6,16,17,3],[18,10,22,14,6,2,12],[22,10,18,2,14,6,12],[14,2,10,6,18,22,12],[18,10,14,22,6,2,11],[14,6,18,22,2,10,11],[2,18,6,10,14,22,11],[22,18,10,14,2,6,9,16,20,4,7,12],[10,2,22,14,18,6,16,17,8],[2,18,10,6,22,14,12],[2,18,14,22,6,10,16,24,7,3],[10,2,18,14,6,22,15,12],[10,6,2,22,14,18,12],[6,10,22,14,18,2,16,11],[14,18,10,6,2,22,15,12],[2,18,22,6,10,14,16,13,9,12],[22,2,6,18,10,14,12],[22,6,2,14,18,10,13,12],[18,2,10,22,6,14,12],[18,10,22,6,14,2,15,12],[22,18,6,14,10,2,11],[18,6,2,10,22,14,13,12],[6,14,22,10,2,18,12],[14,6,10,22,18,2,16,17,5],[2,14,22,18,6,10,9,16,4,20,12],[10,18,2,14,6,22,12],[6,10,22,2,14,18,13,12],[6,14,18,22,2,10,9,16,4,20,8,12],[10,14,2,18,22,6,16,17,3],[18,6,14,22,2,10,11],[22,14,18,2,10,6,16,17,11],[18,22,10,2,14,6,11],[22,6,10,14,2,18,12],[22,2,18,6,14,10,12],[10,22,6,2,14,18,12],[2,22,10,18,6,14,16,17,3],[10,22,2,6,18,14,9,16,4,20,8,12],[14,10,22,6,18,2,9,16,3,20,7,12],[10,6,22,18,14,2,16,3,19,20],[22,18,10,2,14,6,16,9,20,4,23,12],[18,22,2,14,10,6,12],[18,10,2,22,14,6,16,3,19,12],[6,2,10,18,14,22,16,17,12],[22,14,10,6,2,18,12],[18,10,2,22,14,6,16,21,23,4],[18,6,22,10,14,2,16,3],[2,6,10,18,22,14,12],[22,10,18,6,2,14,13,12],[22,18,14,6,2,10,15,12],[18,14,22,2,10,6,9,16,20,4,24,12],[22,2,18,14,6,10,16,5,20],[18,2,10,14,6,22,16,17,5],[22,14,18,6,10,2,16,12],[14,2,22,10,6,18,11],[18,14,2,6,10,22,16,15,17],[14,22,6,10,18,2,15,12],[6,22,2,10,18,14,12],[22,2,6,14,18,10,12],[10,14,18,2,6,22,12],[6,2,10,22,14,18,16,9,20,4,12],[6,10,22,2,14,18,12],[2,10,14,6,18,22,12],[10,18,6,14,2,22,16,1],[6,18,22,14,10,2,12],[22,18,10,2,14,6,16,20],[22,2,6,18,10,14,16,4],[2,22,6,14,18,10,12],[18,14,22,10,6,2,12],[18,10,14,2,6,22,12],[6,18,14,2,22,10,16,4],[6,14,22,18,10,2,11],[18,10,2,6,22,14,16,1],[22,18,6,14,2,10,15,12],[10,6,14,2,18,22,16,23,11],[10,18,2,22,6,14,12],[2,10,22,18,6,14,11],[14,2,10,6,18,22,9,16,4,12],[10,14,6,2,18,22,12],[10,22,6,2,14,18,11],[2,10,6,22,14,18,16,5,1],[22,10,14,2,6,18,12],[14,6,2,18,10,22,12],[22,14,2,10,6,18,12],[6,14,2,10,22,18,9,16,12],[10,6,2,18,22,14,16,5,12],[10,2,6,18,14,22,16,9,4,20,12],[22,2,6,10,14,18,13,12],[10,22,2,6,18,14,12],[2,14,6,22,10,18,9,16,4,20,24,5],[18,22,2,6,10,14,16,8,9,12],[10,18,2,6,14,22,9,16,20,4,23,8,12],[14,22,2,6,10,18,15,12],[18,10,22,14,6,2,16,1],[6,14,10,18,2,22,16,9,4,20,8,23,15,12],[14,2,18,22,6,10,16,11],[22,18,14,6,10,2,13,12],[14,10,2,18,6,22,16,1],[10,14,2,6,22,18,16,19,21,11],[2,10,14,6,18,22,15,12],[10,2,14,18,6,22,16,4],[22,2,18,10,6,14,16,9,4,20,8,12],[22,10,2,18,6,14,16,8,7,1],[10,2,14,22,6,18,16,9,20,12],[14,10,2,22,6,18,12],[18,2,10,6,14,22,16,20],[14,22,2,10,18,6,16,5,4],[6,22,10,14,2,18,12],[10,18,14,22,6,2,16,15,1],[6,14,18,22,2,10,11],[2,22,18,14,6,10,12],[2,14,22,10,6,18,12],[14,10,6,22,18,2,16,11],[18,10,2,14,6,22,13,12],[18,10,2,6,14,22,16,4],[6,10,2,22,14,18,12],[18,6,2,10,14,22,13,12],[10,2,18,6,22,14,16,4],[22,18,6,14,10,2,12],[10,2,22,18,14,6,16,13,9,12],[14,10,2,18,22,6,12],[22,6,18,10,14,2,16,11],[14,10,2,6,18,22,16,3,7,13,9,12],[2,14,22,6,18,10,12],[18,6,2,22,14,10,12],[10,2,18,6,22,14,12],[22,2,10,18,14,6,16,5,1],[10,22,14,18,2,6,16,21,20],[14,18,10,6,22,2,12],[18,6,2,10,22,14,12],[14,6,2,10,18,22,12],[2,18,6,14,22,10,16,8,3],[6,14,18,10,22,2,11],[6,14,22,2,10,18,16,5,19,11],[2,14,10,6,18,22,12],[2,6,22,10,18,14,16,1],[22,2,10,18,14,6,12],[10,2,22,6,14,18,12],[14,6,18,10,22,2,16,21,12],[2,22,10,6,18,14,16,23,7,3],[10,14,2,18,6,22,16,11],[22,10,18,6,14,2,11],[6,10,18,14,2,22,16,12],[6,10,22,18,14,2,16,3,7,12],[18,2,6,10,14,22,12],[14,18,10,6,2,22,16,19,9,12],[6,18,2,14,10,22,13,12],[10,14,18,22,2,6,16,11],[22,2,6,10,18,14,9,16,20,4,5,24],[10,22,6,2,18,14,11],[2,22,6,18,14,10,16,15,23,19,20],[14,18,22,2,10,6,12],[2,22,10,6,18,14,12],[10,14,18,22,2,6,16,3,20],[22,10,6,18,2,14,16,3,1],[6,2,14,18,22,10,16,15,17,23],[10,22,2,14,6,18,12],[6,18,14,10,2,22,12],[6,10,14,22,2,18,16,12],[22,10,2,6,14,18,16,9,19,12],[14,6,18,2,10,22,12],[6,10,14,2,18,22,13,12],[22,2,18,14,6,10,11],[14,10,18,6,22,2,17,11],[2,22,6,14,18,10,15,11],[2,18,10,6,14,22,16,21,11],[14,10,18,22,2,6,9,16,4,20,12],[18,10,2,6,22,14,12],[2,14,22,6,10,18,16,20],[22,18,6,2,10,14,13,12],[2,18,6,10,14,22,11],[10,2,14,22,18,6,12],[10,18,22,2,6,14,12],[14,10,6,2,22,18,16,17,9,4,24,8,12],[18,10,22,14,6,2,12],[10,22,6,14,2,18,16,3,12],[6,14,2,22,10,18,16,3,5],[6,22,2,14,18,10,11],[2,14,6,22,18,10,16,3,21,9,12],[22,18,14,2,10,6,16,19,9,12],[2,22,14,10,6,18,12],[22,6,14,10,18,2,12],[2,10,22,14,6,18,16,5,19,11],[14,22,18,2,10,6,16,3,21,23],[2,22,6,18,14,10,12],[10,6,22,14,18,2,12],[10,6,2,14,18,22,12],[2,14,18,6,10,22,13,12],[14,18,6,10,2,22,11],[10,2,18,14,6,22,12],[10,2,18,14,22,6,16,5,9,20,4,24],[2,6,22,18,14,10,16,11],[18,22,6,10,2,14,16,7,11],[6,10,22,14,18,2,12],[22,10,14,6,2,18,12],[6,14,10,22,2,18,9,16,4,20,12],[14,18,10,2,22,6,12],[22,2,18,6,14,10,16,7,1,21,19,9,12],[18,22,6,10,14,2,11],[22,10,18,14,2,6,12],[18,14,2,6,10,22,12],[22,10,2,14,18,6,11],[6,22,18,2,14,10,13,12],[10,22,2,18,14,6,12],[18,2,6,22,14,10,12],[6,10,14,18,22,2,15,12],[6,18,10,22,14,2,12],[2,18,22,10,6,14,12],[18,6,10,2,14,22,12],[22,6,18,14,10,2,16,24,21,5],[6,18,10,14,22,2,16,20],[6,2,22,18,10,14,13,12],[2,14,10,18,22,6,16,21,23,7,9,4,12],[2,14,22,6,18,10,15,11],[6,2,14,10,22,18,16,20],[2,14,6,22,10,18,15,11],[6,14,2,22,10,18,15,11],[2,22,14,18,6,10,12],[14,10,2,18,22,6,15,12],[22,18,14,2,10,6,5,12],[6,18,10,22,14,2,16,17,19,3],[22,6,14,10,18,2,12],[18,10,22,6,2,14,12],[2,22,18,6,14,10,12],[2,6,18,22,14,10,16,13,12],[22,14,18,2,6,10,11],[14,6,10,18,2,22,16,15,1],[18,14,22,6,10,2,16,1],[14,10,18,2,6,22,12],[10,14,18,2,22,6,16,7,11],[2,10,14,22,6,18,16,4],[2,18,6,22,14,10,16,19,11],[10,18,22,2,6,14,16,19,12],[22,6,10,2,14,18,16,11],[10,2,18,14,6,22,12],[18,14,22,10,6,2,12],[6,18,2,10,14,22,16,5,9,20,4,24],[18,10,2,14,6,22,16,5,23,19,9,12],[22,6,18,10,14,2,16,11],[2,6,18,22,10,14,12],[14,2,18,22,10,6,15,9,16,20,3,12],[2,6,14,22,10,18,11],[10,22,18,14,2,6,11],[10,6,18,14,22,2,16,17,5],[6,22,2,10,18,14,16,3,20],[22,14,10,6,2,18,11],[22,18,6,2,14,10,16,8,9,4,20,23,12],[18,22,6,10,14,2,16,24,12],[18,2,10,22,6,14,11],[14,18,6,22,2,10,16,11],[10,14,22,2,6,18,11],[14,2,10,6,18,22,16,23,4],[18,10,14,2,6,22,16,19,12],[2,22,18,6,10,14,19,15,12],[10,18,14,22,2,6,16,4],[6,2,18,14,22,10,16,12],[18,22,2,14,6,10,16,17,12],[22,14,10,18,2,6,12],[2,22,10,14,18,6,16,20],[22,14,18,2,10,6,12],[22,10,18,6,14,2,16,9,4,12],[6,18,14,2,22,10,16,13,12],[14,2,10,6,22,18,12],[10,14,18,22,2,6,16,1],[18,6,22,2,14,10,16,1],[18,10,22,14,6,2,12],[6,2,22,18,10,14,16,15,9,4,20,12],[22,2,10,6,18,14,16,19,9,12],[10,14,6,18,22,2,16,7,17,21,23,20],[10,18,2,14,6,22,16,19,12],[14,18,10,6,2,22,16,20],[6,2,14,18,10,22,12],[18,10,6,2,14,22,11],[14,10,22,2,18,6,12],[22,6,2,14,18,10,15,12],[2,10,14,18,6,22,12],[10,6,14,18,22,2,15,12],[14,2,10,18,6,22,12],[6,10,14,22,18,2,16,13,12],[14,18,22,2,6,10,15,12],[22,6,10,14,18,2,15,12],[6,14,22,10,2,18,12],[6,2,10,22,14,18,13,12],[2,22,10,14,6,18,15,12],[22,14,2,10,18,6,16,19,11],[6,22,18,2,10,14,11],[22,10,2,14,6,18,12],[2,18,22,6,10,14,12],[14,2,10,6,18,22,9,16,19,20,4,11],[14,22,18,2,6,10,15,11],[6,18,10,22,14,2,15,9,12],[6,14,18,2,22,10,16,11],[6,18,10,2,22,14,13,12],[18,2,6,10,22,14,15,9,12],[6,2,14,10,18,22,16,4],[6,14,2,10,18,22,11],[18,6,10,22,2,14,16,4],[22,14,10,18,2,6,16,24,4],[14,18,6,22,2,10,16,1],[18,10,22,14,6,2,12],[2,10,18,22,14,6,13,12],[18,2,10,14,6,22,16,12],[18,6,14,22,10,2,12],[18,6,22,2,10,14,12],[2,6,22,14,10,18,16,23,21,11],[10,6,14,18,22,2,16,11],[10,2,6,14,18,22,16,9,20,4,24,8],[10,2,6,22,18,14,9,16,4,20,12],[18,10,14,6,22,2,16,17,9,4,24,20,12],[2,22,18,10,14,6,16,21,3,23],[22,18,14,2,10,6,16,7,1,3],[10,18,6,14,2,22,12],[10,6,18,22,2,14,12],[10,22,18,14,2,6,16,3],[14,18,22,2,6,10,16,8,23,24],[22,14,6,18,2,10,12],[22,10,2,18,6,14,12],[14,22,2,10,6,18,13,12],[6,14,2,18,22,10,12],[2,18,6,14,22,10,16,24,12],[2,6,10,14,22,18,16,5,24],[10,2,22,14,18,6,13,12],[2,6,22,18,14,10,12],[10,6,22,2,18,14,9,16,20,4,8,12],[22,2,10,18,14,6,16,12],[14,22,18,2,10,6,16,4],[18,2,6,10,22,14,16,4],[2,10,22,18,14,6,13,12],[2,6,18,10,22,14,16,1],[10,22,18,14,6,2,11],[10,6,2,22,18,14,12],[18,14,2,6,10,22,12],[6,18,10,2,14,22,11],[10,6,14,2,18,22,12],[6,18,10,22,14,2,11],[22,2,14,10,18,6,12],[14,22,6,18,10,2,13,12],[6,22,14,10,18,2,15,12],[10,22,2,18,14,6,11],[10,22,6,14,2,18,16,21,1],[6,2,10,18,22,14,12],[2,22,10,18,14,6,12],[10,22,18,6,2,14,12],[18,22,14,2,10,6,12],[22,6,14,2,10,18,12],[10,22,14,2,6,18,13,12],[18,6,10,14,2,22,16,1],[18,2,6,14,22,10,11],[18,22,10,6,2,14,12],[22,18,14,2,6,10,12],[18,22,2,6,10,14,12],[22,14,6,10,18,2,16,19,12],[2,22,6,14,10,18,12],[10,14,6,2,18,22,15,16,11],[22,14,10,2,18,6,12],[14,22,10,18,6,2,13,12],[18,2,22,6,10,14,11],[10,14,6,2,18,22,13,12],[18,2,22,10,14,6,12],[6,22,2,14,10,18,16,13,15,12],[2,14,18,6,10,22,12],[18,2,14,10,22,6,16,23,12],[10,2,22,18,6,14,16,17,21,12],[22,18,2,10,6,14,16,23,15,4],[10,14,22,6,18,2,9,16,20,3,24,13,12],[14,22,6,18,10,2,9,16,20,4,23,5,1,12],[18,10,6,22,14,2,13,12],[18,10,2,6,14,22,12],[6,14,18,22,10,2,16,7,11],[14,10,6,22,18,2,16,9,20,4,21,24,7,12],[10,2,6,18,14,22,12],[14,22,2,10,18,6,12],[14,2,22,18,10,6,13,12],[18,14,10,6,22,2,16,9,20,4,12],[18,14,2,22,6,10,12],[14,10,2,22,6,18,11],[2,10,22,14,18,6,16,7,11],[14,2,22,10,6,18,16,9,20,4,12],[6,18,14,2,10,22,16,13,12],[6,10,14,2,18,22,12],[10,6,18,2,22,14,12],[10,6,22,2,18,14,12],[6,10,2,18,14,22,16,20],[6,18,2,10,22,14,16,24,5],[14,6,2,18,10,22,12],[14,18,2,6,22,10,12],[10,2,14,18,22,6,13,12],[2,18,14,22,6,10,16,19,17,9,12],[18,2,10,22,14,6,9,16,4,20,24,11],[14,10,22,18,2,6,12],[2,22,18,10,6,14,12],[10,6,2,22,14,18,9,16,4,20,21,12],[2,22,18,6,14,10,16,12],[2,14,10,18,22,6,16,21,24,12],[22,6,14,10,2,18,15,12],[14,2,6,18,10,22,12],[14,6,22,2,10,18,12],[14,18,6,22,2,10,16,17,11],[14,2,22,18,10,6,12],[6,2,14,10,18,22,11],[14,22,18,2,10,6,12],[14,6,22,10,2,18,12],[18,6,2,10,14,22,16,12],[2,14,18,10,6,22,16,24,20],[14,6,2,10,22,18,5,13,12],[2,18,22,10,14,6,16,11],[18,2,6,22,10,14,16,24,11],[14,18,10,2,6,22,12],[18,2,14,10,6,22,16,11],[10,18,14,22,6,2,16,23,20],[10,14,2,22,6,18,13,12],[2,18,6,22,10,14,12],[6,22,10,2,14,18,16,7,11],[22,18,10,6,14,2,16,7,1,20],[10,22,6,2,18,14,16,15,24],[6,18,22,10,2,14,12],[2,6,22,10,14,18,12],[14,22,10,6,2,18,12],[18,2,10,22,6,14,16,5,1],[14,18,10,2,6,22,16,5,21,3],[18,14,2,6,10,22,13,12],[14,18,2,22,6,10,11],[6,10,2,22,14,18,11],[18,6,22,14,2,10,16,3,11],[14,18,2,22,6,10,16,4],[10,2,22,14,18,6,11],[18,6,2,22,14,10,15,12],[2,22,6,18,14,10,16,11],[2,22,10,18,6,14,12],[22,14,10,18,6,2,16,19,9,12],[10,6,14,18,2,22,12],[18,10,2,14,22,6,16,23,19,9,12],[22,10,6,2,18,14,12],[10,22,14,18,2,6,12],[18,2,6,10,14,22,12],[10,14,18,6,2,22,16,12],[10,2,6,14,22,18,12],[22,14,2,10,18,6,11],[10,14,18,6,22,2,12],[22,18,2,10,14,6,11],[6,22,18,14,10,2,13,12],[18,10,14,22,2,6,16,24,21,11],[6,14,10,2,18,22,12],[22,2,18,14,10,6,12],[18,22,10,6,2,14,16,15,7,11],[14,6,22,10,18,2,16,8,11],[18,10,22,6,14,2,12],[22,2,14,10,6,18,12],[6,2,14,22,10,18,12],[2,6,18,14,22,10,16,19,12],[2,18,22,10,14,6,12],[10,2,14,22,18,6,16,23,13,12],[10,14,18,6,22,2,16,11],[22,10,18,14,2,6,12],[2,14,22,6,18,10,16,8,20],[2,6,10,18,22,14,13,12],[6,22,10,2,18,14,16,20],[22,6,18,2,10,14,12],[10,14,18,2,6,22,13,12],[22,2,10,18,14,6,12],[2,18,14,6,22,10,12],[18,2,6,22,10,14,12],[6,14,2,10,18,22,12],[6,10,14,22,2,18,16,19,8,9,20,4,21,12],[6,22,10,18,2,14,16,19,11],[18,22,6,10,2,14,12],[2,18,14,10,6,22,12],[10,18,14,22,2,6,16,19,17,3],[14,6,10,2,22,18,12],[22,2,14,6,18,10,12],[22,2,14,6,10,18,9,16,20,1,7,12],[10,6,18,2,22,14,16,9,4,20,12],[22,10,2,14,6,18,11],[6,14,22,18,10,2,16,7,21,1,11],[10,6,2,22,14,18,16,1],[2,10,6,22,18,14,12],[18,22,2,14,6,10,12],[2,18,10,6,22,14,16,5,11],[18,6,14,22,10,2,16,13,11],[22,6,10,18,14,2,12],[14,22,6,18,2,10,12],[22,2,18,10,14,6,16,4],[22,6,2,18,14,10,12],[22,6,2,10,14,18,12],[14,10,2,6,22,18,12],[6,10,18,14,2,22,16,4],[6,22,18,10,14,2,12],[2,22,6,14,10,18,16,11],[18,2,6,10,14,22,12],[18,22,14,2,6,10,12],[2,22,14,18,10,6,11],[18,2,6,10,22,14,12],[14,22,10,18,2,6,11],[2,14,6,10,22,18,16,9,12],[18,10,22,6,14,2,12],[6,22,10,18,2,14,16,23,20],[2,22,10,14,18,6,13,12],[18,22,14,10,2,6,16,15,24],[6,14,2,18,10,22,12],[18,10,22,2,6,14,16,19,9,12],[22,2,10,6,14,18,13,12],[22,10,14,18,2,6,12],[14,18,6,2,10,22,16,20],[6,10,14,2,22,18,15,12],[14,10,2,6,18,22,3,12],[6,14,22,2,10,18,12],[6,2,14,18,22,10,13,12],[6,2,18,22,10,14,16,23,21,9,4,12],[18,22,14,10,6,2,15,12],[18,22,14,2,10,6,12],[10,22,2,6,14,18,12],[14,18,6,2,22,10,16,9,4,20,8,23,12],[18,2,6,22,14,10,16,13,12],[6,14,10,2,18,22,16,1],[2,22,18,6,14,10,12],[6,14,18,10,2,22,16,15,21,9,4,24,19,20,12],[14,2,18,6,22,10,16,8,23],[2,18,22,14,10,6,16,1],[10,6,2,14,22,18,16,15,4],[22,2,6,18,10,14,16,12],[18,22,2,6,14,10,15,12],[6,10,22,18,2,14,16,19,12],[22,18,10,6,2,14,12],[2,14,10,6,18,22,15,12],[14,18,10,22,2,6,16,3,1],[2,6,18,14,10,22,9,16,4,20,12],[10,18,6,22,14,2,13,12],[6,2,18,14,22,10,16,9,4,20,7,8,12],[18,22,2,14,6,10,11],[6,14,2,22,18,10,12],[22,2,6,18,14,10,12],[14,18,22,2,10,6,12],[18,2,22,14,10,6,16,19,12],[18,6,22,2,14,10,16,19,20],[14,2,6,10,18,22,12],[22,18,10,14,6,2,16,11],[10,22,6,2,14,18,12],[2,22,6,10,14,18,16,1],[10,22,6,2,14,18,13,12],[6,14,18,10,22,2,12],[14,6,10,18,22,2,12],[18,6,14,10,2,22,12],[22,18,6,10,2,14,16,4],[10,6,2,18,14,22,16,11],[6,14,10,22,2,18,12],[2,22,10,18,6,14,12],[14,18,10,2,22,6,16,9,3,20,5,24,12],[10,2,6,22,18,14,13,12],[10,2,6,22,14,18,16,9,12],[6,18,14,2,10,22,16,12],[18,2,22,14,6,10,16,12],[18,10,14,6,2,22,12],[18,22,2,6,10,14,13,12],[14,18,22,10,2,6,12],[2,22,10,18,6,14,16,9,20,3,12],[14,6,2,10,18,22,16,17,23],[18,2,10,22,14,6,16,20],[2,18,6,14,22,10,12],[22,10,14,2,6,18,12],[10,22,14,6,18,2,16,4],[18,14,6,10,2,22,16,20],[22,10,14,2,18,6,12],[2,6,22,14,10,18,11],[2,6,14,22,10,18,16,11],[2,18,10,6,14,22,12],[6,2,18,14,10,22,15,12],[10,2,6,22,14,18,11],[14,22,10,6,18,2,16,21,20],[22,6,18,2,10,14,12],[18,2,22,14,10,6,12],[6,14,18,2,10,22,9,16,4,19,12],[10,22,2,18,6,14,12],[14,2,6,10,18,22,16,20],[18,22,2,6,10,14,16,4],[18,10,2,6,22,14,15,12],[18,22,10,14,2,6,12],[18,14,6,10,2,22,16,12],[18,14,2,6,22,10,16,21,9,4,19,20,12],[6,18,10,14,22,2,16,23,4],[14,6,10,18,22,2,12],[22,10,2,18,6,14,12],[14,6,22,2,10,18,16,9,17,4,20,8,12],[6,10,18,2,22,14,16,20],[22,2,14,10,6,18,16,5,21,12],[18,2,10,14,22,6,12],[18,6,14,22,10,2,12],[14,10,2,18,22,6,11],[10,22,14,6,18,2,16,12],[18,14,22,2,10,6,13,12],[10,14,22,18,6,2,13,12],[22,10,2,6,18,14,16,4],[18,6,22,10,2,14,16,20],[18,22,14,10,2,6,7,16,1,13,12],[18,6,10,2,14,22,15,9,12],[2,10,6,18,22,14,12],[2,22,6,14,10,18,12],[22,10,6,2,14,18,16,3,12],[6,14,2,10,22,18,12],[6,22,14,2,18,10,12],[22,2,18,14,6,10,13,12],[6,14,2,18,22,10,12],[10,6,18,14,2,22,12],[18,14,2,10,22,6,9,16,4,20,11],[10,14,2,6,18,22,16,20],[22,10,18,2,14,6,17,12],[2,14,18,22,10,6,12],[22,18,2,10,6,14,12],[2,6,14,18,10,22,16,8,15,4],[2,22,6,14,10,18,12],[6,18,10,14,22,2,16,17,3],[10,14,22,2,18,6,16,9,4,20,8,23,21,12],[2,18,22,6,14,10,16,17,3],[18,6,10,22,2,14,15,12],[18,22,2,6,10,14,12],[22,10,6,18,14,2,12],[2,10,14,6,18,22,12],[10,2,6,18,22,14,16,8,12],[6,22,14,2,18,10,12],[6,2,10,14,22,18,12],[18,6,10,2,22,14,12],[10,6,2,18,22,14,12],[22,14,6,10,18,2,17,16,15,3],[18,22,10,14,6,2,12],[2,14,10,6,18,22,15,11],[14,2,18,22,6,10,12],[2,14,6,18,10,22,12],[22,14,2,10,18,6,11],[6,14,22,10,18,2,16,19,12],[10,22,18,6,2,14,16,4],[22,18,6,14,10,2,12],[22,2,14,18,10,6,11],[14,2,18,22,10,6,12],[18,14,10,6,2,22,9,16,3,19,12],[22,18,10,14,2,6,15,12],[18,6,22,14,10,2,13,12],[22,10,14,18,6,2,13,12],[6,10,14,18,2,22,16,8,12],[6,18,14,22,10,2,11],[18,14,6,2,10,22,16,11],[10,2,18,6,14,22,15,12],[6,2,14,18,22,10,12],[14,22,2,6,10,18,16,3,17],[10,6,22,2,18,14,12],[14,18,6,2,10,22,12],[22,10,2,14,18,6,16,12],[14,10,2,22,18,6,11],[2,6,18,10,22,14,16,4],[18,22,6,10,2,14,12],[18,22,14,6,10,2,16,3,17],[10,6,2,14,22,18,12],[18,10,6,14,2,22,16,7,12],[6,10,2,18,14,22,9,16,20,8,12],[10,2,14,18,6,22,16,21,23,11],[14,2,18,22,6,10,12],[6,2,14,10,18,22,12],[2,22,18,14,6,10,16,7,17,12],[14,22,6,2,18,10,16,17,5],[22,14,18,10,6,2,12],[10,14,2,18,22,6,16,8,1],[10,6,14,2,22,18,12],[10,6,14,18,22,2,15,12],[18,2,6,14,22,10,12],[6,22,14,18,2,10,9,16,19,20,4,17,12],[22,14,18,6,10,2,15,12],[10,6,2,22,14,18,16,4],[22,6,18,10,2,14,12],[18,14,22,6,10,2,12],[2,6,18,14,22,10,12],[18,22,2,6,10,14,12],[6,18,14,2,22,10,9,16,20,4,5,24,12],[22,6,10,14,18,2,12],[22,18,6,10,14,2,15,12],[22,2,10,18,14,6,11],[10,14,6,2,18,22,12],[6,14,10,22,2,18,15,3,12],[18,10,2,22,14,6,16,24,19,12],[6,10,18,14,2,22,12],[18,22,2,14,10,6,20,16],[22,6,2,18,14,10,16,4],[6,10,2,14,18,22,12],[2,14,22,18,6,10,16,11],[2,6,22,10,18,14,15,12],[6,2,22,10,14,18,12],[6,14,18,22,2,10,12],[14,6,22,2,10,18,16,11],[6,14,2,18,22,10,12],[2,14,6,18,10,22,16,1],[2,18,6,10,22,14,12],[6,18,2,14,10,22,12],[14,18,2,10,22,6,16,11],[2,18,6,10,22,14,13,12],[18,6,22,10,2,14,11],[18,2,10,14,6,22,11],[18,22,6,14,10,2,12],[18,6,14,2,22,10,16,17,1],[18,14,10,2,6,22,16,21,12],[2,10,22,6,18,14,16,3],[18,6,22,2,10,14,12],[6,18,2,14,10,22,15,12],[14,18,22,2,6,10,12],[18,22,6,2,14,10,9,16,20,4,23,12],[10,18,2,6,22,14,16,4],[14,6,2,18,10,22,13,12],[2,18,22,6,10,14,12],[14,10,6,22,18,2,16,17,5],[10,14,2,18,22,6,12],[2,22,10,18,6,14,11],[18,22,14,6,2,10,11],[18,6,10,22,14,2,12],[10,18,22,6,2,14,16,9,20,4,7,12],[2,6,18,10,22,14,12],[6,2,18,22,14,10,9,16,20,4,8,12],[22,18,10,2,6,14,12],[2,18,6,14,10,22,12],[18,22,2,6,10,14,12],[10,2,6,22,14,18,12],[18,2,10,6,22,14,11],[6,22,14,18,2,10,16,20],[2,6,10,22,14,18,16,9,20,4,23,12],[10,18,2,22,14,6,15,11],[22,6,18,10,14,2,16,19,4,9,12],[6,2,18,22,14,10,9,16,12],[18,10,6,14,22,2,16,13,12],[14,6,2,22,18,10,12],[6,10,22,14,18,2,12],[14,18,10,2,22,6,15,12],[14,22,18,2,10,6,11],[6,18,14,22,10,2,12],[18,6,14,2,10,22,12],[22,10,6,18,14,2,15,12],[10,6,22,18,2,14,16,24,7,11],[14,10,18,2,22,6,16,9,4,17,11],[6,10,22,14,18,2,16,5,4],[18,2,22,10,14,6,16,17,13,12],[10,14,22,6,18,2,13,12],[14,2,18,22,10,6,15,12],[14,6,2,10,22,18,12],[10,6,18,22,14,2,16,21,11],[14,22,18,10,6,2,12],[10,18,2,6,14,22,12],[10,22,14,2,18,6,12],[10,2,6,22,18,14,16,1],[22,6,18,2,10,14,12],[18,22,10,6,2,14,16,4],[6,2,14,22,18,10,16,24,9,4,20,8],[18,14,2,22,6,10,12],[18,14,10,2,22,6,16,13,12],[14,10,6,2,22,18,15,12],[18,2,10,6,14,22,9,16,20,4,23,12],[14,6,10,18,22,2,12],[22,18,10,2,6,14,11],[18,10,14,22,2,6,21,12],[22,18,10,6,14,2,16,1],[22,18,2,14,6,10,12],[10,22,14,6,2,18,12],[14,22,2,18,10,6,12],[6,22,18,14,2,10,11],[2,18,10,6,22,14,16,11],[10,2,22,14,6,18,12],[6,14,2,10,18,22,16,11],[2,6,22,10,18,14,16,13,11],[10,14,18,6,2,22,9,16,20,4,12],[6,10,14,2,22,18,16,9,4,20,11],[22,18,14,10,6,2,16,9,3,20,5,24,12],[6,10,2,14,18,22,11],[18,2,22,6,14,10,16,3],[10,18,2,14,6,22,16,15,23,11],[2,14,22,18,10,6,12],[22,6,14,2,10,18,13,12],[18,6,22,10,2,14,15,12],[22,14,18,6,10,2,12],[18,14,22,10,2,6,15,12],[14,2,10,18,6,22,11],[18,6,2,10,14,22,16,9,4,20,1,7,8,12],[18,2,6,22,10,14,16,4],[22,14,18,6,2,10,12],[18,6,2,22,14,10,12],[18,2,14,22,6,10,16,11],[18,10,6,2,22,14,11],[10,14,6,2,22,18,16,1],[18,14,2,6,10,22,15,12],[14,22,6,10,18,2,16,8,13,12],[14,18,22,10,6,2,16,19,23,11],[22,6,10,18,14,2,12],[2,14,10,18,22,6,13,12],[22,14,6,18,10,2,16,17,9,4,24,7,12],[22,2,10,6,14,18,11],[2,22,14,6,10,18,12],[6,2,10,18,22,14,16,17,1],[22,18,2,14,6,10,12],[18,2,10,14,22,6,12],[22,10,14,18,2,6,16,12],[2,6,18,14,22,10,16,15,12],[22,10,18,14,6,2,12],[18,14,2,6,22,10,9,16,20,4,12],[22,2,14,6,10,18,12],[22,14,6,10,18,2,9,16,20,4,11],[2,10,6,18,14,22,12],[18,10,22,2,6,14,16,1],[6,10,2,14,22,18,15,12],[6,22,14,10,2,18,12],[14,22,6,18,10,2,12],[18,6,10,14,2,22,12],[6,14,18,10,22,2,15,12],[22,10,6,14,2,18,16,20],[18,6,10,14,2,22,16,17,5],[2,18,22,10,6,14,12],[14,6,18,10,22,2,15,12],[22,18,2,10,14,6,12],[2,18,10,14,22,6,12],[6,18,22,2,10,14,16,8,4],[6,22,14,2,10,18,12],[2,18,14,22,6,10,12],[6,14,2,18,22,10,16,21,11],[22,18,2,10,6,14,15,12],[2,14,22,18,6,10,12],[22,10,6,2,18,14,11],[6,10,18,22,2,14,12],[22,2,14,18,6,10,24,9,16,4,20,12],[2,14,6,10,22,18,12],[10,22,18,14,2,6,16,9,24,4,20,12],[14,10,22,6,18,2,11],[22,18,10,14,2,6,16,4],[10,22,6,14,18,2,16,3,23],[22,2,10,6,14,18,11],[10,2,22,14,6,18,16,9,19,12],[14,22,10,6,2,18,13,12],[6,2,22,10,14,18,12],[2,22,10,6,14,18,16,19,9,12],[6,22,2,18,10,14,12],[14,22,10,18,2,6,12],[18,6,22,14,10,2,12],[18,2,10,22,6,14,16,21,4],[22,14,18,2,10,6,12],[6,22,14,2,18,10,15,9,16,19,12],[10,22,6,2,18,14,16,20],[18,10,6,2,14,22,12],[6,10,18,2,22,14,12],[22,2,6,14,18,10,16,11],[6,14,22,2,18,10,12],[2,22,10,6,18,14,16,13,11],[14,6,18,22,10,2,12],[14,6,10,18,22,2,15,9,12],[2,14,22,6,10,18,12],[6,22,10,18,14,2,16,17,9,4,23,8,20,11],[10,14,22,6,18,2,12],[22,2,14,18,10,6,16,23,12],[18,10,2,22,6,14,12],[14,22,10,6,2,18,16,15,21,12],[22,10,6,2,18,14,16,24,23,12],[10,14,22,18,6,2,12],[18,2,14,6,22,10,16,3],[18,14,6,10,2,22,11],[14,18,6,2,22,10,16,13,12],[14,22,6,18,10,2,12],[14,2,18,6,10,22,12],[10,18,2,14,22,6,16,1],[2,14,18,6,10,22,16,7,9,12],[10,2,18,6,22,14,12],[14,2,18,6,10,22,16,3],[18,10,6,22,2,14,16,3,1],[14,6,18,22,2,10,12],[22,14,2,10,6,18,16,3,4],[10,2,14,18,6,22,9,16,23,3,8,19,12],[18,14,6,2,10,22,16,3,12],[2,22,6,10,18,14,12],[2,18,10,22,6,14,16,7,24,17],[10,22,14,6,2,18,12],[2,18,10,22,6,14,13,12],[22,14,18,10,6,2,9,16,20,4,5,12],[14,6,18,10,22,2,13,12],[2,22,10,6,14,18,9,16,4,20,12],[18,2,6,14,10,22,16,15,11],[6,10,14,22,18,2,12],[22,6,10,18,14,2,12],[2,18,14,10,6,22,12],[10,22,6,14,18,2,9,16,4,20,12],[10,2,14,18,6,22,11],[2,22,14,6,10,18,16,12],[18,14,10,2,22,6,12],[10,22,14,2,18,6,12],[2,14,22,10,6,18,16,4],[22,6,18,10,2,14,12],[14,18,22,2,10,6,12],[14,22,18,2,10,6,16,17,12],[18,6,2,22,10,14,16,23,4],[18,22,10,14,6,2,11],[6,2,14,22,10,18,11],[10,6,18,14,22,2,16,3,20],[22,10,2,18,6,14,9,16,4,20,23,24,12],[14,10,2,22,6,18,11],[6,14,18,22,10,2,12],[2,22,14,6,18,10,12],[14,2,6,18,22,10,9,16,11],[2,22,14,18,10,6,16,8,4],[14,22,6,18,2,10,12],[22,2,10,14,6,18,12],[6,18,2,10,22,14,12],[6,14,10,18,2,22,9,16,20,4,12],[22,18,2,10,14,6,16,17,1],[14,6,2,18,22,10,9,16,4,20,11],[18,6,22,2,10,14,16,11],[10,6,18,2,14,22,15,12],[2,6,14,10,22,18,16,23,13,12],[22,14,2,18,10,6,16,12],[10,2,22,18,6,14,12],[10,18,22,6,14,2,11],[22,14,6,10,2,18,13,12],[22,10,6,2,18,14,16,11],[10,14,6,18,22,2,16,8,12],[6,14,2,18,22,10,13,12],[6,14,22,18,10,2,16,9,1,20,23,8,12],[14,18,2,10,6,22,12],[6,18,10,22,2,14,12],[2,6,18,10,14,22,11],[6,22,18,2,10,14,16,23,21,19,12],[22,2,6,14,10,18,12],[2,14,22,18,6,10,16,4],[22,6,10,2,14,18,11],[10,2,22,18,6,14,12],[14,22,2,18,6,10,12],[10,14,2,6,18,22,12],[18,14,6,22,10,2,16,8,13,11],[14,18,22,2,6,10,16,23,19,11],[14,6,2,22,10,18,16,1],[22,6,2,10,14,18,12],[6,10,2,14,22,18,11],[10,6,2,14,18,22,16,13,9,12],[2,14,22,10,18,6,9,16,19,12],[18,10,22,2,6,14,16,11],[2,10,22,14,18,6,12],[22,10,2,14,6,18,9,16,20,4,12],[18,10,6,2,22,14,12],[2,18,10,14,6,22,16,8,3],[22,18,14,2,6,10,16,23,24,13,11],[18,10,22,2,6,14,16,24,4],[14,6,18,10,22,2,16,17,23,8],[22,14,18,10,2,6,16,4],[22,18,10,14,2,6,16,1],[10,18,6,14,22,2,16,9,20,4,12],[6,14,22,2,10,18,12],[2,14,10,22,6,18,9,16,20,4,21,12],[14,6,22,2,10,18,16,9,4,20,11],[2,10,22,14,18,6,11],[14,18,10,6,22,2,12],[6,22,10,18,14,2,12],[10,14,22,18,2,6,12],[18,6,22,2,14,10,12],[6,14,18,2,22,10,12],[18,10,22,2,14,6,16,13,12]],"n_human":11}