{"problem_id":"tGBpW8vslWml86w","sigma":150,"alpha":0.316,"cost":1,"probabilities":"[0.01, 0.25, 0.3, 0.44]","payoff_matrix":"[[16, 1, 21, -189, -191, 22], [-181, 202, -160, -77, 31, -80], [-87, -2, -210, -265, -2, -57], [-106, -38, 245, -362, -5, 88]]","uncovered":[[20,8,12,16,24,4,11,23,22,19,10,18,7,6],[20,24,8,12,16,4,23],[12,24,4,20,8,16,23],[24,20,16,8,4,12,11,23,22,19,10,18,7,6],[16,24,4,8,20,12,11,23,22,19,10,18,7,6],[16,20,4,12,24,8,23],[16,12,24,4,8,20,11,23,10,19,22,18,7,6],[4,12,20,16,24,8,23],[24,12,16,20,4,8,23],[20,8,4,12,16,24,23],[24,16,4,12,20,8,23],[16,20,8,24,4,12,23],[24,20,8,12,16,4,23],[16,8,24,20,12,4,11,23,22,19,10,18,7,6],[8,12,24,16,20,4,23],[8,20,16,12,24,4,23],[24,12,20,16,8,4,23],[8,12,4,16,24,20,11,23,10,19,22,18,7,6],[20,4,12,8,24,16,11,23,22,19,10,18,7,6],[8,20,16,12,4,24,11,23,22,19,10,18,7,6],[16,4,8,12,24,20,11,23,22,19,10,18,7,6],[20,24,12,16,4,8,23],[12,8,4,20,24,16,11,23,22,19,10,18,7,6],[24,8,16,20,4,12,23],[12,24,8,4,16,20,11,23,10,19,22,18,7,6],[24,4,16,20,8,12,11,23,22,19,10,18,7,6],[8,20,16,4,24,12,11,23,10,19,22,18,7,6],[24,8,12,4,16,20,11,23,10,19,22,18,7,6],[24,16,12,8,4,20,11,23,10,19,22,18,7,6],[4,12,16,8,24,20,11,23,10,19,22,18,7,6],[24,4,20,12,8,16,23],[24,12,4,16,20,8,23],[16,20,4,12,24,8,23],[8,12,20,24,16,4,11,23,10,19,22,18,7,6],[8,24,12,16,20,4,23],[4,16,20,24,8,12,11,23,10,19,22,18,7,6],[16,24,4,20,12,8,11,23,22,19,10,18,7,6],[8,4,20,16,24,12,11,23,10,19,22,18,7,6],[12,16,20,24,8,4,23],[8,16,4,12,24,20,23],[12,4,20,8,16,24,23],[8,16,20,4,24,12,23],[8,12,24,20,4,16,11,23,10,19,22,18,7,6],[16,20,4,24,12,8,11,23,22,19,10,18,7,6],[16,12,20,24,4,8,11,23,10,19,22,18,7,6],[4,12,16,8,20,24,23],[8,20,24,4,16,12,23],[12,16,8,4,20,24,11,23,10,19,22,18,7,6],[20,4,16,12,24,8,11,23,22,19,10,18,7,6],[20,8,16,4,24,12,23],[4,8,24,16,20,12,23],[20,12,24,16,8,4,23],[8,24,4,16,12,20,11,23,10,19,22,18,7,6],[24,16,20,4,8,12,23],[4,20,16,24,12,8,23],[20,24,16,12,4,8,11,23,10,19,22,18,7,6],[12,20,8,4,16,24,11,23,10,19,22,18,7,6],[8,24,12,4,16,20,11,23,10,19,22,18,7,6],[24,20,16,12,8,4,11,23,10,19,22,18,7,6],[20,16,12,4,24,8,23],[20,16,4,24,8,12,23],[12,16,8,20,4,24,23],[12,8,16,4,20,24,11,23,22,19,10,18,7,6],[12,24,16,8,20,4,11,23,10,19,22,18,7,6],[20,12,4,24,8,16,23],[16,8,24,12,20,4,11,23,10,19,22,18,7,6],[8,20,16,12,24,4,11,23,22,19,10,18,7,6],[4,20,16,24,12,8,11,23,22,19,10,18,7,6],[8,4,24,20,16,12,23],[16,4,20,24,8,12,23],[20,16,12,8,4,24,11,23,10,19,22,18,7,6],[12,8,16,4,20,24,23],[8,12,16,4,24,20,11,23,22,19,10,18,7,6],[8,20,4,16,12,24,23],[8,24,12,20,16,4,11,23,22,19,10,18,7,6],[4,24,16,8,12,20,23],[24,4,8,20,12,16,11,23,10,19,22,18,7,6],[8,12,4,16,24,20,11,23,10,19,22,18,7,6],[24,20,16,8,12,4,11,23,22,19,10,18,7,6],[4,8,20,16,24,12,11,23,10,19,22,18,7,6],[12,4,16,20,24,8,23],[24,4,20,16,8,12,23],[12,4,24,8,20,16,23],[20,12,16,24,4,8,11,23,22,19,10,18,7,6],[12,4,20,24,16,8,23],[12,24,8,4,16,20,11,23,22,19,10,18,7,6],[24,12,8,4,16,20,11,23,10,19,22,18,7,6],[16,8,24,4,12,20,23],[12,4,24,8,16,20,11,23,22,19,10,18,7,6],[12,4,24,16,8,20,11,23,22,19,10,18,7,6],[20,16,4,12,8,24,23],[16,20,24,4,12,8,11,23,10,19,22,18,7,6],[4,8,24,16,12,20,11,23,10,19,22,18,7,6],[12,20,24,8,4,16,11,23,10,19,22,18,7,6],[16,4,24,20,12,8,23],[4,16,12,8,24,20,11,23,10,19,22,18,7,6],[4,24,8,16,20,12,23],[8,24,16,20,12,4,11,23,10,19,22,18,7,6],[8,16,12,20,24,4,23],[4,24,8,12,20,16,11,23,22,19,10,18,7,6],[4,20,16,12,8,24,23],[4,8,24,16,12,20,23],[16,12,8,20,24,4,11,23,10,19,22,18,7,6],[20,4,24,16,8,12,23],[8,20,16,24,12,4,11,23,10,19,22,18,7,6],[8,12,4,20,24,16,11,23,10,19,22,18,7,6],[24,8,12,4,20,16,23],[16,4,24,8,12,20,23],[4,16,8,24,20,12,23],[8,12,4,20,16,24,11,23,22,19,10,18,7,6],[4,20,24,8,16,12,23],[12,24,20,4,8,16,11,23,22,19,10,18,7,6],[24,12,16,8,4,20,23],[8,16,12,24,4,20,11,23,10,19,22,18,7,6],[20,16,24,12,8,4,11,23,10,19,22,18,7,6],[12,24,16,8,4,20,11,23,22,19,10,18,7,6],[4,16,8,20,24,12,11,23,22,19,10,18,7,6],[20,24,12,8,16,4,23],[4,20,24,16,8,12,11,23,22,19,10,18,7,6],[8,16,20,24,12,4,11,23,22,19,10,18,7,6],[16,24,4,12,8,20,11,23,22,19,10,18,7,6],[8,24,16,20,12,4,11,23,22,19,10,18,7,6],[8,24,16,20,12,4,11,23,10,19,22,18,7,6],[16,12,4,20,24,8,11,23,22,19,10,18,7,6],[16,8,20,4,12,24,23],[24,20,8,4,16,12,23],[20,12,8,16,24,4,23],[16,24,4,12,8,20,23],[20,4,16,24,12,8,23],[12,8,24,20,4,16,23],[16,20,24,4,8,12,11,23,22,19,10,18,7,6],[20,8,12,4,16,24,23],[12,4,16,24,20,8,11,23,22,19,10,18,7,6],[20,4,12,16,24,8,11,23,10,19,22,18,7,6],[16,24,20,4,12,8,23],[4,12,8,24,16,20,23],[4,12,20,8,24,16,11,23,22,19,10,18,7,6],[24,12,4,16,20,8,23],[8,4,24,20,16,12,23],[24,20,12,8,16,4,11,23,22,19,10,18,7,6],[12,20,8,4,24,16,23],[12,4,16,8,20,24,23],[4,16,20,24,12,8,11,23,22,19,10,18,7,6],[12,16,20,24,4,8,11,23,22,19,10,18,7,6],[4,24,20,12,8,16,11,23,22,19,10,18,7,6],[8,12,20,4,24,16,11,23,10,19,22,18,7,6],[20,16,8,12,4,24,11,23,10,19,22,18,7,6],[24,12,16,4,8,20,11,23,10,19,22,18,7,6],[8,24,4,20,16,12,11,23,22,19,10,18,7,6],[4,16,12,20,24,8,23],[12,24,20,4,8,16,23],[8,24,20,4,16,12,11,23,10,19,22,18,7,6],[16,12,20,8,24,4,11,23,22,19,10,18,7,6],[4,20,8,16,12,24,23],[24,16,4,20,8,12,11,23,22,19,10,18,7,6],[12,16,24,20,4,8,11,23,22,19,10,18,7,6],[20,16,12,8,4,24,23],[24,20,4,16,12,8,23],[16,12,4,24,8,20,11,23,10,19,22,18,7,6],[12,20,4,16,24,8,23],[24,12,20,8,4,16,23],[12,4,20,16,8,24,23],[20,4,8,12,16,24,11,23,22,19,10,18,7,6],[20,4,12,8,24,16,11,23,22,19,10,18,7,6],[24,12,16,8,20,4,11,23,10,19,22,18,7,6],[20,12,16,8,24,4,23],[16,20,12,8,4,24,11,23,22,19,10,18,7,6],[24,12,8,16,4,20,23],[20,24,8,16,12,4,23],[24,12,16,20,8,4,23],[20,12,8,4,16,24,23],[8,20,24,4,16,12,11,23,22,19,10,18,7,6],[24,4,12,20,8,16,23],[12,16,4,8,20,24,11,23,22,19,10,18,7,6],[16,4,20,12,8,24,11,23,10,19,22,18,7,6],[4,24,20,16,8,12,11,23,22,19,10,18,7,6],[4,12,16,8,20,24,11,23,10,19,22,18,7,6],[24,12,20,8,4,16,23],[4,8,24,12,16,20,11,23,10,19,22,18,7,6],[4,8,16,20,24,12,11,23,10,19,22,18,7,6],[16,4,12,8,20,24,11,23,10,19,22,18,7,6],[24,16,8,20,4,12,23],[20,12,4,8,16,24,23],[16,20,12,8,24,4,11,23,22,19,10,18,7,6],[12,20,4,24,16,8,23],[24,4,8,16,20,12,23],[24,16,8,4,12,20,23],[12,24,8,16,4,20,23],[16,12,4,20,8,24,23],[16,20,8,24,12,4,23],[8,16,4,12,20,24,23],[24,12,8,20,16,4,23],[8,20,12,4,16,24,23],[24,20,16,12,8,4,11,23,22,19,10,18,7,6],[16,20,4,12,24,8,23],[16,12,4,24,20,8,11,23,10,19,22,18,7,6],[4,16,12,20,24,8,23],[4,16,8,20,12,24,11,23,22,19,10,18,7,6],[8,4,12,24,16,20,11,23,10,19,22,18,7,6],[12,24,8,4,20,16,23],[12,16,8,4,20,24,11,23,22,19,10,18,7,6],[20,24,8,12,16,4,23],[12,20,24,8,4,16,11,23,10,19,22,18,7,6],[8,20,16,24,4,12,11,23,22,19,10,18,7,6],[8,24,12,4,16,20,23],[20,4,24,16,8,12,23],[4,24,12,8,16,20,23],[8,12,4,20,24,16,11,23,10,19,22,18,7,6],[16,12,4,20,24,8,11,23,10,19,22,18,7,6],[12,4,16,24,20,8,23],[16,20,24,4,12,8,11,23,10,19,22,18,7,6],[8,24,20,16,12,4,23],[16,4,12,8,20,24,11,23,22,19,10,18,7,6],[16,12,20,8,4,24,23],[12,20,24,4,16,8,23],[12,16,8,4,20,24,23],[8,24,12,4,20,16,23],[16,4,20,12,24,8,23],[12,8,20,24,16,4,23],[4,8,24,16,20,12,11,23,22,19,10,18,7,6],[16,4,20,24,12,8,11,23,10,19,22,18,7,6],[16,12,20,4,8,24,23],[8,24,16,12,4,20,23],[24,4,16,8,20,12,23],[8,4,24,20,12,16,23],[24,20,4,8,12,16,11,23,22,19,10,18,7,6],[24,20,12,4,8,16,11,23,22,19,10,18,7,6],[4,16,20,12,24,8,23],[24,12,16,20,8,4,23],[4,12,8,24,16,20,11,23,10,19,22,18,7,6],[20,4,16,8,12,24,11,23,10,19,22,18,7,6],[24,12,8,4,16,20,11,23,22,19,10,18,7,6],[4,12,20,8,16,24,11,23,10,19,22,18,7,6],[8,12,20,24,4,16,23],[4,24,20,12,8,16,11,23,22,19,10,18,7,6],[4,12,20,16,24,8,11,23,22,19,10,18,7,6],[8,4,12,16,20,24,23],[8,4,12,20,24,16,11,23,10,19,22,18,7,6],[4,16,20,24,12,8,11,23,10,19,22,18,7,6],[16,24,12,8,4,20,23],[20,16,8,4,12,24,23],[4,8,24,12,16,20,23],[8,4,12,24,16,20,23],[16,12,8,24,20,4,23],[4,8,16,12,20,24,23],[8,16,12,4,24,20,23],[16,8,12,24,20,4,11,23,22,19,10,18,7,6],[24,12,20,8,4,16,11,23,22,19,10,18,7,6],[24,8,4,16,20,12,23],[24,4,20,12,8,16,23],[16,20,8,12,24,4,11,23,10,19,22,18,7,6],[16,24,20,4,8,12,11,23,10,19,22,18,7,6],[8,12,16,24,4,20,23],[20,8,4,16,24,12,23],[12,4,16,24,20,8,23],[24,4,12,16,8,20,23],[8,16,12,24,20,4,11,23,10,19,22,18,7,6],[24,20,12,16,8,4,11,23,22,19,10,18,7,6],[4,24,12,20,16,8,23],[16,8,24,4,12,20,11,23,22,19,10,18,7,6],[12,4,16,24,20,8,11,23,22,19,10,18,7,6],[12,8,24,20,16,4,11,23,10,19,22,18,7,6],[8,16,4,24,12,20,23],[16,4,8,20,12,24,11,23,22,19,10,18,7,6],[16,12,4,8,24,20,23],[12,16,24,20,8,4,23],[12,16,8,24,20,4,11,23,10,19,22,18,7,6],[4,12,8,16,20,24,23],[20,24,4,8,16,12,23],[16,12,8,4,20,24,11,23,10,19,22,18,7,6],[20,12,8,16,4,24,11,23,10,19,22,18,7,6],[24,16,20,12,8,4,23],[24,4,8,16,20,12,11,23,10,19,22,18,7,6],[8,20,16,24,4,12,23],[12,4,16,24,20,8,11,23,10,19,22,18,7,6],[4,20,24,16,8,12,23],[12,24,8,4,20,16,11,23,10,19,22,18,7,6],[16,12,20,8,24,4,23],[16,8,4,12,24,20,23],[4,12,20,8,16,24,23],[8,16,24,12,4,20,11,23,22,19,10,18,7,6],[20,4,12,8,24,16,23],[24,4,12,20,16,8,23],[12,20,16,24,8,4,11,23,22,19,10,18,7,6],[8,12,4,20,16,24,11,23,10,19,22,18,7,6],[4,20,16,8,12,24,23],[20,12,8,4,16,24,11,23,10,19,22,18,7,6],[20,8,24,12,16,4,23],[4,16,20,8,12,24,11,23,22,19,10,18,7,6],[8,12,24,16,20,4,11,23,22,19,10,18,7,6],[8,20,24,4,12,16,11,23,22,19,10,18,7,6],[24,16,8,4,20,12,23],[20,4,12,24,8,16,11,23,10,19,22,18,7,6],[8,12,24,16,20,4,23],[16,4,8,24,20,12,23],[16,4,12,8,24,20,23],[4,8,12,24,16,20,23],[24,4,16,8,20,12,11,23,22,19,10,18,7,6],[24,8,4,12,16,20,11,23,10,19,22,18,7,6],[8,20,4,12,16,24,11,23,10,19,22,18,7,6],[4,20,8,16,12,24,11,23,10,19,22,18,7,6],[24,4,20,12,8,16,11,23,10,19,22,18,7,6],[4,12,8,16,24,20,11,23,10,19,22,18,7,6],[20,12,4,24,16,8,11,23,22,19,10,18,7,6],[12,20,24,4,16,8,23],[16,8,12,24,4,20,23],[20,24,8,16,12,4,23],[12,24,8,4,20,16,11,23,10,19,22,18,7,6],[20,24,16,12,8,4,23],[4,8,16,24,12,20,23],[12,4,8,20,16,24,11,23,10,19,22,18,7,6],[20,12,4,24,8,16,23],[24,4,8,12,16,20,23],[24,20,12,4,8,16,11,23,22,19,10,18,7,6],[8,4,16,20,24,12,11,23,10,19,22,18,7,6],[20,8,4,24,16,12,11,23,10,19,22,18,7,6],[4,20,12,8,24,16,23],[4,8,20,24,12,16,11,23,10,19,22,18,7,6],[20,8,16,4,12,24,23],[8,20,16,12,24,4,23],[20,16,8,12,4,24,11,23,10,19,22,18,7,6],[12,16,24,20,4,8,11,23,22,19,10,18,7,6],[12,24,8,4,20,16,23],[8,24,12,4,20,16,23],[16,4,24,8,12,20,23],[16,12,24,20,8,4,11,23,10,19,22,18,7,6],[16,20,8,12,4,24,11,23,22,19,10,18,7,6],[4,12,16,8,24,20,23],[20,12,16,24,8,4,11,23,22,19,10,18,7,6],[24,4,16,8,20,12,11,23,10,19,22,18,7,6],[8,20,4,16,24,12,11,23,10,19,22,18,7,6],[16,4,20,12,8,24,11,23,10,19,22,18,7,6],[4,20,24,16,12,8,11,23,10,19,22,18,7,6],[20,12,4,8,16,24,23],[8,12,4,20,16,24,23],[4,12,24,16,20,8,11,23,22,19,10,18,7,6],[20,16,8,12,4,24,11,23,22,19,10,18,7,6],[12,16,4,8,24,20,23],[4,8,24,20,12,16,11,23,22,19,10,18,7,6],[8,24,12,4,16,20,23],[20,4,24,12,8,16,23],[24,12,20,4,8,16,23],[20,4,24,12,16,8,23],[8,4,24,16,20,12,23],[8,24,12,16,20,4,23],[8,16,24,4,20,12,23],[8,4,12,24,20,16,23],[24,12,4,8,20,16,11,23,22,19,10,18,7,6],[20,12,4,16,8,24,23],[12,20,24,16,4,8,11,23,22,19,10,18,7,6],[16,24,8,12,4,20,23],[16,8,12,4,24,20,11,23,22,19,10,18,7,6],[4,20,8,12,24,16,11,23,10,19,22,18,7,6],[8,20,24,4,16,12,11,23,22,19,10,18,7,6],[20,24,4,16,8,12,23],[16,24,20,8,4,12,23],[16,8,20,12,24,4,23],[24,8,12,4,20,16,11,23,22,19,10,18,7,6],[20,8,16,4,12,24,11,23,22,19,10,18,7,6],[16,24,4,20,12,8,11,23,10,19,22,18,7,6],[8,16,4,24,20,12,23],[4,12,24,16,8,20,23],[20,24,4,12,8,16,11,23,10,19,22,18,7,6],[12,8,4,20,24,16,11,23,10,19,22,18,7,6],[20,12,8,16,4,24,23],[20,8,24,12,4,16,11,23,10,19,22,18,7,6],[8,12,16,20,4,24,11,23,22,19,10,18,7,6],[12,20,24,8,4,16,23],[8,4,20,12,24,16,23],[12,24,20,8,4,16,23],[4,16,12,20,8,24,23],[20,24,16,4,8,12,23],[4,12,16,8,24,20,23],[16,4,20,8,12,24,23],[4,8,16,20,12,24,23],[24,4,8,12,20,16,11,23,22,19,10,18,7,6],[16,12,20,8,4,24,23],[4,16,12,8,24,20,23],[16,20,8,24,12,4,23],[4,24,16,8,12,20,23],[16,24,8,12,4,20,23],[4,20,8,12,24,16,23],[24,16,20,12,8,4,11,23,22,19,10,18,7,6],[20,12,24,4,16,8,11,23,22,19,10,18,7,6],[24,4,8,12,20,16,23],[24,8,16,4,12,20,23],[12,24,20,4,8,16,23],[20,8,12,16,24,4,11,23,22,19,10,18,7,6],[8,12,16,24,20,4,23],[16,4,24,20,8,12,11,23,10,19,22,18,7,6],[12,4,8,16,20,24,23],[8,4,12,16,20,24,23],[20,12,8,24,16,4,11,23,22,19,10,18,7,6],[8,24,12,20,4,16,11,23,22,19,10,18,7,6],[8,4,12,16,20,24,11,23,10,19,22,18,7,6],[12,8,16,20,4,24,23],[24,16,8,20,12,4,11,23,22,19,10,18,7,6],[8,12,24,4,20,16,23],[4,12,24,20,8,16,11,23,10,19,22,18,7,6],[20,8,4,12,24,16,11,23,22,19,10,18,7,6],[4,24,20,12,8,16,11,23,10,19,22,18,7,6],[24,16,20,12,8,4,11,23,10,19,22,18,7,6],[20,4,8,16,24,12,23],[24,12,20,16,4,8,11,23,10,19,22,18,7,6],[24,8,20,12,4,16,23],[12,20,4,24,16,8,23],[20,24,12,4,8,16,11,23,10,19,22,18,7,6],[4,24,16,20,8,12,11,23,22,19,10,18,7,6],[4,12,24,8,20,16,11,23,22,19,10,18,7,6],[20,12,8,4,16,24,23],[4,16,24,20,8,12,11,23,10,19,22,18,7,6],[20,8,16,4,12,24,11,23,22,19,10,18,7,6],[12,24,20,16,8,4,23],[8,12,20,4,16,24,11,23,22,19,10,18,7,6],[24,4,20,16,12,8,23],[24,12,8,16,20,4,11,23,22,19,10,18,7,6],[16,8,20,12,24,4,11,23,10,19,22,18,7,6],[4,8,16,20,12,24,23],[12,20,8,16,4,24,23],[20,24,4,8,12,16,11,23,10,19,22,18,7,6],[8,16,24,20,12,4,23],[8,12,4,24,20,16,11,23,10,19,22,18,7,6],[12,8,16,24,20,4,11,23,10,19,22,18,7,6],[4,20,24,16,12,8,23],[8,16,24,20,12,4,11,23,10,19,22,18,7,6],[8,4,20,16,12,24,11,23,10,19,22,18,7,6],[16,20,4,8,12,24,23],[16,12,24,20,4,8,11,23,22,19,10,18,7,6],[8,12,4,20,16,24,23],[20,12,24,4,8,16,11,23,22,19,10,18,7,6],[16,12,8,24,20,4,11,23,10,19,22,18,7,6],[8,24,4,12,16,20,23],[4,8,12,20,16,24,11,23,22,19,10,18,7,6],[24,12,4,8,16,20,23],[16,12,24,4,20,8,23],[4,20,12,16,8,24,11,23,10,19,22,18,7,6],[4,20,24,8,12,16,23],[24,12,4,8,20,16,23],[24,20,12,8,4,16,23],[8,4,24,16,12,20,23],[20,16,24,4,8,12,23],[4,8,16,20,12,24,11,23,22,19,10,18,7,6],[16,12,4,24,20,8,11,23,10,19,22,18,7,6],[4,12,24,20,8,16,11,23,10,19,22,18,7,6],[12,20,16,4,24,8,23],[4,8,24,12,16,20,23],[8,12,20,4,16,24,11,23,10,19,22,18,7,6],[20,24,12,16,8,4,23],[4,16,12,20,8,24,11,23,22,19,10,18,7,6],[12,20,24,4,16,8,11,23,22,19,10,18,7,6],[12,24,16,8,4,20,23],[4,12,8,24,16,20,23],[16,12,8,20,4,24,23],[20,12,4,8,24,16,11,23,22,19,10,18,7,6],[8,4,16,12,20,24,23],[24,4,12,16,8,20,23],[20,16,8,4,12,24,11,23,10,19,22,18,7,6],[12,16,20,4,24,8,23],[12,8,16,4,20,24,23],[4,24,20,12,8,16,23],[8,20,24,12,16,4,23],[12,24,20,8,16,4,23],[8,4,20,12,16,24,11,23,22,19,10,18,7,6],[4,24,20,16,8,12,11,23,10,19,22,18,7,6],[8,12,20,4,16,24,23],[4,24,8,12,16,20,23],[12,20,16,4,8,24,11,23,10,19,22,18,7,6],[8,16,24,20,4,12,11,23,22,19,10,18,7,6],[12,24,20,4,8,16,23],[16,20,12,8,4,24,23],[8,16,24,20,12,4,23],[12,20,16,24,4,8,23],[4,16,12,24,20,8,23],[12,4,24,20,8,16,11,23,22,19,10,18,7,6],[4,8,16,24,12,20,23],[4,16,20,8,12,24,11,23,10,19,22,18,7,6],[12,24,4,20,16,8,11,23,22,19,10,18,7,6],[4,24,12,20,16,8,23],[20,24,12,8,16,4,11,23,10,19,22,18,7,6],[20,12,4,8,24,16,23],[12,8,16,20,4,24,11,23,22,19,10,18,7,6],[12,20,24,16,4,8,11,23,10,19,22,18,7,6],[8,24,4,20,16,12,11,23,22,19,10,18,7,6],[16,8,20,12,24,4,11,23,22,19,10,18,7,6],[12,24,4,8,20,16,11,23,10,19,22,18,7,6],[24,16,20,4,12,8,23],[8,16,20,4,12,24,11,23,10,19,22,18,7,6],[20,24,8,4,16,12,23],[8,16,12,4,24,20,11,23,22,19,10,18,7,6],[4,20,16,8,24,12,11,23,10,19,22,18,7,6],[12,4,16,8,24,20,11,23,10,19,22,18,7,6],[16,8,12,4,24,20,11,23,22,19,10,18,7,6],[8,4,24,12,16,20,11,23,10,19,22,18,7,6],[8,24,16,12,4,20,23],[24,12,4,8,20,16,11,23,10,19,22,18,7,6],[4,24,8,16,12,20,11,23,10,19,22,18,7,6],[20,16,24,8,12,4,23],[8,20,4,24,12,16,23],[24,16,12,20,8,4,23],[4,8,24,20,12,16,23],[16,12,24,8,4,20,11,23,10,19,22,18,7,6],[16,24,8,12,20,4,23],[12,4,16,8,24,20,11,23,22,19,10,18,7,6],[8,16,12,24,20,4,11,23,10,19,22,18,7,6],[8,24,4,12,16,20,11,23,22,19,10,18,7,6],[16,24,4,20,8,12,11,23,10,19,22,18,7,6],[16,12,8,24,4,20,23],[20,12,16,24,8,4,11,23,22,19,10,18,7,6],[8,4,24,16,12,20,23],[4,24,16,12,8,20,11,23,22,19,10,18,7,6],[8,4,12,20,16,24,23],[16,4,8,12,20,24,23],[20,24,4,16,8,12,11,23,22,19,10,18,7,6],[20,12,24,16,8,4,23],[12,20,24,4,8,16,23],[16,12,4,20,24,8,11,23,22,19,10,18,7,6],[20,4,12,24,8,16,11,23,22,19,10,18,7,6],[4,20,16,12,24,8,23],[20,24,12,16,8,4,11,23,10,19,22,18,7,6],[20,12,8,4,16,24,11,23,10,19,22,18,7,6],[20,24,12,4,8,16,11,23,22,19,10,18,7,6],[16,20,4,24,8,12,11,23,10,19,22,18,7,6],[20,24,8,12,16,4,23],[12,16,20,8,24,4,11,23,22,19,10,18,7,6],[24,16,4,12,20,8,23],[16,8,4,24,12,20,11,23,10,19,22,18,7,6],[24,12,8,20,4,16,11,23,10,19,22,18,7,6],[8,4,20,12,24,16,23],[24,16,20,4,8,12,11,23,22,19,10,18,7,6],[8,4,24,16,12,20,23],[8,24,16,12,20,4,11,23,10,19,22,18,7,6],[20,12,16,24,8,4,23],[24,4,8,16,12,20,11,23,10,19,22,18,7,6],[20,4,8,12,24,16,23],[16,4,20,8,24,12,11,23,10,19,22,18,7,6],[24,20,4,8,16,12,23],[16,12,24,8,4,20,23],[8,16,4,24,20,12,11,23,10,19,22,18,7,6],[12,4,16,24,8,20,23],[4,16,24,8,20,12,23],[12,20,4,8,16,24,23],[24,8,4,20,12,16,11,23,22,19,10,18,7,6],[12,16,4,24,20,8,23],[8,20,24,12,4,16,11,23,10,19,22,18,7,6],[24,16,20,4,12,8,23],[20,4,8,12,16,24,23],[12,8,20,24,4,16,23],[4,12,24,8,20,16,11,23,22,19,10,18,7,6],[20,12,16,4,24,8,11,23,22,19,10,18,7,6],[4,16,24,12,20,8,23],[12,20,16,8,4,24,11,23,10,19,22,18,7,6],[16,8,20,4,24,12,11,23,22,19,10,18,7,6],[20,24,12,16,4,8,11,23,22,19,10,18,7,6],[4,24,8,16,20,12,23],[24,12,20,8,4,16,11,23,22,19,10,18,7,6],[4,20,12,16,8,24,23],[12,24,20,4,8,16,23],[4,20,12,16,8,24,23],[16,8,24,20,4,12,11,23,22,19,10,18,7,6],[24,8,20,4,12,16,23],[12,24,16,8,20,4,11,23,10,19,22,18,7,6],[20,4,12,24,16,8,23],[20,12,16,4,24,8,11,23,22,19,10,18,7,6],[4,8,12,24,20,16,23],[4,24,20,8,12,16,23],[4,8,20,16,24,12,11,23,10,19,22,18,7,6],[8,12,24,4,20,16,23],[24,16,4,20,8,12,11,23,22,19,10,18,7,6],[8,12,4,24,16,20,11,23,10,19,22,18,7,6],[20,24,16,4,12,8,11,23,10,19,22,18,7,6],[12,24,4,20,16,8,23],[12,20,24,8,16,4,11,23,22,19,10,18,7,6],[12,8,20,24,4,16,23],[4,16,24,12,8,20,23],[24,12,20,4,16,8,23],[4,12,8,24,16,20,23],[24,16,8,20,4,12,11,23,10,19,22,18,7,6],[20,8,12,16,4,24,23],[4,24,16,12,8,20,23],[24,8,16,4,12,20,11,23,10,19,22,18,7,6],[24,8,16,20,4,12,23],[4,20,16,12,8,24,23],[20,16,12,4,24,8,11,23,10,19,22,18,7,6],[24,20,12,8,4,16,11,23,10,19,22,18,7,6],[8,4,20,16,24,12,11,23,10,19,22,18,7,6],[8,24,16,12,4,20,11,23,22,19,10,18,7,6],[20,4,24,12,8,16,11,23,10,19,22,18,7,6],[16,8,20,24,4,12,11,23,22,19,10,18,7,6],[4,8,24,16,12,20,23],[8,16,12,24,4,20,11,23,10,19,22,18,7,6],[20,12,24,8,4,16,11,23,10,19,22,18,7,6],[16,12,20,24,4,8,23],[24,8,4,16,20,12,11,23,10,19,22,18,7,6],[16,12,8,20,4,24,23],[12,16,4,20,24,8,23],[8,4,12,16,24,20,23],[16,24,20,12,4,8,11,23,22,19,10,18,7,6],[20,16,8,4,24,12,23],[8,12,16,4,24,20,23],[16,24,8,12,4,20,11,23,10,19,22,18,7,6],[20,8,12,16,4,24,23],[24,20,16,4,8,12,23],[12,20,24,16,8,4,11,23,10,19,22,18,7,6],[4,24,8,16,12,20,11,23,22,19,10,18,7,6],[4,20,12,16,8,24,11,23,22,19,10,18,7,6],[16,20,24,8,4,12,11,23,10,19,22,18,7,6],[4,16,20,24,8,12,11,23,10,19,22,18,7,6],[4,8,16,20,24,12,11,23,10,19,22,18,7,6],[4,16,8,12,20,24,23],[4,8,20,16,24,12,11,23,22,19,10,18,7,6],[8,16,24,20,12,4,23],[4,8,24,16,12,20,23],[12,24,20,8,16,4,11,23,10,19,22,18,7,6],[20,12,8,4,16,24,23],[24,20,16,4,12,8,11,23,22,19,10,18,7,6],[4,12,16,24,20,8,11,23,10,19,22,18,7,6],[20,24,4,12,8,16,23],[8,4,20,16,24,12,23],[4,12,20,16,24,8,11,23,10,19,22,18,7,6],[16,12,8,4,20,24,11,23,22,19,10,18,7,6],[12,16,20,24,8,4,23],[24,20,8,12,16,4,23],[24,12,20,16,8,4,23],[12,8,24,20,4,16,11,23,22,19,10,18,7,6],[16,24,12,20,8,4,23],[24,20,8,16,12,4,11,23,22,19,10,18,7,6],[8,24,12,4,16,20,23],[4,8,20,16,24,12,11,23,22,19,10,18,7,6],[12,20,24,8,4,16,23],[12,24,8,20,16,4,23],[4,12,16,20,24,8,11,23,10,19,22,18,7,6],[16,8,20,4,12,24,23],[12,24,4,20,8,16,11,23,10,19,22,18,7,6],[20,8,16,4,24,12,23],[24,12,16,4,20,8,23],[12,8,24,16,4,20,11,23,10,19,22,18,7,6],[24,8,16,20,4,12,11,23,22,19,10,18,7,6],[4,12,16,20,8,24,23],[24,20,4,16,8,12,11,23,22,19,10,18,7,6],[4,20,24,8,16,12,23],[24,20,8,4,12,16,11,23,10,19,22,18,7,6],[12,20,24,16,8,4,23],[12,16,20,4,8,24,23],[16,20,4,8,24,12,23],[12,4,20,8,16,24,23],[4,16,8,24,20,12,23],[20,12,8,24,4,16,23],[20,16,24,4,12,8,23],[12,20,4,24,16,8,23],[20,24,12,8,16,4,23],[24,4,20,16,8,12,11,23,22,19,10,18,7,6],[16,12,20,8,24,4,11,23,10,19,22,18,7,6],[16,8,24,4,20,12,23],[24,8,16,4,20,12,23],[16,20,8,24,4,12,11,23,10,19,22,18,7,6],[16,8,20,24,4,12,11,23,10,19,22,18,7,6],[24,16,8,4,20,12,11,23,22,19,10,18,7,6],[24,8,12,4,20,16,11,23,22,19,10,18,7,6],[4,8,16,24,12,20,11,23,10,19,22,18,7,6],[4,20,8,12,24,16,11,23,22,19,10,18,7,6],[8,16,4,12,20,24,23],[16,8,4,24,20,12,23],[12,8,4,24,16,20,23],[8,24,12,4,16,20,11,23,22,19,10,18,7,6],[16,24,8,4,12,20,11,23,10,19,22,18,7,6],[4,12,24,8,16,20,11,23,10,19,22,18,7,6],[16,8,4,12,20,24,11,23,10,19,22,18,7,6],[20,24,8,16,4,12,11,23,22,19,10,18,7,6],[4,16,12,24,20,8,11,23,22,19,10,18,7,6],[20,16,4,12,24,8,23],[20,4,8,24,16,12,23],[12,20,24,8,16,4,11,23,22,19,10,18,7,6],[12,8,24,16,20,4,11,23,22,19,10,18,7,6],[20,16,12,24,8,4,11,23,10,19,22,18,7,6],[12,20,24,4,16,8,11,23,10,19,22,18,7,6],[8,4,20,12,24,16,11,23,22,19,10,18,7,6],[12,4,16,24,20,8,23],[12,4,20,16,24,8,11,23,22,19,10,18,7,6],[16,8,12,4,20,24,11,23,22,19,10,18,7,6],[8,12,20,16,4,24,11,23,10,19,22,18,7,6],[16,24,8,12,4,20,23],[12,20,16,4,24,8,23],[12,20,16,8,24,4,23],[20,4,8,24,16,12,23],[16,8,12,24,4,20,11,23,10,19,22,18,7,6],[12,8,4,16,20,24,23],[24,12,4,16,8,20,11,23,22,19,10,18,7,6],[20,16,12,4,24,8,23],[20,16,4,8,12,24,23],[4,8,24,20,12,16,23],[24,16,4,8,12,20,23],[16,20,12,4,24,8,23],[8,16,4,20,24,12,11,23,22,19,10,18,7,6],[24,4,8,12,16,20,23],[20,12,16,8,24,4,23],[16,20,8,4,12,24,11,23,10,19,22,18,7,6],[16,4,24,8,12,20,11,23,22,19,10,18,7,6],[16,4,24,8,20,12,11,23,22,19,10,18,7,6],[4,16,24,12,20,8,23],[24,20,12,16,8,4,11,23,22,19,10,18,7,6],[20,8,4,16,12,24,11,23,10,19,22,18,7,6],[24,12,16,8,4,20,11,23,22,19,10,18,7,6],[20,12,4,16,24,8,23],[12,8,24,20,4,16,11,23,10,19,22,18,7,6],[20,12,8,4,24,16,23],[12,16,24,4,20,8,11,23,22,19,10,18,7,6],[16,24,8,20,4,12,11,23,10,19,22,18,7,6],[24,16,4,12,8,20,23],[16,12,24,20,4,8,11,23,22,19,10,18,7,6],[4,12,16,8,24,20,11,23,10,19,22,18,7,6],[4,16,24,20,12,8,11,23,10,19,22,18,7,6],[16,4,20,24,12,8,23],[4,12,16,8,24,20,23],[20,16,4,8,12,24,11,23,22,19,10,18,7,6],[4,16,8,20,24,12,11,23,10,19,22,18,7,6],[8,16,24,4,12,20,11,23,22,19,10,18,7,6],[8,16,12,20,4,24,11,23,22,19,10,18,7,6],[8,16,12,20,4,24,11,23,10,19,22,18,7,6],[12,16,24,20,8,4,11,23,22,19,10,18,7,6],[16,24,4,8,12,20,23],[16,24,8,4,12,20,11,23,10,19,22,18,7,6],[16,8,4,12,24,20,11,23,22,19,10,18,7,6],[24,12,4,8,16,20,23],[24,16,12,4,8,20,23],[12,8,24,16,4,20,23],[16,24,4,20,12,8,11,23,10,19,22,18,7,6],[24,8,4,12,20,16,11,23,10,19,22,18,7,6],[12,4,20,24,8,16,11,23,10,19,22,18,7,6],[16,24,4,8,20,12,23],[24,4,16,20,8,12,23],[12,4,24,20,16,8,11,23,10,19,22,18,7,6],[16,24,8,4,20,12,23],[4,20,12,8,16,24,11,23,22,19,10,18,7,6],[24,20,4,16,8,12,23],[16,12,24,4,8,20,23],[16,4,24,20,12,8,23],[8,20,4,12,24,16,23],[16,4,24,8,20,12,11,23,22,19,10,18,7,6],[12,16,20,24,4,8,11,23,22,19,10,18,7,6],[24,12,4,16,8,20,11,23,22,19,10,18,7,6],[4,24,12,16,8,20,11,23,22,19,10,18,7,6],[4,20,8,24,12,16,11,23,10,19,22,18,7,6],[20,12,24,16,8,4,11,23,22,19,10,18,7,6],[4,12,8,16,24,20,11,23,22,19,10,18,7,6],[24,4,12,8,20,16,23],[8,16,4,24,20,12,23],[24,20,4,16,8,12,23],[8,24,16,20,4,12,11,23,10,19,22,18,7,6],[20,4,12,24,16,8,11,23,22,19,10,18,7,6],[4,8,12,16,24,20,11,23,22,19,10,18,7,6],[8,16,24,4,12,20,23],[8,20,24,12,16,4,11,23,10,19,22,18,7,6],[16,8,24,20,4,12,11,23,10,19,22,18,7,6],[20,24,8,4,12,16,23],[12,16,20,24,4,8,11,23,22,19,10,18,7,6],[24,4,16,12,20,8,11,23,10,19,22,18,7,6],[12,24,4,16,20,8,11,23,10,19,22,18,7,6],[16,4,12,8,24,20,11,23,10,19,22,18,7,6],[20,4,12,16,24,8,23],[16,4,12,20,8,24,23],[4,12,20,24,8,16,11,23,22,19,10,18,7,6],[24,4,16,12,20,8,11,23,10,19,22,18,7,6],[8,12,4,16,20,24,23],[16,12,24,20,8,4,23],[12,8,20,24,16,4,11,23,10,19,22,18,7,6],[4,24,20,12,16,8,11,23,10,19,22,18,7,6],[20,16,8,4,24,12,23],[8,20,16,24,4,12,11,23,10,19,22,18,7,6],[12,24,8,4,16,20,23],[20,24,16,8,12,4,23],[8,24,12,4,20,16,23],[24,12,4,20,16,8,11,23,10,19,22,18,7,6],[24,20,12,8,4,16,11,23,10,19,22,18,7,6],[24,16,8,20,4,12,11,23,10,19,22,18,7,6],[24,16,8,4,12,20,23],[8,12,16,24,4,20,11,23,22,19,10,18,7,6],[8,24,20,16,12,4,11,23,10,19,22,18,7,6],[24,20,16,12,8,4,23],[12,16,20,8,4,24,11,23,22,19,10,18,7,6],[4,8,20,12,24,16,11,23,10,19,22,18,7,6],[12,24,20,16,8,4,23],[8,16,24,20,12,4,11,23,10,19,22,18,7,6],[8,4,20,24,12,16,11,23,22,19,10,18,7,6],[20,16,4,12,24,8,23],[24,4,20,16,12,8,11,23,22,19,10,18,7,6],[12,24,4,16,8,20,23],[8,12,4,20,24,16,23],[24,12,16,4,20,8,23],[24,12,4,8,16,20,23],[12,4,16,20,24,8,23],[8,12,4,20,24,16,11,23,22,19,10,18,7,6],[12,4,16,20,8,24,23],[16,8,4,24,20,12,11,23,10,19,22,18,7,6],[24,16,8,20,4,12,23],[16,8,12,20,24,4,23],[12,8,16,24,20,4,11,23,10,19,22,18,7,6],[12,8,4,24,16,20,23],[4,20,24,12,16,8,11,23,10,19,22,18,7,6],[24,8,12,4,16,20,23],[16,20,12,4,8,24,11,23,10,19,22,18,7,6],[4,20,24,8,16,12,23],[12,24,16,8,20,4,23],[20,12,16,8,24,4,23],[4,8,16,12,20,24,11,23,10,19,22,18,7,6],[16,4,12,24,20,8,23],[8,20,12,4,16,24,23],[20,24,8,4,16,12,11,23,10,19,22,18,7,6],[12,24,20,16,4,8,23],[8,4,12,16,20,24,11,23,10,19,22,18,7,6],[12,24,8,4,16,20,11,23,22,19,10,18,7,6],[16,8,24,20,12,4,11,23,10,19,22,18,7,6],[12,24,16,4,20,8,11,23,22,19,10,18,7,6],[16,8,24,12,20,4,11,23,10,19,22,18,7,6],[12,16,8,4,20,24,23],[8,16,4,24,20,12,23],[12,24,16,8,20,4,23],[8,20,12,4,24,16,11,23,22,19,10,18,7,6],[24,8,16,12,4,20,23],[20,12,24,16,4,8,23],[24,12,8,16,4,20,11,23,22,19,10,18,7,6],[8,4,20,24,16,12,11,23,22,19,10,18,7,6],[24,16,8,12,20,4,11,23,22,19,10,18,7,6],[8,20,24,12,16,4,11,23,10,19,22,18,7,6],[20,16,24,4,12,8,23],[12,20,16,4,24,8,11,23,22,19,10,18,7,6],[24,8,12,20,4,16,23],[12,20,16,24,4,8,23],[16,8,4,24,12,20,23],[8,20,24,12,4,16,11,23,10,19,22,18,7,6],[4,24,12,8,20,16,11,23,10,19,22,18,7,6],[16,8,4,24,20,12,23],[12,8,16,20,24,4,11,23,10,19,22,18,7,6],[8,24,4,16,12,20,23],[16,4,12,8,24,20,23],[20,16,24,12,8,4,23],[8,24,4,20,12,16,23],[4,8,20,12,24,16,23],[20,4,24,8,12,16,11,23,22,19,10,18,7,6],[12,4,16,20,8,24,23],[12,4,20,24,16,8,11,23,22,19,10,18,7,6],[24,16,8,20,12,4,11,23,22,19,10,18,7,6],[20,8,24,12,4,16,11,23,10,19,22,18,7,6],[4,12,8,16,20,24,11,23,22,19,10,18,7,6],[16,12,4,20,24,8,23],[24,16,8,4,12,20,11,23,10,19,22,18,7,6],[24,16,8,4,20,12,23],[4,24,16,8,12,20,11,23,10,19,22,18,7,6],[16,4,24,20,8,12,11,23,10,19,22,18,7,6],[16,12,20,4,8,24,23],[4,12,20,16,8,24,11,23,10,19,22,18,7,6],[24,16,4,8,20,12,23],[24,12,16,4,8,20,11,23,22,19,10,18,7,6],[12,16,8,20,4,24,11,23,22,19,10,18,7,6],[20,8,12,4,16,24,11,23,10,19,22,18,7,6],[8,24,4,20,16,12,23],[8,20,4,16,12,24,23],[20,12,4,8,16,24,23],[8,24,16,20,12,4,11,23,22,19,10,18,7,6],[24,8,16,20,12,4,11,23,22,19,10,18,7,6],[12,8,24,16,4,20,11,23,10,19,22,18,7,6],[4,20,12,24,16,8,23],[8,20,24,12,4,16,23],[24,20,16,4,12,8,23],[20,16,12,24,4,8,11,23,10,19,22,18,7,6],[24,16,20,12,8,4,11,23,22,19,10,18,7,6],[20,12,16,8,4,24,23],[24,12,16,4,20,8,11,23,10,19,22,18,7,6],[12,4,8,16,20,24,11,23,10,19,22,18,7,6],[24,20,16,8,4,12,23],[24,16,8,12,4,20,23],[4,16,8,24,20,12,23],[20,24,12,4,16,8,23],[4,24,20,12,8,16,23],[4,16,20,24,12,8,23],[8,24,4,12,20,16,11,23,22,19,10,18,7,6],[12,4,24,16,20,8,23],[20,24,16,4,8,12,23],[16,8,20,12,24,4,23],[8,4,16,24,12,20,23],[12,24,8,20,16,4,11,23,22,19,10,18,7,6],[24,20,12,8,16,4,11,23,22,19,10,18,7,6],[16,8,12,20,4,24,23],[8,24,12,4,20,16,11,23,22,19,10,18,7,6],[16,20,8,12,4,24,11,23,10,19,22,18,7,6],[8,24,4,16,20,12,11,23,10,19,22,18,7,6],[16,8,4,12,20,24,11,23,22,19,10,18,7,6],[20,16,24,12,8,4,11,23,22,19,10,18,7,6],[16,8,24,4,20,12,11,23,10,19,22,18,7,6],[4,24,20,12,8,16,23],[4,12,24,8,16,20,11,23,10,19,22,18,7,6],[24,12,16,8,4,20,23],[4,8,24,12,16,20,11,23,10,19,22,18,7,6],[12,16,20,4,8,24,23],[24,16,8,20,12,4,11,23,10,19,22,18,7,6],[4,16,24,12,20,8,23],[8,4,20,16,12,24,23],[16,4,12,24,20,8,23],[12,16,20,8,4,24,23],[8,12,24,4,16,20,23],[12,8,20,4,16,24,23],[4,16,12,24,8,20,23],[16,4,24,20,12,8,23],[16,12,4,20,8,24,23],[12,24,4,20,8,16,11,23,22,19,10,18,7,6],[8,16,20,4,12,24,11,23,10,19,22,18,7,6],[12,16,8,20,24,4,23],[20,24,12,8,4,16,23],[24,16,12,8,20,4,11,23,22,19,10,18,7,6],[16,8,20,24,4,12,23],[4,12,16,8,20,24,23],[16,20,8,12,4,24,11,23,22,19,10,18,7,6],[8,4,24,12,20,16,23],[4,8,20,16,24,12,11,23,22,19,10,18,7,6],[4,20,16,24,12,8,23],[8,24,4,16,12,20,11,23,22,19,10,18,7,6],[24,20,8,12,16,4,23],[20,16,8,24,4,12,11,23,10,19,22,18,7,6],[20,8,12,24,16,4,11,23,10,19,22,18,7,6],[8,20,4,16,24,12,11,23,10,19,22,18,7,6],[8,16,24,4,12,20,11,23,22,19,10,18,7,6],[12,8,16,4,24,20,11,23,10,19,22,18,7,6],[24,8,4,16,20,12,11,23,10,19,22,18,7,6],[20,4,12,24,8,16,23],[8,24,16,20,12,4,23],[24,8,12,20,16,4,23],[20,4,24,8,16,12,11,23,22,19,10,18,7,6],[16,12,24,20,4,8,11,23,22,19,10,18,7,6],[16,12,24,8,4,20,23],[4,8,12,24,16,20,11,23,10,19,22,18,7,6],[8,20,4,24,12,16,11,23,10,19,22,18,7,6],[4,16,12,24,8,20,11,23,10,19,22,18,7,6],[12,8,20,16,24,4,11,23,10,19,22,18,7,6],[4,12,24,20,8,16,23],[12,8,16,20,4,24,11,23,10,19,22,18,7,6],[24,8,20,12,16,4,11,23,22,19,10,18,7,6],[8,20,24,4,12,16,11,23,10,19,22,18,7,6],[8,12,24,20,16,4,23],[12,20,16,8,4,24,11,23,10,19,22,18,7,6],[4,20,24,12,8,16,11,23,10,19,22,18,7,6],[24,16,4,20,8,12,11,23,22,19,10,18,7,6],[16,4,20,8,24,12,11,23,10,19,22,18,7,6],[16,24,12,4,8,20,11,23,22,19,10,18,7,6],[24,16,4,12,20,8,11,23,10,19,22,18,7,6],[12,4,16,8,20,24,23],[8,24,16,20,12,4,11,23,10,19,22,18,7,6],[4,16,8,12,24,20,11,23,10,19,22,18,7,6],[12,8,20,24,16,4,23],[4,12,24,20,8,16,11,23,10,19,22,18,7,6],[24,20,4,12,8,16,23],[4,12,8,24,20,16,11,23,10,19,22,18,7,6],[16,24,8,4,20,12,23],[8,20,12,24,16,4,23],[8,4,12,16,20,24,11,23,22,19,10,18,7,6],[8,16,4,20,24,12,23],[24,20,16,4,12,8,11,23,22,19,10,18,7,6],[20,4,12,16,8,24,23],[8,12,24,16,4,20,11,23,10,19,22,18,7,6],[16,8,24,20,12,4,23],[16,8,12,4,20,24,11,23,10,19,22,18,7,6],[20,16,8,12,24,4,23],[12,20,4,8,16,24,23],[12,4,20,8,24,16,11,23,10,19,22,18,7,6],[8,12,4,20,24,16,23],[12,8,20,24,4,16,23],[8,24,4,20,16,12,23],[8,12,20,16,4,24,11,23,22,19,10,18,7,6],[24,4,12,16,8,20,11,23,10,19,22,18,7,6],[16,8,20,4,12,24,11,23,22,19,10,18,7,6],[12,8,4,20,24,16,23],[20,4,24,8,16,12,11,23,10,19,22,18,7,6],[12,16,4,8,20,24,11,23,10,19,22,18,7,6],[4,12,24,8,16,20,11,23,22,19,10,18,7,6],[16,24,12,8,20,4,11,23,22,19,10,18,7,6],[24,20,4,16,12,8,11,23,10,19,22,18,7,6],[8,4,12,20,16,24,11,23,10,19,22,18,7,6],[16,24,20,4,8,12,11,23,22,19,10,18,7,6],[8,20,4,24,16,12,23],[4,12,16,8,24,20,11,23,10,19,22,18,7,6],[20,16,4,12,8,24,11,23,22,19,10,18,7,6],[24,8,12,16,4,20,23],[4,20,24,8,12,16,11,23,10,19,22,18,7,6],[12,20,8,4,16,24,11,23,10,19,22,18,7,6],[24,20,16,12,8,4,11,23,22,19,10,18,7,6],[24,8,12,20,16,4,11,23,10,19,22,18,7,6],[20,4,24,12,8,16,23],[20,12,24,16,4,8,23],[20,4,12,24,8,16,11,23,22,19,10,18,7,6],[24,20,12,16,8,4,11,23,10,19,22,18,7,6],[12,20,8,16,4,24,11,23,22,19,10,18,7,6],[24,4,16,8,12,20,23],[8,12,16,24,20,4,11,23,22,19,10,18,7,6],[12,4,8,20,16,24,23],[4,24,16,12,20,8,11,23,22,19,10,18,7,6],[16,8,20,4,24,12,23],[12,8,20,16,24,4,11,23,22,19,10,18,7,6],[16,24,4,12,8,20,23],[12,16,20,4,24,8,23],[16,12,4,8,24,20,23],[12,20,4,8,24,16,23],[8,4,20,12,16,24,23]],"n_human":9}