{"problem_id":"zC9rqxFXmr7YcEG","sigma":150,"alpha":1.000,"cost":0,"probabilities":"[0.21, 0.26, 0.1, 0.43]","payoff_matrix":"[[-222, -1, 152, -169, -82, 227], [-209, 38, -4, -46, -67, -183], [55, -62, 218, 110, 253, 138], [-24, 10, -222, -14, -411, 223]]","uncovered":[[8,20,4,24,16,12,22,6,14,5,21],[24,16,4,8,12,20,6,22,14,21],[20,24,4,12,8,16,22,6,14,5,21],[4,8,20,16,24,12,6,22,14,21],[4,16,24,8,20,12,6,22,14,21],[12,4,8,20,16,24,22,6,14,21],[12,16,4,8,24,20,22,6,5,14,21],[16,20,24,4,8,12,22,6,5,14,21],[12,24,4,8,20,16,6,22,14,21],[20,16,8,4,12,24,6,22,14,21],[16,4,12,20,8,24,22,6,14,5,21],[20,8,24,4,12,16,6,22,14,5,21],[12,24,16,4,20,8,6,22,21],[16,4,12,20,8,24,6,22,5,14,21],[4,8,24,20,16,12,6,22,14,5,21],[12,24,16,8,4,20,6,22,14,21],[12,20,16,24,4,8,22,6,14,5,21],[4,20,8,12,16,24,6,22,14,21],[20,16,24,8,4,12,22,6,14,21],[24,20,12,4,16,8,6,22,14,21],[12,16,20,24,4,8,22,6,14,21],[4,24,16,20,12,8,6,22,21],[8,20,4,12,16,24,22,6,14,21],[20,24,4,8,16,12,22,6,14,21],[20,12,8,4,16,24,6,22,14,5,21],[4,12,8,24,16,20,22,6,21],[12,20,8,16,4,24,22,6,14,5,21],[16,20,24,12,4,8,22,6,21],[12,24,8,4,20,16,22,6,14,21],[24,12,16,8,20,4,6,22,5,14,21],[16,24,12,20,4,8,22,6,21],[16,20,8,4,12,24,6,22,5,14,21],[16,12,24,20,8,4,22,6,14,5,21],[24,16,8,4,20,12,6,22,14,5,21],[4,16,12,24,20,8,22,6,14,21],[4,24,20,16,8,12,22,6,14,5,21],[16,8,12,24,4,20,22,6,5,14,21],[8,24,4,12,20,16,6,22,5,14,21],[24,8,12,20,4,16,6,22,14,5,21],[16,12,24,8,20,4,22,6,14,5,21],[20,12,16,24,4,8,6,22,14,5,21],[24,20,12,8,4,16,6,22,14,5,21],[4,24,8,16,20,12,6,22,5,14,21],[4,24,12,20,16,8,6,22,14,5,21],[24,4,8,16,20,12,6,22,14,5,21],[4,12,16,8,24,20,6,22,21],[16,12,20,24,8,4,6,22,14,21],[20,24,4,16,12,8,6,22,5,14,21],[8,12,24,16,20,4,22,6,14,21],[20,24,4,16,12,8,6,22,14,5,21],[16,8,12,20,4,24,6,22,14,21],[4,12,16,24,20,8,6,22,5,14,21],[16,24,12,20,8,4,6,22,14,5,21],[12,24,8,20,16,4,6,22,14,21],[24,8,20,4,12,16,22,6,14,21],[8,20,4,16,24,12,6,22,5,14,21],[8,24,16,20,12,4,6,22,14,5,21],[12,24,20,4,8,16,22,6,14,21],[16,12,4,20,8,24,22,6,14,5,21],[8,16,12,20,24,4,22,6,14,5,21],[8,16,12,4,20,24,6,22,14,5,21],[24,8,20,4,12,16,22,6,14,21],[12,8,16,24,4,20,22,6,14,5,21],[24,16,12,4,8,20,22,6,14,21],[20,4,12,16,8,24,22,6,21],[16,4,24,20,12,8,6,22,14,21],[16,4,8,24,12,20,6,22,5,14,21],[8,4,16,24,20,12,22,6,14,21],[24,8,16,12,4,20,6,22,14,5,21],[4,8,16,20,24,12,22,6,14,21],[24,20,4,8,12,16,7,22,6,14,2,21],[12,24,8,4,16,20,22,6,14,21],[8,12,24,20,4,16,22,6,21],[16,4,20,12,8,24,22,6,14,5,21],[12,24,16,4,8,20,6,22,5,14,21],[16,24,4,8,20,12,6,22,14,21],[8,24,4,12,20,16,6,22,14,21],[16,8,4,12,20,24,6,22,14,21],[8,12,20,24,4,16,22,6,5,14,21],[20,12,16,24,8,4,22,6,14,21],[8,24,20,16,4,12,6,22,14,21],[24,4,8,20,12,16,6,22,14,21],[12,16,4,8,24,20,22,6,14,5,21],[8,16,24,12,20,4,6,22,14,5,21],[20,24,4,8,16,12,22,6,14,21],[24,4,16,8,12,20,22,6,14,5,21],[20,4,8,16,12,24,6,22,14,21],[12,16,20,24,4,8,6,22,21],[20,24,8,12,16,4,6,22,14,5,21],[8,16,24,12,20,4,6,22,14,5,21],[20,24,16,12,4,8,22,6,14,5,21],[4,20,12,16,24,8,6,22,14,21],[24,4,20,8,12,16,6,22,5,21],[8,12,4,20,16,24,6,22,14,5,21],[4,8,20,16,24,12,22,6,14,21],[12,4,8,24,16,20,22,6,14,5,21],[24,20,12,4,16,8,22,6,21],[20,16,4,12,24,8,6,22,14,5,21],[8,20,24,4,16,12,22,6,14,21],[12,24,16,4,20,8,22,6,14,5,21],[20,16,12,8,4,24,22,6,14,21],[16,12,4,20,8,24,22,6,14,5,21],[12,20,24,8,16,4,21],[4,24,12,8,16,20,6,22,14,21],[12,24,16,8,4,20,22,6,14,21],[4,24,20,12,8,16,22,6,14,5,21],[4,20,12,24,16,8,6,22,14,21],[8,16,20,24,12,4,21],[12,20,24,16,8,4,6,22,14,21],[4,24,12,8,20,16,6,22,14,5,21],[8,16,20,24,4,12,22,6,21],[24,8,4,16,12,20,22,6,21],[16,4,20,24,8,12,22,6,14,5,21],[16,8,24,20,12,4,22,6,14,5,21],[16,24,4,8,20,12,6,22,14,21],[4,24,20,16,12,8,6,22,14,21],[20,12,4,8,24,16,6,22,14,21],[4,16,12,24,20,8,22,6,21],[20,12,8,24,4,16,6,22,5,14,21],[24,16,12,8,20,4,22,6,14,21],[20,16,4,8,12,24,22,6,14,21],[16,12,4,24,20,8,6,22,5,21],[24,20,8,16,4,12,22,6,14,5,21],[24,8,16,12,20,4,6,22,14,21],[4,8,20,24,12,16,22,6,14,5,21],[12,16,8,4,24,20,22,6,14,21],[20,12,4,24,16,8,22,6,14,21],[8,20,12,16,4,24,22,6,14,21],[24,8,12,4,20,16,6,22,14,5,21],[16,20,8,12,4,24,22,6,21],[12,4,24,16,20,8,23],[20,8,4,24,12,16,6,22,14,5,21],[24,12,16,20,8,4,22,6,21],[4,12,8,20,16,24,22,6,5,14,21],[16,12,8,20,4,24,6,22,14,21],[20,12,4,24,8,16,6,22,14,5,21],[8,20,16,12,24,4,6,22,5,14,21],[8,16,12,20,4,24,22,6,14,5,21],[4,12,8,16,24,20,22,6,14,5,21],[16,20,4,24,12,8,6,22,21],[12,24,4,20,8,16,6,22,14,21],[4,20,12,8,24,16,22,6,14,21],[24,8,12,20,4,16,22,6,14,21],[24,8,16,4,20,12,22,6,14,21],[20,8,4,24,12,16,6,22,14,5,21],[12,16,24,4,8,20,6,22,14,21],[20,12,8,24,16,4,22,6,14,5,21],[24,12,8,20,4,16,22,6,14,21],[20,12,16,8,4,24,6,22,5,14,21],[20,16,8,24,4,12,6,22,14,21],[12,20,24,4,8,16,6,22,14,5,21],[16,8,20,24,12,4,6,22,14,21],[16,8,20,24,4,12,6,22,14,5,21],[24,12,8,4,20,16,22,6,14,21],[8,16,12,24,20,4,6,22,21],[16,12,8,4,20,24,22,6,14,5,21],[20,4,12,16,24,8,22,6,14,21],[20,16,4,8,24,12,22,6,5,14,21],[12,4,8,24,20,16,22,6,5,14,21],[4,24,8,20,16,12,22,6,5,14,21],[24,20,8,12,4,16,6,22,14,21],[16,4,12,20,24,8,6,22,14,5,21],[16,12,4,20,8,24,22,6,14,5,21],[16,12,20,4,8,24,22,6,21],[12,8,24,4,16,20,22,6,14,21],[24,16,20,12,4,8,6,22,14,21],[16,24,20,12,8,4,6,22,21],[16,8,20,4,12,24,6,22,5,14,21],[12,16,8,4,20,24,22,6,14,21],[24,8,4,16,12,20,6,22,5,14,21],[4,12,20,16,24,8,22,6,14,5,21],[8,12,4,20,24,16,6,22,14,21],[24,8,12,20,4,16,22,6,14,5,21],[20,24,12,8,16,4,22,6,14,5,21],[8,24,20,16,12,4,22,6,14,21],[16,8,20,12,24,4,22,6,14,21],[12,8,16,20,24,4,6,22,14,21],[16,4,12,8,24,20,22,6,14,21],[12,24,20,8,4,16,22,6,14,21],[24,12,16,20,8,4,22,6,14,5,21],[8,4,16,20,12,24,6,22,14,5,21],[24,8,4,12,20,16,6,22,14,5,21],[20,8,24,16,4,12,22,6,14,5,21],[20,12,16,4,8,24,22,6,14,5,21],[12,16,8,24,4,20,22,6,5,14,21],[24,20,4,16,12,8,6,22,14,21],[24,20,8,16,4,12,6,22,14,5,21],[8,24,4,16,12,20,6,22,14,5,21],[24,8,16,4,12,20,22,6,14,21],[4,8,12,16,24,20,22,6,14,5,21],[4,8,16,24,20,12,22,6,14,21],[12,20,16,4,8,24,6,22,21],[12,4,8,24,20,16,6,22,14,5,21],[24,16,8,12,4,20,6,22,14,5,21],[16,24,8,4,20,12,6,22,14,5,21],[24,4,8,20,12,16,22,6,14,21],[20,24,4,16,12,8,6,22,14,5,21],[12,4,20,24,8,16,6,22,14,5,21],[8,16,12,24,4,20,6,22,14,21],[12,20,24,8,16,4,22,6,14,5,21],[4,8,16,12,24,20,22,6,14,5,21],[24,20,8,16,12,4,6,22,14,5,21],[16,4,24,12,20,8,22,6,14,5,21],[8,16,12,24,20,4,6,22,14,21],[12,20,8,24,4,16,22,6,5,14,21],[20,24,16,4,12,8,22,6,14,21],[16,20,4,24,8,12,22,6,14,5,21],[8,12,20,24,4,16,6,22,21],[16,20,24,12,4,8,6,22,14,5,21],[8,24,12,16,20,4,22,6,14,21],[12,16,20,24,4,8,22,6,14,5,21],[16,20,12,4,24,8,22,6,14,5,21],[24,16,12,8,4,20,6,22,14,5,21],[4,24,8,20,16,12,22,6,14,21],[20,8,12,24,4,16,22,6,14,21],[16,4,24,8,12,20,6,22,14,5,21],[20,4,12,24,16,8,22,6,21],[8,12,16,20,24,4,6,22,5,14,21],[12,8,4,20,24,16,6,22,14,5,21],[4,16,20,24,12,8,22,6,14,21],[24,16,20,12,4,8,6,22,14,5,21],[12,8,24,4,20,16,22,6,14,5,21],[12,8,24,4,16,20,22,6,14,21],[12,16,24,20,8,4,22,6,21],[20,16,12,24,8,4,6,22,14,21],[24,20,16,8,12,4,22,6,14,5,21],[4,20,8,16,12,24,22,6,14,21],[24,8,16,12,20,4,22,6,5,14,21],[12,16,24,8,20,4,22,6,14,21],[12,16,4,24,8,20,6,22,14,5,21],[24,20,16,12,8,4,6,22,14,21],[12,8,20,16,4,24,6,22,14,21],[12,20,8,24,4,16,6,22,14,5,21],[20,24,4,12,8,16,6,22,5,14,21],[8,4,16,24,12,20,22,6,14,21],[20,16,8,4,12,24,6,22,14,21],[12,16,20,24,8,4,22,6,5,14,21],[24,8,20,12,16,4,22,6,14,5,21],[16,20,12,8,24,4,6,22,14,5,21],[12,20,16,24,8,4,6,22,5,14,21],[20,24,4,8,12,16,6,22,14,5,21],[8,12,20,4,24,16,22,6,21],[8,24,20,12,16,4,22,6,21],[8,4,12,24,20,16,5,22,6,14,21],[8,20,16,4,24,12,6,22,14,21],[4,8,20,12,16,24,22,6,14,5,21],[8,4,24,16,20,12,22,6,14,21],[8,24,12,16,20,4,22,6,14,21],[16,4,12,20,24,8,22,6,14,5,21],[12,8,20,4,16,24,22,6,14,5,21],[12,16,4,20,24,8,22,6,14,21],[12,24,4,20,8,16,6,22,14,21],[4,20,24,8,12,16,6,22,14,21],[4,8,24,20,12,16,6,22,14,5,21],[12,24,16,8,4,20,22,6,14,5,21],[4,24,8,12,20,16,22,6,14,5,21],[16,20,24,4,12,8,6,22,5,14,21],[20,4,16,8,12,24,22,6,5,14,21],[16,24,4,8,12,20,22,6,5,14,21],[4,16,12,24,8,20,22,6,14,5,21],[20,16,8,4,24,12,6,22,14,21],[8,16,20,4,24,12,6,22,14,21],[4,8,12,20,24,16,22,6,14,21],[12,24,8,4,16,20,22,6,14,21],[8,16,12,4,20,24,6,22,5,14,21],[12,20,8,4,24,16,6,22,14,21],[4,20,16,12,24,8,6,22,14,5,21],[24,20,12,4,8,16,22,6,14,5,21],[16,12,8,4,24,20,6,22,5,14,21],[16,24,4,20,8,12,22,6,5,14,21],[12,4,24,20,8,16,6,22,14,21],[8,24,16,20,12,4,6,22,14,5,21],[24,8,12,16,4,20,6,22,21],[16,20,8,24,12,4,6,22,21],[24,12,8,16,20,4,22,6,14,21],[16,4,8,24,20,12,6,22,21],[12,24,8,4,16,20,6,22,14,21],[16,24,8,20,4,12,22,6,14,21],[24,4,16,8,12,20,22,6,14,5,21],[16,12,24,20,8,4,6,22,14,21],[24,4,8,20,12,16,6,22,14,5,21],[20,8,12,16,24,4,6,22,5,14,21],[24,20,12,8,4,16,6,22,14,21],[4,20,12,16,8,24,22,6,5,14,21],[12,20,16,4,24,8,6,22,14,21],[24,20,12,4,8,16,6,22,21],[4,24,20,8,12,16,6,22,14,5,21],[8,20,12,24,16,4,22,6,21],[8,16,24,12,20,4,6,22,14,21],[4,16,8,24,12,20,6,22,21],[16,8,4,20,24,12,22,6,14,5,21],[16,20,8,24,12,4,6,22,14,5,21],[20,24,8,12,4,16,22,6,5,14,21],[24,8,12,16,4,20,6,22,14,5,21],[24,4,20,16,8,12,6,22,5,14,21],[4,24,8,16,12,20,22,6,14,21],[8,4,16,12,20,24,22,6,14,21],[24,4,16,8,20,12,22,6,5,14,21],[4,16,8,12,24,20,22,6,14,21],[12,20,8,24,4,16,22,6,21],[20,24,16,12,8,4,6,22,14,21],[16,20,24,12,4,8,22,6,14,21],[16,4,8,20,12,24,6,22,14,5,21],[4,16,12,8,24,20,22,6,14,21],[8,12,20,4,24,16,22,6,14,21],[20,16,8,12,24,4,22,6,14,5,21],[16,12,4,24,20,8,6,22,5,14,21],[20,16,8,4,24,12,6,22,14,21],[20,24,16,8,12,4,6,22,14,21],[8,4,24,12,20,16,22,6,14,5,21],[16,12,4,20,24,8,22,6,14,5,21],[20,16,8,24,4,12,22,6,14,21],[12,24,8,16,20,4,6,22,21],[8,12,16,24,4,20,6,22,14,21],[24,8,12,20,4,16,6,22,14,5,21],[12,4,8,16,20,24,22,6,21],[20,8,12,4,16,24,22,6,5,14,21],[12,16,20,8,24,4,22,6,14,5,21],[16,20,8,24,12,4,22,6,21],[20,12,8,4,16,24,22,6,14,5,21],[12,24,8,20,16,4,6,22,5,14,21],[4,20,16,8,24,12,6,22,14,5,21],[4,24,16,12,20,8,22,6,14,21],[16,12,24,4,8,20,6,22,14,5,21],[16,8,20,12,24,4,22,6,14,5,21],[24,16,4,12,8,20,22,6,14,21],[16,8,12,24,4,20,6,22,14,5,21],[20,24,4,8,16,12,22,6,14,5,21],[20,4,24,8,16,12,6,22,14,5,21],[16,8,12,20,24,4,22,6,14,5,21],[12,16,24,8,20,4,6,22,14,21],[8,20,4,24,16,12,22,6,14,21],[4,8,12,24,16,20,22,6,14,5,21],[8,16,12,20,4,24,21],[8,20,16,24,4,12,6,22,14,21],[20,16,24,4,12,8,6,22,5,14,21],[16,8,12,20,4,24,6,22,14,5,21],[8,4,16,20,24,12,22,6,14,5,21],[16,20,4,8,24,12,6,22,14,21],[12,4,20,16,24,8,22,6,14,5,21],[20,8,12,4,16,24,22,6,14,5,21],[12,20,8,24,4,16,22,6,14,21],[12,8,16,24,20,4,6,22,14,21],[24,12,8,4,16,20,22,6,14,5,21],[16,20,4,8,24,12,6,22,14,21],[4,20,8,16,12,24,6,22,5,14,21],[16,12,4,8,24,20,22,6,14,5,21],[16,24,20,4,12,8,6,22,14,5,21],[8,24,16,20,4,12,22,6,14,21],[24,20,4,16,8,12,6,22,14,21],[24,8,20,12,4,16,6,22,14,5,21],[24,8,4,16,12,20,22,6,14,5,21],[24,12,20,16,8,4,22,6,14,21],[16,12,24,8,20,4,6,22,5,14,21],[24,20,8,12,16,4,6,22,14,5,21],[16,20,4,8,12,24,22,6,14,5,21],[20,4,24,16,12,8,22,6,14,5,21],[16,8,12,4,24,20,22,6,14,21],[24,4,8,12,16,20,6,22,14,5,21],[24,16,20,8,12,4,22,6,14,21],[12,4,20,8,24,16,22,6,14,5,21],[16,8,20,24,4,12,22,6,21],[12,20,4,16,8,24,6,22,14,21],[8,4,12,24,16,20,6,22,14,21],[20,8,24,4,16,12,6,22,14,5,21],[8,20,4,12,24,16,6,22,14,5,21],[24,16,8,20,12,4,6,22,14,5,21],[4,8,24,16,20,12,6,22,14,5,21],[20,24,4,8,16,12,22,6,14,21],[20,12,4,8,16,24,22,6,14,21],[12,8,16,4,20,24,22,6,21],[4,24,16,8,20,12,6,22,14,21],[16,12,4,20,8,24,22,6,5,14,21],[24,20,4,12,8,16,22,6,14,5,21],[24,16,8,20,12,4,6,22,21],[4,8,16,24,20,12,22,6,5,14,21],[24,4,16,20,12,8,22,6,5,14,21],[24,16,4,8,20,12,22,6,5,14,21],[8,16,20,24,12,4,6,22,14,5,21],[12,4,8,20,16,24,22,6,14,5,21],[4,24,12,8,20,16,6,22,14,5,21],[8,12,24,4,16,20,22,6,14,5,21],[20,8,24,4,16,12,6,22,14,21],[4,16,20,12,8,24,6,22,14,5,21],[20,4,24,12,8,16,6,22,14,21],[20,12,8,4,16,24,6,22,14,21],[4,24,20,16,8,12,6,22,14,5,21],[16,20,8,12,24,4,22,6,14,5,21],[12,16,4,24,20,8,6,22,5,14,21],[12,24,4,16,20,8,22,6,14,21],[20,4,24,12,8,16,5,22,6,14,21],[4,16,24,8,12,20,6,22,14,21],[8,4,16,24,12,20,22,6,14,21],[20,8,16,12,4,24,22,6,14,21],[8,24,4,12,20,16,6,22,14,5,21],[4,12,8,20,24,16,22,6,14,5,21],[16,20,12,4,8,24,6,22,14,21],[24,20,4,16,8,12,22,6,14,21],[24,16,4,20,12,8,22,6,5,14,21],[24,16,20,4,8,12,6,22,5,14,21],[16,4,24,20,8,12,22,6,14,21],[12,24,8,20,4,16,6,22,14,21],[20,12,8,24,4,16,22,6,14,21],[16,24,20,4,12,8,22,6,14,5,21],[4,12,20,8,24,16,6,22,21],[12,24,4,8,20,16,6,22,14,5,21],[12,20,24,16,4,8,22,6,14,5,21],[4,16,24,8,12,20,22,6,5,14,21],[8,16,4,24,12,20,22,6,14,5,21],[20,8,24,12,4,16,6,22,14,5,21],[16,4,12,20,8,24,22,6,14,21],[4,8,24,12,16,20,22,6,14,21],[24,20,12,4,8,16,6,22,14,5,21],[24,12,8,20,4,16,6,22,14,5,21],[24,16,4,12,8,20,22,6,5,14,21],[8,20,16,24,12,4,22,6,14,5,21],[24,4,20,8,12,16,22,6,14,5,21],[4,24,8,12,20,16,6,22,21],[20,4,12,16,8,24,22,6,14,21],[4,12,24,8,20,16,22,6,14,5,21],[16,24,8,12,20,4,22,6,14,21],[16,4,24,20,8,12,22,6,14,5,21],[4,20,16,24,8,12,22,6,14,5,21],[16,12,24,8,4,20,6,22,14,21],[12,4,16,20,24,8,22,6,5,14,21],[8,16,12,24,20,4,22,6,14,5,21],[24,20,16,12,4,8,22,6,14,21],[8,4,16,24,12,20,6,22,14,5,21],[24,8,12,4,16,20,6,22,14,21],[4,24,16,20,8,12,22,6,14,21],[24,20,4,16,12,8,6,22,5,14,21],[12,8,16,4,20,24,22,6,14,21],[4,20,8,24,12,16,6,22,14,21],[16,20,12,8,4,24,22,6,14,5,21],[16,24,4,8,12,20,22,6,14,5,21],[20,4,8,16,24,12,6,22,21],[24,4,20,8,12,16,6,22,14,5,21],[24,20,12,16,4,8,22,6,14,5,21],[4,24,12,8,20,16,6,22,21],[12,4,8,20,24,16,6,22,5,14,21],[12,24,20,16,8,4,22,6,14,5,21],[20,12,8,4,16,24,6,22,14,21],[16,12,24,4,8,20,22,6,5,14,21],[8,24,12,4,16,20,22,6,14,21],[16,24,8,4,20,12,22,6,14,21],[24,16,8,12,20,4,6,22,14,21],[12,24,8,16,4,20,6,22,14,21],[8,20,12,16,4,24,22,6,21],[16,4,24,20,12,8,22,6,14,21],[8,12,4,16,20,24,6,22,14,21],[20,16,12,8,4,24,6,22,14,21],[16,20,4,8,24,12,6,22,14,21],[8,16,20,12,24,4,6,22,14,5,21],[4,16,12,20,24,8,22,6,14,21],[24,4,12,16,20,8,22,6,14,5,21],[4,8,20,24,16,12,6,22,21],[4,20,16,24,8,12,6,22,14,21],[8,4,20,16,24,12,6,22,5,14,21],[24,16,12,4,8,20,6,22,14,21],[24,20,16,12,8,4,6,22,14,5,21],[4,20,12,24,16,8,6,22,14,5,21],[8,20,4,12,16,24,6,22,14,21],[20,16,4,24,8,12,22,6,21],[20,12,4,8,16,24,6,22,5,14,21],[4,8,16,20,12,24,22,6,5,14,21],[8,16,24,20,4,12,22,6,14,21],[16,24,12,20,8,4,22,6,14,5,21],[20,24,8,4,16,12,6,22,14,5,21],[20,24,16,8,4,12,22,6,14,5,21],[8,20,4,16,24,12,22,6,5,14,21],[12,8,20,4,24,16,22,6,14,21],[12,16,20,4,24,8,22,6,21],[24,20,8,16,4,12,6,22,14,5,21],[16,4,20,12,8,24,22,6,14,21],[16,24,4,20,12,8,6,22,14,21],[12,20,8,24,16,4,6,22,14,5,21],[4,20,24,8,16,12,22,6,14,5,21],[24,20,8,4,12,16,6,22,14,21],[8,16,12,4,20,24,22,6,14,21],[24,4,16,12,20,8,6,22,14,5,21],[24,20,12,8,16,4,22,6,14,21],[16,12,8,4,20,24,6,22,14,5,21],[12,16,8,4,24,20,6,22,14,21],[4,8,12,24,20,16,6,22,14,5,21],[12,24,16,20,4,8,22,6,14,21],[4,20,8,16,24,12,22,6,14,5,21],[16,8,4,20,12,24,6,22,14,5,21],[16,12,8,20,24,4,22,6,14,21],[8,16,24,20,4,12,22,6,5,14,21],[4,24,8,12,20,16,6,22,14,21],[20,4,24,8,12,16,6,22,14,5,21],[20,8,12,4,24,16,22,6,14,21],[20,12,8,4,16,24,22,6,5,14,21],[24,16,20,4,12,8,22,6,14,5,21],[12,8,4,16,20,24,6,22,5,14,21],[4,8,12,24,20,16,6,22,14,21],[20,16,12,4,8,24,6,22,5,14,21],[20,8,12,16,24,4,7,22,6,14,2,21],[16,12,8,20,4,24,22,6,14,21],[24,4,12,8,16,20,22,6,5,14,21],[20,8,12,4,16,24,6,22,14,5,21],[8,24,20,4,16,12,22,6,14,5,21],[8,16,4,24,12,20,22,6,14,5,21],[24,12,4,20,16,8,22,6,21],[12,20,16,8,4,24,22,6,5,14,21],[8,16,20,12,24,4,22,6,14,5,21],[8,12,24,20,4,16,22,6,14,21],[4,8,16,20,12,24,6,22,14,21],[12,4,20,24,8,16,6,22,14,5,21],[4,24,16,20,8,12,22,6,14,21],[16,4,8,12,20,24,6,22,14,5,21],[20,24,16,4,12,8,22,6,14,21],[4,24,20,16,8,12,22,6,14,21],[12,20,16,4,8,24,22,6,5,14,21],[4,8,24,16,12,20,22,6,14,5,21],[8,20,16,4,12,24,6,22,14,21],[24,12,4,16,8,20,22,6,14,5,21],[12,16,20,4,24,8,6,22,14,21],[8,4,20,16,12,24,6,22,14,21],[24,12,16,20,4,8,6,22,14,5,21],[24,12,4,16,8,20,22,6,21],[16,12,24,4,20,8,22,6,14,5,21],[4,8,24,12,20,16,6,22,14,21],[8,12,24,16,4,20,6,21],[16,12,20,8,4,24,22,6,21],[8,20,16,12,4,24,22,6,21],[24,12,4,8,16,20,22,6,14,21],[24,4,12,20,16,8,22,6,21],[4,12,24,16,20,8,6,22,21],[24,16,20,12,8,4,6,22,14,21],[4,16,8,20,24,12,22,6,5,14,21],[24,12,4,16,8,20,22,6,14,21],[4,16,20,12,8,24,6,22,14,21],[4,12,8,16,20,24,22,6,14,5,21],[20,8,24,4,12,16,22,6,21],[8,24,12,16,20,4,6,22,14,21],[24,12,4,20,16,8,22,6,21],[12,20,8,4,16,24,22,6,5,14,21],[24,8,4,20,12,16,6,22,14,21],[24,16,8,12,20,4,6,22,14,5,21],[16,4,20,24,8,12,6,22,14,21],[4,16,8,12,24,20,6,22,5,14,21],[20,4,16,12,8,24,22,6,14,21],[8,16,20,24,12,4,6,22,14,5,21],[16,8,20,4,24,12,6,22,14,21],[12,16,4,24,8,20,22,6,5,14,21],[12,4,16,24,8,20,22,6,14,21],[8,4,16,20,24,12,22,6,14,21],[12,4,16,8,20,24,22,6,14,21],[16,12,24,20,4,8,22,6,14,5,21],[12,24,16,20,4,8,22,6,14,21],[12,8,16,20,4,24,22,6,14,21],[16,20,24,12,4,8,22,6,5,14,21],[24,8,16,12,4,20,22,6,14,5,21],[12,16,20,8,24,4,22,6,14,5,21],[16,24,12,20,4,8,22,6,14,5,21],[8,12,24,16,4,20,6,22,14,21],[20,16,24,8,4,12,6,22,5,14,21],[20,12,8,4,16,24,6,22,14,21],[16,12,20,4,8,24,22,6,14,5,21],[16,8,4,12,20,24,22,6,5,14,21],[12,8,20,4,16,24,22,6,14,21],[20,12,8,4,24,16,6,22,14,5,21],[8,12,24,4,20,16,22,6,14,5,21],[12,8,24,16,4,20,6,22,14,5,21],[12,4,20,24,8,16,22,6,14,5,21],[20,16,12,24,4,8,6,22,5,14,21],[8,16,12,24,20,4,22,6,14,21],[8,12,20,24,16,4,22,6,14,21],[24,12,4,16,8,20,6,22,14,21],[12,4,24,16,20,8,6,22,14,21],[4,12,16,8,20,24,22,6,14,5,21],[16,24,20,8,4,12,6,22,14,5,21],[20,4,12,8,24,16,22,6,14,5,21],[24,8,16,12,20,4,6,22,14,5,21],[8,24,12,16,4,20,22,6,5,14,21],[4,16,20,24,8,12,22,6,14,21],[24,16,8,4,12,20,6,22,14,21],[16,12,20,24,4,8,6,22,14,21],[20,24,12,16,4,8,22,6,14,21],[20,24,12,16,8,4,6,22,14,21],[20,12,4,16,24,8,22,6,14,5,21],[24,16,4,12,20,8,6,22,14,21],[24,4,12,8,16,20,22,6,14,5,21],[8,4,24,20,16,12,6,22,5,14,21],[24,12,4,20,16,8,22,6,14,5,21],[24,12,20,8,16,4,22,6,21],[12,4,24,8,20,16,6,22,21],[16,24,4,8,20,12,22,6,14,21],[24,12,16,4,8,20,6,22,14,5,21],[4,20,8,24,16,12,22,6,14,5,21],[24,16,12,20,8,4,22,6,5,14,21],[8,20,12,24,4,16,6,22,14,5,21],[4,12,24,20,16,8,6,22,14,5,21],[8,4,16,12,24,20,6,22,21],[24,16,20,8,4,12,22,6,21],[16,8,4,12,20,24,22,6,14,5,21],[20,12,4,16,8,24,22,6,14,5,21],[16,12,24,8,4,20,6,22,14,5,21],[20,16,8,24,4,12,22,6,14,21],[12,8,4,20,24,16,6,22,14,21],[12,20,4,8,16,24,6,22,14,5,21],[16,12,8,20,24,4,6,22,14,21],[20,4,8,12,24,16,6,22,14,21],[12,24,4,20,16,8,6,22,14,5,21],[8,12,20,4,16,24,6,22,14,5,21],[20,24,12,16,4,8,6,22,14,21],[8,20,12,16,24,4,6,22,14,21],[4,24,8,12,16,20,6,22,14,5,21],[24,12,20,8,4,16,22,6,5,14,21],[12,16,8,24,4,20,22,6,21],[20,12,24,16,8,4,6,22,14,5,21],[4,8,20,12,16,24,6,22,14,5,21],[12,24,8,16,20,4,6,22,14,5,21],[24,16,8,12,20,4,6,22,14,21],[12,16,4,20,24,8,22,6,14,21],[12,20,4,8,24,16,22,6,14,21],[4,24,12,8,20,16,6,22,14,5,21],[4,24,8,20,12,16,6,22,21],[20,4,8,24,16,12,6,22,14,21],[8,20,16,12,4,24,6,22,14,5,21],[20,8,4,16,12,24,6,22,14,5,21],[12,8,4,24,16,20,6,22,14,21],[4,20,8,12,24,16,6,22,14,21],[16,12,24,20,8,4,6,22,5,14,21],[12,20,8,16,4,24,6,22,5,14,21],[24,8,12,4,20,16,6,22,14,5,21],[8,24,12,16,20,4,22,6,14,5,21],[24,20,8,12,4,16,22,6,14,21],[16,20,4,24,12,8,6,22,14,21],[16,4,24,20,8,12,6,22,14,5,21],[24,8,20,4,12,16,22,6,14,5,21],[20,12,8,24,16,4,22,6,14,5,21],[16,4,12,24,8,20,22,6,14,5,21],[4,16,8,24,12,20,22,6,5,14,21],[8,16,4,24,20,12,22,6,14,5,21],[16,8,12,4,24,20,22,6,14,5,21],[4,16,20,8,12,24,6,22,21],[20,8,4,24,16,12,6,22,14,21],[8,12,4,16,20,24,6,22,5,14,21],[20,24,8,4,12,16,6,22,14,5,21],[24,12,4,20,16,8,22,6,5,14,21],[16,20,8,12,4,24,22,6,14,5,21],[20,12,4,8,24,16,6,22,14,21],[16,12,4,24,8,20,22,6,14,21],[24,4,20,8,12,16,22,6,14,21],[12,4,8,16,20,24,6,22,5,14,21],[24,20,12,8,16,4,6,22,21],[12,24,16,8,20,4,22,6,5,14,21],[16,4,8,20,12,24,6,22,14,5,21],[20,8,24,4,12,16,22,6,14,5,21],[20,24,16,4,8,12,6,22,14,21],[24,4,16,12,8,20,22,6,14,5,21],[4,16,8,24,20,12,6,22,14,5,21],[12,24,20,16,8,4,6,22,14,5,21],[16,4,12,24,20,8,6,22,5,14,21],[12,4,16,24,8,20,6,22,14,5,21],[24,8,4,16,12,20,6,22,14,21],[8,12,4,16,20,24,22,6,14,5,21],[24,16,20,8,4,12,6,22,21],[12,16,8,24,20,4,22,6,14,5,21],[20,8,12,24,4,16,22,6,21],[8,4,24,20,12,16,22,6,14,5,21],[16,4,24,20,12,8,22,6,21],[16,4,24,8,12,20,6,22,21],[12,8,4,20,16,24,22,6,14,5,21],[16,4,20,8,24,12,6,22,14,5,21],[20,24,8,16,12,4,6,22,21],[12,8,16,4,20,24,6,22,5,14,21],[8,12,16,20,4,24,6,22,14,5,21],[24,20,8,16,4,12,6,22,21],[20,24,4,8,16,12,22,6,14,5,21],[4,16,20,8,12,24,7,22,6,14,2,21],[16,20,12,24,8,4,6,22,14,21],[16,4,24,12,8,20,22,6,14,5,21],[4,24,12,16,20,8,22,6,14,5,21],[20,12,4,24,8,16,6,22,14,21],[24,12,16,4,20,8,22,6,14,21],[16,12,20,4,8,24,22,6,14,5,21],[24,12,4,8,20,16,22,6,14,21],[20,24,16,12,8,4,6,22,14,21],[8,16,12,4,20,24,6,22,14,21],[24,20,4,16,12,8,6,22,14,21],[12,8,4,24,20,16,6,22,14,5,21],[8,12,4,24,20,16,6,22,21],[4,24,20,16,12,8,6,22,14,21],[8,16,12,20,24,4,22,6,21],[16,4,12,20,24,8,22,6,14,21],[12,4,8,20,24,16,6,22,14,5,21],[20,24,16,8,4,12,22,6,14,5,21],[8,16,24,12,4,20,22,6,5,14,21],[12,4,16,24,20,8,22,6,21],[12,16,20,8,4,24,22,6,14,21],[12,8,4,16,20,24,22,6,14,5,21],[20,8,24,16,4,12,22,6,14,5,21],[16,20,24,12,4,8,6,22,14,5,21],[16,4,8,24,20,12,22,6,14,5,21],[8,24,12,16,4,20,22,6,14,21],[16,12,8,20,4,24,22,6,14,5,21],[20,4,16,12,24,8,5,22,6,14,21],[12,16,8,20,24,4,6,22,14,5,21],[20,8,24,12,4,16,6,22,14,5,21],[12,24,4,20,16,8,22,6,14,5,21],[24,16,4,12,8,20,6,22,14,5,21],[20,12,8,16,24,4,22,6,14,5,21],[24,8,12,20,16,4,6,22,14,5,21],[20,12,8,24,4,16,6,22,14,5,21],[8,20,16,4,24,12,6,22,14,21],[16,24,20,4,8,12,22,6,14,5,21],[12,8,24,16,4,20,22,6,14,21],[20,8,12,24,4,16,22,6,5,14,21],[16,8,12,20,24,4,6,22,14,5,21],[20,16,8,12,24,4,6,22,14,5,21],[16,4,20,8,24,12,22,6,21],[4,24,12,20,8,16,6,22,14,21],[12,8,4,20,24,16,22,6,14,21],[12,20,8,16,24,4,6,22,14,5,21],[16,4,12,8,24,20,6,22,14,5,21],[4,8,16,20,12,24,22,6,14,5,21],[8,12,4,16,24,20,22,6,14,21],[20,16,8,12,24,4,6,22,14,21],[20,8,16,4,12,24,6,22,14,5,21],[4,24,16,20,12,8,23],[20,8,24,16,4,12,22,6,14,21],[12,24,20,8,4,16,6,22,14,21],[24,16,20,12,4,8,6,22,21],[20,16,24,8,4,12,6,22,5,14,21],[16,8,12,4,20,24,6,22,14,21],[16,20,8,12,4,24,22,6,14,5,21],[20,8,24,16,12,4,22,6,14,21],[4,16,20,8,12,24,22,6,14,5,21],[24,20,16,8,4,12,22,6,5,14,21],[24,4,20,12,8,16,6,22,14,5,21],[16,8,12,4,24,20,6,22,14,21],[20,16,8,24,4,12,22,6,14,21],[24,8,20,16,12,4,22,6,14,5,21],[4,24,20,8,12,16,22,6,14,5,21],[12,4,20,24,8,16,22,6,14,5,21],[8,16,20,24,12,4,6,22,14,21],[20,12,4,16,24,8,22,6,14,5,21],[8,24,20,12,4,16,6,22,14,21],[24,4,20,12,16,8,6,22,14,5,21],[16,8,12,4,20,24,6,22,21],[24,8,4,12,16,20,6,22,21],[16,8,12,20,4,24,22,6,14,5,21],[16,4,24,12,20,8,6,22,14,21],[16,8,4,20,24,12,22,6,14,5,21],[12,8,16,4,20,24,6,22,14,5,21],[12,16,20,8,24,4,6,22,14,5,21],[4,24,16,8,20,12,6,22,21],[20,8,4,16,24,12,22,6,14,21],[16,8,12,20,4,24,22,6,14,21],[12,20,4,24,16,8,6,22,14,21],[4,24,8,16,12,20,22,6,14,21],[24,8,12,20,4,16,22,6,14,21],[24,8,12,20,16,4,22,6,14,21],[24,4,12,8,16,20,6,22,14,21],[20,12,4,8,16,24,6,22,14,5,21],[12,4,24,8,16,20,6,22,14,5,21],[4,20,8,16,12,24,22,6,14,5,21],[4,12,20,8,16,24,22,6,5,14,21],[4,12,8,24,16,20,6,22,21],[12,8,4,16,24,20,22,6,5,14,21],[16,4,20,24,12,8,6,22,5,14,21],[16,8,20,24,4,12,6,22,14,5,21],[4,20,16,8,12,24,22,6,14,21],[8,20,24,12,16,4,6,22,5,14,21],[4,8,20,12,16,24,22,6,21],[20,8,12,24,16,4,6,22,14,5,21],[8,24,12,16,4,20,22,6,5,14,21],[8,4,20,16,24,12,22,6,14,5,21],[16,8,4,20,12,24,6,22,14,5,21],[8,20,24,12,4,16,6,22,14,21],[16,12,20,24,4,8,22,6,21],[12,24,20,8,16,4,6,22,14,5,21],[20,12,16,24,8,4,22,6,14,5,21],[20,24,8,16,12,4,22,6,14,21],[24,16,20,4,12,8,22,6,21],[20,12,8,24,4,16,22,6,14,21],[4,20,12,16,8,24,6,22,21],[24,4,12,16,20,8,22,6,14,5,21],[16,4,20,12,24,8,22,6,14,21],[20,8,16,12,4,24,6,22,14,21],[20,8,16,12,24,4,6,22,21],[4,24,16,20,8,12,6,22,14,5,21],[12,16,20,24,4,8,6,22,5,14,21],[20,12,4,16,24,8,22,6,21],[4,8,16,24,20,12,6,22,14,21],[20,16,12,8,24,4,6,22,14,21],[12,8,24,20,16,4,22,6,5,14,21],[24,20,8,16,12,4,22,6,14,21],[8,16,24,20,12,4,22,6,14,21],[8,16,12,4,20,24,22,6,5,14,21],[24,16,20,12,8,4,6,22,14,5,21],[24,20,4,12,8,16,6,22,14,5,21],[16,4,12,8,20,24,6,22,14,21],[16,4,8,20,12,24,22,6,14,21],[8,16,20,12,4,24,22,6,14,21],[16,4,12,24,8,20,6,22,5,14,21],[8,12,16,20,4,24,6,22,14,21],[20,8,12,24,16,4,6,22,21],[8,4,24,16,20,12,22,6,21],[12,8,4,20,24,16,22,6,5,14,21],[24,20,4,16,12,8,6,22,14,21],[24,16,8,4,20,12,22,6,14,5,21],[16,12,8,24,20,4,22,6,14,5,21],[24,12,8,4,16,20,6,22,14,21],[24,12,8,4,20,16,6,22,14,5,21],[8,4,12,16,24,20,22,6,5,14,21],[12,8,24,20,16,4,6,22,14,5,21],[8,16,4,20,24,12,22,6,14,21],[24,12,20,8,16,4,6,22,14,21],[8,16,4,24,20,12,22,6,14,21],[20,16,24,12,8,4,6,22,14,5,21],[4,8,20,16,24,12,6,22,14,21],[16,12,24,4,8,20,7,23],[4,8,24,16,12,20,22,6,14,21],[4,8,24,12,16,20,6,22,14,21],[8,16,4,12,20,24,22,6,14,5,21],[12,4,16,24,8,20,22,6,14,5,21],[16,8,4,24,20,12,22,6,14,21],[24,8,16,4,12,20,22,6,14,5,21],[24,8,16,4,12,20,22,6,14,21],[12,16,20,4,24,8,22,6,21],[12,24,16,8,4,20,22,6,5,14,21],[4,16,8,20,12,24,6,22,14,5,21],[12,24,20,4,16,8,22,6,14,21],[20,24,16,4,8,12,22,6,14,5,21],[4,20,16,24,8,12,22,6,14,5,21],[20,12,4,8,16,24,22,6,14,21],[12,8,4,16,24,20,6,22,5,14,21],[20,8,16,12,24,4,22,6,14,21],[24,8,20,4,12,16,6,22,21],[16,4,20,24,12,8,6,22,14,5,21],[4,8,12,24,20,16,22,6,14,21],[4,24,8,20,12,16,22,6,14,5,21],[4,20,12,16,24,8,6,22,14,21],[24,12,4,8,20,16,6,22,14,21],[24,12,4,20,8,16,22,6,14,5,21],[24,16,20,4,8,12,6,22,14,21],[20,12,16,24,4,8,22,6,14,5,21],[12,8,16,4,20,24,6,22,14,21],[24,20,16,12,8,4,6,22,5,14,21],[20,16,4,8,24,12,22,6,21],[24,8,16,20,12,4,22,6,21],[4,8,20,16,12,24,22,6,5,14,21],[16,24,12,4,20,8,6,22,14,21],[16,4,24,8,20,12,6,22,14,5,21],[24,16,4,12,8,20,22,6,14,5,21],[4,20,8,24,12,16,6,22,14,5,21],[20,16,4,8,12,24,6,22,14,21],[8,20,12,16,4,24,22,6,21],[24,20,16,12,8,4,22,6,14,21],[4,12,20,24,16,8,6,22,14,5,21],[12,4,8,24,16,20,6,22,14,21],[20,8,16,12,24,4,6,22,14,5,21],[20,16,24,8,4,12,6,22,5,14,21],[24,12,16,8,4,20,6,22,14,21],[8,4,12,16,24,20,22,6,14,21],[20,8,12,4,16,24,6,22,5,14,21],[24,4,16,12,20,8,6,22,14,21],[24,8,4,16,20,12,22,6,5,14,21],[16,24,4,8,12,20,22,6,14,21],[12,24,4,20,16,8,22,6,14,5,21],[8,4,24,12,20,16,22,6,14,21],[24,20,12,16,4,8,22,6,14,21],[16,12,20,24,4,8,6,22,14,5,21],[12,24,20,8,16,4,22,6,5,14,21],[24,12,8,20,16,4,22,6,14,21],[20,8,12,4,24,16,22,6,14,5,21],[8,24,20,16,12,4,6,22,14,21],[24,8,16,4,20,12,6,22,5,14,21],[12,4,24,16,8,20,6,22,14,21],[20,8,24,4,12,16,22,6,21],[12,20,24,16,8,4,6,22,21],[8,20,12,24,16,4,6,22,5,14,21],[20,8,16,24,4,12,22,6,14,5,21],[16,12,4,20,8,24,6,22,5,14,21],[20,12,24,8,16,4,22,6,14,21],[4,20,16,24,8,12,22,6,14,5,21],[24,12,8,16,20,4,22,6,14,21],[12,8,20,4,16,24,6,22,14,5,21],[16,8,4,12,24,20,6,22,14,5,21],[16,8,4,12,24,20,6,22,5,14,21],[4,8,20,16,24,12,6,22,14,21],[24,4,12,8,16,20,22,6,14,5,21],[12,20,8,16,4,24,22,6,14,5,21],[4,8,24,16,12,20,6,22,14,21],[24,12,4,8,20,16,6,22,14,5,21],[24,16,4,20,8,12,6,22,14,5,21],[12,24,8,4,16,20,6,22,21],[8,12,4,24,16,20,22,6,14,5,21],[16,24,8,4,20,12,6,22,14,21],[24,12,4,16,20,8,6,22,14,21],[20,16,4,8,12,24,22,6,5,14,21],[8,12,16,24,4,20,22,6,14,5,21],[16,12,24,4,8,20,22,6,14,21],[16,8,12,4,24,20,6,22,14,5,21],[8,12,16,20,24,4,22,6,14,21],[12,16,20,24,4,8,22,6,14,21],[24,4,12,16,8,20,22,6,14,5,21],[8,16,20,24,12,4,22,6,14,21],[20,12,16,4,24,8,6,22,14,21],[4,24,8,16,20,12,7,22,6,14,2,21],[12,8,24,4,16,20,6,22,14,21],[16,20,4,24,12,8,6,22,14,5,21],[8,20,4,16,24,12,6,22,14,21],[24,20,4,12,16,8,22,6,5,14,21],[24,20,16,12,4,8,6,22,5,14,21],[24,20,12,4,16,8,22,6,14,5,21],[8,16,20,24,12,4,6,22,5,14,21],[20,4,16,24,12,8,22,6,5,14,21],[16,4,24,12,20,8,6,22,14,21],[24,8,20,16,12,4,22,6,14,21],[8,24,20,16,12,4,6,22,5,14,21],[12,4,16,8,20,24,22,6,14,21],[16,20,4,24,8,12,6,22,14,21],[4,8,20,12,24,16,22,6,14,21],[12,4,24,16,20,8,22,6,14,5,21],[4,12,16,24,20,8,22,6,14,5,21],[4,24,8,20,16,12,6,22,5,14,21],[12,24,8,16,4,20,6,22,14,21],[4,12,8,20,16,24,6,22,14,5,21],[12,8,16,24,4,20,6,22,21],[24,8,4,12,16,20,6,22,14,5,21],[16,24,4,12,20,8,6,22,14,21],[20,16,8,12,4,24,6,22,5,14,21],[12,24,8,4,16,20,22,6,14,5,21],[24,16,12,4,20,8,6,22,14,21],[12,16,20,8,24,4,22,6,14,5,21],[20,8,24,4,12,16,6,22,5,14,21],[20,4,8,12,24,16,22,6,14,5,21],[8,24,16,4,20,12,22,6,14,21],[8,24,4,12,20,16,22,6,21],[4,16,12,24,8,20,6,22,14,21],[12,4,24,20,16,8,22,6,14,5,21],[12,8,20,24,16,4,6,22,21],[4,16,8,24,20,12,6,22,14,5,21],[8,16,24,4,20,12,22,6,14,21],[4,20,24,16,8,12,22,6,21],[20,16,12,24,4,8,6,22,14,21],[16,20,12,8,24,4,22,6,14,21],[24,16,4,8,20,12,22,6,14,21],[8,12,24,16,20,4,6,22,5,14,21],[8,4,24,16,12,20,22,6,14,5,21],[8,4,16,24,12,20,22,6,14,5,21],[8,24,12,16,4,20,22,6,5,14,21],[16,24,20,4,12,8,6,22,5,14,21],[8,12,16,20,24,4,22,6,14,5,21],[16,24,4,12,20,8,6,22,14,21],[24,8,20,16,4,12,22,6,14,21],[16,12,20,24,8,4,6,22,14,21],[8,4,20,24,12,16,22,6,14,5,21],[8,12,16,20,24,4,22,6,14,21],[12,20,24,4,16,8,6,22,14,21],[8,4,12,16,24,20,22,6,14,21],[4,16,20,12,8,24,22,6,14,5,21],[4,8,16,24,12,20,22,6,14,21],[4,20,24,12,8,16,6,22,14,5,21],[24,20,8,4,16,12,22,6,14,21],[16,24,8,4,20,12,6,22,14,5,21],[16,8,12,20,4,24,22,6,14,21],[12,16,4,8,24,20,6,22,14,21],[20,4,12,8,16,24,22,6,14,21],[16,8,12,4,20,24,22,6,14,5,21],[8,20,12,4,24,16,6,22,14,5,21],[16,8,12,20,24,4,22,6,14,5,21],[4,20,12,24,16,8,6,22,5,14,21],[8,12,4,16,24,20,6,22,21],[12,4,20,16,8,24,22,6,5,14,21],[8,4,20,24,16,12,6,22,14,5,21],[20,4,16,8,12,24,6,22,14,21],[8,12,4,16,20,24,6,22,14,21],[4,24,8,20,12,16,6,22,14,5,21],[8,20,16,12,4,24,22,6,5,14,21],[12,20,16,24,4,8,22,6,14,5,21],[24,12,8,20,4,16,22,6,14,21],[8,16,12,24,4,20,22,6,21],[16,24,4,8,20,12,6,22,14,5,21],[12,8,16,24,4,20,6,22,14,5,21],[12,16,4,20,24,8,22,6,14,5,21],[24,20,8,16,12,4,22,6,5,14,21],[24,12,4,20,8,16,22,6,21],[16,4,8,20,24,12,6,22,14,21],[16,12,4,8,20,24,6,22,14,21],[16,20,4,8,24,12,6,22,14,5,21],[12,8,16,24,20,4,6,22,14,5,21],[12,16,4,20,8,24,6,22,14,21],[16,20,8,24,4,12,6,22,14,21],[16,4,20,24,8,12,22,6,14,21],[16,4,8,20,12,24,22,6,14,21],[12,4,16,24,8,20,6,22,14,21],[12,8,4,24,16,20,22,6,5,14,21],[24,16,20,4,12,8,6,22,14,21],[20,12,8,16,4,24,22,6,5,14,21],[12,8,24,20,4,16,6,22,21],[24,16,8,4,12,20,6,22,14,21],[8,16,20,12,4,24,22,6,14,5,21],[8,16,20,24,4,12,6,22,14,21],[24,4,16,8,12,20,6,22,14,21]],"n_human":11}