{"problem_id":"2isFyMigCOfbVpk","sigma":75,"alpha":3.162,"cost":0,"probabilities":"[0.15000000000000002, 0.37, 0.25, 0.23]","payoff_matrix":"[[-85, 152, 38, -63, 27, 112], [-30, -150, -57, -11, -14, 24], [-7, -6, -25, 90, 249, -20], [26, -104, -72, -13, 65, 58]]","uncovered":[[2,6,10,14,22,18,15,23,16,24,21],[6,14,2,10,22,18,15,23,24,16,21],[22,14,10,2,18,6,15,23,16,24,13,19],[22,10,6,2,18,14,15,23,24,16,13,19],[6,14,10,18,2,22,23,15,16,24,13,19],[10,6,22,18,2,14,15,23,24,16,21],[18,14,10,22,6,2,23,15,24,16,21],[2,18,10,14,6,22,23,15,24,16,21],[14,10,22,18,6,2,23,15,24,16,21],[2,10,6,14,22,18,23,15,24,16,13,19],[2,10,14,18,22,6,23,15,16,24,13,19],[18,22,6,2,10,14,23,15,24,16,13,19],[6,10,14,2,18,22,23,15,24,16,21],[18,10,22,14,6,2,15,23,24,16,13,19],[22,18,10,14,6,2,23,15,24,16,13,19],[10,22,2,18,6,14,23,15,24,16,21],[18,6,2,22,10,14,15,23,24,16,13,19],[14,10,6,2,18,22,23,15,24,16,13,19],[6,22,10,18,14,2,15,23,24,16,21],[2,6,10,22,14,18,23,15,24,16,21],[2,14,18,10,6,22,23,15,16,24,21],[18,2,14,10,6,22,15,23,24,16,13,19],[6,18,10,22,14,2,23,15,16,24,13,19],[2,14,6,18,22,10,15,23,16,24,21],[2,6,22,14,18,10,15,23,24,16,13,19],[10,14,6,18,22,2,15,23,16,24,13,19],[6,22,2,14,10,18,23,15,24,16,21],[18,6,14,22,2,10,15,23,24,16,21],[22,18,10,6,2,14,23,15,24,16,21],[6,18,22,10,2,14,23,15,16,24,13,19],[22,14,10,6,18,2,15,23,16,24,13,19],[18,2,14,22,6,10,23,15,16,24,21],[6,2,14,10,22,18,23,15,24,16,21],[22,18,6,14,10,2,15,23,24,16,21],[14,2,6,10,22,18,23,15,24,16,21],[10,6,18,2,14,22,15,23,16,24,21],[22,18,6,14,10,2,23,15,24,16,13,19],[22,6,10,18,2,14,15,23,16,24,21],[2,18,6,14,10,22,15,23,16,24,21],[10,22,2,14,18,6,15,23,16,24,13,19],[22,14,6,18,2,10,15,23,24,16,21],[2,14,10,22,18,6,23,15,24,16,13,19],[14,2,6,18,10,22,15,23,16,24,13,19],[22,10,18,14,6,2,23,15,16,24,21],[14,10,18,2,6,22,23,15,24,16,21],[14,18,22,10,6,2,15,23,16,24,13,19],[10,18,14,6,2,22,15,23,24,16,13,19],[2,10,18,22,6,14,23,15,24,16,13,19],[14,22,6,2,10,18,23,15,16,24,21],[22,6,18,2,10,14,23,15,16,24,21],[6,2,18,10,14,22,23,15,16,24,21],[22,14,2,6,18,10,23,15,24,16,13,19],[18,2,10,22,14,6,15,23,24,16,21],[6,18,10,2,22,14,15,23,16,24,13,19],[14,22,10,18,2,6,15,23,24,16,13,19],[6,22,18,14,10,2,15,23,16,24,13,19],[14,2,22,6,18,10,23,15,16,24,13,19],[22,2,14,18,10,6,23,15,16,24,13,19],[22,2,14,10,6,18,15,23,24,16,21],[14,6,18,2,10,22,15,23,16,24,21],[6,14,10,2,18,22,23,15,16,24,13,19],[10,22,18,6,14,2,23,15,16,24,13,19],[14,18,22,6,2,10,23,15,24,16,13,19],[14,10,6,2,22,18,23,15,24,16,13,19],[2,22,18,6,10,14,23,15,16,24,13,19],[2,22,18,6,10,14,15,23,24,16,21],[14,10,2,22,18,6,15,23,24,16,21],[2,18,10,6,14,22,15,23,16,24,21],[2,18,6,14,10,22,23,15,16,24,13,19],[18,2,10,14,22,6,15,23,16,24,21],[2,14,18,10,22,6,15,23,24,16,13,19],[18,10,14,6,2,22,23,15,16,24,13,19],[2,14,10,6,18,22,15,23,16,24,13,19],[14,6,2,18,22,10,15,23,16,24,13,19],[18,22,6,14,10,2,23,15,24,16,21],[18,10,22,2,14,6,15,23,24,16,21],[22,14,18,2,10,6,15,23,16,24,13,19],[22,14,10,18,2,6,15,23,24,16,13,19],[10,6,18,22,2,14,23,15,24,16,13,19],[10,2,14,18,6,22,15,23,24,16,21],[10,18,6,22,14,2,23,15,16,24,13,19],[2,22,10,18,14,6,23,15,16,24,13,19],[14,22,2,6,18,10,23,15,16,24,21],[22,6,10,14,2,18,23,15,16,24,21],[6,14,10,18,22,2,23,15,24,16,13,19],[6,14,22,10,18,2,23,15,24,16,21],[18,22,10,14,6,2,15,23,24,16,21],[2,22,10,6,18,14,23,15,24,16,13,19],[14,18,22,6,10,2,23,15,16,24,13,19],[10,6,18,2,14,22,15,23,16,24,21],[2,22,6,18,14,10,15,23,24,16,21],[14,18,6,10,22,2,23,15,16,24,13,19],[14,22,2,6,18,10,15,23,24,16,21],[6,18,22,14,2,10,15,23,16,24,21],[6,10,14,22,18,2,15,23,16,24,13,19],[22,2,10,6,18,14,15,23,16,24,21],[6,18,2,10,22,14,23,15,24,16,21],[10,6,22,14,2,18,23,15,16,24,21],[14,6,10,2,22,18,15,23,16,24,13,19],[14,2,6,10,22,18,23,15,16,24,13,19],[10,2,14,22,6,18,23,15,16,24,21],[14,18,2,6,22,10,15,23,24,16,13,19],[6,14,2,22,10,18,23,15,16,24,13,19],[22,10,18,14,2,6,23,15,16,24,21],[2,18,14,10,22,6,15,23,16,24,13,19],[6,22,14,2,18,10,15,23,24,16,21],[2,6,10,14,18,22,23,15,16,24,13,19],[14,2,6,18,22,10,23,15,24,16,21],[18,22,6,2,14,10,15,23,24,16,13,19],[2,22,18,10,6,14,15,23,16,24,13,19],[14,10,6,18,22,2,15,23,16,24,13,19],[14,6,10,18,22,2,15,23,16,24,21],[18,6,2,10,14,22,23,15,16,24,21],[6,14,10,2,18,22,23,15,16,24,21],[14,10,18,22,6,2,23,15,16,24,13,19],[6,10,18,2,22,14,23,15,16,24,21],[10,2,22,14,6,18,23,15,16,24,13,19],[14,10,2,22,6,18,15,23,16,24,21],[22,18,2,10,14,6,15,23,16,24,21],[14,6,10,2,22,18,23,15,16,24,21],[2,14,18,10,22,6,23,15,16,24,13,19],[18,10,14,6,2,22,23,15,24,16,13,19],[22,18,10,14,6,2,15,23,24,16,13,19],[10,2,22,14,6,18,15,23,16,24,21],[22,18,10,14,6,2,23,15,16,24,21],[6,2,18,22,10,14,15,23,16,24,13,19],[10,6,14,22,2,18,15,23,24,16,21],[18,10,6,22,2,14,23,15,24,16,13,19],[14,6,10,22,2,18,15,23,24,16,13,19],[22,14,2,10,6,18,15,23,16,24,13,19],[6,22,2,10,14,18,15,23,16,24,13,19],[6,14,2,10,18,22,23,15,16,24,13,19],[18,10,14,6,2,22,23,15,16,24,21],[10,22,14,6,18,2,15,23,16,24,13,19],[6,14,18,22,2,10,15,23,24,16,13,19],[22,6,14,2,18,10,15,23,24,16,13,19],[14,22,18,2,10,6,15,23,24,16,21],[6,2,18,14,10,22,23,15,16,24,21],[22,2,6,14,10,18,15,23,16,24,21],[2,10,6,14,22,18,15,23,16,24,21],[2,14,10,18,6,22,15,23,24,16,21],[10,6,14,18,22,2,23,15,16,24,21],[14,18,22,6,10,2,23,15,16,24,13,19],[6,14,18,2,22,10,23,15,16,24,13,19],[22,10,18,14,2,6,23,15,16,24,13,19],[18,14,6,22,10,2,23,15,16,24,13,19],[18,2,14,22,10,6,23,15,24,16,21],[18,10,2,14,6,22,15,23,24,16,21],[2,14,22,6,18,10,15,23,24,16,21],[14,6,2,10,22,18,23,15,24,16,13,19],[14,18,10,22,2,6,23,15,24,16,21],[14,6,10,22,2,18,23,15,16,24,13,19],[2,14,6,22,10,18,15,23,16,24,21],[22,14,10,18,2,6,15,23,24,16,13,19],[2,10,18,22,6,14,15,23,24,16,21],[18,2,14,22,6,10,23,15,24,16,13,19],[14,10,22,18,2,6,23,15,16,24,21],[14,10,6,22,18,2,15,23,16,24,13,19],[14,10,6,18,2,22,23,15,16,24,21],[14,2,10,6,22,18,23,15,24,16,21],[18,10,6,22,14,2,23,15,24,16,21],[18,22,2,10,14,6,15,23,24,16,13,19],[10,2,6,22,18,14,23,15,16,24,21],[2,6,14,22,18,10,23,15,16,24,13,19],[22,14,18,2,6,10,23,15,24,16,13,19],[14,6,18,22,2,10,15,23,24,16,21],[6,2,14,22,10,18,23,15,16,24,21],[10,2,18,6,22,14,15,23,16,24,21],[14,2,6,22,10,18,23,15,24,16,21],[18,22,6,10,2,14,23,15,16,24,13,19],[22,2,14,18,6,10,15,23,16,24,21],[6,14,18,2,22,10,23,15,24,16,21],[18,6,14,22,2,10,15,23,24,16,21],[14,10,22,2,6,18,23,15,24,16,21],[6,14,2,10,22,18,23,15,24,16,13,19],[18,14,10,22,6,2,15,23,16,24,13,19],[2,14,6,22,18,10,23,15,24,16,21],[18,6,22,2,14,10,15,23,16,24,21],[14,18,2,10,22,6,23,15,24,16,13,19],[6,10,2,18,22,14,15,23,24,16,21],[14,22,18,6,10,2,15,23,24,16,21],[18,14,2,22,6,10,15,23,24,16,21],[6,18,10,2,14,22,15,23,24,16,21],[6,18,2,14,10,22,23,15,16,24,21],[10,2,22,14,6,18,15,23,16,24,21],[6,14,18,22,10,2,15,23,24,16,21],[14,2,18,6,10,22,23,15,24,16,13,19],[10,2,22,14,6,18,23,15,16,24,21],[2,10,6,18,14,22,15,23,16,24,21],[6,18,14,10,22,2,15,23,16,24,21],[10,14,22,6,2,18,23,15,16,24,21],[10,22,14,18,2,6,15,23,16,24,13,19],[10,22,6,2,18,14,15,23,16,24,21],[6,2,10,14,18,22,23,15,16,24,21],[14,10,22,2,18,6,15,23,24,16,21],[6,2,18,22,10,14,15,23,16,24,13,19],[2,14,10,18,22,6,23,15,16,24,13,19],[14,22,2,18,10,6,23,15,24,16,13,19],[22,18,6,14,2,10,23,15,16,24,21],[22,14,10,2,18,6,15,23,24,16,21],[14,2,22,6,10,18,23,15,24,16,21],[2,18,22,14,6,10,23,15,16,24,13,19],[2,14,10,6,22,18,23,15,24,16,13,19],[18,6,22,2,10,14,23,15,24,16,13,19],[22,18,10,14,6,2,23,15,16,24,21],[18,2,10,14,22,6,23,15,16,24,13,19],[10,2,14,18,6,22,15,23,16,24,21],[2,22,6,10,14,18,15,23,16,24,21],[18,6,2,14,22,10,23,15,24,16,21],[18,14,10,2,6,22,15,23,24,16,13,19],[22,6,10,2,14,18,23,15,16,24,21],[6,10,18,14,2,22,15,23,24,16,13,19],[22,6,18,2,14,10,15,23,24,16,21],[6,22,2,14,10,18,23,15,16,24,13,19],[22,6,10,14,18,2,23,15,16,24,21],[2,14,6,18,10,22,23,15,24,16,13,19],[6,10,14,22,18,2,15,23,16,24,21],[10,6,22,14,2,18,23,15,16,24,21],[18,10,22,14,6,2,15,23,16,24,13,19],[14,22,10,2,18,6,15,23,16,24,21],[2,6,18,10,22,14,15,23,16,24,13,19],[18,14,10,22,6,2,15,23,24,16,21],[2,18,22,14,10,6,23,15,24,16,21],[18,22,10,6,2,14,23,15,24,16,13,19],[18,2,22,14,6,10,23,15,16,24,13,19],[2,22,10,14,6,18,23,15,16,24,13,19],[14,22,18,6,10,2,23,15,24,16,21],[22,14,2,6,10,18,15,23,16,24,13,19],[6,10,14,18,2,22,23,15,24,16,21],[14,22,2,10,6,18,15,23,16,24,13,19],[2,18,14,22,10,6,15,23,16,24,13,19],[18,22,14,6,2,10,15,23,16,24,21],[14,10,6,2,18,22,15,23,24,16,13,19],[10,6,14,22,2,18,15,23,16,24,13,19],[2,22,14,6,10,18,15,23,24,16,21],[10,2,18,14,6,22,15,23,24,16,13,19],[10,18,2,22,6,14,23,15,16,24,13,19],[6,10,2,18,14,22,23,15,24,16,13,19],[22,18,6,14,2,10,15,23,24,16,13,19],[18,14,10,22,6,2,23,15,16,24,13,19],[2,14,6,10,18,22,23,15,16,24,21],[14,2,6,10,18,22,15,23,24,16,13,19],[14,6,2,18,22,10,15,23,24,16,13,19],[6,18,10,22,2,14,15,23,24,16,13,19],[14,6,2,22,10,18,23,15,24,16,21],[10,14,2,18,22,6,23,15,24,16,21],[18,2,22,14,6,10,23,15,24,16,21],[10,14,2,6,18,22,23,15,24,16,21],[6,18,10,2,14,22,15,23,16,24,21],[18,10,2,6,14,22,15,23,24,16,21],[18,2,6,14,22,10,15,23,16,24,13,19],[2,6,18,14,22,10,15,23,24,16,21],[10,2,22,6,14,18,23,15,16,24,13,19],[10,22,2,14,6,18,23,15,24,16,13,19],[10,2,6,22,18,14,15,23,16,24,21],[14,10,22,2,18,6,23,15,16,24,21],[10,18,2,22,14,6,15,23,24,16,13,19],[22,14,2,6,10,18,23,15,16,24,13,19],[2,22,18,10,6,14,23,15,24,16,13,19],[2,18,10,14,22,6,23,15,24,16,21],[10,2,14,18,6,22,23,15,16,24,13,19],[2,22,14,6,18,10,23,15,16,24,13,19],[18,2,10,22,6,14,15,23,16,24,13,19],[22,6,18,14,10,2,23,15,16,24,13,19],[14,6,18,10,22,2,23,15,24,16,21],[14,2,6,10,22,18,15,23,24,16,13,19],[14,10,2,6,22,18,15,23,16,24,21],[22,18,14,2,6,10,23,15,24,16,21],[10,22,18,14,6,2,15,23,24,16,13,19],[10,14,18,22,2,6,23,15,24,16,21],[6,2,22,10,18,14,15,23,16,24,13,19],[22,18,2,6,14,10,23,15,24,16,21],[2,6,22,14,18,10,15,23,16,24,13,19],[6,18,22,2,14,10,15,23,16,24,13,19],[2,18,22,6,10,14,15,23,16,24,21],[18,2,6,22,10,14,23,15,24,16,13,19],[10,18,2,14,22,6,23,15,24,16,21],[10,22,14,18,6,2,15,23,24,16,13,19],[22,14,18,6,2,10,23,15,24,16,13,19],[14,10,18,22,6,2,23,15,24,16,13,19],[10,18,2,14,6,22,15,23,24,16,21],[14,2,10,18,6,22,23,15,24,16,21],[14,6,10,2,18,22,23,15,16,24,13,19],[10,2,14,18,6,22,15,23,24,16,21],[18,14,2,22,10,6,15,23,24,16,13,19],[18,6,2,14,10,22,15,23,24,16,13,19],[2,14,6,22,18,10,23,15,24,16,13,19],[10,22,6,2,14,18,23,15,16,24,21],[2,18,22,10,14,6,15,23,16,24,21],[10,14,2,18,6,22,23,15,24,16,21],[18,10,6,2,22,14,23,15,16,24,13,19],[2,10,6,14,18,22,23,15,16,24,21],[18,6,10,22,14,2,15,23,16,24,21],[6,18,2,22,10,14,23,15,24,16,13,19],[14,18,10,22,6,2,15,23,16,24,21],[6,22,2,10,14,18,15,23,16,24,13,19],[6,10,18,22,2,14,15,23,16,24,13,19],[2,22,18,10,14,6,23,15,24,16,21],[10,2,22,6,14,18,15,23,24,16,13,19],[14,18,10,22,2,6,15,23,24,16,21],[22,10,6,14,18,2,15,23,24,16,21],[10,14,22,6,18,2,15,23,24,16,13,19],[14,10,22,18,2,6,15,23,16,24,21],[2,22,14,18,6,10,15,23,24,16,21],[18,14,10,22,6,2,23,15,16,24,13,19],[2,14,18,6,22,10,15,23,16,24,21],[22,6,14,10,18,2,23,15,16,24,21],[2,22,10,18,6,14,23,15,16,24,21],[6,18,10,22,14,2,15,23,16,24,13,19],[2,14,10,6,22,18,23,15,16,24,13,19],[6,2,18,10,22,14,15,23,24,16,21],[14,6,10,18,2,22,15,23,16,24,13,19],[6,2,10,22,14,18,23,15,24,16,21],[2,14,6,10,18,22,15,23,24,16,13,19],[6,10,22,2,18,14,15,23,24,16,13,19],[22,2,10,18,14,6,23,15,16,24,21],[2,18,10,22,6,14,23,15,24,16,13,19],[6,10,14,22,18,2,15,23,16,24,21],[10,6,18,2,14,22,23,15,16,24,13,19],[2,18,14,10,22,6,15,23,16,24,21],[18,2,10,22,6,14,23,15,16,24,21],[18,10,22,6,2,14,15,23,16,24,21],[18,14,2,22,10,6,23,15,16,24,21],[14,2,22,6,10,18,23,15,16,24,13,19],[18,22,2,14,10,6,23,15,24,16,21],[10,6,2,18,14,22,15,23,24,16,21],[10,18,22,14,2,6,23,15,16,24,21],[6,2,18,10,22,14,15,23,24,16,21],[10,22,14,6,18,2,15,23,24,16,21],[2,6,14,18,10,22,15,23,16,24,13,19],[14,18,22,10,6,2,23,15,16,24,21],[18,22,2,10,6,14,15,23,24,16,21],[18,22,6,14,10,2,23,15,24,16,13,19],[18,2,14,10,22,6,15,23,16,24,21],[18,10,22,2,14,6,23,15,24,16,13,19],[14,10,6,18,2,22,23,15,24,16,13,19],[10,18,14,22,6,2,23,15,24,16,13,19],[6,18,10,2,14,22,15,23,24,16,13,19],[10,6,22,18,14,2,15,23,24,16,13,19],[6,2,18,10,14,22,23,15,24,16,21],[6,10,2,18,22,14,23,15,16,24,13,19],[6,14,10,18,2,22,15,23,24,16,13,19],[6,14,18,2,10,22,23,15,24,16,13,19],[14,6,18,22,10,2,15,23,16,24,13,19],[22,2,6,18,10,14,15,23,16,24,13,19],[10,18,2,22,14,6,23,15,24,16,21],[18,22,6,10,14,2,15,23,24,16,13,19],[22,18,14,10,6,2,15,23,16,24,21],[14,22,2,10,18,6,15,23,16,24,21],[14,10,22,18,6,2,15,23,16,24,13,19],[18,10,22,14,6,2,23,15,16,24,13,19],[14,10,6,22,18,2,15,23,24,16,13,19],[6,14,18,22,2,10,15,23,16,24,21],[14,22,10,18,6,2,23,15,24,16,13,19],[14,22,18,2,10,6,23,15,16,24,13,19],[18,2,22,14,6,10,23,15,24,16,13,19],[18,2,22,14,10,6,23,15,24,16,21],[18,10,2,6,14,22,23,15,24,16,21],[22,10,2,6,14,18,15,23,16,24,13,19],[18,22,2,10,14,6,15,23,24,16,21],[6,14,2,22,10,18,23,15,24,16,21],[6,14,10,22,18,2,23,15,16,24,13,19],[6,10,22,14,18,2,15,23,16,24,21],[22,18,10,14,2,6,15,23,24,16,13,19],[14,18,2,10,6,22,23,15,24,16,13,19],[18,22,2,6,10,14,23,15,24,16,21],[18,10,22,6,2,14,23,15,24,16,21],[14,22,10,2,18,6,23,15,16,24,13,19],[18,6,10,14,22,2,15,23,24,16,13,19],[18,10,22,14,2,6,23,15,16,24,13,19],[14,22,18,2,10,6,15,23,16,24,21],[10,6,22,14,2,18,15,23,16,24,13,19],[22,14,2,6,10,18,15,23,16,24,21],[10,6,18,2,22,14,23,15,24,16,13,19],[22,2,10,18,6,14,15,23,16,24,13,19],[10,6,2,22,14,18,23,15,16,24,13,19],[10,6,2,14,22,18,23,15,24,16,21],[22,2,10,18,6,14,15,23,24,16,21],[10,18,2,6,22,14,23,15,16,24,21],[6,14,10,22,2,18,15,23,16,24,13,19],[2,10,18,6,22,14,15,23,24,16,13,19],[18,14,6,2,22,10,23,15,24,16,13,19],[10,6,14,22,18,2,23,15,24,16,21],[22,2,10,6,18,14,15,23,24,16,21],[6,22,18,14,10,2,15,23,24,16,21],[10,6,18,2,14,22,15,23,16,24,13,19],[14,22,6,18,10,2,15,23,16,24,21],[2,6,10,14,18,22,15,23,24,16,13,19],[6,18,2,22,14,10,15,23,24,16,21],[14,6,2,22,18,10,23,15,24,16,13,19],[22,10,2,6,18,14,23,15,24,16,13,19],[18,22,6,2,14,10,23,15,16,24,13,19],[22,2,6,18,10,14,23,15,16,24,21],[14,22,6,2,10,18,15,23,16,24,21],[2,22,18,10,14,6,23,15,16,24,13,19],[10,14,22,18,2,6,15,23,24,16,21],[2,18,10,14,22,6,15,23,16,24,13,19],[10,22,6,18,14,2,23,15,24,16,21],[2,22,14,10,6,18,15,23,16,24,21],[14,22,6,10,18,2,15,23,24,16,21],[10,22,14,2,6,18,15,23,24,16,13,19],[22,2,6,14,18,10,15,23,16,24,21],[6,18,2,10,14,22,23,15,16,24,13,19],[18,22,10,2,6,14,15,23,16,24,21],[6,14,18,10,22,2,15,23,24,16,21],[14,2,10,18,22,6,23,15,16,24,13,19],[14,2,22,10,18,6,23,15,24,16,13,19],[18,14,6,10,2,22,15,23,24,16,13,19],[10,6,18,22,14,2,23,15,16,24,21],[22,6,14,2,18,10,15,23,16,24,21],[10,14,6,2,18,22,15,23,24,16,21],[10,22,2,6,18,14,23,15,16,24,13,19],[2,6,22,18,14,10,23,15,24,16,21],[18,10,14,22,6,2,23,15,16,24,21],[10,2,22,18,14,6,15,23,16,24,21],[10,18,2,14,6,22,23,15,24,16,13,19],[18,2,10,6,14,22,15,23,16,24,21],[6,2,18,10,14,22,15,23,16,24,21],[18,22,14,6,2,10,15,23,16,24,21],[6,22,18,2,14,10,23,15,16,24,13,19],[22,18,10,14,2,6,23,15,24,16,21],[2,10,18,6,22,14,23,15,24,16,21],[2,6,22,14,10,18,23,15,24,16,21],[14,6,22,18,2,10,23,15,16,24,21],[2,14,6,18,22,10,15,23,24,16,13,19],[14,6,22,2,18,10,23,15,16,24,13,19],[14,18,22,6,2,10,15,23,16,24,21],[2,14,6,10,22,18,23,15,16,24,13,19],[22,6,10,14,2,18,23,15,16,24,13,19],[6,10,22,18,2,14,15,23,24,16,13,19],[14,18,2,22,10,6,15,23,24,16,21],[10,6,2,18,22,14,23,15,24,16,21],[6,22,18,2,14,10,15,23,24,16,21],[18,6,10,14,2,22,23,15,16,24,21],[6,10,22,14,2,18,15,23,16,24,21],[10,22,14,6,18,2,23,15,24,16,13,19],[22,18,6,10,14,2,23,15,16,24,13,19],[14,6,2,10,18,22,23,15,24,16,13,19],[18,6,14,2,10,22,15,23,24,16,13,19],[10,14,2,6,18,22,15,23,24,16,21],[10,18,22,14,2,6,15,23,16,24,21],[14,2,10,6,22,18,15,23,16,24,13,19],[2,10,6,18,22,14,23,15,24,16,13,19],[10,6,2,18,22,14,23,15,16,24,21],[22,10,2,6,18,14,15,23,16,24,21],[22,2,6,18,14,10,23,15,24,16,13,19],[10,2,18,22,14,6,23,15,24,16,13,19],[22,10,2,18,14,6,23,15,16,24,13,19],[22,14,18,6,10,2,15,23,16,24,13,19],[6,18,2,22,14,10,23,15,24,16,13,19],[14,6,18,22,10,2,23,15,24,16,21],[22,6,10,2,18,14,23,15,24,16,13,19],[2,22,6,14,18,10,15,23,24,16,13,19],[22,18,6,2,14,10,15,23,16,24,21],[10,2,14,22,6,18,15,23,16,24,13,19],[2,14,22,6,10,18,23,15,16,24,21],[14,10,2,6,22,18,23,15,24,16,21],[2,18,22,10,14,6,23,15,24,16,21],[10,18,14,2,22,6,15,23,24,16,21],[22,18,6,2,14,10,23,15,16,24,21],[14,2,22,10,18,6,23,15,24,16,13,19],[10,18,6,2,22,14,23,15,16,24,13,19],[18,6,22,2,10,14,23,15,24,16,13,19],[10,18,2,14,22,6,23,15,16,24,21],[14,18,10,22,6,2,23,15,16,24,13,19],[2,22,14,18,10,6,23,15,16,24,13,19],[18,2,22,10,14,6,15,23,16,24,21],[6,2,14,22,10,18,15,23,16,24,21],[10,14,6,22,18,2,23,15,16,24,13,19],[10,6,2,18,22,14,15,23,24,16,13,19],[18,6,14,22,10,2,23,15,16,24,13,19],[2,6,14,22,10,18,23,15,16,24,13,19],[2,6,18,14,10,22,15,23,16,24,13,19],[14,18,6,22,10,2,23,15,24,16,13,19],[10,14,2,22,18,6,15,23,24,16,13,19],[14,6,10,22,2,18,15,23,16,24,21],[18,6,22,14,2,10,15,23,24,16,13,19],[10,14,18,2,22,6,23,15,16,24,21],[18,2,22,10,14,6,15,23,24,16,21],[14,22,2,18,10,6,15,23,24,16,13,19],[10,18,14,22,6,2,15,23,16,24,21],[6,22,10,14,2,18,23,15,24,16,21],[18,6,14,22,10,2,15,23,24,16,13,19],[6,2,14,18,22,10,15,23,16,24,21],[6,14,18,10,2,22,15,23,16,24,13,19],[6,14,2,22,18,10,15,23,16,24,21],[2,18,10,22,14,6,15,23,16,24,21],[6,14,18,10,2,22,23,15,24,16,13,19],[14,10,22,6,18,2,15,23,16,24,21],[2,18,10,22,14,6,15,23,16,24,21],[14,2,6,22,18,10,15,23,24,16,21],[2,18,10,14,22,6,23,15,16,24,21],[22,10,14,6,18,2,23,15,16,24,21],[18,10,14,2,6,22,15,23,24,16,21],[18,6,14,22,10,2,15,23,16,24,13,19],[10,6,22,14,18,2,15,23,16,24,21],[6,18,14,2,22,10,15,23,24,16,21],[22,2,14,10,18,6,23,15,24,16,21],[14,2,22,6,18,10,15,23,16,24,21],[14,2,18,6,22,10,23,15,16,24,13,19],[10,22,6,18,14,2,15,23,16,24,21],[22,10,18,14,2,6,15,23,16,24,13,19],[2,18,10,6,14,22,15,23,16,24,13,19],[18,6,22,10,14,2,23,15,24,16,21],[18,2,22,14,10,6,15,23,24,16,21],[6,2,10,14,18,22,23,15,24,16,21],[14,18,6,2,10,22,15,23,24,16,13,19],[10,18,6,14,2,22,15,23,16,24,21],[22,14,18,2,10,6,15,23,24,16,13,19],[22,2,10,6,14,18,23,15,24,16,13,19],[14,18,6,22,10,2,23,15,24,16,13,19],[18,6,22,14,10,2,15,23,24,16,21],[6,2,10,14,22,18,15,23,16,24,21],[18,6,14,22,10,2,15,23,16,24,13,19],[6,10,2,14,22,18,23,15,16,24,13,19],[14,18,2,10,6,22,15,23,16,24,21],[10,18,6,14,2,22,15,23,24,16,13,19],[2,22,10,14,6,18,23,15,24,16,13,19],[6,2,22,14,10,18,15,23,16,24,21],[10,14,2,6,22,18,15,23,16,24,21],[6,2,10,18,22,14,23,15,24,16,13,19],[6,14,10,2,22,18,23,15,24,16,13,19],[6,22,18,2,14,10,15,23,24,16,13,19],[18,2,14,6,10,22,23,15,16,24,21],[6,22,2,18,14,10,23,15,16,24,21],[22,2,10,14,6,18,15,23,16,24,13,19],[10,18,6,2,22,14,23,15,16,24,13,19],[6,18,10,22,14,2,23,15,24,16,21],[14,10,6,22,2,18,15,23,24,16,13,19],[10,22,14,6,2,18,23,15,16,24,21],[22,10,18,14,6,2,15,23,16,24,13,19],[18,6,14,22,10,2,23,15,24,16,13,19],[22,6,10,18,14,2,15,23,24,16,13,19],[14,10,6,2,22,18,23,15,24,16,21],[18,22,2,14,6,10,15,23,24,16,21],[14,18,10,6,2,22,15,23,24,16,21],[14,6,10,22,18,2,15,23,16,24,13,19],[2,22,18,6,14,10,23,15,16,24,13,19],[6,2,22,14,18,10,15,23,24,16,13,19],[14,18,10,22,2,6,23,15,24,16,21],[2,22,10,6,14,18,15,23,16,24,21],[18,22,10,14,2,6,15,23,16,24,13,19],[10,6,2,18,22,14,23,15,24,16,21],[10,18,22,6,14,2,23,15,24,16,21],[6,22,10,2,14,18,15,23,16,24,13,19],[10,14,6,22,18,2,23,15,16,24,21],[10,2,6,18,22,14,15,23,24,16,21],[2,10,6,18,14,22,23,15,16,24,13,19],[2,14,10,6,18,22,23,15,16,24,13,19],[14,10,18,22,6,2,23,15,24,16,21],[22,2,18,6,14,10,23,15,16,24,13,19],[10,14,6,22,18,2,23,15,24,16,21],[22,2,18,6,10,14,23,15,16,24,13,19],[14,10,2,6,18,22,15,23,24,16,13,19],[18,14,10,6,22,2,15,23,24,16,21],[10,22,2,14,18,6,15,23,24,16,21],[18,10,22,14,2,6,15,23,16,24,13,19],[18,14,10,6,22,2,23,15,24,16,13,19],[6,2,22,18,14,10,15,23,16,24,21],[6,14,22,10,18,2,15,23,24,16,13,19],[10,6,18,2,22,14,15,23,24,16,21],[2,6,22,18,14,10,23,15,24,16,13,19],[2,6,18,10,14,22,23,15,24,16,13,19],[18,22,10,2,6,14,23,15,16,24,21],[18,10,6,2,14,22,15,23,24,16,13,19],[22,2,10,6,14,18,15,23,16,24,13,19],[14,10,22,18,2,6,15,23,16,24,21],[22,6,18,10,14,2,23,15,16,24,13,19],[6,22,18,10,14,2,23,15,24,16,21],[14,2,6,10,22,18,23,15,24,16,21],[10,14,6,18,22,2,15,23,16,24,21],[18,10,22,2,14,6,23,15,16,24,21],[22,14,6,18,2,10,23,15,24,16,13,19],[18,14,2,6,10,22,23,15,16,24,21],[22,14,10,2,18,6,23,15,16,24,21],[10,2,22,14,6,18,23,15,16,24,21],[14,10,6,2,18,22,15,23,24,16,21],[2,14,22,6,18,10,15,23,16,24,21],[18,6,10,14,2,22,23,15,16,24,21],[18,2,10,22,6,14,23,15,16,24,21],[2,18,22,10,14,6,15,23,24,16,21],[6,10,2,22,18,14,23,15,16,24,13,19],[6,22,10,2,18,14,15,23,16,24,21],[14,10,18,2,6,22,23,15,24,16,13,19],[14,22,18,2,10,6,15,23,16,24,13,19],[22,10,14,6,2,18,15,23,16,24,21],[10,22,2,18,14,6,23,15,16,24,13,19],[2,6,18,14,22,10,15,23,16,24,13,19],[22,2,10,14,6,18,15,23,16,24,21],[6,22,18,14,10,2,23,15,24,16,21],[2,10,22,14,18,6,15,23,24,16,21],[2,22,18,6,10,14,15,23,16,24,13,19],[6,18,10,22,2,14,23,15,24,16,13,19],[22,6,18,14,2,10,23,15,16,24,21],[18,6,10,14,22,2,23,15,24,16,21],[22,6,14,18,2,10,15,23,24,16,21],[14,10,2,18,22,6,23,15,16,24,21],[6,10,18,2,14,22,15,23,24,16,21],[14,6,10,18,2,22,23,15,16,24,21],[22,14,2,10,6,18,23,15,16,24,21],[10,14,6,18,22,2,15,23,24,16,21],[2,18,6,22,10,14,23,15,16,24,13,19],[6,2,22,14,10,18,23,15,16,24,13,19],[14,18,2,10,6,22,15,23,24,16,21],[6,14,18,2,22,10,15,23,16,24,21],[2,10,22,18,14,6,23,15,16,24,21],[14,6,2,10,22,18,23,15,16,24,13,19],[10,18,2,22,14,6,15,23,16,24,21],[10,18,6,2,22,14,23,15,16,24,21],[6,22,14,2,18,10,15,23,24,16,13,19],[22,6,2,10,14,18,23,15,16,24,21],[2,22,18,14,6,10,15,23,16,24,21],[2,18,10,22,14,6,15,23,24,16,21],[6,2,22,10,14,18,23,15,16,24,13,19],[14,2,18,10,22,6,15,23,24,16,21],[18,2,10,22,14,6,15,23,16,24,13,19],[10,18,2,6,22,14,23,15,24,16,13,19],[14,6,22,10,18,2,15,23,16,24,21],[6,2,10,14,22,18,15,23,24,16,21],[6,2,14,10,18,22,23,15,16,24,13,19],[6,22,14,10,18,2,23,15,16,24,21],[10,2,18,22,6,14,23,15,16,24,21],[6,2,22,18,10,14,23,15,16,24,13,19],[6,10,18,2,14,22,23,15,24,16,13,19],[10,22,2,14,6,18,23,15,16,24,21],[10,18,22,2,6,14,15,23,24,16,21],[18,14,2,6,22,10,23,15,16,24,21],[2,14,10,18,6,22,15,23,24,16,21],[22,10,2,18,6,14,15,23,16,24,21],[2,10,6,14,22,18,23,15,24,16,21],[10,14,22,6,18,2,23,15,16,24,13,19],[14,10,18,22,6,2,23,15,16,24,13,19],[2,14,6,18,22,10,15,23,16,24,13,19],[22,10,6,18,14,2,23,15,24,16,21],[10,2,18,22,6,14,23,15,24,16,13,19],[2,22,18,10,14,6,15,23,24,16,13,19],[2,22,14,10,6,18,15,23,16,24,21],[22,6,18,14,10,2,15,23,16,24,21],[18,22,10,6,14,2,15,23,24,16,21],[14,22,6,2,18,10,23,15,16,24,13,19],[10,22,18,2,6,14,15,23,16,24,21],[10,14,6,18,2,22,23,15,24,16,13,19],[18,14,22,10,6,2,15,23,16,24,21],[22,6,2,18,10,14,23,15,16,24,13,19],[6,18,22,14,2,10,23,15,24,16,13,19],[22,18,2,10,6,14,23,15,24,16,21],[10,6,22,14,2,18,15,23,24,16,21],[10,6,2,18,22,14,15,23,24,16,13,19],[6,14,18,22,10,2,23,15,16,24,13,19],[6,2,14,10,22,18,15,23,24,16,13,19],[10,6,18,14,22,2,23,15,24,16,13,19],[14,2,6,10,18,22,15,23,16,24,13,19],[10,14,22,2,18,6,15,23,16,24,21],[6,2,10,22,14,18,15,23,16,24,13,19],[6,2,10,18,22,14,23,15,24,16,13,19],[10,2,14,22,18,6,15,23,24,16,13,19],[10,6,18,22,14,2,15,23,24,16,21],[2,6,14,10,22,18,23,15,16,24,21],[14,10,18,6,22,2,15,23,16,24,13,19],[14,6,18,2,10,22,15,23,24,16,13,19],[14,22,6,10,18,2,23,15,24,16,21],[2,18,6,22,14,10,23,15,24,16,13,19],[10,18,2,14,22,6,23,15,24,16,13,19],[18,22,6,14,2,10,23,15,16,24,21],[10,2,18,6,22,14,15,23,16,24,13,19],[10,18,6,22,2,14,23,15,24,16,21],[22,6,14,18,2,10,23,15,16,24,21],[22,10,14,2,6,18,23,15,24,16,21],[18,2,22,14,10,6,15,23,24,16,13,19],[6,10,18,14,2,22,23,15,16,24,21],[18,2,10,14,6,22,15,23,24,16,21],[18,10,2,6,22,14,23,15,16,24,13,19],[6,18,10,22,2,14,15,23,24,16,21],[22,6,2,10,18,14,15,23,16,24,13,19],[6,22,10,14,18,2,15,23,16,24,13,19],[18,6,14,2,10,22,15,23,24,16,21],[22,18,14,6,2,10,15,23,24,16,13,19],[14,10,22,6,18,2,15,23,24,16,21],[10,22,6,18,2,14,15,23,24,16,13,19],[2,14,22,18,10,6,23,15,24,16,13,19],[10,18,22,14,2,6,23,15,24,16,21],[10,14,2,18,6,22,15,23,24,16,21],[14,6,2,22,18,10,15,23,24,16,13,19],[6,14,2,18,10,22,23,15,24,16,21],[10,14,22,2,18,6,15,23,16,24,21],[22,2,6,14,10,18,23,15,24,16,21],[22,2,14,10,6,18,15,23,24,16,21],[18,6,14,10,2,22,23,15,16,24,21],[14,22,6,10,18,2,23,15,24,16,21],[6,22,18,10,2,14,23,15,16,24,21],[14,18,6,22,10,2,15,23,24,16,21],[6,2,22,14,10,18,23,15,24,16,21],[10,6,18,22,2,14,15,23,16,24,13,19],[6,14,10,22,18,2,15,23,24,16,21],[14,10,6,2,22,18,23,15,24,16,13,19],[2,6,18,22,10,14,23,15,24,16,13,19],[2,18,6,10,22,14,23,15,16,24,13,19],[14,6,22,2,10,18,23,15,24,16,21],[2,14,10,22,6,18,23,15,24,16,21],[6,22,10,18,2,14,15,23,24,16,21],[2,22,14,10,18,6,23,15,24,16,13,19],[2,6,18,10,14,22,23,15,24,16,13,19],[22,2,14,10,6,18,15,23,16,24,13,19],[10,2,22,6,14,18,23,15,24,16,13,19],[2,10,6,14,22,18,23,15,16,24,13,19],[2,14,6,18,22,10,15,23,24,16,13,19],[6,2,10,14,18,22,23,15,16,24,21],[22,10,14,18,6,2,23,15,24,16,21],[10,14,18,6,2,22,23,15,16,24,13,19],[14,22,10,6,2,18,23,15,24,16,13,19],[22,14,18,10,6,2,23,15,24,16,21],[18,10,14,6,22,2,15,23,16,24,13,19],[10,14,18,22,2,6,23,15,16,24,21],[10,2,22,14,18,6,15,23,16,24,21],[18,10,2,6,14,22,15,23,24,16,21],[2,6,22,18,10,14,23,15,24,16,21],[22,2,6,14,18,10,23,15,16,24,21],[10,22,14,2,18,6,15,23,24,16,21],[22,18,14,6,2,10,23,15,16,24,21],[6,10,18,2,14,22,23,15,24,16,13,19],[10,18,14,2,6,22,23,15,16,24,21],[10,22,18,2,6,14,23,15,24,16,21],[6,10,22,2,14,18,23,15,24,16,13,19],[14,2,10,18,6,22,23,15,16,24,13,19],[6,22,2,10,18,14,15,23,24,16,13,19],[6,22,14,10,18,2,23,15,24,16,21],[22,6,18,2,10,14,23,15,24,16,13,19],[10,6,22,18,14,2,15,23,24,16,13,19],[6,10,18,2,14,22,23,15,24,16,21],[2,10,18,22,14,6,23,15,16,24,13,19],[2,18,10,22,14,6,23,15,24,16,13,19],[22,10,2,6,14,18,23,15,24,16,21],[14,2,18,6,22,10,15,23,16,24,13,19],[10,18,14,2,6,22,15,23,16,24,21],[14,18,2,6,10,22,23,15,16,24,13,19],[10,18,14,22,2,6,15,23,16,24,21],[10,18,14,22,2,6,23,15,24,16,13,19],[14,2,6,22,10,18,23,15,16,24,21],[14,10,2,18,6,22,23,15,24,16,13,19],[6,10,14,22,2,18,15,23,16,24,21],[10,22,6,14,18,2,23,15,24,16,13,19],[22,2,18,10,14,6,23,15,24,16,21],[18,10,14,2,22,6,23,15,24,16,21],[22,2,14,18,10,6,15,23,24,16,13,19],[14,18,10,22,2,6,23,15,24,16,21],[2,18,10,22,6,14,15,23,24,16,13,19],[10,18,2,22,6,14,15,23,16,24,21],[14,6,10,2,18,22,23,15,16,24,21],[22,2,14,18,6,10,23,15,24,16,21],[22,2,6,14,18,10,23,15,24,16,13,19],[2,22,6,18,10,14,23,15,24,16,21],[10,6,22,18,14,2,23,15,16,24,21],[2,18,22,6,10,14,15,23,24,16,13,19],[22,6,10,14,18,2,15,23,24,16,13,19],[14,10,22,6,2,18,15,23,16,24,13,19],[18,2,22,6,14,10,23,15,24,16,21],[18,14,22,6,2,10,23,15,16,24,13,19],[6,10,2,22,14,18,15,23,16,24,21],[18,6,14,10,2,22,15,23,16,24,21],[18,10,2,14,22,6,15,23,24,16,21],[6,22,14,18,10,2,15,23,16,24,21],[18,10,6,22,14,2,23,15,24,16,13,19],[22,18,2,6,10,14,23,15,24,16,21],[6,14,18,2,22,10,15,23,24,16,13,19],[10,22,2,14,6,18,23,15,24,16,13,19],[22,14,18,2,6,10,15,23,16,24,13,19],[14,18,22,10,2,6,23,15,16,24,21],[14,6,10,18,22,2,23,15,24,16,13,19],[6,22,10,14,18,2,23,15,24,16,21],[2,18,22,6,10,14,23,15,16,24,13,19],[6,18,10,14,22,2,23,15,16,24,21],[6,14,2,22,18,10,15,23,16,24,13,19],[2,18,22,10,6,14,23,15,24,16,21],[14,6,10,2,22,18,15,23,16,24,13,19],[18,10,6,22,2,14,23,15,16,24,13,19],[10,22,18,6,2,14,23,15,16,24,21],[14,22,10,18,2,6,23,15,16,24,13,19],[14,2,22,10,6,18,15,23,24,16,21],[6,2,18,10,22,14,23,15,24,16,13,19],[2,14,10,22,6,18,23,15,16,24,13,19],[10,14,22,6,18,2,15,23,16,24,21],[2,6,10,18,22,14,23,15,24,16,21],[18,2,14,6,22,10,15,23,16,24,13,19],[2,22,14,10,18,6,23,15,16,24,13,19],[14,22,2,10,6,18,23,15,24,16,21],[14,22,10,18,2,6,23,15,24,16,13,19],[6,22,18,14,10,2,23,15,16,24,13,19],[6,10,14,2,22,18,15,23,16,24,21],[6,18,14,22,2,10,15,23,16,24,13,19],[10,22,2,14,6,18,23,15,16,24,13,19],[22,2,14,10,6,18,23,15,24,16,13,19],[6,14,10,22,2,18,15,23,16,24,13,19],[6,10,2,14,18,22,15,23,16,24,21],[18,10,2,6,22,14,15,23,16,24,13,19],[10,2,6,22,18,14,23,15,16,24,21],[18,2,10,22,6,14,15,23,16,24,13,19],[14,18,6,2,10,22,15,23,24,16,21],[18,14,22,2,10,6,23,15,16,24,13,19],[22,14,6,18,2,10,23,15,24,16,13,19],[22,14,10,18,6,2,15,23,24,16,13,19],[10,18,2,6,14,22,15,23,24,16,21],[14,10,2,6,22,18,15,23,24,16,21],[10,14,6,22,2,18,15,23,16,24,13,19],[18,10,2,22,6,14,23,15,24,16,13,19],[14,10,2,22,6,18,23,15,16,24,13,19],[10,2,18,22,6,14,15,23,24,16,13,19],[22,6,18,2,10,14,23,15,16,24,13,19],[18,14,22,6,10,2,15,23,16,24,21],[2,6,22,14,18,10,23,15,24,16,13,19],[10,18,14,6,22,2,15,23,24,16,21],[14,22,10,18,6,2,23,15,24,16,21],[2,18,10,14,6,22,23,15,16,24,13,19],[2,14,18,10,6,22,15,23,24,16,21],[2,10,18,22,14,6,23,15,24,16,13,19],[14,10,18,2,22,6,15,23,24,16,21],[10,22,2,14,18,6,15,23,16,24,13,19],[22,6,10,2,14,18,23,15,16,24,21],[10,22,14,2,18,6,15,23,16,24,21],[22,18,6,2,14,10,23,15,16,24,13,19],[6,10,18,2,22,14,23,15,24,16,13,19],[22,10,18,2,6,14,23,15,16,24,21],[6,14,2,18,10,22,15,23,16,24,13,19],[14,18,10,22,6,2,15,23,24,16,13,19],[10,18,2,6,22,14,15,23,24,16,21],[22,18,6,14,2,10,23,15,16,24,13,19],[14,10,2,22,6,18,15,23,16,24,13,19],[10,22,14,2,6,18,15,23,16,24,13,19],[14,22,18,2,6,10,15,23,24,16,21],[10,14,2,6,18,22,15,23,24,16,21],[22,18,6,10,14,2,15,23,24,16,13,19],[10,2,14,18,22,6,23,15,16,24,21],[14,2,18,22,10,6,15,23,16,24,13,19],[22,18,6,10,2,14,15,23,16,24,21],[14,10,18,22,6,2,23,15,24,16,21],[2,14,10,22,18,6,15,23,24,16,21],[18,6,14,10,22,2,23,15,16,24,21],[14,6,2,10,18,22,15,23,16,24,21],[2,18,6,10,22,14,15,23,24,16,21],[18,10,2,14,6,22,15,23,16,24,21],[2,6,22,10,18,14,23,15,24,16,21],[6,14,22,2,18,10,23,15,16,24,13,19],[14,6,10,18,2,22,15,23,16,24,13,19],[2,22,10,18,14,6,23,15,16,24,13,19],[22,10,2,14,6,18,15,23,24,16,13,19],[2,6,22,18,10,14,23,15,16,24,13,19],[22,14,2,18,6,10,23,15,24,16,21],[18,10,22,14,6,2,15,23,24,16,13,19],[10,18,22,6,14,2,23,15,24,16,13,19],[6,18,14,2,22,10,23,15,16,24,21],[2,14,10,6,22,18,15,23,16,24,13,19],[18,10,22,6,2,14,23,15,16,24,13,19],[2,22,14,18,6,10,15,23,24,16,21],[22,10,14,2,18,6,23,15,24,16,13,19],[22,14,2,6,10,18,15,23,16,24,13,19],[10,22,6,2,14,18,15,23,24,16,13,19],[22,18,10,2,14,6,15,23,16,24,21],[10,22,2,6,14,18,15,23,24,16,13,19],[6,22,10,2,14,18,23,15,24,16,21],[10,22,2,14,6,18,15,23,24,16,21],[2,18,10,22,14,6,15,23,24,16,13,19],[18,22,6,14,2,10,15,23,16,24,13,19],[10,2,6,18,22,14,15,23,16,24,13,19],[10,14,18,22,2,6,15,23,24,16,13,19],[10,18,22,14,6,2,15,23,16,24,13,19],[2,10,18,6,14,22,23,15,24,16,13,19],[6,2,22,10,14,18,15,23,24,16,21],[22,14,18,2,10,6,23,15,24,16,21],[22,2,10,6,14,18,23,15,24,16,13,19],[10,2,22,14,6,18,23,15,16,24,13,19],[18,6,2,14,10,22,23,15,24,16,13,19],[2,14,18,6,10,22,23,15,24,16,13,19],[10,6,2,14,22,18,23,15,16,24,21],[2,10,18,22,14,6,23,15,24,16,21],[6,2,22,18,10,14,23,15,24,16,13,19],[22,14,6,10,18,2,15,23,16,24,13,19],[2,22,14,10,18,6,15,23,16,24,13,19],[22,14,10,6,2,18,15,23,24,16,13,19],[14,6,2,10,22,18,15,23,24,16,13,19],[10,22,2,14,6,18,15,23,16,24,21],[14,22,2,6,10,18,15,23,16,24,21],[18,14,10,22,2,6,23,15,16,24,13,19],[6,10,22,18,14,2,15,23,24,16,13,19],[22,10,18,14,2,6,23,15,16,24,13,19],[22,6,14,2,10,18,23,15,16,24,21],[14,18,10,22,6,2,23,15,24,16,21],[10,2,14,22,6,18,23,15,24,16,13,19],[14,2,18,22,6,10,15,23,24,16,13,19],[14,2,10,6,18,22,15,23,16,24,21],[10,14,18,2,6,22,23,15,24,16,13,19],[18,2,14,22,10,6,23,15,24,16,21],[10,14,22,18,2,6,15,23,24,16,13,19],[22,6,10,14,18,2,23,15,24,16,13,19],[6,22,2,10,18,14,23,15,24,16,13,19],[10,22,6,18,14,2,23,15,16,24,21],[10,6,14,22,2,18,15,23,16,24,13,19],[14,18,10,22,6,2,15,23,24,16,13,19],[18,22,14,6,2,10,15,23,16,24,13,19],[22,10,18,6,2,14,23,15,16,24,21],[14,18,6,10,22,2,23,15,24,16,21],[14,2,22,18,10,6,23,15,16,24,13,19],[2,10,22,6,14,18,15,23,24,16,13,19],[18,10,2,14,22,6,15,23,16,24,21],[22,14,18,2,10,6,15,23,24,16,21],[22,10,14,6,18,2,23,15,16,24,21],[6,22,18,10,2,14,23,15,24,16,21],[2,18,6,22,10,14,15,23,24,16,21],[10,6,2,14,18,22,23,15,24,16,13,19],[2,22,10,6,14,18,15,23,16,24,13,19],[6,10,14,22,2,18,15,23,24,16,13,19],[14,22,6,10,18,2,23,15,24,16,13,19],[2,10,22,6,14,18,23,15,16,24,13,19],[2,18,10,22,6,14,23,15,16,24,13,19],[22,10,2,6,14,18,15,23,24,16,21],[18,6,2,10,22,14,23,15,16,24,21],[18,6,14,22,2,10,23,15,16,24,21],[2,10,6,18,14,22,23,15,24,16,21],[6,18,10,2,14,22,23,15,16,24,21],[18,6,14,22,2,10,23,15,16,24,21],[22,2,6,10,18,14,15,23,16,24,21],[18,10,6,14,22,2,23,15,16,24,13,19],[18,14,10,22,2,6,15,23,16,24,21],[10,2,18,14,22,6,15,23,16,24,13,19],[18,10,2,6,14,22,15,23,24,16,13,19],[18,6,22,2,10,14,23,15,24,16,13,19],[10,14,6,2,18,22,15,23,16,24,13,19],[10,6,2,22,18,14,23,15,16,24,21],[10,14,2,6,18,22,15,23,16,24,13,19],[6,22,2,18,10,14,15,23,16,24,21],[22,10,14,6,18,2,15,23,16,24,13,19],[2,14,22,18,6,10,23,15,16,24,13,19],[14,22,10,18,2,6,23,15,24,16,21],[18,22,2,6,10,14,23,15,16,24,13,19],[2,14,22,18,6,10,15,23,16,24,21],[14,18,2,10,22,6,15,23,24,16,13,19],[14,6,2,10,18,22,23,15,16,24,21],[18,6,2,22,10,14,23,15,16,24,13,19],[14,6,18,10,2,22,23,15,16,24,21],[6,14,18,10,22,2,15,23,16,24,21],[2,6,18,14,22,10,15,23,24,16,21],[2,18,10,22,14,6,23,15,16,24,13,19],[6,14,18,10,22,2,23,15,24,16,21],[22,18,2,6,14,10,15,23,16,24,13,19],[14,10,18,2,6,22,23,15,24,16,13,19],[14,18,2,22,10,6,15,23,24,16,13,19],[10,2,22,6,14,18,23,15,24,16,21],[10,22,6,18,14,2,15,23,24,16,13,19],[2,18,14,10,22,6,23,15,24,16,21],[2,22,18,10,14,6,23,15,24,16,13,19],[22,2,18,6,10,14,15,23,24,16,13,19],[10,2,14,22,18,6,23,15,24,16,13,19],[18,6,10,2,14,22,23,15,16,24,21],[22,6,10,2,18,14,23,15,16,24,13,19],[14,6,10,22,2,18,23,15,24,16,21],[10,18,22,14,6,2,23,15,16,24,21],[2,6,14,10,18,22,15,23,16,24,21],[6,14,18,10,22,2,15,23,16,24,21],[2,22,6,10,14,18,23,15,16,24,21],[6,22,2,14,10,18,23,15,24,16,21],[10,18,6,14,22,2,23,15,16,24,13,19],[10,2,14,18,6,22,23,15,24,16,21],[14,10,18,6,2,22,23,15,16,24,21],[10,2,18,6,22,14,23,15,24,16,13,19],[2,6,10,14,18,22,15,23,16,24,21],[10,14,6,22,18,2,23,15,16,24,21],[14,18,2,6,10,22,23,15,24,16,21],[6,22,2,10,14,18,15,23,16,24,21],[10,14,6,22,2,18,23,15,16,24,13,19],[2,14,18,10,22,6,23,15,24,16,21],[14,6,10,18,22,2,23,15,16,24,21],[22,2,10,6,14,18,15,23,24,16,13,19],[18,6,10,2,22,14,15,23,16,24,21],[2,6,18,14,10,22,15,23,16,24,21],[2,10,6,14,22,18,23,15,16,24,13,19],[2,22,18,14,6,10,15,23,24,16,21],[2,14,10,6,22,18,15,23,16,24,21],[22,10,6,14,2,18,23,15,24,16,13,19],[18,6,2,22,14,10,23,15,24,16,21],[6,10,22,18,2,14,23,15,24,16,21],[22,6,14,10,18,2,15,23,16,24,21],[10,18,2,22,14,6,23,15,24,16,13,19],[18,22,6,10,14,2,23,15,16,24,21],[10,18,14,6,2,22,23,15,24,16,21],[18,10,6,22,2,14,23,15,16,24,21],[22,6,10,2,18,14,15,23,24,16,21],[14,2,10,6,18,22,15,23,16,24,21],[10,2,14,18,22,6,23,15,24,16,21],[22,14,6,18,2,10,15,23,24,16,21],[22,18,14,6,2,10,23,15,16,24,13,19],[14,18,10,6,2,22,15,23,16,24,21],[18,6,2,22,14,10,23,15,24,16,13,19],[10,2,14,6,22,18,15,23,16,24,13,19],[2,18,14,6,22,10,15,23,24,16,13,19],[14,18,6,10,2,22,23,15,16,24,13,19],[18,6,14,10,2,22,23,15,24,16,13,19],[22,18,10,2,14,6,23,15,16,24,13,19],[2,10,22,6,18,14,15,23,16,24,13,19],[18,22,10,14,2,6,15,23,24,16,21],[14,10,2,6,22,18,15,23,24,16,21],[14,22,10,2,18,6,15,23,24,16,13,19],[10,2,6,22,18,14,23,15,24,16,21]],"n_human":12}