{"problem_id":"bZHcVgfCeymHjyQ","sigma":150,"alpha":3.162,"cost":0,"probabilities":"[0.19, 0.17, 0.41, 0.23]","payoff_matrix":"[[140, -182, 200, 46, -163, -21], [-111, 58, -105, -5, -111, 14], [-127, 40, 34, -339, 34, 27], [-81, -17, -297, 14, -98, 220]]","uncovered":[[15,19,11,7,3,23,12,20,8,24,5],[3,15,23,11,19,7,12,8,20,24,5],[15,7,19,23,11,3,12,20,8,24,5],[23,19,15,7,3,11,20,12,8,24,5],[23,7,11,19,15,3,12,20,24,8,5],[7,15,23,11,3,19,8,12,20,24,5],[23,7,15,11,19,3,8,12,20,24,21,5],[7,23,19,11,3,15,8,20,12,24,21,5],[19,7,3,11,15,23,20,8,12,24,5],[7,3,19,11,15,23,20,12,8,24,21,5],[15,11,23,7,3,19,20,8,12,24,21,5],[7,19,3,11,15,23,8,12,20,24,21,5],[15,11,19,7,3,23,12,8,20,24,21,5],[23,19,11,15,7,3,8,20,12,24,21,5],[19,15,23,7,11,3,8,20,12,24,5],[7,19,11,23,3,15,12,8,20,24,21,5],[19,3,11,7,15,23,12,8,20,24,5],[23,11,19,15,3,7,8,12,20,24,21,5],[11,3,7,15,23,19,20,8,12,24,21,5],[19,3,23,11,7,15,12,20,24,8,5],[7,19,3,15,23,11,20,8,12,24,5],[23,7,11,15,19,3,12,8,20,24,21,5],[19,23,15,7,11,3,12,8,20,24,21,5],[7,23,15,3,11,19,8,12,20,24,21,5],[7,3,23,11,15,19,20,12,24,8,21,5],[11,19,7,15,23,3,8,20,12,24,21,5],[23,15,3,11,7,19,12,20,24,8,5],[7,15,3,11,19,23,20,8,12,24,5],[11,3,23,19,7,15,20,12,8,24,21,5],[11,23,7,19,3,15,12,8,20,24,21,5],[7,23,11,19,3,15,8,20,12,24,21,5],[23,19,15,3,7,11,8,12,20,24,5],[19,15,11,23,7,3,12,20,8,24,5],[3,11,15,19,23,7,20,8,12,24,21,5],[3,7,15,23,19,11,8,20,12,24,21,5],[7,23,15,19,11,3,20,12,8,24,21,5],[15,19,3,7,11,23,20,8,12,24,21,5],[19,15,11,7,3,23,8,20,12,24,5],[3,11,23,15,7,19,12,8,20,24,21,5],[15,7,23,11,19,3,12,20,8,24,5],[11,15,23,7,3,19,8,20,12,24,21,5],[19,11,15,3,23,7,8,20,12,24,5],[19,15,3,7,11,23,12,20,24,8,5],[23,15,7,3,11,19,20,8,12,24,5],[15,19,11,23,7,3,20,8,12,24,5],[7,11,19,15,23,3,8,12,20,24,5],[7,19,11,23,3,15,20,8,12,24,21,5],[3,7,23,15,19,11,8,12,20,24,21,5],[11,15,7,3,23,19,20,12,24,8,5],[19,11,23,7,3,15,12,8,20,24,5],[15,11,3,19,23,7,8,20,12,24,5],[19,23,3,7,11,15,8,20,12,24,22],[15,19,11,3,7,23,12,8,20,24,5],[11,23,15,3,7,19,8,12,20,24,5],[19,7,15,23,3,11,20,12,8,24,5],[19,3,7,23,15,11,12,8,20,24,21,5],[19,15,23,7,11,3,12,8,20,24,21,5],[11,3,7,19,15,23,20,12,8,24,21,5],[3,15,7,11,23,19,12,20,24,8,5],[19,23,3,15,7,11,8,12,20,24,21,5],[3,23,7,11,19,15,12,8,20,24,21,5],[15,7,11,19,23,3,8,12,20,24,5],[15,19,11,23,3,7,12,8,20,24,5],[15,3,7,23,11,19,8,20,12,24,5],[23,15,19,3,7,11,8,12,20,24,5],[3,7,15,23,19,11,8,20,12,24,21,5],[23,15,11,3,7,19,12,20,8,24,5],[11,3,7,15,23,19,8,20,12,24,5],[19,7,23,11,15,3,12,20,24,8,5],[15,7,11,19,23,3,8,12,20,24,5],[23,19,11,7,3,15,8,12,20,24,5],[19,15,7,23,11,3,8,20,12,24,21,5],[23,3,7,19,11,15,20,8,12,24,21,5],[23,19,15,11,7,3,20,12,24,8,21,5],[3,7,23,11,19,15,8,20,12,24,21,5],[3,15,23,19,11,7,8,20,12,24,21,5],[7,3,15,23,19,11,20,8,12,24,5],[11,19,23,3,7,15,12,8,20,24,5],[11,19,3,15,7,23,20,8,12,24,5],[23,11,19,3,15,7,20,12,8,24,5],[19,15,11,3,23,7,20,12,8,24,5],[3,7,19,23,11,15,12,8,20,24,21,5],[3,23,15,11,7,19,8,20,12,24,5],[15,3,19,11,7,23,20,8,12,24,5],[3,23,15,11,7,19,8,20,12,24,5],[3,11,15,23,7,19,12,20,24,8,5],[3,15,7,11,23,19,8,20,12,24,5],[7,19,3,15,11,23,20,12,24,8,5],[15,23,11,7,3,19,8,20,12,24,21,5],[15,19,3,23,7,11,8,12,20,24,5],[15,11,3,23,19,7,20,8,12,24,21,5],[15,11,23,7,19,3,12,20,24,8,21,5],[11,19,7,23,15,3,12,8,20,24,21,5],[3,23,15,7,19,11,20,8,12,24,5],[3,23,11,19,7,15,20,12,8,24,5],[23,3,11,7,15,19,20,8,12,24,21,5],[7,15,23,3,19,11,8,12,20,24,21,5],[19,7,3,23,11,15,20,12,24,8,21,5],[11,23,3,15,19,7,12,8,20,24,21,5],[7,11,19,15,23,3,8,20,12,24,5],[19,7,3,23,15,11,12,20,8,24,5],[15,11,19,3,23,7,8,20,12,24,21,5],[3,19,7,23,15,11,20,12,24,8,21,5],[7,3,23,19,15,11,8,12,20,24,21,5],[23,3,15,7,19,11,8,12,20,24,5],[11,3,7,19,23,15,8,12,20,24,5],[19,11,23,7,3,15,8,20,12,24,21,5],[19,11,3,15,7,23,20,12,24,8,21,5],[23,7,3,19,15,11,20,12,8,24,22],[7,11,19,3,23,15,8,20,12,24,5],[11,23,3,7,15,19,12,8,20,24,21,5],[11,15,7,23,3,19,20,12,24,8,21,5],[3,11,7,15,23,19,8,20,12,24,21,5],[15,19,11,3,7,23,8,20,12,24,21,5],[11,23,15,19,7,3,12,20,8,24,5],[11,19,15,23,3,7,20,12,24,8,5],[11,7,19,15,3,23,12,8,20,24,5],[23,19,11,15,3,7,8,12,20,24,21,5],[3,23,19,15,11,7,8,20,12,24,5],[23,15,7,11,3,19,20,12,8,24,5],[7,23,19,3,11,15,20,8,12,24,5],[7,11,3,15,23,19,8,12,20,24,5],[15,19,23,7,3,11,8,12,20,24,5],[3,15,19,11,23,7,20,12,8,24,21,5],[23,3,15,11,19,7,12,8,20,24,21,5],[11,7,15,3,19,23,20,8,12,24,21,5],[11,19,23,15,3,7,12,20,8,24,5],[7,23,15,3,11,19,8,12,20,24,21,5],[11,23,15,7,19,3,8,12,20,24,5],[23,19,11,7,15,3,8,20,12,24,5],[3,11,23,7,19,15,12,8,20,24,21,5],[15,19,23,11,3,7,8,12,20,24,21,5],[19,11,15,3,7,23,12,8,20,24,5],[19,23,3,15,7,11,12,8,20,24,21,5],[11,7,23,15,19,3,8,20,12,24,21,5],[11,7,19,3,15,23,12,8,20,24,5],[19,15,3,23,11,7,12,8,20,24,21,5],[3,23,11,15,19,7,12,20,8,24,21,5],[11,19,15,3,7,23,20,8,12,24,5],[11,3,19,23,15,7,12,8,20,24,21,5],[3,19,11,7,23,15,8,20,12,24,5],[7,3,11,23,19,15,20,8,12,24,5],[7,19,11,23,3,15,20,8,12,24,21,5],[23,19,15,11,7,3,8,12,20,24,5],[7,11,19,3,23,15,12,8,20,24,5],[3,19,23,7,15,11,20,8,12,24,5],[23,7,19,15,11,3,8,20,12,24,21,5],[3,7,15,23,19,11,20,12,24,8,21,5],[23,19,15,11,7,3,12,20,24,8,21,5],[15,7,19,3,11,23,12,20,24,8,5],[15,23,3,11,7,19,12,8,20,24,21,5],[11,3,15,7,19,23,8,20,12,24,5],[19,15,23,7,3,11,20,12,8,24,5],[19,3,7,23,15,11,8,20,12,24,21,5],[3,19,11,23,7,15,12,20,8,24,21,5],[19,11,15,7,23,3,8,20,12,24,5],[15,3,23,7,11,19,8,20,12,24,5],[23,7,11,15,3,19,20,8,12,24,21,5],[11,3,19,23,7,15,20,12,24,8,5],[23,11,19,3,7,15,12,20,8,24,5],[15,19,11,3,23,7,20,12,24,8,5],[19,7,15,11,3,23,12,8,20,24,21,5],[19,23,11,7,3,15,8,20,12,24,5],[7,19,15,11,23,3,12,8,20,24,5],[15,7,3,23,19,11,8,12,20,24,5],[3,15,23,19,7,11,20,8,12,24,5],[11,7,19,3,23,15,8,12,20,24,21,5],[15,7,19,3,23,11,12,8,20,24,5],[7,19,15,11,3,23,20,12,8,24,5],[23,7,19,3,15,11,20,12,24,8,5],[3,11,7,15,23,19,12,20,8,24,5],[7,23,15,19,3,11,20,12,24,8,21,5],[3,19,11,15,23,7,8,12,20,24,5],[3,11,19,15,23,7,20,12,24,8,21,5],[7,15,23,11,3,19,20,8,12,24,5],[7,15,23,3,11,19,20,12,24,8,5],[3,7,11,19,23,15,8,20,12,24,21,5],[7,23,19,11,15,3,12,20,8,24,6,21],[19,3,11,7,23,15,20,12,24,8,5],[7,11,19,15,23,3,8,20,12,24,5],[15,19,11,3,23,7,20,12,24,8,5],[15,23,11,7,3,19,12,8,20,24,5],[11,15,7,19,3,23,12,20,24,8,21,5],[23,3,15,19,11,7,20,8,12,24,21,6],[11,23,19,7,3,15,8,20,12,24,5],[15,11,19,3,23,7,8,20,12,24,5],[15,3,11,19,7,23,20,12,8,24,21,5],[19,23,7,11,3,15,20,12,8,24,21,5],[15,23,3,19,7,11,20,8,12,24,21,5],[3,15,19,7,11,23,8,12,20,24,5],[23,3,7,19,15,11,20,12,8,24,21,5],[19,15,3,7,23,11,12,8,20,24,21,5],[3,19,23,11,7,15,20,8,12,24,5],[3,11,19,23,15,7,20,12,8,24,5],[19,3,23,7,11,15,12,20,24,8,5],[3,23,11,15,7,19,12,20,24,8,5],[23,7,3,15,11,19,20,8,12,24,5],[11,3,23,19,15,7,8,12,20,24,21,5],[7,23,3,11,15,19,12,8,20,24,21,5],[11,23,19,7,3,15,20,8,12,24,21,5],[15,11,23,7,3,19,12,20,24,8,5],[19,23,15,7,3,11,12,20,24,8,21,5],[3,11,15,7,23,19,8,12,20,24,5],[15,23,7,3,19,11,12,8,20,24,5],[23,11,3,7,19,15,8,12,20,24,21,5],[15,11,19,7,23,3,12,8,20,24,21,5],[3,7,19,11,15,23,20,8,12,24,21,5],[11,7,3,15,23,19,8,20,12,24,21,5],[15,3,19,11,23,7,20,12,8,24,5],[23,7,15,11,19,3,12,8,20,24,5],[23,15,3,11,7,19,12,20,24,8,5],[11,15,23,7,19,3,8,20,12,24,21,5],[15,23,7,3,11,19,8,12,20,24,5],[3,23,15,11,7,19,8,12,20,24,5],[23,11,19,7,3,15,8,12,20,24,21,5],[15,7,11,3,23,19,8,12,20,24,5],[23,15,3,11,7,19,20,12,8,24,21,5],[19,15,23,7,11,3,20,12,8,24,21,5],[23,3,11,19,15,7,12,20,8,24,21,5],[3,15,23,11,19,7,8,12,20,24,21,5],[23,7,19,15,3,11,8,12,20,24,5],[11,15,23,7,3,19,20,12,8,24,5],[11,19,7,15,3,23,20,8,12,24,21,5],[3,11,19,15,7,23,20,12,24,8,5],[19,15,7,3,11,23,12,8,20,24,5],[3,19,15,7,23,11,8,12,20,24,5],[7,23,19,15,11,3,12,8,20,24,21,5],[3,11,19,15,23,7,20,12,8,24,5],[23,7,15,11,3,19,8,20,12,24,21,5],[11,19,23,3,15,7,12,20,8,24,21,5],[11,19,23,7,15,3,12,8,20,24,5],[11,19,23,7,15,3,20,8,12,24,21,5],[15,3,23,7,19,11,20,8,12,24,5],[11,15,7,3,19,23,12,20,8,24,5],[3,15,19,23,7,11,20,8,12,24,6,21],[19,15,11,23,7,3,20,8,12,24,5],[7,23,11,19,15,3,20,8,12,24,21,5],[3,15,23,11,7,19,20,8,12,24,21,5],[7,3,19,23,11,15,12,20,24,8,21,5],[23,15,11,19,7,3,12,8,20,24,5],[3,23,7,11,19,15,8,20,12,24,21,5],[3,11,19,23,15,7,20,12,24,8,5],[19,11,7,3,15,23,12,20,24,8,5],[15,19,3,11,7,23,20,8,12,24,21,5],[3,7,23,11,15,19,12,8,20,24,21,5],[23,7,3,11,15,19,8,20,12,24,21,5],[23,3,11,7,19,15,12,8,20,24,21,5],[3,11,7,23,19,15,12,8,20,24,21,5],[7,3,19,23,15,11,12,8,20,24,5],[23,19,15,11,3,7,12,8,20,24,5],[7,23,19,11,3,15,8,20,12,24,5],[23,7,15,19,3,11,12,8,20,24,5],[3,19,7,23,15,11,8,20,12,24,5],[15,19,7,3,23,11,12,8,20,24,21,5],[19,23,3,7,15,11,20,12,8,24,21,5],[11,7,15,3,19,23,12,8,20,24,5],[19,23,11,15,7,3,20,8,12,24,5],[7,15,23,3,19,11,12,8,20,24,21,5],[15,23,3,11,7,19,8,20,12,24,5],[19,23,11,15,3,7,20,8,12,24,21,5],[19,11,7,15,23,3,8,12,20,24,21,5],[23,3,15,7,19,11,20,12,8,24,5],[15,3,7,19,23,11,12,8,20,24,5],[3,19,7,23,11,15,8,12,20,24,21,5],[15,7,11,23,19,3,8,12,20,24,5],[11,7,19,23,3,15,12,20,8,24,21,5],[3,15,11,7,19,23,12,20,24,8,21,5],[23,19,7,11,3,15,20,8,12,24,21,5],[23,3,15,7,11,19,12,20,8,24,21],[15,19,3,7,23,11,12,8,20,24,21,5],[19,7,3,23,11,15,20,8,12,24,5],[15,7,3,11,23,19,8,20,12,24,5],[23,3,11,19,7,15,12,20,24,8,21,5],[11,15,19,23,7,3,20,8,12,24,21,5],[11,15,3,19,23,7,8,20,12,24,5],[3,19,7,23,15,11,8,20,12,24,21,5],[11,15,3,23,19,7,20,12,24,8,22],[23,11,7,3,15,19,8,20,12,24,21,5],[23,15,7,3,19,11,20,8,12,24,5],[15,23,19,11,3,7,20,8,12,24,21,5],[15,19,23,7,11,3,20,12,24,8,5],[19,15,7,23,3,11,20,12,24,8,21,5],[3,7,19,11,23,15,12,20,24,8,5],[11,23,19,15,7,3,8,12,20,24,21,5],[23,19,11,15,3,7,8,20,12,24,21,5],[7,15,19,3,23,11,20,8,12,24,21,5],[15,3,11,23,7,19,12,20,8,24,5],[3,15,19,11,23,7,20,8,12,24,5],[19,3,11,7,23,15,12,20,24,8,6,21],[15,7,3,11,19,23,12,20,24,8,5],[23,7,11,19,15,3,8,12,20,24,5],[23,15,7,11,3,19,20,12,24,8,5],[11,19,7,15,3,23,12,20,8,24,5],[19,15,7,11,23,3,8,12,20,24,21,5],[11,19,7,3,23,15,20,8,12,24,5],[3,7,23,15,19,11,20,12,8,24,5],[19,11,3,15,23,7,12,20,24,8,21,5],[7,3,15,19,23,11,20,8,12,24,21,5],[3,19,23,7,11,15,8,20,12,24,21,5],[11,3,19,15,7,23,20,8,12,24,5],[15,7,19,11,23,3,8,20,12,24,5],[7,11,19,15,23,3,12,8,20,24,22],[19,23,15,3,11,7,12,8,20,24,5],[15,11,19,3,7,23,20,12,24,8,21,5],[19,7,23,11,15,3,12,8,20,24,5],[11,15,19,3,23,7,20,8,12,24,21,5],[19,11,23,7,3,15,8,20,12,24,22],[7,23,15,11,3,19,20,12,8,24,5],[7,3,23,19,11,15,8,12,20,24,21,5],[7,19,15,23,3,11,8,20,12,24,5],[15,7,11,23,3,19,20,12,8,24,21,5],[15,23,3,7,11,19,12,20,8,24,21,5],[23,7,11,15,19,3,12,20,24,8,21,5],[23,15,11,19,3,7,20,8,12,24,5],[19,23,3,7,15,11,8,12,20,24,5],[15,3,23,11,7,19,8,12,20,24,5],[7,19,11,23,3,15,12,20,8,24,5],[19,15,23,11,3,7,8,20,12,24,21,5],[11,7,3,19,15,23,20,8,12,24,5],[7,19,15,11,3,23,20,12,8,24,5],[7,19,15,23,3,11,20,12,8,24,5],[7,3,11,23,15,19,8,20,12,24,5],[11,15,19,7,3,23,12,8,20,24,5],[7,19,3,11,15,23,12,20,24,8,21,5],[7,23,19,3,15,11,20,8,12,24,5],[3,23,15,7,19,11,20,8,12,24,21,5],[3,23,7,19,15,11,12,20,8,24,5],[23,7,3,15,19,11,20,12,24,8,5],[19,3,7,15,23,11,12,20,8,24,5],[11,19,3,7,15,23,12,20,8,24,21,5],[23,11,19,3,15,7,12,8,20,24,5],[23,11,15,3,7,19,12,8,20,24,5],[23,7,19,11,3,15,12,8,20,24,5],[11,3,19,7,15,23,20,12,8,24,5],[15,11,3,7,19,23,20,12,24,8,5],[7,11,3,15,19,23,8,20,12,24,5],[15,23,19,7,11,3,8,12,20,24,21,5],[3,15,23,19,11,7,8,12,20,24,21,5],[15,23,3,11,7,19,20,12,24,8,5],[11,7,19,3,15,23,12,8,20,24,5],[7,11,3,15,19,23,12,20,8,24,5],[7,19,15,23,11,3,8,12,20,24,5],[3,7,11,19,15,23,20,12,24,8,21,5],[15,19,11,23,7,3,20,8,12,24,5],[15,19,3,23,7,11,12,20,8,24,5],[15,19,11,7,23,3,8,20,12,24,5],[7,15,19,11,3,23,12,8,20,24,5],[19,15,3,11,7,23,12,8,20,24,21,5],[19,15,3,23,11,7,20,12,24,8,5],[15,23,11,19,7,3,20,8,12,24,21,5],[23,19,11,3,15,7,8,12,20,24,5],[23,15,7,11,3,19,20,12,24,8,5],[19,3,11,23,7,15,8,12,20,24,22],[15,7,3,19,23,11,8,20,12,24,6,21],[15,11,19,23,3,7,8,12,20,24,5],[23,3,19,15,11,7,8,20,12,24,5],[3,15,11,23,7,19,20,8,12,24,5],[11,19,15,7,3,23,8,20,12,24,21,5],[23,19,15,11,7,3,20,12,8,24,21,5],[23,15,19,11,7,3,20,8,12,24,5],[23,15,7,11,3,19,20,8,12,24,21,5],[3,19,11,15,7,23,8,12,20,24,21,5],[7,15,11,3,23,19,12,8,20,24,21,5],[19,15,11,3,7,23,20,8,12,24,21,5],[11,3,15,7,19,23,20,8,12,24,5],[7,15,11,19,23,3,12,20,8,24,21,5],[11,7,19,15,23,3,12,20,8,24,5],[19,3,7,23,15,11,12,8,20,24,5],[15,7,3,11,23,19,20,8,12,24,5],[7,3,15,23,11,19,12,20,24,8,5],[15,23,3,19,11,7,8,20,12,24,5],[7,3,19,15,11,23,8,20,12,24,5],[19,3,11,15,23,7,8,12,20,24,5],[15,3,11,19,7,23,12,8,20,24,5],[23,15,11,19,3,7,12,8,20,24,21,5],[15,23,3,19,7,11,12,20,24,8,21,5],[11,7,15,3,19,23,12,8,20,24,5],[15,23,3,11,7,19,20,8,12,24,21,5],[15,3,11,19,23,7,20,8,12,24,5],[7,3,15,19,23,11,20,8,12,24,5],[23,15,19,7,11,3,12,8,20,24,21,5],[3,11,7,19,15,23,12,20,8,24,5],[3,11,7,19,23,15,20,12,24,8,5],[3,15,23,19,11,7,8,20,12,24,21,5],[7,11,23,19,3,15,12,20,24,8,5],[11,7,19,15,3,23,20,8,12,24,21,5],[11,7,19,15,3,23,12,20,24,8,21,5],[19,23,11,3,7,15,20,12,24,8,21,5],[3,7,15,23,11,19,12,20,8,24,5],[7,3,19,23,15,11,20,12,8,24,21,5],[19,15,3,23,7,11,8,20,12,24,21,5],[19,7,11,23,3,15,12,8,20,24,5],[15,19,11,3,7,23,20,8,12,24,5],[7,19,23,3,15,11,20,12,24,8,5],[3,11,19,7,23,15,12,8,20,24,5],[3,23,19,15,11,7,12,20,24,8,21,5],[15,19,3,7,11,23,12,8,20,24,5],[7,15,3,11,19,23,8,12,20,24,21,5],[11,23,15,19,3,7,8,12,20,24,5],[11,19,7,23,3,15,20,12,8,24,21,5],[15,11,23,7,19,3,20,12,24,8,5],[15,7,11,23,19,3,8,12,20,24,21,5],[23,3,19,11,7,15,20,8,12,24,21,5],[7,19,3,23,11,15,12,20,24,8,5],[23,7,11,15,19,3,20,8,12,24,5],[19,23,7,11,3,15,8,20,12,24,5],[19,3,23,15,11,7,12,20,24,8,21,5],[7,11,3,19,23,15,8,20,12,24,21,5],[11,3,23,19,15,7,8,12,20,24,21,5],[3,15,7,23,11,19,20,12,8,24,21,5],[11,15,3,19,7,23,12,20,24,8,5],[7,11,3,23,19,15,12,20,8,24,5],[3,15,11,23,7,19,8,12,20,24,21,5],[7,3,23,11,15,19,20,8,12,24,5],[11,7,19,15,3,23,20,12,8,24,21,5],[7,19,15,11,3,23,20,8,12,24,5],[23,3,19,15,11,7,20,12,8,24,5],[19,3,23,11,15,7,20,12,8,24,5],[19,23,7,15,11,3,20,8,12,24,21,5],[15,23,19,7,3,11,12,20,24,8,21,5],[23,3,19,15,7,11,20,12,24,8,21,5],[11,23,7,19,3,15,12,20,8,24,21,5],[3,11,7,19,15,23,12,8,20,24,21,5],[15,19,7,23,3,11,20,8,12,24,21,5],[7,19,11,3,15,23,20,8,12,24,21,5],[11,23,7,19,3,15,12,8,20,24,21,5],[11,23,19,3,7,15,8,12,20,24,21,5],[15,11,3,7,23,19,20,12,8,24,21,5],[3,7,15,19,11,23,8,12,20,24,21,5],[11,7,3,19,15,23,20,12,8,24,21,5],[15,11,7,3,23,19,8,12,20,24,5],[3,7,11,19,23,15,20,8,12,24,5],[3,15,7,19,11,23,12,20,24,8,21,5],[19,11,23,15,3,7,12,8,20,24,21,5],[11,23,7,3,19,15,20,12,24,8,5],[7,23,3,11,15,19,8,20,12,24,21,5],[15,23,19,7,3,11,20,8,12,24,21,5],[7,19,11,23,3,15,8,20,12,24,21,5],[7,3,11,23,15,19,8,12,20,24,5],[3,11,15,7,19,23,20,12,8,24,21,5],[7,15,19,23,3,11,20,12,8,24,5],[7,15,3,11,19,23,20,12,24,8,21,5],[23,7,11,15,19,3,12,20,8,24,5],[3,7,15,23,19,11,8,20,12,24,21,5],[11,7,19,15,23,3,12,8,20,24,21,5],[3,19,23,11,15,7,12,20,24,8,21,5],[23,3,11,7,19,15,8,12,20,24,5],[7,19,11,15,3,23,12,8,20,24,5],[3,11,19,7,15,23,20,8,12,24,5],[15,19,7,23,11,3,8,12,20,24,5],[3,23,11,15,19,7,20,8,12,24,21,5],[15,23,3,19,7,11,20,8,12,24,5],[19,23,15,3,7,11,8,20,12,24,5],[11,23,7,3,15,19,12,8,20,24,5],[19,3,11,7,15,23,12,20,24,8,21,5],[15,3,7,19,11,23,8,12,20,24,21,5],[7,23,3,19,11,15,20,12,8,24,5],[19,3,23,15,11,7,12,8,20,24,21,5],[11,19,15,23,7,3,20,8,12,24,5],[23,19,15,11,3,7,8,12,20,24,21,5],[11,7,15,3,23,19,12,20,8,24,21,5],[23,11,15,19,7,3,8,20,12,24,21,5],[3,19,15,11,23,7,12,8,20,24,21,5],[3,23,19,7,11,15,20,8,12,24,5],[23,19,11,15,7,3,8,12,20,24,5],[19,3,11,23,15,7,20,12,24,8,21,5],[3,23,19,15,11,7,12,20,24,8,21,5],[15,3,19,11,7,23,12,20,8,24,5],[15,11,3,7,19,23,8,12,20,24,21,5],[7,19,3,23,11,15,20,12,8,24,21,5],[15,19,7,23,3,11,12,20,24,8,21,5],[3,15,19,7,23,11,8,12,20,24,21,5],[3,11,7,19,23,15,8,12,20,24,5],[15,7,3,19,11,23,12,20,24,8,5],[23,11,3,19,15,7,12,20,8,24,5],[3,23,7,11,19,15,20,12,8,24,21,5],[23,15,11,19,3,7,20,12,8,24,5],[3,7,15,23,19,11,8,20,12,24,21,5],[11,23,15,7,3,19,20,12,24,8,21,5],[23,7,15,19,11,3,8,12,20,24,5],[11,3,19,7,15,23,8,12,20,24,5],[15,19,23,3,11,7,8,20,12,24,5],[15,11,23,19,7,3,8,12,20,24,5],[11,23,15,3,19,7,20,8,12,24,5],[23,7,15,11,19,3,8,20,12,24,5],[7,23,3,11,19,15,8,20,12,24,21,5],[7,23,15,11,3,19,8,20,12,24,5],[3,11,15,23,7,19,12,8,20,24,21,5],[23,11,7,3,19,15,12,8,20,24,21,5],[7,19,3,11,23,15,8,12,20,24,21,5],[3,7,19,23,11,15,12,8,20,24,21,5],[3,19,11,7,23,15,12,8,20,24,5],[7,3,15,19,11,23,12,20,8,24,21,5],[3,15,7,19,23,11,20,12,8,24,21,5],[3,7,23,19,15,11,20,8,12,24,5],[3,7,19,23,15,11,8,12,20,24,21],[19,15,11,7,23,3,8,12,20,24,5],[3,15,19,11,7,23,8,12,20,24,22],[7,3,15,11,23,19,12,20,24,8,5],[3,19,11,23,7,15,8,20,12,24,21,5],[3,11,15,23,7,19,12,8,20,24,21,5],[23,19,3,11,15,7,12,20,8,24,5],[7,19,3,11,23,15,8,12,20,24,21,5],[11,23,3,15,19,7,12,20,24,8,21,5],[15,7,23,3,11,19,20,8,12,24,5],[15,23,11,7,3,19,12,20,24,8,5],[23,7,19,3,11,15,20,8,12,24,21,5],[19,3,15,23,11,7,12,8,20,24,5],[3,15,23,7,11,19,20,12,24,8,5],[19,15,7,23,11,3,8,12,20,24,21,5],[15,23,7,19,3,11,8,20,12,24,21,5],[3,15,7,23,19,11,12,8,20,24,5],[3,23,15,11,19,7,8,12,20,24,5],[11,3,7,23,15,19,12,8,20,24,21,5],[19,23,3,15,7,11,20,12,8,24,21,5],[11,19,3,23,15,7,8,12,20,24,5],[11,23,15,3,19,7,8,12,20,24,21,5],[15,3,11,23,19,7,8,12,20,24,21,5],[7,19,15,23,3,11,20,12,24,8,5],[15,7,11,23,3,19,20,8,12,24,21,5],[19,15,7,3,11,23,8,12,20,24,21,5],[23,7,19,11,15,3,20,12,8,24,5],[23,3,11,19,15,7,12,8,20,24,5],[11,19,7,23,3,15,8,12,20,24,5],[19,3,15,23,11,7,12,8,20,24,21,5],[15,23,7,19,11,3,8,20,12,24,21,5],[11,15,7,19,3,23,8,20,12,24,21,5],[11,15,19,7,3,23,20,12,24,8,21,5],[15,11,19,23,3,7,12,8,20,24,21,5],[7,19,3,23,11,15,8,12,20,24,5],[23,3,7,11,15,19,8,20,12,24,5],[3,15,7,11,23,19,8,12,20,24,21,5],[3,19,11,23,7,15,12,20,8,24,21,5],[19,3,11,15,7,23,12,20,8,24,5],[11,7,23,19,15,3,8,20,12,24,5],[19,15,23,3,7,11,20,8,12,24,21,5],[3,7,23,15,11,19,12,8,20,24,21,5],[3,19,7,23,15,11,8,20,12,24,21,5],[3,23,11,7,15,19,12,8,20,24,5],[11,23,3,15,19,7,12,8,20,24,21,5],[3,11,19,23,7,15,8,20,12,24,21,5],[3,19,23,11,15,7,12,8,20,24,5],[3,19,23,7,11,15,20,12,24,8,5],[3,15,11,19,7,23,12,20,8,24,21,5],[15,23,3,7,19,11,12,20,24,8,5],[11,15,7,19,3,23,8,12,20,24,5],[11,19,23,7,3,15,20,8,12,24,21,5],[19,7,23,3,15,11,12,20,8,24,5],[3,19,11,7,23,15,20,8,12,24,5],[7,11,3,15,19,23,20,8,12,24,21,5],[19,11,15,7,3,23,20,8,12,24,5],[23,11,15,19,3,7,20,12,24,8,21,5],[19,7,3,11,15,23,20,8,12,24,5],[15,7,19,11,23,3,8,12,20,24,21,5],[7,23,19,3,11,15,12,8,20,24,5],[3,23,19,15,11,7,8,20,12,24,5],[15,7,3,11,19,23,8,20,12,24,21,5],[23,19,7,11,15,3,8,12,20,24,5],[3,23,19,7,15,11,12,20,8,24,21,5],[3,11,23,19,15,7,20,8,12,24,5],[11,23,15,19,3,7,8,12,20,24,21,5],[3,11,15,23,7,19,12,20,8,24,21,5],[19,3,7,11,15,23,12,8,20,24,5],[15,23,7,11,19,3,8,20,12,24,5],[19,11,3,23,7,15,20,12,24,8,21,5],[15,23,11,19,3,7,12,8,20,24,5],[19,15,7,23,3,11,20,8,12,24,21,5],[15,7,3,19,11,23,20,8,12,24,21,5],[11,7,15,19,23,3,12,20,8,24,21,5],[11,19,3,15,7,23,8,20,12,24,5],[11,3,15,23,19,7,12,8,20,24,5],[3,15,11,19,23,7,20,12,8,24,5],[19,7,3,15,11,23,12,8,20,24,5],[11,3,15,7,19,23,20,12,8,24,5],[3,15,23,11,19,7,20,12,8,24,21,5],[15,11,19,3,7,23,20,8,12,24,21,5],[11,23,7,19,3,15,12,8,20,24,5],[11,7,3,23,15,19,20,12,8,24,21,5],[19,7,23,15,11,3,20,12,24,8,21,5],[23,15,19,11,3,7,8,20,12,24,5],[19,11,23,7,3,15,12,8,20,24,5],[19,11,7,15,23,3,12,8,20,24,5],[7,23,15,3,11,19,20,12,24,8,5],[19,7,11,15,3,23,20,8,12,24,21,5],[19,11,23,3,15,7,12,20,8,24,5],[15,19,3,23,7,11,12,8,20,24,5],[15,23,11,19,7,3,12,20,8,24,5],[7,3,15,23,19,11,12,20,24,8,5],[3,19,11,23,7,15,12,8,20,24,21,5],[23,11,7,3,19,15,20,12,24,8,5],[3,11,23,7,19,15,12,8,20,24,5],[11,3,19,23,15,7,20,12,8,24,21,5],[11,7,23,15,19,3,8,12,20,24,5],[3,11,7,19,23,15,20,12,8,24,21,5],[3,7,23,15,19,11,12,8,20,24,21,5],[11,3,23,19,7,15,8,12,20,24,5],[3,23,11,15,7,19,12,20,24,8,21,5],[7,3,23,11,15,19,12,8,20,24,5],[7,11,15,3,19,23,20,8,12,24,5],[15,7,3,19,11,23,20,8,12,24,5],[11,15,7,3,19,23,20,12,8,24,5],[23,7,3,11,19,15,8,12,20,24,6,21],[11,23,3,7,19,15,12,20,24,8,5],[19,7,3,11,15,23,12,8,20,24,21,5],[3,15,19,11,7,23,8,12,20,24,21,5],[7,3,15,11,23,19,8,12,20,24,21,5],[15,19,11,7,23,3,20,8,12,24,5],[3,7,23,15,11,19,12,8,20,24,5],[11,15,3,7,23,19,8,20,12,24,5],[15,11,23,19,3,7,8,12,20,24,21,6],[15,11,7,19,23,3,8,20,12,24,21,5],[23,3,19,11,15,7,12,20,8,24,5],[3,7,15,23,11,19,12,8,20,24,5],[7,15,19,3,11,23,20,12,8,24,21,5],[15,7,11,19,3,23,12,20,8,24,21,5],[11,23,3,19,7,15,8,20,12,24,5],[15,3,7,11,23,19,8,12,20,24,21,5],[15,11,19,3,23,7,12,8,20,24,21,5],[3,19,23,15,7,11,20,8,12,24,5],[19,3,7,23,11,15,8,12,20,24,5],[7,15,23,19,3,11,12,20,24,8,5],[23,7,15,11,19,3,8,20,12,24,5],[15,11,23,19,3,7,12,8,20,24,5],[23,7,3,11,19,15,20,8,12,24,21,5],[15,19,7,11,3,23,8,20,12,24,21,5],[23,19,11,7,15,3,20,8,12,24,21,5],[23,11,3,7,15,19,20,8,12,24,5],[19,23,3,15,7,11,20,8,12,24,21,5],[3,19,15,23,7,11,12,20,24,8,5],[23,19,11,15,7,3,8,12,20,24,5],[23,19,3,11,15,7,20,12,24,8,21,5],[23,7,11,19,15,3,12,20,24,8,5],[7,3,15,19,23,11,12,20,8,24,21,5],[19,23,3,11,7,15,20,8,12,24,21,5],[19,15,3,11,23,7,8,20,12,24,5],[19,3,15,23,11,7,8,12,20,24,21,5],[7,23,15,3,19,11,12,20,8,24,21,5],[23,7,19,11,3,15,20,12,8,24,21,5],[23,7,15,19,3,11,8,20,12,24,21,5],[19,15,11,3,23,7,8,20,12,24,5],[7,11,23,19,15,3,20,8,12,24,21,5],[7,11,15,23,19,3,12,20,8,24,5],[15,19,23,3,11,7,8,20,12,24,21,5],[23,7,19,15,11,3,8,12,20,24,5],[7,3,15,19,11,23,12,8,20,24,21,5],[15,19,3,23,7,11,8,12,20,24,21,5],[19,23,15,7,11,3,12,8,20,24,5],[7,23,19,11,3,15,12,20,24,8,21,5],[19,23,3,7,15,11,8,12,20,24,21,5],[23,3,7,15,19,11,20,12,8,24,5],[23,15,7,11,19,3,20,12,24,8,5],[7,3,19,11,23,15,12,8,20,24,5],[11,19,23,15,3,7,12,8,20,24,5],[23,15,7,3,19,11,8,20,12,24,5],[15,11,19,3,23,7,8,12,20,24,5],[7,11,19,3,15,23,12,8,20,24,21,5],[19,7,3,23,15,11,8,12,20,24,5],[3,7,23,11,19,15,8,12,20,24,5],[19,15,23,11,7,3,8,12,20,24,5],[11,3,19,15,7,23,8,12,20,24,21,5],[23,3,7,11,19,15,8,12,20,24,5],[11,19,7,23,15,3,8,12,20,24,5],[11,3,7,15,19,23,20,12,8,24,21,5],[19,11,7,3,15,23,20,12,24,8,21,5],[11,7,3,19,15,23,20,8,12,24,5],[23,15,19,11,7,3,8,20,12,24,21,5],[3,23,19,7,11,15,8,20,12,24,21,5],[11,23,19,7,15,3,20,12,24,8,21,5],[11,15,19,7,23,3,12,8,20,24,5],[15,19,23,7,3,11,12,8,20,24,5],[11,19,15,23,7,3,12,20,24,8,21,5],[11,15,23,7,3,19,12,8,20,24,5],[7,19,15,23,11,3,8,20,12,24,21,5],[19,7,23,15,11,3,20,12,24,8,5],[3,19,23,11,7,15,8,12,20,24,21,5],[3,11,15,19,23,7,12,20,8,24,5],[23,15,11,19,7,3,12,8,20,24,5],[15,23,19,11,3,7,20,12,8,24,21,5],[3,11,23,15,7,19,12,8,20,24,5],[23,15,19,7,11,3,20,12,8,24,5],[7,11,3,23,15,19,8,12,20,24,22],[15,3,19,7,11,23,20,12,24,8,21,5],[7,3,15,11,23,19,20,12,24,8,5],[19,7,3,23,11,15,8,12,20,24,5],[19,15,3,7,11,23,8,20,12,24,5],[15,3,11,19,23,7,8,20,12,24,5],[19,23,11,3,15,7,20,12,24,8,21,5],[3,23,15,19,11,7,8,12,20,24,5],[19,15,7,3,23,11,20,12,24,8,6,21],[19,15,3,7,11,23,20,8,12,24,21,5],[19,3,7,15,11,23,8,12,20,24,5],[15,3,23,19,11,7,8,20,12,24,5],[19,23,11,7,15,3,8,12,20,24,21,5],[7,23,19,15,11,3,8,12,20,24,21,5],[3,23,19,15,7,11,20,8,12,24,5],[3,15,11,23,19,7,8,12,20,24,6,21],[23,7,11,19,3,15,8,20,12,24,21,5],[15,7,11,19,23,3,8,12,20,24,5],[23,19,3,15,11,7,8,12,20,24,5],[23,11,19,7,15,3,8,12,20,24,5],[23,19,7,3,15,11,12,8,20,24,5],[11,3,15,7,23,19,8,20,12,24,21,5],[11,15,23,7,19,3,8,12,20,24,21,5],[19,7,3,11,15,23,20,8,12,24,5],[3,23,11,15,7,19,12,20,24,8,21,5],[19,3,11,23,7,15,8,20,12,24,5],[19,3,15,7,23,11,12,20,24,8,5],[23,15,11,7,3,19,12,20,8,24,5],[19,7,15,23,11,3,8,20,12,24,21,5],[15,23,7,3,19,11,12,8,20,24,5],[7,3,23,19,15,11,8,12,20,24,21,5],[7,19,11,23,15,3,12,8,20,24,5],[7,19,11,23,3,15,20,12,24,8,21,5],[15,3,7,19,11,23,12,20,24,8,5],[11,19,15,7,23,3,12,8,20,24,21,5],[23,11,19,7,3,15,8,12,20,24,21,5],[23,15,11,19,3,7,20,12,8,24,21,5],[23,19,7,15,3,11,12,8,20,24,21,5],[23,11,3,15,7,19,12,20,24,8,21,5],[23,7,15,3,19,11,8,12,20,24,5],[15,7,11,19,23,3,12,8,20,24,21,5],[3,19,7,11,15,23,8,12,20,24,22],[19,11,15,3,7,23,20,12,8,24,5],[11,23,15,3,7,19,8,12,20,24,5],[23,7,19,15,11,3,8,20,12,24,21,5],[19,11,7,23,15,3,12,8,20,24,21,5],[11,15,23,3,7,19,12,20,24,8,5],[19,23,7,11,15,3,8,12,20,24,5],[23,7,19,15,11,3,12,20,24,8,21,5],[7,15,19,11,3,23,12,20,24,8,21,5],[19,23,3,15,11,7,12,20,24,8,5],[7,19,11,23,3,15,8,20,12,24,21,5],[11,15,3,7,23,19,20,12,8,24,21,5],[19,7,15,23,11,3,20,8,12,24,21,5],[23,11,3,15,19,7,20,12,24,8,5],[3,11,15,23,7,19,12,20,24,8,21,5],[23,3,11,7,15,19,20,8,12,24,5],[7,19,15,23,3,11,8,12,20,24,5],[11,19,3,7,23,15,12,8,20,24,21,5],[15,23,19,11,3,7,12,20,24,8,5],[19,11,15,23,3,7,12,8,20,24,21,5],[15,3,19,23,7,11,20,8,12,24,5],[11,19,7,23,15,3,12,8,20,24,21,5],[3,11,7,15,19,23,8,12,20,24,5],[7,15,11,3,19,23,12,20,8,24,21,5],[7,3,19,11,15,23,20,12,8,24,5],[3,19,23,7,11,15,12,8,20,24,5],[7,11,15,23,3,19,12,8,20,24,21,5],[19,15,3,23,11,7,12,20,24,8,21,5],[3,15,19,7,11,23,20,12,8,24,21,5],[23,15,11,3,19,7,8,12,20,24,5],[3,19,23,15,11,7,20,12,8,24,5],[7,15,19,23,3,11,8,20,12,24,21,5],[7,11,15,23,19,3,12,8,20,24,21,5],[11,3,19,7,23,15,20,8,12,24,21,5],[19,15,11,3,23,7,8,12,20,24,21,5],[7,23,15,11,19,3,20,8,12,24,21,5],[15,7,3,11,19,23,12,20,24,8,5],[23,3,7,19,11,15,8,20,12,24,5],[19,3,15,7,11,23,12,20,24,8,5],[11,19,7,15,3,23,8,20,12,24,21,5],[7,11,15,23,3,19,20,12,8,24,5],[15,7,11,23,19,3,12,20,24,8,21,5],[23,11,7,15,3,19,8,20,12,24,21,5],[7,11,3,15,23,19,12,8,20,24,5],[7,23,19,3,11,15,20,8,12,24,21,5],[11,19,23,3,7,15,12,20,8,24,5],[7,15,19,23,11,3,12,8,20,24,5],[15,3,19,11,23,7,20,12,8,24,5],[7,15,11,19,3,23,20,8,12,24,21,5],[19,7,15,11,3,23,8,12,20,24,21,5],[3,19,15,7,23,11,12,20,8,24,21,5],[7,3,19,23,11,15,8,20,12,24,21,5],[11,19,7,23,15,3,20,12,24,8,22],[3,7,15,19,23,11,20,12,8,24,5],[19,15,11,3,23,7,12,20,8,24,21,5],[19,11,7,3,23,15,8,12,20,24,21,5],[3,11,23,7,19,15,20,8,12,24,21,5],[15,19,3,11,7,23,8,12,20,24,5],[3,19,7,11,15,23,8,12,20,24,21,5],[15,11,7,19,3,23,8,12,20,24,21,5],[23,19,11,15,7,3,20,8,12,24,5],[7,19,11,3,15,23,8,12,20,24,5],[7,3,11,19,23,15,20,12,24,8,5],[11,19,7,23,15,3,12,8,20,24,21,5],[15,3,19,23,11,7,20,8,12,24,5],[15,3,11,19,23,7,8,12,20,24,21,5],[19,3,23,15,11,7,12,20,24,8,21,5],[19,3,15,23,7,11,8,12,20,24,5],[3,23,15,7,19,11,20,12,24,8,21,5],[23,19,7,3,15,11,8,20,12,24,21,5],[23,7,11,15,19,3,8,12,20,24,5],[3,7,23,15,11,19,12,8,20,24,5],[15,11,19,23,3,7,20,12,8,24,5],[7,19,11,3,23,15,8,12,20,24,21,5],[15,11,3,19,7,23,20,12,8,24,5],[7,3,11,23,15,19,8,20,12,24,5],[3,11,23,19,7,15,8,20,12,24,21,5],[3,23,19,7,15,11,12,8,20,24,21,5],[19,15,3,7,23,11,12,8,20,24,5],[11,23,7,3,15,19,12,8,20,24,21,5],[7,11,19,23,3,15,8,12,20,24,5],[19,23,3,15,7,11,8,20,12,24,5],[15,3,23,11,19,7,8,12,20,24,5],[23,3,19,15,7,11,12,20,8,24,21,5],[15,19,11,7,3,23,12,8,20,24,21,5],[15,23,7,3,11,19,12,8,20,24,5],[15,23,7,19,11,3,20,12,8,24,5],[15,3,7,19,11,23,20,12,8,24,5],[7,3,23,11,15,19,20,12,8,24,21,5],[19,15,23,7,3,11,20,8,12,24,21,5],[15,3,7,23,11,19,12,20,8,24,21,5],[7,15,3,19,23,11,12,20,8,24,5],[15,19,7,3,11,23,20,12,8,24,21,5],[19,23,15,3,11,7,12,8,20,24,21,5],[11,23,15,7,3,19,8,20,12,24,21,5],[3,23,15,19,11,7,8,20,12,24,21,5],[15,11,23,3,19,7,8,20,12,24,5],[23,15,3,7,19,11,8,12,20,24,21,5],[11,7,3,15,23,19,20,12,8,24,21,5],[7,3,11,15,19,23,20,12,8,24,21,5],[7,19,3,15,11,23,20,8,12,24,5],[11,7,23,15,19,3,8,12,20,24,21,5],[19,15,11,23,7,3,8,20,12,24,5],[15,7,23,19,3,11,8,12,20,24,5],[19,11,7,23,15,3,8,12,20,24,5],[3,23,19,11,15,7,8,12,20,24,21,5],[3,11,7,23,15,19,20,12,8,24,5],[7,15,23,3,19,11,12,20,24,8,5],[15,3,23,19,7,11,20,8,12,24,5],[11,3,23,7,15,19,8,20,12,24,5],[15,7,19,11,3,23,12,20,24,8,21,5],[15,3,23,11,7,19,20,8,12,24,5],[3,7,15,11,19,23,8,12,20,24,21,5],[15,7,3,23,19,11,20,8,12,24,5],[15,19,23,11,3,7,12,8,20,24,21,5],[3,15,7,23,11,19,12,8,20,24,21,5],[23,15,7,11,3,19,8,12,20,24,5],[19,15,23,7,3,11,8,12,20,24,21,5],[19,23,3,7,11,15,8,20,12,24,21,5],[15,7,11,23,19,3,8,20,12,24,5],[19,23,7,15,3,11,8,12,20,24,21,5],[7,23,15,11,19,3,20,12,24,8,5],[19,3,15,7,23,11,12,8,20,24,21,5],[3,7,19,15,23,11,20,12,8,24,5],[15,3,23,7,19,11,12,8,20,24,5],[19,23,15,7,3,11,8,12,20,24,21,5],[3,23,7,11,19,15,20,12,24,8,5],[15,3,23,11,19,7,8,12,20,24,5],[15,3,11,23,19,7,8,20,12,24,21,5],[3,23,11,15,19,7,12,8,20,24,6,21],[3,23,15,11,19,7,12,20,8,24,5],[11,3,19,7,23,15,8,12,20,24,21,5],[15,7,3,11,23,19,8,12,20,24,21,5],[11,15,19,23,7,3,12,20,8,24,5],[15,11,3,23,7,19,8,12,20,24,5],[3,19,7,23,15,11,12,20,24,8,5],[23,3,11,19,7,15,8,20,12,24,5],[7,11,19,3,15,23,8,20,12,24,21,5],[11,7,15,23,19,3,12,20,24,8,21,5],[3,15,23,11,19,7,20,8,12,24,21,5],[7,15,19,11,3,23,12,8,20,24,5],[23,15,3,19,7,11,12,20,8,24,5],[15,3,19,11,7,23,20,12,8,24,5],[15,23,19,11,3,7,8,20,12,24,21,5],[7,19,11,15,23,3,20,12,8,24,21,5],[19,7,3,15,23,11,20,12,8,24,5],[3,7,11,15,23,19,12,20,24,8,5],[3,11,7,23,15,19,12,8,20,24,5],[23,3,15,7,11,19,8,20,12,24,5],[15,7,19,23,3,11,12,8,20,24,5],[15,11,3,19,23,7,20,12,8,24,21,5],[7,19,3,15,11,23,12,8,20,24,5],[19,15,11,3,23,7,12,8,20,24,5],[11,7,23,19,15,3,8,12,20,24,5],[23,11,3,15,7,19,12,20,24,8,21,5],[23,3,15,19,11,7,12,20,24,8,21,5],[3,11,7,15,23,19,20,8,12,24,5],[15,7,23,19,11,3,20,12,8,24,21,5],[3,7,15,23,11,19,12,20,8,24,5],[11,23,3,19,15,7,12,20,8,24,5],[15,3,11,19,23,7,20,12,24,8,5],[7,3,23,11,15,19,20,8,12,24,5],[19,7,23,3,15,11,12,20,8,24,21,5],[15,23,11,7,19,3,20,12,24,8,21,5],[15,3,7,11,23,19,20,12,24,8,21,5],[11,3,23,15,7,19,12,8,20,24,21,5],[19,11,15,3,23,7,12,20,24,8,21,5],[3,23,11,7,19,15,20,12,8,24,5],[23,19,15,11,3,7,20,8,12,24,21,5],[7,23,3,15,11,19,12,8,20,24,21,5],[11,15,19,3,23,7,20,8,12,24,5],[7,11,15,19,3,23,20,12,8,24,5],[15,19,23,7,11,3,20,8,12,24,6,21],[23,15,11,7,19,3,12,8,20,24,5],[7,15,23,11,19,3,20,12,8,24,21,5],[3,7,23,19,11,15,12,8,20,24,5],[15,3,23,19,7,11,8,12,20,24,5],[3,11,23,15,7,19,20,8,12,24,5],[11,7,23,3,19,15,12,20,24,8,5],[23,11,19,15,3,7,12,20,24,8,5],[11,19,3,23,7,15,12,8,20,24,21,5],[19,15,11,3,7,23,12,20,24,8,21,5],[19,7,11,23,3,15,20,8,12,24,21,5],[7,11,19,3,23,15,20,12,24,8,21,5],[3,7,19,23,11,15,20,8,12,24,5],[19,7,23,15,11,3,20,8,12,24,21,5],[19,3,7,15,23,11,20,12,24,8,5],[23,15,19,11,3,7,8,12,20,24,5],[3,11,7,19,15,23,12,20,24,8,5],[11,3,7,15,23,19,12,8,20,24,21,5],[11,23,7,3,19,15,8,20,12,24,21,5],[7,19,11,23,15,3,12,8,20,24,5],[11,3,23,19,7,15,12,20,24,8,21,5],[15,7,11,3,23,19,12,20,8,24,5],[19,3,15,7,23,11,12,20,24,8,5],[7,3,23,15,11,19,8,20,12,24,21,5],[3,11,19,23,15,7,12,8,20,24,21,5],[15,19,11,23,7,3,20,12,8,24,5],[3,19,11,15,7,23,12,20,24,8,5],[23,7,15,11,19,3,8,12,20,24,21,5],[19,11,7,15,3,23,20,12,24,8,21,5],[19,7,3,11,15,23,20,8,12,24,21,5],[23,7,11,3,15,19,20,12,8,24,5],[15,11,19,3,23,7,12,20,8,24,21,5],[19,3,11,23,7,15,8,20,12,24,5],[15,19,11,3,7,23,20,12,24,8,5],[23,11,19,15,7,3,12,20,24,8,21,5],[7,19,11,23,3,15,20,12,8,24,5],[23,15,11,3,19,7,20,12,8,24,5],[15,7,11,19,3,23,12,20,8,24,5],[19,15,11,3,7,23,20,8,12,24,5],[3,23,11,19,7,15,12,8,20,24,5],[7,11,15,23,3,19,8,12,20,24,21,5],[19,7,3,11,15,23,20,8,12,24,21,5],[15,11,3,7,19,23,8,12,20,24,21,5],[7,23,15,19,11,3,20,12,8,24,5],[23,11,15,3,7,19,20,12,24,8,21,5],[3,11,19,23,15,7,20,12,8,24,21,5],[3,11,23,15,19,7,12,20,8,24,5],[19,3,11,7,15,23,8,12,20,24,5],[23,7,11,15,3,19,12,20,24,8,5],[11,7,15,23,19,3,20,8,12,24,21,5],[11,3,15,7,19,23,20,12,24,8,5],[11,7,23,3,19,15,8,12,20,24,21,5],[23,7,3,15,19,11,20,8,12,24,21,5],[15,7,3,19,11,23,8,12,20,24,5],[7,19,3,11,23,15,20,8,12,24,21,5],[3,15,7,23,11,19,8,20,12,24,21,5],[19,7,15,23,3,11,12,8,20,24,21,5],[7,15,23,11,19,3,12,20,24,8,21,5],[7,3,15,11,19,23,12,20,8,24,5],[23,11,19,7,15,3,20,8,12,24,5],[7,3,19,11,15,23,8,12,20,24,5],[15,11,23,7,19,3,12,8,20,24,21,5],[11,3,7,23,15,19,12,8,20,24,5],[3,23,7,19,11,15,12,8,20,24,5],[7,15,23,11,19,3,12,20,8,24,21,5],[11,7,3,15,19,23,20,12,8,24,5],[15,23,11,7,3,19,12,8,20,24,21,5],[19,11,23,3,7,15,12,20,24,8,21,5],[3,19,11,23,7,15,8,12,20,24,21,5],[19,23,11,15,3,7,8,20,12,24,21,5],[23,11,7,19,15,3,8,20,12,24,21,5],[3,7,15,23,19,11,12,8,20,24,21,6],[3,23,19,7,15,11,12,8,20,24,5],[7,15,11,3,23,19,20,8,12,24,5],[15,19,7,23,11,3,12,20,8,24,21,5],[3,19,23,11,7,15,8,20,12,24,5],[7,15,23,11,3,19,8,12,20,24,21,5],[11,15,23,7,19,3,8,12,20,24,21,5],[7,3,23,15,11,19,8,20,12,24,21,5],[11,23,19,7,3,15,12,20,24,8,21,5],[11,15,7,23,3,19,12,8,20,24,5],[11,3,23,19,15,7,12,20,8,24,5],[15,11,7,3,19,23,12,20,24,8,5],[3,11,23,15,19,7,20,8,12,24,21,5],[11,7,15,23,3,19,20,8,12,24,21,5],[3,23,11,15,7,19,8,12,20,24,21,5],[3,7,19,15,11,23,12,20,24,8,5],[11,15,23,7,3,19,20,8,12,24,21,5],[7,23,19,15,3,11,20,12,8,24,21,5],[19,11,15,7,23,3,12,8,20,24,21,5],[23,3,15,19,11,7,12,20,8,24,21,5],[15,3,11,23,19,7,8,12,20,24,21,5],[11,7,3,15,19,23,20,8,12,24,21,5],[3,11,19,15,23,7,8,12,20,24,21,5],[7,19,3,23,11,15,8,12,20,24,21,5],[7,15,23,3,11,19,20,8,12,24,5],[7,23,11,19,3,15,8,12,20,24,5],[15,11,19,7,3,23,12,8,20,24,21,5],[23,19,11,15,3,7,20,12,8,24,21,5],[19,7,15,3,11,23,8,12,20,24,5],[7,3,19,15,11,23,12,20,24,8,21,5],[7,23,19,11,15,3,12,8,20,24,21,5],[23,15,19,3,7,11,8,12,20,24,5],[15,19,23,11,3,7,8,20,12,24,21,5],[7,19,3,11,15,23,8,12,20,24,21,5],[3,11,7,19,23,15,20,8,12,24,21,5],[7,23,11,3,15,19,8,20,12,24,21,5]],"n_human":8}