{"problem_id":"GfmMpiq6KeZDgh3","sigma":75,"alpha":1.000,"cost":0,"probabilities":"[0.03, 0.5, 0.11, 0.36]","payoff_matrix":"[[158, -17, 192, -7, 10, 66], [2, -25, -11, 33, 92, 15], [-133, 86, -26, 24, 38, 43], [-62, 30, -71, -48, -40, 38]]","uncovered":[[18,10,2,14,22,6,16],[6,18,14,22,10,2,16],[22,18,14,10,2,6,20,16,24],[10,6,22,2,14,18,20,16,24],[2,22,18,6,14,10,16],[6,22,18,10,2,14,20,16,24],[2,6,14,18,22,10,20,16,24],[10,18,14,22,6,2,16],[2,22,18,10,6,14,20,16,24],[6,18,22,2,14,10,16],[2,14,18,10,22,6,20,16,24],[10,14,18,22,2,6,16],[18,6,10,2,22,14,20,16,24],[10,22,14,18,2,6,20,16,24],[6,10,2,22,18,14,20,16,24],[18,6,14,2,10,22,16],[18,6,2,22,10,14,20,16,24],[18,6,14,10,22,2,20,16,24],[18,6,22,10,14,2,16],[18,6,22,10,2,14,20,16,24],[10,14,2,6,22,18,20,16,24],[14,2,10,18,22,6,16],[18,14,6,2,22,10,20,16,24],[2,18,22,14,6,10,16],[6,14,10,18,22,2,16],[2,10,22,6,14,18,16],[18,2,6,14,22,10,16],[6,10,22,2,14,18,16],[6,22,10,18,14,2,20,16,24],[10,2,14,6,22,18,20,16,24],[6,22,10,2,14,18,16],[6,2,22,18,14,10,20,16,24],[2,10,18,6,22,14,16],[14,18,6,10,2,22,16],[10,2,6,14,22,18,20,16,24],[10,14,18,6,22,2,16],[2,22,6,14,10,18,16],[2,14,6,22,10,18,16],[22,14,18,10,2,6,20,16,24],[10,18,22,2,14,6,16],[18,22,10,14,6,2,20,16,24],[6,22,10,2,14,18,20,16,24],[6,14,2,18,10,22,20,16,24],[6,22,10,14,18,2,16],[6,22,2,10,18,14,16],[22,10,6,14,18,2,20,16,24],[2,10,14,18,22,6,16],[6,14,2,18,10,22,16],[2,18,14,22,6,10,20,16,24],[22,14,6,18,10,2,20,16,24],[14,6,22,2,10,18,20,16,24],[2,10,22,18,6,14,20,16,24],[18,10,2,22,14,6,16],[18,10,14,2,22,6,16],[22,14,10,18,6,2,16],[22,10,14,6,2,18,20,16,24],[10,22,2,14,18,6,20,16,24],[18,22,6,2,14,10,20,16,24],[2,6,14,22,10,18,20,16,24],[10,2,14,6,18,22,20,16,24],[2,10,18,14,22,6,20,16,24],[14,2,22,18,10,6,20,16,24],[6,18,22,14,2,10,16],[2,22,6,10,18,14,20,16,24],[18,2,14,6,22,10,16],[10,2,18,22,6,14,20,16,24],[2,22,14,18,10,6,16],[14,10,22,18,6,2,20,16,24],[6,22,10,18,2,14,16],[6,10,14,22,18,2,20,16,24],[14,10,22,18,6,2,20,16,24],[22,2,10,18,6,14,16],[10,6,18,22,14,2,20,16,24],[14,2,10,6,18,22,20,16,24],[2,10,18,6,22,14,20,16,24],[2,10,14,18,6,22,16],[2,10,6,14,22,18,20,16,24],[10,6,18,14,22,2,20,16,24],[10,2,14,18,6,22,20,16,24],[14,18,10,6,22,2,16],[6,14,22,2,10,18,16],[2,10,22,18,6,14,20,16,24],[6,18,2,14,10,22,20,16,24],[10,6,22,14,18,2,20,16,24],[14,6,22,2,18,10,16],[22,2,6,18,10,14,16],[6,18,10,22,2,14,16],[22,14,2,6,10,18,20,16,24],[10,2,14,18,6,22,16],[2,14,22,18,10,6,16],[6,18,2,10,22,14,16],[18,2,14,10,6,22,16],[22,18,14,6,10,2,16],[18,2,22,6,14,10,16],[2,18,14,10,22,6,16],[14,10,6,18,22,2,16],[2,6,14,10,22,18,20,16,24],[14,10,6,22,18,2,20,16,24],[22,14,2,18,6,10,16],[2,6,22,10,14,18,16],[6,22,18,14,10,2,20,16,24],[18,6,22,14,10,2,16],[14,6,22,10,2,18,20,16,24],[10,22,2,14,6,18,16],[10,6,22,2,18,14,16],[14,18,2,10,6,22,20,16,24],[2,14,6,10,22,18,16],[18,22,10,2,6,14,20,16,24],[18,22,10,14,2,6,16],[22,18,14,10,2,6,16],[14,6,22,2,10,18,16],[18,10,2,14,22,6,20,16,24],[2,22,10,18,14,6,20,16,24],[10,22,6,14,2,18,20,16,24],[10,14,2,22,18,6,16],[2,22,10,14,18,6,16],[2,18,22,14,10,6,20,16,24],[2,6,22,10,14,18,20,16,24],[18,6,14,22,10,2,20,16,24],[6,2,10,18,14,22,16],[22,2,14,18,10,6,16],[14,22,2,6,18,10,16],[14,18,10,6,2,22,20,16,24],[14,18,10,6,2,22,20,16,24],[18,6,14,2,22,10,16],[22,18,2,14,10,6,16],[18,10,6,22,2,14,16],[6,14,22,2,18,10,16],[14,2,18,6,22,10,20,16,24],[18,2,22,10,6,14,16],[22,18,14,6,10,2,16],[14,22,18,10,2,6,16],[10,18,22,2,14,6,16],[18,10,2,14,22,6,20,16,24],[10,14,2,6,22,18,20,16,24],[6,18,22,2,10,14,20,16,24],[2,14,10,18,6,22,20,16,24],[6,18,2,22,14,10,20,16,24],[22,10,14,6,2,18,16],[6,10,18,2,14,22,20,16,24],[14,2,22,18,6,10,16],[18,22,2,10,6,14,16],[18,14,22,6,10,2,16],[2,10,22,14,6,18,20,16,24],[6,10,2,14,18,22,20,16,24],[10,6,14,2,22,18,20,16,24],[14,18,22,10,6,2,20,16,24],[14,6,22,2,10,18,20,16,24],[14,18,22,10,2,6,20,16,24],[18,2,6,14,10,22,16],[18,2,22,6,10,14,16],[6,14,2,10,22,18,20,16,24],[22,6,18,2,10,14,16],[18,14,2,22,6,10,20,16,24],[14,10,6,2,18,22,16],[22,6,14,2,18,10,16],[10,2,14,18,6,22,16],[22,10,14,2,18,6,16],[10,6,14,18,22,2,16],[10,18,6,14,2,22,20,16,24],[10,18,22,14,6,2,20,16,24],[2,6,22,10,14,18,16],[18,2,6,10,22,14,20,16,24],[2,22,10,18,6,14,16],[18,6,2,14,10,22,20,16,24],[6,14,10,18,2,22,16],[14,2,6,22,10,18,16],[10,14,22,18,2,6,20,16,24],[18,14,6,10,2,22,16],[18,10,6,2,14,22,16],[22,2,14,10,18,6,16],[18,14,2,22,6,10,20,16,24],[2,14,22,10,18,6,20,16,24],[14,10,18,2,6,22,20,16,24],[22,10,6,18,14,2,20,16,24],[6,2,22,10,18,14,16],[18,22,14,6,2,10,20,16,24],[2,10,14,22,6,18,20,16,24],[10,6,18,2,22,14,20,16,24],[2,6,10,14,22,18,16],[10,2,22,14,6,18,16],[10,14,6,18,2,22,20,16,24],[14,22,6,2,18,10,20,16,24],[18,10,6,14,22,2,20,16,24],[22,6,2,18,14,10,16],[2,18,22,14,10,6,20,16,24],[18,22,10,6,14,2,20,16,24],[2,14,6,10,18,22,16],[14,2,10,6,22,18,16],[6,2,18,22,14,10,20,16,24],[14,6,10,18,22,2,20,16,24],[18,22,6,2,10,14,16],[2,6,22,18,14,10,16],[10,2,6,22,18,14,20,16,24],[22,2,10,6,18,14,16],[14,10,2,22,6,18,16],[10,6,14,18,22,2,20,16,24],[14,2,10,6,22,18,16],[22,18,6,10,14,2,20,16,24],[22,14,18,2,6,10,16],[18,22,6,10,2,14,20,16,24],[18,6,14,10,22,2,16],[18,22,10,14,6,2,16],[10,14,22,18,6,2,20,16,24],[18,14,6,10,22,2,16],[10,2,18,14,6,22,16],[14,22,2,6,10,18,20,16,24],[14,22,10,6,18,2,16],[22,14,18,10,6,2,16],[2,18,14,22,10,6,20,16,24],[18,6,22,2,10,14,16],[10,6,2,14,22,18,16],[6,10,18,2,14,22,20,16,24],[22,14,18,2,10,6,16],[14,18,10,6,22,2,20,16,24],[2,6,14,10,18,22,16],[18,2,22,14,10,6,16],[10,18,14,6,22,2,20,16,24],[18,6,10,2,22,14,16],[18,10,22,6,2,14,20,16,24],[10,6,18,22,14,2,16],[6,10,14,22,18,2,20,16,24],[22,2,18,14,6,10,16],[14,2,6,18,10,22,16],[14,2,6,22,10,18,16],[10,14,22,18,2,6,16],[6,14,22,10,18,2,20,16,24],[6,2,14,10,18,22,16],[6,18,14,2,22,10,20,16,24],[6,18,14,10,22,2,16],[10,18,2,14,22,6,20,16,24],[2,22,10,14,6,18,16],[14,10,2,22,18,6,20,16,24],[18,6,22,2,10,14,20,16,24],[18,10,6,2,14,22,20,16,24],[10,14,6,22,2,18,16],[10,18,22,14,2,6,20,16,24],[2,14,10,18,6,22,16],[2,14,10,22,18,6,16],[14,10,18,22,6,2,20,16,24],[6,22,18,14,10,2,20,16,24],[14,6,10,2,22,18,16],[2,6,22,10,18,14,16],[18,10,22,14,2,6,16],[22,10,6,18,2,14,20,16,24],[10,6,14,18,2,22,16],[18,10,22,6,2,14,20,16,24],[18,10,22,2,14,6,16],[10,18,6,2,22,14,16],[22,14,18,10,2,6,20,16,24],[6,10,2,18,22,14,20,16,24],[22,18,14,2,6,10,20,16,24],[14,22,18,6,10,2,20,16,24],[14,6,22,2,18,10,20,16,24],[22,10,6,2,14,18,20,16,24],[2,18,22,14,10,6,16],[2,18,10,14,22,6,16],[2,18,6,10,22,14,20,16,24],[10,14,18,2,22,6,16],[22,2,18,14,10,6,16],[2,22,14,18,6,10,20,16,24],[14,18,6,22,10,2,20,16,24],[18,6,22,2,10,14,20,16,24],[18,2,6,10,22,14,16],[18,2,22,6,14,10,20,16,24],[18,2,6,10,22,14,20,16,24],[18,10,2,6,14,22,16],[22,2,14,6,18,10,20,16,24],[6,14,2,18,22,10,20,16,24],[6,10,22,18,2,14,16],[18,6,22,10,14,2,16],[18,10,22,2,14,6,20,16,24],[2,14,18,22,10,6,16],[10,14,6,2,22,18,16],[18,22,10,6,2,14,16],[18,6,2,22,10,14,20,16,24],[18,6,22,10,14,2,20,16,24],[18,10,6,14,22,2,16],[2,14,10,22,18,6,16],[10,18,22,6,2,14,16],[2,22,18,14,10,6,16],[22,10,18,2,6,14,20,16,24],[18,10,2,14,22,6,20,16,24],[10,18,2,14,22,6,20,16,24],[10,6,18,22,14,2,20,16,24],[14,2,22,18,10,6,20,16,24],[22,14,10,2,18,6,20,16,24],[18,10,2,6,22,14,16],[14,10,2,22,18,6,16],[14,6,18,22,10,2,20,16,24],[10,14,6,22,2,18,16],[6,18,10,22,14,2,20,16,24],[6,10,22,2,18,14,20,16,24],[18,14,22,10,2,6,16],[10,2,22,6,14,18,20,16,24],[2,18,6,10,22,14,16],[18,10,6,2,22,14,20,16,24],[2,18,6,22,14,10,16],[14,2,10,22,6,18,16],[14,22,18,10,2,6,16],[2,18,22,6,10,14,20,16,24],[2,18,6,14,10,22,20,16,24],[2,22,18,10,6,14,20,16,24],[6,18,14,2,10,22,16],[10,2,22,6,14,18,16],[18,6,10,14,2,22,16],[2,18,14,22,6,10,20,16,24],[10,14,22,6,18,2,20,16,24],[6,10,2,18,14,22,20,16,24],[6,10,14,22,18,2,16],[22,2,10,14,6,18,16],[18,22,10,14,6,2,16],[22,6,14,10,2,18,16],[6,22,14,10,18,2,20,16,24],[10,22,14,18,2,6,20,16,24],[6,10,22,14,2,18,16],[6,10,14,18,2,22,20,16,24],[14,10,22,18,2,6,16],[10,14,18,6,22,2,16],[18,10,2,14,22,6,16],[2,6,18,10,22,14,20,16,24],[22,18,10,6,2,14,20,16,24],[2,22,10,18,6,14,20,16,24],[2,14,6,10,22,18,20,16,24],[14,18,6,2,22,10,20,16,24],[2,10,14,22,18,6,20,16,24],[22,14,2,18,10,6,20,16,24],[10,22,2,6,18,14,16],[6,22,18,10,14,2,16],[2,14,22,10,18,6,20,16,24],[22,10,2,18,6,14,20,16,24],[6,22,10,14,18,2,16],[6,2,22,10,14,18,16],[10,22,2,6,18,14,20,16,24],[10,6,22,2,14,18,16],[6,14,10,2,18,22,20,16,24],[2,18,10,22,14,6,20,16,24],[10,18,2,6,22,14,16],[18,14,6,2,22,10,20,16,24],[14,18,6,22,2,10,16],[6,22,18,14,10,2,16],[22,2,18,6,14,10,16],[14,6,18,10,2,22,16],[22,6,18,14,2,10,20,16,24],[2,14,22,6,10,18,16],[10,6,14,18,2,22,20,16,24],[10,2,18,22,6,14,16],[2,18,22,14,10,6,16],[6,14,10,18,2,22,20,16,24],[18,14,22,10,6,2,20,16,24],[22,14,6,18,2,10,16],[2,22,14,6,10,18,20,16,24],[2,10,6,14,18,22,16],[14,6,10,22,18,2,16],[18,2,14,6,22,10,16],[14,22,10,2,6,18,20,16,24],[10,14,6,18,22,2,20,16,24],[18,14,6,10,2,22,20,16,24],[14,18,6,2,22,10,20,16,24],[10,18,14,2,6,22,16],[2,18,22,6,14,10,20,16,24],[18,10,6,2,22,14,20,16,24],[14,2,6,18,22,10,20,16,24],[18,6,2,22,10,14,20,16,24],[6,22,10,18,14,2,20,16,24],[2,14,6,10,18,22,16],[2,22,14,10,6,18,16],[14,10,22,6,18,2,16],[18,2,6,14,10,22,16],[6,14,18,22,10,2,20,16,24],[6,10,22,2,18,14,16],[2,22,6,18,10,14,20,16,24],[2,22,14,10,6,18,20,16,24],[10,18,6,14,22,2,16],[2,14,18,6,22,10,20,16,24],[22,14,6,2,18,10,20,16,24],[14,22,2,10,18,6,16],[10,2,14,6,18,22,16],[18,10,22,6,14,2,20,16,24],[6,10,2,22,18,14,16],[14,18,10,2,6,22,20,16,24],[22,2,6,18,14,10,16],[22,10,6,14,2,18,16],[6,14,22,10,18,2,20,16,24],[10,14,22,18,2,6,16],[10,22,18,6,14,2,20,16,24],[6,10,22,14,2,18,16],[2,14,22,6,10,18,16],[22,2,10,14,18,6,16],[22,14,6,18,2,10,20,16,24],[2,14,18,6,22,10,16],[18,2,14,22,10,6,16],[14,18,2,22,10,6,20,16,24],[6,14,22,2,18,10,16],[6,2,22,10,14,18,16],[6,10,18,2,22,14,20,16,24],[10,2,14,18,22,6,16],[14,2,6,18,22,10,16],[14,18,2,6,10,22,20,16,24],[10,18,2,14,6,22,16],[18,14,6,10,22,2,20,16,24],[22,18,6,2,14,10,20,16,24],[6,22,2,10,18,14,20,16,24],[22,6,18,2,10,14,16],[10,18,6,2,14,22,20,16,24],[18,14,22,10,6,2,16],[10,22,18,6,2,14,16],[18,22,14,6,2,10,20,16,24],[14,10,6,18,22,2,16],[14,2,22,6,10,18,16],[2,10,6,18,22,14,20,16,24],[2,14,10,22,18,6,20,16,24],[18,10,22,14,6,2,20,16,24],[2,14,6,22,10,18,16],[2,14,10,6,22,18,20,16,24],[10,2,6,18,14,22,20,16,24],[10,6,2,18,14,22,20,16,24],[2,6,10,14,18,22,20,16,24],[22,18,10,14,6,2,16],[22,18,14,6,2,10,20,16,24],[6,22,18,2,14,10,16],[6,2,14,10,22,18,16],[6,22,10,18,2,14,16],[14,10,6,2,22,18,20,16,24],[2,14,18,6,10,22,20,16,24],[6,2,22,14,10,18,16],[10,6,2,18,14,22,16],[6,22,14,18,2,10,20,16,24],[10,14,22,6,2,18,20,16,24],[22,10,2,14,18,6,16],[10,2,14,6,18,22,20,16,24],[2,18,6,22,10,14,16],[14,2,18,22,10,6,20,16,24],[14,22,18,6,10,2,16],[22,18,2,6,10,14,20,16,24],[10,22,6,18,14,2,16],[18,10,6,22,14,2,20,16,24],[2,14,10,6,22,18,16],[10,6,14,18,22,2,16],[10,6,14,2,22,18,16],[10,18,22,2,6,14,16],[14,6,22,2,10,18,16],[2,22,18,14,10,6,20,16,24],[6,18,22,2,14,10,16],[22,10,18,6,2,14,20,16,24],[22,14,10,2,18,6,16],[10,6,2,14,22,18,16],[2,22,10,14,18,6,20,16,24],[6,10,22,2,18,14,20,16,24],[2,6,22,10,14,18,20,16,24],[14,2,18,6,22,10,16],[10,14,18,22,6,2,20,16,24],[14,6,10,18,22,2,16],[2,6,10,18,14,22,16],[14,10,6,2,18,22,16],[14,6,22,2,10,18,16],[6,14,18,10,22,2,20,16,24],[2,22,14,18,10,6,16],[6,14,10,2,18,22,16],[10,22,14,18,6,2,16],[6,14,2,18,10,22,20,16,24],[22,18,2,14,6,10,16],[22,6,14,10,18,2,16],[14,6,22,2,18,10,20,16,24],[2,6,22,10,14,18,20,16,24],[14,22,10,6,18,2,20,16,24],[22,18,2,10,14,6,20,16,24],[6,22,10,2,18,14,20,16,24],[10,6,22,2,14,18,20,16,24],[22,10,6,14,18,2,20,16,24],[6,10,22,2,18,14,16],[14,2,6,18,22,10,20,16,24],[10,6,18,22,2,14,20,16,24],[6,18,14,22,2,10,16],[10,22,2,14,18,6,20,16,24],[18,6,2,10,14,22,16],[2,10,18,22,6,14,16],[14,10,2,6,18,22,16],[2,10,6,22,14,18,20,16,24],[14,22,10,2,6,18,20,16,24],[6,18,2,14,22,10,16],[10,18,22,2,14,6,20,16,24],[14,18,10,2,22,6,20,16,24],[18,14,6,22,2,10,20,16,24],[2,10,18,22,6,14,16],[2,6,18,22,14,10,16],[14,18,10,22,2,6,16],[10,2,22,6,18,14,16],[18,14,2,22,10,6,16],[6,2,10,22,18,14,20,16,24],[2,10,22,14,6,18,16],[22,18,10,2,6,14,16],[18,22,2,10,14,6,20,16,24],[14,18,10,2,22,6,20,16,24],[2,6,18,22,10,14,16],[14,6,22,2,18,10,16],[6,18,22,10,14,2,16],[22,6,2,14,18,10,20,16,24],[10,18,2,22,6,14,16],[22,10,18,14,6,2,20,16,24],[14,2,10,22,6,18,20,16,24],[6,22,14,10,18,2,16],[10,18,22,2,6,14,20,16,24],[10,6,22,14,2,18,20,16,24],[18,6,2,10,14,22,16],[2,6,18,22,14,10,16],[10,22,6,2,18,14,20,16,24],[10,2,22,14,18,6,20,16,24],[2,22,18,6,14,10,20,16,24],[22,6,10,2,18,14,20,16,24],[14,22,2,6,18,10,20,16,24],[10,18,2,14,6,22,20,16,24],[10,2,6,14,18,22,20,16,24],[10,2,18,22,6,14,16],[6,10,18,14,2,22,16],[14,2,6,18,22,10,16],[18,2,6,22,14,10,20,16,24],[22,6,18,2,14,10,16],[2,6,14,22,18,10,16],[2,22,18,10,6,14,16],[10,22,2,6,18,14,16],[6,2,22,14,10,18,20,16,24],[10,6,22,2,18,14,20,16,24],[2,14,6,10,18,22,16],[14,18,10,2,6,22,20,16,24],[22,2,10,14,6,18,20,16,24],[10,18,2,22,14,6,20,16,24],[6,10,18,22,2,14,16],[18,6,14,22,2,10,20,16,24],[6,22,2,14,10,18,20,16,24],[14,22,2,10,6,18,16],[6,2,22,18,10,14,20,16,24],[22,2,10,14,6,18,16],[10,18,22,2,6,14,16],[18,10,2,22,6,14,16],[2,10,22,6,18,14,20,16,24],[10,18,14,6,2,22,16],[6,2,18,22,14,10,16],[22,10,18,6,2,14,20,16,24],[10,2,6,18,22,14,16],[6,22,10,18,14,2,16],[22,6,2,14,10,18,16],[2,14,18,6,22,10,16],[10,22,14,18,6,2,16],[2,6,10,18,14,22,16],[10,6,22,2,18,14,16],[6,2,14,22,10,18,20,16,24],[6,22,2,10,14,18,16],[18,10,14,2,22,6,20,16,24],[10,22,14,2,18,6,20,16,24],[18,14,2,22,6,10,20,16,24],[14,18,2,22,10,6,16],[18,6,10,2,22,14,20,16,24],[18,14,22,10,2,6,16],[2,18,22,14,6,10,20,16,24],[2,18,6,14,22,10,20,16,24],[10,22,2,6,14,18,16],[14,2,18,22,6,10,20,16,24],[2,18,6,14,22,10,16],[2,22,10,18,6,14,16],[6,14,10,22,18,2,20,16,24],[22,10,14,18,6,2,16],[22,6,18,14,2,10,20,16,24],[18,10,2,6,14,22,16],[14,6,10,2,22,18,16],[2,14,6,10,18,22,20,16,24],[14,2,10,18,6,22,16],[10,2,6,18,14,22,16],[18,6,22,2,10,14,20,16,24],[2,10,14,22,18,6,16],[22,2,18,6,10,14,16],[6,2,14,22,10,18,20,16,24],[18,10,6,22,14,2,16],[6,10,22,14,18,2,16],[14,10,2,18,22,6,16],[10,6,22,2,18,14,20,16,24],[2,10,14,18,6,22,20,16,24],[22,6,18,10,2,14,20,16,24],[14,18,6,2,22,10,20,16,24],[14,10,18,22,2,6,16],[2,6,10,22,18,14,16],[22,18,14,10,6,2,16],[2,22,10,14,18,6,20,16,24],[18,2,22,10,6,14,16],[14,2,6,18,22,10,16],[18,10,22,2,6,14,16],[14,2,6,22,10,18,20,16,24],[2,10,6,14,22,18,16],[14,2,22,10,6,18,16],[2,6,22,18,10,14,20,16,24],[10,14,2,22,18,6,20,16,24],[6,10,22,2,14,18,16],[6,22,18,14,10,2,20,16,24],[22,18,14,10,2,6,20,16,24],[10,2,18,22,6,14,20,16,24],[10,22,6,2,18,14,16],[14,6,10,22,18,2,20,16,24],[6,2,22,14,10,18,20,16,24],[10,2,14,6,22,18,16],[18,22,6,10,14,2,16],[6,18,10,22,14,2,20,16,24],[6,10,14,2,22,18,16],[6,18,22,10,14,2,20,16,24],[6,18,22,2,10,14,16],[6,2,14,22,10,18,20,16,24],[18,22,14,10,6,2,20,16,24],[14,18,2,10,6,22,16],[14,18,6,22,2,10,20,16,24],[18,10,14,2,22,6,16],[6,10,14,2,18,22,20,16,24],[22,10,14,2,6,18,20,16,24],[14,2,18,10,22,6,16],[6,10,22,2,14,18,16],[10,6,18,14,22,2,16],[10,6,22,14,2,18,16],[10,6,18,22,2,14,20,16,24],[6,22,10,18,14,2,20,16,24],[14,10,2,18,22,6,16],[2,10,14,6,18,22,16],[14,10,2,22,6,18,16],[18,14,2,10,22,6,16],[6,2,18,10,22,14,16],[2,10,22,6,14,18,16],[10,18,6,22,14,2,20,16,24],[18,22,14,10,6,2,16],[6,18,2,14,10,22,16],[14,18,2,6,10,22,20,16,24],[10,2,18,14,22,6,16],[18,10,2,14,6,22,16],[10,14,22,6,2,18,20,16,24],[6,10,22,18,14,2,16],[10,14,22,2,6,18,16],[18,14,10,22,6,2,20,16,24],[14,6,2,22,18,10,20,16,24],[22,10,2,18,14,6,20,16,24],[22,10,2,14,18,6,20,16,24],[2,10,22,18,6,14,20,16,24],[18,10,22,14,6,2,20,16,24],[14,6,22,10,18,2,20,16,24],[10,18,6,2,22,14,16],[14,22,10,18,2,6,16],[10,2,6,18,14,22,20,16,24],[14,22,6,2,10,18,16],[10,18,22,6,2,14,20,16,24],[10,14,2,6,22,18,16],[2,10,6,18,14,22,20,16,24],[22,2,10,18,14,6,16],[10,14,22,18,6,2,20,16,24],[18,2,14,22,10,6,20,16,24],[10,18,14,2,6,22,16],[14,6,10,22,2,18,20,16,24],[18,22,2,6,14,10,16],[6,14,10,2,18,22,16],[18,6,2,14,22,10,20,16,24],[22,6,10,2,14,18,20,16,24],[10,6,22,14,18,2,20,16,24],[10,22,6,14,2,18,20,16,24],[10,2,6,22,14,18,20,16,24],[10,2,22,14,6,18,16],[14,10,2,22,18,6,20,16,24],[18,2,6,14,10,22,16],[18,6,22,10,14,2,16],[22,6,2,10,14,18,20,16,24],[10,22,18,14,6,2,16],[6,22,10,14,2,18,20,16,24],[2,10,6,18,22,14,20,16,24],[2,6,22,14,18,10,20,16,24],[22,10,18,2,14,6,20,16,24],[10,18,22,6,2,14,16],[14,22,10,18,2,6,20,16,24],[18,6,2,22,14,10,20,16,24],[22,6,10,14,18,2,16],[6,14,10,2,18,22,20,16,24],[6,14,2,10,18,22,20,16,24],[10,22,6,2,14,18,20,16,24],[18,6,22,14,10,2,16],[2,22,6,14,10,18,16],[10,22,18,6,14,2,20,16,24],[10,14,18,6,22,2,20,16,24],[22,10,2,14,18,6,20,16,24],[2,10,6,14,18,22,20,16,24],[2,6,22,14,10,18,16],[10,18,2,14,6,22,16],[22,18,10,2,14,6,20,16,24],[18,14,2,22,6,10,20,16,24],[14,22,2,18,10,6,16],[18,10,22,14,2,6,20,16,24],[6,18,2,22,10,14,20,16,24],[18,22,6,10,2,14,20,16,24],[22,18,10,2,14,6,20,16,24],[22,2,14,6,10,18,20,16,24],[14,22,6,10,2,18,20,16,24],[22,14,2,18,6,10,16],[6,14,22,2,10,18,20,16,24],[2,18,10,6,14,22,20,16,24],[22,10,6,14,18,2,16],[14,18,22,10,6,2,16],[2,10,6,18,22,14,16],[10,6,14,18,22,2,20,16,24],[18,6,14,2,10,22,16],[22,6,10,2,18,14,16],[18,6,22,10,2,14,20,16,24],[14,22,2,18,6,10,20,16,24],[22,6,10,2,14,18,20,16,24],[6,18,2,10,14,22,16],[18,14,2,10,22,6,16],[2,6,22,10,18,14,16],[22,6,18,14,2,10,20,16,24],[22,6,14,2,18,10,20,16,24],[2,18,14,10,6,22,20,16,24],[22,6,2,10,14,18,20,16,24],[2,10,14,22,6,18,16],[2,18,6,22,10,14,16],[2,10,6,14,18,22,16],[6,2,22,18,14,10,16],[10,18,22,6,14,2,16],[2,10,6,18,14,22,20,16,24],[2,14,22,18,6,10,20,16,24],[6,22,14,2,18,10,16],[10,14,18,6,22,2,20,16,24],[14,18,22,10,2,6,16],[18,2,22,10,14,6,16],[18,10,22,14,6,2,20,16,24],[2,10,18,14,22,6,16],[14,6,10,22,2,18,16],[2,6,14,22,10,18,16],[18,2,14,10,22,6,20,16,24],[6,2,10,22,18,14,16],[18,14,10,6,22,2,16],[18,6,2,10,14,22,20,16,24],[14,18,22,2,10,6,20,16,24],[14,18,2,22,6,10,16],[14,10,22,6,2,18,20,16,24],[22,10,14,18,6,2,16],[14,2,10,6,18,22,20,16,24],[22,2,6,18,10,14,16],[14,2,18,22,6,10,20,16,24],[2,22,14,6,18,10,16],[6,22,10,14,18,2,20,16,24],[18,14,10,6,2,22,16],[22,6,2,14,10,18,16],[10,2,22,14,18,6,16],[10,18,2,22,14,6,16],[2,22,10,14,18,6,16],[2,6,18,22,14,10,16],[14,2,22,6,18,10,16],[14,22,6,18,10,2,16],[22,6,18,2,10,14,16],[10,18,14,2,6,22,16],[18,10,22,14,2,6,16],[14,6,10,18,2,22,20,16,24],[2,6,10,18,14,22,16],[6,10,22,18,14,2,16],[10,14,2,18,6,22,20,16,24],[14,2,22,10,18,6,20,16,24],[2,10,18,22,14,6,20,16,24],[6,18,10,2,22,14,16],[18,6,2,22,14,10,20,16,24],[10,6,2,22,14,18,16],[10,2,6,14,22,18,20,16,24],[2,22,10,14,6,18,20,16,24],[22,6,2,10,18,14,16],[10,6,2,14,18,22,20,16,24],[22,2,6,10,18,14,16],[10,2,22,6,18,14,20,16,24],[18,14,6,2,22,10,20,16,24],[6,14,2,10,22,18,20,16,24],[14,2,6,10,18,22,20,16,24],[22,6,2,18,10,14,20,16,24],[10,14,6,2,18,22,20,16,24],[6,14,22,10,18,2,20,16,24],[18,2,22,14,6,10,16],[2,10,14,22,6,18,16],[6,22,10,14,2,18,16],[10,22,6,18,2,14,16],[6,22,2,14,10,18,16],[14,10,18,2,22,6,16],[22,18,10,2,6,14,20,16,24],[22,18,14,2,10,6,16],[22,6,14,10,2,18,20,16,24],[22,10,6,14,2,18,20,16,24],[22,2,14,18,10,6,20,16,24],[22,14,18,10,2,6,20,16,24],[18,22,2,6,10,14,20,16,24],[10,6,22,2,18,14,20,16,24],[14,18,22,10,2,6,20,16,24],[18,22,10,2,6,14,20,16,24],[18,22,2,10,14,6,20,16,24],[6,22,10,2,14,18,16],[6,22,18,2,10,14,20,16,24],[18,22,2,6,14,10,16],[10,6,2,18,22,14,20,16,24],[6,14,18,10,22,2,16],[2,14,10,22,18,6,20,16,24],[18,2,10,14,22,6,20,16,24],[10,2,6,22,18,14,20,16,24],[10,14,18,22,2,6,20,16,24],[2,10,18,6,22,14,20,16,24],[2,14,22,6,18,10,20,16,24],[18,22,14,10,6,2,16],[6,14,22,2,18,10,20,16,24],[18,10,14,22,2,6,16],[22,14,18,2,6,10,20,16,24],[10,2,6,14,18,22,20,16,24],[14,2,10,18,6,22,20,16,24],[10,22,14,18,2,6,20,16,24],[22,18,14,2,10,6,16],[22,10,14,6,18,2,20,16,24],[6,14,10,22,2,18,16],[22,14,10,18,6,2,20,16,24],[10,22,18,2,6,14,16],[2,18,22,6,14,10,20,16,24],[14,22,10,6,2,18,16],[14,22,6,10,2,18,20,16,24],[14,22,2,6,18,10,20,16,24],[6,22,2,10,14,18,20,16,24],[18,6,2,22,10,14,16],[10,2,22,18,6,14,16],[10,2,6,14,22,18,16],[22,2,18,14,6,10,16],[22,18,10,6,14,2,16],[14,2,10,6,18,22,16],[2,22,18,6,14,10,20,16,24],[18,10,6,14,22,2,20,16,24],[6,10,2,22,18,14,20,16,24],[2,18,6,10,22,14,20,16,24],[14,18,2,22,6,10,20,16,24],[14,2,22,6,10,18,20,16,24],[10,18,22,14,2,6,16],[6,2,18,22,10,14,20,16,24],[22,6,14,10,18,2,16],[6,2,14,18,10,22,16],[10,18,2,22,6,14,16],[6,22,2,14,10,18,16],[18,6,2,22,10,14,16],[14,18,22,2,6,10,20,16,24],[14,10,18,22,2,6,16],[10,22,6,18,14,2,16],[18,10,14,2,22,6,16],[14,2,10,6,18,22,16],[2,14,10,6,22,18,16],[6,2,22,18,10,14,16],[2,10,22,6,18,14,20,16,24],[18,2,22,10,14,6,20,16,24],[6,18,22,14,10,2,16],[10,18,6,2,14,22,16],[10,22,6,18,14,2,16],[18,10,6,22,2,14,20,16,24],[18,10,6,22,14,2,20,16,24],[6,2,18,22,10,14,20,16,24],[18,2,10,6,22,14,20,16,24],[18,2,6,10,22,14,16],[22,2,14,6,18,10,20,16,24],[10,14,2,22,6,18,20,16,24],[22,18,2,14,6,10,16],[22,10,2,14,6,18,20,16,24],[22,2,14,18,6,10,16],[14,10,18,2,22,6,16],[6,2,22,10,14,18,16],[10,22,14,2,6,18,20,16,24],[22,14,10,18,2,6,20,16,24],[22,2,6,18,14,10,20,16,24],[22,2,10,6,14,18,20,16,24],[14,2,10,6,22,18,20,16,24],[22,2,6,10,18,14,16],[14,18,2,6,10,22,16],[18,10,22,2,6,14,16],[14,18,22,2,6,10,16],[22,14,6,2,18,10,16],[6,14,22,2,10,18,16],[2,14,18,22,6,10,20,16,24],[22,14,6,2,10,18,16],[18,22,6,14,2,10,20,16,24],[14,18,22,6,10,2,20,16,24],[10,18,6,14,2,22,20,16,24],[6,18,14,10,2,22,20,16,24],[2,18,14,22,6,10,16],[6,14,2,18,10,22,20,16,24],[10,2,14,18,6,22,16],[6,22,14,18,10,2,16],[22,14,6,10,18,2,20,16,24],[14,10,18,2,6,22,16],[6,2,22,14,10,18,16],[18,10,14,22,2,6,16],[14,22,10,18,6,2,16],[22,6,14,18,10,2,20,16,24],[2,18,6,14,10,22,20,16,24],[6,22,14,18,10,2,20,16,24],[22,18,2,14,6,10,16],[14,22,18,2,6,10,20,16,24],[14,6,10,18,22,2,20,16,24],[18,14,22,2,6,10,20,16,24],[18,6,22,2,10,14,16],[14,22,2,18,6,10,16],[18,2,10,14,6,22,16],[2,10,18,22,14,6,20,16,24],[22,6,2,18,14,10,20,16,24],[18,22,14,6,2,10,16],[10,6,18,14,2,22,20,16,24],[22,18,14,10,2,6,20,16,24],[2,10,6,18,14,22,20,16,24],[14,10,18,22,2,6,20,16,24],[6,10,2,22,18,14,16],[6,10,22,18,14,2,20,16,24],[14,18,10,6,22,2,16],[18,2,22,14,10,6,20,16,24],[6,18,22,14,10,2,20,16,24],[14,18,2,22,6,10,16],[6,2,10,14,18,22,20,16,24],[10,2,6,18,22,14,16],[22,18,14,2,6,10,20,16,24],[14,6,10,2,18,22,16],[22,2,6,18,14,10,16],[18,10,2,14,6,22,20,16,24],[14,10,18,22,6,2,20,16,24],[18,6,10,2,22,14,20,16,24],[18,2,10,22,14,6,20,16,24],[14,10,18,6,2,22,16],[10,22,2,14,6,18,20,16,24],[18,14,6,2,10,22,16],[14,18,6,2,22,10,16],[2,6,14,22,18,10,20,16,24],[10,22,14,2,6,18,20,16,24],[18,14,2,22,6,10,16],[2,14,10,6,22,18,20,16,24],[2,14,22,6,10,18,16],[2,10,14,22,18,6,20,16,24],[22,18,6,10,2,14,20,16,24],[6,2,14,22,10,18,16],[18,14,6,22,2,10,16],[18,22,14,6,2,10,20,16,24],[2,6,18,14,22,10,16],[2,18,10,22,14,6,16],[18,14,6,2,10,22,16],[10,6,18,22,14,2,20,16,24],[22,6,10,2,14,18,16],[6,10,14,2,22,18,16],[14,10,22,2,6,18,20,16,24],[22,10,2,14,18,6,20,16,24],[22,2,14,6,18,10,16],[18,14,10,6,22,2,16],[2,6,10,18,14,22,20,16,24],[22,6,10,2,18,14,16],[22,2,14,18,6,10,16],[6,2,22,10,14,18,16],[18,22,2,6,14,10,16],[10,22,2,18,6,14,16],[6,14,18,22,10,2,20,16,24],[2,22,18,10,14,6,20,16,24],[6,22,10,2,18,14,20,16,24],[14,22,2,18,6,10,20,16,24],[14,6,2,18,22,10,16],[14,18,2,22,6,10,20,16,24],[22,6,2,18,10,14,20,16,24],[2,18,6,22,14,10,20,16,24],[10,2,18,22,14,6,16],[18,10,14,2,22,6,16],[10,6,14,22,2,18,16],[14,2,18,6,22,10,16],[18,14,22,10,2,6,20,16,24],[2,10,18,22,6,14,20,16,24],[22,10,18,6,2,14,16],[22,14,6,18,10,2,20,16,24],[10,22,14,18,6,2,16],[2,10,6,18,22,14,16],[2,18,22,10,6,14,16],[2,10,6,18,22,14,20,16,24],[2,6,14,10,22,18,16],[18,22,6,10,14,2,20,16,24],[22,2,18,10,6,14,16],[22,18,2,10,14,6,16],[2,22,10,18,14,6,16],[14,2,22,6,18,10,16],[14,10,22,6,2,18,20,16,24],[6,10,14,2,22,18,20,16,24],[10,14,6,2,22,18,16],[6,18,10,2,14,22,20,16,24],[10,22,18,2,6,14,20,16,24],[6,22,10,2,14,18,20,16,24],[22,14,10,2,6,18,16],[6,18,22,10,2,14,20,16,24],[2,22,18,14,10,6,20,16,24],[10,2,18,14,22,6,16],[10,14,18,2,6,22,16],[10,14,2,6,22,18,20,16,24],[22,18,2,14,6,10,16],[22,10,2,18,14,6,16],[2,6,22,10,18,14,20,16,24],[14,22,6,18,10,2,20,16,24],[2,6,14,22,10,18,20,16,24],[14,18,22,2,6,10,16],[6,10,2,14,18,22,20,16,24],[18,2,22,14,6,10,16],[2,22,10,18,14,6,20,16,24],[14,6,22,2,10,18,16],[10,18,22,14,2,6,16],[22,14,18,6,2,10,16],[14,6,22,2,10,18,16],[22,2,6,18,10,14,20,16,24],[6,14,18,2,10,22,16]],"n_human":6}