{"problem_id":"nxo0EoLP3Ou6KSx","sigma":150,"alpha":1.000,"cost":2,"probabilities":"[0.27, 0.15, 0.48, 0.1]","payoff_matrix":"[[-87, 89, 121, 89, 184, -43], [-250, 61, 211, 9, 173, 177], [-273, 154, 31, -175, 81, 49], [-213, -199, -178, 7, 34, 20]]","uncovered":[[19,11,23,3,7,15,17,5,6],[19,3,15,7,23,11,17,5,18],[11,3,19,7,15,23,5],[3,23,15,11,7,19,5],[15,3,23,11,7,19,17,5,18],[7,19,11,3,15,23,17,5,6],[3,7,15,19,23,11,17,5,6],[15,11,23,19,7,3,5],[11,15,23,3,7,19,17,5,18],[15,11,7,23,3,19,17,5,6],[3,15,7,11,19,23,5],[3,19,23,11,7,15,5],[3,19,7,23,11,15,17,5,6],[11,23,15,3,19,7,5],[11,15,19,3,23,7,17,5,6],[3,23,11,7,15,19,5],[7,3,15,19,11,23,17,5,18],[3,7,23,15,19,11,5],[15,7,11,3,19,23,5],[3,23,7,15,11,19,5],[7,11,3,19,15,23,17,5,6],[7,23,15,11,3,19,5],[11,23,7,19,15,3,5],[7,11,23,3,15,19,17,5,6],[23,3,7,15,19,11,5],[15,3,19,7,23,11,17,5,18],[7,3,15,11,19,23,5],[19,15,11,3,7,23,17,5,6],[3,15,7,11,19,23,5],[3,7,19,11,15,23,5],[3,15,23,11,19,7,17,5,18],[15,7,11,23,3,19,17,5,6],[3,7,23,15,11,19,17,5,6],[23,19,11,3,15,7,5],[15,23,3,19,11,7,17,5,18],[11,19,15,7,23,3,5],[15,19,3,11,7,23,17,5,18],[19,7,23,11,15,3,17,5,6],[19,23,3,7,11,15,5],[15,23,11,3,19,7,5],[19,15,23,7,3,11,5],[7,23,3,11,19,15,5],[7,19,3,23,11,15,17,5,6],[19,11,23,15,3,7,17,5,6],[19,23,15,7,3,11,17,5,18],[3,23,11,19,15,7,5],[19,7,3,15,11,23,5],[3,15,19,23,7,11,5],[23,15,3,7,11,19,17,5,6],[19,11,23,3,15,7,17,5,6],[15,3,23,19,7,11,17,5,6],[19,3,15,23,7,11,5],[11,15,3,23,19,7,5],[19,15,3,7,11,23,17,5,18],[19,7,15,3,11,23,17,5,18],[3,7,19,11,15,23,5],[23,11,3,19,15,7,17,5,18],[19,7,3,11,23,15,17,5,6],[3,23,15,11,19,7,17,5,6],[15,7,19,3,23,11,5],[3,15,11,19,23,7,5],[7,3,23,15,11,19,17,5,18],[11,3,15,7,23,19,17,5,18],[7,11,19,3,23,15,17,5,6],[7,19,3,15,11,23,17,5,6],[3,15,11,7,19,23,5],[3,19,15,23,11,7,17,5,18],[19,15,23,3,11,7,5],[7,11,3,23,15,19,5],[11,23,3,7,19,15,17,5,18],[19,23,7,15,11,3,17,5,18],[15,23,19,11,7,3,17,5,18],[7,23,3,15,19,11,5],[3,15,19,23,11,7,17,5,6],[3,15,19,11,7,23,17,5,18],[11,3,7,15,23,19,5],[11,7,3,23,19,15,5],[7,19,23,3,11,15,5],[23,19,11,7,15,3,17,5,18],[19,15,23,7,3,11,5],[15,11,23,19,7,3,5],[3,11,19,7,15,23,5],[7,15,3,11,23,19,17,5,18],[15,19,23,7,3,11,5],[7,15,19,23,3,11,17,5,6],[19,11,23,3,7,15,5],[7,19,23,15,11,3,17,5,18],[7,3,19,11,15,23,5],[7,11,15,3,19,23,17,5,6],[19,3,15,11,23,7,5],[11,15,19,7,3,23,5],[11,19,7,15,23,3,5],[7,15,19,3,23,11,5],[11,3,15,7,19,23,5],[7,15,11,19,23,3,17,5,6],[3,19,23,11,15,7,5],[7,19,11,15,23,3,5],[7,23,19,3,11,15,5],[23,3,15,7,19,11,17,5,18],[19,3,23,15,7,11,17,5,6],[15,7,19,23,3,11,17,5,6],[3,11,23,15,19,7,5],[19,15,3,7,23,11,5],[3,23,19,15,11,7,17,5,18],[7,15,23,19,3,11,17,5,18],[11,23,7,19,15,3,5],[15,11,7,19,23,3,17,5,18],[15,11,23,7,3,19,5],[7,15,19,11,3,23,17,5,18],[3,15,11,23,19,7,17,5,6],[7,19,11,23,15,3,17,5,6],[19,7,23,11,3,15,5],[3,11,15,23,7,19,5],[11,23,15,3,19,7,5],[3,11,19,7,15,23,17,5,6],[11,19,15,7,23,3,17,5,18],[7,23,3,11,19,15,5],[15,23,11,3,7,19,5],[15,3,11,23,19,7,17,5,18],[7,23,19,15,11,3,17,5,6],[11,15,19,3,23,7,5],[11,23,15,7,3,19,5],[11,7,19,15,3,23,5],[15,3,19,7,23,11,17,5,6],[15,19,23,11,3,7,17,5,18],[15,19,11,23,3,7,17,5,18],[7,11,3,19,23,15,5],[23,11,3,15,19,7,5],[11,19,3,7,15,23,17,5,18],[7,11,3,15,23,19,17,5,6],[23,11,3,7,19,15,5],[19,23,11,3,15,7,5],[15,19,3,7,23,11,17,5,18],[15,3,11,19,7,23,5],[11,19,23,7,15,3,5],[19,11,7,23,15,3,5],[15,19,23,11,7,3,5],[15,3,11,19,7,23,17,5,6],[11,15,19,3,7,23,5],[3,7,19,11,23,15,5],[15,23,19,11,7,3,5],[3,19,11,23,7,15,17,5,6],[19,3,23,7,11,15,5],[19,23,15,11,7,3,17,5,18],[7,11,19,3,15,23,5],[7,15,23,3,11,19,5],[11,23,15,3,7,19,17,5,6],[19,15,23,3,11,7,5],[15,7,19,23,3,11,5],[11,19,23,7,3,15,5],[15,11,3,19,7,23,5],[19,11,15,7,3,23,17,5,18],[23,11,3,19,15,7,5],[11,3,7,15,23,19,5],[11,15,19,3,23,7,5],[15,7,19,23,3,11,5],[11,23,7,15,19,3,17,5,6],[11,23,15,7,3,19,17,5,6],[15,19,7,3,11,23,17,5,6],[19,7,3,15,11,23,5],[3,23,19,11,7,15,5],[11,19,15,23,7,3,17,5,18],[23,19,7,15,11,3,5],[15,19,23,7,3,11,17,5,6],[23,3,15,19,11,7,5],[11,7,3,19,23,15,5],[3,15,19,7,23,11,17,5,18],[11,15,3,23,19,7,5],[7,19,3,15,11,23,5],[7,19,3,15,23,11,17,5,6],[19,15,3,11,23,7,5],[23,7,11,3,19,15,5],[15,11,19,23,3,7,17,5,18],[19,23,15,3,11,7,5],[3,11,23,15,7,19,17,5,6],[7,23,3,15,11,19,5],[23,15,3,11,7,19,5],[11,23,3,7,19,15,17,5,18],[11,19,7,3,23,15,17,5,18],[11,7,3,23,19,15,5],[23,19,15,11,7,3,17,5,18],[11,15,7,23,3,19,5],[15,11,3,19,23,7,17,5,18],[23,19,15,11,7,3,17,5,18],[23,19,7,15,3,11,17,5,18],[11,19,7,23,15,3,5],[7,23,19,15,11,3,17,5,6],[15,19,11,23,7,3,5],[11,19,3,23,7,15,5],[23,7,15,3,19,11,17,5,6],[11,23,19,7,3,15,17,5,18],[7,3,19,23,15,11,17,5,6],[3,15,19,7,23,11,5],[3,7,15,11,19,23,17,5,18],[11,7,3,19,23,15,5],[7,23,3,11,15,19,17,5,18],[3,7,11,23,15,19,5],[19,3,11,15,23,7,5],[15,19,23,3,7,11,17,5,6],[15,19,3,7,11,23,5],[7,19,3,23,15,11,5],[15,7,11,23,19,3,17,5,18],[15,11,19,23,7,3,17,5,18],[3,15,19,11,23,7,17,5,18],[19,7,11,15,23,3,17,5,18],[7,11,15,23,19,3,17,5,6],[23,15,7,3,19,11,5],[11,23,15,3,19,7,17,5,6],[23,19,3,11,15,7,5],[3,11,7,23,15,19,5],[23,19,3,15,11,7,17,5,18],[23,7,19,11,15,3,5],[15,23,3,19,11,7,17,5,18],[3,11,15,23,19,7,17,5,6],[19,23,11,7,3,15,17,5,18],[15,23,3,7,11,19,5],[7,15,23,11,3,19,5],[3,11,23,19,15,7,5],[3,19,11,23,15,7,5],[19,3,7,23,15,11,5],[11,23,7,15,19,3,5],[3,11,19,23,15,7,17,5,6],[15,19,23,11,7,3,17,5,6],[11,7,19,3,15,23,5],[19,23,3,11,15,7,17,5,6],[23,15,11,7,19,3,17,5,18],[3,15,11,23,19,7,17,5,6],[11,15,7,23,3,19,17,5,6],[7,15,19,23,11,3,5],[15,19,11,23,7,3,5],[23,15,3,19,11,7,17,5,6],[11,7,15,3,23,19,17,5,18],[23,15,11,7,19,3,17,5,6],[7,19,3,11,23,15,5],[3,23,11,19,7,15,17,5,18],[19,23,11,7,3,15,5],[3,15,11,23,19,7,5],[19,23,15,7,11,3,5],[19,23,15,7,3,11,17,5,18],[19,7,23,15,11,3,5],[3,11,23,19,15,7,5],[7,11,15,19,23,3,5],[19,23,3,7,11,15,5],[15,11,3,23,7,19,5],[7,3,19,11,23,15,5],[19,3,11,23,15,7,5],[15,23,7,3,19,11,5],[19,7,23,11,15,3,17,5,18],[3,23,11,19,15,7,17,5,18],[3,11,15,19,7,23,5],[23,19,7,3,11,15,17,5,18],[3,7,23,15,19,11,17,5,6],[19,3,15,7,11,23,5],[15,19,3,7,23,11,5],[19,11,3,23,15,7,17,5,18],[11,15,19,3,23,7,17,5,6],[7,3,23,19,11,15,17,5,18],[3,11,23,15,7,19,5],[11,3,23,15,7,19,17,5,6],[19,11,3,7,15,23,5],[19,7,23,11,3,15,17,5,18],[23,19,11,15,3,7,17,5,18],[7,15,19,23,3,11,5],[11,15,3,23,19,7,5],[19,11,23,3,15,7,5],[3,11,15,23,7,19,17,5,6],[15,7,11,23,19,3,5],[3,23,15,11,7,19,5],[11,15,19,23,7,3,17,5,6],[15,11,23,19,7,3,17,5,6],[19,23,11,3,15,7,5],[15,7,23,3,19,11,5],[15,23,11,19,3,7,5],[15,3,23,7,19,11,17,5,6],[3,23,11,15,19,7,17,5,18],[11,23,19,3,7,15,5],[7,23,19,15,11,3,17,5,6],[23,15,19,11,3,7,17,5,6],[3,19,11,15,7,23,5],[11,19,23,15,3,7,5],[11,15,3,19,23,7,17,5,6],[3,19,15,11,23,7,17,5,18],[11,7,15,3,19,23,5],[23,11,3,19,7,15,17,5,6],[19,15,7,11,23,3,5],[23,3,11,19,7,15,17,5,18],[11,23,19,15,7,3,5],[19,23,11,15,3,7,5],[15,19,23,11,7,3,5],[7,23,15,3,11,19,17,5,18],[11,15,19,7,23,3,17,5,6],[23,3,19,15,11,7,17,5,18],[15,19,3,11,23,7,5],[11,19,7,15,23,3,17,5,6],[15,7,23,11,19,3,5],[11,23,7,19,15,3,17,5,18],[7,3,19,11,23,15,5],[7,15,19,23,11,3,17,5,18],[15,7,23,11,3,19,17,5,6],[19,3,23,15,7,11,17,5,18],[3,15,11,7,19,23,5],[11,23,3,15,7,19,17,5,18],[3,19,23,15,11,7,17,5,18],[23,19,3,15,7,11,17,5,18],[19,23,3,11,15,7,17,5,6],[15,7,23,11,3,19,5],[11,7,15,23,19,3,5],[3,7,23,11,19,15,5],[15,3,7,23,11,19,5],[7,15,19,23,3,11,5],[11,23,19,3,15,7,17,5,18],[3,7,19,11,23,15,5],[7,3,15,19,23,11,5],[19,23,3,15,11,7,17,5,18],[15,19,7,3,11,23,17,5,6],[15,23,19,3,11,7,17,5,6],[3,11,19,23,7,15,5],[7,15,19,23,3,11,5],[19,11,3,15,7,23,5],[15,3,19,11,23,7,17,5,6],[11,23,3,7,19,15,17,5,6],[19,23,7,15,3,11,17,5,18],[7,23,15,11,19,3,5],[23,3,7,15,11,19,5],[11,15,19,7,3,23,17,5,6],[3,23,19,15,7,11,17,5,6],[23,11,3,19,15,7,5],[23,15,19,11,3,7,5],[15,19,3,23,11,7,17,5,6],[11,7,3,19,15,23,5],[11,15,3,23,19,7,17,5,6],[7,15,23,19,3,11,17,5,18],[19,3,23,15,11,7,5],[15,19,7,3,11,23,17,5,6],[7,23,3,11,15,19,17,5,6],[7,23,15,19,11,3,17,5,6],[11,3,15,7,19,23,5],[3,11,23,15,7,19,17,5,18],[7,3,15,23,11,19,17,5,6],[19,3,15,23,11,7,17,5,18],[11,15,7,23,19,3,5],[15,19,3,7,23,11,17,5,6],[19,7,3,15,11,23,17,5,6],[19,23,15,7,11,3,17,5,18],[19,11,15,23,3,7,5],[11,19,7,3,23,15,5],[23,3,7,11,19,15,5],[11,23,3,19,15,7,17,5,18],[11,15,7,3,23,19,5],[7,11,19,15,3,23,5],[3,11,15,7,23,19,5],[23,11,3,19,15,7,17,5,18],[11,15,7,19,3,23,17,5,6],[7,11,15,3,19,23,17,5,6],[19,23,11,7,3,15,5],[11,23,7,19,3,15,17,5,6],[3,7,15,23,19,11,5],[7,19,15,11,3,23,5],[11,23,19,15,7,3,5],[15,23,19,11,7,3,5],[11,23,19,15,3,7,5],[3,19,11,15,23,7,17,5,18],[3,19,7,23,11,15,5],[19,15,3,11,23,7,5],[3,7,15,23,19,11,17,5,6],[7,19,11,15,23,3,17,5,6],[15,19,23,3,11,7,5],[3,19,7,11,23,15,17,5,6],[15,23,19,7,11,3,17,5,6],[19,3,23,15,11,7,17,5,18],[3,7,11,23,19,15,5],[11,15,23,3,7,19,5],[7,3,23,15,11,19,5],[3,19,23,7,11,15,5],[7,3,19,23,11,15,5],[15,23,11,19,3,7,5],[15,7,3,23,19,11,17,5,6],[15,11,3,19,7,23,5],[7,3,15,23,11,19,17,5,6],[3,19,15,23,11,7,5],[15,11,23,3,7,19,17,5,6],[15,3,19,23,11,7,5],[19,11,7,15,23,3,5],[15,11,3,7,19,23,5],[11,7,23,3,19,15,5],[15,3,23,19,7,11,5],[3,7,15,23,11,19,5],[3,11,7,19,23,15,5],[11,7,3,19,15,23,5],[7,15,23,3,19,11,5],[15,3,11,19,23,7,17,5,6],[3,23,11,7,19,15,5],[7,11,15,3,23,19,5],[3,7,11,19,23,15,5],[3,19,7,15,11,23,5],[7,23,3,15,11,19,17,5,6],[11,15,23,7,3,19,5],[19,23,11,15,7,3,17,5,18],[23,11,19,7,15,3,5],[19,15,7,3,23,11,17,5,6],[19,11,7,15,23,3,17,5,18],[19,7,15,3,11,23,17,5,18],[23,3,11,19,7,15,5],[23,7,15,19,3,11,5],[15,23,7,3,19,11,5],[19,11,23,15,3,7,5],[11,15,7,19,3,23,5],[7,3,11,15,23,19,5],[15,7,11,19,3,23,5],[15,3,11,23,19,7,17,5,18],[7,15,23,19,11,3,5],[19,15,11,3,23,7,5],[3,23,11,7,15,19,5],[19,3,23,15,7,11,17,5,6],[7,11,3,23,15,19,5],[19,23,11,15,3,7,5],[19,23,7,3,11,15,5],[23,11,7,15,3,19,5],[23,7,3,15,19,11,17,5,18],[15,7,23,3,11,19,17,5,6],[15,7,19,3,11,23,17,5,18],[3,23,7,15,11,19,17,5,6],[15,7,19,3,11,23,5],[23,7,11,19,15,3,17,5,18],[23,7,3,11,19,15,17,5,6],[15,7,23,19,11,3,17,5,6],[7,11,19,15,3,23,17,5,18],[7,11,15,19,3,23,5],[23,7,15,11,19,3,5],[7,23,11,15,19,3,17,5,18],[23,19,7,15,3,11,17,5,6],[15,3,23,19,7,11,5],[23,11,19,3,15,7,17,5,18],[19,15,11,7,23,3,5],[11,15,23,3,7,19,17,5,6],[15,11,19,3,7,23,5],[7,11,3,23,19,15,17,5,18],[3,15,11,7,23,19,17,5,6],[15,7,23,19,11,3,5],[15,11,23,3,19,7,17,5,18],[15,7,19,11,23,3,5],[7,19,3,11,15,23,17,5,18],[15,11,7,23,3,19,17,5,6],[23,7,15,11,19,3,17,5,18],[15,19,11,23,7,3,17,5,18],[19,3,7,11,23,15,17,5,18],[15,23,11,19,7,3,5],[19,3,15,7,23,11,5],[19,7,15,3,11,23,5],[19,23,3,7,11,15,17,5,6],[3,19,7,15,11,23,5],[3,15,7,19,11,23,17,5,6],[11,7,19,3,23,15,17,5,18],[7,19,11,23,3,15,17,5,6],[11,3,23,19,15,7,17,5,18],[15,3,11,23,7,19,5],[3,19,15,7,23,11,5],[15,11,23,7,3,19,5],[15,19,7,11,23,3,17,5,6],[15,3,11,19,23,7,17,5,6],[3,11,15,23,7,19,17,5,6],[7,19,11,23,3,15,17,5,18],[3,15,23,19,11,7,5],[3,15,7,23,19,11,5],[11,23,19,15,7,3,5],[11,23,19,3,7,15,5],[11,7,23,19,3,15,17,5,18],[11,19,15,7,3,23,17,5,18],[23,15,7,11,19,3,17,5,6],[19,23,15,3,7,11,5],[11,19,23,7,3,15,17,5,18],[11,15,23,19,3,7,5],[3,7,23,11,19,15,5],[11,15,23,7,19,3,17,5,18],[3,11,7,15,23,19,17,5,6],[15,23,19,11,3,7,17,5,18],[19,23,15,7,11,3,5],[15,7,19,23,3,11,5],[23,11,3,19,15,7,5],[3,11,19,15,7,23,5],[15,19,11,3,23,7,17,5,18],[11,23,3,15,7,19,5],[23,3,15,7,19,11,5],[23,19,15,7,11,3,17,5,18],[23,15,3,11,7,19,5],[15,23,11,19,3,7,17,5,6],[15,11,7,19,23,3,5],[3,11,23,15,19,7,17,5,6],[19,23,15,3,7,11,17,5,6],[3,23,7,15,11,19,5],[7,19,23,11,15,3,17,5,6],[7,19,3,23,11,15,5],[3,23,7,15,19,11,17,5,6],[3,15,23,19,7,11,5],[15,3,7,19,11,23,5],[15,7,3,19,23,11,5],[11,15,3,23,19,7,5],[11,15,19,7,23,3,5],[3,19,7,11,15,23,17,5,18],[15,7,23,11,3,19,17,5,6],[19,7,15,11,23,3,5],[3,7,19,15,23,11,5],[23,7,11,3,19,15,17,5,18],[11,7,3,15,19,23,5],[23,7,11,15,19,3,5],[7,3,15,11,23,19,5],[3,15,7,11,23,19,5],[7,15,23,19,11,3,17,5,18],[3,11,19,15,7,23,17,5,18],[19,7,3,11,23,15,5],[3,7,15,19,11,23,5],[23,11,19,15,3,7,17,5,18],[3,7,11,19,23,15,17,5,6],[19,3,7,11,15,23,17,5,6],[3,19,15,23,11,7,17,5,6],[15,7,19,11,23,3,17,5,6],[11,3,15,7,23,19,5],[15,7,3,11,23,19,5],[7,23,19,15,3,11,5],[3,7,11,23,15,19,5],[7,15,19,23,3,11,17,5,18],[15,19,3,7,11,23,5],[19,23,3,7,11,15,17,5,6],[7,19,23,15,11,3,17,5,6],[7,3,15,19,23,11,5],[23,7,19,15,11,3,17,5,18],[19,3,15,23,11,7,17,5,18],[11,23,19,7,3,15,17,5,18],[3,23,19,15,11,7,17,5,18],[19,23,11,7,15,3,5],[19,23,7,11,3,15,5],[7,15,19,23,3,11,17,5,6],[15,23,3,11,7,19,5],[15,7,11,19,3,23,17,5,18],[15,3,11,19,7,23,17,5,18],[15,3,23,19,7,11,5],[23,7,19,15,11,3,5],[11,3,15,19,23,7,5],[19,11,15,23,3,7,5],[11,7,3,19,15,23,17,5,18],[3,23,11,19,7,15,5],[11,23,19,3,7,15,5],[7,23,3,11,19,15,17,5,6],[11,7,3,15,19,23,5],[7,15,19,23,3,11,17,5,6],[11,7,23,15,3,19,5],[3,15,7,19,11,23,5],[15,11,19,3,7,23,17,5,6],[19,3,7,15,23,11,17,5,6],[15,3,23,19,7,11,5],[11,15,3,19,23,7,5],[11,23,3,15,7,19,17,5,6],[23,7,11,15,19,3,17,5,18],[7,19,23,3,11,15,17,5,6],[15,23,3,19,7,11,5],[3,7,23,15,19,11,5],[3,19,23,11,15,7,17,5,18],[15,3,19,23,11,7,17,5,6],[3,11,19,23,7,15,5],[3,19,23,7,11,15,17,5,6],[3,11,15,19,7,23,17,5,18],[19,15,3,23,7,11,17,5,18],[15,23,19,7,3,11,5],[11,19,23,15,7,3,17,5,6],[11,15,19,3,7,23,5],[19,3,15,7,23,11,17,5,18],[7,15,23,11,3,19,5],[19,7,11,15,3,23,5],[19,7,15,23,11,3,17,5,6],[7,15,3,11,19,23,17,5,18],[11,23,7,19,15,3,17,5,6],[7,19,23,3,15,11,17,5,18],[23,19,3,11,7,15,17,5,18],[19,3,15,23,11,7,17,5,6],[19,15,3,23,7,11,5],[19,11,3,23,15,7,17,5,18],[15,7,3,11,19,23,17,5,6],[3,19,7,23,11,15,17,5,18],[3,15,11,23,7,19,5],[15,11,7,23,3,19,17,5,18],[11,3,19,7,23,15,5],[11,7,3,19,15,23,5],[7,15,3,19,11,23,5],[11,7,23,19,3,15,5],[3,19,7,23,15,11,5],[7,3,23,11,19,15,5],[11,7,15,3,19,23,5],[15,3,7,23,19,11,17,5,18],[23,11,7,3,19,15,17,5,18],[3,11,7,15,19,23,17,5,18],[7,11,23,3,19,15,5],[15,3,7,11,23,19,5],[7,11,15,23,3,19,17,5,18],[3,7,19,11,23,15,5],[23,11,19,3,15,7,17,5,6],[15,23,7,11,3,19,17,5,6],[15,7,11,23,19,3,5],[7,23,19,11,3,15,5],[3,15,19,23,7,11,5],[11,15,7,23,19,3,17,5,18],[19,7,15,3,23,11,17,5,18],[19,23,11,7,3,15,17,5,18],[7,23,3,11,15,19,5],[15,11,3,23,19,7,17,5,6],[7,3,23,11,19,15,5],[23,19,15,7,3,11,5],[23,7,11,15,19,3,5],[11,7,23,3,15,19,5],[3,7,23,15,11,19,17,5,18],[11,23,3,19,15,7,5],[11,7,23,15,3,19,17,5,6],[23,15,19,7,11,3,17,5,6],[3,7,23,19,15,11,17,5,6],[19,3,15,11,23,7,5],[23,15,3,11,19,7,5],[3,15,23,19,7,11,17,5,18],[19,15,7,3,23,11,5],[19,3,11,23,15,7,5],[19,15,23,3,7,11,17,5,18],[23,15,3,19,11,7,17,5,18],[11,7,23,3,19,15,5],[15,7,19,11,3,23,5],[3,11,15,23,19,7,5],[3,15,7,23,19,11,5],[7,15,19,23,3,11,17,5,18],[15,3,11,19,7,23,5],[15,3,11,7,19,23,5],[3,23,7,15,19,11,5],[3,19,15,23,11,7,5],[3,15,19,11,23,7,17,5,6],[7,11,15,3,23,19,5],[7,19,23,3,11,15,17,5,18],[3,15,23,11,7,19,17,5,6],[3,15,19,11,23,7,5],[15,7,11,23,19,3,5],[19,23,3,7,15,11,17,5,18],[7,19,15,3,23,11,17,5,6],[19,7,15,3,11,23,17,5,6],[19,23,3,11,7,15,5],[3,11,15,23,19,7,17,5,6],[11,7,3,19,15,23,5],[15,11,19,7,3,23,5],[23,3,15,19,7,11,5],[19,3,7,23,15,11,17,5,6],[11,3,23,7,19,15,17,5,18],[3,11,23,19,15,7,17,5,6],[19,15,3,11,23,7,17,5,6],[23,11,19,15,3,7,5],[11,7,3,23,19,15,5],[7,23,3,19,15,11,5],[11,19,7,3,15,23,17,5,6],[19,15,11,7,3,23,17,5,18],[19,11,3,23,7,15,5],[23,3,19,7,15,11,17,5,6],[19,7,11,15,23,3,17,5,18],[7,3,15,11,19,23,17,5,18],[7,23,19,11,3,15,5],[3,15,19,11,7,23,5],[7,23,19,15,3,11,17,5,6],[15,23,19,11,3,7,5],[19,11,23,15,7,3,17,5,18],[23,11,3,7,15,19,17,5,6],[7,3,19,11,23,15,5],[23,19,15,7,3,11,5],[19,11,7,3,23,15,17,5,18],[23,19,7,11,15,3,5],[15,7,19,23,3,11,5],[11,23,19,7,3,15,17,5,6],[3,19,15,23,11,7,5],[3,23,11,15,7,19,5],[23,15,11,3,7,19,5],[23,11,15,19,3,7,17,5,18],[15,7,19,23,3,11,5],[11,19,15,7,23,3,17,5,6],[19,23,11,15,7,3,5],[7,19,15,23,3,11,5],[15,7,23,19,11,3,5],[3,11,19,7,23,15,17,5,18],[23,3,7,15,11,19,5],[3,11,23,15,7,19,5],[3,11,23,7,19,15,17,5,18],[23,15,19,7,3,11,17,5,18],[7,23,3,19,15,11,5],[11,15,3,23,7,19,5],[19,15,23,11,3,7,17,5,18],[15,7,3,11,23,19,17,5,6],[3,23,15,19,7,11,5],[15,7,11,19,23,3,5],[19,15,7,3,23,11,5],[15,11,7,23,19,3,5],[15,7,11,3,19,23,17,5,6],[23,15,19,7,3,11,5],[3,7,11,19,15,23,17,5,18],[19,23,15,3,7,11,17,5,6],[23,11,15,19,7,3,17,5,6],[3,19,11,15,23,7,17,5,18],[19,3,15,23,7,11,5],[7,15,23,3,11,19,17,5,18],[19,3,11,23,15,7,17,5,18],[7,23,3,11,19,15,17,5,6],[11,19,23,7,3,15,5],[19,23,11,7,3,15,17,5,18],[23,15,19,3,7,11,17,5,6],[11,3,19,15,23,7,17,5,18],[19,7,11,15,23,3,17,5,18],[11,7,23,15,3,19,17,5,6],[19,7,3,11,15,23,5],[3,7,19,15,11,23,17,5,6],[19,23,11,3,7,15,5],[19,23,15,11,7,3,5],[15,11,19,3,23,7,5],[3,23,11,19,7,15,5],[23,15,19,3,7,11,17,5,6],[15,7,19,3,23,11,17,5,6],[7,15,19,23,3,11,17,5,18],[19,3,11,7,23,15,5],[19,3,23,7,15,11,5],[3,7,11,15,19,23,17,5,6],[23,11,7,15,19,3,17,5,6],[11,3,19,15,23,7,17,5,6],[19,3,23,11,15,7,17,5,6],[23,7,11,15,3,19,17,5,18],[7,15,23,11,3,19,5],[15,3,19,11,7,23,17,5,18],[23,15,3,11,19,7,5],[15,23,7,19,11,3,17,5,18],[7,11,19,23,15,3,17,5,6],[11,23,19,3,7,15,5],[23,11,3,7,15,19,17,5,6],[3,7,11,23,15,19,5],[7,3,11,23,15,19,5],[15,11,7,3,23,19,17,5,18],[7,3,11,19,15,23,5],[7,15,3,11,23,19,17,5,6],[3,11,15,7,23,19,5],[11,23,15,19,3,7,17,5,18],[3,15,19,11,23,7,5],[23,7,3,11,15,19,5],[15,11,23,7,19,3,17,5,6],[11,15,23,19,3,7,5],[15,19,7,3,23,11,17,5,18],[19,23,11,7,3,15,5],[15,11,23,19,7,3,5],[7,15,11,3,23,19,5],[19,7,11,15,3,23,5],[19,7,3,23,15,11,5],[11,3,15,23,7,19,17,5,6],[7,19,3,23,15,11,5],[3,19,15,23,11,7,5],[19,15,23,11,7,3,5],[19,15,11,3,23,7,5],[7,3,15,23,11,19,5],[23,15,11,3,19,7,17,5,18],[19,11,23,15,3,7,17,5,18],[23,3,19,7,11,15,17,5,18],[7,11,23,3,15,19,5],[11,23,19,7,15,3,17,5,6],[23,7,15,19,3,11,5],[23,11,15,7,3,19,17,5,18],[19,23,3,7,15,11,17,5,18],[15,11,7,19,3,23,5],[3,23,15,11,7,19,17,5,6],[3,23,19,11,15,7,5],[23,15,7,3,19,11,5],[15,23,7,11,3,19,17,5,6],[23,7,19,11,15,3,17,5,18],[3,7,11,23,19,15,17,5,18],[7,19,3,11,15,23,5],[19,7,3,11,15,23,5],[7,15,19,23,11,3,5],[19,23,7,3,15,11,17,5,18],[11,3,15,23,19,7,5],[7,15,3,19,23,11,5],[15,3,7,19,11,23,17,5,6],[7,11,15,19,3,23,17,5,18],[3,11,7,23,19,15,17,5,18],[19,23,7,15,11,3,17,5,6],[15,3,11,23,7,19,17,5,6],[19,11,7,15,23,3,17,5,18],[19,11,23,7,3,15,17,5,6],[15,11,7,19,23,3,17,5,6],[7,15,3,19,11,23,17,5,18],[11,23,7,15,19,3,5],[3,15,11,23,19,7,17,5,6],[11,7,15,3,23,19,17,5,18],[3,15,11,23,7,19,17,5,18],[15,19,3,23,7,11,17,5,6],[3,11,19,23,15,7,5],[19,3,15,23,11,7,5],[15,7,11,23,3,19,5],[3,23,15,7,19,11,5],[11,23,19,3,7,15,17,5,6],[19,3,23,7,11,15,17,5,18],[11,7,15,19,23,3,5],[11,19,3,23,7,15,17,5,18],[19,3,11,7,15,23,5],[3,19,23,11,7,15,5],[7,15,11,3,19,23,5],[11,19,7,3,23,15,17,5,18],[15,11,7,3,23,19,5],[23,3,11,7,15,19,5],[11,3,7,15,19,23,17,5,18],[19,3,7,15,11,23,17,5,6],[23,3,19,11,7,15,5],[15,19,7,11,3,23,5],[7,19,3,11,15,23,5],[15,19,11,23,7,3,5],[11,15,7,23,19,3,17,5,6],[11,7,15,23,3,19,17,5,6],[7,19,23,11,15,3,17,5,18],[7,3,15,19,23,11,17,5,18],[3,7,11,19,15,23,17,5,6],[7,11,3,23,15,19,5],[23,11,7,19,15,3,5],[11,15,23,3,7,19,5],[11,19,23,3,15,7,17,5,18],[11,23,7,19,15,3,5],[11,7,3,19,15,23,17,5,6],[23,19,7,11,15,3,5],[15,19,7,11,3,23,5],[19,15,11,7,23,3,17,5,18],[15,19,7,11,23,3,17,5,6],[15,7,23,19,3,11,5],[3,11,23,7,15,19,5],[15,11,23,7,3,19,5],[3,11,23,7,19,15,5],[3,15,23,19,11,7,5],[11,15,19,3,23,7,5],[11,15,19,23,3,7,5],[19,11,23,15,3,7,17,5,18],[23,11,19,3,7,15,17,5,6],[19,7,23,15,3,11,5],[19,11,23,7,3,15,5],[15,11,19,3,23,7,5],[19,7,23,15,3,11,5],[11,23,3,15,7,19,5],[19,3,11,23,15,7,17,5,18],[11,23,3,7,19,15,5],[3,15,23,7,11,19,17,5,6],[7,23,19,15,3,11,5],[11,23,7,19,3,15,5],[7,3,15,19,23,11,17,5,6],[23,3,7,19,11,15,5],[3,19,15,7,11,23,17,5,18],[19,15,23,11,3,7,17,5,6],[15,11,19,23,7,3,17,5,18],[23,7,19,11,15,3,17,5,18],[23,7,11,3,15,19,5],[23,15,11,19,7,3,17,5,18],[23,15,19,7,3,11,17,5,6],[11,7,15,3,23,19,17,5,18],[19,11,3,15,7,23,5],[19,3,15,11,23,7,5],[11,19,7,15,23,3,17,5,18],[7,3,19,15,23,11,17,5,6],[3,15,11,23,7,19,17,5,18],[23,15,3,7,19,11,5],[3,11,15,23,19,7,17,5,6],[7,23,15,19,11,3,17,5,6],[19,15,23,7,11,3,5],[15,23,7,19,11,3,5],[23,7,3,11,19,15,17,5,6],[11,15,3,23,19,7,17,5,18],[7,19,11,23,15,3,17,5,6],[3,23,15,19,7,11,17,5,18],[7,15,23,3,19,11,5],[19,3,15,11,7,23,17,5,18],[23,15,11,19,7,3,5],[7,19,11,15,23,3,17,5,6],[23,19,15,11,3,7,17,5,6],[3,15,19,7,11,23,5],[11,3,7,15,23,19,17,5,18],[7,19,3,11,15,23,17,5,18],[7,23,19,11,3,15,5],[23,15,19,7,3,11,17,5,18],[23,19,7,11,15,3,5],[11,7,23,15,3,19,5],[15,23,11,19,3,7,17,5,18],[11,7,3,23,19,15,5],[3,19,7,15,23,11,17,5,18],[11,7,23,15,3,19,5],[15,7,11,23,3,19,17,5,18],[11,15,3,19,7,23,5],[3,7,11,15,23,19,17,5,6],[15,19,3,11,23,7,5],[7,15,19,11,3,23,5],[11,19,15,3,23,7,5],[11,19,23,7,3,15,5],[7,15,3,23,19,11,17,5,18],[15,11,3,7,23,19,5],[19,3,7,15,23,11,5],[15,11,7,19,23,3,17,5,18],[23,11,3,7,15,19,5],[23,19,15,11,3,7,17,5,6],[15,7,11,3,19,23,5],[7,15,3,11,19,23,17,5,18],[19,7,15,3,11,23,17,5,18],[15,11,7,23,19,3,5],[23,3,19,7,11,15,17,5,18],[15,7,23,3,11,19,17,5,18],[3,15,7,19,11,23,17,5,6],[3,15,19,23,7,11,17,5,18],[11,3,23,19,15,7,5],[23,19,3,15,7,11,17,5,18],[11,23,15,19,3,7,17,5,18],[15,11,3,19,7,23,5],[23,11,3,15,19,7,17,5,6],[7,15,23,19,11,3,17,5,6],[11,23,15,7,19,3,17,5,18],[11,3,15,23,7,19,5],[19,11,3,15,7,23,17,5,18],[3,23,19,11,7,15,5],[3,19,23,7,15,11,17,5,6],[19,7,15,3,11,23,17,5,18],[19,3,7,23,11,15,17,5,6],[23,19,3,11,7,15,5],[23,3,7,19,11,15,5],[3,7,15,11,19,23,17,5,6],[11,3,19,7,23,15,17,5,18],[15,7,23,3,19,11,5],[15,11,23,19,3,7,17,5,18],[7,23,11,3,19,15,5],[11,3,19,15,23,7,5],[19,7,3,11,15,23,17,5,6],[15,19,11,23,7,3,17,5,18],[7,19,23,15,11,3,17,5,6],[11,19,23,7,3,15,5],[15,3,19,11,23,7,17,5,18],[15,7,11,23,3,19,5],[3,11,19,7,15,23,5],[11,7,15,23,3,19,5],[15,7,19,3,23,11,17,5,6],[3,7,15,11,23,19,17,5,6],[15,19,23,3,7,11,17,5,18],[11,7,23,15,3,19,5],[11,7,3,19,15,23,17,5,18],[11,7,23,19,15,3,17,5,6],[3,19,7,15,11,23,17,5,18],[11,23,3,19,15,7,17,5,6],[23,15,7,11,19,3,17,5,18],[23,15,11,19,3,7,5],[3,19,15,11,23,7,17,5,18],[15,3,7,11,19,23,5],[15,23,3,19,11,7,17,5,18],[11,7,23,19,3,15,17,5,18],[11,19,7,15,23,3,5],[15,19,11,3,7,23,5],[7,19,23,11,3,15,5],[3,19,7,11,23,15,17,5,6],[15,3,19,23,11,7,5],[23,11,15,19,3,7,5],[11,3,7,23,19,15,17,5,18],[23,7,3,11,19,15,5],[3,7,15,23,11,19,5],[3,7,23,15,19,11,5],[11,19,15,3,23,7,17,5,18],[15,7,19,3,23,11,17,5,6],[15,23,7,19,3,11,17,5,18],[11,7,19,3,23,15,5],[23,7,3,15,11,19,5],[23,7,15,19,11,3,5],[23,15,3,19,11,7,17,5,18],[23,7,11,3,15,19,5],[7,11,15,23,19,3,5],[3,23,7,11,19,15,17,5,18],[3,7,23,11,15,19,5],[23,15,19,3,7,11,5],[15,23,11,7,19,3,17,5,18],[19,23,15,3,7,11,5],[11,15,7,3,23,19,5],[7,15,11,3,19,23,17,5,6],[7,3,15,23,11,19,17,5,18],[11,15,23,7,19,3,17,5,6],[7,3,11,15,19,23,17,5,6],[11,7,23,15,19,3,17,5,18],[7,11,15,3,23,19,17,5,18],[7,3,11,23,19,15,17,5,6],[23,11,3,15,19,7,17,5,6],[3,23,7,15,19,11,5],[23,11,15,7,3,19,17,5,18],[23,19,11,3,7,15,17,5,6],[15,23,3,11,19,7,17,5,6],[3,11,19,15,7,23,5],[3,23,15,19,7,11,17,5,18],[15,3,7,23,19,11,5],[11,3,7,23,15,19,5],[11,19,23,3,15,7,5],[7,19,3,23,11,15,17,5,18],[23,3,7,15,11,19,17,5,6],[23,11,3,19,7,15,17,5,6],[15,23,19,7,3,11,17,5,6],[19,7,23,11,3,15,5],[7,11,3,19,23,15,5],[11,3,19,7,15,23,5],[23,7,19,3,11,15,5],[19,15,23,11,7,3,17,5,6],[11,15,7,3,19,23,17,5,6],[23,11,7,19,3,15,5],[19,7,15,23,3,11,17,5,6],[19,15,7,3,11,23,17,5,6]],"n_human":10}