{"problem_id":"vt39ZzoICqfIczi","sigma":75,"alpha":1.000,"cost":1,"probabilities":"[0.4599999999999998, 0.23, 0.2, 0.11]","payoff_matrix":"[[-45, 65, -46, 3, 62, 31], [-64, 25, 37, -20, -103, 5], [78, -47, -6, 103, 45, -157], [34, 1, -67, -95, -67, -37]]","uncovered":[[13,21,9,5,1,17,6,18],[21,17,9,1,5,6,18,13],[21,13,17,9,1,5,6,18],[17,21,9,5,6,18,13,1],[17,1,21,5,18,13,9,6],[5,17,6,18,21,13,9,1],[17,13,1,9,21,5,18,6],[13,1,9,17,5,18,21,6],[21,9,17,13,5,6,18,1],[17,5,6,18,9,13,1,21],[5,17,6,18,21,9,13,1],[9,1,5,17,6,18,13,21],[1,5,21,17,18,13,9,22,6],[9,5,17,18,1,21,13,22,6],[13,17,21,9,1,5,18,6],[1,5,9,21,17,6,18,13],[13,9,21,1,5,17,6,18],[1,17,13,5,6,18,21,9],[5,21,13,17,6,18,1,9],[9,21,1,5,13,17,18,6],[5,13,9,1,17,18,21,6],[1,9,17,21,5,6,18,13],[5,9,1,17,18,13,21,22,6],[9,21,17,1,5,18,13,6],[17,13,21,1,9,5,18,22,6],[5,13,1,17,18,9,21,22,6],[21,17,1,13,5,6,18,9],[13,5,21,9,17,18,1,22,6],[1,5,21,17,6,18,9,13],[21,17,5,18,13,1,9,6],[17,1,13,21,9,5,18,6],[1,13,17,5,18,9,21,6],[21,5,13,17,6,18,9,1],[13,5,1,17,18,21,9,22,6],[21,1,5,13,9,17,18,23],[5,17,18,9,21,1,13,22,6],[1,9,5,17,18,13,21,6],[1,5,13,17,6,18,21,9],[17,9,5,6,18,1,13,21],[9,13,1,5,17,6,18,21],[21,5,17,6,18,1,9,13],[9,17,1,21,5,6,18,13],[9,5,1,13,21,17,6,18],[17,21,1,5,6,18,13,9],[13,21,5,17,6,18,9,1],[13,17,1,5,18,9,21,22,6],[5,13,21,1,9,17,6,18],[1,21,13,9,5,17,18,6],[21,9,1,5,13,17,18,6],[21,5,17,6,18,13,1,9],[5,1,17,18,9,21,13,6],[21,13,9,1,17,5,6,18],[21,17,13,9,5,6,18,1],[21,13,9,1,17,5,18,22,6],[1,9,13,17,21,5,6,18],[5,13,1,9,17,6,18,21],[13,5,21,17,18,1,9,22,6],[13,9,21,17,5,6,18,1],[21,13,9,1,17,5,18,7,22,6],[17,1,13,21,5,6,18,9],[5,17,6,18,21,13,9,1],[21,5,17,6,18,9,1,13],[21,13,1,5,17,18,9,22,6],[13,1,21,17,9,5,6,18],[9,21,17,13,1,5,6,18],[17,21,1,13,9,5,6,18],[17,9,21,5,18,1,13,22,6],[9,5,21,13,1,17,18,6],[21,17,1,9,5,6,18,13],[1,21,13,5,17,18,9,22,6],[13,21,1,5,17,18,9,22,6],[5,17,18,13,9,21,1,22,6],[1,13,5,17,6,18,21,9],[21,9,5,13,1,17,6,18],[21,5,9,1,17,6,18,13],[21,9,17,13,1,5,18,22,6],[5,13,21,9,1,17,18,22,6],[21,17,1,9,5,6,18,13],[13,1,9,5,21,17,19,6,18],[1,13,21,17,5,6,18,9],[17,1,5,18,9,21,13,6],[13,17,1,5,6,18,21,9],[13,17,9,21,5,6,18,1],[13,1,9,17,21,5,6,18],[17,1,5,18,13,21,9,6],[17,21,1,13,5,6,18,9],[21,13,5,1,17,18,9,22,6],[5,9,1,21,13,17,6,18],[21,17,1,13,9,5,18,22,6],[17,9,1,21,5,6,18,13],[17,21,9,13,1,5,18,6],[13,9,1,21,5,17,18,22,6],[1,9,21,13,17,5,6,18],[17,5,18,13,1,21,9,22,6],[1,9,21,13,5,17,18,22,6],[9,1,17,21,13,5,6,18],[17,5,18,1,21,9,13,6],[9,17,21,1,13,5,18,22,6],[9,1,13,5,21,17,18,6],[17,21,9,5,6,18,1,13],[13,9,1,17,21,5,6,18],[5,13,21,9,17,6,18,1],[17,1,9,13,5,6,18,21],[17,9,13,1,21,5,18,6],[5,9,1,21,17,18,13,6],[1,9,17,5,6,18,13,21],[13,9,5,1,17,18,21,6],[1,17,13,5,18,21,9,22,6],[9,1,21,5,17,6,18,13],[9,17,21,1,5,6,18,13],[9,5,17,18,13,1,21,6],[13,1,17,21,5,18,9,22,6],[5,1,17,18,9,13,21,22,6],[9,17,21,13,1,5,6,18],[13,21,1,17,9,5,18,6],[9,13,5,17,18,1,21,22,6],[5,1,17,18,21,9,13,6],[21,5,1,17,18,13,9,22,6],[5,13,17,6,18,21,1,9],[13,21,5,9,17,6,18,1],[17,13,1,21,9,5,6,18],[9,5,17,6,18,13,21,1],[9,13,5,17,18,1,21,22,6],[17,1,21,9,13,5,18,22,6],[9,13,5,1,17,18,21,22,6],[9,17,21,5,6,18,1,13],[9,21,1,17,13,5,18,6],[5,17,6,18,1,13,21,9],[21,1,9,17,5,6,18,13],[17,5,18,1,9,13,21,6],[9,13,17,21,1,5,6,18],[17,9,5,18,13,1,21,6],[21,5,9,17,18,13,1,22,6],[5,13,1,9,21,17,18,22,6],[1,13,21,17,9,5,18,6],[17,13,21,1,5,6,18,9],[17,5,18,9,1,13,21,22,6],[21,5,1,9,13,17,18,22,6],[17,1,5,6,18,21,13,9],[21,5,13,1,17,18,9,22,6],[1,5,9,17,6,18,21,13],[21,1,5,13,17,18,9,6],[9,17,1,5,6,18,21,13],[9,13,5,1,21,17,18,22,6],[5,9,17,18,13,1,21,22,6],[13,9,17,5,18,1,21,22,6],[13,9,5,1,17,18,21,22,6],[1,13,9,17,21,5,18,6],[1,17,9,21,5,18,13,6],[5,21,13,1,9,17,18,22,6],[5,9,21,13,17,6,18,1],[17,1,9,13,21,5,18,22,6],[21,13,1,5,17,18,9,6],[21,17,9,5,6,18,1,13],[9,5,1,17,18,21,13,22,6],[17,13,9,21,5,6,18,1],[13,17,1,21,5,18,9,22,6],[13,9,5,17,6,18,21,1],[5,9,1,13,21,17,6,18],[21,13,1,5,17,6,18,9],[1,13,5,17,18,21,9,6],[21,13,1,17,9,5,18,22,6],[1,5,9,21,13,17,18,6],[17,9,5,6,18,13,1,21],[13,21,5,17,6,18,1,9],[9,21,5,17,18,1,13,22,6],[17,5,6,18,1,9,13,21],[21,9,13,5,17,6,18,1],[21,17,13,1,9,5,6,18],[17,21,13,1,9,5,6,18],[9,1,21,5,13,17,6,18],[5,9,17,18,1,13,21,6],[9,13,21,17,1,5,18,6],[13,5,17,6,18,1,9,21],[1,9,5,21,17,6,18,13],[9,5,1,17,6,18,21,13],[9,17,5,6,18,13,21,1],[1,17,5,6,18,13,9,21],[17,9,1,13,5,18,21,22,6],[9,5,1,21,13,17,18,22,6],[17,5,18,21,9,13,1,22,6],[5,1,13,17,18,21,9,6],[21,9,13,5,1,17,6,18],[5,9,17,6,18,21,1,13],[9,17,1,21,13,5,6,18],[1,21,9,13,17,5,18,22,6],[5,17,18,1,21,13,9,6],[13,17,1,9,21,5,6,18],[9,13,5,21,1,17,18,22,6],[21,1,9,17,5,18,13,22,6],[13,5,21,9,1,17,6,18],[5,13,17,18,1,9,21,6],[9,17,1,13,21,5,18,6],[1,17,21,9,5,6,18,13],[17,1,5,18,9,13,21,7,22,6],[21,1,9,13,5,17,18,22,6],[9,5,17,18,13,21,1,6],[5,9,21,17,18,1,13,6],[9,21,13,1,5,17,18,6],[21,13,9,17,1,5,6,18],[1,21,9,5,13,17,6,18],[21,1,17,9,5,6,18,13],[13,9,5,21,1,17,6,18],[17,5,6,18,9,21,13,1],[5,13,21,17,6,18,1,9],[13,5,1,17,18,21,9,22,6],[13,1,17,9,21,5,18,22,6],[21,9,1,17,5,6,18,13],[17,1,5,6,18,21,9,13],[21,1,5,13,17,6,18,9],[9,17,21,1,5,18,13,22,6],[1,21,17,5,6,18,9,13],[17,5,18,1,21,9,13,6],[9,21,13,17,5,6,18,1],[13,9,21,1,5,17,6,18],[21,13,1,17,5,6,18,9],[13,9,1,5,17,6,18,21],[1,17,13,21,5,6,18,9],[1,5,9,17,6,18,21,13],[17,1,13,21,5,18,9,22,6],[1,9,5,17,18,13,21,6],[17,21,13,5,18,1,9,6],[21,9,1,13,17,5,6,18],[1,13,21,17,5,6,18,9],[13,5,21,1,17,18,9,6],[21,5,17,6,18,9,1,13],[5,13,21,17,6,18,9,1],[5,13,21,1,9,17,18,6],[17,1,13,21,5,6,18,9],[1,21,9,17,13,5,18,23],[21,9,17,13,5,6,18,1],[21,17,9,5,18,1,13,22,6],[1,13,5,17,18,21,9,6],[5,9,1,13,17,18,21,6],[9,13,5,1,17,6,18,21],[13,9,17,21,1,5,6,18],[13,1,5,17,6,18,9,21],[1,5,21,13,9,17,18,22,6],[9,13,21,1,17,5,18,6],[17,5,18,1,21,9,13,6],[9,1,21,13,17,5,18,6],[9,13,1,17,21,5,18,22,6],[1,17,9,21,13,5,6,18],[9,1,13,5,17,18,21,6],[5,9,1,21,13,17,18,22,6],[5,13,1,17,6,18,9,21],[13,5,9,17,6,18,1,21],[5,21,1,9,13,17,6,18],[9,17,1,13,5,6,18,21],[13,9,1,17,21,5,18,22,6],[13,17,5,18,9,1,21,6],[9,1,13,21,17,5,6,18],[5,9,21,13,17,18,1,6],[5,1,21,9,13,17,6,18],[21,1,17,5,6,18,13,9],[13,5,1,21,9,17,18,22,6],[21,17,9,5,6,18,13,1],[9,1,17,13,21,5,6,18],[5,9,17,6,18,13,1,21],[5,9,21,17,6,18,1,13],[5,17,6,18,13,9,1,21],[5,17,6,18,13,1,9,21],[17,21,9,5,18,1,13,6],[5,21,1,13,17,18,9,6],[5,1,17,18,13,9,21,22,6],[21,9,5,13,1,17,6,18],[13,21,9,17,5,6,18,1],[5,17,6,18,13,21,9,1],[1,17,21,13,9,5,6,18],[1,5,21,9,17,6,18,13],[17,21,5,6,18,1,9,13],[1,5,17,18,13,9,21,22,6],[5,1,9,21,17,18,13,6],[1,13,9,17,21,5,18,6],[21,17,9,1,13,5,6,18],[13,5,1,21,9,17,6,18],[17,13,21,5,6,18,1,9],[17,9,1,21,5,6,18,13],[9,1,21,17,13,5,18,22,6],[1,9,17,21,5,18,13,6],[1,13,9,5,21,17,6,18],[21,5,1,17,6,18,13,9],[21,13,5,1,17,18,9,22,6],[5,21,9,1,17,6,18,13],[5,17,18,9,13,21,1,22,6],[17,9,1,13,21,5,6,18],[13,9,5,1,21,17,18,22,6],[5,21,13,9,17,18,1,22,6],[17,5,18,21,13,1,9,6],[17,13,21,5,18,1,9,22,6],[5,17,18,9,13,21,1,6],[13,21,5,9,17,6,18,1],[21,1,9,13,5,17,6,18],[21,1,5,17,6,18,13,9],[13,1,17,21,5,18,9,6],[13,17,21,9,5,18,1,6],[17,21,9,13,1,5,6,18],[21,13,17,5,6,18,1,9],[13,17,9,21,5,6,18,1],[9,17,5,6,18,1,13,21],[21,13,9,17,1,5,6,18],[1,17,13,21,9,5,6,18],[13,17,5,18,21,1,9,22,6],[13,21,5,9,1,17,18,6],[9,1,5,17,18,13,21,6],[21,1,5,9,13,17,6,18],[13,9,1,21,5,17,18,6],[1,5,17,18,9,21,13,6],[1,13,9,17,21,5,18,6],[1,5,21,9,17,18,13,6],[17,5,6,18,13,1,21,9],[9,13,1,21,5,17,6,18],[5,1,9,13,17,18,21,22,6],[5,13,21,9,1,17,18,6],[13,21,5,1,9,17,18,6],[5,13,1,21,17,6,18,9],[21,5,9,1,13,17,18,22,6],[21,9,1,13,5,17,6,18],[17,13,1,9,5,6,18,21],[17,9,13,21,5,6,18,1],[5,17,6,18,1,21,9,13],[17,5,18,1,13,9,21,22,6],[13,5,9,21,17,18,1,22,6],[13,1,17,5,18,9,21,22,6],[1,21,13,17,5,18,9,6],[17,9,5,6,18,21,13,1],[21,9,1,13,17,5,18,22,6],[9,17,1,21,5,6,18,13],[17,1,21,13,5,6,18,9],[13,17,1,5,18,21,9,22,6],[17,5,18,1,13,9,21,22,6],[9,21,13,17,1,5,18,22,6],[13,5,9,1,17,18,21,6],[13,1,17,9,21,5,18,6],[17,5,6,18,13,21,1,9],[5,9,1,17,6,18,13,21],[9,1,13,17,21,5,6,18],[9,17,1,21,5,6,18,13],[13,1,17,9,21,5,6,18],[13,5,9,21,17,18,1,22,6],[1,17,5,6,18,9,13,21],[9,1,21,13,5,17,18,22,6],[1,13,9,17,5,6,18,21],[9,1,13,5,17,6,18,21],[21,13,9,5,17,6,18,1],[1,9,5,13,21,17,18,22,6],[9,5,13,21,1,17,18,22,6],[5,17,18,1,13,21,9,22,6],[17,1,21,5,6,18,13,9],[13,17,21,9,1,5,6,18],[21,9,13,17,1,5,6,18],[13,1,5,17,6,18,21,9],[13,9,17,5,6,18,1,21],[17,5,6,18,1,21,9,13],[1,21,5,17,6,18,13,9],[13,9,17,1,21,5,6,18],[17,1,5,18,9,21,13,6],[13,9,1,5,17,18,21,22,6],[5,13,1,21,9,17,6,18],[17,9,5,6,18,1,21,13],[17,13,9,21,5,18,1,6],[9,5,17,18,21,13,1,22,6],[13,17,1,9,5,18,21,22,6],[21,17,9,1,13,5,6,18],[9,5,21,13,17,18,1,22,6],[9,1,17,5,18,13,21,6],[5,1,21,17,6,18,9,13],[17,5,18,21,1,13,9,6],[9,21,1,17,13,5,18,22,6],[1,17,21,13,9,5,18,22,6],[21,17,5,6,18,1,13,9],[21,1,9,17,5,6,18,13],[1,21,9,17,13,5,18,6],[13,5,9,1,17,18,21,22,6],[9,1,21,17,13,5,6,18],[21,17,1,5,6,18,9,13],[9,1,5,13,21,17,18,6],[9,17,1,13,5,18,21,6],[1,9,13,17,5,18,21,22,6],[13,9,1,5,21,17,18,22,6],[21,17,5,6,18,9,13,1],[9,21,1,5,17,18,13,6],[17,13,5,18,1,21,9,6],[1,5,9,17,6,18,13,21],[9,5,21,13,1,17,18,22,6],[9,5,13,17,6,18,1,21],[13,5,17,6,18,9,21,1],[1,9,5,13,17,18,21,6],[9,5,21,17,18,1,13,22,6],[13,17,21,5,18,1,9,22,6],[21,13,5,9,1,17,18,22,6],[1,21,13,9,17,5,18,6],[13,1,9,5,21,17,18,22,6],[5,9,1,17,18,13,21,6],[1,13,17,9,21,5,6,18],[17,5,18,1,13,21,9,6],[17,21,5,6,18,13,9,1],[5,13,17,18,1,9,21,6],[17,5,18,21,1,13,9,22,6],[21,9,5,1,13,17,6,18],[21,13,17,1,9,5,6,18],[13,21,1,9,5,17,18,6],[17,1,9,13,21,5,18,6],[13,5,17,6,18,21,9,1],[1,13,17,21,5,18,9,6],[13,1,9,21,17,5,18,6],[13,9,21,5,1,17,6,18],[5,21,1,13,17,18,9,6],[5,17,6,18,13,1,21,9],[17,13,5,6,18,1,9,21],[17,1,13,21,5,6,18,9],[5,17,6,18,1,13,9,21],[1,9,21,5,13,17,18,22,6],[5,13,9,17,18,21,1,22,6],[21,5,17,18,13,1,9,6],[21,1,5,9,17,6,18,13],[21,17,13,9,5,6,18,1],[17,5,18,21,13,1,9,22,6],[9,21,17,1,5,6,18,13],[9,21,17,5,6,18,13,1],[5,1,17,18,21,13,9,6],[1,17,5,6,18,21,9,13],[13,21,5,9,17,18,1,6],[5,17,18,21,13,9,1,6],[9,13,1,5,21,17,6,18],[17,13,21,9,5,6,18,1],[5,9,13,21,17,6,18,1],[17,1,13,21,9,5,18,6],[13,5,1,21,17,6,18,9],[21,9,17,5,18,13,1,22,6],[1,17,5,6,18,21,13,9],[5,1,9,17,6,18,13,21],[5,13,9,1,17,18,21,6],[17,5,6,18,21,1,9,13],[13,1,9,21,17,5,18,6],[13,17,21,1,9,5,6,18],[21,5,9,1,17,18,13,6],[21,9,5,1,17,18,13,6],[9,5,17,18,1,13,21,6],[9,1,13,17,5,6,18,21],[5,1,9,21,13,17,6,18],[9,17,5,18,21,1,13,6],[13,1,5,17,18,9,21,6],[1,17,5,6,18,13,9,21],[21,1,5,9,17,6,18,13],[1,17,9,13,5,18,21,22,6],[13,17,5,6,18,1,9,21],[21,17,13,1,5,6,18,9],[17,21,9,1,13,5,18,22,6],[21,5,9,13,17,6,18,1],[13,9,1,5,21,17,6,18],[17,21,5,18,1,9,13,22,6],[13,9,1,21,5,17,6,18],[1,17,21,5,6,18,9,13],[17,1,5,6,18,9,13,21],[1,13,9,21,17,5,18,6],[1,9,5,21,17,18,13,22,6],[5,21,13,1,9,17,6,18],[17,13,9,5,18,1,21,22,6],[9,1,5,13,17,18,21,22,6],[5,9,17,18,21,1,13,22,6],[21,13,1,17,5,6,18,9],[5,9,21,13,1,17,18,22,6],[1,9,13,17,5,6,18,21],[5,9,13,17,18,21,1,22,6],[5,13,1,21,17,6,18,9],[9,21,5,13,17,18,1,6],[17,1,21,13,5,18,9,6],[13,5,9,17,6,18,21,1],[5,13,21,9,1,17,6,18],[17,9,5,18,1,13,21,6],[5,13,9,17,6,18,1,21],[1,13,5,9,21,17,6,18],[1,13,21,17,5,6,18,9],[17,21,5,18,9,1,13,23],[9,17,13,21,5,18,1,22,6],[13,17,9,21,5,18,1,6],[5,13,1,17,6,18,9,21],[9,17,13,1,5,6,18,21],[17,1,9,13,21,5,18,22,6],[5,9,1,21,13,17,18,22,6],[17,9,13,21,1,5,18,6],[13,1,9,21,5,17,18,6],[13,21,17,5,6,18,1,9],[21,5,9,1,17,18,13,22,6],[5,9,1,13,21,17,6,18],[9,5,1,21,17,6,18,13],[1,9,21,17,5,6,18,13],[1,5,13,21,17,6,18,9],[9,5,21,13,1,17,6,18],[17,5,6,18,9,13,1,21],[13,9,17,21,1,5,18,22,6],[5,21,1,9,17,6,18,13],[17,21,9,13,5,6,18,1],[5,1,21,17,18,9,13,22,6],[13,17,1,21,9,5,18,6],[13,21,17,9,1,5,18,22,6],[21,17,9,1,5,18,13,6],[13,1,5,17,6,18,21,9],[13,5,1,21,17,6,18,9],[21,17,13,5,18,1,9,22,6],[21,9,13,17,5,6,18,1],[5,21,9,13,1,17,18,6],[9,5,1,17,18,21,13,6],[1,21,17,13,9,5,18,6],[5,13,9,17,6,18,1,21],[13,5,9,17,18,21,1,6],[17,5,6,18,21,1,9,13],[21,13,9,5,17,18,1,6],[1,17,13,9,21,5,18,22,6],[9,17,13,5,18,21,1,22,6],[5,9,17,6,18,21,13,1],[17,13,21,1,9,5,18,6],[9,5,1,21,13,17,18,6],[5,21,1,13,17,6,18,9],[21,5,9,13,1,17,6,18],[13,17,21,9,5,6,18,1],[9,21,1,5,17,18,13,22,6],[9,13,1,5,21,17,18,22,6],[1,21,17,9,5,6,18,13],[13,17,9,21,1,5,18,6],[13,5,9,21,17,6,18,1],[13,21,9,17,1,5,6,18],[1,17,9,13,21,5,18,22,6],[21,1,13,17,9,5,6,18],[5,1,21,13,17,18,9,22,6],[13,9,5,21,1,17,18,6],[5,9,17,18,13,21,1,6],[1,9,13,17,21,5,18,6],[1,21,9,5,17,18,13,22,6],[17,5,18,13,9,1,21,6],[1,9,13,17,21,5,18,6],[17,21,5,6,18,13,1,9],[5,1,9,13,17,18,21,22,6],[21,17,13,1,9,5,6,18],[5,9,13,1,17,18,21,6],[21,13,5,17,6,18,1,9],[9,17,21,13,5,18,1,22,6],[9,5,1,21,17,18,13,6],[13,9,5,21,1,17,18,6],[17,5,18,21,1,13,9,6],[9,5,1,13,21,17,18,22,6],[21,13,5,1,17,18,9,6],[21,17,5,18,1,9,13,6],[13,1,9,5,21,17,6,18],[17,9,1,5,6,18,21,13],[21,9,5,17,18,13,1,6],[13,1,5,9,17,6,18,21],[21,13,9,17,1,5,18,6],[17,5,6,18,21,9,1,13],[1,5,17,18,21,9,13,6],[9,13,1,21,5,17,18,22,6],[1,9,5,21,17,6,18,13],[5,13,1,21,9,17,6,18],[9,1,5,21,13,17,18,22,6],[13,21,5,17,6,18,9,1],[13,21,5,17,18,1,9,6],[9,13,21,17,1,5,18,22,6],[5,13,1,9,21,17,6,18],[13,5,17,18,9,21,1,22,6],[1,13,21,5,17,18,9,6],[21,5,17,18,9,1,13,22,6],[21,1,13,9,17,5,6,18],[1,17,5,6,18,9,21,13],[1,5,13,17,18,9,21,6],[9,13,1,17,5,18,21,22,6],[13,17,9,1,5,6,18,21],[5,17,18,9,13,21,1,23],[17,9,5,18,1,21,13,6],[5,13,17,6,18,21,9,1],[17,1,13,5,18,21,9,6],[21,1,13,5,9,17,18,6],[13,21,1,5,9,17,18,22,6],[9,13,21,5,1,17,18,6],[5,17,18,21,1,9,13,22,6],[1,9,17,21,13,5,18,22,6],[13,21,17,9,1,5,18,22,6],[21,9,1,5,17,18,13,6],[21,13,1,5,17,6,18,9],[5,17,18,13,1,21,9,22,6],[5,1,9,21,17,18,13,6],[1,21,13,5,9,17,18,6],[1,5,21,13,17,6,18,9],[21,9,17,5,18,13,1,22,6],[1,5,17,6,18,21,9,13],[21,9,1,17,13,5,6,18],[17,13,5,6,18,21,1,9],[13,17,9,1,5,6,18,21],[13,21,17,5,18,9,1,22,6],[13,1,5,17,18,21,9,6],[5,1,21,9,13,17,6,18],[5,17,6,18,9,21,1,13],[13,5,1,9,17,18,21,22,6],[1,17,5,18,13,21,9,6],[13,1,21,17,9,5,18,22,6],[13,17,1,5,6,18,9,21],[1,5,17,6,18,9,13,21],[1,21,9,13,17,5,18,6],[13,1,17,5,18,21,9,22,6],[13,5,9,21,1,17,18,6],[17,5,18,13,9,1,21,6],[9,21,1,13,5,17,6,18],[17,5,6,18,13,9,1,21],[5,13,1,17,6,18,9,21],[13,1,21,9,17,5,18,6],[17,21,1,5,6,18,9,13],[13,21,17,1,9,5,6,18],[1,9,21,13,17,5,18,22,6],[21,5,1,9,17,6,18,13],[9,13,5,17,6,18,21,1],[5,17,6,18,13,21,9,1],[5,9,13,1,17,6,18,21],[5,1,17,6,18,21,9,13],[21,17,1,9,5,6,18,13],[5,21,1,9,17,6,18,13],[5,21,13,1,9,17,6,18],[21,17,13,1,9,5,6,18],[21,1,5,9,17,18,13,22,6],[9,13,17,21,1,5,18,22,6],[1,17,13,21,9,5,18,6],[5,17,18,9,1,13,21,22,6],[13,1,9,5,17,18,21,22,6],[17,1,9,5,18,13,21,6],[13,5,17,18,21,9,1,22,6],[13,5,1,17,6,18,21,9],[21,13,5,17,6,18,9,1],[5,1,21,9,17,18,13,6],[5,1,17,18,13,9,21,6],[9,17,13,1,5,18,21,6],[5,1,17,18,9,13,21,6],[13,5,17,18,9,1,21,22,6],[9,21,1,5,17,6,18,13],[21,1,9,17,5,6,18,13],[5,9,13,1,21,17,18,22,6],[1,9,21,17,13,5,18,22,6],[13,5,1,21,9,17,18,6],[9,17,13,21,1,5,6,18],[17,9,5,6,18,1,13,21],[5,1,17,6,18,13,21,9],[5,13,9,21,1,17,18,22,6],[13,1,21,5,17,6,18,9],[17,5,18,9,13,21,1,22,6],[9,13,5,21,17,6,18,1],[9,13,1,21,5,17,6,18],[9,17,5,18,13,21,1,6],[5,9,17,18,21,1,13,22,6],[5,21,9,13,1,17,6,18],[13,9,5,1,17,18,21,6],[13,17,21,9,1,5,18,6],[17,9,1,21,13,5,6,18],[13,1,5,9,17,6,18,21],[9,13,17,1,5,6,18,21],[5,1,17,6,18,21,9,13],[17,21,9,1,13,5,6,18],[17,9,21,1,13,5,6,18],[9,13,21,17,1,5,6,18],[13,21,17,9,5,6,18,1],[1,17,9,5,6,18,13,21],[5,9,1,17,6,18,13,21],[9,17,5,6,18,21,1,13],[21,13,1,17,9,5,6,18],[1,9,17,13,5,18,21,6],[1,5,9,13,21,17,6,18],[1,17,13,21,9,5,6,18],[9,21,13,17,5,18,1,6],[13,21,17,1,9,5,18,22,6],[17,21,5,6,18,1,13,9],[9,5,13,21,1,17,6,18],[5,13,1,21,9,17,18,6],[5,13,9,17,18,21,1,22,6],[21,13,1,17,9,5,18,6],[13,5,9,1,17,6,18,21],[17,13,9,5,6,18,21,1],[13,17,5,18,1,21,9,6],[1,9,13,21,17,5,6,18],[9,21,17,13,1,5,18,6],[17,9,13,21,5,18,1,22,6],[21,17,1,9,13,5,18,6],[17,5,6,18,1,13,21,9],[1,13,17,21,5,6,18,9],[9,17,5,6,18,13,21,1],[5,1,13,9,17,6,18,21],[5,9,17,18,21,13,1,22,6],[5,9,17,18,21,1,13,22,6],[9,1,21,17,5,18,13,6],[21,5,17,18,9,1,13,22,6],[5,17,18,9,21,1,13,6],[1,13,21,5,17,6,18,9],[13,9,1,17,21,5,6,18],[17,5,18,21,13,9,1,6],[17,1,9,21,5,18,13,22,6],[17,13,9,1,5,6,18,21],[1,21,13,17,9,5,18,22,6],[13,17,9,21,1,5,18,22,6],[1,21,9,5,17,18,13,22,6],[9,21,17,13,5,6,18,1],[1,17,13,5,6,18,9,21],[5,17,18,1,13,21,9,6],[1,13,17,5,6,18,9,21],[21,5,17,18,13,9,1,6],[21,5,9,1,17,6,18,13],[5,9,1,21,13,17,6,18],[13,9,1,17,21,5,18,22,6],[9,1,17,21,5,18,13,6],[5,13,9,17,6,18,21,1],[17,1,9,13,21,5,6,18],[13,5,9,21,1,17,6,18],[17,21,1,13,5,6,18,9],[17,1,21,9,5,18,13,22,6],[17,13,9,5,18,21,1,22,6],[21,1,13,9,5,17,18,22,6],[17,9,1,13,5,18,21,22,6],[5,21,9,13,1,17,18,6],[21,1,9,13,5,17,18,6],[1,13,5,17,6,18,9,21],[21,5,1,17,18,13,9,6],[17,21,13,9,5,6,18,1],[5,1,21,17,6,18,13,9],[21,5,1,17,18,9,13,6],[13,5,21,1,17,18,9,6],[13,1,21,17,5,18,9,6],[13,1,17,21,5,18,9,6],[17,13,9,1,21,5,18,6],[13,21,9,17,5,6,18,1],[9,1,13,5,21,17,6,18],[5,13,9,21,1,17,6,18],[5,17,18,13,9,21,1,6],[17,13,21,9,1,5,6,18],[13,1,9,21,5,17,6,18],[13,1,5,9,17,6,18,21],[21,5,17,6,18,1,13,9],[9,13,17,1,21,5,18,22,6],[13,5,21,1,9,17,18,6],[1,21,17,13,9,5,18,22,6],[5,9,13,1,21,17,18,6],[21,5,1,13,17,18,9,6],[17,1,13,9,21,5,18,6],[13,17,9,21,5,18,1,6],[9,5,17,6,18,13,21,1],[17,1,9,21,13,5,6,18],[5,21,1,17,18,13,9,6],[1,9,5,17,18,21,13,22,6],[13,21,9,5,17,6,18,1],[5,17,6,18,1,21,9,13],[21,9,5,17,18,13,1,6],[13,1,17,21,5,6,18,9],[5,13,9,17,18,1,21,6],[9,1,13,21,5,17,6,18],[13,9,17,21,5,18,1,6],[1,13,17,5,6,18,21,9],[9,5,13,17,6,18,1,21],[13,5,1,21,17,18,9,6],[9,17,5,6,18,13,21,1],[21,17,1,5,18,13,9,6],[21,1,17,9,13,5,6,18],[17,9,5,18,21,1,13,6],[9,5,1,17,6,18,13,21],[13,21,1,5,9,17,6,18],[5,21,17,18,13,9,1,6],[9,13,21,5,1,17,18,6],[1,5,9,21,17,6,18,13],[17,5,6,18,13,9,1,21],[9,5,21,1,17,18,13,6],[21,13,9,1,5,17,6,18],[1,17,9,21,5,6,18,13],[17,9,1,5,6,18,21,13],[5,1,9,17,6,18,13,21],[17,1,9,13,21,5,6,18],[13,17,9,1,5,18,21,6],[5,21,9,17,6,18,13,1],[21,13,17,9,1,5,6,18],[5,9,17,18,13,1,21,22,6],[9,17,1,21,5,18,13,6],[1,5,13,9,21,17,6,18],[21,9,5,13,1,17,6,18],[21,1,5,13,17,18,9,6],[21,1,17,13,5,18,9,6],[21,13,9,17,1,5,6,18],[5,9,21,17,6,18,13,1],[9,5,17,18,21,13,1,6],[5,13,9,1,17,6,18,21],[17,21,1,5,18,13,9,22,6],[13,5,17,18,9,21,1,22,6],[13,5,17,6,18,1,21,9],[17,13,21,9,5,18,1,22,6],[5,9,17,6,18,1,21,13],[1,5,17,6,18,21,9,13],[17,21,13,1,5,6,18,9],[17,5,18,21,13,9,1,6],[5,21,13,9,17,6,18,1],[21,5,17,18,9,1,13,6],[1,9,17,21,5,6,18,13],[1,9,21,17,13,5,6,18],[21,9,5,17,6,18,13,1],[5,13,1,17,18,21,9,6],[1,13,21,5,9,17,18,6],[13,5,21,1,9,17,18,6],[1,17,13,21,5,18,9,6],[5,13,17,6,18,9,1,21],[9,1,17,21,13,5,6,18],[13,21,9,5,17,18,1,6],[9,5,21,1,13,17,6,18],[5,21,17,6,18,1,13,9],[13,1,9,21,5,17,6,18],[5,1,9,13,21,17,18,6],[5,21,1,17,18,13,9,22,6],[21,1,17,5,18,9,13,22,6],[5,21,13,17,6,18,9,1],[13,17,5,18,1,21,9,22,6],[9,21,17,13,1,5,18,22,6],[1,21,17,9,5,18,13,6],[13,5,1,9,17,18,21,6],[17,13,9,5,6,18,21,1],[13,9,5,1,21,17,6,18],[17,9,5,18,21,13,1,22,6],[21,17,1,13,5,6,18,9],[17,1,21,9,5,18,13,22,6],[9,1,13,21,5,17,6,18],[1,17,21,13,5,6,18,9],[1,17,13,21,9,5,6,18],[21,13,9,1,17,5,18,6],[1,13,17,5,18,9,21,22,6],[13,17,9,21,1,5,18,22,6],[13,21,17,9,1,5,18,22,6],[9,13,1,5,17,18,21,22,6],[17,9,21,1,5,6,18,13],[5,21,13,1,17,18,9,6],[13,9,5,1,17,6,18,21],[21,17,9,13,5,18,1,22,6],[5,17,18,1,9,21,13,22,6],[5,17,6,18,1,13,9,21],[21,13,17,1,9,5,18,6],[9,13,5,17,18,21,1,22,6],[5,21,13,17,18,1,9,22,6],[1,5,9,21,17,18,13,6],[9,1,17,13,21,5,6,18],[9,17,21,5,18,13,1,22,6],[5,13,1,21,9,17,6,18],[13,1,5,21,17,18,9,6],[9,21,17,5,6,18,1,13],[1,9,13,5,17,18,21,22,6],[5,21,9,17,18,13,1,22,6],[21,5,13,1,9,17,6,18],[5,9,17,18,13,1,21,22,6],[9,17,21,1,13,5,6,18],[13,5,9,1,21,17,6,18],[5,13,9,1,17,18,21,22,6],[21,17,9,5,18,1,13,22,6],[17,1,13,5,6,18,21,9],[1,9,5,13,21,17,18,22,6],[1,21,9,17,5,6,18,13],[5,1,9,21,17,6,18,13],[21,9,5,17,6,18,13,1],[21,13,9,17,5,6,18,1],[1,13,17,21,9,5,18,22,6],[9,5,13,1,21,17,6,18],[17,9,5,6,18,21,13,1],[17,13,1,21,5,18,9,6],[9,13,5,17,6,18,1,21],[21,9,17,13,1,5,6,18],[5,21,17,6,18,9,13,1],[21,1,13,17,9,5,18,6],[5,13,17,6,18,1,9,21],[5,13,17,18,1,21,9,22,6],[21,5,13,17,18,9,1,6],[13,1,5,17,18,9,21,6],[21,13,5,17,6,18,1,9],[1,17,9,21,5,6,18,13],[9,13,21,1,5,17,18,22,6],[9,1,17,21,13,5,18,22,6],[21,13,1,9,17,5,6,18],[21,17,1,13,9,5,18,22,6],[5,17,6,18,21,13,9,1],[1,17,9,13,5,18,21,6],[13,21,17,1,9,5,18,6],[1,13,21,17,9,5,18,22,6],[1,21,9,17,5,18,13,6],[13,17,21,1,5,18,9,22,6],[17,1,21,5,6,18,13,9],[9,21,5,17,6,18,1,13],[17,21,9,5,6,18,13,1],[21,9,1,17,5,6,18,13],[21,1,9,5,17,18,13,6],[9,5,21,1,17,18,13,6],[13,21,9,17,5,18,1,6],[5,1,17,6,18,13,21,9],[9,1,13,21,5,17,18,6],[21,9,1,17,5,6,18,13],[13,21,17,1,5,6,18,9],[21,1,5,13,17,6,18,9],[21,13,17,9,1,5,6,18],[5,1,9,17,6,18,13,21],[5,9,1,13,17,6,18,21],[17,1,13,21,9,5,18,22,6],[21,13,1,9,17,5,18,22,6],[13,9,21,17,1,5,6,18],[5,17,6,18,9,1,13,21],[9,21,1,13,17,5,18,22,6],[9,21,13,17,5,18,1,22,6],[13,5,1,9,21,17,18,22,6],[21,17,1,5,6,18,9,13],[1,5,21,13,17,6,18,9],[5,13,17,6,18,9,21,1],[21,1,5,17,18,13,9,22,7,6],[17,21,9,5,18,13,1,22,6],[1,5,17,6,18,13,21,9],[13,5,9,1,21,17,6,18],[5,13,17,6,18,21,1,9],[9,1,17,13,21,5,18,22,6],[1,17,21,9,13,5,6,18],[1,9,13,5,17,18,21,6],[9,17,13,5,6,18,21,1],[21,9,1,5,17,18,13,6],[5,21,1,9,17,6,18,13],[5,13,1,21,17,18,9,22,6],[17,5,6,18,9,1,13,21],[21,5,13,9,17,18,1,6],[1,21,9,5,13,17,6,18],[9,21,1,5,13,17,18,22,6],[17,13,5,6,18,9,1,21],[17,21,13,1,5,18,9,22,6],[9,17,13,1,21,5,6,18],[1,9,17,21,13,5,18,6],[9,13,17,21,1,5,18,22,6],[9,5,21,1,13,17,6,18],[5,17,6,18,1,21,9,13],[17,5,18,1,9,13,21,6],[9,13,5,17,18,21,1,22,6],[13,5,17,6,18,21,1,9],[17,9,21,13,1,5,6,18],[13,1,5,17,6,18,9,21],[9,21,17,1,13,5,6,18],[5,13,17,6,18,9,1,21],[9,21,5,1,17,6,18,13],[13,21,17,1,9,5,18,6],[17,1,5,18,13,21,9,23],[17,5,6,18,9,13,21,1],[9,5,13,17,6,18,21,1],[13,5,21,17,6,18,9,1],[21,1,13,9,5,17,6,18],[1,17,9,21,13,5,18,22,6],[5,13,21,1,17,6,18,9],[21,13,5,9,1,17,18,6],[17,5,18,13,9,21,1,6],[5,13,21,9,17,18,1,6],[5,13,1,17,18,21,9,6],[13,17,21,9,5,6,18,1],[17,13,5,18,1,9,21,6],[13,1,5,21,17,18,9,22,6],[9,1,13,21,5,17,18,6],[9,1,17,13,21,5,18,22,6],[17,9,21,13,5,6,18,1],[17,9,5,18,13,1,21,6],[5,17,18,9,1,13,21,22,6],[9,13,17,21,5,18,1,22,6],[13,21,1,5,17,18,9,6],[17,9,1,5,18,13,21,6],[21,9,17,13,1,5,18,22,6],[1,9,21,13,5,17,6,18],[9,21,1,17,13,5,6,18],[5,1,17,6,18,9,13,21],[5,17,6,18,9,21,1,13],[13,5,9,21,17,18,1,6],[13,1,21,17,9,5,18,6],[1,9,21,13,17,5,6,18],[9,21,1,5,13,17,6,18],[21,1,13,17,5,18,9,22,6],[9,5,21,17,6,18,13,1],[17,1,21,13,9,5,6,18],[13,17,5,18,9,21,1,6],[9,13,5,21,1,17,18,6],[1,21,17,5,6,18,13,9],[9,13,17,1,21,5,6,18],[17,1,21,13,5,18,9,22,6],[5,1,17,6,18,9,13,21],[13,1,21,9,17,5,6,18],[13,9,5,17,18,21,1,6],[5,13,21,17,18,1,9,22,6],[1,9,21,5,13,17,6,18],[13,9,21,17,1,5,18,22,6],[1,9,5,13,21,17,6,18],[5,13,1,9,21,17,6,18],[13,17,5,6,18,9,1,21],[21,5,1,17,18,13,9,6],[5,21,9,1,17,18,13,22,6],[21,1,9,17,13,5,6,18],[1,21,9,17,5,18,13,22,6],[9,13,17,21,1,5,18,6],[13,1,5,17,6,18,21,9],[5,21,13,9,17,18,1,22,6],[9,17,21,1,13,5,6,18],[9,1,21,5,17,6,18,13],[5,17,6,18,13,21,9,1],[1,21,5,13,9,17,18,22,6],[13,9,5,17,6,18,21,1],[17,13,21,1,9,5,6,18],[5,21,17,18,9,1,13,6],[13,1,5,17,6,18,9,21],[5,13,1,9,17,6,18,21],[21,5,17,18,1,9,13,22,6]],"n_human":7}