{"problem_id":"9IzGcQUmtpjXBNJ","sigma":150,"alpha":10.000,"cost":4,"probabilities":"[0.27, 0.18, 0.35, 0.2]","payoff_matrix":"[[-58, -346, 97, 184, -59, 4], [-169, -68, -110, -40, -131, 192], [-464, 128, -46, -145, 103, -43], [338, 38, -43, -117, -44, 214]]","uncovered":[[3,19,15,11,7,17,5,23],[23,3,15,19,7,17,5,11],[7,11,3,15,19,5,23],[23,7,19,17,5,11,3,15],[7,19,5,15,11,3,23],[7,3,19,5,11,15,23],[11,3,23,7,15,19,17,5],[23,7,11,3,15,19,17,5],[19,11,15,3,7,5,23],[19,7,5,11,23,15,3],[19,15,23,7,17,5,11,3],[19,11,15,23,3,7,5],[7,15,11,19,17,5,3,23],[7,15,19,5,11,23,3],[19,3,7,17,5,15,11,23],[19,7,17,5,23,11,3,15],[7,19,5,23,15,11,3],[3,23,7,15,11,19,17,5],[3,23,11,19,15,7,5],[7,15,11,3,23,19,17,5],[19,11,15,3,7,17,5,23],[3,11,23,15,19,7,5],[15,7,11,23,19,17,5,3],[23,3,11,19,7,5,15],[11,7,3,23,15,19,5],[11,15,19,23,7,17,5,3],[15,7,23,11,19,17,5,3],[7,3,15,23,11,19,17,5],[11,19,15,3,7,5,23],[23,19,7,5,11,3,15],[15,11,23,3,19,7,5],[19,15,11,3,7,5,23],[11,23,7,19,5,3,15],[11,23,3,15,19,7,17,5],[15,7,11,3,23,19,17,5],[3,23,15,11,7,19,17,5],[23,11,19,3,15,7,17,5],[11,3,15,7,19,5,23],[3,19,23,11,7,17,5,15],[23,3,15,19,11,7,5],[23,19,11,7,17,5,3,15],[15,7,23,11,19,17,5,3],[19,23,11,7,17,5,3,15],[7,15,3,23,11,19,5],[19,23,11,15,7,5,3],[23,15,3,11,7,19,5],[11,19,7,5,3,23,15],[15,23,11,7,3,19,17,5],[19,3,15,23,7,5,11],[15,23,19,11,3,7,17,5],[19,11,23,15,3,7,17,5],[23,11,3,19,7,5,15],[7,23,19,17,5,3,11,15],[3,15,19,11,23,7,5],[19,23,15,3,11,7,17,5],[19,11,23,7,17,5,15,3],[23,11,15,3,19,7,17,5],[7,11,23,3,19,5,15],[15,7,3,23,19,5,11],[23,3,19,7,5,11,15],[7,23,19,5,15,11,3],[11,23,19,3,15,7,17,5],[3,11,7,19,17,5,15,23],[23,7,19,5,11,3,15],[11,3,23,19,7,5,15],[23,19,3,15,7,5,11],[23,3,19,11,7,17,5,15],[19,15,3,11,23,7,5],[19,23,3,15,11,7,5],[15,7,23,19,17,5,11,3],[11,23,19,7,5,3,15],[23,15,11,3,19,7,17,5],[23,19,7,17,5,15,11,3],[19,15,7,5,11,3,23],[3,23,19,15,7,17,5,11],[7,15,23,19,5,11,3],[15,7,3,23,11,19,5],[15,3,23,7,11,19,17,5],[11,15,23,7,3,19,17,5],[7,15,23,11,19,5,3],[11,7,23,19,5,3,15],[7,19,5,23,3,11,15],[7,23,15,19,5,3,11],[19,7,17,5,11,15,3,23],[19,11,23,15,7,5,3],[3,23,7,19,17,5,11,15],[19,7,5,3,15,11,23],[15,3,23,19,11,7,5],[11,3,15,23,7,19,17,5],[3,23,11,19,15,7,5],[3,19,23,7,5,15,11],[19,7,17,5,3,11,23,15],[11,3,7,15,19,17,5,23],[15,7,19,17,5,3,23,11],[19,7,17,5,15,11,23,3],[11,19,23,7,17,5,3,15],[7,3,19,17,5,11,15,23],[7,11,3,19,17,5,15,23],[19,11,23,15,7,17,5,3],[19,23,11,3,15,7,5],[7,23,15,3,19,17,5,11],[11,3,19,23,15,7,5],[3,23,15,11,7,19,5],[7,19,5,11,23,3,15],[7,3,23,11,19,17,5,15],[7,11,3,19,17,5,15,23],[7,23,19,5,3,11,15],[19,15,23,7,17,5,3,11],[7,3,11,23,19,17,5,15],[11,7,15,3,23,19,5],[23,3,11,7,19,5,15],[19,23,11,3,7,17,5,15],[15,3,11,7,23,19,5],[15,23,11,19,7,5,3],[3,23,19,11,7,5,15],[11,19,7,17,5,23,3,15],[19,3,11,23,15,7,5],[3,7,15,23,19,17,5,11],[7,23,3,19,17,5,15,11],[3,7,23,11,19,17,5,15],[7,23,11,15,3,19,5],[15,23,7,19,17,5,3,11],[23,15,3,11,7,19,5],[11,15,7,3,19,17,5,23],[7,19,5,15,23,3,11],[7,15,23,3,11,19,5],[23,11,3,15,7,19,5],[23,11,15,19,7,17,5,3],[3,11,15,19,23,7,17,5],[15,23,19,3,11,7,17,5],[19,7,17,5,11,23,3,15],[7,11,3,23,19,5,15],[19,11,23,7,17,5,3,15],[19,15,23,3,11,7,5],[3,11,23,7,19,17,5,15],[3,19,23,7,5,11,15],[15,11,23,3,7,19,17,5],[7,19,5,3,23,15,11],[11,23,7,19,5,3,15],[19,7,17,5,15,11,23,3],[23,19,15,7,17,5,11,3],[23,15,3,19,11,7,5],[3,7,11,23,15,19,5],[23,11,19,7,5,15,3],[19,3,15,11,7,5,23],[3,19,15,7,5,11,23],[23,7,11,19,17,5,15,3],[15,7,3,19,5,11,23],[3,7,15,19,5,11,23],[15,7,3,11,23,19,5],[11,3,23,19,7,5,15],[15,23,3,7,11,19,5],[23,11,3,19,15,7,17,5],[19,23,3,15,11,7,5],[19,23,11,15,7,5,3],[19,15,11,3,7,17,5,23],[23,11,3,19,15,7,5],[15,3,23,11,7,19,17,5],[3,7,23,15,11,19,5],[15,23,19,7,17,5,11,3],[19,11,3,15,23,7,5],[23,19,11,15,7,5,3],[19,15,11,23,7,5,3],[15,7,19,17,5,23,11,3],[15,11,7,19,5,23,3],[19,11,15,3,23,7,17,5],[7,23,19,5,3,15,11],[7,11,15,23,3,19,17,5],[23,15,7,19,17,5,3,11],[15,23,11,19,7,17,5,3],[15,11,23,19,7,5,3],[15,23,7,11,3,19,5],[23,7,11,19,5,3,15],[15,11,19,23,3,7,17,5],[3,19,11,7,17,5,15,23],[19,7,5,3,23,15,11],[11,3,23,7,15,19,17,5],[19,15,3,7,5,23,11],[15,11,23,19,3,7,5],[3,23,15,7,11,19,17,5],[7,3,19,5,15,11,23],[19,15,23,11,7,17,5,3],[23,15,3,7,19,17,5,11],[11,15,7,19,5,23,3],[11,19,3,7,5,23,15],[11,7,23,15,19,5,3],[15,19,11,3,7,5,23],[7,15,23,11,19,17,5,3],[7,15,19,5,3,23,11],[23,15,11,19,7,5,3],[15,23,3,7,19,17,5,11],[7,11,15,3,19,17,5,23],[23,15,7,11,3,19,17,5],[3,23,19,11,15,7,5],[3,7,15,11,23,19,17,5],[3,19,23,7,17,5,11,15],[7,3,11,15,19,5,23],[19,11,15,23,7,17,5,3],[7,11,3,15,23,19,17,5],[7,19,17,5,3,11,15,23],[3,11,15,23,19,7,17,5],[7,3,15,23,19,17,5,11],[11,19,3,15,23,7,5],[15,7,3,11,23,19,17,5],[15,7,11,3,19,5,23],[15,3,23,11,19,7,5],[3,7,15,19,5,23,11],[3,11,19,7,5,23,15],[15,23,19,11,7,5,3],[19,15,7,5,23,3,11],[23,3,11,15,19,7,17,5],[11,19,7,5,3,23,15],[23,7,11,19,5,3,15],[11,19,3,7,5,23,15],[15,23,3,7,11,19,17,5],[19,23,7,5,3,15,11],[11,3,23,7,19,5,15],[23,19,3,7,17,5,11,15],[23,15,11,3,19,7,17,5],[7,3,15,11,23,19,5],[15,19,23,11,7,5,3],[11,19,23,3,7,5,15],[15,3,23,19,11,7,17,5],[23,7,19,17,5,15,3,11],[15,23,3,7,19,17,5,11],[11,3,7,23,19,17,5,15],[11,19,3,23,7,5,15],[7,11,23,19,17,5,15,3],[23,3,7,11,19,5,15],[3,19,15,7,5,11,23],[7,11,23,19,5,15,3],[3,19,15,23,7,17,5,11],[15,23,19,3,11,7,17,5],[23,3,19,15,7,5,11],[11,15,3,19,23,7,17,5],[3,7,15,11,19,5,23],[11,3,23,19,15,7,17,5],[23,7,19,5,3,11,15],[15,19,3,11,23,7,5],[15,7,11,23,19,5,3],[7,19,17,5,23,11,3,15],[19,15,23,11,7,17,5,3],[11,19,15,7,5,3,23],[11,15,7,19,17,5,3,23],[7,15,11,3,19,5,23],[3,23,11,7,15,19,5],[19,3,15,11,23,7,5],[23,19,7,17,5,11,15,3],[23,19,11,3,15,7,5],[19,7,17,5,3,23,11,15],[19,23,7,17,5,15,11,3],[7,19,17,5,15,3,23,11],[15,11,3,23,7,19,5],[23,7,19,5,11,15,3],[7,3,19,5,15,23,11],[15,19,3,7,5,23,11],[15,23,7,3,11,19,5],[7,3,23,19,17,5,15,11],[19,15,7,5,23,3,11],[23,11,3,7,19,17,5,15],[23,15,11,19,3,7,5],[15,3,23,19,7,5,11],[19,15,11,3,23,7,5],[23,7,15,3,19,5,11],[11,15,23,19,3,7,17,5],[11,15,23,19,7,17,5,3],[19,7,5,11,23,15,3],[19,3,7,17,5,23,11,15],[11,15,7,3,19,17,5,23],[7,23,15,19,5,11,3],[19,11,7,5,15,3,23],[23,19,3,11,7,17,5,15],[23,19,3,7,5,11,15],[3,15,11,7,19,5,23],[11,23,15,7,3,19,17,5],[19,23,15,11,3,7,5],[7,23,19,17,5,11,15,3],[11,19,23,7,5,15,3],[19,15,11,7,5,3,23],[7,3,19,5,15,23,11],[23,3,7,15,19,5,11],[3,7,19,17,5,23,11,15],[3,11,19,15,23,7,17,5],[7,23,19,5,15,3,11],[3,23,15,19,11,7,17,5],[19,11,3,7,5,15,23],[15,11,3,7,23,19,5],[23,3,15,19,7,5,11],[19,15,7,5,23,11,3],[3,19,7,17,5,11,15,23],[3,7,15,23,19,17,5,11],[7,3,11,15,19,5,23],[23,3,7,11,19,5,15],[7,15,11,3,19,17,5,23],[19,3,23,15,7,17,5,11],[19,23,11,7,17,5,3,15],[3,19,15,7,17,5,23,11],[3,7,11,19,5,15,23],[11,7,19,17,5,3,23,15],[15,7,11,23,3,19,17,5],[23,11,15,3,19,7,17,5],[23,11,15,7,3,19,17,5],[23,19,3,11,15,7,5],[19,3,7,5,11,23,15],[3,15,23,11,19,7,5],[7,15,3,19,17,5,23,11],[23,19,15,11,7,5,3],[23,3,7,19,17,5,15,11],[11,15,19,3,7,17,5,23],[7,19,17,5,23,15,11,3],[19,3,7,5,23,11,15],[7,15,3,19,5,23,11],[19,7,5,3,11,15,23],[15,11,23,3,19,7,17,5],[23,19,7,5,3,11,15],[15,19,11,3,7,17,5,23],[15,7,23,19,5,11,3],[19,11,23,15,3,7,17,5],[11,23,15,3,7,19,17,5],[23,7,19,17,5,3,15,11],[11,15,7,23,3,19,17,5],[23,3,11,7,15,19,5],[15,3,19,7,17,5,23,11],[7,3,15,19,17,5,23,11],[7,23,3,19,17,5,15,11],[3,15,7,23,19,17,5,11],[23,11,15,7,19,17,5,3],[15,11,7,23,3,19,17,5],[15,3,11,23,7,19,17,5],[7,19,5,3,15,23,11],[23,15,11,7,3,19,5],[3,19,11,7,17,5,23,15],[23,19,7,5,15,3,11],[15,3,11,7,23,19,5],[11,15,19,23,7,17,5,3],[19,15,23,7,5,3,11],[15,19,3,11,7,5,23],[7,23,3,15,19,5,11],[23,15,3,11,7,19,17,5],[11,15,19,3,23,7,17,5],[11,19,15,23,3,7,17,5],[11,19,15,23,7,17,5,3],[23,19,7,17,5,3,11,15],[15,3,11,23,7,19,17,5],[11,23,7,19,5,3,15],[15,11,19,7,17,5,23,3],[7,11,23,15,19,5,3],[19,7,5,23,15,11,3],[11,23,19,7,5,3,15],[15,7,19,5,11,3,23],[11,15,7,19,5,23,3],[11,19,23,7,5,15,3],[19,11,3,15,23,7,17,5],[3,23,15,19,7,17,5,11],[19,15,7,5,23,11,3],[15,23,3,7,19,17,5,11],[11,15,3,23,7,19,5],[7,11,3,15,19,5,23],[7,15,23,19,5,3,11],[23,19,11,3,7,17,5,15],[3,15,19,7,5,11,23],[7,3,15,23,19,5,11],[7,3,11,23,19,5,15],[11,19,3,7,17,5,23,15],[19,3,23,7,17,5,11,15],[7,3,23,15,11,19,17,5],[19,7,5,3,15,11,23],[3,11,15,23,7,19,17,5],[7,19,5,3,11,23,15],[19,15,7,17,5,3,11,23],[7,11,15,23,19,17,5,3],[11,3,23,15,7,19,17,5],[15,3,19,11,7,17,5,23],[3,11,7,15,23,19,5],[3,23,7,15,19,5,11],[23,3,15,19,11,7,17,5],[3,15,19,11,23,7,5],[11,3,15,7,23,19,5],[3,11,19,7,17,5,15,23],[3,7,11,15,19,5,23],[19,3,23,15,7,5,11],[7,3,15,23,19,5,11],[7,23,3,15,11,19,5],[19,11,15,23,3,7,17,5],[15,7,19,5,23,11,3],[3,7,23,15,19,5,11],[7,19,17,5,3,23,11,15],[11,15,3,7,23,19,17,5],[19,7,5,3,23,11,15],[7,23,11,3,19,5,15],[19,3,23,11,15,7,5],[23,7,15,3,11,19,17,5],[3,11,15,7,23,19,5],[3,15,23,11,7,19,5],[15,11,3,7,23,19,5],[7,15,3,11,23,19,5],[7,11,3,19,5,15,23],[11,15,23,19,3,7,17,5],[7,3,11,23,15,19,17,5],[7,15,3,19,17,5,23,11],[19,11,23,7,17,5,15,3],[3,19,11,23,7,17,5,15],[19,11,7,17,5,15,23,3],[23,11,3,7,15,19,5],[7,15,23,3,19,17,5,11],[23,3,15,11,19,7,17,5],[7,19,17,5,3,11,23,15],[3,7,23,11,15,19,5],[7,23,19,17,5,11,3,15],[15,11,19,23,7,5,3],[23,19,7,5,15,3,11],[23,15,3,7,11,19,17,5],[23,15,11,7,3,19,5],[3,23,19,11,15,7,17,5],[23,19,3,7,17,5,15,11],[23,3,19,7,5,15,11],[19,3,15,7,17,5,11,23],[15,19,11,3,23,7,17,5],[15,3,19,11,23,7,5],[11,23,19,15,7,17,5,3],[11,19,23,7,5,15,3],[11,15,19,7,17,5,23,3],[3,11,15,7,23,19,5],[7,15,23,19,17,5,3,11],[15,11,3,23,19,7,17,5],[3,19,15,7,17,5,11,23],[23,19,7,17,5,11,3,15],[19,23,15,3,11,7,5],[11,15,7,3,19,5,23],[7,11,15,3,19,17,5,23],[11,19,15,7,5,3,23],[15,7,23,3,19,17,5,11],[15,23,19,3,7,5,11],[15,11,3,19,7,5,23],[19,11,7,5,23,3,15],[15,3,11,23,7,19,5],[11,7,15,23,3,19,17,5],[23,3,7,11,19,5,15],[7,3,15,23,11,19,5],[3,19,7,5,11,23,15],[11,15,23,7,19,5,3],[7,19,17,5,3,15,11,23],[7,3,11,19,5,23,15],[7,23,3,19,5,15,11],[7,3,11,23,15,19,5],[19,3,7,17,5,11,15,23],[23,7,3,19,5,11,15],[15,19,23,3,11,7,5],[15,7,23,19,17,5,3,11],[11,3,19,15,23,7,17,5],[11,3,23,15,7,19,5],[7,23,15,19,17,5,11,3],[15,7,23,3,19,17,5,11],[23,3,7,19,5,11,15],[7,15,23,11,19,17,5,3],[23,3,15,11,19,7,5],[23,11,3,7,15,19,17,5],[15,11,7,19,5,3,23],[11,15,19,7,5,23,3],[15,7,23,19,17,5,3,11],[3,19,7,17,5,15,11,23],[23,3,11,19,7,17,5,15],[23,3,11,7,19,5,15],[19,15,11,7,5,23,3],[3,23,7,15,19,5,11],[11,3,15,7,23,19,5],[15,11,23,7,19,5,3],[11,15,7,23,3,19,5],[19,15,11,3,7,5,23],[3,7,15,19,17,5,11,23],[15,19,3,7,17,5,11,23],[23,7,15,19,5,3,11],[7,15,19,17,5,11,3,23],[15,3,11,23,19,7,5],[23,11,19,7,5,3,15],[19,3,7,17,5,23,15,11],[3,19,7,17,5,11,15,23],[15,3,19,11,7,5,23],[15,19,23,11,7,17,5,3],[15,23,3,19,11,7,17,5],[3,19,11,23,7,17,5,15],[19,7,5,11,3,23,15],[7,11,3,15,19,5,23],[19,23,3,15,7,17,5,11],[11,15,23,19,3,7,5],[15,23,19,3,7,17,5,11],[19,11,23,3,15,7,5],[15,3,7,11,23,19,17,5],[3,23,19,15,11,7,17,5],[3,23,11,19,15,7,17,5],[11,3,19,15,23,7,5],[15,7,3,11,23,19,17,5],[3,11,7,23,15,19,17,5],[3,15,19,23,11,7,5],[19,3,7,5,11,15,23],[7,23,3,19,17,5,15,11],[7,23,3,19,17,5,15,11],[7,11,23,3,15,19,5],[11,15,23,19,7,5,3],[3,7,11,23,19,5,15],[15,7,11,3,19,17,5,23],[7,23,11,15,19,17,5,3],[11,23,3,19,15,7,5],[7,3,11,15,19,17,5,23],[15,11,19,7,5,3,23],[3,7,15,19,5,23,11],[19,11,3,23,7,17,5,15],[11,19,15,3,7,5,23],[19,3,23,7,5,15,11],[15,7,11,19,5,23,3],[3,15,7,19,17,5,23,11],[23,19,3,7,17,5,15,11],[11,7,19,17,5,15,3,23],[15,23,3,11,7,19,17,5],[11,15,3,23,7,19,5],[11,23,3,19,7,17,5,15],[15,11,3,23,7,19,17,5],[11,3,7,15,23,19,17,5],[15,7,3,11,23,19,5],[19,3,23,11,15,7,17,5],[7,15,11,23,19,17,5,3],[23,11,7,15,3,19,5],[11,15,19,3,23,7,17,5],[7,23,15,11,19,17,5,3],[3,19,23,11,7,17,5,15],[15,3,19,11,7,17,5,23],[3,23,7,19,17,5,15,11],[7,11,23,19,5,3,15],[3,15,19,7,17,5,11,23],[7,15,11,23,3,19,5],[3,19,7,17,5,11,15,23],[7,15,19,5,11,3,23],[11,7,19,17,5,3,15,23],[15,11,3,19,7,17,5,23],[3,11,23,19,7,5,15],[15,19,23,7,5,3,11],[23,7,3,11,19,5,15],[7,15,23,3,11,19,17,5],[23,11,19,15,3,7,17,5],[19,7,17,5,15,3,23,11],[3,15,11,19,7,5,23],[11,3,15,7,23,19,5],[19,11,3,7,5,15,23],[11,15,7,19,5,23,3],[11,15,19,3,7,5,23],[15,19,23,7,17,5,3,11],[23,19,7,17,5,3,15,11],[7,19,5,23,11,3,15],[7,19,5,11,15,23,3],[3,11,19,23,7,17,5,15],[15,3,19,7,17,5,11,23],[23,3,15,11,19,7,17,5],[23,19,11,15,7,17,5,3],[15,19,23,7,5,11,3],[3,23,19,7,17,5,15,11],[7,3,15,23,11,19,5],[15,23,19,3,11,7,17,5],[23,7,3,15,19,5,11],[7,15,23,19,5,3,11],[3,7,19,17,5,15,23,11],[11,7,23,19,5,3,15],[7,11,19,5,23,15,3],[15,19,23,7,5,11,3],[7,3,19,5,15,11,23],[7,19,5,15,23,3,11],[11,7,19,5,15,3,23],[19,15,11,3,7,17,5,23],[11,19,7,5,3,23,15],[23,3,11,15,19,7,5],[23,15,7,11,19,17,5,3],[7,23,11,15,19,5,3],[11,15,3,7,19,17,5,23],[23,3,11,19,15,7,5],[11,15,19,23,7,5,3],[19,15,7,17,5,23,3,11],[11,19,3,7,5,15,23],[23,15,3,19,11,7,5],[15,11,3,23,19,7,17,5],[3,7,19,5,23,11,15],[3,23,15,11,19,7,5],[3,7,19,17,5,11,23,15],[19,23,11,3,15,7,17,5],[11,23,19,7,5,15,3],[11,15,19,3,7,5,23],[19,3,15,23,7,17,5,11],[11,3,19,15,7,5,23],[7,23,11,3,15,19,17,5],[19,7,17,5,23,15,3,11],[3,7,11,19,17,5,15,23],[11,19,7,5,15,23,3],[15,11,3,23,7,19,5],[3,15,19,23,7,17,5,11],[23,11,3,15,19,7,5],[7,15,11,19,5,3,23],[23,3,7,15,11,19,17,5],[11,15,23,3,7,19,17,5],[15,19,11,23,7,17,5,3],[7,19,5,3,15,11,23],[7,3,19,17,5,23,11,15],[3,11,19,7,17,5,15,23],[11,15,19,23,7,17,5,3],[7,19,17,5,11,3,15,23],[23,19,3,11,7,17,5,15],[15,19,7,5,3,23,11],[3,19,15,11,7,17,5,23],[19,11,15,7,17,5,3,23],[7,15,11,3,19,5,23],[23,19,11,15,3,7,5],[3,7,15,19,17,5,23,11],[15,11,3,7,23,19,17,5],[15,11,23,7,19,5,3],[19,7,17,5,11,23,3,15],[7,15,11,19,5,23,3],[3,15,7,23,19,17,5,11],[15,11,23,7,3,19,17,5],[19,11,3,23,7,17,5,15],[3,15,7,23,11,19,17,5],[3,15,11,7,19,5,23],[11,23,3,15,19,7,17,5],[7,3,19,5,23,15,11],[11,19,3,23,15,7,5],[23,15,11,7,19,5,3],[15,7,23,11,19,17,5,3],[15,7,19,17,5,11,3,23],[7,3,19,17,5,15,23,11],[19,7,5,15,23,11,3],[7,3,15,19,17,5,23,11],[19,23,7,5,11,3,15],[7,19,5,11,15,23,3],[15,3,19,7,17,5,11,23],[23,19,11,7,17,5,15,3],[19,11,7,5,3,23,15],[19,23,15,3,7,5,11],[11,23,7,15,3,19,17,5],[11,7,15,3,19,5,23],[15,3,7,23,19,5,11],[3,15,7,23,11,19,5],[11,3,23,15,19,7,5],[23,11,3,7,19,5,15],[15,23,11,7,19,5,3],[15,19,7,17,5,11,3,23],[3,7,23,19,5,15,11],[11,7,23,3,19,5,15],[3,15,11,23,19,7,5],[7,11,15,23,19,5,3],[15,3,7,23,11,19,17,5],[19,7,5,23,11,3,15],[15,23,11,3,19,7,5],[15,23,7,3,19,17,5,11],[19,7,17,5,23,11,3,15],[11,3,23,15,7,19,5],[19,11,7,17,5,23,3,15],[7,3,23,19,5,15,11],[7,11,15,23,3,19,17,5],[3,7,23,11,15,19,5],[11,7,15,3,23,19,17,5],[7,23,3,11,19,5,15],[3,11,15,23,7,19,5],[19,15,7,5,3,23,11],[7,15,19,17,5,11,23,3],[23,3,11,19,15,7,5],[19,7,17,5,15,23,3,11],[7,23,15,11,3,19,17,5],[3,15,11,7,23,19,17,5],[3,15,11,19,7,17,5,23],[7,15,19,5,23,11,3],[15,23,11,7,19,5,3],[15,19,7,5,23,3,11],[11,23,7,19,5,15,3],[11,23,7,19,5,3,15],[23,15,19,3,7,5,11],[15,11,19,7,5,3,23],[19,11,23,15,7,17,5,3],[11,3,15,7,23,19,5],[15,3,11,23,7,19,17,5],[19,15,11,7,17,5,23,3],[15,19,11,23,7,17,5,3],[7,3,15,19,5,23,11],[3,19,7,5,15,11,23],[19,11,3,23,15,7,5],[19,3,15,23,11,7,17,5],[11,23,3,7,15,19,5],[19,11,23,15,3,7,5],[15,11,3,23,19,7,17,5],[19,23,3,7,17,5,15,11],[11,23,3,15,7,19,17,5],[11,23,15,3,19,7,17,5],[19,7,5,3,15,23,11],[23,3,15,19,11,7,5],[19,15,11,23,3,7,17,5],[3,23,7,11,15,19,17,5],[11,19,3,23,15,7,5],[23,19,15,3,7,5,11],[3,15,23,11,19,7,17,5],[11,3,7,23,15,19,5],[11,15,23,19,3,7,17,5],[23,11,19,7,5,15,3],[23,7,3,11,15,19,5],[3,11,23,19,15,7,17,5],[15,23,19,3,11,7,5],[19,7,17,5,11,15,3,23],[23,3,19,15,7,5,11],[11,3,23,15,7,19,17,5],[23,15,11,7,19,5,3],[15,19,3,23,11,7,17,5],[11,7,23,3,15,19,17,5],[15,3,19,7,17,5,11,23],[23,15,3,11,19,7,17,5],[11,19,7,17,5,3,15,23],[3,23,19,15,11,7,17,5],[19,7,5,15,11,23,3],[7,23,15,3,11,19,5],[19,7,5,23,15,11,3],[11,15,19,7,5,3,23],[3,7,15,11,23,19,17,5],[23,19,11,15,3,7,17,5],[23,19,15,3,11,7,17,5],[7,11,23,15,3,19,5],[15,23,19,11,3,7,17,5],[11,15,19,3,23,7,5],[3,19,15,7,5,23,11],[7,11,19,17,5,15,3,23],[11,3,7,19,17,5,23,15],[15,19,23,3,11,7,17,5],[11,23,15,7,3,19,17,5],[3,15,19,7,5,23,11],[11,3,7,19,17,5,15,23],[11,15,23,19,7,17,5,3],[19,3,15,11,7,5,23],[11,3,23,7,19,5,15],[19,15,3,23,11,7,17,5],[15,19,7,5,23,11,3],[7,3,15,23,19,5,11],[19,15,7,17,5,23,3,11],[15,19,23,3,7,17,5,11],[23,19,11,15,3,7,5],[19,11,3,23,15,7,17,5],[11,15,19,23,7,17,5,3],[19,15,11,23,3,7,17,5],[3,23,19,15,11,7,17,5],[3,19,11,7,17,5,15,23],[11,15,19,7,17,5,23,3],[19,23,7,17,5,11,3,15],[11,15,3,7,19,5,23],[3,23,15,7,11,19,5],[15,23,3,11,19,7,5],[23,3,15,11,19,7,5],[15,19,7,17,5,23,11,3],[23,15,3,11,7,19,17,5],[11,23,3,19,7,17,5,15],[3,7,11,23,19,5,15],[15,3,11,7,23,19,5],[15,19,7,17,5,3,11,23],[11,3,15,7,19,17,5,23],[15,7,3,19,17,5,11,23],[15,19,3,11,7,17,5,23],[23,19,7,17,5,3,15,11],[3,7,15,23,19,17,5,11],[3,7,19,5,23,15,11],[7,19,17,5,15,3,23,11],[3,7,11,15,23,19,17,5],[3,15,23,19,11,7,5],[3,7,23,15,11,19,5],[3,11,19,7,5,23,15],[7,23,15,19,17,5,3,11],[15,7,23,11,19,5,3],[11,7,23,19,5,15,3],[7,3,19,5,23,11,15],[15,23,19,7,17,5,11,3],[7,3,11,19,17,5,23,15],[19,11,15,3,7,17,5,23],[19,7,17,5,3,15,23,11],[23,11,7,19,5,15,3],[7,15,11,3,19,5,23],[19,3,7,17,5,23,11,15],[3,19,15,11,7,17,5,23],[15,11,19,3,23,7,17,5],[23,3,15,7,11,19,17,5],[19,15,11,3,23,7,17,5],[15,11,7,23,3,19,5],[7,19,5,23,11,15,3],[11,3,7,19,17,5,15,23],[3,11,15,7,23,19,17,5],[3,23,19,11,15,7,17,5],[11,19,7,17,5,15,3,23],[7,19,17,5,11,3,15,23],[11,15,23,19,3,7,5],[15,7,11,3,19,5,23],[23,19,3,7,5,11,15],[15,19,11,7,5,23,3],[11,3,15,19,7,5,23],[19,3,15,7,17,5,23,11],[19,15,23,7,5,11,3],[23,7,3,11,19,5,15],[15,11,23,3,7,19,17,5],[7,3,15,19,5,11,23],[7,23,19,17,5,3,15,11],[3,19,15,7,5,11,23],[15,23,7,11,19,5,3],[3,19,11,15,23,7,5],[23,3,19,15,11,7,17,5],[23,15,19,7,17,5,11,3],[15,3,23,19,7,17,5,11],[3,23,11,19,7,17,5,15],[15,23,11,7,3,19,5],[11,7,15,19,5,23,3],[19,3,11,7,5,23,15],[19,15,7,5,3,11,23],[19,7,17,5,3,23,11,15],[3,19,15,23,11,7,17,5],[11,7,3,19,5,23,15],[3,7,19,5,15,23,11],[7,11,15,19,17,5,23,3],[19,3,7,5,23,15,11],[11,15,23,19,7,5,3],[11,15,19,7,5,3,23],[19,15,11,7,5,3,23],[3,7,15,11,19,17,5,23],[3,19,15,23,11,7,5],[3,15,19,7,5,11,23],[15,3,7,19,17,5,11,23],[3,23,11,15,19,7,5],[3,11,23,15,7,19,17,5],[3,19,11,7,17,5,15,23],[15,23,3,19,7,5,11],[23,7,3,15,11,19,17,5],[7,11,23,15,19,17,5,3],[19,15,3,11,23,7,17,5],[7,3,15,23,11,19,17,5],[11,19,3,23,7,17,5,15],[15,11,7,19,17,5,23,3],[3,19,23,11,15,7,5],[3,15,23,7,11,19,17,5],[7,15,23,19,17,5,11,3],[3,19,23,15,11,7,5],[7,19,5,11,23,15,3],[19,11,7,5,3,15,23],[19,15,3,23,11,7,5],[15,3,7,23,19,17,5,11],[3,11,19,23,15,7,5],[23,11,3,15,7,19,17,5],[15,7,3,23,11,19,17,5],[15,19,23,7,5,3,11],[3,15,11,7,23,19,17,5],[3,19,23,11,7,17,5,15],[11,15,19,3,7,17,5,23],[3,7,11,15,23,19,17,5],[19,11,3,23,15,7,5],[3,7,11,15,19,5,23],[3,19,23,15,11,7,5],[7,3,11,19,5,23,15],[7,15,11,19,17,5,23,3],[3,7,15,23,11,19,17,5],[23,11,15,7,19,17,5,3],[7,11,19,5,15,23,3],[19,7,5,11,15,23,3],[23,3,15,11,7,19,5],[19,7,5,23,15,3,11],[3,23,19,11,15,7,5],[23,11,7,15,3,19,17,5],[15,3,11,23,7,19,5],[3,11,19,7,17,5,23,15],[15,3,11,7,23,19,17,5],[7,15,23,19,5,11,3],[11,19,23,3,15,7,5],[11,7,19,5,23,15,3],[7,15,11,23,3,19,17,5],[3,19,7,5,15,23,11],[7,23,15,11,3,19,5],[3,19,11,15,7,5,23],[3,15,7,11,23,19,5],[7,19,17,5,15,11,23,3],[11,3,15,19,23,7,17,5],[7,23,11,19,5,15,3],[7,19,17,5,23,3,15,11],[15,3,7,11,19,17,5,23],[23,11,3,19,15,7,5],[19,11,3,15,7,17,5,23],[15,23,19,3,7,17,5,11],[3,11,19,7,5,23,15],[15,19,23,7,5,11,3],[3,19,15,11,23,7,17,5],[7,15,23,19,17,5,3,11],[7,23,11,19,5,3,15],[7,23,11,19,5,15,3],[7,3,11,23,19,5,15],[3,11,15,7,23,19,5],[11,3,19,15,23,7,17,5],[15,19,7,5,3,23,11],[19,7,5,15,11,23,3],[11,19,15,3,23,7,5],[23,3,15,11,7,19,5],[7,3,11,15,19,17,5,23],[11,19,23,15,3,7,5],[11,7,19,5,23,3,15],[11,3,23,15,19,7,5],[11,23,3,19,15,7,17,5],[11,3,15,7,19,5,23],[3,19,23,7,17,5,11,15],[11,15,3,23,7,19,5],[15,23,19,11,7,5,3],[23,3,15,11,7,19,17,5],[23,15,19,3,7,5,11],[11,3,15,23,7,19,17,5],[15,3,23,7,19,17,5,11],[7,23,11,19,5,15,3],[7,19,17,5,11,3,15,23],[19,23,11,7,5,3,15],[15,23,11,19,3,7,17,5],[15,23,3,7,11,19,17,5],[11,3,7,23,19,17,5,15],[7,19,5,3,11,23,15],[11,23,15,7,19,5,3],[11,23,3,7,15,19,5],[19,23,11,7,17,5,15,3],[19,3,15,11,23,7,5],[3,15,19,7,17,5,11,23],[11,3,23,19,7,5,15],[19,15,11,23,7,17,5,3],[3,23,11,15,19,7,5],[23,11,19,7,5,15,3],[23,7,3,11,19,5,15],[11,3,15,23,7,19,17,5],[15,19,23,7,5,11,3],[15,11,3,7,19,17,5,23],[11,23,3,15,7,19,17,5],[15,19,11,3,23,7,17,5],[3,19,23,15,11,7,5],[19,7,5,15,11,3,23],[19,3,7,5,23,11,15],[23,15,7,3,11,19,17,5],[15,23,11,19,3,7,5],[3,15,23,19,7,5,11],[23,11,19,7,5,3,15],[19,11,23,3,7,17,5,15],[3,11,7,19,17,5,15,23],[3,19,23,15,7,5,11],[19,11,15,3,7,5,23],[11,7,23,15,3,19,5],[19,7,5,3,23,15,11],[23,11,3,15,19,7,17,5],[15,3,7,23,11,19,5],[7,23,11,3,15,19,17,5],[23,15,7,3,11,19,5],[7,11,15,23,3,19,5],[7,15,23,11,3,19,5],[3,7,11,15,23,19,17,5],[19,7,17,5,3,23,15,11],[11,15,7,19,5,23,3],[19,3,7,17,5,15,11,23],[3,19,15,11,7,5,23],[3,7,15,11,23,19,5],[3,7,23,19,17,5,11,15],[3,15,11,7,23,19,17,5],[7,15,23,11,19,17,5,3],[23,11,7,3,15,19,17,5],[11,15,3,23,7,19,5],[3,11,15,23,19,7,5],[7,15,11,3,19,17,5,23],[19,23,7,5,11,15,3],[19,23,3,15,7,17,5,11],[3,7,15,11,19,17,5,23],[23,15,3,11,7,19,17,5],[11,15,19,7,17,5,3,23],[7,23,3,19,17,5,15,11],[23,7,3,11,19,17,5,15],[19,7,5,23,11,3,15],[3,15,7,23,19,17,5,11],[23,15,7,19,17,5,11,3],[15,7,3,11,23,19,17,5],[11,3,19,23,7,5,15],[3,19,15,11,23,7,17,5],[3,19,23,11,15,7,5],[3,23,7,19,17,5,11,15],[7,19,5,15,3,23,11],[23,11,3,15,7,19,5],[23,3,15,7,11,19,17,5],[7,23,19,5,15,11,3],[19,15,3,7,17,5,23,11],[3,19,23,7,17,5,15,11],[23,15,7,3,11,19,5],[7,11,23,3,19,5,15],[11,23,3,15,19,7,5],[11,23,3,19,15,7,17,5],[23,3,7,15,19,5,11],[15,11,3,7,19,5,23],[23,7,3,11,15,19,5],[15,7,23,3,19,5,11],[7,15,3,11,23,19,5],[11,3,15,19,7,5,23],[23,11,3,7,19,17,5,15],[15,19,23,7,17,5,3,11],[19,11,7,5,23,3,15],[3,15,11,23,19,7,5],[7,19,5,3,23,11,15],[15,19,11,7,5,3,23],[19,3,11,7,5,23,15],[7,19,17,5,23,15,3,11],[15,7,11,23,19,5,3],[7,23,11,19,17,5,15,3]],"n_human":6}