{"problem_id":"eSCRgU4ly2osMJo","sigma":75,"alpha":1.000,"cost":1,"probabilities":"[0.2100000000000001, 0.24, 0.47, 0.08]","payoff_matrix":"[[-181, 77, 11, -24, -31, -42], [-13, -91, 58, -97, -25, 3], [-55, 91, -31, 109, 78, 5], [-13, -143, -6, 10, -32, -35]]","uncovered":[[19,7,6,15,18,14,3,23,11,13,17,5],[3,11,7,19,18,6,15],[15,11,7,14,6,23,19,18,3,13,17,5],[7,15,14,6,23,19,18,11,3,13,17,5],[3,23,7,19,6,15,18],[19,7,18,6,23,11,3,15],[23,3,19,15,18,14,11,7,6,17,13,5],[11,3,15],[3,23,11,19,7,18,6,15],[7,15,14,6,19,18,11,23,3,13,17,5],[7,19,6,15,18,14,3,11,23,17,13,5],[7,15,6,3],[3,15,23],[3,15,11],[15,11,7,14,6,19,18,3,23,17,13,5],[15,7,14,6,11,3,23,19,18,17,13,5],[11,23,15],[3,23,15],[19,23,7,6,15,14,18,11,3,17,13,5],[11,19,7,18,6,15,14,3,23,17,13,5],[3,23,19,7,6,11,15,18],[23,11,19,3,7,6,15,18],[23,7,3,19,6,11,15,18],[7,23,11,19,18,6,15],[11,19,7,18,6,15,14,23,3,17,13,5],[3,23,19,15,18,14,11,7,6,17,13,5],[23,15,7,6,11],[3,19,23,7,18,6,11,15],[3,19,11,23,7,18,6,15],[23,3,7,11,19,18,6,15],[7,23,11,19,18,6,15],[3,7,19,18,6,11,15],[11,3,19,23,7,6,15,18],[11,23,19,15,14,18,3,7,6,17,13,5],[19,7,6,11,3,23,15,18],[19,7,6,23,15,18,14,11,3,13,17,5],[7,11,3,19,6,15,14,18,23,13,17,5],[11,23,19,7,18,6,3,15],[15,7,14,6,3,19,18,11,23,17,13,5],[23,7,15,6,3],[19,3,7,6,15,18,14,23,11,17,13,5],[19,3,23,7,6,11,15,18],[23,7,11,15,14,6,19,18,3,13,17,5],[11,23,15],[15,19,18,14,23,11,3,7,6,13,17,5],[3,19,11,7,18,6,23,15],[7,11,23,3,19,6,15,18],[3,7,11,23,15,6],[3,19,7,6,11,23,15,14,18,17,13,5],[11,7,3,19,18,6,15],[23,3,11,15],[3,19,11,7,6,23,15,14,18,13,17,5],[7,19,18,6,11,23,15],[23,3,7,11,15,14,6,19,18,17,13,5],[23,7,15,14,6,19,18,11,3,17,13,5],[3,11,23,19,7,18,6,15],[19,11,7,6,3,15,14,18,23,13,17,5],[23,7,3,19,18,6,11,15],[7,11,19,6,15,14,18,23,3,13,17,5],[11,7,15,14,6,19,18,23,3,13,17,5],[7,15,6,3],[7,19,18,6,23,15,14,3,11,13,17,5],[7,15,14,6,19,18,3,23,11,13,17,5],[11,7,23,15,14,6,19,18,3,13,17,5],[15,23,7,6],[11,15,3],[19,11,23,7,18,6,3,15],[11,15,19,18,14,7,6,3,23,17,13,5],[3,23,19,15,18,14,7,6,11,17,13,5],[23,3,19,7,6,11,15,18],[15,7,14,6,3,19,18,23,11,13,17,5],[23,11,3,15],[7,11,3,15,6],[3,7,15,14,6,19,18,11,23,13,17,5],[11,7,15,14,6,19,18,23,3,17,13,5],[15,19,14,18,7,6,3,11,23,17,13,5],[23,3,11,15],[11,23,7,19,18,6,15],[19,15,14,18,7,6,3,23,11,13,17,5],[3,11,23,15],[23,11,3,7,15,14,6,19,18,13,17,5],[15,19,18,14,3,7,6,11,23,17,13,5],[7,15,14,6,19,18,23,11,3,13,17,5],[19,11,23,3,15,18],[19,15,18,14,23,3,7,6,11,13,17,5],[3,23,19,15,18,14,7,6,11,17,13,5],[23,19,15,14,18,11,3,7,6,13,17,5],[19,3,7,6,11,23,15,18],[11,7,3,15,14,6,19,18,23,17,13,5],[7,11,19,6,15,14,18,3,23,13,17,5],[7,15,14,6,3,11,19,18,23,13,17,5],[23,19,15,14,18,3,11,7,6,13,17,5],[23,15,19,18,14,7,6,11,3,13,17,5],[19,3,7,6,15,18,14,11,23,13,17,5],[15,23,7,6,19,18,14,3,11,13,17,5],[15,3,23],[15,23,3],[7,19,18,6,11,23,15],[3,15,23],[3,23,19,11,7,18,6,15],[11,3,23,19,7,6,15,14,18,13,17,5],[3,11,7,15,6],[23,11,7,15,6],[15,19,14,18,7,6,3,11,23,17,13,5],[7,19,6,3,11,23,15,18],[19,15,18,14,7,6,3,23,11,17,13,5],[7,11,23,15,6],[15,7,6,23],[7,15,6,11],[15,19,14,18,11,3,7,6,23,13,17,5],[15,19,18,14,11,3,23,7,6,17,13,5],[23,3,7,11,15,14,6,19,18,17,13,5],[19,15,18,14,3,23,11,7,6,17,13,5],[7,15,14,6,3,19,18,11,23,13,17,5],[7,23,11,15,6],[11,15,23],[7,15,6,19,14,18,11,23,3,17,13,5],[19,11,7,6,15,18,14,23,3,17,13,5],[19,11,7,6,3,15,14,18,23,13,17,5],[7,15,6,3],[7,11,15,6],[3,11,19,15,14,18,23,7,6,17,13,5],[11,3,15],[3,15,23],[3,7,23,15,14,6,19,18,11,17,13,5],[7,15,6,19,18,14,23,3,11,17,13,5],[23,15,11],[11,15,3],[11,15,19,18,14,7,6,3,23,13,17,5],[19,3,15,18,14,11,7,6,23,17,13,5],[23,3,15],[3,15,7,6],[3,15,7,6],[19,3,11,7,18,6,15],[23,19,15,14,18,3,7,6,11,13,17,5],[3,11,7,23,15,6],[3,11,19,7,6,15,14,18,23,13,17,5],[3,23,15],[11,7,23,15,14,6,3,19,18,17,13,5],[15,11,19,18,14,7,6,3,23,13,17,5],[19,15,14,18,7,6,23,11,3,17,13,5],[3,7,15,14,6,19,18,11,23,13,17,5],[7,3,11,19,18,6,15],[19,3,15,14,18,23,7,6,11,13,17,5],[7,3,19,6,23,15,18],[15,3,11],[15,19,18,14,23,3,11,7,6,13,17,5],[15,19,14,18,23,3,11,7,6,13,17,5],[19,15,18,14,7,6,11,3,23,13,17,5],[11,15,19,18,14,23,7,6,3,13,17,5],[7,23,19,6,3,11,15,18],[3,19,11,7,18,6,23,15],[7,15,6,23],[3,11,19,7,6,15,14,18,23,13,17,5],[19,23,15,14,18,7,6,3,11,17,13,5],[23,11,7,19,6,15,14,18,3,13,17,5],[3,19,7,6,15,18,14,23,11,17,13,5],[19,11,3,15,14,18,23,7,6,17,13,5],[3,19,7,18,6,11,23,15],[3,23,19,15,18,14,7,6,11,13,17,5],[19,7,18,6,3,11,23,15],[19,15,18,14,7,6,11,23,3,17,13,5],[15,7,14,6,3,19,18,11,23,13,17,5],[11,15,3],[11,19,23,15,18,14,3,7,6,13,17,5],[23,15,7,6],[23,3,19,11,7,6,15,18],[19,15,14,18,3,11,23,7,6,13,17,5],[3,11,19,23,7,6,15,18],[11,19,15,18,14,23,3,7,6,17,13,5],[23,3,15],[11,19,7,18,6,23,3,15],[15,3,19,18,14,7,6,11,23,13,17,5],[23,11,7,19,18,6,3,15],[11,7,19,18,6,15,14,23,3,17,13,5],[15,19,14,18,23,3,11,7,6,13,17,5],[7,19,6,23,11,15,14,18,3,13,17,5],[19,15,14,18,23,3,7,6,11,13,17,5],[19,11,7,6,15,14,18,3,23,17,13,5],[23,3,19,11,7,6,15,18],[23,7,3,11,15,14,6,19,18,13,17,5],[15,3,23],[23,15,11],[11,15,23],[7,3,11,23,19,18,6,15],[23,11,7,3,15,6],[11,23,15],[23,19,3,7,6,15,18],[19,15,14,18,7,6,11,23,3,17,13,5],[15,19,14,18,7,6,23,11,3,13,17,5],[15,19,18,14,7,6,11,23,3,17,13,5],[15,11,3],[11,23,19,15,18,14,7,6,3,17,13,5],[7,15,6,3],[11,23,3,19,7,18,6,15],[7,3,15,14,6,11,23,19,18,13,17,5],[7,3,11,23,19,6,15,18],[11,7,23,15,6],[15,3,19,18,14,11,7,6,23,17,13,5],[19,23,11,3,15,14,18,7,6,13,17,5],[7,19,18,6,11,15,14,23,3,17,13,5],[7,19,6,15,18,14,23,11,3,17,13,5],[7,23,15,14,6,19,18,3,11,17,13,5],[23,15,7,6,3],[23,3,7,11,19,18,6,15],[15,11,19,14,18,23,3,7,6,13,17,5],[23,19,3,7,18,6,11,15],[19,11,15,14,18,7,6,3,23,17,13,5],[19,7,18,6,23,15,14,3,11,17,13,5],[3,19,23,11,7,18,6,15],[23,15,11],[23,3,7,15,6],[15,19,14,18,11,3,23,7,6,13,17,5],[19,15,14,18,11,7,6,23,3,13,17,5],[11,19,15,14,18,3,23,7,6,17,13,5],[3,23,7,11,15,14,6,19,18,13,17,5],[11,3,23,19,7,18,6,15],[15,19,18,14,11,3,7,6,23,17,13,5],[23,7,11,19,6,3,15,14,18,17,13,5],[3,23,19,15,14,18,11,7,6,17,13,5],[11,19,7,18,6,23,15],[7,3,11,19,6,23,15,14,18,17,13,5],[11,23,15],[15,23,11],[15,7,14,6,19,18,3,11,23,13,17,5],[23,7,3,19,18,6,11,15],[15,23,7,14,6,19,18,11,3,17,13,5],[3,15,23],[11,15,23],[23,15,19,14,18,11,7,6,3,13,17,5],[15,23,11],[19,11,3,15,14,18,7,6,23,17,13,5],[7,3,19,6,11,23,15,18],[19,11,7,18,6,23,15],[15,7,14,6,11,23,19,18,3,13,17,5],[15,19,18,14,11,23,3,7,6,17,13,5],[11,3,15],[15,11,3],[7,23,15,6],[15,7,14,6,3,19,18,23,11,17,13,5],[19,3,23,7,6,15,14,18,11,17,13,5],[19,11,23,15,18,14,3,7,6,17,13,5],[3,15,7,14,6,19,18,23,11,17,13,5],[15,19,14,18,23,3,7,6,11,17,13,5],[7,11,23,19,18,6,15],[11,19,7,6,15,14,18,3,23,13,17,5],[23,11,19,3,7,6,15,14,18,17,13,5],[19,23,15,18,14,7,6,11,3,17,13,5],[3,15,7,6],[11,3,7,15,14,6,23,19,18,13,17,5],[3,23,7,11,19,6,15,14,18,17,13,5],[15,3,23],[19,7,18,6,15,14,23,3,11,17,13,5],[19,11,23,7,6,3,15,14,18,17,13,5],[19,7,18,6,11,15,14,23,3,17,13,5],[11,19,23,15,18,14,3,7,6,13,17,5],[11,19,7,6,23,3,15,18],[3,19,15,18,14,11,23,7,6,13,17,5],[11,3,15],[3,19,15,18,14,7,6,23,11,13,17,5],[11,19,7,18,6,3,23,15],[7,3,19,6,11,23,15,14,18,17,13,5],[19,23,11,3,7,6,15,18],[23,15,19,18,14,11,7,6,3,17,13,5],[3,11,23,7,19,18,6,15],[11,15,7,14,6,3,23,19,18,17,13,5],[19,3,15,14,18,23,7,6,11,13,17,5],[15,11,19,14,18,23,7,6,3,17,13,5],[11,3,7,23,19,6,15,18],[3,23,19,15,14,18,7,6,11,13,17,5],[7,23,15,14,6,3,19,18,11,13,17,5],[19,7,6,15,18,14,3,11,23,13,17,5],[11,7,15,14,6,19,18,23,3,13,17,5],[19,23,3,7,18,6,15],[7,15,5,14],[15,3,19,14,18,11,23,7,6,13,17,5],[19,11,3,23,7,6,15,18],[11,23,15],[15,23,7,14,6,3,19,18,11,13,17,5],[19,15,18,14,23,3,7,6,11,17,13,5],[7,11,23,19,18,6,3,15],[15,23,7,14,6,19,18,11,3,13,17,5],[15,11,7,14,6,3,19,18,23,17,13,5],[3,19,15,18,14,23,7,6,11,13,17,5],[7,3,19,6,23,11,15,14,18,13,17,5],[11,3,15],[19,7,6,23,15,14,18,3,11,13,17,5],[23,19,3,11,7,18,6,15],[19,7,6,15,14,18,23,11,3,13,17,5],[15,11,19,18,14,3,7,6,23,13,17,5],[23,7,11,19,6,3,15,18],[15,7,6,19,14,18,23,3,11,13,17,5],[15,7,6,19,18,14,11,23,3,13,17,5],[7,19,18,6,3,11,15],[11,15,19,14,18,3,7,6,23,17,13,5],[7,3,11,15,14,6,23,19,18,17,13,5],[11,19,23,3,15,18],[15,3,23],[15,23,3],[19,23,3,15,18,14,11,7,6,17,13,5],[7,19,6,15,14,18,3,11,23,13,17,5],[11,3,7,15,6],[3,7,19,6,11,23,15,18],[11,7,19,18,6,3,15],[15,23,11],[15,3,7,6],[23,11,3,19,15,18],[15,23,11],[19,7,6,23,11,15,18],[11,23,19,7,6,15,14,18,3,17,13,5],[7,3,23,11,15,6],[11,19,3,7,6,15,18],[11,23,15],[19,23,15,14,18,11,7,6,3,17,13,5],[23,3,19,15,14,18,7,6,11,13,17,5],[15,23,7,14,6,11,19,18,3,13,17,5],[15,23,7,14,6,19,18,11,3,17,13,5],[3,11,7,15,14,6,23,19,18,13,17,5],[7,3,11,19,6,23,15,18],[7,11,23,15,14,6,3,19,18,13,17,5],[23,11,7,15,14,5],[11,3,15],[3,23,7,15,14,6,19,18,11,13,17,5],[11,3,23,19,15,18],[7,19,18,6,15,14,23,3,11,17,13,5],[19,7,18,6,3,11,15],[15,11,7,6],[15,11,7,6],[19,11,7,18,6,15,14,3,23,17,13,5],[19,15,14,18,11,3,23,7,6,17,13,5],[15,23,19,14,18,7,6,3,11,13,17,5],[19,11,15,18,14,23,3,7,6,17,13,5],[15,19,14,18,3,23,7,6,11,17,13,5],[23,7,15,6,19,18,14,3,11,17,13,5],[19,23,11,3,7,6,15,18],[15,19,18,14,7,6,23,11,3,17,13,5],[19,3,7,6,11,23,15,14,18,17,13,5],[23,7,15,14,6,3,11,19,18,17,13,5],[3,11,7,19,18,6,15],[7,11,23,19,18,6,15],[3,23,19,11,15,14,18,7,6,17,13,5],[15,3,23],[19,23,3,11,7,6,15,18],[7,23,3,11,19,6,15,18],[11,23,19,15,18,14,3,7,6,13,17,5],[7,11,19,6,23,3,15,18],[7,11,3,15,14,6,19,18,23,13,17,5],[3,19,7,18,6,23,11,15],[23,3,11,7,19,6,15,18],[3,15,11],[23,19,11,15,14,18,3,7,6,13,17,5],[15,23,3],[19,7,18,6,23,11,3,15],[23,3,7,11,15,14,6,19,18,17,13,5],[7,3,11,19,6,23,15,18],[11,15,19,18,14,23,3,7,6,17,13,5],[19,11,7,6,3,23,15,18],[3,11,19,7,18,6,23,15],[7,23,15,14,6,19,18,11,3,13,17,5],[19,11,7,6,3,15,14,18,23,13,17,5],[23,11,7,15,14,6,3,19,18,17,13,5],[23,15,7,6],[23,3,15],[3,23,7,19,18,6,15],[15,3,11],[7,23,15,14,6,3,19,18,11,13,17,5],[3,15,7,14,6,19,18,11,23,17,13,5],[19,7,6,15,18,14,23,11,3,13,17,5],[7,3,19,18,6,11,15],[19,3,23,15,18,14,7,6,11,17,13,5],[3,7,19,6,11,23,15,18],[23,3,15],[11,15,19,18,14,7,6,23,3,13,17,5],[11,15,23],[7,19,18,6,11,15,14,23,3,17,13,5],[23,15,7,6],[23,3,15],[11,15,23],[23,15,7,14,6,11,3,19,18,17,13,5],[23,3,7,19,6,15,18],[19,11,7,18,6,23,3,15],[23,11,7,3,15,14,6,19,18,17,13,5],[15,3,23],[3,15,7,6],[7,11,15,6],[3,15,11],[15,7,14,6,3,23,19,18,11,13,17,5],[15,3,11],[19,23,11,15,14,18,3,7,6,13,17,5],[23,3,19,15,14,18,7,6,11,13,17,5],[15,11,7,6],[7,11,3,19,6,23,15,14,18,13,17,5],[3,19,11,7,18,6,15],[19,23,15,14,18,3,7,6,11,13,17,5],[11,7,23,19,6,3,15,14,18,13,17,5],[19,7,18,6,23,3,15],[3,19,23,11,7,18,6,15],[3,11,23,15],[11,3,15],[19,23,7,18,6,15,14,3,11,13,17,5],[19,7,6,15,14,18,3,23,11,13,17,5],[11,3,23,19,15,14,18,7,6,13,17,5],[15,23,19,14,18,3,7,6,11,17,13,5],[23,11,15],[3,19,7,18,6,11,23,15],[23,15,11],[15,3,7,14,6,19,18,11,23,17,13,5],[11,23,19,3,15,18],[15,3,19,14,18,7,6,23,11,17,13,5],[7,15,14,6,19,18,3,11,23,17,13,5],[7,15,6,19,14,18,3,11,23,17,13,5],[3,19,23,11,15,14,18,7,6,17,13,5],[23,3,19,15,18,14,11,7,6,17,13,5],[11,23,3,15],[19,15,14,18,23,7,6,3,11,13,17,5],[11,3,19,23,15,14,18,7,6,17,13,5],[7,19,6,3,11,15,18],[23,7,19,18,6,15,14,3,11,13,17,5],[3,11,15],[7,11,19,6,15,18,14,3,23,17,13,5],[23,7,11,3,19,18,6,15],[15,11,23],[23,3,15],[23,11,19,15,18,14,3,7,6,17,13,5],[15,11,19,18,14,7,6,23,3,17,13,5],[11,3,23,7,15,14,6,19,18,17,13,5],[23,3,19,15,18,14,11,7,6,13,17,5],[23,7,3,19,6,11,15,14,18,13,17,5],[19,23,11,3,15,18],[19,11,23,15,14,18,7,6,3,13,17,5],[15,19,14,18,11,3,23,7,6,17,13,5],[7,11,3,19,18,6,23,15],[15,19,14,18,7,6,11,3,23,17,13,5],[15,11,3],[19,11,7,18,6,3,23,15],[19,15,14,18,7,6,23,3,11,13,17,5],[15,23,19,14,18,3,11,7,6,13,17,5],[23,15,7,6,3],[23,19,7,18,6,3,11,15],[3,19,7,6,15,18,14,23,11,17,13,5],[15,19,18,14,23,3,11,7,6,17,13,5],[23,19,11,3,15,14,18,7,6,13,17,5],[15,3,19,14,18,11,7,6,23,13,17,5],[11,7,23,19,18,6,15],[19,11,23,7,6,15,18],[3,15,19,18,14,23,11,7,6,17,13,5],[23,11,19,7,6,3,15,14,18,13,17,5],[7,15,6,3],[23,7,3,19,18,6,15],[19,15,18,14,23,7,6,3,11,17,13,5],[11,7,3,23,19,6,15,14,18,13,17,5],[23,19,15,18,14,11,7,6,3,13,17,5],[15,23,7,6],[19,23,11,15,14,18,3,7,6,17,13,5],[3,23,11,19,15,14,18,7,6,13,17,5],[3,15,11],[15,19,18,14,3,23,11,7,6,13,17,5],[19,11,15,18,14,7,6,3,23,17,13,5],[3,11,19,7,18,6,15],[11,7,15,14,6,3,23,19,18,17,13,5],[11,15,19,18,14,3,23,7,6,17,13,5],[3,19,11,7,6,23,15,18],[7,11,23,3,19,18,6,15],[11,23,3,19,7,18,6,15],[15,19,14,18,11,23,7,6,3,13,17,5],[11,19,15,14,18,23,7,6,3,17,13,5],[3,11,7,19,6,15,18],[19,15,18,14,11,3,23,7,6,13,17,5],[3,11,7,23,15,14,6,19,18,17,13,5],[23,7,3,11,19,18,6,15],[19,23,7,18,6,11,15],[23,7,15,14,6,3,19,18,11,17,13,5],[23,15,19,14,18,3,7,6,11,17,13,5],[19,7,18,6,15,14,11,23,3,17,13,5],[23,11,3,15],[23,15,19,14,18,3,11,7,6,17,13,5],[7,15,14,6,19,18,11,3,23,13,17,5],[15,7,6,23],[11,15,19,18,14,7,6,3,23,13,17,5],[3,15,7,14,6,11,19,18,23,13,17,5],[15,11,7,14,6,3,23,19,18,17,13,5],[3,23,19,7,18,6,11,15],[3,19,11,23,7,18,6,15],[11,3,15],[3,7,23,15,14,6,19,18,11,13,17,5],[3,7,23,15,14,6,19,18,11,17,13,5],[3,23,19,7,6,11,15,18],[3,11,15],[3,19,11,7,6,23,15,18],[7,15,6,19,14,18,23,3,11,17,13,5],[23,7,15,14,6,3,19,18,11,13,17,5],[19,11,23,7,6,3,15,14,18,17,13,5],[11,23,7,19,18,6,3,15],[23,15,7,14,6,19,18,3,11,17,13,5],[7,23,19,6,11,15,14,18,3,13,17,5],[7,19,6,3,11,23,15,14,18,17,13,5],[15,11,3],[7,19,18,6,11,23,15],[23,19,11,7,18,6,3,15],[19,11,15,14,18,7,6,3,23,17,13,5],[7,23,15,14,6,11,3,19,18,13,17,5],[3,15,19,14,18,7,6,23,11,13,17,5],[11,19,15,18,14,3,23,7,6,13,17,5],[15,11,7,14,6,23,19,18,3,17,13,5],[7,15,6,23],[11,3,23,15],[19,3,23,7,18,6,15],[7,23,15,6],[15,7,6,11],[11,15,19,18,14,7,6,23,3,13,17,5],[11,15,7,14,6,23,19,18,3,17,13,5],[19,3,23,11,15,14,18,7,6,17,13,5],[7,23,3,15,6],[19,23,11,3,7,6,15,14,18,17,13,5],[11,7,23,19,6,3,15,18],[3,7,11,15,14,6,19,18,23,13,17,5],[15,3,23],[23,15,19,18,14,3,7,6,11,17,13,5],[15,19,14,18,7,6,11,3,23,17,13,5],[3,7,15,6],[3,11,19,7,18,6,15],[7,15,14,6,11,23,3,19,18,13,17,5],[11,7,3,19,18,6,15],[23,11,15],[7,11,19,18,6,15,14,3,23,17,13,5],[23,11,7,15,14,6,3,19,18,17,13,5],[23,19,11,3,7,18,6,15],[7,15,6,23],[7,3,23,19,6,15,18],[19,3,11,7,18,6,15],[3,15,11],[19,15,18,14,11,23,3,7,6,13,17,5],[23,7,15,6],[11,3,23,19,7,6,15,18],[19,3,23,7,18,6,15],[19,7,18,6,15,14,3,23,11,17,13,5],[19,11,15,14,18,3,7,6,23,17,13,5],[15,23,3],[11,15,23],[19,23,11,3,15,14,18,7,6,13,17,5],[15,3,11],[23,7,11,15,6],[19,11,15,14,18,3,23,7,6,17,13,5],[23,3,7,19,18,6,15],[7,19,6,15,18,14,11,3,23,17,13,5],[11,19,7,18,6,3,23,15],[15,3,19,14,18,7,6,23,11,13,17,5],[3,23,19,7,6,11,15,14,18,13,17,5],[15,11,7,14,6,3,23,19,18,17,13,5],[7,11,23,19,18,6,3,15],[15,19,14,18,7,6,23,3,11,13,17,5],[11,15,3],[7,3,23,15,6],[19,3,23,7,18,6,11,15],[15,11,3],[11,19,15,14,18,3,7,6,23,17,13,5],[15,23,7,14,6,11,19,18,3,13,17,5],[23,19,3,11,7,18,6,15],[11,19,7,18,6,23,3,15],[7,15,14,6,19,18,11,3,23,17,13,5],[23,19,15,18,14,11,7,6,3,17,13,5],[19,3,7,18,6,15,14,23,11,13,17,5],[7,3,23,15,6],[3,15,7,14,6,23,19,18,11,17,13,5],[3,23,11,19,7,18,6,15],[11,7,19,6,15,18,14,23,3,13,17,5],[19,15,14,18,3,11,7,6,23,17,13,5],[7,15,6,3],[7,15,6,3],[11,23,19,3,15,18],[23,15,19,14,18,7,6,11,3,13,17,5],[19,23,15,18,14,7,6,11,3,13,17,5],[19,3,7,18,6,11,23,15],[19,15,18,14,11,7,6,3,23,17,13,5],[3,23,15],[15,23,19,18,14,7,6,3,11,13,17,5],[3,19,15,18,14,23,7,6,11,13,17,5],[3,19,23,15,14,18,11,7,6,13,17,5],[23,3,19,11,15,18],[15,19,18,14,11,7,6,23,3,13,17,5],[11,7,3,15,6],[23,15,3],[3,23,11,15],[11,15,7,6],[19,11,23,3,15,18],[23,3,19,11,7,18,6,15],[11,23,15],[7,3,23,19,18,6,15],[19,11,3,15,14,18,7,6,23,13,17,5],[19,11,3,23,7,6,15,18],[15,23,7,14,6,11,3,19,18,13,17,5],[11,3,15],[19,3,23,7,18,6,11,15],[7,19,6,15,18,14,23,11,3,17,13,5],[15,23,19,18,14,11,7,6,3,13,17,5],[23,11,19,7,6,3,15,18],[15,23,11],[3,15,7,14,6,23,11,19,18,17,13,5],[15,23,11],[19,3,7,18,6,15,14,23,11,13,17,5],[11,7,19,6,15,18,14,3,23,17,13,5],[11,3,23,19,7,18,6,15],[3,7,23,15,6],[19,7,6,23,3,15,18],[7,23,19,18,6,15,14,11,3,17,13,5],[3,11,7,19,6,15,18],[15,7,6,3],[23,7,19,6,11,15,18],[19,3,7,18,6,15,14,11,23,17,13,5],[3,15,11],[3,19,7,6,15,18,14,23,11,13,17,5],[19,11,23,3,15,18],[3,19,23,11,15,18],[23,15,11],[3,23,7,11,15,6],[3,11,15],[11,15,19,14,18,7,6,3,23,13,17,5],[7,11,3,23,19,18,6,15],[23,7,3,15,14,6,11,19,18,13,17,5],[3,19,11,23,7,6,15,18],[15,7,14,6,3,11,23,19,18,13,17,5],[19,7,6,3,11,15,14,18,23,17,13,5],[3,11,19,23,7,6,15,18],[11,23,19,7,6,15,18],[15,19,18,14,11,3,23,7,6,17,13,5],[11,23,3,7,15,6],[11,3,7,23,19,18,6,15],[11,3,7,19,6,15,18],[7,15,6,19,18,14,23,11,3,13,17,5],[11,3,15],[15,11,3],[3,11,7,23,19,18,6,15],[3,19,15,14,18,11,23,7,6,13,17,5],[7,15,6,19,14,18,3,11,23,13,17,5],[15,11,19,18,14,7,6,3,23,17,13,5],[3,7,23,15,14,6,11,19,18,17,13,5],[7,19,18,6,11,23,3,15],[15,19,18,14,3,11,23,7,6,17,13,5],[11,15,7,14,6,3,23,19,18,13,17,5],[19,7,18,6,15,14,3,23,11,13,17,5],[15,19,18,14,23,3,11,7,6,17,13,5],[3,11,7,15,6],[3,7,23,19,18,6,15],[11,19,3,7,6,15,14,18,23,17,13,5],[23,3,7,15,6],[19,3,15,18,14,11,7,6,23,17,13,5],[19,7,6,15,18,14,11,3,23,17,13,5],[23,19,11,15,14,18,3,7,6,17,13,5],[19,3,11,7,18,6,15],[7,3,11,19,18,6,23,15],[7,23,19,18,6,11,15],[11,7,3,15,14,6,19,18,23,13,17,5],[23,19,3,7,18,6,11,15],[3,19,15,18,14,7,6,11,23,17,13,5],[19,11,3,23,15,14,18,7,6,13,17,5],[11,15,19,18,14,3,23,7,6,17,13,5],[23,11,15],[15,7,6,23],[19,3,7,18,6,11,23,15],[3,23,11,19,7,6,15,18],[3,7,23,15,14,6,11,19,18,13,17,5],[23,3,7,19,18,6,11,15],[3,19,15,14,18,7,6,11,23,17,13,5],[15,19,18,14,11,3,23,7,6,17,13,5],[15,19,18,14,11,23,7,6,3,17,13,5],[7,19,6,23,15,14,18,11,3,13,17,5],[11,23,15],[11,3,15],[15,11,3],[19,7,18,6,3,11,23,15],[23,19,3,11,7,6,15,14,18,13,17,5],[11,15,7,14,6,23,3,19,18,13,17,5],[19,7,6,11,23,3,15,18],[19,11,15,18,13,3,7,6,23],[19,23,3,15,14,18,7,6,11,13,17,5],[3,11,15],[19,7,18,6,3,15,14,23,11,17,13,5],[7,19,6,11,15,14,18,3,23,17,13,5],[7,11,23,19,18,6,15],[11,15,19,14,18,7,6,23,3,13,17,5],[23,15,11],[15,23,19,14,18,11,7,6,3,13,17,5],[11,7,3,23,19,18,6,15],[3,19,11,23,15,18],[23,7,19,18,6,11,15],[19,7,6,3,11,23,15,18],[23,3,19,7,6,15,18],[11,3,7,23,19,6,15,18],[3,23,19,11,7,18,6,15],[7,19,6,15,14,18,23,11,3,17,13,5],[23,11,3,7,15,6],[3,23,11,19,15,14,18,7,6,13,17,5],[15,11,3],[19,23,15,18,14,11,7,6,3,13,17,5],[15,23,7,6],[15,23,19,14,18,7,6,11,3,17,13,5],[19,23,11,3,15,18],[15,19,14,18,23,11,7,6,3,13,17,5],[23,15,11],[11,3,7,23,15,6],[23,11,15],[19,15,18,14,3,23,11,7,6,17,13,5],[11,7,19,18,6,15,14,23,3,17,13,5],[11,7,23,3,19,6,15,14,18,13,17,5],[15,3,19,14,18,23,7,6,11,17,13,5],[7,23,3,15,6],[7,3,23,19,6,11,15,18],[7,11,23,3,15,14,6,19,18,13,17,5],[15,3,19,18,14,7,6,11,23,13,17,5],[7,15,14,6,23,11,3,19,18,13,17,5],[19,7,18,6,3,23,15],[23,7,3,15,6],[19,7,18,6,15,14,11,3,23,13,17,5],[23,15,11],[3,15,7,6],[11,23,7,15,14,6,19,18,3,13,17,5],[11,23,19,3,7,6,15,18],[11,7,23,19,18,6,3,15],[15,23,11],[11,15,7,14,6,3,19,18,23,17,13,5],[7,19,18,6,11,23,15],[15,11,7,6],[15,7,14,6,23,3,11,19,18,17,13,5],[3,15,19,18,14,23,11,7,6,17,13,5],[11,7,15,6],[11,15,3],[23,19,15,14,18,3,11,7,6,13,17,5],[7,23,19,18,6,15,14,3,11,17,13,5],[3,11,19,23,7,18,6,15],[19,23,15,14,18,11,3,7,6,17,13,5],[23,15,19,14,18,11,7,6,3,13,17,5],[15,11,23],[11,3,7,15,14,6,23,19,18,13,17,5],[23,3,11,7,15,6],[3,19,7,18,6,11,15],[23,19,7,18,6,15,14,3,11,17,13,5],[19,15,18,14,7,6,11,23,3,17,13,5],[23,19,7,18,6,11,15],[15,3,23],[11,15,7,6],[3,11,7,15,6],[7,19,18,6,11,23,3,15],[7,11,19,18,6,15,14,3,23,13,17,5],[11,19,23,3,7,6,15,18],[23,11,7,19,6,15,14,18,3,17,13,5],[7,3,23,11,19,18,6,15],[15,7,6,11],[11,23,19,3,15,18],[23,19,15,14,18,3,7,6,11,17,13,5],[7,15,14,6,3,19,18,23,11,17,13,5],[23,3,15],[19,11,15,14,18,3,23,7,6,13,17,5],[3,15,7,14,6,11,23,19,18,17,13,5],[3,15,11],[7,19,18,6,15,14,23,3,11,13,17,5],[7,11,23,3,19,18,6,15],[23,15,11],[3,23,7,19,6,11,15,14,18,13,17,5],[11,3,15],[7,23,3,15,6],[19,7,6,23,11,15,14,18,3,13,17,5],[23,7,15,6],[3,7,15,14,6,11,23,19,18,13,17,5],[3,7,19,18,6,15,14,23,11,13,17,5],[15,3,19,18,14,11,23,7,6,17,13,5],[19,3,23,7,18,6,11,15],[15,7,14,6,11,3,19,18,23,17,13,5],[19,11,15,14,18,3,7,6,23,13,17,5],[7,3,23,11,19,18,6,15],[11,15,19,18,14,3,23,7,6,13,17,5],[7,23,19,6,11,3,15,14,18,13,17,5],[3,23,15],[19,11,23,15,18,14,3,7,6,17,13,5],[11,19,15,18,14,7,6,23,3,17,13,5],[11,23,7,15,6],[23,11,7,15,14,6,19,18,3,17,13,5],[15,23,11],[23,11,15],[23,19,15,18,14,11,3,7,6,17,13,5],[3,23,11,19,7,6,15,14,18,13,17,5],[19,23,3,11,7,18,6,15],[23,11,15],[23,3,11,7,15,14,6,19,18,17,13,5],[19,23,3,15,14,18,7,6,11,17,13,5],[7,19,6,3,23,11,15,14,18,13,17,5],[15,7,6,19,14,18,23,3,11,17,13,5],[7,19,18,6,11,23,15],[15,19,18,14,7,6,11,23,3,13,17,5],[19,7,6,3,11,23,15,14,18,13,17,5],[3,7,15,6],[7,23,19,18,6,3,15],[7,23,3,15,14,6,11,19,18,17,13,5],[23,15,7,6,3],[23,19,7,6,11,15,18],[7,19,6,11,3,23,15,14,18,13,17,5],[3,23,15],[19,11,15,18,14,23,7,6,3,17,13,5],[3,11,15],[23,19,3,15,14,18,11,7,6,13,17,5],[15,23,11],[19,15,18,14,11,7,6,3,23,17,13,5],[7,19,18,6,23,3,15],[15,19,18,14,11,23,3,7,6,17,13,5],[7,11,23,3,15,6],[11,19,7,18,6,15,13,23,3],[15,19,14,18,23,11,7,6,3,17,13,5],[23,7,3,19,6,15,18],[15,19,14,18,7,6,23,11,3,17,13,5],[23,11,19,3,7,5],[23,3,15],[15,19,18,14,11,23,3,7,6,17,13,5],[19,7,6,3,23,11,15,14,18,17,13,5],[7,3,19,6,23,11,15,14,18,17,13,5],[23,3,15],[11,3,7,15,14,6,23,19,18,13,17,5],[7,23,3,19,18,6,11,15],[3,23,19,7,18,6,15],[15,3,11],[15,23,3],[3,15,23],[23,7,19,18,6,15,14,3,11,17,13,5],[23,11,3,15],[7,3,23,11,15,6],[7,3,15,14,6,19,18,11,23,17,13,5],[7,11,23,3,19,6,15,18],[23,11,15],[23,19,11,3,7,18,6,15],[7,19,6,3,23,15,14,18,11,13,17,5],[3,19,11,15,18],[15,7,14,6,3,23,19,18,11,13,17,5],[11,3,19,15,14,18,7,6,23,17,13,5],[3,11,15],[7,15,14,6,11,19,18,3,23,17,13,5],[15,7,6,23],[23,11,7,3,15,14,6,19,18,17,13,5],[19,7,18,6,11,3,23,15],[11,23,15],[11,15,19,14,18,23,7,6,3,17,13,5],[19,15,14,18,23,3,7,6,11,13,17,5],[23,15,7,14,6,11,19,18,3,17,13,5],[19,7,6,23,15,14,18,11,3,13,17,5],[7,23,3,19,18,6,11,15],[15,7,14,6,23,3,19,18,11,17,13,5],[23,11,7,15,14,6,3,19,18,13,17,5],[15,19,18,14,3,7,6,23,11,13,17,5],[19,23,7,18,6,11,3,15],[15,7,6,23,11],[19,3,23,7,6,15,18],[3,23,15],[23,11,7,3,15,14,6,19,18,13,17,5],[23,7,19,6,3,11,15,14,18,13,17,5],[3,19,15,18,14,7,6,23,11,13,17,5],[3,19,11,23,15,14,18,7,6,17,13,5],[3,19,15,14,18,7,6,11,23,13,17,5],[23,15,19,14,18,11,3,7,6,17,13,5],[3,7,23,19,18,6,15],[3,15,7,6],[3,15,11],[3,15,11],[11,7,23,3,19,18,6,15],[15,7,6,3],[3,19,15,18,14,23,11,7,6,17,13,5],[11,7,15,14,6,23,3,19,18,17,13,5],[11,7,23,3,19,18,6,15],[11,19,3,7,18,6,15],[7,19,6,3,11,15,14,18,23,17,13,5],[3,23,11,19,15,18],[15,3,7,14,6,23,19,18,11,13,17,5],[11,3,15],[7,19,6,15,18,14,3,23,11,17,13,5],[19,11,7,18,6,23,3,15],[19,7,18,6,23,3,15],[3,15,23],[15,7,6,11],[7,19,18,6,11,3,15],[23,19,15,14,18,11,3,7,6,13,17,5],[11,19,7,6,15,18,14,23,3,17,13,5],[23,15,11],[23,19,11,3,7,18,6,15],[23,19,7,18,6,11,3,15],[11,7,15,6],[3,15,7,6],[7,11,3,23,15,6],[11,15,23],[3,19,7,18,6,23,11,15],[11,7,23,19,18,6,15],[3,7,19,6,11,15,18],[23,7,3,19,6,15,18],[19,15,18,14,7,6,11,3,23,17,13,5],[11,19,15,18,14,3,7,6,23,17,13,5],[19,23,3,7,6,11,15,18],[23,19,11,3,15,14,18,7,6,13,17,5],[11,7,23,15,14,6,3,19,18,13,17,5],[7,19,6,3,11,23,15,18],[23,3,7,19,18,6,11,15],[23,11,19,7,18,6,15],[3,15,19,14,18,11,7,6,23,17,13,5],[19,3,11,23,15,18],[7,11,15,6],[23,15,3],[7,15,6,23],[7,3,23,19,18,6,15],[15,19,14,18,3,11,23,7,6,13,17,5],[19,11,15,18,14,7,6,3,23,17,13,5],[23,11,3,15],[7,23,15,14,6,19,18,11,3,17,13,5],[7,23,19,6,15,14,18,3,11,13,17,5],[15,23,19,18,14,3,7,6,11,17,13,5],[19,3,23,11,15,14,18,7,6,13,17,5],[11,19,23,7,6,3,15,14,18,17,13,5],[7,11,15,14,6,19,18,23,3,17,13,5],[15,3,11],[23,19,15,14,18,3,11,7,6,17,13,5],[15,23,3],[7,11,19,6,15,14,18,3,23,17,13,5],[3,7,23,15,6],[23,3,11,19,15,18],[7,3,19,6,15,18,14,11,23,17,13,5],[15,3,7,6],[15,7,6,3],[23,19,7,6,15,14,18,11,3,17,13,5],[11,15,7,14,6,3,23,19,18,17,13,5],[23,19,11,7,18,6,3,15],[15,7,6,3],[11,19,3,15,14,18,23,7,6,13,17,5],[23,15,19,18,14,7,6,3,11,17,13,5],[15,19,14,18,11,23,7,6,3,17,13,5],[3,19,23,11,15,14,18,7,6,17,13,5],[23,15,19,14,18,3,11,7,6,17,13,5],[23,11,7,15,6],[3,7,19,18,6,11,15],[23,15,3],[23,7,3,15,6],[11,19,23,15,14,18,7,6,3,17,13,5],[23,3,19,15,18,14,11,7,6,17,13,5],[15,23,19,18,14,3,7,6,11,17,13,5],[7,15,6,3],[19,7,18,6,23,15,14,11,3,17,13,5],[23,7,3,19,18,6,11,15],[7,15,6,23],[11,3,23,15],[11,3,7,19,18,6,15],[15,3,7,6],[11,19,23,15,18,14,7,6,3,17,13,5],[11,7,23,19,6,15,18],[19,23,11,7,6,15,18],[3,11,15],[19,15,14,18,3,23,11,7,6,13,17,5],[11,19,15,14,18,7,6,3,23,17,13,5],[23,19,7,18,6,15,14,11,3,13,17,5],[3,15,7,14,6,19,18,11,23,13,17,5],[11,3,7,15,6],[19,7,18,6,3,23,11,15],[15,7,6,11],[11,3,23,19,15,14,18,7,6,13,17,5],[19,3,7,18,6,11,23,15],[3,7,11,15,14,6,19,18,23,13,17,5],[19,15,18,14,23,11,3,7,6,13,17,5],[3,7,11,19,18,6,15],[3,15,19,18,14,11,7,6,23,13,17,5],[11,19,15,14,18,23,3,7,6,17,13,5],[7,23,11,3,19,18,6,15],[15,23,19,14,18,3,7,6,11,17,13,5],[11,23,15],[15,3,19,14,18,11,23,7,6,13,17,5],[11,3,15],[15,23,19,18,14,11,7,6,3,17,13,5],[3,7,15,14,6,11,23,19,18,17,13,5],[19,23,11,15,14,18,3,7,6,13,17,5],[11,15,23],[11,3,23,7,15,14,6,19,18,17,13,5],[11,23,7,15,6],[11,19,7,18,6,23,3,15],[15,19,14,18,11,3,7,6,23,13,17,5],[19,7,6,23,3,15,14,18,11,13,17,5],[11,7,3,15,6],[15,19,18,14,23,3,11,7,6,13,17,5],[3,19,7,6,23,15,18],[15,11,19,14,18,7,6,23,3,13,17,5],[3,15,23],[7,15,6,19,18,14,3,23,11,17,13,5],[11,19,7,18,6,3,23,15],[15,3,11],[3,15,7,14,6,11,23,19,18,13,17,5],[19,15,18,14,7,6,11,23,3,17,13,5],[19,15,18,14,3,23,11,7,6,17,13,5],[11,15,19,18,14,23,7,6,3,13,17,5],[23,11,19,15,18,14,7,6,3,13,17,5],[19,15,14,18,7,6,11,23,3,13,17,5],[3,15,23],[3,23,11,15],[15,3,7,14,6,11,19,18,23,17,13,5],[3,23,11,15],[3,15,23],[3,11,15],[3,19,7,6,11,15,18],[19,15,14,18,11,7,6,3,23,17,13,5],[15,3,11],[11,23,3,7,19,6,15,18],[3,19,15,18,14,23,11,7,6,17,13,5]],"n_human":5}