{"problem_id":"OaHQBGbqqKNcReH","sigma":150,"alpha":0.316,"cost":1,"probabilities":"[0.3500000000000001, 0.22, 0.32, 0.11]","payoff_matrix":"[[88, -30, 69, -24, 71, -258], [-55, -198, -145, -110, -16, -267], [123, -22, 237, 69, 184, -12], [30, -141, 144, -269, 60, 164]]","uncovered":[[9,1,3,11,2,10,13,4,12,21,17,19,18,20,5],[9,21,13,1,3,11,2,10,12,5,17,19,18,20],[13,9,21,17,11,19,10,18,12,20,5,1,3,2],[21,13,17,1,3,19,2,18,5,9,11,10,20],[13,1,5,21,9,11,3,2,10,4,12,17,19,18,20],[1,17,19,3,2,18,13,9,11,10,20,5,21],[13,1,21,5,17,3,19,18,2,9,11,10,12,20],[1,21,13,17,3,19,18,2,5,9,11,10,20],[1,13,21,5,17,19,3,2,18,9,11,10,20],[5,17,13,1,3,19,18,2,21,9,11,10,20],[17,1,3,19,2,18,9,11,10,20,5,21,13],[5,1,9,11,3,10,2,12,17,19,18,20,21,13],[17,1,3,19,2,18,5,21,9,11,10,12,20,13],[21,17,5,1,3,19,18,2,13,9,11,10,12,20],[17,5,13,1,19,3,2,18,21,9,11,10,12,20],[17,9,19,11,10,18,20,21,1,3,2,5,13],[5,9,21,17,11,19,10,18,20,13,1,3,2],[5,13,17,21,9,11,19,10,18,20,1,3,2],[21,9,17,11,19,18,10,12,20,13,5,1,3,2],[9,5,13,1,3,11,10,2,4,12,17,19,18,20,21],[21,1,17,19,3,2,18,9,11,10,12,20,13,5],[21,1,13,5,9,3,11,10,2,4,12,17,19,18,20],[5,17,1,3,19,18,2,9,11,10,12,20,13,21],[17,21,13,1,3,19,2,18,9,11,10,12,20,5],[5,17,1,19,3,2,18,9,11,10,20,13,21],[13,1,9,3,11,10,2,17,19,18,20,5,21],[9,21,13,17,19,11,10,18,20,5,1,3,2],[13,21,17,1,3,19,2,18,9,11,10,12,20,5],[21,5,1,13,17,3,19,2,18,9,11,10,20],[5,1,21,9,3,11,10,2,17,19,18,20,13],[17,5,21,1,19,3,18,2,13,9,11,10,20],[21,1,9,3,11,10,2,12,5,13,17,19,18,20],[1,5,13,17,19,3,18,2,21,9,11,10,12,20],[9,13,1,3,11,2,10,5,4,12,17,19,18,20,21],[17,5,9,11,19,10,18,20,13,21,1,3,2],[21,5,1,9,11,3,2,10,17,19,18,20,13],[5,17,1,19,3,18,2,13,9,11,10,20,21],[13,21,17,1,19,3,18,2,5,9,11,10,20],[9,21,13,17,19,11,10,18,12,20,5,1,3,2],[13,17,21,5,1,3,19,2,18,9,11,10,12,20],[1,9,11,3,2,10,4,12,17,19,18,20,13,21],[9,1,3,11,2,10,4,12,13,21,5,17,19,18,20],[21,9,17,19,11,10,18,20,5,13,1,3,2],[9,21,13,5,17,19,11,10,18,12,20,1,3,2],[1,13,17,3,19,2,18,9,11,10,20,21,5],[13,17,9,11,19,10,18,12,20,1,3,2,5,21],[21,17,1,3,19,2,18,5,13,9,11,10,12,20],[21,5,9,13,17,11,19,18,10,12,20,1,3,2],[9,1,11,3,2,10,4,12,5,17,19,18,20,13,21],[1,17,3,19,2,18,5,21,13,9,11,10,12,20],[13,21,17,1,3,19,18,2,9,11,10,12,20,5],[13,21,17,5,9,19,11,18,10,20,1,3,2],[1,9,11,3,2,10,4,12,21,13,17,19,18,20,5],[13,21,5,17,1,3,19,18,2,9,11,10,20],[5,13,21,17,1,19,3,18,2,9,11,10,20],[13,9,5,1,11,3,10,2,4,12,17,19,18,20,21],[5,1,17,3,19,2,18,13,21,9,11,10,12,20],[17,13,1,19,3,18,2,21,5,9,11,10,20],[5,21,1,13,17,19,3,2,18,9,11,10,12,20],[9,21,5,13,1,3,11,10,2,17,19,18,12,20],[5,17,1,3,19,2,18,21,9,11,10,12,20,13],[1,21,9,11,3,10,2,5,4,12,17,19,18,20],[9,1,11,3,10,2,13,21,17,19,18,20,5],[17,5,21,13,1,19,3,18,2,9,11,10,12,20],[9,21,5,13,17,19,11,18,10,20,1,3,2],[21,5,13,17,1,19,3,2,18,9,11,10,20],[9,21,17,11,19,10,18,20,5,1,3,2,13],[21,5,1,17,3,19,2,18,13,9,11,10,20],[9,1,3,11,10,2,5,12,21,13,17,19,18,20],[9,13,17,19,11,10,18,12,20,5,1,3,2,21],[5,1,17,3,19,2,18,13,21,9,11,10,12,20],[1,13,5,9,11,3,10,2,17,19,18,20,21],[17,9,11,19,18,10,20,21,13,1,3,2,5],[21,9,17,11,19,10,18,12,20,5,1,3,2,13],[13,21,1,17,19,3,2,18,9,11,10,12,20,5],[13,9,1,11,3,2,10,4,12,5,21,17,19,18,20],[17,21,5,9,19,11,10,18,20,1,3,2,13],[1,17,3,19,18,2,9,11,10,20,21,13,5],[17,13,5,21,9,19,11,10,18,20,1,3,2],[5,9,1,3,11,10,2,12,21,17,19,18,20,13],[13,9,1,11,3,2,10,17,19,18,12,20,5,21],[17,13,9,11,19,18,10,20,21,5,1,3,2],[1,21,17,3,19,18,2,9,11,10,20,5,13],[21,1,9,11,3,2,10,5,12,17,19,18,20,13],[17,21,9,11,19,18,10,20,1,3,2,5,13],[9,5,21,17,19,11,18,10,20,1,3,2,13],[21,9,1,11,3,2,10,4,12,17,19,18,20,5],[9,21,5,17,19,11,18,10,12,20,1,3,2,13],[9,13,21,5,17,11,19,10,18,20,1,3,2],[9,13,1,11,3,2,10,4,12,5,17,19,18,20,21],[21,5,17,9,11,19,18,10,20,1,3,2,13],[17,13,5,9,19,11,10,18,20,21,1,3,2],[9,13,1,11,3,10,2,21,4,12,5,17,19,18,20],[9,5,1,3,11,10,2,21,17,19,18,20,13],[1,21,5,17,3,19,18,2,13,9,11,10,20],[9,13,1,11,3,2,10,12,21,5,17,19,18,20],[13,21,9,5,17,19,11,10,18,12,20,1,3,2],[17,1,3,19,2,18,9,11,10,20,13,5,21],[21,13,1,17,19,3,2,18,5,9,11,10,12,20],[1,5,21,17,19,3,18,2,13,9,11,10,20],[17,5,21,9,19,11,18,10,20,1,3,2,13],[1,5,13,21,17,19,3,18,2,9,11,10,20],[21,9,1,11,3,2,10,12,5,17,19,18,20,13],[13,17,5,1,19,3,2,18,21,9,11,10,12,20],[21,5,13,1,17,19,3,2,18,9,11,10,12,20],[9,13,5,1,11,3,2,10,12,17,19,18,20,21],[17,13,9,19,11,10,18,12,20,21,5,1,3,2],[1,5,21,17,3,19,2,18,13,9,11,10,20],[13,5,21,17,1,3,19,18,2,9,11,10,12,20],[17,1,19,3,18,2,5,9,11,10,12,20,21,13],[1,5,21,17,19,3,18,2,13,9,11,10,20],[5,1,9,3,11,2,10,17,19,18,20,13,21],[5,13,21,1,17,19,3,2,18,9,11,10,20],[1,17,3,19,2,18,21,9,11,10,12,20,13,5],[17,21,9,11,19,18,10,20,5,1,3,2,13],[9,1,11,3,2,10,12,21,13,5,17,19,18,20],[1,5,17,19,3,2,18,9,11,10,20,13,21],[1,13,5,17,3,19,2,18,9,11,10,20,21],[13,5,9,21,1,11,3,10,2,4,12,17,19,18,20],[1,17,3,19,18,2,13,9,11,10,12,20,21,5],[9,17,19,11,10,18,12,20,1,3,2,13,5,21],[17,9,11,19,10,18,20,21,1,3,2,13,5],[21,13,9,1,3,11,2,10,12,17,19,18,20,5],[1,21,9,3,11,10,2,17,19,18,20,13,5],[9,17,19,11,18,10,20,1,3,2,5,21,13],[9,13,5,17,19,11,18,10,20,1,3,2,21],[1,5,21,13,17,3,19,2,18,9,11,10,12,20],[1,13,9,3,11,2,10,17,19,18,20,5,21],[21,1,9,11,3,10,2,17,19,18,12,20,5,13],[17,5,1,3,19,2,18,9,11,10,12,20,13,21],[9,17,19,11,18,10,12,20,1,3,2,21,13,5],[13,1,21,9,3,11,10,2,17,19,18,20,5],[9,5,21,17,19,11,10,18,20,1,3,2,13],[1,13,9,11,3,10,2,17,19,18,20,5,21],[5,1,17,3,19,2,18,21,9,11,10,12,20,13],[13,21,17,1,3,19,2,18,5,9,11,10,20],[17,5,1,3,19,2,18,21,13,9,11,10,20],[5,21,17,13,9,11,19,18,10,12,20,1,3,2],[21,13,17,9,19,11,18,10,12,20,5,1,3,2],[13,21,17,9,11,19,10,18,12,20,1,3,2,5],[21,5,9,17,19,11,10,18,12,20,13,1,3,2],[5,9,13,21,17,11,19,10,18,20,1,3,2],[5,17,9,19,11,10,18,20,1,3,2,21,13],[9,13,17,11,19,18,10,12,20,5,21,1,3,2],[17,21,1,3,19,2,18,13,9,11,10,12,20,5],[5,13,9,17,11,19,10,18,12,20,1,3,2,21],[13,9,1,3,11,2,10,12,21,17,19,18,20,5],[13,9,21,1,3,11,2,10,17,19,18,20,5],[1,17,3,19,18,2,21,9,11,10,20,5,13],[13,5,9,17,19,11,18,10,20,21,1,3,2],[17,21,9,11,19,10,18,20,5,13,1,3,2],[13,17,1,19,3,2,18,21,9,11,10,12,20,5],[17,21,9,11,19,18,10,20,1,3,2,5,13],[9,21,1,3,11,2,10,13,12,17,19,18,20,5],[9,17,19,11,10,18,12,20,5,13,1,3,2,21],[9,5,13,21,17,19,11,10,18,12,20,1,3,2],[13,9,21,1,3,11,2,10,12,17,19,18,20,5],[13,21,9,17,19,11,10,18,12,20,1,3,2,5],[21,9,1,3,11,2,10,4,12,17,19,18,20,13,5],[5,9,17,11,19,18,10,12,20,1,3,2,13,21],[13,21,5,17,1,19,3,2,18,9,11,10,12,20],[17,13,21,1,19,3,2,18,5,9,11,10,12,20],[9,21,13,17,19,11,10,18,20,5,1,3,2],[21,13,9,17,11,19,18,10,12,20,1,3,2,5],[5,9,1,3,11,2,10,13,17,19,18,20,21],[13,5,1,9,11,3,10,2,17,19,18,12,20,21],[13,17,5,1,3,19,2,18,21,9,11,10,20],[21,17,9,11,19,10,18,12,20,1,3,2,13,5],[21,9,5,13,1,3,11,2,10,4,12,17,19,18,20],[9,1,3,11,10,2,12,17,19,18,20,5,13,21],[21,1,13,17,19,3,18,2,5,9,11,10,12,20],[21,1,9,11,3,2,10,13,5,17,19,18,20],[1,13,9,3,11,10,2,21,17,19,18,20,5],[9,1,3,11,10,2,21,17,19,18,20,13,5],[9,17,19,11,10,18,12,20,21,5,1,3,2,13],[13,1,9,11,3,2,10,21,4,12,5,17,19,18,20],[9,1,11,3,10,2,21,5,17,19,18,12,20,13],[21,13,9,1,3,11,2,10,17,19,18,20,5],[17,13,9,19,11,10,18,12,20,5,21,1,3,2],[17,13,9,11,19,18,10,20,5,21,1,3,2],[1,5,21,17,3,19,18,2,13,9,11,10,12,20],[1,21,5,17,3,19,18,2,9,11,10,12,20,13],[21,17,1,19,3,18,2,13,5,9,11,10,12,20],[17,9,11,19,18,10,12,20,1,3,2,13,5,21],[9,21,5,13,17,19,11,18,10,20,1,3,2],[17,9,11,19,18,10,20,13,1,3,2,21,5],[13,17,5,21,1,19,3,18,2,9,11,10,12,20],[9,21,1,3,11,2,10,17,19,18,12,20,5,13],[17,9,19,11,10,18,12,20,13,5,1,3,2,21],[13,5,9,21,1,3,11,2,10,12,17,19,18,20],[9,5,17,19,11,10,18,12,20,13,21,1,3,2],[9,5,21,1,3,11,10,2,13,4,12,17,19,18,20],[21,13,17,9,11,19,10,18,12,20,5,1,3,2],[17,1,19,3,2,18,9,11,10,20,5,13,21],[9,13,5,17,19,11,18,10,20,1,3,2,21],[17,9,11,19,10,18,12,20,5,21,1,3,2,13],[13,17,21,1,19,3,18,2,5,9,11,10,20],[5,1,9,3,11,2,10,21,4,12,17,19,18,20,13],[17,9,19,11,18,10,20,21,5,1,3,2,13],[13,9,17,11,19,18,10,20,5,1,3,2,21],[17,13,1,3,19,2,18,21,9,11,10,12,20,5],[21,13,1,9,3,11,10,2,12,5,17,19,18,20],[13,17,1,19,3,2,18,21,5,9,11,10,12,20],[13,17,9,19,11,10,18,20,5,1,3,2,21],[13,21,1,17,19,3,2,18,9,11,10,20,5],[9,17,19,11,10,18,12,20,21,5,13,1,3,2],[9,21,13,5,17,19,11,18,10,12,20,1,3,2],[9,21,1,3,11,2,10,5,17,19,18,12,20,13],[5,17,21,9,11,19,10,18,20,13,1,3,2],[1,5,17,19,3,2,18,9,11,10,20,21,13],[9,13,21,17,19,11,18,10,12,20,1,3,2,5],[13,17,21,5,9,11,19,10,18,12,20,1,3,2],[5,1,13,17,19,3,18,2,9,11,10,12,20,21],[17,5,21,13,1,19,3,18,2,9,11,10,12,20],[13,1,21,5,17,19,3,18,2,9,11,10,20],[9,21,13,17,19,11,10,18,12,20,5,1,3,2],[17,9,11,19,10,18,12,20,5,13,1,3,2,21],[13,9,21,1,3,11,10,2,17,19,18,12,20,5],[13,21,9,17,11,19,18,10,12,20,1,3,2,5],[5,17,13,9,11,19,10,18,20,21,1,3,2],[17,13,9,11,19,10,18,20,5,1,3,2,21],[17,21,13,9,19,11,18,10,20,5,1,3,2],[13,17,9,19,11,18,10,20,1,3,2,5,21],[9,17,19,11,18,10,12,20,21,5,1,3,2,13],[17,9,19,11,18,10,12,20,21,13,5,1,3,2],[13,17,5,21,9,11,19,10,18,12,20,1,3,2],[17,21,5,9,19,11,10,18,20,1,3,2,13],[17,9,11,19,10,18,12,20,1,3,2,21,13,5],[17,9,19,11,18,10,12,20,1,3,2,13,21,5],[13,9,17,11,19,10,18,12,20,5,21,1,3,2],[1,21,13,9,11,3,2,10,4,12,5,17,19,18,20],[5,1,21,13,9,11,3,10,2,4,12,17,19,18,20],[9,21,5,17,19,11,10,18,20,13,1,3,2],[21,13,9,5,1,3,11,2,10,4,12,17,19,18,20],[9,13,17,19,11,18,10,20,5,1,3,2,21],[13,9,1,3,11,10,2,12,21,5,17,19,18,20],[1,17,19,3,18,2,13,9,11,10,20,21,5],[17,9,11,19,10,18,20,1,3,2,5,21,13],[9,21,5,1,3,11,10,2,4,12,17,19,18,20,13],[17,5,21,9,11,19,18,10,20,1,3,2,13],[21,17,13,5,9,19,11,10,18,12,20,1,3,2],[5,21,9,17,19,11,18,10,20,1,3,2,13],[13,5,17,1,19,3,18,2,9,11,10,12,20,21],[5,9,1,11,3,10,2,12,13,21,17,19,18,20],[5,13,17,1,3,19,2,18,9,11,10,12,20,21],[13,1,17,3,19,2,18,21,5,9,11,10,12,20],[13,9,21,5,17,11,19,10,18,12,20,1,3,2],[17,13,9,11,19,18,10,20,5,21,1,3,2],[13,21,9,5,17,19,11,10,18,12,20,1,3,2],[13,1,21,9,11,3,10,2,5,12,17,19,18,20],[9,5,17,11,19,10,18,20,1,3,2,21,13],[21,5,17,1,3,19,18,2,13,9,11,10,20],[17,9,11,19,10,18,12,20,13,5,1,3,2,21],[13,9,17,19,11,10,18,20,5,1,3,2,21],[17,5,1,3,19,2,18,9,11,10,20,13,21],[1,21,13,9,3,11,2,10,4,12,5,17,19,18,20],[1,17,3,19,18,2,9,11,10,20,21,13,5],[5,21,13,17,9,11,19,10,18,20,1,3,2],[5,9,17,11,19,10,18,20,13,21,1,3,2],[17,1,3,19,18,2,9,11,10,12,20,21,5,13],[9,13,17,19,11,10,18,12,20,21,5,1,3,2],[9,5,21,1,3,11,10,2,13,17,19,18,12,20],[17,21,1,3,19,18,2,9,11,10,20,13,5],[1,21,13,17,3,19,18,2,5,9,11,10,12,20],[5,21,9,17,19,11,10,18,12,20,1,3,2,13],[1,9,11,3,10,2,17,19,18,12,20,13,21,5],[17,21,5,9,11,19,18,10,12,20,1,3,2,13],[17,21,1,3,19,2,18,5,13,9,11,10,20],[21,17,5,1,3,19,2,18,9,11,10,20,13],[5,21,13,17,9,19,11,10,18,20,1,3,2],[1,5,13,17,3,19,2,18,21,9,11,10,20],[9,1,11,3,2,10,17,19,18,20,13,21,5],[17,9,11,19,18,10,12,20,13,1,3,2,5,21],[13,1,5,9,11,3,10,2,4,12,21,17,19,18,20],[17,5,21,9,11,19,18,10,12,20,13,1,3,2],[17,13,5,21,9,19,11,18,10,20,1,3,2],[1,5,17,19,3,18,2,9,11,10,12,20,21,13],[1,17,19,3,18,2,9,11,10,20,21,5,13],[5,21,17,9,19,11,10,18,20,13,1,3,2],[5,17,9,11,19,18,10,20,1,3,2,13,21],[21,13,5,9,1,3,11,2,10,4,12,17,19,18,20],[21,5,13,17,1,3,19,18,2,9,11,10,20],[5,21,1,13,17,19,3,18,2,9,11,10,12,20],[21,13,9,1,11,3,10,2,4,12,5,17,19,18,20],[9,5,17,11,19,18,10,12,20,1,3,2,13,21],[21,13,9,17,11,19,10,18,20,1,3,2,5],[17,9,19,11,10,18,20,1,3,2,13,5,21],[5,13,9,17,19,11,10,18,20,21,1,3,2],[13,9,17,11,19,10,18,12,20,1,3,2,5,21],[5,21,17,9,19,11,18,10,12,20,1,3,2,13],[5,21,13,17,1,19,3,18,2,9,11,10,12,20],[13,21,9,5,17,19,11,18,10,20,1,3,2],[5,13,21,17,1,19,3,18,2,9,11,10,12,20],[13,9,5,21,17,11,19,18,10,20,1,3,2],[13,21,17,5,9,11,19,18,10,12,20,1,3,2],[17,9,11,19,18,10,12,20,21,1,3,2,13,5],[17,21,5,13,9,19,11,18,10,12,20,1,3,2],[17,21,13,5,9,11,19,10,18,20,1,3,2],[1,5,17,3,19,2,18,9,11,10,20,13,21],[21,1,5,13,9,11,3,2,10,17,19,18,12,20],[1,17,3,19,2,18,5,9,11,10,20,13,21],[13,9,1,3,11,10,2,21,17,19,18,20,5],[1,17,19,3,2,18,13,9,11,10,20,21,5],[9,5,21,13,1,11,3,2,10,12,17,19,18,20],[17,1,19,3,18,2,5,13,21,9,11,10,12,20],[9,5,13,21,1,11,3,2,10,4,12,17,19,18,20],[21,13,5,17,9,19,11,18,10,20,1,3,2],[13,17,5,21,9,19,11,10,18,12,20,1,3,2],[5,9,21,13,17,19,11,18,10,20,1,3,2],[9,13,5,1,3,11,2,10,21,12,17,19,18,20],[13,9,17,11,19,18,10,12,20,21,1,3,2,5],[1,5,17,19,3,18,2,13,21,9,11,10,20],[21,17,13,9,19,11,10,18,12,20,5,1,3,2],[5,17,13,9,19,11,18,10,12,20,1,3,2,21],[5,1,21,9,11,3,10,2,13,4,12,17,19,18,20],[9,13,5,17,11,19,10,18,20,21,1,3,2],[17,9,19,11,18,10,12,20,5,13,21,1,3,2],[21,9,1,11,3,2,10,12,17,19,18,20,5,13],[17,21,5,1,19,3,2,18,9,11,10,12,20,13],[21,1,13,5,9,11,3,2,10,4,12,17,19,18,20],[21,5,9,1,3,11,10,2,13,12,17,19,18,20],[13,17,21,5,1,19,3,2,18,9,11,10,20],[5,9,21,17,19,11,18,10,20,13,1,3,2],[1,21,5,17,19,3,18,2,13,9,11,10,12,20],[1,21,9,3,11,10,2,5,4,12,17,19,18,20,13],[9,13,5,21,17,19,11,18,10,20,1,3,2],[9,5,21,13,17,11,19,18,10,12,20,1,3,2],[21,9,17,11,19,18,10,12,20,1,3,2,13,5],[13,21,1,5,9,3,11,2,10,12,17,19,18,20],[17,1,3,19,2,18,9,11,10,20,21,5,13],[21,9,13,17,11,19,18,10,20,1,3,2,5],[21,9,1,11,3,10,2,4,12,5,17,19,18,20,13],[9,5,17,11,19,18,10,20,13,21,1,3,2],[21,9,17,11,19,18,10,20,5,13,1,3,2],[5,17,9,11,19,18,10,12,20,13,21,1,3,2],[21,9,1,3,11,2,10,4,12,13,17,19,18,20,5],[21,13,5,17,1,19,3,18,2,9,11,10,12,20],[13,17,9,19,11,10,18,12,20,1,3,2,5,21],[17,21,5,9,11,19,18,10,20,1,3,2,13],[1,13,9,11,3,2,10,21,4,12,17,19,18,20,5],[9,21,5,17,11,19,10,18,20,1,3,2,13],[13,9,21,1,3,11,10,2,12,5,17,19,18,20],[13,17,21,1,19,3,18,2,9,11,10,12,20,5],[9,5,1,11,3,2,10,12,17,19,18,20,13,21],[5,1,17,3,19,18,2,21,9,11,10,20,13],[9,13,5,1,11,3,10,2,17,19,18,20,21],[21,1,13,9,11,3,10,2,17,19,18,20,5],[21,1,17,19,3,18,2,9,11,10,12,20,13,5],[13,17,5,9,19,11,18,10,20,1,3,2,21],[1,13,5,21,17,3,19,2,18,9,11,10,12,20],[21,5,17,9,11,19,18,10,12,20,13,1,3,2],[21,17,9,19,11,18,10,12,20,1,3,2,5,13],[5,21,1,17,19,3,18,2,9,11,10,20,13],[1,9,11,3,10,2,4,12,5,17,19,18,20,13,21],[9,5,1,3,11,2,10,4,12,17,19,18,20,21],[21,9,13,1,11,3,10,2,12,5,17,19,18,20],[21,5,13,17,1,19,3,2,18,9,11,10,12,20],[9,21,13,5,1,11,3,2,10,4,12,17,19,18,20],[21,17,9,19,11,18,10,20,5,1,3,2,13],[5,21,1,13,9,11,3,2,10,12,17,19,18,20],[13,9,1,11,3,10,2,5,12,21,17,19,18,20],[1,13,21,5,9,11,3,10,2,4,12,17,19,18,20],[1,21,9,11,3,10,2,12,5,17,19,18,20,13],[21,1,17,3,19,18,2,5,13,9,11,10,20],[1,9,11,3,2,10,17,19,18,20,13,5,21],[21,5,13,1,9,3,11,10,2,4,12,17,19,18,20],[9,17,19,11,10,18,20,5,21,1,3,2,13],[17,5,13,1,3,19,18,2,21,9,11,10,12,20],[21,5,13,17,9,19,11,10,18,12,20,1,3,2],[5,1,13,9,3,11,2,10,12,21,17,19,18,20],[9,13,5,1,11,3,10,2,4,12,17,19,18,20,21],[21,17,1,19,3,2,18,13,5,9,11,10,12,20],[1,13,17,3,19,18,2,9,11,10,12,20,21,5],[13,17,1,3,19,18,2,5,21,9,11,10,12,20],[21,1,5,17,19,3,18,2,9,11,10,12,20,13],[17,21,13,5,1,3,19,18,2,9,11,10,12,20],[17,9,19,11,10,18,20,1,3,2,5,13,21],[13,17,9,19,11,10,18,20,5,21,1,3,2],[5,21,13,1,17,19,3,2,18,9,11,10,20],[9,13,17,11,19,18,10,12,20,5,21,1,3,2],[17,9,19,11,18,10,20,13,21,1,3,2,5],[21,1,17,3,19,2,18,13,5,9,11,10,20],[17,5,21,1,3,19,2,18,9,11,10,12,20,13],[17,5,1,19,3,2,18,21,9,11,10,20,13],[21,17,9,11,19,18,10,12,20,5,13,1,3,2],[9,17,11,19,10,18,12,20,13,5,1,3,2,21],[9,17,11,19,18,10,20,21,1,3,2,5,13],[17,13,1,3,19,2,18,9,11,10,12,20,5,21],[1,17,19,3,18,2,5,13,21,9,11,10,20],[17,13,1,19,3,2,18,5,9,11,10,12,20,21],[1,5,9,11,3,2,10,21,17,19,18,12,20,13],[13,1,21,9,11,3,10,2,4,12,5,17,19,18,20],[21,5,17,9,19,11,18,10,12,20,1,3,2,13],[9,17,11,19,10,18,20,1,3,2,5,21,13],[21,17,9,11,19,18,10,12,20,5,13,1,3,2],[21,1,17,3,19,18,2,9,11,10,12,20,5,13],[1,13,21,5,9,11,3,10,2,12,17,19,18,20],[1,13,5,21,17,3,19,18,2,9,11,10,12,20],[1,9,3,11,2,10,12,21,5,17,19,18,20,13],[5,9,17,11,19,18,10,20,21,1,3,2,13],[1,5,21,17,3,19,18,2,9,11,10,20,13],[13,1,17,3,19,18,2,9,11,10,20,5,21],[9,5,13,17,11,19,18,10,20,21,1,3,2],[17,1,3,19,18,2,13,9,11,10,12,20,5,21],[13,9,1,11,3,2,10,12,21,17,19,18,20,5],[1,9,3,11,10,2,4,12,21,5,17,19,18,20,13],[13,17,9,11,19,18,10,12,20,1,3,2,21,5],[21,5,17,9,19,11,18,10,20,13,1,3,2],[5,21,9,13,1,3,11,10,2,12,17,19,18,20],[1,9,11,3,10,2,13,21,12,17,19,18,20,5],[17,13,5,1,3,19,2,18,9,11,10,20,21],[21,13,5,1,17,19,3,2,18,9,11,10,12,20],[21,1,13,9,11,3,2,10,4,12,5,17,19,18,20],[13,5,17,9,19,11,18,10,20,21,1,3,2],[17,21,5,13,1,19,3,18,2,9,11,10,12,20],[5,17,1,3,19,2,18,21,9,11,10,12,20,13],[21,17,5,13,9,11,19,18,10,20,1,3,2],[13,5,21,17,1,19,3,18,2,9,11,10,20],[17,9,19,11,18,10,12,20,1,3,2,5,21,13],[1,5,21,13,17,3,19,2,18,9,11,10,20],[17,13,1,3,19,2,18,9,11,10,20,21,5],[9,5,1,3,11,2,10,4,12,17,19,18,20,21],[13,9,5,21,1,3,11,2,10,4,12,17,19,18,20],[9,13,1,11,3,10,2,12,17,19,18,20,5,21],[13,21,9,5,1,11,3,2,10,4,12,17,19,18,20],[5,17,1,3,19,18,2,21,9,11,10,20,13],[1,13,9,11,3,10,2,12,17,19,18,20,21,5],[21,9,13,17,19,11,18,10,12,20,1,3,2,5],[5,17,1,19,3,18,2,13,9,11,10,20,21],[1,5,17,19,3,2,18,13,9,11,10,20,21],[1,17,3,19,18,2,9,11,10,12,20,13,21,5],[17,1,19,3,2,18,13,9,11,10,12,20,5,21],[13,1,21,5,17,3,19,2,18,9,11,10,20],[1,13,9,11,3,2,10,21,4,12,17,19,18,20,5],[21,5,1,9,11,3,2,10,12,17,19,18,20,13],[13,21,9,1,11,3,2,10,17,19,18,12,20,5],[5,1,13,17,3,19,2,18,9,11,10,12,20,21],[21,17,5,13,1,19,3,18,2,9,11,10,12,20],[17,1,3,19,18,2,21,9,11,10,20,13,5],[17,13,21,5,1,3,19,2,18,9,11,10,12,20],[1,5,13,9,11,3,2,10,17,19,18,12,20,21],[5,13,21,17,1,3,19,2,18,9,11,10,12,20],[1,9,3,11,2,10,5,17,19,18,20,21,13],[1,13,21,5,9,11,3,10,2,4,12,17,19,18,20],[17,13,1,19,3,18,2,9,11,10,20,5,21],[9,5,21,1,11,3,10,2,4,12,17,19,18,20,13],[17,1,19,3,18,2,13,21,5,9,11,10,12,20],[17,5,9,11,19,18,10,12,20,13,1,3,2,21],[21,1,5,9,11,3,2,10,17,19,18,20,13],[17,21,5,1,3,19,18,2,9,11,10,12,20,13],[1,21,13,5,9,3,11,2,10,17,19,18,20],[5,21,17,1,19,3,18,2,9,11,10,20,13],[13,1,17,3,19,2,18,9,11,10,20,5,21],[1,13,17,3,19,18,2,9,11,10,20,5,21],[17,5,1,19,3,2,18,13,9,11,10,12,20,21],[9,5,1,11,3,10,2,13,12,21,17,19,18,20],[21,9,5,17,11,19,10,18,12,20,1,3,2,13],[13,9,5,21,1,3,11,2,10,4,12,17,19,18,20],[21,9,13,17,19,11,10,18,20,5,1,3,2],[13,17,5,21,1,3,19,18,2,9,11,10,20],[1,13,5,9,3,11,2,10,17,19,18,20,21],[21,1,9,3,11,2,10,4,12,13,5,17,19,18,20],[13,9,5,1,11,3,10,2,17,19,18,20,21],[21,9,13,17,11,19,10,18,20,1,3,2,5],[5,9,21,13,1,11,3,10,2,17,19,18,12,20],[5,21,9,1,3,11,10,2,4,12,13,17,19,18,20],[5,1,21,13,9,3,11,2,10,12,17,19,18,20],[13,17,5,9,11,19,18,10,12,20,1,3,2,21],[1,21,13,17,3,19,18,2,9,11,10,20,5],[17,5,13,21,1,19,3,2,18,9,11,10,20],[21,1,13,5,17,3,19,2,18,9,11,10,12,20],[9,17,11,19,10,18,20,21,1,3,2,5,13],[21,5,13,9,17,11,19,10,18,12,20,1,3,2],[1,9,11,3,10,2,13,5,21,12,17,19,18,20],[21,17,1,3,19,2,18,13,9,11,10,20,5],[5,17,1,19,3,2,18,9,11,10,20,13,21],[5,1,21,9,11,3,2,10,12,13,17,19,18,20],[17,21,1,19,3,18,2,9,11,10,12,20,13,5],[21,13,5,9,17,19,11,10,18,12,20,1,3,2],[9,13,1,3,11,2,10,5,12,17,19,18,20,21],[13,17,9,11,19,10,18,20,21,5,1,3,2],[1,17,19,3,18,2,9,11,10,20,5,21,13],[13,21,9,5,1,3,11,2,10,4,12,17,19,18,20],[13,17,1,19,3,2,18,9,11,10,20,5,21],[17,1,19,3,18,2,21,9,11,10,12,20,5,13],[17,9,19,11,10,18,12,20,13,5,1,3,2,21],[21,9,13,1,11,3,2,10,4,12,5,17,19,18,20],[13,5,9,17,19,11,18,10,12,20,1,3,2,21],[17,1,3,19,2,18,13,9,11,10,20,21,5],[13,9,5,1,3,11,10,2,17,19,18,12,20,21],[13,5,1,21,9,11,3,2,10,17,19,18,20],[13,9,1,3,11,10,2,21,12,17,19,18,20,5],[17,5,9,11,19,10,18,12,20,21,1,3,2,13],[21,1,5,13,17,19,3,18,2,9,11,10,20],[5,1,13,21,17,19,3,2,18,9,11,10,20],[13,17,1,3,19,18,2,5,21,9,11,10,12,20],[21,13,17,5,9,19,11,10,18,20,1,3,2],[13,9,17,19,11,18,10,12,20,1,3,2,5,21],[9,1,11,3,10,2,21,4,12,13,17,19,18,20,5],[9,17,19,11,18,10,12,20,5,13,21,1,3,2],[21,1,17,3,19,18,2,5,9,11,10,20,13],[5,21,13,9,17,11,19,10,18,20,1,3,2],[1,21,5,9,3,11,10,2,13,4,12,17,19,18,20],[13,9,21,17,19,11,18,10,12,20,1,3,2,5],[13,9,21,5,1,3,11,2,10,17,19,18,20],[5,13,1,9,3,11,2,10,17,19,18,20,21],[5,17,21,9,11,19,10,18,12,20,13,1,3,2],[21,9,13,1,3,11,2,10,12,5,17,19,18,20],[5,17,13,21,1,3,19,2,18,9,11,10,12,20],[5,9,13,1,3,11,10,2,12,21,17,19,18,20],[21,17,13,9,11,19,10,18,12,20,1,3,2,5],[9,17,19,11,18,10,20,5,13,21,1,3,2],[9,1,11,3,2,10,4,12,5,17,19,18,20,13,21],[21,13,5,1,17,3,19,18,2,9,11,10,12,20],[1,5,17,19,3,2,18,21,13,9,11,10,20],[17,5,9,19,11,10,18,20,21,13,1,3,2],[1,21,13,9,3,11,10,2,12,17,19,18,20,5],[1,5,17,3,19,2,18,13,9,11,10,12,20,21],[13,1,21,9,11,3,10,2,12,5,17,19,18,20],[5,9,21,13,1,11,3,2,10,12,17,19,18,20],[17,21,5,13,9,19,11,10,18,12,20,1,3,2],[9,1,11,3,2,10,12,21,13,5,17,19,18,20],[9,13,17,11,19,18,10,20,5,21,1,3,2],[13,5,9,21,17,11,19,18,10,12,20,1,3,2],[17,1,3,19,2,18,5,9,11,10,20,21,13],[5,13,9,17,19,11,10,18,12,20,1,3,2,21],[1,9,11,3,2,10,5,13,12,17,19,18,20,21],[13,1,5,21,17,19,3,2,18,9,11,10,20],[21,17,5,13,1,3,19,2,18,9,11,10,20],[5,13,21,1,9,3,11,2,10,4,12,17,19,18,20],[13,17,21,1,19,3,18,2,5,9,11,10,12,20],[13,21,1,17,3,19,18,2,5,9,11,10,12,20],[1,21,17,19,3,18,2,13,9,11,10,20,5],[5,17,9,19,11,18,10,20,21,1,3,2,13],[5,21,17,9,11,19,10,18,12,20,1,3,2,13],[17,21,13,1,3,19,18,2,5,9,11,10,12,20],[21,5,9,13,1,3,11,2,10,12,17,19,18,20],[21,13,17,9,19,11,10,18,12,20,5,1,3,2],[5,9,21,17,19,11,18,10,12,20,13,1,3,2],[17,13,21,1,19,3,18,2,9,11,10,20,5],[13,1,5,21,17,19,3,2,18,9,11,10,20],[1,5,17,19,3,18,2,21,13,9,11,10,20],[21,5,17,13,1,19,3,18,2,9,11,10,12,20],[9,21,5,1,3,11,10,2,13,4,12,17,19,18,20],[1,21,5,13,17,3,19,18,2,9,11,10,20],[17,13,5,9,11,19,10,18,20,21,1,3,2],[13,5,21,1,9,3,11,2,10,12,17,19,18,20],[9,17,11,19,10,18,20,13,1,3,2,21,5],[13,5,17,21,9,11,19,10,18,20,1,3,2],[21,13,1,17,19,3,18,2,9,11,10,20,5],[1,17,3,19,2,18,13,5,9,11,10,12,20,21],[13,17,5,1,3,19,2,18,9,11,10,20,21],[17,13,9,19,11,10,18,12,20,21,1,3,2,5],[13,17,9,19,11,18,10,20,21,5,1,3,2],[13,1,9,3,11,2,10,5,4,12,17,19,18,20,21],[1,5,9,3,11,10,2,12,17,19,18,20,21,13],[9,5,13,17,19,11,10,18,12,20,1,3,2,21],[1,5,13,9,3,11,10,2,12,21,17,19,18,20],[9,1,11,3,2,10,13,4,12,5,17,19,18,20,21],[9,5,21,13,1,11,3,2,10,17,19,18,20],[21,17,9,11,19,18,10,12,20,13,1,3,2,5],[21,5,9,17,11,19,10,18,12,20,1,3,2,13],[13,21,17,5,1,3,19,2,18,9,11,10,20],[17,13,21,1,3,19,18,2,5,9,11,10,20],[9,21,5,13,17,19,11,18,10,20,1,3,2],[5,13,17,9,19,11,10,18,20,1,3,2,21],[9,5,21,1,11,3,10,2,13,17,19,18,20],[5,17,21,9,11,19,18,10,12,20,13,1,3,2],[5,17,9,19,11,18,10,20,21,13,1,3,2],[21,9,13,5,1,11,3,2,10,17,19,18,12,20],[1,13,9,11,3,2,10,4,12,5,17,19,18,20,21],[13,1,17,3,19,2,18,5,21,9,11,10,20],[5,17,1,3,19,18,2,9,11,10,12,20,13,21],[13,9,21,1,3,11,10,2,12,17,19,18,20,5],[1,9,11,3,10,2,4,12,5,17,19,18,20,13,21],[21,1,17,19,3,2,18,13,9,11,10,12,20,5],[1,21,9,11,3,10,2,5,17,19,18,20,13],[21,13,1,5,9,3,11,2,10,17,19,18,12,20],[13,1,17,3,19,18,2,9,11,10,20,5,21],[1,17,19,3,18,2,9,11,10,12,20,5,13,21],[17,1,19,3,2,18,9,11,10,12,20,5,13,21],[13,1,9,11,3,2,10,17,19,18,20,21,5],[13,5,21,17,1,19,3,2,18,9,11,10,20],[5,9,21,1,11,3,2,10,17,19,18,12,20,13],[21,13,1,5,9,11,3,2,10,17,19,18,12,20],[17,13,9,11,19,18,10,12,20,1,3,2,21,5],[13,1,21,17,3,19,18,2,5,9,11,10,20],[21,1,9,11,3,2,10,4,12,17,19,18,20,5],[5,13,17,1,19,3,2,18,21,9,11,10,12,20],[1,17,19,3,18,2,13,5,21,9,11,10,20],[9,13,17,19,11,10,18,20,21,1,3,2,5],[1,17,3,19,2,18,13,5,21,9,11,10,12,20],[21,13,9,5,17,11,19,18,10,12,20,1,3,2],[9,13,1,3,11,2,10,17,19,18,20,21,5],[17,1,3,19,18,2,21,13,5,9,11,10,12,20],[13,21,17,5,9,19,11,18,10,12,20,1,3,2],[5,9,13,1,11,3,2,10,4,12,17,19,18,20,21],[9,13,5,1,3,11,2,10,17,19,18,20,21],[21,9,5,13,17,11,19,18,10,12,20,1,3,2],[9,1,3,11,2,10,17,19,18,20,13,5,21],[1,17,19,3,18,2,13,5,9,11,10,12,20,21],[5,21,1,17,3,19,18,2,9,11,10,12,20,13],[1,21,17,19,3,18,2,13,9,11,10,20,5],[1,17,3,19,2,18,9,11,10,20,5,13,21],[13,17,5,1,3,19,18,2,9,11,10,20,21],[9,21,13,17,11,19,18,10,20,1,3,2,5],[21,1,9,3,11,10,2,17,19,18,20,13,5],[13,21,1,17,19,3,18,2,9,11,10,20,5],[5,13,1,21,9,3,11,2,10,12,17,19,18,20],[21,9,5,17,19,11,10,18,12,20,13,1,3,2],[13,9,5,17,19,11,10,18,12,20,1,3,2,21],[13,21,5,9,1,11,3,10,2,12,17,19,18,20],[17,5,21,13,9,11,19,18,10,20,1,3,2],[21,13,9,17,11,19,10,18,20,1,3,2,5],[21,1,5,13,9,11,3,2,10,12,17,19,18,20],[17,21,13,1,19,3,2,18,5,9,11,10,20],[13,9,5,17,11,19,10,18,12,20,21,1,3,2],[1,21,9,11,3,10,2,17,19,18,12,20,13,5],[13,5,9,21,17,19,11,18,10,12,20,1,3,2],[13,9,1,3,11,2,10,17,19,18,20,21,5],[17,5,9,11,19,10,18,20,1,3,2,21,13],[17,13,21,5,9,11,19,18,10,20,1,3,2],[13,5,17,1,19,3,2,18,21,9,11,10,12,20],[1,9,3,11,10,2,5,12,21,17,19,18,20,13],[1,5,9,11,3,2,10,12,17,19,18,20,21,13],[13,17,1,3,19,18,2,9,11,10,20,21,5],[13,17,1,3,19,2,18,5,9,11,10,12,20,21],[17,5,9,19,11,10,18,20,21,13,1,3,2],[1,13,5,9,3,11,2,10,17,19,18,20,21],[9,21,13,5,1,3,11,2,10,4,12,17,19,18,20],[5,1,17,3,19,18,2,21,9,11,10,12,20,13],[5,17,1,3,19,18,2,21,13,9,11,10,20],[17,1,3,19,2,18,21,5,9,11,10,12,20,13],[9,13,1,3,11,2,10,17,19,18,20,21,5],[1,9,11,3,2,10,17,19,18,12,20,13,5,21],[17,9,11,19,10,18,12,20,13,1,3,2,21,5],[17,13,21,1,19,3,2,18,9,11,10,12,20,5],[5,1,21,9,11,3,2,10,12,17,19,18,20,13],[5,17,21,1,3,19,18,2,9,11,10,12,20,13],[1,13,5,21,17,19,3,2,18,9,11,10,12,20],[13,9,1,3,11,2,10,4,12,17,19,18,20,5,21],[21,13,17,1,3,19,2,18,9,11,10,12,20,5],[9,1,11,3,2,10,12,17,19,18,20,5,13,21],[13,1,5,17,19,3,2,18,21,9,11,10,12,20],[1,21,17,19,3,2,18,13,9,11,10,12,20,5],[13,9,21,1,11,3,2,10,5,12,17,19,18,20],[5,21,9,1,3,11,2,10,17,19,18,20,13],[17,13,9,19,11,18,10,20,1,3,2,5,21],[1,5,21,17,19,3,2,18,13,9,11,10,20],[13,9,21,5,17,11,19,18,10,12,20,1,3,2],[13,21,5,17,1,3,19,18,2,9,11,10,12,20],[9,5,21,13,1,11,3,10,2,17,19,18,20],[1,13,21,17,3,19,18,2,9,11,10,20,5],[9,17,11,19,18,10,12,20,5,21,1,3,2,13],[5,9,1,3,11,2,10,4,12,17,19,18,20,21],[13,21,5,9,1,3,11,10,2,17,19,18,20],[1,9,11,3,2,10,13,5,17,19,18,12,20,21],[5,1,21,13,17,3,19,2,18,9,11,10,20],[5,21,17,9,11,19,10,18,20,13,1,3,2],[9,5,1,11,3,10,2,12,21,17,19,18,20,13],[5,17,13,9,19,11,18,10,12,20,21,1,3,2],[17,1,19,3,2,18,9,11,10,12,20,13,5,21],[13,9,5,21,1,3,11,10,2,17,19,18,12,20],[1,9,11,3,2,10,13,5,17,19,18,12,20,21],[1,21,13,5,9,11,3,2,10,4,12,17,19,18,20],[9,5,13,21,17,11,19,18,10,12,20,1,3,2],[9,13,21,17,11,19,10,18,20,5,1,3,2],[9,21,1,3,11,2,10,5,17,19,18,12,20,13],[9,21,13,5,17,11,19,18,10,12,20,1,3,2],[5,9,17,11,19,10,18,12,20,1,3,2,13,21],[5,17,21,1,19,3,18,2,13,9,11,10,20],[13,21,1,17,3,19,2,18,5,9,11,10,20],[17,1,3,19,18,2,21,5,13,9,11,10,20],[9,17,19,11,10,18,12,20,1,3,2,21,5,13],[5,13,1,17,19,3,2,18,21,9,11,10,12,20],[21,13,9,1,3,11,2,10,17,19,18,20,5],[9,17,19,11,18,10,12,20,21,5,13,1,3,2],[13,9,5,1,3,11,10,2,4,12,17,19,18,20,21],[9,17,11,19,10,18,12,20,13,21,5,1,3,2],[5,1,9,3,11,2,10,4,12,21,17,19,18,20],[9,17,11,19,10,18,20,13,1,3,2,5,21],[9,5,13,21,1,3,11,2,10,17,19,18,12,20],[5,9,21,17,11,19,10,18,20,13,1,3,2],[21,9,17,11,19,10,18,12,20,5,13,1,3,2],[21,9,5,1,11,3,2,10,12,17,19,18,20,13],[5,9,17,11,19,18,10,12,20,13,1,3,2,21],[5,21,1,9,3,11,10,2,13,4,12,17,19,18,20],[9,17,11,19,18,10,20,13,5,21,1,3,2],[13,1,9,11,3,10,2,4,12,5,21,17,19,18,20],[21,1,17,19,3,2,18,9,11,10,20,5,13],[17,1,19,3,18,2,21,13,9,11,10,20,5],[17,5,9,19,11,10,18,12,20,13,21,1,3,2],[1,21,13,9,3,11,10,2,4,12,17,19,18,20,5],[9,1,3,11,10,2,4,12,5,21,13,17,19,18,20],[1,21,5,13,17,3,19,18,2,9,11,10,20],[1,9,11,3,10,2,21,12,13,17,19,18,20,5],[9,1,3,11,10,2,21,5,17,19,18,12,20,13],[1,13,17,3,19,2,18,9,11,10,20,21,5],[1,17,19,3,18,2,21,5,13,9,11,10,20],[17,9,19,11,10,18,20,1,3,2,21,13,5],[5,21,13,17,1,19,3,2,18,9,11,10,20],[1,17,19,3,18,2,13,9,11,10,20,5,21],[17,1,19,3,18,2,9,11,10,12,20,5,21,13],[1,21,17,19,3,18,2,13,5,9,11,10,12,20],[5,1,21,13,9,11,3,10,2,4,12,17,19,18,20],[1,5,9,3,11,2,10,4,12,17,19,18,20,21,13],[13,17,21,5,9,11,19,10,18,20,1,3,2],[1,17,3,19,18,2,21,9,11,10,12,20,13,5],[17,5,21,1,3,19,18,2,9,11,10,20,13],[17,5,21,13,9,11,19,18,10,20,1,3,2],[5,13,21,9,17,19,11,10,18,20,1,3,2],[1,21,17,19,3,2,18,5,9,11,10,20,13],[9,5,21,1,11,3,2,10,12,17,19,18,20,13],[17,9,11,19,18,10,20,1,3,2,5,13,21],[5,17,13,9,19,11,10,18,12,20,21,1,3,2],[21,9,1,3,11,10,2,12,5,17,19,18,20,13],[13,9,17,19,11,18,10,20,1,3,2,21,5],[5,21,17,9,19,11,18,10,12,20,1,3,2,13],[13,17,5,1,3,19,2,18,9,11,10,20,21],[17,1,19,3,18,2,5,9,11,10,12,20,21,13],[17,5,21,1,3,19,18,2,13,9,11,10,12,20],[5,17,1,19,3,2,18,9,11,10,12,20,21,13],[1,17,19,3,18,2,5,21,13,9,11,10,12,20],[21,9,13,5,1,11,3,10,2,4,12,17,19,18,20],[21,9,1,11,3,2,10,4,12,5,13,17,19,18,20],[21,1,13,5,9,3,11,10,2,12,17,19,18,20],[5,17,1,19,3,2,18,9,11,10,12,20,21,13],[17,5,1,19,3,18,2,13,9,11,10,20,21],[13,17,9,11,19,18,10,12,20,1,3,2,5,21],[21,5,17,13,9,19,11,10,18,12,20,1,3,2],[21,1,17,3,19,2,18,13,9,11,10,20,5],[9,5,21,1,11,3,2,10,4,12,13,17,19,18,20],[21,17,1,3,19,2,18,5,9,11,10,12,20,13],[17,5,21,9,19,11,10,18,20,13,1,3,2],[9,1,11,3,10,2,4,12,17,19,18,20,5,13,21],[13,9,17,19,11,18,10,12,20,5,21,1,3,2],[1,9,11,3,10,2,17,19,18,12,20,5,21,13],[5,9,21,17,19,11,18,10,12,20,1,3,2,13],[13,1,21,5,9,11,3,2,10,17,19,18,20],[9,13,17,11,19,10,18,20,5,21,1,3,2],[9,5,1,11,3,10,2,4,12,21,17,19,18,20],[21,17,13,5,1,19,3,18,2,9,11,10,12,20],[1,21,5,9,11,3,2,10,13,4,12,17,19,18,20],[1,13,5,21,17,19,3,18,2,9,11,10,20],[1,9,11,3,10,2,17,19,18,12,20,13,21,5],[21,1,5,9,3,11,10,2,13,4,12,17,19,18,20],[17,5,21,9,11,19,18,10,20,1,3,2,13],[21,17,5,9,19,11,18,10,12,20,1,3,2,13],[21,5,9,17,19,11,10,18,12,20,13,1,3,2],[9,13,1,11,3,10,2,17,19,18,20,21,5],[13,17,1,19,3,18,2,5,21,9,11,10,20],[1,13,21,5,9,11,3,2,10,12,17,19,18,20],[1,5,17,3,19,2,18,9,11,10,20,21,13],[13,21,9,5,1,3,11,10,2,12,17,19,18,20],[21,1,9,3,11,10,2,4,12,5,17,19,18,20,13],[21,1,13,9,3,11,10,2,4,12,5,17,19,18,20],[21,17,9,11,19,18,10,12,20,13,5,1,3,2],[13,17,1,19,3,2,18,9,11,10,20,5,21],[1,5,13,17,19,3,2,18,21,9,11,10,12,20],[1,9,3,11,10,2,21,5,12,17,19,18,20,13],[1,13,21,5,17,3,19,18,2,9,11,10,20],[17,9,11,19,18,10,12,20,5,1,3,2,13,21],[21,1,13,9,3,11,2,10,5,4,12,17,19,18,20],[17,21,5,1,19,3,18,2,13,9,11,10,12,20],[17,5,13,1,3,19,18,2,21,9,11,10,20],[17,13,21,9,11,19,10,18,20,5,1,3,2],[17,9,11,19,18,10,20,21,1,3,2,5,13],[17,5,9,19,11,18,10,12,20,1,3,2,21,13],[13,9,17,19,11,18,10,20,21,1,3,2,5],[1,5,13,9,11,3,2,10,17,19,18,12,20,21],[21,1,5,9,11,3,2,10,13,12,17,19,18,20],[1,13,9,3,11,10,2,21,12,5,17,19,18,20],[13,21,5,9,17,11,19,18,10,12,20,1,3,2],[21,5,17,9,11,19,18,10,12,20,13,1,3,2],[21,17,13,1,19,3,18,2,9,11,10,20,5],[9,13,17,19,11,10,18,20,5,1,3,2,21],[1,9,11,3,2,10,13,17,19,18,20,21,5],[21,13,17,9,19,11,10,18,20,1,3,2,5],[17,1,19,3,2,18,21,13,9,11,10,12,20,5],[1,17,3,19,2,18,21,5,9,11,10,12,20,13],[5,17,13,1,3,19,2,18,9,11,10,12,20,21],[13,1,5,17,19,3,2,18,9,11,10,12,20,21],[21,17,5,9,11,19,10,18,12,20,1,3,2,13],[5,13,9,1,3,11,2,10,12,21,17,19,18,20],[5,9,13,21,1,3,11,10,2,4,12,17,19,18,20],[21,9,13,1,3,11,2,10,5,12,17,19,18,20],[17,5,9,11,19,10,18,20,1,3,2,13,21],[5,13,1,9,3,11,2,10,21,17,19,18,20],[9,5,21,1,11,3,2,10,4,12,17,19,18,20],[5,13,21,9,17,11,19,18,10,20,1,3,2],[13,17,5,1,3,19,2,18,9,11,10,12,20,21],[5,13,21,1,17,19,3,2,18,9,11,10,12,20],[17,21,9,11,19,10,18,12,20,1,3,2,13,5],[13,1,21,5,9,3,11,2,10,4,12,17,19,18,20],[1,21,13,17,3,19,2,18,5,9,11,10,12,20],[9,13,17,19,11,10,18,20,1,3,2,21,5],[9,17,11,19,10,18,12,20,1,3,2,13,5,21],[9,21,5,1,3,11,2,10,4,12,17,19,18,20,13],[17,9,19,11,18,10,20,5,13,21,1,3,2],[13,9,21,5,1,3,11,10,2,4,12,17,19,18,20],[1,21,9,3,11,2,10,12,13,5,17,19,18,20],[21,9,5,1,3,11,10,2,4,12,13,17,19,18,20],[9,21,17,11,19,18,10,20,5,1,3,2,13],[21,13,17,9,19,11,18,10,12,20,1,3,2,5],[13,9,21,17,11,19,18,10,20,5,1,3,2],[17,9,19,11,18,10,20,13,1,3,2,21,5],[1,17,3,19,18,2,21,9,11,10,20,13,5],[1,13,5,21,17,19,3,18,2,9,11,10,12,20],[9,13,5,21,1,11,3,10,2,12,17,19,18,20],[21,9,5,13,1,11,3,2,10,4,12,17,19,18,20],[1,13,5,21,17,3,19,2,18,9,11,10,20],[21,17,1,3,19,18,2,13,5,9,11,10,20],[9,1,11,3,2,10,4,12,5,21,13,17,19,18,20],[1,5,9,11,3,2,10,13,21,4,12,17,19,18,20],[1,17,3,19,2,18,9,11,10,12,20,5,13,21],[13,5,9,1,11,3,2,10,21,17,19,18,20],[1,21,13,17,19,3,2,18,5,9,11,10,12,20],[21,1,13,17,3,19,2,18,5,9,11,10,20],[9,1,11,3,2,10,5,21,17,19,18,20,13],[17,9,11,19,10,18,20,5,1,3,2,21,13],[17,21,5,1,19,3,2,18,13,9,11,10,20],[9,1,11,3,2,10,12,13,5,17,19,18,20,21],[5,13,21,1,17,3,19,2,18,9,11,10,20],[1,9,3,11,10,2,13,4,12,5,17,19,18,20,21],[21,5,9,13,1,11,3,2,10,4,12,17,19,18,20],[1,5,9,11,3,2,10,17,19,18,12,20,21,13],[17,9,11,19,10,18,20,13,1,3,2,21,5],[9,1,11,3,10,2,5,4,12,13,17,19,18,20,21],[21,13,1,17,3,19,2,18,9,11,10,20,5],[1,9,3,11,2,10,13,4,12,17,19,18,20,5,21],[17,13,1,3,19,2,18,5,21,9,11,10,12,20],[17,1,19,3,18,2,13,21,5,9,11,10,12,20],[17,13,21,9,19,11,10,18,12,20,5,1,3,2],[9,21,5,1,3,11,2,10,12,13,17,19,18,20],[1,5,17,3,19,2,18,9,11,10,12,20,21,13],[17,5,1,3,19,18,2,21,13,9,11,10,20],[5,9,1,3,11,10,2,4,12,13,21,17,19,18,20],[13,21,9,1,11,3,10,2,17,19,18,20,5],[1,17,3,19,2,18,21,9,11,10,20,13,5],[9,17,19,11,18,10,20,21,13,5,1,3,2],[13,1,9,3,11,2,10,4,12,21,17,19,18,20,5],[5,1,13,9,11,3,2,10,17,19,18,12,20,21],[21,9,13,1,11,3,2,10,5,17,19,18,12,20],[17,9,19,11,10,18,20,13,5,1,3,2,21],[21,5,9,13,1,3,11,2,10,12,17,19,18,20],[17,13,1,19,3,18,2,21,9,11,10,20,5],[9,5,13,1,3,11,2,10,4,12,21,17,19,18,20],[21,13,1,9,11,3,2,10,17,19,18,20,5],[21,5,13,1,9,3,11,2,10,4,12,17,19,18,20],[17,1,19,3,18,2,13,21,9,11,10,12,20,5],[9,1,3,11,10,2,12,13,17,19,18,20,21,5],[13,1,21,5,17,3,19,18,2,9,11,10,20],[17,13,21,9,19,11,10,18,12,20,5,1,3,2],[5,9,17,11,19,18,10,12,20,1,3,2,13,21],[17,5,21,13,1,3,19,2,18,9,11,10,20],[9,17,11,19,10,18,12,20,21,13,5,1,3,2],[1,21,5,17,19,3,18,2,13,9,11,10,12,20],[17,1,3,19,2,18,9,11,10,12,20,13,21,5],[21,17,5,1,19,3,2,18,13,9,11,10,20],[5,13,17,9,11,19,10,18,12,20,1,3,2,21],[1,17,19,3,18,2,13,5,9,11,10,12,20,21],[1,13,17,19,3,18,2,5,21,9,11,10,20],[21,9,13,17,19,11,18,10,20,5,1,3,2],[13,9,5,21,1,11,3,2,10,17,19,18,20],[21,17,9,19,11,18,10,12,20,5,1,3,2,13],[21,13,5,1,9,3,11,2,10,4,12,17,19,18,20],[13,1,17,19,3,18,2,21,5,9,11,10,12,20],[21,17,1,19,3,2,18,5,13,9,11,10,20],[5,9,1,11,3,10,2,17,19,18,20,21,13],[13,5,17,21,1,3,19,18,2,9,11,10,20],[1,21,9,3,11,10,2,4,12,5,17,19,18,20],[13,21,9,17,11,19,10,18,12,20,1,3,2,5],[13,21,17,5,1,3,19,2,18,9,11,10,20],[21,13,5,17,9,11,19,10,18,12,20,1,3,2],[5,9,13,1,11,3,2,10,17,19,18,20,21],[13,1,21,9,3,11,2,10,5,12,17,19,18,20],[5,9,21,17,19,11,18,10,20,13,1,3,2],[9,5,17,19,11,18,10,20,21,1,3,2,13],[1,21,9,11,3,10,2,13,17,19,18,12,20,5],[21,1,5,13,9,11,3,10,2,4,12,17,19,18,20],[13,1,17,3,19,2,18,9,11,10,20,5,21],[5,1,17,19,3,18,2,21,13,9,11,10,12,20],[13,21,5,9,1,11,3,10,2,12,17,19,18,20],[21,17,13,1,3,19,2,18,9,11,10,12,20,5],[21,17,5,13,9,11,19,18,10,12,20,1,3,2],[9,1,3,11,2,10,21,13,4,12,17,19,18,20,5],[17,9,11,19,10,18,20,1,3,2,5,21,13],[1,21,9,3,11,2,10,13,5,4,12,17,19,18,20],[1,9,3,11,2,10,12,17,19,18,20,5,13,21],[13,17,9,11,19,18,10,20,5,1,3,2,21],[9,13,1,11,3,2,10,21,4,12,5,17,19,18,20],[17,1,3,19,18,2,21,13,5,9,11,10,20],[17,9,11,19,18,10,20,21,1,3,2,5,13],[13,17,5,9,19,11,18,10,20,1,3,2,21],[21,17,5,9,19,11,10,18,12,20,1,3,2,13],[21,1,13,9,3,11,10,2,5,12,17,19,18,20],[5,21,17,13,9,19,11,18,10,20,1,3,2],[17,5,13,9,11,19,10,18,20,21,1,3,2],[9,5,13,1,3,11,2,10,21,12,17,19,18,20],[9,1,3,11,2,10,12,13,5,17,19,18,20,21],[17,1,19,3,2,18,21,5,9,11,10,12,20,13],[17,9,19,11,18,10,20,21,5,1,3,2,13],[17,1,3,19,2,18,5,9,11,10,12,20,21,13],[5,21,1,9,3,11,10,2,4,12,13,17,19,18,20],[21,17,13,9,11,19,10,18,12,20,1,3,2,5],[13,21,17,9,11,19,10,18,12,20,1,3,2,5],[9,5,1,3,11,2,10,13,4,12,17,19,18,20,21],[21,17,1,3,19,18,2,9,11,10,12,20,5,13],[9,17,11,19,18,10,12,20,13,21,1,3,2,5],[13,5,21,9,17,19,11,18,10,20,1,3,2],[13,5,21,9,1,3,11,10,2,17,19,18,12,20],[1,5,21,17,19,3,18,2,9,11,10,12,20,13],[5,1,17,3,19,2,18,21,13,9,11,10,20],[13,5,21,1,17,19,3,18,2,9,11,10,20],[5,13,21,1,17,19,3,18,2,9,11,10,20],[1,21,13,9,3,11,10,2,5,4,12,17,19,18,20],[21,9,1,3,11,10,2,4,12,13,5,17,19,18,20],[9,17,11,19,10,18,12,20,13,5,21,1,3,2],[5,13,1,17,3,19,18,2,9,11,10,12,20,21],[21,9,13,5,17,19,11,18,10,20,1,3,2],[17,9,11,19,18,10,12,20,1,3,2,13,5,21],[21,5,9,1,3,11,2,10,12,13,17,19,18,20],[17,1,19,3,18,2,21,9,11,10,12,20,5,13],[17,21,13,9,19,11,10,18,12,20,1,3,2,5],[5,13,9,17,19,11,18,10,20,1,3,2,21],[9,13,5,17,11,19,10,18,12,20,1,3,2,21],[5,17,13,21,9,19,11,10,18,20,1,3,2],[21,13,9,17,11,19,18,10,20,1,3,2,5],[21,13,1,9,3,11,10,2,12,17,19,18,20,5],[5,21,13,17,9,19,11,10,18,12,20,1,3,2],[21,1,13,5,9,3,11,10,2,17,19,18,12,20],[21,13,1,9,3,11,10,2,5,4,12,17,19,18,20],[21,17,13,5,9,11,19,10,18,12,20,1,3,2],[9,5,21,13,1,3,11,2,10,4,12,17,19,18,20],[1,13,5,9,3,11,2,10,4,12,17,19,18,20,21],[13,1,5,9,11,3,10,2,17,19,18,12,20,21],[5,17,1,19,3,18,2,21,9,11,10,20,13],[13,21,17,5,9,19,11,10,18,20,1,3,2],[17,13,1,19,3,2,18,5,21,9,11,10,12,20],[21,1,5,13,9,3,11,2,10,12,17,19,18,20],[5,21,17,1,19,3,18,2,13,9,11,10,12,20],[9,1,3,11,10,2,17,19,18,20,5,21,13],[17,21,9,11,19,10,18,20,5,1,3,2,13],[17,21,9,11,19,18,10,20,5,13,1,3,2],[17,13,1,3,19,18,2,9,11,10,12,20,21,5],[1,13,9,11,3,2,10,21,5,4,12,17,19,18,20],[21,5,9,13,1,11,3,2,10,12,17,19,18,20],[1,13,21,17,19,3,2,18,5,9,11,10,20],[1,9,11,3,2,10,4,12,21,17,19,18,20,5,13],[21,5,9,1,11,3,2,10,17,19,18,12,20,13],[5,1,9,11,3,2,10,4,12,21,13,17,19,18,20],[21,5,9,17,19,11,18,10,12,20,1,3,2,13],[17,9,11,19,18,10,20,5,13,21,1,3,2],[13,5,17,21,9,11,19,10,18,20,1,3,2],[13,5,21,1,17,19,3,2,18,9,11,10,12,20],[9,13,5,17,19,11,18,10,12,20,21,1,3,2],[13,17,1,3,19,18,2,9,11,10,12,20,5,21],[13,21,5,1,9,3,11,10,2,12,17,19,18,20],[9,21,13,5,1,3,11,2,10,4,12,17,19,18,20],[21,9,13,5,1,3,11,2,10,12,17,19,18,20],[21,13,5,9,17,19,11,10,18,12,20,1,3,2],[9,13,17,11,19,10,18,20,5,21,1,3,2],[5,1,17,3,19,18,2,9,11,10,12,20,21,13],[21,9,5,17,19,11,18,10,20,1,3,2,13],[1,17,19,3,2,18,9,11,10,20,13,21,5],[21,17,5,13,9,19,11,10,18,12,20,1,3,2],[5,9,1,11,3,2,10,12,21,13,17,19,18,20],[21,1,9,3,11,2,10,13,5,12,17,19,18,20],[17,5,21,13,1,3,19,2,18,9,11,10,12,20],[21,9,13,17,11,19,18,10,20,5,1,3,2],[17,5,21,13,9,11,19,10,18,12,20,1,3,2],[9,13,1,11,3,2,10,5,21,17,19,18,20],[5,13,9,21,1,3,11,10,2,4,12,17,19,18,20],[13,21,1,9,3,11,2,10,4,12,5,17,19,18,20],[17,21,13,9,11,19,10,18,12,20,1,3,2,5],[9,21,5,1,11,3,2,10,12,17,19,18,20,13],[9,13,17,11,19,10,18,12,20,1,3,2,21,5],[1,9,11,3,10,2,12,13,5,17,19,18,20,21],[21,5,17,13,9,11,19,10,18,20,1,3,2],[9,5,13,1,11,3,2,10,21,4,12,17,19,18,20],[21,17,9,19,11,10,18,20,5,13,1,3,2],[1,9,11,3,10,2,21,13,4,12,17,19,18,20,5],[17,9,11,19,10,18,20,13,1,3,2,5,21],[1,13,21,9,3,11,10,2,17,19,18,20,5],[1,17,19,3,2,18,5,21,13,9,11,10,12,20],[13,1,21,5,17,19,3,2,18,9,11,10,12,20],[9,1,3,11,2,10,17,19,18,12,20,5,13,21],[13,17,5,21,9,11,19,10,18,12,20,1,3,2],[5,21,13,9,17,19,11,18,10,20,1,3,2],[21,9,13,5,17,11,19,10,18,12,20,1,3,2],[1,13,21,17,3,19,2,18,9,11,10,12,20,5],[17,5,9,19,11,10,18,20,1,3,2,21,13],[1,9,11,3,10,2,21,13,12,5,17,19,18,20],[1,21,9,11,3,2,10,13,5,4,12,17,19,18,20],[21,9,17,11,19,18,10,20,13,5,1,3,2],[1,17,3,19,18,2,5,13,9,11,10,20,21],[21,17,5,9,19,11,18,10,12,20,1,3,2,13],[21,9,5,13,17,11,19,18,10,12,20,1,3,2],[1,9,11,3,10,2,13,21,5,17,19,18,12,20],[9,1,3,11,2,10,12,13,21,17,19,18,20,5]],"n_human":4}