{"problem_id":"oedMfnpcKaE2y8l","sigma":150,"alpha":0.100,"cost":0,"probabilities":"[0.32, 0.11, 0.1, 0.47]","payoff_matrix":"[[45, -42, 34, -294, -130, 200], [108, -26, -201, 183, -3, -94], [105, -205, 358, 200, 6, 206], [-145, -201, 69, -1, -193, 14]]","uncovered":[[4,8,24,12,16,20,21,9,13,10],[20,8,12,4,24,16,9,21,13,11,22,10,23],[4,24,12,20,16,8,21,9,13,10],[4,20,12,8,16,24,21,9,13,10],[20,16,12,8,24,4,21,9,13,10],[24,4,8,16,20,12,9,21,13,10],[12,24,16,20,8,4,21,9,13,10],[12,16,8,4,24,20,9,21,13,22,10],[16,12,8,4,20,24,9,21,13,22,10],[12,24,8,20,4,16,21,9,13,23],[20,24,8,4,16,12,21,9,13,22,10],[16,8,24,4,12,20,9,21,13,10],[16,8,4,20,12,24,9,21,13,22,10],[16,24,20,8,4,12,9,21,13,22,10],[16,12,24,4,20,8,21,9,13,22,10],[8,12,24,16,20,4,9,21,13,10],[8,16,24,20,12,4,21,9,13,10],[24,12,16,8,4,20,21,9,13,22,10],[8,12,4,16,24,20,21,9,13,22,10],[8,4,16,20,24,12,21,9,13,22,10],[24,8,16,12,4,20,9,21,13,10],[8,16,20,4,12,24,21,9,13,10],[24,20,12,8,16,4,21,9,13,10],[16,24,20,12,4,8,9,21,13,10],[12,16,8,20,24,4,21,9,13,11,22,10,23],[16,20,12,24,4,8,21,9,13,22,10],[4,20,16,8,12,24,21,9,13,10],[8,12,16,4,20,24,21,9,13,22,10],[4,24,20,8,12,16,9,21,13,10],[24,20,12,8,4,16,21,9,13,23],[4,8,24,20,12,16,9,21,13,22,10],[4,24,8,12,20,16,9,21,13,10],[12,24,4,8,16,20,21,9,13,22,10],[16,8,24,4,20,12,9,21,13,22,10],[12,24,8,16,20,4,9,21,13,10],[16,24,12,8,20,4,21,9,13,22,10],[24,8,20,4,12,16,9,21,13,22,10],[8,20,16,24,4,12,9,21,13,10],[12,4,16,24,8,20,9,21,13,10],[12,16,24,4,8,20,21,9,13,10],[20,16,24,8,4,12,21,9,13,22,10],[16,20,24,12,8,4,21,9,13,10],[12,24,8,4,20,16,21,9,13,11,22,10,23],[12,20,4,16,24,8,21,9,13,22,10],[4,8,24,16,20,12,9,21,13,22,10],[4,16,24,20,12,8,21,9,13,11,22,10,23],[12,16,20,8,24,4,9,21,13,10],[12,4,16,8,24,20,9,21,13,22,10],[4,8,12,16,20,24,21,9,13,10],[24,8,4,12,20,16,9,21,13,10],[16,12,4,8,24,20,21,9,13,23],[4,20,12,16,8,24,9,21,13,10],[16,8,12,20,24,4,9,21,13,10],[24,12,20,16,4,8,21,9,13,22,10],[8,20,16,24,12,4,21,9,13,10],[16,8,20,12,4,24,9,21,13,10],[8,12,4,16,24,20,9,21,13,10],[8,4,20,24,12,16,21,9,13,22,10],[12,4,20,8,16,24,21,9,13,22,10],[12,4,24,8,20,16,21,9,13,22,10],[16,8,4,20,24,12,9,21,13,10],[16,8,24,4,12,20,9,21,13,10],[16,12,4,20,24,8,21,9,13,22,10],[8,4,20,24,12,16,9,21,13,11,22,10,23],[8,16,24,4,12,20,21,9,13,22,10],[12,16,20,4,8,24,21,9,13,22,10],[4,20,24,12,8,16,21,9,13,10],[24,12,8,4,20,16,9,21,13,22,10],[16,12,24,20,4,8,21,9,13,11,22,10,23],[20,24,16,8,4,12,9,21,13,22,10],[8,12,16,20,24,4,9,21,13,22,10],[8,4,20,12,16,24,9,21,13,10],[12,20,8,4,24,16,21,9,13,10],[16,20,24,8,4,12,9,21,13,10],[20,24,4,16,8,12,21,9,13,10],[4,16,24,20,8,12,9,21,13,10],[16,4,12,20,24,8,21,9,13,10],[12,4,24,16,20,8,21,9,13,10],[12,4,16,8,24,20,21,9,13,10],[8,12,4,20,16,24,9,21,13,10],[24,16,4,20,12,8,9,21,13,22,10],[20,24,4,12,8,16,21,9,13,22,10],[12,16,20,4,8,24,21,9,13,22,10],[16,4,24,12,20,8,9,21,13,10],[4,16,12,8,24,20,21,9,13,22,10],[16,20,8,12,24,4,21,9,13,10],[20,4,8,24,16,12,21,9,13,10],[4,16,8,20,24,12,9,21,13,10],[16,20,24,4,8,12,21,9,13,10],[24,8,4,16,20,12,21,9,13,10],[16,12,4,20,8,24,9,21,13,22,10],[24,4,20,12,16,8,9,21,13,10],[12,24,8,20,16,4,21,9,13,22,10],[16,12,8,20,4,24,9,21,13,22,10],[20,12,8,24,16,4,9,21,13,23],[20,24,8,16,4,12,21,9,13,22,10],[12,24,8,16,20,4,21,9,13,22,10],[24,20,8,4,12,16,9,21,13,11,22,10,23],[16,20,4,12,24,8,9,21,13,10],[16,12,4,8,24,20,9,21,13,22,10],[16,8,4,12,20,24,9,21,13,23],[20,24,8,12,16,4,9,21,13,22,10],[8,16,20,24,4,12,21,9,13,11,22,10,23],[4,8,20,24,12,16,21,9,13,23],[16,20,12,4,24,8,9,21,13,22,10],[8,12,4,24,16,20,21,9,13,22,10],[12,20,16,4,8,24,21,9,13,10],[12,20,8,16,4,24,21,9,13,10],[4,12,24,20,16,8,21,9,13,10],[4,12,8,24,16,20,21,9,13,22,10],[20,24,4,8,16,12,21,9,13,10],[24,4,12,16,8,20,21,9,13,10],[24,8,16,4,12,20,21,9,13,22,10],[20,24,12,16,4,8,21,9,13,11,22,10,23],[8,12,16,20,4,24,9,21,13,10],[16,8,12,20,24,4,21,9,13,10],[4,8,12,20,16,24,21,9,13,10],[4,20,8,24,12,16,21,9,13,10],[4,8,16,20,24,12,21,9,13,22,10],[20,4,8,16,12,24,9,21,13,10],[24,12,8,4,16,20,21,9,13,22,10],[24,4,20,8,16,12,21,9,13,10],[4,24,12,16,20,8,21,9,13,22,10],[12,16,20,8,4,24,9,21,13,22,10],[12,24,4,16,8,20,9,21,13,22,10],[8,4,12,24,16,20,21,9,13,10],[16,20,12,4,24,8,21,9,13,10],[12,16,8,4,20,24,21,9,13,22,10],[4,20,16,12,24,8,9,21,13,11,22,10,23],[24,8,4,12,16,20,21,9,13,10],[12,16,20,4,8,24,9,21,13,23],[12,4,16,8,20,24,9,21,13,10],[24,16,4,8,12,20,21,9,13,10],[4,20,16,8,12,24,9,21,13,11,22,10,23],[16,24,8,12,20,4,9,21,13,10],[20,12,24,4,16,8,21,9,13,10],[4,8,12,16,20,24,21,9,13,10],[16,4,20,8,12,24,9,21,13,10],[4,12,24,20,16,8,9,21,13,22,10],[8,20,4,12,16,24,21,9,13,23],[24,12,16,20,4,8,21,9,13,22,10],[8,24,20,12,4,16,21,9,13,22,10],[12,4,20,8,16,24,21,9,13,10],[8,4,20,24,12,16,21,9,13,10],[24,12,4,16,8,20,9,21,13,11,22,10,23],[12,16,4,24,20,8,21,9,13,10],[12,8,16,24,20,4,21,9,13,22,10],[8,20,24,4,12,16,21,9,13,10],[12,20,8,16,4,24,21,9,13,10],[16,8,12,24,4,20,21,9,13,10],[16,24,8,20,4,12,21,9,13,10],[4,16,12,24,8,20,21,9,13,10],[16,24,8,4,20,12,21,9,13,22,10],[24,4,12,20,8,16,21,9,13,22,10],[4,12,20,16,8,24,21,9,13,22,10],[24,8,20,4,16,12,9,21,13,22,10],[12,4,20,8,16,24,9,21,13,10],[12,24,4,20,16,8,9,21,13,10],[24,12,8,20,4,16,9,21,13,11,22,10,23],[8,24,20,16,4,12,21,9,13,10],[20,16,12,8,24,4,21,9,13,22,10],[20,8,16,12,24,4,21,9,13,22,10],[16,4,24,12,20,8,9,21,13,22,10],[20,8,4,16,12,24,9,21,13,22,10],[4,20,16,12,8,24,9,21,13,22,10],[16,12,4,8,24,20,9,21,13,22,10],[24,20,8,16,12,4,9,21,13,22,10],[4,24,16,20,8,12,21,9,13,10],[8,12,20,4,24,16,9,21,13,22,10],[4,24,16,20,12,8,9,21,13,10],[8,12,24,16,20,4,9,21,13,22,10],[20,4,16,12,24,8,9,21,13,22,10],[20,12,4,16,8,24,21,9,13,23],[16,8,20,24,4,12,9,21,13,22,10],[12,4,16,24,8,20,21,9,13,23],[16,24,4,12,8,20,9,21,13,22,10],[12,24,4,20,16,8,9,21,13,11,22,10,23],[24,16,20,8,4,12,9,21,13,23],[12,16,24,8,4,20,21,9,13,10],[24,20,16,4,12,8,9,21,13,23],[8,12,20,24,4,16,9,21,13,10],[4,8,12,20,24,16,9,21,13,22,10],[24,20,4,12,8,16,21,9,13,10],[24,4,8,20,16,12,9,21,13,10],[4,16,12,24,20,8,21,9,13,22,10],[24,12,8,16,20,4,9,21,13,10],[12,16,8,24,20,4,9,21,13,10],[20,12,8,4,16,24,21,9,13,22,10],[20,4,12,24,16,8,9,21,13,22,10],[24,20,4,12,8,16,9,21,13,10],[8,24,20,12,4,16,9,21,13,10],[20,16,4,24,12,8,9,21,13,23],[4,8,12,20,24,16,21,9,13,22,10],[8,24,20,12,4,16,21,9,13,22,10],[24,16,20,8,4,12,21,9,13,23],[8,12,20,24,16,4,9,21,13,10],[12,24,4,8,16,20,21,9,13,22,10],[24,20,4,12,8,16,9,21,13,22,10],[12,8,4,24,16,20,21,9,13,10],[24,12,8,20,4,16,9,21,13,10],[12,16,4,20,24,8,9,21,13,22,10],[20,12,4,8,24,16,9,21,13,10],[24,8,12,16,20,4,21,9,13,22,10],[12,20,16,24,8,4,21,9,13,10],[4,8,12,24,20,16,21,9,13,10],[4,12,8,24,16,20,9,21,13,10],[16,12,24,8,4,20,21,9,13,10],[24,4,8,12,16,20,21,9,13,10],[4,8,20,16,24,12,21,9,13,22,10],[4,20,8,12,24,16,21,9,13,22,10],[8,4,16,24,20,12,9,21,13,10],[4,16,20,12,8,24,21,9,13,22,10],[8,16,20,4,24,12,21,9,13,10],[16,20,4,12,24,8,21,9,13,22,10],[8,4,20,16,24,12,21,9,13,10],[8,20,16,4,24,12,21,9,13,22,10],[8,12,20,24,4,16,9,21,13,11,22,10,23],[12,16,20,8,4,24,9,21,13,22,10],[16,24,8,4,20,12,9,21,13,10],[4,24,8,12,16,20,21,9,13,22,10],[20,12,16,4,8,24,9,21,13,22,10],[8,20,4,16,12,24,9,21,13,11,22,10,23],[16,12,24,8,4,20,9,21,13,22,10],[12,4,8,20,16,24,9,21,13,23],[20,12,8,4,24,16,21,9,13,22,10],[20,8,16,12,24,4,21,9,13,10],[16,20,8,24,12,4,9,21,13,23],[4,20,12,8,16,24,21,9,13,10],[16,8,24,4,12,20,21,9,13,11,22,10,23],[12,24,20,16,8,4,9,21,13,22,10],[24,8,20,12,4,16,9,21,13,22,10],[12,24,8,4,20,16,21,9,13,10],[20,8,4,12,16,24,21,9,13,10],[12,24,16,8,4,20,9,21,13,10],[20,4,12,24,16,8,9,21,13,10],[20,8,12,16,4,24,9,21,13,10],[12,8,4,16,24,20,21,9,13,11,22,10,23],[20,8,4,12,24,16,9,21,13,22,10],[16,8,20,12,24,4,9,21,13,10],[4,8,20,16,24,12,21,9,13,10],[16,24,12,20,4,8,9,21,13,22,10],[20,12,4,8,24,16,21,9,13,10],[20,4,24,8,16,12,9,21,13,23],[20,12,4,16,24,8,21,9,13,22,10],[4,12,16,8,24,20,21,9,13,22,10],[16,20,24,4,12,8,21,9,13,22,10],[24,8,4,12,20,16,21,9,13,10],[20,16,24,12,4,8,21,9,13,11,22,10,23],[20,8,24,12,16,4,9,21,13,10],[24,20,16,4,8,12,9,21,13,10],[4,16,12,20,8,24,21,9,13,10],[8,24,12,20,4,16,21,9,13,22,10],[16,24,20,4,12,8,21,9,13,22,10],[4,8,16,12,20,24,9,21,13,10],[20,24,8,16,4,12,21,9,13,22,10],[20,12,8,24,4,16,21,9,13,10],[12,16,8,20,24,4,21,9,13,22,10],[24,16,20,12,4,8,9,21,13,22,10],[24,4,12,16,8,20,9,21,13,10],[16,24,8,4,12,20,9,21,13,10],[12,8,20,4,16,24,9,21,13,10],[12,8,20,24,4,16,9,21,13,22,10],[8,4,12,16,20,24,21,9,13,10],[12,20,4,16,8,24,21,9,13,10],[8,24,16,4,20,12,21,9,13,22,10],[20,8,24,16,12,4,9,21,13,10],[16,8,20,24,12,4,9,21,13,22,10],[20,4,24,16,12,8,9,21,13,10],[24,4,8,16,12,20,21,9,13,23],[16,8,24,12,4,20,9,21,13,10],[4,20,8,24,16,12,9,21,13,10],[8,20,12,24,4,16,21,9,13,22,10],[16,24,12,8,20,4,21,9,13,10],[4,12,24,16,8,20,21,9,13,22,10],[20,16,12,8,4,24,9,21,13,10],[12,24,16,20,4,8,9,21,13,10],[8,20,12,16,24,4,21,9,13,23],[20,12,24,8,16,4,21,9,13,10],[16,4,24,20,8,12,21,9,13,22,10],[16,20,8,4,12,24,21,9,13,22,10],[24,8,12,20,16,4,21,9,13,10],[24,16,20,4,12,8,21,9,13,22,10],[4,8,12,16,24,20,9,21,13,22,10],[4,8,16,20,12,24,21,9,13,10],[4,12,24,8,16,20,21,9,13,10],[12,24,4,16,8,20,21,9,13,22,10],[4,16,8,12,24,20,9,21,13,10],[20,8,4,24,12,16,9,21,13,10],[8,4,24,20,12,16,21,9,13,10],[20,16,4,12,8,24,21,9,13,22,10],[4,20,16,12,24,8,9,21,13,11,22,10,23],[24,4,8,20,16,12,9,21,13,10],[4,20,16,8,24,12,9,21,13,22,10],[8,24,20,12,4,16,21,9,13,22,10],[4,8,16,12,24,20,9,21,13,11,22,10,23],[16,24,8,12,4,20,21,9,13,10],[20,24,4,16,12,8,9,21,13,22,10],[4,20,24,8,16,12,21,9,13,10],[8,12,24,16,20,4,9,21,13,11,22,10,23],[16,4,12,20,8,24,9,21,13,22,10],[8,4,12,20,24,16,9,21,13,10],[8,12,24,16,20,4,21,9,13,22,10],[24,4,16,8,20,12,9,21,13,10],[24,20,4,8,16,12,9,21,13,22,10],[20,8,12,24,16,4,21,9,13,11,22,10,23],[8,20,4,12,24,16,9,21,13,22,10],[20,16,24,12,8,4,21,9,13,22,10],[8,12,24,4,20,16,9,21,13,22,10],[4,12,8,24,20,16,9,21,13,11,22,10,23],[20,12,4,16,24,8,21,9,13,11,22,10,23],[24,16,4,12,20,8,9,21,13,22,10],[8,16,20,12,4,24,9,21,13,22,10],[4,16,12,20,8,24,21,9,13,22,10],[12,4,16,20,8,24,9,21,13,22,10],[12,20,8,24,4,16,21,9,13,22,10],[8,24,20,4,16,12,21,9,13,10],[24,12,8,20,4,16,21,9,13,10],[4,12,20,8,16,24,9,21,13,22,10],[8,24,12,20,4,16,9,21,13,10],[20,8,16,12,4,24,9,21,13,22,10],[24,20,8,12,16,4,21,9,13,10],[8,16,20,24,4,12,9,21,13,22,10],[8,12,16,4,20,24,9,21,13,23],[4,24,12,8,16,20,21,9,13,23],[12,4,16,20,8,24,21,9,13,22,10],[20,12,16,8,24,4,9,21,13,22,10],[16,24,8,4,12,20,9,21,13,11,22,10,23],[16,24,8,20,12,4,21,9,13,10],[20,12,8,24,16,4,21,9,13,22,10],[4,8,16,12,24,20,21,9,13,22,10],[4,20,16,12,8,24,9,21,13,10],[8,20,16,12,4,24,9,21,13,10],[8,4,16,24,12,20,9,21,13,10],[16,24,12,20,4,8,9,21,13,22,10],[4,24,8,20,12,16,9,21,13,10],[12,8,24,4,16,20,9,21,13,10],[8,4,24,16,12,20,9,21,13,22,10],[8,20,12,16,4,24,21,9,13,22,10],[24,20,12,8,16,4,9,21,13,10],[20,24,4,12,8,16,9,21,13,22,10],[4,24,20,16,12,8,9,21,13,22,10],[12,20,16,4,8,24,21,9,13,22,10],[20,12,8,16,24,4,21,9,13,22,10],[8,12,16,24,4,20,9,21,13,10],[8,16,12,24,20,4,9,21,13,10],[16,8,24,12,20,4,21,9,13,10],[12,4,20,16,24,8,21,9,13,22,10],[4,12,8,16,20,24,21,9,13,22,10],[20,4,16,8,12,24,9,21,13,22,10],[20,4,8,16,24,12,9,21,13,10],[8,20,16,24,4,12,21,9,13,10],[20,8,4,16,24,12,9,21,13,10],[16,24,4,12,20,8,21,9,13,22,10],[4,16,20,12,24,8,9,21,13,10],[12,16,8,20,24,4,21,9,13,11,22,10,23],[4,16,12,24,20,8,21,9,13,10],[24,12,20,16,4,8,9,21,13,22,10],[16,24,12,20,4,8,9,21,13,22,10],[8,20,16,4,12,24,21,9,13,22,10],[8,4,12,20,24,16,9,21,13,11,22,10,23],[4,24,16,12,8,20,9,21,13,22,10],[8,4,24,12,20,16,21,9,13,10],[16,8,20,24,4,12,9,21,13,10],[16,24,20,8,4,12,21,9,13,22,10],[24,4,20,8,16,12,9,21,13,10],[4,24,16,12,20,8,21,9,13,10],[12,4,8,20,24,16,21,9,13,10],[8,20,16,12,24,4,9,21,13,11,22,10,23],[8,20,4,16,24,12,21,9,13,10],[4,24,20,16,8,12,21,9,13,10],[20,8,12,4,16,24,21,9,13,10],[8,16,20,24,12,4,21,9,13,10],[16,12,8,20,24,4,21,9,13,10],[24,12,16,8,20,4,9,21,13,22,10],[20,16,4,8,12,24,21,9,13,10],[8,20,24,16,12,4,21,9,13,22,10],[24,12,16,20,4,8,9,21,13,10],[8,20,24,12,16,4,21,9,13,11,22,10,23],[4,24,8,12,16,20,9,21,13,10],[24,4,8,16,12,20,21,9,13,10],[24,16,20,12,8,4,21,9,13,10],[4,12,20,16,8,24,21,9,13,10],[20,4,8,16,24,12,9,21,13,10],[4,16,20,8,24,12,21,9,13,10],[4,12,20,16,24,8,9,21,13,10],[20,4,24,12,16,8,9,21,13,22,10],[4,8,24,20,16,12,9,21,13,10],[12,4,20,8,24,16,9,21,13,22,10],[16,20,12,24,8,4,21,9,13,10],[12,20,24,8,4,16,9,21,13,23],[20,12,16,8,24,4,21,9,13,22,10],[24,12,20,8,16,4,9,21,13,22,10],[12,16,8,4,24,20,21,9,13,10],[16,8,24,20,12,4,21,9,13,10],[8,12,4,24,20,16,21,9,13,10],[4,24,12,20,8,16,21,9,13,22,10],[8,20,16,4,24,12,21,9,13,22,10],[16,8,12,4,24,20,21,9,13,10],[24,8,4,20,16,12,9,21,13,22,10],[12,20,8,16,4,24,9,21,13,22,10],[20,8,16,4,24,12,9,21,13,22,10],[16,8,20,4,24,12,9,21,13,22,10],[24,4,16,8,12,20,9,21,13,22,10],[8,4,20,12,16,24,21,9,13,22,10],[16,8,12,4,20,24,21,9,13,22,10],[20,4,16,24,12,8,9,21,13,10],[16,4,12,20,24,8,21,9,13,10],[20,8,24,12,4,16,9,21,13,22,10],[20,12,16,8,24,4,21,9,13,23],[24,4,8,16,20,12,9,21,13,10],[12,8,20,16,4,24,9,21,13,10],[24,4,12,8,16,20,21,9,13,22,10],[12,24,4,16,8,20,21,9,13,10],[24,8,16,12,4,20,9,21,13,10],[8,4,24,20,12,16,21,9,13,10],[12,16,4,8,20,24,9,21,13,22,10],[20,16,4,8,12,24,9,21,13,10],[8,16,12,4,20,24,9,21,13,10],[4,8,16,12,20,24,21,9,13,10],[16,24,4,12,8,20,9,21,13,10],[8,24,16,4,12,20,9,21,13,10],[24,20,16,4,8,12,9,21,13,22,10],[16,12,20,4,8,24,21,9,13,22,10],[8,4,16,20,12,24,21,9,13,23],[4,24,12,8,20,16,9,21,13,10],[4,8,16,20,12,24,21,9,13,10],[8,4,12,16,20,24,9,21,13,22,10],[4,20,24,8,16,12,21,9,13,23],[20,4,16,12,24,8,9,21,13,11,22,10,23],[16,4,12,24,20,8,21,9,13,22,10],[12,16,8,4,24,20,9,21,13,22,10],[16,12,8,20,4,24,9,21,13,11,22,10,23],[8,24,12,4,20,16,9,21,13,10],[24,20,16,12,4,8,21,9,13,10],[24,4,16,20,12,8,9,21,13,11,22,10,23],[4,24,20,16,8,12,21,9,13,10],[4,8,12,20,16,24,9,21,13,10],[8,16,12,24,20,4,9,21,13,23],[24,20,16,8,4,12,21,9,13,22,10],[8,12,24,16,20,4,9,21,13,22,10],[12,16,20,8,4,24,9,21,13,22,10],[8,24,20,4,12,16,9,21,13,22,10],[8,4,16,12,24,20,9,21,13,22,10],[4,12,24,20,16,8,9,21,13,10],[12,8,16,20,4,24,21,9,13,22,10],[8,16,4,12,20,24,21,9,13,10],[4,24,8,20,12,16,9,21,13,22,10],[16,20,12,8,24,4,21,9,13,23],[20,4,12,24,8,16,9,21,13,22,10],[16,4,12,20,24,8,9,21,13,10],[20,4,8,24,16,12,21,9,13,10],[16,24,12,8,20,4,21,9,13,10],[24,20,16,4,8,12,21,9,13,10],[20,8,24,4,16,12,21,9,13,10],[16,4,12,24,8,20,21,9,13,10],[24,20,12,16,8,4,9,21,13,22,10],[20,24,8,4,12,16,9,21,13,10],[12,20,16,4,24,8,9,21,13,10],[16,20,12,4,24,8,21,9,13,22,10],[16,8,12,24,20,4,9,21,13,10],[8,24,16,4,20,12,9,21,13,10],[16,4,8,20,12,24,9,21,13,23],[12,20,8,24,16,4,21,9,13,22,10],[12,20,24,4,8,16,21,9,13,23],[20,12,4,16,24,8,9,21,13,11,22,10,23],[4,20,12,8,24,16,21,9,13,22,10],[16,12,24,4,20,8,9,21,13,22,10],[12,16,24,20,4,8,21,9,13,22,10],[12,24,16,8,20,4,9,21,13,22,10],[20,12,4,8,16,24,9,21,13,10],[20,16,24,4,12,8,9,21,13,22,10],[20,12,24,4,16,8,21,9,13,23],[16,8,20,12,24,4,9,21,13,22,10],[24,16,12,8,20,4,9,21,13,23],[4,8,16,20,12,24,21,9,13,22,10],[4,24,8,20,16,12,21,9,13,22,11,10,23],[12,24,4,20,8,16,21,9,13,10],[20,24,16,4,8,12,21,9,13,23],[12,20,24,8,16,4,21,9,13,22,10],[12,4,24,20,8,16,21,9,13,22,10],[12,20,16,4,8,24,21,9,13,23],[24,16,12,20,4,8,21,9,13,22,10],[12,16,8,4,20,24,21,9,13,23],[4,20,12,8,24,16,9,21,13,22,10],[8,20,4,16,24,12,21,9,13,10],[16,8,4,24,20,12,9,21,13,10],[24,12,8,4,20,16,9,21,13,22,10],[24,8,12,4,16,20,9,21,13,10],[20,12,24,16,8,4,21,9,13,22,10],[16,8,4,20,12,24,9,21,13,22,10],[4,24,8,12,20,16,9,21,13,22,10],[16,12,24,4,8,20,21,9,13,22,10],[16,24,12,20,4,8,21,9,13,22,10],[20,16,12,4,24,8,9,21,13,10],[12,24,16,8,4,20,21,9,13,10],[8,12,16,24,4,20,21,9,13,22,10],[24,16,8,4,12,20,9,21,13,10],[12,4,8,24,20,16,9,21,13,10],[12,24,20,8,16,4,21,9,13,11,22,10,23],[4,8,16,20,24,12,21,9,13,10],[4,12,16,20,24,8,9,21,13,10],[16,20,8,12,24,4,21,9,13,22,10],[12,4,20,16,8,24,21,9,13,23],[20,8,12,24,16,4,21,9,13,23],[16,4,20,12,24,8,21,9,13,22,10],[8,24,12,20,16,4,21,9,13,22,10],[20,8,16,12,24,4,21,9,13,10],[16,24,20,8,4,12,9,21,13,23],[16,12,4,24,20,8,9,21,13,10],[20,16,24,4,8,12,9,21,13,10],[4,12,8,20,24,16,9,21,13,23],[24,8,12,4,20,16,9,21,13,10],[24,16,20,8,4,12,21,9,13,10],[4,12,20,24,16,8,9,21,13,22,10],[24,4,12,20,8,16,21,9,13,22,10],[16,12,20,4,24,8,21,9,13,22,10],[4,16,20,8,12,24,9,21,13,10],[20,12,24,16,4,8,21,9,13,22,10],[24,4,16,20,12,8,9,21,13,10],[4,16,20,8,24,12,21,9,13,11,22,10,23],[16,8,24,20,12,4,9,21,13,22,10],[12,4,16,8,24,20,21,9,13,10],[4,8,24,20,12,16,9,21,13,10],[16,24,12,8,4,20,9,21,13,10],[16,24,8,12,4,20,21,9,13,10],[4,8,12,20,16,24,21,9,13,11,22,10,23],[8,24,16,4,20,12,9,21,13,10],[8,4,20,16,12,24,21,9,13,10],[8,12,20,4,24,16,9,21,13,10],[20,12,16,8,4,24,9,21,13,10],[20,8,16,24,12,4,21,9,13,22,10],[8,24,12,16,4,20,21,9,13,11,22,10,23],[16,12,8,20,4,24,9,21,13,22,10],[20,8,16,24,4,12,21,9,13,10],[4,20,8,16,12,24,9,21,13,22,10],[24,16,20,8,4,12,21,9,13,23],[8,12,20,4,16,24,9,21,13,10],[20,12,4,24,16,8,21,9,13,10],[24,20,8,16,4,12,21,9,13,23],[24,8,12,20,16,4,21,9,13,10],[4,8,20,16,12,24,9,21,13,10],[4,16,12,24,8,20,21,9,13,11,22,10,23],[8,12,24,20,4,16,21,9,13,10],[16,20,12,8,4,24,21,9,13,22,10],[8,20,12,4,16,24,21,9,13,22,10],[4,12,20,16,8,24,9,21,13,10],[4,12,8,16,24,20,9,21,13,10],[20,8,4,24,16,12,21,9,13,10],[12,16,20,24,8,4,21,9,13,10],[4,20,8,16,12,24,21,9,13,22,10],[12,4,8,24,16,20,9,21,13,10],[4,12,8,16,24,20,9,21,13,10],[4,8,16,20,24,12,21,9,13,22,10],[4,16,12,8,24,20,21,9,13,23],[4,16,8,20,12,24,9,21,13,22,10],[16,24,8,20,4,12,9,21,13,22,10],[4,8,24,20,16,12,21,9,13,22,10],[16,4,8,24,12,20,9,21,13,10],[8,12,20,4,16,24,21,9,13,22,10],[4,8,12,24,20,16,9,21,13,22,10],[16,20,4,24,12,8,9,21,13,10],[24,16,4,12,8,20,21,9,13,22,10],[4,16,12,8,24,20,21,9,13,22,10],[12,24,8,20,4,16,9,21,13,22,10],[20,16,24,8,12,4,9,21,13,22,10],[24,16,20,12,4,8,9,21,13,10],[12,16,8,24,4,20,21,9,13,10],[16,12,20,24,8,4,9,21,13,10],[8,16,20,24,4,12,9,21,13,23],[4,16,24,12,8,20,21,9,13,22,10],[4,8,16,20,12,24,21,9,13,10],[12,8,4,24,16,20,21,9,13,10],[12,24,16,8,4,20,21,9,13,22,10],[20,4,16,8,24,12,21,9,13,10],[20,8,4,12,24,16,9,21,13,22,10],[12,8,24,4,16,20,9,21,13,10],[24,20,12,8,16,4,9,21,13,10],[16,20,8,24,12,4,9,21,13,10],[24,4,12,8,20,16,9,21,13,10],[20,4,16,12,8,24,21,9,13,22,10],[4,20,8,16,12,24,9,21,13,10],[4,8,20,24,12,16,21,9,13,10],[16,8,24,12,4,20,9,21,13,11,22,10,23],[20,16,12,24,8,4,9,21,13,11,22,10,23],[12,24,8,16,20,4,21,9,13,22,10],[16,20,12,24,4,8,21,9,13,10],[20,16,12,4,24,8,21,9,13,10],[24,20,8,4,16,12,21,9,13,10],[24,8,4,20,12,16,9,21,13,10],[24,20,8,16,4,12,21,9,13,11,22,10,23],[12,20,24,4,16,8,9,21,13,10],[4,8,12,16,20,24,9,21,13,22,10],[24,16,12,4,20,8,9,21,13,22,10],[4,16,12,8,24,20,21,9,13,10],[4,20,12,16,8,24,9,21,13,23],[24,20,4,12,8,16,21,9,13,10],[20,4,8,24,12,16,9,21,13,10],[20,24,12,8,4,16,21,9,13,10],[20,4,8,24,12,16,21,9,13,22,10],[8,4,12,20,24,16,9,21,13,10],[12,20,16,4,24,8,9,21,13,10],[20,4,16,12,8,24,21,9,13,22,10],[16,4,24,8,20,12,21,9,13,22,10],[24,16,12,8,20,4,9,21,13,22,10],[4,16,20,12,8,24,21,9,13,22,10],[12,16,8,4,24,20,21,9,13,22,10],[12,20,4,8,24,16,21,9,13,22,10],[4,24,12,16,8,20,9,21,13,10],[20,16,12,4,24,8,9,21,13,10],[12,20,8,16,4,24,21,9,13,22,10],[16,8,12,24,4,20,21,9,13,22,10],[4,24,12,16,20,8,21,9,13,22,10],[20,4,8,12,24,16,9,21,13,10],[4,16,24,8,20,12,21,9,13,22,10],[12,20,8,16,4,24,21,9,13,22,10],[16,12,4,8,24,20,21,9,13,22,10],[16,24,8,12,20,4,21,9,13,10],[24,16,12,8,4,20,9,21,13,10],[4,16,8,24,20,12,9,21,13,23],[4,8,24,16,20,12,9,21,13,22,10],[16,8,20,4,12,24,9,21,13,10],[4,8,16,20,12,24,9,21,13,22,10],[8,20,12,16,4,24,9,21,13,10],[8,20,12,4,24,16,9,21,13,22,10],[12,8,20,4,16,24,21,9,13,10],[4,16,8,20,12,24,21,9,13,22,10],[16,20,12,8,4,24,21,9,13,10],[16,24,4,8,12,20,21,9,13,10],[4,8,20,16,24,12,9,21,13,22,10],[12,24,4,16,20,8,9,21,13,23],[16,20,12,24,8,4,9,21,13,22,10],[16,20,12,4,24,8,21,9,13,10],[12,16,20,8,4,24,9,21,13,10],[4,20,16,12,24,8,21,9,13,22,10],[8,16,20,24,12,4,9,21,13,10],[4,20,24,16,12,8,9,21,13,22,10],[20,4,24,8,12,16,9,21,13,10],[24,4,16,8,12,20,21,9,13,22,10],[16,24,20,4,8,12,21,9,13,22,10],[8,20,12,4,24,16,9,21,13,10],[24,4,16,20,8,12,9,21,13,22,10],[12,20,16,4,8,24,21,9,13,22,10],[16,12,8,20,4,24,9,21,13,22,10],[16,20,24,4,8,12,21,9,13,22,10],[20,12,24,4,8,16,9,21,13,22,10],[8,12,24,16,4,20,9,21,13,22,10],[4,20,16,12,8,24,21,9,13,10],[4,24,20,8,12,16,9,21,13,10],[20,4,16,12,24,8,21,9,13,10],[20,24,8,4,16,12,9,21,13,10],[24,8,20,12,16,4,21,9,13,22,10],[12,16,8,20,24,4,9,21,13,10],[4,8,16,24,20,12,21,9,13,10],[16,12,24,8,20,4,21,9,13,10],[24,4,20,8,16,12,21,9,13,11,22,10,23],[16,24,4,8,12,20,9,21,13,22,10],[12,24,20,4,8,16,9,21,13,10],[16,12,4,24,20,8,9,21,13,22,10],[12,4,24,20,8,16,21,9,13,22,10],[8,20,12,16,24,4,9,21,13,10],[12,20,4,8,24,16,21,9,13,10],[16,20,24,12,4,8,21,9,13,22,10],[12,8,4,16,24,20,9,21,13,22,10],[4,8,16,20,12,24,21,9,13,23],[4,8,16,24,12,20,9,21,13,10],[16,20,8,12,24,4,9,21,13,22,10],[20,24,16,12,4,8,9,21,13,10],[20,12,16,24,8,4,9,21,13,10],[8,20,12,24,16,4,21,9,13,22,10],[12,8,4,20,16,24,9,21,13,10],[16,4,8,24,12,20,21,9,13,10],[8,20,4,24,16,12,21,9,13,22,10],[16,24,12,8,4,20,9,21,13,22,10],[16,12,20,4,24,8,21,9,13,10],[20,4,8,12,16,24,21,9,13,22,10],[12,16,20,24,8,4,21,9,13,10],[4,12,16,24,20,8,9,21,13,11,22,10,23],[4,8,24,16,12,20,9,21,13,22,10],[20,16,12,4,24,8,9,21,13,10],[24,4,16,20,8,12,9,21,13,22,10],[8,16,20,24,4,12,9,21,13,10],[16,24,8,12,4,20,21,9,13,22,10],[20,16,24,4,8,12,21,9,13,10],[4,8,16,12,20,24,9,21,13,22,10],[20,16,12,24,4,8,21,9,13,10],[20,12,8,4,24,16,21,9,13,10],[12,8,16,20,24,4,21,9,13,10],[20,24,12,4,16,8,21,9,13,10],[16,12,20,8,4,24,21,9,13,22,10],[12,4,16,20,24,8,9,21,13,10],[16,12,20,4,8,24,21,9,13,22,10],[20,16,4,12,8,24,21,9,13,23],[4,24,8,12,20,16,9,21,13,10],[12,20,4,24,8,16,9,21,13,11,22,10,23],[20,16,8,12,24,4,9,21,13,11,22,10,23],[12,8,24,16,4,20,9,21,13,11,22,10,23],[4,24,16,20,12,8,21,9,13,22,10],[4,8,16,20,24,12,9,21,13,22,10],[12,8,24,4,16,20,21,9,13,22,10],[16,4,8,20,12,24,21,9,13,22,10],[20,12,8,16,4,24,9,21,13,11,22,10,23],[16,24,20,12,8,4,21,9,13,11,22,10,23],[8,20,12,4,16,24,9,21,13,22,10],[24,4,20,12,8,16,9,21,13,22,10],[20,24,8,4,12,16,21,9,13,22,10],[4,24,20,8,16,12,21,9,13,22,10],[16,8,24,20,12,4,9,21,13,23],[4,24,8,12,16,20,9,21,13,10],[16,4,8,20,12,24,21,9,13,10],[24,4,20,16,8,12,9,21,13,22,10],[16,24,20,8,12,4,21,9,13,10],[8,12,24,20,4,16,9,21,13,11,22,10,23],[24,12,8,4,16,20,21,9,13,23],[20,12,4,24,8,16,21,9,13,10],[4,16,20,24,8,12,9,21,13,22,10],[24,16,12,20,4,8,21,9,13,10],[16,24,4,8,20,12,21,9,13,23],[8,20,16,4,24,12,9,21,13,10],[8,12,24,4,16,20,21,9,13,11,22,10,23],[20,8,4,12,16,24,21,9,13,22,10],[16,12,4,24,8,20,9,21,13,22,10],[16,20,24,4,12,8,21,9,13,23],[4,16,8,12,20,24,9,21,13,22,10],[24,8,12,4,16,20,21,9,13,10],[24,4,16,8,20,12,9,21,13,10],[4,8,12,24,16,20,9,21,13,11,22,10,23],[8,20,4,24,12,16,9,21,13,22,10],[8,20,4,16,24,12,21,9,13,23],[16,4,12,8,20,24,21,9,13,22,10],[24,12,16,20,4,8,21,9,13,10],[4,12,8,24,20,16,9,21,13,23],[4,8,16,12,20,24,9,21,13,22,10],[8,16,12,4,20,24,9,21,13,10],[12,20,4,8,16,24,9,21,13,22,10],[20,16,8,12,4,24,21,9,13,22,10],[24,16,12,20,8,4,21,9,13,22,10],[16,8,20,24,12,4,9,21,13,22,10],[16,20,4,24,8,12,9,21,13,10],[12,24,4,20,8,16,21,9,13,10],[16,4,8,24,20,12,21,9,13,22,10],[20,12,4,16,8,24,9,21,13,10],[24,8,20,16,4,12,9,21,13,22,10],[12,16,8,4,20,24,9,21,13,22,10],[12,8,20,24,16,4,21,9,13,11,22,10,23],[12,24,20,4,8,16,9,21,13,10],[20,12,8,4,24,16,9,21,13,10],[20,16,24,4,12,8,9,21,13,11,22,10,23],[4,20,12,8,24,16,9,21,13,22,10],[4,8,12,16,24,20,21,9,13,10],[16,8,4,24,12,20,9,21,13,22,10],[12,4,20,8,24,16,21,9,13,10],[4,8,16,24,20,12,21,9,13,22,10],[24,20,8,16,4,12,21,9,13,10],[12,20,16,4,8,24,9,21,13,10],[4,8,12,16,24,20,21,9,13,22,10],[8,12,4,24,20,16,21,9,13,22,10],[16,12,8,4,20,24,9,21,13,22,10],[20,4,8,16,24,12,21,9,13,22,10],[16,24,8,20,4,12,9,21,13,22,10],[12,16,24,20,8,4,21,9,13,10],[16,24,20,4,8,12,9,21,13,10],[12,20,4,16,8,24,9,21,13,23],[16,4,12,24,8,20,9,21,13,22,10],[4,16,20,12,8,24,21,9,13,22,10],[16,20,4,12,8,24,21,9,13,22,10],[4,16,8,12,20,24,21,9,13,22,10],[24,16,4,12,20,8,21,9,13,23],[24,20,4,12,16,8,21,9,13,23],[16,12,20,24,4,8,9,21,13,22,10],[20,8,12,4,16,24,9,21,13,22,10],[4,8,20,24,12,16,21,9,13,10],[8,24,4,16,12,20,9,21,13,22,10],[16,12,20,4,24,8,21,9,13,22,10],[20,16,8,24,12,4,9,21,13,11,22,10,23],[4,16,8,12,24,20,21,9,13,11,22,10,23],[4,16,20,24,12,8,9,21,13,10],[12,24,8,4,16,20,9,21,13,22,10],[16,8,4,20,12,24,9,21,13,22,10],[24,12,4,16,8,20,9,21,13,22,10],[16,12,4,24,8,20,9,21,13,10],[4,20,12,8,24,16,9,21,13,10],[20,4,24,12,8,16,21,9,13,11,22,10,23],[24,20,8,12,16,4,21,9,13,22,10],[12,16,8,24,20,4,21,9,13,22,10],[20,12,8,16,24,4,9,21,13,10],[12,20,24,16,8,4,9,21,13,22,10],[12,8,20,24,16,4,9,21,13,10],[4,16,20,24,12,8,21,9,13,10],[8,16,20,4,12,24,9,21,13,22,10],[4,24,20,8,12,16,9,21,13,10],[24,4,12,20,16,8,9,21,13,22,10],[20,24,16,8,4,12,9,21,13,10],[24,4,20,12,16,8,21,9,13,22,10],[8,20,4,24,16,12,9,21,13,10],[4,12,20,16,24,8,21,9,13,10],[20,4,8,16,24,12,21,9,13,22,10],[8,20,12,16,4,24,21,9,13,10],[24,16,8,12,4,20,21,9,13,22,10],[4,20,12,16,8,24,21,9,13,22,10],[12,16,24,20,8,4,9,21,13,10],[8,24,12,4,16,20,21,9,13,10],[4,24,16,20,8,12,9,21,13,11,22,10,23],[16,20,4,24,8,12,21,9,13,10],[16,8,4,20,24,12,21,9,13,22,10],[4,8,12,24,20,16,9,21,13,10],[12,8,4,24,16,20,21,9,13,22,10],[12,24,16,20,8,4,21,9,13,10],[20,12,24,4,16,8,9,21,13,10],[20,16,8,24,4,12,21,9,13,22,10],[20,4,16,8,24,12,9,21,13,22,10],[4,16,24,8,20,12,21,9,13,22,10],[20,16,24,8,12,4,9,21,13,10],[16,4,24,12,20,8,21,9,13,22,10],[20,12,24,8,16,4,9,21,13,22,10],[4,24,12,8,20,16,9,21,13,22,10],[8,20,24,4,12,16,9,21,13,22,10],[8,20,12,24,16,4,21,9,13,22,10],[4,8,20,16,12,24,21,9,13,11,22,10,23],[12,8,20,24,4,16,21,9,13,10],[8,4,20,12,24,16,21,9,13,22,10],[8,4,24,20,16,12,9,21,13,22,10],[4,8,20,12,16,24,21,9,13,22,10],[16,24,8,20,4,12,21,9,13,22,10],[12,4,16,20,24,8,9,21,13,10],[12,16,20,24,8,4,21,9,13,10],[4,24,16,20,8,12,21,9,13,10],[24,8,16,20,12,4,21,9,13,10],[24,16,8,4,20,12,9,21,13,22,10],[20,24,8,12,16,4,9,21,13,10],[16,24,8,12,4,20,9,21,13,10],[12,4,24,16,8,20,9,21,13,22,10],[8,12,24,4,20,16,9,21,13,22,10],[24,4,20,16,12,8,21,9,13,22,10],[4,20,16,8,12,24,21,9,13,22,10],[8,20,4,12,16,24,9,21,13,10],[16,4,20,8,24,12,21,9,13,10],[12,16,24,8,20,4,21,9,13,22,10],[4,16,12,20,8,24,9,21,13,10],[4,8,20,12,24,16,9,21,13,10],[8,4,20,16,12,24,21,9,13,22,10],[8,4,20,12,24,16,9,21,13,11,22,10,23],[24,16,8,4,20,12,9,21,13,11,22,10,23],[8,16,12,24,4,20,21,9,13,22,10],[4,24,20,12,16,8,9,21,13,10],[16,4,8,24,12,20,21,9,13,22,10],[16,24,8,20,12,4,9,21,13,22,10],[20,12,8,16,4,24,21,9,13,10],[24,8,12,20,16,4,9,21,13,10],[8,20,24,16,12,4,21,9,13,22,10],[20,16,4,24,12,8,9,21,13,22,10],[24,12,20,4,8,16,21,9,13,22,10],[4,24,16,8,20,12,21,9,13,10],[20,16,8,12,24,4,9,21,13,10],[20,24,12,16,8,4,21,9,13,10],[12,8,16,4,20,24,21,9,13,22,10],[12,20,4,8,24,16,9,21,13,10],[8,4,24,16,20,12,9,21,13,10],[16,4,12,8,20,24,9,21,13,11,22,10,23],[16,4,20,8,12,24,9,21,13,10],[8,24,20,16,12,4,9,21,13,10],[20,8,24,16,12,4,21,9,13,22,10],[8,24,20,16,12,4,9,21,13,22,10],[4,24,20,16,12,8,21,9,13,10],[12,20,16,4,24,8,9,21,13,23],[4,8,12,16,24,20,9,21,13,10],[16,24,8,12,4,20,21,9,13,10],[4,16,20,8,24,12,21,9,13,23],[12,20,16,24,4,8,21,9,13,23],[24,8,20,4,16,12,9,21,13,22,10],[4,20,12,16,24,8,21,9,13,10],[20,8,16,4,24,12,21,9,13,10],[8,20,24,16,12,4,9,21,13,10],[8,4,20,12,16,24,9,21,13,22,10],[8,16,12,24,20,4,21,9,13,23],[20,16,12,4,24,8,9,21,13,22,10],[12,4,8,24,16,20,9,21,13,10],[16,8,24,12,20,4,21,9,13,22,10],[24,16,4,8,12,20,21,9,13,10],[12,24,20,16,4,8,9,21,13,10],[16,12,24,20,4,8,9,21,13,11,22,10,23],[12,20,4,8,16,24,21,9,13,10],[8,16,4,24,12,20,21,9,13,10],[8,4,16,12,20,24,21,9,13,10],[4,24,20,16,8,12,9,21,13,22,10],[16,20,12,24,4,8,9,21,13,22,10],[4,24,20,12,8,16,21,9,13,22,10],[8,12,20,16,24,4,9,21,13,22,10],[8,20,4,24,12,16,9,21,13,23],[24,8,16,4,12,20,21,9,13,22,10],[24,4,20,8,12,16,21,9,13,10],[16,24,4,12,8,20,9,21,13,10],[12,24,4,8,20,16,9,21,13,10],[12,8,24,4,16,20,9,21,13,11,22,10,23],[24,12,4,8,20,16,21,9,13,10],[24,20,4,16,8,12,21,9,13,10],[16,24,20,12,4,8,21,9,13,11,22,10,23],[16,20,8,12,24,4,9,21,13,22,10],[16,8,12,4,20,24,9,21,13,10],[20,4,12,16,24,8,9,21,13,22,10],[20,16,8,12,24,4,9,21,13,10],[8,16,12,20,4,24,21,9,13,22,10],[24,8,4,20,16,12,9,21,13,10],[4,8,24,12,20,16,21,9,13,22,10],[20,16,24,8,4,12,9,21,13,22,10],[4,24,8,16,20,12,21,9,13,10],[4,16,20,24,8,12,9,21,13,10],[8,12,20,24,16,4,21,9,13,11,22,10,23],[24,16,12,20,8,4,21,9,13,22,10],[24,16,20,12,8,4,21,9,13,10],[4,16,20,12,8,24,9,21,13,11,22,10,23],[16,4,12,20,24,8,9,21,13,10],[20,12,8,16,4,24,9,21,13,10],[4,16,12,20,24,8,21,9,13,10],[4,24,8,12,16,20,9,21,13,10],[4,16,24,20,8,12,21,9,13,11,22,10,23],[12,8,24,16,20,4,9,21,13,22,10],[24,8,12,16,20,4,9,21,13,10],[24,12,16,20,8,4,21,9,13,22,10],[16,12,24,8,20,4,21,9,13,22,10],[24,4,8,12,16,20,9,21,13,22,10],[20,12,16,8,4,24,9,21,13,10],[16,20,8,12,24,4,9,21,13,10],[4,12,24,20,16,8,9,21,13,10],[4,8,24,20,16,12,21,9,13,22,10],[20,8,16,24,4,12,9,21,13,11,22,10,23],[16,20,4,12,24,8,21,9,13,11,22,10,23],[24,4,20,12,8,16,9,21,13,22,10],[20,16,12,24,8,4,9,21,13,23],[16,4,12,24,8,20,9,21,13,22,10],[12,24,4,20,16,8,21,9,13,22,10],[24,8,4,20,16,12,21,9,13,10],[4,12,8,24,16,20,9,21,13,11,22,10,23],[16,24,4,20,12,8,21,9,13,10],[4,8,16,24,12,20,21,9,13,10],[4,16,8,24,12,20,21,9,13,10],[24,12,20,4,8,16,9,21,13,10],[4,24,20,12,8,16,9,21,13,10],[20,8,4,12,16,24,21,9,13,10],[16,12,8,20,4,24,21,9,13,23],[16,12,8,24,20,4,21,9,13,10],[20,24,4,8,12,16,9,21,13,22,10],[4,16,24,12,20,8,9,21,13,22,10],[4,24,16,12,20,8,9,21,13,22,10],[24,4,20,12,16,8,9,21,13,22,10],[12,4,8,24,16,20,9,21,13,10],[16,4,20,8,24,12,9,21,13,22,10],[12,16,4,8,24,20,9,21,13,22,10],[12,20,16,8,24,4,21,9,13,10],[20,16,12,24,8,4,21,9,13,22,10],[4,16,12,8,24,20,9,21,13,10],[4,24,8,16,12,20,21,9,13,23],[8,16,12,24,20,4,21,9,13,10],[20,4,12,8,16,24,9,21,13,23],[12,8,20,4,24,16,21,9,13,10],[24,16,12,4,8,20,9,21,13,10],[12,24,4,16,20,8,21,9,13,10],[24,20,16,12,8,4,9,21,13,22,10],[8,12,20,24,16,4,21,9,13,11,22,10,23],[4,12,16,20,8,24,21,9,13,10],[8,20,24,16,12,4,9,21,13,22,10],[20,16,24,8,12,4,21,9,13,22,10],[4,20,16,8,24,12,9,21,13,22,10],[4,12,8,20,24,16,21,9,13,10],[12,16,4,20,24,8,21,9,13,22,10],[16,8,24,20,4,12,9,21,13,23],[16,12,20,4,8,24,9,21,13,11,22,10,23],[24,20,8,12,4,16,9,21,13,22,10],[12,20,16,24,4,8,21,9,13,22,10],[24,12,4,20,16,8,21,9,13,10],[8,12,20,4,24,16,9,21,13,22,10],[12,8,4,24,20,16,21,9,13,10],[12,8,20,4,24,16,21,9,13,10],[12,8,4,20,16,24,21,9,13,10],[20,12,24,8,16,4,21,9,13,22,10],[12,24,16,20,8,4,21,9,13,10],[8,4,12,24,16,20,9,21,13,10],[4,12,8,20,24,16,9,21,13,23],[24,20,12,16,4,8,21,9,13,22,10],[8,12,4,20,16,24,9,21,13,11,22,10,23],[20,24,8,4,12,16,21,9,13,22,10],[20,16,4,24,12,8,21,9,13,22,10],[24,12,8,16,4,20,21,9,13,10],[16,4,8,20,12,24,9,21,13,22,10],[12,20,4,16,8,24,9,21,13,10],[12,16,24,20,8,4,9,21,13,22,10],[16,20,24,8,4,12,21,9,13,22,10],[24,12,20,8,16,4,9,21,13,22,10],[4,16,20,24,8,12,9,21,13,22,10],[4,8,24,16,12,20,21,9,13,10],[12,4,20,16,24,8,9,21,13,22,10],[8,20,24,12,16,4,9,21,13,10],[24,8,12,4,16,20,21,9,13,10],[8,12,16,24,20,4,9,21,13,22,10],[16,8,12,4,20,24,21,9,13,23],[12,4,16,24,20,8,9,21,13,10],[20,16,12,24,4,8,9,21,13,22,10],[4,12,20,16,24,8,21,9,13,22,10],[4,24,16,8,12,20,21,9,13,10],[8,24,20,16,4,12,21,9,13,10],[24,16,4,20,12,8,21,9,13,22,10]],"n_human":9}