{"problem_id":"okcddAM4c1YJJyD","sigma":150,"alpha":3.162,"cost":2,"probabilities":"[0.33999999999999997, 0.16, 0.04, 0.46]","payoff_matrix":"[[314, -228, -264, -62, 252, 63], [145, -84, -103, -180, 112, -242], [249, 106, -81, 130, -42, -138], [-11, -101, -192, 93, 39, -270]]","uncovered":[[20,24,12,16,8,4,17],[24,16,8,12,20,4,13,17],[12,4,20,24,8,16,17],[20,8,24,16,12,4,13,17],[16,8,20,12,4,24,13,17],[20,4,12,24,16,8,13,17],[4,24,8,16,20,12,17],[20,12,4,24,16,8,17],[24,12,20,16,4,8,17],[4,12,8,16,24,20,13,17],[8,4,20,16,24,12,17],[16,4,20,12,8,24,13,17],[16,24,8,12,20,4,13,17],[20,4,16,8,24,12,13,17],[12,24,8,4,16,20,13,17],[16,4,24,20,12,8,17],[16,12,8,20,4,24,13,17],[12,24,20,4,16,8,17],[8,16,24,4,12,20,13,17],[20,12,4,16,24,8,13,17],[8,20,16,12,24,4,17],[12,16,24,8,4,20,13,17],[16,8,12,24,20,4,17],[24,16,12,8,20,4,17],[16,12,24,4,8,20,17],[20,16,4,8,12,24,13,17],[24,8,16,12,4,20,17],[8,20,24,16,4,12,17],[24,12,4,16,20,8,17],[16,4,20,8,12,24,17],[20,12,8,24,16,4,13,17],[8,12,4,20,16,24,13,17],[4,20,24,16,8,12,17],[12,16,4,24,20,8,17],[20,12,16,8,24,4,17],[12,16,4,8,20,24,17],[16,4,24,12,20,8,13,17],[12,4,8,16,20,24,17],[8,12,4,24,20,16,17],[20,24,8,12,16,4,13,17],[4,24,12,20,8,16,17],[4,16,8,20,12,24,13,17],[12,4,24,16,20,8,17],[16,24,20,12,8,4,17],[12,8,4,24,16,20,13,17],[12,4,24,16,8,20,17],[4,20,8,24,16,12,17],[24,20,4,12,8,16,17],[16,20,4,12,24,8,17],[20,4,16,12,8,24,13,17],[8,12,20,24,16,4,13,17],[20,8,4,24,12,16,17],[4,16,20,24,12,8,13,17],[16,24,4,20,12,8,17],[8,16,20,12,4,24,13,17],[8,4,20,16,12,24,13,17],[24,8,12,4,16,20,13,17],[12,4,16,20,24,8,17],[8,24,12,4,16,20,13,17],[4,12,16,20,24,8,13,17],[12,16,24,8,20,4,13,17],[8,16,20,24,4,12,17],[4,16,24,20,8,12,17],[20,16,8,24,4,12,17],[24,12,16,4,8,20,17],[12,8,16,4,24,20,13,17],[16,4,12,20,24,8,17],[24,8,16,12,4,20,13,17],[16,24,4,8,20,12,13,17],[12,8,4,24,20,16,13,17],[24,12,4,8,16,20,17],[16,4,20,12,8,24,17],[12,20,8,16,24,4,17],[8,20,4,12,24,16,17],[24,8,12,16,4,20,17],[8,20,12,16,24,4,17],[4,16,20,12,24,8,13,17],[12,4,8,20,24,16,17],[8,4,20,12,16,24,13,17],[12,24,20,8,16,4,17],[12,20,4,16,24,8,17],[24,4,20,16,12,8,17],[16,4,12,20,8,24,13,17],[24,16,20,8,4,12,13,17],[8,16,4,20,12,24,17],[12,4,24,20,16,8,17],[24,16,8,4,12,20,17],[12,16,24,4,20,8,17],[4,16,20,8,24,12,13,17],[16,20,4,12,24,8,17],[24,12,16,20,4,8,17],[24,16,12,20,8,4,13,17],[12,20,16,24,8,4,17],[24,12,8,20,4,16,17],[20,8,24,12,4,16,17],[4,24,8,20,12,16,13,17],[20,8,16,12,4,24,17],[20,24,12,4,16,8,17],[20,4,8,16,24,12,13,17],[24,20,12,8,16,4,13,17],[20,4,24,16,8,12,17],[8,16,4,20,12,24,17],[8,24,12,20,16,4,13,17],[20,8,4,12,16,24,17],[4,12,16,20,8,24,13,17],[20,16,4,12,24,8,17],[16,24,20,12,8,4,13,17],[20,24,16,8,12,4,13,17],[24,12,4,20,16,8,17],[16,12,20,4,24,8,13,17],[4,16,20,12,24,8,17],[16,20,12,8,4,24,13,17],[12,8,24,4,16,20,17],[4,20,24,16,12,8,13,17],[12,24,4,8,16,20,17],[8,20,24,4,16,12,13,17],[20,8,24,4,16,12,13,17],[16,4,24,12,8,20,13,17],[16,20,24,12,4,8,17],[16,8,12,4,20,24,13,17],[4,20,24,8,16,12,17],[4,24,8,20,12,16,17],[8,16,4,20,24,12,17],[24,8,16,20,12,4,17],[16,20,4,12,24,8,13,17],[8,24,20,4,12,16,13,17],[12,16,24,4,20,8,17],[16,12,8,4,24,20,17],[12,16,4,20,24,8,13,17],[8,16,12,4,24,20,13,17],[12,4,24,8,20,16,13,17],[12,24,20,16,8,4,13,17],[4,24,8,16,12,20,13,17],[16,24,20,12,4,8,17],[8,24,4,12,16,20,13,17],[8,4,16,12,24,20,13,17],[16,24,12,4,8,20,17],[20,12,4,8,24,16,17],[20,24,8,12,16,4,13,17],[20,12,24,8,4,16,17],[4,12,8,24,16,20,13,17],[4,12,20,16,24,8,13,17],[12,8,20,4,16,24,17],[12,4,8,20,16,24,13,17],[24,20,4,8,16,12,13,17],[4,8,12,20,24,16,13,17],[4,24,16,20,8,12,13,17],[4,24,16,20,8,12,17],[8,12,20,24,4,16,13,17],[16,8,24,4,12,20,17],[20,12,16,8,4,24,17],[12,16,8,20,24,4,17],[24,8,12,4,16,20,13,17],[16,8,20,4,24,12,13,17],[4,16,24,20,8,12,13,17],[20,24,16,8,12,4,13,17],[20,24,4,8,12,16,17],[12,4,24,20,8,16,17],[8,16,20,12,24,4,13,17],[20,12,16,4,8,24,13,17],[4,8,20,16,24,12,13,17],[16,12,20,4,24,8,17],[20,24,8,16,4,12,17],[8,24,4,20,16,12,13,17],[20,4,16,8,12,24,17],[12,4,24,8,20,16,17],[4,12,8,24,16,20,13,17],[24,8,4,16,12,20,13,17],[24,4,20,8,12,16,17],[8,4,24,20,16,12,13,17],[4,16,20,24,8,12,13,17],[20,12,4,16,24,8,17],[20,16,12,24,8,4,17],[12,16,8,24,20,4,13,17],[16,20,4,8,12,24,13,17],[24,8,12,16,4,20,13,17],[8,16,12,24,20,4,17],[4,12,24,8,16,20,13,17],[20,4,24,16,12,8,17],[24,4,12,20,8,16,17],[4,20,12,8,24,16,13,17],[12,16,20,4,8,24,17],[16,24,4,12,8,20,13,17],[4,16,20,8,12,24,13,17],[8,24,4,20,16,12,13,17],[20,16,4,24,12,8,17],[16,12,24,8,20,4,17],[4,20,16,8,12,24,17],[16,24,12,20,4,8,13,17],[12,4,8,20,16,24,13,17],[8,20,4,16,12,24,17],[24,8,12,16,20,4,17],[12,4,24,20,8,16,13,17],[12,24,4,16,8,20,17],[8,12,16,24,20,4,13,17],[12,20,24,4,8,16,17],[16,24,8,4,20,12,17],[8,4,12,24,16,20,13,17],[16,4,24,20,12,8,17],[24,12,8,20,4,16,17],[20,16,12,8,4,24,13,17],[8,24,20,16,12,4,17],[4,24,16,20,12,8,13,17],[8,24,12,4,20,16,13,17],[20,24,4,8,16,12,17],[24,8,20,4,12,16,13,17],[12,16,20,4,8,24,17],[24,4,8,16,20,12,13,17],[4,20,12,24,8,16,13,17],[8,24,12,20,16,4,13,17],[12,20,8,4,16,24,17],[20,12,24,8,4,16,17],[12,16,20,24,4,8,13,17],[12,4,24,8,20,16,13,17],[8,20,16,24,12,4,17],[4,12,8,20,24,16,13,17],[12,16,4,8,20,24,17],[8,4,16,24,12,20,17],[4,12,8,24,20,16,13,17],[16,8,4,24,12,20,17],[12,24,4,8,20,16,13,17],[16,4,20,24,8,12,13,17],[20,24,12,16,4,8,13,17],[24,8,4,12,20,16,13,17],[24,4,8,20,12,16,13,17],[20,4,24,12,8,16,13,17],[24,12,16,20,4,8,13,17],[8,4,12,16,20,24,17],[8,20,16,12,4,24,13,17],[8,16,4,24,20,12,17],[16,8,24,20,12,4,13,17],[24,20,4,8,12,16,17],[24,20,4,12,16,8,13,17],[8,12,20,16,4,24,13,17],[12,4,16,20,24,8,17],[8,16,20,12,4,24,13,17],[12,16,8,24,20,4,17],[16,20,4,12,24,8,17],[8,20,12,24,16,4,13,17],[12,8,24,16,20,4,13,17],[8,20,24,12,16,4,17],[24,20,16,8,4,12,17],[20,12,24,8,16,4,13,17],[12,16,4,20,24,8,13,17],[20,24,16,8,4,12,13,17],[8,24,16,12,4,20,17],[4,20,16,8,24,12,13,17],[20,24,8,12,4,16,17],[12,20,8,24,16,4,13,17],[12,20,24,4,16,8,17],[12,8,24,4,20,16,17],[8,24,20,16,12,4,17],[12,24,4,8,16,20,17],[16,12,8,20,4,24,13,17],[4,20,24,12,16,8,17],[4,8,12,24,20,16,13,17],[24,8,20,16,12,4,17],[20,12,8,4,16,24,13,17],[8,24,16,20,12,4,17],[20,4,12,16,8,24,13,17],[20,8,4,24,12,16,17],[8,12,4,16,24,20,13,17],[8,4,24,12,16,20,17],[4,8,12,16,24,20,17],[24,16,4,20,8,12,17],[12,4,16,24,20,8,17],[24,12,8,16,20,4,13,17],[8,12,24,16,20,4,13,17],[20,4,16,24,8,12,17],[20,8,4,24,12,16,17],[8,12,24,16,20,4,13,17],[12,4,8,16,24,20,13,17],[24,20,12,8,16,4,17],[4,8,12,20,16,24,17],[4,12,20,8,16,24,17],[16,12,4,8,20,24,17],[20,24,12,8,16,4,13,17],[24,16,8,4,20,12,13,17],[20,4,8,12,16,24,13,17],[4,16,12,8,24,20,17],[24,20,16,4,12,8,17],[16,4,24,20,8,12,17],[4,16,8,12,24,20,13,17],[12,16,20,4,8,24,13,17],[4,8,16,12,24,20,17],[16,4,12,24,20,8,13,17],[20,24,12,16,4,8,17],[16,8,20,24,12,4,13,17],[4,20,24,8,12,16,17],[12,24,8,16,4,20,13,17],[16,20,12,24,8,4,13,17],[16,24,4,20,12,8,17],[8,12,16,4,20,24,13,17],[8,12,20,16,24,4,13,17],[16,24,4,20,8,12,17],[12,16,24,20,8,4,13,17],[4,20,8,24,16,12,13,17],[4,24,8,16,20,12,17],[8,4,12,24,20,16,17],[4,12,8,16,20,24,17],[12,20,8,24,16,4,17],[4,24,8,16,20,12,17],[8,16,12,24,20,4,13,17],[20,8,4,16,12,24,17],[20,4,24,12,8,16,13,17],[24,20,16,8,12,4,13,17],[4,16,20,12,8,24,17],[24,8,4,16,12,20,13,17],[4,12,20,8,16,24,13,17],[4,8,12,24,16,20,13,17],[16,24,4,20,8,12,13,17],[24,8,12,4,20,16,17],[8,16,4,24,12,20,17],[4,8,24,20,12,16,13,17],[12,20,16,4,24,8,13,17],[16,24,20,4,8,12,13,17],[16,4,8,20,24,12,17],[4,12,24,16,8,20,13,17],[12,16,24,20,8,4,17],[4,12,20,24,8,16,13,17],[20,4,12,16,24,8,17],[4,16,12,20,8,24,17],[8,12,24,20,4,16,17],[8,4,12,24,20,16,17],[20,4,8,24,12,16,17],[24,12,16,8,20,4,13,17],[20,8,16,24,12,4,17],[8,12,20,4,16,24,13,17],[8,16,20,4,24,12,17],[20,4,8,24,12,16,13,17],[20,12,4,8,16,24,17],[24,8,12,4,20,16,17],[12,24,20,16,8,4,13,17],[16,12,8,24,4,20,17],[12,20,8,4,24,16,13,17],[20,24,8,4,12,16,13,17],[16,8,20,4,24,12,17],[8,20,4,24,16,12,17],[16,20,8,24,4,12,17],[24,8,16,12,4,20,13,17],[24,12,20,16,4,8,13,17],[20,16,8,24,4,12,13,17],[4,20,24,16,12,8,13,17],[24,8,12,4,16,20,17],[20,4,12,24,8,16,17],[16,12,20,4,8,24,17],[4,16,8,12,20,24,17],[4,8,16,20,12,24,17],[16,8,12,24,4,20,17],[12,16,24,4,8,20,13,17],[24,20,8,4,12,16,17],[4,20,12,16,24,8,17],[20,12,16,8,24,4,17],[12,20,16,24,4,8,13,17],[8,12,20,24,16,4,17],[16,24,20,12,4,8,13,17],[12,20,4,8,24,16,17],[24,12,16,8,20,4,17],[8,12,20,24,16,4,17],[12,20,4,16,24,8,17],[12,24,20,16,4,8,17],[24,12,20,8,16,4,13,17],[12,8,4,24,16,20,13,17],[16,4,12,8,24,20,13,17],[20,8,12,4,16,24,13,17],[24,12,16,8,20,4,17],[24,16,20,12,8,4,17],[24,16,8,20,12,4,17],[16,24,20,4,8,12,13,17],[24,16,8,4,12,20,13,17],[16,8,24,20,4,12,17],[20,24,4,16,8,12,13,17],[12,8,16,4,24,20,13,17],[12,4,24,20,16,8,17],[12,4,16,20,8,24,13,17],[24,16,20,12,4,8,13,17],[4,8,12,16,24,20,17],[16,24,20,8,12,4,13,17],[20,16,4,12,24,8,13,17],[4,24,16,12,20,8,17],[16,24,12,4,20,8,13,17],[4,12,20,8,16,24,17],[8,20,16,4,24,12,17],[8,12,4,16,24,20,13,17],[8,16,12,24,4,20,17],[20,12,16,24,8,4,17],[8,24,12,4,20,16,17],[12,4,24,20,8,16,17],[24,20,12,8,16,4,13,17],[20,12,8,16,24,4,13,17],[20,16,12,8,24,4,17],[16,12,20,4,8,24,17],[16,24,20,8,4,12,13,17],[24,4,12,20,8,16,13,17],[24,4,8,12,20,16,17],[4,24,20,12,16,8,17],[16,8,24,20,12,4,17],[12,4,24,16,8,20,13,17],[12,4,24,8,16,20,13,17],[20,12,8,4,24,16,17],[12,16,4,8,24,20,17],[12,4,16,24,8,20,13,17],[8,12,16,20,4,24,13,17],[16,8,20,4,12,24,17],[4,20,8,12,24,16,13,17],[4,12,16,24,20,8,17],[24,4,8,20,16,12,17],[12,8,20,4,24,16,13,17],[20,4,16,8,12,24,17],[20,16,24,4,12,8,17],[16,20,8,24,4,12,13,17],[4,8,16,24,20,12,13,17],[12,8,16,24,20,4,13,17],[20,4,24,8,12,16,17],[24,4,16,8,12,20,17],[16,12,24,20,4,8,13,17],[20,8,4,12,24,16,13,17],[16,24,8,20,12,4,13,17],[20,24,4,16,8,12,17],[20,24,16,8,4,12,13,17],[12,8,24,4,20,16,13,17],[16,20,12,8,4,24,17],[8,4,20,16,12,24,17],[8,24,12,4,16,20,13,17],[16,4,24,8,20,12,13,17],[8,12,4,16,24,20,13,17],[4,8,24,20,16,12,13,17],[4,16,12,8,24,20,13,17],[12,4,20,8,24,16,13,17],[20,8,24,12,4,16,13,17],[4,12,20,8,16,24,17],[20,24,16,8,12,4,13,17],[8,20,16,24,4,12,13,17],[8,24,20,4,12,16,17],[20,24,12,4,8,16,13,17],[24,20,16,8,4,12,13,17],[24,20,12,4,8,16,13,17],[12,20,8,4,24,16,13,17],[20,16,4,24,12,8,13,17],[8,24,4,16,12,20,17],[12,16,20,24,4,8,17],[20,8,12,16,4,24,17],[16,20,12,24,8,4,13,17],[20,16,8,24,12,4,13,17],[12,24,16,4,8,20,17],[24,8,20,12,4,16,13,17],[8,12,16,24,4,20,13,17],[8,20,16,24,4,12,17],[20,16,4,12,24,8,17],[16,12,8,24,4,20,13,17],[16,24,8,20,4,12,13,17],[8,12,24,4,16,20,17],[8,24,4,16,20,12,13,17],[24,16,20,12,8,4,17],[24,12,4,8,20,16,17],[16,4,12,24,8,20,17],[16,4,24,12,8,20,17],[16,8,12,4,24,20,17],[12,16,4,8,24,20,13,17],[12,20,8,4,16,24,17],[16,24,8,20,4,12,13,17],[24,4,8,16,12,20,13,17],[12,16,8,24,20,4,17],[4,24,16,12,8,20,13,17],[20,4,8,24,12,16,13,17],[4,12,8,24,20,16,17],[4,24,16,8,20,12,17],[24,20,8,12,4,16,13,17],[12,24,8,4,16,20,17],[12,8,24,16,20,4,17],[12,20,8,4,16,24,17],[4,12,20,24,16,8,17],[12,20,16,8,24,4,17],[4,12,8,24,20,16,17],[16,4,12,8,20,24,17],[4,20,24,8,16,12,17],[4,12,24,8,16,20,13,17],[20,12,8,4,16,24,17],[20,12,4,24,8,16,17],[20,16,4,24,12,8,13,17],[16,12,20,8,24,4,13,17],[12,24,4,20,16,8,17],[24,12,16,8,4,20,17],[24,8,16,4,12,20,17],[4,16,12,24,20,8,13,17],[20,16,4,8,24,12,13,17],[24,4,16,12,20,8,17],[20,8,4,24,16,12,17],[16,4,20,24,12,8,13,17],[4,8,16,24,12,20,17],[4,20,12,16,24,8,13,17],[20,16,24,8,4,12,17],[20,8,24,12,4,16,13,17],[20,12,4,24,8,16,13,17],[24,12,20,4,16,8,17],[4,20,24,12,16,8,17],[16,4,8,20,24,12,17],[16,20,24,12,4,8,13,17],[12,24,20,8,16,4,13,17],[24,20,16,4,8,12,17],[12,8,24,16,20,4,13,17],[24,8,20,16,4,12,17],[12,4,24,16,8,20,13,17],[16,8,4,12,24,20,13,17],[8,4,16,20,24,12,17],[4,8,16,20,24,12,13,17],[20,12,24,4,16,8,13,17],[24,20,12,4,8,16,13,17],[20,8,12,4,16,24,13,17],[24,12,8,20,16,4,13,17],[24,16,20,12,8,4,17],[8,4,12,16,24,20,13,17],[12,16,24,8,4,20,13,17],[8,24,12,4,16,20,17],[4,20,16,24,8,12,17],[20,16,12,24,4,8,17],[12,8,16,24,20,4,13,17],[8,20,16,12,24,4,13,17],[20,24,8,16,4,12,17],[4,20,16,8,24,12,17],[16,24,8,20,4,12,17],[24,12,8,4,20,16,13,17],[16,12,8,20,24,4,17],[20,16,8,12,24,4,13,17],[4,20,8,24,16,12,13,17],[12,16,20,24,4,8,13,17],[16,20,24,8,4,12,17],[4,12,20,16,8,24,13,17],[8,4,20,24,16,12,17],[4,8,12,24,20,16,13,17],[20,8,4,24,16,12,17],[24,4,16,20,12,8,13,17],[20,4,8,24,16,12,13,17],[4,8,24,16,20,12,17],[16,4,20,8,12,24,13,17],[20,24,4,12,16,8,13,17],[16,24,12,4,8,20,13,17],[24,12,16,8,20,4,17],[12,8,24,20,16,4,13,17],[20,24,4,12,8,16,13,17],[16,24,12,20,4,8,17],[8,20,4,16,12,24,17],[16,20,24,8,4,12,17],[4,20,16,24,8,12,17],[20,12,8,16,4,24,17],[20,4,8,24,16,12,13,17],[16,20,24,4,12,8,17],[16,24,12,20,4,8,17],[20,12,16,24,8,4,17],[24,20,12,16,8,4,17],[16,12,4,8,20,24,17],[4,8,16,20,12,24,17],[4,8,16,20,12,24,13,17],[24,16,8,4,20,12,13,17],[12,16,20,4,24,8,13,17],[16,20,12,4,24,8,17],[12,4,20,24,16,8,13,17],[4,24,8,12,20,16,17],[8,20,4,12,16,24,17],[20,8,4,16,12,24,17],[20,8,24,12,4,16,13,17],[20,24,12,16,4,8,17],[8,16,20,12,4,24,13,17],[24,8,20,16,4,12,13,17],[4,12,16,8,24,20,17],[8,12,20,24,16,4,17],[24,8,16,4,12,20,13,17],[20,16,4,8,24,12,17],[12,16,4,8,24,20,17],[12,16,4,8,20,24,17],[8,20,4,16,24,12,17],[16,20,12,4,24,8,17],[12,24,20,8,4,16,13,17],[24,20,16,8,4,12,17],[24,16,4,12,20,8,13,17],[20,16,8,24,12,4,13,17],[8,20,16,24,4,12,13,17],[24,12,20,16,4,8,17],[24,20,8,16,12,4,13,17],[12,16,8,24,4,20,17],[8,16,24,20,4,12,17],[12,8,16,4,24,20,17],[20,12,24,16,8,4,13,17],[24,12,8,4,20,16,13,17],[4,16,24,12,20,8,13,17],[12,20,16,4,8,24,13,17],[16,20,12,4,8,24,17],[16,8,24,4,12,20,17],[20,24,8,4,16,12,13,17],[8,24,16,12,20,4,13,17],[20,24,4,8,12,16,13,17],[20,12,4,16,8,24,17],[24,16,12,4,20,8,17],[12,4,20,24,8,16,13,17],[16,8,20,24,12,4,17],[20,8,4,16,24,12,17],[16,12,24,8,20,4,17],[16,20,24,8,12,4,17],[16,20,24,8,12,4,13,17],[4,16,12,24,8,20,13,17],[12,8,24,20,16,4,17],[20,24,12,16,8,4,13,17],[24,8,12,20,4,16,13,17],[20,16,24,12,4,8,13,17],[4,24,20,16,12,8,17],[8,24,20,12,16,4,17],[12,16,8,24,20,4,13,17],[12,20,4,8,16,24,17],[20,4,24,16,8,12,17],[4,20,16,12,24,8,13,17],[12,4,20,24,16,8,13,17],[12,4,24,16,20,8,17],[4,12,8,20,16,24,17],[24,20,12,4,8,16,17],[4,8,16,12,20,24,17],[12,20,4,16,8,24,17],[4,12,24,20,8,16,13,17],[8,12,4,16,20,24,17],[24,12,8,16,4,20,13,17],[16,12,4,24,8,20,17],[24,12,4,8,16,20,13,17],[8,4,24,16,12,20,13,17],[12,8,4,16,24,20,13,17],[12,20,8,24,16,4,17],[8,20,4,12,24,16,17],[8,4,16,12,24,20,13,17],[20,16,12,4,24,8,13,17],[16,4,20,8,12,24,13,17],[12,4,8,16,24,20,13,17],[24,20,16,8,4,12,13,17],[20,12,24,16,4,8,13,17],[24,16,12,20,4,8,17],[20,24,12,4,8,16,17],[8,4,20,24,16,12,17],[16,24,4,20,12,8,17],[8,24,4,12,20,16,13,17],[20,24,12,4,8,16,13,17],[24,16,8,20,4,12,13,17],[24,4,20,8,16,12,13,17],[4,8,20,16,12,24,13,17],[12,20,4,24,8,16,17],[8,4,12,20,16,24,13,17],[8,12,20,24,4,16,17],[12,16,24,8,20,4,17],[24,12,16,20,8,4,17],[8,20,12,4,16,24,13,17],[4,12,24,16,20,8,17],[12,24,4,8,16,20,13,17],[20,8,12,16,24,4,13,17],[8,4,12,24,20,16,17],[12,8,20,24,16,4,13,17],[16,20,12,8,4,24,17],[12,20,24,4,16,8,13,17],[4,16,12,20,24,8,13,17],[4,12,24,20,16,8,13,17],[20,12,4,24,16,8,13,17],[4,20,16,8,24,12,13,17],[8,16,24,20,4,12,17],[20,4,12,8,16,24,17],[20,8,12,16,4,24,17],[16,8,20,24,4,12,13,17],[16,20,12,8,24,4,13,17],[20,8,16,4,12,24,17],[12,8,4,16,20,24,17],[24,16,12,8,4,20,17],[8,16,12,4,24,20,17],[12,4,16,24,8,20,17],[24,20,12,16,8,4,17],[20,4,12,8,24,16,13,17],[20,16,24,4,12,8,17],[12,8,20,24,16,4,17],[20,16,8,4,12,24,13,17],[20,12,4,8,16,24,17],[16,24,4,8,12,20,13,17],[20,16,4,8,12,24,17],[20,4,16,12,8,24,17],[12,8,20,24,4,16,17],[24,8,16,20,4,12,17],[12,4,24,20,8,16,13,17],[12,4,20,8,16,24,13,17],[12,8,4,24,16,20,13,17],[12,24,20,8,4,16,17],[12,16,8,4,20,24,17],[20,24,12,4,16,8,17],[4,8,12,20,24,16,17],[20,12,16,8,4,24,17],[24,4,12,16,20,8,13,17],[16,24,8,12,4,20,17],[12,24,8,16,4,20,17],[12,24,8,20,4,16,13,17],[16,8,4,20,12,24,17],[8,16,20,24,4,12,13,17],[12,20,24,16,8,4,13,17],[16,24,8,4,20,12,17],[4,24,16,20,12,8,13,17],[16,8,12,4,24,20,13,17],[24,4,12,16,8,20,13,17],[4,20,16,8,12,24,13,17],[24,8,12,20,4,16,13,17],[20,24,16,4,12,8,17],[12,16,20,4,24,8,17],[20,16,12,8,24,4,17],[8,20,4,24,16,12,17],[24,16,20,12,4,8,17],[16,8,4,24,20,12,17],[24,8,12,16,20,4,13,17],[24,12,16,4,20,8,17],[24,20,8,4,16,12,13,17],[4,24,20,12,16,8,13,17],[12,16,8,24,20,4,13,17],[20,12,8,4,16,24,13,17],[20,4,12,24,16,8,13,17],[16,4,12,24,20,8,17],[16,20,24,12,8,4,17],[20,12,24,8,4,16,13,17],[12,20,24,8,16,4,17],[8,16,20,4,24,12,13,17],[24,8,4,16,12,20,13,17],[24,12,8,16,4,20,13,17],[16,24,20,4,8,12,13,17],[12,8,4,20,24,16,13,17],[20,4,16,8,12,24,17],[16,8,4,12,24,20,17],[20,24,4,8,16,12,13,17],[8,24,16,12,20,4,17],[12,16,20,4,24,8,13,17],[20,24,16,8,4,12,13,17],[24,20,16,4,12,8,13,17],[16,24,20,12,4,8,13,17],[24,20,4,16,8,12,13,17],[4,20,12,24,8,16,17],[8,24,12,4,20,16,17],[16,8,12,4,20,24,13,17],[24,20,12,8,4,16,17],[16,12,20,4,24,8,17],[16,24,20,12,4,8,13,17],[24,4,16,12,8,20,13,17],[24,16,20,12,8,4,17],[4,12,20,16,24,8,17],[16,24,8,12,4,20,13,17],[16,24,4,12,20,8,17],[8,20,24,16,4,12,17],[12,4,24,8,16,20,13,17],[20,24,12,16,4,8,13,17],[16,20,8,4,24,12,17],[16,12,24,8,4,20,13,17],[4,16,8,12,24,20,13,17],[12,16,20,8,24,4,17],[12,20,16,4,8,24,17],[16,8,24,4,12,20,17],[4,12,24,20,8,16,13,17],[12,4,16,20,8,24,17],[8,4,20,16,24,12,13,17],[24,8,16,12,4,20,17],[12,20,4,8,24,16,13,17],[16,20,8,4,24,12,17],[20,24,8,4,16,12,17],[20,24,16,12,4,8,17],[16,12,8,24,4,20,13,17],[8,16,24,4,12,20,13,17],[4,20,24,16,12,8,17],[4,8,24,20,12,16,17],[4,8,20,12,24,16,17],[24,20,4,16,8,12,17],[8,20,4,24,16,12,17],[12,20,24,16,4,8,17],[24,16,12,4,8,20,17],[4,20,8,16,12,24,17],[8,4,20,12,24,16,17],[4,20,24,8,12,16,13,17],[16,24,4,8,12,20,13,17],[4,12,24,8,20,16,17],[4,24,8,12,16,20,13,17],[4,12,24,8,20,16,17],[20,24,8,16,4,12,13,17],[8,20,24,16,12,4,17],[4,24,16,8,12,20,17],[12,16,4,8,24,20,13,17],[24,16,4,12,20,8,17],[4,16,24,20,12,8,13,17],[24,20,12,4,8,16,13,17],[24,20,4,12,16,8,17],[20,12,8,4,24,16,13,17],[12,16,8,4,20,24,17],[8,20,16,4,12,24,17],[12,8,16,24,20,4,13,17],[16,24,4,12,8,20,13,17],[12,24,4,8,20,16,17],[12,16,24,8,4,20,17],[16,24,12,20,4,8,13,17],[20,12,8,24,16,4,17],[20,4,16,12,24,8,17],[4,20,24,12,16,8,13,17],[20,12,16,24,8,4,13,17],[20,16,12,4,24,8,17],[4,20,24,16,12,8,17],[8,4,12,24,16,20,17],[20,16,12,8,24,4,17],[12,4,16,24,20,8,17],[4,16,8,20,24,12,17],[8,24,16,4,12,20,13,17],[20,16,24,12,8,4,17],[20,12,8,24,4,16,17],[4,8,16,12,20,24,17],[12,16,8,24,4,20,17],[8,4,20,16,24,12,13,17],[4,16,12,8,20,24,17],[20,24,16,8,4,12,17],[4,24,12,8,16,20,13,17],[12,8,4,24,16,20,13,17],[4,12,20,24,8,16,17],[12,20,24,8,16,4,13,17],[20,12,8,4,24,16,13,17],[20,24,8,16,4,12,13,17],[20,8,16,12,4,24,17],[4,8,16,12,20,24,13,17],[12,4,8,16,20,24,13,17],[8,24,4,12,20,16,17],[24,4,16,20,12,8,13,17],[4,16,24,12,8,20,13,17],[24,8,12,4,16,20,17],[20,12,4,24,16,8,13,17],[12,20,16,8,4,24,13,17],[12,24,4,16,20,8,17],[4,12,20,16,24,8,17],[8,16,12,24,4,20,17],[16,8,12,24,4,20,17],[8,16,4,24,20,12,17],[16,8,12,20,4,24,17],[20,24,4,12,8,16,13,17],[24,4,20,8,12,16,13,17],[12,8,24,16,20,4,13,17],[20,8,4,12,16,24,17],[24,16,4,8,20,12,17],[20,24,12,4,8,16,13,17],[20,16,4,24,12,8,17],[12,8,24,4,16,20,13,17],[12,8,24,4,20,16,17],[16,4,20,24,12,8,13,17],[24,16,4,20,12,8,17],[16,12,20,8,24,4,17],[12,16,4,20,24,8,13,17],[4,16,20,24,8,12,17],[12,4,20,24,16,8,17],[20,16,24,4,12,8,17],[8,20,24,12,4,16,13,17],[4,8,24,12,16,20,17],[16,4,12,8,24,20,13,17],[4,20,8,12,24,16,17],[8,20,16,12,24,4,13,17],[8,16,4,24,20,12,17],[16,4,20,24,12,8,13,17],[4,24,20,12,16,8,17],[12,20,8,4,24,16,17],[8,24,20,4,12,16,17],[24,8,4,16,20,12,17],[12,20,16,4,8,24,17],[4,20,8,24,16,12,17],[20,4,16,12,24,8,17],[12,16,24,8,4,20,17],[24,8,12,16,4,20,13,17],[8,4,20,12,24,16,13,17],[24,20,16,4,8,12,13,17],[4,12,20,8,24,16,17],[20,4,12,8,24,16,17],[8,20,12,4,24,16,13,17],[20,16,12,4,8,24,17],[8,4,12,24,20,16,13,17],[20,4,24,8,12,16,17],[16,12,20,4,24,8,17],[24,20,4,16,8,12,17],[16,12,4,24,8,20,17],[24,4,16,12,20,8,13,17],[8,4,20,12,16,24,13,17],[8,24,20,4,12,16,13,17],[16,8,20,12,24,4,13,17],[16,8,12,4,20,24,17],[12,20,16,24,4,8,17],[12,16,20,4,24,8,17],[12,16,4,20,24,8,13,17],[8,4,20,24,12,16,13,17],[24,20,4,12,16,8,13,17],[24,20,12,4,16,8,17],[12,4,20,8,16,24,17],[20,8,16,4,12,24,17],[4,12,16,24,20,8,17],[8,20,12,4,16,24,13,17],[4,16,12,20,24,8,17],[8,16,24,20,4,12,17],[20,24,16,12,8,4,17],[4,12,24,8,20,16,13,17],[24,8,20,4,16,12,13,17],[8,4,12,16,20,24,17],[8,24,20,4,16,12,13,17],[24,20,16,8,12,4,13,17],[20,24,16,12,4,8,17],[20,12,16,8,4,24,17],[12,4,20,8,16,24,17],[24,4,16,8,20,12,13,17],[4,20,8,16,12,24,13,17],[16,8,12,4,24,20,13,17],[16,12,24,4,8,20,17],[16,4,8,24,20,12,17],[20,4,16,8,24,12,13,17],[12,20,8,4,16,24,17],[16,20,8,4,12,24,17],[12,4,20,16,24,8,13,17],[24,4,12,16,8,20,13,17],[12,4,24,20,8,16,13,17],[8,12,20,16,4,24,13,17],[12,8,4,24,20,16,13,17],[16,8,24,12,20,4,17],[16,8,4,12,20,24,13,17],[24,12,8,20,4,16,13,17],[24,8,12,16,20,4,17],[4,24,20,8,16,12,13,17],[12,4,20,8,24,16,17],[20,12,24,16,4,8,13,17],[20,16,8,12,24,4,13,17],[20,4,24,12,8,16,13,17],[16,20,4,24,12,8,13,17],[16,20,8,4,12,24,13,17],[16,12,24,20,4,8,13,17],[8,16,20,12,24,4,13,17],[4,8,20,12,16,24,13,17],[12,4,20,24,16,8,13,17],[12,20,16,4,24,8,13,17],[20,24,4,16,12,8,17],[20,4,16,12,8,24,13,17],[24,16,8,20,4,12,13,17],[12,4,20,24,16,8,13,17],[4,12,24,8,16,20,13,17],[24,4,16,12,20,8,17],[16,24,12,8,20,4,13,17],[4,24,8,16,12,20,13,17],[16,4,24,12,20,8,17],[12,16,24,8,4,20,13,17],[16,20,4,12,24,8,13,17],[12,24,20,8,16,4,13,17],[8,24,16,4,12,20,13,17],[16,24,20,4,12,8,13,17],[20,12,8,4,16,24,17],[8,12,4,20,16,24,17],[24,8,16,4,12,20,17],[4,16,12,20,24,8,17],[12,24,4,20,16,8,13,17],[8,4,16,20,12,24,13,17],[8,12,20,24,16,4,13,17],[12,24,20,4,16,8,17],[24,12,16,20,4,8,13,17],[12,24,20,4,8,16,17],[12,4,8,16,20,24,17],[16,4,20,8,12,24,17],[16,20,24,8,4,12,17],[16,12,20,8,24,4,13,17],[16,4,24,8,12,20,17],[24,16,4,12,8,20,17],[4,20,16,8,24,12,17],[16,8,4,24,20,12,17],[4,12,20,24,8,16,17],[12,16,20,4,24,8,17],[12,16,24,4,8,20,17],[24,12,16,4,20,8,17],[12,24,16,8,4,20,17],[24,16,8,4,20,12,17],[16,4,12,8,20,24,13,17],[20,16,8,24,12,4,13,17],[16,24,12,8,20,4,13,17],[24,12,8,4,16,20,13,17],[4,24,16,8,20,12,17],[20,4,16,12,8,24,17],[16,20,24,8,4,12,13,17],[12,16,24,4,20,8,13,17],[24,12,20,16,4,8,17],[16,12,24,8,4,20,13,17],[16,12,8,20,24,4,17],[12,24,16,20,4,8,13,17],[8,12,16,20,24,4,17],[16,24,8,12,20,4,13,17],[12,16,8,4,20,24,13,17],[8,4,16,12,24,20,17],[12,16,4,24,8,20,17],[24,20,16,4,8,12,13,17],[8,16,4,20,12,24,13,17],[20,8,16,4,24,12,17],[12,16,4,24,20,8,13,17],[4,8,20,16,24,12,17],[16,12,4,8,20,24,13,17],[16,8,12,20,4,24,13,17],[4,16,8,24,12,20,17],[4,8,16,12,24,20,13,17],[12,16,24,20,4,8,17],[8,12,16,20,24,4,17],[16,20,24,8,12,4,13,17],[4,12,20,8,16,24,17],[4,16,12,8,24,20,13,17],[8,12,24,4,20,16,17],[16,8,4,24,12,20,13,17],[24,16,8,20,12,4,17],[24,16,4,8,20,12,17]],"n_human":9}