{"problem_id":"qIIYOfqARiVjRVz","sigma":75,"alpha":3.162,"cost":2,"probabilities":"[0.21, 0.26, 0.24, 0.29]","payoff_matrix":"[[63, -47, 90, -10, -27, 15], [123, -84, 38, -29, -27, 52], [4, 115, -85, 121, -54, 16], [-36, 9, -56, -75, 15, 31]]","uncovered":[[4,8,24,12,16,20,22],[16,12,4,24,8,20,22],[8,4,24,12,16,20,22],[24,16,20,22],[4,8,16,24,12,20,22],[24,16,8,4,20,22],[4,20,8,12,24,22],[20,12,16,24,18,4,8,6,22],[12,24,16,8,4,20,18,22],[4,20,12,24,18,16,8,22],[12,24,4,16,20,22],[12,8,16,24,20,22],[24,4,16,20,22],[16,24,20,22],[20,12,4,16,24,18,8,6,22],[12,20,8,24,18,16,4,22],[8,12,24,16,20,18,4,6,22],[24,8,16,12,4,20,22],[4,24,12,8,20,18,16,6,22],[16,12,24,20,18,8,4,6,22],[8,4,12,16,24,20,22],[24,8,4,20,22],[20,24,22,8,12],[20,12,8,16,4,24,22],[4,8,24,16,20,18,12,22],[20,8,24,22,4],[16,20,4,12,8,24,22],[12,24,20,18,4,16,8,22],[24,20,18,4,12,16,8,22],[16,20,24,22],[24,20,22,4],[24,12,8,20,18,16,4,22],[16,8,20,4,12,24,18,6,22],[8,16,20,12,24,18,4,22],[24,8,20,18,4,16,12,6,22],[12,8,16,20,24,22],[12,8,24,4,16,20,22],[20,8,4,12,16,24,18,22],[12,4,16,24,8,20,18,22],[20,16,24,22],[24,16,20,18,12,4,8,22],[20,12,4,8,16,24,18,22],[16,24,12,20,22],[16,20,4,24,22],[8,20,24,22],[12,16,24,20,18,4,8,22],[16,12,24,4,20,18,8,6,22],[4,8,20,16,12,24,22],[16,24,12,8,20,18,4,22],[8,24,12,4,20,18,16,6,22],[4,8,24,16,12,20,18,22],[16,8,12,24,20,18,4,6,22],[16,8,12,20,4,24,18,22],[24,4,8,16,12,20,18,6,22],[4,24,20,22],[24,8,20,22],[16,8,24,4,12,20,18,6,22],[8,12,24,4,16,20,22],[4,8,16,20,12,24,18,6,22],[24,20,22,16],[24,16,12,4,20,18,8,22],[24,4,20,22],[4,12,16,20,24,18,8,22],[16,24,8,20,18,12,4,6,22],[24,8,4,16,12,20,22],[8,4,12,16,20,24,22],[20,8,24,18,4,12,16,22],[24,16,12,20,18,4,8,6,22],[4,24,20,18,8,12,16,6,22],[4,16,8,12,24,20,18,6,22],[8,20,4,16,12,24,18,6,22],[4,24,12,20,22],[4,16,20,8,12,24,18,6,22],[24,20,18,8,12,16,4,22],[20,4,12,8,24,18,16,6,22],[4,8,20,12,16,24,22],[16,20,12,8,4,24,18,22],[20,16,12,8,4,24,22],[4,24,16,12,8,20,18,22],[8,16,12,4,20,24,18,22],[24,4,16,20,22],[12,8,20,16,4,24,22],[24,12,20,22],[12,4,8,20,16,24,18,22],[8,12,16,20,4,24,18,6,22],[8,24,4,16,20,18,12,6,22],[16,8,12,4,20,24,18,22],[16,20,4,8,24,18,12,22],[8,4,16,20,12,24,22],[12,20,4,16,8,24,18,6,22],[4,12,20,8,24,18,16,6,22],[8,16,4,12,24,20,22],[16,20,12,4,8,24,18,22],[24,12,8,4,20,22],[24,16,12,8,20,22],[8,24,20,18,16,12,4,22],[16,24,20,22],[24,20,18,4,8,16,12,22],[24,8,12,16,20,18,4,6,22],[8,4,16,20,24,22],[20,8,4,24,22],[20,8,24,18,16,4,12,22],[16,8,24,4,20,22],[12,8,16,4,24,20,18,22],[16,8,20,4,24,22],[16,4,12,24,20,18,8,6,22],[4,16,24,8,12,20,22],[12,4,20,16,24,18,8,6,22],[4,12,8,20,24,18,16,6,22],[24,8,20,18,16,12,4,6,22],[12,16,4,8,24,20,22],[4,24,12,8,20,18,16,6,22],[4,24,8,12,16,20,22],[16,20,8,4,24,22],[24,16,12,4,8,20,18,6,22],[24,12,4,20,18,8,16,22],[24,4,8,20,22],[24,16,12,8,4,20,18,22],[12,20,8,16,24,18,4,22],[24,20,18,4,16,8,12,6,22],[8,12,24,16,20,22],[4,12,8,24,16,20,18,22],[24,4,12,20,18,8,16,22],[12,8,20,16,4,24,22],[24,4,16,12,8,20,22],[8,16,20,12,4,24,22],[8,16,24,12,20,18,4,22],[20,4,8,12,24,22],[4,16,12,20,24,18,8,22],[8,16,4,24,12,20,18,22],[12,20,16,8,4,24,18,22],[20,12,16,8,4,24,18,22],[12,8,16,4,20,24,22],[24,16,12,8,20,18,4,6,22],[20,4,24,18,12,16,8,6,22],[8,24,4,16,12,20,22],[20,8,12,16,24,22],[12,16,8,20,24,18,4,6,22],[12,20,24,18,4,8,16,6,22],[12,4,20,8,24,18,16,6,22],[24,16,12,8,20,22],[4,12,8,16,20,24,18,6,22],[12,24,20,18,4,8,16,6,22],[4,8,24,20,22],[4,20,24,22],[24,12,8,16,4,20,22],[12,16,20,8,4,24,18,6,22],[8,12,4,24,20,22],[20,4,12,8,16,24,18,22],[24,12,8,20,18,16,4,22],[8,4,20,16,12,24,22],[16,12,4,8,20,24,18,6,22],[12,4,24,8,16,20,22],[24,16,4,20,22],[20,4,24,18,12,8,16,22],[8,24,12,4,16,20,22],[8,16,24,12,20,22],[24,20,22,8,12],[4,16,24,20,22],[16,24,12,8,4,20,18,6,22],[20,4,24,18,8,12,16,6,22],[4,20,12,24,18,8,16,6,22],[20,8,24,18,12,16,4,6,22],[16,24,12,20,18,4,8,6,22],[16,12,8,4,20,24,18,22],[4,20,12,24,22],[8,20,24,18,16,4,12,6,22],[16,20,12,4,8,24,18,22],[8,12,16,24,20,22],[16,4,24,12,8,20,18,22],[4,8,24,20,22],[20,12,24,18,8,16,4,6,22],[12,4,24,16,20,22],[20,4,8,12,16,24,18,22],[8,4,20,16,24,18,12,6,22],[20,24,18,12,16,8,4,6,22],[12,24,8,16,4,20,18,6,22],[16,12,24,8,20,18,4,6,22],[20,12,4,8,24,18,16,6,22],[4,20,12,24,22],[20,16,12,8,4,24,18,6,22],[24,12,16,4,8,20,22],[8,12,20,16,24,22],[4,24,8,12,16,20,22],[20,16,24,22],[8,16,24,12,20,22],[8,16,12,4,24,20,22],[16,4,8,20,12,24,18,22],[12,24,4,20,18,16,8,6,22],[4,24,8,20,18,12,16,6,22],[20,4,8,24,22],[8,16,24,20,18,12,4,6,22],[16,20,12,24,18,8,4,6,22],[4,24,20,18,8,12,16,22],[12,8,24,4,20,22],[16,8,24,12,4,20,22],[12,16,20,8,4,24,18,22],[16,20,4,8,24,22],[20,8,16,24,18,12,4,22],[16,24,4,20,22],[16,12,20,4,8,24,18,6,22],[24,4,8,12,16,20,22],[24,16,4,20,22],[24,20,22,4],[4,12,16,24,20,22],[20,12,16,8,24,18,4,22],[8,20,24,18,4,12,16,22],[4,24,20,22],[24,4,12,20,22],[20,8,16,4,24,22],[4,12,16,20,24,18,8,6,22],[20,12,24,22],[20,12,24,18,8,16,4,6,22],[16,24,4,20,22],[24,12,20,22],[12,16,24,4,20,18,8,6,22],[8,24,20,22],[20,8,12,4,24,18,16,6,22],[8,4,20,24,22],[12,20,8,24,18,16,4,22],[4,16,8,12,24,20,18,6,22],[16,12,4,24,8,20,22],[24,8,4,16,12,20,22],[8,24,20,22],[8,16,4,24,12,20,22],[16,24,12,8,4,20,22],[24,4,20,18,12,8,16,22],[12,20,24,18,4,16,8,22],[12,8,16,24,20,18,4,6,22],[16,12,4,24,20,22],[20,16,8,24,18,4,12,6,22],[8,4,20,16,12,24,18,6,22],[8,12,4,16,20,24,18,6,22],[12,16,4,8,24,20,18,6,22],[20,12,16,24,22],[16,4,8,20,12,24,18,22],[12,8,16,4,20,24,18,22],[12,16,4,24,8,20,18,22],[16,24,4,8,12,20,22],[8,4,12,20,24,22],[20,8,24,22,4],[20,8,24,22],[4,16,20,8,24,22],[4,20,12,8,24,22],[16,20,12,24,22],[8,24,20,18,12,16,4,6,22],[20,24,22,12],[24,16,4,20,18,8,12,6,22],[24,8,4,20,22],[24,12,8,4,20,18,16,22],[24,8,12,20,22],[8,24,20,22],[16,4,12,24,20,18,8,6,22],[12,4,24,8,20,22],[12,16,8,24,20,22],[20,12,4,8,16,24,22],[12,4,20,24,22],[24,16,12,20,22],[24,8,20,18,12,4,16,6,22],[16,24,12,8,4,20,22],[24,16,8,4,20,22],[16,8,12,4,24,20,18,6,22],[24,8,20,22,12],[20,24,18,8,4,16,12,22],[12,16,20,4,8,24,22],[12,20,8,4,16,24,22],[8,16,4,20,12,24,18,22],[16,24,4,12,8,20,22],[24,20,22,12],[16,20,12,8,4,24,18,6,22],[8,20,24,18,4,12,16,6,22],[16,20,24,18,4,12,8,6,22],[24,4,16,12,8,20,22],[8,4,24,20,22],[8,20,4,24,18,16,12,22],[4,24,16,8,12,20,18,6,22],[4,20,8,16,24,18,12,6,22],[24,8,4,16,12,20,22],[8,20,12,24,18,16,4,22],[8,24,12,20,18,16,4,6,22],[4,24,8,16,20,18,12,6,22],[20,16,24,18,8,12,4,22],[16,20,8,24,18,4,12,6,22],[20,24,18,12,4,8,16,22],[20,24,22,12],[4,20,24,22],[20,12,4,16,8,24,22],[20,4,16,24,22],[24,20,18,4,8,12,16,6,22],[24,8,16,20,18,4,12,6,22],[8,24,20,18,4,16,12,22],[24,8,4,20,22],[20,4,24,22],[8,20,16,4,12,24,18,22],[4,8,20,12,16,24,22],[20,16,8,12,24,22],[16,24,8,20,18,12,4,22],[12,4,16,24,8,20,18,22],[12,20,4,16,24,22],[8,20,24,18,16,4,12,22],[16,12,20,24,18,8,4,22],[12,8,24,16,20,18,4,22],[24,16,12,20,18,4,8,6,22],[24,16,12,20,18,8,4,6,22],[12,4,8,24,20,18,16,6,22],[4,12,8,24,20,22],[16,4,12,20,8,24,22],[12,20,16,4,8,24,18,22],[4,16,8,24,12,20,22],[12,24,4,16,8,20,22],[24,12,20,18,16,8,4,22],[4,8,12,24,20,18,16,6,22],[12,8,16,4,20,24,22],[20,24,18,12,4,8,16,6,22],[16,4,20,24,18,8,12,6,22],[4,24,12,8,16,20,22],[16,4,8,20,24,22],[16,12,24,4,8,20,22],[12,16,4,20,8,24,18,6,22],[12,4,24,8,16,20,18,22],[24,20,22,16],[24,16,4,20,22],[8,24,4,16,20,22],[4,20,16,12,8,24,22],[20,4,12,16,24,18,8,22],[16,24,4,8,12,20,22],[12,24,20,18,8,4,16,6,22],[4,16,24,8,12,20,18,22],[20,24,22,4],[8,12,4,20,16,24,18,6,22],[4,12,16,24,20,22],[24,12,4,20,18,16,8,6,22],[12,4,8,24,20,22],[4,12,8,16,24,20,18,22],[8,4,20,16,12,24,18,22],[12,20,16,4,8,24,22],[20,24,18,4,8,12,16,22],[16,8,4,24,20,22],[24,4,8,20,18,16,12,22],[24,8,12,16,4,20,22],[24,4,20,18,8,12,16,6,22],[8,12,20,24,22],[12,16,8,4,24,20,22],[4,8,24,20,22],[16,20,8,4,24,18,12,6,22],[24,20,18,16,4,12,8,6,22],[8,20,16,4,12,24,18,22],[12,8,24,20,18,16,4,6,22],[12,4,24,16,20,18,8,6,22],[16,12,20,24,22],[8,12,24,16,4,20,22],[20,16,8,24,22],[4,20,24,18,16,8,12,22],[8,12,20,4,16,24,22],[16,12,8,24,4,20,22],[16,24,8,20,18,4,12,6,22],[8,16,12,4,20,24,18,6,22],[8,12,4,24,20,18,16,22],[12,24,16,20,18,4,8,6,22],[20,4,12,8,16,24,18,22],[20,8,24,22,4],[16,24,20,22],[16,24,8,12,20,22],[4,20,8,16,12,24,22],[24,4,20,22],[24,4,12,20,18,8,16,22],[8,20,12,16,4,24,22],[8,4,16,12,20,24,18,6,22],[8,16,20,12,4,24,22],[20,24,18,12,4,8,16,22],[8,20,24,18,12,16,4,6,22],[20,4,16,8,12,24,22],[24,8,20,18,12,4,16,22],[4,20,16,8,12,24,18,22],[24,12,8,16,4,20,18,6,22],[16,12,4,8,20,24,22],[20,16,24,22],[8,16,4,12,24,20,18,22],[20,8,16,24,18,12,4,6,22],[4,16,12,8,20,24,22],[8,16,12,4,20,24,22],[4,24,16,20,18,8,12,22],[20,4,24,18,16,8,12,22],[20,4,16,12,8,24,22],[16,4,24,12,8,20,18,22],[20,12,4,16,24,22],[12,4,20,24,18,16,8,22],[16,8,12,4,24,20,22],[4,8,24,12,16,20,18,6,22],[24,4,16,12,8,20,18,6,22],[16,8,12,24,20,18,4,6,22],[20,12,8,16,4,24,18,22],[8,24,12,20,22],[24,4,16,12,20,22],[24,16,4,12,20,22],[24,8,4,20,18,16,12,22],[12,24,4,8,20,22],[24,12,8,20,22],[4,24,20,22],[8,16,20,12,4,24,18,6,22],[24,12,20,22],[16,8,24,4,12,20,22],[16,8,12,4,20,24,18,6,22],[8,20,16,24,22],[12,24,16,8,20,22],[12,4,8,24,16,20,22],[4,12,16,24,8,20,22],[20,4,16,12,8,24,18,6,22],[8,4,16,12,20,24,22],[20,16,24,22],[8,4,16,24,20,18,12,6,22],[12,24,16,8,4,20,18,22],[8,12,16,20,24,18,4,6,22],[24,8,16,4,12,20,18,6,22],[12,24,4,8,20,18,16,6,22],[4,20,12,8,24,18,16,6,22],[24,4,8,16,12,20,18,6,22],[12,16,8,4,24,20,22],[20,12,8,16,24,22],[4,20,8,16,24,18,12,6,22],[4,12,16,20,8,24,22],[20,12,8,4,16,24,18,6,22],[20,12,8,4,24,22],[4,20,16,24,18,8,12,6,22],[8,4,16,24,20,22],[24,20,18,16,4,8,12,22],[4,8,12,16,24,20,22],[24,12,8,16,4,20,18,22],[4,8,24,16,12,20,18,6,22],[16,12,24,4,20,22],[12,16,20,8,4,24,22],[8,16,4,24,20,18,12,6,22],[12,8,16,20,24,18,4,6,22],[16,24,4,12,20,18,8,22],[16,24,4,20,22],[24,12,20,18,4,16,8,22],[4,20,8,24,22],[12,24,8,16,20,22],[24,12,4,16,8,20,18,6,22],[16,20,12,4,8,24,18,22],[24,20,18,16,4,8,12,22],[4,12,20,8,16,24,22],[16,24,8,4,20,22],[8,24,4,16,12,20,22],[12,4,24,8,20,18,16,22],[8,24,4,16,20,18,12,6,22],[12,4,16,20,24,18,8,6,22],[4,16,24,8,20,22],[20,12,4,8,24,22],[20,4,12,16,8,24,18,6,22],[16,4,24,8,20,18,12,6,22],[12,20,8,24,18,16,4,6,22],[8,20,16,12,24,18,4,6,22],[12,16,4,8,24,20,18,6,22],[12,24,4,8,16,20,22],[8,16,12,20,4,24,18,22],[20,16,12,8,4,24,22],[8,12,20,16,4,24,22],[16,20,24,22],[4,16,12,8,20,24,22],[24,12,16,20,22],[4,12,24,16,8,20,18,6,22],[12,8,16,20,24,18,4,6,22],[24,20,18,8,4,12,16,22],[8,4,16,12,24,20,22],[24,16,8,12,20,22],[4,12,8,24,20,18,16,6,22],[20,8,24,22],[24,4,8,16,12,20,18,6,22],[16,20,24,22],[4,16,24,8,12,20,22],[24,8,20,18,12,4,16,6,22],[12,16,4,24,20,18,8,6,22],[8,24,12,20,18,16,4,6,22],[4,20,24,18,12,8,16,6,22],[8,16,4,20,24,18,12,22],[16,4,24,12,20,22],[16,20,24,22],[8,4,12,20,24,18,16,22],[20,4,8,24,18,12,16,6,22],[24,16,8,12,4,20,18,22],[20,24,22,8],[20,16,4,24,22],[24,12,16,20,18,4,8,22],[4,16,20,8,12,24,22],[20,12,24,18,8,4,16,6,22],[8,4,16,20,24,18,12,6,22],[8,12,24,4,20,18,16,6,22],[4,12,16,20,8,24,18,22],[8,12,24,16,20,18,4,22],[16,12,20,4,8,24,22],[4,8,24,16,20,22],[4,20,24,22],[4,8,20,24,22],[20,24,22,12],[16,4,24,8,12,20,22],[8,16,24,4,12,20,22],[4,24,16,20,22],[16,24,4,20,18,8,12,22],[16,24,20,22],[20,8,12,24,18,16,4,22],[16,4,12,24,8,20,18,6,22],[20,12,24,18,4,16,8,22],[16,8,20,24,22],[8,24,4,20,18,12,16,22],[16,8,12,4,24,20,22],[24,8,20,18,12,4,16,22],[12,4,8,24,16,20,18,22],[20,24,22,16],[16,4,24,8,12,20,22],[16,12,20,24,18,8,4,22],[20,16,12,24,22],[24,20,18,4,16,8,12,22],[16,8,20,12,4,24,18,6,22],[8,16,20,12,4,24,22],[12,4,16,8,20,24,22],[24,16,4,8,12,20,22],[12,20,8,24,22],[12,20,16,4,24,22],[24,12,4,8,16,20,22],[24,8,12,20,18,4,16,22],[24,20,22,16],[24,16,12,4,20,22],[20,24,18,8,12,4,16,6,22],[20,12,16,8,4,24,18,6,22],[24,8,12,20,22],[12,20,24,18,8,16,4,22],[8,12,4,16,24,20,18,6,22],[12,4,20,16,24,22],[24,20,18,16,4,12,8,22],[4,8,16,24,12,20,18,22],[8,24,16,12,20,22],[20,24,18,12,4,8,16,6,22],[8,12,4,20,24,18,16,6,22],[20,8,24,18,16,12,4,6,22],[4,20,24,18,8,12,16,22],[16,8,20,4,24,18,12,6,22],[20,24,18,16,4,12,8,22],[4,12,8,24,16,20,22],[12,8,4,24,16,20,22],[24,20,18,12,4,8,16,22],[24,8,12,16,4,20,18,6,22],[16,20,12,24,22],[12,24,8,20,22],[12,24,8,16,20,18,4,22],[12,8,24,20,18,4,16,6,22],[8,12,16,20,24,22],[20,24,22,12],[8,12,24,16,4,20,18,6,22],[4,20,24,22],[16,12,8,24,20,22],[8,4,20,16,24,22],[4,12,8,16,24,20,22],[24,20,22,8],[24,12,8,16,4,20,22],[12,8,20,24,18,16,4,6,22],[4,12,24,8,20,18,16,6,22],[16,8,4,12,24,20,18,6,22],[16,8,20,4,24,18,12,6,22],[12,8,24,4,16,20,22],[12,24,16,4,8,20,22],[12,24,20,18,4,8,16,22],[12,4,16,20,24,22],[24,12,20,18,8,16,4,6,22],[8,12,16,20,24,22],[16,4,12,20,24,22],[12,20,4,8,16,24,22],[16,8,20,4,12,24,22],[12,8,4,20,16,24,22],[12,24,20,22],[12,24,8,20,18,4,16,6,22],[8,16,20,4,12,24,22],[20,12,16,8,24,22],[12,20,4,16,24,18,8,22],[8,20,24,22],[4,24,16,20,22],[12,24,16,20,22],[20,8,24,18,12,4,16,6,22],[12,8,24,20,18,16,4,6,22],[16,20,12,8,24,22],[20,4,24,18,12,16,8,6,22],[20,4,16,8,24,18,12,6,22],[4,24,8,20,18,16,12,6,22],[16,8,12,4,20,24,18,22],[20,12,8,24,22],[24,20,22,8],[24,16,20,18,12,8,4,6,22],[8,12,4,20,16,24,18,6,22],[12,8,24,16,20,18,4,22],[12,20,24,18,4,16,8,6,22],[8,24,12,20,22],[4,24,12,16,20,22],[24,8,20,18,4,16,12,6,22],[20,16,24,18,12,8,4,6,22],[4,8,20,16,12,24,18,22],[4,8,24,20,22],[4,16,12,20,8,24,18,22],[16,12,20,4,24,22],[8,16,12,4,20,24,18,22],[16,20,12,24,22],[24,8,4,20,22],[20,16,4,8,24,18,12,6,22],[24,20,22,4],[24,4,20,22],[16,12,20,24,18,8,4,22],[12,16,4,24,8,20,18,6,22],[8,16,24,12,4,20,18,6,22],[8,16,20,12,24,18,4,22],[20,4,8,16,24,18,12,22],[12,20,24,22],[12,20,8,16,4,24,18,22],[20,4,24,18,16,12,8,6,22],[16,12,4,8,20,24,18,6,22],[12,16,20,8,24,22],[8,24,4,16,20,18,12,6,22],[4,16,24,8,12,20,22],[24,20,18,12,4,16,8,22],[20,24,18,4,8,12,16,22],[4,20,24,22],[4,24,16,12,20,22],[16,12,4,20,8,24,22],[16,8,20,24,22],[12,4,8,24,16,20,22],[24,12,4,20,18,8,16,22],[24,8,16,20,22],[12,4,20,16,24,22],[8,20,24,18,16,12,4,22],[4,16,12,24,20,18,8,22],[8,12,20,4,24,18,16,6,22],[4,16,24,8,20,18,12,6,22],[24,20,22,8],[20,12,8,4,24,18,16,6,22],[20,12,16,24,18,8,4,22],[16,8,12,20,4,24,18,6,22],[16,8,24,4,12,20,22],[16,20,8,4,24,22],[8,4,20,12,16,24,22],[4,8,24,16,12,20,22],[24,12,8,16,4,20,18,6,22],[4,20,16,12,24,22],[8,24,12,16,20,22],[4,24,20,18,16,12,8,22],[20,8,4,24,22],[16,4,8,20,12,24,18,6,22],[8,16,4,24,20,18,12,6,22],[12,24,20,22],[12,20,4,24,22],[20,24,18,4,8,16,12,6,22],[4,8,16,12,24,20,18,22],[16,8,20,12,24,22],[8,20,16,4,12,24,18,22],[20,24,18,4,16,12,8,6,22],[16,20,8,24,18,4,12,6,22],[12,16,20,4,8,24,18,6,22],[20,12,24,18,16,8,4,22],[16,4,24,20,18,8,12,6,22],[24,16,8,4,12,20,22],[12,8,16,24,4,20,22],[8,4,24,16,12,20,18,6,22],[20,8,12,16,4,24,22],[12,20,24,18,4,8,16,6,22],[16,8,12,24,20,22],[20,4,16,8,24,22],[20,4,16,8,24,18,12,6,22],[16,20,12,8,24,18,4,6,22],[12,4,8,20,24,18,16,22],[20,4,8,16,24,22],[12,20,24,18,8,16,4,22],[12,24,16,20,18,4,8,6,22],[24,16,8,12,4,20,22],[12,16,4,8,20,24,18,6,22],[4,16,12,20,8,24,18,6,22],[8,12,20,4,16,24,18,6,22],[20,8,16,24,18,4,12,6,22],[8,12,20,16,24,22],[8,20,24,22],[12,24,4,20,18,16,8,6,22],[16,12,20,8,24,18,4,22],[24,16,4,12,8,20,22],[8,4,20,16,12,24,18,22],[12,16,20,4,24,22],[20,12,24,22],[20,16,24,22],[12,16,24,20,18,8,4,22],[20,24,18,4,16,8,12,22],[20,8,16,24,22],[4,12,16,24,20,22],[24,4,16,12,8,20,18,22],[20,4,12,8,24,22],[20,16,12,8,4,24,18,6,22],[20,12,24,22],[20,16,8,24,22],[24,4,12,20,22],[12,4,20,16,24,18,8,22],[24,20,22,4],[8,24,20,22,4],[12,16,24,4,8,20,18,22],[12,16,4,24,20,18,8,6,22],[8,20,4,24,22],[20,4,24,18,16,8,12,22],[24,12,4,8,16,20,22],[24,8,16,12,20,22],[12,8,24,20,22],[20,16,24,18,8,12,4,6,22],[24,12,8,4,20,22],[12,20,16,4,24,22],[8,16,24,4,20,18,12,6,22],[24,20,22,16],[12,4,8,24,16,20,18,22],[16,12,24,8,4,20,22],[24,8,16,4,20,22],[16,4,12,24,8,20,22],[12,16,8,20,24,22],[12,4,20,16,24,22],[4,8,12,16,24,20,22],[24,8,16,12,20,22],[20,24,18,8,4,16,12,22],[24,12,8,20,22],[24,12,20,18,8,4,16,22],[8,24,16,4,12,20,18,6,22],[24,4,20,22],[20,4,12,8,24,18,16,22],[24,20,22,4],[20,16,24,22],[24,20,22,8],[16,20,4,8,12,24,18,22],[16,24,8,4,12,20,22],[8,4,12,24,20,18,16,6,22],[16,12,8,20,4,24,18,6,22],[16,24,20,22],[24,16,8,20,18,4,12,22],[24,16,8,12,20,22],[12,8,4,20,24,22],[12,20,4,16,8,24,22],[20,24,18,8,12,4,16,6,22],[20,16,24,22],[12,20,24,18,4,8,16,22],[12,20,4,16,8,24,22],[24,4,16,12,20,22],[12,20,16,8,4,24,22],[8,16,24,20,18,12,4,6,22],[4,20,16,12,8,24,18,22],[20,4,8,24,18,16,12,6,22],[12,16,8,24,20,18,4,22],[24,12,8,16,20,18,4,6,22],[16,4,8,24,12,20,18,22],[24,8,4,16,20,22],[8,16,4,12,20,24,22],[4,8,24,12,20,22],[12,24,8,20,22],[16,8,4,24,12,20,22],[8,24,16,12,4,20,18,22],[20,16,12,24,22],[16,8,4,20,12,24,22],[24,4,8,16,20,22],[12,16,8,4,24,20,18,22],[8,12,16,20,24,18,4,6,22],[24,20,22,4],[24,20,22,16],[20,12,24,18,4,8,16,22],[8,16,24,4,12,20,18,6,22],[20,8,4,24,18,12,16,6,22],[8,4,24,20,18,16,12,6,22],[20,8,4,24,18,16,12,6,22],[24,4,16,12,8,20,18,22],[16,24,20,22],[8,24,20,22,12],[4,16,12,8,20,24,18,22],[4,8,16,20,12,24,22],[24,12,4,16,20,22],[24,8,16,12,4,20,18,6,22],[8,4,16,20,12,24,22],[4,24,20,22],[16,12,20,8,4,24,18,22],[8,12,20,24,22],[24,8,20,18,16,4,12,22],[4,20,12,16,24,18,8,22],[8,16,20,24,22],[12,16,24,4,8,20,22],[16,12,8,20,4,24,18,6,22],[12,20,8,16,24,18,4,6,22],[12,24,20,18,8,4,16,22],[12,24,20,18,4,8,16,22],[12,8,24,16,20,22],[24,12,20,22],[20,8,24,22,4],[12,16,4,24,8,20,22],[24,16,4,20,22],[12,8,4,20,16,24,18,6,22],[8,16,4,20,24,18,12,22],[4,12,16,8,24,20,22],[4,24,16,12,20,22],[16,24,12,4,20,22],[24,12,20,18,16,4,8,6,22],[4,24,16,20,18,8,12,6,22],[20,24,18,12,8,4,16,6,22],[12,8,4,20,16,24,22],[12,8,16,4,24,20,22],[4,16,20,8,24,18,12,22],[4,8,24,16,12,20,22],[8,20,16,24,22],[12,24,16,20,18,8,4,22],[8,20,4,16,12,24,18,6,22],[12,8,24,4,16,20,18,6,22],[16,12,4,8,20,24,22],[20,12,8,4,24,22],[12,8,16,20,24,18,4,6,22],[20,12,8,4,24,18,16,6,22],[4,12,8,24,20,18,16,6,22],[12,20,16,24,22],[20,16,12,4,8,24,18,6,22],[16,24,12,8,4,20,18,22],[4,16,8,12,20,24,18,6,22],[4,20,16,24,18,8,12,6,22],[12,24,4,8,16,20,22],[16,12,8,4,20,24,22],[20,16,4,24,18,12,8,6,22],[24,12,16,20,22],[24,8,20,18,4,12,16,6,22],[12,8,24,4,16,20,22],[24,20,18,16,12,8,4,6,22],[20,12,16,8,24,18,4,6,22],[24,12,20,18,4,16,8,6,22],[12,16,8,4,24,20,18,6,22],[4,12,20,8,24,22],[12,24,8,4,16,20,22],[4,16,24,20,22],[24,12,20,22],[20,8,24,22,4],[16,8,4,12,24,20,22],[8,4,24,12,20,22],[8,24,4,20,18,16,12,22],[12,4,24,8,16,20,18,22],[24,20,18,8,4,12,16,6,22],[20,4,24,18,16,12,8,22],[24,4,12,20,22],[12,20,24,22],[20,4,12,16,24,22],[20,4,12,16,8,24,18,6,22],[16,24,20,18,4,12,8,22],[4,8,24,20,18,16,12,6,22],[4,24,16,8,20,22],[4,12,20,16,8,24,18,6,22],[16,12,20,4,8,24,18,22],[12,16,20,24,18,4,8,6,22],[24,12,16,20,18,8,4,22],[8,24,16,4,12,20,22],[8,16,24,4,12,20,18,6,22],[16,4,24,20,18,12,8,22],[20,8,24,22,12],[16,24,8,4,20,22],[8,24,16,12,4,20,22],[24,8,16,12,4,20,22],[12,8,20,4,24,18,16,6,22],[8,4,12,20,16,24,18,22],[20,8,24,22],[8,4,12,16,20,24,18,6,22],[4,24,12,16,8,20,22],[8,4,16,12,24,20,18,22],[20,8,16,24,18,12,4,6,22],[8,4,20,16,24,22],[24,20,22,12],[4,16,20,24,22],[24,12,20,22],[24,12,20,18,8,16,4,6,22],[20,24,22,16],[4,8,20,16,24,18,12,22],[24,12,4,8,20,18,16,6,22],[8,12,16,24,20,22],[8,16,12,4,24,20,18,6,22],[12,16,8,20,24,18,4,22],[4,24,20,18,12,8,16,22],[20,4,16,12,24,18,8,22],[4,8,20,12,16,24,22],[20,16,24,22],[16,8,20,24,22],[24,12,16,20,18,8,4,6,22],[20,4,24,18,12,8,16,6,22],[12,24,4,8,20,18,16,6,22],[24,20,22,12],[8,4,20,16,24,18,12,22],[20,24,18,4,12,8,16,22],[16,20,8,12,24,22],[4,24,20,18,8,16,12,22],[8,4,20,24,18,12,16,6,22],[20,4,24,22],[16,4,12,20,24,18,8,22],[20,4,8,24,18,12,16,6,22],[24,12,16,20,18,4,8,22],[8,4,16,12,20,24,22],[20,4,24,18,8,12,16,6,22],[20,24,18,12,16,4,8,6,22],[4,16,24,20,18,12,8,22],[4,24,12,8,16,20,22],[8,16,24,12,4,20,22],[16,4,20,24,18,8,12,6,22],[8,24,4,20,22],[20,16,24,22],[12,4,16,20,8,24,22],[16,8,24,12,4,20,18,22],[12,4,20,16,8,24,22],[4,24,20,22],[4,24,16,12,20,22],[12,20,8,24,22],[8,12,20,24,18,4,16,22],[20,16,4,12,24,22],[20,4,8,24,18,12,16,6,22],[8,20,12,4,24,18,16,6,22],[4,24,20,18,8,16,12,22],[4,16,20,24,18,12,8,22],[24,16,8,4,20,22],[12,4,20,24,18,8,16,22],[4,12,20,16,24,22],[4,24,12,8,16,20,22],[4,8,12,24,20,22],[8,16,24,20,18,4,12,6,22],[20,16,12,4,8,24,18,6,22],[4,12,8,24,16,20,18,6,22],[8,4,24,20,22],[20,24,22,4],[12,16,4,20,24,18,8,6,22],[16,4,12,8,24,20,18,6,22],[16,20,4,24,18,12,8,22],[20,12,24,22],[8,20,4,12,24,18,16,22],[4,12,24,8,16,20,22],[12,8,20,24,18,4,16,22],[12,16,24,4,8,20,22],[24,16,20,22],[8,12,24,20,18,4,16,22],[8,20,24,22],[8,4,16,12,24,20,18,22],[4,8,20,24,22],[16,8,12,24,4,20,18,22],[12,16,20,8,24,22],[20,16,12,4,24,22],[16,4,24,20,18,12,8,22],[12,4,8,20,24,18,16,22],[20,24,18,16,12,8,4,6,22],[12,24,4,20,22],[20,4,24,22],[8,20,24,22,4],[16,8,12,24,4,20,22],[4,16,8,20,12,24,22],[12,4,8,16,20,24,22],[8,20,12,24,22],[8,12,24,4,16,20,22],[16,12,4,20,8,24,22],[20,4,24,22],[20,16,24,22],[16,24,20,22],[8,4,20,24,18,12,16,6,22],[16,8,4,24,12,20,18,22],[24,4,12,20,18,16,8,22],[24,12,16,20,18,8,4,6,22],[16,8,20,24,22],[12,16,4,20,24,18,8,22],[16,24,4,20,22],[12,20,8,4,16,24,22],[8,24,4,16,12,20,18,6,22],[12,8,4,16,20,24,22],[12,16,20,4,24,18,8,6,22],[8,4,12,24,16,20,22],[24,16,8,12,4,20,18,22],[24,4,20,22],[24,12,20,22],[16,24,4,12,20,22],[20,16,24,18,4,8,12,6,22],[16,8,12,20,4,24,22],[24,4,8,16,12,20,22],[24,12,16,8,4,20,18,6,22],[16,12,8,4,20,24,22],[16,24,12,8,20,18,4,22],[12,24,20,22],[4,16,8,20,24,22],[8,4,12,24,20,22],[4,20,16,8,24,22],[20,8,16,24,22],[24,8,12,20,18,16,4,6,22],[12,24,4,20,18,16,8,22],[20,8,4,12,16,24,18,22],[4,24,12,8,16,20,18,22],[4,12,24,16,8,20,22],[8,4,12,24,20,18,16,22],[16,8,12,24,4,20,18,22],[24,8,16,4,12,20,18,22],[8,12,24,16,20,18,4,6,22],[16,4,12,24,8,20,18,6,22],[24,12,20,22],[4,20,16,12,24,22],[12,24,20,18,4,16,8,22],[4,8,12,20,16,24,18,6,22],[4,16,12,20,24,18,8,22],[16,4,24,12,20,18,8,22],[24,4,20,18,16,8,12,6,22],[16,12,20,4,24,22],[12,24,4,20,22],[20,8,12,24,18,16,4,6,22],[20,12,24,18,8,16,4,22],[8,16,20,24,22]],"n_human":6}