{"problem_id":"qOTp6WiWCwD2uUQ","sigma":75,"alpha":0.316,"cost":1,"probabilities":"[0.16, 0.24, 0.56, 0.04]","payoff_matrix":"[[94, -20, -68, -94, 124, 158], [-14, -35, -77, -25, -65, -164], [-19, 79, -50, 72, 52, -77], [-8, -81, 111, 18, 65, -16]]","uncovered":[[19,15,11,7,6,14,3,23,18,13],[7,11,23,19,15,14,6,3,18,13],[7,19,23,11,3,15,6,14,18,13],[19,15,23,7,6,14,3,11,18,13],[3,15,19,11,7,14,6,23,18,13],[3,15,7,6,14,19,11,23,18,5,13],[23,3,19,15,11,7,14,6,18,5,13],[19,7,3,11,23,15,6,14,18,5,13],[19,15,7,6,14,11,23,3,18,5,13],[11,3,15,23,19,7,14,6,18,5,13],[7,19,15,6,14,23,11,3,18,13],[7,11,19,15,6,14,23,3,18,13],[23,7,11,19,15,14,6,3,18,5,13],[15,7,14,6,3,19,11,23,18,13],[23,3,19,15,7,14,6,11,18,5,13],[19,23,11,3,15,7,14,6,18,13],[3,23,11,19,7,15,14,6,18,13],[11,3,19,15,23,7,6,14,18,13],[3,7,23,11,15,6,14,19,18,13],[15,11,19,3,7,14,6,23,18,13],[7,19,3,23,15,14,6,11,18,13],[23,15,3,11,19,7,14,6,18,13],[15,23,19,11,7,14,6,3,18,5,13],[19,3,7,15,14,6,23,11,18,13],[15,11,7,6,14,3,19,23,18,13],[15,19,7,14,6,11,23,3,18,5,13],[19,15,11,23,7,14,6,3,18,5,13],[15,11,7,6,14,19,3,23,18,5,13],[15,23,3,7,6,14,11,19,18,5,13],[11,7,3,23,19,15,14,6,18,13],[19,15,23,11,7,6,14,3,18,13],[15,11,7,14,6,3,23,19,18,5,13],[3,19,23,11,15,7,14,6,18,13],[11,3,19,7,23,15,14,6,18,5,13],[11,15,3,23,7,6,14,19,18,5,13],[7,15,14,6,3,19,23,11,18,5,13],[23,15,11,3,7,6,14,19,18,5,13],[23,7,11,19,3,15,14,6,18,13],[3,19,23,7,15,6,14,11,18,13],[15,7,6,14,23,3,11,19,18,5,13],[23,7,3,15,6,14,19,11,18,13],[7,3,15,14,6,23,11,19,18,13],[3,11,7,19,23,15,6,14,18,5,13],[3,19,7,11,23,15,6,14,18,5,13],[23,3,11,15,7,14,6,19,18,5,13],[19,23,7,11,15,14,6,3,18,5,13],[11,3,19,23,15,7,14,6,18,5,13],[11,3,23,19,15,7,6,14,18,13],[15,7,14,6,19,11,3,23,18,5,13],[7,11,23,3,19,15,14,6,18,13],[19,7,3,23,11,15,6,14,18,13],[15,19,3,23,7,6,14,11,18,5,13],[7,3,19,15,14,6,11,23,18,13],[23,19,15,7,14,6,11,3,18,5,13],[3,19,11,15,23,7,6,14,18,13],[15,19,23,3,7,14,6,11,18,5,13],[3,7,19,11,23,15,14,6,18,5,13],[23,15,19,11,3,7,6,14,18,13],[15,3,7,6,14,19,23,11,18,5,13],[7,15,6,14,19,23,11,3,18,5,13],[15,23,19,3,7,6,14,11,18,5,13],[15,11,7,6,14,19,23,3,18,13],[19,3,15,11,23,7,6,14,18,5,13],[19,23,11,15,3,7,14,6,18,5,13],[23,19,15,7,14,6,11,3,18,13],[15,7,14,6,19,3,11,23,18,5,13],[3,15,11,23,19,7,6,14,18,13],[11,23,15,19,7,6,14,3,18,13],[3,15,23,7,6,14,19,11,18,5,13],[19,7,11,3,15,14,6,23,18,5,13],[15,7,14,6,11,19,3,23,18,13],[7,11,15,14,6,23,19,3,18,5,13],[19,15,23,3,11,7,14,6,18,13],[3,11,23,15,19,7,14,6,18,5,13],[7,23,3,19,11,15,6,14,18,5,13],[15,3,11,19,7,6,14,23,18,13],[19,15,11,23,3,7,6,14,18,5,13],[15,3,23,7,6,14,11,19,18,5,13],[23,3,7,15,14,6,11,19,18,5,13],[7,19,15,6,14,11,3,23,18,13],[23,15,3,11,19,7,6,14,18,5,13],[7,11,23,19,15,14,6,3,18,13],[11,3,19,23,7,15,6,14,18,5,13],[19,7,11,23,15,14,6,3,18,5,13],[7,23,15,6,14,3,19,11,18,5,13],[3,15,11,19,7,6,14,23,18,13],[15,3,7,14,6,19,23,11,18,13],[11,15,3,7,6,14,23,19,18,5,13],[19,23,3,11,15,7,14,6,18,13],[11,23,3,7,19,15,6,14,18,13],[11,19,7,23,15,6,14,3,18,5,13],[3,23,11,19,7,15,6,14,18,5,13],[11,15,7,6,14,3,23,19,18,5,13],[19,15,11,7,6,14,3,23,18,13],[23,11,19,3,15,7,14,6,18,13],[15,3,11,7,6,14,23,19,18,13],[15,23,11,7,14,6,3,19,18,13],[7,11,3,19,15,14,6,23,18,5,13],[15,7,6,14,23,11,19,3,18,13],[3,11,15,19,23,7,14,6,18,13],[19,7,3,15,6,14,23,11,18,5,13],[23,3,7,15,14,6,19,11,18,5,13],[19,15,3,23,7,14,6,11,18,13],[11,3,23,19,7,15,14,6,18,5,13],[19,23,11,15,3,7,6,14,18,13],[15,3,7,6,14,23,19,11,18,13],[11,23,3,7,19,15,14,6,18,5,13],[15,19,11,3,23,7,6,14,18,5,13],[3,19,11,15,23,7,6,14,18,5,13],[7,23,15,6,14,3,19,11,18,13],[3,11,7,15,6,14,19,23,18,5,13],[11,7,19,15,6,14,3,23,18,13],[15,23,19,7,14,6,11,3,18,5,13],[7,3,15,6,14,23,11,19,18,5,13],[15,11,7,6,14,19,3,23,18,5,13],[15,11,19,3,7,14,6,23,18,5,13],[3,19,15,11,23,7,6,14,18,5,13],[7,19,3,15,6,14,23,11,18,5,13],[11,19,23,15,7,14,6,3,18,13],[23,19,15,7,6,14,3,11,18,13],[15,3,7,6,14,11,23,19,18,13],[15,7,6,14,23,3,11,19,18,5,13],[23,3,15,19,7,6,14,11,18,13],[11,3,15,19,23,7,6,14,18,5,13],[23,7,15,14,6,19,3,11,18,13],[15,23,3,19,7,6,14,11,18,13],[3,23,7,11,15,6,14,19,18,5,13],[15,19,23,7,6,14,3,11,18,5,13],[19,23,11,7,15,14,6,3,18,13],[3,15,19,23,11,7,14,6,18,5,13],[7,23,15,6,14,11,3,19,18,5,13],[7,15,6,14,23,11,19,3,18,13],[15,19,7,6,14,3,23,11,18,13],[3,15,11,23,19,7,6,14,18,13],[19,15,11,3,23,7,6,14,18,5,13],[3,7,19,15,14,6,23,11,18,13],[23,3,15,11,7,14,6,19,18,13],[7,19,3,11,15,14,6,23,18,5,13],[23,15,7,6,14,3,11,19,18,13],[11,7,3,19,15,14,6,23,18,13],[11,3,15,19,23,7,14,6,18,5,13],[23,15,3,7,6,14,11,19,18,5,13],[19,7,3,23,11,15,14,6,18,13],[23,11,7,3,19,15,14,6,18,5,13],[15,3,11,19,23,7,14,6,18,5,13],[19,7,3,15,14,6,23,11,18,13],[23,19,7,15,6,14,11,3,18,13],[23,3,15,19,7,14,6,11,18,13],[23,19,15,3,7,14,6,11,18,5,13],[3,19,7,11,23,15,14,6,18,13],[7,23,11,15,6,14,3,19,18,5,13],[19,11,23,7,15,6,14,3,18,5,13],[19,11,3,7,23,15,14,6,18,5,13],[23,11,3,19,15,7,6,14,18,5,13],[23,19,11,3,7,15,6,14,18,13],[7,23,11,19,15,6,14,3,18,13],[15,23,3,7,14,6,11,19,18,13],[23,3,19,7,11,15,14,6,18,13],[15,11,19,7,6,14,23,3,18,5,13],[11,19,3,7,23,15,14,6,18,13],[7,19,15,6,14,11,3,23,18,13],[11,7,23,19,15,6,14,3,18,5,13],[15,11,7,6,14,23,3,19,18,13],[7,11,23,19,3,15,14,6,18,5,13],[15,23,3,11,7,14,6,19,18,13],[3,15,23,19,7,6,14,11,18,5,13],[15,3,11,7,6,14,23,19,18,13],[11,15,7,6,14,23,3,19,18,13],[23,19,11,15,7,6,14,3,18,13],[7,23,15,6,14,19,11,3,18,13],[3,15,11,19,7,6,14,23,18,13],[7,19,15,6,14,11,3,23,18,13],[3,11,23,7,15,6,14,19,18,13],[7,23,15,14,6,19,3,11,18,5,13],[15,3,19,11,7,14,6,23,18,13],[19,7,3,23,11,15,14,6,18,13],[15,11,19,7,14,6,23,3,18,13],[7,19,23,3,15,6,14,11,18,13],[11,19,3,15,7,14,6,23,18,13],[15,23,11,7,14,6,3,19,18,13],[23,7,11,15,14,6,3,19,18,5,13],[7,3,11,15,6,14,19,23,18,5,13],[7,3,15,14,6,19,11,23,18,13],[23,19,7,3,11,15,14,6,18,5,13],[11,7,19,3,15,6,14,23,18,5,13],[7,3,19,15,6,14,23,11,18,13],[3,11,23,19,7,15,14,6,18,13],[3,23,11,15,7,14,6,19,18,13],[7,19,11,3,23,15,14,6,18,13],[19,11,3,15,23,7,14,6,18,5,13],[7,23,3,15,14,6,19,11,18,5,13],[11,15,3,19,7,6,14,23,18,5,13],[7,11,15,14,6,23,3,19,18,13],[3,15,23,19,11,7,6,14,18,13],[15,3,19,23,7,14,6,11,18,13],[3,23,7,19,11,15,14,6,18,5,13],[23,19,3,7,15,14,6,11,18,5,13],[11,3,19,7,23,15,6,14,18,5,13],[15,3,7,6,14,23,19,11,18,13],[19,15,3,23,11,7,6,14,18,5,13],[19,7,23,3,11,15,6,14,18,5,13],[19,11,23,15,3,7,14,6,18,5,13],[23,11,19,3,7,15,6,14,18,13],[3,7,23,15,6,14,19,11,18,5,13],[11,7,3,19,15,14,6,23,18,13],[23,15,19,11,3,7,6,14,18,5,13],[23,19,7,15,6,14,3,11,18,13],[19,23,7,3,11,15,6,14,18,13],[7,11,19,15,14,6,3,23,18,13],[3,19,7,15,6,14,23,11,18,13],[3,23,15,7,14,6,19,11,18,5,13],[11,23,7,3,15,14,6,19,18,5,13],[15,11,3,19,23,7,6,14,18,13],[7,3,11,23,19,15,6,14,18,13],[19,11,23,7,15,6,14,3,18,5,13],[23,11,7,3,19,15,14,6,18,5,13],[19,7,15,14,6,11,23,3,18,5,13],[15,23,7,6,14,3,19,11,18,13],[23,19,15,7,6,14,3,11,18,5,13],[7,3,15,14,6,19,11,23,18,13],[3,23,11,15,19,7,6,14,18,13],[19,11,15,23,3,7,14,6,18,5,13],[19,3,7,23,11,15,14,6,18,13],[11,15,7,6,14,3,19,23,18,5,13],[23,19,11,7,3,15,14,6,18,13],[7,19,11,3,15,6,14,23,18,13],[3,7,11,15,6,14,19,23,18,13],[15,23,7,6,14,3,11,19,18,5,13],[19,23,3,7,11,15,14,6,18,13],[11,15,23,19,3,7,6,14,18,5,13],[23,19,7,11,3,15,6,14,18,5,13],[23,15,19,7,14,6,3,11,18,5,13],[15,11,19,3,23,7,14,6,18,5,13],[11,7,15,6,14,19,3,23,18,5,13],[23,7,11,3,15,14,6,19,18,5,13],[3,11,23,7,19,15,14,6,18,5,13],[23,11,3,7,19,15,14,6,18,5,13],[7,23,15,6,14,3,11,19,18,5,13],[3,19,23,11,7,15,6,14,18,13],[7,15,14,6,3,19,23,11,18,5,13],[19,15,3,11,7,6,14,23,18,5,13],[19,23,15,7,14,6,3,11,18,13],[11,3,23,7,19,15,14,6,18,13],[11,23,3,19,7,15,6,14,18,13],[19,23,3,15,7,6,14,11,18,5,13],[19,15,23,7,14,6,11,3,18,5,13],[3,11,15,19,23,7,6,14,18,5,13],[15,3,23,19,7,6,14,11,18,5,13],[15,3,23,7,6,14,19,11,18,5,13],[7,15,14,6,3,19,11,23,18,13],[19,7,23,11,3,15,6,14,18,13],[3,23,15,7,6,14,19,11,18,13],[11,7,19,15,6,14,23,3,18,13],[7,19,3,15,6,14,23,11,18,13],[11,23,19,3,15,7,6,14,18,5,13],[23,15,3,19,11,7,14,6,18,5,13],[15,23,19,11,3,7,6,14,18,13],[11,23,15,7,6,14,19,3,18,5,13],[3,11,15,23,7,6,14,19,18,13],[19,11,23,7,3,15,14,6,18,13],[19,23,7,15,6,14,3,11,18,13],[15,3,23,7,14,6,19,11,18,5,13],[3,23,15,19,7,6,14,11,18,13],[11,15,19,7,14,6,23,3,18,5,13],[19,15,11,3,7,14,6,23,18,5,13],[23,11,7,3,19,15,14,6,18,13],[3,7,11,19,23,15,14,6,18,5,13],[23,7,15,6,14,11,3,19,18,13],[11,19,3,15,23,7,14,6,18,13],[15,7,6,14,11,23,3,19,18,13],[7,15,14,6,3,23,11,19,18,5,13],[7,23,11,3,19,15,14,6,18,13],[11,3,23,19,7,15,14,6,18,13],[3,19,15,11,7,14,6,23,18,13],[23,3,19,7,15,6,14,11,18,13],[7,23,19,15,14,6,11,3,18,5,13],[7,19,3,15,14,6,23,11,18,13],[3,15,23,19,7,6,14,11,18,13],[15,3,23,7,14,6,19,11,18,5,13],[7,11,19,3,15,14,6,23,18,13],[3,7,11,19,15,14,6,23,18,5,13],[19,23,3,11,15,7,6,14,18,13],[7,11,23,3,15,14,6,19,18,13],[19,7,11,15,14,6,23,3,18,13],[19,23,11,7,3,15,14,6,18,13],[15,19,23,3,11,7,6,14,18,5,13],[7,15,6,14,19,11,23,3,18,5,13],[19,23,15,11,7,6,14,3,18,5,13],[23,7,3,19,11,15,14,6,18,5,13],[3,15,7,14,6,19,23,11,18,13],[23,11,3,7,15,14,6,19,18,13],[15,3,7,6,14,19,11,23,18,5,13],[19,3,7,15,14,6,11,23,18,13],[11,19,23,7,3,15,14,6,18,5,13],[3,15,23,7,14,6,11,19,18,13],[23,15,7,14,6,3,11,19,18,5,13],[7,3,15,14,6,11,19,23,18,5,13],[3,19,15,7,14,6,11,23,18,13],[3,19,11,15,7,6,14,23,18,13],[7,19,3,15,6,14,23,11,18,5,13],[11,3,7,19,15,14,6,23,18,5,13],[19,3,7,11,23,15,6,14,18,13],[7,19,23,3,15,14,6,11,18,5,13],[7,3,11,15,6,14,19,23,18,5,13],[7,23,15,14,6,19,3,11,18,13],[23,3,7,19,11,15,6,14,18,5,13],[3,11,23,15,7,6,14,19,18,5,13],[11,7,3,23,19,15,6,14,18,5,13],[7,3,23,15,14,6,11,19,18,13],[11,15,7,6,14,19,3,23,18,13],[11,7,19,3,15,6,14,23,18,5,13],[23,15,19,3,11,7,6,14,18,5,13],[11,3,19,23,7,15,6,14,18,13],[7,23,3,15,14,6,19,11,18,5,13],[3,19,23,11,7,15,6,14,18,13],[7,15,14,6,23,11,3,19,18,5,13],[3,15,23,19,7,14,6,11,18,5,13],[15,23,7,6,14,3,19,11,18,13],[7,11,19,3,23,15,14,6,18,13],[7,15,6,14,23,3,11,19,18,5,13],[3,23,15,19,11,7,14,6,18,13],[3,11,15,7,6,14,23,19,18,13],[11,19,15,3,7,6,14,23,18,13],[15,11,7,14,6,3,19,23,18,5,13],[11,15,19,23,7,6,14,3,18,5,13],[23,3,11,15,7,14,6,19,18,5,13],[15,3,23,11,19,7,14,6,18,13],[23,11,15,3,19,7,14,6,18,5,13],[19,3,15,23,7,6,14,11,18,13],[11,19,23,15,7,6,14,3,18,5,13],[15,3,11,19,23,7,6,14,18,5,13],[19,11,15,23,7,6,14,3,18,5,13],[3,11,15,7,14,6,19,23,18,13],[7,23,3,15,6,14,11,19,18,5,13],[23,11,15,7,6,14,19,3,18,13],[11,23,7,19,3,15,14,6,18,13],[3,19,23,11,7,15,14,6,18,13],[15,19,11,7,14,6,23,3,18,13],[11,15,7,6,14,3,19,23,18,5,13],[11,19,7,3,15,6,14,23,18,13],[23,3,19,7,15,6,14,11,18,5,13],[11,7,15,6,14,19,3,23,18,5,13],[7,11,23,3,19,15,6,14,18,5,13],[7,23,19,3,15,14,6,11,18,5,13],[19,23,7,15,6,14,3,11,18,13],[7,19,15,14,6,3,23,11,18,13],[19,7,23,11,3,15,6,14,18,13],[7,19,15,6,14,23,3,11,18,5,13],[19,7,3,15,6,14,11,23,18,5,13],[23,7,19,15,14,6,3,11,18,5,13],[23,3,19,11,7,15,6,14,18,13],[19,3,7,23,15,6,14,11,18,13],[3,15,19,7,6,14,11,23,18,5,13],[7,15,6,14,11,19,3,23,18,5,13],[7,11,15,14,6,19,23,3,18,13],[7,19,3,23,15,6,14,11,18,5,13],[19,23,3,15,7,6,14,11,18,5,13],[11,15,7,6,14,23,19,3,18,5,13],[11,7,15,6,14,3,19,23,18,13],[7,11,15,6,14,23,3,19,18,5,13],[15,19,7,6,14,23,3,11,18,5,13],[23,15,3,7,14,6,11,19,18,5,13],[19,11,23,7,15,6,14,3,18,5,13],[15,11,7,6,14,23,19,3,18,13],[15,23,7,6,14,11,3,19,18,5,13],[23,11,15,3,19,7,14,6,18,13],[23,11,15,19,7,6,14,3,18,5,13],[3,15,11,19,7,6,14,23,18,13],[7,11,23,19,3,15,6,14,18,5,13],[7,19,15,14,6,23,11,3,18,13],[23,3,19,15,11,7,6,14,18,13],[23,3,19,11,7,15,6,14,18,13],[3,7,15,6,14,23,19,11,18,13],[15,7,14,6,3,19,11,23,18,5,13],[3,7,19,15,6,14,23,11,18,13],[11,19,7,23,3,15,6,14,18,13],[3,7,19,23,11,15,14,6,18,5,13],[23,15,3,11,19,7,14,6,18,13],[19,11,15,3,7,6,14,23,18,5,13],[19,7,15,14,6,11,23,3,18,13],[15,7,6,14,11,23,3,19,18,5,13],[11,19,15,23,3,7,14,6,18,5,13],[23,7,15,14,6,19,3,11,18,5,13],[3,23,7,15,14,6,19,11,18,13],[23,11,19,7,3,15,6,14,18,5,13],[19,15,23,7,14,6,11,3,18,5,13],[3,19,11,15,23,7,14,6,18,13],[11,7,3,15,6,14,19,23,18,13],[23,11,15,7,14,6,19,3,18,5,13],[15,11,23,3,7,14,6,19,18,5,13],[15,3,19,23,11,7,14,6,18,5,13],[19,7,3,11,23,15,6,14,18,5,13],[15,7,6,14,19,3,11,23,18,5,13],[19,3,23,15,7,6,14,11,18,13],[7,23,11,15,14,6,19,3,18,5,13],[11,3,7,19,23,15,6,14,18,5,13],[7,3,23,11,15,14,6,19,18,13],[3,23,19,15,7,6,14,11,18,5,13],[3,19,15,11,7,6,14,23,18,5,13],[7,11,15,6,14,3,23,19,18,13],[7,15,14,6,23,3,19,11,18,13],[11,15,3,23,7,6,14,19,18,5,13],[3,23,15,11,7,6,14,19,18,5,13],[7,23,19,15,6,14,11,3,18,13],[11,15,19,23,7,6,14,3,18,13],[11,23,15,3,7,6,14,19,18,5,13],[7,11,23,3,19,15,14,6,18,5,13],[23,11,3,15,19,7,6,14,18,5,13],[19,7,23,11,15,14,6,3,18,5,13],[19,11,15,7,14,6,3,23,18,13],[7,3,23,11,15,14,6,19,18,5,13],[7,3,15,6,14,11,19,23,18,5,13],[11,23,7,15,6,14,19,3,18,5,13],[7,3,11,19,23,15,6,14,18,5,13],[3,11,23,7,19,15,14,6,18,5,13],[15,7,6,14,23,3,19,11,18,13],[19,7,15,14,6,11,23,3,18,13],[19,7,3,15,14,6,11,23,18,13],[7,23,3,11,15,6,14,19,18,5,13],[23,3,15,11,7,6,14,19,18,13],[19,11,23,3,15,7,14,6,18,5,13],[15,7,6,14,11,19,3,23,18,13],[11,7,19,23,3,15,6,14,18,5,13],[11,3,23,15,19,7,6,14,18,13],[15,11,19,3,7,6,14,23,18,13],[11,19,15,23,3,7,14,6,18,5,13],[23,19,7,15,14,6,3,11,18,5,13],[7,23,19,11,15,14,6,3,18,5,13],[7,3,23,15,6,14,19,11,18,5,13],[19,3,7,15,14,6,23,11,18,5,13],[11,7,23,15,14,6,3,19,18,13],[7,3,15,14,6,19,11,23,18,5,13],[15,11,3,19,23,7,6,14,18,5,13],[11,7,3,15,14,6,23,19,18,5,13],[7,19,11,3,23,15,6,14,18,5,13],[23,19,7,3,11,15,6,14,18,5,13],[19,7,11,3,23,15,14,6,18,5,13],[11,15,19,23,3,7,14,6,18,5,13],[3,11,7,15,14,6,19,23,18,5,13],[19,3,11,15,7,14,6,23,18,13],[23,11,15,3,19,7,14,6,18,5,13],[23,15,7,6,14,3,19,11,18,13],[11,19,23,15,3,7,14,6,18,13],[11,7,19,3,23,15,6,14,18,5,13],[3,7,23,19,15,14,6,11,18,13],[7,3,11,23,15,14,6,19,18,13],[7,15,14,6,23,11,3,19,18,13],[11,3,23,19,15,7,14,6,18,5,13],[7,15,14,6,3,19,11,23,18,13],[7,23,3,15,14,6,19,11,18,5,13],[23,11,3,7,15,6,14,19,18,5,13],[23,19,7,15,14,6,3,11,18,5,13],[11,15,7,14,6,23,19,3,18,5,13],[11,15,7,6,14,3,19,23,18,5,13],[15,23,7,6,14,11,19,3,18,5,13],[23,11,7,15,14,6,19,3,18,13],[15,11,7,14,6,3,19,23,18,13],[19,7,3,23,11,15,6,14,18,5,13],[19,23,15,11,3,7,14,6,18,5,13],[15,7,6,14,23,11,19,3,18,5,13],[7,19,15,6,14,3,11,23,18,13],[3,19,23,7,11,15,6,14,18,13],[19,23,11,7,3,15,14,6,18,5,13],[19,3,11,23,15,7,6,14,18,13],[3,15,11,23,19,7,6,14,18,5,13],[19,7,15,6,14,23,11,3,18,13],[23,11,3,7,19,15,6,14,18,5,13],[11,19,7,3,15,14,6,23,18,5,13],[3,7,23,15,14,6,11,19,18,13],[11,19,7,15,6,14,3,23,18,5,13],[15,3,23,7,6,14,11,19,18,5,13],[15,7,14,6,19,3,11,23,18,5,13],[19,23,11,15,3,7,6,14,18,5,13],[3,15,19,11,23,7,6,14,18,5,13],[19,11,7,23,3,15,6,14,18,13],[7,11,3,15,14,6,19,23,18,13],[23,15,11,3,7,14,6,19,18,13],[7,19,3,15,14,6,23,11,18,5,13],[3,15,7,14,6,19,11,23,18,13],[15,19,11,3,7,14,6,23,18,13],[19,7,3,15,6,14,23,11,18,5,13],[3,7,19,23,15,14,6,11,18,5,13],[15,3,23,11,7,6,14,19,18,5,13],[19,15,7,6,14,11,23,3,18,5,13],[23,7,19,15,14,6,11,3,18,5,13],[15,19,3,7,6,14,23,11,18,5,13],[19,15,3,23,11,7,6,14,18,13],[11,19,23,7,3,15,14,6,18,13],[19,7,3,23,15,14,6,11,18,13],[15,3,11,23,19,7,14,6,18,5,13],[15,11,3,23,7,6,14,19,18,5,13],[23,3,15,19,11,7,6,14,18,13],[7,23,19,11,3,15,14,6,18,13],[19,3,7,11,23,15,6,14,18,5,13],[7,19,3,23,11,15,14,6,18,5,13],[19,23,7,3,15,6,14,11,18,5,13],[23,3,19,11,7,15,6,14,18,13],[15,19,7,14,6,23,3,11,18,5,13],[3,23,7,15,6,14,19,11,18,13],[3,11,15,23,7,6,14,19,18,13],[15,11,7,14,6,23,19,3,18,13],[11,7,19,3,23,15,6,14,18,13],[19,7,3,15,6,14,23,11,18,13],[7,19,15,14,6,3,23,11,18,13],[7,3,23,15,14,6,19,11,18,5,13],[19,7,11,3,15,14,6,23,18,5,13],[7,23,3,15,6,14,11,19,18,13],[3,11,19,15,7,6,14,23,18,13],[11,23,7,3,19,15,6,14,18,5,13],[15,11,19,7,6,14,3,23,18,13],[23,11,7,15,14,6,19,3,18,5,13],[7,11,15,6,14,23,3,19,18,5,13],[11,19,3,23,7,15,6,14,18,13],[11,3,23,15,7,6,14,19,18,5,13],[15,23,3,19,7,6,14,11,18,13],[15,19,11,7,6,14,23,3,18,5,13],[23,19,11,3,15,7,14,6,18,13],[7,15,14,6,19,3,23,11,18,13],[11,7,19,23,3,15,14,6,18,13],[23,11,7,3,15,14,6,19,18,13],[3,19,7,15,14,6,11,23,18,13],[11,3,15,19,23,7,14,6,18,5,13],[11,15,23,3,7,14,6,19,18,5,13],[15,11,7,6,14,19,23,3,18,13],[23,15,3,11,7,6,14,19,18,5,13],[19,15,11,23,3,7,14,6,18,13],[15,19,23,7,6,14,3,11,18,13],[11,23,7,19,3,15,14,6,18,5,13],[3,7,11,23,15,14,6,19,18,13],[11,15,3,19,23,7,6,14,18,5,13],[7,3,19,11,23,15,6,14,18,13],[3,15,19,11,7,6,14,23,18,5,13],[23,7,11,19,15,6,14,3,18,5,13],[23,15,3,11,19,7,14,6,18,13],[15,11,23,7,14,6,3,19,18,13],[3,7,23,15,6,14,11,19,18,5,13],[3,23,7,19,11,15,14,6,18,5,13],[19,7,15,14,6,23,3,11,18,13],[11,3,19,15,7,14,6,23,18,5,13],[3,11,15,23,7,14,6,19,18,5,13],[23,19,7,11,15,6,14,3,18,5,13],[23,15,11,19,7,14,6,3,18,13],[15,19,11,23,7,14,6,3,18,5,13],[15,3,11,7,6,14,23,19,18,5,13],[19,7,23,11,3,15,6,14,18,13],[15,23,7,6,14,19,3,11,18,5,13],[7,19,3,11,23,15,14,6,18,13],[11,3,15,7,14,6,23,19,18,5,13],[15,19,7,6,14,3,23,11,18,13],[11,15,7,6,14,3,23,19,18,13],[15,7,6,14,3,23,11,19,18,13],[11,15,3,23,19,7,6,14,18,13],[15,7,14,6,3,19,23,11,18,13],[7,11,19,3,15,14,6,23,18,13],[19,3,23,15,11,7,6,14,18,13],[15,7,6,14,3,11,19,23,18,13],[7,11,15,14,6,3,19,23,18,13],[11,7,19,15,14,6,23,3,18,5,13],[3,11,23,19,7,15,14,6,18,13],[3,23,15,7,14,6,11,19,18,13],[19,11,23,15,7,14,6,3,18,5,13],[19,15,11,3,23,7,14,6,18,13],[11,19,7,23,3,15,14,6,18,13],[7,23,3,15,14,6,19,11,18,5,13],[11,7,23,3,15,6,14,19,18,13],[3,19,7,15,14,6,11,23,18,13],[15,7,14,6,3,23,11,19,18,5,13],[23,3,19,7,15,14,6,11,18,5,13],[15,11,23,19,3,7,6,14,18,5,13],[23,15,7,14,6,19,3,11,18,5,13],[11,7,15,6,14,3,23,19,18,5,13],[7,11,19,3,15,14,6,23,18,5,13],[7,11,15,6,14,23,19,3,18,13],[3,11,23,15,19,7,6,14,18,5,13],[11,15,7,14,6,23,19,3,18,5,13],[15,3,19,11,7,6,14,23,18,13],[7,3,11,15,14,6,19,23,18,13],[11,15,7,6,14,3,19,23,18,13],[7,23,19,11,15,6,14,3,18,13],[7,15,14,6,11,23,19,3,18,5,13],[11,15,23,3,7,6,14,19,18,13],[7,23,11,19,3,15,6,14,18,5,13],[15,3,11,19,7,14,6,23,18,13],[7,11,23,15,14,6,19,3,18,13],[3,11,23,19,15,7,14,6,18,13],[11,7,19,23,3,15,14,6,18,5,13],[3,11,15,7,6,14,23,19,18,13],[11,3,19,23,7,15,14,6,18,5,13],[19,23,15,3,11,7,6,14,18,5,13],[15,3,19,11,23,7,14,6,18,5,13],[11,15,19,7,14,6,23,3,18,13],[3,15,7,14,6,19,11,23,18,13],[7,3,19,15,14,6,23,11,18,5,13],[23,3,11,7,15,14,6,19,18,13],[15,7,6,14,23,19,3,11,18,5,13],[15,19,23,11,3,7,6,14,18,13],[23,3,7,11,19,15,6,14,18,5,13],[23,19,3,7,15,14,6,11,18,13],[15,19,23,11,3,7,6,14,18,5,13],[19,15,11,3,7,14,6,23,18,13],[3,11,15,23,7,6,14,19,18,13],[23,11,3,7,15,6,14,19,18,5,13],[11,19,7,15,14,6,3,23,18,13],[11,23,15,19,7,14,6,3,18,5,13],[3,7,11,19,15,6,14,23,18,13],[11,7,15,6,14,3,23,19,18,13],[7,23,11,19,15,14,6,3,18,5,13],[11,7,23,19,3,15,14,6,18,13],[19,7,15,6,14,3,23,11,18,5,13],[11,7,15,6,14,3,23,19,18,13],[3,7,15,14,6,23,11,19,18,13],[11,19,7,23,3,15,14,6,18,5,13],[23,15,7,14,6,11,19,3,18,5,13],[19,15,23,7,14,6,11,3,18,13],[15,3,7,6,14,11,19,23,18,13],[3,7,11,19,23,15,6,14,18,13],[19,11,7,15,6,14,3,23,18,13],[19,11,7,3,15,14,6,23,18,5,13],[23,19,15,7,6,14,3,11,18,13],[15,7,14,6,19,3,11,23,18,5,13],[15,19,11,3,23,7,14,6,18,13],[15,3,11,7,14,6,19,23,18,5,13],[7,11,19,3,23,15,6,14,18,5,13],[7,23,19,11,15,14,6,3,18,5,13],[19,23,11,7,3,15,14,6,18,13],[11,7,23,3,19,15,14,6,18,13],[19,11,15,3,7,14,6,23,18,5,13],[19,23,7,11,15,6,14,3,18,13],[23,7,3,19,15,14,6,11,18,5,13],[23,19,7,11,15,6,14,3,18,5,13],[15,11,7,6,14,23,19,3,18,5,13],[15,23,7,14,6,11,3,19,18,5,13],[7,3,23,19,11,15,14,6,18,13],[7,11,23,19,15,6,14,3,18,5,13],[19,7,15,6,14,3,23,11,18,5,13],[23,19,7,3,15,14,6,11,18,5,13],[23,3,15,19,11,7,6,14,18,13],[3,19,15,23,11,7,6,14,18,5,13],[23,3,19,11,7,15,6,14,18,13],[19,7,23,3,15,14,6,11,18,5,13],[3,19,15,23,7,14,6,11,18,5,13],[15,7,14,6,23,3,11,19,18,13],[7,23,11,15,6,14,3,19,18,13],[15,23,7,14,6,11,3,19,18,5,13],[15,3,19,7,6,14,11,23,18,5,13],[11,23,15,7,6,14,19,3,18,13],[3,11,19,23,15,7,6,14,18,5,13],[15,3,23,19,11,7,14,6,18,13],[23,19,3,7,11,15,6,14,18,13],[23,19,7,15,14,6,3,11,18,13],[3,15,11,23,7,6,14,19,18,13],[23,15,7,6,14,19,3,11,18,13],[3,11,15,19,23,7,14,6,18,5,13],[23,15,7,6,14,11,3,19,18,5,13],[19,15,7,6,14,3,11,23,18,5,13],[15,23,3,7,14,6,11,19,18,13],[7,3,19,15,6,14,23,11,18,5,13],[3,19,15,11,23,7,6,14,18,5,13],[11,7,19,23,3,15,6,14,18,13],[15,3,11,7,14,6,19,23,18,13],[3,15,11,19,23,7,6,14,18,13],[19,11,23,7,15,14,6,3,18,5,13],[7,15,14,6,23,11,3,19,18,13],[3,23,7,15,6,14,19,11,18,13],[23,15,7,6,14,19,11,3,18,5,13],[3,15,19,23,7,6,14,11,18,13],[19,15,11,3,7,14,6,23,18,13],[23,19,15,7,14,6,11,3,18,13],[15,11,19,3,23,7,14,6,18,5,13],[15,7,6,14,19,23,11,3,18,13],[15,23,3,7,14,6,11,19,18,5,13],[15,19,11,3,23,7,14,6,18,13],[19,23,7,11,3,15,6,14,18,5,13],[15,23,19,11,3,7,14,6,18,13],[3,7,15,14,6,19,11,23,18,13],[3,19,15,11,7,14,6,23,18,5,13],[7,15,14,6,23,19,11,3,18,5,13],[23,3,11,19,7,15,14,6,18,5,13],[7,11,19,3,23,15,6,14,18,5,13],[15,19,11,23,7,14,6,3,18,5,13],[23,15,19,7,14,6,11,3,18,5,13],[23,3,19,11,7,15,14,6,18,5,13],[15,7,6,14,3,11,23,19,18,5,13],[11,19,7,15,14,6,3,23,18,13],[19,15,23,3,7,6,14,11,18,5,13],[19,23,15,11,7,14,6,3,18,5,13],[7,15,14,6,23,11,19,3,18,13],[19,3,11,15,23,7,14,6,18,13],[11,15,23,7,6,14,3,19,18,5,13],[11,15,7,6,14,23,19,3,18,13],[19,7,11,23,15,14,6,3,18,13],[19,23,11,3,15,7,14,6,18,13],[11,15,3,19,7,6,14,23,18,13],[19,7,11,3,15,6,14,23,18,5,13],[3,15,7,14,6,19,11,23,18,13],[15,23,3,7,6,14,11,19,18,13],[19,11,3,23,15,7,14,6,18,13],[3,7,19,11,23,15,14,6,18,5,13],[19,23,11,7,3,15,14,6,18,13],[19,23,15,7,14,6,3,11,18,13],[15,19,7,6,14,11,3,23,18,5,13],[3,19,11,15,7,6,14,23,18,5,13],[3,15,23,7,6,14,11,19,18,13],[11,7,23,3,19,15,14,6,18,13],[7,19,3,23,11,15,6,14,18,5,13],[19,23,3,11,7,15,6,14,18,5,13],[23,7,15,6,14,11,19,3,18,5,13],[3,7,15,14,6,23,19,11,18,5,13],[7,23,19,15,14,6,11,3,18,5,13],[3,7,15,14,6,19,23,11,18,13],[7,15,14,6,3,19,23,11,18,5,13],[3,23,15,11,7,14,6,19,18,13],[23,15,7,6,14,3,19,11,18,13],[19,15,3,23,11,7,14,6,18,13],[11,23,3,15,19,7,6,14,18,5,13],[19,11,7,3,15,14,6,23,18,5,13],[23,11,19,15,3,7,6,14,18,13],[11,7,19,15,6,14,23,3,18,5,13],[7,15,6,14,19,11,23,3,18,13],[11,3,7,15,6,14,19,23,18,13],[19,11,15,23,7,14,6,3,18,5,13],[23,3,11,19,7,15,14,6,18,13],[7,23,19,3,11,15,6,14,18,5,13],[23,3,11,7,15,6,14,19,18,13],[23,15,11,19,7,6,14,3,18,13],[19,11,3,7,23,15,6,14,18,5,13],[15,23,19,7,14,6,11,3,18,5,13],[19,23,7,11,15,14,6,3,18,13],[11,3,15,23,19,7,6,14,18,5,13],[23,7,3,15,14,6,19,11,18,13],[15,11,19,3,7,6,14,23,18,13],[11,19,23,7,3,15,6,14,18,13],[19,15,3,23,11,7,6,14,18,5,13],[3,7,23,19,11,15,6,14,18,5,13],[19,15,11,7,6,14,23,3,18,13],[23,19,7,3,15,6,14,11,18,13],[7,15,6,14,3,11,19,23,18,5,13],[11,23,15,19,7,6,14,3,18,13],[19,7,23,11,3,15,14,6,18,5,13],[7,15,6,14,23,3,11,19,18,5,13],[23,7,19,11,15,6,14,3,18,5,13],[3,11,23,15,19,7,6,14,18,5,13],[15,11,3,19,7,14,6,23,18,13],[3,23,15,19,11,7,6,14,18,5,13],[23,11,3,15,19,7,6,14,18,13],[3,7,11,23,15,6,14,19,18,13],[15,11,23,7,14,6,3,19,18,5,13],[15,3,7,14,6,11,23,19,18,5,13],[7,23,15,6,14,19,3,11,18,13],[7,19,11,23,3,15,14,6,18,13],[3,19,11,7,23,15,6,14,18,5,13],[3,11,7,23,19,15,14,6,18,13],[23,11,15,19,3,7,14,6,18,13],[19,23,7,11,15,6,14,3,18,5,13],[23,19,11,15,3,7,14,6,18,5,13],[11,7,23,3,19,15,14,6,18,5,13],[23,3,19,7,11,15,6,14,18,5,13],[3,7,19,23,11,15,6,14,18,13],[19,23,3,7,15,14,6,11,18,5,13],[7,19,15,14,6,3,23,11,18,5,13],[15,11,19,7,14,6,23,3,18,13],[11,19,3,15,23,7,14,6,18,13],[7,19,15,6,14,3,11,23,18,5,13],[23,7,11,19,15,14,6,3,18,13],[3,15,11,7,14,6,23,19,18,13],[11,3,7,23,19,15,14,6,18,13],[11,19,15,7,6,14,3,23,18,5,13],[11,15,23,19,7,14,6,3,18,5,13],[3,7,15,14,6,11,19,23,18,13],[11,23,3,19,15,7,6,14,18,5,13],[19,7,11,15,14,6,23,3,18,13],[11,3,15,23,7,14,6,19,18,5,13],[3,15,23,11,7,6,14,19,18,5,13],[3,19,7,11,15,14,6,23,18,13],[15,23,3,11,19,7,6,14,18,13],[11,15,19,7,6,14,23,3,18,13],[23,11,19,3,7,15,6,14,18,13],[11,15,7,14,6,19,23,3,18,5,13],[23,15,19,11,3,7,14,6,18,5,13],[23,7,19,11,15,14,6,3,18,13],[11,3,7,19,15,6,14,23,18,13],[3,19,11,15,23,7,6,14,18,13],[11,7,3,15,6,14,19,23,18,13],[11,19,23,15,3,7,14,6,18,13],[11,7,23,3,19,15,14,6,18,5,13],[3,15,19,7,6,14,23,11,18,5,13],[15,3,7,6,14,23,19,11,18,13],[3,7,19,11,23,15,6,14,18,5,13],[15,11,7,14,6,23,3,19,18,5,13],[15,23,7,6,14,3,11,19,18,13],[3,7,11,15,6,14,23,19,18,13],[15,23,7,14,6,3,19,11,18,5,13],[7,15,6,14,23,19,3,11,18,5,13],[19,23,11,3,15,7,14,6,18,5,13],[15,11,19,3,23,7,14,6,18,13],[11,7,3,15,6,14,23,19,18,13],[23,3,15,19,11,7,6,14,18,5,13],[11,7,3,23,19,15,6,14,18,5,13],[19,11,15,3,23,7,6,14,18,13],[23,7,19,11,15,14,6,3,18,5,13],[3,23,15,11,7,6,14,19,18,5,13],[15,11,19,23,3,7,6,14,18,13],[7,19,3,11,23,15,14,6,18,5,13],[7,19,15,6,14,3,23,11,18,5,13],[19,23,11,3,15,7,6,14,18,5,13],[11,19,7,15,14,6,23,3,18,5,13],[19,23,3,7,11,15,6,14,18,5,13],[3,7,11,23,19,15,14,6,18,13],[11,3,7,19,15,14,6,23,18,13],[15,11,23,19,7,14,6,3,18,13],[23,11,7,19,15,14,6,3,18,13],[7,23,11,3,19,15,6,14,18,5,13],[19,3,23,11,7,15,6,14,18,5,13],[3,23,15,11,7,14,6,19,18,13],[11,3,23,15,19,7,6,14,18,13],[11,3,7,23,19,15,6,14,18,13],[15,7,14,6,3,19,11,23,18,5,13],[19,11,3,7,15,14,6,23,18,13],[19,11,23,7,3,15,6,14,18,5,13],[19,11,3,23,7,15,14,6,18,13],[11,3,15,23,19,7,6,14,18,13],[7,3,23,15,14,6,19,11,18,13],[3,7,11,15,14,6,19,23,18,5,13],[15,3,23,19,7,6,14,11,18,5,13],[15,7,14,6,19,3,11,23,18,13],[11,19,3,7,23,15,14,6,18,13],[3,15,7,6,14,11,23,19,18,13],[15,19,23,7,6,14,3,11,18,13],[7,3,11,23,15,14,6,19,18,5,13],[7,15,14,6,11,19,3,23,18,13],[15,7,6,14,19,3,23,11,18,13],[15,3,19,23,7,6,14,11,18,13],[19,3,23,15,7,6,14,11,18,13],[11,7,3,15,14,6,23,19,18,13],[23,7,11,3,15,14,6,19,18,5,13],[11,7,15,6,14,19,23,3,18,5,13],[7,3,23,15,14,6,11,19,18,13],[11,7,15,6,14,3,23,19,18,13],[19,15,3,23,7,14,6,11,18,13],[3,19,23,15,11,7,14,6,18,13],[7,11,15,6,14,19,23,3,18,13],[23,11,19,7,3,15,14,6,18,5,13],[23,3,7,15,14,6,11,19,18,5,13],[7,11,3,23,19,15,14,6,18,5,13],[15,19,7,14,6,11,23,3,18,13],[23,7,15,6,14,11,19,3,18,5,13],[23,11,19,3,7,15,6,14,18,13],[11,7,19,23,3,15,14,6,18,5,13],[7,3,11,19,23,15,6,14,18,13],[11,3,7,15,14,6,23,19,18,5,13],[11,3,23,15,19,7,6,14,18,13],[11,23,15,7,14,6,3,19,18,5,13],[11,19,15,23,3,7,6,14,18,13],[19,3,15,7,14,6,23,11,18,5,13],[3,15,7,14,6,11,19,23,18,5,13],[23,19,3,7,11,15,6,14,18,13],[15,23,11,3,19,7,6,14,18,13],[23,15,3,11,19,7,14,6,18,13],[19,7,15,14,6,3,23,11,18,5,13],[7,19,3,15,14,6,23,11,18,5,13],[15,19,3,7,14,6,11,23,18,5,13],[3,7,11,19,23,15,6,14,18,5,13],[15,7,6,14,3,11,23,19,18,13],[23,3,19,7,15,14,6,11,18,13],[7,23,15,14,6,19,11,3,18,13],[3,19,15,11,23,7,14,6,18,13],[23,7,3,15,14,6,19,11,18,13],[7,15,14,6,3,19,23,11,18,5,13],[11,19,7,23,15,6,14,3,18,5,13],[7,15,6,14,19,11,23,3,18,5,13],[15,11,23,7,14,6,19,3,18,13],[7,23,15,6,14,19,3,11,18,5,13],[19,15,7,14,6,23,11,3,18,5,13],[15,11,23,3,19,7,6,14,18,5,13],[19,11,23,3,15,7,14,6,18,5,13],[3,23,7,19,15,14,6,11,18,5,13],[23,7,3,19,11,15,14,6,18,13],[15,19,11,23,7,14,6,3,18,5,13],[11,3,15,23,7,6,14,19,18,5,13],[15,19,7,14,6,3,11,23,18,13],[11,15,3,23,7,6,14,19,18,13],[15,11,19,23,7,14,6,3,18,13],[7,11,19,23,3,15,6,14,18,13],[3,15,23,11,7,6,14,19,18,5,13],[7,23,11,3,19,15,14,6,18,5,13],[3,15,23,19,11,7,14,6,18,13],[11,15,19,7,14,6,3,23,18,13],[19,11,7,3,23,15,6,14,18,13],[3,23,15,11,7,6,14,19,18,5,13],[23,7,3,19,11,15,14,6,18,5,13],[7,23,3,19,15,6,14,11,18,5,13],[7,19,23,3,11,15,14,6,18,13],[7,3,11,15,6,14,19,23,18,13],[15,7,6,14,3,23,11,19,18,5,13],[11,19,7,15,6,14,23,3,18,13],[3,23,19,11,15,7,14,6,18,13],[11,7,15,14,6,3,23,19,18,13],[7,19,11,3,23,15,6,14,18,5,13],[19,11,3,15,23,7,14,6,18,5,13],[11,19,23,7,15,14,6,3,18,13],[3,23,7,19,11,15,14,6,18,13],[11,7,3,19,15,14,6,23,18,13],[11,23,7,15,6,14,3,19,18,5,13],[3,23,15,11,19,7,6,14,18,13],[15,7,14,6,19,11,3,23,18,13],[19,11,3,7,15,6,14,23,18,13],[11,23,15,3,7,6,14,19,18,13],[19,7,11,3,23,15,14,6,18,5,13],[7,11,15,6,14,19,23,3,18,13],[11,23,19,3,7,15,14,6,18,13],[23,15,3,11,7,14,6,19,18,13],[7,3,11,23,15,14,6,19,18,13],[19,3,15,23,7,6,14,11,18,13],[19,15,7,14,6,23,3,11,18,13],[23,11,7,19,15,14,6,3,18,5,13],[11,19,23,3,15,7,14,6,18,13],[11,3,19,23,15,7,14,6,18,13],[7,15,14,6,23,3,11,19,18,5,13],[15,19,3,11,7,14,6,23,18,5,13],[19,15,23,7,6,14,3,11,18,13],[23,15,19,11,3,7,14,6,18,13],[19,23,7,3,11,15,14,6,18,13],[7,3,11,15,6,14,19,23,18,5,13],[19,3,23,15,11,7,14,6,18,13],[7,23,15,14,6,19,3,11,18,5,13],[23,19,15,11,3,7,14,6,18,5,13],[7,23,11,15,14,6,19,3,18,13],[7,19,15,6,14,3,11,23,18,13],[11,15,3,7,14,6,23,19,18,13],[11,7,15,6,14,19,3,23,18,13],[23,19,11,7,3,15,14,6,18,13],[3,11,15,23,19,7,14,6,18,13],[15,11,7,14,6,3,23,19,18,13],[15,23,11,3,19,7,14,6,18,13],[15,19,23,3,11,7,6,14,18,5,13],[3,15,11,23,7,14,6,19,18,13],[11,3,15,19,7,6,14,23,18,13],[23,19,7,11,3,15,6,14,18,13],[11,15,23,3,19,7,14,6,18,5,13],[3,23,15,7,14,6,11,19,18,5,13],[3,15,11,7,6,14,23,19,18,13],[23,19,15,11,3,7,6,14,18,5,13],[19,3,11,7,15,6,14,23,18,5,13],[7,11,15,6,14,3,23,19,18,5,13],[23,19,15,11,7,6,14,3,18,13],[11,19,3,15,7,14,6,23,18,5,13],[3,23,15,19,11,7,6,14,18,5,13],[3,23,7,19,15,6,14,11,18,13],[23,7,19,3,15,6,14,11,18,13],[7,3,23,11,19,15,6,14,18,5,13],[19,11,7,3,15,14,6,23,18,13],[3,15,7,14,6,19,23,11,18,13],[7,15,6,14,3,19,23,11,18,5,13],[11,19,15,3,7,14,6,23,18,13],[15,11,19,3,23,7,6,14,18,13],[7,23,19,15,6,14,3,11,18,13],[3,19,23,7,11,15,14,6,18,13],[23,3,15,19,7,14,6,11,18,13],[15,7,14,6,19,23,3,11,18,13],[15,11,3,7,14,6,19,23,18,13],[23,15,7,6,14,3,19,11,18,5,13],[23,7,19,3,15,14,6,11,18,13],[11,7,19,23,15,6,14,3,18,5,13],[7,11,23,15,14,6,3,19,18,13],[23,3,11,7,15,6,14,19,18,5,13],[15,3,11,7,14,6,19,23,18,13],[23,11,3,19,15,7,14,6,18,5,13],[23,19,7,15,14,6,11,3,18,5,13],[23,19,7,3,11,15,14,6,18,13],[23,15,7,6,14,11,3,19,18,5,13],[15,11,19,7,14,6,3,23,18,5,13],[7,15,6,14,23,11,19,3,18,13],[19,15,23,3,11,7,14,6,18,5,13],[23,19,7,15,14,6,11,3,18,13],[19,3,23,15,11,7,14,6,18,13],[7,19,11,15,14,6,23,3,18,13],[15,3,7,14,6,11,23,19,18,13],[7,23,11,15,14,6,19,3,18,5,13],[19,11,23,3,7,15,14,6,18,5,13],[11,7,23,15,14,6,19,3,18,13],[11,15,23,19,3,7,6,14,18,13],[3,15,11,23,7,6,14,19,18,13],[19,7,11,15,6,14,23,3,18,5,13],[7,3,15,6,14,23,19,11,18,5,13],[3,15,19,7,14,6,23,11,18,13],[23,3,19,11,15,7,6,14,18,13],[7,11,23,3,15,14,6,19,18,13],[15,3,19,7,14,6,23,11,18,5,13],[23,3,19,7,11,15,6,14,18,5,13],[19,15,7,6,14,23,3,11,18,13],[19,11,23,3,7,15,14,6,18,13],[15,3,23,19,7,6,14,11,18,5,13],[7,19,23,3,15,6,14,11,18,13],[23,15,7,6,14,3,11,19,18,13],[19,11,15,23,7,14,6,3,18,13],[11,3,19,23,15,7,6,14,18,5,13],[7,23,15,6,14,3,19,11,18,13],[23,7,15,14,6,3,11,19,18,5,13],[19,11,15,7,6,14,3,23,18,5,13],[11,19,3,23,15,7,6,14,18,5,13]],"n_human":13}