{"problem_id":"1P45agFlkVMltfu","sigma":150,"alpha":0.316,"cost":1,"probabilities":"[0.13, 0.01, 0.47, 0.39]","payoff_matrix":"[[39, -234, 0, -169, -114, 44], [-212, 418, 12, 73, 76, 281], [-101, -66, -98, -72, 32, 270], [94, 291, -366, 58, -85, 163]]","uncovered":[[3,11,23,19,15,7,20,24],[7,23,19,11,15,3,20,24],[3,19,11,23,15,7,24],[3,7,23,15,11,19,20,24],[3,15,23,7,11,19,20,24],[19,3,7,15,11,23,24],[7,19,3,15,11,23,20,24],[7,19,23,3,15,11,20,24],[15,23,19,7,3,11,20,24],[15,23,19,3,7,11,24],[7,3,15,19,23,11,20,24],[3,11,15,23,19,7,24],[3,15,11,19,23,7,24],[19,15,3,23,7,11,20,24],[3,11,15,7,23,19,24],[19,11,7,15,3,23,24],[3,19,11,15,7,23,24],[19,15,23,3,7,11,20,24],[15,23,19,3,7,11,20,24],[23,15,7,11,19,3,24],[15,7,11,3,23,19,20,24],[7,11,15,23,3,19,24],[15,11,19,7,3,23,24],[7,15,23,19,3,11,24],[19,15,23,11,3,7,24],[3,23,7,19,15,11,24],[3,7,15,23,11,19,24],[3,11,23,7,15,19,24],[11,23,19,15,7,3,24],[3,23,15,19,7,11,20,22,24],[7,19,15,23,11,3,24],[7,11,23,19,15,3,24],[11,19,23,3,15,7,20,24],[7,19,15,3,11,23,24],[19,11,23,3,7,15,24],[23,7,3,11,15,19,20,22,24],[15,19,3,23,11,7,20,24],[15,23,11,19,3,7,20,24],[11,19,23,3,7,15,20,24],[3,19,11,23,7,15,24],[3,7,19,23,11,15,24],[11,7,3,19,23,15,24],[3,11,19,15,7,23,24],[7,23,15,19,11,3,20,24],[11,19,7,23,15,3,20,21],[11,19,15,7,3,23,24],[7,11,19,3,15,23,20,24],[11,23,7,19,15,3,20,24],[23,11,7,3,19,15,20,24],[11,23,19,7,15,3,20,24],[19,23,15,11,3,7,24],[15,3,7,11,19,23,20,24],[11,23,19,7,15,3,24],[15,19,7,3,11,23,24],[11,19,3,7,23,15,20,22,24],[23,3,11,15,7,19,20,24],[23,3,15,7,11,19,24],[15,7,19,11,3,23,20,24],[23,3,7,19,15,11,20,24],[19,15,23,3,7,11,20,8,24],[19,15,3,11,7,23,24],[11,19,23,7,15,3,20,24],[15,3,19,23,7,11,20,21],[3,11,7,19,15,23,20,24],[15,3,23,7,19,11,20,24],[3,23,11,19,15,7,24],[15,3,11,19,23,7,24],[11,15,7,19,23,3,24],[19,11,23,3,15,7,20,22,21],[19,15,7,23,11,3,24],[11,23,15,19,7,3,24],[11,3,7,19,23,15,24],[11,7,15,19,3,23,24],[11,15,19,7,3,23,20,22,24],[11,7,19,23,3,15,24],[3,7,23,19,11,15,24],[3,19,7,15,23,11,20,24],[23,7,19,15,11,3,20,24],[23,11,7,15,19,3,24],[15,7,19,23,3,11,20,24],[11,15,3,7,19,23,20,24],[15,23,7,3,19,11,20,24],[19,7,23,3,11,15,20,24],[11,15,19,3,7,23,24],[19,23,7,3,15,11,24],[7,15,3,23,19,11,24],[15,19,23,3,11,7,20,24],[23,19,7,3,11,15,20,24],[23,15,11,3,19,7,20,24],[7,19,15,23,11,3,24],[3,7,11,15,23,19,20,24],[23,7,19,3,11,15,20,24],[3,11,7,19,23,15,24],[3,19,7,11,15,23,24],[23,11,15,19,7,3,24],[3,7,19,11,15,23,20,24],[19,15,11,3,7,23,20,24],[19,7,15,3,23,11,24],[3,15,11,19,7,23,24],[23,19,3,7,11,15,24],[11,3,7,19,15,23,24],[11,19,7,3,23,15,20,24],[23,19,7,15,11,3,20,24],[11,7,15,23,19,3,24],[11,7,23,19,3,15,20,13,24],[19,3,11,7,23,15,24],[23,15,11,19,3,7,24],[19,7,23,11,3,15,24],[11,23,15,3,19,7,24],[3,15,23,7,19,11,20,24],[19,7,11,3,15,23,20,21],[15,11,7,19,23,3,20,24],[11,3,15,7,19,23,20,24],[19,23,15,7,3,11,24],[7,23,19,15,3,11,20,24],[19,15,3,11,7,23,24],[7,23,19,15,11,3,20,24],[15,3,23,11,7,19,20,21],[15,19,7,11,3,23,20,24],[19,23,15,7,11,3,24],[23,15,7,11,19,3,24],[23,3,11,7,19,15,24],[3,15,7,11,23,19,24],[3,11,23,7,15,19,20,22,24],[3,19,11,23,7,15,20,24],[11,15,23,3,7,19,20,24],[23,11,19,7,15,3,20,24],[15,11,19,3,7,23,20,21],[19,7,15,23,3,11,20,22,21],[23,3,7,19,11,15,20,24],[19,11,7,3,23,15,20,24],[11,19,15,3,23,7,24],[15,3,23,11,19,7,20,24],[3,19,7,15,11,23,20,24],[3,7,23,15,11,19,20,24],[19,7,15,23,11,3,24],[3,19,11,7,15,23,24],[23,19,15,3,11,7,20,24],[19,7,3,11,23,15,24],[23,3,15,11,7,19,24],[7,3,23,11,15,19,24],[19,7,23,15,3,11,24],[23,11,7,19,3,15,24],[11,23,15,7,19,3,24],[7,11,3,19,23,15,20,24],[19,7,23,3,11,15,24],[19,3,11,15,23,7,20,22,24],[3,19,23,11,15,7,20,24],[15,3,19,23,11,7,20,24],[7,11,19,15,23,3,20,21],[11,19,7,3,23,15,24],[19,11,15,7,23,3,24],[19,11,23,3,15,7,20,24],[3,11,15,19,23,7,24],[15,7,11,23,3,19,20,24],[15,11,7,3,19,23,20,24],[23,15,19,11,7,3,24],[23,11,7,15,3,19,20,24],[11,3,19,7,23,15,24],[7,23,19,3,15,11,24],[11,15,23,7,19,3,20,24],[7,15,11,19,23,3,20,22,21],[23,3,15,19,11,7,20,24],[15,19,23,3,11,7,24],[15,7,3,11,23,19,24],[15,19,11,7,23,3,20,24],[11,7,15,23,19,3,20,24],[11,19,7,23,15,3,24],[15,23,3,11,7,19,24],[19,11,3,7,15,23,20,24],[11,7,15,3,23,19,20,24],[7,11,19,15,3,23,20,24],[19,11,15,3,7,23,20,24],[3,7,19,11,15,23,20,24],[19,23,7,11,3,15,20,24],[23,19,3,15,7,11,24],[19,3,11,23,7,15,20,24],[7,19,23,3,11,15,20,22,24],[7,3,19,23,11,15,24],[11,23,7,3,15,19,24],[23,19,3,15,7,11,20,24],[11,3,7,15,23,19,20,24],[11,3,23,15,7,19,24],[19,11,7,23,3,15,20,24],[7,15,11,23,19,3,20,24],[19,11,3,23,15,7,20,24],[23,7,15,3,11,19,24],[3,7,23,15,19,11,20,24],[23,19,3,15,11,7,24],[23,15,3,19,7,11,24],[15,7,3,23,11,19,24],[15,23,3,7,19,11,24],[7,3,19,11,23,15,20,24],[3,7,15,19,23,11,20,24],[3,15,7,11,23,19,20,24],[11,19,7,23,15,3,24],[15,23,11,19,7,3,24],[23,7,15,19,3,11,24],[11,15,23,7,19,3,20,24],[15,11,19,23,7,3,24],[3,11,7,15,23,19,24],[15,7,19,3,23,11,24],[23,19,11,7,3,15,24],[7,3,11,23,19,15,20,24],[11,23,3,19,15,7,24],[23,15,11,3,7,19,24],[11,7,3,15,23,19,24],[11,19,3,15,23,7,24],[7,11,23,19,3,15,20,8,24],[15,7,11,23,3,19,24],[7,3,11,23,19,15,24],[15,11,19,3,23,7,24],[15,11,7,19,23,3,24],[23,11,3,7,19,15,20,24],[7,3,23,15,11,19,24],[23,15,11,19,3,7,24],[3,7,19,23,11,15,20,24],[3,15,7,23,11,19,20,24],[11,19,15,23,7,3,24],[3,23,19,7,15,11,20,24],[3,23,11,15,7,19,24],[23,15,3,7,11,19,20,24],[11,7,15,23,19,3,20,24],[15,19,3,7,11,23,24],[19,7,15,23,3,11,24],[23,15,3,7,19,11,24],[3,15,19,11,7,23,24],[15,11,3,19,7,23,20,24],[15,11,23,19,7,3,24],[15,7,23,3,19,11,20,24],[7,11,19,15,3,23,24],[19,15,7,3,11,23,24],[19,15,3,23,11,7,20,24],[11,23,15,19,3,7,24],[7,23,15,11,3,19,24],[23,3,19,7,15,11,20,24],[11,19,7,23,3,15,24],[7,15,11,19,3,23,20,24],[19,23,15,7,3,11,20,24],[3,23,15,19,7,11,24],[15,7,23,3,11,19,20,24],[23,19,15,3,11,7,24],[23,11,7,3,15,19,20,24],[19,11,7,15,3,23,24],[3,11,19,15,7,23,20,24],[19,7,11,3,15,23,20,24],[19,11,7,3,15,23,20,24],[3,11,19,23,15,7,24],[11,15,23,7,19,3,24],[11,7,19,23,3,15,24],[15,23,11,3,7,19,24],[19,23,7,15,11,3,20,24],[15,23,19,11,3,7,24],[23,11,19,3,15,7,20,24],[15,7,3,23,19,11,20,24],[15,19,7,23,11,3,24],[11,7,19,15,23,3,20,21],[23,19,3,11,7,15,24],[7,11,19,15,3,23,24],[11,23,7,3,19,15,24],[3,15,11,23,19,7,24],[11,23,15,19,3,7,24],[3,7,15,19,23,11,24],[3,11,23,15,7,19,20,22,24],[23,3,15,19,7,11,24],[3,19,7,23,11,15,24],[11,7,3,19,15,23,20,24],[7,3,15,19,11,23,20,24],[7,3,15,11,19,23,20,24],[19,11,15,23,7,3,20,24],[3,7,19,11,23,15,24],[7,11,3,19,15,23,20,24],[11,23,3,15,19,7,24],[15,19,3,11,7,23,20,24],[7,3,11,23,15,19,24],[15,11,7,3,19,23,24],[3,11,15,19,7,23,20,24],[15,23,7,11,3,19,24],[19,15,7,3,23,11,24],[19,3,11,7,15,23,20,24],[15,3,23,19,11,7,20,24],[3,15,11,23,19,7,20,24],[23,11,15,3,19,7,20,24],[3,11,23,19,7,15,24],[3,23,11,7,19,15,24],[19,23,3,15,7,11,24],[3,11,7,23,19,15,24],[3,7,11,15,23,19,20,24],[19,23,15,3,11,7,20,22,24],[19,15,11,7,3,23,24],[23,19,7,11,15,3,20,24],[11,3,15,23,19,7,20,24],[23,3,19,15,7,11,20,24],[15,3,19,11,23,7,20,24],[15,7,19,23,3,11,20,14,24],[19,3,11,23,7,15,20,24],[19,11,3,15,23,7,24],[19,7,11,3,15,23,24],[7,19,11,3,23,15,20,24],[15,11,19,23,3,7,24],[19,23,11,7,15,3,20,21],[7,15,3,11,23,19,20,24],[23,19,15,7,11,3,24],[15,23,7,3,11,19,20,24],[7,19,15,3,11,23,24],[23,15,11,7,3,19,20,24],[3,15,7,11,23,19,20,24],[7,15,3,19,23,11,20,24],[7,19,3,23,11,15,20,24],[23,15,19,7,3,11,24],[19,15,3,11,23,7,24],[3,7,19,23,15,11,20,24],[15,23,11,7,19,3,20,24],[23,3,15,19,7,11,20,24],[11,7,23,3,19,15,20,24],[15,3,19,7,11,23,24],[15,7,19,11,3,23,20,24],[23,7,19,15,11,3,20,24],[7,23,15,19,3,11,20,24],[15,3,19,11,7,23,24],[23,15,7,11,3,19,24],[23,7,11,15,3,19,24],[15,11,23,19,3,7,20,24],[15,19,3,7,23,11,20,24],[3,23,15,19,11,7,24],[23,19,7,3,15,11,20,21],[19,3,11,7,23,15,24],[11,19,3,7,23,15,24],[23,7,11,15,3,19,20,24],[3,11,23,7,19,15,20,24],[3,11,23,19,7,15,24],[11,3,7,15,23,19,20,24],[7,15,11,3,23,19,24],[15,3,11,7,23,19,20,24],[3,7,15,11,23,19,20,24],[19,15,7,3,23,11,20,21],[3,19,15,23,7,11,20,24],[19,7,11,15,23,3,20,24],[19,11,23,15,3,7,20,21],[15,7,3,11,23,19,24],[23,11,3,15,19,7,20,24],[23,19,3,7,11,15,24],[7,11,3,23,19,15,20,24],[23,7,15,3,11,19,24],[23,7,15,11,3,19,20,22,24],[15,11,23,19,3,7,20,24],[3,15,23,19,7,11,24],[15,19,3,11,23,7,20,24],[7,3,11,15,23,19,24],[15,19,23,3,11,7,20,24],[7,15,23,3,11,19,20,24],[23,15,3,11,19,7,24],[11,23,19,3,15,7,24],[19,7,15,11,23,3,24],[15,11,3,7,23,19,20,24],[15,7,3,23,11,19,20,24],[3,23,11,19,7,15,24],[19,11,3,7,23,15,20,24],[23,15,7,3,19,11,20,24],[3,15,23,19,7,11,24],[3,7,11,23,19,15,20,10,24],[15,19,3,11,23,7,24],[23,7,15,3,19,11,20,24],[19,23,7,15,11,3,20,22,24],[19,7,11,3,15,23,24],[15,11,3,19,7,23,20,24],[7,23,15,19,11,3,24],[7,3,11,15,23,19,20,24],[11,15,7,19,23,3,24],[7,15,23,19,3,11,24],[15,7,3,19,11,23,20,24],[11,3,7,15,19,23,20,21],[11,15,7,3,23,19,24],[3,11,23,19,7,15,20,24],[15,19,23,7,11,3,24],[19,7,3,15,11,23,20,24],[15,19,23,11,3,7,24],[3,11,7,23,19,15,24],[11,23,19,3,7,15,24],[7,19,3,15,23,11,20,24],[11,23,3,7,19,15,20,24],[3,11,7,15,23,19,20,24],[19,15,3,11,23,7,20,24],[7,3,19,23,11,15,20,24],[19,15,11,7,23,3,20,24],[19,11,3,23,7,15,20,24],[11,15,19,7,3,23,20,21],[3,15,11,7,19,23,20,24],[11,23,7,15,3,19,20,24],[3,23,7,11,19,15,24],[11,23,19,15,7,3,20,24],[23,3,19,7,15,11,20,24],[23,15,11,3,19,7,24],[23,11,15,3,19,7,20,24],[19,7,3,11,15,23,24],[23,11,3,7,15,19,24],[11,19,7,15,3,23,24],[7,19,3,11,23,15,20,24],[11,15,19,7,3,23,20,24],[3,11,23,7,19,15,20,24],[11,7,15,3,19,23,20,24],[23,3,11,15,7,19,20,24],[15,7,11,23,3,19,20,24],[15,3,23,7,19,11,24],[15,7,11,19,23,3,20,24],[15,11,19,23,3,7,24],[19,7,3,15,11,23,24],[15,7,3,23,19,11,20,24],[11,7,19,15,3,23,24],[7,19,3,23,11,15,24],[7,15,23,19,3,11,24],[15,19,23,11,3,7,24],[19,7,15,11,3,23,24],[23,19,7,15,3,11,20,24],[11,19,23,3,7,15,20,22,24],[19,3,23,11,15,7,24],[19,3,15,7,11,23,20,24],[19,23,11,3,7,15,24],[19,23,11,15,7,3,20,24],[11,7,3,23,15,19,20,24],[23,19,3,7,11,15,20,22,24],[23,15,3,7,19,11,24],[11,23,3,19,15,7,24],[15,23,3,19,11,7,20,6,24],[19,15,3,11,23,7,24],[23,15,11,3,19,7,20,24],[3,15,23,19,7,11,24],[23,19,3,15,11,7,24],[19,15,11,3,23,7,20,24],[7,23,19,11,3,15,24],[3,7,23,11,19,15,20,24],[23,19,15,7,11,3,24],[11,15,3,23,19,7,20,21],[7,3,23,11,19,15,24],[23,3,19,11,15,7,24],[23,7,19,11,15,3,20,24],[23,3,11,7,19,15,20,24],[3,11,15,23,19,7,20,24],[23,15,3,7,19,11,20,24],[7,15,3,23,19,11,24],[23,15,19,3,11,7,24],[7,15,19,11,23,3,24],[19,15,3,23,11,7,24],[3,15,11,19,7,23,20,24],[7,19,23,11,15,3,20,24],[11,19,7,3,23,15,24],[3,19,7,15,23,11,24],[19,23,7,3,15,11,20,24],[11,19,7,3,15,23,24],[15,19,3,7,23,11,24],[19,3,15,11,7,23,20,24],[3,15,7,23,19,11,24],[7,3,11,15,23,19,24],[11,15,7,23,3,19,24],[19,7,3,23,15,11,24],[19,11,3,15,23,7,20,24],[15,23,19,3,7,11,24],[7,3,23,11,19,15,20,24],[15,7,23,3,11,19,20,24],[19,3,7,23,15,11,20,24],[23,7,11,15,3,19,24],[19,7,15,3,23,11,24],[11,3,15,23,7,19,20,24],[19,23,3,15,11,7,20,24],[15,7,19,23,11,3,20,21],[11,15,3,19,7,23,24],[11,19,23,7,3,15,20,24],[3,7,11,23,15,19,20,21],[11,7,23,15,19,3,20,24],[7,19,11,23,15,3,20,24],[7,19,11,15,3,23,20,24],[11,19,7,23,3,15,20,21],[15,19,23,3,11,7,24],[7,3,11,15,23,19,20,24],[3,15,23,7,19,11,24],[23,19,3,7,15,11,20,24],[3,23,11,7,19,15,24],[15,3,7,19,23,11,24],[15,11,23,19,7,3,24],[3,11,23,15,19,7,20,24],[15,23,11,3,19,7,24],[23,19,7,15,11,3,24],[3,19,23,7,15,11,20,24],[15,23,3,19,11,7,24],[15,7,11,19,23,3,24],[3,7,15,19,23,11,24],[3,7,11,23,15,19,24],[15,7,3,23,19,11,24],[11,15,23,7,3,19,20,24],[3,11,7,23,15,19,24],[19,11,23,15,7,3,24],[11,7,19,3,23,15,24],[23,19,15,7,11,3,20,24],[3,7,11,19,23,15,20,24],[19,3,23,15,11,7,20,24],[7,23,3,15,19,11,20,24],[11,19,15,23,3,7,24],[11,19,23,7,15,3,20,22,24],[23,11,15,3,19,7,20,24],[19,11,15,23,3,7,24],[11,23,3,7,15,19,20,24],[11,15,3,23,7,19,24],[7,15,3,23,19,11,24],[19,3,23,7,15,11,20,24],[7,15,19,11,3,23,24],[11,19,3,15,7,23,24],[11,15,19,3,23,7,24],[19,23,11,3,7,15,24],[11,19,7,23,15,3,20,24],[11,7,19,15,23,3,20,16,24],[7,19,3,23,11,15,20,24],[3,23,19,7,11,15,24],[7,23,15,19,3,11,24],[23,7,19,3,11,15,20,24],[19,3,23,15,11,7,24],[19,7,23,15,11,3,20,24],[3,19,23,15,7,11,20,24],[15,11,19,3,23,7,24],[23,7,19,11,3,15,24],[15,23,3,19,11,7,20,24],[19,3,23,7,15,11,20,24],[23,7,15,11,19,3,24],[15,19,11,23,3,7,20,24],[15,19,23,3,11,7,24],[19,23,3,11,7,15,24],[23,3,11,19,7,15,24],[23,11,15,3,7,19,20,24],[19,7,23,15,3,11,24],[19,15,3,7,23,11,20,24],[19,15,23,11,7,3,24],[11,7,15,23,3,19,24],[23,3,19,7,11,15,24],[19,11,7,23,15,3,24],[3,19,7,11,15,23,24],[15,23,11,3,7,19,24],[7,3,23,19,15,11,24],[7,23,15,3,11,19,24],[19,7,3,15,11,23,24],[11,23,3,15,7,19,24],[11,15,23,7,3,19,24],[15,11,3,23,7,19,20,24],[15,3,19,7,23,11,24],[11,19,3,7,23,15,24],[7,19,11,3,23,15,24],[7,11,19,15,3,23,20,21],[23,19,11,15,7,3,20,24],[23,7,3,11,15,19,20,24],[15,3,19,7,23,11,20,24],[15,19,7,11,23,3,24],[19,23,15,11,3,7,20,24],[15,3,19,7,11,23,24],[3,15,19,7,11,23,24],[15,11,23,7,3,19,20,24],[3,23,7,11,15,19,20,24],[15,19,3,11,7,23,20,8,24],[15,11,3,7,23,19,24],[15,11,7,19,23,3,20,21],[7,11,3,15,23,19,20,24],[15,7,11,3,23,19,24],[3,7,15,23,11,19,24],[19,7,3,15,23,11,20,24],[11,7,15,3,19,23,20,24],[15,3,19,23,7,11,20,24],[15,3,23,7,11,19,24],[15,11,23,19,7,3,20,24],[3,23,11,15,7,19,20,24],[23,11,3,15,19,7,20,24],[23,11,15,7,19,3,20,24],[19,15,3,7,23,11,24],[15,23,11,19,7,3,20,24],[15,7,19,3,11,23,24],[7,23,3,11,15,19,24],[7,15,11,23,3,19,20,24],[3,23,19,7,15,11,20,21],[19,23,15,3,7,11,20,24],[7,15,11,23,3,19,24],[11,3,23,15,7,19,24],[15,3,19,23,11,7,24],[11,7,3,19,23,15,24],[19,23,11,3,7,15,24],[11,23,15,7,3,19,20,24],[11,23,15,19,7,3,20,24],[7,15,11,19,3,23,24],[23,7,15,11,19,3,24],[3,7,23,15,19,11,24],[3,15,23,19,11,7,24],[19,3,7,15,11,23,20,24],[19,11,23,3,15,7,24],[23,3,7,19,11,15,20,24],[15,3,11,7,23,19,24],[7,19,3,23,15,11,24],[3,23,11,15,7,19,20,24],[15,7,11,23,19,3,20,24],[23,19,11,15,7,3,24],[19,15,3,11,23,7,20,21],[15,11,19,3,23,7,20,24],[3,11,19,15,7,23,20,24],[3,15,7,19,23,11,24],[19,23,15,7,11,3,24],[7,19,11,15,23,3,24],[7,3,19,23,11,15,20,24],[23,11,15,7,19,3,20,24],[3,11,23,19,7,15,24],[23,11,19,15,7,3,24],[3,23,19,7,15,11,20,24],[7,19,15,3,11,23,20,21],[15,7,11,3,23,19,20,24],[23,15,19,11,3,7,24],[23,7,11,3,19,15,20,24],[3,19,11,23,15,7,24],[15,19,23,11,7,3,24],[3,11,15,23,7,19,20,21],[11,7,3,19,15,23,20,24],[7,3,15,19,23,11,24],[7,23,19,15,3,11,20,24],[15,11,7,3,23,19,24],[7,19,11,23,15,3,20,24],[11,23,3,7,19,15,24],[23,11,15,3,7,19,20,24],[3,7,19,15,11,23,24],[19,3,7,23,11,15,20,24],[11,19,7,15,23,3,24],[11,7,23,3,15,19,24],[23,7,15,19,3,11,20,24],[7,3,23,19,11,15,20,24],[7,11,3,23,15,19,24],[23,19,11,3,7,15,24],[23,3,15,7,11,19,24],[7,11,19,15,23,3,24],[19,7,11,23,3,15,20,24],[3,19,15,7,11,23,20,21],[11,15,7,19,23,3,20,24],[3,19,7,15,11,23,24],[15,7,19,11,23,3,20,24],[7,11,23,3,15,19,20,24],[23,7,19,11,15,3,20,24],[23,15,3,7,11,19,20,24],[3,23,19,11,7,15,24],[19,7,11,23,3,15,20,24],[15,23,7,11,3,19,24],[3,23,7,15,11,19,20,24],[23,15,7,19,11,3,24],[7,3,19,11,15,23,20,24],[23,3,7,19,11,15,24],[3,11,23,15,7,19,20,24],[7,15,11,3,23,19,24],[3,23,19,15,11,7,24],[3,15,7,23,11,19,24],[15,11,19,3,23,7,24],[15,19,3,23,11,7,20,24],[7,19,23,15,11,3,20,24],[7,15,19,11,3,23,24],[23,11,3,19,15,7,20,22,24],[3,7,19,15,23,11,24],[11,15,3,19,23,7,24],[7,15,23,3,11,19,20,24],[3,11,7,23,19,15,20,21],[23,15,19,11,3,7,20,24],[11,15,7,23,19,3,20,24],[23,11,7,3,15,19,20,22,24],[11,3,7,23,15,19,24],[11,19,15,23,3,7,24],[23,15,7,3,19,11,24],[3,23,19,11,15,7,24],[11,7,3,15,19,23,24],[3,23,15,19,11,7,24],[15,3,7,11,23,19,24],[19,15,3,11,7,23,24],[23,7,19,3,15,11,24],[15,23,3,11,19,7,20,24],[7,23,11,15,3,19,24],[3,23,11,15,19,7,24],[11,3,15,19,7,23,24],[11,3,23,15,19,7,20,24],[19,3,15,7,11,23,24],[11,7,3,15,19,23,20,24],[23,11,7,19,15,3,20,24],[19,11,7,23,3,15,20,24],[15,11,3,19,7,23,20,24],[7,11,3,23,19,15,24],[11,23,3,7,15,19,24],[3,7,19,15,23,11,24],[23,7,11,15,19,3,20,24],[23,11,3,7,19,15,24],[15,7,3,11,19,23,20,21],[19,11,7,3,23,15,20,24],[11,7,19,3,15,23,20,24],[3,7,23,15,19,11,24],[7,11,23,19,15,3,20,24],[23,15,19,3,7,11,20,24],[19,23,3,11,7,15,20,24],[3,15,19,23,7,11,24],[3,7,19,15,11,23,24],[23,3,11,7,15,19,24],[15,3,7,19,23,11,24],[7,11,19,15,3,23,20,24],[23,11,7,3,15,19,20,24],[3,7,11,15,23,19,24],[15,11,19,3,23,7,20,24],[3,11,7,19,23,15,24],[7,23,11,15,19,3,20,24],[11,3,7,23,19,15,20,24],[15,19,11,23,3,7,24],[19,7,11,3,15,23,20,24],[7,3,19,23,11,15,20,24],[15,7,19,3,11,23,20,24],[15,11,23,3,19,7,24],[3,19,7,15,11,23,20,24],[11,3,23,7,15,19,20,24],[3,15,23,7,11,19,20,24],[3,19,15,7,23,11,20,24],[23,7,15,3,19,11,24],[23,11,7,3,19,15,24],[15,7,23,19,3,11,20,24],[23,3,19,7,15,11,20,24],[3,19,7,11,23,15,20,24],[11,23,15,3,19,7,24],[7,3,11,23,15,19,24],[3,23,7,11,19,15,24],[19,7,23,11,3,15,20,24],[19,15,23,11,3,7,20,24],[7,15,19,3,11,23,24],[11,23,15,3,19,7,20,22,24],[23,19,11,15,3,7,20,24],[15,19,23,7,3,11,24],[23,19,7,11,15,3,20,24],[23,7,15,3,19,11,20,22,24],[3,23,7,19,11,15,20,24],[15,19,3,11,7,23,20,24],[19,11,7,23,15,3,20,24],[19,3,11,23,7,15,20,24],[11,3,15,7,23,19,24],[7,3,11,19,15,23,24],[7,11,15,19,3,23,24],[23,3,15,11,7,19,24],[15,7,23,3,19,11,20,24],[3,15,7,19,11,23,24],[15,7,19,23,11,3,20,22,24],[3,11,23,15,7,19,24],[7,15,23,19,11,3,20,24],[19,3,7,15,23,11,24],[7,19,11,3,23,15,20,24],[23,3,15,19,7,11,20,24],[3,11,7,19,23,15,24],[3,19,7,11,23,15,20,24],[19,11,3,15,23,7,20,24],[11,15,19,7,23,3,24],[11,15,7,3,23,19,24],[19,15,11,3,23,7,24],[3,23,7,15,11,19,20,24],[7,11,3,15,19,23,20,24],[19,7,3,11,15,23,24],[19,15,23,7,3,11,20,24],[3,23,19,11,15,7,20,21],[19,15,11,23,3,7,20,24],[11,15,3,23,7,19,20,22,24],[7,11,15,3,19,23,20,24],[23,7,19,15,11,3,20,24],[15,23,3,7,11,19,24],[19,15,11,3,23,7,20,24],[23,15,11,3,19,7,24],[3,11,23,7,15,19,24],[15,23,11,19,7,3,24],[7,11,23,15,3,19,20,21],[11,15,23,19,7,3,20,24],[19,11,15,7,23,3,20,24],[7,15,3,19,11,23,20,24],[23,3,15,11,19,7,24],[7,19,3,11,23,15,24],[7,3,23,11,15,19,20,24],[3,23,11,7,19,15,20,24],[3,19,7,15,23,11,24],[3,23,7,11,19,15,20,21],[15,19,7,23,3,11,24],[7,23,3,19,15,11,20,24],[7,23,11,15,19,3,24],[23,19,7,11,3,15,20,22,24],[11,3,7,23,15,19,24],[23,15,11,3,19,7,24],[23,15,19,11,7,3,20,24],[7,15,19,3,23,11,24],[19,11,3,7,15,23,20,24],[15,23,19,3,7,11,20,24],[15,23,3,19,11,7,20,24],[23,11,3,7,19,15,20,24],[11,7,15,3,19,23,20,24],[11,19,15,3,7,23,20,24],[15,7,3,11,23,19,24],[3,15,7,11,23,19,24],[11,7,15,19,3,23,20,24],[15,3,7,11,19,23,24],[19,3,11,23,7,15,20,24],[15,19,23,11,3,7,20,24],[15,3,19,23,11,7,20,21],[3,19,7,11,15,23,20,21],[19,3,15,11,23,7,24],[7,3,15,19,11,23,24],[15,19,23,3,7,11,24],[7,15,11,23,19,3,20,24],[7,11,23,15,19,3,20,22,24],[15,7,3,23,19,11,20,21],[11,7,23,19,15,3,20,22,24],[3,7,11,19,23,15,20,24],[3,15,23,11,19,7,20,24],[7,11,15,3,23,19,24],[23,7,11,15,19,3,24],[7,3,23,19,11,15,20,24],[23,11,3,7,15,19,24],[11,7,15,3,19,23,24],[7,11,19,3,23,15,24],[7,23,15,19,11,3,20,24],[3,11,23,19,15,7,20,24],[23,7,19,11,15,3,24],[3,11,23,19,7,15,20,24],[3,11,7,15,23,19,24],[23,3,7,15,11,19,20,24],[19,15,11,7,23,3,20,16,24],[23,7,15,3,11,19,24],[15,3,19,11,7,23,24],[15,3,11,23,7,19,20,24],[7,19,3,15,23,11,24],[7,3,11,15,19,23,24],[19,7,15,3,11,23,20,24],[3,7,19,23,11,15,20,24],[3,7,11,19,15,23,24],[11,15,23,7,3,19,20,24],[7,19,23,3,15,11,20,24],[15,3,23,19,7,11,20,24],[23,11,19,7,3,15,20,24],[23,3,7,19,11,15,24],[7,11,19,15,3,23,20,24],[23,11,19,7,15,3,24],[15,7,19,23,3,11,20,14,24],[3,23,11,19,15,7,20,24],[7,19,23,15,3,11,24],[11,19,3,15,7,23,24],[19,11,3,7,23,15,24],[19,7,23,3,11,15,20,21],[7,3,11,23,15,19,24],[3,11,15,19,7,23,24],[11,15,3,23,19,7,20,21],[3,7,11,15,23,19,24],[19,7,11,15,23,3,20,24],[7,3,15,11,23,19,20,24],[7,19,23,3,15,11,24],[11,7,19,15,23,3,24],[7,3,11,15,19,23,20,24],[23,15,3,19,7,11,20,24],[15,11,23,19,7,3,24],[15,3,19,7,23,11,24],[3,15,11,7,23,19,20,21],[23,15,19,11,7,3,20,24],[3,15,7,19,11,23,20,21],[23,7,15,11,19,3,24],[3,7,19,23,15,11,20,24],[7,3,11,23,19,15,20,24],[15,3,7,19,11,23,20,24],[11,23,15,3,19,7,24],[7,3,11,19,15,23,24],[3,7,19,15,11,23,24],[19,23,15,11,3,7,24],[11,19,15,23,7,3,20,21],[15,3,23,11,7,19,24],[15,3,23,7,19,11,24],[11,7,15,3,23,19,20,22,24],[7,11,23,3,19,15,20,24],[11,15,19,3,7,23,20,24],[15,3,11,19,7,23,24],[11,23,19,3,15,7,20,24],[7,3,23,19,11,15,24],[7,19,11,15,3,23,24],[7,11,3,23,19,15,20,24],[23,11,15,19,7,3,20,24],[23,19,3,11,15,7,24],[19,15,11,7,3,23,20,24],[19,15,3,11,23,7,20,24],[23,15,11,3,19,7,20,24],[15,23,19,3,7,11,20,24],[3,19,23,15,7,11,20,24],[11,19,23,3,15,7,24],[15,11,23,3,19,7,24],[15,11,19,3,7,23,24],[23,15,7,3,19,11,24],[19,15,7,11,3,23,20,24],[7,15,11,19,3,23,24],[7,19,23,15,11,3,24],[3,11,19,23,7,15,24],[7,19,15,3,11,23,20,24],[19,23,11,7,15,3,24],[15,23,19,7,11,3,20,24],[15,3,11,7,23,19,24],[15,23,7,19,3,11,20,24],[15,23,19,7,11,3,24],[19,3,23,11,15,7,24],[15,11,7,23,19,3,20,24],[15,11,3,19,23,7,24],[23,19,3,11,7,15,24],[11,15,19,7,3,23,20,24],[15,19,23,11,3,7,20,24],[7,23,19,11,3,15,24],[23,7,11,3,15,19,24],[11,19,15,7,23,3,24],[15,19,11,23,3,7,24],[23,15,19,7,11,3,24],[3,15,23,7,11,19,24],[3,11,15,23,7,19,24],[23,15,7,19,11,3,24],[15,11,19,23,7,3,24],[15,23,7,19,11,3,20,24],[19,11,23,3,15,7,24],[19,11,15,23,7,3,20,21],[23,15,11,19,7,3,20,24],[7,15,3,19,23,11,20,24],[15,19,3,23,11,7,20,24],[23,7,15,11,3,19,24],[7,3,23,19,11,15,20,24],[23,7,19,15,11,3,24],[11,19,15,3,7,23,24],[19,15,23,7,11,3,20,22,24],[11,19,15,7,3,23,24],[19,15,3,7,11,23,24],[3,7,11,19,23,15,24],[19,11,15,7,3,23,20,24],[23,15,11,3,19,7,20,24],[19,11,23,15,3,7,24],[11,3,23,19,7,15,20,24],[19,23,11,7,3,15,24],[19,15,23,11,7,3,24],[19,7,11,3,23,15,24],[15,11,23,3,7,19,20,21],[19,3,11,15,23,7,24],[15,7,11,3,19,23,20,24],[23,11,7,15,3,19,24],[15,7,3,19,11,23,20,24],[11,19,23,15,7,3,20,24],[3,11,15,19,23,7,20,24],[19,7,15,23,11,3,20,24],[19,7,3,11,23,15,20,21],[11,15,19,3,23,7,24],[19,15,11,7,23,3,20,24],[11,15,7,3,23,19,24],[15,3,19,11,23,7,24],[19,7,11,23,3,15,20,24],[15,19,23,7,3,11,24],[19,3,23,7,11,15,24],[15,7,3,19,11,23,20,22,24],[3,11,19,23,7,15,24],[15,3,7,11,19,23,20,24],[15,11,23,19,3,7,20,24],[3,15,7,19,11,23,24],[3,7,19,11,15,23,24],[15,3,7,23,11,19,24],[7,15,3,23,11,19,24],[19,3,11,15,23,7,24],[3,19,23,11,7,15,24],[3,23,11,7,19,15,20,24],[15,19,23,3,11,7,20,21],[19,11,3,7,15,23,20,21],[7,19,11,3,15,23,24],[3,23,15,11,19,7,20,24],[15,19,23,7,3,11,24],[19,7,3,11,15,23,24],[11,19,15,23,7,3,20,24],[11,23,19,7,15,3,24],[23,15,19,3,11,7,20,24],[23,3,11,7,15,19,24],[11,19,7,15,23,3,24],[19,3,11,15,7,23,20,24],[15,7,3,23,11,19,24],[15,11,3,23,7,19,24],[11,23,7,15,3,19,20,21],[11,15,23,19,7,3,24],[3,15,11,19,23,7,20,24],[19,11,23,7,3,15,24],[23,19,11,7,3,15,24],[3,7,15,11,23,19,24],[11,15,7,3,19,23,24],[19,15,7,11,3,23,20,24],[11,19,23,15,3,7,20,24],[11,15,23,7,3,19,20,24],[3,23,11,19,7,15,20,24],[15,19,11,3,23,7,20,24],[19,23,11,3,15,7,20,24],[7,15,23,19,11,3,24],[15,11,23,3,19,7,24],[11,15,19,7,3,23,24],[23,7,3,11,15,19,24],[11,7,19,3,23,15,24],[7,15,11,23,3,19,24],[11,23,19,7,3,15,20,24],[3,11,23,19,15,7,20,24],[11,19,15,23,3,7,20,24],[15,19,11,3,23,7,24],[19,7,3,23,15,11,24],[15,23,7,19,11,3,20,24],[23,7,3,11,15,19,24],[19,15,7,23,3,11,24],[11,23,19,7,15,3,24],[19,15,23,3,11,7,24],[7,3,15,11,19,23,20,24]],"n_human":12}