{"problem_id":"2PbgkckFhW5eW5w","sigma":150,"alpha":0.316,"cost":1,"probabilities":"[0.17, 0.4, 0.03, 0.4]","payoff_matrix":"[[132, -6, -193, -113, 96, 304], [153, 91, -39, -289, 95, 77], [-84, -90, -161, 250, -107, 130], [-162, -70, -13, -2, 36, 8]]","uncovered":[[12,2,6,4,24,20,16,8,18,22,14,10,17,21],[12,16,2,8,20,24,18,4,22,14,10,17,6,21],[2,10,24,16,18,4,8,22,20,14,12,17,6,21],[8,22,4,16,18,24,20,12,14,10,21,17,6],[2,10,18,20,4,22,24,8,16,14,12,17,6,21],[24,16,12,20,8,2,4,22,18,14,10,17,6,21],[2,16,18,4,22,24,20,12,6,8,14,10,21,17],[24,12,2,6,4,18,20,8,14,22,10,21,17],[18,2,20,4,16,10,8,24,22,14,12,17,6,21],[20,2,8,22,24,4,12,16,18,14,10,17,6,21],[18,22,20,24,4,10,6,8,16,14,12,17,21],[18,22,24,20,2,4,6,8,12,16,14,10,21,17],[4,6,14,22,24,8,18,20,12,10,21,17],[8,18,16,24,2,4,12,20,22,14,10,17,6,21],[8,14,10,18,24,4,20,22,12,17,6,21],[8,10,18,14,22,20,24,4,12,21,17,6],[16,8,24,12,20,2,18,4,22,14,10,21,17],[24,10,2,6,4,16,18,20,8,22,14,12,21,17],[14,10,4,8,20,24,22,18,12,17,6,21],[22,16,10,20,2,4,8,24,18,14,12,17,6,21],[4,12,8,24,20,14,22,18,10,21,17,6],[14,18,8,12,2,4,22,24,20,10,17,6,21],[20,8,10,2,24,16,18,4,22,14,12,21,17],[24,8,16,4,18,10,20,22,14,12,21,17,6],[24,12,16,20,8,4,22,18,14,10,21,17,6],[4,6,16,24,20,12,18,8,22,14,10,21,17],[18,6,20,8,12,2,4,22,24,16,14,10,21,17],[16,12,6,18,20,8,22,24,2,4,14,10,21,17],[18,24,14,10,6,8,4,20,22,12,21,17],[24,18,10,8,2,4,14,22,20,12,21,17,6],[18,24,8,2,20,4,16,10,22,14,12,17,6,21],[14,24,6,12,20,4,18,8,22,10,21,17],[4,6,22,24,8,14,10,18,20,12,17,21],[18,16,6,20,8,10,2,4,22,24,14,12,17,21],[2,8,10,20,22,24,4,16,18,14,12,21,17],[22,2,24,4,6,8,18,20,12,14,10,21,17],[16,8,12,22,2,4,18,24,20,14,10,17,6,21],[14,18,6,20,8,4,24,12,22,10,21,17],[18,14,8,24,12,2,4,22,20,10,17,6,21],[6,2,8,16,20,24,10,18,4,22,14,12,21,17],[20,14,8,2,24,12,18,4,22,10,17,6,21],[10,8,22,20,2,24,4,14,18,12,17,6,21],[6,10,4,18,20,8,24,16,22,14,12,21,17],[8,2,20,12,14,24,4,22,18,10,21,17,6],[20,12,24,4,16,6,18,8,22,14,10,21,17],[20,2,6,8,12,14,24,4,18,22,10,21,17],[22,4,20,14,12,6,24,8,18,10,21,17],[2,18,4,22,20,24,16,8,12,14,10,21,17],[16,8,2,24,12,18,4,22,20,14,10,17,6,21],[14,12,20,22,2,24,4,6,8,18,10,17,21],[10,8,20,22,2,4,16,24,18,14,12,21,17,6],[6,24,18,20,8,4,14,10,22,12,17,21],[12,2,22,24,4,16,6,8,18,20,14,10,17,21],[18,14,22,24,20,2,4,6,8,12,10,21,17],[18,10,22,24,20,6,8,16,4,14,12,21,17],[8,12,18,16,4,24,22,20,14,10,17,6,21],[12,22,16,6,24,8,4,18,20,14,10,17,21],[16,2,10,22,24,4,8,20,18,14,12,21,17,6],[14,4,12,6,24,20,18,8,22,10,21,17],[18,2,20,4,8,10,22,24,16,14,12,17,6,21],[8,2,18,4,22,24,20,16,10,14,12,21,17,6],[20,2,22,24,4,10,16,6,8,18,14,12,21,17],[2,24,14,6,4,18,8,12,20,22,10,17,21],[10,18,6,20,8,4,14,22,24,12,17,21],[8,20,4,14,22,12,24,18,10,21,17,6],[12,6,4,24,14,18,8,20,22,10,21,17],[12,22,2,24,4,6,8,20,16,18,14,10,17,21],[18,22,24,20,6,8,4,12,14,10,21,17],[10,14,6,20,2,4,22,24,8,18,12,17,21],[18,8,12,4,22,20,24,16,14,10,21,17,6],[10,24,20,16,6,2,4,18,8,22,14,12,21,17],[24,16,12,8,4,18,20,22,14,10,17,6,21],[8,20,14,2,24,10,4,22,18,12,17,6,21],[24,10,4,14,6,20,18,8,22,12,21,17],[10,18,2,20,4,24,6,8,16,22,14,12,17,21],[16,10,18,8,2,4,24,20,22,14,12,21,17,6],[16,6,10,2,4,18,20,8,22,24,14,12,17,21],[4,8,10,22,18,20,24,14,12,17,6,21],[8,10,22,14,20,4,18,24,12,17,6,21],[6,4,20,16,10,24,8,18,22,14,12,17,21],[22,14,8,2,24,4,10,20,18,12,21,17,6],[4,16,12,18,6,20,8,24,22,14,10,21,17],[24,18,16,12,4,6,20,8,22,14,10,17,21],[20,24,8,10,14,2,18,4,22,12,21,17,6],[22,2,24,4,18,20,10,6,8,14,12,21,17],[12,22,20,2,4,8,14,24,18,10,21,17,6],[12,8,14,22,4,18,24,20,10,17,6,21],[6,22,24,8,2,4,18,20,12,16,14,10,21,17],[16,10,8,18,2,4,22,24,20,14,12,17,6,21],[4,22,10,8,18,20,24,14,12,21,17,6],[14,22,18,20,24,6,8,12,2,4,10,17,21],[6,24,10,2,8,18,20,4,16,22,14,12,21,17],[12,6,18,20,8,22,24,16,4,14,10,17,21],[2,6,4,10,14,22,8,18,24,20,12,17,21],[22,12,18,24,20,16,8,2,4,14,10,17,6,21],[10,8,4,18,16,22,20,24,14,12,21,17,6],[6,10,16,20,4,24,8,18,22,14,12,21,17],[18,12,14,6,20,8,24,2,4,22,10,21,17],[18,6,20,8,16,10,22,24,4,14,12,21,17],[18,2,4,22,20,24,14,10,8,12,17,6,21],[14,20,22,4,10,8,24,18,12,17,6,21],[24,8,12,14,20,4,22,18,10,17,6,21],[8,22,18,24,20,14,10,2,4,12,21,17,6],[14,2,18,4,8,24,12,22,20,10,21,17,6],[10,14,22,6,24,8,2,4,20,18,12,21,17],[10,6,16,2,8,22,24,4,18,20,14,12,17,21],[24,4,18,12,16,8,22,20,14,10,21,17,6],[12,18,2,4,14,24,6,20,8,22,10,21,17],[20,6,14,22,8,4,10,24,18,12,21,17],[20,24,12,6,16,2,8,4,18,22,14,10,17,21],[10,16,20,22,6,8,4,24,18,14,12,17,21],[18,4,12,22,24,20,16,8,14,10,21,17,6],[20,6,14,4,12,22,24,8,18,10,21,17],[20,12,6,4,16,22,8,18,24,14,10,21,17],[18,16,22,24,20,6,8,10,4,14,12,21,17],[6,4,18,20,8,14,10,22,24,12,21,17],[12,24,16,2,20,8,4,22,18,14,10,17,6,21],[14,6,18,20,8,4,24,10,22,12,21,17],[6,16,10,2,8,22,4,20,18,24,14,12,21,17],[22,8,20,16,12,4,24,18,14,10,17,6,21],[12,4,16,20,22,8,18,24,14,10,21,17,6],[18,16,2,20,4,12,6,8,24,22,14,10,17,21],[14,18,10,6,20,8,2,4,24,22,12,21,17],[22,12,16,18,24,20,4,6,8,14,10,21,17],[16,6,24,10,18,20,8,4,22,14,12,17,21],[8,22,18,24,20,12,2,4,14,10,21,17,6],[2,10,8,16,24,18,20,4,22,14,12,21,17,6],[18,22,20,24,14,6,8,4,10,12,17,21],[10,20,24,4,16,8,18,22,14,12,17,6,21],[8,12,2,22,24,4,14,18,20,10,17,6,21],[4,16,12,6,24,20,8,18,22,14,10,17,21],[8,4,22,14,12,18,24,20,10,17,6,21],[16,22,10,4,18,20,24,8,14,12,21,17,6],[10,20,4,16,24,8,18,22,14,12,17,6,21],[20,8,16,24,2,12,18,4,22,14,10,17,6,21],[16,6,18,20,8,4,24,10,22,14,12,17,21],[20,2,8,22,24,4,16,10,18,14,12,17,6,21],[16,4,18,24,12,8,22,20,14,10,17,6,21],[24,8,10,2,14,20,4,18,22,12,17,6,21],[18,24,12,4,14,6,8,20,22,10,17,21],[2,6,8,12,18,4,22,24,20,16,14,10,21,17],[20,8,22,14,4,12,24,18,10,21,17,6],[6,18,20,8,12,22,24,4,16,14,10,21,17],[8,10,4,24,14,18,20,22,12,17,6,21],[2,16,8,20,22,4,10,18,24,14,12,17,6,21],[10,20,16,6,22,8,2,4,18,24,14,12,17,21],[4,6,22,24,8,10,18,20,14,12,21,17],[24,12,20,4,14,6,8,18,22,10,17,21],[14,6,24,10,2,8,18,20,4,22,12,17,21],[22,2,4,10,16,8,18,20,24,14,12,17,6,21],[8,10,2,24,14,20,18,4,22,12,21,17,6],[20,22,6,24,8,14,12,2,4,18,10,21,17],[20,24,12,4,6,16,8,18,22,14,10,21,17],[16,2,12,20,22,4,8,18,24,14,10,21,17,6],[6,16,2,8,18,4,24,10,20,22,14,12,17,21],[18,6,20,8,4,12,22,24,14,10,17,21],[6,4,10,22,8,16,18,24,20,14,12,21,17],[12,6,16,4,22,24,8,18,20,14,10,21,17],[2,14,22,4,20,6,8,12,18,24,10,21,17],[22,14,12,8,18,20,24,4,10,17,6,21],[22,2,24,4,8,14,12,18,20,10,17,6,21],[22,14,2,24,4,10,8,20,18,12,17,6,21],[22,2,24,4,8,12,20,14,18,10,21,17,6],[18,2,4,22,24,20,12,16,6,8,14,10,17,21],[8,10,4,24,20,16,22,18,14,12,21,17,6],[20,8,14,4,24,12,18,22,10,21,17,6],[14,24,12,18,8,4,22,20,10,21,17,6],[6,14,24,10,2,4,18,20,8,22,12,21,17],[8,4,14,18,10,24,20,22,12,21,17,6],[16,10,18,24,8,2,4,22,20,14,12,21,17],[10,24,16,20,4,6,8,18,22,14,12,21,17],[2,8,18,4,10,16,22,24,20,14,12,21,17,6],[14,20,2,6,8,10,22,24,4,18,12,17,21],[24,4,8,20,14,12,22,18,10,17,6,21],[2,8,18,20,4,24,14,10,22,12,21,17,6],[2,10,24,20,6,8,14,18,4,22,12,21,17],[8,22,10,4,16,20,18,24,14,12,17,6,21],[2,18,20,4,6,8,24,14,12,22,10,17,21],[18,16,22,24,20,10,4,8,14,12,21,17,6],[10,16,20,2,8,22,24,4,18,14,12,17,6,21],[2,20,16,8,10,22,4,24,18,14,12,17,6,21],[14,4,24,20,12,6,8,18,22,10,17,21],[22,18,24,20,16,6,8,4,10,14,12,17,21],[4,10,6,20,22,24,8,16,18,14,12,17,21],[8,24,16,10,18,2,20,4,22,14,12,21,17,6],[14,12,22,2,4,18,24,20,8,10,17,6,21],[12,8,14,18,4,22,20,24,10,17,6,21],[4,14,20,8,22,10,18,24,12,21,17,6],[22,20,12,16,6,24,8,2,4,18,14,10,21,17],[12,2,24,14,8,20,18,4,22,10,17,6,21],[16,20,12,6,2,8,22,4,24,18,14,10,17,21],[20,2,8,16,24,12,4,22,18,14,10,17,6,21],[18,12,16,24,6,20,8,4,22,14,10,21,17],[2,6,4,22,24,8,18,20,14,12,10,17,21],[18,2,4,14,8,12,24,20,22,10,17,6,21],[24,10,18,6,20,8,4,16,22,14,12,17,21],[16,8,10,22,18,24,20,2,4,14,12,17,6,21],[8,12,24,2,14,20,18,4,22,10,17,6,21],[20,2,14,6,4,12,22,24,8,18,10,21,17],[2,10,6,4,22,24,8,18,20,14,12,17,21],[20,4,6,10,14,24,8,18,22,12,17,21],[16,24,12,6,4,20,18,8,22,14,10,17,21],[2,18,20,4,10,14,24,8,22,12,21,17],[18,8,4,24,10,14,20,22,12,21,17,6],[10,20,6,24,2,8,14,18,4,22,12,21,17],[24,18,10,16,6,20,8,4,22,14,12,21,17],[22,4,12,18,20,24,6,8,16,14,10,21,17],[22,14,18,20,24,8,4,10,12,21,17,6],[16,10,22,20,8,4,24,18,14,12,17,6,21],[2,24,14,8,12,18,4,22,20,10,21,17,6],[12,14,8,18,2,4,24,22,20,10,21,17,6],[16,20,22,12,4,6,24,8,18,14,10,21,17],[6,4,12,22,8,18,20,24,16,14,10,21,17],[24,18,6,8,4,16,12,20,22,14,10,17,21],[2,10,14,22,24,4,20,6,8,18,12,21,17],[24,16,8,20,10,4,18,22,14,12,17,6,21],[10,24,2,8,20,16,18,4,22,14,12,17,6,21],[20,14,12,8,22,4,18,24,10,17,6,21],[6,2,8,12,16,18,20,4,22,24,14,10,21,17],[4,6,12,18,20,8,14,22,24,10,17,21],[10,22,8,4,16,20,24,18,14,12,21,17,6],[20,14,12,6,4,24,18,8,22,10,21,17],[8,22,14,20,4,12,18,24,10,17,6,21],[20,12,2,8,14,22,24,4,18,10,21,17,6],[2,10,20,24,6,8,14,4,18,22,12,21,17],[12,4,22,18,24,20,6,8,16,14,10,21,17],[18,8,16,22,24,20,2,4,12,14,10,21,17,6],[14,10,2,22,4,8,18,24,20,12,21,17,6],[16,6,10,18,8,24,2,20,4,22,14,12,21,17],[14,4,18,10,6,8,22,24,20,12,17,21],[24,12,8,20,14,4,18,22,10,17,6,21],[4,8,20,24,14,12,18,22,10,21,17,6],[4,14,10,24,20,6,8,18,22,12,17,21],[2,8,22,24,4,16,18,20,10,14,12,21,17,6],[14,6,4,10,22,24,8,20,18,12,21,17],[14,2,18,20,4,12,24,8,22,10,21,17],[22,6,8,12,4,14,18,24,20,10,21,17],[16,12,18,8,22,20,24,2,4,14,10,21,17,6],[2,10,24,18,4,8,14,22,20,12,21,17,6],[14,4,6,20,10,22,8,18,24,12,17,21],[8,14,18,22,24,20,12,2,4,10,21,17,6],[16,12,6,22,8,4,18,24,20,14,10,17,21],[6,22,8,16,20,10,4,18,24,14,12,17,21],[20,22,4,6,8,14,12,18,24,10,17,21],[18,24,2,4,8,10,14,22,20,12,17,6,21],[18,12,4,6,20,8,24,16,22,14,10,21,17],[10,20,24,16,2,8,18,4,22,14,12,17,6,21],[12,14,18,24,4,6,20,8,22,10,21,17],[10,8,16,2,24,20,18,4,22,14,12,21,17,6],[14,8,18,10,22,24,20,4,12,21,17,6],[10,24,6,2,8,20,16,4,18,22,14,12,17,21],[16,24,8,12,2,20,18,4,22,14,10,21,17,6],[10,24,8,14,20,2,18,4,22,12,21,17,6],[12,4,20,22,6,8,14,18,24,10,21,17],[14,18,8,12,4,22,24,20,10,17,6,21],[12,4,16,24,6,20,18,8,22,14,10,17,21],[22,20,6,24,8,4,16,12,18,14,10,17,21],[22,10,20,4,14,8,24,18,12,21,17,6],[4,16,6,12,18,20,8,22,24,14,10,17,21],[6,20,4,14,24,12,8,18,22,10,21,17],[18,24,12,8,2,4,16,22,20,14,10,17,6,21],[14,24,18,4,8,12,20,22,10,17,6,21],[20,14,12,22,4,8,18,24,10,17,6,21],[4,14,22,12,8,20,18,24,10,21,17,6],[20,8,22,14,10,4,18,24,12,21,17,6],[18,10,16,2,20,4,8,22,24,14,12,21,17,6],[10,18,4,6,8,14,24,20,22,12,17,21],[14,2,20,24,6,8,10,4,18,22,12,17,21],[10,18,24,8,16,2,20,4,22,14,12,17,6,21],[8,12,20,16,24,4,22,18,14,10,21,17,6],[24,16,8,18,12,2,20,4,22,14,10,21,17,6],[6,2,4,22,24,8,16,20,12,18,14,10,17,21],[22,18,24,20,14,8,10,4,12,21,17,6],[4,16,18,8,24,10,22,20,14,12,21,17,6],[6,20,12,24,2,8,16,4,18,22,14,10,21,17],[22,10,6,8,2,24,4,16,18,20,14,12,17,21],[12,8,14,20,22,4,18,24,10,21,17,6],[20,16,4,12,22,8,24,18,14,10,21,17,6],[10,20,24,8,4,16,18,22,14,12,21,17,6],[12,14,2,24,6,8,18,20,4,22,10,21,17],[2,8,18,20,4,22,24,16,10,14,12,21,17,6],[16,2,10,20,8,22,24,4,18,14,12,21,17],[10,20,22,8,4,16,24,18,14,12,17,6,21],[10,14,6,18,20,8,22,24,4,12,17,21],[8,16,20,22,10,4,24,18,14,12,17,6,21],[14,18,4,22,20,24,12,8,10,17,6,21],[10,20,24,2,8,16,18,4,22,14,12,17,6,21],[20,10,16,22,4,6,24,8,18,14,12,17,21],[6,12,2,4,16,22,24,8,20,18,14,10,21,17],[24,6,12,16,20,4,18,8,22,14,10,17,21],[8,20,16,22,10,4,24,18,14,12,21,17,6],[16,12,2,6,4,18,8,24,20,22,14,10,17,21],[6,12,16,24,2,4,20,8,18,22,14,10,17,21],[16,12,8,2,24,18,4,20,22,14,10,21,17],[8,10,14,4,18,24,22,20,12,17,6,21],[10,4,22,6,24,8,20,14,18,12,21,17],[14,4,6,22,8,20,12,24,18,10,17,21],[8,22,18,20,24,2,4,12,16,14,10,17,6,21],[22,16,8,18,20,24,4,12,14,10,17,6,21],[16,8,20,2,24,12,4,22,18,14,10,21,17,6],[18,24,6,20,8,4,10,16,22,14,12,21,17],[6,16,24,2,4,10,18,20,8,22,14,12,17,21],[16,8,24,20,2,10,4,22,18,14,12,21,17,6],[24,16,20,2,6,4,12,18,8,22,14,10,17,21],[18,16,2,20,4,24,10,8,22,14,12,17,6,21],[8,20,10,2,24,14,18,4,22,12,21,17,6],[12,2,14,18,4,6,20,8,24,22,10,17,21],[16,12,6,24,18,20,8,2,4,22,14,10,17,21],[20,6,4,10,16,24,18,8,22,14,12,17,21],[18,12,22,24,20,16,4,8,14,10,17,6,21],[24,6,14,18,8,2,4,12,20,22,10,17,21],[20,12,8,4,22,16,18,24,14,10,21,17,6],[12,14,24,18,2,4,6,20,8,22,10,21,17],[4,8,18,12,24,16,22,20,14,10,21,17,6],[20,2,10,6,4,22,8,14,18,24,12,21,17],[8,12,18,14,2,4,22,20,24,10,17,6,21],[18,22,24,20,8,10,4,16,14,12,17,6,21],[2,12,20,6,4,14,22,8,18,24,10,17,21],[24,14,4,6,20,12,8,18,22,10,17,21],[18,14,12,4,24,8,22,20,10,21,17,6],[14,18,6,8,4,10,24,20,22,12,17,21],[6,20,16,2,4,22,8,12,18,24,14,10,17,21],[24,12,16,20,8,4,22,18,14,10,21,17,6],[24,20,14,12,4,6,18,8,22,10,17,21],[6,20,2,4,24,10,16,8,18,22,14,12,17,21],[4,18,12,6,8,14,22,24,20,10,17,21],[20,6,4,10,16,22,24,8,18,14,12,21,17],[22,18,24,20,14,6,8,4,10,12,17,21],[20,16,10,8,24,4,22,18,14,12,17,6,21],[18,24,16,6,8,4,12,20,22,14,10,17,21],[14,24,10,8,18,4,22,20,12,21,17,6],[12,18,8,22,20,24,16,4,14,10,17,6,21],[14,12,2,22,4,20,8,24,18,10,17,6,21],[14,6,20,2,8,22,24,4,10,18,12,21,17],[14,2,20,6,8,24,10,4,18,22,12,17,21],[22,20,16,12,6,24,8,2,4,18,14,10,17,21],[14,4,20,6,10,22,24,8,18,12,17,21],[24,2,8,12,18,20,4,16,22,14,10,21,17,6],[10,24,18,4,16,6,8,20,22,14,12,17,21],[24,20,10,2,8,14,18,4,22,12,17,6,21],[24,10,14,8,20,4,18,22,12,21,17,6],[24,12,2,6,4,14,20,18,8,22,10,17,21],[12,6,16,24,18,8,2,20,4,22,14,10,17,21],[18,2,20,4,12,16,8,22,24,14,10,17,6,21],[14,12,20,8,24,4,18,22,10,21,17,6],[16,10,2,24,8,18,4,22,20,14,12,17,6,21],[16,6,12,24,2,4,20,18,8,22,14,10,21,17],[12,6,20,22,8,16,2,24,4,18,14,10,17,21],[6,12,20,14,4,22,24,8,18,10,21,17],[12,24,18,4,8,16,20,22,14,10,21,17,6],[22,2,4,20,16,12,6,24,8,18,14,10,21,17],[14,22,18,24,20,6,8,12,2,4,10,17,21],[16,10,4,18,8,24,22,20,14,12,17,6,21],[12,4,8,24,18,16,20,22,14,10,17,6,21],[4,8,12,24,18,16,22,20,14,10,21,17,6],[20,10,8,2,16,24,4,22,18,14,12,17,6,21],[2,24,12,14,18,4,6,8,20,22,10,17,21],[6,18,20,8,14,2,4,24,12,22,10,21,17],[12,16,4,24,8,20,18,22,14,10,21,17,6],[4,22,18,20,24,14,8,12,10,21,17,6],[20,14,24,2,10,6,8,18,4,22,12,17,21],[6,2,8,12,14,20,22,24,4,18,10,17,21],[8,18,14,4,10,22,20,24,12,17,6,21],[6,24,2,4,18,8,10,14,20,22,12,21,17],[12,2,16,18,20,4,22,24,6,8,14,10,21,17],[24,8,4,20,16,10,22,18,14,12,17,6,21],[24,12,8,14,20,2,4,22,18,10,17,6,21],[2,8,12,14,24,18,20,4,22,10,21,17,6],[18,24,2,20,4,6,8,10,14,22,12,17,21],[6,2,8,20,14,22,4,10,24,18,12,17,21],[4,16,20,6,24,12,18,8,22,14,10,17,21],[16,6,12,20,22,8,2,4,24,18,14,10,21,17],[18,14,8,2,20,4,22,24,10,12,17,6,21],[20,4,10,22,6,24,8,14,18,12,17,21],[22,4,18,24,20,12,16,8,14,10,21,17,6],[22,16,20,8,12,4,18,24,14,10,21,17,6],[24,20,8,12,4,14,22,18,10,17,6,21],[20,16,2,8,12,22,24,4,18,14,10,17,6,21],[18,24,4,16,8,10,20,22,14,12,21,17,6],[14,4,18,6,8,12,24,20,22,10,21,17],[16,24,8,18,4,12,22,20,14,10,21,17,6],[12,6,16,18,8,4,24,20,22,14,10,17,21],[2,22,24,4,10,18,20,6,8,16,14,12,21,17],[16,2,18,20,4,10,6,8,24,22,14,12,21,17],[4,12,24,18,6,20,8,16,22,14,10,21,17],[14,22,12,20,8,2,4,18,24,10,17,6,21],[4,6,10,24,16,20,8,18,22,14,12,17,21],[6,12,18,20,8,4,14,22,24,10,21,17],[2,10,18,20,4,8,22,24,16,14,12,17,6,21],[18,8,10,24,2,4,16,20,22,14,12,17,6,21],[18,24,10,14,4,6,8,20,22,12,17,21],[10,6,22,24,8,18,20,16,2,4,14,12,17,21],[24,4,14,20,6,12,18,8,22,10,21,17],[4,8,24,12,14,20,18,22,10,21,17,6],[8,22,4,12,16,20,24,18,14,10,17,6,21],[4,18,24,16,8,10,22,20,14,12,21,17,6],[14,22,10,20,2,24,4,6,8,18,12,21,17],[6,10,20,14,22,24,8,2,4,18,12,21,17],[4,14,6,10,24,20,8,18,22,12,17,21],[6,16,20,4,22,8,10,24,18,14,12,17,21],[10,16,2,8,20,24,4,22,18,14,12,21,17,6],[22,2,24,4,18,20,14,8,10,12,17,6,21],[14,4,20,22,12,6,24,8,18,10,17,21],[16,24,2,8,20,12,18,4,22,14,10,17,6,21],[24,16,18,10,6,8,4,20,22,14,12,17,21],[18,10,22,24,20,16,4,8,14,12,21,17,6],[22,4,18,24,20,8,16,10,14,12,21,17,6],[20,24,16,8,4,12,18,22,14,10,17,6,21],[6,10,2,8,24,18,20,4,14,22,12,21,17],[16,8,2,18,4,24,12,22,20,14,10,21,17,6],[8,4,20,22,12,14,18,24,10,21,17,6],[6,24,12,20,16,4,18,8,22,14,10,21,17],[8,20,14,4,22,12,24,18,10,17,6,21],[12,2,22,4,14,8,18,20,24,10,17,6,21],[10,18,16,2,20,4,22,24,6,8,14,12,17,21],[22,2,24,4,8,10,20,14,18,12,17,6,21],[24,12,4,8,14,20,22,18,10,17,6,21],[22,10,2,4,6,8,18,24,20,14,12,21,17],[18,10,6,8,16,24,4,20,22,14,12,17,21],[10,6,20,2,4,22,8,16,18,24,14,12,17,21],[24,2,16,6,8,20,10,18,4,22,14,12,17,21],[22,6,8,10,18,24,20,16,4,14,12,21,17],[2,14,22,4,12,6,24,8,20,18,10,17,21],[14,4,10,22,6,8,18,20,24,12,21,17],[24,6,20,4,16,10,8,18,22,14,12,21,17],[22,12,8,14,18,24,20,2,4,10,21,17,6],[8,16,4,12,18,24,22,20,14,10,21,17,6],[4,16,20,12,24,6,18,8,22,14,10,17,21],[18,12,14,4,6,20,8,24,22,10,17,21],[16,6,24,20,4,10,18,8,22,14,12,17,21],[12,24,14,2,20,6,8,4,18,22,10,17,21],[16,18,12,22,20,24,6,8,2,4,14,10,21,17],[24,4,20,10,14,6,8,18,22,12,17,21],[18,22,24,20,2,4,14,8,10,12,17,6,21],[12,24,6,4,14,18,20,8,22,10,17,21],[10,22,20,8,2,4,16,18,24,14,12,21,17,6],[2,16,10,24,8,18,4,22,20,14,12,17,6,21],[22,6,8,12,16,18,24,20,4,14,10,17,21],[8,22,4,18,24,20,16,10,14,12,21,17,6],[8,10,16,22,20,2,4,18,24,14,12,21,17,6],[16,2,10,6,4,22,24,8,20,18,14,12,21,17],[10,18,8,4,22,20,24,14,12,21,17,6],[16,18,22,20,24,12,2,4,6,8,14,10,17,21],[6,20,22,8,2,4,12,14,18,24,10,17,21],[10,22,16,18,24,20,4,6,8,14,12,21,17],[24,20,10,2,14,8,18,4,22,12,17,6,21],[24,6,16,18,20,8,10,4,22,14,12,17,21],[22,4,18,24,20,8,12,16,14,10,21,17,6],[8,16,24,2,12,18,4,20,22,14,10,17,6,21],[8,14,22,10,20,4,24,18,12,21,17,6],[4,12,16,22,18,20,24,6,8,14,10,17,21],[6,18,20,8,16,12,2,4,22,24,14,10,21,17],[4,20,8,16,10,24,22,18,14,12,17,6,21],[2,12,20,22,4,8,14,24,18,10,17,6,21],[24,10,2,18,4,8,16,20,22,14,12,17,6,21],[10,2,24,18,20,4,6,8,14,22,12,21,17],[22,6,8,10,20,4,14,18,24,12,17,21],[4,6,20,22,24,8,16,10,18,14,12,17,21],[16,18,12,22,24,20,8,4,14,10,21,17,6],[24,14,12,20,8,4,18,22,10,17,6,21],[10,16,4,8,18,22,24,20,14,12,17,6,21],[24,10,16,8,20,4,22,18,14,12,21,17,6],[16,10,20,22,6,8,4,24,18,14,12,21,17],[2,6,8,20,10,22,4,16,24,18,14,12,21,17],[14,24,18,4,12,8,22,20,10,21,17,6],[22,8,16,10,2,4,18,24,20,14,12,21,17],[12,16,2,8,18,20,4,22,24,14,10,21,17,6],[8,14,10,20,4,24,22,18,12,17,6,21],[2,12,6,4,14,20,24,8,18,22,10,21,17],[12,2,16,24,6,4,18,20,8,22,14,10,17,21],[10,8,14,4,22,18,24,20,12,21,17,6],[14,4,12,6,18,8,24,20,22,10,17,21],[22,14,20,12,6,24,8,2,4,18,10,21,17],[20,2,14,8,12,24,18,4,22,10,21,17,6],[20,10,6,22,24,8,4,14,18,12,17,21],[20,16,22,4,12,8,24,18,14,10,17,6,21],[22,12,16,2,4,6,24,8,18,20,14,10,21,17],[8,10,24,20,14,2,4,22,18,12,21,17,6],[6,20,24,4,10,14,8,18,22,12,21,17],[18,24,12,6,8,4,16,20,22,14,10,21,17],[6,24,14,18,20,8,4,12,22,10,17,21],[18,8,12,14,22,20,24,4,10,17,6,21],[2,16,20,8,12,22,24,4,18,14,10,21,17],[6,22,24,8,10,20,14,4,18,12,21,17],[22,10,6,24,8,14,2,4,20,18,12,17,21],[16,20,2,8,10,22,4,18,24,14,12,21,17,6],[4,22,18,20,24,10,14,8,12,21,17,6],[24,8,20,12,2,14,4,22,18,10,17,6,21],[6,22,8,4,18,24,20,14,10,12,21,17],[22,8,10,14,2,4,20,24,18,12,17,6,21],[6,4,10,16,20,22,24,8,18,14,12,21,17],[10,16,24,6,20,4,8,18,22,14,12,21,17],[2,20,10,14,22,24,4,8,18,12,21,17,6],[22,10,4,16,8,20,24,18,14,12,21,17,6],[8,24,14,20,4,12,18,22,10,17,6,21],[8,20,10,2,14,24,18,4,22,12,17,6,21],[6,4,12,22,24,8,18,20,16,14,10,17,21],[12,18,8,4,14,22,20,24,10,21,17,6],[4,20,22,14,12,6,8,24,18,10,21,17],[20,12,14,4,8,22,24,18,10,17,6,21],[18,16,12,8,24,2,20,4,22,14,10,17,6,21],[24,14,4,18,8,12,22,20,10,17,6,21],[4,10,6,20,16,22,8,24,18,14,12,21,17],[6,18,20,8,4,24,14,10,22,12,17,21],[18,24,4,12,8,14,20,22,10,21,17,6],[8,24,20,10,4,14,18,22,12,21,17,6],[14,20,12,2,22,24,4,8,18,10,21,17,6],[6,18,8,4,22,20,24,12,16,14,10,21,17],[4,18,10,22,20,24,6,8,16,14,12,17,21],[16,4,18,24,8,10,20,22,14,12,21,17,6],[20,4,22,10,6,8,14,24,18,12,17,21],[14,18,8,22,24,20,12,2,4,10,21,17,6],[12,16,22,18,20,24,6,8,2,4,14,10,17,21],[18,12,16,4,8,22,24,20,14,10,17,6,21],[14,6,12,18,8,24,2,4,20,22,10,21,17],[2,24,18,4,6,8,12,14,20,22,10,21,17],[20,12,14,22,6,24,8,2,4,18,10,21,17],[18,8,16,24,12,4,22,20,14,10,17,6,21],[10,6,16,22,24,8,18,20,4,14,12,17,21],[14,20,2,8,12,24,4,18,22,10,17,6,21],[12,8,22,20,4,14,24,18,10,17,6,21],[18,4,16,24,8,10,22,20,14,12,21,17,6],[2,12,24,18,4,6,20,8,14,22,10,17,21],[6,16,12,22,8,18,24,20,4,14,10,17,21],[20,10,22,2,24,4,6,8,16,18,14,12,21,17],[22,2,24,4,8,14,10,18,20,12,21,17,6],[12,4,6,20,14,22,24,8,18,10,17,21],[8,12,2,18,20,4,22,24,16,14,10,17,6,21],[18,4,10,24,8,16,22,20,14,12,21,17,6],[22,2,4,6,24,8,18,20,12,14,10,17,21],[12,2,24,20,16,8,18,4,22,14,10,17,6,21],[20,22,10,4,8,16,18,24,14,12,17,6,21],[18,2,20,4,12,22,24,14,6,8,10,17,21],[12,20,22,4,6,24,8,14,18,10,17,21],[4,18,22,24,20,6,8,12,16,14,10,17,21],[14,2,22,4,6,24,8,18,20,10,12,17,21],[4,14,10,6,18,20,8,24,22,12,17,21],[18,24,10,4,16,6,20,8,22,14,12,17,21],[20,22,8,14,4,10,18,24,12,21,17,6],[4,6,10,14,20,22,8,18,24,12,21,17],[8,16,20,24,12,4,18,22,14,10,21,17,6],[24,10,20,4,8,14,18,22,12,17,6,21],[18,4,14,12,22,20,24,6,8,10,21,17],[6,14,24,2,4,10,20,18,8,22,12,21,17],[16,20,12,4,8,22,18,24,14,10,17,6,21],[6,14,4,20,12,22,24,8,18,10,17,21],[16,10,6,2,4,20,22,24,8,18,14,12,17,21],[12,22,14,2,24,4,6,8,20,18,10,17,21],[18,8,2,4,16,12,22,20,24,14,10,21,17,6],[8,12,4,16,22,18,24,20,14,10,17,6,21],[22,20,2,24,4,6,8,10,16,18,14,12,21,17],[22,20,14,4,10,6,24,8,18,12,17,21],[20,6,16,12,2,8,22,24,4,18,14,10,17,21],[22,20,4,10,16,6,24,8,18,14,12,21,17],[20,4,8,14,24,10,22,18,12,17,6,21],[14,8,10,4,20,22,18,24,12,21,17,6],[12,8,14,18,4,22,20,24,10,17,6,21],[18,24,12,6,20,8,2,4,16,22,14,10,17,21],[12,2,8,24,14,18,20,4,22,10,21,17,6],[16,22,8,4,10,20,18,24,14,12,17,6,21],[24,8,4,18,12,16,22,20,14,10,21,17,6],[12,16,2,24,8,20,18,4,22,14,10,17,6,21],[18,12,2,20,4,22,24,8,14,10,17,6,21],[18,4,12,22,24,20,14,6,8,10,21,17],[14,4,20,12,6,24,18,8,22,10,17,21],[16,20,10,2,24,6,8,18,4,22,14,12,21,17],[10,6,22,24,8,20,2,4,14,18,12,21,17],[12,24,18,14,4,8,22,20,10,21,17,6],[4,20,6,24,12,16,8,18,22,14,10,21,17],[2,18,20,4,8,24,10,16,22,14,12,17,6,21],[4,20,10,14,8,22,24,18,12,17,6,21],[8,12,4,24,14,18,20,22,10,17,6,21],[12,20,8,24,14,2,4,22,18,10,17,6,21],[6,14,12,22,24,8,20,2,4,18,10,21,17],[14,22,12,6,24,8,2,4,20,18,10,17,21],[16,18,22,24,20,8,4,12,14,10,21,17,6],[14,18,10,24,8,4,20,22,12,21,17,6],[18,10,8,2,4,24,16,22,20,14,12,21,17,6],[10,24,14,4,20,8,18,22,12,21,17,6],[24,2,14,20,10,6,4,8,18,22,12,21,17],[20,4,12,22,6,8,14,24,18,10,17,21],[2,8,18,4,12,24,14,22,20,10,21,17,6],[24,2,10,8,20,14,18,4,22,12,21,17,6],[10,8,20,22,2,24,4,14,18,12,21,17,6],[12,6,4,16,18,8,22,20,24,14,10,17,21],[6,24,18,8,16,2,20,4,10,22,14,12,21,17],[6,12,20,16,24,4,18,8,22,14,10,17,21],[2,20,16,8,22,24,4,10,18,14,12,21,17],[24,18,16,6,20,8,2,4,12,22,14,10,17,21],[24,8,20,14,4,12,22,18,10,21,17,6],[22,10,20,2,24,4,16,6,8,18,14,12,21,17],[6,12,18,8,2,4,22,20,24,16,14,10,21,17],[2,16,22,4,6,8,10,18,20,24,14,12,21,17],[2,22,24,4,16,6,8,20,12,18,14,10,21,17],[4,6,20,10,14,22,8,18,24,12,21,17],[10,22,6,24,8,2,4,18,20,16,14,12,17,21],[12,16,24,6,4,20,8,18,22,14,10,17,21],[2,12,6,4,16,24,20,8,18,22,14,10,21,17],[8,4,24,12,14,18,20,22,10,17,6,21],[12,8,4,14,18,24,22,20,10,21,17,6],[18,10,16,8,22,24,20,4,14,12,21,17,6],[16,20,2,8,10,22,24,4,18,14,12,17,6,21],[16,4,24,12,20,6,18,8,22,14,10,21,17],[12,2,14,24,18,4,8,22,20,10,17,6,21],[12,4,18,16,8,24,20,22,14,10,21,17,6],[2,20,16,10,6,4,24,8,18,22,14,12,17,21],[20,22,8,16,4,12,24,18,14,10,17,6,21],[22,12,2,24,4,16,20,8,18,14,10,17,6,21],[12,16,22,8,20,4,24,18,14,10,21,17,6],[8,22,18,20,24,12,14,2,4,10,21,17,6],[4,6,18,20,8,10,14,24,22,12,17,21],[20,12,14,22,4,6,8,24,18,10,21,17],[14,24,8,20,10,2,4,22,18,12,17,6,21],[16,12,8,4,18,22,20,24,14,10,17,6,21],[18,24,14,12,4,8,20,22,10,21,17,6],[2,10,8,22,4,20,16,18,24,14,12,17,6,21],[24,18,2,4,16,10,8,20,22,14,12,17,6,21],[20,8,14,4,24,10,18,22,12,17,6,21],[12,2,20,14,24,8,4,22,18,10,21,17,6],[8,10,2,20,16,24,4,22,18,14,12,17,6,21],[24,18,12,8,4,16,20,22,14,10,21,17,6],[8,10,4,16,20,24,18,22,14,12,21,17,6],[22,14,6,8,10,4,20,24,18,12,21,17],[4,10,6,20,22,8,14,18,24,12,21,17],[24,18,8,4,12,14,22,20,10,17,6,21],[2,12,22,4,6,24,8,20,14,18,10,17,21],[10,4,6,18,8,22,24,20,16,14,12,17,21],[22,20,16,8,4,12,18,24,14,10,17,6,21],[14,24,8,20,10,4,22,18,12,17,6,21],[8,16,2,20,12,24,4,22,18,14,10,21,17,6],[16,24,4,20,12,8,18,22,14,10,21,17,6],[12,4,20,24,14,6,8,18,22,10,21,17],[6,16,24,10,18,20,8,4,22,14,12,21,17],[12,16,6,22,8,20,4,18,24,14,10,17,21],[20,10,14,6,22,24,8,4,18,12,21,17],[12,14,8,18,2,4,24,20,22,10,21,17,6],[24,16,4,10,8,18,20,22,14,12,17,6,21],[12,4,24,14,8,18,22,20,10,21,17,6],[2,24,14,6,4,12,20,8,18,22,10,17,21],[24,8,12,20,16,4,22,18,14,10,21,17,6],[20,12,2,24,14,6,4,8,18,22,10,17,21],[10,14,20,8,22,2,24,4,18,12,21,17,6],[18,14,4,6,8,22,24,20,12,10,21,17],[22,14,12,2,4,18,24,20,8,10,17,6,21],[18,14,2,4,24,8,10,20,22,12,17,6,21],[22,20,2,24,4,10,6,8,14,18,12,21,17],[8,12,14,24,4,18,22,20,10,17,6,21],[8,24,20,10,14,4,18,22,12,21,17,6],[2,20,16,12,24,6,4,18,8,22,14,10,17,21],[4,14,20,6,12,24,8,18,22,10,21,17],[10,24,2,18,20,4,8,16,22,14,12,21,17],[22,8,12,14,20,2,4,18,24,10,17,6,21],[16,20,4,22,12,8,24,18,14,10,17,6,21],[8,4,22,10,18,20,24,14,12,21,17,6],[6,12,20,24,14,4,8,18,22,10,17,21],[6,20,4,12,16,24,8,18,22,14,10,21,17],[2,16,18,20,4,6,8,12,24,22,14,10,21,17],[2,16,18,4,24,6,8,10,20,22,14,12,17,21],[8,10,14,20,2,22,24,4,18,12,21,17,6],[8,18,24,2,4,12,14,20,22,10,21,17,6],[16,6,10,20,2,4,24,8,18,22,14,12,17,21],[24,20,16,12,4,6,18,8,22,14,10,17,21],[20,12,16,22,2,24,4,8,18,14,10,17,6,21],[6,10,20,2,8,16,22,24,4,18,14,12,17,21],[14,12,18,2,4,24,8,22,20,10,21,17,6],[12,6,18,8,4,24,16,20,22,14,10,17,21],[8,2,24,14,20,10,18,4,22,12,21,17,6],[8,4,12,14,22,18,24,20,10,17,6,21],[4,10,20,14,8,22,24,18,12,17,6,21],[4,22,10,16,18,24,20,6,8,14,12,17,21],[8,4,24,14,18,10,20,22,12,17,6,21],[10,14,20,24,8,2,18,4,22,12,17,6,21],[8,20,10,22,14,2,4,18,24,12,17,6,21],[2,8,24,20,12,14,18,4,22,10,21,17,6],[18,12,2,4,14,24,6,20,8,22,10,21,17],[18,8,10,24,16,4,22,20,14,12,21,17,6],[20,24,8,2,14,12,4,22,18,10,17,6,21],[18,2,4,22,20,24,12,6,8,16,14,10,21,17],[14,6,18,20,8,22,24,4,12,10,21,17],[4,14,20,8,22,12,18,24,10,21,17,6],[14,6,20,10,2,8,22,24,4,18,12,21,17],[22,20,12,14,8,2,24,4,18,10,21,17,6],[24,2,10,6,8,16,20,4,18,22,14,12,17,21],[16,18,2,4,22,20,24,8,12,14,10,21,17,6],[2,22,24,4,6,8,16,18,20,12,14,10,17,21],[6,16,20,22,24,8,10,2,4,18,14,12,17,21],[24,4,20,14,6,10,8,18,22,12,17,21],[12,22,18,20,24,8,4,16,14,10,17,6,21],[20,8,12,2,24,16,18,4,22,14,10,17,6,21],[8,4,20,12,24,16,22,18,14,10,21,17,6],[2,12,18,20,4,14,24,6,8,22,10,17,21],[12,18,8,14,24,4,22,20,10,21,17,6],[10,24,4,8,14,20,22,18,12,17,6,21],[6,22,24,8,18,20,14,4,10,12,17,21],[14,10,4,8,20,24,22,18,12,21,17,6],[22,10,4,6,24,8,16,18,20,14,12,17,21],[4,6,14,10,18,20,8,24,22,12,21,17],[16,18,10,22,20,24,8,4,14,12,21,17,6],[16,20,24,6,10,2,4,18,8,22,14,12,21,17],[6,2,8,20,16,12,24,18,4,22,14,10,17,21],[10,4,24,16,20,8,22,18,14,12,17,6,21],[4,12,20,16,22,6,24,8,18,14,10,21,17],[12,16,6,2,4,24,18,20,8,22,14,10,21,17],[4,10,18,8,16,24,22,20,14,12,17,6,21],[12,24,16,6,4,20,18,8,22,14,10,17,21],[6,18,20,8,4,22,24,10,14,12,17,21],[16,22,12,4,8,18,24,20,14,10,17,6,21],[14,8,10,24,20,4,18,22,12,17,6,21],[20,4,6,16,22,24,8,10,18,14,12,17,21],[8,16,20,12,2,22,4,18,24,14,10,21,17,6],[6,12,18,20,8,14,4,24,22,10,21,17],[6,20,14,2,8,10,22,24,4,18,12,17,21],[2,16,12,6,8,24,20,18,4,22,14,10,21,17],[2,10,6,8,14,18,4,24,20,22,12,17,21],[6,18,8,10,22,20,24,16,4,14,12,17,21],[10,22,6,8,16,20,4,24,18,14,12,17,21],[4,14,8,20,22,12,24,18,10,21,17,6],[16,24,2,10,20,8,18,4,22,14,12,21,17],[12,18,6,20,8,4,16,24,22,14,10,21,17],[18,2,4,24,8,16,10,22,20,14,12,21,17,6],[12,8,2,20,22,4,14,24,18,10,17,6,21],[14,12,4,18,22,20,24,8,10,21,17,6],[18,14,6,20,8,10,2,4,22,24,12,21,17],[6,12,22,24,8,20,4,14,18,10,17,21],[22,2,4,6,8,18,20,24,16,10,14,12,17,21],[12,4,18,14,22,24,20,8,10,17,6,21],[2,24,16,10,20,6,4,18,8,22,14,12,21,17],[4,20,16,10,8,22,24,18,14,12,21,17,6],[14,20,10,24,4,6,18,8,22,12,21,17],[14,22,2,4,10,18,24,20,8,12,17,6,21],[6,10,18,20,8,22,24,14,4,12,21,17],[10,8,2,24,20,14,18,4,22,12,17,6,21],[14,4,8,12,20,24,18,22,10,17,6,21],[10,16,2,8,18,4,24,20,22,14,12,17,6,21],[24,10,20,6,16,2,4,8,18,22,14,12,21,17],[6,16,10,2,8,22,24,4,18,20,14,12,21,17],[24,2,16,8,18,4,12,20,22,14,10,17,6,21],[12,8,16,2,18,4,24,22,20,14,10,17,6,21],[6,20,16,22,24,8,2,4,12,18,14,10,17,21],[18,16,10,8,22,20,24,2,4,14,12,21,17,6],[12,20,6,16,22,8,2,24,4,18,14,10,21,17],[22,12,6,8,16,4,18,20,24,14,10,21,17],[14,6,18,20,8,22,24,10,4,12,17,21],[14,4,24,12,6,18,20,8,22,10,17,21],[12,4,8,16,20,24,18,22,14,10,17,6,21],[8,22,2,24,4,18,20,12,16,14,10,21,17,6],[22,4,12,14,20,8,24,18,10,21,17,6],[22,6,8,4,18,20,24,14,12,10,17,21],[20,24,2,16,12,6,8,18,4,22,14,10,17,21],[6,12,14,20,24,4,18,8,22,10,17,21],[2,22,4,8,14,12,20,24,18,10,17,6,21],[2,14,24,8,10,18,20,4,22,12,21,17],[4,24,14,18,12,8,22,20,10,21,17,6],[24,16,4,18,6,20,8,12,22,14,10,21,17],[10,6,22,8,20,14,2,4,24,18,12,17,21],[22,18,24,20,2,4,14,10,8,12,21,17,6],[24,18,16,12,2,20,4,6,8,22,14,10,21,17],[24,18,14,12,8,4,22,20,10,21,17,6],[12,14,8,2,22,24,4,20,18,10,21,17,6],[24,2,10,16,8,18,20,4,22,14,12,21,17,6],[20,6,4,16,10,22,8,18,24,14,12,17,21],[24,12,2,20,6,4,16,18,8,22,14,10,17,21],[18,10,8,2,4,14,24,22,20,12,21,17,6],[16,22,2,4,18,24,20,10,8,14,12,17,6,21],[16,8,10,20,4,24,18,22,14,12,17,6,21],[16,8,2,20,12,24,4,22,18,14,10,17,6,21],[14,22,4,10,8,18,20,24,12,17,6,21],[20,22,4,10,14,6,24,8,18,12,21,17],[12,22,6,24,8,4,14,18,20,10,17,21],[16,6,20,4,12,24,8,18,22,14,10,21,17],[16,8,24,12,2,18,4,22,20,14,10,17,6,21],[20,10,8,14,22,2,24,4,18,12,21,17],[22,12,16,18,24,20,2,4,6,8,14,10,21,17],[4,12,16,22,20,8,24,18,14,10,21,17,6],[18,14,8,24,2,20,4,12,22,10,17,6,21],[20,6,2,4,16,12,22,24,8,18,14,10,21,17],[22,8,12,2,24,4,20,16,18,14,10,21,17,6],[2,18,4,24,16,12,6,20,8,22,14,10,21,17],[16,10,18,22,24,20,8,2,4,14,12,17,6,21],[18,14,12,6,20,8,22,24,2,4,10,17,21],[4,16,24,12,8,18,22,20,14,10,21,17,6],[24,14,2,10,18,20,4,6,8,22,12,21,17],[22,8,10,16,18,20,24,4,14,12,21,17,6],[18,14,6,20,8,22,24,4,12,10,17,21],[24,10,8,18,4,14,20,22,12,21,17,6],[18,16,12,24,4,8,22,20,14,10,17,6,21],[16,12,2,24,6,4,18,20,8,22,14,10,21,17],[14,22,4,6,8,12,18,20,24,10,17,21],[8,16,4,20,10,22,24,18,14,12,21,17,6],[24,20,16,8,10,2,4,22,18,14,12,17,6,21],[8,22,20,2,4,16,10,24,18,14,12,17,6,21],[4,10,16,6,22,24,8,20,18,14,12,17,21],[14,2,24,12,18,20,4,6,8,22,10,17,21],[10,2,20,8,24,14,18,4,22,12,21,17,6],[8,10,22,14,20,4,24,18,12,21,17,6],[22,8,10,18,20,24,14,4,12,21,17,6],[16,2,18,20,4,24,12,8,22,14,10,17,6,21],[4,18,14,10,24,6,8,20,22,12,17,21],[2,10,20,8,24,16,18,4,22,14,12,21,17,6],[22,10,2,4,14,6,8,20,24,18,12,21,17],[22,6,24,8,18,20,10,14,2,4,12,21,17],[22,16,2,4,12,18,24,20,6,8,14,10,21,17],[20,22,14,6,8,2,24,4,10,18,12,17,21],[20,8,4,24,16,10,18,22,14,12,21,17,6],[8,16,22,2,24,4,12,20,18,14,10,17,6,21],[6,22,8,10,4,14,20,18,24,12,21,17],[10,24,4,20,14,8,22,18,12,17,6,21],[24,12,4,20,16,6,18,8,22,14,10,17,21],[18,12,14,6,8,2,4,24,20,22,10,21,17],[6,10,16,2,4,22,8,20,18,24,14,12,17,21],[4,18,24,12,16,8,22,20,14,10,21,17,6],[20,8,2,14,24,10,18,4,22,12,17,6,21],[14,22,2,24,4,10,18,20,8,12,21,17,6],[24,14,10,2,6,8,18,4,20,22,12,17,21],[12,8,20,24,2,16,18,4,22,14,10,21,17,6],[10,18,6,20,8,16,22,24,4,14,12,17,21],[8,22,10,14,18,20,24,2,4,12,17,6,21],[6,20,16,22,8,2,4,10,24,18,14,12,21,17],[20,4,16,22,8,12,18,24,14,10,21,17,6],[20,22,8,10,2,4,16,24,18,14,12,21,17,6],[2,10,14,6,8,20,24,4,18,22,12,21,17],[2,10,18,20,4,24,14,6,8,22,12,21,17],[18,2,20,4,10,22,24,16,6,8,14,12,21,17],[10,8,20,16,22,2,24,4,18,14,12,17,6,21],[12,2,18,20,4,24,14,6,8,22,10,21,17],[4,24,14,12,20,6,8,18,22,10,21,17],[18,6,8,16,12,24,2,20,4,22,14,10,21,17],[20,8,16,2,24,12,18,4,22,14,10,17,6,21],[4,8,10,14,22,20,24,18,12,21,17,6],[16,24,20,8,2,12,18,4,22,14,10,17,6,21],[2,16,8,18,4,12,24,20,22,14,10,17,6,21],[4,24,6,20,12,14,8,18,22,10,17,21],[12,2,18,20,4,22,24,16,8,14,10,17,6,21],[22,10,20,14,8,4,18,24,12,17,6,21],[6,10,24,14,20,4,18,8,22,12,21,17],[12,22,2,24,4,16,6,8,18,20,14,10,21,17],[20,24,4,14,10,8,18,22,12,17,6,21],[18,8,10,14,22,24,20,2,4,12,17,6,21],[4,20,24,16,6,12,8,18,22,14,10,21,17],[8,14,10,22,4,18,20,24,12,21,17,6],[24,18,8,16,12,4,22,20,14,10,21,17,6],[18,2,4,10,8,22,24,20,16,14,12,17,6,21],[4,10,16,8,20,22,24,18,14,12,21,17,6],[10,18,14,22,24,20,6,8,4,12,17,21],[20,14,8,4,12,24,22,18,10,17,6,21],[12,4,16,24,18,8,22,20,14,10,21,17,6],[18,22,20,24,10,16,8,4,14,12,21,17,6],[24,4,12,20,6,14,8,18,22,10,17,21],[24,4,10,18,8,14,22,20,12,21,17,6],[4,22,20,10,6,24,8,14,18,12,21,17],[18,4,10,22,24,20,8,14,12,17,6,21],[6,16,20,4,12,24,18,8,22,14,10,17,21],[18,12,6,8,24,14,4,20,22,10,21,17],[16,18,24,4,12,6,8,20,22,14,10,21,17],[2,8,24,18,20,4,16,12,22,14,10,21,17],[18,12,4,24,8,14,22,20,10,21,17,6],[2,10,6,8,18,20,4,24,14,22,12,17,21],[24,16,4,8,12,18,22,20,14,10,21,17,6],[12,22,18,24,20,14,8,2,4,10,21,17,6],[8,4,10,16,22,18,20,24,14,12,21,17,6],[24,6,4,14,10,18,20,8,22,12,21,17],[14,24,20,2,6,8,10,4,18,22,12,21,17],[22,10,4,18,20,24,6,8,14,12,17,21],[16,18,6,20,8,10,2,4,24,22,14,12,21,17],[12,24,18,16,8,4,20,22,14,10,17,6,21],[24,6,16,2,4,10,20,18,8,22,14,12,17,21],[6,20,14,24,10,2,8,4,18,22,12,21,17],[4,8,16,12,24,20,18,22,14,10,17,6,21],[4,10,8,24,20,14,22,18,12,17,6,21],[10,14,2,18,4,24,8,20,22,12,17,6,21],[8,12,2,14,20,22,24,4,18,10,21,17,6],[18,6,20,8,14,22,24,10,4,12,17,21],[16,2,22,24,4,20,12,6,8,18,14,10,17,21],[4,6,12,20,14,24,18,8,22,10,17,21],[14,6,22,24,8,10,20,4,18,12,17,21],[14,18,8,24,12,4,22,20,10,17,6,21],[2,14,8,18,20,4,12,22,24,10,17,6,21],[8,4,12,16,20,24,22,18,14,10,17,6,21],[14,18,6,8,24,12,2,4,20,22,10,21,17],[22,10,4,16,8,20,24,18,14,12,21,17,6],[18,14,2,20,4,10,6,8,22,24,12,21,17],[2,10,22,4,20,8,14,18,24,12,17,6,21],[18,10,2,4,6,20,8,14,22,24,12,17,21],[2,14,24,6,8,20,10,18,4,22,12,17,21],[14,8,22,2,24,4,12,18,20,10,21,17,6],[22,8,20,4,16,12,24,18,14,10,21,17,6],[8,10,16,4,22,18,24,20,14,12,21,17,6],[16,10,8,20,4,24,18,22,14,12,17,6,21],[10,24,14,2,20,6,8,18,4,22,12,17,21],[10,14,6,20,4,24,18,8,22,12,21,17],[6,12,2,4,22,8,16,18,20,24,14,10,17,21],[14,12,24,20,8,2,4,18,22,10,17,6,21],[6,12,2,4,20,16,24,8,18,22,14,10,21,17],[18,2,20,4,16,22,24,12,8,14,10,17,6,21],[2,22,4,10,6,24,8,20,16,18,14,12,17,21],[18,14,10,24,2,4,6,20,8,22,12,17,21],[20,6,22,8,12,2,4,14,24,18,10,17,21],[4,6,16,12,18,20,8,24,22,14,10,17,21],[24,8,12,4,16,18,22,20,14,10,17,6,21],[20,8,10,24,4,14,22,18,12,17,6,21],[18,8,10,2,4,22,20,24,14,12,21,17,6],[10,20,22,16,6,8,2,24,4,18,14,12,21,17],[22,20,2,4,10,16,6,24,8,18,14,12,21,17],[18,24,14,12,6,8,2,20,4,22,10,17,21],[14,4,10,24,18,6,20,8,22,12,21,17],[20,4,6,14,10,22,8,24,18,12,17,21],[12,8,24,4,18,16,22,20,14,10,17,6,21],[24,4,6,16,20,10,8,18,22,14,12,17,21],[22,14,8,2,24,4,12,18,20,10,21,17,6],[10,14,8,24,2,18,20,4,22,12,21,17,6],[24,4,18,10,8,14,22,20,12,17,6,21],[8,4,20,12,24,16,18,22,14,10,17,6,21],[16,20,8,4,12,24,18,22,14,10,21,17,6],[6,20,22,8,12,2,24,4,14,18,10,21,17],[10,18,4,24,14,8,20,22,12,21,17,6],[18,16,4,12,24,6,20,8,22,14,10,21,17],[10,2,6,8,18,20,4,22,24,14,12,17,21],[16,10,6,4,24,18,8,20,22,14,12,17,21],[14,20,24,4,12,8,18,22,10,17,6,21],[24,6,10,14,20,4,8,18,22,12,21,17],[22,2,24,4,12,18,20,6,8,16,14,10,17,21],[20,24,14,10,4,6,18,8,22,12,21,17],[22,16,6,8,10,4,18,20,24,14,12,17,21],[10,8,2,24,14,20,4,18,22,12,21,17,6],[18,10,24,16,8,4,22,20,14,12,21,17,6],[16,4,20,24,6,12,8,18,22,14,10,21,17],[4,10,16,18,24,8,22,20,14,12,17,6,21],[16,10,20,6,22,24,8,4,18,14,12,21,17],[8,24,16,2,12,18,20,4,22,14,10,21,17,6],[12,2,20,24,8,16,18,4,22,14,10,17,6,21],[2,18,20,4,16,24,6,8,12,22,14,10,21,17],[18,22,24,20,8,16,12,2,4,14,10,21,17,6],[10,14,18,22,20,24,6,8,2,4,12,17,21],[6,20,24,10,16,2,4,8,18,22,14,12,17,21],[12,14,8,2,20,22,24,4,18,10,17,6,21],[10,18,4,24,6,8,16,20,22,14,12,17,21],[24,12,8,16,20,4,18,22,14,10,21,17,6],[18,6,20,8,24,2,4,10,14,22,12,17,21],[12,18,8,4,14,22,20,24,10,17,6,21],[16,24,20,2,12,6,4,18,8,22,14,10,17,21],[12,8,24,4,16,20,18,22,14,10,17,6,21],[12,18,4,8,22,20,24,14,10,17,6,21],[14,20,22,8,12,2,4,18,24,10,17,6,21],[8,14,22,18,24,20,12,4,10,21,17,6],[18,14,22,24,20,12,2,4,8,10,21,17,6],[24,2,12,16,18,4,8,20,22,14,10,21,17,6],[6,14,10,20,2,8,24,4,18,22,12,21,17],[10,24,2,8,20,14,4,18,22,12,21,17,6],[16,4,10,24,18,6,20,8,22,14,12,17,21],[4,24,20,10,6,16,18,8,22,14,12,21,17],[4,18,8,16,24,12,22,20,14,10,21,17,6],[6,24,2,8,20,10,16,18,4,22,14,12,17,21],[22,2,24,4,10,14,6,8,20,18,12,17,21],[14,10,20,4,6,24,18,8,22,12,21,17],[14,4,10,18,6,8,22,24,20,12,17,21],[18,16,8,4,10,22,24,20,14,12,21,17,6],[8,14,18,2,4,12,24,22,20,10,21,17,6],[12,2,24,14,18,20,4,6,8,22,10,17,21],[4,18,10,22,20,24,6,8,16,14,12,17,21],[18,14,8,2,20,4,10,22,24,12,17,6,21],[24,16,10,18,4,8,22,20,14,12,17,6,21],[18,14,10,2,20,4,22,24,8,12,17,6,21],[24,4,18,6,8,14,12,20,22,10,17,21],[8,12,2,14,18,4,22,24,20,10,21,17],[22,8,2,4,16,18,24,20,10,14,12,17,6,21],[14,12,8,4,24,20,22,18,10,17,6,21],[8,20,12,24,4,14,18,22,10,21,17,6],[16,8,22,2,4,12,18,20,24,14,10,17,6,21],[18,8,10,24,4,16,22,20,14,12,17,6,21],[6,24,2,8,16,12,20,4,18,22,14,10,17,21],[20,24,4,8,12,14,18,22,10,17,6,21],[6,14,20,24,4,10,8,18,22,12,21,17],[12,6,20,24,14,4,18,8,22,10,17,21],[16,4,12,18,24,6,8,20,22,14,10,21,17],[10,8,18,22,20,24,16,4,14,12,21,17,6],[18,14,4,12,22,24,20,8,10,21,17,6],[16,24,18,8,4,12,22,20,14,10,17,6,21],[20,8,16,24,4,10,22,18,14,12,17,6,21],[14,6,18,8,24,10,2,4,20,22,12,21,17],[22,18,24,20,16,10,2,4,6,8,14,12,21,17],[14,18,2,4,24,12,8,22,20,10,21,17,6],[2,12,20,22,24,4,16,6,8,18,14,10,17,21],[18,10,2,4,6,8,22,20,24,14,12,21,17],[6,4,14,10,20,22,8,24,18,12,17,21],[8,2,10,16,18,4,24,20,22,14,12,21,17,6],[12,24,8,16,2,20,4,18,22,14,10,17,6,21],[2,12,6,4,20,14,22,8,18,24,10,21,17],[18,14,10,22,20,24,8,2,4,12,21,17,6],[24,12,16,6,20,2,4,8,18,22,14,10,21,17],[12,24,14,6,18,8,4,20,22,10,21,17],[20,8,24,2,10,14,4,18,22,12,17,6,21],[4,22,16,20,12,6,8,24,18,14,10,17,21],[2,24,20,10,14,8,18,4,22,12,17,6,21],[12,20,8,4,24,14,18,22,10,21,17,6],[4,16,6,22,24,8,12,18,20,14,10,17,21],[4,8,14,22,18,20,24,10,12,21,17,6],[22,2,4,16,18,24,20,12,6,8,14,10,17,21],[18,8,16,12,24,4,22,20,14,10,17,6,21],[24,18,6,8,16,4,12,20,22,14,10,21,17],[14,4,22,20,6,24,8,10,18,12,17,21]],"n_human":9}