{"problem_id":"agzo0rx6SrGfQLU","sigma":75,"alpha":1.000,"cost":1,"probabilities":"[0.3199999999999998, 0.23, 0.33, 0.12]","payoff_matrix":"[[-153, -86, 8, -19, 25, -81], [21, -36, -30, -90, 65, -81], [-22, -149, -78, -67, -11, -3], [-8, -11, -23, 30, 95, 0]]","uncovered":[[19,15,23,7,11,3,21,1,17,13,9,10,5],[15,19,7,11,23,3,21,17,1,13,9,10,8,18],[7,11,23,15,3,19,21,17,1,13,9,18],[3,15,19,7,11,23,17,21,1,13,9,18],[23,7,3,19,11,15,21,17,1,13,9,10,5,22],[11,3,19,15,23,7,21,1,13,9,17,18],[3,19,23,11,15,7,21,17,1,13,9,10,18],[15,7,23,11,19,3,17,21,1,13,9,10,22],[21,15,11,7,19,3,17,1,13,23,9,18],[15,3,7,19,11,23,21,17,1,13,9,18],[23,3,11,5,15,19,17,21,1,13,9,7,10,22],[7,19,11,23,15,3,21,17,1,13,9,10,18],[23,19,3,15,7,11,17,21,1,13,9,10,5,22],[7,11,23,15,3,19,21,17,1,13,9,10,18],[23,15,19,11,3,7,21,17,1,13,9,18],[7,3,23,11,15,19,17,21,1,13,9,18],[23,15,19,3,7,11,21,17,1,13,9,10,22],[23,7,17,3,11,15,19,21,1,13,9,18],[19,3,11,23,7,15,17,21,1,13,9,10,6,18],[7,15,3,19,11,23,17,21,1,13,9,10,22],[11,15,23,3,19,7,21,17,1,13,9,18],[7,3,11,19,15,23,21,1,17,13,9,18],[3,19,15,11,23,7,17,21,1,13,9,10,5,18],[3,15,19,11,23,7,21,1,17,13,9,10,22],[15,3,19,23,7,11,17,21,1,13,9,18],[11,3,7,19,15,23,21,1,17,13,9,18],[3,23,11,7,15,17,19,21,1,13,9,10,6,22],[11,7,19,23,3,15,21,17,1,13,9,10,22],[11,19,23,15,3,7,21,1,17,13,9,10,5,22],[19,15,23,3,11,7,17,21,1,13,9,10,18],[19,23,11,15,7,3,17,21,1,13,9,10,22],[7,3,19,23,15,11,21,17,1,13,9,18],[7,19,23,15,11,3,21,1,17,13,9,18],[23,11,19,7,15,3,21,1,13,17,9,18],[7,3,23,11,15,19,17,21,1,13,9,18],[15,3,19,23,7,11,21,1,17,13,9,18],[3,23,15,11,19,7,17,21,1,13,9,10,5],[11,23,15,3,7,19,21,17,1,13,9,18],[11,23,7,19,15,3,17,21,1,13,9,10,22],[3,7,11,23,15,19,21,17,1,13,9,10,8,22],[15,19,23,11,3,7,17,21,1,13,9,18],[23,19,3,15,7,11,17,21,1,13,9,10,18],[23,15,3,19,11,7,17,21,1,13,9,10,22],[23,19,3,7,11,15,17,21,1,13,9,10,6,22],[23,3,7,15,11,19,17,21,1,13,9,18],[11,7,3,19,23,15,21,17,1,13,9,18],[23,11,7,15,19,3,21,17,1,13,9,10,5,22],[7,19,23,11,3,13,21,15,1,9,17,10,18],[15,3,11,19,7,23,17,21,1,13,9,18],[3,19,7,15,11,23,17,21,1,13,9,10,22],[11,15,23,19,7,3,17,21,1,13,9,18],[19,3,7,11,23,15,17,21,1,13,9,18],[15,7,19,3,11,23,17,21,1,13,9,18],[3,19,7,23,11,15,21,1,13,9,17,10,22],[3,11,7,19,15,23,17,21,1,13,9,10,6,22],[11,15,19,23,7,3,17,21,1,13,9,10,5,22],[3,7,19,23,15,11,17,21,1,13,9,18],[11,23,7,19,3,15,17,21,1,13,9,10,22],[3,7,19,15,11,23,17,21,1,13,9,18],[19,11,15,3,23,7,21,1,17,13,9,10,22],[11,7,23,15,3,19,17,21,1,13,9,10,5,18],[11,23,15,7,19,3,17,21,1,13,9,10,5,18],[19,3,7,11,15,23,21,17,1,13,9,10,18],[15,23,3,19,11,7,21,1,17,13,9,10,22],[15,11,19,3,23,7,17,21,1,13,9,18],[19,11,3,15,23,7,21,1,17,13,9,10,5,18],[11,3,15,23,19,7,21,17,1,13,9,18],[23,7,3,15,11,19,21,17,1,13,9,10,18],[3,19,7,15,11,23,21,1,13,9,17,10,18],[11,15,7,23,19,3,17,21,1,13,9,18],[23,3,19,15,7,11,17,21,1,13,9,18],[3,11,19,15,23,7,17,21,1,13,9,10,18],[23,19,7,3,15,11,17,21,1,13,9,10,22],[11,23,3,7,19,15,21,17,1,13,9,10,5,22],[15,7,23,3,11,19,17,21,1,13,9,10,8,22],[23,15,3,7,19,11,21,17,1,13,9,18],[19,23,11,3,15,7,21,1,13,17,9,18],[7,11,3,15,23,19,21,1,17,13,9,10,22],[15,3,7,11,23,19,17,21,1,13,9,18],[11,7,23,3,19,15,21,17,1,13,9,18],[3,19,15,23,7,11,21,17,1,13,9,10,18],[23,15,3,19,7,11,21,1,17,13,9,18],[15,21,11,19,3,7,1,17,13,23,9,10,22],[19,11,15,3,7,23,21,17,1,13,9,18],[7,3,19,15,23,11,17,21,1,13,9,18],[11,19,3,7,15,23,17,21,1,13,9,10,22],[3,23,11,15,7,19,21,1,17,13,9,18],[19,7,11,23,3,15,21,1,17,13,9,18],[15,19,3,23,11,7,21,17,1,13,9,18],[3,15,7,23,11,19,17,21,1,13,9,18],[7,19,15,11,3,23,21,1,13,17,9,18],[23,3,15,7,19,11,21,1,13,17,9,10,22],[7,11,15,3,19,23,21,17,1,13,9,18],[7,3,15,23,11,19,17,21,1,13,9,18],[15,19,23,7,3,11,21,17,1,13,9,18],[15,23,3,7,11,19,21,1,13,17,9,18],[7,3,11,23,15,19,17,21,1,13,9,18],[23,11,7,15,3,19,17,21,1,13,9,10,18],[23,11,7,15,19,3,21,1,17,13,9,18],[11,7,23,3,15,19,17,21,1,13,9,10,22],[7,23,19,3,11,15,21,17,1,13,9,18],[3,15,19,11,7,23,17,21,1,13,9,10,5,22],[11,7,23,3,19,15,21,17,1,13,9,18],[3,7,23,11,19,15,17,21,1,13,9,18],[15,19,7,3,23,11,21,17,1,13,9,18],[7,23,3,11,15,19,17,21,1,13,9,10,22],[7,3,19,15,23,11,21,1,13,9,17,10,18],[3,7,11,15,19,23,21,1,13,9,17,18],[15,11,7,3,19,23,21,17,1,13,9,18],[3,7,15,23,19,11,21,1,13,17,9,10,5,18],[3,7,23,15,19,11,17,21,1,13,9,10,22],[7,11,23,3,15,19,17,21,1,13,9,10,22],[7,15,19,11,3,23,17,21,1,13,9,18],[23,3,19,15,7,11,21,1,13,9,17,18],[19,7,15,11,3,23,17,21,1,13,9,18],[15,19,7,3,23,11,21,17,1,13,9,10,5,22],[23,11,7,15,19,3,21,1,17,13,9,10,5,18],[15,3,7,19,23,11,21,17,1,13,9,10,5,18],[19,15,23,7,11,3,21,1,17,13,9,10,22],[23,3,19,9,7,15,11,21,17,1,13,10,8,22],[23,19,15,11,7,3,17,21,1,13,9,18],[3,11,15,19,7,23,21,17,1,13,9,10,22],[15,11,7,23,3,19,21,17,1,13,9,18],[23,15,19,3,7,11,17,21,1,13,9,10,18],[3,23,19,7,15,11,17,21,1,13,9,10,5,18],[7,3,23,19,15,11,17,21,1,13,9,10,22],[11,19,23,15,7,3,21,17,1,13,9,18],[7,23,19,11,15,3,21,1,17,13,9,10,18],[19,7,3,15,23,11,17,21,1,13,9,10,22],[3,11,7,23,19,15,21,1,17,13,9,18],[7,11,19,3,23,15,17,21,1,13,9,18],[15,3,7,11,19,23,21,1,17,13,9,10,18],[3,7,23,11,19,15,17,21,1,13,9,18],[15,23,11,19,3,7,17,21,1,13,9,18],[15,19,7,11,23,3,17,21,1,13,9,10,5],[15,3,7,23,11,19,21,17,1,13,9,18],[15,3,11,19,23,7,17,21,1,13,9,18],[19,23,3,7,15,11,21,1,17,13,9,18],[11,15,23,7,3,19,21,17,1,13,9,18],[15,3,23,11,19,7,17,21,1,13,9,18],[19,15,11,7,3,23,21,17,1,13,9,18],[3,15,19,11,23,7,21,17,1,13,9,10,18],[11,23,7,19,15,3,21,17,1,13,9,18],[3,11,19,7,15,23,17,21,1,13,9,18],[23,11,7,19,15,3,17,21,1,13,9,10,14],[3,19,7,23,11,15,21,1,17,13,9,10,5],[23,15,3,19,11,7,21,1,17,13,9,10,5,22],[3,7,23,11,15,19,21,17,1,13,9,18],[3,15,7,11,19,23,21,1,17,13,9,10,6,18],[23,11,3,19,15,7,21,1,13,9,17,18],[11,15,19,7,3,23,17,21,1,13,9,18],[11,3,15,7,23,19,17,21,1,13,9,18],[7,11,19,23,3,15,21,1,17,13,9,18],[23,15,7,11,3,19,17,21,1,13,9,10,8,18],[3,7,11,19,15,23,21,1,17,13,9,18],[3,11,23,7,19,15,17,21,1,13,9,10,18],[19,7,3,15,11,23,21,1,17,13,9,18],[15,11,7,19,23,3,17,21,1,13,9,10,5,18],[23,3,7,19,11,15,17,21,1,13,9,18],[19,11,3,7,23,15,17,21,1,13,9,10,22],[19,15,11,7,23,3,17,21,1,13,9,18],[3,15,11,23,19,7,21,1,13,9,17,10,18],[19,13,7,23,3,11,21,15,17,1,9,18],[15,23,19,11,7,3,21,1,13,9,17,18],[11,7,23,15,19,3,17,21,1,13,9,18],[15,11,19,7,23,3,21,17,1,13,9,10,18],[15,7,11,3,23,19,17,21,1,13,9,18],[19,15,23,3,11,7,17,21,1,13,9,10,22],[3,19,15,23,11,7,17,21,1,13,9,18],[15,7,23,3,11,19,17,21,1,13,9,10,6,22],[19,11,23,3,7,15,17,21,1,13,9,18],[19,11,15,7,23,3,21,1,17,13,9,10,18],[7,15,11,19,3,23,21,1,13,17,9,18],[7,19,15,3,11,23,21,1,17,13,9,18],[23,19,15,3,7,11,17,21,1,13,9,18],[3,19,7,23,11,15,17,21,1,13,9,18],[23,19,7,15,11,3,21,17,1,13,9,10,6,18],[3,19,15,23,11,7,17,21,1,13,9,18],[3,11,19,23,7,15,17,21,1,13,9,18],[23,3,11,7,19,15,21,17,1,13,9,10,18],[19,3,7,23,15,11,21,17,1,13,9,18],[7,19,15,3,11,23,17,21,1,13,9,18],[3,19,23,7,15,11,21,17,1,13,9,10,5,18],[19,7,11,3,23,15,21,1,13,17,9,10,18],[11,3,7,23,19,15,17,21,1,13,9,10,22],[7,3,15,11,19,23,21,1,17,13,9,10,22],[23,11,19,7,1,15,21,13,17,9,18],[3,15,23,7,11,19,21,17,1,13,9,10,5,18],[11,23,3,15,7,19,17,21,1,13,9,18],[11,7,23,3,15,19,17,21,1,13,9,10,22],[3,11,23,19,7,15,21,1,13,17,9,18],[7,3,15,19,11,23,17,21,1,13,9,10,22],[19,3,23,11,7,15,17,21,1,13,9,18],[15,19,11,7,3,23,17,21,1,13,9,10,22],[23,11,15,3,7,19,21,17,1,13,9,18],[3,19,11,15,7,23,21,17,1,13,9,18],[7,19,11,15,3,23,17,21,1,13,9,18],[19,23,11,15,7,3,21,1,17,13,9,10,18],[15,7,3,23,19,11,17,21,1,13,9,10,20],[3,23,15,7,11,19,17,21,1,13,9,18],[7,3,15,23,11,19,21,17,1,13,9,18],[23,15,11,19,3,7,17,21,1,13,9,10,5],[11,23,19,7,15,1,17,21,13,9,18],[23,19,3,7,11,15,21,17,1,13,9,10,5,22],[23,15,11,3,7,19,21,17,1,13,9,10,6,22],[15,3,11,19,23,7,17,21,1,13,9,10,18],[23,15,19,11,7,3,17,21,1,13,9,10,8,22],[23,7,19,11,15,3,21,17,1,13,9,18],[15,19,11,3,23,7,21,1,13,9,17,18],[3,23,15,7,19,11,21,17,1,13,9,18],[7,11,19,23,3,15,17,21,1,13,9,10,5,22],[19,15,11,23,7,3,17,21,1,13,9,18],[23,7,19,11,3,15,21,17,1,13,9,12,18],[7,11,15,3,19,23,17,21,1,13,9,18],[19,3,23,11,7,15,21,17,1,13,9,18],[19,23,7,11,3,15,17,21,1,13,9,10,18],[7,19,23,11,15,3,21,17,1,13,9,10,18],[11,23,19,15,3,7,17,21,1,13,9,18],[15,7,23,11,19,3,17,21,1,13,9,10,5,18],[19,7,15,11,23,3,21,1,17,13,9,18],[11,7,15,23,19,3,17,21,1,13,9,10,22],[15,7,3,11,23,19,21,1,17,13,9,18],[11,19,3,15,7,23,17,21,1,13,9,10,5,18],[7,3,11,19,23,15,21,17,1,13,9,10,20],[11,15,3,19,23,7,21,1,17,13,9,18],[7,23,11,19,3,15,17,21,1,13,9,10,5,22],[15,23,7,11,19,3,21,1,17,13,9,18],[7,11,15,23,19,3,21,17,1,13,9,10,22],[19,15,7,11,3,23,21,1,13,9,17,18],[19,11,7,15,23,3,21,17,1,13,9,18],[7,3,19,23,11,15,21,17,1,13,9,10,18],[11,7,23,15,3,19,21,1,13,17,9,10,22],[15,19,3,7,23,11,21,1,13,17,9,10,6,18],[15,11,19,23,3,7,21,1,13,9,17,18],[15,11,7,19,23,3,21,17,1,13,9,10,18],[19,7,3,11,15,23,17,21,1,13,9,18],[15,23,19,3,7,11,21,1,13,9,17,10,22],[19,3,23,7,15,11,17,21,1,13,9,18],[11,15,19,7,23,3,21,17,1,13,9,18],[19,15,11,3,7,23,21,1,17,13,9,10,14],[19,3,23,15,11,7,17,21,1,13,9,10,6,18],[11,19,7,3,23,15,21,17,1,13,9,10,18],[11,7,3,23,15,19,17,21,1,13,9,10,18],[3,19,11,15,7,23,17,21,1,13,9,18],[11,15,3,19,7,23,17,21,1,13,9,18],[3,11,15,19,23,7,17,21,1,13,9,10,18],[11,19,15,7,3,23,21,17,1,13,9,18],[11,3,23,19,15,7,17,21,1,13,9,10,22],[15,7,19,11,3,23,21,17,1,13,9,18],[7,19,23,11,3,15,17,21,1,13,9,18],[3,19,11,23,15,7,17,21,1,13,9,18],[3,7,23,19,15,11,17,21,1,13,9,18],[7,11,23,15,19,3,21,17,1,13,9,10,22],[15,3,23,7,19,11,17,21,1,13,9,10,22],[23,11,3,7,19,15,21,1,13,17,9,18],[23,11,3,7,19,15,17,21,1,13,9,18],[3,23,15,7,11,19,21,1,17,13,9,10,22],[15,23,19,7,3,11,17,21,1,13,9,10,5,18],[23,19,15,3,7,11,21,1,17,13,9,18],[7,19,23,3,11,15,21,17,1,13,9,18],[19,3,11,23,7,15,21,1,13,9,17,10,18],[7,19,23,11,3,15,17,21,1,13,9,18],[7,23,11,3,15,19,21,1,17,13,9,10,22],[3,15,11,23,19,7,17,21,1,13,9,18],[7,19,23,11,3,15,17,21,1,13,9,18],[19,23,7,11,15,3,17,21,1,13,9,10,5,18],[23,11,15,19,7,3,17,21,1,13,9,10,5,22],[19,11,3,7,23,15,17,21,1,13,9,10,22],[15,11,7,19,23,3,21,1,17,13,9,18],[7,11,19,23,3,15,21,17,1,13,9,10,18],[23,11,15,19,3,7,21,17,1,13,9,18],[19,15,23,11,7,3,17,21,1,13,9,10,18],[15,23,3,7,19,11,21,1,17,13,9,10,22],[3,19,15,23,7,11,17,21,1,13,9,10,5,14],[11,23,7,19,15,3,17,21,1,13,9,10,8,22],[19,11,15,7,3,23,21,1,17,13,9,18],[23,3,11,7,15,19,21,17,1,13,9,18],[11,19,23,7,15,3,17,21,1,13,9,10,6,22],[23,11,7,3,19,15,17,21,1,13,9,18],[23,11,3,7,19,15,17,21,1,13,9,10,18],[23,15,19,7,11,3,17,21,1,13,9,18],[11,7,15,19,3,23,17,21,1,13,9,18],[7,23,15,11,3,19,17,21,1,13,9,10,22],[11,23,15,7,19,3,21,1,17,13,9,10,22],[19,15,11,23,7,3,17,21,1,13,9,18],[19,7,23,11,15,3,17,21,1,13,9,10,22],[7,3,15,23,11,19,21,1,13,17,9,10,18],[19,15,11,3,7,23,21,1,13,17,9,18],[11,19,3,23,15,7,17,21,1,13,9,18],[19,7,23,3,11,15,17,21,1,13,9,18],[19,7,11,23,15,3,21,1,13,17,9,18],[15,23,11,7,3,19,17,21,1,13,9,10,5,18],[23,3,7,11,15,19,21,17,1,13,9,18],[11,3,7,23,19,15,17,21,1,13,9,18],[19,3,15,23,7,11,17,21,1,13,9,10,18],[15,7,19,3,11,23,21,1,13,9,17,18],[15,19,23,3,11,7,21,1,17,13,9,10,22],[15,19,11,3,23,7,21,17,1,13,9,10,5,18],[7,19,11,15,3,23,21,1,17,13,9,10,22],[3,19,7,15,11,23,17,21,1,13,9,10,5,22],[7,11,15,23,3,19,17,21,1,13,9,18],[23,15,7,3,19,11,17,21,1,13,9,10,8,18],[23,7,11,3,15,19,21,17,1,13,9,10,5,18],[15,3,7,11,19,23,17,21,1,13,9,18],[23,19,7,3,11,15,17,21,1,13,9,10,8,18],[19,3,7,11,15,23,21,17,1,13,9,10,18],[19,3,11,15,7,23,21,17,1,13,9,10,18],[23,3,7,11,15,19,21,17,1,13,9,18],[11,7,3,15,23,19,21,17,1,13,9,18],[23,11,15,7,3,19,17,21,1,13,9,10,22],[3,11,23,15,19,7,21,1,13,9,17,10,22],[23,19,11,15,7,3,17,21,1,13,9,18],[15,3,19,11,23,7,17,21,1,13,9,18],[11,7,15,23,19,3,17,21,1,13,9,10,18],[23,7,15,3,11,19,21,17,1,13,9,10,18],[23,19,15,7,11,3,17,21,1,13,9,10,5,18],[19,11,3,7,15,23,21,1,17,13,9,10,18],[19,7,3,23,15,11,21,17,1,13,9,18],[15,3,23,7,19,11,21,1,13,17,9,18],[7,15,23,19,3,11,17,21,1,13,9,18],[15,19,11,7,3,23,21,1,13,17,9,18],[19,3,11,15,7,23,17,21,1,13,9,10,5],[23,11,3,19,15,7,21,1,17,13,9,18],[15,11,19,3,7,23,17,21,1,13,9,18],[3,23,15,19,11,7,21,1,17,13,9,18],[7,15,11,19,3,23,21,17,1,13,9,10,18],[11,19,7,3,23,15,21,1,13,9,17,10,22],[19,3,23,5,11,15,17,21,1,13,9,7,18],[11,7,3,19,23,15,21,17,1,13,9,10,22],[11,3,15,19,23,7,17,21,1,13,9,10,18],[19,15,7,3,11,23,17,21,1,13,9,10,18],[11,23,7,3,19,15,17,21,1,13,9,10,18],[7,19,11,23,3,15,17,21,1,13,9,10,5,18],[11,19,23,3,7,15,21,1,17,13,9,10,18],[19,11,15,23,3,7,17,21,1,13,9,18],[3,19,23,15,7,11,21,17,1,13,9,10,8,18],[3,19,7,23,15,11,21,1,13,17,9,18],[11,23,3,19,7,15,21,1,17,13,9,18],[3,7,23,11,15,19,17,21,1,13,9,10,5,18],[23,11,3,19,15,7,17,21,1,13,9,10,5],[23,15,19,11,3,7,21,1,13,9,17,10,5],[15,3,23,19,7,11,17,21,1,13,9,18],[15,19,3,23,7,11,21,1,17,13,9,18],[15,3,23,11,7,19,21,1,17,13,9,18],[23,11,19,7,3,15,17,21,1,13,9,10,22],[7,3,11,15,19,23,21,17,1,13,9,18],[11,7,15,19,23,3,21,17,1,13,9,18],[3,7,15,11,23,19,17,21,1,13,9,10,6,18],[23,19,3,11,15,7,17,21,1,13,9,10,18],[7,11,3,15,19,23,17,21,1,13,9,18],[7,19,3,15,23,11,17,21,1,13,9,10,5,22],[11,15,7,23,3,19,21,17,1,13,9,18],[15,19,23,7,3,11,17,21,1,13,9,10,18],[7,11,3,15,19,23,17,21,1,13,9,18],[23,15,11,7,3,19,21,17,1,13,9,18],[7,11,23,15,19,3,21,17,1,13,9,10,18],[11,7,19,15,3,23,21,1,17,13,9,10,22],[7,11,19,15,23,3,21,17,1,13,9,10,8,14],[23,11,15,7,19,3,21,17,1,13,9,18],[23,11,15,3,19,7,17,21,1,13,9,10,22],[7,23,11,3,19,15,17,21,1,13,9,18],[19,7,11,15,3,23,17,21,1,13,9,18],[7,15,11,19,3,23,17,21,1,13,9,18],[11,3,23,15,7,19,17,21,1,13,9,10,18],[15,23,7,11,19,3,21,1,13,9,17,10,5,22],[3,7,23,15,19,11,17,21,1,13,9,10,22],[19,11,3,15,7,23,21,17,1,13,9,18],[11,23,3,7,15,19,21,1,13,9,17,10,5],[19,11,3,7,15,23,17,21,1,13,9,10,5,22],[3,7,19,11,15,23,17,21,1,13,9,18],[3,15,23,7,19,11,17,21,1,13,9,18],[7,15,11,23,19,3,21,17,1,13,9,18],[11,19,3,23,15,7,21,1,17,13,9,18],[15,7,3,11,19,23,21,17,1,13,9,10,14],[23,7,11,3,15,19,21,17,1,13,9,18],[11,23,15,19,7,3,17,21,1,13,9,18],[23,19,3,11,15,7,17,21,1,13,9,18],[19,3,7,23,11,15,21,1,13,9,17,18],[7,11,23,15,3,19,21,1,17,13,9,18],[15,19,7,3,11,23,17,21,1,13,9,18],[11,23,15,3,7,19,17,21,1,13,9,10,22],[3,23,19,7,15,11,17,21,1,13,9,10,22],[23,3,15,19,7,11,17,21,1,13,9,10,22],[7,3,23,19,15,11,21,1,17,13,9,18],[11,23,15,3,7,19,21,1,13,9,17,10,18],[23,11,19,15,7,3,17,21,1,13,9,18],[11,15,19,7,23,3,17,21,1,13,9,10,5,18],[15,23,3,19,7,11,21,1,13,9,17,18],[7,15,19,23,11,3,21,17,1,13,9,18],[3,19,11,23,15,7,21,17,1,13,9,18],[7,23,19,3,11,15,17,21,1,13,9,18],[3,23,15,7,11,19,17,21,1,13,9,10,5],[3,19,11,23,15,7,21,1,13,9,17,10,5],[23,11,19,3,7,15,17,21,1,13,9,18],[19,11,3,15,23,7,17,21,1,13,9,10,18],[23,19,7,11,15,3,21,1,17,13,9,18],[23,3,7,15,19,11,17,21,1,13,9,18],[23,3,15,11,19,7,21,17,1,13,9,10,18],[3,15,11,23,19,7,21,17,1,13,9,18],[19,7,15,23,11,3,21,17,1,13,9,18],[7,11,15,19,23,3,21,1,13,17,9,18],[15,23,3,7,19,11,21,1,13,9,17,10,22],[3,7,11,15,19,23,21,17,1,13,9,10,5,18],[15,23,19,7,3,11,17,21,1,13,9,10,18],[3,7,19,11,23,15,17,21,1,13,9,10,18],[11,19,23,15,7,3,17,21,1,13,9,18],[3,11,23,15,7,19,21,17,1,13,9,18],[7,23,19,11,3,15,17,21,1,13,9,10,18],[19,15,7,3,11,23,21,17,1,13,9,18],[7,23,11,15,3,19,17,21,1,13,9,10,18],[15,3,19,23,7,11,21,1,17,13,9,18],[11,23,7,19,3,15,21,1,13,9,17,10,5,18],[11,15,19,23,7,3,17,21,1,13,9,10,5],[7,15,23,19,11,3,21,1,13,17,9,10,8,18],[19,3,23,7,15,11,21,1,13,17,9,18],[3,7,15,19,11,23,21,17,1,13,9,10,5],[3,15,19,7,23,11,17,21,1,13,9,10,14],[11,3,7,15,19,23,21,1,17,13,9,10,5,18],[23,15,7,3,11,19,21,1,17,13,9,18],[11,3,23,15,7,19,17,21,1,13,9,18],[3,19,15,7,23,11,17,21,1,13,9,10,5,22],[19,7,3,15,23,11,17,21,1,13,9,10,18],[7,15,19,23,3,11,17,21,1,13,9,18],[15,3,19,7,11,23,21,1,13,17,9,10,22],[15,23,3,11,7,19,21,17,1,13,9,18],[3,7,11,19,23,15,21,17,1,13,9,18],[19,7,23,15,3,11,17,21,1,13,9,10,18],[19,7,11,15,23,3,17,21,1,13,9,18],[23,19,15,11,7,3,21,17,1,13,9,10,5,22],[19,7,3,23,11,15,17,21,1,13,9,18],[3,11,7,19,23,15,21,1,13,9,17,10,5,18],[7,11,19,3,15,23,21,17,1,13,9,10,22],[11,3,19,23,15,7,17,21,1,13,9,18],[15,3,11,7,19,23,21,1,13,17,9,10,18],[7,11,19,23,15,3,17,21,1,13,9,18],[3,15,11,19,7,23,21,1,13,17,9,10,18],[11,23,15,19,3,7,21,17,1,13,9,10,5,22],[19,11,7,15,23,3,21,17,1,13,9,10,22],[23,3,19,7,15,11,21,17,1,13,9,18],[7,15,11,23,3,19,17,21,1,13,9,18],[15,23,7,11,19,3,17,21,1,13,9,10,14],[15,23,7,19,3,11,21,17,1,13,9,10,22],[11,15,7,3,19,23,21,1,13,17,9,18],[19,3,7,11,23,15,21,17,1,13,9,10,22],[15,7,19,23,11,3,21,17,1,13,9,10,22],[3,7,19,23,15,11,17,21,1,13,9,18],[7,3,23,15,19,11,17,21,1,13,9,10,5,22],[11,3,19,23,15,7,17,21,1,13,9,10,22],[15,11,19,7,3,23,17,21,1,13,9,10,22],[19,7,23,3,11,15,17,21,1,13,9,10,22],[11,19,15,23,7,3,21,1,13,17,9,18],[3,7,19,15,23,11,17,21,1,13,9,18],[7,23,11,19,3,15,17,21,1,13,9,10,22],[3,23,19,11,15,7,17,21,1,13,9,10,22],[3,7,9,15,23,19,11,21,17,1,13,10,18],[3,11,19,7,23,15,21,17,1,13,9,18],[11,3,7,19,15,23,21,1,13,17,9,10,18],[11,19,23,15,7,3,21,1,17,13,9,10,18],[15,11,3,19,7,23,17,21,1,13,9,18],[7,19,23,11,15,3,21,1,13,9,17,10,18],[7,15,3,23,19,11,21,1,13,17,9,18],[11,7,23,15,19,3,21,1,17,13,9,10,18],[7,3,11,15,23,19,17,21,1,13,9,10,18],[23,3,19,15,11,7,17,21,1,13,9,10,22],[23,11,19,7,15,3,17,21,1,13,9,10,22],[15,7,3,23,19,11,17,21,1,13,9,18],[3,23,19,7,15,11,21,17,1,13,9,18],[11,3,15,23,19,7,17,21,1,13,9,18],[11,19,3,7,15,23,21,17,1,13,9,18],[15,23,11,7,3,19,17,21,1,13,9,10,5,18],[7,3,11,19,23,15,17,21,1,13,9,18],[23,19,15,3,7,11,21,17,1,13,9,18],[15,23,19,3,7,11,21,17,1,13,9,10,5,22],[11,23,3,19,7,15,17,21,1,13,9,10,22],[23,3,15,7,11,19,17,21,1,13,9,18],[7,23,11,3,19,15,17,21,1,13,9,18],[3,11,23,15,7,19,21,17,1,13,9,18],[23,3,7,19,11,15,21,1,17,13,9,10,22],[3,15,11,19,7,23,17,21,1,13,9,10,5,22],[19,23,11,7,3,15,17,21,1,13,9,18],[15,23,3,7,11,19,21,17,1,13,9,18],[23,7,15,19,3,11,17,21,1,13,9,10,22],[23,7,19,11,3,15,21,17,1,13,9,18],[7,19,23,15,3,11,17,21,1,13,9,10,8,22],[15,19,3,7,11,23,21,17,1,13,9,10,14],[3,11,19,7,23,15,17,21,1,13,9,18],[15,7,23,3,11,19,21,1,13,9,17,18],[3,19,7,23,15,11,17,21,1,13,9,18],[3,11,15,23,7,19,21,17,1,13,9,10,5,18],[11,7,19,15,3,23,21,17,1,13,9,18],[7,23,3,15,11,19,17,21,1,13,9,10,20],[7,23,3,19,15,11,17,21,1,13,9,18],[11,15,3,7,19,23,17,21,1,13,9,18],[19,11,15,7,23,3,17,21,1,13,9,10,5,18],[23,11,3,15,19,7,17,21,1,13,9,10,5,18],[23,11,7,3,15,19,21,17,1,13,9,18],[3,15,19,23,7,11,21,17,1,13,9,18],[23,11,15,19,7,3,21,1,13,9,17,10,18],[23,11,19,15,3,7,17,21,1,13,9,18],[19,15,23,3,7,11,21,1,13,9,17,10,5,18],[3,11,23,15,19,7,17,21,1,13,9,10,22],[3,23,7,15,19,11,17,21,1,13,9,10,18],[23,11,15,3,19,7,17,21,1,13,9,18],[23,15,7,11,19,3,17,21,1,13,9,10,22],[15,11,23,3,19,7,21,17,1,13,9,10,18],[11,19,7,15,23,3,21,17,1,13,9,10,5],[23,11,7,15,3,19,21,17,1,13,9,18],[19,7,3,15,11,23,21,1,13,17,9,10,18],[23,15,3,11,7,19,21,17,1,13,9,18],[11,19,3,15,23,7,17,21,1,13,9,18],[15,7,3,23,11,19,17,21,1,13,9,10,5,18],[7,15,23,11,19,3,17,21,1,13,9,18],[7,15,23,3,19,11,21,17,1,13,9,18],[11,23,3,19,15,7,17,21,1,13,9,10,5,22],[19,15,11,3,7,23,21,1,13,9,17,10,22],[23,11,15,19,7,3,17,21,1,13,9,10,18],[7,11,3,19,15,23,21,1,17,13,9,18],[19,11,3,23,7,15,17,21,1,13,9,10,22],[15,11,23,7,3,19,17,21,1,13,9,10,5,18],[23,7,19,11,3,15,21,17,1,13,9,10,5,20],[7,19,23,11,3,15,21,1,13,9,17,18],[23,3,7,15,11,19,21,17,1,13,9,18],[7,3,23,19,15,11,21,1,17,13,9,10,5,22],[19,15,11,23,3,7,17,21,1,13,9,10,18],[19,7,11,3,15,23,21,1,13,9,17,10,18],[7,15,23,19,11,3,21,1,13,17,9,10,22],[15,3,19,11,7,23,21,1,13,17,9,18],[7,23,3,19,15,11,17,21,1,13,9,18],[15,11,3,19,7,23,17,21,1,13,9,10,5,18],[11,23,15,3,7,19,17,21,1,13,9,18],[11,23,3,19,7,15,21,17,1,13,9,10,5,18],[3,11,19,15,23,7,21,1,17,13,9,10,5,22],[23,15,19,11,3,7,21,17,1,13,9,18],[11,3,15,23,19,7,21,17,1,13,9,10,5,18],[19,15,3,11,23,7,17,21,1,13,9,18],[19,15,23,7,11,3,17,21,1,13,9,18],[11,7,3,23,15,19,21,17,1,13,9,10,5],[7,19,11,15,3,23,21,1,17,13,9,10,6,22],[7,19,3,11,23,15,21,1,17,13,9,18],[15,19,7,11,23,3,21,1,17,13,9,10,18],[19,7,15,23,11,3,21,17,1,13,9,10,6,18],[7,3,23,11,15,19,21,17,1,13,9,18],[15,7,23,19,3,11,17,21,1,13,9,10,5],[23,3,11,7,15,19,17,21,1,13,9,18],[15,19,23,3,7,11,21,17,1,13,9,18],[3,23,7,19,15,11,21,17,1,13,9,10,18],[11,15,7,19,23,3,17,21,1,13,9,10,22],[23,15,19,11,7,3,21,1,17,13,9,10,22],[19,15,7,3,23,11,17,21,1,13,9,18],[19,11,3,23,5,15,17,21,1,13,9,7,18],[15,7,23,11,3,19,17,21,1,13,9,10,5,18],[3,23,19,15,11,7,17,21,1,13,9,10,18],[11,3,15,23,7,19,17,21,1,13,9,18],[3,23,11,7,15,19,21,17,1,13,9,10,22],[3,23,11,7,15,19,21,1,13,9,17,18],[11,3,15,23,19,7,17,21,1,13,9,10,18],[11,23,3,19,7,15,21,1,13,17,9,10,5,22],[3,15,7,19,11,23,17,21,1,13,9,18],[15,23,19,11,7,3,21,17,1,13,9,10,8,22],[3,15,7,23,11,19,21,17,1,13,9,18],[19,7,11,23,3,15,17,21,1,13,9,18],[7,3,11,15,23,19,17,21,1,13,9,18],[7,19,23,15,3,11,21,1,13,17,9,18],[23,7,11,15,19,3,17,21,1,13,9,10,18],[11,3,19,23,7,15,21,17,1,13,9,10,5,18],[11,19,3,7,15,23,21,17,1,13,9,18],[7,11,3,19,15,23,17,21,1,13,9,10,5,22],[19,7,23,3,15,11,17,21,1,13,9,18],[11,7,19,23,3,15,21,1,13,9,17,18],[11,15,7,3,19,23,17,21,1,13,9,10,5],[3,23,19,11,15,7,21,17,1,13,9,10,5],[19,3,7,23,15,11,17,21,1,13,9,10,18],[15,3,23,7,11,19,21,17,1,13,9,10,18],[3,11,23,15,19,7,17,21,1,13,9,18],[15,19,11,23,3,7,21,1,13,17,9,10,5,18],[23,3,7,19,13,11,17,21,15,1,9,10,22],[3,11,15,19,7,23,21,17,1,13,9,18],[3,23,15,19,11,7,17,21,1,13,9,18],[23,7,3,15,19,11,17,21,1,13,9,10,8,18],[23,15,3,19,11,7,21,1,13,17,9,10,5,22],[23,19,7,11,3,15,21,17,1,13,9,18],[19,11,3,23,7,15,21,1,13,9,17,10,22],[7,11,23,19,3,15,17,21,1,13,9,18],[23,3,19,15,7,11,17,21,1,13,9,10,8,22],[23,7,11,19,3,15,21,1,17,13,9,10,5,22],[23,15,7,11,19,3,17,21,1,13,9,18],[3,7,23,15,11,19,21,1,13,17,9,18],[23,15,3,19,7,11,21,1,13,17,9,10,5,14],[19,7,11,3,23,15,21,17,1,13,9,18],[7,23,15,19,3,11,21,1,17,13,9,18],[15,19,23,7,11,3,17,21,1,13,9,10,18],[7,11,23,3,19,15,17,21,1,13,9,18],[19,7,23,11,15,3,21,1,13,9,17,10,18],[19,3,23,7,11,15,17,21,1,13,9,18],[7,3,23,19,11,15,17,21,1,13,9,10,5],[19,7,23,11,3,15,21,17,1,13,9,10,5,22],[19,7,23,15,11,3,21,17,1,13,9,10,5,22],[11,3,15,7,19,23,21,17,1,13,9,10,22],[19,23,7,11,15,3,21,1,17,13,9,10,5,18],[19,3,15,23,11,7,17,21,1,13,9,10,18],[7,15,19,23,11,3,17,21,1,13,9,18],[3,19,7,23,15,11,21,1,13,9,17,10,22],[3,15,19,11,23,7,17,21,1,13,9,18],[11,23,7,15,3,19,21,17,1,13,9,18],[19,11,7,3,23,15,21,17,1,13,9,10,5,18],[11,15,23,19,7,3,21,17,1,13,9,18],[23,19,7,3,11,15,21,1,17,13,9,10,18],[11,7,19,23,3,15,21,1,17,13,9,10,8,22],[7,23,19,11,15,3,17,21,1,13,9,18],[23,3,19,11,15,7,17,21,1,13,9,18],[19,3,7,15,11,23,21,17,1,13,9,10,22],[11,23,15,7,3,19,21,17,1,13,9,18],[15,19,23,3,7,11,21,17,1,13,9,18],[15,7,19,23,11,3,17,21,1,13,9,18],[19,7,15,11,3,23,17,21,1,13,9,18],[19,3,15,11,7,23,17,21,1,13,9,10,8,18],[11,3,23,7,15,19,21,1,17,13,9,18],[15,3,11,23,7,19,21,17,1,13,9,18],[3,7,15,11,19,23,17,21,1,13,9,10,18],[11,15,7,19,3,23,17,21,1,13,9,10,6,22],[19,15,3,11,7,23,21,17,1,13,9,18],[19,11,3,7,23,15,17,21,1,13,9,10,5,18],[3,11,7,15,23,19,17,21,1,13,9,18],[15,21,7,3,19,11,17,1,13,23,9,10,18],[11,23,3,19,7,15,17,21,1,13,9,10,22],[19,11,15,3,23,7,17,21,1,13,9,10,18],[7,23,15,3,19,11,17,21,1,13,9,18],[15,11,7,23,19,3,21,17,1,13,9,18],[23,15,3,7,19,11,17,21,1,13,9,10,18],[3,19,11,15,23,5,21,1,17,13,9,7,18],[15,23,7,3,11,19,21,17,1,13,9,18],[19,7,15,3,23,11,17,21,1,13,9,10,5,18],[15,3,11,7,23,19,17,21,1,13,9,18],[7,19,3,15,23,11,21,1,13,9,17,10,5,18],[7,11,15,19,3,23,21,1,13,17,9,18],[19,15,23,11,3,7,17,21,1,13,9,10,22],[11,23,3,7,19,15,17,21,1,13,9,18],[15,19,23,3,7,11,17,21,1,13,9,10,18],[23,3,15,11,19,7,21,17,1,13,9,18],[7,23,15,19,11,3,17,21,1,13,9,18],[19,15,7,3,23,11,17,21,1,13,9,18],[15,7,19,11,3,23,17,21,1,13,9,10,22],[15,23,3,19,7,11,17,21,1,13,9,18],[11,3,7,19,15,23,21,1,17,13,9,18],[7,3,11,23,19,15,21,1,17,13,9,18],[19,23,7,11,15,3,21,17,1,13,9,10,22],[15,11,19,7,3,23,21,1,17,13,9,18],[19,11,15,23,3,7,21,17,1,13,9,10,5,22],[11,3,23,7,19,15,17,21,1,13,9,10,5,18],[3,7,11,15,19,23,21,17,1,13,9,18],[11,3,19,15,23,7,17,21,1,13,9,10,18],[11,3,7,23,19,15,21,1,17,13,9,10,22],[7,23,11,15,19,3,21,17,1,13,9,10,22],[11,19,15,3,23,7,21,1,17,13,9,10,22],[7,3,15,23,19,11,17,21,1,13,9,10,5,18],[15,23,19,3,11,7,21,17,1,13,9,18],[19,15,11,7,3,23,21,1,13,9,17,18],[19,7,23,11,3,15,21,17,1,13,9,10,18],[11,19,3,7,23,15,21,17,1,13,9,18],[7,23,15,19,3,11,21,17,1,13,9,18],[15,23,7,19,3,11,17,21,1,13,9,10,5,22],[7,19,15,23,11,3,21,1,13,17,9,10,18],[3,11,15,7,23,19,21,1,17,13,9,10,22],[7,23,15,19,11,3,17,21,1,13,9,18],[23,15,11,19,3,7,17,21,1,13,9,18],[7,15,3,23,19,11,21,1,17,13,9,18],[3,19,15,11,7,23,21,17,1,13,9,10,18],[11,7,15,3,23,19,17,21,1,13,9,18],[3,15,11,7,23,19,17,21,1,13,9,18],[3,7,19,15,11,23,17,21,1,13,9,10,5,18],[19,3,23,7,15,11,21,17,1,13,9,18],[15,19,7,23,11,3,17,21,1,13,9,18],[15,19,11,5,23,3,17,21,1,13,9,7,10,18],[7,19,3,11,15,23,21,1,17,13,9,10,18],[3,15,7,19,11,23,21,17,1,13,9,18],[15,11,7,23,19,3,21,17,1,13,9,18],[3,19,23,7,11,15,17,21,1,13,9,18],[7,11,3,23,19,15,17,21,1,13,9,18],[11,7,23,3,15,19,17,21,1,13,9,18],[23,19,11,7,15,3,21,1,13,17,9,18],[11,3,15,7,19,23,21,17,1,13,9,18],[19,3,15,11,7,23,17,21,1,13,9,10,5,18],[15,11,23,7,19,3,17,21,1,13,9,18],[19,7,11,23,15,3,17,21,1,13,9,18],[7,3,23,15,19,11,21,1,17,13,9,10,18],[19,11,23,7,3,15,17,21,1,13,9,10,5,22],[3,15,11,7,23,19,17,21,1,13,9,18],[3,7,23,19,15,11,17,21,1,13,9,10,18],[3,15,23,7,19,11,21,1,17,13,9,18],[23,3,15,7,19,11,21,1,17,13,9,10,6,22],[7,11,15,19,3,23,17,21,1,13,9,18],[3,11,15,19,7,23,21,17,1,13,9,18],[23,3,19,15,7,11,17,21,1,13,9,18],[23,3,11,15,19,7,21,1,17,13,9,18],[23,19,15,11,3,7,17,21,1,13,9,18],[15,11,7,19,3,23,21,1,17,13,9,10,8,22],[19,3,23,15,11,7,17,21,1,13,9,18],[11,3,7,19,15,23,21,17,1,13,9,18],[11,15,3,19,7,23,17,21,1,13,9,18],[19,3,23,15,11,7,17,21,1,13,9,10,5,18],[23,15,11,19,3,7,21,17,1,13,9,10,22],[23,3,15,11,19,7,17,21,1,13,9,10,22],[11,15,23,7,19,3,21,17,1,13,9,10,18],[11,15,19,3,23,7,17,21,1,13,9,18],[23,7,3,15,11,19,17,21,1,13,9,18],[15,11,19,3,7,23,21,1,13,9,17,18],[23,11,3,15,7,19,21,1,17,13,9,10,18],[23,11,3,7,15,19,21,17,1,13,9,18],[11,3,7,15,23,19,21,17,1,13,9,18],[7,19,15,3,23,11,21,1,17,13,9,10,6,22],[7,19,3,11,15,23,21,17,1,13,9,18],[11,15,19,7,3,23,17,21,1,13,9,10,8,22],[7,3,23,11,15,19,17,21,1,13,9,18],[11,19,23,15,3,7,17,21,1,13,9,18],[23,19,3,15,11,7,17,21,1,13,9,18],[11,23,3,19,7,15,17,21,1,13,9,18],[3,11,7,23,15,19,17,21,1,13,9,18],[19,23,11,3,15,7,17,21,1,13,9,18],[23,7,3,19,11,15,17,21,1,13,9,18],[23,15,7,3,19,11,17,21,1,13,9,18],[3,19,23,11,15,7,17,21,1,13,9,10,5,22],[19,15,23,3,11,7,21,1,13,17,9,18],[19,11,7,3,23,15,17,21,1,13,9,18],[7,19,15,1,11,23,17,21,13,9,10,3,5,22],[11,3,19,7,15,23,21,1,13,9,17,18],[7,19,11,15,23,3,17,21,1,13,9,18],[7,3,19,15,11,23,17,21,1,13,9,18],[15,3,11,7,19,23,21,17,1,13,9,18],[15,11,19,7,23,3,17,21,1,13,9,18],[23,11,7,15,19,3,17,21,1,13,9,18],[11,19,23,15,3,7,17,21,1,13,9,10,5,18],[11,7,19,23,3,15,17,21,1,13,9,10,5,22],[19,15,11,23,3,7,21,1,17,13,9,10,5],[11,23,7,15,3,19,17,21,1,13,9,10,18],[19,15,11,7,3,23,17,21,1,13,9,18],[11,15,19,3,23,7,17,21,1,13,9,10,5],[11,23,15,19,7,3,17,21,1,13,9,18],[19,3,11,23,7,15,21,1,17,13,9,18],[23,19,11,7,3,15,21,17,1,13,9,18],[11,3,23,7,19,15,21,17,1,13,9,10,5,22],[19,23,11,3,15,7,17,21,1,13,9,18],[23,19,3,7,15,11,21,17,1,13,9,10,22],[15,11,19,3,23,7,21,1,17,13,9,18],[11,3,7,15,19,23,21,1,17,13,9,10,18],[3,15,11,19,7,23,21,1,17,13,9,10,20],[11,7,23,19,15,3,17,21,1,13,9,18],[7,3,23,11,15,19,17,21,1,13,9,10,22],[15,3,19,23,7,11,17,21,1,13,9,18],[23,3,11,7,15,19,17,21,1,13,9,10,22],[11,3,19,15,23,7,17,21,1,13,9,10,22],[19,7,11,3,15,23,17,21,1,13,9,18],[11,19,3,23,15,7,17,21,1,13,9,10,22],[3,15,19,23,7,11,17,21,1,13,9,10,5],[11,23,7,3,19,15,21,17,1,13,9,10,5,18],[7,23,15,11,3,19,21,17,1,13,9,10,5,22],[23,11,15,19,7,3,21,17,1,13,9,18],[7,3,15,23,11,19,21,1,13,9,17,10,18],[7,19,11,15,3,23,17,21,1,13,9,10,18],[7,19,3,23,11,15,21,1,17,13,9,18],[15,11,7,23,19,3,17,21,1,13,9,18],[15,3,23,11,19,7,21,1,13,17,9,18],[3,19,15,7,11,23,17,21,1,13,9,10,8,22],[3,23,15,7,11,19,21,17,1,13,9,18],[11,23,15,3,19,7,21,17,1,13,9,18],[15,7,11,19,23,3,17,21,1,13,9,10,22],[23,15,19,7,3,11,17,21,1,13,9,10,5,18],[7,15,23,3,19,11,21,1,17,13,9,10,22],[3,7,11,19,15,23,21,1,13,17,9,10,18],[23,7,11,15,19,3,21,1,13,9,17,18],[7,11,23,15,3,19,21,1,17,13,9,18],[23,11,15,19,7,3,17,21,1,13,9,10,18],[19,23,7,15,3,11,21,1,13,9,17,18],[15,3,11,7,23,19,21,1,17,13,9,10,5,22],[11,7,19,23,15,3,21,17,1,13,9,10,22],[3,15,19,23,11,7,17,21,1,13,9,18],[23,11,15,19,3,7,17,21,1,13,9,10,18],[15,19,7,23,11,3,21,1,17,13,9,10,14],[3,11,7,15,23,19,17,21,1,13,9,18],[15,7,3,11,23,19,21,1,13,17,9,10,5,22],[11,3,19,23,15,7,17,21,1,13,9,18],[19,11,15,3,23,7,17,21,1,13,9,18],[7,3,15,19,11,23,17,21,1,13,9,10,18],[15,3,23,7,11,19,17,21,1,13,9,18],[23,11,7,19,3,15,21,17,1,13,9,18],[19,15,11,7,3,23,21,17,1,13,9,10,5,18],[7,23,19,3,15,11,21,17,1,13,9,10,22],[11,19,23,7,15,3,21,17,1,13,9,18],[3,7,11,19,15,23,17,21,1,13,9,18],[3,15,23,11,7,19,17,21,1,13,9,18],[15,3,23,7,11,19,21,17,1,13,9,18],[19,7,15,23,11,3,21,1,13,17,9,10,5,22],[11,3,23,19,7,15,21,17,1,13,9,10,18],[19,15,7,11,3,23,21,1,13,9,17,18],[23,7,19,11,15,3,21,17,1,13,9,10,22],[19,7,23,15,11,3,17,21,1,13,9,18],[3,7,15,23,19,11,21,17,1,13,9,18],[19,11,15,23,3,7,21,1,17,13,9,18],[23,15,3,7,11,19,21,1,17,13,9,18],[15,11,23,3,7,19,21,17,1,13,9,10,5],[19,15,11,7,23,3,17,21,1,13,9,18],[15,11,3,23,7,19,21,17,1,13,9,10,6,22],[23,3,19,15,11,7,21,1,17,13,9,10,5],[23,19,7,3,15,11,21,1,17,13,9,10,18],[19,23,11,3,15,7,17,21,1,13,9,10,22],[11,19,23,15,3,7,21,17,1,13,9,10,22],[23,15,11,19,3,7,17,21,1,13,9,10,18],[23,15,7,11,19,3,17,21,1,13,9,10,5,18],[23,15,7,11,19,3,17,21,1,13,9,10,22],[19,7,11,3,23,15,17,21,1,13,9,18],[23,19,3,11,7,15,21,1,17,13,9,10,18],[3,11,7,19,23,15,21,1,13,9,17,10,18],[11,3,15,7,23,19,21,17,1,13,9,10,18],[19,11,15,23,7,3,17,21,1,13,9,18],[3,7,11,19,15,23,21,17,1,13,9,10,5],[11,23,15,7,19,3,21,1,17,13,9,18],[15,3,11,19,23,7,21,17,1,13,9,10,22],[7,11,15,3,19,23,17,21,1,13,9,18],[7,3,15,23,19,11,17,21,1,13,9,10,18],[23,11,7,3,15,19,17,21,1,13,9,18],[11,15,19,3,23,7,21,1,17,13,9,10,18],[3,19,7,15,11,23,17,21,1,13,9,18],[15,19,11,23,7,3,17,21,1,13,9,18],[15,3,23,11,7,19,17,21,1,13,9,18],[19,15,7,11,23,3,21,1,13,9,17,10,5,18],[23,3,19,15,7,11,17,21,1,13,9,18],[15,3,11,23,7,19,21,17,1,13,9,18],[11,23,1,19,7,15,17,21,13,9,10,3,8,22],[3,19,11,23,15,7,21,1,17,13,9,18],[19,7,3,15,23,11,21,17,1,13,9,18],[11,7,19,3,23,15,21,17,1,13,9,18],[7,15,11,23,3,19,17,21,1,13,9,10,5,22],[11,15,7,3,19,23,17,21,1,13,9,18],[15,11,7,19,23,3,17,21,1,13,9,10,22],[23,15,19,7,11,3,21,17,1,13,9,10,6,18],[3,15,21,19,7,11,1,17,13,23,9,18],[19,23,15,7,3,11,21,17,1,13,9,10,18],[11,15,23,7,3,19,17,21,1,13,9,18],[3,19,7,15,23,11,21,17,1,13,9,18],[7,23,15,11,3,19,17,21,1,13,9,10,22],[19,23,15,3,11,7,17,21,1,13,9,10,5,18],[19,11,15,3,23,7,17,21,1,13,9,18],[3,15,19,7,23,11,17,21,1,13,9,18],[15,3,23,11,7,19,17,21,1,13,9,10,18],[23,11,7,3,15,19,21,1,13,17,9,18],[23,3,7,11,19,15,17,21,1,13,9,18],[19,3,15,7,11,23,21,17,1,13,9,10,14],[15,23,7,19,3,11,17,21,1,13,9,18],[15,7,11,23,19,3,21,1,13,9,17,10,5,22],[19,11,1,15,21,7,17,13,23,9,10,3,8,18],[11,3,23,7,19,15,21,17,1,13,9,18],[23,15,19,11,7,3,17,21,1,13,9,10,22],[15,23,11,3,7,19,21,1,17,13,9,10,8,22],[11,3,7,23,19,15,21,1,13,9,17,10,18],[3,19,11,23,7,15,17,21,1,13,9,18],[15,3,11,23,7,19,17,21,1,13,9,10,6,22],[11,15,19,7,23,3,21,17,1,13,9,18],[3,23,19,7,15,11,17,21,1,13,9,10,14],[3,7,23,19,11,15,21,17,1,13,9,18],[7,15,3,19,11,23,21,1,13,9,17,10,5,22],[3,11,15,19,23,7,17,21,1,13,9,18],[11,23,3,15,7,19,21,1,17,13,9,10,22],[7,19,23,15,11,3,21,17,1,13,9,10,22],[7,23,19,11,3,15,17,21,1,13,9,10,22],[19,3,7,23,15,11,17,21,1,13,9,18],[11,7,15,23,19,3,21,17,1,13,9,18],[23,3,7,15,11,19,17,21,1,13,9,10,22],[11,7,23,19,3,15,21,17,1,13,9,18],[7,11,15,19,23,3,21,1,13,17,9,18],[15,3,7,11,19,23,17,21,1,13,9,10,5],[11,19,7,15,3,23,17,21,1,13,9,10,22],[23,11,15,19,7,3,17,21,1,13,9,18],[3,23,11,19,7,15,21,1,17,13,9,18],[3,11,23,19,15,7,17,21,1,13,9,10,22],[7,23,11,19,15,3,17,21,1,13,9,10,5,22],[7,15,3,19,11,23,21,17,1,13,9,18],[11,19,7,23,15,3,21,1,13,9,17,18],[19,7,23,15,11,3,17,21,1,13,9,10,5],[15,11,19,7,3,23,17,21,1,13,9,18],[19,15,7,23,11,3,17,21,1,13,9,18],[23,15,11,19,7,3,17,21,1,13,9,10,5,22],[7,15,11,3,19,23,21,17,1,13,9,18],[3,15,19,7,11,23,17,21,1,13,9,10,5,22],[19,3,11,15,23,7,17,21,1,13,9,10,18],[23,15,11,3,7,19,21,17,1,13,9,10,22],[3,11,7,19,15,23,21,1,17,13,9,20],[19,11,15,3,7,23,17,21,1,13,9,10,22],[3,15,23,7,19,11,21,17,1,13,9,18],[3,19,7,23,15,11,21,17,1,13,9,18],[3,15,23,19,7,11,21,1,17,13,9,18],[11,15,23,7,19,3,21,17,1,13,9,10,5,22],[15,7,3,19,11,23,17,21,1,13,9,10,5,18],[3,15,11,7,23,19,21,17,1,13,9,10,16,18],[15,7,19,3,23,11,17,21,1,13,9,10,5],[19,3,15,7,23,11,21,17,1,13,9,18],[15,3,19,7,11,23,17,21,1,13,9,10,18],[11,15,7,3,19,23,17,21,1,13,9,18],[3,15,11,19,7,23,21,17,1,13,9,18],[3,19,7,23,11,15,21,17,1,13,9,10,6,18],[23,11,19,7,3,15,21,1,13,9,17,18],[7,19,15,3,11,23,21,1,13,9,17,18],[19,3,7,23,15,11,21,17,1,13,9,10,5,16,18],[15,3,23,11,7,19,21,1,17,13,9,18],[7,19,23,3,11,15,17,21,1,13,9,10,22],[19,15,7,11,3,23,21,17,1,13,9,18],[11,15,7,3,19,23,21,1,17,13,9,10,22],[3,15,19,7,11,23,21,17,1,13,9,18],[15,23,11,7,3,19,17,21,1,13,9,10,8,18],[7,3,15,11,23,19,17,21,1,13,9,10,5,18],[19,3,15,7,23,11,21,17,1,13,9,10,18],[19,3,11,15,7,23,21,1,13,17,9,18],[7,15,23,3,11,19,17,21,1,13,9,10,18],[7,23,19,11,15,3,21,1,13,9,17,18],[15,7,19,23,11,3,21,1,13,17,9,18],[23,3,11,19,15,7,21,17,1,13,9,10,5,22],[3,15,19,23,7,11,17,21,1,13,9,18],[15,7,11,3,23,19,17,21,1,13,9,18],[7,11,3,15,23,19,17,21,1,13,9,18],[23,7,3,11,15,19,17,21,1,13,9,10,6,18],[3,11,23,19,7,15,21,17,1,13,9,10,5],[11,3,15,7,19,23,21,1,17,13,9,18],[3,15,23,7,11,19,17,21,1,13,9,10,8,22],[3,19,11,23,7,15,21,17,1,13,9,10,18],[3,23,15,19,11,7,17,21,1,13,9,18],[23,19,3,15,7,11,21,17,1,13,9,10,5],[3,15,7,11,23,19,21,1,13,9,17,18],[23,15,3,19,11,7,17,21,1,13,9,18],[23,3,15,11,19,7,21,17,1,13,9,10,22],[15,19,23,7,3,11,17,21,1,13,9,10,22],[7,3,23,11,19,15,21,1,17,13,9,10,16,18],[11,3,23,19,7,15,17,21,1,13,9,10,5,22],[3,19,23,7,11,15,17,21,1,13,9,18],[3,23,15,11,19,7,17,21,1,13,9,18],[11,15,23,3,7,19,21,1,13,17,9,10,5,18],[11,23,7,15,19,3,17,21,1,13,9,18],[3,7,15,23,11,19,21,1,13,17,9,10,22],[11,15,23,7,3,19,21,17,1,13,9,18],[19,11,7,3,15,23,21,1,13,17,9,18],[11,7,23,19,15,3,21,17,1,13,9,18],[11,7,15,3,23,19,21,17,1,13,9,18],[19,23,15,3,11,7,17,21,1,13,9,10,18],[11,15,3,7,23,19,17,21,1,13,9,18],[15,3,19,11,7,23,21,1,13,17,9,18],[23,15,19,11,7,3,21,1,17,13,9,10,22],[19,3,23,11,7,15,17,21,1,13,9,10,18],[15,7,11,19,3,23,17,21,1,13,9,18],[11,15,3,7,23,19,17,21,1,13,9,18],[7,3,15,19,23,11,17,21,1,13,9,18],[19,23,3,11,15,7,17,21,1,13,9,10,18],[3,23,15,19,11,7,21,1,13,9,17,10,18],[15,3,11,23,7,19,17,21,1,13,9,10,18],[3,11,15,23,7,19,21,1,13,17,9,10,5,22],[23,3,11,7,19,15,21,17,1,13,9,18],[15,11,19,3,7,23,17,21,1,13,9,18],[11,23,3,19,7,15,17,21,1,13,9,10,5,22],[15,11,7,3,23,19,21,1,17,13,9,18],[23,7,3,11,15,19,21,17,1,13,9,10,22],[3,11,7,15,19,23,17,21,1,13,9,10,22],[11,23,7,3,19,15,21,17,1,13,9,18],[19,11,23,3,15,7,17,21,1,13,9,10,22],[11,7,15,19,23,3,21,1,13,9,17,18],[15,11,19,3,7,23,21,17,1,13,9,18],[7,11,23,3,19,15,21,17,1,13,9,10,22],[19,11,23,7,3,15,17,21,1,13,9,18],[7,19,3,15,23,11,17,21,1,13,9,18],[15,19,7,23,11,3,21,17,1,13,9,18],[19,3,7,11,23,15,17,21,1,13,9,10,6,22],[11,7,3,19,23,15,17,21,1,13,9,10,18],[19,23,15,11,7,3,21,17,1,13,9,18],[23,11,19,15,3,7,21,1,13,9,17,10,18],[19,7,15,3,23,11,17,21,1,13,9,18],[11,7,15,23,19,3,21,17,1,13,9,10,5,22],[15,23,3,11,19,7,21,1,13,9,17,18],[3,23,19,15,11,7,21,1,13,17,9,10,18],[7,11,23,3,15,19,17,21,1,13,9,10,22],[15,3,23,19,11,7,21,17,1,13,9,18],[3,23,15,7,17,11,19,21,1,13,9,18],[15,11,19,3,23,7,21,17,1,13,9,18],[15,11,3,23,7,19,21,17,1,13,9,18],[15,19,7,3,11,23,17,21,1,13,9,18],[3,23,15,11,7,19,17,21,1,13,9,18],[7,19,23,11,3,15,17,21,1,13,9,18],[23,11,7,15,19,3,17,21,1,13,9,10,5,18],[11,3,19,7,23,15,21,17,1,13,9,18],[3,11,23,7,15,19,17,21,1,13,9,18],[7,11,15,3,19,23,21,1,13,9,17,10,14],[11,15,23,19,3,7,21,1,17,13,9,10,22],[11,7,19,3,15,23,21,1,17,13,9,10,22],[19,11,7,3,23,15,17,21,1,13,9,18],[19,11,23,15,7,3,21,17,1,13,9,10,22],[19,23,11,3,7,15,17,21,1,13,9,10,5,18],[11,15,19,3,7,23,21,17,1,13,9,10,18],[11,7,23,19,15,3,21,1,17,13,9,18],[11,7,19,3,15,23,21,17,1,13,9,18],[7,11,3,19,23,15,17,21,1,13,9,10,22],[15,3,19,23,7,11,17,21,1,13,9,10,5,18],[23,19,15,3,7,11,21,17,1,13,9,10,18],[7,19,23,15,11,3,21,17,1,13,9,10,22],[11,15,19,23,3,7,17,21,1,13,9,10,22],[3,23,7,19,15,11,17,21,1,13,9,10,22],[15,19,11,3,7,23,17,21,1,13,9,18]],"n_human":6}