{"problem_id":"MhsfSQeoAw47Rgg","sigma":75,"alpha":10.000,"cost":2,"probabilities":"[0.18, 0.41, 0.24, 0.17]","payoff_matrix":"[[5, 151, 5, 93, -13, -80], [70, -10, 56, -104, 86, -78], [-18, -6, -53, 35, 47, 26], [31, 27, 62, -32, -35, -118]]","uncovered":[[2,6,18,3,19,22,14],[2,6,22,14,18,3,19],[6,18,2,3,19,22,10,14,11],[14,6,18,2,19,3,22],[10,18,19,22,2,3,11,6],[22,6,14,18,2,19,3],[22,6,2,18,3,19,14],[10,2,3,11,14,6,18,19],[2,14,10,3,11,22,6,18,19],[18,2,19,3,10,11,22,6],[18,6,22,10,11,2,3,19],[14,2,18,19,3,10,11,6,22],[6,22,18,2,3,19,10,11],[14,2,10,11,6,22,18,3,19],[22,18,14,10,11,6,2,3,19],[10,22,2,3,11,6,18,19],[10,14,18,11,22,6,2,3,19],[6,14,2,22,18,19,3],[2,18,19,3,22,14,6],[6,18,14,2,19,3,22],[22,14,6,2,10,11,18,19,3],[2,14,6,10,3,11,22,18,19],[18,14,22,10,19,6,2,3],[18,6,2,19,3,22,10,11,14],[18,6,22,14,2,19,3],[14,6,22,2,18,3,19],[22,10,18,11,14,6,2,3,19],[18,2,3,19,10,14,22,6],[18,2,3,19,22,6,14],[6,14,2,22,18,19,3],[6,22,14,2,18,3,19],[22,10,18,19,2,3,6,14],[2,6,22,18,19,3,14],[18,2,19,3,14,6,22],[6,22,2,18,19,3,14],[14,18,22,10,11,2,19,3],[22,10,2,11,6,14,18,19,3],[6,2,18,19,3,10,22,14],[2,10,11,14,6,22,18,3,19],[10,14,2,3,11,18,19,22],[18,10,19,22,14,6,11],[22,18,10,11,14,2,3,19],[18,10,11,2,3,19,6,22,14],[6,22,18,10,19,14,2,3],[18,2,3,19,14,22,10,6],[14,10,6,18,11,22,2,3,19],[14,10,18,19,11,2,3,6],[2,10,11,18,19,3,6,22,14],[10,22,6,18,19,2,3,11],[2,18,3,19,6,10,11,14,22],[2,6,14,18,19,3,10,22],[6,18,14,10,11,22,2,3,19],[18,2,3,19,14,22,6],[14,22,2,6,10,3,11,18,19],[6,10,22,18,11,14,2,19,3],[18,14,10,19,2,3,22,6,11],[22,2,18,3,19,14,6],[18,22,6,2,19,3,10,14],[10,6,18,11,14,2,3,19,22],[2,22,14,18,19,3,6],[2,10,3,11,22,14,6,18,19],[10,18,11,6,2,3,19,14,22],[2,18,19,3,10,22,6,11],[2,10,3,11,14,6,18,19],[22,14,18,6,10,19,2,3,11],[14,6,10,22,2,11,18,19,3],[22,14,18,2,3,19,10,6,11],[10,14,18,19,22,2,3,6],[6,22,14,10,2,3,11,18,19],[2,14,6,10,11,18,19,3,22],[22,10,2,3,11,14,6,18,19],[10,2,11,18,19,3,22,6],[18,14,10,19,22,2,3,6],[14,10,6,22,18,19,2,3],[10,6,2,3,11,22,18,19],[22,10,6,18,19,2,3,14],[2,22,10,3,11,6,18,19,14],[10,22,2,3,11,18,19,14],[2,14,10,11,22,18,19,3],[6,18,2,19,3,14,10,22,11],[6,10,2,11,18,19,3,14,22],[22,14,18,2,19,3,6],[22,14,10,2,3,11,6,18,19],[2,6,10,3,11,18,19,14],[14,2,6,22,10,3,11,18,19],[2,6,10,11,22,14,18,19,3],[18,14,6,22,2,19,3],[6,10,2,11,18,3,19,14],[10,2,3,11,22,6,14,18,19],[18,10,19,6,22,11,14],[10,22,6,2,11,14,18,3,19],[18,14,6,10,19,11,22],[6,22,18,2,19,3,10,14],[6,14,10,18,11,2,19,3],[10,14,2,3,11,18,19,6],[6,22,10,14,2,11,18,19,3],[14,2,22,10,3,11,6,18,19],[2,18,19,3,14,6,22],[6,14,10,22,18,11,2,19,3],[22,10,14,18,11,6,2,3,19],[10,22,2,3,11,18,19,14],[14,2,6,22,18,19,3],[6,18,10,19,2,3,14,22],[10,14,6,2,3,11,18,19],[14,6,10,18,19,2,3,22,11],[22,14,10,18,11,6,2,3,19],[10,2,11,14,22,6,18,3,19],[6,22,14,10,2,3,11,18,19],[2,10,3,11,14,6,22,18,19],[22,18,14,2,3,19,10,11],[10,22,14,6,18,11,2,19,3],[14,22,2,10,11,6,18,19,3],[22,2,18,19,3,6,14],[6,18,14,2,3,19,10,22,11],[22,6,2,18,19,3,14],[10,14,6,22,18,19,11],[6,22,18,2,3,19,10,14],[22,18,14,6,2,3,19],[2,14,18,3,19,10,22,6],[2,14,10,3,11,22,6,18,19],[2,18,3,19,14,22,6],[22,14,10,6,18,11,2,3,19],[18,2,19,3,14,22,10,6],[18,10,19,2,3,6,22,14,11],[6,14,22,2,18,19,3],[18,10,11,22,6,14,2,19,3],[14,2,10,3,11,22,18,19],[22,10,14,18,19,11,6],[10,14,22,6,18,11,2,19,3],[18,14,2,3,19,10,6,22],[22,2,18,19,3,6,10,14,11],[10,6,14,18,11,2,19,3,22],[22,14,2,6,10,3,11,18,19],[10,22,2,11,18,19,3,14],[22,14,6,10,2,11,18,3,19],[14,18,2,3,19,6,22],[6,22,18,14,10,19,2,3],[10,18,11,2,3,19,22,6,14],[22,2,10,11,6,14,18,19,3],[6,2,14,18,19,3,22],[10,14,2,11,22,6,18,19,3],[6,10,2,3,11,22,14,18,19],[18,2,19,3,10,14,6,22],[18,2,3,19,6,10,11,14,22],[2,14,18,19,3,6,22],[22,10,6,18,19,11,2,3,14],[6,10,22,2,11,14,18,19,3],[18,6,22,14,2,3,19],[6,22,18,14,2,3,19],[22,10,6,14,18,11,2,19,3],[14,2,18,19,3,10,6,22],[6,10,2,3,11,22,14,18,19],[14,6,18,10,19,11,22],[2,10,3,11,22,6,14,18,19],[2,10,3,11,6,22,18,19,14],[2,18,3,19,6,22,14],[22,14,18,2,19,3,6],[14,6,18,10,19,22,2,3],[22,6,10,2,3,11,14,18,19],[6,14,22,2,10,11,18,19,3],[2,22,18,19,3,6,10,14,11],[6,18,10,11,22,2,19,3],[2,6,18,3,19,10,14,22,11],[2,6,14,22,18,19,3],[22,14,10,6,18,11,2,19,3],[10,18,19,14,2,3,6,22],[14,10,22,6,2,3,11,18,19],[2,10,3,11,18,19,14,22],[14,10,22,6,2,3,11,18,19],[2,22,18,19,3,10,14,11],[6,18,22,14,10,11,2,19,3],[2,18,3,19,10,14,11,22],[18,6,14,22,2,3,19],[10,22,2,3,11,6,18,19],[10,22,2,3,11,18,19,14],[18,10,19,14,22,11,2,3],[6,2,22,10,3,11,14,18,19],[22,18,2,3,19,6,14],[2,6,18,3,19,22,10,14],[22,10,14,18,11,2,3,19],[6,10,2,3,11,22,14,18,19],[6,10,22,14,18,19,2,3,11],[2,6,14,22,10,3,11,18,19],[18,2,3,19,6,10,11,14,22],[22,2,18,3,19,10,6,14,11],[22,10,18,11,2,3,19,6],[6,10,2,11,14,22,18,19,3],[14,22,18,2,3,19,10,6,11],[14,22,10,2,11,18,3,19],[2,10,3,11,22,6,18,19],[14,22,18,6,2,19,3],[6,10,14,18,11,2,3,19],[14,10,22,18,11,2,3,19],[2,22,18,3,19,14,6],[10,18,11,2,19,3,14,22],[18,22,14,6,2,19,3],[2,6,10,11,14,22,18,3,19],[2,10,3,11,6,18,19,22],[18,10,19,2,3,22,11,6],[22,18,14,2,3,19,10,6],[6,2,22,18,19,3,14],[22,6,10,18,19,2,3,14,11],[14,6,10,18,11,2,3,19],[14,22,10,2,3,11,6,18,19],[6,22,10,14,18,11,2,3,19],[6,10,2,11,14,22,18,19,3],[22,2,18,3,19,6,14],[14,2,22,18,19,3,6],[2,18,3,19,10,22,14,11],[14,10,6,18,11,2,3,19,22],[2,22,6,10,11,14,18,3,19],[10,6,2,11,18,19,3,22,14],[22,18,6,2,19,3,14],[14,2,10,3,11,18,19,22],[10,14,2,3,11,6,22,18,19],[6,18,10,19,22,14,2,3],[10,2,11,18,19,3,22,14],[14,10,18,19,6,22,11],[2,22,14,18,3,19,6],[10,22,2,3,11,6,18,19,14],[14,10,18,11,22,2,3,19],[18,14,6,2,19,3,22],[18,22,10,11,2,19,3,6,14],[22,14,2,10,3,11,6,18,19],[10,22,2,3,11,18,19,6],[10,2,11,14,18,3,19,22],[14,2,18,3,19,6,22],[10,14,22,6,2,11,18,19,3],[22,6,10,14,18,11,2,3,19],[18,6,14,10,19,22,2,3],[6,18,2,3,19,14,22],[6,22,10,2,11,14,18,3,19],[18,6,10,19,22,2,3,14,11],[6,14,18,2,3,19,10,22],[10,6,14,22,2,11,18,19,3],[6,18,10,11,2,3,19,22,14],[2,18,19,3,14,10,6,22,11],[22,10,14,6,18,11,2,3,19],[10,22,18,11,6,14,2,19,3],[22,6,2,18,19,3,10,14,11],[10,22,6,18,19,11,14],[14,10,2,3,11,6,22,18,19],[6,22,14,18,2,3,19],[6,18,10,19,14,22,2,3],[6,22,18,10,19,14,2,3,11],[18,14,6,22,10,19,2,3],[14,10,22,6,18,11,2,3,19],[22,6,14,2,18,19,3],[18,14,2,3,19,6,22],[14,18,6,22,10,11,2,19,3],[18,10,11,2,19,3,22,6],[2,18,3,19,14,10,22,6],[14,2,18,19,3,22,10,6],[18,2,19,3,10,11,22,14],[14,10,18,11,2,19,3,22],[18,6,2,3,19,14,10,22],[18,6,22,10,19,11,2,3],[22,14,6,18,2,3,19],[22,6,14,10,2,3,11,18,19],[14,22,10,6,18,11,2,3,19],[2,18,3,19,10,6,11,22,14],[10,22,18,11,14,6,2,3,19],[14,6,2,18,3,19,10,11],[14,6,2,22,10,3,11,18,19],[10,22,2,3,11,18,19,6],[14,6,2,10,11,18,19,3,22],[14,6,18,10,19,22,2,3],[22,6,10,18,11,14,2,3,19],[22,14,10,18,11,2,3,19],[6,10,2,3,11,22,14,18,19],[10,2,11,14,18,3,19,22],[10,6,22,18,19,14,2,3,11],[2,10,3,11,6,18,19,14],[2,14,18,19,3,10,6,11],[22,18,2,19,3,10,14,6],[6,22,18,14,10,11,2,3,19],[22,14,10,18,11,2,3,19],[18,22,14,6,10,19,2,3,11],[10,22,2,11,18,19,3,6],[22,6,10,2,3,11,14,18,19],[2,18,19,3,22,14,6],[14,6,10,22,18,19,2,3],[2,10,11,18,3,19,22,14],[18,10,11,22,2,19,3,6],[14,2,22,18,19,3,6],[22,10,2,3,11,14,6,18,19],[18,14,22,2,3,19,6],[18,6,14,10,19,22,2,3],[14,22,2,6,10,11,18,3,19],[6,14,2,22,18,19,3],[6,2,18,19,3,10,22,14],[18,14,10,11,6,2,3,19],[14,22,18,10,11,6,2,3,19],[10,22,2,3,11,18,19,6],[2,14,22,18,19,3,6],[6,18,2,3,19,14,22],[14,6,18,22,2,3,19],[6,14,10,22,18,19,2,3],[2,18,3,19,6,22,14],[18,14,6,22,10,19,2,3],[2,6,14,10,11,18,19,3,22],[22,14,2,18,3,19,6],[2,14,10,11,22,18,3,19],[6,18,2,3,19,22,10,14],[22,6,14,10,2,11,18,19,3],[2,22,18,3,19,6,14],[6,2,18,3,19,10,22,14,11],[18,10,11,14,6,22,2,3,19],[14,6,10,22,2,3,11,18,19],[2,10,11,18,3,19,6,22,14],[18,6,10,11,2,3,19,14],[14,18,6,22,10,11,2,19,3],[2,18,3,19,14,6,22],[2,10,3,11,22,18,19,14],[18,6,10,19,22,2,3,11],[18,22,14,6,10,11,2,3,19],[22,18,2,19,3,10,14,11],[18,6,10,11,14,2,19,3],[18,6,14,10,19,22,11],[6,14,2,10,3,11,22,18,19],[14,6,10,2,3,11,18,19],[18,6,2,19,3,22,14],[22,18,2,19,3,14,10,6],[6,18,22,2,3,19,10,14],[22,6,18,14,2,19,3],[18,6,14,2,19,3,22],[14,2,6,10,11,18,3,19],[10,14,2,3,11,18,19,22],[22,2,14,18,19,3,10,6],[10,14,18,11,22,2,19,3],[2,10,11,22,14,18,3,19],[2,14,6,18,19,3,22],[18,2,19,3,22,10,6,14,11],[18,6,10,11,22,14,2,3,19],[10,6,2,3,11,14,22,18,19],[2,18,19,3,6,22,14],[14,2,22,6,10,3,11,18,19],[14,22,2,10,11,18,19,3],[22,2,18,3,19,14,6],[6,22,10,14,18,19,2,3],[22,14,18,10,19,2,3,6,11],[22,2,14,18,3,19,10,6],[2,10,3,11,6,18,19,14,22],[18,10,19,6,14,22,2,3],[6,18,14,22,2,3,19],[6,2,14,18,3,19,22],[2,6,10,11,22,14,18,19,3],[2,22,14,6,18,19,3],[6,2,10,3,11,18,19,14],[6,18,14,10,11,2,3,19],[2,6,18,3,19,10,22,14],[10,14,18,19,6,2,3,22],[6,14,2,22,10,11,18,19,3],[14,2,18,3,19,10,22,6],[18,6,2,19,3,22,10,14,11],[14,10,22,6,18,11,2,19,3],[14,10,2,3,11,22,18,19],[18,22,2,3,19,14,6],[10,6,22,14,2,3,11,18,19],[14,10,2,3,11,22,6,18,19],[2,6,22,18,19,3,10,14,11],[6,22,2,18,3,19,10,14],[22,10,18,19,14,6,2,3],[18,10,11,22,2,3,19,6],[2,6,18,3,19,14,22],[18,10,11,2,19,3,22,14],[14,22,10,2,11,6,18,3,19],[22,10,2,3,11,6,18,19],[10,14,6,2,3,11,18,19],[18,2,3,19,10,14,6,22],[2,18,3,19,22,14,10,6,11],[2,18,3,19,14,22,6],[18,2,3,19,6,10,22,11,14],[14,2,6,10,11,18,3,19,22],[10,2,3,11,6,14,18,19,22],[2,18,3,19,14,6,10,22,11],[18,2,19,3,10,22,14,11],[10,2,3,11,6,18,19,22,14],[14,10,6,18,19,11,2,3,22],[14,2,10,11,22,18,19,3],[10,2,11,6,18,19,3,14,22],[6,22,18,2,19,3,10,11],[10,22,6,2,11,14,18,19,3],[6,22,14,18,2,3,19],[6,18,10,19,14,22,11],[10,2,3,11,22,6,14,18,19],[18,2,3,19,6,14,10,22],[10,6,18,11,2,19,3,14,22],[22,18,2,19,3,6,10,11,14],[2,14,10,3,11,22,18,19],[22,18,6,2,19,3,14],[10,14,22,2,3,11,18,19],[22,10,18,19,14,6,11],[6,22,14,18,2,3,19],[6,14,18,2,19,3,10,22],[14,6,10,22,2,3,11,18,19],[10,22,2,11,6,14,18,3,19],[2,10,11,6,18,19,3,14],[22,18,14,2,19,3,6],[6,18,22,10,11,14,2,19,3],[2,10,3,11,14,18,19,6,22],[18,6,10,11,2,3,19,14],[22,18,6,2,3,19,10,11],[22,18,6,2,19,3,14],[14,22,10,2,11,6,18,19,3],[18,6,14,2,3,19,10,11],[18,22,2,19,3,14,6],[10,22,6,2,11,18,19,3],[10,18,11,22,6,14,2,3,19],[22,2,6,18,19,3,10,14,11],[22,18,6,2,19,3,10,14],[6,18,10,19,2,3,14,11],[18,22,10,11,2,3,19,6],[18,2,19,3,22,10,14,11],[2,6,14,22,18,19,3],[10,14,6,2,11,22,18,3,19],[14,2,10,11,6,18,3,19],[2,22,14,18,19,3,10,6],[22,14,10,18,19,6,2,3],[10,14,6,2,3,11,22,18,19],[2,18,19,3,6,14,22],[18,14,10,11,2,19,3,6],[22,10,18,19,6,14,2,3],[22,10,6,18,11,14,2,3,19],[18,6,14,22,2,19,3],[22,6,18,10,11,2,3,19,14],[10,18,11,2,3,19,14,22],[2,6,14,22,10,11,18,19,3],[14,2,10,11,6,22,18,19,3],[2,10,11,14,6,22,18,3,19],[18,6,22,2,3,19,10,14],[18,10,19,22,14,11,2,3],[14,2,22,18,3,19,10,11],[22,14,6,2,18,19,3],[10,6,2,11,22,18,3,19,14],[22,18,14,2,3,19,10,6],[10,14,2,11,6,18,3,19],[2,6,18,19,3,10,14,11],[10,2,11,22,18,3,19,14],[18,22,10,11,14,2,3,19],[18,22,2,19,3,6,14],[22,6,18,2,19,3,10,14],[10,6,22,18,19,2,3,11,14],[10,18,19,22,6,14,2,3,11],[2,18,19,3,22,10,6,11,14],[14,6,2,18,19,3,10,11],[2,6,10,3,11,14,18,19],[14,2,22,10,11,6,18,3,19],[2,18,3,19,22,6,10,11],[18,22,2,19,3,14,10,6],[10,14,2,11,22,18,19,3],[10,6,18,19,14,11,2,3],[14,10,6,2,11,18,19,3],[10,22,2,3,11,18,19,14],[22,10,6,2,3,11,18,19],[14,18,10,19,2,3,22,6,11],[10,18,11,14,2,3,19,22],[10,18,19,22,2,3,14,6],[10,22,14,2,11,18,19,3],[10,22,14,18,11,6,2,3,19],[18,6,22,14,10,19,2,3],[6,14,2,10,11,18,19,3],[22,6,2,18,3,19,14],[14,22,18,2,3,19,10,6,11],[6,18,14,22,10,19,2,3],[22,14,10,18,19,6,2,3],[22,10,2,11,6,14,18,19,3],[2,10,11,14,6,22,18,19,3],[22,10,2,11,18,3,19,6,14],[18,2,3,19,6,14,10,22],[22,14,6,18,2,3,19],[6,14,22,2,18,19,3],[2,22,14,10,11,18,3,19],[6,10,22,18,19,14,2,3,11],[18,10,11,14,22,2,19,3],[14,22,10,6,18,11,2,19,3],[22,14,18,6,2,3,19],[10,22,14,6,2,11,18,19,3],[10,22,14,18,19,2,3,6],[14,6,22,10,2,3,11,18,19],[10,6,18,11,14,2,3,19],[22,18,2,19,3,14,6],[2,6,10,3,11,18,19,14],[10,22,14,6,2,3,11,18,19],[14,10,2,11,6,22,18,3,19],[14,2,10,11,22,18,19,3],[14,22,18,10,19,2,3,6],[18,10,19,6,2,3,22,11,14],[14,10,2,3,11,18,19,22],[6,14,18,10,11,22,2,3,19],[2,14,6,18,19,3,10,22],[10,6,18,19,22,14,2,3],[22,2,14,10,3,11,18,19],[18,14,10,11,2,3,19,6],[18,14,10,19,6,22,2,3,11],[10,18,19,14,2,3,6,22],[18,6,2,19,3,22,14],[14,22,6,18,10,19,2,3,11],[22,14,2,18,19,3,6],[10,2,3,11,14,6,18,19,22],[10,2,11,14,6,22,18,19,3],[10,14,18,19,6,22,2,3],[2,6,22,10,3,11,18,19,14],[2,14,18,3,19,10,22,6],[10,14,18,19,6,2,3,11],[10,14,2,11,18,3,19,6],[14,22,18,2,19,3,6],[10,2,3,11,6,18,19,14],[2,10,3,11,6,22,18,19,14],[6,18,2,3,19,14,10,11],[2,10,3,11,14,18,19,22],[10,18,19,2,3,14,22,6],[22,14,6,10,18,11,2,3,19],[10,6,18,11,14,2,3,19],[10,6,18,11,22,14,2,19,3],[22,6,10,14,18,11,2,19,3],[22,6,10,2,11,14,18,3,19],[6,18,22,14,2,19,3],[10,22,2,3,11,14,6,18,19],[22,10,14,2,3,11,6,18,19],[10,18,11,2,19,3,14,6,22],[2,18,19,3,22,10,11,6],[10,18,19,6,22,2,3,14],[22,10,2,3,11,6,14,18,19],[18,22,14,10,19,11,6],[10,6,14,2,3,11,22,18,19],[18,14,10,19,6,22,2,3],[18,10,11,22,2,3,19,6],[10,6,2,3,11,22,18,19],[2,18,3,19,14,6,10,22],[14,2,10,3,11,18,19,6],[6,22,18,14,10,19,2,3],[10,6,22,18,11,2,19,3,14],[6,22,14,18,2,19,3],[6,22,10,14,18,19,2,3,11],[2,18,19,3,22,10,6,11],[6,10,2,3,11,14,18,19],[22,18,14,6,10,11,2,3,19],[22,18,10,19,6,14,11],[14,6,22,2,18,3,19],[18,10,19,14,22,6,2,3,11],[10,6,2,11,14,18,3,19,22],[2,18,3,19,22,10,6,14],[18,2,19,3,6,22,10,14,11],[6,22,2,18,19,3,14],[6,14,10,22,2,3,11,18,19],[14,22,10,6,2,11,18,19,3],[2,18,19,3,10,14,6,22,11],[22,18,10,19,14,2,3,6],[18,6,14,10,19,2,3,11],[14,10,22,6,2,11,18,19,3],[6,22,2,10,11,14,18,19,3],[2,14,22,18,3,19,6],[18,10,19,22,6,14,2,3,11],[2,10,3,11,6,18,19,14,22],[2,10,11,22,18,19,3,6],[2,14,18,19,3,10,22,6,11],[22,2,10,3,11,6,14,18,19],[22,14,6,2,10,11,18,19,3],[18,14,10,11,2,19,3,6],[2,6,10,3,11,18,19,14],[10,14,18,11,2,19,3,6],[2,10,3,11,6,14,18,19],[22,14,2,6,18,19,3],[22,10,14,18,19,11,2,3],[10,22,6,18,19,11,2,3],[10,18,19,6,11,22,14],[2,10,3,11,14,18,19,6],[18,22,6,14,10,19,2,3,11],[22,6,14,10,2,11,18,19,3],[22,14,18,2,19,3,10,6,11],[10,18,19,2,3,11,22,14],[2,14,10,3,11,18,19,6,22],[10,22,2,11,14,18,3,19],[14,6,22,18,10,19,2,3,11],[2,14,6,22,18,3,19],[14,10,22,2,11,6,18,3,19],[22,14,6,2,18,3,19],[14,18,2,3,19,10,22,11],[22,18,10,19,6,2,3,14],[18,10,19,14,6,22,2,3,11],[18,14,6,10,19,22,2,3],[2,14,18,19,3,22,10,6],[18,6,2,19,3,10,14,22],[22,6,2,10,3,11,18,19],[18,10,19,22,6,14,2,3,11],[10,2,11,22,6,18,3,19,14],[18,6,22,10,11,2,3,19],[18,2,19,3,10,14,22,11],[14,10,22,6,2,11,18,19,3],[2,22,6,14,18,3,19],[6,2,10,3,11,14,18,19,22],[2,14,18,3,19,22,6],[10,18,19,6,2,3,14,11,22],[18,22,10,11,6,2,3,19],[2,18,19,3,10,11,14,22],[22,14,10,2,3,11,6,18,19],[10,22,2,11,18,19,3,6,14],[2,18,19,3,10,22,6,14,11],[18,10,11,22,2,19,3,14],[10,14,2,11,6,18,3,19,22],[6,10,14,18,11,2,19,3,22],[22,2,14,18,3,19,6],[22,18,14,10,11,6,2,19,3],[6,14,22,10,2,11,18,19,3],[6,14,22,10,2,11,18,3,19],[14,18,22,2,19,3,6],[22,14,2,10,3,11,6,18,19],[22,14,2,10,11,6,18,3,19],[22,6,14,2,10,3,11,18,19],[10,22,2,3,11,6,14,18,19],[14,6,2,10,3,11,22,18,19],[10,2,3,11,22,6,18,19],[14,2,6,10,3,11,18,19],[6,10,22,2,11,18,3,19],[22,14,6,10,2,11,18,3,19],[14,6,2,18,3,19,22],[2,6,10,11,14,18,3,19],[14,10,6,22,18,11,2,3,19],[22,2,10,11,18,3,19,14],[14,10,22,18,11,6,2,19,3],[22,18,2,3,19,10,11,14],[14,22,6,18,2,3,19],[6,18,22,2,3,19,10,14],[10,6,22,18,19,11,14],[10,6,22,14,18,19,11],[22,14,18,10,11,6,2,19,3],[6,10,2,11,22,18,3,19],[22,18,2,19,3,10,14,11],[10,6,18,11,14,22,2,3,19],[2,10,11,6,22,14,18,19,3],[10,2,3,11,14,18,19,22],[2,18,19,3,14,22,10,6],[14,22,2,18,19,3,10,11],[6,18,2,19,3,14,22],[22,2,10,11,14,18,3,19],[10,22,18,11,14,2,3,19],[14,6,2,18,3,19,22],[22,10,14,2,3,11,6,18,19],[18,22,6,2,3,19,14],[10,2,3,11,18,19,22,14],[18,2,3,19,6,14,10,22],[6,18,22,2,19,3,10,14],[14,10,22,6,18,11,2,3,19],[10,2,3,11,18,19,22,6,14],[2,10,11,18,19,3,22,6,14],[6,2,14,10,11,22,18,19,3],[10,22,14,2,11,18,19,3],[22,14,18,2,3,19,6],[22,10,2,11,14,18,19,3],[10,22,18,11,6,14,2,3,19],[22,18,10,11,2,3,19,14],[22,6,18,2,3,19,14],[22,14,10,6,2,11,18,3,19],[6,14,2,10,11,18,3,19],[18,14,2,19,3,22,10,6],[2,10,3,11,22,6,14,18,19],[10,14,2,3,11,6,18,19,22],[18,14,6,22,2,3,19],[22,18,6,14,2,3,19],[18,14,22,10,19,11,2,3],[18,14,22,10,11,6,2,3,19],[22,10,14,2,3,11,18,19],[14,10,2,3,11,6,22,18,19],[18,14,6,22,10,11,2,19,3],[22,18,14,6,2,19,3],[18,2,3,19,22,6,10,14],[2,6,22,18,19,3,10,14],[14,10,18,19,6,22,2,3],[6,14,2,10,11,18,3,19],[2,10,3,11,22,6,18,19,14],[2,18,3,19,10,14,6,22],[6,22,18,2,3,19,14],[6,18,14,22,10,19,11],[6,14,18,2,19,3,22],[6,18,14,10,19,11,22],[6,14,10,22,18,19,2,3,11],[22,6,14,2,18,3,19],[2,18,19,3,22,14,6],[18,10,11,2,19,3,6,22],[2,22,10,3,11,18,19,6,14],[6,10,14,18,11,22,2,19,3],[6,2,22,10,11,18,3,19,14],[10,22,18,19,6,14,2,3,11],[2,14,6,10,3,11,22,18,19],[6,10,2,3,11,22,14,18,19],[22,14,2,18,3,19,10,6],[6,18,22,14,2,19,3],[22,2,10,3,11,14,6,18,19],[2,18,19,3,14,22,10,6],[18,6,2,19,3,22,10,11],[10,6,2,3,11,14,18,19],[6,14,2,10,11,18,3,19],[14,18,10,11,6,22,2,19,3],[18,14,10,11,6,22,2,19,3],[14,2,10,11,18,19,3,6,22],[14,6,22,18,2,19,3],[22,10,6,14,2,11,18,3,19],[6,10,22,2,11,14,18,3,19],[2,10,3,11,22,14,6,18,19],[10,2,11,18,3,19,22,14],[14,2,10,3,11,6,18,19],[18,6,10,11,2,19,3,14],[10,18,11,6,2,19,3,22],[18,14,2,19,3,10,6,22,11],[22,10,14,6,18,19,2,3],[6,10,2,3,11,14,22,18,19],[14,10,6,2,11,18,19,3,22],[22,18,6,10,11,2,19,3],[2,22,14,6,10,3,11,18,19],[14,10,6,18,11,22,2,19,3],[10,22,14,6,2,11,18,3,19],[18,10,11,6,14,22,2,19,3],[10,2,3,11,18,19,6,14,22],[6,14,2,10,3,11,22,18,19],[2,10,11,18,19,3,22,6],[18,2,3,19,6,22,14],[22,10,2,11,14,6,18,19,3],[6,18,2,3,19,14,10,11],[22,18,14,10,11,6,2,3,19],[10,2,11,18,3,19,22,6,14],[10,2,11,6,18,3,19,22,14],[6,2,18,3,19,10,11,14],[2,14,10,11,6,22,18,19,3],[22,6,2,14,18,19,3],[6,18,22,14,2,3,19],[2,10,3,11,6,22,18,19],[18,22,6,2,3,19,14],[6,22,14,10,2,3,11,18,19],[6,10,2,3,11,18,19,14],[14,10,22,6,2,3,11,18,19],[18,14,10,19,22,2,3,11],[2,14,22,10,3,11,18,19],[14,18,22,6,2,3,19],[18,2,3,19,14,6,10,11,22],[6,14,18,2,19,3,10,22],[2,10,11,18,19,3,14,6],[18,10,11,22,14,2,3,19],[18,10,19,2,3,22,11,6,14],[18,10,11,2,19,3,22,6],[22,6,10,2,11,14,18,3,19],[10,6,14,18,19,22,2,3,11],[14,18,22,6,2,19,3],[14,2,22,10,3,11,18,19],[14,18,6,22,10,19,11],[18,2,19,3,22,6,14],[2,6,14,10,3,11,18,19],[6,2,22,14,10,3,11,18,19],[6,18,2,3,19,10,22,11,14],[14,10,6,22,2,3,11,18,19],[22,6,10,2,11,14,18,3,19],[6,18,22,14,10,11,2,19,3],[14,6,22,18,2,19,3],[6,22,14,18,10,19,2,3],[2,6,14,18,19,3,10,11],[10,18,19,2,3,6,14,22,11],[18,6,10,11,14,22,2,19,3],[10,14,22,6,2,11,18,19,3],[10,6,14,22,18,19,2,3],[14,18,6,10,11,22,2,19,3],[18,10,19,2,3,6,22,14],[2,6,18,3,19,22,14],[14,6,22,10,2,11,18,19,3],[10,14,2,11,22,18,19,3],[14,18,2,3,19,6,10,22],[14,18,22,2,19,3,6],[18,22,6,10,19,2,3,14],[18,6,10,19,14,22,2,3],[10,6,18,19,14,2,3,11,22],[2,6,22,14,18,19,3],[10,6,2,11,22,18,3,19,14],[14,22,2,18,19,3,6],[22,6,10,2,11,18,3,19,14],[10,2,11,18,3,19,6,14],[10,6,22,14,18,19,11],[18,10,19,14,6,2,3,22],[22,14,18,6,10,11,2,3,19],[18,14,2,3,19,10,22,6,11],[10,22,14,2,3,11,6,18,19],[10,18,19,22,6,2,3,11],[22,6,2,14,18,3,19],[2,6,10,11,18,19,3,14],[22,2,6,14,10,11,18,3,19],[18,2,3,19,22,14,6],[14,18,10,19,6,22,2,3],[2,22,14,10,11,6,18,3,19],[2,6,14,18,3,19,10,22],[14,10,18,11,6,22,2,19,3],[18,14,10,19,6,22,2,3],[10,14,22,18,11,2,19,3],[2,22,14,18,3,19,6],[6,2,22,18,3,19,14],[22,2,18,19,3,14,6],[2,10,3,11,6,14,22,18,19],[2,18,3,19,10,22,6,14],[14,2,6,10,11,18,19,3],[2,22,14,18,19,3,6],[14,2,18,3,19,6,10,22],[10,22,18,19,14,11,2,3],[22,18,6,2,19,3,14],[10,14,2,11,18,19,3,6],[2,22,10,3,11,18,19,6],[6,22,2,10,11,14,18,3,19],[2,14,6,10,11,18,19,3],[22,2,18,19,3,6,10,14],[18,2,3,19,10,11,6,22,14],[2,10,11,6,18,19,3,22,14],[14,2,22,10,11,6,18,19,3],[10,2,11,14,18,19,3,6],[6,10,18,11,22,14,2,3,19],[2,22,14,10,11,6,18,3,19],[22,6,18,14,10,19,2,3,11],[6,14,18,10,11,2,19,3],[2,22,10,11,6,18,3,19],[18,14,2,19,3,10,6,22],[18,6,22,14,2,19,3],[14,2,10,11,18,3,19,6,22],[10,14,22,6,2,11,18,19,3],[2,10,3,11,14,6,18,19],[2,18,3,19,14,22,6],[14,6,18,2,3,19,22],[18,2,19,3,22,14,6],[22,18,10,19,2,3,6,14],[10,6,18,11,14,22,2,3,19],[2,10,11,18,19,3,6,14],[2,14,22,6,18,19,3],[10,14,6,2,11,18,3,19],[18,14,10,19,2,3,6,22],[22,18,10,19,2,3,6,14,11],[6,10,14,18,11,22,2,19,3],[18,2,19,3,10,6,14,22],[18,2,3,19,6,10,14,22],[6,2,14,18,19,3,22],[2,6,18,19,3,10,22,14],[10,14,2,11,6,22,18,3,19],[18,14,22,6,2,3,19],[10,2,11,14,22,18,3,19],[2,22,10,3,11,18,19,14],[2,18,19,3,10,11,6,22],[2,18,19,3,6,22,10,11,14],[22,6,10,14,18,11,2,19,3],[6,22,18,14,10,11,2,3,19],[6,10,2,3,11,18,19,22,14],[2,14,6,10,3,11,22,18,19],[22,10,2,3,11,18,19,14],[2,6,22,14,18,3,19],[6,14,2,18,19,3,22],[10,2,11,6,22,14,18,19,3],[14,6,18,2,3,19,22],[6,10,18,11,2,3,19,22],[18,2,3,19,14,22,6],[2,10,3,11,6,22,18,19,14],[2,6,10,3,11,22,14,18,19],[10,2,11,18,19,3,22,6],[6,18,2,3,19,22,14],[22,10,14,18,11,2,19,3],[18,2,19,3,6,10,22,14],[18,22,10,11,6,14,2,19,3],[22,6,2,14,18,19,3],[2,10,11,22,14,18,19,3],[10,2,11,6,18,3,19,14],[6,14,22,18,10,11,2,19,3],[10,2,11,22,14,6,18,19,3],[6,22,2,14,10,11,18,3,19],[22,14,2,6,18,19,3],[18,14,6,10,19,2,3,22],[2,14,10,3,11,22,18,19],[18,14,6,2,19,3,22],[10,18,19,6,22,2,3,14],[6,14,22,18,10,11,2,3,19],[18,14,10,19,22,2,3,6],[10,14,22,2,11,6,18,19,3],[2,14,22,18,3,19,6],[2,14,10,11,18,19,3,6,22],[18,10,19,2,3,14,22,6],[6,22,18,2,3,19,10,14],[10,18,19,2,3,14,11,22],[10,6,18,19,14,22,2,3],[10,18,11,6,14,2,19,3],[6,22,2,14,10,3,11,18,19],[6,22,14,10,18,19,2,3],[6,18,14,10,19,2,3,22],[2,6,18,3,19,22,14],[18,2,3,19,22,6,10,11],[6,18,10,11,2,19,3,22,14],[22,14,10,6,2,3,11,18,19],[14,22,6,18,10,11,2,19,3],[18,10,11,22,14,2,19,3],[14,22,18,2,19,3,6],[10,22,6,14,18,19,2,3],[10,18,11,14,6,2,3,19],[2,18,3,19,14,6,22],[14,22,2,18,3,19,10,6],[18,2,19,3,6,14,10,22],[6,22,10,14,2,11,18,19,3],[14,10,18,19,11,6,22],[14,10,18,19,2,3,6,22],[14,10,6,2,11,18,3,19],[10,6,2,3,11,14,22,18,19],[14,2,10,11,18,19,3,6],[10,22,18,19,14,2,3,6],[22,10,6,2,3,11,18,19,14],[14,10,18,19,22,6,2,3],[6,22,14,2,18,3,19],[10,14,22,18,19,2,3,6],[14,2,10,3,11,6,22,18,19],[2,10,3,11,14,22,18,19],[2,22,10,3,11,14,18,19],[2,6,14,22,18,3,19],[6,22,14,10,18,19,2,3,11],[2,14,10,11,6,18,19,3],[6,14,18,10,19,22,2,3],[10,22,14,18,11,2,19,3],[6,10,18,11,2,19,3,22],[14,2,6,18,3,19,10,11,22],[22,10,18,11,6,14,2,3,19],[6,18,22,14,2,3,19],[18,2,19,3,14,6,22],[10,14,22,18,11,6,2,3,19],[18,22,6,14,10,11,2,3,19],[22,2,6,10,3,11,14,18,19],[22,10,2,3,11,6,14,18,19],[10,14,22,6,18,11,2,19,3],[2,6,14,10,3,11,22,18,19],[2,6,10,11,18,3,19,22],[18,14,2,3,19,6,22],[6,22,14,10,18,11,2,19,3],[14,10,6,22,18,19,2,3],[10,22,6,14,2,3,11,18,19],[2,10,11,14,6,22,18,19,3],[6,2,22,10,11,14,18,3,19],[18,2,3,19,10,6,22,14,11],[14,18,22,6,10,11,2,19,3],[14,2,6,22,18,19,3],[6,18,2,19,3,22,14],[6,22,2,18,19,3,14],[14,18,6,22,2,3,19],[6,18,10,11,2,3,19,22,14],[14,2,6,22,10,3,11,18,19],[22,18,10,19,14,6,2,3,11],[14,22,18,6,10,19,2,3],[18,2,3,19,6,14,10,11],[10,2,11,18,19,3,6,22],[14,10,22,6,18,11,2,19,3],[10,6,14,18,11,22,2,3,19],[14,22,2,6,10,11,18,19,3],[14,22,10,18,11,2,19,3],[22,18,2,19,3,6,10,14],[22,10,14,2,11,18,3,19],[14,6,2,10,3,11,22,18,19],[10,18,11,14,2,19,3,22],[6,2,10,3,11,22,18,19],[2,18,3,19,22,10,14,6],[18,22,6,10,11,2,3,19,14],[14,18,2,19,3,10,11,6],[10,22,14,2,3,11,18,19],[14,2,10,11,18,3,19,6],[6,22,10,18,19,14,2,3],[14,18,2,3,19,10,22,6],[18,14,22,6,10,19,2,3,11],[10,22,6,18,19,11,14],[10,18,19,22,14,2,3,11],[18,10,11,2,19,3,14,6,22],[6,2,22,18,3,19,14],[10,18,11,14,6,22,2,19,3],[2,14,22,6,18,3,19],[2,22,14,10,3,11,18,19],[14,18,22,6,2,3,19],[14,10,2,3,11,22,18,19],[6,14,22,18,10,19,2,3],[10,22,2,11,6,18,19,3],[18,10,11,2,19,3,6,22],[14,10,22,2,11,6,18,3,19],[14,10,2,11,6,22,18,3,19],[22,2,18,3,19,6,10,14],[10,22,14,6,18,11,2,3,19],[6,22,10,14,2,3,11,18,19],[18,2,19,3,6,10,22,14],[10,14,18,11,2,3,19,22],[18,14,10,19,22,6,2,3,11],[22,2,14,10,3,11,18,19],[22,14,18,10,11,6,2,3,19],[18,10,11,2,3,19,14,22],[10,18,11,2,3,19,6,14,22],[10,22,2,3,11,14,18,19],[22,14,2,6,10,3,11,18,19],[10,18,11,2,19,3,6,22,14],[6,10,22,2,3,11,14,18,19],[22,18,6,2,3,19,10,14,11],[2,6,14,10,11,18,3,19],[18,2,19,3,10,6,14,22],[22,10,14,2,11,18,3,19],[2,14,22,6,10,11,18,3,19],[2,18,19,3,14,6,22],[2,18,3,19,14,6,22],[6,14,22,18,2,3,19],[22,2,14,6,18,3,19],[10,2,11,22,18,3,19,14],[6,22,14,10,2,11,18,19,3],[10,6,22,2,3,11,14,18,19]],"n_human":10}