{"problem_id":"q3TRZwTlyo0X8Yu","sigma":75,"alpha":1.000,"cost":1,"probabilities":"[0.23, 0.2, 0.28, 0.29]","payoff_matrix":"[[26, 41, -38, -27, -29, 34], [-28, -75, 2, -91, 78, -22], [-33, -14, -11, -21, 36, 28], [-118, 113, -105, -65, 46, 20]]","uncovered":[[16,4,24,20,23,19,8,7,17,5,12,21,22],[24,4,8,20,19,7,5,17,11,15,23,21,12,22,16],[24,20,19,12,4,15,8,7,17,5,23,21,22,16],[12,8,16,20,7,19,17,5,4,24,23,21,22],[20,16,24,23,19,12,8,7,5,17,4,21,6,22,18],[24,16,12,4,20,23,19,8,7,17,5,22,6,18],[16,8,20,7,19,5,17,4,24,12,23,21,22],[4,12,8,16,20,19,7,17,5,24,23,21,6,22,18],[8,20,7,19,17,5,15,24,12,4,23,21,6,22,18],[12,8,24,20,19,7,5,17,16,4,23,21,22],[12,16,4,20,8,19,7,5,17,23,24,21,6,22,18],[16,20,24,19,4,8,7,5,17,12,23,21,6,22,18],[20,24,23,19,4,11,8,7,5,17,16,21,6,22,18,12],[8,20,7,19,17,5,12,16,4,24,23,21,22],[16,24,20,19,4,12,8,7,17,5,23,21,22],[4,16,20,8,19,7,17,5,11,24,21,23,6,22,18,12],[12,24,20,23,19,8,7,17,5,16,3,21,22,4],[20,16,3,8,7,19,5,17,11,24,23,21,12,22,2],[16,24,4,20,23,19,8,7,5,17,11,21,22,12],[20,24,23,19,12,16,4,8,7,5,17,21,6,22,18],[12,4,24,16,8,20,7,19,5,17,23,21,6,22,18],[8,4,23,24,7,20,19,17,5,12,16,21,22],[16,24,8,20,7,19,5,17,4,12,23,21,22],[8,20,19,7,17,5,12,4,24,16,23,21,6,22,18],[24,8,16,20,19,7,17,5,11,4,23,21,6,22,18,12],[4,20,24,19,16,12,8,7,5,17,23,21,6,22,18],[8,17,3,16,12,24,7,23,21,5,19,6,22,20,18],[16,20,12,8,7,19,17,5,23,24,3,21,6,22,18],[16,4,24,20,19,12,8,7,17,5,23,21,6,22,18],[16,20,24,19,4,8,7,17,5,11,23,21,6,22,18,12],[20,4,24,23,19,12,16,8,7,5,17,21,6,22,18],[12,16,8,19,20,7,17,5,24,3,23,21,22,4],[24,8,4,20,7,19,5,17,12,16,23,21,22],[20,24,23,19,16,4,12,8,7,5,17,22,6,18],[24,16,4,12,20,19,8,7,5,17,23,21,6,22,18],[20,8,7,19,5,17,4,12,16,23,24,21,6,22,18],[20,12,8,7,19,17,5,24,4,16,23,21,22],[24,20,23,19,4,16,8,7,5,17,12,21,22],[8,4,12,20,19,7,5,17,24,16,23,21,22],[4,16,20,8,7,19,17,5,24,10,23,11,21,6,22,18],[8,12,4,24,16,20,19,7,17,5,23,21,6,22,18],[4,24,12,8,20,7,19,17,5,15,23,21,22,16],[4,8,16,20,7,19,5,17,24,12,23,21,22],[12,24,20,23,19,16,3,8,7,17,5,21,6,22,18],[8,24,3,19,20,7,17,5,12,16,23,21,22,4],[16,24,4,20,23,19,12,8,7,5,17,21,6,22,18],[24,4,8,11,16,20,19,7,17,5,23,21,12,22],[4,24,8,16,20,19,7,17,5,11,23,21,12,6,22,18],[8,4,20,7,19,17,5,24,16,12,23,21,22],[20,4,16,8,19,7,17,5,24,12,23,21,22],[20,4,8,7,19,17,5,11,15,24,23,21,22,9,16],[12,16,24,20,23,19,4,8,7,17,5,21,6,22,18],[8,20,7,19,5,17,15,12,24,4,23,21,22,16],[16,8,3,12,24,20,7,19,17,5,23,21,22,4],[12,4,24,16,20,23,19,8,7,17,5,21,6,22,18],[24,12,16,4,8,20,19,7,5,17,23,21,6,22,18],[8,20,19,7,5,17,16,4,12,24,23,21,6,22,18],[12,8,16,4,24,20,19,7,17,5,23,21,22],[8,15,24,3,20,19,7,17,5,12,23,21,6,22,18,16],[4,16,20,24,19,12,8,7,5,17,23,21,22],[8,12,16,20,7,19,17,5,4,24,23,21,22],[12,4,24,20,19,8,7,17,5,16,23,21,6,22,18],[16,12,24,20,19,8,7,17,5,4,23,21,22],[16,12,20,24,19,4,8,7,5,17,23,21,22],[8,24,16,12,20,7,19,5,17,4,23,21,22],[4,20,16,12,8,7,19,5,17,24,23,21,22],[16,4,12,20,8,19,7,5,17,23,24,21,6,22,18],[24,20,19,12,4,16,8,7,17,5,23,21,22],[24,8,12,16,4,20,7,19,5,17,23,21,22],[20,16,24,23,19,12,4,8,7,5,17,21,6,22,18],[4,12,20,8,19,7,17,5,16,24,23,21,6,22,18],[12,20,8,7,19,17,5,16,24,4,23,21,22],[24,4,20,19,16,8,7,5,17,11,23,21,6,22,18,12],[8,4,16,12,20,19,7,5,17,24,23,21,6,22,18],[4,8,11,16,20,7,19,17,5,24,23,21,12,6,22,18],[4,12,24,16,20,19,8,7,17,5,23,21,6,22,18],[24,16,12,8,4,20,7,19,17,5,23,21,6,22,18],[4,24,20,19,16,8,7,17,5,12,23,21,6,22,18],[24,16,12,8,20,7,19,17,5,4,23,21,22],[16,4,12,8,20,19,7,5,17,23,24,21,22],[20,24,19,8,7,17,5,4,15,12,23,21,6,22,18],[4,16,8,20,7,19,17,5,23,24,11,21,22,12],[24,12,16,4,8,19,20,7,17,5,23,21,22],[24,8,16,20,7,19,17,5,11,4,23,21,22,12],[16,4,20,23,24,19,8,7,5,17,11,21,6,22,18,12],[12,8,19,20,7,17,5,4,16,21,23,24,22],[8,19,20,7,5,17,24,12,16,4,23,21,22],[8,4,20,19,7,17,5,24,12,16,23,21,22],[16,12,24,4,20,23,19,8,7,5,17,21,22],[16,8,19,20,7,17,5,23,12,4,24,21,22],[24,20,23,19,16,4,8,7,17,5,12,21,22],[12,20,16,24,19,4,8,7,5,17,23,21,6,22,18],[16,24,4,8,11,20,7,19,17,5,23,21,6,22,18,12],[12,8,24,15,20,7,19,17,5,3,23,21,22,16,2],[24,12,4,8,16,20,19,7,17,5,23,21,22],[20,8,19,7,17,5,24,15,3,12,23,21,22,13,1,6,18],[20,16,24,19,8,7,5,17,4,11,23,21,12,22],[24,12,20,19,8,7,17,5,16,3,23,21,6,22,18],[4,12,24,20,23,19,8,7,5,17,15,21,6,22,18],[20,4,24,23,19,12,16,8,7,5,17,21,22],[12,20,24,23,19,4,15,8,7,5,17,21,6,22,18],[20,8,7,19,5,17,24,16,12,3,23,21,6,22,18],[24,12,20,19,8,7,17,5,4,15,23,21,6,22,18],[4,12,24,8,19,20,7,17,5,16,23,21,22],[12,24,20,19,8,7,5,17,4,15,23,21,22,16],[8,24,16,20,19,7,5,17,4,12,23,21,22],[8,4,12,24,19,20,7,17,5,16,23,21,6,22,18],[16,24,4,8,20,7,19,5,17,12,23,21,6,22,18],[8,12,24,20,7,19,5,17,16,4,23,21,22],[20,12,16,4,24,19,8,7,5,17,23,21,6,22,18],[4,20,12,16,8,19,7,17,5,24,23,21,22],[4,20,16,24,23,19,12,7,17,21,22,18,8,5,6],[12,20,24,19,16,8,7,5,17,3,23,21,22,4],[12,8,24,15,20,7,19,5,17,4,23,21,6,22,18],[20,16,24,23,19,12,8,7,17,5,2,21,3,22,18,6],[16,12,8,23,24,7,20,19,17,5,3,21,6,22,18],[12,24,20,23,19,8,7,17,5,4,15,21,22,16],[4,16,24,12,8,19,20,7,17,5,23,21,22],[24,4,8,20,19,7,5,17,15,12,23,21,6,22,18],[12,24,20,23,19,8,7,17,5,16,4,21,6,22,18],[12,24,20,19,4,8,7,5,17,16,23,21,6,22,18],[8,16,4,12,24,20,7,19,17,5,23,21,22],[24,20,19,4,16,8,7,17,5,12,23,21,6,22,18],[8,12,20,7,19,5,17,4,16,23,24,21,6,22,18],[8,20,7,19,17,5,23,16,12,24,3,21,6,22,18],[24,12,16,20,23,19,8,7,17,5,4,21,6,22,18],[20,12,24,23,19,8,7,17,5,15,3,21,22,16,4],[12,16,4,24,20,23,19,8,7,5,17,21,22],[12,8,20,7,19,17,5,23,16,3,24,21,6,22,18],[20,8,7,19,5,17,12,3,15,24,23,21,22,16,4],[24,12,20,23,19,8,7,17,5,15,4,21,22,16],[20,12,16,4,8,19,7,17,5,24,23,21,6,22,18],[4,20,12,8,7,19,17,5,16,24,23,21,6,22,18],[24,16,20,19,4,12,8,7,5,17,23,21,22],[8,4,12,24,16,20,19,7,5,17,23,21,22],[4,8,12,16,20,19,7,17,5,24,23,21,6,22,18],[4,20,24,23,19,7,16,12,21,17,22,18,8,5,6],[20,16,4,12,24,19,8,7,5,17,23,21,22],[8,4,11,24,16,20,19,7,5,17,23,21,12,6,22,18],[8,24,20,7,19,17,5,16,4,12,23,21,22],[12,4,20,8,19,7,17,5,16,24,23,21,6,22,18],[4,12,8,15,20,7,19,5,17,24,23,21,6,22,18],[24,20,19,8,7,17,5,15,4,12,23,21,22,16],[4,20,24,19,12,8,7,5,17,15,23,21,6,22,18],[20,4,12,24,23,19,16,8,7,5,17,21,22],[12,20,16,24,19,8,7,5,17,3,23,21,22,4],[8,24,16,4,20,7,19,5,17,12,23,21,22],[16,8,4,24,19,20,7,5,17,11,23,21,6,22,18,12],[24,16,4,20,19,12,8,7,5,17,23,21,22],[20,12,8,19,7,17,5,4,16,24,23,21,22],[4,20,16,24,23,19,8,7,17,5,12,21,22],[16,20,24,19,8,7,17,5,12,4,23,21,6,22,18],[24,16,8,4,12,20,7,19,5,17,23,21,22],[12,16,20,4,24,23,19,8,7,17,5,21,6,22,18],[20,24,23,19,4,16,8,7,5,17,12,21,22],[20,16,12,4,8,19,7,5,17,23,24,21,6,22,18],[12,24,4,20,19,16,8,7,5,17,23,21,6,22,18],[4,24,8,12,20,7,19,5,17,15,23,21,22,16],[16,24,12,4,20,19,8,7,5,17,23,21,22],[16,4,12,24,20,23,19,8,7,5,17,21,22],[20,24,23,19,16,8,7,5,17,12,4,21,6,22,18],[12,24,4,20,23,19,8,7,17,5,16,21,6,22,18],[4,20,8,19,7,5,17,16,24,12,23,21,22],[4,12,16,24,20,19,8,7,5,17,23,21,6,22,18],[4,20,24,19,12,8,7,5,17,16,23,21,22],[12,24,8,15,4,20,7,19,5,17,23,21,6,22,18],[12,20,4,8,7,19,17,5,24,16,23,21,6,22,18],[24,20,19,4,8,7,5,17,16,12,23,21,22],[8,20,7,19,17,5,12,4,16,24,23,21,6,22,18],[20,8,7,19,5,17,12,24,16,3,23,21,6,22,18],[12,16,8,20,7,19,17,5,24,4,23,21,22],[24,12,4,8,20,7,19,17,5,16,23,21,6,22,18],[24,20,19,12,4,16,8,7,5,17,23,21,22],[12,16,24,4,8,20,7,19,5,17,23,21,22],[20,4,8,19,7,17,5,12,24,16,23,21,6,22,18],[16,12,24,20,19,8,7,17,5,3,23,21,6,22,18],[4,16,24,8,20,7,19,17,5,12,23,21,22],[20,8,19,7,5,17,12,24,4,16,23,21,22],[12,24,20,23,19,7,4,16,17,21,18,22,8,5,6],[4,8,20,7,19,17,5,11,24,13,23,21,15,22,12],[20,4,8,7,19,17,5,12,24,16,23,21,22],[16,24,12,20,19,3,8,7,17,5,23,21,6,22,18],[8,24,12,4,20,7,19,17,5,15,23,21,22,16],[20,4,12,8,7,19,5,17,15,23,24,21,6,22,18],[4,16,8,20,7,19,17,5,24,11,23,21,6,22,18,12],[4,8,24,20,7,19,17,5,16,12,23,21,6,22,18],[4,16,24,12,20,23,19,8,7,17,5,21,22],[4,20,16,8,19,7,17,5,24,12,23,21,6,22,18],[12,20,16,4,8,19,7,5,17,24,23,21,22],[8,12,16,4,24,19,20,7,17,5,23,21,22],[16,20,12,4,24,23,19,8,7,17,5,21,22],[4,16,8,20,7,19,17,5,11,23,24,21,22,12],[12,16,20,4,8,19,7,5,17,24,23,21,22],[8,4,12,16,24,20,7,19,5,17,23,21,22],[12,24,20,23,19,16,8,7,17,5,4,21,22],[20,24,19,8,7,5,17,12,4,16,23,21,22],[16,4,8,11,24,20,19,7,17,5,23,21,22,12],[8,4,12,20,7,19,17,5,16,24,23,21,22],[4,12,24,8,20,19,7,5,17,16,23,21,22],[16,12,24,4,8,20,7,19,5,17,23,21,6,22,18],[24,16,12,20,19,8,7,17,5,4,23,21,22],[12,4,16,20,8,7,19,17,5,24,23,21,6,22,18],[20,4,24,19,8,7,17,5,16,11,23,21,6,22,18,12],[4,8,12,23,24,7,20,19,17,5,16,21,22],[8,12,16,4,19,20,7,17,5,24,23,21,6,22,18],[12,4,24,8,20,19,7,5,17,16,23,21,6,22,18],[4,12,24,20,19,16,8,7,5,17,23,21,6,22,18],[4,24,12,16,20,19,8,7,17,5,23,21,6,22,18],[12,16,20,8,19,7,17,5,4,24,23,21,22],[16,12,4,20,8,7,19,17,5,24,23,21,6,22,18],[16,4,24,12,20,19,8,7,5,17,23,21,6,22,18],[4,24,16,8,20,7,19,5,17,11,23,21,6,22,18,12],[24,4,16,20,23,19,12,8,7,17,5,21,6,22,18],[16,12,24,8,4,20,19,7,5,17,23,21,6,22,18],[16,12,4,24,8,20,19,7,5,17,23,21,6,22,18],[24,16,8,12,20,19,7,17,5,4,23,21,6,22,18],[20,12,16,8,19,7,5,17,4,23,24,21,22],[4,8,20,19,7,17,5,12,24,15,23,21,6,22,18],[16,24,20,19,12,8,7,5,17,4,23,21,6,22,18],[12,8,20,19,7,5,17,4,24,16,23,21,22],[4,12,20,8,19,7,5,17,23,16,24,21,6,22,18],[12,4,20,8,7,19,17,5,24,15,23,21,22,16],[24,12,8,20,19,7,5,17,15,3,23,21,22,16,2],[24,4,12,20,23,19,16,8,7,17,5,21,22],[24,16,8,20,7,19,5,17,4,12,23,21,22],[8,12,4,24,16,20,7,19,5,17,23,21,6,22,18],[24,3,8,16,20,7,19,5,17,11,23,21,6,22,18,12],[4,24,16,20,23,19,8,7,5,17,12,21,22],[4,8,12,24,16,20,7,19,17,5,23,21,6,22,18],[8,20,7,19,5,17,16,12,3,24,23,21,6,22,18],[24,8,12,4,15,19,20,7,5,17,23,21,22,16],[4,20,8,19,7,5,17,24,15,12,23,21,6,22,18],[20,24,19,12,4,8,7,5,17,15,23,21,6,22,18],[4,20,16,24,19,12,8,7,5,17,23,21,6,22,18],[12,24,20,23,19,8,7,17,5,4,15,21,6,22,18],[4,16,8,11,20,19,7,5,17,24,23,21,22,12],[16,12,20,8,7,19,5,17,4,24,23,21,6,22,18],[8,19,20,7,5,17,16,24,12,4,23,21,6,22,18],[24,16,12,8,4,20,19,7,5,17,23,21,22],[20,4,24,23,19,16,8,7,17,5,12,21,6,22,18],[16,8,11,20,7,19,5,17,3,23,24,21,6,22,18,12],[12,20,4,24,23,19,16,8,7,5,17,21,22],[16,20,12,4,8,19,7,5,17,24,23,21,6,22,18],[12,24,16,4,20,23,19,8,7,5,17,21,6,22,18],[24,4,8,20,19,7,17,5,16,12,23,21,6,22,18],[20,16,4,24,19,8,7,17,5,12,23,21,22],[20,4,12,8,7,19,5,17,23,16,24,21,6,22,18],[8,20,19,7,17,5,15,11,4,24,23,21,12,6,22,18],[20,12,8,19,7,17,5,16,24,4,23,21,6,22,18],[24,4,16,12,8,20,19,7,17,5,23,21,22],[8,20,19,7,5,17,23,4,12,16,24,21,22,6,18],[8,3,24,19,20,7,5,17,15,12,23,21,22,16,4],[24,12,20,19,4,8,7,17,5,16,23,21,22],[16,4,20,8,19,7,5,17,23,24,12,21,22],[24,12,8,20,19,7,5,17,4,15,23,21,6,22,18],[12,20,8,7,19,5,17,24,3,16,23,21,6,22,18],[24,4,16,12,8,20,7,19,17,5,23,21,22],[24,12,20,23,19,8,7,5,17,4,15,21,6,22,18],[12,4,8,24,20,7,19,17,5,16,23,21,22],[4,16,24,8,12,20,19,7,5,17,23,21,6,22,18],[16,24,20,23,19,4,12,8,7,5,17,21,6,22,18],[24,16,12,4,20,23,19,8,7,5,17,21,22],[20,4,24,23,19,16,8,7,5,17,11,21,6,22,18,12],[4,24,20,23,19,16,8,7,5,17,12,21,22],[12,24,4,16,8,19,20,7,5,17,23,21,22],[20,8,7,19,5,17,12,23,4,15,24,21,6,22,18],[24,4,12,20,23,19,7,16,17,21,18,22,8,5,6],[12,8,20,19,7,17,5,16,24,4,23,21,22],[20,4,16,11,24,23,19,8,7,17,5,21,12,22],[16,4,20,24,23,19,8,7,17,5,11,21,12,22],[8,16,12,4,20,7,19,17,5,24,23,21,6,22,18],[20,4,8,19,7,17,5,12,24,15,23,21,6,22,18],[24,16,8,20,19,7,17,5,3,11,23,21,6,22,18,12],[24,8,15,19,20,7,17,5,4,12,23,21,6,22,18],[20,16,24,23,19,12,4,8,7,5,17,21,6,22,18],[12,24,20,23,19,4,8,7,5,17,16,21,6,22,18],[8,20,7,19,5,17,16,24,4,12,23,21,22],[4,24,20,19,16,11,8,7,17,5,23,21,22,12],[20,16,4,24,23,19,8,7,17,5,12,21,6,22,18],[8,23,24,7,12,20,19,5,17,3,15,21,6,22,18,16],[24,12,8,4,16,20,7,19,17,5,23,21,6,22,18],[8,20,7,19,5,17,4,16,23,12,24,21,22],[24,4,12,20,19,16,8,7,17,5,23,21,22],[4,20,8,7,19,5,17,24,16,11,23,21,6,22,18,12],[24,16,8,12,4,20,19,7,5,17,23,21,22],[12,16,24,4,20,19,8,7,5,17,23,21,6,22,18],[16,12,8,19,20,7,17,5,4,24,23,21,6,22,18],[12,16,24,8,4,20,19,7,5,17,23,21,6,22,18],[8,4,23,24,7,16,20,19,17,5,10,12,21,6,22,18],[12,24,8,3,16,20,19,7,17,5,23,21,22,4],[4,12,16,8,20,19,7,5,17,23,24,21,22],[4,20,8,19,7,5,17,24,15,12,23,21,22,16],[8,20,7,19,5,17,16,3,12,24,23,21,22,4],[8,24,4,20,7,19,17,5,12,15,23,21,22,16],[24,16,4,20,23,19,12,8,7,17,5,21,6,22,18],[20,24,23,19,16,4,8,7,5,17,11,21,22,12],[12,4,8,19,20,7,5,17,24,16,23,21,6,22,18],[8,12,16,24,19,20,7,5,17,4,23,21,22],[24,4,8,20,19,7,17,5,15,12,23,21,6,22,18],[12,20,4,16,24,19,8,7,17,5,23,21,6,22,18],[3,24,12,8,16,19,20,7,17,5,23,21,22,4],[4,20,8,7,19,17,5,16,24,11,23,21,12,22],[20,8,19,7,5,17,23,12,16,4,24,21,6,22,18],[12,4,16,8,20,19,7,17,5,24,23,21,6,22,18],[12,4,8,20,7,19,5,17,16,24,23,21,6,22,18],[20,4,16,12,24,19,8,7,17,5,23,21,6,22,18],[20,12,16,8,19,7,17,5,4,24,23,21,22],[16,8,24,12,19,20,7,5,17,4,23,21,6,22,18],[12,24,20,19,4,8,7,17,5,15,23,21,6,22,18],[12,20,8,19,7,17,5,15,24,4,23,21,22,14],[8,24,4,16,20,7,19,17,5,11,23,21,6,22,18,12],[8,16,24,20,19,7,17,5,4,12,23,21,6,22,18],[16,20,4,24,23,19,12,8,7,5,17,21,22],[4,8,20,19,7,17,5,12,24,16,23,21,6,22,18],[20,8,7,19,17,5,15,23,12,24,4,21,6,22,18],[12,16,24,20,23,19,8,7,5,17,4,21,22],[20,4,24,23,19,8,7,5,17,12,16,21,6,22,18],[24,16,8,20,19,7,17,5,4,12,23,21,6,22,18],[8,23,24,7,12,16,20,19,17,5,4,21,6,22,18],[24,8,16,20,19,7,17,5,3,12,23,21,6,22,18],[4,12,20,24,23,19,16,8,7,5,17,21,6,22,18],[12,4,16,8,23,24,7,20,19,5,17,21,22],[24,20,23,19,4,12,8,7,5,17,16,21,22],[16,20,4,8,19,7,17,5,23,11,24,21,6,22,18,12],[12,20,16,24,19,4,8,7,5,17,23,21,22],[4,24,12,16,20,19,8,7,5,17,23,21,22],[8,4,24,16,11,20,19,7,5,17,23,21,12,6,22,18],[8,20,19,7,5,17,3,16,12,24,23,21,6,22,18],[12,4,24,8,16,20,19,7,17,5,23,21,6,22,18],[16,12,24,20,19,4,8,7,17,5,23,21,6,22,18],[8,20,7,19,5,17,16,24,12,4,23,21,6,22,18],[4,8,20,7,19,17,5,16,11,24,23,21,22,12],[8,20,19,7,5,17,4,24,16,12,23,21,6,22,18],[12,24,16,20,23,19,4,8,7,17,5,21,22],[16,4,12,24,20,19,7,23,21,17,22,18,8,5,6],[16,24,12,8,4,20,19,7,5,17,23,21,22],[8,20,7,19,5,17,23,12,16,24,3,21,6,22,18],[4,8,24,12,20,7,19,17,5,15,23,21,22,14],[12,16,24,4,8,19,20,7,5,17,23,21,6,22,18],[4,20,12,8,7,19,17,5,24,16,23,21,22],[20,24,23,19,4,16,7,12,17,21,22,18,8,5,6],[8,24,4,16,12,20,7,19,5,17,23,21,6,22,18],[16,8,20,7,19,5,17,12,23,4,24,21,22],[4,16,8,20,19,7,17,5,12,23,24,21,22],[4,12,8,16,20,7,19,17,5,24,23,21,22],[16,8,23,24,7,19,20,17,5,4,12,21,22],[24,8,4,16,11,20,19,7,17,5,23,21,12,22],[12,24,8,16,20,7,19,5,17,4,23,21,22],[4,12,20,24,23,19,16,8,7,17,5,21,6,22,18],[24,16,8,20,7,19,5,17,4,11,23,21,12,22],[8,16,4,24,12,20,19,7,5,17,23,21,22],[16,8,24,20,7,19,5,17,4,12,23,21,22],[4,8,11,20,19,7,17,5,16,24,23,21,6,22,18,12],[24,20,23,19,16,4,8,7,17,5,12,21,6,22,18],[24,8,4,12,15,20,7,19,17,5,23,21,6,22,18],[24,8,16,4,12,19,20,7,5,17,23,21,22],[12,8,20,7,19,17,5,3,16,23,24,21,6,22,18],[20,12,24,19,16,8,7,17,5,4,23,21,22],[4,20,24,19,12,16,8,7,5,17,23,21,6,22,18],[12,4,24,8,16,19,20,7,5,17,23,21,22],[20,4,16,24,23,19,8,7,5,17,12,21,6,22,18],[12,16,20,4,8,19,7,5,17,24,23,21,22],[12,24,4,20,23,19,8,7,5,17,16,21,22],[8,23,24,7,12,20,19,5,17,16,2,21,4,22],[12,4,20,8,19,7,5,17,24,16,23,21,22],[20,8,19,7,5,17,23,3,15,12,24,21,22,16,4],[16,8,19,20,7,17,5,12,4,24,23,21,6,22,18],[20,12,24,23,19,4,16,8,7,17,5,21,6,22,18],[24,12,20,19,4,8,7,17,5,16,23,21,22],[8,4,20,7,19,17,5,23,24,12,16,21,6,22,18],[8,24,15,20,19,7,5,17,12,3,23,21,6,22,18,16],[16,20,4,12,24,19,8,7,17,5,23,21,22],[8,24,12,20,7,19,17,5,16,4,23,21,6,22,18],[12,24,16,4,20,19,8,7,5,17,23,21,22],[24,16,20,23,19,4,8,7,17,5,11,21,12,22],[20,24,23,19,16,8,7,17,5,4,11,21,12,22],[8,20,19,7,17,5,3,12,24,15,23,21,22,16,4],[12,16,20,8,19,7,17,5,24,3,23,21,22,4],[4,20,12,16,8,7,19,17,5,24,23,21,6,22,18],[24,8,16,4,20,19,7,5,17,12,23,21,22],[24,8,12,16,20,19,7,5,17,3,23,21,6,22,18],[20,24,19,16,4,8,7,5,17,12,23,21,22],[4,8,12,20,7,19,5,17,16,24,23,21,6,22,18],[12,8,16,24,3,20,19,7,5,17,23,21,6,22,18],[24,16,4,8,20,7,19,5,17,12,23,21,6,22,18],[16,20,4,12,24,23,19,7,17,21,22,18,8,5,6],[20,8,19,7,17,5,4,16,24,12,23,21,6,22,18],[20,16,8,7,19,17,5,24,12,3,23,21,6,22,18],[20,4,8,7,19,17,5,12,15,24,23,21,22,16],[16,24,4,8,12,20,19,7,17,5,23,21,22],[4,8,16,20,7,19,5,17,23,11,24,21,22,12],[16,12,4,20,8,7,19,17,5,24,23,21,6,22,18],[16,4,20,8,19,7,5,17,12,24,23,21,6,22,18],[20,4,8,19,7,5,17,24,16,12,23,21,22],[24,12,4,20,19,16,8,7,17,5,23,21,22],[20,24,23,19,8,7,5,17,12,15,4,21,22,16],[20,24,19,12,4,16,8,7,17,5,23,21,6,22,18],[16,12,8,20,7,19,5,17,3,24,23,21,6,22,18],[8,20,19,7,17,5,16,24,11,4,23,21,22,12],[4,12,24,8,20,19,7,17,5,15,23,21,22,14],[20,16,12,8,19,7,5,17,4,24,23,21,6,22,18],[16,8,24,20,19,7,17,5,4,12,23,21,6,22,18],[8,20,19,7,5,17,24,12,16,3,23,21,22,4],[4,8,24,16,20,19,7,5,17,10,12,23,21,6,22,18],[16,20,4,8,19,7,17,5,24,12,23,21,6,22,18],[20,16,8,19,7,17,5,12,3,23,24,21,22,4],[16,12,24,20,19,3,8,7,5,17,23,21,22,4],[20,8,7,19,17,5,12,24,16,4,23,21,6,22,18],[24,4,8,16,12,20,19,7,17,5,23,21,22],[24,8,16,20,7,19,5,17,11,3,23,21,6,22,18,12],[20,12,24,23,19,4,16,8,7,5,17,21,6,22,18],[20,4,8,19,7,17,5,16,24,12,23,21,6,22,18],[4,12,20,16,24,23,19,8,7,17,5,21,6,22,18],[24,8,12,20,7,19,17,5,16,4,23,21,6,22,18],[20,8,7,19,5,17,11,24,4,16,23,21,22,12],[12,8,3,24,20,7,19,5,17,15,23,21,22,16,4],[12,8,16,4,24,20,7,19,17,5,23,21,22],[20,24,23,19,16,12,4,8,7,17,5,21,22],[24,4,8,12,20,7,19,17,5,16,23,21,22],[16,8,24,12,20,19,7,5,17,4,23,21,6,22,18],[4,24,12,20,19,8,7,5,17,15,23,21,22,16],[20,16,4,24,19,8,7,5,17,12,23,21,22],[4,12,20,16,8,7,19,17,5,24,23,21,6,22,18],[24,16,8,4,20,19,7,5,17,12,23,21,6,22,18],[12,16,4,20,8,7,19,17,5,24,23,21,22],[8,12,24,20,19,7,5,17,4,16,23,21,6,22,18],[12,24,4,20,23,19,16,8,7,5,17,21,22],[20,4,11,8,7,19,5,17,16,24,23,21,6,22,18,12],[16,20,4,24,23,19,12,8,7,17,5,21,6,22,18],[12,20,24,23,19,8,7,5,17,16,4,21,6,22,18],[20,12,8,19,7,17,5,23,4,16,24,21,6,22,18],[24,8,12,16,20,19,7,17,5,4,23,21,22],[8,15,12,23,24,7,4,20,19,17,5,21,6,22,18],[20,16,24,19,12,4,8,7,17,5,23,21,22],[4,16,20,8,7,19,17,5,24,12,23,21,6,22,18],[16,8,12,20,7,19,5,17,4,24,23,21,6,22,18],[4,24,12,8,16,20,19,7,5,17,23,21,6,22,18],[20,8,19,7,5,17,12,16,24,4,23,21,22],[20,8,7,19,5,17,12,24,4,15,23,21,6,22,18],[8,24,12,16,20,19,7,5,17,3,23,21,6,22,18],[24,4,8,12,20,19,7,5,17,16,23,21,6,22,18],[20,8,19,7,5,17,11,4,23,16,24,21,12,22],[8,4,16,12,24,20,7,19,5,17,23,21,6,22,18],[8,24,16,20,7,19,5,17,3,12,23,21,22,2,6,18],[12,4,20,16,8,7,19,5,17,24,23,21,22],[12,16,24,8,19,20,7,5,17,3,23,21,22,2,18,6],[20,8,19,7,5,17,12,16,3,24,23,21,22,2,6,18],[12,20,24,23,19,4,8,7,5,17,16,21,22],[20,4,24,23,19,12,16,8,7,5,17,21,6,22,18],[4,8,24,20,7,19,5,17,12,16,23,21,6,22,18],[12,4,16,20,24,19,8,7,17,5,23,21,22],[20,24,19,4,8,7,5,17,15,11,23,21,22,12,16],[8,20,19,7,5,17,4,24,16,12,23,21,22],[20,16,12,4,8,19,7,17,5,23,24,21,22],[16,24,20,19,8,7,5,17,12,4,23,21,22],[12,16,4,8,23,24,7,20,19,5,17,21,22],[8,16,4,23,24,7,20,19,17,5,12,21,6,22,18],[24,12,20,23,19,15,8,7,17,5,3,21,6,22,18,16],[12,8,4,20,7,19,5,17,24,15,23,21,6,22,18],[16,20,8,19,7,17,5,23,12,3,24,21,22,1,6,18],[16,20,8,19,7,5,17,3,12,23,24,21,22,4],[12,4,16,20,8,7,19,5,17,24,23,21,22],[12,20,16,4,8,7,19,17,5,24,23,21,22],[20,12,4,24,23,19,16,8,7,17,5,21,6,22,18],[20,12,24,19,16,4,8,7,5,17,23,21,6,22,18],[16,4,8,19,20,7,5,17,24,12,23,21,6,22,18],[12,16,4,24,20,23,19,8,7,17,5,21,22],[8,24,12,19,20,7,17,5,3,15,23,21,6,22,18,16],[12,24,16,4,8,20,7,19,17,5,23,21,22],[20,16,4,24,23,19,12,8,7,5,17,21,6,22,18],[8,16,12,20,19,7,17,5,4,24,23,21,22],[12,16,8,20,19,7,17,5,4,23,24,21,22],[8,12,20,19,7,17,5,16,23,4,24,21,6,22,18],[16,8,20,7,19,17,5,24,11,4,23,21,6,22,18,12],[20,12,16,4,8,7,19,17,5,23,24,21,6,22,18],[20,24,23,19,12,4,8,7,17,5,15,21,22,16],[16,24,12,20,19,8,7,17,5,4,23,21,22],[16,20,12,8,19,7,17,5,4,24,23,21,22],[16,24,8,12,20,7,19,17,5,4,23,21,6,22,18],[16,24,8,20,7,19,5,17,3,12,23,21,22,2,18,6],[16,4,12,8,24,20,19,7,5,17,23,21,6,22,18],[16,12,8,4,20,19,7,5,17,24,23,21,6,22,18],[12,16,24,20,23,19,4,8,7,17,5,21,22],[4,16,8,12,24,20,7,19,5,17,23,21,22],[4,16,24,8,12,20,19,7,17,5,23,21,22],[4,20,16,24,19,8,7,17,5,11,23,21,6,22,18,12],[16,24,20,23,19,12,4,8,7,17,5,21,6,22,18],[4,8,19,20,7,17,5,24,16,12,23,21,6,22,18],[16,12,4,20,8,7,19,5,17,24,23,21,22],[12,24,4,16,20,23,19,8,7,5,17,21,6,22,18],[8,16,24,20,19,7,17,5,12,4,23,21,22],[4,16,8,24,12,19,20,7,5,17,23,21,22],[16,24,20,23,19,4,8,7,5,17,12,21,22],[20,8,7,19,17,5,4,16,24,11,23,21,12,6,22,18],[8,12,16,20,19,7,17,5,4,24,23,21,22],[20,4,16,8,7,19,17,5,24,11,23,21,12,6,22,18],[8,15,12,4,24,20,19,7,5,17,23,21,22,16],[8,15,4,24,12,20,19,7,17,5,23,21,6,22,18],[12,4,20,16,8,7,19,5,17,24,23,21,22],[24,20,23,19,8,7,17,5,16,4,11,21,6,22,18,12],[20,7,24,19,16,12,4,23,17,21,18,22,8,5,6],[24,16,8,4,20,7,19,17,5,12,23,21,22],[16,4,24,12,8,20,7,19,5,17,23,21,22],[16,8,4,20,19,7,17,5,12,23,24,21,6,22,18],[20,16,24,19,8,7,17,5,12,4,23,21,6,22,18],[24,4,16,20,23,19,12,8,7,17,5,21,22],[8,24,4,12,19,20,7,5,17,16,23,21,6,22,18],[24,20,23,19,8,7,5,17,16,4,12,21,22],[4,24,20,19,16,12,8,7,5,17,23,22,6,18],[12,4,24,16,20,23,19,8,7,5,17,21,6,22,18],[8,15,24,4,20,19,7,17,5,12,23,21,22,13],[12,8,4,15,24,20,7,19,17,5,23,21,22,16],[8,16,20,19,7,5,17,4,12,23,24,21,6,22,18],[16,12,24,8,20,19,7,17,5,3,23,21,6,22,18],[4,8,16,24,12,20,19,7,5,17,23,21,6,22,18],[8,20,19,7,17,5,24,12,15,4,23,21,6,22,18],[20,4,8,19,7,5,17,16,11,23,24,21,6,22,18,12],[12,4,16,20,8,7,19,5,17,23,24,21,22],[16,4,24,20,19,8,7,17,5,11,23,21,22,12],[16,4,8,20,7,19,5,17,24,12,23,21,6,22,18],[16,24,8,12,3,20,7,19,5,17,23,21,6,22,18],[24,12,16,8,4,19,20,7,17,5,23,21,6,22,18],[12,4,24,8,16,20,19,7,5,17,23,21,6,22,18],[8,20,7,19,5,17,15,3,24,12,23,21,22,16,4],[16,8,24,12,4,20,7,19,5,17,23,21,22],[16,24,8,4,12,20,19,7,17,5,23,21,22],[24,20,23,19,8,7,17,5,16,3,12,21,6,22,18],[24,8,4,16,20,19,7,17,5,12,23,21,6,22,18],[24,20,19,8,7,5,17,16,3,12,23,21,22,4],[20,24,23,19,12,4,8,7,17,5,15,21,22,16],[24,16,20,19,12,3,8,7,17,5,23,21,6,22,18],[8,12,20,7,19,17,5,16,3,23,24,21,6,22,18],[4,12,8,24,16,20,19,7,17,5,23,21,6,22,18],[24,4,20,23,19,8,7,17,5,16,12,21,6,22,18],[8,20,7,19,17,5,16,24,12,4,23,21,22],[8,4,11,16,24,20,19,7,5,17,23,21,12,22],[20,16,12,8,19,7,5,17,24,4,23,21,6,22,18],[20,12,3,24,23,19,15,8,7,17,5,21,22,16,4],[20,16,12,24,23,19,8,7,5,17,4,21,6,22,18],[12,4,8,16,20,7,19,5,17,24,23,21,22],[16,20,24,23,19,4,8,7,5,17,12,21,6,22,18],[20,4,8,19,7,17,5,23,15,24,12,21,22,16],[4,20,12,24,23,19,8,7,5,17,16,21,22],[16,4,24,8,12,20,19,7,17,5,23,21,22],[16,20,12,4,8,7,19,5,17,24,23,21,6,22,18],[4,16,12,24,20,23,19,8,7,5,17,21,22],[12,16,24,20,23,19,4,8,7,17,5,21,6,22,18],[20,16,4,12,8,7,19,17,5,24,23,21,6,22,18],[8,12,20,7,19,17,5,3,16,24,23,21,22,1,6,18],[24,12,8,15,4,20,19,7,17,5,23,21,22,16],[24,4,12,16,8,20,19,7,17,5,23,21,6,22,18],[16,8,12,20,19,7,5,17,4,24,23,21,22],[24,16,4,20,23,19,12,8,7,17,5,21,22],[16,20,8,19,7,17,5,4,12,24,23,21,6,22,18],[8,16,24,20,19,7,5,17,4,12,23,21,6,22,18],[8,16,12,3,23,24,7,20,19,5,17,21,22,4],[16,4,12,8,20,7,19,17,5,24,23,21,22],[16,20,24,23,19,8,7,5,17,12,4,21,6,22,18],[24,12,4,20,19,16,8,7,17,5,23,21,6,22,18],[12,16,20,24,23,19,4,8,7,17,5,21,6,22,18],[16,20,12,4,24,23,19,8,7,17,5,21,22],[4,16,24,8,20,19,7,5,17,11,23,21,22,12],[4,8,11,16,24,20,19,7,17,5,23,21,6,22,18,12],[16,20,12,4,24,19,8,7,17,5,23,21,6,22,18],[16,8,11,24,4,20,19,7,17,5,23,21,6,22,18,12],[24,4,12,8,19,20,7,5,17,16,23,21,6,22,18],[20,12,4,24,19,8,7,5,17,16,23,21,6,22,18],[4,16,8,24,12,20,19,7,5,17,23,21,22],[4,20,23,24,19,16,12,8,7,5,17,21,6,22,18],[20,12,8,7,19,17,5,4,23,16,24,21,6,22,18],[12,24,8,16,20,19,7,17,5,3,23,21,6,22,18],[12,8,4,16,24,20,19,7,5,17,23,21,22],[12,4,20,16,24,19,8,7,5,17,23,21,6,22,18],[16,4,8,20,19,7,17,5,11,24,23,21,12,6,22,18],[24,20,23,19,16,8,7,17,5,3,12,21,6,22,18],[24,12,8,20,19,7,17,5,16,3,23,21,6,22,18],[4,16,20,12,24,19,8,7,5,17,23,21,6,22,18],[12,24,16,8,3,20,7,19,5,17,23,21,22,4],[8,19,20,7,5,17,12,24,4,16,23,21,6,22,18],[24,20,23,19,8,7,17,5,4,12,15,21,6,22,18],[20,16,11,24,23,19,8,7,17,5,4,21,6,22,18,12],[16,8,24,3,12,20,7,19,17,5,23,21,6,22,18],[4,16,20,12,24,23,19,8,7,17,5,21,22],[8,12,24,20,7,19,5,17,16,4,23,21,6,22,18],[4,12,24,8,20,19,7,5,17,15,23,21,22,16],[4,8,12,24,16,20,19,7,17,5,23,21,22],[20,7,16,4,24,19,12,23,17,21,22,18,8,5,6],[24,4,8,11,16,20,7,19,5,17,23,21,6,22,18,12],[24,20,23,19,12,4,8,7,5,17,16,21,6,22,18],[4,16,20,12,8,19,7,5,17,24,23,21,6,22,18],[16,20,12,24,23,19,8,7,17,5,4,21,6,22,18],[8,20,19,7,5,17,11,4,24,16,23,21,6,22,18,12],[24,8,16,19,20,7,5,17,12,4,23,21,6,22,18],[16,20,24,23,19,8,7,17,5,4,12,21,6,22,18],[8,4,16,11,24,19,20,7,5,17,23,21,12,6,22,18],[12,4,16,8,20,7,19,5,17,24,23,21,6,22,18],[20,4,8,7,19,5,17,12,16,24,23,21,6,22,18],[12,4,16,8,20,19,7,17,5,23,24,21,6,22,18],[24,16,20,23,19,12,4,8,7,17,5,21,22],[16,8,12,4,19,20,7,5,17,23,24,21,6,22,18],[16,24,12,4,20,19,8,7,5,17,23,21,22],[16,12,20,4,24,19,8,7,5,17,23,21,22],[8,16,20,7,19,17,5,4,24,12,23,21,22],[16,4,20,12,24,23,19,8,7,5,17,21,22],[16,24,20,19,8,7,17,5,4,12,23,21,22],[12,20,16,8,7,19,17,5,24,4,23,21,22],[24,16,20,23,19,8,7,5,17,12,4,21,22],[4,16,8,20,7,19,17,5,24,12,23,21,6,22,18],[8,4,12,16,24,20,7,19,5,17,23,21,22],[12,8,20,19,7,5,17,24,4,15,23,21,6,22,18],[12,4,16,24,8,20,7,19,5,17,23,21,6,22,18],[20,16,12,4,8,19,7,17,5,24,23,21,22],[8,24,4,12,20,7,19,5,17,15,23,21,6,22,18],[24,4,12,20,23,19,16,8,7,5,17,21,6,22,18],[4,8,12,15,20,19,7,5,17,24,23,21,6,22,18],[12,16,24,8,20,19,7,17,5,4,23,21,22],[4,12,8,23,24,7,20,19,17,5,16,21,6,22,18],[4,8,12,16,24,19,20,7,5,17,23,21,22],[4,12,16,24,20,19,8,7,17,5,23,21,22],[16,12,20,8,19,7,17,5,23,3,24,21,6,22,18],[20,24,23,19,16,8,7,5,17,11,4,21,22,12],[12,8,4,16,24,20,7,19,17,5,23,21,6,22,18],[4,24,20,23,19,16,8,7,5,17,12,21,6,22,18],[12,16,8,24,20,19,7,5,17,3,23,21,6,22,18],[20,4,12,8,19,7,5,17,24,16,23,21,6,22,18],[24,20,23,19,8,7,5,17,12,13,3,21,22,16,4],[24,12,4,8,20,19,7,17,5,16,23,21,22],[4,20,16,24,23,19,12,8,7,5,17,21,6,22,18],[12,8,24,16,19,20,7,17,5,4,23,21,6,22,18],[20,16,8,19,7,5,17,11,23,4,24,21,12,6,22,18],[8,20,7,19,17,5,4,12,15,23,24,21,6,22,18],[12,16,4,24,8,20,19,7,5,17,23,21,6,22,18],[4,20,16,24,23,19,8,7,5,17,9,21,6,22,18,11],[8,19,20,7,5,17,11,23,16,4,24,21,12,22],[24,8,15,4,12,20,19,7,5,17,23,21,22,13],[4,12,16,24,20,23,19,7,17,21,22,18,8,5,6],[12,24,20,23,19,16,7,4,17,21,18,22,8,5,6],[4,12,8,20,7,19,5,17,15,24,23,21,22,16],[16,12,4,24,8,20,19,7,5,17,23,21,6,22,18],[20,4,8,7,19,5,17,12,16,23,24,21,6,22,18],[12,20,4,24,23,19,8,7,17,5,16,21,22],[16,24,4,20,23,19,8,7,5,17,11,21,22,12],[20,12,4,16,8,19,7,5,17,23,24,21,6,22,18],[20,12,16,24,19,4,8,7,17,5,23,21,22],[20,16,4,24,23,19,12,8,7,17,5,21,22],[20,16,8,7,19,5,17,23,12,4,24,21,6,22,18],[8,16,20,19,7,17,5,24,4,12,23,21,6,22,18],[4,23,20,24,19,8,7,5,17,16,12,21,22],[16,8,11,20,7,19,5,17,24,4,23,21,22,12],[24,12,20,23,19,8,7,17,5,16,4,21,6,22,18],[24,8,4,16,12,20,19,7,17,5,23,21,6,22,18],[12,20,24,19,8,7,17,5,4,15,23,21,22,14],[24,12,8,4,16,19,20,7,17,5,23,21,22],[12,4,20,24,23,19,15,8,7,17,5,21,22,16],[16,8,24,4,20,19,7,5,17,12,23,21,6,22,18],[4,16,24,12,8,20,7,19,5,17,23,21,22],[4,24,8,20,19,7,17,5,16,12,23,21,22],[16,4,8,24,20,7,19,17,5,12,23,21,6,22,18],[20,4,12,24,19,16,8,7,5,17,23,21,6,22,18],[12,20,8,19,7,17,5,4,23,16,24,21,6,22,18],[16,12,24,4,8,20,19,7,17,5,23,21,22],[16,12,24,4,8,20,19,7,17,5,23,21,6,22,18],[16,12,20,4,24,23,19,8,7,17,5,21,6,22,18],[12,16,24,8,4,20,7,19,5,17,23,21,22],[20,24,19,16,4,8,7,17,5,11,23,21,6,22,18,12],[12,4,24,20,23,19,16,8,7,17,5,21,6,22,18],[4,20,8,19,7,5,17,12,15,24,23,21,22,16],[20,8,7,19,17,5,23,15,24,12,4,21,22,14],[8,20,19,7,5,17,4,12,24,16,23,21,22],[12,16,8,20,7,19,5,17,3,24,23,21,22,4],[16,24,8,4,12,20,7,19,5,17,23,21,6,22,18],[12,24,20,19,4,16,8,7,5,17,23,21,6,22,18],[12,16,8,23,24,7,20,19,17,5,4,21,22],[12,8,15,24,19,20,7,5,17,4,23,21,22,16],[8,16,12,19,20,7,17,5,24,4,23,21,22],[24,4,20,19,12,16,8,7,17,5,23,21,6,22,18],[16,24,4,8,20,19,7,17,5,11,23,21,22,12],[20,12,24,23,19,4,8,7,17,5,16,21,22],[4,16,8,12,20,7,19,17,5,24,23,21,22],[20,8,7,19,17,5,12,4,15,24,23,21,22,16],[16,24,20,19,8,7,17,5,4,11,23,21,6,22,18,12],[16,8,20,19,7,5,17,4,24,12,23,21,22],[20,24,23,19,12,16,8,7,5,17,4,21,6,22,18],[20,12,4,8,19,7,5,17,16,24,23,21,6,22,18],[8,11,24,4,16,20,19,7,17,5,23,21,22,12],[8,12,16,3,20,7,19,17,5,24,23,21,22,4],[20,12,16,24,19,4,8,7,17,5,23,21,6,22,18],[4,16,12,24,8,20,7,19,5,17,23,21,6,22,18],[4,8,12,20,19,7,17,5,15,23,24,21,6,22,18],[24,20,23,19,12,3,16,8,7,5,17,21,22,1,18,6],[20,8,7,19,5,17,3,16,23,12,24,21,6,22,18],[24,20,19,16,8,7,5,17,4,12,23,21,6,22,18],[4,8,24,16,20,7,19,17,5,11,23,21,22,12],[16,24,20,19,8,7,5,17,12,3,23,21,6,22,18],[16,8,4,20,19,7,17,5,24,12,23,21,6,22,18],[16,12,8,20,7,19,5,17,23,4,24,21,6,22,18],[12,16,8,4,20,19,7,17,5,24,23,21,6,22,18],[12,4,20,24,19,8,7,17,5,16,23,21,6,22,18],[12,16,24,8,4,20,7,19,17,5,23,21,6,22,18],[20,16,4,24,19,8,7,17,5,12,23,21,6,22,18],[16,4,24,20,23,19,12,8,7,17,5,21,22],[12,24,16,4,8,20,7,19,17,5,23,21,22],[4,20,16,12,8,19,7,5,17,23,24,21,22],[12,16,4,8,20,19,7,17,5,23,24,21,22],[8,19,20,7,17,5,15,12,4,24,23,21,6,22,18],[8,3,16,20,7,19,5,17,24,11,23,21,22,12,2],[4,20,12,16,8,19,7,17,5,24,23,21,22],[12,16,8,24,20,7,19,17,5,3,23,21,6,22,18],[12,20,24,19,8,7,5,17,16,4,23,21,6,22,18],[8,4,12,16,24,20,19,7,5,17,23,21,22],[16,12,4,24,20,23,19,8,7,17,5,21,6,22,18],[20,16,4,24,19,8,7,5,17,11,23,21,22,12],[8,4,20,7,19,5,17,11,24,15,23,21,22,12,16],[4,24,16,8,12,20,7,19,5,17,23,21,22],[4,20,24,23,19,8,7,17,5,12,16,21,6,22,18],[4,8,20,19,7,5,17,11,16,24,23,21,22,12],[16,12,24,8,19,20,7,5,17,4,23,21,6,22,18],[4,16,24,12,8,19,20,7,5,17,23,21,22],[12,8,15,4,20,19,7,17,5,24,23,21,22,16],[4,24,12,8,15,20,19,7,5,17,23,21,6,22,18],[20,24,19,7,16,4,12,23,21,17,22,18,8,5,6],[12,24,16,4,20,19,7,23,17,21,18,22,5,8,6],[20,16,24,23,19,11,8,7,17,5,3,21,6,22,18,12],[16,8,24,20,7,19,5,17,11,3,23,21,12,6,22,18],[24,8,19,20,7,17,5,4,11,16,23,21,22,12],[24,16,4,20,19,8,7,17,5,12,23,21,22],[12,24,4,20,19,16,8,7,5,17,23,21,6,22,18],[4,24,12,8,20,19,7,5,17,15,23,21,22,14],[12,4,8,24,16,20,7,19,17,5,23,21,6,22,18],[12,4,20,16,8,19,7,17,5,24,23,21,6,22,18],[12,24,8,19,20,7,17,5,16,3,23,21,6,22,18],[20,16,24,19,7,4,12,23,17,21,22,18,8,5,6],[12,24,20,19,16,4,8,7,5,17,23,21,22],[8,16,12,23,24,7,4,20,19,5,17,21,6,22,18],[20,24,23,19,12,8,7,5,17,4,15,21,22,16],[4,8,12,24,16,20,19,7,17,5,23,21,22],[8,12,16,20,7,19,17,5,3,24,23,21,6,22,18],[4,24,12,8,16,20,19,7,5,17,23,21,22],[20,24,23,19,12,4,8,7,5,17,15,21,6,22,18],[16,20,24,19,8,7,17,5,4,12,23,21,6,22,18],[16,12,4,24,20,23,19,8,7,5,17,21,22],[8,4,15,11,23,24,7,20,19,5,17,21,22,12,16],[8,20,19,7,17,5,12,4,24,16,23,21,22],[24,8,16,20,7,19,5,17,12,4,23,21,22],[4,16,8,12,20,7,19,5,17,24,23,21,6,22,18],[12,8,24,16,20,19,7,17,5,3,23,21,6,22,18],[24,20,19,16,8,7,17,5,4,12,23,21,6,22,18],[24,12,4,8,16,20,7,19,17,5,23,21,6,22,18],[12,20,8,7,19,17,5,24,4,16,23,21,22],[24,16,20,23,19,8,7,5,17,4,12,21,6,22,18],[20,16,4,24,23,19,8,7,5,17,11,21,6,22,18,12],[20,4,24,23,19,16,12,8,7,5,17,21,22],[4,12,20,24,23,19,8,7,17,5,16,21,6,22,18],[12,16,8,4,20,7,19,5,17,23,24,21,6,22,18],[16,20,4,8,7,19,5,17,11,24,23,21,6,22,18,12],[16,12,20,24,19,3,8,7,17,5,23,21,6,22,18],[16,20,4,24,19,12,7,23,21,17,18,22,8,5,6],[12,20,16,4,24,23,19,8,7,5,17,21,6,22,18],[4,8,24,16,20,19,7,17,5,12,23,21,6,22,18],[24,4,16,12,20,19,8,7,17,5,23,21,6,22,18],[16,12,24,4,8,20,19,7,17,5,23,21,22],[4,8,12,24,16,20,19,7,17,5,23,21,6,22,18],[16,8,4,20,19,7,5,17,12,24,23,21,22],[8,4,16,12,20,19,7,5,17,24,23,21,6,22,18],[20,12,4,16,8,7,19,5,17,24,23,21,6,22,18],[8,11,16,24,20,19,7,5,17,4,23,21,22,12],[8,16,24,11,20,19,7,17,5,3,23,21,6,22,18,12],[12,20,8,7,19,17,5,24,16,4,23,21,6,22,18],[24,8,16,12,4,20,7,19,17,5,23,21,22],[12,16,20,4,8,19,7,5,17,23,24,21,6,22,18],[4,16,8,20,7,19,5,17,12,24,23,21,6,22,18],[16,24,4,20,19,12,8,7,17,5,23,21,6,22,18],[16,20,8,7,19,17,5,4,24,11,23,21,22,12],[20,24,23,19,8,7,17,5,4,11,16,21,22,12],[4,16,12,20,8,7,19,17,5,23,24,21,6,22,18],[20,16,24,19,12,4,8,7,5,17,23,21,6,22,18],[12,20,8,7,19,17,5,23,16,3,24,21,6,22,18],[24,12,16,20,23,19,4,8,7,17,5,21,6,22,18],[12,20,16,4,8,19,7,5,17,24,23,21,6,22,18],[20,12,8,7,19,5,17,4,24,16,23,22,6,18],[8,19,20,7,17,5,16,12,4,23,24,21,22],[20,24,23,19,8,7,5,17,3,12,16,21,6,22,18],[12,20,24,19,16,4,8,7,5,17,23,21,6,22,18],[7,12,4,20,24,19,16,23,21,17,22,18,8,5,6],[8,12,4,20,7,19,17,5,15,23,24,21,6,22,18],[8,4,20,7,19,5,17,16,11,24,23,21,22,12],[16,4,8,24,12,20,7,19,17,5,23,21,6,22,18],[7,20,12,4,24,23,19,15,17,21,18,22,8,5,6],[8,16,20,19,7,17,5,12,24,4,23,21,6,22,18],[24,16,4,12,8,19,20,7,17,5,23,21,22],[12,16,20,8,19,7,17,5,4,24,23,21,22],[24,8,4,16,12,19,20,7,5,17,23,21,22],[16,8,23,24,7,4,20,19,5,17,12,21,6,22,18],[4,20,16,24,23,19,8,7,17,5,12,21,22],[24,8,15,4,12,20,7,19,5,17,23,21,22,16],[4,8,20,7,19,17,5,12,23,15,24,21,6,22,18],[24,4,8,12,20,19,7,17,5,15,23,21,6,22,18],[12,8,4,24,20,7,19,5,17,16,23,21,6,22,18],[16,20,4,24,19,8,7,17,5,11,23,21,22,12],[24,20,19,4,16,12,8,7,17,5,23,21,22],[16,8,24,4,20,7,19,17,5,12,23,21,22],[20,24,19,16,8,7,5,17,12,4,23,21,22],[8,12,20,7,19,5,17,3,16,24,23,21,22,4],[24,20,23,19,16,8,7,5,17,4,12,21,6,22,18],[20,24,19,12,8,7,17,5,16,4,23,21,6,22,18],[12,8,20,19,7,17,5,16,4,23,24,21,6,22,18],[8,16,12,4,24,19,20,7,17,5,23,21,22],[24,8,20,19,7,17,5,12,3,16,23,21,22,4],[8,24,20,19,7,17,5,4,12,16,23,21,22],[8,24,12,16,4,19,20,7,5,17,23,21,6,22,18],[16,24,20,19,4,12,8,7,5,17,23,21,22],[24,20,19,8,7,5,17,12,16,3,23,21,22,4],[12,20,8,7,19,17,5,4,16,24,23,21,6,22,18],[8,15,23,24,7,12,4,20,19,17,5,21,6,22,18],[8,4,24,16,12,20,19,7,17,5,23,21,6,22,18],[12,20,24,19,8,7,17,5,16,3,23,21,22,4],[20,4,24,19,12,8,7,5,17,16,23,21,6,22,18],[12,24,4,20,19,7,16,23,17,21,18,22,8,5,6],[4,20,12,24,19,8,7,17,5,15,23,21,6,22,18],[12,24,8,20,19,7,17,5,4,16,23,21,6,22,18],[12,4,24,16,8,20,19,7,5,17,23,21,6,22,18],[4,16,20,24,19,12,8,7,5,17,23,21,6,22,18],[4,20,16,24,23,19,12,8,7,17,5,21,6,22,18],[16,24,4,12,8,19,20,7,17,5,23,21,22],[12,20,4,8,7,19,17,5,16,23,24,21,6,22,18],[4,8,20,7,19,5,17,16,12,24,23,21,6,22,18],[4,16,12,24,20,23,19,8,7,5,17,21,22],[20,4,16,24,19,12,8,7,17,5,23,21,6,22,18],[4,12,20,24,23,19,16,8,7,17,5,21,22],[20,8,19,7,17,5,24,4,16,11,23,21,22,12],[8,16,20,19,7,17,5,23,4,12,24,21,22],[16,24,8,20,7,19,5,17,12,4,23,21,22],[24,4,20,19,16,7,12,23,21,17,18,22,8,5,6],[12,4,8,16,20,7,19,17,5,24,23,21,22],[16,4,24,12,8,19,20,7,17,5,23,21,6,22,18],[24,12,16,4,8,20,7,19,17,5,23,21,6,22,18],[24,20,23,19,4,12,16,8,7,5,17,21,6,22,18],[16,8,4,20,7,19,5,17,24,11,23,21,6,22,18,12],[8,15,12,20,19,7,5,17,24,4,23,21,6,22,18],[4,20,8,19,7,17,5,24,12,16,23,21,22],[8,12,4,20,19,7,17,5,24,16,23,21,22],[12,4,8,16,20,7,19,17,5,24,23,21,6,22,18],[20,12,4,8,7,19,5,17,24,16,23,21,6,22,18],[4,16,24,20,19,8,7,17,5,12,23,21,22],[4,24,12,8,16,20,19,7,5,17,23,22,18,6],[4,24,16,20,19,8,7,5,17,12,23,21,22],[20,16,4,12,24,19,8,7,5,17,23,21,6,22,18],[24,12,20,19,15,4,8,7,5,17,23,21,6,22,18],[4,8,24,12,16,19,20,7,5,17,23,21,22],[24,20,23,19,16,8,7,5,17,12,3,21,22,4],[20,12,16,24,19,4,8,7,17,5,23,21,22],[4,12,20,16,8,19,7,5,17,24,23,21,6,22,18],[4,24,8,11,16,20,19,7,5,17,23,21,12,6,22,18],[24,20,19,15,12,4,8,7,17,5,23,21,22,16],[12,8,20,7,19,5,17,24,16,4,23,21,22],[20,24,19,8,7,5,17,12,16,4,23,21,22],[20,8,19,7,17,5,24,12,3,16,23,21,22,1,6,18],[12,4,20,8,19,7,17,5,24,15,23,21,22,16],[4,8,24,12,20,19,7,17,5,16,23,21,22],[12,20,4,8,19,7,5,17,15,23,24,21,22,16],[8,20,7,19,5,17,11,23,15,24,4,21,22,12,14],[16,4,20,24,19,12,7,23,21,17,22,18,8,5,6],[24,20,19,16,3,12,8,7,17,5,23,21,6,22,18],[24,12,20,23,19,8,7,17,5,4,15,21,6,22,18],[16,24,20,19,4,8,7,5,17,12,23,21,22],[16,8,12,24,20,19,7,17,5,4,23,21,22],[4,20,8,19,7,17,5,24,12,16,23,21,22],[4,12,16,8,20,19,7,5,17,23,24,21,6,22,18],[16,8,23,12,24,7,4,20,19,17,5,21,6,22,18],[24,20,19,12,3,16,8,7,5,17,23,21,22,1,4],[24,20,19,4,16,12,8,7,17,5,23,21,22],[4,16,24,12,20,23,19,8,7,17,5,21,22],[8,23,24,7,4,12,20,19,17,5,16,21,22],[4,16,8,20,7,19,5,17,12,24,23,21,22],[4,20,16,24,23,19,12,8,7,17,5,21,22],[8,20,19,7,5,17,11,16,4,24,23,21,6,22,18,12],[16,8,11,4,20,19,7,5,17,24,23,21,22,10,12],[8,11,24,20,19,7,17,5,15,4,23,21,6,22,18,12],[8,20,7,19,5,17,23,9,4,16,24,21,6,22,18,12],[20,4,8,7,19,5,17,23,16,12,24,21,6,22,18],[16,4,20,12,8,19,7,5,17,23,24,21,6,22,18],[20,12,16,8,19,7,5,17,24,3,23,21,22,4],[24,8,16,20,19,7,5,17,12,4,23,21,22],[8,4,12,23,24,7,16,20,19,5,17,21,22],[24,16,8,4,20,19,7,5,17,12,23,21,6,22,18],[8,16,12,24,3,20,19,7,5,17,23,21,22,1,4],[12,24,4,8,20,7,19,17,5,16,23,21,6,22,18],[8,3,20,19,7,5,17,11,24,16,23,21,6,22,18,12],[4,24,20,23,19,16,8,7,17,5,12,21,22],[16,8,23,24,7,12,4,20,19,5,17,21,6,22,18],[20,12,24,23,19,4,8,7,17,5,16,21,6,22,18],[24,4,20,19,8,7,17,5,16,11,23,21,6,22,18,12],[20,24,19,12,16,4,8,7,5,17,23,21,22],[24,16,20,23,19,12,8,7,17,5,4,21,22],[20,16,8,7,19,17,5,4,12,24,23,21,22],[16,8,4,20,19,7,5,17,11,24,23,21,12,6,22,18],[24,16,8,12,4,20,19,7,5,17,23,21,22],[20,16,24,23,19,4,8,7,5,17,11,21,6,22,18,12],[4,24,8,20,7,19,5,17,12,16,23,21,22],[8,4,16,20,19,7,17,5,24,12,23,21,22],[20,12,8,7,19,5,17,16,4,24,23,21,6,22,18],[4,16,12,20,8,19,7,17,5,24,23,21,6,22,18],[12,20,4,16,24,23,19,8,7,17,5,21,6,22,18],[4,12,16,8,20,7,19,5,17,24,23,21,22],[20,12,4,16,24,19,8,7,17,5,23,21,6,22,18],[16,24,20,23,19,8,7,17,5,4,12,22,18,6],[4,20,16,8,7,19,17,5,23,12,24,21,6,22,18],[12,16,4,8,20,19,7,5,17,24,23,21,22],[8,16,4,20,7,19,5,17,11,23,24,21,22,12],[16,4,12,20,8,7,19,5,17,24,23,21,6,22,18],[4,24,12,16,20,23,19,8,7,17,5,21,6,22,18],[24,20,19,11,4,16,7,23,21,17,18,22,12,8,5,6],[12,16,20,24,19,8,7,5,17,4,23,21,22],[4,24,16,8,20,7,19,5,17,12,23,21,6,22,18],[16,4,20,8,7,19,5,17,12,24,23,21,22],[4,12,8,24,15,20,19,7,5,17,23,21,22,14],[12,20,24,19,8,7,17,5,15,4,23,21,22,16],[4,12,24,20,23,19,8,7,17,5,16,21,22],[4,20,24,23,19,16,8,7,5,17,12,21,6,22,18],[16,12,8,4,23,24,7,20,19,5,17,21,22],[12,24,8,16,4,20,19,7,5,17,23,21,22],[12,16,8,4,23,24,7,20,19,5,17,21,22],[8,12,16,4,20,7,19,5,17,24,23,21,22],[8,16,24,4,12,20,7,19,5,17,23,21,6,22,18],[20,24,23,19,12,4,16,8,7,5,17,21,22],[24,4,8,12,20,19,7,5,17,16,23,21,6,22,18],[8,12,16,4,20,19,7,5,17,21,24,23,22],[12,16,20,4,8,19,7,17,5,24,23,21,22],[12,16,8,4,23,24,7,20,19,17,5,21,22],[8,11,4,19,20,7,17,5,16,24,23,21,12,6,22,18],[12,4,20,16,24,23,19,8,7,5,17,21,6,22,18],[16,8,20,7,19,17,5,24,4,11,23,21,22,12],[4,7,12,16,20,24,23,19,21,17,18,22,8,5,6],[4,8,16,24,12,20,7,19,5,17,23,21,22],[4,24,16,12,8,20,7,19,5,17,23,21,22],[24,20,23,19,16,12,4,8,7,5,17,21,22],[12,20,24,19,16,3,8,7,5,17,23,21,22,4],[8,24,16,4,11,20,7,19,5,17,23,21,22,12],[4,24,12,16,8,20,19,7,17,5,23,21,6,22,18],[20,8,7,19,17,5,24,16,12,4,23,21,22],[8,12,16,4,20,7,19,17,5,24,23,21,6,22,18],[4,16,20,8,19,7,5,17,24,12,23,21,22],[12,24,16,8,19,20,7,5,17,4,23,21,22],[12,8,15,20,7,19,5,17,24,4,23,21,6,22,18],[12,4,20,16,24,23,19,8,7,5,17,21,22],[12,8,20,7,19,5,17,3,15,24,23,21,6,22,18,16],[16,8,12,24,4,19,20,7,17,5,23,21,22],[24,20,23,19,12,16,8,7,17,5,4,21,6,22,18],[24,12,4,20,19,16,8,7,5,17,23,21,22],[16,20,12,8,7,19,17,5,24,4,23,21,6,22,18],[12,20,16,8,7,19,5,17,24,4,23,21,22],[24,19,20,4,16,8,7,17,5,12,23,21,6,22,18],[24,4,16,20,23,19,8,7,17,5,11,21,12,6,22,18],[24,12,4,16,8,19,20,7,5,17,23,21,22],[24,12,8,3,16,20,7,19,17,5,23,21,6,22,18],[24,16,20,19,8,7,17,5,3,12,23,21,6,22,18],[20,16,24,19,8,7,17,5,4,12,23,21,22],[12,20,24,19,16,4,8,7,17,5,23,21,6,22,18],[20,16,12,24,23,19,8,7,5,17,2,21,4,22],[24,4,16,12,8,19,20,7,5,17,23,21,22],[24,4,12,16,8,20,19,7,5,17,23,21,6,22,18],[20,16,12,8,7,19,17,5,4,23,24,21,22],[20,16,4,12,8,19,7,17,5,21,23,24,6,22,18],[12,4,20,8,19,7,5,17,23,16,24,21,6,22,18],[16,12,24,4,8,20,7,19,5,17,23,21,22],[4,12,8,20,7,19,17,5,23,16,24,21,6,22,18],[12,20,24,23,19,16,4,8,7,17,5,21,6,22,18],[16,12,8,20,7,19,5,17,4,24,23,21,22],[8,20,7,19,17,5,12,4,16,24,23,21,6,22,18],[8,4,12,16,24,20,7,19,17,5,23,21,6,22,18],[24,8,19,20,7,17,5,15,12,4,23,21,22,14],[12,8,16,3,19,20,7,17,5,23,24,21,6,22,18],[12,4,16,24,20,23,19,8,7,17,5,21,6,22,18],[8,24,12,3,16,20,7,19,5,17,23,21,22,4],[24,12,20,19,8,7,5,17,4,16,23,21,22],[24,16,12,20,23,19,4,8,7,5,17,21,22],[16,24,4,8,20,19,7,17,5,12,23,21,6,22,18],[24,20,23,19,4,8,7,5,17,15,12,21,6,22,18],[8,16,12,4,24,19,20,7,5,17,23,21,22],[16,8,4,20,19,7,5,17,23,12,24,21,6,22,18],[16,20,12,8,19,7,17,5,24,4,23,21,22],[4,20,15,8,7,19,5,17,12,24,23,21,6,22,18],[8,11,23,24,7,20,19,17,5,16,4,21,12,6,22,18],[20,8,7,19,17,5,16,12,24,4,23,21,22],[8,16,4,11,24,20,7,