{"problem_id":"rwx6gjYgKL8XVly","sigma":75,"alpha":0.316,"cost":2,"probabilities":"[0.73, 0.01, 0.18, 0.08]","payoff_matrix":"[[-113, 21, 32, -97, -30, -50], [28, 41, -117, 58, 40, -40], [-88, -10, -50, -69, 42, 46], [-7, 16, 49, -24, -35, -22]]","uncovered":[[9,5,1,17,13,21,11,7],[13,17,9,5,1,21,11,7],[13,21,5,1,9,17,7],[13,5,21,17,9,1,11,7],[17,5,1,9,13,21,7],[5,9,21,13,17,1,7],[21,5,9,1,13,17,11,7],[5,13,21,17,9,1,7],[1,9,5,21,13,17,11,7],[1,13,17,21,9,5,11,7],[17,9,21,13,1,5,11,7],[17,9,5,21,1,13,7],[9,17,21,5,13,1,7],[1,5,17,21,9,13,11,7],[9,21,13,1,5,17,11,7],[17,21,9,5,1,13,11,7],[21,9,17,13,5,1,11,7],[5,1,17,13,21,9,11,7],[5,1,21,13,9,17,7],[9,1,21,5,13,17,11,7],[21,1,17,13,5,9,7],[21,1,13,17,9,5,11,7],[13,21,1,17,9,5,11,7],[17,21,1,9,5,13,11,7],[21,9,5,17,1,13,11,7],[13,9,1,21,5,17,7],[9,1,5,13,21,17,7],[21,5,13,17,1,9,11,7],[21,9,13,5,17,1,7],[1,9,21,17,13,5,11,7],[1,21,17,5,13,9,7],[21,9,13,17,1,5,7],[5,21,1,9,17,13,11,7],[17,21,1,5,9,13,7],[21,5,13,1,17,9,11,7],[1,17,21,13,9,5,11,7],[5,1,13,21,9,17,7],[13,5,17,21,9,1,11,7],[21,13,1,17,9,5,7],[13,1,21,9,17,5,7],[17,21,13,5,9,1,11,7],[21,1,9,13,5,17,11,7],[21,9,1,17,13,5,7],[1,9,21,17,5,13,7],[17,1,9,5,13,21,7],[13,9,17,21,1,5,11,7],[1,17,9,13,21,5,7],[5,1,9,13,21,17,11,7],[21,5,13,1,17,9,7],[5,13,9,21,1,17,11,7],[1,17,9,13,21,5,7],[21,5,17,13,1,9,7],[5,9,21,17,1,13,11,7],[13,1,9,5,21,17,11,7],[13,1,5,9,21,17,11,7],[13,9,5,17,21,1,11,7],[13,17,1,21,9,5,11,7],[9,1,13,17,21,5,11,7],[5,1,17,9,13,21,7],[13,9,5,21,1,17,11,7],[5,13,21,1,9,17,11,7],[13,1,9,21,5,17,7],[9,21,5,13,1,17,11,7],[21,9,17,13,5,1,11,7],[5,1,13,9,21,17,7],[17,21,1,5,9,13,11,7],[13,21,1,17,9,5,11,7],[5,13,1,9,21,17,7],[21,1,5,17,13,9,11,7],[13,21,5,17,9,1,11,7],[21,13,17,1,5,9,11,7],[1,13,9,17,5,21,11,7],[13,5,1,9,17,21,7],[13,21,17,1,5,9,11,7],[1,21,17,9,5,13,11,7],[21,9,17,1,13,5,11,7],[13,9,1,5,21,17,7],[1,5,17,13,9,21,11,7],[5,17,1,9,13,21,7],[13,21,9,5,17,1,7],[5,13,21,9,1,17,11,7],[9,13,1,5,17,21,7],[13,17,21,9,5,1,7],[21,13,5,9,1,17,11,7],[17,21,5,13,9,1,11,7],[5,17,1,9,13,21,11,7],[21,17,9,13,1,5,11,7],[13,21,17,5,9,1,11,7],[5,13,21,17,9,1,11,7],[21,17,9,1,13,5,7],[21,5,1,9,17,13,7],[13,17,5,21,9,1,7],[13,1,21,17,5,9,11,7],[9,13,1,17,21,5,7],[5,1,17,13,9,21,11,7],[5,13,21,1,9,17,7],[5,1,17,13,9,21,7],[9,21,13,1,17,5,11,7],[9,13,1,21,17,5,7],[13,9,5,21,17,1,11,7],[9,1,13,5,17,21,11,7],[9,5,17,21,1,13,11,7],[1,9,5,17,13,21,11,7],[1,9,21,5,17,13,7],[21,5,17,13,1,9,7],[5,13,17,1,21,9,11,7],[1,13,17,21,9,5,11,7],[9,17,21,5,13,1,11,7],[21,1,9,5,17,13,7],[9,17,21,13,1,5,11,7],[13,5,9,21,1,17,7],[13,9,5,17,1,21,11,7],[9,13,5,17,21,1,7],[13,1,17,9,5,21,11,7],[1,21,9,17,13,5,7],[9,1,21,13,5,17,7],[9,21,5,13,1,17,11,7],[13,21,5,17,1,9,7],[5,17,9,13,21,1,11,7],[1,9,21,13,5,17,11,7],[5,1,13,21,9,17,11,7],[5,21,13,1,9,17,7],[13,1,5,17,9,21,7],[21,13,1,17,5,9,7],[21,17,5,1,9,13,11,7],[5,13,9,21,1,17,7],[17,13,21,9,5,1,7],[5,13,1,21,9,17,7],[9,17,5,21,13,1,11,7],[9,13,21,5,17,1,7],[9,17,21,5,13,1,11,7],[17,13,21,9,5,1,7],[1,21,5,13,9,17,11,7],[9,1,21,13,17,5,7],[13,17,1,9,5,21,11,7],[5,17,21,13,9,1,11,7],[17,9,5,21,13,1,7],[9,21,1,5,13,17,7],[21,17,1,5,13,9,11,7],[17,1,9,13,21,5,11,7],[17,13,5,21,9,1,11,7],[21,13,9,5,17,1,7],[21,5,17,13,9,1,7],[5,17,1,9,13,21,7],[17,1,5,13,9,21,7],[17,21,1,5,13,9,7],[13,17,21,1,5,9,7],[9,5,1,21,17,13,7],[9,13,21,17,1,5,11,7],[21,1,5,9,13,17,7],[17,21,13,1,9,5,11,7],[1,13,21,9,5,17,11,7],[21,13,9,5,1,17,11,7],[13,9,5,17,1,21,7],[9,17,21,1,5,13,7],[13,21,17,5,1,9,7],[17,9,21,5,1,13,11,7],[21,17,5,9,1,13,7],[17,21,5,1,9,13,7],[9,21,1,5,17,13,11,7],[17,1,9,5,13,21,7],[5,21,9,13,1,17,7],[17,5,1,9,13,21,11,7],[5,21,13,1,9,17,7],[1,13,21,9,5,17,11,7],[21,5,9,1,13,17,7],[21,17,9,5,13,1,11,7],[1,5,9,21,17,13,11,7],[5,9,17,1,13,21,11,7],[5,21,1,9,13,17,11,7],[13,17,1,9,5,21,7],[21,5,17,1,9,13,11,7],[1,21,13,5,17,9,7],[9,5,13,17,21,1,7],[1,13,21,9,17,5,7],[21,9,1,17,5,13,7],[9,21,1,5,13,17,7],[1,9,21,17,13,5,7],[1,17,13,5,9,21,7],[13,21,1,9,17,5,11,7],[17,21,9,5,13,1,11,7],[5,13,17,9,21,1,7],[21,9,13,17,5,1,7],[17,13,9,5,1,21,7],[13,17,9,21,5,1,11,7],[13,1,17,5,21,9,7],[13,17,21,9,5,1,7],[17,5,13,21,9,1,11,7],[17,21,13,5,1,9,11,7],[13,17,5,21,9,1,11,7],[17,5,13,21,9,1,7],[21,17,5,1,13,9,11,7],[9,1,5,21,17,13,11,7],[21,13,5,17,9,1,11,7],[1,9,13,21,17,5,7],[5,1,17,9,21,13,7],[13,5,21,1,9,17,7],[17,9,5,13,1,21,7],[13,21,17,1,9,5,11,7],[5,17,13,9,1,21,11,7],[13,9,17,21,1,5,7],[21,9,17,13,5,1,7],[17,13,1,5,21,9,11,7],[13,9,21,1,5,17,11,7],[17,9,1,13,5,21,7],[5,21,13,1,9,17,7],[1,5,13,9,17,21,7],[1,17,9,13,5,21,7],[5,1,13,17,21,9,7],[21,5,13,9,17,1,11,7],[5,1,17,21,13,9,7],[17,5,9,13,1,21,7],[9,13,1,5,21,17,11,7],[13,21,1,17,5,9,7],[9,1,5,21,13,17,7],[1,17,5,9,13,21,11,7],[1,9,5,13,17,21,7],[13,21,17,5,1,9,11,7],[1,17,21,9,5,13,11,7],[17,9,1,13,21,5,7],[1,17,21,13,5,9,11,7],[1,21,5,9,17,13,11,7],[21,17,5,13,1,9,11,7],[17,9,13,1,21,5,11,7],[13,17,1,5,9,21,11,7],[9,13,1,17,21,5,11,7],[17,21,13,5,9,1,11,7],[5,17,1,21,13,9,7],[9,21,13,1,5,17,7],[5,21,1,17,9,13,11,7],[9,1,21,17,5,13,7],[13,21,5,9,17,1,7],[9,17,5,21,13,1,11,7],[21,13,17,9,5,1,11,7],[13,5,1,17,21,9,11,7],[5,17,1,13,9,21,11,7],[1,9,17,21,5,13,11,7],[21,9,17,5,1,13,11,7],[1,21,5,17,9,13,7],[9,21,1,13,17,5,7],[17,13,9,5,1,21,7],[17,13,1,9,21,5,7],[1,5,13,9,21,17,7],[5,17,21,9,1,13,11,7],[9,21,5,1,17,13,7],[13,21,17,9,5,1,7],[5,17,13,1,9,21,7],[13,21,17,9,5,1,7],[1,5,21,17,9,13,11,7],[21,1,17,9,13,5,11,7],[1,13,17,5,9,21,11,7],[21,1,13,17,9,5,7],[1,5,9,17,13,21,7],[21,9,13,5,1,17,11,7],[17,13,5,9,21,1,11,7],[17,1,9,5,13,21,7],[17,13,5,21,1,9,11,7],[5,17,21,13,9,1,11,7],[17,21,5,1,9,13,7],[21,1,9,13,5,17,7],[1,21,13,17,9,5,11,7],[13,5,17,9,1,21,7],[5,9,21,17,1,13,11,7],[21,9,5,1,17,13,11,7],[21,9,13,5,1,17,7],[9,17,5,21,1,13,11,7],[13,1,9,5,17,21,11,7],[21,1,13,5,17,9,11,7],[1,17,9,13,21,5,11,7],[21,17,9,1,5,13,7],[13,21,17,9,1,5,7],[1,13,21,9,5,17,11,7],[1,17,13,5,9,21,7],[13,1,17,21,5,9,7],[17,21,1,13,5,9,11,7],[21,9,13,17,1,5,7],[1,17,5,21,13,9,11,7],[17,5,21,9,13,1,11,7],[5,13,9,21,1,17,11,7],[1,9,5,21,13,17,7],[13,5,9,17,1,21,7],[13,9,1,17,5,21,7],[17,1,13,21,9,5,7],[17,5,9,21,13,1,11,7],[9,5,13,17,1,21,7],[1,9,13,21,5,17,7],[21,5,9,17,1,13,11,7],[5,1,9,21,17,13,7],[13,21,9,17,1,5,11,7],[17,5,9,13,1,21,7],[1,9,5,17,21,13,7],[17,5,21,13,1,9,11,7],[1,17,5,21,9,13,7],[9,13,17,1,21,5,11,7],[9,1,17,21,13,5,7],[13,9,21,1,5,17,11,7],[5,17,9,21,13,1,7],[21,5,9,13,1,17,11,7],[9,21,5,1,17,13,11,7],[9,17,5,21,13,1,11,7],[21,9,5,1,17,13,11,7],[9,17,5,1,21,13,7],[17,21,9,1,5,13,11,7],[9,17,21,1,5,13,11,7],[13,17,9,1,21,5,11,7],[1,9,5,21,13,17,11,7],[13,9,17,5,1,21,7],[21,13,1,17,9,5,11,7],[17,13,5,1,9,21,7],[5,21,1,9,13,17,11,7],[9,21,13,1,17,5,11,7],[1,13,17,5,21,9,7],[17,9,13,1,5,21,11,7],[17,5,13,21,9,1,7],[1,5,13,9,17,21,11,7],[9,1,21,5,13,17,11,7],[13,9,5,1,21,17,11,7],[5,1,17,21,13,9,11,7],[21,9,13,1,5,17,7],[5,9,13,1,21,17,11,7],[9,17,1,5,13,21,11,7],[21,9,17,1,5,13,11,7],[17,9,5,1,21,13,7],[5,9,13,21,1,17,7],[9,13,1,17,5,21,11,7],[21,17,13,1,9,5,7],[1,9,5,13,21,17,11,7],[17,9,1,13,5,21,11,7],[21,5,13,9,1,17,7],[13,21,17,1,9,5,7],[5,9,17,21,1,13,7],[5,17,13,1,21,9,7],[1,21,5,9,13,17,7],[9,1,17,13,21,5,7],[17,1,9,13,21,5,11,7],[9,21,13,5,1,17,11,7],[21,5,1,13,9,17,7],[17,9,21,1,5,13,11,7],[17,5,21,13,9,1,11,7],[9,21,5,1,13,17,11,7],[13,17,21,1,9,5,11,7],[21,5,9,1,17,13,7],[9,17,13,1,21,5,7],[9,17,13,5,21,1,7],[21,1,9,13,17,5,11,7],[21,17,5,9,13,1,11,7],[13,21,17,1,9,5,7],[17,1,9,21,13,5,7],[1,9,17,21,13,5,7],[9,1,17,13,21,5,7],[21,13,17,1,5,9,7],[9,5,21,17,13,1,11,7],[5,13,1,21,17,9,7],[5,17,1,9,13,21,11,7],[5,9,13,17,21,1,11,7],[9,1,17,5,13,21,11,7],[21,9,5,17,13,1,7],[1,9,21,17,5,13,7],[9,13,17,1,5,21,11,7],[17,9,13,1,21,5,7],[5,9,1,21,17,13,7],[9,5,13,21,1,17,7],[17,13,1,5,9,21,11,7],[1,21,5,13,9,17,11,7],[17,9,1,5,21,13,7],[1,9,13,17,21,5,11,7],[1,13,21,5,9,17,11,7],[1,13,9,5,21,17,7],[5,1,17,21,13,9,11,7],[9,1,13,21,17,5,11,7],[9,5,13,1,17,21,7],[21,5,9,13,1,17,7],[17,21,5,9,1,13,11,7],[17,9,21,5,13,1,11,7],[1,21,13,9,17,5,11,7],[1,9,13,17,5,21,7],[21,5,13,1,9,17,11,7],[5,1,13,17,21,9,7],[1,17,21,5,9,13,7],[5,9,1,13,17,21,7],[9,17,21,5,13,1,11,7],[21,13,9,1,17,5,7],[13,5,21,9,17,1,7],[17,13,5,1,21,9,11,7],[5,17,13,21,1,9,11,7],[9,17,5,13,1,21,7],[21,5,13,1,17,9,11,7],[1,13,17,21,9,5,7],[5,1,21,17,13,9,11,7],[1,9,13,5,17,21,7],[13,5,9,1,21,17,11,7],[17,1,21,5,13,9,7],[21,1,5,9,17,13,7],[1,9,21,13,17,5,11,7],[9,17,5,21,1,13,11,7],[9,21,1,17,5,13,11,7],[13,9,5,1,21,17,7],[21,9,17,1,13,5,11,7],[5,17,13,21,9,1,7],[17,13,21,9,5,1,7],[1,13,21,17,9,5,7],[17,21,1,13,9,5,11,7],[21,17,13,5,1,9,7],[9,1,21,13,5,17,11,7],[5,13,17,1,21,9,7],[13,1,5,17,21,9,11,7],[21,13,5,1,17,9,11,7],[13,5,1,9,17,21,11,7],[13,1,5,17,9,21,11,7],[1,21,5,9,13,17,11,7],[13,17,21,5,9,1,7],[9,21,5,1,17,13,7],[5,1,13,21,9,17,7],[21,13,17,1,9,5,7],[13,5,1,17,9,21,7],[13,21,9,1,5,17,7],[9,13,1,21,17,5,11,7],[1,17,9,5,13,21,7],[5,1,21,13,17,9,11,7],[13,9,17,1,5,21,11,7],[5,17,13,1,9,21,7],[1,13,9,21,17,5,7],[17,21,5,1,9,13,7],[13,21,17,1,5,9,7],[13,17,1,9,21,5,11,7],[1,5,9,21,17,13,11,7],[1,9,13,21,17,5,11,7],[5,21,13,1,9,17,7],[21,5,13,17,1,9,7],[9,17,5,21,1,13,7],[21,13,5,9,17,1,7],[21,5,9,17,1,13,7],[1,13,5,21,9,17,11,7],[5,17,13,21,1,9,7],[13,17,21,9,5,1,7],[9,21,13,5,17,1,11,7],[13,5,9,1,17,21,11,7],[9,13,21,5,1,17,7],[17,5,1,9,21,13,7],[21,1,17,13,9,5,11,7],[21,13,9,17,1,5,7],[5,17,9,13,21,1,7],[21,13,17,9,5,1,11,7],[9,21,17,5,13,1,7],[13,1,5,9,21,17,11,7],[5,21,17,13,9,1,11,7],[17,1,5,21,13,9,7],[13,21,1,5,9,17,11,7],[9,5,17,1,13,21,7],[5,9,13,21,17,1,11,7],[5,9,13,21,17,1,11,7],[17,5,1,13,21,9,11,7],[13,17,1,9,21,5,7],[13,21,5,9,1,17,7],[1,21,17,5,9,13,7],[13,9,1,5,21,17,11,7],[5,13,1,21,17,9,11,7],[21,13,5,1,9,17,11,7],[1,17,9,5,13,21,7],[13,9,1,17,21,5,11,7],[5,17,9,21,1,13,7],[17,21,1,5,13,9,11,7],[9,17,13,1,5,21,11,7],[21,5,9,17,13,1,11,7],[9,1,17,5,13,21,7],[5,13,1,17,21,9,11,7],[5,1,13,21,9,17,11,7],[5,1,9,13,21,17,11,7],[1,9,17,5,21,13,7],[13,21,9,5,1,17,11,7],[5,21,9,1,13,17,7],[17,5,9,13,21,1,7],[21,9,1,5,13,17,7],[13,5,9,1,17,21,11,7],[1,13,17,9,5,21,11,7],[1,21,17,9,13,5,7],[21,5,1,9,13,17,11,7],[13,21,9,1,17,5,7],[9,21,5,1,13,17,11,7],[13,1,21,9,17,5,7],[9,17,21,13,1,5,11,7],[1,21,17,5,13,9,11,7],[9,13,5,17,21,1,7],[5,21,9,1,13,17,11,7],[21,17,1,5,13,9,11,7],[17,5,13,9,21,1,11,7],[17,5,1,13,21,9,11,7],[1,9,5,13,17,21,7],[1,17,5,9,13,21,11,7],[5,13,17,1,21,9,7],[21,5,17,1,9,13,7],[21,5,13,17,1,9,11,7],[9,13,21,17,5,1,7],[21,17,9,1,5,13,7],[21,13,9,5,17,1,7],[17,13,21,1,5,9,11,7],[9,21,17,1,13,5,7],[21,5,9,17,1,13,7],[5,1,9,17,13,21,7],[1,17,5,13,21,9,7],[21,13,9,5,1,17,11,7],[5,13,9,1,17,21,7],[21,1,13,17,9,5,7],[9,17,1,21,5,13,7],[21,9,1,17,5,13,7],[17,9,13,21,5,1,7],[1,17,9,5,21,13,7],[21,9,5,1,13,17,11,7],[17,5,21,9,13,1,11,7],[17,13,1,5,9,21,7],[5,1,17,13,9,21,11,7],[9,5,1,17,13,21,7],[17,9,21,1,13,5,11,7],[5,21,13,1,9,17,7],[1,17,9,13,5,21,11,7],[13,9,5,1,17,21,11,7],[9,21,13,17,5,1,11,7],[9,17,1,5,13,21,7],[1,13,17,9,5,21,11,7],[13,5,21,1,17,9,7],[17,13,1,21,9,5,7],[21,17,9,13,5,1,7],[5,1,13,9,21,17,7],[21,1,5,17,9,13,7],[5,13,9,1,17,21,11,7],[21,13,5,1,17,9,11,7],[9,1,21,5,13,17,11,7],[9,21,13,1,17,5,11,7],[1,5,9,13,17,21,11,7],[13,21,9,17,5,1,11,7],[9,13,5,1,21,17,11,7],[13,1,21,5,17,9,7],[21,17,9,13,5,1,7],[9,21,13,5,17,1,11,7],[9,5,1,21,17,13,11,7],[5,13,21,1,9,17,11,7],[13,9,5,17,21,1,7],[21,9,1,5,17,13,11,7],[9,5,17,21,1,13,7],[13,21,5,1,9,17,11,7],[9,17,21,1,5,13,11,7],[21,1,13,17,5,9,7],[17,1,21,9,5,13,11,7],[17,21,13,9,1,5,7],[17,5,1,21,13,9,11,7],[5,9,21,13,1,17,7],[5,9,17,13,1,21,7],[21,13,9,1,5,17,11,7],[5,13,17,21,1,9,11,7],[1,21,9,5,13,17,7],[13,17,5,1,9,21,11,7],[1,5,13,17,9,21,7],[5,13,1,9,17,21,11,7],[1,17,5,9,13,21,11,7],[17,9,1,13,21,5,7],[9,5,13,1,21,17,11,7],[17,9,1,13,5,21,7],[1,17,9,13,5,21,11,7],[21,17,1,5,13,9,11,7],[1,13,21,9,17,5],[21,9,5,17,1,13,11,7],[21,9,1,5,17,13,7],[17,9,21,5,13,1,11,7],[17,13,9,5,21,1,7],[9,1,17,13,5,21,7],[17,1,9,13,5,21,7],[13,1,17,9,5,21,11,7],[21,9,5,1,13,17,7],[9,13,5,21,17,1,7],[5,13,9,21,1,17,7],[9,17,5,21,13,1,11,7],[17,1,21,9,5,13,7],[13,1,21,9,5,17,7],[9,5,21,1,17,13,11,7],[1,21,5,9,17,13,7],[9,13,21,1,17,5,7],[13,9,1,5,21,17,7],[17,13,5,1,21,9,11,7],[1,17,21,5,9,13,7],[1,17,13,21,5,9,11,7],[9,17,21,1,5,13,11,7],[9,13,5,1,17,21,7],[1,21,17,9,5,13,11,7],[5,13,9,21,1,17,11,7],[9,17,1,5,21,13,7],[21,13,5,9,1,17,11,7],[9,21,17,5,1,13,7],[9,5,21,17,13,1,11,7],[21,9,1,5,13,17,7],[5,21,17,13,9,1,7],[17,1,9,5,13,21,7],[9,21,5,13,1,17,7],[17,5,13,1,21,9,11,7],[9,21,1,13,5,17,11,7],[9,1,5,13,17,21,11,7],[9,13,5,21,1,17,11,7],[5,9,13,17,21,1,11,7],[21,1,9,5,13,17,11,7],[1,17,21,9,13,5,11,7],[21,9,1,5,17,13,7],[17,13,21,5,9,1,11,7],[21,17,13,5,1,9,7],[5,13,17,1,21,9,7],[21,17,13,9,1,5,7],[17,9,5,13,1,21,11,7],[13,17,1,5,9,21,11,7],[21,17,9,13,1,5,7],[21,5,13,1,17,9,11,7],[1,13,17,9,5,21,11,7],[13,1,17,21,9,5,7],[5,17,21,9,1,13,7],[17,1,13,21,9,5,7],[17,21,5,13,1,9,11,7],[17,9,5,1,13,21,7],[5,1,17,9,21,13,11,7],[13,1,5,17,9,21,7],[17,21,9,13,1,5,7],[1,9,21,5,13,17,11,7],[17,13,9,21,1,5,11,7],[17,1,13,5,9,21,7],[21,17,5,1,13,9,11,7],[1,13,21,9,17,5,7],[17,5,9,13,21,1,11,7],[13,5,1,9,21,17,7],[1,5,9,13,21,17,7],[21,9,5,17,13,1,11,7],[9,17,13,1,21,5,7],[5,1,21,9,13,17,11,7],[17,5,13,9,21,1,11,7],[9,1,13,17,5,21,7],[1,17,5,9,13,21,11,7],[17,9,1,13,5,21,7],[17,5,21,13,9,1,7],[1,9,5,13,17,21,11,7],[21,17,1,9,13,5,7],[21,17,9,5,13,1,7],[1,13,21,9,17,5,11,7],[21,5,17,1,13,9,7],[13,21,1,17,9,5,7],[17,5,21,9,1,13,11,7],[17,5,13,21,9,1,7],[13,21,5,9,1,17,11,7],[1,13,17,9,5,21,11,7],[13,1,5,21,9,17,7],[21,1,17,13,5,9,7],[1,13,21,17,5,9,11,7],[5,17,9,13,1,21,11,7],[21,5,1,13,17,9,7],[1,9,5,21,13,17,11,7],[21,17,13,1,9,5,7],[1,9,13,17,21,5,7],[17,9,13,5,21,1,11,7],[9,17,21,5,13,1,7],[17,5,21,13,9,1,11,7],[5,9,17,1,21,13,7],[13,5,1,9,17,21,7],[9,21,13,17,1,5,11,7],[1,13,21,5,9,17,11,7],[13,1,5,17,21,9,7],[13,21,9,1,17,5,7],[5,17,13,21,9,1,7],[17,1,21,5,9,13,11,7],[5,1,13,21,9,17,11,7],[5,13,21,9,1,17,11,7],[13,1,5,9,21,17,7],[5,21,1,13,9,17,11,7],[21,1,17,13,9,5,11,7],[5,21,17,13,1,9,11,7],[13,17,1,5,9,21,7],[17,13,5,1,21,9,7],[13,9,5,1,21,17,7],[13,9,5,17,21,1,11,7],[21,5,13,9,17,1,11,7],[13,5,21,17,1,9,11,7],[9,13,1,17,5,21,11,7],[13,21,5,9,17,1,7],[1,13,21,17,9,5,11,7],[17,1,5,21,13,9,7],[1,13,21,5,17,9,7],[17,9,21,13,5,1,11,7],[1,21,13,17,9,5,11,7],[13,5,1,21,9,17,11,7],[9,1,13,5,17,21,7],[17,13,21,5,9,1,11,7],[17,1,21,9,5,13,11,7],[21,9,17,1,5,13,7],[13,21,17,9,5,1,7],[9,1,13,17,5,21,11,7],[13,21,1,9,5,17,7],[21,5,1,9,13,17,7],[17,9,21,1,5,13,7],[1,21,13,9,5,17,7],[9,17,5,13,21,1,7],[1,21,13,9,5,17,11,7],[1,13,21,9,17,5,11,7],[13,1,9,5,17,21,11,7],[13,9,21,5,17,1,7],[5,21,1,9,13,17,11,7],[21,1,9,13,17,5,7],[1,21,9,17,5,13,11,7],[17,1,5,9,13,21,7],[21,5,9,1,17,13,7],[5,9,17,21,1,13,7],[5,1,13,21,9,17,11,7],[13,1,21,5,17,9,7],[13,17,21,9,5,1,11,7],[21,13,17,5,1,9,7],[21,5,17,1,13,9,7],[21,1,13,17,5,9,11,7],[21,17,1,9,13,5,11,7],[21,13,1,5,9,17,11,7],[1,13,21,9,17,5,7],[21,5,1,17,9,13,11,7],[9,21,17,5,13,1,11,7],[1,13,5,17,9,21,11,7],[5,21,9,17,13,1,11,7],[1,17,9,13,5,21,11,7],[1,9,5,21,17,13,11,7],[5,9,21,13,1,17,7],[17,13,1,21,9,5,11,7],[17,13,5,21,9,1,11,7],[21,17,9,5,1,13,11,7],[17,5,21,9,1,13,11,7],[5,17,13,9,1,21,7],[17,13,5,9,21,1,11,7],[21,17,1,13,5,9,11,7],[17,21,9,1,5,13,11,7],[5,21,1,13,17,9,11,7],[9,1,5,13,21,17,11,7],[13,17,5,21,1,9,11,7],[21,1,13,9,17,5,7],[5,9,13,1,21,17,11,7],[21,5,17,1,13,9,11,7],[5,21,17,13,1,9,7],[17,9,13,21,1,5,7],[17,1,9,21,13,5,11,7],[13,9,5,17,1,21,11,7],[13,17,5,21,9,1,7],[13,5,17,1,9,21,7],[17,21,13,5,1,9,11,7],[1,17,5,21,9,13,11,7],[13,9,5,21,17,1,7],[1,21,5,17,13,9,11,7],[13,21,9,5,1,17,11,7],[1,21,5,13,9,17,7],[1,9,13,17,5,21,7],[21,13,5,1,17,9,7],[17,1,9,21,5,13,7],[5,9,13,21,17,1,11,7],[13,1,21,17,5,9,11,7],[17,13,9,21,5,1,11,7],[17,21,1,13,5,9,7],[1,9,17,21,5,13,7],[5,9,17,13,1,21,11,7],[9,17,5,21,1,13,11,7],[9,21,5,17,13,1,7],[9,5,1,21,13,17,11,7],[13,9,17,21,1,5,7],[9,21,13,5,1,17,11,7],[21,1,9,17,13,5,7],[9,13,21,1,5,17,11,7],[21,13,17,5,9,1,11,7],[5,9,21,13,17,1,7],[9,17,5,21,13,1,11,7],[17,9,1,21,5,13,7],[5,13,1,21,17,9,11,7],[5,21,1,17,13,9,7],[5,1,17,13,21,9,11,7],[13,9,21,1,5,17,7],[13,5,1,9,17,21,7],[9,13,21,17,1,5,11,7],[9,13,5,21,1,17,7],[9,17,13,21,5,1,7],[13,21,9,1,17,5,11,7],[13,5,17,21,1,9,7],[9,13,5,21,17,1,11,7],[9,13,21,17,5,1,7],[5,17,9,1,21,13,11,7],[5,9,1,17,13,21,7],[17,13,9,21,1,5,7],[21,13,5,17,1,9,11,7],[17,1,13,21,5,9,11,7],[9,21,1,17,5,13,11,7],[5,13,1,21,9,17,7],[17,9,1,5,21,13,11,7],[13,9,21,17,1,5,11,7],[21,9,17,13,5,1,7],[9,21,13,1,17,5,11,7],[5,9,21,13,1,17,7],[21,13,9,1,17,5,11,7],[21,13,17,5,9,1,11,7],[13,17,9,1,21,5,11,7],[9,1,21,13,5,17,7],[1,5,17,13,9,21,7],[21,5,13,9,17,1,7],[1,21,5,13,17,9,11,7],[9,17,13,21,1,5,7],[9,1,21,5,17,13,11,7],[9,1,21,5,17,13,11,7],[17,21,1,13,9,5,11,7],[5,13,9,1,17,21,11,7],[21,9,1,13,17,5,7],[5,1,21,17,9,13,11,7],[9,1,5,13,17,21,7],[9,1,21,17,13,5,11,7],[21,17,1,9,5,13,7],[5,17,13,1,21,9,11,7],[1,13,17,21,9,5,11,7],[5,13,17,21,1,9,11,7],[5,13,1,9,17,21,11,7],[1,21,13,17,5,9,7],[13,9,17,1,5,21,11,7],[13,9,17,5,21,1,7],[1,13,9,21,17,5,7],[5,17,9,13,1,21,7],[5,21,1,17,9,13,7],[17,5,13,9,1,21,11,7],[21,5,13,17,9,1,7],[17,21,1,5,9,13,7],[21,9,13,17,1,5,11,7],[9,17,21,13,1,5,11,7],[17,13,5,9,1,21,7],[21,1,5,17,9,13,7],[17,1,13,21,9,5,11,7],[1,13,21,5,17,9,7],[5,17,13,9,1,21,7],[9,17,1,5,13,21,11,7],[17,21,9,5,1,13,11,7],[5,13,9,21,17,1,11,7],[21,5,9,13,17,1,11,7],[1,21,5,13,17,9,7],[9,17,21,1,13,5,7],[17,9,1,21,5,13,11,7],[21,1,13,17,9,5,7],[21,17,5,9,13,1,11,7],[21,9,17,1,13,5,11,7],[21,9,1,5,17,13,11,7],[21,9,17,5,13,1,11,7],[1,17,13,9,5,21,7],[1,13,21,9,17,5,11,7],[21,17,5,13,1,9,7],[17,21,13,1,9,5,7],[21,13,5,17,9,1,7],[13,9,1,17,21,5,11,7],[5,21,17,1,13,9,11,7],[13,9,5,21,17,1,11,7],[21,9,13,5,1,17,7],[1,5,9,13,21,17,7],[21,1,13,17,5,9,7],[13,21,5,9,17,1,7],[13,1,9,17,21,5,7],[5,13,17,21,9,1,11,7],[5,1,21,13,9,17,7],[5,13,1,21,9,17,11,7],[9,5,1,17,21,13,7],[21,1,5,9,17,13,11,7],[17,1,9,5,21,13,7],[9,13,21,1,5,17,11,7],[1,21,9,5,17,13,7],[17,5,21,13,1,9,7],[9,1,5,17,13,21,11,7],[17,1,5,9,21,13,11,7],[5,9,13,17,1,21,11,7],[5,13,21,1,9,17,7],[9,5,17,21,1,13,7],[17,21,9,13,1,5,11,7],[5,21,1,9,13,17,7],[13,9,5,17,1,21,11,7],[13,21,1,9,5,17,7],[13,21,9,17,5,1,7],[5,1,13,21,9,17,7],[5,13,21,17,9,1,7],[5,21,13,9,1,17,7],[9,17,13,5,1,21,7],[9,21,1,13,5,17,7],[13,9,21,5,1,17,7],[21,5,17,1,9,13,7],[1,5,9,17,21,13,7],[9,21,13,5,17,1,11,7],[21,5,9,1,13,17,11,7],[13,21,9,17,1,5,11,7],[1,13,5,17,21,9,11,7],[13,1,5,21,9,17,7],[9,5,21,13,1,17,11,7],[21,17,5,9,1,13,11,7],[13,21,9,5,17,1,7],[9,13,5,1,17,21,7],[5,17,1,9,13,21,7],[5,9,13,17,1,21,11,7],[21,5,17,1,13,9,7],[21,13,1,17,5,9,7],[9,21,13,17,1,5,7],[13,1,9,21,5,17,7],[21,1,9,13,5,17,11,7],[1,13,17,9,5,21,11,7],[21,17,5,13,1,9,11,7],[1,21,13,5,17,9,7],[17,13,1,9,21,5,7],[1,21,13,5,17,9,7],[1,17,13,21,9,5,7],[17,13,9,21,1,5,11,7],[5,13,1,17,9,21,7],[17,5,1,13,9,21,11,7],[13,17,9,5,21,1,7],[5,1,13,17,21,9,11,7],[13,5,1,21,17,9,7],[1,17,9,13,21,5,7],[17,21,9,5,13,1,11,7],[21,9,13,1,17,5,7],[5,9,21,1,13,17,7],[9,13,21,5,1,17,7],[9,13,1,17,5,21,7],[13,5,17,9,21,1,11,7],[9,1,21,13,17,5,7],[5,1,9,17,13,21,11,7],[1,13,21,17,9,5,7],[13,9,5,17,21,1,11,7],[21,9,1,13,5,17,7],[5,17,9,13,21,1,11,7],[5,9,1,17,21,13,7],[13,5,17,9,1,21,7],[9,21,5,13,17,1,11,7],[1,13,21,17,5,9,11,7],[21,5,1,13,17,9,11,7],[1,5,13,21,9,17,11,7],[5,1,13,9,21,17,7],[21,17,9,13,5,1,7],[17,9,13,21,5,1,11,7],[9,5,1,17,21,13,7],[5,13,9,17,21,1,11,7],[17,1,13,9,21,5,11,7],[1,5,9,17,13,21,7],[17,1,21,5,13,9,7],[17,13,9,5,21,1,11,7],[9,17,5,21,13,1,7],[1,13,17,5,9,21,11,7],[21,9,13,5,1,17,11,7],[5,13,9,1,21,17,7],[21,9,1,17,5,13,11,7],[17,5,9,13,1,21,11,7],[1,21,5,13,17,9,7],[5,9,13,1,17,21,11,7],[9,13,17,21,5,1,7],[5,17,1,21,13,9,11,7],[5,9,1,13,17,21,7],[17,21,5,9,1,13,11,7],[5,13,1,9,21,17,11,7],[9,21,5,17,13,1,11,7],[21,13,9,17,1,5,11,7],[13,17,5,1,9,21,11,7],[5,17,1,21,9,13,11,7],[9,5,21,1,17,13,11,7],[1,5,21,9,13,17,11,7],[9,5,1,13,21,17,7],[5,21,9,17,13,1,7],[13,1,21,5,9,17,11,7],[21,17,5,13,1,9,11,7],[17,1,21,9,5,13,7],[21,9,5,17,1,13,7],[21,13,5,9,1,17,11,7],[13,5,21,9,17,1,7],[9,1,21,17,5,13,11,7],[21,1,5,13,9,17,11,7],[1,13,21,9,17,5,11,7],[13,1,9,17,5,21,7],[13,21,9,1,5,17,11,7],[9,5,13,1,17,21,7],[1,21,13,17,9,5,7],[5,1,9,17,21,13,11,7],[9,17,13,5,1,21,7],[17,5,9,1,13,21,7],[1,17,5,13,9,21,7],[5,13,17,1,9,21,11,7],[13,21,5,1,17,9,11,7],[1,21,9,17,13,5,11,7],[5,21,13,9,1,17,11,7],[21,13,9,1,17,5,7],[17,1,21,5,13,9,7],[21,1,13,17,5,9,11,7],[1,21,13,9,5,17,11,7],[1,5,13,17,21,9,11,7],[9,1,17,21,5,13,7],[5,1,21,9,13,17,11,7],[5,13,1,9,17,21,11,7],[21,9,17,13,5,1,11,7],[9,1,13,21,17,5,11,7],[21,1,17,13,5,9,11,7],[17,5,21,13,9,1,11,7],[21,5,9,13,17,1,7],[17,5,13,1,9,21,7],[17,21,5,9,1,13,11,7],[17,21,1,13,5,9,7],[9,1,21,17,5,13,11,7],[5,13,9,1,17,21,11,7],[13,5,9,17,21,1,11,7],[13,9,21,17,5,1,7],[17,1,9,5,13,21,7],[9,5,1,21,13,17,11,7],[5,1,13,9,17,21,11,7],[1,13,21,9,17,5,7]],"n_human":10}