{"problem_id":"1Dv7vcQ7oUclpEY","sigma":75,"alpha":1.000,"cost":1,"probabilities":"[0.18, 0.12, 0.4, 0.3]","payoff_matrix":"[[76, -85, -149, 74, -60, 6], [144, -48, -57, 25, 151, 49], [124, 124, 2, 2, -55, -46], [-31, 87, -128, -120, 23, 24]]","uncovered":[[7,11,3,8,4],[11,3,7,4,8],[23,7,11,15,19,3,8,4],[11,23,19,15,7,3,8,4],[11,23,3,7,8,4],[23,15,19,11,7,3,4,8],[11,19,23,15,7,3,8,4],[7,15,11,3,4,8],[11,19,3,15,7,8,4],[3,7,4,8,17],[7,11,23,3,4,8],[15,19,11,23,3,7,4,8],[11,7,19,3,8,4],[19,11,7,15,23,3,4,8],[3,23,19,7,4,8],[11,3,23,19,7,4,8],[11,7,23,3,8,4],[19,15,11,7,3,8,4],[19,3,7,8,4],[23,19,7,11,3,8,4],[19,23,3,15,7,4,8],[15,7,23,11,19,3,4,8],[3,19,7,4,8],[3,7,4,8,10],[11,3,23,19,15,7,4,8],[3,15,19,23,7,8,4],[15,19,11,23,7,3,4,8],[19,3,23,7,8,4],[19,15,3,7,8,4],[15,7,11,19,23,3,4,8],[23,19,3,15,7,8,4],[11,15,7,19,23,3,8,4],[11,23,3,7,4,8],[7,11,3,4,8],[19,23,3,7,8,4],[19,11,15,3,7,4,8],[15,7,11,19,3,8,4],[23,11,7,15,3,8,4],[7,15,23,19,3,8,4],[15,19,3,11,23,7,8,4],[19,11,23,3,15,7,4,8],[23,3,11,15,19,7,4,8],[11,15,19,7,23,3,8,4],[19,7,23,3,4,8],[7,3,4,8,15],[3,23,19,7,8,4],[23,15,11,3,7,4,8],[11,23,7,15,19,3,8,4],[11,15,19,23,7,3,8,4],[11,23,15,19,7,3,8,4],[23,3,19,7,4,8],[15,3,11,23,7,4,8],[15,3,11,7,8,4],[7,19,11,3,4,8],[23,7,15,3,8,4],[11,7,23,15,3,8,4],[19,3,11,7,4,8],[15,7,3,8,4],[11,23,19,3,7,8,4],[19,15,7,11,3,8,4],[7,23,3,8,4],[7,11,23,19,3,4,8],[15,23,3,11,19,7,4,8],[7,15,23,3,4,8],[11,7,15,3,8,4],[11,23,19,15,3,7,8,4],[7,3,4,8,21,16],[23,19,11,7,15,3,8,4],[19,7,15,3,8,4],[11,19,23,15,7,3,8,4],[19,11,15,7,23,3,8,4],[11,3,19,15,23,7,4,8],[3,19,23,11,7,4,8],[15,23,19,7,3,4,8],[19,11,15,7,23,3,4,8],[11,23,15,19,3,7,4,8],[15,23,11,7,3,8,4],[15,23,11,19,3,7,4,8],[7,11,3,8,4],[11,3,15,23,7,8,4],[19,11,15,3,7,4,8],[7,23,15,3,8,4],[7,3,8,4,15],[7,11,15,3,4,8],[19,3,15,23,7,8,4],[15,7,23,3,4,8],[3,11,19,15,7,8,4],[19,3,15,11,23,7,4,8],[15,7,23,19,11,3,8,4],[7,11,19,23,15,3,4,8],[11,15,7,19,23,3,8,4],[3,23,11,15,7,8,4],[15,19,11,3,7,4,8],[11,15,7,3,8,4],[19,23,15,11,3,7,4,8],[19,23,15,3,7,4,8],[11,3,15,23,7,8,4],[15,11,7,3,4,8],[3,11,7,8,4],[15,3,7,4,8],[15,3,7,4,8],[11,23,3,19,7,8,4],[3,15,7,4,8],[11,23,15,3,19,7,4,8],[23,3,19,15,11,7,4,8],[11,23,15,19,3,7,8,4],[11,3,23,19,7,4,8],[11,3,19,23,7,8,4],[11,19,23,15,7,3,4,8],[19,15,7,11,23,3,4,8],[15,3,19,7,8,4],[11,23,7,19,3,4,8],[7,11,23,15,19,3,4,8],[11,15,3,7,4,8],[23,7,11,19,3,8,4],[11,7,19,3,8,4],[3,23,11,7,4,8],[19,11,7,23,15,3,8,4],[11,19,23,15,7,3,8,4],[3,23,19,7,8,4],[11,19,23,7,15,3,4,8],[19,23,3,15,7,8,4],[15,7,3,4,8],[15,3,7,8,4],[3,11,7,8,4],[19,7,11,3,8,4],[11,23,15,7,19,3,4,8],[23,3,11,7,8,4],[11,15,19,7,23,3,4,8],[11,23,19,7,3,4,8],[3,23,7,8,4],[7,19,3,8,4],[23,3,19,7,8,4],[15,23,11,3,19,7,4,8],[19,23,7,3,4,8],[3,19,7,8,4],[7,3,8,4,20],[23,11,15,19,7,3,4,8],[11,15,23,7,3,4,8],[7,23,3,4,8],[15,11,7,3,8,4],[15,7,11,3,8,4],[3,15,19,7,8,4],[23,15,3,11,7,8,4],[11,23,7,3,8,4],[23,3,11,19,15,7,4,8],[3,19,23,15,11,7,4,8],[3,23,15,19,11,7,8,4],[7,23,3,8,4],[15,3,7,8,4],[11,15,3,7,4,8],[19,15,23,11,3,7,4,8],[15,19,7,3,4,8],[15,3,7,8,4],[7,15,23,19,3,4,8],[11,3,19,23,15,7,4,8],[3,19,11,15,23,7,8,4],[19,7,3,8,4],[11,3,15,19,23,7,4,8],[23,11,19,7,3,8,4],[7,23,19,3,8,4],[15,19,11,3,7,4,8],[3,7,8,4,23],[19,11,3,15,23,7,8,4],[3,11,23,15,7,8,4],[19,11,15,3,7,4,8],[15,19,3,7,8,4],[19,23,3,11,15,7,8,4],[23,11,15,7,19,3,8,4],[11,3,19,15,7,8,4],[3,15,23,7,4,8],[23,19,3,7,4,8],[3,15,23,11,19,7,4,8],[15,11,19,23,7,3,8,4],[11,15,3,23,19,7,4,8],[19,7,3,8,4],[15,3,7,4,8],[7,3,4,8,16],[23,3,11,7,4,8],[19,11,3,7,4,8],[19,23,3,15,7,4,8],[3,19,15,23,11,7,8,4],[15,19,11,23,7,3,8,4],[3,23,19,15,7,8,4],[3,23,15,7,4,8],[15,3,23,11,7,8,4],[23,15,3,19,11,7,8,4],[23,3,19,15,11,7,8,4],[7,15,3,4,8],[19,3,11,23,15,7,8,4],[7,11,15,19,3,4,8],[23,19,3,7,4,8],[3,7,8,4,22,23],[11,23,3,15,7,8,4],[23,11,19,3,15,7,8,4],[7,11,15,3,4,8],[23,7,11,19,15,3,8,4],[23,19,11,15,3,7,4,8],[11,19,7,23,15,3,4,8],[11,3,7,4,8],[7,15,23,19,3,8,4],[11,7,15,19,3,4,8],[7,19,23,11,3,8,4],[15,11,3,19,7,8,4],[23,11,15,7,3,8,4],[23,19,11,3,15,7,8,4],[11,15,7,19,23,3,4,8],[11,23,19,3,7,4,8],[23,19,11,3,15,7,4,8],[15,7,11,23,3,4,8],[7,23,3,8,4],[3,11,7,8,4],[19,23,7,11,3,8,4],[11,19,15,23,3,7,4,8],[11,3,15,7,8,4],[3,23,11,15,19,7,4,8],[7,3,8,4,16],[15,23,7,3,8,4],[7,3,4,8,11],[23,19,11,7,15,3,4,8],[7,11,23,19,15,3,8,4],[19,3,11,23,7,4,8],[23,15,11,7,19,3,4,8],[7,19,11,23,3,4,8],[11,7,23,19,3,4,8],[19,7,23,3,8,4],[15,19,23,7,3,8,4],[15,7,23,11,3,8,4],[11,7,19,15,23,3,8,4],[19,15,23,11,7,3,8,4],[23,15,19,11,3,7,8,4],[11,19,7,3,4,8],[15,11,3,7,4,8],[3,11,15,23,7,8,4],[15,19,7,3,4,8],[15,3,19,23,11,7,8,4],[11,23,19,15,7,3,8,4],[23,19,3,11,15,7,8,4],[11,3,15,19,23,7,8,4],[7,3,8,4,19],[19,15,23,11,3,7,8,4],[19,15,11,23,7,3,8,4],[11,15,19,7,3,4,8],[19,3,15,7,4,8],[19,3,23,11,7,8,4],[3,7,8,4,23],[19,11,3,15,7,8,4],[3,15,11,7,8,4],[19,3,15,11,23,7,8,4],[3,11,15,23,19,7,8,4],[19,23,11,7,15,3,4,8],[23,19,11,7,3,8,4],[15,11,7,23,19,3,8,4],[3,11,15,23,19,7,4,8],[11,23,15,3,19,7,8,4],[19,3,11,7,4,8],[19,15,7,23,3,8,4],[15,11,23,7,19,3,8,4],[3,19,7,4,8],[3,23,7,8,4],[19,23,3,11,7,4,8],[23,15,3,11,19,7,4,8],[19,3,15,23,11,7,8,4],[7,19,15,23,11,3,4,8],[7,11,23,15,3,4,8],[11,3,19,7,4,8],[3,7,8,4,23],[23,11,7,15,19,3,4,8],[23,7,3,4,8],[15,7,23,11,3,4,8],[7,15,11,3,8,4],[15,7,11,3,4,8],[23,7,3,8,4],[3,23,7,8,4],[11,23,15,19,7,3,4,8],[23,15,19,3,7,4,8],[15,3,19,11,7,8,4],[19,3,15,23,11,7,4,8],[19,11,23,7,3,8,4],[3,19,15,23,7,4,8],[23,3,7,4,8],[3,19,7,4,8],[23,19,3,15,7,8,4],[3,19,7,4,8],[19,7,11,3,4,8],[11,23,7,15,3,8,4],[11,3,7,8,4],[23,3,11,7,4,8],[19,7,11,15,23,3,4,8],[7,23,19,15,3,8,4],[3,19,11,7,8,4],[3,7,4,8,24,20],[7,15,11,19,3,4,8],[19,11,15,23,7,3,8,4],[7,19,11,23,15,3,8,4],[15,19,7,23,3,4,8],[11,7,3,8,4],[11,3,23,15,7,4,8],[3,11,7,4,8],[7,23,15,19,11,3,8,4],[23,19,7,15,3,4,8],[11,19,15,3,23,7,8,4],[3,23,19,11,15,7,8,4],[11,23,7,19,3,4,8],[7,23,15,11,3,8,4],[19,15,7,11,3,8,4],[3,19,11,7,8,4],[19,11,7,3,8,4],[19,3,11,7,8,4],[15,11,23,7,3,4,8],[7,19,11,23,3,8,4],[11,3,7,8,4],[19,15,3,7,4,8],[19,3,7,4,8],[15,19,23,3,11,7,4,8],[19,3,23,15,7,8,4],[23,3,19,15,11,7,8,4],[23,19,15,11,7,3,8,4],[23,19,15,7,3,8,4],[19,3,23,11,7,4,8],[3,23,7,8,4],[7,11,3,8,4],[11,15,23,19,3,7,4,8],[7,23,3,4,8],[15,23,11,19,7,3,4,8],[11,3,7,8,4],[11,23,3,19,7,4,8],[23,15,3,7,8,4],[3,7,4,8,19],[11,19,3,23,15,7,8,4],[15,19,11,23,7,3,8,4],[7,23,11,19,15,3,4,8],[7,3,4,8,15],[19,15,11,23,3,7,8,4],[3,19,7,4,8],[19,3,15,11,23,7,8,4],[19,11,23,15,7,3,4,8],[19,3,7,4,8],[11,7,19,23,15,3,8,4],[11,23,3,7,8,4],[15,23,7,3,4,8],[3,23,19,11,15,7,8,4],[3,15,23,7,8,4],[15,23,19,3,7,4,8],[7,19,15,11,3,4,8],[19,15,11,3,23,7,8,4],[7,23,11,3,4,8],[23,3,15,7,4,8],[7,19,23,11,3,8,4],[15,3,11,7,8,4],[19,7,3,4,8],[15,11,3,19,23,7,8,4],[19,23,3,15,7,4,8],[11,23,15,19,3,7,4,8],[19,11,7,3,8,4],[23,11,15,3,19,7,8,4],[7,15,11,3,8,4],[19,23,3,11,15,7,8,4],[23,3,15,19,7,4,8],[7,11,23,15,19,3,8,4],[15,23,7,19,11,3,4,8],[15,7,19,11,23,3,4,8],[3,11,19,23,15,7,4,8],[7,11,3,8,4],[7,23,19,11,15,3,8,4],[15,23,3,19,11,7,4,8],[11,15,19,3,7,8,4],[3,11,7,8,4],[7,15,11,3,8,4],[19,3,11,7,8,4],[3,7,4,8,21,20],[7,23,11,3,4,8],[23,15,11,19,3,7,4,8],[19,7,15,11,3,8,4],[23,3,19,15,7,8,4],[19,3,15,23,11,7,4,8],[15,23,19,11,7,3,8,4],[19,15,3,11,23,7,8,4],[15,3,7,4,8],[19,3,11,7,8,4],[11,3,23,15,7,4,8],[11,7,19,15,3,8,4],[3,23,7,4,8],[19,3,7,4,8],[3,7,8,4,10],[7,15,11,3,4,8],[23,11,15,19,3,7,8,4],[15,23,19,3,7,4,8],[23,15,3,11,7,4,8],[7,15,3,8,4],[11,23,3,19,7,8,4],[3,11,19,23,7,4,8],[7,19,3,4,8],[15,11,19,7,3,4,8],[11,15,23,3,7,8,4],[19,23,7,11,3,8,4],[3,23,19,7,8,4],[23,11,3,7,8,4],[23,19,11,3,15,7,8,4],[3,23,15,11,7,4,8],[7,23,3,8,4],[15,19,7,23,3,4,8],[15,7,3,8,4],[15,11,7,19,3,4,8],[7,23,11,15,19,3,8,4],[11,19,15,3,23,7,4,8],[11,23,15,7,3,8,4],[15,23,3,19,7,8,4],[15,3,19,11,23,7,4,8],[15,3,7,4,8],[19,3,7,4,8],[15,19,3,7,4,8],[15,19,11,23,7,3,8,4],[23,11,7,15,19,3,4,8],[23,19,7,11,3,4,8],[3,15,7,4,8],[11,19,15,23,7,3,8,4],[23,7,15,11,3,4,8],[7,19,3,8,4],[23,15,7,3,8,4],[11,3,15,7,4,8],[3,15,19,11,7,4,8],[19,7,15,3,4,8],[23,19,7,3,8,4],[19,7,3,4,8],[3,23,15,11,19,7,8,4],[15,3,19,23,7,4,8],[19,11,15,23,7,3,8,4],[23,15,3,11,19,7,8,4],[15,23,7,19,3,8,4],[19,15,11,3,7,4,8],[23,19,7,3,8,4],[15,11,19,23,3,7,8,4],[15,7,23,11,19,3,8,4],[3,23,15,11,7,8,4],[3,23,19,11,15,7,8,4],[15,19,11,3,23,7,4,8],[3,7,4,8,17],[19,3,11,15,7,4,8],[3,7,8,4,20,11],[19,11,7,3,4,8],[19,11,3,7,4,8],[15,11,7,3,4,8],[15,7,19,3,8,4],[7,11,23,19,15,3,4,8],[11,3,23,15,19,7,8,4],[3,15,11,23,19,7,8,4],[15,23,19,7,3,8,4],[7,3,4,8,20,11],[7,15,23,3,4,8],[15,7,19,3,8,4],[11,3,19,23,15,7,4,8],[11,23,7,19,15,3,8,4],[3,7,4,8,17],[23,11,3,19,15,7,4,8],[15,3,19,11,23,7,4,8],[3,15,19,23,11,7,8,4],[15,7,11,23,19,3,8,4],[23,11,7,19,15,3,8,4],[11,3,23,15,19,7,4,8],[3,11,23,15,19,7,4,8],[19,15,7,23,11,3,8,4],[23,15,7,11,19,3,8,4],[11,19,23,3,7,4,8],[3,7,4,8,20,12],[15,19,11,23,3,7,4,8],[15,3,19,11,23,7,4,8],[11,15,3,19,23,7,4,8],[15,19,3,7,8,4],[23,15,7,19,11,3,4,8],[7,11,19,15,23,3,4,8],[7,11,23,3,4,8],[7,15,19,3,4,8],[23,19,11,7,3,4,8],[3,11,15,23,19,7,4,8],[3,7,4,8,15],[19,11,15,7,23,3,4,8],[7,19,23,15,11,3,4,8],[11,7,15,19,23,3,8,4],[23,19,3,15,11,7,4,8],[23,11,3,7,4,8],[15,23,11,7,19,3,8,4],[23,7,3,4,8],[15,7,23,11,19,3,8,4],[7,19,15,11,23,3,4,8],[15,3,23,11,19,7,8,4],[23,3,7,8,4],[7,15,23,11,3,4,8],[3,11,23,19,15,7,4,8],[19,11,23,15,7,3,4,8],[23,3,11,7,8,4],[15,19,11,3,7,4,8],[15,23,11,3,19,7,4,8],[11,19,3,15,7,8,4],[7,11,23,15,19,3,8,4],[11,7,23,15,19,3,4,8],[7,15,11,3,8,4],[15,23,7,19,3,8,4],[11,23,19,15,7,3,4,8],[15,3,23,19,7,8,4],[3,11,19,23,15,7,8,4],[15,19,7,23,11,3,8,4],[7,19,15,23,3,8,4],[11,3,23,19,7,8,4],[15,23,11,3,19,7,4,8],[11,19,3,7,8,4],[19,7,3,8,4],[7,15,23,3,8,4],[7,11,15,19,3,4,8],[15,7,23,11,3,4,8],[15,7,11,23,3,4,8],[11,15,23,19,3,7,4,8],[23,11,15,19,7,3,8,4],[3,19,11,15,7,4,8],[3,23,7,8,4],[19,7,11,3,8,4],[19,23,7,11,3,4,8],[19,3,11,15,7,8,4],[3,15,19,7,8,4],[7,23,19,11,15,3,8,4],[23,7,15,3,8,4],[19,3,11,15,23,7,4,8],[23,7,3,8,4],[7,15,23,11,19,3,8,4],[23,19,11,15,7,3,4,8],[11,7,3,8,4],[15,3,7,4,8],[23,11,3,7,8,4],[19,7,3,8,4],[23,7,11,15,19,3,4,8],[15,7,19,3,8,4],[3,15,19,11,23,7,4,8],[7,19,11,23,15,3,8,4],[15,19,3,23,11,7,8,4],[15,3,11,23,7,8,4],[23,19,7,3,4,8],[23,19,15,3,11,7,8,4],[7,23,19,15,3,8,4],[11,23,19,3,7,8,4],[7,19,15,23,3,8,4],[15,11,7,3,4,8],[15,3,19,23,7,8,4],[7,11,15,23,3,8,4],[7,15,3,8,4],[3,19,15,11,7,4,8],[15,19,23,11,3,7,4,8],[11,19,7,3,8,4],[19,15,3,7,4,8],[3,7,8,4,19],[15,23,7,19,3,8,4],[19,3,7,4,8],[11,23,7,3,4,8],[15,11,3,19,7,8,4],[19,3,11,7,8,4],[11,23,19,3,15,7,4,8],[11,3,19,15,23,7,4,8],[23,15,3,19,11,7,4,8],[3,19,23,15,11,7,4,8],[3,15,11,19,7,4,8],[7,19,11,23,3,4,8],[3,23,19,15,7,4,8],[15,7,23,3,4,8],[19,3,23,15,7,8,4],[19,23,7,15,11,3,4,8],[23,3,15,11,19,7,4,8],[7,3,8,4,12],[19,23,15,7,3,8,4],[7,11,23,3,8,4],[11,23,15,19,3,7,4,8],[3,11,19,15,7,4,8],[15,11,7,19,3,8,4],[15,7,3,4,8],[15,7,23,3,8,4],[11,19,7,23,15,3,8,4],[3,15,19,23,7,4,8],[19,15,7,3,8,4],[7,15,19,11,3,8,4],[3,23,7,8,4],[19,11,15,23,3,7,8,4],[11,15,3,19,7,8,4],[15,11,7,23,3,4,8],[15,3,19,11,23,7,8,4],[23,15,3,11,7,4,8],[3,11,7,4,8],[3,23,15,19,11,7,8,4],[7,3,8,4,22,19],[19,23,15,11,7,3,8,4],[7,11,19,3,8,4],[11,3,23,15,7,4,8],[15,7,11,3,8,4],[3,7,8,4,15],[15,7,19,11,3,4,8],[15,23,19,7,11,3,8,4],[11,23,19,7,15,3,4,8],[23,3,19,7,8,4],[15,3,19,7,8,4],[11,23,7,15,3,4,8],[19,3,7,4,8],[23,3,7,4,8],[15,3,11,23,19,7,8,4],[19,3,15,23,7,8,4],[15,23,7,11,19,3,8,4],[3,19,7,4,8],[19,11,7,3,4,8],[19,11,15,3,7,4,8],[11,23,3,19,15,7,4,8],[11,19,23,15,7,3,8,4],[11,23,7,15,3,8,4],[7,11,3,4,8],[15,3,11,23,19,7,8,4],[7,19,3,4,8],[7,23,19,3,8,4],[15,19,23,3,7,8,4],[3,23,11,15,19,7,4,8],[23,19,3,7,8,4],[11,3,7,4,8],[19,23,3,15,11,7,4,8],[3,11,19,23,7,8,4],[15,11,19,3,7,8,4],[19,11,7,23,15,3,4,8],[15,23,3,19,11,7,4,8],[23,7,11,19,15,3,4,8],[11,19,7,23,15,3,4,8],[19,3,15,11,7,8,4],[7,3,4,8,19],[7,15,3,8,4],[23,11,19,7,3,8,4],[7,11,3,4,8],[15,7,19,23,3,8,4],[19,7,15,11,3,4,8],[19,11,7,15,23,3,4,8],[23,7,3,8,4],[3,15,7,8,4],[11,7,23,19,15,3,8,4],[23,19,7,11,3,8,4],[11,15,23,3,7,8,4],[7,11,19,3,4,8],[11,15,23,3,19,7,4,8],[3,19,7,4,8],[19,11,7,15,23,3,4,8],[11,7,20,23,15,3,4,8],[23,3,15,7,8,4],[3,15,19,23,11,7,4,8],[11,19,23,15,7,3,8,4],[7,19,3,8,4],[11,3,19,15,7,8,4],[3,11,7,8,4],[23,19,3,15,7,8,4],[23,7,15,19,11,3,8,4],[19,7,23,11,15,3,8,4],[23,15,7,11,3,4,8],[19,3,11,7,4,8],[3,23,7,8,4],[7,23,11,15,3,8,4],[11,19,7,15,23,3,4,8],[15,3,23,19,11,7,8,4],[7,3,8,4,12],[15,11,7,23,19,3,8,4],[23,11,7,19,3,8,4],[23,15,7,3,4,8],[23,7,3,8,4],[23,7,3,8,4],[15,23,19,7,11,3,8,4],[3,19,7,8,4],[3,7,4,8,10,15],[23,7,15,3,8,4],[3,15,11,23,19,7,8,4],[11,3,7,8,4],[23,7,15,3,8,4],[23,11,7,15,19,3,8,4],[19,11,7,23,15,3,8,4],[19,3,23,15,11,7,4,8],[11,15,3,23,19,7,8,4],[3,15,23,19,7,4,8],[23,11,7,15,3,8,4],[15,11,3,19,23,7,8,4],[11,19,15,23,7,3,4,8],[23,11,3,7,4,8],[23,11,3,19,15,7,8,4],[19,15,7,11,3,4,8],[11,23,15,19,3,7,4,8],[19,15,3,11,23,7,4,8],[7,15,23,19,11,3,4,8],[15,19,7,23,3,8,4],[15,19,7,11,23,3,8,4],[11,19,7,3,8,4],[15,19,7,11,3,4,8],[11,7,15,19,3,8,4],[15,11,23,19,3,7,4,8],[23,19,3,7,4,8],[11,23,3,7,8,4],[23,11,3,15,7,4,8],[15,19,7,11,3,4,8],[19,11,7,3,8,4],[23,3,19,11,15,7,4,8],[19,23,7,11,3,8,4],[19,23,7,3,4,8],[15,11,19,23,7,3,8,4],[11,3,23,19,7,4,8],[3,11,19,15,7,4,8],[3,11,7,4,8],[7,15,23,19,11,3,4,8],[11,7,15,3,8,4],[15,11,23,3,19,7,8,4],[7,23,15,19,11,3,4,8],[23,19,7,11,15,3,8,4],[15,3,23,19,11,7,8,4],[7,23,11,3,8,4],[7,15,19,11,23,3,8,4],[19,11,7,23,3,4,8],[3,7,4,8,19],[7,15,11,23,19,3,4,8],[15,23,7,3,4,8],[23,3,19,7,8,4],[19,11,23,15,3,7,4,8],[3,23,19,11,7,8,4],[23,7,3,4,8],[23,15,11,19,3,7,4,8],[3,23,15,11,7,4,8],[11,19,3,7,8,4],[19,3,15,23,11,7,8,4],[15,11,7,23,19,3,8,4],[19,11,23,3,15,7,8,4],[3,15,23,11,19,7,8,4],[19,3,23,15,7,4,8],[15,19,23,7,3,8,4],[7,19,23,15,3,4,8],[7,23,3,4,8],[3,19,11,15,23,7,8,4],[19,11,7,23,3,4,8],[23,3,15,11,19,7,4,8],[11,15,19,23,3,7,8,4],[7,15,23,19,11,3,4,8],[23,11,7,15,3,8,4],[19,11,15,7,23,3,4,8],[11,7,3,8,4],[3,23,7,4,8],[3,19,11,23,15,7,4,8],[11,3,7,8,4],[15,19,23,11,7,3,8,4],[7,19,11,3,4,8],[15,19,11,3,7,4,8],[3,15,23,11,19,7,4,8],[11,3,15,7,4,8],[15,19,7,23,11,3,8,4],[11,23,19,15,7,3,8,4],[19,15,7,3,8,4],[23,19,3,11,15,7,4,8],[19,15,11,7,23,3,8,4],[7,23,15,11,3,8,4],[23,15,7,19,3,4,8],[7,23,19,3,8,4],[23,3,19,15,11,7,4,8],[19,3,15,7,4,8],[19,7,23,3,8,4],[23,7,3,8,4],[11,23,7,19,3,4,8],[7,23,15,11,3,4,8],[3,15,23,19,11,7,8,4],[15,19,11,23,7,3,4,8],[7,15,11,3,4,8],[19,11,23,3,7,8,4],[11,3,15,19,7,8,4],[19,7,23,15,3,4,8],[15,19,23,7,11,3,4,8],[19,11,7,3,8,4],[23,11,3,7,8,4],[7,23,3,8,4],[11,23,7,19,15,3,8,4],[23,15,7,3,8,4],[23,7,3,8,4],[3,23,7,8,4],[23,3,19,15,7,4,8],[7,11,23,3,4,8],[23,15,11,3,19,7,4,8],[11,7,23,15,3,8,4],[3,7,8,4,11],[23,3,7,8,4],[15,23,19,3,11,7,4,8],[11,3,23,7,8,4],[23,3,11,19,7,4,8],[23,3,11,15,7,4,8],[23,3,19,15,7,4,8],[23,15,3,19,11,7,4,8],[7,23,11,19,3,8,4],[11,15,3,7,8,4],[7,19,23,11,3,8,4],[7,15,23,11,19,3,8,4],[7,3,8,4,15],[15,11,23,7,3,4,8],[15,3,23,19,11,7,8,4],[7,3,8,4,9],[11,15,7,23,19,3,8,4],[15,23,19,3,11,7,4,8],[19,15,23,11,7,3,4,8],[23,7,3,8,4],[7,19,3,4,8],[15,3,11,7,4,8],[19,7,3,4,8],[7,11,3,8,4],[23,11,19,7,15,3,8,4],[3,19,15,7,8,4],[23,19,7,15,3,8,4],[19,3,23,11,15,7,8,4],[3,23,15,19,11,7,4,8],[15,7,19,11,23,3,8,4],[15,11,19,7,23,3,4,8],[23,7,15,3,4,8],[11,23,3,7,4,8],[7,3,8,4,16],[19,11,7,15,23,3,8,4],[23,15,19,3,11,7,8,4],[19,11,3,7,4,8],[7,15,11,19,23,3,8,4],[3,15,23,19,7,8,4],[7,23,15,11,3,4,8],[15,7,11,19,23,3,4,8],[23,19,3,7,8,4],[19,11,3,15,7,8,4],[3,15,7,4,8],[23,11,19,7,15,3,8,4],[7,11,23,19,3,8,4],[19,11,3,15,7,8,4],[15,19,7,3,4,8],[23,15,19,11,7,3,8,4],[11,23,19,15,3,7,8,4],[3,23,15,11,7,4,8],[3,23,15,7,8,4],[19,15,11,7,3,8,4],[19,23,15,11,3,7,8,4],[15,23,19,3,7,8,4],[11,23,15,3,7,4,8],[3,23,11,15,7,4,8],[23,19,11,7,15,3,8,4],[19,11,15,3,7,8,4],[23,19,7,11,15,3,4,8],[15,23,19,3,11,7,4,8],[3,23,19,11,15,7,4,8],[7,11,15,23,19,3,4,8],[15,19,11,7,23,3,8,4],[23,19,11,7,3,4,8],[23,15,7,19,11,3,4,8],[3,23,19,11,15,7,4,8],[23,15,11,3,7,4,8],[15,3,19,11,7,8,4],[19,3,23,7,4,8],[7,15,19,11,23,3,4,8],[7,19,23,11,15,3,4,8],[19,23,3,11,15,7,4,8],[11,15,3,7,8,4],[23,19,11,7,3,4,8],[3,11,19,15,7,8,4],[7,23,15,19,11,3,8,4],[11,15,3,19,7,8,4],[11,23,7,3,8,4],[11,7,19,15,23,3,4,8],[19,7,15,23,11,3,4,8],[23,7,15,19,11,3,4,8],[3,15,11,19,23,7,4,8],[3,23,15,19,11,7,4,8],[7,3,4,8,10],[3,15,11,7,8,4],[19,11,23,3,15,7,4,8],[23,15,7,19,11,3,4,8],[7,3,4,8,19],[7,11,3,4,8],[7,23,19,3,4,8],[19,11,23,15,3,7,8,4],[19,7,3,8,4],[3,11,19,7,4,8],[11,3,23,7,4,8],[23,11,15,19,3,7,4,8],[3,19,11,23,15,7,8,4],[3,11,7,4,8],[23,7,15,3,8,4],[19,11,15,3,7,8,4],[15,11,19,23,7,3,8,4],[7,11,23,3,8,4],[3,11,19,15,7,4,8],[11,7,19,15,23,3,4,8],[23,11,15,19,7,3,4,8],[19,23,7,11,3,8,4],[23,11,3,15,19,7,4,8],[23,19,3,7,4,8],[15,19,3,7,8,4],[23,11,15,3,19,7,8,4],[11,19,3,23,7,4,8],[3,23,15,11,19,7,4,8],[3,23,19,7,8,4],[19,3,23,7,8,4],[19,15,3,23,7,8,4],[23,19,7,15,3,4,8],[3,23,7,8,4],[19,3,15,11,23,7,8,4],[23,15,7,3,8,4],[19,11,23,7,3,4,8],[11,3,7,8,4],[23,11,3,15,19,7,4,8],[11,19,3,15,7,8,4],[15,11,19,23,7,3,4,8],[15,23,3,7,8,4],[15,19,3,7,8,4],[3,15,19,23,11,7,4,8],[7,15,19,3,8,4],[7,23,11,19,15,3,4,8],[19,15,23,11,7,3,4,8],[15,7,3,8,4],[3,15,19,11,7,8,4],[11,7,3,4,8],[11,19,23,7,15,3,4,8],[19,7,15,11,23,3,8,4],[3,11,15,7,8,4],[15,11,3,7,8,4],[3,11,19,15,23,7,4,8],[23,3,15,19,11,7,8,4],[11,3,19,7,8,4],[11,3,15,23,7,8,4],[3,7,4,8,19],[23,15,11,3,7,4,8],[11,23,3,15,7,4,8],[23,15,11,7,19,3,8,4],[23,7,19,3,4,8],[19,11,3,15,23,7,8,4],[3,7,8,4,21,11],[7,23,11,19,3,4,8],[3,23,15,11,19,7,8,4],[19,11,23,7,15,3,8,4],[7,3,4,8,22,23],[19,23,3,15,7,8,4],[3,23,7,8,4],[19,15,11,23,7,3,8,4],[11,15,3,19,7,8,4],[7,23,15,3,8,4],[11,3,15,19,7,8,4],[7,3,4,8,18,19],[11,3,19,23,7,4,8],[11,15,3,7,8,4],[7,11,19,15,23,3,4,8],[23,7,15,11,3,4,8],[23,19,3,11,15,7,4,8],[19,11,23,15,7,3,8,4],[19,3,15,7,4,8],[19,3,23,15,11,7,8,4],[11,23,3,7,4,8],[7,3,8,4,14,15],[23,7,3,8,4],[3,7,8,4,12],[19,15,7,23,11,3,8,4],[23,19,11,3,7,8,4],[15,23,7,3,8,4],[3,19,7,4,8],[3,19,7,4,8],[15,3,23,19,11,7,8,4],[15,11,3,19,23,7,4,8],[7,3,8,4,9],[3,7,8,4,14,22,23],[3,11,7,8,4],[3,7,4,8,21,18,19],[7,3,8,4,17],[19,15,3,23,7,8,4],[15,7,3,8,4],[7,11,23,3,8,4],[3,15,19,11,7,8,4],[15,7,11,3,8,4],[7,23,3,4,8],[3,15,11,19,23,7,8,4],[19,23,15,7,3,8,4],[15,11,7,19,3,4,8],[3,23,15,11,7,4,8],[7,15,3,4,8],[15,11,19,3,23,7,4,8],[7,11,19,23,3,8,4],[11,23,15,3,7,4,8],[11,15,23,7,19,3,4,8],[19,11,15,3,23,7,8,4],[11,3,23,7,4,8],[19,15,3,11,7,8,4],[3,15,19,23,11,7,4,8],[11,23,7,15,19,3,4,8],[7,23,15,3,8,4],[15,19,3,23,7,4,8],[23,3,11,7,4,8],[7,11,15,19,23,3,8,4],[15,7,3,4,8],[11,15,23,19,7,3,4,8],[19,7,23,15,11,3,8,4],[23,19,7,3,4,8],[7,11,23,3,8,4],[19,15,7,3,4,8],[11,15,7,3,8,4],[19,3,23,11,15,7,8,4],[23,19,3,11,7,4,8],[11,19,15,7,23,3,4,8],[11,15,7,23,19,3,4,8],[3,23,19,15,11,7,4,8],[19,15,11,23,3,7,8,4],[11,23,15,3,7,4,8],[11,15,3,23,7,4,8],[3,7,4,8,11],[23,3,19,15,7,8,4]],"n_human":11}