{"problem_id":"65wEcRbItnmV3RX","sigma":150,"alpha":1.000,"cost":2,"probabilities":"[0.19, 0.17, 0.3, 0.34]","payoff_matrix":"[[-168, 40, -90, -49, 159, -260], [209, 2, 16, 20, -132, 112], [131, -40, -220, 52, -278, 127], [25, -84, 137, 105, -146, -6]]","uncovered":[[20,12,16,15,11,8,4,24,3,13,1,23,21,7,14],[12,20,16,15,11,24,4,8,3,1,23,21,13,7,2,14],[8,4,16,12,15,11,20,24,3,13,1,23,21,7,14],[16,20,4,8,24,12,15,11,3,1,23,21,13,7,2,14],[16,4,12,15,11,20,8,24,3,13,1,23,21,7,14],[4,12,16,15,11,20,8,24,3,1,23,21,13,7,2,14],[4,12,8,16,15,11,20,24,3,1,23,21,13,7,14],[16,8,20,24,4,12,15,11,3,13,1,23,21,7,2,14],[8,16,20,4,24,12,11,15,3,13,1,23,21,7,14],[4,8,20,16,12,15,11,24,3,1,23,21,13,7,14],[20,4,24,8,16,12,11,3,15,1,23,21,13,7,14],[20,4,24,12,8,16,11,3,15,1,23,13,21,7,14],[12,16,11,4,8,20,24,15,3,1,23,21,13,7,14],[4,12,8,20,16,15,11,24,3,13,1,23,21,7,14],[12,24,20,16,11,8,4,15,3,1,23,21,13,7,14],[4,16,8,12,11,24,20,3,15,13,1,23,21,7,2,14],[24,12,16,11,20,8,4,3,15,13,1,23,21,7,2,14],[24,16,4,12,11,8,20,3,15,13,1,23,21,7,2,14],[4,24,20,12,8,16,15,11,3,13,1,23,21,7,2,14],[16,4,12,11,8,24,20,15,3,1,23,13,21,7,2,14],[20,4,24,16,8,12,11,3,15,1,23,13,21,7,14],[4,24,16,20,8,12,11,3,15,1,23,13,21,7,2,14],[20,12,4,16,11,24,8,15,3,13,1,23,21,7,14],[8,4,16,24,20,12,15,11,3,1,23,21,13,7,14],[24,20,16,4,8,12,15,11,3,13,1,23,21,7,2,14],[8,16,24,4,20,12,15,11,3,13,1,23,21,7,2,14],[12,8,16,15,11,4,24,20,3,13,1,23,21,7,2,14],[8,24,20,16,12,11,4,3,15,1,23,21,13,7,2,14],[24,20,8,12,4,16,11,3,15,13,1,23,21,7,14],[12,4,16,11,24,20,8,3,15,1,23,21,13,7,2,14],[20,12,16,11,24,8,4,15,3,1,23,13,21,7,2,14],[8,24,20,4,16,12,15,11,3,1,23,13,21,7,2,14],[20,16,8,24,4,12,15,11,3,13,1,23,21,7,2,14],[12,16,11,4,24,8,20,3,15,13,1,23,21,7,2,14],[8,20,4,12,16,11,24,3,15,1,23,13,21,7,2,14],[16,24,4,8,20,12,15,11,3,13,1,23,21,7,14],[20,16,12,11,8,4,24,15,3,1,23,13,21,7,2,14],[16,12,11,4,24,20,8,15,3,1,23,13,21,7,2,14],[8,16,4,20,12,11,24,3,15,13,1,23,21,7,2,14],[8,24,4,12,16,15,11,20,3,1,23,21,13,7,2,14],[20,12,4,8,24,16,15,11,3,13,1,23,21,7,14],[8,12,20,16,15,11,24,4,3,1,23,21,13,7,2,14],[8,12,16,11,20,24,4,15,3,1,23,21,13,7,2,14],[4,16,20,24,8,12,15,11,3,13,1,23,21,7,14],[16,20,4,24,8,12,11,3,15,1,23,13,21,7,2,14],[8,4,24,20,12,16,15,11,3,1,23,13,21,7,14],[4,24,12,20,8,16,15,11,3,13,1,23,21,7,2,14],[24,20,12,4,8,16,11,15,3,1,23,21,13,7,2,14],[4,24,20,16,8,12,11,3,15,1,23,13,21,7,14],[20,16,12,15,11,4,8,24,3,1,23,21,13,7,2,14],[4,20,16,12,15,11,8,24,3,1,23,21,13,7,2,14],[24,8,4,12,16,15,11,20,3,1,23,21,13,7,2,14],[12,8,4,16,11,20,24,3,15,13,1,23,21,7,14],[8,20,16,12,15,11,24,4,3,13,1,23,21,7,2,14],[12,4,16,15,11,24,20,8,3,13,1,23,21,7,14],[20,12,8,24,16,11,4,15,3,13,1,23,21,7,14],[8,16,12,15,11,20,24,4,3,1,23,13,21,7,2,14],[24,4,8,16,12,15,11,20,3,1,23,13,21,7,2,14],[20,24,8,12,16,15,11,4,3,13,1,23,21,7,2,14],[24,16,8,4,12,15,11,20,3,13,1,23,21,7,2,14],[4,16,12,15,11,8,20,24,3,13,1,23,21,7,14],[16,12,15,11,20,24,4,8,3,1,23,13,21,7,2,14],[8,16,20,12,11,4,24,15,3,1,23,21,13,7,14],[12,8,24,4,16,15,11,20,3,1,23,13,21,7,14],[16,8,20,24,4,12,15,11,3,13,1,23,21,7,2,14],[16,4,24,20,8,12,11,3,15,13,1,23,21,7,2,14],[20,4,12,16,11,8,24,3,15,13,1,23,21,7,2,14],[4,20,8,24,12,16,15,11,3,1,23,13,21,7,2,14],[4,24,16,8,20,12,15,11,3,1,23,13,21,7,2,14],[16,8,12,15,11,4,20,24,3,1,23,21,13,7,2,14],[24,4,16,12,11,8,20,3,15,1,23,21,13,7,2,14],[4,16,20,12,15,11,8,24,3,13,1,23,21,7,2,14],[24,20,12,4,16,15,11,8,3,13,1,23,21,7,2,14],[8,24,4,16,20,12,15,11,3,1,23,13,21,7,14],[16,8,4,24,12,15,11,20,3,13,1,23,21,7,2,14],[12,24,8,16,15,11,20,4,3,1,23,13,21,7,2,14],[4,16,8,12,11,24,20,3,15,13,1,23,21,7,2,14],[16,20,12,11,8,24,4,15,3,13,1,23,21,7,2,14],[20,16,4,8,24,12,15,11,3,13,1,23,21,7,2,14],[8,12,4,24,16,11,20,15,3,1,23,21,13,7,14],[8,12,4,20,24,16,11,3,15,1,23,21,13,7,14],[4,12,24,16,11,20,8,15,3,13,1,23,21,7,14],[24,8,12,4,20,16,11,3,15,1,23,13,21,7,14],[12,4,8,16,11,24,20,15,3,13,1,23,21,7,2,14],[24,16,20,12,15,11,4,8,3,13,1,23,21,7,14],[12,8,16,15,11,4,24,20,3,13,1,23,21,7,14],[20,8,16,4,12,11,24,3,15,13,1,23,21,7,2,14],[4,16,24,8,12,15,11,20,3,13,1,23,21,7,2,14],[20,12,16,15,11,8,24,4,3,13,1,23,21,7,2,14],[12,20,16,15,11,24,8,4,3,13,1,23,21,7,2,14],[24,12,8,20,4,16,11,15,3,1,23,13,21,7,2,14],[4,16,24,20,8,12,15,11,3,13,1,23,21,7,14],[16,20,8,12,11,24,4,3,15,1,23,21,13,7,2,14],[4,12,20,8,24,16,15,11,3,13,1,23,21,7,2,14],[8,4,16,24,20,12,11,15,3,13,1,23,21,7,2,14],[12,4,20,24,16,15,11,8,3,13,1,23,21,7,14],[16,24,8,12,15,11,20,4,3,1,23,21,13,7,2,14],[4,8,20,24,12,16,11,15,3,13,1,23,21,7,2,14],[20,24,8,16,4,12,15,11,3,13,1,23,21,7,2,14],[12,8,24,20,16,15,11,4,3,1,23,13,21,7,2,14],[20,8,4,16,12,15,11,24,3,1,23,21,13,7,14],[16,8,12,15,11,24,20,4,3,1,23,13,21,7,14],[16,4,12,11,24,8,20,3,15,13,1,23,21,7,2,14],[4,20,8,16,12,11,24,3,15,1,23,21,13,7,14],[20,16,12,15,11,8,4,24,3,13,1,23,21,7,2,14],[12,16,15,11,20,8,24,4,3,1,23,21,13,7,14],[16,24,20,8,12,11,4,15,3,1,23,21,13,7,14],[4,8,24,12,20,16,11,3,15,13,1,23,21,7,2,14],[20,12,24,16,15,11,4,8,3,1,23,13,21,7,2,14],[8,4,20,24,12,16,11,15,3,1,23,21,13,7,14],[12,8,4,24,16,15,11,20,3,1,23,13,21,7,2,14],[4,12,16,15,11,20,24,8,3,13,1,23,21,7,2,14],[20,12,24,16,11,8,4,15,3,13,1,23,21,7,14],[20,12,4,8,24,16,11,15,3,13,1,23,21,7,14],[16,20,4,12,15,11,8,24,3,1,23,21,13,7,2,14],[24,12,4,8,16,11,20,15,3,1,23,21,13,7,2,14],[4,12,16,15,11,8,24,20,3,13,1,23,21,7,2,14],[4,8,16,24,20,12,15,11,3,13,1,23,21,7,2,14],[24,12,8,4,20,16,15,11,3,1,23,21,13,7,14],[8,20,16,24,4,12,15,11,3,13,1,23,21,7,2,14],[4,16,20,24,12,11,8,3,15,13,1,23,21,7,14],[20,8,16,24,4,12,11,15,3,1,23,13,21,7,14],[8,24,16,20,4,12,15,11,3,13,1,23,21,7,2,14],[16,24,4,12,15,11,8,20,3,13,1,23,21,7,14],[8,20,12,24,16,11,4,3,15,13,1,23,21,7,14],[8,16,24,4,12,11,20,3,15,13,1,23,21,7,2,14],[4,24,12,20,16,11,8,3,15,13,1,23,21,7,14],[24,4,16,20,12,15,11,8,3,13,1,23,21,7,14],[20,24,12,8,4,16,15,11,3,13,1,23,21,7,14],[16,4,20,12,15,11,24,8,3,1,23,21,13,7,14],[20,16,8,4,24,12,11,3,15,1,23,13,21,7,14],[16,24,4,12,15,11,20,8,3,13,1,23,21,7,2,14],[20,8,24,12,4,16,11,15,3,1,23,13,21,7,2,14],[24,20,8,4,12,16,11,15,3,1,23,21,13,7,2,14],[16,24,8,12,15,11,4,20,3,13,1,23,21,7,14],[20,8,4,12,24,16,15,11,3,1,23,13,21,7,14],[8,4,20,12,24,16,15,11,3,1,23,21,13,7,14],[16,4,20,8,24,12,15,11,3,1,23,21,13,7,2,14],[8,12,4,20,16,11,24,15,3,13,1,23,21,7,2,14],[20,24,12,8,16,11,4,15,3,1,23,13,21,7,14],[20,4,24,12,8,16,11,15,3,1,23,13,21,7,2,14],[12,8,16,15,11,4,20,24,3,13,1,23,21,7,14],[20,4,8,24,12,16,11,3,15,13,1,23,21,7,2,14],[12,16,11,8,4,24,20,3,15,13,1,23,21,7,14],[4,12,8,24,16,11,20,15,3,1,23,21,13,7,14],[12,8,24,16,11,20,4,3,15,1,23,21,13,7,2,14],[8,4,20,24,12,16,11,15,3,13,1,23,21,7,14],[24,4,20,16,8,12,11,3,15,1,23,13,21,7,2,14],[4,12,20,16,11,8,24,3,15,13,1,23,21,7,14],[24,20,8,4,12,16,11,15,3,13,1,23,21,7,2,14],[12,24,8,16,11,4,20,3,15,1,23,13,21,7,14],[20,24,12,4,8,16,11,3,15,13,1,23,21,7,2,14],[24,4,16,20,8,12,11,15,3,13,1,23,21,7,14],[24,16,20,4,12,11,8,3,15,1,23,21,13,7,2,14],[4,16,20,12,11,24,8,3,15,1,23,13,21,7,14],[4,12,20,24,8,16,15,11,3,1,23,21,13,7,2,14],[20,16,8,24,4,12,11,3,15,1,23,13,21,7,14],[12,4,20,24,16,15,11,8,3,1,23,13,21,7,2,14],[20,8,24,4,16,12,15,11,3,13,1,23,21,7,14],[4,24,20,16,8,12,11,15,3,13,1,23,21,7,14],[12,20,4,16,15,11,8,24,3,13,1,23,21,7,2,14],[20,8,12,4,16,11,24,3,15,1,23,13,21,7,2,14],[8,20,12,24,4,16,11,3,15,13,1,23,21,7,2,14],[20,16,24,4,8,12,11,15,3,1,23,13,21,7,14],[8,16,12,11,4,20,24,15,3,1,23,13,21,7,14],[16,12,11,4,8,20,24,15,3,1,23,13,21,7,2,14],[12,24,8,20,16,15,11,4,3,13,1,23,21,7,14],[4,20,12,24,8,16,15,11,3,1,23,13,21,7,14],[20,12,8,16,15,11,4,24,3,1,23,13,21,7,14],[4,8,16,20,12,15,11,24,3,13,1,23,21,7,2,14],[20,24,16,12,15,11,4,8,3,13,1,23,21,7,14],[20,4,24,8,16,12,15,11,3,13,1,23,21,7,2,14],[8,16,12,11,20,4,24,15,3,1,23,13,21,7,2,14],[8,12,24,4,16,15,11,20,3,1,23,13,21,7,2,14],[16,20,12,11,24,8,4,3,15,13,1,23,21,7,14],[16,24,12,11,8,20,4,15,3,1,23,13,21,7,2,14],[8,12,24,16,11,4,20,15,3,1,23,13,21,7,2,14],[4,20,24,16,8,12,11,15,3,13,1,23,21,7,14],[8,20,12,16,11,24,4,15,3,13,1,23,21,7,14],[24,20,12,16,11,8,4,15,3,13,1,23,21,7,14],[16,4,24,20,8,12,11,3,15,1,23,13,21,7,2,14],[4,12,20,24,16,11,8,3,15,13,1,23,21,7,2,14],[8,20,12,24,4,16,11,15,3,1,23,13,21,7,14],[8,12,4,20,24,16,11,15,3,1,23,21,13,7,2,14],[12,16,15,11,8,4,24,20,3,1,23,13,21,7,14],[12,20,16,15,11,4,8,24,3,1,23,13,21,7,2,14],[4,16,12,11,8,20,24,3,15,1,23,13,21,7,14],[16,24,4,12,11,8,20,15,3,1,23,13,21,7,2,14],[24,12,16,15,11,4,8,20,3,13,1,23,21,7,2,14],[20,4,24,8,12,16,15,11,3,1,23,21,13,7,14],[4,12,20,8,24,16,15,11,3,13,1,23,21,7,14],[24,20,4,8,12,16,11,15,3,13,1,23,21,7,14],[4,20,16,12,15,11,24,8,3,1,23,21,13,7,2,14],[8,24,20,16,12,11,4,3,15,13,1,23,21,7,14],[8,24,16,20,4,12,11,3,15,1,23,21,13,7,2,14],[12,8,16,11,24,4,20,15,3,1,23,13,21,7,14],[4,20,16,24,8,12,11,15,3,1,23,13,21,7,14],[12,4,8,24,16,11,20,3,15,1,23,13,21,7,2,14],[12,4,16,15,11,8,24,20,3,1,23,21,13,7,14],[8,24,16,4,12,15,11,20,3,13,1,23,21,7,2,14],[12,20,24,16,15,11,4,8,3,1,23,13,21,7,2,14],[24,16,8,20,4,12,15,11,3,1,23,13,21,7,2,14],[16,12,11,20,8,24,4,15,3,13,1,23,21,7,2,14],[8,20,12,4,24,16,11,3,15,1,23,13,21,7,2,14],[8,4,24,12,16,15,11,20,3,13,1,23,21,7,14],[20,8,4,12,16,11,24,3,15,13,1,23,21,7,2,14],[20,8,12,16,11,4,24,3,15,13,1,23,21,7,14],[8,20,4,24,12,16,11,15,3,1,23,21,13,7,14],[4,20,8,16,24,12,11,3,15,1,23,13,21,7,2,14],[20,24,8,4,12,16,15,11,3,13,1,23,21,7,14],[20,4,8,24,16,12,11,3,15,1,23,21,13,7,14],[16,4,20,8,24,12,11,3,15,13,1,23,21,7,2,14],[20,16,12,11,4,24,8,3,15,13,1,23,21,7,2,14],[20,8,16,4,12,15,11,24,3,13,1,23,21,7,14],[24,12,20,16,11,4,8,3,15,1,23,21,13,7,2,14],[20,24,12,8,16,15,11,4,3,1,23,21,13,7,2,14],[4,24,8,12,20,16,15,11,3,1,23,13,21,7,2,14],[12,20,8,24,16,11,4,3,15,13,1,23,21,7,14],[8,12,16,11,20,4,24,15,3,13,1,23,21,7,2,14],[4,20,16,8,24,12,11,3,15,13,1,23,21,7,2,14],[16,24,20,8,4,12,11,3,15,13,1,23,21,7,14],[12,8,16,15,11,24,4,20,3,13,1,23,21,7,14],[8,24,12,20,16,15,11,4,3,1,23,13,21,7,14],[8,12,24,16,15,11,20,4,3,13,1,23,21,7,2,14],[16,4,12,15,11,20,24,8,3,13,1,23,21,7,14],[12,8,4,20,16,11,24,3,15,1,23,13,21,7,14],[24,20,4,8,12,16,11,15,3,1,23,13,21,7,2,14],[12,16,11,24,4,8,20,15,3,13,1,23,21,7,2,14],[16,12,15,11,4,20,24,8,3,1,23,21,13,7,2,14],[4,8,20,12,24,16,11,15,3,13,1,23,21,7,2,14],[12,24,4,8,20,16,15,11,3,13,1,23,21,7,2,14],[4,8,20,12,16,15,11,24,3,13,1,23,21,7,14],[20,16,4,8,24,12,15,11,3,13,1,23,21,7,2,14],[20,12,16,11,8,24,4,3,15,13,1,23,21,7,2,14],[24,8,12,16,15,11,20,4,3,13,1,23,21,7,14],[8,4,24,16,20,12,11,3,15,1,23,13,21,7,2,14],[16,8,12,11,24,4,20,3,15,13,1,23,21,7,2,14],[24,4,16,20,8,12,11,15,3,1,23,13,21,7,2,14],[20,24,4,16,8,12,15,11,3,1,23,13,21,7,2,14],[4,12,24,20,16,11,8,15,3,13,1,23,21,7,2,14],[8,12,4,20,16,11,24,3,15,13,1,23,21,7,14],[8,16,4,24,12,15,11,20,3,13,1,23,21,7,14],[16,20,24,12,15,11,4,8,3,13,1,23,21,7,14],[12,16,15,11,4,24,8,20,3,13,1,23,21,7,14],[8,24,4,12,20,16,15,11,3,1,23,21,13,7,14],[4,24,20,8,16,12,15,11,3,13,1,23,21,7,14],[24,16,4,20,8,12,11,3,15,1,23,13,21,7,14],[12,8,20,24,4,16,15,11,3,13,1,23,21,7,14],[4,20,24,12,8,16,11,3,15,1,23,21,13,7,2,14],[24,12,8,4,20,16,11,15,3,1,23,21,13,7,14],[4,24,12,8,16,15,11,20,3,13,1,23,21,7,14],[12,24,20,16,11,4,8,3,15,13,1,23,21,7,2,14],[12,8,16,15,11,4,20,24,3,1,23,21,13,7,14],[16,8,20,24,12,15,11,4,3,1,23,13,21,7,14],[24,4,20,8,16,12,11,15,3,13,1,23,21,7,2,14],[4,16,8,20,24,12,15,11,3,1,23,21,13,7,2,14],[16,12,11,20,24,4,8,15,3,1,23,21,13,7,2,14],[20,24,16,4,12,11,8,3,15,13,1,23,21,7,2,14],[4,20,8,12,16,11,24,3,15,1,23,21,13,7,2,14],[12,4,20,24,16,15,11,8,3,1,23,13,21,7,14],[12,20,4,8,24,16,11,15,3,13,1,23,21,7,14],[8,4,12,24,16,11,20,15,3,1,23,21,13,7,2,14],[24,16,4,20,8,12,11,15,3,1,23,21,13,7,14],[24,12,16,15,11,8,20,4,3,1,23,13,21,7,2,14],[20,16,12,15,11,24,8,4,3,1,23,13,21,7,2,14],[12,20,4,8,24,16,15,11,3,13,1,23,21,7,2,14],[4,12,8,16,15,11,20,24,3,1,23,21,13,7,2,14],[20,12,16,15,11,4,8,24,3,13,1,23,21,7,14],[20,16,24,8,12,11,4,3,15,1,23,21,13,7,2,14],[12,8,20,16,11,4,24,15,3,1,23,13,21,7,14],[8,20,4,12,24,16,11,15,3,13,1,23,21,7,14],[4,24,20,8,16,12,11,15,3,1,23,13,21,7,2,14],[8,20,24,12,4,16,15,11,3,1,23,13,21,7,14],[24,16,8,4,20,12,11,3,15,13,1,23,21,7,14],[24,8,16,20,12,15,11,4,3,13,1,23,21,7,2,14],[4,16,8,20,12,11,24,3,15,1,23,21,13,7,2,14],[12,8,20,24,4,16,11,3,15,1,23,21,13,7,14],[8,4,12,16,11,20,24,15,3,1,23,13,21,7,2,14],[8,20,24,4,12,16,15,11,3,1,23,13,21,7,2,14],[16,12,15,11,24,20,4,8,3,13,1,23,21,7,14],[4,8,16,24,20,12,11,3,15,13,1,23,21,7,14],[16,12,11,8,24,4,20,3,15,1,23,21,13,7,14],[16,4,20,24,12,15,11,8,3,13,1,23,21,7,14],[16,12,15,11,24,20,4,8,3,1,23,13,21,7,2,14],[16,8,12,15,11,24,20,4,3,1,23,13,21,7,14],[20,8,12,16,11,4,24,3,15,1,23,13,21,7,14],[16,20,12,11,8,24,4,3,15,13,1,23,21,7,2,14],[16,12,11,8,4,20,24,3,15,1,23,21,13,7,14],[24,8,12,4,20,16,11,3,15,13,1,23,21,7,14],[4,12,20,24,8,16,15,11,3,1,23,13,21,7,2,14],[12,20,4,24,16,11,8,15,3,13,1,23,21,7,14],[16,12,11,20,4,8,24,15,3,13,1,23,21,7,14],[8,12,24,20,4,16,11,15,3,1,23,13,21,7,14],[8,20,12,4,16,11,24,15,3,1,23,13,21,7,2,14],[12,4,8,20,24,16,15,11,3,13,1,23,21,7,14],[24,4,16,12,11,20,8,15,3,13,1,23,21,7,2,14],[16,4,8,20,12,15,11,24,3,1,23,13,21,7,14],[8,12,20,4,24,16,11,15,3,13,1,23,21,7,14],[12,20,8,4,24,16,11,15,3,1,23,13,21,7,2,14],[12,16,11,8,4,20,24,15,3,13,1,23,21,7,2,14],[8,4,24,12,16,11,20,15,3,13,1,23,21,7,2,14],[16,24,20,12,11,4,8,15,3,13,1,23,21,7,2,14],[12,20,8,4,16,11,24,3,15,1,23,21,13,7,2,14],[16,4,24,20,8,12,11,3,15,13,1,23,21,7,14],[4,8,12,20,24,16,15,11,3,13,1,23,21,7,14],[8,16,12,11,20,24,4,3,15,13,1,23,21,7,14],[4,8,12,20,24,16,15,11,3,1,23,21,13,7,14],[20,4,8,12,16,15,11,24,3,1,23,21,13,7,2,14],[12,8,20,4,16,11,24,15,3,1,23,21,13,7,14],[4,24,8,20,16,12,15,11,3,1,23,21,13,7,14],[12,16,11,20,24,8,4,15,3,13,1,23,21,7,14],[16,24,12,11,20,4,8,3,15,1,23,13,21,7,2,14],[4,20,12,24,16,15,11,8,3,13,1,23,21,7,14],[8,4,24,20,16,12,15,11,3,1,23,13,21,7,14],[20,8,24,12,4,16,15,11,3,13,1,23,21,7,14],[20,8,24,12,16,15,11,4,3,1,23,21,13,7,2,14],[4,8,24,20,12,16,11,3,15,13,1,23,21,7,2,14],[20,24,4,12,16,11,8,15,3,1,23,21,13,7,14],[24,8,16,12,11,20,4,15,3,13,1,23,21,7,14],[4,16,12,11,24,20,8,15,3,1,23,21,13,7,2,14],[24,12,8,4,20,16,15,11,3,1,23,13,21,7,14],[4,16,8,24,20,12,11,15,3,13,1,23,21,7,14],[24,20,16,8,4,12,11,3,15,1,23,21,13,7,14],[20,12,8,4,16,11,24,15,3,1,23,21,13,7,14],[8,4,24,20,12,16,15,11,3,13,1,23,21,7,14],[12,4,16,15,11,8,20,24,3,1,23,13,21,7,14],[24,12,4,8,20,16,11,15,3,13,1,23,21,7,2,14],[4,20,16,12,11,8,24,3,15,1,23,21,13,7,14],[12,8,4,20,24,16,11,3,15,13,1,23,21,7,14],[12,4,24,8,20,16,11,3,15,1,23,21,13,7,2,14],[8,4,12,16,11,20,24,15,3,1,23,13,21,7,2,14],[8,16,12,15,11,4,24,20,3,1,23,13,21,7,14],[16,20,8,24,12,11,4,15,3,1,23,13,21,7,14],[4,8,24,16,12,11,20,15,3,1,23,21,13,7,14],[20,8,24,4,12,16,15,11,3,1,23,21,13,7,2,14],[4,12,8,20,16,15,11,24,3,13,1,23,21,7,2,14],[4,8,16,12,11,24,20,3,15,13,1,23,21,7,14],[24,4,12,20,8,16,11,3,15,13,1,23,21,7,2,14],[4,8,12,16,15,11,20,24,3,1,23,21,13,7,14],[12,16,11,24,4,20,8,15,3,13,1,23,21,7,2,14],[4,12,8,20,16,15,11,24,3,1,23,13,21,7,2,14],[4,8,16,20,24,12,15,11,3,13,1,23,21,7,14],[12,8,4,24,16,11,20,3,15,1,23,21,13,7,14],[24,20,12,16,11,8,4,15,3,13,1,23,21,7,14],[4,16,12,15,11,20,24,8,3,13,1,23,21,7,14],[12,16,11,24,4,20,8,15,3,13,1,23,21,7,14],[4,8,16,12,15,11,20,24,3,1,23,13,21,7,2,14],[8,24,4,12,20,16,15,11,3,13,1,23,21,7,2,14],[12,20,24,16,15,11,4,8,3,1,23,21,13,7,14],[8,16,4,12,15,11,24,20,3,1,23,21,13,7,14],[16,24,4,20,12,11,8,3,15,13,1,23,21,7,2,14],[8,12,24,20,4,16,11,3,15,13,1,23,21,7,14],[16,20,24,8,4,12,15,11,3,1,23,21,13,7,2,14],[24,8,12,16,11,20,4,3,15,13,1,23,21,7,14],[12,16,11,20,8,4,24,15,3,1,23,13,21,7,14],[24,4,8,16,12,11,20,15,3,13,1,23,21,7,2,14],[24,16,4,8,12,11,20,15,3,13,1,23,21,7,2,14],[4,16,20,12,15,11,24,8,3,1,23,13,21,7,14],[16,4,8,12,11,24,20,3,15,1,23,21,13,7,14],[16,8,24,12,15,11,4,20,3,13,1,23,21,7,14],[12,8,20,4,16,15,11,24,3,13,1,23,21,7,2,14],[8,20,16,12,11,4,24,15,3,1,23,13,21,7,2,14],[12,8,4,16,11,20,24,3,15,1,23,13,21,7,14],[4,12,8,24,20,16,11,15,3,13,1,23,21,7,2,14],[12,4,20,8,24,16,15,11,3,1,23,13,21,7,14],[24,4,16,12,11,20,8,3,15,13,1,23,21,7,2,14],[20,4,12,24,16,11,8,15,3,1,23,13,21,7,14],[4,12,8,20,24,16,15,11,3,1,23,21,13,7,2,14],[4,20,24,12,8,16,15,11,3,1,23,13,21,7,14],[8,4,24,20,12,16,11,3,15,13,1,23,21,7,2,14],[8,24,4,12,16,11,20,15,3,1,23,13,21,7,14],[8,4,20,12,16,15,11,24,3,1,23,21,13,7,14],[20,16,24,12,11,4,8,15,3,13,1,23,21,7,14],[4,20,12,16,11,24,8,15,3,1,23,13,21,7,14],[24,4,16,8,20,12,15,11,3,13,1,23,21,7,2,14],[12,8,16,15,11,4,24,20,3,13,1,23,21,7,2,14],[12,4,16,15,11,24,8,20,3,13,1,23,21,7,14],[16,4,8,24,20,12,11,15,3,13,1,23,21,7,14],[24,4,12,8,16,15,11,20,3,1,23,13,21,7,2,14],[24,8,20,12,4,16,11,15,3,1,23,13,21,7,2,14],[12,8,24,20,16,11,4,15,3,1,23,13,21,7,14],[8,16,20,4,24,12,15,11,3,13,1,23,21,7,14],[12,20,4,24,8,16,11,15,3,1,23,21,13,7,14],[20,4,16,24,12,11,8,15,3,1,23,21,13,7,14],[20,16,12,11,4,24,8,15,3,13,1,23,21,7,2,14],[12,4,24,8,16,11,20,3,15,13,1,23,21,7,2,14],[16,24,20,12,11,8,4,15,3,13,1,23,21,7,14],[16,20,4,8,24,12,15,11,3,1,23,13,21,7,2,14],[24,4,8,20,12,16,11,15,3,13,1,23,21,7,2,14],[12,20,16,15,11,24,8,4,3,1,23,21,13,7,14],[20,24,16,8,12,15,11,4,3,1,23,13,21,7,14],[4,16,8,12,15,11,24,20,3,13,1,23,21,7,2,14],[20,24,4,12,8,16,11,3,15,13,1,23,21,7,14],[4,20,24,12,16,11,8,3,15,1,23,13,21,7,2,14],[24,16,12,15,11,4,20,8,3,13,1,23,21,7,14],[20,16,24,8,12,15,11,4,3,1,23,13,21,7,2,14],[20,24,8,12,16,11,4,15,3,13,1,23,21,7,14],[20,12,4,8,24,16,11,15,3,13,1,23,21,7,14],[16,12,11,24,4,20,8,15,3,1,23,21,13,7,14],[20,12,16,11,24,8,4,15,3,13,1,23,21,7,2,14],[24,16,12,15,11,8,4,20,3,1,23,21,13,7,14],[20,12,16,15,11,8,4,24,3,1,23,21,13,7,2,14],[4,12,20,24,8,16,11,15,3,1,23,21,13,7,2,14],[24,16,20,4,12,11,8,3,15,1,23,13,21,7,2,14],[12,20,4,8,16,11,24,15,3,13,1,23,21,7,14],[24,16,12,15,11,4,20,8,3,1,23,13,21,7,2,14],[24,12,4,16,11,20,8,15,3,1,23,21,13,7,14],[24,20,4,12,8,16,11,15,3,13,1,23,21,7,14],[20,24,16,4,12,11,8,15,3,1,23,21,13,7,14],[12,20,24,8,4,16,15,11,3,13,1,23,21,7,14],[16,8,4,24,12,11,20,3,15,1,23,13,21,7,2,14],[24,12,16,11,20,4,8,3,15,1,23,21,13,7,14],[20,12,16,11,24,4,8,15,3,1,23,13,21,7,2,14],[16,4,12,11,20,24,8,15,3,1,23,21,13,7,14],[12,8,4,24,16,11,20,3,15,1,23,13,21,7,2,14],[4,24,8,12,16,11,20,3,15,1,23,13,21,7,2,14],[24,20,4,12,16,15,11,8,3,13,1,23,21,7,14],[12,16,11,4,24,20,8,3,15,1,23,21,13,7,14],[16,24,20,12,15,11,4,8,3,13,1,23,21,7,14],[12,16,15,11,8,20,24,4,3,1,23,13,21,7,2,14],[4,16,12,11,8,20,24,15,3,1,23,21,13,7,14],[8,4,12,16,11,20,24,15,3,13,1,23,21,7,14],[12,24,8,4,20,16,15,11,3,13,1,23,21,7,2,14],[16,20,12,15,11,4,24,8,3,13,1,23,21,7,2,14],[4,16,24,20,8,12,15,11,3,13,1,23,21,7,2,14],[24,16,12,11,8,4,20,3,15,1,23,13,21,7,2,14],[8,24,12,16,15,11,4,20,3,1,23,13,21,7,14],[16,4,24,8,12,11,20,15,3,13,1,23,21,7,2,14],[8,24,12,20,16,11,4,3,15,1,23,21,13,7,14],[12,8,16,11,24,4,20,3,15,13,1,23,21,7,2,14],[4,20,8,16,24,12,15,11,3,1,23,21,13,7,2,14],[20,8,16,4,12,11,24,3,15,1,23,21,13,7,2,14],[20,4,16,24,8,12,15,11,3,1,23,21,13,7,2,14],[24,12,20,8,4,16,15,11,3,13,1,23,21,7,2,14],[20,12,4,24,8,16,15,11,3,13,1,23,21,7,2,14],[8,16,24,4,12,11,20,3,15,1,23,13,21,7,14],[16,12,15,11,20,24,4,8,3,13,1,23,21,7,14],[20,4,16,24,12,15,11,8,3,1,23,13,21,7,2,14],[16,4,8,24,12,11,20,3,15,1,23,21,13,7,2,14],[8,24,20,16,4,12,11,15,3,13,1,23,21,7,2,14],[4,16,12,15,11,20,8,24,3,13,1,23,21,7,2,14],[16,8,20,4,24,12,15,11,3,1,23,21,13,7,2,14],[12,4,20,16,15,11,8,24,3,13,1,23,21,7,14],[8,20,16,12,15,11,24,4,3,13,1,23,21,7,2,14],[16,24,4,20,12,15,11,8,3,13,1,23,21,7,14],[12,8,24,20,4,16,11,15,3,1,23,13,21,7,14],[16,8,12,11,24,20,4,15,3,1,23,21,13,7,14],[16,8,24,20,12,11,4,15,3,13,1,23,21,7,14],[16,12,15,11,8,20,4,24,3,13,1,23,21,7,2,14],[12,8,16,11,24,4,20,3,15,13,1,23,21,7,2,14],[24,4,16,12,15,11,20,8,3,13,1,23,21,7,14],[24,4,12,8,16,11,20,3,15,13,1,23,21,7,14],[24,20,8,16,12,15,11,4,3,13,1,23,21,7,2,14],[20,16,8,4,12,11,24,15,3,13,1,23,21,7,2,14],[24,20,4,12,16,15,11,8,3,1,23,13,21,7,2,14],[8,12,16,15,11,24,4,20,3,13,1,23,21,7,2,14],[20,4,16,8,24,12,11,15,3,13,1,23,21,7,14],[20,8,12,24,4,16,11,15,3,1,23,13,21,7,2,14],[12,20,24,16,15,11,8,4,3,1,23,13,21,7,2,14],[24,4,8,20,16,12,15,11,3,1,23,13,21,7,2,14],[16,12,11,24,4,20,8,15,3,13,1,23,21,7,14],[4,20,16,12,15,11,24,8,3,13,1,23,21,7,14],[24,12,20,4,16,11,8,15,3,1,23,21,13,7,2,14],[24,20,16,12,11,4,8,15,3,1,23,13,21,7,14],[16,20,24,4,12,15,11,8,3,13,1,23,21,7,14],[24,4,8,20,12,16,15,11,3,13,1,23,21,7,2,14],[4,24,16,8,12,15,11,20,3,13,1,23,21,7,14],[16,4,8,24,12,11,20,3,15,1,23,21,13,7,2,14],[16,20,24,8,12,15,11,4,3,13,1,23,21,7,14],[16,12,11,24,8,20,4,3,15,13,1,23,21,7,2,14],[12,16,11,4,24,20,8,3,15,1,23,13,21,7,2,14],[20,8,12,24,16,15,11,4,3,13,1,23,21,7,14],[16,20,12,11,4,8,24,15,3,1,23,13,21,7,14],[24,20,8,12,4,16,15,11,3,1,23,13,21,7,14],[4,20,12,16,11,8,24,3,15,1,23,21,13,7,14],[12,20,4,16,11,24,8,3,15,13,1,23,21,7,2,14],[12,4,16,15,11,8,24,20,3,13,1,23,21,7,2,14],[8,12,16,15,11,4,20,24,3,13,1,23,21,7,14],[8,16,20,12,15,11,24,4,3,1,23,21,13,7,2,14],[12,24,4,20,16,15,11,8,3,13,1,23,21,7,14],[16,4,20,8,12,11,24,3,15,1,23,21,13,7,14],[12,16,11,4,20,8,24,3,15,1,23,21,13,7,2,14],[12,20,4,16,15,11,8,24,3,13,1,23,21,7,14],[20,8,12,16,11,4,24,3,15,1,23,21,13,7,14],[24,8,12,16,15,11,4,20,3,13,1,23,21,7,2,14],[12,4,16,11,8,24,20,15,3,1,23,13,21,7,2,14],[24,16,8,20,12,15,11,4,3,1,23,13,21,7,14],[20,16,24,8,4,12,11,3,15,13,1,23,21,7,14],[8,4,12,16,11,20,24,15,3,1,23,13,21,7,14],[4,20,12,8,24,16,11,15,3,1,23,13,21,7,2,14],[24,16,8,4,12,11,20,15,3,13,1,23,21,7,14],[4,24,12,8,16,11,20,3,15,1,23,13,21,7,2,14],[4,16,20,8,12,15,11,24,3,13,1,23,21,7,2,14],[12,16,11,20,4,24,8,3,15,13,1,23,21,7,2,14],[16,8,4,12,11,24,20,3,15,13,1,23,21,7,14],[20,16,24,4,12,11,8,15,3,13,1,23,21,7,2,14],[8,16,20,12,11,24,4,3,15,1,23,21,13,7,2,14],[16,8,24,12,15,11,20,4,3,13,1,23,21,7,14],[8,12,4,24,16,15,11,20,3,1,23,21,13,7,14],[24,12,16,15,11,8,4,20,3,1,23,21,13,7,2,14],[24,16,20,12,11,4,8,3,15,1,23,21,13,7,2,14],[16,4,20,12,15,11,8,24,3,1,23,13,21,7,2,14],[20,4,8,16,24,12,15,11,3,13,1,23,21,7,14],[4,20,8,12,24,16,15,11,3,13,1,23,21,7,2,14],[4,24,20,12,8,16,15,11,3,1,23,21,13,7,14],[8,20,12,24,16,15,11,4,3,1,23,13,21,7,2,14],[4,24,20,16,8,12,15,11,3,1,23,21,13,7,14],[12,8,4,20,16,11,24,15,3,1,23,13,21,7,14],[12,20,24,16,15,11,4,8,3,1,23,13,21,7,2,14],[16,24,20,8,12,11,4,15,3,1,23,13,21,7,14],[16,20,4,8,12,11,24,3,15,1,23,13,21,7,14],[16,8,20,12,15,11,24,4,3,13,1,23,21,7,2,14],[4,8,20,16,12,11,24,3,15,1,23,13,21,7,14],[24,12,8,4,20,16,15,11,3,1,23,21,13,7,14],[16,20,24,8,12,15,11,4,3,1,23,13,21,7,2,14],[8,16,24,4,12,11,20,15,3,1,23,21,13,7,14],[16,24,12,15,11,20,8,4,3,1,23,21,13,7,2,14],[24,20,16,4,12,15,11,8,3,13,1,23,21,7,14],[8,16,20,4,12,11,24,3,15,1,23,13,21,7,2,14],[4,8,16,24,20,12,15,11,3,13,1,23,21,7,2,14],[20,4,12,8,16,15,11,24,3,1,23,13,21,7,2,14],[4,16,20,12,15,11,8,24,3,1,23,21,13,7,2,14],[16,24,20,4,12,11,8,3,15,1,23,13,21,7,2,14],[24,8,4,20,16,12,11,3,15,13,1,23,21,7,14],[4,24,20,12,8,16,11,3,15,1,23,21,13,7,2,14],[8,24,12,16,11,4,20,3,15,13,1,23,21,7,2,14],[8,12,20,24,16,11,4,3,15,1,23,13,21,7,14],[12,16,11,8,24,20,4,15,3,1,23,21,13,7,14],[12,4,8,20,16,11,24,3,15,13,1,23,21,7,14],[12,20,16,15,11,8,4,24,3,1,23,21,13,7,14],[24,4,8,20,16,12,15,11,3,13,1,23,21,7,14],[20,12,4,8,16,11,24,3,15,1,23,21,13,7,2,14],[4,24,12,20,8,16,11,3,15,1,23,13,21,7,2,14],[20,16,24,12,11,4,8,3,15,13,1,23,21,7,2,14],[16,24,20,4,12,11,8,3,15,13,1,23,21,7,2,14],[24,4,12,8,16,15,11,20,3,1,23,21,13,7,14],[20,8,12,16,11,4,24,15,3,13,1,23,21,7,14],[20,4,24,16,8,12,11,15,3,1,23,21,13,7,2,14],[12,4,20,8,16,15,11,24,3,1,23,13,21,7,14],[20,8,16,12,11,24,4,15,3,13,1,23,21,7,2,14],[12,8,16,11,4,24,20,3,15,13,1,23,21,7,2,14],[8,20,4,12,16,15,11,24,3,13,1,23,21,7,2,14],[8,16,24,20,12,15,11,4,3,13,1,23,21,7,2,14],[24,4,16,12,15,11,20,8,3,13,1,23,21,7,14],[4,8,16,20,24,12,15,11,3,1,23,13,21,7,2,14],[12,24,16,11,8,20,4,3,15,1,23,21,13,7,14],[12,24,20,4,16,11,8,3,15,13,1,23,21,7,14],[4,24,16,8,12,11,20,15,3,1,23,13,21,7,14],[20,8,12,16,11,24,4,3,15,1,23,13,21,7,14],[12,20,24,4,16,11,8,15,3,1,23,13,21,7,14],[20,4,24,12,8,16,15,11,3,13,1,23,21,7,2,14],[4,24,16,8,12,15,11,20,3,1,23,13,21,7,2,14],[24,16,20,4,12,11,8,15,3,13,1,23,21,7,2,14],[20,16,24,12,11,8,4,15,3,13,1,23,21,7,14],[12,16,15,11,20,24,4,8,3,13,1,23,21,7,14],[20,4,12,8,24,16,11,15,3,13,1,23,21,7,14],[20,12,24,4,16,15,11,8,3,1,23,13,21,7,14],[12,24,8,4,20,16,15,11,3,13,1,23,21,7,14],[8,24,16,12,15,11,4,20,3,13,1,23,21,7,2,14],[8,20,4,12,24,16,15,11,3,1,23,21,13,7,2,14],[12,8,20,24,16,11,4,3,15,13,1,23,21,7,2,14],[12,16,15,11,20,24,4,8,3,1,23,21,13,7,2,14],[8,16,4,24,20,12,11,15,3,13,1,23,21,7,14],[4,12,24,16,11,20,8,3,15,1,23,21,13,7,2,14],[16,8,24,4,12,15,11,20,3,13,1,23,21,7,2,14],[8,24,4,12,16,11,20,15,3,13,1,23,21,7,14],[20,16,4,12,15,11,24,8,3,1,23,13,21,7,14],[24,12,4,16,15,11,8,20,3,1,23,21,13,7,2,14],[16,4,24,8,20,12,15,11,3,13,1,23,21,7,2,14],[20,4,12,16,15,11,8,24,3,1,23,21,13,7,14],[20,24,4,8,12,16,11,3,15,1,23,21,13,7,14],[12,8,24,4,16,15,11,20,3,13,1,23,21,7,2,14],[12,4,24,16,11,20,8,3,15,13,1,23,21,7,14],[4,20,12,24,8,16,15,11,3,13,1,23,21,7,2,14],[8,24,12,20,4,16,15,11,3,13,1,23,21,7,14],[20,8,16,4,24,12,15,11,3,1,23,13,21,7,14],[24,12,16,11,20,4,8,3,15,13,1,23,21,7,2,14],[4,24,16,20,8,12,11,3,15,1,23,21,13,7,14],[8,16,4,24,20,12,11,15,3,1,23,21,13,7,2,14],[24,8,12,16,15,11,20,4,3,1,23,13,21,7,14],[20,24,8,12,16,15,11,4,3,13,1,23,21,7,2,14],[24,20,4,16,8,12,11,15,3,13,1,23,21,7,2,14],[16,12,15,11,24,20,8,4,3,13,1,23,21,7,14],[8,12,24,4,16,15,11,20,3,13,1,23,21,7,2,14],[20,24,8,4,16,12,11,3,15,13,1,23,21,7,14],[24,16,4,12,11,8,20,15,3,13,1,23,21,7,2,14],[8,16,20,4,12,15,11,24,3,1,23,13,21,7,2,14],[8,16,12,11,4,20,24,3,15,13,1,23,21,7,14],[16,8,12,11,4,24,20,15,3,13,1,23,21,7,14],[8,24,16,20,12,11,4,3,15,13,1,23,21,7,14],[20,8,12,16,15,11,24,4,3,1,23,21,13,7,2,14],[20,12,24,8,16,11,4,15,3,1,23,21,13,7,2,14],[12,8,16,15,11,24,20,4,3,13,1,23,21,7,14],[20,4,8,24,16,12,11,3,15,1,23,21,13,7,2,14],[20,4,16,12,11,8,24,3,15,13,1,23,21,7,14],[16,24,20,4,8,12,11,3,15,1,23,21,13,7,14],[12,24,8,16,11,20,4,3,15,1,23,21,13,7,14],[4,24,20,12,16,15,11,8,3,1,23,21,13,7,2,14],[20,16,8,12,11,4,24,3,15,1,23,21,13,7,2,14],[4,24,12,8,20,16,11,15,3,1,23,13,21,7,14],[4,12,8,20,16,11,24,15,3,13,1,23,21,7,14],[12,8,24,4,20,16,15,11,3,13,1,23,21,7,2,14],[16,12,15,11,24,20,4,8,3,1,23,21,13,7,14],[12,24,20,16,11,4,8,3,15,13,1,23,21,7,14],[20,12,4,8,16,15,11,24,3,1,23,21,13,7,2,14],[16,4,12,15,11,24,8,20,3,1,23,21,13,7,2,14],[24,8,12,20,16,11,4,15,3,13,1,23,21,7,2,14],[16,24,12,11,8,20,4,15,3,1,23,13,21,7,14],[20,16,12,11,4,24,8,3,15,13,1,23,21,7,14],[4,20,8,24,16,12,15,11,3,13,1,23,21,7,2,14],[4,8,20,12,24,16,11,15,3,1,23,13,21,7,14],[12,20,4,24,8,16,15,11,3,13,1,23,21,7,14],[16,20,8,24,4,12,11,15,3,1,23,13,21,7,14],[4,16,20,12,15,11,8,24,3,1,23,13,21,7,14],[16,8,24,12,15,11,4,20,3,1,23,21,13,7,2,14],[8,20,12,16,11,4,24,3,15,13,1,23,21,7,2,14],[8,20,12,4,24,16,11,15,3,1,23,21,13,7,14],[20,16,12,11,4,24,8,15,3,1,23,21,13,7,14],[12,24,20,4,16,15,11,8,3,13,1,23,21,7,2,14],[4,12,16,15,11,8,24,20,3,13,1,23,21,7,14],[12,8,16,11,24,4,20,3,15,1,23,21,13,7,14],[16,4,8,24,12,15,11,20,3,1,23,13,21,7,2,14],[16,8,24,4,20,12,11,15,3,13,1,23,21,7,2,14],[24,8,4,16,20,12,11,3,15,13,1,23,21,7,2,14],[16,4,12,15,11,8,20,24,3,1,23,21,13,7,14],[20,12,8,4,24,16,11,3,15,1,23,13,21,7,2,14],[4,8,20,12,16,11,24,3,15,13,1,23,21,7,2,14],[12,16,15,11,4,8,24,20,3,1,23,13,21,7,14],[8,12,24,20,16,15,11,4,3,13,1,23,21,7,2,14],[24,20,8,12,4,16,15,11,3,13,1,23,21,7,2,14],[4,20,24,12,16,15,11,8,3,13,1,23,21,7,14],[8,4,16,24,20,12,11,15,3,1,23,13,21,7,14],[8,16,4,12,15,11,24,20,3,1,23,21,13,7,2,14],[24,20,4,16,12,15,11,8,3,1,23,21,13,7,14],[24,4,20,16,12,11,8,15,3,1,23,21,13,7,2,14],[16,24,20,4,8,12,11,15,3,13,1,23,21,7,2,14],[4,12,20,8,16,15,11,24,3,13,1,23,21,7,2,14],[12,4,24,16,15,11,8,20,3,13,1,23,21,7,2,14],[8,20,12,24,16,15,11,4,3,1,23,13,21,7,2,14],[24,20,8,12,16,15,11,4,3,1,23,13,21,7,14],[8,20,12,16,11,24,4,15,3,1,23,21,13,7,14],[16,8,4,24,12,15,11,20,3,13,1,23,21,7,14],[12,16,15,11,8,4,24,20,3,13,1,23,21,7,2,14],[4,24,16,8,12,11,20,15,3,1,23,21,13,7,14],[24,12,8,20,4,16,15,11,3,13,1,23,21,7,2,14],[24,8,12,16,11,4,20,3,15,13,1,23,21,7,2,14],[4,8,24,16,20,12,11,15,3,1,23,21,13,7,2,14],[24,4,20,16,12,15,11,8,3,13,1,23,21,7,14],[4,8,12,24,20,16,15,11,3,1,23,21,13,7,14],[8,16,24,20,4,12,11,3,15,13,1,23,21,7,14],[12,24,4,20,8,16,15,11,3,1,23,21,13,7,14],[12,24,8,4,20,16,15,11,3,1,23,13,21,7,2,14],[24,20,12,4,16,11,8,3,15,1,23,21,13,7,14],[12,16,15,11,4,24,20,8,3,1,23,21,13,7,14],[12,16,15,11,20,4,8,24,3,1,23,13,21,7,14],[4,20,8,16,24,12,11,15,3,1,23,13,21,7,14],[12,20,4,8,24,16,15,11,3,1,23,21,13,7,14],[20,16,8,12,15,11,4,24,3,13,1,23,21,7,2,14],[8,24,20,16,4,12,11,3,15,13,1,23,21,7,14],[8,24,16,4,20,12,11,3,15,13,1,23,21,7,14],[4,8,24,20,16,12,11,15,3,1,23,13,21,7,2,14],[4,16,24,8,20,12,11,3,15,1,23,13,21,7,2,14],[12,20,4,24,8,16,15,11,3,13,1,23,21,7,14],[20,24,12,4,16,11,8,3,15,1,23,21,13,7,14],[12,20,16,15,11,4,24,8,3,1,23,13,21,7,14],[12,8,4,24,16,15,11,20,3,1,23,13,21,7,2,14],[20,24,12,16,15,11,4,8,3,13,1,23,21,7,14],[12,20,16,11,8,4,24,15,3,1,23,13,21,7,2,14],[12,16,11,8,24,20,4,3,15,13,1,23,21,7,2,14],[20,8,24,16,12,15,11,4,3,13,1,23,21,7,14],[4,24,12,20,16,11,8,3,15,13,1,23,21,7,2,14],[12,4,8,20,24,16,15,11,3,1,23,13,21,7,2,14],[16,4,20,8,12,11,24,15,3,1,23,13,21,7,14],[20,12,16,11,24,4,8,3,15,1,23,21,13,7,14],[20,24,8,4,12,16,15,11,3,13,1,23,21,7,14],[12,20,16,11,24,4,8,3,15,13,1,23,21,7,14],[12,4,20,8,24,16,15,11,3,1,23,21,13,7,2,14],[8,4,24,20,16,12,11,15,3,13,1,23,21,7,14],[12,4,8,24,20,16,15,11,3,13,1,23,21,7,2,14],[4,24,8,20,16,12,15,11,3,1,23,21,13,7,14],[20,4,12,8,16,11,24,15,3,13,1,23,21,7,14],[16,4,24,12,15,11,8,20,3,13,1,23,21,7,2,14],[16,12,15,11,4,20,24,8,3,13,1,23,21,7,2,14],[8,12,24,4,20,16,15,11,3,13,1,23,21,7,14],[8,20,12,16,11,4,24,3,15,13,1,23,21,7,14],[20,4,16,24,8,12,15,11,3,13,1,23,21,7,2,14],[12,24,8,20,4,16,15,11,3,1,23,13,21,7,2,14],[16,4,20,24,12,11,8,3,15,13,1,23,21,7,14],[24,4,12,16,15,11,20,8,3,1,23,21,13,7,2,14],[16,24,8,12,11,20,4,15,3,1,23,13,21,7,14],[24,4,12,20,8,16,11,3,15,13,1,23,21,7,2,14],[12,16,15,11,8,24,20,4,3,1,23,21,13,7,2,14],[20,24,12,4,8,16,15,11,3,1,23,21,13,7,14],[4,16,12,11,8,24,20,15,3,1,23,13,21,7,14],[16,4,12,11,24,8,20,15,3,13,1,23,21,7,2,14],[12,8,4,16,15,11,24,20,3,13,1,23,21,7,2,14],[12,24,16,15,11,8,20,4,3,13,1,23,21,7,2,14],[8,20,4,16,24,12,11,15,3,1,23,13,21,7,2,14],[24,16,4,20,8,12,11,15,3,13,1,23,21,7,2,14],[4,8,12,16,11,20,24,3,15,1,23,21,13,7,14],[16,24,4,8,12,15,11,20,3,1,23,13,21,7,14],[8,16,4,20,24,12,11,3,15,1,23,21,13,7,2,14],[4,8,20,12,24,16,11,3,15,1,23,21,13,7,14],[24,16,12,15,11,20,4,8,3,13,1,23,21,7,14],[24,16,8,4,20,12,15,11,3,1,23,13,21,7,14],[16,8,12,11,4,20,24,3,15,1,23,21,13,7,14],[16,8,4,20,12,11,24,3,15,1,23,21,13,7,14],[20,12,8,16,15,11,4,24,3,1,23,13,21,7,2,14],[20,8,16,24,4,12,15,11,3,13,1,23,21,7,14],[16,8,24,12,11,4,20,3,15,13,1,23,21,7,2,14],[24,16,12,15,11,8,4,20,3,13,1,23,21,7,2,14],[24,8,12,4,20,16,11,3,15,1,23,13,21,7,2,14],[12,16,11,20,8,4,24,15,3,13,1,23,21,7,14],[4,16,8,24,12,11,20,3,15,1,23,21,13,7,14],[12,8,20,16,11,4,24,15,3,13,1,23,21,7,2,14],[20,8,4,16,12,15,11,24,3,13,1,23,21,7,2,14],[4,20,8,16,24,12,15,11,3,13,1,23,21,7,2,14],[4,12,20,16,15,11,24,8,3,13,1,23,21,7,14],[12,24,8,4,20,16,15,11,3,13,1,23,21,7,2,14],[20,4,8,16,24,12,15,11,3,13,1,23,21,7,2,14],[24,12,20,16,11,4,8,15,3,1,23,21,13,7,2,14],[8,24,16,4,12,11,20,15,3,13,1,23,21,7,2,14],[4,12,16,11,20,24,8,3,15,1,23,21,13,7,2,14],[4,16,8,12,11,24,20,15,3,13,1,23,21,7,14],[16,20,12,11,24,4,8,3,15,1,23,13,21,7,2,14],[20,24,12,4,16,15,11,8,3,13,1,23,21,7,2,14],[16,24,12,15,11,4,8,20,3,13,1,23,21,7,2,14],[24,4,8,16,12,11,20,3,15,1,23,13,21,7,2,14],[12,8,24,16,15,11,4,20,3,13,1,23,21,7,14],[24,20,12,8,16,11,4,3,15,13,1,23,21,7,2,14],[16,8,24,4,20,12,11,15,3,1,23,21,13,7,14],[24,16,8,4,12,11,20,3,15,13,1,23,21,7,2,14],[16,20,4,24,12,11,8,15,3,13,1,23,21,7,2,14],[8,4,16,12,15,11,24,20,3,1,23,21,13,7,14],[8,24,16,4,12,15,11,20,3,1,23,21,13,7,2,14],[24,4,20,16,8,12,15,11,3,1,23,21,13,7,2,14],[20,12,8,24,16,15,11,4,3,13,1,23,21,7,14],[8,20,16,12,11,4,24,3,15,13,1,23,21,7,2,14],[20,12,24,16,15,11,8,4,3,13,1,23,21,7,2,14],[20,12,16,11,4,8,24,3,15,1,23,13,21,7,14],[8,16,24,20,12,11,4,3,15,13,1,23,21,7,14],[8,24,20,4,16,12,15,11,3,1,23,21,13,7,14],[4,16,8,12,11,24,20,3,15,13,1,23,21,7,14],[16,24,12,15,11,20,4,8,3,1,23,21,13,7,14],[20,12,16,15,11,24,4,8,3,13,1,23,21,7,14],[24,20,16,8,4,12,15,11,3,1,23,13,21,7,2,14],[8,12,24,4,16,15,11,20,3,1,23,13,21,7,2,14],[8,4,16,24,20,12,15,11,3,1,23,21,13,7,2,14],[4,24,20,16,12,15,11,8,3,13,1,23,21,7,14],[12,8,20,16,15,11,4,24,3,13,1,23,21,7,2,14],[20,8,24,16,4,12,11,3,15,13,1,23,21,7,14],[4,8,24,20,12,16,15,11,3,13,1,23,21,7,14],[24,4,8,12,20,16,15,11,3,1,23,21,13,7,14],[12,16,15,11,20,4,24,8,3,1,23,21,13,7,14],[24,12,20,4,16,11,8,15,3,13,1,23,21,7,14],[12,20,8,4,16,15,11,24,3,1,23,13,21,7,14],[20,8,16,12,11,24,4,3,15,1,23,13,21,7,14],[8,4,20,12,24,16,11,15,3,13,1,23,21,7,14],[12,16,11,4,8,24,20,3,15,13,1,23,21,7,14],[8,4,16,24,12,15,11,20,3,1,23,13,21,7,2,14],[16,8,20,24,12,11,4,3,15,1,23,21,13,7,14],[8,20,12,4,24,16,11,15,3,1,23,21,13,7,14],[8,12,16,15,11,24,20,4,3,13,1,23,21,7,2,14],[8,20,24,16,4,12,11,15,3,1,23,21,13,7,14],[4,12,24,8,20,16,11,15,3,1,23,21,13,7,2,14],[12,24,4,20,8,16,11,3,15,13,1,23,21,7,2,14],[20,8,16,4,12,15,11,24,3,1,23,13,21,7,14],[4,24,16,8,12,11,20,3,15,13,1,23,21,7,14],[4,20,12,24,8,16,15,11,3,13,1,23,21,7,14],[4,24,16,20,8,12,15,11,3,13,1,23,21,7,14],[4,20,16,12,15,11,8,24,3,1,23,13,21,7,2,14],[20,12,4,8,16,11,24,3,15,1,23,13,21,7,14],[16,4,20,12,11,24,8,3,15,13,1,23,21,7,2,14],[24,4,20,8,16,12,11,15,3,13,1,23,21,7,14],[24,12,16,15,11,4,8,20,3,1,23,13,21,7,2,14],[12,16,15,11,20,8,4,24,3,13,1,23,21,7,14],[24,8,12,16,11,4,20,3,15,1,23,21,13,7,14],[24,12,16,11,4,8,20,15,3,1,23,21,13,7,14],[8,20,12,24,16,15,11,4,3,13,1,23,21,7,14],[20,4,8,16,24,12,11,3,15,13,1,23,21,7,2,14],[8,20,16,4,24,12,15,11,3,13,1,23,21,7,14],[12,20,16,11,8,24,4,15,3,13,1,23,21,7,14],[12,16,15,11,8,24,20,4,3,13,1,23,21,7,2,14],[8,24,4,16,20,12,11,15,3,1,23,21,13,7,2,14],[24,8,4,12,16,15,11,20,3,13,1,23,21,7,2,14],[8,12,20,4,16,15,11,24,3,13,1,23,21,7,14],[20,24,4,16,12,15,11,8,3,1,23,13,21,7,2,14],[12,20,16,11,24,4,8,15,3,13,1,23,21,7,14],[4,8,24,12,20,16,11,15,3,13,1,23,21,7,14],[12,24,8,4,20,16,15,11,3,1,23,21,13,7,14],[8,12,24,20,16,15,11,4,3,13,1,23,21,7,2,14],[20,24,16,4,8,12,15,11,3,13,1,23,21,7,2,14],[12,24,20,8,4,16,15,11,3,13,1,23,21,7,14],[24,20,16,4,8,12,11,15,3,13,1,23,21,7,14],[12,20,16,15,11,4,24,8,3,1,23,13,21,7,14],[16,8,24,20,12,11,4,15,3,1,23,21,13,7,14],[8,4,20,12,24,16,15,11,3,1,23,21,13,7,14],[16,4,8,24,12,15,11,20,3,13,1,23,21,7,2,14],[4,8,20,16,24,12,11,3,15,1,23,21,13,7,2,14],[4,20,12,24,8,16,15,11,3,1,23,21,13,7,2,14],[8,20,24,16,12,11,4,15,3,13,1,23,21,7,2,14],[12,20,4,24,16,11,8,15,3,1,23,21,13,7,14],[16,20,8,12,11,4,24,15,3,13,1,23,21,7,14],[20,24,4,8,16,12,11,15,3,13,1,23,21,7,14],[20,4,12,24,16,11,8,3,15,13,1,23,21,7,2,14],[24,4,16,20,8,12,11,3,15,13,1,23,21,7,2,14],[12,4,20,24,8,16,15,11,3,13,1,23,21,7,2,14],[20,16,4,8,12,11,24,15,3,1,23,13,21,7,2,14],[4,24,12,20,8,16,11,3,15,1,23,13,21,7,14],[20,16,12,11,24,4,8,15,3,1,23,21,13,7,14],[8,24,20,16,4,12,15,11,3,13,1,23,21,7,2,14],[4,20,16,24,12,15,11,8,3,13,1,23,21,7,2,14],[12,20,8,16,15,11,24,4,3,1,23,13,21,7,2,14],[12,4,20,24,8,16,11,15,3,13,1,23,21,7,2,14],[24,8,12,20,16,15,11,4,3,13,1,23,21,7,2,14],[20,4,24,16,12,15,11,8,3,13,1,23,21,7,2,14],[16,4,20,12,15,11,24,8,3,13,1,23,21,7,2,14],[8,12,24,20,4,16,15,11,3,13,1,23,21,7,2,14],[12,20,8,4,16,11,24,15,3,13,1,23,21,7,14],[20,12,8,4,24,16,11,15,3,13,1,23,21,7,14],[20,4,12,8,24,16,15,11,3,1,23,21,13,7,2,14],[4,8,24,12,16,11,20,3,15,1,23,13,21,7,2,14],[4,12,8,24,20,16,11,3,15,13,1,23,21,7,14],[24,12,8,16,11,4,20,3,15,1,23,21,13,7,2,14],[12,16,15,11,24,4,20,8,3,13,1,23,21,7,2,14],[4,16,20,8,12,15,11,24,3,13,1,23,21,7,14],[16,12,15,11,24,20,4,8,3,1,23,21,13,7,14],[8,16,12,15,11,20,24,4,3,13,1,23,21,7,14],[20,4,24,16,12,11,8,3,15,1,23,13,21,7,2,14],[8,12,16,11,4,20,24,15,3,13,1,23,21,7,2,14],[12,16,15,11,24,8,20,4,3,1,23,21,13,7,2,14],[20,4,8,24,16,12,11,3,15,1,23,21,13,7,2,14],[12,8,20,16,11,4,24,3,15,13,1,23,21,7,2,14],[24,16,8,4,20,12,15,11,3,13,1,23,21,7,14],[8,4,20,16,24,12,11,15,3,1,23,13,21,7,2,14],[20,24,8,4,16,12,15,11,3,1,23,21,13,7,2,14],[20,8,16,12,15,11,4,24,3,13,1,23,21,7,2,14],[4,24,20,16,8,12,15,11,3,13,1,23,21,7,14],[16,8,12,15,11,24,20,4,3,13,1,23,21,7,2,14],[20,4,16,8,12,11,24,3,15,13,1,23,21,7,14],[20,8,16,12,11,4,24,15,3,13,1,23,21,7,2,14],[12,8,20,4,16,15,11,24,3,13,1,23,21,7,14],[16,20,24,8,4,12,15,11,3,13,1,23,21,7,2,14],[20,24,4,16,8,12,15,11,3,1,23,13,21,7,2,14],[16,24,4,8,20,12,15,11,3,1,23,21,13,7,2,14],[4,12,20,8,24,16,15,11,3,1,23,13,21,7,2,14],[16,12,11,8,24,20,4,15,3,1,23,13,21,7,2,14],[4,8,20,24,16,12,11,3,15,1,23,13,21,7,2,14],[4,12,24,8,16,11,20,3,15,1,23,21,13,7,2,14],[4,16,8,24,20,12,15,11,3,13,1,23,21,7,2,14],[12,24,16,15,11,20,4,8,3,1,23,13,21,7,14],[8,4,24,12,16,15,11,20,3,13,1,23,21,7,2,14],[24,4,20,12,16,15,11,8,3,1,23,13,21,7,14],[16,8,12,11,4,20,24,3,15,13,1,23,21,7,2,14],[20,24,8,4,12,16,15,11,3,13,1,23,21,7,2,14],[8,24,12,16,11,4,20,3,15,13,1,23,21,7,14],[4,12,16,15,11,8,24,20,3,1,23,21,13,7,2,14],[12,20,16,15,11,24,4,8,3,13,1,23,21,7,14],[12,24,8,16,15,11,20,4,3,13,1,23,21,7,14],[12,24,8,4,16,15,11,20,3,13,1,23,21,7,14],[8,24,16,12,15,11,4,20,3,1,23,21,13,7,2,14],[24,16,20,4,8,12,15,11,3,13,1,23,21,7,2,14],[24,20,16,12,11,4,8,15,3,13,1,23,21,7,14],[4,16,20,24,8,12,11,15,3,1,23,13,21,7,2,14],[8,4,24,12,20,16,11,3,15,1,23,21,13,7,14],[20,24,4,8,12,16,15,11,3,1,23,13,21,7,2,14],[4,24,16,12,15,11,8,20,3,13,1,23,21,7,14],[4,12,20,16,15,11,8,24,3,13,1,23,21,7,2,14],[8,4,20,24,12,16,15,11,3,1,23,21,13,7,14],[4,8,20,16,12,11,24,3,15,13,1,23,21,7,14],[8,16,12,15,11,24,20,4,3,13,1,23,21,7,14],[16,8,24,20,4,12,15,11,3,13,1,23,21,7,2,14],[24,8,16,12,15,11,4,20,3,13,1,23,21,7,14],[4,16,24,12,11,8,20,3,15,1,23,13,21,7,14],[16,12,15,11,4,24,20,8,3,13,1,23,21,7,2,14],[24,20,16,4,12,15,11,8,3,1,23,13,21,7,14],[24,16,4,8,20,12,15,11,3,13,1,23,21,7,2,14],[16,8,12,11,20,4,24,15,3,1,23,13,21,7,2,14],[12,20,8,24,4,16,11,3,15,1,23,13,21,7,2,14],[8,24,4,20,12,16,15,11,3,13,1,23,21,7,14],[20,16,8,24,4,12,15,11,3,13,1,23,21,7,2,14],[16,12,11,4,20,24,8,15,3,13,1,23,21,7,14],[16,20,12,11,24,4,8,3,15,13,1,23,21,7,14],[16,4,8,20,24,12,11,3,15,13,1,23,21,7,2,14],[12,4,20,24,16,11,8,3,15,1,23,13,21,7,14],[20,16,8,4,12,11,24,15,3,13,1,23,21,7,2,14],[24,4,12,16,15,11,8,20,3,1,23,21,13,7,2,14],[16,4,20,8,24,12,11,15,3,1,23,13,21,7,2,14],[24,8,12,20,16,11,4,3,15,1,23,21,13,7,14],[4,20,16,8,24,12,15,11,3,13,1,23,21,7,14],[12,24,4,16,11,20,8,15,3,13,1,23,21,7,14],[4,24,16,12,11,20,8,15,3,13,1,23,21,7,14],[24,8,16,4,12,11,20,3,15,13,1,23,21,7,2,14],[24,8,20,16,4,12,15,11,3,1,23,13,21,7,14],[4,12,24,16,15,11,20,8,3,1,23,13,21,7,14],[4,20,24,8,16,12,11,3,15,1,23,21,13,7,2,14],[4,16,12,11,8,24,20,3,15,1,23,13,21,7,14],[16,24,20,4,12,11,8,3,15,13,1,23,21,7,2,14],[12,8,4,20,24,16,11,15,3,13,1,23,21,7,2,14],[16,12,11,20,4,8,24,15,3,1,23,21,13,7,14],[8,20,24,16,4,12,11,15,3,1,23,13,21,7,14],[8,24,16,12,15,11,20,4,3,1,23,13,21,7,2,14],[24,8,20,12,4,16,15,11,3,1,23,13,21,7,14],[8,12,24,20,4,16,15,11,3,13,1,23,21,7,14],[16,4,12,11,20,8,24,15,3,13,1,23,21,7,14],[12,20,4,24,16,15,11,8,3,13,1,23,21,7,14],[20,16,8,12,15,11,4,24,3,13,1,23,21,7,2,14],[4,20,24,8,12,16,15,11,3,1,23,13,21,7,2,14],[8,16,12,11,24,4,20,3,15,1,23,21,13,7,2,14],[4,16,12,11,20,24,8,15,3,13,1,23,21,7,14],[16,24,20,12,11,8,4,3,15,13,1,23,21,7,14],[8,20,24,4,16,12,15,11,3,13,1,23,21,7,14],[16,20,4,8,24,12,15,11,3,1,23,21,13,7,2,14],[4,16,8,20,12,11,24,15,3,13,1,23,21,7,14],[24,16,4,12,11,20,8,15,3,13,1,23,21,7,14],[8,4,16,12,15,11,24,20,3,1,23,13,21,7,2,14],[8,24,12,20,16,15,11,4,3,1,23,21,13,7,14],[16,20,12,11,24,8,4,15,3,13,1,23,21,7,14],[4,16,8,24,12,15,11,20,3,1,23,21,13,7,14],[8,4,20,16,12,15,11,24,3,1,23,13,21,7,2,14],[24,20,8,16,12,15,11,4,3,13,1,23,21,7,2,14],[20,4,24,8,12,16,15,11,3,1,23,13,21,7,2,14],[24,16,8,12,15,11,20,4,3,1,23,13,21,7,2,14],[12,16,15,11,20,8,4,24,3,13,1,23,