{"problem_id":"chlr5f3W6rYCnbc","sigma":150,"alpha":1.000,"cost":1,"probabilities":"[0.17, 0.29, 0.1, 0.44]","payoff_matrix":"[[113, -150, -102, -58, -84, 76], [21, -123, 61, 243, -68, -3], [232, 147, 31, -78, -413, 142], [-43, -61, 74, 74, 86, -25]]","uncovered":[[4,16,20,18,8,24,12,14,10,9],[24,12,16,10,14,4,20,8,18,13,9],[12,4,16,10,14,24,8,20,18,13,9],[16,20,14,24,8,12,4,18,10,13,9],[8,20,12,10,18,24,16,14,4],[8,4,12,24,20,10,18,16,14,13,9],[4,24,16,12,14,8,20,18,10,9],[4,8,24,12,16,10,14,20,18,9],[20,4,12,10,18,16,14,24,8],[20,24,16,18,12,10,14,8,4,9],[12,20,10,18,16,14,4,8,24],[24,16,8,20,18,12,10,14,4],[12,8,16,10,14,4,24,20,18,9],[20,16,14,8,12,4,24,18,10,9],[4,8,24,16,20,18,12,14,10,13,9],[20,16,18,4,24,8,12,10,14],[24,8,16,12,10,14,4,20,18,13,9],[16,8,4,20,18,12,10,14,24,9],[16,20,14,4,12,8,24,18,10,13,9],[12,8,16,14,4,24,20,18,10],[4,12,20,10,18,8,24,16,14],[4,24,8,16,12,14,20,18,10,9],[4,8,24,16,20,14,12,18,10,13,9],[20,16,14,12,8,24,4,18,10,9],[8,12,16,14,4,20,24,18,10,13,9],[16,4,24,20,14,8,12,18,10],[8,16,20,18,24,4,12,14,10,9],[16,24,4,8,12,10,14,20,18,13,9],[4,12,24,16,14,20,8,18,10],[12,20,18,16,14,8,24,4,10,13,9],[20,12,18,24,8,4,16,10,14,9],[16,20,18,4,12,10,14,8,24],[8,24,12,20,18,4,16,14,10,13,9],[20,12,10,18,16,14,4,8,24,9],[20,16,14,12,24,8,4,18,10],[24,12,16,10,14,4,8,20,18,9],[16,8,20,14,12,24,4,18,10,13,9],[20,24,12,10,18,8,16,14,4,13,9],[12,4,24,8,16,10,14,20,18,13,9],[12,24,16,10,14,4,8,20,18,9],[4,8,16,12,10,14,24,20,18],[24,20,16,14,12,8,4,18,10,9],[24,20,8,16,14,4,12,18,10,9],[8,24,16,20,18,4,12,10,14,9],[24,12,4,20,10,18,8,16,14,13,9],[20,8,16,18,4,12,14,24,10,13,9],[24,20,12,18,8,16,14,4,10,13,9],[16,8,20,18,4,24,12,14,10,9],[4,20,8,12,10,18,16,14,24,9],[24,12,4,8,16,14,20,18,10,9],[16,24,20,14,8,4,12,18,10],[4,20,24,12,10,18,8,16,14,13,9],[4,20,12,18,24,8,16,14,10],[16,12,10,14,24,4,8,20,18,9],[24,20,4,12,18,8,16,14,10,9],[20,8,16,14,24,12,4,18,10,9],[16,24,4,12,10,14,20,8,18,13,9],[16,24,12,14,8,4,20,18,10,13,9],[12,24,20,18,4,8,16,14,10,13,9],[4,8,12,16,14,20,24,18,10,9],[24,12,16,10,14,4,8,20,18,13,9],[4,20,24,16,14,8,12,18,10,9],[4,20,24,16,18,8,12,10,14,9],[16,4,12,14,20,8,24,18,10,13,9],[12,4,16,10,14,8,20,24,18,13,9],[20,12,18,16,14,8,4,24,10,13,9],[16,24,4,8,12,14,20,18,10,9],[12,24,20,10,18,16,14,8,4,9],[20,24,4,8,12,18,16,10,14,13,9],[16,24,8,4,20,14,12,18,10,9],[16,12,10,14,8,4,24,20,18,9],[24,16,12,10,14,20,4,8,18,13,9],[24,4,16,8,20,14,12,18,10],[24,16,8,12,10,14,4,20,18,13,9],[16,4,12,14,20,24,8,18,10,9],[24,8,20,4,12,18,16,14,10,9],[4,12,24,8,20,10,18,16,14,9],[24,8,16,20,18,12,10,14,4,13,9],[20,12,10,18,16,14,8,4,24,9],[8,12,20,18,16,10,14,4,24,9],[20,4,24,12,10,18,16,14,8],[4,24,20,16,18,12,10,14,8,13,9],[4,8,20,24,12,18,16,14,10,13,9],[8,20,4,12,18,16,10,14,24,9],[8,24,20,12,18,16,14,4,10,13,9],[20,4,16,18,24,8,12,10,14,9],[16,4,24,8,12,10,14,20,18,13,9],[16,12,10,14,20,4,8,24,18],[12,4,16,14,24,8,20,18,10,9],[20,16,18,4,24,8,12,14,10,13,9],[20,8,12,18,16,14,24,4,10,13,9],[4,24,12,8,20,10,18,16,14],[16,24,20,14,4,12,8,18,10,9],[20,8,24,12,10,18,4,16,14,13,9],[4,20,24,8,12,18,16,14,10,13,9],[16,24,12,10,14,8,20,4,18,13,9],[20,12,18,8,16,10,14,24,4,13,9],[16,24,8,4,12,10,14,20,18,13,9],[4,20,24,12,18,8,16,14,10,13,9],[16,24,12,10,14,20,4,8,18],[16,24,8,4,12,14,20,18,10],[16,8,24,4,12,14,20,18,10,9],[12,24,8,16,14,20,4,18,10],[8,24,12,16,14,4,20,18,10,13,9],[20,4,8,12,18,16,10,14,24],[4,20,16,14,8,24,12,18,10],[24,16,12,14,8,4,20,18,10],[24,4,8,20,16,14,12,18,10,9],[24,20,4,12,18,16,14,8,10,13,9],[16,12,14,4,20,8,24,18,10,9],[24,8,12,4,20,18,16,10,14,9],[4,12,8,20,10,18,24,16,14,13,9],[20,12,10,18,24,8,4,16,14,13,9],[16,24,4,20,18,8,12,14,10,9],[24,16,20,18,4,8,12,10,14,13,9],[20,12,10,18,4,8,16,14,24,13,9],[16,24,8,12,10,14,20,4,18,9],[20,12,10,18,8,4,24,16,14],[8,20,12,18,24,4,16,10,14,9],[8,20,12,10,18,16,14,24,4,13,9],[4,12,8,24,16,14,20,18,10],[4,24,20,8,16,14,12,18,10,13,9],[24,16,8,20,18,4,12,14,10],[24,12,16,14,4,20,8,18,10,13,9],[24,12,8,20,10,18,16,14,4,13,9],[4,8,24,20,16,14,12,18,10,9],[12,4,20,18,16,14,24,8,10,9],[8,12,20,10,18,24,16,14,4,9],[24,4,20,12,10,18,8,16,14,13,9],[8,20,16,18,24,12,14,4,10],[12,4,20,18,8,16,10,14,24,13,9],[16,20,18,12,14,4,8,24,10,13,9],[8,16,20,18,24,12,14,4,10],[16,24,12,14,4,8,20,18,10,13,9],[4,24,16,8,12,10,14,20,18,13,9],[12,24,4,8,16,10,14,20,18,9],[4,16,12,14,24,8,20,18,10,9],[16,20,18,24,8,4,12,14,10],[8,24,20,12,10,18,16,14,4,9],[12,16,10,14,24,8,4,20,18,13,9],[4,24,20,8,12,18,16,14,10,9],[8,24,16,12,10,14,20,4,18,9],[16,12,14,8,20,4,24,18,10,13,9],[8,12,20,10,18,16,14,4,24,9],[4,12,16,14,8,20,24,18,10,13,9],[16,4,24,8,12,14,20,18,10],[16,4,12,10,14,8,20,24,18],[16,12,10,14,20,8,24,4,18,9],[8,20,16,18,12,10,14,4,24,9],[4,20,8,16,18,12,10,14,24,9],[4,20,8,16,14,24,12,18,10,9],[4,24,16,12,14,8,20,18,10,13,9],[24,20,8,16,18,4,12,14,10,9],[12,20,18,16,14,24,8,4,10,9],[24,16,8,12,14,20,4,18,10],[4,12,24,16,14,8,20,18,10,13,9],[20,4,24,8,16,14,12,18,10,13,9],[4,20,8,12,18,24,16,10,14],[12,20,10,18,16,14,8,4,24,9],[16,8,4,12,14,24,20,18,10,9],[4,24,20,16,18,12,14,8,10,9],[24,8,20,4,12,18,16,10,14],[4,12,24,20,10,18,16,14,8,13,9],[8,24,16,20,14,4,12,18,10,9],[8,16,20,14,24,12,4,18,10,13,9],[12,4,24,16,10,14,8,20,18,9],[24,4,8,16,12,14,20,18,10,13,9],[8,24,12,20,10,18,4,16,14,9],[16,8,4,12,14,20,24,18,10,13,9],[20,16,14,24,8,12,4,18,10,9],[24,12,16,14,20,8,4,18,10,13,9],[8,20,4,24,12,10,18,16,14,9],[20,4,24,12,10,18,16,14,8,9],[24,8,12,4,16,14,20,18,10,9],[12,20,10,18,24,8,16,14,4,9],[4,12,20,10,18,8,24,16,14],[20,12,10,18,8,16,14,4,24,13,9],[16,8,24,4,20,18,12,10,14,13,9],[16,8,20,18,12,14,4,24,10,9],[12,8,20,18,24,16,10,14,4,9],[24,16,4,20,18,12,10,14,8,9],[8,24,12,20,10,18,16,14,4],[16,4,8,12,14,24,20,18,10,9],[8,24,20,16,18,12,14,4,10,9],[8,16,20,18,12,10,14,24,4,13,9],[24,8,12,4,20,10,18,16,14,9],[20,12,18,16,10,14,4,8,24],[12,20,18,24,16,14,8,4,10,13,9],[24,4,8,16,20,14,12,18,10,13,9],[4,20,12,10,18,16,14,24,8,13,9],[8,12,16,10,14,24,4,20,18,9],[24,4,20,12,10,18,8,16,14],[16,8,12,14,24,20,4,18,10,13,9],[8,12,20,10,18,16,14,4,24,9],[20,8,24,16,14,4,12,18,10,13,9],[16,24,20,18,4,8,12,10,14,13,9],[12,20,18,4,8,24,16,14,10,9],[20,12,18,4,24,16,10,14,8,9],[24,12,8,16,10,14,20,4,18],[8,20,4,16,18,24,12,10,14,13,9],[8,4,16,12,10,14,20,24,18,13,9],[24,20,8,16,14,12,4,18,10,13,9],[20,8,12,18,4,16,10,14,24,13,9],[4,16,20,18,12,10,14,8,24,9],[20,24,12,18,8,16,10,14,4],[20,16,18,4,8,12,10,14,24,9],[8,20,12,18,24,4,16,14,10,9],[8,4,16,20,14,24,12,18,10,9],[16,8,24,20,14,12,4,18,10,9],[4,8,16,24,20,14,12,18,10],[20,24,4,8,12,10,18,16,14,9],[4,8,24,20,12,18,16,14,10,9],[20,8,16,18,4,24,12,10,14,9],[20,16,14,12,24,4,8,18,10,9],[20,4,24,16,18,8,12,10,14,13,9],[24,20,4,12,10,18,8,16,14,9],[12,16,10,14,20,4,24,8,18,9],[16,12,14,24,8,20,4,18,10],[24,16,4,12,14,20,8,18,10,13,9],[12,24,16,10,14,8,4,20,18,9],[16,12,10,14,8,4,20,24,18],[4,16,12,10,14,20,8,24,18,9],[16,12,10,14,4,20,24,8,18,13,9],[16,12,14,20,8,24,4,18,10,13,9],[8,4,20,24,16,18,12,10,14,9],[8,16,24,12,10,14,20,4,18,13,9],[16,24,4,12,14,8,20,18,10,9],[20,4,24,16,14,8,12,18,10,9],[20,8,16,18,12,14,24,4,10,13,9],[16,24,4,8,20,18,12,14,10,13,9],[8,4,24,16,20,18,12,14,10,13,9],[4,16,20,18,24,8,12,10,14,13,9],[24,20,16,14,4,12,8,18,10,13,9],[24,8,4,16,20,18,12,10,14,9],[24,8,12,4,16,10,14,20,18,9],[20,24,4,16,14,12,8,18,10],[16,20,14,24,8,12,4,18,10,9],[20,24,12,18,16,10,14,8,4],[8,16,12,14,4,20,24,18,10,13,9],[16,4,8,20,18,24,12,10,14,13,9],[12,20,10,18,8,4,24,16,14,13,9],[12,20,18,24,4,8,16,14,10,13,9],[24,12,16,10,14,4,20,8,18],[12,16,14,8,24,4,20,18,10,9],[8,24,12,16,10,14,20,4,18,13,9],[8,4,12,20,18,16,10,14,24,13,9],[12,24,4,16,10,14,8,20,18],[12,8,4,16,14,24,20,18,10,13,9],[4,24,16,8,12,14,20,18,10,9],[12,20,18,4,8,24,16,14,10],[8,12,16,10,14,20,4,24,18,9],[20,24,4,8,16,14,12,18,10,9],[12,16,14,4,24,8,20,18,10,13,9],[8,24,12,20,18,16,10,14,4],[4,24,20,8,16,18,12,14,10],[24,20,4,8,12,10,18,16,14,9],[24,4,8,20,16,18,12,10,14,9],[4,12,8,24,16,14,20,18,10],[16,4,24,20,14,8,12,18,10],[12,24,16,10,14,8,20,4,18,13,9],[16,24,4,20,18,8,12,14,10,9],[4,8,20,16,18,24,12,14,10,9],[12,16,14,8,24,4,20,18,10,9],[24,12,20,18,16,10,14,8,4,13,9],[8,12,4,24,16,10,14,20,18,9],[12,16,10,14,20,8,24,4,18,9],[20,16,14,24,8,12,4,18,10,13,9],[8,4,24,16,20,14,12,18,10,9],[8,12,20,10,18,4,16,14,24,9],[24,12,8,20,10,18,4,16,14,9],[12,24,20,10,18,16,14,4,8,13,9],[12,20,10,18,24,4,8,16,14,9],[4,12,24,20,10,18,16,14,8,9],[8,16,24,20,18,12,14,4,10,13,9],[12,20,10,18,8,16,14,24,4,9],[8,16,20,14,4,24,12,18,10],[24,12,16,14,8,20,4,18,10,9],[4,20,12,10,18,16,14,8,24,9],[12,4,8,24,20,18,16,10,14,9],[8,4,16,24,20,18,12,14,10,9],[4,20,8,24,16,18,12,14,10],[12,8,4,16,14,20,24,18,10,9],[20,24,8,4,16,14,12,18,10,9],[16,12,10,14,8,4,24,20,18],[20,8,24,4,16,18,12,10,14,13,9],[8,16,12,10,14,4,20,24,18,13,9],[20,4,16,14,12,24,8,18,10,9],[16,20,18,8,24,4,12,14,10,13,9],[12,8,20,18,16,10,14,4,24,13,9],[20,4,12,10,18,24,8,16,14,9],[16,4,8,12,10,14,20,24,18,9],[4,12,20,10,18,16,14,24,8,13,9],[4,16,8,24,12,14,20,18,10,9],[24,12,4,8,20,18,16,14,10,13,9],[24,8,20,16,14,12,4,18,10,13,9],[12,20,18,4,8,24,16,10,14,13,9],[4,8,12,24,20,10,18,16,14,13,9],[16,4,20,14,8,12,24,18,10,9],[4,20,16,18,8,24,12,14,10],[20,12,18,8,24,4,16,10,14,13,9],[16,4,12,10,14,8,20,24,18,13,9],[8,16,4,20,14,24,12,18,10,13,9],[8,16,12,10,14,24,20,4,18,13,9],[24,4,8,16,20,18,12,10,14],[12,4,8,24,16,10,14,20,18,9],[16,12,14,24,8,20,4,18,10,13,9],[24,12,4,16,14,8,20,18,10,13,9],[8,20,12,10,18,24,16,14,4,13,9],[24,12,16,14,20,8,4,18,10],[12,16,14,4,20,24,8,18,10,13,9],[24,8,20,16,14,12,4,18,10],[20,12,18,8,24,16,10,14,4],[24,20,4,16,18,8,12,10,14,13,9],[8,4,12,16,10,14,20,24,18,13,9],[24,8,12,20,10,18,16,14,4,13,9],[8,4,20,24,12,18,16,10,14,13,9],[8,24,16,12,14,4,20,18,10,9],[24,16,12,10,14,20,4,8,18,13,9],[20,16,18,24,12,10,14,8,4],[12,24,4,20,18,8,16,14,10],[8,4,16,20,14,24,12,18,10,13,9],[20,24,12,10,18,8,4,16,14,13,9],[24,12,20,10,18,4,8,16,14,13,9],[8,16,20,18,4,12,10,14,24],[12,8,24,16,10,14,20,4,18,9],[4,12,16,10,14,8,20,24,18,13,9],[20,8,24,16,18,12,14,4,10],[16,20,18,12,10,14,8,4,24,9],[16,12,10,14,8,24,20,4,18,13,9],[8,24,4,16,12,14,20,18,10,9],[4,20,16,14,24,12,8,18,10],[12,20,18,8,24,16,14,4,10,13,9],[16,20,18,12,10,14,24,8,4,13,9],[16,20,14,12,4,8,24,18,10],[12,16,10,14,4,20,24,8,18,9],[4,8,20,16,18,12,14,24,10,13,9],[24,4,12,16,14,8,20,18,10,9],[4,16,24,8,20,14,12,18,10,13,9],[24,12,20,10,18,16,14,4,8,9],[20,8,24,16,14,12,4,18,10,13,9],[12,24,8,16,10,14,4,20,18,9],[4,16,20,14,8,12,24,18,10,13,9],[4,20,16,18,8,12,10,14,24,13,9],[8,16,20,14,4,12,24,18,10,13,9],[4,8,20,16,18,12,10,14,24],[4,20,12,18,16,14,24,8,10,9],[20,8,16,18,4,24,12,10,14,13,9],[12,4,24,20,10,18,8,16,14,9],[8,4,16,20,14,24,12,18,10],[12,24,16,14,8,4,20,18,10,9],[12,20,18,16,10,14,8,4,24,13,9],[16,8,12,14,24,4,20,18,10,13,9],[20,8,16,18,24,12,14,4,10,13,9],[4,16,20,18,12,14,24,8,10],[12,16,10,14,8,4,20,24,18,9],[24,20,16,18,12,10,14,4,8,13,9],[12,8,20,10,18,4,16,14,24,9],[4,24,12,20,10,18,16,14,8,9],[16,20,14,4,12,24,8,18,10,13,9],[4,16,24,8,12,10,14,20,18,13,9],[12,16,14,20,8,24,4,18,10,13,9],[20,8,4,16,14,24,12,18,10,13,9],[4,20,16,18,24,8,12,10,14,13,9],[20,16,14,24,8,4,12,18,10,13,9],[12,16,10,14,20,4,8,24,18,9],[16,20,18,12,10,14,4,24,8,13,9],[20,24,12,10,18,16,14,4,8],[24,12,8,4,16,10,14,20,18,13,9],[8,12,20,10,18,24,4,16,14,13,9],[16,20,18,8,4,24,12,10,14,13,9],[8,4,16,20,18,24,12,14,10],[8,16,24,12,14,20,4,18,10,9],[8,24,20,4,12,18,16,10,14,9],[16,8,24,20,14,4,12,18,10,13,9],[8,24,12,16,14,4,20,18,10,13,9],[20,16,14,4,24,8,12,18,10,13,9],[4,8,20,12,18,16,14,24,10,13,9],[8,4,24,20,16,18,12,14,10,9],[8,20,4,16,14,24,12,18,10,13,9],[8,16,4,20,14,12,24,18,10,13,9],[8,12,24,4,20,18,16,14,10,13,9],[16,8,12,10,14,24,4,20,18],[8,12,20,18,4,16,10,14,24,13,9],[4,8,16,24,20,14,12,18,10,9],[20,12,18,16,10,14,24,4,8,9],[20,24,16,18,4,8,12,10,14,13,9],[24,16,4,20,18,8,12,14,10,13,9],[16,20,14,8,12,4,24,18,10,9],[4,16,12,10,14,8,24,20,18,9],[8,16,4,12,10,14,20,24,18,9],[20,12,18,8,16,14,24,4,10,13,9],[12,16,10,14,4,8,20,24,18,9],[4,20,16,14,24,8,12,18,10,13,9],[12,24,4,16,10,14,8,20,18,13,9],[20,16,14,8,4,12,24,18,10,13,9],[20,16,14,8,4,12,24,18,10,9],[20,12,18,4,24,8,16,10,14,9],[12,4,8,24,20,18,16,10,14,13,9],[8,20,4,12,18,24,16,14,10,9],[4,24,8,20,16,14,12,18,10,13,9],[4,24,20,16,18,12,10,14,8,9],[8,16,12,14,4,20,24,18,10,13,9],[16,12,14,4,20,24,8,18,10],[24,12,4,16,14,20,8,18,10],[16,8,24,20,14,12,4,18,10],[4,12,20,10,18,16,14,8,24],[8,12,24,4,20,10,18,16,14,9],[8,12,4,16,14,20,24,18,10],[16,4,8,12,10,14,24,20,18,9],[24,8,4,12,16,10,14,20,18],[24,20,12,18,16,14,8,4,10,9],[20,16,14,24,12,4,8,18,10,13,9],[8,24,4,20,16,18,12,10,14,9],[16,24,4,12,14,8,20,18,10,9],[16,4,8,24,12,10,14,20,18],[8,12,24,20,10,18,16,14,4],[20,8,16,14,24,12,4,18,10],[24,20,16,18,8,12,14,4,10],[16,8,12,14,4,24,20,18,10,13,9],[12,8,24,20,18,16,10,14,4,13,9],[20,16,14,24,8,12,4,18,10,9],[12,4,8,20,18,16,14,24,10,13,9],[24,16,20,14,8,4,12,18,10,13,9],[4,20,8,12,18,16,14,24,10,13,9],[8,20,4,12,18,16,14,24,10,13,9],[12,24,20,10,18,8,16,14,4,9],[12,8,24,4,16,14,20,18,10],[24,12,16,10,14,4,8,20,18,13,9],[20,16,18,8,12,10,14,4,24,13,9],[12,24,4,16,10,14,8,20,18],[24,16,8,4,20,14,12,18,10,13,9],[4,24,16,20,18,12,10,14,8,9],[8,4,24,16,20,14,12,18,10,13,9],[16,24,20,18,4,12,10,14,8,9],[16,12,10,14,20,8,24,4,18,13,9],[24,20,8,12,18,16,10,14,4,9],[20,12,18,4,16,14,8,24,10],[12,16,10,14,4,8,20,24,18],[16,24,8,4,20,14,12,18,10,9],[12,24,8,16,10,14,4,20,18,13,9],[12,16,10,14,24,20,4,8,18,9],[8,4,12,24,16,10,14,20,18],[20,16,18,4,12,10,14,24,8,9],[16,4,8,12,10,14,20,24,18,13,9],[20,24,16,18,8,12,14,4,10,9],[12,20,10,18,16,14,24,8,4,13,9],[8,12,16,10,14,4,24,20,18,9],[16,8,12,10,14,4,24,20,18,9],[24,4,12,16,10,14,20,8,18,13,9],[16,12,14,24,8,20,4,18,10,9],[12,8,16,10,14,24,4,20,18,13,9],[16,12,14,20,24,8,4,18,10],[20,4,8,16,14,12,24,18,10],[8,12,24,20,18,16,10,14,4,9],[20,4,12,18,16,10,14,8,24,13,9],[8,24,20,12,18,4,16,10,14,9],[20,4,16,14,8,12,24,18,10],[12,16,10,14,4,20,24,8,18,13,9],[24,12,16,14,20,4,8,18,10],[24,4,20,8,16,14,12,18,10,13,9],[4,20,24,8,12,10,18,16,14,13,9],[16,12,10,14,8,20,4,24,18],[24,20,8,4,12,18,16,10,14,9],[12,20,10,18,16,14,8,4,24,13,9],[16,20,18,24,12,10,14,4,8],[8,4,24,16,12,10,14,20,18,9],[12,20,18,16,14,8,24,4,10,9],[20,4,24,8,12,18,16,10,14],[12,20,18,24,8,4,16,10,14,9],[12,8,4,24,16,14,20,18,10],[4,8,12,24,20,10,18,16,14,9],[16,12,14,4,24,8,20,18,10,13,9],[16,20,14,4,8,24,12,18,10,9],[8,24,20,16,14,4,12,18,10,9],[8,12,4,20,18,24,16,10,14,9],[20,8,24,16,14,12,4,18,10,9],[4,24,16,20,18,12,10,14,8,9],[20,4,16,18,12,14,24,8,10,13,9],[8,12,4,24,16,14,20,18,10,13,9],[12,16,14,20,4,8,24,18,10],[24,20,16,18,8,4,12,14,10,9],[16,12,14,20,4,8,24,18,10],[12,8,24,16,10,14,4,20,18,9],[8,24,4,16,20,18,12,10,14,13,9],[20,24,8,4,16,14,12,18,10],[24,20,12,18,16,10,14,4,8],[12,20,10,18,24,16,14,4,8,9],[20,12,10,18,24,8,16,14,4,9],[8,12,20,18,16,10,14,4,24,13,9],[16,24,8,4,20,18,12,10,14,9],[20,4,24,16,18,12,10,14,8],[8,24,4,12,16,14,20,18,10,13,9],[8,12,20,18,24,4,16,14,10,9],[24,20,4,12,10,18,8,16,14,13,9],[20,12,10,18,16,14,8,24,4],[24,16,4,12,14,20,8,18,10,13,9],[16,8,12,14,4,24,20,18,10,13,9],[16,8,20,18,12,10,14,4,24,9],[24,12,4,8,16,14,20,18,10,9],[4,8,24,16,20,18,12,10,14],[8,24,4,20,16,18,12,14,10],[8,16,4,20,14,12,24,18,10,13,9],[4,24,16,20,14,8,12,18,10,9],[8,24,4,12,16,14,20,18,10,13,9],[8,24,12,20,18,4,16,10,14,13,9],[16,8,4,24,20,18,12,14,10,9],[4,24,16,20,14,8,12,18,10],[16,12,10,14,24,8,20,4,18],[12,16,10,14,24,8,4,20,18,9],[8,24,12,16,14,20,4,18,10],[24,12,20,10,18,4,16,14,8],[12,8,16,10,14,4,24,20,18,13,9],[24,12,16,10,14,8,20,4,18,9],[16,8,20,14,4,12,24,18,10,13,9],[8,24,12,4,20,10,18,16,14,13,9],[20,8,12,10,18,4,16,14,24,13,9],[4,16,8,20,18,24,12,10,14],[16,12,10,14,8,20,4,24,18,9],[24,8,4,12,16,14,20,18,10,13,9],[16,20,14,12,24,4,8,18,10,9],[20,24,16,18,8,12,10,14,4,13,9],[8,16,12,10,14,4,24,20,18,13,9],[4,24,8,12,20,18,16,10,14,13,9],[8,24,4,16,20,14,12,18,10,9],[16,12,14,4,24,8,20,18,10],[24,12,8,4,20,18,16,10,14,9],[16,4,20,14,24,12,8,18,10,9],[8,20,24,16,18,4,12,14,10,13,9],[4,24,20,16,18,8,12,14,10],[8,16,12,10,14,24,4,20,18],[12,20,18,8,16,14,4,24,10],[16,24,8,4,12,14,20,18,10,9],[20,16,18,8,12,14,24,4,10,9],[8,20,16,18,4,12,10,14,24,9],[16,20,18,4,12,10,14,24,8,13,9],[24,20,16,18,8,4,12,10,14,9],[24,16,8,4,20,18,12,14,10,13,9],[12,16,10,14,4,20,8,24,18,13,9],[20,8,24,4,12,10,18,16,14,13,9],[20,16,14,4,8,12,24,18,10,9],[20,12,18,8,16,10,14,24,4,13,9],[16,8,4,12,14,20,24,18,10,13,9],[4,8,24,16,12,10,14,20,18,13,9],[16,20,18,8,24,4,12,10,14,9],[24,12,8,20,18,4,16,14,10,9],[4,16,20,18,24,8,12,14,10],[24,8,20,12,18,16,14,4,10,9],[4,16,8,20,18,24,12,10,14],[8,4,12,20,18,24,16,10,14,13,9],[24,8,16,20,18,4,12,10,14,13,9],[8,20,12,10,18,24,16,14,4,9],[4,16,20,14,12,24,8,18,10],[4,12,16,10,14,20,8,24,18],[12,16,14,8,24,4,20,18,10],[24,16,4,20,14,8,12,18,10],[12,8,16,10,14,4,24,20,18,13,9],[16,8,24,12,10,14,20,4,18],[12,20,18,16,10,14,4,8,24],[16,20,14,12,8,24,4,18,10,13,9],[20,4,8,24,12,18,16,10,14,13,9],[4,24,8,20,12,18,16,10,14,9],[24,16,20,18,4,8,12,10,14,9],[4,24,12,20,10,18,16,14,8,13,9],[16,12,10,14,8,20,24,4,18,13,9],[4,8,24,12,16,14,20,18,10,9],[12,4,20,18,16,10,14,24,8,13,9],[12,4,20,10,18,24,16,14,8,13,9],[12,4,8,16,14,20,24,18,10,9],[16,4,8,24,20,18,12,14,10,13,9],[8,24,12,16,10,14,20,4,18,13,9],[4,24,8,12,20,10,18,16,14,9],[20,12,18,4,16,10,14,24,8],[12,20,18,8,4,16,14,24,10,9],[8,4,16,24,20,14,12,18,10,13,9],[8,4,16,24,12,14,20,18,10,9],[12,16,14,8,4,20,24,18,10,9],[24,8,20,12,10,18,16,14,4,13,9],[12,20,18,8,4,16,14,24,10],[8,20,12,10,18,4,16,14,24,9],[16,4,8,24,20,14,12,18,10],[20,4,16,18,24,8,12,10,14],[12,20,18,24,4,8,16,10,14,13,9],[16,8,12,10,14,20,24,4,18,13,9],[12,4,8,16,10,14,24,20,18,13,9],[4,12,8,24,16,10,14,20,18],[12,24,8,4,20,18,16,14,10,13,9],[24,16,12,10,14,20,8,4,18],[20,8,16,14,4,24,12,18,10],[8,16,24,12,10,14,20,4,18],[8,12,16,10,14,20,4,24,18,9],[12,8,20,10,18,16,14,24,4],[20,8,12,10,18,4,24,16,14,9],[8,4,24,20,16,18,12,14,10],[20,4,8,16,18,12,10,14,24,9],[4,16,12,14,24,8,20,18,10],[4,24,20,12,18,8,16,14,10,13,9],[4,20,8,16,14,24,12,18,10],[24,8,16,12,14,4,20,18,10,13,9],[20,4,16,18,24,8,12,14,10,13,9],[20,12,10,18,8,16,14,4,24,9],[8,16,24,4,12,14,20,18,10],[8,20,12,10,18,16,14,24,4],[16,24,4,12,10,14,8,20,18,13,9],[4,20,8,16,14,24,12,18,10,13,9],[12,4,24,8,20,18,16,14,10,13,9],[4,20,8,16,18,24,12,14,10,9],[4,8,16,20,14,12,24,18,10,9],[4,20,8,24,12,10,18,16,14,9],[24,20,8,4,12,18,16,10,14,13,9],[12,16,14,20,8,24,4,18,10,9],[4,24,12,16,14,20,8,18,10,13,9],[8,12,20,18,16,14,4,24,10,13,9],[16,20,14,24,8,4,12,18,10,13,9],[24,4,8,16,20,18,12,14,10,13,9],[24,4,12,8,16,10,14,20,18,13,9],[16,4,24,20,18,8,12,14,10,13,9],[8,16,12,14,24,4,20,18,10,13,9],[16,8,20,14,24,12,4,18,10],[12,16,10,14,20,4,24,8,18,9],[16,20,14,8,4,12,24,18,10,9],[4,12,20,10,18,16,14,24,8],[20,24,16,14,8,4,12,18,10,9],[8,16,20,18,4,12,10,14,24,9],[8,12,16,10,14,24,20,4,18,9],[24,8,20,12,18,16,10,14,4],[4,24,16,12,14,8,20,18,10,9],[20,24,12,10,18,8,4,16,14,9],[24,20,12,18,16,10,14,8,4],[20,16,18,8,24,4,12,10,14],[20,12,18,8,16,14,24,4,10,13,9],[4,20,12,10,18,24,16,14,8,9],[16,24,8,20,18,4,12,10,14,13,9],[8,20,4,16,14,24,12,18,10,9],[4,8,16,24,12,14,20,18,10,13,9],[4,12,16,14,20,8,24,18,10,9],[24,16,20,14,4,12,8,18,10,9],[4,12,24,20,10,18,16,14,8,9],[24,16,20,14,12,4,8,18,10,13,9],[20,16,18,24,4,8,12,14,10,13,9],[4,8,20,24,16,18,12,14,10,13,9],[16,12,10,14,4,24,8,20,18,9],[4,8,12,20,10,18,16,14,24,13,9],[20,4,12,10,18,8,24,16,14,13,9],[20,16,18,24,8,4,12,10,14,9],[16,4,8,12,10,14,20,24,18,9],[8,16,12,14,20,24,4,18,10,9],[24,4,12,8,16,14,20,18,10,13,9],[16,24,4,20,18,8,12,10,14,13,9],[8,24,4,12,20,10,18,16,14,13,9],[20,4,24,12,10,18,8,16,14],[20,12,18,8,24,16,14,4,10,9],[20,8,16,14,4,12,24,18,10],[24,8,12,16,10,14,4,20,18],[24,4,16,20,18,12,14,8,10,13,9],[20,4,24,12,10,18,16,14,8],[24,12,16,10,14,8,4,20,18],[12,20,18,16,10,14,4,8,24,9],[12,20,18,16,10,14,24,4,8,13,9],[16,4,8,12,14,24,20,18,10,13,9],[12,8,24,16,10,14,20,4,18,13,9],[12,16,14,4,24,20,8,18,10,9],[16,20,14,8,12,24,4,18,10,13,9],[12,20,10,18,24,4,8,16,14,13,9],[24,4,16,20,18,12,10,14,8],[12,24,20,18,8,4,16,10,14,9],[4,24,16,20,18,12,10,14,8,9],[8,20,12,10,18,4,16,14,24,13,9],[8,12,4,20,18,16,10,14,24,13,9],[24,4,8,12,20,18,16,14,10],[16,20,14,12,24,4,8,18,10,9],[20,16,14,8,24,12,4,18,10,9],[12,4,20,18,16,14,8,24,10,9],[24,20,8,16,18,12,14,4,10],[20,16,14,4,24,12,8,18,10,13,9],[20,8,12,10,18,16,14,24,4,9],[16,4,12,10,14,8,20,24,18,13,9],[16,8,12,14,20,4,24,18,10,9],[4,12,8,24,20,18,16,10,14],[8,4,12,24,16,14,20,18,10,9],[20,12,18,16,14,8,4,24,10,9],[24,12,4,16,14,20,8,18,10,9],[12,20,18,4,24,8,16,14,10,9],[24,12,16,10,14,8,20,4,18,9],[4,12,20,10,18,16,14,8,24,9],[8,20,4,24,16,14,12,18,10,9],[4,12,24,16,14,8,20,18,10,9],[8,24,20,4,16,14,12,18,10,9],[16,4,20,14,24,12,8,18,10],[16,4,24,8,20,18,12,10,14,13,9],[24,4,16,20,14,8,12,18,10,13,9],[24,4,20,16,14,12,8,18,10,13,9],[4,24,16,8,20,14,12,18,10],[8,12,24,16,14,4,20,18,10,9],[16,24,12,14,8,4,20,18,10,13,9],[8,4,16,24,20,14,12,18,10,9],[12,16,14,8,20,4,24,18,10,9],[12,24,8,4,20,10,18,16,14,13,9],[24,4,12,8,20,18,16,10,14],[24,20,8,4,16,14,12,18,10,13,9],[12,4,24,16,14,20,8,18,10],[16,8,4,12,14,24,20,18,10,13,9],[24,20,16,14,4,12,8,18,10,13,9],[4,16,8,24,20,18,12,14,10],[4,12,24,20,18,8,16,10,14,9],[24,20,4,16,14,8,12,18,10,9],[24,4,20,12,10,18,8,16,14],[12,4,24,20,18,8,16,10,14,13,9],[8,12,24,4,20,18,16,14,10,9],[16,20,14,24,12,8,4,18,10,13,9],[12,24,16,14,4,20,8,18,10,9],[8,20,4,16,14,24,12,18,10,13,9],[16,20,14,4,8,24,12,18,10,9],[4,12,8,16,14,24,20,18,10],[20,8,16,18,4,12,14,24,10,13,9],[20,12,10,18,8,4,16,14,24,9],[12,24,20,10,18,4,8,16,14,13,9],[20,16,18,12,14,24,4,8,10,13,9],[16,4,12,14,8,20,24,18,10,9],[12,20,10,18,4,16,14,8,24,13,9],[8,24,20,16,18,4,12,14,10,13,9],[12,16,10,14,4,8,24,20,18,13,9],[8,20,24,12,10,18,16,14,4,9],[20,12,18,4,16,10,14,8,24,13,9],[16,8,20,18,12,14,24,4,10,13,9],[8,12,20,10,18,24,4,16,14,13,9],[24,8,4,16,20,18,12,14,10,13,9],[16,8,24,4,12,14,20,18,10],[4,12,20,18,8,24,16,14,10,13,9],[16,12,10,14,20,8,4,24,18,9],[4,20,12,18,16,14,8,24,10],[4,16,20,18,12,10,14,8,24],[4,8,24,20,16,14,12,18,10,9],[4,16,8,20,14,12,24,18,10,13,9],[16,4,20,18,24,12,14,8,10,9],[12,4,24,20,18,16,14,8,10,13,9],[20,24,4,8,12,10,18,16,14,9],[20,12,18,24,16,10,14,8,4,9],[8,24,16,20,18,12,10,14,4,9],[24,16,12,14,4,8,20,18,10],[16,12,14,24,4,8,20,18,10,9],[20,16,14,24,4,12,8,18,10],[20,24,16,14,8,12,4,18,10,9],[24,20,8,12,10,18,16,14,4],[24,4,12,8,16,14,20,18,10,9],[24,8,20,12,18,16,14,4,10,9],[12,24,4,8,16,10,14,20,18,13,9],[20,8,4,12,18,24,16,14,10,9],[24,20,8,4,12,10,18,16,14,9],[12,4,16,10,14,20,8,24,18,13,9],[4,16,12,10,14,8,20,24,18,13,9],[4,24,16,12,14,8,20,18,10,13,9],[8,24,4,20,16,18,12,14,10,9],[4,12,16,10,14,8,24,20,18,9],[20,4,16,18,8,24,12,10,14,13,9],[8,16,12,10,14,24,4,20,18,9],[4,8,20,12,10,18,16,14,24,9],[20,24,12,10,18,8,16,14,4,13,9],[20,24,12,18,16,10,14,4,8,13,9],[12,16,10,14,8,24,20,4,18,13,9],[8,12,4,24,20,18,16,10,14,9],[8,24,20,4,12,10,18,16,14,9],[8,16,24,4,20,14,12,18,10],[8,20,12,10,18,24,16,14,4,13,9],[24,16,20,14,12,8,4,18,10,13,9],[20,24,8,16,18,12,10,14,4,13,9],[20,12,18,4,16,10,14,8,24,9],[20,16,18,24,12,10,14,8,4,13,9],[16,8,12,14,24,20,4,18,10,9],[20,12,18,4,8,16,14,24,10],[20,8,12,18,24,16,14,4,10,9],[16,24,4,20,18,8,12,14,10],[8,24,16,12,10,14,20,4,18,13,9],[8,16,20,18,12,10,14,24,4,13,9],[8,20,16,18,12,14,24,4,10,9],[8,12,24,4,20,18,16,10,14,13,9],[20,4,16,18,12,10,14,24,8,13,9],[20,24,4,12,10,18,8,16,14,13,9],[4,12,24,20,18,8,16,14,10,13,9],[12,16,14,24,20,8,4,18,10,13,9],[16,20,18,8,12,14,24,4,10,9],[8,4,20,16,18,12,10,14,24,9],[4,16,8,24,12,14,20,18,10,9],[20,8,16,14,24,4,12,18,10,13,9],[12,16,14,24,20,8,4,18,10,13,9],[12,24,16,14,8,20,4,18,10,9],[16,4,24,20,14,8,12,18,10,13,9],[16,8,12,10,14,24,4,20,18,9],[12,16,14,20,8,4,24,18,10,13,9],[16,12,14,24,4,8,20,18,10,9],[12,24,8,4,20,10,18,16,14,13,9],[4,20,16,14,24,8,12,18,10,9],[8,4,16,12,14,20,24,18,10,9],[16,24,20,18,4,12,10,14,8,13,9],[4,12,20,10,18,24,8,16,14,13,9],[4,24,16,12,14,8,20,18,10,9],[24,16,12,10,14,4,8,20,18,13,9],[16,12,10,14,24,8,4,20,18,9],[20,4,12,10,18,8,16,14,24,13,9],[20,4,8,16,18,24,12,14,10,13,9],[4,16,12,14,24,8,20,18,10,13,9],[24,8,20,16,18,4,12,14,10,13,9],[12,4,8,16,10,14,24,20,18],[4,12,24,8,20,18,16,14,10],[24,8,20,4,12,10,18,16,14,9],[20,24,8,4,16,18,12,14,10,9],[24,4,8,20,12,10,18,16,14,9],[12,4,16,10,14,24,8,20,18,13,9],[4,12,8,20,10,18,16,14,24,9],[8,24,12,20,10,18,16,14,4,9],[16,24,20,18,4,12,10,14,8,13,9],[8,4,12,24,16,10,14,20,18,13,9],[8,24,16,4,12,10,14,20,18,13,9],[20,4,12,10,18,24,8,16,14,9],[24,8,20,12,10,18,16,14,4],[24,8,4,12,20,10,18,16,14,13,9],[16,4,8,20,14,12,24,18,10,13,9],[20,12,18,4,24,8,16,14,10,13,9],[8,4,24,20,16,14,12,18,10,13,9],[8,4,20,16,14,12,24,18,10,9],[16,12,10,14,20,24,8,4,18,13,9],[20,16,18,24,8,4,12,14,10,13,9],[8,16,20,18,4,24,12,10,14,9],[4,24,20,16,18,8,12,14,10],[24,4,12,20,10,18,8,16,14,13,9],[20,8,12,10,18,4,16,14,24,13,9],[8,24,20,12,10,18,4,16,14,9],[12,24,16,14,20,4,8,18,10],[16,8,20,18,4,24,12,14,10,9],[16,12,10,14,4,24,8,20,18,13,9],[8,20,24,12,18,16,10,14,4],[12,20,10,18,8,4,24,16,14,9],[8,4,12,20,18,16,10,14,24],[12,4,16,10,14,20,24,8,18],[4,20,12,10,18,8,16,14,24,13,9],[20,4,12,10,18,8,16,14,24,13,9],[16,24,4,12,14,20,8,18,10,9],[8,4,16,20,14,24,12,18,10,13,9],[16,8,12,10,14,20,4,24,18,13,9],[12,24,8,16,10,14,4,20,18,9],[24,20,4,8,12,18,16,10,14,9],[8,16,12,14,20,24,4,18,10,13,9],[12,20,18,24,8,4,16,14,10],[16,20,18,8,12,14,4,24,10,13,9],[20,16,14,4,24,8,12,18,10,9],[12,24,8,4,20,18,16,14,10,13,9],[20,8,4,12,18,16,14,24,10,13,9],[12,4,24,20,10,18,8,16,14,9],[20,12,10,18,24,8,16,14,4,9],[16,8,12,14,24,4,20,18,10,13,9],[12,20,18,16,10,14,24,8,4,13,9],[4,8,20,24,16,18,12,10,14,13,9],[4,8,16,24,12,14,20,18,10,9],[16,8,20,14,24,4,12,18,10,9],[20,16,14,24,8,12,4,18,10,13,9],[4,8,16,12,14,20,24,18,10,13,9],[4,24,12,20,18,8,16,10,14,9],[4,24,12,8,20,18,16,10,14,9],[24,8,20,12,10,18,4,16,14,9],[20,12,18,24,4,16,14,8,10,13,9],[8,24,20,4,12,10,18,16,14,9],[24,20,12,10,18,16,14,8,4],[16,24,20,14,4,12,8,18,10,13,9],[4,12,20,18,16,14,24,8,10],[4,8,24,12,16,10,14,20,18,13,9],[8,24,16,4,20,18,12,14,10,13,9],[12,4,16,14,8,24,20,18,10,13,9],[12,20,10,18,24,4,16,14,8,9],[16,20,14,4,8,24,12,18,10,13,9],[8,4,12,16,14,24,20,18,10,13,9],[16,12,14,20,4,24,8,18,10,9],[8,12,16,14,4,24,20,18,10,13,9],[20,16,18,24,12,10,14,4,8,13,9],[4,12,8,16,10,14,20,24,18,13,9],[24,4,8,20,16,18,12,14,10,13,9],[12,4,8,24,20,18,16,10,14,9],[20,12,10,18,24,8,16,14,4,9],[4,20,16,18,12,10,14,24,8,9],[4,20,24,8,16,18,12,14,10,13,9],[20,8,16,18,12,10,14,4,24,13,9],[24,8,12,20,18,16,10,14,4,9],[20,24,4,8,16,18,12,14,10],[16,20,14,4,12,24,8,18,10,9],[20,8,12,10,18,16,14,4,24,13,9],[24,20,12,10,18,4,8,16,14,13,9],[8,24,12,4,20,10,18,16,14,13,9],[12,16,10,14,24,4,8,20,18,13,9],[24,16,12,14,20,8,4,18,10,13,9],[4,12,16,10,14,8,20,24,18,9],[20,8,4,12,10,18,24,16,14],[24,16,20,18,12,10,14,8,4,13,9],[8,12,24,4,20,18,16,10,14,13,9],[16,8,12,10,14,20,4,24,18,9],[20,12,10,18,24,8,16,14,4,9],[8,20,12,18,4,16,10,14,24],[24,20,12,10,18,16,14,4,8,13,9],[16,4,8,12,14,24,20,18,10],[16,4,8,12,10,14,24,20,18],[16,20,14,4,8,24,12,18,10],[8,20,4,16,18,24,12,10,14,13,9],[12,8,24,16,10,14,4,20,18],[12,4,16,10,14,8,20,24,18,13,9],[16,20,18,24,4,8,12,14,10,13,9],[16,20,18,12,10,14,4,24,8,13,9],[24,20,8,16,18,4,12,14,10,9],[4,16,8,24,12,14,20,18,10],[24,8,16,4,20,14,12,18,10],[24,4,20,12,18,8,16,14,10,9],[24,4,8,16,20,14,12,18,10],[24,8,16,20,14,12,4,18,10,13,9],[12,16,10,14,4,24,20,8,18],[4,24,12,20,18,8,16,14,10,13,9],[8,24,12,20,10,18,4,16,14,9],[12,24,20,18,4,8,16,10,14,9],[12,4,20,10,18,16,14,8,24,9],[24,12,16,14,4,8,20,18,10,9],[16,20,14,12,4,24,8,18,10],[20,24,4,8,12,10,18,16,14],[24,12,20,18,16,14,4,8,10,9],[16,8,20,18,4,24,12,10,14,13,9],[16,24,12,10,14,8,20,4,18,13,9],[12,4,24,20,10,18,8,16,14,9],[12,8,16,10,14,4,24,20,18],[12,8,4,16,10,14,24,20,18,9],[16,4,12,10,14,8,20,24,18,13,9],[20,16,18,8,12,14,24,4,10,9],[4,24,16,8,12,10,14,20,18,9],[4,20,8,24,12,18,16,14,10,13,9],[16,8,20,18,12,14,24,4,10,9],[12,8,16,10,14,20,4,24,18,9],[16,8,20,14,24,12,4,18,10,9],[4,16,12,14,24,20,8,18,10,13,9],[8,20,16,14,24,12,4,18,10],[4,8,16,12,14,24,20,18,10],[12,8,16,14,20,24,4,18,10,13,9],[16,20,18,12,14,24,8,4,10,9],[8,24,12,20,18,4,16,10,14,9],[4,16,20,18,24,12,14,8,10,13,9],[24,8,20,16,18,4,12,10,14,13,9],[12,8,24,4,20,18,16,14,10,9],[4,20,12,18,8,16,14,24,10,9],[20,16,14,12,8,4,24,18,10,13,9],[20,8,24,12,18,16,10,14,4,9],[12,8,20,18,4,16,14,24,10,9],[8,16,20,14,12,24,4,18,10,9],[4,8,16,24,12,14,20,18,10,13,9],[20,4,16,18,8,12,10,14,24],[8,16,24,20,14,12,4,18,10,13,9],[16,24,20,18,12,14,4,8,10,9],[12,4,24,16,10,14,20,8,18],[8,12,16,14,4,20,24,18,10,9],[24,20,8,12,10,18,16,14,4,13,9],[16,20,18,4,8,24,12,10,14,13,9],[8,20,4,16,18,12,14,24,10],[12,4,20,10,18,16,14,8,24,9],[24,4,8,20,12,18,16,14,10,9],[24,16,4,12,14,20,8,18,10,13,9],[16,20,14,8,4,24,12,18,10,13,9],[4,16,20,18,12,14,8,24,10,13,9],[24,8,16,20,14,12,4,18,10,9],[16,8,12,14,4,20,24,18,10,9],[16,8,20,18,12,14,4,24,10],[20,12,18,16,10,14,24,4,8],[16,12,14,8,20,24,4,18,10,13,9],[12,4,24,8,20,18,16,14,10],[8,20,12,18,4,24,16,10,14,9],[12,8,20,10,18,24,16,14,4,13,9],[8,4,16,20,14,24,12,18,10,13,9],[4,8,16,12,14,24,20,18,10],[24,20,8,4,12,18,16,10,14,13,9],[4,8,16,12,14,20,24,18,10],[4,12,24,16,10,14,8,20,18,13,9],[8,20,4,16,18,12,10,14,24,13,9],[4,20,16,18,12,14,24,8,10,9],[4,24,12,8,16,10,14,20,18,9],[24,20,16,18,8,4,12,10,14,9],[20,12,18,8,4,24,16,10,14,13,9],[12,20,18,24,8,4,16,10,14,13,9],[12,20,18,16,10,14,8,4,24,13,9],[12,16,10,14,20,8,4,24,18,9],[8,4,16,12,14,20,24,18,10,9],[8,4,24,12,16,10,14,20,18,9],[16,4,24,20,18,12,14,8,10],[24,20,12,18,4,8,16,14,10],[4,8,24,20,16,18,12,14,10],[24,8,16,4,12,14,20,18,10,13,9],[8,12,16,10,14,24,4,20,18,13,9],[12,16,14,4,8,24,20,18,10,9],[24,16,4,8,12,14,20,18,10],[24,8,20,4,16,18,12,14,10],[20,24,16,18,12,10,14,8,4,9],[12,20,18,4,16,10,14,24,8,13,9],[20,12,18,8,24,16,14,4,10,9],[20,12,18,24,4,8,16,14,10,9],[24,16,12,14,8,20,4,18,10,13,9],[8,4,24,20,12,10,18,16,14],[24,16,8,4,20,14,12,18,10,9],[12,16,10,14,4,20,8,24,18,13,9],[8,16,12,14,20,24,4,18,10],[16,24,12,10,14,20,8,4,18,13,9],[16,20,14,24,4,12,8,18,10]],"n_human":11}