{"problem_id":"CSVWeBVBrMi4BHM","sigma":150,"alpha":0.316,"cost":8,"probabilities":"[0.1699999999999999, 0.28, 0.38, 0.17]","payoff_matrix":"[[89, -121, -160, -74, -372, 19], [73, -29, -42, 58, 259, 47], [-21, -56, 35, 98, 58, 29], [-187, 210, 66, -110, -151, -174]]","uncovered":[[23,19,3,11,15,14,7,18],[3,23,11,7,19,15,14,18],[7,3,15,11,19,18],[11,23,15,3,19,14,7,18],[3,23,19,7,15,18],[19,23,7,15,14,11,3,18],[7,11,15,23,3,19,18],[15,3,19,18],[11,15,19,14,23,7,3,18],[7,15,23,11,3,19,18],[3,19,15,14,7,11,23,18],[15,11,23,19,14,3,7,18],[11,7,3,23,19,15,14,18],[15,19,18],[23,7,11,19,15,14,3,18],[7,15,11,23,19,18],[19,11,7,15,14,3,23,18],[15,11,7,3,23,19,18],[19,15,18],[19,3,7,11,15,14,23,18],[7,23,15,3,11,19,18],[7,3,11,23,15,19,14,18],[3,19,7,23,15,18],[19,7,23,3,15,18],[15,3,19,14,7,23,11,18],[19,23,15,18],[23,19,3,15,14,7,11,18],[15,19,14,3,7,11,23,18],[11,19,7,15,14,23,3,18],[15,19,18],[23,15,7,11,19,18],[15,3,23,11,7,19,14,18],[11,7,15,3,23,19,18],[23,19,3,11,7,15,18],[3,23,11,7,15,19,14,18],[19,23,7,11,15,14,3,18],[3,23,15,19,18],[3,15,23,7,11,19,14,18],[15,23,7,3,11,19,18],[15,7,23,11,19,14,3,18],[23,7,15,19,18],[11,15,23,7,19,14,3,18],[15,23,11,19,14,3,7,18],[11,7,19,15,14,23,3,18],[23,7,11,3,19,15,14,18],[3,23,7,19,11,15,18],[19,3,7,23,11,15,18],[15,19,18],[19,23,11,3,15,18],[3,23,11,19,7,15,14,18],[3,7,23,11,19,15,18],[15,19,14,7,11,23,3,18],[7,19,11,3,15,18],[11,7,3,15,19,14,23,18],[3,15,7,23,11,19,18],[3,23,19,15,14,11,7,18],[15,11,19,14,3,7,23,18],[11,15,3,23,19,14,7,18],[19,3,15,14,23,11,7,18],[19,3,11,7,15,14,23,18],[7,23,15,3,19,14,11,18],[23,19,7,11,15,18],[7,23,15,11,3,19,18],[7,11,19,23,3,15,18],[3,19,7,15,18],[7,11,15,23,19,14,3,18],[7,3,15,11,19,18],[7,3,23,11,15,19,14,18],[15,11,19,18],[7,15,23,19,18],[3,7,23,15,19,18],[3,19,15,18],[7,15,11,3,23,19,18],[15,3,23,11,7,19,14,18],[11,23,7,19,3,15,18],[3,7,23,19,11,15,18],[23,7,15,11,3,19,14,18],[3,23,19,7,15,14,11,18],[11,15,19,18],[7,3,11,15,23,19,18],[11,15,23,19,14,3,7,18],[19,15,18],[19,11,7,15,18],[7,15,3,11,19,18],[7,23,19,11,3,15,14,18],[23,7,3,11,15,19,18],[11,3,7,19,15,18],[11,23,19,7,15,14,3,18],[3,19,23,11,15,14,7,18],[15,19,18],[19,15,18],[7,19,11,3,23,15,14,18],[3,11,15,19,18],[7,15,19,14,11,23,3,18],[23,15,19,18],[23,7,19,3,11,15,14,18],[15,7,11,19,18],[3,19,23,11,7,15,18],[11,7,15,23,3,19,14,18],[23,11,19,3,15,18],[15,11,23,3,19,18],[7,19,23,11,3,15,18],[3,23,19,11,15,18],[11,23,7,3,15,19,14,18],[23,19,3,11,15,18],[15,3,11,19,14,23,7,18],[11,3,15,7,19,14,23,18],[15,7,3,11,23,19,18],[7,3,11,23,19,15,14,18],[11,7,23,19,15,14,3,18],[11,3,23,15,19,14,7,18],[23,3,7,11,19,15,14,18],[23,11,3,15,19,18],[23,3,11,7,19,15,18],[3,7,15,23,19,18],[11,23,7,3,15,19,14,18],[15,11,3,19,18],[15,19,18],[3,19,11,7,23,15,18],[23,11,7,15,3,19,14,18],[7,11,23,3,19,15,18],[11,15,7,19,18],[7,19,3,23,15,14,11,18],[3,19,23,11,15,14,7,18],[11,15,23,19,14,3,7,18],[7,11,23,15,3,19,14,18],[15,19,14,11,23,7,3,18],[7,3,15,23,11,19,14,18],[19,23,11,7,15,18],[19,11,7,15,18],[19,11,3,23,15,18],[19,23,15,18],[19,15,18],[19,7,3,23,15,14,11,18],[7,11,15,3,19,14,23,18],[3,11,7,19,23,15,18],[3,15,23,7,11,19,14,18],[23,15,19,14,3,11,7,18],[3,15,19,18],[23,7,19,15,18],[3,7,23,11,15,19,18],[11,15,7,3,23,19,18],[11,7,19,15,14,3,23,18],[3,19,23,11,7,15,14,18],[7,3,15,19,14,11,23,18],[7,15,19,14,3,23,11,18],[3,19,7,15,18],[7,19,23,3,15,18],[7,19,3,23,11,15,18],[7,23,19,15,14,3,11,18],[11,7,19,15,18],[23,7,11,3,19,15,18],[19,23,3,7,11,15,14,18],[19,15,14,23,11,3,7,18],[11,3,23,15,19,14,7,18],[7,15,11,3,19,14,23,18],[23,3,19,11,7,15,18],[11,19,23,15,14,7,3,18],[3,23,19,7,11,15,14,18],[23,15,7,11,19,18],[3,23,15,7,11,19,18],[11,3,7,23,15,19,18],[7,23,11,3,15,19,18],[7,15,3,19,14,23,11,18],[7,19,3,15,18],[15,23,7,19,14,11,3,18],[11,7,15,3,19,14,23,18],[3,15,11,23,19,18],[11,19,23,15,18],[23,15,7,11,19,18],[7,23,3,11,19,15,14,18],[19,15,14,7,11,23,3,18],[3,15,7,19,18],[23,11,15,19,14,7,3,18],[23,3,15,11,7,19,14,18],[3,11,19,7,15,14,23,18],[15,7,19,18],[19,7,15,18],[15,3,11,19,18],[7,3,15,19,18],[11,3,15,23,7,19,18],[23,7,19,3,11,15,18],[7,11,23,3,15,19,18],[19,23,11,7,15,14,3,18],[7,3,19,15,14,23,11,18],[23,19,3,15,14,7,11,18],[19,15,18],[15,23,3,7,11,19,14,18],[23,7,3,11,19,15,14,18],[3,11,15,23,7,19,18],[3,19,7,15,18],[19,3,15,18],[23,19,11,7,15,14,3,18],[19,3,23,7,15,18],[11,19,3,23,7,15,14,18],[3,19,11,7,15,14,23,18],[7,3,19,15,14,23,11,18],[7,15,23,3,19,18],[7,11,19,3,23,15,18],[23,15,11,19,14,7,3,18],[11,15,23,19,18],[3,11,15,7,19,18],[3,11,15,23,7,19,18],[23,3,19,7,15,18],[11,7,19,23,15,14,3,18],[3,7,19,15,14,11,23,18],[3,23,15,19,14,11,7,18],[7,11,15,19,14,23,3,18],[23,19,15,14,7,11,3,18],[7,15,19,14,3,23,11,18],[15,19,18],[19,7,15,14,11,23,3,18],[3,23,19,15,14,11,7,18],[11,19,23,7,15,14,3,18],[23,19,3,11,15,18],[3,11,15,19,18],[19,7,3,11,23,15,14,18],[3,15,19,14,11,7,23,18],[3,15,11,7,23,19,18],[19,11,23,15,14,7,3,18],[11,3,23,7,19,15,14,18],[11,15,23,19,18],[3,23,11,7,15,19,14,18],[19,11,15,14,23,3,7,18],[7,15,23,3,19,14,11,18],[11,19,23,15,18],[11,19,15,18],[19,23,11,15,18],[15,19,18],[23,11,15,3,7,19,14,18],[23,3,19,7,15,18],[19,23,7,3,15,14,11,18],[19,15,18],[23,19,3,11,7,15,14,18],[23,19,11,7,15,18],[3,19,11,7,23,15,14,18],[23,7,3,19,11,15,14,18],[23,19,7,11,3,15,14,18],[11,19,15,14,3,23,7,18],[23,15,11,19,18],[3,23,11,19,15,18],[23,3,19,15,18],[23,19,7,11,3,15,18],[11,23,15,3,19,18],[3,19,23,11,15,14,7,18],[19,23,11,3,15,14,7,18],[7,23,3,11,15,19,18],[11,19,7,23,15,14,3,18],[11,7,15,3,23,19,14,18],[3,23,7,11,19,15,18],[3,15,7,19,14,11,23,18],[15,7,11,3,19,18],[15,19,18],[7,3,15,23,11,19,18],[23,19,15,18],[15,23,11,19,14,7,3,18],[15,23,3,11,7,19,18],[23,7,19,11,15,18],[7,11,3,19,23,15,14,18],[3,7,11,23,19,15,14,18],[3,15,19,18],[11,23,3,19,7,15,18],[7,23,19,15,18],[7,19,11,23,15,14,3,18],[23,15,7,19,18],[3,11,15,23,19,18],[19,23,15,14,11,7,3,18],[15,7,11,3,23,19,18],[7,3,15,23,11,19,14,18],[19,23,15,18],[19,7,11,3,15,14,23,18],[11,3,23,19,7,15,18],[23,19,3,7,15,18],[3,7,19,23,15,14,11,18],[15,7,3,11,19,14,23,18],[7,15,11,3,23,19,14,18],[23,7,19,11,15,14,3,18],[11,7,19,23,3,15,18],[15,7,19,14,23,11,3,18],[19,11,23,7,3,15,14,18],[11,19,15,18],[7,23,19,11,15,18],[19,23,7,15,18],[15,3,11,23,7,19,18],[7,11,3,23,19,15,14,18],[3,23,11,19,15,18],[11,3,15,23,7,19,18],[23,19,11,15,14,7,3,18],[11,15,3,23,19,18],[3,11,7,19,15,14,23,18],[3,11,15,23,7,19,14,18],[7,11,15,19,18],[19,7,11,23,3,15,18],[23,3,11,19,7,15,14,18],[3,23,19,7,15,18],[11,7,3,23,19,15,14,18],[11,3,7,23,15,19,18],[19,23,7,15,18],[3,7,11,19,23,15,14,18],[19,7,3,11,15,14,23,18],[15,3,23,19,18],[23,15,19,14,3,11,7,18],[3,11,19,7,15,18],[7,15,19,18],[7,3,23,15,11,19,14,18],[15,3,11,23,7,19,14,18],[3,15,7,11,23,19,18],[23,3,7,19,11,15,18],[19,11,23,15,18],[15,7,23,19,14,3,11,18],[19,11,15,18],[7,23,19,11,3,15,18],[3,23,11,7,15,19,14,18],[19,7,15,14,23,3,11,18],[23,7,3,15,19,18],[23,11,7,3,19,15,18],[7,23,15,11,3,19,14,18],[23,3,15,11,19,18],[23,11,19,15,18],[3,7,23,15,19,18],[23,11,15,19,14,3,7,18],[3,23,7,19,11,15,14,18],[15,19,14,23,3,11,7,18],[11,19,3,15,14,23,7,18],[7,15,19,18],[15,23,19,18],[23,7,3,11,15,19,14,18],[3,23,7,19,11,15,14,18],[3,11,19,23,7,15,14,18],[3,11,19,7,15,14,23,18],[19,7,11,3,15,18],[15,3,23,19,18],[11,7,3,15,23,19,14,18],[11,23,3,7,19,15,14,18],[11,15,23,7,3,19,14,18],[15,7,3,11,19,18],[11,7,3,15,19,18],[3,23,11,15,7,19,14,18],[23,15,11,19,18],[15,3,7,11,19,18],[23,15,7,11,3,19,18],[19,15,14,7,11,23,3,18],[3,23,11,7,19,15,14,18],[15,11,23,7,19,18],[23,7,19,15,14,3,11,18],[23,7,3,19,15,18],[23,19,15,14,3,11,7,18],[3,19,11,15,18],[23,11,7,3,19,15,18],[7,19,15,18],[11,15,19,18],[15,23,7,19,18],[7,23,11,19,3,15,14,18],[15,7,23,11,19,18],[11,7,23,3,15,19,14,18],[19,23,11,3,7,15,18],[15,3,23,19,14,11,7,18],[3,19,15,18],[3,23,11,15,19,18],[19,15,14,23,3,7,11,18],[7,3,19,15,18],[7,11,23,15,3,19,14,18],[23,11,3,15,7,19,18],[3,19,23,15,18],[3,19,23,11,15,18],[7,11,3,19,15,18],[23,7,3,11,15,19,14,18],[3,11,15,7,19,14,23,18],[19,7,11,23,15,18],[3,19,15,18],[11,19,7,15,14,23,3,18],[11,3,19,7,23,15,18],[15,11,19,18],[23,11,19,3,15,14,7,18],[7,11,23,19,3,15,14,18],[7,3,19,23,15,14,11,18],[7,19,15,18],[3,11,15,19,14,7,23,18],[23,7,15,11,19,14,3,18],[7,23,3,19,15,14,11,18],[7,23,15,3,19,14,11,18],[7,15,11,19,18],[19,3,15,14,23,7,11,18],[11,3,23,15,19,14,7,18],[15,7,19,18],[15,3,23,7,19,14,11,18],[15,7,23,3,11,19,18],[15,23,19,18],[19,3,11,23,15,18],[23,7,11,15,19,14,3,18],[23,19,15,18],[15,23,11,7,19,14,3,18],[7,11,23,19,3,15,14,18],[15,7,3,19,14,23,11,18],[7,3,11,23,19,15,18],[7,23,15,19,18],[15,23,19,14,3,11,7,18],[23,7,11,15,3,19,18],[19,11,7,3,23,15,14,18],[11,3,15,7,23,19,14,18],[23,3,7,15,11,19,14,18],[23,19,15,14,7,3,11,18],[19,15,18],[11,19,15,18],[3,11,7,15,19,18],[19,3,15,18],[3,7,11,15,19,14,23,18],[3,7,11,15,23,19,14,18],[19,7,15,18],[19,3,11,7,23,15,14,18],[7,23,11,19,3,15,14,18],[3,19,11,7,15,14,23,18],[11,15,19,14,23,3,7,18],[19,7,15,18],[7,11,23,3,19,15,14,18],[11,7,23,19,15,18],[7,23,15,11,3,19,18],[15,7,3,23,19,14,11,18],[23,3,19,7,15,14,11,18],[7,19,3,23,11,15,18],[11,3,7,23,19,15,18],[19,15,18],[3,19,23,7,11,15,18],[15,19,14,3,23,7,11,18],[11,19,3,7,15,14,23,18],[19,11,3,23,7,15,18],[19,15,14,11,23,3,7,18],[3,19,7,15,14,11,23,18],[7,23,15,3,19,18],[23,15,19,18],[15,19,18],[11,19,7,3,23,15,14,18],[11,7,19,15,14,3,23,18],[15,19,14,23,7,11,3,18],[11,7,23,15,19,14,3,18],[15,7,23,19,14,11,3,18],[11,23,15,19,18],[11,3,23,15,7,19,14,18],[3,11,15,19,18],[3,19,7,15,18],[7,3,19,23,11,15,14,18],[19,11,7,3,23,15,18],[3,15,7,19,14,11,23,18],[19,3,11,7,15,18],[23,11,7,15,19,14,3,18],[19,3,11,7,23,15,14,18],[23,19,15,14,3,11,7,18],[7,15,19,14,11,23,3,18],[11,3,23,19,15,18],[23,11,19,3,15,18],[7,11,23,19,3,15,18],[3,11,23,19,15,14,7,18],[7,3,23,15,19,18],[19,23,3,15,18],[11,7,19,23,3,15,18],[23,15,3,11,7,19,18],[19,15,14,23,3,7,11,18],[3,15,11,7,19,18],[19,3,23,11,7,15,14,18],[11,19,23,7,15,18],[15,11,7,19,18],[19,7,23,3,11,15,18],[23,7,19,3,11,15,18],[19,11,3,23,7,15,14,18],[19,3,15,18],[11,3,7,23,15,19,18],[3,23,15,19,18],[19,11,23,15,18],[19,23,15,18],[19,7,3,23,11,15,18],[7,11,3,19,23,15,14,18],[11,7,19,15,18],[15,23,7,19,14,11,3,18],[23,15,11,3,19,18],[23,7,11,19,15,18],[7,23,3,11,15,19,14,18],[23,11,19,3,7,15,18],[23,15,19,14,3,7,11,18],[15,19,14,11,23,3,7,18],[15,11,7,23,19,18],[19,7,11,15,14,23,3,18],[23,15,3,7,19,18],[3,23,15,7,11,19,14,18],[3,19,23,15,14,11,7,18],[11,23,15,3,7,19,18],[15,7,11,19,14,3,23,18],[15,19,14,11,7,3,23,18],[3,11,23,7,15,19,14,18],[19,15,18],[15,7,11,23,3,19,18],[11,19,7,23,15,14,3,18],[23,3,15,7,11,19,18],[19,23,11,15,18],[23,3,15,11,7,19,14,18],[15,19,18],[19,15,14,3,23,7,11,18],[7,15,19,14,23,3,11,18],[19,7,23,15,14,3,11,18],[15,3,7,11,23,19,18],[15,23,7,19,18],[7,11,19,3,23,15,18],[15,3,11,19,14,7,23,18],[3,23,11,7,19,15,18],[11,7,23,3,15,19,14,18],[19,3,11,15,14,23,7,18],[11,3,23,7,15,19,18],[23,7,19,15,18],[23,15,3,19,14,11,7,18],[3,7,19,23,11,15,14,18],[19,3,11,15,14,23,7,18],[7,15,11,19,18],[15,23,11,3,7,19,14,18],[19,7,11,3,15,18],[19,3,15,18],[11,3,23,7,19,15,18],[11,3,7,23,19,15,18],[15,19,18],[11,15,19,14,7,3,23,18],[11,15,7,23,19,14,3,18],[19,11,23,7,3,15,14,18],[3,7,11,15,23,19,14,18],[19,7,11,15,18],[15,3,11,19,18],[11,23,3,19,7,15,18],[15,11,23,19,14,3,7,18],[15,23,11,7,19,18],[7,3,19,23,15,18],[3,7,19,23,15,18],[7,3,11,15,23,19,18],[3,15,19,14,11,23,7,18],[3,23,11,19,7,15,18],[7,11,23,19,3,15,18],[19,3,15,18],[7,19,3,11,23,15,14,18],[11,7,23,3,15,19,18],[3,15,11,23,19,14,7,18],[11,3,7,23,19,15,14,18],[23,3,19,11,7,15,18],[7,19,3,23,11,15,18],[23,15,7,3,11,19,14,18],[15,7,19,18],[15,11,23,3,19,14,7,18],[7,23,11,19,3,15,14,18],[7,19,3,11,15,18],[11,15,7,3,19,18],[7,23,19,11,3,15,18],[3,23,19,15,18],[3,7,19,11,15,14,23,18],[3,19,15,18],[3,11,15,23,7,19,14,18],[7,19,15,18],[3,15,7,19,14,11,23,18],[15,7,3,19,18],[11,19,23,3,15,18],[15,7,19,14,3,11,23,18],[15,7,19,14,3,23,11,18],[3,15,11,7,19,18],[15,19,18],[19,3,11,15,18],[11,3,23,15,19,14,7,18],[15,19,14,11,23,7,3,18],[23,3,15,11,19,18],[7,3,11,23,19,15,14,18],[15,7,11,23,3,19,14,18],[15,3,23,7,19,18],[15,23,7,11,19,14,3,18],[11,19,3,7,15,14,23,18],[23,3,11,7,19,15,14,18],[23,3,7,19,15,18],[3,15,7,23,19,14,11,18],[19,3,15,14,23,7,11,18],[23,7,3,11,19,15,18],[19,7,15,18],[11,23,7,15,19,18],[3,23,19,11,15,18],[3,23,11,15,19,18],[7,15,23,3,11,19,14,18],[11,23,7,15,3,19,14,18],[7,3,23,19,15,14,11,18],[19,15,18],[19,23,15,18],[3,23,7,11,19,15,18],[3,19,15,14,7,23,11,18],[3,7,19,23,15,14,11,18],[15,19,18],[7,19,15,18],[23,15,11,19,14,3,7,18],[3,19,23,15,18],[23,15,19,14,11,3,7,18],[3,7,19,23,15,18],[23,11,19,3,7,15,18],[19,7,3,15,18],[15,3,7,11,23,19,18],[23,7,3,15,19,18],[11,7,23,19,3,15,18],[23,3,11,7,19,15,14,18],[11,7,23,19,3,15,14,18],[11,19,3,7,15,18],[15,11,19,14,23,7,3,18],[15,11,23,7,19,18],[11,7,3,15,23,19,14,18],[7,23,11,19,3,15,18],[23,11,15,19,18],[19,11,3,23,15,14,7,18],[3,11,23,7,15,19,14,18],[19,15,18],[7,11,19,15,14,3,23,18],[15,19,14,11,7,3,23,18],[3,19,15,18],[11,3,19,15,14,23,7,18],[3,15,19,18],[7,3,23,15,19,18],[11,15,19,14,23,7,3,18],[3,7,23,15,11,19,14,18],[11,23,19,3,7,15,14,18],[19,7,23,15,18],[7,19,15,18],[3,23,15,11,7,19,14,18],[19,3,11,7,15,18],[11,3,23,15,19,14,7,18],[23,19,11,7,3,15,18],[11,19,7,23,3,15,14,18],[23,11,7,3,19,15,14,18],[19,15,14,23,3,7,11,18],[15,7,19,18],[3,7,15,11,19,18],[23,3,19,7,15,18],[7,11,19,3,23,15,18],[3,23,19,11,7,15,14,18],[23,7,3,11,15,19,18],[19,11,7,23,3,15,14,18],[7,19,11,23,3,15,14,18],[19,7,3,11,15,18],[7,11,23,3,19,15,18],[7,11,15,19,14,3,23,18],[15,23,7,19,18],[19,23,15,14,11,7,3,18],[7,15,19,18],[15,3,11,19,14,7,23,18],[3,19,7,11,23,15,18],[15,19,14,11,7,3,23,18],[7,3,11,15,23,19,14,18],[23,3,7,19,11,15,18],[19,15,18],[15,19,18],[19,3,11,15,14,7,23,18],[23,15,11,3,7,19,14,18],[15,23,19,18],[11,7,15,3,19,14,23,18],[11,3,19,7,23,15,18],[23,7,15,3,19,18],[23,19,15,18],[3,11,23,19,15,14,7,18],[3,19,11,7,15,18],[3,23,11,7,19,15,14,18],[23,19,11,3,7,15,18],[11,23,3,15,7,19,18],[15,11,3,23,19,18],[3,23,7,11,19,15,14,18],[3,7,19,23,15,14,11,18],[23,3,11,19,15,18],[15,23,3,19,14,7,11,18],[3,23,7,15,11,19,14,18],[15,23,11,19,18],[15,11,3,23,7,19,18],[15,7,11,23,19,14,3,18],[23,19,15,14,11,3,7,18],[23,7,19,3,11,15,18],[7,23,19,3,15,14,11,18],[15,19,14,11,23,7,3,18],[15,11,19,18],[3,19,15,14,11,7,23,18],[23,19,7,3,15,14,11,18],[3,23,11,7,19,15,14,18],[23,7,11,3,15,19,18],[11,19,3,23,7,15,14,18],[15,23,3,19,18],[11,3,7,15,23,19,14,18],[3,23,7,15,19,18],[3,15,11,7,19,14,23,18],[19,3,23,7,15,14,11,18],[11,15,23,3,19,18],[19,15,14,23,7,3,11,18],[19,3,11,23,15,14,7,18],[15,19,14,23,11,7,3,18],[11,7,3,19,15,18],[15,23,7,3,19,18],[19,7,11,23,3,15,18],[19,3,11,23,15,14,7,18],[7,23,19,15,14,11,3,18],[23,15,19,18],[7,23,3,11,19,15,14,18],[23,15,7,3,19,18],[3,11,19,15,18],[23,7,19,3,15,18],[15,3,19,14,23,11,7,18],[15,23,11,19,14,7,3,18],[11,23,3,15,7,19,18],[3,23,7,15,19,18],[11,23,19,3,15,14,7,18],[23,3,11,7,15,19,18],[19,23,15,14,3,7,11,18],[23,7,19,3,15,14,11,18],[7,11,23,3,15,19,14,18],[3,11,19,15,14,23,7,18],[23,3,19,15,14,11,7,18],[7,19,3,11,15,14,23,18],[3,15,7,11,23,19,14,18],[11,19,3,15,14,23,7,18],[11,15,23,3,7,19,14,18],[11,7,19,3,23,15,14,18],[23,11,3,7,19,15,18],[7,19,3,11,23,15,18],[23,15,7,19,18],[23,3,19,11,15,18],[7,23,3,15,11,19,18],[15,11,7,3,19,18],[23,11,15,19,18],[19,23,7,3,11,15,14,18],[19,15,18],[11,3,19,23,7,15,18],[7,19,23,15,18],[19,15,18],[23,19,3,11,15,18],[7,23,3,11,19,15,18],[3,11,15,23,7,19,18],[7,3,15,19,14,18],[11,15,23,3,19,18],[3,23,11,19,7,15,18],[15,23,7,19,14,3,11,18],[3,23,15,19,18],[3,23,15,7,11,19,18],[3,11,19,7,15,18],[3,15,11,19,14,7,23,18],[19,15,18],[15,23,11,3,19,18],[7,19,3,23,11,15,18],[11,19,23,3,15,14,7,18],[23,11,19,3,7,15,18],[11,3,15,19,18],[3,15,7,23,19,18],[3,15,23,19,14,11,7,18],[15,7,19,14,23,11,3,18],[19,11,3,7,15,14,23,18],[19,11,7,15,14,3,23,18],[11,23,15,7,19,18],[7,23,19,3,11,15,14,18],[15,19,14,7,23,11,3,18],[3,23,7,15,11,19,14,18],[11,19,23,7,3,15,14,18],[19,3,23,11,7,15,18],[15,11,23,19,18],[11,3,19,23,15,14,7,18],[11,19,15,18],[3,15,11,23,7,19,14,18],[11,23,19,7,3,15,18],[19,11,15,18],[7,19,23,11,15,18],[11,7,3,15,23,19,18],[7,15,23,19,18],[3,23,15,11,7,19,14,18],[23,3,15,7,11,19,14,18],[19,15,18],[3,11,23,19,15,14,7,18],[15,23,7,3,11,19,14,18],[7,19,3,23,15,14,11,18],[15,23,19,18],[11,23,3,7,19,15,14,18],[7,3,23,15,11,19,14,18],[7,23,11,15,3,19,14,18],[19,7,11,3,15,18],[23,15,3,11,19,14,7,18],[11,23,7,3,19,15,18],[7,11,19,3,15,14,23,18],[19,3,23,7,15,18],[7,19,23,3,11,15,14,18],[19,11,3,7,15,18],[23,15,11,19,18],[7,23,3,19,15,18],[15,19,14,11,7,3,23,18],[3,11,15,7,23,19,14,18],[7,3,11,19,15,14,23,18],[23,19,7,15,14,11,3,18],[23,11,19,7,3,15,14,18],[3,7,23,19,11,15,18],[3,19,15,14,11,23,7,18],[15,3,11,19,14,7,23,18],[15,3,19,14,23,11,7,18],[23,11,7,3,15,19,18],[15,7,11,23,19,14,3,18],[15,23,19,14,3,11,7,18],[19,11,23,3,7,15,14,18],[7,11,19,3,15,14,23,18],[11,15,19,18],[7,19,15,18],[11,23,15,7,19,18],[7,15,3,19,14,23,11,18],[7,3,11,15,19,14,23,18],[19,23,11,15,14,7,3,18],[11,19,7,3,15,18],[11,23,3,15,7,19,18],[15,19,18],[15,3,7,23,11,19,14,18],[15,3,23,7,11,19,14,18],[19,23,11,15,14,7,3,18],[23,19,7,11,15,18],[19,3,11,23,7,15,18],[3,15,19,18],[7,11,23,19,3,15,18],[7,19,3,15,14,23,11,18],[7,3,15,11,19,14,23,18],[7,3,23,19,15,14,11,18],[7,15,19,18],[3,23,11,19,15,18],[3,11,7,15,23,19,18],[3,19,7,11,15,18],[19,7,23,11,15,18],[23,3,19,7,15,14,11,18],[23,3,11,19,15,14,7,18],[11,15,7,23,19,14,3,18],[15,23,11,7,3,19,14,18],[11,19,23,3,7,15,14,18],[15,7,3,23,19,18],[11,15,23,19,18],[15,3,11,19,18],[23,19,7,11,15,14,3,18],[19,3,11,15,18],[15,19,14,11,23,7,3,18],[23,19,11,15,18],[11,19,3,7,15,18],[23,3,11,7,15,19,14,18],[23,19,15,18],[7,3,11,23,15,19,18],[3,7,15,11,23,19,14,18],[23,11,3,15,7,19,18],[7,3,19,11,23,15,18],[7,19,3,15,14,23,11,18],[11,15,19,14,23,7,3,18],[23,19,3,7,15,18],[3,23,19,7,11,15,14,18],[23,19,7,11,3,15,18],[15,23,7,11,3,19,14,18],[7,3,23,19,11,15,14,18],[23,15,3,19,18],[7,11,3,19,15,14,23,18],[3,7,11,23,19,15,18],[3,7,15,11,19,18],[19,7,11,15,18],[23,19,3,7,15,18],[11,15,23,3,7,19,18],[11,19,7,3,23,15,18],[7,23,3,19,15,18],[11,3,15,23,19,18],[7,15,23,3,11,19,18],[19,3,7,23,15,18],[15,11,3,23,19,14,7,18],[23,15,11,19,14,7,3,18],[3,23,7,19,15,14,11,18],[23,15,7,3,19,14,11,18],[11,19,23,15,18],[19,3,11,23,7,15,18],[15,11,23,7,19,18],[3,11,15,19,18],[15,19,14,23,7,3,11,18],[7,3,19,23,11,15,14,18],[23,7,3,15,19,14,11,18],[7,3,19,11,23,15,14,18],[3,15,7,19,18],[15,11,7,3,23,19,18],[3,11,15,7,19,14,23,18],[7,15,23,19,14,3,11,18],[23,3,7,15,19,14,11,18],[15,7,19,18],[19,3,23,15,14,7,11,18],[7,11,15,23,3,19,14,18],[15,3,23,7,11,19,18],[19,23,11,7,15,14,3,18],[3,7,23,19,11,15,18],[11,19,7,3,15,14,23,18],[3,15,7,11,19,18],[23,7,11,15,3,19,18],[11,7,15,23,3,19,14,18],[23,3,19,7,15,18],[23,3,15,7,19,14,11,18],[19,15,18],[19,7,3,15,14,23,11,18],[3,19,7,23,15,14,11,18],[15,23,7,11,3,19,14,18],[3,11,7,23,15,19,18],[7,3,15,23,11,19,14,18],[11,19,7,3,15,14,23,18],[19,15,14,3,7,11,23,18],[11,3,7,15,19,18],[23,19,3,15,14,11,7,18],[19,3,15,18],[19,11,23,3,15,14,7,18],[15,11,3,23,7,19,14,18],[3,15,19,18],[15,19,14,3,23,7,11,18],[11,23,3,7,15,19,18],[3,7,19,15,18],[3,15,11,19,14,23,7,18],[7,23,11,19,15,14,3,18],[19,7,11,3,23,15,18],[7,15,11,3,19,18],[7,19,11,3,15,14,23,18],[15,7,23,11,19,14,3,18],[23,11,15,7,3,19,14,18],[19,15,18],[11,7,23,3,19,15,14,18],[11,7,15,3,23,19,18],[19,7,23,11,3,15,14,18],[19,23,7,15,14,11,3,18],[7,19,15,14,11,23,3,18],[11,3,7,19,23,15,14,18],[23,15,3,7,19,18],[19,3,11,23,7,15,14,18],[23,15,19,18],[3,23,7,11,15,19,14,18],[23,19,15,18],[3,19,7,15,18],[23,7,19,11,3,15,18],[19,11,7,15,14,3,23,18],[23,11,3,15,7,19,18],[15,23,11,19,14,3,7,18],[3,23,11,15,7,19,18],[7,23,19,11,3,15,14,18],[23,3,15,7,19,18],[7,11,23,19,3,15,18],[15,11,3,7,23,19,18],[11,23,3,19,7,15,14,18],[19,3,11,7,23,15,18],[7,19,15,18],[23,11,3,15,7,19,14,18],[7,3,11,23,19,15,14,18],[7,15,3,19,18],[7,15,11,19,18],[7,3,11,23,15,19,14,18],[11,23,3,19,15,14,7,18],[7,11,3,19,23,15,14,18],[19,11,3,7,23,15,14,18],[7,3,11,23,15,19,14,18],[11,23,15,3,7,19,14,18],[3,23,7,15,19,14,11,18],[7,23,15,19,18],[15,11,3,19,18],[11,7,15,23,19,14,3,18],[3,7,15,23,11,19,14,18],[7,11,15,19,18],[3,7,11,19,23,15,18],[11,7,15,23,19,18],[3,15,23,11,7,19,18],[11,23,3,7,19,15,14,18],[3,11,19,15,18],[23,11,15,19,18],[3,19,23,11,7,15,14,18],[19,11,23,7,15,18],[3,19,11,15,14,7,23,18],[7,19,3,11,23,15,18],[7,19,11,23,3,15,14,18],[11,7,15,23,19,18],[7,11,23,19,3,15,18],[19,7,3,23,11,15,18],[23,19,11,7,3,15,18],[11,23,15,19,18],[15,3,19,18],[19,7,11,23,15,14,3,18],[23,11,15,7,3,19,18],[23,3,11,19,15,18],[11,19,15,14,23,3,7,18],[3,23,11,7,19,15,18],[15,3,7,11,23,19,14,18],[3,19,7,15,18],[11,19,23,3,7,15,14,18],[15,19,14,23,7,11,3,18],[15,7,11,19,14,23,3,18],[7,11,3,23,15,19,14,18],[3,23,7,19,15,18],[23,7,15,3,11,19,14,18],[3,19,23,15,14,7,11,18],[11,15,7,3,23,19,18],[19,11,3,23,15,14,7,18],[19,3,7,15,18],[11,7,3,23,19,15,18],[3,7,15,19,14,23,11,18],[15,7,3,19,18],[7,11,23,15,19,18],[7,23,19,11,3,15,18],[23,15,3,19,18],[11,3,7,19,15,14,23,18],[15,11,23,7,3,19,14,18],[3,7,11,23,19,15,18],[15,19,14,23,3,11,7,18],[3,15,11,23,19,18],[11,15,3,7,23,19,18],[3,15,23,7,19,14,11,18],[23,15,7,3,11,19,14,18],[23,3,15,11,7,19,18],[11,15,3,19,18],[19,7,23,3,15,18]],"n_human":11}