{"problem_id":"jEz0dYlvpmhfyS9","sigma":75,"alpha":0.100,"cost":1,"probabilities":"[0.16, 0.18, 0.02, 0.64]","payoff_matrix":"[[-157, 31, -138, -87, -136, 4], [68, 11, 68, -53, -115, -3], [-60, -192, -96, 168, 56, 24], [115, -67, -77, -76, 32, 96]]","uncovered":[[12,24,8,4,22,2,16,20],[4,12,8,20,16,24,22,2],[24,12,8,20,4,2,16],[24,4,22,2,12,8,20,16],[4,24,22,2,8,20,16,12],[12,4,24,22,2,16,8,20],[8,20,16,4,24,22,2,12],[4,16,12,20,8,24,2],[8,20,24,16,12,4,22,2],[16,4,8,12,20,24,22,2],[24,8,4,22,2,20,16,12],[12,24,20,8,16,4,2],[20,24,4,2,16,12,8],[8,16,4,24,22,2,12,20],[24,12,4,22,2,8,16,20],[8,12,16,4,24,22,2,20],[20,4,8,16,12,24,2],[12,4,24,2,20,16,8],[12,4,16,8,24,2,20],[16,24,4,22,2,20,8,12],[20,4,8,12,24,22,2,16],[4,24,22,2,16,12,20,8],[8,16,20,4,24,2,12],[24,20,4,22,2,16,12,8],[8,20,24,16,4,2,12],[4,20,8,24,22,2,16,12],[16,20,12,24,8,4,22,2],[16,20,12,8,24,4,2],[16,8,12,20,24,4,22,2],[12,16,8,20,24,4,2],[20,4,16,24,2,12,8],[16,24,4,22,2,12,20,8],[4,8,16,12,24,2,20],[16,4,8,24,22,2,12,20],[12,8,20,4,16,24,2],[20,4,24,22,2,12,16,8],[4,20,12,24,2,8,16],[12,20,8,16,4,24,22,2],[8,16,12,20,4,24,22,2],[12,20,8,24,16,4,22,2],[24,12,16,4,2,8,20],[24,20,4,2,12,16,8],[12,20,4,16,8,24,2],[20,8,4,16,24,22,2,12],[12,20,4,8,24,2,16],[4,8,20,16,24,2,12],[16,4,24,22,2,12,20,8],[8,24,20,12,4,22,2,16],[16,24,20,8,12,4,2],[8,16,12,20,24,4,22,2],[20,24,16,8,12,4,2],[8,20,12,16,4,24,22,2],[20,24,4,22,2,12,16,8],[8,16,24,4,22,2,20,12],[12,24,16,4,2,8,20],[8,4,20,16,12,24,22,2],[4,8,20,16,12,24,22,2],[16,24,12,4,22,2,8,20],[12,20,16,4,8,24,22,2],[4,20,16,8,24,21,2,12],[8,4,24,22,1,16,12,20,2,21],[24,16,20,4,2,8,12],[12,24,8,20,16,4,22,2],[24,16,20,4,2,8,12],[4,12,20,16,24,22,2,8],[24,8,4,2,16,20,12],[8,4,24,22,2,16,20,12],[24,12,16,8,20,4,2],[20,24,4,2,8,12,16],[8,16,4,20,12,24,2],[16,20,12,4,8,24,2],[20,12,8,4,16,24,22,2],[20,4,24,22,2,16,8,12],[24,4,2,20,8,16,12],[16,20,8,4,24,2,12],[12,24,4,22,2,16,20,8],[12,20,16,4,24,22,2,8],[12,24,8,20,16,4,2],[4,8,24,22,2,12,16,20],[8,16,12,24,4,22,2,20],[16,8,12,20,24,4,2],[16,20,12,8,4,24,22,2],[4,12,16,20,8,24,2],[4,16,8,20,12,24,22,2],[12,16,24,8,4,22,2,20],[12,20,4,8,24,22,2,16],[4,12,20,8,16,24,22,2],[16,20,12,8,4,24,22,2],[20,8,24,16,12,4,2],[20,16,24,8,4,2,12],[8,12,16,24,20,4,22,2],[8,16,12,24,20,4,2],[16,20,12,8,4,24,2],[24,12,4,2,16,8,20],[12,4,20,8,24,2,16],[12,20,16,8,4,24,22,2],[20,12,24,8,4,22,2,16],[12,8,24,20,4,22,1,16,2,21],[20,12,4,8,16,24,22,2],[12,4,8,24,22,2,20,16],[16,4,12,8,24,2,20],[12,20,24,4,2,8,16],[16,24,12,8,4,21,2,20],[12,20,16,4,24,2,8],[24,4,2,12,20,8,16],[24,8,4,22,2,12,20,16],[12,20,16,24,4,22,2,8],[12,20,4,8,24,2,16],[8,16,4,24,22,2,12,20],[8,24,20,12,16,4,2],[12,20,24,8,16,4,22,2],[20,8,12,24,16,4,2],[24,16,8,20,4,2,12],[8,24,20,12,16,4,2],[16,8,12,24,20,4,2],[8,16,24,4,2,12,20],[20,12,4,24,2,8,16],[4,24,2,16,8,12,20],[16,8,12,4,24,2,20],[20,24,12,16,8,4,22,2],[16,20,4,24,22,2,8,12],[24,20,16,12,8,4,22,2],[20,4,12,24,2,16,8],[8,4,12,20,16,24,2],[8,12,4,20,16,24,2],[12,24,20,16,4,22,2,8],[24,8,12,20,16,4,22,2],[12,24,4,2,20,8,16],[24,12,8,16,4,22,2,20],[4,8,12,16,20,24,2],[20,24,16,12,8,4,2],[24,8,12,16,20,4,22,2],[8,24,20,16,12,4,2],[4,12,24,22,2,20,16,8],[4,20,8,24,2,12,16],[24,20,16,12,8,4,22,2],[16,8,24,4,22,1,20,12,2,21],[4,16,8,20,24,22,1,12,2,21],[16,24,12,8,4,22,2,20],[20,4,12,16,8,24,22,2],[24,4,22,2,20,12,16,8],[4,8,20,16,24,2,12],[24,8,4,2,16,12,20],[4,12,20,16,8,24,2],[24,20,12,8,4,2,16],[4,16,20,8,24,22,2,12],[12,16,8,4,24,2,20],[12,4,20,8,24,22,2,16],[20,12,4,16,8,24,2],[4,16,20,8,12,24,22,2],[4,16,8,24,22,2,20,12],[20,16,4,12,24,2,8],[12,24,20,16,8,4,2],[4,20,8,24,2,12,16],[4,12,16,20,8,24,22,2],[4,16,24,2,8,20,12],[24,12,16,20,8,4,22,2],[16,12,4,24,2,8,20],[16,8,24,12,4,22,2,20],[20,4,12,16,24,2,8],[24,4,22,2,8,20,16,12],[4,8,12,16,20,24,2],[16,24,12,20,8,4,2],[20,12,8,4,16,24,22,2],[12,20,8,4,24,22,2,16],[12,24,20,4,22,2,16,8],[24,20,4,2,16,12,8],[20,4,16,8,12,24,2],[8,12,24,4,22,2,20,16],[12,8,24,20,4,2,16],[4,8,12,16,24,2,20],[16,24,12,4,22,2,20,8],[16,4,24,2,8,12,20],[20,16,12,24,4,2,8],[12,8,24,4,22,2,20,16],[12,24,4,22,2,16,8,20],[4,12,8,16,24,2,20],[16,4,20,8,12,24,2],[20,16,4,24,22,2,8,12],[20,8,4,12,16,24,22,2],[12,8,4,16,24,22,2,20],[20,12,16,4,24,2,8],[20,24,16,12,8,4,22,2],[16,12,20,8,24,4,2],[8,20,16,24,12,4,22,2],[16,8,4,20,12,24,22,2],[12,16,4,20,8,24,22,2],[12,4,8,20,24,1,16,22,2,21],[20,8,16,24,12,4,22,2],[12,16,4,24,2,8,20],[12,4,20,8,24,22,2,16],[24,8,4,2,20,16,12],[20,16,4,12,8,24,22,2],[4,24,2,8,12,16,20],[4,20,8,12,24,22,2,16],[20,4,24,2,12,8,16],[12,24,16,8,20,4,22,2],[16,20,8,12,4,24,2],[12,8,4,20,16,24,2],[24,8,16,12,4,22,2,20],[24,20,4,22,2,8,12,16],[12,24,8,4,2,16,20],[20,8,12,4,24,2,16],[12,8,16,4,20,24,2],[4,20,24,2,8,12,16],[8,12,16,4,24,2,20],[20,12,4,24,22,2,8,16],[4,12,8,24,2,20,16],[24,20,12,4,22,2,8,16],[4,20,24,22,2,16,12,8],[8,16,12,4,24,2,20],[20,12,16,24,8,4,2],[8,12,20,24,4,22,2,16],[20,8,4,16,24,22,2,12],[16,12,24,20,4,2,8],[20,24,12,16,8,4,22,2],[4,16,12,20,8,24,2],[16,12,20,24,8,4,22,2],[16,4,8,12,20,24,22,2],[24,16,4,22,2,12,20,8],[20,12,24,8,4,2,16],[4,8,24,22,2,20,12,16],[8,20,16,12,24,4,2],[20,12,24,4,22,2,8,16],[4,8,12,16,20,24,2],[8,16,20,12,4,24,22,2],[20,4,24,22,2,12,8,16],[20,8,12,4,24,22,2,16],[8,20,4,24,22,2,16,12],[20,8,4,12,24,22,2,16],[8,20,12,24,4,22,2,16],[8,24,4,2,12,16,20],[24,8,12,16,20,4,22,2],[4,16,20,12,24,22,2,8],[12,4,20,8,24,22,2,16],[20,4,24,2,8,12,16],[12,8,20,24,16,4,2],[4,8,12,24,22,2,16,20],[16,8,20,4,12,24,2],[24,20,16,8,4,2,12],[8,12,16,4,24,22,1,20,2,21],[20,8,16,24,4,22,1,12,2,21],[20,24,4,22,2,8,12,16],[4,20,8,24,22,2,16,12],[16,12,4,24,2,20,8],[4,24,2,12,8,16,20],[8,12,4,16,24,2,20],[12,8,4,20,24,2,16],[24,20,12,16,4,2,8],[8,20,16,12,24,4,2],[16,20,4,12,8,24,22,2],[16,8,24,12,4,22,2,20],[20,24,4,22,2,16,8,12],[4,12,24,22,2,20,8,16],[8,24,16,4,22,2,12,20],[4,20,8,16,12,24,22,2],[8,20,4,24,22,2,12,16],[20,4,16,8,24,22,2,12],[24,16,4,2,12,20,8],[8,20,4,16,12,24,22,2],[4,16,20,8,24,2,12],[24,12,20,4,2,8,16],[12,16,8,20,4,24,22,2],[8,16,4,12,24,22,2,20],[16,4,8,20,24,2,12],[20,16,4,12,8,24,2],[4,20,12,16,24,2,8],[4,16,24,2,20,12,8],[4,12,24,22,2,8,16,20],[20,12,16,8,24,4,22,2],[8,16,24,12,20,4,2],[4,20,12,8,16,24,2],[4,16,8,20,24,22,2,12],[16,4,8,24,2,12,20],[16,20,24,12,4,2,8],[24,20,4,2,16,8,12],[16,20,4,8,12,24,22,2],[8,12,24,16,20,4,2],[24,4,2,12,20,8,16],[24,4,22,2,8,16,12,20],[8,16,24,20,4,2,12],[24,12,8,4,22,2,20,16],[8,20,16,4,12,24,22,2],[12,16,20,4,24,22,2,8],[12,8,4,20,24,2,16],[20,12,16,24,4,21,2,8],[24,8,20,4,2,16,12],[12,4,16,20,24,2,8],[4,24,2,8,12,20,16],[8,12,20,24,4,22,2,16],[24,20,16,8,4,21,2,12],[12,4,8,16,20,24,22,2],[16,12,4,8,24,22,2,20],[8,12,20,24,4,2,16],[24,12,20,8,4,2,16],[12,16,24,4,22,2,20,8],[4,12,8,24,22,2,20,16],[16,4,8,20,24,2,12],[12,4,16,8,24,22,2,20],[20,12,24,8,16,4,2],[4,12,16,20,8,24,1,22,2,21],[24,12,16,20,8,4,2],[16,20,8,24,4,2,12],[16,20,8,4,12,24,2],[12,20,16,4,24,22,2,8],[24,4,2,20,16,12,8],[16,8,24,12,4,22,2,20],[8,4,12,20,24,22,2,16],[8,20,16,24,12,4,2],[12,20,24,4,2,16,8],[20,4,16,12,8,24,2],[20,4,16,8,12,24,22,2],[4,20,8,24,22,2,12,16],[20,12,8,16,4,24,22,2],[24,4,22,2,16,8,12,20],[20,4,24,2,8,16,12],[20,16,12,24,8,4,2],[16,24,20,8,4,22,2,12],[24,4,2,20,12,16,8],[20,24,16,4,2,8,12],[16,20,24,12,8,4,2],[20,4,24,22,2,12,8,16],[16,8,20,12,24,4,2],[20,12,24,4,2,8,16],[8,20,12,16,24,4,22,2],[12,4,20,8,24,2,16],[20,8,12,4,24,2,16],[8,20,12,4,16,24,22,2],[12,8,4,16,24,2,20],[24,4,2,16,20,12,8],[8,24,20,4,2,16,12],[16,8,20,24,4,2,12],[4,24,2,8,12,16,20],[8,4,16,24,2,20,12],[4,20,8,12,16,24,22,2],[12,8,4,20,24,22,2,16],[16,24,8,12,20,4,22,2],[4,16,12,20,24,2,8],[12,8,24,16,4,2,20],[20,8,16,24,4,2,12],[16,8,12,24,4,2,20],[20,24,8,16,12,4,22,2],[8,24,12,4,22,1,20,16,2,21],[20,24,16,4,22,2,8,12],[20,8,16,12,4,24,2],[20,8,4,24,2,16,12],[12,16,24,8,20,4,2],[16,12,8,24,20,4,22,2],[20,16,8,4,12,24,22,2],[8,20,24,16,12,4,2],[24,8,4,22,2,20,16,12],[4,16,8,24,2,20,12],[16,4,20,12,24,22,2,8],[8,16,20,24,4,22,2,12],[4,8,12,16,24,22,2,20],[16,24,8,20,12,4,2],[8,12,24,16,4,2,20],[8,16,12,20,4,24,2],[16,4,8,20,24,2,12],[4,16,12,24,22,2,20,8],[12,20,24,8,4,22,2,16],[24,4,2,8,16,20,12],[20,12,8,16,24,4,22,2],[12,16,20,4,24,21,2,8],[12,4,16,20,8,24,2],[24,12,20,16,8,4,2],[4,16,12,8,24,22,2,20],[16,20,4,24,22,2,12,8],[4,8,24,22,2,12,16,20],[12,16,20,8,24,4,2],[12,8,20,16,4,24,22,2],[12,20,16,4,24,2,8],[4,16,12,8,20,24,22,2],[24,4,22,2,8,12,16,20],[12,4,16,20,24,2,8],[8,20,24,16,12,4,2],[16,8,20,4,12,24,2],[12,16,24,20,8,4,2],[4,8,16,12,24,2,20],[20,8,24,12,4,2,16],[16,12,20,4,24,2,8],[4,24,22,2,12,8,16,20],[8,24,12,4,2,20,16],[4,24,2,16,20,8,12],[8,20,16,12,4,24,22,2],[4,24,2,20,16,8,12],[16,20,12,8,4,24,22,2],[12,24,16,20,4,22,2,8],[24,20,4,2,8,12,16],[8,20,4,16,12,24,22,2],[4,8,20,16,12,24,2],[12,16,20,24,8,4,22,2],[20,8,24,16,4,2,12],[12,8,4,24,2,20,16],[8,20,24,4,22,2,12,16],[4,20,16,8,24,2,12],[12,16,8,24,20,4,2],[20,12,16,4,24,22,2,8],[20,8,12,24,16,4,22,2],[20,24,12,4,2,16,8],[24,4,2,20,8,12,16],[12,24,16,4,22,2,8,20],[8,20,24,16,4,22,2,12],[12,8,24,4,22,2,16,20],[4,20,16,24,2,12,8],[8,4,20,16,12,24,2],[8,16,4,24,2,12,20],[8,16,24,20,12,4,2],[4,24,2,16,8,20,12],[12,4,8,16,24,22,2,20],[12,16,24,8,20,4,22,2],[12,4,8,24,22,2,20,16],[8,20,4,12,24,2,16],[16,4,20,24,22,2,12,8],[16,24,4,22,2,20,12,8],[20,12,8,4,16,24,2],[16,20,4,12,8,24,2],[4,12,16,8,24,2,20],[24,12,20,8,16,4,2],[4,16,12,24,2,8,20],[12,8,20,4,24,22,2,16],[12,24,4,22,2,20,8,16],[20,8,16,4,12,24,22,2],[8,24,20,12,4,22,2,16],[24,4,2,20,8,16,12],[12,24,16,20,4,22,2,8],[12,8,20,16,24,4,22,2],[4,16,8,12,24,2,20],[8,12,20,4,16,24,2],[24,4,22,2,16,20,8,12],[24,16,12,4,22,2,8,20],[12,16,8,4,24,22,2,20],[4,24,22,2,20,16,8,12],[20,12,24,4,2,16,8],[24,16,12,4,22,2,8,20],[24,8,12,16,20,4,2],[20,24,12,8,16,4,22,2],[8,12,20,24,16,4,22,2],[4,8,12,24,2,16,20],[24,12,8,4,22,2,16,20],[24,16,8,20,12,4,22,2],[4,8,16,24,2,20,12],[4,8,12,20,24,22,2,16],[4,20,24,2,16,12,8],[8,24,12,4,22,2,20,16],[20,24,12,4,2,8,16],[16,8,24,20,4,2,12],[24,16,4,2,20,8,12],[16,4,12,8,24,2,20],[12,24,8,20,16,4,2],[12,16,4,20,8,24,2],[8,12,4,24,2,20,16],[8,20,4,24,22,2,12,16],[4,12,24,2,20,16,8],[4,20,24,2,16,12,8],[8,12,20,4,16,24,2],[16,4,24,22,2,12,20,8],[16,8,24,12,20,4,22,2],[16,12,8,24,20,4,2],[16,4,12,24,22,2,20,8],[8,12,16,20,24,4,22,2],[24,16,12,8,4,22,2,20],[4,8,12,16,20,24,2],[20,4,16,8,24,22,2,12],[4,24,2,8,16,12,20],[16,8,20,12,24,4,2],[4,20,24,2,8,16,12],[12,4,24,2,8,20,16],[20,8,4,12,16,24,22,2],[4,24,22,2,8,16,12,20],[4,8,16,20,12,24,2],[20,8,4,16,12,24,22,2],[4,12,20,16,24,22,2,8],[4,16,12,8,24,2,20],[4,12,20,16,24,22,2,8],[4,12,8,16,20,24,2],[8,12,24,20,16,4,22,2],[4,12,8,20,24,22,2,16],[16,12,24,8,4,22,2,20],[4,16,24,22,2,12,8,20],[8,24,12,20,16,4,22,2],[16,20,24,4,22,2,12,8],[16,8,20,12,24,4,22,2],[12,8,24,4,2,20,16],[12,24,20,4,22,2,16,8],[4,8,24,2,20,12,16],[8,4,12,24,22,2,16,20],[20,16,24,4,2,8,12],[4,24,22,2,8,20,16,12],[12,16,24,4,22,2,8,20],[20,12,8,16,24,4,2],[24,12,16,8,4,2,20],[4,12,16,8,20,24,22,2],[16,20,24,12,4,22,2,8],[24,12,16,8,20,4,2],[12,20,24,4,22,2,16,8],[8,4,16,20,12,24,22,2],[4,12,20,8,24,22,2,16],[16,4,12,20,8,24,22,2],[12,16,4,24,2,20,8],[24,16,4,2,12,8,20],[4,8,24,2,16,20,12],[4,8,24,2,12,16,20],[12,16,20,8,4,24,22,2],[12,8,20,24,4,2,16],[12,20,24,4,2,16,8],[8,24,4,22,2,16,12,20],[24,4,22,2,8,20,12,16],[8,4,12,20,16,24,2],[12,8,24,16,4,2,20],[8,4,12,20,24,22,2,16],[8,12,20,24,16,4,22,2],[20,4,24,22,2,16,8,12],[20,12,4,16,8,24,2],[24,12,4,22,1,8,20,16,2,21],[12,20,24,16,8,4,2],[8,24,4,22,2,20,16,12],[4,20,8,12,24,22,2,16],[24,20,12,8,16,4,2],[8,4,24,2,16,12,20],[4,24,22,2,12,16,20,8],[24,12,4,2,8,20,16],[4,12,20,24,22,2,8,16],[16,12,24,4,2,8,20],[8,16,4,20,24,22,2,12],[4,12,8,20,24,2,16],[8,12,16,4,24,22,2,20],[4,24,2,12,16,20,8],[16,8,24,12,20,4,22,2],[12,8,16,4,20,24,22,2],[24,12,4,2,20,8,16],[8,24,16,4,2,20,12],[4,8,24,22,2,16,12,20],[8,20,16,12,24,4,2],[20,12,16,24,8,4,22,2],[4,8,20,16,12,24,22,2],[20,12,24,16,8,4,2],[4,16,20,12,24,2,8],[20,24,12,16,8,4,2],[20,24,8,16,12,4,22,2],[12,8,4,20,24,22,2,16],[4,16,24,2,12,20,8],[20,12,4,8,24,2,16],[12,4,24,22,2,16,8,20],[16,8,20,4,24,2,12],[8,12,20,24,16,4,22,2],[8,4,16,24,22,2,12,20],[24,20,4,2,16,8,12],[8,16,24,20,12,4,2],[24,16,8,4,2,20,12],[12,20,4,24,2,8,16],[24,12,8,4,22,2,16,20],[4,24,22,2,12,20,8,16],[4,8,24,22,2,12,20,16],[8,4,24,2,12,20,16],[12,8,4,24,2,16,20],[24,12,4,2,8,20,16],[4,20,16,24,22,2,12,8],[4,8,12,16,24,22,2,20],[20,12,4,24,22,2,8,16],[12,24,4,2,20,8,16],[24,16,20,12,4,22,2,8],[8,12,16,4,20,24,22,2],[24,12,4,2,16,8,20],[12,16,20,8,4,24,2],[24,16,20,12,8,4,2],[12,16,8,4,20,24,22,2],[20,24,16,12,8,4,22,2],[8,24,20,4,22,2,16,12],[8,4,16,24,22,2,12,20],[24,20,12,4,22,2,8,16],[4,8,16,12,20,24,22,2],[4,16,12,8,20,24,22,2],[8,16,12,4,24,22,2,20],[20,16,4,12,24,22,2,8],[16,20,4,24,22,2,12,8],[4,16,8,12,20,24,2],[4,16,12,8,20,24,2],[4,20,8,16,12,24,22,2],[24,12,8,4,22,2,20,16],[12,8,20,4,16,24,22,2],[24,4,2,20,16,12,8],[20,8,16,24,12,4,22,2],[16,12,24,20,4,2,8],[24,20,4,2,8,16,12],[20,4,12,24,22,2,16,8],[4,20,12,16,24,22,2,8],[24,20,12,8,4,2,16],[12,16,4,8,20,24,2],[24,4,2,12,20,8,16],[20,8,4,24,2,12,16],[4,24,22,2,16,12,8,20],[8,20,16,24,4,2,12],[24,12,16,8,4,22,2,20],[8,16,12,24,20,4,2],[4,16,24,2,20,8,12],[20,8,24,16,4,22,2,12],[24,4,2,8,12,20,16],[24,8,16,12,20,4,22,2],[24,8,4,2,20,12,16],[12,16,8,4,20,24,2],[8,4,24,2,20,12,16],[16,20,8,12,24,4,2],[16,8,12,20,4,24,22,2],[4,12,20,8,24,2,16],[8,20,16,24,12,4,22,2],[4,24,2,8,20,12,16],[4,8,24,22,2,20,16,12],[24,4,22,2,12,8,20,16],[8,16,4,12,24,2,20],[8,20,4,12,16,24,22,2],[20,12,4,16,8,24,2],[12,20,24,4,22,2,16,8],[4,20,8,16,12,24,22,2],[8,16,4,12,20,24,22,2],[16,12,4,24,2,8,20],[16,4,12,24,2,8,20],[16,4,24,2,20,12,8],[16,4,8,24,2,12,20],[8,24,4,22,2,16,20,12],[16,8,12,24,20,4,2],[4,16,20,24,2,12,8],[8,12,20,16,4,24,2],[20,24,4,22,2,8,16,12],[12,24,8,20,4,2,16],[8,16,12,4,24,22,2,20],[16,12,4,8,20,24,22,2],[20,16,8,12,24,4,2],[4,12,16,8,24,2,20],[12,8,4,20,24,2,16],[24,12,8,4,22,2,20,16],[20,8,16,12,4,24,2],[12,4,20,8,24,22,2,16],[8,20,24,12,4,2,16],[8,16,4,24,22,2,20,12],[8,20,16,4,24,22,2,12],[24,8,20,16,12,4,2],[24,16,12,20,8,4,2],[4,12,8,16,20,24,22,2],[20,4,24,22,2,8,12,16],[12,16,8,20,4,24,22,2],[8,16,24,12,20,4,22,2],[12,8,24,4,22,2,20,16],[4,24,22,2,20,16,12,8],[24,12,8,16,4,2,20],[8,4,24,2,20,12,16],[12,16,24,8,20,4,2],[16,24,20,4,22,2,8,12],[20,4,8,12,16,24,22,2],[8,20,12,16,4,24,22,2],[24,20,8,16,4,22,2,12],[4,20,8,12,16,24,2],[16,8,24,20,4,2,12],[20,12,16,24,8,4,22,2],[16,24,20,12,8,4,2],[12,20,16,8,4,24,2],[12,4,16,20,8,24,22,2],[16,24,8,4,2,12,20],[4,16,8,12,20,24,2],[16,12,4,20,8,24,22,2],[24,4,22,2,8,16,20,12],[8,12,24,20,16,4,2],[20,16,8,12,24,4,22,2],[12,20,8,4,24,2,16],[24,12,20,16,4,2,8],[16,20,4,8,24,22,2,12],[8,20,16,4,24,22,2,12],[16,4,20,8,12,24,2],[20,24,8,12,4,22,2,16],[20,24,8,12,4,2,16],[24,16,8,12,20,4,2],[4,12,16,24,22,2,20,8],[12,24,20,16,8,4,2],[12,8,24,20,16,4,2],[20,16,24,4,2,12,8],[12,16,20,4,24,2,8],[24,16,12,8,20,4,2],[20,12,8,16,24,4,22,2],[8,24,20,4,22,2,16,12],[16,12,4,20,24,22,2,8],[16,8,12,24,4,22,2,20],[8,24,4,22,2,20,16,12],[16,24,8,12,20,4,22,2],[12,16,24,20,4,22,2,8],[16,24,20,4,2,12,8],[4,8,24,2,12,16,20],[24,16,8,20,4,2,12],[12,20,4,8,16,24,2],[12,24,4,21,2,16,20,8],[24,8,20,4,22,2,16,12],[24,8,20,4,22,2,16,12],[16,12,4,24,2,8,20],[4,12,8,16,20,24,2],[12,8,20,4,16,24,22,2],[8,16,4,24,22,2,12,20],[8,20,24,16,4,22,2,12],[20,4,8,24,22,2,16,12],[20,4,8,12,16,24,2],[24,20,12,8,16,4,22,2],[8,24,16,12,4,22,2,20],[12,8,24,4,22,2,16,20],[8,4,12,20,16,24,22,2],[16,4,8,24,2,12,20],[4,24,2,20,12,16,8],[8,16,20,12,24,4,22,2],[16,4,20,8,12,24,2],[4,16,20,12,8,24,22,2],[16,4,20,24,22,2,8,12],[16,12,20,4,8,24,22,2],[4,12,20,16,8,24,2],[20,24,8,12,16,4,2],[24,16,8,20,12,4,2],[16,20,4,24,2,12,8],[20,12,4,8,24,2,16],[8,24,16,12,4,22,2,20],[20,12,4,24,22,2,16,8],[20,4,12,24,22,2,16,8],[16,4,8,12,24,22,2,20],[12,4,20,8,24,22,2,16],[16,24,4,22,1,8,20,12,2,21],[4,16,24,22,2,12,8,20],[20,12,16,24,4,22,2,8],[20,24,8,16,12,4,22,2],[12,8,16,24,20,4,2],[24,20,12,16,8,4,22,2],[20,4,8,24,2,12,16],[24,20,4,22,2,16,12,8],[20,4,12,16,24,22,2,8],[4,20,12,24,22,2,16,8],[8,20,12,24,16,4,2],[16,20,24,12,8,4,22,2],[12,4,24,22,2,20,16,8],[8,24,12,4,22,2,16,20],[4,8,24,2,16,20,12],[8,16,12,20,4,24,22,2],[24,20,12,16,4,2,8],[16,4,8,24,2,20,12],[12,24,20,16,4,2,8],[16,8,4,24,2,12,20],[16,8,4,12,20,24,22,2],[8,24,12,4,2,16,20],[20,24,4,22,2,8,12,16],[24,20,16,4,2,12,8],[4,16,12,8,20,24,22,2],[24,16,8,20,12,4,2],[4,16,12,8,20,24,2],[12,8,24,16,4,2,20],[16,8,12,20,4,24,2],[16,8,24,20,12,4,22,2],[12,20,8,16,24,4,2],[12,4,20,16,8,24,22,2],[20,4,24,22,2,16,12,8],[4,8,20,16,12,24,22,2],[24,12,4,2,20,8,16],[4,8,20,24,2,12,16],[20,16,24,4,22,2,8,12],[4,8,16,24,22,2,20,12],[8,16,24,4,2,12,20],[24,12,16,20,8,4,22,2],[4,20,12,8,24,22,2,16],[4,8,16,20,24,22,2,12],[12,4,16,24,2,20,8],[4,24,22,2,16,12,8,20],[12,20,4,24,22,2,8,16],[4,20,16,8,24,22,2,12],[4,12,16,8,24,22,2,20],[4,20,12,8,24,2,16],[12,24,16,20,8,4,2],[12,16,20,4,24,22,2,8],[16,8,12,4,20,24,22,2],[4,12,16,8,20,24,22,2],[16,4,24,2,8,12,20],[20,4,24,2,8,12,16],[16,4,24,22,2,8,12,20],[24,16,20,4,22,2,8,12],[24,20,8,4,2,16,12],[16,20,8,24,12,4,2],[16,24,8,12,4,22,2,20],[4,24,2,16,12,8,20],[16,24,12,4,2,20,8],[20,24,4,22,2,8,16,12],[8,12,24,16,20,4,2],[8,16,24,4,2,12,20],[8,20,12,24,4,22,2,16],[16,24,8,4,22,2,20,12],[20,16,4,8,24,22,2,12],[8,20,16,12,24,4,2],[8,4,16,24,2,12,20],[8,20,12,4,24,22,2,16],[24,20,12,8,16,4,2],[4,12,20,16,8,24,22,2],[16,4,24,22,2,8,20,12],[12,8,24,16,4,22,2,20],[20,24,4,2,16,12,8],[16,24,20,8,4,2,12],[16,4,12,8,20,24,2],[4,12,24,2,20,8,16],[24,16,4,22,2,8,20,12],[12,20,24,8,4,2,16],[24,16,12,20,4,2,8],[20,16,24,12,4,22,2,8],[16,8,12,4,20,24,2],[24,16,4,2,12,20,8],[16,4,24,22,2,8,12,20],[12,16,8,4,20,24,2],[16,24,20,8,4,2,12],[4,8,12,20,24,2,16],[12,20,4,8,16,24,2],[20,24,4,2,16,12,8],[8,16,24,4,22,2,20,12],[4,16,24,2,8,12,20],[20,16,4,12,24,22,2,8],[12,8,16,24,4,2,20],[8,20,24,4,2,16,12],[12,24,8,4,2,16,20],[24,4,22,2,16,8,12,20],[24,20,4,2,8,16,12],[16,12,24,20,4,22,2,8],[24,8,16,20,4,22,2,12],[20,8,16,24,4,22,2,12],[12,24,20,16,8,4,22,2],[20,24,16,4,22,2,8,12],[16,20,12,24,4,2,8],[20,4,12,8,16,24,22,2],[8,20,16,4,12,24,2],[8,16,20,12,4,24,2],[12,16,24,4,2,8,20],[12,24,4,22,2,20,8,16],[24,4,2,16,20,8,12],[24,20,8,12,16,4,22,2],[20,12,4,16,24,2,8],[8,24,16,12,4,2,20],[12,16,24,20,8,4,22,2],[16,24,8,4,22,2,12,20],[12,20,16,24,4,22,2,8],[12,16,20,4,8,24,2],[4,24,2,8,10,12,20,16],[16,12,24,8,4,2,20],[20,8,12,4,24,22,2,16],[20,8,24,16,12,4,22,2],[4,20,16,24,22,2,8,12],[16,12,24,4,2,8,20],[16,24,20,4,22,2,12,8],[20,12,16,8,4,24,22,2],[4,8,16,12,24,2,20],[4,8,16,12,20,24,2],[12,24,16,20,8,4,22,2],[4,24,2,12,8,16,20],[16,12,4,20,8,24,22,2],[20,8,4,24,22,2,16,12],[4,8,16,24,2,20,12],[4,16,8,20,12,24,2],[24,8,4,2,16,20,12],[16,8,12,4,20,24,2],[24,4,22,2,16,8,20,12],[24,16,8,12,20,4,22,2],[20,4,24,22,2,12,8,16],[12,4,8,16,20,24,2],[20,12,16,24,8,4,2],[20,16,24,12,8,4,22,2],[8,20,16,24,12,4,22,2],[8,20,24,12,4,2,16],[12,8,16,4,24,2,20],[20,4,12,24,22,2,16,8],[8,16,12,24,4,22,2,20],[20,4,16,12,24,22,2,8],[8,12,16,20,24,4,2],[12,24,16,8,20,4,2],[20,16,24,4,2,8,12],[16,4,8,24,2,20,12],[8,12,24,4,2,20,16],[20,16,12,24,8,4,22,2],[12,20,24,16,4,2,8],[16,24,4,22,2,20,12,8],[8,12,24,16,20,4,2],[20,16,8,24,4,22,2,12],[20,16,8,24,12,4,2],[8,20,4,12,24,2,16],[8,24,16,4,2,20,12],[24,12,8,20,4,2,16],[12,20,24,16,8,4,22,2],[12,20,4,16,8,24,2],[4,24,22,2,12,20,8,16],[16,20,8,24,4,22,2,12],[8,16,12,24,4,22,2,20],[8,24,4,22,2,16,20,12],[8,4,12,16,20,24,2],[24,20,8,16,4,2,12],[16,8,12,4,24,22,2,20],[16,24,4,22,2,12,8,20],[24,20,12,8,4,22,2,16],[24,16,12,20,8,4,2],[24,4,2,16,20,12,8],[24,12,8,16,20,4,21,2],[24,12,16,20,4,22,2,8],[8,4,16,24,2,12,20],[24,8,20,16,4,22,2,12],[20,12,4,16,24,22,2,8],[24,12,16,8,4,2,20],[4,16,8,12,20,24,22,1,2,21],[4,12,20,24,2,8,16],[20,16,12,4,24,2,8],[20,8,24,16,12,4,22,2],[8,4,24,22,2,20,16,12],[20,24,16,12,4,21,2,8],[24,4,2,12,16,20,8],[16,4,8,20,24,2,12],[12,4,8,24,22,2,20,16],[8,16,24,20,4,2,12],[4,20,24,2,12,16,8],[24,20,16,4,22,2,8,12],[4,16,24,2,8,20,12],[8,16,4,12,24,22,2,20],[24,4,2,8,20,12,16],[20,24,4,22,2,16,12,8],[8,20,24,16,4,22,2,12],[20,4,12,24,22,2,8,16],[4,24,22,2,16,12,8,20],[4,24,2,12,20,16,8],[12,24,20,4,2,16,8],[16,24,4,22,2,12,8,20],[4,24,2,8,16,12,20],[16,20,12,4,24,22,2,8],[24,16,12,8,20,4,2],[20,16,24,4,22,2,8,12],[12,16,8,4,24,2,20],[20,16,24,8,12,4,22,2],[24,8,20,12,4,2,16],[12,4,24,22,2,8,20,16],[24,12,20,16,4,22,2,8],[4,8,20,16,12,24,22,2],[12,20,8,24,4,2,16],[24,4,2,12,20,16,8],[20,16,24,4,2,8,12],[16,8,12,24,20,4,2],[12,24,4,2,8,20,16],[8,20,4,12,16,24,22,2],[4,16,20,24,22,2,12,8],[24,8,4,2,12,20,16],[16,20,24,4,22,2,12,8],[4,12,16,24,22,2,20,8],[4,24,22,2,20,8,16,12],[8,16,12,4,24,2,20],[20,8,24,16,12,4,22,2],[24,12,20,16,8,4,22,2],[16,4,12,20,24,22,2,8],[16,24,20,8,4,22,2,12],[24,20,16,12,8,4,22,2],[8,12,24,20,4,22,2,16],[16,20,4,12,8,24,22,2],[20,12,24,16,4,2,8],[4,24,22,2,16,12,20,8],[8,24,4,2,20,16,12],[8,12,24,4,2,16,20],[8,20,12,16,24,4,2],[20,8,12,16,4,24,2],[24,16,4,22,2,8,20,12],[16,24,20,4,2,12,8],[8,20,4,16,12,24,2],[8,16,12,20,24,4,2],[8,20,16,24,12,4,22,2],[24,8,16,20,4,2,12],[24,8,12,16,4,22,2,20],[12,4,8,20,24,22,2,16],[12,16,8,4,20,24,2],[8,24,4,2,20,16,12],[12,24,4,22,2,8,16,20],[12,16,4,8,20,24,22,2],[16,24,8,4,22,2,20,12],[12,4,24,2,16,20,8],[12,4,16,8,20,24,2],[24,12,4,2,8,16,20],[16,8,24,20,4,22,2,12],[16,20,24,4,2,12,8],[4,16,12,20,24,2,8],[4,20,12,8,16,24,22,2],[16,20,4,8,12,24,2],[24,12,16,8,4,22,2,20],[16,20,4,12,8,24,2],[4,24,22,2,8,16,12,20],[20,24,16,8,12,4,22,2],[12,16,20,24,8,4,22,2],[20,4,24,1,8,16,12,22,2,21],[24,20,8,16,12,4,2],[16,12,20,24,8,4,22,2],[20,8,12,4,24,22,2,16],[8,24,20,12,16,4,22,2],[8,20,4,16,12,24,22,2],[20,24,4,2,8,16,12],[12,16,4,24,2,8,20],[12,8,20,4,16,24,22,2],[4,16,12,20,24,22,2,8],[4,20,16,24,2,8,12],[20,24,4,22,2,8,12,16],[20,4,8,24,22,2,16,12],[12,4,8,24,2,16,20],[24,4,22,2,16,20,8,12],[20,16,12,8,4,24,22,2],[4,24,22,2,20,12,16,8],[24,20,8,4,2,16,12]],"n_human":10}