{"problem_id":"KQUm1G6X7S7s5dg","sigma":75,"alpha":10.000,"cost":2,"probabilities":"[0.22999999999999998, 0.33, 0.27, 0.17]","payoff_matrix":"[[-18, -4, -2, 31, -6, 43], [-8, 95, 91, 13, 47, 41], [-16, 1, 43, 105, -54, -15], [-4, 82, -111, -67, -25, -126]]","uncovered":[[6,14,10,7,11,5,9,8,12],[22,6,7,23,2,14,10,11,9,5,8,12],[22,6,23,2,14,10,11,7,9,5,8,12],[14,18,2,22,19,6,23,10,7,11,9,5],[22,6,7,23,14,2,10,11,9,5,8,12],[10,14,6,7,11,9,5,12,2,18,19,22,23,8],[22,2,6,23,10,7,11,5,9,12,14,18,19,8],[2,18,22,23,19,10,14,6,11,7,5,9,8,12],[6,22,7,23,10,11,9,5,8,12],[2,22,6,23,18,19,14,10,11,7,5,9,8,12],[14,2,6,22,23,18,19,10,7,11,9,5],[22,18,19,14,10,11,23,2,6,7,5,9],[6,10,11,7,5,9,8,12,2],[22,2,6,23,10,11,7,9,5,12,14,18,19,8],[2,10,6,11,7,5,9,12,22,23,18,19,14,8],[22,2,14,18,19,6,7,23,10,11,5,9,12,8],[6,10,7,11,5,9,12,18,19,2,22,23,14,8],[22,2,18,23,19,10,6,7,11,9,5,12,14,8],[10,18,11,19,2,14,6,7,5,9,12,22,23,8],[6,22,7,23,2,14,10,11,9,5,12,18,19,8],[6,14,22,7,23,18,19,10,11,9,5,12,2,8],[2,10,22,11,23,14,18,19,6,7,9,5,8,12],[18,14,22,23,19,10,6,7,11,5,9,12,2,8],[10,6,11,7,9,5,12,18,19,22,23,2,14,8],[22,14,2,6,23,18,19,10,7,11,5,9],[14,18,10,11,19,22,23,2,6,7,9,5,8,12],[10,2,22,23,14,18,11,19,6,7,5,9,12,8],[18,14,2,22,23,19,10,6,7,11,9,5,8,12],[10,6,11,7,5,9,12,22,23,14,18,19,2,8],[22,14,2,10,23,11,18,19,6,7,5,9],[6,18,7,19,22,23,2,14,10,11,9,5,12,8],[18,14,10,11,19,22,23,6,7,5,9,8,12],[22,10,11,23,18,19,14,6,7,9,5,12,2,8],[10,22,23,6,11,7,5,9,12,18,19,14,2,8],[2,22,14,6,23,18,19,10,11,7,5,9,12,8],[10,14,18,11,19,2,6,7,9,5,8,12],[18,2,14,10,11,19,6,7,9,5,12,22,23,8],[14,6,10,7,11,9,5,12,2,22,23,18,19,8],[18,6,19,2,14,22,23,10,11,7,5,9],[14,2,18,10,11,19,22,23,6,7,9,5],[22,10,11,23,2,6,7,9,5,8,12],[14,22,18,23,19,6,10,7,11,9,5,8,12],[14,22,18,19,2,10,23,6,11,7,5,9,12,8],[2,6,14,18,7,19,10,11,5,9,12,22,23,8],[14,18,2,22,23,19,10,6,11,7,5,9,8,12],[14,10,22,23,2,18,19,6,11,7,9,5,12,8],[2,14,22,18,19,6,23,10,11,7,5,9],[14,6,2,18,7,19,22,23,10,11,5,9],[22,2,18,19,10,23,14,6,7,11,9,5],[18,22,19,2,14,6,7,23,10,11,5,9,8,12],[6,18,7,19,22,23,10,11,9,5,12,14,2,8],[14,10,6,7,11,9,5,8,12],[18,10,11,19,6,7,9,5,12,2,14,22,23,8],[10,14,22,23,6,7,11,9,5,8,12],[2,22,10,23,18,19,6,11,7,5,9,8,12],[6,18,19,2,10,11,7,9,5,12,22,23,14,8],[22,18,23,19,6,14,2,10,11,7,5,9,8,12],[6,22,23,14,2,18,19,10,7,11,5,9,12,8],[22,18,23,19,14,6,10,7,11,9,5,12,2,8],[14,6,10,11,7,5,9,8,12],[6,10,7,11,5,9,8,12,22,23],[6,2,18,19,14,10,7,11,5,9,8,12],[18,6,19,14,22,7,23,2,10,11,5,9,8,12],[10,18,11,19,6,7,5,9,12,14,22,23,2,8],[2,14,22,6,23,10,7,11,5,9,12,18,19,8],[18,10,19,6,11,7,5,9,12,14,22,23,2,8],[18,14,22,23,19,6,2,10,11,7,9,5,12,8],[10,14,22,11,23,2,6,7,9,5,12,18,19,8],[2,14,22,10,11,23,6,7,5,9,12,18,19,8],[2,18,6,19,22,23,10,7,11,5,9,12,14,8],[14,2,22,10,23,6,7,11,5,9,8,12],[18,14,22,23,19,6,2,10,11,7,9,5,8,12],[14,2,6,18,7,19,22,23,10,11,9,5],[22,6,23,2,18,7,19,10,11,5,9,8,12],[22,6,23,14,2,10,11,7,9,5,8,12],[2,22,18,19,10,23,14,6,7,11,9,5,8,12],[22,18,19,14,6,23,10,7,11,5,9,8,12],[18,2,10,11,19,14,6,7,5,9,12,22,23,8],[22,14,6,23,2,18,19,10,7,11,9,5,12,8],[2,10,14,6,11,7,9,5,12,18,19,22,23,8],[6,10,7,11,5,9,12,18,19,2,22,23,14,8],[22,6,7,23,18,19,10,11,9,5,8,12],[2,14,6,18,19,10,7,11,5,9,8,12],[22,18,23,19,2,14,6,10,7,11,5,9,12,8],[18,10,11,19,6,7,9,5,8,12],[14,6,22,23,10,11,7,5,9,12,18,19,2,8],[6,22,7,23,2,18,19,14,10,11,9,5,12,8],[10,2,22,23,6,7,11,9,5,8,12],[6,22,23,14,18,7,19,10,11,9,5,12,2,8],[10,18,11,19,14,2,6,7,9,5,8,12],[10,18,19,2,6,7,11,5,9,8,12],[14,6,22,23,18,7,19,2,10,11,9,5],[6,18,7,19,10,11,9,5,8,12],[18,10,11,19,6,7,9,5,8,12],[14,6,18,7,19,10,11,9,5,8,12],[6,10,7,11,9,5,12,14,2,18,19,22,23,8],[22,2,18,23,19,14,10,6,7,11,5,9],[14,2,18,10,19,22,11,23,6,7,9,5],[6,14,22,7,23,10,11,9,5,8,12],[14,18,22,19,6,23,2,10,11,7,9,5,8,12],[14,10,18,19,2,22,11,23,6,7,5,9,12,8],[22,14,18,23,19,10,2,6,7,11,5,9],[2,14,22,10,23,18,11,19,6,7,5,9],[2,10,22,11,23,6,7,9,5,8,12],[14,18,6,19,22,23,2,10,7,11,5,9,12,8],[18,6,7,19,10,11,5,9,12,2,14,22,23,8],[22,2,6,7,23,14,18,19,10,11,5,9,12,8],[18,10,11,19,22,23,6,7,9,5,8,12],[22,18,19,10,11,23,14,6,7,5,9,12,2,8],[22,10,11,23,2,6,7,5,9,8,12],[6,22,7,23,2,10,11,9,5,12,14,18,19,8],[14,2,18,10,19,22,23,11,6,7,5,9,12,8],[10,22,23,18,11,19,14,2,6,7,9,5],[6,22,23,2,14,18,19,10,7,11,9,5,12,8],[18,22,23,19,14,10,6,11,7,9,5,12,2,8],[2,6,18,19,10,7,11,5,9,8,12],[14,18,6,19,10,11,7,9,5,12,2,22,23,8],[22,2,18,19,10,23,6,11,7,9,5,12,14,8],[2,22,14,6,23,18,19,10,11,7,5,9,8,12],[10,18,19,2,14,6,7,11,9,5,8,12],[2,6,14,10,7,11,9,5,8,12],[22,2,10,11,23,18,19,14,6,7,5,9],[2,14,22,10,11,23,6,7,5,9,8,12],[22,18,19,2,14,10,23,6,7,11,5,9,12,8],[22,14,18,23,19,10,2,6,11,7,9,5,8,12],[6,14,2,22,23,10,7,11,5,9,8,12],[18,22,23,19,2,10,14,6,7,11,5,9],[14,2,6,18,19,10,11,7,9,5,12,22,23,8],[2,22,18,19,10,11,23,6,7,5,9,8,12],[22,14,6,23,2,10,7,11,5,9,12,18,19,8],[18,10,11,19,14,6,7,9,5,12,2,22,23,8],[18,22,23,19,10,11,6,7,9,5,12,2,14,8],[14,2,22,6,7,23,18,19,10,11,5,9,8,12],[18,2,22,23,19,10,11,14,6,7,5,9,12,8],[10,14,6,11,7,5,9,8,12],[10,18,11,19,14,6,7,9,5,12,22,23,2,8],[10,22,23,2,6,7,11,9,5,8,12],[2,22,6,23,18,19,14,10,7,11,9,5,12,8],[2,18,14,10,19,22,23,6,11,7,5,9,12,8],[2,18,10,19,6,7,11,5,9,12,22,23,14,8],[14,10,2,22,11,23,6,7,9,5,12,18,19,8],[10,2,14,22,11,23,18,19,6,7,5,9,8,12],[6,10,7,11,9,5,12,2,14,22,23,18,19,8],[10,22,23,2,14,6,7,11,9,5,12,18,19,8],[2,6,14,18,19,10,7,11,5,9,12,22,23,8],[6,2,14,22,23,18,19,10,11,7,9,5,12,8],[6,2,22,23,18,7,19,10,11,9,5,12,14,8],[22,6,7,23,2,18,19,10,11,9,5,8,12],[2,18,10,19,6,7,11,5,9,8,12],[14,22,10,23,6,11,7,5,9,12,18,19,2,8],[22,10,23,6,7,11,5,9,12,18,19,14,2,8],[6,22,7,23,18,19,2,10,11,5,9,8,12],[22,2,14,6,7,23,18,19,10,11,9,5,12,8],[14,18,10,11,19,22,23,2,6,7,9,5,12,8],[18,2,14,22,19,10,11,23,6,7,9,5,12,8],[6,18,19,10,7,11,9,5,8,12],[22,18,23,19,2,10,6,7,11,5,9,8,12],[18,2,6,19,14,22,23,10,7,11,9,5],[10,2,6,11,7,5,9,12,18,19,14,22,23,8],[18,10,11,19,6,7,5,9,8,12],[6,2,14,22,23,18,7,19,10,11,9,5,8,12],[10,6,11,7,9,5,8,12,22,23],[18,10,19,6,7,11,9,5,8,12],[6,22,23,10,7,11,9,5,8,12],[10,2,14,6,7,11,9,5,12,22,23,18,19,8],[2,10,18,19,6,11,7,9,5,12,22,23,14,8],[2,14,18,22,23,19,6,10,7,11,5,9,12,8],[2,14,6,22,23,18,7,19,10,11,9,5],[2,6,22,23,18,19,10,7,11,9,5,12,14,8],[22,2,10,23,14,6,11,7,5,9,8,12],[22,2,6,7,23,18,19,10,11,9,5,8,12],[10,18,19,14,22,23,2,6,11,7,9,5],[18,10,11,19,2,14,6,7,9,5,8,12],[10,22,11,23,18,19,2,6,7,5,9,8,12],[10,14,6,7,11,9,5,12,22,23,18,19,2,8],[18,2,6,7,19,14,22,23,10,11,9,5],[22,18,23,19,6,10,7,11,9,5,12,2,14,8],[18,6,7,19,22,23,14,10,11,9,5,8,12],[18,6,7,19,2,10,11,9,5,8,12],[14,18,6,7,19,10,11,9,5,8,12],[14,18,22,23,19,6,10,11,7,5,9,12,2,8],[10,18,19,22,11,23,14,2,6,7,5,9],[14,6,10,7,11,5,9,8,12],[14,6,10,11,7,5,9,8,12],[22,2,6,23,18,19,10,11,7,5,9,12,14,8],[22,18,19,14,10,23,6,7,11,9,5,8,12],[2,14,18,22,23,19,10,6,7,11,5,9],[2,22,10,23,18,19,14,6,11,7,5,9,12,8],[6,18,7,19,14,2,10,11,9,5,8,12],[6,2,14,18,7,19,22,23,10,11,9,5,8,12],[10,2,22,11,23,6,7,5,9,12,14,18,19,8],[6,18,7,19,22,23,2,10,11,9,5,8,12],[14,6,10,11,7,5,9,8,12],[10,6,7,11,5,9,8,12,2],[10,22,23,2,6,7,11,5,9,8,12],[10,18,19,6,11,7,5,9,12,22,23,2,14,8],[6,10,11,7,9,5,12,22,23,2,14,18,19,8],[10,14,18,11,19,6,7,9,5,12,22,23,2,8],[22,10,11,23,18,19,2,6,7,9,5,12,14,8],[14,10,22,11,23,18,19,6,7,9,5,12,2,8],[2,18,10,19,6,11,7,5,9,12,22,23,14,8],[18,6,19,22,23,14,2,10,11,7,5,9],[2,14,10,18,19,6,11,7,5,9,12,22,23,8],[6,10,11,7,5,9,12,2,18,19,22,23,14,8],[14,6,2,18,7,19,10,11,9,5,12,22,23,8],[10,22,11,23,18,19,6,7,9,5,8,12],[22,2,14,18,23,19,10,11,6,7,9,5,12,8],[10,18,11,19,6,7,9,5,8,12],[2,18,22,23,19,6,14,10,7,11,9,5,8,12],[2,22,6,7,23,14,18,19,10,11,9,5,12,8],[18,14,10,19,6,11,7,5,9,8,12],[18,22,23,19,10,2,14,6,11,7,5,9,12,8],[14,18,10,19,6,7,11,5,9,12,22,23,2,8],[22,14,2,18,19,10,23,11,6,7,5,9,12,8],[2,10,6,11,7,5,9,8,12],[10,22,11,23,18,19,6,7,9,5,12,2,14,8],[10,6,7,11,5,9,8,12,22,23],[18,2,14,22,19,10,23,6,11,7,9,5,8,12],[14,22,18,23,19,6,10,7,11,9,5,12,2,8],[10,22,23,6,7,11,9,5,12,18,19,2,14,8],[18,10,19,6,7,11,9,5,12,22,23,2,14,8],[14,18,10,19,2,22,11,23,6,7,9,5],[22,2,18,19,14,10,11,23,6,7,5,9,8,12],[18,14,6,7,19,2,22,23,10,11,9,5,8,12],[10,22,11,23,6,7,5,9,12,18,19,2,14,8],[6,18,19,10,7,11,5,9,8,12],[14,18,22,23,19,2,10,6,11,7,9,5,8,12],[22,18,19,2,14,10,23,6,11,7,9,5,8,12],[6,2,22,7,23,10,11,5,9,8,12],[10,2,14,6,11,7,5,9,12,22,23,18,19,8],[6,14,22,23,2,10,11,7,9,5,12,18,19,8],[22,10,11,23,2,14,6,7,9,5,12,18,19,8],[2,10,22,11,23,14,6,7,5,9,8,12],[14,2,6,10,7,11,5,9,8,12],[10,2,6,11,7,5,9,12,18,19,22,23,14,8],[22,2,18,19,10,11,23,14,6,7,9,5,12,8],[14,18,10,19,2,6,7,11,9,5,8,12],[6,18,19,10,7,11,9,5,8,12],[2,14,18,22,23,19,6,10,7,11,5,9,12,8],[14,22,2,18,23,19,6,10,7,11,5,9,8,12],[2,18,22,19,10,11,23,6,7,5,9,12,14,8],[2,22,10,11,23,14,18,19,6,7,9,5,12,8],[2,22,6,23,14,18,7,19,10,11,5,9,12,8],[14,10,18,11,19,2,6,7,5,9,12,22,23,8],[2,6,22,23,10,7,11,5,9,12,18,19,14,8],[14,18,2,10,11,19,22,23,6,7,5,9,12,8],[18,22,19,10,23,6,11,7,5,9,8,12],[10,14,2,22,23,11,18,19,6,7,9,5,12,8],[10,6,11,7,9,5,8,12,22,23],[2,22,6,23,18,7,19,14,10,11,5,9],[22,18,23,19,10,2,14,6,11,7,5,9],[10,2,14,22,23,18,11,19,6,7,5,9,12,8],[14,10,6,7,11,9,5,8,12],[18,2,22,19,14,6,23,10,11,7,9,5,12,8],[2,22,18,19,6,23,10,11,7,5,9,8,12],[6,22,7,23,14,10,11,9,5,12,18,19,2,8],[2,18,6,7,19,10,11,9,5,8,12],[22,14,10,23,6,11,7,5,9,12,2,18,19,8],[2,22,10,11,23,14,6,7,5,9,12,18,19,8],[22,10,11,23,18,19,14,6,7,9,5,12,2,8],[14,22,18,19,6,7,23,2,10,11,9,5],[18,10,19,14,2,22,11,23,6,7,5,9,8,12],[10,2,14,22,11,23,18,19,6,7,9,5,12,8],[22,10,11,23,18,19,2,6,7,5,9,12,14,8],[22,14,2,18,19,10,11,23,6,7,5,9,12,8],[18,14,10,19,22,11,23,6,7,5,9,12,2,8],[6,2,14,18,19,22,7,23,10,11,5,9,12,8],[6,14,2,10,7,11,9,5,12,18,19,22,23,8],[2,14,18,6,7,19,10,11,9,5,12,22,23,8],[14,6,22,7,23,2,18,19,10,11,9,5,8,12],[10,22,11,23,14,6,7,5,9,12,18,19,2,8],[14,18,10,11,19,2,22,23,6,7,9,5,8,12],[22,6,23,14,10,11,7,5,9,8,12],[22,6,7,23,18,19,14,2,10,11,9,5,8,12],[14,22,6,7,23,2,18,19,10,11,5,9],[18,14,2,10,11,19,22,23,6,7,5,9,12,8],[22,10,23,6,7,11,9,5,8,12],[2,18,6,19,14,10,11,7,5,9,8,12],[14,6,18,7,19,22,23,10,11,9,5,12,2,8],[22,6,7,23,2,10,11,5,9,8,12],[14,2,10,22,23,18,11,19,6,7,9,5],[18,14,2,6,19,22,7,23,10,11,9,5,8,12],[10,2,22,11,23,14,6,7,5,9,8,12],[6,10,7,11,9,5,8,12,14],[14,6,2,10,7,11,9,5,8,12],[22,14,2,10,11,23,6,7,5,9,12,18,19,8],[6,2,10,7,11,5,9,8,12],[6,2,22,23,18,7,19,10,11,9,5,8,12],[6,10,7,11,5,9,8,12,14],[6,2,22,7,23,14,18,19,10,11,5,9,8,12],[14,18,6,7,19,10,11,9,5,8,12],[2,6,10,11,7,9,5,8,12],[2,18,14,22,19,6,23,10,7,11,9,5,8,12],[22,6,7,23,10,11,5,9,12,14,18,19,2,8],[2,6,18,19,14,10,7,11,5,9,12,22,23,8],[14,18,10,11,19,6,7,5,9,12,22,23,2,8],[10,14,6,7,11,9,5,8,12],[6,2,18,19,22,7,23,10,11,9,5,8,12],[18,2,14,22,19,6,7,23,10,11,5,9,8,12],[18,2,22,19,14,6,23,10,7,11,5,9,8,12],[18,14,22,19,2,6,23,10,7,11,9,5,12,8],[22,18,19,6,23,14,10,7,11,9,5,12,2,8],[6,2,10,11,7,5,9,8,12],[14,2,10,22,23,6,7,11,9,5,8,12],[14,10,6,11,7,5,9,12,18,19,2,22,23,8],[6,18,19,22,23,14,2,10,7,11,5,9,8,12],[6,22,7,23,14,18,19,2,10,11,5,9,8,12],[18,6,19,14,22,7,23,10,11,9,5,12,2,8],[2,6,10,11,7,5,9,12,22,23,14,18,19,8],[18,2,22,19,14,10,11,23,6,7,9,5,12,8],[10,22,23,14,2,18,11,19,6,7,9,5,12,8],[2,6,14,18,19,10,11,7,5,9,8,12],[14,2,10,22,11,23,18,19,6,7,5,9,8,12],[2,14,6,18,7,19,10,11,5,9,12,22,23,8],[22,18,19,6,7,23,14,10,11,9,5,8,12],[18,6,19,10,11,7,5,9,12,2,14,22,23,8],[14,10,6,11,7,5,9,8,12],[6,14,18,19,2,10,7,11,9,5,12,22,23,8],[6,2,14,10,7,11,9,5,8,12],[22,18,19,2,6,23,10,7,11,5,9,12,14,8],[14,18,10,11,19,2,6,7,5,9,12,22,23,8],[18,22,23,19,2,10,11,14,6,7,5,9,12,8],[14,18,22,19,10,23,11,2,6,7,9,5,8,12],[14,18,10,11,19,2,22,23,6,7,9,5,12,8],[22,14,10,11,23,6,7,9,5,8,12],[6,14,22,7,23,2,18,19,10,11,5,9,8,12],[22,2,10,23,18,11,19,14,6,7,5,9,8,12],[10,2,14,22,23,6,11,7,5,9,12,18,19,8],[22,6,7,23,10,11,9,5,8,12],[2,18,14,6,19,22,7,23,10,11,5,9,8,12],[18,10,11,19,14,2,6,7,5,9,12,22,23,8],[18,10,11,19,14,2,6,7,5,9,8,12],[14,18,2,22,23,19,6,10,11,7,9,5,12,8],[6,10,7,11,5,9,8,12,2],[2,6,10,7,11,9,5,8,12],[18,14,6,7,19,22,23,2,10,11,9,5,8,12],[6,18,7,19,10,11,5,9,8,12],[10,14,22,23,18,11,19,6,7,9,5,12,2,8],[22,6,23,14,18,19,2,10,11,7,5,9,12,8],[2,10,18,11,19,22,23,6,7,9,5,12,14,8],[22,6,23,10,11,7,5,9,12,2,14,18,19,8],[18,6,19,14,10,11,7,9,5,12,2,22,23,8],[6,10,11,7,9,5,8,12,2],[14,2,18,10,19,6,11,7,5,9,12,22,23,8],[10,18,11,19,2,6,7,5,9,12,22,23,14,8],[22,2,10,11,23,18,19,6,7,9,5,12,14,8],[18,22,19,14,10,23,6,7,11,5,9,12,2,8],[6,18,7,19,10,11,5,9,12,2,14,22,23,8],[2,6,14,10,11,7,5,9,8,12],[2,10,6,11,7,9,5,8,12],[22,6,23,2,10,11,7,5,9,12,18,19,14,8],[14,2,6,22,23,10,7,11,5,9,8,12],[2,10,18,11,19,22,23,6,7,5,9,8,12],[6,2,18,7,19,22,23,14,10,11,9,5,12,8],[22,14,6,23,2,18,7,19,10,11,5,9,8,12],[22,14,18,23,19,10,2,6,7,11,5,9,12,8],[22,2,6,7,23,10,11,5,9,8,12],[2,14,6,10,7,11,9,5,8,12],[18,10,11,19,2,14,6,7,9,5,12,22,23,8],[14,6,2,22,7,23,10,11,9,5,8,12],[2,6,10,11,7,5,9,12,18,19,14,22,23,8],[6,10,7,11,5,9,8,12,14],[14,2,22,6,7,23,10,11,9,5,8,12],[22,2,10,11,23,14,18,19,6,7,5,9,12,8],[2,18,22,19,6,23,14,10,11,7,5,9,8,12],[22,14,2,6,23,10,11,7,5,9,8,12],[14,18,6,19,10,11,7,9,5,8,12],[14,10,2,6,11,7,5,9,8,12],[22,14,18,19,2,6,23,10,11,7,9,5,12,8],[10,14,22,23,2,18,19,6,7,11,9,5],[2,10,18,11,19,14,6,7,9,5,12,22,23,8],[10,18,19,6,7,11,5,9,8,12],[10,18,11,19,6,7,9,5,8,12],[14,18,6,7,19,2,22,23,10,11,9,5,12,8],[14,22,6,7,23,18,19,2,10,11,9,5,12,8],[14,22,6,23,18,7,19,10,11,5,9,8,12],[6,14,18,19,10,11,7,5,9,12,2,22,23,8],[2,22,10,11,23,6,7,5,9,8,12],[22,10,11,23,2,6,7,9,5,8,12],[22,18,23,19,2,10,6,7,11,5,9,8,12],[22,14,18,23,19,6,10,11,7,9,5,12,2,8],[18,10,19,6,11,7,9,5,12,2,14,22,23,8],[22,18,19,2,10,23,6,11,7,5,9,12,14,8],[6,14,22,23,10,11,7,9,5,12,2,18,19,8],[10,18,11,19,6,7,9,5,12,2,22,23,14,8],[22,6,23,14,2,10,11,7,9,5,8,12],[22,14,10,23,6,11,7,9,5,12,18,19,2,8],[2,18,22,19,10,11,23,6,7,9,5,12,14,8],[18,6,7,19,10,11,9,5,12,14,2,22,23,8],[14,6,22,7,23,10,11,9,5,12,2,18,19,8],[10,22,11,23,18,19,2,6,7,5,9,8,12],[18,6,19,22,23,2,10,11,7,5,9,12,14,8],[18,2,22,19,10,11,23,6,7,9,5,8,12],[22,6,23,2,14,10,7,11,5,9,12,18,19,8],[6,10,11,7,9,5,8,12,18,19],[14,10,2,22,11,23,18,19,6,7,9,5,8,12],[22,10,23,14,18,19,2,6,7,11,9,5,8,12],[14,6,18,19,10,7,11,9,5,12,2,22,23,8],[14,2,18,22,19,10,11,23,6,7,9,5],[6,10,11,7,9,5,8,12,2],[6,2,14,22,7,23,18,19,10,11,5,9,8,12],[10,14,22,11,23,18,19,6,7,9,5,8,12],[18,6,7,19,22,23,2,10,11,5,9,8,12],[2,18,14,6,19,22,7,23,10,11,9,5,12,8],[14,6,18,7,19,22,23,10,11,9,5,8,12],[18,6,19,22,23,14,10,7,11,5,9,8,12],[18,2,14,10,11,19,22,23,6,7,9,5],[14,6,2,10,7,11,5,9,12,18,19,22,23,8],[2,10,14,18,19,6,7,11,5,9,8,12],[2,18,6,7,19,22,23,10,11,5,9,12,14,8],[10,22,23,14,6,7,11,9,5,12,2,18,19,8],[6,14,18,7,19,22,23,10,11,5,9,12,2,8],[10,18,11,19,14,6,7,5,9,8,12],[14,10,6,11,7,5,9,12,2,18,19,22,23,8],[6,22,7,23,18,19,2,14,10,11,9,5,12,8],[14,18,10,11,19,2,22,23,6,7,9,5,8,12],[10,6,11,7,9,5,8,12,22,23],[10,6,11,7,9,5,12,2,22,23,14,18,19,8],[10,6,7,11,9,5,12,14,18,19,2,22,23,8],[18,2,14,10,19,6,11,7,5,9,8,12],[2,6,10,11,7,9,5,8,12],[14,22,6,7,23,18,19,2,10,11,5,9],[14,10,22,23,2,11,18,19,6,7,5,9],[14,6,22,7,23,2,10,11,5,9,8,12],[18,2,22,23,19,10,14,6,11,7,5,9,12,8],[6,18,19,2,10,7,11,9,5,12,22,23,14,8],[2,6,10,7,11,9,5,12,18,19,22,23,14,8],[10,6,7,11,5,9,8,12,14],[6,10,11,7,9,5,8,12,14],[18,14,2,6,19,10,11,7,5,9,8,12],[22,14,18,23,19,6,10,7,11,9,5,12,2,8],[22,6,7,23,18,19,10,11,5,9,8,12],[2,6,18,19,10,7,11,5,9,8,12],[18,22,19,14,6,7,23,2,10,11,5,9,12,8],[14,6,22,23,10,7,11,5,9,8,12],[18,10,19,22,23,6,7,11,9,5,12,14,2,8],[6,14,2,10,7,11,9,5,12,22,23,18,19,8],[14,2,18,22,19,6,7,23,10,11,5,9],[14,2,10,22,23,18,11,19,6,7,9,5,8,12],[14,22,2,18,19,10,23,11,6,7,5,9,8,12],[14,2,6,18,7,19,10,11,9,5,8,12],[22,10,23,14,2,18,19,6,11,7,9,5,12,8],[2,10,18,19,6,11,7,5,9,12,14,22,23,8],[22,6,7,23,18,19,14,2,10,11,5,9,12,8],[10,6,11,7,5,9,12,2,22,23,18,19,14,8],[14,6,22,23,10,7,11,5,9,8,12],[6,22,7,23,2,14,18,19,10,11,5,9,8,12],[22,6,23,10,7,11,5,9,12,18,19,14,2,8],[14,6,2,22,23,10,11,7,5,9,8,12],[2,18,22,19,10,11,23,6,7,5,9,12,14,8],[14,2,10,18,11,19,22,23,6,7,9,5],[18,10,11,19,2,6,7,5,9,12,22,23,14,8],[2,14,10,6,7,11,9,5,8,12],[18,6,19,10,11,7,9,5,8,12],[2,14,6,18,7,19,10,11,9,5,8,12],[18,14,10,19,22,11,23,2,6,7,9,5,8,12],[14,22,6,7,23,18,19,2,10,11,5,9,12,8],[6,14,10,7,11,9,5,12,2,18,19,22,23,8],[2,22,14,6,23,10,7,11,9,5,8,12],[6,10,11,7,5,9,12,2,14,18,19,22,23,8],[18,6,7,19,10,11,9,5,8,12],[18,14,10,11,19,6,7,9,5,8,12],[6,10,11,7,5,9,12,22,23,18,19,14,2,8],[14,10,22,23,6,11,7,5,9,8,12],[6,14,18,19,22,23,2,10,7,11,9,5,12,8],[14,10,22,23,6,11,7,9,5,12,2,18,19,8],[18,2,14,6,7,19,10,11,9,5,12,22,23,8],[14,6,22,23,18,19,2,10,7,11,5,9,12,8],[6,18,7,19,22,23,14,10,11,5,9,12,2,8],[6,10,11,7,5,9,12,14,18,19,22,23,2,8],[6,2,22,23,18,7,19,14,10,11,5,9,12,8],[14,22,2,6,7,23,18,19,10,11,9,5,8,12],[22,14,18,19,6,7,23,10,11,5,9,8,12],[10,18,11,19,22,23,2,14,6,7,9,5,8,12],[6,18,19,10,7,11,5,9,8,12],[14,10,2,18,11,19,6,7,5,9,8,12],[10,6,7,11,9,5,8,12,18,19],[6,2,10,11,7,9,5,8,12],[22,2,10,23,6,7,11,5,9,8,12],[6,14,22,23,18,7,19,10,11,9,5,8,12],[18,10,11,19,2,14,22,23,6,7,9,5,8,12],[22,14,2,18,23,19,10,11,6,7,5,9,12,8],[10,14,22,23,2,6,11,7,5,9,12,18,19,8],[10,6,7,11,9,5,8,12,18,19],[18,10,19,14,2,22,11,23,6,7,9,5,8,12],[2,10,22,23,6,11,7,5,9,12,14,18,19,8],[18,22,23,19,14,2,6,10,7,11,9,5,12,8],[6,18,7,19,22,23,14,2,10,11,9,5,8,12],[22,2,18,19,6,7,23,14,10,11,9,5,12,8],[2,10,22,11,23,6,7,5,9,12,18,19,14,8],[6,10,7,11,5,9,8,12,2],[18,14,10,19,2,22,23,11,6,7,9,5,12,8],[18,14,2,22,23,19,6,10,7,11,5,9,8,12],[18,22,19,6,7,23,14,10,11,9,5,12,2,8],[2,6,22,7,23,10,11,9,5,12,18,19,14,8],[2,6,22,23,14,18,7,19,10,11,5,9,8,12],[6,18,19,2,14,10,11,7,9,5,12,22,23,8],[22,14,6,23,10,7,11,5,9,12,2,18,19,8],[14,22,18,23,19,10,11,2,6,7,9,5,12,8],[18,22,19,14,2,6,23,10,11,7,9,5,12,8],[14,2,22,18,19,6,7,23,10,11,5,9,12,8],[22,14,6,23,18,19,2,10,7,11,5,9],[2,10,22,11,23,6,7,9,5,8,12],[2,22,14,10,23,18,11,19,6,7,9,5,8,12],[10,14,22,23,6,11,7,9,5,12,18,19,2,8],[6,2,14,10,11,7,5,9,12,18,19,22,23,8],[6,18,19,2,14,10,7,11,9,5,8,12],[2,10,22,23,6,7,11,5,9,8,12],[18,2,6,7,19,22,23,10,11,9,5,8,12],[18,22,23,19,2,6,14,10,7,11,9,5,12,8],[22,10,11,23,6,7,5,9,12,14,18,19,2,8],[14,6,2,10,11,7,9,5,12,18,19,22,23,8],[22,2,14,10,23,18,11,19,6,7,9,5],[2,6,18,19,22,23,14,10,7,11,9,5,12,8],[2,6,18,7,19,22,23,14,10,11,5,9,12,8],[2,18,22,23,19,6,10,7,11,9,5,8,12],[10,18,19,2,22,11,23,6,7,5,9,12,14,8],[6,18,7,19,10,11,9,5,12,2,22,23,14,8],[14,6,18,7,19,22,23,10,11,9,5,8,12],[18,6,7,19,22,23,10,11,5,9,12,14,2,8],[6,18,19,10,11,7,9,5,12,2,22,23,14,8],[6,2,18,7,19,10,11,9,5,12,22,23,14,8],[6,10,7,11,9,5,8,12,14],[10,14,18,19,6,11,7,9,5,12,22,23,2,8],[18,22,19,6,23,10,7,11,9,5,8,12],[10,6,11,7,5,9,8,12,2],[10,2,6,11,7,9,5,12,18,19,22,23,14,8],[10,14,18,19,22,23,2,6,7,11,9,5,8,12],[2,18,14,6,7,19,10,11,5,9,12,22,23,8],[18,22,23,19,2,10,6,11,7,5,9,12,14,8],[2,6,14,18,19,10,7,11,9,5,12,22,23,8],[22,10,23,2,6,11,7,9,5,12,14,18,19,8],[22,14,6,7,23,10,11,5,9,8,12],[6,10,11,7,9,5,12,18,19,22,23,2,14,8],[6,2,22,7,23,14,10,11,9,5,8,12],[18,14,10,19,2,6,11,7,9,5,8,12],[14,22,10,23,6,7,11,9,5,8,12],[6,2,10,11,7,5,9,8,12],[6,14,2,10,11,7,9,5,8,12],[14,10,2,18,11,19,6,7,9,5,8,12],[18,2,10,11,19,6,7,9,5,12,22,23,14,8],[18,2,6,19,10,11,7,9,5,8,12],[22,18,19,10,23,14,6,7,11,9,5,8,12],[18,10,19,14,6,7,11,9,5,12,22,23,2,8],[6,22,23,10,7,11,5,9,12,18,19,14,2,8],[22,2,14,6,23,18,7,19,10,11,9,5,12,8],[10,18,19,22,11,23,2,6,7,5,9,12,14,8],[10,14,18,19,2,22,23,6,7,11,9,5,8,12],[2,10,14,22,11,23,6,7,5,9,8,12],[14,22,18,19,10,23,2,6,7,11,9,5,12,8],[14,6,22,23,18,7,19,10,11,9,5,12,2,8],[22,6,7,23,18,19,10,11,5,9,8,12],[10,6,7,11,5,9,12,2,22,23,18,19,14,8],[6,2,18,7,19,14,22,23,10,11,9,5],[18,22,19,10,23,2,6,7,11,9,5,12,14,8],[2,18,6,19,14,10,7,11,9,5,8,12],[6,14,2,10,7,11,5,9,12,18,19,22,23,8],[18,14,22,23,19,2,6,10,7,11,9,5,8,12],[2,6,10,7,11,5,9,12,22,23,14,18,19,8],[22,6,23,18,19,14,2,10,7,11,9,5,12,8],[6,18,19,2,22,7,23,14,10,11,9,5,8,12],[22,6,7,23,10,11,5,9,12,18,19,2,14,8],[6,14,2,22,7,23,18,19,10,11,5,9,8,12],[2,22,18,19,6,7,23,14,10,11,9,5,8,12],[2,22,14,10,11,23,18,19,6,7,5,9],[18,14,6,19,22,23,10,11,7,5,9,8,12],[10,2,6,11,7,9,5,12,22,23,14,18,19,8],[6,18,19,22,7,23,2,10,11,5,9,12,14,8],[22,6,7,23,10,11,9,5,8,12],[10,2,6,11,7,5,9,12,22,23,14,18,19,8],[22,2,10,23,11,14,6,7,5,9,8,12],[14,18,22,19,6,23,10,11,7,9,5,12,2,8],[10,14,2,22,23,6,7,11,5,9,12,18,19,8],[18,22,19,10,11,23,6,7,5,9,8,12],[10,22,23,6,7,11,5,9,8,12],[22,10,11,23,18,19,6,7,5,9,8,12],[6,14,22,23,2,18,7,19,10,11,9,5],[2,10,22,23,6,11,7,5,9,12,14,18,19,8],[10,2,22,11,23,14,18,19,6,7,9,5,12,8],[10,18,11,19,2,6,7,5,9,12,14,22,23,8],[2,10,6,11,7,5,9,8,12],[2,10,22,11,23,14,6,7,5,9,12,18,19,8],[18,2,10,19,22,23,6,7,11,9,5,12,14,8],[6,14,18,19,2,22,7,23,10,11,5,9],[10,22,11,23,14,2,6,7,5,9,8,12],[18,14,10,19,2,22,23,6,7,11,5,9,8,12],[18,2,22,19,6,7,23,14,10,11,5,9,12,8],[6,2,14,18,7,19,10,11,9,5,8,12],[2,6,18,19,10,7,11,5,9,8,12],[2,14,18,10,19,6,11,7,5,9,12,22,23,8],[22,10,23,18,11,19,14,2,6,7,9,5,8,12],[22,14,10,23,2,6,11,7,9,5,12,18,19,8],[18,14,10,11,19,2,6,7,5,9,8,12],[14,6,22,23,18,19,2,10,7,11,9,5,12,8],[6,10,11,7,5,9,8,12,22,23],[2,6,18,19,14,22,7,23,10,11,9,5,8,12],[22,14,6,7,23,18,19,2,10,11,9,5,12,8],[6,2,10,7,11,5,9,12,18,19,14,22,23,8],[2,22,14,10,11,23,18,19,6,7,5,9,8,12],[10,2,14,6,7,11,5,9,12,22,23,18,19,8],[18,6,7,19,2,14,10,11,5,9,8,12],[10,22,23,6,7,11,5,9,8,12],[22,6,23,14,18,7,19,10,11,5,9,8,12],[10,14,18,11,19,2,22,23,6,7,5,9,12,8],[10,2,6,11,7,5,9,12,22,23,14,18,19,8],[18,6,7,19,10,11,5,9,12,14,22,23,2,8],[10,18,11,19,6,7,9,5,12,14,2,22,23,8],[22,10,23,2,18,11,19,14,6,7,5,9,12,8],[2,22,6,23,14,10,11,7,5,9,8,12],[2,22,10,11,23,18,19,14,6,7,5,9,12,8],[2,10,6,11,7,9,5,12,22,23,18,19,14,8],[18,6,7,19,14,22,23,2,10,11,9,5,8,12],[22,18,23,19,10,11,14,6,7,9,5,8,12],[22,6,7,23,10,11,9,5,8,12],[2,6,22,23,18,19,14,10,11,7,9,5,8,12],[6,10,7,11,9,5,8,12,22,23],[6,14,18,19,22,7,23,10,11,5,9,12,2,8],[18,22,19,14,6,23,2,10,7,11,5,9,8,12],[14,2,6,10,11,7,9,5,8,12],[14,6,2,18,19,22,7,23,10,11,9,5],[10,2,6,11,7,9,5,8,12],[18,6,7,19,10,11,9,5,12,14,2,22,23,8],[22,14,2,10,11,23,6,7,9,5,12,18,19,8],[18,22,19,2,14,10,23,11,6,7,5,9,12,8],[10,2,6,7,11,5,9,12,22,23,14,18,19,8],[10,6,7,11,5,9,8,12,14],[18,10,11,19,6,7,5,9,12,2,14,22,23,8],[14,22,18,23,19,2,6,10,11,7,5,9],[18,6,7,19,10,11,5,9,8,12],[2,6,14,18,19,22,23,10,11,7,5,9,8,12],[2,22,6,23,18,7,19,14,10,11,9,5],[22,14,10,23,11,6,7,9,5,8,12],[22,14,6,7,23,2,10,11,9,5,12,18,19,8],[22,18,23,19,14,10,6,11,7,5,9,12,2,8],[22,18,19,2,10,23,14,6,11,7,5,9,12,8],[10,22,11,23,6,7,5,9,12,14,18,19,2,8],[6,14,10,11,7,9,5,8,12],[18,10,11,19,22,23,6,7,5,9,12,14,2,8],[2,6,22,23,14,18,19,10,11,7,5,9,8,12],[6,14,22,7,23,10,11,9,5,12,18,19,2,8],[6,10,11,7,5,9,12,22,23,18,19,2,14,8],[22,10,11,23,18,19,2,14,6,7,5,9,8,12],[10,14,6,11,7,5,9,12,22,23,2,18,19,8],[22,6,23,14,10,11,7,9,5,8,12],[6,14,2,18,7,19,10,11,9,5,8,12],[18,22,19,2,14,10,11,23,6,7,9,5],[10,14,6,7,11,9,5,8,12],[18,6,7,19,2,14,22,23,10,11,5,9,12,8],[6,14,22,23,18,7,19,2,10,11,9,5,12,8],[18,10,11,19,14,2,22,23,6,7,9,5,12,8],[2,6,22,23,10,7,11,5,9,8,12],[10,18,19,6,11,7,9,5,8,12],[22,18,23,19,6,2,14,10,7,11,9,5,8,12],[22,18,23,19,2,6,14,10,11,7,9,5,8,12],[18,2,10,11,19,22,23,6,7,5,9,12,14,8],[22,14,18,23,19,2,6,10,7,11,9,5],[14,6,2,18,19,10,7,11,5,9,8,12],[6,18,19,2,10,7,11,9,5,12,22,23,14,8],[6,14,10,11,7,9,5,12,18,19,2,22,23,8],[6,14,10,7,11,5,9,12,2,22,23,18,19,8],[6,14,2,10,11,7,9,5,8,12],[10,22,11,23,6,7,5,9,8,12],[10,18,19,2,6,11,7,9,5,12,14,22,23,8],[10,14,22,23,2,11,6,7,9,5,8,12],[14,2,22,6,7,23,10,11,9,5,12,18,19,8],[2,22,18,19,6,7,23,10,11,9,5,12,14,8],[22,14,10,11,23,18,19,2,6,7,5,9],[6,18,7,19,2,10,11,5,9,12,22,23,14,8],[6,18,19,22,7,23,10,11,9,5,12,2,14,8],[2,6,10,11,7,5,9,12,18,19,14,22,23,8],[10,22,23,6,11,7,9,5,12,18,19,14,2,8],[14,2,6,18,7,19,22,23,10,11,5,9],[6,10,7,11,5,9,8,12,22,23],[22,10,23,18,19,14,2,6,11,7,9,5,8,12],[14,2,22,18,19,6,23,10,11,7,5,9,8,12],[6,10,7,11,9,5,12,14,2,18,19,22,23,8],[14,18,10,19,22,11,23,6,7,9,5,12,2,8],[6,2,18,19,22,7,23,10,11,9,5,12,14,8],[2,22,14,6,7,23,10,11,9,5,8,12],[14,6,2,18,7,19,10,11,5,9,12,22,23,8],[14,10,6,7,11,5,9,8,12],[18,2,14,10,11,19,6,7,5,9,8,12],[6,18,19,10,11,7,5,9,12,22,23,2,14,8],[14,2,18,22,19,10,11,23,6,7,9,5,12,8],[2,22,6,7,23,14,18,19,10,11,9,5,8,12],[10,6,7,11,5,9,12,2,14,18,19,22,23,8],[2,18,10,19,22,11,23,6,7,9,5,8,12],[10,2,6,11,7,5,9,8,12],[2,14,22,6,7,23,10,11,9,5,12,18,19,8],[22,14,6,7,23,18,19,10,11,5,9,12,2,8],[18,14,10,19,6,7,11,9,5,8,12],[18,10,11,19,22,23,6,7,9,5,12,14,2,8],[18,2,6,7,19,14,22,23,10,11,5,9,12,8],[14,22,6,7,23,2,10,11,9,5,12,18,19,8],[22,10,23,14,2,6,7,11,5,9,12,18,19,8],[14,10,22,23,6,11,7,5,9,12,18,19,2,8],[10,6,11,7,5,9,12,22,23,2,18,19,14,8],[2,10,14,6,7,11,5,9,12,18,19,22,23,8],[18,2,14,22,23,19,6,10,11,7,5,9,12,8],[2,18,14,22,19,10,11,23,6,7,9,5,12,8],[14,10,22,11,23,6,7,9,5,12,2,18,19,8],[22,6,23,10,11,7,9,5,8,12],[2,14,22,18,23,19,6,10,11,7,9,5,8,12],[6,22,23,2,10,11,7,9,5,8,12],[18,6,19,22,7,23,14,10,11,9,5,8,12],[14,2,6,10,7,11,5,9,12,22,23,18,19,8],[14,22,18,23,19,10,6,11,7,5,9,8,12],[10,18,19,14,2,6,7,11,9,5,8,12],[14,10,6,11,7,5,9,8,12],[10,14,2,22,23,18,19,6,11,7,9,5],[14,18,10,11,19,6,7,9,5,12,2,22,23,8],[10,14,22,11,23,18,19,6,7,5,9,8,12],[2,14,6,18,7,19,22,23,10,11,9,5,12,8],[18,14,6,7,19,22,23,10,11,9,5,8,12],[14,2,10,18,11,19,6,7,9,5,8,12],[14,2,22,10,11,23,6,7,9,5,12,18,19,8],[10,14,6,11,7,5,9,8,12],[22,2,10,23,18,11,19,14,6,7,5,9],[2,14,10,18,11,19,6,7,5,9,8,12],[2,10,6,7,11,9,5,12,18,19,14,22,23,8],[18,2,14,6,19,10,7,11,9,5,8,12],[18,2,10,19,22,23,6,11,7,9,5,12,14,8],[18,2,22,23,19,10,14,6,7,11,5,9,12,8],[2,6,18,19,22,23,14,10,7,11,5,9,12,8],[10,6,7,11,9,5,8,12,18,19],[6,22,7,23,18,19,14,10,11,5,9,8,12],[2,14,22,6,7,23,10,11,5,9,12,18,19,8],[18,14,6,19,22,7,23,2,10,11,9,5,12,8],[10,18,19,14,2,22,23,6,11,7,5,9],[10,14,22,23,18,19,6,11,7,5,9,8,12],[14,18,10,19,6,7,11,9,5,8,12],[2,22,6,7,23,14,10,11,9,5,8,12],[22,18,19,2,10,11,23,14,6,7,9,5,12,8],[22,6,23,10,7,11,9,5,12,2,18,19,14,8],[2,18,6,19,10,11,7,5,9,8,12],[2,14,6,18,19,10,7,11,5,9,8,12],[18,22,23,19,10,2,6,7,11,5,9,8,12],[6,22,23,18,19,10,11,7,9,5,12,2,14,8],[6,22,7,23,18,19,10,11,5,9,12,2,14,8],[14,22,10,11,23,6,7,9,5,8,12],[22,10,11,23,2,6,7,5,9,12,18,19,14,8],[14,2,6,22,7,23,10,11,9,5,8,12],[22,14,2,6,7,23,10,11,5,9,12,18,19,8],[18,6,7,19,22,23,2,10,11,9,5,12,14,8],[2,18,6,7,19,10,11,5,9,12,22,23,14,8],[22,10,11,23,14,18,19,6,7,5,9,12,2,8],[18,14,2,22,23,19,10,6,7,11,9,5,8,12],[10,14,18,11,19,6,7,5,9,8,12],[22,10,23,18,19,6,7,11,5,9,8,12],[10,6,7,11,5,9,8,12,14],[2,14,10,6,11,7,9,5,12,22,23,18,19,8],[6,22,23,10,11,7,9,5,12,18,19,14,2,8],[2,22,14,18,23,19,10,11,6,7,9,5,8,12],[22,2,6,23,18,19,14,10,7,11,9,5],[18,10,19,6,11,7,9,5,8,12],[10,22,11,23,18,19,14,2,6,7,5,9,12,8],[18,6,19,22,23,2,10,7,11,9,5,8,12],[14,6,2,10,7,11,9,5,8,12],[6,14,18,19,2,22,23,10,11,7,5,9,12,8],[14,22,18,19,2,6,7,23,10,11,9,5,8,12],[2,10,14,22,23,18,11,19,6,7,5,9,12,8],[6,22,23,2,14,18,7,19,10,11,5,9,12,8],[2,14,6,10,7,11,9,5,8,12],[10,14,18,19,2,6,11,7,5,9,8,12],[18,22,23,19,6,2,14,10,11,7,5,9,12,8],[6,2,18,19,22,23,10,11,7,5,9,8,12],[14,6,22,7,23,2,10,11,5,9,8,12],[2,14,10,6,11,7,5,9,8,12],[22,18,19,14,6,7,23,10,11,9,5,8,12],[14,18,10,11,19,22,23,6,7,9,5,8,12],[10,18,11,19,14,2,22,23,6,7,9,5,8,12],[6,2,18,19,22,7,23,10,11,9,5,12,14,8],[10,2,6,11,7,9,5,12,14,22,23,18,19,8],[18,10,19,2,6,11,7,9,5,12,22,23,14,8],[18,10,19,22,23,6,11,7,9,5,8,12],[10,2,18,11,19,22,23,14,6,7,5,9,8,12],[18,10,11,19,22,23,6,7,5,9,8,12],[6,18,7,19,10,11,5,9,12,2,22,23,14,8],[2,14,18,22,23,19,6,10,7,11,5,9,12,8],[10,2,6,11,7,9,5,8,12],[18,22,23,19,10,6,11,7,5,9,12,2,14,8],[6,10,7,11,5,9,8,12,22,23],[6,18,19,22,7,23,14,10,11,5,9,12,2,8],[22,14,18,19,2,6,23,10,7,11,9,5],[6,14,18,7,19,22,23,2,10,11,5,9,8,12],[6,18,7,19,14,22,23,2,10,11,9,5,12,8],[18,10,19,6,7,11,9,5,8,12],[14,6,18,7,19,10,11,5,9,12,2,22,23,8],[14,10,6,7,11,9,5,12,2,18,19,22,23,8],[10,18,19,6,11,7,5,9,12,22,23,2,14,8],[2,10,22,11,23,14,6,7,9,5,12,18,19,8],[18,10,19,14,6,11,7,5,9,8,12],[18,22,19,6,23,10,11,7,9,5,8,12],[22,6,23,14,2,18,7,19,10,11,5,9,8,12],[10,14,18,19,6,7,11,9,5,8,12],[14,2,22,18,19,10,11,23,6,7,5,9,8,12],[6,10,11,7,5,9,8,12,18,19],[14,18,2,22,23,19,6,10,7,11,9,5,8,12],[10,6,11,7,9,5,12,2,14,22,23,18,19,8],[22,2,14,18,19,6,7,23,10,11,9,5,8,12],[14,18,22,19,2,10,23,11,6,7,5,9,8,12],[22,2,14,10,23,6,7,11,5,9,12,18,19,8],[2,10,22,23,18,19,6,11,7,5,9,12,14,8],[22,18,19,2,14,6,7,23,10,11,5,9,12,8],[22,18,19,2,6,23,10,7,11,5,9,8,12],[14,10,22,23,11,2,6,7,9,5,12,18,19,8],[10,2,6,7,11,5,9,12,14,18,19,22,23,8],[10,18,19,6,7,11,5,9,12,2,22,23,14,8],[10,2,22,11,23,14,18,19,6,7,5,9,8,12],[22,10,23,6,11,7,5,9,12,14,18,19,2,8],[14,10,18,19,22,23,6,11,7,9,5,12,2,8],[6,22,7,23,2,18,19,10,11,9,5,8,12],[6,10,7,11,9,5,8,12,2],[14,10,2,6,7,11,9,5,8,12],[18,6,7,19,14,2,10,11,9,5,12,22,23,8],[6,2,22,7,23,14,18,19,10,11,9,5,8,12],[6,14,22,7,23,18,19,10,11,5,9,8,12],[18,2,22,23,19,14,6,10,7,11,5,9,8,12],[18,14,22,19,10,11,23,6,7,9,5,8,12],[18,10,19,22,23,14,6,11,7,9,5,8,12],[18,22,19,6,7,23,10,11,5,9,12,2,14,8],[18,14,6,19,22,7,23,10,11,9,5,8,12],[14,18,6,19,2,10,11,7,9,5,8,12],[2,18,14,22,23,19,10,11,6,7,5,9,8,12],[22,6,23,18,7,19,10,11,9,5,12,2,14,8],[10,2,6,7,11,5,9,12,18,19,14,22,23,8],[14,6,22,7,23,10,11,5,9,8,12],[6,22,7,23,10,11,5,9,12,2,14,18,19,8],[14,10,6,7,11,5,9,12,22,23,18,19,2,8],[2,10,22,23,6,7,11,5,9,8,12],[10,14,18,11,19,6,7,9,5,8,12],[6,10,11,7,5,9,12,22,23,18,19,14,2,8],[6,22,7,23,14,2,10,11,5,9,8,12],[2,14,18,10,11,19,6,7,9,5,12,22,23,8],[2,14,18,22,19,6,7,23,10,11,9,5,12,8],[2,6,22,7,23,14,18,19,10,11,5,9],[18,2,22,23,19,6,10,11,7,9,5,12,14,8],[22,10,23,2,6,11,7,5,9,8,12],[10,18,11,19,6,7,9,5,12,14,22,23,2,8],[18,10,11,19,2,14,22,23,6,7,9,5,8,12],[2,6,18,19,14,22,7,23,10,11,5,9,12,8],[10,22,23,18,19,14,6,7,11,5,9,12,2,8],[10,22,11,23,18,19,2,14,6,7,9,5,8,12],[2,22,18,19,10,11,23,14,6,7,9,5],[18,14,10,19,22,11,23,2,6,7,5,9,12,8],[2,10,6,7,11,5,9,8,12],[6,14,18,7,19,10,11,9,5,8,12],[14,2,6,22,23,18,19,10,11,7,5,9,8,12],[14,22,2,18,19,10,23,11,6,7,9,5,8,12],[14,18,22,19,6,23,10,7,11,5,9,12,2,8],[6,18,19,10,7,11,5,9,8,12],[18,2,10,19,14,6,7,11,5,9,12,22,23,8],[6,22,23,18,19,10,7,11,9,5,12,2,14,8],[18,22,23,19,6,2,10,7,11,5,9,8,12],[14,6,18,19,2,10,7,11,5,9,12,22,23,8],[22,18,19,14,2,10,23,11,6,7,5,9,8,12],[14,6,2,18,19,10,11,7,9,5,12,22,23,8],[14,2,22,6,23,18,19,10,11,7,5,9,12,8],[10,18,11,19,14,22,23,6,7,9,5,8,12],[6,2,10,11,7,9,5,8,12],[10,22,23,18,11,19,6,7,9,5,8,12],[10,6,11,7,9,5,8,12,18,19],[2,22,18,19,6,7,23,14,10,11,9,5,12,8],[22,2,6,23,14,10,11,7,9,5,12,18,19,8],[6,14,10,11,7,9,5,12,22,23,2,18,19,8],[22,10,11,23,14,18,19,2,6,7,5,9,8,12],[18,6,19,2,10,11,7,5,9,8,12],[10,22,11,23,6,7,5,9,12,14,2,18,19,8],[18,22,23,19,6,2,14,10,7,11,9,5,8,12],[18,2,10,19,22,23,14,6,7,11,9,5,12,8],[18,14,2,10,19,6,7,11,9,5,8,12],[18,2,22,19,14,10,23,6,7,11,9,5],[22,18,23,19,10,14,2,6,7,11,9,5,8,12],[2,18,22,23,19,14,10,11,6,7,5,9],[18,14,2,22,23,19,6,10,11,7,9,5,12,8],[18,14,10,11,19,6,7,5,9,12,22,23,2,8],[22,2,10,11,23,18,19,14,6,7,5,9,8,12],[18,6,7,19,22,23,10,11,5,9,8,12],[10,2,14,22,11,23,18,19,6,7,5,9,8,12],[2,10,18,19,6,11,7,5,9,8,12],[18,22,23,19,6,10,7,11,9,5,12,2,14,8],[22,2,14,10,11,23,6,7,9,5,12,18,19,8],[10,2,18,19,6,7,11,9,5,12,14,22,23,8],[14,18,22,23,19,10,2,6,7,11,5,9],[2,22,6,23,10,11,7,9,5,8,12],[6,2,10,11,7,5,9,8,12],[6,22,23,2,18,7,19,14,10,11,9,5,12,8],[2,10,22,11,23,6,7,9,5,8,12],[10,2,14,22,11,23,6,7,9,5,12,18,19,8],[18,2,14,6,7,19,22,23,10,11,5,9,12,8],[14,18,22,19,6,7,23,2,10,11,5,9,8,12],[22,14,2,10,11,23,18,19,6,7,9,5,12,8],[22,10,11,23,6,7,9,5,12,18,19,14,2,8],[10,14,22,11,23,18,19,2,6,7,9,5,12,8],[6,2,14,18,7,19,10,11,9,5,12,22,23,8],[10,14,2,18,19,22,23,6,11,7,9,5,12,8],[14,10,6,7,11,5,9,12,18,19,22,23,2,8],[18,22,23,19,14,2,10,6,11,7,5,9,8,12],[14,10,2,18,11,19,22,23,6,7,9,5,12,8],[14,2,10,18,19,22,11,23,6,7,9,5,8,12],[2,14,6,18,7,19,10,11,5,9,12,22,23,8],[6,10,7,11,5,9,8,12,18,19],[18,22,19,6,7,23,2,14,10,11,5,9,8,12],[6,14,2,10,7,11,5,9,12,22,23,18,19,8],[6,2,18,19,22,7,23,14,10,11,5,9],[2,18,22,23,19,10,6,11,7,5,9,8,12],[18,6,7,19,22,23,10,11,5,9,8,12],[22,18,19,10,11,23,2,14,6,7,9,5],[18,6,7,19,14,2,22,23,10,11,9,5,12,8],[18,10,11,19,6,7,9,5,8,12],[2,22,6,23,10,11,7,5,9,12,14,18,19,8],[2,10,14,6,7,11,9,5,12,22,23,18,19,8],[2,22,14,18,23,19,6,10,7,11,5,9],[14,2,22,18,23,19,6,10,11,7,5,9,8,12],[6,10,7,11,9,5,8,12,22,23],[18,2,6,19,10,7,11,9,5,12,22,23,14,8],[22,14,10,23,6,7,11,9,5,12,18,19,2,8],[14,22,6,7,23,10,11,9,5,12,2,18,19,8],[6,2,18,7,19,22,23,10,11,9,5,8,12],[22,2,10,23,18,11,19,6,7,5,9,8,12],[6,10,7,11,5,9,12,14,2,18,19,22,23,8],[6,22,23,2,18,19,14,10,11,7,9,5,12,8],[18,6,19,14,22,23,2,10,7,11,5,9,12,8],[22,14,2,6,7,23,10,11,9,5,8,12],[14,18,22,19,2,10,23,6,7,11,5,9,12,8],[18,2,6,19,10,11,7,9,5,8,12],[18,6,19,10,7,11,5,9,8,12],[2,6,18,7,19,14,10,11,5,9,12,22,23,8],[22,2,6,23,10,7,11,5,9,8,12],[14,2,18,6,7,19,10,11,5,9,8,12],[10,18,19,14,6,11,7,5,9,8,12],[10,14,22,23,2,18,19,6,7,11,9,5,8,12],[6,22,23,14,18,7,19,2,10,11,9,5,12,8],[14,6,10,7,11,5,9,8,12],[2,10,22,23,14,18,11,19,6,7,5,9,8,12],[10,14,18,19,2,6,11,7,9,5,8,12],[6,18,19,10,7,11,5,9,8,12],[18,14,2,6,19,22,7,23,10,11,9,5,8,12],[2,22,14,6,7,23,10,11,5,9,12,18,19,8],[14,2,18,10,11,19,6,7,5,9,8,12],[10,22,11,23,14,2,18,19,6,7,9,5,8,12],[10,2,22,23,18,11,19,14,6,7,9,5,8,12],[6,22,23,18,19,2,10,7,11,5,9,12,14,8],[10,14,2,6,7,11,9,5,12,18,19,22,23,8],[10,18,11,19,22,23,2,14,6,7,5,9,12,8],[10,2,14,6,11,7,9,5,12,22,23,18,19,8],[6,22,7,23,10,11,9,5,8,12],[18,22,23,19,14,6,10,11,7,9,5,12,2,8],[10,2,18,19,6,11,7,5,9,12,22,23,14,8],[10,18,19,6,11,7,5,9,12,22,23,14,2,8],[6,14,22,23,2,10,7,11,9,5,12,18,19,8],[2,14,22,18,23,19,10,11,6,7,5,9,8,12],[22,2,18,23,19,14,6,10,11,7,9,5,8,12],[10,22,11,23,6,7,9,5,8,12],[10,2,14,18,19,6,7,11,9,5,8,12],[18,22,23,19,6,10,7,11,5,9,8,12],[6,14,2,22,7,23,10,11,5,9,12,18,19,8],[6,10,7,11,5,9,12,14,18,19,22,23,2,8],[10,6,7,11,9,5,8,12,2],[14,2,18,6,7,19,22,23,10,11,9,5],[18,14,6,7,19,22,23,2,10,11,5,9,8,12],[10,2,22,23,6,11,7,9,5,12,18,19,14,8],[18,10,11,19,2,14,22,23,6,7,9,5,12,8],[10,22,11,23,14,6,7,9,5,12,18,19,2,8],[14,18,22,19,2,10,23,6,11,7,9,5,12,8],[22,6,23,2,14,10,7,11,9,5,12,18,19,8],[14,18,10,19,6,11,7,5,9,12,22,23,2,8],[2,6,14,10,11,7,9,5,8,12],[10,6,7,11,5,9,12,18,19,2,14,22,23,8],[22,14,18,23,19,6,2,10,7,11,9,5],[14,2,18,22,19,10,11,23,6,7,9,5,12,8],[10,14,18,11,19,6,7,9,5,12,22,23,2,8],[18,10,11,19,2,22,23,14,6,7,9,5,12,8],[22,18,19,10,23,6,7,11,9,5,8,12],[22,18,19,14,10,23,2,11,6,7,5,9,8,12],[2,6,10,7,11,5,9,8,12],[10,14,6,11,7,9,5,12,18,19,22,23,2,8],[22,18,19,10,23,2,14,6,11,7,9,5],[14,10,18,11,19,2,22,23,6,7,9,5],[10,22,11,23,2,18,19,14,6,7,9,5],[22,2,14,6,23,18,19,10,11,7,9,5,12,8],[2,22,18,19,6,7,23,14,10,11,5,9,8,12],[2,10,18,19,6,11,7,9,5,12,14,22,23,8],[6,2,22,7,23,18,19,14,10,11,9,5,8,12],[14,6,10,7,11,5,9,8,12],[22,18,19,2,6,23,10,11,7,9,5,8,12],[10,14,6,7,11,5,9,8,12],[22,10,11,23,6,7,5,9,8,12],[18,22,23,19,2,10,14,6,11,7,5,9,8,12],[18,14,22,19,6,23,2,10,7,11,9,5,12,8],[10,6,11,7,5,9,12,14,18,19,22,23,2,8],[18,6,19,2,22,23,10,7,11,5,9,8,12],[10,6,11,7,9,5,8,12,14],[18,6,7,19,14,10,11,5,9,8,12],[6,10,7,11,9,5,8,12,2],[10,2,6,11,7,9,5,8,12],[14,10,22,23,11,6,7,5,9,12,2,18,19,8],[2,18,14,6,19,22,23,7,10,11,5,9,8,12],[22,14,6,23,10,11,7,5,9,8,12],[18,14,22,23,19,10,2,6,11,7,5,9,12,8]],"n_human":12}