{"problem_id":"NouMBuG9exsqUGl","sigma":75,"alpha":3.162,"cost":1,"probabilities":"[0.19, 0.18, 0.38, 0.25]","payoff_matrix":"[[56, 16, 62, -42, 150, 1], [182, -46, 1, 48, 183, 30], [-161, -40, -103, -188, 82, 15], [127, -40, -47, 106, 0, -104]]","uncovered":[[7,19,3,11,15,23,20,24],[23,15,11,3,19,7,20,24],[15,11,19,3,23,7,20,24],[7,23,3,19,11,15,20,24],[23,11,3,15,7,19,24],[19,15,3,23,11,7,24],[3,7,23,19,15,11,24],[23,11,19,7,3,15,20,24],[3,11,19,15,23,7,24],[11,3,7,23,19,15,20,24],[19,15,3,11,7,23,20,24],[11,3,15,23,19,7,24],[11,23,7,19,3,15,20,24],[11,19,7,15,23,3,24],[3,23,15,11,7,19,24],[15,23,19,11,3,7,24],[7,11,15,3,23,19,24],[3,15,23,19,11,7,24],[15,19,3,23,7,11,24],[15,19,7,11,3,23,20,24],[23,19,7,11,3,15,20,24],[19,7,3,23,15,11,20,24],[23,7,3,11,19,15,20,24],[15,23,7,3,19,11,20,24],[7,11,23,15,3,19,20,24],[19,7,3,15,23,11,24],[15,23,7,19,3,11,24],[15,11,19,3,23,7,24],[15,19,7,3,11,23,20,24],[7,19,15,3,23,11,20,24],[19,7,23,11,3,15,20,24],[7,3,15,23,19,11,24],[7,15,3,23,19,11,24],[7,15,11,19,23,3,24],[3,23,11,15,7,19,20,24],[23,3,11,15,7,19,20,24],[3,7,15,11,19,23,20,24],[11,3,15,7,19,23,20,24],[23,3,15,19,11,7,24],[15,11,23,19,3,7,24],[3,19,11,23,7,15,24],[19,15,7,11,3,23,24],[3,7,15,19,23,11,20,24],[3,19,7,23,15,11,20,24],[7,15,3,19,23,11,20,24],[11,15,23,7,19,3,24],[23,11,19,3,7,15,20,24],[19,23,7,3,15,11,20,24],[7,19,23,15,3,11,24],[3,7,23,19,15,11,20,24],[3,23,7,11,19,15,20,24],[11,23,15,19,7,3,20,24],[23,7,11,19,3,15,24],[7,23,19,15,3,11,20,24],[23,3,19,11,15,7,20,24],[23,7,19,15,3,11,20,24],[15,19,3,23,7,11,24],[23,11,7,19,15,3,24],[3,7,15,23,19,11,20,24],[15,7,23,3,19,11,20,24],[3,7,19,23,15,11,24],[19,3,7,23,15,11,24],[7,3,23,19,11,15,24],[19,23,15,11,7,3,20,24],[11,7,3,19,23,15,20,24],[11,15,3,19,23,7,24],[7,15,11,23,3,19,20,24],[3,11,7,23,19,15,24],[11,7,3,19,15,23,20,24],[3,19,15,23,7,11,24],[3,7,15,23,11,19,20,24],[23,7,19,3,15,11,20,24],[15,7,19,11,3,23,24],[11,15,23,19,7,3,24],[19,11,7,3,15,23,24],[23,19,11,15,7,3,20,24],[23,15,19,7,3,11,24],[19,3,23,11,15,7,24],[23,15,19,7,3,11,24],[7,11,3,19,23,15,24],[7,19,11,23,3,15,20,24],[15,19,11,7,3,23,20,24],[7,3,11,19,15,23,24],[15,7,23,11,3,19,24],[11,23,19,7,3,15,24],[11,7,15,3,23,19,20,24],[19,15,3,23,7,11,24],[19,7,3,23,15,11,20,24],[7,15,19,3,11,23,20,24],[11,15,23,7,3,19,20,24],[15,11,7,23,3,19,20,24],[3,19,23,15,7,11,24],[3,23,19,11,7,15,20,24],[15,7,19,3,23,11,24],[19,23,15,7,11,3,20,24],[15,7,3,19,11,23,20,24],[11,15,23,19,3,7,24],[19,11,23,3,7,15,24],[15,7,11,23,3,19,20,24],[15,11,23,3,19,7,20,24],[23,15,3,7,11,19,24],[19,7,15,11,23,3,20,24],[7,11,23,15,3,19,24],[7,19,3,11,23,15,20,24],[19,15,23,11,7,3,20,24],[19,11,3,23,15,7,20,24],[7,23,15,3,11,19,24],[15,23,3,7,11,19,20,24],[7,19,3,23,15,11,20,24],[15,19,11,7,3,23,24],[3,19,11,7,23,15,24],[19,15,23,3,11,7,20,24],[19,7,15,23,3,11,20,24],[7,11,19,3,15,23,24],[3,15,11,23,7,19,20,24],[3,15,19,23,11,7,24],[15,23,19,3,7,11,20,24],[11,23,15,3,19,7,24],[3,23,7,11,19,15,20,24],[11,15,7,19,3,23,24],[3,11,19,15,23,7,20,24],[23,15,7,11,19,3,24],[15,19,3,7,23,11,24],[23,7,19,15,11,3,20,24],[3,23,7,15,11,19,24],[3,15,19,23,11,7,20,24],[15,19,3,11,7,23,20,24],[11,19,7,3,15,23,24],[19,23,3,11,15,7,24],[11,15,7,3,19,23,24],[11,7,19,23,15,3,20,24],[15,11,3,7,23,19,24],[19,23,3,7,11,15,24],[15,19,11,7,23,3,24],[11,15,7,23,19,3,20,24],[23,7,15,19,11,3,20,24],[23,19,11,15,3,7,24],[23,15,3,19,7,11,20,24],[7,3,11,15,23,19,20,24],[23,3,11,19,15,7,20,24],[11,15,3,23,7,19,20,24],[11,19,3,15,23,7,20,24],[23,7,11,3,15,19,24],[23,11,3,19,15,7,24],[7,11,3,23,15,19,20,24],[11,7,3,23,19,15,20,24],[3,23,19,11,15,7,20,24],[3,19,23,11,15,7,20,24],[3,15,19,23,11,7,24],[11,23,19,7,15,3,20,24],[11,19,23,15,3,7,20,24],[19,7,15,3,23,11,20,24],[11,15,7,19,23,3,20,24],[3,23,15,19,7,11,20,24],[19,3,7,11,23,15,20,24],[7,23,3,15,11,19,20,24],[3,11,23,15,19,7,24],[7,19,3,15,11,23,20,24],[23,15,11,7,19,3,24],[19,23,7,3,11,15,20,24],[19,23,11,3,7,15,20,24],[7,15,23,19,3,11,24],[19,11,3,7,15,23,24],[11,3,7,15,23,19,20,24],[7,19,3,15,11,23,20,24],[3,23,11,15,7,19,24],[11,23,3,19,15,7,20,24],[23,19,7,15,11,3,24],[15,23,19,11,3,7,20,24],[15,3,7,11,19,23,20,24],[23,7,19,3,11,15,20,24],[3,23,11,15,19,7,20,24],[7,15,23,11,3,19,24],[15,11,19,3,23,7,24],[7,19,23,3,15,11,24],[7,19,23,11,3,15,24],[7,11,3,23,15,19,20,24],[3,7,23,15,11,19,20,24],[7,11,19,23,3,15,20,24],[23,11,19,3,7,15,24],[3,7,23,19,15,11,20,24],[7,11,23,15,19,3,24],[3,7,23,11,15,19,20,24],[15,19,3,7,23,11,24],[23,15,7,3,19,11,20,24],[23,15,7,11,3,19,24],[11,3,7,15,23,19,24],[11,23,3,15,7,19,24],[7,19,3,15,11,23,20,24],[11,23,7,19,3,15,20,24],[23,3,7,19,11,15,24],[3,11,19,7,23,15,24],[23,15,19,11,3,7,20,24],[11,7,3,23,19,15,24],[15,3,23,7,19,11,24],[7,23,11,3,15,19,20,24],[7,23,15,19,3,11,20,24],[23,11,15,3,7,19,20,24],[3,7,11,23,19,15,20,24],[7,3,19,15,11,23,24],[7,19,3,11,23,15,20,24],[11,23,7,3,19,15,24],[23,3,19,15,11,7,24],[15,23,3,19,7,11,24],[23,15,3,11,7,19,20,24],[15,3,11,19,23,7,20,24],[19,23,11,7,15,3,20,24],[19,15,7,11,3,23,24],[19,3,7,11,15,23,20,24],[3,15,23,19,11,7,24],[23,15,3,7,19,11,24],[3,19,23,11,15,7,20,24],[3,15,11,19,23,7,20,24],[19,11,7,15,3,23,20,24],[11,15,19,7,23,3,24],[15,7,19,23,11,3,20,24],[19,15,23,11,7,3,20,24],[7,19,15,11,23,3,24],[7,19,23,3,15,11,20,24],[19,23,15,7,3,11,20,24],[7,23,19,3,11,15,24],[3,23,15,19,11,7,24],[15,23,11,19,3,7,20,24],[19,23,11,7,15,3,24],[11,3,23,15,19,7,20,24],[11,23,3,15,19,7,24],[23,7,3,19,15,11,20,24],[7,19,3,23,11,15,20,24],[7,3,11,23,15,19,24],[19,11,7,23,3,15,24],[23,3,7,11,19,15,24],[15,11,23,19,3,7,24],[15,23,11,19,7,3,20,24],[11,19,3,23,15,7,20,24],[11,23,19,3,15,7,20,24],[7,11,3,23,15,19,24],[15,23,7,11,3,19,24],[3,19,7,15,23,11,24],[3,15,7,11,23,19,24],[11,19,15,3,7,23,20,24],[11,19,15,3,23,7,20,24],[3,7,11,23,19,15,24],[15,19,23,11,7,3,20,24],[11,19,15,23,7,3,20,24],[15,19,23,3,7,11,20,24],[19,11,7,23,3,15,24],[23,19,15,7,3,11,20,24],[7,19,3,11,15,23,24],[7,19,15,23,3,11,24],[15,3,11,23,19,7,24],[3,15,23,11,19,7,24],[23,11,15,7,19,3,24],[19,7,3,23,15,11,20,24],[23,7,19,15,3,11,24],[15,7,3,19,23,11,24],[19,7,3,15,11,23,24],[23,7,11,19,3,15,24],[3,23,19,7,15,11,24],[7,15,3,19,23,11,20,24],[19,23,7,15,11,3,20,24],[19,23,11,3,15,7,24],[3,15,11,19,23,7,20,24],[7,15,23,19,11,3,20,24],[23,7,11,19,3,15,20,24],[7,23,19,15,11,3,24],[11,15,23,19,3,7,24],[15,3,19,11,7,23,20,24],[7,15,11,19,23,3,24],[15,19,11,3,7,23,24],[11,19,15,23,7,3,20,24],[23,3,11,19,15,7,20,24],[19,23,15,11,3,7,20,24],[15,7,19,11,23,3,24],[3,23,15,11,19,7,20,24],[3,7,15,23,11,19,20,24],[7,11,19,3,23,15,24],[15,3,19,23,11,7,20,24],[7,23,11,19,15,3,24],[3,23,7,19,15,11,24],[11,23,15,19,7,3,24],[11,3,15,7,23,19,24],[23,19,15,3,11,7,24],[23,19,15,11,7,3,24],[11,23,19,7,3,15,20,24],[7,11,3,23,15,19,20,24],[3,11,23,15,19,7,20,24],[3,19,15,23,7,11,20,24],[15,19,23,11,3,7,20,24],[19,7,3,11,15,23,20,24],[3,19,7,11,15,23,24],[3,15,7,23,19,11,24],[7,15,23,3,19,11,24],[3,7,15,19,23,11,20,24],[3,19,11,7,15,23,20,24],[3,11,19,7,15,23,20,24],[3,19,23,7,15,11,24],[7,11,23,3,15,19,24],[23,3,15,11,7,19,24],[3,11,19,15,7,23,24],[15,11,19,7,23,3,24],[23,19,7,11,3,15,20,24],[19,23,3,15,11,7,24],[3,23,7,19,15,11,24],[19,3,15,23,7,11,24],[11,3,23,15,19,7,20,24],[7,3,15,11,23,19,20,24],[23,7,19,3,15,11,24],[19,11,3,23,15,7,20,24],[15,19,7,23,3,11,24],[19,11,23,15,3,7,24],[11,15,3,19,23,7,20,24],[23,15,11,3,19,7,24],[7,3,23,11,15,19,24],[15,7,3,11,23,19,24],[7,19,11,15,3,23,24],[7,3,19,11,15,23,20,24],[23,19,7,15,11,3,24],[23,7,19,3,11,15,20,24],[7,23,15,19,11,3,24],[3,11,15,23,19,7,24],[19,11,7,3,23,15,20,24],[23,15,3,19,7,11,20,24],[15,3,7,11,23,19,24],[15,23,7,11,19,3,20,24],[11,7,23,3,19,15,24],[15,7,11,3,19,23,20,24],[15,7,19,3,23,11,20,24],[3,7,11,19,15,23,24],[11,15,23,19,3,7,24],[15,19,23,7,11,3,20,24],[15,3,7,19,11,23,24],[3,11,23,7,19,15,20,24],[19,7,11,15,23,3,24],[19,15,3,7,23,11,24],[15,7,19,11,23,3,24],[15,3,19,11,7,23,24],[7,19,23,11,3,15,24],[11,15,7,3,19,23,20,24],[11,19,23,7,3,15,24],[15,3,11,7,23,19,24],[23,3,15,19,11,7,24],[19,23,7,3,15,11,20,24],[23,19,15,7,11,3,24],[23,15,3,11,19,7,20,24],[11,23,3,7,15,19,20,24],[23,3,7,15,19,11,24],[3,15,11,23,7,19,24],[23,11,7,15,3,19,20,24],[11,7,15,23,3,19,20,24],[15,3,23,7,19,11,20,24],[15,11,7,23,3,19,24],[3,11,23,15,19,7,24],[19,7,23,15,11,3,24],[11,7,19,15,23,3,20,24],[3,19,23,7,15,11,24],[7,15,19,23,3,11,20,24],[19,3,23,11,7,15,20,24],[23,11,7,19,3,15,20,24],[15,23,11,19,3,7,24],[11,7,3,15,23,19,20,24],[23,11,7,3,19,15,20,24],[3,7,11,15,23,19,24],[7,23,11,3,15,19,20,24],[19,23,7,3,15,11,24],[23,19,11,15,7,3,20,24],[3,7,23,11,19,15,20,24],[19,11,15,7,23,3,24],[11,7,19,15,23,3,24],[3,11,19,7,23,15,24],[11,15,23,7,3,19,20,24],[19,15,11,7,3,23,24],[3,15,19,11,23,7,24],[15,3,19,23,7,11,20,24],[3,23,7,11,15,19,24],[7,19,23,11,3,15,24],[15,19,11,3,23,7,20,24],[11,19,7,3,15,23,24],[7,11,3,23,15,19,24],[15,3,11,7,23,19,24],[15,11,23,7,3,19,20,24],[11,3,19,15,23,7,24],[3,23,15,11,19,7,24],[23,11,15,3,19,7,20,24],[19,23,3,7,11,15,20,24],[7,15,11,23,19,3,20,24],[7,19,23,3,15,11,20,24],[7,23,19,15,3,11,24],[15,11,3,7,19,23,20,24],[11,3,19,15,7,23,24],[19,7,11,3,23,15,20,24],[23,19,15,3,11,7,20,24],[3,15,7,19,23,11,20,24],[15,3,7,19,23,11,20,24],[19,11,7,15,3,23,20,24],[11,15,3,19,7,23,20,24],[7,23,3,19,11,15,20,24],[11,23,19,15,7,3,24],[23,19,7,11,3,15,20,24],[3,19,7,23,11,15,20,24],[15,23,11,19,7,3,20,24],[23,7,11,15,3,19,20,24],[15,7,11,23,19,3,20,24],[11,7,3,15,19,23,20,24],[11,3,19,15,7,23,24],[11,23,15,7,3,19,20,24],[23,3,7,19,15,11,20,24],[15,3,23,11,19,7,20,24],[3,19,15,23,7,11,20,24],[19,3,23,11,15,7,24],[7,3,19,23,15,11,24],[15,23,7,11,3,19,20,24],[7,15,23,19,11,3,20,24],[11,23,15,7,3,19,24],[11,3,23,15,19,7,20,24],[19,7,3,11,23,15,24],[23,11,15,3,19,7,24],[15,3,11,7,19,23,24],[23,7,3,19,11,15,24],[23,7,3,19,11,15,20,24],[23,11,3,15,7,19,20,24],[19,3,23,15,7,11,24],[23,19,7,3,15,11,24],[19,23,7,3,15,11,24],[23,11,19,3,15,7,20,24],[19,15,23,7,3,11,24],[19,11,3,15,7,23,24],[15,23,3,19,7,11,24],[19,15,23,11,7,3,24],[11,19,23,15,7,3,20,24],[15,23,11,3,19,7,24],[15,23,3,7,11,19,20,24],[7,15,3,11,23,19,20,24],[11,7,23,15,19,3,20,24],[19,7,3,15,23,11,20,24],[19,23,11,3,15,7,20,24],[23,19,7,15,3,11,24],[11,19,15,23,3,7,20,24],[15,7,3,11,19,23,24],[11,7,19,15,3,23,24],[23,19,15,7,11,3,24],[3,7,19,11,23,15,20,24],[19,15,11,23,3,7,24],[3,19,7,23,11,15,24],[19,15,11,23,7,3,20,24],[15,19,11,3,7,23,20,24],[11,15,19,23,3,7,20,24],[3,11,19,7,15,23,24],[19,11,7,15,3,23,24],[19,3,7,11,15,23,20,24],[23,11,7,15,19,3,24],[11,7,23,3,19,15,24],[23,3,11,19,15,7,20,24],[23,7,3,19,15,11,24],[11,19,15,7,23,3,20,24],[23,19,15,11,7,3,20,24],[3,15,7,11,19,23,20,24],[7,23,19,3,11,15,24],[23,3,7,11,19,15,24],[15,19,7,23,11,3,24],[19,11,7,15,23,3,20,24],[15,11,19,23,7,3,24],[15,11,7,23,19,3,20,24],[19,3,7,11,15,23,20,24],[19,11,3,23,7,15,20,24],[11,3,15,19,7,23,20,24],[15,19,23,7,3,11,20,24],[3,11,23,15,19,7,20,24],[3,7,23,15,11,19,24],[11,19,15,7,3,23,20,24],[7,15,11,23,19,3,24],[19,15,7,11,23,3,24],[7,3,23,11,19,15,24],[15,7,3,23,11,19,20,24],[7,3,23,15,11,19,20,24],[19,3,23,7,11,15,20,24],[3,11,19,15,7,23,20,24],[19,11,15,23,3,7,20,24],[15,7,23,11,19,3,24],[3,23,19,7,15,11,24],[23,11,7,19,15,3,20,24],[19,11,15,7,23,3,24],[11,15,23,7,3,19,24],[3,7,15,19,23,11,20,24],[15,23,3,7,11,19,20,24],[7,23,11,19,3,15,20,24],[15,3,7,23,11,19,24],[3,19,23,15,7,11,24],[19,23,7,11,15,3,20,24],[15,23,11,3,19,7,24],[7,3,19,15,11,23,20,24],[3,11,23,19,15,7,20,24],[7,3,23,15,19,11,20,24],[3,15,23,7,11,19,20,24],[15,3,23,7,19,11,20,24],[7,11,23,15,19,3,24],[19,15,11,23,7,3,20,24],[19,3,23,11,15,7,20,24],[7,19,23,3,15,11,24],[19,23,15,3,7,11,20,24],[23,15,19,3,11,7,20,24],[7,15,19,11,23,3,20,24],[7,11,19,15,3,23,24],[3,15,11,7,19,23,24],[3,7,15,23,19,11,20,24],[15,11,23,19,7,3,20,24],[15,23,11,3,19,7,24],[15,7,11,23,19,3,20,24],[15,19,3,23,11,7,20,24],[19,11,7,15,23,3,20,24],[19,3,23,15,11,7,20,24],[19,3,11,23,7,15,20,24],[15,19,7,11,3,23,20,24],[11,3,15,7,19,23,20,24],[15,3,19,23,11,7,20,24],[7,15,11,3,19,23,24],[7,11,23,3,15,19,20,24],[15,7,11,19,3,23,24],[15,7,3,11,23,19,20,24],[23,3,15,7,19,11,20,24],[23,3,7,11,19,15,24],[11,19,15,3,23,7,20,24],[23,3,7,15,19,11,24],[11,19,15,23,3,7,24],[7,19,15,23,11,3,24],[23,11,15,3,19,7,20,24],[3,11,15,7,23,19,20,24],[15,19,11,7,3,23,24],[7,19,15,3,11,23,20,24],[7,19,3,15,23,11,24],[19,7,3,15,11,23,20,24],[23,3,7,19,15,11,24],[15,19,7,23,11,3,24],[11,7,19,23,15,3,24],[15,7,19,11,23,3,20,24],[23,19,7,15,11,3,20,24],[7,3,23,11,15,19,20,24],[19,7,23,11,3,15,20,24],[19,11,23,7,15,3,20,24],[11,7,15,23,19,3,20,24],[23,3,15,7,19,11,20,24],[11,3,7,19,15,23,20,24],[7,3,15,11,19,23,20,24],[3,23,19,15,7,11,20,24],[11,3,7,19,23,15,24],[19,11,7,3,15,23,20,24],[15,3,23,19,11,7,20,24],[7,23,11,19,3,15,20,24],[15,23,7,3,19,11,20,24],[11,7,15,23,3,19,20,24],[7,11,15,3,19,23,24],[19,23,7,3,11,15,20,24],[3,15,23,11,7,19,20,24],[23,11,7,15,3,19,20,24],[19,23,15,7,11,3,20,24],[3,7,11,23,15,19,24],[11,7,3,23,19,15,24],[23,3,11,15,7,19,24],[15,11,23,3,7,19,20,24],[11,23,3,15,19,7,20,24],[15,7,19,23,3,11,20,24],[7,11,3,23,15,19,24],[19,7,3,11,23,15,24],[11,19,15,23,3,7,24],[3,15,23,7,19,11,20,24],[23,19,15,3,7,11,20,24],[3,11,23,19,15,7,20,24],[15,3,19,23,11,7,20,24],[19,11,7,15,3,23,20,24],[19,23,15,7,11,3,24],[23,7,3,15,11,19,20,24],[19,11,7,23,3,15,24],[23,3,15,11,7,19,20,24],[15,11,7,19,23,3,24],[15,23,3,19,11,7,24],[11,15,19,7,3,23,20,24],[7,11,19,3,23,15,20,24],[23,7,11,3,19,15,24],[15,7,3,23,11,19,20,24],[15,23,19,3,11,7,20,24],[19,15,7,11,23,3,20,24],[23,11,19,3,7,15,24],[3,7,15,11,23,19,20,24],[15,11,23,19,7,3,24],[23,11,15,3,7,19,24],[7,11,19,3,15,23,20,24],[7,3,15,19,11,23,24],[15,19,23,7,3,11,24],[7,15,23,11,3,19,24],[3,15,11,23,19,7,20,24],[11,19,15,7,23,3,24],[11,15,19,7,23,3,20,24],[19,3,7,11,23,15,20,24],[7,23,19,15,11,3,24],[11,7,19,23,15,3,24],[23,15,19,11,3,7,24],[15,7,3,23,19,11,20,24],[7,3,19,23,11,15,24],[11,15,7,23,3,19,20,24],[23,19,11,3,15,7,24],[3,15,23,19,11,7,20,24],[23,3,7,15,11,19,24],[19,3,15,11,7,23,24],[7,11,23,19,3,15,20,24],[3,23,11,7,19,15,24],[3,23,11,19,15,7,20,24],[7,23,15,19,11,3,24],[23,15,19,3,7,11,20,24],[7,15,23,11,3,19,24],[11,3,15,7,23,19,24],[19,3,23,11,7,15,24],[15,19,23,3,7,11,24],[11,7,15,19,3,23,20,24],[11,15,19,7,3,23,24],[23,15,7,19,11,3,20,24],[15,7,11,23,19,3,24],[11,19,23,7,15,3,20,24],[23,7,19,3,15,11,24],[23,15,11,7,3,19,20,24],[15,7,19,11,3,23,20,24],[23,19,15,11,7,3,24],[19,23,7,11,15,3,20,24],[11,15,3,23,7,19,24],[23,3,7,15,11,19,24],[23,15,19,7,11,3,20,24],[11,3,23,15,19,7,24],[15,7,11,19,23,3,24],[23,3,15,11,7,19,24],[7,19,11,23,3,15,24],[19,15,23,7,3,11,20,24],[11,7,15,3,19,23,24],[15,7,19,23,3,11,20,24],[7,23,19,3,15,11,24],[19,7,11,23,3,15,24],[19,15,11,7,3,23,24],[11,23,19,15,3,7,20,24],[19,3,15,23,7,11,20,24],[15,19,11,3,23,7,20,24],[19,23,7,15,11,3,24],[3,23,11,15,7,19,20,24],[19,23,7,15,3,11,24],[19,3,23,7,11,15,20,24],[11,15,3,7,23,19,20,24],[19,11,3,7,23,15,20,24],[19,23,3,11,7,15,20,24],[23,11,7,15,3,19,20,24],[15,11,23,3,7,19,20,24],[19,11,23,3,7,15,20,24],[7,11,15,19,23,3,24],[23,19,3,11,15,7,24],[15,19,11,23,3,7,20,24],[11,7,23,3,15,19,20,24],[19,7,23,3,11,15,20,24],[11,3,15,23,19,7,20,24],[19,11,7,15,23,3,20,24],[15,11,23,19,3,7,20,24],[23,19,11,7,15,3,20,24],[15,23,3,19,7,11,20,24],[15,11,3,23,19,7,20,24],[3,11,7,19,15,23,24],[19,15,11,7,23,3,20,24],[23,19,7,15,3,11,20,24],[23,19,15,11,3,7,24],[7,15,23,19,11,3,24],[19,23,11,7,15,3,24],[7,11,3,19,23,15,24],[7,3,15,23,19,11,20,24],[3,11,19,23,7,15,20,24],[19,7,11,23,3,15,20,24],[3,23,7,19,15,11,20,24],[11,19,23,3,7,15,24],[19,15,11,3,23,7,24],[11,15,3,19,23,7,20,24],[3,15,19,7,23,11,20,24],[15,7,19,3,23,11,20,24],[19,3,15,11,23,7,20,24],[19,23,11,3,7,15,20,24],[15,3,7,11,23,19,24],[23,19,11,15,3,7,24],[3,11,7,15,19,23,24],[19,15,23,3,7,11,24],[11,23,7,15,3,19,20,24],[3,15,19,7,11,23,24],[19,7,15,23,3,11,24],[3,19,15,7,11,23,24],[23,11,15,7,3,19,24],[3,19,11,7,15,23,20,24],[7,19,3,11,15,23,20,24],[15,7,11,19,3,23,20,24],[19,11,23,7,15,3,24],[3,23,15,19,11,7,20,24],[7,3,15,23,11,19,20,24],[15,7,11,3,23,19,24],[11,15,23,7,3,19,24],[7,3,15,11,19,23,20,24],[7,11,15,3,19,23,20,24],[23,19,15,3,11,7,20,24],[15,23,19,7,3,11,20,24],[7,3,15,11,19,23,24],[3,7,19,11,15,23,20,24],[19,15,23,11,3,7,24],[23,7,11,3,15,19,24],[3,11,23,15,7,19,24],[11,19,15,7,23,3,24],[15,7,19,11,3,23,24],[3,7,19,15,11,23,24],[11,19,23,7,15,3,24],[15,7,19,3,23,11,24],[23,19,15,3,11,7,24],[15,11,7,19,3,23,24],[3,7,19,15,11,23,20,24],[11,7,3,15,19,23,24],[19,23,11,7,15,3,24],[3,19,7,11,23,15,20,24],[23,19,7,3,15,11,24],[15,3,11,23,19,7,20,24],[11,15,23,3,7,19,24],[3,7,23,19,11,15,20,24],[7,11,3,23,15,19,20,24],[19,15,7,23,11,3,24],[3,15,23,7,19,11,20,24],[19,3,15,11,7,23,24],[11,7,15,19,23,3,20,24],[23,15,11,3,7,19,20,24],[19,3,7,15,11,23,20,24],[7,23,3,11,19,15,24],[11,7,3,19,15,23,20,24],[7,19,3,11,15,23,24],[11,23,7,3,15,19,20,24],[19,7,15,23,3,11,24],[15,7,11,3,23,19,20,24],[15,19,23,7,11,3,20,24],[23,15,11,19,7,3,20,24],[19,11,7,3,23,15,24],[3,19,11,23,15,7,24],[19,11,15,3,23,7,24],[19,23,11,7,3,15,20,24],[7,23,15,19,3,11,24],[7,3,23,15,11,19,20,24],[7,3,19,23,15,11,24],[23,15,7,19,3,11,24],[23,7,3,11,15,19,20,24],[3,23,15,11,7,19,24],[3,15,23,19,11,7,24],[3,23,11,15,7,19,20,24],[3,11,23,19,15,7,24],[19,3,15,23,11,7,20,24],[19,23,11,15,3,7,24],[3,11,23,15,7,19,20,24],[23,19,7,15,3,11,24],[7,11,3,19,23,15,24],[3,7,19,15,23,11,24],[3,15,19,11,23,7,24],[3,15,7,19,11,23,24],[7,11,23,3,15,19,20,24],[15,7,19,11,23,3,24],[15,23,3,7,19,11,20,24],[23,19,15,3,11,7,24],[11,23,7,19,15,3,24],[11,15,3,7,23,19,24],[11,23,19,15,3,7,20,24],[3,11,7,23,19,15,24],[11,7,3,15,23,19,24],[15,19,7,23,3,11,20,24],[23,3,11,7,19,15,24],[11,7,19,23,3,15,24],[3,23,11,15,19,7,24],[11,19,7,3,15,23,20,24],[23,15,19,3,7,11,24],[3,15,11,7,23,19,20,24],[11,3,15,23,7,19,24],[7,23,15,3,11,19,24],[23,7,15,3,11,19,20,24],[15,19,23,3,7,11,20,24],[11,19,3,23,15,7,24],[3,19,11,15,7,23,20,24],[7,19,3,23,11,15,24],[11,7,19,3,15,23,24],[19,11,23,3,7,15,20,24],[11,19,3,15,7,23,24],[3,15,19,11,23,7,24],[23,7,19,11,3,15,24],[19,3,11,15,23,7,20,24],[3,23,15,7,11,19,24],[3,15,7,11,19,23,24],[3,15,23,7,11,19,20,24],[11,15,19,23,3,7,20,24],[23,19,15,11,7,3,24],[7,15,3,23,19,11,20,24],[19,23,7,15,3,11,20,24],[7,3,15,11,23,19,24],[3,23,7,11,15,19,20,24],[11,19,15,23,7,3,24],[15,23,19,7,3,11,20,24],[3,7,15,23,19,11,24],[15,3,23,19,11,7,20,24],[23,15,19,7,11,3,20,24],[15,19,23,7,11,3,24],[3,11,23,15,7,19,20,24],[19,23,3,11,15,7,20,24],[19,11,3,7,23,15,20,24],[23,11,15,3,19,7,24],[19,11,7,3,23,15,20,24],[3,23,7,11,19,15,24],[7,15,3,11,19,23,20,24],[3,7,11,19,15,23,24],[19,11,3,7,23,15,24],[15,3,11,19,23,7,24],[23,15,3,11,7,19,20,24],[19,11,3,23,15,7,20,24],[7,11,15,3,23,19,24],[11,19,7,23,15,3,24],[23,11,15,19,3,7,20,24],[7,15,19,23,11,3,24],[23,7,19,3,11,15,20,24],[19,11,23,15,7,3,20,24],[23,7,3,19,15,11,24],[3,7,15,19,11,23,20,24],[19,3,7,11,23,15,20,24],[23,3,19,11,7,15,20,24],[15,7,3,11,23,19,20,24],[23,11,7,3,19,15,24],[23,3,15,7,11,19,24],[7,11,3,23,15,19,24],[23,3,11,19,15,7,20,24],[15,3,11,19,7,23,20,24],[7,3,15,19,23,11,20,24],[19,11,23,15,7,3,24],[19,7,23,11,15,3,20,24],[7,11,15,19,23,3,20,24],[7,15,19,23,11,3,20,24],[23,19,3,7,15,11,24],[19,15,7,11,3,23,20,24],[15,7,3,11,23,19,24],[11,15,23,19,3,7,24],[11,7,3,19,23,15,20,24],[23,19,11,15,7,3,20,24],[7,23,19,3,11,15,20,24],[3,23,11,15,7,19,20,24],[7,15,11,19,23,3,24],[19,11,23,3,7,15,24],[7,23,11,19,15,3,24],[11,15,23,19,3,7,20,24],[11,23,19,15,3,7,20,24],[19,7,3,23,11,15,24],[23,19,7,15,3,11,24],[11,19,23,7,3,15,24],[23,15,11,3,7,19,20,24],[23,3,11,15,19,7,24],[15,3,23,7,11,19,20,24],[3,7,11,23,15,19,24],[19,15,11,23,3,7,20,24],[3,23,11,19,15,7,24],[15,7,23,3,11,19,24],[11,3,19,15,23,7,20,24],[15,3,7,19,23,11,24],[15,23,7,3,11,19,20,24],[15,7,11,23,19,3,20,24],[15,23,11,7,3,19,20,24],[3,15,11,7,23,19,20,24],[3,19,7,11,23,15,24],[3,7,11,19,23,15,20,24],[23,19,11,15,7,3,24],[3,23,7,19,11,15,24],[3,7,23,19,11,15,20,24],[3,15,11,7,23,19,24],[15,7,19,3,23,11,24],[15,23,11,3,19,7,24],[3,7,23,11,15,19,24],[3,11,19,15,23,7,20,24],[15,23,3,19,11,7,24],[23,7,3,19,11,15,20,24],[7,19,3,15,11,23,20,24],[15,11,23,3,7,19,24],[3,15,11,7,19,23,20,24],[11,23,15,7,19,3,24],[3,15,7,23,19,11,20,24],[15,11,23,7,19,3,20,24],[15,3,23,19,11,7,24],[7,19,15,23,11,3,24],[7,11,3,15,19,23,20,24],[11,23,7,15,19,3,20,24],[23,7,3,15,19,11,24],[11,3,23,7,15,19,24],[7,15,19,11,3,23,20,24],[15,7,23,3,11,19,24],[7,15,23,3,19,11,24],[23,3,7,15,11,19,20,24],[3,23,7,19,11,15,24],[11,15,3,23,7,19,24],[15,23,3,19,7,11,24],[15,3,7,11,23,19,20,24],[19,7,23,3,11,15,24],[15,7,19,23,11,3,24],[11,7,15,19,3,23,20,24],[23,11,3,7,15,19,20,24],[19,15,3,23,7,11,20,24],[7,23,19,11,15,3,20,24],[11,7,23,3,19,15,24],[11,3,7,15,23,19,20,24],[23,19,11,15,7,3,24],[11,15,23,19,3,7,20,24],[15,7,23,19,11,3,24],[23,3,11,19,15,7,24],[19,11,23,7,15,3,20,24],[11,7,3,15,23,19,24],[23,3,19,7,11,15,24],[3,19,23,15,11,7,24],[19,11,15,23,3,7,20,24],[19,11,3,15,23,7,24],[23,7,11,3,15,19,20,24],[3,7,15,19,11,23,24],[23,3,11,15,7,19,20,24],[15,11,23,7,19,3,20,24],[7,3,23,19,11,15,20,24],[15,3,7,19,23,11,24],[15,7,11,19,23,3,24],[3,11,23,15,19,7,20,24],[3,7,15,19,11,23,20,24],[11,19,23,3,15,7,20,24],[11,23,7,19,15,3,24],[15,7,23,19,3,11,24],[11,3,19,23,7,15,20,24],[3,11,15,19,23,7,20,24],[7,3,23,19,15,11,20,24],[3,7,23,15,11,19,24],[15,11,23,19,3,7,20,24],[19,23,11,7,3,15,24],[19,15,23,7,11,3,24],[3,23,11,7,19,15,24],[15,7,3,19,11,23,20,24],[11,7,15,3,23,19,24],[3,23,19,15,7,11,24],[11,7,15,23,3,19,20,24],[23,3,15,19,11,7,24],[3,23,19,7,15,11,20,24],[19,23,11,3,15,7,24],[3,15,19,11,23,7,24],[11,3,19,7,15,23,24],[15,23,3,11,7,19,20,24],[3,23,19,15,7,11,20,24],[15,11,19,3,7,23,24],[19,3,11,15,23,7,20,24],[15,3,23,19,11,7,24],[19,11,3,7,15,23,24],[19,7,3,11,23,15,20,24],[7,15,19,23,3,11,20,24],[15,3,19,11,7,23,24],[15,23,11,19,7,3,24],[15,3,23,19,7,11,24],[19,7,23,15,3,11,24],[7,23,11,15,3,19,20,24],[15,23,7,3,11,19,24],[19,15,11,3,23,7,20,24],[19,3,23,7,15,11,20,24],[15,23,3,7,11,19,20,24],[23,15,11,7,3,19,20,24],[15,11,23,19,3,7,20,24],[7,3,15,11,19,23,20,24],[15,23,3,19,7,11,20,24],[19,23,11,3,15,7,24],[11,19,23,7,15,3,20,24],[3,7,19,23,11,15,20,24],[23,3,7,19,15,11,20,24],[19,7,3,15,23,11,20,24],[19,7,11,15,3,23,24],[7,23,3,15,11,19,20,24],[11,7,3,19,23,15,24],[7,23,11,15,3,19,24],[3,19,11,23,15,7,24],[19,7,3,23,11,15,24],[23,15,3,11,7,19,24],[7,15,23,11,19,3,20,24],[7,11,15,19,3,23,20,24],[7,19,15,3,11,23,24],[15,3,23,19,7,11,24],[3,23,7,15,11,19,24],[3,23,7,19,11,15,24],[7,19,15,23,11,3,24],[7,11,15,19,23,3,24],[7,23,15,3,19,11,24],[11,15,3,23,19,7,20,24],[19,23,7,15,11,3,24],[23,11,7,15,19,3,20,24],[15,19,11,7,3,23,20,24],[7,3,23,15,19,11,20,24],[15,19,11,7,23,3,24],[23,3,11,19,7,15,24],[11,3,15,7,19,23,24],[3,19,23,7,11,15,24],[3,19,23,7,15,11,24],[3,15,19,7,23,11,24],[23,19,11,3,15,7,20,24],[11,15,7,3,19,23,20,24],[19,3,11,23,15,7,24],[23,3,7,11,19,15,20,24],[11,3,23,7,15,19,20,24],[19,15,3,23,11,7,24],[7,11,23,15,3,19,20,24],[7,11,3,23,15,19,20,24],[23,11,19,7,3,15,20,24]],"n_human":7}