{"problem_id":"pmWf6BYZCbgIogr","sigma":75,"alpha":1.000,"cost":1,"probabilities":"[0.22, 0.06, 0.07, 0.65]","payoff_matrix":"[[85, -139, -52, -18, 131, -137], [-112, 93, 11, -73, -68, -146], [64, 52, -55, 41, 17, 16], [-26, -75, -50, 72, 5, 86]]","uncovered":[[20,24,8,12,16,4,21],[16,24,20,4,12,8,13,21],[4,16,20,24,8,12,13,21],[12,24,4,20,16,8,13,21],[16,24,20,4,12,8,13,21],[24,20,12,4,8,16,21],[12,8,16,4,24,20,21],[16,8,12,20,24,4,13,21],[4,12,16,20,24,8,21],[8,24,20,12,4,16,13,21],[8,16,20,24,12,4,13,21],[16,4,20,12,24,8,13,21],[12,24,20,8,4,16,13,21],[24,8,16,12,4,20,13,21],[24,12,4,20,8,16,21],[16,20,8,4,12,24,21],[20,12,16,4,8,24,21],[8,20,4,16,24,12,13,21],[12,16,20,8,4,24,21],[24,4,8,20,12,16,13,21],[4,24,12,16,20,8,13,21],[8,16,12,24,4,20,21],[4,20,8,12,16,24,13,21],[20,16,12,24,8,4,13,21],[8,12,4,16,20,24,21],[16,20,12,8,24,4,13,21],[4,8,20,16,12,24,21],[8,24,12,20,4,16,21],[4,8,24,16,20,12,21],[8,12,4,16,24,20,13,21],[8,20,16,24,12,4,21],[24,20,16,8,4,12,21],[20,12,24,4,16,8,13,21],[12,4,20,16,8,24,21],[12,4,24,8,20,16,13,21],[4,24,20,8,16,12,13,21],[4,12,24,20,8,16,21],[4,8,16,12,24,20,21],[4,12,16,8,20,24,21],[24,16,4,20,12,8,13,21],[12,16,20,24,8,4,21],[4,20,24,8,16,12,21],[4,12,16,8,24,20,21],[24,16,20,4,8,12,21],[24,8,4,16,12,20,13,21],[16,24,12,20,4,8,13,21],[20,4,12,8,24,16,13,21],[24,12,8,16,20,4,21],[24,12,4,20,8,16,13,21],[24,16,4,20,12,8,13,21],[12,16,8,20,4,24,13,21],[20,4,12,16,8,24,21],[4,8,20,24,16,12,13,21],[4,20,8,16,12,24,21],[24,16,8,20,4,12,21],[4,24,20,12,16,8,21],[20,24,16,4,12,8,21],[4,16,24,12,8,20,13,21],[12,16,24,8,20,4,21],[8,20,16,12,24,4,21],[20,24,16,4,12,8,21],[4,16,12,20,24,8,13,21],[20,24,4,16,12,8,21],[8,16,4,12,24,20,21],[16,20,12,24,4,8,13,21],[24,4,12,8,16,20,21],[24,4,16,12,8,20,21],[4,8,16,12,20,24,13,21],[4,20,12,24,16,8,13,21],[4,20,8,12,24,16,21],[12,4,8,24,16,20,21],[16,12,20,8,24,4,13,21],[8,12,24,20,16,4,21],[8,4,12,16,20,24,13,21],[20,8,16,4,24,12,21],[24,4,20,8,16,12,21],[16,8,12,4,20,24,21],[4,24,16,8,20,12,21],[4,8,20,16,24,12,13,21],[8,4,16,20,24,12,13,21],[12,16,20,24,4,8,13,21],[24,8,20,12,4,16,21],[4,24,12,20,16,8,21],[16,24,4,20,8,12,21],[24,20,4,8,16,12,21],[4,16,20,12,24,8,21],[24,16,8,12,4,20,21],[24,4,16,12,8,20,13,21],[24,12,4,8,20,16,13,21],[8,12,20,4,24,16,13,21],[24,4,12,16,20,8,13,21],[12,16,24,4,20,8,13,21],[12,20,24,16,8,4,21],[4,20,12,24,8,16,13,21],[24,4,12,8,16,20,21],[20,24,8,12,16,4,13,21],[24,8,12,20,4,16,21],[8,20,4,12,16,24,21],[4,12,8,16,20,24,13,21],[12,8,20,16,24,4,21],[20,24,12,16,4,8,21],[24,20,4,12,8,16,13,21],[12,16,24,20,8,4,21],[16,4,8,20,12,24,13,21],[12,16,8,4,20,24,13,21],[8,16,12,4,24,20,21],[20,24,4,8,12,16,13,21],[16,8,20,12,24,4,21],[24,12,16,8,4,20,13,21],[12,20,24,4,16,8,13,21],[8,16,24,20,12,4,21],[24,16,12,8,20,4,13,21],[8,20,24,12,16,4,21],[16,12,24,8,20,4,21],[24,16,20,8,4,12,13,21],[12,4,20,8,16,24,13,21],[4,20,24,8,12,16,13,21],[8,4,16,12,24,20,13,21],[4,20,24,12,8,16,13,21],[20,4,8,12,16,24,21],[12,24,16,8,4,20,21],[24,20,16,12,4,8,21],[4,20,16,24,12,8,13,21],[8,16,4,20,24,12,21],[20,8,16,12,24,4,13,21],[8,12,4,20,16,24,21],[8,16,4,20,12,24,13,21],[4,12,8,16,24,20,21],[4,20,16,24,8,12,13,21],[16,4,20,8,12,24,13,21],[8,12,24,4,20,16,21],[20,16,12,8,24,4,21],[16,12,4,24,8,20,13,21],[4,20,24,12,16,8,13,21],[16,8,20,24,12,4,13,21],[16,20,24,12,8,4,21],[24,16,12,8,20,4,21],[16,20,4,24,8,12,21],[16,12,24,20,8,4,13,21],[8,20,16,4,24,12,21],[12,24,20,4,16,8,13,21],[8,4,12,24,16,20,21],[24,4,16,12,8,20,21],[24,4,16,8,12,20,13,21],[24,16,8,4,20,12,21],[4,16,24,8,12,20,13,21],[20,12,8,24,4,16,21],[16,8,4,12,24,20,13,21],[12,4,20,16,8,24,13,21],[20,16,8,24,4,12,21],[16,12,20,8,4,24,21],[16,8,4,20,12,24,21],[24,12,8,20,4,16,21],[4,16,20,8,24,12,13,21],[8,16,4,20,12,24,13,21],[12,4,16,8,24,20,21],[12,8,16,24,20,4,21],[12,20,24,4,8,16,21],[24,4,12,8,20,16,13,21],[12,16,24,8,4,20,13,21],[4,16,20,12,8,24,21],[20,24,12,4,8,16,13,21],[24,16,12,8,20,4,21],[20,8,12,4,16,24,21],[16,4,24,12,8,20,21],[16,24,12,4,20,8,13,21],[8,12,24,20,4,16,13,21],[8,24,20,16,12,4,13,21],[20,16,12,4,8,24,13,21],[12,20,8,4,24,16,13,21],[24,8,12,20,16,4,13,21],[16,4,20,8,24,12,13,21],[12,20,8,16,4,24,21],[4,12,20,16,8,24,13,21],[12,8,24,20,16,4,21],[4,20,24,8,12,16,21],[20,24,8,4,16,12,13,21],[12,4,20,8,24,16,13,21],[16,12,24,4,20,8,21],[24,8,16,20,12,4,21],[16,8,20,4,12,24,21],[8,4,12,16,20,24,13,21],[20,16,24,4,12,8,21],[24,16,8,12,4,20,13,21],[24,8,20,4,16,12,13,21],[12,4,20,24,8,16,21],[4,20,16,12,8,24,21],[16,8,12,4,20,24,13,21],[12,8,16,20,24,4,21],[4,16,12,20,8,24,13,21],[8,24,12,4,16,20,21],[20,16,24,8,4,12,13,21],[8,24,12,4,20,16,21],[20,24,16,12,4,8,13,21],[8,20,4,24,12,16,13,21],[12,4,20,8,24,16,13,21],[12,8,20,4,16,24,21],[20,12,8,24,16,4,21],[12,8,16,4,24,20,21],[20,12,8,4,24,16,13,21],[16,20,4,8,24,12,13,21],[8,12,20,16,4,24,21],[16,8,20,12,24,4,13,21],[20,4,16,8,24,12,21],[24,4,8,20,12,16,21],[12,4,24,20,16,8,13,21],[8,24,20,12,4,16,13,21],[4,20,24,8,16,12,13,21],[12,24,8,20,16,4,13,21],[8,4,16,12,20,24,13,21],[24,4,20,12,16,8,13,21],[4,12,20,8,16,24,13,21],[16,24,12,4,8,20,13,21],[4,24,12,20,8,16,13,21],[20,8,24,4,12,16,13,21],[16,12,20,24,4,8,13,21],[4,20,24,8,12,16,13,21],[12,16,24,4,20,8,13,21],[24,20,12,4,16,8,21],[20,24,16,12,4,8,13,21],[24,12,8,16,4,20,21],[12,20,24,4,16,8,13,21],[8,24,4,20,12,16,13,21],[4,16,8,20,24,12,13,21],[20,4,8,16,12,24,21],[12,20,4,24,8,16,21],[8,4,24,12,16,20,21],[20,4,8,16,12,24,21],[24,20,8,12,16,4,21],[16,8,12,24,4,20,21],[16,4,8,24,12,20,13,21],[16,8,20,4,24,12,21],[16,8,12,20,4,24,13,21],[4,8,20,24,12,16,21],[16,4,20,8,24,12,21],[24,16,4,20,8,12,21],[20,12,4,24,16,8,21],[24,12,8,20,4,16,21],[8,4,12,20,16,24,13,21],[4,20,24,16,8,12,21],[4,16,8,20,12,24,21],[24,16,12,8,20,4,21],[4,16,12,24,8,20,21],[12,4,8,16,24,20,13,21],[16,8,20,4,24,12,13,21],[4,12,20,8,16,24,13,21],[16,20,8,4,24,12,13,21],[16,8,20,12,4,24,13,21],[12,24,20,4,16,8,21],[24,8,4,20,12,16,21],[12,16,20,8,4,24,13,21],[24,16,4,12,20,8,21],[4,16,24,20,12,8,21],[12,16,20,8,4,24,21],[24,12,4,20,16,8,21],[4,16,8,12,24,20,21],[16,8,4,24,20,12,21],[12,24,4,8,16,20,21],[24,4,20,12,8,16,21],[24,16,4,12,8,20,21],[16,24,20,4,12,8,21],[16,24,20,8,12,4,13,21],[8,12,20,4,16,24,13,21],[12,4,24,16,20,8,13,21],[20,4,24,16,12,8,13,21],[8,20,16,24,4,12,21],[8,24,16,12,20,4,21],[24,16,12,8,20,4,13,21],[8,12,16,20,4,24,13,21],[8,20,4,24,16,12,13,21],[12,8,4,16,24,20,21],[16,4,8,12,20,24,13,21],[8,4,20,24,16,12,21],[8,24,12,16,4,20,21],[4,8,24,20,12,16,13,21],[16,12,4,20,8,24,13,21],[4,12,16,8,24,20,21],[12,24,4,8,20,16,21],[4,8,20,24,16,12,13,21],[16,12,8,24,20,4,21],[12,8,24,16,20,4,13,21],[16,12,8,20,4,24,21],[12,24,8,16,20,4,21],[8,24,4,20,12,16,21],[4,8,12,20,24,16,21],[8,16,4,20,24,12,21],[4,24,12,8,16,20,13,21],[12,20,24,16,8,4,21],[24,8,20,16,12,4,21],[12,16,8,24,20,4,21],[24,8,12,16,4,20,21],[4,16,20,24,12,8,21],[20,4,12,24,8,16,13,21],[16,24,12,20,4,8,13,21],[4,16,8,24,20,12,13,21],[16,24,8,4,20,12,21],[8,16,20,24,12,4,21],[12,8,16,4,20,24,21],[20,4,8,12,16,24,13,21],[4,16,20,12,8,24,13,21],[20,8,4,12,16,24,21],[12,20,16,4,8,24,13,21],[8,4,24,12,16,20,21],[24,4,16,20,8,12,13,21],[12,8,16,20,24,4,21],[24,12,4,20,8,16,13,21],[20,24,16,8,4,12,13,21],[16,24,4,20,8,12,13,21],[16,8,4,24,20,12,13,21],[12,8,20,4,16,24,21],[16,20,8,12,24,4,21],[20,4,24,12,16,8,21],[12,8,24,20,4,16,21],[24,20,4,8,12,16,13,21],[20,16,8,24,12,4,21],[8,24,12,4,16,20,21],[12,8,24,16,4,20,21],[4,24,12,8,20,16,13,21],[24,12,8,20,4,16,21],[16,8,4,24,20,12,21],[4,12,20,8,16,24,21],[4,20,16,8,12,24,13,21],[8,4,20,24,16,12,13,21],[20,8,4,24,16,12,13,21],[8,12,24,20,4,16,13,21],[12,24,4,8,16,20,21],[8,20,24,4,12,16,13,21],[24,4,8,16,20,12,13,21],[20,16,4,24,8,12,21],[12,4,20,16,8,24,13,21],[24,16,20,8,12,4,21],[16,24,4,12,8,20,21],[12,4,16,20,24,8,13,21],[8,16,20,24,12,4,21],[4,24,8,12,20,16,21],[8,16,24,4,12,20,21],[4,20,12,8,24,16,21],[4,16,24,20,8,12,21],[4,12,20,24,8,16,13,21],[24,16,4,12,8,20,13,21],[4,8,12,20,16,24,21],[16,8,4,24,12,20,13,21],[12,24,16,4,8,20,13,21],[20,16,12,8,24,4,21],[12,16,8,4,24,20,13,21],[24,12,4,20,16,8,13,21],[4,24,16,20,12,8,13,21],[8,24,20,12,4,16,13,21],[12,8,16,20,24,4,13,21],[8,4,12,20,16,24,21],[8,20,24,12,16,4,13,21],[16,24,4,8,12,20,21],[16,24,8,4,20,12,21],[20,24,12,16,4,8,21],[24,20,4,8,12,16,13,21],[16,24,4,20,12,8,21],[8,24,16,20,12,4,13,21],[4,12,24,16,8,20,13,21],[12,8,16,20,4,24,13,21],[20,12,8,24,16,4,21],[16,24,20,4,12,8,21],[24,4,20,16,12,8,13,21],[4,20,12,8,24,16,13,21],[8,12,24,4,20,16,13,21],[24,4,16,20,8,12,13,21],[20,4,24,16,12,8,21],[16,12,20,4,24,8,21],[16,20,4,24,8,12,21],[20,24,12,8,4,16,13,21],[24,20,4,12,8,16,21],[8,24,12,4,20,16,13,21],[8,20,24,12,16,4,13,21],[20,16,4,12,24,8,21],[24,4,20,16,8,12,21],[12,4,16,20,8,24,21],[24,16,4,8,20,12,13,21],[20,12,24,4,8,16,13,21],[12,20,8,24,4,16,13,21],[16,24,12,20,8,4,21],[4,24,20,16,8,12,21],[8,20,12,24,4,16,13,21],[4,16,8,24,12,20,21],[12,8,4,16,24,20,21],[24,8,16,12,4,20,13,21],[16,20,8,12,24,4,21],[8,16,20,24,12,4,21],[16,12,8,20,24,4,21],[16,20,8,12,24,4,21],[16,4,20,12,24,8,13,21],[4,12,8,16,20,24,13,21],[24,4,20,12,8,16,21],[24,20,12,4,8,16,21],[24,8,20,16,12,4,21],[12,24,20,4,8,16,13,21],[24,20,4,16,8,12,21],[24,4,16,8,20,12,13,21],[8,4,16,12,24,20,13,21],[20,24,16,4,12,8,21],[4,12,24,16,20,8,21],[12,24,20,4,8,16,21],[16,20,8,12,4,24,13,21],[20,8,4,12,24,16,21],[20,4,16,12,24,8,13,21],[24,4,16,20,8,12,13,21],[24,12,4,8,20,16,13,21],[24,12,20,8,4,16,13,21],[16,12,4,24,8,20,21],[16,24,8,4,20,12,13,21],[24,4,16,12,20,8,13,21],[4,8,24,16,12,20,13,21],[12,8,16,24,4,20,21],[16,4,12,8,20,24,13,21],[24,4,8,16,12,20,13,21],[12,24,20,16,8,4,13,21],[20,4,24,8,16,12,13,21],[16,12,8,4,20,24,21],[24,8,12,4,16,20,13,21],[24,16,12,20,8,4,13,21],[24,20,4,16,12,8,13,21],[16,8,12,4,20,24,13,21],[4,16,24,20,8,12,13,21],[12,20,8,16,24,4,13,21],[20,4,16,8,12,24,13,21],[24,16,8,20,12,4,13,21],[24,16,4,12,20,8,13,21],[12,4,8,16,24,20,21],[16,20,8,4,12,24,21],[12,16,8,20,24,4,13,21],[20,8,4,12,16,24,13,21],[16,4,24,20,12,8,21],[16,20,8,12,24,4,13,21],[20,4,8,12,24,16,13,21],[24,20,12,4,8,16,21],[20,12,4,8,16,24,21],[8,16,24,12,4,20,21],[24,12,8,4,20,16,13,21],[8,20,12,16,24,4,13,21],[8,16,24,12,4,20,13,21],[24,4,12,8,16,20,13,21],[12,4,8,16,24,20,13,21],[24,12,8,16,20,4,21],[24,4,12,16,8,20,21],[4,12,20,16,8,24,21],[4,24,8,20,12,16,21],[20,24,16,4,8,12,21],[8,16,20,4,12,24,13,21],[20,16,24,8,4,12,21],[4,8,12,20,24,16,21],[24,16,4,20,8,12,21],[8,24,12,4,16,20,13,21],[4,12,20,8,24,16,21],[24,12,8,4,20,16,21],[20,8,24,4,12,16,21],[4,12,20,16,24,8,13,21],[20,24,16,12,4,8,21],[20,8,24,12,16,4,21],[12,8,4,16,24,20,21],[12,20,8,16,4,24,21],[20,12,16,4,8,24,13,21],[20,4,16,8,24,12,13,21],[16,12,4,24,20,8,21],[16,24,20,8,12,4,13,21],[16,8,4,20,12,24,13,21],[4,24,20,12,8,16,21],[20,24,12,16,4,8,13,21],[16,4,12,20,24,8,13,21],[4,16,20,24,12,8,13,21],[16,12,24,4,8,20,21],[20,8,16,4,24,12,21],[4,8,12,20,16,24,21],[20,8,12,24,16,4,21],[12,4,16,8,20,24,13,21],[4,24,8,16,20,12,21],[12,24,20,8,16,4,21],[4,16,8,12,20,24,21],[16,20,24,12,4,8,13,21],[20,24,4,8,12,16,13,21],[24,4,8,12,16,20,21],[20,16,4,24,8,12,21],[16,20,8,4,24,12,21],[20,24,8,12,4,16,21],[24,20,16,4,8,12,21],[12,4,20,24,16,8,21],[4,16,8,24,20,12,21],[8,20,12,4,24,16,21],[24,8,16,20,4,12,13,21],[8,12,4,24,16,20,13,21],[24,4,8,16,12,20,13,21],[12,24,8,20,16,4,13,21],[4,8,20,12,24,16,13,21],[24,12,8,16,20,4,21],[24,8,12,20,16,4,13,21],[24,4,20,12,16,8,13,21],[12,8,24,4,16,20,13,21],[4,8,16,20,12,24,21],[12,20,8,4,16,24,13,21],[12,8,4,16,24,20,21],[8,20,16,24,4,12,21],[24,8,4,20,12,16,13,21],[4,12,8,16,20,24,21],[4,8,24,12,16,20,21],[12,20,24,8,4,16,21],[20,4,16,8,24,12,21],[4,12,16,24,20,8,21],[12,16,4,20,24,8,21],[8,16,4,12,20,24,21],[4,24,8,16,12,20,13,21],[20,24,16,8,4,12,13,21],[4,12,16,24,8,20,21],[8,12,20,4,16,24,21],[4,8,24,16,20,12,21],[16,20,8,12,24,4,21],[12,8,20,24,4,16,21],[8,4,20,24,16,12,13,21],[12,16,8,4,20,24,13,21],[8,20,12,4,16,24,13,21],[12,24,16,20,8,4,13,21],[20,16,12,4,24,8,21],[16,8,4,24,20,12,21],[8,4,12,24,20,16,13,21],[24,4,16,20,8,12,13,21],[8,16,4,24,20,12,21],[20,24,8,16,4,12,21],[12,16,8,24,4,20,21],[8,4,24,20,16,12,21],[8,4,16,24,20,12,13,21],[24,16,12,8,20,4,13,21],[8,20,24,4,16,12,13,21],[24,20,16,4,12,8,13,21],[16,12,20,24,4,8,21],[4,12,24,16,8,20,21],[4,8,20,24,12,16,13,21],[4,20,24,16,8,12,13,21],[24,8,4,16,20,12,13,21],[16,12,8,24,4,20,13,21],[20,8,16,24,4,12,13,21],[20,16,12,4,24,8,21],[24,12,4,20,8,16,13,21],[8,12,20,16,4,24,21],[4,24,8,12,16,20,13,21],[20,12,4,8,16,24,13,21],[16,12,24,20,8,4,13,21],[24,16,4,12,8,20,21],[16,12,20,4,24,8,21],[16,24,12,20,4,8,13,21],[8,16,20,12,24,4,13,21],[16,8,20,24,4,12,13,21],[4,20,24,16,12,8,13,21],[8,4,16,12,24,20,21],[16,12,24,20,8,4,13,21],[24,20,8,16,4,12,21],[12,16,24,20,4,8,21],[16,12,4,24,20,8,21],[12,24,8,16,20,4,21],[12,8,24,16,4,20,21],[4,8,24,20,16,12,13,21],[8,24,12,16,4,20,21],[16,24,20,4,8,12,21],[20,4,8,12,24,16,13,21],[4,8,20,16,12,24,13,21],[16,24,20,4,12,8,13,21],[16,20,24,8,4,12,21],[4,16,20,12,8,24,21],[4,16,8,12,20,24,21],[12,16,24,8,20,4,13,21],[4,8,24,12,20,16,21],[4,8,12,24,20,16,21],[24,8,16,12,4,20,21],[8,4,24,12,16,20,13,21],[16,12,24,8,4,20,13,21],[20,4,16,24,12,8,13,21],[16,20,8,24,4,12,21],[8,4,16,20,24,12,21],[8,20,16,24,4,12,13,21],[4,12,20,8,16,24,13,21],[4,12,8,20,16,24,13,21],[12,8,20,16,24,4,13,21],[12,8,20,4,16,24,13,21],[4,24,8,20,16,12,13,21],[12,20,4,8,16,24,21],[8,12,4,20,16,24,13,21],[20,8,12,4,24,16,13,21],[4,20,8,24,12,16,13,21],[20,16,24,12,8,4,21],[16,20,24,12,8,4,21],[24,12,20,8,4,16,21],[4,12,24,8,20,16,21],[4,20,8,12,16,24,21],[8,16,12,20,24,4,13,21],[12,16,20,4,24,8,21],[12,4,24,20,16,8,13,21],[24,4,20,16,8,12,13,21],[12,16,20,24,8,4,13,21],[8,16,20,12,4,24,13,21],[20,8,24,12,4,16,13,21],[8,12,24,4,16,20,13,21],[12,4,24,16,20,8,13,21],[12,20,24,16,8,4,21],[16,24,8,12,20,4,21],[4,16,20,8,24,12,13,21],[16,12,24,8,4,20,13,21],[12,16,20,4,8,24,21],[12,8,4,24,20,16,21],[16,20,12,24,4,8,21],[8,20,4,24,16,12,21],[8,12,20,24,16,4,21],[8,4,20,24,12,16,13,21],[20,4,8,12,16,24,13,21],[24,4,20,12,16,8,13,21],[12,8,16,20,24,4,13,21],[16,4,8,12,24,20,21],[4,12,24,8,16,20,21],[24,4,16,12,8,20,13,21],[16,24,8,12,4,20,21],[8,4,16,24,12,20,21],[20,16,4,24,12,8,21],[4,20,12,16,8,24,13,21],[24,12,20,8,16,4,21],[24,4,16,20,12,8,21],[20,12,4,24,16,8,13,21],[4,16,20,8,12,24,13,21],[24,4,8,20,12,16,21],[4,24,16,8,20,12,13,21],[20,24,16,12,8,4,13,21],[24,4,20,16,8,12,21],[24,12,4,8,16,20,21],[12,16,8,20,4,24,13,21],[8,24,4,16,12,20,21],[4,12,8,20,16,24,21],[4,8,12,16,20,24,21],[8,24,16,12,20,4,21],[24,12,8,4,20,16,21],[20,16,8,24,12,4,21],[24,4,20,16,8,12,13,21],[20,24,12,8,16,4,21],[4,24,8,16,20,12,13,21],[20,4,12,24,8,16,21],[20,4,12,24,16,8,13,21],[12,8,16,24,4,20,21],[8,4,24,12,20,16,21],[20,4,24,16,12,8,13,21],[16,12,20,24,4,8,21],[24,4,12,8,20,16,13,21],[12,8,24,16,20,4,13,21],[8,20,4,16,12,24,21],[8,16,12,24,20,4,13,21],[8,20,16,24,12,4,21],[8,12,16,4,24,20,21],[8,12,4,16,20,24,21],[4,20,8,12,16,24,13,21],[12,8,16,20,24,4,21],[8,24,12,4,20,16,21],[8,4,12,20,24,16,21],[24,4,20,8,12,16,13,21],[4,8,12,24,16,20,21],[16,20,8,4,12,24,21],[4,24,8,20,12,16,21],[8,20,16,4,12,24,13,21],[4,16,24,12,20,8,13,21],[24,4,16,20,8,12,13,21],[20,4,8,16,12,24,21],[4,16,8,12,20,24,21],[20,24,8,12,16,4,13,21],[24,4,8,12,16,20,21],[16,8,12,24,4,20,13,21],[8,16,20,4,24,12,21],[8,4,20,24,16,12,13,21],[4,20,12,24,8,16,13,21],[16,12,4,8,20,24,13,21],[4,12,20,8,24,16,21],[16,8,12,20,24,4,13,21],[24,8,20,16,4,12,21],[24,12,4,20,8,16,21],[24,16,12,4,8,20,13,21],[8,12,24,20,4,16,21],[8,20,16,24,4,12,13,21],[24,20,12,4,16,8,21],[12,16,4,24,8,20,21],[8,12,4,20,16,24,13,21],[16,24,8,20,12,4,13,21],[24,20,4,12,16,8,13,21],[12,24,8,4,20,16,13,21],[16,8,4,12,20,24,13,21],[24,8,4,16,20,12,21],[24,8,12,16,4,20,13,21],[12,24,8,4,20,16,13,21],[12,24,20,4,16,8,13,21],[4,8,16,12,20,24,13,21],[12,24,4,20,8,16,13,21],[12,4,8,24,16,20,21],[16,24,4,8,12,20,13,21],[20,16,4,24,8,12,13,21],[16,24,20,4,12,8,13,21],[8,4,24,12,16,20,13,21],[16,24,12,8,4,20,13,21],[4,16,20,12,8,24,13,21],[8,24,12,16,4,20,21],[20,12,16,8,4,24,13,21],[16,12,8,20,24,4,21],[16,20,4,12,8,24,21],[4,8,12,24,20,16,21],[12,4,20,16,24,8,13,21],[12,4,8,16,20,24,21],[16,4,8,20,12,24,21],[20,16,24,12,4,8,13,21],[24,8,12,16,4,20,13,21],[12,24,20,16,8,4,13,21],[24,4,20,8,16,12,13,21],[12,4,8,24,20,16,13,21],[12,20,16,4,24,8,13,21],[12,20,24,4,16,8,21],[4,20,16,24,12,8,21],[12,20,8,24,4,16,13,21],[20,8,24,4,16,12,21],[4,8,24,20,16,12,13,21],[20,16,8,24,4,12,13,21],[16,12,4,24,8,20,13,21],[16,12,4,24,8,20,21],[24,12,16,4,20,8,13,21],[4,12,20,8,24,16,21],[16,8,12,20,4,24,13,21],[12,4,16,24,20,8,13,21],[12,8,24,20,4,16,13,21],[16,20,12,24,8,4,13,21],[4,12,24,16,20,8,13,21],[8,4,12,16,24,20,13,21],[24,12,4,8,20,16,21],[16,4,12,24,8,20,13,21],[24,4,20,12,8,16,21],[4,12,24,20,8,16,13,21],[12,4,20,8,24,16,21],[20,16,24,4,8,12,21],[12,24,16,4,20,8,21],[16,20,12,24,8,4,13,21],[24,8,16,4,20,12,21],[4,16,12,8,20,24,21],[4,20,12,16,8,24,21],[8,16,4,12,20,24,13,21],[12,20,24,4,16,8,13,21],[24,4,16,20,8,12,13,21],[16,24,8,20,4,12,13,21],[24,12,20,4,16,8,21],[12,24,4,8,20,16,13,21],[8,24,12,20,4,16,13,21],[20,8,16,24,4,12,13,21],[16,4,8,24,12,20,21],[20,16,12,4,8,24,13,21],[4,16,8,24,12,20,13,21],[20,8,12,4,16,24,21],[24,12,4,16,8,20,13,21],[8,16,4,12,20,24,21],[12,20,8,24,16,4,13,21],[16,20,8,24,12,4,13,21],[20,8,12,16,24,4,13,21],[12,4,24,20,8,16,13,21],[16,20,24,12,8,4,21],[16,20,24,12,4,8,21],[12,4,20,8,16,24,13,21],[16,4,24,12,20,8,13,21],[24,4,12,8,20,16,13,21],[20,8,24,16,12,4,21],[20,16,24,8,4,12,21],[24,20,12,4,8,16,21],[8,20,4,24,12,16,21],[20,16,24,8,12,4,13,21],[8,24,12,16,4,20,21],[24,20,16,4,12,8,21],[4,20,16,12,24,8,21],[20,8,24,16,4,12,13,21],[24,16,12,8,4,20,13,21],[4,8,16,12,24,20,21],[20,16,8,4,24,12,13,21],[16,20,4,12,8,24,21],[4,12,20,16,24,8,21],[12,4,20,8,16,24,13,21],[20,16,24,8,12,4,21],[4,20,8,12,16,24,21],[4,24,20,12,8,16,21],[12,16,24,8,4,20,13,21],[20,4,24,16,8,12,13,21],[20,24,4,12,16,8,13,21],[8,24,12,4,20,16,13,21],[12,8,24,16,20,4,13,21],[4,16,8,20,24,12,21],[12,8,24,20,16,4,21],[4,20,16,24,12,8,13,21],[24,16,20,8,12,4,13,21],[16,24,4,8,20,12,13,21],[20,24,16,12,4,8,21],[20,8,16,24,4,12,13,21],[20,4,12,16,24,8,21],[8,20,24,4,12,16,21],[4,24,20,8,16,12,13,21],[16,8,4,12,20,24,13,21],[16,12,20,4,24,8,21],[24,20,8,4,12,16,13,21],[16,24,4,20,12,8,13,21],[16,24,20,4,8,12,13,21],[8,24,12,20,4,16,21],[12,20,24,8,4,16,13,21],[12,20,16,24,4,8,21],[8,24,12,4,20,16,13,21],[20,8,4,16,24,12,13,21],[16,4,20,12,24,8,21],[20,4,24,12,16,8,13,21],[4,16,24,8,20,12,13,21],[24,12,16,4,20,8,21],[20,8,4,12,16,24,13,21],[20,24,16,4,8,12,21],[4,24,12,16,8,20,21],[4,8,16,12,24,20,21],[4,8,16,20,12,24,21],[20,8,24,12,16,4,21],[24,8,20,12,16,4,21],[24,8,16,20,4,12,13,21],[8,16,4,12,20,24,13,21],[24,16,20,12,8,4,13,21],[12,8,24,4,16,20,13,21],[12,16,20,8,4,24,21],[12,4,24,20,16,8,13,21],[24,4,12,20,8,16,21],[8,4,16,20,12,24,21],[16,20,8,4,12,24,13,21],[24,8,16,12,4,20,13,21],[4,16,20,8,12,24,13,21],[24,20,16,4,8,12,13,21],[24,12,16,20,8,4,13,21],[8,24,4,12,20,16,21],[4,20,8,16,24,12,13,21],[24,16,4,12,8,20,21],[12,16,4,24,20,8,21],[16,4,20,24,12,8,13,21],[4,16,24,8,12,20,21],[12,16,4,20,24,8,21],[12,8,24,20,4,16,13,21],[20,24,4,16,12,8,21],[20,4,24,16,8,12,21],[12,16,8,20,24,4,13,21],[12,8,20,24,4,16,21],[4,12,8,16,20,24,13,21],[16,12,24,8,20,4,13,21],[24,4,12,16,8,20,13,21],[12,8,20,4,16,24,13,21],[16,8,20,4,24,12,21],[16,12,20,24,4,8,21],[8,16,12,24,20,4,21],[24,8,16,4,20,12,21],[16,24,4,20,12,8,13,21],[4,8,20,12,16,24,13,21],[16,24,20,12,8,4,21],[4,12,8,16,20,24,13,21],[24,20,12,8,4,16,13,21],[12,8,16,20,24,4,13,21],[8,20,16,4,12,24,21],[12,24,16,4,20,8,21],[12,24,4,8,20,16,21],[20,12,16,4,8,24,13,21],[8,12,24,4,16,20,13,21],[24,12,4,16,20,8,21],[20,12,16,4,24,8,21],[16,8,12,20,24,4,13,21],[16,24,20,12,8,4,13,21],[4,20,12,24,8,16,21],[20,4,24,16,8,12,21],[16,8,20,4,12,24,13,21],[12,16,4,20,24,8,13,21],[12,4,8,16,20,24,13,21],[12,20,4,16,24,8,13,21],[20,24,12,4,8,16,21],[20,8,16,24,4,12,21],[16,24,20,12,8,4,13,21],[8,4,24,20,12,16,21],[4,24,8,20,16,12,21],[20,16,4,24,12,8,13,21],[16,8,20,12,4,24,21],[8,12,4,20,24,16,13,21],[16,8,20,12,4,24,13,21],[12,24,8,4,16,20,13,21],[20,8,16,4,12,24,13,21],[24,12,8,20,16,4,13,21],[16,20,4,12,8,24,13,21],[24,4,16,12,20,8,21],[8,20,16,4,12,24,13,21],[24,16,12,4,8,20,21],[12,24,16,4,8,20,13,21],[4,24,8,16,20,12,21],[24,20,16,8,4,12,21],[20,16,24,8,12,4,21],[8,24,16,20,12,4,13,21],[12,8,24,20,4,16,21],[8,16,20,24,4,12,21],[20,12,8,16,24,4,21],[4,16,24,12,8,20,21],[16,12,20,24,8,4,13,21],[20,8,12,16,4,24,13,21],[12,20,16,8,24,4,21],[24,20,12,16,4,8,21],[20,12,24,16,8,4,13,21],[4,12,16,24,20,8,13,21],[24,8,16,20,4,12,21],[24,16,12,20,4,8,13,21],[4,8,24,16,20,12,21],[8,4,16,12,24,20,13,21],[8,12,20,24,4,16,13,21],[20,24,16,8,12,4,21],[16,4,20,8,12,24,13,21],[12,4,16,20,24,8,21],[4,24,20,8,16,12,21],[24,8,20,4,12,16,21],[12,8,24,4,20,16,13,21],[20,12,4,16,8,24,21],[24,16,20,4,12,8,13,21],[20,16,24,4,8,12,21],[4,24,16,20,12,8,13,21],[20,24,8,12,16,4,13,21],[24,4,8,16,12,20,13,21],[24,20,4,16,12,8,21],[24,8,12,4,20,16,13,21],[24,4,20,16,12,8,13,21],[20,12,4,8,16,24,21],[12,16,20,4,24,8,13,21],[16,12,4,8,24,20,21],[4,16,20,24,8,12,13,21],[12,8,16,20,24,4,13,21],[20,8,16,4,12,24,21],[24,20,8,4,16,12,13,21],[4,20,8,24,16,12,21],[8,12,16,24,4,20,21],[8,20,4,24,12,16,13,21],[16,8,4,24,12,20,21],[12,24,4,8,20,16,13,21],[16,4,24,12,20,8,21],[16,8,4,24,20,12,21],[12,16,20,8,24,4,21],[20,4,16,8,24,12,13,21],[20,8,4,16,24,12,21],[12,4,24,16,20,8,13,21],[8,12,20,24,16,4,13,21],[12,8,16,24,20,4,13,21],[8,24,12,4,16,20,13,21],[20,24,12,16,8,4,21],[12,24,4,16,8,20,21],[24,4,16,20,8,12,13,21],[8,4,24,16,12,20,21],[12,8,16,24,4,20,21],[16,20,24,12,8,4,13,21],[12,8,24,16,4,20,13,21],[4,24,20,12,8,16,13,21],[8,20,24,16,4,12,13,21],[4,24,12,8,16,20,21],[16,12,24,20,8,4,21],[24,8,20,16,4,12,13,21],[12,8,20,16,24,4,21],[24,12,8,16,4,20,13,21],[4,16,20,8,12,24,13,21],[12,16,20,24,8,4,13,21],[16,8,4,12,24,20,13,21],[16,12,4,20,24,8,13,21],[4,24,20,12,8,16,13,21],[20,8,12,16,24,4,21],[24,8,20,4,16,12,13,21],[4,20,8,12,24,16,13,21],[12,20,24,16,4,8,21],[4,20,12,8,16,24,13,21],[16,24,8,20,12,4,21],[4,20,24,8,16,12,21],[16,12,24,8,20,4,21],[20,8,4,12,24,16,21],[4,12,24,20,8,16,21],[12,8,20,16,4,24,13,21],[24,4,12,16,8,20,21],[24,4,16,20,8,12,13,21],[24,4,12,16,8,20,21],[24,4,20,12,8,16,13,21],[24,20,16,8,12,4,21],[20,16,12,8,24,4,13,21],[16,8,24,12,4,20,13,21],[4,8,12,20,16,24,13,21],[20,8,24,4,12,16,21],[20,8,4,12,16,24,21],[12,4,16,24,20,8,13,21],[24,16,20,8,4,12,13,21],[20,24,8,12,4,16,13,21],[4,20,16,12,24,8,21],[16,24,4,20,12,8,21],[8,4,16,12,20,24,21],[12,4,16,20,24,8,13,21],[8,12,24,4,16,20,13,21],[16,12,20,8,24,4,13,21],[4,12,24,20,8,16,13,21],[4,16,20,8,12,24,13,21],[16,24,8,20,4,12,21],[24,8,4,12,16,20,21],[8,4,16,20,24,12,21],[8,20,16,24,4,12,21],[20,12,4,24,16,8,13,21],[16,20,4,8,12,24,13,21],[16,4,12,24,8,20,13,21],[20,16,24,8,4,12,21],[4,8,12,16,24,20,21]],"n_human":11}