{"problem_id":"UYUpECQGXUN0I3S","sigma":150,"alpha":1.000,"cost":2,"probabilities":"[0.27, 0.11, 0.29, 0.33]","payoff_matrix":"[[-98, -111, -118, 82, 243, -143], [77, -322, -14, 11, -38, 64], [115, -199, 157, 94, 46, -101], [319, -342, -60, 110, -44, 355]]","uncovered":[[12,20,8,4,16,15,3],[8,16,20,12,24,23,15,13,21,4,3,1],[8,24,4,23,3,21],[16,4,3,22,24,23,1,21,15,13,12,8,20],[24,12,16,23,15,13,21,8,4,3,1,20],[12,16,24,15,23,21,13,8,20,4,3,1],[12,8,20,16,4,3],[8,16,20,24,15,23,13,21,12,4,3,1],[12,8,16,24,15,23,13,21,4,3,1,20],[24,4,3,23,1,21,8,15,16,13,20,12],[24,12,16,23,15,13,21,8,20,4,3,1],[12,24,8,20,4,23,3,1,21],[4,8,24,3,23,1,21,12,20],[24,16,15,23,13,21,4,3,1,12,8,20],[8,16,4,15,3,12],[4,8,16,3,15,24,23,21],[4,24,23,3,21,20],[24,15,16,23,21,13,4,3,1,20,8,12],[12,24,20,16,23,15,21,13,4,3,1,8],[16,20,8,12,4,3],[24,20,16,15,23,21,13,8,4,3,1,12],[12,4,20,8,16,3],[4,16,15,3,11,12,24,23,1,21,13,8,20],[16,12,20,4,3],[4,20,24,23,3,1,21,12,16,15,13,8],[4,16,3,15,8,17,20,10],[20,24,8,16,23,15,21,13,4,3,1,12],[16,20,24,15,23,21,13,4,3,1,12,8],[8,24,16,15,23,21,13,20,4,3,1,12],[4,16,3,15,20,7],[12,24,16,15,23,13,21,8,20,4,3,1],[24,20,8,4,3,23,21],[12,16,4,3,15,21],[4,24,3,23,1,21,12,16,15,13,20,8],[24,8,16,15,23,21,13,4,3,1,20,12],[8,4,24,23,3,1,21,16,15,13,20,12],[20,16,24,15,23,21,13,12,4,3,1,8],[12,24,8,4,3,23,1,21,20],[8,4,24,3,23,1,21,16,15,13,20,12],[4,8,16,3,15,24,23,21],[12,8,20,4,16,15,3],[16,12,4,15,3,7],[8,24,16,23,15,13,21,20,12,4,3,1],[12,24,20,16,15,23,13,21,4,3,1,8],[12,20,4,8,24,3,23,21],[24,4,23,3,21,16,15,5],[4,12,16,3,15,6],[16,12,8,24,23,15,21,13,20,4,3,1],[16,20,24,23,15,21,13,12,4,3,1,8],[24,20,16,23,15,13,21,8,4,3,1,12],[16,4,15,3,6,12],[20,24,12,16,15,23,21,13,8,4,3,1],[12,24,4,3,23,1,21,16,15,13,20,8],[24,8,16,23,15,21,13,20,4,3,1,12],[4,20,8,24,3,23,21],[24,16,23,15,21,13,8,20,4,3,1,12],[4,12,20,16,3],[12,4,16,3,15,19,7],[16,24,15,23,13,21,20,8,4,3,1,12],[20,4,16,3,13,15,1,12,8,24,23,21],[20,8,12,4,16,15,3],[24,15,16,23,21,13,12,20,4,3,1,8],[12,16,20,24,23,15,21,13,8,4,3,1],[24,20,8,16,15,23,13,21,4,3,1,12],[24,16,15,23,21,13,4,3,1,20,12,8],[20,8,4,24,3,23,21],[12,20,8,24,16,23,15,21,13,4,3,1],[24,12,8,4,23,3,21],[4,12,16,3,15,1,13,24,23,21,20,8],[12,8,20,16,24,15,23,21,13,4,3,1],[8,20,4,16,15,3],[24,20,8,14,12,4,3,23,21],[20,16,24,23,15,13,21,12,4,3,1,8],[20,16,24,23,15,21,13,8,4,3,1,12],[16,4,3,15,8,24,23,1,21,13,12,20],[20,4,24,23,3,21],[24,12,8,16,15,23,21,13,20,4,3,1],[12,4,24,23,3,21],[4,8,16,3,15,24,23,21],[12,24,20,4,3,23,1,21,16,15,13,8],[20,4,24,3,23,1,21,8,16,15,13,12],[12,24,20,8,4,23,3,1,21],[16,12,8,4,15,3],[4,12,16,15,3,23],[12,16,20,8,4,3],[12,20,24,8,4,23,3,21],[16,8,4,15,3,12],[16,12,4,15,3,13,1,20,8,24,23,21],[16,8,24,15,23,21,13,12,20,4,3,1],[8,16,20,12,24,15,23,13,21,4,3,1],[24,16,23,15,21,13,20,12,8,4,3,1],[12,24,20,8,4,23,3,21],[24,8,12,4,3,23,21],[20,4,8,16,15,3],[24,20,12,16,15,23,13,21,8,4,3,1],[8,16,4,3,24,23,21],[4,12,16,3,15,20],[12,24,16,23,15,13,21,20,4,3,1,8],[16,20,24,15,23,13,21,12,4,3,1,8],[24,4,23,3,21,8],[16,4,3,15,12,23],[16,8,12,4,15,3],[4,20,16,15,3,21],[4,20,24,3,23,1,21,16,15,13,8,12],[4,20,12,16,3],[8,4,16,3,15,9],[16,8,12,24,23,15,13,21,4,3,1,20],[20,4,16,3,15,1,13,12,24,23,21,8],[12,20,16,4,3],[20,12,16,24,15,23,13,21,8,4,3,1],[16,8,12,24,23,15,21,13,20,4,3,1],[24,20,16,15,23,13,21,8,12,4,3,1],[8,24,20,12,16,23,15,13,21,4,3,1],[20,16,12,24,15,23,21,13,8,4,3,1],[4,24,3,23,21,16,19,15,8],[20,4,8,16,3],[8,4,20,12,16,15,3],[24,8,16,23,15,13,21,20,12,4,3,1],[24,8,16,15,23,13,21,12,4,3,1,20],[4,16,15,3,20,24,23,21],[16,12,20,24,15,23,21,13,4,3,1,8],[8,4,16,15,3,20],[8,12,24,16,23,15,13,21,4,3,1,20],[4,16,3,19,15,13,1,12,8,24,23,21],[16,20,8,4,3],[12,24,8,16,15,23,13,21,20,4,3,1],[16,4,3,15,20,21],[4,20,24,23,3,1,21,16,15,13,12,8],[24,16,15,23,13,21,20,8,12,4,3,1],[4,12,24,3,23,1,21,8,20],[12,4,20,24,23,3,1,21,8],[12,8,20,4,24,3,23,1,21],[8,4,20,16,3],[20,16,24,23,15,21,13,4,3,1,8,12],[20,16,4,15,3,12],[12,16,4,15,3,8],[16,8,12,20,24,15,23,21,13,4,3,1],[12,8,24,4,23,3,21],[16,24,23,15,13,21,20,12,4,3,1,8],[12,16,8,20,24,15,23,13,21,4,3,1],[4,16,15,3,20,23],[8,4,24,23,3,1,21,12,20],[12,16,8,20,4,15,3],[8,12,24,20,16,15,23,13,21,4,3,1],[16,24,23,15,13,21,12,4,3,1,8,20],[16,12,8,20,4,3],[8,4,12,16,3],[4,8,20,16,15,3],[12,20,8,16,24,15,23,13,21,4,3,1],[8,16,20,12,4,3],[4,16,3,15,5,20],[12,24,20,16,15,23,13,21,8,4,3,1],[12,24,20,4,23,3,21],[8,16,20,24,23,15,13,21,12,4,3,1],[20,16,12,24,23,15,13,21,8,4,3,1],[24,16,23,15,21,13,4,3,1,8,20,12],[8,20,4,12,16,3],[4,24,23,3,1,21,16,15,13,8,20,12],[8,16,4,15,3,24,23,21],[8,12,24,20,4,3,23,21],[24,20,8,4,3,23,21],[20,24,8,16,23,15,21,13,12,4,3,1],[12,16,20,8,24,23,15,21,13,4,3,1],[8,4,24,3,23,1,21,12,20],[12,24,20,4,3,23,1,21,16,15,13,8],[20,4,8,24,3,23,1,21,12],[8,24,16,15,23,21,13,4,3,1,20,12],[24,3,4,23,21,12],[8,12,4,16,15,3],[16,12,20,4,3],[24,4,23,3,1,21,16,15,13,12,20,8],[20,16,4,15,3,6],[16,20,12,8,24,15,23,13,21,4,3,1],[24,4,3,23,21,17,20,8],[16,20,24,23,15,21,13,4,3,1,8,12],[12,8,4,24,23,3,21],[8,16,4,3,15,19],[24,16,15,23,21,13,8,4,3,1,12,20],[20,4,8,16,15,3],[24,8,20,16,23,15,21,13,4,3,1,12],[20,8,16,24,23,15,13,21,12,4,3,1],[24,4,3,23,1,21,12,16,15,13,8,20],[8,24,4,23,3,21],[16,20,12,4,15,3],[8,4,24,3,23,1,21,12,20],[8,12,20,16,24,15,23,21,13,4,3,1],[4,24,23,3,1,21,16,15,13,8,20,12],[24,16,23,15,21,13,12,20,4,3,1,8],[24,12,16,23,15,21,13,8,4,3,1,20],[12,24,16,23,15,21,13,8,4,3,1,20],[8,20,24,12,16,23,15,21,13,4,3,1],[24,16,23,15,13,21,8,4,3,1,20,12],[16,12,8,4,3],[20,12,8,4,24,3,23,1,21],[16,8,24,15,23,21,13,20,4,3,1,12],[8,16,12,4,15,3],[4,12,24,23,3,1,21,16,15,13,8,20],[16,12,8,4,3],[4,8,24,23,3,1,21,12,16,15,13,20],[8,24,3,4,23,1,21,20,12],[12,4,8,16,3],[12,24,16,23,15,13,21,4,3,1,8,20],[12,20,24,4,3,23,21],[12,8,20,4,16,15,3],[4,16,3,15,13,1,8,24,23,21,12,20],[16,4,3,15,24,23,1,21,13,8,12,20],[8,24,4,23,3,21],[12,24,16,15,23,21,13,4,3,1,20,8],[8,12,24,4,23,3,21],[4,12,20,16,15,3],[8,4,16,15,3,11,12],[4,8,12,20,24,3,23,1,21],[12,16,4,15,3,18,8],[12,4,8,24,23,3,21],[12,16,8,4,3],[20,16,24,23,15,21,13,12,4,3,1,8],[20,4,8,24,3,23,1,21,12],[12,8,20,16,24,15,23,13,21,4,3,1],[16,24,23,15,21,13,4,3,1,12,20,8],[12,24,4,23,3,1,21,16,15,13,20,8],[16,12,4,3,15,20],[12,20,4,24,23,3,21],[20,8,16,12,24,23,15,13,21,4,3,1],[8,20,4,24,23,3,1,21,16,15,13,12],[16,12,8,4,3],[20,12,24,16,23,15,21,13,8,4,3,1],[24,16,23,15,13,21,12,20,8,4,3,1],[24,8,4,3,23,1,21,12,20],[12,16,24,15,23,13,21,8,20,4,3,1],[16,24,23,15,13,21,20,4,3,1,8,12],[4,24,3,23,1,21,20,16,15,13,12,8],[12,8,20,16,4,3],[16,8,12,4,15,3],[20,8,24,4,3,23,1,21,12],[24,12,8,4,3,23,1,21,20],[20,8,16,24,23,15,21,13,4,3,1,12],[16,4,15,3,12,19,23],[4,12,16,3,15,8],[8,16,24,15,23,21,13,4,3,1,20,12],[20,4,12,16,3],[16,24,15,23,13,21,4,3,1,20,8,12],[4,24,23,3,1,21,20,16,15,13,8,12],[12,8,4,24,23,3,21],[20,24,8,16,23,15,21,13,4,3,1,12],[8,16,12,20,4,15,3],[24,20,12,4,23,3,21],[4,24,3,23,21,5],[24,16,23,15,13,21,4,3,1,8,12,20],[8,12,20,16,4,3],[16,8,24,15,23,21,13,4,3,1,20,12],[4,20,24,23,3,21],[16,12,24,15,23,21,13,20,8,4,3,1],[20,8,16,12,24,15,23,13,21,4,3,1],[16,20,8,4,15,3],[12,20,24,16,15,23,13,21,8,4,3,1],[4,16,3,19,15,8,12],[8,24,16,23,15,13,21,12,4,3,1,20],[4,12,16,3,15,8],[24,7,16,15,23,21,13,12,4,3,1,20],[8,12,24,16,23,15,21,13,20,4,3,1],[4,20,24,23,3,1,21,16,15,13,8,12],[8,4,12,24,23,3,21],[8,12,20,16,4,3],[24,12,4,23,3,1,21,8,16,15,13,20],[12,20,8,4,16,3],[12,24,20,4,3,23,21],[16,24,15,23,13,21,4,3,1,8,12,20],[20,24,4,23,3,21],[8,4,24,23,3,1,21,20,12],[8,12,16,24,23,15,21,13,4,3,1,20],[4,16,15,3,8,20],[12,24,20,4,3,23,1,21,16,15,13,8],[12,24,4,3,23,21],[20,4,8,16,3],[4,20,12,8,24,23,3,21],[16,8,12,20,24,15,23,13,21,4,3,1],[24,20,8,12,4,23,3,21],[4,20,8,12,24,3,23,1,21],[8,16,20,24,23,15,21,13,12,4,3,1],[12,4,8,24,23,3,1,21,20],[8,4,24,23,3,1,21,12,20],[20,12,4,8,24,3,23,21],[16,8,20,12,24,23,15,21,13,4,3,1],[8,16,24,15,23,21,13,4,3,1,12,20],[24,8,4,23,3,1,21,12,20],[16,12,8,20,4,3],[12,20,4,8,24,23,3,21],[8,24,12,20,16,15,23,21,13,4,3,1],[16,4,15,3,20,7],[24,16,23,15,21,13,20,4,3,1,12,8],[4,20,12,8,16,3],[24,16,15,23,21,13,4,3,1,12,20,8],[12,8,16,20,4,3],[24,8,16,15,23,21,13,20,12,4,3,1],[20,16,12,24,23,15,21,13,8,4,3,1],[24,12,8,20,4,3,23,1,21],[8,24,20,4,23,3,1,21,16,15,13,12],[16,12,4,3,13,15,1,24,23,21,8,20],[8,16,12,4,15,3],[20,12,16,8,24,15,23,13,21,4,3,1],[12,20,24,16,15,23,13,21,8,4,3,1],[4,20,8,12,16,3],[4,8,16,3,15,12],[8,24,16,15,23,21,13,20,12,4,3,1],[8,12,4,16,15,3],[20,4,12,8,16,3],[12,8,16,20,4,15,3],[16,4,3,15,18,22,24,23,1,21,13,12,8],[20,16,12,8,24,15,23,13,21,4,3,1],[12,8,4,24,3,23,1,21,16,15,13,20],[8,4,16,3,12],[8,16,4,15,3,19,9],[16,20,8,4,15,3],[24,16,15,23,13,21,12,4,3,1,8,20],[24,4,23,3,21,16,15,7],[16,8,4,15,3,18,11,12],[12,20,16,8,4,15,3],[4,16,3,15,21,20],[24,4,23,3,1,21,8,12,16,15,13,20],[24,20,4,23,3,1,21,12,16,15,13,8],[8,16,24,15,23,13,21,12,4,3,1,20],[8,12,4,20,24,23,3,21],[8,24,20,16,15,23,13,21,4,3,1,12],[8,20,4,12,24,23,3,1,21],[4,8,24,3,23,21],[4,16,3,24,23,1,21,15,13,8,20,12],[20,12,4,16,15,3],[12,8,24,20,16,23,15,21,13,4,3,1],[16,20,24,23,15,13,21,12,4,3,1,8],[4,16,15,3,22,24,23,1,21,13,8,12,20],[24,12,8,4,3,23,21],[24,12,8,16,23,15,13,21,20,4,3,1],[20,24,4,3,23,1,21,16,15,13,8,12],[4,16,3,15,12,21],[8,4,12,24,23,3,1,21,16,15,13,20],[8,4,12,24,23,3,1,21,16,15,13,20],[12,8,4,16,3],[16,8,20,12,24,15,23,21,13,4,3,1],[12,20,24,4,23,3,1,21,8],[12,4,20,16,15,3],[20,24,12,8,16,15,23,21,13,4,3,1],[8,16,20,12,24,23,15,21,13,4,3,1],[4,12,8,16,3],[12,4,20,24,3,23,21],[8,20,16,4,15,3],[20,12,4,8,16,15,3],[16,24,15,23,13,21,4,3,1,12,8,20],[16,24,23,15,13,21,20,12,4,3,1,8],[8,16,4,15,3,20],[4,24,3,23,1,21,12,20,16,15,13,8],[24,4,23,3,1,21,12,8,16,15,13,20],[24,8,4,23,3,21],[20,4,12,16,15,3],[8,12,24,4,3,23,21],[24,4,23,3,21,12],[4,8,24,23,3,21],[12,8,4,16,15,3],[8,16,20,4,3],[4,16,15,3,8,24,23,1,21,13,12,20],[8,24,12,16,15,23,21,13,4,3,1,20],[8,16,24,15,23,13,21,20,4,3,1,12],[8,12,16,24,23,15,13,21,20,4,3,1],[20,4,24,23,3,1,21,8,16,15,13,12],[12,16,8,4,15,3],[24,12,20,15,16,23,13,21,8,4,3,1],[8,16,12,24,23,15,13,21,4,3,1,20],[20,16,4,3,15,5],[12,24,16,15,23,13,21,4,3,1,8,20],[12,20,4,24,23,3,1,21,16,15,13,8],[16,12,20,4,3],[4,12,24,23,3,1,21,8,20],[8,16,20,24,23,15,13,21,12,4,3,1],[12,4,24,3,23,21],[4,8,24,23,3,1,21,12,20],[12,20,4,24,3,23,21],[8,20,16,4,3],[4,16,15,3,1,13,8,24,23,21,20,12],[4,8,24,23,3,21],[16,12,8,24,15,23,21,13,20,4,3,1],[4,8,20,24,3,23,1,21,11,12],[16,24,23,15,21,13,20,8,12,4,3,1],[20,16,8,24,23,15,21,13,12,4,3,1],[4,24,23,3,1,21,12,20,16,15,13,8],[8,16,24,23,15,13,21,20,12,4,3,1],[12,8,24,16,23,15,13,21,4,3,1,20],[16,24,23,15,13,21,8,20,4,3,1,12],[16,24,15,23,21,13,20,12,4,3,1,8],[20,24,8,12,4,23,3,1,21],[12,4,8,16,3],[8,20,12,4,16,3],[24,15,16,23,13,21,4,3,1,8,20,12],[16,8,20,24,23,15,21,13,12,4,3,1],[16,20,24,23,15,13,21,4,3,1,12,8],[12,16,24,23,15,21,13,8,20,4,3,1],[20,24,16,23,15,13,21,8,4,3,1,12],[4,8,20,16,3],[12,4,8,24,3,23,1,21,20],[4,24,23,3,21,14,8],[8,20,16,24,23,15,21,13,12,4,3,1],[12,20,4,16,3],[24,12,20,8,16,23,15,21,13,4,3,1],[8,12,4,16,3],[20,4,16,15,3,1,13,12,24,23,21,8],[4,8,16,15,3,19,10],[20,4,16,3,15,21],[16,12,8,4,3],[16,8,24,15,23,13,21,20,4,3,1,12],[20,4,8,12,24,3,23,21],[4,24,3,23,1,21,8,20,16,15,13,12],[16,24,15,23,13,21,12,20,4,3,1,8],[16,12,8,4,3],[24,12,8,4,3,23,21],[16,12,8,24,15,23,21,13,4,3,1,20],[20,24,4,23,3,1,21,8,16,15,13,12],[16,4,3,15,20,24,23,1,21,13,12,8],[24,4,3,23,1,21,12,8,16,15,13,20],[24,8,12,4,23,3,21],[20,8,16,4,3],[12,8,16,20,24,15,23,21,13,4,3,1],[12,24,16,15,23,13,21,20,4,3,1,8],[12,8,24,16,23,15,13,21,20,4,3,1],[8,20,4,24,3,23,21],[12,16,8,24,15,23,13,21,4,3,1,20],[20,12,24,8,16,23,15,21,13,4,3,1],[24,8,20,12,16,15,23,13,21,4,3,1],[20,16,12,8,4,3],[8,12,20,24,4,3,23,21],[24,8,20,16,23,15,21,13,4,3,1,12],[20,8,4,16,3],[4,20,24,23,3,21],[24,8,4,23,3,1,21,20,16,15,13,12],[20,24,4,23,3,1,21,8,12],[16,20,8,4,15,3],[8,24,4,3,23,21],[12,24,20,8,4,3,23,1,21],[24,4,3,23,1,21,8,20,16,15,13,12],[20,8,16,12,4,3],[16,8,4,3,15,20],[24,4,3,23,21,11,12],[4,12,20,8,24,3,23,21],[4,16,3,15,12,1,13,20,24,23,21,8],[12,4,20,8,16,15,3],[16,20,24,23,15,21,13,12,8,4,3,1],[4,12,20,24,3,23,1,21,8],[24,20,12,4,3,23,1,21,16,15,13,8],[24,16,15,23,21,13,20,4,3,1,12,8],[24,12,20,4,3,23,21],[16,24,15,23,21,13,12,20,8,4,3,1],[4,12,16,15,3,8],[16,20,8,24,15,23,13,21,4,3,1,12],[20,16,24,23,15,13,21,4,3,1,12,8],[20,12,8,4,16,3],[16,20,12,8,4,15,3],[20,4,24,3,23,1,21,16,15,13,12,8],[24,20,8,16,23,15,13,21,4,3,1,12],[8,24,4,23,3,1,21,16,15,13,20,12],[8,4,24,23,3,1,21,20,12],[8,20,4,12,24,3,23,21],[4,16,3,15,23,11,12],[16,4,15,3,10,8,20],[20,24,16,15,23,13,21,8,4,3,1,12],[16,8,12,24,23,15,21,13,20,4,3,1],[24,8,4,3,23,1,21,16,15,13,20,12],[24,20,8,4,23,3,1,21,12],[12,20,8,4,24,3,23,21],[16,8,20,12,4,3],[8,4,24,23,3,1,21,16,15,13,12,20],[12,24,16,15,23,13,21,8,20,4,3,1],[20,4,16,15,3,10,5],[4,8,24,23,3,21],[20,8,16,4,3],[16,4,3,17,20,15,8,1,13,19,24,23,21,12],[24,4,23,3,21,12],[12,16,8,20,4,3],[20,12,24,16,23,15,21,13,8,4,3,1],[20,4,8,16,3],[4,8,24,3,23,1,21,16,15,13,12,20],[24,20,12,4,3,23,21],[16,20,24,23,15,21,13,4,3,1,12,8],[8,16,20,12,24,23,15,13,21,4,3,1],[12,20,4,8,24,23,3,1,21],[24,4,23,3,1,21,12,8,20],[8,12,16,24,23,15,21,13,4,3,1,20],[20,12,4,8,16,15,3],[12,16,4,3,15,8],[16,8,12,24,23,15,13,21,20,4,3,1],[12,4,20,8,16,15,3],[20,16,8,24,15,23,13,21,4,3,1,12],[8,4,20,16,3],[4,12,20,24,23,3,1,21,8],[20,4,8,12,24,23,3,1,21],[8,4,24,3,23,21],[4,12,8,16,3],[8,20,12,4,24,3,23,1,21],[8,12,24,20,4,3,23,1,21],[12,4,8,20,16,15,3],[8,4,20,24,3,23,21],[16,12,24,23,15,21,13,20,8,4,3,1],[8,20,4,12,16,3],[8,4,12,24,23,3,21],[20,16,4,15,3,8],[4,8,24,23,3,1,21,20,12],[20,4,16,15,3,24,23,1,21,13,8,12],[4,16,15,3,6,20],[16,24,23,15,13,21,8,4,3,1,20,12],[12,24,16,15,23,13,21,20,8,4,3,1],[16,24,23,15,13,21,12,8,20,4,3,1],[8,12,16,4,3],[4,24,3,23,1,21,8,12,16,15,13,20],[16,4,15,3,11,12,8],[4,8,20,12,24,3,23,21],[20,12,24,8,4,3,23,21],[8,16,20,24,23,15,13,21,4,3,1,12],[8,20,12,16,24,15,23,21,13,4,3,1],[24,8,4,23,3,1,21,16,15,13,12,20],[8,12,4,24,3,23,1,21,20],[4,24,23,3,21,20],[16,8,12,20,4,15,3],[24,16,15,23,21,13,20,4,3,1,12,8],[4,20,12,16,15,3],[4,24,3,23,1,21,16,15,13,12,8,20],[16,24,23,15,13,21,12,20,4,3,1,8],[16,20,12,4,3],[16,12,8,20,24,15,23,21,13,4,3,1],[4,8,16,15,3,21],[20,12,4,24,23,3,21],[24,12,4,3,23,1,21,20,16,15,13,8],[20,12,16,4,3],[24,12,20,16,23,15,21,13,4,3,1,8],[20,12,8,16,4,15,3],[24,20,4,3,23,21],[12,8,20,4,16,3],[4,16,15,3,21,9],[8,20,24,16,23,15,21,13,12,4,3,1],[16,20,4,15,3,8],[8,4,20,12,16,15,3],[24,8,16,23,15,21,13,4,3,1,12,20],[4,20,8,16,15,3],[4,12,8,20,16,3],[4,8,16,15,3,13,1,12,24,23,21,20],[24,12,8,16,15,23,13,21,4,3,1,20],[8,12,20,4,16,3],[20,24,12,8,4,23,3,1,21],[4,16,15,3,13,1,20,8,24,23,21,12],[4,12,16,15,3,8],[24,12,4,3,23,1,21,8,20],[16,20,24,15,23,21,13,12,8,4,3,1],[8,12,20,4,24,23,3,1,21],[12,4,24,3,23,1,21,8,16,15,13,20],[4,8,16,3,15,22,24,23,1,21,13,20,12],[4,24,23,3,1,21,8,16,15,13,12,20],[16,24,23,15,13,21,20,12,8,4,3,1],[8,16,4,3,15,24,23,21],[20,16,4,3,15,10,8],[12,16,24,23,15,21,13,8,4,3,1,19],[4,20,8,16,3],[20,8,24,16,15,23,13,21,4,3,1,12],[12,16,20,8,24,15,23,21,13,4,3,1],[12,20,24,8,16,23,15,21,13,4,3,1],[16,4,3,12,13,23],[8,12,20,4,16,3],[16,4,3,15,8,23],[24,4,3,23,21,20],[16,12,20,24,15,23,13,21,4,3,1,8],[12,8,16,20,4,3],[16,8,24,23,15,13,21,4,3,1,12,20],[8,24,16,23,15,13,21,4,3,1,12,20],[12,20,16,4,3],[24,8,16,23,15,21,13,12,4,3,1,20],[8,16,20,24,23,15,13,21,4,3,1,12],[20,12,4,24,23,3,21],[24,16,15,23,13,21,8,12,20,4,3,1],[20,8,24,12,16,23,15,13,21,4,3,1],[20,24,15,16,23,21,13,12,4,3,1,8],[20,24,12,4,23,3,1,21,8],[4,20,16,15,3,23],[4,20,24,3,23,21],[8,16,24,15,23,13,21,4,3,1,20,12],[8,24,20,16,23,15,21,13,12,4,3,1],[16,4,3,12,15,5],[24,4,23,3,21,16,15,12],[8,20,24,4,23,3,1,21,12],[8,24,12,20,16,23,15,21,13,4,3,1],[12,8,16,20,24,15,23,21,13,4,3,1],[20,8,12,24,16,15,23,21,13,4,3,1],[8,12,16,4,15,3],[4,16,3,13,11,12,20],[20,24,8,12,16,23,15,13,21,4,3,1],[24,4,23,3,1,21,20,12,8],[12,24,4,3,23,1,21,20,16,15,13,8],[16,4,15,3,23,17,20,8],[24,12,8,16,15,23,21,13,4,3,1,20],[12,20,4,16,3],[8,4,24,23,3,1,21,20,12],[12,16,24,15,23,21,13,8,4,3,1,20],[20,8,4,12,16,3],[4,12,8,24,3,23,1,21,20],[20,24,12,4,3,23,1,21,16,15,13,8],[24,12,20,4,3,23,21],[8,20,24,12,4,23,3,1,21],[16,24,23,15,13,21,20,4,3,1,8,12],[20,16,24,23,15,21,13,8,12,4,3,1],[16,8,4,15,3,23],[16,4,3,13,20,12],[8,12,20,24,16,23,15,13,21,4,3,1],[16,8,12,20,4,3],[8,16,4,15,3,23],[24,8,12,16,23,15,13,21,4,3,1,20],[4,24,23,3,21,16,15,8],[16,24,23,15,21,13,20,12,8,4,3,1],[16,12,24,23,15,13,21,20,8,4,3,1],[8,24,4,23,3,21],[4,16,15,3,19,12,8],[4,12,20,16,15,3],[12,4,16,3,20],[24,16,23,15,13,21,20,8,4,3,1,12],[24,20,8,4,23,3,1,21,16,15,13,12],[4,24,23,3,21,12],[12,16,4,3,17,20,7],[12,4,16,15,3,19,1,13,8,24,23,21],[4,16,15,3,20,8],[24,4,3,23,1,21,8,12,16,15,13,20],[16,20,24,15,23,13,21,8,12,4,3,1],[24,11,12,16,15,23,21,13,20,4,3,1,8],[16,24,23,15,13,21,20,4,3,1,8,12],[4,16,15,3,20,12],[12,16,20,24,23,15,21,13,8,4,3,1],[8,24,16,23,15,13,21,12,20,4,3,1],[12,8,24,20,16,15,23,13,21,4,3,1],[16,20,8,24,23,15,21,13,4,3,1,12],[24,20,8,4,3,23,1,21,16,15,13,12],[8,16,20,12,4,15,3],[4,24,3,23,21,20],[16,4,15,3,23,19,12],[24,20,8,12,16,23,15,13,21,4,3,1],[16,8,20,4,15,3],[16,4,15,3,20,8],[12,20,4,16,15,3],[4,20,12,24,3,23,1,21,16,15,13,8],[20,24,8,12,16,23,15,13,21,4,3,1],[20,12,4,24,3,23,1,21,8],[24,4,3,23,1,21,12,16,15,13,20,8],[12,20,4,24,3,23,1,21,8],[8,12,20,4,16,15,3],[12,24,8,16,23,15,13,21,4,3,1,20],[8,20,4,12,24,3,23,21],[20,24,4,23,3,21],[4,8,12,24,3,23,1,21,16,15,13,20],[16,4,3,15,24,23,1,21,13,12,20,8],[20,4,12,24,3,23,21],[12,4,8,24,23,3,1,21,16,15,13,20],[8,4,16,3,13,9],[4,16,3,13,12,8],[24,8,3,4,23,21],[8,4,16,3,15,24,23,1,21,13,20,12],[20,4,8,24,23,3,21],[16,24,15,23,21,13,20,12,4,3,1,8],[24,20,16,15,23,21,13,12,8,4,3,1],[24,16,15,23,21,13,12,8,20,4,3,1],[8,20,4,16,3],[4,24,23,3,1,21,16,15,13,20,12,8],[24,12,4,23,3,21],[20,24,12,8,16,23,15,21,13,4,3,1],[4,12,16,3,15,24,23,21],[4,24,23,3,21,12],[16,24,15,23,13,21,4,3,1,8,12,20],[12,20,4,8,24,3,23,21],[12,24,20,16,15,23,13,21,4,3,1,8],[12,8,24,20,4,23,3,1,21],[20,24,4,23,3,21],[16,8,20,4,3],[20,4,16,15,3,8],[20,4,12,16,15,3],[4,16,15,3,24,23,1,21,13,20,8,12],[8,20,24,4,23,3,21],[8,12,24,20,4,3,23,21],[8,24,20,16,23,15,21,13,12,4,3,1],[8,16,24,15,23,21,13,12,4,3,1,20],[12,24,8,16,15,23,21,13,4,3,1,20],[20,4,16,3,15,11,12],[12,16,4,15,3,20],[12,20,4,8,16,3],[24,20,12,16,23,15,13,21,4,3,1,8],[8,16,24,23,15,21,13,12,4,3,1,20],[20,24,16,15,23,13,21,12,8,4,3,1],[12,24,15,16,23,13,21,4,3,1,20,8],[16,8,20,12,24,23,15,13,21,4,3,1],[24,16,23,15,21,13,8,20,12,4,3,1],[20,12,24,4,23,3,21],[12,8,24,16,15,23,21,13,4,3,1,20],[8,12,20,4,24,23,3,1,21],[12,16,8,20,24,15,23,13,21,4,3,1],[12,24,2,4,23,3,21],[20,16,24,23,15,21,13,4,3,1,8,12],[16,20,8,12,4,15,3],[12,8,4,20,24,23,3,1,21],[4,12,16,15,3,17,20,7],[24,8,4,3,23,21],[20,8,4,16,15,3],[20,4,16,15,3,6],[8,20,24,16,23,15,13,21,4,3,1,12],[24,8,4,23,3,21],[20,24,4,23,3,1,21,12,8],[12,8,16,20,24,23,15,13,21,4,3,1],[20,12,24,8,4,3,23,1,21],[24,16,15,23,13,21,12,4,3,1,20,8],[4,20,16,3,15,8],[12,24,4,23,3,1,21,16,15,13,20,8],[12,8,16,20,4,3],[20,12,24,4,23,3,21],[8,24,12,20,4,23,3,1,21],[20,8,4,24,23,3,1,21,16,15,13,12],[16,12,24,15,23,13,21,8,20,4,3,1],[12,24,8,20,16,15,23,13,21,4,3,1],[4,8,16,3,15,12],[8,4,20,24,3,23,21],[12,20,24,16,23,15,13,21,8,4,3,1],[12,24,4,23,3,1,21,20,8],[4,8,16,3,15,20],[16,12,24,23,15,21,13,8,4,3,1,20],[4,8,24,3,23,1,21,20,12],[12,16,8,4,15,3],[8,4,16,15,3,20],[24,12,8,16,15,23,21,13,20,4,3,1],[20,8,12,16,24,23,15,13,21,4,3,1],[24,4,23,3,21,8],[8,20,12,24,16,15,23,21,13,4,3,1],[20,24,16,23,15,21,13,4,3,1,12,8],[4,8,24,3,23,21],[20,12,24,4,23,3,21],[8,16,24,23,15,21,13,20,4,3,1,12],[4,20,16,3,15,8],[20,8,4,16,15,3],[4,8,12,16,15,3],[24,16,15,23,21,13,4,3,1,12,20,8],[12,4,20,8,16,3],[12,8,4,24,23,3,21],[8,4,20,12,16,3],[12,16,8,24,23,15,21,13,4,3,1,20],[12,20,24,4,3,23,21],[8,24,12,4,3,23,21],[20,12,4,24,23,3,1,21,16,15,13,8],[20,8,16,12,24,23,15,21,13,4,3,1],[12,20,4,8,16,15,3],[24,20,8,16,15,23,21,13,12,4,3,1],[16,4,15,3,1,13,20,8,12,24,23,21],[12,4,20,8,16,15,3],[12,24,4,3,23,21],[20,8,4,16,3],[8,20,12,16,4,15,3],[12,8,20,16,24,23,15,13,21,4,3,1],[24,8,20,4,3,23,21],[16,20,4,3,15,8],[8,20,12,4,16,3],[24,16,23,15,21,13,4,3,1,20,12,8],[12,24,8,16,15,23,13,21,20,4,3,1],[8,16,20,24,23,15,21,13,12,4,3,1],[24,4,23,3,1,21,12,16,15,13,8,20],[12,20,16,8,24,15,23,21,13,4,3,1],[8,24,16,15,23,13,21,20,12,4,3,1],[8,4,24,23,3,1,21,12,20],[20,16,24,23,15,13,21,4,3,1,8,12],[4,24,23,3,21,16,15,20],[4,12,20,8,16,15,3],[12,8,24,20,16,23,15,21,13,4,3,1],[16,24,15,23,21,13,20,8,4,3,1,12],[20,24,12,4,23,3,21],[12,24,4,3,23,21],[4,16,15,3,7,19,12],[4,16,15,3,6,19,24,23,21],[16,12,4,15,3,8],[4,20,16,15,3,8],[24,4,23,3,1,21,11,12,16,15,13,20,8],[8,4,12,24,3,23,1,21,20],[8,16,24,15,23,13,21,12,20,4,3,1],[24,12,16,23,15,13,21,8,4,3,1,20],[8,20,24,16,15,23,21,13,4,3,1,12],[20,4,12,16,15,3],[20,16,24,23,15,13,21,4,3,1,8,12],[8,16,4,15,3,17,20,9],[16,20,24,15,23,21,13,8,12,4,3,1],[12,4,16,15,3,19,8],[20,24,16,23,15,13,21,4,3,1,8,12],[12,16,20,8,24,23,15,13,21,4,3,1],[12,20,24,4,3,23,21],[24,4,23,3,1,21,16,15,13,12,8,20],[4,16,3,15,12,24,23,21],[4,16,3,15,12,21],[16,20,12,4,15,3],[20,12,16,4,15,3],[20,8,16,4,3],[8,20,24,12,16,15,23,13,21,4,3,1],[8,16,12,4,3],[4,24,23,3,1,21,16,15,13,12,20,8],[24,20,8,12,16,23,15,13,21,4,3,1],[20,24,4,23,3,21],[12,4,16,15,3,17,20,24,23,21],[4,8,20,24,23,3,21],[16,4,3,15,20,24,23,1,21,13,8,12],[16,24,15,23,13,21,20,8,4,3,1,12],[20,16,4,3,15,8],[20,8,24,16,23,15,21,13,4,3,1,12],[20,4,8,24,23,3,1,21,12],[12,20,8,24,16,23,15,21,13,4,3,1],[8,4,20,24,3,23,1,21,12],[12,24,20,16,15,23,21,13,8,4,3,1],[16,20,12,4,15,3],[24,8,20,12,4,23,3,21],[20,24,12,16,23,15,13,21,4,3,1,8],[20,24,16,23,15,13,21,12,4,3,1,8],[16,4,3,15,11,12,17,20,24,23,21],[8,16,20,12,4,15,3],[24,20,8,16,23,15,21,13,4,3,1,12],[4,20,24,23,3,1,21,12,8],[8,20,16,12,24,15,23,13,21,4,3,1],[4,16,15,3,1,13,8,24,23,21,12,20],[4,20,24,3,23,1,21,8,16,15,13,12],[20,24,16,23,15,13,21,4,3,1,8,12],[4,20,16,15,3,21],[8,16,4,15,3,24,23,1,21,13,12,20],[4,24,23,3,1,21,20,8,16,15,13,12],[12,20,24,8,4,3,23,21],[12,20,4,16,15,3],[24,12,8,20,16,15,23,21,13,4,3,1],[12,16,24,23,15,21,13,20,8,4,3,1],[16,12,8,20,4,15,3],[4,24,3,23,1,21,20,16,15,13,8,12],[8,24,20,4,23,3,1,21,16,15,13,12],[12,16,4,3,15,24,23,1,21,13,20,8],[24,8,12,16,23,15,21,13,4,3,1,20],[20,8,16,4,3],[4,20,24,23,3,21],[12,20,16,8,24,15,23,21,13,4,3,1],[16,8,4,15,3,24,23,1,21,13,20,12],[16,24,15,23,21,13,12,8,20,4,3,1],[16,20,8,24,23,15,13,21,12,4,3,1],[8,4,20,24,3,23,1,21,16,15,13,12],[4,20,8,24,23,3,1,21,16,15,13,12],[24,12,4,3,23,1,21,16,15,13,8,20],[24,20,16,15,23,13,21,8,4,3,1,12],[16,20,12,24,23,15,13,21,4,3,1,8],[8,16,4,3,13,12],[20,24,16,15,23,13,21,12,4,3,1,8],[12,4,16,15,3,20],[8,24,12,16,15,23,13,21,20,4,3,1],[24,4,23,3,1,21,12,20,8],[16,24,15,23,21,13,4,3,1,12,8,20],[12,16,8,20,4,3],[24,16,23,15,13,21,20,8,4,3,1,12],[12,24,16,23,15,13,21,20,8,4,3,1],[24,20,8,4,23,3,21],[8,20,4,24,23,3,1,21,12],[20,12,16,24,23,15,21,13,8,4,3,1],[12,8,16,24,15,23,13,21,4,3,1,20],[16,20,4,3,24,23,21],[16,12,20,8,4,15,3],[16,8,20,24,15,23,21,13,12,4,3,1],[12,16,8,4,3],[4,12,16,15,3,20],[20,12,24,8,16,15,23,21,13,4,3,1],[8,4,24,3,23,21],[20,8,24,16,15,23,21,13,4,3,1,12],[4,8,16,15,3,9],[24,16,23,15,13,21,4,3,1,12,8,20],[12,24,4,3,23,1,21,20,8],[4,12,24,3,23,1,21,16,15,13,8,20],[12,4,8,24,23,3,21],[16,24,23,15,21,13,20,4,3,1,12,8],[24,12,7,4,3,23,21],[4,24,3,23,1,21,20,16,15,13,12,8],[8,12,4,20,24,3,23,1,21],[4,20,8,24,3,23,21],[12,4,20,24,3,23,1,21,8],[20,4,16,3,15,8],[24,4,23,3,1,21,8,12,16,15,13,20],[16,24,15,23,21,13,4,3,1,8,20,12],[20,16,24,15,23,13,21,8,12,4,3,1],[8,12,4,20,24,3,23,21],[12,16,20,4,15,3],[12,4,16,3,24,23,1,21,15,13,8,20],[24,4,23,3,21,16,15,8],[8,12,4,20,16,15,3],[8,24,16,15,23,13,21,20,12,4,3,1],[20,24,12,8,4,23,3,1,21],[8,4,12,16,3],[4,24,3,23,1,21,20,16,15,13,12,8],[4,12,20,8,24,23,3,21],[4,12,20,8,16,3],[12,24,20,4,3,23,21],[12,24,8,16,23,15,21,13,4,3,1,20],[4,24,23,3,1,21,16,15,13,12,20,8],[24,20,4,3,23,21],[20,24,4,3,23,1,21,16,15,13,8,12],[16,12,8,4,3],[20,8,16,24,15,23,21,13,12,4,3,1],[20,8,16,24,15,23,13,21,4,3,1,12],[12,8,16,4,15,3],[12,20,16,4,15,3],[8,12,16,4,15,3],[20,16,24,15,23,21,13,12,4,3,1,8],[12,8,24,4,3,23,1,21,20],[16,4,15,3,17,20,12,5],[20,4,12,24,23,3,21],[24,8,20,4,23,3,1,21,12],[4,20,12,24,23,3,21],[24,8,16,23,15,13,21,12,20,4,3,1],[12,8,24,16,15,23,21,13,20,4,3,1],[12,8,4,16,3],[16,4,15,3,5,24,23,1,21,13,20,12],[24,20,4,23,3,1,21,16,15,13,8,12],[16,24,23,15,13,21,8,20,4,3,1,12],[12,24,20,8,1,16,23,15,21,13],[8,4,24,23,3,1,21,16,15,13,12,20],[8,16,12,4,3],[16,4,3,15,17,20,12,24,23,1,21,13,19,8],[4,24,23,3,1,21,12,20,16,15,13,8],[12,4,8,16,15,3],[4,24,23,3,21,13,20],[12,16,20,8,24,23,15,21,13,4,3,1],[24,8,16,23,15,21,13,12,20,4,3,1],[20,4,12,8,16,15,3],[16,20,12,24,15,23,13,21,8,4,3,1],[16,8,24,15,23,21,13,12,20,4,3,1],[20,4,24,3,23,21],[12,24,4,3,23,21],[24,4,23,3,1,21,8,16,15,13,20,12],[20,4,24,3,23,1,21,16,15,13,8,12],[20,16,4,3,22,23],[12,8,24,4,23,3,21],[8,12,16,4,15,3],[24,12,4,23,3,1,21,20,16,15,13,8],[16,20,8,4,15,3],[4,20,16,3,15,6],[4,8,24,3,23,1,21,16,15,13,12,20],[24,12,8,16,23,15,21,13,4,3,1,20],[12,16,8,24,23,15,21,13,4,3,1,20],[12,20,4,8,16,15,3],[4,24,3,23,21,20],[12,16,8,4,3],[20,4,16,15,3,12],[24,4,3,23,21,17,20,16,15,6],[4,12,20,24,23,3,21],[12,24,16,15,23,13,21,8,4,3,1,20],[20,8,24,16,15,23,13,21,12,4,3,1],[12,8,16,24,15,23,21,13,4,3,1,20],[12,24,16,23,15,13,21,20,4,3,1,8],[16,8,4,3,12],[12,8,20,4,16,15,3],[8,4,24,3,23,1,21,16,15,13,20,12],[8,20,4,16,15,3],[4,12,24,23,3,21],[16,20,4,3,15,12],[24,12,16,15,23,13,21,20,8,4,3,1],[24,4,23,3,1,21,16,15,13,8,20,12],[24,8,20,12,4,23,3,1,21],[24,20,16,15,23,21,13,4,3,1,12,8],[24,12,16,23,15,13,21,8,4,3,1,20],[16,20,8,12,24,15,23,13,21,4,3,1],[16,24,23,15,21,13,20,8,4,3,1,12],[16,24,23,15,13,21,8,12,4,3,1,20],[4,20,24,3,23,1,21,8,12],[4,24,23,3,21,8],[16,8,12,20,24,15,23,21,13,4,3,1],[16,4,3,22,24,23,1,21,15,13,12,20,8],[8,24,12,16,23,15,21,13,4,3,1,20],[24,16,15,23,21,13,4,3,1,20,8,12],[12,20,16,24,15,23,21,13,4,3,1,8],[16,4,15,3,22,24,23,1,21,13,12,20,8],[16,12,20,8,24,23,15,21,13,4,3,1],[8,24,20,16,15,23,13,21,12,4,3,1],[12,24,16,23,15,21,13,20,4,3,1,8],[16,20,12,24,23,15,13,21,8,4,3,1],[20,24,12,16,23,15,13,21,8,4,3,1],[8,12,16,24,23,15,21,13,20,4,3,1],[12,24,16,23,15,13,21,20,4,3,1,8],[20,16,12,24,23,15,13,21,4,3,1,8],[8,4,24,3,23,21],[24,12,16,15,23,21,13,20,8,4,3,1],[24,8,20,16,23,15,21,13,4,3,1,12],[20,24,4,3,23,21],[20,24,4,3,23,21],[4,12,24,3,23,1,21,16,15,13,8,20],[24,16,23,15,13,21,4,3,1,8,20,12],[24,8,20,12,16,23,15,21,13,4,3,1],[24,16,23,15,13,21,12,8,4,3,1,20],[24,9,4,3,23,21],[24,12,4,3,23,21],[24,4,23,3,21,14,20],[12,16,20,4,15,3],[12,16,4,3,15,8],[8,4,16,3,15,10,13,1,20,24,23,21],[8,24,4,3,23,1,21,16,15,13,20,12],[8,24,4,3,23,21],[12,16,20,4,15,3],[4,8,20,16,3],[20,8,16,12,24,23,15,21,13,4,3,1],[24,8,12,16,15,23,13,21,20,4,3,1],[24,16,15,23,13,21,12,4,3,1,20,8],[24,12,8,4,23,3,21],[16,4,15,3,8,18,24,23,21]],"n_human":14}