{"problem_id":"alqJHx0yVpg8xVM","sigma":150,"alpha":0.100,"cost":0,"probabilities":"[0.11000000000000001, 0.85, 0.01, 0.03]","payoff_matrix":"[[-132, -181, -136, 39, 170, 294], [-43, -112, -66, 165, 174, 5], [-77, 324, -13, 14, 155, 91], [255, -60, -10, -114, 127, 369]]","uncovered":[[2,22,18,6,10,14,13,17],[6,18,14,10,2,22,17],[18,2,6,10,22,14,13,17],[18,2,14,10,22,6,13,17],[10,2,6,22,18,14,17],[6,14,18,22,2,10,13,17],[10,2,22,6,14,18,17],[14,2,22,6,18,10,17],[22,14,2,10,6,18,17],[10,2,6,14,18,22,13,17],[2,18,14,22,10,6,17],[14,2,10,6,18,22,17],[14,18,22,2,6,10,13,17],[10,2,22,6,14,18,17],[6,10,2,22,14,18,17],[2,14,10,6,18,22,13,17],[2,14,18,10,6,22,13,17],[18,22,2,14,10,6,17],[2,18,6,10,22,14,17],[22,6,14,2,10,18,17],[2,6,14,10,22,18,17],[14,10,6,22,18,2,13,17],[22,10,14,18,6,2,13,17],[6,10,18,2,14,22,13,17],[6,10,22,18,14,2,13,17],[14,10,2,6,18,22,13,17],[2,22,10,14,6,18,13,17],[18,22,2,14,10,6,13,17],[2,6,14,22,10,18,17],[14,22,10,2,6,18,13,17],[6,10,2,18,22,14,13,17],[10,14,6,22,2,18,13,17],[18,6,2,22,14,10,13,17],[10,18,22,6,14,2,17],[10,6,18,14,22,2,17],[22,10,6,14,2,18,13,17],[18,6,22,14,10,2,17],[14,22,6,10,2,18,17],[2,10,22,14,6,18,17],[22,18,10,2,14,6,17],[14,2,18,10,6,22,17],[14,10,2,6,18,22,17],[6,22,18,2,10,14,13,17],[18,14,10,2,22,6,13,17],[22,6,2,10,14,18,13,17],[2,14,22,10,18,6,17],[2,18,6,14,22,10,13,17],[10,22,14,2,6,18,17],[14,2,6,10,22,18,17],[2,18,6,10,14,22,13,17],[18,22,10,2,14,6,13,17],[6,10,2,22,14,18,13,17],[6,10,14,2,22,18,13,17],[18,10,22,6,2,14,13,17],[14,22,18,2,6,10,17],[2,6,14,10,18,22,13,17],[14,10,18,22,6,2,13,17],[22,2,10,14,6,18,13,17],[10,2,22,14,18,6,13,17],[2,10,18,22,14,6,17],[14,22,10,18,2,6,13,17],[18,10,6,2,14,22,13,17],[22,6,18,10,14,2,13,17],[2,10,18,22,6,14,13,17],[18,22,2,14,6,10,17],[14,22,2,10,6,18,13,17],[6,14,22,18,10,2,17],[14,18,22,6,2,10,13,17],[18,22,14,2,6,10,17],[6,10,2,22,18,14,13,17],[14,18,22,2,6,10,17],[2,6,18,22,10,14,17],[14,22,2,10,18,6,17],[14,22,10,18,6,2,17],[22,6,18,2,10,14,17],[22,14,6,10,18,2,13,17],[22,14,10,18,2,6,17],[22,6,2,14,10,18,13,17],[22,14,18,2,10,6,13,17],[22,10,2,18,6,14,13,17],[2,10,14,22,18,6,13,17],[6,18,22,14,10,2,13,17],[6,22,2,14,10,18,17],[18,22,2,6,10,14,13,17],[22,6,14,2,18,10,17],[10,2,6,18,22,14,13,17],[18,6,10,14,22,2,17],[2,6,14,10,18,22,17],[6,14,18,10,2,22,13,17],[14,2,22,10,6,18,13,17],[2,6,18,10,22,14,13,17],[22,18,6,14,10,2,13,17],[18,14,10,2,22,6,13,17],[14,22,2,6,18,10,17],[22,14,10,18,6,2,13,17],[22,18,2,14,10,6,13,17],[10,14,2,18,22,6,17],[18,2,10,6,14,22,13,17],[18,6,10,22,14,2,13,17],[22,2,14,18,10,6,17],[18,6,10,22,2,14,17],[6,2,18,22,14,10,13,17],[2,14,18,6,10,22,17],[10,22,14,6,2,18,17],[14,22,6,10,2,18,13,17],[10,22,18,6,2,14,13,17],[2,18,22,10,6,14,17],[6,10,2,18,22,14,17],[14,2,22,10,6,18,13,17],[14,10,22,6,2,18,13,17],[18,10,2,22,6,14,17],[14,22,2,18,6,10,13,17],[2,6,14,10,18,22,17],[2,6,18,22,14,10,17],[10,2,14,22,18,6,17],[6,22,14,2,18,10,17],[10,6,2,14,22,18,13,17],[10,6,22,14,18,2,17],[18,14,2,6,10,22,13,17],[18,14,22,2,6,10,17],[18,14,2,10,6,22,13,17],[22,10,2,6,18,14,17],[10,22,14,6,18,2,13,17],[22,10,18,2,6,14,17],[2,22,14,6,10,18,13,17],[10,2,14,6,18,22,13,17],[6,22,18,10,2,14,13,17],[22,18,10,2,6,14,13,17],[18,22,2,14,6,10,17],[22,2,18,14,10,6,13,17],[6,10,2,18,14,22,17],[6,10,2,18,22,14,17],[10,14,22,6,18,2,13,17],[22,6,14,18,2,10,17],[2,6,18,22,10,14,17],[6,14,22,18,2,10,17],[14,2,6,10,18,22,13,17],[2,14,10,6,18,22,13,17],[18,10,22,6,14,2,17],[18,14,2,10,22,6,17],[6,18,14,22,2,10,13,17],[2,14,10,22,18,6,17],[2,18,10,14,22,6,17],[10,14,2,18,6,22,13,17],[18,10,6,2,22,14,17],[2,22,6,10,18,14,17],[18,2,22,14,6,10,13,17],[14,10,18,2,22,6,17],[22,6,18,2,10,14,13,17],[2,14,10,18,6,22,13,17],[2,18,22,6,14,10,17],[14,18,22,6,10,2,17],[22,14,10,6,18,2,17],[6,22,10,18,14,2,17],[18,2,10,22,6,14,17],[2,6,22,10,14,18,13,17],[18,22,2,10,14,6,17],[18,10,22,2,6,14,17],[2,6,18,22,10,14,17],[18,22,6,14,2,10,17],[6,10,22,2,18,14,13,17],[10,22,6,2,14,18,13,17],[10,14,18,2,6,22,17],[22,10,2,18,14,6,17],[2,22,6,18,10,14,17],[14,10,22,6,2,18,13,17],[22,2,10,6,18,14,17],[10,14,2,22,6,18,13,17],[14,10,22,6,18,2,13,17],[2,22,10,6,18,14,17],[14,2,22,18,6,10,17],[10,18,2,14,22,6,13,17],[10,2,22,18,6,14,13,17],[22,10,2,6,18,14,13,17],[22,18,2,10,14,6,17],[6,18,2,22,14,10,17],[14,18,22,10,6,2,13,17],[18,6,22,10,2,14,17],[18,6,10,22,14,2,17],[2,6,14,18,22,10,13,17],[14,22,2,10,6,18,17],[2,18,6,22,10,14,13,17],[14,18,22,6,2,10,17],[2,18,6,14,22,10,17],[10,18,2,14,22,6,13,17],[10,22,14,18,6,2,13,17],[2,22,18,10,14,6,17],[6,18,22,2,14,10,13,17],[22,2,6,18,10,14,17],[6,22,18,14,2,10,17],[6,14,18,22,2,10,13,17],[14,10,18,2,6,22,17],[18,2,6,22,14,10,17],[10,18,2,6,22,14,17],[18,22,14,2,6,10,17],[10,2,18,14,22,6,17],[22,18,6,14,2,10,17],[22,2,18,6,14,10,17],[22,10,14,2,18,6,13,17],[10,22,2,14,18,6,13,17],[2,18,6,10,22,14,13,17],[6,14,18,10,2,22,13,17],[6,2,10,22,14,18,13,17],[22,2,6,10,18,14,17],[14,10,6,2,18,22,17],[6,22,10,14,18,2,13,17],[22,10,6,18,2,14,13,17],[10,18,2,14,22,6,13,17],[18,10,14,2,6,22,13,17],[22,18,6,2,14,10,17],[18,14,22,10,6,2,13,17],[2,6,22,18,10,14,17],[18,6,14,2,22,10,13,17],[22,2,18,14,6,10,13,17],[22,14,18,6,10,2,13,17],[10,14,18,2,6,22,13,17],[6,18,2,22,10,14,17],[22,14,10,18,6,2,13,17],[18,14,2,22,10,6,17],[6,2,18,22,14,10,13,17],[6,22,10,14,18,2,13,17],[18,22,14,2,6,10,13,17],[6,2,10,14,22,18,17],[14,22,18,2,6,10,17],[22,6,18,10,2,14,13,17],[10,14,2,22,6,18,17],[18,14,10,2,22,6,13,17],[6,18,14,22,10,2,17],[18,22,10,6,2,14,17],[18,10,14,2,22,6,17],[22,2,6,14,10,18,13,17],[22,10,2,14,18,6,17],[6,2,18,10,14,22,13,17],[2,14,10,22,18,6,13,17],[6,10,14,22,2,18,17],[18,14,10,22,2,6,13,17],[18,6,10,2,14,22,13,17],[6,14,18,22,2,10,17],[2,22,14,6,18,10,13,17],[2,14,6,18,10,22,17],[2,22,6,18,14,10,13,17],[10,14,2,6,18,22,13,17],[2,14,10,6,22,18,17],[6,10,2,14,18,22,13,17],[18,2,22,10,14,6,17],[2,14,18,6,10,22,13,17],[6,14,18,2,22,10,13,17],[18,2,22,14,10,6,13,17],[22,10,6,2,18,14,17],[2,22,18,6,14,10,13,17],[14,22,6,10,2,18,17],[14,22,2,18,6,10,17],[2,6,10,18,14,22,17],[6,10,18,14,22,2,13,17],[10,14,22,6,2,18,17],[18,2,6,10,14,22,13,17],[6,10,22,2,18,14,17],[22,2,18,10,14,6,13,17],[6,2,14,10,18,22,13,17],[2,10,14,22,18,6,17],[18,2,22,10,14,6,17],[2,22,14,6,10,18,17],[2,6,10,18,22,14,13,17],[18,14,22,2,10,6,13,17],[18,22,2,14,10,6,17],[18,22,6,10,2,14,13,17],[22,2,14,10,18,6,17],[2,14,22,18,6,10,17],[18,22,6,10,2,14,17],[14,6,22,2,18,10,17],[14,6,10,22,2,18,17],[2,6,10,22,14,18,13,17],[10,18,14,6,2,22,17],[22,14,10,18,2,6,17],[2,14,18,10,6,22,13,17],[2,14,18,10,22,6,17],[18,2,14,6,22,10,17],[14,22,6,10,18,2,17],[10,2,18,6,14,22,17],[2,22,18,10,14,6,17],[22,10,14,18,2,6,13,17],[6,10,2,22,14,18,17],[2,6,22,14,18,10,17],[10,6,14,18,2,22,17],[18,6,14,22,2,10,17],[2,10,14,6,18,22,17],[6,10,22,18,14,2,13,17],[2,22,14,18,6,10,17],[6,10,22,2,14,18,17],[22,2,18,10,14,6,13,17],[10,14,6,22,2,18,13,17],[22,6,2,14,18,10,17],[2,6,22,18,10,14,13,17],[14,18,10,2,6,22,17],[22,2,10,14,18,6,13,17],[10,2,18,14,22,6,17],[6,18,2,22,10,14,13,17],[18,6,2,10,14,22,17],[14,22,6,2,18,10,13,17],[22,18,2,10,14,6,17],[2,6,18,10,22,14,17],[10,22,14,6,2,18,17],[18,2,14,6,10,22,13,17],[10,6,14,18,22,2,13,17],[22,18,6,2,14,10,17],[18,22,14,10,6,2,13,17],[10,6,14,18,22,2,13,17],[10,6,2,14,22,18,17],[2,18,6,14,22,10,17],[22,6,10,2,18,14,13,17],[6,18,14,10,22,2,17],[6,10,18,2,14,22,17],[14,10,6,2,22,18,17],[18,10,22,14,2,6,13,17],[22,18,6,10,2,14,17],[6,14,2,18,22,10,17],[2,10,14,22,6,18,13,17],[2,14,22,6,10,18,17],[6,22,14,10,2,18,13,17],[18,6,14,10,22,2,13,17],[14,6,18,10,22,2,13,17],[18,2,22,14,6,10,17],[14,22,6,10,18,2,13,17],[2,6,10,22,14,18,17],[22,18,6,2,14,10,17],[14,18,10,2,6,22,13,17],[18,2,22,10,6,14,13,17],[6,2,22,18,14,10,17],[22,2,6,18,10,14,13,17],[14,10,22,18,6,2,13,17],[22,18,14,2,10,6,17],[10,22,6,2,14,18,13,17],[14,10,22,2,18,6,17],[10,6,2,18,22,14,17],[10,6,22,14,2,18,13,17],[6,10,22,14,2,18,13,17],[22,10,14,6,2,18,13,17],[14,10,18,6,2,22,13,17],[14,2,10,6,18,22,17],[18,22,14,6,2,10,17],[2,10,18,14,6,22,13,17],[18,22,2,14,10,6,13,17],[10,14,2,6,18,22,17],[2,22,18,14,6,10,17],[2,18,10,6,14,22,17],[22,18,6,2,14,10,13,17],[18,2,22,10,14,6,17],[22,2,14,6,18,10,17],[22,18,6,10,14,2,17],[6,10,22,18,2,14,17],[18,14,2,22,10,6,17],[18,10,2,6,22,14,17],[6,2,22,14,10,18,17],[14,2,10,18,22,6,17],[18,2,10,22,14,6,17],[6,10,18,22,2,14,13,17],[14,10,6,2,22,18,17],[22,18,6,10,14,2,17],[6,2,18,22,14,10,17],[6,14,18,2,10,22,13,17],[14,22,18,10,2,6,17],[10,2,14,18,6,22,17],[14,2,10,18,6,22,13,17],[22,6,14,10,2,18,13,17],[10,22,14,2,18,6,17],[10,6,2,18,22,14,13,17],[14,10,6,18,22,2,17],[6,10,18,2,22,14,17],[6,2,10,22,14,18,17],[22,10,18,2,6,14,13,17],[10,18,6,2,14,22,17],[18,6,22,2,10,14,13,17],[6,22,10,14,18,2,17],[14,6,18,2,22,10,13,17],[10,22,14,6,18,2,17],[18,10,2,14,22,6,17],[10,6,18,22,14,2,17],[14,2,18,10,22,6,13,17],[2,6,18,10,14,22,13,17],[2,6,22,14,10,18,13,17],[22,2,10,14,18,6,13,17],[6,22,2,10,14,18,17],[2,10,6,22,18,14,17],[10,22,18,6,14,2,13,17],[2,18,14,22,6,10,17],[6,2,18,10,22,14,17],[22,10,2,6,14,18,13,17],[2,10,18,6,22,14,17],[22,2,10,6,14,18,17],[18,22,14,6,2,10,17],[2,18,22,14,10,6,17],[14,2,18,22,10,6,17],[10,18,22,2,14,6,17],[14,6,10,22,2,18,13,17],[14,2,10,18,22,6,13,17],[18,10,2,6,14,22,17],[18,14,10,22,2,6,17],[2,6,14,22,10,18,13,17],[22,6,10,14,2,18,17],[10,18,6,22,14,2,17],[18,2,10,6,14,22,17],[14,18,2,6,10,22,17],[10,22,18,6,14,2,13,17],[14,22,18,2,10,6,13,17],[18,14,22,10,2,6,17],[2,22,10,18,14,6,17],[14,10,6,2,22,18,13,17],[2,18,6,14,22,10,13,17],[22,10,2,6,14,18,13,17],[18,22,6,14,10,2,13,17],[10,14,6,22,18,2,17],[14,2,22,6,10,18,13,17],[14,2,6,18,10,22,13,17],[14,18,2,22,10,6,17],[22,6,2,18,14,10,13,17],[6,14,18,10,2,22,17],[6,14,18,2,10,22,17],[18,6,10,22,14,2,13,17],[10,18,14,22,6,2,13,17],[14,2,22,6,10,18,17],[10,2,14,6,18,22,17],[14,10,6,2,18,22,17],[10,22,2,14,6,18,13,17],[22,6,18,10,2,14,17],[18,6,14,22,10,2,13,17],[22,6,2,14,18,10,17],[14,6,18,22,10,2,13,17],[14,6,10,2,22,18,17],[10,18,6,22,2,14,17],[10,22,6,18,2,14,13,17],[14,18,22,2,6,10,13,17],[10,6,18,14,2,22,13,17],[10,2,22,6,14,18,17],[14,2,6,10,22,18,13,17],[10,18,14,6,22,2,13,17],[6,10,14,2,18,22,17],[22,6,14,18,10,2,13,17],[6,18,22,14,10,2,13,17],[2,22,14,18,10,6,17],[6,2,14,22,10,18,13,17],[10,6,2,18,14,22,13,17],[18,2,14,6,22,10,17],[10,2,14,18,22,6,13,17],[14,18,22,10,2,6,13,17],[22,6,2,14,10,18,17],[18,22,6,14,2,10,17],[18,14,2,10,22,6,13,17],[10,18,14,2,6,22,17],[10,14,18,22,6,2,17],[22,18,14,2,10,6,13,17],[14,2,6,18,22,10,13,17],[18,14,6,2,10,22,17],[22,2,10,6,18,14,13,17],[10,18,22,6,14,2,17],[10,18,14,2,6,22,13,17],[10,18,14,2,6,22,17],[2,6,14,10,18,22,13,17],[10,2,6,22,14,18,13,17],[10,14,2,6,18,22,17],[10,18,14,22,6,2,13,17],[6,14,10,2,18,22,13,17],[2,22,10,14,6,18,13,17],[10,18,14,6,2,22,13,17],[2,22,6,14,10,18,17],[2,18,22,14,6,10,13,17],[22,18,2,14,10,6,17],[10,6,14,2,18,22,17],[10,6,18,2,22,14,13,17],[22,10,2,14,18,6,17],[10,18,2,22,14,6,17],[6,22,14,2,18,10,13,17],[10,6,2,14,22,18,13,17],[18,22,2,14,10,6,17],[18,6,22,10,2,14,13,17],[10,6,18,14,22,2,17],[14,18,2,22,6,10,13,17],[14,22,18,6,2,10,17],[2,14,18,22,6,10,13,17],[10,6,14,2,18,22,17],[10,14,2,18,22,6,13,17],[14,22,10,18,2,6,17],[6,22,10,18,2,14,17],[18,2,14,22,10,6,13,17],[22,18,6,14,10,2,13,17],[18,22,14,2,6,10,13,17],[18,2,22,10,6,14,13,17],[6,22,10,14,2,18,17],[14,6,10,22,2,18,13,17],[14,6,10,22,2,18,17],[22,10,2,6,14,18,17],[22,10,6,14,2,18,17],[22,14,6,10,2,18,13,17],[22,14,2,6,10,18,13,17],[6,14,10,18,2,22,13,17],[2,22,6,14,18,10,13,17],[22,18,6,10,2,14,17],[6,18,2,14,10,22,17],[14,10,18,6,2,22,17],[2,6,14,22,10,18,13,17],[10,14,2,18,22,6,17],[6,22,10,14,18,2,13,17],[14,10,18,2,22,6,13,17],[10,6,14,22,18,2,17],[2,22,10,14,18,6,13,17],[6,14,2,18,22,10,13,17],[14,22,10,18,2,6,13,17],[14,2,18,10,22,6,17],[10,22,6,14,2,18,17],[10,2,6,22,14,18,17],[6,2,14,22,18,10,17],[10,18,22,6,2,14,13,17],[14,18,10,22,2,6,13,17],[22,18,14,2,10,6,17],[18,10,14,22,6,2,17],[22,14,18,6,2,10,17],[14,10,2,18,6,22,13,17],[18,2,14,10,22,6,13,17],[2,14,6,18,10,22,13,17],[10,22,14,6,2,18,17],[10,18,22,6,2,14,13,17],[18,6,14,10,22,2,13,17],[22,18,14,6,2,10,13,17],[22,10,18,6,14,2,13,17],[18,10,2,14,6,22,17],[10,18,22,14,2,6,13,17],[14,18,10,2,6,22,17],[6,10,18,2,14,22,13,17],[6,2,18,22,14,10,17],[6,22,18,14,2,10,17],[2,10,22,18,14,6,17],[2,10,18,22,6,14,13,17],[18,10,6,22,2,14,17],[10,18,6,2,14,22,17],[14,18,10,22,2,6,17],[6,10,22,14,2,18,13,17],[6,14,2,22,18,10,17],[14,22,6,18,2,10,13,17],[14,6,10,18,22,2,13,17],[6,18,10,22,2,14,17],[18,10,22,6,14,2,17],[6,14,2,22,18,10,17],[22,18,14,10,2,6,17],[18,22,10,6,14,2,13,17],[6,2,10,22,18,14,17],[18,14,2,22,6,10,17],[10,6,22,14,18,2,13,17],[14,18,10,2,22,6,13,17],[14,10,22,6,18,2,13,17],[6,18,14,2,22,10,17],[6,10,18,14,22,2,13,17],[22,14,10,6,18,2,17],[2,22,6,10,18,14,13,17],[10,22,2,18,14,6,17],[2,22,10,6,14,18,17],[10,18,22,2,6,14,17],[10,6,18,14,2,22,17],[2,22,14,6,18,10,13,17],[6,18,22,10,14,2,17],[22,14,2,18,6,10,17],[22,6,14,2,10,18,17],[22,10,14,6,2,18,17],[2,10,22,18,14,6,13,17],[2,6,18,14,10,22,13,17],[6,2,22,14,18,10,17],[22,2,6,14,10,18,17],[14,18,22,2,10,6,17],[10,18,2,6,22,14,13,17],[10,14,22,2,6,18,13,17],[10,14,22,18,6,2,17],[6,22,14,2,18,10,17],[18,6,2,22,10,14,13,17],[22,14,2,6,10,18,17],[6,2,18,10,22,14,17],[10,14,2,22,6,18,17],[2,14,18,22,10,6,13,17],[22,2,18,14,6,10,13,17],[22,18,10,6,14,2,17],[18,6,2,14,10,22,17],[22,2,10,14,6,18,17],[6,14,10,18,22,2,13,17],[18,2,14,10,6,22,17],[18,2,14,6,22,10,17],[18,2,14,6,22,10,17],[6,2,18,22,10,14,13,17],[22,18,14,10,2,6,13,17],[2,18,14,10,22,6,13,17],[10,2,22,18,6,14,13,17],[10,6,14,18,2,22,13,17],[6,22,18,2,10,14,13,17],[2,14,18,6,22,10,13,17],[2,22,10,18,14,6,13,17],[2,6,18,10,22,14,13,17],[22,2,10,6,18,14,17],[6,14,10,22,18,2,17],[18,10,6,22,14,2,17],[6,22,2,14,10,18,13,17],[6,18,14,10,22,2,17],[6,14,2,22,10,18,17],[14,2,6,10,22,18,13,17],[22,18,6,14,2,10,17],[14,10,2,18,6,22,17],[6,22,2,18,10,14,17],[18,14,2,22,10,6,17],[14,10,6,18,22,2,13,17],[10,18,14,2,6,22,13,17],[14,22,18,2,10,6,13,17],[6,2,22,18,10,14,17],[2,22,14,6,18,10,13,17],[6,2,22,18,14,10,17],[6,14,2,18,10,22,17],[18,6,14,2,22,10,17],[18,22,10,6,2,14,13,17],[6,2,10,18,22,14,17],[6,18,22,2,14,10,17],[6,2,10,14,22,18,13,17],[10,6,18,14,2,22,13,17],[18,6,22,10,14,2,17],[22,10,2,18,14,6,13,17],[2,10,6,18,22,14,13,17],[10,2,22,18,6,14,17],[2,6,22,10,18,14,17],[18,22,2,10,14,6,17],[2,6,18,10,22,14,17],[22,14,10,18,2,6,17],[6,22,2,14,18,10,13,17],[18,10,22,6,2,14,17],[10,2,6,14,18,22,13,17],[18,14,2,6,10,22,13,17],[6,2,10,18,14,22,13,17],[6,14,2,10,22,18,13,17],[18,2,6,22,14,10,17],[10,2,14,18,6,22,13,17],[6,14,18,2,22,10,13,17],[2,6,18,14,10,22,17],[10,14,6,2,18,22,13,17],[2,14,22,6,18,10,13,17],[14,6,22,18,10,2,17],[22,14,18,6,10,2,17],[18,2,6,14,10,22,17],[6,10,14,2,22,18,17],[2,22,18,6,14,10,17],[18,2,6,14,10,22,13,17],[22,18,2,14,6,10,13,17],[10,2,22,14,18,6,17],[2,14,18,6,22,10,17],[22,6,2,10,14,18,13,17],[18,2,6,10,14,22,17],[22,18,14,6,2,10,17],[14,6,10,2,18,22,17],[18,2,22,6,14,10,17],[22,2,18,10,14,6,17],[10,14,2,6,18,22,17],[2,10,18,6,22,14,17],[22,14,2,18,10,6,13,17],[2,18,22,10,6,14,13,17],[14,2,18,6,22,10,13,17],[22,10,14,6,18,2,17],[6,10,2,22,18,14,13,17],[10,14,22,2,6,18,13,17],[22,18,2,6,10,14,17],[6,22,14,10,18,2,17],[10,18,14,6,2,22,17],[22,14,10,2,18,6,13,17],[18,6,10,2,14,22,13,17],[6,10,18,2,14,22,17],[14,10,2,18,6,22,13,17],[22,2,18,6,14,10,17],[2,18,22,10,6,14,13,17],[22,10,6,2,18,14,17],[2,6,18,22,10,14,13,17],[14,22,6,18,2,10,17],[10,14,18,6,2,22,13,17],[14,18,2,10,6,22,17],[14,6,18,2,10,22,17],[2,10,18,6,22,14,13,17],[18,22,10,6,14,2,17],[18,10,22,14,6,2,13,17],[22,10,18,6,14,2,13,17],[22,18,2,14,10,6,13,17],[14,10,22,2,6,18,17],[6,2,14,10,18,22,13,17],[10,6,2,14,22,18,13,17],[22,14,6,10,18,2,13,17],[2,10,22,14,18,6,17],[10,6,18,22,14,2,13,17],[22,10,14,2,6,18,13,17],[18,14,22,6,10,2,17],[18,22,6,14,10,2,13,17],[2,18,22,14,6,10,17],[6,22,10,14,2,18,13,17],[14,22,2,6,10,18,13,17],[18,14,2,10,22,6,13,17],[22,18,14,10,2,6,17],[10,22,18,6,2,14,13,17],[14,10,2,6,18,22,17],[6,2,18,22,10,14,17],[22,2,10,14,18,6,13,17],[14,10,18,2,6,22,17],[14,22,10,18,6,2,17],[22,10,2,18,6,14,17],[6,14,2,18,22,10,13,17],[22,2,18,10,14,6,17],[18,2,6,22,10,14,17],[14,10,22,2,18,6,17],[6,14,2,18,22,10,17],[10,18,2,14,22,6,13,17],[6,2,10,18,14,22,13,17],[18,6,22,2,10,14,17],[14,22,6,2,18,10,17],[6,2,22,14,10,18,17],[14,10,6,18,22,2,13,17],[22,6,10,2,14,18,17],[14,18,10,2,22,6,17],[2,10,6,18,22,14,17],[6,22,14,2,10,18,13,17],[14,6,2,22,10,18,17],[2,10,6,14,18,22,13,17],[6,18,2,10,14,22,13,17],[10,14,6,18,2,22,13,17],[2,10,14,22,18,6,17],[2,10,14,22,6,18,13,17],[18,2,14,10,22,6,13,17],[10,2,22,6,18,14,17],[10,6,18,14,22,2,13,17],[6,18,10,14,22,2,13,17],[14,6,22,2,10,18,17],[2,6,10,14,18,22,17],[2,14,18,22,6,10,17],[14,6,2,10,18,22,17],[14,10,2,18,6,22,17],[22,14,6,18,10,2,17],[18,6,22,2,10,14,17],[6,10,2,14,18,22,17],[6,10,14,18,2,22,17],[2,6,22,18,14,10,17],[6,22,18,14,2,10,13,17],[22,6,18,14,2,10,17],[10,18,6,22,2,14,17],[6,14,2,18,10,22,13,17],[2,14,22,10,6,18,13,17],[22,6,18,2,14,10,17],[22,2,14,10,6,18,13,17],[2,10,6,14,22,18,13,17],[14,2,22,6,18,10,13,17],[10,14,18,6,22,2,13,17],[6,10,14,2,22,18,17],[2,14,6,18,10,22,13,17],[18,2,22,10,6,14,17],[10,2,18,22,14,6,13,17],[10,18,14,22,6,2,17],[18,14,10,6,2,22,13,17],[2,6,10,18,14,22,17],[22,10,2,14,18,6,17],[10,18,6,2,14,22,13,17],[6,14,2,10,22,18,17],[2,18,10,14,6,22,17],[22,2,10,14,18,6,17],[14,6,18,22,10,2,17],[10,14,18,6,22,2,17],[14,2,6,10,18,22,17],[10,18,6,2,22,14,13,17],[6,10,22,14,18,2,17],[2,6,18,22,10,14,17],[6,10,18,14,22,2,13,17],[10,14,2,22,6,18,13,17],[18,6,14,10,22,2,17],[14,2,22,6,10,18,17],[6,14,10,2,18,22,17],[10,6,2,14,18,22,13,17],[18,14,6,2,22,10,17],[10,2,22,6,18,14,13,17],[14,22,6,2,10,18,13,17],[2,22,14,18,6,10,17],[6,2,22,18,10,14,17],[14,2,10,6,18,22,13,17],[14,6,22,10,18,2,17],[14,10,2,6,22,18,13,17],[22,2,10,14,18,6,13,17],[22,18,14,6,2,10,13,17],[14,22,6,2,10,18,17],[14,10,6,18,2,22,13,17],[22,2,10,6,14,18,13,17],[6,18,14,2,22,10,13,17],[22,2,10,6,14,18,17],[14,10,2,6,18,22,13,17],[14,6,18,22,2,10,13,17],[6,14,2,22,18,10,17],[10,2,22,6,18,14,13,17],[10,22,14,18,2,6,13,17],[2,14,6,22,18,10,13,17],[14,10,18,2,6,22,13,17],[18,10,14,6,22,2,13,17],[18,14,6,10,2,22,17],[22,14,2,6,18,10,17],[6,10,18,22,14,2,17],[14,22,10,18,6,2,17],[10,6,14,2,22,18,17],[2,14,22,10,6,18,17],[2,14,6,18,22,10,17],[2,14,22,18,10,6,17],[10,18,22,14,6,2,13,17],[18,14,22,10,6,2,13,17],[2,6,10,22,18,14,13,17],[22,10,14,18,6,2,17],[22,14,2,6,18,10,13,17],[18,10,22,14,2,6,17],[6,2,14,22,18,10,13,17],[22,6,14,18,10,2,17],[10,14,6,2,18,22,17],[14,6,22,18,10,2,17],[14,22,2,10,6,18,13,17],[10,18,22,2,6,14,17],[2,22,6,14,18,10,13,17],[6,10,22,18,2,14,13,17],[10,18,2,14,6,22,13,17],[14,2,10,18,6,22,17],[18,22,10,2,6,14,13,17],[22,18,2,10,6,14,17],[10,6,2,22,18,14,13,17],[14,10,2,6,22,18,13,17],[14,2,22,10,18,6,17],[22,10,14,2,6,18,13,17],[14,22,2,10,18,6,13,17],[2,22,18,10,14,6,17],[18,2,6,10,14,22,17],[22,10,14,18,2,6,13,17],[14,2,18,10,22,6,13,17],[22,10,2,6,18,14,13,17],[14,10,22,2,6,18,17],[18,22,2,10,14,6,17],[6,22,2,18,14,10,13,17],[6,10,2,22,18,14,17],[6,10,14,18,2,22,17],[2,10,22,14,18,6,13,17],[14,6,18,2,10,22,13,17],[18,22,6,2,14,10,17],[2,22,18,6,14,10,13,17],[10,2,18,6,22,14,13,17],[22,10,6,18,14,2,17],[14,6,18,10,22,2,17],[18,6,2,22,10,14,17],[14,22,2,10,18,6,13,17],[14,2,22,6,10,18,17],[6,10,22,14,18,2,13,17],[22,10,6,2,14,18,17],[10,2,18,6,14,22,13,17],[10,14,2,6,22,18,17],[2,22,10,18,6,14,13,17],[6,10,22,18,2,14,17],[10,14,22,6,2,18,17],[6,18,22,10,2,14,17],[10,14,18,2,22,6,13,17],[10,6,22,18,14,2,17],[10,6,22,2,14,18,17],[22,14,2,6,10,18,17],[10,14,2,6,18,22,13,17],[10,18,14,2,6,22,13,17],[22,18,10,2,14,6,13,17],[2,6,18,22,10,14,13,17],[14,18,2,10,22,6,13,17],[10,14,22,18,2,6,13,17],[22,2,14,10,18,6,13,17],[6,2,10,18,14,22,17],[14,6,10,2,22,18,17],[18,14,6,2,10,22,17],[14,2,18,6,10,22,17],[22,10,18,2,6,14,13,17],[2,10,6,22,18,14,13,17],[14,2,10,6,18,22,13,17],[18,22,14,2,10,6,17],[18,6,22,10,2,14,13,17],[14,18,6,10,2,22,17],[10,14,18,2,22,6,17],[14,22,2,18,6,10,17],[2,10,22,6,14,18,17],[10,2,22,6,14,18,17],[22,2,18,10,6,14,13,17],[22,10,18,2,14,6,17],[10,22,2,14,18,6,13,17],[6,14,22,10,2,18,17],[6,18,2,10,22,14,17],[10,18,14,2,6,22,13,17],[6,22,14,2,10,18,13,17],[18,14,2,6,10,22,17],[2,6,14,10,18,22,17],[6,2,22,18,14,10,17],[22,2,18,10,6,14,17],[18,6,10,14,22,2,17],[2,18,10,22,14,6,17],[18,14,10,2,6,22,17],[10,22,2,18,14,6,13,17],[10,2,18,14,22,6,13,17],[2,6,10,14,22,18,13,17],[22,6,18,10,14,2,17],[6,18,22,14,2,10,13,17],[18,22,14,10,2,6,13,17],[14,6,2,10,22,18,13,17],[10,14,18,6,22,2,17],[2,22,14,6,18,10,13,17],[10,2,14,22,18,6,17],[6,22,18,14,10,2,17],[2,18,22,6,10,14,17],[18,14,6,2,10,22,13,17],[18,2,6,14,22,10,13,17],[10,2,6,22,14,18,13,17],[18,14,10,2,22,6,13,17],[2,6,22,14,10,18,17],[2,6,22,18,10,14,17],[2,18,10,14,22,6,17],[22,6,14,2,10,18,13,17],[10,18,22,2,6,14,13,17],[14,22,18,6,10,2,17],[10,6,22,2,18,14,13,17],[2,14,18,6,22,10,13,17],[10,6,2,22,18,14,13,17],[2,18,10,14,22,6,17],[22,6,2,10,14,18,13,17],[22,18,10,14,6,2,17],[18,10,22,2,14,6,13,17],[2,10,22,14,18,6,17],[10,2,6,18,22,14,13,17],[14,2,6,22,18,10,17],[2,6,22,18,14,10,17],[14,18,6,22,10,2,17],[2,14,6,10,18,22,17],[10,18,6,14,2,22,13,17],[10,2,14,22,18,6,17],[10,22,6,18,14,2,17],[10,6,18,22,2,14,17],[18,22,14,10,2,6,13,17],[10,22,18,14,2,6,13,17],[18,14,22,10,6,2,13,17],[6,22,18,10,14,2,17],[18,14,2,22,10,6,17],[2,14,10,6,18,22,17],[2,14,6,22,10,18,17],[14,22,18,2,10,6,13,17],[2,6,14,22,18,10,13,17],[18,22,2,10,14,6,17],[14,18,2,22,10,6,17],[10,6,2,18,22,14,13,17],[18,22,14,6,10,2,13,17],[2,18,6,10,22,14,17],[2,14,18,10,6,22,17],[18,14,10,22,2,6,17],[22,18,10,2,6,14,17],[6,2,18,10,14,22,17],[10,6,18,14,22,2,13,17],[22,10,18,14,6,2,17],[10,14,18,6,22,2,17],[10,14,2,22,18,6,13,17],[10,2,18,14,22,6,17],[10,22,18,6,2,14,17],[14,6,10,2,18,22,17],[14,6,10,2,22,18,13,17],[2,14,6,18,10,22,17],[6,2,14,22,18,10,13,17],[2,14,10,18,22,6,17],[6,18,22,10,14,2,17],[2,10,18,6,14,22,13,17],[18,10,6,14,22,2,13,17],[2,22,10,14,6,18,13,17],[22,10,18,2,14,6,17],[14,22,10,2,18,6,13,17],[2,18,22,10,6,14,13,17],[10,14,6,2,22,18,17],[2,10,6,22,18,14,13,17],[14,2,18,22,6,10,13,17],[2,10,22,6,14,18,13,17],[14,6,22,18,10,2,13,17],[6,18,22,2,14,10,13,17],[18,10,14,2,6,22,17],[14,10,2,22,18,6,17],[6,14,18,10,2,22,13,17],[18,6,10,22,14,2,17],[2,6,22,10,18,14,17],[6,22,14,10,18,2,17],[10,14,18,22,6,2,13,17],[2,18,22,6,10,14,17],[14,6,22,10,18,2,17],[22,10,2,18,14,6,17],[14,2,22,10,6,18,13,17],[2,10,6,18,14,22,17],[14,6,10,2,18,22,13,17],[2,14,18,6,22,10,13,17],[10,14,6,2,22,18,13,17],[22,18,6,14,2,10,17],[2,10,6,18,22,14,17],[18,6,2,10,14,22,13,17],[18,6,2,10,22,14,13,17],[10,14,2,18,22,6,17],[22,6,10,18,14,2,13,17],[2,14,22,18,6,10,17],[10,18,14,6,22,2,17],[18,2,10,6,14,22,13,17],[18,6,10,14,22,2,17],[14,2,22,10,6,18,13,17],[22,14,10,6,2,18,17],[14,18,6,22,10,2,13,17],[22,14,6,10,2,18,13,17]],"n_human":4}