{"problem_id":"bLFN3YYm53qdURz","sigma":150,"alpha":3.162,"cost":1,"probabilities":"[0.08, 0.12, 0.36, 0.44]","payoff_matrix":"[[-131, -352, -168, 110, 111, -52], [-182, -216, 54, -232, 93, 20], [32, 104, 90, -276, -94, 123], [15, -69, -36, 39, 201, 187]]","uncovered":[[12,20,8,4,24,19,23],[8,20,12,24,19,23],[4,20,16,8,24,19,23],[8,24,12,4,16,20,23,19],[20,8,16,24,19,23],[12,24,4,8,16,20,23,19],[20,16,4,8,12,24,23,19],[8,24,12,20,19,23],[4,8,24,20,23,19],[20,24,23,19],[8,16,24,4,20,19,23],[4,24,16,8,12,20,19,23],[20,16,24,19,23],[12,20,8,4,16,24,19,23],[16,12,20,4,24,23,19],[20,4,24,19,23],[24,16,12,8,20,23,19],[16,12,8,24,20,19,23],[12,8,4,20,24,23,19],[4,8,20,16,12,24,23,19],[16,20,24,23,19],[24,16,8,4,20,23,19],[12,16,8,20,24,19,23],[4,24,12,20,19,23],[4,8,16,12,20,24,19,23],[8,20,16,12,4,24,23,19],[20,4,8,24,19,23],[4,16,12,20,24,19,23],[16,12,24,4,8,20,23,19],[4,12,24,8,20,19,23],[12,24,16,20,23,19],[8,24,12,20,19,23],[8,16,24,4,12,20,19,23],[4,8,12,20,24,19,23],[12,24,8,16,4,20,23,19],[12,24,16,20,19,23],[16,4,12,8,24,20,19,23],[4,8,12,20,24,23,19],[12,8,20,16,24,23,19],[24,20,19,23],[16,8,24,20,23,19],[8,4,24,20,23,19],[12,8,20,24,23,19],[24,8,4,20,19,23],[8,12,16,4,24,20,19,23],[8,16,4,12,20,24,23,19],[12,20,24,23,19],[16,4,8,12,20,24,19,23],[16,20,12,24,19,23],[4,12,24,20,19,23],[4,24,8,20,23,19],[8,12,20,4,24,19,23],[8,24,4,12,16,20,19,23],[12,8,24,16,20,19,23],[8,12,24,16,20,19,23],[16,20,8,4,24,23,19],[8,16,12,4,20,24,23,19],[20,16,4,8,24,19,23],[4,16,20,8,12,24,19,23],[12,16,24,8,4,20,19,23],[16,4,8,24,12,20,19,23],[20,4,24,23,19],[20,8,16,24,23,19],[16,12,4,24,20,23,19],[4,8,12,20,16,24,19,23],[4,12,8,24,20,23,19],[4,24,8,12,20,23,19],[16,24,20,23,19],[4,24,20,19,23],[16,12,24,4,8,20,23,19],[20,4,8,12,16,24,23,19],[12,20,8,16,4,24,19,23],[20,12,16,4,24,23,19],[4,24,8,20,23,19],[12,20,4,24,19,23],[24,20,23,19],[8,16,12,4,20,24,23,19],[24,4,16,12,20,23,19],[16,4,24,8,20,19,23],[8,16,4,24,20,19,23],[8,12,16,24,4,20,23,19],[12,8,4,16,24,20,23,19],[8,20,16,24,23,19],[20,8,16,24,23,19],[24,20,19,23],[16,8,24,20,19,23],[16,8,12,4,24,20,23,19],[12,20,4,24,19,23],[12,20,8,4,16,24,19,23],[8,12,16,20,4,24,23,19],[8,20,24,23,19],[24,8,16,4,20,23,19],[20,16,12,8,24,19,23],[20,24,23,19],[24,4,8,16,12,20,23,19],[20,24,19,23],[12,4,16,24,8,20,19,23],[4,20,16,8,12,24,23,19],[8,12,24,4,20,23,19],[24,20,19,23],[20,4,12,16,8,24,19,23],[16,8,4,12,20,24,19,23],[20,4,24,23,19],[12,20,24,23,19],[20,16,12,4,8,24,19,23],[8,20,16,24,23,19],[4,8,16,12,24,20,23,19],[12,16,24,20,19,23],[16,24,20,19,23],[12,20,8,4,24,19,23],[20,8,12,16,24,19,23],[12,24,16,20,19,23],[24,4,12,16,20,19,23],[24,8,16,12,4,20,19,23],[12,24,20,19,23],[20,24,19,23],[12,16,8,24,4,20,19,23],[8,24,12,4,16,20,19,23],[16,24,20,23,19],[16,4,12,24,20,19,23],[4,12,24,8,16,20,19,23],[8,4,12,16,24,20,19,23],[24,8,16,4,12,20,23,19],[20,4,24,19,23],[8,24,20,23,19],[12,24,4,8,20,23,19],[16,4,12,24,8,20,19,23],[20,12,4,24,19,23],[4,24,12,16,8,20,19,23],[8,20,24,19,23],[24,20,19,23],[24,20,23,19],[24,16,8,20,23,19],[4,16,12,24,8,20,19,23],[20,8,4,16,12,24,19,23],[20,12,8,4,16,24,23,19],[12,16,20,4,24,23,19],[20,12,16,24,19,23],[20,12,16,24,19,23],[16,20,8,4,24,19,23],[20,24,23,19],[20,4,12,16,8,24,19,23],[4,8,16,24,12,20,23,19],[16,12,8,24,20,23,19],[12,24,4,16,20,19,23],[16,8,12,20,24,19,23],[4,24,12,8,20,19,23],[4,24,12,20,19,23],[12,16,8,20,24,19,23],[12,20,8,4,24,23,19],[8,20,4,24,19,23],[4,24,8,20,23,19],[16,12,8,24,20,19,23],[20,4,8,12,16,24,23,19],[16,20,12,4,24,23,19],[8,24,12,4,16,20,19,23],[4,20,16,12,8,24,19,23],[12,24,20,19,23],[16,24,4,8,20,19,23],[4,24,12,20,23,19],[12,24,4,8,16,20,19,23],[12,24,20,23,19],[20,4,8,16,12,24,19,23],[20,12,24,19,23],[4,12,24,16,8,20,23,19],[20,12,16,24,19,23],[8,4,24,16,12,20,23,19],[16,8,12,24,20,23,19],[24,12,20,23,19],[20,4,12,24,23,19],[4,24,20,19,23],[16,20,4,24,19,23],[12,16,4,8,24,20,19,23],[20,16,4,12,24,19,23],[24,20,23,19],[12,24,8,16,20,19,23],[16,4,12,20,8,24,19,23],[4,16,12,20,8,24,23,19],[24,20,19,23],[16,12,8,20,4,24,19,23],[16,20,24,19,23],[8,4,12,16,20,24,19,23],[4,12,16,24,8,20,23,19],[24,12,4,20,19,23],[4,8,16,20,24,23,19],[12,24,4,16,8,20,19,23],[20,12,24,19,23],[20,8,4,24,19,23],[24,16,12,8,4,20,19,23],[24,12,16,8,20,19,23],[8,20,24,19,23],[24,12,20,19,23],[12,20,16,24,23,19],[4,20,12,24,19,23],[8,24,16,20,19,23],[20,24,19,23],[16,12,20,8,4,24,19,23],[24,4,16,20,23,19],[4,24,20,23,19],[12,24,8,4,20,19,23],[8,24,4,12,20,19,23],[16,4,20,12,24,23,19],[4,16,20,24,23,19],[20,12,24,23,19],[16,4,12,24,8,20,19,23],[4,16,24,20,19,23],[20,16,4,8,24,23,19],[16,24,12,4,20,23,19],[4,8,24,12,16,20,23,19],[16,12,24,8,4,20,19,23],[24,16,4,12,8,20,23,19],[24,8,4,16,12,20,23,19],[8,20,4,12,24,19,23],[16,4,12,24,20,19,23],[16,8,20,4,12,24,19,23],[4,8,20,24,19,23],[20,12,24,23,19],[12,16,20,4,24,23,19],[16,24,8,20,19,23],[16,12,8,4,20,24,23,19],[12,4,24,16,20,19,23],[4,24,12,16,20,23,19],[20,24,19,23],[24,4,8,20,23,19],[8,24,4,16,20,23,19],[24,12,16,20,19,23],[8,12,4,24,16,20,23,19],[8,20,24,19,23],[4,12,24,8,20,23,19],[4,8,16,20,24,23,19],[24,8,20,19,23],[24,8,12,16,20,23,19],[8,24,16,12,20,23,19],[4,20,8,24,19,23],[20,12,8,16,4,24,19,23],[16,8,24,12,4,20,23,19],[20,4,8,16,24,23,19],[12,20,4,16,8,24,23,19],[20,24,19,23],[12,16,8,24,20,19,23],[8,20,12,16,24,19,23],[16,12,24,20,23,19],[12,24,8,4,16,20,23,19],[4,16,12,8,20,24,19,23],[8,16,24,12,4,20,19,23],[16,24,4,8,12,20,23,19],[20,12,8,24,23,19],[4,20,12,8,16,24,23,19],[16,20,4,24,23,19],[16,8,20,4,24,23,19],[16,4,8,24,12,20,23,19],[20,4,8,16,24,23,19],[24,20,19,23],[8,16,4,24,12,20,19,23],[4,20,12,8,16,24,19,23],[20,16,4,12,8,24,23,19],[12,24,20,19,23],[16,4,12,24,20,23,19],[24,16,8,12,4,20,19,23],[24,12,20,23,19],[16,24,12,4,20,23,19],[12,16,8,24,4,20,23,19],[8,20,4,24,19,23],[12,24,20,19,23],[20,16,12,4,8,24,23,19],[24,4,16,12,20,23,19],[4,8,24,16,20,19,23],[24,12,20,19,23],[24,8,20,23,19],[24,16,12,20,19,23],[4,20,8,16,24,23,19],[24,16,20,19,23],[4,12,24,20,23,19],[8,4,20,24,23,19],[12,4,8,16,24,20,23,19],[20,4,8,24,19,23],[24,8,16,4,20,23,19],[4,16,20,8,24,19,23],[4,24,16,12,8,20,19,23],[4,24,8,20,19,23],[4,20,8,16,24,23,19],[24,8,4,12,16,20,19,23],[20,24,19,23],[24,20,23,19],[8,20,4,12,16,24,23,19],[24,8,4,16,12,20,23,19],[16,24,20,19,23],[8,12,20,24,19,23],[12,4,20,16,24,23,19],[8,24,16,4,12,20,23,19],[20,16,8,12,4,24,23,19],[4,8,12,20,16,24,19,23],[20,4,8,12,24,19,23],[4,24,20,23,19],[20,24,23,19],[8,12,4,20,16,24,23,19],[8,16,24,20,19,23],[24,16,12,4,20,23,19],[12,20,24,19,23],[24,16,12,20,19,23],[12,24,20,23,19],[12,16,20,8,4,24,19,23],[4,8,20,16,24,23,19],[24,4,12,20,19,23],[24,4,12,20,23,19],[24,20,19,23],[4,20,16,8,12,24,23,19],[4,24,20,23,19],[16,4,12,8,24,20,23,19],[16,24,20,19,23],[16,20,4,24,19,23],[16,12,8,24,4,20,19,23],[8,16,24,20,23,19],[16,24,4,20,19,23],[20,8,16,12,24,23,19],[20,4,8,16,24,23,19],[16,12,8,20,4,24,23,19],[16,12,24,20,19,23],[20,24,23,19],[8,16,4,24,12,20,23,19],[8,20,12,16,4,24,19,23],[16,20,24,23,19],[20,12,8,4,24,19,23],[20,4,8,16,12,24,19,23],[12,16,4,8,24,20,23,19],[24,8,4,12,20,23,19],[24,20,23,19],[24,20,23,19],[12,16,4,20,24,19,23],[20,8,24,23,19],[4,16,8,20,12,24,19,23],[24,20,19,23],[16,12,4,8,24,20,19,23],[20,4,8,12,24,19,23],[8,20,4,24,19,23],[4,16,20,24,23,19],[8,4,20,16,24,23,19],[12,8,24,4,16,20,19,23],[12,16,4,24,8,20,23,19],[24,16,20,19,23],[4,24,8,20,19,23],[20,8,24,23,19],[24,8,4,12,20,23,19],[8,12,16,24,20,19,23],[24,12,8,20,23,19],[8,24,20,19,23],[4,16,8,24,20,19,23],[12,8,24,16,4,20,19,23],[24,4,16,8,12,20,23,19],[20,12,24,23,19],[20,8,4,16,24,19,23],[4,16,24,12,20,23,19],[4,12,8,20,16,24,19,23],[4,8,12,16,20,24,23,19],[8,12,20,24,23,19],[8,16,20,12,4,24,19,23],[24,20,23,19],[20,12,8,16,24,23,19],[8,24,16,12,4,20,23,19],[16,24,4,8,20,23,19],[8,20,4,12,16,24,19,23],[24,20,19,23],[24,20,23,19],[24,8,4,12,16,20,23,19],[20,4,12,24,19,23],[4,20,12,8,16,24,23,19],[12,20,24,23,19],[12,8,4,20,24,23,19],[16,4,20,8,12,24,23,19],[20,12,16,8,24,23,19],[20,8,16,4,24,23,19],[16,24,4,8,20,19,23],[24,12,8,16,20,19,23],[16,4,12,20,24,19,23],[12,8,24,20,23,19],[8,16,20,12,4,24,19,23],[8,20,12,16,4,24,23,19],[4,16,12,20,24,19,23],[16,8,20,24,23,19],[20,24,19,23],[24,16,4,20,19,23],[20,12,8,24,23,19],[8,24,20,19,23],[16,20,4,12,8,24,23,19],[4,16,20,12,8,24,23,19],[24,12,4,8,20,19,23],[20,8,16,12,4,24,23,19],[16,4,20,24,19,23],[24,4,12,16,20,19,23],[16,20,12,8,4,24,19,23],[8,16,20,12,24,23,19],[24,12,4,20,19,23],[12,20,16,8,4,24,19,23],[4,24,8,20,19,23],[8,24,16,12,4,20,19,23],[4,8,24,12,16,20,23,19],[12,16,24,4,20,19,23],[8,12,24,4,16,20,19,23],[20,4,8,12,16,24,23,19],[24,8,4,16,20,23,19],[16,24,12,4,20,19,23],[24,4,8,16,20,23,19],[24,4,8,12,20,19,23],[12,24,20,23,19],[12,4,24,20,23,19],[4,16,20,24,19,23],[16,12,4,8,20,24,19,23],[16,24,8,12,4,20,23,19],[4,16,24,8,20,23,19],[20,12,24,19,23],[16,4,20,12,24,23,19],[4,8,20,12,24,19,23],[12,20,8,24,23,19],[8,12,24,20,23,19],[24,8,4,16,12,20,19,23],[8,24,4,12,16,20,19,23],[16,20,8,24,19,23],[20,12,16,8,24,19,23],[20,4,8,12,24,19,23],[12,24,8,16,4,20,23,19],[16,4,24,12,8,20,19,23],[12,20,8,4,16,24,19,23],[12,16,20,24,19,23],[4,12,8,20,24,23,19],[20,8,4,12,16,24,23,19],[4,12,16,24,8,20,23,19],[16,20,12,24,23,19],[4,24,20,19,23],[8,16,12,20,4,24,19,23],[12,4,8,16,24,20,23,19],[8,4,12,16,24,20,19,23],[24,16,20,23,19],[12,16,8,4,24,20,23,19],[20,12,24,19,23],[24,12,8,4,20,19,23],[20,24,23,19],[4,16,8,20,12,24,23,19],[12,16,20,4,8,24,19,23],[12,24,8,20,23,19],[8,20,16,24,23,19],[8,16,24,12,20,19,23],[12,16,8,24,4,20,23,19],[8,20,12,4,24,23,19],[24,8,4,16,20,19,23],[20,12,4,8,24,23,19],[12,4,24,8,20,23,19],[4,12,8,16,24,20,19,23],[12,16,24,8,4,20,19,23],[24,16,20,23,19],[24,12,16,8,4,20,23,19],[12,24,8,4,20,19,23],[16,24,20,23,19],[24,8,16,12,4,20,23,19],[8,4,12,24,20,23,19],[24,4,8,16,12,20,23,19],[12,20,24,23,19],[24,16,8,20,19,23],[4,16,20,24,23,19],[16,12,20,24,23,19],[4,24,20,23,19],[20,4,12,16,8,24,19,23],[24,4,12,20,23,19],[8,16,20,24,23,19],[24,20,19,23],[24,4,16,12,8,20,23,19],[24,20,19,23],[24,16,8,20,23,19],[16,4,20,8,24,19,23],[8,16,20,12,4,24,19,23],[4,8,20,16,12,24,23,19],[20,8,24,19,23],[12,4,20,24,19,23],[16,20,12,4,8,24,19,23],[4,16,8,24,20,19,23],[16,4,24,20,23,19],[8,24,4,12,16,20,23,19],[20,12,4,16,8,24,23,19],[24,16,4,12,8,20,23,19],[16,20,24,19,23],[4,8,16,12,20,24,23,19],[24,8,12,16,4,20,23,19],[20,8,12,16,4,24,23,19],[12,16,8,24,20,23,19],[12,16,4,24,8,20,23,19],[4,8,12,16,24,20,23,19],[24,4,20,23,19],[12,8,20,4,24,19,23],[12,20,24,23,19],[16,24,4,20,23,19],[16,20,24,19,23],[4,8,20,24,19,23],[16,20,4,12,8,24,19,23],[4,8,24,20,23,19],[24,16,20,19,23],[24,4,16,8,20,23,19],[8,4,20,12,16,24,23,19],[8,16,4,20,12,24,19,23],[20,24,19,23],[4,24,12,8,20,23,19],[12,4,16,20,24,19,23],[12,4,16,8,24,20,23,19],[12,24,8,16,4,20,19,23],[20,12,16,24,19,23],[12,4,8,20,16,24,23,19],[8,16,20,12,24,19,23],[20,8,16,4,24,23,19],[24,12,4,8,16,20,19,23],[4,20,12,16,24,19,23],[24,16,4,8,20,19,23],[4,20,16,12,8,24,19,23],[4,24,12,20,23,19],[20,4,24,23,19],[8,12,24,20,23,19],[24,12,8,16,4,20,19,23],[24,20,23,19],[20,8,16,4,12,24,23,19],[24,8,12,4,20,23,19],[20,16,8,24,23,19],[8,16,20,12,24,23,19],[12,4,16,8,20,24,19,23],[20,8,16,4,12,24,19,23],[24,12,4,20,23,19],[4,24,20,23,19],[8,20,4,16,12,24,23,19],[8,20,24,23,19],[4,12,16,8,24,20,23,19],[4,8,16,12,20,24,19,23],[12,20,8,4,16,24,23,19],[12,8,16,4,24,20,19,23],[24,8,20,23,19],[20,12,24,23,19],[8,4,24,20,23,19],[24,20,19,23],[12,8,16,24,20,23,19],[4,8,24,20,23,19],[24,8,12,4,20,19,23],[12,8,20,24,23,19],[16,12,20,8,24,23,19],[8,20,4,24,23,19],[20,24,19,23],[12,24,20,23,19],[20,24,19,23],[24,8,12,16,20,23,19],[20,16,12,24,23,19],[12,20,16,24,23,19],[20,16,24,19,23],[20,8,12,4,24,19,23],[16,20,24,23,19],[12,24,8,20,23,19],[24,20,23,19],[16,20,24,23,19],[16,12,20,8,24,23,19],[12,24,20,23,19],[24,8,16,4,12,20,23,19],[16,8,12,4,24,20,23,19],[8,24,20,19,23],[20,12,24,19,23],[16,4,20,8,12,24,19,23],[20,24,23,19],[12,4,8,16,20,24,23,19],[20,24,19,23],[8,24,16,4,20,19,23],[20,8,12,4,16,24,19,23],[12,8,20,16,4,24,19,23],[12,4,16,8,24,20,19,23],[12,20,8,24,19,23],[20,16,24,23,19],[12,8,24,20,23,19],[4,20,24,19,23],[24,16,4,20,19,23],[16,4,8,20,24,19,23],[20,4,12,24,23,19],[20,12,24,19,23],[8,20,4,12,24,23,19],[8,12,24,4,16,20,23,19],[4,8,20,16,12,24,19,23],[24,20,19,23],[12,20,4,16,24,23,19],[24,4,20,23,19],[4,12,24,8,16,20,23,19],[24,8,12,4,16,20,19,23],[24,12,16,20,19,23],[16,4,24,12,8,20,23,19],[12,20,24,23,19],[20,8,16,24,19,23],[12,24,20,23,19],[20,16,8,4,12,24,23,19],[20,8,24,23,19],[8,24,20,19,23],[12,20,4,24,23,19],[20,4,16,12,24,19,23],[16,8,12,4,20,24,23,19],[4,24,20,23,19],[16,20,8,4,12,24,23,19],[24,20,23,19],[24,20,19,23],[20,8,24,19,23],[24,4,8,20,23,19],[16,8,20,12,24,23,19],[8,12,20,16,4,24,23,19],[4,20,16,8,12,24,19,23],[4,20,24,19,23],[8,12,24,4,16,20,19,23],[24,20,23,19],[24,12,4,8,16,20,23,19],[12,8,24,20,19,23],[20,24,19,23],[16,8,24,4,20,19,23],[16,4,20,8,12,24,23,19],[12,24,8,20,19,23],[16,4,8,20,12,24,19,23],[16,20,12,4,8,24,19,23],[12,8,20,4,16,24,19,23],[8,16,4,24,20,19,23],[12,20,16,24,19,23],[8,24,16,4,12,20,23,19],[12,8,4,16,20,24,19,23],[24,20,23,19],[8,4,24,16,12,20,23,19],[8,12,24,20,23,19],[24,8,16,4,12,20,23,19],[8,4,12,16,20,24,23,19],[8,4,24,12,20,23,19],[24,8,12,20,19,23],[20,12,8,4,16,24,23,19],[24,20,19,23],[4,8,12,16,24,20,19,23],[20,24,23,19],[4,12,24,8,16,20,23,19],[12,16,20,4,24,19,23],[16,12,4,8,20,24,23,19],[4,16,24,12,20,19,23],[24,8,20,23,19],[16,20,4,12,8,24,19,23],[12,4,8,16,24,20,23,19],[12,8,24,16,4,20,23,19],[24,16,20,19,23],[20,16,12,4,24,23,19],[4,8,16,24,20,23,19],[12,8,16,24,20,23,19],[8,24,12,16,20,23,19],[24,12,16,8,20,19,23],[24,12,16,20,19,23],[4,16,12,20,24,23,19],[20,4,12,16,24,19,23],[16,4,20,24,23,19],[4,8,16,24,20,23,19],[12,4,8,24,20,23,19],[12,8,24,4,16,20,23,19],[4,16,12,8,20,24,19,23],[4,24,16,12,20,19,23],[8,16,12,4,20,24,19,23],[20,24,19,23],[4,8,24,16,12,20,23,19],[8,24,12,20,23,19],[8,4,20,24,19,23],[24,12,4,20,19,23],[4,16,12,20,8,24,23,19],[12,20,4,24,23,19],[8,4,24,12,20,19,23],[8,12,16,24,4,20,23,19],[24,16,12,8,4,20,23,19],[20,12,4,24,23,19],[20,4,8,12,16,24,23,19],[16,4,12,24,20,19,23],[8,12,24,4,16,20,23,19],[8,4,20,24,19,23],[8,24,16,12,4,20,23,19],[24,12,16,8,4,20,19,23],[16,24,12,4,8,20,19,23],[4,12,16,8,24,20,23,19],[20,24,23,19],[16,8,20,4,12,24,23,19],[24,4,20,19,23],[8,20,16,12,4,24,23,19],[4,12,24,16,8,20,23,19],[4,12,20,8,16,24,19,23],[20,12,16,24,19,23],[16,12,8,4,20,24,19,23],[8,12,4,24,16,20,19,23],[8,24,16,4,20,19,23],[8,12,24,4,20,19,23],[24,12,4,8,20,19,23],[20,4,8,24,23,19],[4,16,24,20,23,19],[24,4,12,20,23,19],[16,4,24,12,8,20,19,23],[16,4,8,12,20,24,23,19],[20,8,4,12,16,24,19,23],[24,12,4,16,8,20,19,23],[20,4,16,12,8,24,19,23],[16,20,24,19,23],[4,12,16,20,24,19,23],[20,24,23,19],[20,4,8,16,12,24,23,19],[12,16,24,4,20,23,19],[4,20,8,24,23,19],[20,24,19,23],[20,8,12,16,4,24,23,19],[12,20,16,4,8,24,23,19],[12,16,20,4,8,24,19,23],[8,24,20,19,23],[12,8,4,20,24,19,23],[16,24,8,20,23,19],[8,16,20,4,24,23,19],[24,4,8,12,16,20,19,23],[4,8,20,12,24,23,19],[8,20,24,23,19],[12,8,16,20,24,23,19],[4,24,12,8,16,20,23,19],[16,20,24,19,23],[24,16,4,8,20,19,23],[24,12,4,20,19,23],[4,8,24,16,20,23,19],[24,4,20,23,19],[24,8,20,23,19],[20,24,19,23],[12,8,20,16,24,23,19],[8,20,4,24,23,19],[4,8,24,16,12,20,19,23],[8,24,16,4,20,23,19],[16,12,24,4,20,23,19],[20,12,8,24,19,23],[20,8,4,24,23,19],[4,16,12,8,20,24,19,23],[8,4,24,12,20,19,23],[20,4,16,24,19,23],[12,8,16,4,20,24,23,19],[20,24,19,23],[20,12,4,8,16,24,19,23],[8,4,16,24,12,20,23,19],[20,12,16,8,4,24,19,23],[16,24,20,23,19],[24,12,20,19,23],[16,12,8,20,4,24,19,23],[12,24,20,19,23],[16,12,20,4,24,19,23],[16,20,8,4,12,24,19,23],[20,4,12,8,16,24,19,23],[8,4,12,16,20,24,19,23],[20,8,4,16,12,24,23,19],[16,4,8,20,12,24,19,23],[4,24,20,23,19],[16,4,12,8,20,24,19,23],[4,24,20,19,23],[16,4,12,8,24,20,19,23],[8,24,4,20,19,23],[4,16,12,8,24,20,23,19],[16,8,24,12,20,19,23],[24,4,12,16,8,20,19,23],[24,4,20,23,19],[16,24,12,20,19,23],[24,20,23,19],[20,24,23,19],[8,4,20,12,24,19,23],[16,4,24,8,12,20,23,19],[4,16,8,12,20,24,19,23],[24,8,12,16,4,20,19,23],[12,20,24,19,23],[24,4,16,8,12,20,23,19],[8,12,4,16,20,24,19,23],[8,16,12,20,24,19,23],[24,20,23,19],[8,12,4,20,16,24,23,19],[16,20,12,8,4,24,23,19],[24,4,20,19,23],[24,20,19,23],[20,16,24,19,23],[4,12,8,20,24,19,23],[12,8,4,20,16,24,23,19],[4,8,20,16,12,24,23,19],[8,20,12,16,4,24,19,23],[8,24,12,20,23,19],[4,24,12,20,19,23],[8,16,12,24,20,23,19],[8,4,20,12,24,19,23],[8,12,24,16,4,20,23,19],[24,12,16,4,8,20,19,23],[20,24,23,19],[24,4,12,20,23,19],[16,20,4,24,19,23],[4,8,16,20,24,19,23],[12,24,16,4,8,20,19,23],[16,20,24,23,19],[4,20,12,24,23,19],[20,24,23,19],[4,8,20,24,23,19],[16,20,4,24,23,19],[12,20,8,24,19,23],[20,8,4,16,12,24,23,19],[16,12,4,24,20,23,19],[20,12,4,16,24,23,19],[16,4,12,24,8,20,19,23],[20,4,8,12,24,19,23],[8,12,16,4,24,20,19,23],[20,4,8,12,16,24,23,19],[20,16,8,4,12,24,19,23],[16,12,24,8,4,20,19,23],[24,12,4,20,23,19],[20,24,23,19],[4,8,20,16,12,24,23,19],[8,12,16,4,24,20,19,23],[4,20,16,24,19,23],[16,8,12,24,20,23,19],[16,20,12,4,24,19,23],[4,24,20,19,23],[8,16,4,12,24,20,23,19],[20,4,12,24,23,19],[12,24,8,4,16,20,19,23],[8,24,12,16,4,20,19,23],[24,16,4,8,20,23,19],[24,16,8,12,4,20,23,19],[16,24,4,12,8,20,19,23],[12,16,20,24,19,23],[4,24,16,8,12,20,19,23],[20,16,8,24,19,23],[8,4,24,16,20,23,19],[4,16,12,8,24,20,23,19],[4,16,20,24,23,19],[24,12,8,20,19,23],[8,12,20,4,24,23,19],[12,24,16,20,23,19],[4,12,16,8,24,20,23,19],[12,20,4,16,24,19,23],[8,20,24,19,23],[8,16,20,24,23,19],[12,20,24,23,19],[4,12,20,8,16,24,19,23],[8,4,24,16,20,23,19],[16,24,8,4,12,20,23,19],[4,20,12,8,24,19,23],[12,24,4,16,20,19,23],[8,12,4,24,20,23,19],[4,8,24,16,12,20,19,23],[12,8,4,24,20,19,23],[12,24,4,20,23,19],[24,20,19,23],[8,12,24,20,19,23],[4,20,24,19,23],[16,12,20,8,4,24,19,23],[12,16,24,8,20,19,23],[12,24,8,20,23,19],[12,24,16,4,8,20,19,23],[12,20,24,23,19],[4,16,8,24,20,19,23],[24,16,4,8,20,19,23],[24,8,16,4,12,20,19,23],[8,20,4,12,16,24,23,19],[24,12,20,23,19],[8,12,16,24,20,19,23],[20,24,19,23],[16,20,24,23,19],[12,24,16,8,20,19,23],[12,20,16,8,24,23,19],[8,12,24,20,23,19],[24,8,12,20,23,19],[4,16,20,8,12,24,19,23],[4,16,8,12,24,20,23,19],[12,8,24,4,16,20,19,23],[4,20,12,16,8,24,23,19],[20,12,4,16,24,19,23],[20,8,24,19,23],[12,4,8,16,20,24,23,19],[20,4,12,24,19,23],[12,24,16,4,8,20,23,19],[8,24,20,23,19],[20,24,19,23],[24,12,4,16,8,20,23,19],[24,20,19,23],[8,12,16,24,4,20,23,19],[16,4,8,24,20,19,23],[4,8,12,24,20,19,23],[4,8,24,20,23,19],[8,16,4,24,20,23,19],[24,16,8,4,20,19,23],[4,16,8,24,12,20,23,19],[8,20,16,12,24,23,19],[20,12,8,16,24,23,19],[24,16,12,20,23,19],[20,8,4,12,24,23,19],[8,24,20,23,19],[20,12,4,8,24,19,23],[20,12,4,24,23,19],[16,4,24,20,23,19],[20,8,4,24,19,23],[12,4,8,20,24,19,23],[16,8,20,4,12,24,23,19],[24,8,16,20,23,19],[20,8,16,4,12,24,23,19],[20,24,19,23],[4,24,16,8,20,19,23],[4,16,12,20,24,23,19],[20,12,8,4,24,19,23],[12,20,4,8,16,24,23,19],[20,24,23,19],[24,20,19,23],[4,8,16,24,20,19,23],[16,20,12,4,24,23,19],[20,12,8,4,16,24,19,23],[20,24,23,19],[16,4,12,20,8,24,23,19],[12,24,20,23,19],[4,16,20,12,8,24,23,19],[16,24,4,8,12,20,23,19],[4,20,12,8,24,19,23],[12,20,16,24,19,23],[12,24,20,23,19],[20,4,8,12,24,23,19],[4,16,24,8,12,20,23,19],[4,12,20,24,19,23],[20,16,4,8,24,23,19],[24,16,4,12,20,23,19],[24,12,20,23,19],[16,8,4,20,12,24,23,19],[8,16,20,12,4,24,19,23],[8,12,4,20,24,19,23],[8,12,24,20,19,23],[20,8,4,16,12,24,19,23],[20,8,4,16,12,24,23,19],[4,20,12,16,24,23,19],[24,8,16,12,4,20,23,19],[16,20,8,12,24,19,23],[16,4,24,20,19,23],[12,8,4,20,24,23,19],[16,24,8,20,19,23],[12,24,8,20,23,19],[20,16,4,12,24,23,19],[4,16,12,24,20,23,19],[4,20,16,8,12,24,19,23],[20,8,24,19,23],[16,4,8,12,20,24,23,19],[24,8,12,4,20,23,19],[20,12,16,8,4,24,23,19],[24,20,23,19],[20,8,16,12,24,19,23],[4,24,16,8,12,20,23,19],[24,12,4,16,8,20,19,23],[16,4,24,8,12,20,23,19],[8,16,12,4,24,20,23,19],[24,12,20,23,19],[20,8,24,19,23],[4,24,20,19,23],[16,12,8,4,20,24,23,19],[4,12,16,8,24,20,19,23],[8,20,16,24,19,23],[8,16,4,12,24,20,19,23],[4,24,8,16,20,19,23],[8,16,24,4,20,19,23],[24,8,12,4,16,20,19,23],[4,16,12,24,8,20,23,19],[16,12,24,4,20,19,23],[16,12,8,20,4,24,19,23],[8,4,20,24,23,19],[12,4,20,16,24,23,19],[8,16,12,4,24,20,19,23],[4,16,8,12,20,24,19,23],[4,8,16,12,20,24,19,23],[20,24,23,19],[8,24,4,16,20,19,23],[20,4,12,16,24,19,23],[8,12,24,4,20,23,19],[4,24,12,8,16,20,23,19],[12,4,20,16,8,24,19,23],[16,8,4,12,24,20,23,19],[4,8,12,20,24,19,23],[24,12,8,4,20,19,23],[8,12,4,24,20,23,19],[8,20,24,19,23],[24,12,20,19,23],[16,8,12,4,24,20,23,19],[24,8,20,19,23],[20,16,8,4,12,24,23,19],[12,16,20,8,24,19,23],[4,12,20,16,8,24,23,19],[12,24,20,23,19],[8,20,12,16,24,23,19],[8,24,4,12,16,20,23,19],[8,20,16,24,19,23],[16,12,8,20,4,24,19,23],[8,20,16,24,19,23],[20,16,8,24,19,23],[4,16,12,24,20,23,19],[16,4,24,20,23,19],[16,12,4,20,8,24,23,19],[24,4,20,23,19],[4,24,8,20,19,23],[12,4,8,16,20,24,19,23],[20,4,12,8,24,23,19],[24,20,23,19],[8,12,24,16,20,23,19],[16,24,8,4,12,20,19,23],[20,16,12,4,24,19,23],[12,16,20,4,8,24,19,23],[20,8,16,4,24,23,19],[4,24,16,8,12,20,23,19],[8,16,20,24,23,19],[24,16,4,20,23,19],[4,20,12,24,23,19],[12,8,20,4,16,24,23,19],[24,20,23,19]],"n_human":5}