{"problem_id":"dfucN9SrzSSRDqJ","sigma":75,"alpha":3.162,"cost":0,"probabilities":"[0.09, 0.14, 0.43, 0.34]","payoff_matrix":"[[0, 100, 41, 42, -7, -82], [76, 56, 92, 14, 4, -113], [65, 66, 81, -21, -21, -30], [-7, -124, -14, 17, 23, 54]]","uncovered":[[3,23,15,19,7,4,8,11,12],[19,11,23,7,8,3,12,4,15],[7,23,3,4,8,19,11,12,15],[23,3,11,12,4,19,15,7,8],[15,11,7,8,23,3,4,12,19],[11,23,15,3,12,4,8,19],[23,7,19,3,4,8,15,11,12],[11,16,23,7,12,8,19,3,4,15],[11,3,4,12,23,19,7,8,15],[3,7,8,11,12,4,23,19,15],[15,7,23,3,8,11,12,4,19],[3,16,19,12,23,7,8,15],[23,11,7,8,3,12,4,19,15],[15,23,3,20,7,4,8,11,12,19],[11,15,7,8,3,12,4,19,23],[19,7,11,12,8,15,3,4,23],[19,15,11,23,7,12,8,3,4],[23,7,3,4,8,15,19,11,12],[7,15,3,8,19,11,4,12,23],[19,15,3,7,4,8,23,11,12],[7,3,4,8,23,15,19,11,12],[15,19,23,11,7,8,3,12,4],[7,23,11,12,8,15,3,4,19],[23,7,19,11,8,15,3,4,12],[7,11,12,8,23,3,4,20,15,19],[7,23,15,3,4,8,19,11,12],[15,11,7,8,19,3,12,4,23],[11,19,3,4,12,15,7,8,23],[23,11,3,12,4,7,8,15,19],[23,3,7,8,15,19,11,12,4],[11,23,20,15,7,8,3,12,4,19],[7,11,12,8,15,19,23,3,4],[15,11,19,7,8,3,12,4,23],[3,7,4,8,11,12,19,15,23],[15,23,7,3,4,8,19,11,12],[3,23,19,7,4,8,15,11,12],[15,11,3,12,4,7,8,19,23],[23,7,15,3,8,20,11,4,12,19],[7,24,23,15,19,11,8,3,12,4],[15,3,19,7,4,8,23,11,12],[19,15,23,11,7,8,3,4,12],[23,3,11,12,4,7,8,15,19],[7,15,11,12,8,23,19,3,4],[3,15,23,11,4,12,7,8,19],[3,11,4,12,7,8,15,20,23,19],[23,3,11,12,4,19,15,7,8],[11,7,12,8,15,19,23,3,4],[3,23,15,19,11,12,4,7,8],[15,11,23,7,8,3,12,4,19],[15,23,11,3,4,12,19,7,8],[19,7,11,12,8,3,4,23,15],[23,7,11,12,8,3,4,15,19],[19,15,3,23,11,4,12,7,8],[3,19,15,11,12,4,7,8,23],[7,15,4,11,12,8,19,23],[15,19,11,23,7,12,8,3,4],[23,15,3,19,7,8,11,12,4],[23,15,19,11,3,12,4,7,8],[3,7,4,8,23,15,11,12,19],[7,3,4,8,23,19,11,12,15],[7,15,11,8,3,4,12,23,19],[19,11,23,15,7,12,8,3,4],[7,23,19,15,11,8,3,4,12],[15,23,7,11,12,8,19,3,4],[23,15,3,11,12,4,7,8,19],[7,11,8,15,17,23,3,4,12,19],[11,7,8,3,4,12,19,23,15],[23,15,3,7,4,8,11,12,19],[15,19,11,8,3,4,12,23],[11,24,23,3,4,12,19,15,7,8],[3,15,11,4,12,7,8,23,19],[15,7,19,23,3,4,8,11,12],[11,3,4,12,7,8,23,19,15],[19,7,15,23,11,8,3,4,12],[7,23,15,19,12,3,4,8],[19,23,3,11,4,12,15,7,8],[3,15,23,19,7,8,11,12,4],[11,3,4,12,23,7,8,19,15],[7,23,3,4,8,19,15,11,12],[11,19,15,7,8,3,4,12,23],[11,15,7,8,23,3,12,4,19],[11,15,19,7,8,3,12,4,23],[19,7,23,15,11,12,8,3,4],[7,11,8,4,15,20,24,23,19],[11,23,3,4,12,19,15,7,8],[23,15,11,7,8,19,3,12,4],[7,19,23,3,4,8,15,11,12],[7,15,19,11,8,3,12,4,23],[23,19,11,3,12,4,16,7,8,15],[3,7,8,23,11,12,4,20,15,19],[7,3,4,8,19,15,11,12,23],[23,7,19,15,3,4,8,11,12],[23,3,7,4,8,19,15,11,12],[7,23,19,11,8,16,3,4,12,15],[19,23,15,3,11,12,4,7,8],[3,7,8,15,11,4,12,19,24,23],[7,15,11,12,8,3,4,23,19],[11,19,7,12,8,3,4,23,15],[19,15,7,11,8,3,4,12,23],[11,3,4,12,23,7,8,19,15],[7,19,23,3,8,11,12,4,15],[3,15,11,12,4,7,8,19,23],[7,11,12,8,19,15,3,4,23],[11,15,19,7,12,8,3,4,23],[23,11,7,12,8,3,4,15,19],[11,19,23,3,4,12,15,7,8],[3,11,12,4,19,23,7,8,15],[3,23,19,7,8,11,12,4,15],[15,7,19,23,3,4,8,11,12],[19,7,15,11,8,23,3,12,4],[15,11,7,12,8,19,23,3,4],[23,7,15,3,4,8,20,11,12,19],[11,7,12,8,19,3,4,23,15],[3,23,15,7,4,8,11,12,19],[11,3,4,12,15,19,23,7,8],[15,11,19,7,12,8,3,4,23],[11,19,23,7,8,3,12,4,15],[11,3,4,12,7,8,15,23,19],[23,11,19,3,12,4,15,7,8],[19,3,15,11,4,12,23,7,8],[7,15,3,8,23,19,11,4,12],[19,23,3,7,4,8,11,12,15],[15,19,7,23,3,4,8,11,12],[11,23,15,19,7,8,3,4,12],[3,23,19,7,8,11,12,4,15],[3,8,15,19,11,12,4,23],[23,11,19,7,8,3,4,12,15],[11,19,15,23,3,12,4,7,8],[7,11,8,23,13,15,19,3,4,12],[15,7,23,19,11,8,3,4,12],[11,15,7,8,3,4,12,23,19],[23,3,19,7,8,15,11,12,4],[7,3,4,8,19,23,11,12,15],[19,23,11,7,8,3,12,4,15],[19,7,3,4,8,23,11,12,15],[7,11,12,8,3,4,15,20,23,19],[11,19,7,12,8,23,15,3,4],[19,3,7,8,11,4,12,15,23],[11,15,3,12,4,19,7,8,23],[23,3,15,7,4,8,11,12,19],[23,7,4,15,11,8,19],[3,15,23,19,11,12,4,7,8],[15,7,11,8,19,3,12,4,23],[11,19,7,8,23,3,4,12,15],[19,11,15,23,3,12,4,7,8],[15,7,23,3,4,8,19,11,12],[3,23,15,8,11,12,4,19],[23,7,11,8,15,3,4,12,19],[11,23,19,4,7,12,8,15],[11,23,15,3,4,12,7,8,19],[23,3,7,4,8,15,11,12,19],[15,19,11,3,12,4,23,7,8],[11,23,3,4,12,7,8,19,15],[7,11,8,15,23,3,4,12,19],[3,19,7,4,8,15,11,12,23],[7,23,19,11,12,8,3,4,15],[3,23,19,11,4,12,15,7,8],[23,19,3,11,4,12,15,7,8],[23,19,3,15,7,4,8,11,12],[7,15,3,8,19,23,11,4,12],[11,19,23,15,7,12,8,3,4],[3,7,8,19,15,23,11,12,4],[15,19,11,23,7,12,8,3,4],[19,7,11,12,8,3,4,15,23],[3,15,11,12,4,23,7,8,19],[15,7,23,11,8,3,12,4,19],[3,15,19,7,8,11,12,4,23],[3,19,15,11,4,12,23,7,8],[3,15,7,8,23,17,11,12,4,19],[23,15,7,3,8,19,11,4,12],[3,23,19,11,12,4,7,8,15],[15,3,7,8,11,4,12,23,19],[11,3,12,4,7,8,23,15,19],[3,15,7,8,11,12,4,23,19],[7,3,8,15,11,4,12,23,19],[19,23,11,5,7,12,8,3,4,15],[23,7,11,8,15,3,12,4,19],[3,20,23,15,7,8,11,12,4,19],[15,11,23,7,12,8,3,4,19],[7,3,8,11,12,4,15,19,23],[15,11,7,12,8,23,19,3,4],[11,3,12,4,15,7,8,23,19],[23,15,3,11,12,4,19,7,8],[11,15,7,12,8,3,4,19,23],[7,23,19,11,8,3,12,4,15],[23,11,3,4,12,19,15,7,8],[19,7,3,4,8,15,23,12],[7,23,11,8,15,19,4],[19,23,7,15,11,8,3,12,4],[19,11,15,3,12,4,23,7,8],[19,15,11,23,3,12,4,7,8],[3,23,19,7,8,15,11,12,4],[7,3,4,8,11,12,15,19,23],[3,23,15,11,4,12,19,7,8],[3,23,19,15,7,8,11,4,12],[15,23,11,19,7,12,8,3,4],[3,15,23,19,7,4,8,11,12],[7,19,3,8,23,11,4,12,15],[19,24,3,23,15,11,12,4,7,8],[23,19,15,11,3,12,4,7,8],[19,11,3,12,4,23,7,8,15],[23,7,19,3,4,8,11,12,15],[3,11,4,12,7,8,15,19,24,23],[3,7,8,19,11,4,12,23,15],[3,11,12,4,23,7,8,19,15],[3,7,8,15,23,11,4,12,19],[11,3,12,4,23,19,7,8,15],[11,19,23,3,4,12,7,8,15],[11,19,15,23,3,12,4,7,8],[3,15,19,11,12,4,23,7,8],[3,7,4,8,15,19,23,11,12],[15,19,23,3,11,12,4,7,8],[3,8,15,19,11,4,12,23],[23,19,7,15,11,12,8,3,4],[15,23,19,7,11,8,3,12,4],[3,11,12,4,19,7,8,23,15],[15,19,7,3,4,8,23,11,12],[7,3,8,11,4,12,15,19,23],[11,19,15,23,7,8,3,12,4],[15,23,19,11,3,4,12,7,8],[15,11,19,3,12,4,7,8,23],[7,3,4,8,19,23,11,12,15],[11,2,3,12,4,23,8,15],[15,7,3,4,8,23,19,11,12],[15,19,23,3,7,4,8,11,12],[19,23,11,7,12,8,3,4,15],[11,3,12,4,24,23,15,7,8,19],[11,19,7,12,8,3,4,23,15],[11,19,4,7,8,23,13,15],[23,7,11,8,19,3,12,4,15],[7,3,4,8,15,19,23,11,12],[23,3,11,4,12,19,15,7,8],[19,15,11,7,12,8,3,4,23],[19,15,7,11,12,8,23,3,4],[19,15,3,7,4,8,11,12,23],[19,23,7,15,3,8,11,12,4],[3,20,15,23,7,4,8,12,19],[11,15,23,7,12,8,3,4,19],[7,23,19,3,8,11,4,12,15],[23,11,15,4,19,7,8],[3,19,11,4,12,7,8,23,13,15],[19,11,23,3,12,4,7,8,15],[15,7,19,3,8,23,11,4,12],[19,23,3,7,4,8,11,12,15],[23,11,19,3,12,4,15,7,8],[7,23,11,8,15,3,4,12,19],[19,15,11,3,12,4,7,8,23],[7,15,23,11,8,19,3,12,4],[11,3,12,4,8,15,23,19],[19,15,23,7,11,12,8,3,4],[7,3,4,8,15,23,19,11,12],[7,19,11,12,8,23,15,3,4],[3,19,23,15,7,4,8,11,12],[15,23,3,19,7,8,11,4,12],[3,23,19,7,8,15,11,12,4],[11,7,12,8,15,19,3,4,23],[7,3,4,8,23,15,11,12,19],[11,7,12,8,23,16,19,3,4,15],[11,19,7,12,8,3,4,23,15],[15,7,23,3,8,11,4,12,19],[15,7,3,8,19,23,11,12,4],[15,19,3,7,8,11,12,4,23],[7,11,8,3,12,4,19,15,23],[11,15,23,19,4,7,8],[4,23,15,11,19,7,12,8],[19,15,23,3,11,12,4,7,8],[15,19,11,23,7,8,3,4,12],[3,15,11,12,4,19,7,8,23],[23,3,19,15,11,4,12,8],[11,19,23,8,3,12,4,15],[23,3,11,4,12,19,7,8,15],[3,23,19,11,4,12,7,8,15],[15,11,23,3,12,4,20,7,8,19],[19,15,7,23,3,8,11,4,12],[3,11,12,4,15,7,8,23,19],[23,19,7,3,4,8,15,11,12],[19,23,15,7,11,8,3,12,4],[11,23,3,4,12,7,8,15,19],[11,7,8,3,12,4,15,23,19],[11,3,4,12,19,15,7,8,23],[23,19,11,3,4,12,15,7,8],[3,23,19,7,8,15,11,12,4],[11,15,3,4,12,24,23,19,7,8],[15,3,11,12,4,23,19,7,8],[7,3,4,8,23,19,15,11,12],[23,15,3,11,4,12,19,7,8],[3,7,8,16,23,19,11,4,12,15],[15,3,7,4,8,19,23,11,12],[3,7,4,8,23,19,11,12,15],[19,3,7,4,8,23,15,11,12],[11,24,23,7,8,15,19,3,4,12],[7,15,9,11,8,23,19],[7,11,12,8,3,4,23,19,15],[11,15,23,7,12,8,3,4,19],[11,19,7,12,8,3,4,23,15],[7,19,23,15,3,4,8,11,12],[11,15,3,4,12,19,7,8,23],[7,3,4,8,16,11,12,23,19,15],[7,3,8,11,12,4,19,23,15],[15,11,7,12,8,3,4,23,19],[11,19,7,12,8,23,3,4,15],[19,7,15,23,11,8,3,12,4],[3,23,15,11,12,4,7,8,19],[7,3,4,8,19,11,12,15,23],[7,11,8,23,15,3,4,12,19],[11,3,12,4,7,8,20,15,24,23,19],[15,19,7,23,11,8,3,4,12],[15,11,19,23,3,12,4,7,8],[3,7,4,8,15,19,23,11,12],[23,15,11,3,4,12,7,8,19],[15,23,7,11,8,20,3,4,12,19],[15,11,3,12,4,19,7,8,24,23],[19,15,7,12,23,3,8],[3,7,8,23,11,4,12,19,15],[15,23,3,11,12,4,7,8,19],[7,19,11,12,8,3,4,23,15],[11,15,8,3,4,12,23,19],[19,7,3,8,15,11,4,12,23],[23,11,15,3,12,4,19,7,8],[11,19,3,4,12,7,8,23,15],[11,19,7,12,8,15,3,4,23],[19,7,23,15,3,8,11,4,12],[15,23,7,11,8,3,12,4,19],[19,3,7,8,11,12,4,23,15],[19,3,15,11,12,4,23,7,8],[3,7,8,23,11,4,12,15,19],[19,7,23,3,8,11,12,4,15],[19,15,23,11,7,12,8,4],[23,15,19,7,3,4,8,11,12],[15,7,3,8,23,11,4,12,19],[3,15,19,11,12,4,7,8,23],[23,3,8,19,15,11,4,12],[11,3,4,12,19,15,23,7,8],[23,19,15,7,3,4,8,11,12],[19,11,15,23,7,8,3,4,12],[19,3,11,4,12,15,7,8,23],[23,19,11,7,8,3,4,12,15],[11,19,7,8,15,23,3,12,4],[11,15,24,23,7,8,3,4,12,19],[19,23,15,3,7,8,11,12,4],[19,7,15,11,8,23,3,4,12],[23,11,19,15,3,4,12,7,8],[19,15,7,23,3,4,8,11,12],[23,7,4,11,12,8,19,15],[19,15,7,12,23,3,8],[23,11,7,8,19,1,16,3,12,4,15],[7,3,8,19,15,11,4,12,23],[15,11,23,19,3,12,4,7,8],[23,7,11,12,8,3,4,19,15],[11,23,19,7,12,8,3,4,15],[19,15,11,3,4,12,7,8,24,23],[3,15,23,7,4,8,19,11,12],[15,3,11,4,12,7,8,23,19],[19,7,23,11,8,15,3,12,4],[3,23,8,15,19,11,4,12],[3,15,23,19,11,12,4,7,8],[23,19,15,11,7,8,3,4,12],[23,7,3,8,15,11,4,12,19],[23,15,11,19,7,8,3,4,12],[3,11,4,12,15,20,23,7,8,19],[15,11,7,8,24,23,3,4,12,19],[3,9,11,4,12,15,24,23,7,8,19],[11,15,3,12,4,19,7,8,23],[15,23,11,7,8,3,4,12,19],[3,15,11,4,12,23,19,7,8],[19,15,23,7,3,8,11,4,12],[23,19,7,15,11,12,8,3,4],[23,7,3,4,8,19,15,11,12],[23,19,3,15,11,4,12,7,8],[19,11,15,3,4,12,23,7,8],[23,7,3,4,8,15,19,11,12],[11,23,16,7,8,19,3,12,4,15],[23,19,3,11,4,12,15,7,8],[11,20,23,3,12,4,15,7,8,19],[7,3,4,8,19,15,23,11,12],[3,7,4,8,19,15,23,11,12],[11,19,7,12,8,15,23,3,4],[11,15,19,7,8,3,12,4,23],[19,23,15,3,11,12,4,7,8],[19,15,23,7,11,12,8,3,4],[3,7,4,8,20,11,12,15,23,19],[23,3,7,8,11,12,4,19,15],[3,19,11,12,4,7,8,23,15],[3,23,8,20,15,11,12,4,19],[15,3,23,8,19,11,12,4],[11,19,7,12,8,3,4,23,15],[19,11,23,7,8,15,1,3,12,4],[19,3,11,4,12,23,15,7,8],[7,19,11,8,23,15,3,4,12],[19,7,3,4,8,23,15,11,12],[3,15,7,4,8,19,23,11,12],[11,3,4,12,23,20,15,7,8,19],[15,3,23,19,12,7,8],[11,15,3,12,4,7,8,23,19],[15,19,3,11,4,12,24,23,7,8],[19,11,15,3,4,12,8,23],[23,15,11,3,12,4,8,19],[15,3,7,8,11,12,4,19,23],[7,23,11,12,8,19,3,4,15],[19,7,23,3,8,15,11,12,4],[23,15,3,11,12,4,19,7,8],[3,15,23,19,7,8,11,12,4],[23,11,7,8,3,12,4,19,15],[3,23,7,4,8,11,12,19,15],[23,19,15,3,7,8,12],[15,3,11,4,12,23,19,7,8],[15,23,19,3,7,8,11,12,4],[19,15,7,3,8,23,11,4,12],[11,15,23,3,4,12,19,7,8],[11,19,15,7,12,8,3,4,23],[3,15,19,23,11,12,4,7,8],[7,3,8,23,11,12,4,19,15],[3,15,19,11,4,12,7,8,23],[7,19,3,8,23,15,11,12,4],[23,19,7,11,12,8,16,3,4,15],[3,15,11,4,12,19,23,7,8],[19,11,23,7,12,8,15,3,4],[3,24,23,19,11,4,12,15,7,8],[11,23,15,3,4,12,19,7,8],[7,23,3,4,8,19,15,11,12],[15,7,19,3,4,8,23,11,12],[3,11,12,4,23,15,7,8,19],[15,11,7,12,8,23,20,3,4,19],[3,19,7,8,23,11,12,4,15],[15,11,23,7,8,3,4,12,19],[3,23,11,4,12,19,15,8],[19,3,23,11,4,12,7,8,15],[19,15,23,3,7,4,8,11,12],[3,19,23,7,8,15,11,12,4],[7,23,3,4,8,11,12,19,15],[11,15,3,4,12,19,7,8,23],[7,19,11,8,3,12,4,23,15],[11,20,23,15,4,7,12,8,19],[3,7,8,15,23,19,11,12,4],[19,7,3,4,8,12,23,15],[3,11,4,12,19,23,7,8,15],[15,3,23,19,7,8,11,12,4],[23,15,3,19,7,4,8,11,12],[15,19,23,11,7,8,3,12,4],[15,3,7,4,8,23,11,12,19],[11,23,7,12,8,15,19,3,4],[15,3,11,4,12,7,8,19,23],[3,11,12,4,7,8,19,15,23],[19,7,11,12,8,23,3,4,15],[15,7,23,11,12,8,3,4,19],[7,4,11,8,23,15,20,19],[11,7,12,8,23,15,3,4,19],[11,3,4,12,23,7,8,15,19],[19,3,15,7,4,8,23,11,12],[7,3,8,20,23,11,12,4,15,19],[19,3,11,12,4,7,8,23,15],[7,3,4,8,15,19,23,11,12],[19,15,23,11,3,4,12,7,8],[23,15,19,11,3,12,4,7,8],[15,11,7,12,8,19,23,3,4],[15,7,11,8,19,23,3,12,4],[23,15,7,3,4,8,11,12,19],[11,7,8,3,12,4,15,19,23],[23,19,11,15,3,12,4,5,7,8],[23,11,19,3,12,4,7,8,15],[23,11,7,8,15,3,4,12,19],[7,23,12,19,3,4,8,15],[3,19,15,7,8,11,12,4,23],[15,3,19,11,12,4,23,7,8],[7,23,11,8,15,19,3,12,4],[11,15,3,4,12,19,7,8,23],[15,3,7,8,23,12,19],[7,3,4,8,19,15,11,12,23],[23,11,15,7,12,8,19,3,4],[7,15,23,3,4,8,19,11,12],[15,23,12,7,3,8,19],[11,23,19,3,4,12,7,8,15],[19,11,23,15,3,12,4,7,8],[7,11,12,8,15,23,3,4,19],[7,15,3,4,8,23,11,12,19],[15,3,23,11,12,4,19,7,8],[3,15,11,4,12,7,8,19,23],[23,7,11,12,8,15,3,4,19],[19,7,23,3,4,8,15,11,12],[3,23,11,12,4,15,19,7,8],[19,15,23,3,11,12,4,7,8],[23,11,3,4,12,7,8,15,19],[15,11,23,19,7,12,8,3,4],[7,15,11,8,23,20,3,4,12,19],[11,20,7,8,15,23,3,4,12,19],[3,11,4,12,19,23,15,7,8],[7,11,12,8,3,4,15,19,23],[15,19,7,3,4,8,11,12,23],[3,15,23,11,12,4,19,7,8],[15,7,11,12,8,3,4,23,19],[11,8,19,15,3,12,4,23],[19,11,23,15,7,12,8,3,4],[3,7,8,11,12,4,15,23,19],[11,23,3,4,12,19,16,7,8,15],[23,7,11,12,8,3,4,19,15],[19,23,11,3,4,12,16,7,8,15],[7,11,8,15,23,20,3,4,12,19],[19,3,15,10,11,2,12,4],[19,23,15,7,11,8,3,4,12],[19,23,7,11,8,15,3,12,4],[15,23,7,3,4,8,19,11,12],[7,3,4,8,23,11,12,15,19],[11,3,12,4,15,24,23,7,8,19],[3,15,23,7,4,8,19,11,12],[15,23,11,19,3,4,12,7,8],[7,23,12,19,15,3,8],[3,7,4,8,15,19,23,11,12],[11,15,19,3,12,4,7,8,23],[7,3,4,8,23,19,15,11,12],[19,3,15,7,4,8,23,11,12],[15,19,3,7,8,11,12,4,23],[23,7,19,3,4,8,15,11,12],[19,7,23,15,11,8,3,4,12],[23,7,3,4,8,11,12,16,19,15],[11,23,3,12,4,15,19,7,8],[11,7,8,3,4,12,15,19,23],[19,23,15,7,12,3,4,8],[15,19,3,11,12,4,7,8,23],[3,11,12,4,7,8,15,19,23],[15,23,19,7,3,8,11,12,4],[3,11,12,4,15,7,8,19,23],[23,7,3,8,11,12,4,15,19],[7,15,3,4,8,23,11,12,19],[19,7,23,3,8,15,11,12,4],[11,15,23,7,12,8,19,3,4],[3,15,7,4,8,11,12,23,19],[19,7,3,4,8,23,11,12,15],[23,19,15,11,3,12,4,7,8],[15,23,3,11,12,4,7,8,19],[7,3,8,11,12,4,23,15,19],[7,15,11,12,8,3,4,19,23],[3,7,4,8,23,15,19,11,12],[11,17,3,12,4,15,7,8,23,19],[23,11,19,3,4,12,15,7,8],[23,19,3,11,4,12,7,8,15],[19,11,23,15,7,8,3,12,4],[11,3,12,4,15,23,19,7,8],[7,15,19,3,8,23,11,4,12],[15,3,7,4,8,19,11,12,23],[7,15,11,8,3,4,12,19,23],[3,19,15,11,12,4,23,7,8],[11,3,12,4,19,15,7,8,23],[23,19,7,3,4,8,15,11,12],[3,7,8,23,15,19,11,12,4],[23,11,7,12,8,15,3,4,19],[23,19,3,7,4,8,15,11,12],[19,11,23,7,12,8,3,4,15],[19,11,3,12,4,7,8,23,15],[23,19,3,11,4,12,7,8,15],[3,20,23,15,11,12,4,7,8,19],[23,19,3,11,4,12,7,8,15],[15,7,19,3,4,8,11,12,23],[11,3,12,4,19,7,8,15,23],[3,11,12,4,23,15,7,8,19],[11,23,3,12,4,15,19,8],[3,23,7,8,11,4,12,19,15],[11,7,12,8,15,23,19,3,4],[7,23,19,3,8,15,11,4,12],[3,19,23,15,11,12,4,7,8],[23,19,15,3,7,4,8,11,12],[11,15,20,23,3,12,4,7,8,19],[7,11,12,8,15,3,4,23,19],[7,3,8,24,23,11,12,4,15,19],[3,15,11,12,4,19,7,8,23],[15,23,7,3,8,19,11,4,12],[23,7,16,11,8,19,3,4,12,15],[15,3,11,12,4,19,23,7,8],[19,11,7,8,3,4,12,16,23,15],[11,15,3,12,4,7,8,23,19],[11,15,19,23,3,12,4,7,8],[23,15,19,7,11,12,8,3,4],[11,15,7,12,8,3,4,23,19],[15,19,3,11,12,4,23,7,8],[3,11,12,4,15,7,8,23,19],[19,23,7,3,4,8,11,12,15],[11,23,3,12,4,19,15,7,8],[3,11,4,12,23,19,15,7,8],[11,7,8,22,15,3,12,4,19],[19,7,3,8,11,12,4,23,15],[19,11,3,4,12,15,8,23],[19,7,3,8,11,4,12,15,23],[19,3,11,4,12,16,7,8,23,15],[15,11,7,8,23,3,12,4,19],[15,23,19,3,11,4,12,7,8],[15,23,11,7,8,3,4,12,19],[11,4,23,17,15,7,8,19],[23,15,7,3,8,20,11,4,12,19],[15,23,7,3,4,8,19,11,12],[3,15,11,12,4,7,8,23,20,19],[15,3,7,4,8,23,11,12,19],[23,3,11,4,12,18,15,7,8,19],[15,3,19,11,4,12,23,7,8],[15,11,7,8,23,3,12,4,19],[11,15,23,3,12,4,7,8,19],[11,23,7,8,19,3,12,4,15],[7,19,3,8,23,11,12,4,15],[23,11,3,12,4,7,8,15,19],[23,15,7,11,8,3,4,12,19],[19,3,11,4,12,23,15,7,8],[23,7,11,8,4,15,18,19],[7,11,8,23,3,4,12,19,15],[3,19,12,7,4,8,23,15],[11,7,12,8,23,3,4,19,15],[15,11,3,12,4,7,8,19,23],[23,3,11,4,12,7,8,19,16,15],[3,23,19,11,4,12,15,7,8],[3,11,4,12,13,15,23,19,7,8],[7,23,15,11,12,8,3,4,19],[23,3,15,11,12,4,19,7,8],[15,11,20,3,4,12,23,7,8,19],[19,23,7,15,11,8,3,12,4],[19,15,11,8,23,3,12,4],[11,16,23,19,7,12,8,3,4,15],[23,3,11,12,4,19,7,8,15],[11,15,19,7,12,8,3,4,23],[11,3,12,4,19,23,15,7,8],[19,23,15,7,3,4,8,11,12],[7,11,8,19,15,23,3,12,4],[15,23,19,3,11,12,4,7,8],[15,23,3,19,7,8,11,12,4],[3,19,7,4,8,11,12,23,15],[3,23,19,11,12,4,7,8,15],[11,3,12,4,7,8,24,23,15,19],[3,15,23,19,7,8,11,12,4],[19,11,3,4,12,23,7,8,15],[3,23,11,4,12,7,8,19,15],[3,23,19,15,11,12,4,7,8],[19,12,23,7,15,3,8],[11,8,21,15,4,19],[19,3,23,11,4,12,7,8,15],[23,3,19,11,4,12,15,7,8],[19,23,15,11,7,8,3,4,12],[19,15,3,24,23,11,12,4,7,8],[15,11,19,3,4,12,7,8,23],[7,11,8,15,3,4,12,19,23],[11,19,7,12,8,23,15,3,4],[15,7,19,11,8,24,23,3,4,12],[19,11,7,8,15,23,3,12,4],[15,7,23,11,8,3,12,4,19],[7,15,3,8,24,23,11,12,4,19],[19,7,3,8,11,12,4,23,15],[7,3,8,19,15,23,11,12,4],[7,11,12,8,23,15,3,4,19],[23,7,3,8,15,20,11,4,12,19],[7,11,12,8,3,4,15,23,19],[11,8,23,19,15,3,4,12],[3,11,12,4,23,19,7,8,15],[19,15,11,3,4,12,7,8,23],[15,7,23,19,3,8,11,12,4],[15,19,23,11,7,12,8,3,4],[19,3,23,7,8,11,4,12,15],[3,7,8,11,4,12,23,15,19],[23,15,7,19,3,8,11,12,4],[15,11,19,7,12,8,3,4,23],[15,11,23,19,8,3,4,12],[19,23,3,11,4,12,15,7,8],[19,3,15,11,4,12,23,7,8],[19,11,15,3,12,4,23,7,8],[7,3,4,8,15,23,11,12,17,19],[19,23,3,7,4,8,15,11,12],[11,7,12,8,23,19,15,3,4],[3,19,11,4,12,15,23,7,8],[7,11,12,8,19,23,15,3,4],[3,7,4,8,15,11,12,19,24,23],[7,23,11,8,15,3,4,12,19],[15,19,11,7,12,8,23,3,4],[19,7,15,11,12,8,23,3,4],[23,3,15,7,4,8,19,11,12],[11,19,3,4,12,15,7,8,23],[15,7,19,23,11,12,8,3,4],[7,23,3,8,19,15,11,12,4],[19,15,7,3,8,11,12,4,23],[7,15,19,23,11,8,3,4,12],[23,15,19,3,7,4,8,11,12],[15,11,3,12,4,23,7,8,19],[3,15,11,12,4,19,8,23],[11,15,7,12,8,23,3,4,19],[19,7,23,15,3,8,11,12,4],[7,19,3,4,8,23,15,11,12],[7,19,11,12,8,3,4,15,23],[19,7,23,3,4,8,15,11,12],[3,19,23,11,4,12,7,8,15],[19,3,11,12,4,7,8,15,23],[3,19,7,4,8,11,12,23,15],[11,19,16,7,8,3,12,4,23,15],[11,7,12,8,3,4,19,23,15],[23,11,3,4,12,15,7,8,19],[15,11,19,7,12,8,3,4,23],[11,15,19,23,2,3,12,4],[3,15,7,4,8,23,19,11,12],[15,23,3,11,4,12,7,8,19],[23,15,19,7,11,8,3,4,12],[3,7,4,8,11,12,23,19,15],[7,23,15,19,11,12,8,3,4],[11,7,8,23,19,15,3,4,12],[3,23,11,4,12,7,8,19,15],[19,15,3,7,8,11,12,4,23],[19,15,23,7,11,8,3,4,12],[11,19,23,7,8,4,13,16,15],[3,24,23,11,12,4,19,15,7,8],[3,15,19,7,4,8,23,11,12],[19,23,7,15,11,8,4],[7,3,4,8,19,15,23,11,12],[23,11,3,12,4,7,8,19,15],[3,15,7,4,8,23,11,12,19],[15,19,3,7,8,23,11,12,4],[7,19,15,11,8,23,3,12,4],[7,23,19,11,8,3,4,12,15],[7,3,4,8,11,12,23,15,19],[3,19,23,15,7,8,11,4,12],[15,19,3,23,11,4,12,7,8],[7,19,3,8,23,15,11,4,12],[23,7,3,8,19,11,12,4,15],[15,3,11,12,4,7,8,19,23],[11,15,7,8,20,3,4,12,23,19],[19,15,7,4,11,12,8,23],[19,7,3,8,23,15,11,12,4],[15,3,7,4,8,23,19,11,12],[7,3,8,23,15,19,11,12,4],[23,15,11,2,3,12,4,19],[7,11,8,3,4,12,19,15,23],[19,15,7,23,11,8,3,4,12],[11,19,15,7,12,8,3,4,24,23],[19,3,11,12,4,15,23,7,8],[23,7,15,11,12,8,19,4],[19,15,23,7,3,4,8,11,12],[7,3,4,8,19,11,12,15,23],[11,4,23,7,12,8,15,19],[15,11,3,12,4,19,23,7,8],[15,23,19,3,7,4,8,11,12],[19,15,23,3,11,4,12,7,8],[19,23,7,15,11,12,8,3,4],[23,11,19,3,4,12,15,7,8],[19,7,12,23,3,4,8,15],[11,7,8,23,3,12,4,15,19],[3,7,4,8,19,15,11,12,23],[19,7,15,3,8,11,12,4,23],[19,7,23,15,3,4,8,11,12],[11,7,8,3,4,12,15,23,19],[11,3,12,4,15,23,19,7,8],[23,19,11,7,8,15,3,12,4],[23,19,7,11,12,8,15,3,4],[11,15,3,12,4,19,7,8,23],[11,8,19,23,15,3,12,4],[3,23,11,4,12,15,19,7,8],[15,19,7,11,8,23,3,12,4],[3,15,7,4,8,19,11,12,23],[3,11,4,12,15,7,8,19,23],[15,19,7,23,3,8,11,12,4],[23,15,3,11,12,4,7,8,19],[7,11,12,8,23,15,3,4,19],[8,15,19,11,23,3,12,4],[3,24,23,7,4,8,19,11,12,15],[3,15,11,4,12,19,7,8,23],[3,15,19,23,11,4,12,7,8],[11,23,19,15,7,12,8,4],[15,3,23,11,4,12,7,8,19],[3,24,23,20,7,8,11,12,4,15,19],[11,19,23,15,7,8,3,12,4],[19,7,15,23,3,8,11,12,4],[19,23,11,15,4,7,12,8],[19,3,7,8,11,12,4,15,23],[19,3,23,7,8,11,12,4,15],[3,23,15,7,4,8,11,12,19],[15,11,23,7,12,8,3,4,19],[19,7,3,4,8,15,11,12,23],[11,4,23,7,8,15,19],[15,3,23,7,4,8,11,12,19],[3,7,8,11,12,4,15,19,23],[3,15,23,20,8,11,12,4,19],[23,7,19,3,4,8,15,11,12],[19,11,3,12,4,7,8,15,23],[15,3,11,12,4,7,8,19,23],[23,3,19,15,7,8,11,12,4],[23,15,19,7,11,8,3,4,12],[3,15,23,12,19,7,4,8],[15,7,3,8,19,23,11,4,12],[3,11,12,4,19,23,15,7,8],[23,19,11,15,1,7,12,8,3,4],[23,19,7,11,12,8,3,4,15],[23,11,15,19,7,8,3,4,12],[15,23,3,19,7,8,11,12,4],[3,23,11,12,4,15,19,8],[7,3,8,12,23,19,15],[23,15,11,19,7,12,8,3,4],[23,15,19,7,3,4,8,11,12],[19,23,15,7,3,4,8,11,12],[3,23,7,4,8,19,11,12,15],[7,11,8,23,3,12,4,15,19],[23,7,11,8,4,15,20,19],[23,3,15,19,7,4,8,11,12],[23,19,3,11,4,12,7,8,16,15],[3,11,4,12,7,8,23,15,19],[12,3,19,15,7,8,23],[19,3,7,4,8,11,12,15,23],[15,23,3,7,4,8,19,11,12],[15,19,11,3,4,12,23,7,8],[7,15,11,8,23,3,12,4,19],[19,23,15,12,3,7,4,8],[11,7,8,19,23,15,4],[7,19,3,8,23,15,11,12,4],[23,3,7,4,8,11,12,19,15],[23,11,15,19,3,4,12,7,8],[15,11,23,7,8,19,3,12,4],[23,19,3,15,11,4,12,7,8],[15,11,23,3,4,12,19,7,8],[19,23,11,7,12,8,16,3,4,15],[11,23,7,8,15,19,3,12,4],[23,19,3,7,8,15,11,4,12],[15,7,3,8,19,11,12,4,23],[15,3,11,12,4,23,7,8,20,19],[7,19,15,23,3,8,11,12,4],[11,23,3,12,4,15,7,8,19],[11,23,7,8,3,12,4,15,19],[11,23,7,12,8,19,3,4,15],[7,3,8,23,11,12,4,15,19],[3,23,15,11,4,12,7,8,19],[19,15,7,11,12,8,3,4,23],[11,3,4,12,7,8,23,19,16,15],[23,11,15,7,12,8,3,4,19],[3,19,15,11,4,12,23,7,8],[11,7,12,8,19,23,3,4,15],[19,23,15,7,4,12],[23,3,7,4,8,19,11,12,15],[11,23,19,7,8,15,3,4,12],[11,7,8,15,23,3,12,4,19],[23,3,15,11,4,12,7,8,19],[15,3,7,4,8,23,19,11,12],[23,3,19,7,4,8,15,11,12],[3,11,4,12,23,8,19,15],[11,3,12,4,24,23,7,8,15,19],[11,23,3,12,4,19,7,8,15],[15,23,11,19,3,4,12,7,8],[7,19,3,8,11,12,4,15,23],[15,3,23,7,8,11,4,12,20,19],[11,16,19,23,3,4,12,7,8,15],[15,19,7,23,11,12,8,3,4],[11,5,7,12,8,23,19,15,3,4],[7,15,23,19,4,11,12,8],[19,11,15,4,7,8,23],[15,23,7,3,4,8,11,12,19],[15,3,23,11,12,4,19,7,8],[3,15,11,12,4,7,8,23,19],[11,2,3,12,4,23,7,8,19],[19,11,23,15,3,12,4,7,8],[7,19,15,11,12,8,3,4,23],[11,19,15,23,7,8,3,12,4],[19,11,23,3,12,4,15,7,8],[11,23,19,8,15,3,4,12],[23,7,19,15,11,8,3,12,4],[19,11,7,12,8,15,23,3,4],[11,7,12,8,15,3,4,23,19],[11,3,4,12,23,19,7,8,15],[23,15,19,11,7,12,8,3,4],[19,11,3,4,12,23,15,7,8],[23,3,12,15,7,4,8,19],[19,3,23,15,12,8],[15,19,11,23,3,12,4,7,8],[23,11,7,8,19,3,12,4,15],[11,16,19,3,12,4,23,7,8,15],[11,15,3,12,4,23,7,8,19],[11,19,23,3,12,4,7,8,15],[3,7,4,8,11,12,19,15,23],[7,3,8,11,4,12,15,19,23],[3,11,12,4,19,15,23,7,8],[19,15,7,11,8,23,3,12,4],[19,7,23,3,4,8,15,11,12],[3,19,15,23,7,8,12],[7,19,15,23,3,8,11,12,4],[15,3,19,23,7,4,8,11,12],[19,15,3,7,8,11,4,12,23],[3,7,8,19,23,11,4,12,14,15],[11,15,23,7,8,19,3,12,4],[19,23,7,15,3,4,8,11,12],[23,11,7,8,3,4,12,19,15],[7,19,15,23,11,12,8,3,4],[19,3,15,12,7,4,8,23],[11,7,8,20,23,3,4,12,15,19],[19,11,15,3,4,12,7,8,23],[11,19,3,12,4,15,23,7,8],[11,3,4,12,19,7,8,23,15],[15,3,19,7,8,11,12,4,23],[3,15,19,11,4,12,23,7,8],[3,15,23,19,7,8,11,12,4],[19,7,3,8,11,12,4,16,23,15],[3,23,19,15,11,4,12,7,8],[15,23,3,19,7,8,11,4,12],[23,11,7,8,3,12,4,15,19],[11,19,15,23,4,7,8],[11,3,4,12,7,8,19,15,23],[15,11,3,12,4,7,8,19,23],[19,7,11,8,15,24,23,3,4,12],[3,11,4,12,8,15,19,23],[15,7,3,4,8,11,12,23,20,19],[3,15,19,23,7,4,8,11,12],[3,19,15,23,7,4,8,11,12],[19,15,7,11,12,8,23,3,4],[15,11,23,3,4,12,19,7,8],[7,4,23,11,8,19,15],[19,11,6,7,12,8,23,3,4,15],[23,7,19,11,12,8,3,4,16,15],[15,23,7,12,19,3,4,8],[7,19,15,23,11,8,3,4,12],[3,19,11,4,12,15,7,8,23],[15,3,11,4,12,23,19,7,8],[19,23,11,7,12,8,16,3,4,15],[19,15,23,3,11,4,12,7,8],[7,15,3,4,8,11,12,23,19],[23,19,11,14,15,7,12,8,3,4],[19,3,11,4,12,7,8,15,23],[23,15,3,19,7,4,8,12],[3,23,11,4,12,7,8,19,15],[11,23,3,4,12,15,19,7,8],[3,11,12,4,19,23,15,8],[11,3,4,12,7,8,15,23,19],[15,11,7,8,4,23,19],[19,23,7,3,4,8,15,11,12],[11,7,12,8,3,4,23,15,19],[7,23,19,16,3,4,8,11,12,15],[23,19,15,11,4,7,8],[7,19,24,23,15,3,8,11,4,12],[3,19,23,7,8,15,11,12,4],[15,23,19,3,7,4,8,11,12],[19,3,23,11,12,4,16,7,8,15],[7,12,15,19,23,3,4,8],[15,7,11,12,8,23,3,4,19],[3,23,15,19,11,12,4,7,8],[3,7,4,8,23,15,19,11,12],[7,19,11,12,8,3,4,15,23],[11,7,8,15,23,3,12,4,19],[15,23,7,11,8,3,4,12,19],[3,12,19,23,15,7,4,8],[19,7,3,4,8,15,11,12,23],[19,3,23,7,4,8,11,12,15],[15,3,23,11,4,12,7,8,19],[11,3,4,12,15,23,19,7,8],[7,23,3,8,11,12,4,15,19],[7,11,12,8,3,4,19,23,15],[11,19,7,12,8,3,4,15,23],[7,3,8,15,11,4,12,19,23],[19,15,7,11,12,8,3,4,23],[7,11,12,8,23,15,3,4,19],[3,7,4,8,11,12,15,23,20,19],[15,3,23,19,7,4,8,11,12],[15,3,7,4,8,19,11,12,23],[23,15,7,3,8,11,12,4,19],[3,23,19,15,7,8,11,4,12],[3,15,7,8,11,4,12,23,19],[23,19,3,15,7,8,11,12,4],[11,3,4,12,7,8,15,19,23],[23,19,3,7,4,8,11,12,15],[15,23,19,3,7,8,11,4,12],[7,15,19,3,8,11,12,4,23],[15,3,19,23,7,4,8,11,12],[3,23,15,19,11,4,12,7,8],[11,19,3,4,12,7,8,23,15],[7,23,11,12,8,15,19,3,4],[11,4,23,15,19,7,8],[11,7,8,3,12,4,19,23,15],[11,15,21,3,4,12,7,8,19],[7,15,23,3,8,19,11,4,12],[15,23,3,11,4,12,8,19],[23,19,3,15,11,4,12,7,8],[23,11,17,7,8,3,4,12,15,20,19],[19,23,7,11,8,15,3,12,4],[23,3,19,11,12,4,15,7,8],[23,15,7,12,3,4,8,19],[15,19,23,11,3,12,4,7,8],[15,11,3,4,12,7,8,20,23,19],[19,23,11,3,4,12,7,8,15],[7,3,4,8,15,23,11,12,19],[3,7,4,8,23,15,19,11,12],[19,15,11,7,8,24,23,3,4,12],[3,11,4,12,15,23,19,8],[23,7,11,8,15,3,12,4,19],[19,11,23,7,8,15,3,4,12],[15,3,12,7,8,23,19],[23,19,15,3,11,12,4,7,8],[3,19,23,7,8,11,4,12,16,15],[7,24,23,12,3,4,8,19,15],[15,7,3,8,11,12,4,23,19],[15,23,11,7,12,8,19,3,4],[11,15,19,23,3,4,12,7,8],[7,12,23,4,15,19],[23,19,11,7,12,8,15,3,4],[11,7,12,8,4,15,19,23],[19,3,23,7,4,8,15,11,12],[19,11,15,3,4,12,23,7,8],[19,7,15,3,4,8,11,12,23],[19,11,23,15,7,8,3,4,12],[7,23,11,8,19,3,4,12,15],[23,15,7,19,11,8,3,4,12],[11,23,3,4,12,15,19,7,8],[7,11,12,8,15,23,3,4,19],[19,11,23,3,12,4,7,8,15],[11,3,12,4,15,19,7,8,23],[11,19,22,16,3,4,12,7,8,15],[23,7,19,3,8,11,4,12,15],[11,15,7,12,8,23,4,19],[7,15,23,19,3,8,11,4,12]],"n_human":18}