{"problem_id":"hU4RqRa2THhvilu","sigma":75,"alpha":3.162,"cost":0,"probabilities":"[0.13, 0.45, 0.19, 0.23]","payoff_matrix":"[[-72, 1, 15, -20, -10, 85], [-123, -76, 76, -50, 27, 52], [11, 102, 73, 16, -30, 47], [5, -81, -72, -54, 49, -70]]","uncovered":[[14,2,18,22,10,24,6],[18,6,22,14,2,10,23,12],[2,14,18,22,10,24,6],[14,22,2,18,6,10,11],[14,18,22,2,6,10,24],[6,22,2,18,10,24,14],[2,14,22,10,12,18,6,24,20],[18,14,2,6,22,10,12,24,20],[18,2,10,6,14,21,22,12],[10,22,24,18,14,2,6],[2,14,22,18,10,23,12,6],[6,14,22,18,2,10,12,24,20],[2,6,22,10,12,18,14,24,20],[14,6,2,10,22,12,18,24,20],[10,2,22,24,14,18,6],[2,10,14,22,12,18,6,23],[10,22,24,6,18,2,14],[10,2,14,6,22,12,18,24,20],[14,22,6,2,10,12,18,24,20],[22,6,18,2,10,24,14],[14,10,6,18,22,12,2,23],[18,14,2,22,6,10,24],[6,2,10,14,22,24],[6,18,22,10,24,14,2],[2,10,22,12,6,18,14,23],[10,18,14,2,6,22,12,24,20],[6,14,10,22,12,2,18,24,19],[6,10,2,14,18,22,11],[10,2,14,18,6,22,12,24,20],[10,6,18,22,24,2,14],[22,6,18,10,24,14,2],[22,14,6,2,18,10,11],[2,6,14,10,18,22,12,24,20],[22,2,10,24,18,14,6],[6,14,2,18,10,22,24],[14,22,2,6,10,24],[10,22,24,2,18,14,6],[18,10,14,2,6,22,23,12],[2,14,10,18,6,22,24],[2,6,22,18,10,12,14,24,20],[18,22,6,2,10,24,14],[14,18,6,2,22,10,12,24,20],[2,10,14,18,22,24,6],[6,14,10,2,22,12,18,24,20],[6,2,18,14,10,22,24],[14,6,22,18,10,12,2,24,19],[10,6,18,1,22,24,14],[2,18,14,6,22,10,12,24,20],[14,22,6,2,10,11],[6,2,14,22,10,23,12,18],[18,14,22,10,23,12,6,2],[10,2,14,18,22,24,6],[18,22,2,6,14,10,24],[18,10,14,2,22,24,6],[2,22,10,11],[2,18,22,14,10,23,12,6],[22,2,6,10,12,18,14,24,20],[2,22,10,11],[6,14,2,18,10,22,11],[22,2,10,12,6,18,14,24,19],[14,6,2,22,10,12,18,24,20],[2,18,6,10,22,12,14,23],[10,6,18,2,22,12,14,24,20],[6,14,2,10,22,12,18,24,20],[22,6,2,18,10,12,14,24,20],[10,2,6,22,24,18,14],[10,6,18,22,11],[2,10,18,14,6,22,24],[10,18,2,14,22,23,12,6],[22,14,18,10,12,2,6,24,20],[14,22,18,10,24,6,2],[22,14,6,10,12,18,2,24,20],[22,14,10,24,6,18,2],[6,18,10,14,22,12,2,24,20],[18,14,10,2,22,12,6,24,20],[6,14,22,18,10,12,2,24,19],[2,18,22,14,10,24,6],[14,10,18,6,2,22,24],[22,2,14,18,10,24,6],[6,18,2,14,22,10,11],[6,18,22,2,14,10,12,24,20],[18,22,10,11],[10,6,2,18,14,22,24],[22,6,18,14,10,24,2],[6,14,2,10,22,12,18,24,20],[22,18,2,10,12,14,6,24,20],[22,10,12,14,18,6,2,24,20],[18,22,6,10,11],[14,10,18,22,24,2,6],[18,22,6,2,10,24,14],[22,2,10,12,6,18,14,23],[6,22,18,14,2,10,11],[22,14,10,24,20,18,11],[2,10,6,18,22,12,14,24,20],[2,6,10,22,23,12,14,18],[18,2,22,10,11],[6,10,2,14,18,22,21,12],[2,10,6,22,24,18,14],[18,22,2,14,10,23,12,6],[6,22,2,10,24,14],[14,18,10,22,12,6,2,24,20],[14,18,10,6,22,24,2],[22,10,23,12,2,6,18,14],[14,10,22,11],[22,10,12,6,2,14,18,23],[18,22,14,10,12,6,2,24,20],[10,2,14,22,11],[6,14,10,2,22,24],[6,2,10,18,14,22,12,24,20],[22,14,2,10,11],[18,6,22,2,14,10,11],[2,22,10,11],[22,6,18,14,2,10,23,12],[14,2,22,10,24,18,6],[14,2,10,18,6,22,24],[14,6,10,18,2,22,24],[22,18,6,14,2,10,24],[6,14,10,22,12,18,2,24,20],[14,22,6,10,12,2,18,24,20],[2,10,6,22,12,14,18,24,20],[10,22,12,2,18,6,14,24,20],[2,10,18,6,14,22,12,24,20],[22,6,14,18,2,10,12,24,20],[10,6,22,24,18,2,14],[14,6,2,22,18,10,24],[10,14,2,18,6,22,24],[10,2,6,14,22,11],[6,14,18,10,2,22,24],[14,10,22,11],[10,22,24,7,6,14,2],[18,2,6,22,10,12,14,24,20],[14,10,6,22,12,18,2,24,20],[18,14,22,6,10,12,2,24,20],[6,14,22,2,18,10,24],[2,6,10,14,18,22,24],[18,14,2,22,6,10,12,23],[2,14,6,10,18,22,24],[18,10,22,11],[14,10,2,18,6,22,12,24,20],[10,22,24,18,2,6,14],[2,22,6,10,11],[6,18,2,22,14,10,12,24,20],[2,22,6,18,14,10,11],[10,14,22,12,6,18,2,24,20],[18,6,10,15,2,22,23,12,14],[14,22,2,6,10,11],[2,22,6,14,10,11],[18,10,14,2,22,24,6],[14,22,2,6,18,10,24],[18,10,2,22,23,12,14,6],[14,6,10,2,22,12,18,24,20],[22,2,6,14,10,12,18,24,20],[2,14,10,6,18,22,12,24,20],[10,18,22,12,6,2,14,24,20],[6,18,10,2,21,22,12,14],[18,10,6,22,12,14,2,24,20],[18,14,22,2,10,24,6],[6,2,10,18,14,22,24],[10,2,14,18,6,22,24],[22,6,2,10,12,14,18,24,20],[10,2,14,18,6,22,12,21],[10,14,22,24,18,6,2],[10,14,18,6,22,24,2],[2,6,14,18,10,22,24],[2,18,14,6,22,10,24],[10,5,2,14,22,12,18,6,24,20],[22,14,18,2,10,23,12,6],[2,14,22,6,18,10,24],[14,22,6,18,10,24,2],[2,10,6,18,14,22,12,24,20],[18,6,10,14,22,24,2],[2,22,6,14,18,10,24],[18,2,14,22,6,10,12,24,19],[2,18,10,14,6,22,24],[10,22,24,18,2,6,14],[2,6,18,22,10,12,14,23],[10,6,2,22,24,18,14],[22,14,10,12,2,6,18,23],[22,2,14,18,10,24,6],[14,22,6,10,12,2,18,24,19],[22,6,14,18,10,24,2],[10,18,22,12,14,6,2,24,20],[18,6,22,10,24,2,14],[22,2,18,14,10,9,23,12,6],[18,14,2,10,22,12,6,24,20],[10,22,24,2,14,18,6],[2,22,10,24,6,18,14],[2,22,18,10,12,14,6,24,20],[6,22,14,18,2,10,24],[14,2,22,18,6,10,24],[2,14,22,10,12,6,18,24,20],[10,2,22,24,18,6,14],[18,22,10,12,14,6,2,24,20],[6,18,10,14,2,22,24],[10,2,22,12,6,14,18,24,20],[14,6,18,22,2,10,24],[22,6,18,10,12,14,2,24,20],[18,2,14,10,6,22,24],[6,22,14,2,10,24],[18,6,22,10,12,2,14,24,20],[22,18,2,10,24,14,6],[14,18,6,22,2,10,12,24,20],[22,10,24,14,18,6,2],[22,18,2,10,12,14,6,24,20],[18,22,10,12,6,2,14,24,20],[18,2,14,6,10,24],[6,2,14,22,18,10,24],[18,22,6,10,12,14,2,24,20],[10,6,22,12,18,14,2,24,20],[14,18,22,10,12,6,2,24,20],[22,6,10,24,14,18,2],[14,18,6,10,22,12,2,24,20],[10,14,6,2,22,24],[2,18,22,14,10,24,6],[14,10,18,21,22,12,2,6],[6,14,22,2,18,10,12,24,20],[10,22,24,14,18,6,1],[10,6,18,2,22,12,14,24,20],[10,18,22,12,14,2,6,24,20],[2,22,6,10,24,14],[2,18,6,10,22,23,12,14],[10,14,18,2,22,23,12,8],[2,18,22,6,10,12,14,24,20],[6,14,18,22,10,24,2],[10,2,6,18,14,22,12,24,20],[18,10,22,12,6,14,2,24,20],[14,18,2,10,22,24,6],[10,18,22,24,6,2,14],[6,10,22,12,2,18,14,24,20],[6,14,10,18,2,22,24],[6,2,22,18,10,24,14],[22,18,10,12,2,6,14,24,19],[14,6,10,22,24,18,2],[22,6,18,10,11],[2,6,10,22,24,18,14],[14,10,22,24,6,2],[2,6,14,18,22,10,24],[22,2,18,14,10,12,6,24,19],[14,6,18,10,22,12,2,23],[18,22,10,12,6,14,2,24,19],[10,6,14,22,23,12,18,2],[14,6,10,2,18,22,12,24,20],[18,10,22,24,14,6,2],[22,14,18,10,12,2,6,24,20],[18,14,6,2,22,10,24],[18,22,14,10,12,2,6,24,20],[14,22,6,10,11],[2,10,22,24,18,14,6],[18,6,22,14,2,10,12,24,20],[2,18,22,10,24,6,14],[10,22,9,24,14,18,2],[22,6,10,24,2,14],[10,2,6,14,22,12,18,24,20],[22,6,18,14,10,12,2,24,20],[2,10,18,14,22,23,12,6],[18,14,10,22,11],[14,10,6,2,18,22,12,24,19],[2,18,22,6,14,10,24],[18,10,14,6,22,12,2,23],[14,10,2,6,18,22,24],[2,14,10,6,18,22,24],[6,18,14,10,22,24,2],[22,6,2,14,18,10,12,24,20],[18,6,22,2,10,24,14],[6,18,14,22,2,10,24],[10,14,6,22,24,2],[6,10,2,18,22,11],[6,18,2,22,10,24,14],[2,6,22,10,24,18,14],[2,6,14,22,10,24],[22,18,2,10,24,6,14],[22,14,6,18,2,10,24],[18,22,10,24,6,2,14],[2,14,6,22,18,10,11],[6,10,14,2,22,24],[10,14,22,12,6,2,18,23],[18,6,22,10,24,14,2],[6,14,2,22,10,24],[6,14,18,10,2,22,12,24,20],[10,22,12,6,14,2,18,24,20],[6,22,18,2,10,24,14],[2,18,6,22,14,10,24],[6,14,18,10,2,22,12,24,20],[14,22,18,6,10,12,2,24,19],[22,10,24,18,2,6,14],[22,2,18,6,10,12,14,24,19],[14,10,18,2,22,12,6,24,20],[22,6,14,2,10,12,18,24,20],[6,18,14,22,2,10,24],[22,14,2,6,18,10,24],[18,22,14,6,2,10,24],[6,18,10,14,22,24,2],[14,18,10,6,22,12,2,24,20],[18,22,6,14,2,10,24],[14,22,10,24,18,6,2],[2,18,10,6,14,22,11],[18,6,14,2,22,10,12,24,20],[6,22,14,10,24,18,2],[6,18,10,22,12,14,2,24,20],[14,22,6,10,12,2,18,24,20],[14,18,6,2,22,10,12,24,20],[14,10,2,22,24,6],[14,22,18,2,6,10,12,24,20],[10,6,22,24,18,2,14],[6,2,14,22,10,24],[14,18,10,2,6,22,12,23],[18,6,14,22,2,10,12,24,20],[22,14,6,18,10,24,2],[18,6,14,2,22,10,12,24,20],[10,14,18,2,6,22,24],[10,22,23,12,2,6,14,18],[18,6,2,14,10,22,24],[22,10,23,12,2,18,6,14],[6,2,14,18,10,22,24],[10,6,2,22,12,14,18,24,20],[10,18,2,22,11],[14,18,6,10,2,22,12,24,20],[6,2,22,14,18,10,12,24,20],[2,14,6,10,18,22,12,24,20],[14,22,6,2,10,24],[22,18,14,2,10,12,6,24,20],[10,2,22,12,18,14,6,24,20],[22,18,14,6,10,24,2],[14,18,6,22,2,10,24],[14,6,2,22,10,23,12,18],[2,6,22,10,24,18,14],[6,22,10,23,12,2,14,18],[10,22,24,14,18,6,2],[18,6,22,14,2,10,23,12],[22,2,14,18,6,10,24],[22,18,6,2,14,10,12,24,20],[14,18,2,6,22,10,12,24,20],[22,18,6,10,12,14,2,24,20],[14,2,18,6,10,22,12,23],[14,22,6,10,12,18,2,24,20],[22,14,10,24,2,6],[18,10,2,22,24,6,15,14],[18,14,2,22,10,24,6],[6,14,18,22,10,24,2],[10,14,18,22,24,2,6],[10,18,22,12,14,6,2,24,20],[18,2,6,22,10,23,11],[6,22,10,24,2,14],[14,10,6,2,22,12,18,24,20],[6,14,22,2,18,10,23,12],[2,10,6,14,18,22,24],[22,18,14,2,10,24,6],[22,14,2,6,18,10,24],[14,6,22,18,10,12,2,24,20],[18,10,22,24,14,2,6],[6,22,10,12,18,14,2,24,20],[14,22,18,10,23,11],[10,14,6,18,22,24,2],[14,10,2,18,22,12,6,24,20],[10,18,14,2,6,22,12,24,20],[22,6,2,10,24,18,14],[22,2,18,10,12,6,14,24,20],[22,6,18,10,12,14,2,24,20],[14,22,10,12,2,18,6,24,20],[14,6,2,22,10,24],[22,6,18,2,10,12,14,24,20],[14,18,22,2,10,12,6,24,20],[14,2,18,10,22,24,6],[6,10,14,18,22,24,2],[14,10,6,18,22,12,2,24,20],[22,10,24,14,2,6],[14,18,10,22,24,2,6],[22,10,12,18,14,6,2,24,20],[6,10,18,22,12,2,14,24,20],[22,18,2,10,24,6,14],[6,10,2,18,22,12,14,24,17,20],[18,2,10,22,12,6,14,24,20],[18,2,10,6,22,11],[2,10,6,14,22,24],[6,14,22,10,24,20,18,12,2],[6,14,2,18,22,10,11],[10,14,22,24,2,6],[10,18,6,2,14,22,9],[2,10,14,18,22,24,6],[2,10,22,12,14,6,18,24,20],[10,14,6,2,22,12,18,24,19],[22,18,6,14,10,24,2],[2,10,14,6,22,12,18,24,20],[2,14,10,18,22,11],[22,10,24,2,18,6,14],[6,18,14,2,22,10,24],[2,10,6,19,22,12,14,24,18],[18,6,10,14,2,22,12,24,20],[14,10,6,18,2,22,12,24,20],[14,6,22,18,2,10,24],[6,10,14,17,3,22,12,2,24,18,20],[10,14,6,18,22,12,2,24,20],[14,22,6,2,18,10,12,24,20],[2,10,14,6,17,22,24],[14,18,2,10,22,12,6,24,20],[10,6,14,18,2,22,24],[10,6,14,3,18,22,12,2,24,20],[6,14,18,10,2,22,12,24,20],[6,22,18,14,10,12,2,24,20],[2,14,6,18,22,10,24],[2,18,6,22,10,24,14],[6,10,22,12,2,18,14,24,20],[22,14,6,18,10,11],[14,22,2,18,6,10,24],[18,22,6,10,23,12,14,2],[2,18,14,10,6,22,24],[18,2,6,10,14,22,11],[2,6,18,10,14,22,12,23],[22,6,14,10,24,18,2],[22,14,2,6,10,23,12,18],[6,14,10,18,22,11],[2,18,10,14,6,22,12,24,20],[2,22,6,18,14,10,24],[22,6,18,2,10,24,14],[18,2,10,22,24,6,14],[22,10,12,18,14,6,2,24,20],[14,10,18,6,22,24,2],[18,10,2,6,22,24,14],[22,18,10,24,6,2,14],[14,10,18,6,22,24,2],[10,22,23,12,2,18,14,6],[14,2,18,22,10,24,6],[14,2,6,22,10,24],[10,2,18,6,22,12,14,24,20],[6,22,18,14,10,24,2],[2,22,18,6,10,11],[6,14,10,2,18,22,12,24,20],[14,18,10,2,6,22,11],[10,18,6,2,14,22,24],[10,14,2,6,22,12,18,23],[14,18,22,2,10,12,6,24,20],[14,18,6,22,2,10,24],[6,14,10,22,24,18,2],[22,6,14,18,2,10,24],[14,10,18,6,2,22,12,24,20],[2,18,6,10,14,22,24],[22,2,10,24,18,6,14],[18,6,14,2,22,10,11],[18,10,6,14,2,22,12,24,20],[6,22,2,18,14,10,24],[22,14,18,10,12,2,6,24,20],[18,6,22,10,12,2,14,24,20],[6,22,18,14,10,24,2],[6,10,2,18,22,24,14],[14,2,22,18,6,10,12,24,19],[18,14,6,10,2,22,24],[6,14,10,22,24,2],[6,2,18,14,10,22,12,24,20],[10,14,22,12,6,2,18,24,20],[22,10,12,2,6,14,18,24,20],[6,10,2,22,23,12,14,18],[2,22,18,14,6,10,12,24,20],[6,14,18,22,10,24,2],[6,2,18,14,22,10,23,12],[22,10,12,2,6,18,14,24,20],[22,18,2,10,12,6,14,24,19],[22,6,18,10,12,14,2,24,19],[18,10,14,7,6,22,24,2],[6,10,18,22,12,14,2,24,20],[18,14,10,6,2,22,24],[2,6,18,10,22,12,14,24,20],[22,18,14,10,12,6,2,24,20],[14,18,6,10,22,24,2],[10,14,22,24,18,6,2],[2,14,22,6,18,10,24],[18,14,6,22,2,10,12,24,20],[18,22,6,10,12,14,2,24,20],[2,22,18,14,10,12,6,24,20],[18,6,14,2,10,22,24],[18,22,2,14,10,12,6,24,20],[10,2,22,12,14,18,6,24,20],[18,14,10,2,22,12,6,24,20],[2,22,14,18,10,24,6],[22,10,24,14,6,2],[18,6,2,14,22,10,12,24,20],[18,2,10,6,14,22,24],[14,18,6,10,22,24,2],[10,18,2,6,22,24,14],[10,18,6,2,14,22,12,24,20],[18,22,14,10,12,6,2,24,19],[10,14,22,12,6,18,2,24,20],[14,2,6,10,22,12,18,24,20],[22,18,2,14,6,10,12,23],[10,22,23,12,2,14,6,18],[22,18,14,6,10,12,2,24,20],[14,2,10,22,24,18,6],[10,18,6,14,2,22,23,12],[10,6,14,22,12,18,2,24,20],[6,2,18,10,14,22,12,24,20],[2,18,22,14,10,12,6,24,19],[14,18,6,10,22,24,2],[18,22,6,10,9,24,2],[6,2,10,14,18,22,24],[18,2,14,22,10,24,6],[14,10,22,12,2,6,18,24,20],[14,2,18,22,10,11],[2,18,10,14,6,22,24],[2,6,22,10,23,12,18,14],[6,14,18,22,10,24,2],[14,22,6,18,10,24,2],[14,2,22,10,24,6],[10,18,6,22,12,14,2,24,20],[14,6,18,10,22,24,2],[6,18,2,22,14,10,24],[14,10,2,18,6,22,12,24,20],[6,2,14,22,10,24],[10,2,14,6,22,12,18,24,19],[22,14,18,2,10,12,6,24,20],[6,14,10,22,24,18,2],[10,18,14,2,6,22,23,11],[18,6,14,10,2,22,12,24,20],[22,14,2,10,12,18,6,24,20],[18,6,10,14,2,22,12,24,20],[14,22,6,18,2,10,12,24,20],[10,18,6,14,22,24,2],[6,14,18,10,2,22,12,24,20],[22,6,18,2,14,10,24],[14,10,18,22,24,6,2],[14,2,10,6,18,22,24],[22,6,2,10,12,18,14,24,20],[22,14,18,2,6,10,24],[22,6,14,18,2,10,12,24,19],[6,22,18,14,10,12,2,24,20],[6,18,2,10,14,22,9],[2,18,14,6,22,10,24],[18,6,2,10,22,24,14],[10,2,14,22,24,6],[2,14,6,18,10,24],[14,22,10,11],[2,18,22,6,10,12,14,24,20],[6,14,2,18,10,22,24],[14,22,18,2,6,10,12,24,20],[18,14,22,10,24,2,6],[6,14,22,2,10,24],[14,18,10,22,12,2,6,24,20],[6,14,18,22,2,10,12,24,20],[14,6,10,18,2,22,12,24,20],[18,2,14,10,6,22,12,24,20],[18,2,22,6,10,12,14,24,20],[2,18,10,22,24,6,14],[18,14,22,10,23,12,2,6],[22,6,18,2,14,10,24],[18,2,10,14,6,22,12,24,20],[2,14,6,22,10,12,18,24,20],[22,10,24,6,18,2,14],[6,10,22,24,2,18,14],[22,14,10,23,12,6,2,18],[18,2,14,6,22,10,24],[2,18,10,6,22,24,14],[22,6,2,14,18,10,24],[10,2,14,22,24,18,6],[14,2,6,10,22,12,18,24,20],[18,6,10,22,24,2,14],[14,2,18,10,6,22,11],[22,6,18,2,10,24,14],[6,22,10,24,14,2],[6,2,22,18,14,10,12,24,20],[14,10,22,24,6,2],[6,18,14,10,2,22,24],[2,14,18,10,6,22,24],[10,14,6,22,12,18,2,24,19],[18,10,6,14,22,24,2],[14,10,2,6,18,22,12,24,20],[6,14,22,10,24,18,2],[2,18,22,10,24,14,6],[6,14,22,2,18,10,11],[2,14,6,10,18,22,24],[6,2,22,14,18,10,23,12],[18,14,22,6,10,24,2],[10,18,6,2,22,24,14],[18,14,2,6,10,22,23,12],[14,6,2,18,10,22,11],[22,2,14,18,10,24,6],[14,18,10,22,24,6,2],[22,10,12,2,14,18,6,24,20],[6,10,22,12,2,14,18,24,20],[10,14,22,24,2,18,6],[2,10,22,24,14,18,6],[2,6,14,18,10,22,24],[6,18,22,14,10,12,2,24,20],[2,10,6,14,18,22,12,24,20],[6,18,14,22,10,11],[14,2,6,22,18,10,12,24,19],[2,14,18,10,22,12,6,24,20],[2,14,10,6,18,22,12,24,20],[22,14,6,10,11],[18,2,6,22,10,12,14,24,20],[10,6,14,2,18,22,24],[10,18,14,2,6,22,12,24,20],[2,14,22,18,6,10,24],[18,22,10,24,6,14,2],[2,18,10,22,12,6,14,23],[22,10,24,18,6,14,2],[10,14,18,22,24,2,6],[18,14,2,10,7,6,22,11],[18,2,22,14,6,10,12,24,20],[2,10,22,24,14,18,6],[22,14,6,18,2,10,24],[6,10,2,14,22,12,18,24,19],[14,10,22,12,18,2,6,24,20],[22,10,12,6,14,18,2,24,20],[18,10,22,24,6,14,2],[14,18,10,22,24,2,6],[2,10,18,6,22,12,14,24,20],[2,18,10,22,12,14,6,24,20],[22,10,12,2,18,14,6,24,20],[6,2,10,22,12,18,14,24,20],[6,14,18,10,2,22,24],[2,14,6,18,22,10,24],[6,22,2,10,24,18,16],[14,6,18,2,22,10,24],[22,2,10,24,6,14],[6,22,18,14,2,10,12,24,20],[6,14,10,18,2,22,12,24,20],[10,22,24,18,14,6,2],[14,6,22,18,10,12,2,24,20],[2,14,10,18,6,22,12,24,20],[14,10,22,11],[10,6,18,14,22,24,2],[6,2,18,14,22,10,24],[18,6,14,22,10,24,4],[14,10,22,9,24,18,6],[22,10,24,2,6,18,14],[6,14,2,10,22,24],[2,18,10,22,12,6,14,24,20],[6,2,22,18,14,10,24],[22,10,24,14,18,6,2],[2,14,10,22,12,6,18,24,20],[10,14,22,24,18,6,2],[22,18,14,10,12,2,6,24,20],[10,18,22,23,12,2,14,6],[22,2,14,10,12,6,18,24,20],[18,2,14,6,22,10,12,24,20],[2,10,6,18,22,24,14],[14,10,2,18,22,24,6],[22,18,2,14,10,12,6,24,19],[2,14,6,18,10,22,12,23],[10,14,4,22,24,18,6],[14,2,10,18,6,22,11],[10,18,6,22,11],[6,14,2,10,22,24],[14,6,2,10,18,22,12,24,20],[2,18,6,22,10,12,14,24,19],[18,6,10,22,24,4,14],[18,14,6,22,2,10,12,23],[6,14,22,18,10,23,12,2],[14,22,6,18,10,12,2,24,20],[2,10,22,12,14,18,6,24,20],[10,18,2,6,14,22,24],[2,18,14,22,10,12,6,24,20],[18,14,2,6,22,10,24],[14,6,22,18,10,12,2,24,20],[18,6,14,22,10,12,2,24,20],[2,14,18,10,6,22,12,24,20],[6,18,2,10,14,22,11],[22,18,6,10,11],[2,14,6,18,10,22,12,23],[10,18,6,14,2,22,12,24,20],[10,2,18,22,24,14,6],[6,2,18,22,14,10,24],[10,2,22,12,18,14,6,24,20],[6,14,18,10,22,24,2],[10,18,6,2,22,24,14],[6,14,2,10,22,24],[22,2,6,14,10,12,18,24,20],[10,18,6,2,22,9,24],[14,22,2,18,6,10,12,24,20],[18,6,10,22,23,12,2,14],[10,14,6,18,22,24,2],[18,2,22,14,6,10,12,24,20],[6,10,22,24,18,14,2],[22,6,2,14,10,12,20,18,24],[18,14,2,10,6,22,12,24,20],[6,22,10,12,14,2,18,24,20],[2,22,6,18,14,10,24],[2,6,10,22,24,14],[2,18,6,14,10,22,24],[18,2,10,22,12,6,14,24,20],[6,14,18,2,22,10,24],[2,10,14,22,12,18,6,24,20],[6,22,2,14,18,10,24],[14,6,10,2,22,12,18,24,20],[6,14,18,22,2,10,12,24,20],[14,2,22,6,10,12,18,23],[22,18,14,10,12,2,6,24,19],[2,6,10,22,12,18,14,24,20],[22,2,18,10,12,14,6,24,20],[14,2,22,10,12,18,6,24,20],[22,10,12,6,18,14,2,24,20],[6,10,22,12,18,2,14,24,20],[6,2,10,14,22,24],[22,10,12,6,14,2,18,23],[18,2,14,6,22,10,12,24,20],[6,22,10,12,14,2,18,24,19],[2,22,10,12,14,6,18,24,20],[14,18,22,6,10,24,2],[18,14,6,2,10,22,24],[18,2,10,14,22,24,6],[14,2,10,22,24,18,6],[18,10,2,22,24,14,6],[18,22,2,10,24,6,14],[22,6,18,14,10,12,2,24,20],[22,14,2,10,24,6],[14,22,18,6,10,24,2],[22,14,18,2,10,24,6],[18,22,10,12,6,14,2,24,20],[6,18,2,22,14,10,24],[6,14,10,18,2,22,24],[2,6,18,14,22,10,24],[2,6,10,22,24,14],[2,18,6,22,14,10,24],[6,22,10,24,14,2],[10,18,14,6,2,22,24],[6,2,18,14,22,10,24],[6,22,18,2,14,10,23,12],[14,2,22,18,6,10,12,24,20],[14,22,2,6,18,10,24],[10,18,6,22,24,2,14],[18,6,10,2,14,22,24],[6,18,14,10,2,22,24],[18,6,22,14,2,10,11],[2,22,10,12,6,18,14,24,20],[22,6,14,10,12,2,18,24,20],[18,10,22,12,6,2,14,24,20],[14,10,6,18,2,22,24],[6,18,22,10,12,14,2,24,20],[22,10,12,14,6,18,2,24,20],[6,2,10,14,18,22,23,12],[2,10,22,12,18,14,6,24,20],[22,18,6,14,10,11],[2,18,14,10,22,24,6],[14,6,2,18,10,22,23,12],[22,6,2,18,14,10,12,23],[2,18,10,22,12,14,6,24,20],[10,14,2,18,6,22,24],[6,14,18,10,2,22,23,12],[10,6,22,12,14,2,18,24,20],[14,2,18,22,6,10,12,24,20],[14,6,2,18,22,10,24],[18,22,2,14,6,10,24],[22,18,10,23,12,6,14,4,2],[22,2,14,10,24,6],[6,18,22,2,14,10,24],[22,18,10,11],[6,18,22,2,10,23,12,14],[22,6,14,18,10,12,2,23],[22,14,2,6,10,12,18,24,20],[10,6,22,11],[18,6,10,2,14,22,24],[14,10,6,2,22,12,18,24,20],[22,2,10,24,14,18,6],[18,10,2,6,22,11],[18,14,2,6,22,10,24],[22,10,24,6,14,18,2],[14,18,2,22,10,11],[2,22,18,14,10,12,6,24,20],[22,10,12,2,6,14,18,24,20],[18,14,2,10,22,11],[18,2,6,14,10,22,12,24,20],[10,6,14,2,18,22,12,23],[6,2,22,14,10,12,18,24,20],[22,10,24,2,14,18,6],[2,10,18,22,12,14,6,24,19],[10,18,14,2,23,22,12,6],[10,6,14,2,18,22,12,24,19],[22,14,2,6,18,10,24],[2,6,22,10,23,11],[14,22,18,2,10,12,6,24,20],[18,22,14,10,12,6,2,21],[18,10,22,12,2,6,14,24,19],[10,14,22,12,2,6,18,24,20],[10,6,22,12,18,14,2,24,20],[18,22,2,14,10,12,6,24,19],[6,2,18,22,14,10,12,24,20],[2,14,10,6,22,12,18,24,20],[22,14,18,10,12,6,2,24,20],[6,14,10,2,22,24],[14,6,22,2,18,10,12,24,20],[18,10,22,24,14,6,3,2],[2,18,10,14,22,12,6,24,20],[6,18,14,2,22,10,11],[6,2,14,22,10,12,18,24,20],[22,18,10,24,14,2,6],[6,14,10,2,18,22,24],[18,22,14,2,6,10,12,24,20],[22,6,2,14,18,10,12,24,19],[14,6,18,10,2,22,24],[18,22,14,2,6,10,12,24,20],[14,6,22,18,10,12,2,24,20],[22,2,14,18,6,10,12,24,20],[22,10,24,14,2,6],[22,2,6,18,14,10,24],[2,14,10,6,22,12,18,24,17,20],[2,10,14,22,12,18,6,24,20],[6,14,10,22,12,18,2,24,19],[18,10,2,6,22,11],[18,14,22,2,6,10,24],[10,6,22,12,2,18,14,24,20],[10,6,22,24,18,2,14],[2,6,22,10,12,18,14,24,20],[18,14,22,6,2,10,24],[10,6,22,24,18,14,2],[6,18,14,10,2,22,24],[14,18,6,22,10,24,2],[14,22,10,11],[10,14,8,18,2,22,24],[14,22,18,2,6,10,24],[6,14,22,2,10,23,12,18],[6,10,14,2,22,24],[14,18,22,6,2,10,12,24,19],[18,10,14,22,12,2,6,24,20],[6,2,18,10,14,22,12,24,20],[10,18,22,24,14,2,6],[22,6,18,2,10,12,14,24,20],[10,14,22,12,6,18,2,24,19],[2,6,18,10,14,22,24],[2,22,10,24,14,6],[6,2,10,22,12,14,18,24,20],[14,22,18,10,12,2,6,21],[2,18,10,6,22,12,14,24,20],[18,22,2,6,10,12,14,24,20],[10,22,12,6,14,18,2,24,19],[2,10,18,14,6,22,12,24,20],[14,6,10,18,2,22,24],[6,18,22,14,10,23,12,2],[14,22,2,18,10,24,6],[18,6,2,10,14,22,24],[10,2,18,22,12,14,6,23],[18,10,22,12,6,2,14,24,20],[18,22,14,2,6,10,24],[18,6,22,10,12,2,14,24,20],[22,2,14,6,18,10,24],[14,6,18,22,2,10,12,24,19],[10,6,14,22,12,18,2,24,20],[10,22,12,6,2,14,18,24,20],[14,10,6,22,12,18,2,24,20],[18,22,6,10,24,2,14],[6,18,22,14,2,10,12,24,20],[6,14,10,18,2,22,24],[10,14,2,22,24,18,6],[18,22,6,14,10,12,2,24,20],[2,14,10,6,18,22,24],[10,22,12,14,18,2,6,24,20],[18,22,14,2,6,10,24],[2,22,14,10,24,18,6],[2,18,6,14,10,22,24],[14,2,18,22,6,10,12,24,20],[6,18,10,22,12,14,2,24,20],[10,22,24,6,2,14],[10,18,22,12,6,2,14,24,20],[2,6,14,18,10,22,12,24,20],[14,2,22,6,18,10,24],[22,2,14,18,10,24,6],[22,6,10,24,2,18,14],[14,18,2,10,6,22,23,12],[22,14,18,6,10,24,2],[10,6,14,18,22,12,2,24,20],[2,22,6,14,18,10,24],[2,10,18,14,6,22,24],[10,2,24,18,6,14],[2,6,22,14,18,10,12,24,20],[10,6,2,14,18,22,24],[18,6,22,14,2,10,12,24,20],[22,2,10,24,18,14,6],[2,22,6,10,12,14,18,24,20],[10,6,14,18,22,12,2,23],[6,10,2,14,22,24],[22,6,2,14,18,10,24],[22,18,6,10,12,2,14,24,20],[22,6,2,18,14,10,12,24,20],[10,6,22,24,2,18,14],[6,10,14,2,22,12,18,24,20],[18,22,10,12,2,14,6,24,20],[6,14,18,10,2,22,24],[18,2,6,10,14,22,12,24,20],[18,2,6,10,16,22,12,24,20,19,11],[10,18,2,14,6,22,24],[2,18,6,14,22,10,24],[22,6,2,18,10,24,14],[2,6,18,14,22,10,24],[22,6,2,18,10,23,12,14],[2,10,14,6,18,22,12,24,20],[2,6,14,18,10,22,24],[18,22,6,14,2,10,12,24,20],[14,6,22,18,10,11],[14,6,10,22,24,18,2],[10,6,22,24,18,2,14],[22,18,10,12,14,6,2,24,20],[14,18,2,10,7,6,22,12,24,20],[6,14,2,18,10,22,12,24,20],[22,10,12,18,6,2,14,23],[2,14,6,18,22,10,12,24,20],[14,18,10,22,24,6,2],[22,10,12,2,14,18,6,24,20],[22,18,2,14,6,10,12,24,20],[18,14,10,2,22,23,12,6],[18,6,22,10,12,2,14,24,20],[2,10,18,6,22,12,14,24,20],[14,2,18,10,22,11],[2,10,14,18,22,24,6],[6,18,14,22,10,24,2],[10,2,6,22,12,14,18,23],[22,2,14,10,9,24,18],[14,6,10,18,3,22,11],[2,6,18,14,22,10,24],[18,22,14,10,24,2,6],[2,14,22,6,18,10,12,24,20],[22,2,18,10,24,6,14],[22,6,10,12,18,2,14,24,20],[14,6,2,10,22,12,18,24,20],[6,10,18,14,22,12,2,24,20],[2,10,6,18,14,22,24],[22,10,24,6,18,14,2],[14,10,6,18,22,24,2],[22,14,6,2,10,24],[18,14,22,2,10,24,6],[22,18,10,11],[10,14,18,6,22,12,2,23],[10,14,18,22,12,2,6,24,20],[14,22,10,24,18,2,6],[2,22,10,12,18,6,14,24,20],[14,2,22,18,10,24,6],[6,22,14,10,12,2,18,23],[18,6,10,22,24,14,2],[18,14,2,6,22,10,12,23],[6,14,22,10,11],[2,22,6,18,14,10,24],[14,6,10,2,22,12,18,24,20],[6,2,10,22,24,14],[22,6,2,14,10,11],[18,22,2,10,12,6,14,23],[2,6,14,18,10,22,24],[6,2,14,10,22,24],[2,6,18,14,10,22,21,12],[10,14,22,11],[10,22,24,6,18,14,2],[6,14,18,2,10,22,12,24,20],[14,6,18,2,22,10,24],[14,10,6,18,2,22,12,24,19],[6,10,2,18,22,12,14,24,19],[2,18,10,14,6,22,12,24,20],[18,6,14,10,22,24,2],[6,10,18,14,2,22,12,24,20],[2,18,6,22,10,24,14],[6,14,22,18,2,10,24],[22,6,10,24,2,18,14],[22,14,18,10,24,2,6],[18,6,10,2,14,22,24],[14,6,22,10,9,24,2],[2,18,10,22,24,14,6],[6,18,14,22,2,10,24],[22,6,14,18,10,12,2,24,20],[2,22,18,10,12,6,14,24,19],[2,22,6,18,14,10,12,24,20],[18,14,2,6,10,22,24],[2,14,18,10,22,12,6,23],[14,2,18,10,6,22,12,24,19],[6,14,22,2,18,10,11],[14,18,10,2,22,24,6],[10,22,24,2,18,6,14],[2,14,10,22,12,18,6,24,20],[14,6,22,10,24,18,2],[6,22,18,14,2,10,23,12],[10,18,2,14,6,22,24],[18,2,10,22,24,14,6],[2,18,14,6,10,22,12,24,20],[22,18,10,12,6,2,14,24,20],[2,22,18,6,10,24,14],[22,2,6,10,12,14,18,24,20],[6,10,18,2,22,12,14,24,20],[2,14,6,18,22,10,12,24,20],[6,2,14,10,18,22,11],[18,14,6,10,22,24,2],[6,22,14,18,2,10,23,12],[22,2,6,10,12,14,18,23],[10,6,14,22,12,18,2,23],[6,22,2,10,11],[18,10,14,2,22,24,6],[2,18,10,14,6,22,24],[14,22,6,18,10,23,12,2],[10,14,2,22,11],[18,14,22,2,10,24,6],[14,10,22,12,6,2,18,24,20],[14,22,18,6,10,11],[2,14,22,6,18,10,12,24,20],[2,10,18,22,24,6,14],[6,2,18,22,14,10,12,24,20],[14,18,6,2,10,22,24],[10,6,2,14,22,23,12,18],[2,22,18,6,14,10,23,12],[14,18,2,6,10,22,12,24,20],[6,18,10,14,22,24,2],[18,22,6,10,12,14,2,24,19],[6,10,22,12,14,2,18,24,20],[6,10,18,2,14,22,24],[10,14,2,18,22,12,6,24,20],[2,18,10,14,6,22,24],[6,22,18,10,24,14,2],[10,18,6,2,14,22,12,24,20],[14,18,2,6,10,22,24]],"n_human":14}