{"problem_id":"Upnn6z3TT95X9QN","sigma":75,"alpha":10.000,"cost":0,"probabilities":"[0.23, 0.22, 0.33, 0.22]","payoff_matrix":"[[57, 29, 70, -76, -9, -88], [21, 70, 124, -150, 67, -38], [14, -47, 55, -157, 53, -20], [100, -35, 166, 34, 43, 6]]","uncovered":[[3,19,23,11,17,9,15,7],[3,15,19,7,11,17,9,23],[11,19,9,17,7,3,23,15],[7,19,23,15,3,11,9,17],[7,3,11,23,15,19,17,9],[3,15,11,23,19,17,9,7],[19,3,11,17,12],[7,15,3,11,19,17,9,23],[3,23,19,7,15,11,17,9],[7,23,11,3,15,19,17,9],[15,7,11,23,19,9,17],[11,23,15,7,19,9,18,17,12],[19,15,23,11,17,9,7],[11,19,17,9,7,23,3,15],[19,15,7,23,11,17,12],[19,3,15,7,11,17,12],[7,11,3,15,19,18,10],[19,15,11,9,20,17,12],[3,19,7,15,23,11,9,17],[3,7,19,15,11,9,17,23],[11,3,19,9,17,15,23,7],[7,3,19,23,15,11,17,9],[3,23,7,15,19,11,9,18,17,10],[11,3,23,7,15,19,9,17],[11,23,19,9,20,17,10],[7,3,11,23,19,9,17,15],[3,11,15,23,7,19,9,20,17],[23,19,15,7,11,12],[3,15,19,7,23,11,9,18,17,12],[19,23,11,9,17,15,7],[23,7,15,19,3,11,17,10],[19,23,11,9,17,3,7,15],[23,19,11,17,9,15,3,6,7],[15,7,3,11,19,9,17,23],[19,7,15,11,17,9,23],[3,11,7,15,23,19,9,18,17,10],[3,19,15,23,7,11,17,10],[3,15,23,19,11,9,18,17,10],[23,19,11,20,10],[19,11,20,9,17,12],[7,23,19,11,9,17,15],[23,3,7,11,19,18,9,17,10],[15,3,7,11,19,17,9,23],[19,7,15,11,17,12],[11,3,19,17,9,23,15,7],[15,23,11,7,19,17,9],[23,19,7,3,15,11,20,12],[19,11,17,9,23,3,7,15],[7,3,15,19,11,17,9,23],[11,23,3,15,19,9,18,17,12],[23,3,19,11,20,10],[11,3,23,7,15,19,9,18,17,10],[3,15,7,11,23,19,17,9],[19,23,15,7,3,11,18,10],[3,23,19,15,7,11,18,9,20],[3,11,15,19,17,12],[19,11,10,17],[3,19,11,17,9,15,7,23],[11,23,19,10],[19,11,9,17,15,7,3,23],[23,15,19,11,17,9,3,7],[7,3,19,11,17,9,23,15],[23,3,15,11,19,17,9,7],[3,15,19,11,17,10],[23,15,11,7,3,19,12],[3,15,19,7,23,11,9,18,17,12],[19,11,17,9,23,3,7,15],[11,3,23,7,19,9,17,15],[15,19,23,3,7,11,9,17],[3,15,7,19,23,11,9,20,17],[19,3,11,9,17,7,23,15],[3,23,7,19,15,11,9,18,17,10],[3,23,19,11,17,9,15,7],[23,19,3,11,18,9,17,12],[11,15,23,3,7,19,9,20,17],[19,15,23,3,7,11,17,9],[11,7,15,23,3,19,9,18,17,10],[11,7,15,23,3,19,17,9],[7,19,11,9,17,23,3,15],[7,15,19,11,9,18,17,10],[11,7,15,19,9,17,23],[11,15,23,7,3,19,17,9],[3,11,15,7,23,19,17,9],[15,19,7,3,23,11,20,9,17],[15,3,23,7,11,19,20,9,17],[23,11,19,9,17,7,3,15],[3,15,7,23,19,11,9,18,20],[19,23,11,9,20,17,12],[19,23,7,11,9,17,15],[7,15,19,3,11,9,17,23],[11,3,19,9,17,15,7,23],[3,7,19,23,11,9,17,15],[19,15,11,17,10],[19,15,7,11,17,9,23],[3,11,23,15,19,20,9,17,12],[15,11,7,23,3,19,9,17],[3,23,19,7,15,11,9,18,17,10],[15,11,23,3,7,19,17,9],[7,15,19,11,9,18,17,12],[19,7,15,3,23,11,9,17],[3,23,19,7,11,9,17,15],[19,23,11,9,18,17,10],[3,15,11,19,17,9,7,23],[15,7,23,19,3,11,17,9],[7,19,15,11,17,10],[15,19,7,23,3,11,18,12],[11,3,19,17,9,7,23,15],[15,23,11,19,17,9,3,7],[11,3,19,9,17,23,7,15],[15,19,23,3,11,18,9,17,10],[7,19,15,23,3,11,9,17],[23,15,7,11,3,19,9,17],[15,3,7,11,19,17,9,23],[3,23,7,11,15,19,10],[3,15,19,23,11,9,17,7],[15,7,11,19,18,12],[11,15,23,19,17,9,7],[11,19,17,9,7,23,3,15],[3,7,19,23,11,17,9,15],[23,7,3,11,15,19,9,17],[3,23,7,15,19,11,9,17],[23,19,11,17,9,3,15,7],[11,3,15,7,23,19,18,9,17,12],[15,19,7,11,9,18,17,12],[7,3,23,19,11,9,17,15],[3,19,23,7,15,11,12],[11,15,19,9,17,7,23],[23,15,3,7,11,19,9,17],[19,11,17,9,7,3,23,15],[3,7,15,11,19,18,12],[11,19,9,18,17,10],[23,19,3,7,15,11,9,18,17,12],[3,19,7,23,11,17,9,15],[3,11,23,19,20,9,17,10],[7,15,19,11,9,20,17,12],[19,7,11,9,17,15,3,23],[19,23,11,17,9,3,15,7],[23,7,3,11,15,19,17,9],[7,11,19,18,10,17],[7,3,19,11,17,9,23,15],[7,19,3,23,15,11,17,9],[11,7,23,15,19,9,17],[15,7,23,19,11,9,20,17,12],[19,23,3,11,9,17,15,7],[15,7,11,19,10],[3,15,7,23,19,11,9,18,17,10],[3,7,19,15,23,11,9,17],[19,7,3,23,11,17,9,15],[3,19,7,15,11,17,9,23],[23,3,19,7,15,11,9,17],[19,11,20,10,12],[7,15,23,3,11,19,9,20,17],[15,11,23,3,7,19,17,10],[3,11,7,19,9,17,23,15],[11,23,3,15,19,17,9,7],[19,7,23,11,17,9,3,15],[15,11,3,19,17,9,7,23],[19,7,11,17,9,23,15],[7,11,23,3,19,9,17,15],[7,11,23,15,3,19,18,9,17,12],[15,11,23,3,7,19,9,17],[7,15,19,11,20,9,17,12],[7,15,11,19,9,18,17,12],[15,11,7,19,9,17,3,23],[15,23,7,3,19,11,10],[19,23,7,11,9,17,3,15],[23,7,3,15,11,19,9,17],[15,23,3,11,7,19,9,17],[15,19,23,11,17,9,3,7],[7,15,3,19,11,9,17,23],[19,3,7,15,11,9,17,23],[11,3,19,17,9,7,23,15],[11,3,7,23,15,19,10],[23,3,11,19,18,9,17,10],[3,23,19,15,7,11,9,17],[7,11,23,19,12],[15,23,7,11,19,17,9],[23,19,11,17,12],[23,7,11,19,20,9,17,12],[15,7,3,11,19,12],[15,11,3,23,19,18,9,17,12],[15,19,7,23,3,11,17,9],[7,23,3,15,19,11,17,10],[23,15,19,3,7,11,9,17],[23,11,7,19,17,9,3,15],[19,3,15,11,17,10],[3,23,15,7,19,11,17,9],[7,11,23,15,3,19,9,17],[7,23,15,19,3,11,17,10],[15,23,19,7,3,11,9,17],[3,19,23,11,10],[15,11,19,17,10],[7,11,19,9,17,15,3,23],[19,23,11,18,9,17,12],[15,19,7,23,11,18,10],[15,3,23,19,7,11,18,9,20],[23,19,7,3,11,17,12],[23,15,7,3,11,19,9,17],[15,3,19,23,7,11,17,9],[23,11,15,19,17,9,7],[11,15,19,10],[7,23,3,19,15,11,9,17],[11,15,3,23,19,9,20,17,12],[7,11,19,18,9,17,10],[19,23,11,17,10],[15,11,19,9,17,23,7],[23,15,19,3,7,11,17,9],[3,11,15,19,17,9,23,7],[11,23,7,3,15,19,17,9],[7,11,23,15,19,17,9],[15,3,23,7,19,11,9,17],[7,11,19,9,20,18,12],[7,15,11,3,23,19,17,9],[7,15,19,23,11,17,12],[7,3,15,19,11,9,18,17,10],[7,3,23,15,11,19,17,10],[19,7,3,15,11,9,17,23],[23,15,11,19,9,20,17,12],[3,15,11,7,23,19,9,17],[19,11,17,9,23,3,15,7],[23,11,19,17,9,7,3,15],[11,7,3,23,19,17,9,15],[15,11,23,7,19,9,18,17,12],[3,15,7,23,11,19,17,9],[7,3,19,15,23,11,9,17],[11,19,20,9,17,10],[7,3,23,15,19,11,9,20,17],[23,3,15,11,19,9,18,20,12],[15,11,7,3,23,19,17,9],[11,19,17,12],[11,3,19,9,18,17,10],[7,3,23,15,19,11,9,17],[15,3,7,11,19,9,17,23],[23,15,3,7,19,11,20,9,17],[19,11,9,20,17,12],[11,19,9,18,17,12],[19,23,11,17,12],[19,3,7,15,11,9,17,23],[23,7,15,3,11,19,9,20,17],[3,15,11,7,23,19,12],[15,19,11,9,20,18,12],[19,23,11,9,17,3,15,7],[19,3,23,15,7,11,18,12],[3,7,23,11,19,9,17,15],[15,7,3,11,19,17,9,23],[3,11,23,19,20,9,17,12],[3,15,7,23,11,19,9,18,17,12],[23,3,7,11,15,19,17,9],[3,23,19,15,11,9,17,7],[7,19,3,15,11,9,18,17,12],[23,7,3,15,11,19,17,9],[11,23,7,19,17,10],[23,15,7,3,19,11,9,20,18],[23,11,7,19,9,17,15],[11,23,19,17,9,15,3,7],[23,15,19,3,7,11,9,17],[15,11,3,19,17,9,7,23],[11,7,15,3,19,18,12],[23,15,11,7,19,9,20,17,12],[19,23,11,18,9,17,10],[19,23,3,11,20,9,17,12],[11,15,7,3,23,19,9,17],[3,23,7,19,15,11,9,17],[3,7,19,15,23,11,17,9],[23,19,7,15,11,9,17],[23,3,15,19,11,17,9,7],[15,7,11,19,9,17,23],[23,19,3,11,17,9,15,7],[3,23,7,19,15,11,12],[23,15,7,11,19,17,9],[3,23,7,15,11,19,9,17],[11,7,19,9,17,3,23,15],[19,23,3,11,17,9,15,7],[19,7,15,23,3,11,9,17],[7,15,19,3,11,17,9,23],[11,15,19,9,20,17,10],[19,23,15,3,11,20,9,17,12],[11,3,19,18,12],[11,3,15,7,23,19,9,17],[7,3,11,15,19,17,9,23],[3,23,11,7,15,19,17,10],[23,7,19,3,15,11,17,10],[3,19,23,7,11,18,12],[7,15,23,11,19,9,18,17,10],[15,19,3,11,17,9,7,23],[23,19,7,15,11,17,9],[3,19,11,17,9,7,23,15],[3,23,11,19,9,18,17,10],[23,15,3,7,19,11,10],[19,7,11,10],[19,7,3,15,23,11,9,18,17,12],[19,15,3,7,23,11,10],[7,3,11,19,12],[11,3,7,15,19,9,20,17,12],[15,7,19,23,11,9,17],[23,15,3,19,7,11,9,18,17,10],[3,11,19,9,20,17,12],[11,23,15,3,7,19,17,9],[19,11,9,17,7,3,23,15],[15,19,23,7,3,11,17,9],[3,11,23,7,19,17,9,15],[15,23,7,19,11,20,9,17,12],[19,23,7,11,9,17,3,15],[11,7,3,23,15,19,17,9],[3,15,19,7,11,9,18,17,10],[19,15,11,9,18,17,10],[15,7,19,11,17,9,23],[19,15,23,11,10],[15,19,7,11,9,17,3,23],[3,7,15,19,11,9,17,23],[3,19,11,9,17,7,15,23],[7,3,15,23,11,19,20,9,18],[15,7,3,19,23,11,9,17],[3,7,19,23,11,9,17,15],[3,7,15,11,19,9,18,17,12],[11,3,23,19,18,12],[15,3,11,23,7,19,17,9],[3,11,19,17,9,23,7,15],[23,15,7,19,11,17,9],[7,11,23,3,15,19,9,17],[11,3,15,19,17,12],[11,19,17,9,23,7,15],[23,7,19,11,17,12],[23,11,3,7,15,19,17,9],[23,15,11,7,3,19,17,10],[15,19,11,9,17,7,23],[3,19,11,17,9,7,23,15],[11,19,17,9,23,15,7],[19,3,23,11,17,9,7,15],[7,3,11,23,19,9,17,15],[3,7,23,15,19,11,18,9,20],[7,23,11,19,9,17,3,15],[11,19,17,12],[11,23,15,19,9,18,17,12],[15,19,11,9,17,7,23],[7,23,19,11,10],[11,15,7,19,17,9,3,23],[7,23,11,19,9,17,3,15],[7,3,11,15,19,17,12],[15,3,19,23,7,11,9,18,17,10],[19,23,11,9,17,15,3,7],[3,23,15,11,19,18,9,17,12],[23,7,3,19,11,17,9,15],[15,23,11,7,3,19,10],[3,19,23,15,7,11,17,12],[3,23,15,11,7,19,9,17],[19,3,7,11,12],[19,23,7,15,3,11,12],[3,7,19,11,9,17,23,15],[11,15,19,17,10],[19,11,9,17,3,7,15,23],[19,3,7,15,23,11,9,20,18],[23,11,19,17,10],[11,7,15,3,19,17,9,23],[7,23,15,19,11,17,10],[11,23,7,19,17,9,15],[15,19,23,11,17,9,7],[19,15,7,23,11,9,17],[23,19,15,3,7,11,17,9],[3,19,7,15,23,11,17,10],[3,7,15,23,11,19,10],[15,7,3,11,19,17,9,23],[19,15,23,7,11,9,17],[15,19,23,11,17,12],[19,11,9,18,17,10],[7,3,11,23,15,19,9,18,17,10],[7,15,3,19,23,11,9,18,17,12],[7,11,3,23,15,19,9,17],[15,3,11,19,9,17,7,23],[15,19,23,7,11,9,18,17,12],[23,19,11,9,17,7,3,15],[7,15,23,3,11,19,20,9,17],[15,23,3,11,19,20,12],[23,15,7,19,11,20,9,17,12],[11,3,7,19,17,9,23,15],[23,15,3,7,11,19,17,9],[19,3,23,15,7,11,18,9,17,10],[7,19,11,17,9,15,3,23],[23,7,15,11,19,17,9],[3,11,7,23,19,12],[7,3,15,19,11,9,17,23],[11,7,3,15,23,19,9,20,17],[7,19,15,3,11,17,9,23],[15,3,11,23,7,19,9,17],[7,23,11,3,19,20,12],[3,19,7,23,15,11,20,9,17],[7,15,3,11,19,10],[23,19,3,11,17,9,7,15],[7,23,11,15,19,17,9],[11,19,17,9,7,3,15,23],[15,19,3,23,7,11,9,17],[11,7,19,9,17,23,3,15],[7,11,3,23,19,17,12],[3,7,23,11,19,9,20,18,12],[19,23,11,9,17,15,7],[7,15,3,11,19,17,9,23],[7,11,15,19,9,17,3,23],[19,15,3,7,11,9,20,17,10],[3,7,23,19,11,9,17,15],[23,19,11,9,18,17,10],[11,3,7,23,15,19,9,17],[3,23,7,11,19,20,12],[7,3,11,23,15,19,9,18,17,10],[15,23,11,7,19,17,9],[23,19,15,3,11,9,20,17,10],[3,23,11,7,15,19,9,17],[3,7,11,15,19,17,9,23],[3,7,15,11,23,19,9,17],[3,19,11,9,17,7,23,15],[3,15,7,11,19,17,9,23],[11,7,23,15,3,19,18,9,17,10],[3,7,19,23,15,11,9,17],[23,3,11,7,19,9,17,15],[23,3,7,11,19,17,9,15],[15,11,3,19,17,9,23,7],[23,15,11,7,3,19,17,9],[11,3,15,19,18,9,17,10],[23,3,11,7,19,17,9,15],[7,23,3,19,11,17,9,15],[7,15,19,11,9,17,23],[7,11,15,3,19,10],[7,15,19,23,3,11,9,17],[11,3,19,9,18,17,12],[3,19,23,7,11,17,9,15],[7,11,19,17,9,3,23,15],[15,7,19,23,3,11,9,17],[11,19,9,20,17,10],[7,15,3,23,19,11,17,9],[15,23,3,19,7,11,9,18,20],[15,11,23,7,3,19,9,17],[15,11,19,17,9,3,7,23],[7,15,19,23,3,11,17,9],[11,15,7,23,19,20,9,17,10],[23,15,3,19,7,11,9,17],[19,11,9,18,17,12],[15,7,11,3,23,19,10],[15,3,19,23,7,11,9,17],[15,7,3,19,11,10],[23,11,19,18,12],[7,23,3,15,11,19,17,9],[3,11,15,19,17,9,23,7],[3,19,11,12],[7,3,15,19,11,9,20,17,10],[15,3,23,11,19,9,17,7],[19,15,11,9,18,17,10],[7,19,15,11,9,17,23],[7,3,15,23,19,11,17,9],[3,7,11,23,15,19,9,17],[3,19,7,23,11,17,9,15],[23,19,15,3,7,11,9,17],[7,3,11,15,19,9,18,17,12],[7,19,3,23,11,17,9,15],[15,11,19,9,18,17,10],[19,11,9,17,15,3,23,7],[19,15,7,11,17,9,3,23],[15,19,3,7,11,17,9,23],[3,19,11,17,10],[19,7,15,3,11,17,9,23],[7,11,15,23,3,19,9,18,17,12],[23,11,3,7,19,20,9,17,10],[15,3,23,19,7,11,20,9,17],[7,15,19,23,11,17,9],[23,11,3,19,17,9,15,7],[15,19,11,9,20,17,10],[19,7,11,9,17,15,23],[15,23,11,3,7,19,9,17],[3,19,7,11,17,9,23,15],[15,7,23,19,11,9,18,17,12],[3,15,11,19,9,20,17,10],[7,15,23,11,19,9,17],[15,7,23,19,11,17,9],[23,19,7,3,15,11,9,17],[23,3,19,11,17,9,15,7],[15,19,7,3,23,11,17,9],[19,23,15,7,3,11,17,9],[7,11,15,23,3,19,9,17],[23,19,3,7,15,11,9,17],[23,15,7,11,3,19,17,9],[15,19,23,3,7,11,17,9],[7,3,23,19,15,11,17,9],[15,7,3,11,19,17,9,23],[15,19,11,17,9,7,3,23],[15,7,3,11,23,19,9,20,17],[7,15,19,3,23,11,12],[15,23,7,19,3,11,17,9],[19,11,17,9,15,7,3,23],[7,19,3,15,23,11,17,9],[11,19,9,17,7,3,23,15],[11,15,19,9,17,7,23],[11,19,9,18,17,10],[15,11,23,3,7,19,17,12],[11,3,23,7,19,18,12],[19,3,11,9,17,7,23,15],[23,7,11,19,20,10],[15,3,7,11,19,9,17,23],[15,3,11,19,17,9,23,7],[3,11,7,19,12],[15,7,3,11,23,19,9,17],[3,11,15,7,19,17,9,23],[3,23,19,15,7,11,9,17],[23,15,11,19,9,17,3,7],[23,11,19,10],[15,7,11,3,19,12],[19,3,11,10],[15,3,7,19,23,11,9,17],[23,7,11,15,3,19,17,9],[15,23,7,3,11,19,18,12],[19,7,23,15,3,11,17,9],[23,7,19,11,9,18,17,12],[7,3,19,15,23,11,18,10],[19,7,15,11,9,17,23],[15,23,19,3,11,17,12],[19,11,20,9,17,12],[23,11,7,15,3,19,20,9,18],[11,3,15,7,19,9,18,17,10],[23,3,15,7,19,11,12],[23,3,11,19,20,10],[23,19,3,11,9,17,7,15],[3,23,7,19,11,17,9,15],[7,15,23,19,3,11,9,20,17],[19,3,11,9,18,17,10],[23,3,15,7,19,11,9,17],[15,19,3,11,17,9,7,23],[7,19,3,11,17,9,23,15],[11,15,23,19,12],[15,23,11,19,17,9,7],[23,3,15,19,7,11,17,10],[3,11,19,9,17,23,15,7],[15,3,23,19,7,11,17,9],[19,11,9,18,17,12],[11,19,9,17,23,3,7,15],[11,23,15,3,7,19,12],[23,19,7,15,11,17,9],[11,19,9,17,7,23,15],[19,23,7,11,9,17,15],[23,15,7,11,19,9,17],[7,23,19,11,17,12],[23,15,7,19,3,11,17,9],[11,3,19,17,9,15,7,23],[7,11,19,17,9,3,23,15],[7,19,3,15,23,11,9,18,17,10],[11,19,9,17,7,23,3,15],[15,11,3,19,9,20,17,10],[15,11,19,17,9,23,7],[7,11,15,3,23,19,9,17],[19,3,11,18,10,9],[23,19,3,11,17,12],[19,23,3,11,18,9,20,10],[19,11,17,9,3,15,23,7],[19,3,7,23,15,11,17,9],[3,19,11,17,9,7,23,15],[19,23,11,9,17,5,7,3,15],[7,19,15,3,11,17,9,23],[7,15,23,11,19,17,9],[11,7,3,15,19,10],[15,7,3,19,11,17,9,23],[11,19,10,18,12],[15,7,19,11,9,17,3,23],[7,23,15,3,11,19,9,17],[3,23,11,19,10],[7,11,19,9,20,17,12],[3,7,15,23,11,19,17,9],[23,19,3,15,7,11,17,9],[11,23,19,17,9,3,7,15],[19,3,23,15,7,11,17,9],[11,23,15,19,9,17,7],[7,3,19,23,15,11,20,9,18],[19,11,17,9,3,7,15,23],[11,23,19,18,9,17,12],[11,15,7,23,3,19,9,17],[3,15,7,23,11,19,17,9],[15,7,19,3,11,17,9,23],[23,19,3,11,18,9,17,10],[23,11,15,3,19,9,17,7],[11,3,7,23,19,17,12],[7,15,19,23,3,11,17,9],[19,3,23,11,17,9,7,15],[11,7,15,23,3,19,9,17],[11,7,15,3,23,19,10],[15,7,3,19,23,11,17,9],[23,15,11,19,9,17,3,7],[15,23,3,19,11,17,9,7],[3,11,7,23,15,19,17,9],[19,23,3,15,7,11,17,12],[11,15,3,19,9,17,7,23],[15,19,3,23,11,17,9,7],[23,7,15,3,19,11,9,17],[15,23,11,7,19,17,9],[15,23,3,19,7,11,9,18,17,10],[7,3,23,15,19,11,18,9,17,10],[7,19,23,15,3,11,17,9],[11,23,19,17,9,15,3,7],[23,7,3,15,19,11,9,17],[7,11,15,3,19,17,9,23],[19,15,7,3,11,12],[11,15,23,3,7,19,20,9,17],[15,7,11,19,9,17,23],[11,19,17,9,15,7,3,23],[15,11,23,19,17,9,7],[19,7,3,15,11,9,17,23],[11,15,7,3,19,17,9,23],[19,3,7,11,9,18,17,12],[23,15,7,11,19,20,9,17,10],[23,3,11,15,19,17,10],[23,15,7,19,11,17,9],[15,19,23,11,17,9,3,7],[7,11,23,15,19,9,20,18,12],[23,19,3,15,11,18,10],[3,7,11,23,15,19,9,18,17,12],[19,23,7,3,11,17,9,15],[15,3,11,19,17,9,23,7],[19,7,15,23,11,17,9],[11,3,19,17,9,15,23,7],[23,11,7,3,15,19,9,18,20],[11,19,9,17,3,23,15,7],[15,3,23,11,7,19,17,12],[11,3,19,12],[23,19,7,3,15,11,17,9],[19,3,15,7,11,9,18,17,12],[11,7,15,3,23,19,17,9],[7,3,23,15,19,11,17,12],[23,3,7,15,11,19,9,17],[7,3,11,15,19,17,9,23],[11,15,23,19,9,17,7],[3,15,23,7,11,19,17,9],[11,7,19,17,9,23,3,15],[15,23,19,3,7,11,9,20,17],[11,23,19,9,17,3,7,15],[11,3,19,18,9,17,12],[19,7,15,3,11,17,9,23],[11,23,3,15,19,17,9,7],[3,23,15,11,19,9,17,7],[19,3,11,9,17,23,7,15],[15,3,23,19,7,11,17,9],[23,3,15,7,11,19,17,9],[11,3,23,7,15,19,9,17],[7,23,3,11,15,19,17,9],[7,19,11,17,9,3,23,15],[7,19,23,11,17,9,15],[23,19,15,3,11,9,18,17,12],[7,19,3,15,11,9,17,23],[19,7,11,9,20,17,12],[19,3,7,11,9,17,15,23],[15,7,23,3,19,11,17,9],[19,15,7,11,9,17,23],[19,7,11,9,17,3,15,23],[3,15,23,19,11,17,9,7],[23,19,7,3,11,9,17,15],[23,15,7,19,11,18,9,20,10],[19,23,11,9,17,3,7,15],[19,3,23,15,7,11,9,17],[11,7,23,3,15,19,9,17],[11,23,7,15,3,19,17,12],[19,15,3,23,11,9,17,7],[7,3,11,23,15,19,9,17],[3,23,15,7,19,11,9,18,17,10],[3,19,11,9,20,17,12],[11,7,15,19,12],[7,3,23,19,11,10],[3,7,15,19,11,9,17,23],[7,3,15,19,11,12],[19,23,15,3,11,17,9,7],[11,19,17,10],[7,15,19,11,9,17,3,23],[15,7,23,11,19,20,12],[11,15,3,23,7,19,12],[3,19,15,23,7,11,17,9],[19,23,11,12],[23,19,3,11,9,17,7,15],[15,19,23,7,11,9,17],[23,7,15,19,11,9,17],[19,15,23,3,11,9,17,7],[19,15,7,11,9,17,23],[19,15,23,3,11,9,17,7],[15,19,7,3,23,11,17,9],[11,7,3,15,23,19,9,20,17],[3,15,11,19,17,9,23,7],[7,11,3,15,19,12],[15,19,7,23,3,11,17,9],[19,15,23,3,7,11,17,9],[23,11,3,19,9,17,7,15],[19,3,7,23,15,11,9,18,17,10],[3,15,7,19,11,9,17,23],[15,19,3,7,23,11,17,9],[15,23,19,3,7,11,10],[3,23,19,7,15,11,17,9],[15,23,7,3,19,11,20,9,17],[19,11,18,9,20,10],[23,15,19,3,11,17,9,7],[19,3,7,23,11,9,20,17,10],[7,11,3,19,9,18,17,10],[15,19,11,17,9,3,7,23],[7,15,11,23,19,17,9],[23,15,19,7,3,11,9,18,20],[11,23,19,9,17,3,7,15],[23,11,3,15,7,19,20,9,17],[19,3,23,11,10],[3,11,15,19,17,9,23,7],[3,7,19,15,23,11,9,17],[7,23,19,11,17,9,15],[11,15,7,3,23,19,18,10],[15,23,19,7,11,20,9,17,10],[3,19,15,11,17,9,23,7],[3,15,23,7,19,11,9,17],[11,23,7,3,19,17,9,15],[11,15,23,19,17,9,3,7],[23,19,11,17,9,3,15,7],[19,3,23,11,17,9,7,15],[23,15,3,11,19,12],[7,15,19,11,9,17,3,23],[3,11,15,7,19,17,9,23],[23,15,3,19,7,11,17,12],[3,23,11,15,7,19,9,17],[23,11,15,7,3,19,17,9],[11,7,23,19,9,20,17,10],[19,11,17,10],[3,23,11,19,17,9,7,15],[15,7,3,23,11,19,17,9],[19,15,23,11,9,20,17,12],[3,15,11,7,19,17,9,23],[3,7,15,19,11,17,9,23],[23,3,11,19,17,12],[3,11,15,7,23,19,17,9],[15,7,19,23,3,11,9,20,17],[3,15,23,19,7,11,9,17],[7,15,11,23,3,19,9,17],[7,11,19,9,17,23,3,15],[19,3,15,7,11,9,17,23],[11,7,3,15,23,19,10],[7,19,11,9,17,23,15],[3,11,23,19,9,17,7,15],[7,23,19,15,11,9,17],[19,23,7,3,11,9,17,15],[19,3,15,11,17,9,7,23],[3,7,15,23,11,19,17,9],[19,11,17,9,15,3,23,7],[23,15,19,7,11,17,9],[19,3,23,15,7,11,9,17],[15,19,23,11,9,17,7],[23,11,15,3,7,19,12],[15,7,3,23,19,11,9,17],[3,7,19,23,11,9,17,15],[19,11,17,12],[23,3,15,11,19,17,9,7],[19,23,11,20,9,17,12],[23,7,15,3,19,11,20,9,17],[11,3,7,19,9,17,23,15],[15,19,7,23,11,17,9],[23,19,7,15,3,11,9,17],[7,3,15,19,11,9,20,17,12],[7,3,19,11,9,20,17,10],[23,3,15,7,19,11,17,9],[23,3,7,15,19,11,9,18,17,12],[15,23,7,11,3,19,17,9],[15,3,11,19,9,17,23,7],[3,15,19,23,7,11,20,9,17],[15,11,3,7,19,10],[23,3,15,11,19,17,10],[7,11,19,20,9,17,12],[7,3,19,11,17,9,23,15],[15,3,19,23,11,17,12],[11,23,15,7,3,19,17,9],[7,19,23,3,11,17,9,15],[11,19,9,20,17,10],[15,3,19,7,23,11,20,12],[15,23,19,11,20,9,17,10],[7,15,3,23,11,19,17,9],[23,3,7,15,11,19,12],[3,23,11,15,19,9,18,17,12],[19,7,11,17,9,23,15],[19,7,3,15,23,11,9,17],[7,19,11,17,9,15,3,23],[3,7,23,15,19,11,17,9],[15,7,11,23,3,19,17,9],[7,15,23,3,19,11,12],[3,7,15,11,19,17,9,23],[23,19,7,11,9,17,15],[15,19,7,23,3,11,17,9],[3,11,23,15,19,9,17,7],[7,11,23,15,19,17,12],[23,19,7,11,9,17,15],[3,7,23,15,11,19,9,17],[7,23,3,19,11,9,17,15],[7,15,23,3,19,11,17,9],[7,15,11,23,3,19,9,17],[11,7,3,19,9,20,17,10],[23,3,15,7,11,19,9,17],[7,23,3,19,15,11,12],[15,7,11,19,17,9,3,23],[23,11,3,15,7,19,18,12],[11,15,3,19,17,9,7,23],[3,15,23,19,11,12],[11,19,9,17,15,7,3,23],[19,15,3,11,20,9,17,12],[11,3,7,23,19,9,20,17,12],[19,15,7,23,3,11,9,17],[19,7,11,17,9,15,3,23],[3,19,23,11,9,17,7,15],[23,7,11,3,19,17,12],[23,3,19,11,17,9,15,7],[7,3,11,15,23,19,9,17],[11,23,19,9,18,17,12],[23,11,19,17,9,3,15,7],[7,23,19,15,11,17,9],[19,3,23,15,11,17,9,7],[19,7,11,18,9,17,12],[3,15,19,23,7,11,9,17],[23,19,3,11,17,9,7,15],[11,7,15,23,3,19,9,17],[23,7,15,3,19,11,9,17],[11,23,3,19,17,12],[15,19,7,11,9,17,3,23],[15,11,7,3,23,19,17,9],[3,23,19,7,11,17,9,15],[23,3,19,15,7,11,17,9],[3,7,15,23,11,19,9,17],[7,15,19,3,11,17,12],[23,15,19,7,3,11,9,17],[15,19,23,3,7,11,18,9,17,10],[3,15,23,11,19,9,18,17,10],[15,3,19,7,23,11,10],[7,3,19,15,23,11,9,17],[11,23,19,17,9,7,3,15],[11,23,3,7,19,17,9,15],[19,23,15,7,3,11,18,12],[19,23,15,7,11,9,17],[3,23,11,15,19,9,17,7],[23,11,15,3,7,19,9,20,18],[19,23,3,11,20,9,17,10],[3,19,7,11,9,17,23,15],[15,23,19,11,17,12],[15,3,11,7,19,12],[7,3,11,23,19,17,9,15],[15,19,3,23,7,11,17,9],[3,11,15,19,17,9,23,7],[15,11,23,7,3,19,9,17],[11,23,15,3,19,17,9,7],[23,11,19,17,12],[7,19,15,23,3,11,9,17],[11,7,19,9,17,23,15],[19,3,15,7,23,11,17,9],[23,7,19,3,11,17,9,15],[3,7,15,19,11,17,9,23],[19,3,7,23,15,11,9,18,17,12],[3,7,15,11,19,9,17,23],[19,23,15,3,11,9,17,7],[3,23,19,11,9,18,17,10],[23,15,11,3,19,9,17,7],[15,3,11,23,19,10],[7,11,23,19,17,9,3,15],[7,11,19,17,9,15,3,23],[11,19,17,9,3,7,15,23],[19,3,23,7,11,20,9,17,10],[23,7,19,15,3,11,18,9,17,12],[15,19,11,18,9,17,10],[11,23,3,7,15,19,9,17],[23,19,7,3,11,9,17,15],[7,3,23,11,15,19,9,17],[11,23,3,7,15,19,10],[19,23,7,11,9,17,3,15],[23,15,7,11,19,17,9],[3,19,23,15,7,11,9,17],[3,11,15,7,23,19,12],[11,23,3,7,15,19,9,20,17],[19,11,9,18,17,10],[11,3,23,15,7,19,18,9,20],[3,11,23,7,19,17,9,15],[3,15,11,19,9,18,20,10],[19,7,15,23,11,17,9],[7,3,23,15,19,11,9,17],[11,19,17,9,7,23,15],[23,3,7,11,15,19,9,17],[23,7,3,11,19,10],[23,19,7,3,15,11,9,17],[7,11,19,17,12],[7,15,23,3,19,11,17,12],[11,23,19,18,9,17,10],[23,3,11,7,15,19,9,17],[11,7,19,17,9,15,3,23],[19,23,15,3,11,9,17,7],[23,3,11,19,18,9,20,12],[11,7,3,23,19,9,17,15],[23,15,19,3,11,17,9,7],[11,15,19,20,10],[3,15,23,7,19,11,9,17],[3,23,11,7,19,18,10],[23,11,7,3,15,19,9,17],[3,15,11,19,17,9,7,23],[7,23,3,15,11,19,9,17],[7,23,3,19,11,10],[3,19,7,15,11,9,17,23],[11,19,9,17,15,7,23],[7,3,11,19,9,17,15,23],[19,7,3,23,11,9,18,17,10],[11,19,12],[15,11,7,19,9,17,23],[19,15,3,11,17,9,23,7],[23,3,7,15,11,19,20,9,17],[23,19,11,12],[7,19,15,23,3,11,17,9],[23,19,11,12],[23,15,19,3,11,9,17,7],[23,15,19,3,11,12],[19,15,11,9,17,7,3,23],[19,7,23,15,3,11,9,18,17,12],[3,7,23,19,11,9,17,15],[11,3,7,19,20,12],[3,7,11,19,17,9,23,15],[15,11,3,23,7,19,9,18,17,12],[7,11,15,19,9,17,23],[23,7,15,19,3,11,12],[19,23,3,11,9,17,7,15],[15,23,3,11,19,20,9,17,12],[23,19,11,9,17,15,7],[15,7,3,19,11,9,17,23],[23,19,3,11,9,20,17,12],[15,23,19,11,17,12],[19,7,3,11,20,9,17,10],[11,15,23,19,17,9,7],[23,15,3,11,7,19,17,9],[15,23,3,11,19,9,17,7],[7,19,11,9,18,17,10],[15,11,23,7,19,17,9],[19,7,3,15,23,11,9,17],[7,23,3,15,19,11,9,17],[15,3,23,11,7,19,17,9],[7,23,11,19,17,9,3,15],[23,7,19,11,17,9,3,15],[11,3,19,10],[23,7,19,15,11,18,9,17,10],[19,23,3,11,9,18,17,12],[23,15,11,7,3,19,20,10],[3,23,7,19,15,11,9,17],[15,11,19,9,20,17,12],[7,15,3,19,11,18,9,17,10],[15,19,3,7,23,11,9,17],[15,23,7,3,11,19,9,17],[15,3,19,7,23,11,18,9,17,10],[19,11,9,17,3,23,15,7],[15,7,19,23,3,11,17,12],[23,19,7,15,3,11,17,9],[7,11,3,19,12],[19,7,11,9,17,23,15],[11,15,7,23,19,9,17],[19,7,11,17,9,15,23],[23,19,11,18,9,17,12],[23,15,19,11,12],[19,7,11,17,9,15,23],[19,23,3,11,9,20,18,12],[7,3,11,19,9,18,17,10],[3,11,23,15,7,19,9,20,17],[23,11,15,7,19,17,9],[23,7,11,3,15,19,9,17],[19,7,11,9,20,17,10],[7,19,3,11,17,12],[23,3,19,7,11,17,12],[7,23,11,19,17,9,3,15],[19,7,3,15,23,11,17,9],[7,3,15,11,23,19,17,9],[19,11,9,17,3,15,7,23],[23,19,11,9,18,17,10],[15,11,7,19,9,20,17,10],[15,7,3,23,19,11,17,9],[11,3,7,15,19,9,18,17,12],[19,7,3,23,15,11,9,17],[11,3,15,23,7,19,20,9,17],[7,23,15,19,11,17,9],[15,3,19,11,17,9,7,23],[3,15,7,23,19,11,20,9,17],[3,11,19,9,17,15,7,23],[15,19,11,9,17,7,23],[11,7,23,15,19,9,17],[19,15,3,7,11,17,10],[15,3,23,7,11,19,9,18,17,10],[19,11,17,9,3,7,15,23],[7,19,15,3,23,11,17,9],[23,15,3,7,19,11,17,9],[19,23,11,17,10],[7,15,19,23,3,11,18,9,17,10],[15,7,11,23,19,17,9],[23,15,11,19,9,17,3,7],[7,15,23,3,11,19,18,9,17,12],[23,11,7,15,3,19,9,20,17],[3,15,7,11,23,19,17,9],[11,15,3,19,17,9,7,23],[15,23,3,11,7,19,17,9],[3,7,23,15,19,11,17,9],[15,23,11,7,19,9,18,17,12],[15,3,11,19,17,9,23,7],[23,11,19,17,9,7,3,15],[3,23,15,7,11,19,17,9],[19,23,3,15,11,17,10],[19,23,15,3,7,11,9,17],[15,7,23,11,3,19,18,12],[3,23,15,11,7,19,17,9],[19,15,7,3,11,17,9,23],[7,19,11,20,9,17,12],[23,11,15,19,18,12],[7,19,11,17,12],[23,11,7,15,3,19,20,10]],"n_human":10}