{"problem_id":"2fwIhOobLvDveQj","sigma":75,"alpha":1.000,"cost":1,"probabilities":"[0.22, 0.09, 0.54, 0.15]","payoff_matrix":"[[95, 85, -53, -55, 43, 16], [78, 97, 64, -226, 6, 10], [-1, -15, 34, 1, -138, 36], [2, 74, -92, 125, 180, 172]]","uncovered":[[23,19,11,3,7,15,21,9,13,1,4,24],[15,7,11,3,23,19,21,9,13,1,4,24],[7,15,19,3,11,23,21,9,13,1,24],[7,3,11,23,15,19,21,9,13,1,4,24],[15,19,7,11,23,3,21,9,13,1,24],[3,19,11,15,7,23,9,21,13,1,24],[3,15,19,11,23,7,9,21,13,1,4,24],[7,19,3,23,11,15,9,21,13,1,4,24],[19,7,11,15,3,23,21,9,13,1,4,24],[3,23,15,11,19,7,21,9,13,1,24],[15,11,7,23,19,3,21,9,13,1,24],[11,7,23,15,19,3,21,9,13,1,24],[15,3,11,7,23,19,9,21,13,1,24],[11,15,23,7,19,3,21,9,13,1,24],[7,11,19,15,23,3,21,9,13,1,24],[7,11,23,3,15,19,9,21,13,1,24],[7,3,23,19,11,15,9,21,13,1,4,24],[7,19,11,3,15,23,9,21,13,1,24],[23,11,15,3,19,7,9,21,13,1,4,24],[15,23,3,19,11,7,9,21,13,1,24],[3,15,23,11,7,19,21,9,13,1,4,24],[3,7,15,11,19,23,9,21,13,1,24],[7,3,15,11,23,19,9,21,13,1,24],[7,11,23,3,15,19,9,21,13,1,24],[23,3,7,15,11,19,21,9,13,1,24],[23,11,15,3,19,7,9,21,13,1,24],[23,7,3,19,11,15,9,21,13,1,4,24],[15,3,23,11,19,7,9,21,13,1,24],[3,15,19,11,23,7,21,9,13,1,4,24],[11,23,7,15,3,19,21,9,13,1,24],[19,23,3,11,15,7,21,9,13,1,4,24],[11,15,23,7,3,19,21,9,13,1,24],[23,15,11,3,19,7,21,9,13,1,4,24],[23,19,11,7,3,15,9,21,13,1,24],[19,15,7,23,3,11,21,9,13,1,4,24],[19,3,23,11,15,7,9,21,13,1,24],[23,3,7,15,19,11,21,9,13,1,24],[15,11,3,23,19,7,21,9,13,1,24],[11,3,19,23,15,7,21,9,13,1,4,24],[11,15,19,23,7,3,9,21,13,1,24],[15,11,3,19,7,23,21,9,13,1,4,24],[19,23,15,3,11,7,9,21,13,1,24],[7,11,19,15,23,3,21,9,13,1,4,24],[23,11,19,7,15,3,9,21,13,1,24],[11,15,7,23,19,3,21,9,13,1,4,24],[23,7,3,11,19,15,21,9,13,1,4,24],[7,3,11,15,23,19,21,9,13,1,4,24],[19,23,15,11,3,7,9,21,13,1,4,24],[3,7,11,19,23,15,9,21,13,1,24],[3,7,19,11,23,15,21,9,13,1,4,24],[15,19,7,23,11,3,21,9,13,1,4,24],[7,3,11,15,19,23,21,9,13,1,4,24],[11,7,3,19,15,23,21,9,13,1,4,24],[11,7,3,19,15,23,9,21,13,1,24],[23,19,3,7,15,11,9,21,13,1,24],[23,7,19,11,15,3,9,21,13,1,24],[23,19,7,3,15,11,9,21,13,1,4,24],[3,15,23,7,19,11,9,21,13,1,24],[23,3,11,7,15,19,9,21,13,1,24],[3,7,15,23,11,19,9,21,13,1,24],[11,15,3,23,19,7,9,21,13,1,24],[15,19,11,3,23,7,21,9,13,1,24],[15,19,3,11,7,23,21,9,13,1,24],[3,11,23,15,19,7,21,9,13,1,24],[19,3,23,11,15,7,9,21,13,1,4,24],[3,23,19,11,7,15,21,9,13,1,4,24],[3,23,7,19,15,11,21,9,13,1,4,24],[3,7,19,11,23,15,21,9,13,1,4,24],[15,23,3,19,7,11,21,9,13,1,4,24],[11,23,7,3,19,15,9,21,13,1,24],[15,3,7,23,11,19,9,21,13,1,24],[11,23,15,19,7,3,9,21,13,1,4,24],[15,11,7,3,23,19,21,9,13,1,4,24],[15,23,7,19,3,11,21,9,13,1,4,24],[15,19,23,3,11,7,9,21,13,1,24],[7,23,11,19,3,15,9,21,13,1,24],[7,23,15,3,19,11,9,21,13,1,24],[7,3,11,23,15,19,9,21,13,1,24],[23,7,3,11,19,15,21,9,13,1,24],[15,7,11,3,23,19,21,9,13,1,4,24],[15,7,19,11,3,23,9,21,13,1,4,24],[23,11,7,19,3,15,9,21,13,1,4,24],[15,19,7,11,23,3,21,9,13,1,24],[11,3,23,15,19,7,9,21,13,1,4,24],[3,15,11,23,7,19,9,21,13,1,4,24],[3,23,7,15,11,19,9,21,13,1,24],[3,23,11,7,15,19,9,21,13,1,4,24],[3,7,11,19,23,15,21,9,13,1,24],[7,15,19,23,11,3,9,21,13,1,24],[15,3,7,19,23,11,9,21,13,1,24],[15,23,19,3,11,7,9,21,13,1,4,24],[7,19,15,11,23,3,9,21,13,1,4,24],[3,15,23,11,19,7,21,9,13,1,4,24],[3,19,23,11,15,7,21,9,13,1,4,24],[19,15,23,3,7,11,21,9,13,1,4,24],[3,7,19,15,23,11,21,9,13,1,24],[7,19,15,11,3,23,21,9,13,1,24],[15,3,7,19,23,11,21,9,13,1,4,24],[15,3,19,11,7,23,21,9,13,1,24],[11,7,23,15,3,19,9,21,13,1,24],[3,15,23,11,7,19,9,21,13,1,24],[15,23,19,7,11,3,9,21,13,1,4,24],[15,11,19,7,3,23,9,21,13,1,24],[19,7,11,3,15,23,9,21,13,1,24],[15,7,23,19,3,11,9,21,13,1,4,24],[19,15,11,3,7,23,9,21,13,1,4,24],[7,19,3,15,23,11,21,9,13,1,24],[19,23,11,3,15,7,21,9,13,1,4,24],[19,3,23,11,7,15,9,21,13,1,24],[19,7,15,11,23,3,9,21,13,1,24],[15,19,3,7,23,11,21,9,13,1,24],[19,7,3,11,23,15,21,9,13,1,24],[19,7,23,15,3,11,9,21,13,1,24],[3,11,7,19,15,23,21,9,13,1,4,24],[15,11,23,19,3,7,9,21,13,1,4,24],[11,3,15,7,19,23,21,9,1,24],[7,15,19,23,3,11,21,9,13,1,24],[11,23,3,15,7,19,21,9,13,1,24],[23,15,7,19,3,11,9,21,13,1,24],[11,3,23,7,15,19,9,21,13,1,24],[7,15,23,11,3,19,21,9,13,1,4,24],[11,19,23,7,3,15,9,21,13,1,4,24],[3,11,15,7,23,19,21,9,13,1,4,24],[3,11,23,19,15,7,21,9,13,1,4,24],[19,3,23,15,11,7,21,9,13,1,24],[23,15,19,7,11,3,21,9,13,1,24],[23,15,11,19,7,3,21,9,13,1,4,24],[15,11,3,7,23,19,9,21,13,1,4,24],[3,15,11,23,7,19,21,9,13,1,4,24],[3,11,15,23,19,7,21,9,13,1,24],[19,23,11,3,15,7,21,9,13,1,24],[15,23,11,19,3,7,9,21,13,1,24],[23,15,19,11,7,3,9,21,13,1,24],[19,7,11,23,3,15,21,9,13,1,24],[19,23,15,7,11,3,21,9,13,1,24],[19,15,23,11,3,7,21,9,13,1,24],[19,7,3,15,11,23,21,9,13,1,24],[15,19,7,3,23,11,21,9,13,1,24],[19,7,15,3,11,23,9,21,13,1,24],[3,15,7,11,23,19,9,21,13,1,24],[3,15,19,7,11,23,9,21,13,1,24],[7,19,11,3,15,23,21,9,13,1,4,24],[3,7,19,15,11,23,9,21,13,1,24],[15,23,19,3,7,11,9,21,13,1,24],[23,15,3,11,19,7,21,9,13,1,4,24],[23,3,19,11,15,7,9,21,13,1,24],[7,19,11,23,15,3,9,21,13,1,4,24],[7,3,11,19,15,23,9,21,13,1,4,24],[15,19,3,7,11,23,21,9,13,1,24],[3,15,19,11,23,7,21,9,13,1,24],[23,11,3,19,15,7,21,9,13,1,24],[15,7,11,3,23,19,9,21,13,1,4,24],[11,3,23,15,19,7,21,9,13,1,4,24],[11,15,7,3,19,23,21,9,13,1,24],[19,15,7,23,11,3,21,9,13,1,4,24],[7,11,19,3,15,23,21,9,13,1,24],[7,15,3,23,11,19,9,21,13,1,4,24],[11,15,3,7,23,19,21,9,13,1,24],[15,19,23,7,3,11,9,21,13,1,4,24],[19,23,11,7,3,15,21,9,13,1,24],[7,11,15,19,23,3,21,9,13,1,4,24],[7,11,15,3,19,23,21,9,13,1,4,24],[19,11,23,3,7,15,21,9,13,1,4,24],[15,3,7,23,19,11,9,21,13,1,24],[7,23,19,3,15,11,9,21,13,1,24],[7,3,15,11,23,19,21,9,13,1,24],[7,3,11,19,23,15,21,9,13,1,4,24],[3,23,7,11,15,19,21,9,13,1,4,24],[3,19,23,7,15,11,9,21,13,1,24],[15,3,23,11,7,19,9,21,13,1,24],[15,19,3,11,23,7,9,21,13,1,24],[11,7,23,3,19,15,9,21,13,1,4,24],[11,7,23,19,3,15,21,9,13,1,24],[7,11,19,23,3,15,9,21,13,1,24],[23,15,7,19,11,3,21,9,13,1,24],[3,19,11,7,15,23,9,21,13,1,4,24],[15,23,19,3,11,7,21,9,13,1,4,24],[19,3,15,23,11,7,21,9,13,1,4,24],[7,11,23,19,15,3,21,9,13,1,24],[11,7,3,23,15,19,9,21,13,1,24],[15,7,19,23,11,3,9,21,13,1,4,24],[23,15,19,11,3,7,21,9,13,1,24],[23,19,15,3,11,7,9,21,13,1,4,24],[11,23,7,19,15,3,9,21,13,1,24],[23,3,15,7,19,11,21,9,13,1,24],[15,11,19,3,7,23,9,21,13,1,24],[11,7,15,3,23,19,9,21,13,1,24],[3,15,19,23,7,11,9,21,13,1,4,24],[15,7,11,3,19,23,21,9,13,1,4,24],[11,15,3,19,23,7,9,21,13,1,24],[3,23,15,19,7,11,9,21,13,1,4,24],[11,3,23,19,15,7,9,21,13,1,4,24],[3,11,15,19,23,7,21,9,13,1,24],[15,11,19,23,7,3,9,21,13,1,24],[11,19,7,3,15,23,9,21,13,1,24],[7,3,15,23,11,19,9,21,13,1,24],[19,7,11,15,3,23,21,9,13,1,24],[23,3,7,15,19,11,9,21,13,1,24],[3,15,7,11,19,23,21,9,13,1,4,24],[3,15,19,7,11,23,21,9,13,1,24],[23,11,19,7,3,15,21,9,13,1,4,24],[23,15,19,3,7,11,9,21,13,1,24],[3,23,7,11,15,19,21,9,13,1,24],[3,15,11,7,23,19,9,21,13,1,24],[15,23,11,19,7,3,9,21,13,1,24],[7,19,23,15,3,11,9,21,13,1,4,24],[7,11,23,19,3,15,21,9,13,1,4,24],[23,11,19,7,15,3,21,9,13,1,4,24],[23,7,19,3,15,11,21,9,13,1,4,24],[15,3,11,19,23,7,9,21,13,1,4,24],[23,19,3,7,11,15,9,21,13,1,24],[23,19,11,7,15,3,21,9,13,1,24],[15,11,19,23,7,3,9,21,13,1,4,24],[15,19,3,11,7,23,21,9,13,1,4,24],[23,19,7,11,3,15,9,21,13,1,24],[3,7,11,19,23,15,21,9,13,1,24],[11,3,23,7,19,15,21,9,13,1,4,24],[7,3,11,23,15,19,21,9,13,1,4,24],[3,7,15,19,23,11,9,21,13,1,4,24],[15,3,7,11,23,19,9,21,13,1,4,24],[15,19,3,11,7,23,21,9,13,1,4,24],[19,11,23,7,15,3,21,9,13,1,4,24],[11,3,7,23,15,19,21,9,13,1,24],[15,3,23,19,7,11,9,21,13,1,4,24],[19,7,3,23,11,15,21,9,13,1,4,24],[19,15,7,11,3,23,9,21,13,1,24],[3,19,15,23,7,11,21,9,13,1,24],[7,3,19,15,23,11,9,21,13,1,24],[7,19,15,23,11,3,9,21,13,1,4,24],[19,3,11,7,15,23,21,9,13,1,4,24],[7,11,23,3,19,15,21,9,13,1,4,24],[7,11,23,19,15,3,21,9,13,1,24],[15,3,23,7,19,11,21,9,13,1,4,24],[3,11,15,23,19,7,9,21,13,1,24],[3,11,7,23,15,19,21,9,13,1,4,24],[19,7,3,23,15,11,21,9,13,1,24],[7,19,3,11,23,15,21,9,13,1,4,24],[15,11,3,19,7,23,21,9,13,1,24],[7,3,23,11,15,19,21,9,13,1,24],[19,11,15,7,23,3,9,21,13,1,24],[15,3,11,23,19,7,21,9,13,1,24],[7,23,15,11,3,19,9,21,13,1,24],[11,19,3,7,23,15,21,9,13,1,24],[7,15,11,3,23,19,21,9,13,1,4,24],[7,19,15,3,11,23,9,21,13,1,24],[23,3,7,11,15,19,9,21,13,1,4,24],[3,7,11,19,23,15,9,21,13,1,4,24],[19,23,15,7,11,3,21,9,13,1,4,24],[7,23,11,15,3,19,9,21,13,1,24],[7,15,11,3,19,23,9,21,13,1,24],[7,15,19,23,11,3,21,9,13,1,24],[3,7,23,15,11,19,9,21,13,1,24],[3,11,7,15,19,23,21,9,13,1,24],[23,15,7,19,3,11,21,9,13,1,24],[7,15,23,19,11,3,21,9,13,1,24],[23,3,15,11,7,19,21,9,13,1,24],[3,19,15,7,23,11,21,9,13,1,4,24],[11,7,15,19,3,23,21,9,13,1,4,24],[11,15,7,19,23,3,21,9,13,1,4,24],[19,11,15,3,7,23,9,21,13,1,4,24],[23,19,15,7,3,11,9,21,13,1,24],[3,11,15,23,7,19,21,9,13,1,4,24],[15,19,11,3,23,7,9,21,13,1,4,24],[11,19,3,7,15,23,21,9,13,1,4,24],[11,23,19,7,3,15,9,21,13,1,24],[3,11,7,15,23,19,21,9,13,1,4,24],[19,7,11,3,15,23,9,21,13,1,4,24],[3,19,23,15,11,7,9,21,13,1,24],[23,11,15,19,3,7,21,9,13,1,4,24],[19,23,11,3,7,15,9,21,13,1,24],[23,3,11,19,15,7,21,9,1,4,24],[3,11,15,23,7,19,21,9,13,1,24],[23,11,15,3,7,19,21,9,13,1,24],[11,3,7,19,15,23,21,9,13,1,4,24],[3,15,23,11,19,7,9,21,13,1,4,24],[7,3,23,19,11,15,9,21,13,1,4,24],[11,19,3,15,23,7,9,21,13,1,4,24],[11,3,23,19,15,7,9,21,13,1,4,24],[15,19,11,3,7,23,9,21,13,1,24],[11,23,7,15,19,3,21,9,13,1,4,24],[19,3,7,11,15,23,9,21,13,1,4,24],[19,23,7,11,3,15,21,9,1,4,24],[3,7,15,23,11,19,21,9,13,1,24],[23,3,11,7,19,15,9,21,13,1,4,24],[3,23,19,15,7,11,21,9,13,1,4,24],[7,3,19,11,15,23,9,21,13,1,24],[3,23,7,11,15,19,9,21,13,1,4,24],[11,23,7,15,19,3,21,9,13,1,4,24],[15,19,11,7,23,3,9,21,13,1,24],[7,23,15,11,3,19,9,21,13,1,24],[23,11,3,19,15,7,9,21,13,1,24],[3,7,11,15,19,23,9,21,13,1,24],[3,23,19,7,15,11,9,21,13,1,24],[3,11,15,7,19,23,21,9,13,1,4,24],[19,3,23,15,11,7,21,9,13,1,4,24],[11,15,3,7,23,19,21,9,13,1,24],[15,3,23,7,19,11,9,21,13,1,4,24],[23,7,19,15,11,3,9,21,13,1,24],[11,3,19,15,23,7,21,9,13,1,4,24],[3,15,23,11,19,7,21,9,13,1,24],[11,3,19,23,15,7,9,21,13,1,4,24],[11,15,3,23,7,19,21,9,13,1,4,24],[23,7,11,19,15,3,21,9,13,1,24],[15,3,19,7,23,11,21,9,13,1,24],[7,15,3,11,23,19,21,9,13,1,4,24],[23,11,7,3,15,19,9,21,13,1,24],[23,19,11,15,7,3,9,21,13,1,4,24],[3,19,15,7,11,23,21,9,13,1,4,24],[19,11,3,15,23,7,9,21,13,1,4,24],[19,15,7,23,11,3,21,9,13,1,4,24],[15,23,7,3,19,11,21,9,1,4,24],[3,19,11,23,7,15,21,9,13,1,4,24],[15,11,23,7,19,3,21,9,13,1,4,24],[3,11,23,7,19,15,9,21,13,1,4,24],[19,3,15,11,7,23,21,9,13,1,4,24],[23,11,7,3,19,15,21,9,13,1,4,24],[19,7,23,11,3,15,21,9,13,1,24],[23,3,15,19,7,11,9,21,13,1,4,24],[3,19,15,11,7,23,21,9,13,1,4,24],[15,23,19,7,11,3,21,9,13,1,24],[23,15,7,19,3,11,9,21,13,1,4,24],[11,15,23,7,19,3,21,9,13,1,4,24],[11,7,19,23,3,15,9,21,13,1,4,24],[23,15,7,11,3,19,21,9,13,1,4,24],[3,19,23,15,11,7,21,9,13,1,4,24],[3,19,11,15,23,7,9,21,13,1,4,24],[7,11,19,23,15,3,21,9,13,1,4,24],[19,15,3,7,23,11,9,21,13,1,4,24],[19,3,7,11,23,15,21,9,13,1,24],[23,7,3,19,15,11,9,21,13,1,24],[3,19,7,15,11,23,9,21,13,1,24],[7,19,3,11,23,15,21,9,13,1,4,24],[15,23,3,19,11,7,21,9,13,1,4,24],[7,11,3,23,19,15,9,21,13,1,4,24],[11,15,3,7,19,23,21,9,13,1,24],[15,3,23,11,19,7,9,21,13,1,4,24],[23,7,19,11,3,15,21,9,13,1,24],[23,15,19,7,11,3,9,21,13,1,4,24],[7,15,23,3,11,19,21,9,13,1,24],[11,7,23,15,19,3,21,9,13,1,24],[19,3,11,23,7,15,21,9,13,1,24],[11,7,19,15,23,3,9,21,13,1,24],[19,23,7,15,3,11,21,9,13,1,24],[15,19,23,3,11,7,9,21,13,1,4,24],[3,23,15,11,7,19,9,21,13,1,4,24],[7,3,15,11,23,19,21,9,13,1,4,24],[3,23,7,15,19,11,9,21,13,1,24],[3,7,23,11,15,19,9,21,13,1,4,24],[23,11,7,15,19,3,9,21,13,1,4,24],[15,23,19,3,7,11,9,21,13,1,4,24],[15,3,19,11,23,7,21,9,13,1,24],[19,23,11,15,3,7,9,21,13,1,24],[23,7,3,15,11,19,21,9,13,1,4,24],[7,3,15,11,19,23,9,21,13,1,4,24],[23,11,19,3,15,7,9,21,13,1,4,24],[3,11,15,23,19,7,21,9,13,1,24],[11,15,7,3,19,23,9,21,13,1,24],[11,7,3,19,15,23,9,21,13,1,24],[19,23,7,15,3,11,9,21,13,1,4,24],[11,23,7,19,3,15,21,9,13,1,4,24],[3,19,7,23,15,11,21,9,13,1,24],[23,11,19,7,3,15,21,9,13,1,24],[3,15,7,19,23,11,9,21,13,1,24],[19,7,3,11,15,23,9,21,13,1,24],[11,19,7,15,3,23,21,9,13,1,24],[19,11,3,15,7,23,21,9,13,1,24],[15,7,19,3,11,23,21,9,13,1,4,24],[15,19,7,23,3,11,21,9,13,1,4,24],[3,23,19,7,11,15,21,9,13,1,4,24],[11,19,7,15,3,23,21,9,13,1,4,24],[3,7,19,23,11,15,21,9,13,1,24],[23,15,3,7,11,19,21,9,13,1,4,24],[15,7,19,11,3,23,9,21,13,1,24],[3,15,19,11,23,7,9,21,13,1,24],[23,11,15,19,7,3,9,21,13,1,24],[11,19,15,23,7,3,21,9,13,1,4,24],[7,19,23,11,3,15,9,21,13,1,4,24],[11,19,15,3,23,7,21,9,13,1,4,24],[7,15,3,11,23,19,21,9,13,1,4,24],[19,11,15,7,23,3,21,9,13,1,24],[19,23,7,3,11,15,21,9,13,1,24],[19,7,23,11,15,3,21,9,13,1,24],[3,19,7,11,15,23,21,9,13,1,4,24],[23,7,19,11,3,15,21,9,13,1,4,24],[15,11,7,19,23,3,21,9,13,1,4,24],[7,19,23,3,11,15,9,21,13,1,4,24],[11,15,7,23,3,19,21,9,13,1,4,24],[23,3,19,11,15,7,9,21,13,1,4,24],[19,3,15,11,7,23,21,9,13,1,4,24],[23,19,3,7,11,15,9,21,13,1,4,24],[3,19,11,15,7,23,21,9,13,1,4,24],[7,15,11,19,3,23,21,9,13,1,24],[3,15,7,11,23,19,21,9,13,1,4,24],[7,23,3,19,15,11,21,9,13,1,24],[15,7,19,11,23,3,9,21,13,1,4,24],[11,23,19,7,15,3,21,9,13,1,4,24],[19,23,3,7,15,11,9,21,13,1,4,24],[3,15,7,23,19,11,21,9,13,1,4,24],[3,15,23,19,11,7,9,21,13,1,4,24],[19,11,23,15,7,3,9,21,13,1,24],[7,23,3,11,19,15,21,9,13,1,24],[23,7,15,3,11,19,9,21,13,1,24],[7,11,19,15,23,3,9,21,13,1,24],[19,3,15,23,11,7,9,21,13,1,4,24],[7,23,11,15,19,3,21,9,13,1,4,24],[15,7,3,11,19,23,21,9,13,1,24],[11,15,23,19,3,7,21,9,13,1,24],[19,7,11,15,3,23,21,9,13,1,4,24],[15,19,7,23,11,3,9,21,13,1,24],[19,3,23,15,11,7,9,21,13,1,4,24],[3,19,11,7,23,15,9,21,13,1,4,24],[15,3,23,11,19,7,21,9,13,1,24],[7,15,11,3,19,23,21,9,13,1,4,24],[7,15,23,11,19,3,21,9,13,1,4,24],[7,3,19,23,15,11,21,9,13,1,4,24],[3,11,15,7,23,19,9,21,13,1,24],[23,11,19,3,7,15,9,21,13,1,24],[19,11,7,3,23,15,9,21,13,1,24],[23,3,11,15,7,19,21,9,13,1,24],[3,7,15,23,11,19,21,9,13,1,24],[15,11,19,7,3,23,21,9,13,1,4,24],[11,7,3,19,15,23,9,21,13,1,24],[19,7,15,3,23,11,9,21,13,1,24],[3,23,7,15,19,11,9,21,13,1,24],[11,3,19,15,23,7,21,9,13,1,24],[3,11,23,19,7,15,21,9,13,1,24],[23,11,3,19,15,7,21,9,13,1,4,24],[15,23,19,11,3,7,21,9,13,1,4,24],[23,19,15,7,11,3,9,21,13,1,4,24],[7,11,3,15,23,19,21,9,13,1,24],[11,15,19,23,3,7,21,9,13,1,4,24],[19,23,7,3,11,15,21,9,13,1,24],[11,7,3,15,23,19,21,9,13,1,24],[15,3,7,23,19,11,21,9,13,1,4,24],[23,7,11,15,3,19,21,9,13,1,24],[3,11,7,19,23,15,21,9,13,1,24],[23,15,7,3,19,11,9,21,13,1,24],[23,11,3,15,7,19,21,9,13,1,4,24],[3,15,11,7,23,19,21,9,13,1,24],[23,3,11,15,7,19,9,21,13,1,24],[15,19,23,7,11,3,21,9,13,1,4,24],[3,7,19,11,15,23,21,9,13,1,24],[3,15,7,23,11,19,9,21,13,1,24],[23,15,7,3,19,11,21,9,13,1,24],[11,7,19,23,3,15,21,9,13,1,24],[15,7,3,19,23,11,21,9,13,1,24],[23,11,3,19,7,15,21,9,13,1,24],[23,19,7,15,3,11,9,21,13,1,4,24],[11,23,19,15,7,3,9,21,13,1,4,24],[19,23,15,7,3,11,9,21,13,1,4,24],[19,3,23,11,15,7,21,9,13,1,24],[11,19,15,23,3,7,21,9,13,1,24],[19,7,15,23,3,11,9,21,13,1,4,24],[15,23,19,7,3,11,9,21,13,1,24],[11,7,3,23,19,15,9,21,13,1,4,24],[19,7,11,15,23,3,9,21,13,1,24],[11,15,19,3,23,7,21,9,13,1,24],[11,23,15,19,3,7,21,9,13,1,24],[7,19,3,15,23,11,21,9,13,1,4,24],[23,11,15,7,3,19,21,9,13,1,24],[15,3,7,19,23,11,21,9,13,1,24],[15,11,19,3,23,7,9,21,13,1,24],[23,7,3,11,15,19,21,9,13,1,24],[19,11,7,3,15,23,9,21,13,1,24],[3,19,23,15,7,11,9,21,13,1,24],[15,19,3,11,23,7,21,9,13,1,24],[11,3,7,23,19,15,9,21,13,1,24],[3,19,23,11,7,15,9,21,13,1,4,24],[23,19,15,7,3,11,9,21,13,1,4,24],[3,11,7,23,19,15,9,21,13,1,24],[7,15,11,3,19,23,21,9,13,1,4,24],[23,7,19,3,11,15,21,9,13,1,4,24],[15,19,11,23,7,3,21,9,13,1,24],[11,19,15,23,7,3,21,9,13,1,24],[3,7,23,11,19,15,21,9,13,1,24],[7,23,19,3,11,15,9,21,13,1,24],[15,7,19,23,3,11,21,9,13,1,24],[11,7,19,23,3,15,9,21,13,1,4,24],[15,19,11,3,23,7,9,21,13,1,4,24],[23,19,3,11,15,7,21,9,13,1,4,24],[3,15,11,7,19,23,21,9,13,1,4,24],[15,23,7,3,11,19,9,21,13,1,24],[3,11,23,19,7,15,9,21,13,1,24],[15,19,11,7,3,23,9,21,13,1,24],[23,15,3,11,7,19,9,21,13,1,4,24],[3,19,15,11,7,23,21,9,13,1,24],[7,11,15,3,19,23,9,21,13,1,24],[15,11,23,3,7,19,21,9,13,1,4,24],[11,15,3,19,23,7,21,9,13,1,24],[7,11,15,19,23,3,9,21,13,1,24],[7,11,15,19,3,23,21,9,13,1,24],[7,19,3,11,15,23,21,9,13,1,24],[11,3,7,19,15,23,9,21,13,1,4,24],[15,3,23,7,19,11,21,9,13,1,24],[11,7,3,23,15,19,9,21,13,1,24],[11,15,23,3,19,7,9,21,13,1,4,24],[11,19,23,3,15,7,21,9,13,1,24],[15,23,11,3,19,7,21,9,13,1,24],[23,15,7,3,19,11,21,9,13,1,24],[19,7,3,15,11,23,9,21,13,1,24],[7,23,3,19,11,15,21,9,13,1,4,24],[7,15,11,19,23,3,9,21,13,1,24],[23,7,19,3,15,11,21,9,13,1,4,24],[23,15,11,7,3,19,21,9,13,1,24],[11,3,7,23,15,19,21,9,13,1,4,24],[3,15,7,23,11,19,21,9,13,1,24],[3,23,11,19,7,15,21,9,13,1,24],[23,19,7,3,15,11,21,9,13,1,24],[15,23,19,3,11,7,9,21,13,1,4,24],[15,3,19,11,23,7,9,21,13,1,24],[11,15,7,23,19,3,21,9,13,1,24],[3,7,15,19,23,11,9,21,13,1,4,24],[23,3,19,15,7,11,9,21,13,1,4,24],[15,23,19,3,7,11,9,21,13,1,24],[3,19,7,11,15,23,9,21,13,1,24],[15,19,3,23,11,7,9,21,13,1,24],[11,15,3,23,7,19,9,21,13,1,24],[19,7,3,23,11,15,9,21,13,1,4,24],[19,3,7,23,11,15,21,9,13,1,4,24],[15,7,11,23,19,3,9,21,13,1,4,24],[3,11,19,15,23,7,21,9,13,1,4,24],[7,15,3,19,11,23,9,21,13,1,24],[7,19,3,23,11,15,9,21,13,1,24],[7,23,3,11,15,19,21,9,13,1,4,24],[3,15,11,19,23,7,9,21,13,1,4,24],[23,11,3,15,19,7,21,9,13,1,4,24],[23,11,15,3,19,7,21,9,13,1,4,24],[11,3,23,19,7,15,9,21,13,1,4,24],[7,19,11,3,15,23,9,21,13,1,24],[15,23,19,7,11,3,9,21,13,1,4,24],[3,19,11,15,7,23,9,21,13,1,24],[23,19,11,15,7,3,21,9,13,1,24],[11,3,7,19,23,15,9,21,13,1,4,24],[15,11,7,23,3,19,9,21,13,1,4,24],[7,19,11,15,3,23,9,21,13,1,24],[23,11,3,19,7,15,21,9,13,1,4,24],[19,15,23,11,3,7,21,9,13,1,4,24],[3,11,19,15,7,23,21,9,13,1,24],[11,23,19,3,15,7,9,21,13,1,24],[11,23,15,7,3,19,21,9,13,1,24],[7,15,11,23,3,19,9,21,13,1,24],[11,3,15,7,23,19,9,21,13,1,4,24],[3,15,7,23,11,19,21,9,13,1,4,24],[3,23,11,19,7,15,21,9,13,1,24],[7,23,11,3,15,19,21,9,13,1,24],[19,7,23,3,15,11,21,9,13,1,4,24],[19,7,3,11,23,15,9,21,13,1,4,24],[23,15,7,19,3,11,21,9,13,1,24],[7,23,19,15,3,11,21,9,13,1,24],[11,3,15,19,7,23,9,21,13,1,4,24],[23,3,15,7,11,19,21,9,13,1,24],[19,23,3,15,7,11,21,9,13,1,4,24],[7,3,19,23,11,15,21,9,13,1,4,24],[11,15,19,7,3,23,21,9,13,1,24],[7,11,15,23,3,19,21,9,13,1,4,24],[3,11,7,19,23,15,21,9,13,1,24],[19,3,15,7,23,11,9,21,13,1,24],[7,23,11,15,3,19,9,21,13,1,4,24],[15,11,7,19,3,23,9,21,13,1,24],[19,3,11,15,7,23,21,9,13,1,4,24],[19,3,15,7,11,23,21,9,13,1,24],[3,23,15,11,7,19,9,21,13,1,24],[19,11,3,15,23,7,21,9,13,1,24],[19,3,15,23,11,7,9,21,13,1,4,24],[19,23,11,3,7,15,9,21,13,1,24],[23,11,7,3,15,19,21,9,13,1,24],[23,11,19,15,7,3,9,21,13,1,4,24],[15,11,19,7,3,23,21,9,13,1,4,24],[11,23,19,3,7,15,9,21,13,1,4,24],[11,15,7,23,3,19,9,21,13,1,4,24],[3,19,11,23,15,7,21,9,13,1,24],[3,23,11,7,19,15,21,9,13,1,4,24],[15,19,11,7,3,23,9,21,13,1,24],[23,15,19,7,3,11,21,9,13,1,4,24],[11,3,15,23,7,19,21,9,13,1,4,24],[11,3,7,19,23,15,9,21,13,1,24],[3,15,23,7,11,19,9,21,13,1,4,24],[3,11,19,15,7,23,21,9,13,1,24],[7,19,11,3,23,15,21,9,13,1,4,24],[15,3,11,7,23,19,9,21,13,1,24],[19,23,11,7,15,3,21,9,13,1,4,24],[19,11,15,23,3,7,21,9,13,1,4,24],[19,3,11,7,23,15,9,21,13,1,24],[19,7,23,15,3,11,21,9,13,1,24],[23,7,3,15,11,19,9,21,13,1,24],[19,23,15,7,3,11,21,9,13,1,4,24],[11,15,3,7,19,23,9,21,13,1,4,24],[3,11,15,23,7,19,21,9,13,1,4,24],[19,7,15,3,23,11,21,9,13,1,24],[23,7,19,3,11,15,21,9,13,1,24],[19,7,3,15,11,23,9,21,13,1,24],[7,19,11,3,23,15,21,9,13,1,24],[11,7,19,15,3,23,9,21,13,1,4,24],[23,7,3,15,19,11,9,21,13,1,24],[15,3,19,23,7,11,9,21,13,1,24],[11,23,3,7,15,19,21,9,13,1,24],[15,7,3,19,23,11,9,21,13,1,24],[3,15,23,7,11,19,9,21,13,1,24],[7,23,15,3,11,19,9,21,13,1,24],[11,15,3,19,7,23,9,21,13,1,24],[15,3,23,11,7,19,9,21,13,1,4,24],[23,15,3,11,19,7,9,21,13,1,4,24],[3,7,11,19,23,15,9,21,13,1,4,24],[23,19,7,15,3,11,9,21,13,1,4,24],[3,19,7,15,23,11,21,9,13,1,4,24],[3,11,7,19,15,23,9,21,13,1,24],[15,23,11,3,7,19,9,21,13,1,4,24],[19,11,23,15,7,3,21,9,13,1,24],[11,23,3,15,19,7,9,21,13,1,4,24],[7,11,23,15,3,19,21,9,13,1,24],[7,19,3,11,23,15,21,9,13,1,4,24],[19,11,23,3,7,15,9,21,13,1,24],[15,11,19,3,23,7,21,9,13,1,4,24],[23,3,11,7,19,15,9,21,13,1,4,24],[11,15,19,3,7,23,21,9,13,1,24],[11,7,23,3,19,15,9,21,13,1,4,24],[23,19,3,7,11,15,9,21,13,1,24],[19,3,15,7,23,11,21,9,13,1,4,24],[7,19,11,15,23,3,21,9,13,1,24],[7,3,19,15,11,23,9,21,13,1,4,24],[19,23,11,3,15,7,9,21,13,1,24],[15,23,11,7,19,3,21,9,13,1,24],[15,7,23,3,11,19,21,9,13,1,4,24],[19,3,7,23,15,11,9,21,13,1,24],[19,15,7,3,11,23,21,9,13,1,4,24],[11,23,7,15,3,19,9,21,13,1,24],[7,19,3,23,11,15,21,9,13,1,4,24],[15,23,3,19,11,7,9,21,13,1,24],[11,19,3,23,7,15,9,21,13,1,24],[19,3,15,7,23,11,21,9,13,1,4,24],[19,15,23,11,7,3,21,9,13,1,24],[11,7,15,19,23,3,9,21,13,1,4,24],[11,23,15,19,7,3,21,9,13,1,24],[23,7,3,19,11,15,21,9,13,1,24],[23,3,15,19,7,11,9,21,13,1,24],[3,11,15,19,7,23,9,21,13,1,24],[19,23,15,7,3,11,9,21,13,1,4,24],[15,7,3,11,19,23,9,21,13,1,4,24],[23,11,19,7,3,15,9,21,13,1,24],[15,11,19,3,23,7,9,21,13,1,4,24],[23,3,7,19,15,11,9,21,13,1,24],[19,23,11,15,3,7,21,9,13,1,4,24],[3,23,7,15,11,19,21,9,13,1,24],[7,19,23,3,15,11,9,21,13,1,24],[3,15,11,23,19,7,9,21,13,1,24],[7,23,3,11,19,15,21,9,13,1,24],[3,19,23,7,11,15,21,9,13,1,24],[11,15,3,7,19,23,21,9,13,1,24],[19,7,23,11,3,15,9,21,13,1,4,24],[15,11,23,19,3,7,9,21,13,1,24],[15,19,7,3,11,23,9,21,13,1,24],[11,19,7,15,23,3,21,9,13,1,24],[23,11,15,19,3,7,9,21,13,1,24],[3,7,23,15,19,11,9,21,13,1,24],[11,3,7,23,15,19,21,9,13,1,24],[3,15,19,23,7,11,21,9,13,1,24],[15,3,11,19,7,23,21,9,13,1,4,24],[7,15,23,3,11,19,9,21,13,1,24],[7,15,23,11,3,19,21,9,13,1,4,24],[23,3,15,7,19,11,21,9,13,1,4,24],[19,7,3,15,23,11,21,9,13,1,24],[7,15,11,3,23,19,9,21,13,1,4,24],[23,15,7,11,3,19,21,9,13,1,24],[7,19,3,11,23,15,21,9,13,1,4,24],[3,19,7,15,23,11,9,21,13,1,4,24],[19,3,11,15,7,23,21,9,13,1,24],[15,11,19,23,7,3,21,9,13,1,4,24],[19,11,23,3,15,7,21,9,13,1,4,24],[11,15,3,7,19,23,9,21,13,1,4,24],[7,3,11,19,23,15,21,9,13,1,24],[3,7,11,23,15,19,21,9,13,1,24],[23,15,19,3,11,7,21,9,13,1,24],[19,23,7,15,3,11,21,9,13,1,4,24],[19,7,15,23,3,11,21,9,13,1,4,24],[15,11,23,19,3,7,21,9,13,1,24],[23,7,19,11,3,15,21,9,13,1,4,24],[23,15,7,3,11,19,21,9,13,1,4,24],[23,11,7,15,19,3,9,21,13,1,4,24],[11,3,23,7,15,19,9,21,13,1,4,24],[19,7,11,23,15,3,9,21,13,1,24],[15,7,11,3,19,23,9,21,13,1,4,24],[15,7,3,23,19,11,9,21,13,1,24],[23,3,7,11,15,19,9,21,13,1,4,24],[11,3,23,7,19,15,9,21,13,1,4,24],[19,23,11,3,7,15,9,21,13,1,4,24],[11,7,15,23,3,19,21,9,13,1,24],[3,15,11,7,23,19,21,9,13,1,4,24],[3,7,11,19,23,15,9,21,13,1,24],[19,23,3,11,15,7,21,9,13,1,24],[7,3,15,23,11,19,21,9,13,1,4,24],[23,7,15,19,3,11,9,21,13,1,4,24],[11,19,7,3,23,15,9,21,13,1,24],[7,3,15,23,11,19,9,21,13,1,4,24],[15,19,3,11,23,7,9,21,13,1,4,24],[11,3,19,15,7,23,9,21,13,1,4,24],[3,11,19,23,7,15,21,9,13,1,24],[7,19,3,23,15,11,21,9,13,1,24],[15,23,7,3,19,11,21,9,13,1,4,24],[3,11,7,23,19,15,9,21,13,1,24],[19,15,11,7,3,23,9,21,13,1,4,24],[11,7,19,3,15,23,21,9,13,1,4,24],[15,23,7,19,3,11,21,9,13,1,4,24],[11,15,3,19,23,7,9,21,13,1,24],[3,19,15,23,11,7,9,21,13,1,24],[3,19,11,7,15,23,9,21,13,1,24],[15,11,3,7,23,19,21,9,13,1,4,24],[3,11,7,23,15,19,21,9,13,1,4,24],[3,19,11,7,15,23,9,21,13,1,4,24],[11,3,23,15,7,19,21,9,13,1,4,24],[23,11,7,15,19,3,21,9,13,1,4,24],[11,19,15,23,7,3,9,21,13,1,4,24],[7,15,3,19,23,11,21,9,13,1,24],[19,15,3,11,23,7,9,21,13,1,4,24],[23,11,15,19,7,3,9,21,13,1,24],[23,3,15,7,19,11,21,9,13,1,4,24],[11,7,23,19,15,3,9,21,13,1,24],[7,15,3,11,23,19,21,9,13,1,24],[3,7,11,15,23,19,9,21,13,1,4,24],[19,3,7,11,23,15,21,9,13,1,24],[15,7,23,11,3,19,21,9,13,1,24],[7,11,3,15,23,19,21,9,13,1,24],[23,15,19,7,3,11,9,21,13,1,24],[19,23,3,11,15,7,9,21,13,1,4,24],[15,7,11,19,23,3,9,21,13,1,4,24],[7,23,11,3,19,15,21,9,13,1,24],[23,11,19,3,15,7,21,9,13,1,24],[7,23,11,19,3,15,9,21,13,1,4,24],[7,23,19,3,11,15,9,21,13,1,4,24],[19,23,15,7,11,3,9,21,13,1,24],[3,19,7,11,15,23,9,21,13,1,4,24],[23,7,11,15,19,3,21,9,13,1,4,24],[19,7,11,3,15,23,21,9,13,1,24],[15,19,3,11,7,23,21,9,13,1,24],[11,7,19,15,3,23,9,21,13,1,4,24],[11,7,15,19,3,23,21,9,13,1,4,24],[3,15,19,23,11,7,21,9,13,1,24],[7,19,23,3,15,11,21,9,13,1,4,24],[7,19,23,11,15,3,9,21,13,1,4,24],[7,23,11,19,15,3,9,21,13,1,24],[15,23,7,3,11,19,21,9,13,1,4,24],[15,11,3,23,19,7,21,9,13,1,24],[23,19,11,7,15,3,9,21,13,1,4,24],[3,11,23,7,15,19,9,21,13,1,4,24],[15,19,11,3,23,7,9,21,13,1,4,24],[11,19,23,15,3,7,21,9,13,1,4,24],[3,23,19,11,7,15,21,9,13,1,4,24],[7,15,11,23,3,19,9,21,13,1,24],[19,11,23,3,15,7,9,21,13,1,4,24],[11,23,3,15,7,19,9,21,13,1,24],[23,15,11,7,19,3,9,21,13,1,24],[7,23,15,19,3,11,9,21,13,1,4,24],[11,15,3,19,23,7,9,21,13,1,24],[15,3,23,7,11,19,21,9,13,1,4,24],[19,23,7,15,3,11,9,21,13,1,24],[3,19,15,7,11,23,9,21,13,1,24],[7,15,3,19,11,23,21,9,13,1,4,24],[3,7,23,15,11,19,9,21,13,1,24],[23,3,19,7,11,15,9,21,13,1,4,24],[3,15,19,23,11,7,21,9,1,4,24],[7,23,15,19,3,11,21,9,13,1,24],[23,7,3,15,11,19,21,9,13,1,4,24],[11,23,3,19,15,7,9,21,13,1,24],[7,11,19,3,23,15,21,9,13,1,4,24],[3,11,19,23,15,7,21,9,13,1,24],[15,3,19,11,7,23,9,21,13,1,4,24],[19,3,15,7,23,11,9,21,13,1,4,24],[7,15,11,19,3,23,21,9,13,1,4,24],[7,23,15,3,19,11,21,9,13,1,4,24],[19,11,7,23,15,3,21,9,13,1,24],[15,19,3,7,23,11,9,21,13,1,4,24],[11,7,15,3,23,19,9,21,13,1,24],[3,7,15,23,19,11,9,21,13,1,24],[19,23,3,15,11,7,9,21,13,1,4,24],[23,15,19,7,3,11,9,21,13,1,24],[15,3,11,7,23,19,21,9,13,1,4,24],[15,19,7,3,11,23,21,9,13,1,24],[11,19,3,7,23,15,21,9,13,1,4,24],[3,11,15,7,19,23,9,21,13,1,24],[3,19,15,11,23,7,9,21,13,1,4,24],[19,23,7,11,15,3,9,21,13,1,4,24],[15,3,23,11,19,7,9,21,13,1,24],[23,19,15,3,11,7,9,21,13,1,24],[23,15,11,7,3,19,21,9,13,1,24],[15,3,23,7,19,11,9,21,13,1,24],[3,15,19,7,11,23,21,9,13,1,24],[19,23,7,15,11,3,21,9,13,1,24],[19,15,7,11,3,23,9,21,13,1,4,24],[11,23,7,15,3,19,21,9,13,1,4,24],[11,23,7,3,19,15,9,21,13,1,4,24],[11,23,19,3,15,7,21,9,13,1,4,24],[15,3,19,11,7,23,9,21,13,1,4,24],[19,11,23,3,7,15,9,21,13,1,4,24],[3,23,15,7,11,19,9,21,13,1,24],[7,11,23,15,19,3,9,21,13,1,4,24],[23,19,3,7,11,15,21,9,13,1,4,24],[7,19,15,3,11,23,21,9,13,1,24],[3,23,15,7,11,19,9,21,13,1,4,24],[23,3,11,19,15,7,9,21,13,1,24],[3,19,15,7,23,11,9,21,13,1,4,24],[11,15,23,19,3,7,21,9,13,1,4,24],[15,19,23,3,11,7,21,9,13,1,4,24],[11,3,7,19,15,23,9,21,13,1,4,24],[7,23,11,15,3,19,21,9,13,1,24],[19,3,7,15,11,23,21,9,13,4,1,24],[19,3,23,11,15,7,9,21,13,1,24],[19,7,3,15,11,23,21,9,13,1,4,24],[23,19,11,3,7,15,21,9,13,1,4,24],[7,11,19,3,15,23,9,21,13,1,4,24],[19,3,7,11,23,15,9,21,13,1,4,24],[7,23,3,15,11,19,21,9,13,1,24],[19,23,15,7,3,11,21,9,13,1,24],[15,19,3,7,23,11,21,9,13,1,24],[19,15,23,3,7,11,9,21,13,1,4,24],[3,11,15,7,23,19,21,9,13,1,24],[19,15,3,7,23,11,21,9,13,1,24],[7,15,3,19,23,11,9,21,13,1,4,24],[23,19,3,11,15,7,21,9,13,1,24],[15,23,11,7,19,3,21,9,13,1,24],[3,7,15,23,11,19,21,9,13,1,24],[19,3,15,11,23,7,21,9,13,1,4,24],[11,23,3,7,15,19,21,9,13,1,24],[7,23,11,19,15,3,9,21,13,1,4,24],[11,7,3,19,15,23,21,9,13,1,4,24],[11,15,7,19,23,3,21,9,13,1,4,24],[23,19,11,7,3,15,21,9,13,1,4,24],[15,11,3,23,7,19,9,21,13,1,24],[11,7,19,3,15,23,9,21,13,1,4,24],[15,7,19,23,11,3,9,21,13,1,24],[19,11,15,23,3,7,21,9,13,1,4,24],[19,3,11,15,23,7,9,21,13,1,24],[7,15,23,19,3,11,21,9,13,1,4,24],[15,11,23,19,7,3,9,21,13,1,24],[15,11,19,7,3,23,21,9,13,1,24],[15,7,3,11,19,23,9,21,13,1,24],[15,19,7,11,23,3,21,9,13,1,24],[19,23,3,11,7,15,9,21,13,1,4,24],[15,11,19,3,23,7,21,9,13,1,24],[15,23,7,11,3,19,21,9,13,1,4,24],[11,7,15,19,23,3,21,9,13,1,24],[15,11,23,3,19,7,9,21,13,1,24],[3,15,11,7,23,19,21,9,13,1,4,24],[3,7,23,19,15,11,9,21,13,1,4,24],[7,23,3,19,15,11,21,9,13,1,4,24],[3,7,19,23,15,11,9,21,13,1,24],[23,15,19,11,7,3,9,21,13,1,4,24],[3,15,11,23,19,7,21,9,13,1,4,24],[19,23,7,3,15,11,9,21,13,1,4,24],[7,19,15,3,11,23,21,9,13,1,24],[19,7,11,23,3,15,21,9,13,1,4,24],[19,23,3,11,7,15,9,21,13,1,24],[3,23,15,11,7,19,21,9,13,1,4,24],[15,3,19,7,23,11,9,21,13,1,24],[11,3,23,19,7,15,9,21,13,1,24],[15,19,23,11,7,3,21,9,13,1,24],[15,3,11,7,23,19,9,21,13,1,24],[23,7,11,19,15,3,21,9,13,1,24],[23,11,3,19,15,7,21,9,13,1,4,24],[11,23,3,7,19,15,9,21,13,1,24],[19,11,23,7,15,3,21,9,13,1,4,24],[15,3,23,19,7,11,9,21,13,1,4,24],[3,11,7,19,15,23,21,9,13,1,4,24],[19,23,7,11,15,3,9,21,13,1,24],[11,3,19,15,7,23,9,21,13,1,24],[11,23,3,19,15,7,9,21,13,1,24],[15,19,7,11,23,3,9,21,13,1,24],[15,19,23,11,3,7,21,9,13,1,4,24],[3,7,15,23,19,11,21,9,13,1,4,24],[23,19,11,3,15,7,21,9,13,1,4,24],[11,3,19,23,7,15,9,21,13,1,4,24],[19,11,23,7,15,3,9,21,13,1,4,24],[7,23,15,11,3,19,9,21,13,1,24],[19,11,7,15,23,3,9,21,13,1,4,24],[11,15,3,23,19,7,9,21,13,1,24],[19,15,23,7,11,3,9,21,13,1,24],[3,11,15,19,7,23,21,9,13,1,24],[7,11,23,15,3,19,9,21,13,1,4,24],[19,15,23,7,3,11,9,21,13,1,24],[7,3,23,19,11,15,21,9,13,1,4,24],[15,11,7,23,3,19,9,21,13,1,24],[7,15,19,11,3,23,9,21,13,1,4,24],[3,19,15,23,7,11,21,9,13,1,24],[15,7,3,19,23,11,9,21,13,1,4,24],[23,11,15,3,7,19,9,21,13,1,4,24],[3,11,7,23,15,19,21,9,13,1,4,24],[15,19,7,23,11,3,21,9,13,1,4,24],[15,19,23,7,11,3,9,21,13,1,4,24],[19,23,11,7,15,3,21,9,13,1,24],[15,3,7,19,11,23,9,21,13,1,24],[3,7,23,11,19,15,9,21,13,1,4,24],[11,3,15,19,23,7,21,9,13,1,24],[15,19,3,7,23,11,9,21,13,1,4,24],[15,11,23,7,3,19,9,21,13,1,24],[23,3,15,19,7,11,21,9,13,1,24],[15,23,7,19,3,11,21,9,13,1,24],[15,23,19,11,7,3,9,21,13,1,4,24],[15,19,11,3,23,7,21,9,13,1,24],[3,7,11,23,19,15,21,9,13,1,24],[7,15,23,11,3,19,9,21,13,1,4,24],[19,15,23,7,3,11,21,9,13,1,24],[11,19,23,3,7,15,21,9,13,1,4,24],[11,19,7,3,23,15,21,9,13,1,4,24],[19,7,3,11,23,15,9,21,13,1,24],[11,19,3,23,15,7,9,21,13,1,4,24],[11,3,23,15,7,19,9,21,13,1,24],[11,7,3,19,23,15,9,21,13,1,4,24],[11,3,23,19,15,7,9,21,13,1,4,24],[3,7,23,19,15,11,9,21,13,1,24],[15,3,19,7,11,23,9,21,13,1,4,24],[19,11,15,23,3,7,9,21,13,1,24],[15,7,19,3,11,23,21,9,13,1,24],[15,19,23,3,7,11,21,9,13,1,24],[7,23,15,19,11,3,9,21,13,1,24],[3,23,7,15,11,19,9,21,13,1,4,24],[7,23,11,15,3,19,21,9,13,1,4,24],[3,11,19,15,7,23,21,9,13,1,24],[23,7,3,19,11,15,21,9,13,1,24],[3,23,15,11,7,19,9,21,13,1,24],[11,15,19,23,3,7,21,9,13,1,24],[7,15,11,23,3,19,9,21,13,1,4,24],[23,7,19,3,15,11,21,9,13,1,4,24],[19,15,23,11,7,3,21,9,13,1,4,24],[11,23,3,15,19,7,21,9,13,1,24],[19,3,23,15,7,11,21,9,13,1,4,24],[15,7,11,19,3,23,21,9,13,1,4,24],[11,3,7,15,23,19,21,9,13,1,4,24],[19,11,23,15,3,7,21,9,13,1,4,24],[3,7,19,23,11,15,21,9,13,1,24],[11,7,23,15,19,3,9,21,13,1,4,24],[15,11,7,23,3,19,21,9,13,1,4,24],[23,19,3,11,7,15,21,9,13,1,24],[3,11,19,23,7,15,21,9,13,1,24],[15,7,19,11,3,23,9,21,13,1,4,24],[11,3,19,15,7,23,9,21,13,1,4,24],[19,23,7,15,11,3,9,21,13,1,4,24],[7,3,15,19,23,11,21,9,13,1,24],[7,23,11,19,3,15,9,21,13,1,4,24],[3,11,7,15,19,23,21,9,13,1,24],[11,23,7,19,3,15,21,9,13,1,24],[19,3,23,7,15,11,21,9,13,1,4,24],[15,11,3,23,7,19,21,9,13,1,24],[19,3,7,15,11,23,21,9,13,1,4,24],[19,23,3,7,11,15,21,9,13,1,24],[15,19,23,11,7,3,21,9,13,1,24],[19,3,15,11,23,7,9,21,13,1,24],[15,3,19,11,7,23,9,21,13,1,4,24],[3,11,23,15,19,7,21,9,13,1,4,24],[19,3,15,11,23,7,21,9,13,1,4,24],[19,23,11,15,3,7,9,21,13,1,24],[23,3,7,19,11,15,21,9,13,1,4,24],[15,3,7,11,23,19,9,21,13,1,4,24],[3,19,7,23,15,11,9,21,13,1,24],[7,23,15,3,19,11,21,9,13,1,4,24],[7,11,23,15,19,3,9,21,13,1,24],[7,11,23,19,15,3,21,9,13,1,24],[23,7,3,11,19,15,9,21,13,1,4,24],[23,7,3,15,11,19,9,21,13,1,4,24],[11,7,15,19,3,23,9,21,13,1,24],[23,3,7,19,15,11,21,9,13,1,24],[23,7,11,3,19,15,9,21,13,1,24],[3,15,19,23,11,7,21,9,13,1,4,24],[3,15,23,19,7,11,21,9,13,1,24],[23,11,7,15,3,19,21,9,13,1,4,24],[23,3,11,7,15,19,9,21,13,1,24],[11,7,23,3,19,15,9,21,13,1,4,24],[11,15,23,7,3,19,9,21,13,1,4,24],[7,19,11,23,15,3,9,21,13,1,24],[7,19,3,11,15,23,21,9,13,1,24],[11,19,23,3,15,7,9,21,13,1,24],[3,7,15,19,11,23,9,21,13,1,4,24],[7,11,15,19,3,23,9,21,13,1,4,24],[3,15,11,19,7,23,9,21,13,1,4,24],[19,3,15,23,11,7,21,9,13,1,24],[23,3,15,7,11,19,21,9,13,1,4,24],[3,11,23,15,19,7,21,9,13,1,4,24],[3,11,7,23,19,15,9,21,13,1,24],[11,19,23,15,3,7,9,21,13,1,24],[7,23,11,15,19,3,21,9,13,1,4,24],[19,23,15,7,11,3,21,9,13,1,4,24],[3,23,15,19,7,11,9,21,13,1,4,24],[23,11,3,15,19,7,9,21,13,1,24],[15,23,3,11,19,7,9,21,13,1,24],[7,3,19,15,11,23,21,9,13,1,4,24],[7,3,11,15,23,19,9,21,13,1,4,24],[7,23,15,19,11,3,21,9,13,1,4,24],[11,7,23,3,19,15,21,9,13,1,4,24],[3,23,19,11,15,7,21,9,13,1,4,24],[15,11,3,23,19,7,9,21,13,1,24],[19,11,7,23,15,3,21,9,13,1,24],[23,7,19,11,15,3,9,21,13,1,4,24],[19,15,3,7,23,11,9,21,13,1,4,24],[19,23,15,7,11,3,9,21,13,1,24],[19,15,23,11,3,7,9,21,13,1,4,24],[23,7,19,3,11,15,9,21,13,1,24],[7,19,3,23,15,11,9,21,13,1,24],[15,3,19,11,23,7,9,21,13,1,4,24],[11,19,3,15,7,23,21,9,13,1,24],[3,23,11,7,15,19,9,21,13,1,24],[23,11,19,15,3,7,9,21,13,1,24],[3,23,15,19,7,11,21,9,13,1,4,24],[15,23,3,11,7,19,21,9,13,1,4,24]],"n_human":13}