{"problem_id":"AMIGZaArIiRNjs6","sigma":75,"alpha":3.162,"cost":2,"probabilities":"[0.09, 0.33, 0.32, 0.26]","payoff_matrix":"[[32, -60, -85, -33, 161, -48], [-71, 16, -20, 19, 100, 61], [-11, 44, -148, 87, -78, 18], [23, 15, 38, -63, 89, 62]]","uncovered":[[18,14,22,19,23,15,24,16],[22,2,6,7,23,8,24],[14,18,6,22,23,19,15,24,16],[10,14,2,6,7,15,8,16,22,23,24],[6,18,2,10,14,22,19,23,15,16,24],[2,18,10,6,14,22,19,23,15,24,16],[14,2,10,18,22,19,23,15,24,16],[2,14,18,22,23,19,15,16,24],[10,2,6,18,22,19,23,14,15,24,16],[2,6,14,15,10,18,19,22,23,24,16],[6,14,7,15,16,8,10,2,22,23,24],[18,6,10,22,19,23,2,14,15,16,24],[18,10,14,2,6,22,23,19,15,24,16],[22,2,18,23,19,6,10,14,15,24,16],[22,14,23,15,16,24],[14,10,18,2,6,22,19,23,15,24,16],[18,14,2,6,10,22,19,23,15,16,24],[18,6,14,2,10,22,19,23,15,16,24],[2,10,18,14,6,19,15,22,23,24,16],[10,6,2,14,7,15,16,8,22,23,24],[6,10,18,2,14,22,23,19,15,16,24],[6,18,14,2,10,22,19,23,15,16,24],[6,10,14,7,15,16,8,2,18,19,22,23,24],[6,2,14,7,15,8,16,18,19,10,22,23,24],[22,6,7,23,24],[18,2,14,6,22,19,23,15,24,16],[6,18,10,14,22,19,23,15,24,16],[10,18,2,6,22,23,19,14,15,16,24],[22,10,18,23,19,2,6,14,15,24,16],[6,14,15,18,19,22,23,24,16],[10,14,18,2,6,22,23,19,15,16,24],[18,22,19,23,10,6,14,15,24,16],[2,10,6,18,22,19,23,14,15,16,24],[2,10,6,14,7,15,16,8,22,23,24],[10,2,6,18,14,22,19,23,15,24,16],[18,10,22,19,23,6,14,15,24,16],[2,14,6,15,10,18,19,22,23,16,24],[14,22,23,15,24,16],[18,14,2,6,22,19,23,15,16,24],[14,6,7,15,16,8,10,18,19,22,23,24],[14,18,10,2,22,23,19,15,24,16],[10,18,2,22,19,23,6,14,15,16,24],[22,2,14,15,23,16,24],[6,22,23,14,15,16,24],[6,2,18,22,23,19,10,14,15,24,16],[22,2,14,23,15,24,16],[18,14,6,22,19,23,15,16,24],[10,18,14,22,19,23,15,24,16],[22,6,7,23,8,24],[22,14,15,23,16,24],[6,2,18,10,22,19,23,14,15,24,16],[22,14,23,15,16,24],[6,18,22,23,19,2,14,15,24,16],[2,18,22,19,23,6,14,15,16,24],[18,6,10,14,2,22,19,23,15,24,16],[18,14,6,10,22,23,19,15,24,16],[14,6,7,15,8,16,2,22,23,24],[2,18,22,19,23,14,15,16,24],[22,2,14,23,15,24,16],[18,22,23,19,2,10,14,15,24,16],[6,10,2,14,15,22,23,24,16],[2,18,22,19,23,6,10,14,15,24,16],[2,22,6,7,23,24],[10,2,22,18,19,23,14,15,16,24],[6,10,22,23,2,18,19,14,15,16,24],[18,10,22,19,23,2,6,14,15,16,24],[18,22,19,23,14,15,24,16],[2,10,6,22,23,14,15,16,24],[10,14,6,15,2,22,23,24,16],[14,18,6,22,19,23,15,16,24],[2,6,22,23,10,18,19,14,15,24,16],[6,10,14,15,2,18,19,22,23,16,24],[2,10,18,22,19,23,6,14,15,24,16],[2,10,18,6,14,22,19,23,15,24,16],[6,22,23,2,10,18,19,14,15,16,24],[6,22,23,18,19,14,15,24,16],[14,6,7,15,8,16,22,23,24],[14,2,22,23,15,16,24],[2,22,14,15,23,24,16],[2,10,22,6,7,23,8,24],[18,10,22,23,19,14,15,24,16],[6,10,14,15,22,23,24,16],[18,6,10,22,19,23,14,15,24,16],[2,10,6,18,14,22,23,19,15,16,24],[14,10,22,15,23,24,16],[14,6,7,15,16,8,2,10,22,23,24],[10,2,14,22,23,15,16,24],[2,18,22,23,19,10,6,14,15,16,24],[14,6,7,15,8,16,18,19,10,22,23,24],[6,2,18,14,10,22,23,19,15,16,24],[10,6,14,15,18,19,22,23,16,24],[6,22,7,23,8,24],[22,14,23,15,16,24],[14,10,18,6,2,22,23,19,15,24,16],[22,2,18,19,23,10,14,15,16,24],[6,22,7,23,24],[14,10,18,6,2,22,19,23,15,16,24],[6,14,7,15,16,8,10,22,23,24],[22,6,7,23,24],[2,14,22,15,23,16,24],[10,2,6,14,7,15,8,16,18,19,22,23,24],[18,2,10,14,6,22,19,23,15,24,16],[2,14,6,7,15,16,8,18,19,22,23,24],[14,6,7,15,16,8,18,19,10,22,23,24],[6,14,15,2,22,23,24,16],[14,10,2,6,15,22,23,24,16],[10,2,6,14,7,15,8,16,22,23,24],[22,14,15,23,16,24],[18,10,6,2,14,22,23,19,15,16,24],[2,14,18,6,10,22,23,19,15,16,24],[14,2,10,6,7,15,16,8,22,23,24],[14,2,22,23,15,24,16],[14,10,22,15,23,24,16],[2,22,10,18,19,23,6,14,15,16,24],[6,18,2,22,23,19,10,14,15,16,24],[10,18,22,23,19,2,6,14,15,24,16],[22,18,23,19,14,15,16,24],[10,14,18,22,19,23,15,16,24],[6,10,14,7,15,8,16,2,18,19,22,23,24],[2,14,22,23,15,24,16],[2,10,18,6,22,23,19,14,15,24,16],[18,2,6,22,23,19,14,15,16,24],[18,14,6,22,19,23,15,24,16],[18,10,6,2,22,19,23,14,15,24,16],[10,6,14,7,15,16,8,18,19,2,22,23,24],[22,18,19,23,2,6,14,15,16,24],[10,2,6,14,15,18,19,22,23,24,16],[14,6,15,10,22,23,24,16],[18,2,6,22,19,23,10,14,15,24,16],[22,18,19,23,6,2,10,14,15,24,16],[2,22,18,19,23,10,14,15,24,16],[10,14,6,7,15,8,16,2,22,23,24],[6,18,2,10,14,22,19,23,15,24,16],[18,2,14,10,6,22,23,19,15,24,16],[6,14,7,15,8,16,2,18,19,22,23,24],[18,10,2,22,23,19,6,14,15,16,24],[10,14,2,18,22,19,23,15,16,24],[10,14,2,6,15,18,19,22,23,24,16],[6,2,22,23,18,19,14,15,24,16],[6,10,14,15,18,19,2,22,23,16,24],[10,18,6,22,23,19,2,14,15,24,16],[6,2,18,10,14,22,19,23,15,16,24],[6,22,23,18,19,2,10,14,15,16,24],[6,14,7,15,8,16,22,23,24],[14,10,2,18,6,22,19,23,15,16,24],[2,10,18,6,14,22,23,19,15,24,16],[6,22,7,23,8,24],[6,18,2,10,22,19,23,14,15,24,16],[18,2,10,14,6,22,19,23,15,24,16],[14,10,22,23,15,24,16],[14,6,15,18,19,2,22,23,24,16],[22,10,6,23,14,15,24,16],[18,22,19,23,6,14,15,16,24],[18,14,2,22,23,19,15,16,24],[2,18,22,19,23,6,10,14,15,24,16],[10,14,6,15,2,22,23,24,16],[6,14,15,2,22,23,24,16],[6,2,14,7,15,8,16,18,19,10,22,23,24],[6,22,23,10,2,14,15,16,24],[2,6,18,14,10,22,23,19,15,16,24],[10,6,14,7,15,16,8,2,22,23,24],[10,6,18,22,23,19,14,15,16,24],[10,14,6,15,2,22,23,24,16],[18,14,6,22,19,23,15,16,24],[2,6,22,7,23,24],[6,18,2,14,10,22,23,19,15,24,16],[22,18,23,19,6,14,15,24,16],[6,2,10,18,14,22,23,19,15,24,16],[18,14,22,23,19,15,24,16],[6,2,10,22,7,23,24],[2,6,10,18,14,22,23,19,15,24,16],[2,6,22,23,14,15,16,24],[10,6,18,14,2,22,23,19,15,16,24],[22,2,14,23,15,16,24],[22,6,23,14,15,24,16],[22,14,15,23,24,16],[6,18,10,14,2,22,19,23,15,16,24],[6,22,23,14,15,16,24],[2,22,14,23,15,24,16],[2,22,18,23,19,14,15,24,16],[2,10,14,18,22,19,23,15,16,24],[18,6,10,2,22,23,19,14,15,24,16],[10,6,14,7,15,16,8,22,23,24],[22,14,15,23,24,16],[10,2,6,22,7,23,8,24],[18,6,14,22,19,23,15,16,24],[14,22,15,23,16,24],[22,2,14,23,15,16,24],[6,2,22,7,23,24],[6,18,14,10,22,23,19,15,24,16],[14,22,23,15,16,24],[2,14,18,6,10,22,19,23,15,16,24],[22,18,19,23,14,15,16,24],[22,2,6,7,23,8,24],[18,22,23,19,14,15,16,24],[2,14,22,15,23,16,24],[18,10,2,22,19,23,14,15,16,24],[14,10,18,6,22,19,23,15,24,16],[2,6,14,15,10,22,23,16,24],[2,18,14,6,10,22,19,23,15,16,24],[14,18,22,19,23,15,16,24],[6,18,10,2,22,23,19,14,15,24,16],[2,22,14,23,15,16,24],[18,22,19,23,14,15,16,24],[2,6,18,22,19,23,14,15,16,24],[14,10,22,23,15,24,16],[6,22,7,23,24],[22,2,6,23,18,19,10,14,15,24,16],[14,18,2,6,22,23,19,15,24,16],[2,14,10,6,15,18,19,22,23,16,24],[2,18,22,23,19,10,6,14,15,16,24],[10,2,14,6,7,15,8,16,22,23,24],[10,2,14,22,23,15,24,16],[18,14,6,2,22,19,23,15,16,24],[10,22,14,15,23,16,24],[6,2,22,7,23,24],[18,22,23,19,6,10,2,14,15,24,16],[10,22,2,18,19,23,14,15,24,16],[10,14,22,15,23,24,16],[10,22,2,6,7,23,24],[22,18,19,23,2,14,15,16,24],[22,18,23,19,14,15,16,24],[18,10,14,2,22,23,19,15,16,24],[10,22,6,23,14,15,24,16],[6,10,2,18,14,22,19,23,15,16,24],[22,2,10,14,15,23,24,16],[18,6,10,2,14,22,19,23,15,24,16],[18,2,22,23,19,6,14,15,16,24],[2,14,18,6,22,19,23,15,24,16],[18,2,22,23,19,6,10,14,15,24,16],[6,14,7,15,8,16,18,19,2,22,23,24],[18,10,14,22,19,23,15,16,24],[2,10,22,14,23,15,16,24],[22,18,23,19,2,6,14,15,24,16],[2,6,14,15,22,23,24,16],[6,18,2,22,23,19,14,15,24,16],[10,22,6,23,2,18,19,14,15,24,16],[6,10,18,14,2,22,19,23,15,16,24],[18,22,23,19,14,15,16,24],[22,2,10,6,23,18,19,14,15,24,16],[14,22,23,15,24,16],[18,22,23,19,10,6,14,15,16,24],[14,22,23,15,24,16],[10,22,2,18,23,19,6,14,15,16,24],[14,18,6,10,22,19,23,15,16,24],[22,14,23,15,16,24],[6,22,7,23,8,24],[6,14,15,22,23,16,24],[18,10,22,23,19,14,15,16,24],[10,18,22,19,23,6,2,14,15,24,16],[14,2,22,15,23,24,16],[2,18,6,22,19,23,14,15,16,24],[6,10,2,22,23,14,15,16,24],[2,10,22,14,23,15,24,16],[14,10,2,6,7,15,16,8,22,23,24],[10,6,22,23,18,19,2,14,15,24,16],[6,14,7,15,8,16,22,23,24],[22,2,6,7,23,24],[6,18,10,14,2,22,23,19,15,24,16],[10,6,22,7,23,8,24],[18,6,14,10,22,23,19,15,24,16],[6,22,7,23,24],[2,14,22,23,15,24,16],[22,2,14,23,15,16,24],[6,14,7,15,8,16,2,18,19,10,22,23,24],[22,10,6,7,23,8,24],[22,10,6,23,18,19,14,15,24,16],[22,18,23,19,14,15,24,16],[10,6,22,23,18,19,2,14,15,16,24],[2,6,14,7,15,16,8,10,22,23,24],[2,22,10,18,19,23,14,15,16,24],[2,10,14,18,22,19,23,15,24,16],[22,18,19,23,10,6,2,14,15,24,16],[10,14,22,23,15,16,24],[14,6,7,15,16,8,10,22,23,24],[18,10,22,23,19,6,2,14,15,24,16],[14,22,15,23,24,16],[18,22,23,19,6,14,15,16,24],[2,22,10,18,23,19,14,15,24,16],[10,14,22,15,23,16,24],[18,22,19,23,6,2,14,15,24,16],[2,22,18,23,19,14,15,16,24],[18,22,19,23,6,10,14,15,16,24],[14,18,10,22,19,23,15,24,16],[6,2,22,23,10,18,19,14,15,16,24],[18,6,14,22,23,19,15,16,24],[10,14,2,22,15,23,16,24],[6,22,23,2,10,14,15,24,16],[2,10,14,22,23,15,24,16],[18,22,19,23,10,14,15,16,24],[14,2,18,6,10,22,23,19,15,16,24],[14,10,2,18,6,22,23,19,15,24,16],[22,2,14,15,23,24,16],[22,10,14,23,15,16,24],[18,10,2,22,23,19,6,14,15,16,24],[14,10,22,23,15,24,16],[18,22,23,19,10,14,15,24,16],[6,14,15,22,23,16,24],[14,10,18,6,22,19,23,15,24,16],[14,22,23,15,24,16],[6,14,15,10,22,23,24,16],[10,18,14,2,22,23,19,15,24,16],[2,22,14,23,15,16,24],[10,22,14,23,15,24,16],[10,22,18,23,19,14,15,16,24],[10,6,22,23,2,18,19,14,15,16,24],[22,6,7,23,8,24],[10,22,6,23,18,19,14,15,16,24],[2,10,18,22,19,23,6,14,15,24,16],[10,18,2,14,22,23,19,15,24,16],[14,2,10,6,7,15,8,16,18,19,22,23,24],[18,6,22,19,23,14,15,24,16],[14,18,6,10,2,22,23,19,15,16,24],[6,14,7,15,8,16,2,22,23,24],[2,22,6,7,23,8,24],[2,14,6,7,15,16,8,10,22,23,24],[22,2,6,23,14,15,24,16],[6,14,15,22,23,24,16],[18,14,2,6,22,23,19,15,16,24],[2,14,22,15,23,24,16],[18,10,14,22,23,19,15,16,24],[14,10,6,15,18,19,2,22,23,16,24],[2,18,22,19,23,6,10,14,15,16,24],[2,10,14,6,7,15,8,16,22,23,24],[10,14,2,18,22,19,23,15,24,16],[10,22,18,19,23,6,14,15,16,24],[10,22,2,14,23,15,16,24],[14,22,23,15,24,16],[10,6,2,18,14,22,19,23,15,24,16],[6,2,18,22,19,23,10,14,15,16,24],[14,10,6,15,2,18,19,22,23,16,24],[10,18,22,23,19,2,14,15,24,16],[6,22,23,2,18,19,10,14,15,16,24],[14,10,2,6,7,15,8,16,22,23,24],[18,10,2,22,19,23,14,15,16,24],[22,14,23,15,24,16],[6,18,14,2,22,19,23,15,16,24],[22,2,18,23,19,14,15,16,24],[22,14,15,23,16,24],[10,14,18,2,22,23,19,15,24,16],[18,14,10,6,2,22,19,23,15,24,16],[18,2,6,22,23,19,10,14,15,24,16],[2,14,6,7,15,16,8,10,22,23,24],[18,2,22,19,23,14,15,16,24],[22,6,23,2,18,19,14,15,16,24],[2,6,22,23,10,18,19,14,15,24,16],[10,18,6,2,14,22,23,19,15,16,24],[14,10,18,6,22,23,19,15,24,16],[18,14,2,6,10,22,19,23,15,24,16],[22,18,23,19,14,15,24,16],[14,10,22,23,15,24,16],[10,18,2,6,14,22,23,19,15,16,24],[6,22,23,14,15,24,16],[2,14,10,6,15,22,23,24,16],[6,18,10,22,23,19,2,14,15,24,16],[14,2,10,6,7,15,16,8,22,23,24],[6,2,22,23,18,19,10,14,15,24,16],[10,6,2,18,14,22,23,19,15,16,24],[18,10,22,23,19,14,15,24,16],[18,6,2,10,14,22,19,23,15,24,16],[22,6,23,18,19,14,15,16,24],[22,2,14,23,15,24,16],[6,10,22,7,23,24],[2,10,6,22,7,23,24],[10,6,2,18,14,22,23,19,15,16,24],[6,22,7,23,24],[22,2,18,19,23,10,6,14,15,16,24],[14,6,7,15,8,16,22,23,24],[2,14,10,6,7,15,8,16,18,19,22,23,24],[22,2,14,15,23,16,24],[10,6,18,14,2,22,19,23,15,24,16],[2,6,14,15,18,19,22,23,24,16],[18,6,2,10,22,19,23,14,15,24,16],[18,6,10,14,2,22,23,19,15,16,24],[6,14,7,15,16,8,18,19,22,23,24],[18,10,2,14,22,23,19,15,16,24],[10,2,18,22,19,23,6,14,15,24,16],[14,2,10,18,6,22,23,19,15,16,24],[14,18,2,6,10,22,19,23,15,24,16],[14,10,22,23,15,24,16],[22,2,10,14,15,23,16,24],[18,14,10,2,22,23,19,15,24,16],[22,18,19,23,14,15,16,24],[22,6,23,18,19,2,10,14,15,24,16],[2,22,6,7,23,24],[10,2,18,6,22,23,19,14,15,16,24],[18,22,19,23,2,6,10,14,15,24,16],[10,6,14,15,18,19,22,23,16,24],[2,18,22,23,19,10,14,15,24,16],[2,10,6,18,22,23,19,14,15,24,16],[18,2,6,22,23,19,10,14,15,24,16],[14,22,23,15,16,24],[2,18,6,22,23,19,10,14,15,24,16],[2,6,18,14,10,22,19,23,15,24,16],[18,2,6,10,22,19,23,14,15,24,16],[2,6,18,22,23,19,14,15,16,24],[14,2,22,23,15,24,16],[2,6,14,7,15,16,8,18,19,22,23,24],[22,18,19,23,10,2,14,15,24,16],[2,14,10,6,15,18,19,22,23,16,24],[6,22,7,23,8,24],[10,2,18,6,14,22,23,19,15,24,16],[22,14,23,15,24,16],[18,22,23,19,10,2,6,14,15,16,24],[22,6,7,23,8,24],[18,6,2,14,22,23,19,15,24,16],[2,6,22,23,14,15,16,24],[2,6,14,7,15,8,16,18,19,22,23,24],[2,10,18,14,6,22,23,19,15,16,24],[6,14,7,15,16,8,22,23,24],[18,22,23,19,2,10,14,15,16,24],[2,22,18,23,19,6,14,15,16,24],[22,18,19,23,14,15,24,16],[18,2,10,6,14,22,23,19,15,24,16],[10,6,2,14,15,22,23,24,16],[22,10,14,15,23,24,16],[22,2,14,23,15,16,24],[14,2,10,22,15,23,24,16],[6,10,2,18,14,22,23,19,15,16,24],[22,18,23,19,14,15,24,16],[22,18,23,19,10,6,2,14,15,16,24],[2,10,14,22,15,23,24,16],[22,2,18,23,19,10,14,15,24,16],[10,18,6,14,22,23,19,15,16,24],[18,10,22,23,19,6,2,14,15,16,24],[22,18,23,19,6,2,14,15,16,24],[2,10,14,22,23,15,24,16],[14,2,22,23,15,16,24],[2,18,6,22,19,23,10,14,15,24,16],[10,22,18,19,23,14,15,16,24],[10,6,22,23,14,15,16,24],[14,10,18,2,22,23,19,15,24,16],[22,6,7,23,24],[2,22,6,23,14,15,16,24],[18,2,14,22,19,23,15,16,24],[10,18,14,22,19,23,15,16,24],[22,18,23,19,6,2,14,15,16,24],[6,10,18,14,22,19,23,15,16,24],[10,6,18,2,22,23,19,14,15,16,24],[6,18,14,22,19,23,15,16,24],[18,10,6,2,22,19,23,14,15,16,24],[2,14,10,18,22,19,23,15,16,24],[2,6,14,15,22,23,24,16],[14,2,18,22,23,19,15,16,24],[18,2,22,23,19,6,14,15,16,24],[6,10,22,23,2,18,19,14,15,16,24],[22,10,18,23,19,14,15,16,24],[6,14,7,15,8,16,18,19,22,23,24],[22,2,14,15,23,16,24],[14,18,22,19,23,15,16,24],[10,6,22,23,14,15,24,16],[2,18,22,23,19,10,14,15,24,16],[18,2,14,10,6,22,23,19,15,16,24],[2,14,10,6,7,15,16,8,22,23,24],[2,14,10,6,15,18,19,22,23,16,24],[18,14,22,19,23,15,24,16],[22,6,23,14,15,24,16],[6,10,2,14,15,18,19,22,23,24,16],[14,6,15,18,19,2,10,22,23,24,16],[2,10,22,18,23,19,14,15,16,24],[18,22,23,19,6,14,15,24,16],[14,6,7,15,8,16,2,10,22,23,24],[22,2,18,19,23,14,15,16,24],[6,18,22,23,19,10,2,14,15,16,24],[22,14,15,23,16,24],[10,22,2,14,15,23,16,24],[14,6,15,22,23,24,16],[10,14,6,15,22,23,24,16],[10,14,18,2,22,23,19,15,24,16],[22,6,23,18,19,10,2,14,15,24,16],[18,2,10,6,22,19,23,14,15,16,24],[2,6,18,22,23,19,10,14,15,24,16],[10,14,6,7,15,8,16,22,23,24],[22,2,10,18,23,19,14,15,24,16],[22,14,15,23,16,24],[14,2,10,6,15,18,19,22,23,16,24],[10,18,6,14,2,22,19,23,15,16,24],[10,14,22,15,23,24,16],[6,14,15,22,23,16,24],[6,22,7,23,24],[10,22,14,15,23,24,16],[6,22,23,18,19,14,15,24,16],[18,6,10,2,22,19,23,14,15,24,16],[18,22,23,19,10,2,6,14,15,16,24],[2,6,18,22,23,19,14,15,16,24],[6,2,22,23,18,19,10,14,15,16,24],[18,22,23,19,10,14,15,24,16],[2,6,22,23,10,18,19,14,15,24,16],[2,18,6,14,22,23,19,15,16,24],[18,2,14,22,23,19,15,16,24],[6,22,7,23,24],[2,10,22,18,23,19,14,15,24,16],[10,6,18,2,22,23,19,14,15,24,16],[6,10,2,22,7,23,24],[14,6,7,15,16,8,10,2,18,19,22,23,24],[14,18,2,10,22,23,19,15,16,24],[22,14,15,23,24,16],[6,22,7,23,24],[10,14,2,6,7,15,16,8,18,19,22,23,24],[22,14,23,15,16,24],[6,2,18,22,19,23,10,14,15,24,16],[22,10,14,15,23,24,16],[22,6,23,14,15,24,16],[2,14,22,15,23,16,24],[18,2,10,22,19,23,6,14,15,16,24],[6,14,15,18,19,10,22,23,16,24],[2,22,18,19,23,10,14,15,24,16],[14,22,15,23,24,16],[14,6,15,10,18,19,2,22,23,24,16],[2,22,18,19,23,14,15,24,16],[22,14,23,15,16,24],[2,22,10,18,19,23,6,14,15,16,24],[18,6,22,19,23,10,2,14,15,16,24],[22,10,18,23,19,2,6,14,15,16,24],[6,2,22,23,10,18,19,14,15,24,16],[10,18,14,22,23,19,15,16,24],[10,14,2,18,22,19,23,15,24,16],[2,22,18,23,19,6,10,14,15,16,24],[10,18,14,22,19,23,15,24,16],[2,6,18,14,22,19,23,15,24,16],[22,14,15,23,24,16],[2,6,18,22,23,19,10,14,15,24,16],[18,2,10,22,23,19,6,14,15,24,16],[2,14,22,15,23,16,24],[10,6,22,23,14,15,16,24],[2,14,22,15,23,16,24],[18,6,14,10,22,23,19,15,24,16],[22,14,23,15,24,16],[14,22,15,23,24,16],[14,22,15,23,16,24],[22,6,23,14,15,16,24],[18,10,2,22,23,19,6,14,15,16,24],[14,10,22,15,23,24,16],[22,14,15,23,16,24],[10,14,22,23,15,16,24],[14,6,7,15,16,8,2,18,19,22,23,24],[22,2,6,23,10,14,15,16,24],[6,2,14,7,15,16,8,10,18,19,22,23,24],[2,10,14,18,22,19,23,15,16,24],[6,22,23,14,15,16,24],[10,6,22,7,23,24],[18,10,14,2,22,23,19,15,24,16],[10,2,22,18,23,19,14,15,16,24],[18,14,22,23,19,15,24,16],[6,10,14,7,15,16,8,18,19,22,23,24],[2,10,14,6,15,22,23,16,24],[14,10,2,6,7,15,16,8,22,23,24],[22,10,14,23,15,16,24],[14,2,22,15,23,16,24],[6,14,7,15,16,8,2,18,19,22,23,24],[10,2,22,14,15,23,16,24],[22,10,14,15,23,24,16],[2,18,22,23,19,10,14,15,16,24],[6,10,18,22,19,23,2,14,15,16,24],[6,18,10,2,22,23,19,14,15,16,24],[10,22,14,15,23,16,24],[2,22,14,15,23,16,24],[2,18,10,22,19,23,14,15,16,24],[22,6,23,10,2,18,19,14,15,24,16],[14,22,23,15,24,16],[2,14,6,7,15,16,8,10,22,23,24],[10,14,18,22,19,23,15,24,16],[18,6,2,22,23,19,10,14,15,16,24],[18,6,14,2,10,22,23,19,15,16,24],[6,10,18,2,14,22,23,19,15,16,24],[6,22,23,2,18,19,7,8,24],[6,14,7,15,8,16,2,10,18,19,22,23,24],[2,6,14,15,10,22,23,16,24],[10,2,6,18,22,23,19,14,15,24,16],[18,2,14,10,6,22,19,23,15,16,24],[6,14,7,15,8,16,10,18,19,2,22,23,24],[2,6,22,23,14,15,16,24],[14,22,15,23,16,24],[2,10,6,22,23,18,19,14,15,24,16],[14,6,15,22,23,16,24],[14,22,23,15,16,24],[22,6,7,23,24],[14,6,15,18,19,2,10,22,23,24,16],[22,6,23,2,10,18,19,14,15,24,16],[14,22,15,23,16,24],[18,6,14,2,22,19,23,15,16,24],[22,6,7,23,8,24],[2,14,10,22,23,15,24,16],[2,22,14,15,23,24,16],[10,18,22,23,19,14,15,16,24],[6,14,7,15,8,16,10,2,22,23,24],[14,2,10,6,7,15,8,16,22,23,24],[14,10,18,6,2,22,19,23,15,24,16],[2,10,22,18,19,23,6,14,15,24,16],[22,2,14,23,15,24,16],[10,6,22,23,2,14,15,24,16],[10,22,14,15,23,16,24],[2,10,6,22,23,14,15,16,24],[22,6,23,2,14,15,16,24],[2,22,10,18,23,19,14,15,24,16],[6,2,18,14,10,22,19,23,15,24,16],[10,18,22,23,19,14,15,16,24],[22,6,7,23,24],[22,2,14,23,15,16,24],[6,10,22,7,23,8,24],[22,14,23,15,16,24],[14,2,6,15,18,19,22,23,16,24],[2,18,14,10,6,22,19,23,15,24,16],[14,18,10,2,6,22,19,23,15,16,24],[2,6,10,14,15,18,19,22,23,16,24],[10,6,14,7,15,16,8,18,19,22,23,24],[18,14,22,23,19,15,16,24],[2,14,6,15,22,23,24,16],[10,22,6,23,18,19,14,15,16,24],[6,22,7,23,8,24],[6,18,10,2,14,22,23,19,15,16,24],[6,10,22,23,18,19,14,15,16,24],[6,2,22,23,10,18,19,14,15,16,24],[10,22,18,19,23,14,15,16,24],[2,18,10,6,14,22,23,19,15,24,16],[22,6,7,23,24],[18,22,23,19,2,6,14,15,24,16],[18,10,22,23,19,14,15,16,24],[22,14,23,15,24,16],[22,10,6,23,2,14,15,16,24],[2,14,10,22,23,15,24,16],[22,10,14,15,23,16,24],[18,6,14,10,22,23,19,15,16,24],[10,6,14,7,15,16,8,2,18,19,22,23,24],[6,22,23,18,19,10,14,15,16,24],[18,22,23,19,14,15,16,24],[14,6,15,10,18,19,2,22,23,24,16],[22,14,23,15,24,16],[6,22,7,23,8,24],[22,2,6,23,14,15,16,24],[22,2,6,23,10,14,15,24,16],[22,2,18,23,19,14,15,16,24],[6,2,22,23,14,15,16,24],[22,2,14,23,15,24,16],[2,18,14,6,10,22,23,19,15,24,16],[2,10,6,22,23,14,15,24,16],[22,14,23,15,24,16],[22,18,19,23,6,2,14,15,24,16],[10,2,14,18,6,22,19,23,15,24,16],[2,14,10,18,22,19,23,15,24,16],[2,10,22,14,15,23,24,16],[18,10,22,19,23,6,2,14,15,24,16],[2,18,6,22,19,23,14,15,24,16],[10,22,2,14,15,23,24,16],[14,6,15,10,18,19,22,23,24,16],[14,22,15,23,24,16],[22,18,23,19,14,15,24,16],[14,2,18,6,10,22,19,23,15,24,16],[6,2,18,22,19,23,10,14,15,24,16],[2,6,22,23,11,14,15,24,16],[10,6,18,22,19,23,2,14,15,24,16],[2,22,10,6,7,23,8,24],[10,22,18,23,19,6,14,15,24,16],[22,14,23,15,16,24],[14,22,15,23,24,16],[18,6,14,10,22,19,23,15,16,24],[10,2,6,18,14,22,23,19,15,24,16],[10,14,6,15,2,22,23,16,24],[22,10,18,23,19,6,14,15,16,24],[14,22,23,15,24,16],[2,22,14,23,15,16,24],[2,18,22,19,23,14,15,24,16],[10,6,14,15,22,23,16,24],[22,18,23,19,14,15,16,24],[14,18,2,10,22,19,23,15,16,24],[10,14,2,22,15,23,24,16],[6,10,2,22,23,14,15,24,16],[14,22,23,15,24,16],[10,14,6,15,18,19,22,23,24,16],[6,2,10,22,23,18,19,14,15,24,16],[18,22,23,19,14,15,16,24],[22,2,18,19,23,14,15,16,24],[6,18,10,14,22,19,23,15,16,24],[2,14,22,23,15,16,24],[2,18,22,23,19,10,14,15,24,16],[6,18,10,2,14,22,23,19,15,16,24],[22,10,2,18,23,19,14,15,16,24],[2,22,18,23,19,10,6,14,15,24,16],[6,18,2,22,23,19,14,15,16,24],[18,10,2,6,22,23,19,14,15,24,16],[18,6,22,23,19,10,14,15,16,24],[2,10,6,22,23,14,15,24,16],[6,2,10,18,22,19,23,14,15,16,24],[14,2,6,7,15,16,8,10,22,23,24],[18,14,10,6,22,19,23,15,24,16],[6,2,10,22,7,23,24],[6,2,22,23,14,15,16,24],[6,22,23,18,19,10,14,15,16,24],[22,14,23,15,24,16],[10,6,22,23,2,14,15,24,16],[18,14,22,19,23,15,24,16],[14,22,23,15,24,16],[2,14,10,6,15,18,19,22,23,16,24],[6,14,7,15,8,16,22,23,24],[2,10,22,6,7,23,24],[18,6,22,19,23,10,2,14,15,24,16],[18,2,10,22,23,19,6,14,15,24,16],[2,22,6,7,23,8,24],[10,22,2,18,19,23,6,14,15,16,24],[2,18,14,10,22,19,23,15,24,16],[10,14,2,6,7,15,8,16,18,19,22,23,24],[18,22,23,19,14,15,24,16],[2,22,14,23,15,24,16],[2,14,6,15,10,18,19,22,23,24,16],[22,14,23,15,16,24],[14,6,15,3,10,18,19,22,23,16,24],[22,10,2,18,19,23,6,14,15,16,24],[22,18,19,23,2,6,14,15,16,24],[18,6,2,10,22,19,23,14,15,16,24],[10,14,6,15,2,22,23,24,16],[22,10,6,23,2,14,15,24,16],[18,2,22,23,19,10,6,14,15,16,24],[14,10,18,22,23,19,15,24,16],[6,22,23,14,15,16,24],[14,18,10,22,23,19,15,16,24],[18,6,2,22,19,23,14,15,24,16],[14,10,6,7,15,8,16,18,19,2,22,23,24],[10,14,22,15,23,24,16],[22,10,14,23,15,16,24],[6,22,7,23,24],[22,6,7,23,24],[10,2,18,6,22,19,23,14,15,24,16],[14,22,15,23,24,16],[2,18,10,14,22,19,23,15,24,16],[18,2,14,10,6,22,19,23,15,24,16],[10,18,14,6,22,19,23,15,16,24],[22,18,19,23,14,15,24,16],[18,10,22,19,23,14,15,24,16],[6,10,14,15,2,18,19,22,23,24,16],[22,10,14,15,23,16,24],[18,2,10,6,22,23,19,14,15,24,16],[6,18,2,14,10,22,19,23,15,16,24],[22,10,6,23,2,14,15,16,24],[6,22,7,23,8,24],[18,10,2,14,22,23,19,15,16,24],[10,18,14,22,23,19,15,16,24],[10,14,18,22,19,23,15,16,24],[22,2,14,23,15,16,24],[14,10,18,6,2,22,19,23,15,16,24],[6,10,22,23,2,14,15,24,16],[6,2,18,22,19,23,14,15,24,16],[18,6,14,22,23,19,15,16,24],[2,14,18,6,10,22,19,23,15,16,24],[14,2,22,15,23,16,24],[18,6,10,14,22,23,19,15,24,16],[2,18,14,6,22,19,23,15,16,24],[22,10,18,19,23,2,6,14,15,16,24],[6,22,23,2,14,15,16,24],[22,2,18,19,23,14,15,24,16],[14,2,18,6,10,22,19,23,15,16,24],[2,6,14,7,15,8,16,10,22,23,24],[18,6,22,19,23,2,14,15,24,16],[6,2,22,7,23,8,24],[2,14,22,23,15,16,24],[22,18,23,19,6,2,10,14,15,24,16],[6,14,7,15,16,8,10,18,19,2,22,23,24],[18,10,2,22,23,19,6,14,15,24,16],[6,22,7,23,8,24],[22,18,19,23,6,14,15,16,24],[14,10,22,15,23,16,24],[18,22,23,19,10,6,14,15,24,16],[22,10,18,23,19,2,6,14,15,24,16],[18,2,10,14,6,22,19,23,15,24,16],[22,18,19,23,2,6,10,14,15,24,16],[10,18,22,23,19,14,15,16,24],[22,2,18,19,23,6,14,15,24,16],[18,6,2,22,19,23,14,15,24,16],[2,10,6,18,14,22,19,23,15,16,24],[14,22,15,23,16,24],[6,10,2,14,15,22,23,16,24],[10,6,22,7,23,24],[10,14,2,6,15,22,23,16,24],[18,14,2,6,10,22,23,19,15,24,16],[18,10,14,22,23,19,15,16,24],[22,18,19,23,10,6,14,15,24,16],[6,14,7,15,8,16,18,19,22,23,24],[22,14,23,15,16,24],[10,2,22,6,7,23,24],[6,22,7,23,24],[6,22,23,10,18,19,14,15,24,16],[6,10,14,15,22,23,16,24],[22,14,23,15,16,24],[18,22,19,23,10,14,15,16,24],[2,14,18,22,19,23,15,24,16],[2,18,10,14,22,19,23,15,16,24],[6,22,23,10,14,15,24,16],[14,10,18,6,2,22,19,23,15,16,24],[14,6,15,22,23,24,16],[10,18,14,6,2,22,19,23,15,24,16],[18,22,23,19,2,10,6,14,15,16,24],[22,18,19,23,2,14,15,24,16],[6,22,23,10,2,14,15,16,24],[10,6,2,18,14,22,19,23,15,16,24],[10,18,6,22,19,23,14,15,24,16],[2,6,22,23,14,15,24,16],[2,22,14,23,15,24,16],[6,18,2,10,22,19,23,14,15,16,24],[6,14,7,15,8,16,18,19,10,22,23,24],[10,6,18,22,19,23,14,15,16,24],[10,14,22,15,23,16,24],[6,10,14,7,15,8,16,2,22,23,24],[22,2,14,23,15,16,24],[14,2,6,15,18,19,10,22,23,16,24],[2,10,6,22,23,14,15,16,24],[6,10,2,18,14,22,19,23,15,24,16],[10,2,6,18,22,19,23,14,15,24,16],[22,2,18,19,23,10,6,14,15,16,24],[22,14,15,23,24,16],[2,14,18,10,22,23,19,15,24,16],[6,2,18,14,10,22,23,19,15,16,24],[10,6,14,7,15,8,16,22,23,24],[10,14,22,23,15,16,24],[18,6,2,22,19,23,10,14,15,24,16],[18,14,10,2,22,23,19,15,24,16],[10,14,2,22,23,15,16,24],[22,2,14,23,15,16,24],[6,2,10,22,7,23,8,24],[6,18,22,19,23,10,14,15,16,24],[10,18,2,22,19,23,6,14,15,16,24],[2,14,18,6,10,22,19,23,15,24,16],[14,2,18,6,10,22,23,19,15,16,24],[14,22,23,15,24,16],[14,22,15,23,16,24],[6,2,18,10,14,22,23,19,15,24,16],[14,10,6,7,15,8,16,18,19,2,22,23,24],[6,18,22,19,23,10,14,15,24,16],[14,18,6,22,19,23,15,24,16],[10,2,22,6,7,23,24],[10,18,14,6,2,22,23,19,15,16,24],[22,18,23,19,14,15,24,16],[6,2,10,22,23,18,19,14,15,24,16],[6,10,22,7,23,8,24],[18,14,2,6,10,22,19,23,15,16,24],[14,18,22,23,19,15,16,24],[14,22,23,15,24,16],[2,22,10,18,23,19,14,15,16,24],[22,6,7,23,8,24],[6,22,23,10,14,15,16,24],[2,22,18,23,19,6,10,14,15,16,24],[14,22,23,15,16,24],[10,14,2,22,15,23,24,16],[18,22,23,19,14,15,16,24],[18,10,22,23,19,2,14,15,24,16],[18,14,22,23,19,15,16,24],[6,22,23,10,18,19,14,15,24,16],[2,10,22,14,15,23,16,24],[14,2,10,6,15,22,23,24,16],[2,14,18,22,19,23,15,16,24],[10,22,2,18,19,23,14,15,16,24],[2,6,22,23,18,19,10,14,15,16,24],[10,22,14,15,23,24,16],[10,18,22,23,19,6,14,15,24,16],[18,22,23,19,10,2,6,14,15,24,16],[22,6,7,23,8,24],[10,22,2,14,15,23,16,24],[18,2,10,6,14,22,19,23,15,16,24],[22,10,6,23,2,18,19,14,15,24,16],[2,14,18,6,22,23,19,15,16,24],[2,14,18,22,19,23,15,16,24],[18,6,10,22,23,19,2,14,15,24,16],[14,6,15,22,23,16,24],[22,14,23,15,24,16],[2,10,14,6,15,22,23,16,24],[14,22,23,15,16,24],[18,14,6,22,23,19,15,16,24],[22,2,10,6,7,23,24],[18,2,10,6,14,22,19,23,15,24,16],[6,10,18,2,14,22,23,19,15,24,16],[22,2,18,19,23,6,14,15,24,16],[14,10,2,22,15,23,24,16],[2,18,14,22,23,19,15,24,16],[2,22,18,19,23,10,6,14,15,16,24],[18,10,14,22,23,19,15,16,24],[6,14,7,15,16,8,2,10,22,23,24],[10,18,14,2,22,19,23,15,16,24],[22,14,23,15,24,16],[14,2,10,6,15,22,23,24,16],[18,22,19,23,6,14,15,24,16],[2,10,18,6,22,19,23,14,15,24,16],[18,10,14,2,6,22,23,19,15,24,16],[2,6,10,22,7,23,8,24],[6,10,2,22,7,23,8,24],[22,18,19,23,6,14,15,24,16],[6,10,14,15,18,19,22,23,24,16],[10,22,2,6,23,18,19,14,15,24,16],[14,18,10,22,19,23,15,16,24],[14,18,22,23,19,15,24,16],[10,18,6,14,2,22,23,19,15,24,16],[6,10,22,23,14,15,24,16],[22,14,15,23,16,24],[2,18,14,10,22,19,23,15,24,16],[2,22,18,19,23,14,15,24,16],[10,22,6,23,2,14,15,24,16],[22,14,15,23,16,24],[14,18,2,6,22,19,23,15,24,16],[18,6,22,23,19,14,15,16,24],[10,22,6,23,14,15,24,16],[22,2,18,19,23,6,10,14,15,16,24],[10,18,2,14,22,19,23,15,16,24],[18,22,19,23,2,6,10,14,15,16,24],[18,14,10,2,6,22,23,19,15,16,24],[14,2,6,7,15,16,8,22,23,24],[2,14,6,15,18,19,10,22,23,16,24],[6,18,2,22,19,23,10,14,15,16,24],[6,2,22,7,23,8,24],[10,6,22,23,2,18,19,14,15,24,16],[14,18,6,10,22,23,19,15,24,16],[10,2,22,6,7,23,24],[14,18,6,2,10,22,19,23,15,24,16],[22,18,23,19,6,10,2,14,15,24,16],[2,10,18,22,23,19,6,14,15,16,24],[22,2,6,23,18,19,14,15,16,24],[2,22,18,23,19,14,15,16,24],[14,10,22,23,15,16,24],[2,10,14,22,15,23,24,16],[18,10,2,6,14,22,23,19,15,16,24],[2,6,10,18,14,22,23,19,15,24,16],[22,18,23,19,14,15,16,24],[2,22,14,15,23,24,16],[14,10,6,7,15,8,16,2,18,19,22,23,24],[18,14,10,2,22,23,19,15,16,24],[18,22,19,23,10,14,15,16,24],[14,6,7,15,8,16,18,19,2,10,22,23,24],[6,2,10,14,7,15,8,16,18,19,22,23,24],[10,2,18,14,6,22,23,19,15,24,16],[2,22,6,23,18,19,10,14,15,16,24],[2,18,14,10,6,22,23,19,15,24,16],[6,22,23,18,19,14,15,24,16],[18,6,10,14,2,22,23,19,15,16,24],[14,22,23,15,16,24],[14,10,6,15,2,22,23,24,16],[22,14,15,23,16,24],[18,2,10,6,14,22,19,23,15,24,16],[18,10,14,6,2,22,19,23,15,24,16],[22,2,14,15,23,16,24],[10,6,2,18,22,23,19,14,15,24,16],[14,18,2,10,6,22,23,19,15,24,16],[22,18,23,19,10,2,14,15,24,16],[10,14,2,22,23,15,16,24],[14,2,18,10,22,23,19,15,24,16],[14,10,2,22,23,15,16,24],[6,22,7,23,8,24],[6,2,18,14,22,19,23,15,16,24],[10,6,2,18,22,23,19,14,15,16,24],[2,6,22,23,10,18,19,14,15,24,16],[2,10,22,14,23,15,16,24],[22,18,19,23,2,10,14,15,24,16],[14,2,18,22,19,23,15,24,16],[14,2,10,6,15,18,19,22,23,24,16],[2,18,6,22,19,23,14,15,16,24],[2,18,10,14,22,19,23,15,16,24],[18,22,19,23,6,14,15,16,24],[18,6,10,2,14,22,23,19,15,16,24],[6,22,23,10,2,14,15,24,16],[2,10,14,22,23,15,16,24],[18,22,23,19,10,2,6,14,15,24,16],[22,6,23,10,14,15,24,16],[6,14,7,15,8,16,2,18,19,10,22,23,24],[14,22,15,23,16,24],[10,22,14,23,15,16,24],[10,14,6,7,15,16,8,2,22,23,24],[2,14,10,18,6,22,19,23,15,24,16],[10,22,2,14,15,23,16,24],[14,10,22,15,23,24,16],[10,14,18,6,2,22,23,19,15,24,16],[18,14,22,19,23,15,24,16],[18,14,10,6,22,23,19,15,24,16],[2,14,22,23,15,24,16],[18,22,23,19,14,15,16,24],[22,10,18,23,19,6,14,15,16,24],[18,14,2,10,6,22,19,23,15,24,16],[14,2,6,7,15,16,8,10,22,23,24],[14,18,10,6,22,19,23,15,24,16],[22,2,6,23,18,19,10,14,15,16,24],[18,2,10,6,14,22,19,23,15,24,16],[18,22,19,23,14,15,16,24],[2,18,14,22,19,23,15,16,24],[2,14,6,7,15,16,8,18,19,10,22,23,24],[18,10,22,23,19,6,14,15,16,24],[22,10,18,23,19,2,6,14,15,16,24],[14,18,6,2,22,19,23,15,16,24],[2,18,6,22,19,23,10,14,15,24,16],[22,2,10,6,7,23,8,24],[22,14,23,15,16,24],[2,10,14,6,7,15,8,16,18,19,22,23,24],[6,10,14,15,22,23,24,16],[10,6,14,7,15,8,16,18,19,22,23,24],[6,10,22,7,23,8,24],[18,14,22,23,19,15,24,16],[22,2,6,23,10,18,19,14,15,16,24],[18,10,2,22,19,23,14,15,24,16],[18,10,22,19,23,6,14,15,16,24],[18,22,23,19,2,10,14,15,24,16],[22,6,7,23,24],[22,14,15,23,24,16],[2,10,22,14,23,15,24,16],[18,14,6,22,23,19,15,24,16],[14,2,18,22,19,23,15,16,24],[2,14,22,23,15,24,16],[18,14,6,2,10,22,23,19,15,24,16]],"n_human":12}