{"problem_id":"Fml2RDp4Zaltzj8","sigma":75,"alpha":10.000,"cost":1,"probabilities":"[0.27999999999999997, 0.17, 0.32, 0.23]","payoff_matrix":"[[-46, -136, -63, 84, -23, 1], [-114, -47, -16, -5, -19, 6], [-136, 49, -99, 52, -152, -11], [97, -3, -72, -14, -28, -117]]","uncovered":[[23,11,15,19,7,5,3,13],[7,3,23,19,11,15,5,13],[3,15,7,5,19,11,23,13],[15,3,11,19,7,5,23,13],[3,7,23,11,15,5,19,24,13],[11,15,3,23,19,7,5,13],[3,23,11,7,19,15,13,5],[3,11,19,15,7,5,21,23,13],[15,23,11,7,13,8,1,20,5,19,24],[3,23,7,15,5,11,19,13],[3,7,23,11,19,15,13,5],[23,3,11,19,7,13,15,5],[7,23,11,15,5,19,3,13],[15,19,11,21,7,5,3,23,13],[3,11,15,7,13,5,19,21,24],[11,23,3,15,19,7,5,21,13],[15,3,19,7,13,5,11,23],[15,11,3,19,23,7,5,21,13],[15,11,7,5,3,23,19,13],[7,19,1,11,15,5,23,13,24],[7,15,5,19,11,3,23,13],[19,3,11,15,23,7,5,13],[15,7,5,23,19,3,11,13],[3,15,7,13,5,19,23,11],[15,19,23,11,3,7,5,13],[7,23,3,15,13,8,19,11,5],[15,7,13,5,21,11,17,2,23,18,19],[3,19,11,23,15,7,13,5],[23,15,19,3,11,7,13,5],[3,15,7,13,5,24,11,19],[23,3,15,11,7,13,5,19],[19,7,3,23,11,15,13,5],[23,11,15,19,3,7,5,21,13],[3,15,11,7,5,23,19,13],[3,23,5,15,19,9,13,24],[19,11,23,15,3,7,5,21,13],[15,7,13,5,20,3,11,23,19],[7,23,3,19,11,15,13,5],[3,11,19,7,23,15,5,21,13],[15,23,7,13,5,11,19,3],[11,23,15,7,5,19,3,21,13],[15,3,11,7,13,5,19,23],[23,3,7,11,19,15,13,5],[23,15,7,13,5,19,11,1,22,21],[11,3,23,15,19,7,13,5],[11,19,15,7,5,3,23,24,14,13],[23,15,7,13,5,17,12,3,22,18,10,21],[23,19,11,15,3,7,5,21,13],[23,3,19,7,15,5,11,21,13],[15,11,19,23,3,7,13,5],[19,15,7,13,5,24,3,11],[23,11,7,19,3,15,5,13],[7,19,11,15,5,3,23,21,13],[3,15,23,11,7,13,5,19],[15,11,3,7,13,5,19,23],[11,3,15,7,5,23,19,21,13],[15,23,11,3,7,5,19,21,13],[15,7,13,5,17,11,23,3,19],[7,19,23,11,15,5,3,21,13],[3,11,23,19,15,7,5,21,13],[23,15,19,11,7,13,5,3],[7,3,15,5,19,11,23,13],[7,19,11,3,15,13,5,23],[11,7,3,19,15,5,23,13],[3,7,15,13,5,23,9,19],[23,19,15,7,13,5,4,3,11],[19,23,3,11,15,7,13,5],[11,3,19,15,23,7,5,13],[19,3,23,11,7,15,5,13],[7,15,13,5,23,9,20,3,17,21],[7,23,3,19,15,13,5,9],[3,11,15,19,23,7,13,5],[23,11,7,19,15,5,3,21,13],[23,11,15,7,5,19,3,13],[11,15,19,7,13,5,21,2,22,23],[3,19,23,11,7,15,5,13],[3,15,11,7,5,23,19,13],[3,19,11,23,7,15,13,5],[3,23,19,11,15,7,13,5],[19,23,7,11,3,15,5,21,13],[15,19,3,7,13,5,24,11],[3,19,7,23,13,15,5,11],[11,15,19,3,7,13,5,21,23],[19,11,23,15,7,5,3,21,13],[19,11,3,23,7,15,5,21,13],[23,7,11,15,5,19,3,13],[7,19,3,23,15,13,5,11],[3,23,11,15,7,13,5,19],[15,19,9,3,23,7,5,21,13],[7,23,15,5,19,11,3,21,13],[11,7,23,3,19,15,5,21,13],[7,3,19,23,11,15,13,5],[7,23,11,19,15,5,3,13],[11,15,7,13,5,23,4,3,19],[3,11,23,19,7,15,13,5],[3,19,23,7,15,5,11,21,13],[19,11,7,15,5,3,23,13],[7,15,5,3,19,23,11,13],[11,23,19,7,15,13,5,3],[9,23,7,3,19,15,5,13],[23,7,11,19,15,5,3,13],[7,19,3,15,5,11,23,21,13],[7,15,5,23,11,3,19,21,13],[11,15,19,7,5,1,23,13,24],[21,15,7,5,3,11,19,23,13],[19,23,3,7,11,15,5,13],[23,11,19,15,3,7,5,13],[19,3,11,7,15,13,8,23,5],[11,7,15,5,19,23,3,13],[3,19,11,7,23,15,13,5],[7,11,3,19,23,15,13,5],[11,15,3,19,23,7,13,5],[23,7,19,11,3,15,5,21,13],[11,19,23,3,7,13,15,5],[11,15,23,3,7,5,19,21,13],[15,7,5,3,19,11,23,13],[7,3,19,11,23,15,13,5],[11,3,23,15,7,5,19,13],[23,3,7,15,13,5,20,11,19],[7,11,3,23,15,5,19,13],[23,19,7,15,5,11,3,21,13],[23,7,15,13,5,3,9,20,19],[23,7,11,15,5,19,3,13],[19,23,15,7,5,11,3,21,13],[7,15,13,5,18,10,3,23,11,17,22],[19,11,23,7,3,15,5,13],[15,19,11,3,7,13,5,23],[19,7,3,11,15,5,23,21,13],[3,19,11,23,7,15,5,13],[3,7,23,19,15,13,5,11],[7,3,23,15,5,11,19,21,13],[11,19,7,3,23,15,13,5],[19,11,15,3,7,5,23,13],[15,19,3,7,13,5,23,11],[11,23,15,7,5,19,3,21,13],[11,3,23,19,7,15,13,5],[7,11,23,3,15,13,5,18,19],[15,11,23,19,7,13,5,3],[23,15,7,13,8,19,11,2,5,22],[23,15,3,19,11,7,5,13],[11,19,15,3,7,5,23,21,13],[11,19,15,3,23,7,5,21,13],[15,11,7,5,3,19,23,21,13],[7,15,5,23,19,3,11,13],[3,19,23,15,11,7,5,21,13],[19,23,15,11,3,7,5,21,13],[23,7,11,19,3,15,5,16,21,13],[11,19,7,15,13,5,23,2,3],[23,3,7,19,15,13,5,11],[15,19,23,3,7,5,11,21,13],[23,19,11,3,15,7,5,13],[15,11,23,7,5,3,19,13],[23,15,3,11,7,5,19,21,13],[15,19,3,23,7,5,11,13],[15,11,23,19,7,13,5,1,21],[19,23,3,7,11,15,5,21,13],[19,3,23,7,15,5,11,13],[3,15,7,5,19,11,23,21,13],[3,23,11,19,7,15,13,5],[3,11,15,19,23,7,13,5],[19,3,7,11,15,5,23,21,13],[19,11,23,15,3,7,5,13],[7,11,19,15,13,5,23,3],[23,15,11,19,3,7,13,5],[19,15,7,5,3,11,23,13],[23,7,3,19,15,5,11,21,13],[19,11,7,15,13,5,3,23],[3,19,11,15,7,5,23,21,13],[15,3,7,5,23,19,11,13],[7,3,15,5,11,19,21,23,13],[3,15,19,11,23,7,5,21,13],[7,3,23,11,15,5,19,21,13],[23,15,3,11,19,7,5,21,13],[19,23,3,15,7,13,5,11],[11,3,7,23,19,15,13,5],[15,19,11,3,23,7,5,13],[23,15,3,7,13,5,17,11,18,21],[23,11,7,3,15,5,19,13],[23,7,19,15,5,11,3,13],[19,23,15,3,11,7,5,13],[11,15,23,3,7,5,19,13],[11,23,15,7,5,19,3,21,13],[11,15,19,23,3,7,5,21,13],[15,3,11,21,19,7,13,5,23],[19,7,11,15,13,5,1,23,24],[7,19,23,15,13,5,1,11,22,21],[19,7,23,15,13,5,9,1,21],[3,19,11,15,7,5,23,21,13],[15,11,23,7,13,5,19,1,24],[19,23,3,15,11,7,5,21,13],[15,7,5,23,3,11,19,13],[23,11,19,15,7,13,5,2,24],[11,15,23,3,7,13,5,19],[23,11,7,3,19,15,13,5],[11,7,15,13,5,23,19,3],[15,19,3,23,11,7,5,21,13],[23,19,3,7,11,15,5,13],[23,11,15,7,13,5,19,3],[15,23,7,5,3,19,11,21,13],[7,19,15,13,5,23,3,11],[3,11,7,23,15,5,19,13],[15,23,11,7,13,5,19,1,24],[15,7,13,5,23,12,17,3,19,22],[23,7,15,13,5,11,4,3,19],[19,11,15,3,23,7,5,13],[7,23,11,3,19,15,5,13],[15,23,19,7,5,11,3,21,13],[19,3,15,11,23,7,13,5],[3,23,15,19,7,13,5,9],[15,11,23,19,3,7,5,21,13],[3,11,19,21,7,15,13,5,23],[15,11,3,7,13,8,20,23,5,24],[23,3,15,7,5,19,11,21,13],[7,3,19,23,11,15,5,21,13],[11,15,7,13,5,18,23,4,3,17,24],[23,15,7,5,3,11,19,13],[3,19,7,15,13,5,11,21,23],[7,3,19,23,11,15,5,21,13],[11,7,19,23,15,13,5,4,3],[23,19,1,7,11,15,13,5,24],[7,19,3,15,5,11,23,21,13],[3,7,23,19,11,15,13,5],[15,7,13,5,4,3,19,21,11,23],[3,15,11,23,19,7,5,13],[7,23,11,19,3,15,5,21,13],[19,23,3,15,11,7,13,5],[23,3,15,7,13,5,19,11],[11,23,7,19,3,15,5,13],[11,3,7,15,13,5,17,22,23,19],[7,15,5,11,23,3,19,21,13],[7,15,5,19,3,11,23,21,13],[19,7,11,15,5,3,23,13],[19,11,3,23,7,15,13,5],[3,19,7,11,23,15,5,13],[15,3,7,13,5,12,19,23,21],[11,23,7,15,13,5,2,19,21],[3,15,11,23,19,7,13,5],[3,15,23,7,5,19,11,13],[23,15,11,7,5,3,19,13],[11,3,15,23,19,7,5,21,13],[11,3,15,19,23,7,5,21,13],[11,3,19,7,23,13,15,5],[23,3,11,15,7,5,19,21,13],[11,19,15,23,3,7,5,13],[15,19,23,3,7,13,5,9],[15,11,3,19,23,7,13,5],[7,23,19,15,13,5,3,11],[19,11,23,7,15,5,3,13],[3,7,15,5,11,23,19,21,13],[15,7,13,5,1,23,19,11,22,3],[15,11,7,13,5,17,3,23,19],[7,19,11,23,15,5,3,13],[23,7,19,15,5,3,11,21,13],[7,15,5,11,3,19,23,13],[7,23,11,3,19,15,5,13],[15,11,19,3,7,13,5,22,23],[3,19,15,11,23,7,5,13],[3,23,19,11,15,7,13,5],[7,19,15,5,11,3,23,21,13],[19,23,3,7,11,15,5,21,13],[23,19,7,15,5,3,11,21,13],[23,19,11,15,3,5,13],[7,11,3,15,13,5,21,19,23],[3,23,11,15,7,13,5,18,19],[23,15,7,5,11,3,19,13],[3,7,23,19,11,15,13,5],[15,3,19,7,13,5,11,23],[19,7,23,3,15,5,11,21,13],[3,15,19,23,7,13,5,11],[11,15,23,19,7,5,3,21,13],[19,23,3,15,11,7,5,13],[19,3,23,7,15,5,11,21,13],[19,7,3,11,23,15,5,21,13],[7,15,13,5,12,23,3,20,19,24],[11,23,15,7,13,5,3,19],[19,15,23,7,5,11,3,21,13],[15,3,19,7,13,5,10,23,11],[11,19,15,3,23,7,5,13],[7,11,3,23,19,15,13,5],[7,23,3,19,15,5,11,21,13],[15,23,19,11,7,13,5,1,21],[11,15,3,19,23,7,13,5],[19,7,15,13,5,11,23,1,4,3],[23,19,15,11,3,7,5,13],[19,7,23,11,15,13,5,3],[7,9,19,23,15,5,3,21,13],[7,11,23,3,15,5,19,21,13],[19,3,23,15,11,7,13,5],[15,23,3,7,13,5,9,19],[19,15,23,11,3,7,5,13],[3,15,11,7,5,23,19,21,13],[19,23,15,11,7,13,5,2,21],[19,15,7,13,5,11,3,23],[19,15,3,11,7,5,23,13],[19,23,11,3,15,7,5,21,13],[7,11,3,19,15,5,23,13],[3,19,7,23,15,5,11,16,21,13],[11,7,19,23,15,13,5,3],[23,19,11,15,7,13,5,4,3],[15,11,7,5,3,19,23,13],[19,3,15,23,11,7,5,21,13],[3,7,19,23,15,5,11,13],[7,23,15,5,11,3,19,13],[3,15,19,7,13,5,11,23],[19,11,23,7,15,13,5,3],[23,7,3,11,19,15,13,5],[19,11,15,23,3,7,5,13],[11,23,19,15,7,5,3,21,13],[7,13,15,5,1,23,9,19,22,4,3],[15,3,11,19,23,7,5,13],[15,7,5,19,4,3,23,11,13],[23,19,7,15,13,5,11,3],[19,11,7,15,5,23,3,21,13],[19,7,23,3,11,15,13,5],[15,11,19,3,23,7,5,21,13],[7,11,19,15,5,23,3,13],[3,23,19,15,7,5,11,13],[15,19,23,7,5,11,3,21,13],[19,15,11,23,3,7,5,13],[19,3,11,7,23,15,5,21,13],[3,23,19,11,15,7,13,5],[11,15,3,19,23,7,13,5],[19,23,11,15,3,7,5,13],[15,7,13,5,3,19,22,11,23],[15,7,5,3,19,23,11,13],[19,3,11,15,23,7,5,21,13],[15,23,19,3,7,13,5,11],[23,3,11,7,19,15,5,21,13],[3,15,23,19,11,7,13,5],[3,19,7,11,23,15,13,8,5],[23,11,7,19,3,15,5,21,13],[11,3,15,7,5,19,23,21,13],[3,7,11,23,19,15,13,8,5],[7,23,19,3,11,15,5,13],[3,15,7,13,5,23,11,19],[19,15,11,7,13,5,3,23],[23,11,19,7,15,5,3,21,13],[3,11,19,7,15,5,23,13],[11,7,3,19,15,5,23,21,13],[15,7,5,23,3,19,11,21,13],[11,7,23,3,19,15,5,13],[3,15,19,23,11,7,5,21,13],[11,3,7,19,15,13,5,23],[15,19,7,13,5,10,1,23,11,22],[11,7,3,23,15,5,19,13],[23,11,19,15,3,7,13,5],[7,3,11,15,5,23,19,21,13],[7,23,19,3,11,15,13,5],[19,11,15,3,7,5,23,13],[23,11,15,19,7,5,3,13],[11,23,15,7,13,5,4,3,19],[15,23,11,3,7,13,5,17,22,19],[11,23,19,3,7,15,13,5],[23,11,19,3,7,15,13,5],[15,19,11,3,23,7,5,13],[7,11,19,23,15,13,5,3],[11,23,3,7,19,15,13,5],[15,19,7,5,11,3,23,13],[7,15,5,19,23,3,11,13],[15,19,23,11,7,5,3,21,13],[15,7,5,11,19,23,3,13],[7,23,19,3,15,13,5,11],[11,3,15,7,5,23,19,21,13],[7,15,13,5,23,19,12,3,22],[11,15,19,3,23,7,5,13],[3,23,7,11,15,13,5,19],[15,19,11,7,13,5,1,23,21],[19,3,11,7,15,5,23,21,13],[15,11,19,3,7,13,5,24],[3,5,19,11,23,15,21,13],[11,19,3,23,15,7,13,8,5],[11,7,3,15,13,5,19,24],[7,19,11,15,13,5,23,3],[19,7,3,23,11,15,5,21,13],[15,7,5,23,19,11,3,13],[11,19,15,7,5,23,3,21,13],[3,7,19,11,15,13,5,23],[15,19,11,7,13,5,1,21,23],[3,11,7,21,19,15,5,23,13],[19,11,23,3,7,15,13,5],[11,15,7,13,5,19,23,3],[19,3,7,15,13,5,21,11,22],[7,11,15,13,5,4,3,19,23],[23,3,15,7,5,19,11,21,13],[11,23,15,7,13,5,18,3,19],[7,23,3,15,5,11,19,21,13],[23,3,7,11,15,5,19,13],[23,15,3,7,13,5,20,11,21,17],[19,23,7,15,5,11,3,21,13],[3,19,7,23,11,15,13,5],[23,3,11,19,7,15,5,13],[11,19,15,3,23,7,5,21,13],[7,3,19,15,13,8,21,11,5,23],[19,23,7,3,15,13,5,11],[7,3,11,23,15,13,5,19],[15,1,19,11,7,5,23,13,24],[11,7,23,19,15,13,5,4,3],[3,23,7,15,13,5,12,17,20,21],[23,11,7,15,13,5,1,19,22,4,3],[7,23,15,5,11,19,3,13],[19,7,23,3,11,15,13,5],[23,11,3,15,19,7,5,13],[23,3,7,19,11,15,5,13],[19,7,11,23,15,5,3,13],[3,15,7,5,19,9,23,21,13],[23,19,11,7,3,15,5,21,13],[15,23,7,13,5,1,10,19,9,24],[11,3,23,15,7,5,19,13],[19,11,7,23,3,15,5,13],[23,3,19,7,11,15,13,5],[7,3,11,15,5,23,19,21,13],[7,11,19,3,15,5,23,13],[23,15,7,5,3,19,11,21,16,13],[3,23,15,7,13,5,9,17,22,18,21],[19,3,11,7,23,15,5,21,13],[11,23,3,19,15,7,5,13],[15,19,7,5,23,3,11,13],[7,23,3,11,19,15,5,21,13],[11,3,23,19,15,7,13,8,5],[19,15,11,7,13,5,1,21,23],[15,19,3,7,13,5,21,11,23],[11,19,7,23,3,15,5,13],[3,15,7,5,23,19,11,21,13],[11,19,23,15,7,5,3,21,13],[23,19,3,11,7,15,5,13],[23,3,15,7,5,11,19,13],[15,19,23,3,11,7,13,5],[11,23,15,19,3,7,13,5],[7,19,11,3,23,15,5,13],[3,19,23,7,11,15,13,8,5],[3,19,23,7,15,13,5,11],[19,3,15,23,11,7,13,5],[23,7,15,13,5,3,19,9],[11,23,7,19,15,13,5,3],[7,19,11,15,13,5,2,21,23],[7,15,5,11,23,19,3,13],[11,19,15,7,13,5,1,21,23],[19,23,7,15,13,5,11,3],[15,7,13,5,21,19,11,2,23],[3,23,19,7,15,13,5,10,11],[7,11,19,15,5,3,23,13],[7,19,3,11,15,5,23,21,13],[15,3,7,5,19,11,23,13],[15,7,5,11,19,3,23,13],[23,19,3,11,15,7,5,13],[19,7,11,15,5,3,23,13],[11,7,23,15,13,5,1,19,24],[19,11,3,13,7,15,5,23],[23,3,11,7,19,15,5,21,13],[19,7,11,15,13,5,23,3],[7,11,15,5,19,3,23,21,13],[19,3,7,15,13,5,12,23,21],[19,15,3,7,13,5,21,11,23],[11,23,7,19,15,5,3,21,13],[11,15,7,5,19,3,23,21,13],[15,11,23,19,7,5,3,13],[7,11,19,3,23,15,5,21,13],[11,7,23,19,3,15,5,21,13],[15,11,23,5,19,3,13],[19,11,23,15,7,5,3,21,13],[19,15,23,7,5,3,11,13],[7,15,5,23,11,3,19,21,13],[11,7,19,15,13,5,23,3],[11,7,3,23,19,15,13,5],[19,7,23,15,5,3,11,13],[23,11,15,7,5,19,3,21,13],[23,19,3,7,11,15,13,5],[15,3,19,7,13,6,24,11,5],[11,3,23,13,7,15,5,19],[7,23,15,5,3,11,19,21,13],[7,19,15,5,23,11,3,13],[23,3,15,7,13,5,19,11],[7,15,5,19,23,11,3,21,13],[3,19,7,23,15,13,5,11],[11,15,7,5,23,3,19,21,13],[3,19,23,7,11,15,13,5],[15,23,11,3,7,13,5,18,17,21],[7,3,19,11,15,13,5,23],[15,23,19,7,13,5,9,4,3,21],[3,5,11,15,23,19,13],[15,7,5,11,3,19,23,21,13],[19,11,3,7,23,15,13,5],[19,15,11,7,13,5,3,23],[3,11,23,15,7,5,19,21,13],[23,7,3,11,15,5,19,21,13],[23,7,11,19,3,15,5,21,13],[11,15,19,3,7,5,23,13],[7,19,23,15,5,11,3,13],[23,19,3,15,11,7,13,5],[15,3,19,11,23,7,13,5],[15,11,19,23,3,7,13,5],[19,11,23,7,15,13,5,3],[11,19,7,15,13,5,22,4,3,23],[7,3,11,23,19,15,13,5],[11,3,19,7,23,15,13,5],[23,19,15,3,7,13,5,11],[7,23,19,15,13,5,11,3],[23,19,15,11,3,7,5,21,13],[3,23,7,11,19,15,5,13],[19,23,15,7,5,3,11,21,13],[23,11,19,5,3,15,21,13],[15,3,11,23,19,7,13,5],[15,11,3,7,5,23,19,21,13],[19,15,11,23,7,13,5,1,21],[11,15,3,19,23,7,13,5],[15,23,19,11,3,7,5,13],[11,19,23,3,15,7,5,21,13],[19,15,23,3,11,7,5,13],[11,19,15,3,7,5,23,21,13],[7,3,19,15,5,23,11,21,13],[3,23,7,11,15,13,5,20,18,21],[23,15,7,13,5,1,11,19,21],[23,7,15,13,5,19,11,1,21],[7,15,13,5,11,19,2,23,22,1],[3,15,11,7,13,5,21,19,23],[11,7,19,15,13,5,3,24],[3,11,15,19,23,7,13,5],[15,11,7,5,1,19,23,21,13],[11,3,15,7,5,23,19,13],[7,15,13,5,24,11,3,17],[11,19,7,3,23,15,5,21,13],[11,19,3,15,23,7,13,5],[3,19,7,23,11,15,13,5],[15,7,13,5,9,19,23,3],[19,11,3,15,7,5,23,21,13],[7,15,13,5,3,11,23,19],[23,3,15,11,7,5,19,21,13],[11,19,23,15,7,5,3,21,13],[23,7,15,5,11,3,19,13],[23,11,15,17,7,13,5,3,18,24],[23,19,11,15,7,13,5,1,24],[15,7,13,5,3,11,17,21,23,19],[23,19,3,7,15,13,5,11],[3,19,7,11,23,15,13,5],[7,23,3,15,5,19,11,13],[15,19,23,3,7,13,5,11],[7,19,23,11,15,13,5,3],[19,11,15,23,7,13,5,1,22,4,3],[3,19,7,11,23,15,13,5],[23,15,11,3,19,7,13,5],[19,23,15,7,13,5,3,9],[7,19,11,3,15,13,8,21,5,23],[15,3,7,13,5,11,23,19],[23,19,7,3,11,15,13,5],[15,23,3,7,5,19,9,21,13],[23,11,19,3,7,15,5,13],[7,19,9,3,15,13,5,23],[23,3,15,7,13,5,11,19],[23,7,3,19,15,13,5,11],[19,15,7,13,5,3,11,23],[7,3,15,13,5,9,23,20,19],[11,19,3,23,15,7,13,5],[19,7,11,23,15,13,5,3],[23,11,19,15,7,13,5,3],[19,15,11,23,3,7,13,5],[15,11,3,19,7,5,23,13],[11,3,7,15,13,5,22,19,21],[11,19,7,3,15,13,5,23],[15,7,5,19,3,23,11,16,21,13],[15,19,3,23,11,7,13,5],[11,3,19,15,7,13,5,23],[7,11,15,5,3,23,19,13],[3,7,11,23,15,5,19,13],[11,7,23,15,5,19,3,13],[7,11,23,3,15,13,5,19],[11,7,23,19,3,15,13,5],[19,23,15,11,3,7,5,21,13],[19,3,7,15,5,11,23,13],[15,19,11,7,13,5,24,2],[11,19,3,7,15,13,5,21,23],[11,7,19,23,15,5,3,13],[7,11,23,3,19,15,13,5],[7,23,1,15,13,5,17,11,19,21],[11,19,15,3,23,7,13,5],[23,7,11,19,15,13,5,3],[7,19,11,3,23,15,13,5],[23,1,7,11,15,13,5,17,20,21],[15,3,7,5,11,23,19,21,13],[19,23,3,11,7,15,5,13],[15,19,23,11,3,7,13,5],[23,15,3,11,7,13,5,19],[15,3,19,11,23,7,13,5],[23,3,19,15,7,5,11,21,13],[23,7,3,11,19,15,5,21,13],[3,23,7,15,13,5,19,11],[7,11,15,5,3,23,19,21,13],[11,15,7,13,5,24,19,3],[15,11,23,7,5,19,3,13],[3,23,19,11,7,15,5,21,13],[19,15,3,11,7,5,23,13],[3,15,7,5,11,23,19,21,13],[7,15,5,19,3,23,11,13],[11,3,15,23,7,13,5,20,18,19],[3,19,23,15,7,5,11,13],[23,7,15,13,5,12,19,3,21],[19,23,15,11,3,7,13,5],[19,7,23,15,5,11,3,21,13],[7,23,15,13,5,10,20,3,12,17,22,21],[3,23,7,11,19,15,5,13],[15,7,13,5,1,23,19,10,9,24],[11,7,19,15,5,3,23,13],[23,3,11,19,15,5,13],[19,15,3,23,11,7,13,8,5],[7,15,13,5,2,23,19,11,21],[11,15,23,7,13,5,19,4,3],[15,11,7,13,5,20,23,3,18,21],[19,23,3,15,7,13,5,11],[7,3,11,19,23,15,5,13],[3,19,15,23,11,7,5,13],[11,23,19,3,7,15,5,13],[7,15,13,5,23,3,9,17,20,24],[15,3,7,5,23,19,11,13],[19,11,3,7,15,5,23,13],[15,7,5,3,11,23,19,13],[23,11,15,7,13,5,3,19],[15,11,7,13,5,22,4,3,19,23],[3,11,23,19,7,15,5,13],[3,11,23,19,7,15,5,13],[11,15,7,13,5,19,24,3],[3,11,21,19,15,7,13,5,23],[3,19,11,23,15,7,5,21,13],[11,7,19,3,15,5,23,21,13],[7,11,15,5,3,23,19,13],[11,15,3,19,7,13,5,23],[15,7,5,23,19,11,3,21,13],[19,15,3,23,7,13,5,11],[3,23,15,11,19,7,13,6,5],[15,3,11,23,7,5,19,13],[7,3,23,11,15,5,19,21,13],[7,23,11,19,15,5,3,13],[7,15,13,5,11,1,17,22,23,20,3],[11,3,23,15,7,13,5,19],[19,23,3,15,7,13,5,11],[7,3,15,13,5,24,19,11],[15,3,21,19,7,5,11,23,13],[23,7,3,19,15,13,5,11],[3,19,11,15,23,7,13,5],[11,3,23,19,7,15,5,13],[7,3,23,19,15,13,5,11],[3,23,7,11,19,15,13,5],[7,15,5,3,11,19,23,21,13],[15,11,7,5,23,19,3,21,13],[7,19,11,3,15,13,5,24],[19,7,11,3,15,13,5,21,22],[7,11,15,5,19,23,3,21,13],[7,19,15,13,5,21,1,9,23],[11,7,19,23,3,15,13,5],[15,19,23,3,7,5,11,21,13],[11,7,15,5,23,19,3,13],[7,11,23,19,15,13,5,4,3],[15,3,19,7,13,5,23,11],[15,19,11,7,13,5,3,23],[7,3,19,11,15,13,5,21,23],[3,11,7,15,13,5,19,21,23],[15,7,13,5,3,11,23,19],[15,19,7,13,5,11,3,23],[3,11,19,23,7,15,13,5],[11,23,19,15,7,5,3,21,13],[7,23,3,15,5,19,11,13],[11,7,3,23,15,5,19,13],[19,15,3,23,7,5,11,21,13],[23,3,19,7,15,5,11,24,13],[23,3,19,7,11,15,5,21,13],[3,15,23,11,7,5,19,13],[15,23,11,7,5,3,19,13],[23,15,3,19,7,5,11,13],[11,7,15,5,23,3,19,13],[11,3,7,19,15,13,5,21,23],[23,11,19,7,3,15,13,5],[7,3,11,19,23,15,5,13],[15,19,23,11,7,13,5,1,24],[11,19,7,23,3,15,5,21,13],[3,7,23,15,5,17,11,19,13],[23,3,7,15,5,11,19,13],[23,15,3,11,7,5,19,13],[15,19,7,13,5,9,2,21,23],[3,15,11,7,5,23,19,13],[23,15,3,19,7,13,5,9],[11,7,23,15,13,5,19,3],[7,19,3,23,11,15,5,21,13],[19,23,11,7,3,15,5,13],[7,15,5,3,23,11,19,13],[3,11,19,23,7,13,15,5],[23,19,3,11,7,15,13,5],[7,15,5,3,19,23,11,16,21,13],[23,15,3,7,13,5,20,9,19],[15,3,23,11,7,5,19,21,13],[15,23,7,13,5,19,3,9],[11,7,3,23,19,13,15,5],[7,15,5,23,11,19,3,13],[15,19,11,3,7,5,23,21,16,13],[3,23,15,7,5,11,19,21,13],[15,23,7,13,5,11,3,20,17],[15,19,7,5,3,23,11,21,13],[7,11,3,15,13,5,19,21,23],[19,11,15,23,3,5,21,13],[7,23,19,3,11,15,5,21,13],[15,23,3,19,7,5,11,13],[23,19,15,3,7,13,5,11],[19,7,3,11,23,15,5,13],[23,15,3,11,19,7,5,21,13],[7,3,23,11,15,13,5,19],[3,7,19,23,15,13,5,11],[11,3,19,15,7,13,5,21,23],[15,11,19,3,23,7,5,13],[19,11,7,23,3,15,5,13],[23,7,15,5,11,19,3,13],[11,19,3,23,15,7,13,5],[23,7,19,11,1,15,5,21,13],[23,3,11,19,15,7,13,5],[23,15,7,13,5,1,19,9,22,21],[19,11,7,15,5,23,3,13],[15,11,3,7,5,23,19,21,13],[23,11,3,15,7,5,19,13],[15,3,23,19,11,5,21,13],[15,23,7,5,11,19,3,13],[7,15,5,3,23,19,11,21,13],[3,19,23,15,7,13,5,11],[15,7,5,3,23,19,11,13],[23,3,15,11,7,13,5,19],[23,7,15,13,5,19,11,4,3],[19,15,11,23,3,7,13,5],[11,15,3,23,19,7,5,13],[23,3,7,11,19,15,5,21,16,13],[19,23,11,7,15,5,1,21,13],[23,11,15,7,5,3,19,13],[3,11,23,19,7,15,5,21,13],[3,7,11,23,15,5,19,13],[15,3,7,13,5,17,22,11,23,19],[11,19,7,15,5,23,3,13],[19,11,7,15,5,3,23,21,13],[19,7,23,15,13,5,3,11],[23,11,3,7,15,5,19,21,13],[15,1,23,7,5,19,11,13,2],[23,3,19,7,15,13,5,11],[15,11,19,7,13,5,1,23,24],[23,3,19,15,7,5,11,21,13],[11,23,19,7,15,5,3,21,13],[3,11,7,19,15,5,23,13],[11,23,7,19,3,15,13,5],[19,23,11,3,15,7,13,5],[23,11,3,19,7,15,13,8,5],[11,23,7,3,15,13,5,20,19],[7,23,15,5,3,11,19,13],[3,7,11,15,5,23,19,21,13],[11,15,19,3,23,7,5,21,13],[7,23,15,5,11,3,19,13],[15,23,19,3,11,7,13,5],[19,7,3,15,13,5,23,11],[15,7,13,5,19,10,22,4,3,21,11],[23,11,15,19,7,5,3,21,13],[19,3,7,23,11,15,5,13],[15,3,7,5,23,19,11,13],[19,11,15,3,23,7,5,13],[19,7,15,5,11,23,3,21,13],[23,7,11,3,15,13,5,19],[19,3,11,23,15,7,13,5],[23,3,19,15,7,5,11,21,13],[7,19,11,23,15,5,3,13],[7,23,3,19,15,5,11,21,13],[19,11,15,3,23,7,5,13],[15,19,23,3,7,5,11,13],[3,15,7,13,5,23,19,10,11],[15,3,19,7,5,23,11,13],[15,11,7,5,19,23,3,13],[19,7,15,13,5,3,10,21,12,23],[3,23,19,15,11,7,13,5],[19,23,3,7,11,15,13,5],[7,23,3,11,19,15,5,13],[23,15,11,3,7,13,5,19],[3,15,11,17,23,7,5,19,13],[23,7,11,3,19,15,13,5],[3,15,11,19,23,7,13,5],[23,3,15,11,7,5,19,21,13],[3,7,19,15,5,11,23,13],[19,11,15,3,7,13,5,23],[3,19,15,23,11,7,13,5],[3,7,15,13,5,10,23,19,11],[11,23,19,15,3,7,13,5],[19,7,15,13,5,11,1,23,21],[23,3,19,7,11,15,5,21,13],[11,7,3,19,23,15,5,21,13],[3,19,15,7,5,11,23,13],[23,11,3,7,19,15,5,21,13],[23,11,15,19,3,7,5,21,13],[3,15,11,19,7,5,23,13],[3,19,11,15,7,5,23,13],[15,3,7,13,5,11,17,21,23],[3,7,15,13,5,11,23,17,18,21],[7,15,13,5,23,19,11,4,3],[15,23,7,5,3,9,19,13],[19,11,3,23,7,15,13,5],[11,23,3,7,15,13,5,17,18,22],[15,23,3,19,11,7,13,5],[7,23,11,15,5,3,19,21,13],[19,11,3,15,23,7,5,13],[15,23,19,11,7,13,5,3],[11,19,3,7,15,5,21,23,13],[19,23,15,3,7,13,5,11],[11,15,23,3,7,5,19,13],[7,23,15,13,5,19,3,9],[3,23,15,7,13,5,19,9],[11,3,15,7,13,5,23,19],[7,19,15,13,5,22,11,3,23],[11,23,7,15,13,5,3,19],[3,23,15,11,7,13,5,19],[15,11,19,23,7,5,3,21,13],[3,19,23,11,7,15,13,5],[7,19,3,23,15,13,5,11],[3,15,11,7,5,19,23,21,13],[7,11,15,13,5,21,19,3,23],[7,19,3,11,15,5,23,13],[7,19,15,5,3,23,11,21,13],[19,3,23,15,7,13,5,11],[11,23,15,7,5,3,19,21,13],[15,23,3,11,19,7,13,5],[3,19,15,7,5,11,23,13],[3,19,23,11,15,7,13,5],[7,11,15,13,5,19,1,21,24],[7,23,11,3,19,15,13,5],[23,15,11,7,5,3,19,13],[23,3,11,15,19,7,5,21,13],[7,19,23,15,13,5,1,10,9,21],[3,7,11,23,19,15,5,21,13],[11,19,23,7,3,15,5,21,13],[3,19,23,15,11,7,5,21,13],[23,11,3,19,7,15,5,13],[23,7,3,11,19,15,5,21,13],[23,11,3,7,15,5,19,21,13],[3,19,11,23,15,7,13,8,5],[7,15,13,5,3,19,21,11,23],[15,7,13,5,3,11,23,19],[19,3,15,7,5,11,23,21,13],[19,3,11,7,15,5,23,13],[3,19,23,11,7,15,5,13],[23,7,15,5,11,3,19,21,13],[15,7,13,5,1,9,23,19,21],[3,11,23,19,7,15,13,5],[7,11,23,19,3,15,5,13],[19,11,3,23,7,15,13,5],[7,11,19,23,3,15,5,21,13],[15,7,5,3,19,23,11,13],[7,23,19,1,11,15,13,5,21],[15,3,23,19,7,5,11,21,13],[3,23,7,11,19,15,13,5],[15,3,7,5,23,11,19,21,13],[15,11,7,13,5,21,19,1,23],[15,23,11,5,19,3,21,13],[19,23,3,7,11,15,13,5],[15,23,3,19,7,13,5,12,22],[15,11,23,3,7,5,19,13],[19,7,15,13,5,11,23,3],[3,23,19,11,7,15,13,5],[7,11,23,15,13,5,3,19],[7,3,23,19,15,13,5,9],[23,15,11,3,7,5,19,21,13],[15,21,7,5,11,19,3,23,13],[15,11,7,13,5,23,3,17,21],[3,15,23,19,7,5,11,21,13],[15,23,3,11,19,7,13,5],[7,3,11,19,23,15,13,5],[19,3,15,23,7,13,5,11],[3,15,11,23,7,13,5,19],[23,11,15,3,19,7,13,5],[11,15,23,3,7,13,5,19],[7,15,13,5,3,18,21,11,19,23],[7,23,3,19,15,5,11,13],[11,3,23,19,7,15,13,5],[23,19,3,15,11,7,13,5],[11,7,15,13,5,3,19,23],[19,7,3,15,13,5,23,11],[11,3,7,19,15,5,23,13],[23,11,7,19,3,15,13,5],[11,19,15,23,7,13,5,3],[19,11,23,15,3,7,13,5],[11,3,19,7,23,15,13,5],[15,23,7,5,11,19,3,21,13],[19,3,7,11,15,5,23,13],[11,7,3,19,15,5,23,13],[7,15,13,5,2,19,9,21,23,1],[23,7,19,15,13,5,3,12,21],[11,3,15,19,23,7,5,13],[19,7,23,15,13,5,11,3],[11,15,3,23,19,7,13,5],[7,3,23,15,5,11,19,21,13],[19,15,23,7,13,5,11,3],[23,3,19,7,15,13,5,11],[11,15,23,3,19,7,13,5],[23,7,19,11,3,15,5,13],[23,11,19,3,7,15,13,5],[23,19,7,11,3,15,13,5],[7,23,19,9,3,15,13,5],[19,23,11,7,15,5,3,13],[15,23,7,5,3,19,11,21,13],[23,19,11,3,15,5,13],[19,15,11,3,7,13,5,23],[23,7,19,3,9,15,5,21,13],[19,7,15,13,5,11,3,24],[3,7,11,15,13,5,22,19,21],[11,19,7,23,3,15,5,21,13],[7,3,19,11,15,5,23,13],[15,11,19,7,13,5,23,1,21],[7,23,3,15,5,11,19,21,13],[19,7,3,23,15,5,11,13],[11,15,7,5,23,19,3,13],[11,15,7,5,19,23,3,13],[23,3,7,19,15,13,5,11],[23,15,3,19,7,5,11,13],[7,23,19,11,3,15,5,13],[7,3,11,15,5,23,19,13],[15,3,7,13,5,9,19,21,23],[9,23,3,7,15,13,5,19],[3,19,7,15,5,11,23,21,13],[11,23,15,7,13,8,19,4,3,5],[11,15,23,7,5,19,3,13],[19,15,23,11,3,7,5,13],[23,7,11,15,5,19,3,13],[19,3,15,11,7,13,5,24],[7,11,15,5,19,3,23,21,13],[3,19,11,23,7,15,13,5],[23,5,15,3,19,11,13],[23,7,11,15,13,5,3,18,19],[23,3,19,7,15,13,5,11],[7,3,23,15,13,5,17,11,19],[7,15,5,23,3,19,11,13],[11,19,23,7,3,15,13,5],[19,3,15,7,13,5,11,23],[11,15,19,23,1,7,13,5,22,21],[23,15,19,11,3,7,13,5],[3,11,15,7,5,19,23,13],[23,15,19,7,5,3,11,21,13],[19,3,11,15,7,5,23,13],[11,7,19,23,3,15,5,21,13],[3,15,11,19,23,7,13,5],[15,11,7,5,23,19,3,13],[19,23,11,7,15,5,3,21,13],[7,3,19,15,5,23,11,21,13],[23,19,15,7,5,3,11,13],[11,7,15,13,5,1,21,17,22,23,19],[15,23,19,3,7,13,5,11],[11,23,3,15,19,7,5,13],[23,3,11,7,15,5,19,13],[23,3,19,7,11,15,5,21,13],[23,3,15,11,19,7,13,5],[3,19,7,23,11,15,13,8,5],[19,23,3,15,7,5,11,13],[11,3,23,7,19,15,5,13],[15,19,3,11,7,13,5,23],[7,11,15,5,3,19,23,13],[23,11,7,3,15,13,5,19],[15,3,19,7,5,23,11,13],[7,11,19,15,5,3,23,21,13],[19,11,23,15,7,5,3,13],[15,3,11,23,19,7,5,16,21,13],[23,11,7,15,5,19,3,13],[7,3,11,15,13,5,19,21,24],[3,19,7,15,5,11,23,21,13],[15,11,19,23,7,13,5,3],[7,15,13,5,3,10,18,21,11,19,23],[23,3,19,15,7,13,5,11],[3,19,15,7,13,5,23,12,21],[23,3,11,15,19,7,5,13],[15,19,3,23,11,7,5,13],[3,11,7,15,5,19,23,13],[7,11,19,23,15,5,3,13],[19,3,15,11,23,7,13,5],[7,23,19,15,13,5,1,12,21,3],[19,7,3,15,13,5,11,21,23],[7,15,5,11,3,23,19,21,13],[23,19,11,7,15,13,5,2,22,4,3],[23,11,7,15,13,5,19,2,1],[15,7,13,5,23,11,19,3],[23,11,3,19,7,15,13,5],[19,11,23,7,3,15,5,13],[19,3,15,23,11,7,5,13],[15,11,3,23,7,5,19,13],[15,7,13,5,11,21,20,3,19,24],[15,3,7,13,5,23,9,19],[7,23,15,13,5,3,11,19],[15,23,11,7,5,3,19,13],[19,15,3,11,23,7,5,21,13],[15,11,23,19,7,13,5,2,21],[3,23,19,15,5,11,13],[3,23,7,15,5,11,17,21,13],[7,11,3,23,19,15,5,13],[7,19,23,3,11,15,5,21,13],[23,7,3,15,13,5,9,20,18,24],[3,11,15,7,13,5,20,23,18,21],[11,19,23,3,15,7,13,5],[23,15,7,5,3,11,19,24,16,12,13],[3,15,11,23,19,7,13,5],[7,19,3,15,13,5,23,9],[19,7,15,13,5,10,23,1,9,22,24],[15,7,13,5,1,19,11,23,21],[11,3,7,15,13,5,23,17,21],[23,7,15,5,19,11,3,21,13],[23,3,15,11,7,5,19,13],[23,19,7,15,13,5,11,3],[23,19,7,15,13,5,11,3],[15,3,7,5,23,19,11,13]],"n_human":10}