{"problem_id":"IlOGxYFXiOX7xhQ","sigma":75,"alpha":10.000,"cost":2,"probabilities":"[0.15, 0.24, 0.13, 0.48]","payoff_matrix":"[[25, -8, 87, 92, 11, -101], [-39, 38, -105, -65, -10, -24], [14, -76, -23, -54, -72, 1], [59, 12, -6, 67, -39, 93]]","uncovered":[[12,20,24,4,8,16,14,2],[12,24,16,14,20,8,4,22,2],[20,4,12,24,8,16,22,14,2],[4,12,24,8,16,14,20,22,2],[16,24,14,4,20,8,12,2],[12,20,8,4,24,16,14,2],[16,8,20,24,22,14,12,4,2],[16,20,8,12,4,14,24,2],[16,24,22,14,20,8,12,4,2],[12,4,24,8,16,14,20,2],[16,24,14,12,4,20,22,2,8],[24,4,8,16,22,14,2,20,12],[12,8,20,4,16,2,24,14],[20,16,8,12,4,2,24,22,14],[12,20,16,4,14,24,8,2],[8,24,20,4,12,16,22,14,2],[4,8,16,14,12,20,24,2],[16,12,24,22,14,8,20,4,2],[20,8,4,24,12,16,14,22,2],[4,12,24,16,14,20,8,22,2],[16,8,4,14,12,24,20,2],[8,20,12,16,4,2,24,14],[8,12,16,4,14,20,24,22,2],[12,24,4,8,16,14,20,2],[12,24,8,4,16,14,20,22,2],[8,12,4,24,16,22,14,2,20],[20,8,4,12,16,2,24,14],[16,20,4,14,8,24,12,2],[20,4,12,8,24,2,16,14],[4,20,24,8,12,16,14,22,2],[4,8,24,12,16,22,14,2,20],[12,20,8,24,16,22,14,4,2],[4,8,20,24,16,22,14,2,12],[24,12,20,8,16,22,14,4,2],[24,4,20,8,12,16,14,22,2],[16,12,24,22,14,20,4,2,8],[4,8,24,12,20,16,22,14,2],[16,12,24,14,8,4,20,2],[8,16,20,4,2,24,14,12],[12,20,24,16,22,14,8,4,2],[24,12,8,20,4,16,14,22,2],[16,24,14,20,4,12,8,2],[20,8,4,24,12,16,22,14,2],[4,16,14,24,20,8,12,2],[16,24,14,8,4,12,22,2,20],[20,4,16,14,8,24,12,22,2],[8,16,24,22,14,4,2,12,20],[20,4,24,8,16,22,14,2,12],[12,4,8,16,2,20,24,14],[8,20,12,4,16,2,24,22,14],[24,4,20,8,12,16,22,14,2],[16,20,4,2,8,12,24,22,14],[24,8,4,16,14,12,20,22,2],[16,8,24,14,12,4,20,2],[4,16,14,20,8,12,24,2],[4,8,16,14,20,24,12,22,2],[24,4,16,22,14,2,8,20,12],[24,16,14,12,8,20,4,2],[16,24,14,20,12,4,22,2,8],[16,20,4,2,12,8,24,14],[4,24,2,20,16,22,14,8,12],[12,8,24,16,14,20,4,2],[20,12,24,16,22,14,4,2,8],[20,8,12,16,4,2,24,22,14],[20,8,12,24,4,16,14,2],[12,8,16,20,24,22,14,4,2],[16,4,14,20,12,24,8,2],[12,8,20,24,4,16,14,22,2],[8,24,12,16,14,20,4,22,2],[24,8,16,22,14,12,4,2,20],[24,20,4,16,14,12,2,8],[24,12,8,16,14,20,4,22,2],[8,20,24,12,4,16,14,22,2],[12,4,24,20,8,16,14,22,2],[4,8,16,14,12,24,20,22,2],[8,16,20,24,14,4,12,2],[8,16,20,24,22,14,12,4,2],[16,20,4,14,8,24,12,2],[16,4,14,24,12,8,20,2],[20,12,16,8,4,14,24,2],[16,24,14,8,12,20,4,2],[8,20,4,16,14,24,12,22,2],[24,8,16,22,14,12,4,2,20],[8,20,16,24,14,4,12,22,2],[12,24,20,16,22,14,4,2,8],[24,8,16,22,14,4,2,20,12],[24,16,14,4,20,12,8,22,2],[4,16,2,24,22,14,20,8,12],[24,12,16,14,20,8,4,2],[16,12,8,20,24,14,4,22,2],[8,12,16,4,14,20,24,22,2],[4,8,24,16,22,14,2,12,20],[20,8,24,16,22,14,4,2,12],[4,16,2,8,20,24,22,14,12],[24,20,8,4,16,14,12,2],[4,12,16,14,20,8,24,22,2],[12,8,24,4,16,14,20,22,2],[4,12,24,16,14,8,20,2],[12,4,8,20,24,16,22,14,2],[4,20,16,14,24,12,8,22,2],[24,16,14,12,20,8,4,2],[8,20,24,4,16,22,14,2,12],[16,20,12,8,24,14,4,22,2],[24,8,16,14,12,4,20,2],[16,4,14,24,12,20,8,2],[4,12,8,16,2,20,24,14],[12,4,16,2,20,24,22,14,8],[12,24,16,14,8,20,4,2],[16,20,12,4,14,24,8,2],[4,8,24,16,22,14,2,20,12],[8,12,4,16,14,20,24,22,2],[20,4,16,2,8,24,22,14,12],[20,16,8,24,14,12,4,22,2],[24,16,22,14,20,12,8,4,2],[16,8,20,12,4,2,24,22,14],[4,12,16,2,24,22,14,20,8],[4,16,14,12,8,24,20,22,2],[20,12,24,8,4,16,22,14,2],[20,8,12,24,4,16,14,2],[4,20,8,12,16,14,24,22,2],[20,8,12,24,16,22,14,4,2],[4,8,12,20,24,22,2,16,14],[20,24,12,4,8,16,14,22,2],[12,24,20,8,16,14,4,2],[16,12,8,4,14,24,20,22,2],[12,8,24,20,4,16,14,22,2],[4,24,12,8,20,16,14,22,2],[4,24,16,22,14,2,8,12,20],[16,12,24,22,14,4,2,20,8],[24,4,8,12,16,22,14,2,20],[12,4,24,8,20,16,22,14,2],[24,20,12,8,16,22,14,4,2],[8,20,16,24,14,12,4,22,2],[20,4,24,16,22,14,2,12,8],[24,8,16,22,14,12,4,2,20],[8,4,12,24,20,16,14,22,2],[16,12,4,2,20,24,22,14,8],[4,16,14,20,8,12,24,2],[8,4,12,20,24,16,22,14,2],[24,20,4,16,22,14,2,12,8],[4,24,8,16,14,20,12,2],[24,4,8,12,16,22,14,2,20],[4,16,14,12,8,20,24,2],[24,16,14,8,12,4,20,2],[12,4,8,20,16,2,24,22,14],[12,16,8,24,22,14,20,4,2],[16,24,22,14,20,4,2,12,8],[20,24,12,8,4,16,22,14,2],[4,24,20,8,12,16,22,14,2],[4,8,12,24,20,16,22,14,2],[4,16,14,24,8,12,20,2],[12,4,24,20,16,14,8,22,2],[16,8,24,22,14,4,2,20,12],[24,20,12,16,14,4,8,22,2],[4,8,12,24,16,22,14,2,20],[20,24,4,16,22,14,2,12,8],[4,20,8,12,24,16,22,14,2],[24,20,4,16,14,12,2,8],[12,16,20,8,4,14,24,22,2],[20,8,4,16,2,12,24,22,14],[20,8,16,24,22,14,12,4,2],[20,8,4,16,14,12,24,22,2],[16,4,14,20,24,8,12,22,2],[16,8,20,4,14,24,2,12],[4,16,2,20,12,8,24,14],[8,12,16,24,22,14,4,2,20],[20,24,16,14,12,8,4,22,2],[4,12,8,20,16,14,24,22,2],[12,24,4,16,22,14,2,20,8],[20,24,12,4,16,14,8,22,2],[24,20,8,4,12,2,16,22,14],[16,4,14,8,24,2,12,20],[24,20,4,12,16,14,8,2],[24,16,14,20,12,8,4,22,2],[8,16,12,20,24,22,14,4,2],[8,20,12,24,16,14,4,22,2],[12,4,16,2,8,20,24,14],[12,20,4,8,24,16,14,2],[20,8,24,12,4,16,14,22,2],[8,12,4,24,20,16,22,14,2],[20,8,12,24,4,16,14,22,2],[8,4,12,20,24,16,14,22,2],[12,24,20,8,16,22,14,4,2],[20,12,16,4,14,8,24,22,2],[24,8,4,12,16,22,14,2,20],[20,12,8,4,16,2,24,14],[8,4,20,16,14,24,12,2],[16,12,20,4,2,8,24,14],[24,8,12,16,22,14,20,4,2],[8,20,12,4,24,16,22,14,2],[16,12,24,22,14,4,2,8,20],[24,4,20,8,16,14,12,22,2],[8,16,20,4,2,12,24,14],[8,4,20,12,24,16,14,22,2],[4,24,2,12,8,16,22,14,20],[8,20,16,4,14,12,24,2],[16,4,14,8,12,20,24,2],[12,20,8,16,24,22,14,4,2],[4,16,14,12,20,8,24,22,2],[16,20,24,14,4,8,12,22,2],[4,12,24,20,8,16,14,2],[4,16,2,8,12,24,14,20],[8,20,12,16,4,2,24,14],[24,20,16,14,12,8,4,22,2],[20,24,12,4,8,2,16,22,14],[16,12,20,24,22,14,4,2,8],[20,24,12,8,4,16,22,14,2],[16,8,4,14,24,20,12,2],[8,4,12,20,24,22,2,16,14],[4,24,8,12,20,16,14,2],[16,8,24,14,4,12,20,2],[24,16,14,4,8,20,12,2],[24,8,12,20,4,2,16,14],[16,12,4,14,20,24,8,2],[12,16,20,4,14,24,8,22,2],[20,8,24,4,12,16,14,22,2],[4,8,20,24,12,16,22,14,2],[12,8,16,24,14,4,20,2],[4,20,24,16,14,12,8,2],[16,8,4,2,20,12,24,14],[12,20,24,8,4,16,22,14,2],[8,20,24,4,12,16,22,14,2],[12,24,8,4,16,22,14,2,20],[12,8,24,4,20,16,14,22,2],[20,4,16,14,8,24,12,2],[8,24,20,16,14,12,4,22,2],[8,24,12,4,20,2,16,14],[8,20,24,12,16,14,4,22,2],[8,24,12,20,16,14,4,22,2],[4,12,8,20,16,14,24,2],[8,16,20,24,14,4,12,2],[24,8,12,16,14,4,20,2],[4,12,8,16,2,24,22,14,20],[16,4,14,8,12,20,24,22,2],[20,4,12,24,16,22,14,2,8],[20,24,16,14,8,4,12,2],[16,12,24,14,20,8,4,2],[20,8,24,16,22,14,4,2,12],[12,16,4,2,20,24,22,14,8],[12,16,8,4,14,20,24,2],[8,20,24,16,14,12,4,22,2],[20,4,16,2,24,14,12,8],[24,16,14,8,20,12,4,2],[20,4,16,14,12,8,24,22,2],[4,20,24,12,16,22,14,2,8],[8,4,12,16,14,20,24,22,2],[20,4,12,8,16,14,24,2],[12,8,4,24,20,16,14,2],[16,12,8,24,14,20,4,2],[8,24,12,16,22,14,4,2,20],[12,24,4,20,16,22,14,2,8],[20,8,4,16,2,12,24,14],[16,24,22,14,8,4,2,20,12],[24,12,16,14,20,8,4,2],[4,12,16,2,20,24,22,14,8],[20,12,4,16,2,8,24,22,14],[12,16,8,24,22,14,4,2,20],[4,12,24,8,22,2,20,16,14],[16,8,24,14,12,4,20,2],[24,16,14,20,8,4,12,22,2],[8,4,24,16,22,14,2,12,20],[8,20,4,16,2,12,24,14],[16,24,22,14,20,8,4,2,12],[24,16,14,4,12,20,8,22,2],[20,16,12,4,2,8,24,22,14],[4,12,16,14,8,24,20,22,2],[20,24,16,14,8,4,12,22,2],[8,20,12,16,24,14,4,22,2],[8,20,16,4,14,24,2,12],[8,20,12,16,24,14,4,2],[4,24,12,8,20,16,14,22,2],[24,12,8,4,20,16,14,2],[20,8,16,24,22,14,4,2,12],[16,8,12,24,22,14,20,4,2],[20,12,4,8,16,14,24,22,2],[24,4,16,22,14,2,12,20,8],[8,24,16,14,20,4,12,2],[20,16,4,2,12,24,22,14,8],[12,4,16,14,8,20,24,22,2],[24,12,4,16,22,14,2,8,20],[20,24,4,8,16,14,22,2,12],[12,16,4,14,24,8,20,22,2],[24,4,16,22,14,2,20,12,8],[12,24,4,8,16,14,2,20],[16,4,14,20,12,8,24,22,2],[20,16,8,12,4,14,24,2],[24,12,20,8,16,14,4,2],[12,4,20,8,16,2,24,22,14],[16,24,22,14,8,12,4,2,20],[16,12,8,4,14,20,24,22,2],[8,12,16,24,22,14,20,4,2],[4,12,16,2,20,8,24,22,14],[24,16,14,8,20,4,12,22,2],[8,4,24,20,12,16,14,22,2],[20,16,12,24,22,14,4,2,8],[16,20,24,22,14,12,8,4,2],[20,16,12,4,2,24,22,14,8],[12,16,24,14,8,4,20,2],[4,24,8,12,16,14,20,22,2],[4,24,8,12,16,14,2,20],[20,24,4,2,12,16,14,8],[20,24,12,4,8,16,14,2],[16,24,22,14,20,8,12,4,2],[20,4,8,12,24,16,14,2],[12,16,24,14,20,8,4,2],[4,16,2,12,20,8,24,22,14],[24,4,22,2,20,8,16,14,12],[8,16,4,2,24,22,14,12,20],[4,12,20,8,16,14,24,22,2],[24,16,22,14,12,8,20,4,2],[24,8,12,4,16,22,14,2,20],[4,8,20,12,24,16,14,2],[20,24,4,8,12,16,22,14,2],[4,12,8,24,20,16,22,14,2],[12,4,24,20,16,14,8,2],[4,12,8,20,16,14,24,2],[24,8,16,22,14,20,4,2,12],[12,4,20,24,16,22,14,2,8],[8,4,20,16,14,24,12,2],[16,24,22,14,4,2,20,12,8],[20,8,16,4,2,24,14,12],[24,12,4,16,14,20,22,2,8],[24,12,4,16,14,8,20,2],[16,20,8,4,14,24,12,2],[4,24,12,16,22,14,2,8,20],[12,4,24,2,8,20,16,14],[24,8,12,16,14,20,4,2],[20,16,24,22,14,4,2,8,12],[24,8,12,20,16,22,14,4,2],[8,24,16,14,20,4,12,2],[24,20,12,4,8,16,22,14,2],[16,24,22,14,4,2,8,12,20],[24,12,16,14,20,8,4,2],[8,20,24,16,14,4,12,2],[20,12,16,8,24,14,4,22,2],[12,20,24,8,4,16,14,22,2],[4,12,20,16,14,8,24,22,2],[8,12,24,16,14,4,20,2],[20,16,12,4,2,24,22,14,8],[24,8,16,14,20,4,12,22,2],[16,20,4,2,12,8,24,14],[16,20,4,14,12,24,8,22,2],[8,24,20,12,4,16,22,14,2],[20,24,4,16,22,14,2,8,12],[4,8,12,24,20,2,16,22,14],[12,8,16,20,24,14,4,22,2],[20,24,8,4,16,22,14,2,12],[20,16,4,2,24,14,8,12],[4,8,20,16,2,12,24,22,14],[24,20,12,4,16,14,8,22,2],[8,24,20,12,16,14,4,2],[12,20,16,8,4,14,24,22,2],[24,4,16,22,14,2,12,20,8],[16,20,12,24,14,8,4,2],[8,20,24,12,16,14,4,2],[20,16,12,8,24,14,4,22,2],[4,12,20,16,2,8,24,22,14],[20,24,4,12,8,16,22,14,2],[4,8,12,20,24,16,22,14,2],[24,4,8,16,22,14,2,20,12],[20,8,24,16,14,4,12,22,2],[24,4,22,2,16,14,12,20,8],[16,20,4,2,12,8,24,22,14],[4,20,8,12,16,14,24,22,2],[12,24,16,14,4,20,8,22,2],[24,20,12,8,4,16,14,2],[24,12,20,8,16,14,4,2],[4,16,14,20,12,8,24,2],[24,16,22,14,12,4,2,20,8],[8,12,4,24,20,16,14,2],[12,4,8,20,16,2,24,14],[16,20,8,12,24,14,4,2],[20,12,8,16,24,22,14,4,2],[8,12,20,16,24,22,14,4,2],[20,24,16,14,4,12,8,2],[16,24,22,14,4,2,8,20,12],[24,8,16,14,12,20,4,2],[20,16,24,22,14,4,2,12,8],[8,16,24,22,14,12,20,4,2],[24,4,16,14,12,22,2,20,8],[8,4,20,12,16,14,24,2],[4,24,8,16,22,14,2,12,20],[4,8,24,12,20,16,22,14,2],[8,12,24,4,20,16,22,14,2],[16,12,24,22,14,20,8,4,2],[20,12,8,16,4,14,24,22,2],[24,4,16,22,14,2,8,20,12],[12,16,24,14,20,4,8,22,2],[4,16,14,24,20,12,8,22,2],[12,8,4,24,16,14,20,2],[16,24,14,12,20,4,8,22,2],[16,4,2,20,24,22,14,12,8],[16,20,24,14,12,8,4,2],[16,12,8,20,24,14,4,22,2],[24,4,8,16,14,12,20,22,2],[20,24,4,8,16,22,14,2,12],[16,8,24,22,14,12,4,2,20],[8,24,4,16,22,14,2,20,12],[4,24,16,22,14,2,12,20,8],[20,8,16,24,22,14,12,4,2],[8,24,4,16,22,14,2,20,12],[24,16,14,4,12,20,8,2],[20,24,12,4,8,16,22,14,2],[16,4,2,20,24,22,14,8,12],[20,8,16,24,22,14,12,4,2],[16,12,24,22,14,4,2,8,20],[8,12,24,4,20,16,22,14,2],[8,24,20,16,14,12,4,22,2],[20,24,16,14,4,12,8,2],[20,4,8,16,14,12,24,22,2],[24,20,8,16,14,12,4,22,2],[12,24,20,8,4,16,22,14,2],[24,4,16,22,14,2,20,8,12],[8,12,16,20,4,2,24,22,14],[16,24,14,8,20,12,4,22,2],[8,16,20,12,4,14,24,2],[24,4,16,22,14,2,20,8,12],[4,20,16,2,24,14,12,8],[12,16,4,14,8,24,20,2],[12,8,20,16,4,14,24,2],[16,8,24,14,12,20,4,22,2],[24,8,12,4,16,22,14,2,20],[24,4,8,12,20,16,22,14,2],[24,20,4,12,8,16,22,14,2],[16,20,4,2,12,24,14,8],[4,16,14,20,12,24,8,22,2],[20,4,24,16,22,14,2,8,12],[24,16,22,14,4,2,20,12,8],[12,16,24,14,8,4,22,2,20],[4,12,16,2,20,8,24,14],[12,4,24,8,20,16,14,22,2],[20,16,24,22,14,4,2,8,12],[20,4,8,24,12,16,22,14,2],[4,16,14,12,20,8,24,22,2],[4,8,24,16,14,12,20,22,2],[12,24,4,16,14,20,8,2],[16,8,24,22,14,20,12,4,2],[16,4,2,24,22,14,8,12,20],[20,12,4,24,16,22,14,2,8],[24,12,20,8,4,16,14,2],[8,4,12,24,16,14,20,22,2],[8,24,16,22,14,4,2,12,20],[24,8,4,20,12,22,2,16,14],[16,24,14,8,4,20,22,2,12],[4,12,24,8,20,22,2,16,14],[20,24,8,12,4,16,14,2],[4,12,16,2,20,24,14,8],[4,20,8,16,14,24,12,22,2],[4,20,16,14,8,24,12,2],[4,20,8,16,2,24,14,12],[24,12,16,14,4,8,20,2],[4,12,8,24,16,22,14,2,20],[16,8,12,4,14,24,20,2],[12,24,20,4,16,14,8,2],[8,16,4,2,12,24,14,20],[12,8,20,16,24,22,14,4,2],[24,4,20,12,16,22,14,2,8],[4,24,20,12,8,16,14,22,2],[24,20,12,8,16,22,14,4,2],[4,20,24,16,14,12,8,22,2],[16,24,22,14,20,12,4,2,8],[4,20,24,16,22,14,2,12,8],[4,12,20,24,16,22,14,2,8],[16,20,12,24,14,4,8,2],[16,24,22,14,12,8,20,4,2],[12,8,24,4,16,14,20,2],[4,12,8,20,16,14,24,22,2],[4,16,14,12,20,8,24,2],[8,4,24,12,20,16,22,14,2],[24,20,4,16,22,14,2,12,8],[4,16,14,20,12,24,8,22,2],[8,24,16,14,20,12,4,22,2],[8,12,20,24,4,16,14,2],[12,4,8,16,14,24,20,22,2],[8,24,12,20,4,16,22,14,2],[4,8,20,16,2,24,22,14,12],[24,20,12,8,4,16,22,14,2],[24,16,14,4,8,12,2,20],[24,4,16,14,20,12,8,22,2],[16,4,14,24,20,12,8,2],[16,8,12,24,22,14,4,2,20],[8,20,16,24,14,12,4,22,2],[20,8,24,16,22,14,12,4,2],[20,8,16,4,14,24,12,2],[4,8,16,2,20,12,24,14],[20,8,16,4,14,24,12,2],[24,8,20,4,16,22,14,2,12],[4,24,16,14,8,20,12,22,2],[4,20,12,16,14,24,8,2],[20,8,4,12,24,16,14,22,2],[16,12,4,2,24,22,14,20,8],[12,24,4,8,16,22,14,2,20],[8,16,12,24,14,4,20,22,2],[4,20,12,24,8,16,22,14,2],[16,8,24,14,20,12,4,22,2],[8,20,4,12,24,16,14,22,2],[4,24,20,16,14,8,12,22,2],[24,4,8,16,14,12,20,2],[20,8,16,24,14,4,12,22,2],[8,12,24,4,16,14,20,22,2],[8,4,24,2,12,20,16,14],[8,20,4,16,14,12,24,2],[24,20,4,16,14,8,12,2],[8,4,16,2,12,20,24,22,14],[20,24,4,16,22,14,2,12,8],[20,4,16,2,24,14,8,12],[20,24,16,22,14,12,8,4,2],[16,8,20,12,4,2,24,14],[20,12,4,24,16,22,14,2,8],[12,20,24,4,16,22,14,2,8],[20,4,24,16,14,12,8,2],[16,12,24,14,20,8,4,2],[16,24,22,14,20,8,12,4,2],[12,8,24,20,16,22,14,4,2],[8,20,16,24,14,12,4,2],[20,16,24,22,14,12,8,4,2],[16,12,8,20,24,14,4,22,2],[20,4,24,16,14,8,12,22,2],[24,4,16,22,14,2,8,12,20],[8,20,4,24,16,22,14,2,12],[8,16,24,22,14,4,2,12,20],[24,8,4,12,20,16,22,14,2],[16,12,20,8,4,2,24,14],[12,16,4,14,8,20,24,2],[16,12,24,14,8,4,20,2],[20,8,12,4,16,14,24,2],[4,24,20,16,14,8,12,2],[16,8,24,22,14,20,4,2,12],[16,8,24,22,14,12,4,2,20],[4,24,12,20,16,22,14,2,8],[12,16,8,4,2,20,24,22,14],[24,4,8,20,12,16,22,14,2],[24,12,4,16,22,14,2,20,8],[12,8,24,20,16,14,4,22,2],[24,4,8,12,20,16,14,2],[16,24,14,12,8,20,4,22,2],[20,8,16,12,24,22,14,4,2],[24,4,12,8,20,16,14,22,2],[24,20,16,22,14,12,8,4,2],[16,12,4,2,24,14,8,20],[8,16,12,4,2,24,14,20],[4,24,8,16,22,14,2,12,20],[12,16,20,8,4,2,24,14],[8,16,24,22,14,12,4,2,20],[16,24,22,14,8,20,4,2,12],[8,4,24,22,2,16,14,20,12],[4,12,16,2,20,24,22,14,8],[8,16,20,24,22,14,4,2,12],[8,4,16,2,24,14,12,20],[12,4,24,2,16,14,20,8],[8,24,16,14,20,12,4,22,2],[24,8,4,12,20,16,22,14,2],[24,16,14,20,4,8,12,22,2],[16,4,2,24,22,14,8,12,20],[24,4,20,16,14,8,12,22,2],[16,24,22,14,4,2,20,8,12],[20,12,16,8,4,14,24,2],[20,4,16,14,24,12,8,22,2],[8,16,20,24,22,14,4,2,12],[12,20,24,8,4,16,22,14,2],[8,16,12,24,22,14,20,4,2],[16,12,8,20,24,14,4,22,2],[20,4,12,8,24,16,14,22,2],[16,20,4,2,8,24,14,12],[20,24,4,16,14,8,12,22,2],[4,8,24,20,12,16,14,2],[20,8,24,16,22,14,4,2,12],[24,20,16,14,8,4,12,22,2],[8,20,4,16,14,12,24,22,2],[12,16,20,4,14,8,24,2],[24,12,8,4,2,16,14,20],[4,16,14,12,20,24,8,22,2],[16,4,2,24,22,14,12,20,8],[12,16,8,24,22,14,20,4,2],[4,20,16,14,8,12,24,2],[12,16,4,14,20,24,8,22,2],[16,4,2,20,12,24,14,8],[4,24,16,22,14,2,8,12,20],[16,24,22,14,20,4,2,8,12],[8,24,12,4,16,22,14,2,20],[4,16,2,12,8,24,14,20],[24,20,8,4,12,16,14,22,2],[20,4,16,14,8,12,24,2],[4,12,24,8,20,16,22,14,2],[20,4,12,8,24,16,22,14,2],[12,8,4,16,14,24,20,2],[24,12,20,4,8,16,14,2],[12,8,24,20,4,16,14,2],[8,20,12,16,4,2,24,14],[12,16,24,14,8,4,20,22,2],[4,12,20,24,16,14,8,2],[12,16,8,24,14,4,2,20],[12,20,4,8,16,14,24,22,2],[8,20,4,16,14,12,24,2],[16,20,24,22,14,8,12,4,2],[8,4,12,20,16,14,24,22,2],[8,4,12,16,14,20,24,2],[8,12,24,16,14,4,20,2],[20,4,12,16,14,24,8,2],[4,24,12,16,14,20,2,8],[4,20,24,12,8,16,22,14,2],[20,4,24,12,16,14,8,22,2],[4,24,16,22,14,2,8,20,12],[8,16,24,14,20,12,4,22,2],[4,12,16,2,8,24,22,14,20],[4,8,16,14,20,12,24,2],[12,24,8,4,16,22,14,2,20],[20,8,12,4,16,14,24,22,2],[16,12,4,14,24,8,20,22,2],[24,16,22,14,20,8,4,2,12],[8,24,12,20,4,16,22,14,2],[12,24,16,14,8,4,20,22,2],[4,12,20,16,14,24,8,22,2],[24,12,8,4,16,22,14,2,20],[20,8,16,4,2,24,22,14,12],[4,8,16,2,24,14,12,20],[8,12,16,20,24,14,4,22,2],[4,12,16,14,24,8,22,2,20],[12,4,20,16,14,8,24,2],[8,20,12,24,4,16,22,14,2],[8,4,20,12,24,16,22,14,2],[16,24,14,4,20,12,8,22,2],[24,20,12,8,4,16,22,14,2],[12,8,20,4,16,2,24,22,14],[20,16,12,4,14,8,24,2],[12,20,4,8,16,2,24,14],[24,12,4,16,14,8,20,2],[20,4,24,12,8,16,14,2],[8,16,24,22,14,4,2,20,12],[16,4,2,24,22,14,20,12,8],[8,20,12,16,4,14,24,2],[4,20,8,24,2,16,14,12],[8,12,16,4,2,24,22,14,20],[16,24,22,14,8,20,4,2,12],[20,24,8,12,16,22,14,4,2],[16,4,14,8,12,20,24,22,2],[8,24,4,12,20,16,14,22,2],[20,4,24,16,22,14,2,12,8],[24,4,8,20,12,16,14,22,2],[12,24,20,16,22,14,8,4,2],[24,20,12,8,4,16,22,14,2],[8,12,4,20,16,14,24,22,2],[20,4,16,2,12,8,24,14],[20,8,4,16,2,12,24,22,14],[4,20,24,12,8,16,14,2],[4,20,12,16,2,8,24,14],[20,12,4,8,24,16,14,22,2],[12,20,16,4,2,8,24,22,14],[16,12,24,14,4,20,8,2],[4,20,8,16,14,12,24,2],[24,16,22,14,8,4,2,20,12],[4,8,16,14,12,20,24,22,2],[20,16,8,4,14,24,12,2],[20,8,12,24,4,2,16,22,14],[4,8,16,14,12,20,24,2],[12,20,4,8,16,2,24,14],[16,8,12,20,24,14,4,2],[12,24,16,14,20,8,4,2],[12,24,20,4,16,14,8,22,2],[12,20,4,16,2,8,24,14],[4,8,20,24,16,22,14,2,12],[8,12,4,20,16,2,24,22,14],[4,12,16,2,24,22,14,20,8],[24,12,4,16,22,14,2,20,8],[24,16,22,14,20,8,12,4,2],[16,4,14,8,24,12,20,22,2],[4,16,14,20,8,24,2,12],[24,20,12,16,14,4,8,22,2],[24,4,8,12,20,16,22,14,2],[8,4,20,16,2,12,24,14],[8,4,16,2,24,14,20,12],[4,16,14,24,8,20,12,2],[16,24,22,14,8,12,20,4,2],[24,16,14,8,12,20,4,22,2],[8,24,4,20,16,22,14,2,12],[8,4,12,24,16,22,14,2,20],[20,24,12,16,14,4,8,22,2],[12,20,4,16,14,8,24,22,2],[24,8,12,20,4,16,22,14,2],[4,16,14,12,20,24,8,2],[20,24,4,12,16,22,14,2,8],[24,12,16,14,8,20,4,2],[12,16,4,2,20,8,24,14],[4,12,8,24,20,16,22,14,2],[4,16,2,24,22,14,20,8,12],[24,16,22,14,8,12,20,4,2],[24,8,4,12,20,16,14,2],[20,12,16,24,22,14,8,4,2],[24,12,4,8,22,2,20,16,14],[16,8,4,2,24,14,20,12],[8,24,20,12,16,14,4,22,2],[4,8,20,24,12,16,14,22,2],[16,24,22,14,8,20,4,2,12],[20,8,4,16,2,12,24,22,14],[24,12,16,22,14,20,4,2,8],[16,8,20,24,22,14,4,2,12],[20,16,24,22,14,12,4,2,8],[20,24,12,16,22,14,4,2,8],[24,8,4,16,14,12,20,2],[12,16,4,14,20,8,24,2],[24,4,8,12,16,14,20,22,2],[16,4,14,12,24,2,8,20],[24,16,22,14,4,2,20,8,12],[8,20,12,24,16,14,4,2],[8,12,16,4,14,24,20,22,2],[8,4,12,24,16,14,20,2],[20,4,12,24,16,22,14,2,8],[12,4,16,14,20,24,8,22,2],[8,20,12,24,4,16,22,14,2],[8,12,24,20,16,14,4,22,2],[24,4,12,20,8,16,22,14,2],[24,4,12,16,14,8,20,2],[8,16,12,20,24,22,14,4,2],[12,8,24,16,22,14,20,4,2],[16,12,4,2,20,8,24,22,14],[20,4,24,22,2,12,8,16,14],[20,4,16,14,8,12,24,22,2],[4,16,2,8,24,22,14,20,12],[4,12,16,14,8,24,20,2],[24,4,12,20,16,22,14,2,8],[20,8,16,24,22,14,4,2,12],[16,8,24,14,12,20,4,22,2],[16,24,14,4,20,12,8,22,2],[20,16,8,24,22,14,12,4,2],[24,12,8,4,16,22,14,2,20],[12,20,24,16,22,14,8,4,2],[16,12,24,22,14,8,4,2,20],[20,12,24,4,8,16,14,2],[4,24,12,8,16,14,20,2],[16,24,22,14,8,20,4,2,12],[24,4,8,12,20,16,22,14,2],[12,4,20,24,8,16,14,2],[4,24,12,8,20,16,22,14,2],[16,12,20,4,2,24,22,14,8],[16,20,24,14,4,8,12,2],[16,8,4,2,12,20,24,22,14],[24,16,22,14,20,8,4,2,12],[8,20,4,12,16,2,24,14],[20,24,12,16,14,8,4,22,2],[16,20,12,4,2,8,24,22,14],[12,20,8,16,24,14,4,2],[24,12,16,22,14,20,8,4,2],[12,8,4,16,2,24,22,14,20],[16,24,22,14,4,2,8,20,12],[12,4,20,16,14,24,8,22,2],[4,8,16,2,24,14,20,12],[4,8,24,12,16,22,14,2,20],[24,16,14,8,20,4,12,22,2],[4,16,2,24,14,20,8,12],[20,24,12,4,8,16,22,14,2],[4,24,8,16,22,14,2,12,20],[16,20,4,14,8,12,24,2],[24,4,12,16,22,14,2,8,20],[20,4,8,24,16,14,12,2],[20,4,24,12,16,22,14,2,8],[4,24,8,20,16,14,12,2],[20,4,24,12,8,22,2,16,14],[20,24,8,12,4,16,22,14,2],[16,12,4,2,20,24,14,8],[20,4,12,16,2,24,14,8],[16,24,22,14,8,12,4,2,20],[24,16,14,12,4,8,20,2],[4,12,16,2,24,14,20,8],[8,12,16,4,14,24,20,22,2],[16,24,14,12,20,4,8,2],[24,8,20,4,16,22,14,2,12],[20,24,12,8,16,22,14,4,2],[16,12,24,22,14,8,4,2,20],[24,4,20,16,14,12,8,22,2],[8,12,20,4,16,14,24,22,2],[24,8,12,20,4,16,14,22,2],[24,12,8,20,4,16,22,14,2],[12,4,20,8,24,16,22,14,2],[16,4,2,24,22,14,12,20,8],[8,16,24,22,14,4,2,12,20],[16,20,4,2,8,24,22,14,12],[4,12,24,20,16,22,14,2,8],[12,20,24,8,4,16,22,14,2],[16,12,20,4,14,24,8,22,2],[24,12,8,4,16,22,14,2,20],[16,8,20,4,14,12,24,22,2],[4,16,14,24,8,12,20,22,2],[20,16,8,24,22,14,4,2,12],[12,16,20,8,4,2,24,22,14],[4,12,8,24,20,16,14,2],[12,24,8,16,14,4,20,2],[12,20,4,16,14,24,22,2,8],[8,12,16,24,22,14,20,4,2],[20,4,16,14,8,24,12,2],[24,20,16,14,12,8,4,2],[16,12,4,2,24,22,14,8,20],[16,4,14,20,24,12,8,22,2],[16,12,20,24,22,14,4,2,8],[12,4,20,16,2,8,24,14],[16,4,2,24,14,20,12,8],[16,8,20,4,2,12,24,22,14],[20,24,8,12,16,14,4,22,2],[8,20,16,4,14,12,24,22,2],[20,24,8,4,12,16,14,2],[16,8,20,4,14,24,12,22,2],[8,4,16,2,20,12,24,14],[20,4,16,2,12,24,22,14,8],[24,20,16,14,12,4,8,22,2],[24,4,8,16,22,14,2,12,20],[12,8,16,24,22,14,20,4,2],[4,16,2,8,24,22,14,12,20],[8,12,16,24,22,14,4,2,20],[20,12,8,4,24,16,22,14,2],[16,24,14,8,20,12,4,22,2],[4,24,12,16,14,20,8,22,2],[8,12,16,20,4,14,24,2],[24,20,12,16,14,8,4,2],[16,24,14,8,12,20,4,22,2],[8,12,4,16,2,24,22,14,20],[8,24,4,12,2,16,22,14,20],[24,16,14,4,8,20,12,2],[16,4,2,20,12,24,22,14,8],[4,24,8,20,12,16,14,22,2],[8,20,12,4,24,16,22,14,2],[12,4,16,2,24,22,14,20,8],[4,16,2,12,20,8,24,14],[20,4,16,2,24,14,12,8],[4,20,12,8,16,2,24,14],[16,8,24,22,14,4,2,12,20],[20,24,4,12,16,14,8,2],[12,24,16,22,14,4,2,20,8],[20,4,12,8,16,14,24,2],[12,24,20,4,16,14,8,22,2],[8,20,24,4,12,16,14,22,2],[16,4,14,12,24,20,8,2],[24,4,12,20,8,16,14,22,2],[16,20,4,2,12,24,14,8],[20,4,16,2,24,22,14,8,12],[4,16,14,20,8,12,24,22,2],[12,8,4,20,24,16,14,22,2],[24,16,22,14,12,20,8,4,2],[16,4,14,24,8,20,12,22,2],[16,12,8,4,2,20,24,14],[16,12,24,14,4,20,8,2],[24,20,16,14,12,8,4,22,2],[24,12,20,16,22,14,4,2,8],[16,8,24,14,12,20,4,22,2],[16,24,22,14,12,20,8,4,2],[16,8,24,22,14,12,4,2,20],[4,24,12,16,22,14,2,20,8],[4,24,20,16,14,12,8,22,2],[24,20,8,12,16,22,14,4,2],[16,4,2,24,14,8,20,12],[24,8,16,14,4,12,20,22,2],[8,12,4,20,16,2,24,22,14],[24,12,20,8,16,22,14,4,2],[12,4,24,20,8,16,14,2],[16,20,24,22,14,4,2,8,12],[12,24,20,4,16,14,8,22,2],[4,12,20,8,16,14,24,22,2],[4,12,8,20,16,14,24,22,2],[16,12,20,8,4,2,24,14],[8,12,16,24,14,4,20,22,2],[24,12,16,22,14,4,2,20,8],[24,4,12,16,14,20,8,2],[4,12,8,16,14,20,24,2],[4,12,20,8,24,16,14,22,2],[12,16,8,4,14,24,20,22,2],[24,20,8,12,16,22,14,4,2],[24,20,16,14,8,4,12,2],[4,12,20,8,16,14,24,22,2],[16,24,22,14,20,8,12,4,2],[12,20,8,24,4,2,16,14],[12,8,4,16,2,20,24,22,14],[24,20,16,14,8,12,4,2],[4,16,14,20,12,8,24,22,2],[8,12,20,24,16,14,4,2],[12,20,16,8,24,22,14,4,2],[8,4,20,16,14,12,24,22,2],[12,8,24,4,16,14,20,22,2],[24,16,22,14,12,8,20,4,2],[16,24,14,20,4,12,8,2],[8,4,24,16,22,14,2,20,12],[20,24,4,8,2,12,16,22,14],[12,16,8,24,22,14,4,2,20],[4,16,14,24,20,12,8,2],[4,20,8,16,14,12,24,2],[20,4,24,12,8,16,14,2],[12,8,20,16,24,14,4,22,2],[16,8,12,24,14,4,20,22,2],[8,12,16,24,22,14,20,4,2],[12,16,4,14,8,20,24,2],[24,16,22,14,8,4,2,12,20],[24,12,16,22,14,20,4,2,8],[8,12,20,24,4,16,22,14,2],[4,12,24,16,22,14,2,8,20],[24,4,20,8,16,22,14,2,12],[8,16,24,22,14,12,20,4,2],[12,20,24,16,22,14,4,2,8],[8,12,4,16,2,20,24,22,14],[20,8,16,4,14,12,24,22,2],[4,16,14,24,12,8,20,22,2],[24,12,4,8,20,22,2,16,14],[4,12,20,16,14,8,24,22,2],[4,12,20,24,8,16,22,14,2],[16,4,14,8,24,20,2,12],[20,8,24,4,12,16,22,14,2],[12,8,16,20,24,14,4,2],[20,8,12,24,4,16,22,14,2],[16,4,2,20,24,14,12,8],[8,4,20,24,12,16,22,14,2],[24,8,16,14,20,4,2,12],[4,16,2,12,8,20,24,14],[24,8,20,12,4,16,22,14,2],[8,12,20,4,16,2,24,22,14],[12,8,16,4,2,24,22,14,20],[8,24,16,14,20,4,12,2],[8,16,4,14,20,24,12,22,2],[4,20,24,12,22,2,8,16,14],[4,8,16,14,24,12,20,2],[24,20,16,22,14,4,2,12,8],[16,24,14,4,12,20,8,2],[16,24,22,14,12,8,4,2,20],[20,12,24,16,22,14,8,4,2],[4,16,14,24,20,8,12,22,2],[24,8,20,4,22,2,12,16,14],[8,24,20,12,16,22,14,4,2],[12,8,20,24,4,16,22,14,2],[24,12,20,4,8,16,14,2],[4,20,8,16,2,12,24,22,14],[24,20,16,14,4,8,12,2],[8,16,24,22,14,12,4,2,20],[4,20,8,16,2,24,14,12],[16,12,20,4,2,8,24,14],[20,8,12,16,4,14,24,2],[8,24,16,14,20,4,12,22,2],[4,20,8,24,12,16,22,14,2],[20,12,16,24,22,14,4,2,8],[8,12,4,16,2,24,14,20],[20,4,12,8,16,2,24,22,14],[20,24,16,22,14,12,4,2,8],[20,16,8,24,14,12,4,22,2],[4,12,8,24,16,14,20,22,2],[12,20,16,24,22,14,8,4,2],[20,4,16,14,24,12,8,22,2],[16,20,4,14,12,24,8,22,2],[16,12,24,22,14,20,8,4,2],[20,4,12,24,16,22,14,2,8],[4,8,12,20,24,16,22,14,2],[24,8,20,16,14,12,4,2],[24,16,14,12,8,20,4,22,2],[24,20,16,22,14,12,8,4,2],[20,16,12,24,14,8,4,2],[4,8,12,24,16,22,14,2,20],[8,12,16,24,22,14,4,2,20],[4,12,16,14,8,24,20,2],[24,12,4,16,22,14,2,8,20],[4,24,12,8,2,20,16,22,14],[20,16,24,14,4,8,12,2],[4,20,24,12,16,22,14,2,8],[8,16,24,14,4,12,20,2],[12,20,8,24,16,14,4,2],[20,4,24,16,14,8,12,22,2],[12,16,8,4,14,24,20,22,2],[24,16,14,20,4,12,8,2],[16,4,14,8,24,12,20,22,2],[16,20,8,4,14,12,24,2],[16,12,4,14,20,24,8,2],[8,20,16,24,22,14,4,2,12],[12,24,20,8,16,22,14,4,2],[12,16,20,8,24,14,4,2],[24,4,8,12,20,16,22,14,2],[4,16,2,20,24,22,14,8,12],[8,20,12,16,4,2,24,22,14],[16,8,24,14,4,12,20,22,2],[8,12,20,24,4,16,22,14,2],[12,24,20,8,16,14,4,2],[20,24,16,14,12,4,8,22,2],[24,20,4,8,12,16,14,22,2],[8,4,20,12,16,14,24,2],[20,16,12,24,14,8,4,2],[4,8,24,16,14,22,2,12,20],[12,4,24,8,20,16,14,2],[24,8,20,12,4,2,16,14],[24,16,22,14,8,4,2,12,20],[8,24,12,4,16,22,14,2,20],[4,12,24,20,16,22,14,2,8],[8,12,24,4,20,16,22,14,2],[24,20,8,4,12,2,16,14],[4,8,24,12,16,22,14,2,20],[20,24,16,14,12,4,8,2],[24,8,4,12,20,16,22,14,2],[20,24,4,12,22,2,8,16,14],[16,8,12,24,14,4,20,2],[16,24,14,8,12,4,20,22,2],[24,16,22,14,8,20,12,4,2],[20,16,4,14,12,24,8,22,2],[16,12,20,8,24,14,4,22,2],[24,12,8,16,14,4,20,2],[24,12,16,14,8,4,20,2],[16,24,22,14,8,12,4,2,20],[8,16,20,24,22,14,4,2,12],[20,4,24,8,16,14,12,22,2],[16,4,2,24,14,20,12,8],[8,16,4,2,24,22,14,20,12]],"n_human":8}