{"problem_id":"iY5ihY525D06K48","sigma":75,"alpha":10.000,"cost":1,"probabilities":"[0.15000000000000002, 0.3, 0.28, 0.27]","payoff_matrix":"[[-45, -34, -5, 9, -41, -82], [-4, -65, -31, -8, -27, -9], [-20, 43, 47, 75, 21, 5], [-25, 15, -55, -45, -20, -11]]","uncovered":[[22,14,11,6,2,18,10,3,15,23,16,12,24,19,20,4,7,8,13],[2,22,14,6,10,18,3,23,16,20,11,24,12,4,19,8,15,7,13],[14,18,2,10,22,6,3,23,15,11,12,19,24,16,20,4,7,8,5,13],[14,18,6,2,22,10,15,4,23,19,11,12,16,24,20,3,7,8,13],[10,22,14,3,6,18,23,15,2,20,11,12,24,16,4,8,19,7,13],[22,6,10,2,18,14,3,23,15,19,11,16,12,24,20,4,8,7,13],[14,2,6,18,10,22,4,15,24,19,11,16,12,20,23,3,7,8,13],[14,6,2,22,18,10,3,15,23,20,12,24,16,4,7,8,19,5,13],[6,10,14,2,22,18,3,15,23,19,11,12,20,24,16,4,8,7,13],[10,6,14,22,2,18,15,3,23,19,12,24,20,16,4,7,8,21,5,11],[14,7,10,22,2,18,6,3,15,23,19,16,24,20,11,12,4,8,5,13],[2,14,22,6,18,12,15,3,23,19,16,24,20,10,4,7,8,21,13],[18,11,14,2,6,22,10,3,15,23,16,12,24,19,20,4,7,8,5,21],[10,2,18,14,22,6,15,3,23,19,11,16,12,24,20,4,7,8,13],[2,7,10,18,22,14,6,3,23,16,20,11,12,4,24,8,19,15,13],[14,6,18,10,22,2,15,3,23,19,12,24,16,20,4,8,7,13],[23,10,2,6,14,18,22,3,15,19,11,12,16,24,20,4,8,7,13],[18,22,2,10,14,6,4,15,23,12,20,24,16,3,7,8,19,13],[14,2,6,10,22,18,4,15,23,19,12,16,24,20,3,7,8,13],[18,2,10,6,22,14,15,3,23,12,20,16,24,4,7,8,19,13],[10,14,7,2,22,18,6,3,23,16,19,24,11,20,12,8,4,15,13],[18,22,14,6,10,2,3,23,15,19,11,12,16,24,20,4,7,8,21,5],[2,22,6,18,10,14,15,4,24,20,11,12,23,16,3,7,8,19,13],[6,14,12,18,23,2,22,3,15,20,16,24,10,4,7,8,19,13],[6,14,18,2,22,10,3,16,23,20,11,24,12,4,19,7,8,15,13],[14,2,6,22,10,18,15,3,23,20,12,24,16,4,7,8,19,13],[14,18,10,22,6,2,15,3,23,19,12,20,16,24,4,7,8,21,11,5],[22,6,10,15,19,18,2,14,3,23,11,16,12,24,20,4,7,8,13],[18,6,2,10,22,14,15,3,24,19,11,12,16,20,23,4,7,8,5,13],[22,10,14,2,18,6,4,23,16,19,20,11,24,12,3,7,8,15,13],[22,18,14,10,2,6,15,3,24,19,11,16,12,20,23,4,7,8,13],[14,18,6,22,10,4,15,24,2,20,11,12,23,16,3,7,8,19,5,21],[6,2,14,22,10,18,3,23,15,20,11,12,16,24,4,7,8,19,13],[6,22,18,10,14,3,23,15,2,19,11,16,12,24,20,4,7,8,13],[10,14,6,24,2,18,22,3,15,19,11,16,12,20,23,4,7,8,5,13],[18,14,6,10,22,2,3,15,23,20,12,16,24,4,7,8,19,13],[6,22,10,3,14,18,23,15,2,19,11,16,12,24,20,4,7,8,13],[15,6,3,18,22,12,14,23,2,19,16,24,20,10,4,7,8,21,5,11],[14,2,18,22,10,6,3,15,23,19,12,16,24,20,4,7,8,5,13],[10,14,2,6,18,22,15,4,23,20,12,16,24,3,7,8,19,5,21,11],[22,10,6,18,14,2,3,15,24,19,11,16,12,20,23,4,8,7,13],[3,14,10,22,20,6,23,15,18,2,24,12,16,4,7,8,19,13],[14,10,22,6,2,18,15,3,23,20,11,12,16,24,4,8,19,7,5,21],[14,2,6,10,18,22,3,23,16,19,20,11,12,4,24,7,8,15,5,13],[18,22,14,2,6,10,3,15,24,19,11,16,12,20,23,4,7,8,13],[14,6,10,18,22,2,4,24,16,19,11,12,23,20,3,7,8,15,21,13],[18,22,10,7,14,2,8,4,16,24,20,11,6,12,23,3,19,15,13],[10,3,18,7,22,14,6,15,23,2,19,11,12,16,24,20,4,8,5,21],[2,14,23,6,10,18,22,4,15,16,24,19,20,11,12,3,7,8,5,21],[22,10,2,15,6,18,14,3,23,19,12,24,20,16,4,7,8,5,21,11],[14,10,22,6,2,18,15,3,24,20,12,23,16,4,8,19,7,13],[22,2,14,18,6,10,3,15,23,11,16,12,24,19,20,4,7,8,13],[10,6,14,3,18,22,15,23,2,19,9,24,16,20,12,4,8,7,5,13],[18,10,22,6,14,2,15,4,24,19,11,12,20,23,16,3,8,7,13],[14,23,2,18,6,10,22,3,15,19,11,12,24,16,20,4,7,8,13],[22,2,14,10,6,19,18,15,3,23,12,16,24,20,4,7,8,5,11,13],[18,6,10,2,14,23,22,3,15,20,11,16,12,24,4,8,19,7,5,13],[6,2,23,14,10,18,22,3,15,19,12,20,16,24,4,7,8,5,11,13],[14,18,10,6,22,2,3,24,15,19,12,20,23,16,4,7,8,13],[10,18,6,14,3,22,15,2,24,19,11,16,12,20,23,4,7,8,5,13],[18,22,6,15,2,10,14,3,24,20,11,12,23,16,4,7,8,19,5,21],[14,2,19,6,22,10,18,4,15,24,12,20,16,23,3,8,7,13],[6,2,10,22,14,18,15,4,23,19,11,12,20,16,24,3,8,7,13],[6,14,2,22,18,10,3,15,23,19,11,16,12,24,20,4,7,8,5,13],[14,10,7,18,23,3,22,6,15,2,20,12,24,16,4,8,19,5,11,13],[2,18,6,22,10,14,15,3,23,19,12,24,20,16,4,8,7,13],[10,14,18,2,6,22,15,3,23,20,11,12,24,16,4,8,19,7,5,13],[10,22,2,7,14,18,6,3,23,15,19,11,12,24,16,20,4,8,5,21],[4,14,6,19,10,22,18,15,23,2,11,16,12,24,20,3,8,7,5,21],[18,22,2,6,10,14,3,15,23,19,11,12,24,20,16,4,7,8,5,13],[22,14,11,18,2,6,10,3,15,23,16,12,24,19,20,4,7,8,13],[14,10,2,6,18,22,15,4,23,19,11,16,12,24,20,3,7,8,5,21],[14,10,7,2,18,22,6,15,3,24,19,11,16,12,20,23,4,8,5,13],[6,10,14,3,18,22,15,23,2,20,12,16,24,4,7,8,19,5,13],[6,18,2,10,22,14,4,23,16,19,24,11,20,12,3,7,8,15,13],[2,6,18,22,11,14,10,3,15,23,12,20,16,24,4,8,19,7,5,13],[6,14,2,10,18,22,3,23,15,12,20,16,24,4,7,8,19,21,5,11],[15,22,2,18,7,14,6,11,10,3,23,16,12,24,20,4,8,19,13],[6,3,22,19,10,14,18,15,23,2,24,11,12,16,20,4,7,8,13],[14,22,11,18,2,6,12,3,16,23,10,19,20,24,4,7,8,15,13],[10,22,6,2,14,18,15,3,24,19,12,16,20,23,4,7,8,13],[2,14,10,18,23,6,22,3,15,19,12,21,16,20,4,7,8,24,13],[11,22,14,6,2,18,10,3,15,23,12,20,24,16,4,7,8,19,21,5],[22,6,10,14,2,18,15,3,23,20,16,24,11,12,4,8,19,7,5,13],[18,2,6,14,22,10,3,23,15,19,9,24,20,12,16,4,7,8,5,21],[10,18,23,2,6,14,22,4,16,19,20,11,24,12,3,7,8,15,5,13],[18,6,14,22,2,10,4,15,24,19,12,20,16,23,3,8,7,13],[6,2,15,22,18,10,14,3,24,19,11,12,20,23,16,4,7,8,13],[14,2,22,6,18,10,15,3,24,20,11,16,12,23,4,8,19,7,5,21],[6,22,18,10,14,2,15,3,23,11,12,19,24,16,20,4,7,8,5,21],[15,18,10,22,6,2,14,3,23,20,16,24,11,12,4,8,19,7,5,21],[22,18,14,10,6,2,4,15,23,20,11,12,16,24,3,7,8,19,13],[10,3,22,18,14,6,23,15,2,20,11,12,24,16,4,7,8,19,5,21],[22,18,6,10,14,2,16,23,4,19,20,11,12,3,24,7,8,15,13],[14,6,18,2,10,22,15,3,23,19,11,16,12,24,20,4,7,8,5,21],[22,6,14,2,18,10,3,15,24,19,12,20,23,16,4,7,8,13],[14,2,22,18,6,10,23,4,15,19,11,16,12,24,20,3,8,7,21,5],[18,14,6,10,22,2,3,23,15,19,11,12,24,16,20,4,7,8,5,13],[14,2,22,10,18,6,3,15,23,20,11,12,24,16,4,7,8,19,5,13],[6,11,14,18,22,2,10,4,15,24,16,12,20,23,3,8,19,7,5,13],[22,6,2,18,14,10,4,15,24,20,11,12,23,16,3,5,19,7,8,21],[14,6,22,10,18,2,15,4,23,19,11,12,16,24,20,3,7,8,13],[2,10,6,22,18,14,15,3,23,20,12,16,24,4,8,19,7,5,13],[18,10,22,15,6,2,14,3,23,19,12,16,24,20,4,8,7,13],[18,2,10,14,6,22,16,23,3,20,11,24,12,4,19,7,8,15,5,21],[2,14,18,11,22,7,10,6,3,15,23,12,19,24,16,20,4,8,13],[2,22,18,6,10,14,15,3,23,20,11,16,12,24,4,8,19,7,13],[15,11,14,10,20,22,2,6,4,23,19,12,18,24,16,3,7,8,13],[6,23,14,2,10,18,22,4,15,19,11,16,12,24,20,3,8,7,5,21],[10,18,6,22,14,3,15,23,2,20,11,16,12,24,4,8,19,7,5,13],[22,19,10,3,6,14,18,15,23,2,11,16,12,24,20,4,7,8,5,21],[22,14,6,10,2,18,3,15,23,19,11,16,12,24,20,4,8,7,5,21],[6,2,22,18,10,14,3,15,24,19,12,16,20,23,4,8,7,13],[18,14,10,22,3,6,16,2,23,20,11,12,4,24,19,8,15,7,13],[2,22,6,18,10,15,14,3,24,20,11,16,12,23,4,8,19,7,13],[14,19,22,2,10,6,18,15,3,24,11,12,20,23,16,4,7,8,5,13],[22,14,6,10,18,2,15,4,23,19,11,12,16,24,20,3,7,8,5,21],[18,22,6,2,10,14,3,15,24,20,11,12,23,16,4,7,8,19,13],[10,2,18,6,22,14,3,23,15,19,11,12,24,16,20,4,8,7,13],[14,18,2,23,6,10,22,4,15,20,12,16,24,3,8,19,7,5,21,11],[10,3,14,22,18,6,15,23,2,11,16,12,19,24,20,4,7,8,21,5],[10,22,18,14,2,6,16,23,3,19,20,11,24,12,4,7,8,15,5,13],[6,10,14,22,18,2,4,15,23,19,11,16,12,24,20,3,8,7,5,13],[19,22,2,6,14,10,18,3,15,23,11,16,12,24,20,4,7,8,13],[22,18,14,2,10,8,6,15,3,24,20,11,16,12,23,4,19,7,13],[2,14,10,23,18,7,22,6,3,15,20,11,16,12,24,4,8,19,5,21],[14,10,22,18,6,2,15,3,23,19,11,12,24,16,20,4,7,8,13],[2,10,14,18,22,6,4,15,23,20,11,16,12,24,3,7,8,19,5,13],[14,22,6,11,18,2,10,3,15,23,16,12,19,24,20,4,8,7,5,13],[2,14,18,10,22,6,16,3,23,19,20,11,12,4,24,8,15,7,5,13],[10,7,18,2,23,15,14,6,22,4,20,12,24,16,3,8,19,5,21,11],[14,10,6,18,2,22,16,3,23,19,24,11,12,20,4,8,15,7,13],[18,22,2,6,14,10,4,15,23,20,12,16,24,3,7,8,19,13],[18,10,22,14,2,6,15,3,24,20,11,12,23,16,4,7,8,19,5,21],[22,3,18,6,14,10,15,23,2,20,11,12,24,16,4,8,19,7,13],[6,22,14,18,12,2,15,3,24,19,16,20,23,10,4,7,8,13],[14,18,6,2,22,10,4,23,15,19,12,24,16,20,3,7,8,5,11,21],[2,6,18,22,10,14,4,15,24,20,9,11,16,12,23,3,7,8,19,5,21],[18,2,22,10,7,14,6,4,15,23,12,20,16,24,3,8,19,5,11,21],[15,10,6,18,22,2,14,3,24,20,12,23,16,4,7,8,19,13],[10,6,18,2,14,23,22,3,15,19,11,16,12,24,20,4,7,8,5,13],[10,18,22,6,14,2,15,3,23,20,16,24,11,12,4,8,19,7,13],[10,15,7,14,6,2,18,22,4,24,19,12,20,23,16,3,8,5,11,13],[14,22,6,10,18,2,15,4,24,19,11,12,16,20,23,3,7,8,13],[10,14,2,22,6,18,16,3,24,19,11,12,23,20,4,7,8,15,13],[22,2,6,14,11,18,10,3,15,24,12,19,20,23,16,4,8,7,13],[11,22,6,2,14,18,10,3,15,24,16,12,19,20,23,4,8,7,5,13],[22,4,6,18,14,10,15,23,2,11,12,20,24,16,3,7,8,19,21,5],[14,2,6,18,22,10,15,3,23,19,12,16,24,20,4,8,7,5,11,21],[18,2,14,10,6,22,15,3,23,19,16,24,20,11,12,4,7,8,13],[22,14,18,10,6,2,3,15,23,19,11,12,13,24,20,16,4,7,8],[18,14,6,22,2,10,15,3,24,19,11,16,12,20,23,4,7,8,13],[22,6,2,18,10,14,3,23,15,20,11,16,12,24,4,8,19,7,5,13],[6,22,2,18,10,14,15,3,23,19,12,24,20,16,4,8,7,5,13],[10,2,22,18,6,14,16,23,3,20,12,24,4,7,8,19,15,5,13],[2,6,18,16,11,22,10,3,24,19,20,15,14,12,23,4,7,8,21,13],[14,22,18,2,6,10,15,3,24,19,12,16,20,23,4,7,8,13],[2,10,18,22,6,14,4,23,15,20,11,12,24,16,3,8,19,7,13],[14,6,10,22,18,2,3,15,23,20,24,12,16,4,8,19,7,5,13],[14,10,19,2,6,22,18,3,16,23,24,12,20,4,7,8,15,13],[15,18,11,10,6,3,22,14,23,16,12,2,24,19,20,4,8,7,5,13],[10,18,6,2,14,22,15,3,24,20,11,16,12,23,4,7,8,19,5,21],[6,15,2,10,22,18,14,3,23,19,24,11,12,16,20,4,7,8,5,21],[22,2,14,6,18,10,15,4,24,19,11,12,16,20,23,3,7,8,5,21],[16,6,2,10,22,18,3,24,19,11,20,14,23,12,4,7,8,15,13],[11,2,22,6,14,18,10,3,15,23,12,20,24,16,4,7,8,19,13],[18,22,14,6,2,10,3,24,16,19,12,23,20,4,7,8,15,13],[2,22,6,18,10,14,3,15,23,20,12,16,24,4,8,19,7,13],[22,14,2,6,10,18,15,3,24,20,11,16,12,23,4,8,19,7,13],[14,6,2,10,22,18,3,23,15,20,11,16,12,24,4,8,19,7,21,13],[10,22,6,18,14,3,24,2,15,19,11,16,12,20,23,4,8,7,5,13],[14,10,23,7,2,18,6,22,3,16,20,11,12,4,24,8,19,15,13],[18,6,14,10,3,22,15,23,2,19,12,16,24,20,4,8,7,5,13],[24,6,10,2,14,18,22,15,3,19,12,20,23,16,4,7,8,13],[18,10,15,2,22,6,14,3,24,20,11,16,12,23,4,7,8,19,5,21],[22,10,19,2,6,14,18,3,16,23,24,11,20,12,4,7,8,15,5,13],[2,22,10,6,14,18,3,15,23,19,11,16,12,24,20,4,7,8,13],[22,18,14,10,2,6,15,4,24,20,12,16,23,3,7,8,19,5,11,13],[18,14,2,6,10,22,15,4,24,11,16,12,20,23,3,8,19,7,5,13],[22,3,14,10,6,18,16,2,23,19,20,11,24,12,4,8,15,7,5,21],[2,18,14,22,6,10,3,23,15,20,12,16,24,4,7,8,19,5,13],[10,22,14,6,18,2,3,15,23,20,12,16,24,4,7,8,19,13],[2,14,22,10,6,19,18,15,3,23,12,16,24,20,4,8,7,5,21,11],[22,2,6,14,18,10,4,23,15,19,11,12,16,24,20,3,7,8,5,21],[6,14,18,10,22,2,15,4,23,20,12,24,16,3,7,8,19,13],[11,16,6,2,22,18,10,3,24,19,12,23,20,14,4,7,8,15,5,21],[10,6,14,2,22,18,3,15,23,19,11,16,12,24,20,4,7,8,5,21],[6,10,14,2,18,22,4,23,16,19,20,11,24,12,3,7,8,15,5,13],[10,14,2,18,22,6,15,3,24,12,19,20,16,23,4,8,7,5,11,13],[10,23,14,18,6,2,22,3,16,20,11,24,12,4,19,7,8,15,5,13],[18,2,6,12,22,14,15,4,23,19,16,24,20,10,3,7,8,13],[2,6,18,23,10,14,22,3,15,19,11,16,12,24,20,4,8,7,5,13],[18,22,14,2,10,6,3,23,15,19,11,12,24,20,16,4,8,7,5,21],[6,14,22,2,10,18,3,15,23,20,11,12,24,16,4,8,19,7,5,13],[10,22,14,18,2,6,4,23,15,19,16,24,20,12,3,8,7,13],[6,2,14,18,22,10,16,3,23,19,20,12,24,4,8,15,7,5,9,21],[22,10,6,18,14,2,3,23,16,19,20,12,4,24,7,8,15,5,11,13],[18,10,14,2,6,22,16,23,3,19,24,20,11,12,4,7,8,15,13],[6,18,22,2,11,14,10,4,24,15,12,20,16,23,3,7,8,19,13],[22,2,18,14,6,10,3,23,15,19,12,16,24,20,4,8,7,13],[10,2,18,23,14,6,22,4,15,20,11,12,16,24,3,8,19,7,5,13],[6,2,22,10,16,18,3,23,19,24,11,12,20,14,4,7,8,15,13],[6,2,22,10,18,14,3,23,15,19,12,24,16,20,4,7,8,5,13],[22,6,14,18,2,10,4,23,15,20,11,16,12,24,3,7,8,19,5,21],[6,18,14,10,2,22,23,3,15,19,12,16,24,20,4,7,8,5,21,11],[18,14,6,2,10,22,23,3,15,20,11,16,12,24,4,7,8,19,13],[10,6,22,3,14,19,18,15,23,4,11,12,24,16,20,2,7,8,13],[2,14,6,18,10,22,4,23,15,19,12,16,24,20,3,8,7,13],[6,14,18,3,11,23,10,22,15,2,12,20,24,16,4,7,8,19,5,13],[2,14,6,22,18,10,15,3,23,11,12,20,16,24,4,7,8,19,13],[22,14,18,6,10,2,3,23,15,20,11,12,24,16,4,8,19,7,13],[22,2,6,14,18,10,4,24,15,19,11,12,16,20,23,3,7,8,21,5],[22,10,2,14,6,20,16,23,4,18,11,12,3,24,19,8,15,7,5,21],[2,18,6,10,22,14,15,4,23,20,9,24,12,16,3,8,19,7,13],[18,8,22,10,14,2,6,15,3,23,20,12,24,16,4,19,7,13],[18,6,14,10,22,2,3,15,23,19,11,12,16,24,20,4,7,8,5,13],[2,14,22,6,18,10,15,3,24,19,11,12,20,23,16,4,7,8,13],[15,10,18,6,22,2,14,3,23,19,24,11,16,12,20,4,7,8,5,21],[16,10,18,6,23,2,22,3,20,11,12,14,4,24,19,7,8,15,13],[2,22,14,18,6,11,10,3,15,24,12,19,20,23,16,4,8,7,13],[6,14,2,10,22,18,3,15,24,19,11,16,12,20,23,4,7,8,13],[16,18,10,6,2,22,3,23,20,12,14,24,4,19,8,15,7,13],[22,18,15,11,10,2,6,14,3,12,24,20,23,16,4,7,8,19,13],[14,18,10,6,22,3,15,24,2,19,11,16,12,20,23,4,8,7,13],[2,10,6,18,22,14,15,3,24,17,11,12,23,19,16,4,20,7,8,13],[22,2,10,18,14,6,16,3,23,20,11,12,24,4,19,7,8,15,13],[7,2,10,18,22,14,6,3,23,16,20,11,24,12,4,8,19,15,5,21],[2,18,22,6,10,14,15,4,24,20,11,12,23,16,3,7,8,19,13],[22,14,2,6,18,10,15,3,23,19,11,12,16,24,20,4,7,8,13],[14,18,22,6,2,10,15,4,24,19,11,12,16,20,23,3,7,8,5,21],[12,22,2,14,6,18,3,15,23,19,16,24,20,11,10,4,8,7,5,21],[6,10,18,2,22,14,3,24,15,19,12,20,23,16,4,7,8,13],[2,14,10,22,20,6,4,23,16,18,11,24,12,3,19,8,15,7,13],[6,2,18,10,22,14,23,3,16,19,20,11,12,24,4,15,7,8,13],[10,6,22,14,2,18,15,4,23,19,11,12,24,16,20,3,8,7,5,21],[6,2,18,22,10,14,16,3,23,20,12,4,8,19,24,15,7,13],[14,10,18,22,6,2,3,23,15,19,11,12,16,24,20,4,7,8,5,21],[23,18,10,6,2,14,22,3,15,19,11,12,16,20,24,4,7,8,13],[24,10,6,2,14,18,22,3,15,20,11,12,16,23,4,7,8,19,13],[2,10,18,6,23,14,22,3,15,19,11,12,16,24,20,4,7,8,13],[11,2,14,20,6,22,10,3,16,23,18,12,4,24,19,7,8,15,13],[2,18,6,22,10,14,15,3,24,20,11,16,12,23,4,7,8,19,5,21],[10,18,14,22,6,2,3,23,15,19,11,16,12,24,20,4,7,8,5,21],[22,6,14,18,2,10,15,3,23,19,9,24,12,16,20,4,7,8,13],[14,18,10,2,22,6,23,4,15,19,12,16,24,20,3,8,7,5,21,11],[18,10,3,14,22,6,24,2,16,19,11,12,23,20,4,8,15,7,13],[14,22,2,18,6,10,24,15,4,20,12,23,16,3,7,8,19,21,5,9],[14,6,2,11,22,19,12,18,3,23,16,10,20,4,24,7,8,15,13],[18,10,22,14,4,6,15,24,2,20,11,12,23,16,3,7,8,19,13],[18,2,6,22,14,10,16,24,3,20,11,23,12,4,7,8,19,15,13],[10,22,2,14,6,18,3,15,24,19,12,16,20,23,4,7,8,5,11,21],[22,18,2,14,10,6,15,3,23,19,11,12,16,24,20,4,7,8,13],[22,14,6,10,2,18,16,4,23,19,20,11,24,12,3,7,8,15,13],[10,2,6,22,18,14,4,15,23,19,11,16,12,24,20,3,7,8,13],[6,10,18,14,22,3,23,15,4,19,24,11,12,16,20,2,7,8,5,21],[22,2,18,14,6,10,3,23,15,20,11,12,16,24,4,7,8,19,21,13],[18,2,22,14,6,10,15,4,23,20,11,12,24,16,3,7,8,19,13],[24,18,14,6,10,2,22,3,15,19,12,20,23,16,4,7,8,21,5,11],[14,2,6,22,19,10,18,3,15,23,12,16,24,20,4,8,7,5,21,11],[14,10,18,22,6,2,3,23,15,19,11,16,12,24,20,4,8,7,13],[18,14,6,2,10,22,24,3,15,20,12,23,16,4,7,8,19,13],[18,10,22,2,14,7,6,15,3,23,12,19,16,24,20,4,8,13],[6,2,18,14,10,22,16,3,24,19,11,12,23,20,4,7,8,15,5,21],[6,18,14,2,22,10,3,15,23,20,12,24,16,4,7,8,19,13],[10,2,22,18,6,14,3,23,15,19,11,12,16,24,20,4,8,7,21,13],[2,6,14,10,22,18,3,16,23,19,20,11,24,12,4,7,8,15,5,13],[18,6,22,14,10,2,3,16,23,19,20,11,12,4,24,8,15,7,13],[22,6,18,2,14,11,10,3,15,23,12,20,24,16,4,8,19,7,5,13],[19,22,6,14,2,11,10,18,3,23,15,12,24,16,20,4,7,8,5,21],[15,22,3,18,10,6,14,23,2,12,19,24,20,16,4,7,8,11,13],[10,2,18,14,6,22,3,24,15,19,12,16,20,23,4,8,7,5,21,11],[14,19,22,10,8,6,2,20,3,23,15,18,24,12,16,4,7,13],[19,22,10,2,14,6,18,15,4,24,11,16,12,20,23,3,8,7,13],[18,14,2,6,22,10,15,4,24,19,11,16,12,20,23,3,8,7,5,13],[10,2,18,6,14,22,3,15,24,20,11,12,23,16,4,7,8,19,5,13],[14,6,18,2,10,22,3,23,16,19,24,11,12,20,4,7,8,15,13],[22,3,14,10,18,6,23,15,2,20,12,16,24,4,7,8,19,5,21,11],[22,10,18,14,2,6,3,24,15,19,11,16,12,20,23,4,7,8,21,13],[6,10,2,18,15,22,16,3,24,19,14,20,12,23,4,8,7,13],[14,6,22,18,2,10,15,3,23,19,11,16,12,24,20,4,8,7,5,13],[18,14,10,22,2,6,3,15,23,19,11,12,24,16,20,4,8,7,21,13],[22,10,6,18,14,2,3,15,23,19,12,16,24,20,4,7,8,21,5,11],[2,10,6,18,14,23,22,4,15,20,11,12,24,16,3,8,19,7,13],[19,14,10,6,2,22,18,3,15,23,12,24,16,20,4,8,7,5,11,21],[10,20,14,6,22,3,23,15,18,2,24,11,16,12,4,7,8,19,13],[10,18,6,22,14,2,15,3,23,20,12,16,24,4,7,8,19,21,13],[6,14,18,10,2,22,15,4,23,19,12,16,24,20,3,7,8,13],[20,22,3,6,10,14,23,16,18,2,11,12,4,24,19,7,8,15,5,13],[6,18,22,10,2,14,3,24,15,19,12,16,20,23,4,7,8,5,21,11],[22,2,15,18,10,6,14,3,23,19,11,12,16,24,20,4,7,8,21,5],[6,2,10,14,18,22,3,24,15,19,12,16,20,23,4,7,8,11,5,21],[14,6,2,18,22,10,4,23,16,19,24,11,12,20,3,7,8,15,5,21],[22,6,10,18,3,14,15,23,2,19,16,24,20,11,12,4,8,7,13],[6,18,10,14,22,2,3,23,15,19,11,12,24,20,16,4,7,8,21,13],[10,6,14,22,18,2,15,4,24,19,12,20,23,16,3,7,8,13],[10,22,18,14,7,2,6,4,15,23,19,11,16,12,24,20,3,8,13],[2,18,14,6,10,22,15,3,24,19,12,20,23,16,4,7,8,13],[14,2,11,18,6,22,10,3,16,23,24,19,20,12,4,8,15,7,5,21],[6,22,14,18,10,2,3,24,15,20,11,12,16,23,4,7,8,19,13],[6,22,18,2,14,10,3,23,15,19,11,16,12,24,20,4,7,8,5,13],[10,24,6,2,14,18,22,3,16,19,11,20,23,12,4,7,8,15,5,21],[14,2,10,6,22,18,15,4,24,19,11,16,12,20,23,3,7,8,13],[22,10,2,7,14,18,6,3,23,15,11,12,16,24,19,20,4,8,13],[10,6,2,18,23,15,22,14,4,20,16,24,11,12,3,7,8,19,13],[10,22,14,6,2,18,16,3,23,19,20,11,24,12,4,8,15,7,13],[18,14,2,22,10,6,15,3,23,20,12,24,16,4,8,19,7,5,21,11],[18,6,14,2,10,22,15,3,23,20,11,12,16,24,4,8,19,7,13],[22,7,18,14,10,2,6,15,3,24,19,11,16,12,20,23,4,8,13],[10,2,18,6,22,15,14,3,24,19,11,12,20,23,16,4,7,8,5,21],[14,24,18,10,2,6,22,3,16,19,12,23,20,4,7,8,15,21,5,11],[6,14,22,11,18,2,10,4,15,23,16,12,20,24,3,7,8,19,13],[18,6,14,10,2,22,3,23,15,19,11,16,12,24,20,4,8,7,5,21],[14,6,23,18,2,10,22,4,16,19,20,12,3,24,7,8,5,15,13],[14,10,8,18,2,22,6,15,3,23,19,11,12,24,20,16,4,7,5,13],[10,18,6,2,14,22,4,24,15,20,12,23,16,3,8,19,7,13],[6,22,2,10,18,14,4,15,23,19,11,12,24,20,16,3,7,8,5,13],[22,18,6,3,14,10,24,2,15,19,11,16,12,20,23,4,8,7,5,21],[18,2,14,6,10,22,4,23,15,19,12,24,16,20,3,7,8,13],[18,10,22,14,6,2,16,23,3,19,24,12,20,4,8,15,7,5,21,9],[11,18,22,6,14,2,10,3,23,16,24,19,20,12,4,8,15,7,5,13],[14,18,10,6,22,2,3,16,23,19,24,20,11,12,4,8,15,7,5,21],[6,14,10,18,2,22,24,3,15,19,11,16,12,20,23,4,7,8,13],[2,10,7,14,22,18,6,23,4,15,19,11,16,12,24,20,8,3,13],[14,6,22,2,10,18,4,24,15,19,12,16,20,23,3,7,8,13],[22,6,2,14,19,10,18,24,3,15,12,20,23,16,4,7,8,5,13],[14,18,2,22,6,10,3,15,23,19,11,16,12,24,20,4,7,8,13],[10,6,14,22,2,18,3,23,16,19,24,11,20,12,4,7,8,15,5,13],[6,22,14,10,2,18,15,3,23,20,12,16,24,4,8,19,7,5,21,11],[6,18,15,22,10,2,14,3,23,19,11,16,12,24,20,4,8,7,13],[22,10,6,14,2,18,4,15,23,17,12,16,24,3,19,20,8,7,5,11,21],[10,6,2,22,18,14,15,4,23,19,11,12,24,20,3,16,7,8,13],[18,2,22,6,14,10,3,23,15,19,12,16,24,20,4,7,8,5,13],[6,2,18,10,15,22,14,3,24,19,11,16,12,20,23,4,8,7,21,13],[22,18,15,6,10,2,14,3,24,19,12,20,23,16,4,7,8,5,13],[14,6,22,2,10,18,3,23,15,17,11,12,16,24,4,20,8,7,13],[18,10,6,23,14,2,22,3,15,12,20,24,16,4,8,19,7,13],[14,10,18,2,6,22,3,15,23,20,11,12,24,16,4,7,8,19,5,21],[10,14,18,6,2,22,15,3,23,20,12,24,16,4,7,8,19,13],[10,6,2,18,22,14,15,3,23,20,11,12,16,24,4,7,8,19,13],[6,22,18,14,2,12,3,16,23,19,20,4,10,24,8,15,7,13],[14,2,6,10,22,18,3,23,16,20,11,24,12,4,19,7,8,15,5,21],[18,2,6,22,10,14,4,23,15,19,11,12,16,24,20,3,8,7,5,21],[6,14,22,18,2,11,10,3,23,15,16,12,24,19,20,4,7,8,5,21],[3,14,22,6,11,18,12,15,23,2,10,20,24,16,4,7,8,19,21,5],[2,10,22,6,18,14,3,23,16,19,20,12,4,24,7,8,15,13],[2,22,6,18,14,11,10,3,15,24,12,20,23,16,4,8,19,7,13],[10,3,14,18,6,22,15,24,2,19,11,12,20,23,16,4,7,8,13],[22,10,2,14,6,18,4,15,23,19,11,16,12,24,20,3,8,7,5,13],[6,22,18,10,14,2,23,3,16,19,24,11,20,12,4,7,8,15,13],[18,2,10,14,22,6,3,16,23,20,12,24,4,19,7,8,15,13],[22,18,10,6,14,2,15,3,23,19,12,24,20,16,4,7,8,5,13],[14,2,22,18,6,10,15,4,23,19,11,16,12,24,20,3,7,8,13],[22,2,14,18,10,6,3,15,24,19,9,11,16,12,20,23,4,7,8,13],[14,10,18,22,2,6,15,3,23,19,12,24,20,16,4,7,8,5,21,11],[7,12,18,22,2,14,6,3,24,15,19,16,20,23,11,10,4,8,13],[18,2,14,10,22,6,23,3,15,20,11,16,12,24,4,7,8,19,13],[2,22,18,14,10,6,15,3,23,19,11,12,24,16,20,4,7,8,13],[6,14,2,18,22,10,3,23,15,20,11,16,12,24,4,8,19,7,5,21],[2,10,18,14,6,22,3,15,24,19,11,16,12,20,23,4,7,8,13],[22,14,3,18,6,10,23,16,2,20,12,24,4,7,8,19,15,13],[10,18,15,4,22,6,14,23,2,19,12,16,24,20,3,7,8,5,11,13],[18,14,23,2,10,6,22,3,15,20,12,24,16,4,7,8,19,13],[10,18,14,6,22,2,3,15,24,19,11,12,20,23,16,4,7,8,5,13],[10,14,6,2,22,18,3,15,23,19,16,24,20,11,12,4,7,8,5,13],[22,6,10,2,18,14,3,23,15,19,11,12,24,16,20,4,7,8,13],[14,6,22,10,2,18,16,3,23,19,24,11,20,12,4,8,15,7,13],[6,18,10,22,14,2,3,16,24,19,11,12,23,20,4,7,8,15,13],[10,14,2,18,6,22,4,15,24,19,12,20,23,16,3,8,7,13],[10,14,18,22,6,2,15,4,23,19,11,12,24,16,20,3,7,8,13],[14,22,6,2,18,10,3,15,23,11,16,12,24,19,20,4,7,8,13],[10,23,18,7,2,14,22,6,3,16,19,20,11,24,12,4,8,15,13],[19,11,10,7,18,2,24,14,6,3,22,15,12,20,23,16,4,8,5,21],[22,10,15,2,7,6,18,14,3,23,20,12,24,16,4,8,19,5,13],[14,10,6,18,22,2,15,3,23,12,19,24,20,16,4,7,8,13],[19,2,10,6,22,14,18,24,15,3,12,20,23,16,4,7,8,5,13],[22,18,14,6,11,2,12,3,15,23,10,19,24,20,16,4,8,7,5,21],[6,22,3,14,18,10,15,23,2,11,12,19,16,24,20,4,7,8,5,13],[2,6,18,15,22,10,14,4,23,19,11,16,12,24,20,3,7,8,13],[14,2,18,22,10,6,15,4,23,19,11,16,12,24,20,3,8,7,13],[14,10,23,6,18,2,22,3,15,20,12,24,16,4,8,19,7,13],[14,2,6,22,19,10,18,3,16,23,20,11,12,24,4,8,15,7,5,21],[2,19,6,14,22,10,18,15,3,23,12,24,20,16,4,8,7,13],[6,22,14,10,18,2,15,3,23,19,12,24,20,16,4,8,7,13],[2,22,6,18,14,10,3,24,16,19,12,23,20,4,7,8,15,5,21,9],[14,6,18,22,2,10,4,15,23,19,11,12,24,16,20,3,7,8,5,21],[22,6,2,18,14,10,15,4,24,20,11,12,23,16,3,7,8,19,13],[23,14,18,10,2,6,22,3,15,20,12,16,24,4,7,8,19,21,5,11],[6,18,14,2,22,10,15,3,23,20,11,12,24,16,4,8,19,7,5,13],[18,2,14,6,10,22,15,4,24,20,12,16,23,3,8,19,7,13],[10,2,8,19,6,14,22,18,3,15,23,11,12,16,24,20,4,7,13],[18,14,22,10,6,2,3,16,23,19,24,12,20,4,7,8,15,13],[22,2,14,6,19,10,18,23,3,16,20,11,12,24,4,7,8,15,5,21],[2,22,19,11,10,15,7,14,6,18,3,23,12,16,24,20,4,8,5,21],[22,6,14,18,2,10,23,3,15,19,11,16,12,24,20,4,7,8,5,21],[23,18,2,10,14,6,22,3,15,19,11,12,24,16,20,4,7,8,13],[2,22,6,14,10,18,3,24,16,20,12,23,4,19,15,7,8,5,21,11],[14,18,22,6,2,10,15,3,24,19,11,12,16,20,23,4,7,8,5,21],[18,22,10,6,2,14,23,4,15,20,11,12,16,24,3,7,8,19,13],[18,6,24,14,10,2,22,4,15,11,12,19,20,23,16,3,8,7,5,13],[22,2,15,11,10,6,18,14,3,24,12,19,16,20,23,4,7,8,13],[18,22,14,2,10,6,15,4,23,19,11,16,12,24,20,3,7,8,5,13],[10,2,14,18,6,22,15,3,23,19,11,16,12,24,20,4,8,7,13],[6,2,22,10,14,18,3,23,16,20,11,12,24,4,19,7,8,15,13],[2,10,14,18,6,22,15,3,24,19,12,16,20,23,4,7,8,13],[2,22,14,6,11,18,10,4,15,23,16,12,24,19,20,3,8,7,21,13],[2,18,14,6,11,22,10,3,23,15,16,12,24,19,20,4,7,8,13],[18,10,6,2,22,14,16,3,23,19,20,11,24,12,4,7,8,15,5,13],[6,10,2,23,14,18,22,3,15,19,16,24,20,11,12,4,7,8,13],[18,2,14,10,22,6,3,23,16,19,20,11,12,4,24,7,8,15,13],[18,6,10,14,22,2,16,3,23,19,20,12,4,24,7,8,15,5,13],[10,2,14,22,6,18,15,3,23,20,11,12,16,24,4,7,8,19,5,13],[18,24,2,6,10,14,22,3,15,19,11,12,20,23,16,4,8,7,13],[14,10,22,6,18,2,3,15,23,19,11,16,12,24,20,4,8,7,5,13],[22,6,2,18,10,14,3,15,23,20,11,12,16,24,4,7,8,19,5,13],[10,2,18,22,6,14,16,3,23,19,20,11,24,12,4,7,8,15,5,13],[6,10,22,19,2,14,18,4,16,23,24,12,20,3,8,15,7,5,21,11],[2,10,14,6,22,18,15,4,23,20,11,16,12,24,3,7,8,19,5,21],[14,2,18,6,22,10,15,4,23,20,12,16,24,3,8,19,7,11,5,21],[10,2,22,6,14,18,4,15,24,19,12,20,23,7,16,8,3,13],[2,14,23,18,7,12,6,22,4,15,19,24,16,20,10,3,8,5,13],[2,22,14,6,10,18,3,23,15,19,11,12,24,16,20,4,8,7,13],[22,18,10,3,6,14,23,15,2,19,12,16,24,20,4,7,8,21,5,11],[18,14,4,22,6,10,15,23,2,20,16,24,11,12,3,7,8,19,13],[10,14,3,18,6,22,24,2,15,19,11,12,20,16,23,4,7,8,13],[2,15,6,10,23,18,22,14,3,19,11,16,12,24,20,4,7,8,5,21],[14,6,22,10,18,2,4,15,23,20,11,16,12,24,3,8,19,7,13],[14,22,8,10,18,2,6,15,4,23,19,11,12,16,24,20,3,7,13],[3,14,10,6,22,18,15,23,2,19,12,16,24,20,4,7,8,13],[6,14,22,10,18,2,15,3,24,11,12,19,20,23,16,4,7,8,5,13],[22,19,6,14,2,10,18,3,15,24,11,12,20,23,16,4,7,8,5,13],[6,19,14,22,2,10,18,4,23,15,12,24,16,20,3,8,7,13],[2,6,18,14,10,22,3,23,15,20,11,16,12,24,4,8,19,7,5,13],[2,18,10,6,22,14,15,3,23,11,16,12,24,20,4,7,8,19,13],[10,14,2,6,18,22,15,3,24,19,12,20,23,16,4,8,7,11,21,13],[10,20,8,22,14,2,6,3,15,19,23,18,24,11,12,16,4,7,13],[6,10,18,2,22,14,15,4,23,20,11,12,16,24,3,8,19,7,5,21],[22,2,10,14,6,18,16,3,23,19,24,11,20,12,4,7,8,15,5,13],[2,6,10,22,18,14,3,23,15,19,11,12,24,16,20,4,7,8,13],[2,18,10,22,15,6,14,3,24,19,11,12,16,20,23,4,7,8,13],[22,14,2,6,10,18,15,3,23,20,12,16,24,4,7,8,19,13],[10,18,14,2,22,6,16,3,23,20,11,24,12,4,7,8,19,15,13],[22,18,10,2,6,14,15,3,23,19,11,12,24,16,20,4,7,8,13],[14,6,2,18,10,22,3,23,15,19,12,16,24,20,4,7,8,13],[10,14,6,2,22,18,3,15,23,19,24,11,12,20,16,4,7,8,13],[10,3,22,18,6,14,23,15,2,19,11,16,12,24,20,4,7,8,5,21],[6,18,14,11,2,22,10,4,16,23,12,19,20,3,24,7,8,15,13],[22,6,14,2,18,10,3,23,16,20,11,24,12,4,19,8,15,7,13],[14,18,22,6,2,11,10,3,16,24,19,20,23,12,4,7,8,15,5,21],[14,2,10,6,22,18,15,3,23,20,11,12,24,16,4,8,19,7,5,13],[14,22,10,2,6,18,3,15,24,11,16,12,20,23,4,7,8,19,5,21],[2,10,6,14,18,22,15,4,23,20,12,24,16,3,8,19,7,13],[22,10,19,14,6,2,18,15,3,23,12,16,24,20,4,7,8,13],[10,2,18,14,6,22,4,16,23,19,24,20,11,12,3,7,8,15,5,21],[6,2,18,14,22,10,3,23,16,19,20,12,4,24,7,8,15,5,11,13],[10,14,18,2,22,6,15,3,24,19,12,20,23,16,4,8,7,13],[15,22,18,6,2,11,10,14,3,23,12,19,16,24,20,4,7,8,13],[14,22,10,2,18,6,23,3,15,20,11,12,24,16,4,7,8,19,13],[2,14,6,22,18,10,4,24,15,19,11,16,12,20,23,3,7,8,13],[22,2,6,16,10,18,23,3,19,20,11,24,14,12,4,8,15,7,5,13],[2,18,22,6,14,10,15,4,23,19,11,16,12,24,20,3,7,8,13],[6,19,3,15,14,10,18,22,24,2,12,20,23,16,4,7,8,11,5,21],[6,22,18,14,2,10,3,15,23,19,11,16,12,24,20,4,8,7,5,13],[10,6,18,2,22,14,15,3,23,19,11,12,24,16,20,4,7,8,13],[18,2,22,10,14,6,15,4,23,19,11,16,12,24,20,3,7,8,13],[22,6,14,10,2,18,15,3,23,19,12,16,24,20,4,8,7,11,13],[10,19,14,22,6,2,18,3,24,15,11,16,12,20,23,4,7,8,5,21],[14,10,22,6,2,18,16,3,23,19,24,11,12,20,4,7,8,15,13],[22,19,2,10,6,14,18,3,15,23,11,16,12,24,20,4,7,8,5,13],[10,6,14,22,2,18,3,16,24,19,11,12,23,20,4,7,8,15,13],[2,18,14,10,22,6,16,23,3,19,20,11,24,12,4,7,8,15,13],[10,22,14,6,2,18,16,23,4,19,20,11,24,12,3,7,8,15,5,13],[14,18,2,22,10,6,15,4,23,20,11,16,12,24,3,8,19,7,5,21],[10,18,22,6,14,2,3,23,16,19,20,11,24,12,4,7,8,15,21,5],[14,18,10,6,2,22,3,15,24,19,11,12,20,23,16,4,8,7,5,21],[2,18,10,22,14,6,4,23,15,20,11,12,24,16,3,7,8,19,13],[2,18,22,6,10,14,4,23,15,19,11,16,12,24,20,3,7,8,21,13],[10,2,22,18,6,14,3,23,15,19,11,16,12,24,20,4,8,7,5,21],[2,6,14,10,22,18,3,15,23,20,12,16,24,4,7,8,19,5,13],[6,18,10,14,2,24,22,4,16,19,11,12,23,20,3,7,8,15,5,21],[10,2,6,18,22,14,15,3,24,19,11,12,20,16,23,4,7,8,5,13],[14,22,2,18,7,10,6,15,3,23,19,12,16,24,20,4,8,5,21,11],[18,10,22,2,6,14,15,3,23,20,11,12,16,24,4,8,19,7,5,21],[14,22,2,6,10,18,3,23,16,19,20,11,12,24,4,7,8,15,13],[18,6,10,22,14,2,3,23,15,20,11,16,12,24,4,8,19,7,5,13],[22,18,10,2,14,6,24,3,15,19,11,16,12,20,23,4,8,7,13],[14,2,10,18,23,6,22,3,15,20,11,16,12,24,4,7,8,19,21,13],[14,6,18,2,22,10,15,4,23,19,11,12,16,24,20,3,7,8,5,13],[6,2,18,22,14,10,15,3,23,19,11,16,12,24,20,4,7,8,5,13],[14,22,2,18,10,6,15,3,24,20,9,11,16,12,23,4,7,8,19,13],[2,10,18,22,14,6,3,24,15,20,11,12,23,16,4,8,19,7,5,13],[10,2,18,14,23,6,22,3,16,19,20,11,12,24,4,7,8,15,13],[6,2,15,10,22,18,14,3,24,20,11,12,23,16,4,7,8,19,13],[11,22,2,14,18,6,10,4,15,24,16,12,19,20,23,3,7,8,13],[18,22,6,11,14,2,10,4,15,23,12,19,24,16,20,3,7,8,5,21],[18,22,6,2,10,14,3,15,23,20,11,12,24,16,4,7,8,19,13],[14,18,2,22,6,10,3,15,23,20,11,12,24,16,4,7,8,19,13],[14,6,22,18,3,10,15,23,2,20,11,12,16,24,4,7,8,19,13],[22,15,10,18,2,6,14,3,24,19,11,16,12,20,23,4,7,8,13],[18,6,14,2,22,10,15,3,24,19,11,16,12,20,23,4,8,7,5,13],[2,22,6,10,14,18,3,24,16,19,11,12,23,20,4,7,8,15,13],[6,22,2,18,10,14,4,16,24,20,11,23,12,3,8,19,15,7,13],[6,18,14,10,2,22,3,23,16,20,12,24,4,19,7,8,15,13],[19,10,22,14,6,2,18,15,3,23,12,16,24,20,4,8,7,5,11,21],[18,10,6,22,2,14,3,15,23,24,20,11,12,16,4,8,19,7,13],[10,14,22,2,6,18,3,15,23,19,12,16,24,20,4,8,7,13],[18,22,14,10,2,6,3,15,23,20,24,11,12,16,4,8,19,7,5,21],[14,6,22,18,2,10,3,23,15,12,19,24,20,16,4,8,7,5,21,11],[22,6,18,2,14,10,16,23,3,19,24,11,20,12,4,7,8,15,5,13],[2,6,22,10,14,18,3,16,23,19,20,11,24,12,4,7,8,15,13],[6,14,10,22,2,19,18,15,4,23,11,12,24,20,16,3,7,8,13],[22,2,18,14,10,6,3,23,15,20,11,12,16,24,4,7,8,19,5,21],[10,3,14,18,22,6,16,2,23,20,11,24,12,4,7,8,19,15,13],[6,10,14,22,2,18,15,4,23,20,12,24,16,3,7,8,19,21,5,11],[18,2,6,14,22,10,15,4,23,20,11,12,16,24,3,7,8,19,5,13],[2,18,6,14,23,10,22,3,15,19,12,16,24,20,4,7,8,13],[22,18,6,11,2,14,10,3,15,23,16,12,24,19,20,4,7,8,13],[10,2,7,18,22,16,6,23,3,19,24,12,20,14,4,8,15,13],[14,10,2,18,22,6,15,4,23,20,11,16,12,24,3,7,8,19,13],[2,18,10,23,6,14,22,3,16,20,11,12,4,24,8,19,15,7,5,13],[15,11,14,10,3,6,18,22,23,2,16,12,24,19,20,4,7,8,5,21],[18,2,10,6,22,15,14,3,23,19,12,24,20,16,4,7,8,13],[19,2,22,6,10,14,18,3,15,23,12,24,20,16,4,7,8,5,21,11],[10,18,14,22,6,2,15,3,24,19,11,12,16,20,23,4,8,7,5,21],[10,14,6,2,22,18,3,15,23,19,16,24,20,11,12,4,7,8,5,13],[16,10,3,22,6,18,2,23,19,24,12,20,14,4,7,8,15,13],[14,6,10,22,2,18,3,15,23,19,16,20,24,11,12,4,8,7,13],[14,2,18,6,22,10,15,3,23,20,11,12,16,24,4,7,8,19,13],[6,22,14,2,12,18,15,3,23,20,24,10,16,4,8,19,7,13],[14,10,18,6,22,2,15,4,23,19,12,24,20,16,3,7,8,5,21,11],[2,7,10,18,23,14,6,22,3,15,20,11,16,12,24,4,8,19,13],[18,6,22,14,10,2,15,24,3,12,20,23,16,4,7,8,19,13],[10,22,18,14,2,6,4,15,23,19,12,16,24,20,3,8,7,13],[2,22,18,14,10,6,15,3,23,19,11,16,12,24,20,4,8,7,5,21],[6,14,18,11,2,22,10,4,15,23,16,12,19,24,20,3,7,8,5,21],[6,2,10,14,22,18,16,4,23,20,11,12,3,24,19,8,15,7,13],[6,2,10,18,22,14,3,15,23,19,12,24,20,16,4,8,7,5,13],[14,2,18,10,22,6,4,15,23,20,11,12,16,24,3,7,8,19,13],[2,10,6,22,14,18,15,3,24,20,12,23,16,4,7,8,19,5,11,13],[3,22,14,7,18,10,6,23,16,2,20,11,24,12,4,8,19,15,13],[14,6,22,10,2,18,23,3,15,19,12,16,24,20,4,7,8,5,13],[22,6,18,2,14,10,15,4,23,19,11,12,20,16,24,3,8,7,5,21],[10,6,2,18,22,14,16,23,3,20,11,24,12,4,19,7,8,15,5,13],[14,10,22,2,6,18,15,3,24,19,12,20,23,16,4,7,8,5,13],[6,19,2,22,10,14,18,3,24,15,11,16,12,20,23,4,7,8,13],[10,18,22,6,14,2,3,23,15,19,11,12,24,16,20,4,7,8,5,21],[10,6,18,2,22,14,3,23,16,19,24,11,12,20,4,7,8,15,13],[6,10,18,14,2,23,22,3,15,24,19,11,12,16,20,4,7,8,5,13],[18,2,22,6,14,10,15,3,23,19,11,16,12,24,20,4,8,7,13],[14,10,6,2,18,22,3,23,16,19,24,11,20,12,4,7,8,15,13],[18,2,10,14,22,6,15,3,23,19,11,16,12,24,20,4,7,8,5,13],[10,6,14,18,22,2,15,4,24,19,11,12,16,20,23,3,8,7,13],[14,18,22,6,10,2,16,3,23,20,11,12,4,24,7,8,19,15,13],[22,10,6,18,14,2,23,3,15,20,11,16,12,24,4,8,19,7,5,21],[22,6,10,14,18,2,15,3,24,19,12,16,20,23,4,7,8,13],[6,10,14,18,2,22,15,4,23,19,11,16,12,24,20,3,7,8,5,13],[22,18,6,2,10,14,3,24,15,20,11,16,12,23,4,7,8,19,5,13],[2,20,6,10,22,14,3,23,15,18,12,24,16,4,7,8,19,13],[2,18,14,6,10,22,4,23,15,19,11,12,24,16,20,3,7,8,13],[20,22,14,10,2,6,15,3,23,19,18,11,12,24,16,4,8,7,13],[18,2,22,14,6,10,3,16,23,20,11,12,24,4,7,8,19,15,5,13],[6,10,22,18,2,14,15,3,23,20,11,16,12,24,4,7,8,19,13],[10,2,14,18,6,22,3,15,23,20,11,16,12,24,4,7,8,19,5,13],[2,14,18,10,22,6,15,4,23,11,16,12,24,19,20,3,7,8,5,21],[14,6,2,19,10,22,18,3,23,15,12,24,20,16,4,8,7,5,21,11],[2,22,14,18,10,6,3,23,16,20,11,12,24,4,19,7,8,15,13],[18,6,10,14,4,22,23,15,2,19,11,12,24,20,16,3,7,8,5,21],[22,6,14,2,10,18,3,23,15,19,12,20,24,16,4,7,8,5,21,9],[14,18,2,11,22,6,10,3,15,23,16,12,19,24,20,4,7,8,5,13],[18,7,14,2,22,10,6,3,24,15,20,12,23,16,4,8,19,5,21,11],[18,2,22,6,10,14,3,16,23,19,24,12,20,4,7,8,15,5,21,9],[10,2,18,22,14,6,16,4,23,19,20,11,12,3,24,8,15,7,5,21],[22,18,6,14,10,2,15,3,23,19,12,24,20,16,4,8,7,13],[10,14,22,2,18,6,15,3,24,19,12,16,20,23,4,7,8,13],[18,6,14,2,22,10,15,3,23,19,11,12,16,24,20,4,7,8,13],[14,2,22,6,18,10,3,24,15,19,12,20,23,16,4,8,7,5,21,11],[18,22,14,6,2,11,12,3,16,23,10,20,4,24,7,8,19,15,13],[18,2,22,10,6,14,3,15,23,19,9,16,24,20,11,12,4,7,8,13],[23,14,6,18,2,10,22,3,15,19,12,24,20,16,4,8,7,5,11,21],[14,6,24,2,10,18,22,3,15,19,12,20,23,16,4,7,8,13],[6,14,10,2,18,22,23,4,15,19,11,12,16,24,20,3,7,8,13],[2,22,14,10,18,6,15,3,23,19,24,11,16,12,20,4,7,8,13],[2,10,22,6,14,18,15,4,23,19,11,16,12,24,20,3,7,8,5,13],[10,23,6,14,18,2,22,3,15,19,11,12,24,20,16,4,7,8,5,13],[2,6,22,18,16,10,4,23,19,24,12,20,14,3,7,8,15,13],[22,10,6,18,2,14,4,15,24,19,12,16,20,23,3,8,7,5,11,13],[22,14,6,2,10,18,16,23,4,19,24,12,20,3,7,8,15,13],[2,18,6,22,14,10,3,15,23,20,11,16,12,24,4,7,8,19,5,13],[22,6,18,2,14,10,15,3,23,20,12,24,16,4,7,8,19,13],[22,14,6,10,18,3,15,23,2,20,12,24,16,4,8,19,7,13],[18,22,14,10,2,7,6,4,15,23,19,12,24,16,20,3,8,5,21,11],[14,2,18,10,22,6,16,23,3,19,20,11,24,12,4,8,15,7,5,13],[2,6,10,14,19,22,18,3,15,23,11,16,12,24,20,4,7,8,5,13],[6,18,22,10,2,14,23,4,15,20,12,16,24,3,8,19,7,5,11,21],[6,14,10,2,22,18,3,23,16,19,20,11,24,12,4,7,8,15,21,13],[7,14,10,18,2,22,6,15,4,23,19,24,11,16,12,20,3,8,5,21],[7,2,10,16,18,22,6,23,3,19,24,11,20,14,12,4,8,15,13],[6,19,22,10,2,14,18,3,24,15,11,12,16,20,23,4,7,8,13],[18,2,6,22,10,14,16,3,23,19,24,11,20,12,4,7,8,15,5,21],[6,14,22,2,18,10,15,3,23,19,11,12,16,24,20,4,7,8,5,21],[18,22,3,11,6,14,10,15,23,12,2,20,24,16,4,7,8,19,13],[11,14,19,10,18,22,7,2,6,3,15,23,16,12,24,20,4,8,5,13],[6,18,10,22,2,14,3,24,15,12,19,16,20,23,4,7,8,5,11,21],[22,18,10,6,2,14,4,23,15,19,11,16,12,24,20,3,8,7,5,21],[6,10,2,14,18,22,3,15,23,19,11,16,12,24,20,4,7,8,13],[6,10,22,18,14,2,23,4,15,19,11,16,12,24,20,3,8,7,5,21],[18,6,22,14,10,2,16,23,3,20,11,24,12,4,19,7,8,15,21,13],[10,2,22,6,14,18,3,23,15,19,11,16,12,24,20,4,7,8,13],[10,18,2,22,14,6,3,16,23,19,20,11,24,12,4,7,8,15,5,13],[18,22,14,6,10,2,15,4,23,20,11,12,24,16,3,7,8,19,13],[14,22,6,2,18,10,3,24,16,19,11,12,23,20,4,8,15,7,5,21],[6,18,22,10,14,3,15,23,2,19,24,11,12,20,16,4,7,8,5,13],[14,6,2,10,19,22,18,16,3,24,12,23,20,4,7,8,15,5,13],[6,2,18,22,14,10,3,15,23,20,11,16,12,24,4,7,8,19,13],[2,10,14,22,18,6,23,3,15,20,11,16,12,24,4,7,8,19,13],[11,2,14,6,18,22,10,4,15,23,12,20,24,16,3,8,19,7,5,21],[22,10,6,18,2,15,14,4,23,19,11,12,20,24,16,3,8,7,5,21],[18,10,14,2,22,6,15,4,23,19,12,16,24,20,3,7,8,5,11,21],[23,18,2,14,10,6,22,3,15,19,11,16,12,24,20,4,7,8,13],[6,10,18,2,22,14,3,15,23,19,24,11,12,16,20,4,8,7,5,13],[18,2,6,10,22,14,3,23,15,20,11,16,12,24,4,7,8,19,5,13],[22,14,18,3,6,10,23,15,4,20,24,11,12,16,2,7,8,19,13],[10,14,18,22,2,7,6,15,3,23,19,11,16,12,24,20,4,8,13],[22,10,2,18,14,6,4,15,23,20,11,12,16,24,3,19,8,7,5,13],[2,14,22,6,18,10,15,3,23,12,20,24,16,4,7,8,19,13],[3,14,6,22,10,18,16,2,23,19,24,11,12,20,4,8,15,7,21,13],[6,18,22,2,10,14,15,4,23,20,11,12,24,16,3,7,8,19,13],[23,6,2,10,18,14,22,3,15,20,11,12,24,16,4,8,19,7,13],[14,22,10,6,18,2,3,16,23,19,24,20,12,4,8,15,7,13],[22,18,2,6,10,15,14,4,23,11,12,20,16,24,3,7,8,19,13],[18,2,6,10,14,23,22,3,15,19,11,16,12,24,20,4,7,8,5,21],[6,10,18,22,2,14,15,3,23,17,12,24,16,4,20,8,7,5,19,11],[18,6,22,10,14,2,15,4,23,19,12,16,24,20,3,7,8,13],[24,16,6,10,18,2,22,4,19,11,12,23,20,14,3,7,8,15,5,21],[18,14,6,2,10,22,15,3,23,12,19,16,24,20,4,7,8,11,13],[6,2,10,18,22,14,15,4,23,20,11,12,24,16,3,7,8,19,5,21],[14,22,10,2,6,18,3,15,23,20,12,16,24,4,7,8,19,5,21,11],[2,14,7,22,18,10,6,16,23,3,19,24,11,12,20,4,8,15,5,13],[18,2,10,6,14,22,3,23,15,19,11,16,12,24,20,4,7,8,5,21],[6,22,14,10,2,18,3,15,23,19,12,20,16,24,4,7,8,5,13],[10,18,2,14,22,6,15,4,23,19,12,24,20,16,3,7,8,13],[14,6,10,2,22,18,15,3,23,20,11,12,16,24,4,7,8,19,13],[10,2,15,6,22,18,16,3,23,14,24,19,20,11,12,4,7,8,5,13],[2,22,14,6,10,18,23,3,15,20,12,24,16,4,8,19,7,5,11,13],[14,10,2,18,22,6,16,3,24,19,12,23,20,4,7,8,15,13],[14,6,18,10,2,22,15,4,23,19,16,24,20,12,3,7,8,13],[18,22,14,10,6,2,3,24,15,19,12,16,20,23,4,7,8,13],[22,6,14,18,2,10,15,4,23,19,11,12,24,16,20,3,8,7,5,21],[14,10,18,6,2,22,16,3,23,19,20,11,12,4,24,8,15,7,5,13],[24,18,11,7,6,2,14,10,4,22,15,16,12,20,23,3,8,19,13],[14,2,18,24,10,6,22,3,15,19,11,12,16,20,23,4,7,8,13],[22,18,14,6,2,10,3,15,23,19,12,16,24,20,4,7,8,13],[18,10,2,14,22,6,3,16,23,19,20,11,12,4,24,7,8,15,13],[6,2,18,14,22,10,3,15,24,19,11,12,20,23,16,4,8,7,13],[3,6,22,14,10,18,15,23,2,19,12,16,24,20,4,8,7,13],[18,10,6,2,14,22,15,3,23,20,12,24,16,4,7,8,19,5,13],[14,23,18,6,2,10,22,3,15,20,12,24,16,4,7,8,19,13],[14,6,2,19,23,10,22,18,3,15,11,12,16,24,20,4,8,7,5,21],[18,6,14,10,2,22,15,4,23,19,11,12,16,24,20,3,7,8,13],[2,14,10,22,6,18,15,4,23,19,12,16,24,20,3,7,8,5,13],[23,18,10,2,14,6,22,3,15,19,11,12,16,24,20,4,8,7,5,13],[22,14,10,3,18,6,15,23,2,19,11,12,16,24,20,4,7,8,5,21],[11,2,22,6,18,14,10,4,24,15,16,12,20,23,3,8,19,7,5,13],[10,14,22,6,3,18,23,16,2,19,20,12,24,4,8,15,7,21,5,11],[3,18,7,23,10,14,22,6,15,2,19,11,12,24,16,20,4,8,13],[23,10,14,2,18,6,22,3,16,19,20,11,12,4,24,7,8,15,13],[6,18,10,2,14,22,4,23,16,19,24,11,12,20,3,7,8,15,13],[14,10,6,18,22,2,15,3,24,19,12,16,20,23,4,8,7,5,11,13],[3,18,22,14,8,10,6,15,23,2,20,11,12,24,16,4,19,7,5,21],[10,2,19,24,14,6,18,22,3,15,11,12,16,20,23,4,8,7,5,21],[2,18,6,14,22,10,3,23,15,20,11,12,24,16,4,7,8,19,13],[18,2,14,22,6,10,16,3,23,19,20,11,24,12,4,8,15,5,7,21],[10,6,18,2,14,22,3,15,23,19,11,12,16,24,20,4,8,7,13],[2,18,10,14,6,23,22,3,15,19,11,12,16,24,20,4,8,7,5,21],[2,18,6,22,10,14,15,3,24,19,12,16,20,23,4,8,7,5,13],[18,22,6,2,14,10,3,23,15,20,11,16,12,24,4,8,19,7,5,13],[22,6,18,2,10,14,16,23,3,20,11,12,4,24,19,7,8,15,5,13],[14,2,6,10,22,18,3,15,23,12,19,16,24,20,4,7,8,5,21,11],[10,23,6,14,2,18,22,4,15,19,11,16,12,24,20,3,8,7,13],[6,10,18,2,14,22,3,15,23,12,20,16,24,4,7,8,19,5,11,21],[14,6,3,22,18,10,23,15,2,19,11,12,24,16,20,4,7,8,13],[6,2,22,14,18,10,15,1,23,19,11,16,12,24,20,4,7,8,3,13],[22,10,2,14,18,6,3,23,15,19,11,16,12,24,20,4,7,8,13],[2,10,22,6,18,14,15,3,23,19,11,16,12,24,20,4,7,8,13],[18,10,2,14,6,22,15,4,23,19,12,16,24,20,3,8,7,13],[18,2,10,6,22,14,15,3,24,20,12,4,23,16,8,19,7,5,21,11],[18,22,10,2,14,7,6,4,15,24,20,12,16,23,3,8,19,21,5,11],[18,14,6,11,2,24,10,23,3,15,12,22,19,20,16,4,8,7,5,13],[6,10,14,22,18,2,15,4,23,19,11,16,12,24,20,3,8,7,5,21],[14,6,2,18,22,10,15,3,24,20,11,12,23,16,4,7,8,19,5,13],[14,22,18,6,10,2,15,3,24,19,9,20,12,23,16,4,7,8,5,21],[6,23,2,18,10,14,22,3,15,19,11,12,16,24,20,4,8,7,5,21],[2,6,22,18,14,10,3,15,23,19,11,12,24,20,16,4,8,7,5,21],[4,14,10,6,22,18,15,23,2,19,11,12,24,20,16,3,8,7,13],[19,6,2,22,10,14,18,3,16,23,24,11,20,12,4,15,8,7,5,21],[6,18,2,10,22,14,15,3,23,20,12,24,16,4,7,8,19,13],[10,22,6,2,14,18,3,15,23,19,11,12,16,24,20,4,8,7,21,13],[6,2,10,18,22,14,4,15,24,20,11,16,12,23,3,7,8,19,5,21],[10,18,14,6,22,2,3,24,15,19,11,16,12,20,23,4,7,8,5,21],[2,18,14,6,10,22,4,23,15,19,12,16,24,20,3,7,8,5,13],[10,18,2,6,22,14,15,3,23,20,12,24,16,4,7,8,19,13],[18,2,14,6,10,22,3,15,23,11,12,19,24,16,20,4,7,8,21,13],[14,2,22,10,18,6,4,16,23,19,20,11,24,12,3,7,8,15,13],[18,14,10,8,2,22,6,15,3,23,19,9,20,24,11,16,12,4,7,5,21],[14,6,18,10,2,22,15,3,23,20,11,16,12,24,4,7,8,19,5,21],[7,14,2,18,22,11,6,10,3,15,23,12,19,16,24,20,8,4,5,13],[18,22,14,10,2,6,15,3,24,19,12,16,20,23,4,8,7,13],[14,18,11,6,22,2,10,3,15,23,12,20,24,16,4,7,8,19,21,13],[14,18,6,22,10,2,16,3,23,20,12,4,19,24,7,8,15,5,13],[14,10,18,6,22,2,15,4,23,19,11,16,12,24,20,3,7,8,5,13],[10,2,22,6,14,18,15,3,24,19,11,16,12,20,23,4,8,7,13],[2,6,22,14,18,10,16,24,3,19,11,20,23,12,4,7,8,15,5,13],[10,22,18,6,14,2,23,4,15,19,12,24,20,16,3,8,7,13],[6,16,2,18,22,10,23,4,19,20,11,12,14,3,24,8,15,7,5,21],[14,10,22,2,6,18,16,23,3,11,12,19,24,20,4,7,8,15,5,21],[18,2,22,6,14,10,3,16,24,19,11,20,23,12,4,7,8,15,5,21],[14,18,22,6,10,2,15,3,23,19,12,16,24,20,4,7,8,5,11,13],[14,22,10,3,6,18,24,2,15,20,12,4,16,23,8,19,7,5,13],[2,7,14,18,23,10,6,22,3,15,19,11,16,12,24,20,8,4,5,21],[10,18,22,7,2,14,6,15,3,23,11,16,12,24,19,20,4,8,5,13],[10,6,19,2,14,22,18,3,16,23,24,11,12,20,4,7,8,15,5,21],[6,18,14,22,3,10,15,23,4,19,11,16,12,24,20,2,7,8,5,13],[10,2,7,22,18,14,6,3,15,23,19,24,12,16,20,4,8,13],[22,14,11,18,2,6,10,3,15,24,12,19,20,23,16,4,8,7,13],[15,6,22,2,18,10,16,4,23,14,20,24,12,3,8,19,7,5,21,11],[18,2,22,10,14,6,3,15,23,20,12,24,16,4,7,8,19,5,11,13],[6,2,22,14,10,18,16,23,3,19,24,11,12,20,4,7,8,15,5,13],[6,23,14,18,2,10,22,3,16,19,20,11,12,24,4,7,8,15,5,13],[15,6,11,14,10,19,18,2,24,22,3,12,16,20,23,4,8,7,5,21],[18,22,6,2,14,11,10,3,16,23,24,19,20,12,4,8,15,7,13],[22,6,19,14,2,10,18,15,3,23,12,16,24,20,4,7,8,5,21,11],[19,22,14,6,2,10,18,3,15,24,11,12,16,20,23,4,7,8,5,21],[18,14,2,6,22,10,15,4,24,19,11,12,20,23,16,3,8,7,13],[2,22,14,18,12,6,3,24,15,19,11,10,20,16,23,4,7,8,13],[18,10,14,2,22,6,15,3,23,19,11,16,12,24,20,4,7,8,13],[22,14,6,18,2,10,3,15,23,20,9,16,24,11,12,4,7,8,19,13],[10,18,14,22,2,6,15,3,23,19,16,24,20,11,12,4,7,8,13],[18,2,10,6,22,14,4,15,24,19,12,16,20,23,3,8,7,5,13],[14,2,10,22,18,6,4,15,23,20,11,16,12,24,3,8,19,7,13],[18,22,14,2,6,10,4,15,23,19,11,16,12,24,20,3,7,8,5,21],[18,22,10,2,6,14,3,23,16,19,24,11,12,20,4,7,8,15,5,21],[10,22,14,6,18,2,15,3,23,19,11,12,16,24,20,4,7,8,5,21],[6,2,10,14,22,18,15,3,23,19,11,16,12,24,20,4,7,8,13],[24,10,6,2,1