{"problem_id":"Jl5jVWxpgrk1Vc5","sigma":150,"alpha":3.162,"cost":1,"probabilities":"[0.2, 0.27, 0.34, 0.19]","payoff_matrix":"[[93, 96, -103, -287, -115, -112], [-22, -469, 47, 130, -2, 31], [296, -154, -62, 114, -35, 37], [190, 137, 31, 106, -31, 48]]","uncovered":[[3,15,2,14,1,13,7,19,23,11],[3,11,15,2,14,1,13,23,7,19],[3,23,19,7,11,15,14,2,1,13],[3,11,23,15,14,2,1,13,19,7],[19,11,15,7,23,3,2,14,13,22,1],[15,19,3,14,2,13,7,23,11,22,4],[15,3,2,14,13,11,19,7,23,22,24,1],[3,7,19,11,15,14,2,1,13,23],[11,15,19,7,23,3,14,2,13,22,24,1],[15,23,7,19,3,14,2,13,11,22,1],[3,15,14,2,13,19,23,7,11,22,21],[15,7,19,11,23,3,14,2,1,13],[15,11,23,19,7,3,2,14,13,22,1],[11,15,7,19,23,3,14,2,13,22,24,1],[15,11,23,7,19,3,2,14,13,22,21],[11,19,15,7,23,3,2,14,13,22,21],[3,23,15,2,14,13,11,19,7,22,18,21],[3,15,2,14,13,11,19,23,7,22,1],[7,15,11,3,14,2,1,13,19],[23,15,3,2,14,1,13,7,11,19],[3,15,14,2,13,23,11,19,7,22,1],[11,3,23,15,2,14,13,7,19,22,21],[11,19,23,3,15,2,14,1,13,7],[11,15,7,3,14,2,1,13,23,19],[23,7,3,15,14,2,1,13,11,19],[11,15,7,19,23,3,2,14,1,13],[3,7,19,11,15,2,14,1,13,23],[3,15,2,14,13,19,11,7,23,22,1],[19,7,11,23,15,3,2,14,1,13],[19,7,15,11,3,14,2,1,13,23],[11,19,23,15,7,3,2,14,1,13],[23,15,19,11,3,14,2,1,13,7],[23,19,15,11,3,14,2,13,7,22,1],[15,23,3,14,2,13,7,19,11,22,21],[11,19,7,15,23,3,2,14,1,13],[23,7,11,3,15,14,2,1,13,19],[11,3,19,15,14,2,13,23,7,22,21],[11,15,19,23,7,3,2,14,13,22,1],[3,15,2,14,13,11,23,19,7,22,1],[3,15,2,14,1,13,11,19,23,7],[11,7,3,19,23,15,14,2,13,22,18,21],[23,3,11,15,14,2,1,13,19,7],[3,11,7,15,2,14,1,13,23,19],[23,7,15,3,14,2,1,13,11,19],[3,19,15,2,14,13,7,23,11,22,18,1],[23,11,15,3,14,2,1,13,7,19],[15,7,23,3,14,2,1,13,11,19],[19,7,15,11,23,3,2,14,13,22,18,1],[3,23,15,14,2,13,19,7,11,22,21],[23,19,7,3,11,15,14,2,1,13],[11,7,3,15,14,2,13,19,23,22,24,1],[3,19,7,11,15,2,14,13,23,22,1],[7,15,11,23,3,2,14,1,13,19],[3,15,14,2,13,23,11,7,19,22,21],[7,3,11,19,23,15,2,14,13,22,21],[23,3,15,2,14,13,19,7,11,22,1],[7,11,19,23,3,15,14,2,1,13],[23,11,19,15,3,2,14,13,7,22,24,1],[15,19,11,23,7,3,14,2,13,22,21],[15,7,23,3,2,14,13,11,19,22,18,1],[15,3,2,14,1,13,23,11,19,7],[3,19,11,7,15,2,14,13,23,22,24,1],[15,23,3,14,2,13,19,11,7,22,21],[19,11,15,7,3,2,14,1,13,23],[3,15,2,14,1,13,7,11,19,23],[7,3,23,19,15,2,14,1,13,11],[15,7,11,23,3,2,14,1,13,19],[7,15,23,3,14,2,13,11,19,22,21],[15,19,23,3,14,2,13,7,11,22,18,1],[7,23,3,11,15,14,2,1,13,19],[3,23,19,11,7,15,2,14,13,22,1],[15,7,3,14,2,13,23,19,11,22,21],[23,3,7,15,2,14,1,13,19,11],[23,15,7,3,2,14,13,11,19,22,18,21],[3,15,2,14,13,7,23,19,11,22,18,1],[15,23,19,3,14,2,1,13,7,11],[23,11,7,15,3,14,2,1,13,19],[19,11,7,15,3,14,2,1,13,23],[7,11,15,3,14,2,13,23,19,22,18,21],[19,7,11,3,23,15,14,2,13,22,21],[11,15,3,14,2,1,13,23,19,7],[23,3,7,11,19,15,14,2,13,22,1],[19,11,7,3,15,2,14,1,13,23],[15,11,23,7,19,3,2,14,13,22,21],[19,11,3,23,7,15,2,14,13,22,1],[23,11,3,7,19,15,14,2,1,13],[15,11,3,14,2,1,13,7,19,23],[19,7,11,3,23,15,14,2,1,13],[3,23,15,2,14,13,19,11,7,22,21],[15,7,11,23,3,2,14,1,13,19],[7,23,3,11,15,2,14,13,19,22,1],[23,15,11,19,7,3,2,14,1,13],[7,3,19,23,11,15,14,2,13,22,21],[19,11,15,3,2,14,1,13,7,23],[11,3,23,7,15,14,2,1,13,19],[19,7,11,23,3,15,14,2,1,13],[7,19,11,15,23,3,14,2,1,13],[7,15,3,14,2,1,13,11,23,19],[3,7,11,23,19,15,2,14,13,22,21],[15,19,7,23,3,14,2,1,13,11],[15,11,19,23,3,2,14,1,13,7],[23,7,3,11,19,15,14,2,13,22,18,21],[19,11,7,15,23,3,14,2,1,13],[23,11,19,15,3,2,14,1,13,7],[7,11,23,19,15,3,2,14,1,13],[3,19,23,7,11,15,14,2,1,13],[7,3,15,14,2,1,13,19,11,23],[15,3,14,2,13,23,19,7,11,22,10,1],[15,23,3,2,14,13,11,7,19,22,1],[11,3,19,15,2,14,1,13,23,7],[11,15,3,2,14,1,13,19,7,23],[3,23,19,11,7,15,2,14,13,22,1],[3,23,11,7,19,15,14,2,1,13],[11,15,19,7,3,2,14,13,23,22,24,1],[3,23,7,11,19,15,14,2,1,13],[15,23,11,3,14,2,1,13,19,7],[7,3,19,15,2,14,1,13,23,11],[11,7,3,19,15,2,14,13,23,22,21],[19,23,3,7,11,15,2,14,1,13],[3,7,23,19,11,15,14,2,1,13],[11,3,7,15,14,2,13,23,19,22,18,1],[11,3,19,7,15,2,14,13,23,22,21],[23,11,7,15,3,14,2,13,19,22,18,1],[19,3,23,15,2,14,13,7,11,22,1],[15,11,19,7,23,3,2,14,13,22,18,21],[23,19,15,7,3,2,14,1,13,11],[11,19,3,7,15,14,2,1,13,23],[3,7,11,23,15,14,2,13,19,22,4],[7,11,3,23,19,15,14,2,1,13],[15,7,19,23,3,14,2,13,11,22,1],[23,3,7,19,11,15,2,14,13,22,1],[23,19,7,3,15,2,14,13,11,22,1],[7,23,15,11,3,14,2,1,13,19],[3,11,15,2,14,13,19,7,23,22,21],[15,23,11,3,2,14,1,13,19,7],[3,7,11,19,23,15,14,2,13,22,21],[11,3,23,7,19,15,2,14,1,13],[7,19,11,23,3,15,14,2,13,22,1],[15,3,2,14,1,13,23,7,11,19],[15,3,14,2,13,7,23,19,11,22,1],[15,7,11,3,2,14,13,19,23,22,21],[7,15,19,11,3,2,14,13,23,22,21],[3,23,15,14,2,13,11,19,7,22,21],[3,23,15,14,2,13,7,19,11,22,21],[23,11,15,7,3,2,14,1,13,19],[23,11,7,15,3,2,14,13,19,22,21],[7,3,19,15,14,2,1,13,11],[19,11,15,23,7,3,2,14,13,22,1],[3,7,11,19,23,15,14,2,1,13],[3,7,15,2,14,1,13,23,19,11],[23,15,19,7,3,2,14,13,11,22,21],[23,7,11,15,3,2,14,13,19,22,1],[11,3,15,14,2,13,23,7,19,22,18,1],[7,23,3,15,2,14,1,13,11,19],[7,23,19,3,15,2,14,13,11,22,6,18],[15,19,3,2,14,13,23,7,11,22,1],[7,15,19,3,14,2,13,11,23,22,18,1],[11,7,23,3,19,15,14,2,13,22,21],[3,15,2,14,1,13,19,7,11,23],[11,7,23,19,15,3,2,14,13,22,1],[15,3,14,2,1,13,19,11,7],[15,23,19,7,3,14,2,1,13,11],[7,15,23,19,11,3,14,2,1,13],[15,3,14,2,1,13,23,11,7,19],[15,23,11,7,3,14,2,13,19,22,1],[3,7,23,15,14,2,1,13,19,11],[11,3,7,23,15,14,2,1,13,19],[19,15,3,14,2,1,13,11,23,7],[19,7,23,11,3,15,2,14,1,13],[19,3,15,2,14,13,11,7,23,22,18,21],[15,11,19,7,23,3,2,14,1,13],[11,7,15,3,14,2,13,23,19,22,21],[23,7,15,11,19,3,14,2,1,13],[23,3,19,11,15,14,2,13,7,22,21],[3,11,7,23,19,15,14,2,13,22,1],[7,11,3,23,15,2,14,1,13,19],[23,15,7,3,2,14,1,13,11,19],[3,23,7,11,15,14,2,1,13,19],[3,15,2,14,13,19,7,23,11,22,21],[3,15,2,14,1,13,11,19,23,7],[11,15,19,23,3,2,14,1,13,7],[15,3,14,2,13,23,19,7,11,22,21],[23,15,7,3,14,2,1,13,19,11],[19,11,23,7,15,3,14,2,1,13],[23,11,19,3,7,15,14,2,1,13],[3,15,2,14,1,13,11,7,19,23],[19,11,7,15,23,3,2,14,13,22,18,1],[23,19,3,15,14,2,1,13,7,11],[7,19,11,23,3,15,2,14,13,22,1],[19,3,23,15,14,2,1,13,7,11],[15,3,2,14,13,7,19,23,11,22,18,1],[11,19,23,3,15,2,14,13,7,22,21],[15,3,14,2,13,7,11,19,23,22,18,4],[19,7,15,23,11,3,2,14,1,13],[23,3,19,15,2,14,13,7,11,22,1],[11,7,23,19,15,3,14,2,1,13],[15,19,11,7,23,3,14,2,1,13],[19,7,23,15,3,14,2,1,13,11],[3,19,23,11,15,2,14,13,7,22,21],[11,15,19,3,14,2,1,13,23,7],[15,3,2,14,1,13,19,11,7,23],[23,7,3,11,15,2,14,13,19,22,1],[7,19,3,23,11,15,2,14,13,22,1],[3,19,11,15,14,2,1,13,23,7],[23,19,11,7,3,15,14,2,13,22,18,21],[15,19,23,3,2,14,13,7,11,22,20,21],[3,23,11,15,2,14,1,13,19,7],[11,23,19,7,15,3,14,2,1,13],[11,19,23,3,7,15,14,2,13,22,21],[7,3,15,2,14,1,13,11,23,19],[7,19,11,3,15,14,2,1,13,23],[7,23,11,3,15,14,2,13,19,22,1],[23,3,7,15,14,2,13,19,11,22,21],[19,15,7,11,3,14,2,13,23,22,24,1],[15,11,3,2,14,13,7,23,19,22,21],[15,7,23,19,3,2,14,1,13,11],[11,19,7,15,23,3,2,14,13,22,1],[23,7,11,15,19,3,14,2,13,22,21],[19,23,11,3,15,2,14,13,7,22,24,1],[23,19,11,15,7,3,14,2,1,13],[11,3,7,19,15,2,14,1,13,23],[23,7,15,11,19,3,2,14,13,22,21],[7,19,11,3,23,15,2,14,13,22,1],[7,19,23,11,3,15,14,2,1,13],[19,3,11,23,7,15,2,14,13,22,24,1],[7,11,3,19,15,2,14,13,23,22,21],[15,19,7,3,14,2,13,23,11,22,21],[19,11,23,15,7,3,14,2,1,13],[7,3,11,23,15,2,14,1,13,19],[7,11,19,15,3,2,14,1,13,23],[7,11,23,15,3,2,14,1,13,19],[7,19,23,15,11,3,14,2,1,13],[11,19,15,7,23,3,14,2,13,22,17,1],[19,23,15,3,14,2,13,7,11,22,24,1],[19,23,11,7,3,15,2,14,13,22,1],[11,23,19,7,15,3,2,14,1,13],[3,19,11,15,2,14,13,23,7,22,21],[3,19,23,7,11,15,14,2,13,22,18,1],[15,7,23,3,2,14,13,11,19,22,18,1],[23,11,7,15,19,3,2,14,13,22,21],[3,19,15,2,14,13,7,23,11,22,1],[3,23,19,11,7,15,14,2,13,22,1],[19,7,23,11,15,3,2,14,1,13],[3,11,19,15,14,2,13,7,23,22,1],[23,19,3,7,11,15,14,2,13,22,1],[11,7,23,3,19,15,2,14,13,22,1],[3,15,14,2,1,13,23,7,11,19],[3,19,23,7,15,2,14,1,13,11],[11,7,19,15,23,3,14,2,13,22,1],[11,15,3,2,14,13,23,19,7,22,1],[19,15,11,23,3,2,14,13,7,22,21],[7,3,15,2,14,13,23,11,19,22,21],[7,19,3,15,2,14,13,23,11,22,24,1],[15,3,2,14,13,11,19,7,23,22,4],[23,19,11,7,3,15,14,2,1,13],[15,19,3,2,14,13,23,11,7,22,18,4],[11,15,19,23,3,2,14,13,7,22,21],[19,23,15,3,14,2,13,7,11,22,1],[15,3,14,2,13,19,11,23,7,22,21],[3,7,15,2,14,1,13,19,11,23],[3,15,14,2,1,13,11,23,7,19],[15,3,14,2,1,13,7,23,11,19],[3,23,7,11,19,15,14,2,13,22,1],[19,11,7,3,15,2,14,13,23,22,1],[7,11,19,3,15,2,14,1,13,23],[7,3,23,19,15,14,2,13,11,22,21],[19,11,3,15,2,14,1,13,7,23],[15,23,7,11,19,3,14,2,13,22,1],[3,7,11,23,15,2,14,13,19,22,18,21],[19,3,23,7,15,14,2,1,13,11],[15,7,19,23,3,2,14,13,11,22,1],[7,19,23,11,15,3,2,14,1,13],[3,23,7,11,15,2,14,13,19,22,1],[7,23,11,15,19,3,2,14,1,13],[11,7,23,19,3,15,2,14,13,22,21],[3,11,23,7,15,2,14,1,13,19],[15,23,3,2,14,13,11,7,19,22,1],[7,3,11,19,23,15,2,14,13,22,18,24,1],[19,11,15,3,14,2,1,13,23,7],[15,11,19,7,3,14,2,13,23,22,1],[3,15,14,2,13,19,7,23,11,22,1],[23,19,15,11,7,3,2,14,1,13],[7,23,15,3,14,2,13,11,19,22,21],[3,19,7,23,11,15,14,2,13,22,1],[7,19,15,3,2,14,1,13,11,23],[19,15,23,3,2,14,13,7,11,22,21],[11,7,3,19,15,2,14,1,13,23],[19,23,7,11,3,15,2,14,13,22,16,1],[7,23,3,11,19,15,2,14,13,22,18,1],[15,3,14,2,13,19,23,11,7,22,18,4],[15,19,11,23,7,3,2,14,1,13],[19,23,7,3,11,15,2,14,13,22,18,24,1],[3,7,23,11,15,2,14,13,19,22,1],[7,19,23,15,3,2,14,13,11,22,21],[15,23,11,3,14,2,1,13,7,19],[19,11,3,15,2,14,13,7,23,22,21],[15,11,23,3,14,2,13,7,19,22,24,21],[23,19,15,7,11,3,14,2,1,13],[19,7,3,23,11,15,14,2,1,13],[7,19,11,23,15,3,14,2,1,13],[19,23,3,7,15,2,14,13,11,22,1],[3,7,19,15,14,2,13,23,11,22,18,21],[19,15,23,3,2,14,13,7,11,22,21],[15,11,19,3,14,2,13,7,23,22,1],[11,23,19,15,3,2,14,13,7,22,1],[11,19,15,7,3,14,2,13,23,22,4],[19,15,3,14,2,13,7,11,23,22,1],[11,15,7,3,2,14,1,13,19,23],[23,15,19,3,2,14,13,7,11,22,1],[7,19,11,23,15,3,2,14,1,13],[3,7,11,23,19,15,14,2,1,13],[3,19,15,14,2,13,23,11,7,22,21],[3,19,15,2,14,13,23,11,7,22,1],[7,15,23,11,19,3,2,14,1,13],[19,7,15,23,11,3,2,14,13,22,21],[15,19,11,3,2,14,13,23,7,22,21],[23,15,19,11,3,14,2,13,7,22,1],[7,11,23,15,3,14,2,13,19,22,1],[11,19,15,7,3,2,14,13,23,22,18,21],[3,11,7,19,15,2,14,13,23,22,1],[7,3,11,19,15,2,14,1,13,23],[11,15,7,23,19,3,2,14,13,22,1],[7,3,15,2,14,1,13,19,23,11],[7,15,3,2,14,1,13,19,11,23],[15,7,11,23,3,14,2,13,19,22,21],[19,7,23,11,3,15,14,2,1,13],[3,23,19,7,11,15,14,2,13,22,1],[19,15,11,3,14,2,1,13,7,23],[19,23,15,7,11,3,2,14,1,13],[3,23,11,7,19,15,14,2,13,22,21],[23,15,19,3,2,14,13,11,7,22,18,21],[15,19,11,7,23,3,14,2,13,22,21],[3,19,23,11,7,15,2,14,13,22,1],[3,11,15,14,2,1,13,23,19,7],[7,23,19,11,3,15,14,2,13,22,18,1],[11,23,15,3,14,2,1,13,19,7],[11,23,3,15,14,2,1,13,7,19],[7,15,3,14,2,13,11,23,19,22,21],[15,11,7,3,2,14,1,13,19,23],[11,19,23,3,15,14,2,13,7,22,1],[23,7,3,15,2,14,13,11,19,22,21],[19,11,7,23,15,3,14,2,13,22,21],[15,3,14,2,13,7,23,19,11,22,1],[19,23,7,15,3,2,14,1,13,11],[7,19,11,15,23,3,2,14,1,13],[11,23,19,15,7,3,2,14,1,13],[15,7,23,11,19,3,2,14,1,13],[23,11,7,3,15,2,14,1,13,19],[3,15,14,2,13,7,19,11,23,22,1],[11,19,23,7,15,3,2,14,1,13],[7,23,15,3,14,2,1,13,11,19],[3,7,11,23,19,15,14,2,1,13],[7,15,23,11,19,3,14,2,13,22,21],[11,23,15,3,2,14,13,7,19,22,4],[23,11,15,19,3,14,2,1,13,7],[23,19,11,3,15,2,14,1,13,7],[3,7,19,11,23,15,14,2,13,22,4],[19,15,7,11,3,14,2,13,23,22,4],[7,11,3,23,15,2,14,1,13,19],[15,3,2,14,13,19,23,7,11,22,1],[11,19,7,3,23,15,14,2,1,13],[11,7,19,3,23,15,14,2,1,13],[19,11,3,23,7,15,14,2,13,22,21],[3,7,19,15,14,2,1,13,11,23],[19,23,3,7,11,15,2,14,1,13],[23,11,7,3,15,14,2,1,13,19],[15,7,23,3,2,14,13,11,19,22,18,21],[15,19,7,23,3,14,2,13,11,22,21],[3,23,7,11,15,14,2,13,19,22,21],[11,3,23,15,14,2,1,13,7,19],[3,23,19,15,2,14,1,13,11,7],[23,3,11,7,19,15,2,14,1,13],[3,7,23,19,15,2,14,13,11,22,21],[23,3,7,15,2,14,1,13,19,11],[23,15,7,3,2,14,1,13,19,11],[11,7,15,23,19,3,14,2,13,22,21],[15,3,2,14,1,13,7,19,11,23],[7,11,15,23,19,3,14,2,1,13],[23,15,19,11,3,2,14,13,7,22,21],[7,19,15,23,3,2,14,13,11,22,1],[19,3,15,14,2,13,23,11,7,22,1],[19,7,15,11,3,14,2,1,13,23],[23,3,19,7,15,14,2,13,11,22,21],[19,15,11,23,3,2,14,1,13,7],[15,7,23,3,14,2,13,11,19,22,21],[19,23,11,3,15,2,14,1,13,7],[11,19,7,15,3,14,2,13,23,22,4],[23,3,19,15,14,2,1,13,11,7],[15,23,11,7,3,14,2,1,13,19],[19,3,11,23,15,14,2,1,13,7],[7,23,19,15,3,2,14,13,11,22,18,1],[15,3,14,2,13,11,7,19,23,22,18,1],[7,23,3,19,15,14,2,13,11,22,21],[19,15,7,23,3,14,2,1,13,11],[15,3,14,2,1,13,19,23,7,11],[19,23,15,11,7,3,2,14,13,22,1],[23,7,15,11,3,2,14,13,19,22,24,1],[11,7,23,19,3,15,14,2,13,22,1],[19,15,3,14,2,1,13,11,23,7],[15,7,23,3,2,14,1,13,11,19],[11,23,3,15,2,14,1,13,19,7],[11,15,7,23,3,14,2,1,13,19],[11,7,3,15,2,14,13,19,23,22,4],[11,3,19,23,7,15,2,14,1,13],[7,3,19,15,2,14,13,23,11,22,1],[3,11,7,15,2,14,1,13,23,19],[23,15,19,11,3,14,2,13,7,22,21],[7,11,3,19,15,2,14,13,23,22,10,4],[15,7,11,19,3,14,2,13,23,22,1],[19,3,23,7,11,15,2,14,1,13],[23,7,3,11,15,14,2,1,13,19],[23,7,11,15,3,2,14,1,13,19],[7,23,11,3,19,15,14,2,1,13],[19,15,7,3,14,2,13,11,23,22,21],[3,19,11,15,2,14,1,13,23,7],[15,3,14,2,1,13,19,23,7,11],[23,15,3,14,2,1,13,19,11,7],[23,15,11,7,19,3,14,2,13,22,21],[11,3,7,19,15,2,14,13,23,22,21],[15,3,2,14,1,13,23,7,19,11],[23,7,3,19,11,15,2,14,1,13],[15,11,23,7,19,3,14,2,13,22,21],[15,19,3,14,2,13,23,11,7,22,4],[19,3,11,15,14,2,1,13,23,7],[7,23,15,3,14,2,13,11,19,22,21],[23,19,7,3,11,15,2,14,13,22,1],[19,23,11,3,7,15,14,2,13,22,1],[7,19,15,3,2,14,1,13,11,23],[15,3,14,2,1,13,23,19,7,11],[11,7,19,3,23,15,14,2,13,22,18,24,1],[15,3,14,2,1,13,19,11,23,7],[23,15,3,14,2,1,13,7,19,11],[19,23,15,11,7,3,2,14,1,13],[3,15,2,14,1,13,11,19,7,23],[15,23,7,3,2,14,13,11,19,22,1],[19,7,23,15,11,3,2,14,1,13],[7,23,11,15,19,3,2,14,13,22,18,21],[23,3,19,11,7,15,14,2,13,22,21],[11,3,19,7,15,2,14,13,23,22,18,24,1],[7,19,3,11,15,2,14,13,23,22,4],[15,7,19,23,11,3,14,2,1,13],[11,19,7,15,23,3,2,14,13,22,18,21],[3,23,7,11,15,2,14,13,19,22,10,1],[7,15,23,11,3,14,2,1,13,19],[3,15,2,14,1,13,11,19,23,7],[23,15,11,19,3,14,2,1,13,7],[11,19,3,7,15,2,14,13,23,22,24,21],[15,7,11,23,3,14,2,13,19,22,1],[15,19,23,11,7,3,14,2,13,22,21],[7,15,19,11,3,2,14,1,13,23],[3,23,11,15,2,14,13,19,7,22,21],[15,11,3,2,14,13,7,23,19,22,1],[19,3,11,15,2,14,1,13,23,7],[3,23,15,14,2,13,11,19,7,22,21],[11,15,7,19,23,3,14,2,1,13],[11,23,7,3,19,15,14,2,1,13],[11,3,23,15,2,14,1,13,7,19],[7,19,15,11,3,14,2,1,13,23],[23,3,7,11,19,15,14,2,13,22,21],[11,3,7,19,23,15,2,14,13,22,1],[15,3,14,2,13,19,7,23,11,22,21],[19,23,15,7,11,3,2,14,1,13],[3,11,15,2,14,13,19,7,23,22,4],[7,3,23,19,11,15,2,14,13,22,21],[7,15,11,3,14,2,13,23,19,22,1],[7,3,19,15,2,14,13,11,23,22,21],[3,15,14,2,13,7,11,19,23,22,1],[23,11,7,3,19,15,2,14,1,13],[15,3,14,2,1,13,23,7,11,19],[7,19,11,3,23,15,14,2,13,22,1],[19,11,15,7,3,14,2,1,13,23],[7,19,11,3,23,15,14,2,13,22,18,1],[15,19,3,14,2,13,23,11,7,22,1],[11,15,19,3,14,2,1,13,7,23],[3,23,15,14,2,1,13,7,19,11],[15,11,7,3,2,14,1,13,19,23],[3,11,19,7,23,15,14,2,1,13],[7,19,15,23,11,3,2,14,13,22,18,21],[19,7,11,23,3,15,14,2,13,22,1],[7,23,3,11,15,2,14,13,19,22,21],[11,15,19,7,3,2,14,1,13,23],[11,15,19,3,2,14,1,13,23,7],[7,3,11,15,14,2,13,19,23,22,21],[11,15,23,3,14,2,1,13,19,7],[3,11,7,15,2,14,1,13,23,19],[11,7,15,19,3,2,14,1,13,23],[7,19,23,15,3,14,2,1,13,11],[19,3,7,11,23,15,14,2,1,13],[15,19,3,14,2,1,13,11,23,7],[15,7,3,14,2,13,19,23,11,22,24,1],[3,11,7,23,19,15,2,14,1,13],[11,23,7,15,19,3,14,2,13,22,21],[15,23,11,3,14,2,13,7,19,22,21],[19,11,3,15,2,14,13,7,23,22,18,1],[3,7,19,23,15,14,2,13,11,22,21],[7,15,19,11,3,2,14,13,23,22,10,18],[19,23,3,7,11,15,14,2,13,22,21],[15,7,23,19,11,3,14,2,1,13],[11,15,23,3,2,14,13,7,19,22,21],[23,15,11,7,19,3,14,2,13,22,1],[23,11,3,7,19,15,14,2,13,22,21],[19,23,3,11,15,14,2,13,7,22,4],[11,3,7,23,15,2,14,1,13,19],[3,11,15,14,2,13,7,23,19,22,21],[11,3,23,7,19,15,14,2,1,13],[3,19,7,15,14,2,13,23,11,22,1],[11,23,3,19,15,14,2,1,13,7],[7,11,15,23,19,3,14,2,13,22,18,1],[15,7,19,23,11,3,2,14,1,13],[19,7,3,23,15,14,2,1,13,11],[11,15,3,14,2,1,13,23,19,7],[23,3,15,14,2,13,19,7,11,22,1],[11,23,3,19,15,14,2,13,7,22,1],[7,11,19,3,15,2,14,1,13,23],[11,23,19,3,7,15,2,14,13,22,1],[7,19,15,3,2,14,1,13,23,11],[3,11,19,7,23,15,2,14,1,13],[23,11,3,15,2,14,1,13,7,19],[19,3,23,11,7,15,14,2,13,22,21],[3,19,23,15,2,14,1,13,7,11],[19,23,3,11,15,14,2,13,7,22,1],[7,23,15,11,19,3,14,2,1,13],[15,19,11,3,14,2,13,7,23,22,21],[23,3,15,14,2,1,13,11,19,7],[7,19,3,23,15,2,14,1,13,11],[7,15,3,2,14,13,23,19,11,22,21],[15,11,3,14,2,1,13,7,23,19],[19,23,3,15,2,14,1,13,7,11],[7,11,19,23,3,15,14,2,13,22,21],[23,19,11,15,7,3,2,14,1,13],[19,7,3,11,15,14,2,13,23,22,1],[3,23,19,7,11,15,2,14,13,22,21],[19,23,3,11,7,15,14,2,1,13],[23,7,19,11,15,3,2,14,1,13],[11,15,3,2,14,1,13,19,7,23],[15,7,19,3,14,2,13,23,11,22,18,21],[3,23,15,14,2,13,11,7,19,22,21],[7,15,11,3,14,2,13,19,23,22,1],[15,23,7,19,11,3,2,14,1,13],[3,15,2,14,1,13,23,19,11,7],[3,7,19,23,11,15,14,2,1,13],[15,7,3,14,2,13,19,23,11,22,21],[15,19,3,14,2,13,7,11,23,22,21],[15,11,19,23,3,2,14,13,7,22,1],[23,7,19,15,11,3,2,14,1,13],[3,7,23,15,14,2,13,19,11,22,18,1],[19,23,15,7,11,3,2,14,13,22,1],[7,23,3,15,14,2,1,13,11,19],[23,15,19,3,2,14,1,13,7,11],[19,3,11,15,2,14,1,13,23,7],[3,19,7,23,11,15,14,2,13,22,21],[3,15,2,14,1,13,23,11,19,7],[3,7,19,11,23,15,14,2,13,22,1],[23,7,19,11,3,15,2,14,13,22,18,21],[19,23,3,11,15,2,14,13,7,22,18,1],[11,23,3,15,2,14,1,13,7,19],[19,7,11,3,23,15,14,2,13,22,1],[11,19,7,23,15,3,14,2,1,13],[11,3,15,2,14,1,13,23,19,7],[23,11,15,7,19,3,2,14,1,13],[19,7,11,23,3,15,14,2,1,13],[19,11,15,7,23,3,2,14,1,13],[19,11,3,23,15,2,14,1,13,7],[15,23,19,7,3,14,2,1,13,11],[19,11,15,23,3,2,14,13,7,22,21],[19,15,3,14,2,1,13,7,23,11],[11,15,7,23,19,3,14,2,1,13],[3,15,2,14,1,13,19,7,11,23],[23,7,19,11,15,3,14,2,1,13],[7,11,15,3,2,14,1,13,23,19],[7,19,15,23,3,2,14,1,13,11],[3,7,19,15,2,14,13,23,11,22,21],[3,15,14,2,13,19,23,11,7,22,1],[7,11,3,19,15,14,2,1,13,23],[11,15,19,3,2,14,1,13,23,7],[7,15,19,11,23,3,2,14,13,22,1],[19,15,7,23,11,3,2,14,13,22,18,24,1],[7,23,11,19,3,15,14,2,1,13],[19,7,23,15,3,2,14,13,11,22,1],[11,19,7,3,23,15,2,14,13,22,21],[11,19,15,7,23,3,2,14,1,13],[3,11,7,15,14,2,1,13,23,19],[3,23,11,7,15,2,14,1,13,19],[19,7,3,15,2,14,13,23,11,22,21],[19,23,3,15,14,2,1,13,7,11],[11,3,19,15,14,2,1,13,23,7],[23,7,15,3,14,2,13,19,11,22,21],[15,19,7,23,11,3,2,14,1,13],[19,11,3,23,15,2,14,1,13,7],[7,3,15,14,2,1,13,23,11,19],[19,7,15,23,3,14,2,13,11,22,21],[15,7,23,19,3,14,2,13,11,22,1],[7,23,11,19,3,15,2,14,13,22,21],[15,3,14,2,13,23,11,19,7,22,1],[3,15,2,14,1,13,11,23,7,19],[15,3,2,14,1,13,23,7,19,11],[7,3,11,15,2,14,13,19,23,22,21],[15,19,23,11,7,3,14,2,13,22,21],[23,19,11,15,3,14,2,1,13,7],[15,23,7,11,19,3,14,2,13,22,1],[11,15,23,3,2,14,13,19,7,22,21],[23,7,11,3,19,15,14,2,1,13],[7,3,23,11,15,14,2,1,13,19],[11,7,23,19,15,3,14,2,1,13],[15,3,2,14,1,13,11,23,19,7],[15,19,23,3,14,2,1,13,11,7],[3,19,15,14,2,13,11,23,7,22,1],[7,19,11,23,3,15,14,2,13,22,1],[23,7,15,11,19,3,2,14,13,22,1],[3,23,19,11,7,15,14,2,1,13],[23,15,11,3,2,14,13,7,19,22,4],[19,23,7,3,11,15,2,14,13,22,21],[7,11,19,3,15,2,14,1,13,23],[11,7,15,19,3,2,14,1,13,23],[3,19,11,23,15,14,2,1,13,7],[15,23,19,3,2,14,13,11,7,22,21],[19,7,11,23,3,15,14,2,13,22,1],[7,11,19,3,23,15,2,14,13,22,18,21],[19,3,7,11,23,15,2,14,1,13],[3,23,15,2,14,1,13,19,7,11],[11,3,15,2,14,1,13,23,19,7],[19,23,11,15,3,14,2,13,7,22,21],[7,11,3,19,15,2,14,13,23,22,21],[7,19,11,23,3,15,2,14,1,13],[15,23,3,14,2,13,19,11,7,22,21],[19,7,15,3,2,14,13,23,11,22,18,1],[19,7,3,23,11,15,2,14,1,13],[11,3,19,23,15,2,14,13,7,22,21],[23,11,19,15,3,14,2,13,7,22,21],[23,7,15,11,3,14,2,1,13,19],[15,19,23,11,7,3,2,14,1,13],[23,19,11,15,7,3,14,2,13,22,21],[15,3,14,2,1,13,19,23,7,11],[23,3,19,7,11,15,2,14,1,13],[3,7,23,11,15,2,14,13,19,22,18,21],[19,3,11,23,15,2,14,13,7,22,1],[19,15,23,3,2,14,13,7,11,22,1],[19,3,15,2,14,1,13,23,7,11],[3,23,7,11,15,14,2,13,19,22,1],[15,19,7,23,3,14,2,1,13,11],[3,11,23,7,19,15,2,14,13,22,21],[11,3,7,23,15,14,2,13,19,22,21],[11,3,7,19,15,14,2,1,13,23],[23,7,11,19,3,15,2,14,13,22,21],[15,7,19,3,2,14,1,13,23,11],[11,23,7,19,15,3,14,2,1,13],[11,23,3,15,2,14,1,13,19,7],[15,3,14,2,1,13,11,19,7,23],[15,23,11,7,3,14,2,13,19,22,18,21],[23,15,11,7,3,2,14,1,13,19],[19,3,15,2,14,1,13,7,11],[7,23,19,11,3,15,2,14,13,22,18,21],[11,15,19,23,3,2,14,13,7,22,1],[11,3,19,7,15,14,2,1,13,23],[11,3,7,19,23,15,14,2,1,13],[11,23,3,19,15,14,2,1,13,7],[19,11,7,3,15,2,14,1,13,23],[19,15,23,11,7,3,2,14,1,13],[3,23,11,15,14,2,13,19,7,22,21],[7,19,23,11,3,15,2,14,1,13],[23,11,19,7,3,15,2,14,13,22,21],[3,19,7,11,23,15,2,14,13,22,1],[19,11,7,3,15,14,2,13,23,22,21],[11,3,7,19,15,2,14,1,13,23],[3,23,15,14,2,13,7,19,11,22,21],[11,3,7,19,23,15,14,2,13,22,21],[3,15,14,2,1,13,23,19,11,7],[11,19,7,15,3,14,2,1,13,23],[11,23,3,7,15,14,2,13,19,22,4],[3,15,2,14,13,11,7,23,19,22,18,21],[23,11,7,3,15,2,14,1,13,19],[7,23,3,19,15,14,2,13,11,22,21],[15,7,23,11,3,2,14,1,13,19],[3,19,15,2,14,1,13,7,23,11],[15,19,23,11,7,3,2,14,13,22,18,1],[3,7,19,15,2,14,1,13,23,11],[19,7,15,23,11,3,14,2,1,13],[15,19,7,23,11,3,2,14,1,13],[23,15,19,3,2,14,13,11,7,22,1],[7,23,11,3,19,15,2,14,1,13],[3,23,15,2,14,13,7,11,19,22,21],[23,15,7,19,11,3,14,2,1,13],[11,23,3,19,15,2,14,13,7,22,1],[19,3,7,23,11,15,14,2,13,22,4],[11,7,19,23,15,3,2,14,13,22,6,18,1],[3,15,14,2,13,19,23,11,7,22,18,1],[19,7,15,23,3,14,2,1,13,11],[15,23,11,7,3,14,2,13,19,22,21],[7,23,3,11,15,2,14,1,13,19],[23,15,3,2,14,1,13,19,7,11],[7,3,11,19,15,2,14,13,23,22,21],[19,11,3,15,14,2,1,13,7,23],[3,19,15,2,14,1,13,23,11,7],[15,11,23,3,2,14,13,19,7,22,21],[15,19,11,7,23,3,14,2,1,13],[15,19,23,11,3,14,2,13,7,22,1],[23,11,19,15,7,3,2,14,1,13],[19,3,7,23,15,2,14,1,13,11],[19,11,23,15,3,2,14,13,7,22,21],[11,23,7,15,19,3,2,14,13,22,4],[19,3,23,11,15,2,14,1,13,7],[15,11,19,23,7,3,2,14,1,13],[7,15,19,23,11,3,2,14,13,22,1],[3,19,7,11,15,14,2,1,13,23],[23,3,11,7,19,15,14,2,13,22,1],[19,3,15,14,2,1,13,7,11,23],[23,15,7,11,19,3,14,2,1,13],[19,3,23,11,7,15,14,2,13,22,21],[11,19,15,7,3,14,2,13,23,22,1],[19,15,3,14,2,1,13,7,23,11],[19,11,7,15,3,14,2,13,23,22,18,21],[15,3,14,2,13,23,11,7,19,22,18,1],[19,7,23,3,15,14,2,13,11,22,21],[7,3,19,15,14,2,1,13,11,23],[23,7,3,11,15,14,2,1,13,19],[11,23,3,7,19,15,14,2,1,13],[19,7,15,3,14,2,1,13,23,11],[15,3,14,2,1,13,19,11,7,23],[7,15,11,23,19,3,14,2,13,22,1],[15,19,11,23,3,14,2,13,7,22,21],[19,7,3,11,23,15,14,2,13,22,1],[3,19,11,23,15,2,14,1,13,7],[15,7,19,11,23,3,14,2,13,22,1],[3,11,7,19,23,15,2,14,13,22,1],[19,23,3,15,2,14,1,13,11,7],[11,7,19,3,15,2,14,13,23,22,1],[15,11,23,19,7,3,2,14,13,22,24,1],[23,3,7,19,15,2,14,13,11,22,1],[7,23,15,19,3,2,14,13,11,22,20,1],[3,11,23,7,15,2,14,1,13,19],[19,11,15,23,3,14,2,1,13,7],[23,15,11,3,2,14,13,19,7,22,1],[23,11,15,19,3,14,2,1,13,7],[7,23,11,19,3,15,2,14,13,22,18,24,1],[19,15,11,7,23,3,14,2,1,13],[7,15,3,14,2,13,11,23,19,22,21],[19,3,11,23,7,15,14,2,1,13],[23,11,19,15,3,2,14,1,13,7],[19,15,7,3,14,2,1,13,11,23],[11,23,15,19,7,3,2,14,13,22,1],[7,11,3,23,19,15,14,2,13,22,1],[19,7,15,3,2,14,13,11,23,22,21],[15,11,7,3,14,2,13,19,23,22,4],[19,23,15,11,3,2,14,1,13,7],[11,23,3,15,14,2,13,7,19,22,21],[19,11,15,7,3,14,2,1,13,23],[19,15,23,7,3,2,14,1,13,11],[3,11,19,15,14,2,13,23,7,22,1],[15,11,19,23,3,14,2,1,13,7],[23,7,3,15,14,2,1,13,19,11],[23,19,7,11,15,3,14,2,1,13],[23,11,7,15,19,3,2,14,1,13],[19,23,11,3,7,15,14,2,13,22,21],[19,11,7,23,3,15,2,14,13,22,21],[15,3,2,14,1,13,7,23,11,19],[7,3,19,11,23,15,2,14,1,13],[7,11,19,3,15,14,2,13,23,22,21],[3,19,7,15,14,2,13,11,23,22,1],[7,3,15,2,14,13,23,19,11,22,24,1],[15,3,14,2,13,19,7,23,11,22,21],[3,11,19,23,7,15,14,2,13,22,21],[7,19,3,11,23,15,14,2,13,22,1],[11,3,23,15,2,14,13,7,19,22,1],[23,7,19,15,3,14,2,1,13,11],[11,7,19,23,15,3,14,2,13,22,1],[11,19,3,15,2,14,1,13,23,7],[7,3,15,2,14,1,13,11,19,23],[19,3,15,2,14,13,7,23,11,22,1],[11,7,23,19,3,15,14,2,13,22,1],[3,7,19,23,15,14,2,13,11,22,21],[19,3,23,11,15,14,2,1,13,7],[23,19,15,11,7,3,2,14,13,22,1],[11,19,3,23,15,14,2,1,13,7],[3,11,15,14,2,1,13,7,23,19],[15,19,3,2,14,1,13,11,7,23],[3,15,14,2,1,13,19,7,23,11],[19,3,11,23,7,15,14,2,13,22,18,1],[23,3,19,15,2,14,13,11,7,22,1],[23,19,3,11,15,2,14,1,13,7],[19,15,3,14,2,1,13,7,11,23],[19,11,3,15,14,2,13,23,7,22,10,21],[23,3,11,15,14,2,1,13,19,7],[11,19,23,3,7,15,2,14,13,22,21],[23,3,19,15,14,2,13,11,7,22,21],[11,7,23,15,19,3,2,14,1,13],[3,11,7,15,14,2,13,23,19,22,21],[19,15,23,11,3,2,14,13,7,22,21],[23,19,11,15,7,3,14,2,13,22,21],[3,19,15,14,2,1,13,23,11,7],[19,15,23,7,11,3,14,2,1,13],[7,19,23,3,15,2,14,1,13,11],[23,11,3,19,7,15,2,14,13,22,21],[19,7,15,23,3,14,2,13,11,22,1],[19,15,3,2,14,1,13,7,23,11],[11,19,15,3,14,2,13,23,7,22,1],[3,15,14,2,1,13,23,7,11,19],[23,15,19,7,3,2,14,1,13,11],[7,15,3,2,14,13,11,23,19,22,1],[23,3,15,14,2,13,11,19,7,22,4],[3,23,7,15,2,14,1,13,11,19],[3,7,19,23,15,2,14,13,11,22,1],[7,23,19,11,15,3,2,14,13,22,21],[23,7,11,19,3,15,14,2,13,22,21],[19,11,3,15,14,2,1,13,23,7],[3,19,7,23,11,15,14,2,1,13],[3,15,2,14,13,11,23,7,19,22,18,24,1],[19,7,15,3,2,14,13,23,11,22,1],[3,7,19,15,14,2,1,13,11,23],[3,19,7,11,15,14,2,1,13,23],[7,3,15,14,2,13,19,11,23,22,1],[11,15,3,2,14,13,7,19,23,22,1],[7,3,23,11,19,15,14,2,1,13],[3,7,23,15,14,2,1,13,19,11],[23,7,15,3,14,2,1,13,11,19],[11,19,7,23,15,3,14,2,1,13],[15,19,11,23,7,3,2,14,13,22,1],[19,23,3,15,2,14,13,7,11,22,4],[3,19,23,11,15,2,14,1,13,7],[11,23,3,7,15,14,2,13,19,22,1],[19,11,7,15,23,3,14,2,1,13],[19,11,23,3,15,2,14,1,13,7],[7,19,15,11,23,3,14,2,13,22,1],[19,11,23,3,7,15,2,14,13,22,1],[11,19,23,15,3,2,14,1,13,7],[11,15,19,7,3,14,2,13,23,22,21],[11,15,23,7,19,3,14,2,1,13],[23,11,7,3,19,15,2,14,13,22,1],[23,3,19,7,15,2,14,13,11,22,21],[7,11,23,19,15,3,14,2,1,13],[7,15,11,23,3,2,14,13,19,22,21],[3,7,11,23,15,2,14,13,19,22,1],[11,23,19,3,7,15,2,14,1,13],[11,19,3,15,14,2,1,13,23,7],[11,7,19,15,23,3,14,2,13,22,24,1],[23,7,19,3,11,15,14,2,13,22,21],[19,11,15,23,3,14,2,13,7,22,1],[19,11,3,7,15,2,14,13,23,22,21],[7,19,23,15,3,2,14,1,13,11],[7,19,11,23,3,15,14,2,1,13],[15,7,11,23,3,2,14,1,13,19],[3,11,15,14,2,13,23,7,19,22,21],[7,11,23,15,3,14,2,1,13,19],[23,3,11,19,15,14,2,1,13,7],[11,15,7,3,14,2,1,13,23,19],[15,23,3,2,14,13,11,7,19,22,1],[15,23,19,11,7,3,2,14,1,13],[3,7,11,15,2,14,1,13,19,23],[19,23,3,11,7,15,2,14,1,13],[19,7,23,11,15,3,14,2,13,22,21],[23,11,19,15,3,2,14,13,7,22,20,21],[3,23,11,7,19,15,14,2,1,13],[11,15,19,7,23,3,2,14,13,22,21],[23,15,11,19,7,3,14,2,1,13],[7,15,19,11,3,2,14,13,23,22,1],[19,3,15,14,2,13,7,23,11,22,18,1],[15,7,3,2,14,1,13,23,19,11],[7,3,19,11,15,2,14,1,13,23],[3,15,14,2,13,19,7,11,23,22,24,1],[3,15,2,14,1,13,23,7,11,19],[7,19,11,23,15,3,14,2,1,13],[3,11,19,7,15,14,2,13,23,22,4],[19,23,3,11,7,15,2,14,13,22,4],[19,3,23,11,15,2,14,1,13,7],[3,7,11,19,15,2,14,1,13,23],[3,15,14,2,1,13,7,19,23,11],[15,23,7,11,3,14,2,13,19,22,21],[23,15,3,2,14,1,13,11,7,19],[19,7,15,11,23,3,14,2,13,22,4],[15,3,2,14,13,11,7,19,23,22,21],[15,19,23,3,2,14,13,7,11,22,21],[7,3,19,23,15,2,14,13,11,22,21],[11,3,7,19,23,15,14,2,1,13],[15,7,11,23,3,2,14,13,19,22,21],[15,19,23,7,11,3,2,14,1,13],[15,7,23,11,19,3,14,2,13,22,18,21],[19,3,15,14,2,13,23,11,7,22,1],[3,7,11,23,15,14,2,13,19,22,21],[11,15,19,3,2,14,13,23,7,22,21],[11,15,19,3,2,14,13,7,23,22,18,1],[11,23,3,15,14,2,1,13,19,7],[15,3,14,2,13,7,11,19,23,22,21],[11,15,3,14,2,1,13,19,23,7],[7,3,15,2,14,1,13,23,11,19],[23,19,15,7,3,2,14,1,13,11],[7,15,11,23,3,2,14,13,19,22,21],[3,11,23,7,15,2,14,13,19,22,18,21],[3,15,14,2,13,19,7,11,23,22,24,1],[3,11,19,15,14,2,1,13,7,23],[3,11,15,2,14,13,7,19,23,22,24,1],[3,15,14,2,1,13,11,23,7,19],[23,11,19,15,3,14,2,1,13,7],[11,7,3,23,15,2,14,13,19,22,1],[23,11,7,19,3,15,14,2,13,22,1],[11,23,15,7,19,3,2,14,13,22,1],[19,7,11,23,15,3,14,2,1,13],[7,15,11,23,3,2,14,13,19,22,21],[3,19,15,14,2,1,13,7,11],[11,19,7,3,23,15,2,14,13,22,21],[15,11,7,19,3,14,2,1,13,23],[23,3,19,11,7,15,2,14,13,22,18,1],[11,19,7,23,15,3,2,14,13,22,9,21],[15,23,3,2,14,1,13,19,7,11],[15,3,2,14,1,13,23,19,7,11],[19,7,3,23,15,14,2,1,13,11],[11,7,15,3,14,2,1,13,23,19],[7,23,15,3,2,14,13,19,11,22,1],[7,11,23,19,15,3,14,2,13,22,21],[7,11,19,23,3,15,2,14,1,13],[3,11,19,23,7,15,2,14,1,13],[19,11,15,7,3,2,14,1,13,23],[23,3,11,7,19,15,14,2,1,13],[23,15,11,7,3,2,14,13,19,22,1],[23,15,3,2,14,1,13,7,19,11],[19,15,11,7,3,14,2,13,23,22,1],[7,3,11,15,2,14,1,13,19,23],[11,15,19,3,2,14,13,7,23,22,1],[11,23,19,15,3,14,2,13,7,22,21],[19,15,23,7,3,14,2,13,11,22,1],[3,11,19,23,15,14,2,13,7,22,1],[11,23,15,19,3,2,14,13,7,22,18,1],[7,19,23,15,3,2,14,1,13,11],[19,3,23,7,15,14,2,1,13,11],[11,23,3,7,19,15,2,14,1,13],[15,11,7,19,3,2,14,13,23,22,21],[15,11,19,7,23,3,14,2,1,13],[23,3,19,11,15,14,2,1,13,7],[11,19,3,23,15,14,2,13,7,22,4],[11,15,19,7,23,3,2,14,1,13],[15,11,23,19,3,14,2,13,7,22,18,1],[11,3,19,7,15,14,2,13,23,22,21],[3,19,7,23,11,15,14,2,13,22,21],[19,7,3,23,11,15,14,2,13,22,1],[23,7,11,19,15,3,2,14,13,22,18,1],[11,7,3,19,23,15,2,14,1,13],[11,7,19,3,15,2,14,1,13,23],[3,23,19,11,7,15,2,14,13,22,21],[3,11,7,15,14,2,1,13,19,23],[3,19,23,15,14,2,13,7,11,22,1],[3,11,7,15,14,2,1,13,23,19],[11,15,19,23,7,3,14,2,13,22,1],[11,19,15,23,3,2,14,1,13,7],[19,11,7,3,23,15,2,14,1,13],[19,15,3,2,14,1,13,11,7,23],[23,7,15,3,2,14,1,13,11,19],[3,23,15,14,2,1,13,7,19,11],[7,19,15,3,2,14,13,11,23,22,21],[11,19,3,15,2,14,1,13,7,23],[23,15,19,7,11,3,2,14,1,13],[15,23,3,2,14,1,13,7,11,19],[7,23,19,11,3,15,2,14,1,13],[19,23,11,3,7,15,14,2,1,13],[7,15,3,14,2,1,13,11,19,23],[7,11,19,3,15,14,2,1,13,23],[15,7,19,3,2,14,1,13,11,23],[23,3,15,14,2,1,13,7,19,11],[11,23,3,7,15,2,14,13,19,22,1],[3,7,15,2,14,13,23,11,19,22,1],[23,7,19,3,11,15,2,14,1,13],[15,19,3,2,14,1,13,11,7,23],[11,19,7,3,23,15,2,14,13,22,18,21],[11,19,15,23,3,2,14,13,7,22,1],[3,15,2,14,1,13,11,19,7,23],[3,23,15,14,2,1,13,7,11,19],[7,23,11,15,19,3,14,2,13,22,4],[15,11,7,23,19,3,14,2,1,13],[11,7,15,19,23,3,2,14,13,22,21],[23,15,7,3,14,2,1,13,19,11],[23,11,7,3,15,14,2,13,19,22,1],[11,15,3,2,14,13,7,19,23,22,18,1],[23,3,19,15,14,2,13,7,11,22,24,1],[15,3,14,2,1,13,19,23,7,11],[19,15,23,11,3,14,2,13,7,22,18,1],[3,19,7,15,2,14,1,13,11,23],[23,3,15,14,2,1,13,19,7,11],[19,7,3,11,15,14,2,1,13,23],[19,7,3,11,15,14,2,13,23,22,1],[7,15,3,2,14,1,13,11,19,23],[11,7,3,23,15,14,2,13,19,22,21],[7,3,11,23,19,15,14,2,1,13],[19,15,23,7,11,3,14,2,1,13],[3,15,14,2,1,13,7,11,19,23],[11,15,19,3,14,2,13,7,23,22,21],[19,15,23,7,3,2,14,13,11,22,4],[7,23,11,3,15,2,14,13,19,22,24,1],[11,23,7,3,15,14,2,1,13,19],[23,19,15,3,14,2,13,11,7,22,21],[19,23,11,7,15,3,14,2,1,13],[7,19,23,11,3,15,14,2,13,22,1],[3,15,14,2,1,13,11,19,7,23],[7,11,23,3,15,2,14,13,19,22,1],[19,15,3,14,2,13,11,7,23,22,18,21],[23,7,15,3,14,2,1,13,19,11],[15,23,11,7,3,14,2,1,13,19],[3,11,19,23,15,14,2,1,13,7],[15,7,19,23,11,3,14,2,1,13],[15,3,14,2,1,13,19,23,7,11],[11,23,19,15,3,2,14,1,13,7],[19,7,11,23,15,3,14,2,13,22,1],[3,11,19,7,15,14,2,13,23,22,18,1],[15,7,19,23,3,2,14,1,13,11]],"n_human":11}