{"problem_id":"NouMBuG9exsqUGl","sigma":150,"alpha":3.162,"cost":2,"probabilities":"[0.19, 0.18, 0.38, 0.25]","payoff_matrix":"[[111, 32, 125, -84, 301, 2], [364, -93, 2, 96, 366, 61], [-322, -80, -207, -376, 164, 31], [253, -79, -94, 213, 0, -208]]","uncovered":[[7,11,19,15,3,23,24],[19,23,15,7,11,3,24],[7,23,19,15,3,11,24],[7,3,23,19,15,11,24],[11,7,3,15,23,19,20,24],[7,23,11,15,19,3,20,24],[15,19,23,11,3,7,20,24],[3,23,15,11,7,19,20,24],[3,23,19,11,7,15,20,24],[15,3,19,23,7,11,20,24],[23,11,15,19,3,7,20,24],[19,7,11,15,23,3,24],[7,11,3,19,15,23,20,24],[23,3,15,11,19,7,20,24],[7,3,19,15,11,23,24],[11,23,7,3,15,19,24],[23,3,11,7,19,15,20,24],[7,11,19,15,23,3,24],[15,23,11,3,7,19,20,24],[7,23,15,19,11,3,24],[11,3,15,19,23,7,20,24],[23,11,3,15,19,7,20,24],[7,23,15,3,19,11,20,24],[7,3,23,19,11,15,24],[7,23,19,3,11,15,20,24],[19,11,23,3,7,15,20,24],[3,15,7,19,23,11,20,24],[3,23,15,11,7,19,24],[3,11,7,23,15,19,24],[11,19,15,23,3,7,24],[15,11,19,7,23,3,20,24],[23,3,11,7,15,19,24],[19,7,3,11,23,15,20,24],[19,11,23,15,3,7,24],[19,23,3,11,15,7,24],[7,3,19,15,23,11,20,24],[23,7,3,11,15,19,20,24],[7,3,19,15,11,23,20,24],[11,7,23,19,15,3,24],[19,11,3,7,15,23,20,24],[7,11,15,23,19,3,24],[15,11,23,3,7,19,24],[11,23,19,15,7,3,24],[7,23,15,3,11,19,24],[15,3,23,11,19,7,24],[3,15,7,23,19,11,20,24],[3,23,15,7,11,19,20,24],[19,7,23,11,15,3,20,24],[11,7,23,19,15,3,24],[3,7,11,23,15,19,24],[11,7,19,15,3,23,20,24],[7,3,23,19,15,11,20,24],[11,7,19,3,15,23,24],[11,3,23,7,19,15,24],[7,11,3,19,15,23,20,24],[19,15,11,23,3,7,24],[15,19,7,3,23,11,20,24],[15,19,11,23,7,3,20,24],[3,7,19,23,15,11,24],[3,15,11,19,23,7,24],[23,7,11,15,3,19,24],[11,3,23,7,15,19,20,24],[23,7,3,11,19,15,24],[7,3,11,19,23,15,24],[23,7,3,15,19,11,20,24],[15,23,3,19,11,7,24],[3,7,15,23,19,11,24],[15,7,23,19,11,3,24],[7,23,3,11,15,19,20,24],[11,3,7,19,23,15,24],[7,11,19,15,23,3,20,24],[23,3,7,11,15,19,24],[23,11,7,3,15,19,24],[11,19,3,7,23,15,24],[19,7,3,23,11,15,24],[23,7,3,19,15,11,24],[3,15,19,7,11,23,20,24],[3,15,11,19,23,7,24],[15,11,23,7,19,3,20,24],[11,15,3,7,19,23,24],[3,23,7,19,15,11,24],[7,19,23,15,3,11,24],[7,19,23,3,11,15,20,24],[7,15,19,3,11,23,20,24],[7,3,19,15,11,23,24],[3,15,23,7,19,11,24],[3,19,23,7,11,15,20,24],[7,23,19,3,15,11,20,24],[3,7,11,15,19,23,20,24],[3,23,15,7,11,19,20,24],[15,23,3,19,7,11,20,24],[19,3,7,23,11,15,20,24],[23,7,15,3,19,11,24],[23,19,15,3,11,7,20,24],[15,11,23,7,19,3,20,24],[11,23,19,7,15,3,20,24],[19,3,11,15,23,7,24],[3,11,19,15,7,23,20,24],[23,3,19,11,7,15,24],[19,3,15,7,11,23,20,24],[19,11,7,3,23,15,20,24],[7,15,11,19,23,3,20,24],[3,7,19,23,11,15,20,24],[19,11,23,3,7,15,24],[23,11,3,7,15,19,20,24],[3,11,19,15,23,7,20,24],[11,7,19,23,15,3,20,24],[23,7,15,11,3,19,20,24],[19,23,11,15,3,7,20,24],[7,19,23,3,15,11,24],[7,23,11,15,3,19,24],[3,15,7,23,11,19,20,24],[15,3,11,19,7,23,24],[11,19,3,15,7,23,24],[15,11,7,23,19,3,20,24],[19,23,11,15,3,7,24],[3,23,7,19,11,15,20,24],[19,7,3,23,15,11,24],[3,11,19,7,23,15,24],[15,3,19,7,11,23,24],[7,19,15,11,23,3,20,24],[11,15,23,19,7,3,20,24],[19,3,7,23,15,11,20,24],[11,7,23,19,15,3,24],[15,7,23,19,11,3,24],[7,23,3,15,19,11,20,24],[19,23,3,7,15,11,20,24],[11,15,23,7,3,19,24],[15,11,3,23,7,19,20,24],[23,11,15,19,3,7,20,24],[7,15,23,11,19,3,24],[23,7,15,3,11,19,20,24],[23,15,11,19,3,7,24],[19,3,11,15,7,23,20,24],[11,15,23,3,7,19,24],[19,15,7,11,23,3,20,24],[23,11,15,19,7,3,20,24],[19,15,23,11,7,3,24],[3,15,23,11,7,19,20,24],[15,19,7,23,11,3,20,24],[15,7,19,11,23,3,20,24],[3,7,23,19,15,11,24],[23,3,19,11,7,15,24],[15,23,7,3,11,19,24],[15,3,7,19,11,23,20,24],[3,7,19,23,11,15,24],[23,19,11,15,7,3,24],[19,7,23,3,11,15,20,24],[15,19,11,7,23,3,20,24],[23,11,7,3,19,15,24],[15,7,23,3,11,19,24],[3,23,15,19,11,7,20,24],[19,3,15,23,7,11,20,24],[19,23,7,11,3,15,24],[7,19,23,3,15,11,20,24],[3,11,15,7,19,23,20,24],[23,7,19,11,3,15,24],[7,11,15,23,19,3,20,24],[19,15,3,23,11,7,24],[7,15,11,19,3,23,24],[7,19,3,23,11,15,24],[23,15,3,11,7,19,24],[3,19,23,15,11,7,20,24],[23,3,15,19,11,7,20,24],[15,23,7,3,19,11,24],[23,7,15,11,3,19,24],[7,15,3,11,23,19,20,24],[23,7,19,3,15,11,20,24],[19,7,23,11,3,15,20,24],[19,11,23,7,15,3,24],[15,3,11,23,19,7,24],[19,15,23,11,3,7,20,24],[11,19,15,23,3,7,24],[23,7,11,3,19,15,20,24],[7,23,19,11,15,3,20,24],[3,23,7,15,19,11,20,24],[11,15,7,23,19,3,24],[3,19,7,11,23,15,20,24],[15,7,3,23,19,11,20,24],[3,15,7,23,11,19,20,24],[3,23,7,15,19,11,20,24],[15,11,7,3,19,23,20,24],[23,7,3,19,15,11,24],[15,11,23,3,7,19,24],[23,7,11,3,15,19,24],[15,19,23,3,11,7,20,24],[15,11,19,3,7,23,24],[19,11,3,7,23,15,20,24],[11,7,3,15,23,19,20,24],[3,15,7,11,23,19,20,24],[11,19,7,23,15,3,24],[11,19,23,7,3,15,20,24],[23,3,15,7,19,11,24],[15,11,19,7,23,3,20,24],[3,19,23,15,11,7,24],[19,23,7,15,11,3,20,24],[7,11,19,23,15,3,20,24],[3,19,11,23,15,7,24],[11,7,19,3,15,23,20,24],[19,3,15,23,7,11,24],[3,11,15,7,19,23,20,24],[23,11,19,3,7,15,20,24],[11,23,7,3,19,15,24],[3,23,7,15,19,11,24],[15,3,11,7,23,19,24],[11,19,3,15,7,23,24],[23,7,11,3,19,15,20,24],[15,11,23,19,3,7,24],[19,7,15,23,11,3,24],[11,19,3,15,7,23,24],[15,7,11,23,19,3,20,24],[3,15,23,11,19,7,20,24],[19,15,3,23,7,11,20,24],[7,11,15,3,19,23,24],[3,7,19,11,23,15,20,24],[11,19,3,7,23,15,20,24],[15,3,7,19,23,11,20,24],[11,23,19,3,7,15,24],[11,3,23,15,19,7,20,24],[19,3,11,7,23,15,20,24],[7,23,15,11,19,3,20,24],[15,3,11,23,19,7,24],[11,23,3,19,15,7,24],[15,23,7,19,11,3,20,24],[7,11,15,23,3,19,24],[19,23,15,3,11,7,20,24],[19,3,7,23,15,11,24],[15,19,11,23,3,7,24],[15,7,11,3,23,19,20,24],[19,7,15,11,3,23,24],[15,23,3,11,7,19,24],[7,3,15,23,11,19,20,24],[11,3,19,7,15,23,20,24],[11,19,15,7,23,3,20,24],[11,19,3,15,7,23,24],[15,11,19,7,3,23,20,24],[19,15,7,11,3,23,24],[3,7,23,11,15,19,20,24],[3,19,11,23,15,7,20,24],[19,23,7,15,3,11,24],[7,23,19,11,15,3,20,24],[15,23,11,3,19,7,20,24],[3,11,19,23,15,7,24],[7,23,11,19,15,3,20,24],[19,15,23,7,3,11,20,24],[23,19,15,11,3,7,24],[7,19,11,23,15,3,20,24],[15,19,23,11,7,3,20,24],[7,3,11,23,19,15,20,24],[15,3,19,11,23,7,24],[19,3,23,15,11,7,24],[15,11,19,7,3,23,24],[3,11,23,7,19,15,24],[15,23,11,19,7,3,20,24],[11,7,19,23,15,3,24],[23,7,19,15,3,11,20,24],[11,19,23,7,15,3,24],[15,7,11,23,19,3,24],[23,15,11,7,3,19,24],[7,11,3,15,19,23,24],[11,15,3,7,23,19,24],[15,3,11,23,19,7,24],[19,15,3,11,7,23,20,24],[19,23,7,11,3,15,24],[23,11,19,15,3,7,24],[7,11,3,19,15,23,24],[19,15,23,7,3,11,20,24],[23,19,11,7,3,15,20,24],[23,19,3,11,15,7,20,24],[7,19,23,3,11,15,20,24],[11,3,7,15,19,23,20,24],[19,23,7,11,3,15,20,24],[19,11,15,3,7,23,24],[11,19,23,7,15,3,24],[15,7,19,11,23,3,24],[23,3,15,7,11,19,20,24],[19,3,15,11,23,7,20,24],[15,7,19,11,23,3,24],[11,3,23,19,7,15,24],[15,19,11,7,3,23,20,24],[3,19,23,7,15,11,24],[7,23,3,11,15,19,24],[7,19,11,3,23,15,24],[7,23,19,15,11,3,20,24],[15,19,23,7,3,11,20,24],[11,3,23,15,19,7,20,24],[3,23,11,15,7,19,24],[3,19,11,15,23,7,24],[15,11,19,23,7,3,24],[15,23,19,11,7,3,24],[7,23,11,3,15,19,20,24],[3,7,23,19,15,11,24],[7,3,23,19,11,15,20,24],[11,3,15,7,19,23,24],[11,3,7,23,19,15,24],[15,19,3,11,7,23,24],[11,15,3,19,7,23,24],[11,19,3,15,23,7,20,24],[23,11,15,7,19,3,24],[11,19,7,3,23,15,20,24],[11,23,7,3,15,19,24],[23,15,3,7,11,19,20,24],[3,11,23,19,7,15,24],[23,15,7,11,19,3,24],[11,23,15,3,19,7,24],[3,23,15,7,11,19,20,24],[7,19,3,15,23,11,20,24],[11,23,15,3,19,7,20,24],[11,23,15,7,3,19,20,24],[15,3,7,23,11,19,24],[23,19,15,11,3,7,20,24],[15,23,3,19,11,7,24],[11,15,3,7,23,19,24],[19,7,3,15,23,11,24],[19,7,3,15,23,11,20,24],[19,7,11,23,15,3,20,24],[23,3,7,11,19,15,24],[23,7,11,3,15,19,20,24],[15,7,3,23,11,19,24],[15,7,11,3,23,19,24],[19,15,23,3,11,7,20,24],[3,23,11,19,15,7,20,24],[15,23,11,19,7,3,24],[7,3,15,11,19,23,24],[7,15,19,11,3,23,24],[15,3,11,23,7,19,20,24],[23,15,11,7,3,19,20,24],[19,11,23,7,15,3,20,24],[3,11,19,15,7,23,24],[3,19,15,7,11,23,20,24],[19,11,3,7,15,23,20,24],[15,19,23,7,11,3,20,24],[3,7,11,23,19,15,24],[7,19,3,23,11,15,24],[7,15,19,11,3,23,20,24],[3,19,11,23,15,7,24],[3,7,11,23,19,15,20,24],[7,15,3,19,23,11,24],[15,23,19,11,7,3,20,24],[23,3,15,7,11,19,20,24],[3,7,11,23,19,15,20,24],[11,7,23,3,19,15,24],[7,3,11,19,15,23,20,24],[11,15,19,3,23,7,20,24],[3,7,23,15,19,11,24],[3,7,15,19,23,11,20,24],[11,23,19,15,7,3,24],[7,19,11,23,3,15,20,24],[23,7,11,15,3,19,24],[19,11,15,23,7,3,24],[3,7,11,15,19,23,24],[23,3,7,15,11,19,20,24],[15,3,23,11,19,7,20,24],[23,11,3,7,15,19,20,24],[19,3,15,7,23,11,24],[15,23,3,19,11,7,20,24],[3,15,23,7,19,11,20,24],[7,19,11,15,3,23,24],[23,3,7,19,15,11,20,24],[23,3,19,7,15,11,24],[11,7,19,3,15,23,20,24],[7,15,23,11,19,3,24],[3,7,11,23,15,19,24],[11,23,19,15,7,3,24],[15,3,7,11,23,19,24],[3,23,15,19,11,7,24],[15,3,19,23,7,11,20,24],[3,19,7,15,11,23,24],[15,11,7,3,23,19,24],[19,3,15,23,7,11,24],[23,19,15,7,11,3,24],[23,15,11,3,7,19,24],[15,3,11,7,23,19,24],[23,3,15,11,7,19,24],[19,3,11,7,23,15,20,24],[11,7,23,19,15,3,24],[23,19,7,3,15,11,20,24],[3,15,7,23,19,11,24],[19,15,3,7,11,23,24],[23,19,11,7,15,3,20,24],[11,23,15,7,3,19,20,24],[3,23,7,19,15,11,20,24],[15,7,23,3,19,11,20,24],[19,3,11,15,7,23,20,24],[7,23,19,11,15,3,24],[3,23,7,15,19,11,24],[23,15,19,7,3,11,20,24],[7,23,15,11,3,19,20,24],[3,19,7,15,11,23,24],[23,7,3,19,11,15,20,24],[19,15,11,23,3,7,20,24],[3,19,11,23,15,7,24],[11,23,19,15,7,3,20,24],[23,15,3,11,19,7,20,24],[7,11,19,23,3,15,24],[3,7,19,11,23,15,24],[3,23,19,11,7,15,24],[15,3,23,19,11,7,20,24],[23,3,11,15,7,19,24],[23,3,15,7,19,11,20,24],[3,19,15,7,23,11,24],[7,11,3,19,15,23,20,24],[23,3,7,19,15,11,24],[7,23,15,19,3,11,20,24],[7,11,15,3,23,19,20,24],[3,7,11,19,23,15,20,24],[7,3,19,11,23,15,20,24],[15,19,11,3,23,7,24],[23,3,7,19,11,15,24],[23,3,15,7,11,19,20,24],[15,3,23,19,11,7,24],[3,23,11,19,15,7,24],[15,11,19,7,3,23,20,24],[7,11,23,15,3,19,20,24],[3,7,11,23,19,15,20,24],[19,23,3,15,11,7,20,24],[11,19,15,3,7,23,20,24],[7,19,23,11,15,3,24],[19,3,11,15,23,7,24],[7,15,19,23,11,3,20,24],[23,15,3,11,19,7,20,24],[3,23,19,7,11,15,24],[11,19,15,7,23,3,24],[11,3,19,7,23,15,24],[3,19,11,23,7,15,24],[15,3,23,19,7,11,20,24],[23,19,11,7,15,3,20,24],[3,11,23,7,15,19,20,24],[3,15,7,23,11,19,20,24],[23,11,7,15,19,3,20,24],[15,11,3,19,23,7,20,24],[15,7,3,11,23,19,24],[7,3,23,11,19,15,20,24],[7,11,23,19,15,3,24],[3,11,19,7,23,15,24],[23,11,3,19,7,15,20,24],[23,19,11,3,7,15,24],[15,7,3,19,23,11,20,24],[3,23,15,19,7,11,20,24],[23,7,19,3,15,11,20,24],[7,3,19,11,15,23,20,24],[19,23,3,15,7,11,20,24],[11,19,15,23,3,7,24],[3,19,11,7,23,15,20,24],[7,15,19,23,11,3,20,24],[3,11,23,15,7,19,20,24],[3,19,23,7,11,15,20,24],[11,3,23,15,7,19,24],[11,7,19,15,3,23,20,24],[19,23,15,3,7,11,20,24],[19,7,23,3,15,11,20,24],[7,23,15,11,19,3,20,24],[7,3,15,11,23,19,20,24],[3,15,19,11,7,23,24],[3,19,23,7,15,11,24],[23,3,15,19,11,7,20,24],[3,19,15,7,23,11,20,24],[23,11,15,19,7,3,24],[3,23,15,19,11,7,24],[15,3,7,19,23,11,24],[19,3,23,15,11,7,20,24],[11,19,23,15,7,3,20,24],[23,15,3,19,7,11,20,24],[11,7,15,3,23,19,24],[3,15,11,19,7,23,20,24],[11,7,3,15,23,19,20,24],[11,23,7,3,19,15,24],[11,7,23,3,19,15,24],[7,15,3,11,19,23,20,24],[23,19,7,11,15,3,20,24],[15,11,3,19,7,23,20,24],[19,7,15,11,23,3,20,24],[19,7,23,3,15,11,24],[11,19,23,3,7,15,24],[19,15,23,3,7,11,20,24],[7,15,19,3,11,23,24],[23,11,7,19,15,3,20,24],[23,11,7,19,3,15,24],[3,23,15,19,11,7,24],[23,11,15,7,19,3,20,24],[19,3,15,7,23,11,24],[7,19,11,23,3,15,24],[15,23,7,3,11,19,24],[3,23,19,7,11,15,24],[7,3,15,11,23,19,24],[7,15,19,23,3,11,20,24],[15,23,11,3,7,19,24],[11,19,3,15,7,23,20,24],[19,23,7,3,11,15,24],[23,3,19,11,7,15,20,24],[11,19,3,15,23,7,24],[3,15,11,19,7,23,24],[7,11,19,3,23,15,20,24],[15,19,11,3,23,7,24],[11,19,15,3,7,23,20,24],[15,23,11,7,3,19,20,24],[11,15,3,7,19,23,24],[23,11,19,15,7,3,24],[7,11,19,15,3,23,20,24],[19,11,7,23,3,15,24],[19,3,7,15,23,11,20,24],[23,7,15,3,19,11,20,24],[3,19,23,11,7,15,24],[3,7,11,23,15,19,20,24],[23,7,15,19,3,11,20,24],[15,23,3,19,7,11,24],[19,15,11,7,23,3,24],[23,19,11,3,15,7,20,24],[15,23,11,19,7,3,24],[3,19,11,23,7,15,24],[7,11,23,3,15,19,20,24],[3,7,11,19,15,23,24],[19,15,3,7,23,11,20,24],[3,19,15,11,23,7,20,24],[23,11,7,3,19,15,20,24],[11,3,7,15,23,19,24],[19,3,15,7,11,23,20,24],[15,11,23,3,7,19,24],[23,15,19,3,7,11,24],[19,11,15,7,3,23,24],[11,15,19,23,7,3,20,24],[7,3,15,23,19,11,24],[7,23,15,3,11,19,24],[19,7,3,11,15,23,20,24],[23,15,3,7,11,19,24],[3,15,7,11,23,19,24],[19,3,15,11,7,23,20,24],[15,7,11,3,23,19,24],[15,3,23,7,11,19,20,24],[23,15,7,19,11,3,24],[3,7,23,19,11,15,24],[23,11,3,7,19,15,20,24],[19,11,23,15,7,3,24],[3,7,23,15,11,19,20,24],[7,19,3,11,23,15,20,24],[3,15,19,23,7,11,24],[15,7,3,11,19,23,24],[11,7,23,19,3,15,20,24],[11,15,7,23,19,3,20,24],[11,3,7,15,23,19,24],[23,11,19,7,3,15,24],[7,15,23,19,3,11,20,24],[7,23,3,15,19,11,24],[11,7,23,15,19,3,24],[3,11,15,19,23,7,24],[3,15,23,7,19,11,24],[23,15,11,3,19,7,24],[15,19,23,7,3,11,20,24],[23,19,15,7,3,11,24],[11,7,23,15,3,19,24],[19,23,3,15,7,11,24],[23,7,19,15,11,3,20,24],[11,15,19,7,3,23,20,24],[3,23,7,15,11,19,20,24],[19,3,11,15,23,7,20,24],[19,11,3,15,23,7,24],[3,11,23,19,7,15,20,24],[15,19,23,11,7,3,24],[11,15,23,19,3,7,24],[19,15,7,23,11,3,24],[7,11,19,15,23,3,24],[7,23,19,11,15,3,20,24],[7,23,19,11,15,3,20,24],[7,11,15,23,3,19,20,24],[19,7,11,3,23,15,24],[11,7,23,3,19,15,24],[3,7,11,19,15,23,20,24],[7,15,3,19,23,11,20,24],[11,19,7,23,15,3,24],[7,11,15,23,19,3,24],[15,23,7,11,19,3,24],[3,23,11,7,19,15,20,24],[15,3,11,7,19,23,24],[7,23,11,19,3,15,20,24],[23,15,7,3,11,19,20,24],[11,7,23,3,19,15,20,24],[11,19,23,3,7,15,24],[3,19,7,23,15,11,20,24],[23,7,19,3,11,15,20,24],[7,11,15,3,23,19,20,24],[15,7,11,23,19,3,24],[3,23,7,19,11,15,20,24],[19,7,11,23,15,3,24],[3,7,19,11,23,15,24],[11,15,3,19,23,7,24],[19,23,7,3,11,15,24],[7,19,15,3,11,23,24],[19,3,15,11,7,23,24],[15,11,19,3,7,23,24],[23,19,3,7,15,11,20,24],[23,3,19,15,7,11,24],[15,7,19,23,3,11,24],[23,15,11,3,19,7,24],[15,7,3,11,19,23,24],[11,3,23,7,15,19,24],[7,19,3,23,11,15,20,24],[3,11,19,7,23,15,24],[11,3,7,19,23,15,20,24],[15,23,11,19,7,3,20,24],[19,7,3,23,11,15,20,24],[19,7,11,23,3,15,20,24],[19,3,23,11,15,7,20,24],[15,11,23,7,3,19,24],[3,15,23,19,11,7,24],[3,15,19,7,11,23,24],[19,11,3,15,23,7,20,24],[23,3,7,15,19,11,20,24],[15,23,7,19,3,11,20,24],[23,3,19,11,7,15,20,24],[19,23,11,3,7,15,20,24],[7,3,19,15,11,23,24],[19,3,11,15,23,7,20,24],[11,7,15,3,19,23,20,24],[15,19,11,7,3,23,24],[3,19,23,15,7,11,24],[3,19,15,23,11,7,20,24],[7,23,11,19,3,15,24],[3,19,15,11,7,23,24],[15,19,3,23,11,7,20,24],[15,23,19,3,11,7,24],[7,19,3,23,15,11,20,24],[7,19,3,23,15,11,20,24],[15,11,7,23,19,3,24],[19,7,3,23,15,11,20,24],[23,19,11,3,7,15,20,24],[7,19,11,3,23,15,24],[7,19,23,3,15,11,20,24],[7,3,23,15,11,19,24],[19,7,3,11,23,15,20,24],[19,23,15,7,11,3,20,24],[15,3,23,11,7,19,20,24],[3,7,15,19,23,11,20,24],[11,15,3,7,23,19,24],[15,23,19,11,3,7,20,24],[3,15,23,7,11,19,20,24],[23,19,15,7,11,3,20,24],[23,3,11,15,7,19,24],[3,23,11,15,7,19,20,24],[23,3,11,15,7,19,24],[7,11,3,23,19,15,24],[7,15,11,23,3,19,20,24],[11,3,23,15,19,7,24],[15,7,3,11,23,19,24],[15,23,19,11,3,7,24],[19,15,11,3,23,7,24],[15,19,23,3,7,11,20,24],[15,19,3,23,11,7,24],[7,11,23,19,3,15,20,24],[11,7,23,19,15,3,24],[7,23,11,3,19,15,20,24],[11,7,3,23,19,15,20,24],[23,19,7,11,3,15,20,24],[11,23,7,15,3,19,24],[11,19,15,7,3,23,24],[7,19,3,23,11,15,20,24],[19,3,11,15,7,23,24],[11,23,3,15,19,7,24],[23,7,19,3,11,15,20,24],[19,23,15,11,3,7,20,24],[23,15,11,7,3,19,24],[23,11,19,3,15,7,24],[7,11,3,19,15,23,20,24],[19,23,7,11,15,3,24],[23,11,19,7,3,15,24],[3,7,23,19,15,11,20,24],[11,23,3,7,19,15,24],[11,3,15,19,7,23,24],[15,7,3,19,11,23,24],[19,11,3,23,15,7,20,24],[7,11,15,23,3,19,24],[3,11,7,19,23,15,24],[19,7,23,3,15,11,20,24],[15,11,19,3,7,23,20,24],[7,15,19,23,11,3,24],[15,11,23,3,19,7,24],[23,7,15,19,11,3,20,24],[11,19,7,15,3,23,20,24],[19,23,7,15,3,11,24],[15,11,3,23,19,7,20,24],[11,7,3,23,15,19,20,24],[3,19,15,11,23,7,20,24],[19,7,11,3,15,23,20,24],[15,11,3,7,19,23,24],[19,7,15,11,3,23,24],[15,3,23,19,11,7,24],[11,15,19,23,7,3,20,24],[19,15,11,7,3,23,24],[11,3,7,15,19,23,24],[3,7,19,23,15,11,20,24],[3,15,7,11,23,19,24],[15,19,11,7,3,23,24],[23,11,3,19,15,7,20,24],[23,7,11,3,19,15,24],[7,19,11,15,23,3,20,24],[23,3,11,7,15,19,20,24],[7,15,19,23,11,3,20,24],[7,3,19,11,23,15,20,24],[3,23,15,7,19,11,24],[15,23,19,11,3,7,20,24],[15,19,3,11,23,7,24],[11,23,19,7,3,15,24],[23,7,19,15,11,3,20,24],[23,15,19,11,3,7,24],[19,11,15,3,23,7,20,24],[15,11,19,23,7,3,24],[7,11,19,23,3,15,24],[15,11,7,3,23,19,24],[7,23,11,15,19,3,20,24],[7,11,19,3,15,23,24],[23,3,7,15,19,11,20,24],[11,15,23,7,19,3,20,24],[15,19,3,7,23,11,20,24],[15,11,7,23,19,3,20,24],[3,15,11,19,23,7,20,24],[7,15,19,23,11,3,24],[7,11,3,19,15,23,20,24],[23,19,3,7,15,11,20,24],[3,23,7,19,11,15,20,24],[7,19,15,23,11,3,20,24],[11,7,15,3,19,23,20,24],[3,23,11,7,15,19,20,24],[19,23,15,11,3,7,20,24],[23,7,3,19,15,11,24],[11,7,19,15,3,23,20,24],[7,11,3,23,19,15,24],[3,23,11,19,7,15,24],[7,11,23,3,15,19,24],[11,19,23,15,7,3,20,24],[19,15,23,11,3,7,20,24],[11,7,19,23,3,15,24],[11,19,23,3,7,15,24],[3,7,23,15,11,19,24],[19,15,23,3,7,11,20,24],[7,19,15,3,11,23,20,24],[19,11,15,23,3,7,24],[7,19,23,11,3,15,20,24],[19,15,11,23,7,3,24],[3,19,11,15,23,7,20,24],[23,11,19,3,7,15,20,24],[23,19,3,11,7,15,24],[15,19,11,7,3,23,20,24],[23,15,7,19,11,3,24],[15,23,3,11,7,19,20,24],[3,19,23,7,11,15,24],[23,11,19,15,7,3,20,24],[19,7,23,3,11,15,24],[3,23,15,11,19,7,20,24],[15,19,3,11,23,7,20,24],[7,19,11,15,23,3,20,24],[3,7,11,15,23,19,20,24],[19,11,3,23,7,15,24],[11,3,19,15,23,7,20,24],[15,11,3,23,19,7,24],[19,11,15,7,3,23,20,24],[3,11,15,7,23,19,20,24],[19,7,15,11,23,3,24],[15,7,11,3,19,23,20,24],[19,3,11,23,15,7,24],[11,15,7,19,3,23,24],[7,23,3,19,15,11,20,24],[23,15,19,7,3,11,24],[11,19,15,3,7,23,20,24],[11,3,15,19,7,23,20,24],[7,3,19,23,11,15,24],[23,15,11,3,19,7,24],[23,19,11,7,15,3,24],[3,7,19,15,11,23,20,24],[23,15,7,11,19,3,20,24],[23,3,15,11,19,7,24],[11,3,19,23,7,15,20,24],[11,3,23,19,15,7,20,24],[15,3,19,7,11,23,20,24],[7,23,15,3,11,19,24],[11,15,19,3,7,23,24],[15,19,3,7,11,23,24],[7,11,19,23,15,3,24],[7,23,19,11,15,3,24],[19,23,7,15,11,3,20,24],[11,3,15,23,19,7,20,24],[11,7,15,3,19,23,20,24],[19,7,15,11,3,23,24],[19,23,3,7,15,11,24],[19,15,3,23,7,11,20,24],[23,7,11,15,19,3,20,24],[23,3,15,11,7,19,24],[3,15,19,7,11,23,24],[15,11,3,7,19,23,20,24],[7,11,23,19,15,3,24],[19,23,3,7,15,11,24],[11,19,7,15,23,3,24],[3,23,19,7,15,11,24],[15,19,7,23,11,3,20,24],[15,19,23,3,7,11,24],[11,3,23,7,19,15,24],[19,23,15,3,7,11,20,24],[23,19,15,3,11,7,20,24],[11,19,15,23,7,3,24],[11,3,23,7,15,19,20,24],[23,11,19,15,3,7,24],[23,3,15,19,7,11,24],[3,15,19,11,23,7,20,24],[23,19,7,11,15,3,20,24],[15,3,23,11,19,7,20,24],[23,7,3,11,19,15,20,24],[11,3,7,23,15,19,24],[15,7,11,23,3,19,24],[15,11,23,7,19,3,20,24],[15,11,23,3,7,19,24],[11,7,3,19,15,23,24],[3,23,11,15,19,7,24],[7,3,19,15,11,23,20,24],[19,3,11,7,23,15,24],[3,23,7,15,19,11,24],[7,19,11,23,3,15,24],[19,23,7,15,3,11,20,24],[11,23,15,3,7,19,20,24],[15,19,3,23,11,7,20,24],[11,19,3,23,15,7,20,24],[11,3,7,19,15,23,20,24],[19,11,23,3,15,7,24],[23,7,19,11,15,3,24],[15,19,23,11,7,3,20,24],[23,7,11,15,3,19,20,24],[15,7,23,19,11,3,20,24],[3,11,15,19,23,7,24],[7,11,19,23,15,3,20,24],[19,3,23,15,11,7,24],[19,7,3,23,15,11,20,24],[15,23,11,19,3,7,24],[19,23,7,15,3,11,24],[15,23,11,19,3,7,24],[23,11,7,15,19,3,24],[19,3,7,15,23,11,20,24],[3,7,15,23,11,19,20,24],[11,3,15,23,19,7,24],[7,3,19,23,15,11,24],[11,7,19,23,15,3,20,24],[15,7,11,19,3,23,20,24],[3,15,11,7,23,19,24],[23,19,7,11,3,15,24],[11,19,23,7,15,3,20,24],[23,3,19,15,11,7,20,24],[23,15,7,11,19,3,24],[11,15,3,7,19,23,20,24],[7,23,3,11,19,15,20,24],[3,7,11,23,15,19,20,24],[7,23,11,3,19,15,24],[3,11,7,19,15,23,20,24],[23,19,3,7,11,15,20,24],[11,7,23,15,19,3,20,24],[3,15,23,19,11,7,20,24],[7,3,11,23,19,15,20,24],[15,11,19,23,3,7,20,24],[11,23,7,19,15,3,20,24],[19,7,3,15,23,11,20,24],[15,11,7,19,23,3,20,24],[3,7,15,11,19,23,24],[11,23,3,19,7,15,20,24],[11,3,7,19,23,15,20,24],[7,3,15,11,19,23,20,24],[3,23,19,11,7,15,20,24],[11,3,7,23,15,19,24],[23,19,3,11,7,15,24],[3,23,7,15,19,11,20,24],[7,3,11,19,23,15,20,24],[15,3,19,23,11,7,20,24],[11,7,19,15,3,23,20,24],[19,15,3,11,7,23,20,24],[19,3,11,15,23,7,20,24],[15,23,19,7,11,3,20,24],[3,15,11,7,23,19,24],[15,19,11,7,3,23,24],[3,15,7,11,23,19,20,24],[3,15,7,11,23,19,20,24],[7,23,19,15,11,3,20,24],[7,11,23,15,19,3,24],[11,7,23,3,15,19,24],[11,3,19,23,15,7,24],[15,11,3,23,7,19,20,24],[3,11,7,15,19,23,24],[15,3,23,7,19,11,20,24],[11,23,19,3,7,15,20,24],[15,7,3,11,23,19,24],[23,11,19,15,3,7,20,24],[23,19,11,3,7,15,24],[11,23,15,3,7,19,20,24],[7,11,3,15,23,19,20,24],[11,19,15,23,7,3,20,24],[19,11,23,3,7,15,24],[11,15,19,7,23,3,20,24],[7,23,19,3,11,15,24],[7,3,19,23,15,11,20,24],[23,19,15,11,3,7,20,24],[19,23,7,3,11,15,24],[15,19,11,23,3,7,20,24],[19,3,23,7,11,15,20,24],[23,11,15,19,3,7,20,24],[7,23,3,19,15,11,20,24],[7,23,15,19,11,3,20,24],[23,19,3,15,11,7,20,24],[3,7,19,15,23,11,24],[23,11,15,7,19,3,24],[7,15,23,19,3,11,20,24],[23,19,7,15,11,3,20,24],[3,23,7,19,11,15,24],[23,11,19,7,15,3,20,24],[15,19,3,7,23,11,24],[15,7,23,19,3,11,24],[11,3,19,23,15,7,20,24],[15,19,11,23,3,7,24],[19,23,15,7,3,11,20,24],[11,15,7,23,19,3,20,24],[3,23,19,15,11,7,20,24],[11,23,7,19,3,15,24],[7,19,11,3,23,15,24],[7,23,3,19,11,15,20,24],[19,7,11,3,23,15,24],[15,11,7,19,23,3,24],[3,19,15,11,23,7,20,24],[19,11,23,7,15,3,20,24],[7,11,15,19,3,23,20,24],[23,7,15,11,3,19,20,24],[23,19,11,3,15,7,20,24],[15,23,7,3,19,11,24],[3,23,19,15,11,7,20,24],[15,7,23,19,11,3,20,24],[3,23,15,7,19,11,24],[7,23,15,19,11,3,20,24],[23,11,7,15,3,19,20,24],[19,11,23,15,7,3,24],[15,23,19,3,7,11,24],[7,23,3,15,11,19,24],[3,15,23,7,11,19,20,24],[7,23,3,11,19,15,24],[3,23,7,15,19,11,24],[15,19,11,23,3,7,24],[11,3,15,19,7,23,24],[15,11,23,7,19,3,24],[7,15,19,3,23,11,24],[11,15,19,3,23,7,20,24],[7,3,15,19,23,11,20,24],[15,11,3,19,7,23,20,24],[3,15,11,19,23,7,20,24],[19,7,11,23,15,3,24],[7,3,23,11,19,15,24],[15,23,3,7,19,11,24],[19,15,23,3,7,11,20,24],[7,15,23,11,3,19,20,24],[7,3,23,19,15,11,24],[23,7,3,19,15,11,20,24],[15,19,7,3,11,23,20,24],[3,15,7,11,19,23,24],[23,11,3,7,15,19,24],[19,3,7,15,11,23,24],[7,19,23,3,11,15,24],[23,3,19,7,11,15,20,24],[23,19,7,3,15,11,24],[7,15,11,23,19,3,24],[7,3,23,15,19,11,24],[23,11,15,3,19,7,24],[11,3,7,23,15,19,20,24],[15,23,3,7,11,19,20,24],[11,15,23,3,19,7,20,24],[11,7,23,15,19,3,20,24],[19,7,15,11,23,3,24],[7,3,15,11,23,19,24],[11,15,19,23,7,3,24],[7,19,23,3,11,15,24],[11,3,7,15,19,23,24],[15,3,7,23,19,11,20,24],[23,11,15,19,7,3,20,24],[7,23,19,11,3,15,24],[3,11,19,15,7,23,20,24],[15,19,23,7,3,11,20,24],[15,19,11,7,23,3,20,24],[11,3,15,19,23,7,24],[11,23,7,3,19,15,24],[11,7,15,19,3,23,20,24],[3,23,7,15,11,19,20,24],[3,15,7,23,11,19,20,24],[23,3,15,7,19,11,20,24],[19,23,7,11,3,15,24],[7,11,23,3,19,15,20,24],[19,23,3,7,15,11,24],[3,23,11,7,19,15,24],[19,23,15,11,7,3,20,24],[23,19,11,15,7,3,24],[19,23,3,11,15,7,24],[19,11,15,23,7,3,24],[11,7,15,19,3,23,24],[3,23,19,7,11,15,24],[11,23,19,7,15,3,20,24],[7,23,3,11,15,19,20,24],[11,15,23,7,3,19,20,24],[23,3,7,15,11,19,20,24],[15,19,7,3,23,11,24],[19,3,11,7,15,23,20,24],[23,3,11,19,15,7,20,24],[7,11,23,15,19,3,20,24],[7,15,3,23,11,19,24]],"n_human":9}