{"problem_id": "19mjNYiWu0No6AG", "sigma": 150, "alpha": 3.162, "cost": 0, "probabilities": "[0.2, 0.24, 0.31, 0.25]", "payoff_matrix": "[[-62, 88, 193, -188, 82, -97], [-91, -80, 344, -254, -6, 37], [-71, -4, -50, -250, 22, 47], [-102, 0, -245, -256, 344, 45]]", "uncovered": [[15, 11, 7, 19, 23, 3, 20, 22, 24, 18, 21, 8], [19, 23, 11, 7, 15, 3, 20, 24, 22, 18, 21, 6], [11, 15, 19, 3, 7, 23, 20, 24, 22, 18, 21, 6], [19, 7, 15, 11, 3, 23, 24, 20, 22, 18, 6, 21], [3, 23, 7, 11, 19, 15, 24, 20, 18, 22, 21, 8], [7, 19, 23, 15, 11, 3, 24, 20, 18, 22, 17], [11, 3, 15, 23, 7, 19, 20, 22, 24, 18, 21, 8], [15, 7, 19, 3, 11, 23, 20, 24, 22, 18, 21, 6], [19, 11, 15, 7, 3, 23, 24, 20, 22, 18, 17], [19, 11, 23, 7, 15, 3, 24, 20, 22, 18, 8, 21], [11, 19, 23, 7, 15, 3, 24, 20, 22, 18, 17], [3, 23, 11, 19, 7, 15, 24, 20, 18, 22, 17], [7, 11, 3, 15, 19, 23, 20, 24, 18, 22, 17], [3, 7, 11, 15, 23, 19, 24, 20, 18, 22, 17], [3, 7, 19, 11, 15, 23, 20, 22, 24, 18, 8, 21], [7, 19, 3, 23, 15, 11, 24, 20, 18, 22, 21, 8], [15, 23, 19, 11, 7, 3, 20, 24, 22, 18, 21, 6], [7, 15, 3, 23, 19, 11, 20, 24, 18, 22, 17], [23, 15, 3, 11, 19, 7, 24, 20, 18, 22, 17], [19, 23, 7, 11, 15, 3, 24, 20, 18, 22, 6, 17], [7, 11, 23, 15, 19, 3, 20, 24, 22, 18, 17], [19, 3, 11, 15, 7, 23, 20, 24, 18, 22, 21, 8], [19, 23, 15, 3, 11, 7, 24, 20, 22, 18, 6, 17], [7, 15, 19, 11, 3, 23, 24, 20, 18, 22, 21, 5, 8], [15, 11, 7, 19, 3, 23, 20, 24, 22, 18, 17], [19, 7, 23, 11, 15, 3, 24, 20, 18, 22, 21, 8], [23, 3, 19, 7, 15, 11, 20, 24, 22, 18, 17], [15, 7, 23, 3, 11, 19, 20, 24, 22, 18, 17], [7, 11, 19, 23, 3, 15, 20, 24, 18, 22, 17], [11, 15, 23, 3, 19, 7, 24, 20, 18, 22, 21, 8], [19, 3, 23, 15, 7, 11, 24, 20, 22, 18, 21, 8], [23, 7, 15, 11, 3, 19, 20, 24, 22, 18, 17], [19, 11, 3, 7, 23, 15, 20, 24, 18, 22, 17], [15, 19, 11, 7, 3, 23, 24, 20, 18, 22, 17], [11, 3, 7, 15, 19, 23, 24, 20, 18, 22, 21, 6], [15, 3, 11, 23, 19, 7, 20, 24, 18, 22, 6, 21], [23, 19, 3, 7, 11, 15, 24, 20, 22, 18, 21, 5, 8], [11, 23, 15, 19, 3, 7, 20, 24, 18, 22, 21, 8], [11, 19, 23, 7, 15, 3, 24, 20, 18, 22, 21, 6], [15, 7, 3, 19, 11, 23, 24, 20, 22, 18, 21, 8], [19, 7, 3, 11, 15, 23, 20, 24, 18, 22, 17], [11, 19, 23, 7, 3, 15, 20, 24, 22, 18, 21, 8], [23, 11, 19, 3, 7, 15, 24, 20, 22, 18, 17], [7, 3, 11, 19, 23, 15, 20, 24, 22, 18, 17], [3, 15, 19, 7, 23, 11, 24, 20, 18, 22, 17], [11, 19, 7, 23, 15, 3, 24, 20, 22, 18, 21, 8], [7, 19, 15, 11, 23, 3, 24, 20, 22, 18, 8, 21], [3, 15, 19, 7, 11, 23, 24, 20, 18, 22, 17], [7, 11, 15, 19, 3, 23, 24, 20, 22, 18, 21, 8], [23, 15, 19, 3, 7, 11, 24, 20, 18, 22, 21, 6], [3, 11, 19, 23, 15, 7, 24, 20, 22, 18, 21, 8], [19, 7, 11, 15, 23, 3, 24, 20, 18, 22, 21, 6], [11, 23, 3, 15, 7, 19, 24, 20, 22, 18, 17], [11, 19, 15, 3, 23, 7, 20, 24, 22, 18, 21, 6], [7, 23, 15, 11, 19, 3, 20, 24, 18, 22, 17], [7, 23, 19, 15, 3, 11, 20, 24, 18, 22, 17], [15, 23, 11, 19, 7, 3, 20, 22, 24, 18, 17], [19, 23, 3, 15, 11, 7, 24, 20, 18, 22, 5, 8, 17], [3, 7, 23, 11, 15, 19, 20, 24, 18, 22, 17], [23, 15, 11, 3, 7, 19, 20, 24, 18, 22, 21, 8], [23, 19, 15, 7, 11, 3, 24, 20, 18, 22, 21, 8], [15, 7, 19, 23, 3, 11, 20, 22, 24, 18, 8, 21], [15, 7, 23, 3, 11, 19, 24, 20, 18, 22, 17], [3, 15, 11, 7, 19, 23, 20, 22, 24, 18, 21, 6], [11, 3, 15, 23, 19, 7, 20, 24, 18, 22, 17], [7, 3, 19, 15, 23, 11, 20, 24, 22, 18, 21, 6], [11, 15, 23, 3, 19, 7, 20, 24, 18, 22, 8, 21], [15, 23, 19, 11, 7, 3, 20, 24, 22, 18, 21, 8], [11, 3, 15, 19, 23, 7, 20, 24, 18, 22, 17], [15, 11, 19, 7, 3, 23, 20, 24, 18, 22, 17], [11, 7, 15, 19, 3, 23, 20, 24, 22, 18, 5, 17], [3, 19, 23, 7, 11, 15, 24, 20, 18, 22, 21, 8], [23, 7, 19, 11, 15, 3, 24, 20, 18, 22, 21, 8], [23, 15, 7, 11, 3, 19, 20, 22, 24, 18, 21, 8], [7, 19, 23, 15, 3, 11, 24, 20, 22, 18, 17], [23, 11, 15, 19, 7, 3, 24, 20, 22, 18, 17], [19, 7, 23, 3, 11, 15, 20, 22, 24, 18, 21, 8], [23, 19, 7, 15, 3, 11, 24, 20, 18, 22, 21, 6], [11, 15, 7, 3, 23, 19, 20, 24, 22, 18, 21, 5, 8], [23, 7, 19, 11, 3, 15, 20, 24, 22, 18, 21, 6], [3, 23, 19, 11, 15, 7, 24, 20, 18, 22, 21, 8], [7, 19, 3, 15, 11, 23, 24, 20, 18, 22, 21, 8], [11, 15, 3, 7, 23, 19, 20, 24, 22, 18, 17], [23, 19, 3, 7, 15, 11, 24, 20, 22, 18, 17], [15, 11, 7, 23, 3, 19, 24, 20, 18, 22, 17], [11, 7, 23, 19, 15, 3, 24, 20, 22, 18, 21, 6], [23, 7, 3, 19, 11, 15, 20, 24, 18, 22, 21, 5, 8], [7, 23, 19, 3, 15, 11, 24, 20, 22, 18, 17], [19, 15, 7, 3, 11, 23, 20, 24, 22, 18, 17], [15, 23, 7, 11, 19, 3, 24, 20, 18, 22, 21, 8], [15, 7, 19, 3, 23, 11, 20, 22, 24, 18, 21, 6], [3, 11, 19, 15, 7, 23, 20, 21, 8, 6, 22, 24, 18], [11, 15, 7, 23, 19, 3, 20, 24, 18, 22, 21, 5, 6], [15, 7, 3, 11, 19, 23, 24, 20, 18, 22, 17], [7, 23, 15, 11, 3, 19, 20, 24, 22, 18, 17], [19, 23, 3, 15, 7, 11, 20, 24, 18, 22, 17], [7, 19, 11, 15, 23, 3, 20, 24, 22, 18, 21, 5, 8], [3, 11, 15, 7, 19, 23, 20, 24, 18, 22, 17], [15, 7, 11, 23, 3, 19, 20, 24, 22, 18, 21, 6], [15, 11, 3, 7, 19, 23, 20, 24, 22, 18, 21, 8], [15, 3, 19, 23, 7, 11, 20, 24, 18, 22, 17], [23, 7, 3, 11, 15, 19, 20, 24, 18, 22, 21, 8], [19, 23, 15, 7, 3, 11, 20, 22, 24, 18, 21, 6], [3, 15, 11, 7, 19, 23, 20, 24, 18, 22, 17], [11, 3, 23, 7, 15, 19, 20, 24, 18, 22, 21, 8], [15, 19, 11, 3, 23, 7, 20, 22, 24, 18, 17], [23, 15, 11, 3, 19, 7, 20, 24, 22, 18, 21, 6], [7, 23, 11, 19, 15, 3, 24, 20, 22, 18, 21, 6], [7, 3, 11, 15, 23, 19, 24, 20, 22, 18, 21, 8], [23, 7, 15, 19, 11, 3, 20, 24, 22, 18, 17], [23, 11, 3, 7, 15, 19, 24, 20, 18, 22, 17], [3, 11, 19, 15, 23, 7, 20, 24, 18, 22, 21, 6], [19, 3, 7, 11, 23, 15, 20, 24, 22, 18, 17], [11, 7, 15, 19, 23, 3, 24, 20, 18, 22, 17], [23, 15, 11, 7, 3, 19, 20, 24, 22, 18, 21, 5, 8], [7, 11, 15, 19, 3, 23, 24, 20, 18, 22, 17], [23, 11, 7, 19, 3, 15, 20, 24, 22, 18, 21, 8], [23, 7, 11, 15, 3, 19, 24, 20, 18, 22, 17], [11, 15, 19, 7, 23, 3, 24, 20, 18, 22, 17], [11, 23, 19, 7, 3, 15, 24, 20, 22, 18, 21, 8], [15, 23, 19, 7, 11, 3, 24, 20, 22, 18, 17], [7, 19, 23, 15, 3, 11, 20, 24, 22, 18, 17], [15, 3, 7, 11, 23, 19, 24, 20, 18, 22, 17], [15, 7, 3, 23, 11, 19, 20, 24, 18, 22, 17], [11, 19, 7, 15, 3, 23, 20, 24, 22, 18, 17], [7, 23, 11, 19, 15, 3, 20, 24, 22, 18, 17], [3, 19, 11, 23, 7, 15, 20, 24, 18, 22, 17], [23, 15, 19, 7, 11, 3, 24, 20, 18, 22, 17], [11, 23, 7, 19, 3, 15, 24, 20, 18, 22, 21, 8], [7, 19, 3, 15, 23, 11, 20, 24, 18, 22, 21, 6], [23, 11, 3, 15, 7, 19, 20, 22, 24, 18, 21, 5, 8], [11, 3, 15, 23, 7, 19, 24, 20, 22, 18, 21, 8], [23, 15, 7, 19, 3, 11, 24, 20, 22, 18, 17], [7, 11, 23, 15, 3, 19, 20, 24, 18, 22, 17], [3, 7, 11, 19, 23, 15, 20, 24, 22, 18, 17], [3, 15, 11, 19, 7, 23, 20, 22, 24, 18, 17], [3, 23, 7, 15, 19, 11, 24, 20, 22, 18, 21, 8], [15, 3, 19, 7, 23, 11, 20, 24, 22, 18, 21, 8], [15, 19, 23, 7, 3, 11, 24, 20, 22, 18, 17], [11, 3, 7, 23, 19, 15, 24, 20, 18, 22, 17], [15, 3, 23, 11, 7, 19, 24, 20, 18, 22, 17], [3, 7, 11, 15, 19, 23, 24, 20, 22, 18, 6, 17], [15, 7, 11, 3, 23, 19, 24, 20, 22, 18, 21, 5, 8], [15, 7, 3, 11, 23, 19, 24, 20, 22, 18, 17], [11, 19, 7, 15, 3, 23, 24, 20, 18, 22, 21, 6], [11, 15, 7, 3, 19, 23, 20, 24, 22, 18, 21, 8], [23, 19, 11, 7, 15, 3, 20, 22, 24, 18, 21, 6], [23, 19, 7, 15, 11, 3, 20, 22, 18, 24, 17], [15, 7, 23, 3, 19, 11, 20, 24, 18, 22, 21, 6], [15, 11, 19, 3, 7, 23, 20, 24, 22, 18, 17], [3, 19, 23, 15, 7, 11, 20, 24, 18, 22, 21, 8], [7, 11, 19, 15, 23, 3, 24, 20, 22, 18, 21, 5, 8], [3, 23, 7, 15, 19, 11, 24, 20, 18, 22, 17], [11, 23, 15, 7, 3, 19, 24, 20, 22, 18, 21, 8], [7, 3, 23, 15, 11, 19, 24, 20, 18, 22, 17], [3, 19, 7, 23, 11, 15, 24, 20, 22, 18, 17], [19, 11, 23, 15, 7, 3, 20, 24, 22, 18, 21, 8], [7, 15, 23, 19, 11, 3, 24, 20, 22, 18, 21, 5, 8], [7, 15, 23, 11, 19, 3, 24, 20, 22, 18, 21, 6], [15, 11, 19, 7, 23, 3, 20, 24, 22, 18, 21, 6], [11, 3, 15, 19, 23, 7, 20, 24, 22, 18, 17], [15, 7, 3, 11, 23, 19, 24, 20, 22, 18, 17], [7, 15, 11, 23, 3, 19, 24, 20, 18, 22, 17], [3, 19, 23, 11, 7, 15, 24, 20, 22, 18, 21, 8], [3, 11, 19, 7, 15, 23, 24, 20, 18, 22, 17], [15, 23, 7, 19, 3, 11, 20, 24, 18, 22, 17], [3, 7, 15, 23, 19, 11, 20, 24, 18, 22, 21, 8], [15, 19, 23, 7, 11, 3, 24, 20, 22, 18, 21, 8], [7, 23, 11, 3, 19, 15, 20, 24, 22, 18, 17], [7, 11, 3, 23, 19, 15, 20, 24, 22, 18, 21, 8], [7, 11, 23, 3, 19, 15, 24, 20, 18, 22, 21, 8], [23, 7, 19, 3, 15, 11, 20, 24, 22, 18, 8, 17], [15, 19, 23, 3, 11, 7, 20, 24, 22, 18, 5, 17], [23, 15, 3, 7, 19, 11, 24, 20, 18, 22, 21, 8], [11, 15, 7, 3, 23, 19, 24, 20, 22, 18, 21, 8], [15, 23, 3, 11, 19, 7, 20, 22, 24, 18, 17], [19, 3, 7, 23, 15, 11, 20, 24, 22, 18, 17], [11, 7, 23, 3, 15, 19, 24, 20, 18, 22, 8, 21], [19, 23, 15, 11, 3, 7, 20, 24, 22, 18, 21, 8], [7, 15, 23, 19, 3, 11, 20, 22, 24, 18, 21, 8], [7, 3, 15, 19, 11, 23, 20, 24, 22, 18, 17], [7, 15, 11, 23, 3, 19, 20, 24, 18, 22, 17], [19, 15, 23, 11, 3, 7, 24, 20, 22, 18, 6, 17], [23, 15, 11, 3, 19, 7, 24, 20, 18, 22, 17], [23, 3, 19, 7, 15, 11, 24, 20, 22, 18, 17], [23, 7, 19, 3, 15, 11, 24, 20, 18, 22, 21, 8], [11, 7, 3, 23, 19, 15, 20, 24, 18, 22, 17], [15, 3, 23, 7, 11, 19, 24, 20, 18, 22, 21, 8], [7, 11, 15, 23, 3, 19, 20, 24, 18, 22, 17], [7, 15, 11, 23, 3, 19, 24, 20, 18, 22, 21, 6], [3, 7, 19, 15, 11, 23, 24, 20, 22, 18, 21, 8], [19, 23, 3, 11, 15, 7, 24, 20, 18, 22, 17], [7, 15, 3, 23, 19, 11, 20, 24, 18, 22, 21, 6], [15, 19, 11, 23, 7, 3, 24, 20, 22, 18, 6, 17], [11, 15, 7, 19, 23, 3, 20, 24, 18, 22, 8, 21], [23, 7, 3, 19, 11, 15, 20, 24, 18, 22, 17], [7, 23, 3, 11, 19, 15, 20, 24, 22, 18, 21, 5, 8], [3, 15, 19, 7, 23, 11, 24, 20, 18, 22, 21, 8], [15, 11, 7, 3, 19, 23, 20, 24, 18, 22, 21, 8], [23, 7, 15, 11, 19, 3, 20, 24, 22, 18, 21, 6], [11, 7, 19, 23, 3, 15, 24, 20, 18, 22, 21, 6], [3, 19, 15, 23, 11, 7, 24, 20, 18, 22, 21, 8], [11, 19, 23, 3, 7, 15, 24, 20, 18, 22, 21, 8], [23, 3, 11, 7, 15, 19, 20, 24, 22, 18, 17], [3, 23, 19, 7, 15, 11, 20, 24, 22, 18, 17], [11, 7, 19, 15, 23, 3, 20, 22, 24, 18, 21, 5, 8], [7, 19, 3, 23, 11, 15, 24, 20, 22, 18, 21, 6], [15, 3, 19, 11, 7, 23, 24, 20, 22, 18, 21, 8], [7, 23, 3, 15, 19, 11, 24, 20, 22, 18, 21, 8], [11, 3, 19, 15, 7, 23, 20, 24, 18, 22, 21, 8], [15, 7, 11, 3, 19, 23, 24, 20, 22, 18, 17], [11, 3, 23, 19, 15, 7, 24, 20, 18, 22, 17], [3, 7, 15, 23, 19, 11, 24, 20, 22, 18, 17], [19, 7, 23, 11, 15, 3, 24, 20, 22, 18, 21, 8], [19, 23, 3, 11, 15, 7, 20, 24, 22, 18, 17], [23, 15, 11, 3, 7, 19, 24, 20, 22, 18, 21, 8], [3, 23, 15, 7, 19, 11, 24, 20, 22, 18, 21, 8], [19, 3, 7, 15, 11, 23, 20, 24, 22, 18, 21, 8], [7, 3, 11, 15, 23, 19, 24, 20, 18, 22, 17], [3, 19, 15, 7, 11, 23, 24, 20, 22, 18, 21, 8], [15, 23, 3, 19, 11, 7, 24, 20, 18, 22, 17], [19, 11, 7, 23, 3, 15, 24, 20, 22, 18, 21, 8], [23, 19, 11, 15, 3, 7, 24, 20, 18, 22, 17], [7, 15, 19, 3, 23, 11, 24, 20, 22, 18, 21, 8], [11, 3, 19, 23, 15, 7, 20, 24, 18, 22, 17], [3, 7, 19, 23, 15, 11, 20, 24, 22, 18, 8, 21], [19, 3, 15, 23, 7, 11, 24, 20, 18, 22, 17], [3, 19, 11, 15, 7, 23, 24, 20, 22, 18, 17], [23, 19, 11, 15, 3, 7, 24, 20, 18, 22, 17], [15, 7, 3, 19, 11, 23, 20, 24, 22, 18, 21, 6], [15, 7, 23, 11, 3, 19, 24, 20, 22, 18, 21, 8], [15, 11, 19, 23, 3, 7, 20, 24, 22, 18, 17], [15, 23, 11, 7, 3, 19, 24, 20, 18, 22, 17], [15, 11, 19, 7, 3, 23, 20, 24, 22, 18, 17], [3, 19, 23, 15, 11, 7, 24, 20, 18, 22, 21, 8], [11, 19, 23, 7, 3, 15, 20, 24, 18, 22, 17], [11, 23, 15, 3, 7, 19, 20, 24, 22, 18, 21, 8], [7, 11, 15, 3, 19, 23, 20, 24, 18, 22, 21, 6], [23, 15, 7, 3, 19, 11, 20, 24, 22, 18, 21, 8], [15, 11, 7, 19, 3, 23, 24, 20, 18, 22, 17], [3, 15, 19, 23, 7, 11, 20, 24, 22, 18, 21, 10, 12], [19, 3, 15, 23, 11, 7, 24, 20, 22, 18, 21, 8], [11, 23, 15, 19, 3, 7, 20, 24, 22, 18, 6, 17], [23, 11, 15, 19, 7, 3, 20, 24, 18, 22, 21, 6], [3, 11, 7, 15, 23, 19, 20, 24, 18, 22, 17], [7, 15, 11, 3, 19, 23, 20, 22, 24, 18, 8, 17], [7, 15, 11, 23, 19, 3, 24, 20, 18, 22, 17], [23, 7, 3, 15, 19, 11, 24, 20, 22, 18, 17], [23, 7, 3, 15, 19, 11, 24, 20, 18, 22, 6, 17], [11, 3, 19, 23, 15, 7, 24, 20, 22, 18, 21, 8], [19, 11, 23, 15, 3, 7, 24, 20, 18, 22, 17], [7, 23, 11, 19, 3, 15, 24, 20, 22, 18, 17], [15, 7, 19, 3, 23, 11, 20, 24, 18, 22, 21, 10, 12], [23, 11, 19, 3, 7, 15, 24, 20, 18, 22, 21, 6], [11, 3, 7, 15, 19, 23, 20, 24, 18, 22, 21, 6], [3, 7, 15, 23, 19, 11, 20, 24, 22, 18, 21, 8], [11, 19, 15, 7, 23, 3, 20, 24, 22, 18, 17], [11, 3, 23, 7, 15, 19, 20, 24, 18, 22, 21, 8], [7, 23, 3, 15, 19, 11, 24, 20, 22, 18, 21, 5, 8], [7, 3, 11, 15, 23, 19, 24, 20, 22, 18, 17], [19, 11, 3, 7, 23, 15, 24, 20, 22, 18, 21, 8], [3, 19, 23, 7, 15, 11, 24, 20, 18, 22, 17], [19, 15, 3, 11, 7, 23, 20, 24, 18, 22, 17], [23, 7, 3, 19, 15, 11, 20, 24, 18, 22, 21, 8], [23, 7, 15, 3, 19, 11, 24, 20, 18, 22, 21, 8], [3, 11, 23, 15, 7, 19, 20, 24, 22, 18, 17], [7, 23, 15, 19, 3, 11, 20, 24, 22, 18, 21, 8], [3, 23, 7, 15, 19, 11, 20, 24, 18, 22, 21, 8], [15, 23, 19, 7, 11, 3, 24, 20, 22, 18, 21, 6], [7, 11, 19, 23, 15, 3, 24, 20, 22, 18, 21, 8], [11, 23, 15, 19, 7, 3, 20, 24, 18, 22, 21, 8], [23, 3, 15, 7, 19, 11, 20, 22, 24, 18, 21, 8], [23, 19, 11, 3, 7, 15, 20, 24, 18, 22, 17], [7, 3, 19, 11, 15, 23, 24, 20, 22, 18, 17], [11, 3, 23, 15, 19, 7, 24, 20, 22, 18, 21, 6], [11, 19, 15, 3, 23, 7, 24, 20, 22, 18, 21, 8], [15, 23, 3, 19, 7, 11, 24, 20, 18, 22, 17], [23, 15, 7, 19, 3, 11, 20, 24, 18, 22, 17], [23, 11, 19, 3, 15, 7, 24, 20, 22, 18, 21, 8], [3, 15, 11, 19, 23, 7, 20, 24, 18, 22, 17], [11, 7, 23, 15, 3, 19, 24, 20, 18, 22, 21, 6], [15, 11, 19, 7, 23, 3, 24, 20, 18, 22, 8, 21], [15, 11, 23, 3, 19, 7, 24, 20, 22, 18, 21, 8], [11, 19, 3, 7, 15, 23, 24, 20, 22, 18, 21, 8], [19, 3, 23, 7, 11, 15, 20, 22, 24, 18, 21, 6], [15, 7, 19, 11, 23, 3, 24, 20, 18, 22, 17], [3, 15, 7, 11, 23, 19, 24, 20, 18, 22, 17], [7, 3, 11, 15, 19, 23, 20, 24, 22, 18, 6, 21], [19, 11, 15, 7, 3, 23, 20, 24, 18, 22, 21, 8], [3, 15, 11, 23, 7, 19, 24, 20, 18, 22, 17], [15, 7, 11, 23, 3, 19, 20, 24, 18, 22, 17], [15, 11, 19, 3, 7, 23, 24, 20, 22, 18, 8, 21], [23, 7, 3, 15, 19, 11, 20, 24, 18, 22, 21, 6], [19, 23, 3, 7, 11, 15, 24, 20, 22, 18, 17], [7, 23, 11, 19, 3, 15, 20, 24, 18, 22, 17], [11, 15, 19, 3, 7, 23, 20, 24, 18, 22, 17], [15, 11, 7, 3, 19, 23, 24, 20, 22, 18, 17], [19, 11, 7, 15, 3, 23, 20, 24, 18, 22, 21, 6], [7, 15, 3, 19, 23, 11, 20, 24, 18, 22, 21, 6], [3, 11, 19, 15, 23, 7, 20, 24, 18, 22, 21, 8], [11, 7, 23, 19, 3, 15, 20, 24, 22, 18, 17], [23, 15, 7, 3, 11, 19, 20, 24, 22, 18, 17], [23, 7, 15, 3, 19, 11, 20, 24, 22, 18, 17], [15, 3, 23, 19, 11, 7, 20, 24, 18, 22, 21, 8], [19, 15, 3, 11, 23, 7, 20, 22, 24, 18, 21, 8], [15, 19, 7, 3, 11, 23, 24, 20, 22, 18, 17], [23, 7, 11, 3, 19, 15, 24, 20, 18, 22, 17], [3, 19, 11, 23, 7, 15, 20, 24, 18, 22, 8, 17], [7, 23, 3, 15, 19, 11, 24, 20, 22, 18, 17], [19, 23, 15, 11, 3, 7, 20, 24, 22, 18, 17], [11, 7, 23, 19, 15, 3, 20, 24, 18, 22, 21, 6], [11, 23, 19, 15, 7, 3, 24, 20, 18, 22, 21, 6], [7, 19, 11, 3, 15, 23, 24, 20, 18, 22, 17], [11, 7, 23, 15, 19, 3, 24, 20, 22, 18, 21, 6], [23, 7, 3, 15, 19, 11, 20, 22, 24, 18, 21, 6], [3, 15, 19, 7, 23, 11, 24, 20, 22, 18, 21, 6], [23, 15, 11, 7, 3, 19, 24, 20, 18, 22, 21, 8], [23, 15, 7, 19, 3, 11, 20, 24, 22, 18, 17], [3, 15, 23, 19, 7, 11, 24, 20, 22, 18, 21, 5, 6], [7, 19, 15, 23, 3, 11, 24, 20, 22, 18, 21, 8], [23, 19, 7, 3, 11, 15, 20, 24, 18, 22, 17], [11, 19, 23, 7, 15, 3, 24, 20, 18, 22, 21, 8], [15, 11, 19, 3, 23, 7, 24, 20, 18, 22, 21, 5, 6], [23, 19, 15, 11, 7, 3, 20, 24, 18, 22, 21, 8], [3, 23, 19, 7, 11, 15, 24, 20, 18, 22, 21, 8], [11, 19, 15, 23, 7, 3, 20, 24, 18, 22, 21, 8], [23, 11, 15, 7, 19, 3, 20, 24, 22, 18, 17], [11, 3, 7, 19, 15, 23, 24, 20, 18, 22, 17], [19, 3, 7, 23, 15, 11, 24, 20, 22, 18, 17], [3, 23, 7, 19, 15, 11, 24, 20, 22, 18, 17], [11, 23, 3, 7, 19, 15, 20, 22, 24, 18, 21, 8], [23, 7, 15, 19, 3, 11, 24, 20, 22, 18, 21, 8], [19, 3, 15, 7, 11, 23, 24, 20, 18, 22, 21, 6], [3, 11, 19, 23, 7, 15, 20, 22, 24, 18, 17], [15, 11, 19, 7, 3, 23, 20, 24, 22, 18, 17], [23, 3, 19, 11, 15, 7, 20, 22, 24, 18, 21, 6], [23, 15, 7, 3, 11, 19, 24, 20, 22, 18, 17], [3, 7, 11, 19, 15, 23, 20, 24, 18, 22, 21, 6], [19, 15, 23, 3, 11, 7, 20, 24, 22, 18, 6, 17], [19, 7, 15, 23, 11, 3, 24, 20, 22, 18, 21, 5, 8], [23, 7, 15, 19, 3, 11, 20, 24, 18, 22, 17], [19, 15, 7, 3, 23, 11, 24, 20, 18, 22, 17], [23, 15, 3, 11, 7, 19, 24, 20, 22, 18, 17], [19, 23, 15, 7, 3, 11, 20, 24, 18, 22, 17], [23, 19, 3, 11, 7, 15, 24, 20, 18, 22, 21, 8], [19, 15, 7, 3, 11, 23, 20, 24, 22, 18, 21, 8], [23, 19, 3, 11, 15, 7, 20, 22, 24, 18, 17], [3, 15, 19, 11, 7, 23, 24, 20, 22, 18, 17], [11, 7, 23, 19, 15, 3, 20, 24, 22, 18, 17], [7, 19, 3, 11, 15, 23, 20, 24, 18, 22, 21, 5, 8], [7, 15, 19, 11, 23, 3, 20, 24, 22, 18, 17], [3, 7, 23, 15, 11, 19, 20, 24, 22, 18, 21, 6], [7, 15, 11, 19, 23, 3, 24, 20, 22, 18, 21, 8], [19, 15, 11, 3, 23, 7, 20, 24, 22, 18, 17], [7, 23, 11, 3, 15, 19, 20, 24, 18, 22, 17], [15, 3, 19, 23, 11, 7, 24, 20, 22, 18, 21, 6], [3, 15, 7, 11, 19, 23, 20, 24, 22, 18, 17], [11, 19, 23, 7, 15, 3, 20, 24, 18, 22, 17], [23, 11, 19, 3, 7, 15, 20, 24, 18, 22, 17], [3, 15, 11, 7, 19, 23, 24, 20, 22, 18, 21, 8], [19, 3, 15, 11, 7, 23, 24, 20, 18, 22, 17], [23, 3, 7, 15, 19, 11, 20, 24, 18, 22, 21, 6], [11, 7, 3, 23, 15, 19, 20, 24, 22, 18, 21, 5, 8], [23, 19, 15, 3, 11, 7, 24, 20, 18, 22, 21, 6], [23, 19, 7, 15, 3, 11, 24, 20, 18, 22, 17], [3, 11, 23, 19, 7, 15, 20, 24, 22, 18, 21, 6], [19, 3, 23, 15, 7, 11, 24, 20, 22, 18, 21, 6], [3, 15, 19, 7, 23, 11, 20, 24, 22, 18, 21, 6], [11, 23, 19, 15, 7, 3, 20, 22, 24, 18, 21, 8], [11, 19, 15, 7, 3, 23, 20, 24, 18, 22, 21, 8], [3, 11, 7, 19, 15, 23, 20, 24, 22, 18, 8, 21], [3, 23, 11, 15, 19, 7, 20, 24, 18, 22, 21, 6], [15, 23, 19, 11, 3, 7, 24, 20, 22, 18, 17], [19, 23, 15, 3, 11, 7, 24, 20, 18, 22, 21, 6], [3, 23, 19, 7, 15, 11, 20, 24, 22, 18, 17], [11, 19, 3, 15, 7, 23, 24, 20, 18, 22, 21, 8], [3, 19, 11, 7, 23, 15, 24, 20, 22, 18, 21, 6], [3, 11, 7, 23, 15, 19, 24, 20, 18, 22, 17], [23, 11, 19, 3, 7, 15, 20, 24, 18, 22, 21, 6], [19, 23, 15, 7, 11, 3, 20, 22, 24, 18, 17], [3, 7, 15, 19, 11, 23, 20, 24, 22, 18, 17], [7, 3, 11, 15, 19, 23, 24, 20, 18, 22, 17], [19, 3, 7, 11, 23, 15, 20, 24, 22, 18, 17], [15, 23, 11, 3, 19, 7, 24, 20, 22, 18, 21, 8], [15, 23, 19, 3, 7, 11, 20, 24, 18, 22, 17], [23, 15, 7, 11, 19, 3, 24, 20, 22, 18, 21, 8], [3, 19, 11, 15, 7, 23, 24, 20, 18, 22, 17], [11, 23, 3, 7, 19, 15, 20, 24, 22, 18, 6, 21], [3, 23, 19, 7, 11, 15, 20, 22, 24, 18, 17], [15, 11, 23, 3, 19, 7, 24, 20, 18, 22, 21, 8], [19, 23, 3, 15, 7, 11, 20, 24, 18, 22, 21, 6], [7, 23, 15, 11, 19, 3, 24, 20, 18, 22, 17], [23, 3, 7, 11, 19, 15, 20, 24, 18, 22, 17], [7, 11, 15, 23, 19, 3, 24, 20, 22, 18, 8, 21], [7, 19, 11, 15, 23, 3, 24, 20, 18, 22, 21, 8], [11, 7, 15, 3, 19, 23, 20, 24, 22, 18, 17], [15, 23, 3, 11, 19, 7, 24, 20, 18, 22, 17], [15, 3, 23, 19, 11, 7, 20, 24, 22, 18, 17], [15, 11, 19, 7, 23, 3, 20, 24, 22, 18, 17], [11, 23, 19, 7, 3, 15, 24, 20, 18, 22, 17], [15, 23, 11, 7, 19, 3, 20, 22, 24, 18, 17], [11, 15, 23, 3, 19, 7, 20, 22, 24, 18, 17], [7, 19, 15, 23, 3, 11, 24, 20, 18, 22, 21, 6], [11, 3, 7, 15, 23, 19, 24, 20, 22, 18, 21, 8], [7, 19, 23, 3, 11, 15, 20, 24, 22, 18, 17], [19, 23, 3, 11, 15, 7, 24, 20, 22, 18, 17], [3, 7, 23, 15, 11, 19, 24, 20, 22, 18, 8, 17], [23, 15, 11, 19, 7, 3, 20, 24, 18, 22, 21, 8], [15, 7, 11, 3, 19, 23, 20, 22, 24, 18, 21, 6], [19, 7, 3, 15, 11, 23, 24, 20, 18, 22, 17], [19, 7, 11, 23, 15, 3, 20, 24, 22, 18, 17], [23, 19, 7, 11, 15, 3, 20, 24, 22, 18, 21, 8], [3, 11, 23, 15, 19, 7, 20, 24, 22, 18, 21, 8], [15, 23, 11, 3, 7, 19, 24, 20, 22, 18, 21, 5, 8], [11, 23, 7, 19, 15, 3, 24, 20, 18, 22, 17], [23, 15, 7, 11, 3, 19, 20, 24, 18, 22, 17], [19, 7, 3, 11, 23, 15, 20, 24, 18, 22, 21, 8], [11, 19, 15, 23, 7, 3, 24, 20, 22, 18, 17], [3, 7, 15, 23, 19, 11, 24, 20, 18, 22, 17], [19, 3, 15, 11, 7, 23, 24, 20, 18, 22, 21, 6], [15, 7, 11, 19, 3, 23, 20, 24, 18, 22, 17], [19, 23, 7, 11, 3, 15, 24, 20, 22, 18, 21, 8], [19, 7, 3, 15, 23, 11, 24, 20, 18, 22, 17], [19, 15, 11, 23, 7, 3, 20, 24, 18, 22, 17], [23, 11, 3, 19, 7, 15, 20, 24, 22, 18, 21, 6], [19, 15, 7, 3, 11, 23, 24, 20, 18, 22, 17], [19, 3, 15, 7, 11, 23, 24, 20, 18, 22, 17], [15, 19, 11, 23, 7, 3, 20, 24, 18, 22, 8, 17], [7, 19, 3, 15, 23, 11, 24, 20, 22, 18, 21, 8], [7, 23, 19, 3, 15, 11, 20, 24, 18, 22, 17], [7, 15, 19, 11, 23, 3, 24, 20, 18, 22, 17], [19, 11, 7, 15, 3, 23, 24, 20, 18, 22, 21, 5, 8], [7, 23, 15, 11, 3, 19, 24, 20, 22, 18, 21, 6], [3, 7, 11, 15, 19, 23, 24, 20, 18, 22, 17], [11, 3, 15, 23, 7, 19, 20, 24, 18, 22, 17], [11, 3, 15, 19, 7, 23, 24, 20, 22, 18, 17], [19, 3, 23, 15, 11, 7, 24, 20, 18, 22, 17], [7, 23, 11, 3, 15, 19, 20, 24, 18, 22, 21, 6], [7, 19, 11, 3, 23, 15, 20, 24, 22, 18, 17], [11, 19, 15, 3, 7, 23, 24, 20, 18, 22, 17], [7, 19, 23, 11, 15, 3, 24, 20, 22, 18, 21, 6], [23, 11, 3, 19, 15, 7, 24, 20, 18, 22, 17], [3, 23, 7, 15, 19, 11, 20, 24, 22, 18, 21, 8], [7, 3, 15, 19, 23, 11, 24, 20, 22, 18, 17], [7, 23, 15, 11, 19, 3, 24, 20, 22, 18, 17], [3, 19, 15, 23, 11, 7, 20, 24, 18, 22, 17], [7, 3, 11, 15, 23, 19, 24, 20, 22, 18, 21, 8], [3, 11, 7, 23, 15, 19, 24, 20, 18, 22, 6, 21], [19, 3, 11, 15, 7, 23, 24, 20, 22, 18, 17], [23, 19, 3, 15, 11, 7, 24, 20, 22, 18, 17], [11, 3, 7, 23, 19, 15, 24, 20, 22, 18, 21, 6], [7, 15, 19, 11, 3, 23, 20, 22, 24, 18, 21, 8], [7, 23, 15, 3, 11, 19, 24, 20, 22, 18, 21, 8], [3, 15, 19, 7, 23, 11, 20, 22, 24, 18, 17], [23, 3, 7, 19, 11, 15, 20, 24, 22, 18, 21, 6], [15, 3, 7, 19, 11, 23, 20, 22, 24, 18, 21, 6], [15, 7, 3, 23, 19, 11, 20, 24, 18, 22, 17], [15, 11, 7, 3, 23, 19, 24, 20, 18, 22, 21, 6], [3, 19, 11, 7, 15, 23, 24, 20, 22, 18, 17], [15, 7, 23, 19, 11, 3, 20, 24, 18, 22, 17], [19, 3, 23, 7, 15, 11, 20, 22, 24, 18, 21, 8], [7, 15, 3, 19, 11, 23, 24, 20, 18, 22, 17], [19, 3, 23, 15, 11, 7, 20, 24, 22, 18, 17], [23, 15, 7, 3, 11, 19, 20, 24, 22, 18, 17], [11, 3, 19, 23, 7, 15, 24, 20, 22, 18, 17], [7, 15, 23, 19, 11, 3, 20, 22, 24, 18, 21, 6], [7, 3, 23, 11, 19, 15, 24, 20, 18, 22, 17], [23, 19, 7, 11, 15, 3, 24, 20, 22, 18, 17], [23, 7, 11, 15, 19, 3, 20, 24, 18, 22, 21, 8], [15, 3, 23, 19, 7, 11, 24, 20, 18, 22, 17], [15, 19, 11, 3, 7, 23, 24, 20, 22, 18, 21, 5, 6], [7, 19, 23, 3, 11, 15, 20, 24, 22, 18, 17], [3, 15, 7, 23, 11, 19, 20, 24, 22, 18, 17], [15, 3, 11, 23, 19, 7, 24, 20, 18, 22, 17], [3, 15, 23, 11, 19, 7, 24, 20, 18, 22, 21, 8], [15, 11, 19, 7, 23, 3, 20, 24, 22, 18, 21, 8], [3, 19, 11, 15, 7, 23, 20, 24, 22, 18, 17], [15, 7, 3, 19, 11, 23, 20, 24, 18, 22, 21, 6], [11, 7, 3, 15, 19, 23, 24, 20, 18, 22, 21, 8], [15, 19, 23, 3, 11, 7, 20, 24, 18, 22, 17], [19, 3, 15, 23, 7, 11, 24, 20, 22, 18, 21, 8], [11, 3, 19, 15, 23, 7, 20, 24, 18, 22, 21, 8], [15, 7, 19, 23, 3, 11, 20, 22, 24, 18, 21, 8], [7, 3, 15, 19, 23, 11, 24, 20, 18, 22, 17], [3, 7, 23, 11, 15, 19, 20, 24, 18, 22, 17], [3, 11, 15, 23, 7, 19, 24, 20, 18, 22, 21, 8], [15, 3, 19, 23, 7, 11, 24, 20, 18, 22, 17], [15, 23, 3, 19, 11, 7, 24, 20, 22, 18, 21, 8], [7, 11, 3, 23, 19, 15, 20, 24, 22, 18, 17], [3, 15, 7, 19, 23, 11, 24, 20, 22, 18, 21, 8], [7, 23, 11, 15, 19, 3, 24, 20, 18, 22, 21, 8], [15, 3, 23, 7, 11, 19, 24, 20, 18, 22, 21, 6], [11, 3, 23, 7, 15, 19, 20, 24, 18, 22, 21, 8], [23, 3, 15, 19, 7, 11, 24, 20, 18, 22, 17], [3, 23, 11, 15, 7, 19, 24, 20, 18, 22, 17], [23, 7, 11, 15, 3, 19, 24, 20, 22, 18, 9, 12, 17], [7, 23, 19, 15, 11, 3, 20, 24, 18, 22, 21, 8], [11, 19, 23, 3, 15, 7, 24, 20, 22, 18, 21, 6], [15, 23, 11, 3, 7, 19, 20, 24, 22, 18, 8, 21], [11, 19, 15, 3, 23, 7, 24, 20, 22, 18, 17], [23, 19, 7, 3, 11, 15, 20, 24, 22, 18, 21, 5, 8], [11, 3, 19, 15, 23, 7, 24, 20, 22, 18, 17], [19, 11, 3, 23, 15, 7, 24, 20, 22, 18, 21, 8], [19, 7, 3, 15, 23, 11, 20, 24, 22, 18, 21, 5, 8], [23, 15, 19, 7, 11, 3, 24, 20, 22, 18, 21, 5, 6], [11, 19, 3, 23, 15, 7, 20, 24, 22, 18, 8, 17], [15, 19, 23, 11, 3, 7, 24, 20, 18, 22, 17], [7, 3, 23, 11, 15, 19, 20, 24, 22, 18, 21, 8], [15, 19, 3, 23, 7, 11, 20, 24, 18, 22, 17], [23, 19, 3, 7, 11, 15, 20, 24, 18, 22, 21, 2, 8], [23, 3, 11, 7, 15, 19, 24, 20, 22, 18, 21, 6], [15, 7, 19, 11, 23, 3, 24, 20, 22, 18, 17], [3, 7, 15, 19, 11, 23, 20, 24, 18, 22, 17], [3, 23, 11, 19, 15, 7, 24, 20, 22, 18, 17], [11, 19, 23, 3, 7, 15, 24, 20, 22, 18, 17], [15, 7, 11, 3, 23, 19, 20, 24, 22, 18, 17], [7, 3, 23, 19, 15, 11, 20, 24, 22, 18, 17], [7, 3, 23, 19, 15, 11, 24, 20, 18, 22, 21, 8], [19, 11, 23, 3, 7, 15, 24, 20, 22, 18, 21, 6], [23, 19, 7, 3, 11, 15, 24, 20, 22, 18, 17], [7, 11, 15, 23, 19, 3, 24, 20, 22, 18, 17], [3, 19, 15, 11, 23, 7, 20, 24, 18, 22, 17], [19, 23, 7, 3, 11, 15, 24, 20, 18, 22, 17], [19, 23, 11, 7, 15, 3, 20, 22, 24, 18, 21, 8], [11, 7, 19, 15, 3, 23, 20, 24, 22, 18, 17], [7, 19, 3, 15, 11, 23, 20, 24, 22, 18, 17], [3, 7, 23, 19, 15, 11, 24, 20, 18, 22, 21, 8], [15, 3, 19, 23, 7, 11, 24, 20, 22, 18, 17], [7, 15, 23, 11, 19, 3, 24, 20, 18, 22, 17], [15, 23, 11, 19, 7, 3, 20, 24, 18, 22, 17], [7, 3, 19, 23, 15, 11, 20, 24, 22, 18, 8, 21], [23, 15, 3, 11, 19, 7, 24, 20, 18, 22, 21, 8], [11, 23, 15, 7, 19, 3, 20, 24, 22, 18, 21, 8], [23, 19, 11, 3, 7, 15, 20, 24, 18, 22, 21, 6], [23, 3, 11, 15, 7, 19, 24, 20, 18, 22, 17], [11, 23, 7, 15, 3, 19, 20, 24, 22, 18, 17], [19, 3, 15, 7, 23, 11, 24, 20, 18, 22, 21, 6], [7, 11, 3, 19, 23, 15, 20, 24, 18, 22, 21, 8], [23, 11, 3, 19, 15, 7, 24, 20, 18, 22, 21, 6], [11, 19, 3, 23, 15, 7, 24, 20, 18, 22, 21, 8], [3, 15, 19, 7, 23, 11, 24, 20, 18, 22, 21, 8], [11, 23, 15, 3, 19, 7, 24, 20, 18, 22, 17], [19, 15, 7, 11, 23, 3, 20, 24, 22, 18, 21, 8], [3, 15, 7, 19, 23, 11, 24, 20, 18, 22, 21, 8], [23, 3, 7, 11, 19, 15, 20, 24, 22, 18, 17], [3, 19, 23, 15, 7, 11, 20, 24, 22, 18, 21, 6], [23, 3, 7, 19, 15, 11, 20, 24, 18, 22, 21, 8], [23, 19, 3, 11, 15, 7, 20, 24, 18, 22, 21, 6], [19, 7, 23, 15, 3, 11, 24, 20, 22, 18, 21, 8], [19, 7, 15, 23, 3, 11, 20, 24, 18, 22, 21, 8], [11, 15, 23, 19, 7, 3, 24, 20, 22, 18, 17], [15, 7, 11, 19, 23, 3, 24, 20, 18, 22, 17], [23, 3, 15, 7, 11, 19, 24, 20, 22, 18, 21, 8], [19, 11, 3, 7, 23, 15, 20, 24, 22, 18, 17], [15, 11, 3, 19, 23, 7, 20, 24, 22, 18, 21, 8], [3, 15, 7, 19, 23, 11, 20, 24, 22, 18, 21, 8], [23, 7, 19, 11, 3, 15, 20, 24, 22, 18, 17], [7, 3, 23, 11, 19, 15, 20, 24, 22, 18, 17], [11, 3, 23, 19, 7, 15, 24, 20, 22, 18, 17], [15, 3, 23, 7, 19, 11, 20, 24, 18, 22, 21, 8], [3, 23, 15, 11, 19, 7, 24, 20, 18, 22, 17], [11, 15, 23, 7, 3, 19, 20, 22, 24, 18, 21, 8], [15, 3, 7, 23, 19, 11, 20, 24, 18, 22, 21, 8], [3, 15, 7, 11, 19, 23, 20, 22, 24, 18, 21, 8], [3, 11, 7, 19, 23, 15, 24, 20, 22, 18, 21, 8], [7, 23, 11, 15, 3, 19, 20, 24, 22, 18, 8, 17], [15, 19, 11, 3, 7, 23, 20, 24, 22, 18, 21, 8], [7, 23, 15, 3, 19, 11, 24, 20, 18, 22, 21, 6], [3, 23, 11, 7, 15, 19, 20, 24, 18, 22, 21, 9, 12], [3, 15, 19, 11, 7, 23, 20, 24, 22, 18, 21, 8], [3, 11, 19, 15, 7, 23, 20, 24, 18, 22, 17], [19, 15, 3, 11, 7, 23, 24, 20, 18, 22, 17], [3, 19, 7, 15, 11, 23, 24, 20, 22, 18, 17], [3, 7, 11, 19, 15, 23, 24, 20, 22, 18, 6, 17], [3, 7, 11, 19, 23, 15, 20, 24, 18, 22, 17], [19, 11, 3, 15, 23, 7, 24, 20, 18, 22, 17], [23, 15, 19, 3, 11, 7, 24, 20, 18, 22, 17], [23, 11, 7, 3, 19, 15, 20, 24, 22, 18, 17], [23, 3, 15, 19, 11, 7, 20, 24, 22, 18, 21, 8], [23, 7, 3, 11, 19, 15, 20, 24, 22, 18, 21, 8], [7, 3, 19, 15, 23, 11, 20, 24, 22, 18, 17], [11, 3, 23, 7, 15, 19, 20, 24, 22, 18, 17], [23, 19, 11, 7, 15, 3, 20, 24, 22, 18, 21, 6], [23, 7, 19, 3, 11, 15, 24, 20, 22, 18, 17], [19, 3, 15, 23, 7, 11, 24, 20, 18, 22, 17], [3, 11, 15, 7, 19, 23, 20, 24, 18, 22, 17], [7, 3, 11, 19, 15, 23, 20, 24, 22, 18, 17], [3, 11, 7, 19, 15, 23, 20, 24, 22, 18, 17], [19, 11, 15, 3, 23, 7, 20, 24, 22, 18, 17], [19, 23, 15, 11, 7, 3, 24, 20, 22, 18, 17], [3, 7, 23, 15, 19, 11, 20, 24, 18, 22, 17], [23, 11, 19, 15, 3, 7, 20, 24, 18, 22, 21, 8], [15, 3, 11, 19, 23, 7, 20, 24, 22, 18, 17], [19, 11, 7, 15, 3, 23, 24, 20, 22, 18, 21, 6], [7, 3, 15, 23, 19, 11, 24, 20, 18, 22, 21, 8], [11, 3, 19, 7, 15, 23, 20, 22, 24, 18, 21, 6], [11, 7, 15, 3, 23, 19, 24, 20, 22, 18, 17], [3, 15, 19, 7, 23, 11, 24, 20, 22, 18, 8, 17], [11, 7, 19, 15, 23, 3, 20, 22, 24, 18, 21, 8], [15, 7, 23, 11, 19, 3, 24, 20, 22, 18, 21, 6], [7, 3, 23, 11, 15, 19, 24, 20, 18, 22, 21, 8], [3, 11, 7, 19, 23, 15, 20, 24, 22, 18, 17], [15, 3, 19, 11, 7, 23, 20, 24, 22, 18, 17], [7, 11, 3, 23, 19, 15, 20, 24, 22, 18, 17], [3, 19, 7, 11, 23, 15, 24, 20, 22, 18, 17], [15, 23, 11, 19, 7, 3, 24, 20, 22, 18, 17], [19, 23, 15, 7, 3, 11, 24, 20, 18, 22, 21, 8], [15, 23, 7, 19, 11, 3, 20, 24, 22, 18, 21, 6], [11, 15, 23, 19, 3, 7, 24, 20, 18, 22, 21, 6], [11, 15, 3, 23, 19, 7, 24, 20, 22, 18, 17], [3, 7, 15, 11, 23, 19, 24, 20, 18, 22, 21, 8], [7, 15, 3, 11, 19, 23, 24, 20, 18, 22, 17], [19, 23, 11, 3, 7, 15, 24, 20, 18, 22, 17], [11, 19, 3, 15, 23, 7, 24, 20, 22, 18, 21, 8], [23, 7, 19, 15, 11, 3, 24, 20, 18, 22, 6, 21], [11, 23, 15, 19, 3, 7, 20, 24, 18, 22, 21, 5, 8], [15, 3, 11, 23, 19, 7, 20, 24, 22, 18, 21, 8], [3, 7, 15, 19, 23, 11, 20, 24, 22, 18, 17], [3, 11, 23, 19, 7, 15, 24, 20, 22, 18, 17], [15, 23, 11, 7, 19, 3, 24, 20, 18, 22, 17], [3, 11, 7, 19, 23, 15, 24, 20, 18, 22, 17], [3, 15, 23, 7, 19, 11, 24, 20, 18, 22, 21, 6], [7, 15, 11, 19, 23, 3, 20, 24, 22, 18, 8, 21], [3, 19, 7, 23, 11, 15, 20, 24, 22, 18, 17], [19, 11, 7, 15, 23, 3, 24, 20, 18, 22, 17], [23, 11, 7, 3, 15, 19, 20, 24, 22, 18, 21, 8], [19, 11, 23, 7, 15, 3, 24, 20, 18, 22, 17], [3, 19, 23, 15, 7, 11, 20, 24, 18, 22, 8, 21], [15, 3, 11, 23, 7, 19, 24, 20, 22, 18, 17], [11, 19, 7, 3, 15, 23, 20, 24, 22, 18, 21, 6], [15, 11, 7, 23, 3, 19, 20, 24, 18, 22, 21, 5, 8], [3, 7, 23, 15, 19, 11, 24, 20, 22, 18, 21, 8], [15, 3, 23, 7, 11, 19, 20, 24, 22, 18, 21, 6], [11, 23, 3, 7, 19, 15, 24, 20, 18, 22, 21, 8], [7, 15, 3, 23, 11, 19, 24, 20, 18, 22, 17], [15, 23, 3, 19, 7, 11, 20, 22, 24, 18, 17], [3, 23, 11, 7, 19, 15, 20, 24, 22, 18, 17], [3, 19, 7, 11, 15, 23, 20, 24, 18, 22, 21, 8], [15, 7, 19, 11, 3, 23, 24, 20, 18, 22, 17], [19, 7, 23, 11, 15, 3, 24, 20, 22, 18, 17], [15, 23, 11, 3, 19, 7, 20, 24, 18, 22, 21, 8], [3, 15, 19, 23, 11, 7, 24, 20, 18, 22, 17], [3, 19, 15, 7, 23, 11, 24, 20, 18, 22, 21, 5, 8], [15, 19, 11, 3, 7, 23, 24, 20, 18, 22, 21, 6], [3, 15, 19, 11, 23, 7, 20, 24, 22, 18, 21, 8], [11, 23, 3, 15, 19, 7, 20, 24, 18, 22, 21, 6], [11, 3, 7, 15, 23, 19, 24, 20, 18, 22, 17], [7, 11, 3, 19, 23, 15, 20, 24, 22, 18, 17], [19, 11, 23, 3, 7, 15, 20, 24, 18, 22, 17], [15, 11, 3, 7, 23, 19, 20, 24, 22, 18, 17], [15, 7, 11, 23, 3, 19, 20, 24, 18, 22, 21, 8], [19, 7, 23, 3, 11, 15, 24, 20, 22, 18, 21, 8], [7, 23, 15, 11, 3, 19, 20, 22, 24, 18, 21, 8], [23, 19, 3, 7, 11, 15, 20, 24, 18, 22, 17], [11, 3, 7, 15, 19, 23, 24, 20, 18, 22, 17], [3, 19, 15, 23, 7, 11, 24, 20, 22, 18, 21, 8], [23, 11, 7, 3, 15, 19, 20, 24, 22, 18, 17], [3, 19, 15, 23, 7, 11, 20, 24, 18, 22, 17], [23, 19, 15, 3, 7, 11, 24, 20, 22, 18, 17], [15, 19, 7, 3, 11, 23, 24, 20, 18, 22, 8, 21], [19, 11, 23, 15, 7, 3, 24, 20, 18, 22, 17], [11, 15, 3, 23, 19, 7, 24, 20, 22, 18, 21, 8], [19, 11, 23, 3, 15, 7, 20, 24, 22, 18, 21, 6], [15, 11, 23, 19, 7, 3, 20, 24, 22, 18, 17], [19, 15, 3, 11, 23, 7, 24, 20, 18, 22, 17], [19, 11, 3, 23, 7, 15, 20, 24, 22, 18, 17], [11, 15, 23, 7, 19, 3, 20, 24, 18, 22, 17], [23, 11, 15, 7, 19, 3, 20, 24, 18, 22, 17], [3, 19, 23, 7, 15, 11, 20, 24, 22, 18, 8, 17], [23, 19, 11, 3, 7, 15, 20, 24, 22, 18, 21, 6], [19, 15, 23, 11, 3, 7, 20, 24, 22, 18, 17], [19, 7, 23, 3, 11, 15, 24, 20, 22, 18, 17], [3, 7, 23, 15, 11, 19, 24, 20, 18, 22, 21, 6], [7, 23, 11, 3, 15, 19, 20, 24, 22, 18, 17], [3, 7, 11, 19, 23, 15, 20, 24, 22, 18, 21, 8], [3, 11, 15, 23, 7, 19, 24, 20, 22, 18, 21, 8], [11, 7, 3, 15, 23, 19, 20, 24, 22, 18, 21, 8], [19, 7, 15, 23, 11, 3, 24, 20, 18, 22, 21, 8], [11, 7, 15, 3, 19, 23, 24, 20, 18, 22, 6, 21], [23, 19, 3, 15, 7, 11, 24, 20, 18, 22, 8, 17], [3, 19, 23, 15, 11, 7, 20, 24, 18, 22, 21, 8], [19, 3, 15, 7, 11, 23, 20, 24, 22, 18, 21, 8], [3, 7, 11, 15, 19, 23, 24, 20, 22, 18, 21, 5, 8], [11, 3, 15, 19, 7, 23, 20, 24, 22, 18, 21, 6], [3, 7, 23, 19, 15, 11, 20, 24, 22, 18, 21, 8], [19, 7, 23, 15, 11, 3, 20, 24, 18, 22, 21, 8], [7, 19, 11, 23, 15, 3, 24, 20, 18, 22, 17], [11, 19, 7, 3, 15, 23, 20, 24, 18, 22, 21, 8], [19, 11, 3, 7, 15, 23, 24, 20, 18, 22, 21, 8], [7, 19, 11, 3, 23, 15, 24, 20, 22, 18, 17], [19, 11, 7, 15, 23, 3, 24, 20, 18, 22, 17], [11, 19, 23, 3, 15, 7, 20, 24, 18, 22, 21, 6], [15, 11, 7, 3, 23, 19, 20, 24, 22, 18, 17], [19, 3, 7, 23, 15, 11, 24, 20, 18, 22, 21, 8], [15, 3, 7, 23, 11, 19, 20, 24, 18, 22, 6, 21], [19, 7, 3, 15, 23, 11, 24, 20, 18, 22, 21, 8], [15, 3, 19, 11, 23, 7, 24, 20, 18, 22, 8, 17], [3, 11, 23, 7, 19, 15, 24, 20, 18, 22, 21, 5, 8], [15, 23, 3, 7, 19, 11, 24, 20, 18, 22, 21, 6], [15, 19, 3, 7, 23, 11, 24, 20, 18, 22, 17], [15, 23, 3, 7, 11, 19, 20, 24, 18, 22, 21, 6], [11, 3, 19, 15, 23, 7, 20, 24, 22, 18, 21, 8], [3, 7, 15, 23, 11, 19, 24, 20, 18, 22, 17], [3, 11, 7, 19, 23, 15, 20, 24, 18, 22, 17], [15, 23, 3, 7, 11, 19, 20, 24, 18, 22, 17], [23, 7, 3, 19, 11, 15, 20, 24, 22, 18, 21, 6], [11, 15, 7, 23, 19, 3, 20, 24, 18, 22, 17], [7, 15, 19, 3, 11, 23, 24, 20, 18, 22, 17], [11, 3, 7, 15, 23, 19, 24, 20, 18, 22, 17], [3, 23, 7, 19, 11, 15, 24, 20, 18, 22, 21, 8], [15, 23, 19, 11, 7, 3, 20, 22, 24, 18, 17], [15, 23, 11, 3, 7, 19, 24, 20, 22, 18, 21, 6], [19, 3, 15, 23, 11, 7, 20, 24, 18, 22, 21, 8], [7, 3, 23, 15, 19, 11, 24, 20, 18, 22, 21, 6], [15, 23, 19, 7, 3, 11, 20, 24, 22, 18, 17], [3, 19, 11, 23, 7, 15, 24, 20, 18, 22, 17], [19, 7, 11, 23, 3, 15, 20, 22, 24, 18, 17], [3, 19, 15, 11, 23, 7, 20, 24, 22, 18, 21, 12], [7, 11, 23, 15, 19, 3, 24, 20, 22, 18, 17], [19, 23, 11, 3, 7, 15, 20, 22, 24, 18, 8, 21], [23, 7, 15, 3, 11, 19, 24, 20, 22, 18, 21, 8], [11, 23, 7, 19, 15, 3, 24, 20, 18, 22, 21, 8], [19, 23, 7, 3, 15, 11, 20, 24, 22, 18, 17], [3, 7, 15, 23, 19, 11, 20, 24, 18, 22, 21, 8], [15, 3, 23, 11, 7, 19, 20, 24, 22, 18, 21, 8], [11, 23, 19, 3, 15, 7, 20, 24, 22, 18, 8, 17], [7, 23, 3, 11, 15, 19, 24, 20, 18, 22, 17], [19, 15, 3, 23, 7, 11, 24, 20, 18, 22, 17], [15, 3, 19, 7, 11, 23, 24, 20, 22, 18, 21, 6], [23, 19, 3, 15, 11, 7, 20, 24, 22, 18, 17], [11, 7, 23, 19, 3, 15, 24, 20, 22, 18, 21, 8], [7, 11, 23, 15, 19, 3, 24, 20, 18, 22, 21, 6], [19, 7, 11, 23, 3, 15, 20, 24, 18, 22, 21, 8], [3, 7, 15, 23, 19, 11, 20, 24, 22, 18, 17], [11, 15, 3, 23, 19, 7, 24, 20, 22, 18, 8, 21], [3, 15, 11, 19, 7, 23, 20, 24, 22, 18, 17], [19, 15, 3, 7, 11, 23, 20, 24, 18, 22, 21, 8], [15, 7, 23, 11, 3, 19, 20, 24, 22, 18, 21, 8], [15, 19, 11, 3, 7, 23, 24, 20, 22, 18, 21, 8], [7, 15, 11, 3, 19, 23, 20, 24, 22, 18, 17], [15, 11, 19, 7, 3, 23, 24, 20, 22, 18, 21, 8], [3, 19, 23, 7, 11, 15, 24, 20, 18, 22, 17], [23, 19, 11, 15, 7, 3, 24, 20, 18, 22, 17], [15, 11, 23, 19, 3, 7, 20, 24, 22, 18, 21, 8], [15, 11, 3, 23, 7, 19, 24, 20, 18, 22, 21, 8], [7, 11, 3, 19, 23, 15, 20, 24, 22, 18, 17], [7, 15, 11, 3, 23, 19, 20, 24, 22, 18, 17], [3, 19, 23, 7, 11, 15, 24, 20, 22, 18, 21, 6], [23, 15, 7, 3, 19, 11, 20, 24, 18, 22, 21, 8], [23, 11, 3, 19, 7, 15, 24, 20, 18, 22, 21, 6], [3, 11, 19, 7, 23, 15, 24, 20, 22, 18, 17], [11, 7, 23, 3, 19, 15, 24, 20, 22, 18, 21, 6], [7, 11, 19, 23, 15, 3, 20, 24, 22, 18, 9, 12, 21], [23, 15, 19, 11, 7, 3, 20, 24, 18, 22, 21, 8], [23, 7, 11, 19, 3, 15, 20, 24, 22, 18, 17], [15, 7, 23, 3, 19, 11, 20, 24, 22, 18, 21, 6], [11, 19, 7, 23, 15, 3, 20, 24, 22, 18, 17], [19, 3, 11, 23, 15, 7, 24, 20, 18, 22, 21, 6], [7, 19, 15, 11, 23, 3, 20, 22, 24, 18, 21, 8], [3, 11, 15, 19, 7, 23, 20, 24, 22, 18, 17], [19, 11, 7, 15, 3, 23, 24, 20, 18, 22, 17], [11, 23, 19, 7, 3, 15, 24, 20, 18, 22, 21, 8], [3, 11, 19, 15, 7, 23, 24, 20, 22, 18, 17], [3, 23, 19, 11, 7, 15, 24, 20, 18, 22, 21, 8], [23, 7, 11, 3, 19, 15, 24, 20, 22, 18, 21, 5, 8], [15, 11, 23, 19, 3, 7, 20, 24, 22, 18, 17], [7, 19, 23, 15, 11, 3, 24, 20, 18, 22, 17], [15, 3, 11, 7, 23, 19, 24, 20, 18, 22, 21, 6], [15, 3, 11, 23, 19, 7, 20, 24, 22, 18, 17], [3, 15, 7, 11, 19, 23, 20, 24, 18, 22, 21, 8], [7, 15, 19, 11, 3, 23, 20, 24, 22, 18, 21, 6], [7, 23, 11, 19, 15, 3, 24, 20, 18, 22, 21, 6], [11, 3, 23, 15, 7, 19, 20, 24, 18, 22, 17], [11, 7, 19, 23, 3, 15, 20, 24, 18, 22, 21, 6], [3, 15, 11, 7, 23, 19, 20, 24, 18, 22, 21, 8], [7, 11, 19, 23, 15, 3, 24, 20, 18, 22, 17], [7, 3, 23, 15, 19, 11, 24, 20, 18, 22, 21, 6], [15, 11, 23, 3, 7, 19, 24, 20, 18, 22, 17], [7, 23, 15, 11, 3, 19, 20, 24, 18, 22, 21, 5, 8], [19, 7, 3, 23, 15, 11, 24, 20, 22, 18, 21, 8], [3, 19, 23, 7, 15, 11, 24, 20, 22, 18, 21, 8], [7, 3, 23, 19, 11, 15, 20, 24, 22, 18, 17], [19, 3, 11, 23, 7, 15, 20, 24, 18, 22, 21, 8], [15, 7, 11, 23, 3, 19, 24, 20, 18, 22, 17], [11, 7, 3, 19, 15, 23, 20, 24, 18, 22, 17], [19, 23, 11, 15, 7, 3, 20, 24, 18, 22, 8, 17], [11, 19, 7, 3, 23, 15, 20, 24, 18, 22, 17], [19, 7, 11, 3, 15, 23, 20, 24, 22, 18, 17], [15, 11, 23, 7, 19, 3, 24, 20, 22, 18, 17], [15, 19, 11, 23, 7, 3, 24, 20, 18, 22, 17], [19, 3, 11, 23, 7, 15, 24, 20, 18, 22, 17], [15, 3, 23, 19, 11, 7, 24, 20, 18, 22, 17], [15, 7, 3, 11, 19, 23, 20, 24, 22, 18, 21, 8], [7, 23, 11, 19, 3, 15, 24, 20, 22, 18, 5, 8, 21], [11, 7, 15, 3, 23, 19, 20, 24, 22, 18, 17], [3, 19, 23, 7, 15, 11, 20, 24, 18, 22, 17], [19, 7, 11, 3, 23, 15, 24, 20, 22, 18, 21, 8], [23, 19, 15, 7, 3, 11, 24, 20, 18, 22, 21, 8], [19, 23, 3, 7, 15, 11, 20, 22, 24, 18, 17], [23, 7, 19, 3, 11, 15, 24, 20, 18, 22, 17], [3, 23, 11, 7, 15, 19, 24, 20, 18, 22, 17], [11, 3, 7, 15, 19, 23, 20, 24, 22, 18, 6, 21], [3, 19, 15, 7, 11, 23, 24, 20, 22, 18, 21, 6], [15, 3, 7, 19, 23, 11, 24, 20, 22, 18, 21, 4, 8], [7, 11, 19, 3, 23, 15, 24, 20, 18, 22, 21, 8], [11, 7, 15, 3, 19, 23, 24, 20, 22, 18, 17], [11, 19, 23, 7, 15, 3, 24, 20, 18, 22, 21, 8], [3, 23, 7, 15, 11, 19, 24, 20, 18, 22, 17], [23, 7, 3, 15, 11, 19, 20, 24, 18, 22, 21, 6], [23, 11, 3, 7, 15, 19, 20, 24, 22, 18, 21, 5, 8], [3, 15, 19, 23, 11, 7, 24, 20, 22, 18, 17], [23, 19, 3, 15, 7, 11, 20, 24, 18, 22, 17], [3, 19, 7, 23, 15, 11, 24, 20, 22, 18, 17], [11, 3, 23, 19, 15, 7, 20, 24, 22, 18, 8, 17], [15, 7, 3, 19, 11, 23, 24, 20, 18, 22, 21, 5, 8], [23, 7, 3, 15, 19, 11, 20, 24, 18, 22, 21, 6], [3, 19, 23, 15, 11, 7, 24, 20, 22, 18, 21, 8], [11, 19, 23, 15, 7, 3, 24, 20, 22, 18, 8, 17], [15, 3, 7, 19, 23, 11, 20, 24, 18, 22, 17], [15, 19, 11, 7, 3, 23, 24, 20, 22, 18, 21, 8], [3, 11, 23, 15, 19, 7, 24, 20, 18, 22, 21, 8], [11, 19, 15, 23, 7, 3, 24, 20, 18, 22, 17], [15, 7, 19, 23, 3, 11, 24, 20, 18, 22, 17], [19, 7, 15, 3, 11, 23, 24, 20, 18, 22, 21, 8], [3, 11, 23, 19, 7, 15, 20, 24, 18, 22, 21, 8], [7, 15, 11, 3, 23, 19, 24, 20, 22, 18, 17], [3, 7, 11, 19, 15, 23, 24, 20, 22, 18, 21, 8], [19, 11, 23, 15, 3, 7, 20, 24, 22, 18, 8, 21], [11, 23, 7, 19, 15, 3, 20, 22, 24, 18, 17], [19, 7, 3, 23, 15, 11, 24, 20, 18, 22, 6, 17], [7, 3, 11, 15, 23, 19, 20, 24, 18, 22, 17], [7, 11, 23, 15, 3, 19, 20, 24, 18, 22, 17], [7, 23, 19, 15, 11, 3, 20, 24, 22, 18, 17], [15, 3, 23, 19, 7, 11, 20, 24, 18, 22, 21, 8], [3, 7, 23, 15, 11, 19, 20, 24, 22, 18, 21, 6], [19, 23, 15, 11, 3, 7, 20, 24, 22, 18, 21, 6], [15, 11, 3, 19, 7, 23, 24, 20, 18, 22, 21, 6], [3, 7, 11, 15, 19, 23, 20, 24, 22, 18, 21, 8], [3, 23, 19, 15, 7, 11, 20, 22, 24, 18, 21, 8], [7, 19, 11, 23, 3, 15, 20, 24, 18, 22, 21, 6], [15, 11, 19, 3, 7, 23, 20, 24, 22, 18, 21, 8], [7, 15, 3, 11, 19, 23, 24, 20, 18, 22, 21, 6], [11, 7, 23, 19, 3, 15, 24, 20, 22, 18, 17], [23, 7, 3, 11, 19, 15, 24, 20, 18, 22, 21, 6], [23, 15, 11, 7, 19, 3, 20, 24, 18, 22, 21, 6], [15, 7, 11, 3, 19, 23, 24, 20, 18, 22, 21, 6], [19, 3, 23, 11, 15, 7, 24, 20, 18, 22, 21, 8], [7, 11, 23, 19, 15, 3, 24, 20, 18, 22, 17], [23, 11, 7, 15, 3, 19, 20, 24, 18, 22, 17], [3, 19, 7, 23, 11, 15, 20, 24, 22, 18, 17], [7, 15, 3, 23, 11, 19, 20, 24, 18, 22, 17], [11, 15, 23, 19, 7, 3, 24, 20, 18, 22, 21, 8], [7, 15, 23, 11, 19, 3, 20, 24, 22, 18, 17], [15, 7, 3, 11, 19, 23, 20, 24, 22, 18, 17], [11, 15, 23, 3, 19, 7, 20, 24, 18, 22, 21, 6], [19, 7, 3, 15, 23, 11, 24, 20, 22, 18, 21, 8], [19, 23, 15, 11, 3, 7, 24, 20, 22, 18, 21, 6], [11, 15, 7, 19, 23, 3, 24, 20, 22, 18, 21, 6], [11, 7, 19, 23, 15, 3, 24, 20, 22, 18, 17], [23, 15, 3, 11, 19, 7, 24, 20, 22, 18, 21, 8], [7, 11, 23, 19, 3, 15, 24, 20, 18, 22, 21, 8], [15, 11, 7, 19, 23, 3, 20, 24, 18, 22, 17], [11, 23, 15, 19, 3, 7, 20, 24, 22, 18, 17], [19, 11, 23, 7, 3, 15, 24, 20, 18, 22, 17], [11, 3, 7, 15, 23, 19, 24, 20, 22, 18, 21, 6], [3, 19, 15, 23, 7, 11, 20, 24, 18, 22, 21, 8], [11, 19, 23, 15, 3, 7, 20, 24, 18, 22, 21, 6], [23, 3, 19, 11, 7,