{"problem_id": "2DE7bo9r4RobfTw", "sigma": 150, "alpha": 10.0, "cost": 0, "probabilities": "[0.29, 0.33, 0.22, 0.16]", "payoff_matrix": "[[-153, -167, 152, -3, 163, -1], [159, 119, -71, 288, 43, 58], [-181, -176, -120, 154, -88, -12], [1, 174, 30, -104, -79, -31]]", "uncovered": [[10, 18, 6, 17, 5, 22, 21, 14, 13, 19, 2, 1, 15], [6, 18, 5, 14, 10, 2, 1, 22, 21, 13, 17, 19, 15], [18, 2, 14, 1, 22, 6, 5, 10, 13, 21, 17, 19, 15], [2, 6, 5, 10, 18, 14, 1, 22, 13, 21, 17, 15], [2, 10, 22, 1, 14, 18, 6, 13, 5, 21, 17, 19, 15], [6, 14, 13, 5, 18, 2, 1, 10, 22, 21, 17, 15], [10, 6, 14, 5, 18, 22, 2, 1, 13, 21, 17, 15], [14, 2, 1, 6, 13, 5, 22, 18, 10, 21, 17, 19, 15], [14, 2, 13, 1, 18, 6, 5, 22, 10, 21, 17, 19, 15], [18, 10, 22, 21, 17, 6, 5, 14, 13, 15], [18, 22, 21, 17, 2, 1, 6, 5, 10, 14, 13, 19, 15], [6, 10, 22, 21, 5, 2, 1, 18, 17, 14, 13, 15], [10, 6, 2, 1, 18, 5, 14, 24, 22, 15, 17, 13], [6, 18, 5, 2, 22, 21, 1, 17, 10, 14, 13, 19, 15], [22, 10, 2, 1, 6, 21, 5, 14, 17, 18, 13, 15], [6, 2, 5, 18, 14, 1, 22, 10, 13, 21, 17, 15], [14, 18, 2, 13, 1, 22, 10, 6, 5, 21, 17, 15], [18, 10, 22, 21, 17, 14, 13, 19, 6, 5, 2, 1, 15], [18, 10, 14, 6, 5, 2, 13, 1, 22, 21, 17, 15], [22, 14, 6, 13, 5, 2, 1, 18, 10, 21, 17, 19, 15], [18, 10, 14, 24, 6, 5, 2, 1, 21, 13, 17, 15], [10, 6, 22, 5, 14, 2, 13, 1, 18, 21, 17, 19, 15], [6, 10, 22, 5, 18, 17, 2, 1, 14, 13, 19, 21, 15], [22, 10, 14, 2, 13, 1, 6, 5, 18, 21, 17, 19, 15], [6, 18, 17, 5, 22, 21, 14, 13, 15, 4, 9, 10], [14, 10, 6, 13, 5, 22, 2, 1, 18, 21, 17, 19, 15], [22, 14, 18, 10, 2, 1, 6, 13, 5, 21, 17, 15], [2, 10, 6, 1, 14, 13, 5, 18, 22, 21, 17, 19, 15], [14, 22, 2, 13, 1, 18, 10, 6, 5, 21, 17, 19, 15], [10, 22, 14, 18, 2, 1, 6, 13, 5, 21, 17, 15], [2, 18, 14, 13, 1, 22, 10, 6, 5, 21, 17, 15], [22, 6, 21, 5, 18, 17, 14, 13, 19, 10, 1, 15], [18, 22, 21, 17, 10, 2, 1, 6, 5, 14, 13, 15], [10, 14, 2, 1, 18, 6, 13, 5, 22, 21, 17, 15], [18, 14, 2, 1, 9, 10, 22, 6, 13, 5, 17, 15], [14, 20, 22, 6, 13, 5, 10, 2, 1, 21, 18, 17, 15], [2, 6, 1, 22, 5, 18, 21, 17, 10, 14, 13, 19, 15], [6, 22, 5, 10, 14, 2, 1, 18, 21, 13, 17, 19, 15], [14, 2, 1, 18, 24, 10, 6, 13, 5, 22, 17, 19, 15], [6, 14, 5, 2, 13, 1, 10, 18, 22, 21, 17, 19, 15], [10, 2, 18, 14, 13, 1, 22, 6, 5, 21, 17, 19, 15], [22, 14, 10, 6, 13, 5, 1, 18, 21, 17, 15], [6, 2, 5, 22, 21, 1, 10, 18, 17, 14, 13, 19, 15], [14, 9, 10, 6, 13, 5, 18, 22, 2, 1, 21, 17, 15], [10, 22, 6, 21, 5, 2, 1, 18, 17, 14, 13, 19, 15], [22, 6, 21, 5, 14, 18, 2, 1, 10, 13, 17, 19, 15], [6, 22, 5, 10, 14, 2, 13, 1, 18, 21, 17, 15], [10, 22, 6, 5, 18, 21, 17, 2, 1, 14, 13, 19, 15], [22, 10, 6, 21, 5, 14, 18, 3, 13, 17, 19, 15], [14, 22, 10, 6, 13, 5, 18, 2, 1, 21, 17, 15], [18, 2, 22, 1, 21, 17, 14, 13, 19, 10, 6, 5, 15], [2, 22, 1, 18, 21, 17, 6, 5, 14, 13, 19, 10, 15], [22, 10, 6, 5, 14, 2, 13, 1, 18, 21, 17, 19, 15], [14, 10, 22, 2, 1, 18, 6, 5, 21, 13, 17, 19, 15], [14, 18, 6, 13, 5, 10, 2, 1, 22, 21, 17, 19, 15], [18, 10, 14, 6, 13, 5, 1, 22, 21, 17, 15], [6, 14, 5, 18, 2, 1, 10, 22, 13, 21, 17, 15], [10, 18, 6, 5, 14, 22, 1, 13, 21, 17, 19, 15], [18, 22, 21, 17, 6, 5, 10, 2, 1, 14, 13, 15], [6, 10, 18, 17, 5, 14, 13, 15, 3, 21], [22, 6, 21, 5, 14, 10, 1, 18, 13, 17, 19, 15], [2, 10, 18, 22, 21, 1, 17, 6, 5, 14, 13, 15], [18, 14, 22, 10, 6, 5, 4, 2, 13, 1, 21, 17, 19, 15], [18, 2, 6, 1, 5, 10, 22, 21, 17, 14, 13, 19, 15], [10, 6, 18, 5, 22, 21, 17, 2, 1, 14, 13, 15], [10, 22, 2, 21, 1, 18, 17, 6, 5, 14, 13, 19, 15], [2, 18, 6, 5, 22, 1, 21, 17, 10, 14, 13, 15], [14, 6, 5, 2, 13, 1, 10, 18, 22, 21, 17, 19, 15], [14, 2, 13, 1, 6, 5, 18, 10, 22, 21, 17, 15], [18, 22, 17, 21, 10, 14, 13, 15, 5, 3], [22, 14, 2, 13, 1, 6, 5, 10, 18, 21, 17, 15], [6, 22, 5, 18, 21, 17, 2, 1, 14, 13, 15], [18, 2, 6, 5, 10, 14, 1, 22, 13, 21, 17, 19, 15], [2, 10, 22, 1, 18, 21, 17, 6, 5, 14, 13, 19, 15], [14, 18, 22, 10, 6, 13, 5, 2, 1, 21, 17, 15], [22, 18, 17, 21, 10, 2, 1, 6, 5, 14, 13, 19, 15], [2, 10, 18, 14, 1, 22, 6, 5, 21, 13, 17, 15], [18, 22, 21, 17, 10, 2, 1, 6, 5, 14, 13, 15], [14, 1, 18, 22, 10, 6, 5, 21, 13, 17, 15], [10, 2, 6, 5, 14, 13, 1, 22, 18, 21, 17, 19, 15], [10, 14, 18, 2, 1, 22, 5, 21, 13, 17, 19, 15], [6, 14, 13, 5, 10, 22, 2, 1, 18, 21, 17, 19, 15], [18, 6, 10, 17, 5, 2, 1, 14, 13, 15], [10, 22, 2, 21, 1, 6, 5, 14, 18, 13, 17, 15], [6, 18, 2, 1, 17, 5, 22, 21, 10, 14, 13, 15], [10, 18, 14, 22, 6, 13, 5, 2, 1, 21, 17, 19, 15], [14, 22, 2, 13, 1, 10, 17, 18, 19, 6, 5, 21, 15], [10, 6, 22, 5, 18, 21, 17, 2, 1, 14, 13, 15], [6, 2, 5, 10, 22, 1, 18, 17, 21, 14, 13, 19, 15], [22, 14, 10, 1, 18, 6, 5, 13, 21, 17, 19, 15], [14, 22, 6, 5, 10, 2, 13, 1, 18, 21, 17, 15], [6, 14, 13, 5, 10, 22, 18, 2, 1, 21, 17, 19, 15], [2, 6, 5, 18, 22, 21, 1, 17, 10, 14, 13, 19, 15], [22, 10, 6, 5, 14, 2, 13, 1, 17, 18, 15], [2, 22, 1, 6, 5, 10, 18, 17, 21, 14, 13, 15], [22, 10, 18, 21, 17, 14, 13, 19, 6, 5, 2, 1, 15], [18, 22, 21, 17, 14, 13, 15, 5, 3, 10], [10, 14, 5, 18, 2, 13, 1, 22, 21, 17, 15], [14, 6, 5, 2, 1, 10, 18, 22, 21, 13, 17, 15], [22, 14, 9, 10, 2, 13, 1, 18, 6, 5, 21, 17, 19, 15], [18, 22, 21, 17, 10, 14, 13, 19, 6, 5, 2, 1, 15], [10, 14, 17, 18, 13, 19, 22, 1, 6, 5, 21, 15], [6, 22, 21, 5, 14, 2, 13, 1, 18, 10, 17, 19, 15], [6, 18, 5, 2, 10, 14, 1, 22, 13, 21, 17, 15], [14, 22, 18, 2, 13, 1, 6, 5, 9, 10, 21, 17, 15], [22, 14, 10, 6, 5, 18, 2, 13, 1, 21, 17, 19, 15], [2, 18, 10, 22, 21, 1, 17, 6, 5, 14, 13, 15], [14, 6, 5, 22, 10, 2, 13, 1, 18, 21, 17, 15], [14, 2, 13, 1, 6, 5, 22, 18, 10, 21, 17, 19, 15], [22, 2, 21, 1, 18, 17, 10, 6, 5, 14, 13, 19, 15], [22, 2, 1, 10, 14, 8, 6, 13, 5, 18, 21, 17, 19, 15], [2, 18, 10, 14, 13, 1, 6, 5, 22, 21, 17, 19, 15], [2, 22, 21, 1, 18, 17, 10, 6, 5, 14, 13, 19, 15], [22, 2, 21, 1, 10, 6, 5, 18, 17, 14, 13, 15], [22, 18, 21, 17, 10, 6, 5, 14, 13, 19, 2, 1, 15], [2, 10, 18, 14, 13, 1, 22, 6, 5, 21, 17, 19, 15], [22, 14, 6, 13, 5, 2, 1, 18, 10, 21, 17, 19, 15], [10, 6, 18, 5, 2, 14, 13, 1, 22, 21, 17, 19, 15], [10, 14, 6, 13, 5, 18, 22, 2, 1, 21, 17, 19, 15], [18, 2, 10, 14, 13, 1, 6, 5, 22, 21, 17, 19, 15], [14, 22, 2, 1, 18, 10, 6, 13, 5, 21, 17, 15], [6, 10, 18, 17, 5, 22, 21, 14, 13, 19, 2, 1, 15], [22, 2, 1, 10, 14, 6, 5, 18, 13, 21, 17, 15], [22, 18, 17, 21, 10, 6, 5, 14, 13, 19, 2, 1, 15], [14, 10, 18, 5, 4, 21, 2, 13, 1, 17, 19, 15], [10, 6, 2, 5, 18, 22, 1, 21, 17, 14, 13, 19, 15], [6, 2, 1, 22, 5, 14, 18, 10, 21, 13, 17, 15], [10, 6, 22, 5, 14, 18, 2, 1, 13, 21, 17, 15], [10, 14, 22, 2, 13, 1, 18, 6, 5, 21, 17, 19, 15], [22, 2, 1, 18, 17, 21, 6, 5, 10, 14, 13, 15], [6, 10, 2, 1, 22, 21, 5, 18, 17, 14, 13, 15], [6, 2, 5, 22, 1, 10, 18, 17, 21, 14, 13, 15], [22, 18, 21, 17, 10, 2, 1, 14, 13, 19, 6, 5, 15], [22, 6, 5, 10, 18, 21, 17, 14, 13, 19, 2, 1, 15], [14, 22, 18, 10, 6, 5, 1, 21, 13, 17, 19, 15], [14, 2, 1, 22, 6, 13, 5, 10, 18, 21, 17, 15], [2, 18, 6, 5, 10, 22, 1, 21, 17, 14, 13, 15], [10, 18, 6, 5, 22, 21, 17, 2, 1, 14, 13, 19, 15], [10, 14, 22, 2, 13, 1, 6, 5, 18, 21, 17, 15], [10, 18, 6, 17, 5, 14, 13, 15, 23, 3], [22, 2, 1, 14, 6, 13, 5, 10, 18, 21, 17, 19, 15], [6, 10, 22, 5, 18, 17, 21, 14, 13, 15], [2, 14, 1, 10, 22, 6, 13, 5, 18, 21, 17, 15], [22, 10, 2, 21, 1, 14, 18, 6, 5, 13, 17, 15], [18, 2, 10, 6, 5, 14, 13, 1, 22, 21, 17, 19, 15], [14, 18, 2, 13, 1, 6, 5, 10, 24, 22, 17, 19, 15], [6, 22, 21, 5, 14, 10, 1, 18, 13, 17, 15], [18, 6, 5, 14, 2, 1, 23, 10, 17, 13, 15], [6, 14, 5, 9, 10, 18, 2, 13, 1, 22, 21, 19, 15], [10, 14, 6, 13, 5, 18, 3, 22, 21, 17, 15], [18, 22, 17, 21, 10, 2, 1, 6, 5, 14, 13, 19, 15], [14, 2, 1, 6, 5, 10, 17, 18, 13, 15], [22, 18, 17, 21, 2, 1, 6, 5, 10, 14, 13, 19, 15], [14, 2, 1, 9, 10, 6, 13, 5, 18, 22, 21, 17, 15], [14, 2, 1, 18, 6, 13, 5, 10, 21, 17, 19, 15], [22, 18, 21, 17, 6, 5, 10, 14, 13, 15], [2, 6, 1, 18, 17, 5, 22, 21, 14, 13, 15], [14, 6, 5, 2, 1, 9, 10, 22, 18, 13, 21, 17, 15], [10, 14, 22, 6, 5, 2, 13, 1, 18, 21, 17, 19, 15], [14, 6, 5, 18, 10, 21, 2, 1, 13, 17, 15], [2, 22, 21, 1, 18, 17, 6, 5, 10, 14, 13, 15], [6, 10, 2, 1, 18, 22, 21, 5, 17, 14, 13, 15], [18, 10, 14, 22, 2, 1, 6, 5, 21, 13, 17, 19, 15], [10, 2, 6, 1, 18, 5, 14, 22, 21, 13, 17, 19, 15], [2, 18, 14, 1, 22, 10, 6, 5, 21, 13, 17, 19, 15], [6, 18, 5, 14, 2, 13, 1, 22, 10, 21, 17, 15], [18, 10, 2, 14, 1, 22, 6, 5, 21, 13, 17, 15], [22, 10, 18, 17, 21, 14, 13, 15, 6, 5], [22, 14, 6, 13, 5, 2, 1, 10, 18, 21, 17, 15], [14, 10, 2, 13, 1, 6, 5, 18, 22, 21, 17, 15], [22, 6, 21, 5, 14, 2, 13, 1, 18, 10, 17, 19, 15], [6, 2, 5, 14, 13, 1, 21, 10, 18, 17, 19, 15], [22, 2, 1, 14, 18, 6, 13, 5, 10, 21, 17, 15], [22, 6, 5, 18, 21, 17, 2, 1, 10, 14, 13, 15], [6, 2, 5, 22, 1, 10, 14, 18, 21, 13, 17, 15], [22, 2, 21, 1, 14, 6, 5, 18, 9, 10, 13, 17, 15], [6, 18, 14, 5, 2, 13, 1, 22, 10, 21, 17, 15], [22, 6, 5, 10, 2, 1, 18, 21, 17, 14, 13, 19, 15], [18, 22, 17, 21, 6, 5, 14, 13, 15, 4, 11], [18, 2, 22, 21, 1, 17, 14, 13, 15, 12, 9, 10], [2, 18, 10, 14, 13, 1, 6, 5, 22, 21, 17, 15], [2, 22, 21, 1, 14, 18, 5, 10, 13, 17, 19, 15], [6, 18, 5, 2, 22, 1, 21, 17, 14, 13, 15], [14, 18, 22, 6, 13, 5, 2, 1, 10, 21, 17, 15], [18, 2, 22, 1, 21, 17, 10, 14, 13, 15], [2, 22, 21, 1, 6, 5, 10, 14, 18, 13, 17, 15], [6, 2, 5, 22, 21, 1, 18, 17, 14, 13, 19, 10, 15], [18, 14, 6, 13, 5, 2, 1, 10, 22, 21, 19, 17, 15], [2, 18, 10, 6, 5, 14, 13, 1, 22, 21, 17, 15], [2, 6, 5, 10, 22, 1, 14, 18, 21, 13, 17, 19, 15], [6, 22, 5, 2, 21, 1, 10, 18, 17, 14, 13, 15], [18, 22, 21, 17, 10, 6, 5, 14, 13, 15], [10, 14, 18, 6, 13, 5, 2, 1, 22, 21, 17, 19, 15], [6, 10, 14, 13, 5, 22, 2, 1, 18, 21, 17, 15], [10, 22, 6, 21, 5, 18, 17, 14, 13, 15], [6, 2, 1, 10, 22, 5, 14, 18, 21, 13, 17, 15], [18, 22, 17, 21, 10, 2, 1, 6, 5, 14, 13, 19, 15], [18, 22, 21, 17, 14, 13, 15, 2, 1, 6, 5], [14, 18, 22, 10, 2, 1, 6, 5, 13, 21, 17, 19, 15], [22, 6, 5, 10, 2, 21, 1, 14, 18, 13, 17, 19, 15], [18, 22, 17, 21, 2, 1, 14, 13, 15, 9, 10], [22, 14, 2, 13, 1, 10, 6, 5, 18, 21, 17, 19, 15], [6, 14, 13, 5, 2, 1, 9, 10, 18, 22, 21, 20, 17, 15], [2, 10, 6, 5, 14, 1, 22, 18, 21, 13, 17, 15], [22, 2, 21, 1, 10, 6, 5, 14, 18, 13, 17, 19, 15], [10, 14, 22, 6, 5, 18, 2, 1, 21, 13, 17, 15], [10, 18, 14, 22, 6, 13, 5, 2, 1, 21, 17, 19, 15], [14, 5, 18, 2, 13, 1, 10, 22, 21, 17, 19, 15], [14, 6, 5, 10, 2, 1, 18, 22, 21, 13, 17, 19, 15], [22, 18, 21, 17, 6, 5, 10, 2, 1, 14, 13, 15], [2, 6, 1, 10, 14, 13, 5, 18, 22, 21, 17, 15], [18, 22, 17, 21, 6, 5, 10, 2, 1, 14, 13, 15], [18, 22, 21, 17, 14, 13, 19, 2, 1, 10, 6, 5, 15], [22, 14, 20, 10, 6, 13, 5, 2, 1, 21, 18, 17, 15], [14, 18, 6, 5, 2, 13, 1, 10, 22, 21, 17, 19, 15], [22, 2, 1, 18, 17, 21, 6, 5, 14, 13, 15], [18, 6, 5, 10, 14, 2, 1, 22, 21, 13, 17, 15], [14, 22, 6, 13, 5, 18, 10, 2, 1, 21, 17, 19, 15], [18, 22, 21, 17, 14, 13, 15, 10, 1, 7], [22, 18, 17, 21, 10, 6, 5, 2, 1, 14, 13, 15], [6, 18, 2, 5, 10, 14, 13, 1, 22, 21, 17, 19, 15], [22, 14, 18, 10, 2, 1, 6, 5, 21, 13, 17, 19, 15], [22, 10, 6, 5, 2, 1, 14, 18, 21, 13, 17, 15], [6, 10, 18, 17, 5, 22, 21, 2, 1, 14, 13, 15], [18, 22, 17, 21, 14, 13, 19, 2, 1, 10, 6, 5, 15], [10, 2, 22, 1, 6, 21, 5, 18, 17, 14, 13, 19, 15], [2, 10, 22, 21, 1, 14, 18, 6, 13, 5, 17, 15], [22, 6, 5, 14, 17, 18, 13, 19, 2, 1, 10, 21, 15], [22, 18, 17, 21, 6, 5, 2, 1, 10, 14, 13, 15], [14, 22, 10, 6, 13, 5, 18, 2, 1, 21, 17, 15], [6, 14, 13, 5, 2, 1, 10, 18, 22, 21, 17, 15], [22, 14, 10, 5, 18, 2, 13, 1, 21, 17, 15], [22, 14, 10, 2, 13, 1, 6, 5, 18, 21, 17, 19, 15], [14, 22, 6, 13, 5, 18, 2, 1, 9, 10, 21, 17, 19, 15], [2, 18, 6, 1, 10, 5, 14, 22, 21, 13, 17, 15], [22, 18, 21, 17, 2, 1, 14, 13, 19, 10, 6, 5, 15], [14, 22, 18, 2, 13, 1, 10, 6, 5, 21, 17, 19, 15], [6, 18, 5, 10, 14, 22, 2, 1, 13, 21, 17, 15], [18, 14, 10, 6, 5, 22, 2, 1, 21, 13, 17, 19, 15], [6, 10, 18, 17, 5, 22, 14, 13, 19, 2, 1, 21, 15], [2, 14, 13, 1, 18, 10, 6, 5, 22, 21, 17, 15], [6, 22, 21, 5, 14, 2, 1, 10, 18, 13, 17, 15], [22, 6, 5, 10, 18, 17, 21, 2, 1, 14, 13, 19, 15], [10, 22, 2, 21, 1, 18, 17, 14, 13, 19, 6, 5, 15], [6, 22, 21, 5, 18, 17, 14, 13, 19, 10, 2, 1, 15], [10, 6, 2, 5, 22, 21, 1, 18, 17, 14, 13, 19, 15], [22, 10, 18, 21, 17, 6, 5, 14, 13, 19, 2, 1, 15], [14, 2, 1, 10, 6, 5, 18, 22, 21, 13, 17, 19, 15], [14, 2, 1, 10, 20, 6, 5, 22, 21, 13, 17, 18, 15], [14, 10, 6, 13, 5, 22, 2, 1, 18, 21, 17, 15], [22, 10, 18, 17, 21, 2, 1, 14, 13, 15], [10, 2, 18, 6, 5, 22, 21, 1, 17, 14, 13, 15], [22, 14, 6, 5, 2, 13, 1, 10, 18, 21, 17, 15], [6, 18, 5, 2, 10, 14, 1, 22, 13, 21, 17, 15], [6, 22, 5, 10, 18, 21, 17, 14, 13, 19, 2, 1, 15], [2, 22, 1, 10, 14, 18, 6, 13, 5, 24, 17, 15], [18, 6, 17, 5, 14, 13, 15, 2, 1, 10], [18, 10, 22, 21, 17, 6, 5, 2, 1, 14, 13, 15], [14, 10, 2, 13, 1, 6, 5, 22, 18, 21, 17, 15], [14, 10, 22, 6, 13, 5, 18, 2, 1, 21, 17, 15], [2, 10, 14, 1, 6, 13, 5, 19, 22, 21, 18, 23, 17, 15], [14, 18, 10, 6, 5, 22, 3, 13, 21, 17, 15], [22, 14, 18, 2, 13, 1, 10, 6, 5, 21, 17, 19, 15], [2, 14, 13, 1, 10, 18, 6, 5, 22, 21, 17, 19, 15], [10, 18, 14, 2, 1, 6, 13, 5, 21, 17, 19, 15], [10, 14, 18, 22, 6, 5, 2, 1, 13, 21, 17, 15], [2, 6, 5, 10, 14, 13, 1, 22, 18, 21, 17, 19, 15], [22, 6, 5, 18, 17, 21, 2, 1, 10, 14, 13, 19, 15], [2, 18, 6, 5, 22, 21, 1, 17, 14, 13, 19, 10, 15], [14, 10, 2, 1, 6, 5, 18, 21, 13, 17, 19, 15], [6, 22, 21, 5, 14, 10, 2, 13, 1, 18, 17, 15], [6, 10, 14, 13, 5, 22, 4, 17, 18, 19, 2, 1, 21, 15], [10, 14, 18, 21, 6, 5, 2, 1, 13, 17, 19, 15], [14, 22, 10, 17, 18, 13, 15, 7, 3], [18, 22, 21, 17, 14, 13, 19, 6, 5, 10, 2, 1, 15], [6, 22, 5, 18, 21, 17, 14, 13, 19, 10, 2, 1, 15], [14, 10, 18, 6, 5, 22, 2, 1, 13, 21, 17, 19, 15], [2, 14, 13, 1, 22, 9, 10, 6, 5, 18, 21, 17, 19, 15], [14, 10, 2, 13, 1, 22, 18, 6, 5, 21, 20, 17, 15], [6, 18, 22, 5, 21, 17, 14, 13, 15, 10], [22, 14, 6, 5, 2, 13, 1, 10, 18, 21, 17, 15], [2, 18, 6, 1, 10, 17, 5, 14, 13, 15], [2, 22, 1, 6, 21, 5, 10, 14, 17, 18, 13, 15], [6, 22, 5, 18, 17, 21, 14, 13, 19, 2, 1, 10, 15], [22, 6, 5, 18, 17, 21, 10, 2, 1, 14, 13, 15], [14, 22, 2, 1, 6, 13, 5, 18, 10, 21, 17, 19, 15], [14, 6, 5, 2, 13, 1, 18, 9, 10, 22, 21, 17, 19, 15], [22, 14, 6, 13, 5, 10, 2, 1, 18, 21, 17, 15], [10, 18, 14, 2, 13, 1, 22, 6, 5, 21, 17, 15], [18, 2, 14, 13, 1, 6, 5, 22, 10, 21, 17, 15], [14, 2, 1, 6, 5, 22, 10, 18, 21, 13, 17, 19, 15], [22, 10, 6, 5, 18, 21, 17, 2, 1, 14, 13, 15], [2, 22, 1, 18, 17, 21, 6, 5, 14, 13, 15], [14, 2, 1, 6, 13, 5, 22, 10, 18, 21, 17, 19, 15], [22, 6, 5, 18, 21, 17, 2, 1, 10, 14, 13, 19, 15], [14, 2, 1, 10, 18, 22, 6, 13, 5, 21, 17, 19, 15], [22, 2, 1, 18, 17, 21, 14, 13, 19, 10, 6, 5, 15], [14, 22, 18, 10, 2, 1, 6, 5, 21, 13, 17, 19, 15], [10, 2, 6, 5, 22, 21, 1, 18, 17, 14, 13, 19, 15], [2, 14, 13, 1, 6, 5, 10, 18, 22, 21, 17, 15], [10, 2, 14, 13, 1, 18, 22, 6, 5, 21, 17, 15], [18, 6, 5, 22, 17, 21, 10, 2, 1, 14, 13, 15], [14, 22, 10, 6, 5, 18, 2, 1, 13, 21, 17, 19, 15], [6, 18, 17, 5, 10, 14, 13, 19, 1, 22, 21, 15], [22, 2, 21, 1, 18, 17, 14, 13, 19, 6, 5, 9, 10, 15], [10, 18, 22, 21, 17, 2, 1, 6, 5, 14, 13, 15], [22, 14, 18, 2, 13, 1, 6, 5, 10, 21, 17, 15], [14, 18, 22, 10, 2, 13, 1, 6, 5, 21, 17, 15], [22, 10, 6, 21, 5, 2, 1, 14, 18, 13, 17, 19, 15], [18, 6, 17, 5, 10, 14, 13, 15, 22, 23, 4], [2, 6, 1, 22, 5, 14, 10, 18, 21, 13, 17, 19, 15], [22, 6, 21, 5, 2, 1, 14, 18, 10, 13, 17, 19, 15], [2, 22, 21, 1, 18, 17, 6, 5, 14, 13, 15], [18, 10, 22, 21, 17, 2, 1, 6, 5, 14, 13, 19, 15], [6, 2, 5, 22, 21, 1, 14, 18, 9, 10, 13, 17, 15], [18, 10, 2, 22, 21, 1, 17, 6, 5, 14, 13, 19, 15], [2, 6, 5, 14, 13, 1, 9, 10, 18, 22, 21, 17, 19, 15], [10, 14, 6, 13, 5, 18, 2, 1, 22, 21, 17, 19, 15], [6, 2, 5, 14, 1, 22, 17, 18, 13, 19, 10, 21, 15], [10, 14, 22, 2, 1, 18, 6, 13, 5, 21, 17, 15], [10, 22, 6, 21, 5, 14, 18, 2, 1, 13, 17, 19, 15], [22, 14, 10, 6, 5, 2, 1, 18, 21, 13, 17, 19, 15], [14, 12, 6, 5, 2, 1, 22, 10, 18, 13, 21, 17, 19, 15], [18, 22, 21, 17, 10, 14, 13, 15, 2, 1, 7], [10, 18, 14, 2, 1, 6, 5, 22, 13, 21, 17, 15], [6, 18, 10, 17, 5, 14, 13, 15, 21, 2, 1], [2, 18, 14, 13, 1, 22, 10, 6, 5, 21, 17, 15], [14, 2, 1, 10, 17, 18, 13, 15, 23, 7], [14, 6, 5, 9, 10, 2, 13, 1, 18, 22, 21, 17, 15], [22, 18, 17, 21, 14, 13, 15, 11, 8, 6, 5, 2, 1], [18, 22, 21, 17, 6, 5, 10, 14, 13, 15], [14, 2, 13, 1, 22, 10, 6, 5, 18, 21, 17, 19, 15], [2, 14, 13, 1, 9, 10, 18, 6, 5, 22, 21, 17, 19, 15], [14, 2, 13, 1, 18, 22, 10, 6, 5, 21, 17, 19, 15], [22, 10, 6, 5, 2, 1, 18, 21, 17, 14, 13, 19, 15], [6, 10, 18, 5, 22, 17, 21, 2, 1, 14, 13, 19, 15], [6, 14, 5, 10, 22, 18, 2, 13, 1, 21, 17, 15], [6, 14, 13, 5, 10, 2, 1, 18, 22, 21, 17, 19, 15], [6, 10, 18, 14, 5, 2, 1, 22, 13, 21, 17, 19, 15], [14, 2, 1, 10, 18, 22, 6, 5, 21, 13, 17, 19, 15], [10, 2, 14, 1, 18, 6, 13, 5, 22, 21, 17, 15], [14, 2, 1, 6, 5, 10, 18, 22, 21, 13, 17, 19, 15], [2, 6, 1, 18, 22, 21, 5, 17, 10, 14, 13, 15], [18, 10, 14, 2, 13, 1, 6, 5, 21, 17, 19, 15], [18, 2, 10, 14, 13, 1, 6, 5, 22, 21, 17, 19, 15], [18, 10, 2, 6, 1, 17, 5, 22, 21, 14, 13, 15], [18, 10, 6, 17, 5, 2, 1, 14, 13, 19, 22, 21, 15], [6, 14, 13, 5, 18, 10, 1, 22, 21, 17, 19, 15], [10, 14, 22, 2, 13, 1, 6, 5, 18, 21, 17, 15], [14, 6, 5, 18, 2, 13, 1, 22, 11, 21, 17, 19, 15], [18, 14, 10, 2, 1, 22, 6, 5, 13, 21, 17, 15], [2, 6, 1, 14, 5, 18, 10, 22, 13, 21, 17, 15], [18, 22, 21, 17, 10, 6, 5, 2, 1, 14, 13, 15], [22, 18, 21, 17, 2, 1, 10, 6, 5, 14, 13, 19, 15], [2, 14, 13, 1, 18, 6, 5, 22, 10, 21, 17, 19, 15], [22, 14, 10, 2, 1, 5, 18, 21, 13, 17, 19, 15], [14, 22, 6, 13, 5, 18, 10, 2, 1, 21, 17, 19, 15], [18, 6, 17, 5, 22, 21, 2, 1, 14, 13, 15], [10, 14, 2, 1, 18, 22, 6, 13, 5, 21, 17, 15], [18, 22, 21, 17, 10, 2, 1, 14, 13, 19, 6, 5, 15], [10, 22, 2, 21, 1, 14, 18, 6, 5, 13, 17, 15], [22, 10, 2, 21, 1, 14, 6, 13, 5, 18, 17, 19, 15], [22, 10, 2, 21, 1, 18, 17, 6, 5, 14, 13, 19, 15], [10, 2, 22, 21, 1, 14, 6, 13, 5, 18, 17, 19, 15], [6, 14, 13, 5, 22, 10, 18, 2, 1, 21, 17, 19, 15], [10, 6, 2, 1, 18, 14, 5, 22, 13, 21, 17, 15], [18, 22, 21, 17, 10, 14, 13, 19, 6, 5, 2, 1, 15], [6, 22, 21, 5, 14, 2, 13, 1, 18, 10, 17, 19, 15], [22, 18, 17, 21, 10, 14, 13, 19, 2, 1, 6, 5, 15], [6, 22, 21, 5, 14, 2, 1, 10, 17, 18, 13, 15], [2, 18, 14, 13, 1, 10, 22, 6, 5, 21, 17, 19, 15], [22, 10, 2, 1, 14, 18, 6, 13, 5, 21, 17, 19, 15], [10, 14, 2, 1, 22, 6, 13, 5, 18, 21, 17, 15], [2, 22, 21, 1, 6, 5, 14, 18, 9, 10, 13, 17, 15], [6, 22, 5, 10, 18, 21, 17, 2, 1, 14, 13, 19, 15], [22, 14, 2, 1, 6, 13, 5, 10, 18, 21, 17, 15], [2, 6, 1, 10, 18, 5, 22, 21, 17, 14, 13, 19, 15], [18, 22, 17, 21, 2, 1, 14, 13, 19, 6, 5, 10, 15], [14, 18, 10, 1, 22, 5, 21, 13, 17, 15], [18, 6, 17, 5, 22, 21, 2, 1, 14, 13, 19, 10, 16, 15], [6, 2, 1, 18, 17, 5, 10, 22, 21, 14, 13, 19, 15], [22, 2, 1, 10, 6, 21, 5, 14, 18, 13, 17, 19, 15], [10, 2, 22, 21, 1, 14, 18, 6, 13, 5, 17, 19, 15], [6, 14, 5, 22, 18, 2, 13, 1, 10, 21, 17, 15], [2, 6, 5, 10, 14, 13, 1, 18, 22, 21, 17, 19, 15], [2, 10, 14, 13, 1, 6, 5, 18, 22, 21, 17, 19, 15], [18, 22, 17, 21, 14, 13, 15, 10, 6, 5], [22, 14, 2, 13, 1, 10, 6, 5, 18, 21, 17, 15], [22, 10, 2, 21, 1, 14, 6, 13, 5, 18, 17, 15], [10, 6, 14, 5, 2, 13, 1, 21, 18, 17, 19, 15], [10, 18, 14, 22, 2, 1, 6, 5, 21, 13, 17, 19, 15], [14, 22, 6, 5, 17, 18, 13, 19, 2, 1, 10, 21, 15], [6, 10, 14, 5, 22, 19, 2, 1, 13, 21, 17, 18, 15], [2, 10, 6, 5, 18, 14, 13, 1, 22, 21, 17, 15], [22, 14, 5, 1, 10, 18, 13, 21, 17, 15], [18, 6, 17, 5, 14, 13, 19, 10, 2, 1, 22, 21, 15], [10, 14, 6, 13, 5, 2, 1, 18, 22, 21, 17, 19, 15], [6, 22, 21, 5, 18, 17, 2, 1, 10, 14, 13, 15], [18, 14, 2, 13, 1, 6, 5, 22, 10, 21, 17, 19, 15], [14, 6, 13, 5, 10, 22, 18, 2, 1, 21, 17, 19, 15], [10, 6, 2, 5, 18, 14, 1, 22, 21, 13, 17, 19, 15], [10, 22, 14, 2, 13, 1, 6, 5, 18, 21, 17, 15], [10, 2, 14, 13, 1, 22, 18, 6, 5, 21, 17, 15], [6, 18, 17, 5, 10, 14, 13, 15, 3, 22], [14, 2, 13, 1, 10, 6, 5, 18, 22, 21, 17, 19, 15], [10, 22, 2, 1, 14, 18, 6, 13, 5, 21, 17, 15], [18, 2, 22, 21, 1, 17, 10, 14, 13, 15], [2, 22, 1, 10, 6, 5, 14, 18, 21, 13, 17, 15], [10, 22, 18, 17, 21, 2, 1, 6, 5, 14, 13, 19, 15], [10, 6, 22, 5, 18, 21, 17, 2, 1, 14, 13, 15], [10, 2, 18, 14, 1, 22, 6, 13, 5, 21, 17, 19, 15], [10, 6, 2, 5, 18, 22, 21, 1, 17, 14, 13, 19, 15], [14, 18, 22, 2, 1, 10, 6, 5, 21, 13, 17, 15], [10, 18, 14, 22, 2, 1, 6, 5, 13, 21, 17, 19, 15], [18, 2, 6, 5, 14, 13, 1, 10, 22, 21, 17, 19, 15], [10, 2, 22, 21, 1, 6, 5, 18, 17, 14, 13, 15], [10, 14, 2, 1, 18, 6, 5, 22, 21, 13, 17, 19, 15], [18, 22, 17, 21, 6, 5, 14, 13, 19, 10, 2, 1, 15], [10, 22, 2, 21, 1, 14, 18, 6, 5, 13, 17, 19, 15], [14, 6, 13, 5, 2, 1, 10, 19, 22, 21, 18, 23, 11, 17, 15], [2, 10, 22, 1, 6, 21, 5, 18, 17, 14, 13, 19, 15], [18, 22, 17, 21, 6, 5, 14, 13, 19, 10, 2, 1, 15], [22, 2, 21, 1, 18, 17, 6, 5, 14, 13, 15], [18, 6, 17, 5, 2, 1, 14, 13, 15, 24, 9, 10], [2, 22, 21, 1, 6, 5, 10, 18, 17, 14, 13, 19, 15], [2, 22, 21, 1, 14, 10, 18, 5, 13, 17, 19, 15], [2, 14, 1, 10, 18, 6, 13, 5, 22, 21, 17, 19, 15], [22, 18, 21, 17, 6, 5, 10, 2, 1, 14, 13, 15], [2, 6, 5, 18, 22, 21, 1, 17, 14, 13, 19, 10, 15], [14, 18, 10, 2, 1, 22, 5, 21, 13, 17, 15], [18, 2, 10, 14, 1, 6, 13, 5, 22, 21, 17, 15], [18, 10, 2, 14, 1, 6, 5, 22, 21, 13, 17, 19, 15], [10, 18, 22, 17, 2, 1, 21, 6, 5, 14, 13, 19, 15], [18, 10, 6, 14, 5, 2, 13, 1, 22, 21, 17, 15], [14, 2, 1, 22, 10, 6, 5, 18, 13, 21, 17, 15], [6, 18, 17, 5, 10, 14, 13, 19, 2, 1, 22, 21, 15], [14, 1, 22, 10, 6, 5, 18, 21, 13, 17, 15], [14, 6, 5, 10, 18, 2, 13, 1, 22, 21, 17, 15], [6, 18, 14, 5, 2, 1, 10, 21, 17, 13, 19, 22, 15], [6, 2, 1, 10, 18, 5, 14, 23, 22, 13, 17, 15], [6, 2, 5, 18, 14, 1, 10, 22, 21, 13, 17, 15], [2, 10, 14, 1, 6, 5, 21, 18, 13, 17, 15], [22, 2, 21, 1, 6, 5, 18, 17, 14, 13, 15], [6, 14, 5, 22, 18, 10, 2, 1, 21, 13, 17, 19, 15], [2, 14, 13, 1, 22, 18, 10, 6, 5, 21, 17, 15], [6, 2, 5, 22, 1, 10, 14, 18, 13, 21, 17, 19, 15], [2, 14, 1, 10, 6, 5, 22, 18, 21, 13, 17, 19, 15], [2, 10, 6, 1, 14, 13, 5, 18, 22, 21, 17, 15], [6, 14, 5, 22, 18, 10, 2, 1, 13, 21, 17, 15], [14, 22, 10, 18, 2, 13, 1, 6, 5, 21, 17, 15], [6, 2, 1, 22, 5, 10, 18, 17, 21, 14, 13, 15], [10, 22, 18, 17, 21, 14, 13, 19, 2, 1, 6, 5, 15], [6, 2, 5, 22, 21, 1, 14, 18, 10, 13, 17, 19, 15], [18, 14, 1, 22, 10, 5, 13, 21, 17, 15], [6, 2, 1, 10, 18, 17, 5, 14, 13, 19, 22, 21, 15], [14, 6, 5, 10, 22, 18, 2, 1, 13, 21, 17, 15], [6, 2, 5, 18, 10, 14, 1, 22, 13, 21, 17, 19, 15], [18, 14, 22, 10, 2, 1, 6, 13, 5, 21, 17, 19, 15], [2, 22, 21, 1, 10, 6, 5, 14, 18, 13, 17, 15], [14, 22, 18, 2, 1, 6, 13, 5, 10, 21, 17, 19, 15], [18, 22, 17, 21, 10, 2, 1, 14, 13, 19, 6, 5, 15], [10, 22, 18, 17, 21, 14, 13, 15, 3, 7], [6, 14, 13, 5, 22, 18, 10, 2, 1, 21, 17, 15], [14, 18, 5, 10, 2, 1, 22, 21, 13, 17, 15], [22, 6, 5, 10, 2, 21, 1, 14, 18, 13, 17, 19, 15], [2, 6, 5, 22, 1, 10, 18, 17, 21, 14, 13, 15], [10, 2, 14, 1, 22, 18, 6, 5, 21, 13, 17, 19, 15], [18, 14, 10, 6, 13, 5, 2, 1, 22, 21, 17, 15], [18, 22, 21, 17, 6, 5, 10, 2, 1, 14, 13, 15], [2, 22, 1, 14, 18, 6, 5, 10, 13, 21, 17, 15], [14, 6, 13, 5, 18, 2, 1, 10, 22, 21, 17, 19, 15], [10, 6, 22, 21, 5, 2, 1, 18, 17, 14, 13, 15], [22, 2, 1, 6, 5, 14, 10, 17, 18, 13, 15], [6, 2, 5, 14, 13, 1, 18, 10, 22, 21, 17, 15], [10, 6, 14, 5, 2, 1, 18, 22, 21, 13, 17, 15], [18, 6, 5, 22, 21, 17, 10, 2, 1, 14, 13, 19, 15], [14, 18, 2, 13, 1, 22, 10, 6, 5, 21, 17, 19, 15], [6, 22, 5, 18, 17, 21, 14, 13, 15, 3, 9, 10], [2, 18, 14, 1, 10, 5, 21, 13, 17, 15], [18, 10, 22, 17, 21, 2, 1, 14, 13, 19, 6, 5, 15], [14, 22, 6, 5, 10, 18, 2, 13, 1, 21, 17, 15], [10, 18, 22, 17, 21, 14, 13, 19, 6, 5, 2, 1, 15], [14, 22, 10, 2, 13, 1, 6, 5, 18, 21, 17, 19, 15], [22, 10, 14, 6, 13, 5, 2, 1, 18, 21, 17, 15], [2, 10, 22, 21, 1, 18, 17, 6, 5, 14, 13, 19, 15], [18, 14, 2, 13, 1, 10, 21, 6, 5, 17, 15], [22, 10, 18, 21, 17, 14, 13, 19, 6, 5, 2, 1, 15], [14, 2, 13, 1, 9, 10, 21, 18, 6, 5, 17, 19, 15], [14, 6, 13, 5, 22, 18, 10, 2, 1, 21, 17, 15], [14, 18, 9, 10, 22, 2, 13, 1, 6, 5, 21, 17, 15], [2, 22, 21, 1, 14, 18, 6, 5, 10, 13, 17, 19, 15], [22, 10, 18, 17, 2, 1, 21, 14, 13, 15], [2, 10, 6, 1, 18, 5, 22, 21, 17, 14, 13, 15], [14, 6, 5, 10, 22, 2, 1, 18, 21, 13, 17, 15], [22, 6, 5, 18, 17, 21, 2, 1, 14, 13, 15], [2, 22, 21, 1, 10, 18, 17, 6, 5, 14, 13, 15], [6, 22, 21, 5, 10, 18, 17, 14, 13, 15], [22, 18, 17, 21, 2, 1, 14, 13, 15, 12, 10], [6, 10, 14, 13, 5, 18, 2, 1, 22, 21, 17, 19, 15], [6, 22, 5, 2, 1, 14, 18, 10, 13, 21, 17, 15], [6, 14, 13, 5, 2, 1, 21, 18, 10, 17, 15], [22, 6, 21, 5, 2, 1, 18, 17, 14, 13, 19, 10, 15], [14, 18, 6, 13, 5, 2, 1, 12, 10, 22, 21, 17, 19, 15], [22, 18, 17, 21, 6, 5, 10, 14, 13, 15], [2, 18, 14, 13, 1, 22, 10, 6, 5, 21, 17, 15], [22, 10, 18, 21, 17, 6, 5, 2, 1, 14, 13, 19, 15], [18, 2, 22, 21, 1, 17, 10, 6, 5, 14, 13, 19, 15], [6, 10, 2, 1, 14, 13, 5, 23, 18, 17, 15], [18, 10, 22, 17, 21, 14, 13, 15, 8, 6, 5], [6, 2, 5, 18, 22, 21, 1, 17, 10, 14, 13, 15], [10, 18, 22, 21, 17, 2, 1, 6, 5, 14, 13, 15], [22, 14, 18, 10, 2, 1, 6, 13, 5, 21, 17, 15], [14, 6, 5, 2, 1, 22, 18, 10, 21, 13, 17, 15], [2, 14, 1, 22, 6, 5, 10, 18, 13, 21, 17, 15], [10, 2, 18, 14, 1, 6, 5, 21, 13, 17, 15], [10, 14, 6, 5, 22, 18, 2, 1, 13, 21, 17, 19, 15], [2, 14, 1, 6, 13, 5, 18, 10, 22, 21, 17, 19, 15], [2, 10, 14, 1, 6, 5, 22, 18, 13, 21, 17, 15], [10, 6, 2, 1, 18, 22, 5, 17, 21, 14, 13, 15], [2, 22, 1, 10, 18, 21, 17, 14, 13, 15], [10, 22, 6, 5, 2, 1, 14, 18, 21, 13, 17, 15], [22, 10, 14, 18, 2, 13, 1, 6, 5, 21, 17, 19, 15], [18, 10, 14, 6, 5, 2, 13, 1, 22, 21, 17, 15], [18, 6, 17, 5, 14, 13, 15, 12, 23, 4, 11, 1], [6, 10, 18, 5, 14, 22, 2, 1, 21, 13, 17, 19, 15], [14, 10, 22, 2, 1, 18, 6, 5, 13, 21, 17, 19, 15], [14, 20, 22, 9, 10, 2, 13, 1, 6, 5, 21, 19, 18, 11, 16, 23, 15], [10, 2, 14, 1, 22, 18, 6, 5, 21, 13, 17, 15], [18, 14, 2, 1, 6, 13, 5, 10, 22, 21, 17, 15], [18, 22, 17, 21, 6, 5, 2, 1, 10, 14, 13, 19, 15], [2, 22, 21, 1, 14, 10, 6, 13, 5, 18, 17, 15], [6, 10, 2, 1, 14, 5, 21, 18, 13, 17, 19, 15], [2, 6, 1, 14, 13, 5, 22, 18, 10, 21, 17, 19, 15], [18, 2, 14, 13, 1, 10, 6, 5, 21, 17, 15], [18, 6, 5, 22, 17, 21, 14, 13, 15, 2, 1], [10, 2, 22, 21, 1, 6, 5, 18, 17, 14, 13, 19, 15], [14, 22, 2, 1, 18, 6, 13, 5, 10, 21, 17, 15], [6, 2, 1, 18, 5, 10, 22, 21, 17, 14, 13, 15], [2, 10, 22, 1, 14, 6, 5, 18, 21, 13, 17, 19, 15], [2, 22, 1, 18, 17, 21, 6, 5, 14, 13, 15], [14, 6, 13, 5, 2, 1, 22, 10, 18, 21, 17, 19, 15], [14, 18, 2, 13, 1, 22, 10, 6, 5, 21, 17, 19, 15], [10, 14, 6, 13, 5, 18, 2, 1, 22, 21, 17, 19, 15], [14, 6, 5, 10, 2, 1, 22, 18, 21, 13, 17, 19, 15], [22, 10, 14, 2, 13, 1, 18, 6, 5, 21, 17, 15], [2, 14, 1, 6, 5, 22, 10, 18, 21, 13, 17, 19, 15], [2, 18, 10, 22, 1, 17, 21, 6, 5, 14, 13, 19, 15], [6, 18, 17, 5, 10, 14, 13, 19, 22, 2, 1, 21, 15], [6, 18, 5, 10, 14, 22, 2, 1, 13, 21, 17, 19, 15], [2, 6, 1, 22, 5, 10, 14, 18, 13, 21, 17, 19, 15], [14, 10, 6, 5, 22, 2, 13, 1, 18, 21, 17, 15], [14, 12, 10, 6, 5, 18, 22, 2, 13, 1, 21, 17, 15], [22, 6, 5, 18, 21, 17, 2, 1, 14, 13, 19, 10, 15], [6, 14, 13, 5, 18, 10, 22, 2, 1, 21, 17, 15], [2, 6, 5, 22, 21, 1, 18, 17, 10, 14, 13, 15], [22, 14, 18, 10, 2, 13, 1, 6, 5, 21, 17, 15], [2, 6, 5, 18, 22, 1, 17, 21, 10, 14, 13, 19, 15], [6, 14, 5, 18, 2, 13, 1, 10, 22, 21, 17, 19, 15], [2, 22, 21, 1, 10, 18, 17, 14, 13, 19, 6, 5, 15], [22, 6, 5, 10, 14, 2, 1, 18, 21, 13, 17, 19, 15], [10, 22, 14, 2, 1, 6, 5, 18, 21, 13, 17, 19, 15], [2, 18, 10, 22, 1, 17, 21, 6, 5, 14, 13, 15], [10, 22, 6, 21, 5, 2, 1, 18, 17, 14, 13, 15], [2, 18, 22, 21, 1, 17, 6, 5, 14, 13, 19, 10, 15], [14, 10, 6, 5, 18, 21, 2, 13, 1, 20, 22, 19, 9, 15], [22, 2, 1, 10, 14, 18, 6, 5, 13, 21, 17, 19, 15], [14, 10, 18, 6, 13, 5, 22, 2, 1, 21, 17, 15], [18, 6, 14, 5, 2, 1, 10, 22, 21, 13, 17, 19, 15], [6, 22, 5, 2, 1, 14, 18, 10, 21, 13, 17, 19, 15], [2, 10, 14, 13, 1, 18, 6, 5, 22, 21, 17, 15], [18, 22, 21, 17, 6, 5, 14, 13, 15, 4, 11], [10, 22, 2, 1, 6, 21, 5, 14, 18, 13, 17, 19, 15], [10, 6, 18, 17, 5, 14, 13, 15, 24, 19], [2, 10, 22, 21, 1, 18, 17, 6, 5, 14, 13, 19, 15], [14, 9, 10, 2, 13, 1, 18, 6, 5, 22, 21, 17, 19, 15], [18, 6, 5, 22, 21, 17, 14, 13, 19, 10, 2, 1, 15], [10, 2, 18, 14, 1, 6, 5, 22, 13, 21, 17, 19, 15], [10, 6, 2, 5, 22, 21, 1, 18, 17, 14, 13, 19, 15], [22, 2, 1, 18, 17, 21, 10, 14, 13, 15], [2, 14, 1, 22, 6, 13, 5, 18, 10, 21, 17, 15], [22, 10, 2, 1, 14, 17, 18, 13, 19, 6, 5, 15], [18, 6, 5, 22, 21, 17, 10, 14, 13, 15], [10, 2, 6, 1, 22, 21, 5, 14, 18, 13, 17, 15], [10, 18, 6, 5, 14, 2, 13, 1, 22, 21, 17, 19, 15], [22, 6, 5, 2, 21, 1, 18, 17, 10, 14, 13, 15], [14, 2, 13, 1, 6, 5, 9, 10, 22, 18, 21, 17, 15], [22, 10, 6, 21, 5, 14, 18, 2, 13, 1, 17, 15], [18, 6, 2, 1, 14, 5, 10, 22, 21, 17, 13, 19, 15], [10, 18, 14, 6, 13, 5, 2, 1, 22, 21, 17, 19, 15], [22, 2, 1, 10, 14, 6, 13, 5, 18, 21, 17, 15], [22, 18, 17, 21, 14, 13, 19, 6, 5, 9, 10, 2, 1, 15], [10, 22, 6, 5, 18, 17, 21, 14, 13, 19, 2, 1, 15], [22, 10, 2, 21, 1, 6, 5, 14, 18, 13, 17, 15], [22, 6, 5, 18, 17, 21, 14, 13, 19, 2, 1, 10, 15], [22, 2, 1, 14, 18, 10, 6, 5, 21, 13, 17, 15], [6, 18, 2, 5, 14, 1, 22, 10, 21, 13, 17, 15], [10, 22, 2, 1, 14, 18, 6, 13, 5, 21, 17, 15], [2, 14, 13, 1, 18, 22, 10, 6, 5, 21, 17, 19, 15], [18, 14, 10, 22, 6, 13, 5, 2, 1, 21, 17, 15], [14, 6, 13, 5, 1, 10, 22, 18, 21, 17, 15], [10, 22, 18, 17, 21, 2, 1, 6, 5, 14, 13, 15], [6, 18, 17, 5, 10, 22, 21, 14, 13, 15], [14, 10, 6, 5, 18, 22, 2, 13, 1, 21, 17, 15], [10, 18, 2, 14, 13, 1, 22, 6, 5, 17, 15], [6, 10, 2, 1, 14, 13, 5, 18, 22, 21, 17, 15], [6, 2, 1, 18, 17, 5, 22, 21, 10, 14, 13, 15], [22, 14, 2, 13, 1, 6, 5, 10, 18, 21, 17, 19, 15], [10, 14, 18, 6, 13, 5, 2, 1, 22, 21, 17, 15], [14, 6, 13, 5, 18, 22, 2, 1, 10, 21, 17, 19, 15], [6, 14, 5, 18, 22, 2, 13, 1, 10, 21, 17, 15], [10, 2, 22, 21, 1, 6, 5, 18, 17, 14, 13, 15], [14, 2, 13, 1, 6, 5, 10, 18, 22, 21, 17, 19, 15], [14, 6, 5, 18, 10, 2, 1, 22, 13, 21, 17, 15], [18, 22, 21, 17, 2, 1, 6, 5, 14, 13, 19, 10, 15], [14, 22, 2, 13, 1, 6, 5, 10, 18, 21, 17, 19, 15], [2, 10, 14, 13, 1, 22, 6, 5, 18, 21, 17, 15], [6, 2, 5, 14, 13, 1, 18, 22, 10, 21, 17, 19, 15], [22, 6, 5, 2, 1, 10, 18, 17, 21, 14, 13, 15], [2, 22, 1, 10, 6, 5, 18, 17, 21, 14, 13, 19, 15], [6, 18, 10, 5, 2, 22, 1, 21, 17, 14, 13, 19, 15], [18, 22, 17, 21, 2, 1, 14, 13, 19, 10, 6, 5, 15], [14, 10, 18, 2, 1, 22, 6, 5, 21, 13, 17, 15], [10, 6, 18, 17, 5, 14, 13, 15, 2, 1], [18, 10, 22, 17, 21, 2, 1, 6, 5, 14, 13, 19, 15], [18, 2, 14, 1, 22, 10, 6, 13, 5, 21, 17, 15], [18, 14, 22, 6, 13, 5, 10, 1, 21, 17, 19, 15], [10, 2, 14, 1, 22, 6, 5, 18, 13, 21, 17, 15], [10, 14, 18, 2, 13, 1, 22, 6, 5, 21, 17, 15], [14, 18, 6, 13, 5, 21, 2, 1, 10, 17, 15], [10, 18, 22, 21, 17, 2, 1, 6, 5, 14, 13, 19, 15], [10, 14, 6, 5, 18, 22, 2, 13, 1, 21, 17, 19, 15], [6, 18, 17, 5, 10, 22, 21, 14, 13, 15], [6, 22, 21, 5, 18, 17, 14, 13, 19, 10, 2, 1, 15], [6, 14, 13, 5, 18, 22, 2, 1, 10, 21, 17, 19, 15], [18, 2, 10, 22, 21, 1, 17, 6, 5, 14, 13, 19, 15], [22, 2, 1, 6, 5, 10, 18, 17, 21, 14, 13, 19, 15], [22, 10, 6, 5, 2, 21, 1, 18, 17, 14, 13, 19, 15], [6, 10, 14, 13, 5, 2, 1, 18, 22, 21, 17, 19, 15], [22, 6, 5, 14, 10, 18, 2, 13, 1, 21, 17, 19, 15], [6, 10, 2, 5, 14, 13, 1, 22, 18, 21, 17, 15], [22, 18, 17, 21, 6, 5, 10, 2, 1, 14, 13, 19, 15], [2, 10, 22, 21, 1, 6, 5, 14, 18, 13, 17, 19, 15], [14, 10, 6, 13, 5, 22, 18, 2, 1, 17, 19, 21, 15], [14, 10, 6, 5, 18, 22, 2, 1, 21, 13, 17, 19, 15], [22, 6, 21, 5, 10, 14, 2, 13, 1, 18, 17, 19, 15], [14, 10, 18, 1, 22, 6, 13, 5, 21, 17, 15], [22, 14, 18, 2, 1, 6, 5, 10, 21, 13, 17, 19, 15], [10, 6, 18, 5, 22, 21, 17, 2, 1, 14, 13, 19, 15], [18, 10, 6, 5, 14, 2, 13, 1, 22, 21, 17, 15], [14, 10, 2, 13, 1, 18, 6, 5, 22, 21, 17, 15], [2, 18, 6, 1, 17, 5, 10, 14, 13, 15], [14, 2, 13, 1, 22, 6, 5, 18, 10, 21, 17, 15], [18, 14, 22, 2, 1, 6, 5, 11, 21, 13, 17, 19, 15], [22, 6, 5, 14, 10, 2, 1, 18, 13, 21, 17, 15], [2, 18, 6, 1, 17, 5, 14, 13, 19, 22, 10, 21, 15], [14, 2, 13, 1, 6, 5, 18, 22, 10, 21, 17, 15], [18, 6, 14, 5, 2, 13, 1, 22, 10, 21, 17, 15], [14, 2, 1, 9, 10, 18, 6, 5, 22, 13, 21, 17, 15], [18, 2, 22, 21, 1, 17, 10, 14, 13, 15], [2, 14, 1, 22, 10, 18, 6, 13, 5, 21, 17, 19, 15], [6, 14, 5, 22, 10, 3, 18, 13, 21, 17, 15], [18, 10, 14, 22, 2, 13, 1, 6, 5, 21, 17, 15], [2, 6, 1, 14, 13, 5, 22, 18, 10, 21, 17, 19, 15], [18, 22, 17, 21, 2, 1, 14, 13, 19, 6, 5, 10, 15], [2, 10, 14, 13, 1, 6, 5, 22, 18, 21, 17, 15], [14, 2, 13, 1, 6, 5, 18, 10, 22, 21, 17, 15], [22, 2, 21, 1, 18, 17, 14, 13, 15, 8, 6, 5], [10, 22, 2, 1, 14, 6, 13, 5, 18, 21, 17, 15], [18, 2, 22, 1, 17, 21, 14, 13, 19, 10, 6, 5, 15], [10, 2, 22, 1, 14, 6, 13, 5, 18, 21, 17, 19, 15], [22, 6, 5, 10, 18, 17, 21, 2, 1, 14, 13, 19, 15], [2, 6, 5, 14, 13, 1, 10, 22, 18, 21, 17, 15], [10, 2, 18, 6, 1, 5, 22, 21, 17, 14, 13, 19, 15], [18, 6, 17, 5, 22, 21, 14, 13, 15, 4, 10], [18, 6, 17, 5, 22, 21, 2, 1, 14, 13, 15], [6, 22, 5, 14, 10, 17, 18, 13, 19, 2, 1, 21, 15], [18, 22, 17, 21, 10, 14, 13, 19, 2, 1, 6, 5, 15], [18, 6, 5, 10, 2, 22, 1, 17, 21, 14, 13, 15], [2, 14, 13, 1, 18, 10, 21, 6, 5, 17, 19, 15], [14, 18, 6, 13, 5, 2, 1, 22, 10, 21, 17, 19, 15], [18, 22, 21, 17, 10, 14, 13, 15, 7, 2, 1], [6, 10, 2, 5, 18, 22, 21, 1, 17, 14, 13, 15], [2, 6, 5, 10, 14, 1, 22, 18, 21, 13, 17, 19, 15], [18, 6, 17, 5, 22, 21, 14, 13, 19, 2, 1, 10, 15], [22, 14, 18, 10, 2, 13, 1, 6, 5, 21, 17, 19, 15], [18, 14, 10, 5, 2, 13, 1, 22, 21, 17, 15], [14, 22, 2, 1, 10, 5, 18, 21, 13, 17, 15], [18, 22, 17, 21, 10, 2, 1, 6, 5, 14, 13, 15], [14, 18, 10, 2, 13, 1, 22, 7, 21, 17, 19, 15], [22, 2, 1, 14, 10, 6, 5, 18, 21, 13, 17, 15], [14, 18, 2, 13, 1, 22, 6, 5, 10, 21, 19, 15], [18, 22, 17, 21, 2, 1, 6, 5, 10, 14, 13, 19, 15], [14, 10, 2, 13, 1, 18, 22, 6, 5, 21, 17, 15], [22, 10, 2, 21, 1, 14, 18, 6, 5, 13, 17, 19, 15], [14, 6, 5, 10, 2, 13, 1, 22, 18, 21, 17, 15], [6, 2, 1, 22, 5, 18, 17, 21, 10, 14, 13, 15], [22, 14, 2, 1, 10, 6, 5, 18, 21, 13, 17, 15], [6, 2, 1, 10, 22, 21, 5, 18, 17, 14, 13, 15], [18, 10, 22, 17, 21, 2, 1, 14, 13, 15], [10, 22, 6, 21, 5, 18, 17, 14, 13, 19, 2, 1, 15], [2, 22, 1, 6, 21, 5, 14, 17, 18, 13, 15], [2, 18, 22, 1, 17, 14, 13, 19, 10, 6, 5, 21, 15], [22, 14, 6, 13, 5, 2, 1, 18, 10, 21, 17, 15], [10, 14, 2, 13, 1, 7, 22, 18, 21, 17, 15], [10, 14, 21, 2, 1, 6, 5, 18, 13, 17, 15], [10, 14, 22, 18, 6, 13, 5, 2, 1, 21, 17, 15], [18, 22, 21, 17, 6, 5, 14, 13, 19, 1, 10, 15], [18, 22, 21, 17, 6, 5, 10, 14, 13, 15], [6, 2, 1, 22, 5, 18, 21, 17, 14, 13, 15], [10, 22, 6, 5, 2, 1, 18, 21, 17, 14, 13, 19, 15], [14, 6, 13, 5, 2, 1, 9, 10, 18, 22, 21, 17, 15], [18, 22, 17, 21, 2, 1, 10, 14, 13, 15], [18, 14, 6, 13, 5, 22, 10, 1, 21, 17, 19, 15], [10, 6, 22, 21, 5, 14, 2, 1, 18, 13, 17, 19, 15], [14, 10, 18, 2, 1, 6, 13, 5, 22, 21, 17, 15], [10, 22, 18, 17, 21, 6, 5, 14, 13, 19, 2, 1, 15], [6, 14, 13, 5, 10, 22, 20, 2, 1, 21, 18, 17, 15], [6, 2, 1, 22, 21, 5, 10, 18, 17, 14, 13, 19, 15], [22, 10, 2, 1, 14, 6, 13, 5, 18, 21, 17, 19, 15], [18, 2, 22, 1, 17, 21, 6, 5, 10, 14, 13, 19, 15], [18, 6, 5, 10, 22, 21, 17, 2, 1, 14, 13, 19, 15], [10, 14, 22, 18, 6, 5, 2, 1, 13, 21, 17, 19, 15], [14, 10, 6, 5, 2, 1, 22, 18, 21, 13, 17, 19, 15], [6, 2, 5, 18, 14, 1, 22, 10, 21, 13, 17, 15], [14, 21, 2, 1, 6, 13, 5, 10, 18, 17, 19, 15], [18, 2, 14, 1, 6, 5, 10, 21, 20, 22, 13, 19, 23, 9, 11], [14, 22, 10, 6, 5, 2, 13, 1, 18, 21, 17, 15], [6, 22, 21, 5, 14, 10, 2, 13, 1, 18, 19, 11, 17, 15], [18, 6, 14, 5, 2, 13, 1, 22, 10, 21, 17, 15], [2, 10, 14, 13, 1, 6, 5, 18, 22, 21, 17, 19, 15], [14, 6, 5, 10, 2, 13, 1, 18, 22, 21, 17, 19, 15], [18, 2, 10, 14, 13, 1, 6, 5, 22, 21, 17, 15], [2, 10, 22, 1, 14, 6, 5, 18, 13, 21, 17, 19, 15], [6, 22, 5, 2, 21, 1, 18, 17, 10, 14, 13, 19, 15], [22, 6, 5, 10, 14, 18, 2, 13, 1, 21, 17, 15], [10, 18, 14, 6, 5, 22, 2, 13, 1, 21, 17, 15], [10, 22, 14, 5, 18, 2, 1, 21, 13, 17, 15], [22, 2, 21, 1, 6, 5, 10, 18, 17, 14, 13, 19, 15], [18, 10, 6, 2, 1, 17, 5, 14, 13, 19, 22, 21, 15], [22, 14, 2, 13, 1, 18, 6, 5, 10, 21, 17, 15], [18, 6, 17, 5, 14, 13, 15, 10, 2, 1], [14, 10, 22, 18, 2, 1, 6, 5, 21, 13, 17, 19, 15], [14, 22, 10, 18, 6, 13, 5, 2, 1, 21, 17, 19, 15], [10, 18, 2, 14, 1, 22, 6, 5, 21, 13, 17, 15], [6, 18, 5, 14, 22, 10, 4, 2, 13, 1, 21, 17, 19, 15], [10, 6, 2, 1, 22, 21, 5, 14, 17, 18, 13, 19, 15], [22, 18, 21, 17, 2, 1, 10, 6, 5, 14, 13, 15], [22, 2, 21, 1, 18, 17, 10, 6, 5, 14, 13, 15], [18, 22, 17, 21, 14, 13, 15, 6, 5, 1], [18, 2, 6, 5, 22, 21, 1, 17, 14, 13, 19, 10, 15], [10, 14, 6, 13, 5, 22, 2, 1, 18, 21, 17, 19, 15], [22, 6, 5, 2, 21, 1, 14, 10, 18, 13, 17, 19, 15], [6, 18, 17, 5, 14, 13, 15, 1, 24, 11], [2, 22, 21, 1, 10, 18, 17, 14, 13, 19, 6, 5, 15], [14, 21, 10, 6, 13, 5, 18, 2, 1, 17, 19, 15], [2, 18, 6, 5, 10, 14, 13, 1, 22, 21, 17, 19, 15], [22, 6, 21, 5, 14, 2, 13, 1, 18, 10, 17, 15], [6, 2, 1, 22, 21, 5, 14, 10, 18, 13, 17, 19, 15], [10, 22, 18, 17, 21, 14, 13, 15, 6, 5], [18, 6, 17, 5, 2, 1, 22, 21, 10, 14, 13, 15], [22, 6, 21, 5, 10, 2, 1, 14, 18, 13, 17, 15], [18, 22, 17, 21, 14, 13, 15, 7, 3, 11], [18, 14, 10, 22, 2, 13, 1, 6, 5, 21, 17, 19, 15], [2, 10, 6, 5, 18, 22, 1, 17, 21, 14, 13, 15], [6, 18, 5, 14, 10, 22, 2, 1, 13, 21, 17, 19, 15], [22, 2, 1, 10, 18, 21, 17, 14, 13, 15, 6, 8, 5], [6, 14, 13, 5, 10, 2, 1, 18, 22, 21, 17, 19, 15], [18, 14, 6, 5, 22, 2, 13, 1, 10, 21, 17, 19, 15], [22, 14, 2, 1, 10, 6, 5, 18, 13, 21, 17, 19, 15], [18, 2, 6, 1, 17, 5, 22, 21, 14, 13, 15], [6, 14, 5, 18, 22, 2, 13, 1, 10, 21, 17, 15], [6, 22, 5, 2, 21, 1, 10, 18, 17, 14, 13, 15], [6, 22, 5, 2, 21, 1, 10, 18, 17, 14, 13, 15], [18, 6, 5, 22, 17, 21, 2, 1, 10, 14, 13, 15], [6, 14, 5, 22, 18, 2, 1, 10, 13, 21, 17, 15], [14, 10, 18, 2, 1, 22, 6, 13, 5, 21, 17, 15], [18, 22, 21, 17, 14, 13, 15, 7, 1, 9, 10], [10, 6, 14, 5, 22, 18, 2, 1, 13, 21, 17, 15], [6, 18, 5, 2, 10, 22, 21, 1, 17, 14, 13, 19, 15], [2, 10, 6, 1, 18, 5, 14, 22, 21, 13, 17, 19, 15], [18, 2, 22, 1, 21, 17, 10, 6, 5, 14, 13, 15], [18, 14, 21, 2, 13, 1, 6, 5, 10, 17, 15], [2, 10, 14, 1, 5, 18, 22, 13, 21, 17, 19, 15], [22, 2, 1, 10, 14, 6, 13, 5, 18, 21, 17, 15], [18, 6, 17, 5, 2, 1, 22, 21, 14, 13, 19, 10, 15], [10, 18, 14, 2, 13, 1, 22, 6, 5, 21, 17, 19, 15], [18, 10, 14, 1, 6, 13, 5, 22, 21, 17, 19, 15], [18, 10, 14, 6, 13, 5, 2, 1, 22, 21, 17, 15], [6, 10, 18, 17, 5, 2, 1, 14, 13, 19, 22, 21, 15], [2, 22, 1, 10, 14, 18, 5, 13, 21, 17, 15], [10, 14, 18, 7, 22, 2, 1, 21, 13, 17, 19, 15], [22, 18, 17, 21, 10, 14, 13, 19, 1, 6, 5, 15], [6, 14, 5, 2, 13, 1, 18, 22, 10, 21, 17, 19, 15], [6, 22, 21, 5, 10, 18, 17, 2, 1, 14, 13, 15], [22, 6, 5, 18, 21, 17, 2, 1, 14, 13, 15], [6, 22, 21, 5, 2, 1, 10, 14, 18, 13, 17, 19, 15], [2, 14, 1, 18, 6, 5, 22, 10, 13, 21, 17, 19, 15], [6, 10, 22, 21, 5, 2, 1, 18, 17, 14, 13, 15], [14, 10, 2, 1, 21, 18, 6, 13, 5, 17, 15], [6, 18, 5, 10, 2, 14, 13, 1, 22, 21, 17, 15], [10, 22, 6, 21, 5, 14, 2, 1, 18, 13, 17, 15], [2, 22, 21, 1, 6, 5, 18, 17, 14, 13, 19, 10, 15], [2, 18, 22, 21, 1, 17, 6, 5, 14, 13, 15], [6, 22, 5, 2, 21, 1, 14, 18, 10, 13, 17, 19, 15], [22, 10, 2, 21, 1, 6, 5, 14, 18, 13, 17, 19, 15], [18, 22, 17, 21, 14, 13, 15, 4, 6, 5, 12, 10], [6, 14, 13, 5, 10, 2, 1, 18, 22, 21, 17, 19, 15], [18, 14, 2, 1, 22, 10, 6, 5, 21, 13, 17, 15], [18, 6, 14, 5, 2, 1, 10, 22, 21, 13, 17, 19, 15], [14, 2, 1, 18, 10, 22, 6, 5, 21, 13, 17, 15], [2, 14, 1, 10, 22, 18, 6, 13, 5, 21, 17, 19, 15], [10, 6, 18, 5, 2, 14, 13, 1, 22, 21, 17, 19, 15], [22, 18, 17, 21, 2, 1, 14, 13, 15, 5], [6, 18, 10, 17, 5, 22, 21, 14, 13, 19, 2, 1, 15], [6, 2, 1, 14, 5, 18, 10, 22, 13, 21, 17, 19, 15], [6, 22, 5, 14, 2, 13, 1, 18, 10, 21, 17, 15], [22, 14, 18, 2, 1, 6, 5, 10, 21, 13, 17, 19, 15], [14, 22, 10, 1, 18, 6, 13, 5, 21, 17, 19, 15], [14, 6, 5, 18, 22, 2, 1, 10, 13, 21, 17, 15], [6, 22, 21, 5, 2, 1, 10, 14, 18, 13, 17, 19, 15], [10, 18, 14, 22, 6, 5, 2, 1, 21, 13, 17, 19, 15], [14, 18, 6, 13, 5, 22, 10, 2, 1, 21, 17, 19, 15], [14, 6, 13, 5, 10, 22, 2, 1, 18, 21, 17, 19, 15], [10, 6, 14, 13, 5, 2, 1, 22, 18, 21, 17, 19, 15], [14, 19, 6, 13, 5, 10, 22, 2, 1, 21, 17, 18, 15], [22, 6, 5, 18, 21, 17, 14, 13, 19, 2, 1, 10, 15], [10, 14, 22, 2, 1, 18, 6, 13, 5, 21, 17, 15], [14, 6, 13, 5, 22, 10, 2, 1, 18, 21, 17, 19, 15], [18, 14, 2, 1, 22, 10, 6, 5, 13, 21, 17, 15], [18, 10, 6, 17, 5, 14, 13, 15, 3, 22], [22, 10, 18, 21, 17, 6, 5, 2, 1, 14, 13, 15], [2, 22, 21, 1, 18, 17, 14, 13, 15, 11, 5], [2, 18, 14, 1, 10, 6, 5, 22, 21, 13, 17, 15], [22, 6, 21, 5, 14, 2, 1, 10, 18, 13, 20, 17, 15], [14, 1, 18, 10, 22, 6, 5, 21, 13, 17, 19, 15], [6, 2, 1, 14, 5, 22, 10, 18, 13, 21, 17, 15], [14, 18, 2, 13, 1, 21, 10, 6, 5, 17, 19, 22, 15], [22, 18, 21, 17, 2, 1, 10, 14, 13, 19, 6, 5, 15], [22, 14, 2, 13, 1, 