{"problem_id": "9IzGcQUmtpjXBNJ", "sigma": 150, "alpha": 10.0, "cost": 1, "probabilities": "[0.27, 0.18, 0.35, 0.2]", "payoff_matrix": "[[-58, -346, 97, 184, -59, 4], [-169, -68, -110, -40, -131, 192], [-464, 128, -46, -145, 103, -43], [338, 38, -43, -117, -44, 214]]", "uncovered": [[3, 19, 7, 17, 5, 11, 23, 15, 21, 9, 12, 20, 10, 24, 22], [3, 23, 7, 15, 19, 5, 11, 17, 21, 9, 20, 12, 18, 24], [23, 11, 15, 7, 3, 19, 5, 17, 21, 9, 12, 20, 10, 24, 18], [15, 23, 19, 3, 7, 5, 11, 21, 17, 9, 12, 20, 10, 24, 18], [11, 7, 19, 5, 3, 15, 23, 21, 17, 9, 12, 20, 10, 24, 22], [19, 15, 11, 7, 5, 23, 3, 21, 17, 9, 12, 20, 10, 24, 18], [15, 7, 11, 19, 17, 5, 23, 3, 21, 9, 20, 12, 18, 24], [23, 19, 3, 15, 11, 7, 5, 21, 17, 9, 20, 12, 18, 24], [15, 11, 23, 3, 7, 19, 17, 5, 21, 9, 12, 20, 10, 24, 18], [11, 23, 15, 3, 7, 19, 5, 17, 21, 9, 20, 12, 10, 24, 18], [7, 11, 23, 19, 17, 5, 15, 3, 21, 9, 20, 12, 10, 24, 18], [23, 11, 7, 3, 15, 19, 17, 5, 21, 9, 20, 12, 10, 24, 22], [3, 23, 19, 15, 7, 17, 5, 11, 21, 9, 20, 12, 10, 24, 22], [15, 7, 11, 3, 23, 19, 5, 17, 21, 9, 12, 20, 18, 24], [23, 7, 15, 3, 11, 19, 5, 17, 21, 9, 12, 20, 10, 24, 18], [7, 15, 3, 11, 23, 19, 5, 17, 21, 9, 12, 20, 18, 24], [15, 23, 7, 19, 17, 5, 3, 11, 21, 9, 20, 12, 10, 24, 22], [23, 11, 19, 3, 15, 7, 5, 21, 17, 9, 20, 12, 18, 24], [11, 19, 15, 3, 7, 5, 23, 17, 21, 9, 12, 20, 18, 24], [19, 23, 3, 15, 11, 7, 17, 5, 21, 9, 12, 20, 18, 24], [19, 11, 15, 23, 7, 17, 5, 3, 21, 9, 20, 12, 10, 24, 18], [23, 3, 7, 15, 19, 5, 11, 17, 21, 9, 20, 12, 18, 24], [23, 3, 11, 7, 15, 19, 17, 5, 21, 9, 20, 12, 10, 24, 18], [3, 11, 15, 19, 7, 5, 23, 21, 17, 9, 20, 12, 18, 24], [11, 3, 7, 23, 19, 17, 5, 15, 21, 9, 20, 12, 10, 24, 18], [7, 19, 5, 23, 3, 11, 15, 17, 21, 9, 12, 20, 18, 24], [15, 11, 23, 3, 19, 7, 17, 5, 21, 9, 20, 12, 18, 24], [15, 7, 11, 23, 3, 19, 5, 21, 17, 9, 20, 12, 10, 24, 18], [23, 11, 7, 19, 5, 3, 15, 21, 17, 9, 20, 12, 18, 24], [11, 15, 3, 23, 19, 7, 5, 21, 17, 9, 20, 12, 18, 24], [11, 23, 3, 19, 7, 5, 15, 21, 17, 9, 20, 12, 18, 24], [11, 23, 7, 15, 3, 19, 17, 5, 21, 9, 20, 12, 18, 24], [19, 3, 7, 17, 5, 23, 15, 11, 21, 9, 20, 12, 18, 24], [23, 3, 11, 19, 7, 5, 15, 21, 17, 9, 12, 20, 10, 24, 18], [23, 3, 19, 11, 7, 17, 5, 15, 21, 9, 20, 12, 10, 24, 18], [19, 3, 7, 5, 11, 23, 15, 21, 17, 9, 20, 12, 18, 24], [7, 11, 19, 17, 5, 15, 3, 23, 21, 9, 20, 12, 10, 24, 18], [11, 19, 15, 7, 17, 5, 3, 23, 21, 9, 12, 20, 10, 24, 18], [23, 3, 7, 11, 19, 5, 15, 21, 17, 9, 20, 12, 10, 24, 22], [19, 7, 17, 5, 11, 15, 23, 3, 21, 9, 12, 20, 18, 24], [7, 15, 19, 17, 5, 11, 3, 23, 21, 9, 12, 20, 10, 24, 18], [15, 3, 23, 19, 11, 7, 5, 21, 17, 9, 20, 12, 18, 24], [7, 23, 19, 5, 11, 3, 15, 21, 17, 9, 12, 20, 10, 24, 22], [7, 11, 3, 19, 5, 15, 23, 17, 21, 9, 12, 20, 10, 24, 22], [7, 3, 15, 23, 11, 19, 5, 17, 21, 9, 20, 12, 10, 24, 18], [7, 11, 23, 15, 3, 19, 5, 17, 21, 9, 12, 20, 18, 24], [7, 15, 11, 19, 5, 3, 23, 21, 17, 9, 12, 20, 10, 24, 18], [15, 11, 7, 19, 5, 3, 23, 21, 17, 9, 12, 20, 10, 24, 18], [15, 19, 3, 11, 7, 5, 23, 17, 21, 9, 12, 20, 18, 24], [23, 15, 19, 7, 5, 3, 11, 21, 17, 9, 12, 20, 10, 24, 22], [11, 19, 15, 7, 17, 5, 23, 3, 21, 9, 20, 12, 18, 24], [7, 11, 19, 17, 5, 23, 15, 3, 21, 9, 12, 20, 18, 24], [19, 15, 7, 5, 23, 11, 3, 17, 21, 9, 20, 12, 10, 24, 18], [19, 7, 5, 3, 11, 23, 15, 21, 17, 9, 20, 12, 18, 24], [11, 23, 7, 19, 5, 3, 15, 21, 17, 9, 20, 12, 18, 24], [11, 15, 3, 19, 7, 17, 5, 23, 21, 9, 20, 12, 18, 24], [11, 23, 3, 7, 15, 19, 5, 17, 21, 9, 20, 12, 18, 24], [11, 15, 23, 7, 3, 19, 17, 5, 21, 9, 20, 12, 10, 24, 18], [15, 19, 11, 7, 17, 5, 3, 23, 21, 9, 20, 12, 10, 24, 18], [11, 19, 23, 15, 3, 7, 17, 5, 21, 9, 20, 12, 18, 24], [11, 7, 15, 19, 5, 23, 3, 21, 17, 9, 12, 20, 10, 24, 22], [11, 15, 23, 19, 3, 7, 5, 17, 21, 9, 20, 12, 10, 24, 18], [19, 11, 15, 23, 7, 17, 5, 3, 21, 9, 12, 20, 10, 24, 18], [7, 15, 3, 23, 11, 19, 17, 5, 21, 9, 12, 20, 10, 24, 18], [15, 23, 7, 11, 3, 19, 5, 21, 17, 9, 20, 12, 18, 24], [11, 19, 23, 7, 5, 15, 3, 21, 17, 9, 20, 12, 18, 24], [7, 11, 23, 19, 5, 15, 3, 17, 21, 9, 20, 12, 10, 24, 18], [3, 19, 15, 23, 7, 5, 11, 21, 17, 9, 12, 20, 18, 24], [19, 7, 17, 5, 23, 15, 11, 3, 21, 9, 20, 12, 10, 24, 18], [23, 7, 11, 15, 19, 5, 3, 17, 21, 9, 12, 20, 18, 24], [7, 15, 23, 11, 19, 17, 5, 3, 21, 9, 12, 20, 18, 24], [11, 7, 15, 3, 23, 19, 17, 5, 21, 9, 20, 12, 18, 24], [23, 19, 15, 7, 17, 5, 11, 3, 21, 9, 20, 12, 10, 24, 22], [15, 11, 7, 23, 3, 19, 5, 17, 21, 9, 12, 20, 10, 24, 22], [7, 19, 5, 15, 11, 3, 23, 21, 17, 9, 12, 20, 10, 24, 22], [23, 15, 3, 19, 11, 7, 17, 5, 21, 9, 12, 20, 10, 24, 22], [23, 11, 15, 7, 19, 17, 5, 3, 21, 9, 20, 12, 18, 24], [23, 15, 3, 11, 7, 19, 17, 5, 21, 9, 20, 12, 10, 24, 18], [7, 23, 11, 15, 3, 19, 5, 21, 17, 9, 12, 20, 10, 24, 22], [3, 7, 15, 23, 19, 17, 5, 11, 21, 9, 12, 20, 10, 24, 22], [19, 23, 15, 7, 5, 3, 11, 17, 21, 9, 20, 12, 18, 24], [3, 19, 15, 11, 23, 7, 17, 5, 21, 9, 12, 20, 18, 24], [7, 15, 11, 23, 3, 19, 5, 17, 21, 9, 20, 12, 18, 24], [7, 11, 15, 23, 3, 19, 17, 5, 21, 9, 12, 20, 18, 24], [15, 19, 3, 7, 17, 5, 11, 23, 21, 9, 12, 20, 18, 24], [23, 19, 7, 5, 15, 11, 3, 21, 17, 9, 20, 12, 10, 24, 18], [19, 3, 11, 23, 7, 5, 15, 21, 17, 9, 12, 20, 10, 24, 22], [3, 11, 7, 23, 19, 17, 5, 15, 21, 9, 20, 12, 18, 24], [3, 23, 19, 11, 15, 7, 5, 21, 17, 9, 12, 20, 10, 24, 18], [19, 3, 15, 7, 17, 5, 23, 11, 21, 9, 20, 12, 18, 24], [3, 11, 7, 19, 17, 5, 15, 23, 21, 9, 20, 12, 18, 24], [11, 7, 3, 15, 23, 19, 17, 5, 21, 9, 20, 12, 18, 24], [23, 19, 11, 15, 7, 5, 3, 21, 17, 9, 20, 12, 10, 24, 22], [3, 19, 15, 7, 17, 5, 23, 11, 21, 9, 12, 20, 10, 24, 22], [7, 11, 3, 19, 17, 5, 23, 15, 21, 9, 20, 12, 18, 24], [3, 15, 7, 19, 17, 5, 11, 23, 21, 9, 12, 20, 10, 24, 22], [7, 15, 11, 23, 3, 19, 17, 5, 21, 9, 20, 12, 18, 24], [11, 23, 19, 15, 3, 7, 17, 5, 21, 9, 12, 20, 18, 24], [15, 19, 11, 23, 3, 7, 5, 17, 21, 9, 12, 20, 18, 24], [7, 19, 17, 5, 11, 3, 23, 15, 21, 9, 20, 12, 10, 24, 22], [3, 15, 11, 23, 7, 19, 5, 17, 21, 9, 20, 12, 18, 24], [19, 15, 11, 7, 5, 23, 3, 17, 21, 9, 12, 20, 10, 24, 22], [7, 11, 15, 3, 23, 19, 17, 5, 21, 9, 12, 20, 18, 24], [7, 19, 17, 5, 23, 11, 15, 3, 21, 9, 20, 12, 10, 24, 18], [3, 19, 7, 17, 5, 23, 15, 11, 21, 9, 12, 20, 10, 24, 18], [15, 11, 23, 19, 3, 7, 17, 5, 21, 9, 20, 12, 10, 24, 22], [15, 3, 19, 11, 23, 7, 17, 5, 21, 9, 20, 12, 10, 24, 22], [11, 3, 15, 23, 19, 7, 17, 5, 21, 9, 20, 12, 18, 24], [7, 19, 17, 5, 15, 11, 3, 23, 21, 9, 12, 20, 18, 24], [19, 11, 3, 7, 5, 15, 23, 21, 17, 9, 20, 12, 10, 24, 18], [3, 19, 11, 7, 17, 5, 23, 15, 21, 9, 12, 20, 10, 24, 18], [15, 23, 7, 19, 17, 5, 11, 3, 21, 9, 20, 12, 10, 24, 22], [11, 23, 15, 3, 7, 19, 17, 5, 21, 9, 12, 20, 18, 24], [3, 11, 23, 19, 15, 7, 17, 5, 21, 9, 12, 20, 18, 24], [15, 7, 19, 5, 11, 23, 3, 21, 17, 9, 12, 20, 18, 24], [19, 3, 23, 15, 7, 17, 5, 11, 21, 9, 12, 20, 10, 24, 22], [3, 19, 23, 15, 11, 7, 17, 5, 21, 9, 12, 20, 18, 24], [11, 19, 3, 23, 15, 7, 5, 21, 17, 9, 20, 12, 10, 24, 22], [3, 7, 19, 17, 5, 11, 23, 15, 21, 9, 12, 20, 18, 24], [11, 23, 3, 15, 19, 7, 5, 17, 21, 9, 12, 20, 18, 24], [19, 11, 7, 17, 5, 15, 3, 23, 21, 9, 20, 12, 18, 24], [11, 3, 23, 19, 7, 17, 5, 15, 21, 9, 12, 20, 10, 24, 18], [11, 7, 3, 15, 19, 5, 23, 17, 21, 9, 12, 20, 10, 24, 22], [19, 11, 23, 7, 17, 5, 15, 3, 21, 9, 20, 12, 18, 24], [15, 23, 11, 3, 19, 7, 5, 17, 21, 9, 20, 12, 10, 24, 18], [23, 7, 15, 3, 11, 19, 17, 5, 21, 9, 20, 12, 18, 24], [23, 11, 3, 15, 19, 7, 5, 17, 21, 9, 20, 12, 10, 24, 18], [23, 11, 15, 19, 3, 7, 5, 17, 21, 9, 12, 20, 18, 24], [7, 3, 19, 17, 5, 11, 23, 15, 21, 9, 20, 12, 18, 24], [3, 23, 15, 7, 19, 17, 5, 11, 21, 9, 20, 12, 10, 24, 18], [7, 3, 11, 19, 17, 5, 15, 23, 21, 9, 12, 20, 10, 24, 18], [11, 23, 3, 15, 7, 19, 17, 5, 21, 9, 12, 20, 18, 24], [19, 7, 5, 3, 11, 23, 15, 21, 17, 9, 20, 12, 18, 24], [15, 23, 11, 7, 3, 19, 5, 21, 17, 9, 20, 12, 18, 24], [23, 11, 7, 15, 3, 19, 17, 5, 21, 9, 12, 20, 18, 24], [7, 19, 17, 5, 15, 23, 3, 11, 21, 9, 12, 20, 10, 24, 22], [15, 19, 3, 7, 17, 5, 23, 11, 21, 9, 20, 12, 18, 24], [11, 7, 23, 3, 15, 19, 5, 21, 17, 9, 12, 20, 10, 24, 22], [7, 3, 11, 19, 17, 5, 23, 15, 21, 9, 12, 20, 10, 24, 22], [7, 11, 23, 19, 17, 5, 15, 3, 21, 9, 12, 20, 10, 24, 22], [23, 15, 11, 7, 19, 5, 3, 17, 21, 9, 12, 20, 10, 24, 22], [7, 23, 3, 19, 5, 11, 15, 21, 17, 9, 20, 12, 18, 24], [7, 11, 19, 5, 23, 3, 15, 21, 17, 9, 20, 12, 18, 24], [23, 19, 3, 7, 5, 15, 11, 17, 21, 9, 12, 20, 18, 24], [23, 11, 3, 7, 19, 5, 15, 17, 21, 9, 12, 20, 10, 24, 22], [19, 23, 11, 7, 17, 5, 3, 15, 21, 9, 20, 12, 18, 24], [19, 3, 7, 17, 5, 11, 15, 23, 21, 9, 20, 12, 18, 24], [15, 19, 3, 11, 7, 17, 5, 23, 21, 9, 20, 12, 10, 24, 22], [23, 19, 7, 17, 5, 11, 3, 15, 21, 9, 20, 12, 10, 24, 22], [11, 7, 15, 23, 19, 5, 3, 21, 17, 9, 20, 12, 10, 24, 22], [19, 7, 5, 23, 15, 11, 3, 17, 21, 9, 20, 12, 18, 24], [11, 15, 23, 7, 3, 19, 5, 21, 17, 9, 20, 12, 18, 24], [19, 3, 7, 17, 5, 11, 15, 23, 21, 9, 12, 20, 18, 24], [19, 23, 3, 15, 7, 5, 11, 17, 21, 9, 12, 20, 10, 24, 18], [11, 19, 23, 15, 7, 17, 5, 3, 21, 9, 20, 12, 10, 24, 18], [7, 19, 17, 5, 23, 15, 11, 3, 21, 9, 12, 20, 10, 24, 18], [19, 3, 15, 11, 7, 5, 23, 21, 17, 9, 20, 12, 18, 24], [23, 7, 19, 5, 11, 15, 3, 21, 17, 9, 20, 12, 18, 24], [7, 23, 3, 15, 11, 19, 17, 5, 21, 9, 12, 20, 10, 24, 18], [15, 3, 11, 23, 7, 19, 17, 5, 21, 9, 20, 12, 10, 24, 18], [3, 23, 11, 19, 7, 17, 5, 15, 21, 9, 20, 12, 18, 24], [3, 7, 23, 15, 19, 5, 11, 17, 21, 9, 12, 20, 10, 24, 22], [11, 3, 19, 23, 15, 7, 5, 21, 17, 9, 20, 12, 10, 24, 22], [23, 19, 7, 17, 5, 11, 15, 3, 21, 9, 12, 20, 10, 24, 22], [15, 11, 19, 23, 7, 5, 3, 17, 21, 9, 12, 20, 18, 24], [3, 15, 23, 7, 11, 19, 5, 21, 17, 9, 20, 12, 10, 24, 22], [11, 7, 3, 15, 23, 19, 17, 5, 21, 9, 12, 20, 18, 24], [15, 7, 23, 11, 19, 5, 3, 21, 17, 9, 20, 12, 18, 24], [15, 11, 7, 3, 19, 17, 5, 23, 21, 9, 12, 20, 18, 24], [3, 11, 23, 15, 7, 19, 5, 21, 17, 9, 12, 20, 10, 24, 18], [3, 11, 7, 15, 23, 19, 5, 17, 21, 9, 12, 20, 10, 24, 22], [3, 11, 23, 7, 15, 19, 5, 17, 21, 9, 12, 20, 10, 24, 18], [11, 23, 3, 15, 7, 19, 5, 21, 17, 9, 12, 20, 10, 24, 18], [23, 3, 19, 7, 5, 11, 15, 21, 17, 9, 12, 20, 18, 24], [7, 15, 19, 5, 3, 11, 23, 17, 21, 9, 12, 20, 10, 24, 22], [7, 23, 15, 19, 5, 3, 11, 21, 17, 9, 20, 12, 10, 24, 22], [15, 7, 11, 23, 19, 5, 3, 21, 17, 9, 12, 20, 18, 24], [11, 19, 7, 5, 3, 23, 15, 17, 21, 9, 20, 12, 18, 24], [11, 15, 19, 3, 7, 5, 23, 17, 21, 9, 20, 12, 18, 24], [7, 15, 19, 17, 5, 11, 3, 23, 21, 9, 20, 12, 18, 24], [7, 15, 3, 23, 11, 19, 5, 21, 17, 9, 12, 20, 18, 24], [19, 7, 5, 23, 3, 11, 15, 21, 17, 9, 20, 12, 10, 24, 22], [15, 3, 7, 11, 19, 5, 23, 21, 17, 9, 20, 12, 18, 24], [7, 19, 5, 23, 15, 3, 11, 21, 17, 9, 20, 12, 18, 24], [7, 15, 3, 11, 23, 19, 17, 5, 21, 9, 20, 12, 10, 24, 18], [19, 3, 11, 15, 23, 7, 17, 5, 21, 9, 12, 20, 10, 24, 18], [11, 23, 7, 3, 19, 17, 5, 15, 21, 9, 20, 12, 18, 24], [23, 15, 3, 11, 7, 19, 5, 21, 17, 9, 20, 12, 18, 24], [3, 11, 15, 19, 7, 17, 5, 23, 21, 9, 12, 20, 10, 24, 18], [11, 15, 23, 19, 7, 5, 3, 21, 17, 9, 12, 20, 18, 24], [3, 15, 23, 19, 7, 17, 5, 11, 21, 9, 12, 20, 10, 24, 18], [3, 15, 23, 7, 19, 17, 5, 11, 21, 9, 12, 20, 10, 24, 22], [23, 7, 15, 19, 17, 5, 3, 11, 21, 9, 20, 12, 18, 24], [7, 15, 3, 11, 19, 17, 5, 23, 21, 9, 12, 20, 10, 24, 18], [23, 11, 19, 15, 7, 17, 5, 3, 21, 9, 20, 12, 10, 24, 18], [7, 15, 19, 5, 23, 11, 3, 21, 17, 9, 20, 12, 18, 24], [3, 7, 11, 15, 23, 19, 17, 5, 21, 9, 12, 20, 18, 24], [3, 11, 7, 19, 5, 15, 23, 21, 17, 9, 12, 20, 10, 24, 18], [7, 19, 17, 5, 15, 3, 11, 23, 21, 9, 20, 12, 10, 24, 22], [23, 7, 15, 11, 3, 19, 5, 21, 17, 9, 12, 20, 10, 24, 18], [15, 23, 19, 3, 11, 7, 5, 17, 21, 9, 20, 12, 10, 24, 18], [11, 23, 7, 15, 3, 19, 17, 5, 21, 9, 12, 20, 10, 24, 22], [11, 23, 15, 3, 19, 7, 5, 21, 17, 9, 20, 12, 10, 24, 18], [15, 23, 19, 11, 7, 17, 5, 3, 21, 9, 20, 12, 10, 24, 18], [11, 23, 3, 7, 19, 17, 5, 15, 21, 9, 20, 12, 18, 24], [15, 11, 19, 7, 17, 5, 23, 3, 21, 9, 12, 20, 18, 24], [15, 19, 3, 23, 11, 7, 17, 5, 21, 9, 20, 12, 10, 24, 18], [3, 23, 11, 19, 15, 7, 17, 5, 21, 9, 12, 20, 10, 24, 18], [15, 23, 7, 3, 19, 17, 5, 11, 21, 9, 12, 20, 10, 24, 18], [15, 7, 23, 19, 5, 3, 11, 21, 17, 9, 12, 20, 18, 24], [11, 3, 19, 23, 7, 5, 15, 17, 21, 9, 20, 12, 10, 24, 18], [19, 3, 7, 17, 5, 11, 15, 23, 21, 9, 20, 12, 10, 24, 18], [7, 11, 3, 23, 19, 17, 5, 15, 21, 9, 12, 20, 18, 24], [15, 19, 11, 3, 7, 17, 5, 23, 21, 9, 12, 20, 10, 24, 18], [7, 23, 15, 3, 19, 5, 11, 21, 17, 9, 20, 12, 18, 24], [11, 7, 15, 19, 17, 5, 23, 3, 21, 9, 12, 20, 18, 24], [15, 23, 7, 11, 19, 17, 5, 3, 21, 9, 20, 12, 18, 24], [15, 23, 19, 11, 7, 17, 5, 3, 21, 9, 20, 12, 10, 24, 22], [7, 3, 19, 17, 5, 15, 23, 11, 21, 9, 12, 20, 18, 24], [19, 7, 5, 3, 23, 15, 11, 21, 17, 9, 20, 12, 18, 24], [11, 7, 15, 3, 19, 17, 5, 23, 21, 9, 20, 12, 10, 24, 22], [7, 19, 17, 5, 3, 11, 23, 15, 21, 9, 12, 20, 18, 24], [19, 7, 17, 5, 15, 3, 11, 23, 21, 9, 12, 20, 18, 24], [7, 3, 19, 5, 11, 15, 23, 17, 21, 9, 20, 12, 10, 24, 18], [11, 7, 19, 5, 15, 3, 23, 17, 21, 9, 12, 20, 10, 24, 22], [19, 15, 23, 3, 11, 7, 17, 5, 21, 9, 12, 20, 10, 24, 22], [7, 11, 19, 5, 15, 3, 23, 21, 17, 9, 20, 12, 10, 24, 18], [3, 23, 19, 11, 7, 5, 15, 17, 21, 9, 12, 20, 18, 24], [19, 3, 23, 11, 15, 7, 17, 5, 21, 9, 20, 12, 18, 24], [11, 15, 7, 23, 19, 5, 3, 17, 21, 9, 20, 12, 10, 24, 18], [19, 11, 3, 23, 7, 17, 5, 15, 21, 9, 20, 12, 18, 24], [19, 23, 15, 11, 7, 17, 5, 3, 21, 9, 20, 12, 10, 24, 18], [11, 3, 19, 15, 23, 7, 17, 5, 21, 9, 20, 12, 18, 24], [23, 19, 15, 3, 7, 17, 5, 11, 21, 9, 20, 12, 10, 24, 18], [7, 3, 23, 19, 17, 5, 15, 11, 21, 9, 12, 20, 18, 24], [7, 3, 11, 19, 5, 15, 23, 17, 21, 9, 12, 20, 10, 24, 22], [3, 15, 11, 7, 19, 17, 5, 23, 21, 9, 12, 20, 10, 24, 18], [7, 11, 19, 17, 5, 3, 23, 15, 21, 9, 12, 20, 18, 24], [15, 7, 23, 11, 19, 5, 3, 17, 21, 9, 20, 12, 18, 24], [3, 7, 23, 19, 17, 5, 15, 11, 21, 9, 20, 12, 10, 24, 18], [15, 23, 7, 19, 17, 5, 11, 3, 21, 9, 20, 12, 10, 24, 18], [7, 15, 11, 3, 19, 17, 5, 23, 21, 9, 20, 12, 10, 24, 18], [7, 23, 3, 11, 19, 5, 15, 21, 17, 9, 20, 12, 18, 24], [11, 15, 7, 19, 17, 5, 3, 23, 21, 9, 12, 20, 10, 24, 18], [15, 7, 23, 11, 19, 5, 3, 21, 17, 9, 12, 20, 10, 24, 22], [19, 7, 5, 11, 3, 23, 15, 17, 21, 9, 20, 12, 10, 24, 18], [7, 15, 19, 17, 5, 23, 11, 3, 21, 9, 20, 12, 10, 24, 18], [3, 11, 7, 23, 15, 19, 5, 17, 21, 9, 12, 20, 18, 24], [19, 23, 3, 7, 17, 5, 15, 11, 21, 9, 20, 12, 18, 24], [15, 7, 23, 3, 19, 5, 11, 21, 17, 9, 20, 12, 10, 24, 22], [7, 3, 19, 17, 5, 23, 15, 11, 21, 9, 20, 12, 10, 24, 18], [23, 7, 11, 15, 3, 19, 17, 5, 21, 9, 20, 12, 10, 24, 18], [23, 11, 3, 19, 15, 7, 5, 21, 17, 9, 20, 12, 10, 24, 18], [19, 23, 7, 17, 5, 15, 3, 11, 21, 9, 20, 12, 18, 24], [11, 7, 15, 3, 23, 19, 17, 5, 21, 9, 20, 12, 18, 24], [15, 19, 11, 7, 17, 5, 3, 23, 21, 9, 20, 12, 18, 24], [7, 23, 19, 17, 5, 15, 11, 3, 21, 9, 12, 20, 10, 24, 22], [19, 7, 17, 5, 23, 15, 11, 3, 21, 9, 12, 20, 10, 24, 18], [19, 15, 11, 7, 17, 5, 23, 3, 21, 9, 12, 20, 18, 24], [19, 11, 7, 17, 5, 23, 3, 15, 21, 9, 20, 12, 10, 24, 22], [11, 15, 19, 23, 7, 17, 5, 3, 21, 9, 20, 12, 18, 24], [15, 11, 23, 3, 19, 7, 5, 21, 17, 9, 12, 20, 10, 24, 22], [23, 11, 19, 7, 5, 3, 15, 21, 17, 9, 20, 12, 18, 24], [7, 19, 17, 5, 23, 11, 3, 15, 21, 9, 12, 20, 18, 24], [23, 15, 19, 11, 3, 7, 17, 5, 21, 9, 20, 12, 10, 24, 18], [19, 3, 15, 7, 17, 5, 23, 11, 21, 9, 20, 12, 18, 24], [11, 15, 23, 19, 7, 5, 3, 17, 21, 9, 20, 12, 18, 24], [3, 15, 19, 23, 11, 7, 17, 5, 21, 9, 12, 20, 18, 24], [15, 23, 3, 7, 11, 19, 5, 21, 17, 9, 20, 12, 18, 24], [19, 3, 23, 7, 5, 15, 11, 21, 17, 9, 20, 12, 10, 24, 18], [7, 15, 19, 5, 3, 23, 11, 21, 17, 9, 20, 12, 10, 24, 22], [15, 23, 19, 7, 17, 5, 3, 11, 21, 9, 12, 20, 10, 24, 18], [23, 7, 15, 11, 19, 5, 3, 21, 17, 9, 20, 12, 10, 24, 22], [19, 7, 17, 5, 3, 23, 11, 15, 21, 9, 12, 20, 18, 24], [3, 23, 11, 19, 15, 7, 5, 21, 17, 9, 12, 20, 10, 24, 22], [11, 3, 19, 7, 17, 5, 23, 15, 21, 9, 20, 12, 10, 24, 18], [23, 3, 19, 11, 7, 17, 5, 15, 21, 9, 12, 20, 10, 24, 18], [7, 23, 3, 19, 17, 5, 11, 15, 21, 9, 20, 12, 18, 24], [15, 23, 11, 3, 7, 19, 5, 17, 21, 9, 20, 12, 18, 24], [15, 7, 23, 3, 11, 19, 5, 17, 21, 9, 12, 20, 10, 24, 18], [23, 19, 7, 5, 11, 15, 3, 17, 21, 9, 12, 20, 18, 24], [3, 23, 19, 15, 7, 17, 5, 11, 21, 9, 12, 20, 10, 24, 18], [19, 15, 7, 17, 5, 3, 11, 23, 21, 9, 20, 12, 10, 24, 18], [15, 23, 7, 3, 11, 19, 17, 5, 21, 9, 20, 12, 18, 24], [23, 11, 15, 19, 7, 5, 3, 17, 21, 9, 20, 12, 10, 24, 18], [7, 11, 19, 17, 5, 3, 23, 15, 21, 9, 20, 12, 10, 24, 18], [19, 7, 17, 5, 23, 15, 3, 11, 21, 9, 20, 12, 10, 24, 22], [23, 15, 11, 3, 7, 19, 17, 5, 21, 9, 20, 12, 10, 24, 22], [23, 7, 3, 11, 15, 19, 17, 5, 21, 9, 20, 12, 10, 24, 18], [23, 7, 19, 17, 5, 15, 11, 3, 21, 9, 12, 20, 10, 24, 18], [23, 7, 15, 3, 19, 5, 11, 17, 21, 9, 20, 12, 10, 24, 22], [3, 15, 19, 7, 17, 5, 23, 11, 21, 9, 20, 12, 18, 24], [3, 23, 15, 7, 19, 17, 5, 11, 21, 9, 20, 12, 10, 24, 22], [15, 11, 7, 19, 17, 5, 23, 3, 21, 9, 20, 12, 18, 24], [11, 3, 15, 23, 19, 7, 17, 5, 21, 9, 20, 12, 18, 24], [7, 19, 5, 3, 11, 15, 23, 17, 21, 9, 12, 20, 10, 24, 18], [7, 3, 11, 19, 5, 15, 23, 21, 17, 9, 20, 12, 10, 24, 18], [15, 7, 11, 23, 3, 19, 17, 5, 21, 9, 20, 12, 10, 24, 18], [19, 15, 7, 17, 5, 23, 11, 3, 21, 9, 12, 20, 10, 24, 18], [3, 19, 11, 7, 5, 15, 23, 21, 17, 9, 12, 20, 18, 24], [3, 11, 19, 23, 15, 7, 5, 17, 21, 9, 20, 12, 18, 24], [7, 11, 19, 5, 15, 23, 3, 21, 17, 9, 12, 20, 18, 24], [11, 15, 3, 7, 19, 17, 5, 23, 21, 9, 20, 12, 18, 24], [23, 3, 19, 7, 17, 5, 15, 11, 21, 9, 12, 20, 10, 24, 22], [7, 3, 23, 15, 11, 19, 17, 5, 21, 9, 20, 12, 18, 24], [23, 19, 7, 5, 3, 11, 15, 21, 17, 9, 12, 20, 18, 24], [11, 19, 15, 3, 23, 7, 5, 21, 17, 9, 12, 20, 18, 24], [7, 15, 23, 19, 5, 3, 11, 17, 21, 9, 20, 12, 10, 24, 22], [3, 19, 23, 15, 11, 7, 5, 21, 17, 9, 20, 12, 18, 24], [15, 3, 7, 19, 17, 5, 23, 11, 21, 9, 12, 20, 10, 24, 18], [3, 7, 11, 23, 19, 5, 15, 21, 17, 9, 20, 12, 10, 24, 18], [15, 23, 19, 3, 7, 17, 5, 11, 21, 9, 20, 12, 18, 24], [7, 19, 17, 5, 23, 11, 15, 3, 21, 9, 20, 12, 18, 24], [23, 11, 7, 19, 17, 5, 3, 15, 21, 9, 12, 20, 10, 24, 18], [15, 3, 19, 7, 17, 5, 11, 23, 21, 9, 20, 12, 18, 24], [15, 3, 19, 7, 5, 23, 11, 21, 17, 9, 12, 20, 10, 24, 18], [19, 11, 23, 3, 15, 7, 17, 5, 21, 9, 20, 12, 18, 24], [7, 19, 5, 3, 15, 11, 23, 17, 21, 9, 12, 20, 10, 24, 18], [11, 19, 15, 3, 23, 7, 5, 21, 17, 9, 12, 20, 10, 24, 22], [11, 7, 3, 23, 19, 17, 5, 15, 21, 9, 20, 12, 18, 24], [23, 7, 19, 17, 5, 15, 11, 3, 21, 9, 20, 12, 18, 24], [3, 15, 19, 23, 7, 5, 11, 17, 21, 9, 12, 20, 10, 24, 22], [7, 3, 15, 11, 23, 19, 17, 5, 21, 9, 20, 12, 18, 24], [3, 23, 11, 7, 19, 17, 5, 15, 21, 9, 12, 20, 18, 24], [19, 15, 3, 23, 7, 17, 5, 11, 21, 9, 20, 12, 10, 24, 18], [7, 15, 11, 19, 5, 3, 23, 17, 21, 9, 20, 12, 10, 24, 22], [11, 23, 7, 15, 19, 5, 3, 17, 21, 9, 20, 12, 18, 24], [11, 23, 19, 7, 17, 5, 15, 3, 21, 9, 12, 20, 10, 24, 18], [3, 7, 19, 17, 5, 23, 15, 11, 21, 9, 20, 12, 18, 24], [19, 3, 15, 23, 7, 5, 11, 21, 17, 9, 20, 12, 10, 24, 18], [7, 15, 11, 19, 17, 5, 23, 3, 21, 9, 20, 12, 10, 24, 18], [15, 23, 3, 7, 11, 19, 5, 21, 17, 9, 20, 12, 18, 24], [19, 23, 3, 11, 7, 5, 15, 21, 17, 9, 12, 20, 18, 24], [23, 15, 7, 19, 17, 5, 11, 3, 21, 9, 12, 20, 18, 24], [7, 11, 23, 19, 17, 5, 3, 15, 21, 9, 20, 12, 10, 24, 18], [23, 19, 7, 5, 3, 11, 15, 17, 21, 9, 20, 12, 18, 24], [7, 19, 5, 15, 11, 23, 3, 17, 21, 9, 20, 12, 10, 24, 22], [11, 23, 3, 15, 7, 19, 5, 17, 21, 9, 20, 12, 10, 24, 18], [3, 19, 15, 11, 23, 7, 17, 5, 21, 9, 20, 12, 18, 24], [3, 7, 19, 17, 5, 11, 15, 23, 21, 9, 12, 20, 18, 24], [7, 15, 19, 17, 5, 3, 23, 11, 21, 9, 12, 20, 18, 24], [23, 11, 3, 7, 19, 5, 15, 21, 17, 9, 12, 20, 18, 24], [15, 3, 23, 19, 11, 7, 5, 21, 17, 9, 20, 12, 10, 24, 18], [11, 23, 19, 7, 5, 3, 15, 21, 17, 9, 12, 20, 10, 24, 18], [7, 3, 19, 5, 15, 11, 23, 17, 21, 9, 12, 20, 18, 24], [23, 19, 11, 3, 7, 5, 15, 21, 17, 9, 12, 20, 10, 24, 18], [19, 7, 5, 11, 23, 15, 3, 17, 21, 9, 20, 12, 10, 24, 18], [15, 7, 11, 3, 19, 17, 5, 23, 21, 9, 12, 20, 18, 24], [15, 11, 23, 19, 3, 7, 17, 5, 21, 9, 12, 20, 18, 24], [7, 15, 19, 17, 5, 23, 11, 3, 21, 9, 12, 20, 10, 24, 22], [19, 23, 11, 7, 5, 15, 3, 21, 17, 9, 12, 20, 10, 24, 18], [3, 11, 23, 7, 19, 17, 5, 15, 21, 9, 12, 20, 18, 24], [15, 23, 3, 19, 7, 17, 5, 11, 21, 9, 12, 20, 10, 24, 22], [19, 11, 23, 3, 15, 7, 17, 5, 21, 9, 20, 12, 18, 24], [23, 7, 15, 3, 19, 5, 11, 17, 21, 9, 12, 20, 18, 24], [3, 7, 23, 19, 17, 5, 15, 11, 21, 9, 12, 20, 18, 24], [19, 15, 3, 11, 7, 5, 23, 17, 21, 9, 12, 20, 10, 24, 18], [7, 23, 3, 15, 19, 5, 11, 21, 17, 9, 20, 12, 18, 24], [11, 23, 19, 7, 17, 5, 15, 3, 21, 9, 20, 12, 10, 24, 22], [7, 23, 11, 15, 19, 5, 3, 17, 21, 9, 20, 12, 18, 24], [23, 15, 11, 7, 19, 17, 5, 3, 21, 9, 20, 12, 10, 24, 18], [7, 23, 19, 5, 15, 3, 11, 17, 21, 9, 12, 20, 18, 24], [11, 7, 3, 23, 15, 19, 5, 17, 21, 9, 20, 12, 18, 24], [19, 7, 17, 5, 3, 11, 23, 15, 21, 9, 12, 20, 10, 24, 22], [3, 15, 7, 19, 5, 23, 11, 17, 21, 9, 20, 12, 10, 24, 18], [11, 3, 23, 7, 19, 17, 5, 15, 21, 9, 12, 20, 10, 24, 22], [15, 11, 7, 23, 3, 19, 17, 5, 21, 9, 20, 12, 10, 24, 18], [19, 23, 3, 11, 7, 17, 5, 15, 21, 9, 20, 12, 10, 24, 18], [15, 19, 7, 5, 3, 11, 23, 21, 17, 9, 12, 20, 18, 24], [7, 3, 23, 15, 11, 19, 5, 17, 21, 9, 20, 12, 18, 24], [15, 7, 19, 5, 3, 11, 23, 17, 21, 9, 20, 12, 10, 24, 18], [3, 23, 15, 7, 11, 19, 5, 21, 17, 9, 20, 12, 18, 24], [3, 11, 23, 15, 19, 7, 17, 5, 21, 9, 20, 12, 10, 24, 18], [19, 15, 3, 7, 17, 5, 23, 11, 21, 9, 12, 20, 10, 24, 18], [11, 3, 23, 19, 7, 5, 15, 17, 21, 9, 12, 20, 18, 24], [7, 19, 5, 23, 15, 3, 11, 17, 21, 9, 20, 12, 10, 24, 18], [23, 19, 15, 7, 5, 11, 3, 17, 21, 9, 20, 12, 18, 24], [7, 11, 3, 19, 5, 23, 15, 21, 17, 9, 20, 12, 10, 24, 18], [7, 3, 19, 5, 11, 23, 15, 21, 17, 9, 20, 12, 10, 24, 18], [11, 23, 15, 19, 7, 17, 5, 3, 21, 9, 20, 12, 18, 24], [23, 15, 11, 19, 3, 7, 5, 17, 21, 9, 20, 12, 10, 24, 18], [19, 23, 15, 11, 3, 7, 5, 17, 21, 9, 12, 20, 18, 24], [3, 15, 23, 11, 7, 19, 17, 5, 21, 9, 20, 12, 10, 24, 22], [19, 7, 5, 15, 23, 3, 11, 21, 17, 9, 12, 20, 10, 24, 18], [7, 15, 19, 5, 11, 3, 23, 21, 17, 9, 20, 12, 18, 24], [11, 19, 7, 17, 5, 15, 23, 3, 21, 9, 12, 20, 18, 24], [7, 3, 23, 11, 15, 19, 17, 5, 21, 9, 12, 20, 18, 24], [7, 19, 5, 15, 3, 11, 23, 21, 17, 9, 20, 12, 18, 24], [19, 11, 15, 7, 17, 5, 3, 23, 21, 9, 20, 12, 10, 24, 22], [23, 11, 19, 3, 7, 17, 5, 15, 21, 9, 12, 20, 18, 24], [3, 15, 19, 7, 5, 23, 11, 17, 21, 9, 20, 12, 10, 24, 18], [19, 15, 3, 7, 17, 5, 11, 23, 21, 9, 20, 12, 18, 24], [19, 15, 3, 23, 7, 17, 5, 11, 21, 9, 20, 12, 10, 24, 18], [15, 3, 19, 7, 17, 5, 11, 23, 21, 9, 20, 12, 10, 24, 22], [15, 23, 19, 7, 17, 5, 11, 3, 21, 9, 12, 20, 18, 24], [19, 7, 5, 23, 3, 11, 15, 17, 21, 9, 12, 20, 10, 24, 18], [19, 15, 3, 7, 5, 11, 23, 21, 17, 9, 12, 20, 10, 24, 18], [11, 7, 23, 3, 19, 5, 15, 17, 21, 9, 20, 12, 10, 24, 22], [7, 3, 15, 19, 5, 11, 23, 17, 21, 9, 20, 12, 18, 24], [3, 19, 15, 23, 11, 7, 5, 17, 21, 9, 12, 20, 18, 24], [7, 19, 5, 15, 3, 23, 11, 21, 17, 9, 20, 12, 18, 24], [23, 15, 3, 11, 7, 19, 17, 5, 21, 9, 12, 20, 18, 24], [15, 23, 19, 11, 7, 5, 3, 17, 21, 9, 12, 20, 18, 24], [3, 23, 11, 19, 7, 17, 5, 15, 21, 9, 20, 12, 10, 24, 22], [15, 7, 23, 11, 19, 5, 3, 17, 21, 9, 20, 12, 10, 24, 18], [3, 19, 7, 5, 15, 11, 23, 17, 21, 9, 20, 12, 10, 24, 22], [7, 15, 11, 23, 19, 17, 5, 3, 21, 9, 20, 12, 18, 24], [23, 11, 15, 19, 7, 5, 3, 17, 21, 9, 12, 20, 18, 24], [7, 23, 15, 3, 19, 17, 5, 11, 21, 9, 12, 20, 18, 24], [23, 19, 3, 11, 15, 7, 17, 5, 21, 9, 12, 20, 10, 24, 22], [11, 23, 3, 7, 15, 19, 5, 17, 21, 9, 20, 12, 10, 24, 22], [7, 11, 23, 19, 17, 5, 3, 15, 21, 9, 12, 20, 18, 24], [7, 15, 3, 11, 23, 19, 5, 21, 17, 9, 12, 20, 10, 24, 22], [15, 19, 3, 7, 5, 11, 23, 17, 21, 9, 12, 20, 10, 24, 22], [15, 11, 19, 3, 7, 5, 23, 17, 21, 9, 20, 12, 10, 24, 22], [23, 19, 11, 7, 5, 15, 3, 17, 21, 9, 20, 12, 10, 24, 18], [23, 3, 19, 15, 7, 5, 11, 17, 21, 9, 12, 20, 10, 24, 18], [15, 11, 7, 19, 5, 3, 23, 21, 17, 9, 12, 20, 18, 24], [3, 23, 11, 15, 7, 19, 5, 21, 17, 9, 20, 12, 10, 24, 22], [11, 7, 19, 17, 5, 23, 3, 15, 21, 9, 12, 20, 18, 24], [11, 19, 3, 7, 5, 23, 15, 17, 21, 9, 12, 20, 10, 24, 22], [19, 15, 11, 23, 3, 7, 5, 21, 17, 9, 20, 12, 10, 24, 18], [19, 11, 23, 15, 7, 17, 5, 3, 21, 9, 12, 20, 18, 24], [3, 19, 15, 11, 7, 17, 5, 23, 21, 9, 12, 20, 10, 24, 22], [19, 11, 7, 5, 23, 15, 3, 21, 17, 9, 20, 12, 18, 24], [15, 11, 7, 23, 19, 17, 5, 3, 21, 9, 12, 20, 18, 24], [11, 23, 15, 19, 7, 5, 3, 21, 17, 9, 20, 12, 10, 24, 22], [15, 3, 7, 19, 17, 5, 23, 11, 21, 9, 12, 20, 10, 24, 22], [15, 19, 11, 3, 7, 17, 5, 23, 21, 9, 20, 12, 18, 24], [19, 15, 23, 7, 17, 5, 11, 3, 21, 9, 20, 12, 10, 24, 18], [23, 15, 3, 7, 11, 19, 17, 5, 21, 9, 12, 20, 18, 24], [3, 11, 7, 23, 15, 19, 5, 21, 17, 9, 20, 12, 18, 24], [15, 3, 7, 11, 19, 17, 5, 23, 21, 9, 12, 20, 18, 24], [11, 19, 7, 5, 3, 23, 15, 21, 17, 9, 20, 12, 10, 24, 22], [23, 19, 7, 5, 11, 15, 3, 21, 17, 9, 12, 20, 18, 24], [15, 23, 7, 19, 5, 11, 3, 21, 17, 9, 20, 12, 10, 24, 22], [19, 23, 7, 5, 11, 15, 3, 21, 17, 9, 12, 20, 10, 24, 18], [19, 3, 15, 11, 7, 5, 23, 21, 17, 9, 20, 12, 10, 24, 22], [7, 11, 23, 19, 17, 5, 15, 3, 21, 9, 20, 12, 18, 24], [15, 3, 7, 11, 23, 19, 5, 21, 17, 9, 12, 20, 18, 24], [23, 7, 11, 3, 15, 19, 5, 17, 21, 9, 12, 20, 18, 24], [23, 3, 15, 19, 7, 5, 11, 21, 17, 9, 20, 12, 10, 24, 22], [3, 11, 7, 15, 23, 19, 5, 17, 21, 9, 12, 20, 10, 24, 22], [15, 11, 19, 23, 3, 7, 5, 17, 21, 9, 20, 12, 18, 24], [7, 15, 11, 19, 5, 3, 23, 21, 17, 9, 20, 12, 18, 24], [15, 7, 3, 19, 5, 23, 11, 17, 21, 9, 12, 20, 10, 24, 22], [7, 11, 3, 15, 19, 17, 5, 23, 21, 9, 12, 20, 10, 24, 18], [7, 15, 19, 17, 5, 11, 23, 3, 21, 9, 12, 20, 18, 24], [3, 7, 15, 11, 23, 19, 17, 5, 21, 9, 12, 20, 10, 24, 22], [15, 19, 11, 23, 7, 5, 3, 21, 17, 9, 20, 12, 18, 24], [11, 19, 15, 23, 7, 17, 5, 3, 21, 9, 20, 12, 10, 24, 22], [23, 19, 3, 11, 15, 7, 17, 5, 21, 9, 20, 12, 18, 24], [15, 3, 11, 23, 7, 19, 17, 5, 21, 9, 12, 20, 10, 24, 18], [23, 3, 7, 19, 17, 5, 11, 15, 21, 9, 20, 12, 10, 24, 22], [7, 3, 19, 17, 5, 15, 11, 23, 21, 9, 12, 20, 10, 24, 22], [23, 19, 11, 15, 3, 7, 17, 5, 21, 9, 12, 20, 18, 24], [3, 11, 15, 7, 23, 19, 5, 17, 21, 9, 12, 20, 18, 24], [11, 23, 15, 7, 19, 5, 3, 17, 21, 9, 20, 12, 10, 24, 22], [7, 23, 19, 17, 5, 11, 3, 15, 21, 9, 12, 20, 18, 24], [3, 19, 23, 7, 17, 5, 11, 15, 21, 9, 12, 20, 18, 24], [3, 23, 15, 7, 11, 19, 5, 21, 17, 9, 20, 12, 10, 24, 18], [23, 3, 7, 19, 5, 11, 15, 17, 21, 9, 12, 20, 10, 24, 22], [7, 15, 23, 11, 3, 19, 5, 21, 17, 9, 20, 12, 10, 24, 22], [7, 15, 11, 23, 19, 17, 5, 3, 21, 9, 20, 12, 18, 24], [23, 11, 7, 15, 19, 17, 5, 3, 21, 9, 20, 12, 18, 24], [19, 3, 7, 17, 5, 23, 11, 15, 21, 9, 20, 12, 10, 24, 18], [3, 7, 15, 23, 11, 19, 5, 21, 17, 9, 20, 12, 10, 24, 22], [3, 15, 7, 19, 5, 23, 11, 21, 17, 9, 20, 12, 10, 24, 22], [23, 11, 7, 3, 15, 19, 17, 5, 21, 9, 12, 20, 10, 24, 22], [19, 11, 15, 7, 5, 23, 3, 17, 21, 9, 12, 20, 18, 24], [19, 3, 15, 7, 5, 11, 23, 21, 17, 9, 20, 12, 18, 24], [7, 3, 15, 11, 19, 5, 23, 17, 21, 9, 20, 12, 10, 24, 18], [11, 15, 3, 19, 7, 5, 23, 17, 21, 9, 20, 12, 18, 24], [3, 23, 15, 19, 11, 7, 5, 21, 17, 9, 12, 20, 10, 24, 22], [23, 3, 15, 7, 19, 17, 5, 11, 21, 9, 12, 20, 18, 24], [15, 11, 3, 19, 23, 7, 5, 17, 21, 9, 12, 20, 10, 24, 22], [7, 15, 23, 3, 19, 5, 11, 17, 21, 9, 20, 12, 18, 24], [3, 23, 15, 19, 11, 7, 5, 21, 17, 9, 20, 12, 10, 24, 18], [3, 19, 7, 5, 11, 15, 23, 21, 17, 9, 20, 12, 18, 24], [7, 15, 3, 11, 19, 17, 5, 23, 21, 9, 12, 20, 18, 24], [3, 7, 15, 23, 11, 19, 5, 21, 17, 9, 20, 12, 10, 24, 22], [3, 23, 15, 11, 19, 7, 5, 17, 21, 9, 20, 12, 10, 24, 22], [3, 11, 19, 7, 5, 23, 15, 17, 21, 9, 20, 12, 10, 24, 22], [11, 19, 15, 7, 17, 5, 23, 3, 21, 9, 12, 20, 18, 24], [23, 11, 19, 3, 7, 5, 15, 17, 21, 9, 20, 12, 10, 24, 22], [19, 7, 5, 15, 11, 23, 3, 17, 21, 9, 12, 20, 10, 24, 18], [23, 15, 7, 3, 11, 19, 5, 21, 17, 9, 12, 20, 10, 24, 22], [7, 11, 3, 15, 23, 19, 5, 21, 17, 9, 12, 20, 10, 24, 18], [15, 19, 23, 7, 5, 3, 11, 17, 21, 9, 20, 12, 10, 24, 18], [15, 3, 19, 11, 7, 17, 5, 23, 21, 9, 20, 12, 10, 24, 18], [7, 3, 19, 5, 11, 15, 23, 21, 17, 9, 20, 12, 10, 24, 18], [11, 23, 3, 19, 7, 17, 5, 15, 21, 9, 12, 20, 10, 24, 18], [3, 11, 23, 19, 15, 7, 17, 5, 21, 9, 20, 12, 10, 24, 18], [7, 19, 17, 5, 23, 11, 3, 15, 21, 9, 12, 20, 18, 24], [23, 3, 7, 11, 19, 17, 5, 15, 21, 9, 20, 12, 18, 24], [23, 7, 19, 17, 5, 3, 15, 11, 21, 9, 20, 12, 18, 24], [19, 23, 11, 7, 17, 5, 15, 3, 21, 9, 20, 12, 10, 24, 18], [3, 7, 11, 23, 19, 5, 15, 17, 21, 9, 20, 12, 10, 24, 22], [19, 15, 23, 3, 11, 7, 17, 5, 21, 9, 12, 20, 18, 24], [15, 19, 7, 5, 3, 11, 23, 17, 21, 9, 12, 20, 18, 24], [15, 19, 23, 7, 5, 11, 3, 21, 17, 9, 20, 12, 18, 24], [19, 3, 23, 15, 7, 5, 11, 17, 21, 9, 20, 12, 18, 24], [15, 23, 11, 19, 7, 17, 5, 3, 21, 9, 12, 20, 10, 24, 18], [15, 11, 23, 19, 3, 7, 17, 5, 21, 9, 20, 12, 10, 24, 22], [3, 7, 11, 19, 17, 5, 15, 23, 21, 9, 20, 12, 18, 24], [7, 23, 3, 15, 19, 17, 5, 11, 21, 9, 20, 12, 18, 24], [3, 7, 23, 11, 19, 5, 15, 21, 17, 9, 20, 12, 18, 24], [3, 11, 23, 15, 7, 19, 5, 21, 17, 9, 12, 20, 18, 24], [19, 3, 11, 7, 17, 5, 15, 23, 21, 9, 20, 12, 10, 24, 22], [11, 7, 3, 19, 5, 15, 23, 21, 17, 9, 20, 12, 18, 24], [23, 15, 11, 3, 19, 7, 17, 5, 21, 9, 20, 12, 18, 24], [7, 19, 5, 15, 11, 23, 3, 21, 17, 9, 12, 20, 18, 24], [3, 15, 23, 11, 19, 7, 5, 17, 21, 9, 12, 20, 18, 24], [11, 19, 23, 7, 17, 5, 15, 3, 21, 9, 20, 12, 10, 24, 18], [23, 15, 19, 11, 3, 7, 5, 17, 21, 9, 12, 20, 10, 24, 22], [15, 3, 7, 23, 11, 19, 5, 21, 17, 9, 20, 12, 10, 24, 22], [23, 3, 11, 19, 7, 17, 5, 15, 21, 9, 20, 12, 18, 24], [23, 7, 15, 19, 17, 5, 11, 3, 21, 9, 12, 20, 18, 24], [7, 19, 17, 5, 3, 23, 15, 11, 21, 9, 20, 12, 10, 24, 22], [7, 23, 15, 3, 19, 17, 5, 11, 21, 9, 12, 20, 18, 24], [19, 15, 7, 17, 5, 23, 3, 11, 21, 9, 12, 20, 18, 24], [19, 7, 17, 5, 15, 11, 23, 3, 21, 9, 20, 12, 10, 24, 18], [19, 3, 15, 11, 23, 7, 17, 5, 21, 9, 12, 20, 10, 24, 22], [11, 15, 7, 23, 19, 5, 3, 21, 17, 9, 12, 20, 10, 24, 22], [23, 15, 3, 19, 11, 7, 5, 21, 17, 9, 12, 20, 10, 24, 22], [11, 23, 3, 15, 19, 7, 5, 17, 21, 9, 12, 20, 18, 24], [7, 23, 3, 11, 15, 19, 17, 5, 21, 9, 12, 20, 10, 24, 22], [3, 7, 11, 19, 5, 23, 15, 21, 17, 9, 12, 20, 18, 24], [23, 3, 11, 19, 7, 5, 15, 21, 17, 9, 12, 20, 10, 24, 18], [3, 19, 15, 7, 5, 23, 11, 17, 21, 9, 12, 20, 10, 24, 22], [11, 7, 15, 19, 17, 5, 23, 3, 21, 9, 12, 20, 10, 24, 22], [3, 19, 23, 7, 5, 15, 11, 17, 21, 9, 12, 20, 18, 24], [11, 15, 7, 3, 19, 5, 23, 17, 21, 9, 20, 12, 10, 24, 18], [15, 3, 7, 19, 17, 5, 11, 23, 21, 9, 12, 20, 18, 24], [15, 23, 7, 19, 5, 3, 11, 21, 17, 9, 12, 20, 10, 24, 18], [11, 23, 7, 3, 19, 17, 5, 15, 21, 9, 12, 20, 18, 24], [19, 3, 15, 7, 17, 5, 23, 11, 21, 9, 12, 20, 18, 24], [15, 7, 19, 5, 11, 23, 3, 17, 21, 9, 20, 12, 18, 24], [11, 3, 15, 7, 19, 5, 23, 17, 21, 9, 12, 20, 10, 24, 22], [23, 3, 15, 11, 19, 7, 5, 17, 21, 9, 20, 12, 18, 24], [7, 11, 23, 15, 3, 19, 17, 5, 21, 9, 12, 20, 10, 24, 22], [7, 3, 23, 11, 15, 19, 5, 21, 17, 9, 20, 12, 18, 24], [3, 7, 19, 17, 5, 15, 23, 11, 21, 9, 20, 12, 18, 24], [15, 3, 19, 7, 17, 5, 23, 11, 21, 9, 20, 12, 18, 24], [11, 23, 15, 7, 19, 5, 3, 17, 21, 9, 20, 12, 10, 24, 18], [23, 3, 7, 11, 19, 5, 15, 17, 21, 9, 20, 12, 10, 24, 22], [23, 11, 15, 3, 19, 7, 17, 5, 21, 9, 12, 20, 18, 24], [19, 23, 3, 7, 5, 11, 15, 21, 17, 9, 20, 12, 18, 24], [23, 15, 11, 7, 19, 5, 3, 17, 21, 9, 12, 20, 18, 24], [3, 15, 7, 19, 5, 23, 11, 17, 21, 9, 12, 20, 10, 24, 18], [15, 7, 3, 11, 23, 19, 17, 5, 21, 9, 20, 12, 18, 24], [23, 7, 19, 17, 5, 11, 3, 15, 21, 9, 12, 20, 10, 24, 22], [19, 7, 5, 3, 23, 11, 15, 21, 17, 9, 12, 20, 18, 24], [15, 23, 11, 19, 7, 17, 5, 3, 21, 9, 20, 12, 18, 24], [11, 15, 3, 7, 23, 19, 17, 5, 21, 9, 12, 20, 10, 24, 18], [15, 11, 7, 3, 19, 17, 5, 23, 21, 9, 12, 20, 18, 24], [19, 15, 3, 7, 17, 5, 23, 11, 21, 9, 12, 20, 10, 24, 22], [11, 15, 23, 19, 3, 7, 5, 17, 21, 9, 12, 20, 10, 24, 18], [11, 15, 19, 7, 5, 3, 23, 21, 17, 9, 20, 12, 10, 24, 18], [23, 7, 3, 19, 5, 15, 11, 21, 17, 9, 20, 12, 18, 24], [15, 7, 19, 17, 5, 3, 11, 23, 21, 9, 20, 12, 10, 24, 18], [3, 23, 15, 19, 7, 17, 5, 11, 21, 9, 20, 12, 10, 24, 22], [23, 19, 3, 15, 7, 17, 5, 11, 21, 9, 12, 20, 18, 24], [3, 11, 23, 15, 19, 7, 5, 21, 17, 9, 20, 12, 10, 24, 22], [7, 19, 5, 3, 11, 23, 15, 21, 17, 9, 20, 12, 18, 24], [7, 3, 11, 23, 15, 19, 17, 5, 21, 9, 12, 20, 10, 24, 22], [15, 11, 23, 7, 3, 19, 17, 5, 21, 9, 12, 20, 10, 24, 22], [23, 11, 7, 19, 5, 15, 3, 17, 21, 9, 20, 12, 18, 24], [19, 11, 7, 17, 5, 15, 3, 23, 21, 9, 20, 12, 18, 24], [23, 3, 15, 7, 19, 5, 11, 21, 17, 9, 20, 12, 18, 24], [3, 23, 15, 7, 19, 17, 5, 11, 21, 9, 20, 12, 18, 24], [15, 11, 19, 23, 3, 7, 5, 17, 21, 9, 20, 12, 10, 24, 18], [11, 23, 15, 7, 19, 17, 5, 3, 21, 9, 20, 12, 10, 24, 22], [23, 19, 15, 3, 11, 7, 17, 5, 21, 9, 12, 20, 18, 24], [15, 3, 7, 23, 11, 19, 5, 21, 17, 9, 12, 20, 18, 24], [7, 3, 19, 5, 15, 23, 11, 21, 17, 9, 12, 20, 18, 24], [23, 11, 7, 19, 17, 5, 3, 15, 21, 9, 20, 12, 10, 24, 22], [3, 11, 15, 19, 7, 5, 23, 21, 17, 9, 20, 12, 10, 24, 22], [11, 3, 7, 23, 19, 5, 15, 17, 21, 9, 20, 12, 18, 24], [7, 3, 15, 19, 5, 23, 11, 17, 21, 9, 12, 20, 18, 24], [19, 3, 7, 5, 15, 23, 11, 21, 17, 9, 12, 20, 18, 24], [11, 19, 15, 23, 3, 7, 5, 21, 17, 9, 20, 12, 10, 24, 18], [19, 15, 3, 7, 5, 11, 23, 21, 17, 9, 20, 12, 10, 24, 22], [11, 15, 7, 3, 23, 19, 17, 5, 21, 9, 20, 12, 18, 24], [3, 19, 15, 23, 7, 17, 5, 11, 21, 9, 12, 20, 18, 24], [19, 7, 17, 5, 3, 23, 11, 15, 21, 9, 20, 12, 18, 24], [23, 19, 15, 3, 7, 5, 11, 21, 17, 9, 12, 20, 10, 24, 18], [23, 15, 11, 3, 19, 7, 17, 5, 21, 9, 20, 12, 10, 24, 22], [7, 3, 15, 23, 19, 17, 5, 11, 21, 9, 12, 20, 10, 24, 18], [3, 7, 19, 17, 5, 15, 11, 23, 21, 9, 20, 12, 10, 24, 18], [7, 11, 15, 23, 19, 5, 3, 21, 17, 9, 20, 12, 10, 24, 22], [15, 7, 11, 23, 3, 19, 17, 5, 21, 9, 12, 20, 10, 24, 18], [19, 11, 7, 17, 5, 23, 15, 3, 21, 9, 12, 20, 10, 24, 18], [23, 11, 7, 15, 3, 19, 5, 21, 17, 9, 12, 20, 18, 24], [11, 23, 19, 3, 7, 17, 5, 15, 21, 9, 20, 12, 10, 24, 22], [23, 3, 15, 19, 11, 7, 5, 21, 17, 9, 20, 12, 10, 24, 22], [7, 15, 23, 3, 19, 17, 5, 11, 21, 9, 12, 20, 18, 24], [15, 11, 3, 23, 19, 7, 5, 21, 17, 9, 20, 12, 10, 24, 18], [19, 15, 11, 3, 7, 17, 5, 23, 21, 9, 12, 20, 10, 24, 18], [11, 3, 23, 7, 19, 17, 5, 15, 21, 9, 12, 20, 10, 24, 18], [11, 23, 7, 19, 17, 5, 3, 15, 21, 9, 20, 12, 18, 24], [3, 7, 11, 19, 17, 5, 23, 15, 21, 9, 20, 12, 18, 24], [23, 15, 7, 19, 17, 5, 3, 11, 21, 9, 12, 20, 10, 24, 18], [19, 11, 23, 3, 15, 7, 17, 5, 21, 9, 20, 12, 18, 24], [11, 23, 15, 3, 19, 7, 17, 5, 21, 9, 12, 20, 10, 24, 22], [3, 15, 11, 7, 19, 17, 5, 23, 21, 9, 20, 12, 10, 24, 22], [19, 23, 7, 17, 5, 3, 15, 11, 21, 9, 20, 12, 18, 24], [7, 15, 19, 17, 5, 11, 3, 23, 21, 9, 12, 20, 18, 24], [3, 23, 15, 11, 7, 19, 5, 21, 17, 9, 12, 20, 18, 24], [3, 23, 11, 7, 15, 19, 5, 21, 17, 9, 12, 20, 10, 24, 18], [3, 19, 23, 11, 15, 7, 17, 5, 21, 9, 12, 20, 18, 24], [19, 23, 7, 5, 3, 11, 15, 17, 21, 9, 12, 20, 10, 24, 18], [15, 7, 23, 3, 11, 19, 5, 17, 21, 9, 20, 12, 10, 24, 22], [23, 11, 19, 3, 15, 7, 5, 17, 21, 9, 12, 20, 18, 24], [7, 23, 19, 17, 5, 3, 11, 15, 21, 9, 20, 12, 18, 24], [19, 3, 15, 7, 5, 23, 11, 21, 17, 9, 20, 12, 10, 24, 18], [23, 7, 19, 5, 15, 11, 3, 17, 21, 9, 20, 12, 10, 24, 22], [15, 19, 3, 23, 11, 7, 17, 5, 21, 9, 12, 20, 10, 24, 22], [3, 23, 11, 15, 19, 7, 5, 17, 21, 9, 20, 12, 10, 24, 18], [19, 3, 15, 23, 7, 5, 11, 21, 17, 9, 12, 20, 18, 24], [3, 19, 11, 15, 7, 5, 23, 21, 17, 9, 12, 20, 10, 24, 22], [19, 15, 7, 17, 5, 3, 11, 23, 21, 9, 20, 12, 10, 24, 18], [15, 7, 19, 17, 5, 11, 3, 23, 21, 9, 20, 12, 18, 24], [23, 19, 3, 11, 15, 7, 5, 17, 21, 9, 12, 20, 18, 24], [19, 23, 11, 15, 7, 5, 3, 17, 21, 9, 12, 20, 18, 24], [3, 23, 11, 15, 7, 19, 5, 17, 21, 9, 12, 20, 10, 24, 22], [11, 23, 19, 15, 7, 5, 3, 17, 21, 9, 20, 12, 18, 24], [11, 7, 3, 23, 15, 19, 5, 17, 21, 9, 20, 12, 10, 24, 22], [23, 19, 7, 17, 5, 11, 15, 3, 21, 9, 12, 20, 10, 24, 22], [23, 11, 15, 7, 3, 19, 17, 5, 21, 9, 12, 20, 10, 24, 18], [3, 15, 11, 7, 19, 5, 23, 17, 21, 9, 12, 20, 10, 24, 22], [19, 3, 15, 23, 7, 5, 11, 21, 17, 9, 12, 20, 18, 24], [3, 19, 7, 17, 5, 23, 11, 15, 21, 9, 20, 12, 10, 24, 18], [11, 7, 19, 5, 15, 23, 3, 17, 21, 9, 20, 12, 18, 24], [7, 23, 3, 19, 17, 5, 11, 15, 21, 9, 20, 12, 18, 24], [23, 3, 11, 15, 19, 7, 5, 21, 17, 9, 20, 12, 18, 24], [23, 7, 15, 3, 19, 17, 5, 11, 21, 9, 20, 12, 18, 24], [19, 15, 7, 17, 5, 23, 3, 11, 21, 9, 12, 20, 10, 24, 22], [15, 7, 23, 19, 17, 5, 3, 11, 21, 9, 20, 12, 10, 24, 22], [3, 15, 11, 19, 23, 7, 17, 5, 21, 9, 20, 12, 18, 24], [19, 15, 23, 3, 11, 7, 5, 21, 17, 9, 20, 12, 10, 24, 18], [7, 3, 11, 19, 17, 5, 15, 23, 21, 9, 12, 20, 10, 24, 18], [19, 23, 7, 17, 5, 15, 11, 3, 21, 9, 12, 20, 18, 24], [15, 11, 23, 7, 19, 17, 5, 3, 21, 9, 12, 20, 10, 24, 18], [3, 23, 7, 11, 19, 5, 15, 17, 21, 9, 20, 12, 18, 24], [11, 3, 19, 7, 17, 5, 15, 23, 21, 9, 20, 12, 18, 24], [7, 3, 23, 19, 17, 5, 15, 11, 21, 9, 20, 12, 18, 24], [11, 15, 7, 19, 17, 5, 23, 3, 21, 9, 20, 12, 18, 24], [3, 15, 23, 11, 7, 19, 17, 5, 21, 9, 12, 20, 18, 24], [7, 19, 17, 5, 3, 11, 23, 15, 21, 9, 20, 12, 10, 24, 18], [11, 19, 7, 5, 15, 3, 23, 17, 21, 9, 20, 12, 10, 24, 18], [23, 15, 11, 19, 3, 7, 17, 5, 21, 9, 12, 20, 10, 24, 18], [23, 15, 7, 3, 19, 17, 5, 11, 21, 9, 12, 20, 10, 24, 18], [15, 3, 19, 7, 5, 23, 11, 17, 21, 9, 12, 20, 18, 24], [23, 11, 7, 3, 15, 19, 5, 17, 21, 9, 20, 12, 18, 24], [19, 7, 17, 5, 15, 11, 23, 3, 21, 9, 12, 20, 10, 24, 18], [11, 3, 23, 15, 19, 7, 5, 17, 21, 9, 20, 12, 18, 24], [7, 11, 3, 23, 19, 17, 5, 15, 21, 9, 12, 20, 10, 24, 22], [23, 15, 3, 19, 7, 5, 11, 17, 21, 9, 12, 20, 10, 24, 22], [7, 19, 17, 5, 11, 23, 3, 15, 21, 9, 12, 20, 18, 24], [7, 11, 3, 15, 23, 19, 5, 21, 17, 9, 20, 12, 10, 24, 18], [19, 7, 17, 5, 11, 3, 23, 15, 21, 9, 20, 12, 18, 24], [7, 15, 3, 11, 19, 5, 23, 17, 21, 9, 12, 20, 18, 24], [19, 11, 3, 15, 23, 7, 5, 21, 17, 9, 20, 12, 10, 24, 18], [15, 3, 19, 23, 7, 5, 11, 21, 17, 9, 12, 20, 18, 24], [3, 7, 19, 5, 23, 15, 11, 17, 21, 9, 20, 12, 18, 24], [19, 15, 23, 3, 7, 5, 11, 17, 21, 9, 12, 20, 18, 24], [15, 19, 7, 5, 3, 23, 11, 21, 17, 9, 20, 12, 10, 24, 22], [3, 15, 19, 7, 5, 11, 23, 21, 17, 9, 12, 20, 18, 24], [15, 19, 23, 7, 17, 5, 3, 11, 21, 9, 20, 12, 18, 24], [3, 19, 15, 23, 11, 7, 5, 21, 17, 9, 20, 12, 18, 24], [11, 19, 23, 7, 5, 3, 15, 17, 21, 9, 20, 12, 18, 24], [19, 11, 7, 17, 5, 15, 23, 3, 21, 9, 20, 12, 10, 24, 22], [7, 19, 17, 5, 15, 11, 3, 23, 21, 9, 12, 20, 10, 24, 18], [3, 19, 15, 23, 7, 17, 5, 11, 21, 9, 20, 12, 18, 24], [11, 15, 19, 23, 7, 17, 5, 3, 21, 9, 12, 20, 10, 24, 22], [19, 23, 7, 5, 15, 11, 3, 21, 17, 9, 12, 20, 10, 24, 18], [11, 19, 15, 23, 3, 7, 5, 21, 17, 9, 20, 12, 18, 24], [3, 19, 11, 23, 15, 7, 17, 5, 21, 9, 20, 12, 10, 24, 22], [3, 7, 23, 11, 15, 19, 17, 5, 21, 9, 20, 12, 10, 24, 22], [23, 19, 11, 7, 17, 5, 3, 15, 21, 9, 20, 12, 10, 24, 22], [19, 23, 7, 17, 5, 3, 11, 15, 21, 9, 20, 12, 10, 24, 18], [15, 3, 19, 23, 7, 5, 11, 21, 17, 9, 20, 12, 10, 24, 22], [15, 11, 19, 7, 17, 5, 23, 3, 21, 9, 20, 12, 10, 24, 22], [3, 15, 11, 19, 7, 17, 5, 23, 21, 9, 12, 20, 18, 24], [15, 3, 19, 7, 17, 5, 11, 23, 21, 9, 12, 20, 18, 24], [15, 19, 3, 23, 11, 7, 5, 21, 17, 9, 20, 12, 18, 24], [3, 7, 23, 15, 11, 19, 17, 5, 21, 9, 20, 12, 18, 24], [19, 11, 7, 17, 5, 3, 23, 15, 21, 9, 12, 20, 10, 24, 22], [19, 15, 3, 11, 7, 5, 23, 21, 17, 9, 20, 12, 10, 24, 18], [23, 7, 15, 11, 19, 5, 3, 17, 21, 9, 12, 20, 10, 24, 22], [15, 11, 23, 3, 19, 7, 17, 5, 21, 9, 20, 12, 10, 24, 18], [19, 3, 11, 15, 7, 5, 23, 17, 21, 9, 12, 20, 10, 24, 22], [7, 19, 17, 5, 15, 23, 3, 11, 21, 9, 20, 12, 18, 24], [7, 19, 17, 5, 3, 15, 11, 23, 21, 9, 12, 20, 18, 24], [3, 11, 23, 15, 19, 7, 17, 5, 21, 9, 20, 12, 10, 24, 18], [7, 19, 17, 5, 15, 23, 11, 3, 21, 9, 12, 20, 10, 24, 18], [23, 7, 19, 5, 3, 15, 11, 21, 17, 9, 12, 20, 10, 24, 18], [23, 19, 7, 17, 5, 11, 3, 15, 21, 9, 12, 20, 18, 24], [11, 3, 7, 19, 17, 5, 23, 15, 21, 9, 12, 20, 18, 24], [3, 23, 19, 15, 11, 7, 17, 5, 21, 9, 12, 20, 18, 24], [19, 7, 5, 23, 11, 15, 3, 17, 21, 9, 20, 12, 18, 24], [19, 7, 5, 11, 15, 3, 23, 21, 17, 9, 20, 12, 18, 24], [11, 23, 7, 15, 19, 5, 3, 17, 21, 9, 20, 12, 18, 24], [11, 19, 15, 3, 23, 7, 5, 21, 17, 9, 12, 20, 10, 24, 18], [7, 23, 11, 15, 19, 17, 5, 3, 21, 9, 20, 12, 10, 24, 18], [7, 23, 19, 17, 5, 15, 3, 11, 21, 9, 12, 20, 10, 24, 18], [3, 15, 7, 19, 5, 11, 23, 17, 21, 9, 12, 20, 10, 24, 18], [7, 