{"problem_id":"9O2lgD5ZyLLdmIF","sigma":75,"alpha":3.162,"cost":1,"probabilities":"[0.18000000000000002, 0.4, 0.22, 0.2]","payoff_matrix":"[[-42, 122, -52, 52, -28, -19], [18, -34, 9, 103, 33, 73], [-44, -13, 68, -191, -103, 121], [124, 120, 145, -48, 146, -13]]","uncovered":[[6,10,22,18,2,14,15,19],[22,6,18,10,2,14,23,15],[6,10,14],[2,22,14,23,15],[18,14],[14],[6,14],[6,14],[18,10,6,14],[2,14],[6,22,14,23,15],[18,10,2,22,14,23,15],[14],[14],[6,10,18,22,14,23,15],[18,14],[18,22,14,23,15],[22,10,6,2,18,14,23,15],[22,14,15,10,6,18,2,19],[2,10,14],[2,10,14],[14],[6,2,10,18,14],[22,6,2,18,14,15,10,23],[22,10,2,18,14,23,15],[14],[10,18,22,6,14,15,2,23],[2,6,18,10,22,14,23,15],[18,6,2,22,10,14,23,15],[2,6,22,10,14,15,18,23],[2,18,14],[18,2,14],[6,14],[22,10,14,15,6,18,2,19],[22,18,10,14,15,6,2,19],[18,6,22,10,2,14,15,23],[2,18,6,22,10,14,23,15],[18,22,14,15,6,10,2,23],[14],[2,10,14],[18,14],[6,14],[6,18,14],[14],[18,14],[18,10,14],[6,14],[18,14],[22,14,15,2,18,10,6,19],[14],[2,18,14],[2,10,14],[6,22,10,18,2,14,23,15],[10,22,2,14,15,18,6,23],[14],[14],[22,18,14,23,15],[14],[2,10,14],[14],[2,18,6,14],[14],[14],[10,2,22,6,18,14,15,19],[2,10,22,14,15,6,18,23],[10,22,2,14,23,15],[18,2,10,22,14,15,6,19],[2,6,10,14],[14],[6,10,22,14,23,15],[14],[2,22,6,10,18,14,23,15],[14],[22,18,14,23,15],[10,18,14],[14],[2,18,6,22,14,15,10,23],[22,14,15,2,10,18,6,23],[10,18,22,2,6,14,15,19],[22,6,14,15,10,18,2,23],[6,10,2,22,18,14,23,15],[10,14],[10,6,14],[10,14],[18,2,10,22,6,14,23,15],[18,22,10,2,6,14,15,23],[2,18,6,10,22,14,15,19],[14],[2,6,10,14],[10,22,14,23,15],[10,6,14],[6,18,2,22,10,14,23,15],[6,2,14],[10,2,6,22,18,14,23,15],[18,10,2,6,22,14,23,15],[14],[10,14],[10,6,2,22,14,15,18,19],[18,22,14,15,6,10,2,19],[14],[2,10,14],[18,2,10,22,6,14,15,23],[6,2,22,18,14,15,10,19],[22,18,2,10,6,14,23,15],[10,14],[14],[22,18,10,6,2,14,23,15],[22,18,2,10,6,14,23,15],[10,6,14],[6,22,10,18,2,14,15,23],[14],[22,10,2,14,23,15],[2,22,10,6,14,23,15],[14],[22,2,14,23,15],[6,18,10,2,14],[18,14],[2,18,6,22,10,14,23,15],[2,14],[14],[18,22,2,10,14,15,6,19],[22,18,14,23,15],[2,14],[10,14],[6,10,2,14],[14],[2,22,6,18,14,23,15],[14],[10,14],[10,2,6,18,22,14,15,19],[18,14],[22,18,10,6,14,15,2,23],[6,10,22,2,18,14,15,23],[6,22,18,2,10,14,15,19],[14],[2,22,10,6,14,15,18,23],[14],[18,22,6,2,10,14,15,19],[6,18,2,22,10,14,23,15],[2,22,14,15,6,18,10,19],[6,10,14],[2,6,10,22,14,15,18,19],[18,2,22,10,14,15,6,19],[6,2,14],[14],[2,22,10,18,14,23,15],[22,6,18,10,14,23,15],[22,6,10,14,15,18,2,19],[18,14],[6,18,22,10,2,14,15,23],[10,6,18,22,2,14,23,15],[14],[22,18,2,10,14,23,15],[22,2,6,14,15,18,10,19],[22,10,18,6,2,14,15,19],[22,18,2,10,14,15,6,19],[2,22,10,6,14,23,15],[18,10,6,22,14,15,2,23],[6,10,2,22,18,14,15,19],[18,14],[6,22,10,2,18,14,15,23],[18,14],[2,10,22,6,14,15,18,19],[22,10,14,23,15],[10,6,18,2,22,14,15,23],[14],[18,2,6,14],[22,14,15,2,6,10,18,23],[18,22,14,23,15],[2,10,22,6,18,14,23,15],[14],[14],[2,6,18,10,22,14,23,15],[6,2,22,18,10,14,15,19],[22,2,14,15,6,10,18,23],[10,6,18,2,22,14,23,15],[2,14],[22,14,23,15],[18,14],[22,10,6,2,14,23,15],[10,6,14],[6,14],[22,18,14,15,2,10,6,23],[10,6,22,18,2,14,15,19],[2,10,6,18,14],[14],[10,14],[18,2,6,10,14],[18,2,6,10,14],[22,2,10,6,14,23,15],[18,6,10,2,14],[22,14,23,15],[22,14,23,15],[6,22,14,23,15],[22,6,18,10,2,14,23,15],[2,14],[14],[6,14],[14],[18,10,14],[18,10,22,2,6,14,23,15],[14],[2,10,14],[6,10,18,2,14],[18,2,22,10,6,14,23,15],[2,14],[6,22,14,23,15],[14],[18,14],[10,2,6,18,22,14,15,23],[22,18,10,2,6,14,15,23],[6,22,2,14,15,18,10,19],[22,6,14,15,10,2,18,23],[22,10,2,18,14,15,6,19],[6,22,14,23,15],[2,18,22,6,10,14,23,15],[18,22,14,23,15],[2,14],[22,6,18,14,23,15],[10,18,6,14],[22,10,18,14,15,6,2,19],[22,18,2,6,10,14,15,23],[6,14],[22,14,23,15],[10,18,14],[2,14],[18,10,14],[14],[2,10,22,6,14,15,18,23],[14],[14],[2,22,14,23,15],[18,10,6,2,22,14,15,23],[10,22,18,14,23,15],[18,6,2,22,14,23,15],[18,10,6,22,2,14,23,15],[10,18,2,22,14,23,15],[2,18,22,10,14,15,6,19],[22,14,15,10,6,2,18,19],[10,22,14,23,15],[22,10,18,2,14,23,15],[6,18,10,2,22,14,15,23],[6,2,22,14,15,10,18,19],[10,2,18,22,14,23,15],[10,14],[14],[10,22,6,2,14,23,15],[18,10,2,14],[18,22,2,14,15,6,10,23],[10,14],[6,2,22,10,18,14,15,19],[6,2,22,14,23,15],[22,6,14,15,2,18,10,23],[14],[22,10,2,14,15,18,6,19],[18,14],[22,2,14,23,15],[22,2,10,18,14,23,15],[2,18,6,10,22,14,15,19],[22,6,14,15,18,10,2,23],[14],[22,10,6,14,15,2,18,19],[6,22,10,14,15,18,2,23],[6,14],[6,10,14],[22,2,18,14,15,6,10,19],[22,18,10,6,2,14,23,15],[14],[14],[2,10,6,18,14],[14],[18,2,14],[22,10,18,14,15,2,6,23],[14],[2,6,14],[2,22,18,6,10,14,23,15],[6,14],[14],[18,14],[6,10,22,18,2,14,15,19],[10,6,18,22,14,23,15],[22,18,14,15,6,2,10,19],[2,10,22,6,18,14,23,15],[10,22,2,18,6,14,23,15],[2,22,14,23,15],[6,22,18,2,10,14,15,19],[10,22,2,6,18,14,15,23],[22,6,14,15,10,18,2,19],[6,2,14],[2,22,18,6,10,14,23,15],[10,14],[2,14],[22,6,10,2,18,14,15,23],[6,14],[18,10,6,14],[10,2,14],[14],[22,18,14,23,15],[2,10,22,6,18,14,15,19],[10,14],[14],[22,2,10,14,23,15],[6,18,2,22,14,23,15],[22,10,18,6,2,14,15,19],[18,6,10,2,14],[18,22,2,14,15,10,6,19],[14],[2,6,14],[14],[2,14],[6,2,14],[18,10,6,22,2,14,15,23],[18,22,14,23,15],[6,18,22,10,2,14,15,23],[6,14],[22,14,15,10,6,2,18,19],[10,6,22,18,14,23,15],[10,6,14],[10,6,14],[6,2,22,10,18,14,15,23],[22,14,23,15],[10,18,6,22,2,14,15,19],[22,2,6,10,14,23,15],[18,6,14],[10,18,6,2,14],[6,22,10,2,14,15,18,19],[18,22,6,2,10,14,15,23],[6,18,14],[6,2,10,22,14,15,18,19],[10,6,18,2,14],[10,22,6,18,14,15,2,23],[2,14],[10,18,6,14],[2,22,18,10,6,14,23,15],[18,10,2,14],[14],[14],[10,18,6,2,22,14,23,15],[22,18,10,6,2,14,15,19],[14],[10,18,14],[22,10,2,14,23,15],[6,18,22,10,14,23,15],[2,10,18,14],[2,10,22,14,15,18,6,19],[6,14],[18,2,22,10,14,23,15],[14],[10,2,18,22,6,14,23,15],[14],[14],[6,14],[14],[6,22,10,2,18,14,23,15],[22,10,2,14,15,6,18,23],[22,10,6,18,2,14,15,19],[14],[18,6,2,10,14],[6,2,14],[18,22,14,15,10,6,2,19],[10,2,22,18,6,14,15,19],[10,14],[18,22,2,6,14,23,15],[2,14],[18,22,2,10,14,23,15],[14],[22,18,10,2,6,14,15,19],[14],[10,22,18,14,23,15],[22,10,2,18,14,23,15],[6,2,14],[10,6,22,14,23,15],[18,6,14],[22,14,15,18,2,6,10,23],[22,10,18,2,6,14,15,19],[10,14],[14],[6,14],[10,18,14],[10,6,2,18,14],[6,22,10,2,18,14,15,19],[22,6,18,2,14,15,10,23],[6,22,14,15,18,10,2,19],[6,2,22,14,23,15],[14],[6,18,2,22,10,14,23,15],[6,2,10,14],[2,18,10,6,22,14,23,15],[2,10,6,18,22,14,15,19],[2,18,22,6,10,14,23,15],[14],[6,14],[14],[10,6,2,14],[10,6,22,14,23,15],[10,14],[22,18,2,10,6,14,23,15],[10,2,6,18,22,14,23,15],[22,18,14,23,15],[2,18,14],[2,6,14],[22,10,2,14,15,18,6,23],[2,6,18,10,14],[14],[14],[18,2,22,10,14,15,6,23],[10,6,14],[6,14],[2,10,22,14,15,18,6,23],[10,6,22,14,15,2,18,19],[6,22,10,2,14,23,15],[10,18,14],[10,22,18,2,14,23,15],[10,14],[10,22,6,14,15,18,2,19],[22,14,15,10,6,2,18,23],[18,22,14,23,15],[18,22,14,23,15],[18,22,2,14,23,15],[6,10,22,2,14,15,18,19],[18,6,22,2,10,14,15,23],[6,2,22,18,14,15,10,19],[14],[18,22,2,10,6,14,23,15],[14],[22,14,23,15],[22,14,23,15],[6,18,2,10,22,14,15,23],[18,22,6,10,14,23,15],[18,2,22,6,14,15,10,23],[2,6,10,14],[10,2,6,14],[2,22,6,18,10,14,15,19],[2,10,18,14],[18,10,14],[18,14],[6,14],[14],[10,14],[10,6,22,14,15,18,2,23],[10,22,6,14,15,18,2,19],[22,14,23,15],[6,18,10,14],[6,14],[10,2,6,18,22,14,15,23],[14],[6,14],[18,22,6,10,2,14,15,23],[18,22,6,10,14,23,15],[2,14],[6,2,22,10,14,23,15],[2,14],[22,6,2,14,15,10,18,23],[14],[22,18,2,10,14,15,6,23],[2,6,22,18,14,23,15],[18,2,22,10,14,15,6,23],[6,14],[22,2,6,18,10,14,15,19],[6,18,2,14],[2,18,14],[14],[6,18,22,10,14,23,15],[2,14],[18,10,14],[22,2,6,18,14,15,10,23],[22,6,14,23,15],[22,10,14,15,6,2,18,23],[18,10,2,6,14],[14],[14],[14],[14],[22,6,14,15,18,10,2,19],[6,2,14],[14],[18,22,10,2,6,14,15,23],[18,6,22,10,2,14,23,15],[6,18,10,2,14],[18,2,14],[6,10,14],[18,14],[14],[22,18,10,6,14,15,2,23],[22,18,2,14,15,6,10,23],[14],[18,6,10,14],[10,6,22,18,2,14,23,15],[10,6,14],[10,22,18,14,15,2,6,19],[10,6,2,22,18,14,15,23],[6,18,14],[6,22,10,18,14,23,15],[18,14],[2,6,10,14],[10,14],[10,14],[6,14],[10,6,2,22,18,14,23,15],[2,14],[6,2,14],[22,14,23,15],[14],[22,2,10,14,15,6,18,23],[10,18,22,6,2,14,15,23],[2,10,6,14],[2,18,22,10,14,23,15],[2,14],[22,14,15,18,6,10,2,23],[14],[22,6,2,10,14,15,18,23],[2,18,10,22,6,14,15,23],[2,10,6,22,18,14,23,15],[10,6,14],[2,18,14],[14],[18,22,10,2,14,15,6,23],[2,6,22,18,14,23,15],[18,10,2,6,22,14,15,23],[10,14],[10,2,18,6,22,14,23,15],[6,2,18,22,10,14,23,15],[6,18,10,22,2,14,23,15],[10,14],[14],[10,22,2,18,6,14,15,23],[18,14],[14],[14],[22,10,2,18,14,23,15],[14],[14],[14],[10,6,2,18,14],[10,14],[6,18,22,2,10,14,15,23],[10,2,6,22,18,14,23,15],[2,22,18,14,23,15],[18,14],[10,6,22,14,23,15],[6,10,2,22,14,15,18,23],[10,14],[22,2,14,23,15],[10,14],[14],[14],[22,2,18,10,14,15,6,23],[10,18,14],[14],[10,18,14],[6,18,10,14],[10,14],[18,22,6,10,2,14,15,23],[18,10,6,14],[14],[14],[18,22,10,14,23,15],[6,18,22,14,15,2,10,19],[14],[10,6,22,14,15,2,18,23],[2,22,14,23,15],[22,6,14,23,15],[10,22,6,18,14,15,2,23],[10,6,2,14],[18,14],[22,18,6,10,2,14,15,19],[18,10,2,14],[10,22,18,6,14,23,15],[10,6,18,14],[2,22,10,14,23,15],[10,18,2,22,14,15,6,19],[6,10,18,22,14,15,2,19],[18,6,22,10,2,14,23,15],[22,18,2,14,23,15],[14],[10,18,6,2,14],[14],[2,6,10,22,18,14,15,19],[10,22,18,2,6,14,15,23],[6,22,14,23,15],[6,10,14],[14],[22,2,6,18,14,23,15],[10,2,6,22,14,15,18,23],[22,6,18,10,14,15,2,23],[22,10,14,15,6,18,2,19],[2,6,22,10,18,14,23,15],[6,10,22,2,18,14,15,23],[18,6,10,2,22,14,15,23],[14],[14],[18,22,14,15,10,6,2,23],[2,14],[18,14],[22,10,6,14,15,2,18,19],[2,6,14],[22,10,6,18,14,23,15],[14],[6,14],[6,14],[2,6,22,14,15,18,10,23],[18,2,14],[6,22,18,14,23,15],[6,14],[2,22,6,14,15,10,18,23],[14],[6,22,2,10,18,14,15,19],[2,6,18,22,10,14,15,19],[18,2,22,14,23,15],[18,22,14,15,2,6,10,23],[18,2,6,22,14,15,10,23],[14],[2,18,14],[22,14,15,10,6,2,18,19],[6,18,22,14,23,15],[2,6,18,14],[22,6,14,15,2,18,10,23],[18,14],[10,2,6,18,14],[14],[2,18,6,10,14],[10,18,2,14],[18,10,14],[2,10,14],[22,14,23,15],[6,10,2,14],[22,18,14,23,15],[6,10,2,18,14],[22,18,10,14,23,15],[14],[6,18,10,22,2,14,23,15],[22,14,15,2,10,18,6,23],[10,22,14,23,15],[14],[14],[22,14,23,15],[10,14],[10,6,2,22,18,14,15,23],[2,18,22,10,6,14,23,15],[6,14],[22,14,15,2,10,6,18,19],[10,14],[10,6,22,2,18,14,23,15],[2,18,14],[10,22,2,6,14,23,15],[2,10,22,6,18,14,23,15],[6,14],[10,2,22,14,15,18,6,23],[6,10,14],[22,18,2,6,10,14,23,15],[14],[6,14],[22,6,2,18,10,14,23,15],[22,2,6,18,14,15,10,23],[14],[10,2,22,6,14,15,18,19],[22,2,10,6,14,15,18,19],[18,14],[2,22,6,18,14,15,10,19],[2,14],[14],[6,22,18,10,2,14,23,15],[14],[2,22,10,18,14,23,15],[6,2,18,22,14,23,15],[22,14,23,15],[6,10,14],[14],[14],[2,22,6,14,23,15],[18,6,14],[14],[14],[18,14],[10,18,14],[22,2,18,14,23,15],[22,10,2,18,14,15,6,19],[14],[18,10,22,14,23,15],[22,6,18,2,14,23,15],[2,10,22,6,18,14,15,19],[10,14],[22,14,15,10,2,18,6,23],[22,14,15,6,18,2,10,23],[22,18,2,14,23,15],[14],[2,22,18,6,10,14,23,15],[22,10,2,6,18,14,15,23],[14],[2,22,10,6,14,15,18,23],[6,10,2,14],[14],[10,18,14],[22,2,10,6,14,15,18,19],[10,22,14,23,15],[22,10,2,14,23,15],[2,6,22,14,23,15],[18,2,14],[10,14],[10,22,2,6,14,15,18,23],[18,2,22,6,10,14,23,15],[14],[2,6,22,14,15,18,10,23],[6,18,2,14],[6,18,10,2,22,14,23,15],[2,22,14,23,15],[14],[6,18,14],[2,10,18,14],[18,14],[2,18,22,6,14,15,10,23],[14],[18,22,2,14,23,15],[18,10,6,14],[2,10,18,6,14],[2,22,18,10,14,23,15],[18,14],[14],[18,14],[6,18,10,2,22,14,15,23],[18,10,6,14],[18,10,22,14,15,2,6,23],[22,18,2,6,10,14,15,23],[18,6,10,22,2,14,15,23],[22,18,2,6,10,14,23,15],[18,10,6,22,2,14,15,19],[18,14],[22,18,2,10,14,15,6,23],[10,18,6,2,22,14,23,15],[18,22,2,6,14,15,10,19],[18,14],[22,6,18,2,10,14,15,23],[14],[22,2,6,18,14,23,15],[14],[14],[14],[14],[10,22,2,6,14,23,15],[6,22,14,15,18,10,2,19],[2,22,18,6,14,15,10,23],[2,10,22,14,23,15],[10,2,22,14,23,15],[18,14],[10,22,6,18,14,15,2,19],[2,14],[22,6,18,14,15,2,10,23],[10,2,6,22,18,14,23,15],[6,2,18,10,14],[22,14,15,6,18,10,2,19],[2,22,14,23,15],[22,10,14,15,18,2,6,23],[22,2,18,10,6,14,23,15],[22,18,10,2,14,15,6,23],[10,22,14,15,18,6,2,19],[18,10,14],[22,14,23,15],[6,18,22,2,10,14,23,15],[10,6,14],[18,6,14],[14],[22,18,14,15,2,10,6,23],[10,22,18,14,15,2,6,19],[18,22,14,23,15],[10,14],[10,6,2,14],[14],[2,18,14],[18,6,2,22,10,14,23,15],[10,6,2,22,18,14,23,15],[6,2,22,18,14,23,15],[22,6,2,14,15,18,10,23],[18,6,10,14],[6,2,14],[14],[10,14],[6,22,10,18,2,14,15,19],[2,6,22,18,10,14,23,15],[18,10,2,14],[6,10,22,2,14,15,18,23],[6,18,10,22,2,14,15,19],[18,2,10,22,14,15,6,23],[18,2,10,22,14,15,6,19],[10,6,14],[22,18,2,6,10,14,23,15],[2,22,18,6,10,14,23,15],[18,14],[14],[6,2,10,18,14],[14],[22,18,14,23,15],[22,14,23,15],[14],[10,6,14],[14],[14],[18,10,22,6,2,14,15,19],[18,14],[2,6,18,10,22,14,23,15],[2,22,18,6,14,15,10,19],[22,10,6,2,18,14,23,15],[14],[18,14],[22,14,23,15],[2,22,6,18,14,23,15],[2,18,14],[18,14],[14],[14],[2,6,14],[18,6,22,10,14,15,2,23],[2,22,18,10,6,14,23,15],[10,14],[2,10,22,6,14,15,18,23],[22,18,10,2,6,14,15,23],[2,14],[22,2,18,10,6,14,15,23],[2,6,18,14],[22,2,14,23,15],[14],[22,14,23,15],[2,18,10,6,22,14,23,15],[18,6,2,22,14,23,15],[18,14],[6,18,10,22,2,14,15,19],[22,6,2,14,23,15],[22,6,14,23,15],[10,14],[14],[10,6,22,14,23,15],[2,6,10,22,18,14,15,23],[22,18,10,2,14,23,15],[22,2,18,6,10,14,15,19],[22,18,2,10,14,15,6,23],[18,6,2,14],[10,18,22,6,2,14,23,15],[22,10,6,14,23,15],[14],[18,10,6,14],[14],[2,22,6,10,14,15,18,23],[14],[22,18,6,14,23,15],[6,2,18,10,22,14,23,15],[6,14],[10,6,22,18,14,23,15],[2,6,14],[6,22,2,10,18,14,23,15],[22,14,23,15],[10,22,2,14,23,15],[14],[6,10,14],[6,2,14],[6,2,10,14],[10,2,18,6,22,14,23,15],[22,14,23,15],[6,10,2,18,14],[10,2,14],[22,6,18,10,2,14,15,19],[22,6,10,2,14,15,18,19],[22,14,23,15],[22,18,2,6,10,14,23,15],[18,22,2,6,14,23,15],[2,14],[2,10,6,22,14,15,18,19],[10,18,22,6,2,14,23,15],[18,6,10,22,14,15,2,23],[18,10,14],[18,10,6,2,22,14,23,15],[6,10,22,14,15,18,2,23],[22,10,14,23,15],[6,18,14],[18,14],[18,10,22,6,14,23,15],[14],[10,2,6,22,14,15,18,23],[14],[18,2,10,6,22,14,23,15],[10,2,22,18,14,15,6,19],[18,14],[18,10,2,22,14,23,15],[6,2,18,22,14,23,15],[10,18,14],[18,10,6,22,14,15,2,19],[18,10,14],[22,10,6,2,14,23,15],[14],[22,18,6,14,15,10,2,19],[6,22,2,10,18,14,23,15],[2,14],[6,18,22,14,15,2,10,19],[6,22,2,10,14,23,15],[14],[6,18,2,14],[10,22,14,15,2,18,6,23],[14],[10,18,2,6,14],[6,18,22,14,15,2,10,23],[10,6,2,14],[10,6,22,18,14,23,15],[22,18,10,6,2,14,15,19],[10,6,18,22,14,23,15],[2,18,6,22,14,23,15],[22,6,10,18,2,14,15,19],[14],[18,6,2,10,14],[6,2,22,14,15,10,18,19],[2,10,6,18,14],[22,14,15,6,18,2,10,19],[18,22,6,14,23,15],[14],[2,18,10,22,6,14,23,15],[2,18,10,14],[6,2,10,14],[6,14],[2,6,18,10,22,14,23,15],[14],[6,22,2,14,15,18,10,23],[6,2,18,10,22,14,15,19],[18,6,10,14],[2,6,10,22,14,23,15],[6,2,18,22,14,23,15],[6,22,10,18,14,23,15],[14],[2,22,6,14,15,18,10,23],[10,22,6,18,2,14,15,19],[2,14],[10,14],[2,10,22,6,18,14,15,19],[14],[14],[2,14],[18,6,14],[2,10,22,14,23,15],[10,14],[18,6,22,2,14,23,15],[6,2,18,22,14,23,15],[22,6,2,18,10,14,23,15],[2,22,6,18,14,23,15],[6,14],[22,2,14,15,18,10,6,23],[10,18,22,14,15,2,6,23],[2,6,14],[14],[22,2,10,6,14,23,15],[22,18,10,14,15,6,2,23],[14],[10,22,2,6,14,15,18,23],[6,22,10,2,18,14,15,19],[22,6,18,10,14,23,15],[2,10,14],[6,22,10,14,15,18,2,19],[22,10,6,2,18,14,15,23],[6,2,22,18,10,14,23,15],[10,6,22,2,18,14,15,23],[22,2,6,18,14,15,10,19],[18,22,6,10,2,14,15,23],[22,10,6,18,14,23,15],[2,6,10,18,14],[2,6,22,14,15,10,18,23],[14],[22,18,2,6,14,15,10,23],[2,10,6,18,22,14,15,19],[22,6,18,14,15,2,10,19],[14],[2,6,18,10,22,14,15,23],[22,10,14,23,15],[14],[6,22,2,10,18,14,23,15],[2,6,14],[22,10,14,23,15],[14],[2,14],[18,2,22,14,15,6,10,19],[6,2,22,14,15,10,18,23],[18,2,14],[10,6,2,22,18,14,23,15],[14],[14],[6,14],[6,14],[18,2,22,6,14,23,15],[6,22,2,10,14,15,18,19],[22,18,14,15,6,2,10,19],[18,10,22,2,14,23,15],[6,2,22,18,10,14,23,15],[22,6,14,15,18,10,2,23],[22,6,14,23,15],[14],[22,14,23,15],[6,2,22,10,18,14,15,23],[14],[14],[22,2,10,14,23,15],[18,2,6,14],[2,6,14],[22,18,10,2,14,15,6,19],[18,14],[18,10,6,14],[6,2,14]],"n_human":11}