{"problem_id":"A0NtgasT3JOUseX","sigma":150,"alpha":3.162,"cost":0,"probabilities":"[0.03, 0.11, 0.16, 0.7]","payoff_matrix":"[[84, 247, -101, -261, 183, 99], [242, 298, 72, -31, -175, 141], [68, -355, 36, 210, 172, 99], [32, -84, -159, 158, 124, -34]]","uncovered":[[12,8,24,16,4,20,19,15],[20,12,4,16,24,8,19,15],[8,4,20,12,24,16,15],[20,24,4,12,16,8,15],[12,16,24,8,20,4,19,15],[4,16,20,24,8,12,15],[24,20,16,12,4,8,19,15],[8,4,12,24,16,20,15],[4,8,12,24,16,20,19,15],[24,4,20,12,16,8,19,15],[20,24,4,16,12,8,15],[16,20,24,4,8,12,19,15],[16,12,8,4,24,20,19,15],[8,4,12,16,24,20,15],[4,24,8,20,12,16,15],[20,8,4,12,24,16,15],[24,12,20,4,8,16,15],[4,20,8,24,12,16,19,15],[12,20,4,24,16,8,19,15],[4,16,24,20,12,8,19,15],[4,20,16,8,24,12,19,15],[4,8,12,24,20,16,15],[8,24,16,12,20,4,19,15],[16,4,24,20,12,8,15],[20,24,12,4,8,16,19,15],[24,20,16,4,8,12,15],[4,24,8,12,16,20,15],[8,12,4,16,20,24,19,15],[8,4,12,20,24,16,19,15],[16,12,4,24,20,8,19,15],[12,24,20,8,16,4,15],[20,8,12,24,4,16,19,15],[24,16,20,4,8,12,19,15],[24,4,20,12,8,16,15],[24,16,8,12,4,20,15],[24,12,4,8,20,16,19,15],[8,20,12,4,24,16,19,15],[16,24,8,12,4,20,19,15],[24,8,20,12,16,4,19,15],[12,16,20,8,4,24,15],[8,24,20,4,12,16,15],[20,16,24,8,12,4,15],[12,16,8,24,20,4,19,15],[24,8,4,16,20,12,19,15],[24,16,20,12,8,4,19,15],[4,16,12,20,24,8,19,15],[12,24,8,20,4,16,19,15],[8,20,16,24,12,4,15],[24,8,4,12,16,20,19,15],[4,8,24,20,12,16,19,15],[16,4,20,24,8,12,15],[24,20,12,16,4,8,19,15],[4,8,12,24,20,16,15],[16,20,12,8,4,24,15],[24,12,16,8,4,20,15],[20,24,4,12,8,16,15],[12,4,8,16,20,24,19,15],[8,16,20,12,24,4,19,15],[12,4,20,16,24,8,15],[20,24,4,8,12,16,19,15],[12,24,16,20,8,4,19,15],[16,24,20,8,4,12,19,15],[16,24,12,8,20,4,19,15],[24,16,8,4,20,12,19,15],[20,12,16,24,4,8,15],[8,16,4,20,24,12,19,15],[8,20,4,12,24,16,15],[12,16,20,4,24,8,19,15],[24,12,20,16,4,8,15],[20,4,12,8,24,16,19,15],[4,24,20,12,8,16,15],[12,24,16,8,4,20,15],[12,4,24,16,20,8,15],[8,16,4,12,24,20,19,15],[20,24,12,16,8,4,19,15],[4,12,16,8,24,20,19,15],[24,4,16,12,20,8,15],[8,4,20,16,24,12,19,15],[16,12,24,20,8,4,19,15],[12,8,16,20,4,24,19,15],[4,12,16,24,8,20,19,15],[16,20,24,4,12,8,15],[4,24,20,16,8,12,19,15],[4,24,12,20,16,8,19,15],[8,20,4,12,24,16,19,15],[24,4,20,12,16,8,19,15],[16,8,20,12,4,24,19,15],[8,20,24,16,4,12,19,15],[12,4,24,8,16,20,19,15],[16,24,8,4,20,12,19,15],[12,8,16,20,24,4,19,15],[12,4,20,24,16,8,19,15],[4,24,8,16,12,20,19,15],[4,24,8,20,12,16,19,15],[4,20,24,8,16,12,15],[12,20,24,16,8,4,19,15],[4,24,12,20,16,8,15],[24,20,16,12,8,4,19,15],[24,12,4,20,8,16,19,15],[24,8,16,20,4,12,15],[8,16,4,20,12,24,19,15],[4,8,12,20,24,16,15],[24,16,20,12,4,8,15],[12,8,24,20,4,16,19,15],[20,12,24,8,4,16,15],[16,8,24,20,12,4,15],[12,24,20,8,16,4,19,15],[20,16,12,4,24,8,15],[16,8,4,24,12,20,19,15],[20,12,4,8,24,16,19,15],[8,24,12,16,4,20,19,15],[24,12,20,4,8,16,19,15],[20,12,24,4,16,8,15],[4,12,8,24,20,16,15],[24,12,20,8,16,4,19,15],[4,24,8,16,12,20,19,15],[16,24,8,4,20,12,19,15],[8,24,16,4,12,20,15],[16,20,12,8,24,4,15],[24,16,12,20,4,8,15],[8,12,16,24,4,20,15],[12,20,4,16,24,8,15],[4,16,8,24,20,12,19,15],[16,20,8,24,12,4,19,15],[24,12,20,16,8,4,15],[12,8,24,16,4,20,15],[8,12,20,24,16,4,19,15],[8,12,24,20,16,4,19,15],[8,4,16,20,24,12,19,15],[8,16,4,24,12,20,19,15],[20,4,16,24,8,12,19,15],[12,4,24,16,20,8,15],[20,8,24,12,4,16,19,15],[12,4,16,20,8,24,15],[8,20,24,12,4,16,19,15],[12,24,20,8,4,16,15],[12,8,4,16,24,20,15],[12,24,16,8,20,4,19,15],[24,4,20,12,16,8,15],[24,16,4,8,12,20,15],[20,16,8,4,12,24,19,15],[4,12,24,20,16,8,15],[8,16,24,4,20,12,19,15],[20,16,24,12,8,4,19,15],[12,8,16,20,4,24,15],[4,12,8,24,20,16,19,15],[20,4,8,24,16,12,19,15],[4,20,16,12,24,8,19,15],[20,8,16,12,24,4,15],[8,20,16,24,4,12,15],[24,4,8,16,12,20,19,15],[4,8,20,16,24,12,15],[4,8,24,12,16,20,19,15],[16,24,4,12,8,20,19,15],[8,16,12,24,4,20,19,15],[12,24,4,8,20,16,15],[20,4,24,16,8,12,19,15],[24,20,8,12,16,4,19,15],[4,20,12,8,24,16,15],[4,20,8,12,16,24,15],[12,16,8,24,20,4,15],[4,16,20,8,24,12,15],[12,4,20,8,24,16,15],[20,12,24,8,16,4,15],[4,12,24,16,8,20,19,15],[4,24,8,12,16,20,15],[16,4,12,20,8,24,15],[16,12,8,4,20,24,19,15],[20,24,4,8,12,16,19,15],[20,4,24,8,16,12,19,15],[20,24,4,8,12,16,15],[8,12,16,20,24,4,19,15],[8,16,12,20,24,4,19,15],[8,24,12,4,16,20,19,15],[4,16,24,8,20,12,15],[12,4,24,16,20,8,19,15],[8,12,24,4,16,20,15],[12,16,24,8,4,20,19,15],[12,20,24,8,16,4,15],[24,20,16,12,8,4,15],[8,4,16,12,20,24,19,15],[12,20,4,16,8,24,19,15],[24,16,20,4,12,8,19,15],[8,4,12,16,24,20,19,15],[16,4,24,8,20,12,15],[4,16,8,12,20,24,15],[20,4,16,24,12,8,19,15],[4,12,20,24,16,8,15],[12,4,20,24,8,16,15],[8,24,12,20,4,16,19,15],[4,16,24,20,8,12,19,15],[16,12,4,20,8,24,19,15],[16,24,4,20,8,12,15],[20,8,4,12,16,24,15],[8,24,12,20,4,16,15],[8,20,16,24,4,12,19,15],[20,24,4,16,8,12,15],[16,8,4,24,12,20,19,15],[4,8,24,16,12,20,15],[20,8,4,12,24,16,19,15],[16,12,24,4,8,20,15],[4,24,16,20,8,12,15],[8,20,12,24,4,16,15],[8,24,16,20,4,12,19,15],[8,4,12,24,16,20,15],[16,24,4,12,20,8,19,15],[12,20,16,8,24,4,19,15],[4,16,20,12,8,24,15],[12,4,8,16,24,20,15],[24,4,20,12,8,16,15],[4,12,24,20,8,16,15],[4,8,16,20,24,12,15],[8,12,24,16,4,20,19,15],[20,4,16,12,24,8,19,15],[4,24,12,20,16,8,15],[4,16,8,24,20,12,19,15],[24,12,8,16,20,4,19,15],[8,24,12,20,4,16,19,15],[20,4,12,8,24,16,15],[16,4,8,24,20,12,15],[12,16,24,8,20,4,15],[8,20,16,4,12,24,19,15],[20,8,12,4,16,24,19,15],[8,24,20,4,16,12,15],[24,4,20,8,12,16,15],[24,20,8,12,16,4,15],[24,20,4,12,16,8,19,15],[16,12,4,20,24,8,19,15],[16,20,4,24,8,12,19,15],[4,20,24,12,16,8,15],[12,24,8,20,16,4,15],[20,16,4,12,24,8,19,15],[12,4,16,20,24,8,19,15],[16,24,4,8,20,12,15],[24,8,12,4,16,20,19,15],[24,8,16,20,4,12,15],[8,20,24,16,12,4,19,15],[4,20,8,12,16,24,19,15],[12,16,24,20,4,8,15],[8,12,4,16,20,24,15],[16,8,24,12,20,4,15],[12,24,4,20,8,16,15],[8,24,20,4,12,16,15],[8,12,20,24,16,4,19,15],[20,24,8,12,4,16,19,15],[20,8,24,16,4,12,15],[20,16,4,24,12,8,15],[12,8,24,16,4,20,19,15],[8,20,16,24,4,12,19,15],[16,8,4,24,12,20,19,15],[20,24,16,4,8,12,15],[4,8,24,16,12,20,15],[20,24,12,8,16,4,19,15],[24,4,20,12,8,16,15],[20,8,24,4,16,12,19,15],[24,8,20,4,16,12,19,15],[20,4,8,12,24,16,19,15],[20,12,4,16,24,8,15],[24,16,12,20,4,8,15],[16,4,12,20,24,8,19,15],[20,4,16,8,12,24,19,15],[8,4,16,12,24,20,19,15],[24,12,20,16,8,4,15],[20,4,8,16,24,12,15],[12,20,24,8,16,4,19,15],[8,12,20,24,4,16,15],[16,24,20,8,4,12,19,15],[8,16,24,4,12,20,19,15],[8,4,16,24,12,20,19,15],[24,4,12,16,8,20,19,15],[16,24,4,8,20,12,15],[16,4,8,12,24,20,15],[12,24,4,16,8,20,19,15],[24,8,4,12,16,20,15],[16,8,4,20,12,24,15],[20,16,8,4,24,12,15],[24,20,12,16,4,8,19,15],[16,12,4,20,24,8,15],[8,16,20,24,4,12,19,15],[16,4,12,24,20,8,15],[24,8,20,12,16,4,15],[4,8,20,16,24,12,15],[20,24,4,8,12,16,19,15],[8,4,24,16,20,12,15],[8,16,20,4,24,12,19,15],[24,8,4,12,16,20,15],[16,20,24,8,4,12,15],[16,8,4,24,20,12,19,15],[8,20,16,4,24,12,19,15],[8,12,16,20,24,4,19,15],[20,12,16,4,8,24,15],[12,16,4,8,24,20,19,15],[16,24,4,20,12,8,15],[16,4,20,24,12,8,19,15],[16,12,4,20,24,8,19,15],[4,24,20,8,12,16,19,15],[20,12,4,16,24,8,19,15],[4,12,24,20,8,16,15],[4,24,20,16,12,8,19,15],[16,8,12,4,24,20,15],[20,8,16,12,24,4,15],[16,20,4,12,24,8,15],[8,4,16,24,12,20,19,15],[20,8,4,16,12,24,15],[12,24,8,4,20,16,15],[8,20,24,4,16,12,19,15],[4,20,24,16,8,12,15],[4,24,20,12,16,8,19,15],[8,4,20,16,24,12,15],[4,20,8,24,16,12,15],[16,4,20,8,24,12,15],[16,12,4,24,8,20,19,15],[16,24,8,4,20,12,19,15],[4,8,16,20,24,12,15],[12,16,20,8,4,24,15],[4,20,12,8,24,16,15],[24,20,12,8,16,4,19,15],[20,4,12,24,16,8,15],[16,8,4,12,20,24,15],[24,12,8,20,4,16,19,15],[16,12,24,8,4,20,15],[8,20,16,4,24,12,15],[8,20,16,12,4,24,15],[20,24,12,4,16,8,15],[12,16,20,8,24,4,19,15],[4,8,20,16,24,12,19,15],[8,16,12,24,4,20,19,15],[12,20,4,8,24,16,19,15],[8,24,20,12,4,16,19,15],[20,16,24,12,8,4,19,15],[16,4,20,8,24,12,15],[24,16,12,8,4,20,15],[16,8,24,20,4,12,19,15],[20,8,24,12,16,4,19,15],[4,20,8,16,24,12,15],[24,12,4,20,8,16,15],[20,4,16,24,12,8,15],[4,16,8,20,24,12,19,15],[8,4,16,20,12,24,19,15],[16,4,24,8,20,12,19,15],[8,12,16,24,4,20,15],[16,12,4,8,24,20,19,15],[24,4,16,20,8,12,15],[12,4,16,24,20,8,19,15],[16,20,12,24,8,4,15],[12,24,16,20,4,8,15],[20,16,12,4,24,8,15],[16,8,24,4,12,20,15],[20,12,24,4,16,8,15],[12,24,8,4,20,16,19,15],[20,4,12,24,16,8,15],[8,20,12,4,24,16,15],[12,8,4,16,24,20,19,15],[12,8,16,20,4,24,19,15],[20,16,4,8,24,12,19,15],[24,4,12,16,8,20,19,15],[4,24,8,12,20,16,19,15],[4,16,24,8,12,20,15],[8,20,12,4,16,24,19,15],[8,20,24,16,12,4,19,15],[16,8,12,24,4,20,19,15],[8,12,20,16,4,24,19,15],[12,16,20,24,4,8,15],[24,16,20,8,4,12,19,15],[12,8,16,24,20,4,15],[8,24,12,16,4,20,15],[8,20,24,12,16,4,19,15],[24,20,16,12,4,8,19,15],[8,24,20,16,4,12,19,15],[16,12,4,8,20,24,15],[12,20,16,24,4,8,15],[4,24,16,20,8,12,19,15],[4,12,24,20,8,16,15],[4,24,20,8,12,16,19,15],[4,8,20,16,12,24,15],[16,12,4,24,20,8,19,15],[8,24,12,20,16,4,15],[24,20,12,4,8,16,19,15],[20,16,4,12,8,24,15],[16,4,12,24,8,20,19,15],[12,4,20,8,16,24,15],[20,12,16,4,8,24,15],[16,8,24,12,4,20,15],[12,16,8,20,24,4,19,15],[20,16,8,4,12,24,19,15],[12,16,4,8,24,20,19,15],[12,4,8,20,24,16,19,15],[16,20,24,4,12,8,19,15],[12,4,16,20,24,8,19,15],[12,16,4,24,20,8,15],[16,24,8,12,4,20,19,15],[16,8,12,24,4,20,19,15],[4,20,16,24,8,12,15],[24,4,12,20,16,8,19,15],[4,12,24,8,16,20,19,15],[24,20,8,16,12,4,15],[20,16,12,8,4,24,15],[24,4,8,16,20,12,15],[8,20,16,24,4,12,19,15],[4,24,12,16,20,8,15],[4,8,24,16,20,12,19,15],[4,24,12,8,20,16,15],[8,12,20,4,16,24,15],[24,12,4,16,8,20,15],[12,20,4,24,16,8,15],[16,8,24,12,20,4,19,15],[20,16,24,12,4,8,15],[24,16,8,20,4,12,19,15],[20,8,16,24,4,12,15],[16,4,12,8,24,20,15],[16,8,12,20,4,24,15],[24,12,20,8,4,16,19,15],[20,8,24,16,4,12,15],[8,24,4,12,20,16,19,15],[12,24,8,4,16,20,15],[24,16,4,8,12,20,15],[12,20,4,8,16,24,15],[16,12,8,20,4,24,19,15],[16,12,24,20,8,4,15],[20,24,4,16,8,12,19,15],[12,24,20,4,8,16,15],[24,12,8,4,20,16,15],[16,20,24,4,12,8,15],[4,16,8,12,20,24,19,15],[12,16,20,24,4,8,19,15],[4,12,24,8,20,16,15],[16,4,12,24,20,8,19,15],[24,8,20,4,16,12,19,15],[20,24,4,12,8,16,15],[12,24,4,16,20,8,19,15],[4,20,16,8,12,24,19,15],[8,12,24,20,16,4,19,15],[20,8,12,24,16,4,15],[12,20,4,24,8,16,15],[8,20,12,4,16,24,19,15],[4,20,12,24,16,8,19,15],[4,24,16,12,8,20,15],[20,24,4,12,8,16,15],[20,16,8,12,4,24,19,15],[12,16,24,4,20,8,15],[24,8,12,16,20,4,19,15],[8,12,16,4,24,20,15],[4,12,16,24,20,8,19,15],[24,20,4,12,8,16,15],[24,8,12,16,20,4,15],[16,8,20,12,24,4,19,15],[4,20,24,12,8,16,19,15],[4,16,12,8,24,20,19,15],[24,20,4,8,16,12,19,15],[8,24,16,4,12,20,15],[20,16,24,8,12,4,15],[4,20,24,8,12,16,19,15],[4,8,12,24,20,16,19,15],[24,12,20,4,8,16,15],[24,12,8,20,4,16,15],[16,20,12,24,4,8,19,15],[4,16,12,24,8,20,15],[4,20,16,12,24,8,19,15],[20,24,16,12,8,4,15],[12,4,24,16,8,20,15],[12,4,8,20,24,16,15],[16,12,8,24,4,20,19,15],[24,4,20,16,12,8,19,15],[24,8,20,4,12,16,19,15],[20,8,24,16,12,4,15],[16,12,24,20,8,4,15],[4,20,24,8,16,12,19,15],[16,4,20,8,24,12,19,15],[24,20,8,16,4,12,15],[20,8,4,12,16,24,15],[24,20,16,12,4,8,15],[4,20,16,24,12,8,19,15],[20,24,16,12,8,4,15],[4,20,24,8,16,12,15],[8,24,12,16,4,20,19,15],[8,4,20,24,12,16,15],[4,12,8,16,20,24,19,15],[4,24,8,12,20,16,19,15],[24,16,8,4,20,12,15],[4,24,16,8,12,20,19,15],[20,12,4,16,8,24,15],[24,20,12,16,4,8,15],[8,12,24,4,20,16,15],[20,4,8,24,16,12,15],[12,24,8,4,16,20,15],[20,4,16,8,12,24,19,15],[16,20,12,24,4,8,15],[20,12,16,24,4,8,19,15],[20,16,24,4,8,12,15],[16,8,24,12,20,4,19,15],[20,8,16,4,24,12,19,15],[24,20,16,8,12,4,15],[12,24,4,16,8,20,19,15],[20,24,8,16,12,4,15],[12,20,24,8,4,16,15],[8,12,4,20,16,24,19,15],[24,8,12,20,4,16,19,15],[8,16,4,20,24,12,19,15],[16,4,8,24,12,20,15],[24,20,12,4,16,8,19,15],[24,4,16,12,20,8,19,15],[8,24,12,4,20,16,19,15],[20,4,24,8,12,16,19,15],[4,20,12,24,16,8,15],[20,16,8,4,12,24,19,15],[24,8,4,20,12,16,15],[16,4,8,20,12,24,15],[24,16,12,4,20,8,15],[24,12,16,4,20,8,15],[16,12,4,8,20,24,15],[4,24,16,12,8,20,19,15],[4,8,16,20,12,24,19,15],[4,24,12,20,8,16,19,15],[16,20,8,4,24,12,19,15],[20,8,24,16,12,4,19,15],[4,16,24,8,12,20,15],[24,12,20,8,4,16,15],[4,12,20,24,8,16,19,15],[4,20,8,24,16,12,15],[12,20,16,24,8,4,19,15],[16,24,20,12,8,4,15],[16,12,8,4,24,20,19,15],[12,20,4,8,16,24,19,15],[16,20,12,8,24,4,15],[12,4,24,20,16,8,15],[4,24,8,20,16,12,19,15],[4,20,24,8,16,12,15],[12,24,16,20,4,8,15],[24,20,12,8,16,4,19,15],[20,8,16,24,12,4,19,15],[20,16,4,12,8,24,15],[4,12,20,24,16,8,15],[20,12,8,4,16,24,15],[8,16,24,12,20,4,15],[12,16,8,4,24,20,15],[4,24,20,16,12,8,19,15],[12,16,24,4,20,8,15],[4,16,12,24,8,20,19,15],[4,8,12,20,24,16,19,15],[8,20,4,12,24,16,15],[8,16,20,4,24,12,19,15],[20,24,4,8,16,12,15],[20,12,8,4,16,24,15],[12,4,16,8,20,24,15],[12,16,8,4,24,20,15],[8,16,4,12,24,20,19,15],[12,4,16,8,24,20,19,15],[20,12,16,24,8,4,19,15],[24,16,4,12,20,8,15],[8,24,12,20,16,4,19,15],[8,20,12,24,4,16,15],[24,16,8,4,12,20,15],[4,12,24,16,8,20,15],[8,12,24,20,4,16,19,15],[4,20,12,8,24,16,19,15],[4,20,24,12,16,8,19,15],[24,8,16,4,20,12,15],[4,24,16,20,12,8,19,15],[24,8,4,20,12,16,15],[12,8,16,4,20,24,15],[8,24,12,16,20,4,15],[24,4,8,16,12,20,15],[12,24,20,16,4,8,15],[20,12,16,24,4,8,15],[20,12,16,24,4,8,15],[16,20,4,24,8,12,19,15],[12,24,20,4,8,16,15],[24,4,16,20,12,8,19,15],[4,8,20,24,16,12,19,15],[24,12,16,8,4,20,15],[12,24,20,8,16,4,19,15],[12,20,24,8,16,4,19,15],[24,20,4,8,16,12,15],[16,12,20,24,4,8,15],[16,8,12,20,4,24,19,15],[12,20,24,8,4,16,19,15],[12,8,4,20,16,24,15],[20,16,24,12,8,4,19,15],[8,16,24,4,20,12,19,15],[20,16,24,12,8,4,19,15],[4,12,24,8,16,20,19,15],[8,20,12,4,16,24,19,15],[24,12,16,4,8,20,15],[16,12,24,20,8,4,19,15],[12,8,20,4,24,16,15],[20,12,8,4,24,16,19,15],[20,24,16,4,12,8,15],[24,8,20,16,12,4,15],[16,24,4,8,20,12,15],[8,20,24,4,12,16,15],[24,12,20,8,16,4,15],[8,20,16,24,4,12,15],[8,16,24,20,4,12,15],[12,16,20,8,24,4,15],[4,24,16,20,12,8,19,15],[8,24,12,16,4,20,15],[4,8,16,20,24,12,19,15],[24,16,20,8,4,12,15],[12,4,8,24,16,20,19,15],[8,12,20,4,24,16,15],[20,12,16,24,4,8,15],[12,8,24,16,20,4,19,15],[12,24,8,4,20,16,15],[8,4,16,20,24,12,19,15],[20,8,4,24,16,12,19,15],[8,20,4,24,16,12,15],[8,12,24,20,4,16,15],[8,12,24,20,16,4,19,15],[20,8,4,24,12,16,15],[8,12,4,20,24,16,19,15],[20,8,16,4,24,12,19,15],[20,8,12,4,24,16,19,15],[24,20,4,12,8,16,19,15],[12,8,20,24,16,4,19,15],[4,24,16,12,20,8,15],[16,4,24,20,12,8,19,15],[8,4,16,24,20,12,19,15],[8,16,12,20,24,4,15],[24,16,20,12,8,4,15],[24,8,20,12,4,16,19,15],[8,16,20,12,24,4,19,15],[20,24,8,12,4,16,19,15],[4,12,20,16,8,24,19,15],[4,24,8,16,12,20,19,15],[8,16,24,12,4,20,19,15],[4,20,24,16,12,8,15],[4,8,20,16,24,12,15],[16,8,4,12,20,24,15],[16,24,12,8,20,4,15],[4,20,12,8,16,24,19,15],[24,8,12,20,4,16,15],[24,16,12,4,8,20,15],[8,12,16,20,4,24,19,15],[24,16,20,4,12,8,15],[8,12,24,20,4,16,15],[24,16,8,12,20,4,15],[12,24,16,20,8,4,15],[20,8,4,12,16,24,19,15],[12,24,20,8,4,16,19,15],[12,20,4,8,24,16,19,15],[20,24,8,16,12,4,19,15],[24,12,8,4,20,16,15],[8,20,24,4,16,12,19,15],[8,16,20,12,4,24,15],[8,24,20,12,16,4,15],[20,8,4,12,16,24,15],[20,16,24,8,12,4,19,15],[24,12,8,16,4,20,19,15],[24,20,8,12,16,4,19,15],[8,20,24,16,12,4,19,15],[16,4,24,8,20,12,15],[20,24,4,8,16,12,19,15],[4,8,12,20,24,16,15],[24,8,20,16,4,12,15],[16,8,4,24,20,12,19,15],[12,20,24,4,8,16,19,15],[24,12,16,4,8,20,19,15],[4,12,16,20,24,8,19,15],[24,20,12,8,16,4,19,15],[16,8,24,12,20,4,19,15],[16,12,20,4,8,24,19,15],[4,12,8,20,16,24,15],[16,8,20,24,12,4,15],[24,20,8,16,4,12,15],[4,24,12,20,16,8,15],[12,24,8,20,16,4,19,15],[20,12,16,8,24,4,19,15],[24,20,16,12,4,8,15],[16,12,4,8,24,20,19,15],[24,12,16,8,20,4,19,15],[8,20,12,4,16,24,19,15],[12,24,20,16,8,4,19,15],[4,16,20,24,12,8,19,15],[12,4,16,8,24,20,15],[8,24,16,20,12,4,19,15],[16,8,4,20,12,24,15],[20,24,16,8,12,4,19,15],[12,20,16,8,24,4,15],[16,12,8,24,4,20,19,15],[12,20,24,4,8,16,15],[24,4,8,20,16,12,19,15],[16,4,20,24,12,8,15],[16,8,12,4,24,20,19,15],[12,4,20,16,8,24,15],[20,24,4,8,16,12,15],[20,4,8,12,16,24,19,15],[8,12,24,4,20,16,15],[4,12,8,20,24,16,19,15],[16,24,12,4,8,20,15],[24,20,4,8,12,16,19,15],[12,8,20,24,4,16,15],[4,12,20,16,8,24,15],[4,16,20,12,8,24,19,15],[4,24,12,20,8,16,15],[12,24,8,20,16,4,15],[16,8,20,4,24,12,19,15],[20,16,24,12,4,8,19,15],[20,16,12,4,24,8,19,15],[4,12,20,16,8,24,15],[16,20,8,12,4,24,19,15],[12,8,4,20,24,16,15],[8,4,16,24,12,20,19,15],[12,4,24,16,8,20,19,15],[20,16,12,4,24,8,19,15],[4,16,12,24,20,8,19,15],[4,16,24,12,20,8,19,15],[16,8,12,4,24,20,19,15],[16,24,12,4,20,8,19,15],[16,12,8,24,4,20,15],[4,16,8,20,12,24,15],[20,4,16,8,24,12,19,15],[12,20,4,16,8,24,15],[8,16,4,20,24,12,19,15],[4,16,8,20,24,12,19,15],[12,4,20,16,8,24,15],[20,12,24,4,8,16,15],[8,4,24,12,20,16,15],[12,20,8,4,16,24,15],[16,20,12,24,4,8,15],[24,8,20,16,4,12,19,15],[16,4,12,24,8,20,19,15],[8,12,16,20,4,24,15],[4,24,12,16,8,20,15],[4,12,8,16,20,24,15],[24,16,12,20,8,4,15],[8,24,4,12,20,16,19,15],[8,4,12,24,16,20,15],[24,8,16,4,12,20,15],[12,16,20,4,8,24,19,15],[24,12,4,16,20,8,19,15],[12,4,20,8,24,16,19,15],[16,8,12,4,20,24,19,15],[12,20,4,16,8,24,15],[12,20,16,4,24,8,15],[20,12,4,24,16,8,19,15],[8,4,24,16,20,12,15],[4,16,24,8,20,12,15],[16,20,4,24,8,12,19,15],[24,20,16,12,8,4,15],[16,12,20,8,4,24,19,15],[4,24,8,20,16,12,15],[16,24,8,12,4,20,19,15],[8,12,24,20,4,16,19,15],[16,20,4,8,24,12,15],[16,8,4,20,12,24,19,15],[16,8,20,12,24,4,19,15],[20,24,4,16,8,12,15],[16,20,24,4,12,8,15],[4,24,20,12,8,16,19,15],[20,24,16,8,4,12,19,15],[16,24,12,8,4,20,15],[4,16,20,8,12,24,19,15],[12,8,24,16,20,4,19,15],[8,16,20,24,4,12,19,15],[8,24,20,12,4,16,19,15],[4,8,12,24,20,16,15],[4,20,12,24,16,8,19,15],[12,16,20,24,8,4,19,15],[16,8,24,4,12,20,19,15],[8,4,12,16,20,24,19,15],[4,16,24,20,8,12,15],[4,8,16,12,20,24,19,15],[24,12,20,16,4,8,15],[20,4,8,12,16,24,15],[4,8,16,12,20,24,19,15],[12,8,20,16,24,4,19,15],[4,16,20,12,24,8,19,15],[24,4,20,12,8,16,15],[8,20,24,16,12,4,15],[4,20,12,8,24,16,19,15],[12,16,20,4,8,24,19,15],[4,24,8,12,16,20,19,15],[20,16,12,8,4,24,15],[8,20,12,16,24,4,15],[16,12,24,4,20,8,19,15],[16,8,24,4,20,12,15],[20,24,8,16,12,4,15],[8,24,16,4,12,20,19,15],[24,4,8,16,12,20,15],[16,12,24,20,4,8,19,15],[12,20,8,24,4,16,19,15],[24,16,12,8,4,20,15],[8,20,12,24,16,4,15],[4,8,24,20,12,16,15],[8,20,16,4,12,24,15],[24,20,16,12,4,8,15],[4,20,16,12,24,8,19,15],[24,12,20,16,4,8,15],[8,16,20,4,12,24,15],[16,24,12,20,4,8,19,15],[16,20,8,12,24,4,19,15],[8,16,12,24,20,4,19,15],[24,20,12,8,16,4,15],[24,16,20,12,4,8,15],[20,24,8,16,12,4,19,15],[20,4,8,24,16,12,15],[8,24,4,16,20,12,15],[4,20,12,24,8,16,19,15],[24,4,16,20,12,8,15],[24,4,16,8,12,20,15],[12,4,16,8,24,20,19,15],[24,20,4,16,8,12,19,15],[24,16,4,12,8,20,19,15],[8,16,12,24,20,4,19,15],[16,12,24,4,8,20,15],[8,12,24,4,16,20,15],[16,20,12,4,8,24,19,15],[20,4,8,16,12,24,15],[8,12,20,4,16,24,15],[12,24,8,4,20,16,15],[8,16,12,4,24,20,15],[8,12,4,16,20,24,19,15],[20,4,12,24,16,8,15],[4,24,8,16,12,20,15],[8,24,4,20,16,12,19,15],[8,12,24,4,16,20,19,15],[8,16,20,12,4,24,19,15],[12,8,16,24,20,4,19,15],[20,8,4,24,12,16,15],[4,16,20,8,12,24,15],[12,16,4,24,8,20,15],[20,24,8,4,16,12,15],[12,24,16,20,4,8,19,15],[4,16,12,8,20,24,15],[12,20,4,8,16,24,15],[16,4,8,12,24,20,19,15],[20,12,8,24,16,4,19,15],[24,16,4,8,20,12,15],[16,24,8,4,20,12,19,15],[8,12,16,4,20,24,19,15],[24,12,20,16,4,8,15],[16,8,24,4,12,20,19,15],[8,4,24,12,16,20,15],[20,24,16,8,12,4,19,15],[8,12,24,16,20,4,19,15],[8,20,24,16,4,12,19,15],[20,8,24,16,4,12,19,15],[4,8,24,16,20,12,19,15],[12,8,20,4,24,16,19,15],[20,16,12,8,4,24,15],[24,20,4,16,12,8,19,15],[24,16,12,20,4,8,15],[8,20,16,24,4,12,19,15],[12,24,4,8,16,20,19,15],[20,16,24,12,8,4,15],[12,4,20,8,24,16,15],[4,16,12,20,24,8,19,15],[16,20,12,4,8,24,19,15],[20,8,4,16,12,24,15],[8,4,20,12,24,16,19,15],[4,12,24,16,20,8,15],[20,16,4,24,12,8,19,15],[4,20,8,12,16,24,15],[24,20,16,12,8,4,15],[20,16,12,24,8,4,15],[16,4,12,20,24,8,15],[16,20,12,8,4,24,19,15],[12,4,20,16,8,24,19,15],[16,8,12,24,20,4,15],[20,4,8,16,24,12,19,15],[4,20,16,12,8,24,19,15],[4,16,12,24,20,8,19,15],[16,12,24,4,20,8,19,15],[20,4,8,12,24,16,15],[4,24,12,16,20,8,19,15],[24,8,4,12,16,20,19,15],[20,16,24,4,8,12,19,15],[8,20,24,4,16,12,19,15],[20,8,16,4,24,12,19,15],[20,12,8,4,24,16,15],[24,8,12,20,4,16,15],[12,4,20,16,24,8,15],[4,8,24,20,12,16,19,15],[12,20,24,16,8,4,15],[20,8,12,24,16,4,15],[8,20,12,4,16,24,15],[8,4,16,20,12,24,15],[8,4,12,16,20,24,19,15],[24,4,8,20,16,12,15],[16,20,24,8,12,4,15],[8,20,12,4,24,16,15],[16,8,20,4,24,12,19,15],[24,8,20,16,4,12,19,15],[8,4,24,20,16,12,19,15],[24,8,16,12,20,4,19,15],[8,20,24,16,4,12,19,15],[12,24,16,4,20,8,19,15],[8,4,12,20,24,16,19,15],[8,24,4,20,16,12,19,15],[24,16,8,4,20,12,19,15],[20,8,12,4,24,16,19,15],[24,4,12,8,16,20,15],[16,4,8,20,12,24,15],[16,4,12,24,20,8,19,15],[24,20,4,8,16,12,15],[4,20,8,24,16,12,15],[16,8,4,12,20,24,19,15],[16,4,8,20,12,24,19,15],[20,16,4,24,12,8,19,15],[8,20,16,24,4,12,15],[4,16,12,20,24,8,15],[12,20,4,16,24,8,19,15],[16,20,8,12,4,24,15],[8,24,16,20,4,12,15],[4,24,12,8,16,20,15],[12,16,8,24,4,20,19,15],[20,4,24,8,16,12,19,15],[16,8,20,12,24,4,15],[24,16,4,12,8,20,15],[12,4,20,16,8,24,15],[4,20,24,16,12,8,15],[8,16,4,12,20,24,15],[12,16,20,4,8,24,19,15],[20,12,4,8,16,24,15],[16,24,20,8,4,12,15],[8,4,20,12,16,24,15],[8,16,4,20,24,12,15],[4,16,8,12,20,24,19,15],[20,16,4,8,12,24,19,15],[8,24,12,20,4,16,19,15],[20,4,12,8,24,16,19,15],[4,16,24,20,8,12,19,15],[16,20,4,12,24,8,19,15],[8,16,20,12,4,24,19,15],[4,16,8,12,24,20,19,15],[8,20,12,24,4,16,15],[4,20,12,8,24,16,19,15],[24,12,20,8,16,4,15],[20,8,16,12,24,4,19,15],[16,12,24,20,4,8,19,15],[4,12,24,8,16,20,19,15],[4,12,24,20,16,8,19,15],[16,24,8,4,12,20,15],[8,12,4,16,24,20,15],[20,16,4,12,8,24,19,15],[12,16,8,24,4,20,15],[12,4,16,24,8,20,15],[4,20,16,12,24,8,15],[4,12,8,24,20,16,15],[12,4,20,8,24,16,19,15],[16,20,8,12,24,4,15],[16,12,24,4,8,20,15],[12,24,8,4,16,20,15],[4,24,12,20,8,16,19,15],[16,20,12,4,24,8,19,15],[12,24,20,4,8,16,19,15],[8,20,12,4,16,24,19,15],[12,16,24,4,20,8,19,15],[16,4,8,24,12,20,19,15],[12,4,20,24,8,16,15],[16,8,24,12,4,20,15],[4,16,20,12,24,8,15],[16,4,12,24,8,20,19,15],[16,4,8,12,20,24,15],[24,16,4,8,12,20,15],[8,20,24,4,12,16,19,15],[24,16,20,8,4,12,19,15],[24,20,16,8,4,12,15],[20,8,12,16,24,4,19,15],[12,4,16,8,24,20,15],[20,16,24,4,8,12,15],[24,12,4,8,16,20,15],[8,20,12,16,4,24,15],[20,12,24,16,4,8,15],[24,12,16,8,4,20,19,15],[16,4,8,12,24,20,19,15],[4,20,16,24,12,8,15],[4,16,8,12,24,20,19,15],[16,20,24,8,12,4,19,15],[16,12,20,4,8,24,15],[16,20,8,4,12,24,15],[8,12,16,20,4,24,19,15],[12,24,8,4,16,20,19,15],[12,8,16,4,20,24,15],[8,20,4,16,12,24,15],[24,20,8,16,12,4,19,15],[24,8,16,4,20,12,19,15],[12,16,8,20,4,24,15],[12,16,8,4,20,24,19,15],[12,24,20,16,8,4,15],[12,24,4,8,20,16,15],[16,12,20,8,4,24,15],[8,20,16,24,12,4,19,15],[24,20,4,12,8,16,15],[12,24,20,8,16,4,19,15],[24,20,12,8,4,16,19,15],[16,12,8,20,4,24,19,15],[20,12,24,4,16,8,19,15],[16,20,12,8,4,24,19,15],[16,8,20,4,12,24,19,15],[12,24,8,4,16,20,19,15],[20,24,8,12,4,16,19,15],[12,24,20,4,16,8,19,15],[8,24,20,4,16,12,19,15],[4,12,16,24,20,8,19,15],[8,4,20,12,16,24,15],[24,8,16,4,20,12,15],[20,24,12,8,16,4,15],[4,24,12,16,20,8,19,15],[4,8,12,20,24,16,15]],"n_human":10}