{"problem_id":"Cwk6qbJG0sScovU","sigma":150,"alpha":10.000,"cost":2,"probabilities":"[0.27, 0.24, 0.17, 0.32]","payoff_matrix":"[[-228, -97, 88, 97, -80, 170], [46, 94, -122, -196, -100, -14], [-63, -209, 16, 199, 151, 88], [-478, 62, -100, -290, -24, 170]]","uncovered":[[24,4,20,16,12,8,5,21],[12,20,8,24,5,4,16,21],[8,24,5,4,16,20,12,21],[24,12,16,8,21,20],[24,16,12,20,4,8,21],[24,20,8,5,12,16,4,21],[4,20,8,16,12,24,21],[16,8,12,20,24,5,4,21],[12,24,4,8,5,20,16,21],[20,4,8,16,24,5,12,21],[12,20,8,4,24,21],[24,16,20,4,8,5,12,21],[24,20,4,16,12,8,5,21],[24,8,21,12,16,20],[24,8,21,16,4,12],[12,8,16,4,24,5,20,17,21],[24,4,16,20,12,8,5,17,21],[8,20,4,16,12,24,21],[20,24,8,21,16,4],[20,12,16,4,24,8,21],[24,12,20,8,5,4,16,21],[4,24,12,20,8,5,16,21],[4,20,8,24,21,12],[12,8,24,5,16,4,20,21],[4,16,24,12,20,8,5,21],[24,16,20,4,8,5,12,21],[20,4,8,24,5,16,12,21],[12,8,4,20,24,21],[20,4,8,24,21,16],[12,8,16,24,5,20,4,21],[24,4,8,5,16,12,20,21],[8,24,5,4,20,16,12,21],[8,20,12,24,21,16],[12,24,8,5,20,4,16,21],[8,24,5,12,16,4,20,21],[24,20,16,8,21,12],[8,24,21,4,12,20],[12,20,16,4,8,24,21],[20,24,4,16,8,21],[20,16,4,8,12,24,21],[12,4,24,8,5,16,20,17,21],[12,20,8,24,21,4],[4,20,24,16,12,8,5,21],[8,4,12,24,5,20,16,21],[8,12,24,21,16,20],[16,20,24,4,12,8,5,21],[20,16,4,12,24,8,5,17,21],[4,24,16,20,8,21],[4,16,12,24,8,5,20,21],[4,8,16,12,24,21],[4,20,24,8,21,12],[16,4,8,24,21,20],[12,20,16,4,24,8,21],[24,12,20,4,16,8,21],[4,12,20,16,8,24,21],[16,20,12,8,4,24,21],[16,20,4,12,24,8,5,21],[8,4,16,20,12,24,5,21],[4,24,20,16,12,8,21],[4,8,20,16,24,5,12,21],[16,8,24,5,4,20,12,21],[16,4,12,8,20,24,21],[12,24,16,4,20,8,21],[12,8,24,21,16,4],[16,20,8,4,12,24,5,21],[20,24,8,5,4,12,16,21],[4,8,24,5,12,20,16,21],[24,8,21,20,16,5],[4,12,16,24,8,21],[12,24,20,4,16,8,5,21],[12,8,16,4,20,24,5,21],[4,16,8,12,20,24,5,21],[16,12,4,8,24,21],[24,12,16,8,21,20],[16,8,24,5,12,4,20,21],[20,12,4,24,16,8,5,21],[16,4,8,12,20,24,21],[12,24,16,20,4,8,21],[12,16,8,24,5,20,4,21],[8,24,5,12,20,4,16,21],[24,8,21,12,4,16],[20,24,12,8,5,16,4,21],[16,8,20,12,4,24,21],[24,4,12,16,8,5,20,17,21],[8,24,21,16,12,20],[24,16,12,4,20,8,5,21],[4,12,8,16,20,24,21],[16,20,24,4,12,8,21],[8,24,21,16,4,20],[12,8,24,21,20,16],[8,20,12,4,16,24,21],[24,8,21,20,16,4],[20,12,8,24,5,4,16,21],[4,16,12,24,20,8,21],[24,4,16,20,8,21],[8,16,12,4,24,5,20,21],[4,12,20,8,24,21],[24,20,12,4,8,21],[16,8,12,20,24,5,4,17,21],[4,24,8,5,12,16,20,21],[16,24,12,4,8,5,20,21],[24,12,8,5,4,20,16,21],[16,20,24,12,4,8,5,21],[16,20,4,12,24,8,5,21],[4,8,20,16,24,5,12,21],[20,12,4,24,8,21],[12,16,8,20,4,24,5,21],[4,16,24,12,8,5,20,21],[4,16,12,24,8,5,20,21],[16,20,4,24,12,8,5,21],[12,16,4,20,24,8,21],[16,12,24,20,4,8,21],[8,4,20,24,5,12,16,17,21],[4,24,8,5,12,16,20,17,21],[8,20,4,16,24,5,12,21],[4,12,8,20,16,24,21],[24,4,12,20,16,8,21],[24,12,8,5,4,16,20,17,21],[12,16,20,4,24,8,21],[16,8,12,24,5,20,4,21],[24,12,4,20,8,5,16,21],[24,12,20,16,4,8,5,21],[24,16,12,8,5,4,20,21],[24,4,20,8,5,16,12,17,21],[12,24,16,4,8,21],[20,16,4,8,12,24,21],[20,8,12,16,4,24,5,21],[12,24,20,8,5,16,4,17,21],[16,12,24,8,21,4],[16,4,24,20,8,5,12,17,21],[24,20,8,5,16,4,12,21],[20,16,24,8,5,12,4,21],[16,4,12,24,20,8,21],[24,8,21,20,4,12],[12,8,24,5,16,20,4,21],[16,20,8,4,12,24,21],[16,20,4,24,8,21],[20,12,8,16,24,5,4,21],[24,20,16,4,8,5,12,17,21],[24,4,16,12,20,8,21],[8,12,24,5,4,16,20,21],[24,12,16,4,8,21],[4,8,24,21,5,20],[16,12,8,20,24,21],[12,8,4,20,24,5,16,21],[20,8,16,24,5,4,12,21],[8,12,20,24,21,16],[4,8,16,12,20,24,5,17,21],[4,12,24,20,8,5,16,21],[24,12,16,20,4,8,21],[20,4,24,16,12,8,5,21],[12,24,16,8,21,4],[4,16,24,8,5,12,20,21],[8,4,12,20,24,5,16,21],[20,4,16,12,24,8,5,21],[12,20,16,8,24,21],[8,4,12,16,24,21],[12,24,8,21,16,20],[8,16,20,12,24,21],[4,16,12,8,20,24,21],[12,4,16,20,8,24,21],[4,12,20,8,16,24,5,21],[24,4,8,5,20,12,16,21],[8,20,4,16,12,24,5,21],[20,8,12,4,16,24,21],[12,16,24,20,8,21],[16,4,12,24,8,5,20,21],[16,24,4,12,8,21],[8,4,16,12,20,24,5,21],[16,8,20,24,5,12,4,21],[4,16,20,8,24,21],[20,16,12,4,8,24,5,21],[4,12,24,20,16,8,5,21],[20,16,24,8,21,4],[24,20,16,8,5,4,12,21],[8,16,20,24,5,12,4,21],[20,4,16,24,12,8,21],[4,24,20,16,12,8,21],[8,4,16,24,21,12],[24,4,12,20,8,5,16,21],[8,12,20,24,21,16],[12,4,16,20,8,24,5,21],[12,8,20,24,5,4,16,21],[4,24,20,16,12,8,5,21],[12,20,16,4,24,8,21],[4,12,24,16,8,21],[12,16,20,4,8,24,5,17,21],[16,12,24,4,20,8,21],[24,12,20,8,5,16,4,17,21],[4,20,8,16,24,21],[8,16,20,4,12,24,21],[12,20,16,8,24,5,4,21],[24,12,20,16,4,8,21],[24,20,8,21,16,4],[8,4,12,24,5,16,20,21],[12,8,4,20,24,5,16,21],[8,16,12,20,4,24,21],[4,12,16,24,20,8,21],[12,16,8,24,5,4,20,21],[4,12,8,16,20,24,21],[12,20,8,16,4,24,21],[8,4,24,5,20,16,12,21],[16,12,24,8,21,20],[20,4,8,24,21,12],[20,8,12,4,16,24,21],[4,20,24,12,16,8,21],[20,4,24,16,8,5,12,21],[4,24,8,5,20,12,16,17,21],[24,4,16,8,21,12],[16,24,8,5,12,4,20,21],[4,8,12,24,21,16],[24,16,20,4,12,8,21],[24,8,5,16,12,20,4,21],[4,8,12,20,24,21],[12,16,8,20,4,24,5,21],[8,16,4,12,20,24,5,21],[4,8,12,20,16,24,21],[4,20,8,12,16,24,5,21],[24,4,16,8,21,12],[24,16,8,5,12,4,20,21],[4,20,12,8,24,21],[24,4,16,8,21,20],[24,4,16,8,21,20],[20,12,8,16,24,21],[12,16,8,4,24,21],[8,20,24,5,12,16,4,21],[16,4,12,24,8,5,20,21],[16,24,8,5,20,12,4,21],[20,16,8,24,21,4],[24,12,20,16,4,8,21],[12,16,4,20,8,24,5,21],[24,16,8,5,12,20,4,21],[16,24,4,20,12,8,21],[20,12,4,16,8,24,5,21],[12,24,8,5,20,16,4,21],[20,8,4,24,5,16,12,21],[20,8,12,24,5,16,4,17,21],[16,24,12,20,4,8,5,21],[8,16,4,12,24,5,20,21],[16,12,20,4,8,24,5,17,21],[12,20,8,16,4,24,21],[24,8,21,20,12,16],[12,4,24,20,16,8,21],[8,24,21,20,4,11,16],[20,24,4,16,12,8,21],[8,20,4,24,5,12,16,21],[8,24,21,20,9,12,16],[24,12,4,8,21,20],[8,20,16,4,12,24,5,21],[12,4,24,20,8,5,16,21],[24,16,12,20,8,5,4,21],[4,24,12,20,16,8,5,21],[20,4,16,8,24,21],[12,16,20,8,4,24,5,17,21],[24,12,4,20,16,8,5,21],[24,20,16,4,12,8,5,21],[20,4,12,16,8,24,5,21],[20,12,8,16,24,21],[16,4,24,20,8,21],[12,16,4,8,24,5,20,21],[4,24,8,5,16,20,12,21],[16,12,8,20,24,21],[16,20,12,8,24,21],[24,12,20,4,16,8,5,21],[24,20,12,4,8,21],[12,24,4,8,5,20,16,17,21],[24,8,5,12,4,16,20,21],[4,24,20,16,12,8,5,21],[12,4,20,24,8,21],[16,12,20,24,4,8,5,21],[4,24,16,20,12,8,5,21],[4,24,20,8,5,12,16,21],[12,20,16,4,8,24,21],[16,20,8,24,21,4],[24,8,5,4,12,16,20,21],[8,12,20,4,16,24,5,21],[24,20,12,8,5,16,4,17,21],[12,20,8,24,5,16,4,21],[8,16,12,4,24,21],[12,24,16,8,5,20,4,21],[16,20,12,8,4,24,5,21],[16,12,8,24,5,4,20,21],[4,20,12,8,24,21],[20,12,4,8,24,5,16,21],[8,24,5,20,16,12,4,21],[12,16,24,8,5,20,4,21],[12,8,20,4,16,24,21],[16,12,20,4,24,8,5,17,21],[4,24,8,21,12,16],[24,8,21,4,5,20],[8,24,5,4,16,12,20,17,21],[8,24,21,4,16,20],[24,16,12,4,20,8,5,21],[8,16,12,24,5,20,4,21],[20,24,8,5,16,12,4,17,21],[12,4,8,24,21,16],[16,8,12,24,21,17],[24,8,5,12,16,4,20,21],[24,20,8,21,4,12],[16,24,12,20,4,8,21],[4,16,20,8,24,5,12,21],[20,4,12,8,16,24,5,21],[20,24,16,4,8,21],[16,4,24,20,8,5,12,21],[20,4,12,16,8,24,21],[24,20,8,21,4,12],[24,12,8,5,16,20,4,21],[12,8,20,16,4,24,21],[8,20,12,16,24,5,4,21],[12,4,8,24,5,16,20,21],[4,20,24,16,12,8,5,21],[4,24,12,8,21,16],[8,20,12,4,24,5,16,21],[20,16,24,12,8,5,4,21],[16,8,24,5,12,4,20,21],[4,16,8,20,24,5,12,21],[24,20,8,5,4,12,16,21],[20,12,16,8,4,24,21],[4,12,20,8,24,5,16,21],[20,12,16,24,4,8,21],[12,24,20,8,21,7],[20,16,24,4,8,21],[8,4,12,16,24,5,20,21],[16,24,4,12,8,21],[4,16,12,24,20,8,21],[8,4,24,21,12,16],[24,20,12,8,21,16],[12,4,20,24,8,5,16,17,21],[16,12,8,24,5,4,20,17,21],[16,4,12,8,24,21],[4,12,16,8,20,24,21],[4,20,8,12,24,5,16,21],[20,4,8,24,21,12],[8,4,20,24,5,16,12,21],[16,4,8,24,21,20],[20,16,4,12,8,24,5,21],[8,20,24,21,5,16],[16,20,8,4,12,24,21],[8,20,16,12,24,5,4,21],[8,12,24,5,4,20,16,21],[24,4,20,8,21,10],[4,16,12,8,20,24,5,21],[16,20,8,4,24,21],[12,24,16,20,8,5,4,21],[12,24,8,21,16,4],[24,12,4,8,5,20,16,21],[12,8,20,4,16,24,5,21],[16,8,24,21,20,9,12],[24,12,4,16,20,8,21],[16,8,20,4,24,5,12,21],[16,24,12,20,8,21],[24,4,20,8,21,12],[20,12,8,24,21,1],[8,16,24,5,20,12,4,17,21],[24,12,16,8,21,4],[4,24,16,8,21,6,5],[8,16,24,5,4,12,20,21],[4,20,8,16,24,21],[24,8,5,12,16,4,20,21],[4,20,8,12,16,24,5,17,21],[24,12,8,5,16,4,20,21],[12,24,20,8,21,4],[12,16,8,20,4,24,21],[4,12,8,16,24,5,20,21],[12,24,20,4,16,8,5,21],[16,4,8,24,21,20],[12,16,20,24,4,8,21],[16,8,20,24,5,4,12,21],[24,20,12,8,5,4,16,21],[20,8,12,4,16,24,21],[16,4,8,12,20,24,5,21],[12,4,8,24,21,20],[16,20,4,12,8,24,5,21],[8,24,21,16,12,20],[8,16,20,4,24,5,12,21],[16,12,8,20,4,24,5,21],[4,24,12,16,20,8,21],[20,16,4,8,12,24,21],[8,12,4,24,5,16,20,21],[24,12,16,4,20,8,21],[16,4,8,24,5,20,12,21],[12,8,24,21,20,4],[8,24,5,20,4,12,16,21],[4,12,16,20,24,8,21],[20,4,12,16,8,24,5,21],[4,8,12,16,20,24,5,21],[4,24,16,20,12,8,5,21],[8,12,24,21,1,5],[24,4,20,8,5,16,12,21],[4,16,24,20,8,21],[12,16,24,20,8,5,4,21],[16,4,24,20,8,21],[16,8,12,24,21,4],[24,20,16,8,21,5],[4,20,12,24,16,8,5,21],[20,12,8,4,16,24,5,21],[4,20,16,12,8,24,5,21],[12,24,16,4,8,21],[8,24,5,20,12,16,4,21],[12,24,20,4,16,8,5,17,21],[20,8,16,4,12,24,5,21],[8,4,12,24,21,16],[8,20,4,24,5,12,16,21],[12,4,24,16,8,5,20,21],[16,24,20,12,4,8,5,21],[4,12,24,20,8,5,16,21],[16,8,20,12,24,5,4,17,21],[8,20,12,4,24,5,16,17,21],[20,4,8,12,24,21],[12,16,4,20,24,8,21],[24,4,8,21,16,20],[20,16,4,8,12,24,21],[4,20,24,16,12,8,21],[8,12,20,16,4,24,5,21],[8,16,20,4,24,21],[12,4,24,8,21,20],[12,4,16,24,8,5,20,21],[24,4,8,5,12,16,20,21],[4,24,12,16,20,8,5,21],[4,20,8,12,16,24,21],[8,20,12,16,24,5,4,21],[16,4,12,20,24,8,5,21],[24,12,20,4,16,8,5,21],[16,8,4,12,24,21],[4,20,24,8,5,16,12,17,21],[4,16,12,24,8,21],[16,12,4,24,8,21],[24,4,8,5,16,12,20,21],[24,16,4,20,8,5,12,17,21],[20,8,12,24,21,4],[24,20,8,5,16,4,12,21],[24,12,8,5,16,4,20,21],[4,20,16,8,12,24,21],[8,24,5,4,20,16,12,17,21],[20,8,24,5,12,4,16,17,21],[8,16,12,20,4,24,5,21],[24,16,20,12,8,21],[16,20,24,4,8,5,12,21],[16,24,12,8,21,20],[12,8,4,24,5,20,16,21],[12,20,16,8,4,24,21],[20,24,8,21,4,12],[20,4,16,8,24,21],[8,12,16,24,21,4],[20,8,24,5,4,16,12,17,21],[24,20,4,8,21,6,5],[8,12,24,5,16,4,20,21],[12,20,16,24,8,5,4,21],[8,24,5,4,16,12,20,21],[8,24,21,16,12,19,20],[20,8,4,24,21,12],[8,20,4,12,24,5,16,21],[8,16,20,12,24,21],[24,20,12,16,4,8,21],[4,20,16,12,24,8,5,21],[20,4,16,24,12,8,21],[12,8,4,20,24,5,16,21],[24,12,16,4,8,21],[4,12,24,16,8,21],[12,24,20,4,8,21],[4,20,12,16,8,24,21],[8,20,12,24,21,4],[16,8,4,20,12,24,5,21],[12,8,4,16,24,21],[16,4,24,12,8,21],[20,24,16,4,12,8,21],[4,12,8,20,24,21],[8,20,12,16,24,21],[16,24,4,12,20,8,5,21],[20,16,4,8,12,24,21],[20,8,24,21,4,12],[8,16,4,24,21,20],[8,12,20,4,16,24,5,21],[4,8,20,16,24,21],[24,16,12,8,21,20],[16,20,8,4,24,5,12,22,17],[24,16,8,21,12,4],[16,20,4,24,8,5,12,21],[12,20,8,4,24,5,16,21],[24,16,8,21,12,20],[4,20,8,12,16,24,5,17,21],[16,12,24,4,20,8,5,21],[8,20,4,24,5,16,12,21],[16,8,4,20,24,5,12,21],[16,20,24,8,21,11,4],[16,12,20,24,8,21],[12,20,16,8,24,21],[12,16,20,24,8,21],[4,24,12,16,20,8,21],[16,8,12,4,20,24,5,21],[20,24,16,8,21,4],[16,12,24,4,8,21],[12,20,4,8,16,24,5,21],[12,8,16,4,20,24,21],[8,16,20,12,4,24,21],[8,20,12,4,16,24,5,21],[24,8,5,20,12,16,4,21],[8,20,4,16,12,24,21],[4,20,12,24,8,5,16,21],[8,12,16,20,24,5,4,21],[16,20,12,8,24,5,4,21],[16,4,20,8,24,21],[20,8,16,24,21,12],[4,12,8,24,5,16,20,21],[24,12,20,16,8,5,4,21],[12,8,16,20,24,21],[20,16,12,4,24,8,21],[12,24,20,8,5,4,16,21],[8,16,24,5,20,12,4,21],[24,4,12,8,5,20,16,21],[12,8,16,24,21,20],[8,16,4,12,20,24,5,21],[12,8,20,4,24,21],[24,4,12,20,16,8,21],[12,4,24,8,21,16],[8,4,20,16,24,21],[20,16,12,8,4,24,5,21],[8,4,12,16,20,24,5,21],[8,24,5,20,4,12,16,21],[12,20,4,24,16,8,5,21],[4,24,16,12,8,21],[12,20,16,24,8,5,4,21],[20,4,12,8,24,5,16,21],[16,8,24,5,20,4,12,17,21],[8,24,5,20,12,16,4,17,21],[24,4,8,5,20,12,16,21],[12,8,4,16,24,5,20,21],[4,8,12,20,16,24,5,21],[4,12,20,24,8,5,16,21],[4,8,20,16,24,5,12,21],[20,16,24,4,8,21],[20,12,16,8,4,24,5,21],[20,8,4,24,5,12,16,17,21],[8,16,24,21,9,12,17],[12,20,24,16,8,21],[24,4,16,8,5,20,12,21],[12,24,20,8,21,4],[16,20,8,24,5,4,12,21],[16,4,20,8,24,21],[20,16,4,12,8,24,21],[24,8,21,18,16,12],[8,24,21,20,4,12],[4,16,20,8,12,24,21],[24,20,16,4,8,21],[20,12,16,24,4,8,5,21],[8,4,16,24,21,12],[20,16,24,12,8,21],[16,20,8,4,24,5,12,21],[4,12,16,8,24,5,20,17,21],[20,8,4,12,24,5,16,17,21],[4,8,20,12,16,24,21],[8,20,4,16,12,24,5,21],[20,8,12,16,24,21],[8,24,21,12,20,4],[12,24,20,16,8,21],[24,16,12,4,20,8,21],[4,12,16,24,20,8,21],[12,8,24,21,16,4],[8,24,5,4,12,16,20,21],[20,4,24,8,21,16],[24,16,4,20,12,8,5,21],[4,8,20,16,24,5,12,17,21],[8,12,4,24,5,16,20,21],[20,16,12,4,8,24,5,21],[12,4,24,16,8,21],[24,12,4,16,8,21],[12,24,20,8,5,4,16,17,21],[4,16,8,20,24,5,12,21],[20,12,16,4,24,8,21],[20,8,24,21,4,16],[16,20,12,24,8,5,4,21],[12,16,20,4,24,8,5,21],[8,12,20,4,24,21],[12,8,4,24,21,16],[8,4,16,12,20,24,5,17,21],[12,24,8,5,20,4,16,17,21],[24,20,12,8,5,4,16,21],[16,8,12,24,5,4,20,21],[8,20,16,24,5,4,12,21],[20,4,16,24,8,21],[8,16,20,4,24,5,12,21],[4,12,24,16,8,21],[12,8,24,21,16,20],[12,8,20,16,4,24,21],[12,16,20,8,24,21],[8,20,24,21,12,16],[20,8,24,21,16,12],[24,16,20,12,4,8,21],[20,24,8,21,16,12],[16,20,12,8,24,21],[24,12,4,20,16,8,21],[8,4,24,5,20,12,16,21],[12,24,20,16,8,5,4,21],[12,4,8,24,5,20,16,21],[16,20,12,8,24,5,4,21],[8,20,24,5,4,16,12,21],[20,12,16,24,8,5,4,21],[12,4,8,24,21,20],[8,16,24,5,4,20,12,17,21],[4,20,8,12,24,21],[12,4,16,8,20,24,21],[24,4,8,5,12,20,16,17,21],[4,24,8,21,12,20],[12,20,4,8,24,5,16,21],[4,16,12,8,20,24,21],[4,8,16,12,20,24,21],[8,24,21,16,17,5],[20,24,4,8,5,16,12,21],[16,8,24,21,12,4],[24,8,21,12,16,4],[24,12,8,21,16,20],[12,4,16,20,24,8,5,21],[4,20,12,16,24,8,21],[20,24,12,8,21,16],[20,12,8,24,5,16,4,21],[8,12,24,5,16,20,4,21],[16,12,24,20,8,21],[12,20,24,8,21,16],[16,4,8,24,21,20],[8,24,5,4,20,16,12,17,21],[8,20,12,4,24,5,16,21],[12,20,16,24,4,8,21],[16,8,12,24,21,20],[20,12,4,16,24,8,5,21],[4,24,8,5,12,20,16,21],[24,16,12,4,20,8,21],[24,20,4,8,5,16,12,21],[8,12,24,21,16,4],[12,20,24,8,21,16],[4,16,8,12,20,24,21],[24,16,20,12,8,5,4,21],[8,4,20,24,5,16,12,21],[20,24,4,8,5,16,12,21],[16,4,12,24,20,8,21],[4,24,16,20,8,21],[24,4,8,5,16,20,12,21],[12,16,8,24,21,20],[12,24,8,5,4,16,20,21],[16,4,8,12,20,24,5,21],[24,20,12,8,5,16,4,21],[20,12,4,24,8,5,16,21],[4,24,8,21,12,16],[16,12,4,8,24,5,20,21],[24,4,16,8,5,20,12,17,21],[12,8,16,20,4,24,5,21],[4,8,20,16,24,21],[20,4,8,16,24,21],[20,8,12,24,21,1],[24,4,12,20,16,8,21],[4,8,12,20,16,24,21],[8,4,16,12,24,5,20,21],[4,20,16,8,12,24,21],[12,16,24,8,5,20,4,21],[16,12,4,8,20,24,21],[12,8,20,16,4,24,5,21],[12,4,24,8,21,20],[8,16,24,5,20,12,4,21],[4,16,24,8,21,19,20],[12,4,20,24,8,21],[16,20,24,12,4,8,5,21],[16,20,24,4,12,8,5,21],[20,8,12,24,5,4,16,21],[8,20,4,24,21,12],[20,16,24,8,21,12],[8,4,24,21,17,16],[24,12,8,21,13,16,20],[8,20,16,12,4,24,21],[16,12,8,4,24,5,20,21],[4,16,8,24,5,20,12,21],[8,12,4,24,5,20,16,21],[20,4,12,16,8,24,5,21],[24,20,8,21,4,16],[4,12,24,16,8,21],[4,12,8,24,21,15,16],[16,8,20,4,24,5,12,21],[20,8,16,24,21,12],[8,20,12,16,24,5,4,21],[8,24,21,20,16,4],[16,4,24,12,20,8,21],[8,24,5,12,4,20,16,17,21],[16,12,4,8,20,24,5,21],[4,20,12,8,16,24,21],[24,8,21,3,20,5,9,12],[4,8,16,20,12,24,21],[20,8,4,16,12,24,5,21],[20,12,8,4,16,24,21],[20,12,4,8,16,24,21],[24,12,8,21,20,16],[16,24,8,5,4,12,20,21],[8,16,20,4,12,24,5,21],[12,20,8,24,21,4],[24,20,8,21,16,12],[8,24,5,20,12,4,16,21],[8,4,20,12,16,24,21],[20,8,24,5,4,12,16,21],[16,24,8,5,4,12,20,21],[12,4,16,20,24,8,21],[24,4,16,20,8,5,12,17,21],[16,12,8,24,21,4],[24,16,20,8,21,4],[24,4,12,8,5,16,20,21],[20,24,16,12,4,8,5,21],[16,4,8,20,12,24,5,21],[24,12,4,20,16,8,21],[12,24,20,8,5,4,16,21],[8,20,4,12,24,21],[16,12,8,24,5,20,4,21],[12,4,8,20,24,5,16,21],[12,24,20,8,21,16],[20,16,12,8,24,5,4,21],[24,4,20,12,8,21],[12,20,16,4,8,24,21],[8,24,5,4,16,20,12,21],[4,16,20,8,24,5,12,21],[12,24,20,8,21,4],[20,8,12,4,16,24,21],[16,20,8,4,12,24,21],[4,24,20,12,8,21],[16,4,12,20,24,8,21],[12,4,16,8,20,24,5,21],[16,12,4,20,24,8,21],[24,12,4,20,8,21],[12,16,4,8,20,24,5,17,21],[12,16,20,8,24,5,4,17,21],[24,8,21,14,20,4],[20,12,4,8,16,24,21],[8,12,24,5,20,4,16,21],[16,20,4,24,12,8,5,21],[16,4,24,20,12,8,21],[16,4,20,24,8,5,12,21],[12,8,24,5,4,16,20,21],[4,16,24,20,8,21],[4,12,16,24,20,8,21],[12,4,8,16,24,5,20,21],[12,16,4,20,24,8,21],[24,20,16,8,21,12],[24,8,21,20,4,16],[8,16,20,24,21,4],[12,8,24,21,4,20],[24,12,16,20,8,5,4,21],[8,12,16,24,21,20],[12,8,4,16,20,24,21],[24,8,21,12,16,4],[24,20,16,8,5,12,4,21],[24,12,8,5,16,20,4,21],[4,8,16,20,12,24,21],[24,20,4,12,16,8,5,21],[8,12,16,24,21,4],[20,16,4,8,12,24,21],[12,8,16,20,4,24,5,21],[8,20,24,21,12,16],[20,12,4,24,16,8,21],[24,8,5,4,16,20,12,21],[4,8,20,24,21,12],[12,4,8,16,24,5,20,17,21],[16,4,12,8,20,24,21],[16,12,8,4,20,24,5,21],[12,16,20,8,24,21],[4,8,12,24,21,20],[24,16,8,21,5,12],[16,8,20,4,24,21],[24,8,21,4,20,16],[12,16,24,8,21,20],[8,20,16,12,4,24,5,21],[8,20,12,16,24,21],[4,8,12,16,24,21],[16,20,24,8,5,4,12,21],[4,20,12,16,24,8,21],[4,24,16,20,8,5,12,17,21],[16,20,24,8,21,12],[16,20,12,8,24,5,4,17,21],[20,8,4,24,21,12],[20,8,24,5,16,4,12,21],[20,24,12,4,8,21],[4,16,24,8,21,12],[24,12,16,20,4,8,5,21],[16,20,8,12,24,5,4,21],[24,4,20,16,12,8,5,21],[16,20,24,8,21,4],[24,8,21,4,12,17],[12,8,4,24,5,16,20,21],[20,12,4,8,16,24,21],[4,8,12,16,24,21],[4,8,24,5,16,12,20,17,21],[8,20,4,12,16,24,5,21],[24,4,12,20,16,8,5,21],[20,12,4,24,16,8,21],[8,20,12,4,16,24,5,21],[8,20,16,12,24,5,4,21],[4,20,16,12,24,8,21],[8,16,4,12,20,24,21],[16,8,20,24,5,4,12,21],[12,16,4,20,8,24,5,21],[16,20,24,4,12,8,5,21],[20,12,24,16,8,21],[24,20,4,12,8,21],[12,8,20,24,21,16],[8,16,24,21,12,3],[12,24,4,16,20,8,21],[16,12,4,20,8,24,5,21],[24,4,16,12,8,21],[12,20,4,24,8,21],[16,20,12,24,4,8,5,21],[24,12,16,20,8,5,4,21],[8,4,24,21,16,12],[24,12,8,5,20,16,4,21],[8,16,20,12,24,5,4,21],[16,8,24,5,20,4,12,21],[20,4,16,24,12,8,21],[24,4,8,21,20,16],[24,12,8,21,4,16],[12,24,16,8,5,4,20,21],[24,4,16,12,20,8,5,21],[4,16,24,8,21,5],[12,16,8,20,4,24,21],[4,8,16,24,5,20,12,21],[12,20,4,24,8,21],[4,16,20,24,8,21],[24,8,5,16,20,12,4,21],[8,12,4,20,24,5,16,21],[4,24,20,16,12,8,5,21],[20,12,16,24,4,8,21],[24,16,8,5,12,20,4,21],[20,24,16,8,5,4,12,21],[20,12,24,16,4,8,21],[4,24,20,8,5,12,16,21],[4,12,8,16,24,5,20,21],[12,16,4,24,20,8,21],[24,20,12,4,16,8,5,21],[12,8,16,20,4,24,5,21],[24,4,8,21,16,20],[20,4,16,8,24,5,12,21],[16,8,24,21,12,17],[16,12,24,20,8,21],[24,12,16,4,20,8,5,21],[8,24,5,12,16,4,20,21],[16,24,20,4,8,21],[16,20,24,4,8,5,12,21],[12,24,4,20,16,8,21],[4,20,12,16,24,8,21],[16,20,12,24,8,21],[12,4,16,24,8,21],[16,8,4,20,12,24,5,21],[24,16,4,8,5,20,12,21],[24,8,21,20,16,4],[24,16,20,8,21,4],[16,8,12,24,21,20],[4,16,8,24,21,20],[16,12,8,24,5,4,20,21],[24,4,12,16,20,8,21],[24,16,4,12,20,8,21],[20,8,16,24,21,12],[4,20,12,16,24,8,5,21],[4,20,16,24,8,21],[16,8,12,24,21,20],[16,12,8,24,21,17],[8,12,20,24,21,16],[8,16,12,20,24,5,4,21],[16,24,8,5,12,20,4,21],[16,24,20,8,21,12],[12,16,20,4,8,24,5,21],[20,12,16,24,4,8,21],[24,20,12,4,8,21],[16,20,12,4,24,8,5,21],[4,12,16,8,20,24,21],[20,16,4,24,8,5,12,21],[24,20,8,5,4,12,16,17,21],[16,4,12,20,24,8,21],[24,20,4,8,5,16,12,17,21],[12,16,4,20,8,24,5,21],[8,20,24,21,16,4],[4,24,8,21,5,17],[4,8,20,12,24,5,16,17,21],[8,16,20,4,24,5,12,21],[12,24,16,8,5,20,4,21],[20,4,12,16,8,24,21],[12,20,8,24,5,4,16,21],[24,16,4,20,12,8,5,21],[8,24,5,16,12,20,4,21],[20,8,24,21,12,1],[4,8,16,24,21,9,12],[12,4,24,20,8,21],[24,4,16,8,5,20,12,21],[24,12,8,5,20,16,4,21],[24,4,16,8,21,12],[24,20,4,16,12,8,21],[8,12,16,20,24,5,4,21],[8,4,24,5,12,20,16,17,21],[16,20,24,4,12,8,5,21],[12,20,8,4,16,24,21],[20,8,4,16,12,24,21],[24,8,5,16,12,20,4,21],[4,16,24,8,5,20,12,21],[4,12,8,20,24,21],[24,16,12,4,20,8,21],[4,24,16,20,8,21],[24,8,21,20,4,16],[12,16,24,4,8,5,20,21],[20,24,8,21,4,16],[12,20,24,4,16,8,21],[24,20,4,8,5,16,12,21],[24,20,12,16,4,8,21],[20,8,12,16,24,21],[8,4,12,24,5,16,20,21],[24,12,20,4,16,8,21],[8,20,24,21,4,12],[16,20,12,4,8,24,5,17,21],[12,20,16,8,24,21],[24,8,21,20,4,16],[4,12,8,20,16,24,5,21],[4,24,16,8,21,20],[24,12,8,21,4,5],[12,24,16,8,5,4,20,21],[24,4,20,8,21,12],[20,8,24,5,16,4,12,21],[24,16,20,4,8,5,12,21],[24,20,12,8,5,4,16,21],[16,20,12,4,8,24,21],[4,24,8,5,16,20,12,21],[12,16,4,20,24,8,21],[16,24,8,5,12,20,4,21],[4,12,16,20,24,8,21],[24,8,5,16,4,20,12,21],[4,8,20,24,5,16,12,17,21],[24,4,20,12,8,21],[8,20,12,4,24,5,16,21],[24,12,8,5,20,4,16,21],[12,8,16,20,4,24,21],[16,8,20,12,4,24,21],[20,4,16,8,12,24,21],[20,12,16,8,24,5,4,21],[12,20,24,4,8,21],[12,16,24,20,8,21],[16,12,24,4,8,21],[12,20,4,8,16,24,5,21],[4,16,8,20,24,21],[4,8,24,5,16,20,12,21],[12,16,20,8,24,5,4,21],[16,8,24,5,20,12,4,21],[16,8,20,4,24,21],[12,20,4,8,24,5,16,21],[12,4,24,20,8,21],[20,24,16,8,5,12,4,21],[24,12,16,8,5,20,4,17,21],[8,16,12,4,24,21],[4,20,16,12,24,8,5,17,21],[12,8,4,16,20,24,5,21],[8,24,21,16,12,4],[16,8,12,24,5,20,4,21],[24,16,12,20,4,8,5,21],[20,12,4,24,8,5,16,21],[20,8,4,24,21,12],[16,24,20,4,12,8,21],[12,24,16,8,5,4,20,21],[16,4,12,20,24,8,21],[20,16,8,24,21,5],[24,8,21,12,20,16],[20,4,24,16,8,5,12,21],[20,12,24,16,8,21],[16,4,8,12,24,5,20,17,21],[8,24,5,12,20,4,16,21],[4,12,16,20,8,24,5,21],[12,16,8,24,5,20,4,21],[4,16,24,12,8,5,20,21],[4,8,12,20,16,24,5,21],[4,20,24,12,16,8,21],[4,12,24,20,8,5,16,21],[8,4,20,16,24,5,12,21],[8,24,21,20,16,4],[24,20,16,12,4,8,5,21],[24,4,16,20,12,8,21],[8,16,4,12,20,24,5,17,21],[12,16,8,24,21,20],[8,24,5,16,4,20,12,21],[12,16,8,20,24,21],[20,16,12,24,8,21],[12,4,24,16,20,8,5,21],[16,20,8,4,12,24,5,17,21],[16,20,12,4,8,24,5,21],[20,24,4,12,16,8,5,21],[16,20,4,24,8,21],[8,12,24,5,4,16,20,21],[12,8,20,4,24,21],[8,20,12,24,5,16,4,17,21],[8,12,16,24,5,20,4,21],[20,16,8,12,4,24,21],[24,16,20,8,21,12],[8,12,16,4,24,5,20,21],[4,12,8,16,20,24,21],[16,20,12,8,24,21],[24,16,8,5,4,20,12,21],[8,20,16,24,5,4,12,21],[8,12,24,21,20,4],[12,16,4,24,8,21],[4,24,8,21,20,16],[8,16,24,5,4,12,20,21],[16,8,20,24,5,12,4,21],[24,20,8,5,12,4,16,21],[16,4,24,12,20,8,5,21],[16,20,4,8,12,24,5,21]],"n_human":8}