{"problem_id":"DV1m0Nx22GnZmiB","sigma":150,"alpha":10.000,"cost":2,"probabilities":"[0.26, 0.24, 0.27, 0.23]","payoff_matrix":"[[-19, 153, -234, 36, 38, 60], [0, -14, -234, -116, 136, -275], [-6, 44, -123, 81, -137, -431], [-84, -94, 162, -226, -74, 86]]","uncovered":[[7,11,19,3,15,13,5,14,23,1,6,16],[3,11,19,7,15,5,13,14,23,1,6,16],[15,11,19,7,13,5,14,23,3,1,6,16],[19,23,15,7,5,13,14,11,3,1,6,16],[11,3,19,7,23,15,13,5,6,14,1,16],[23,7,15,5,13,14,11,3,19,1,6,16],[3,15,19,7,13,5,14,11,23,1,6,16],[11,3,15,7,13,5,6,14,19,23,1,8,16,2],[23,15,11,7,13,5,14,3,19,1,6,16],[7,23,3,11,19,15,13,5,14,1,6,16],[15,3,7,5,13,14,19,23,11,1,6,8,16,2],[15,3,7,13,5,6,14,23,11,19,1,16],[23,3,15,11,19,7,5,13,14,1,6,8,16,2],[19,7,15,5,13,14,3,23,11,1,6,8,16,2],[7,11,15,13,5,14,3,19,21,23,1,6,16],[3,19,15,11,23,7,13,5,14,1,6,8,16,2],[23,15,11,19,3,7,13,5,6,14,1,16],[3,23,19,15,7,13,5,14,11,1,6,8,16,2],[7,23,11,3,15,5,13,14,19,1,6,16],[11,3,7,15,13,5,6,14,19,23,1,16],[19,15,11,23,7,5,13,14,3,1,6,8,16,2],[23,11,15,19,3,7,13,5,14,1,6,8,16,2],[19,7,11,3,15,5,13,6,14,23,1,16],[3,7,11,23,19,15,5,13,14,1,6,8,16,2],[15,11,23,7,5,13,14,3,19,1,6,16],[19,23,15,11,3,7,13,5,6,14,1,16],[23,15,11,7,13,5,14,19,3,1,6,8,16,2],[7,1,19,15,13,5,6,14,11,23,3,16],[7,19,15,13,5,14,11,3,23,1,6,8,16,2],[23,19,11,7,3,15,5,13,6,14,1,16],[19,15,3,7,5,13,6,14,11,23,1,2],[7,19,23,11,15,5,13,14,3,1,6,16],[7,19,3,15,13,5,14,23,11,1,6,16],[7,19,23,11,3,15,5,13,14,1,6,2],[15,23,3,11,19,7,13,5,6,14,1,4],[19,3,15,7,5,13,6,14,23,11,1,16],[19,11,23,15,3,7,5,13,14,1,6,8,16,2],[7,23,11,15,13,5,14,3,19,1,6,16],[3,11,19,7,23,15,13,5,6,14,1,16],[19,15,3,7,13,5,14,21,23,11,1,6,8,16,2],[15,7,13,5,6,14,23,11,3,19,1,8,16,2],[15,19,3,11,7,13,5,6,14,23,1,16],[23,3,15,19,11,7,5,13,6,14,1,16],[3,11,19,7,23,15,5,13,6,14,1,16],[7,19,11,23,3,15,13,5,6,14,1,8,16,2],[7,19,23,3,15,5,13,6,14,11,1,8,16,2],[15,11,7,5,13,14,3,23,17,19,1,6,8,16,2],[3,7,15,5,13,6,14,23,19,11,1,8,16,2],[23,15,11,19,3,7,5,13,14,1,6,8,16,2],[19,23,7,11,15,13,5,6,14,3,1,8,16,2],[23,11,3,19,7,15,13,5,6,14,1,8,16,2],[23,7,11,19,15,5,13,14,3,1,6,16],[19,15,7,5,13,6,14,11,3,23,1,8,16,2],[19,7,15,13,5,14,11,3,23,1,6,2],[3,23,11,19,15,7,5,13,14,1,6,8,16,2],[15,19,7,13,5,14,23,3,11,1,6,8,16,2],[7,11,15,13,5,6,14,19,23,3,1,8,16,2],[3,11,15,7,5,13,6,14,19,23,1,2],[23,3,11,7,15,13,5,14,19,1,6,8,16,2],[3,23,11,19,7,15,5,13,14,1,6,8,16,2],[19,15,3,23,11,7,5,13,14,1,6,16],[3,19,7,23,15,13,5,14,9,1,8,6,16,2],[11,3,19,23,7,15,13,5,14,1,6,16],[7,19,11,23,3,15,13,5,6,14,1,16],[7,11,19,23,15,5,13,6,14,3,1,8,16,2],[11,15,19,7,13,5,14,3,23,1,6,8,16,2],[11,19,7,3,15,13,5,14,23,1,6,8,16,2],[7,11,3,23,19,15,13,5,14,1,6,8,16,2],[23,11,3,7,19,15,5,13,14,1,6,16],[7,19,11,15,13,5,14,3,23,1,6,16],[15,23,11,3,19,7,13,5,6,14,1,16],[3,11,7,15,13,5,6,14,23,19,1,8,16,2],[23,11,3,19,15,7,5,13,14,1,6,16],[23,3,19,15,7,13,5,14,11,1,6,2],[15,23,11,19,3,7,5,13,14,1,6,2],[23,11,15,19,3,7,13,5,14,1,6,8,16,2],[19,3,15,11,7,13,5,14,23,1,6,16],[19,7,3,11,23,15,13,5,14,1,6,8,16,2],[11,3,15,19,7,5,13,14,23,1,6,16],[19,3,15,23,7,5,13,6,14,11,1,16],[19,11,7,15,13,5,6,14,3,23,1,8,16,2],[11,7,3,15,5,13,6,14,23,19,1,16],[15,3,19,7,13,5,6,14,11,23,1,16],[15,3,7,5,13,14,19,11,23,1,6,16],[11,23,3,7,19,15,13,5,14,1,8,6,16,2],[7,23,15,13,5,6,14,11,17,19,3,1,8,16,2],[3,23,11,15,19,7,5,13,14,1,6,16],[11,7,3,19,23,15,13,5,14,1,6,16],[15,11,3,23,7,13,5,6,14,19,1,8,16,2],[23,11,7,3,15,13,5,6,14,19,1,16],[23,3,11,19,15,7,13,5,6,14,1,16],[19,11,3,23,15,7,13,5,6,14,1,8,16,2],[15,23,19,3,11,7,13,5,6,14,1,8,16,2],[7,3,23,15,13,5,14,11,19,1,6,16],[11,7,15,5,13,14,23,3,17,19,1,6,8,16,2],[11,15,3,19,23,7,13,5,14,1,6,16],[23,19,11,15,3,7,13,5,14,1,6,8,16,2],[3,15,19,11,7,13,5,14,23,1,6,8,16,2],[19,23,15,3,11,7,13,5,14,1,6,16],[15,23,19,7,5,13,14,11,3,1,6,8,16,2],[7,15,5,13,6,14,11,3,23,19,1,8,16,2],[23,11,7,15,5,13,6,14,19,3,1,2],[7,3,11,23,15,13,5,6,14,19,1,2],[15,3,11,23,7,13,5,14,19,1,6,16],[23,7,3,19,15,13,5,6,14,11,1,2],[7,23,11,19,3,15,5,13,6,14,1,8,16,2],[19,15,3,11,7,13,5,6,14,23,1,16],[3,7,15,5,13,6,14,19,11,23,1,8,16,2],[3,23,11,15,19,7,13,5,14,1,6,8,16,2],[15,7,5,13,14,19,3,23,11,1,6,16],[23,7,19,11,15,13,5,6,14,3,1,8,16,2],[15,3,19,7,5,13,6,14,23,11,1,16],[15,11,19,7,13,5,6,14,3,23,1,8,16,4],[3,7,19,23,11,15,13,5,14,1,6,8,16,2],[11,15,23,19,7,5,13,14,3,1,6,8,16,2],[23,7,11,19,3,15,13,5,14,1,6,8,16,2],[19,11,3,7,15,5,13,14,23,1,6,8,16,2],[7,15,13,5,6,14,9,19,23,1,3],[7,23,11,15,5,13,14,19,3,1,6,16],[11,3,19,15,23,7,5,13,6,14,1,16],[3,11,23,19,7,15,5,13,14,1,6,2],[3,19,7,15,13,5,14,23,11,1,6,16],[3,19,23,15,11,7,13,5,14,1,6,16],[23,15,3,7,13,5,14,19,11,1,6,8,16,2],[7,11,3,23,15,5,13,6,14,19,1,8,16,2],[23,11,3,19,15,7,5,13,6,14,2,1],[23,7,11,3,19,15,5,13,6,14,1,16],[11,23,19,15,7,13,5,6,14,3,1,8,16,2],[23,15,19,7,13,5,6,14,11,3,1,16],[15,19,11,3,7,13,5,14,23,1,6,16],[3,23,11,15,19,7,5,13,14,8,1,6,16,2],[3,23,15,19,11,7,13,5,6,14,1,8,16,2],[11,3,23,15,19,7,13,5,14,1,6,16],[15,3,7,13,5,6,14,23,19,11,1,2],[23,7,19,3,11,15,5,13,14,1,6,8,16,2],[19,7,11,15,5,13,14,3,23,1,6,16],[15,11,23,19,7,5,13,14,3,1,6,8,16,2],[11,3,23,19,7,15,5,13,6,14,1,16],[11,7,15,5,13,14,19,23,3,1,6,8,16,2],[23,7,19,3,15,13,5,14,11,1,6,4],[7,15,13,5,6,14,3,23,19,11,1,8,16,2],[19,3,7,23,11,15,13,5,6,14,1,8,16,2],[3,11,15,7,5,13,14,23,19,1,6,16],[15,11,19,7,13,5,14,23,3,1,6,16],[7,19,3,23,11,15,5,13,14,1,6,8,16,2],[23,19,3,15,11,7,13,5,14,1,6,16],[3,11,7,23,19,15,13,5,14,1,6,2],[19,7,23,3,15,13,5,14,11,1,6,16],[19,7,23,15,13,5,6,14,11,3,1,8,16,2],[7,19,23,11,3,15,13,5,14,1,6,2],[3,11,23,15,7,5,13,6,14,19,1,16],[23,3,11,15,7,13,5,6,14,19,1,16],[23,11,7,3,15,5,13,6,14,19,1,8,16,2],[15,11,7,13,5,14,19,23,3,1,6,2],[7,3,15,13,5,6,14,23,19,11,1,8,16,2],[19,23,3,15,7,5,13,6,14,11,1,8,16,2],[3,11,19,15,7,5,13,14,23,1,6,8,16,2],[23,11,19,15,7,13,5,6,14,3,1,16],[7,23,19,15,5,13,14,3,11,1,6,16],[11,15,19,3,7,13,5,14,23,1,6,8,16,2],[11,7,15,13,5,6,14,23,3,19,1,8,16,2],[7,11,19,3,15,13,5,6,14,23,1,8,16,2],[19,3,23,15,11,7,13,5,14,1,6,16],[15,7,5,13,6,14,19,3,23,11,1,16],[19,3,11,15,23,7,5,13,14,1,6,8,16,2],[19,3,11,15,23,7,5,13,6,14,1,8,16,2],[15,11,7,5,13,14,23,3,19,1,6,8,16,2],[15,19,3,23,11,7,5,13,14,1,6,16],[19,11,15,7,5,13,14,3,23,1,6,16],[23,19,11,15,7,5,13,14,3,1,6,16],[7,15,13,5,14,23,3,11,19,1,6,2],[19,23,7,3,15,13,5,6,14,11,1,16],[11,19,3,23,7,15,13,5,14,1,6,8,16,2],[3,23,15,19,11,7,5,13,6,14,1,8,16,2],[11,19,23,15,7,13,5,14,3,1,6,8,16,2],[15,11,3,23,19,7,5,13,14,1,6,16],[7,19,3,23,15,13,5,6,14,11,1,16],[23,7,19,15,13,5,6,14,3,11,1,16],[23,7,11,15,5,13,6,14,19,3,1,16],[11,7,15,13,5,6,14,23,3,19,1,16],[7,11,23,19,15,5,13,6,14,3,1,8,16,2],[3,11,7,23,19,15,5,13,6,14,1,16],[23,15,3,7,13,5,6,14,19,11,1,16],[11,7,3,15,5,13,6,14,19,23,1,16],[19,3,7,15,5,13,6,14,11,23,1,16],[15,3,11,19,7,13,5,6,14,23,1,16],[7,23,3,19,15,5,13,6,14,9,1],[11,19,23,15,3,7,5,13,6,14,1,8,16,2],[11,3,23,7,19,15,5,13,14,2,1,6],[3,7,23,15,5,13,6,14,19,11,1,8,16,2],[7,15,13,5,14,3,19,23,11,1,6,8,16,2],[7,19,23,11,15,13,5,6,14,3,1,16],[7,15,5,13,6,14,3,23,19,11,1,16],[3,19,15,7,13,5,14,23,11,1,6,16],[7,3,15,13,5,6,14,23,19,11,1,16],[23,7,15,5,13,14,19,11,3,1,6,16],[19,23,7,15,13,5,6,14,3,11,1,8,16,2],[23,3,19,11,15,7,13,5,14,1,6,8,16,2],[7,19,11,15,5,13,6,14,3,23,1,2],[15,7,13,5,14,19,23,11,3,1,6,8,16,2],[15,7,13,5,14,23,11,3,19,1,6,2],[23,15,19,7,13,5,6,14,3,11,1,16],[15,19,11,23,7,5,13,14,3,1,6,8,16,2],[23,7,11,15,13,5,14,3,19,1,6,2],[11,7,3,19,15,13,5,14,23,1,8,6,16,2],[3,7,11,15,5,13,14,19,23,1,6,8,16,2],[11,19,23,7,15,5,13,14,3,1,6,16],[19,3,11,23,7,15,5,13,14,1,6,16],[23,3,19,7,15,5,13,14,11,1,6,16],[3,7,15,5,13,14,23,9,19,1,6],[7,19,23,11,3,15,5,13,14,1,8,6,16,2],[7,3,11,23,19,15,5,13,14,1,6,16],[7,3,11,23,19,15,5,13,6,14,1,16],[19,3,23,7,11,15,5,13,6,14,1,16],[11,7,23,19,15,13,5,14,3,1,6,16],[23,15,7,5,13,6,14,3,19,11,1,8,16,2],[11,23,15,3,7,13,5,14,19,1,6,8,16,2],[7,11,23,3,19,15,5,13,6,14,1,16],[19,15,3,23,11,7,13,5,6,14,1,8,16,2],[19,23,7,15,13,5,14,11,3,1,6,8,16,2],[11,15,7,5,13,6,14,19,3,23,1,16],[15,23,3,19,7,13,5,6,14,11,1,8,16,2],[19,23,15,11,7,13,5,6,14,3,1,8,16,2],[11,23,7,15,13,5,14,19,3,1,6,16],[15,3,19,7,13,5,14,11,23,1,6,8,16,2],[7,19,11,15,5,13,14,3,23,1,6,8,16,2],[3,23,11,15,19,7,5,13,6,14,1,2],[3,23,11,15,7,13,5,14,19,1,6,16],[7,15,13,5,14,11,1,19,23,3,6,8,16,2],[15,3,7,13,5,6,14,23,11,19,1,8,16,2],[3,23,7,11,19,15,5,13,6,14,1,16],[7,15,5,13,6,14,3,11,19,23,1,4],[7,15,5,13,6,14,11,19,23,3,1,16],[7,23,19,11,15,5,13,6,14,3,1,16],[7,3,23,15,13,5,6,14,11,19,1,8,16,2],[3,23,11,15,7,5,13,6,14,19,1,8,16,2],[19,11,7,23,3,15,13,5,14,1,6,16],[23,11,3,15,19,7,5,13,6,14,1,2],[7,3,19,15,13,5,6,14,23,11,1,16],[7,19,3,11,15,5,13,14,23,1,6,16],[23,19,11,3,7,15,13,5,14,1,6,8,16,2],[15,19,23,7,13,5,6,14,3,11,1,16],[15,3,7,5,13,6,14,23,19,11,1,16],[7,3,23,15,5,13,14,11,19,1,6,8,16,2],[11,7,3,19,23,15,13,5,14,1,6,8,16,2],[3,7,23,11,19,15,5,13,14,1,6,8,16,2],[15,3,11,7,5,13,14,19,23,1,6,2],[7,23,11,15,5,13,14,19,3,1,6,8,16,2],[23,3,11,19,7,15,5,13,6,14,1,8,16,2],[19,11,23,15,3,7,5,13,14,1,6,8,16,2],[11,23,19,3,15,7,5,13,6,14,1,2],[7,23,15,5,13,14,19,11,3,1,6,8,16,2],[15,19,23,3,11,7,5,13,6,14,1,2],[3,19,23,15,11,7,5,13,14,1,6,8,16,2],[23,15,11,7,5,13,14,3,19,1,6,16],[23,3,7,11,15,13,5,14,19,1,6,8,16,2],[11,7,15,13,5,6,14,19,3,23,1,16],[19,3,11,23,7,15,5,13,6,14,1,8,16,2],[11,15,23,19,7,5,13,14,3,1,6,16],[15,11,19,3,7,5,13,14,23,1,6,16],[3,19,11,23,7,15,13,5,6,14,1,8,16,2],[23,11,3,15,7,5,13,14,19,1,6,16],[3,19,23,15,11,7,5,13,14,1,6,8,16,2],[3,19,23,15,7,13,5,14,11,1,6,16],[11,3,15,23,19,7,5,13,6,14,1,8,16,2],[11,19,15,23,3,7,13,5,6,14,1,16],[3,7,23,11,15,5,13,6,14,19,1,8,16,2],[23,3,19,11,15,7,5,13,6,14,1,8,16,2],[7,15,5,13,6,14,19,11,23,3,1,8,16,2],[3,7,19,11,23,15,5,13,14,1,6,16],[23,15,11,7,13,5,14,3,19,1,6,8,16,2],[11,3,19,7,23,15,13,5,14,1,6,8,16,2],[3,23,11,15,7,13,5,6,14,19,1,8,16,2],[23,11,7,15,5,13,14,19,3,1,6,8,16,2],[23,3,11,15,7,5,13,14,19,1,6,16],[7,3,23,15,5,13,6,14,11,19,1,16],[15,11,19,23,7,5,13,14,3,1,6,16],[19,7,15,5,13,14,23,3,11,1,6,16],[15,19,11,23,3,7,5,13,6,14,1,16],[23,3,11,7,15,13,5,14,19,1,6,16],[23,3,19,11,15,7,5,13,14,1,6,16],[15,7,5,13,6,14,3,19,23,11,1,16],[19,11,3,23,7,15,13,5,6,14,1,16],[3,23,11,15,19,7,5,13,14,1,6,16],[15,19,3,11,23,7,13,5,6,14,1,16],[23,7,19,3,15,5,13,6,14,11,1,2],[15,3,19,23,7,13,5,14,11,1,6,2],[15,7,5,13,14,19,3,23,11,1,6,2],[15,23,3,11,7,13,5,6,14,19,1,8,16,2],[7,19,23,11,15,13,5,14,3,1,6,16],[15,3,7,5,13,14,23,11,17,19,1,6,2],[23,15,7,13,5,6,14,19,3,11,1,16],[23,7,11,15,5,13,6,14,3,19,1,8,16,2],[15,7,5,13,6,14,3,19,23,11,1,16],[15,23,3,19,11,7,5,13,6,14,1,16],[15,11,19,23,3,7,5,13,6,14,1,8,16,2],[23,7,11,15,13,5,14,3,19,1,6,16],[15,19,3,11,23,7,5,13,6,14,1,16],[11,7,15,13,5,6,14,19,23,3,1,8,16,2],[11,3,15,19,7,5,13,14,23,1,6,8,16,2],[23,11,3,15,19,7,13,5,14,1,6,8,16,2],[15,3,19,7,5,13,6,14,23,11,1,8,16,2],[11,23,7,19,15,5,13,6,14,3,1,8,16,2],[3,15,23,7,5,13,6,14,19,11,1,8,16,2],[23,11,19,3,7,15,5,13,14,1,6,16],[23,3,15,11,7,5,13,6,14,19,1,8,16,2],[3,19,15,11,23,7,5,13,6,14,1,8,16,2],[3,23,11,15,7,13,5,14,19,1,6,8,16,2],[15,3,23,11,19,7,13,5,6,14,1,8,16,2],[19,11,7,3,15,13,5,14,23,1,6,8,16,2],[19,7,11,23,3,15,13,5,14,1,6,8,16,2],[3,15,11,23,19,7,5,13,14,1,6,8,16,2],[7,23,19,15,5,13,14,3,11,1,6,16],[15,11,7,5,13,6,14,23,19,3,1,2],[7,19,11,23,15,5,13,14,1,3,6,2],[11,15,23,19,7,5,13,14,3,1,6,16],[15,11,7,13,5,6,14,23,3,19,1,16],[23,3,15,7,13,5,6,14,11,19,1,2],[19,23,3,7,11,15,13,5,14,1,6,8,16,2],[19,11,15,7,13,5,14,23,3,1,6,8,16,2],[15,3,7,5,13,6,14,19,11,23,1,8,16,2],[23,19,7,3,15,13,5,14,11,1,6,8,16,2],[11,3,23,19,15,7,13,5,6,14,1,16],[3,23,15,11,7,5,13,6,14,19,1,16],[3,15,19,11,23,7,13,5,6,14,1,8,16,2],[15,23,11,7,13,5,6,14,19,3,1,8,16,2],[11,23,3,19,7,15,13,5,6,14,1,16],[11,23,3,7,15,5,13,14,19,1,6,8,16,2],[7,3,15,5,13,6,14,11,19,23,1,16],[7,3,23,15,5,13,14,11,19,1,6,4],[23,3,7,19,15,13,5,6,14,11,1,8,16,2],[7,11,15,13,5,6,14,17,19,3,23,1,8,16,2],[3,23,11,15,7,5,13,14,19,1,6,8,16,2],[15,3,19,7,13,5,14,11,23,1,6,8,16,2],[11,19,7,15,5,13,6,14,3,23,1,8,16,2],[3,23,7,11,19,15,5,13,14,1,6,8,16,2],[7,23,15,5,13,6,14,3,11,19,1,2],[15,3,19,7,5,13,6,14,11,23,1,16],[3,23,15,19,11,7,5,13,14,1,6,8,16,2],[11,19,3,23,7,15,13,5,14,1,6,16],[19,11,3,23,15,7,5,13,14,1,6,8,16,2],[15,23,3,7,5,13,6,14,19,11,1,2],[23,7,3,11,19,15,13,5,14,1,8,6,16,2],[23,15,11,3,7,13,5,6,14,19,1,8,16,2],[7,23,11,19,15,13,5,14,3,1,6,16],[7,11,23,3,19,15,5,13,6,14,1,16],[19,11,23,15,7,13,5,6,14,3,1,8,16,2],[19,3,11,7,15,13,5,6,14,23,1,16],[23,11,19,3,7,15,13,5,6,14,1,16],[11,23,7,19,15,13,5,6,14,3,1,16],[23,19,11,7,15,5,13,14,3,1,6,8,16,2],[7,15,13,5,6,14,23,3,19,11,1,16],[3,7,15,5,13,14,23,19,11,1,6,16],[19,23,11,7,3,15,5,13,14,1,6,16],[3,11,19,15,7,13,5,6,14,23,1,8,16,2],[11,7,19,3,23,15,5,13,6,14,1,16],[23,15,3,11,7,13,5,14,19,1,6,8,16,2],[7,3,11,19,15,5,13,6,14,23,1,8,16,2],[19,7,3,15,13,5,6,14,11,23,1,2],[7,23,19,11,15,5,13,14,1,3,6,16],[15,7,5,13,6,14,23,19,11,3,1,16],[7,15,5,13,6,14,23,3,11,19,1,8,16,2],[3,11,7,15,13,5,6,14,23,19,1,16],[11,19,15,23,7,13,5,6,14,3,1,8,16,2],[19,7,3,23,11,15,13,5,6,14,1,8,16,2],[23,3,7,15,5,13,6,14,11,19,1,16],[15,3,11,23,19,7,13,5,14,1,6,8,16,2],[11,3,7,19,23,15,13,5,14,1,8,6,16,2],[11,7,23,3,19,15,13,5,6,14,1,2],[7,15,13,5,14,11,3,19,23,1,6,8,16,2],[19,3,23,15,7,5,13,6,14,11,1,16],[15,11,3,23,19,7,13,5,6,14,1,8,16,2],[15,19,7,5,13,14,23,11,3,1,6,16],[15,3,23,7,5,13,6,14,19,11,1,16],[23,11,15,7,13,5,6,14,19,3,1,8,16,2],[15,11,19,7,5,13,14,23,3,1,8,6,16,2],[15,19,11,3,7,5,13,6,14,23,1,8,16,2],[7,11,23,19,3,15,13,5,14,1,6,8,16,2],[3,7,15,13,5,14,19,11,23,1,6,8,16,2],[15,23,3,19,7,5,13,14,11,1,6,16],[11,7,23,3,15,5,13,6,14,17,19,1,8,16,2],[23,19,15,11,7,13,5,6,14,3,1,16],[11,7,19,23,15,13,5,6,14,3,1,8,16,2],[23,11,7,3,19,15,13,5,14,1,6,16],[19,3,15,23,7,5,13,6,14,9,1],[3,23,15,11,19,7,5,13,6,14,1,16],[23,11,7,19,15,13,5,14,3,1,6,8,16,2],[7,15,5,13,14,11,19,3,23,1,6,16],[23,19,11,7,3,15,13,5,14,1,6,8,16,2],[7,11,3,15,5,13,6,14,19,21,23,1,8,16,2],[11,3,19,7,23,15,5,13,14,1,6,2],[7,15,5,13,6,14,23,19,3,11,1,16],[11,3,7,15,13,5,6,14,19,23,1,8,16,2],[19,3,11,7,23,15,5,13,14,1,6,16],[3,15,19,23,11,7,5,13,6,14,1,8,16,2],[15,11,7,13,5,6,14,23,19,3,1,16],[3,23,7,15,13,5,6,14,11,19,1,16],[7,15,5,13,14,19,23,11,3,1,6,8,16,2],[3,15,7,5,13,6,14,11,23,19,1,8,16,2],[11,23,7,3,19,15,5,13,6,14,1,16],[3,7,23,11,19,13,15,5,6,14,1,16],[19,15,11,7,5,13,6,14,23,3,1,16],[7,3,19,15,13,5,14,23,11,1,6,16],[19,7,3,11,15,13,5,14,23,1,6,16],[23,7,15,5,13,14,11,3,19,1,6,8,16,2],[11,15,19,3,23,7,5,13,14,1,6,16],[3,11,15,19,23,7,13,5,14,1,6,8,16,2],[19,3,7,23,11,15,5,13,14,1,6,8,16,2],[7,19,23,15,5,13,14,11,3,1,6,16],[11,7,15,5,13,6,14,3,23,19,1,16],[3,7,19,15,13,5,6,14,23,11,1,16],[7,15,13,5,6,14,11,19,3,23,1,8,16,2],[23,19,7,15,5,13,14,11,3,1,6,16],[11,23,3,7,15,13,5,14,19,1,6,16],[3,23,19,7,15,5,13,6,14,11,1,16],[23,15,19,3,11,7,13,5,14,1,6,8,16,2],[15,3,19,23,11,7,13,5,6,14,1,8,16,2],[15,7,13,5,14,19,3,11,23,1,6,16],[15,3,19,7,13,5,14,23,11,6,1,8,16,2],[7,23,11,3,19,15,5,13,14,1,8,6,16,2],[3,11,19,7,23,15,5,13,14,1,6,8,16,2],[19,7,15,5,13,6,14,11,3,21,23,1,8,16,2],[3,11,15,7,13,5,14,19,23,1,6,16],[7,19,3,23,11,15,13,5,14,1,6,8,16,2],[23,11,19,7,3,15,13,5,6,14,1,8,16,2],[11,15,3,19,23,7,13,5,14,1,6,16],[15,19,11,7,13,5,14,23,3,1,6,16],[15,19,23,3,7,5,13,6,14,11,1,8,16,2],[19,23,3,15,7,13,5,14,11,1,6,16],[19,11,7,3,23,15,5,13,14,1,6,8,16,2],[3,23,7,11,15,5,13,6,14,17,19,1,16],[15,19,7,13,5,6,14,11,23,3,1,8,16,2],[15,7,5,13,14,3,23,11,19,1,6,8,16,2],[19,11,15,23,3,7,13,5,6,14,1,16],[7,15,5,13,6,14,23,11,3,19,1,16],[19,7,23,3,11,15,5,13,14,1,6,8,16,2],[23,11,7,15,13,5,14,3,19,1,6,8,16,2],[19,23,3,15,11,7,13,5,14,1,6,16],[23,3,7,11,15,5,13,14,19,1,6,8,16,2],[19,3,11,7,23,15,5,13,6,14,1,16],[19,3,11,7,23,15,13,5,14,1,8,6,16,2],[15,23,11,19,7,5,13,14,3,1,6,16],[11,19,23,3,7,15,13,5,14,1,6,16],[23,7,19,11,15,5,13,14,3,1,6,16],[15,23,3,11,19,7,13,5,14,1,6,16],[23,3,7,19,15,13,5,14,11,1,6,2],[7,19,23,15,5,13,14,3,11,1,6,16],[11,7,23,19,3,15,13,5,6,14,1,16],[19,23,3,11,7,15,13,5,6,14,1,16],[11,7,23,19,3,15,13,5,6,14,1,16],[23,7,19,3,15,13,5,6,14,11,1,16],[15,19,3,23,7,13,5,6,14,11,1,16],[15,23,7,13,5,6,14,11,3,19,1,16],[15,19,7,13,5,14,23,3,11,1,8,6,16,2],[15,19,23,7,13,5,14,11,3,1,6,16],[3,15,11,23,19,7,5,13,6,14,1,16],[7,11,3,15,13,5,14,23,19,1,6,16],[15,23,7,13,5,14,3,19,11,1,6,8,16,2],[15,7,13,5,6,14,19,3,11,23,1,8,16,2],[23,15,3,7,5,13,6,14,11,19,1,16],[11,23,15,3,19,7,5,13,6,14,1,8,16,2],[23,7,15,5,13,6,14,11,19,3,1,16],[15,23,19,7,5,13,14,3,11,1,6,8,16,2],[15,11,23,7,5,13,6,14,19,3,1,8,16,2],[23,15,3,11,19,7,13,5,6,14,1,16],[11,7,19,3,15,13,5,6,14,23,1,16],[11,3,7,15,13,5,14,23,19,1,6,16],[19,3,23,11,15,7,13,5,14,1,6,16],[15,3,7,13,5,14,19,11,23,1,6,8,16,2],[11,23,19,7,15,13,5,14,3,1,6,16],[23,19,11,15,3,7,5,13,6,14,1,16],[7,15,5,13,14,23,11,19,1,3,6,16],[7,23,11,3,19,15,13,5,6,14,1,8,16,2],[7,15,5,13,14,11,19,3,21,23,1,6,16],[3,7,15,13,5,6,14,19,23,11,1,8,16,2],[7,3,19,11,15,5,13,14,23,1,6,8,16,2],[19,3,7,15,13,5,6,14,11,23,1,8,16,2],[15,23,7,5,13,6,14,19,3,11,1,8,16,2],[23,7,15,5,13,6,14,11,3,19,1,8,16,2],[23,11,19,15,7,5,13,6,14,3,1,8,16,2],[11,7,15,5,13,6,14,19,23,3,1,16],[15,3,23,7,5,13,6,14,19,11,1,8,16,2],[11,7,15,13,5,6,14,19,3,23,2,1],[15,19,3,23,11,7,5,13,14,1,6,16],[3,19,7,15,5,13,6,14,23,11,1,16],[11,7,19,15,5,13,14,3,23,2,6,1],[23,11,15,7,13,5,14,19,3,1,6,16],[11,23,7,19,3,15,13,5,6,14,1,8,16,2],[7,11,3,23,19,15,5,13,6,14,1,8,16,2],[23,19,3,15,7,13,5,6,14,11,1,8,16,2],[19,3,7,11,15,5,13,6,14,23,1,16],[23,15,7,13,5,14,11,3,19,1,6,8,16,2],[7,11,3,23,19,15,5,13,14,1,6,16],[23,3,19,15,7,13,5,6,14,11,1,16],[7,15,5,13,14,3,11,19,21,23,1,6,16],[23,7,19,3,11,15,13,5,6,14,1,8,16,2],[15,7,13,5,6,14,11,19,23,3,1,16],[11,7,19,23,3,15,5,13,6,14,1,8,16,2],[23,15,7,5,13,14,3,19,11,1,6,8,16,2],[23,7,3,15,13,5,14,19,11,1,6,8,16,2],[15,23,19,3,7,5,13,14,11,1,6,2],[7,3,23,15,13,5,14,11,19,1,6,8,16,2],[15,11,3,23,19,7,5,13,6,14,1,16],[11,23,7,19,15,5,13,14,3,1,6,8,16,2],[23,7,19,11,3,15,13,5,6,14,1,16],[19,11,15,23,7,13,5,6,14,3,1,4],[11,19,7,23,3,15,5,13,14,1,6,16],[15,7,5,13,14,3,11,23,19,1,6,8,16,2],[7,11,15,13,5,6,14,3,19,23,1,8,16,2],[3,19,15,7,5,13,6,14,23,11,1,8,16,2],[23,15,19,3,7,5,13,14,11,1,6,16],[23,19,3,7,11,15,13,5,6,14,1,8,16,2],[11,15,19,23,3,7,5,13,14,1,6,16],[3,11,7,15,13,5,14,19,23,1,6,8,16,2],[15,3,7,5,13,14,19,11,23,1,6,16],[7,19,11,15,5,13,14,3,23,1,6,8,16,2],[3,23,19,7,11,15,5,13,14,1,6,16],[7,23,15,13,5,6,14,11,19,3,1,16],[19,7,23,3,15,5,13,14,11,1,6,8,16,2],[3,19,23,7,15,13,5,14,11,1,6,8,16,2],[7,11,15,13,5,6,14,23,3,19,1,16],[19,23,7,11,3,15,13,5,6,14,1,2],[11,15,3,23,7,13,5,14,19,1,6,2],[11,19,23,7,3,15,13,5,14,1,6,16],[11,23,7,15,13,5,14,3,19,1,6,8,16,2],[19,23,3,11,15,7,5,13,6,14,1,16],[11,23,3,15,7,5,13,14,19,1,6,8,16,2],[3,7,15,5,13,6,14,19,23,9,1],[23,11,19,7,15,13,5,6,14,3,1,8,16,2],[19,15,11,23,3,7,5,13,6,14,1,16],[7,23,11,3,19,15,5,13,14,1,6,8,16,2],[15,7,5,13,6,14,19,3,11,23,1,16],[11,19,15,7,5,13,14,3,23,1,6,16],[3,7,11,19,23,15,13,5,14,1,6,8,16,2],[11,19,7,3,23,15,5,13,6,14,1,16],[7,23,11,19,15,13,5,14,1,3,8,6,16,2],[23,11,15,19,3,7,5,13,6,14,1,16],[19,23,3,11,15,7,5,13,14,1,6,8,16,2],[3,7,23,19,15,13,5,6,14,11,1,16],[15,7,13,5,6,14,23,19,11,3,1,2],[15,7,13,5,6,14,11,19,23,3,1,16],[3,19,7,23,15,13,5,14,11,1,6,8,16,2],[3,11,19,23,7,15,5,13,14,1,6,16],[11,3,15,7,13,5,6,14,23,19,1,16],[11,3,7,19,15,5,13,14,23,1,6,16],[15,19,7,5,13,6,14,11,3,23,1,16],[7,19,23,3,15,13,5,14,11,1,6,16],[19,11,23,3,7,15,5,13,14,1,8,6,16,2],[23,3,19,11,7,15,5,13,6,14,1,8,16,2],[7,15,13,5,6,14,11,19,3,23,1,8,16,2],[19,15,3,11,7,13,5,6,14,23,1,8,16,2],[3,19,7,15,5,13,6,14,23,11,1,16],[19,7,15,13,5,6,14,11,3,23,1,8,16,2],[7,11,3,23,19,15,13,5,6,14,1,8,16,2],[23,19,11,3,15,7,13,5,14,1,6,8,16,2],[11,23,15,7,5,13,6,14,3,19,1,16],[23,15,19,3,11,7,13,5,6,14,1,16],[11,3,23,15,19,7,5,13,14,1,6,2],[23,3,11,15,7,13,5,14,19,1,6,8,16,2],[23,19,15,3,11,7,13,5,14,1,6,8,16,2],[3,15,23,19,11,7,5,13,6,14,1,8,16,2],[15,19,23,11,3,7,13,5,14,1,6,16],[15,19,11,23,7,5,13,14,3,1,6,16],[3,11,7,15,5,13,14,23,19,1,6,16],[3,23,11,15,7,5,13,6,14,19,1,16],[19,11,7,15,5,13,6,14,3,23,1,8,16,2],[15,11,19,23,3,7,13,5,6,14,1,16],[19,7,23,15,5,13,6,14,3,11,1,2],[7,11,3,19,23,15,13,5,14,1,8,6,16,2],[23,15,7,5,13,6,14,3,19,11,1,8,16,2],[19,23,7,15,5,13,14,3,9,1,6],[19,15,7,5,13,14,3,23,9,1,6],[19,11,15,23,7,13,5,14,3,1,6,8,16,2],[7,23,11,15,5,13,6,14,3,19,1,8,16,2],[23,15,3,11,19,7,5,13,14,1,6,8,16,2],[15,19,23,7,5,13,6,14,3,11,1,8,16,2],[11,19,23,3,7,15,5,13,6,14,1,16],[7,11,3,23,15,13,5,6,14,17,19,1,8,16,2],[23,11,7,15,5,13,6,14,3,19,1,8,16,2],[7,3,19,15,13,5,14,11,23,1,6,16],[15,23,3,19,11,7,5,13,14,1,6,8,16,2],[23,19,7,11,15,5,13,6,14,1,3,8,16,2],[23,7,3,19,11,15,13,5,6,14,1,8,16,2],[19,3,7,23,15,5,13,6,14,11,1,16],[15,23,3,7,5,13,6,14,11,19,1,16],[7,23,19,3,15,5,13,6,14,11,1,8,16,2],[15,7,5,13,6,14,19,11,23,3,1,16],[7,19,3,15,5,13,6,14,11,23,1,8,16,2],[15,11,3,7,13,5,6,14,19,23,1,8,16,2],[19,7,11,3,15,13,5,14,23,1,6,16],[15,3,19,23,7,5,13,6,14,11,1,8,16,2],[19,3,11,15,7,13,5,6,14,23,1,8,16,2],[11,3,23,7,19,15,5,13,14,1,6,16],[11,3,7,19,23,15,13,5,6,14,1,8,16,2],[15,7,5,13,14,11,23,1,19,3,6,16],[19,11,7,23,15,5,13,6,14,3,1,16],[3,11,7,23,19,15,5,13,14,1,6,8,16,2],[19,3,7,23,11,15,5,13,6,14,1,16],[15,7,13,5,6,14,19,3,11,23,1,8,16,2],[19,11,3,23,7,15,13,5,6,14,1,2],[7,3,15,13,5,14,23,19,11,1,6,4],[11,3,19,15,7,5,13,6,14,23,1,8,16,2],[3,23,19,11,7,15,13,5,6,14,1,8,16,2],[11,19,23,7,15,5,13,14,3,1,6,16],[15,7,5,13,14,11,3,19,23,1,6,16],[11,15,23,7,13,5,14,3,19,1,6,16],[7,15,5,13,6,14,23,11,3,19,1,8,16,2],[11,15,3,7,13,5,14,23,19,1,6,8,16,2],[3,11,19,7,23,15,5,13,14,1,6,16],[3,11,23,15,7,5,13,14,19,1,6,16],[11,3,23,19,15,7,5,13,14,1,6,8,16,2],[19,23,7,15,13,5,14,3,11,1,6,8,16,2],[11,3,15,19,7,5,13,6,14,23,1,16],[15,23,7,5,13,14,19,3,11,1,8,6,16,2],[23,19,7,11,3,15,5,13,6,14,1,8,16,2],[11,3,15,23,19,7,5,13,6,14,1,2],[11,19,3,23,15,7,5,13,6,14,1,8,16,2],[11,3,19,7,23,15,5,13,6,14,1,8,16,2],[7,19,23,3,11,15,5,13,6,14,1,16],[23,15,11,7,5,13,6,14,19,3,1,8,16,2],[19,15,3,7,5,13,14,23,11,1,6,8,16,2],[15,19,23,7,5,13,14,3,11,1,6,16],[19,15,23,11,3,7,5,13,6,14,1,16],[19,15,23,7,5,13,6,14,11,3,1,16],[3,11,23,7,19,15,13,5,14,1,6,16],[15,11,19,23,3,7,13,5,6,14,1,8,16,2],[11,7,3,19,23,15,13,5,6,14,1,8,16,2],[3,7,11,23,15,13,5,6,14,19,1,8,16,2],[7,15,13,5,6,14,3,11,23,19,1,16],[15,7,13,5,6,14,19,3,11,23,1,16],[23,15,3,7,13,5,14,19,11,1,6,8,16,2],[23,11,19,15,3,7,5,13,14,1,6,16],[7,23,11,15,13,5,6,14,19,3,1,8,16,2],[7,15,13,5,6,14,19,11,3,23,1,8,16,2],[19,23,3,15,11,7,13,5,14,1,6,16],[7,19,15,13,5,14,11,3,23,1,6,8,16,2],[7,15,5,13,14,23,11,19,3,1,6,8,16,2],[23,7,11,3,15,5,13,6,14,19,1,8,16,2],[15,11,23,3,19,7,5,13,14,1,6,8,16,2],[3,11,15,23,7,5,13,14,19,1,6,16],[3,19,11,7,15,13,5,6,14,23,1,16],[15,3,7,5,13,14,11,19,23,1,6,8,16,2],[15,23,7,5,13,6,14,19,11,3,1,8,16,2],[3,23,15,11,19,7,5,13,6,14,1,16],[7,11,15,13,5,6,14,3,23,19,1,16],[11,3,7,15,5,13,6,14,23,19,1,16],[23,3,11,19,7,15,5,13,6,14,1,16],[3,15,19,23,7,13,5,14,11,1,6,8,16,2],[3,11,19,23,15,7,5,13,6,14,1,16],[11,23,7,19,3,15,5,13,6,14,1,8,16,2],[15,7,13,5,6,14,23,3,19,11,2,1],[7,11,15,13,5,6,14,1,19,23,3,8,16,2],[19,11,7,3,23,15,5,13,14,1,6,16],[15,11,23,3,19,7,13,5,6,14,1,16],[23,3,19,7,15,5,13,6,14,11,1,8,16,2],[23,7,11,15,5,13,6,14,3,19,1,8,16,2],[23,7,15,5,13,14,3,19,11,1,6,16],[19,7,3,23,11,15,13,5,14,1,6,8,16,2],[7,3,19,11,15,13,5,6,14,23,1,16],[7,15,5,13,6,14,11,23,3,19,1,8,16,2],[15,3,7,5,13,14,19,11,23,1,6,16],[15,3,7,13,5,6,14,23,11,19,1,16],[11,23,7,19,3,15,5,13,14,1,6,8,16,2],[19,11,23,15,3,7,5,13,6,14,1,2],[15,19,23,7,5,13,6,14,11,3,1,8,16,2],[15,23,7,5,13,6,14,11,3,19,1,16],[3,15,23,19,7,5,13,6,14,11,1,2],[23,7,19,11,3,15,13,5,14,1,6,8,16,2],[23,11,15,7,5,13,14,3,19,1,6,8,16,2],[19,11,3,15,23,7,5,13,14,1,6,8,16,2],[19,23,11,7,3,15,5,13,14,1,6,8,16,2],[15,23,11,3,7,5,13,14,19,1,6,8,16,2],[3,23,11,19,7,15,13,5,6,14,1,8,16,2],[11,7,3,19,15,13,5,6,14,23,1,2],[19,9,15,23,3,7,13,5,14,1,6],[23,7,11,15,5,13,14,3,19,1,6,2],[7,15,13,5,14,23,3,19,11,1,6,8,16,2],[3,15,11,23,19,7,5,13,6,14,1,16],[19,7,3,15,5,13,6,14,22,11,1,16],[11,3,19,7,15,13,5,14,23,1,6,8,16,2],[19,3,7,15,13,5,6,14,11,21,23,1,8,16,2],[11,15,19,3,7,5,13,6,14,23,1,16],[7,11,19,3,15,5,13,6,14,23,1,8,16,2],[7,19,15,13,5,6,14,23,11,3,1,16],[15,19,23,11,7,13,5,14,1,3,6,2],[7,19,11,15,13,5,6,14,1,23,3,8,16,2],[3,19,23,11,15,7,5,13,14,1,6,8,16,2],[15,23,19,3,11,7,13,5,14,1,6,8,16,2],[23,3,15,19,11,7,13,5,6,14,1,16],[15,23,19,3,11,7,13,5,14,1,6,8,16,2],[19,11,23,3,15,7,13,5,6,14,1,8,16,2],[11,19,15,23,3,7,13,5,14,1,6,8,16,2],[11,23,7,19,3,15,5,13,14,1,8,6,16,2],[7,15,5,13,14,23,3,19,11,1,6,8,16,2],[7,19,11,15,5,13,6,14,3,23,1,8,16,2],[15,19,11,23,3,7,5,13,6,14,1,8,16,2],[23,7,19,15,5,13,6,14,3,11,1,8,16,2],[15,7,5,13,14,11,23,3,19,1,6,8,16,2],[7,19,15,13,5,14,11,3,23,1,6,8,16,2],[7,23,11,19,3,15,13,5,14,1,6,16],[15,23,11,19,3,7,13,5,6,14,1,16],[23,7,19,15,13,5,14,11,3,2,6,1],[11,19,23,3,15,7,13,5,14,1,6,16],[3,15,23,19,7,13,5,14,11,1,8,6,16,2],[15,11,7,5,13,14,23,3,19,1,6,8,16,2],[15,19,3,7,5,13,14,23,11,1,6,8,16,2],[19,11,7,3,23,15,13,5,6,14,1,8,16,2],[15,23,19,11,3,7,13,5,14,1,6,16],[7,3,11,15,5,13,14,23,19,1,6,16],[19,3,15,7,5,13,6,14,11,23,1,8,16,2],[19,3,15,7,13,5,14,23,11,1,6,16],[7,15,13,5,6,14,3,11,23,19,1,8,16,2],[15,11,7,5,13,14,19,23,3,1,6,16],[23,3,19,7,15,5,13,6,14,11,1,16],[19,23,3,15,11,7,5,13,6,14,1,16],[19,3,11,15,7,5,13,6,14,23,1,8,16,2],[19,3,23,7,15,13,5,6,14,11,1,16],[19,11,23,15,3,7,13,5,14,1,6,16],[19,3,15,11,23,7,5,13,14,1,6,16],[7,19,3,15,13,5,14,23,11,1,6,8,16,2],[15,3,7,13,5,14,23,19,11,1,6,2],[19,11,3,23,7,15,5,13,6,14,1,16],[11,3,7,19,15,13,5,14,23,1,6,16],[7,3,15,13,5,6,14,19,23,11,1,16],[3,7,19,23,15,13,5,14,11,1,6,2],[15,7,5,13,14,11,19,23,3,1,6,16],[15,11,23,7,5,13,14,19,3,1,8,6,16,2],[11,7,23,19,3,15,13,5,6,14,1,8,16,2],[11,15,19,3,23,7,5,13,14,1,6,8,16,2],[11,3,7,15,5,13,6,14,23,19,1,16],[15,19,11,23,3,7,5,13,6,14,1,16],[7,19,11,23,3,15,13,5,14,1,6,16],[11,23,3,15,19,7,5,13,6,14,1,8,16,2],[23,15,11,3,19,7,13,5,14,1,6,8,16,2],[7,11,23,15,5,13,6,14,19,3,1,16],[11,15,3,23,7,5,13,6,14,19,1,16],[15,19,3,7,5,13,6,14,11,23,1,8,16,2],[11,19,23,15,7,13,5,6,14,3,1,8,16,2],[15,3,23,19,11,7,5,13,6,14,1,16],[11,19,23,15,7,13,5,14,3,1,6,8,16,2],[7,23,15,5,13,6,14,19,3,11,1,16],[19,3,11,23,15,7,5,13,6,14,1,8,16,2],[3,23,19,15,11,7,5,13,6,14,1,16],[19,11,15,3,23,7,5,13,6,14,1,8,16,2],[7,23,3,19,11,15,5,13,14,1,6,2],[11,7,23,15,13,5,14,19,3,1,6,8,16,2],[3,15,11,7,13,5,14,23,19,1,6,16],[11,23,15,3,19,7,13,5,14,1,6,8,16,2],[7,15,13,5,14,19,23,3,11,1,6,16],[23,7,19,11,3,15,5,13,6,14,1,16],[11,15,23,7,13,5,6,14,19,3,1,8,16,2],[3,23,7,19,15,5,13,14,11,1,6,16],[7,11,3,15,5,13,6,14,19,23,1,8,16,2],[3,19,7,23,11,15,13,5,6,14,1,16],[15,19,7,13,5,14,11,3,23,1,6,8,16,2],[7,15,13,5,14,19,23,11,3,1,6,8,16,2],[3,23,15,7,5,13,14,19,11,1,6,16],[19,7,11,3,23,15,13,5,14,1,6,16],[15,3,11,23,19,7,5,13,14,1,6,16],[15,19,3,23,11,7,13,5,6,14,1,2],[15,23,11,3,19,7,5,13,6,14,1,16],[3,23,7,11,15,5,13,14,19,1,6,8,16,2],[3,19,15,11,7,5,13,6,14,23,1,16],[11,23,7,15,13,5,6,14,17,19,3,1,16],[3,7,11,15,5,13,6,14,19,23,1,2],[19,3,11,15,23,7,5,13,14,1,6,8,16,2],[3,7,19,23,11,15,5,13,6,14,1,8,16,2],[15,3,9,7,13,5,6,14,19,23,1],[3,7,11,15,13,5,14,23,19,1,6,16],[11,3,15,19,7,5,13,6,14,23,1,16],[23,11,15,3,19,7,5,13,6,14,1,8,16,2],[19,11,7,15,5,13,6,14,3,23,1,4],[19,11,15,23,7,5,13,6,14,3,1,16],[23,15,11,19,7,13,5,6,14,3,1,16],[11,7,3,19,15,5,13,14,23,1,6,16],[23,7,3,11,15,13,5,6,14,19,1,8,16,2],[3,19,15,11,7,5,13,14,23,1,6,8,16,2],[11,15,19,7,5,13,6,14,23,3,1,8,16,2],[15,7,13,5,6,14,19,23,3,11,1,16],[11,3,7,23,15,5,13,6,14,19,1,8,16,2],[11,3,19,7,23,15,13,5,14,1,6,8,16,2],[19,7,11,23,3,15,13,5,6,14,1,16],[11,23,7,15,13,5,6,14,3,19,1,16],[11,23,3,7,19,15,5,13,14,1,6,8,16,2],[7,11,15,13,5,14,19,23,3,1,6,16],[3,11,19,23,7,15,5,13,6,14,1,16],[19,11,23,7,3,15,13,5,6,14,1,8,16,2],[11,15,3,7,5,13,14,19,23,1,6,16],[23,19,15,11,7,5,13,14,3,1,6,8,16,2],[15,7,5,13,14,19,3,23,11,1,6,2],[3,23,11,7,19,15,5,13,6,14,1,16],[11,23,15,3,7,13,5,6,14,19,1,16],[11,3,19,15,7,13,5,14,23,1,6,8,16,2],[15,23,7,5,13,14,19,11,3,1,6,16],[11,7,3,23,19,15,13,5,6,14,1,8,16,2],[19,3,15,11,7,5,13,14,23,1,6,16],[7,15,13,5,14,19,3,23,11,1,6,8,16,2],[3,11,23,7,19,15,13,5,14,1,6,16],[11,15,7,5,13,14,19,23,3,1,6,16],[3,19,11,15,23,7,13,5,6,14,1,8,16,2],[19,15,3,7,5,13,6,14,23,11,1,8,16,2],[11,7,3,19,23,15,13,5,6,14,1,8,16,2],[15,11,23,19,7,13,5,14,3,1,6,16],[15,19,11,3,23,7,5,13,14,1,6,8,16,2],[19,7,3,15,5,13,14,23,11,1,6,16],[7,15,13,5,14,19,3,23,11,1,6,8,16,2],[3,19,7,11,23,15,5,13,6,14,1,16],[11,19,23,7,15,5,13,14,3,1,6,8,16,2],[23,19,15,3,11,7,13,5,14,1,6,8,16,2],[15,3,7,13,5,14,23,19,11,1,6,2],[3,15,11,19,7,13,5,6,14,23,1,16],[7,15,5,13,14,11,3,23,19,1,6,8,16,2],[15,7,13,5,14,19,23,11,3,1,6,8,16,2],[23,19,11,15,7,13,5,6,14,3,1,16],[11,15,7,13,5,14,19,3,23,1,6,8,16,2],[3,7,11,23,19,15,13,5,14,1,6,16],[11,23,15,3,7,5,13,14,19,1,6,8,16,2],[7,19,15,5,13,6,14,11,3,23,1,8,16,2],[15,3,19,7,5,13,14,11,23,1,6,8,16,2],[7,15,13,5,6,14,3,23,11,19,1,16],[3,19,7,23,11,15,13,5,14,1,6,2],[15,11,3,19,23,7,5,13,14,1,6,8,16,2],[23,3,19,11,15,7,13,5,14,1,6,8,16,2],[23,11,19,3,7,15,5,13,6,14,1,8,16,2],[7,15,5,13,14,23,19,11,1,3,6,16],[15,11,3,19,7,13,5,6,14,23,1,16],[19,11,23,15,3,7,13,5,6,14,1,2],[11,19,23,15,7,5,13,6,14,3,1,16],[19,7,23,15,13,5,6,14,3,11,1,8,16,2],[23,3,19,7,11,15,5,13,6,14,1,8,16,2],[15,23,19,11,7,13,5,14,3,1,6,16],[11,15,3,23,7,13,5,6,14,19,1,8,16,2],[15,11,3,19,23,7,5,13,14,1,6,16],[15,23,3,19,11,7,13,5,14,1,6,8,16,2],[7,11,19,23,15,5,13,14,3,1,6,8,16,2],[15,7,5,13,14,3,11,19,23,1,6,8,16,2],[23,15,11,19,7,5,13,14,3,1,6,8,16,2],[23,7,3,19,11,15,5,13,14,1,6,16],[19,11,3,7,15,13,5,6,14,23,1,2],[3,15,23,7,13,5,14,11,19,1,6,16],[15,23,11,19,3,7,13,5,14,1,6,8,16,2],[7,19,3,11,15,13,5,14,23,1,6,8,16,2],[3,15,19,23,11,7,13,5,14,1,6,16],[23,11,3,15,19,7,5,13,14,1,6,8,16,2],[15,11,23,3,19,7,5,13,14,1,6,16],[15,19,11,3,7,13,5,6,14,21,23,1,8,16,2],[7,19,15,13,5,14,23,11,3,1,6,16],[19,7,3,11,23,15,13,5,6,14,1,16],[19,11,3,15,23,7,5,13,6,14,1,16],[3,15,7,13,5,14,23,19,11,1,6,16],[19,15,3,11,7,13,5,6,14,23,1,8,16,2],[11,19,3,15,23,7,13,5,6,14,1,8,16,2],[23,15,11,19,3,7,5,13,6,14,1,16],[23,19,7,15,13,5,6,14,11,3,1,8,16,2],[7,11,15,13,5,14,3,19,23,1,6,16],[23,3,19,7,11,15,13,5,6,14,1,8,16,2],[7,19,23,11,15,13,5,14,3,1,6,16],[7,11,23,15,5,13,14,3,19,1,6,8,16,2],[11,7,23,15,13,5,6,14,3,19,1,8,16,2],[3,23,11,7,19,15,5,13,6,14,1,8,16,2],[11,19,7,23,3,15,13,5,6,14,1,16],[3,15,7,5,13,6,14,19,23,11,1,16],[19,23,15,7,5,13,14,3,11,1,6,16],[3,7,11,19,15,13,5,6,14,23,1,16],[7,15,13,5,14,3,23,11,19,1,6,16],[15,11,19,3,7,13,5,14,23,1,6,8,16,2],[3,15,11,7,5,13,6,14,23,19,1,2],[15,23,3,7,13,5,6,14,19,11,1,16],[3,11,15,23,19,7,5,13,14,1,6,16],[23,15,3,19,7,13,5,6,14,11,1,2],[15,3,19,7,13,5,14,11,23,1,6,8,16,2],[11,3,23,7,15,5,13,14,19,1,6,16],[19,7,11,15,5,13,6,14,3,23,1,16],[7,11,15,13,5,6,14,19,3,23,1,8,16,2],[11,15,23,19,3,7,5,13,14,1,6,8,16,2],[23,19,15,3,11,7,5,13,6,14,1,8,16,2],[3,7,19,23,11,15,5,13,14,1,6,16],[15,7,5,13,6,14,3,19,23,11,1,8,16,2],[19,15,11,3,7,5,13,6,14,23,1,8,16,2],[15,19,23,7,13,5,6,14,3,11,1,16],[11,3,15,7,13,5,6,14,23,19,1,8,16,2],[19,7,11,23,3,15,5,13,6,14,1,8,16,2],[3,15,19,23,11,7,5,13,6,14,1,16],[7,23,15,5,13,14,11,19,3,1,6,8,16,2],[23,19,7,15,5,13,14,11,3,1,8,6,16,2],[11,7,19,15,13,5,6,14,23,3,1,16],[23,15,7,5,13,6,14,11,19,3,1,16],[11,19,3,7,23,15,5,13,14,1,6,16],[3,11,7,23,15,5,13,14,19,1,6,8,16,2],[15,19,11,23,3,7,13,5,6,14,1,8,16,2],[15,23,11,3,19,7,5,13,14,1,6,8,16,2],[15,11,19,3,23,7,5,13,6,14,1,8,16,2],[7,23,19,11,15,13,5,14,3,1,6,16],[11,23,15,19,3,7,5,13,14,1,6,16],[23,7,19,15,13,5,6,14,11,3,1,8,16,2],[15,11,7,13,5,14,17,19,3,23,1,6,8,16,2],[3,11,15,7,13,5,6,14,23,19,1,8,16,2],[15,3,19,7,5,13,6,14,11,23,1,8,16,2],[19,11,3,15,23,7,5,13,6,14,1,8,16,2],[15,19,7,5,13,14,3,11,23,1,8,6,16,2],[11,19,23,3,15,7,13,5,14,1,6,16],[7,23,11,3,15,5,13,14,19,1,6,16],[23,19,3,11,7,15,5,13,6,14,1,16],[15,23,3,7,13,5,6,14,11,19,1,16],[7,3,15,5,13,14,19,23,11,1,6,8,16,2],[3,19,23,15,7,13,5,6,14,11,1,16],[15,3,19,11,7,13,5,14,23,1,6,16],[3,19,23,11,7,15,13,5,6,14,1,16],[7,11,15,13,5,14,23,19,3,1,6,8,16,2],[11,23,19,7,15,13,5,14,3,1,8,6,16,2],[23,19,11,15,7,13,5,6,14,3,1,16],[3,11,19,15,7,5,13,14,23,1,6,16],[23,7,15,5,13,14,11,3,19,1,6,16],[19,23,7,3,15,13,5,14,11,1,6,16],[23,7,11,15,13,5,6,14,19,3,1,8,16,2],[23,19,3,15,7,13,5,14,11,1,6,16],[23,19,15,7,5,13,6,14,3,11,1,8,16,2],[7,23,11,19,3,15,5,13,14,1,6,16],[15,19,23,7,13,5,6,14,11,3,1,8,16,2],[19,15,11,23,3,7,13,5,14,1,8,6,16,2],[11,3,23,15,19,7,5,13,14,1,6,8,16,2],[11,7,23,15,13,5,6,14,3,19,1,16],[15,11,7,13,5,6,14,3,23,19,1,2],[23,11,19,7,3,15,5,13,14,1,6,8,16,2],[23,11,15,19,7,5,13,14,3,1,6,16],[19,11,23,3,7,15,13,5,6,14,1,2],[3,23,15,7,13,5,6,14,11,19,1,16],[7,11,19,3,23,15,5,13,14,1,6,8,16,2],[3,15,7,13,5,14,19,23,11,1,6,8,16,2],[19,15,11,7,13,5,14,3,23,1,6,16],[15,7,13,5,6,14,19,11,1,23,3,8,16,2],[19,15,3,7,13,5,6,14,11,23,1,8,16,2],[15,3,11,7,5,13,6,14,23,19,1,16],[7,15,13,5,14,23,11,19,3,1,6,8,16,2],[19,11,23,3,15,7,5,13,6,14,1,8,16,2],[19,3,7,11,23,15,5,13,14,1,6,8,16,2],[3,15,19,7,13,5,14,11,23,1,6,2],[3,23,19,7,11,15,5,13,6,14,1,8,16,2],[23,19,7,11,15,13,5,6,14,3,1,16],[23,15,3,19,7,5,13,6,14,11,1,8,16,2],[19,23,7,15,13,5,14,11,3,1,6,16],[3,7,15,5,13,6,14,23,19,11,1,16],[11,7,19,3,23,15,13,5,14,1,6,8,16,2],[11,19,23,15,7,13,5,14,2,3,6,1],[15,11,23,3,19,7,5,13,14,1,6,2],[11,3,7,19,15,5,13,14,23,1,6,8,16,2],[19,15,3,11,7,13,5,6,14,23,1,8,16,2],[15,19,7,5,13,6,14,11,23,3,1,8,16,2],[7,23,15,13,5,6,14,11,19,3,1,8,16,2],[15,19,23,3,11,7,5,13,6,14,1,2],[19,15,23,7,5,13,6,14,11,3,1,8,16,2],[15,23,11,7,5,13,6,14,19,3,1,16],[11,19,3,7,23,15,5,13,14,1,6,8,16,2],[19,15,3,11,23,7,13,5,14,1,6,8,16,2],[3,23,15,19,11,7,5,13,6,14,1,8,16,2],[3,15,7,13,5,6,14,19,11,23,1,8,16,2],[19,23,7,11,15,13,5,6,14,3,1,16],[11,15,23,3,7,13,5,6,14,19,1,16],[19,11,7,15,5,13,6,14,3,23,1,16],[23,19,3,11,15,7,13,5,14,1,6,8,16,2],[23,15,11,19,3,7,5,13,6,14,1,2],[7,15,13,5,6,14,11,23,19,3,1,16],[23,7,3,11,15,13,5,14,19,1,6,8,16,2],[23,11,3,15,19,7,5,13,6,14,1,16],[7,11,23,19,15,13,5,6,14,3,1,16],[11,23,7,3,15,5,13,6,14,19,1,16],[7,3,15,13,5,6,14,19,11,23,1,16],[11,19,3,23,7,15,5,13,6,14,1,8,16,2],[7,19,3,15,5,13,14,23,11,1,6,8,16,2],[23,11,3,19,7,15,5,13,14,1,6,16],[7,3,11,23,15,5,13,14,19,1,6,8,16,2],[7,11,3,23,15,13,5,14,19,1,6,16],[7,11,15,13,5,6,14,21,23,3,19,1,2],[23,3,15,11,19,7,5,13,14,1,6,16],[11,7,3,19,15,13,5,14,23,1,6,8,16,2],[15,7,5,13,6,14,11,23,19,3,1,16],[23,19,15,3,11,7,13,5,6,14,1,16],[15,11,23,19,7,5,13,14,3,1,6,8,16,2],[23,3,11,7,19,15,13,5,14,1,6,8,16,2],[3,19,23,11,15,7,5,13,6,14,1,8,16,2],[7,3,23,19,11,15,5,13,6,14,1,16],[7,11,3,15,13,5,14,19,23,1,6,8,16,2],[11,19,3,7,15,13,5,14,23,1,6,8,16,2],[7,11,23,3,19,15,5,13,14,1,6,8,16,2],[11,7,23,3,15,5,13,14,19,1,6,16],[7,3,11,15,5,13,6,14,23,19,1,8,16,2],[15,7,5,13,14,19,3,23,9,1,6],[23,11,3,15,19,7,13,5,14,1,6,16],[23,15,11,7,5,13,6,14,3,19,1,8,16,2],[11,23,3,7,19,15,5,13,6,14,1,16],[11,3,23,15,19,7,13,5,14,1,6,8,16,2],[7,15,13,5,6,14,11,23,3,19,1,8,16,2],[11,19,7,23,3,15,13,5,6,14,1,8,16,2],[11,7,3,23,13,15,5,6,14,17,19,1,8,16,2],[23,7,11,3,15,13,5,14,17,19,1,6,8,16,2],[19,3,15,11,7,5,13,6,14,23,1,8,16,2],[11,7,3,15,13,5,14,19,23,1,6,8,16,2],[7,15,13,5,6,14,11,19,23,3,1,8,16,2],[23,11,15,3,7,13,5,6,14,19,1,8,16,2],[3,7,19,15,5,13,14,11,23,1,6,8,16,2]],"n_human":10}