{"problem_id":"egiGMVVCgtd1M6z","sigma":150,"alpha":0.100,"cost":8,"probabilities":"[0.45, 0.48, 0.01, 0.06]","payoff_matrix":"[[55, -95, -176, 239, -480, 126], [-182, 169, 28, -30, 201, -29], [-60, -34, 162, 231, -125, -47], [37, 33, -218, 25, 75, -13]]","uncovered":[[18,10,2],[18,10,22],[6,18,5,17,2,14,10,22,9],[2,22,14,18],[18,22,2],[2,6,18,17,14,22],[14,6,18,5],[6,10,18,5],[14,22,10,18],[2,14,22,6,18,5],[2,22,6,18,5],[18,2,14],[10,6,18,17,14,22,2],[22,18,2],[10,22,6,2,18,17,14],[18,14,10],[18,22,10],[18,2,22],[6,22,18,5],[18,2,14],[18,6,17,2,10,14,22],[22,14,6,10,18,5],[10,6,2,18,17,22,14],[10,2,22,6,18,5],[22,2,6,18,5],[18,22,14],[2,6,14,10,22,18,17],[10,2,22,14,18],[2,10,22,6,18,17,14],[22,18,2],[2,14,10,22,6,18,5],[2,14,18],[14,2,10,18],[2,18,14],[10,22,18],[18,14,22],[2,18,10],[14,22,2,18],[10,14,6,22,18,17,2],[18,14,22],[22,6,18,17,2,10,14],[2,14,22,18],[6,10,18,17,22,14,2],[22,10,18],[22,10,6,2,18,17,14],[18,6,5,17,10,2,14,22,9],[6,22,10,14,2,18,17],[2,14,6,10,18,17,22],[22,18,10],[6,14,2,10,18,17,22],[2,6,10,14,18,5],[2,6,10,22,14,18,5],[22,2,6,14,10,18,17],[10,22,2,14,18],[22,18,14],[10,6,14,2,18,17,22],[2,6,18,5],[6,2,14,18,5],[14,22,10,6,18,5],[18,14,10],[2,18,14],[22,18,10],[18,14,10],[6,18,17,14,22,2],[18,22,10],[22,14,2,18],[10,22,6,18,5],[18,14,10],[6,22,10,14,18,5],[22,14,10,6,2,18,17],[10,2,22,18],[10,6,14,2,18,5],[18,14,6,5],[6,2,22,14,10,18,17],[6,22,2,18,5],[14,18,22],[22,10,2,6,14,18,5],[18,2,14],[18,14,22],[14,22,18],[2,22,18],[22,6,10,18,17,2,14],[18,10,6,17,2,14,22],[2,14,10,18],[22,18,2],[18,14,22],[10,2,18],[2,10,18],[10,22,18],[14,6,2,10,22,18,17],[6,22,10,14,18,5],[6,10,2,22,18,5],[10,22,6,18,17,14,2],[18,2,14],[2,10,6,18,17,22,14],[10,2,18],[10,2,22,14,18],[6,18,17,2,14,22],[18,10,22],[14,18,10],[18,2,22],[22,18,10],[18,6,17,10,22,2,14],[6,14,2,22,18,5],[22,10,2,14,6,18,17],[18,6,17,2,22,10,14],[6,22,10,14,2,18,5],[2,10,18],[10,22,2,14,18],[14,22,6,2,10,18,17],[6,10,18,17,2,22,14],[10,14,18],[14,2,6,22,10,18,5],[14,2,6,10,22,18,17],[22,14,6,10,2,18,5],[22,2,14,6,18,17],[10,6,14,18,17,2,22],[2,10,22,6,14,18,17],[10,2,14,22,18],[10,18,6,5],[18,2,22],[2,14,10,22,18],[6,10,14,18,17,2,22],[22,10,14,6,2,18,17],[10,22,6,2,14,18,5],[18,2,10],[6,10,18,5],[22,6,14,18,17,2],[2,18,6,17,10,22,14],[18,2,22],[22,6,14,2,10,18,5],[22,14,10,2,18],[2,10,14,6,22,18,5],[6,22,10,2,18,5],[10,14,6,18,5],[14,18,2],[6,10,2,14,18,17,22],[6,18,5,17,14,2,22,10,9],[2,14,18],[10,14,2,22,6,18,17],[2,22,18],[10,22,2,18],[14,6,18,17,22,10,2],[18,14,22],[2,6,18,17,22,10,14],[14,2,10,22,18],[2,14,22,10,18],[22,10,18],[22,2,10,14,18],[18,14,22],[6,14,22,2,18,5],[10,2,6,22,14,18,5],[14,18,6,17,10,2,22],[6,10,18,17,2,14,22],[2,22,10,6,18,17,14],[22,2,10,6,14,18,5],[10,18,6,17,22,14,2],[10,6,14,2,18,5],[18,14,22],[10,2,6,14,22,18,5],[14,10,6,18,17,2,22],[10,14,18],[22,18,10],[6,18,5,17,2,14,22,10,9],[14,18,2],[6,22,14,10,18,17,2],[18,2,10],[18,6,17,10,22,2,14],[14,18,6,17,22,2,10],[18,6,5,17,2,10,14,22,9],[2,10,14,6,18,5],[10,14,6,2,22,18,5],[22,2,14,18],[6,18,5,17,10,22,14,2,9],[14,2,6,22,10,18,5],[6,10,22,18,17,2,14],[6,10,18,5],[22,6,10,18,17,2,14],[22,2,14,18],[10,2,14,6,22,18,17],[22,18,2],[22,2,6,14,18,5],[22,6,18,17,14,10,2],[2,22,14,6,10,18,17],[2,18,10],[18,10,6,17,14,2,22],[2,6,18,5],[22,6,18,17,10,14,2],[10,22,14,18],[18,6,17,14,10,22,2],[10,14,2,22,6,18,17],[10,6,2,22,18,17,14],[22,10,18],[22,6,14,18,17,10,2],[2,22,10,6,18,17,14],[18,10,22],[14,2,6,22,18,17],[18,2,22],[14,22,10,2,6,18,17],[22,14,10,18],[2,14,18],[10,2,6,18,5],[10,18,2],[22,18,10],[14,18,6,17,22,2],[18,2,10],[22,18,14],[14,6,18,17,10,2,22],[14,6,18,5],[22,14,10,2,6,18,5],[2,10,14,22,6,18,5],[22,2,18],[6,14,18,17,2,22],[10,22,6,14,2,18,17],[22,6,10,14,18,5],[6,18,17,22,10,2,14],[22,18,2],[6,22,10,14,18,17,2],[22,6,18,5],[22,18,2],[2,14,6,18,17,22],[10,14,18],[18,22,2],[2,18,22],[22,14,2,10,18],[18,6,5,17,22,2,10,14,9],[6,14,22,18,5],[2,14,22,10,18],[14,18,6,5],[18,10,2],[2,10,22,18],[22,10,14,6,18,5],[14,22,10,2,6,18,5],[6,10,14,2,18,5],[10,18,2],[2,6,22,18,5],[6,18,17,14,10,2,22],[6,22,10,2,18,5],[10,18,2],[10,2,14,22,18],[6,2,18,5],[22,10,6,18,5],[18,6,17,14,22,10,2],[14,10,6,18,17,2,22],[10,6,14,2,18,17,22],[10,18,22],[2,6,14,18,5],[14,10,2,22,18],[10,2,22,18],[14,6,18,17,10,22,2],[18,2,6,5],[22,2,6,18,17,10,14],[14,22,18],[2,6,14,10,18,17,22],[6,10,22,18,5],[14,10,6,18,5],[14,6,10,18,17,22,2],[22,14,18],[22,10,14,6,18,17,2],[10,18,6,5],[18,6,17,2,14,10,22],[10,6,2,14,18,5],[10,18,22],[6,14,10,2,22,18,17],[22,18,6,5],[22,6,10,2,14,18,5],[14,10,6,22,18,5],[6,22,2,10,18,5],[14,10,18],[10,22,18],[14,2,22,6,18,5],[18,2,14],[10,2,6,14,22,18,5],[14,18,2],[22,2,18],[18,14,2],[22,18,2],[14,22,2,18],[6,22,10,18,17,14,2],[22,18,10],[10,14,22,6,2,18,5],[6,22,10,14,2,18,17],[6,10,18,17,14,2,22],[18,22,14],[2,18,14],[6,10,18,17,14,22,2],[2,14,22,10,18],[14,22,18],[2,10,6,14,18,17,22],[10,2,6,14,22,18,17],[22,18,14],[10,2,22,6,18,5],[22,6,2,14,10,18,5],[22,10,2,6,18,17,14],[14,2,6,10,18,5],[22,14,6,2,10,18,5],[22,6,18,17,10,2,14],[10,22,2,6,18,17,14],[22,2,10,6,18,5],[14,22,18],[14,6,18,17,2,10,22],[18,10,2],[2,10,14,18],[10,18,6,17,14,2,22],[18,14,10],[14,22,6,10,18,5],[14,2,6,10,18,17,22],[18,22,14],[18,14,2],[14,2,18],[18,6,5,17,14,22,10,2,9],[14,22,10,6,2,18,17],[14,10,18],[22,6,10,2,14,18,5],[14,6,22,10,18,17,2],[10,14,2,6,22,18,17],[18,10,6,17,22,2,14],[2,22,14,6,18,5],[14,10,22,18],[10,18,22],[18,22,14],[14,2,18],[22,2,6,14,18,5],[10,6,14,2,22,18,17],[14,6,2,22,18,17],[10,22,2,6,14,18,17],[6,18,17,14,22,10,2],[6,10,22,14,18,5],[18,10,2],[2,10,14,22,6,18,5],[14,2,18],[2,18,22],[10,18,22],[10,2,22,18],[14,2,10,6,18,5],[2,6,10,18,5],[10,14,18],[2,22,6,10,14,18,17],[2,6,22,10,18,5],[6,2,14,22,10,18,5],[18,6,17,2,14,10,22],[14,10,2,18],[14,10,2,22,18],[14,10,2,22,6,18,17],[18,22,14],[22,18,2],[10,6,22,2,14,18,5],[2,10,18],[6,2,18,17,10,14,22],[22,6,2,10,18,17,14],[14,2,6,10,22,18,5],[6,22,10,2,14,18,17],[18,22,14],[22,6,10,14,18,17,2],[10,18,14],[10,22,18],[18,6,5,17,14,2,22,10,9],[14,18,2],[22,10,2,14,6,18,17],[18,10,22],[10,6,18,17,2,22,14],[22,10,2,14,18],[14,6,10,22,2,18,5],[22,14,2,6,18,17,10],[6,10,14,2,22,18,17],[14,22,6,18,17,2],[10,22,18],[6,2,14,10,18,5],[2,6,22,14,10,18,5],[10,22,18],[14,2,6,18,5],[18,10,2],[6,2,22,18,5],[22,10,6,18,17,14,2],[18,14,10],[14,2,18],[10,6,18,5],[18,10,22],[2,18,10],[6,22,14,10,18,5],[22,6,2,14,18,17],[22,14,10,2,6,18,5],[6,22,14,10,18,5],[22,2,18],[6,18,5,17,2,22,10,14,9],[14,22,2,10,6,18,5],[10,22,2,6,18,17,14],[10,6,14,18,5],[10,14,18],[6,2,22,14,10,18,5],[2,22,6,14,18,5],[10,18,2],[6,10,22,2,18,5],[6,14,18,17,2,10,22],[6,10,2,14,22,18,17],[2,18,22],[10,6,18,17,2,22,14],[14,22,6,10,18,17,2],[6,10,22,14,18,17,2],[22,6,10,14,2,18,5],[6,14,18,17,22,2,10],[6,10,18,5],[2,14,6,22,10,18,5],[2,18,22],[10,6,22,14,2,18,17],[10,22,18],[2,10,6,18,5],[6,14,2,18,17,10,22],[14,10,18],[14,10,6,18,17,2,22],[6,10,22,14,18,5],[2,6,10,22,18,5],[22,10,6,2,14,18,17],[14,6,10,2,18,5],[2,14,18],[2,22,18],[22,6,18,5],[2,10,6,22,18,17,14],[22,18,10],[10,6,18,5],[6,14,18,17,2,22],[6,22,18,5],[6,18,5,17,10,14,2,22,9],[22,6,10,14,18,17,2],[10,2,18],[10,22,6,2,18,5],[6,10,18,17,14,2,22],[22,14,10,18],[6,22,2,14,18,17],[2,14,18],[22,14,10,2,6,18,17],[18,10,2],[6,18,17,14,10,2,22],[22,6,2,10,14,18,17],[2,6,10,18,17,14,22],[18,10,22],[22,18,2],[14,22,10,18],[2,10,22,6,18,5],[18,14,6,17,10,22,2],[6,14,10,22,2,18,17],[22,14,6,10,2,18,5],[22,6,18,17,10,14,2],[6,18,5,17,14,22,2,10,9],[10,14,18],[18,22,14],[18,2],[22,2,10,14,6,18,17],[14,6,18,5],[6,14,2,18,17,22,10],[6,2,18,17,14,10,22],[10,18,14],[2,10,6,18,5],[22,14,18],[6,2,10,18,17,22,14],[14,6,10,18,17,22,2],[10,6,18,5],[2,10,18],[2,14,10,18],[10,22,6,14,2,18,17],[10,14,18],[10,22,14,2,18],[18,6,5,17,2,22,14,10,9],[18,6,17,10,14,2,22],[14,22,6,18,5],[22,2,18],[14,18,22],[14,2,22,10,6,18,5],[14,6,2,18,17,10,22],[6,22,2,18,5],[6,2,10,14,22,18,17],[22,14,6,2,10,18,17],[2,6,10,22,14,18,17],[22,14,18],[2,18,14],[2,22,6,10,18,5],[10,18,6,17,14,2,22],[18,22,14],[18,22,2],[18,22,6,17,2,10,14],[2,10,14,6,22,18,17],[2,18,14],[22,14,2,6,18,17],[10,6,14,2,18,17,22],[18,22,10],[10,14,18],[22,18,14],[18,10,14],[2,14,10,18],[6,18,5,17,22,2,10,14,9],[18,6,17,10,14,2,22],[22,6,14,18,5],[22,14,10,6,2,18,17],[18,6,17,2,10,14,22],[2,6,14,18,17,10,22],[14,6,22,18,5],[10,22,14,18],[14,22,2,6,10,18,5],[22,2,18],[6,18,17,22,14,2],[14,22,18],[6,10,18,17,2,22,14],[2,10,6,22,14,18,5],[18,22,2],[10,2,14,22,6,18,17],[18,22,14],[6,14,18,17,10,22,2],[22,18,2],[10,18,2],[22,14,10,2,6,18,17],[10,2,6,22,14,18,17],[22,18,14],[10,18,22],[18,14,6,17,10,2,22],[2,6,18,17,22,14],[14,22,18],[22,2,18],[6,22,2,18,17,14],[22,2,14,18],[14,22,18],[14,10,2,22,18],[22,2,18],[14,10,6,18,5],[18,10,2],[22,18,6,5],[14,6,22,2,18,5],[18,10,2],[10,14,22,18],[22,18,2],[22,14,6,2,10,18,17],[6,2,14,22,18,17],[2,18,22],[2,22,18],[6,18,5,17,22,14,2,10,9],[10,22,14,18],[6,14,2,22,18,5],[2,14,10,6,18,5],[18,6,5,17,22,2,14,10,9],[2,10,18],[2,6,22,10,14,18,5],[18,6,5,17,2,10,22,14,9],[22,6,14,10,2,18,17],[10,2,22,18],[6,18,17,2,14,22],[18,22,2],[10,22,6,14,18,5],[22,14,18],[18,22,10],[18,10,22],[2,6,22,18,5],[22,18,6,17,2,10,14],[2,18,22],[22,10,6,18,5],[6,22,14,18,5],[6,14,2,10,22,18,17],[14,2,6,10,18,17,22],[10,2,22,14,18],[14,18,6,5],[18,6,17,22,2,14],[10,22,6,2,18,5],[18,2,6,17,22,14],[10,18,2],[6,22,10,14,18,5],[10,2,22,18],[6,2,14,22,18,5],[14,2,18],[14,10,2,6,18,5],[6,18,17,22,10,14,2],[18,6,5,17,2,14,10,22,9],[2,10,6,22,18,17,14],[10,2,6,22,14,18,5],[14,6,18,5],[10,6,14,18,17,2,22],[18,22,6,5],[6,22,10,18,17,14,2],[10,6,14,18,17,2,22],[6,22,14,10,2,18,5],[18,2,22],[2,22,18],[18,6,5,17,2,14,10,22,9],[10,6,22,14,2,18,5],[14,2,22,10,6,18,5],[10,6,14,2,18,17,22],[18,22,2],[22,6,18,17,2,14],[14,6,2,22,18,17],[18,6,17,14,10,22,2],[22,18,6,5],[2,18,10],[6,22,2,18,5],[22,18,2],[10,2,14,6,18,17,22],[18,6,17,14,2,22],[22,10,2,18],[10,18,2],[14,6,2,18,5],[18,22,6,17,14,10,2],[6,2,10,22,18,17,14],[18,10,2],[14,22,18],[6,14,22,18,5],[6,22,18,5],[2,18,10],[18,6,5,17,14,22,2,10,9],[10,18,14],[10,6,18,17,14,22,2],[6,22,18,17,2,10,14],[14,10,18],[18,14,6,17,2,22],[22,10,2,6,14,18,5],[2,10,6,14,18,5],[2,18,14],[2,18,14],[2,14,6,22,10,18,17],[18,6,5,17,14,22,10,2,9],[22,10,18],[18,22,6,5],[18,22,10],[6,10,22,14,2,18,17],[2,18,14],[18,22,10],[10,6,2,14,18,17,22],[6,10,2,14,22,18,17],[10,6,14,2,18,17,22],[6,2,22,14,18,5],[14,22,18],[2,18,14],[10,6,22,2,18,17,14],[6,22,18,17,14,10,2],[14,10,22,2,6,18,17],[2,6,14,10,22,18,5],[6,22,18,5],[6,18,17,2,14,10,22],[6,10,18,17,14,2,22],[2,10,14,6,22,18,17],[10,18,22],[18,22,6,5],[2,14,10,22,18],[2,10,22,18],[14,2,6,10,22,18,17],[2,6,14,18,5],[22,6,18,5],[22,18,14],[22,14,18],[18,10,22],[22,10,14,18],[10,14,18],[2,6,22,10,18,17,14],[6,22,18,17,2,14],[10,18,22],[22,14,6,2,10,18,17],[10,22,14,2,18],[6,22,14,10,2,18,5],[18,10,2],[18,10,22],[6,14,2,10,22,18,5],[18,2,10],[22,10,18],[18,6,17,2,22,10,14],[18,22,14],[6,2,18,17,14,22],[22,6,2,10,14,18,17],[2,10,6,14,22,18,17],[2,6,14,22,18,17,10],[10,14,2,22,6,18,5],[22,10,6,14,2,18,5],[14,18,22],[2,18,6,5],[6,14,18,17,2,10,22],[6,22,2,18,17,14],[6,18,17,22,2,14],[22,14,18],[2,22,10,18],[2,22,6,14,18,17],[10,2,22,18],[18,10,2],[22,14,6,2,10,18,17],[14,10,22,6,18,5],[6,10,2,18,5],[2,18,22],[22,14,2,6,18,17],[10,14,18],[18,2,14],[22,14,2,10,18],[6,10,18,5],[2,6,18,5],[6,2,14,10,22,18,5],[10,2,6,22,18,5],[18,22,2],[18,6,17,22,14,2],[14,10,6,22,18,5],[14,6,18,5],[10,22,6,18,17,2,14],[6,18,5,17,14,2,22,10,9],[2,18,10],[10,2,14,6,18,17,22],[6,22,2,14,18,5],[2,6,10,14,22,18,5],[22,14,18],[18,10,14],[2,6,18,5],[10,14,18],[14,2,10,18],[22,14,6,10,18,17,2],[10,2,14,18],[22,10,14,2,18],[22,14,18],[6,22,2,14,10,18,17],[10,18,22],[2,22,18],[2,18,6,5],[22,14,2,18],[10,22,2,6,18,5],[18,2,6,5],[10,2,14,22,6,18,5],[22,2,14,6,18,17],[18,10,14],[6,14,2,18,17,22],[10,2,6,14,18,5],[6,18,17,14,22,2],[10,6,2,18,17,22,14],[6,10,18,17,22,14,2],[6,18,17,22,14,10,2],[14,18,2],[14,6,2,22,18,17],[10,6,14,22,2,18,5],[22,18,14],[10,18,22],[14,6,18,17,22,2],[10,22,18],[18,2,10],[14,18,2],[10,2,22,6,18,17,14],[22,6,14,2,10,18,5],[22,18,2],[18,10,6,17,22,14,2],[18,14,22],[14,10,2,18],[18,6,5,17,2,10,14,22,9],[14,18,6,17,10,22,2],[22,10,14,18],[22,10,14,18],[2,14,22,10,6,18,5],[22,14,2,6,10,18,5],[14,2,6,18,5],[2,10,22,6,14,18,5],[18,2,22],[18,6,5,17,22,10,2,14,9],[18,2,22],[2,6,14,22,18,5],[6,2,14,18,5],[18,2,10],[18,2,6,17,10,22,14],[14,6,22,2,18,17],[6,2,22,14,10,18,17],[14,2,18],[10,6,14,2,18,5],[14,18,6,17,10,2,22],[10,18,2],[10,6,18,5],[6,10,2,18,17,22,14],[14,10,22,18],[6,2,10,18,5],[10,2,6,18,5],[14,6,10,2,22,18,5],[10,14,2,6,22,18,17],[22,18,14],[22,14,18],[2,14,18],[2,6,10,22,18,17,14],[10,18,14],[14,6,10,18,5],[18,10,2],[10,18,22],[18,22,14],[22,14,18],[14,6,10,22,18,17,2],[14,2,22,10,6,18,5],[10,18,14],[18,6,5,17,14,10,22,2,9],[18,22,2],[18,6,17,14,10,2,22],[2,14,6,18,5],[22,18,14],[22,2,14,18],[14,2,6,10,18,17,22],[10,6,22,2,14,18,5],[2,6,14,10,18,17,22],[10,2,14,22,18],[10,18,14],[22,18,10],[18,14,6,17,10,22,2],[14,6,10,22,18,17,2],[22,18,10],[14,10,18],[2,6,10,14,18,5],[22,18,14],[14,22,6,18,17,2],[18,14,2],[18,2,6,5],[18,22,10],[18,10,6,17,22,2,14],[18,6,17,14,2,10,22],[18,6,17,2,14,10,22],[14,22,10,18],[6,18,17,2,14,22],[18,14,6,5],[14,18,22],[6,18,5,17,10,22,14,2,9],[14,2,6,18,17,10,22],[18,22,6,5],[6,18,5,17,14,10,22,2,9],[6,2,22,14,18,5],[14,10,2,22,18],[14,22,6,2,10,18,5],[6,18,17,2,14,10,22],[22,2,6,10,14,18,17],[22,2,14,10,6,18,17],[2,10,22,6,14,18,5],[22,2,10,18],[6,18,5,17,22,14,2,10,9],[10,14,2,18],[2,6,22,10,18,17,14],[2,14,22,6,10,18,5],[10,14,2,22,18],[14,2,22,18],[22,10,6,14,18,17,2],[14,2,10,6,18,17,22],[2,18,6,5],[14,6,18,5],[14,2,6,18,5],[14,6,18,17,2,10,22],[6,18,17,10,14,22,2],[6,18,5,17,22,14,10,2,9],[6,10,14,22,18,17,2],[2,18,6,5],[22,2,6,18,5],[10,18,14],[18,2,6,17,22,10,14],[18,22,10],[18,22,14],[22,6,2,14,18,17],[6,22,2,10,18,5],[22,6,10,18,5],[14,2,10,6,18,5],[22,10,2,6,18,5],[14,10,22,18],[6,14,2,22,18,5],[22,6,18,17,10,2,14],[10,6,2,18,5],[14,2,6,18,5],[2,14,18],[18,10,22],[22,10,14,6,18,17,2],[2,10,18],[6,22,14,10,18,5],[22,14,18],[6,22,14,2,10,18,5],[6,14,22,18,17,10,2],[14,22,6,2,10,18,17],[18,2,10],[10,6,2,18,17,14,22],[6,22,10,18,5],[18,10,22],[14,18,6,5],[2,10,14,22,18],[18,14,6,5],[14,18,10],[10,18,22],[10,18,14],[22,2,18],[14,10,6,18,17,2,22],[18,6,17,22,10,14,2],[22,10,6,18,17,14,2],[10,14,2,6,22,18,5],[18,6,17,22,14,10,2],[14,10,18],[6,22,10,2,18,17,14],[18,2,22],[2,18,6,17,22,10,14],[14,10,6,2,18,17,22],[2,10,22,6,18,17,14],[6,10,22,2,18,17,14],[14,10,2,18],[18,10,6,17,14,2,22],[14,6,18,5],[14,22,18],[10,22,14,6,18,5],[18,14,2],[10,22,18],[18,22,6,17,10,14,2],[2,22,14,10,18],[14,2,6,22,10,18,17],[22,14,6,18,17,10,2],[18,2,6,5],[6,2,18,5],[2,14,22,10,6,18,5],[18,2,22],[22,14,2,10,6,18,17],[10,2,18],[14,18,10],[2,6,14,10,22,18,5],[22,10,2,6,14,18,5],[18,14,22],[14,2,10,22,6,18,17],[14,2,18],[14,6,2,22,18,17],[6,14,22,10,18,5],[2,18,10],[22,6,14,2,10,18,17],[2,14,18],[10,2,6,14,18,17,22],[22,14,18],[10,14,22,6,2,18,17],[10,22,2,14,6,18,17],[6,2,10,22,14,18,17],[18,22,14],[6,2,22,14,18,17],[14,6,22,2,18,17],[10,14,18],[2,14,18],[6,10,2,18,5],[2,18,14],[10,2,18],[18,10,2],[14,22,18],[2,6,22,10,18,5],[14,2,6,10,22,18,17],[10,2,14,6,18,17,22],[14,2,6,22,10,18,5],[2,6,14,18,5],[10,18,14],[6,18,5,17,10,2,14,22,9],[2,14,22,6,10,18,17],[6,10,22,14,2,18,17],[6,18,5,17,22,2,10,14,9],[2,10,14,22,18],[14,10,22,18],[2,22,6,18,17,10,14],[18,22,2],[10,2,14,6,22,18,5],[22,18,2],[14,22,6,2,10,18,5],[10,14,22,18],[10,2,18],[2,10,22,14,18],[2,10,6,22,14,18,5],[22,14,6,10,2,18,17],[2,22,18],[6,22,10,14,2,18,5],[14,6,18,17,2,10,22],[2,18,10],[2,22,6,14,18,5],[18,22,2],[2,22,6,18,5],[14,6,18,17,10,22,2],[2,6,18,17,22,14],[18,22,2],[14,22,18],[22,18,2],[10,18,22],[2,18,6,5],[10,2,18],[6,18,5,17,22,14,10,2,9],[18,22,10],[6,10,14,2,18,17,22],[10,2,14,6,22,18,5],[18,22,2],[18,2,6,5],[22,2,10,14,18],[6,18,5,17,2,22,10,14,9],[10,22,2,14,6,18,17],[10,22,18],[10,2,6,22,18,17,14],[6,18,17,22,10,14,2],[10,2,22,18],[6,18,17,2,10,22,14],[18,6,17,22,2,14],[6,14,18,17,2,10,22],[6,10,22,2,14,18,17],[10,14,18],[14,2,18],[22,18,14],[18,6,17,22,2,10,14],[14,18,10],[14,22,6,2,18,5],[22,10,2,18],[10,14,18],[10,2,6,14,22,18,5],[2,18,6,5],[22,6,18,5],[2,18,10],[10,2,18],[18,22,6,17,14,2],[6,22,18,5],[2,10,18],[18,10,2],[22,6,2,14,10,18,5],[14,10,2,18],[14,10,2,18]],"n_human":12}