{"problem_id":"fQ8GrqYmpYzHqmq","sigma":150,"alpha":0.100,"cost":0,"probabilities":"[0.010000000000000009, 0.51, 0.04, 0.44]","payoff_matrix":"[[43, 106, -162, 21, -23, 186], [-77, -95, 244, -68, -93, -52], [-60, 344, -209, 271, 166, -178], [-23, -95, 56, 522, 254, 66]]","uncovered":[[18,22,2,14,10,6,12],[2,22,18,10,14,6,24,12],[14,22,2,18,10,6,24,12],[6,10,22,18,14,2,24,12],[10,6,18,14,22,2,24,12],[6,18,10,14,2,22,12],[2,22,18,6,14,10,24,12],[6,22,18,14,2,10,24,12],[6,10,14,22,18,2,12],[18,10,6,14,22,2,12],[2,10,22,14,6,18,12],[10,6,22,18,2,14,24,12],[10,22,18,14,6,2,12],[10,2,14,18,22,6,24,12],[18,22,6,14,10,2,12],[2,22,6,18,10,14,12],[2,18,14,6,10,22,12],[18,2,6,22,14,10,24,12],[22,10,2,14,6,18,24,12],[2,6,14,22,10,18,12],[2,14,10,18,22,6,24,12],[6,10,22,14,2,18,24,12],[18,6,22,14,10,2,24,12],[10,2,18,14,6,22,24,12],[18,14,22,2,10,6,24,12],[22,18,14,6,2,10,24,12],[14,18,10,2,6,22,12],[22,10,18,6,14,2,24,12],[6,14,18,22,10,2,24,12],[2,14,10,6,22,18,24,12],[22,14,6,2,10,18,24,12],[14,6,2,18,22,10,12],[18,10,2,6,22,14,12],[18,14,10,2,6,22,24,12],[6,14,22,18,10,2,24,12],[2,14,18,10,22,6,12],[14,18,22,2,6,10,12],[14,18,10,2,6,22,24,12],[6,22,14,18,10,2,24,12],[6,18,2,10,22,14,24,12],[2,6,18,22,14,10,24,12],[14,18,10,2,22,6,12],[2,10,18,14,6,22,24,12],[22,10,2,6,14,18,12],[14,22,10,2,18,6,12],[2,22,6,14,10,18,12],[14,18,6,2,10,22,24,12],[2,14,10,18,22,6,24,12],[18,14,6,22,10,2,23,16,12],[10,22,6,2,18,14,24,12],[2,6,18,14,22,10,12],[6,2,18,10,14,22,24,12],[22,14,18,10,2,6,24,12],[18,22,6,14,10,2,12],[10,2,6,14,18,22,24,12],[10,6,14,22,2,18,12],[2,18,6,14,10,22,24,12],[6,10,22,18,14,2,24,12],[18,6,2,10,14,22,12],[6,2,10,18,14,22,12],[14,18,10,22,6,2,24,12],[18,2,22,10,6,14,12],[6,18,10,2,14,22,24,12],[6,10,14,2,18,22,12],[14,10,22,18,6,2,12],[22,2,6,10,14,18,12],[18,10,22,2,6,14,12],[6,18,14,10,2,22,12],[6,22,18,14,2,10,24,12],[14,18,6,10,2,22,24,12],[10,18,2,14,6,22,24,12],[14,2,10,6,18,22,12],[6,18,14,10,2,22,24,12],[6,2,10,18,14,22,24,12],[14,18,2,10,6,22,12],[10,18,2,22,14,6,12],[10,22,18,2,14,6,12],[2,18,22,14,10,6,12],[10,2,18,22,6,14,12],[2,18,14,22,10,6,24,12],[10,22,6,14,18,2,12],[18,10,6,14,22,2,12],[22,14,6,18,2,10,12],[14,2,6,10,22,18,12],[14,6,10,2,22,18,24,12],[18,10,2,6,22,14,24,12],[18,2,6,22,14,10,12],[14,22,2,18,6,10,24,12],[14,6,18,22,10,2,24,12],[14,10,6,18,2,22,24,12],[22,18,6,10,2,14,12],[10,14,18,2,22,6,12],[14,2,10,18,22,6,12],[10,14,22,6,2,18,24,12],[10,6,14,2,22,18,24,12],[14,6,22,10,2,18,12],[2,10,22,14,18,6,24,12],[18,10,2,22,14,6,12],[2,14,6,22,10,18,12],[18,10,22,2,6,14,12],[6,2,10,14,18,22,24,12],[14,18,6,2,22,10,12],[14,22,2,18,10,6,12],[14,2,22,18,6,10,12],[10,2,14,18,6,22,24,12],[2,14,6,18,10,22,12],[6,22,10,2,18,14,12],[18,6,22,2,10,14,24,12],[14,2,10,18,6,22,24,12],[22,6,14,10,18,2,24,12],[2,6,14,22,10,18,24,12],[2,6,22,18,10,14,24,12],[6,18,14,10,2,22,12],[14,6,18,10,22,2,12],[22,14,10,6,18,2,24,12],[14,10,22,6,2,18,12],[6,2,18,10,22,14,24,12],[6,10,18,22,2,14,12],[10,6,2,18,22,14,12],[14,10,18,6,22,2,24,12],[14,18,22,2,6,10,12],[22,6,10,14,18,2,24,12],[18,10,22,14,2,6,12],[10,6,14,22,18,2,12],[6,22,18,2,14,10,12],[10,22,2,6,18,14,24,12],[2,6,18,14,22,10,12],[14,22,2,6,10,18,24,12],[10,6,18,14,2,22,24,12],[18,14,6,2,10,22,12],[22,18,2,6,10,14,12],[10,6,18,22,14,2,24,12],[22,2,18,10,14,6,24,12],[10,6,18,22,14,2,12],[14,2,6,18,10,22,12],[18,22,10,14,6,2,12],[18,14,2,10,22,6,24,12],[10,6,22,2,14,18,24,12],[6,10,22,14,18,2,24,12],[18,22,14,2,10,6,12],[10,2,18,14,22,6,12],[18,2,14,22,6,10,24,12],[6,18,22,2,14,10,12],[10,22,14,18,6,2,12],[10,6,18,14,2,22,24,12],[22,18,2,10,14,6,12],[10,18,2,6,22,14,24,12],[14,22,18,10,6,2,24,12],[22,6,18,2,10,14,24,12],[22,2,10,14,6,18,12],[6,22,18,10,2,14,12],[14,18,10,6,2,22,12],[6,18,2,10,22,14,24,12],[18,22,10,14,6,2,12],[22,2,6,18,10,14,12],[14,2,6,18,10,22,12],[14,10,22,18,2,6,24,12],[22,10,18,14,2,6,24,12],[10,22,18,6,2,14,24,12],[2,18,6,14,22,10,16,12],[6,14,10,22,18,2,24,12],[10,2,22,6,14,18,12],[22,10,6,2,14,18,12],[2,18,22,6,10,14,12],[18,10,14,6,2,22,24,12],[14,18,6,10,22,2,12],[10,22,6,14,2,18,24,12],[14,22,18,2,6,10,24,12],[10,2,22,6,18,14,12],[18,10,2,14,22,6,12],[2,18,10,22,6,14,12],[14,6,2,18,10,22,24,12],[18,10,2,6,22,14,24,12],[2,14,6,10,22,18,24,12],[22,6,14,10,2,18,12],[14,18,6,22,2,10,12],[14,10,22,6,2,18,12],[18,6,2,10,14,22,12],[10,14,2,22,18,6,12],[14,10,22,2,18,6,12],[22,14,2,10,6,18,24,12],[22,2,10,6,18,14,24,12],[10,2,22,18,14,6,24,12],[22,18,10,14,6,2,12],[18,22,10,2,14,6,12],[22,18,2,6,14,10,24,12],[14,2,10,6,18,22,12],[6,18,10,22,2,14,12],[10,14,18,6,22,2,12],[6,10,2,22,14,18,12],[14,10,6,2,22,18,12],[2,6,14,10,22,18,24,12],[6,10,2,18,22,14,12],[6,2,14,22,18,10,12],[22,6,14,10,2,18,12],[22,2,14,6,10,18,12],[6,2,14,22,18,10,12],[22,18,2,6,14,10,24,12],[6,10,14,18,2,22,12],[2,18,6,22,14,10,24,12],[14,18,22,2,6,10,24,12],[2,6,22,10,14,18,12],[22,18,10,2,14,6,24,12],[22,14,10,6,2,18,24,12],[14,22,10,18,6,2,24,12],[18,2,10,22,6,14,12],[14,18,22,10,2,6,24,12],[18,14,10,22,2,6,12],[2,6,22,14,10,18,24,12],[22,10,2,18,14,6,12],[2,10,6,22,18,14,24,12],[18,6,14,10,22,2,24,12],[6,10,14,2,22,18,12],[6,22,10,18,2,14,24,12],[10,14,22,18,6,2,24,12],[2,6,18,14,10,22,12],[2,14,6,18,10,22,24,12],[10,18,14,6,2,22,12],[6,18,22,10,2,14,24,12],[14,6,10,18,22,2,24,12],[6,10,22,2,14,18,12],[22,14,2,18,6,10,24,12],[2,10,22,18,6,14,24,12],[18,10,2,14,22,6,24,12],[6,2,10,18,22,14,24,12],[14,22,18,10,6,2,24,12],[14,6,2,22,18,10,24,12],[10,22,6,2,18,14,24,12],[2,14,10,18,22,6,12],[10,14,22,18,2,6,12],[6,18,10,14,22,2,24,12],[2,10,6,22,14,18,12],[2,18,22,14,10,6,21,24,12],[18,10,6,14,22,2,12],[10,18,2,6,14,22,24,12],[14,18,2,6,22,10,12],[6,22,10,2,14,18,24,12],[2,10,22,18,6,14,24,12],[2,14,22,10,18,6,24,12],[10,6,22,2,14,18,24,12],[10,6,14,2,22,18,24,12],[10,14,2,22,18,6,12],[18,14,10,2,6,22,24,12],[14,22,10,2,6,18,24,12],[2,10,6,22,14,18,12],[6,14,18,22,10,2,12],[2,14,18,6,22,10,12],[18,6,10,22,14,2,24,12],[14,6,22,10,2,18,12],[18,6,22,10,14,2,12],[18,22,14,2,6,10,12],[14,18,10,22,6,2,24,12],[6,2,22,10,18,14,24,12],[6,2,10,22,18,14,12],[22,10,18,14,2,6,12],[2,6,18,10,14,22,24,12],[10,22,6,18,14,2,24,12],[22,18,2,14,6,10,24,12],[18,22,14,6,2,10,12],[14,2,22,18,10,6,12],[18,14,10,6,22,2,12],[22,14,6,18,10,2,24,12],[18,22,10,6,14,2,24,12],[18,14,2,10,22,6,24,12],[10,14,22,6,18,2,12],[22,14,10,2,6,18,24,12],[2,10,6,18,22,14,24,12],[14,10,2,18,22,6,24,12],[22,14,10,2,18,6,24,12],[10,18,22,2,14,6,12],[6,22,2,14,18,10,12],[6,22,18,10,2,14,24,12],[10,14,22,6,2,18,23,16,12],[14,6,10,18,22,2,24,12],[10,22,2,6,18,14,12],[22,18,14,2,10,6,24,12],[2,18,14,6,10,22,24,12],[22,6,14,18,10,2,24,12],[14,18,6,2,22,10,12],[22,6,2,18,14,10,12],[18,2,10,22,6,14,24,12],[14,6,22,2,18,10,12],[10,22,6,2,14,18,12],[2,22,6,10,14,18,24,12],[2,22,10,18,6,14,24,12],[10,14,6,22,2,18,24,12],[6,22,10,18,2,14,24,12],[14,10,18,2,22,6,12],[2,18,14,6,10,22,12],[10,18,6,14,22,2,24,12],[2,18,10,22,6,14,24,12],[2,22,18,14,10,6,12],[14,18,2,10,6,22,24,12],[14,10,22,2,6,18,12],[22,14,10,18,2,6,12],[22,14,2,6,18,10,12],[18,10,2,22,14,6,12],[6,14,10,2,18,22,24,12],[14,22,2,18,6,10,12],[2,10,18,14,6,22,12],[18,6,22,2,14,10,24,12],[2,22,18,6,10,14,24,12],[6,22,14,10,18,2,12],[22,6,14,18,2,10,12],[6,22,2,14,18,10,24,12],[10,22,18,14,2,6,24,12],[10,18,6,14,2,22,12],[22,10,2,6,18,14,12],[2,22,6,14,10,18,24,12],[10,6,22,14,18,2,12],[18,6,22,14,10,2,12],[22,18,2,10,14,6,21,12],[18,14,6,10,2,22,12],[10,22,14,2,18,6,12],[10,14,22,2,6,18,12],[2,14,18,6,10,22,24,12],[2,10,18,14,6,22,24,12],[14,18,2,22,6,10,24,12],[18,2,6,14,22,10,12],[10,6,14,22,2,18,12],[22,2,10,18,6,14,24,12],[6,22,18,2,10,14,12],[14,10,6,2,18,22,12],[6,14,18,22,10,2,12],[2,22,18,14,6,10,12],[18,22,2,14,10,6,24,12],[10,2,22,14,18,6,12],[6,22,18,10,2,14,24,12],[10,6,14,18,2,22,12],[6,2,18,10,14,22,24,12],[2,22,14,10,6,18,12],[22,18,14,6,10,2,12],[14,18,2,22,10,6,24,12],[22,18,10,6,2,14,12],[2,14,22,10,6,18,24,12],[14,10,18,2,22,6,24,12],[2,14,18,6,10,22,24,12],[6,18,10,2,14,22,12],[6,14,18,10,22,2,12],[14,6,10,22,18,2,12],[6,2,10,18,22,14,12],[6,10,18,2,22,14,24,12],[18,14,22,10,6,2,12],[22,2,6,18,14,10,24,12],[2,18,10,22,14,6,24,12],[22,6,14,2,18,10,24,12],[6,22,18,14,2,10,12],[22,2,10,18,6,14,24,12],[10,6,14,2,22,18,24,12],[2,6,10,18,14,22,12],[2,18,22,10,14,6,24,12],[2,14,18,6,10,22,24,12],[22,2,14,6,18,10,12],[18,22,10,14,6,2,12],[22,10,18,2,14,6,12],[14,2,22,6,10,18,24,12],[6,2,18,10,22,14,24,12],[22,18,10,6,2,14,4,24,12],[18,10,2,14,22,6,24,12],[6,2,22,18,10,14,12],[18,22,6,14,10,2,24,12],[18,22,6,2,14,10,12],[2,10,14,6,22,18,24,12],[10,6,2,22,18,14,12],[22,14,6,2,10,18,24,12],[10,6,14,22,18,2,12],[18,10,2,22,6,14,12],[6,18,10,2,14,22,12],[6,10,2,18,14,22,12],[18,22,14,2,10,6,12],[6,2,10,22,14,18,12],[6,14,2,22,18,10,12],[14,6,10,22,18,2,12],[22,18,14,10,2,6,24,12],[18,14,22,6,2,10,16,12],[22,6,14,10,18,2,24,12],[14,10,6,18,2,22,24,12],[14,22,6,10,2,18,12],[6,10,18,14,2,22,12],[22,6,14,18,10,2,24,12],[10,6,14,18,22,2,24,12],[14,22,6,18,2,10,12],[10,14,22,18,6,2,12],[6,14,22,18,2,10,12],[22,10,14,6,2,18,12],[18,6,10,2,14,22,24,12],[14,22,6,2,10,18,12],[2,14,10,18,6,22,12],[2,6,14,18,22,10,12],[2,18,10,14,22,6,24,12],[6,22,10,2,18,14,12],[22,6,2,18,14,10,24,12],[10,6,14,2,22,18,12],[22,10,18,2,14,6,24,12],[6,22,10,14,2,18,24,12],[18,14,2,22,10,6,24,12],[2,10,22,6,18,14,12],[2,6,18,14,22,10,12],[18,10,6,2,14,22,24,12],[10,22,18,14,2,6,24,12],[18,14,2,10,6,22,24,12],[2,18,6,14,10,22,24,12],[6,10,22,14,18,2,24,12],[2,10,18,14,22,6,24,12],[10,18,14,2,22,6,24,12],[6,2,18,14,10,22,12],[10,14,18,2,6,22,24,12],[18,2,6,10,22,14,12],[14,18,10,2,22,6,12],[18,6,14,2,22,10,12],[10,22,2,14,6,18,12],[6,14,10,18,22,2,24,12],[10,6,18,2,22,14,12],[6,22,10,18,2,14,12],[22,2,14,6,10,18,12],[22,10,6,14,18,2,12],[22,2,10,18,6,14,24,12],[2,18,10,6,22,14,24,12],[2,6,14,10,22,18,24,12],[18,10,22,6,14,2,12],[18,2,6,10,22,14,12],[22,18,10,2,6,14,12],[2,22,14,10,18,6,24,12],[6,14,10,22,2,18,12],[18,2,6,14,10,22,24,12],[6,10,2,18,14,22,12],[10,2,14,22,6,18,24,12],[14,22,2,18,6,10,24,12],[14,2,18,6,10,22,12],[14,6,10,22,18,2,24,12],[22,10,2,18,14,6,12],[10,6,18,14,22,2,12],[18,22,6,14,2,10,12],[6,14,2,22,10,18,12],[14,18,22,6,10,2,24,12],[10,6,2,22,14,18,24,12],[6,2,18,10,14,22,24,12],[6,14,10,2,18,22,12],[22,6,2,10,14,18,24,12],[2,22,6,14,18,10,24,12],[14,18,10,6,2,22,12],[18,10,2,22,14,6,12],[14,2,10,6,18,22,24,12],[14,18,6,22,2,10,12],[6,14,22,10,2,18,12],[10,6,2,22,14,18,24,12],[14,6,2,22,18,10,12],[6,22,10,14,2,18,24,12],[2,6,14,18,22,10,24,12],[2,10,6,18,22,14,24,12],[18,22,10,2,6,14,12],[18,14,10,22,2,6,12],[22,6,18,2,10,14,12],[6,18,10,2,22,14,24,12],[10,18,6,14,22,2,24,12],[2,22,10,18,14,6,24,12],[22,2,6,10,18,14,12],[2,6,14,10,18,22,24,12],[6,18,2,22,14,10,24,12],[14,2,10,18,6,22,24,12],[10,6,2,14,18,22,24,12],[18,2,6,14,10,22,12],[6,18,14,10,2,22,24,12],[6,14,2,10,18,22,24,12],[22,14,6,10,18,2,24,12],[10,14,18,22,2,6,12],[18,10,6,2,22,14,12],[6,10,22,2,14,18,12],[2,14,10,18,22,6,12],[14,10,22,6,2,18,12],[2,18,22,6,10,14,24,12],[18,14,22,2,6,10,24,12],[2,22,6,10,14,18,24,12],[14,2,22,18,10,6,24,12],[10,22,6,2,14,18,12],[10,22,14,18,2,6,24,12],[2,10,14,18,6,22,24,12],[14,22,18,6,10,2,24,12],[2,10,6,22,14,18,24,12],[6,18,14,22,10,2,24,12],[18,6,22,10,2,14,12],[2,22,6,10,18,14,12],[10,6,18,2,22,14,12],[18,2,10,22,6,14,12],[6,2,10,18,14,22,12],[22,14,6,10,18,2,12],[6,10,2,18,22,14,12],[22,18,6,10,14,2,12],[10,6,2,22,18,14,24,12],[22,2,14,6,10,18,24,12],[2,22,14,6,18,10,12],[2,22,6,14,18,10,24,12],[22,2,14,10,6,18,24,12],[14,6,22,10,2,18,12],[14,2,22,18,10,6,12],[22,2,14,6,10,18,24,12],[18,6,14,10,2,22,24,12],[14,22,2,10,6,18,24,12],[14,10,18,2,22,6,12],[14,2,6,10,18,22,12],[14,6,10,18,2,22,12],[2,6,18,22,10,14,12],[10,2,18,6,22,14,24,12],[2,14,10,18,22,6,24,12],[10,22,6,14,2,18,24,12],[2,6,22,18,10,14,24,12],[14,6,22,18,10,2,24,12],[6,18,2,22,14,10,12],[14,2,6,22,10,18,12],[14,18,6,10,2,22,12],[22,6,10,14,2,18,12],[2,14,10,22,18,6,12],[14,6,10,22,18,2,12],[6,22,10,14,18,2,12],[14,22,2,10,6,18,12],[10,2,18,6,22,14,24,12],[18,22,6,14,10,2,12],[22,14,18,2,10,6,12],[6,10,18,2,14,22,24,12],[22,2,6,14,10,18,24,12],[18,6,22,2,14,10,24,12],[22,14,18,6,2,10,24,12],[6,22,14,10,2,18,24,12],[14,2,18,10,22,6,12],[6,18,10,22,14,2,12],[10,2,14,22,6,18,12],[22,6,18,14,10,2,24,12],[14,22,18,2,6,10,12],[14,22,18,2,10,6,12],[2,10,18,22,6,14,24,12],[22,18,2,10,14,6,12],[14,2,18,10,6,22,12],[6,2,10,22,14,18,12],[6,10,22,14,18,2,12],[22,6,2,10,14,18,24,12],[14,18,6,22,2,10,12],[14,6,10,18,22,2,12],[6,18,2,10,22,14,12],[2,18,10,14,6,22,12],[6,22,18,10,2,14,24,12],[22,14,10,18,6,2,12],[10,14,6,22,18,2,12],[2,6,14,18,22,10,24,12],[18,22,2,14,10,6,12],[10,6,22,18,14,2,24,12],[6,14,2,10,18,22,12],[2,6,22,10,18,14,24,12],[2,6,14,10,22,18,24,12],[10,14,2,18,22,6,12],[2,10,18,22,14,6,24,12],[6,2,14,22,18,10,12],[6,14,18,22,2,10,12],[10,22,6,2,14,18,12],[6,18,10,22,2,14,12],[14,6,18,22,10,2,24,12],[22,6,14,2,10,18,24,12],[14,18,10,2,22,6,12],[10,14,2,22,6,18,24,12],[14,22,2,18,10,6,12],[22,14,10,6,18,2,12],[6,2,14,22,10,18,24,12],[14,22,2,10,18,6,12],[6,14,22,10,2,18,24,12],[18,2,10,14,22,6,12],[22,2,10,14,18,6,12],[22,18,10,14,6,2,12],[2,14,10,22,6,18,12],[22,2,18,14,10,6,24,12],[18,10,22,6,14,2,12],[14,10,6,18,2,22,24,12],[22,14,2,18,6,10,24,12],[6,22,2,18,10,14,24,12],[22,14,18,2,10,6,12],[6,18,22,14,10,2,24,12],[6,2,22,14,18,10,24,12],[22,6,10,14,18,2,12],[18,2,22,10,14,6,12],[18,22,14,2,10,6,24,12],[6,22,14,18,2,10,24,12],[10,18,22,6,2,14,24,12],[18,2,14,6,10,22,24,12],[18,10,14,2,6,22,12],[10,14,22,2,18,6,12],[18,6,10,2,14,22,12],[14,10,6,22,2,18,12],[22,2,6,14,10,18,24,12],[2,6,14,18,22,10,24,12],[18,2,14,10,6,22,12],[6,18,2,10,14,22,12],[18,22,6,14,2,10,12],[22,6,14,10,18,2,9,24,12],[22,2,14,6,10,18,24,12],[2,18,14,22,6,10,24,12],[2,10,14,6,18,22,24,12],[10,6,2,14,22,18,12],[2,18,10,6,22,14,24,12],[14,22,6,10,2,18,24,12],[2,6,14,10,22,18,24,12],[6,10,18,14,2,22,12],[2,14,10,6,18,22,12],[14,22,18,10,2,6,12],[2,14,6,18,10,22,12],[10,18,6,22,14,2,12],[10,14,22,6,18,2,24,12],[18,2,14,22,6,10,12],[10,18,22,2,14,6,12],[6,22,14,10,2,18,24,12],[22,14,6,2,18,10,12],[14,6,18,10,22,2,24,12],[18,6,10,2,22,14,12],[2,10,22,18,6,14,12],[6,14,2,18,10,22,24,12],[10,6,14,2,22,18,12],[18,2,6,22,14,10,12],[14,18,6,22,10,2,24,12],[6,2,18,22,10,14,12],[10,18,2,6,22,14,12],[6,14,18,10,22,2,12],[18,6,14,10,22,2,12],[18,6,2,22,10,14,12],[2,6,10,14,22,18,12],[10,14,22,2,18,6,24,12],[10,6,2,22,14,18,24,12],[14,10,18,22,2,6,12],[14,22,10,18,6,2,24,12],[14,10,18,22,2,6,24,12],[2,14,18,10,6,22,12],[22,2,10,18,6,14,12],[14,2,6,18,22,10,12],[10,14,2,6,18,22,24,12],[6,2,22,14,18,10,24,12],[6,2,14,10,18,22,12],[22,10,6,14,18,2,24,12],[22,14,18,2,10,6,24,12],[22,2,14,18,6,10,12],[18,6,2,14,22,10,12],[18,14,10,6,2,22,12],[14,22,10,2,18,6,12],[14,10,2,6,22,18,12],[18,2,10,14,6,22,12],[18,6,14,2,10,22,24,12],[22,6,2,18,14,10,24,12],[14,10,18,6,22,2,12],[2,14,18,6,10,22,24,12],[22,18,14,10,2,6,12],[18,6,2,14,10,22,24,12],[2,10,22,14,6,18,12],[18,2,14,10,6,22,24,12],[14,10,6,2,18,22,24,12],[22,6,2,18,14,10,12],[18,14,22,10,2,6,24,12],[22,10,18,6,2,14,24,12],[6,14,10,22,18,2,12],[2,22,10,6,14,18,12],[22,6,2,18,10,14,12],[18,2,14,10,22,6,24,12],[14,2,18,22,10,6,24,12],[2,10,22,18,6,14,24,12],[10,2,14,22,6,18,24,12],[6,18,14,10,22,2,24,12],[22,10,6,2,18,14,12],[22,18,2,6,14,10,12],[22,6,10,2,18,14,24,12],[14,2,10,18,22,6,24,12],[18,22,10,2,14,6,12],[6,22,2,14,18,10,12],[14,22,6,10,2,18,24,12],[14,2,22,10,18,6,12],[18,6,14,22,2,10,24,12],[6,2,22,18,14,10,12],[18,22,6,10,14,2,12],[22,14,18,6,2,10,12],[10,2,6,22,18,14,24,12],[18,6,14,22,10,2,24,12],[6,2,10,22,14,18,24,12],[6,22,2,18,10,14,24,12],[18,22,6,10,14,2,12],[6,22,2,14,18,10,12],[14,6,2,10,22,18,24,12],[2,6,22,18,14,10,24,12],[18,6,10,22,14,2,24,12],[6,14,18,10,22,2,24,12],[14,10,22,6,2,18,24,12],[14,22,2,18,6,10,24,12],[2,6,18,22,14,10,24,12],[22,6,14,18,2,10,24,12],[6,10,14,18,22,2,12],[18,14,10,22,2,6,24,12],[22,14,2,10,18,6,24,12],[10,18,6,2,22,14,12],[2,14,10,22,18,6,12],[10,6,2,18,22,14,24,12],[22,2,6,14,18,10,24,12],[2,10,18,22,6,14,12],[10,2,14,18,6,22,24,12],[10,18,2,22,6,14,12],[14,18,6,10,22,2,24,12],[6,18,14,10,2,22,24,12],[14,18,22,2,10,6,24,12],[14,18,6,2,22,10,12],[10,14,22,6,2,18,24,12],[22,2,6,10,14,18,12],[6,14,22,10,2,18,24,12],[14,18,2,22,10,6,24,12],[14,18,10,2,6,22,12],[22,2,18,6,10,14,12],[2,10,6,18,14,22,12],[2,6,10,22,18,14,23,12],[18,2,14,22,10,6,24,12],[22,18,6,10,2,14,24,12],[6,2,18,10,14,22,24,12],[10,22,2,6,14,18,12],[6,18,22,2,10,14,12],[22,14,18,6,2,10,24,12],[14,10,22,6,18,2,24,12],[2,14,18,22,10,6,12],[22,10,14,18,6,2,24,12],[18,2,22,14,6,10,12],[10,6,18,14,22,2,12],[18,6,10,2,22,14,24,12],[14,22,18,2,6,10,24,12],[2,22,6,18,10,14,12],[2,6,22,18,10,14,24,12],[14,22,2,6,18,10,12],[22,18,6,2,10,14,12],[14,18,2,6,10,22,12],[10,6,2,14,18,22,24,12],[10,6,2,22,18,14,24,12],[10,2,14,22,18,6,24,12],[2,14,10,22,18,6,12],[6,2,10,22,14,18,24,12],[22,10,2,6,18,14,24,12],[10,18,2,14,6,22,12],[18,2,6,14,22,10,12],[22,6,18,14,10,2,12],[2,14,10,6,18,22,24,12],[6,18,10,2,14,22,12],[10,22,2,18,6,14,24,12],[14,22,10,6,2,18,24,12],[2,22,18,6,10,14,24,12],[2,22,18,10,6,14,12],[22,10,6,14,18,2,24,12],[2,14,6,18,22,10,24,12],[6,10,2,14,18,22,24,12],[2,22,10,14,18,6,12],[2,18,10,14,22,6,12],[10,6,2,14,22,18,12],[2,18,10,14,6,22,24,12],[2,22,6,10,14,18,12],[10,2,22,6,18,14,24,12],[2,10,6,18,22,14,24,12],[22,6,2,18,10,14,24,12],[2,14,10,18,22,6,12],[6,18,22,10,14,2,24,12],[10,6,2,14,18,22,12],[2,18,6,10,14,22,12],[14,6,18,2,22,10,24,12],[6,14,10,18,22,2,24,12],[2,14,18,10,6,22,24,12],[22,18,6,2,10,14,24,12],[18,14,6,2,22,10,24,12],[22,10,6,18,2,14,12],[2,10,14,22,18,6,12],[18,14,2,22,10,6,24,12],[22,6,14,2,10,18,12],[14,18,2,10,22,6,24,12],[14,22,2,6,10,18,24,12],[10,18,14,22,2,6,12],[14,18,6,10,22,2,24,12],[22,6,18,2,10,14,12],[10,6,22,18,14,2,12],[6,14,10,18,22,2,12],[10,18,6,22,2,14,24,12],[6,2,18,22,14,10,12],[10,14,22,18,6,2,24,12],[6,18,2,22,14,10,24,12],[10,2,6,22,14,18,24,12],[14,18,6,22,2,10,12],[18,2,22,10,6,14,24,12],[6,22,14,2,10,18,24,12],[6,2,22,14,18,10,12],[14,18,22,2,6,10,24,12],[14,22,6,2,18,10,12],[10,18,6,14,22,2,12],[10,18,6,22,2,14,24,12],[2,14,18,10,22,6,24,12],[10,2,22,18,6,14,24,12],[10,6,22,14,2,18,12],[6,2,14,22,10,18,12],[2,18,10,14,22,6,12],[22,10,6,18,14,2,12],[18,10,14,22,2,6,24,12],[10,22,18,2,6,14,12],[22,10,6,18,2,14,24,12],[14,18,2,22,10,6,12],[18,14,10,2,22,6,12],[18,2,6,22,10,14,24,12],[10,6,2,14,22,18,12],[2,22,14,18,10,6,12],[10,14,2,6,18,22,12],[14,22,18,2,6,10,24,12],[10,6,18,22,2,14,24,12],[6,22,18,10,14,2,12],[6,10,14,18,22,2,12],[22,18,2,6,10,14,12],[18,22,10,2,14,6,24,12],[2,6,14,22,18,10,12],[18,22,2,6,14,10,24,12],[6,14,10,18,2,22,12],[18,22,14,10,2,6,12],[10,22,2,14,18,6,12],[14,18,10,22,6,2,24,12],[18,2,6,10,22,14,12],[14,2,10,6,18,22,24,12],[2,6,22,10,18,14,24,12],[22,18,6,2,14,10,24,12],[18,2,10,14,22,6,12],[10,18,2,14,22,6,12],[18,10,14,22,6,2,12],[18,14,6,10,22,2,24,12],[2,18,14,10,6,22,12],[2,10,18,6,14,22,12],[18,22,10,6,14,2,12],[14,10,22,2,6,18,24,12],[22,14,6,10,2,18,24,12],[22,10,18,6,14,2,24,12],[2,6,22,18,10,14,12],[22,18,10,6,14,2,24,12],[6,2,10,14,18,22,12],[6,10,2,18,22,14,24,12],[22,6,14,18,2,10,12],[14,18,2,22,6,10,24,12],[2,10,18,22,6,14,12],[2,14,6,18,10,22,24,12],[6,14,2,18,10,22,12],[10,14,22,2,18,6,23,24,12],[18,6,22,2,10,14,24,12],[22,14,6,10,2,18,12],[2,6,10,22,14,18,12],[2,18,6,22,10,14,12],[2,18,14,6,22,10,12],[10,22,6,14,2,18,12],[10,14,22,6,2,18,12],[2,14,18,6,22,10,24,12],[14,18,6,2,10,22,12],[10,2,22,14,6,18,12],[18,14,22,10,2,6,12],[14,10,22,18,6,2,12],[14,6,2,18,10,22,24,12],[6,14,2,18,22,10,16,12],[18,22,6,14,10,2,24,12],[2,18,10,14,6,22,12],[6,10,14,22,2,18,12],[6,2,22,14,18,10,12],[18,6,10,2,14,22,12],[10,18,2,22,14,6,12],[22,2,6,14,18,10,24,12],[10,22,2,18,14,6,24,12],[2,22,10,18,14,6,12],[18,22,10,2,6,14,12],[18,2,6,14,22,10,24,12],[14,18,2,6,22,10,12],[18,14,10,2,6,22,24,12],[10,18,2,22,6,14,24,12],[10,6,14,2,22,18,24,12],[14,6,22,2,18,10,24,12],[14,6,18,22,10,2,12],[2,18,10,14,22,6,24,12],[14,10,2,18,22,6,12],[18,14,10,6,22,2,12],[10,2,18,14,22,6,12],[22,14,10,6,2,18,12],[10,18,6,14,22,2,12],[10,18,6,22,2,14,24,12],[6,10,22,2,14,18,24,12],[18,6,22,10,14,2,12],[14,18,2,22,6,10,12],[14,2,6,22,18,10,24,12],[22,2,6,18,14,10,12],[18,6,22,2,14,10,12],[2,18,6,10,14,22,24,12],[22,14,18,10,2,6,12],[14,10,22,6,2,18,24,12],[10,22,2,18,14,6,12],[14,22,10,18,2,6,12],[18,6,10,22,14,2,24,12],[6,14,10,2,22,18,24,12],[18,22,10,2,6,14,24,12],[18,14,6,2,22,10,12],[10,6,14,18,2,22,24,12],[14,10,18,2,22,6,24,12],[18,6,22,2,14,10,12],[2,22,14,10,6,18,12],[6,18,10,14,2,22,24,12],[18,6,10,22,14,2,24,12],[10,6,22,14,2,18,12],[10,2,18,6,14,22,12],[22,10,6,2,18,14,12],[6,2,18,22,10,14,12],[10,14,6,22,18,2,12],[18,2,6,22,14,10,24,12],[2,18,14,6,10,22,12],[6,2,10,14,22,18,24,12],[2,18,22,6,14,10,24,12],[10,6,18,2,14,22,24,12],[10,6,22,14,2,18,12],[10,22,6,2,14,18,12],[10,14,22,6,18,2,24,12],[18,6,14,22,2,10,24,12],[22,2,14,18,6,10,4,24,12],[2,10,14,22,18,6,24,12],[6,2,22,18,14,10,24,12],[10,2,6,22,14,18,12],[10,22,2,14,6,18,24,12],[22,18,2,10,6,14,12],[22,6,18,10,14,2,24,12],[6,18,2,10,22,14,12],[18,10,6,14,22,2,12],[18,14,6,2,22,10,12],[14,6,22,2,10,18,12],[10,2,18,6,22,14,12],[18,2,22,6,14,10,12],[6,18,14,10,2,22,12],[10,18,6,2,22,14,23,16,12],[6,10,14,18,2,22,12],[6,22,18,10,14,2,24,12],[10,22,2,14,6,18,24,12],[2,22,14,10,6,18,24,12],[18,2,10,14,22,6,12],[14,22,2,18,6,10,12],[14,18,22,2,10,6,24,12],[14,6,2,10,22,18,12],[10,2,22,18,14,6,24,12],[14,18,10,22,6,2,12],[10,6,18,14,2,22,24,12],[22,2,10,14,18,6,12],[22,10,18,2,6,14,24,12],[22,18,6,2,10,14,24,12],[14,10,22,2,6,18,12],[10,22,6,18,2,14,24,12],[22,10,6,18,14,2,12],[22,6,2,14,10,18,12],[10,22,18,6,14,2,24,12],[18,6,2,10,22,14,24,12],[2,10,18,22,6,14,24,12],[10,22,6,14,18,2,24,12],[18,22,10,6,2,14,12],[2,18,22,14,10,6,24,12],[18,22,2,6,14,10,12],[2,6,22,14,18,10,24,12],[14,22,6,18,10,2,12],[18,6,10,22,2,14,24,12],[6,10,2,14,22,18,12],[10,14,22,6,18,2,24,12],[2,6,10,22,18,14,24,12],[2,18,10,14,6,22,12],[2,10,14,18,6,22,12],[22,6,2,14,18,10,12],[22,18,14,10,2,6,12],[22,18,10,6,14,2,24,12],[22,6,10,2,18,14,24,12],[22,2,10,14,6,18,24,12],[6,10,14,22,2,18,12],[18,14,6,2,10,22,12],[14,18,22,10,2,6,24,12],[6,10,14,2,22,18,12],[22,6,14,2,18,10,12],[18,14,10,2,22,6,24,12],[10,14,22,18,2,6,12],[14,6,18,10,2,22,24,12],[22,18,14,10,6,2,24,12],[10,18,2,22,14,6,24,12],[2,18,10,6,14,22,24,12],[6,22,2,10,14,18,12],[6,10,2,18,14,22,24,12],[10,6,2,22,14,18,12],[18,6,2,22,10,14,12],[6,14,18,22,2,10,12],[2,22,6,18,14,10,24,12],[18,10,14,22,2,6,24,12],[10,6,18,2,22,14,24,12],[10,18,2,22,14,6,24,12],[22,18,10,14,6,2,12],[18,2,10,22,14,6,24,12],[22,6,2,18,10,14,12],[2,22,14,18,6,10,24,12],[2,10,22,6,14,18,12],[2,10,6,14,22,18,24,12],[6,22,18,10,14,2,12],[14,2,18,10,6,22,12],[2,10,6,18,22,14,12],[10,18,14,2,22,6,12],[22,2,18,10,6,14,12],[10,2,18,6,22,14,12],[14,6,18,2,10,22,24,12],[18,10,22,2,14,6,24,12],[18,6,14,2,22,10,24,12],[6,2,14,10,22,18,12],[14,22,6,10,18,2,12],[2,10,22,6,14,18,24,12]],"n_human":7}