{"problem_id": "FrenJ7AgTg2FmEv", "sigma": 150, "alpha": 1.0, "cost": 2, "probabilities": "[0.06, 0.38, 0.41, 0.15]", "payoff_matrix": "[[-16, 55, 0, 110, 274, -80], [-126, -251, -295, -132, -268, -181], [-43, -37, 172, -93, 244, 91], [48, 19, -181, 124, 31, 138]]", "uncovered": [[19, 23, 22, 7, 3, 15], [15, 7, 23, 3, 11, 22, 19, 18, 10, 6, 2, 14], [11, 15, 19, 10, 23, 22, 3], [3, 23, 11, 22, 7, 15, 19, 18, 10, 6, 2, 14], [3, 11, 7, 23, 10, 15, 19, 18, 22, 6, 2, 14], [15, 3, 11, 19, 10, 23, 22], [15, 7, 23, 11, 22, 3, 19, 18, 10, 6, 2, 14], [3, 23, 11, 22, 7, 15, 19, 18, 10, 6, 2, 14], [3, 23, 7, 19, 22, 11, 10], [23, 15, 11, 22, 19, 10, 7], [23, 15, 7, 11, 10, 19, 18, 3, 22, 6, 2, 14], [15, 11, 23, 22, 7, 19, 10], [3, 15, 19, 23, 22, 7], [3, 7, 15, 11, 23, 10, 19, 22], [7, 11, 15, 3, 23, 10, 19, 18, 22, 6, 2, 14], [15, 11, 23, 22, 7, 3, 19, 18, 10, 6, 2, 14], [23, 7, 11, 22, 19, 10, 15], [19, 7, 23, 18, 15, 11, 22, 3, 10, 6, 2, 14], [23, 15, 3, 7, 11, 10, 19, 18, 22, 6, 2, 14], [3, 19, 15, 23, 22, 11, 18, 7, 10, 6, 2, 14], [7, 15, 19, 3, 23, 18, 11, 22, 10, 6, 2, 14], [19, 7, 23, 18, 3, 15, 11, 22, 10, 6, 2, 14], [3, 19, 15, 11, 10, 23, 18, 7, 22, 6, 2, 14], [11, 7, 3, 19, 18, 15, 23, 10, 22, 6, 2, 14], [15, 11, 19, 18, 3, 7, 23, 22, 10, 6, 2, 14], [11, 15, 23, 22, 3, 19, 18, 7, 10, 6, 2, 14], [15, 3, 19, 23, 22, 7], [23, 15, 7, 19, 22, 11, 10], [11, 3, 7, 23, 22, 19, 10], [23, 19, 22, 15, 11, 18, 3, 7, 10, 6, 2, 14], [15, 11, 19, 18, 3, 7, 23, 10, 22, 6, 2, 14], [19, 7, 11, 10, 23, 22, 15], [19, 23, 18, 3, 7, 11, 22, 15, 10, 6, 2, 14], [3, 19, 23, 22, 7, 15], [7, 23, 11, 10, 19, 18, 15, 3, 22, 6, 2, 14], [11, 15, 23, 22, 7, 3, 19, 18, 10, 6, 2, 14], [7, 11, 3, 19, 18, 15, 23, 22, 10, 6, 2, 14], [19, 11, 10, 7, 23, 22, 15], [15, 23, 7, 19, 22, 11, 10], [15, 23, 7, 11, 22, 3, 19, 10], [19, 23, 18, 11, 22, 7, 3, 15, 10, 6, 2, 14], [23, 11, 10, 19, 22, 3, 7], [11, 7, 23, 22, 3, 19, 18, 15, 10, 6, 2, 14], [15, 11, 7, 23, 10, 3, 19, 22], [7, 23, 3, 15, 19, 18, 11, 10, 22, 6, 2, 14], [23, 15, 3, 7, 11, 22, 19, 18, 10, 6, 2, 14], [3, 23, 7, 15, 19, 22], [23, 19, 18, 7, 15, 3, 11, 22, 10, 6, 2, 14], [15, 19, 23, 22, 3, 7], [23, 19, 22, 3, 15, 11, 18, 7, 10, 6, 2, 14], [3, 15, 23, 11, 22, 7, 19, 10], [7, 15, 11, 23, 22, 19, 10], [15, 23, 19, 18, 7, 11, 22, 3, 10, 6, 2, 14], [3, 7, 11, 15, 23, 10, 19, 22], [3, 7, 11, 15, 19, 10], [19, 23, 22, 3, 11, 10, 7], [11, 19, 10, 15, 7, 3], [7, 3, 15, 11, 19, 10], [7, 19, 11, 18, 3, 23, 22, 15, 10, 6, 2, 14], [11, 7, 19, 18, 3, 23, 22, 15, 10, 6, 2, 14], [23, 11, 22, 7, 15, 19, 18, 3, 10, 6, 2, 14], [23, 19, 18, 3, 7, 11, 10, 15, 22, 6, 2, 14], [23, 7, 11, 10, 19, 22, 15], [3, 11, 15, 23, 22, 19, 18, 7, 10, 6, 2, 14], [15, 11, 19, 18, 3, 23, 22, 7, 10, 6, 2, 14], [19, 7, 15, 23, 22, 11, 10], [7, 15, 3, 19, 23, 18, 11, 22, 10, 6, 2, 14], [7, 3, 19, 23, 22, 15], [23, 19, 18, 3, 7, 11, 22, 15, 10, 6, 2, 14], [3, 7, 11, 15, 19, 10], [7, 19, 23, 22, 15, 11, 18, 3, 10, 6, 2, 14], [19, 23, 22, 7, 15, 3], [7, 11, 23, 10, 15, 19, 18, 3, 22, 6, 2, 14], [7, 23, 11, 22, 19, 10, 3], [23, 15, 3, 7, 19, 22], [15, 7, 23, 3, 19, 22], [23, 7, 19, 22, 11, 10, 3], [23, 3, 11, 22, 19, 10, 15], [15, 7, 23, 11, 10, 3, 19, 18, 22, 6, 2, 14], [23, 11, 22, 7, 15, 3, 19, 18, 10, 6, 2, 14], [15, 19, 7, 11, 18, 23, 22, 3, 10, 6, 2, 14], [11, 23, 22, 3, 7, 15, 19, 18, 10, 6, 2, 14], [15, 7, 23, 3, 19, 18, 11, 22, 10, 6, 2, 14], [3, 15, 11, 23, 22, 19, 10], [7, 11, 3, 15, 19, 18, 23, 10, 22, 6, 2, 14], [15, 19, 3, 23, 18, 7, 11, 22, 10, 6, 2, 14], [7, 23, 3, 15, 11, 22, 19, 18, 10, 6, 2, 14], [15, 19, 23, 18, 3, 11, 22, 7, 10, 6, 2, 14], [15, 23, 19, 22, 7, 3], [7, 23, 11, 10, 19, 18, 3, 15, 22, 6, 2, 14], [19, 7, 23, 18, 15, 3, 11, 22, 10, 6, 2, 14], [11, 7, 3, 19, 10, 15], [23, 3, 7, 11, 10, 19, 22], [23, 15, 7, 19, 22, 3], [7, 11, 23, 10, 3, 15, 19, 18, 22, 6, 2, 14], [3, 7, 23, 15, 11, 22, 19, 10], [11, 7, 23, 10, 19, 18, 15, 3, 22, 6, 2, 14], [15, 3, 11, 19, 10, 23, 18, 7, 22, 6, 2, 14], [11, 23, 10, 15, 3, 7, 19, 22], [7, 19, 11, 10, 3, 23, 18, 15, 22, 6, 2, 14], [15, 7, 19, 3, 23, 22], [7, 11, 19, 10, 23, 22, 15], [3, 7, 19, 15, 23, 22], [23, 7, 19, 22, 3, 11, 18, 15, 10, 6, 2, 14], [15, 11, 19, 10, 23, 18, 3, 7, 22, 6, 2, 14], [15, 3, 11, 7, 23, 22, 19, 18, 10, 6, 2, 14], [23, 3, 19, 22, 7, 11, 10], [11, 15, 7, 3, 19, 18, 23, 22, 10, 6, 2, 14], [23, 11, 22, 3, 7, 15, 19, 10], [19, 7, 23, 22, 11, 18, 15, 3, 10, 6, 2, 14], [23, 15, 3, 19, 22, 11, 18, 7, 10, 6, 2, 14], [11, 3, 7, 15, 23, 10, 19, 18, 22, 6, 2, 14], [19, 23, 18, 7, 11, 10, 15, 3, 22, 6, 2, 14], [19, 23, 22, 3, 11, 18, 15, 7, 10, 6, 2, 14], [23, 11, 22, 7, 3, 15, 19, 10], [11, 3, 7, 19, 10, 15], [3, 7, 19, 11, 18, 23, 22, 15, 10, 6, 2, 14], [15, 19, 7, 23, 18, 3, 11, 10, 22, 6, 2, 14], [3, 15, 7, 11, 23, 22, 19, 10], [15, 11, 19, 18, 7, 23, 10, 3, 22, 6, 2, 14], [23, 11, 22, 7, 15, 19, 18, 3, 10, 6, 2, 14], [11, 15, 3, 23, 22, 19, 18, 7, 10, 6, 2, 14], [3, 15, 7, 23, 19, 22], [11, 15, 23, 22, 19, 10, 3], [23, 15, 11, 22, 19, 18, 3, 7, 10, 6, 2, 14], [19, 3, 11, 18, 7, 15, 23, 22, 10, 6, 2, 14], [3, 23, 7, 19, 22, 15], [19, 3, 15, 11, 18, 23, 10, 7, 22, 6, 2, 14], [3, 15, 23, 11, 10, 19, 22], [19, 23, 18, 7, 3, 11, 10, 15, 22, 6, 2, 14], [19, 7, 11, 10, 23, 18, 15, 3, 22, 6, 2, 14], [15, 11, 3, 23, 10, 19, 18, 7, 22, 6, 2, 14], [3, 19, 15, 23, 18, 11, 10, 7, 22, 6, 2, 14], [23, 19, 18, 3, 15, 7, 11, 10, 22, 6, 2, 14], [7, 11, 19, 18, 23, 10, 15, 3, 22, 6, 2, 14], [15, 11, 3, 23, 10, 7, 19, 22], [7, 19, 11, 10, 23, 18, 3, 15, 22, 6, 2, 14], [15, 3, 7, 23, 11, 10, 19, 18, 22, 6, 2, 14], [23, 15, 11, 10, 3, 19, 22], [7, 19, 15, 23, 22, 3], [11, 3, 7, 19, 18, 15, 23, 22, 10, 6, 2, 14], [23, 15, 7, 11, 10, 3, 19, 22], [7, 15, 3, 23, 19, 22], [3, 19, 23, 18, 15, 11, 10, 7, 22, 6, 2, 14], [15, 7, 3, 19, 23, 22], [11, 23, 10, 19, 18, 15, 3, 7, 22, 6, 2, 14], [3, 15, 11, 19, 10, 23, 22], [3, 19, 11, 10, 15, 23, 22], [19, 3, 15, 7, 11, 18, 23, 10, 22, 6, 2, 14], [7, 23, 15, 3, 11, 10, 19, 22], [23, 11, 22, 15, 19, 10, 3], [15, 19, 7, 11, 18, 23, 22, 3, 10, 6, 2, 14], [15, 19, 11, 18, 7, 3, 23, 10, 22, 6, 2, 14], [11, 15, 7, 19, 18, 23, 10, 3, 22, 6, 2, 14], [15, 7, 3, 23, 19, 22], [15, 7, 23, 3, 19, 18, 11, 22, 10, 6, 2, 14], [23, 15, 3, 7, 11, 22, 19, 10], [19, 15, 11, 10, 3, 23, 22], [15, 3, 11, 7, 23, 22, 19, 10], [7, 11, 3, 23, 22, 15, 19, 10], [23, 7, 19, 22, 3, 11, 18, 15, 10, 6, 2, 14], [23, 19, 18, 15, 3, 11, 10, 7, 22, 6, 2, 14], [3, 19, 7, 15, 23, 18, 11, 10, 22, 6, 2, 14], [19, 15, 11, 18, 23, 22, 3, 7, 10, 6, 2, 14], [15, 19, 3, 23, 18, 11, 10, 7, 22, 6, 2, 14], [3, 15, 11, 7, 19, 10], [23, 3, 11, 22, 19, 18, 15, 7, 10, 6, 2, 14], [3, 7, 19, 15, 11, 10], [11, 7, 19, 10, 15, 3], [15, 11, 23, 22, 7, 19, 18, 3, 10, 6, 2, 14], [15, 3, 19, 23, 18, 7, 11, 10, 22, 6, 2, 14], [3, 7, 23, 11, 10, 15, 19, 18, 22, 6, 2, 14], [7, 19, 11, 10, 3, 15], [11, 7, 3, 23, 10, 19, 18, 15, 22, 6, 2, 14], [15, 19, 23, 18, 7, 11, 22, 3, 10, 6, 2, 14], [3, 11, 7, 23, 22, 19, 18, 15, 10, 6, 2, 14], [11, 23, 22, 19, 10, 15, 3], [23, 3, 7, 15, 19, 22], [23, 3, 19, 18, 11, 10, 7, 15, 22, 6, 2, 14], [23, 11, 22, 7, 15, 3, 19, 18, 10, 6, 2, 14], [7, 23, 15, 19, 22, 3], [19, 11, 10, 23, 22, 15, 3], [15, 3, 11, 19, 10, 7], [19, 3, 11, 10, 23, 22, 7], [23, 11, 22, 3, 15, 19, 18, 7, 10, 6, 2, 14], [3, 7, 19, 11, 18, 15, 23, 22, 10, 6, 2, 14], [19, 23, 22, 15, 3, 7], [3, 7, 23, 15, 11, 22, 19, 18, 10, 6, 2, 14], [3, 15, 11, 23, 22, 19, 18, 7, 10, 6, 2, 14], [19, 3, 11, 18, 7, 23, 22, 15, 10, 6, 2, 14], [23, 7, 3, 11, 10, 15, 19, 18, 22, 6, 2, 14], [7, 11, 23, 10, 19, 22, 15], [3, 23, 7, 19, 22, 15], [23, 7, 15, 11, 10, 3, 19, 22], [7, 3, 15, 23, 11, 10, 19, 22], [15, 23, 3, 19, 18, 7, 11, 22, 10, 6, 2, 14], [19, 23, 18, 7, 3, 11, 22, 15, 10, 6, 2, 14], [23, 11, 22, 7, 19, 10, 15], [3, 11, 19, 10, 23, 18, 15, 7, 22, 6, 2, 14], [15, 23, 7, 3, 19, 18, 11, 10, 22, 6, 2, 14], [15, 23, 11, 22, 19, 18, 3, 7, 10, 6, 2, 14], [23, 11, 22, 7, 15, 19, 10], [19, 23, 18, 15, 11, 10, 3, 7, 22, 6, 2, 14], [19, 15, 3, 23, 18, 11, 22, 7, 10, 6, 2, 14], [11, 23, 22, 19, 18, 15, 3, 7, 10, 6, 2, 14], [11, 15, 23, 10, 19, 22, 3], [23, 11, 22, 15, 19, 10, 3], [15, 23, 7, 19, 18, 11, 10, 3, 22, 6, 2, 14], [15, 7, 19, 23, 22, 11, 10], [15, 11, 7, 3, 19, 10], [23, 11, 22, 7, 3, 15, 19, 18, 10, 6, 2, 14], [19, 23, 18, 7, 11, 22, 15, 3, 10, 6, 2, 14], [19, 7, 3, 11, 10, 23, 22], [15, 23, 11, 22, 19, 10, 3], [19, 3, 11, 10, 23, 18, 7, 15, 22, 6, 2, 14], [11, 23, 22, 15, 3, 19, 18, 7, 10, 6, 2, 14], [3, 11, 7, 23, 10, 15, 19, 18, 22, 6, 2, 14], [15, 19, 23, 18, 7, 11, 10, 3, 22, 6, 2, 14], [11, 7, 23, 22, 19, 18, 15, 3, 10, 6, 2, 14], [19, 7, 23, 18, 11, 22, 3, 15, 10, 6, 2, 14], [19, 7, 11, 10, 15, 23, 22], [23, 3, 11, 22, 7, 19, 18, 15, 10, 6, 2, 14], [11, 19, 18, 15, 23, 22, 3, 7, 10, 6, 2, 14], [3, 11, 7, 15, 19, 18, 23, 22, 10, 6, 2, 14], [19, 3, 23, 18, 7, 11, 22, 15, 10, 6, 2, 14], [7, 23, 3, 15, 19, 22], [3, 11, 15, 7, 19, 10], [11, 23, 10, 3, 15, 19, 18, 7, 22, 6, 2, 14], [3, 19, 7, 23, 22, 15], [3, 7, 15, 19, 11, 10], [11, 3, 15, 23, 22, 7, 19, 10], [11, 3, 19, 10, 7, 15], [23, 19, 18, 7, 3, 11, 10, 15, 22, 6, 2, 14], [19, 23, 18, 3, 15, 11, 10, 7, 22, 6, 2, 14], [23, 7, 15, 19, 18, 3, 11, 10, 22, 6, 2, 14], [3, 11, 7, 23, 22, 19, 18, 15, 10, 6, 2, 14], [11, 23, 10, 19, 18, 3, 7, 15, 22, 6, 2, 14], [3, 23, 15, 11, 22, 7, 19, 18, 10, 6, 2, 14], [11, 23, 22, 7, 3, 15, 19, 18, 10, 6, 2, 14], [7, 19, 15, 23, 18, 3, 11, 22, 10, 6, 2, 14], [7, 19, 23, 18, 3, 11, 22, 15, 10, 6, 2, 14], [23, 19, 18, 15, 11, 22, 3, 7, 10, 6, 2, 14], [11, 3, 19, 18, 23, 10, 15, 7, 22, 6, 2, 14], [23, 3, 15, 19, 18, 11, 22, 7, 10, 6, 2, 14], [3, 7, 19, 23, 22, 15], [7, 3, 23, 11, 22, 19, 10], [3, 11, 23, 22, 7, 15, 19, 18, 10, 6, 2, 14], [11, 23, 10, 7, 19, 18, 3, 15, 22, 6, 2, 14], [7, 23, 3, 19, 18, 15, 11, 10, 22, 6, 2, 14], [3, 11, 23, 22, 15, 19, 10], [11, 23, 22, 7, 3, 15, 19, 10], [3, 23, 7, 15, 19, 22], [7, 19, 3, 11, 10, 15], [7, 23, 11, 10, 19, 22, 3], [23, 7, 19, 22, 15, 11, 18, 3, 10, 6, 2, 14], [7, 15, 19, 11, 18, 23, 22, 3, 10, 6, 2, 14], [19, 23, 18, 7, 15, 11, 22, 3, 10, 6, 2, 14], [15, 11, 19, 10, 3, 7], [11, 15, 7, 19, 18, 23, 10, 3, 22, 6, 2, 14], [23, 7, 3, 19, 22, 11, 18, 15, 10, 6, 2, 14], [7, 19, 3, 11, 10, 23, 18, 15, 22, 6, 2, 14], [19, 23, 22, 7, 11, 18, 3, 15, 10, 6, 2, 14], [19, 15, 7, 23, 18, 3, 11, 22, 10, 6, 2, 14], [23, 15, 19, 18, 11, 10, 3, 7, 22, 6, 2, 14], [23, 7, 19, 22, 11, 18, 15, 3, 10, 6, 2, 14], [3, 15, 11, 23, 10, 7, 19, 18, 22, 6, 2, 14], [11, 15, 3, 19, 18, 7, 23, 10, 22, 6, 2, 14], [7, 3, 19, 15, 11, 10], [15, 7, 23, 11, 22, 19, 10], [3, 15, 7, 11, 19, 10], [15, 11, 3, 19, 10, 7], [3, 23, 7, 11, 22, 15, 19, 10], [23, 3, 11, 22, 7, 15, 19, 10], [11, 19, 10, 15, 23, 18, 3, 7, 22, 6, 2, 14], [11, 15, 7, 19, 10, 23, 22], [23, 11, 22, 7, 19, 18, 3, 15, 10, 6, 2, 14], [23, 19, 18, 7, 11, 10, 3, 15, 22, 6, 2, 14], [11, 23, 22, 15, 19, 18, 7, 3, 10, 6, 2, 14], [11, 7, 19, 10, 23, 22, 3], [15, 3, 7, 11, 23, 22, 19, 10], [15, 19, 7, 3, 11, 10], [7, 11, 23, 22, 19, 18, 3, 15, 10, 6, 2, 14], [15, 3, 23, 11, 10, 7, 19, 22], [11, 19, 10, 23, 22, 3, 7], [23, 15, 7, 3, 11, 22, 19, 18, 10, 6, 2, 14], [3, 23, 7, 11, 22, 19, 10], [11, 19, 10, 15, 3, 23, 18, 7, 22, 6, 2, 14], [7, 23, 3, 11, 22, 15, 19, 10], [15, 23, 11, 10, 3, 7, 19, 18, 22, 6, 2, 14], [11, 15, 7, 23, 10, 3, 19, 18, 22, 6, 2, 14], [23, 11, 10, 7, 3, 19, 18, 15, 22, 6, 2, 14], [15, 23, 11, 10, 19, 22, 7], [15, 19, 3, 23, 18, 7, 11, 10, 22, 6, 2, 14], [11, 15, 7, 23, 10, 19, 22], [15, 11, 3, 19, 10, 23, 22], [23, 19, 18, 7, 3, 11, 10, 15, 22, 6, 2, 14], [19, 23, 22, 15, 7, 3], [15, 7, 19, 23, 18, 3, 11, 22, 10, 6, 2, 14], [3, 15, 7, 11, 19, 10], [3, 15, 19, 11, 10, 23, 18, 7, 22, 6, 2, 14], [7, 3, 19, 15, 11, 10], [19, 11, 18, 3, 15, 7, 23, 22, 10, 6, 2, 14], [3, 19, 15, 11, 10, 7], [15, 3, 19, 7, 11, 10], [11, 3, 19, 18, 15, 23, 10, 7, 22, 6, 2, 14], [3, 7, 19, 15, 23, 22], [15, 7, 3, 19, 23, 18, 11, 10, 22, 6, 2, 14], [11, 7, 19, 18, 3, 23, 10, 15, 22, 6, 2, 14], [23, 7, 19, 22, 15, 11, 18, 3, 10, 6, 2, 14], [11, 7, 19, 18, 23, 22, 3, 15, 10, 6, 2, 14], [15, 3, 7, 19, 11, 10], [19, 11, 18, 23, 10, 3, 15, 7, 22, 6, 2, 14], [7, 11, 3, 19, 10, 23, 22], [11, 19, 18, 7, 3, 15, 23, 22, 10, 6, 2, 14], [15, 19, 23, 18, 3, 11, 10, 7, 22, 6, 2, 14], [15, 23, 3, 7, 19, 18, 11, 22, 10, 6, 2, 14], [19, 11, 10, 23, 22, 15, 7], [19, 23, 18, 11, 22, 3, 7, 15, 10, 6, 2, 14], [19, 11, 18, 23, 22, 3, 15, 7, 10, 6, 2, 14], [3, 7, 19, 11, 18, 23, 10, 15, 22, 6, 2, 14], [23, 19, 18, 11, 10, 15, 3, 7, 22, 6, 2, 14], [23, 15, 3, 11, 22, 7, 19, 18, 10, 6, 2, 14], [11, 19, 18, 7, 15, 3, 23, 22, 10, 6, 2, 14], [11, 3, 15, 23, 22, 19, 10], [15, 23, 7, 3, 19, 18, 11, 22, 10, 6, 2, 14], [19, 11, 10, 15, 7, 3], [11, 23, 10, 19, 22, 7, 15], [23, 7, 11, 22, 3, 19, 18, 15, 10, 6, 2, 14], [11, 23, 22, 7, 3, 15, 19, 18, 10, 6, 2, 14], [15, 19, 11, 10, 23, 18, 7, 3, 22, 6, 2, 14], [7, 23, 19, 18, 11, 10, 15, 3, 22, 6, 2, 14], [7, 15, 19, 23, 22, 3], [15, 3, 11, 7, 19, 10], [11, 7, 19, 10, 15, 3], [3, 7, 15, 11, 23, 22, 19, 10], [23, 11, 10, 3, 19, 18, 7, 15, 22, 6, 2, 14], [19, 11, 18, 7, 3, 23, 22, 15, 10, 6, 2, 14], [3, 19, 15, 23, 22, 7], [15, 23, 7, 19, 18, 3, 11, 22, 10, 6, 2, 14], [3, 15, 11, 19, 18, 23, 22, 7, 10, 6, 2, 14], [19, 3, 11, 10, 15, 7], [23, 11, 22, 3, 19, 18, 15, 7, 10, 6, 2, 14], [19, 11, 18, 3, 15, 23, 10, 7, 22, 6, 2, 14], [7, 3, 23, 19, 18, 15, 11, 10, 22, 6, 2, 14], [7, 3, 15, 19, 23, 22], [11, 19, 18, 15, 7, 3, 23, 10, 22, 6, 2, 14], [19, 7, 3, 15, 11, 18, 23, 10, 22, 6, 2, 14], [19, 23, 22, 7, 15, 3], [15, 23, 11, 10, 7, 3, 19, 18, 22, 6, 2, 14], [15, 3, 19, 11, 10, 23, 18, 7, 22, 6, 2, 14], [11, 7, 19, 10, 15, 3], [3, 15, 7, 23, 19, 18, 11, 10, 22, 6, 2, 14], [19, 15, 23, 22, 3, 7], [15, 11, 7, 19, 10, 3], [19, 23, 18, 11, 10, 15, 7, 3, 22, 6, 2, 14], [3, 23, 15, 19, 18, 11, 10, 7, 22, 6, 2, 14], [11, 23, 22, 7, 19, 18, 3, 15, 10, 6, 2, 14], [23, 7, 19, 18, 11, 10, 3, 15, 22, 6, 2, 14], [15, 3, 7, 23, 11, 10, 19, 18, 22, 6, 2, 14], [11, 3, 23, 22, 19, 10, 15], [19, 15, 23, 18, 7, 3, 11, 10, 22, 6, 2, 14], [11, 3, 19, 10, 7, 23, 22], [19, 11, 10, 3, 7, 15], [11, 19, 10, 3, 23, 18, 15, 7, 22, 6, 2, 14], [19, 23, 22, 15, 7, 11, 18, 3, 10, 6, 2, 14], [3, 15, 7, 11, 23, 10, 19, 22], [19, 15, 7, 3, 11, 18, 23, 10, 22, 6, 2, 14], [23, 11, 22, 7, 19, 18, 15, 3, 10, 6, 2, 14], [3, 19, 23, 22, 11, 18, 15, 7, 10, 6, 2, 14], [3, 19, 7, 11, 10, 23, 22], [23, 15, 3, 19, 18, 11, 10, 7, 22, 6, 2, 14], [23, 3, 15, 19, 18, 7, 11, 10, 22, 6, 2, 14], [3, 15, 7, 19, 23, 18, 11, 10, 22, 6, 2, 14], [7, 11, 15, 23, 10, 19, 22], [7, 15, 3, 23, 19, 18, 11, 22, 10, 6, 2, 14], [7, 23, 3, 15, 19, 22], [23, 7, 3, 11, 10, 19, 22], [15, 23, 7, 19, 18, 3, 11, 22, 10, 6, 2, 14], [23, 11, 22, 15, 19, 10, 3], [7, 23, 19, 18, 15, 3, 11, 10, 22, 6, 2, 14], [15, 3, 7, 19, 23, 22], [7, 3, 19, 23, 18, 15, 11, 22, 10, 6, 2, 14], [7, 23, 3, 15, 11, 10, 19, 22], [3, 11, 19, 18, 7, 15, 23, 22, 10, 6, 2, 14], [7, 11, 3, 15, 19, 18, 23, 10, 22, 6, 2, 14], [3, 19, 7, 23, 22, 15], [7, 11, 23, 10, 15, 19, 22], [23, 11, 22, 3, 15, 7, 19, 10], [7, 15, 19, 3, 23, 22], [15, 19, 11, 18, 3, 23, 10, 7, 22, 6, 2, 14], [11, 19, 10, 15, 23, 18, 7, 3, 22, 6, 2, 14], [11, 3, 23, 22, 15, 19, 18, 7, 10, 6, 2, 14], [11, 15, 7, 23, 22, 19, 10], [15, 23, 3, 11, 22, 7, 19, 10], [7, 19, 11, 10, 3, 23, 18, 15, 22, 6, 2, 14], [3, 23, 11, 22, 19, 10, 7], [19, 3, 7, 23, 22, 11, 18, 15, 10, 6, 2, 14], [3, 15, 11, 19, 10, 23, 22], [15, 11, 3, 23, 22, 19, 18, 7, 10, 6, 2, 14], [7, 3, 19, 11, 18, 15, 23, 10, 22, 6, 2, 14], [15, 3, 7, 19, 11, 10], [7, 23, 3, 15, 11, 10, 19, 18, 22, 6, 2, 14], [19, 23, 22, 7, 15, 3], [15, 3, 23, 7, 11, 22, 19, 10], [3, 15, 7, 19, 11, 18, 23, 22, 10, 6, 2, 14], [3, 23, 7, 19, 22, 11, 10], [19, 3, 11, 18, 15, 7, 23, 22, 10, 6, 2, 14], [15, 19, 3, 23, 22, 11, 18, 7, 10, 6, 2, 14], [23, 3, 19, 18, 7, 11, 10, 15, 22, 6, 2, 14], [7, 23, 3, 19, 22, 11, 10], [11, 7, 19, 18, 3, 23, 22, 15, 10, 6, 2, 14], [23, 19, 22, 3, 7, 15], [19, 15, 7, 11, 10, 23, 18, 3, 22, 6, 2, 14], [19, 3, 7, 15, 23, 22], [3, 19, 7, 11, 18, 15, 23, 10, 22, 6, 2, 14], [7, 19, 15, 3, 23, 18, 11, 10, 22, 6, 2, 14], [23, 7, 3, 11, 10, 19, 22], [15, 23, 11, 22, 7, 3, 19, 18, 10, 6, 2, 14], [3, 19, 11, 10, 15, 7], [15, 23, 19, 22, 7, 11, 10], [19, 7, 3, 11, 18, 23, 22, 15, 10, 6, 2, 14], [11, 15, 23, 10, 3, 7, 19, 18, 22, 6, 2, 14], [19, 3, 23, 22, 15, 11, 18, 7, 10, 6, 2, 14], [15, 19, 7, 3, 23, 18, 11, 10, 22, 6, 2, 14], [15, 23, 11, 10, 7, 19, 18, 3, 22, 6, 2, 14], [7, 11, 19, 10, 23, 18, 3, 15, 22, 6, 2, 14], [19, 15, 3, 11, 18, 7, 23, 10, 22, 6, 2, 14], [11, 23, 10, 3, 7, 15, 19, 22], [7, 3, 15, 11, 23, 10, 19, 22], [7, 15, 19, 23, 22, 3], [11, 19, 18, 15, 23, 22, 7, 3, 10, 6, 2, 14], [11, 23, 10, 15, 7, 3, 19, 22], [19, 23, 22, 3, 7, 15], [15, 23, 7, 3, 19, 18, 11, 10, 22, 6, 2, 14], [11, 23, 22, 7, 19, 10, 3], [3, 15, 7, 23, 11, 22, 19, 10], [3, 19, 11, 18, 15, 23, 10, 7, 22, 6, 2, 14], [23, 3, 7, 15, 19, 22], [7, 11, 19, 18, 23, 10, 15, 3, 22, 6, 2, 14], [19, 15, 23, 22, 11, 18, 3, 7, 10, 6, 2, 14], [7, 19, 15, 23, 22, 11, 18, 3, 10, 6, 2, 14], [19, 7, 15, 11, 10, 3], [23, 11, 22, 3, 7, 15, 19, 18, 10, 6, 2, 14], [3, 7, 15, 19, 11, 18, 23, 22, 10, 6, 2, 14], [19, 3, 7, 23, 22, 11, 18, 15, 10, 6, 2, 14], [15, 7, 11, 19, 18, 3, 23, 10, 22, 6, 2, 14], [15, 7, 19, 11, 18, 3, 23, 22, 10, 6, 2, 14], [23, 19, 22, 11, 18, 7, 15, 3, 10, 6, 2, 14], [7, 11, 3, 23, 22, 15, 19, 18, 10, 6, 2, 14], [11, 19, 18, 23, 10, 15, 3, 7, 22, 6, 2, 14], [23, 7, 11, 22, 15, 19, 10], [11, 15, 23, 22, 3, 7, 19, 18, 10, 6, 2, 14], [3, 15, 23, 7, 19, 22], [15, 11, 7, 3, 19, 10], [3, 23, 11, 22, 19, 18, 15, 7, 10, 6, 2, 14], [11, 23, 22, 3, 7, 15, 19, 18, 10, 6, 2, 14], [19, 7, 3, 11, 18, 15, 23, 10, 22, 6, 2, 14], [15, 3, 23, 19, 22, 11, 18, 7, 10, 6, 2, 14], [23, 7, 3, 19, 18, 11, 22, 15, 10, 6, 2, 14], [15, 3, 23, 19, 22, 7], [15, 19, 11, 18, 7, 3, 23, 10, 22, 6, 2, 14], [23, 11, 22, 3, 7, 15, 19, 18, 10, 6, 2, 14], [19, 23, 22, 11, 18, 7, 3, 15, 10, 6, 2, 14], [11, 15, 7, 3, 19, 10], [15, 3, 11, 23, 22, 19, 10], [23, 7, 11, 22, 15, 19, 10], [15, 19, 23, 18, 11, 10, 3, 7, 22, 6, 2, 14], [3, 7, 19, 23, 18, 15, 11, 22, 10, 6, 2, 14], [3, 19, 23, 22, 11, 18, 7, 15, 10, 6, 2, 14], [3, 11, 15, 19, 10, 7], [3, 19, 15, 7, 11, 18, 23, 10, 22, 6, 2, 14], [7, 15, 11, 19, 10, 23, 22], [15, 11, 23, 22, 19, 18, 7, 3, 10, 6, 2, 14], [23, 19, 22, 15, 7, 3], [15, 11, 7, 19, 10, 23, 18, 3, 22, 6, 2, 14], [23, 7, 11, 10, 3, 19, 18, 15, 22, 6, 2, 14], [15, 3, 23, 19, 18, 11, 22, 7, 10, 6, 2, 14], [11, 23, 10, 7, 15, 3, 19, 22], [23, 11, 22, 15, 7, 3, 19, 10], [23, 19, 18, 15, 11, 10, 3, 7, 22, 6, 2, 14], [19, 7, 3, 15, 23, 18, 11, 10, 22, 6, 2, 14], [7, 15, 3, 19, 23, 18, 11, 22, 10, 6, 2, 14], [15, 7, 11, 19, 10, 3], [11, 15, 7, 23, 22, 3, 19, 18, 10, 6, 2, 14], [23, 15, 19, 22, 11, 10, 3], [7, 15, 19, 11, 10, 3], [3, 11, 19, 18, 23, 22, 15, 7, 10, 6, 2, 14], [23, 19, 18, 3, 15, 7, 11, 10, 22, 6, 2, 14], [11, 7, 23, 22, 15, 3, 19, 10], [11, 15, 19, 10, 23, 18, 3, 7, 22, 6, 2, 14], [11, 15, 3, 7, 23, 10, 19, 22], [23, 7, 19, 22, 11, 10, 15], [3, 23, 11, 22, 19, 10, 7], [15, 11, 19, 18, 7, 23, 22, 3, 10, 6, 2, 14], [23, 3, 15, 7, 11, 22, 19, 18, 10, 6, 2, 14], [11, 15, 7, 23, 22, 19, 18, 3, 10, 6, 2, 14], [3, 23, 11, 22, 7, 15, 19, 10], [23, 7, 11, 22, 3, 15, 19, 18, 10, 6, 2, 14], [11, 19, 18, 15, 3, 23, 10, 7, 22, 6, 2, 14], [19, 15, 23, 18, 3, 7, 11, 22, 10, 6, 2, 14], [19, 3, 11, 10, 7, 15], [7, 11, 3, 19, 18, 23, 22, 15, 10, 6, 2, 14], [7, 11, 15, 3, 19, 10], [7, 15, 19, 11, 18, 3, 23, 22, 10, 6, 2, 14], [23, 7, 19, 18, 11, 22, 15, 3, 10, 6, 2, 14], [11, 3, 7, 23, 10, 15, 19, 18, 22, 6, 2, 14], [3, 15, 19, 11, 10, 7], [23, 15, 11, 22, 3, 7, 19, 18, 10, 6, 2, 14], [15, 11, 7, 23, 22, 19, 18, 3, 10, 6, 2, 14], [23, 3, 19, 18, 15, 11, 10, 7, 22, 6, 2, 14], [11, 3, 7, 23, 10, 19, 22], [19, 23, 22, 3, 11, 18, 7, 15, 10, 6, 2, 14], [15, 23, 11, 10, 7, 3, 19, 18, 22, 6, 2, 14], [7, 15, 3, 19, 23, 18, 11, 10, 22, 6, 2, 14], [19, 15, 23, 18, 3, 7, 11, 22, 10, 6, 2, 14], [11, 19, 18, 23, 10, 3, 15, 7, 22, 6, 2, 14], [11, 3, 15, 7, 19, 10], [23, 3, 15, 11, 10, 7, 19, 18, 22, 6, 2, 14], [11, 7, 15, 3, 19, 18, 23, 22, 10, 6, 2, 14], [7, 19, 11, 18, 15, 23, 22, 3, 10, 6, 2, 14], [19, 23, 18, 15, 11, 22, 3, 7, 10, 6, 2, 14], [23, 3, 19, 18, 7, 15, 11, 22, 10, 6, 2, 14], [3, 23, 19, 22, 15, 11, 10], [23, 15, 11, 22, 19, 18, 3, 7, 10, 6, 2, 14], [15, 11, 3, 7, 23, 10, 19, 18, 22, 6, 2, 14], [11, 15, 7, 3, 19, 18, 23, 22, 10, 6, 2, 14], [7, 23, 11, 22, 19, 10, 15], [11, 23, 10, 19, 22, 3, 15], [11, 19, 10, 15, 7, 23, 22], [15, 23, 19, 22, 11, 10, 3], [11, 15, 19, 10, 7, 3], [11, 19, 18, 15, 23, 10, 7, 3, 22, 6, 2, 14], [15, 3, 19, 23, 18, 11, 22, 7, 10, 6, 2, 14], [3, 19, 15, 23, 22, 7], [15, 23, 3, 7, 19, 22], [15, 3, 23, 19, 18, 7, 11, 10, 22, 6, 2, 14], [3, 23, 15, 7, 19, 18, 11, 22, 10, 6, 2, 14], [15, 11, 3, 23, 22, 7, 19, 10], [15, 19, 3, 23, 18, 7, 11, 10, 22, 6, 2, 14], [3, 23, 7, 19, 22, 11, 18, 15, 10, 6, 2, 14], [7, 23, 15, 11, 10, 3, 19, 22], [11, 23, 10, 15, 7, 3, 19, 22], [23, 3, 11, 22, 7, 19, 10], [15, 11, 19, 10, 3, 23, 22], [23, 7, 15, 11, 10, 3, 19, 22], [19, 7, 11, 18, 23, 22, 15, 3, 10, 6, 2, 14], [15, 19, 23, 18, 3, 11, 22, 7, 10, 6, 2, 14], [11, 19, 10, 15, 3, 7], [11, 7, 15, 23, 22, 19, 10], [23, 11, 22, 7, 19, 18, 3, 15, 10, 6, 2, 14], [3, 23, 15, 11, 22, 19, 10], [23, 19, 22, 3, 15, 7], [3, 7, 11, 23, 22, 19, 18, 15, 10, 6, 2, 14], [15, 11, 3, 7, 23, 22, 19, 10], [19, 11, 18, 7, 15, 23, 10, 3, 22, 6, 2, 14], [19, 3, 11, 10, 15, 23, 18, 7, 22, 6, 2, 14], [7, 19, 15, 3, 23, 18, 11, 10, 22, 6, 2, 14], [19, 7, 11, 18, 3, 15, 23, 22, 10, 6, 2, 14], [15, 7, 19, 11, 18, 23, 22, 3, 10, 6, 2, 14], [3, 11, 23, 10, 19, 18, 15, 7, 22, 6, 2, 14], [3, 19, 23, 22, 11, 18, 15, 7, 10, 6, 2, 14], [19, 7, 11, 10, 15, 3], [19, 23, 22, 11, 18, 7, 3, 15, 10, 6, 2, 14], [19, 3, 23, 22, 7, 11, 10], [3, 23, 19, 22, 7, 15], [11, 15, 7, 23, 22, 3, 19, 10], [11, 23, 22, 3, 7, 15, 19, 10], [23, 19, 18, 11, 22, 3, 15, 7, 10, 6, 2, 14], [15, 7, 23, 3, 11, 22, 19, 10], [15, 3, 11, 23, 22, 7, 19, 18, 10, 6, 2, 14], [3, 15, 23, 11, 10, 19, 18, 7, 22, 6, 2, 14], [3, 7, 23, 19, 18, 11, 10, 15, 22, 6, 2, 14], [11, 23, 10, 19, 18, 3, 7, 15, 22, 6, 2, 14], [15, 3, 7, 11, 23, 22, 19, 10], [3, 7, 15, 23, 11, 10, 19, 22], [19, 7, 23, 18, 15, 11, 10, 3, 22, 6, 2, 14], [15, 3, 23, 11, 22, 7, 19, 18, 10, 6, 2, 14], [11, 15, 23, 10, 19, 18, 7, 3, 22, 6, 2, 14], [3, 15, 19, 11, 10, 7], [15, 3, 11, 7, 19, 18, 23, 10, 22, 6, 2, 14], [3, 19, 15, 7, 11, 18, 23, 22, 10, 6, 2, 14], [19, 15, 23, 18, 3, 7, 11, 10, 22, 6, 2, 14], [19, 23, 18, 3, 7, 11, 10, 15, 22, 6, 2, 14], [11, 23, 22, 19, 18, 3, 7, 15, 10, 6, 2, 14], [7, 19, 3, 15, 11, 18, 23, 10, 22, 6, 2, 14], [15, 19, 3, 11, 18, 7, 23, 10, 22, 6, 2, 14], [15, 11, 7, 19, 10, 23, 22], [23, 11, 10, 15, 7, 19, 22], [7, 19, 15, 11, 10, 23, 18, 3, 22, 6, 2, 14], [7, 11, 15, 3, 19, 10], [11, 19, 10, 15, 3, 7], [19, 7, 23, 22, 3, 11, 10], [23, 11, 22, 7, 15, 3, 19, 10], [7, 19, 11, 18, 23, 22, 15, 3, 10, 6, 2, 14], [19, 23, 18, 7, 3, 11, 22, 15, 10, 6, 2, 14], [3, 15, 7, 11, 23, 22, 19, 18, 10, 6, 2, 14], [7, 3, 15, 23, 11, 10, 19, 22], [23, 3, 11, 22, 19, 18, 7, 15, 10, 6, 2, 14], [19, 3, 23, 18, 11, 10, 15, 7, 22, 6, 2, 14], [23, 11, 22, 15, 19, 10, 3], [15, 11, 7, 23, 10, 19, 22], [23, 11, 22, 15, 7, 3, 19, 18, 10, 6, 2, 14], [7, 23, 3, 11, 10, 15, 19, 22], [11, 19, 18, 15, 3, 23, 22, 7, 10, 6, 2, 14], [15, 3, 7, 23, 11, 10, 19, 18, 22, 6, 2, 14], [19, 7, 11, 18, 15, 3, 23, 22, 10, 6, 2, 14], [11, 3, 23, 22, 15, 7, 19, 18, 10, 6, 2, 14], [3, 7, 15, 11, 19, 18, 23, 22, 10, 6, 2, 14], [23, 7, 11, 22, 19, 18, 15, 3, 10, 6, 2, 14], [23, 11, 10, 19, 22, 7, 15], [3, 15, 7, 23, 11, 10, 19, 18, 22, 6, 2, 14], [23, 19, 18, 3, 15, 7, 11, 10, 22, 6, 2, 14], [11, 3, 19, 18, 23, 10, 15, 7, 22, 6, 2, 14], [7, 11, 3, 23, 10, 19, 22], [19, 23, 18, 3, 11, 22, 7, 15, 10, 6, 2, 14], [7, 11, 23, 22, 19, 18, 15, 3, 10, 6, 2, 14], [23, 19, 18, 3, 11, 22, 15, 7, 10, 6, 2, 14], [15, 3, 19, 23, 22, 7], [7, 11, 23, 22, 19, 10, 15], [3, 11, 7, 15, 19, 18, 23, 10, 22, 6, 2, 14], [23, 11, 10, 7, 15, 19, 18, 3, 22, 6, 2, 14], [23, 7, 11, 10, 19, 18, 15, 3, 22, 6, 2, 14], [15, 23, 7, 11, 10, 3, 19, 22], [19, 11, 10, 15, 3, 23, 18, 7, 22, 6, 2, 14], [19, 7, 15, 23, 18, 11, 10, 3, 22, 6, 2, 14], [19, 7, 23, 22, 3, 15], [23, 7, 3, 11, 10, 19, 22], [23, 15, 7, 3, 11, 22, 19, 18, 10, 6, 2, 14], [11, 15, 23, 22, 19, 18, 7, 3, 10, 6, 2, 14], [7, 23, 3, 11, 22, 15, 19, 18, 10, 6, 2, 14], [15, 7, 19, 11, 18, 3, 23, 10, 22, 6, 2, 14], [7, 3, 23, 11, 22, 19, 18, 15, 10, 6, 2, 14], [11, 15, 7, 23, 10, 3, 19, 22], [15, 19, 23, 18, 3, 7, 11, 22, 10, 6, 2, 14], [3, 11, 7, 19, 10, 23, 22], [7, 15, 19, 3, 11, 10], [15, 11, 23, 22, 3, 7, 19, 18, 10, 6, 2, 14], [19, 23, 18, 15, 11, 22, 7, 3, 10, 6, 2, 14], [7, 3, 23, 11, 10, 19, 22], [15, 11, 7, 3, 23, 10, 19, 18, 22, 6, 2, 14], [7, 19, 3, 23, 18, 11, 10, 15, 22, 6, 2, 14], [23, 3, 19, 18, 11, 22, 15, 7, 10, 6, 2, 14], [15, 11, 3, 23, 10, 19, 22], [19, 3, 23, 22, 7, 11, 10], [23, 3, 19, 18, 11, 10, 7, 15, 22, 6, 2, 14], [3, 7, 19, 11, 18, 23, 22, 15, 10, 6, 2, 14], [15, 23, 19, 22, 7, 3], [19, 3, 11, 18, 7, 23, 10, 15, 22, 6, 2, 14], [19, 3, 11, 18, 7, 23, 10, 15, 22, 6, 2, 14], [19, 23, 22, 7, 11, 10, 15], [3, 15, 11, 23, 10, 19, 18, 7, 22, 6, 2, 14], [3, 23, 11, 22, 15, 7, 19, 18, 10, 6, 2, 14], [11, 3, 23, 10, 19, 18, 7, 15, 22, 6, 2, 14], [23, 11, 10, 3, 7, 19, 22], [15, 19, 3, 7, 23, 22], [15, 19, 11, 10, 3, 7], [19, 11, 18, 3, 23, 22, 7, 15, 10, 6, 2, 14], [19, 3, 11, 18, 23, 22, 15, 7, 10, 6, 2, 14], [11, 23, 22, 3, 19, 10, 7], [3, 15, 19, 23, 18, 7, 11, 22, 10, 6, 2, 14], [19, 23, 18, 7, 3, 15, 11, 10, 22, 6, 2, 14], [19, 11, 18, 15, 3, 23, 22, 7, 10, 6, 2, 14], [15, 7, 23, 19, 22, 3], [15, 3, 23, 11, 22, 7, 19, 10], [11, 19, 10, 7, 3, 23, 22], [19, 23, 22, 3, 11, 18, 7, 15, 10, 6, 2, 14], [3, 11, 23, 10, 15, 19, 22], [7, 3, 15, 19, 23, 22], [7, 11, 15, 3, 23, 10, 19, 18, 22, 6, 2, 14], [11, 3, 7, 15, 19, 18, 23, 10, 22, 6, 2, 14], [3, 19, 7, 15, 23, 18, 11, 10, 22, 6, 2, 14], [15, 19, 7, 23, 18, 3, 11, 22, 10, 6, 2, 14], [7, 15, 23, 19, 22, 11, 18, 3, 10, 6, 2, 14], [19, 11, 10, 23, 22, 7, 3], [15, 7, 23, 19, 18, 11, 22, 3, 10, 6, 2, 14], [19, 15, 3, 11, 18, 23, 22, 7, 10, 6, 2, 14], [19, 23, 22, 11, 10, 3, 7], [15, 19, 7, 11, 10, 23, 22], [15, 7, 19, 23, 18, 11, 10, 3, 22, 6, 2, 14], [11, 3, 7, 15, 23, 10, 19, 18, 22, 6, 2, 14], [3, 11, 7, 15, 19, 18, 23, 22, 10, 6, 2, 14], [19, 15, 3, 23, 18, 7, 11, 10, 22, 6, 2, 14], [7, 19, 15, 11, 18, 3, 23, 22, 10, 6, 2, 14], [19, 7, 11, 18, 15, 3, 23, 10, 22, 6, 2, 14], [11, 23, 10, 3, 19, 18, 7, 15, 22, 6, 2, 14], [19, 3, 15, 23, 22, 11, 18, 7, 10, 6, 2, 14], [15, 7, 11, 23, 22, 3, 19, 10], [23, 19, 18, 11, 22, 3, 7, 15, 10, 6, 2, 14], [3, 11, 23, 10, 7, 19, 18, 15, 22, 6, 2, 14], [3, 23, 19, 18, 11, 10, 15, 7, 22, 6, 2, 14], [19, 11, 18, 15, 23, 10, 7, 3, 22, 6, 2, 14], [7, 15, 19, 23, 22, 3], [3, 19, 15, 7, 11, 18, 23, 10, 22, 6, 2, 14], [7, 19, 15, 3, 11, 10], [19, 23, 22, 7, 11, 18, 15, 3, 10, 6, 2, 14], [15, 11, 23, 22, 7, 3, 19, 18, 10, 6, 2, 14], [23, 3, 7, 15, 11, 22, 19, 18, 10, 6, 2, 14], [11, 3, 19, 10, 7, 15], [15, 3, 11, 19, 18, 23, 22, 7, 10, 6, 2, 14], [7, 15, 19, 11, 18, 3, 23, 10, 22, 6, 2, 14], [7, 3, 15, 19, 23, 18, 11, 10, 22, 6, 2, 14], [15, 11, 3, 7, 19, 10], [15, 11, 19, 18, 7, 3, 23, 22, 10, 6, 2, 14], [7, 23, 15, 3, 19, 22], [11, 7, 3, 15, 23, 10, 19, 18, 22, 6, 2, 14], [23, 15, 19, 22, 11, 18, 3, 7, 10, 6, 2, 14], [3, 19, 15, 23, 18, 11, 10, 7, 22, 6, 2, 14], [3, 11, 23, 22, 15, 19, 18, 7, 10, 6, 2, 14], [3, 11, 19, 10, 23, 22, 15], [19, 11, 10, 23, 18, 15, 7, 3, 22, 6, 2, 14], [23, 7, 19, 22, 3, 15], [19, 15, 3, 7, 23, 22], [3, 7, 19, 15, 11, 10], [15, 19, 11, 10, 23, 22, 3], [3, 7, 11, 19, 10, 15], [7, 23, 15, 3, 19, 18, 11, 10, 22, 6, 2, 14], [3, 7, 15, 19, 23, 18, 11, 22, 10, 6, 2, 14], [19, 11, 10, 7, 23, 18, 15, 3, 22, 6, 2, 14], [23, 7, 19, 18, 11, 10, 15, 3, 22, 6, 2, 14], [19, 23, 18, 7, 11, 10, 15, 3, 22, 6, 2, 14], [3, 7, 15, 19, 11, 10], [23, 11, 22, 15, 7, 19, 10], [7, 15, 3, 23, 19, 22], [15, 7, 3, 23, 11, 10, 19, 18, 22, 6, 2, 14], [3, 7, 23, 19, 22, 15], [23, 11, 10, 7, 19, 22, 15], [3, 11, 19, 10, 7, 23, 18, 15, 22, 6, 2, 14], [3, 19, 7, 15, 11, 18, 23, 10, 22, 6, 2, 14], [19, 11, 10, 7, 15, 23, 22], [15, 19, 23, 22, 3, 11, 18, 7, 10, 6, 2, 14], [19, 15, 23, 18, 7, 11, 22, 3, 10, 6, 2, 14], [19, 7, 23, 22, 15, 11, 18, 3, 10, 6, 2, 14], [23, 15, 3, 11, 22, 7, 19, 10], [15, 11, 23, 22, 7, 3, 19, 18, 10, 6, 2, 14], [15, 7, 19, 3, 23, 18, 11, 22, 10, 6, 2, 14], [11, 23, 22, 7, 3, 15, 19, 10], [3, 23, 19, 18, 11, 10, 7, 15, 22, 6, 2, 14], [19, 23, 22, 3, 15, 7], [23, 3, 19, 18, 7, 11, 10, 15, 22, 6, 2, 14], [23, 11, 22, 3, 15, 19, 10], [19, 7, 15, 11, 18, 3, 23, 22, 10, 6, 2, 14], [19, 11, 10, 23, 18, 7, 3, 15, 22, 6, 2, 14], [23, 3, 11, 10, 19, 22, 15], [11, 19, 10, 23, 18, 7, 3, 15, 22, 6, 2, 14], [23, 11, 22, 7, 15, 3, 19, 10], [19, 7, 23, 22, 11, 10, 15], [19, 11, 10, 7, 3, 15], [15, 7, 23, 11, 22, 3, 19, 10], [11, 19, 10, 7, 23, 22, 15], [19, 11, 10, 23, 22, 3, 7], [19, 7, 3, 23, 22, 11, 10], [11, 7, 23, 22, 3, 19, 18, 15, 10, 6, 2, 14], [11, 3, 7, 15, 19, 18, 23, 22, 10, 6, 2, 14], [7, 15, 3, 11, 19, 18, 23, 10, 22, 6, 2, 14], [3, 15, 19, 11, 18, 7, 23, 10, 22, 6, 2, 14], [15, 7, 19, 3, 11, 18, 23, 22, 10, 6, 2, 14], [19, 11, 10, 3, 23, 18, 15, 7, 22, 6, 2, 14], [23, 19, 18, 7, 3, 15, 11, 22, 10, 6, 2, 14], [15, 7, 3, 11, 23, 22, 19, 10], [3, 23, 15, 19, 18, 11, 22, 7, 10, 6, 2, 14], [19, 23, 22, 11, 18, 3, 7, 15, 10, 6, 2, 14], [11, 7, 19, 18, 3, 15, 23, 10, 22, 6, 2, 14], [23, 3, 11, 22, 19, 18, 15, 7, 10, 6, 2, 14], [23, 15, 19, 18, 11, 22, 3, 7, 10, 6, 2, 14], [7, 3, 15, 19, 11, 18, 23, 10, 22, 6, 2, 14], [19, 7, 11, 10, 3, 15], [19, 23, 22, 11, 18, 15, 3, 7, 10, 6, 2, 14], [7, 23, 11, 10, 15, 3, 19, 18, 22, 6, 2, 14], [15, 3, 11, 23, 10, 7, 19, 22], [23, 7, 19, 22, 3, 15], [7, 15, 23, 11, 22, 3, 19, 18, 10, 6, 2, 14], [3, 7, 11, 23, 10, 15, 19, 18, 22, 6, 2, 14], [7, 3, 15, 11, 23, 10, 19, 18, 22, 6, 2, 14], [23, 3, 11, 22, 7, 19, 10], [7, 3, 11, 23, 10, 15, 19, 22], [19, 7, 3, 15, 23, 22], [23, 15, 7, 11, 10, 3, 19, 18, 22, 6, 2, 14], [7, 19, 15, 23, 18, 3, 11, 10, 22, 6, 2, 14], [19, 23, 18, 15, 7, 3, 11, 22, 10, 6, 2, 14], [23, 15, 11, 22, 7, 19, 10], [3, 7, 11, 23, 22, 15, 19, 18, 10, 6, 2, 14], [19, 3, 7, 11, 18, 15, 23, 10, 22, 6, 2, 14], [23, 19, 18, 7, 15, 3, 11, 10, 22, 6, 2, 14], [11, 7, 3, 23, 22, 19, 18, 15, 10, 6, 2, 14], [7, 23, 19, 18, 3, 11, 10, 15, 22, 6, 2, 14], [23, 15, 11, 22, 7, 19, 18, 3, 10, 6, 2, 14], [19, 7, 15, 23, 18, 3, 11, 22, 10, 6, 2, 14], [7, 23, 11, 22, 19, 10, 15], [19, 23, 22, 3, 7, 11, 10], [19, 3, 7, 11, 10, 23, 18, 15, 22, 6, 2, 14], [11, 19, 10, 7, 23, 18, 3, 15, 22, 6, 2, 14], [3, 15, 19, 23, 18, 11, 22, 7, 10, 6, 2, 14], [19, 11, 10, 23, 18, 3, 15, 7, 22, 6, 2, 14], [15, 3, 23, 19, 18, 11, 10, 7, 22, 6, 2, 14], [7, 11, 19, 18, 15, 3, 23, 22, 10, 6, 2, 14], [15, 19, 7, 23, 22, 11, 18, 3, 10, 6, 2, 14], [23, 15, 11, 10, 7, 3, 19, 18, 22, 6, 2, 14], [19, 7, 23, 22, 11, 10, 15], [19, 7, 11, 18, 23, 22, 15, 3, 10, 6, 2, 14], [15, 7, 19, 3, 23, 22], [19, 7, 23, 18, 3, 15, 11, 22, 10, 6, 2, 14], [19, 23, 18, 15, 11, 10, 3, 7, 22, 6, 2, 14], [7, 3, 11, 15, 23, 10, 19, 18, 22, 6, 2, 14], [19, 23, 22, 7, 3, 11, 10], [11, 3, 23, 10, 15, 19, 22], [3, 23, 15, 19, 18, 7, 11, 22, 10, 6, 2, 14], [23, 11, 22, 19, 18, 7, 3, 15, 10, 6, 2, 14], [23, 7, 3, 19, 22, 11, 10], [11, 7, 15, 19, 10, 3], [23, 3, 15, 11, 10, 19, 22], [19, 11, 10, 3, 7, 23, 18, 15, 22, 6, 2, 14], [3, 19, 15, 11, 10, 23, 22], [23, 11, 22, 19, 10, 15, 3], [3, 15, 23, 11, 22, 19, 18, 7, 10, 6, 2, 14], [3, 19, 23, 18, 15, 7, 11, 10, 22, 6, 2, 14], [23, 11, 10, 15, 7, 3, 19, 22], [19, 3, 23, 18, 7, 11, 22, 15, 10, 6, 2, 14], [3, 19, 7, 11, 18, 23, 22, 15, 10, 6, 2, 14], [11, 3, 23, 10, 19, 22, 7], [23, 19, 22, 15, 11, 10, 7], [11, 23, 10, 19, 18, 3, 15, 7, 22, 6, 2, 14], [7, 19, 15, 3, 11, 18, 23, 22, 10, 6, 2, 14], [3, 19, 7, 11, 10, 23, 18, 15, 22, 6, 2, 14], [19, 3, 7, 11, 18, 15, 23, 10, 22, 6, 2, 14], [11, 3, 15, 19, 10, 23, 22], [3, 11, 15, 19, 18, 7, 23, 10, 22, 6, 2, 14], [15, 3, 11, 23, 10, 7, 19, 22], [19, 23, 22, 7, 15, 3], [11, 15, 19, 10, 3, 23, 22], [11, 19, 18, 23, 22, 7, 15, 3, 10, 6, 2, 14], [11, 15, 7, 23, 10, 19, 22], [15, 7, 3, 23, 19, 18, 11, 10, 22, 6, 2, 14], [3, 19, 7, 15, 23, 22], [23, 7, 19, 22, 11, 10, 3], [3, 23, 7, 11, 22, 15, 19, 18, 10, 6, 2, 14], [3, 19, 11, 18, 15, 7, 23, 22, 10, 6, 2, 14], [19, 3, 23, 22, 11, 18, 15, 7, 10, 6, 2, 14], [3, 19, 7, 15, 23, 18, 11, 10, 22, 6, 2, 14], [23, 15, 7, 3, 11, 10, 19, 22], [11, 7, 19, 18, 23, 22, 3, 15, 10, 6, 2, 14], [23, 3, 11, 10, 7, 15, 19, 18, 22, 6, 2, 14], [3, 11, 23, 22, 7, 19, 18, 15, 10, 6, 2, 14], [11, 23, 10, 7, 15, 19, 18, 3, 22, 6, 2, 14], [23, 3, 19, 18, 7, 11, 22, 15, 10, 6, 2, 14], [19, 7, 11, 18, 23, 22, 3, 15, 10, 6, 2, 14], [11, 15, 23, 22, 7, 19, 10], [19, 3, 15, 11, 10, 23, 22], [7, 23, 11, 22, 3, 19, 18, 15, 10, 6, 2, 14], [19, 23, 22, 15, 7, 3], [23, 11, 10, 15, 7, 3, 19, 18, 22, 6, 2, 14], [15, 3, 23, 19, 22, 7], [3, 23, 15, 7, 19, 22], [19, 15, 23, 18, 11, 10, 3, 7, 22, 6, 2, 14], [15, 7, 19, 11, 18, 23, 10, 3, 22, 6, 2, 14], [23, 3, 7, 11, 22, 19, 10], [15, 3, 11, 19, 10, 7], [23, 7, 19, 18, 3, 15, 11, 10, 22, 6, 2, 14], [23, 19, 18, 15, 7, 3, 11, 10, 22, 6, 2, 14], [15, 3, 11, 23, 10, 7, 19, 22], [23, 7, 15, 11, 22, 19, 10], [19, 11, 18, 3, 23, 22, 7, 15, 10, 6, 2, 14], [19, 7, 23, 22, 11, 18, 15, 3, 10, 6, 2, 14], [11, 15, 23, 22, 7, 19, 10], [7, 19, 15, 23, 22, 3], [3, 19, 7, 11, 18, 15, 23, 10, 22, 6, 2, 14], [19, 11, 10, 7, 23, 22, 15], [19, 23, 18, 11, 22, 7, 3, 15, 10, 6, 2, 14], [7, 19, 11, 10, 23, 22, 3], [19, 15, 3, 11, 10, 23, 18, 7, 22, 6, 2, 14], [3, 15, 19, 11, 18, 23, 10, 7, 22, 6, 2, 14], [7, 11, 3, 19, 18, 23, 10, 15, 22, 6, 2, 14], [7, 3, 15, 11, 19, 18, 23, 10, 22, 6, 2, 14], [15, 23, 19, 18, 7, 11, 22, 3, 10, 6, 2, 14], [11, 19, 18, 15, 7, 3, 23, 10, 22, 6, 2, 14], [15, 23, 3, 7, 11, 10, 19, 22], [3, 15, 7, 11, 23, 22, 19, 18, 10, 6, 2, 14], [19, 7, 3, 11, 10, 23, 22], [19, 11, 18, 7, 15, 3, 23, 22, 10, 6, 2, 14], [23, 11, 10, 7, 19, 22, 15], [7, 23, 15, 19, 22, 3], [15, 19, 7, 11, 10, 23, 22], [3, 15, 7, 23, 19, 18, 11, 22, 10, 6, 2, 14], [23, 19, 22, 11, 10, 3, 7], [15, 19, 3, 11, 18, 7, 23, 10, 22, 6, 2, 14], [7, 11, 23, 22, 15, 3, 19, 18, 10, 6, 2, 14], [3, 23, 19, 22, 15, 7], [3, 23, 19, 18, 7, 15, 11, 10, 22, 6, 2, 14], [11, 15, 3, 23, 22, 19, 10], [3, 7, 11, 15, 23, 22, 19, 18, 10, 6, 2, 14], [15, 23, 11, 22, 19, 18, 7, 3, 10, 6, 2, 14], [19, 23, 18, 15, 7, 11, 22, 3, 10, 6, 2, 14], [15, 3, 7, 11, 19, 18, 23, 22, 10, 6, 2, 14], [19, 15, 11, 18, 23, 22, 3, 7, 10, 6, 2, 14], [7, 19, 23, 18, 15, 3, 11, 22, 10, 6, 2, 14], [15, 3, 11, 7, 23, 10, 19, 22], [15, 7, 3, 11, 19, 10], [15, 7, 23, 19, 22, 11, 18, 3, 10, 6, 2, 14], [11, 3, 19, 18, 23, 10, 7, 15, 22, 6, 2, 14], [3, 23, 11, 10, 15, 19, 18, 7, 22, 6, 2, 14], [7, 19, 23, 22, 3, 15], [19, 15, 11, 10, 7, 3], [7, 15, 23, 11, 22, 3, 19, 10], [11, 23, 22, 19, 10, 3, 7], [11, 15, 7, 3, 19, 18, 23, 22, 10, 6, 2, 14], [19, 7, 3, 11, 10, 15], [19, 15, 11, 18, 3, 7, 23, 22, 10, 6, 2, 14], [11, 15, 19, 18, 7, 23, 10, 3, 22, 6, 2, 14], [23, 3, 11, 10, 19, 22, 7], [23, 11, 22, 19, 10, 7, 3], [19, 23, 22, 15, 11, 18, 3, 7, 10, 6, 2, 14], [19, 11, 18, 7, 15, 23, 22, 3, 10, 6, 2, 14], [7, 23, 19, 22, 15, 3], [3, 23, 15, 19, 22, 7], [15, 7, 3, 11, 19, 18, 23, 22, 10, 6, 2, 14], [3, 15, 19, 7, 23, 22], [15, 11, 23, 10, 3, 7, 19, 18, 22, 6, 2, 14], [15, 3, 7, 19, 11, 10], [15, 3, 11, 19, 10, 23, 18, 7, 22, 6, 2, 14], [7, 3, 15, 23, 19, 18, 11, 10, 22, 6, 2, 14], [23, 15, 19, 22, 11, 18, 3, 7, 10, 6, 2, 14], [23, 7, 19, 18, 3, 11, 22, 15, 10, 6, 2, 14], [19, 23, 22, 7, 3, 11, 18, 15, 10, 6, 2, 14], [19, 7, 11, 10, 15, 23, 22], [15, 11, 19, 18, 3, 7, 23, 10, 22, 6, 2, 14], [3, 11, 15, 23, 10, 7, 19, 22], [23, 19, 18, 7, 15, 3, 11, 10, 22, 6, 2, 14], [7, 15, 11, 23, 22, 19, 10], [15, 3, 11, 23, 10, 19, 22], [23, 11, 22, 3, 7, 19, 18, 15, 10, 6, 2, 14], [7, 11, 23, 22, 15, 19, 18, 3, 10, 6, 2, 14], [15, 7, 23, 19, 18, 11, 22, 3, 10, 6, 2, 14], [3, 19, 23, 22, 15, 11, 10], [15, 11, 19, 10, 23, 18, 3, 7, 22, 6, 2, 14], [15, 23, 7, 3, 11, 22, 19, 18, 10, 6, 2, 14], [3, 11, 19, 18, 23, 22, 7, 15, 10, 6, 2, 14], [15, 19, 3, 7, 11, 18, 23, 10, 22, 6, 2, 14], [7, 19, 11, 10, 23, 22, 3], [23, 7, 19, 18, 11, 10, 15, 3, 22, 6, 2, 14], [3, 11, 19, 10, 23, 22, 15], [3, 11, 15, 23, 10, 7, 19, 18, 22, 6, 2, 14], [3, 19, 23, 18, 11, 10, 7, 15, 22, 6, 2, 14], [11, 7, 19, 18, 23, 10, 15, 3, 22, 6, 2, 14], [15, 19, 7, 23, 18, 11, 10, 3, 22, 6, 2, 14], [19, 7, 15, 11, 18, 3, 23, 22, 10, 6, 2, 14], [15, 3, 7, 19, 23, 18, 11, 22, 10, 6, 2, 14], [19, 7, 15, 3, 11, 18, 23, 22, 10, 6, 2, 14], [19, 3, 23, 18, 11, 22, 7, 15, 10, 6, 2, 14], [15, 11, 3, 7, 23, 10, 19, 18, 22, 6, 2, 14], [3, 19, 7, 11, 18, 23, 22, 15, 10, 6, 2, 14], [3, 19, 7, 11, 18, 15, 23, 10, 22, 6, 2, 14], [3, 19, 11, 10, 15, 23, 22], [3, 11, 15, 23, 22, 7, 19, 18, 10, 6, 2, 14], [11, 15, 3, 7, 19, 10], [7, 11, 15, 23, 10, 19, 18, 3, 22, 6, 2, 14], [15, 7, 3, 11, 23, 22, 19, 10], [19, 11, 10, 23, 22, 15, 3], [23, 11, 22, 3, 19, 10, 7], [15, 3, 19, 23, 18, 11, 10, 7, 22, 6, 2, 14], [23, 7, 11, 22, 15, 19, 18, 3, 10, 6, 2, 14], [15, 23, 11, 10, 19, 18, 7, 3, 22, 6, 2, 14], [23, 15, 3, 19, 22, 7], [23, 15, 11, 10, 19, 22, 3], [23, 19, 22, 7, 3, 15], [7, 11, 3, 15, 19, 18, 23, 22, 10, 6, 2, 14], [3, 15, 7, 11, 23, 10, 19, 18, 22, 6, 2, 14], [3, 23, 15, 19, 18, 7, 11, 22, 10, 6, 2, 14], [23, 7, 15, 11, 22, 19, 10], [23, 15, 19, 18, 11, 22, 7, 3, 10, 6, 2, 14], [23, 11, 22, 7, 3, 19, 10], [23, 15, 7, 3, 11, 10, 19, 18, 22, 6, 2, 14], [11, 7, 3, 23, 10, 19, 22], [15, 3, 7, 19, 11, 10], [7, 11, 3, 15, 23, 10, 19, 22], [11, 3, 19, 10, 7, 23, 22], [23, 19, 18, 11, 10, 3, 15, 7, 22, 6, 2, 14], [19, 3, 11, 10, 15, 7], [3, 15, 11, 23, 10, 7, 19, 18, 22, 6, 2, 14], [15, 11, 19, 10, 3, 23, 18, 7, 22, 6, 2, 14], [7, 19, 11, 18, 3, 15, 23, 10, 22, 6, 2, 14], [11, 3, 23, 10, 7, 15, 19, 22], [19, 23, 22, 7, 11, 10, 15], [3, 15, 11, 7, 23, 22, 19, 18, 10, 6, 2, 14], [7, 3, 11, 15, 23, 22, 19, 18, 10, 6, 2, 14], [19, 3, 15, 7, 11, 18, 23, 22, 10, 6, 2, 14], [7, 3, 23, 11, 22, 19, 18, 15, 10, 6, 2, 14], [7, 23, 3, 11, 22, 19, 10], [19, 3, 11, 18, 15, 7, 23, 10, 22, 6, 2, 14], [23, 19, 18, 3, 15, 11, 10, 7, 22, 6, 2, 14], [23, 19, 22, 3, 11, 18, 7, 15, 10, 6, 2, 14], [15, 19, 3, 23, 22, 11, 10], [7, 15, 19, 11, 10, 23, 22], [15, 3, 7, 11, 19, 18, 23, 10, 22, 6, 2, 14], [3, 7, 11, 23, 10, 19, 22], [19, 7, 3, 15, 11, 18, 23, 22, 10, 6, 2, 14], [15, 3, 19, 7, 11, 10], [15, 23, 3, 19, 18, 7, 11, 10, 22, 6, 2, 14], [11, 3, 23, 22, 15, 19, 10], [11, 23, 10, 7, 15, 3, 19, 18, 22, 6, 2, 14], [11, 15, 7, 23, 22, 19, 18, 3, 10, 6, 2, 14], [3, 15, 11, 19, 10, 7], [15, 3, 11, 23, 22, 7, 19, 18, 10, 6, 2, 14], [15, 23, 11, 22, 3, 7, 19, 18, 10, 6, 2, 14], [19, 7, 3, 11, 10], [11, 19, 10, 7], [7, 11, 23, 22, 3, 15, 19, 18, 10, 6, 2, 14], [15, 11, 23, 10, 19, 22], [15, 11, 7, 19, 10], [23, 19, 22, 7], [3, 19, 15], [23, 11, 10, 7, 19, 22], [15, 19, 11, 10], [11, 19, 10, 3], [19, 11, 18, 3, 23, 10, 15, 7, 22, 6, 2, 14], [19, 3, 15], [7, 23, 19, 18, 11, 22, 15, 3, 10, 6, 2, 14], [3, 19, 23, 22], [23, 11, 10, 19, 22], [3, 19, 23, 22], [7, 19, 23, 18, 11, 22, 15, 3, 10, 6, 2, 14], [7, 11, 23, 10, 15, 19, 22], [11, 23, 10, 3, 7, 19, 22], [23, 15, 3, 19, 18, 11, 10, 7, 22, 6, 2, 14], [19, 3, 11, 18, 15, 23, 10, 7, 22, 6, 2, 14], [23, 3, 7, 15, 19, 18, 11, 10, 22, 6, 2, 14], [15, 23, 19, 22], [11, 19, 10, 23, 22], [19, 15, 3], [11, 3, 19, 10], [11, 3, 7, 19, 10], [7, 15, 11, 3, 19, 18, 23, 10, 22, 6, 2, 14], [7, 11, 15, 23, 22, 3, 19, 18, 10, 6, 2, 14], [15, 19, 11, 10], [15, 19, 11, 10], [11, 23, 10, 3, 19, 22], [3, 7, 19], [7, 19, 15], [7, 11, 3, 15, 23, 22, 19, 10], [11, 7, 23, 22, 15, 3, 19, 10], [7, 15, 3, 19], [11, 3, 15, 23, 10, 19, 18, 7, 22, 6, 2, 14], [19, 7, 15, 23, 18, 11, 10, 3, 22, 6, 2, 14], [3, 15, 19], [3, 11, 1