{"problem_id":"HO2m16im97e1RLZ","sigma":75,"alpha":3.162,"cost":0,"probabilities":"[0.23, 0.32, 0.29, 0.16]","payoff_matrix":"[[-50, 10, -163, 57, 26, 95], [13, -25, 81, 4, -24, -10], [-85, 19, -88, 37, -86, 5], [-41, 47, 116, -1, -4, -34]]","uncovered":[[2,6,18,14,22,10,11,15,3,23,9,19,7,13],[22,2,6,10,14,18,11,15,3,23,9,19,7,21,13],[14,18,10,22,6,2,11,3,15,23,13],[22,14,2,18,10,6,11,15,3,23,13],[10,14,2,18,22,6,11,15,3,23,9,19,7,21,13],[14,6,2,10,22,18,3,15,11,23,13],[6,14,22,2,10,18,11,15,3,23,9,19,7,13],[10,2,6,18,14,22,3,11,15,23,13],[6,10,18,2,14,22,3,15,11,23,13],[2,14,22,6,18,10,3,11,15,23,9,19,7,21,13],[6,18,2,14,22,10,3,15,11,23,13],[14,22,10,2,18,6,11,3,15,23,9,19,7,21,13],[14,2,10,6,22,18,3,11,15,23,13],[18,6,22,2,10,14,3,11,15,23,9,19,7,13],[22,10,2,14,18,6,3,11,15,23,9,19,7,21,13],[6,2,18,10,22,14,11,15,3,23,13],[2,18,22,14,6,10,11,15,3,23,13],[22,14,6,10,2,18,11,15,3,23,13],[14,2,10,22,6,18,11,15,3,23,13],[10,22,18,14,6,2,11,3,15,23,9,19,7,13],[18,6,10,2,22,14,11,3,15,23,13],[6,10,18,2,22,14,3,11,15,23,9,19,7,13],[2,6,10,18,14,22,11,15,3,23,13],[6,10,22,18,2,14,11,15,3,23,13],[22,14,2,6,18,10,3,11,15,23,9,7,19,21,13],[10,18,2,22,14,6,3,11,15,23,13],[6,14,22,18,10,2,11,3,15,23,9,19,7,13],[10,14,18,22,2,6,3,15,11,23,13],[2,22,6,10,14,18,3,11,15,23,13],[6,14,22,18,10,2,11,15,3,23,13],[10,14,2,18,22,6,11,15,3,23,9,19,7,21,13],[2,22,18,14,6,10,11,15,3,23,9,19,7,21,13],[10,6,2,14,18,22,11,15,3,23,9,19,7,13],[22,10,6,2,18,14,3,15,11,23,13],[18,2,10,14,6,22,3,15,11,23,9,19,7,21,13],[6,10,14,18,2,22,3,11,15,23,13],[18,22,6,2,14,10,3,11,15,23,9,7,19,21,13],[10,2,14,22,18,6,11,3,15,23,9,19,7,21,13],[18,6,14,2,10,22,3,15,11,23,9,19,7,13],[2,6,18,10,14,22,11,15,3,23,13],[18,2,6,10,14,22,11,15,3,23,9,19,7,21,13],[10,22,6,2,18,14,3,15,11,23,9,19,7,13],[2,14,18,22,6,10,3,11,15,23,9,19,7,13],[10,14,18,6,2,22,3,11,15,23,9,19,7,21,13],[18,6,14,2,10,22,11,3,15,23,9,19,7,21,13],[2,18,10,22,6,14,3,11,15,23,9,19,7,13],[14,10,6,22,2,18,3,15,11,23,13],[2,10,18,22,14,6,3,15,11,23,13],[14,6,10,18,22,2,11,15,3,23,13],[22,14,10,2,6,18,11,3,15,23,9,19,7,21,13],[18,6,22,10,14,2,3,15,11,23,13],[14,18,10,22,2,6,3,15,11,23,9,19,7,21,13],[18,2,14,10,22,6,3,15,11,23,13],[10,18,14,6,2,22,11,15,3,23,13],[2,10,18,22,14,6,3,15,11,23,13],[2,14,18,10,22,11,6,3,15,23,9,7,19,21,13],[10,2,6,14,22,18,3,11,15,23,13],[2,10,18,22,6,14,3,15,11,23,9,19,7,21,13],[10,2,6,22,14,18,3,11,15,23,13],[18,6,2,14,22,10,3,11,15,23,13],[22,14,10,18,6,2,11,3,15,23,9,19,7,13],[14,6,22,18,10,2,11,15,3,23,13],[14,18,10,2,6,22,3,11,15,23,9,19,7,13],[22,2,14,18,6,10,3,11,15,23,9,19,7,21,13],[22,2,18,14,10,6,11,15,3,23,13],[10,6,22,14,2,18,11,15,3,23,13],[6,18,14,2,10,22,11,3,15,23,13],[10,18,22,14,2,6,11,15,3,23,13],[10,2,18,14,22,6,11,3,15,23,13],[2,22,18,10,14,6,11,3,15,23,9,19,7,13],[2,6,10,18,14,22,3,11,15,23,13],[6,22,2,18,10,14,3,11,15,23,13],[10,18,22,2,14,6,3,11,15,23,13],[14,6,2,10,22,18,11,3,15,23,13],[10,2,18,6,22,14,11,3,15,23,9,7,19,13],[10,2,14,22,6,18,11,3,15,23,13],[2,22,14,6,10,18,11,3,15,23,13],[22,6,2,18,10,14,11,3,15,23,13],[14,2,6,22,18,10,3,11,15,23,13],[14,2,6,10,22,18,3,11,15,23,13],[10,18,2,22,14,6,11,15,3,23,13],[2,14,22,10,18,6,11,15,3,23,13],[14,10,18,6,22,2,11,15,3,23,13],[18,2,6,10,22,14,3,11,15,23,9,19,7,13],[22,18,2,6,14,10,3,11,15,23,9,19,7,13],[2,22,18,10,6,14,11,3,15,23,13],[14,6,2,18,22,10,3,11,15,23,9,19,7,13],[22,2,10,6,18,14,3,11,15,23,13],[22,18,2,14,6,10,11,15,3,23,13],[6,22,14,18,10,2,3,15,11,23,9,19,7,13],[22,14,10,18,2,6,3,15,11,23,13],[2,22,10,14,6,18,3,11,15,23,13],[18,6,14,2,10,22,11,3,15,23,9,19,7,13],[10,2,18,14,6,22,11,15,3,23,9,19,7,13],[18,2,10,14,6,22,3,15,11,23,13],[6,10,18,2,22,14,11,3,15,23,13],[22,2,6,10,18,14,11,3,15,23,9,19,7,21,13],[2,18,22,6,10,14,3,11,15,23,13],[18,2,22,10,6,14,11,3,15,23,9,19,7,13],[2,10,22,6,14,18,11,3,15,23,9,7,19,13],[14,22,10,2,18,6,3,15,11,23,13],[18,6,2,22,10,14,3,11,15,23,9,19,7,13],[22,10,2,14,6,18,3,15,11,23,13],[18,22,10,14,6,2,11,3,15,23,13],[10,2,18,6,14,22,11,15,3,23,13],[2,22,6,18,10,14,3,11,15,23,13],[10,2,22,18,14,6,11,15,3,23,13],[10,2,14,6,18,11,22,15,3,23,13],[6,22,14,18,10,2,11,15,3,23,13],[18,6,10,2,22,14,3,15,11,23,9,7,19,21,13],[22,10,6,2,18,14,11,3,15,23,9,19,7,21,13],[22,10,18,6,14,2,3,15,11,23,13],[10,14,18,2,22,6,3,15,11,23,9,19,7,13],[2,10,14,22,18,6,11,15,3,23,13],[14,22,2,18,6,10,3,15,11,23,13],[2,14,22,6,18,10,3,11,15,23,9,19,7,21,13],[22,10,18,2,14,6,11,3,15,23,13],[10,2,18,22,14,6,11,15,3,23,9,19,7,13],[18,6,14,10,22,2,3,15,11,23,13],[14,6,10,2,18,22,11,15,3,23,9,19,7,21,13],[18,14,6,10,2,22,3,15,11,23,13],[14,18,10,6,22,2,11,3,15,23,9,19,7,21,13],[18,14,2,10,6,22,3,15,11,23,13],[10,6,18,2,14,22,3,15,11,23,9,19,7,13],[6,18,22,14,2,10,3,11,15,23,13],[18,14,2,22,6,10,3,11,15,23,13],[10,6,2,14,22,18,3,11,15,23,9,19,7,21,13],[14,10,22,18,2,6,3,15,11,23,13],[10,2,6,18,14,22,3,15,11,23,9,7,19,13],[14,2,6,22,18,10,11,15,3,23,9,19,7,13],[22,6,18,10,2,14,11,15,3,23,9,7,19,21,13],[14,6,18,10,2,22,11,3,15,23,9,19,7,13],[14,10,2,6,18,22,11,3,15,23,13],[6,14,10,2,22,18,3,11,15,23,9,19,7,21,13],[10,6,2,18,14,22,11,15,3,23,13],[22,2,14,10,6,18,11,15,3,23,9,19,7,21,13],[22,18,10,2,14,3,6,15,11,23,13],[22,6,18,10,2,14,3,15,11,23,13],[18,10,2,6,22,14,3,15,11,23,9,19,7,21,13],[10,18,2,6,14,22,3,11,15,23,13],[6,10,14,22,2,18,3,11,15,23,9,19,7,13],[22,6,2,14,10,18,3,15,11,23,9,7,19,13],[18,14,2,10,6,22,11,15,3,23,9,19,7,13],[6,14,18,10,22,2,11,15,3,23,9,19,7,13],[18,22,10,6,2,14,3,11,15,23,13],[6,22,18,2,14,10,11,15,3,23,9,19,7,21,13],[6,22,2,10,14,18,3,11,15,23,13],[18,22,10,2,14,6,11,15,3,23,13],[22,2,6,10,18,14,3,11,15,23,9,19,7,13],[10,6,18,22,2,14,11,3,15,23,13],[2,10,18,6,22,14,11,3,15,23,13],[18,22,14,2,10,6,11,15,3,23,9,19,7,21,13],[2,14,18,22,6,10,3,11,15,23,9,7,19,13],[14,2,6,10,22,18,11,3,15,23,9,19,7,21,13],[10,14,2,18,22,6,11,15,3,23,13],[2,18,22,6,14,10,3,11,15,23,13],[10,2,22,14,18,6,3,11,15,23,9,19,7,21,13],[18,10,2,14,6,22,3,11,15,23,13],[22,6,14,18,10,2,11,15,3,23,13],[2,14,6,22,18,10,11,3,15,23,9,19,7,13],[22,18,14,2,10,6,3,11,15,23,9,19,7,13],[14,6,2,18,10,22,11,15,3,23,9,7,19,21,13],[2,6,22,18,14,10,3,15,11,23,9,19,7,21,13],[18,14,22,2,6,10,11,15,3,23,13],[22,6,18,14,2,10,11,15,3,23,9,19,7,13],[14,10,2,22,6,18,11,3,15,23,13],[22,2,14,10,18,6,11,3,15,23,13],[6,18,22,14,10,2,3,15,11,23,13],[10,22,2,6,14,18,3,15,11,23,9,19,7,13],[2,10,14,6,18,22,3,15,11,23,13],[2,22,6,10,18,14,11,15,3,23,9,19,7,21,13],[18,10,2,22,14,6,3,11,15,23,9,19,7,21,13],[10,14,2,22,18,6,11,3,15,23,13],[18,6,2,10,14,22,3,15,11,23,13],[18,10,22,14,2,6,11,3,15,23,9,7,19,13],[2,10,22,14,6,18,11,3,15,23,13],[2,10,22,18,14,6,3,15,11,23,9,7,19,21,13],[18,6,22,10,14,2,11,15,3,23,9,7,19,21,13],[18,6,14,2,22,10,11,3,15,23,9,19,7,13],[18,10,2,14,22,6,11,15,3,23,9,19,7,13],[22,18,14,10,2,6,3,11,15,23,13],[6,18,10,14,2,22,11,3,15,23,9,19,7,21,13],[22,14,10,18,6,2,11,3,15,23,9,19,7,13],[18,22,10,2,14,6,3,15,11,23,9,7,19,13],[14,18,22,6,10,2,11,3,15,23,13],[10,14,6,18,22,2,11,3,15,23,13],[10,14,18,2,22,6,11,15,3,23,9,19,7,13],[18,10,22,14,2,6,11,3,15,23,9,7,19,21,13],[22,6,2,18,14,10,11,15,3,23,9,19,7,21,13],[18,10,22,2,11,6,14,15,3,23,9,19,7,13],[10,2,6,14,18,22,3,15,11,23,9,7,19,13],[2,18,22,14,6,10,11,3,15,23,13],[18,14,6,22,10,2,3,11,15,23,9,19,7,21,13],[10,22,14,6,2,18,3,15,11,23,13],[6,14,18,22,10,2,11,3,15,23,9,19,7,21,13],[2,18,10,22,6,14,3,11,15,23,13],[22,18,2,10,6,14,3,15,11,23,13],[22,6,14,2,10,18,11,15,3,23,13],[2,6,10,18,22,14,3,15,11,23,13],[6,2,22,18,10,14,11,15,3,23,13],[14,2,18,6,22,10,3,11,15,23,13],[22,2,10,18,14,6,11,15,3,23,9,19,7,21,13],[2,6,18,14,10,22,11,15,3,23,13],[22,14,2,10,6,18,3,11,15,23,9,19,7,13],[10,18,22,6,2,14,11,3,15,23,13],[18,6,2,14,10,22,11,15,3,23,13],[14,6,22,10,18,2,11,3,15,23,9,19,7,5,13],[6,22,14,2,10,18,3,15,11,23,9,7,19,21,13],[10,6,22,14,18,2,11,3,15,23,9,19,7,13],[14,2,22,10,18,11,6,15,3,23,13],[10,14,22,2,18,6,11,3,15,23,9,19,7,13],[18,2,14,6,10,22,3,11,15,23,9,19,7,13],[22,14,10,6,2,18,11,15,3,23,9,19,7,13],[6,18,10,22,2,14,11,15,3,23,9,19,7,13],[22,14,18,6,2,10,3,15,11,23,13],[14,10,18,6,2,22,11,15,3,23,9,19,7,21,13],[6,14,10,2,18,22,3,11,15,23,13],[22,6,14,18,2,10,3,15,11,23,13],[6,2,22,10,14,18,11,3,15,23,13],[10,2,22,6,14,18,11,15,3,23,9,19,7,21,13],[14,22,6,10,18,2,11,15,3,23,9,19,7,13],[14,2,6,22,18,10,11,15,3,23,13],[6,18,10,22,2,14,11,15,3,23,13],[14,22,6,10,2,18,11,15,3,23,13],[18,22,2,10,14,6,3,15,11,23,9,19,7,13],[6,14,10,18,22,2,3,15,11,23,13],[22,2,10,18,6,14,3,11,15,23,9,19,7,13],[14,2,10,18,22,6,3,11,15,23,9,19,7,13],[18,14,6,2,22,10,3,11,15,23,9,19,21,13],[2,10,22,18,6,14,3,11,15,23,13],[22,2,18,10,6,14,11,15,3,23,9,19,7,13],[14,2,6,18,22,10,3,11,15,23,13],[6,2,14,18,10,22,11,15,3,23,13],[18,22,6,14,2,10,11,15,3,23,9,19,7,21,13],[6,18,14,2,22,10,11,15,3,23,9,19,7,13],[6,10,14,18,2,22,3,15,11,23,9,19,7,13],[6,10,2,18,22,14,3,11,15,23,9,19,7,21,13],[22,2,10,18,14,6,11,3,15,23,13],[6,22,2,10,14,18,11,15,3,23,9,19,7,13],[22,2,14,6,18,10,11,15,3,23,9,19,7,13],[14,22,6,10,2,18,3,11,15,23,13],[18,14,6,2,10,22,11,3,15,23,9,19,7,13],[10,22,18,6,2,14,11,15,3,23,9,19,7,13],[2,22,14,6,10,18,3,15,11,23,13],[2,10,6,22,14,18,11,15,3,23,9,19,7,21,13],[10,6,2,14,18,22,3,11,15,23,9,19,7,13],[10,6,2,22,14,18,11,15,3,23,13],[18,6,2,10,14,22,11,15,3,23,9,19,7,13],[2,18,10,6,22,14,3,15,11,23,9,7,19,13],[18,14,2,22,6,10,11,3,15,23,13],[14,22,18,2,10,6,3,15,11,23,9,19,7,13],[10,18,22,6,2,14,11,3,15,23,13],[14,18,2,10,6,22,3,15,11,23,13],[22,2,18,10,6,14,11,3,15,23,9,19,7,21,13],[10,2,22,14,6,18,11,3,15,23,9,19,7,13],[18,14,22,6,10,2,11,3,15,23,13],[18,2,22,10,6,14,11,15,3,23,13],[14,18,10,22,6,2,11,3,15,23,13],[22,6,18,10,2,14,11,3,15,23,13],[14,22,10,2,18,6,3,15,11,23,9,19,7,13],[18,2,22,14,6,10,3,11,15,23,9,19,7,21,13],[14,22,2,10,18,6,3,15,11,23,9,7,19,13],[6,14,10,18,2,22,3,11,15,23,13],[10,2,6,18,14,22,11,15,3,23,9,19,7,21,13],[6,22,10,18,2,14,3,15,11,23,13],[18,6,2,14,10,22,11,15,3,23,9,19,7,21,13],[2,18,10,22,6,14,11,15,3,23,13],[14,2,18,6,10,22,11,15,3,23,13],[22,14,2,18,6,10,3,15,11,23,9,19,7,13],[22,10,2,18,14,6,3,11,15,23,13],[10,18,2,6,14,22,3,11,15,23,13],[2,6,22,18,14,10,11,3,15,23,13],[14,2,18,22,6,10,3,15,11,23,13],[6,22,2,10,14,18,11,3,15,23,9,19,7,13],[2,10,14,22,18,6,11,15,3,23,13],[6,10,18,14,2,22,3,15,11,23,13],[22,18,2,10,6,14,3,11,15,23,13],[14,6,2,18,10,22,11,15,3,23,9,19,7,21,13],[22,10,14,18,2,6,11,15,3,23,9,19,7,13],[14,10,22,6,2,18,3,11,15,23,13],[6,18,22,14,10,2,3,11,15,23,13],[18,10,2,14,22,6,3,15,11,23,9,19,7,21,13],[10,14,22,18,2,6,3,11,15,23,9,19,7,21,13],[10,14,6,18,2,22,3,11,15,23,9,19,7,21,13],[14,2,6,10,22,18,11,15,3,23,13],[6,22,18,2,14,10,3,15,11,23,13],[2,10,14,22,18,6,3,11,15,23,13],[2,14,10,6,18,22,11,15,3,23,13],[22,10,6,14,2,18,3,11,15,23,9,19,7,21,13],[22,14,18,2,10,6,11,15,3,23,9,19,7,13],[10,2,6,18,22,14,3,15,11,23,13],[10,14,18,6,22,2,3,11,15,23,13],[22,14,18,2,10,6,11,15,3,23,13],[2,18,22,6,10,14,11,15,3,23,13],[6,10,2,18,22,14,3,15,11,23,13],[6,14,22,10,18,2,11,3,15,23,13],[18,2,14,22,10,6,11,15,3,23,9,19,7,21,13],[2,10,22,6,18,14,3,15,11,23,9,7,19,21,13],[22,10,2,18,14,6,11,3,15,23,13],[22,18,10,2,14,6,3,15,11,23,9,19,7,21,13],[22,2,10,18,6,14,3,11,15,23,13],[10,14,6,18,22,2,3,11,15,23,9,19,7,13],[10,18,2,14,6,22,11,3,15,23,9,19,7,21,13],[18,22,14,10,2,6,3,11,15,23,9,7,19,13],[14,18,10,22,2,6,3,11,15,23,13],[22,18,6,14,2,10,3,11,15,23,13],[6,18,2,14,22,10,3,11,15,23,13],[6,14,22,10,2,18,11,15,3,23,13],[22,14,10,18,6,2,3,11,15,23,9,19,7,13],[10,18,2,6,14,22,11,15,3,23,9,7,19,21,13],[6,18,10,2,22,14,3,15,11,23,13],[14,10,18,22,6,2,11,15,3,23,13],[22,2,10,6,18,14,3,15,11,23,9,19,7,21,13],[6,18,10,22,14,2,11,3,15,23,13],[18,2,6,14,22,10,11,3,15,23,13],[18,2,10,22,14,6,11,15,3,23,13],[2,18,6,22,10,14,11,3,15,23,13],[2,6,10,14,18,22,3,11,15,23,9,19,7,13],[2,6,14,10,22,18,11,3,15,23,9,19,7,13],[14,2,22,6,10,18,3,15,11,23,9,19,7,13],[22,6,10,2,18,14,3,11,15,23,9,19,7,21,13],[2,6,14,10,22,18,11,15,3,23,13],[2,6,18,22,14,10,11,3,15,23,9,19,7,21,13],[2,14,18,22,6,10,3,15,11,23,13],[10,18,2,14,6,22,11,15,3,23,9,19,7,13],[6,18,10,2,22,14,3,15,11,23,9,19,7,21,13],[18,14,22,6,10,2,11,15,3,23,13],[22,18,2,6,14,10,3,11,15,23,13],[18,22,14,6,2,10,11,15,3,23,9,19,7,13],[10,6,14,18,22,2,3,11,15,23,13],[22,18,10,14,2,6,11,3,15,23,9,19,7,21,13],[6,18,14,2,22,10,11,15,3,23,13],[18,10,14,2,22,6,3,15,11,23,9,19,7,13],[10,2,22,18,14,6,3,15,11,23,9,19,7,13],[14,2,18,6,22,10,3,15,11,23,9,7,19,13],[18,10,6,22,2,14,3,11,15,23,13],[22,6,18,14,10,2,3,11,15,23,13],[2,14,6,18,10,22,11,15,3,23,13],[18,10,6,22,14,2,11,3,15,23,13],[14,6,10,18,22,2,3,15,11,23,13],[22,2,6,18,14,10,11,3,15,23,13],[18,14,10,22,2,6,11,3,15,23,13],[14,18,22,10,2,6,11,3,15,23,13],[14,6,18,10,22,2,11,3,15,23,9,7,19,21,13],[18,10,6,14,2,22,3,15,11,23,9,19,7,13],[2,6,10,22,14,18,3,15,11,23,9,19,7,21,13],[18,2,22,14,6,10,11,3,15,23,13],[18,2,14,6,22,10,11,3,15,23,13],[14,6,18,22,10,2,3,11,15,23,9,19,7,13],[2,18,14,22,6,10,11,15,3,23,9,19,7,21,13],[6,2,22,10,14,18,11,3,15,23,9,7,19,13],[2,10,6,22,18,11,14,15,3,23,9,19,7,13],[18,14,22,6,2,10,3,15,11,23,9,19,7,21,13],[14,2,10,6,18,22,3,11,15,23,13],[6,14,22,10,18,2,11,15,3,23,13],[10,22,2,14,18,6,11,15,3,23,9,19,7,21,13],[22,10,18,2,14,3,6,15,11,23,9,19,7,13],[14,18,22,2,10,6,3,15,11,23,9,19,7,13],[22,6,14,2,10,18,11,3,15,23,9,19,7,13],[18,10,2,14,6,22,3,11,15,23,9,19,7,13],[18,14,22,10,2,6,11,3,15,23,13],[14,22,2,10,6,18,11,3,15,23,13],[6,18,22,14,2,10,3,11,15,23,9,19,7,13],[22,2,10,18,6,14,11,3,15,23,13],[2,18,22,14,6,10,11,3,15,23,9,19,7,21,13],[6,18,14,2,22,10,3,11,15,23,13],[10,6,22,18,14,2,11,15,3,23,9,19,7,21,13],[22,18,2,14,10,6,3,11,15,23,13],[14,18,2,22,6,10,11,15,3,23,13],[14,2,18,6,22,10,11,3,15,23,9,19,7,21,13],[18,22,10,6,14,2,11,15,3,23,13],[6,18,14,2,10,22,11,3,15,23,13],[10,2,22,14,18,6,3,15,11,23,9,19,7,21,13],[10,2,6,14,18,11,22,3,15,23,9,19,7,21,13],[22,10,18,2,6,14,3,15,11,23,13],[10,18,2,22,6,14,3,15,11,23,13],[14,6,18,2,10,22,3,11,15,23,9,19,7,13],[2,10,14,6,18,22,3,15,11,23,9,19,7,21,13],[6,22,14,18,10,2,3,11,15,23,13],[14,2,10,6,18,22,3,15,11,23,13],[14,2,18,6,22,10,3,15,11,23,13],[22,6,14,18,2,10,11,3,15,23,9,7,19,21,13],[22,18,10,2,14,6,11,15,3,23,13],[14,10,6,2,18,22,11,3,15,23,13],[14,2,6,10,22,18,11,15,3,23,9,19,7,13],[6,18,14,10,2,22,3,15,11,23,9,19,7,21,13],[6,18,22,2,14,10,3,11,15,23,13],[14,22,6,18,2,10,3,15,11,23,9,19,7,13],[22,2,6,18,10,14,11,15,3,23,9,19,7,13],[10,18,22,2,6,14,11,3,15,23,9,7,19,13],[18,6,22,2,10,14,11,15,3,23,13],[10,14,6,18,22,2,3,15,11,23,13],[10,6,18,2,22,14,3,11,15,23,13],[10,2,22,6,18,14,11,3,15,23,9,19,7,21,13],[2,18,22,10,6,14,3,11,15,23,9,19,7,21,13],[2,18,10,6,22,14,11,3,15,23,9,19,7,13],[10,22,14,2,6,18,11,3,15,23,9,19,7,21,13],[6,14,18,2,22,10,11,15,3,23,13],[2,6,14,10,22,18,11,3,15,23,13],[2,14,22,6,18,10,3,11,15,23,9,19,7,21,13],[2,18,10,6,22,14,3,11,15,23,13],[10,14,18,2,6,22,11,15,3,23,9,19,7,21,13],[2,14,6,18,10,22,11,3,15,23,9,19,7,13],[14,2,6,18,22,10,11,3,15,23,9,19,7,21,13],[10,14,2,6,18,22,11,15,3,23,13],[22,10,6,18,14,2,11,15,3,23,13],[6,2,18,14,22,10,3,11,15,23,13],[18,10,6,14,22,2,11,15,3,23,13],[6,22,18,2,14,10,3,11,15,23,13],[6,22,2,18,14,10,11,3,15,23,13],[10,14,22,18,2,6,11,15,3,23,9,19,7,13],[10,2,11,14,22,6,18,15,3,23,9,19,7,21,13],[18,14,6,10,22,2,11,3,15,23,13],[6,10,18,22,14,2,3,15,11,23,13],[22,10,6,18,2,14,11,15,3,23,13],[2,6,14,22,18,10,3,11,15,23,9,19,7,13],[22,18,2,14,6,10,3,11,15,23,9,19,7,21,13],[10,2,22,18,14,6,3,15,11,23,9,19,7,13],[10,6,18,22,2,14,3,15,11,23,13],[18,10,14,6,22,2,11,15,3,23,13],[2,6,22,18,14,10,3,15,11,23,13],[18,22,2,10,6,14,3,11,15,23,13],[14,2,22,6,10,18,11,15,3,23,9,19,7,21,13],[10,6,22,18,2,14,11,15,3,23,13],[6,22,10,2,18,14,11,3,15,23,13],[22,18,10,14,2,6,3,11,15,23,9,19,7,21,13],[10,14,18,6,22,2,3,15,11,23,13],[10,6,22,18,14,2,3,11,15,23,9,19,7,21,13],[10,18,2,22,6,14,11,15,3,23,9,19,7,13],[22,10,18,6,14,2,3,11,15,23,9,19,7,21,13],[2,14,10,22,6,18,3,11,15,23,9,19,7,21,13],[14,2,18,22,10,6,11,3,15,23,13],[2,10,22,18,14,6,11,3,15,23,9,19,7,13],[18,6,2,14,10,22,3,11,15,23,13],[6,10,2,22,14,18,11,3,15,23,13],[2,6,14,18,22,10,3,15,11,23,13],[14,18,6,2,22,10,3,11,15,23,9,19,7,13],[18,22,14,10,6,2,3,15,11,23,9,19,7,21,13],[10,22,2,18,6,14,11,15,3,23,13],[2,22,18,6,14,10,3,15,11,23,9,19,7,21,13],[6,10,22,2,14,18,11,15,3,23,9,19,7,21,13],[10,2,6,22,14,18,11,3,15,23,13],[10,18,2,14,6,22,3,15,11,23,9,19,7,21,13],[2,6,14,22,18,10,3,15,11,23,13],[10,18,14,22,2,6,3,15,11,23,13],[18,2,22,14,10,6,11,3,15,23,13],[14,18,10,22,6,2,3,11,15,23,13],[18,14,2,22,10,6,3,11,15,23,13],[14,10,2,18,6,22,11,3,15,23,13],[6,10,2,22,18,14,11,15,3,23,9,19,7,13],[18,2,6,10,22,14,11,3,15,23,13],[2,10,22,6,18,14,11,15,3,23,13],[10,22,14,18,6,2,11,3,15,23,9,19,7,21,13],[10,18,6,14,22,2,3,15,11,23,9,19,7,13],[6,10,22,2,14,18,3,11,15,23,13],[14,22,18,6,10,2,11,3,15,23,13],[6,14,22,2,10,18,11,15,3,23,13],[6,22,14,18,2,10,11,15,3,23,9,19,7,13],[10,22,14,2,18,6,11,15,3,23,9,19,7,13],[18,22,10,2,6,14,11,15,3,23,9,19,7,21,13],[18,10,14,2,6,22,11,15,3,23,13],[10,18,6,22,14,2,11,15,3,23,13],[22,10,2,18,14,6,11,3,15,23,13],[6,14,18,10,22,2,3,15,11,23,13],[10,6,22,18,2,14,11,3,15,23,9,19,7,21,13],[22,18,10,14,2,6,3,15,11,23,9,19,7,21,13],[10,2,14,6,18,22,11,15,3,23,9,7,19,13],[18,14,22,2,10,6,11,3,15,23,13],[18,14,22,2,6,10,11,15,3,23,9,19,7,13],[10,2,6,22,18,14,3,15,11,23,9,19,7,21,13],[22,2,14,10,6,18,11,3,15,23,9,19,7,21,13],[10,14,2,22,18,6,11,3,15,23,9,19,7,21,13],[18,10,2,6,14,22,3,15,11,23,13],[14,18,22,6,2,10,3,15,11,23,9,19,7,21,13],[6,22,10,18,2,14,11,15,3,23,9,19,7,21,13],[18,6,22,14,10,2,11,15,3,23,13],[6,14,10,2,22,18,11,15,3,23,13],[10,18,22,2,6,14,11,3,15,23,9,19,7,13],[6,2,10,22,14,18,11,15,3,23,9,19,7,21,13],[14,18,6,2,10,22,3,11,15,23,9,19,7,21,13],[18,22,14,10,2,6,11,15,3,23,13],[14,10,22,18,6,2,11,3,15,23,13],[14,18,6,22,2,10,11,3,15,23,13],[10,6,14,18,2,22,3,11,15,23,13],[10,18,22,14,6,2,3,15,11,23,13],[2,6,10,18,22,14,11,3,15,23,13],[2,10,18,6,22,14,11,15,3,23,13],[10,14,18,6,2,22,3,11,15,23,9,19,7,21,13],[6,10,14,22,2,18,11,3,15,23,9,19,7,13],[14,18,22,6,10,2,11,3,15,23,13],[2,22,6,14,18,10,3,15,11,23,9,19,7,21,13],[10,22,2,14,6,18,3,15,11,23,9,7,19,13],[6,2,14,18,22,10,3,15,11,23,13],[6,18,14,2,22,10,11,15,3,23,9,19,7,13],[22,10,18,2,6,14,11,3,15,23,13],[2,22,18,10,6,14,11,3,15,23,9,19,7,13],[22,18,2,6,14,10,11,15,3,23,13],[6,10,14,2,18,22,11,3,15,23,13],[2,6,22,18,14,10,11,15,3,23,9,19,7,21,13],[22,18,6,2,14,10,3,11,15,23,9,7,19,21,13],[22,10,2,6,14,18,11,15,3,23,9,19,7,13],[22,14,6,2,10,18,11,3,15,23,9,19,7,13],[2,10,6,14,18,22,3,15,11,23,9,19,7,13],[18,6,2,22,10,14,3,15,11,23,13],[10,6,14,18,22,2,11,3,15,23,9,19,7,13],[14,18,6,10,22,2,11,3,15,23,13],[18,14,22,6,10,2,3,11,15,23,9,19,7,13],[2,14,22,10,18,6,3,15,11,23,9,7,19,13],[14,22,2,18,6,10,3,11,15,23,9,19,7,21,13],[22,14,2,6,18,10,11,15,3,23,13],[14,10,2,6,18,22,3,15,11,23,9,19,7,21,13],[18,2,10,22,6,14,3,11,15,23,9,19,7,21,13],[22,14,6,18,10,2,11,3,15,23,9,19,7,21,13],[6,10,14,18,2,22,11,15,3,23,9,19,7,21,13],[22,6,10,18,2,14,11,3,15,23,9,19,7,13],[22,6,18,10,14,2,3,11,15,23,9,19,7,21,13],[22,6,2,14,18,10,11,3,15,23,13],[22,10,14,6,18,2,11,3,15,23,9,19,7,21,13],[2,22,10,18,14,6,11,15,3,23,13],[2,22,14,10,6,18,3,11,15,23,9,19,7,21,13],[22,2,18,6,10,14,11,15,3,23,9,19,7,13],[2,10,18,6,3,14,22,15,11,23,13],[6,14,22,10,2,18,11,15,3,23,13],[6,18,10,2,22,14,11,3,15,23,9,19,7,13],[10,14,22,2,6,18,11,15,3,23,13],[18,14,22,6,10,2,11,3,15,23,13],[22,10,2,6,14,18,3,15,11,23,13],[2,6,10,14,18,22,3,11,15,23,13],[6,2,10,14,22,18,11,3,15,23,9,19,7,13],[14,6,10,22,2,18,11,15,3,23,13],[18,22,6,2,14,10,11,3,15,23,9,19,7,13],[10,6,2,18,22,14,3,15,11,23,13],[14,22,2,6,10,18,11,3,15,23,13],[2,10,14,6,22,18,11,3,15,23,13],[10,18,2,22,6,14,11,15,3,23,13],[14,22,10,2,6,18,11,15,3,23,13],[18,2,22,14,6,10,3,11,15,23,9,19,7,21,13],[2,14,10,18,6,22,11,15,3,23,13],[10,6,2,14,18,22,3,11,15,23,13],[6,2,18,14,22,10,3,15,11,23,9,19,7,13],[2,14,22,18,6,10,3,15,11,23,13],[22,18,10,2,6,14,3,15,11,23,9,19,7,13],[10,6,22,14,2,18,3,11,15,23,13],[14,22,2,18,6,10,11,3,15,23,9,7,19,21,13],[6,18,14,22,2,10,11,3,15,23,9,19,7,21,13],[10,18,22,2,6,14,11,3,15,23,13],[14,2,10,22,18,6,3,11,15,23,9,19,7,21,13],[10,22,2,6,14,18,3,15,11,23,9,19,7,13],[2,14,22,6,10,18,3,15,11,23,9,19,7,21,13],[14,6,2,18,22,10,3,11,15,23,13],[6,18,2,22,10,14,11,15,3,23,9,19,7,21,13],[22,6,10,14,2,18,11,3,15,23,13],[10,18,14,2,6,22,3,15,11,23,9,19,7,21,13],[10,18,6,14,2,22,11,15,3,23,13],[2,10,18,6,14,22,3,15,11,23,13],[10,18,14,6,22,2,11,3,15,23,9,19,7,13],[10,2,18,6,14,22,11,3,15,23,9,19,7,13],[2,22,18,6,14,10,3,15,11,23,13],[14,2,10,22,18,6,11,15,3,23,13],[22,2,6,18,10,14,11,15,3,23,9,19,7,13],[2,22,10,18,6,14,3,15,11,23,9,19,7,13],[22,2,10,18,14,3,6,11,15,23,9,19,7,21,13],[22,10,14,18,6,2,11,3,15,23,13],[14,18,2,22,10,6,11,15,3,23,13],[18,14,6,22,10,2,3,11,15,23,9,19,7,13],[2,10,22,18,6,14,11,3,15,23,9,19,7,21,13],[22,2,6,18,14,10,11,3,15,23,9,19,7,13],[2,18,6,22,10,14,3,15,11,23,13],[22,2,6,18,14,10,3,11,15,23,13],[14,2,6,18,10,22,3,11,15,23,13],[6,18,10,22,14,2,3,15,11,23,9,19,7,13],[22,10,2,18,6,14,11,3,15,23,9,19,7,13],[10,22,18,14,6,2,11,15,3,23,9,19,7,13],[6,10,18,22,14,2,3,11,15,23,9,19,7,21,13],[6,14,18,22,2,10,3,15,11,23,9,19,7,21,13],[2,6,22,10,14,18,3,15,11,23,13],[6,22,2,14,10,18,11,15,3,23,9,19,7,13],[22,18,2,6,14,10,11,3,15,23,9,19,7,21,13],[14,22,10,18,6,2,3,15,11,23,13],[2,18,14,22,6,10,3,15,11,23,13],[18,22,14,2,10,6,3,15,11,23,13],[18,6,2,10,14,22,11,15,3,23,13],[6,10,14,2,18,22,11,15,3,23,9,19,7,13],[22,2,14,10,6,18,11,3,15,23,9,19,7,13],[6,2,10,18,14,22,3,15,11,23,13],[18,10,14,2,22,6,3,11,15,23,13],[6,18,14,2,22,10,11,15,3,23,9,19,7,21,13],[22,2,18,10,6,14,11,3,15,23,13],[10,2,22,6,18,14,3,15,11,23,13],[14,18,22,10,6,2,3,15,11,23,9,19,7,21,13],[10,14,2,18,22,6,3,15,11,23,9,19,7,13],[10,2,6,22,18,14,3,15,11,23,9,19,7,21,13],[10,6,18,22,2,14,3,11,15,23,13],[18,22,6,10,14,2,11,15,3,23,9,7,19,13],[6,2,18,10,22,14,11,3,15,23,13],[10,2,22,14,18,6,11,15,3,23,9,19,7,21,13],[6,2,14,22,10,18,3,11,15,23,13],[10,6,14,18,2,22,11,15,3,23,13],[2,22,14,18,10,6,3,15,11,23,13],[6,10,22,14,2,18,3,11,15,23,13],[22,10,18,2,14,6,3,15,11,23,9,19,7,13],[2,14,6,22,10,18,11,15,3,23,13],[10,2,14,18,22,6,3,15,11,23,9,19,7,21,13],[10,14,2,6,22,18,3,15,11,23,9,19,7,21,13],[2,18,14,6,10,22,11,15,3,23,13],[14,2,22,18,6,10,3,11,15,23,9,19,7,21,13],[18,22,14,2,6,10,11,3,15,23,9,7,19,21,13],[22,2,6,14,18,10,11,15,3,23,9,19,7,13],[18,14,2,10,6,22,11,15,3,23,13],[10,14,22,6,18,2,11,3,15,23,9,19,7,13],[22,6,10,18,2,14,11,15,3,23,9,19,7,21,13],[10,2,22,18,6,14,11,3,15,23,13],[10,14,2,22,18,6,3,11,15,23,13],[10,22,18,6,2,14,3,15,11,23,9,7,19,21,13],[22,18,2,14,10,6,11,3,15,23,9,19,7,13],[14,10,6,18,2,22,3,15,11,23,9,19,7,13],[6,2,22,10,14,18,3,15,11,23,13],[18,6,22,14,2,10,3,15,11,23,9,19,7,13],[14,22,10,2,6,18,11,15,3,23,13],[6,10,22,14,18,2,11,3,15,23,9,19,7,13],[18,2,10,22,6,14,11,15,3,23,13],[10,22,2,14,6,18,11,15,3,23,9,19,7,13],[14,22,6,18,10,2,11,15,3,23,13],[6,14,2,18,22,10,11,3,15,23,9,19,7,13],[10,18,2,22,6,14,3,11,15,23,9,19,7,13],[22,6,18,10,2,14,3,15,11,23,13],[10,22,6,14,18,2,3,11,15,23,13],[2,18,6,10,22,14,3,11,15,23,13],[6,10,18,2,14,22,3,15,11,23,9,19,7,21,13],[22,10,18,6,14,2,11,3,15,23,9,19,7,21,13],[18,22,6,10,2,14,11,3,15,23,13],[14,10,22,6,18,2,3,11,15,23,9,19,7,21,13],[22,6,18,10,2,14,11,15,3,23,13],[22,6,18,14,2,10,3,11,15,23,13],[6,22,10,14,2,18,11,15,3,23,9,19,7,13],[6,14,10,18,22,2,3,15,11,23,9,7,19,13],[14,18,2,6,22,10,11,15,3,23,9,19,7,21,13],[22,14,2,18,10,11,6,3,15,23,9,19,7,21,13],[22,14,2,18,6,10,11,15,3,23,9,19,7,21,13],[14,22,6,10,2,18,11,15,3,23,9,19,7,13],[10,14,6,22,18,2,11,3,15,23,13],[2,10,18,14,6,22,11,15,3,23,13],[2,18,22,10,14,6,3,11,15,23,13],[22,10,2,6,14,18,3,11,15,23,9,7,19,13],[6,10,18,22,2,14,11,3,15,23,9,19,7,13],[22,6,18,14,2,10,11,3,15,23,9,19,7,13],[14,22,18,10,6,2,3,11,15,23,13],[14,22,2,18,10,6,3,11,15,23,9,19,7,13],[14,6,22,2,18,10,11,15,3,23,13],[22,6,18,14,10,2,11,15,3,23,13],[14,6,22,10,2,18,11,3,15,23,9,19,7,21,13],[22,6,18,14,2,10,11,15,3,23,13],[6,2,22,10,14,18,11,15,3,23,13],[6,18,22,14,2,10,3,11,15,23,13],[10,18,14,2,22,6,11,3,15,23,9,19,7,13],[2,6,10,18,22,14,11,3,15,23,13],[22,2,10,14,6,18,11,15,3,23,13],[14,22,10,18,2,6,11,15,3,23,9,19,7,13],[2,10,18,14,6,22,3,15,11,23,9,19,7,13],[6,10,22,14,2,18,3,11,15,23,13],[6,10,14,22,2,18,3,15,11,23,9,19,7,21,13],[2,18,14,10,6,22,11,3,15,23,13],[14,22,2,10,6,18,3,15,11,23,13],[14,22,10,2,18,6,3,11,15,23,13],[10,2,6,14,22,18,11,15,3,23,9,7,19,13],[14,2,6,10,22,18,3,15,11,23,9,19,7,21,13],[18,10,22,2,6,14,11,3,15,23,13],[10,22,2,6,18,14,11,15,3,23,9,19,7,21,13],[14,10,2,22,18,6,3,11,15,23,9,19,7,13],[10,2,14,18,6,22,3,11,15,23,9,19,7,13],[18,14,10,2,22,6,11,3,15,23,13],[14,2,6,10,18,22,3,15,11,23,9,19,7,21,13],[6,10,18,22,2,14,11,15,3,23,9,19,7,21,13],[2,6,14,22,10,18,11,15,3,23,9,19,7,21,13],[18,10,2,14,22,6,3,15,11,23,9,7,19,13],[18,22,6,2,10,14,11,3,15,23,13],[6,18,14,22,10,2,11,15,3,23,13],[14,10,6,22,2,18,3,15,11,23,9,19,7,13],[6,22,2,18,14,10,11,15,3,23,9,19,7,21,13],[10,6,18,2,22,14,11,3,15,23,9,19,7,21,13],[6,10,18,22,2,14,11,15,3,23,13],[10,22,18,14,2,6,11,15,3,23,9,19,7,21,13],[2,14,22,18,6,10,11,3,15,23,9,19,7,21,13],[18,14,10,6,22,2,3,11,15,23,13],[18,22,14,2,10,6,11,15,3,23,13],[10,2,6,14,18,22,3,15,11,23,9,19,7,13],[14,18,2,22,6,10,3,15,11,23,9,19,7,13],[22,14,2,6,18,10,11,3,15,23,9,19,7,21,13],[2,18,14,22,10,6,3,11,15,23,13],[10,6,22,2,11,18,14,3,15,23,13],[2,22,14,18,10,6,3,15,11,23,13],[14,10,22,18,2,6,3,15,11,23,13],[6,2,14,10,22,18,11,15,3,23,9,19,7,13],[6,22,10,18,14,2,3,11,15,23,13],[2,6,10,22,18,14,11,15,3,23,9,19,7,13],[18,22,6,14,2,10,11,15,3,23,9,19,7,21,13],[18,10,2,14,6,22,11,15,3,23,9,19,7,13],[2,22,18,10,14,6,11,3,15,23,13],[2,14,22,18,6,10,3,15,11,23,13],[2,14,10,18,22,6,11,15,3,23,9,19,7,21,13],[10,14,18,2,6,22,3,15,11,23,9,19,7,21,13],[22,10,18,14,6,2,3,11,15,23,9,19,7,21,13],[10,22,14,6,2,18,11,15,3,23,13],[6,18,10,14,22,2,11,15,3,23,13],[10,2,18,14,6,22,3,15,11,23,13],[22,14,2,18,6,10,11,3,15,23,13],[2,6,18,22,14,10,3,11,15,23,13],[6,10,22,14,18,2,3,11,15,23,13],[18,10,6,2,22,14,3,11,15,23,9,19,7,21,13],[6,14,10,2,22,18,3,11,15,23,13],[10,18,6,2,14,22,11,15,3,23,13],[22,18,10,6,14,2,3,11,15,23,9,19,7,13],[10,22,18,2,14,6,11,3,15,23,9,19,7,13],[6,2,18,22,10,14,3,11,15,23,9,19,7,21,13],[22,6,14,10,18,2,11,3,15,23,9,19,7,21,13],[10,18,14,22,6,2,11,15,3,23,9,19,7,21,13],[18,2,22,6,10,14,11,15,3,23,9,19,7,13],[2,6,18,14,22,10,3,15,11,23,13],[6,18,2,22,10,14,3,11,15,23,9,19,7,21,13],[18,14,22,2,6,10,3,11,15,23,13],[6,18,14,22,2,10,3,11,15,23,13],[18,2,22,10,14,6,3,15,11,23,9,19,7,21,13],[22,18,10,6,14,2,11,15,3,23,9,19,7,13],[10,22,2,18,14,6,3,15,11,23,13],[2,14,6,10,18,22,3,15,11,23,13],[14,2,18,6,22,10,3,11,15,23,9,7,19,21,13],[14,18,22,6,10,2,3,15,11,23,9,19,7,13],[22,6,2,14,18,10,11,3,15,23,9,19,7,13],[2,14,10,6,22,18,11,3,15,23,9,19,7,21,13],[2,6,18,14,10,22,3,15,11,23,13],[6,22,18,10,2,14,3,11,15,23,9,7,19,13],[18,6,14,10,2,3,22,11,15,23,9,19,7,21,13],[6,18,2,14,22,10,3,15,11,23,9,19,7,21,13],[18,22,14,6,10,2,11,15,3,23,13],[18,10,14,6,2,22,3,11,15,23,9,19,7,13],[2,10,14,18,22,6,11,3,15,23,9,19,7,21,13],[2,10,6,18,14,22,11,3,15,23,9,19,7,13],[22,6,2,10,18,14,3,15,11,23,13],[10,18,6,22,2,14,3,15,11,23,13],[18,10,2,22,14,6,11,3,15,23,9,19,7,21,13],[2,22,14,10,18,6,3,15,11,23,13],[6,18,10,2,14,22,11,3,15,23,9,19,7,21,13],[14,6,18,10,22,2,11,3,15,23,9,7,19,21,13],[2,22,6,10,18,14,3,15,11,23,9,19,7,13],[22,14,2,10,6,18,11,3,15,23,13],[22,18,6,2,10,14,3,11,15,23,9,19,7,21,13],[10,2,6,22,18,14,11,15,3,23,13],[6,10,18,14,2,3,22,15,11,23,13],[22,14,10,2,18,6,11,3,15,23,9,19,7,13],[14,6,2,18,22,10,3,11,15,23,13],[18,22,2,14,6,10,3,15,11,23,13],[10,18,22,14,2,6,11,3,15,23,9,19,7,13],[2,22,14,18,6,10,11,3,15,23,9,19,7,13],[10,14,18,2,6,22,11,3,15,23,9,19,7,13],[2,22,10,6,18,14,11,3,15,23,13],[10,14,18,2,22,6,11,3,15,23,13],[2,18,14,22,6,10,3,11,15,23,13],[22,18,6,14,2,10,3,11,15,23,9,19,7,21,13],[22,2,6,18,10,14,3,15,11,23,13],[14,2,10,18,22,6,11,15,3,23,13],[14,18,6,10,22,2,11,15,3,23,13],[18,14,22,6,2,10,3,11,15,23,9,7,19,13],[10,2,6,18,14,22,3,15,11,23,9,19,7,21,13],[2,10,22,14,18,6,11,15,3,23,9,19,7,21,13],[18,10,14,2,6,22,3,15,11,23,9,19,7,21,13],[18,14,10,22,2,6,3,15,11,23,13],[18,14,10,2,22,6,11,3,15,23,9,19,7,13],[14,22,10,18,6,2,11,15,3,23,13],[6,18,2,10,22,14,3,11,15,23,9,19,7,21,13],[2,14,6,10,22,18,11,15,3,23,13],[18,6,10,14,22,2,11,3,15,23,13],[14,2,22,6,10,18,3,15,11,23,13],[6,10,2,22,14,18,11,15,3,23,13],[2,18,14,6,22,10,3,11,15,23,13],[6,14,18,22,2,10,3,15,11,23,9,19,7,13],[6,10,18,22,14,2,11,3,15,23,9,19,7,13],[22,2,14,10,18,6,3,11,15,23,9,19,7,13],[22,18,10,6,2,14,11,3,15,23,9,19,7,13],[10,22,18,14,2,6,11,3,15,23,13],[14,10,6,2,18,22,3,11,15,23,13],[14,18,2,10,6,22,11,15,3,23,9,19,7,21,13],[2,6,14,18,22,10,11,15,3,23,13],[10,14,22,2,6,18,11,3,15,23,13],[22,14,10,6,2,18,3,11,15,23,13],[6,22,18,2,14,10,3,11,15,23,9,19,7,21,13],[6,2,22,18,14,10,11,15,3,23,9,19,7,13],[22,14,18,2,6,10,3,11,15,23,9,19,7,21,13],[2,6,10,22,14,18,11,3,15,23,9,19,7,13],[2,6,18,22,10,14,11,15,3,23,13],[14,2,6,10,18,22,3,15,11,23,13],[2,18,10,14,6,22,11,3,15,23,9,19,7,21,13],[14,18,10,22,2,6,3,15,11,23,13],[6,2,14,10,18,22,3,11,15,23,13],[2,22,6,14,10,18,3,11,15,23,9,19,7,21,13],[6,14,18,22,10,2,3,11,15,23,13],[2,14,22,18,6,10,11,15,3,23,9,19,7,21,13],[10,14,18,2,6,22,3,15,11,23,9,19,7,13],[18,22,2,6,10,14,11,15,3,23,9,19,7,13],[22,2,18,10,14,6,3,15,11,23,13],[14,6,2,22,18,10,11,3,15,23,9,19,7,13],[6,18,14,22,10,2,3,11,15,23,13],[14,22,6,18,2,10,11,3,15,23,9,19,7,21,13],[2,18,14,10,6,22,11,3,15,23,9,19,7,13],[6,14,2,22,10,18,3,11,15,23,13],[14,22,2,18,10,6,3,15,11,23,9,7,19,13],[10,2,22,11,18,14,6,15,3,23,9,19,7,13],[2,10,6,22,14,18,3,11,15,23,13],[18,2,10,22,14,6,11,15,3,23,9,19,7,13],[18,14,10,2,22,6,11,3,15,23,9,19,7,13],[22,14,6,2,10,18,3,11,15,23,13],[2,10,14,6,22,18,11,15,3,23,9,19,7,13],[6,22,18,14,10,2,3,11,15,23,9,19,7,13],[22,14,18,6,10,2,11,3,15,23,9,19,7,21,13],[6,22,14,2,18,10,11,15,3,23,9,19,7,21,13],[14,6,10,2,22,18,3,15,11,23,9,19,7,21,13],[18,6,14,10,22,2,3,15,11,23,9,7,19,21,13],[2,10,18,14,6,22,3,11,15,23,9,19,7,13],[14,2,18,10,6,22,11,15,3,23,9,19,7,13],[10,14,6,22,2,18,11,15,3,23,9,19,7,21,13],[6,18,10,22,14,2,3,15,11,23,9,19,7,13],[10,18,2,6,22,14,3,15,11,23,13],[14,2,10,22,18,6,11,3,15,23,13],[22,14,18,6,2,10,3,15,11,23,13],[6,2,22,18,14,10,3,15,11,23,13],[10,2,14,18,6,22,3,11,15,23,9,19,7,13],[14,2,22,10,6,18,11,15,3,23,13],[18,6,22,2,10,14,3,15,11,23,13],[22,2,10,14,18,6,3,11,15,23,13],[22,18,14,2,10,6,11,15,3,23,13],[14,18,2,10,6,22,3,15,11,23,13],[18,2,14,22,6,10,11,3,15,23,13],[18,6,22,14,2,10,3,15,11,23,9,19,7,13],[2,22,10,14,18,6,3,15,11,23,9,19,7,13],[6,22,18,14,10,2,11,15,3,23,9,19,7,21,13],[14,2,18,10,22,6,3,11,15,23,9,19,7,21,13],[6,10,18,22,14,2,11,3,15,23,9,19,7,21,13],[2,14,6,10,18,22,3,11,15,23,9,19,7,13],[22,14,6,18,2,10,3,15,11,23,13],[18,10,6,22,14,2,3,11,15,23,9,19,7,13],[22,18,6,10,14,2,3,15,11,23,9,7,19,21,13],[10,6,14,2,18,22,3,11,15,23,9,19,7,21,13],[10,22,6,2,18,14,11,15,3,23,9,19,7,13],[22,18,6,2,10,14,11,15,3,23,9,7,19,21,13],[6,14,2,18,10,11,22,3,15,23,9,19,7,13],[2,14,22,10,18,6,3,11,15,23,9,19,7,13],[6,14,22,2,18,10,11,15,3,23,9,7,19,21,13],[6,14,22,2,18,10,11,15,3,23,9,19,7,13],[6,10,22,14,18,2,3,15,11,23,9,19,7,21,13],[22,14,6,10,18,2,3,11,15,23,9,19,7,13],[14,2,10,18,6,22,3,11,15,23,13],[10,14,22,2,6,18,3,15,11,23,9,19,7,13],[2,10,22,18,14,6,3,11,15,23,13],[14,22,2,10,6,18,3,15,11,23,9,19,7,21,13],[18,2,22,10,6,14,3,11,15,23,9,19,7,13],[10,6,22,2,14,18,11,15,3,23,13],[6,14,10,18,22,2,11,15,3,23,13],[2,18,10,14,22,6,3,15,11,23,13],[18,14,2,22,6,10,3,15,11,23,13],[10,6,14,18,2,22,3,15,11,23,9,19,7,21,13],[6,22,18,10,14,2,11,15,3,23,9,19,7,21,13],[18,2,10,22,14,6,3,11,15,23,9,19,7,21,13],[18,2,6,14,22,10,11,15,3,23,13],[22,2,18,6,14,10,3,11,15,23,9,19,7,21,13],[14,6,10,2,22,18,11,15,3,23,9,19,7,21,13],[22,18,2,6,14,10,11,3,15,23,9,19,7,13],[14,18,2,22,10,6,11,3,15,23,9,7,19,21,13],[14,6,22,18,2,10,3,11,15,23,13],[6,14,2,10,18,22,11,3,15,23,13],[2,6,10,22,18,14,3,15,11,23,13],[18,22,10,2,6,14,3,15,11,23,13],[22,6,18,2,14,10,11,15,3,23,13],[6,18,14,2,10,22,3,15,11,23,13],[10,2,22,18,6,14,11,15,3,23,13],[10,14,2,18,6,22,11,3,15,23,9,7,19,13],[18,14,10,6,2,22,3,11,15,23,9,19,7,21,13],[6,18,10,14,2,22,11,15,3,23,13],[2,10,6,22,14,18,11,15,3,23,13],[18,22,2,10,14,6,11,3,15,23,13],[14,22,2,18,6,10,3,11,15,23,13],[18,2,10,14,6,22,3,11,15,23,9,19,7,13],[18,22,6,10,2,14,3,11,15,23,13],[6,22,2,10,14,18,11,15,3,23,9,19,7,13],[22,10,18,14,6,2,3,15,11,23,13],[14,2,6,10,22,18,3,15,11,23,13],[22,10,2,6,14,18,11,3,15,23,13],[2,14,22,18,10,6,3,15,11,23,9,19,7,13],[14,18,10,6,22,2,3,15,11,23,9,19,7,13],[2,10,14,6,22,18,11,3,15,23,13],[14,2,10,22,18,6,3,11,15,23,9,19,7,13],[22,14,18,10,2,6,11,3,15,23,13],[6,14,10,18,2,22,11,3,15,23,9,19,7,21,13],[18,14,2,6,10,22,3,11,15,23,9,19,7,13],[22,2,10,18,14,6,11,3,15,23,9,19,7,21,13],[14,10,22,2,6,18,3,11,15,23,13],[18,22,10,6,14,2,11,15,3,23,13],[14,2,18,22,10,6,11,15,3,23,9,7,19,13],[14,10,18,22,6,2,11,3,15,23,9,19,7,21,13],[10,22,6,2,18,14,11,15,3,23,9,19,7,21,13],[14,2,6,18,22,10,11,3,15,23,9,19,7,21,13],[22,2,18,10,6,14,3,15,11,23,9,19,7,13],[10,2,6,18,22,14,11,3,15,23,9,19,7,21,13],[10,6,22,2,14,18,11,15,3,23,9,19,7,13],[18,14,10,22,2,6,11,3,15,23,13],[22,2,6,10,18,14,11,3,15,23,9,19,7,13],[6,2,14,22,10,18,11,15,3,23,9,19,7,21,13],[6,10,14,22,18,2,3,15,11,23,13],[2,18,14,6,10,22,11,3,15,23,9,19,7,13],[10,18,2,22,6,14,11,3,15,23,13],[6,18,2,14,22,10,11,3,15,23,9,7,19,13],[10,2,18,22,14,6,3,11,15,23,13],[22,14,2,10,18,6,11,15,3,23,13],[22,14,6,10,2,18,11,15,3,23,13],[22,18,2,14,10,6,3,11,15,23,13],[14,10,2,6,18,22,3,11,15,23,13],[6,2,22,10,14,18,3,11,15,23,13],[10,18,2,14,22,6,11,3,15,23,13],[22,6,18,14,10,2,3,15,11,23,13],[22,14,6,10,18,2,11,3,15,23,13],[2,14,22,10,6,11,18,3,15,23,13],[18,14,2,10,6,22,11,15,3,23,9,19,7,13],[18,22,10,2,6,14,11,15,3,23,9,19,7,21,13],[10,6,2,22,14,18,11,3,15,23,13],[10,2,22,14,3,6,18,11,15,23,13],[2,14,22,6,10,18,3,15,11,23,9,19,7,13],[2,14,6,22,18,10,11,15,3,23,13],[22,14,10,6,18,2,3,11,15,23,9,19,7,21,13],[14,22,10,2,18,6,11,3,15,23,9,19,7,21,13],[14,22,18,6,10,2,11,15,3,23,9,19,7,21,13],[2,6,14,22,10,18,3,15,11,23,9,19,7,21,13],[6,22,14,2,10,18,3,11,15,23,13],[22,6,18,14,2,10,3,11,15,23,13],[6,18,14,2,10,22,11,15,3,23,9,19,7,21,13],[18,2,10,22,14,6,11,15,3,23,13],[2,22,10,14,18,6,11,3,15,23,13],[22,18,2,10,14,6,11,3,15,23,13],[10,22,6,2,14,18,3,15,11,23,13],[14,22,18,10,6,2,11,15,3,23,9,7,19,13],[2,14,22,6,10,18,11,3,15,23,9,19,7,13],[10,2,18,22,6,14,11,3,15,23,13],[18,14,2,6,22,10,3,11,15,23,9,19,7,21,13],[6,14,2,18,10,22,3,11,15,23,13],[14,6,18,10,22,2,11,15,3,23,9,19,7,21,13],[2,10,14,6,22,18,11,15,3,23,9,19,7,21,13],[14,22,10,2,18,6,3,15,11,23,9,19,7,13],[6,22,2,18,10,14,3,15,11,23,9,19,7,13],[2,10,18,14,22,6,3,11,15,23,9,19,7,21,13],[22,10,6,18,14,2,3,11,15,23,9,19,7,13],[14,2,6,18,10,22,3,15,11,23,13],[18,2,6,10,22,14,3,11,15,23,9,19,7,21,13],[2,22,6,10,14,18,3,11,15,23,13],[22,2,14,10,6,18,11,3,15,23,13],[2,6,14,22,10,18,11,3,15,23,13],[6,14,22,10,18,2,11,3,15,23,9,19,7,21,13],[22,18,6,14,10,2,11,3,15,23,13],[22,18,10,2,14,6,11,3,15,23,9,19,7,21,13],[14,22,18,2,6,10,3,15,11,23,13],[22,14,2,6,10,18,3,15,11,23,13],[6,14,10,18,22,2,11,3,15,23,13],[6,14,2,22,10,18,11,15,3,23,13],[22,10,18,2,6,14,11,3,15,23,13],[10,6,2,22,18,14,3,15,11,23,9,19,7,13],[10,6,18,2,22,14,11,3,15,23,13],[14,6,2,22,18,10,3,11,15,23,13],[18,10,6,22,2,14,3,11,15,23,13],[14,18,2,6,10,22,3,15,11,23,13],[14,18,6,10,22,2,3,11,15,23,13],[2,10,22,14,6,18,3,11,15,23,9,19,7,21,13],[22,6,10,2,18,14,11,15,3,23,9,19,7,21,13],[18,14,6,22,10,2,3,11,15,23,9,19,7,21,13],[14,6,2,10,18,22,11,15,3,23,9,19,7,13],[6,10,14,22,18,2,11,15,3,23,13],[10,14,2,22,18,6,3,11,15,23,9,19,7,13],[14,10,18,2,6,22,11,15,3,23,9,19,7,21,13],[14,10,22,2,18,6,11,3,15,23,13],[2,14,22,18,6,10,3,15,11,23,9,19,7,13],[6,14,22,2,18,10,3,15,11,23,9,19,7,21,13],[18,2,10,14,22,6,11,3,15,23,9,19,7,13],[10,2,14,18,22,6,3,15,11,23,9,19,7,21,13],[18,2,14,22,10,6,3,11,15,23,9,19,7,21,13],[18,2,10,6,14,22,3,11,15,23,9,19,7,13],[14,22,18,2,6,10,3,11,15,23,9,19,7,21,13],[2,14,18,22,6,10,3,11,15,23,13],[22,18,14,6,10,2,11,3,15,23,9,19,7,13],[2,10,22,6,14,18,11,3,15,23,9,19,7,13],[2,18,10,6,11,14,22,15,3,23,9,19,7,21,13],[2,22,6,14,10,18,3,11,15,23,9,19,7,21,13],[22,14,6,2,18,10,3,15,11,23,9,19,7,13],[22,2,14,18,6,10,3,11,15,23,13],[22,2,6,14,18,10,3,11,15,23,9,19,7,13],[22,14,18,2,10,6,11,3,15,23,9,19,7,21,13],[2,22,6,14,10,18,3,15,11,23,9,19,7,21,13],[10,22,6,14,2,18,11,3,15,23,13],[18,6,22,14,2,10,11,15,3,23,13],[6,2,14,18,10,22,11,15,3,23,9,19,7,21,13],[18,10,22,2,14,6,11,3,15,23,9,19,7,21,13],[22,2,18,10,6,14,3,15,11,23,9,19,7,21,13],[14,2,22,18,10,6,3,11,15,23,13],[6,10,2,18,22,14,3,11,15,23,13],[22,14,2,18,10,6,11,15,3,23,13],[6,22,14,18,10,2,11,15,3,23,9,19,7,21,13]],"n_human":13}