{"problem_id":"I5b0PAbIlpxRoZM","sigma":75,"alpha":3.162,"cost":0,"probabilities":"[0.27, 0.19, 0.18, 0.36]","payoff_matrix":"[[67, -83, -38, -12, -151, -19], [77, 40, 1, -130, 42, -33], [-67, 181, -35, -84, -59, -65], [-36, -113, -20, 7, 100, 42]]","uncovered":[[20,16,8,12,24,21,4,17,13,9,22,14,1,2],[8,20,24,17,4,12,16,13,21,9,22,14,18,19,1,2],[8,12,16,24,4,20,21,17,13,9,14,1,22,2],[12,20,4,8,24,17,16,21,13,9,22,14,18,19,1,2],[16,12,4,8,20,24,21,17,13,9,22,14,18,23,1,2],[16,24,20,21,4,8,12,17,13,9,22,14,1,2],[8,24,20,21,16,12,4,17,13,9,14,1,22,2],[8,4,12,20,16,24,21,17,13,9,14,1,2],[12,20,24,21,8,16,4,17,13,9,14,1,2],[24,16,20,17,8,4,12,13,21,9,14,1,2],[12,20,8,4,16,24,21,17,13,9,22,14,18,19,1,2],[4,12,16,24,20,17,8,21,13,9,14,1,22,2],[20,8,12,16,24,17,4,13,21,9,14,1,22,2],[12,8,4,20,16,24,21,17,13,9,22,14,1,2],[16,24,8,20,21,4,12,17,13,9,14,1,22,2],[16,8,4,24,20,17,12,21,13,9,22,14,1,2],[16,12,8,4,24,20,17,13,21,9,22,14,18,23,1,2],[4,16,20,12,8,24,17,21,13,9,22,14,1,2],[16,24,8,4,12,20,17,13,21,9,14,1,2],[20,8,12,24,17,4,16,21,13,9,14,1,22,2],[4,24,16,12,8,20,17,21,13,9,22,14,18,23,1,2],[12,20,8,24,17,4,16,13,21,9,22,14,1,2],[4,12,20,24,17,16,8,13,21,9,22,14,18,19,1,2],[24,16,20,21,4,8,12,17,13,9,14,1,22,2],[16,12,24,20,17,8,4,13,21,9,22,14,18,19,1,2],[4,24,20,21,12,8,16,17,13,9,14,1,2],[20,16,24,17,12,4,8,13,21,9,22,14,1,2],[12,16,4,20,24,17,8,13,21,9,22,14,1,2],[4,20,16,8,24,21,12,17,13,9,14,1,2],[8,12,16,20,24,17,4,13,21,9,14,1,2],[12,4,24,20,21,16,8,17,13,9,22,14,18,23,1,2],[16,24,20,17,4,8,12,21,13,9,14,1,2],[4,20,12,24,21,8,16,17,13,9,14,1,22,2],[4,24,8,16,12,20,17,13,21,9,22,14,18,19,1,2],[16,8,24,20,17,12,4,13,21,9,14,1,22,2],[24,4,12,16,20,21,8,17,13,9,14,1,2],[8,12,20,24,17,16,4,21,13,9,14,1,22,2],[4,12,24,8,16,20,21,17,13,9,22,14,18,23,1,2],[16,4,8,20,12,24,17,21,13,9,14,1,22,2],[8,12,4,20,24,21,16,17,13,9,14,1,2],[12,24,20,17,16,8,4,21,13,9,14,1,22,2],[4,8,12,16,24,20,21,17,13,9,14,1,22,2],[12,20,8,16,4,24,21,17,13,9,14,1,2],[12,16,20,4,24,21,8,17,13,9,14,1,2],[12,16,20,8,4,24,21,17,13,9,14,1,22,2],[20,24,21,16,12,4,8,17,13,9,22,14,1,2],[16,12,8,20,4,24,17,21,13,9,14,1,2],[16,4,8,24,20,21,12,17,13,9,22,14,1,2],[4,12,24,16,20,21,8,17,13,9,14,1,22,2],[12,16,20,4,24,17,8,21,13,9,22,14,1,2],[12,24,8,16,20,17,4,13,21,9,22,14,18,19,1,2],[24,4,16,20,21,8,12,17,13,9,14,1,2],[24,4,20,21,8,12,16,17,13,9,14,1,2],[8,12,24,16,4,20,21,17,13,9,14,1,2],[16,4,8,12,20,24,21,17,13,9,22,14,1,2],[20,24,17,8,16,12,4,21,13,9,14,1,2],[16,4,12,8,24,20,17,13,21,9,22,14,1,2],[8,24,16,20,21,12,4,17,13,9,14,1,2],[12,20,16,24,17,8,4,13,21,9,14,1,2],[16,8,24,20,21,12,4,17,13,9,22,14,1,2],[20,8,4,24,17,12,16,13,21,9,22,14,18,23,1,2],[8,24,20,21,4,16,12,17,13,9,14,1,2],[16,24,4,8,12,20,21,17,13,9,22,14,1,2],[20,4,12,24,21,16,8,17,13,9,22,14,1,2],[20,8,4,24,17,16,12,21,13,9,22,14,1,2],[12,20,4,16,8,24,17,21,13,9,14,1,22,2],[24,4,8,20,21,16,12,17,13,9,14,1,2],[4,20,8,16,12,24,17,13,21,9,22,14,1,2],[8,24,20,21,12,4,16,17,13,9,14,1,2],[16,20,12,24,17,8,4,13,21,9,14,1,2],[16,20,8,4,24,17,12,13,21,9,22,14,18,19,1,2],[20,12,8,4,24,21,16,17,13,9,22,14,18,19,1,2],[20,16,24,21,12,4,8,17,13,9,22,14,18,19,1,2],[16,24,8,4,20,17,12,13,21,9,22,14,18,23,1,2],[20,4,24,21,12,8,16,17,13,9,14,1,22,2],[16,12,24,4,8,20,17,21,13,9,22,14,1,2],[16,12,8,4,24,20,17,13,21,9,14,1,2],[8,20,4,12,24,17,16,21,13,9,14,1,22,2],[24,8,16,4,20,21,12,17,13,9,22,14,18,19,1,2],[8,24,20,21,4,12,16,17,13,9,22,14,1,2],[12,8,24,4,16,20,17,21,13,9,22,14,1,2],[4,24,8,12,16,20,21,17,13,9,22,14,18,19,1,2],[4,8,12,20,16,24,17,21,13,9,14,1,22,2],[4,8,24,16,20,17,12,13,21,9,14,1,22,2],[4,24,8,16,20,17,12,13,21,9,22,14,18,19,1,2],[24,12,16,8,20,21,4,17,13,9,22,14,1,2],[16,24,12,4,20,17,8,21,13,9,14,1,2],[4,12,16,24,8,20,21,17,13,9,14,1,22,2],[4,8,24,16,12,20,17,13,21,9,14,1,2],[8,16,20,24,21,12,4,17,13,9,22,14,1,2],[20,12,8,24,21,4,16,17,13,9,14,1,2],[24,8,20,17,16,4,12,13,21,9,14,1,22,2],[16,20,24,21,8,4,12,17,13,9,14,1,2],[4,24,16,8,12,20,17,13,21,9,22,14,1,2],[12,16,8,4,20,24,21,17,13,9,22,14,1,2],[4,8,12,16,24,20,21,17,13,9,14,1,2],[8,24,16,4,20,21,12,17,13,9,22,14,18,19,1,2],[24,20,21,16,4,12,8,17,13,9,14,1,22,2],[4,12,16,20,24,17,8,21,13,9,22,14,1,2],[24,16,4,8,12,20,17,21,13,9,22,14,18,23,1,2],[20,24,21,8,4,16,12,17,13,9,22,14,18,19,1,2],[20,12,16,4,24,17,8,21,13,9,14,1,2],[4,24,16,12,20,17,8,13,21,9,14,1,2],[8,12,20,24,17,16,4,21,13,9,14,1,2],[8,4,16,24,12,20,17,21,13,9,22,14,18,19,1,2],[20,8,12,16,24,21,4,17,13,9,22,14,18,19,1,2],[8,20,24,21,12,16,4,17,13,9,22,14,18,23,1,2],[8,12,4,20,24,17,16,13,21,9,22,14,1,2],[16,20,4,12,8,24,21,17,13,9,14,1,2],[4,8,20,24,21,16,12,17,13,9,14,1,22,2],[20,16,24,17,12,8,4,13,21,9,22,14,18,23,1,2],[20,8,4,24,17,12,16,13,21,9,14,1,2],[4,16,12,20,24,17,8,21,13,9,22,14,18,19,1,2],[4,20,24,17,16,12,8,13,21,9,14,1,22,2],[12,16,4,8,20,24,21,17,13,9,22,14,18,23,1,2],[16,8,12,24,20,17,4,13,21,9,14,1,22,2],[4,20,24,21,16,8,12,17,13,9,14,1,22,2],[12,24,8,20,17,16,4,13,21,9,22,14,1,2],[8,24,4,20,17,12,16,21,13,9,22,14,1,2],[16,20,12,24,21,4,8,17,13,9,14,1,2],[8,4,24,20,21,16,12,17,13,9,22,14,1,2],[24,4,8,20,21,12,16,17,13,9,22,14,18,23,1,2],[4,16,8,12,20,24,17,13,21,9,22,14,18,19,1,2],[8,24,4,16,20,17,12,21,13,9,22,14,18,23,1,2],[24,8,4,20,21,12,16,17,13,9,22,14,1,2],[12,4,8,16,20,24,17,13,21,9,22,14,18,23,1,2],[8,4,24,16,20,21,12,17,13,9,22,14,18,19,1,2],[20,12,24,17,16,4,8,21,13,9,22,14,1,2],[8,4,16,24,20,17,12,13,21,9,14,1,22,2],[4,16,20,24,21,12,8,17,13,9,14,1,22,2],[8,12,20,4,24,17,16,13,21,9,22,14,1,2],[16,24,12,8,4,20,21,17,13,9,14,1,2],[16,8,12,4,20,24,17,13,21,9,22,14,18,19,1,2],[24,20,17,8,16,4,12,21,13,9,22,14,18,23,1,2],[4,24,12,8,16,20,17,13,21,9,22,14,18,19,1,2],[20,8,16,4,24,21,12,17,13,9,14,1,22,2],[16,4,20,12,24,21,8,17,13,9,22,14,18,23,1,2],[8,20,4,24,21,16,12,17,13,9,22,14,18,19,1,2],[4,24,8,20,21,16,12,17,13,9,22,14,1,2],[24,20,17,12,16,8,4,21,13,9,22,14,1,2],[24,20,21,4,12,8,16,17,13,9,22,14,18,23,1,2],[24,8,20,17,12,16,4,13,21,9,22,14,1,2],[16,4,12,24,20,21,8,17,13,9,22,14,1,2],[24,8,16,12,20,17,4,13,21,9,14,1,2],[8,20,4,24,21,16,12,17,13,9,14,1,22,2],[8,4,24,12,16,20,17,21,13,9,14,1,22,2],[16,8,24,20,17,12,4,13,21,9,14,1,22,2],[20,24,17,4,8,12,16,21,13,9,22,14,1,2],[24,12,4,20,17,8,16,21,13,9,22,14,18,23,1,2],[24,16,20,17,12,4,8,13,21,9,14,1,22,2],[16,4,8,12,24,20,21,17,13,9,14,1,2],[12,16,4,24,20,21,8,17,13,9,22,14,1,2],[24,16,8,12,20,17,4,13,21,9,22,14,18,19,1,2],[4,16,20,24,21,12,8,17,13,9,22,14,1,2],[4,12,16,20,24,21,8,17,13,9,22,14,18,19,1,2],[8,12,24,16,20,21,4,17,13,9,22,14,18,23,1,2],[8,24,4,12,16,20,17,13,21,9,14,1,22,2],[16,4,12,20,8,24,21,17,13,9,22,14,1,2],[4,12,24,8,16,20,21,17,13,9,14,1,2],[16,20,8,12,4,24,17,21,13,9,22,14,1,2],[20,24,17,12,16,8,4,13,21,9,14,1,2],[4,24,20,21,12,8,16,17,13,9,22,14,18,23,1,2],[16,4,8,12,20,24,17,21,13,9,14,1,2],[20,16,24,17,12,4,8,21,13,9,14,1,2],[20,4,24,17,16,12,8,21,13,9,22,14,18,23,1,2],[16,4,8,20,12,24,17,13,21,9,14,1,2],[12,24,4,8,20,21,16,17,13,9,14,1,22,2],[8,16,24,4,20,17,12,21,13,9,14,1,2],[8,20,24,21,4,12,16,17,13,9,14,1,22,2],[20,8,24,21,12,4,16,17,13,9,14,1,2],[8,4,12,20,24,17,16,21,13,9,14,1,22,2],[24,8,4,20,17,16,12,21,13,9,22,14,1,2],[24,12,8,16,20,17,4,13,21,9,14,1,22,2],[8,12,20,24,17,4,16,21,13,9,22,14,1,2],[12,16,24,20,21,8,4,17,13,9,14,1,22,2],[8,16,20,12,24,17,4,21,13,9,22,14,18,19,1,2],[16,20,12,8,4,24,17,13,21,9,14,1,2],[8,4,16,24,12,20,21,17,13,9,22,14,18,23,1,2],[20,12,4,8,24,17,16,21,13,9,22,14,18,19,1,2],[20,12,16,24,21,4,8,17,13,9,14,1,22,2],[20,24,21,8,4,16,12,17,13,9,14,1,2],[16,12,24,20,17,4,8,21,13,9,14,1,2],[4,24,12,8,20,17,16,13,21,9,14,1,22,2],[12,20,16,24,17,4,8,21,13,9,22,14,1,2],[4,8,12,24,16,20,21,17,13,9,14,1,22,2],[12,20,24,17,4,8,16,13,21,9,14,1,2],[12,8,24,4,16,20,21,17,13,9,14,1,22,2],[12,20,24,21,16,8,4,17,13,9,14,1,22,2],[24,4,8,20,17,12,16,21,13,9,22,14,1,2],[12,24,8,16,4,20,17,13,21,9,22,14,1,2],[8,24,4,16,20,17,12,13,21,9,14,1,22,2],[8,12,24,20,21,4,16,17,13,9,22,14,1,2],[12,20,24,21,4,8,16,17,13,9,22,14,1,2],[16,24,8,20,17,12,4,13,21,9,22,14,18,23,1,2],[8,16,24,20,21,4,12,17,13,9,22,14,18,19,1,2],[8,16,20,12,24,17,4,21,13,9,14,1,22,2],[4,12,16,24,8,20,21,17,13,9,22,14,1,2],[20,4,16,8,24,21,12,17,13,9,22,14,18,19,1,2],[20,12,24,21,16,4,8,17,13,9,14,1,22,2],[24,20,17,16,12,4,8,13,21,9,14,1,22,2],[8,24,20,17,4,12,16,21,13,9,22,14,1,2],[12,4,16,24,8,20,21,17,13,9,14,1,2],[4,24,8,12,20,17,16,21,13,9,14,1,22,2],[24,12,20,17,16,4,8,13,21,9,14,1,2],[4,8,20,24,17,16,12,13,21,9,14,1,22,2],[24,12,20,17,16,8,4,13,21,9,14,1,22,2],[12,16,20,8,4,24,17,21,13,9,14,1,2],[8,16,4,20,12,24,21,17,13,9,14,1,2],[8,16,20,4,24,17,12,21,13,9,14,1,2],[4,24,16,8,20,17,12,13,21,9,22,14,1,2],[20,12,8,16,4,24,21,17,13,9,14,1,2],[20,16,8,4,24,17,12,13,21,9,14,1,22,2],[16,12,8,20,4,24,17,13,21,9,22,14,1,2],[4,12,8,20,24,21,16,17,13,9,22,14,1,2],[4,8,16,12,24,20,21,17,13,9,14,1,2],[24,12,20,21,8,4,16,17,13,9,22,14,18,19,1,2],[4,16,8,12,20,24,17,21,13,9,14,1,2],[8,24,20,21,12,16,4,17,13,9,14,1,2],[20,8,16,4,12,24,17,21,13,9,22,14,18,23,1,2],[24,16,4,20,21,8,12,17,13,9,14,1,2],[24,4,20,17,16,8,12,21,13,9,22,14,1,2],[24,8,12,20,17,4,16,21,13,9,22,14,18,19,1,2],[24,16,4,12,20,21,8,17,13,9,14,1,22,2],[24,12,4,8,20,21,16,17,13,9,22,14,18,23,1,2],[20,4,24,17,8,12,16,13,21,9,14,1,22,2],[20,16,24,17,4,8,12,21,13,9,14,1,22,2],[8,20,12,16,24,17,4,13,21,9,14,1,2],[20,24,17,4,8,16,12,13,21,9,14,1,22,2],[20,16,24,21,8,12,4,17,13,9,14,1,22,2],[24,20,17,16,12,4,8,21,13,9,22,14,1,2],[24,8,12,4,16,20,17,13,21,9,22,14,18,23,1,2],[24,4,20,21,16,8,12,17,13,9,14,1,22,2],[8,24,12,4,16,20,17,21,13,9,14,1,2],[16,8,4,12,20,24,17,21,13,9,14,1,2],[20,12,24,17,16,4,8,21,13,9,22,14,1,2],[12,8,20,24,21,4,16,17,13,9,22,14,18,23,1,2],[20,24,17,12,8,4,16,21,13,9,22,14,18,19,1,2],[16,4,12,20,24,21,8,17,13,9,22,14,1,2],[24,16,8,4,12,20,17,13,21,9,14,1,2],[8,20,24,21,16,12,4,17,13,9,22,14,1,2],[24,20,21,4,12,8,16,17,13,9,14,1,2],[24,16,8,20,17,4,12,21,13,9,14,1,2],[20,4,12,24,21,16,8,17,13,9,14,1,22,2],[8,16,4,24,20,17,12,21,13,9,22,14,18,23,1,2],[16,12,20,24,17,8,4,13,21,9,22,14,1,2],[20,8,16,24,17,4,12,13,21,9,14,1,2],[8,12,16,24,20,17,4,13,21,9,14,1,2],[20,16,4,12,24,21,8,17,13,9,22,14,18,23,1,2],[4,16,24,8,20,17,12,21,13,9,22,14,18,19,1,2],[24,4,8,20,17,16,12,13,21,9,14,1,2],[4,24,12,20,17,8,16,13,21,9,14,1,2],[12,4,16,20,24,21,8,17,13,9,22,14,18,19,1,2],[20,12,24,21,4,8,16,17,13,9,14,1,2],[12,16,4,20,8,24,17,13,21,9,22,14,18,23,1,2],[4,16,20,12,24,17,8,21,13,9,22,14,18,19,1,2],[20,16,12,24,21,4,8,17,13,9,22,14,18,23,1,2],[8,4,12,24,16,20,21,17,13,9,22,14,18,19,1,2],[4,24,12,16,8,20,17,21,13,9,22,14,1,2],[12,20,16,24,21,4,8,17,13,9,22,14,18,19,1,2],[4,8,16,24,20,17,12,13,21,9,14,1,22,2],[24,12,16,20,21,8,4,17,13,9,14,1,2],[20,24,17,16,4,8,12,21,13,9,14,1,2],[12,20,4,8,16,24,17,21,13,9,22,14,1,2],[8,24,20,21,12,4,16,17,13,9,22,14,18,19,1,2],[8,20,12,4,16,24,17,13,21,9,22,14,1,2],[12,16,20,4,24,17,8,13,21,9,14,1,2],[16,8,24,20,17,12,4,13,21,9,22,14,18,19,1,2],[4,8,16,20,12,24,17,13,21,9,22,14,1,2],[4,20,24,21,16,8,12,17,13,9,22,14,18,19,1,2],[8,16,12,4,24,20,21,17,13,9,22,14,18,23,1,2],[24,16,20,21,12,4,8,17,13,9,22,14,18,19,1,2],[12,20,16,8,24,17,4,21,13,9,14,1,2],[20,12,8,24,21,4,16,17,13,9,22,14,1,2],[8,24,12,20,17,16,4,13,21,9,14,1,22,2],[24,4,20,21,8,16,12,17,13,9,14,1,2],[16,8,12,24,4,20,17,13,21,9,22,14,18,23,1,2],[16,4,8,24,12,20,21,17,13,9,14,1,22,2],[8,24,12,20,21,4,16,17,13,9,22,14,18,23,1,2],[8,20,12,4,16,24,21,17,13,9,22,14,1,2],[12,4,8,20,24,21,16,17,13,9,22,14,18,19,1,2],[12,4,20,24,21,8,16,17,13,9,22,14,1,2],[4,24,8,12,20,17,16,21,13,9,22,14,1,2],[12,8,4,20,24,21,16,17,13,9,22,14,18,23,1,2],[16,24,12,4,20,17,8,21,13,9,22,14,1,2],[24,4,16,20,21,8,12,17,13,9,14,1,22,2],[8,16,4,20,24,21,12,17,13,9,14,1,2],[8,4,20,24,21,12,16,17,13,9,22,14,18,23,1,2],[12,16,24,20,17,8,4,21,13,9,22,14,1,2],[16,20,4,8,24,21,12,17,13,9,22,14,18,19,1,2],[24,4,16,12,20,21,8,17,13,9,22,14,18,23,1,2],[20,12,8,16,24,17,4,21,13,9,22,14,1,2],[12,20,24,21,16,8,4,17,13,9,22,14,18,19,1,2],[20,12,4,16,24,21,8,17,13,9,22,14,18,19,1,2],[24,20,21,8,16,4,12,17,13,9,14,1,2],[4,16,12,24,8,20,21,17,13,9,22,14,1,2],[24,4,12,20,21,16,8,17,13,9,14,1,2],[8,12,20,24,21,4,16,17,13,9,14,1,22,2],[4,12,16,24,20,17,8,13,21,9,22,14,1,2],[20,8,16,12,24,17,4,13,21,9,22,14,1,2],[4,8,24,16,12,20,21,17,13,9,14,1,2],[12,20,4,16,24,21,8,17,13,9,14,1,2],[16,8,4,24,12,20,21,17,13,9,14,1,22,2],[20,4,8,16,12,24,21,17,13,9,22,14,18,23,1,2],[16,8,12,4,24,20,21,17,13,9,22,14,18,19,1,2],[24,4,16,20,21,8,12,17,13,9,14,1,2],[4,20,12,16,24,21,8,17,13,9,22,14,1,2],[16,24,4,8,20,17,12,13,21,9,14,1,2],[8,12,4,24,16,20,17,21,13,9,22,14,18,19,1,2],[24,4,12,8,20,21,16,17,13,9,22,14,18,19,1,2],[16,12,20,24,21,4,8,17,13,9,22,14,18,19,1,2],[24,16,8,12,20,17,4,21,13,9,22,14,18,19,1,2],[4,8,20,12,24,17,16,13,21,9,22,14,1,2],[8,12,4,24,20,17,16,13,21,9,14,1,2],[24,8,20,17,16,12,4,21,13,9,22,14,18,23,1,2],[16,4,20,24,21,8,12,17,13,9,14,1,2],[4,12,24,16,20,17,8,21,13,9,14,1,22,2],[12,16,8,4,20,24,17,13,21,9,22,14,18,19,1,2],[24,20,21,4,8,12,16,17,13,9,14,1,2],[12,24,20,17,16,4,8,13,21,9,14,1,22,2],[12,4,20,24,17,16,8,13,21,9,14,1,22,2],[8,20,16,4,24,17,12,21,13,9,22,14,18,19,1,2],[12,24,8,16,20,21,4,17,13,9,22,14,18,19,1,2],[16,4,20,12,8,24,17,21,13,9,14,1,2],[20,24,17,16,4,12,8,21,13,9,14,1,22,2],[16,12,8,20,24,21,4,17,13,9,22,14,1,2],[20,12,8,24,17,16,4,13,21,9,14,1,22,2],[8,20,24,21,12,4,16,17,13,9,22,14,1,2],[4,12,16,8,24,20,21,17,13,9,14,1,22,2],[24,12,20,21,4,16,8,17,13,9,14,1,2],[8,12,20,24,21,4,16,17,13,9,22,14,1,2],[4,24,16,20,17,12,8,13,21,9,14,1,22,2],[16,20,4,24,21,8,12,17,13,9,22,14,18,19,1,2],[20,24,17,16,4,8,12,21,13,9,14,1,2],[4,8,12,24,20,21,16,17,13,9,22,14,1,2],[20,12,16,4,24,21,8,17,13,9,14,1,2],[16,24,20,17,8,4,12,21,13,9,14,1,22,2],[16,4,8,24,20,17,12,13,21,9,14,1,2],[24,16,4,12,20,17,8,21,13,9,22,14,18,19,1,2],[20,16,24,17,8,4,12,21,13,9,14,1,2],[20,24,21,8,4,12,16,17,13,9,14,1,2],[24,12,16,20,17,4,8,21,13,9,14,1,2],[8,16,4,12,24,20,21,17,13,9,14,1,22,2],[16,12,8,20,24,17,4,21,13,9,22,14,18,23,1,2],[12,8,24,16,4,20,21,17,13,9,14,1,22,2],[20,24,21,8,16,4,12,17,13,9,22,14,1,2],[8,20,16,24,21,4,12,17,13,9,14,1,22,2],[4,20,8,12,16,24,17,21,13,9,22,14,18,23,1,2],[24,20,21,12,4,16,8,17,13,9,14,1,22,2],[8,12,24,16,20,17,4,21,13,9,14,1,22,2],[12,24,16,8,4,20,21,17,13,9,14,1,2],[24,4,12,16,20,17,8,21,13,9,14,1,22,2],[4,12,8,16,24,20,17,13,21,9,14,1,2],[12,16,8,4,24,20,17,21,13,9,14,1,22,2],[4,16,12,8,20,24,17,21,13,9,14,1,22,2],[24,4,12,8,20,17,16,13,21,9,22,14,1,2],[24,16,12,20,21,8,4,17,13,9,14,1,2],[16,20,12,8,24,21,4,17,13,9,14,1,22,2],[16,4,24,12,20,21,8,17,13,9,14,1,22,2],[16,24,12,8,20,21,4,17,13,9,22,14,1,2],[8,4,24,16,12,20,17,21,13,9,22,14,18,23,1,2],[8,16,12,20,4,24,17,13,21,9,14,1,22,2],[12,16,4,24,8,20,21,17,13,9,22,14,1,2],[24,8,12,16,4,20,21,17,13,9,22,14,1,2],[8,24,12,16,4,20,17,13,21,9,22,14,18,23,1,2],[4,8,20,24,21,12,16,17,13,9,14,1,2],[20,12,24,21,16,4,8,17,13,9,22,14,1,2],[16,4,8,24,12,20,17,21,13,9,14,1,2],[24,4,16,12,8,20,21,17,13,9,22,14,18,23,1,2],[4,24,16,12,8,20,17,21,13,9,22,14,18,23,1,2],[20,16,4,24,17,12,8,21,13,9,22,14,1,2],[4,20,16,12,8,24,21,17,13,9,22,14,18,23,1,2],[12,4,16,20,24,21,8,17,13,9,22,14,18,19,1,2],[12,24,16,4,20,17,8,21,13,9,22,14,18,23,1,2],[16,8,12,24,4,20,21,17,13,9,22,14,18,23,1,2],[8,24,20,17,16,4,12,21,13,9,22,14,1,2],[8,4,24,16,20,17,12,21,13,9,14,1,22,2],[4,16,8,20,24,21,12,17,13,9,14,1,22,2],[12,24,16,4,8,20,17,21,13,9,22,14,1,2],[8,12,4,16,20,24,21,17,13,9,22,14,18,23,1,2],[8,16,20,4,12,24,17,13,21,9,22,14,18,23,1,2],[20,16,4,24,21,8,12,17,13,9,14,1,2],[12,24,4,20,17,16,8,13,21,9,22,14,1,2],[20,12,16,4,24,17,8,13,21,9,14,1,22,2],[24,8,16,12,20,21,4,17,13,9,22,14,1,2],[4,12,24,8,20,21,16,17,13,9,14,1,22,2],[24,12,4,20,17,16,8,13,21,9,14,1,2],[4,12,8,16,20,24,21,17,13,9,14,1,22,2],[4,16,24,20,17,8,12,13,21,9,22,14,1,2],[8,12,16,24,20,21,4,17,13,9,22,14,1,2],[20,4,24,21,12,16,8,17,13,9,14,1,2],[24,20,17,16,4,12,8,13,21,9,22,14,1,2],[12,20,8,24,17,16,4,13,21,9,14,1,22,2],[12,4,16,20,8,24,17,21,13,9,14,1,22,2],[16,24,8,20,21,12,4,17,13,9,14,1,22,2],[24,8,20,17,12,16,4,13,21,9,14,1,22,2],[8,12,16,24,4,20,21,17,13,9,22,14,18,23,1,2],[24,8,4,20,17,16,12,21,13,9,22,14,1,2],[20,16,12,4,8,24,17,21,13,9,14,1,2],[20,8,16,24,21,4,12,17,13,9,22,14,18,19,1,2],[12,16,24,20,17,4,8,21,13,9,22,14,1,2],[12,20,8,16,4,24,17,13,21,9,22,14,18,23,1,2],[16,12,4,24,20,17,8,21,13,9,22,14,18,23,1,2],[24,16,12,20,17,4,8,21,13,9,14,1,22,2],[8,4,20,16,12,24,21,17,13,9,14,1,22,2],[8,24,16,12,20,17,4,13,21,9,14,1,22,2],[8,4,24,20,21,16,12,17,13,9,22,14,18,23,1,2],[8,20,16,24,21,4,12,17,13,9,22,14,1,2],[12,24,16,4,20,17,8,21,13,9,14,1,22,2],[8,20,24,17,16,12,4,13,21,9,14,1,22,2],[24,20,17,4,8,16,12,21,13,9,14,1,22,2],[12,8,16,24,4,20,21,17,13,9,14,1,22,2],[8,12,20,16,24,17,4,13,21,9,14,1,22,2],[16,24,12,4,8,20,21,17,13,9,22,14,1,2],[4,12,16,24,20,21,8,17,13,9,14,1,22,2],[4,24,12,16,20,17,8,13,21,9,14,1,22,2],[20,16,24,21,12,4,8,17,13,9,14,1,2],[16,12,4,8,20,24,17,21,13,9,14,1,22,2],[16,24,4,12,8,20,17,21,13,9,14,1,2],[24,20,17,16,4,8,12,21,13,9,22,14,18,23,1,2],[8,20,4,12,24,21,16,17,13,9,22,14,18,19,1,2],[8,16,12,4,24,20,17,21,13,9,14,1,2],[16,24,12,20,21,4,8,17,13,9,14,1,2],[12,4,24,8,20,21,16,17,13,9,22,14,18,23,1,2],[20,12,4,16,24,17,8,13,21,9,22,14,18,23,1,2],[12,20,24,21,16,4,8,17,13,9,22,14,1,2],[12,20,8,16,24,21,4,17,13,9,22,14,18,23,1,2],[12,4,16,8,24,20,17,21,13,9,14,1,2],[12,16,8,24,4,20,17,13,21,9,14,1,22,2],[16,20,8,12,24,21,4,17,13,9,14,1,22,2],[4,12,20,8,24,21,16,17,13,9,14,1,22,2],[8,16,4,24,20,21,12,17,13,9,14,1,2],[16,24,4,20,17,12,8,13,21,9,14,1,2],[20,4,16,12,8,24,21,17,13,9,14,1,2],[12,16,4,8,20,24,17,21,13,9,22,14,1,2],[8,16,24,4,20,21,12,17,13,9,14,1,22,2],[20,8,12,16,24,17,4,21,13,9,22,14,1,2],[16,4,20,12,8,24,17,21,13,9,14,1,22,2],[20,4,12,24,21,16,8,17,13,9,14,1,2],[24,8,20,17,4,12,16,21,13,9,22,14,18,23,1,2],[4,24,20,21,8,12,16,17,13,9,22,14,1,2],[20,4,16,24,21,8,12,17,13,9,22,14,18,19,1,2],[12,4,20,24,17,8,16,13,21,9,14,1,2],[24,4,12,16,20,17,8,21,13,9,14,1,22,2],[4,20,12,24,17,8,16,13,21,9,22,14,18,19,1,2],[20,12,4,8,16,24,21,17,13,9,14,1,2],[8,4,20,16,12,24,21,17,13,9,14,1,22,2],[16,4,8,24,12,20,21,17,13,9,14,1,2],[16,24,4,12,20,21,8,17,13,9,22,14,1,2],[16,8,20,4,24,17,12,21,13,9,14,1,22,2],[24,16,12,20,21,8,4,17,13,9,14,1,22,2],[24,12,16,4,8,20,21,17,13,9,22,14,18,23,1,2],[4,16,8,12,20,24,21,17,13,9,22,14,18,19,1,2],[8,16,12,24,4,20,17,21,13,9,22,14,18,23,1,2],[4,24,20,21,12,8,16,17,13,9,22,14,1,2],[4,24,8,20,21,16,12,17,13,9,22,14,18,19,1,2],[16,24,8,20,17,4,12,13,21,9,14,1,22,2],[8,12,20,16,4,24,17,21,13,9,14,1,2],[4,24,12,8,16,20,21,17,13,9,22,14,1,2],[8,20,4,24,21,12,16,17,13,9,14,1,22,2],[4,20,8,12,24,17,16,21,13,9,14,1,22,2],[4,16,20,24,21,12,8,17,13,9,22,14,18,23,1,2],[12,8,20,24,21,4,16,17,13,9,14,1,22,2],[16,4,12,24,20,17,8,21,13,9,22,14,1,2],[12,24,20,17,4,8,16,13,21,9,22,14,18,19,1,2],[12,16,4,8,20,24,21,17,13,9,14,1,22,2],[12,8,24,20,17,4,16,21,13,9,22,14,18,23,1,2],[20,8,24,17,12,4,16,21,13,9,22,14,18,23,1,2],[8,20,12,24,21,4,16,17,13,9,14,1,2],[12,20,24,21,16,8,4,17,13,9,14,1,2],[8,24,4,20,17,16,12,21,13,9,22,14,1,2],[4,24,8,20,17,12,16,21,13,9,22,14,1,2],[8,24,12,4,20,17,16,21,13,9,14,1,22,2],[12,20,16,24,21,4,8,17,13,9,14,1,22,2],[20,8,24,17,12,4,16,21,13,9,22,14,18,19,1,2],[8,24,20,17,4,16,12,21,13,9,22,14,18,19,1,2],[24,20,17,12,8,4,16,13,21,9,14,1,22,2],[4,16,8,24,20,21,12,17,13,9,22,14,1,2],[20,24,17,8,12,16,4,21,13,9,14,1,2],[8,20,4,12,24,21,16,17,13,9,22,14,1,2],[12,16,4,8,20,24,21,17,13,9,22,14,1,2],[16,4,8,12,24,20,21,17,13,9,22,14,1,2],[16,24,12,8,4,20,21,17,13,9,22,14,18,23,1,2],[12,8,16,24,20,21,4,17,13,9,14,1,2],[8,20,12,24,17,4,16,13,21,9,22,14,18,19,1,2],[16,20,24,17,8,12,4,21,13,9,14,1,2],[24,20,17,8,16,4,12,21,13,9,14,1,2],[4,20,12,8,24,21,16,17,13,9,14,1,2],[24,20,17,4,12,8,16,13,21,9,14,1,2],[24,16,8,4,12,20,21,17,13,9,22,14,18,23,1,2],[16,24,8,20,17,12,4,21,13,9,14,1,22,2],[12,4,20,16,8,24,21,17,13,9,14,1,22,2],[8,16,4,20,24,17,12,13,21,9,14,1,2],[16,24,4,12,8,20,21,17,13,9,14,1,2],[12,8,20,4,24,17,16,13,21,9,22,14,1,2],[16,20,8,4,24,17,12,13,21,9,22,14,18,19,1,2],[24,20,17,16,12,4,8,13,21,9,14,1,2],[16,12,4,8,24,20,21,17,13,9,14,1,2],[20,12,8,16,24,17,4,21,13,9,22,14,18,19,1,2],[8,24,16,12,20,21,4,17,13,9,22,14,1,2],[20,8,12,16,24,17,4,13,21,9,22,14,18,19,1,2],[8,20,24,17,16,12,4,13,21,9,22,14,18,23,1,2],[12,24,16,20,17,4,8,13,21,9,22,14,18,23,1,2],[12,20,16,8,24,17,4,21,13,9,22,14,18,23,1,2],[20,8,4,12,24,17,16,21,13,9,22,14,1,2],[24,8,20,17,12,16,4,21,13,9,22,14,18,23,1,2],[20,16,12,24,17,8,4,13,21,9,22,14,1,2],[24,12,8,20,21,16,4,17,13,9,14,1,2],[4,24,16,20,17,12,8,13,21,9,14,1,22,2],[8,16,12,24,20,21,4,17,13,9,14,1,22,2],[20,24,21,16,4,8,12,17,13,9,22,14,18,19,1,2],[16,24,4,8,20,21,12,17,13,9,14,1,2],[20,24,21,16,12,8,4,17,13,9,22,14,18,19,1,2],[4,12,16,20,24,17,8,13,21,9,22,14,1,2],[4,12,20,24,17,8,16,13,21,9,14,1,2],[20,24,21,4,16,12,8,17,13,9,14,1,22,2],[16,8,20,24,17,4,12,13,21,9,22,14,18,23,1,2],[16,24,4,8,12,20,17,21,13,9,22,14,1,2],[24,12,8,20,17,4,16,21,13,9,22,14,18,23,1,2],[16,4,12,8,24,20,21,17,13,9,22,14,1,2],[8,4,24,20,17,12,16,13,21,9,14,1,22,2],[20,16,4,24,21,8,12,17,13,9,22,14,18,19,1,2],[24,16,12,4,20,21,8,17,13,9,14,1,2],[12,8,24,20,17,4,16,21,13,9,22,14,1,2],[4,12,24,20,17,16,8,13,21,9,22,14,1,2],[12,20,16,24,17,8,4,13,21,9,14,1,2],[24,20,17,4,16,8,12,13,21,9,14,1,22,2],[8,24,20,21,12,4,16,17,13,9,22,14,1,2],[4,16,20,12,24,21,8,17,13,9,14,1,22,2],[20,12,16,24,17,4,8,21,13,9,22,14,1,2],[20,16,24,21,12,4,8,17,13,9,22,14,18,23,1,2],[20,8,24,17,16,4,12,13,21,9,22,14,18,23,1,2],[12,8,20,16,24,17,4,13,21,9,14,1,22,2],[8,16,20,12,4,24,17,21,13,9,22,14,18,23,1,2],[24,20,17,16,4,8,12,13,21,9,14,1,22,2],[8,16,12,4,20,24,17,13,21,9,22,14,18,23,1,2],[24,16,12,20,17,8,4,21,13,9,14,1,2],[12,24,4,20,17,16,8,21,13,9,14,1,22,2],[8,12,24,16,20,21,4,17,13,9,14,1,2],[24,16,12,4,20,21,8,17,13,9,22,14,18,19,1,2],[8,4,16,24,20,17,12,13,21,9,22,14,1,2],[4,8,12,16,24,20,21,17,13,9,14,1,22,2],[20,16,12,4,24,21,8,17,13,9,14,1,22,2],[4,20,24,21,12,8,16,17,13,9,22,14,18,19,1,2],[12,20,24,21,8,16,4,17,13,9,14,1,22,2],[16,20,12,4,24,21,8,17,13,9,22,14,18,23,1,2],[16,4,20,8,12,24,17,13,21,9,22,14,18,23,1,2],[16,4,8,20,24,21,12,17,13,9,22,14,1,2],[4,20,16,12,24,21,8,17,13,9,14,1,2],[24,8,12,4,16,20,17,21,13,9,14,1,22,2],[24,8,20,21,16,12,4,17,13,9,14,1,22,2],[20,8,12,16,4,24,21,17,13,9,14,1,2],[16,12,8,24,4,20,21,17,13,9,14,1,22,2],[20,12,8,4,24,21,16,17,13,9,22,14,1,2],[8,24,12,16,20,17,4,13,21,9,22,14,18,23,1,2],[16,20,12,24,17,4,8,13,21,9,14,1,2],[4,20,24,17,12,16,8,21,13,9,14,1,22,2],[20,16,12,8,4,24,21,17,13,9,22,14,1,2],[16,20,4,8,12,24,17,13,21,9,22,14,18,19,1,2],[4,16,20,12,24,17,8,21,13,9,22,14,18,19,1,2],[24,12,4,8,16,20,21,17,13,9,22,14,18,19,1,2],[4,16,12,20,24,17,8,13,21,9,14,1,22,2],[20,4,8,12,16,24,17,21,13,9,22,14,18,23,1,2],[4,16,8,20,24,17,12,13,21,9,22,14,1,2],[20,16,4,8,12,24,17,21,13,9,22,14,1,2],[20,12,8,24,17,4,16,21,13,9,22,14,1,2],[16,12,4,24,20,21,8,17,13,9,14,1,2],[8,4,24,20,17,12,16,13,21,9,14,1,22,2],[4,24,8,12,20,17,16,13,21,9,14,1,2],[8,4,24,20,21,16,12,17,13,9,14,1,22,2],[12,4,24,20,21,16,8,17,13,9,22,14,1,2],[24,20,21,8,12,4,16,17,13,9,14,1,2],[20,4,16,12,8,24,17,21,13,9,14,1,22,2],[24,20,21,12,8,4,16,17,13,9,14,1,2],[8,24,20,21,4,16,12,17,13,9,22,14,18,23,1,2],[24,12,20,21,8,16,4,17,13,9,14,1,2],[4,24,8,12,16,20,17,21,13,9,14,1,22,2],[20,4,24,17,16,12,8,21,13,9,22,14,18,23,1,2],[4,16,12,24,8,20,17,21,13,9,14,1,22,2],[20,16,8,24,17,4,12,13,21,9,22,14,1,2],[12,16,8,24,20,21,4,17,13,9,22,14,18,19,1,2],[8,12,16,24,4,20,21,17,13,9,22,14,18,19,1,2],[24,16,20,21,4,8,12,17,13,9,22,14,1,2],[8,12,4,20,16,24,21,17,13,9,14,1,2],[20,8,16,24,21,4,12,17,13,9,14,1,2],[24,4,12,8,16,20,17,21,13,9,22,14,18,19,1,2],[4,24,8,12,16,20,21,17,13,9,14,1,2],[12,8,4,16,24,20,21,17,13,9,14,1,2],[8,20,16,24,17,4,12,21,13,9,14,1,2],[8,20,12,4,16,24,17,21,13,9,22,14,1,2],[8,16,20,4,12,24,21,17,13,9,14,1,2],[12,24,20,17,16,4,8,21,13,9,22,14,18,23,1,2],[24,20,17,4,8,12,16,21,13,9,22,14,18,19,1,2],[24,12,16,8,20,17,4,21,13,9,14,1,22,2],[12,16,4,20,8,24,21,17,13,9,14,1,2],[12,8,4,24,16,20,17,13,21,9,14,1,22,2],[20,12,8,24,21,16,4,17,13,9,14,1,2],[16,12,8,24,4,20,17,21,13,9,22,14,1,2],[20,24,17,8,12,16,4,13,21,9,22,14,18,23,1,2],[8,20,12,16,24,21,4,17,13,9,14,1,22,2],[12,20,8,4,24,21,16,17,13,9,22,14,18,19,1,2],[8,20,16,12,4,24,17,21,13,9,14,1,22,2],[24,16,8,4,20,17,12,13,21,9,14,1,2],[16,8,24,12,20,17,4,21,13,9,14,1,2],[20,8,24,21,16,4,12,17,13,9,22,14,1,2],[12,16,24,4,20,21,8,17,13,9,14,1,2],[8,24,12,4,20,17,16,21,13,9,22,14,18,23,1,2],[12,16,24,4,8,20,21,17,13,9,14,1,22,2],[16,24,12,8,20,21,4,17,13,9,14,1,2],[16,12,8,24,4,20,17,21,13,9,14,1,22,2],[12,20,4,8,24,17,16,21,13,9,14,1,22,2],[12,20,4,16,8,24,17,21,13,9,14,1,22,2],[16,8,4,12,20,24,17,13,21,9,22,14,18,19,1,2],[12,20,24,17,16,8,4,21,13,9,14,1,22,2],[12,4,24,16,8,20,17,13,21,9,22,14,18,19,1,2],[8,12,24,20,17,4,16,13,21,9,22,14,18,19,1,2],[12,16,8,20,4,24,17,13,21,9,14,1,2],[12,4,16,8,20,24,17,13,21,9,22,14,1,2],[24,12,16,20,21,4,8,17,13,9,14,1,2],[20,24,17,4,8,12,16,13,21,9,14,1,2],[12,8,20,4,16,24,21,17,13,9,22,14,18,23,1,2],[8,4,20,16,24,21,12,17,13,9,14,1,2],[4,8,12,20,24,17,16,21,13,9,22,14,18,19,1,2],[16,4,20,24,21,12,8,17,13,9,14,1,22,2],[8,24,20,21,4,16,12,17,13,9,22,14,18,23,1,2],[4,20,12,16,24,21,8,17,13,9,22,14,18,23,1,2],[20,12,4,8,16,24,17,13,21,9,22,14,18,23,1,2],[24,12,16,8,4,20,21,17,13,9,14,1,2],[12,24,4,8,16,20,17,13,21,9,22,14,18,19,1,2],[8,12,4,24,20,21,16,17,13,9,14,1,22,2],[4,24,16,12,8,20,21,17,13,9,22,14,18,19,1,2],[24,4,12,20,21,8,16,17,13,9,14,1,2],[8,24,4,20,17,12,16,21,13,9,14,1,22,2],[16,4,24,12,8,20,21,17,13,9,14,1,22,2],[8,24,4,16,12,20,17,13,21,9,14,1,22,2],[20,24,17,8,16,4,12,21,13,9,22,14,18,23,1,2],[8,24,20,21,12,16,4,17,13,9,22,14,18,19,1,2],[24,4,12,20,21,16,8,17,13,9,14,1,22,2],[4,16,24,20,21,8,12,17,13,9,14,1,2],[24,8,4,20,21,16,12,17,13,9,14,1,22,2],[12,8,24,16,20,17,4,13,21,9,22,14,1,2],[24,20,21,16,4,8,12,17,13,9,22,14,18,19,1,2],[20,16,24,17,12,4,8,21,13,9,22,14,18,23,1,2],[4,24,8,16,12,20,21,17,13,9,22,14,18,19,1,2],[4,16,8,20,12,24,21,17,13,9,14,1,22,2],[24,4,12,16,8,20,17,13,21,9,14,1,22,2],[4,24,8,16,20,21,12,17,13,9,14,1,2],[12,24,20,17,16,8,4,13,21,9,14,1,2],[12,20,8,4,16,24,17,13,21,9,14,1,2],[16,4,24,20,21,12,8,17,13,9,22,14,18,23,1,2],[12,24,16,20,21,8,4,17,13,9,14,1,22,2],[4,24,12,8,20,17,16,21,13,9,14,1,2],[8,24,20,21,4,12,16,17,13,9,14,1,2],[24,8,12,16,4,20,17,13,21,9,14,1,22,2],[16,8,12,4,20,24,17,21,13,9,22,14,18,19,1,2],[24,12,20,21,4,8,16,17,13,9,22,14,1,2],[24,16,4,8,12,20,17,21,13,9,22,14,18,23,1,2],[24,20,21,16,12,8,4,17,13,9,14,1,22,2],[20,16,4,12,8,24,17,21,13,9,14,1,2],[4,8,20,16,24,21,12,17,13,9,22,14,18,19,1,2],[4,16,20,8,24,21,12,17,13,9,22,14,18,23,1,2],[8,4,16,20,12,24,21,17,13,9,22,14,18,19,1,2],[4,8,24,12,16,20,17,21,13,9,14,1,2],[4,24,20,21,16,8,12,17,13,9,14,1,2],[8,16,24,4,12,20,21,17,13,9,14,1,2],[4,12,16,24,20,17,8,21,13,9,14,1,22,2],[4,24,8,16,20,17,12,21,13,9,14,1,2],[4,24,12,8,16,20,17,13,21,9,22,14,1,2],[12,16,8,20,4,24,17,21,13,9,22,14,18,23,1,2],[20,16,4,8,24,21,12,17,13,9,22,14,18,23,1,2],[16,24,20,17,12,4,8,13,21,9,22,14,1,2],[24,20,21,16,4,12,8,17,13,9,14,1,2],[24,20,21,8,16,4,12,17,13,9,14,1,2],[4,12,16,8,20,24,21,17,13,9,22,14,18,19,1,2],[8,4,20,24,17,12,16,13,21,9,22,14,18,23,1,2],[24,16,4,20,21,8,12,17,13,9,14,1,2],[20,4,24,17,8,16,12,13,21,9,14,1,22,2],[16,4,20,24,21,12,8,17,13,9,22,14,1,2],[8,4,20,16,12,24,21,17,13,9,14,1,2],[12,24,8,20,17,16,4,21,13,9,14,1,2],[8,20,16,12,4,24,17,21,13,9,22,14,1,2],[16,24,8,4,12,20,17,13,21,9,14,1,22,2],[24,8,12,20,21,4,16,17,13,9,14,1,22,2],[4,8,16,20,24,21,12,17,13,9,22,14,18,23,1,2],[8,4,12,24,20,21,16,17,13,9,14,1,2],[8,24,4,20,21,12,16,17,13,9,14,1,2],[24,4,12,20,17,8,16,21,13,9,14,1,2],[16,20,8,4,12,24,17,13,21,9,14,1,22,2],[4,24,20,17,12,8,16,13,21,9,14,1,2],[16,8,20,4,24,17,12,21,13,9,14,1,22,2],[16,12,20,8,4,24,21,17,13,9,14,1,22,2],[4,20,16,24,17,12,8,21,13,9,14,1,2],[12,24,8,20,21,4,16,17,13,9,22,14,18,23,1,2],[8,20,4,24,21,12,16,17,13,9,14,1,22,2],[20,24,21,12,4,16,8,17,13,9,14,1,22,2],[8,4,12,16,24,20,17,21,13,9,14,1,2],[4,8,16,20,24,17,12,21,13,9,14,1,2],[12,24,4,8,16,20,21,17,13,9,14,1,22,2],[20,4,12,16,8,24,21,17,13,9,22,14,1,2],[16,20,8,4,24,17,12,13,21,9,14,1,2],[16,24,8,4,20,17,12,13,21,9,22,14,18,23,1,2],[16,24,4,12,8,20,21,17,13,9,14,1,2],[16,4,8,20,12,24,21,17,13,9,14,1,2],[20,24,21,4,16,12,8,17,13,9,14,1,2],[24,16,20,17,8,12,4,21,13,9,14,1,2],[8,16,4,12,20,24,21,17,13,9,22,14,18,19,1,2],[8,20,16,12,24,17,4,21,13,9,14,1,2],[16,4,8,20,24,21,12,17,13,9,22,14,1,2],[12,20,24,17,8,16,4,13,21,9,22,14,1,2],[8,12,16,4,20,24,21,17,13,9,14,1,22,2],[24,4,8,12,20,17,16,13,21,9,22,14,18,19,1,2],[24,4,20,21,8,12,16,17,13,9,22,14,18,23,1,2],[12,24,20,21,8,16,4,17,13,9,14,1,2],[16,4,8,24,20,21,12,17,13,9,14,1,22,2],[16,20,4,12,8,24,17,13,21,9,14,1,2],[8,12,24,16,4,20,17,21,13,9,22,14,18,19,1,2],[4,16,20,12,8,24,21,17,13,9,14,1,22,2],[24,12,20,17,8,16,4,13,21,9,14,1,22,2],[12,20,4,16,24,21,8,17,13,9,22,14,18,19,1,2],[16,20,8,4,12,24,17,13,21,9,14,1,2],[24,4,20,21,8,16,12,17,13,9,14,1,2],[16,8,12,20,24,21,4,17,13,9,14,1,22,2],[12,24,8,4,16,20,21,17,13,9,22,14,18,19,1,2],[16,4,8,24,20,17,12,21,13,9,14,1,2],[12,20,24,21,16,4,8,17,13,9,14,1,2],[16,20,8,4,12,24,17,13,21,9,22,14,18,23,1,2],[16,20,24,17,4,12,8,13,21,9,14,1,2],[12,24,4,16,8,20,21,17,13,9,22,14,18,23,1,2],[12,8,20,24,21,16,4,17,13,9,14,1,22,2],[20,8,16,24,17,4,12,13,21,9,22,14,18,23,1,2],[24,8,20,17,4,12,16,13,21,9,22,14,1,2],[16,24,8,20,21,12,4,17,13,9,14,1,22,2],[12,4,16,24,20,17,8,21,13,9,14,1,2],[12,8,4,16,24,20,21,17,13,9,14,1,22,2],[20,16,12,4,24,17,8,13,21,9,14,1,2],[24,20,17,4,12,16,8,13,21,9,14,1,22,2],[20,8,4,12,24,17,16,21,13,9,14,1,2],[4,16,12,24,20,21,8,17,13,9,14,1,2],[20,12,16,24,17,4,8,13,21,9,22,14,18,19,1,2],[24,20,21,4,8,12,16,17,13,9,14,1,2],[12,16,20,8,4,24,17,21,13,9,14,1,2],[16,12,24,8,4,20,21,17,13,9,22,14,18,23,1,2],[24,16,20,21,12,8,4,17,13,9,22,14,18,23,1,2],[8,4,24,12,16,20,21,17,13,9,22,14,18,19,1,2],[12,24,16,4,8,20,17,21,13,9,22,14,1,2],[16,24,12,20,17,8,4,13,21,9,14,1,22,2],[16,8,24,12,20,17,4,13,21,9,14,1,2],[16,12,20,8,4,24,21,17,13,9,14,1,22,2],[8,20,4,24,17,12,16,21,13,9,22,14,18,23,1,2],[4,12,16,8,24,20,21,17,13,9,14,1,22,2],[20,4,24,17,16,12,8,21,13,9,14,1,2],[20,4,16,8,24,17,12,13,21,9,14,1,2],[12,20,4,8,24,17,16,13,21,9,14,1,22,2],[24,12,8,4,20,17,16,13,21,9,22,14,18,23,1,2],[8,20,24,21,16,4,12,17,13,9,22,14,18,23,1,2],[4,8,20,12,24,17,16,21,13,9,14,1,22,2],[12,24,16,20,17,8,4,13,21,9,22,14,1,2],[16,24,8,12,20,21,4,17,13,9,14,1,22,2],[24,4,12,8,20,17,16,21,13,9,14,1,22,2],[24,8,16,12,20,21,4,17,13,9,22,14,18,23,1,2],[24,16,8,4,20,21,12,17,13,9,22,14,18,19,1,2],[16,20,12,8,24,17,4,21,13,9,14,1,22,2],[16,12,8,20,4,24,17,21,13,9,22,14,18,23,1,2],[8,12,16,20,24,21,4,17,13,9,22,14,1,2],[20,24,21,16,12,8,4,17,13,9,22,14,1,2],[12,16,20,4,8,24,21,17,13,9,14,1,22,2],[20,16,24,17,4,8,12,13,21,9,22,14,18,23,1,2],[8,12,16,20,4,24,21,17,13,9,22,14,1,2],[16,24,12,20,21,4,8,17,13,9,22,14,18,19,1,2],[8,24,12,20,21,4,16,17,13,9,22,14,1,2],[16,8,4,24,12,20,17,13,21,9,14,1,22,2],[12,16,4,20,24,17,8,13,21,9,22,14,1,2],[16,4,24,8,20,17,12,21,13,9,22,14,1,2],[20,12,8,4,16,24,17,21,13,9,14,1,2],[4,12,16,8,20,24,17,21,13,9,22,14,1,2],[12,16,8,24,20,17,4,21,13,9,22,14,18,23,1,2],[16,24,4,20,21,12,8,17,13,9,14,1,2],[24,16,20,17,12,8,4,13,21,9,22,14,18,23,1,2],[4,24,8,20,17,16,12,21,13,9,22,14,1,2],[20,24,17,12,8,16,4,21,13,9,22,14,18,19,1,2],[20,24,17,16,12,8,4,13,21,9,14,1,2],[4,16,8,24,12,20,21,17,13,9,14,1,22,2],[16,8,20,12,24,21,4,17,13,9,22,14,18,23,1,2],[24,8,20,21,4,16,12,17,13,9,22,14,18,23,1,2],[24,12,20,17,16,8,4,21,13,9,14,1,22,2],[12,20,24,21,16,4,8,17,13,9,14,1,22,2],[4,12,8,24,20,21,16,17,13,9,22,14,1,2],[24,16,20,21,8,12,4,17,13,9,14,1,22,2],[24,20,17,8,12,4,16,13,21,9,22,14,18,23,1,2],[4,24,16,20,21,8,12,17,13,9,22,14,1,2],[4,16,24,12,20,17,8,21,13,9,22,14,18,19,1,2],[24,12,8,16,4,20,17,21,13,9,14,1,22,2],[4,20,12,16,24,17,8,13,21,9,22,14,18,23,1,2],[24,12,16,4,20,17,8,13,21,9,14,1,2],[12,8,16,20,4,24,17,13,21,9,22,14,18,19,1,2],[4,24,20,17,8,12,16,13,21,9,22,14,18,19,1,2],[16,24,20,17,8,12,4,21,13,9,22,14,1,2],[20,8,12,4,24,21,16,17,13,9,14,1,2],[16,24,20,17,12,8,4,13,21,9,14,1,2],[16,12,20,4,8,24,21,17,13,9,22,14,18,23,1,2],[12,8,24,4,16,20,17,21,13,9,14,1,22,2],[16,4,8,24,20,21,12,17,13,9,14,1,22,2],[8,24,12,20,17,16,4,21,13,9,14,1,22,2],[4,12,24,8,16,20,21,17,13,9,14,1,2],[16,4,8,24,20,17,12,21,13,9,14,1,22,2],[12,24,16,4,8,20,17,21,13,9,14,1,2],[20,12,24,17,4,16,8,21,13,9,14,1,22,2],[12,16,8,4,20,24,21,17,13,9,14,1,2],[12,20,4,24,21,8,16,17,13,9,22,14,18,19,1,2],[16,8,12,24,4,20,21,17,13,9,14,1,22,2],[20,24,21,4,16,8,12,17,13,9,14,1,2],[8,24,12,16,20,17,4,13,21,9,14,1,22,2],[16,8,4,24,12,20,21,17,13,9,14,1,22,2],[16,20,12,8,24,21,4,17,13,9,14,1,2],[16,24,20,21,12,4,8,17,13,9,22,14,1,2],[4,20,8,24,17,12,16,21,13,9,22,14,1,2],[24,4,8,12,16,20,21,17,13,9,14,1,22,2],[24,20,21,16,4,8,12,17,13,9,14,1,22,2],[4,24,16,20,21,8,12,17,13,9,14,1,2],[8,16,12,4,24,20,17,13,21,9,14,1,22,2],[24,16,12,20,21,4,8,17,13,9,14,1,2],[12,8,24,20,17,4,16,21,13,9,14,1,22,2],[12,24,20,17,4,16,8,13,21,9,22,14,18,19,1,2],[16,8,20,24,17,4,12,21,13,9,22,14,1,2],[24,4,20,17,16,8,12,21,13,9,22,14,18,19,1,2],[20,24,17,12,4,8,16,13,21,9,14,1,2],[24,4,8,12,20,17,16,21,13,9,22,14,1,2],[8,24,20,21,12,4,16,17,13,9,22,14,18,19,1,2],[8,16,20,4,24,17,12,13,21,9,14,1,2],[8,24,12,16,4,20,21,17,13,9,14,1,22,2],[12,20,24,17,16,4,8,13,21,9,22,14,1,2],[20,8,24,17,12,4,16,13,21,9,22,14,18,19,1,2],[12,8,20,4,24,21,16,17,13,9,22,14,18,23,1,2],[20,12,16,8,4,24,21,17,13,9,14,1,22,2],[8,16,12,24,20,21,4,17,13,9,14,1,2],[8,4,16,12,20,24,17,21,13,9,22,14,1,2],[16,12,20,4,24,17,8,13,21,9,22,14,18,23,1,2],[4,20,12,16,8,24,17,13,21,9,22,14,1,2],[24,4,12,8,16,20,21,17,13,9,22,14,18,23,1,2],[20,8,24,21,16,12,4,17,13,9,14,1,2],[12,8,24,20,21,4,16,17,13,9,22,14,1,2],[24,4,8,12,16,20,17,13,21,9,22,14,1,2],[8,4,12,20,16,24,21,17,13,9,14,1,22,2],[20,12,8,24,21,4,16,17,13,9,22,14,18,23,1,2],[8,12,16,4,20,24,21,17,13,9,14,1,2],[4,12,16,8,24,20,21,17,13,9,22,14,1,2],[4,20,16,8,12,24,17,13,21,9,14,1,22,2],[24,16,12,8,20,17,4,13,21,9,22,14,18,23,1,2],[8,20,4,24,21,16,12,17,13,9,22,14,1,2],[4,16,20,12,24,17,8,13,21,9,14,1,2],[8,12,20,4,24,21,16,17,13,9,14,1,2],[16,8,24,20,21,12,4,17,13,9,22,14,1,2],[8,16,24,4,20,21,12,17,13,9,22,14,1,2],[24,20,21,4,16,12,8,17,13,9,22,14,18,19,1,2],[8,4,12,16,20,24,17,13,21,9,22,14,18,23,1,2],[12,16,24,8,4,20,21,17,13,9,22,14,18,19,1,2],[4,12,20,24,21,8,16,17,13,9,22,14,18,23,1,2],[12,24,8,20,21,16,4,17,13,9,14,1,22,2],[4,16,12,8,20,24,17,21,13,9,22,14,18,23,1,2],[12,24,20,21,8,4,16,17,13,9,22,14,1,2],[4,8,20,16,12,24,17,13,21,9,14,1,2],[20,12,16,24,21,8,4,17,13,9,14,1,22,2],[16,8,4,24,12,20,21,17,13,9,22,14,18,19,1,2],[12,20,16,4,8,24,21,17,13,9,22,14,18,19,1,2],[24,12,20,17,16,4,8,21,13,9,14,1,2],[20,4,16,8,24,21,12,17,13,9,14,1,2],[8,16,4,20,12,24,17,13,21,9,22,14,18,19,1,2],[24,16,8,20,21,12,4,17,13,9,22,14,18,19,1,2],[20,8,24,21,4,12,16,17,13,9,14,1,22,2],[12,20,4,8,16,24,17,21,13,9,22,14,18,19,1,2],[20,12,16,8,4,24,21,17,13,9,22,14,18,23,1,2],[8,4,20,16,24,17,12,13,21,9,14,1,2],[20,24,21,4,12,16,8,17,13,9,14,1,2],[12,8,20,4,16,24,21,17,13,9,14,1,22,2],[4,8,24,16,20,17,12,21,13,9,14,1,22,2],[8,20,16,12,4,24,21,17,13,9,14,1,2],[16,20,8,24,21,4,12,17,13,9,14,1,2],[12,24,16,4,20,21,8,17,13,9,14,1,2],[24,20,17,12,4,8,16,13,21,9,22,14,18,23,1,2],[20,8,24,21,12,16,4,17,13,9,22,14,18,19,1,2],[16,4,12,24,20,21,8,17,13,9,22,14,18,19,1,2],[16,12,8,24,4,20,17,21,13,9,22,14,1,2],[20,4,12,24,17,8,16,13,21,9,14,1,22,2],[24,20,17,4,8,12,16,21,13,9,22,14,18,23,1,2],[4,8,20,16,12,24,17,21,13,9,22,14,18,19,1,2],[16,4,24,8,12,20,21,17,13,9,22,14,18,19,1,2],[20,8,24,17,4,16,12,13,21,9,22,14,1,2],[16,24,4,12,20,17,8,13,21,9,14,1,2],[20,16,24,21,4,12,8,17,13,9,14,1,22,2],[20,8,16,24,21,4,12,17,13,9,22,14,1,2],[8,16,12,20,24,17,4,13,21,9,22,14,18,23,1,2],[20,16,4,24,17,12,8,21,13,9,22,14,18,19,1,2],[24,16,4,12,8,20,17,21,13,9,22,14,18,19,1,2],[16,24,4,20,21,8,12,17,13,9,14,1,22,2],[20,4,16,12,24,21,8,17,13,9,14,1,2],[4,24,8,16,12,20,21,17,13,9,22,14,18,23,1,2],[8,24,20,21,4,12,16,17,13,9,14,1,2],[12,8,20,24,17,16,4,21,13,9,14,1,22,2],[4,20,12,8,24,21,16,17,13,9,22,14,18,19,1,2],[24,20,17,12,4,16,8,21,13,9,14,1,2],[24,16,12,8,20,17,4,13,21,9,14,1,22,2],[12,24,4,16,20,17,8,13,21,9,22,14,1,2],[24,4,20,17,16,8,12,21,13,9,22,14,1,2],[8,16,20,24,17,12,4,13,21,9,14,1,22,2],[8,24,16,4,20,21,12,17,13,9,22,14,18,19,1,2],[8,12,4,24,16,20,21,17,13,9,14,1,22,2],[24,4,20,21,8,12,16,17,13,9,22,14,1,2],[24,8,4,12,16,20,21,17,13,9,14,1,2],[20,16,24,17,4,8,12,21,13,9,22,14,1,2],[4,8,16,12,20,24,17,21,13,9,22,14,1,2],[16,12,8,4,20,24,17,21,13,9,14,1,22,2],[8,20,4,16,12,24,17,13,21,9,22,14,18,19,1,2],[24,12,8,20,17,16,4,21,13,9,22,14,18,23,1,2],[24,16,8,12,20,17,4,21,13,9,22,14,18,19,1,2],[24,20,17,12,16,8,4,13,21,9,14,1,2],[24,8,16,4,20,21,12,17,13,9,14,1,2],[16,20,4,24,21,12,8,17,13,9,14,1,22,2],[20,4,16,8,24,17,12,13,21,9,22,14,18,19,1,2],[12,16,8,4,24,20,21,17,13,9,22,14,18,19,1,2],[8,24,12,16,20,21,4,17,13,9,22,14,1,2],[8,24,16,12,4,20,17,21,13,9,22,14,1,2],[8,4,24,16,20,17,12,21,13,9,22,14,18,19,1,2],[24,12,4,16,20,21,8,17,13,9,22,14,18,19,1,2],[12,8,24,4,20,21,16,17,13,9,22,14,18,23,1,2],[4,16,12,24,8,20,17,21,13,9,14,1,2],[12,20,24,17,8,16,4,13,21,9,22,14,18,23,1,2],[16,4,8,20,24,21,12,17,13,9,22,14,1,2],[12,16,20,8,24,21,4,17,13,9,22,14,18,19,1,2],[8,4,16,12,20,24,21,17,13,9,22,14,18,19,1,2],[8,24,12,16,20,17,4,13,21,9,14,1,22,2],[20,4,16,8,24,21,12,17,13,9,22,14,18,23,1,2],[16,24,12,20,17,8,4,21,13,9,14,1,2],[4,24,8,16,20,17,12,13,21,9,14,1,2],[8,24,16,12,4,20,17,21,13,9,14,1,22,2],[24,4,12,16,8,20,21,17,13,9,14,1,2],[12,16,8,4,20,24,17,21,13,9,14,1,22,2],[12,8,4,24,16,20,17,13,21,9,14,1,22,2],[4,16,8,24,12,20,21,17,13,9,22,14,1,2],[4,12,24,16,8,20,17,13,21,9,22,14,1,2],[12,8,20,16,24,17,4,13,21,9,14,1,2],[16,12,24,8,4,20,21,17,13,9,14,1,22,2],[12,16,20,8,24,21,4,17,13,9,22,14,18,19,1,2],[20,16,4,8,24,17,12,13,21,9,22,14,18,23,1,2],[12,20,16,4,24,21,8,17,13,9,14,1,2],[20,16,4,24,17,8,12,21,13,9,14,1,22,2],[20,4,24,21,8,16,12,17,13,9,14,1,22,2],[4,12,24,16,20,21,8,17,13,9,14,1,22,2],[20,8,24,21,4,12,16,17,13,9,14,1,22,2],[8,24,12,4,20,21,16,17,13,9,22,14,18,19,1,2],[12,4,8,16,24,20,17,21,13,9,22,14,1,2],[12,20,16,8,4,24,21,17,13,9,14,1,2],[8,20,4,12,16,24,21,17,13,9,22,14,1,2],[16,8,4,12,24,20,17,21,13,9,14,1,22,2],[12,8,16,4,20,24,21,17,13,9,22,14,1,2],[24,16,8,4,20,21,12,17,13,9,22,14,1,2],[20,12,16,24,21,8,4,17,13,9,22,14,18,23,1,2],[8,20,4,16,12,24,21,17,13,9,14,1,22,2],[12,8,20,16,4,24,17,21,13,9,22,14,18,23,1,2],[20,16,12,8,4,24,17,13,21,9,22,14,1,2],[24,20,21,4,16,12,8,17,13,9,14,1,22,2],[8,16,4,12,24,20,17,13,21,9,14,1,2],[24,4,8,20,17,16,12,13,21,9,22,14,18,23,1,2],[20,16,24,21,4,8,12,17,13,9,22,14,1,2],[24,8,4,16,12,20,21,17,13,9,14,1,22,2],[20,4,16,12,8,24,17,21,13,9,14,1,22,2],[20,12,16,24,21,8,4,17,13,9,14,1,22,2],[4,20,12,8,24,17,16,21,13,9,22,14,1,2],[24,20,21,8,12,16,4,17,13,9,22,14,1,2],[16,12,20,4,8,24,17,21,13,9,22,14,1,2],[24,16,4,8,12,20,21,17,13,9,22,14,18,23,1,2],[24,20,17,12,4,8,16,21,13,9,14,1,2],[16,8,12,4,24,20,17,21,13,9,22,14,1,2],[20,24,17,8,4,16,12,13,21,9,22,14,18,23,1,2],[24,16,8,20,17,12,4,13,21,9,14,1,2],[4,12,20,16,24,21,8,17,13,9,22,14,18,19,1,2],[16,24,20,17,4,12,8,21,13,9,14,1,2],[4,12,20,24,17,16,8,13,21,9,22,14,1,2],[16,12,24,8,20,17,4,21,13,9,22,14,18,23,1,2],[4,16,20,8,12,24,21,17,13,9,22,14,18,23,1,2],[16,4,20,8,24,17,12,13,21,9,22,14,1,2],[4,8,20,16,12,24,17,13,21,9,14,1,22,2],[12,8,24,4,20,17,16,21,13,9,14,1,22,2],[4,16,12,20,24,21,8,17,13,9,14,1,2],[8,20,4,12,24,17,16,13,21,9,14,1,2],[20,12,24,17,8,4,16,13,21,9,22,14,18,19,1,2],[24,20,17,12,8,4,16,21,13,9,14,1,2],[12,20,16,24,21,4,8,17,13,9,14,1,22,2],[24,16,8,12,20,21,4,17,13,9,14,1,22,2],[20,16,8,24,17,12,4,13,21,9,22,14,18,23,1,2],[4,8,20,12,16,24,17,21,13,9,14,1,2],[24,8,4,16,12,20,17,13,21,9,22,14,18,23,1,2],[24,12,20,17,16,4,8,21,13,9,14,1,22,2],[8,16,20,24,21,4,12,17,13,9,14,1,22,2],[16,20,8,12,4,24,21,17,13,9,14,1,2],[24,4,12,8,16,20,17,13,21,9,22,14,18,19,1,2],[16,4,12,24,20,17