{"problem_id":"kjc8xkgFf3Muh2h","sigma":75,"alpha":1.000,"cost":1,"probabilities":"[0.07, 0.52, 0.4, 0.01]","payoff_matrix":"[[-3, 59, 116, 135, -28, 0], [-241, -62, -3, 15, 21, -189], [-44, 0, 104, -102, 57, 73], [27, -106, 55, 0, -67, -51]]","uncovered":[[14,6,22,2,10,18,19],[10,14,22,6,18,2,15,11],[10,22,14,18,6,2,19],[6,2,10,14,22,18,15,11],[14,2,18,10,22,6,19],[2,14,18,22,10,6,19],[2,18,10,6,14,22,19],[22,14,10,6,2,18,19],[14,22,18,6,10,2,15,11],[22,14,2,10,6,18,15,19],[2,14,18,22,6,10,15,19],[18,2,10,22,14,6,19],[14,2,22,6,10,18,19],[10,6,14,2,22,18,15,11],[22,6,2,10,18,14,15,19],[18,22,14,2,6,10,15,19],[18,2,10,14,6,22,15,11],[18,10,2,22,6,14,15,19],[6,10,18,22,14,2,19],[10,6,18,22,14,2,15,19],[22,14,2,6,10,18,15,19],[22,6,18,10,14,2,19],[18,22,2,14,6,10,15,19],[22,2,14,6,10,18,15,11],[2,18,14,22,6,10,19],[22,18,2,6,10,14,15,11],[6,22,18,2,14,10,19],[6,10,2,14,18,22,15,11],[22,18,10,14,6,2,19],[6,22,2,10,14,18,19],[10,22,18,6,2,14,19],[6,18,10,22,14,2,19],[18,22,10,2,6,14,19],[6,18,10,2,22,14,19],[10,6,2,18,14,22,15,11],[22,10,2,18,14,6,15,11],[2,10,6,18,22,14,19],[22,14,10,6,18,2,19],[18,22,2,6,14,10,15,11],[2,14,6,22,10,18,19],[22,2,14,18,10,6,19],[10,14,22,18,2,6,15,11],[22,10,14,2,6,18,19],[22,18,14,6,10,2,19],[22,2,14,10,18,6,15,19],[18,10,6,14,22,2,15,19],[18,2,10,14,22,6,19],[22,14,2,10,18,6,15,11],[6,18,22,2,14,10,15,11],[14,22,6,10,18,2,19],[14,22,18,2,6,10,19],[2,22,6,18,10,14,19],[10,18,2,6,22,14,15,19],[10,22,6,14,2,18,19],[10,14,22,18,2,6,19],[22,14,2,10,18,6,19],[6,10,22,2,14,18,19],[22,6,10,14,18,2,15,11],[6,22,18,14,2,10,19],[22,18,2,10,14,6,19],[14,22,18,6,10,2,19],[6,22,14,10,18,2,19],[10,14,6,2,18,22,15,19],[18,6,10,14,2,22,15,11],[22,10,18,14,2,6,19],[2,10,6,14,22,18,19],[10,22,14,2,18,6,15,11],[10,18,14,22,2,6,19],[6,18,14,10,2,22,15,19],[10,22,2,14,6,18,15,19],[10,6,22,14,2,18,19],[18,6,2,22,14,10,19],[22,14,18,2,6,10,15,11],[2,22,10,18,14,6,15,11],[2,14,18,22,6,10,15,11],[18,6,2,10,14,22,19],[22,6,10,18,2,14,15,19],[10,18,22,6,2,14,15,11],[22,10,6,2,14,18,15,11],[18,2,22,6,10,14,19],[18,10,22,2,6,14,15,11],[6,10,14,22,2,18,15,11],[6,10,2,18,14,22,19],[18,6,2,10,22,14,15,19],[6,18,22,2,10,14,15,11],[10,18,22,6,14,2,19],[2,6,22,10,14,18,15,11],[22,2,10,14,6,18,15,19],[6,22,18,14,2,10,19],[10,6,22,2,14,18,15,11],[18,14,6,2,10,22,15,19],[22,18,14,6,10,2,15,19],[6,2,22,10,14,18,19],[22,2,10,14,18,6,19],[6,10,2,22,18,14,15,11],[2,10,14,22,6,18,15,11],[14,22,6,18,10,2,19],[6,22,14,2,18,10,19],[10,6,18,22,14,2,19],[18,14,6,22,10,2,15,19],[6,18,22,14,2,10,15,11],[6,22,2,10,18,14,15,11],[22,18,14,2,6,10,15,19],[22,2,14,10,18,6,15,11],[18,6,10,2,14,22,15,19],[18,6,2,14,22,10,19],[14,2,22,10,6,18,15,11],[2,10,6,18,22,14,19],[22,18,14,2,6,10,15,19],[18,10,6,22,2,14,15,19],[14,6,18,10,22,2,15,19],[14,22,6,2,10,18,15,19],[2,6,14,18,22,10,19],[10,14,2,18,6,22,19],[14,10,22,6,18,2,19],[22,10,2,14,6,18,15,11],[10,14,6,2,18,22,15,11],[10,18,2,6,14,22,19],[10,14,18,22,2,6,19],[10,22,18,6,14,2,15,19],[2,22,6,10,14,18,15,11],[6,14,22,2,10,18,15,11],[10,14,6,2,22,18,15,11],[18,2,14,22,10,6,19],[2,6,14,22,10,18,15,11],[18,10,2,22,14,6,19],[14,2,22,18,10,6,15,19],[10,6,18,2,14,22,15,19],[6,22,2,18,14,10,15,19],[14,18,6,2,22,10,15,11],[6,14,2,22,10,18,15,19],[14,22,6,10,18,2,15,19],[18,10,2,22,14,6,15,11],[10,2,18,22,6,14,19],[10,14,18,6,2,22,15,11],[2,22,6,18,10,14,19],[6,14,18,10,22,2,15,11],[10,14,6,22,2,18,15,11],[2,22,6,10,18,14,15,19],[14,22,6,10,2,18,19],[22,18,6,14,2,10,15,11],[18,6,2,22,10,14,15,19],[14,10,18,2,6,22,19],[10,2,6,18,22,14,19],[2,18,22,6,10,14,19],[22,10,6,2,18,14,19],[2,14,10,6,18,22,19],[6,22,2,18,10,14,15,19],[6,18,22,2,10,14,15,11],[22,10,2,6,18,14,19],[6,22,2,10,18,14,15,11],[18,6,2,14,10,22,19],[10,22,14,6,18,2,15,19],[14,10,22,6,2,18,19],[22,14,18,10,6,2,15,11],[6,18,14,2,22,10,19],[18,10,22,14,2,6,19],[14,18,22,6,10,2,19],[2,14,6,22,18,10,15,11],[22,18,2,10,6,14,15,11],[2,10,6,14,22,18,19],[10,2,6,14,18,22,15,11],[18,14,22,10,6,2,15,11],[10,22,18,14,6,2,15,19],[2,22,14,6,10,18,19],[10,14,22,2,18,6,19],[18,10,14,2,22,6,19],[22,14,6,18,2,10,15,19],[10,14,22,18,6,2,19],[14,10,22,2,6,18,19],[6,22,18,14,2,10,15,11],[14,2,18,22,6,10,15,19],[18,6,22,2,10,14,19],[10,2,22,14,6,18,15,11],[22,18,10,2,14,6,19],[22,10,18,6,14,2,19],[14,22,18,2,10,6,19],[2,6,22,14,10,18,15,19],[18,2,14,10,6,22,19],[6,18,10,22,2,14,15,19],[10,14,18,22,2,6,15,19],[6,2,14,22,18,10,15,19],[18,6,22,14,2,10,15,19],[14,10,6,2,18,22,15,19],[22,2,14,6,10,18,15,19],[6,10,22,2,18,14,15,11],[2,18,14,22,10,6,19],[14,2,18,6,10,22,15,19],[2,6,14,18,22,10,15,11],[18,10,6,14,22,2,15,11],[18,10,2,6,14,22,15,11],[2,6,10,22,14,18,19],[10,6,18,22,2,14,19],[6,2,10,14,22,18,19],[10,6,18,22,14,2,19],[10,2,6,14,22,18,15,19],[22,6,10,2,14,18,15,11],[2,6,10,14,18,22,15,19],[6,10,18,2,22,14,15,19],[22,6,14,18,10,2,15,11],[14,2,6,22,10,18,15,11],[14,6,2,18,22,10,15,11],[2,18,22,14,6,10,15,19],[14,18,22,2,10,6,19],[22,10,2,14,6,18,15,11],[14,10,2,18,6,22,15,19],[18,10,14,6,22,2,15,19],[18,6,22,10,14,2,19],[10,6,18,14,2,22,15,11],[10,22,18,14,2,6,15,19],[6,2,14,10,22,18,15,11],[18,22,14,2,6,10,19],[14,10,2,22,18,6,19],[14,10,2,18,6,22,19],[2,10,22,6,18,14,19],[14,18,22,6,2,10,19],[2,10,14,18,6,22,15,19],[14,18,10,2,6,22,15,19],[2,22,14,18,6,10,15,11],[14,18,2,10,6,22,15,11],[2,10,14,18,22,6,15,11],[6,18,2,14,10,22,19],[22,18,14,10,2,6,15,19],[22,10,18,2,6,14,19],[6,10,22,14,2,18,19],[2,18,14,22,6,10,19],[22,2,10,6,18,14,19],[6,22,2,10,14,18,19],[18,10,2,22,14,6,15,19],[22,18,14,2,6,10,15,11],[22,6,10,14,2,18,19],[6,14,2,22,10,18,15,19],[2,10,22,14,6,18,19],[22,10,2,18,14,6,19],[10,14,2,22,6,18,15,19],[14,6,2,22,18,10,15,19],[22,14,6,18,10,2,19],[22,2,14,18,10,6,15,19],[18,22,14,6,2,10,15,11],[18,6,14,10,2,22,19],[14,2,10,18,6,22,19],[18,6,2,22,10,14,19],[10,2,22,14,18,6,19],[6,22,18,14,10,2,19],[10,18,2,6,22,14,15,11],[10,6,22,2,14,18,15,19],[14,6,18,2,10,22,19],[22,6,14,10,18,2,19],[6,22,18,14,10,2,19],[6,14,2,18,22,10,15,19],[10,2,22,6,14,18,15,11],[6,2,10,18,14,22,19],[10,18,2,6,14,22,19],[6,18,2,10,22,14,15,11],[6,10,2,22,18,14,15,19],[2,10,22,6,18,14,15,11],[2,14,10,18,6,22,19],[18,14,6,10,2,22,19],[18,10,22,6,2,14,19],[2,18,22,10,6,14,19],[22,18,2,10,6,14,19],[14,2,10,6,22,18,19],[6,10,18,2,22,14,19],[6,18,22,10,2,14,15,19],[10,18,2,22,6,14,15,11],[2,22,14,10,18,6,15,19],[18,14,2,22,6,10,19],[10,22,2,14,18,6,15,11],[22,14,6,18,10,2,15,11],[6,18,10,14,2,22,19],[6,10,14,18,22,2,19],[14,18,6,22,10,2,19],[22,6,2,14,10,18,15,19],[14,2,22,6,10,18,19],[18,10,14,2,6,22,15,19],[2,6,10,18,14,22,19],[2,6,22,14,10,18,15,19],[10,2,22,6,14,18,15,19],[18,6,2,22,10,14,15,11],[10,14,6,22,2,18,15,11],[6,2,18,14,10,22,19],[10,2,14,6,18,22,15,19],[22,14,2,10,6,18,19],[2,14,22,18,6,10,19],[6,10,22,18,14,2,19],[18,2,6,14,10,22,15,19],[22,6,18,14,10,2,19],[10,6,18,22,2,14,19],[2,18,6,14,22,10,15,19],[22,2,6,18,14,10,19],[6,10,14,18,22,2,19],[10,2,18,22,6,14,15,19],[2,18,14,10,6,22,19],[10,22,14,6,18,2,15,19],[18,6,10,14,2,22,15,19],[14,22,10,2,6,18,19],[6,14,2,10,22,18,19],[14,18,2,6,10,22,19],[18,14,2,6,10,22,19],[18,2,22,6,14,10,19],[6,22,2,14,10,18,15,19],[18,10,14,2,6,22,15,11],[18,6,22,10,2,14,15,11],[2,10,14,6,18,22,15,19],[18,6,10,2,14,22,19],[6,2,22,18,10,14,15,19],[10,2,6,22,14,18,15,11],[6,10,22,18,2,14,15,19],[2,14,18,10,6,22,19],[10,2,18,14,6,22,15,19],[18,22,6,14,2,10,15,19],[14,6,2,22,18,10,15,11],[2,6,14,10,18,22,19],[14,22,6,18,2,10,19],[6,10,14,18,2,22,19],[10,18,2,22,14,6,19],[14,10,22,2,18,6,15,19],[10,18,2,22,6,14,15,11],[14,2,22,18,10,6,19],[2,10,18,6,14,22,15,11],[6,18,22,10,2,14,19],[18,10,14,22,2,6,15,11],[22,14,10,18,2,6,15,19],[10,22,6,2,18,14,19],[22,10,2,18,14,6,19],[6,14,18,10,22,2,15,11],[14,6,22,2,18,10,19],[22,18,10,6,14,2,19],[22,6,18,2,14,10,15,19],[18,2,6,14,10,22,15,11],[10,22,2,14,6,18,19],[6,14,10,22,18,2,19],[10,14,6,2,18,22,15,11],[18,2,14,6,22,10,19],[18,14,2,10,6,22,19],[10,14,6,22,2,18,19],[6,18,2,10,22,14,15,11],[18,14,6,2,22,10,15,19],[18,22,6,14,10,2,15,19],[14,10,22,2,6,18,15,19],[10,14,18,6,22,2,15,19],[14,22,10,6,18,2,15,19],[22,10,18,14,6,2,15,19],[14,2,22,18,10,6,15,19],[22,2,14,6,10,18,15,11],[18,22,6,10,14,2,19],[14,18,10,2,6,22,15,11],[10,2,14,22,6,18,19],[18,22,14,6,2,10,19],[2,6,14,22,18,10,15,19],[18,6,14,10,2,22,15,19],[10,2,18,22,6,14,15,19],[14,18,6,22,2,10,19],[10,2,22,6,14,18,19],[14,10,18,22,2,6,19],[14,2,6,22,10,18,15,19],[6,14,2,18,22,10,15,11],[2,18,14,6,22,10,15,11],[2,18,22,6,10,14,15,11],[18,10,2,6,22,14,19],[14,6,18,2,22,10,15,11],[14,18,2,6,10,22,19],[22,18,6,14,10,2,19],[22,10,14,18,2,6,19],[2,14,18,22,10,6,19],[2,14,18,10,22,6,15,11],[14,22,18,10,6,2,15,19],[14,2,22,6,10,18,15,11],[10,18,14,22,2,6,15,19],[6,2,14,18,10,22,19],[18,22,6,10,14,2,19],[18,6,14,10,2,22,19],[2,6,18,10,14,22,15,11],[6,14,10,2,18,22,19],[18,22,6,10,14,2,19],[10,2,6,14,18,22,15,11],[2,22,18,14,6,10,15,19],[10,14,22,6,18,2,15,11],[6,2,18,10,22,14,15,11],[6,18,14,2,10,22,19],[6,14,18,2,22,10,19],[18,2,14,10,22,6,19],[22,14,10,6,2,18,15,11],[22,6,10,14,18,2,19],[14,18,10,6,22,2,15,11],[6,10,2,14,22,18,19],[10,18,14,2,22,6,15,19],[2,14,10,6,18,22,15,11],[14,6,18,2,22,10,15,11],[18,10,2,22,14,6,15,11],[2,22,18,6,10,14,19],[18,14,22,10,6,2,15,11],[18,10,14,6,22,2,15,11],[18,14,10,22,6,2,19],[14,22,6,2,10,18,15,11],[10,22,2,14,18,6,19],[18,10,14,2,22,6,15,19],[14,10,2,18,6,22,19],[2,18,10,14,22,6,19],[14,22,2,18,10,6,19],[22,6,10,2,14,18,19],[10,2,6,22,18,14,19],[18,6,2,14,10,22,15,11],[6,22,10,2,14,18,15,11],[22,18,14,2,10,6,19],[6,10,14,18,2,22,19],[2,18,6,10,22,14,15,19],[6,2,14,18,22,10,19],[10,2,6,22,14,18,15,19],[22,2,18,6,10,14,15,11],[18,22,6,14,10,2,19],[18,6,14,2,10,22,15,19],[6,22,2,18,14,10,15,19],[18,10,22,2,6,14,19],[6,10,14,2,22,18,15,11],[6,22,2,10,14,18,15,11],[2,14,18,6,22,10,19],[2,18,6,14,22,10,19],[6,2,14,10,22,18,19],[10,14,6,18,22,2,15,19],[10,6,18,14,2,22,19],[22,6,14,18,10,2,15,19],[10,18,6,14,22,2,15,19],[2,22,14,6,18,10,19],[10,22,14,6,18,2,15,19],[2,14,22,18,6,10,15,11],[2,14,18,6,22,10,19],[18,10,2,14,22,6,19],[14,6,10,18,2,22,19],[22,6,14,2,18,10,19],[6,22,18,14,2,10,19],[2,10,18,6,14,22,15,11],[18,22,10,14,6,2,15,19],[10,14,22,2,18,6,19],[14,6,22,2,10,18,19],[14,18,22,10,6,2,19],[22,18,14,6,2,10,19],[10,18,14,22,6,2,19],[6,18,2,14,10,22,19],[2,18,22,10,6,14,15,11],[6,22,10,14,2,18,19],[10,14,18,22,2,6,15,11],[14,18,2,10,6,22,15,19],[18,10,2,14,6,22,19],[6,10,22,18,14,2,19],[22,2,10,18,14,6,19],[10,2,14,22,6,18,15,19],[14,10,2,6,18,22,15,11],[2,6,18,10,14,22,15,11],[18,10,6,14,2,22,19],[22,18,14,2,6,10,15,19],[6,2,22,14,10,18,15,11],[18,6,2,22,10,14,15,11],[14,6,10,2,22,18,19],[10,14,6,22,18,2,15,19],[2,14,22,6,10,18,19],[14,6,10,22,2,18,15,11],[10,2,18,6,22,14,19],[22,2,6,14,10,18,15,11],[10,14,6,22,2,18,15,19],[10,14,22,18,6,2,15,11],[6,18,22,14,2,10,19],[18,10,14,6,22,2,19],[2,6,10,22,14,18,15,11],[2,18,6,22,14,10,19],[10,6,14,22,2,18,15,11],[18,2,14,10,6,22,15,19],[14,2,10,18,6,22,15,11],[18,2,14,10,6,22,15,19],[22,14,6,2,10,18,15,11],[14,6,22,18,2,10,19],[10,2,14,6,22,18,19],[10,6,22,18,14,2,15,11],[10,14,22,2,18,6,19],[2,18,14,22,6,10,15,19],[14,22,10,6,2,18,15,19],[6,18,2,14,10,22,19],[18,14,22,2,10,6,19],[22,18,10,6,14,2,19],[2,14,10,18,22,6,19],[2,22,10,18,6,14,15,11],[10,22,18,14,6,2,19],[2,14,22,6,10,18,15,11],[2,22,18,10,6,14,19],[22,10,2,18,6,14,19],[14,10,18,2,6,22,19],[22,18,14,2,6,10,15,19],[14,18,22,2,10,6,15,19],[22,10,2,6,18,14,15,19],[2,6,14,10,22,18,19],[22,2,18,14,6,10,15,11],[22,2,6,18,10,14,19],[22,14,6,2,18,10,19],[2,14,10,18,6,22,15,11],[10,6,14,2,22,18,15,11],[6,18,2,10,14,22,19],[2,22,18,14,10,6,19],[6,14,18,2,10,22,15,11],[10,6,14,18,22,2,15,19],[18,6,2,10,22,14,15,11],[10,6,2,14,22,18,15,11],[14,2,18,22,10,6,19],[14,2,18,10,6,22,15,11],[14,6,10,2,22,18,19],[14,22,2,6,18,10,15,11],[10,22,18,14,2,6,19],[14,18,22,6,10,2,19],[22,14,2,10,18,6,19],[14,10,6,18,2,22,15,11],[22,6,14,18,10,2,19],[22,14,6,10,2,18,15,11],[2,22,10,14,6,18,15,11],[6,22,10,14,2,18,19],[14,2,6,18,10,22,19],[22,2,10,18,6,14,19],[18,22,14,2,10,6,15,19],[18,2,14,10,22,6,15,19],[14,18,2,6,22,10,15,19],[10,18,2,22,6,14,15,11],[10,18,14,6,22,2,19],[10,2,18,14,6,22,15,11],[14,22,6,10,2,18,19],[22,10,2,18,6,14,19],[14,2,6,22,18,10,15,11],[2,10,14,6,22,18,15,19],[18,10,14,6,2,22,15,19],[2,6,18,10,22,14,19],[18,22,6,2,10,14,19],[6,10,18,22,14,2,15,11],[22,18,10,6,14,2,19],[18,6,10,22,2,14,19],[18,6,14,10,22,2,19],[14,10,22,18,6,2,19],[2,10,22,14,6,18,15,11],[18,22,2,6,10,14,15,11],[14,22,18,6,10,2,19],[22,10,14,6,2,18,15,11],[2,18,22,10,14,6,15,11],[22,18,14,6,2,10,19],[10,6,22,2,18,14,19],[10,6,18,22,14,2,15,11],[10,18,6,14,2,22,15,11],[18,10,14,6,22,2,19],[14,6,22,2,10,18,19],[2,22,10,18,14,6,15,19],[14,10,2,18,22,6,15,19],[22,2,6,18,10,14,19],[10,22,14,18,6,2,19],[10,18,22,2,6,14,15,11],[14,18,2,22,10,6,15,19],[10,2,18,6,22,14,19],[2,14,10,6,22,18,19],[18,6,22,14,2,10,19],[22,6,14,18,10,2,15,19],[22,18,6,2,10,14,15,19],[6,18,22,10,2,14,15,11],[18,14,6,10,2,22,15,19],[18,14,6,10,22,2,15,19],[2,22,18,6,10,14,19],[22,14,18,2,6,10,19],[14,6,22,18,10,2,15,11],[14,10,6,2,18,22,15,19],[18,6,14,2,22,10,19],[14,2,22,18,6,10,15,11],[22,18,10,14,2,6,19],[18,14,2,22,6,10,15,19],[22,6,2,14,10,18,15,19],[10,2,18,22,14,6,19],[10,22,18,14,2,6,15,11],[6,18,14,10,2,22,19],[6,14,18,2,22,10,15,11],[18,6,14,2,22,10,15,19],[22,6,10,2,18,14,15,11],[14,6,10,22,2,18,15,11],[18,22,6,2,14,10,19],[10,2,22,6,18,14,19],[14,10,22,18,2,6,19],[18,22,10,14,2,6,15,11],[10,22,18,14,6,2,15,11],[18,6,14,2,10,22,19],[18,2,6,14,10,22,19],[22,6,10,2,18,14,15,11],[10,18,22,6,2,14,19],[6,18,2,22,14,10,15,11],[10,22,14,2,18,6,19],[18,22,6,2,10,14,15,11],[18,22,2,14,10,6,15,11],[22,2,18,14,10,6,15,19],[2,6,18,10,14,22,15,19],[22,6,10,18,2,14,19],[2,22,10,18,14,6,19],[22,10,6,18,2,14,19],[2,6,22,18,14,10,19],[14,22,10,6,2,18,19],[6,14,2,22,10,18,19],[6,10,18,14,22,2,15,19],[18,6,22,14,2,10,15,19],[2,18,6,22,10,14,15,11],[10,2,18,22,14,6,19],[2,10,18,14,22,6,15,11],[10,22,2,6,18,14,15,19],[22,14,2,18,6,10,19],[22,6,14,18,10,2,15,11],[10,6,18,2,22,14,19],[2,6,14,10,22,18,19],[6,18,14,2,10,22,19],[14,18,10,2,22,6,19],[18,6,22,14,2,10,19],[6,22,10,18,14,2,15,11],[14,6,10,2,22,18,19],[18,2,10,14,22,6,19],[2,10,18,22,14,6,15,11],[10,18,14,2,6,22,19],[14,18,22,2,10,6,15,11],[22,18,10,2,14,6,19],[10,6,14,18,2,22,19],[14,6,18,2,22,10,15,11],[10,14,22,2,6,18,15,11],[18,6,14,22,2,10,15,11],[2,14,18,6,22,10,15,19],[6,2,10,22,14,18,15,11],[14,2,6,10,18,22,19],[2,18,6,22,10,14,19],[18,14,10,6,2,22,15,11],[2,18,10,22,6,14,19],[14,6,10,2,22,18,19],[18,6,2,14,22,10,19],[22,2,6,10,18,14,15,19],[2,22,6,18,14,10,15,19],[18,6,14,22,10,2,19],[14,6,22,18,10,2,19],[6,2,14,18,22,10,15,11],[2,18,10,6,14,22,19],[18,22,6,10,14,2,15,19],[10,22,2,6,18,14,19],[2,14,10,22,18,6,15,11],[10,14,18,22,6,2,19],[18,14,22,6,10,2,19],[22,18,6,14,10,2,15,19],[2,22,6,14,10,18,15,19],[18,14,22,10,2,6,15,19],[2,14,18,6,22,10,15,19],[10,6,2,22,18,14,19],[6,14,18,10,22,2,15,19],[2,18,22,14,10,6,15,11],[10,22,14,2,18,6,19],[6,14,10,22,2,18,15,11],[22,10,2,6,18,14,19],[22,14,6,2,10,18,15,19],[2,14,6,10,18,22,15,11],[18,2,14,6,10,22,15,11],[6,18,2,10,14,22,15,11],[6,18,22,2,14,10,19],[2,14,10,22,18,6,15,19],[6,22,2,10,14,18,19],[18,6,2,10,14,22,19],[2,10,14,22,18,6,19],[10,14,22,6,18,2,15,11],[18,6,10,2,22,14,15,19],[18,22,10,2,14,6,15,11],[10,14,18,6,2,22,19],[14,18,2,10,6,22,19],[10,18,2,6,22,14,19],[10,22,6,14,2,18,15,19],[2,18,22,6,14,10,19],[10,6,2,22,14,18,15,19],[14,18,2,22,6,10,19],[14,10,22,18,2,6,19],[18,6,10,22,2,14,19],[2,22,14,6,10,18,15,11],[18,2,10,22,6,14,15,19],[14,22,10,18,6,2,15,19],[10,18,22,14,6,2,19],[22,10,6,2,18,14,15,19],[2,10,6,22,18,14,15,11],[14,2,6,10,18,22,19],[18,2,14,10,22,6,15,19],[6,22,18,2,10,14,15,19],[14,22,2,10,6,18,19],[10,14,2,22,6,18,19],[22,18,10,14,2,6,19],[10,14,6,22,18,2,19],[18,6,22,2,14,10,15,19],[6,14,2,10,18,22,15,19],[18,6,14,10,2,22,15,19],[18,22,10,6,14,2,15,19],[6,22,14,18,2,10,19],[14,10,22,6,2,18,19],[6,18,10,22,2,14,19],[22,6,10,14,18,2,15,19],[10,14,6,18,2,22,15,11],[10,18,22,14,2,6,19],[22,6,18,14,10,2,15,19],[2,18,14,22,10,6,19],[22,6,2,10,14,18,15,11],[14,22,2,18,6,10,15,19],[18,2,10,6,22,14,19],[6,22,18,10,2,14,19],[6,2,18,22,10,14,19],[6,22,10,2,18,14,15,11],[10,6,18,22,2,14,15,19],[6,22,2,14,10,18,15,19],[22,2,14,18,6,10,19],[2,10,6,22,18,14,19],[14,10,2,18,22,6,19],[10,6,22,14,2,18,15,11],[14,6,2,18,10,22,19],[6,2,22,14,18,10,19],[14,22,2,6,10,18,19],[2,18,14,6,10,22,15,19],[14,10,18,2,6,22,15,19],[2,22,14,10,18,6,15,11],[22,14,2,10,6,18,15,19],[10,2,22,6,18,14,15,19],[14,22,2,6,10,18,15,19],[6,18,10,14,2,22,19],[2,14,22,6,18,10,15,19],[6,22,14,18,10,2,15,11],[10,6,22,14,2,18,19],[18,10,6,14,2,22,15,11],[18,22,6,10,14,2,19],[6,14,22,2,18,10,15,11],[2,14,18,22,10,6,19],[22,6,10,14,18,2,19],[18,10,14,22,6,2,19],[18,10,14,6,22,2,15,19],[22,14,18,2,6,10,19],[2,22,18,14,10,6,19],[6,18,14,10,22,2,15,19],[10,22,6,18,2,14,15,11],[18,2,14,6,10,22,15,19],[10,14,18,2,6,22,19],[14,6,18,22,2,10,19],[6,22,2,10,18,14,15,19],[18,6,22,14,10,2,19],[14,18,2,22,10,6,15,11],[6,18,14,2,22,10,19],[6,22,10,18,2,14,19],[22,2,6,18,14,10,15,11],[2,10,6,14,18,22,15,19],[2,10,14,22,18,6,15,19],[10,2,6,22,18,14,19],[10,22,14,6,2,18,19],[22,10,6,18,14,2,15,19],[22,18,10,6,14,2,19],[22,18,6,2,14,10,19],[14,18,2,10,22,6,15,11],[22,6,10,14,18,2,15,19],[18,2,6,22,10,14,19],[14,10,2,22,6,18,15,11],[18,6,14,22,2,10,19],[18,2,14,6,10,22,15,19],[22,14,2,10,18,6,19],[22,18,14,6,10,2,15,19],[10,18,22,6,2,14,15,19],[14,10,22,18,6,2,19],[14,10,6,2,18,22,19],[22,2,14,10,18,6,15,11],[6,14,22,10,2,18,19],[2,6,18,10,14,22,19],[6,10,18,14,2,22,19],[22,10,2,18,14,6,15,11],[2,6,22,18,14,10,15,11],[18,14,22,2,6,10,19],[14,18,10,2,6,22,15,19],[6,18,2,10,22,14,19],[2,10,14,18,22,6,15,19],[14,18,6,22,10,2,19],[2,22,14,10,6,18,19],[2,10,14,22,6,18,19],[22,2,10,6,14,18,15,19],[10,18,22,2,14,6,15,19],[6,18,2,10,22,14,19],[22,2,18,6,14,10,19],[18,14,22,6,10,2,15,11],[14,2,22,6,10,18,19],[22,14,2,6,18,10,15,19],[6,22,10,18,14,2,19],[14,10,18,22,2,6,19],[10,2,14,18,6,22,19],[18,6,2,22,14,10,15,11],[10,22,2,14,18,6,19],[2,6,22,10,14,18,15,19],[10,14,2,22,18,6,15,19],[22,2,14,6,10,18,15,11],[18,22,10,14,6,2,19],[18,10,14,2,22,6,19],[6,22,18,2,14,10,19],[14,6,10,2,18,22,15,19],[6,22,18,2,14,10,15,19],[14,10,22,2,18,6,19],[14,10,22,6,2,18,19],[22,10,18,2,14,6,19],[2,18,22,6,14,10,19],[6,10,2,22,18,14,15,11],[14,6,22,2,18,10,15,11],[22,10,18,2,6,14,15,19],[2,14,10,6,18,22,15,11],[18,22,10,14,6,2,15,19],[10,2,14,22,6,18,15,19],[22,14,10,2,6,18,15,11],[14,6,2,18,10,22,15,11],[10,22,6,18,2,14,19],[14,2,18,6,22,10,15,11],[18,14,2,10,22,6,19],[2,10,22,18,14,6,19],[18,14,10,6,22,2,15,11],[14,18,22,6,2,10,15,19],[10,22,18,2,6,14,19],[14,10,18,6,2,22,15,19],[22,18,2,6,14,10,19],[18,6,2,14,22,10,15,11],[6,22,2,14,10,18,19],[10,14,18,2,6,22,15,11],[10,6,18,2,14,22,19],[22,2,6,18,14,10,15,11],[14,2,22,6,18,10,15,11],[14,2,6,10,18,22,15,19],[14,22,18,10,6,2,15,19],[18,14,22,2,10,6,15,11],[22,18,2,10,6,14,15,11],[10,14,6,2,18,22,15,11],[10,22,14,2,18,6,15,11],[2,18,22,14,6,10,19],[6,10,14,18,2,22,15,11],[6,2,22,10,18,14,19],[6,18,2,14,22,10,15,11],[6,22,10,2,14,18,19],[10,6,14,22,2,18,15,11],[6,2,14,22,18,10,19],[6,10,22,18,14,2,15,11],[14,6,18,10,2,22,15,19],[6,2,18,14,22,10,19],[22,18,14,2,6,10,15,11],[22,2,18,6,10,14,19],[14,2,10,18,6,22,15,19],[18,10,22,14,6,2,19],[2,6,10,18,22,14,15,19],[14,22,10,6,2,18,15,19],[10,2,6,22,14,18,19],[6,18,22,2,14,10,15,11],[18,2,14,6,22,10,19],[18,14,22,6,2,10,15,11],[14,6,22,10,18,2,19],[2,22,10,18,14,6,15,11],[18,6,10,2,14,22,19],[2,18,14,6,10,22,19],[10,22,2,14,6,18,19],[18,2,14,10,22,6,15,11],[22,6,2,18,10,14,15,11],[14,18,6,22,10,2,15,11],[18,2,14,10,6,22,15,19],[2,18,10,22,6,14,15,19],[6,14,10,2,22,18,19],[22,2,18,6,14,10,19],[2,6,14,22,18,10,15,19],[22,2,18,14,10,6,19],[2,10,22,6,14,18,15,11],[18,22,2,14,10,6,19],[6,2,10,18,14,22,15,11],[22,14,10,18,2,6,19],[10,18,2,22,14,6,19],[10,18,22,2,14,6,15,11],[2,10,14,6,18,22,15,11],[22,18,14,10,6,2,15,19],[14,6,10,2,18,22,15,19],[14,6,22,18,2,10,19],[18,6,14,10,2,22,19],[10,18,6,22,14,2,15,11],[14,10,2,6,22,18,15,11],[6,18,10,2,22,14,19],[18,6,22,14,2,10,19],[2,22,10,6,18,14,19],[6,18,2,22,14,10,15,19],[22,6,10,2,18,14,19],[6,2,18,22,10,14,15,19],[6,14,18,22,2,10,15,19],[22,18,10,14,6,2,19],[22,18,2,6,14,10,19],[2,6,22,10,14,18,19],[22,14,6,10,18,2,15,11],[18,10,22,14,6,2,19],[2,18,6,22,10,14,19],[2,18,22,6,10,14,19],[6,18,10,22,2,14,19],[10,2,18,14,22,6,19],[18,10,2,14,22,6,19],[22,2,14,18,10,6,19],[14,10,2,6,22,18,19],[2,22,14,10,18,6,15,19],[22,18,2,10,6,14,19],[10,2,14,22,6,18,15,19],[10,22,2,14,18,6,15,11],[2,22,14,10,18,6,15,19],[2,22,18,14,10,6,19],[10,18,2,22,6,14,15,11],[22,6,14,18,10,2,15,11],[18,6,22,10,2,14,19],[6,2,18,10,14,22,19],[2,22,6,14,18,10,15,11],[10,6,2,14,18,22,19],[6,22,10,14,2,18,15,19],[18,14,22,6,2,10,15,11],[18,10,6,22,14,2,15,11],[2,18,14,22,10,6,19],[14,6,22,2,10,18,19],[2,10,14,6,22,18,19],[14,18,2,6,10,22,19],[6,18,2,22,14,10,19],[2,6,18,22,14,10,19],[6,18,14,10,22,2,19],[22,6,2,18,14,10,15,11],[14,2,18,22,10,6,19],[14,18,2,6,22,10,15,11],[10,2,22,14,18,6,15,19],[2,14,6,10,22,18,19],[10,22,14,6,2,18,15,11],[6,14,10,2,22,18,19],[22,6,10,14,18,2,15,11],[22,6,14,2,10,18,15,19],[22,14,18,6,2,10,15,19],[10,18,2,14,6,22,15,11],[2,14,6,10,22,18,19],[18,6,2,10,14,22,15,11],[18,2,6,14,10,22,19],[10,2,14,22,18,6,15,19],[2,22,6,10,14,18,19],[14,2,10,18,6,22,19],[18,6,22,10,2,14,19],[14,10,22,2,6,18,19],[22,10,14,18,2,6,15,19],[22,2,10,6,14,18,15,11],[2,22,14,10,18,6,19],[10,6,2,18,14,22,19],[6,14,10,2,22,18,15,11],[22,10,2,6,18,14,19],[14,10,6,22,18,2,19],[10,2,14,18,6,22,19],[22,14,18,6,2,10,15,19],[22,18,10,6,14,2,15,19],[6,18,2,22,14,10,15,11],[2,10,22,14,18,6,19],[10,2,22,18,6,14,19],[2,10,6,18,22,14,15,11],[18,2,10,22,6,14,19],[2,22,6,10,18,14,19],[22,10,18,2,6,14,15,19],[10,14,6,2,22,18,19],[14,22,6,2,10,18,19],[6,2,14,22,18,10,19],[2,22,6,10,18,14,15,11],[22,18,10,14,2,6,19],[14,22,18,10,2,6,15,11],[22,18,10,2,6,14,15,11],[10,22,18,2,14,6,19],[22,2,14,6,10,18,19],[10,2,18,22,6,14,19],[6,14,2,18,22,10,15,11],[6,10,22,14,18,2,19],[18,6,2,10,14,22,19],[10,6,22,14,2,18,15,11],[14,2,6,10,22,18,15,19],[14,22,2,10,18,6,15,19],[6,2,10,14,22,18,19],[6,22,2,18,14,10,19],[2,18,22,10,14,6,15,11],[10,22,6,2,18,14,19],[6,10,14,18,2,22,15,19],[10,14,18,6,2,22,19],[18,10,6,22,14,2,15,11],[6,18,10,14,2,22,15,19],[6,14,18,2,22,10,19],[18,22,2,6,14,10,15,19],[14,22,10,6,18,2,19],[6,14,2,18,22,10,19],[6,18,14,10,22,2,19],[22,6,14,10,18,2,19],[10,14,6,18,22,2,19],[22,10,14,18,2,6,15,19],[18,2,10,6,14,22,15,11],[10,14,18,22,6,2,19],[22,2,18,10,6,14,15,19],[10,6,2,22,18,14,19],[18,10,22,2,6,14,15,11],[10,22,14,18,2,6,15,11],[14,22,6,18,2,10,15,11],[2,22,10,14,18,6,19],[22,6,2,10,14,18,19],[14,6,18,2,10,22,19],[2,18,14,10,22,6,19],[6,2,18,14,22,10,15,19],[10,6,18,14,22,2,15,19],[18,6,10,22,2,14,19],[18,2,22,6,14,10,19],[10,2,6,18,22,14,15,11],[2,10,22,14,18,6,19],[18,10,2,22,6,14,19],[6,10,18,22,2,14,19],[6,10,2,14,18,22,19],[22,6,14,2,18,10,19]],"n_human":15}