{"problem_id":"KkUDCFu89pWwfH6","sigma":75,"alpha":1.000,"cost":0,"probabilities":"[0.05, 0.43, 0.31, 0.21]","payoff_matrix":"[[86, 93, 14, -5, -20, -81], [36, -72, -193, 53, -113, -12], [35, 29, -25, -40, -37, 133], [-86, -142, 43, -80, -54, 12]]","uncovered":[[18,6,10,2,14,3,15,22,16],[22,10,2,14,3,15,6,18,4,16,23],[18,14,6,10,2,3,15,22,16],[6,18,2,14,3,15,22,10,23,24],[22,14,18,2,3,15,6,10,4,16,23],[2,18,22,14,15,6,10,3,16],[18,14,22,10,6,2,3,15,23,24],[10,2,18,14,3,15,6,22,16],[6,22,14,2,15,10,18,3,16],[6,22,14,2,15,10,18,3,16],[18,6,10,22,2,14,3,15,4,16,23],[10,14,2,3,15,22,18,6,4,16,23],[6,10,22,14,18,2,15,3,16],[2,22,6,10,18,14,3,15,23,24],[22,14,10,18,6,2,15,3,4,16,23],[6,2,14,15,10,22,18,3,23,4],[2,6,18,10,22,14,3,15,4,16,23],[6,2,14,3,15,18,10,22,4,16,23],[14,6,22,18,10,2,3,15,23,24],[10,14,22,2,15,6,18,3,16],[6,14,22,18,2,15,10,3,4,16,23],[22,18,2,6,10,14,3,15,23,24],[6,22,10,14,18,2,3,15,16],[22,6,18,14,10,2,15,3,23,4],[14,18,2,3,15,22,6,10,16],[18,6,2,22,10,14,15,3,4,16,23],[6,22,2,18,10,14,3,15,4,16,23],[14,10,22,6,18,2,3,15,4,16,23],[2,14,3,15,10,6,18,22,16],[18,2,22,6,14,3,15,10,4,16,23],[6,22,10,2,18,14,3,15,16],[2,14,15,22,6,18,10,3,4,16,23],[18,2,14,15,6,22,10,3,4,16,23],[2,6,10,14,15,22,18,3,16],[10,18,14,6,22,2,3,15,4,16,23],[6,14,18,2,15,10,22,3,16],[22,18,10,14,6,2,3,15,16],[22,10,2,6,14,15,18,3,16],[14,18,10,6,22,2,3,15,16],[14,10,18,6,22,2,3,15,4,16,23],[18,6,22,2,10,14,15,3,4,16,23],[14,22,18,6,2,3,15,10,23,24],[10,6,22,18,2,14,15,3,23,24],[2,10,22,6,18,14,15,3,16],[2,10,22,14,15,6,18,3,16],[18,10,2,6,22,14,3,15,4,16,23],[14,18,6,10,22,2,15,3,4,16,23],[2,18,14,15,22,6,10,3,16],[22,6,14,10,18,2,3,15,16],[10,2,14,15,6,18,22,3,23,4],[18,6,2,22,10,14,3,15,23,4],[10,22,2,18,14,3,15,6,4,16,23],[22,6,14,10,18,2,15,3,16],[10,14,18,2,15,6,22,3,4,16,23],[10,18,6,22,2,14,3,15,23,4],[14,2,3,15,18,22,6,10,4,16,23],[18,22,10,14,2,3,15,6,16],[18,14,10,2,3,15,22,6,16],[2,6,18,14,15,10,22,3,4,16,23],[22,10,2,18,6,14,3,15,16],[10,6,22,14,2,15,18,3,16],[18,14,22,6,10,2,3,15,4,16,23],[10,14,6,18,22,2,15,3,16],[2,6,18,22,10,14,3,15,4,16,23],[10,22,2,6,18,14,3,15,4,16,23],[2,14,3,15,6,18,10,22,4,16,23],[18,10,22,6,2,14,3,15,4,16,23],[18,10,6,2,22,14,15,3,4,16,23],[14,22,18,10,2,15,6,3,16],[6,18,14,2,3,15,10,22,16],[14,6,10,18,22,2,3,15,16],[6,10,14,18,22,2,15,3,4,16,23],[22,10,18,6,14,2,3,15,4,16,23],[2,10,22,18,14,15,6,3,23,24],[14,6,22,2,15,10,18,3,4,16,23],[22,18,14,6,10,2,3,15,4,16,23],[10,18,22,14,6,2,15,3,4,16,23],[22,6,18,2,10,14,3,15,16],[18,6,14,10,2,15,22,3,23,24],[14,6,22,18,10,2,3,15,4,16,23],[2,22,14,15,6,10,18,3,4,16,23],[2,22,18,14,15,10,6,3,4,16,23],[10,22,14,18,2,3,15,6,4,16,23],[10,18,2,14,15,22,6,3,4,16,23],[14,10,6,18,2,15,22,3,4,16,23],[18,6,22,2,14,15,10,3,4,16,23],[18,10,2,22,6,14,3,15,23,24],[18,6,14,2,3,15,10,22,23,24],[10,6,22,18,14,2,3,15,4,16,23],[22,2,18,14,15,10,6,3,16],[6,18,22,10,2,14,15,3,4,16,23],[2,18,22,10,6,14,15,3,16],[22,6,14,2,15,10,18,3,16],[18,14,10,2,3,15,22,6,4,16,23],[18,22,14,6,10,2,15,3,16],[18,2,6,22,10,14,15,3,16],[2,10,22,14,15,18,6,3,16],[2,22,6,14,15,10,18,3,16],[18,2,10,22,6,14,3,15,16],[14,10,18,22,2,15,6,3,4,16,23],[6,22,18,14,2,15,10,3,4,16,23],[10,2,14,3,15,6,18,22,4,16,23],[14,22,2,3,15,6,18,10,4,16,23],[2,6,22,14,15,18,10,3,16],[14,6,2,3,15,22,10,18,4,16,23],[6,18,2,14,3,15,22,10,4,16,23],[10,14,2,15,22,18,6,3,4,16,23],[22,10,2,18,14,3,15,6,4,16,23],[10,6,14,22,18,2,15,3,16],[18,14,10,22,6,2,3,15,4,16,23],[2,10,6,14,3,15,18,22,16],[10,14,22,18,2,15,6,3,16],[6,2,22,14,3,15,18,10,4,16,23],[2,14,3,15,10,18,6,22,4,16,23],[10,6,18,2,14,3,15,22,16],[18,14,2,15,10,22,6,3,23,4],[18,2,22,10,14,3,15,6,4,16,23],[2,14,3,15,18,22,6,10,16],[6,18,22,14,2,15,10,3,16],[14,6,18,10,2,15,22,3,4,16,23],[18,6,2,14,3,15,22,10,16],[18,6,22,14,2,3,15,10,23,4],[22,14,6,2,3,15,10,18,23,4],[22,10,6,18,2,14,3,15,4,16,23],[10,14,2,15,22,6,18,3,4,16,23],[14,6,10,18,2,15,22,3,4,16,23],[18,2,14,3,15,10,6,22,16],[6,18,22,2,10,14,3,15,4,16,23],[2,18,14,3,15,6,22,10,16],[10,2,14,15,6,18,22,3,16],[2,10,22,14,15,18,6,3,23,24],[14,2,3,15,18,10,22,6,16],[18,14,10,6,2,15,22,3,4,16,23],[6,18,22,14,2,3,15,10,16],[18,22,6,2,14,3,15,10,23,4],[6,14,2,15,18,10,22,3,16],[2,18,22,14,3,15,6,10,23,4],[10,14,6,22,2,3,15,18,4,16,23],[22,10,2,6,18,14,3,15,16],[10,14,6,22,2,15,18,3,4,16,23],[18,14,6,2,3,15,22,10,16],[14,18,10,6,2,3,15,22,4,16,23],[18,22,10,6,14,2,15,3,4,16,23],[18,22,6,10,2,14,15,3,4,16,23],[22,2,18,10,14,15,6,3,4,16,23],[10,6,22,14,2,3,15,18,23,24],[6,22,18,14,2,15,10,3,16],[14,2,3,15,10,18,22,6,16],[6,10,14,18,2,3,15,22,23,4],[18,14,10,6,2,3,15,22,23,24],[14,6,10,18,22,2,3,15,4,16,23],[18,2,6,14,3,15,10,22,16],[6,22,14,18,10,2,3,15,16],[6,18,22,2,10,14,15,3,16],[22,2,10,14,15,6,18,3,4,16,23],[2,6,14,15,18,22,10,3,16],[2,18,14,15,22,10,6,3,4,16,23],[10,18,6,14,2,15,22,3,4,16,23],[10,18,2,14,3,15,22,6,23,24],[2,22,18,14,3,15,6,10,4,16,23],[10,22,18,2,14,3,15,6,16],[18,22,2,6,10,14,15,3,4,16,23],[10,18,14,22,2,15,6,3,16],[6,22,2,18,14,15,10,3,16],[2,10,14,15,18,22,6,3,16],[10,14,22,18,6,2,3,15,16],[2,6,10,14,15,18,22,3,4,16,23],[14,10,22,6,2,3,15,18,23,24],[14,6,2,15,10,22,18,3,16],[22,14,6,18,2,3,15,10,4,16,23],[6,22,10,14,18,2,3,15,16],[14,6,10,18,2,3,15,22,16],[14,18,6,2,15,10,22,3,16],[10,14,6,22,18,2,3,15,4,16,23],[2,18,10,22,14,3,15,6,23,4],[14,22,6,2,15,18,10,3,16],[22,18,2,6,10,14,3,15,16],[14,22,10,2,15,6,18,3,4,16,23],[18,10,6,22,2,14,3,15,4,16,23],[14,10,2,3,15,22,18,6,16],[6,10,18,22,14,2,15,3,4,16,23],[6,10,14,2,15,18,22,3,16],[10,6,18,14,2,3,15,22,4,16,23],[14,22,6,2,3,15,18,10,16],[10,22,14,6,2,15,18,3,16],[18,22,6,14,2,15,10,3,4,16,23],[14,10,6,18,22,2,3,15,16],[18,22,14,2,15,6,10,3,16],[6,22,18,10,2,14,3,15,4,16,23],[18,22,10,6,14,2,3,15,4,16,23],[22,18,2,10,6,14,15,3,16],[14,2,15,6,18,22,10,3,16],[22,14,18,2,15,10,6,3,23,24],[2,14,15,6,10,18,22,3,4,16,23],[2,6,22,14,3,15,10,18,4,16,23],[18,2,14,3,15,22,10,6,4,16,23],[18,22,2,14,3,15,10,6,16],[2,18,10,14,3,15,22,6,16],[14,18,10,2,15,6,22,3,16],[22,14,18,10,2,15,6,3,16],[22,14,10,18,2,3,15,6,16],[22,14,6,2,15,18,10,3,4,16,23],[14,10,22,2,15,6,18,3,4,16,23],[10,22,18,2,14,15,6,3,4,16,23],[2,6,10,22,18,14,15,3,16],[22,10,2,18,6,14,15,3,23,24],[10,18,2,14,15,22,6,3,16],[2,22,14,15,18,10,6,3,4,16,23],[22,2,10,18,6,14,3,15,16],[2,22,14,3,15,18,10,6,4,16,23],[22,14,2,3,15,18,6,10,4,16,23],[6,14,2,3,15,10,22,18,23,24],[14,10,2,15,18,6,22,3,23,4],[10,14,2,15,22,18,6,3,16],[2,22,10,6,18,14,3,15,16],[18,14,10,22,6,2,3,15,4,16,23],[22,2,18,10,6,14,3,15,16],[6,10,14,22,2,15,18,3,16],[22,18,2,14,3,15,6,10,4,16,23],[14,22,18,6,2,15,10,3,4,16,23],[22,14,2,15,18,10,6,3,23,24],[2,22,18,6,10,14,3,15,16],[22,10,2,14,15,6,18,3,16],[6,10,2,14,15,22,18,3,4,16,23],[2,14,3,15,22,10,18,6,4,16,23],[6,10,22,18,14,2,15,3,4,16,23],[2,18,22,14,3,15,6,10,16],[18,2,14,3,15,22,6,10,4,16,23],[14,10,22,18,6,2,15,3,4,16,23],[2,18,10,6,22,14,15,3,4,16,23],[2,10,18,22,6,14,3,15,16],[2,10,18,14,3,15,6,22,16],[14,18,2,15,6,10,22,3,23,4],[6,2,10,14,15,18,22,3,16],[6,22,14,18,2,3,15,10,16],[10,18,2,14,15,6,22,3,16],[10,22,2,14,3,15,6,18,16],[14,2,15,18,22,6,10,3,16],[18,14,10,22,2,15,6,3,23,24],[22,18,10,2,14,3,15,6,16],[2,10,14,15,18,22,6,3,4,16,23],[10,14,6,22,2,15,18,3,16],[22,18,14,2,3,15,10,6,16],[22,18,6,2,10,14,3,15,16],[14,6,10,22,2,15,18,3,16],[10,6,18,22,14,2,15,3,16],[14,22,18,2,3,15,6,10,23,4],[14,6,22,10,2,15,18,3,4,16,23],[6,2,14,15,22,10,18,3,4,16,23],[18,10,14,2,15,22,6,3,23,24],[18,2,10,6,14,3,15,22,4,16,23],[22,18,6,2,14,3,15,10,4,16,23],[10,22,6,2,18,14,15,3,4,16,23],[22,18,6,2,10,14,15,3,16],[10,22,6,18,2,14,15,3,16],[22,18,14,10,2,15,6,3,16],[18,6,10,22,14,2,15,3,23,4],[18,6,14,2,3,15,22,10,4,16,23],[10,6,2,22,18,14,3,15,4,16,23],[2,22,6,18,14,15,10,3,16],[2,10,22,14,3,15,18,6,16],[2,6,22,18,10,14,15,3,4,16,23],[18,2,22,10,14,3,15,6,16],[10,6,18,14,22,2,3,15,16],[10,14,22,6,18,2,15,3,23,24],[2,6,14,15,18,10,22,3,16],[6,10,18,2,14,15,22,3,23,4],[6,14,2,3,15,22,18,10,4,16,23],[2,18,6,10,22,14,3,15,4,16,23],[18,22,10,14,6,2,3,15,4,16,23],[18,14,6,22,2,15,10,3,16],[10,18,22,6,2,14,15,3,16],[22,18,6,2,14,3,15,10,23,24],[2,10,6,14,15,22,18,3,16],[18,6,22,2,14,15,10,3,16],[18,6,10,14,2,15,22,3,4,16,23],[6,18,2,14,3,15,22,10,4,16,23],[22,6,2,14,15,18,10,3,4,16,23],[2,6,14,15,10,22,18,3,4,16,23],[10,2,22,14,15,6,18,3,16],[6,2,14,3,15,22,10,18,16],[18,2,14,15,22,10,6,3,23,4],[10,22,14,6,2,3,15,18,16],[2,14,3,15,6,18,10,22,16],[18,10,14,2,15,22,6,3,4,16,23],[2,10,22,18,14,3,15,6,4,16,23],[2,10,6,22,14,3,15,18,4,16,23],[6,2,10,14,15,22,18,3,23,4],[6,18,22,2,10,14,3,15,4,16,23],[6,14,10,22,18,2,3,15,16],[2,6,14,3,15,22,10,18,16],[14,22,18,6,10,2,15,3,4,16,23],[10,2,14,3,15,22,18,6,4,16,23],[14,10,6,22,18,2,3,15,23,4],[22,10,6,2,14,15,18,3,16],[14,2,3,15,10,18,6,22,16],[22,6,14,10,2,3,15,18,16],[18,10,6,22,14,2,3,15,4,16,23],[22,10,6,18,2,14,15,3,16],[14,6,10,18,2,3,15,22,16],[2,14,15,10,18,22,6,3,16],[10,2,18,22,14,15,6,3,16],[2,22,18,14,15,10,6,3,4,16,23],[22,10,6,18,14,2,3,15,16],[22,14,2,15,18,6,10,3,23,24],[10,6,22,18,14,2,3,15,23,24],[18,14,10,2,15,22,6,3,16],[2,14,3,15,22,18,10,6,16],[18,2,14,3,15,22,10,6,23,4],[2,18,10,6,22,14,15,3,4,16,23],[10,2,6,22,18,14,15,3,4,16,23],[22,14,10,6,18,2,3,15,16],[6,10,22,14,2,15,18,3,4,16,23],[10,14,22,2,3,15,18,6,4,16,23],[18,14,10,6,22,2,15,3,4,16,23],[2,10,22,14,3,15,6,18,16],[14,6,10,2,15,22,18,3,16],[6,10,22,2,14,15,18,3,16],[14,10,18,22,2,15,6,3,16],[18,22,2,10,6,14,15,3,16],[14,6,18,10,22,2,15,3,16],[22,2,6,14,15,18,10,3,16],[6,10,22,18,2,14,15,3,4,16,23],[6,22,10,2,14,3,15,18,16],[6,10,2,22,14,15,18,3,23,4],[14,18,2,15,10,6,22,3,4,16,23],[14,2,3,15,22,18,10,6,4,16,23],[2,10,18,22,6,14,3,15,23,24],[10,6,14,18,22,2,15,3,4,16,23],[2,18,10,14,15,6,22,3,16],[6,14,18,10,2,15,22,3,16],[2,10,6,14,15,18,22,3,4,16,23],[10,18,14,6,2,3,15,22,23,24],[18,6,22,2,10,14,3,15,4,16,23],[2,6,18,22,14,15,10,3,16],[14,18,22,2,15,6,10,3,23,4],[10,14,6,2,3,15,22,18,23,24],[2,18,6,10,14,15,22,3,23,24],[22,6,2,18,10,14,3,15,16],[6,22,14,2,3,15,10,18,4,16,23],[10,18,14,6,22,2,15,3,16],[10,6,18,14,2,15,22,3,4,16,23],[2,18,10,22,14,15,6,3,23,24],[18,14,22,2,15,6,10,3,4,16,23],[6,18,2,22,14,3,15,10,4,16,23],[14,18,6,2,3,15,22,10,16],[22,18,14,10,6,2,15,3,4,16,23],[18,22,14,6,10,2,3,15,4,16,23],[10,2,6,14,3,15,18,22,4,16,23],[6,18,14,22,2,3,15,10,4,16,23],[10,18,14,22,2,3,15,6,4,16,23],[14,18,6,22,2,15,10,3,16],[2,6,22,14,3,15,10,18,4,16,23],[22,2,10,6,18,14,15,3,4,16,23],[14,10,2,3,15,6,22,18,16],[2,10,14,3,15,22,6,18,4,16,23],[6,10,22,2,14,3,15,18,23,4],[18,2,14,3,15,6,10,22,23,4],[6,2,10,22,18,14,15,3,23,4],[6,22,18,10,2,14,3,15,16],[6,22,14,2,15,10,18,3,16],[2,22,18,6,10,14,15,3,16],[22,10,14,2,15,18,6,3,23,24],[2,18,14,15,6,10,22,3,16],[14,18,2,3,15,10,6,22,16],[2,6,10,22,18,14,3,15,4,16,23],[18,10,14,2,15,22,6,3,16],[18,22,2,10,6,14,3,15,4,16,23],[22,18,10,2,14,3,15,6,4,16,23],[10,22,14,6,18,2,3,15,4,16,23],[22,18,10,6,14,2,15,3,16],[10,6,2,14,15,18,22,3,4,16,23],[14,22,10,18,2,15,6,3,16],[6,18,2,22,10,14,3,15,16],[6,10,14,2,15,18,22,3,4,16,23],[18,6,2,22,14,3,15,10,16],[10,2,18,14,3,15,6,22,4,16,23],[2,10,22,14,3,15,18,6,16],[18,22,10,6,14,2,3,15,16],[10,18,6,2,22,14,3,15,16],[2,22,10,14,3,15,18,6,4,16,23],[10,18,2,22,6,14,15,3,4,16,23],[18,22,2,10,14,15,6,3,23,24],[2,10,6,14,3,15,18,22,4,16,23],[2,18,14,3,15,22,10,6,4,16,23],[14,6,22,10,2,3,15,18,23,24],[6,2,14,3,15,18,10,22,4,16,23],[2,6,14,3,15,10,18,22,16],[18,14,10,22,2,3,15,6,16],[10,6,22,18,14,2,3,15,4,16,23],[6,14,22,18,10,2,3,15,23,24],[14,2,15,10,6,18,22,3,16],[22,2,18,14,3,15,10,6,4,16,23],[6,2,14,3,15,10,22,18,23,24],[10,14,18,6,22,2,3,15,4,16,23],[6,18,22,10,14,2,3,15,16],[10,18,22,6,14,2,3,15,4,16,23],[22,10,6,2,18,14,15,3,16],[2,10,6,18,14,15,22,3,23,24],[22,14,10,2,3,15,6,18,16],[18,14,2,3,15,22,10,6,4,16,23],[2,22,6,10,18,14,3,15,16],[6,14,18,22,2,3,15,10,4,16,23],[22,2,6,10,18,14,3,15,16],[10,14,18,22,6,2,3,15,4,16,23],[18,10,6,14,22,2,3,15,23,24],[14,18,2,3,15,10,6,22,4,16,23],[10,2,6,14,3,15,22,18,4,16,23],[2,18,10,22,14,15,6,3,23,4],[10,18,2,6,14,3,15,22,16],[22,2,6,10,14,3,15,18,16],[18,14,22,2,3,15,10,6,16],[6,2,14,15,18,10,22,3,16],[6,2,22,14,3,15,10,18,4,16,23],[14,10,22,18,6,2,15,3,16],[14,22,18,10,2,15,6,3,4,16,23],[14,6,10,2,15,22,18,3,4,16,23],[10,14,22,6,18,2,15,3,16],[6,14,10,18,2,3,15,22,16],[14,18,22,10,2,3,15,6,4,16,23],[18,6,2,14,15,10,22,3,23,24],[22,2,18,14,3,15,10,6,16],[22,18,2,6,14,3,15,10,4,16,23],[2,10,6,14,15,22,18,3,4,16,23],[2,10,14,3,15,22,6,18,4,16,23],[22,2,18,14,3,15,6,10,4,16,23],[6,22,2,18,14,3,15,10,23,24],[10,14,6,2,15,18,22,3,16],[18,14,10,6,2,3,15,22,16],[6,2,14,3,15,10,22,18,16],[18,10,2,14,15,6,22,3,23,4],[6,22,18,10,14,2,15,3,4,16,23],[18,14,22,10,2,3,15,6,16],[14,10,6,2,3,15,22,18,16],[10,2,18,14,15,6,22,3,16],[10,22,18,6,2,14,3,15,4,16,23],[6,2,18,14,3,15,10,22,4,16,23],[14,18,6,2,3,15,10,22,4,16,23],[14,10,18,22,6,2,15,3,16],[10,6,22,18,2,14,15,3,16],[18,14,2,15,6,10,22,3,16],[10,22,18,2,14,15,6,3,16],[2,14,3,15,22,18,10,6,4,16,23],[6,10,14,22,2,3,15,18,16],[2,6,10,14,3,15,18,22,4,16,23],[22,14,18,2,3,15,10,6,16],[14,22,18,2,15,6,10,3,23,24],[18,6,14,10,22,2,3,15,4,16,23],[22,10,18,6,2,14,15,3,23,4],[10,6,14,18,22,2,3,15,16],[22,2,18,10,6,14,15,3,4,16,23],[14,2,3,15,18,6,22,10,23,4],[10,14,18,6,2,3,15,22,16],[10,18,22,14,2,3,15,6,16],[6,10,18,22,2,14,3,15,16],[2,10,18,22,6,14,15,3,4,16,23],[14,10,6,22,2,3,15,18,4,16,23],[2,10,14,3,15,18,22,6,4,16,23],[2,22,10,14,3,15,6,18,16],[2,14,3,15,18,10,6,22,4,16,23],[6,14,18,2,15,22,10,3,4,16,23],[6,10,22,14,2,3,15,18,16],[14,10,2,15,6,22,18,3,16],[14,2,15,18,10,6,22,3,4,16,23],[14,18,22,6,10,2,15,3,4,16,23],[10,22,2,14,15,6,18,3,4,16,23],[10,22,18,14,6,2,15,3,4,16,23],[10,2,18,14,15,6,22,3,16],[14,2,3,15,22,18,10,6,16],[10,2,22,14,3,15,6,18,4,16,23],[2,6,22,14,15,18,10,3,4,16,23],[2,22,14,15,18,10,6,3,16],[6,10,2,22,18,14,3,15,23,24],[10,6,2,18,14,15,22,3,23,4],[6,2,10,14,3,15,22,18,4,16,23],[2,18,10,6,22,14,3,15,16],[14,2,3,15,22,10,18,6,16],[10,14,6,22,2,3,15,18,4,16,23],[18,2,14,3,15,10,22,6,16],[18,22,14,2,15,6,10,3,16],[6,10,22,18,2,14,3,15,4,16,23],[6,22,18,10,14,2,3,15,16],[14,22,2,3,15,18,10,6,4,16,23],[22,18,6,2,10,14,15,3,4,16,23],[18,6,22,10,2,14,15,3,16],[18,2,14,3,15,10,22,6,16],[6,18,10,14,2,15,22,3,16],[2,14,15,10,22,6,18,3,4,16,23],[18,22,2,14,3,15,10,6,23,24],[22,18,14,10,2,15,6,3,16],[22,10,18,14,2,15,6,3,4,16,23],[18,14,22,2,3,15,6,10,16],[2,10,18,14,3,15,6,22,16],[2,18,6,14,3,15,10,22,4,16,23],[14,6,10,18,2,3,15,22,23,24],[14,2,3,15,22,10,6,18,16],[14,22,2,3,15,10,18,6,4,16,23],[14,18,2,15,10,6,22,3,23,4],[14,22,10,2,3,15,18,6,4,16,23],[6,10,22,18,14,2,3,15,16],[18,10,2,14,3,15,6,22,16],[10,2,22,18,14,3,15,6,4,16,23],[6,22,18,14,10,2,15,3,23,24],[18,6,10,2,22,14,3,15,16],[6,18,10,22,14,2,3,15,4,16,23],[14,2,15,18,6,10,22,3,4,16,23],[18,2,22,14,3,15,10,6,16],[14,18,22,10,2,3,15,6,16],[6,10,14,22,18,2,3,15,4,16,23],[14,18,6,10,22,2,15,3,4,16,23],[22,2,14,15,6,10,18,3,16],[14,10,6,2,15,18,22,3,4,16,23],[14,22,10,2,3,15,18,6,23,4],[10,18,22,14,2,15,6,3,4,16,23],[10,14,22,2,15,18,6,3,4,16,23],[6,22,14,18,10,2,3,15,16],[6,14,18,2,15,10,22,3,16],[14,18,6,2,15,10,22,3,4,16,23],[22,10,2,6,14,3,15,18,4,16,23],[22,10,14,6,2,3,15,18,16],[2,14,15,22,10,18,6,3,23,4],[6,14,2,15,10,18,22,3,4,16,23],[6,2,14,3,15,10,22,18,16],[10,18,14,6,22,2,15,3,16],[2,18,10,22,6,14,3,15,23,4],[10,18,2,22,6,14,15,3,23,24],[6,2,18,10,14,15,22,3,23,4],[22,10,2,6,18,14,3,15,16],[18,10,6,22,14,2,15,3,4,16,23],[6,22,14,2,3,15,18,10,4,16,23],[2,18,14,15,10,22,6,3,16],[2,14,15,18,10,22,6,3,4,16,23],[6,18,14,10,2,3,15,22,4,16,23],[6,2,22,18,14,3,15,10,4,16,23],[10,14,22,2,15,18,6,3,4,16,23],[14,2,15,6,22,10,18,3,16],[6,22,10,14,2,15,18,3,16],[10,18,6,22,14,2,3,15,4,16,23],[18,10,6,14,22,2,3,15,16],[10,22,18,14,2,15,6,3,16],[22,2,14,3,15,10,6,18,16],[14,10,22,2,15,18,6,3,4,16,23],[22,18,6,10,14,2,3,15,4,16,23],[18,14,22,6,2,3,15,10,16],[14,10,22,18,2,3,15,6,4,16,23],[14,22,10,18,6,2,15,3,4,16,23],[6,18,14,10,2,3,15,22,16],[18,6,22,10,14,2,3,15,4,16,23],[14,2,3,15,22,18,6,10,23,4],[14,10,2,3,15,6,22,18,16],[22,18,14,2,15,6,10,3,4,16,23],[18,2,14,3,15,22,6,10,4,16,23],[22,10,18,14,6,2,3,15,23,4],[6,10,18,2,14,3,15,22,16],[2,14,15,18,22,6,10,3,23,4],[2,14,15,10,22,18,6,3,16],[2,10,18,6,22,14,15,3,4,16,23],[22,14,10,6,2,3,15,18,4,16,23],[10,18,14,2,15,6,22,3,16],[2,10,6,14,3,15,22,18,4,16,23],[22,18,2,6,10,14,3,15,16],[10,2,22,6,14,15,18,3,23,24],[2,18,6,10,22,14,15,3,16],[6,22,18,2,14,3,15,10,4,16,23],[14,18,22,2,15,6,10,3,4,16,23],[14,2,15,22,10,18,6,3,23,24],[10,18,2,14,3,15,22,6,16],[2,22,6,14,15,10,18,3,4,16,23],[6,22,18,10,14,2,3,15,4,16,23],[14,2,15,22,6,10,18,3,16],[6,14,2,3,15,10,18,22,16],[2,14,15,18,6,22,10,3,16],[18,2,14,3,15,6,10,22,16],[6,14,22,2,3,15,10,18,23,4],[18,22,14,2,15,6,10,3,16],[2,22,10,14,15,6,18,3,4,16,23],[18,14,2,15,22,6,10,3,4,16,23],[6,14,22,2,15,18,10,3,4,16,23],[10,14,18,2,15,22,6,3,23,4],[22,18,2,6,10,14,3,15,16],[2,10,22,6,18,14,3,15,23,24],[22,6,14,10,18,2,15,3,16],[6,18,14,10,2,3,15,22,4,16,23],[2,14,3,15,18,22,6,10,16],[14,22,2,3,15,10,18,6,16],[18,22,10,6,14,2,15,3,16],[18,2,14,3,15,22,6,10,16],[6,18,2,14,3,15,22,10,4,16,23],[2,6,18,10,22,14,15,3,16],[2,18,6,22,14,15,10,3,23,4],[18,14,2,3,15,10,6,22,4,16,23],[18,22,10,14,2,3,15,6,16],[22,2,6,10,14,3,15,18,23,24],[18,10,2,14,15,6,22,3,16],[18,6,22,14,10,2,15,3,4,16,23],[14,2,15,22,10,18,6,3,4,16,23],[14,6,10,22,2,15,18,3,23,4],[14,6,2,15,22,18,10,3,16],[10,6,18,22,14,2,3,15,4,16,23],[22,18,14,10,2,15,6,3,4,16,23],[6,18,2,10,22,14,15,3,16],[6,2,22,14,3,15,18,10,4,16,23],[2,18,6,22,14,3,15,10,23,24],[2,22,6,18,14,3,15,10,16],[14,10,18,6,2,3,15,22,4,16,23],[14,6,18,10,22,2,15,3,4,16,23],[18,14,6,2,3,15,10,22,16],[18,6,2,10,22,14,3,15,4,16,23],[22,18,2,14,3,15,10,6,16],[22,14,18,10,6,2,15,3,16],[6,18,22,14,2,15,10,3,16],[2,18,22,6,14,15,10,3,16],[10,6,2,18,22,14,15,3,23,4],[2,10,22,18,6,14,3,15,4,16,23],[2,6,10,22,14,15,18,3,16],[10,22,6,18,14,2,3,15,23,4],[2,18,22,14,15,6,10,3,4,16,23],[6,22,10,14,2,3,15,18,4,16,23],[2,22,6,18,14,3,15,10,4,16,23],[6,10,2,14,15,22,18,3,16],[6,18,22,14,10,2,3,15,4,16,23],[10,2,14,3,15,22,6,18,4,16,23],[14,22,10,6,18,2,15,3,4,16,23],[10,6,18,22,2,14,3,15,4,16,23],[10,6,14,22,2,15,18,3,16],[18,10,6,22,2,14,15,3,16],[22,6,14,18,2,3,15,10,4,16,23],[6,10,2,14,15,18,22,3,16],[6,18,14,2,3,15,10,22,23,4],[14,10,22,6,2,15,18,3,4,16,23],[22,6,2,14,3,15,18,10,16],[18,2,14,3,15,10,6,22,16],[14,6,10,18,22,2,3,15,4,16,23],[18,2,10,14,15,6,22,3,4,16,23],[14,22,2,15,10,18,6,3,4,16,23],[10,6,18,2,22,14,15,3,4,16,23],[18,6,10,2,14,15,22,3,4,16,23],[14,2,15,6,10,22,18,3,23,24],[6,22,10,2,14,3,15,18,23,4],[6,18,14,22,2,15,10,3,23,4],[2,22,10,14,15,6,18,3,23,24],[6,22,18,2,14,3,15,10,16],[22,2,14,3,15,6,10,18,4,16,23],[6,22,2,10,14,15,18,3,4,16,23],[22,2,18,10,14,3,15,6,16],[2,14,3,15,22,18,10,6,4,16,23],[18,22,6,14,2,3,15,10,16],[2,14,3,15,22,6,10,18,4,16,23],[22,6,18,2,10,14,3,15,4,16,23],[22,2,14,3,15,10,18,6,23,24],[10,2,14,3,15,22,18,6,16],[6,2,10,14,3,15,18,22,4,16,23],[6,18,10,14,2,3,15,22,23,4],[10,2,18,14,3,15,6,22,4,16,23],[2,14,15,18,22,10,6,3,4,16,23],[10,14,2,3,15,6,18,22,16],[22,14,6,2,15,10,18,3,16],[6,18,22,14,2,15,10,3,16],[2,6,22,14,3,15,18,10,16],[2,10,6,22,14,15,18,3,23,4],[14,22,6,10,18,2,3,15,4,16,23],[10,14,6,2,3,15,22,18,4,16,23],[10,22,14,2,15,6,18,3,23,24],[10,2,6,18,22,14,3,15,4,16,23],[2,18,6,14,15,10,22,3,4,16,23],[6,22,10,14,18,2,3,15,16],[6,10,2,14,3,15,18,22,4,16,23],[6,18,14,2,3,15,10,22,23,4],[6,18,14,2,15,22,10,3,4,16,23],[14,22,18,10,2,3,15,6,4,16,23],[6,2,18,10,22,14,3,15,4,16,23],[14,18,6,22,2,3,15,10,23,24],[2,6,10,18,22,14,3,15,16],[10,18,2,14,15,6,22,3,4,16,23],[6,14,10,2,3,15,22,18,23,4],[18,14,6,2,3,15,22,10,16],[2,22,10,6,18,14,15,3,16],[22,14,6,18,10,2,15,3,23,4],[10,2,22,18,6,14,15,3,4,16,23],[18,10,2,14,15,6,22,3,4,16,23],[2,14,3,15,10,6,18,22,4,16,23],[2,10,18,14,3,15,22,6,4,16,23],[14,6,18,22,2,15,10,3,16],[2,6,22,14,15,18,10,3,16],[10,2,6,14,3,15,22,18,4,16,23],[2,22,18,14,15,6,10,3,16],[18,14,22,2,3,15,6,10,23,4],[22,18,2,14,3,15,10,6,4,16,23],[18,10,2,6,22,14,15,3,23,24],[14,6,10,2,15,22,18,3,16],[10,2,6,22,14,15,18,3,16],[10,14,2,3,15,22,18,6,16],[18,2,14,15,22,10,6,3,16],[10,6,2,18,14,3,15,22,23,24],[14,2,15,6,18,10,22,3,16],[2,14,15,10,22,18,6,3,4,16,23],[10,22,6,2,18,14,15,3,4,16,23],[6,22,14,10,2,3,15,18,4,16,23],[6,22,18,10,14,2,3,15,4,16,23],[10,18,22,6,2,14,15,3,23,4],[22,18,10,2,14,3,15,6,4,16,23],[2,14,15,6,18,10,22,3,4,16,23],[22,14,18,2,15,10,6,3,4,16,23],[14,2,15,18,22,10,6,3,23,4],[10,2,6,14,15,22,18,3,23,4],[14,18,10,2,15,22,6,3,4,16,23],[6,18,14,22,10,2,15,3,4,16,23],[22,6,10,14,2,15,18,3,4,16,23],[22,10,14,18,2,15,6,3,4,16,23],[18,6,10,22,14,2,15,3,16],[14,2,15,10,22,6,18,3,23,24],[10,2,14,3,15,18,6,22,16],[10,2,6,14,15,18,22,3,4,16,23],[10,18,14,22,6,2,15,3,16],[22,6,14,2,3,15,10,18,23,4],[14,18,10,2,3,15,22,6,4,16,23],[6,14,22,10,18,2,15,3,4,16,23],[22,14,18,10,2,15,6,3,16],[10,18,22,14,2,15,6,3,16],[18,10,6,14,2,3,15,22,4,16,23],[22,6,14,18,10,2,15,3,16],[22,2,10,14,3,15,6,18,4,16,23],[6,22,10,14,18,2,15,3,23,24],[22,18,6,10,14,2,3,15,4,16,23],[2,14,15,6,22,10,18,3,16],[6,22,10,2,14,3,15,18,16],[6,10,18,14,22,2,15,3,16],[6,14,22,10,2,3,15,18,16],[18,6,14,2,15,22,10,3,4,16,23],[14,18,2,3,15,22,10,6,16],[14,10,22,6,18,2,15,3,16],[22,18,14,2,3,15,10,6,4,16,23],[18,2,14,15,22,10,6,3,16],[10,22,2,6,18,14,3,15,4,16,23],[14,22,18,6,10,2,3,15,4,16,23],[14,6,18,22,10,2,15,3,4,16,23],[2,6,18,22,14,15,10,3,4,16,23],[10,18,2,6,14,15,22,3,16],[6,22,18,2,10,14,3,15,4,16,23],[18,2,14,15,10,6,22,3,16],[10,2,14,15,22,6,18,3,4,16,23],[6,14,18,22,10,2,3,15,4,16,23],[6,2,18,14,15,10,22,3,16],[2,6,22,10,14,3,15,18,4,16,23],[6,2,14,3,15,10,18,22,16],[22,10,14,18,2,15,6,3,23,24],[18,6,22,2,10,14,3,15,4,16,23],[10,14,22,18,2,15,6,3,16],[14,18,2,3,15,10,22,6,23,4],[22,6,10,2,14,15,18,3,16],[10,22,2,18,6,14,15,3,4,16,23],[18,2,6,22,14,15,10,3,16],[10,6,22,2,18,14,3,15,16],[6,22,14,10,2,15,18,3,16],[2,22,18,6,14,15,10,3,4,16,23],[22,6,18,14,10,2,3,15,4,16,23],[14,10,6,22,18,2,3,15,4,16,23],[14,22,6,10,2,3,15,18,4,16,23],[10,14,6,18,2,15,22,3,16],[6,14,22,18,2,15,10,3,16],[10,18,6,2,22,14,3,15,16],[18,2,22,10,14,15,6,3,4,16,23],[6,18,10,14,22,2,3,15,16],[2,10,14,3,15,6,22,18,4,16,23],[14,6,2,15,22,18,10,3,16],[6,14,22,18,2,15,10,3,16],[22,6,14,10,2,3,15,18,23,24],[6,10,18,14,2,3,15,22,16],[18,2,10,6,22,14,15,3,16],[6,10,2,22,14,15,18,3,16],[14,2,3,15,22,10,6,18,16],[18,2,10,22,6,14,3,15,16],[14,2,15,10,6,22,18,3,23,4],[22,6,18,10,14,2,3,15,4,16,23],[6,22,14,2,15,18,10,3,23,24],[2,14,15,18,22,6,10,3,4,16,23],[18,14,6,22,10,2,3,15,23,4],[14,18,6,22,2,3,15,10,16],[2,10,18,6,14,3,15,22,4,16,23],[14,2,3,15,22,10,18,6,23,4],[2,18,10,22,14,15,6,3,23,24],[18,10,6,2,22,14,3,15,4,16,23],[18,22,10,14,6,2,15,3,16],[14,10,6,22,18,2,3,15,4,16,23],[22,18,6,10,14,2,3,15,23,24],[10,2,6,18,14,15,22,3,4,16,23],[6,18,10,14,22,2,3,15,16],[6,22,2,14,3,15,18,10,4,16,23],[2,10,22,18,6,14,3,15,4,16,23],[14,18,2,15,6,22,10,3,16],[2,6,22,14,3,15,18,10,4,16,23],[14,18,22,6,10,2,15,3,4,16,23],[2,6,18,10,22,14,15,3,16],[6,2,22,14,15,18,10,3,4,16,23],[18,2,10,6,22,14,3,15,23,24],[14,2,15,6,22,18,10,3,16],[2,10,14,15,6,22,18,3,16],[6,10,18,2,14,3,15,22,4,16,23],[18,6,10,2,22,14,3,15,4,16,23],[2,22,6,14,3,15,18,10,4,16,23],[18,2,22,14,3,15,10,6,4,16,23],[10,2,6,14,15,18,22,3,4,16,23],[18,14,2,3,15,6,10,22,4,16,23],[18,2,14,15,10,6,22,3,4,16,23],[6,22,2,14,3,15,18,10,4,16,23],[18,14,6,10,22,2,3,15,16],[6,22,14,2,15,10,18,3,23,4],[2,10,14,3,15,22,6,18,4,16,23],[18,10,2,14,15,6,22,3,4,16,23],[10,14,22,2,15,6,18,3,4,16,23],[2,22,10,14,3,15,6,18,16],[18,14,10,22,6,2,15,3,16],[22,2,18,14,15,10,6,3,4,16,23],[10,22,18,2,6,14,15,3,23,24],[10,18,14,6,22,2,3,15,16],[10,6,22,14,2,3,15,18,16],[18,14,10,6,2,15,22,3,4,16,23],[2,10,14,15,6,18,22,3,4,16,23],[6,18,22,10,2,14,3,15,4,16,23],[2,18,22,14,15,6,10,3,16],[10,6,2,22,18,14,15,3,16],[14,2,3,15,10,22,18,6,16],[14,6,2,3,15,18,10,22,16],[2,14,15,6,10,18,22,3,4,16,23],[2,22,10,18,6,14,3,15,4,16,23],[22,18,2,14,15,6,10,3,4,16,23],[6,22,14,10,2,3,15,18,16],[14,6,10,22,2,15,18,3,16],[14,22,18,6,2,3,15,10,23,4],[6,14,2,3,15,18,22,10,16],[10,2,18,14,15,6,22,3,4,16,23],[6,14,22,18,2,3,15,10,4,16,23],[22,18,14,2,15,6,10,3,16],[10,6,14,22,2,3,15,18,16],[22,2,6,18,14,15,10,3,4,16,23],[10,18,22,2,14,3,15,6,4,16,23],[6,22,14,10,2,15,18,3,23,4],[6,2,18,14,3,15,10,22,4,16,23],[6,10,18,22,2,14,15,3,23,4],[6,2,18,14,15,22,10,3,4,16,23],[2,22,18,14,3,15,10,6,16],[10,18,2,22,14,15,6,3,16],[6,22,14,2,15,10,18,3,16],[14,10,22,18,2,3,15,6,16],[14,22,10,2,3,15,18,6,16],[6,22,2,14,3,15,10,18,16],[22,10,6,18,2,14,15,3,4,16,23],[22,6,10,2,18,14,15,3,4,16,23],[6,18,22,2,14,3,15,10,16],[6,10,22,2,14,3,15,18,16],[14,22,2,15,18,10,6,3,4,16,23],[10,14,22,2,3,15,6,18,4,16,23],[18,10,14,2,15,6,22,3,23,4],[10,22,14,6,2,15,18,3,4,16,23],[18,10,14,2,3,15,6,22,16],[14,22,10,6,2,3,15,18,16],[14,6,2,15,22,18,10,3,23,4],[18,14,2,3,15,10,6,22,4,16,23],[22,2,14,3,15,18,6,10,4,16,23],[10,18,6,14,22,2,15,3,16],[10,22,14,2,15,6,18,3,16],[18,22,14,6,10,2,3,15,16],[22,6,14,18,2,3,15,10,16],[10,18,14,6,22,2,3,15,16],[22,2,10,14,15,18,6,3,16],[10,6,2,14,3,15,22,18,4,16,23],[6,14,22,2,15,10,18,3,16],[18,10,6,2,22,14,3,15,16],[18,6,2,10,14,3,15,22,23,24],[18,14,10,2,15,6,22,3,4,16,23],[14,18,22,10,2,15,6,3,23,24],[10,14,6,18,22,2,15,3,4,16,23],[6,22,18,2,14,3,15,10,4,16,23],[22,10,18,6,14,2,15,3,4,16,23],[2,18,22,14,15,6,10,3,16],[6,10,14,22,18,2,3,15,16],[2,10,22,14,15,18,6,3,4,16,23],[6,22,10,14,18,2,3,15,4,16,23],[10,2,18,6,14,3,15,22,4,16,23],[2,18,10,14,15,6,22,3,16],[22,10,14,2,3,15,18,6,16],[6,14,18,22,2,15,10,3,16],[6,22,18,2,10,14,3,15,4,16,23],[22,2,6,10,18,14,3,15,16],[14,2,15,22,6,18,10,3,4,16,23],[14,18,22,2,15,6,10,3,16],[18,10,14,6,2,3,15,22,16],[22,14,2,3,15,10,18,6,16],[22,6,18,14,10,2,15,3,16],[18,2,6,22,14,3,15,10,16],[22,6,18,2,14,15,10,3,23,4],[18,2,22,10,14,15,6,3,16],[10,2,22,6,18,14,15,3,23,24],[18,6,2,10,14,3,15,22,4,16,23],[18,22,2,6,10,14,15,3,16],[22,2,6,18,10,14,15,3,23,4],[10,6,22,14,18,2,15,3,23,4],[14,18,10,2,3,15,6,22,4,16,23],[22,18,14,6,2,3,15,10,16],[18,14,10,6,2,3,15,22,4,16,23],[6,10,22,2,18,14,3,15,4,16,23],[2,6,18,22,14,3,15,10,16],[14,18,10,2,3,15,6,22,4,16,23],[14,6,2,15,18,22,10,3,16],[6,14,18,22,2,3,15,10,16],[22,2,18,10,6,14,3,15,4,16,23],[14,10,22,2,15,18,6,3,16],[2,6,10,18,22,14,15,3,23,24],[18,14,2,15,10,6,22,3,4,16,23],[10,22,18,6,2,14,3,15,23,4],[14,10,18,2,3,15,22,6,16],[10,18,6,14,2,15,22,3,23,24],[10,6,22,14,2,3,15,18,4,16,23],[22,2,14,3,15,18,6,10,4,16,23],[2,14,3,15,10,6,22,18,16],[10,18,22,6,2,14,15,3,23,24],[14,18,22,10,2,3,15,6,4,16,23],[14,18,2,3,15,6,10,22,4,16,23],[22,2,14,3,15,6,10,18,16],[10,18,14,22,6,2,3,15,4,16,23],[22,2,18,14,3,15,10,6,16],[6,10,22,18,14,2,3,15,16],[18,10,6,2,22,14,3,15,4,16,23],[14,6,18,10,22,2,3,15,23,4],[10,22,2,6,14,3,15,18,4,16,23],[18,2,14,3,15,6,22,10,23,4],[22,10,2,14,15,18,6,3,4,16,23],[14,2,15,6,22,18,10,3,16],[14,10,18,2,3,15,6,22,4,16,23],[22,18,2,6,10,14,15,3,23,4],[22,6,2,18,10,14,15,3,23,4],[14,18,2,15,6,10,22,3,4,16,23],[2,10,18,6,22,14,3,15,16],[6,18,10,2,22,14,15,3,4,16,23],[6,18,2,14,3,15,22,10,23,24],[10,22,6,18,2,14,15,3,23,4],[2,18,10,14,15,22,6,3,16],[6,18,22,14,2,3,15,10,4,16,23],[14,6,22,10,2,15,18,3,16],[14,10,2,15,22,18,6,3,4,16,23],[10,14,2,3,15,22,6,18,4,16,23],[10,22,18,6,2,14,15,3,16],[14,2,3,15,6,18,10,22,4,16,23],[22,14,18,10,2,15,6,3,23,24],[2,14,3,15,10,22,18,6,4,16,23],[6,14,2,3,15,18,10,22,16],[2,14,15,22,10,6,18,3,16],[14,10,2,3,15,6,18,22,16],[22,18,6,2,14,15,10,3,16],[22,6,10,2,14,15,18,3,16],[18,22,2,14,3,15,10,6,23,4],[10,6,22,14,2,3,15,18,16],[18,6,14,10,2,15,22,3,16],[22,10,14,6,18,2,15,3,23,24],[6,14,10,18,22,2,15,3,4,16,23],[10,6,22,18,2,14,15,3,4,16,23],[6,2,18,14,15,10,22,3,23,4],[14,6,22,2,15,10,18,3,4,16,23],[2,18,10,6,22,14,15,3,4,16,23],[2,22,18,14,15,6,10,3,4,16,23],[18,2,14,3,15,6,22,10,4,16,23],[6,14,22,10,18,2,3,15,16],[14,18,10,2,15,6,22,3,4,16,23],[10,2,18,14,3,15,6,22,23,4],[22,2,14,3,15,18,10,6,4,16,23],[14,6,2,3,15,18,22,10,4,16,23],[18,2,14,15,6,22,10,3,23,24],[18,22,6,10,2,14,3,15,16],[10,22,14,18,2,3,15,6,23,4],[6,22,10,14,2,3,15,18,16],[6,2,10,22,18,14,15,3,23,24],[2,10,22,6,14,15,18,3,16],[18,14,22,6,2,15,10,3,16],[14,6,10,18,2,15,22,3,16],[14,22,6,10,18,2,15,3,4,16,23],[14,2,3,15,10,6,22,18,16],[10,22,18,14,6,2,3,15,16],[2,14,15,18,22,10,6,3,4,16,23],[22,18,14,2,3,15,6,10,4,16,23],[22,2,10,18,6,14,3,15,4,16,23],[14,10,6,22,18,2,3,15,16],[2,14,15,10,18,6,22,3,16],[22,10,2,6,14,3,15,18,16],[10,2,6,22,14,15,18,3,4,16,23],[22,14,6,2,15,10,18,3,4,16,23],[10,14,18,6,2,3,15,22,23,4],[2,14,3,15,6,10,22,18,23,24],[6,2,14,3,15,18,22,10,23,4],[14,10,18,2,15,6,22,3,4,16,23],[18,2,22,6,10,14,15,3,16],[22,10,2,14,3,15,6,18,4,16,23],[2,10,6,22,14,3,15,18,16],[2,6,10,14,15,22,18,3,16],[6,14,2,15,10,18,22,3,4,16,23],[18,6,2,22,14,3,15,10,4,16,23],[22,14,6,18,2,15,10,3,16],[14,6,2,15,10,22,18,3,16],[10,22,6,14,2,3,15,18,4,16,23],[10,6,14,22,2,3,15,18,16],[14,6,22,18,10,2,3,15,16]],"n_human":7}