{"problem_id": "oS0CVMgSL8iDTh8", "sigma": 75, "alpha": 3.162, "cost": 1, "probabilities": "[0.3, 0.09, 0.29, 0.32]", "payoff_matrix": "[[-166, -28, -25, -64, 59, 17], [1, -75, -41, 48, 125, -43], [-19, -40, -148, 27, -77, -77], [-18, -33, -47, -35, -66, -47]]", "uncovered": [[24, 8, 4, 12, 20, 16, 5, 1, 13, 21, 9, 17, 19, 23, 7, 11, 15], [20, 16, 8, 4, 12, 24, 5, 13, 9, 21, 1, 17, 23], [20, 8, 24, 16, 4, 12, 1, 5, 21, 13, 9, 17, 19, 23, 7, 11, 15], [12, 8, 16, 20, 24, 4, 5, 13, 9, 1, 21, 17, 23], [8, 24, 16, 12, 4, 20, 5, 1, 21, 13, 9, 17, 19, 7, 23, 11, 15], [12, 4, 24, 8, 16, 20, 5, 13, 9, 21, 1, 17, 23], [16, 24, 12, 20, 4, 8, 1, 13, 21, 5, 9, 17, 19, 23, 7, 11, 15], [16, 4, 8, 20, 12, 24, 1, 5, 21, 13, 9, 17, 23], [4, 24, 16, 20, 12, 8, 1, 13, 5, 21, 9, 17, 19, 7, 11], [8, 12, 16, 20, 4, 24, 5, 1, 13, 21, 9, 17, 23], [24, 20, 12, 4, 8, 16, 5, 1, 21, 13, 9, 17, 19, 23, 7, 11, 15], [12, 16, 24, 4, 8, 20, 1, 13, 9, 21, 5, 17, 23], [20, 4, 16, 8, 12, 24, 1, 5, 13, 9, 21, 17, 23], [16, 4, 20, 24, 12, 8, 1, 5, 21, 13, 9, 17, 23], [8, 24, 16, 20, 12, 4, 5, 13, 1, 21, 9, 17, 19, 23, 11, 7, 15], [4, 20, 8, 24, 12, 16, 5, 13, 1, 9, 21, 17, 19, 23, 7, 11, 15], [8, 24, 4, 20, 12, 16, 1, 13, 9, 21, 5, 17, 23], [20, 24, 4, 16, 12, 8, 5, 13, 21, 1, 9, 17, 19, 23, 11, 7, 15], [20, 12, 8, 4, 24, 16, 5, 1, 21, 13, 9, 17, 23], [12, 20, 16, 4, 24, 8, 1, 13, 5, 21, 9, 17, 19, 23, 11, 7, 15], [12, 24, 16, 4, 8, 20, 1, 5, 13, 21, 9, 17, 19, 7, 23, 11, 15], [24, 4, 20, 16, 12, 8, 1, 5, 13, 21, 9, 17, 23], [20, 16, 12, 4, 8, 24, 5, 13, 21, 1, 9, 17, 19, 7, 23, 11, 15], [16, 4, 8, 24, 12, 20, 5, 1, 21, 13, 9, 17, 19, 23, 11, 7, 15], [8, 24, 20, 4, 16, 12, 5, 13, 9, 1, 21, 17, 19, 23, 11, 7, 15], [20, 8, 12, 4, 24, 16, 1, 5, 13, 9, 21, 17, 23], [20, 16, 4, 8, 24, 12, 1, 13, 9, 21, 5, 17, 19, 7, 11], [8, 24, 20, 16, 12, 4, 1, 13, 9, 21, 5, 17, 19, 23, 7, 11, 15], [4, 12, 16, 24, 8, 20, 5, 13, 9, 21, 1, 17, 19, 7, 23, 11, 15], [4, 12, 8, 20, 16, 24, 5, 1, 21, 13, 9, 17, 19, 7, 23, 11, 15], [4, 20, 8, 12, 16, 24, 5, 13, 21, 1, 9, 17, 23], [24, 8, 16, 4, 12, 20, 1, 5, 9, 21, 13, 17, 23], [16, 4, 8, 24, 12, 20, 1, 5, 13, 21, 9, 17, 23], [24, 12, 4, 16, 8, 20, 5, 1, 21, 13, 9, 17, 19, 7, 11], [12, 20, 16, 4, 24, 8, 5, 13, 9, 1, 21, 17, 23], [24, 20, 12, 4, 8, 16, 1, 5, 9, 21, 13, 17, 23], [24, 8, 16, 12, 20, 4, 5, 1, 21, 13, 9, 17, 19, 7, 11], [16, 12, 4, 20, 8, 24, 1, 13, 5, 9, 21, 17, 19, 23, 11, 7, 15], [4, 12, 16, 24, 8, 20, 5, 1, 21, 13, 9, 17, 19, 7, 11], [24, 12, 4, 16, 8, 20, 5, 13, 1, 21, 9, 17, 23], [8, 4, 12, 20, 16, 24, 1, 13, 5, 9, 21, 17, 23], [4, 20, 16, 12, 8, 24, 1, 5, 9, 21, 13, 17, 23], [8, 16, 20, 4, 12, 24, 1, 5, 21, 13, 9, 17, 23], [12, 20, 4, 24, 16, 8, 1, 5, 21, 13, 9, 17, 23], [20, 24, 4, 8, 12, 16, 1, 13, 5, 9, 21, 17, 19, 7, 23, 11, 15], [16, 4, 8, 24, 12, 20, 5, 13, 21, 1, 9, 17, 23], [8, 24, 12, 16, 20, 4, 5, 1, 13, 21, 9, 17, 23], [8, 20, 4, 16, 24, 12, 1, 13, 5, 9, 21, 17, 23], [12, 4, 16, 24, 8, 20, 1, 5, 21, 13, 9, 17, 19, 23, 11, 7, 15], [20, 8, 24, 16, 12, 4, 1, 13, 21, 5, 9, 17, 23], [16, 24, 4, 8, 20, 12, 1, 5, 9, 21, 13, 17, 19, 7, 23, 11, 15], [16, 24, 4, 8, 12, 20, 5, 1, 13, 21, 9, 17, 23], [12, 4, 8, 24, 20, 16, 1, 13, 5, 21, 9, 17, 23], [8, 4, 24, 16, 12, 20, 5, 1, 13, 21, 9, 17, 19, 7, 23, 11, 15], [12, 20, 4, 24, 16, 8, 5, 1, 21, 13, 9, 17, 23], [24, 16, 4, 20, 12, 8, 1, 13, 9, 5, 21, 17, 19, 23, 7, 11, 15], [4, 8, 12, 24, 20, 16, 1, 13, 5, 21, 9, 17, 19, 23, 7, 11, 15], [20, 12, 16, 4, 24, 8, 1, 13, 5, 21, 9, 17, 19, 7, 11], [8, 16, 12, 24, 4, 20, 1, 13, 5, 21, 9, 17, 23], [20, 12, 4, 16, 24, 8, 5, 1, 9, 13, 21, 17, 19, 7, 11], [8, 12, 20, 24, 16, 4, 5, 1, 13, 21, 9, 17, 23], [8, 16, 4, 20, 24, 12, 1, 5, 9, 21, 13, 17, 19, 7, 11], [4, 12, 20, 8, 24, 16, 1, 13, 5, 9, 21, 17, 23], [8, 16, 4, 20, 12, 24, 5, 1, 13, 21, 9, 17, 23], [4, 12, 20, 24, 16, 8, 1, 13, 9, 21, 5, 17, 19, 7, 11], [8, 16, 12, 20, 4, 24, 1, 5, 9, 13, 21, 17, 23], [8, 4, 12, 20, 16, 24, 5, 1, 13, 9, 21, 17, 23], [12, 4, 24, 8, 20, 16, 1, 13, 9, 21, 5, 17, 23], [24, 12, 4, 16, 8, 20, 5, 13, 21, 1, 9, 17, 19, 23, 7, 11, 15], [12, 8, 20, 24, 16, 4, 1, 13, 5, 9, 21, 17, 19, 23, 7, 11, 15], [8, 20, 24, 4, 16, 12, 1, 13, 21, 5, 9, 17, 23], [20, 24, 16, 4, 12, 8, 5, 13, 21, 1, 9, 17, 19, 23, 7, 11, 15], [24, 12, 8, 20, 4, 16, 5, 13, 21, 1, 9, 17, 19, 23, 7, 11, 15], [20, 8, 4, 16, 24, 12, 1, 5, 21, 13, 9, 17, 23], [24, 8, 12, 16, 4, 20, 1, 13, 9, 21, 5, 17, 23], [24, 20, 16, 12, 8, 4, 1, 5, 9, 13, 21, 17, 19, 23, 7, 11, 15], [4, 24, 12, 8, 20, 16, 1, 13, 9, 21, 5, 17, 19, 23, 7, 11, 15], [16, 20, 8, 24, 4, 12, 1, 13, 5, 21, 9, 17, 23], [16, 8, 12, 4, 20, 24, 1, 5, 21, 13, 9, 17, 23], [20, 16, 12, 24, 8, 4, 1, 13, 21, 5, 9, 17, 19, 7, 23, 11, 15], [20, 4, 12, 16, 24, 8, 1, 5, 13, 21, 9, 17, 23], [20, 16, 12, 24, 8, 4, 1, 13, 9, 21, 5, 17, 19, 23, 11, 7, 15], [12, 4, 24, 20, 16, 8, 5, 13, 9, 21, 1, 17, 23], [24, 4, 20, 12, 16, 8, 1, 5, 9, 13, 21, 17, 19, 7, 11], [4, 24, 8, 16, 20, 12, 5, 1, 13, 21, 9, 17, 19, 23, 7, 11, 15], [24, 20, 4, 8, 12, 16, 1, 5, 13, 9, 21, 17, 23], [16, 4, 24, 20, 8, 12, 1, 5, 9, 21, 13, 17, 23], [8, 16, 20, 4, 12, 24, 1, 13, 5, 9, 21, 17, 23], [16, 12, 20, 24, 4, 8, 1, 13, 9, 21, 5, 17, 19, 7, 23, 11, 15], [16, 12, 8, 20, 4, 24, 5, 13, 21, 1, 9, 17, 19, 23, 7, 11, 15], [12, 24, 20, 16, 8, 4, 1, 13, 21, 5, 9, 17, 23], [4, 8, 20, 16, 24, 12, 1, 5, 21, 13, 9, 17, 19, 7, 23, 11, 15], [4, 8, 16, 12, 20, 24, 1, 5, 21, 13, 9, 17, 23], [4, 12, 8, 24, 16, 20, 5, 13, 21, 1, 9, 17, 23], [12, 20, 4, 24, 16, 8, 5, 13, 9, 1, 21, 17, 19, 7, 23, 11, 15], [24, 8, 16, 20, 12, 4, 1, 5, 9, 21, 13, 17, 19, 7, 11], [16, 8, 20, 24, 12, 4, 1, 5, 21, 13, 9, 17, 23], [20, 12, 8, 24, 4, 16, 1, 13, 21, 5, 9, 17, 19, 7, 23, 11, 15], [20, 8, 16, 4, 24, 12, 1, 5, 21, 13, 9, 17, 23], [4, 8, 20, 16, 12, 24, 1, 5, 13, 9, 21, 17, 19, 23, 7, 11, 15], [24, 4, 20, 8, 12, 16, 5, 1, 9, 13, 21, 17, 19, 23, 11, 7, 15], [24, 8, 16, 20, 12, 4, 1, 5, 13, 21, 9, 17, 23], [20, 8, 12, 16, 24, 4, 5, 13, 21, 1, 9, 17, 23], [12, 8, 4, 24, 16, 20, 5, 13, 21, 1, 9, 17, 19, 7, 23, 11, 15], [4, 16, 8, 12, 24, 20, 1, 5, 9, 13, 21, 17, 23], [20, 4, 8, 12, 24, 16, 1, 13, 9, 5, 21, 17, 23], [12, 16, 20, 4, 24, 8, 1, 5, 21, 13, 9, 17, 19, 7, 11], [16, 24, 20, 8, 12, 4, 1, 5, 9, 21, 13, 17, 19, 7, 23, 11, 15], [4, 24, 12, 8, 20, 16, 5, 1, 9, 21, 13, 17, 23], [20, 8, 12, 16, 24, 4, 5, 1, 13, 21, 9, 17, 19, 7, 11], [12, 16, 8, 24, 4, 20, 5, 13, 21, 1, 9, 17, 19, 23, 7, 11, 15], [8, 20, 16, 12, 4, 24, 5, 1, 21, 13, 9, 17, 19, 23, 7, 11, 15], [12, 20, 8, 4, 24, 16, 5, 13, 1, 9, 21, 17, 23], [8, 24, 4, 20, 12, 16, 1, 5, 13, 21, 9, 17, 23], [12, 20, 4, 16, 24, 8, 1, 13, 5, 21, 9, 17, 23], [20, 8, 24, 16, 4, 12, 5, 13, 9, 21, 1, 17, 19, 23, 11, 7, 15], [24, 16, 20, 4, 12, 8, 5, 13, 9, 1, 21, 17, 19, 7, 23, 11, 15], [20, 4, 12, 8, 24, 16, 5, 1, 9, 21, 13, 17, 23], [24, 16, 8, 20, 4, 12, 5, 1, 13, 9, 21, 17, 23], [8, 20, 4, 12, 24, 16, 5, 1, 13, 21, 9, 17, 19, 23, 11, 7, 15], [20, 24, 8, 12, 4, 16, 5, 13, 1, 21, 9, 17, 23], [16, 4, 8, 24, 12, 20, 1, 13, 21, 5, 9, 17, 19, 23, 11, 7, 15], [16, 20, 12, 24, 8, 4, 5, 1, 9, 13, 21, 17, 19, 23, 7, 11, 15], [4, 20, 24, 12, 16, 8, 1, 13, 21, 5, 9, 17, 19, 23, 7, 11, 15], [4, 24, 12, 20, 16, 8, 1, 13, 21, 5, 9, 17, 23], [12, 24, 16, 4, 8, 20, 5, 13, 9, 21, 1, 17, 19, 7, 11], [4, 20, 8, 12, 24, 16, 5, 13, 1, 21, 9, 17, 23], [16, 20, 12, 24, 8, 4, 5, 13, 1, 9, 21, 17, 23], [8, 12, 24, 16, 20, 4, 5, 13, 9, 21, 1, 17, 19, 23, 11, 7, 15], [8, 4, 24, 16, 20, 12, 5, 1, 13, 21, 9, 17, 23], [20, 12, 8, 4, 24, 16, 1, 5, 13, 21, 9, 17, 23], [12, 16, 8, 24, 20, 4, 1, 5, 21, 13, 9, 17, 19, 23, 11, 7, 15], [4, 24, 12, 8, 20, 16, 5, 1, 13, 21, 9, 17, 19, 7, 23, 11, 15], [16, 20, 12, 4, 24, 8, 1, 5, 13, 9, 21, 17, 19, 23, 11, 7, 15], [12, 16, 24, 20, 4, 8, 1, 5, 13, 9, 21, 17, 23], [4, 8, 24, 16, 20, 12, 5, 1, 13, 9, 21, 17, 23], [4, 16, 20, 24, 8, 12, 5, 1, 13, 9, 21, 17, 19, 23, 7, 11, 15], [20, 8, 24, 16, 4, 12, 5, 1, 13, 9, 21, 17, 19, 23, 11, 7, 15], [12, 16, 24, 4, 20, 8, 1, 13, 9, 5, 21, 17, 19, 7, 11], [12, 24, 20, 16, 8, 4, 1, 5, 13, 9, 21, 17, 23], [16, 20, 12, 8, 24, 4, 5, 13, 21, 1, 9, 17, 23], [12, 4, 16, 20, 24, 8, 1, 13, 5, 9, 21, 17, 23], [16, 8, 24, 4, 20, 12, 5, 13, 1, 9, 21, 17, 23], [4, 8, 24, 16, 20, 12, 1, 13, 9, 21, 5, 17, 19, 7, 23, 11, 15], [24, 4, 8, 16, 20, 12, 1, 5, 21, 13, 9, 17, 19, 23, 7, 11, 15], [12, 20, 8, 4, 24, 16, 1, 5, 21, 13, 9, 17, 23], [12, 24, 16, 20, 8, 4, 5, 13, 1, 9, 21, 17, 19, 7, 11], [24, 4, 8, 12, 16, 20, 1, 13, 21, 5, 9, 17, 19, 23, 7, 11, 15], [16, 8, 4, 24, 12, 20, 5, 13, 1, 9, 21, 17, 19, 7, 11], [12, 20, 16, 4, 8, 24, 1, 13, 21, 5, 9, 17, 19, 7, 11], [12, 24, 16, 4, 20, 8, 1, 13, 21, 5, 9, 17, 19, 23, 11, 7, 15], [4, 24, 20, 12, 16, 8, 1, 5, 9, 21, 13, 17, 23], [8, 4, 20, 12, 16, 24, 1, 13, 5, 9, 21, 17, 23], [8, 20, 16, 4, 24, 12, 5, 13, 1, 21, 9, 17, 23], [4, 24, 8, 16, 20, 12, 1, 5, 21, 13, 9, 17, 23], [20, 8, 16, 12, 4, 24, 1, 5, 21, 13, 9, 17, 19, 23, 11, 7, 15], [8, 20, 16, 4, 24, 12, 5, 1, 13, 21, 9, 17, 23], [24, 20, 12, 8, 4, 16, 5, 13, 1, 9, 21, 17, 19, 7, 11], [16, 20, 12, 4, 8, 24, 5, 1, 13, 21, 9, 17, 23], [16, 8, 4, 24, 20, 12, 5, 13, 21, 1, 9, 17, 19, 7, 23, 11, 15], [12, 24, 4, 20, 8, 16, 5, 13, 21, 1, 9, 17, 19, 23, 7, 11, 15], [20, 8, 12, 16, 4, 24, 1, 13, 21, 5, 9, 17, 19, 23, 7, 11, 15], [12, 24, 16, 8, 4, 20, 1, 13, 9, 5, 21, 17, 23], [24, 16, 20, 4, 12, 8, 1, 13, 5, 21, 9, 17, 23], [8, 16, 12, 24, 4, 20, 5, 1, 13, 21, 9, 17, 19, 7, 23, 11, 15], [8, 16, 24, 12, 4, 20, 1, 5, 21, 13, 9, 17, 23], [16, 24, 20, 12, 4, 8, 5, 13, 9, 1, 21, 17, 23], [8, 20, 4, 12, 24, 16, 5, 1, 13, 21, 9, 17, 19, 23, 7, 11, 15], [16, 20, 4, 8, 24, 12, 1, 13, 5, 21, 9, 17, 23], [20, 12, 16, 8, 24, 4, 5, 1, 13, 9, 21, 17, 19, 23, 11, 7, 15], [12, 20, 24, 8, 16, 4, 5, 13, 9, 21, 1, 17, 23], [12, 16, 24, 4, 20, 8, 5, 1, 21, 13, 9, 17, 19, 7, 23, 11, 15], [8, 12, 4, 20, 16, 24, 5, 1, 9, 13, 21, 17, 19, 7, 23, 11, 15], [4, 20, 12, 24, 16, 8, 5, 13, 1, 9, 21, 17, 19, 23, 7, 11, 15], [8, 12, 24, 20, 4, 16, 1, 13, 21, 5, 9, 17, 19, 23, 7, 11, 15], [20, 4, 16, 8, 12, 24, 1, 5, 21, 13, 9, 17, 19, 7, 23, 11, 15], [8, 24, 16, 20, 12, 4, 1, 13, 9, 21, 5, 17, 23], [8, 4, 20, 12, 16, 24, 5, 13, 1, 21, 9, 17, 23], [20, 24, 16, 12, 8, 4, 5, 1, 21, 13, 9, 17, 19, 23, 11, 7, 15], [20, 16, 24, 8, 4, 12, 1, 5, 13, 21, 9, 17, 19, 7, 11], [16, 4, 12, 24, 20, 8, 1, 5, 13, 9, 21, 17, 23], [20, 8, 12, 16, 24, 4, 5, 13, 9, 21, 1, 17, 19, 23, 11, 7, 15], [12, 20, 24, 4, 8, 16, 5, 1, 21, 13, 9, 17, 23], [4, 12, 8, 20, 24, 16, 5, 13, 9, 21, 1, 17, 19, 7, 11], [16, 24, 20, 4, 12, 8, 5, 13, 9, 1, 21, 17, 23], [8, 24, 20, 16, 4, 12, 1, 5, 9, 13, 21, 17, 19, 23, 7, 11, 15], [24, 8, 4, 12, 20, 16, 5, 13, 1, 21, 9, 17, 23], [16, 20, 8, 24, 4, 12, 1, 5, 13, 9, 21, 17, 19, 23, 7, 11, 15], [16, 20, 4, 8, 12, 24, 5, 13, 21, 1, 9, 17, 23], [16, 4, 24, 8, 20, 12, 1, 5, 13, 21, 9, 17, 19, 7, 11], [16, 8, 20, 4, 12, 24, 1, 5, 9, 13, 21, 17, 23], [4, 8, 16, 12, 24, 20, 5, 13, 21, 1, 9, 17, 23], [24, 20, 12, 16, 8, 4, 5, 1, 21, 13, 9, 17, 23], [8, 16, 4, 12, 24, 20, 1, 13, 9, 21, 5, 17, 19, 23, 7, 11, 15], [12, 24, 4, 20, 8, 16, 5, 13, 21, 1, 9, 17, 23], [4, 8, 24, 16, 20, 12, 1, 13, 5, 21, 9, 17, 19, 7, 11], [20, 24, 12, 8, 16, 4, 5, 1, 9, 13, 21, 17, 23], [4, 12, 20, 24, 16, 8, 1, 13, 5, 9, 21, 17, 23], [16, 4, 24, 12, 8, 20, 1, 13, 21, 5, 9, 17, 23], [4, 20, 8, 24, 12, 16, 5, 1, 9, 13, 21, 17, 19, 23, 11, 7, 15], [16, 24, 4, 12, 20, 8, 5, 13, 21, 1, 9, 17, 19, 23, 7, 11, 15], [24, 20, 4, 8, 12, 16, 5, 13, 1, 21, 9, 17, 19, 23, 11, 7, 15], [4, 20, 16, 8, 24, 12, 1, 13, 5, 21, 9, 17, 19, 7, 11], [24, 20, 16, 12, 8, 4, 5, 13, 21, 1, 9, 17, 19, 7, 23, 11, 15], [20, 4, 12, 16, 24, 8, 5, 13, 9, 21, 1, 17, 23], [24, 16, 4, 12, 20, 8, 5, 13, 1, 9, 21, 17, 23], [4, 16, 20, 24, 8, 12, 1, 13, 9, 21, 5, 17, 19, 23, 7, 11, 15], [12, 8, 16, 4, 20, 24, 1, 5, 13, 21, 9, 17, 23], [4, 24, 16, 8, 12, 20, 5, 1, 9, 21, 13, 17, 23], [24, 4, 12, 8, 16, 20, 1, 5, 9, 13, 21, 17, 23], [8, 20, 12, 4, 24, 16, 5, 1, 21, 13, 9, 17, 23], [16, 20, 8, 24, 12, 4, 1, 13, 5, 21, 9, 17, 23], [24, 8, 4, 20, 12, 16, 1, 13, 9, 5, 21, 17, 23], [4, 8, 20, 24, 16, 12, 1, 13, 5, 21, 9, 17, 19, 7, 23, 11, 15], [8, 16, 24, 20, 4, 12, 1, 5, 13, 9, 21, 17, 23], [12, 4, 20, 16, 24, 8, 1, 5, 21, 13, 9, 17, 23], [24, 4, 16, 8, 12, 20, 1, 5, 21, 13, 9, 17, 23], [12, 8, 16, 24, 20, 4, 1, 5, 13, 21, 9, 17, 23], [20, 12, 8, 24, 4, 16, 5, 13, 1, 9, 21, 17, 23], [24, 20, 12, 16, 8, 4, 5, 1, 9, 21, 13, 17, 19, 7, 11], [12, 20, 24, 16, 8, 4, 5, 13, 9, 21, 1, 17, 23], [20, 16, 24, 4, 12, 8, 1, 13, 5, 21, 9, 17, 19, 7, 11], [16, 4, 20, 24, 12, 8, 5, 1, 13, 21, 9, 17, 19, 23, 11, 7, 15], [20, 12, 16, 4, 24, 8, 5, 13, 9, 1, 21, 17, 23], [8, 4, 16, 12, 24, 20, 1, 13, 21, 5, 9, 17, 19, 23, 7, 11, 15], [24, 4, 8, 16, 12, 20, 5, 1, 21, 13, 9, 17, 23], [16, 20, 24, 8, 12, 4, 1, 5, 9, 21, 13, 17, 23], [24, 8, 4, 20, 16, 12, 5, 13, 9, 1, 21, 17, 23], [20, 4, 16, 8, 12, 24, 5, 1, 13, 9, 21, 17, 19, 23, 7, 11, 15], [20, 24, 16, 4, 8, 12, 1, 13, 5, 21, 9, 17, 19, 7, 23, 11, 15], [16, 4, 20, 8, 12, 24, 5, 13, 21, 1, 9, 17, 19, 23, 7, 11, 15], [24, 20, 16, 12, 8, 4, 1, 5, 9, 21, 13, 17, 19, 23, 7, 11, 15], [20, 12, 16, 24, 8, 4, 5, 1, 21, 13, 9, 17, 19, 7, 11], [24, 16, 4, 8, 12, 20, 5, 1, 13, 9, 21, 17, 23], [24, 12, 4, 20, 8, 16, 5, 13, 21, 1, 9, 17, 23], [24, 20, 16, 8, 4, 12, 5, 1, 9, 21, 13, 17, 19, 23, 7, 11, 15], [24, 8, 20, 12, 4, 16, 5, 1, 9, 13, 21, 17, 19, 23, 11, 7, 15], [4, 12, 20, 24, 16, 8, 1, 13, 9, 21, 5, 17, 19, 23, 11, 7, 15], [24, 4, 12, 16, 8, 20, 1, 5, 9, 13, 21, 17, 23], [16, 4, 8, 12, 24, 20, 5, 13, 1, 21, 9, 17, 23], [12, 4, 16, 20, 24, 8, 1, 13, 9, 5, 21, 17, 23], [4, 12, 8, 16, 24, 20, 5, 13, 9, 21, 1, 17, 19, 23, 7, 11, 15], [24, 16, 20, 12, 8, 4, 1, 5, 21, 13, 9, 17, 23], [8, 4, 16, 24, 20, 12, 1, 5, 21, 13, 9, 17, 19, 7, 23, 11, 15], [8, 20, 12, 24, 16, 4, 5, 13, 9, 1, 21, 17, 23], [12, 24, 8, 16, 4, 20, 5, 13, 21, 1, 9, 17, 19, 7, 11], [12, 16, 8, 24, 4, 20, 1, 5, 21, 13, 9, 17, 23], [8, 16, 4, 12, 24, 20, 5, 1, 9, 13, 21, 17, 19, 23, 7, 11, 15], [20, 4, 24, 16, 12, 8, 1, 13, 21, 5, 9, 17, 23], [8, 20, 12, 16, 4, 24, 5, 13, 9, 1, 21, 17, 19, 23, 7, 11, 15], [4, 16, 12, 20, 24, 8, 1, 5, 13, 21, 9, 17, 19, 7, 23, 11, 15], [8, 4, 12, 24, 16, 20, 1, 13, 5, 21, 9, 17, 23], [16, 8, 4, 20, 24, 12, 5, 13, 1, 21, 9, 17, 19, 7, 11], [20, 24, 16, 12, 4, 8, 1, 13, 5, 21, 9, 17, 23], [24, 12, 20, 16, 4, 8, 1, 13, 9, 21, 5, 17, 19, 23, 11, 7, 15], [16, 12, 8, 20, 24, 4, 1, 13, 9, 21, 5, 17, 19, 7, 11], [8, 24, 16, 20, 4, 12, 1, 13, 5, 9, 21, 17, 19, 7, 11], [24, 12, 16, 8, 4, 20, 1, 5, 13, 21, 9, 17, 19, 23, 7, 11, 15], [16, 8, 4, 24, 12, 20, 1, 5, 9, 21, 13, 17, 19, 23, 7, 11, 15], [8, 16, 4, 24, 12, 20, 1, 13, 5, 21, 9, 17, 23], [20, 12, 16, 8, 24, 4, 1, 5, 9, 13, 21, 17, 19, 7, 11], [20, 4, 12, 24, 8, 16, 1, 5, 9, 13, 21, 17, 19, 23, 7, 11, 15], [20, 12, 4, 16, 8, 24, 1, 5, 9, 21, 13, 17, 19, 23, 7, 11, 15], [8, 24, 16, 12, 4, 20, 5, 13, 1, 21, 9, 17, 19, 7, 23, 11, 15], [8, 16, 24, 20, 12, 4, 1, 13, 9, 5, 21, 17, 23], [24, 16, 12, 4, 8, 20, 1, 13, 5, 9, 21, 17, 23], [12, 8, 20, 16, 4, 24, 5, 1, 21, 13, 9, 17, 19, 23, 7, 11, 15], [20, 4, 8, 12, 24, 16, 5, 13, 1, 9, 21, 17, 23], [12, 8, 4, 24, 16, 20, 5, 13, 21, 1, 9, 17, 19, 23, 7, 11, 15], [4, 20, 16, 24, 8, 12, 5, 1, 9, 13, 21, 17, 19, 23, 7, 11, 15], [16, 20, 4, 8, 12, 24, 1, 13, 21, 5, 9, 17, 23], [4, 16, 24, 8, 12, 20, 5, 1, 21, 13, 9, 17, 19, 7, 23, 11, 15], [8, 24, 16, 20, 4, 12, 5, 13, 1, 9, 21, 17, 23], [4, 12, 8, 20, 24, 16, 1, 13, 9, 21, 5, 17, 19, 23, 11, 7, 15], [20, 16, 12, 8, 4, 24, 5, 1, 21, 13, 9, 17, 23], [4, 12, 20, 24, 16, 8, 1, 13, 5, 9, 21, 17, 19, 7, 23, 11, 15], [4, 8, 16, 12, 24, 20, 5, 1, 13, 9, 21, 17, 23], [12, 16, 8, 4, 24, 20, 1, 5, 9, 21, 13, 17, 19, 23, 7, 11, 15], [12, 4, 24, 20, 16, 8, 5, 1, 13, 21, 9, 17, 23], [20, 16, 24, 12, 8, 4, 1, 5, 21, 13, 9, 17, 19, 7, 23, 11, 15], [12, 4, 20, 8, 16, 24, 5, 1, 21, 13, 9, 17, 19, 23, 11, 7, 15], [8, 4, 12, 16, 24, 20, 5, 13, 21, 1, 9, 17, 23], [8, 12, 20, 16, 24, 4, 1, 13, 9, 5, 21, 17, 23], [20, 4, 16, 24, 12, 8, 5, 1, 13, 21, 9, 17, 23], [8, 4, 12, 24, 20, 16, 1, 5, 13, 21, 9, 17, 23], [12, 24, 4, 16, 20, 8, 1, 13, 21, 5, 9, 17, 23], [16, 8, 24, 20, 12, 4, 1, 13, 9, 5, 21, 17, 19, 7, 11], [12, 4, 8, 24, 20, 16, 1, 13, 5, 21, 9, 17, 23], [8, 16, 4, 20, 12, 24, 5, 13, 21, 1, 9, 17, 23], [24, 20, 12, 8, 4, 16, 1, 13, 9, 21, 5, 17, 19, 23, 11, 7, 15], [24, 20, 12, 16, 8, 4, 1, 13, 21, 5, 9, 17, 19, 23, 11, 7, 15], [16, 24, 20, 4, 8, 12, 5, 13, 21, 1, 9, 17, 19, 23, 11, 7, 15], [16, 4, 12, 24, 20, 8, 5, 1, 9, 21, 13, 17, 23], [24, 4, 16, 12, 8, 20, 1, 5, 13, 21, 9, 17, 23], [4, 16, 8, 20, 12, 24, 5, 1, 13, 21, 9, 17, 19, 23, 7, 11, 15], [16, 20, 8, 12, 24, 4, 5, 1, 9, 21, 13, 17, 19, 23, 7, 11, 15], [8, 24, 12, 4, 16, 20, 1, 5, 13, 9, 21, 17, 23], [24, 20, 12, 4, 8, 16, 1, 5, 9, 21, 13, 17, 19, 23, 11, 7, 15], [16, 24, 8, 20, 4, 12, 5, 13, 9, 21, 1, 17, 23], [24, 8, 20, 4, 12, 16, 1, 13, 9, 5, 21, 17, 19, 7, 23, 11, 15], [16, 12, 24, 20, 8, 4, 5, 13, 9, 21, 1, 17, 19, 23, 7, 11, 15], [24, 12, 20, 16, 4, 8, 5, 13, 1, 9, 21, 17, 23], [12, 24, 4, 8, 20, 16, 1, 13, 21, 5, 9, 17, 23], [24, 4, 12, 8, 20, 16, 1, 13, 21, 5, 9, 17, 23], [16, 24, 20, 12, 4, 8, 1, 13, 9, 21, 5, 17, 23], [8, 4, 24, 20, 16, 12, 1, 5, 13, 21, 9, 17, 19, 23, 11, 7, 15], [4, 8, 16, 24, 20, 12, 5, 1, 21, 13, 9, 17, 23], [12, 16, 24, 20, 8, 4, 5, 1, 9, 13, 21, 17, 19, 23, 11, 7, 15], [16, 12, 24, 20, 4, 8, 5, 1, 9, 21, 13, 17, 19, 23, 7, 11, 15], [20, 24, 12, 4, 8, 16, 5, 13, 1, 21, 9, 17, 19, 23, 7, 11, 15], [24, 20, 12, 4, 16, 8, 5, 1, 13, 9, 21, 17, 23], [16, 12, 24, 8, 4, 20, 1, 13, 21, 5, 9, 17, 23], [20, 24, 12, 16, 4, 8, 5, 1, 13, 21, 9, 17, 23], [20, 8, 24, 16, 12, 4, 1, 13, 9, 21, 5, 17, 23], [8, 24, 12, 16, 4, 20, 1, 13, 5, 9, 21, 17, 23], [20, 8, 24, 16, 12, 4, 5, 1, 21, 13, 9, 17, 23], [24, 16, 12, 4, 20, 8, 1, 13, 9, 5, 21, 17, 19, 7, 23, 11, 15], [12, 20, 24, 8, 16, 4, 5, 13, 9, 21, 1, 17, 19, 23, 7, 11, 15], [12, 4, 8, 20, 24, 16, 5, 13, 1, 9, 21, 17, 23], [24, 4, 20, 12, 8, 16, 1, 5, 9, 21, 13, 17, 19, 7, 23, 11, 15], [24, 20, 16, 12, 4, 8, 5, 1, 9, 21, 13, 17, 23], [4, 12, 16, 8, 20, 24, 5, 1, 13, 9, 21, 17, 23], [4, 16, 24, 20, 12, 8, 5, 13, 1, 9, 21, 17, 19, 7, 23, 11, 15], [24, 16, 4, 12, 20, 8, 5, 13, 1, 9, 21, 17, 23], [8, 24, 12, 4, 16, 20, 5, 13, 9, 1, 21, 17, 23], [24, 16, 8, 12, 4, 20, 5, 13, 21, 1, 9, 17, 23], [12, 8, 16, 20, 4, 24, 5, 13, 21, 1, 9, 17, 23], [16, 8, 24, 20, 4, 12, 1, 13, 9, 5, 21, 17, 23], [24, 16, 20, 4, 12, 8, 1, 13, 9, 5, 21, 17, 19, 7, 11], [24, 20, 8, 16, 4, 12, 5, 1, 13, 9, 21, 17, 19, 7, 23, 11, 15], [4, 24, 16, 12, 8, 20, 1, 13, 5, 21, 9, 17, 23], [16, 8, 12, 20, 4, 24, 5, 1, 21, 13, 9, 17, 23], [12, 16, 24, 4, 8, 20, 1, 5, 9, 21, 13, 17, 23], [20, 8, 24, 16, 4, 12, 1, 5, 21, 13, 9, 17, 23], [16, 12, 20, 24, 4, 8, 1, 13, 9, 21, 5, 17, 19, 23, 7, 11, 15], [12, 20, 16, 4, 8, 24, 1, 13, 5, 21, 9, 17, 19, 7, 23, 11, 15], [16, 12, 20, 8, 24, 4, 1, 5, 9, 21, 13, 17, 23], [20, 8, 16, 24, 4, 12, 5, 1, 13, 21, 9, 17, 19, 23, 11, 7, 15], [12, 16, 20, 8, 24, 4, 1, 5, 9, 21, 13, 17, 23], [8, 4, 16, 20, 12, 24, 5, 13, 21, 1, 9, 17, 19, 7, 23, 11, 15], [24, 16, 8, 12, 4, 20, 1, 5, 21, 13, 9, 17, 19, 7, 11], [4, 12, 20, 24, 8, 16, 1, 5, 13, 21, 9, 17, 19, 23, 7, 11, 15], [8, 16, 20, 12, 4, 24, 5, 1, 9, 13, 21, 17, 23], [20, 12, 8, 24, 16, 4, 1, 5, 9, 13, 21, 17, 23], [8, 16, 20, 4, 24, 12, 1, 5, 13, 21, 9, 17, 19, 7, 23, 11, 15], [12, 20, 24, 8, 16, 4, 1, 13, 21, 5, 9, 17, 23], [8, 16, 4, 12, 24, 20, 5, 13, 21, 1, 9, 17, 23], [24, 20, 12, 16, 4, 8, 5, 13, 21, 1, 9, 17, 19, 23, 11, 7, 15], [20, 16, 24, 8, 4, 12, 1, 13, 5, 9, 21, 17, 19, 7, 11], [24, 12, 16, 20, 4, 8, 1, 5, 13, 9, 21, 17, 19, 7, 23, 11, 15], [4, 20, 8, 12, 24, 16, 5, 1, 13, 21, 9, 17, 19, 7, 23, 11, 15], [16, 8, 24, 20, 4, 12, 1, 13, 5, 21, 9, 17, 23], [20, 16, 12, 24, 4, 8, 1, 5, 21, 13, 9, 17, 23], [8, 20, 24, 16, 4, 12, 5, 1, 21, 13, 9, 17, 23], [4, 24, 12, 8, 20, 16, 1, 13, 9, 21, 5, 17, 19, 23, 11, 7, 15], [4, 20, 8, 12, 16, 24, 1, 13, 9, 5, 21, 17, 19, 23, 7, 11, 15], [24, 4, 16, 8, 12, 20, 1, 5, 13, 9, 21, 17, 23], [12, 20, 16, 4, 8, 24, 5, 13, 9, 21, 1, 17, 23], [20, 4, 24, 16, 12, 8, 5, 13, 9, 1, 21, 17, 23], [8, 16, 20, 24, 12, 4, 1, 13, 9, 5, 21, 17, 19, 23, 11, 7, 15], [12, 24, 16, 4, 8, 20, 1, 5, 9, 13, 21, 17, 19, 23, 7, 11, 15], [16, 24, 8, 4, 20, 12, 1, 13, 21, 5, 9, 17, 23], [8, 16, 24, 12, 4, 20, 1, 13, 21, 5, 9, 17, 19, 23, 7, 11, 15], [16, 20, 4, 12, 24, 8, 1, 13, 9, 21, 5, 17, 23], [24, 16, 8, 12, 20, 4, 5, 1, 13, 9, 21, 17, 19, 7, 11], [20, 16, 8, 4, 24, 12, 5, 1, 9, 13, 21, 17, 23], [12, 24, 20, 4, 16, 8, 5, 13, 21, 1, 9, 17, 23], [4, 24, 16, 20, 8, 12, 1, 5, 9, 13, 21, 17, 19, 7, 11], [24, 8, 16, 12, 20, 4, 5, 1, 21, 13, 9, 17, 19, 23, 7, 11, 15], [16, 12, 20, 24, 8, 4, 5, 1, 9, 21, 13, 17, 19, 7, 11], [20, 8, 4, 12, 16, 24, 5, 1, 13, 21, 9, 17, 19, 7, 23, 11, 15], [12, 4, 20, 16, 24, 8, 5, 13, 1, 9, 21, 17, 19, 23, 11, 7, 15], [4, 8, 24, 16, 20, 12, 1, 5, 21, 13, 9, 17, 19, 23, 11, 7, 15], [8, 16, 12, 20, 4, 24, 5, 1, 21, 13, 9, 17, 23], [16, 8, 12, 4, 24, 20, 5, 1, 13, 9, 21, 17, 19, 23, 7, 11, 15], [8, 12, 24, 20, 4, 16, 5, 1, 9, 21, 13, 17, 23], [12, 8, 24, 4, 16, 20, 1, 5, 21, 13, 9, 17, 23], [20, 16, 12, 24, 8, 4, 5, 13, 1, 9, 21, 17, 19, 7, 11], [20, 24, 8, 16, 4, 12, 1, 13, 21, 5, 9, 17, 19, 23, 11, 7, 15], [24, 16, 8, 4, 12, 20, 5, 13, 9, 21, 1, 17, 23], [4, 12, 24, 20, 8, 16, 5, 13, 1, 9, 21, 17, 19, 7, 23, 11, 15], [12, 8, 24, 16, 4, 20, 1, 5, 21, 13, 9, 17, 23], [12, 16, 24, 20, 8, 4, 5, 13, 9, 21, 1, 17, 19, 23, 7, 11, 15], [4, 12, 24, 20, 16, 8, 5, 13, 21, 1, 9, 17, 19, 23, 7, 11, 15], [8, 12, 20, 16, 4, 24, 5, 13, 21, 1, 9, 17, 23], [16, 20, 24, 4, 8, 12, 1, 13, 21, 5, 9, 17, 19, 7, 11], [12, 4, 16, 20, 24, 8, 5, 1, 13, 21, 9, 17, 23], [24, 8, 4, 16, 12, 20, 1, 13, 9, 5, 21, 17, 23], [16, 8, 4, 24, 12, 20, 5, 13, 21, 1, 9, 17, 23], [16, 12, 24, 4, 20, 8, 1, 13, 21, 5, 9, 17, 19, 23, 11, 7, 15], [20, 12, 4, 16, 8, 24, 5, 13, 1, 9, 21, 17, 23], [24, 20, 12, 4, 16, 8, 1, 5, 9, 21, 13, 17, 19, 7, 11], [8, 4, 12, 16, 24, 20, 1, 13, 5, 21, 9, 17, 19, 23, 7, 11, 15], [12, 4, 16, 8, 20, 24, 1, 13, 9, 5, 21, 17, 19, 23, 11, 7, 15], [4, 12, 16, 8, 20, 24, 5, 1, 13, 21, 9, 17, 23], [20, 24, 4, 16, 12, 8, 1, 5, 13, 21, 9, 17, 23], [20, 16, 24, 8, 4, 12, 5, 13, 1, 9, 21, 17, 19, 7, 11], [12, 16, 20, 24, 8, 4, 1, 13, 9, 21, 5, 17, 23], [16, 12, 20, 24, 4, 8, 1, 13, 21, 5, 9, 17, 23], [20, 8, 16, 24, 12, 4, 5, 13, 21, 1, 9, 17, 19, 7, 11], [16, 4, 24, 20, 8, 12, 1, 5, 13, 9, 21, 17, 23], [24, 8, 12, 16, 4, 20, 1, 13, 5, 21, 9, 17, 23], [20, 24, 16, 4, 12, 8, 1, 13, 21, 5, 9, 17, 23], [20, 16, 12, 8, 24, 4, 5, 1, 9, 21, 13, 17, 23], [24, 4, 16, 12, 20, 8, 5, 13, 9, 21, 1, 17, 19, 7, 23, 11, 15], [16, 4, 24, 20, 12, 8, 1, 5, 9, 21, 13, 17, 19, 23, 11, 7, 15], [20, 16, 24, 4, 8, 12, 1, 5, 21, 13, 9, 17, 23], [4, 8, 12, 20, 16, 24, 5, 1, 9, 13, 21, 17, 23], [12, 16, 8, 4, 24, 20, 1, 13, 9, 5, 21, 17, 23], [24, 8, 4, 20, 12, 16, 5, 13, 21, 1, 9, 17, 19, 23, 7, 11, 15], [20, 16, 24, 8, 12, 4, 5, 1, 13, 21, 9, 17, 23], [8, 12, 20, 4, 16, 24, 1, 5, 13, 9, 21, 17, 23], [24, 4, 20, 12, 16, 8, 5, 1, 21, 13, 9, 17, 23], [8, 12, 16, 20, 24, 4, 5, 1, 9, 21, 13, 17, 19, 23, 11, 7, 15], [24, 4, 16, 8, 20, 12, 5, 13, 9, 1, 21, 17, 23], [12, 8, 4, 20, 16, 24, 5, 1, 13, 9, 21, 17, 23], [16, 4, 24, 12, 20, 8, 1, 5, 9, 13, 21, 17, 19, 7, 11], [20, 12, 16, 4, 24, 8, 1, 13, 9, 21, 5, 17, 23], [12, 8, 16, 24, 20, 4, 5, 1, 13, 9, 21, 17, 19, 23, 7, 11, 15], [24, 16, 8, 4, 20, 12, 5, 1, 9, 21, 13, 17, 19, 23, 7, 11, 15], [24, 8, 12, 16, 20, 4, 5, 13, 9, 1, 21, 17, 23], [8, 4, 12, 20, 16, 24, 1, 5, 9, 13, 21, 17, 23], [4, 20, 8, 24, 16, 12, 1, 5, 21, 13, 9, 17, 23], [8, 16, 20, 12, 4, 24, 1, 13, 5, 21, 9, 17, 19, 23, 11, 7, 15], [8, 12, 4, 20, 16, 24, 5, 1, 21, 13, 9, 17, 19, 23, 11, 7, 15], [4, 16, 20, 24, 8, 12, 5, 1, 21, 13, 9, 17, 19, 7, 11], [4, 24, 20, 16, 8, 12, 5, 13, 9, 21, 1, 17, 23], [4, 12, 8, 24, 16, 20, 5, 1, 9, 13, 21, 17, 23], [12, 4, 20, 24, 16, 8, 1, 5, 9, 21, 13, 17, 23], [16, 8, 12, 24, 4, 20, 1, 5, 13, 21, 9, 17, 23], [12, 16, 4, 24, 8, 20, 1, 5, 9, 13, 21, 17, 23], [16, 8, 4, 12, 24, 20, 5, 1, 21, 13, 9, 17, 23], [8, 12, 16, 24, 20, 4, 1, 13, 21, 5, 9, 17, 19, 23, 11, 7, 15], [24, 12, 20, 16, 4, 8, 5, 13, 9, 21, 1, 17, 19, 23, 11, 7, 15], [24, 12, 16, 4, 20, 8, 1, 5, 13, 21, 9, 17, 19, 7, 11], [12, 16, 24, 4, 20, 8, 5, 13, 21, 1, 9, 17, 19, 23, 7, 11, 15], [8, 20, 24, 12, 16, 4, 1, 13, 5, 9, 21, 17, 23], [20, 4, 24, 16, 12, 8, 1, 13, 5, 9, 21, 17, 23], [24, 12, 8, 20, 4, 16, 5, 1, 9, 13, 21, 17, 23], [8, 24, 16, 12, 20, 4, 1, 5, 9, 13, 21, 17, 19, 23, 7, 11, 15], [8, 20, 16, 12, 24, 4, 1, 5, 13, 9, 21, 17, 19, 23, 7, 11, 15], [12, 20, 24, 8, 4, 16, 5, 1, 21, 13, 9, 17, 23], [12, 20, 24, 4, 16, 8, 1, 5, 13, 21, 9, 17, 23], [24, 12, 4, 16, 20, 8, 1, 13, 9, 5, 21, 17, 19, 7, 23, 11, 15], [20, 12, 8, 24, 16, 4, 5, 13, 21, 1, 9, 17, 23], [16, 20, 24, 12, 8, 4, 5, 1, 13, 21, 9, 17, 19, 23, 7, 11, 15], [16, 4, 12, 8, 24, 20, 5, 13, 9, 21, 1, 17, 23], [20, 16, 8, 24, 4, 12, 5, 13, 1, 21, 9, 17, 19, 7, 23, 11, 15], [12, 8, 16, 20, 4, 24, 5, 13, 9, 21, 1, 17, 23], [4, 16, 20, 8, 24, 12, 1, 13, 9, 5, 21, 17, 19, 23, 11, 7, 15], [16, 24, 12, 20, 4, 8, 1, 5, 21, 13, 9, 17, 23], [20, 16, 4, 24, 12, 8, 5, 1, 13, 9, 21, 17, 19, 23, 7, 11, 15], [12, 20, 24, 4, 8, 16, 5, 13, 1, 21, 9, 17, 19, 23, 11, 7, 15], [4, 12, 8, 20, 24, 16, 1, 13, 21, 5, 9, 17, 19, 23, 11, 7, 15], [4, 12, 16, 8, 24, 20, 1, 13, 21, 5, 9, 17, 23], [16, 24, 20, 12, 4, 8, 1, 13, 9, 5, 21, 17, 23], [16, 24, 8, 4, 12, 20, 5, 13, 21, 1, 9, 17, 19, 23, 11, 7, 15], [24, 8, 12, 16, 20, 4, 5, 13, 1, 21, 9, 17, 19, 23, 7, 11, 15], [12, 8, 20, 24, 4, 16, 5, 13, 1, 21, 9, 17, 19, 23, 11, 7, 15], [24, 20, 12, 8, 16, 4, 1, 13, 5, 9, 21, 17, 19, 7, 23, 11, 15], [20, 4, 8, 16, 12, 24, 5, 1, 21, 13, 9, 17, 19, 7, 11], [12, 16, 4, 8, 20, 24, 1, 13, 9, 21, 5, 17, 23], [4, 20, 8, 16, 24, 12, 1, 5, 9, 13, 21, 17, 23], [24, 20, 12, 4, 16, 8, 1, 13, 9, 5, 21, 17, 19, 23, 11, 7, 15], [8, 20, 12, 24, 16, 4, 5, 1, 9, 13, 21, 17, 23], [12, 4, 20, 8, 16, 24, 1, 5, 9, 21, 13, 17, 19, 23, 11, 7, 15], [24, 4, 16, 12, 20, 8, 5, 13, 21, 1, 9, 17, 23], [20, 8, 24, 4, 12, 16, 1, 13, 9, 21, 5, 17, 19, 7, 23, 11, 15], [24, 12, 16, 20, 8, 4, 1, 5, 9, 21, 13, 17, 19, 23, 7, 11, 15], [12, 24, 4, 16, 8, 20, 5, 1, 13, 9, 21, 17, 23], [24, 4, 16, 20, 12, 8, 1, 5, 9, 21, 13, 17, 23], [24, 8, 4, 16, 20, 12, 1, 5, 13, 9, 21, 17, 19, 7, 23, 11, 15], [24, 12, 16, 20, 8, 4, 5, 13, 1, 9, 21, 17, 19, 7, 11], [8, 16, 4, 24, 12, 20, 1, 5, 21, 13, 9, 17, 19, 23, 11, 7, 15], [16, 12, 20, 24, 8, 4, 1, 5, 21, 13, 9, 17, 23], [12, 8, 20, 24, 16, 4, 1, 5, 9, 13, 21, 17, 19, 23, 11, 7, 15], [4, 24, 20, 8, 16, 12, 1, 13, 5, 21, 9, 17, 19, 23, 11, 7, 15], [8, 12, 16, 20, 4, 24, 1, 13, 5, 9, 21, 17, 19, 23, 11, 7, 15], [20, 24, 8, 12, 4, 16, 5, 1, 9, 21, 13, 17, 23], [20, 8, 16, 12, 4, 24, 5, 13, 1, 21, 9, 17, 23], [8, 4, 16, 12, 20, 24, 5, 1, 9, 21, 13, 17, 19, 23, 11, 7, 15], [4, 20, 16, 8, 24, 12, 5, 1, 13, 9, 21, 17, 23], [8, 24, 16, 12, 4, 20, 1, 13, 21, 5, 9, 17, 23], [12, 24, 4, 20, 8, 16, 1, 5, 21, 13, 9, 17, 19, 23, 11, 7, 15], [4, 8, 12, 24, 16, 20, 5, 1, 9, 21, 13, 17, 19, 7, 11], [24, 20, 16, 12, 4, 8, 1, 13, 5, 21, 9, 17, 19, 23, 11, 7, 15], [16, 12, 24, 8, 4, 20, 5, 13, 21, 1, 9, 17, 23], [4, 12, 24, 16, 20, 8, 5, 13, 1, 9, 21, 17, 23], [12, 24, 16, 8, 20, 4, 1, 5, 9, 13, 21, 17, 19, 7, 23, 11, 15], [20, 24, 4, 12, 16, 8, 1, 13, 5, 9, 21, 17, 19, 7, 23, 11, 15], [20, 16, 24, 12, 8, 4, 1, 13, 5, 21, 9, 17, 23], [16, 24, 12, 4, 8, 20, 1, 13, 9, 21, 5, 17, 23], [20, 4, 8, 24, 12, 16, 1, 5, 21, 13, 9, 17, 19, 7, 23, 11, 15], [8, 4, 16, 12, 24, 20, 5, 13, 9, 21, 1, 17, 23], [16, 24, 8, 20, 4, 12, 5, 1, 21, 13, 9, 17, 23], [24, 20, 4, 16, 12, 8, 5, 1, 21, 13, 9, 17, 19, 23, 11, 7, 15], [12, 24, 8, 16, 4, 20, 1, 13, 5, 9, 21, 17, 19, 23, 11, 7, 15], [8, 24, 4, 12, 20, 16, 1, 5, 9, 21, 13, 17, 23], [20, 24, 12, 8, 4, 16, 1, 5, 21, 13, 9, 17, 23], [4, 16, 24, 20, 12, 8, 5, 1, 13, 9, 21, 17, 23], [16, 24, 8, 4, 20, 12, 5, 1, 9, 21, 13, 17, 23], [12, 24, 20, 4, 16, 8, 1, 5, 13, 9, 21, 17, 23], [4, 16, 24, 8, 20, 12, 1, 5, 13, 9, 21, 17, 23], [24, 20, 4, 8, 16, 12, 1, 5, 9, 21, 13, 17, 23], [24, 8, 16, 4, 12, 20, 1, 5, 13, 21, 9, 17, 19, 23, 7, 11, 15], [16, 12, 8, 4, 24, 20, 1, 13, 5, 21, 9, 17, 19, 7, 23, 11, 15], [16, 4, 20, 8, 12, 24, 1, 13, 5, 21, 9, 17, 23], [20, 16, 8, 12, 24, 4, 1, 5, 21, 13, 9, 17, 19, 7, 11], [8, 12, 24, 20, 4, 16, 5, 13, 1, 9, 21, 17, 23], [8, 20, 12, 24, 4, 16, 1, 13, 5, 21, 9, 17, 23], [4, 16, 12, 24, 20, 8, 1, 13, 21, 5, 9, 17, 19, 23, 7, 11, 15], [12, 16, 8, 20, 24, 4, 1, 5, 21, 13, 9, 17, 23], [16, 4, 24, 12, 8, 20, 1, 5, 21, 13, 9, 17, 23], [20, 24, 8, 16, 4, 12, 1, 5, 21, 13, 9, 17, 23], [20, 4, 16, 8, 12, 24, 5, 1, 21, 13, 9, 17, 23], [8, 4, 24, 12, 20, 16, 1, 5, 21, 13, 9, 17, 19, 7, 11], [12, 24, 4, 8, 20, 16, 5, 1, 13, 21, 9, 17, 23], [20, 12, 16, 4, 24, 8, 5, 1, 21, 13, 9, 17, 23], [20, 24, 16, 4, 12, 8, 5, 1, 9, 21, 13, 17, 23], [20, 24, 8, 12, 4, 16, 5, 13, 21, 1, 9, 17, 19, 7, 23, 11, 15], [4, 16, 24, 8, 20, 12, 1, 13, 5, 21, 9, 17, 23], [20, 12, 16, 4, 24, 8, 5, 13, 1, 9, 21, 17, 19, 23, 11, 7, 15], [4, 12, 16, 20, 24, 8, 5, 13, 9, 21, 1, 17, 23], [20, 12, 8, 24, 16, 4, 5, 1, 13, 21, 9, 17, 19, 23, 11, 7, 15], [16, 20, 24, 8, 12, 4, 1, 5, 21, 13, 9, 17, 19, 7, 23, 11, 15], [8, 12, 20, 24, 16, 4, 5, 1, 21, 13, 9, 17, 19, 7, 11], [12, 8, 24, 16, 20, 4, 5, 1, 21, 13, 9, 17, 19, 23, 7, 11, 15], [8, 12, 24, 16, 20, 4, 5, 13, 9, 1, 21, 17, 23], [4, 8, 12, 24, 16, 20, 5, 13, 9, 1, 21, 17, 23], [12, 8, 24, 4, 20, 16, 1, 5, 13, 21, 9, 17, 23], [8, 16, 12, 4, 24, 20, 5, 13, 9, 1, 21, 17, 23], [24, 8, 16, 20, 12, 4, 1, 13, 9, 21, 5, 17, 23], [8, 24, 16, 20, 4, 12, 5, 13, 21, 1, 9, 17, 19, 23, 7, 11, 15], [16, 20, 12, 8, 4, 24, 1, 5, 13, 9, 21, 17, 19, 23, 11, 7, 15], [16, 24, 8, 20, 4, 12, 5, 1, 9, 21, 13, 17, 23], [16, 12, 4, 8, 24, 20, 1, 5, 9, 13, 21, 17, 23], [4, 24, 20, 16, 8, 12, 5, 1, 13, 9, 21, 17, 19, 7, 11], [4, 8, 20, 16, 12, 24, 5, 13, 9, 21, 1, 17, 23], [12, 16, 8, 24, 4, 20, 5, 13, 21, 1, 9, 17, 19, 7, 11], [12, 24, 16, 20, 8, 4, 5, 1, 21, 13, 9, 17, 23], [12, 16, 4, 20, 8, 24, 5, 1, 9, 21, 13, 17, 23], [4, 20, 12, 8, 16, 24, 5, 1, 9, 13, 21, 17, 23], [4, 24, 8, 20, 12, 16, 5, 1, 9, 21, 13, 17, 19, 23, 7, 11, 15], [16, 12, 24, 4, 8, 20, 1, 5, 13, 21, 9, 17, 19, 23, 11, 7, 15], [4, 8, 24, 16, 20, 12, 5, 13, 21, 1, 9, 17, 19, 7, 23, 11, 15], [12, 20, 24, 8, 4, 16, 1, 5, 9, 13, 21, 17, 23], [20, 12, 24, 16, 4, 8, 1, 13, 21, 5, 9, 17, 19, 23, 11, 7, 15], [24, 8, 12, 4, 20, 16, 5, 1, 21, 13, 9, 17, 19, 23, 11, 7, 15], [24, 20, 8, 16, 4, 12, 5, 13, 1, 21, 9, 17, 19, 7, 23, 11, 15], [4, 12, 24, 8, 20, 16, 1, 13, 9, 21, 5, 17, 23], [16, 8, 12, 4, 20, 24, 5, 13, 9, 21, 1, 17, 23], [20, 12, 16, 4, 8, 24, 5, 13, 9, 21, 1, 17, 23], [8, 20, 24, 16, 4, 12, 1, 13, 9, 5, 21, 17, 23], [20, 24, 4, 12, 8, 16, 1, 5, 21, 13, 9, 17, 19, 23, 7, 11, 15], [8, 20, 16, 24, 4, 12, 5, 1, 21, 13, 9, 17, 23], [16, 20, 4, 24, 12, 8, 1, 13, 9, 21, 5, 17, 19, 7, 11], [4, 24, 20, 16, 8, 12, 5, 13, 21, 1, 9, 17, 23], [12, 4, 16, 24, 20, 8, 5, 13, 9, 21, 1, 17, 23], [12, 4, 24, 8, 20, 16, 5, 13, 1, 21, 9, 17, 23], [16, 4, 20, 24, 8, 12, 5, 13, 9, 1, 21, 17, 23], [16, 24, 8, 4, 20, 12, 1, 13, 5, 21, 9, 17, 23], [20, 16, 4, 8, 24, 12, 1, 5, 13, 9, 21, 17, 19, 23, 11, 7, 15], [8, 12, 4, 20, 24, 16, 5, 1, 9, 21, 13, 17, 23], [24, 4, 12, 8, 20, 16, 1, 5, 13, 21, 9, 17, 23], [20, 24, 4, 12, 8, 16, 1, 13, 9, 5, 21, 17, 19, 7, 23, 11, 15], [4, 16, 20, 24, 8, 12, 1, 5, 21, 13, 9, 17, 23], [12, 24, 8, 20, 4, 16, 5, 1, 21, 13, 9, 17, 19, 7, 23, 11, 15], [24, 20, 12, 8, 16, 4, 5, 1, 9, 13, 21, 17, 23], [24, 12, 20, 4, 16, 8, 1, 13, 9, 5, 21, 17, 23], [4, 12, 16, 24, 20, 8, 5, 13, 9, 21, 1, 17, 19, 23, 11, 7, 15], [20, 16, 4, 12, 24, 8, 1, 13, 21, 5, 9, 17, 19, 23, 11, 7, 15], [4, 8, 24, 16, 12, 20, 5, 1, 9, 21, 13, 17, 23], [12, 16, 20, 4, 8, 24, 1, 13, 5, 21, 9, 17, 19, 23, 7, 11, 15], [4, 24, 20, 16, 8, 12, 5, 13, 21, 1, 9, 17, 19, 7, 11], [8, 24, 12, 4, 20, 16, 1, 5, 21, 13, 9, 17, 19, 7, 23, 11, 15], [12, 24, 16, 20, 4, 8, 5, 1, 13, 9, 21, 17, 19, 7, 23, 11, 15], [12, 16, 4, 20, 8, 24, 1, 13, 9, 5, 21, 17, 23], [24, 20, 16, 4, 8, 12, 5, 1, 21, 13, 9, 17, 19, 7, 11], [24, 12, 20, 8, 4, 16, 5, 1, 9, 21, 13, 17, 19, 7, 11], [24, 16, 12, 4, 20, 8, 5, 1, 9, 21, 13, 17, 19, 7, 11], [20, 16, 24, 12, 8, 4, 5, 1, 13, 21, 9, 17, 23], [24, 8, 4, 20, 12, 16, 1, 5, 21, 13, 9, 17, 19, 7, 23, 11, 15], [20, 8, 4, 24, 16, 12, 1, 5, 9, 13, 21, 17, 19, 23, 7, 11, 15], [12, 24, 4, 8, 20, 16, 5, 13, 21, 1, 9, 17, 23], [20, 4, 8, 24, 12, 16, 5, 13, 21, 1, 9, 17, 23], [16, 4, 8, 20, 12, 24, 1, 13, 21, 5, 9, 17, 23], [16, 12, 4, 24, 20, 8, 5, 13, 21, 1, 9, 17, 23], [12, 24, 20, 4, 8, 16, 1, 5, 13, 21, 9, 17, 23], [12, 4, 8, 24, 16, 20, 1, 5, 13, 9, 21, 17, 19, 7, 11], [8, 4, 16, 12, 20, 24, 1, 13, 5, 9, 21, 17, 19, 7, 23, 11, 15], [12, 4, 8, 16, 20, 24, 5, 13, 21, 1, 9, 17, 23], [24, 16, 12, 8, 4, 20, 5, 13, 21, 1, 9, 17, 23], [12, 8, 20, 16, 4, 24, 1, 5, 9, 21, 13, 17, 23], [16, 12, 4, 20, 8, 24, 5, 1, 21, 13, 9, 17, 19, 7, 23, 11, 15], [8, 16, 24, 20, 12, 4, 5, 13, 9, 1, 21, 17, 23], [24, 20, 16, 8, 4, 12, 1, 5, 13, 21, 9, 17, 23], [24, 4, 8, 16, 20, 12, 1, 5, 21, 13, 9, 17, 23], [8, 12, 24, 4, 16, 20, 1, 13, 21, 5, 9, 17, 23], [4, 12, 8, 20, 24, 16, 1, 5, 13, 9, 21, 17, 23], [8, 12, 4, 20, 24, 16, 5, 13, 1, 21, 9, 17, 23], [16, 20, 4, 24, 12, 8, 5, 1, 21, 13, 9, 17, 23], [20, 8, 12, 24, 16, 4, 1, 5, 13, 21, 9, 17, 23], [4, 8, 24, 12, 20, 16, 5, 13, 21, 1, 9, 17, 23], [24, 12, 20, 16, 8, 4, 1, 13, 5, 21, 9, 17, 23], [20, 8, 16, 12, 24, 4, 5, 1, 13, 21, 9, 17, 23], [4, 8, 20, 24, 12, 16, 5, 1, 9, 13, 21, 17, 23], [16, 12, 24, 4, 8, 20, 5, 13, 21, 1, 9, 17, 19, 7, 23, 11, 15], [12, 20, 4, 24, 8, 16, 5, 1, 13, 21, 9, 17, 23], [24, 12, 20, 4, 16, 8, 1, 13, 21, 5, 9, 17, 23], [20, 24, 12, 4, 8, 16, 1, 5, 9, 21, 13, 17, 19, 7, 23, 11, 15], [8, 16, 12, 20, 4, 24, 1, 5, 9, 13, 21, 17, 19, 23, 11, 7, 15], [20, 16, 24, 8, 12, 4, 5, 1, 21, 13, 9, 17, 19, 23, 7, 11, 15], [20, 24, 8, 12, 16, 4, 5, 13, 21, 1, 9, 17, 19, 7, 11], [16, 4, 20, 12, 8, 24, 5, 13, 21, 1, 9, 17, 23], [24, 8, 12, 16, 4, 20, 1, 13, 5, 9, 21, 17, 19, 23, 11, 7, 15], [12, 20, 8, 4, 24, 16, 1, 5, 9, 13, 21, 17, 19, 23, 11, 7, 15], [24, 16, 20, 8, 4, 12, 1, 5, 21, 13, 9, 17, 23], [24, 4, 8, 16, 12, 20, 5, 13, 21, 1, 9, 17, 19, 7, 23, 11, 15], [4, 8, 12, 16, 20, 24, 1, 5, 21, 13, 9, 17, 19, 23, 11, 7, 15], [20, 8, 16, 24, 4, 12, 1, 5, 9, 13, 21, 17, 19, 7, 23, 11, 15], [8, 24, 20, 16, 4, 12, 1, 13, 21, 5, 9, 17, 19, 23, 11, 7, 15], [20, 8, 24, 16, 4, 12, 1, 13, 21, 5, 9, 17, 19, 23, 7, 11, 15], [20, 16, 24, 8, 12, 4, 1, 5, 21, 13, 9, 17, 23], [12, 8, 20, 24, 16, 4, 1, 13, 5, 9, 21, 17, 19, 23, 11, 7, 15], [12, 4, 24, 16, 8, 20, 1, 13, 21, 5, 9, 17, 19, 23, 7, 11, 15], [24, 4, 16, 12, 8, 20, 1, 13, 21, 5, 9, 17, 19, 7, 23, 11, 15], [8, 12, 20, 24, 16, 4, 1, 5, 9, 21, 13, 17, 23], [20, 4, 16, 8, 24, 12, 1, 5, 9, 13, 21, 17, 19, 23, 7, 11, 15], [8, 4, 24, 16, 12, 20, 1, 5, 13, 21, 9, 17, 23], [16, 12, 4, 24, 8, 20, 5, 13, 1, 9, 21, 17, 19, 7, 23, 11, 15], [20, 24, 16, 4, 8, 12, 5, 1, 21, 13, 9, 17, 19, 23, 7, 11, 15], [20, 24, 4, 8, 12, 16, 1, 13, 21, 5, 9, 17, 19, 23, 11, 7, 15], [20, 12, 16, 4, 8, 24, 5, 1, 13, 21, 9, 17, 19, 23, 11, 7, 15], [24, 8, 4, 16, 20, 12, 5, 13, 9, 21, 1, 17, 19, 23, 11, 7, 15], [8, 16, 20, 12, 4, 24, 5, 13, 1, 9, 21, 17, 19, 23, 11, 7, 15], [24, 12, 4, 20, 16, 8, 1, 5, 13, 9, 21, 17, 23], [24, 16, 20, 12, 8, 4, 1, 5, 9, 13, 21, 17, 23], [20, 24, 16, 12, 4, 8, 1, 5, 13, 9, 21, 17, 23], [8, 4, 16, 12, 20, 24, 1, 5, 9, 13, 21, 17, 19, 23, 7, 11, 15], [24, 16, 12, 4, 8, 20, 5, 13, 1, 9, 21, 17, 19, 7, 23, 11, 15], [20, 16, 8, 24, 4, 12, 1, 5, 21, 13, 9, 17, 19, 7, 11], [4, 12, 8, 16, 24, 20, 1, 5, 9, 21, 13, 17, 23], [4, 20, 16, 8, 24, 12, 1, 13, 9, 5, 21, 17, 19, 7, 11], [4, 20, 16, 12, 8, 24, 1, 5, 9, 21, 13, 17, 19, 7, 23, 11, 15], [8, 12, 4, 20, 24, 16, 5, 1, 9, 21, 13, 17, 23], [16, 8, 20, 24, 4, 12, 5, 1, 9, 21, 13, 17, 23], [16, 24, 20, 8, 4, 12, 1, 13, 5, 9, 21, 17, 19, 23, 7, 11, 15], [4, 16, 12, 8, 24, 20, 5, 1, 21, 13, 9, 17, 23], [4, 12, 24, 20, 16, 8, 5, 1, 9, 21, 13, 17, 19, 7, 23, 11, 15], [16, 8, 4, 24, 12, 20, 1, 5, 13, 21, 9, 17, 23], [16, 24, 4, 12, 8, 20, 1, 13, 5, 9, 21, 17, 23], [20, 4, 16, 24, 12, 8, 5, 1, 9, 13, 21, 17, 19, 7, 23, 11, 15], [24, 12, 20, 4, 8, 16, 5, 13, 1, 21, 9, 17, 23], [8, 4, 20, 12, 24, 16, 1, 5, 21, 13, 9, 17, 23], [16, 4, 20, 24, 12, 8, 1, 5, 21, 13, 9, 17, 23], [4, 8, 12, 16, 20, 24, 5, 13, 21, 1, 9, 17, 19, 7, 11], [12, 8, 20, 24, 4, 16, 1, 13, 9, 21, 5, 17, 19, 23, 11, 7, 15], [8, 16, 4, 24, 20, 12, 1, 5, 21, 13, 9, 17, 19, 7, 23, 11, 15], [16, 20, 8, 4, 12, 24, 5, 13, 9, 21, 1, 17, 19, 7, 23, 11, 15], [24, 12, 8, 20, 4, 16, 1, 13, 9, 21, 5, 17, 23], [4, 20, 12, 8, 16, 24, 5, 1, 9, 21, 13, 17, 23], [8, 4, 20, 16, 24, 12, 1, 5, 9, 21, 13, 17, 23], [20, 24, 12, 16, 8, 4, 5, 13, 9, 1, 21, 17, 23], [16, 12, 8, 20, 4, 24, 1, 5, 9, 21, 13, 17, 23], [12, 16, 4, 20, 24, 8, 5, 13, 1, 21, 9, 17, 23], [12, 8, 4, 24, 20, 16, 1, 5, 21, 13, 9, 17, 23], [20, 4, 24, 12, 16, 8, 5, 1, 13, 9, 21, 17, 19, 7, 23, 11, 15], [12, 20, 4, 8, 24, 16, 5, 1, 13, 9, 21, 17, 19, 7, 23, 11, 15], [20, 4, 16, 24, 8, 12, 5, 1, 13, 9, 21, 17, 19, 23, 11, 7, 15], [16, 12, 4, 20, 24, 8, 5, 13, 21, 1, 9, 17, 23], [16, 4, 12, 8, 20, 24, 5, 13, 9, 1, 21, 17, 23], [12, 8, 4, 24, 20, 16, 5, 1, 21, 13, 9, 17, 23], [16, 24, 8, 4, 20, 12, 5, 13, 21, 1, 9, 17, 19, 7, 23, 11, 15], [4, 24, 20, 16, 12, 8, 1, 5, 9, 21, 13, 17, 19, 7, 23, 11, 15], [12, 20, 24, 4, 8, 16, 1, 13, 21, 5, 9, 17, 19, 23, 7, 11, 15], [16, 24, 8, 20, 12, 4, 5, 13, 1, 9, 21, 17, 19, 7, 11], [4, 16, 24, 20, 8, 12, 1, 13, 5, 21, 9, 17, 19, 7, 11], [12, 8, 16, 24, 4, 20, 1, 5, 13, 21, 9, 17, 23], [20, 4, 12, 8, 16, 24, 5, 13, 9, 1, 21, 17, 19, 23, 11, 7, 15], [8, 12, 4, 16, 24, 20, 1, 5, 13, 21, 9, 17, 19, 7, 23, 11, 15], [16, 20, 24, 4, 12, 8, 5, 1, 13, 9, 21, 17, 19, 23, 11, 7, 15], [20, 12, 16, 24, 8, 4, 1, 5, 9, 21, 13, 17, 23], [8, 12, 4, 24, 20, 16, 1, 13, 21, 5, 9, 17, 19, 23, 11, 7, 15], [20, 8, 4, 24, 16, 12, 5, 13, 21, 1, 9, 17, 19, 7, 23, 11, 15], [12, 16, 8, 24, 20, 4, 5, 1, 9, 13, 21, 17, 23], [24, 8, 16, 4, 12, 20, 1, 5, 21, 13, 9, 17, 23], [16, 20, 24, 12, 4, 8, 1, 5, 21, 13, 9, 17, 19, 7, 11], [4, 12, 8, 24, 20, 16, 5, 13, 21, 1, 9, 17, 19, 7, 23, 11, 15], [4, 24, 8, 16, 12, 20, 1, 13, 21, 5, 9, 17, 23], [20, 8, 12, 16, 4, 24, 1, 13, 21, 5, 9, 17, 23], [24, 4, 20, 8, 12, 16, 5, 13, 9, 1, 21, 17, 23], [12, 16, 8, 4, 20, 24, 5, 13, 21, 1, 9, 17, 23], [8, 20, 12, 16, 4, 24, 1, 13, 5, 21, 9, 17, 23], [16, 20, 4, 8, 24, 12, 5, 13, 9, 21, 1, 17, 19, 7, 11], [8, 12, 4, 24, 20, 16, 5, 13, 21, 1, 9, 17, 23], [20, 24, 4, 8, 12, 16, 1, 13, 9, 5, 21, 17, 19, 23, 11, 7, 15], [8, 4, 20, 24, 16, 12, 5, 1, 13, 9, 21, 17, 23], [24, 16, 4, 20, 12, 8, 5, 1, 9, 13, 21, 17, 23], [8, 16, 24, 4, 12, 20, 5, 13, 21, 1, 9, 17, 19, 7, 11], [24, 4, 12, 8, 16, 20, 5, 13, 21, 1, 9, 17, 23], [8, 20, 24, 12, 4, 16, 1, 5, 9, 13, 21, 17, 19, 7, 11], [24, 8, 4, 12, 20, 16, 1, 13, 21, 5, 9, 17, 23], [4, 20, 16, 12, 24, 8, 1, 13, 5, 21, 9, 17, 23], [16, 20, 4, 24, 12, 8, 1, 5, 21, 13, 9, 17, 19, 7, 23, 11, 15], [12, 16, 8, 4, 24, 20, 5, 1, 13, 21, 9, 17, 23], [12, 24, 8, 16, 4, 20, 1, 13, 5, 21, 9, 17, 23], [8, 4, 16, 20, 12, 24, 1, 5, 9, 13, 21, 17, 19, 23, 7, 11, 15], [16, 24, 12, 4, 20, 8, 1, 5, 21, 13, 9, 17, 23], [8, 12, 4, 16, 24, 20, 1, 13, 21, 5, 9, 17, 23], [12, 4, 16, 24, 8, 20, 5, 1, 21, 13, 9, 17, 19, 23, 11, 7, 15], [16, 4, 24, 12, 20, 8, 1, 13, 21, 5, 9, 17, 19, 23, 11, 7, 15], [16, 12, 8, 20, 4, 24, 1, 5, 21, 13, 9, 17, 19, 7, 11], [8, 20, 4, 24, 12, 16, 1, 13, 9, 5, 21, 17, 23], [24, 8, 4, 12, 16, 20, 5, 13, 1, 21, 9, 17, 19, 7, 23, 11, 15], [12, 4, 24, 16, 20, 8, 5, 13, 21, 1, 9, 17, 19, 23, 7, 11, 15], [12, 8, 4, 16, 20, 24, 1, 5, 13, 21, 9, 17, 23], [24, 20, 8, 16, 12, 4, 1, 5, 21, 13, 9, 