{"problem_id": "Q2rGwlukzQK0bdB", "sigma": 150, "alpha": 3.162, "cost": 0, "probabilities": "[0.46, 0.09, 0.21, 0.24]", "payoff_matrix": "[[-54, 14, 60, -72, -163, -193], [207, 30, 201, -84, -157, -97], [40, 27, 142, -364, -17, -88], [53, 144, 137, 47, 33, 269]]", "uncovered": [[13, 17, 1, 5, 21, 9, 8, 12, 7, 11], [21, 1, 9, 17, 5, 13, 12, 8, 11], [17, 9, 5, 21, 13, 1, 8, 12, 7, 11], [21, 17, 13, 5, 9, 1, 12, 8, 11], [21, 9, 1, 13, 5, 17, 12, 8, 11], [17, 1, 13, 9, 5, 21, 8, 12, 11], [21, 9, 5, 17, 1, 13, 8, 12, 7, 11], [1, 9, 13, 21, 5, 17, 12, 8, 11], [17, 1, 13, 9, 21, 5, 12, 8, 7, 11], [17, 1, 21, 9, 13, 5, 12, 8, 11], [1, 5, 13, 17, 9, 21, 8, 12, 11], [5, 1, 17, 9, 21, 13, 12, 8, 7, 11], [17, 9, 13, 21, 1, 5, 8, 12, 11], [9, 17, 5, 13, 21, 1, 12, 8, 7, 11], [5, 21, 9, 1, 17, 13, 8, 12, 7, 11], [17, 21, 9, 1, 13, 5, 12, 8, 7, 11], [13, 21, 5, 9, 1, 17, 8, 12, 7, 11], [1, 5, 13, 17, 9, 21, 12, 8, 7, 11], [21, 13, 5, 9, 1, 17, 12, 8, 11], [1, 13, 9, 5, 21, 17, 8, 12, 7, 11], [17, 21, 5, 13, 1, 9, 12, 8, 11], [17, 1, 5, 9, 13, 21, 12, 8, 11], [13, 21, 17, 1, 9, 5, 8, 12, 7, 11], [13, 5, 17, 21, 1, 9, 12, 8, 7, 11], [5, 13, 21, 1, 9, 17, 12, 8, 11], [17, 21, 1, 13, 5, 9, 12, 8, 11], [17, 1, 9, 21, 13, 5, 8, 12, 7, 11], [5, 9, 13, 17, 1, 21, 12, 8, 11], [17, 5, 21, 13, 1, 9, 8, 12, 11], [9, 17, 13, 1, 5, 21, 12, 8, 7, 11], [21, 13, 17, 9, 5, 1, 12, 8, 7, 11], [21, 17, 1, 13, 9, 5, 12, 8, 11], [5, 17, 21, 9, 13, 1, 12, 8, 11], [1, 13, 5, 17, 9, 21, 12, 8, 11], [17, 21, 5, 13, 9, 1, 8, 12, 7, 11], [21, 5, 1, 13, 17, 9, 12, 8, 7, 11], [9, 17, 21, 13, 1, 5, 12, 8, 11], [21, 9, 5, 13, 17, 1, 12, 8, 7, 11], [21, 9, 13, 1, 5, 17, 8, 12, 11], [1, 17, 5, 9, 21, 13, 8, 12, 11], [17, 21, 9, 1, 5, 13, 8, 12, 11], [5, 13, 9, 1, 17, 21, 8, 12, 11], [5, 1, 21, 17, 9, 13, 8, 12, 7, 11], [21, 5, 17, 9, 13, 1, 8, 12, 7, 11], [17, 21, 1, 13, 9, 5, 8, 12, 11], [5, 21, 13, 9, 1, 17, 8, 12, 11], [9, 13, 21, 17, 5, 1, 8, 12, 11], [1, 5, 17, 13, 9, 21, 8, 12, 7, 11], [5, 17, 9, 1, 13, 21, 12, 8, 11], [17, 9, 1, 21, 5, 13, 12, 8, 7, 11], [1, 5, 21, 17, 13, 9, 12, 8, 7, 11], [21, 5, 1, 13, 17, 9, 12, 8, 7, 11], [5, 9, 13, 17, 21, 1, 12, 8, 7, 11], [9, 21, 1, 17, 13, 5, 12, 8, 11], [21, 9, 5, 1, 13, 17, 12, 8, 7, 11], [17, 9, 1, 21, 5, 13, 12, 8, 7, 11], [17, 1, 21, 13, 9, 5, 12, 8, 11], [13, 9, 21, 1, 5, 17, 12, 8, 11], [21, 17, 13, 9, 1, 5, 12, 8, 7, 11], [21, 17, 1, 5, 13, 9, 12, 8, 11], [21, 9, 13, 17, 5, 1, 12, 8, 7, 11], [13, 5, 1, 21, 9, 17, 12, 8, 11], [9, 13, 5, 1, 21, 17, 12, 8, 11], [5, 9, 1, 13, 21, 17, 12, 8, 11], [9, 21, 5, 1, 17, 13, 8, 12, 11], [1, 5, 21, 17, 13, 9, 8, 12, 7, 11], [13, 5, 21, 17, 9, 1, 12, 8, 11], [13, 9, 17, 21, 5, 1, 12, 8, 11], [1, 17, 13, 21, 5, 9, 12, 8, 7, 11], [21, 9, 1, 5, 13, 17, 8, 12, 7, 11], [1, 13, 9, 21, 5, 17, 8, 12, 7, 11], [5, 21, 17, 13, 9, 1, 12, 8, 11], [17, 1, 13, 5, 9, 21, 8, 12, 7, 11], [5, 21, 13, 9, 1, 17, 12, 8, 7, 11], [1, 17, 9, 21, 13, 5, 12, 8, 7, 11], [21, 1, 5, 17, 13, 9, 8, 12, 11], [21, 17, 13, 9, 1, 5, 12, 8, 11], [9, 5, 13, 1, 21, 17, 12, 8, 7, 11], [9, 17, 1, 21, 13, 5, 12, 8, 7, 11], [1, 9, 21, 13, 17, 5, 12, 8, 11], [21, 5, 9, 17, 1, 13, 8, 12, 7, 11], [5, 1, 9, 17, 13, 21, 12, 8, 11], [5, 21, 17, 9, 13, 1, 12, 8, 11], [13, 5, 1, 21, 9, 17, 8, 12, 11], [17, 5, 21, 9, 1, 13, 8, 12, 7, 11], [17, 13, 21, 1, 9, 5, 12, 8, 7, 11], [9, 13, 21, 5, 1, 17, 12, 8, 11], [5, 1, 21, 17, 13, 9, 12, 8, 7, 11], [13, 1, 5, 17, 9, 21, 8, 12, 11], [17, 21, 9, 13, 5, 1, 8, 12, 7, 11], [17, 13, 1, 21, 9, 5, 12, 8, 7, 11], [17, 9, 21, 13, 5, 1, 8, 12, 7, 11], [21, 17, 5, 9, 1, 13, 8, 12, 7, 11], [17, 9, 13, 1, 21, 5, 8, 12, 7, 11], [21, 1, 13, 9, 17, 5, 8, 12, 11], [5, 9, 17, 1, 13, 21, 12, 8, 11], [9, 1, 13, 17, 5, 21, 8, 12, 7, 11], [9, 1, 21, 5, 13, 17, 12, 8, 7, 11], [13, 5, 1, 9, 17, 21, 12, 8, 7, 11], [21, 17, 9, 13, 1, 5, 12, 8, 11], [1, 17, 9, 5, 13, 21, 8, 12, 7, 11], [17, 1, 9, 13, 5, 21, 8, 12, 7, 11], [1, 13, 5, 21, 17, 9, 8, 12, 11], [9, 13, 17, 5, 1, 21, 12, 8, 7, 11], [9, 1, 13, 21, 5, 17, 8, 12, 11], [13, 17, 9, 1, 5, 21, 8, 12, 11], [5, 13, 9, 17, 21, 1, 12, 8, 11], [5, 9, 17, 13, 1, 21, 8, 12, 11], [13, 17, 5, 9, 1, 21, 8, 12, 11], [13, 5, 9, 1, 21, 17, 12, 8, 7, 11], [17, 13, 9, 1, 21, 5, 12, 8, 7, 11], [9, 21, 17, 1, 13, 5, 12, 8, 7, 11], [17, 21, 1, 9, 13, 5, 8, 12, 11], [21, 1, 13, 9, 5, 17, 8, 12, 7, 11], [13, 17, 5, 21, 1, 9, 8, 12, 11], [13, 1, 17, 9, 21, 5, 12, 8, 11], [1, 5, 9, 13, 21, 17, 12, 8, 7, 11], [9, 17, 1, 5, 21, 13, 8, 12, 11], [5, 1, 13, 9, 21, 17, 8, 12, 11], [5, 17, 13, 21, 1, 9, 12, 8, 11], [1, 13, 17, 5, 9, 21, 12, 8, 7, 11], [13, 21, 17, 1, 5, 9, 12, 8, 7, 11], [21, 9, 5, 1, 13, 17, 8, 12, 7, 11], [17, 21, 5, 13, 1, 9, 12, 8, 7, 11], [21, 5, 13, 1, 9, 17, 8, 12, 7, 11], [5, 1, 21, 13, 17, 9, 12, 8, 7, 11], [21, 1, 17, 5, 13, 9, 12, 8, 7, 11], [1, 9, 17, 21, 5, 13, 8, 12, 11], [13, 5, 21, 17, 1, 9, 12, 8, 11], [21, 1, 9, 13, 5, 17, 12, 8, 11], [21, 5, 17, 13, 9, 1, 8, 12, 11], [5, 9, 17, 21, 13, 1, 8, 12, 7, 11], [17, 13, 5, 21, 9, 1, 12, 8, 11], [13, 21, 1, 17, 9, 5, 8, 12, 11], [21, 5, 9, 13, 17, 1, 8, 12, 7, 11], [9, 5, 13, 17, 21, 1, 8, 12, 7, 11], [1, 17, 21, 13, 5, 9, 8, 12, 7, 11], [9, 17, 1, 21, 13, 5, 8, 12, 11], [21, 9, 17, 5, 1, 13, 12, 8, 7, 11], [21, 9, 5, 1, 17, 13, 8, 12, 11], [13, 5, 9, 17, 21, 1, 8, 12, 7, 11], [9, 1, 17, 13, 5, 21, 8, 12, 11], [1, 13, 9, 5, 21, 17, 12, 8, 7, 11], [1, 17, 5, 9, 13, 21, 8, 12, 7, 11], [13, 1, 5, 21, 17, 9, 8, 12, 11], [17, 13, 21, 5, 9, 1, 12, 8, 7, 11], [21, 17, 5, 13, 9, 1, 12, 8, 11], [5, 13, 9, 17, 21, 1, 8, 12, 11], [13, 9, 17, 21, 1, 5, 8, 12, 11], [1, 13, 9, 21, 5, 17, 8, 12, 7, 11], [21, 5, 9, 13, 17, 1, 8, 12, 11], [9, 13, 17, 1, 5, 21, 12, 8, 7, 11], [9, 21, 1, 13, 17, 5, 8, 12, 7, 11], [1, 17, 9, 5, 13, 21, 12, 8, 7, 11], [1, 9, 13, 17, 21, 5, 8, 12, 7, 11], [9, 21, 5, 1, 17, 13, 12, 8, 11], [1, 17, 9, 13, 5, 21, 8, 12, 11], [13, 1, 5, 21, 9, 17, 8, 12, 7, 11], [21, 5, 17, 13, 9, 1, 12, 8, 11], [5, 21, 13, 1, 9, 17, 12, 8, 11], [21, 9, 13, 17, 5, 1, 8, 12, 7, 11], [5, 17, 21, 9, 1, 13, 8, 12, 7, 11], [21, 13, 17, 1, 9, 5, 8, 12, 7, 11], [13, 17, 9, 21, 5, 1, 8, 12, 11], [17, 1, 5, 21, 13, 9, 8, 12, 7, 11], [9, 5, 13, 21, 1, 17, 8, 12, 7, 11], [17, 5, 13, 21, 1, 9, 12, 8, 11], [13, 21, 5, 1, 17, 9, 8, 12, 11], [13, 17, 9, 21, 5, 1, 8, 12, 7, 11], [13, 5, 1, 9, 21, 17, 8, 12, 11], [17, 21, 5, 9, 13, 1, 8, 12, 11], [17, 21, 13, 1, 9, 5, 12, 8, 7, 11], [17, 1, 5, 9, 21, 13, 12, 8, 7, 11], [21, 17, 5, 1, 13, 9, 12, 8, 11], [1, 17, 21, 13, 5, 9, 12, 8, 7, 11], [17, 13, 9, 1, 21, 5, 12, 8, 11], [17, 21, 9, 1, 5, 13, 8, 12, 11], [21, 17, 1, 13, 5, 9, 8, 12, 11], [21, 13, 5, 9, 17, 1, 12, 8, 11], [13, 1, 17, 5, 9, 21, 8, 12, 11], [13, 17, 21, 9, 1, 5, 8, 12, 7, 11], [21, 13, 17, 1, 9, 5, 12, 8, 11], [13, 1, 21, 9, 17, 5, 8, 12, 11], [5, 17, 9, 21, 1, 13, 12, 8, 11], [17, 1, 5, 21, 13, 9, 12, 8, 7, 11], [21, 1, 5, 17, 13, 9, 8, 12, 11], [17, 1, 5, 9, 21, 13, 8, 12, 7, 11], [21, 1, 17, 13, 9, 5, 8, 12, 7, 11], [17, 9, 1, 21, 5, 13, 8, 12, 7, 11], [5, 9, 13, 21, 1, 17, 12, 8, 7, 11], [17, 5, 9, 21, 13, 1, 12, 8, 11], [9, 5, 13, 21, 1, 17, 12, 8, 7, 11], [9, 13, 21, 5, 17, 1, 8, 12, 7, 11], [21, 17, 13, 9, 1, 5, 8, 12, 7, 11], [9, 13, 1, 21, 5, 17, 12, 8, 11], [17, 1, 5, 21, 13, 9, 12, 8, 7, 11], [21, 9, 17, 5, 13, 1, 8, 12, 11], [13, 17, 1, 21, 9, 5, 12, 8, 11], [1, 5, 13, 21, 9, 17, 8, 12, 11], [21, 5, 9, 1, 13, 17, 12, 8, 7, 11], [21, 17, 13, 5, 1, 9, 8, 12, 11], [21, 13, 5, 9, 1, 17, 12, 8, 11], [1, 9, 5, 13, 17, 21, 12, 8, 7, 11], [9, 1, 13, 17, 21, 5, 12, 8, 11], [1, 17, 5, 13, 21, 9, 12, 8, 7, 11], [17, 13, 21, 5, 9, 1, 12, 8, 7, 11], [1, 9, 13, 21, 5, 17, 8, 12, 11], [21, 9, 5, 17, 1, 13, 8, 12, 11], [1, 17, 21, 5, 13, 9, 12, 8, 11], [17, 9, 13, 21, 5, 1, 8, 12, 11], [9, 5, 17, 1, 13, 21, 8, 12, 11], [9, 13, 17, 21, 5, 1, 8, 12, 11], [21, 9, 13, 17, 1, 5, 8, 12, 11], [13, 1, 9, 21, 5, 17, 12, 8, 11], [17, 1, 5, 9, 21, 13, 12, 8, 7, 11], [17, 21, 13, 5, 1, 9, 8, 12, 7, 11], [21, 9, 1, 17, 5, 13, 12, 8, 11], [9, 5, 17, 1, 21, 13, 8, 12, 7, 11], [13, 21, 17, 9, 1, 5, 12, 8, 7, 11], [21, 13, 17, 9, 5, 1, 12, 8, 11], [13, 21, 1, 5, 9, 17, 12, 8, 11], [21, 13, 9, 1, 17, 5, 8, 12, 7, 11], [21, 5, 9, 1, 13, 17, 8, 12, 7, 11], [17, 9, 13, 1, 5, 21, 12, 8, 11], [17, 9, 5, 13, 21, 1, 8, 12, 11], [1, 17, 21, 5, 13, 9, 12, 8, 7, 11], [21, 17, 5, 9, 13, 1, 12, 8, 11], [17, 1, 13, 5, 21, 9, 8, 12, 7, 11], [17, 1, 9, 21, 5, 13, 8, 12, 7, 11], [1, 21, 17, 5, 9, 13, 12, 8, 11], [21, 1, 5, 9, 13, 17, 12, 8, 11], [5, 13, 17, 1, 21, 9, 8, 12, 7, 11], [1, 9, 13, 17, 21, 5, 12, 8, 7, 11], [13, 9, 5, 17, 1, 21, 12, 8, 7, 11], [21, 1, 13, 17, 5, 9, 8, 12, 7, 11], [9, 21, 1, 13, 5, 17, 12, 8, 7, 11], [13, 21, 5, 17, 9, 1, 12, 8, 7, 11], [1, 5, 13, 9, 21, 17, 8, 12, 11], [5, 13, 1, 17, 21, 9, 8, 12, 7, 11], [9, 5, 17, 21, 13, 1, 8, 12, 11], [5, 21, 1, 9, 17, 13, 8, 12, 11], [17, 21, 9, 1, 13, 5, 8, 12, 11], [9, 5, 17, 21, 1, 13, 8, 12, 7, 11], [13, 5, 17, 9, 1, 21, 12, 8, 7, 11], [1, 9, 5, 13, 21, 17, 12, 8, 7, 11], [17, 13, 21, 5, 9, 1, 12, 8, 11], [5, 1, 17, 9, 13, 21, 12, 8, 7, 11], [5, 9, 21, 1, 13, 17, 12, 8, 11], [9, 21, 5, 1, 13, 17, 8, 12, 11], [21, 5, 17, 9, 1, 13, 12, 8, 7, 11], [13, 21, 9, 5, 17, 1, 12, 8, 11], [9, 5, 1, 13, 17, 21, 12, 8, 7, 11], [5, 1, 13, 9, 17, 21, 12, 8, 11], [9, 1, 13, 5, 17, 21, 8, 12, 7, 11], [9, 13, 17, 21, 1, 5, 12, 8, 7, 11], [13, 1, 21, 9, 5, 17, 8, 12, 11], [5, 21, 17, 1, 13, 9, 8, 12, 7, 11], [13, 5, 1, 17, 9, 21, 8, 12, 7, 11], [17, 5, 13, 21, 1, 9, 12, 8, 7, 11], [1, 21, 17, 5, 13, 9, 12, 8, 11], [17, 9, 13, 1, 21, 5, 8, 12, 11], [1, 9, 13, 17, 5, 21, 12, 8, 7, 11], [21, 9, 1, 13, 5, 17, 12, 8, 11], [1, 5, 13, 21, 17, 9, 12, 8, 11], [21, 17, 5, 9, 1, 13, 12, 8, 11], [17, 13, 21, 5, 9, 1, 8, 12, 7, 11], [13, 21, 5, 17, 9, 1, 12, 8, 11], [21, 5, 13, 17, 9, 1, 12, 8, 7, 11], [13, 21, 17, 9, 1, 5, 12, 8, 11], [21, 1, 5, 17, 9, 13, 8, 12, 11], [21, 13, 17, 1, 9, 5, 12, 8, 11], [17, 13, 21, 1, 9, 5, 12, 8, 7, 11], [5, 13, 21, 9, 1, 17, 12, 8, 11], [21, 5, 13, 1, 9, 17, 12, 8, 11], [21, 9, 13, 17, 1, 5, 8, 12, 11], [5, 21, 13, 17, 9, 1, 12, 8, 11], [1, 5, 21, 13, 17, 9, 12, 8, 11], [17, 1, 21, 5, 13, 9, 8, 12, 11], [21, 5, 13, 1, 17, 9, 8, 12, 7, 11], [13, 17, 9, 1, 5, 21, 12, 8, 11], [13, 17, 1, 9, 21, 5, 8, 12, 11], [1, 17, 5, 9, 13, 21, 12, 8, 11], [21, 17, 5, 13, 1, 9, 8, 12, 7, 11], [5, 13, 9, 17, 1, 21, 12, 8, 7, 11], [5, 9, 13, 17, 1, 21, 8, 12, 7, 11], [13, 9, 1, 17, 5, 21, 12, 8, 7, 11], [13, 1, 9, 5, 21, 17, 12, 8, 7, 11], [9, 17, 21, 13, 5, 1, 8, 12, 11], [21, 5, 17, 1, 13, 9, 12, 8, 11], [9, 1, 13, 17, 21, 5, 8, 12, 11], [13, 1, 5, 9, 17, 21, 8, 12, 11], [21, 17, 9, 13, 1, 5, 8, 12, 7, 11], [13, 9, 5, 1, 21, 17, 12, 8, 7, 11], [1, 13, 21, 9, 5, 17, 12, 8, 11], [17, 5, 9, 21, 1, 13, 12, 8, 7, 11], [21, 5, 1, 17, 9, 13, 8, 12, 7, 11], [21, 1, 17, 9, 13, 5, 12, 8, 7, 11], [9, 21, 13, 1, 5, 17, 8, 12, 11], [1, 9, 5, 17, 21, 13, 12, 8, 7, 11], [1, 9, 21, 13, 17, 5, 8, 12, 11], [21, 1, 5, 17, 13, 9, 8, 12, 7, 11], [9, 1, 5, 17, 13, 21, 8, 12, 11], [17, 5, 13, 21, 9, 1, 8, 12, 11], [17, 13, 1, 9, 21, 5, 8, 12, 11], [9, 5, 17, 21, 1, 13, 8, 12, 7, 11], [17, 9, 5, 21, 1, 13, 8, 12, 11], [1, 21, 13, 9, 17, 5, 12, 8, 7, 11], [5, 17, 1, 13, 21, 9, 12, 8, 11], [9, 1, 17, 21, 13, 5, 12, 8, 7, 11], [9, 5, 17, 1, 21, 13, 12, 8, 7, 11], [9, 17, 21, 5, 1, 13, 8, 12, 7, 11], [9, 17, 5, 21, 13, 1, 8, 12, 11], [13, 17, 1, 21, 5, 9, 8, 12, 11], [1, 13, 21, 17, 5, 9, 8, 12, 7, 11], [17, 9, 5, 13, 21, 1, 12, 8, 7, 11], [13, 5, 9, 17, 21, 1, 8, 12, 11], [1, 13, 17, 9, 5, 21, 12, 8, 11], [1, 13, 21, 5, 17, 9, 12, 8, 11], [13, 5, 17, 21, 9, 1, 8, 12, 7, 11], [5, 9, 1, 13, 21, 17, 12, 8, 11], [5, 1, 13, 17, 21, 9, 12, 8, 7, 11], [17, 21, 1, 5, 13, 9, 8, 12, 11], [1, 21, 17, 5, 9, 13, 12, 8, 11], [9, 13, 5, 1, 17, 21, 12, 8, 11], [5, 21, 13, 17, 1, 9, 12, 8, 7, 11], [13, 17, 21, 5, 1, 9, 8, 12, 7, 11], [5, 13, 21, 1, 9, 17, 8, 12, 11], [17, 9, 13, 1, 21, 5, 8, 12, 11], [5, 9, 21, 13, 1, 17, 12, 8, 7, 11], [9, 5, 17, 1, 21, 13, 8, 12, 11], [9, 1, 21, 5, 13, 17, 12, 8, 11], [17, 9, 5, 21, 13, 1, 12, 8, 7, 11], [13, 9, 5, 17, 21, 1, 8, 12, 11], [1, 9, 13, 17, 5, 21, 12, 8, 7, 11], [17, 13, 21, 9, 5, 1, 12, 8, 7, 11], [5, 13, 17, 1, 21, 9, 12, 8, 11], [17, 5, 1, 21, 13, 9, 8, 12, 11], [17, 13, 5, 9, 21, 1, 8, 12, 11], [9, 1, 13, 5, 17, 21, 8, 12, 11], [21, 17, 5, 1, 13, 9, 8, 12, 11], [13, 5, 17, 9, 21, 1, 8, 12, 11], [21, 13, 9, 5, 1, 17, 8, 12, 11], [5, 13, 1, 17, 9, 21, 8, 12, 7, 11], [5, 1, 17, 9, 21, 13, 12, 8, 11], [1, 21, 13, 9, 17, 5, 8, 12, 11], [1, 9, 17, 5, 21, 13, 12, 8, 11], [13, 1, 9, 21, 5, 17, 8, 12, 11], [1, 13, 9, 5, 21, 17, 12, 8, 11], [1, 9, 17, 5, 21, 13, 12, 8, 7, 11], [5, 21, 17, 1, 9, 13, 8, 12, 11], [21, 5, 9, 17, 1, 13, 8, 12, 7, 11], [5, 13, 17, 1, 21, 9, 8, 12, 11], [17, 1, 13, 21, 5, 9, 8, 12, 7, 11], [5, 17, 13, 21, 9, 1, 8, 12, 11], [13, 21, 9, 5, 17, 1, 8, 12, 7, 11], [21, 5, 1, 13, 9, 17, 12, 8, 7, 11], [1, 17, 21, 9, 13, 5, 8, 12, 7, 11], [21, 17, 9, 1, 5, 13, 8, 12, 7, 11], [1, 5, 17, 13, 9, 21, 12, 8, 11], [13, 17, 9, 1, 21, 5, 8, 12, 11], [9, 1, 13, 17, 21, 5, 8, 12, 7, 11], [5, 13, 1, 9, 17, 21, 8, 12, 7, 11], [5, 9, 13, 21, 17, 1, 12, 8, 7, 11], [1, 9, 13, 5, 21, 17, 12, 8, 11], [17, 9, 13, 1, 21, 5, 8, 12, 11], [9, 21, 17, 1, 13, 5, 12, 8, 11], [1, 13, 21, 5, 9, 17, 12, 8, 7, 11], [17, 9, 5, 13, 1, 21, 8, 12, 11], [5, 9, 17, 21, 1, 13, 8, 12, 11], [21, 17, 1, 13, 9, 5, 8, 12, 11], [5, 21, 1, 13, 9, 17, 12, 8, 11], [1, 5, 21, 17, 13, 9, 8, 12, 7, 11], [1, 21, 17, 5, 13, 9, 12, 8, 11], [17, 5, 13, 1, 9, 21, 8, 12, 11], [21, 9, 17, 13, 1, 5, 12, 8, 7, 11], [17, 9, 13, 21, 5, 1, 12, 8, 11], [9, 17, 5, 21, 1, 13, 12, 8, 11], [17, 21, 1, 13, 5, 9, 12, 8, 7, 11], [1, 13, 21, 17, 5, 9, 8, 12, 11], [1, 21, 9, 17, 5, 13, 8, 12, 7, 11], [1, 21, 5, 17, 9, 13, 12, 8, 7, 11], [5, 17, 21, 1, 13, 9, 8, 12, 11], [13, 17, 9, 5, 1, 21, 12, 8, 7, 11], [9, 17, 1, 21, 13, 5, 12, 8, 7, 11], [13, 1, 9, 5, 17, 21, 8, 12, 7, 11], [17, 21, 5, 9, 1, 13, 12, 8, 7, 11], [13, 17, 1, 9, 21, 5, 8, 12, 7, 11], [17, 9, 13, 5, 1, 21, 12, 8, 7, 11], [17, 13, 9, 21, 5, 1, 8, 12, 7, 11], [1, 17, 9, 21, 5, 13, 12, 8, 11], [13, 17, 21, 1, 9, 5, 12, 8, 11], [5, 9, 21, 17, 13, 1, 8, 12, 7, 11], [17, 13, 9, 21, 5, 1, 12, 8, 7, 11], [1, 17, 13, 9, 21, 5, 8, 12, 11], [21, 13, 9, 17, 5, 1, 12, 8, 7, 11], [1, 21, 13, 17, 9, 5, 12, 8, 11], [5, 9, 21, 1, 17, 13, 8, 12, 11], [21, 1, 5, 17, 9, 13, 8, 12, 11], [17, 9, 1, 13, 5, 21, 12, 8, 11], [17, 21, 13, 9, 1, 5, 12, 8, 11], [5, 1, 17, 9, 21, 13, 8, 12, 7, 11], [17, 1, 13, 9, 5, 21, 8, 12, 7, 11], [9, 5, 17, 1, 13, 21, 12, 8, 11], [13, 1, 9, 17, 5, 21, 12, 8, 7, 11], [9, 13, 17, 5, 21, 1, 12, 8, 11], [13, 21, 9, 1, 17, 5, 12, 8, 11], [9, 13, 5, 1, 21, 17, 8, 12, 7, 11], [17, 13, 1, 5, 21, 9, 8, 12, 7, 11], [1, 9, 5, 21, 13, 17, 12, 8, 11], [21, 5, 13, 9, 1, 17, 8, 12, 7, 11], [21, 9, 17, 1, 5, 13, 12, 8, 7, 11], [9, 21, 17, 1, 13, 5, 8, 12, 7, 11], [21, 5, 17, 9, 13, 1, 12, 8, 11], [5, 1, 13, 17, 9, 21, 12, 8, 7, 11], [9, 21, 5, 17, 13, 1, 8, 12, 11], [5, 13, 1, 9, 21, 17, 12, 8, 11], [9, 21, 5, 13, 17, 1, 12, 8, 7, 11], [5, 21, 13, 17, 9, 1, 12, 8, 7, 11], [5, 1, 17, 13, 9, 21, 12, 8, 7, 11], [13, 21, 5, 1, 9, 17, 12, 8, 7, 11], [9, 5, 17, 13, 21, 1, 12, 8, 7, 11], [21, 9, 17, 13, 1, 5, 12, 8, 7, 11], [1, 5, 17, 9, 13, 21, 8, 12, 7, 11], [21, 13, 9, 1, 17, 5, 12, 8, 11], [9, 13, 17, 5, 1, 21, 12, 8, 7, 11], [1, 17, 9, 21, 13, 5, 8, 12, 11], [5, 17, 13, 1, 21, 9, 8, 12, 11], [5, 1, 13, 21, 17, 9, 12, 8, 11], [5, 17, 1, 9, 13, 21, 12, 8, 11], [21, 13, 1, 9, 17, 5, 8, 12, 11], [13, 17, 9, 1, 21, 5, 8, 12, 7, 11], [1, 9, 17, 21, 13, 5, 8, 12, 7, 11], [21, 5, 17, 1, 13, 9, 8, 12, 7, 11], [21, 1, 13, 9, 5, 17, 12, 8, 11], [13, 17, 1, 9, 21, 5, 8, 12, 11], [1, 17, 5, 13, 9, 21, 8, 12, 11], [9, 5, 13, 17, 21, 1, 12, 8, 11], [9, 21, 17, 1, 13, 5, 8, 12, 7, 11], [9, 5, 13, 1, 17, 21, 12, 8, 7, 11], [9, 13, 1, 21, 17, 5, 12, 8, 7, 11], [5, 21, 13, 1, 17, 9, 8, 12, 11], [13, 21, 5, 17, 1, 9, 8, 12, 7, 11], [9, 17, 21, 1, 13, 5, 12, 8, 7, 11], [5, 17, 21, 9, 1, 13, 8, 12, 11], [17, 13, 21, 5, 1, 9, 8, 12, 11], [9, 21, 17, 13, 1, 5, 8, 12, 11], [21, 13, 1, 17, 9, 5, 8, 12, 7, 11], [21, 13, 9, 17, 1, 5, 8, 12, 7, 11], [9, 13, 1, 17, 21, 5, 12, 8, 11], [5, 21, 9, 13, 17, 1, 12, 8, 11], [9, 17, 21, 13, 5, 1, 12, 8, 11], [21, 17, 5, 13, 9, 1, 8, 12, 11], [13, 9, 5, 21, 17, 1, 12, 8, 11], [21, 9, 1, 13, 5, 17, 12, 8, 11], [21, 5, 9, 13, 1, 17, 8, 12, 11], [1, 9, 5, 13, 17, 21, 12, 8, 11], [1, 9, 5, 13, 17, 21, 8, 12, 7, 11], [21, 1, 13, 5, 9, 17, 12, 8, 11], [13, 17, 21, 5, 9, 1, 8, 12, 11], [9, 1, 21, 17, 13, 5, 8, 12, 7, 11], [5, 1, 17, 13, 9, 21, 8, 12, 11], [9, 1, 13, 17, 5, 21, 12, 8, 11], [21, 17, 9, 1, 13, 5, 12, 8, 11], [5, 21, 17, 9, 13, 1, 8, 12, 7, 11], [1, 9, 13, 17, 21, 5, 8, 12, 11], [1, 17, 9, 5, 21, 13, 12, 8, 11], [9, 13, 5, 17, 1, 21, 12, 8, 11], [5, 9, 21, 17, 1, 13, 8, 12, 7, 11], [13, 5, 21, 1, 17, 9, 12, 8, 7, 11], [13, 21, 17, 1, 9, 5, 12, 8, 7, 11], [13, 21, 5, 9, 1, 17, 12, 8, 11], [9, 13, 21, 1, 17, 5, 8, 12, 11], [9, 13, 17, 21, 5, 1, 12, 8, 11], [21, 13, 1, 17, 5, 9, 12, 8, 7, 11], [17, 5, 21, 13, 1, 9, 12, 8, 7, 11], [13, 5, 1, 9, 21, 17, 8, 12, 11], [21, 5, 9, 17, 1, 13, 8, 12, 7, 11], [17, 13, 1, 9, 21, 5, 12, 8, 7, 11], [17, 5, 1, 13, 9, 21, 12, 8, 11], [21, 9, 13, 17, 1, 5, 12, 8, 7, 11], [5, 1, 17, 9, 13, 21, 8, 12, 7, 11], [13, 1, 5, 21, 17, 9, 12, 8, 7, 11], [9, 5, 13, 21, 1, 17, 12, 8, 11], [17, 5, 21, 1, 13, 9, 12, 8, 7, 11], [1, 21, 13, 5, 9, 17, 12, 8, 7, 11], [17, 5, 1, 13, 9, 21, 12, 8, 7, 11], [13, 5, 1, 17, 9, 21, 8, 12, 11], [13, 9, 17, 1, 21, 5, 8, 12, 11], [21, 17, 9, 1, 13, 5, 12, 8, 11], [17, 9, 21, 1, 5, 13, 8, 12, 7, 11], [1, 17, 5, 13, 9, 21, 12, 8, 7, 11], [9, 1, 21, 17, 5, 13, 8, 12, 7, 11], [9, 13, 5, 17, 1, 21, 8, 12, 11], [1, 5, 13, 17, 21, 9, 12, 8, 11], [1, 9, 13, 17, 5, 21, 12, 8, 7, 11], [21, 13, 1, 5, 9, 17, 8, 12, 11], [5, 21, 17, 1, 9, 13, 12, 8, 7, 11], [9, 13, 1, 21, 17, 5, 8, 12, 7, 11], [5, 13, 21, 17, 9, 1, 12, 8, 11], [21, 9, 13, 17, 1, 5, 8, 12, 11], [13, 5, 9, 17, 21, 1, 12, 8, 11], [1, 5, 13, 17, 9, 21, 8, 12, 11], [13, 9, 21, 1, 5, 17, 8, 12, 11], [9, 5, 1, 17, 21, 13, 8, 12, 11], [21, 13, 5, 9, 17, 1, 12, 8, 7, 11], [5, 17, 9, 21, 1, 13, 8, 12, 11], [13, 17, 1, 5, 9, 21, 8, 12, 7, 11], [5, 17, 9, 13, 21, 1, 12, 8, 11], [17, 9, 1, 21, 5, 13, 12, 8, 11], [21, 9, 17, 13, 5, 1, 12, 8, 11], [5, 13, 1, 9, 17, 21, 12, 8, 11], [13, 21, 17, 9, 5, 1, 8, 12, 11], [17, 5, 21, 13, 1, 9, 8, 12, 11], [1, 9, 5, 13, 21, 17, 8, 12, 7, 11], [17, 21, 9, 1, 13, 5, 8, 12, 11], [1, 21, 9, 13, 5, 17, 8, 12, 7, 11], [1, 17, 13, 21, 9, 5, 12, 8, 11], [9, 1, 21, 13, 5, 17, 12, 8, 7, 11], [9, 5, 17, 13, 21, 1, 12, 8, 7, 11], [17, 9, 21, 1, 5, 13, 12, 8, 11], [17, 1, 9, 13, 5, 21, 12, 8, 7, 11], [5, 17, 21, 9, 1, 13, 8, 12, 7, 11], [1, 13, 5, 21, 17, 9, 12, 8, 7, 11], [9, 13, 1, 5, 21, 17, 12, 8, 11], [17, 9, 13, 21, 5, 1, 8, 12, 7, 11], [21, 1, 17, 5, 9, 13, 8, 12, 11], [13, 21, 5, 17, 9, 1, 12, 8, 7, 11], [1, 5, 13, 9, 17, 21, 12, 8, 11], [17, 9, 21, 5, 13, 1, 8, 12, 11], [17, 13, 21, 5, 9, 1, 12, 8, 11], [13, 1, 21, 9, 5, 17, 8, 12, 11], [17, 13, 9, 21, 1, 5, 12, 8, 7, 11], [9, 1, 13, 5, 17, 21, 8, 12, 11], [13, 21, 1, 17, 5, 9, 8, 12, 7, 11], [17, 1, 21, 5, 9, 13, 8, 12, 11], [9, 21, 5, 13, 1, 17, 8, 12, 7, 11], [13, 1, 17, 21, 9, 5, 12, 8, 11], [5, 1, 17, 13, 9, 21, 12, 8, 11], [17, 9, 1, 21, 13, 5, 12, 8, 7, 11], [17, 1, 13, 5, 21, 9, 8, 12, 7, 11], [13, 9, 1, 5, 21, 17, 12, 8, 11], [9, 5, 21, 13, 1, 17, 12, 8, 7, 11], [5, 17, 1, 13, 21, 9, 12, 8, 11], [21, 1, 17, 9, 5, 13, 12, 8, 11], [5, 13, 1, 9, 21, 17, 12, 8, 11], [9, 5, 17, 13, 21, 1, 8, 12, 11], [13, 17, 9, 21, 1, 5, 8, 12, 11], [17, 9, 5, 1, 21, 13, 8, 12, 7, 11], [17, 13, 1, 5, 21, 9, 8, 12, 11], [5, 17, 13, 21, 1, 9, 12, 8, 7, 11], [13, 9, 5, 1, 21, 17, 12, 8, 11], [5, 9, 13, 1, 17, 21, 12, 8, 7, 11], [17, 1, 9, 13, 5, 21, 12, 8, 7, 11], [21, 1, 13, 9, 5, 17, 8, 12, 11], [21, 13, 5, 1, 17, 9, 8, 12, 11], [5, 1, 21, 13, 17, 9, 8, 12, 11], [13, 9, 5, 17, 1, 21, 8, 12, 7, 11], [17, 21, 1, 13, 9, 5, 12, 8, 11], [13, 5, 17, 1, 21, 9, 12, 8, 11], [1, 17, 13, 5, 21, 9, 12, 8, 11], [1, 13, 17, 9, 21, 5, 12, 8, 11], [21, 9, 17, 1, 5, 13, 12, 8, 7, 11], [5, 1, 13, 17, 21, 9, 12, 8, 11], [1, 9, 17, 13, 21, 5, 8, 12, 11], [1, 9, 17, 21, 13, 5, 8, 12, 11], [9, 13, 17, 21, 5, 1, 8, 12, 11], [5, 13, 9, 21, 17, 1, 8, 12, 11], [1, 21, 13, 9, 17, 5, 12, 8, 7, 11], [17, 9, 13, 21, 1, 5, 12, 8, 7, 11], [17, 9, 5, 1, 21, 13, 12, 8, 7, 11], [21, 5, 13, 9, 1, 17, 8, 12, 7, 11], [17, 9, 1, 21, 13, 5, 12, 8, 11], [13, 17, 9, 21, 5, 1, 8, 12, 11], [9, 17, 13, 1, 21, 5, 8, 12, 7, 11], [13, 5, 17, 1, 9, 21, 12, 8, 7, 11], [1, 17, 9, 5, 21, 13, 12, 8, 7, 11], [5, 21, 17, 1, 9, 13, 8, 12, 7, 11], [9, 13, 5, 1, 17, 21, 8, 12, 7, 11], [5, 21, 17, 9, 1, 13, 8, 12, 11], [5, 1, 21, 9, 13, 17, 12, 8, 7, 11], [5, 1, 17, 9, 21, 13, 8, 12, 7, 11], [21, 17, 1, 13, 9, 5, 8, 12, 7, 11], [1, 17, 13, 9, 21, 5, 8, 12, 7, 11], [21, 13, 17, 9, 1, 5, 12, 8, 11], [9, 1, 5, 21, 17, 13, 12, 8, 7, 11], [13, 9, 1, 17, 5, 21, 12, 8, 11], [5, 17, 9, 21, 1, 13, 8, 12, 11], [21, 17, 13, 9, 1, 5, 12, 8, 7, 11], [1, 9, 5, 21, 17, 13, 8, 12, 7, 11], [1, 13, 21, 9, 17, 5, 12, 8, 11], [13, 21, 5, 17, 1, 9, 8, 12, 7, 11], [5, 1, 17, 13, 21, 9, 12, 8, 7, 11], [9, 17, 5, 13, 21, 1, 12, 8, 11], [1, 5, 9, 21, 17, 13, 8, 12, 7, 11], [21, 17, 5, 9, 1, 13, 12, 8, 7, 11], [9, 21, 1, 5, 13, 17, 12, 8, 11], [21, 1, 9, 17, 5, 13, 8, 12, 11], [9, 21, 1, 17, 5, 13, 12, 8, 7, 11], [1, 21, 5, 17, 9, 13, 8, 12, 7, 11], [5, 17, 9, 21, 1, 13, 12, 8, 11], [5, 21, 13, 17, 1, 9, 12, 8, 11], [9, 21, 1, 17, 13, 5, 12, 8, 7, 11], [17, 1, 5, 21, 13, 9, 12, 8, 11], [17, 5, 1, 21, 9, 13, 8, 12, 7, 11], [21, 13, 17, 5, 1, 9, 12, 8, 7, 11], [9, 5, 21, 13, 1, 17, 12, 8, 7, 11], [21, 1, 5, 9, 13, 17, 12, 8, 11], [17, 21, 9, 5, 13, 1, 8, 12, 11], [17, 5, 13, 1, 9, 21, 8, 12, 7, 11], [21, 13, 9, 5, 17, 1, 12, 8, 11], [5, 21, 1, 17, 9, 13, 12, 8, 7, 11], [1, 17, 21, 5, 13, 9, 12, 8, 7, 11], [13, 17, 1, 21, 5, 9, 12, 8, 7, 11], [9, 1, 21, 13, 17, 5, 8, 12, 7, 11], [1, 17, 5, 13, 9, 21, 8, 12, 11], [21, 13, 5, 9, 17, 1, 12, 8, 11], [9, 1, 13, 5, 17, 21, 8, 12, 11], [5, 1, 13, 17, 9, 21, 12, 8, 11], [17, 1, 21, 5, 9, 13, 8, 12, 11], [13, 17, 5, 1, 9, 21, 12, 8, 11], [5, 13, 1, 9, 17, 21, 8, 12, 7, 11], [13, 1, 17, 5, 9, 21, 12, 8, 7, 11], [9, 13, 17, 5, 1, 21, 12, 8, 7, 11], [13, 17, 9, 1, 21, 5, 12, 8, 7, 11], [1, 9, 21, 13, 5, 17, 8, 12, 7, 11], [1, 5, 9, 13, 21, 17, 8, 12, 7, 11], [9, 1, 5, 21, 17, 13, 12, 8, 11], [5, 1, 13, 9, 21, 17, 8, 12, 7, 11], [17, 21, 13, 5, 1, 9, 8, 12, 11], [17, 13, 1, 21, 5, 9, 12, 8, 7, 11], [13, 5, 9, 17, 21, 1, 8, 12, 7, 11], [9, 17, 1, 13, 21, 5, 8, 12, 11], [17, 13, 5, 9, 21, 1, 12, 8, 7, 11], [13, 1, 9, 5, 17, 21, 12, 8, 11], [1, 13, 17, 5, 21, 9, 8, 12, 11], [17, 21, 1, 9, 13, 5, 8, 12, 7, 11], [21, 1, 9, 5, 17, 13, 8, 12, 7, 11], [17, 13, 9, 1, 5, 21, 8, 12, 7, 11], [21, 13, 17, 9, 5, 1, 12, 8, 7, 11], [1, 9, 5, 21, 13, 17, 12, 8, 7, 11], [21, 17, 13, 5, 1, 9, 12, 8, 7, 11], [13, 9, 17, 21, 1, 5, 12, 8, 11], [1, 17, 9, 13, 5, 21, 12, 8, 7, 11], [13, 1, 21, 5, 9, 17, 12, 8, 7, 11], [17, 9, 1, 13, 21, 5, 12, 8, 11], [5, 21, 1, 13, 17, 9, 8, 12, 7, 11], [9, 13, 21, 1, 17, 5, 8, 12, 7, 11], [9, 17, 21, 5, 1, 13, 12, 8, 7, 11], [5, 13, 17, 1, 9, 21, 8, 12, 11], [21, 5, 1, 9, 13, 17, 8, 12, 11], [13, 21, 9, 1, 17, 5, 12, 8, 11], [1, 9, 17, 21, 13, 5, 12, 8, 7, 11], [5, 17, 1, 9, 13, 21, 8, 12, 7, 11], [9, 5, 21, 17, 1, 13, 8, 12, 7, 11], [21, 17, 13, 1, 5, 9, 8, 12, 11], [13, 17, 9, 1, 5, 21, 12, 8, 7, 11], [13, 1, 17, 5, 9, 21, 8, 12, 7, 11], [17, 9, 5, 21, 13, 1, 12, 8, 11], [13, 1, 21, 9, 5, 17, 12, 8, 11], [17, 1, 5, 13, 21, 9, 12, 8, 7, 11], [9, 13, 5, 21, 17, 1, 8, 12, 7, 11], [1, 13, 9, 5, 21, 17, 12, 8, 11], [5, 1, 21, 9, 13, 17, 8, 12, 11], [9, 5, 17, 21, 1, 13, 8, 12, 11], [5, 1, 13, 9, 21, 17, 12, 8, 7, 11], [17, 1, 13, 9, 5, 21, 12, 8, 7, 11], [21, 1, 13, 5, 17, 9, 8, 12, 11], [17, 9, 21, 1, 5, 13, 12, 8, 7, 11], [13, 1, 9, 17, 5, 21, 8, 12, 7, 11], [5, 1, 13, 17, 9, 21, 8, 12, 7, 11], [21, 17, 5, 9, 13, 1, 8, 12, 7, 11], [1, 17, 21, 5, 13, 9, 8, 12, 7, 11], [9, 17, 1, 21, 5, 13, 8, 12, 7, 11], [13, 5, 17, 1, 21, 9, 8, 12, 11], [1, 5, 21, 9, 13, 17, 8, 12, 11], [9, 13, 21, 1, 17, 5, 12, 8, 7, 11], [17, 1, 5, 13, 21, 9, 12, 8, 11], [13, 1, 9, 21, 5, 17, 8, 12, 7, 11], [1, 17, 9, 21, 13, 5, 12, 8, 11], [1, 17, 21, 13, 9, 5, 8, 12, 7, 11], [17, 13, 9, 1, 21, 5, 12, 8, 7, 11], [5, 17, 1, 9, 13, 21, 8, 12, 7, 11], [13, 1, 21, 5, 17, 9, 8, 12, 11], [9, 5, 1, 21, 13, 17, 12, 8, 11], [9, 5, 21, 17, 13, 1, 12, 8, 11], [21, 5, 13, 17, 1, 9, 12, 8, 7, 11], [21, 9, 13, 1, 5, 17, 12, 8, 11], [9, 13, 21, 1, 17, 5, 8, 12, 7, 11], [5, 21, 17, 13, 9, 1, 12, 8, 11], [1, 13, 5, 21, 17, 9, 12, 8, 7, 11], [17, 21, 9, 13, 5, 1, 12, 8, 11], [9, 5, 13, 1, 21, 17, 8, 12, 7, 11], [17, 9, 5, 21, 1, 13, 12, 8, 7, 11], [5, 9, 21, 1, 13, 17, 12, 8, 11], [1, 17, 13, 5, 9, 21, 12, 8, 11], [5, 21, 1, 13, 17, 9, 8, 12, 7, 11], [21, 17, 13, 9, 1, 5, 8, 12, 7, 11], [13, 5, 21, 9, 17, 1, 8, 12, 7, 11], [5, 13, 1, 9, 17, 21, 12, 8, 11], [17, 21, 13, 5, 1, 9, 12, 8, 7, 11], [9, 13, 1, 21, 5, 17, 12, 8, 11], [5, 9, 21, 1, 17, 13, 12, 8, 7, 11], [1, 21, 9, 13, 17, 5, 8, 12, 7, 11], [9, 21, 17, 13, 1, 5, 12, 8, 7, 11], [21, 5, 13, 9, 1, 17, 12, 8, 11], [21, 5, 13, 17, 1, 9, 12, 8, 11], [5, 21, 17, 9, 13, 1, 12, 8, 7, 11], [21, 1, 9, 5, 17, 13, 12, 8, 7, 11], [21, 5, 1, 9, 13, 17, 8, 12, 11], [21, 13, 9, 1, 17, 5, 12, 8, 7, 11], [17, 13, 1, 9, 21, 5, 8, 12, 11], [13, 17, 5, 9, 21, 1, 8, 12, 11], [21, 5, 1, 17, 13, 9, 8, 12, 11], [5, 9, 13, 21, 1, 17, 12, 8, 7, 11], [5, 9, 1, 21, 17, 13, 12, 8, 11], [1, 17, 21, 9, 5, 13, 12, 8, 11], [1, 21, 17, 9, 13, 5, 8, 12, 7, 11], [13, 21, 1, 9, 17, 5, 8, 12, 11], [9, 13, 21, 5, 1, 17, 8, 12, 11], [5, 21, 1, 17, 9, 13, 12, 8, 11], [1, 21, 5, 17, 13, 9, 12, 8, 11], [9, 21, 13, 1, 17, 5, 8, 12, 7, 11], [17, 13, 5, 9, 1, 21, 12, 8, 11], [1, 13, 9, 5, 21, 17, 12, 8, 11], [1, 9, 17, 13, 5, 21, 8, 12, 11], [13, 17, 5, 9, 1, 21, 12, 8, 11], [21, 5, 9, 13, 1, 17, 8, 12, 7, 11], [9, 13, 17, 5, 21, 1, 12, 8, 11], [17, 1, 21, 13, 5, 9, 8, 12, 11], [17, 21, 5, 9, 13, 1, 12, 8, 11], [21, 13, 9, 5, 1, 17, 8, 12, 7, 11], [13, 17, 5, 21, 1, 9, 8, 12, 7, 11], [17, 21, 5, 9, 1, 13, 12, 8, 7, 11], [13, 5, 17, 9, 1, 21, 8, 12, 11], [1, 9, 13, 17, 21, 5, 12, 8, 7, 11], [21, 1, 5, 9, 17, 13, 12, 8, 11], [13, 1, 5, 9, 17, 21, 8, 12, 7, 11], [13, 5, 9, 1, 17, 21, 8, 12, 11], [1, 21, 17, 13, 9, 5, 12, 8, 11], [21, 5, 9, 1, 13, 17, 8, 12, 11], [17, 1, 9, 21, 13, 5, 8, 12, 11], [13, 9, 1, 17, 21, 5, 12, 8, 11], [5, 21, 17, 13, 1, 9, 12, 8, 11], [17, 21, 13, 1, 9, 5, 12, 8, 11], [17, 9, 1, 21, 13, 5, 8, 12, 7, 11], [17, 13, 1, 21, 9, 5, 8, 12, 11], [5, 17, 1, 21, 9, 13, 8, 12, 7, 11], [13, 21, 1, 17, 9, 5, 12, 8, 7, 11], [9, 1, 17, 21, 5, 13, 8, 12, 7, 11], [9, 13, 21, 1, 17, 5, 8, 12, 11], [1, 9, 13, 17, 21, 5, 12, 8, 11], [5, 13, 9, 1, 21, 17, 12, 8, 7, 11], [13, 1, 5, 21, 17, 9, 8, 12, 11], [17, 9, 13, 1, 21, 5, 12, 8, 7, 11], [13, 17, 5, 21, 9, 1, 12, 8, 7, 11], [17, 1, 5, 9, 21, 13, 12, 8, 7, 11], [13, 21, 1, 5, 9, 17, 8, 12, 7, 11], [9, 17, 5, 13, 1, 21, 12, 8, 11], [13, 5, 1, 9, 17, 21, 12, 8, 7, 11], [5, 13, 17, 21, 9, 1, 12, 8, 11], [21, 17, 5, 9, 13, 1, 8, 12, 11], [1, 21, 5, 17, 13, 9, 12, 8, 7, 11], [21, 1, 17, 9, 13, 5, 8, 12, 7, 11], [9, 21, 1, 5, 13, 17, 12, 8, 11], [17, 9, 1, 5, 21, 13, 8, 12, 7, 11], [21, 17, 13, 5, 1, 9, 12, 8, 7, 11], [17, 5, 13, 9, 1, 21, 8, 12, 7, 11], [13, 21, 17, 9, 5, 1, 8, 12, 11], [13, 17, 21, 5, 1, 9, 12, 8, 7, 11], [17, 5, 21, 9, 13, 1, 8, 12, 11], [17, 13, 9, 1, 21, 5, 12, 8, 11], [21, 1, 17, 5, 13, 9, 12, 8, 11], [17, 13, 5, 21, 9, 1, 12, 8, 11], [21, 13, 5, 1, 17, 9, 8, 12, 7, 11], [5, 1, 13, 21, 9, 17, 8, 12, 7, 11], [13, 21, 5, 17, 1, 9, 12, 8, 11], [21, 17, 5, 13, 1, 9, 12, 8, 11], [17, 5, 21, 13, 1, 9, 12, 8, 11], [5, 21, 17, 1, 9, 13, 12, 8, 11], [5, 1, 17, 9, 21, 13, 12, 8, 11], [17, 1, 9, 21, 13, 5, 12, 8, 11], [9, 13, 17, 5, 21, 1, 12, 8, 11], [17, 1, 9, 13, 21, 5, 8, 12, 11], [1, 9, 21, 17, 13, 5, 12, 8, 11], [13, 1, 21, 9, 5, 17, 12, 8, 7, 11], [5, 9, 21, 1, 13, 17, 12, 8, 11], [1, 9, 17, 13, 21, 5, 12, 8, 7, 11], [17, 9, 1, 13, 5, 21, 8, 12, 7, 11], [17, 9, 1, 13, 5, 21, 8, 12, 11], [5, 17, 21, 1, 13, 9, 12, 8, 11], [9, 5, 13, 21, 17, 1, 8, 12, 7, 11], [17, 21, 1, 13, 9, 5, 12, 8, 7, 11], [5, 17, 1, 21, 13, 9, 12, 8, 7, 11], [9, 1, 13, 17, 5, 21, 12, 8, 11], [21, 9, 17, 13, 1, 5, 12, 8, 7, 11], [17, 13, 1, 9, 21, 5, 12, 8, 7, 11], [17, 5, 9, 13, 21, 1, 8, 12, 7, 11], [13, 9, 1, 17, 5, 21, 12, 8, 11], [17, 13, 5, 21, 9, 1, 12, 8, 11], [17, 5, 13, 1, 21, 9, 8, 12, 11], [17, 5, 1, 13, 21, 9, 8, 12, 11], [13, 9, 21, 5, 1, 17, 8, 12, 7, 11], [9, 1, 17, 5, 21, 13, 8, 12, 7, 11], [5, 9, 21, 17, 1, 13, 8, 12, 7, 11], [9, 17, 21, 13, 5, 1, 8, 12, 11], [13, 5, 1, 21, 17, 9, 8, 12, 11], [9, 21, 5, 13, 1, 17, 8, 12, 11], [9, 5, 21, 17, 1, 13, 8, 12, 7, 11], [13, 9, 21, 17, 5, 1, 12, 8, 11], [17, 1, 5, 21, 9, 13, 8, 12, 7, 11], [1, 21, 17, 5, 9, 13, 8, 12, 11], [5, 17, 9, 1, 21, 13, 12, 8, 11], [1, 13, 17, 9, 5, 21, 12, 8, 7, 11], [21, 1, 13, 9, 5, 17, 8, 12, 11], [1, 17, 21, 9, 5, 13, 8, 12, 11], [13, 5, 21, 9, 1, 17, 8, 12, 7, 11], [17, 21, 1, 9, 5, 13, 12, 8, 7, 11], [13, 5, 9, 1, 21, 17, 12, 8, 7, 11], [21, 1, 13, 5, 17, 9, 12, 8, 11], [13, 5, 17, 1, 21, 9, 12, 8, 7, 11], [17, 21, 1, 5, 9, 13, 12, 8, 11], [1, 17, 21, 9, 5, 13, 12, 8, 11], [17, 9, 5, 21, 1, 13, 12, 8, 11], [21, 1, 17, 13, 9, 5, 8, 12, 7, 11], [9, 1, 5, 21, 17, 13, 12, 8, 11], [9, 1, 13, 5, 17, 21, 12, 8, 11], [1, 13, 9, 21, 17, 5, 8, 12, 7, 11], [9, 5, 21, 1, 17, 13, 12, 8, 7, 11], [13, 1, 21, 9, 5, 17, 8, 12, 7, 11], [9, 5, 1, 17, 21, 13, 8, 12, 7, 11], [1, 13, 5, 9, 21, 17, 8, 12, 7, 11], [5, 1, 13, 21, 9, 17, 12, 8, 11], [17, 1, 9, 21, 5, 13, 8, 12, 7, 11], [1, 13, 21, 9, 5, 17, 12, 8, 7, 11], [21, 5, 17, 1, 9, 13, 8, 12, 11], [9, 5, 13, 21, 1, 17, 8, 12, 11], [9, 13, 1, 21, 17, 5, 8, 12, 7, 11], [21, 17, 1, 9, 5, 13, 8, 12, 11], [17, 1, 21, 13, 9, 5, 8, 12, 7, 11], [17, 21, 1, 13, 5, 9, 12, 8, 11], [21, 13, 1, 17, 9, 5, 12, 8, 7, 11], [1, 17, 5, 21, 13, 9, 8, 12, 7, 11], [13, 9, 5, 21, 17, 1, 8, 12, 7, 11], [1, 13, 17, 9, 5, 21, 8, 12, 7, 11], [9, 21, 13, 17, 1, 5, 8, 12, 7, 11], [9, 13, 1, 21, 5, 17, 8, 12, 7, 11], [1, 5, 17, 21, 9, 13, 12, 8, 7, 11], [21, 9, 1, 13, 17, 5, 8, 12, 7, 11], [21, 13, 5, 9, 1, 17, 8, 12, 11], [17, 9, 13, 5, 1, 21, 8, 12, 7, 11], [9, 21, 17, 13, 5, 1, 8, 12, 7, 11], [21, 9, 13, 5, 1, 17, 8, 12, 11], [13, 5, 1, 21, 9, 17, 12, 8, 11], [17, 9, 5, 21, 1, 13, 12, 8, 7, 11], [5, 9, 17, 1, 13, 21, 8, 12, 11], [13, 17, 9, 5, 21, 1, 8, 12, 11], [5, 21, 1, 9, 13, 17, 12, 8, 11], [21, 13, 17, 9, 1, 5, 8, 12, 7, 11], [13, 17, 5, 9, 1, 21, 12, 8, 7, 11], [9, 1, 21, 13, 17, 5, 8, 12, 11], [13, 17, 9, 1, 21, 5, 12, 8, 7, 11], [17, 1, 9, 5, 13, 21, 12, 8, 7, 11], [17, 1, 21, 13, 5, 9, 12, 8, 11], [1, 13, 21, 5, 17, 9, 12, 8, 11], [1, 17, 5, 21, 9, 13, 8, 12, 7, 11], [5, 21, 9, 17, 13, 1, 12, 8, 11], [21, 17, 5, 9, 1, 13, 8, 12, 11], [5, 1, 9, 13, 17, 21, 12, 8, 7, 11], [1, 5, 9, 13, 21, 17, 12, 8, 7, 11], [21, 5, 13, 1, 9, 17, 12, 8, 7, 11], [17, 9, 5, 1, 21, 13, 12, 8, 7, 11], [1, 21, 13, 5, 9, 17, 8, 12, 7, 11], [17, 9, 5, 21, 13, 1, 8, 12, 7, 11], [17, 9, 5, 1, 21, 13, 8, 12, 7, 11], [9, 21, 13, 1, 5, 17, 8, 12, 7, 11], [9, 17, 1, 5, 13, 21, 8, 12, 11], [5, 1, 13, 17, 9, 21, 8, 12, 11], [1, 17, 5, 9, 13, 21, 8, 12, 7, 11], [13, 9, 1, 17, 5, 21, 8, 12, 7, 11], [13, 17, 9, 5, 1, 21, 12, 8, 7, 11], [17, 5, 13, 9, 1, 21, 8, 12, 11], [9, 21, 5, 1, 17, 13, 12, 8, 11], [1, 21, 5, 9, 17, 13, 8, 12, 11], [13, 17, 1, 5, 9, 21, 8, 12, 7, 11], [5, 17, 9, 21, 1, 13, 12, 8, 11], [5, 9, 1, 17, 21, 13, 12, 8, 11], [21, 9, 1, 5, 17, 13, 12, 8, 7, 11], [13, 21, 1, 9, 17, 5, 8, 12, 11], [13, 1, 17, 5, 9, 21, 8, 12, 7, 11], [13, 21, 5, 9, 1, 17, 8, 12, 7, 11], [9, 1, 13, 17, 21, 5, 12, 8, 7, 11], [17, 9, 1, 13, 21, 5, 8, 12, 7, 11], [17, 1, 21, 13, 5, 9, 12, 8, 11], [21, 1, 5, 13, 9, 17, 12, 8, 11], [1, 5, 17, 9, 21, 13, 12, 8, 11], [1, 13, 5, 21, 9, 17, 8, 12, 11], [1, 9, 21, 13, 5, 17, 12, 8, 11], [13, 17, 9, 1, 21, 5, 12, 8, 11], [1, 9, 21, 17, 5, 13, 8, 12, 7, 11], [5, 17, 13, 21, 9, 1, 12, 8, 7, 11], [1, 17, 9, 21, 13, 5, 12, 8, 11], [5, 21, 13, 17, 9, 1, 8, 12, 11], [5, 13, 17, 21, 9, 1, 12, 8, 11], [13, 21, 9, 17, 1, 5, 12, 8, 11], [13, 9, 21, 1, 5, 17, 12, 8, 11], [21, 5, 17, 1, 13, 9, 8, 12, 11], [9, 17, 21, 13, 5, 1, 8, 12, 7, 11], [5, 13, 1, 21, 17, 9, 8, 12, 11], [21, 9, 5, 1, 17, 13, 12, 8, 7, 11], [1, 17, 21, 13, 9, 5, 12, 8, 11], [17, 1, 9, 21, 5, 13, 12, 8, 7, 11], [5, 21, 9, 1, 17, 13, 12, 8, 7, 11], [9, 5, 13, 1, 17, 21, 12, 8, 7, 11], [9, 1, 5, 21, 17, 13, 8, 12, 7, 11], [17, 21, 5, 9, 1, 13, 8, 12, 11], [5, 13, 17, 1, 21, 9, 8, 12, 11], [13, 5, 1, 17, 9, 21, 12, 8, 11], [17, 21, 13, 1, 9, 5, 12, 8, 11], [17, 13, 9, 1, 21, 5, 12, 8, 11], [1, 21, 5, 13, 17, 9, 12, 8, 7, 11], [9, 1, 5, 17, 13, 21, 12, 8, 7, 11], [17, 1, 21, 9, 5, 13, 12, 8, 11], [5, 1, 17, 13, 9, 21, 12, 8, 11], [1, 17, 21, 9, 5, 13, 12, 8, 11], [13, 1, 5, 17, 21, 9, 8, 12, 11], [9, 21, 17, 13, 1, 5, 12, 8, 11], [5, 17, 21, 9, 1, 13, 12, 8, 11], [5, 13, 21, 9, 1, 17, 8, 12, 11], [21, 5, 9, 1, 13, 17, 8, 12, 11], [1, 9, 17, 21, 13, 5, 12, 8, 7, 11], [13, 21, 17, 5, 1, 9, 8, 12, 7, 11], [17, 1, 13, 21, 9, 5, 8, 12, 11], [9, 21, 1, 5, 17, 13, 8, 12, 11], [13, 5, 17, 9, 21, 1, 12, 8, 7, 11], [21, 17, 9, 1, 13, 5, 8, 12, 11], [1, 13, 17, 9, 21, 5, 12, 8, 11], [5, 1, 9, 21, 13, 17, 8, 12, 11], [13, 1, 17, 21, 5, 9, 12, 8, 7, 11], [5, 17, 21, 13, 9, 1, 12, 8, 7, 11], [21, 17, 5, 1, 13, 9, 8, 12, 11], [13, 17, 9, 1, 21, 5, 8, 12, 11], [5, 1, 21, 9, 13, 17, 8, 12, 11], [9, 21, 5, 13, 1, 17, 12, 8, 7, 11], [21, 17, 13, 5, 1, 9, 8, 12, 11], [9, 1, 21, 13, 5, 17, 8, 12, 7, 11], [13, 9, 21, 17, 5, 1, 12, 8, 11], [21, 13, 5, 1, 9, 17, 8, 12, 11], [13, 1, 5, 21, 17, 9, 8, 12, 7, 11], [5, 13, 9, 17, 21, 1, 8, 12, 7, 11], [17, 13, 9, 21, 1, 5, 8, 12, 11], [1, 21, 17, 5, 9, 13, 8, 12, 11], [1, 9, 17, 5, 13, 21, 8, 12, 7, 11], [1, 17, 21, 9, 5, 13, 8, 12, 11], [13, 17, 5, 21, 9, 1, 12, 8, 7, 11], [21, 1, 13, 17, 5, 9, 8, 12, 11], [21, 9, 13, 17, 1, 5, 8, 12, 7, 11], [9, 21, 13, 17, 1, 5, 12, 8, 11], [17, 21, 9, 5, 13, 1, 12, 8, 11], [13, 17, 5, 9, 1, 21, 12, 8, 11], [13, 21, 1, 9, 17, 5, 12, 8, 11], [17, 21, 5, 13, 1, 9, 12, 8, 7, 11], [13, 17, 9, 21, 1, 5, 12, 8, 11], [9, 1, 5, 17, 21, 13, 12, 8, 11], [5, 9, 13, 17, 21, 1, 8, 12, 7, 11], [1, 13, 9, 17, 21, 5, 8, 12, 7, 11], [17, 9, 5, 1, 13, 21, 12, 8, 11], [13, 1, 5, 17, 9, 21, 12, 8, 7, 11], [21, 17, 9, 1, 13, 5, 8, 12, 7, 11], [1, 17, 5, 13, 9, 21, 12, 8, 7, 11], [5, 9, 13, 17, 21, 1, 8, 12, 11], [1, 17, 5, 13, 21, 9, 12, 8, 11], [1, 9, 5, 21, 17, 13, 8, 12, 7, 11], [17, 1, 9, 13, 5, 21, 8, 12, 7, 11], [17, 9, 1, 5, 21, 13, 8, 12, 7, 11], [9, 13, 5, 17, 1, 21, 8, 12, 7, 11], [1, 17, 9, 21, 13, 5, 12, 8, 7, 11], [21, 17, 5, 13, 9, 1, 12, 8, 7, 11], [1, 9, 5, 17, 21, 13, 8, 12, 11], [21, 17, 5, 9, 1, 13, 12, 8, 11], [9, 21, 17, 1, 13, 5, 12, 8, 7, 11], [13, 9, 21, 1, 17, 5, 12, 8, 11], [1, 13, 5, 21, 17, 9, 12, 8, 11], [1, 5, 9, 17, 13, 21, 12, 8, 7, 11], [21, 13, 9, 5, 1, 17, 12, 8, 11], [21, 17, 5, 13, 1, 9, 8, 12, 11], [5, 17, 1, 21, 13, 9, 8, 12, 7, 11], [17, 5, 9, 13, 21, 1, 8, 12, 11], [13, 17, 5, 21, 1, 9, 8, 12, 7, 11], [13, 21, 9, 1, 5, 17, 8, 12, 7, 11], [13, 1, 21, 9, 17, 5, 12, 8, 7, 11], [5, 1, 13, 9, 21, 17, 8, 12, 7, 11], [5, 1, 17, 9, 13, 21, 8, 12, 7, 11], [21, 13, 17, 1, 9, 5, 8, 12, 11], [21, 17, 13, 1, 9, 5, 12, 8, 11], [13, 5, 21, 9, 17, 1, 8, 12, 7, 11], [9, 5, 17, 13, 21, 1, 12, 8, 11], [9, 21, 5, 17, 1, 13, 8, 12, 11], [21, 5, 17, 1, 13, 9, 12, 8, 11], [13, 1, 5, 9, 21, 17, 12, 8, 7, 11], [5, 21, 17, 13, 9, 1, 8, 12, 7, 11], [5, 13, 21, 17, 9, 1, 8, 12, 7, 11], [1, 5, 13, 17, 21, 9, 12, 8, 11], [17, 21, 13, 5, 9, 1, 12, 8, 7, 11], [13, 1, 5, 9, 17, 21, 8, 12, 7, 11], [13, 9, 5, 17, 21, 1, 12, 8, 11], [9, 13, 5, 1, 17, 21, 12, 8, 11], [17, 21, 13, 1, 9, 5, 12, 8, 7, 11], [9, 5, 1, 13, 21, 17, 12, 8, 7, 11], [1, 5, 9, 17, 21, 13, 12, 8, 7, 11], [21, 5, 13, 1, 17, 9, 8, 12, 11], [5, 17, 1, 21, 9, 13, 8, 12, 7, 11], [1, 5, 9, 17, 13, 21, 12, 8, 7, 11], [5, 21, 13, 17, 9, 1, 12, 8, 11], [1, 17, 13, 21, 9, 5, 8, 12, 11], [1, 21, 9, 13, 17, 5, 12, 8, 11], [9, 21, 1, 17, 13, 5, 8, 12, 7, 11], [1, 9, 13, 17, 5, 21, 12, 8, 7, 11], [5, 1, 9, 13, 17, 21, 8, 12, 7, 11], [5, 9, 17, 21, 13, 1, 12, 8, 11], [9, 13, 1, 5, 21, 17, 8, 12, 11], [9, 1, 21, 13, 17, 5, 12, 8, 11], [13, 1, 21, 17, 5, 9, 8, 12, 11], [9, 13, 21, 17, 5, 1, 8, 12, 7, 11], [1, 5, 21, 13, 9, 17, 12, 8, 7, 11], [1, 5, 21, 17, 13, 9, 8, 12, 11], [13, 5, 17, 21, 9, 1, 12, 8, 11], [5, 1, 9, 17, 13, 21, 8, 12, 7, 11], [17, 5, 13, 1, 21, 9, 12, 8, 11], [5, 1, 13, 9, 17, 21, 12, 8, 11], [9, 13, 21, 1, 17, 5, 8, 12, 11], [21, 13, 17, 1, 5, 9, 8, 12, 7, 11], [9, 5, 21, 13, 1, 17, 12, 8, 7, 11], [13, 5, 9, 21, 1, 17, 8, 12, 11], [21, 9, 1, 5, 17, 13, 8, 12, 11], [21, 5, 1, 17, 9, 13, 12, 8, 11], [5, 1, 21, 13, 9, 17, 8, 12, 11], [21, 5, 1, 13, 9, 17, 12, 8, 11], [1, 13, 5, 21, 9, 17, 8, 12, 11], [13, 17, 1, 21, 9, 5, 12, 8, 11], [13, 17, 5, 9, 21, 1, 8, 12, 11], [5, 1, 9, 13, 21, 17, 8, 12, 7, 11], [17, 1, 21, 13, 5, 9, 12, 8, 11], [21, 9, 1, 5, 17, 13, 12, 8, 7, 11], [5, 1, 13, 17, 21, 9, 8, 12, 11], [21, 5, 13, 17, 1, 9, 8, 12, 11], [5, 13, 21, 1, 17, 9, 8, 12, 7, 11], [5, 13, 9, 1, 21, 17, 12, 8, 7, 11], [9, 13, 17, 21, 1, 5, 8, 12, 11], [17, 9, 13, 5, 21, 1, 12, 8, 11], [5, 9, 17, 13, 21, 1, 12, 8, 11], [1, 9, 13, 21, 17, 5, 12, 8, 7, 11], [13, 21, 1, 9, 5, 17, 8, 12, 11], [13, 21, 5, 17, 9, 1, 12, 8, 7, 11], [21, 17, 5, 9, 1, 13, 12, 8, 7, 11], [9, 5, 17, 21, 13, 1, 12, 8, 11], [9, 13, 21, 17, 1, 5, 12, 8, 7, 11], [13, 5, 21, 1, 9, 17, 8, 12, 7, 11], [13, 5, 21, 9, 17, 1, 8, 12, 7, 11], [13, 21, 17, 1, 9, 5, 12, 8, 11], [13, 21, 5, 17, 1, 9, 8, 12, 7, 11], [17, 9, 5, 1, 13, 21, 12, 8, 11], [9, 17, 5, 13, 1, 21, 8, 12, 11], [21, 1, 17, 5, 13, 9, 12, 8, 11], [5, 17, 21, 1, 13, 9, 12, 8, 7, 11], [13, 1, 21, 17, 5, 9, 8, 12, 11], [5, 1, 13, 9, 17, 21, 12, 8, 11], [13, 9, 17, 1, 5, 21, 8, 12, 7, 11], [21, 17, 1, 13, 5, 9, 12, 8, 11], [5, 17, 1, 9, 13, 21, 8, 12, 7, 11], [17, 5, 21, 1, 9, 13, 12, 8, 11], [17, 5, 21, 13, 9, 1, 12, 8, 7, 11], [5, 1, 13, 21, 17, 9, 8, 12, 11], [1, 5, 13, 17, 9, 21, 12, 8, 11], [21, 13, 5, 17, 9, 1, 12, 8, 7, 11], [17, 9, 21, 13, 5, 1, 8, 12, 7, 11], [9, 13, 5, 1, 17, 21, 12, 8, 11], [21, 5, 13, 9, 17, 1, 8, 12, 11], [5, 17, 9, 13, 1, 21, 12, 8, 11], [1, 5, 13, 21, 17, 9, 12, 8, 7, 11], [21, 17, 1, 9, 5, 13, 12, 8, 11], [5, 17, 21, 1, 9, 13, 8, 12, 7, 11], [17, 13, 5, 21, 9, 1, 8, 12, 7, 11], [5, 1, 21, 9, 13, 17, 12, 8, 7, 11], [21, 9, 17, 1, 5, 13, 8, 12, 7, 11], [17, 9, 5, 21, 13, 1, 8, 12, 11], [21, 5, 17, 1, 9, 13, 12, 8, 7, 11], [1, 21, 13, 5, 9, 17, 12, 8, 7, 11], [1, 9, 5, 21, 17, 13, 12, 8, 11], [13, 9, 5, 21, 17, 1, 12, 8, 7, 11], [21, 1, 9, 17, 5, 13, 12, 8, 7, 11], [17, 1, 13, 5, 21, 9, 12, 8, 7, 11], [13, 17, 9, 21, 1, 5, 12, 8, 11], [1, 5, 21, 17, 13, 9, 12, 8, 11], [1, 9, 21, 13, 17, 5, 12, 8, 11], [13, 17, 5, 21, 1, 9, 12, 8, 11], [1, 21, 5, 9, 13, 17, 12, 8, 11], [5, 17, 1, 13, 9, 21, 12, 8, 7, 11], [17, 5, 21, 9, 1, 13, 8, 12, 7, 11], [13, 1, 9, 21, 17, 5, 8, 12, 7, 11], [5, 13, 17, 1, 9, 21, 8, 12, 11], [1, 5, 13, 21, 9, 17, 12, 8, 11], [1, 17, 9, 21, 5, 13, 8, 12, 7, 11], [21, 9, 13, 5, 17, 1, 12, 8, 7, 11], [5, 9, 17, 1, 13, 21, 12, 8, 7, 11], [13, 9, 5, 17, 21, 1, 12, 8, 11], [1, 9, 17, 5, 13, 21, 8, 12, 11], [1, 9, 5, 21, 13, 17, 8, 12, 11], [1, 5, 21, 17, 13, 9, 8, 12, 7, 11], [17, 21, 1, 9, 5, 13, 12, 8, 7, 11], [5, 17, 21, 13, 1, 9, 8, 12, 11], [1, 21, 17, 9, 13, 5, 8, 12, 11], [5, 21, 1, 13, 9, 17, 12, 8, 11], [9, 21, 17, 5, 1, 13, 12, 8, 7, 11], [13, 1, 17, 5, 21, 9, 12, 8, 7, 11], [21, 13, 1, 17, 9, 5, 12, 8, 7, 11], [1, 17, 5, 21, 9, 13, 8, 12, 7, 11], [13, 1, 9, 21, 17, 5, 12, 8, 11], [21, 5, 9, 1, 13, 17, 12, 8, 7, 11], [13, 9, 21, 17, 5, 1, 8, 12, 11], [13, 17, 9, 21, 5, 1, 12, 8, 11], [9, 5, 13, 1, 17, 21, 8,