{"problem_id":"q3TRZwTlyo0X8Yu","sigma":75,"alpha":1.000,"cost":0,"probabilities":"[0.23, 0.2, 0.28, 0.29]","payoff_matrix":"[[26, 41, -38, -27, -29, 34], [-28, -75, 2, -91, 78, -22], [-33, -14, -11, -21, 36, 28], [-118, 113, -105, -65, 46, 20]]","uncovered":[[16,12,8,24,4,23,7,21,5,20,19,17],[24,12,20,19,23,21,17,18,22,8,7,5,6,16,4],[16,4,8,12,20,7,19,17,5,24,23],[8,24,20,19,7,17,5,16,12,4],[20,16,8,19,7,17,5,4,23,24,12],[12,16,20,4,24,23,19,17,21,18,22,8,7,5,6],[8,20,19,7,17,5,12,4,24,16],[4,8,12,16,24,20,7,19,5,17,23],[16,8,24,4,12,20,19,7,17,5,23],[8,4,20,19,7,17,5,12,23,24,16],[20,4,24,23,19,17,21,22,18,16,8,7,5,6,12],[12,20,24,19,23,21,17,18,22,8,7,5,6,4,16],[8,4,20,19,7,17,5,12,16,24],[12,8,16,20,7,19,17,5,24,4],[8,24,20,19,7,5,17,4,16,12],[24,20,23,19,21,17,22,18,12,4,8,7,5,6,16],[8,12,16,20,19,7,5,17,24,4],[24,20,23,19,21,17,22,18,12,4,16,8,7,5,6],[24,16,8,4,12,20,19,7,17,5,23],[8,20,19,7,17,5,24,16,12,4],[8,12,24,4,16,20,19,7,17,5],[12,8,16,20,7,19,17,5,4,24],[24,20,23,19,17,21,22,18,16,4,12,8,7,5,6],[16,24,12,4,8,20,19,7,5,17],[20,4,8,19,7,17,5,16,23,24,12],[20,24,19,23,21,17,18,22,12,4,16,8,7,5,6],[16,24,12,8,20,7,19,5,17,4],[20,12,8,7,19,17,5,24,16,4,23],[20,24,19,23,17,21,18,22,12,16,8,7,5,6,4],[4,12,24,20,19,23,21,17,18,22,8,7,5,6,16],[24,16,8,12,4,20,7,19,17,5,23],[20,8,19,7,5,17,12,4,16,24,23],[16,8,20,7,19,17,5,4,12,24],[8,12,4,24,20,7,19,17,5,16],[8,4,20,7,19,17,5,12,24,16],[24,4,8,16,20,19,7,5,17,11,23,21],[20,12,8,19,7,17,5,23,24,4,16],[8,20,7,19,5,17,4,16,12,24],[4,20,12,8,7,19,17,5,24,16,23],[16,8,12,4,24,20,19,7,5,17,23],[16,4,24,12,8,20,7,19,5,17,23],[8,12,16,3,24,20,7,19,5,17,23],[12,8,16,20,7,19,17,5,24,4,23],[16,20,8,19,7,5,17,12,4,24,23],[24,8,4,16,20,19,7,17,5,12,23],[16,20,4,24,19,23,17,21,18,22,8,7,5,6,12],[24,16,4,20,19,23,21,17,18,22,12,8,7,5,6],[20,12,24,23,19,17,21,18,22,8,7,5,6,4,16],[24,4,8,16,20,19,7,17,5,11,23,21],[24,16,4,12,8,20,19,7,5,17],[16,12,4,8,19,20,7,17,5,24,23],[4,8,20,19,7,5,17,16,12,24,23],[24,12,20,23,19,21,17,18,22,16,4,8,7,5,6],[20,16,8,19,7,17,5,24,4,12],[12,8,16,20,19,7,17,5,24,4],[20,24,23,19,21,17,18,22,12,4,8,7,5,6,16],[12,16,20,24,19,23,21,17,18,22,8,7,5,6,4],[12,8,4,20,19,7,5,17,24,16,23],[4,24,20,19,23,21,17,18,22,12,8,7,5,6,16],[20,12,24,19,23,21,17,18,22,4,8,7,5,6,16],[4,24,8,20,7,19,5,17,11,16,23,21],[12,24,20,23,19,21,17,18,22,16,8,7,5,6,4],[16,12,20,8,7,19,17,5,24,4],[20,8,19,7,5,17,24,4,16,12,23],[8,4,24,20,19,7,17,5,12,16,23],[12,24,16,4,8,20,19,7,17,5,23],[16,4,8,24,20,19,7,5,17,12],[12,24,4,8,16,20,7,19,17,5],[12,8,24,4,16,20,19,7,17,5,23],[12,20,24,23,19,17,21,22,18,16,4,8,7,5,6],[16,12,24,4,20,19,23,17,21,18,22,8,7,5,6],[12,24,16,8,4,20,7,19,17,5,23],[8,20,19,7,5,17,23,24,16,4,11,21],[8,12,4,16,20,19,7,17,5,24],[8,4,24,20,7,19,17,5,11,16,23,21],[16,24,4,8,20,19,7,5,17,12],[20,24,23,19,17,21,18,22,8,7,5,6,12,16,4],[20,12,16,8,19,7,5,17,4,24],[16,24,12,8,4,20,19,7,17,5,23],[4,16,12,24,20,19,23,21,17,22,18,8,7,5,6],[20,24,19,23,17,21,18,4,22,8,7,5,6,15,12],[12,24,16,20,19,23,17,21,22,18,8,7,5,6,4],[24,8,20,7,19,17,5,4,12,16,23],[12,20,16,24,23,19,21,17,22,18,4,8,7,5,6],[24,16,12,8,20,19,7,5,17,4],[20,24,19,23,17,21,22,18,4,8,7,5,6,12,16],[12,24,20,23,19,17,21,22,18,8,7,5,6,16,4],[4,24,16,8,20,19,7,5,17,12],[4,16,20,8,19,7,5,17,24,12,23],[24,4,16,12,8,20,7,19,5,17],[12,8,24,20,7,19,5,17,4,15,23],[8,24,20,7,19,17,5,16,4,12,23],[24,4,8,20,7,19,17,5,12,15,23],[16,4,12,20,24,19,23,21,17,18,22,8,7,5,6],[8,24,4,16,12,20,19,7,17,5],[8,12,16,24,20,19,7,5,17,4],[4,24,8,12,16,20,7,19,5,17],[12,16,8,24,4,20,7,19,5,17,23],[24,4,12,16,20,19,23,17,21,18,22,8,7,5,6],[4,12,16,20,24,19,23,21,17,18,22,8,7,5,6],[4,16,20,8,19,7,5,17,24,12],[4,8,20,19,7,17,5,16,12,23,24],[20,4,24,23,19,17,21,22,18,8,7,5,6,16,12],[24,16,8,12,4,20,19,7,5,17],[8,24,20,7,19,5,17,16,4,11,23,21],[20,8,19,7,5,17,4,23,24,12,16],[8,16,4,12,24,20,7,19,5,17,23],[20,8,19,7,5,17,16,24,12,4],[24,4,12,20,19,23,17,21,18,22,16,8,7,5,6],[4,8,12,20,7,19,5,17,16,24,23],[24,20,19,23,17,21,18,22,4,16,8,7,5,6,12],[20,8,19,7,5,17,16,24,4,12,23],[4,16,24,20,23,19,21,17,18,22,8,7,5,6,12],[4,8,16,20,7,19,17,5,12,24],[24,8,12,3,16,20,7,19,17,5,23],[16,12,8,20,7,19,5,17,24,4,23],[16,24,20,23,19,17,21,18,22,8,7,5,6,12,4],[12,20,24,23,19,17,21,18,22,8,7,5,6,16,4],[12,24,16,20,19,23,21,17,22,18,8,7,5,6,4],[12,16,24,8,4,20,19,7,17,5,23],[24,20,19,23,21,17,18,22,8,7,5,6,4,12,16],[20,16,4,8,19,7,5,17,24,12,23],[24,16,4,20,19,23,21,17,22,18,8,7,5,6,12],[8,24,20,19,7,5,17,11,4,16,23,21],[16,20,12,24,23,19,21,17,22,18,8,7,5,6,4],[4,16,12,20,8,7,19,17,5,24],[24,12,16,20,19,23,17,21,18,22,4,8,7,5,6],[4,24,8,20,19,7,5,17,12,16,23],[12,8,16,20,19,7,5,17,4,24],[20,8,7,19,17,5,15,24,3,11,23,21,22],[4,8,24,12,20,19,7,17,5,16,23],[4,8,24,20,7,19,5,17,12,16],[16,20,8,7,19,5,17,12,24,3,23],[20,4,16,24,19,23,17,21,22,18,8,7,5,6,12],[8,24,16,12,20,7,19,17,5,3,23],[20,4,16,24,19,23,17,21,22,18,8,7,5,6,12],[12,8,20,19,7,5,17,16,3,24,23],[8,4,12,20,7,19,5,17,24,16,23],[24,16,20,19,23,21,17,22,18,12,8,7,5,6,4],[16,4,20,12,8,7,19,5,17,24],[16,4,24,12,8,20,7,19,17,5],[4,16,24,12,20,19,23,17,21,22,18,8,7,5,6],[24,4,16,20,23,19,17,21,18,22,12,8,7,5,6],[8,24,20,7,19,5,17,3,11,16,23,21,22],[24,16,8,20,7,19,17,5,4,12],[12,16,20,8,7,19,5,17,4,24],[16,20,12,4,24,23,19,17,21,18,22,8,7,5,6],[24,4,16,12,20,23,19,17,21,22,18,8,7,5,6],[20,16,12,8,19,7,5,17,4,23,24],[16,20,24,19,23,21,17,22,18,8,7,5,6,12,4],[24,12,8,4,16,19,20,7,5,17],[12,8,4,24,16,20,7,19,5,17],[12,20,8,19,7,5,17,4,16,24,23],[4,24,16,12,20,23,19,21,17,22,18,8,7,5,6],[16,4,12,24,8,20,19,7,17,5,23],[16,4,24,8,12,20,7,19,5,17],[12,24,20,23,19,17,21,18,22,8,7,5,6,16,4],[8,20,7,19,17,5,4,16,24,11,23,21,6,22,18],[4,24,8,20,19,7,17,5,15,12,23],[16,24,20,19,23,21,17,22,18,8,7,5,6,4,12],[24,4,16,8,12,20,19,7,17,5,23],[4,16,20,24,23,19,17,21,22,18,12,8,7,5,6],[16,20,4,8,7,19,17,5,12,24],[16,4,20,12,24,23,19,17,21,18,22,8,7,5,6],[24,16,4,12,20,19,23,17,21,18,22,8,7,5,6],[12,4,16,8,24,20,19,7,5,17,23],[20,4,24,23,19,17,21,18,8,7,5,6,22,16,12],[20,24,23,19,21,17,18,22,8,7,5,6,4,12,16],[16,20,8,19,7,17,5,24,4,12],[12,8,24,20,7,19,17,5,4,16,23],[8,24,20,7,19,17,5,12,16,4],[8,20,7,19,5,17,16,4,12,24,23],[12,4,16,20,8,7,19,17,5,24],[12,20,4,16,24,23,19,21,17,22,18,8,7,5,6],[16,8,24,12,4,20,19,7,5,17],[16,24,12,4,20,19,23,17,21,22,18,8,7,5,6],[12,16,4,20,24,23,19,21,17,22,18,8,7,5,6],[12,24,8,16,4,19,20,7,5,17],[24,12,8,16,20,7,19,17,5,4],[24,20,19,23,21,17,18,22,12,8,7,5,6,4,16],[16,4,24,12,20,19,23,21,17,22,18,8,7,5,6],[24,12,8,16,4,20,7,19,17,5],[4,20,12,16,8,7,19,17,5,24,23],[20,24,23,19,21,17,22,18,12,4,8,7,5,6,16],[20,16,24,23,19,21,17,18,22,8,7,5,6,4,12],[24,12,20,19,23,21,17,18,22,16,4,8,7,5,6],[24,20,23,19,17,21,22,18,8,7,5,6,12,16,4],[16,8,24,23,7,4,20,19,17,5,12],[8,24,12,4,20,19,7,17,5,16],[16,4,8,24,20,7,19,5,17,12],[12,4,24,8,15,20,7,19,17,5,23],[20,16,24,23,19,17,21,22,18,8,7,5,6,12,4],[24,16,4,20,19,23,21,17,18,22,12,8,7,5,6],[8,24,12,4,20,19,7,5,17,16],[8,16,20,19,7,5,17,12,24,4,23],[16,24,4,8,12,20,19,7,17,5],[12,4,24,20,23,19,21,17,18,22,16,8,7,5,6],[4,16,12,8,20,19,7,17,5,24],[12,4,8,24,20,19,7,17,5,16],[16,12,8,20,19,7,5,17,24,4,23],[4,16,8,12,20,7,19,17,5,24,23],[8,4,24,12,20,19,7,17,5,16],[4,12,8,20,7,19,5,17,16,24,23],[8,4,24,16,12,20,7,19,17,5,23],[16,12,24,20,23,19,17,21,22,18,4,8,7,5,6],[16,20,12,8,7,19,5,17,4,24],[20,24,23,19,17,21,22,18,16,11,4,8,7,5,6],[20,8,19,7,5,17,16,4,12,24],[12,4,8,16,20,7,19,17,5,24],[8,20,7,19,5,17,4,12,24,15,23],[16,20,8,7,19,17,5,23,24,12,3],[12,20,4,8,7,19,17,5,24,16],[20,4,24,23,19,21,17,18,22,12,8,7,5,6,16],[12,20,16,24,23,19,21,17,18,22,8,7,5,6,4],[12,16,20,8,7,19,17,5,24,4],[4,12,16,20,24,23,19,17,21,22,18,8,7,5,6],[4,20,16,8,19,7,5,17,24,12],[8,24,4,16,12,20,19,7,5,17],[4,16,12,20,8,19,7,17,5,24],[4,20,8,7,19,5,17,12,24,15,23],[8,4,16,24,12,20,7,19,17,5],[8,4,20,7,19,5,17,16,24,11,23,21,22],[16,8,12,20,19,7,17,5,24,4],[24,8,12,16,20,7,19,17,5,4],[24,20,19,23,21,17,22,18,4,8,7,5,6,16,12],[8,20,7,19,5,17,12,4,24,16],[16,4,12,20,8,19,7,5,17,24],[8,16,24,12,4,20,7,19,5,17],[12,24,20,19,23,17,21,22,18,4,8,7,5,6,16],[16,4,24,12,8,20,7,19,5,17],[4,12,24,16,20,19,23,17,21,22,18,8,7,5,6],[24,20,23,19,21,17,22,18,12,4,16,8,7,5,6],[8,16,12,4,20,19,7,5,17,24],[4,12,20,8,19,7,5,17,24,15,23],[4,20,16,12,24,19,23,17,21,22,18,8,7,5,6],[24,4,16,20,23,19,17,21,18,22,12,8,7,5,6],[4,8,12,24,16,20,7,19,5,17,23],[4,8,20,7,19,17,5,12,16,24,23],[4,20,16,8,19,7,17,5,12,24,23],[20,4,12,24,19,23,17,21,22,18,8,7,5,6,16],[24,12,4,8,16,20,19,7,5,17],[24,16,20,23,19,21,17,22,18,8,7,5,6,12,4],[8,20,19,7,5,17,4,12,24,16,23],[20,12,16,8,19,7,17,5,23,24,4],[4,20,8,19,7,5,17,15,12,24,23],[8,4,20,19,7,5,17,12,16,24],[20,16,24,23,19,17,21,22,18,4,8,7,5,6,12],[20,4,24,19,23,17,21,22,18,12,8,7,5,6,16],[4,12,24,8,20,19,7,5,17,16],[12,24,4,16,8,20,7,19,17,5,23],[12,16,20,8,19,7,17,5,4,24],[4,12,20,8,19,7,5,17,15,24,23],[16,8,20,19,7,5,17,4,12,23,24],[8,24,4,15,12,20,19,7,5,17,23],[24,4,16,12,20,23,19,17,21,18,22,8,7,5,6],[12,16,4,20,8,7,19,17,5,24,23],[20,16,4,8,7,19,17,5,12,24,23],[24,4,16,12,8,20,7,19,17,5],[4,8,12,20,19,7,5,17,16,24],[8,20,7,19,5,17,12,23,24,4,16],[8,24,12,4,16,20,19,7,5,17],[16,4,24,8,20,19,7,17,5,12],[4,16,8,24,12,20,7,19,5,17],[12,24,16,4,8,20,7,19,5,17,23],[8,20,19,7,17,5,24,4,16,11,23,21],[4,12,24,8,20,19,7,17,5,15,23],[4,20,24,19,23,17,21,18,22,16,12,8,7,5,6],[16,12,4,8,20,19,7,5,17,24],[20,16,8,19,7,17,5,24,12,4,23],[4,16,20,24,23,19,21,17,22,18,8,7,5,6,12],[8,16,24,20,19,7,17,5,4,12,23],[16,20,24,19,23,21,17,22,18,8,7,5,6,12,4],[24,12,4,8,16,20,7,19,17,5],[8,12,20,19,7,17,5,16,24,4,23],[8,24,16,4,20,7,19,5,17,11,23,21],[12,16,20,4,8,19,7,17,5,24,23],[12,24,8,4,16,20,19,7,5,17],[8,4,16,24,20,19,7,5,17,12,23],[12,20,4,24,19,23,21,17,18,22,8,7,5,6,16],[20,24,19,23,21,17,18,22,16,12,4,8,7,5,6],[4,24,20,19,23,21,17,22,18,16,8,7,5,6,12],[12,8,20,7,19,5,17,16,24,4],[8,20,7,19,17,5,12,15,4,24,23],[16,24,4,12,8,20,7,19,5,17],[16,20,24,19,23,17,21,22,18,4,12,8,7,5,6],[12,16,4,8,24,20,7,19,17,5],[16,4,20,24,23,19,21,17,18,22,12,8,7,5,6],[16,4,8,20,7,19,17,5,12,23,24],[16,20,12,24,19,23,17,21,22,18,4,8,7,5,6],[20,8,19,7,5,17,4,24,16,12],[8,16,20,19,7,17,5,24,11,4,23,21,22],[20,16,4,8,7,19,5,17,24,12],[24,8,20,19,7,17,5,12,16,4],[16,12,20,4,24,23,19,17,21,22,18,8,7,5,6],[8,16,4,24,20,19,7,5,17,12],[24,4,20,23,19,17,21,22,18,16,12,8,7,5,6],[16,12,4,20,24,19,23,21,17,22,18,8,7,5,6],[16,8,12,4,24,20,7,19,17,5],[24,8,16,12,20,19,7,17,5,4],[12,8,16,20,19,7,5,17,24,4,23],[12,16,4,20,8,19,7,5,17,24,23],[20,24,23,19,21,17,18,22,4,8,7,5,6,16,12],[16,12,8,20,7,19,17,5,24,4,23],[16,20,8,19,7,5,17,3,12,24,23],[16,20,24,23,19,17,21,22,18,8,7,5,6,4,12],[12,20,16,4,8,19,7,5,17,24],[8,20,7,19,17,5,24,4,12,16],[8,4,24,16,20,7,19,5,17,12,23],[16,20,24,23,19,17,21,18,22,8,7,5,6,4,12],[8,16,20,19,7,5,17,4,24,12],[24,20,19,23,21,17,18,22,4,8,7,5,6,16,12],[12,20,24,19,23,17,21,18,22,4,8,7,5,6,16],[8,12,16,20,19,7,5,17,4,24],[24,8,12,4,16,7,23,5,20,19,17],[8,24,4,20,19,7,5,17,12,15,23],[16,4,12,20,8,7,19,5,17,24],[20,16,4,24,19,23,21,17,18,22,12,8,7,5,6],[4,12,20,24,19,23,17,21,18,22,8,7,5,6,16],[20,4,24,23,19,21,17,22,18,12,8,7,5,6,16],[4,24,16,8,12,20,7,19,5,17],[24,20,23,19,21,17,18,22,12,8,7,5,6,16,4],[24,4,12,16,20,23,19,21,17,22,18,8,7,5,6],[4,8,24,20,7,19,5,17,12,16,23],[12,16,8,24,4,20,7,19,5,17,23],[24,16,4,8,20,7,19,17,5,12,23],[24,20,23,19,17,21,18,22,4,8,7,5,6,16,12],[4,20,8,7,19,17,5,12,24,16],[16,20,8,7,19,17,5,4,12,24],[8,24,20,7,19,17,5,4,16,12],[12,8,4,24,16,20,7,19,17,5],[20,4,8,7,19,5,17,16,24,12],[4,8,20,7,19,5,17,16,12,24,23],[20,24,19,23,17,21,18,22,4,16,12,8,7,5,6],[20,8,19,7,17,5,24,4,12,16,23],[20,4,8,19,7,17,5,16,24,12,23],[24,16,4,12,8,20,7,19,17,5],[12,8,24,20,7,19,17,5,4,16,23],[12,16,8,24,20,19,7,17,5,4,23],[8,16,24,20,19,7,17,5,12,4,23],[20,24,23,19,17,21,22,18,12,4,8,7,5,6,16],[12,16,4,24,20,19,23,21,17,18,22,8,7,5,6],[20,8,7,19,17,5,4,16,12,24],[20,16,24,23,19,17,21,18,22,8,7,5,6,4,12],[16,20,8,19,7,5,17,4,24,12,23],[20,12,4,8,19,7,5,17,24,16],[12,16,8,20,7,19,17,5,4,24,23],[16,20,4,8,19,7,5,17,24,12,23],[24,12,20,19,23,17,21,22,18,16,4,8,7,5,6],[24,8,20,19,7,17,5,16,4,12],[8,4,20,19,7,5,17,24,11,16,23,21],[20,24,19,23,21,17,18,22,12,16,8,7,5,6,4],[20,12,16,8,19,7,5,17,4,24],[16,4,12,20,8,19,7,5,17,24],[20,16,12,4,8,7,19,5,17,24],[4,16,8,20,19,7,17,5,12,24,23],[20,4,8,7,19,5,17,24,16,12,23],[24,8,12,20,7,19,17,5,4,16],[20,8,7,19,17,5,16,23,24,4,11,21],[4,24,12,16,8,20,7,19,5,17,23],[4,16,24,20,23,19,17,21,18,22,8,7,5,6,12],[20,16,8,19,7,5,17,4,24,12,23],[8,4,20,7,19,17,5,24,12,16,23],[12,24,20,23,19,17,21,22,18,8,7,5,6,16,4],[12,24,8,23,7,21,5,4,16,20,19,17],[20,4,24,23,19,17,21,18,22,12,8,7,5,6,16],[16,8,24,4,20,7,19,17,5,12,23],[8,20,19,7,17,5,24,3,12,16,23],[12,24,8,20,7,19,17,5,15,4,23],[12,16,20,4,24,23,19,21,17,22,18,8,7,5,6],[16,24,12,8,4,20,7,19,17,5],[24,20,23,19,21,17,18,22,8,7,5,6,12,4,16],[24,4,12,8,16,20,7,19,17,5,23],[20,24,19,23,17,21,18,16,22,12,3,8,7,5,6],[16,20,4,24,23,19,17,21,22,18,12,8,7,5,6],[4,16,24,20,23,19,17,21,18,22,12,8,7,5,6],[20,4,24,23,19,17,21,22,18,8,7,5,6,12,16],[24,12,20,23,19,17,21,22,18,4,16,7],[24,12,16,8,20,7,19,17,5,4,23],[24,16,4,12,8,20,19,7,5,17,23],[12,8,16,20,19,7,5,17,24,4,23],[12,8,16,24,20,19,7,17,5,4],[8,16,12,24,4,20,19,7,5,17,23],[8,12,16,4,20,7,19,17,5,23,24],[8,12,24,16,4,20,7,19,5,17,23],[16,24,8,20,7,19,17,5,12,4,23],[20,4,24,23,19,21,17,22,18,12,8,7,5,6,16],[16,12,24,20,19,23,21,17,18,22,8,7,5,6,4],[16,8,4,12,20,7,19,5,17,23,24],[12,4,20,8,19,7,5,17,16,24,23],[8,20,7,19,17,5,23,24,12,4,16],[4,20,8,7,19,17,5,24,16,12,23],[12,16,8,4,20,19,7,5,17,24],[16,8,12,20,19,7,17,5,4,24],[20,24,23,19,21,17,18,22,12,8,7,5,6,16,4],[4,20,24,19,23,21,17,22,18,12,16,8,7,5,6],[12,16,8,24,3,20,19,7,5,17,23],[12,8,24,20,19,7,17,5,15,4,23],[16,12,8,4,20,19,7,17,5,24,23],[8,4,12,24,20,19,7,5,17,16],[12,16,20,4,24,19,23,17,21,18,22,8,7,5,6],[24,4,12,8,20,7,19,17,5,16],[20,24,23,19,21,17,22,18,16,4,8,7,5,6,12],[24,20,19,23,17,21,22,18,12,16,8,7,5,6,4],[8,4,16,12,20,19,7,5,17,24],[12,8,16,4,24,20,7,19,5,17,23],[4,24,16,20,19,23,17,21,18,22,8,7,5,6,12],[16,4,12,8,24,20,7,19,17,5],[4,16,24,8,12,20,19,7,5,17,23],[12,16,24,4,8,20,19,7,17,5],[4,20,8,19,7,17,5,24,16,12,23],[24,8,16,4,12,20,19,7,17,5],[4,12,16,20,8,19,7,17,5,24],[16,20,12,24,19,23,21,17,22,18,8,7,5,6,4],[8,20,19,7,17,5,24,12,4,16],[12,16,8,4,20,7,19,17,5,24],[4,16,8,24,12,20,7,19,5,17,23],[8,4,20,7,19,5,17,24,16,12],[12,24,4,8,20,19,7,17,5,16,23],[16,12,8,20,19,7,5,17,3,24,23],[8,24,20,19,7,17,5,16,12,4],[12,4,8,24,16,20,7,19,17,5],[20,4,8,7,19,17,5,16,24,12],[20,24,19,23,17,21,18,22,16,8,7,5,6,12,3],[4,8,20,7,19,17,5,24,12,16,23],[8,16,20,19,7,17,5,12,4,24],[12,16,4,20,24,19,23,17,21,18,22,8,7,5,6],[8,12,24,4,16,20,7,19,5,17],[12,20,8,19,7,17,5,24,16,4],[24,4,16,12,8,20,19,7,5,17],[16,4,20,8,7,19,5,17,12,24],[24,20,19,23,21,17,18,22,4,8,7,5,6,12,16],[16,12,24,20,23,19,17,21,22,18,4,8,7,5,6],[8,4,20,7,19,17,5,12,16,24],[20,4,24,23,19,21,17,22,18,8,7,5,6,16,12],[20,16,8,7,19,5,17,12,23,24,4],[20,8,19,7,5,17,24,4,16,11,23,21],[8,20,19,7,17,5,24,12,16,4],[4,8,16,20,19,7,17,5,24,12,23],[24,4,20,19,23,21,17,22,18,12,8,7,5,6,16],[8,12,24,16,4,20,19,7,5,17,23],[8,24,12,20,19,7,5,17,16,4],[24,4,12,20,19,23,17,21,22,18,16,8,7,5,6],[12,8,16,4,24,20,19,7,17,5],[16,8,4,12,24,20,7,19,5,17],[8,4,20,7,19,5,17,24,16,12,23],[4,8,20,19,7,5,17,16,12,24,23],[12,24,16,8,20,19,7,17,5,4],[4,8,19,20,7,5,17,16,24,12],[24,8,20,7,19,5,17,16,12,4],[24,16,8,12,4,20,7,19,17,5],[8,12,20,7,19,5,17,16,4,24],[12,16,20,24,19,23,21,17,22,18,4,8,7,5,6],[24,16,20,19,23,17,21,18,22,8,7,5,6,12,4],[8,24,12,16,20,19,7,17,5,4],[24,12,16,8,4,23,7,5,20,19,17],[20,12,4,8,19,7,17,5,24,16],[24,4,8,16,20,7,19,5,17,12],[4,24,8,20,19,7,17,5,12,16],[24,12,20,23,19,21,17,18,22,8,7,5,6,4,16],[20,24,23,19,17,21,18,22,8,7,5,6,16,4,12],[12,20,16,8,7,19,17,5,4,24],[24,12,20,19,23,21,17,18,22,4,16,8,7,5,6],[4,16,8,20,19,7,17,5,24,12,23],[4,8,20,19,7,5,17,16,12,24,23],[20,8,19,7,5,17,11,24,4,16,23,21],[24,16,12,4,8,20,19,7,17,5,23],[16,8,11,24,20,7,19,5,17,4,23,21],[4,16,20,24,23,19,21,17,18,22,12,8,7,5,6],[8,24,12,20,19,7,5,17,15,4,23],[8,16,4,24,12,20,19,7,5,17,23],[20,24,19,23,21,17,22,18,11,8,7,5,6,4,16],[24,20,23,19,17,21,22,18,4,12,16,8,7,5,6],[12,16,8,24,20,19,7,17,5,4],[12,24,16,8,4,20,7,19,17,5,23],[12,20,16,4,8,7,19,17,5,24],[4,16,24,8,12,20,7,19,5,17,23],[8,12,4,16,20,7,19,17,5,24,23],[8,16,12,20,19,7,17,5,24,4,23],[24,20,19,23,17,21,22,18,16,8,7,5,6,11,4],[8,3,24,12,16,20,7,19,17,5,23],[20,16,4,24,23,19,17,21,22,18,12,8,7,5,6],[8,24,20,7,19,17,5,12,4,16,23],[16,24,12,20,19,23,21,17,18,22,4,8,7,5,6],[24,4,20,23,19,17,21,22,18,16,8,7,5,6,12],[24,20,19,23,21,17,18,22,4,8,7,5,6,16,12],[24,16,20,19,23,17,21,22,18,12,8,7,5,6,4],[16,20,24,23,19,21,17,18,22,12,8,7,5,6,4],[8,20,19,7,17,5,24,4,16,12],[8,12,20,19,7,17,5,3,16,24,23],[24,16,8,20,7,19,17,5,11,4,23,21],[8,24,7,23,5,12,16,20,19,17,4],[24,16,8,12,4,20,19,7,5,17],[16,24,8,12,20,7,19,5,17,3,23],[12,24,16,20,19,23,17,21,18,22,8,7,5,6,4],[12,8,24,4,15,20,19,7,5,17,23],[12,20,24,19,23,21,17,22,18,8,7,5,6,4,16],[16,20,4,8,19,7,17,5,12,24],[16,12,20,4,24,19,23,21,17,18,22,8,7,5,6],[8,20,7,19,5,17,24,16,12,4],[4,24,16,8,12,20,19,7,5,17,23],[4,12,20,24,23,19,17,21,22,18,16,8,7,5,6],[16,8,4,12,20,7,19,5,17,23,24],[20,8,19,7,17,5,24,16,12,3,23],[20,8,7,19,5,17,12,24,4,16],[12,8,24,20,7,19,5,17,4,16],[12,24,20,23,19,21,17,22,18,8,7,5,6,4,16],[8,16,12,24,20,7,19,5,17,4],[4,12,8,24,16,20,7,19,5,17,23],[8,20,7,19,17,5,4,12,24,16],[24,12,4,8,20,7,19,5,17,16,23],[12,8,4,16,20,19,7,17,5,24],[20,8,19,7,17,5,24,12,4,16],[4,12,16,20,24,19,23,21,17,18,22,8,7,5,6],[4,8,16,24,20,7,19,5,17,12],[8,20,7,19,5,17,12,23,24,4,16],[4,24,20,23,19,17,21,18,22,16,12,8,7,5,6],[8,24,16,12,20,7,19,5,17,4],[20,4,8,19,7,5,17,24,12,16,23],[12,4,24,16,8,20,7,19,5,17],[20,8,19,7,5,17,24,4,12,16,23],[8,4,20,19,7,17,5,12,24,16],[20,8,7,19,17,5,24,12,16,3,23],[16,8,24,4,20,7,19,5,17,12],[4,16,12,20,24,19,23,17,21,22,18,8,7,5,6],[12,8,16,20,19,7,17,5,24,4],[8,24,4,20,19,7,17,5,12,15,23],[8,16,20,7,19,5,17,12,4,24,23],[20,4,8,7,19,5,17,12,24,16,23],[24,4,20,19,23,17,21,22,18,16,12,8,7,5,6],[12,24,16,8,4,20,19,7,5,17],[24,8,4,16,12,20,19,7,5,17,23],[20,16,24,23,19,17,21,18,22,12,8,7,5,6,4],[24,20,19,23,21,17,18,22,16,8,7,5,6,4,12],[4,24,16,20,23,19,17,21,22,18,12,8,7,5,6],[12,16,8,4,20,19,7,5,17,24],[20,4,16,24,19,23,21,17,22,18,12,8,7,5,6],[12,8,4,20,19,7,17,5,16,24],[8,24,12,4,20,7,19,5,17,16,23],[8,12,4,24,20,19,7,17,5,16],[16,4,8,20,7,19,5,17,24,12,23],[16,4,24,20,19,23,21,17,18,22,8,7,5,6,12],[24,12,16,20,23,19,17,21,22,18,4,8,7,5,6],[8,4,20,7,19,5,17,12,16,24],[4,8,24,20,7,19,5,17,16,12,23],[24,16,8,20,7,19,5,17,12,4],[12,20,8,19,7,17,5,24,4,15,23],[8,4,24,20,19,7,5,17,11,16,23,21],[24,12,4,20,23,19,21,17,22,18,16,8,7,5,6],[24,8,4,12,20,7,19,17,5,16],[8,16,24,12,20,19,7,17,5,4],[20,8,7,19,5,17,16,23,24,4,12],[12,8,20,19,7,17,5,16,24,4],[4,24,12,20,19,23,17,21,22,18,16,8,7,5,6],[16,4,8,12,20,7,19,17,5,24],[16,20,4,8,7,19,17,5,12,24,23],[4,16,12,8,24,20,19,7,5,17],[12,20,8,7,19,17,5,24,4,16],[16,8,3,24,20,7,19,17,5,12,23],[4,8,24,20,19,7,5,17,11,16,23,21,6,22,18],[20,8,19,7,17,5,16,4,12,24],[16,12,4,20,24,19,23,21,17,22,18,7],[24,4,8,12,16,20,19,7,17,5,23],[24,12,4,16,20,23,19,17,21,22,18,8,7,5,6],[4,12,16,20,8,7,19,5,17,24,23],[4,8,16,12,20,7,19,5,17,24],[12,20,24,19,23,21,17,22,18,4,16,8,7,5,6],[20,8,19,7,17,5,4,12,24,16],[8,19,20,7,5,17,12,16,4,24],[12,24,8,20,19,7,17,5,4,16,23],[20,24,23,19,21,17,22,18,4,16,12,8,7,5,6],[20,16,24,23,19,21,17,18,22,8,7,5,6,12,4],[24,4,12,16,8,20,19,7,17,5],[4,24,12,8,20,19,7,17,5,16,23],[24,12,4,8,16,20,19,7,17,5],[16,12,20,8,7,19,5,17,24,4],[4,12,24,8,20,19,7,5,17,16,23],[4,20,8,7,19,17,5,16,23,24,12],[4,16,20,24,19,23,21,17,22,18,8,7,5,6,12],[20,12,16,24,19,23,17,21,22,18,4,7],[12,24,16,8,4,19,20,7,17,5],[4,20,16,24,19,23,21,17,22,18,8,7,5,6,12],[8,20,19,7,17,5,24,4,16,12],[16,4,8,12,24,20,7,19,17,5],[16,12,24,8,19,20,7,5,17,4],[20,24,23,19,21,17,18,22,16,4,8,7,5,6,12],[4,20,16,8,7,19,17,5,24,11,23,21],[20,16,12,4,24,19,23,21,17,22,18,8,7,5,6],[16,8,24,12,4,20,19,7,17,5,23],[12,24,4,8,16,20,19,7,5,17,23],[4,8,12,24,16,20,19,7,5,17],[4,24,16,20,19,23,21,17,22,18,8,7,5,6,12],[16,8,4,20,19,7,5,17,24,12],[12,8,20,19,7,17,5,24,16,4],[8,4,12,16,20,7,19,5,17,24],[16,24,8,4,12,20,19,7,5,17],[20,12,24,19,23,17,21,22,18,8,7,5,6,4,16],[12,16,20,4,8,19,7,5,17,24,23],[12,16,8,20,19,7,5,17,4,24],[20,12,4,24,19,23,17,21,18,22,8,7,5,6,16],[4,8,16,24,12,20,19,7,5,17],[24,20,19,23,17,21,18,22,8,7,5,6,12,16,4],[20,12,4,16,8,19,7,5,17,24],[12,4,20,24,23,19,21,17,18,22,16,7],[4,12,16,20,8,19,7,17,5,24],[20,8,19,7,5,17,24,12,4,16,23],[4,20,12,8,7,19,17,5,24,16],[24,8,20,19,7,5,17,11,4,16,23,21],[12,8,20,7,19,17,5,16,24,3,23],[16,8,4,12,20,7,19,5,17,24],[16,12,20,4,24,23,19,21,17,22,18,8,7,5,6],[20,4,8,19,7,17,5,16,24,12],[16,12,24,20,19,23,17,21,18,22,8,7,5,6,4],[20,12,8,7,19,5,17,16,24,4],[24,16,4,12,20,19,23,21,17,22,18,8,7,5,6],[8,4,16,20,7,19,5,17,12,24],[20,8,19,7,17,5,4,24,12,16,23],[8,12,4,24,16,19,20,7,5,17],[24,8,12,4,20,7,19,17,5,16,23],[20,8,19,7,5,17,12,3,16,24,23],[24,20,23,19,17,21,18,22,16,8,7,5,6,12,4],[8,24,20,19,7,17,5,12,16,4],[4,8,12,24,16,20,7,19,17,5],[12,20,24,23,19,21,17,22,18,16,8,7,5,6,4],[8,20,7,19,5,17,24,12,16,4,23],[8,20,7,19,17,5,12,24,4,16],[4,24,12,20,23,19,17,21,18,22,8,7,5,6,16],[16,12,4,20,8,19,7,17,5,24],[16,24,4,12,8,20,7,19,5,17],[12,16,20,8,19,7,17,5,24,4],[8,16,24,12,4,20,7,19,17,5],[8,16,12,20,7,19,5,17,24,4,23],[8,12,20,7,19,17,5,16,4,24,23],[4,20,12,24,23,19,21,17,18,22,16,8,7,5,6],[4,20,24,19,23,21,17,18,22,8,7,5,6,12,16],[24,4,16,20,23,19,17,21,22,18,12,8,7,5,6],[16,8,4,20,19,7,5,17,12,24,23],[24,20,23,19,21,17,18,22,8,7,5,6,12,16,4],[4,24,8,20,19,7,17,5,12,16],[12,24,20,19,23,21,17,22,18,4,16,8,7,5,6],[16,4,20,8,19,7,5,17,12,24],[8,20,7,19,5,17,12,24,4,16],[12,16,20,24,23,19,17,21,22,18,8,7,5,6,4],[24,20,23,19,21,17,18,22,12,4,16,8,7,5,6],[4,20,8,7,19,17,5,12,16,24,23],[24,4,20,19,23,17,21,18,22,12,16,8,7,5,6],[16,20,8,7,19,5,17,12,4,24,23],[12,4,24,20,19,23,21,17,22,18,16,7],[8,20,19,7,17,5,24,12,4,16],[4,8,24,20,7,19,17,5,12,16,23],[4,12,8,16,20,7,19,17,5,23,24],[16,20,12,8,7,19,17,5,24,4],[4,12,24,16,8,20,19,7,5,17],[4,20,12,24,23,19,21,17,18,22,16,8,7,5,6],[16,20,12,8,7,19,17,5,24,4],[24,12,4,20,19,23,17,21,18,22,16,7],[24,4,12,8,16,23,7,5,20,19,17],[24,20,23,19,21,17,22,18,4,12,8,7,5,6,16],[12,8,4,23,24,7,16,21,5,20,19,17],[4,24,16,12,8,20,7,19,5,17],[24,20,19,23,17,21,18,22,12,4,16,8,7,5,6],[16,20,4,12,24,23,19,17,21,18,22,8,7,5,6],[4,8,24,20,19,7,17,5,16,12],[20,24,23,19,21,17,22,18,8,7,5,6,16,12,4],[16,4,12,8,24,7,23,5,19,20,17],[12,16,24,20,23,19,21,17,22,18,8,7,5,6,4],[4,16,12,20,24,23,19,21,17,18,22,8,7,5,6],[24,16,12,20,23,19,17,21,22,18,4,8,7,5,6],[8,24,16,20,7,19,17,5,4,12,23],[16,4,12,20,24,23,19,21,17,22,18,8,7,5,6],[24,8,12,16,20,7,19,5,17,4,23],[16,8,24,20,19,7,17,5,12,4],[4,12,20,24,23,19,21,17,18,22,16,8,7,5,6],[12,20,16,24,19,23,17,21,18,22,8,7,5,6,4],[24,12,16,8,20,7,19,5,17,4],[8,24,12,16,20,19,7,5,17,4],[20,24,23,19,17,21,22,18,16,4,12,8,7,5,6],[8,4,20,7,19,5,17,16,12,24,23],[24,12,8,4,16,20,7,19,5,17,23],[12,24,16,4,20,23,19,21,17,18,22,8,7,5,6],[8,20,7,19,5,17,24,12,16,4,23],[4,12,20,16,8,7,19,17,5,24],[8,4,20,7,19,5,17,12,24,16],[24,8,16,12,4,20,19,7,17,5,23],[24,8,12,4,16,20,19,7,17,5,23],[24,8,16,4,20,7,19,17,5,12,23],[20,8,7,19,5,17,23,24,16,4,12],[20,8,7,19,17,5,24,4,16,11,23,21],[16,12,20,24,19,23,17,21,18,22,8,7,5,6,4],[12,8,24,20,19,7,5,17,16,4],[12,8,20,19,7,17,5,3,24,16,23],[4,12,20,8,19,7,5,17,24,16],[24,4,20,19,23,21,17,22,18,12,16,8,7,5,6],[8,16,20,7,19,17,5,12,4,24],[4,12,20,8,7,19,17,5,16,24],[12,16,20,4,24,23,19,17,21,18,22,8,7,5,6],[4,20,8,7,19,17,5,12,16,23,24],[12,8,24,20,7,19,5,17,16,4],[12,4,24,8,20,19,7,17,5,16],[12,24,8,16,20,7,19,17,5,4],[12,8,24,20,7,19,17,5,3,16,23],[20,8,7,19,17,5,12,16,24,4],[4,24,12,20,19,23,21,17,22,18,16,8,7,5,6],[16,24,4,20,23,19,21,17,18,22,8,7,5,6,12],[24,12,16,8,4,20,7,19,5,17],[16,8,20,7,19,17,5,4,11,24,23,21],[8,24,12,4,20,7,19,5,17,16,23],[20,24,19,23,21,17,18,22,4,12,15,8,7,5,6],[24,4,8,12,20,19,7,17,5,16,23],[16,24,12,8,20,7,19,17,5,4],[20,24,19,23,21,17,18,22,8,7,5,6,4,16,12],[12,4,8,24,20,19,7,17,5,16,23],[16,8,24,4,11,20,7,19,17,5,23,21],[24,12,16,4,20,19,23,21,17,18,22,8,7,5,6],[20,16,4,12,24,23,19,21,17,18,22,8,7,5,6],[16,4,24,20,23,19,17,21,22,18,12,8,7,5,6],[4,24,8,20,7,19,17,5,12,16],[4,12,16,20,24,19,23,21,17,18,22,8,7,5,6],[16,8,4,20,7,19,17,5,24,11,23,21],[16,12,20,4,24,23,19,21,17,18,22,8,7,5,6],[8,16,4,24,12,20,19,7,17,5,23],[8,20,19,7,5,17,16,24,4,12,23],[8,16,4,20,7,19,5,17,24,12,23],[20,16,24,23,19,21,17,18,22,12,4,8,7,5,6],[8,4,20,19,7,17,5,16,12,24],[8,20,19,7,5,17,16,23,24,12,4],[20,8,19,7,5,17,24,16,12,3,23],[12,24,4,8,20,7,19,17,5,15,23],[24,20,19,23,21,17,22,18,4,12,16,8,7,5,6],[8,4,16,20,7,19,17,5,12,24],[12,8,4,16,20,19,7,5,17,24,23],[4,8,12,20,19,7,5,17,24,16,23],[12,24,8,16,20,7,19,5,17,4,23],[16,12,24,4,20,19,23,17,21,22,18,8,7,5,6],[16,8,4,12,20,19,7,5,17,24,23],[8,16,4,12,20,7,19,5,17,24],[12,16,20,8,19,7,5,17,23,24,4],[8,4,24,20,19,7,17,5,16,12],[4,20,8,19,7,17,5,12,24,16],[4,24,8,12,16,20,7,19,5,17,23],[20,12,16,8,19,7,5,17,4,24],[4,16,12,20,24,23,19,21,17,22,18,8,7,5,6],[16,8,20,19,7,5,17,24,4,12],[20,16,12,4,8,19,7,17,5,24],[8,16,20,19,7,17,5,12,24,4],[4,24,12,16,20,19,23,21,17,18,22,8,7,5,6],[24,20,23,19,17,21,22,18,16,4,8,7,5,6,12],[16,8,24,12,20,19,7,17,5,4],[8,24,16,4,20,7,19,5,17,12,23],[12,20,8,7,19,5,17,4,24,16,23],[20,12,24,23,19,17,21,22,18,4,8,7,5,6,16],[12,4,16,24,8,20,19,7,17,5],[24,8,12,16,4,20,19,7,17,5,23],[12,24,4,20,23,19,17,21,18,22,15,8,7,5,6],[8,12,16,19,20,7,5,17,24,4],[4,20,24,19,23,21,17,22,18,11,16,8,7,5,6],[16,4,24,20,19,23,17,21,18,22,12,8,7,5,6],[12,20,24,23,19,17,21,18,22,16,8,7,5,6,3],[20,24,19,23,17,21,18,22,12,4,16,8,7,5,6],[16,8,4,20,7,19,17,5,12,24],[16,24,20,23,19,17,21,18,22,4,12,8,7,5,6],[16,24,8,4,20,19,7,5,17,12,23],[16,8,12,3,24,20,7,19,17,5,23],[8,24,20,19,7,5,17,12,4,15,23],[24,8,4,12,20,19,7,5,17,15,23],[24,4,16,20,19,23,17,21,18,22,12,8,7,5,6],[4,8,20,19,7,5,17,12,24,16],[16,24,4,20,19,23,17,21,22,18,8,7,5,6,12],[4,8,20,7,19,17,5,12,16,24],[12,24,16,4,8,20,19,7,17,5],[20,8,19,7,5,17,12,4,24,16],[4,24,20,23,19,17,21,22,18,16,8,7,5,6,12],[20,16,4,12,24,19,23,21,17,18,22,8,7,5,6],[8,16,4,20,7,19,17,5,12,24,23],[12,24,20,23,19,17,21,22,18,8,7,5,6,4,16],[12,8,16,4,24,20,19,7,17,5],[12,8,20,19,7,17,5,24,16,4,23],[16,12,8,24,20,19,7,17,5,4],[4,16,8,20,7,19,5,17,12,24],[8,4,12,20,19,7,5,17,16,24],[16,20,4,8,7,19,5,17,24,12,23],[12,20,8,7,19,17,5,16,4,24],[20,4,24,19,23,21,17,18,22,8,7,5,6,16,12],[8,16,4,20,19,7,5,17,24,11,23,21],[20,8,19,7,17,5,4,16,12,24],[4,12,20,24,23,19,17,21,22,18,16,8,7,5,6],[12,24,8,16,20,19,7,17,5,4],[12,24,8,4,20,19,7,5,17,16],[20,16,8,7,19,5,17,24,12,3,23],[8,24,16,12,20,19,7,5,17,4],[8,20,19,7,5,17,16,24,12,4],[24,4,16,12,8,20,7,19,17,5],[12,4,8,16,24,20,7,19,17,5],[4,24,12,20,23,19,21,17,22,18,8,7,5,6,16],[16,12,8,4,24,19,20,7,5,17],[24,16,12,4,8,20,19,7,5,17,23],[8,4,24,20,7,19,17,5,12,16],[4,16,12,8,20,19,7,5,17,24,23],[12,4,20,16,24,19,23,21,17,18,8,7,5,6],[12,16,20,4,8,7,19,17,5,24],[8,12,24,20,7,19,17,5,16,4],[16,24,4,20,23,19,21,17,18,22,12,8,7,5,6],[12,8,4,20,7,19,17,5,16,24],[24,12,20,19,23,21,17,22,18,8,7,5,6,16,4],[20,16,12,8,19,7,5,17,24,4],[16,20,8,7,19,5,17,12,4,24],[12,4,16,24,8,20,7,19,17,5,23],[16,8,24,12,20,19,7,5,17,4,23],[8,20,7,19,17,5,12,16,4,24,23],[4,20,8,7,19,5,17,16,24,12],[8,4,20,7,19,5,17,24,12,16],[20,16,4,12,8,19,7,5,17,24],[20,8,7,19,17,5,4,24,16,12],[16,8,20,19,7,5,17,4,12,23,24],[20,12,8,19,7,5,17,24,16,4],[24,12,8,16,19,20,7,17,5,4],[16,24,4,12,8,20,7,19,5,17,23],[8,20,19,7,5,17,12,16,4,24],[20,4,24,23,19,17,21,18,22,16,8,7,5,6,12],[8,20,7,19,5,17,24,12,4,15,23],[24,20,23,19,21,17,22,18,12,8,7,5,6,4,16],[20,8,19,7,17,5,24,16,12,4],[4,20,8,7,19,5,17,24,16,12,23],[8,16,20,7,19,17,5,12,4,24],[12,20,16,4,24,19,23,21,17,22,18,8,7,5,6],[20,16,8,19,7,17,5,4,11,24,23,21],[24,12,20,23,19,21,17,22,18,16,8,7,5,6,3],[12,4,24,20,19,23,21,17,22,18,16,8,7,5,6],[24,12,4,20,23,19,17,21,22,18,8,7,5,6,16],[4,12,16,8,20,7,19,17,5,24,23],[8,24,16,4,12,20,7,19,17,5],[24,8,12,4,16,20,19,7,17,5],[16,12,24,8,4,20,19,7,17,5],[4,24,12,16,20,23,19,17,21,22,18,7],[24,12,20,19,23,17,21,22,18,4,16,8,7,5,6],[4,24,16,8,12,20,7,19,17,5],[20,24,23,19,17,21,18,22,8,7,5,6,12,4,16],[8,12,4,24,16,20,19,7,17,5],[8,11,20,19,7,17,5,4,24,16,23,21],[20,12,24,19,23,17,21,22,18,4,8,7,5,6,16],[16,24,8,12,20,7,19,5,17,4],[4,12,24,8,20,7,19,5,17,16],[8,24,16,20,19,7,5,17,12,4],[24,8,12,16,20,19,7,17,5,4],[4,20,12,24,23,19,17,21,22,18,16,8,7,5,6],[8,4,24,12,16,20,7,19,17,5],[12,8,16,4,20,19,7,5,17,24],[12,20,24,19,23,21,17,22,18,16,4,8,7,5,6],[8,24,20,7,19,5,17,16,12,4],[12,4,20,24,23,19,21,17,22,18,8,7,5,6,16],[24,12,8,16,4,20,7,19,5,17],[4,24,12,20,23,19,17,21,18,22,16,8,7,5,6],[8,20,19,7,17,5,23,24,4,16,12],[24,12,8,16,4,19,20,7,17,5],[4,20,12,16,8,7,19,5,17,24],[4,12,8,16,24,20,19,7,5,17],[4,16,24,8,20,19,7,17,5,12],[4,12,16,24,8,20,19,7,5,17,23],[12,24,16,20,19,23,17,21,22,18,4,8,7,5,6],[4,12,24,20,23,19,17,21,18,22,8,7,5,6,16],[20,12,4,16,24,23,19,17,21,22,18,8,7,5,6],[20,4,16,12,8,7,19,17,5,24],[16,24,4,8,20,19,7,17,5,11,23,21],[20,8,7,19,5,17,24,12,4,16,23],[20,12,4,16,24,19,23,21,17,22,18,8,7,5,6],[12,16,24,8,4,20,7,19,17,5],[8,20,19,7,17,5,16,4,12,24,23],[8,4,20,7,19,5,17,24,16,12],[8,20,7,19,17,5,16,12,23,24,4],[12,4,8,20,7,19,17,5,16,24],[12,4,16,20,24,19,23,21,17,22,18,8,7,5,6],[8,20,7,19,5,17,24,12,4,16,23],[20,24,19,23,17,21,22,18,4,12,16,8,7,5,6],[24,4,8,16,12,20,7,19,17,5,23],[16,4,24,8,20,7,19,17,5,11,23,21],[20,16,12,8,7,19,17,5,4,24,23],[8,24,16,12,20,19,7,5,17,4],[4,12,16,20,8,19,7,5,17,23,24],[24,4,16,8,12,20,19,7,5,17,23],[12,16,8,4,20,7,19,17,5,24],[16,20,4,8,7,19,5,17,24,12],[8,20,19,7,17,5,23,24,12,15,3,21,6,22,18],[4,16,12,8,20,7,19,17,5,23,24],[4,12,20,24,23,19,21,17,18,22,8,7,5,6,16],[12,20,16,4,8,19,7,17,5,24,23],[4,24,8,20,7,19,17,5,12,16],[12,16,20,8,7,19,5,17,4,24],[4,16,24,20,19,23,17,21,18,22,8,7,5,6,12],[8,12,4,16,24,20,19,7,5,17],[24,8,20,7,19,17,5,4,12,16,23],[8,20,19,7,17,5,16,24,12,4],[24,8,16,20,19,7,5,17,4,12],[8,24,12,4,20,19,7,17,5,16,23],[20,24,19,23,17,21,22,18,12,16,4,8,7,5,6],[24,4,16,12,20,19,23,17,21,22,18,8,7,5,6],[16,12,24,4,20,19,23,21,17,22,18,8,7,5,6],[8,4,20,7,19,17,5,16,24,12],[4,12,24,8,16,20,19,7,5,17],[16,24,12,20,19,23,21,17,22,18,4,8,7,5,6],[12,16,24,8,20,19,7,17,5,4],[12,4,16,8,24,20,19,7,5,17,23],[20,24,19,23,21,17,22,18,8,7,5,6,16,12,4],[8,4,20,19,7,17,5,23,24,12,16],[8,12,24,20,19,7,5,17,4,16,23],[16,4,20,8,19,7,5,17,12,24,23],[8,23,24,7,5,12,3,20,19,17,16],[8,16,24,12,20,7,19,17,5,3,23],[8,4,12,16,20,7,19,5,17,24],[16,24,20,19,23,17,21,18,22,4,8,7,5,6,12],[8,4,12,24,16,20,19,7,5,17,23],[4,8,20,7,19,17,5,24,16,12],[24,4,8,16,12,20,19,7,17,5],[24,12,8,4,20,7,19,5,17,15,23],[4,12,16,24,8,7,23,20,19,17,5],[20,12,4,8,7,19,5,17,24,16,23],[16,4,12,24,8,20,7,19,17,5],[4,8,12,16,24,20,7,19,5,17,23],[12,24,4,16,20,19,23,17,21,22,18,8,7,5,6],[4,8,12,20,7,19,5,17,16,24],[24,20,23,19,17,21,22,18,8,7,5,6,12,4,16],[12,16,4,8,24,20,7,19,5,17],[8,4,12,16,20,19,7,5,17,24,23],[16,4,8,12,24,20,19,7,17,5],[4,24,20,23,19,17,21,22,18,16,8,7,5,6,12],[20,8,19,7,17,5,12,4,16,24],[24,8,16,20,7,19,5,17,12,4],[8,20,7,19,17,5,4,12,16,24],[16,8,24,12,20,7,19,17,5,4],[16,8,20,7,19,5,17,4,24,12],[8,16,24,4,20,7,19,17,5,12],[20,16,4,8,19,7,17,5,23,24,12],[20,8,19,7,5,17,4,12,24,16],[24,8,12,16,4,20,7,19,17,5,23],[8,4,20,7,19,17,5,16,11,24,23,21],[24,20,19,23,17,21,18,22,16,4,12,8,7,5,6],[8,20,7,19,17,5,4,15,12,24,23],[12,8,4,20,7,19,5,17,24,16],[20,24,23,19,21,17,22,18,16,4,8,7,5,6,12],[8,12,4,15,20,7,19,17,5,23,24],[16,8,24,4,12,20,7,19,5,17],[20,16,8,19,7,5,17,4,24,12,23],[24,20,19,23,17,21,18,22,12,8,7,5,6,16,4],[24,12,20,23,19,17,21,18,22,16,4,8,7,5,6],[12,20,24,19,23,17,21,18,22,4,8,7,5,6,16],[4,12,16,20,8,7,19,5,17,23,24],[24,16,20,19,23,17,21,22,18,8,7,5,6,4,12],[12,24,8,19,20,7,5,17,4,16],[8,16,24,20,7,19,5,17,4,12],[8,4,16,20,19,7,5,17,24,12],[12,8,16,24,4,20,19,7,17,5],[24,4,20,23,19,17,21,22,18,16,12,8,7,5,6],[8,24,4,16,12,20,19,7,5,17],[24,4,8,16,20,7,19,5,17,12,23],[8,24,16,20,19,7,17,5,4,12,23],[8,16,20,19,7,5,17,12,4,24],[16,12,20,8,7,19,17,5,24,4,23],[16,24,12,20,19,23,17,21,22,18,4,8,7,5,6],[12,20,16,24,19,23,17,21,22,18,8,7,5,6,4],[12,24,16,20,23,19,21,17,18,22,4,7],[24,16,8,20,19,7,17,5,12,4],[4,24,8,12,20,19,7,5,17,16],[20,8,7,19,5,17,11,24,16,4,23,21],[24,12,20,23,19,17,21,18,22,16,3,8,7,5,6],[20,8,7,19,17,5,16,12,24,4,23],[24,12,4,8,16,20,19,7,17,5],[8,12,20,7,19,17,5,24,4,16],[16,24,12,4,8,20,7,19,5,17,23],[20,8,7,19,5,17,4,24,16,12,23],[24,16,12,8,20,19,7,17,5,4],[20,8,19,7,17,5,24,12,4,16],[12,4,20,24,19,23,17,21,18,22,16,8,7,5,6],[20,8,7,19,5,17,4,23,24,16,12],[12,4,8,20,7,19,17,5,16,24],[16,8,23,24,7,12,4,21,5,20,19,17],[12,4,24,8,20,7,19,17,5,16],[20,8,19,7,17,5,24,12,16,4,23],[12,20,16,4,24,19,23,21,17,18,22,8,7,5,6],[8,16,4,12,24,20,19,7,17,5],[20,24,19,23,17,21,22,18,12,16,8,7,5,6,4],[24,12,4,8,16,20,19,7,17,5],[20,12,16,4,24,23,19,17,21,22,18,8,7,5,6],[16,12,20,24,23,19,17,21,18,22,4,8,7,5,6],[8,12,16,24,20,19,7,17,5,4,23],[20,12,24,23,19,17,21,22,18,8,7,5,6,4,16],[20,16,4,12,24,19,23,17,21,18,22,8,7,5,6],[20,16,4,12,24,19,23,17,21,18,22,8,7,5,6],[20,12,24,19,23,21,17,22,18,4,16,8,7,5,6],[24,20,23,19,21,17,18,22,12,4,8,7,5,6,16],[8,16,24,12,19,20,7,5,17,4],[16,8,20,7,19,17,5,4,24,12],[8,20,19,7,17,5,4,12,16,24],[20,8,19,7,17,5,24,12,4,16],[8,4,20,19,7,17,5,12,16,24],[4,8,20,19,7,17,5,24,12,16,23],[8,16,12,24,4,20,7,19,17,5,23],[12,20,8,19,7,17,5,4,16,24,23],[12,20,8,7,19,17,5,24,4,16],[12,16,24,8,20,19,7,5,17,4],[16,4,8,12,20,7,19,5,17,23,24],[16,12,24,8,20,19,7,17,5,4],[12,20,4,16,24,23,19,17,21,18,22,8,7,5,6]],"n_human":12}