{"problem_id":"qIIYOfqARiVjRVz","sigma":75,"alpha":3.162,"cost":0,"probabilities":"[0.21, 0.26, 0.24, 0.29]","payoff_matrix":"[[63, -47, 90, -10, -27, 15], [123, -84, 38, -29, -27, 52], [4, 115, -85, 121, -54, 16], [-36, 9, -56, -75, 15, 31]]","uncovered":[[20,24,22,12,18,8,4,16,6,19,2,3,23,21],[4,16,12,20,24,18,8,6,22,23],[16,12,24,8,4,20,22,18,6,19,2,23,3,21],[20,16,8,6,12,24,18,4,22,19,2,3,23,21],[16,20,8,18,12,24,4,6,22,19,2,3,23,21],[12,24,8,20,22,16,4,18,6,19,2,23,3,21],[12,16,24,20,22,8,18,4,6,19,2,23,3,1],[4,12,16,20,8,18,24,22,6,19,2,3,23,1],[4,16,24,20,22,8,18,12,6,23],[16,20,8,24,22,18,12,4,6,19,2,23,3,21],[8,16,20,18,12,4,24,6,22,19,2,23,3,1],[20,12,4,24,18,8,16,6,22,19,2,3,23,21],[8,20,4,6,16,24,22,18,12,23],[8,12,20,18,4,24,16,6,22,23],[20,24,18,4,12,16,8,6,22,23],[20,24,22,4,16,8,12,18,6,19,2,3,23,21],[24,8,20,22,16,18,4,12,6,19,2,23,3,21],[4,8,24,20,18,12,16,6,22,23],[8,20,18,16,24,4,12,6,22,19,2,23,3,21],[24,20,22,8,16,12,4,18,6,23],[8,4,24,12,16,20,18,6,22,19,2,3,23,21],[8,20,24,18,16,12,4,6,22,23],[24,8,16,12,20,18,4,6,22,23],[24,16,12,4,20,22,18,8,6,19,2,3,23,1],[12,4,24,8,20,18,6,16,22,23],[16,8,4,12,20,6,24,22,18,23],[20,4,12,16,24,22,8,18,6,19,2,23,3,21],[20,8,18,12,24,16,4,22,6,23],[16,12,20,24,22,18,4,8,6,23],[16,12,20,8,18,24,4,6,22,23],[20,24,18,4,8,16,12,22,6,23],[8,12,4,16,24,20,18,22,6,19,2,23,3,1],[20,4,24,22,16,8,18,12,6,19,2,23,3,1],[8,4,24,16,12,20,22,18,6,19,2,3,23,1],[20,4,12,16,24,22,8,18,6,19,2,3,23,21],[24,8,20,18,4,16,12,22,6,23],[16,24,4,12,8,20,22,18,6,19,2,23,3,1],[8,24,12,4,16,20,18,6,22,19,2,23,3,1],[4,20,24,18,12,16,8,6,22,23],[20,8,18,12,16,24,4,22,6,23],[4,20,24,22,16,12,8,18,6,23],[12,16,24,8,4,20,22,18,6,19,2,3,23,1],[4,8,12,16,24,20,18,6,22,23],[12,20,24,18,16,8,4,22,6,19,2,23,3,1],[24,4,12,16,8,20,18,22,6,23],[12,20,8,6,24,22,16,18,4,23],[20,12,4,8,24,18,16,22,6,23],[12,8,4,24,20,18,16,22,6,23],[8,16,24,4,12,20,22,18,6,19,2,3,23,1],[20,16,4,8,18,12,24,22,6,19,2,23,3,21],[20,8,18,12,16,24,4,22,6,19,2,23,3,1],[12,20,24,18,4,16,8,22,6,23],[16,4,20,12,8,18,24,22,6,23],[4,24,16,8,20,18,12,6,22,19,2,3,23,1],[8,16,12,4,20,6,24,18,22,23],[8,24,12,4,16,20,22,18,6,23],[16,12,20,8,18,24,4,22,6,23],[20,24,22,16,4,12,8,18,6,23],[16,12,8,20,6,24,22,18,4,19,2,23,3,21],[20,8,18,12,4,24,16,22,6,23],[8,20,12,18,24,4,16,22,6,19,2,23,3,1],[16,4,20,24,18,12,8,6,22,19,2,23,3,21],[12,20,8,6,16,4,24,22,18,23],[24,4,8,16,12,20,22,18,6,23],[24,12,8,16,4,20,22,18,6,19,2,23,3,1],[12,16,20,8,18,4,24,6,22,19,2,3,23,1],[16,24,8,4,20,22,18,12,6,19,2,3,23,21],[8,16,20,12,18,24,4,22,6,19,2,3,23,21],[16,12,4,20,24,18,8,22,6,19,2,3,23,21],[24,12,20,18,16,4,8,6,22,23],[24,8,20,22,12,16,4,18,6,19,2,23,3,21],[20,16,24,18,4,8,12,22,6,19,2,3,23,1],[8,16,4,12,20,24,22,18,6,23],[12,24,16,8,20,22,4,18,6,19,2,23,3,1],[4,24,20,18,8,12,16,22,6,23],[24,12,4,16,8,20,22,18,6,19,2,3,23,21],[4,12,16,24,20,22,8,18,6,19,2,23,3,21],[4,8,24,16,20,18,12,6,22,19,2,3,23,1],[24,20,22,4,16,8,12,18,6,19,2,3,23,21],[12,24,8,4,16,20,22,18,6,19,2,23,3,1],[16,4,24,12,8,20,22,18,6,23],[16,4,12,24,20,18,8,6,22,23],[8,24,20,22,16,18,12,4,6,23],[24,8,4,20,22,18,16,12,6,19,2,3,23,1],[24,16,8,4,20,18,12,22,6,23],[20,12,8,18,24,4,16,22,6,23],[4,12,20,16,24,22,18,8,6,19,2,23,3,21],[16,8,20,12,18,24,4,6,22,19,2,3,23,21],[16,24,4,20,22,12,8,18,6,23],[24,12,20,22,4,16,18,8,6,19,2,3,23,1],[20,12,4,16,24,22,8,18,6,19,2,23,3,21],[20,24,22,12,8,4,16,18,6,23],[24,4,12,16,20,22,8,18,6,23],[16,12,20,8,4,18,24,6,22,19,2,23,3,1],[24,12,8,4,20,22,16,18,6,19,2,3,23,21],[16,8,20,12,24,22,4,18,6,19,2,3,23,21],[16,8,4,12,24,20,22,18,6,19,2,3,23,21],[12,20,8,6,4,16,24,22,18,19,2,3,23,21],[12,16,20,8,18,4,24,22,6,19,2,23,3,1],[16,4,24,20,18,8,12,22,6,23],[8,4,12,20,6,16,24,22,18,23],[16,20,8,12,6,4,24,18,22,19,2,23,3,21],[8,4,20,6,24,22,16,18,12,23],[8,4,12,24,16,20,18,6,22,23],[4,8,20,24,18,12,16,22,6,19,2,23,3,1],[16,20,24,18,8,4,12,22,6,19,2,3,23,21],[8,16,24,20,22,4,18,12,6,23],[16,24,8,20,18,4,12,6,22,23],[20,12,8,6,16,24,22,18,4,19,2,3,23,1],[20,24,22,18,4,16,12,8,6,19,2,3,23,1],[4,8,12,16,24,20,22,18,6,19,2,23,3,21],[12,20,16,8,24,18,4,22,6,23],[4,24,12,20,22,16,18,8,6,23],[16,24,12,4,8,20,22,18,6,23],[12,8,24,16,4,20,22,18,6,19,3],[4,16,20,8,6,24,18,12,22,23],[24,4,12,16,8,20,22,18,6,19,2,23,3,1],[12,8,16,20,24,22,18,4,6,23],[12,20,24,18,8,16,4,6,22,23],[20,4,12,8,18,16,24,22,6,19,2,3,23,1],[24,8,4,12,16,20,18,22,6,19,2,3,23,21],[8,24,20,22,4,12,16,18,6,23],[20,24,18,12,4,16,8,6,22,19,2,3,23,1],[12,24,16,20,18,4,8,22,6,23],[8,24,12,4,16,20,18,22,6,23],[8,16,12,20,4,6,24,22,18,23],[8,12,20,18,16,4,24,6,22,23],[20,16,24,22,12,4,8,18,6,23],[16,12,20,8,18,4,24,6,22,19,2,3,23,1],[24,12,16,20,18,8,4,22,6,23],[20,12,8,4,6,24,18,16,22,19,2,3,23,1],[16,8,24,12,20,18,4,22,6,19,2,23,3,21],[8,12,4,16,20,18,24,6,22,23],[8,4,16,20,18,12,24,6,22,23],[20,16,24,22,18,8,4,12,6,19,2,3,23,1],[4,20,8,18,12,24,16,22,6,23],[4,24,20,22,16,8,12,18,6,23],[8,24,12,16,20,18,4,22,6,23],[4,12,16,24,8,20,22,18,6,19,2,3,23,1],[4,12,8,16,24,20,18,6,22,19,2,3,23,21],[24,12,20,18,4,8,16,6,22,23],[20,4,16,24,22,12,8,18,6,23],[12,16,20,8,6,24,22,4,18,19,2,23,3,21],[24,12,16,8,4,20,22,18,6,19,2,23,3,21],[12,4,8,16,20,18,24,6,22,23],[4,8,12,16,20,18,24,22,6,19,2,3,23,1],[4,8,16,24,12,20,18,6,22,23],[4,20,12,8,18,24,16,22,6,23],[4,20,8,16,6,12,24,22,18,23],[8,20,6,16,12,4,24,18,22,19,2,23,3,1],[20,16,8,6,4,24,18,12,22,19,2,23,3,1],[12,20,24,22,16,8,4,18,6,19,2,3,23,21],[8,12,24,16,4,20,22,18,6,19,2,3,23,21],[20,8,4,6,12,24,18,16,22,23],[16,4,8,12,20,18,24,6,22,19,2,23,3,21],[24,4,16,12,8,20,22,18,6,23],[12,8,20,16,4,18,24,6,22,23],[4,20,8,6,16,12,24,18,22,19,2,23,3,21],[20,8,18,24,4,12,16,6,22,19,2,3,23,21],[8,12,4,24,20,22,16,18,6,19,2,23,3,1],[16,24,8,20,22,4,18,12,6,23],[16,4,20,8,6,24,18,12,22,23],[4,16,12,24,20,18,8,22,6,19,2,3,23,21],[12,20,4,16,24,18,8,6,22,23],[16,8,20,6,12,4,24,22,18,23],[12,8,24,4,20,22,18,16,6,23],[24,20,22,4,16,8,12,18,6,23],[4,16,24,8,12,20,18,6,22,19,2,3,23,1],[24,12,8,4,20,22,18,16,6,23],[8,24,4,16,12,20,18,6,22,23],[4,24,8,16,20,18,12,22,6,19,2,3,23,1],[16,12,24,8,20,18,4,22,6,19,2,3,23,21],[24,16,4,20,22,8,12,18,6,23],[8,4,12,24,20,22,16,18,6,23],[20,8,6,4,12,24,22,16,18,23],[8,16,24,12,4,20,18,6,22,23],[16,24,8,20,22,18,4,12,6,23],[12,4,8,16,24,20,18,6,22,23],[8,4,12,24,20,18,16,6,22,23],[16,12,4,8,20,18,24,6,22,19,2,23,3,1],[4,16,20,24,22,8,12,18,6,23],[16,4,12,8,24,20,18,6,22,23],[4,20,24,18,8,12,16,6,22,23],[8,20,6,12,16,24,18,4,22,19,2,3,23,1],[4,20,12,16,24,22,18,8,6,19,2,3,23,21],[4,12,16,20,8,18,24,6,22,23],[20,8,18,12,16,24,4,22,6,19,2,3,23,21],[12,8,24,16,20,22,18,4,6,19,2,23,3,1],[24,20,18,8,16,4,12,22,6,19,2,23,3,21],[8,4,16,20,18,12,24,6,22,19,2,23,3,1],[4,12,24,20,22,18,16,8,6,19,2,23,3,21],[24,20,18,16,12,4,8,22,6,23],[4,12,20,8,18,16,24,22,6,23],[4,20,16,12,24,18,8,6,22,23],[24,20,22,16,18,4,8,12,6,19,2,3,23,21],[20,8,6,16,24,18,4,12,22,23],[4,8,20,6,16,12,24,22,18,23],[16,20,24,18,12,8,4,6,22,23],[4,8,16,24,20,18,12,6,22,19,2,3,23,1],[24,20,18,4,12,16,8,6,22,23],[12,20,16,8,4,18,24,22,6,19,2,3,23,21],[20,12,4,16,8,18,24,6,22,19,2,23,3,1],[16,20,12,4,24,18,8,22,6,23],[8,20,18,16,24,4,12,6,22,19,2,23,3,1],[20,4,12,24,22,18,16,8,6,23],[12,4,20,16,8,24,18,6,22,23],[4,24,12,16,8,20,22,18,6,23],[24,8,20,22,4,16,12,18,6,23],[16,24,20,22,12,18,8,4,6,23],[24,8,20,18,16,4,12,6,22,23],[4,20,24,22,16,8,12,18,6,19,2,23,3,1],[20,16,12,8,6,4,24,18,22,23],[4,16,20,12,24,22,8,18,6,23],[12,4,20,8,6,16,24,22,18,23],[24,8,16,20,18,12,4,22,6,19,2,23,3,21],[12,8,4,24,16,20,18,22,6,23],[12,16,4,8,20,6,24,22,18,23],[20,24,18,12,8,4,16,22,6,19,2,23,3,21],[12,20,4,16,8,6,24,18,22,23],[20,8,18,4,24,12,16,6,22,23],[16,8,24,20,22,4,12,18,6,19,2,23,3,1],[8,24,12,20,18,4,16,22,6,23],[24,12,8,16,20,18,4,22,6,19,2,23,3,1],[16,20,24,18,8,12,4,22,6,23],[16,8,4,20,18,12,24,6,22,19,2,23,3,21],[24,20,22,18,16,12,4,8,6,19,2,3,23,1],[4,16,12,24,20,22,18,8,6,19,2,3,23,1],[16,20,4,24,22,18,8,12,6,19,2,3,23,1],[20,16,24,18,4,8,12,6,22,19,2,3,23,1],[8,4,24,20,22,12,16,18,6,23],[20,4,16,8,6,12,24,18,22,19,2,3,23,1],[12,16,8,24,20,18,4,22,6,19,2,23,3,21],[8,24,12,4,16,20,18,22,6,19,2,3,23,21],[12,4,20,24,22,18,16,8,6,23],[8,24,16,20,18,4,12,6,22,19,2,23,3,21],[12,24,16,4,20,22,8,18,6,23],[8,12,16,24,20,18,4,22,6,23],[12,4,24,20,18,8,16,22,6,23],[8,24,20,18,12,16,4,22,6,23],[24,8,12,4,16,20,18,6,22,19,2,23,3,1],[16,12,20,8,18,24,4,6,22,23],[16,8,20,4,18,24,12,6,22,19,2,23,3,21],[16,12,4,24,20,22,18,8,6,23],[12,8,16,24,4,20,22,18,6,23],[20,8,6,12,24,22,18,4,16,23],[16,4,20,24,22,8,12,18,6,19,2,23,3,1],[4,12,16,8,24,20,22,18,6,23],[12,16,20,4,24,18,8,6,22,23],[20,24,18,12,16,4,8,22,6,19,2,3,23,21],[16,12,4,24,8,20,22,18,6,19,2,23,3,21],[20,24,22,12,16,18,4,8,6,23],[16,4,24,8,20,22,18,12,6,23],[12,4,20,16,24,22,18,8,6,19,2,3,23,21],[8,24,12,16,20,18,4,6,22,23],[8,4,20,18,16,24,12,22,6,19,2,3,23,21],[12,16,20,4,8,6,24,22,18,19,2,3,23,21],[4,24,12,8,20,22,16,18,6,19,2,3,23,21],[8,20,24,18,4,16,12,6,22,19,2,23,3,21],[24,12,16,4,8,20,22,18,6,19,2,3,23,21],[8,12,16,4,20,18,24,6,22,19,2,23,3,21],[24,8,4,12,20,22,18,16,6,19,2,23,3,21],[24,12,16,8,20,22,4,18,6,23],[20,12,4,16,24,18,8,22,6,23],[24,16,20,22,8,18,12,4,6,19,2,23,3,21],[20,12,8,18,16,24,4,6,22,23],[24,4,20,18,16,12,8,6,22,23],[16,20,8,4,18,12,24,22,6,23],[4,8,16,20,12,6,24,18,22,19,2,3,23,1],[12,20,8,18,24,4,16,6,22,19,2,23,3,1],[16,20,4,12,24,18,8,6,22,19,2,3,23,1],[8,4,12,20,6,24,18,16,22,19,2,23,3,1],[8,16,24,20,22,12,4,18,6,19,2,3,23,21],[24,16,8,20,18,12,4,22,6,23],[4,12,24,16,20,18,8,6,22,19,2,23,3,1],[12,4,8,20,6,16,24,22,18,19,2,3,23,1],[24,8,20,22,18,4,12,16,6,19,2,23,3,21],[16,8,12,24,4,20,22,18,6,19,2,3,23,1],[24,12,4,8,16,20,22,18,6,19,2,23,3,21],[4,16,20,12,24,22,8,18,6,19,2,23,3,21],[24,20,22,4,16,18,12,8,6,19,2,3,23,1],[16,20,4,24,18,8,12,22,6,19,2,3,23,1],[16,4,8,12,24,20,22,18,6,19,2,3,23,21],[16,8,24,12,20,22,4,18,6,19,2,3,23,1],[8,4,16,12,24,20,22,18,6,19,2,23,3,21],[20,4,12,16,24,18,8,22,6,23],[20,12,24,22,18,16,4,8,6,23],[24,4,12,20,22,8,16,18,6,19,2,3,23,1],[4,20,16,8,18,24,12,22,6,23],[12,16,4,20,24,22,8,18,6,19,3],[20,16,24,18,12,8,4,22,6,19,2,23,3,21],[16,4,12,24,8,20,22,18,6,19,2,3,23,1],[4,8,12,20,6,24,18,16,22,23],[24,16,20,22,4,18,8,12,6,23],[16,24,12,20,18,8,4,22,6,19,2,3,23,1],[8,16,12,4,20,18,24,22,6,23],[20,24,22,8,4,12,18,16,6,19,2,23,3,21],[16,8,24,4,12,20,22,18,6,19,2,3,23,1],[4,20,12,16,8,6,24,18,22,19,2,3,23,1],[24,20,22,4,12,16,8,18,6,19,2,23,3,21],[24,12,16,20,18,4,8,6,22,23],[12,4,20,24,22,18,16,8,6,23],[16,8,24,4,20,22,12,18,6,23],[20,16,24,22,8,12,4,18,6,19,2,23,3,1],[24,16,20,18,12,8,4,22,6,23],[4,16,20,12,24,22,18,8,6,19,2,3,23,1],[12,20,4,16,24,22,8,18,6,19,2,23,3,21],[24,16,4,12,20,18,8,6,22,19,2,3,23,1],[24,8,16,20,22,12,4,18,6,23],[8,12,24,20,18,4,16,22,6,19,2,23,3,21],[4,8,16,24,12,20,22,18,6,19,2,3,23,1],[4,8,24,12,16,6,20,22,18,23],[24,12,4,8,20,22,18,16,6,19,2,23,3,21],[12,8,4,24,20,18,16,6,22,23],[16,20,24,22,18,4,12,8,6,23],[8,4,20,18,16,12,24,6,22,19,2,23,3,1],[16,24,12,20,18,8,4,22,6,19,2,23,3,1],[16,8,12,4,20,6,24,22,18,19,2,23,3,1],[20,8,6,12,4,16,24,18,22,23],[20,8,18,16,4,24,12,6,22,23],[8,4,12,16,20,24,18,6,22,19,2,23,3,1],[12,24,20,18,16,8,4,22,6,19,2,23,3,21],[24,8,4,16,12,20,22,18,6,19,2,23,3,21],[20,12,4,16,8,18,24,22,6,23],[12,24,8,20,22,4,18,16,6,23],[24,4,8,20,18,16,12,6,22,19,2,23,3,1],[4,12,20,24,18,8,16,22,6,23],[8,12,16,20,6,4,24,18,22,19,2,3,23,21],[8,4,24,12,16,20,22,18,6,23],[16,8,4,20,6,12,24,22,18,23],[4,12,20,24,18,8,16,6,22,23],[16,12,8,24,6,20,22,18,4,19,2,3,23,1],[20,16,4,24,22,12,8,18,6,23],[24,16,20,22,8,18,4,12,6,23],[20,4,8,6,24,18,12,16,22,23],[16,12,20,4,24,18,8,6,22,23],[8,4,16,24,12,20,22,18,6,19,2,3,23,21],[12,4,24,20,18,8,16,22,6,19,2,23,3,1],[24,8,12,20,18,16,4,22,6,19,2,3,23,1],[8,24,4,12,20,22,18,16,6,23],[24,16,12,8,22,20,18,4,6,23],[12,8,4,24,20,18,16,22,6,19,2,3,23,21],[8,24,4,12,20,22,18,16,6,19,2,3,23,21],[8,20,16,18,4,24,12,6,22,19,2,23,3,1],[24,8,20,22,12,18,4,16,6,19,2,23,3,21],[4,8,16,20,18,12,24,6,22,19,2,23,3,21],[16,4,8,20,12,18,24,22,6,23],[20,24,18,8,4,16,12,22,6,23],[8,20,4,16,6,12,24,22,18,23],[8,16,20,18,24,4,12,22,6,19,2,23,3,21],[16,8,12,24,20,22,18,4,6,23],[24,20,22,12,8,4,16,18,6,23],[4,12,8,16,24,20,22,18,6,19,2,3,23,1],[24,12,16,8,20,22,4,18,6,19,2,23,3,1],[16,4,12,20,24,22,18,8,6,23],[16,12,8,4,20,6,24,18,22,19,2,3,23,21],[16,24,8,20,22,4,18,12,6,19,2,3,23,1],[24,8,12,20,18,4,16,6,22,23],[16,8,20,18,24,12,4,6,22,19,2,23,3,21],[4,8,16,24,12,20,22,18,6,19,2,3,23,21],[20,4,16,8,24,18,12,22,6,19,2,3,23,21],[12,16,8,4,20,6,24,22,18,23],[8,12,20,18,24,4,16,22,6,19,2,23,3,21],[8,20,18,12,24,4,16,22,6,23],[20,24,22,4,18,8,16,12,6,19,2,3,23,21],[20,12,24,22,16,18,4,8,6,23],[8,20,18,16,24,4,12,22,6,23],[8,20,18,12,24,4,16,22,6,19,2,23,3,21],[12,24,8,16,20,22,18,4,6,19,2,3,23,1],[4,8,20,6,16,24,22,12,18,19,2,23,3,1],[4,8,20,24,22,12,16,18,6,23],[4,16,8,12,24,20,18,22,6,23],[8,12,4,20,18,16,24,22,6,19,2,23,3,1],[12,16,4,8,24,20,22,18,6,19,2,23,3,21],[4,8,20,18,24,12,16,6,22,19,2,23,3,21],[8,24,20,22,18,4,12,16,6,19,2,3,23,1],[8,16,4,12,24,20,18,6,22,19,2,3,23,1],[20,16,24,22,4,12,8,18,6,19,2,23,3,1],[8,12,24,4,16,20,22,18,6,19,2,23,3,21],[12,16,4,24,20,18,8,6,22,23],[4,12,8,24,20,22,18,16,6,19,2,23,3,21],[12,8,16,24,20,22,4,18,6,19,2,23,3,1],[20,16,24,18,8,4,12,22,6,19,2,23,3,21],[8,24,4,20,22,12,16,18,6,23],[12,8,20,18,24,16,4,22,6,23],[4,24,16,20,18,8,12,6,22,23],[24,8,20,22,16,12,18,4,6,19,2,23,3,1],[20,16,8,6,12,24,22,18,4,23],[12,8,4,16,20,18,24,6,22,19,2,23,3,21],[24,20,18,16,8,12,4,6,22,23],[20,24,22,8,16,12,18,4,6,23],[12,16,4,8,20,18,24,6,22,19,2,23,3,21],[8,24,4,12,16,20,18,6,22,23],[16,12,20,24,18,4,8,22,6,19,2,23,3,1],[20,4,12,16,8,24,22,18,6,19,2,23,3,21],[20,24,18,8,12,4,16,6,22,19,2,23,3,1],[12,24,20,22,16,8,4,18,6,19,2,23,3,1],[24,12,4,16,20,18,8,6,22,19,2,3,23,1],[12,20,16,8,18,24,4,22,6,19,2,23,3,1],[20,24,18,8,16,12,4,22,6,19,2,23,3,21],[16,4,12,8,20,6,24,22,18,23],[8,12,4,24,20,18,16,22,6,23],[4,8,24,12,20,22,16,18,6,19,2,23,3,1],[16,4,8,12,24,20,22,18,6,23],[20,4,12,24,18,16,8,22,6,23],[12,4,20,24,18,16,8,22,6,19,2,3,23,21],[20,8,18,24,16,4,12,22,6,23],[12,8,4,20,6,16,24,22,18,23],[4,16,12,20,24,18,8,22,6,19,2,23,3,21],[20,8,18,16,12,24,4,22,6,23],[4,8,24,20,18,12,16,22,6,19,2,23,3,21],[8,20,18,4,24,12,16,6,22,23],[12,4,24,20,18,16,8,6,22,23],[20,8,18,12,4,16,24,22,6,19,2,23,3,1],[12,24,20,18,4,16,8,22,6,23],[4,20,8,18,16,12,24,22,6,19,2,23,3,1],[4,24,16,20,22,12,8,18,6,19,2,3,23,1],[12,8,4,16,24,20,18,22,6,23],[12,8,16,24,20,18,4,22,6,23],[4,24,8,16,12,20,18,6,22,23],[20,4,12,8,6,16,24,18,22,23],[4,24,16,20,18,12,8,6,22,23],[16,12,8,4,20,6,24,22,18,19,2,3,23,21],[20,8,24,22,18,4,12,16,6,23],[8,16,4,20,18,12,24,6,22,23],[4,8,24,12,20,22,18,16,6,19,2,23,3,1],[16,20,4,8,18,12,24,22,6,19,2,23,3,1],[16,8,4,24,12,20,18,22,6,19,2,3,23,21],[4,24,12,20,22,18,16,8,6,23],[24,4,12,20,22,18,8,16,6,19,2,3,23,21],[4,16,24,12,8,20,18,6,22,23],[8,24,12,16,20,18,4,6,22,19,2,23,3,1],[16,4,24,20,22,8,12,18,6,19,2,23,3,21],[24,16,20,22,12,18,8,4,6,23],[24,8,12,16,4,20,18,22,6,23],[12,24,16,8,4,20,22,18,6,19,2,23,3,21],[20,8,18,24,16,12,4,6,22,23],[12,4,24,8,16,20,18,6,22,23],[4,16,24,20,18,12,8,22,6,23],[16,20,12,4,24,18,8,6,22,23],[20,16,12,24,22,4,18,8,6,23],[12,4,8,20,18,24,16,6,22,23],[4,24,20,18,16,12,8,22,6,19,2,23,3,21],[20,12,4,8,18,16,24,22,6,23],[8,12,20,18,16,24,4,22,6,19,2,3,23,1],[8,4,12,24,16,20,18,22,6,19,2,3,23,1],[8,24,16,12,4,20,18,6,22,19,2,23,3,21],[12,8,24,16,20,18,4,22,6,19,2,23,3,21],[4,20,16,8,6,12,24,18,22,23],[4,20,12,8,24,22,18,16,6,23],[24,8,4,16,12,20,18,22,6,23],[20,8,24,18,4,12,16,6,22,23],[8,24,20,18,4,12,16,6,22,23],[4,8,20,6,16,24,18,12,22,19,2,3,23,1],[8,4,20,18,16,24,12,6,22,23],[8,20,6,24,18,12,16,4,22,19,1,2,23,3],[4,8,24,20,22,12,18,16,6,23],[24,16,12,4,20,18,8,22,6,19,2,3,23,21],[8,16,20,24,22,12,18,4,6,19,2,3,23,1],[4,8,24,12,16,20,18,6,22,23],[4,20,8,12,18,24,16,22,6,19,2,3,23,21],[4,24,16,12,8,20,22,18,6,23],[20,8,12,24,22,16,18,4,6,19,2,3,23,1],[12,16,20,4,8,24,18,22,6,23],[4,8,12,24,16,20,22,18,6,23],[24,8,4,20,22,12,16,18,6,23],[12,16,20,24,18,4,8,22,6,23],[8,4,16,20,18,24,12,22,6,23],[4,16,20,8,12,24,22,18,6,19,2,23,3,21],[24,4,20,22,8,12,16,18,6,23],[8,16,24,12,4,20,18,22,6,19,2,3,23,1],[8,12,4,20,6,24,22,16,18,23],[8,12,20,6,4,16,24,22,18,23],[4,16,8,12,24,20,18,22,6,19,2,23,3,21],[8,24,20,18,4,12,16,22,6,19,2,23,3,21],[12,4,20,16,24,22,8,18,6,19,2,3,23,1],[20,24,18,4,8,16,12,6,22,23],[16,8,12,20,6,24,18,4,22,23],[20,4,24,22,8,12,18,16,6,19,2,3,23,1],[8,20,18,24,12,4,16,22,6,19,2,3,23,21],[4,12,24,16,8,20,18,22,6,23],[12,8,4,24,20,22,16,18,6,23],[12,24,8,4,20,18,16,22,6,23],[20,8,18,4,16,24,12,22,6,19,2,3,23,21],[8,12,24,16,4,20,18,22,6,19,2,3,23,21],[16,20,12,4,8,24,18,22,6,23],[24,12,16,20,22,8,4,18,6,23],[4,8,24,16,20,22,18,12,6,19,2,23,3,1],[16,24,12,20,18,8,4,22,6,19,2,3,23,1],[12,4,24,20,18,8,16,6,22,19,2,3,23,21],[4,24,8,12,20,22,18,16,6,23],[20,12,24,22,8,4,18,16,6,23],[20,16,4,8,18,24,12,22,6,23],[4,8,12,20,18,24,16,6,22,19,2,23,3,21],[24,4,20,18,16,8,12,22,6,23],[24,12,16,8,20,18,4,22,6,23],[16,20,8,12,6,24,18,4,22,19,2,23,3,1],[16,8,4,12,20,18,24,22,6,23],[8,4,20,12,18,16,24,6,22,23],[8,12,20,6,4,24,22,16,18,19,2,3,23,21],[16,24,12,8,4,20,18,22,6,23],[12,20,4,16,8,18,24,22,6,19,2,3,23,21],[20,24,22,8,4,16,12,18,6,19,2,23,3,1],[4,20,24,22,18,12,16,8,6,23],[4,8,16,24,12,20,18,22,6,19,2,23,3,1],[24,20,18,12,16,4,8,22,6,19,2,23,3,21],[8,4,16,24,12,20,18,22,6,23],[24,12,20,22,8,16,4,18,6,23],[4,20,24,22,18,12,8,16,6,19,2,3,23,21],[4,12,20,16,24,18,8,22,6,19,2,23,3,21],[4,24,8,12,16,20,22,18,6,23],[20,12,8,18,4,24,16,22,6,23],[16,12,20,8,4,6,24,18,22,23],[8,20,24,22,4,16,12,18,6,19,2,3,23,21],[12,16,20,4,24,22,8,18,6,19,2,23,3,1],[4,20,16,8,18,12,24,6,22,23],[20,8,18,12,16,4,24,22,6,19,2,23,3,1],[4,12,16,20,8,24,22,18,6,19,2,3,23,1],[4,8,20,24,18,12,16,6,22,23],[8,20,16,6,24,22,18,12,4,19,2,3,23,21],[20,24,18,12,4,8,16,6,22,23],[20,12,8,6,4,16,24,22,18,19,2,3,23,21],[8,4,16,20,6,24,18,12,22,19,2,23,3,21],[20,24,22,18,12,4,16,8,6,23],[20,16,8,4,18,12,24,6,22,23],[20,4,8,6,16,12,24,22,18,23],[24,16,4,20,18,8,12,22,6,19,2,3,23,21],[4,8,20,6,16,12,24,22,18,19,2,23,3,21],[8,20,18,24,4,16,12,22,6,23],[16,20,24,22,18,12,8,4,6,19,2,3,23,1],[8,24,4,20,22,12,16,18,6,23],[8,16,24,20,22,4,12,18,6,23],[4,12,16,20,8,6,24,22,18,23],[24,20,18,16,8,4,12,6,22,19,2,3,23,1],[20,16,8,6,4,12,24,22,18,19,2,3,23,21],[12,16,24,8,20,18,4,22,6,19,2,23,3,1],[4,20,24,22,8,16,12,18,6,19,2,23,3,21],[24,8,16,12,4,20,18,22,6,19,2,3,23,21],[20,12,8,18,24,16,4,6,22,19,2,3,23,21],[16,4,12,8,24,20,22,18,6,23],[12,4,20,8,18,24,16,22,6,23],[12,24,16,8,20,18,4,22,6,19,2,23,3,21],[8,12,20,18,24,16,4,22,6,19,2,3,23,21],[4,8,12,16,24,20,22,18,6,23],[4,8,16,20,18,12,24,6,22,23],[12,20,24,22,16,8,18,4,6,23],[12,24,8,16,20,22,4,18,6,19,2,3,23,21],[24,20,22,16,4,18,12,8,6,23],[24,12,8,20,18,4,16,22,6,23],[20,4,8,6,24,22,12,18,16,19,2,3,23,1],[12,20,4,16,24,18,8,22,6,19,2,3,23,21],[20,4,8,6,12,16,24,18,22,19,2,23,3,21],[16,12,4,20,24,18,8,22,6,19,2,23,3,1],[12,20,24,18,8,4,16,6,22,19,2,3,23,1],[12,16,24,8,4,20,18,6,22,19,2,3,23,21],[12,16,4,24,8,20,22,18,6,19,2,23,3,1],[24,12,16,8,20,22,4,18,6,19,3],[12,4,8,24,16,20,18,22,6,23],[12,24,20,18,8,4,16,6,22,19,2,23,3,21],[16,8,4,12,24,20,18,6,22,23],[12,24,20,22,8,4,16,18,6,19,2,23,3,1],[12,8,20,4,18,24,16,6,22,19,2,23,3,21],[24,12,8,4,16,22,20,18,6,19,2,3,23,21],[4,20,24,22,12,8,16,18,6,23],[24,8,16,12,20,22,18,4,6,19,2,3,23,1],[24,16,12,8,4,20,22,18,6,23],[20,12,4,24,18,16,8,22,6,19,2,3,23,21],[20,16,12,4,8,6,24,22,18,23],[12,8,24,20,18,16,4,6,22,19,2,23,3,21],[4,12,16,24,8,20,22,18,6,23],[20,12,24,18,16,8,4,22,6,23],[4,24,12,20,22,16,8,18,6,23],[12,8,24,20,18,16,4,22,6,23],[24,16,20,22,4,18,8,12,6,19,2,3,23,21],[4,8,12,20,18,16,24,22,6,19,2,3,23,21],[8,20,18,12,16,24,4,6,22,19,2,23,3,1],[20,12,24,18,4,16,8,22,6,23],[12,4,8,24,20,18,16,22,6,19,2,23,3,21],[4,24,16,8,12,20,18,22,6,23],[20,8,18,24,16,4,12,6,22,23],[4,12,20,24,22,16,18,8,6,19,2,23,3,1],[16,24,4,8,20,22,12,18,6,23],[24,4,8,20,18,16,12,22,6,19,2,3,23,21],[8,24,4,16,12,20,22,18,6,19,2,23,3,1],[4,20,12,24,22,16,18,8,6,23],[8,20,4,6,24,22,16,12,18,19,2,23,3,1],[12,4,24,20,22,8,18,16,6,19,2,3,23,1],[20,24,18,8,16,12,4,22,6,19,2,23,3,21],[24,12,4,8,16,20,18,22,6,19,2,23,3,1],[12,20,16,4,8,24,18,6,22,23],[16,8,24,12,20,18,4,22,6,23],[16,24,8,12,4,20,22,18,6,23],[4,12,24,16,20,18,8,22,6,23],[8,20,6,4,24,22,12,16,18,19,2,23,3,1],[24,16,4,20,22,18,8,12,6,23],[8,16,4,20,18,12,24,6,22,19,2,23,3,21],[24,20,18,8,16,12,4,6,22,23],[20,12,16,8,18,4,24,6,22,23],[24,20,22,4,8,12,16,18,6,19,2,23,3,1],[4,16,8,20,6,12,24,18,22,19,2,23,3,21],[8,24,12,4,16,20,18,6,22,23],[20,24,18,8,12,16,4,22,6,19,2,3,23,21],[20,4,8,6,24,22,12,16,18,19,2,3,23,1],[24,8,16,4,20,18,12,6,22,19,2,23,3,21],[24,20,18,12,4,8,16,22,6,23],[8,24,12,16,20,22,4,18,6,23],[8,12,4,16,20,18,24,22,6,23],[20,16,8,6,24,18,12,4,22,23],[4,12,20,24,22,16,18,8,6,23],[20,8,6,16,4,12,24,18,22,19,2,23,3,1],[12,16,24,8,4,20,18,22,6,19,2,3,23,1],[24,12,20,22,4,16,8,18,6,23],[16,8,20,18,24,12,4,22,6,19,2,3,23,21],[16,24,20,18,4,8,12,22,6,19,2,23,3,21],[20,4,24,18,16,8,12,6,22,19,2,23,3,21],[20,12,16,8,4,6,24,22,18,19,2,23,3,1],[12,8,24,16,20,18,4,22,6,19,2,3,23,21],[4,8,16,20,18,12,24,6,22,23],[12,16,20,4,8,6,24,18,22,23],[4,24,20,18,12,8,16,6,22,23],[8,24,12,20,18,16,4,22,6,23],[24,20,22,4,16,12,8,18,6,23],[24,4,12,8,16,20,18,22,6,19,2,3,23,21],[4,20,16,12,24,18,8,6,22,19,2,3,23,1],[20,4,8,6,24,22,16,12,18,19,2,3,23,21],[12,24,16,4,8,20,18,6,22,23],[8,20,18,12,24,4,16,22,6,19,2,23,3,21],[20,4,8,6,24,22,16,12,18,19,2,23,3,1],[24,20,18,8,4,12,16,6,22,23],[16,8,20,6,12,4,24,18,22,23],[4,16,24,8,20,18,12,22,6,19,2,3,23,21],[8,16,4,12,20,6,24,22,18,19,2,23,3,1],[24,12,4,8,20,22,16,18,6,23],[20,4,24,22,12,8,18,16,6,23],[8,20,18,4,12,16,24,6,22,19,2,23,3,1],[16,12,8,4,20,18,24,6,22,23],[24,12,20,22,4,8,18,16,6,23],[16,8,20,6,4,12,24,22,18,19,2,23,3,21],[16,20,8,24,22,18,4,12,6,23],[24,12,4,20,18,16,8,6,22,23],[12,4,16,8,20,6,24,22,18,19,2,23,3,21],[12,24,4,20,18,16,8,6,22,19,2,23,3,21],[12,24,4,20,18,8,16,22,6,19,3],[12,8,16,24,4,20,18,6,22,19,2,3,23,1],[8,16,4,20,18,12,24,6,22,23],[24,8,16,12,4,20,22,18,6,19,2,3,23,1],[20,8,6,12,4,16,24,22,18,23],[4,8,24,20,22,12,16,18,6,23],[24,20,22,16,8,4,12,18,6,19,2,23,3,21],[8,24,4,12,20,18,16,6,22,23],[16,24,4,8,20,22,18,12,6,23],[4,8,16,20,6,24,22,12,18,23],[4,8,16,20,6,12,24,22,18,19,2,3,23,1],[24,12,20,22,16,18,8,4,6,23],[24,8,12,6,4,16,20,18,22,19,2,3,23,21],[12,8,4,20,16,24,18,22,6,19,2,3,23,1],[12,20,24,18,16,8,4,6,22,19,2,3,23,21],[16,24,4,12,8,20,18,22,6,23],[16,4,8,12,20,6,24,18,22,23],[12,24,16,8,4,20,18,22,6,19,2,23,3,1],[24,4,16,8,12,20,22,18,6,19,2,3,23,21],[20,8,24,18,16,4,12,22,6,23],[24,16,8,4,20,22,18,12,6,19,2,3,23,21],[24,4,12,16,20,22,8,18,6,19,2,3,23,1],[16,20,24,22,18,4,12,8,6,23],[24,20,18,12,8,4,16,22,6,23],[4,16,12,20,8,18,24,22,6,19,2,3,23,21],[4,12,8,16,24,20,18,22,6,19,2,3,23,1],[4,20,16,8,18,24,12,22,6,19,2,23,3,1],[12,4,24,16,20,18,8,22,6,23],[8,20,6,24,22,18,12,4,16,19,2,3,23,21],[24,16,12,4,8,20,22,18,6,23],[8,16,20,12,6,24,18,4,22,19,2,23,3,21],[24,4,20,22,18,16,8,12,6,23],[16,8,20,4,6,24,18,12,22,19,2,23,3,1],[24,12,20,18,8,4,16,6,22,19,2,23,3,1],[24,12,16,4,8,20,22,18,6,23],[16,8,4,24,20,18,12,6,22,19,2,23,3,21],[16,8,4,12,20,24,22,18,6,23],[16,8,24,12,20,18,4,22,6,19,2,3,23,1],[16,8,24,12,4,20,18,22,6,23],[4,12,8,16,20,6,24,22,18,23],[12,20,4,24,18,16,8,6,22,19,2,3,23,21],[20,16,24,18,4,12,8,22,6,19,2,3,23,21],[20,4,16,8,18,12,24,22,6,23],[8,4,20,6,24,18,16,12,22,23],[4,16,8,20,24,18,12,22,6,23],[24,4,20,22,12,18,8,16,6,19,2,23,3,1],[8,20,24,22,16,18,4,12,6,23],[4,12,16,20,24,18,8,22,6,19,2,23,3,21],[4,16,8,12,24,20,18,22,6,19,2,3,23,1],[24,8,4,16,12,20,22,18,6,23],[20,8,6,16,4,24,18,12,22,23],[8,4,12,16,20,6,24,18,22,23],[4,20,24,18,16,12,8,6,22,23],[8,20,6,24,18,16,12,4,22,19,2,3,23,21],[4,24,16,12,20,22,18,8,6,23],[4,24,8,20,18,12,16,22,6,19,2,3,23,21],[20,8,6,12,24,22,16,18,4,23],[8,24,12,4,20,22,16,18,6,23],[20,24,22,4,16,8,18,12,6,23],[12,20,24,18,16,4,8,6,22,19,2,23,3,21],[16,20,24,18,4,12,8,22,6,23],[4,24,20,22,18,8,12,16,6,23],[24,8,12,20,18,4,16,6,22,23],[8,24,12,16,4,20,18,22,6,23],[12,4,16,8,20,6,24,18,22,23],[20,24,22,8,18,16,4,12,6,23],[24,4,8,12,16,20,18,6,22,23],[4,12,24,20,18,16,8,6,22,19,2,23,3,1],[4,20,24,22,18,16,12,8,6,19,2,3,23,21],[8,12,4,20,16,6,24,22,18,23],[12,16,20,24,22,8,18,4,6,23],[16,8,4,24,12,20,18,22,6,19,2,23,3,1],[12,20,16,4,24,18,8,6,22,19,2,3,23,1],[4,24,16,8,20,18,12,6,22,23],[16,4,24,8,12,20,22,18,6,19,2,3,23,21],[4,8,20,18,24,12,16,6,22,19,2,23,3,1],[8,24,16,12,4,20,22,18,6,19,2,23,3,1],[12,16,4,20,8,18,24,22,6,23],[24,16,4,12,20,18,8,22,6,19,2,23,3,21],[24,12,4,8,20,22,18,16,6,19,2,23,3,21],[24,20,22,16,4,8,12,18,6,19,2,23,3,21],[16,20,8,18,24,4,12,6,22,19,2,23,3,1],[24,16,20,18,12,8,4,22,6,23],[16,24,8,12,4,20,22,18,6,23],[4,24,8,12,20,22,18,16,6,19,2,3,23,1],[16,8,12,20,6,4,24,22,18,19,2,3,23,1],[12,16,4,24,20,22,8,18,6,23],[24,20,22,8,12,16,18,4,6,19,2,3,23,1],[16,12,24,8,20,22,18,4,6,19,2,3,23,1],[16,4,20,12,24,18,8,6,22,23],[8,24,16,12,20,22,18,4,6,23],[20,24,22,8,12,4,16,18,6,23],[24,16,4,8,20,22,12,18,6,23],[8,20,18,4,16,12,24,22,6,19,2,23,3,1],[8,16,20,18,12,4,24,22,6,19,2,3,23,21],[20,4,24,18,8,12,16,22,6,23],[20,24,18,4,16,12,8,22,6,23],[20,12,8,18,4,24,16,6,22,19,2,23,3,21],[12,24,8,4,20,22,18,16,6,19,2,3,23,1],[4,16,24,8,20,22,12,18,6,23],[12,24,4,8,16,20,18,22,6,23],[20,16,12,8,18,4,24,22,6,19,2,23,3,1],[16,24,4,20,18,12,8,22,6,23],[20,12,24,22,8,18,16,4,6,23],[8,12,20,6,4,16,24,18,22,23],[16,4,8,12,24,20,22,18,6,23],[24,16,8,20,18,12,4,22,6,23],[12,24,8,16,4,20,18,22,6,19,2,23,3,21],[4,24,12,8,16,20,18,22,6,19,2,3,23,21],[8,16,4,12,24,20,18,6,22,23],[12,20,8,6,4,16,24,22,18,19,2,23,3,1],[24,8,16,12,20,18,4,22,6,23],[16,20,12,4,8,6,24,22,18,19,2,3,23,21],[8,20,18,12,24,4,16,6,22,19,2,3,23,21],[24,20,22,4,8,12,16,18,6,19,2,23,3,21],[12,20,16,24,18,8,4,6,22,23],[8,20,24,18,4,12,16,6,22,19,2,23,3,1],[24,12,16,8,20,22,18,4,6,23],[24,12,16,4,8,20,18,6,22,23],[20,24,18,4,12,16,8,22,6,19,2,23,3,21],[12,4,16,24,20,18,8,22,6,19,2,3,23,21],[8,4,24,16,12,20,22,18,6,19,2,3,23,21],[20,4,16,24,18,12,8,22,6,19,2,23,3,21],[24,8,4,16,20,22,18,12,6,23],[20,24,22,12,18,4,8,16,6,23],[4,20,8,18,24,12,16,6,22,19,2,23,3,21],[20,16,24,18,12,8,4,6,22,23],[24,4,16,12,20,22,8,18,6,23],[8,24,16,12,4,20,18,6,22,19,2,3,23,1],[20,4,24,22,12,18,8,16,6,23],[12,24,4,8,20,18,16,22,6,19,2,3,23,21],[4,16,20,12,24,18,8,6,22,19,2,23,3,21],[20,16,24,18,4,12,8,22,6,23],[24,12,16,4,8,20,22,18,6,23],[4,24,16,20,22,8,18,12,6,23],[4,12,8,20,18,24,16,22,6,23],[20,8,12,24,22,4,16,18,6,19,2,23,3,1],[24,16,4,12,20,22,8,18,6,23],[20,4,16,12,8,24,18,6,22,19,2,3,23,1],[24,8,16,4,12,20,18,22,6,23],[20,4,24,22,12,18,8,16,6,19,2,23,3,21],[12,20,24,22,4,18,8,16,6,19,2,3,23,21],[20,16,12,24,18,8,4,22,6,23],[20,16,24,18,8,4,12,6,22,19,2,23,3,21],[16,12,4,20,24,18,8,22,6,23],[4,24,12,8,20,22,16,18,6,23],[24,16,20,18,12,8,4,6,22,23],[16,4,8,12,24,20,18,22,6,19,2,3,23,21],[24,20,22,16,12,18,4,8,6,19,2,3,23,21],[4,20,8,16,6,24,22,12,18,23],[16,4,12,20,24,22,18,8,6,23],[12,4,20,8,18,16,24,22,6,23],[24,16,8,20,18,4,12,22,6,19,2,3,23,21],[12,8,4,24,20,18,16,6,22,23],[4,24,16,8,20,22,12,18,6,19,2,3,23,1],[16,24,8,20,18,4,12,22,6,19,2,23,3,1],[20,4,12,24,22,18,8,16,6,23],[16,24,12,20,18,8,4,6,22,19,2,23,3,21],[8,16,4,20,18,12,24,6,22,23],[20,16,8,6,4,12,24,22,18,23],[4,20,12,16,8,18,24,22,6,19,2,23,3,21],[24,12,16,8,4,20,22,18,6,23],[8,4,24,20,18,16,12,6,22,19,2,3,23,1],[16,8,4,12,20,6,24,22,18,19,2,23,3,1],[8,20,12,18,24,4,16,6,22,19,2,3,23,21],[4,20,16,8,18,24,12,6,22,23],[8,24,16,20,18,4,12,6,22,23],[4,12,16,24,8,20,22,18,6,19,2,23,3,1],[20,4,12,8,18,16,24,6,22,23],[8,16,20,6,24,18,4,12,22,19,2,23,3,1],[20,24,18,12,8,16,4,22,6,19,2,23,3,21],[20,16,4,12,8,6,24,22,18,19,2,3,23,1],[4,24,20,18,8,12,16,22,6,19,2,3,23,21],[20,8,18,12,24,16,4,22,6,23],[20,12,16,8,6,4,24,22,18,23],[4,8,24,20,22,16,12,18,6,23],[24,8,16,12,20,18,4,22,6,19,2,3,23,21],[8,20,6,4,12,24,22,16,18,19,2,3,23,1],[24,20,18,16,8,12,4,6,22,23],[24,8,20,18,4,16,12,22,6,23],[12,8,20,6,16,4,24,18,22,19,2,3,23,21],[4,8,24,12,16,20,22,18,6,19,2,3,23,1],[16,12,24,20,18,4,8,6,22,23],[8,4,12,20,6,24,22,16,18,23],[4,8,12,24,20,22,18,16,6,19,2,23,3,21],[8,20,12,18,24,16,4,22,6,23],[8,12,4,20,18,16,24,22,6,19,2,23,3,1],[20,8,4,6,12,16,24,22,18,19,2,23,3,1],[20,24,22,4,12,8,16,18,6,19,2,3,23,21],[4,8,12,16,24,20,22,18,6,19,2,3,23,21],[4,12,24,20,22,8,16,18,6,19,2,23,3,21],[4,8,16,20,12,24,18,6,22,19,2,23,3,1],[16,24,20,22,12,18,8,4,6,23],[12,20,24,18,8,4,16,22,6,19,2,23,3,21],[4,16,20,8,6,12,24,22,18,23],[12,24,16,4,20,22,8,18,6,23],[16,8,24,20,18,4,12,6,22,23],[8,20,4,18,24,16,12,22,6,23],[20,4,24,18,16,12,8,6,22,23],[8,4,20,6,16,12,24,22,18,23],[12,4,20,24,18,8,16,6,22,23],[16,4,12,20,24,18,8,22,6,23],[20,16,24,22,18,4,8,12,6,23],[20,24,18,8,12,4,16,22,6,19,2,3,23,1],[8,20,18,4,24,16,12,22,6,19,3],[4,12,20,16,24,18,8,6,22,23],[16,20,4,8,18,24,12,22,6,19,2,23,3,21],[8,16,4,12,24,20,22,18,6,19,3],[16,20,4,12,8,18,24,6,22,19,3],[24,4,20,18,12,8,16,6,22,19,2,3,23,21],[20,8,18,24,4,12,16,6,22,23],[16,4,24,20,18,12,8,6,22,23],[12,8,24,4,20,18,16,22,6,19,2,23,3,21],[20,16,12,4,24,22,18,8,6,23],[12,20,8,6,4,16,24,18,22,23],[20,16,8,18,24,12,4,6,22,19,2,23,3,1],[16,24,12,8,4,20,18,6,22,23],[20,24,18,16,4,12,8,22,6,19,2,23,3,21],[4,24,16,12,20,22,8,18,6,23],[24,8,12,20,18,4,16,6,22,19,2,23,3,21],[12,8,24,20,22,16,18,4,6,19,2,3,23,21],[16,4,24,8,12,20,18,22,6,19,2,23,3,1],[16,12,4,8,20,18,24,22,6,23],[20,16,24,18,8,12,4,22,6,23],[24,4,20,18,12,16,8,6,22,19,2,23,3,1],[20,24,18,8,12,4,16,6,22,23],[12,8,20,24,18,16,4,22,6,19,2,23,3,1],[24,8,16,4,12,20,22,18,6,23],[8,16,4,12,24,22,20,18,6,19,2,3,23,21],[8,16,20,4,6,12,24,22,18,19,2,3,23,21],[4,24,16,8,12,20,22,18,6,19,2,23,3,1],[8,24,20,22,16,18,12,4,6,19,2,23,3,21],[4,16,24,20,22,18,12,8,6,23],[12,20,16,24,18,8,4,22,6,19,2,3,23,1],[4,20,8,18,24,16,12,22,6,23],[8,4,20,6,12,24,22,16,18,19,2,3,23,1],[24,4,12,16,20,22,18,8,6,19,2,23,3,1],[4,24,12,8,16,20,18,6,22,23],[16,8,12,20,18,24,4,22,6,19,2,3,23,21],[20,12,24,18,8,16,4,6,22,23],[4,8,12,16,20,18,24,6,22,23],[4,20,12,8,24,22,16,18,6,19,2,23,3,1],[4,16,8,20,12,24,18,6,22,23],[20,8,4,18,24,16,12,6,22,19,2,3,23,1],[4,20,12,24,22,16,8,18,6,23],[12,24,4,20,18,16,8,6,22,23],[20,8,18,24,16,12,4,6,22,19,2,23,3,1],[8,16,20,6,12,24,22,18,4,23],[4,12,20,24,18,16,8,22,6,19,2,3,23,1],[8,20,12,18,24,4,16,6,22,19,2,23,3,1],[20,24,22,4,18,16,8,12,6,23],[20,12,16,24,18,8,4,6,22,19,2,3,23,21],[12,24,8,20,18,16,4,6,22,23],[20,8,6,12,4,24,22,16,18,19,2,23,3,21],[8,4,16,24,12,20,18,6,22,23],[12,8,20,6,16,4,24,22,18,23],[4,16,24,8,12,20,22,18,6,19,2,3,23,1],[16,4,20,24,22,8,18,12,6,19,2,23,3,21],[8,4,12,20,24,18,16,22,6,23],[24,12,4,16,8,20,22,18,6,19,2,3,23,1],[8,12,24,4,20,22,16,18,6,23],[4,12,16,24,8,20,22,18,6,19,2,23,3,1],[24,8,12,4,20,18,16,22,6,19,2,3,23,21],[20,12,4,24,22,16,8,18,6,19,2,23,3,21],[20,24,18,12,16,8,4,6,22,19,2,3,23,21],[12,8,20,4,18,24,16,22,6,23],[16,12,4,8,20,18,24,6,22,23],[16,8,4,20,12,6,24,18,22,23],[20,12,16,4,8,24,18,6,22,23],[8,24,12,16,4,20,22,18,6,23],[24,4,16,12,20,18,8,6,22,23],[20,24,22,18,12,16,8,4,6,23],[12,24,20,22,8,16,18,4,6,23],[24,20,18,4,16,8,12,22,6,19,2,3,23,1],[4,16,20,8,18,12,24,6,22,19,2,23,3,21],[16,20,8,18,4,12,24,22,6,23],[16,4,24,20,22,8,12,18,6,19,2,3,23,1],[8,12,4,20,16,6,24,18,22,19,2,3,23,21],[24,12,16,20,18,8,4,22,6,23],[4,16,24,8,20,18,12,6,22,23],[20,24,18,8,12,4,16,6,22,19,2,23,3,1],[24,16,12,4,8,20,22,18,6,19,2,3,23,1],[20,8,24,22,4,16,12,18,6,19,2,23,3,21],[8,12,20,16,6,24,22,4,18,23],[12,8,16,24,4,20,18,6,22,23],[20,12,24,22,8,4,18,16,6,23],[24,4,8,16,20,18,12,6,22,19,2,3,23,1],[16,12,4,20,24,22,8,18,6,23],[4,8,20,12,18,16,24,22,6,23],[24,20,22,12,4,18,16,8,6,19,2,23,3,21],[20,16,12,24,22,8,18,4,6,19,3],[20,4,16,8,12,18,24,22,6,19,2,3,23,1],[24,20,22,8,16,18,4,12,6,23],[12,16,4,8,24,20,22,18,6,19,2,3,23,1],[8,12,16,4,24,20,22,18,6,19,2,23,3,1],[8,20,18,4,16,12,24,22,6,23],[8,4,12,24,20,22,16,18,6,19,2,3,23,1],[16,4,20,12,24,18,8,6,22,23],[16,20,8,24,22,12,4,18,6,23],[16,24,20,22,12,8,4,18,6,23],[24,12,20,22,18,4,16,8,6,19,2,3,23,21],[12,8,20,6,24,18,16,4,22,19,2,3,23,21],[24,20,22,18,8,4,12,16,6,23],[24,4,8,20,22,12,16,18,6,19,2,23,3,1],[16,8,4,24,20,18,12,22,6,19,2,3,23,1],[4,8,20,18,24,12,16,22,6,23],[16,20,4,8,6,24,18,12,22,23],[20,24,18,16,8,12,22,4,6,23],[12,8,16,4,24,20,22,18,6,19,2,3,23,21],[12,16,24,4,20,18,8,6,22,19,2,3,23,1],[4,20,8,6,16,12,24,18,22,23],[24,4,8,16,20,22,12,18,6,23],[4,16,24,20,22,8,12,18,6,19,2,3,23,1],[20,4,16,12,8,6,24,22,18,23],[4,16,8,20,12,18,24,6,22,23],[16,24,4,20,22,8,12,18,6,19,2,3,23,1],[12,8,20,18,24,16,4,6,22,19,2,3,23,1],[20,8,18,24,16,12,4,6,22,23],[20,12,8,6,16,4,24,22,18,23],[20,8,6,4,24,18,12,16,22,19,2,3,23,21],[20,8,6,24,18,16,4,12,22,19,2,3,23,1],[4,8,24,12,20,22,16,18,6,23],[20,24,18,16,12,4,8,6,22,19,2,3,23,21],[16,8,4,20,6,12,24,18,22,19,3],[12,20,16,24,18,8,4,6,22,19,2,23,3,1],[4,20,8,12,16,6,24,22,18,23],[12,4,24,16,8,20,22,18,6,19,2,3,23,1],[24,20,22,16,8,12,4,18,6,19,2,3,23,1],[20,24,22,18,8,16,4,12,6,23],[16,4,12,24,8,20,22,18,6,19,2,23,3,1],[20,16,24,18,12,4,8,22,6,23],[4,12,16,24,8,20,22,18,6,23],[12,24,16,8,20,22,4,18,6,19,2,3,23,1],[8,24,12,4,20,22,18,16,6,23],[12,8,20,6,16,4,24,18,22,19,2,3,23,1],[12,16,8,4,24,20,22,18,6,19,2,3,23,21],[4,24,12,20,22,8,16,18,6,19,2,3,23,1],[20,24,22,16,4,18,12,8,6,23],[12,8,4,20,18,24,16,22,6,19,2,3,23,1],[4,8,24,16,12,20,18,22,6,19,2,3,23,1],[8,12,24,20,22,16,18,4,6,23],[4,20,16,24,18,8,12,6,22,19,2,23,3,21],[16,8,4,20,18,12,24,22,6,19,2,23,3,1],[20,24,22,16,8,4,12,18,6,23],[4,8,24,16,20,22,12,18,6,23],[12,4,8,20,6,24,22,16,18,23],[8,24,20,22,18,16,4,12,6,19,2,3,23,21],[4,12,24,8,20,18,16,6,22,23],[16,8,4,20,6,24,18,12,22,23],[4,8,20,12,18,24,16,22,6,19,2,3,23,1],[16,20,8,12,24,18,4,6,22,23],[8,12,16,4,24,20,22,18,6,19,2,23,3,21],[12,24,8,20,18,16,4,22,6,19,2,3,23,1],[8,16,20,24,18,4,12,6,22,23],[4,12,16,24,20,18,8,22,6,23],[4,12,16,24,8,20,18,6,22,23],[8,4,20,6,16,12,24,22,18,23],[12,4,8,24,16,20,18,6,22,23],[8,12,16,20,24,18,4,22,6,23]],"n_human":10}