{"problem_id":"s66qEszo0ol8hHt","sigma":150,"alpha":10.000,"cost":4,"probabilities":"[0.25, 0.26, 0.25, 0.24]","payoff_matrix":"[[148, 70, -60, -112, 52, 26], [-219, 31, -91, -98, 206, -10], [-148, 92, 201, -98, -181, 159], [60, 27, 307, -54, -393, 74]]","uncovered":[[10,18,2,6,22,14,7,19,17,5],[2,18,14,22,10,6,7,17,5,19],[10,18,6,2,22,14,5,19,17,7],[2,22,14,18,10,6,17],[2,18,14,10,6,22,17],[22,2,14,6,10,18,7,17,5,19],[2,14,22,10,6,18,5,17],[18,2,10,22,14,6,5,17],[2,22,10,14,18,6,5,17],[10,14,18,2,6,22,19,5,7],[22,18,6,2,14,10,17],[6,22,14,2,10,18,5,17],[18,14,6,2,22,10,5,17],[22,6,14,10,18,2,17],[14,2,10,6,18,22,7,17,19,5],[22,10,2,6,18,14,5,17],[10,6,22,2,18,14,17],[14,10,2,6,18,22,19,7,5],[2,22,14,18,6,10,5,17],[18,10,2,6,14,22,5,19,7],[6,22,10,2,18,14,19,7,17,5],[14,2,6,10,18,22,7,17,19,5],[6,18,2,22,10,14,5,17],[18,2,22,6,14,10,19,5,7],[18,10,14,6,22,2,19,5,17,7],[14,2,6,10,18,22,5,19,17,7],[22,14,10,18,6,2,7,17,5,19],[18,2,22,6,10,14,5,17],[10,6,22,14,18,2,19,7,5],[14,2,10,6,18,22,17],[6,2,22,14,18,10,17],[10,14,22,18,2,6,5,19,17,7],[2,14,18,6,22,10,7,19,17,5],[22,18,14,10,2,6,7,19,5],[22,6,10,18,2,14,17],[2,18,6,14,22,10,17],[18,10,2,22,14,6,19,7,5],[14,22,2,10,18,6,5,17],[10,18,6,22,14,2,19,5,17,7],[6,18,2,22,14,10,17],[10,14,18,22,6,2,5,17],[22,6,14,2,18,10,17],[14,2,18,6,22,10,5,17],[10,2,22,6,18,14,19,7,5],[6,18,14,22,10,2,17],[10,6,2,14,22,18,19,5,7],[2,10,22,18,6,14,17],[18,10,22,14,2,6,7,17,19,5],[2,6,22,14,18,10,17],[14,22,2,6,10,18,7,19,5],[22,10,18,2,14,6,17],[10,18,22,2,14,6,5,17],[14,10,22,2,6,18,17],[18,22,6,14,2,10,17],[18,14,2,22,6,10,5,17],[10,18,6,2,22,14,17],[6,2,18,10,22,14,19,7,5],[2,14,22,10,18,6,7,17,5,19],[14,10,18,6,2,22,7,19,17,5],[22,18,14,6,2,10,5,17],[18,14,10,2,22,6,17],[10,22,18,2,6,14,7,17,19,5],[10,14,18,2,22,6,17],[10,18,22,2,14,6,7,17,19,5],[18,10,14,2,22,6,19,5,7],[18,22,2,6,10,14,17],[14,6,22,18,2,10,19,7,17,5],[2,18,22,14,10,6,17],[18,2,14,6,10,22,7,19,17,5],[10,18,6,22,2,14,5,17],[2,14,10,6,22,18,19,7,5],[22,18,6,10,2,14,5,19,17,7],[22,10,2,6,18,14,7,19,17,5],[6,22,18,2,10,14,19,5,17,7],[6,14,10,18,2,22,7,19,5],[6,14,10,2,18,22,5,19,17,7],[10,18,14,22,6,2,7,17,19,5],[2,22,14,10,6,18,19,5,7],[2,10,6,18,22,14,5,19,17,7],[10,22,6,2,14,18,17],[22,10,18,14,6,2,17],[14,6,2,22,18,10,19,7,5],[18,6,2,22,14,10,7,19,5],[18,6,10,2,14,22,5,19,17,7],[22,10,14,6,18,2,5,19,17,7],[10,14,22,18,2,6,19,5,7],[2,14,18,10,6,22,19,5,17,7],[18,2,6,10,14,22,7,17,19,5],[22,18,2,6,14,10,7,19,5],[6,22,2,18,10,14,17],[14,6,22,2,10,18,17],[6,18,10,22,14,2,5,17],[18,14,6,2,10,22,5,17],[22,2,14,18,6,10,17],[14,2,22,18,10,6,19,5,7],[14,22,10,2,6,18,5,17],[22,18,10,2,6,14,7,17,19,5],[22,6,18,14,10,2,17],[2,14,6,10,22,18,17],[18,6,2,10,22,14,5,19,7],[14,18,2,10,6,22,7,17,19,5],[14,18,10,22,6,2,17],[2,6,10,22,14,18,7,17,5,19],[10,18,2,6,14,22,17],[18,14,10,2,22,6,5,17],[2,14,18,22,6,10,19,5,17,7],[2,14,6,22,10,18,17],[10,18,22,2,6,14,19,5,7],[6,22,2,14,10,18,17],[14,18,22,2,10,6,17],[14,10,2,6,22,18,19,5,17,7],[22,18,14,6,2,10,7,17,19,5],[10,22,6,2,14,18,5,17],[18,6,14,2,22,10,19,7,5],[10,6,2,22,18,14,5,17],[6,2,10,22,14,18,17],[6,2,18,10,22,14,19,5,17,7],[14,2,10,18,22,6,19,5,17,7],[22,6,14,2,18,10,7,19,5],[22,18,6,14,10,2,17],[10,2,6,14,18,22,5,17],[6,14,2,22,18,10,7,19,5],[18,14,6,10,2,22,7,19,17,5],[22,2,18,6,10,14,7,17,5,19],[10,14,2,18,6,22,19,7,5],[14,18,22,6,10,2,17],[2,6,14,18,10,22,19,7,5],[14,22,6,18,2,10,7,19,17,5],[22,10,14,2,18,6,7,17,19,5],[6,22,18,2,14,10,5,17],[10,6,18,14,22,2,17],[10,6,14,2,18,22,5,19,17,7],[10,22,18,2,6,14,7,17,5,19],[2,14,6,22,18,10,17],[18,14,10,22,6,2,5,17],[6,14,2,22,10,18,7,17,19,5],[6,18,10,22,2,14,7,19,17,5],[14,6,18,2,22,10,5,19,7],[10,6,14,18,22,2,7,19,17,5],[18,22,6,14,10,2,19,5,7],[2,10,14,6,22,18,7,19,5],[6,14,22,2,18,10,7,19,5],[6,10,18,22,2,14,5,17],[2,22,6,10,14,18,5,19,17,7],[6,22,18,2,10,14,7,17,19,5],[10,2,18,6,22,14,17],[22,2,6,10,14,18,7,17,19,5],[2,14,6,10,22,18,17],[6,2,22,10,14,18,19,7,17,5],[2,18,14,6,10,22,17],[14,22,2,10,18,6,19,5,17,7],[22,18,6,14,2,10,17],[22,18,6,14,2,10,17],[6,14,22,18,10,2,7,17,19,5],[6,22,18,2,14,10,19,7,5],[6,18,10,2,14,22,5,19,7],[18,6,10,14,22,2,19,5,7],[14,2,22,18,10,6,5,19,7],[10,22,2,6,18,14,7,19,5],[14,18,2,10,6,22,5,17],[22,18,14,2,6,10,17],[10,22,14,6,18,2,17],[22,2,14,6,18,10,17],[18,6,2,10,14,22,17],[18,10,6,22,2,14,7,17,19,5],[10,2,22,14,6,18,7,17,5,19],[18,22,14,2,10,6,7,19,17,5],[10,2,14,22,6,18,7,19,17,5],[6,2,10,14,18,22,17],[10,22,18,6,2,14,7,17,5,19],[10,2,14,6,18,22,17],[2,22,10,6,18,14,5,17],[6,10,22,18,2,14,5,17],[18,6,14,10,22,2,19,5,17,7],[10,22,14,18,2,6,7,17,5,19],[6,22,14,2,10,18,5,17],[22,10,2,18,14,6,19,5,17,7],[18,10,2,22,6,14,17],[18,14,10,2,22,6,5,17],[6,2,14,18,10,22,17],[22,10,18,14,2,6,7,19,5],[6,10,14,2,22,18,19,5,7],[18,6,10,22,2,14,17],[6,18,10,14,22,2,7,19,5],[10,2,22,14,18,6,7,17,5,19],[2,18,10,6,22,14,7,19,17,5],[14,6,18,2,22,10,19,7,5],[6,10,18,22,2,14,7,17,19,5],[18,10,14,6,2,22,17],[6,18,10,2,22,14,7,19,17,5],[10,18,14,6,2,22,17],[18,14,2,22,10,6,19,7,17,5],[14,22,6,18,2,10,17],[22,14,2,18,6,10,17],[2,14,10,22,18,6,19,5,7],[18,10,14,2,22,6,5,17],[2,6,18,14,10,22,5,19,17,7],[6,14,22,10,18,2,5,19,17,7],[14,18,6,22,2,10,19,5,7],[6,14,18,2,22,10,7,17,5,19],[14,22,2,6,10,18,7,19,17,5],[2,6,22,18,10,14,19,7,5],[2,18,6,10,22,14,19,5,7],[14,22,18,6,2,10,7,17,5,19],[2,10,18,14,22,6,5,19,7],[14,10,18,6,22,2,7,19,17,5],[14,6,18,2,10,22,17],[2,14,10,18,22,6,5,19,7],[18,22,2,14,6,10,17],[14,10,18,2,22,6,19,5,7],[18,2,10,22,14,6,19,7,17,5],[18,22,2,14,10,6,7,19,5],[18,6,22,14,10,2,5,19,17,7],[2,18,10,14,22,6,17],[10,2,6,22,18,14,7,17,19,5],[18,10,2,22,6,14,7,17,5,19],[18,2,14,22,6,10,5,17],[18,6,14,2,10,22,7,19,17,5],[18,6,2,14,22,10,17],[2,14,10,22,6,18,17],[6,14,10,2,18,22,5,19,7],[6,18,22,10,2,14,5,19,7],[2,14,10,6,18,22,7,19,5],[14,2,6,18,10,22,7,19,17,5],[2,14,22,18,6,10,7,17,19,5],[14,6,18,2,10,22,5,17],[10,18,2,14,6,22,17],[2,18,6,14,22,10,7,19,17,5],[22,2,14,10,6,18,5,19,17,7],[18,6,2,22,10,14,17],[14,6,22,18,2,10,19,7,5],[2,6,22,14,18,10,19,5,17,7],[6,10,14,2,18,22,5,17],[10,22,2,14,6,18,19,5,7],[22,2,6,18,10,14,17],[10,2,18,6,22,14,7,17,5,19],[2,14,22,6,10,18,5,17],[18,14,22,10,2,6,17],[18,2,6,14,22,10,17],[6,22,10,14,2,18,7,19,17,5],[18,6,14,22,10,2,19,5,17,7],[10,14,6,2,22,18,5,17],[2,10,18,14,22,6,19,5,7],[10,14,22,6,18,2,7,17,19,5],[2,18,10,22,6,14,7,17,5,19],[10,14,2,6,18,22,7,17,5,19],[18,2,22,14,10,6,5,17],[14,6,18,22,10,2,17],[14,6,10,18,2,22,7,17,5,19],[18,6,10,22,14,2,7,19,17,5],[2,10,14,22,18,6,5,17],[14,6,10,2,22,18,5,19,7],[2,10,14,22,6,18,7,19,17,5],[10,22,2,14,18,6,19,5,17,7],[10,22,6,2,18,14,19,5,17,7],[2,14,22,6,18,10,7,17,19,5],[18,2,22,6,10,14,19,5,7],[14,22,10,6,18,2,7,17,5,19],[10,14,22,2,18,6,17],[22,10,6,2,18,14,19,5,17,7],[14,6,22,18,10,2,19,7,5],[10,2,6,22,18,14,5,19,17,7],[10,14,18,22,6,2,5,17],[18,10,22,14,6,2,19,7,17,5],[18,2,6,22,14,10,19,5,17,7],[10,22,14,2,18,6,19,7,5],[22,10,18,2,14,6,5,19,17,7],[18,14,22,6,10,2,5,19,17,7],[22,14,2,18,6,10,19,7,5],[14,2,18,10,6,22,7,19,17,5],[6,18,22,10,2,14,17],[2,10,18,6,14,22,7,19,5],[14,22,6,2,18,10,19,5,7],[2,6,18,22,10,14,19,7,5],[14,10,2,18,6,22,17],[18,22,6,10,14,2,5,17],[14,2,22,10,18,6,17],[18,2,22,10,14,6,19,7,17,5],[10,22,6,2,18,14,17],[14,22,10,2,18,6,7,17,5,19],[6,18,2,14,10,22,17],[18,6,22,2,10,14,19,7,17,5],[10,6,14,2,18,22,5,19,7],[18,2,10,6,14,22,5,19,17,7],[2,10,14,22,6,18,7,17,19,5],[6,18,2,10,22,14,19,7,17,5],[22,6,2,18,10,14,19,5,7],[10,6,2,22,18,14,7,19,5],[18,10,22,14,6,2,5,19,7],[10,22,14,2,18,6,17],[14,6,2,10,22,18,7,19,17,5],[2,14,18,6,10,22,5,19,7],[2,22,10,6,14,18,17],[22,10,14,6,18,2,7,19,5],[10,18,22,2,6,14,5,19,7],[6,10,22,14,18,2,7,17,5,19],[22,10,14,6,2,18,17],[18,2,22,6,14,10,7,17,5,19],[18,22,14,10,2,6,7,17,5,19],[22,18,6,2,14,10,17],[10,2,18,6,14,22,7,17,19,5],[18,10,2,22,14,6,5,17],[18,22,10,6,2,14,5,19,7],[10,14,22,2,18,6,7,17,5,19],[6,2,10,22,18,14,19,5,17,7],[10,6,22,18,2,14,7,19,17,5],[6,22,14,2,18,10,7,17,19,5],[14,18,22,6,10,2,7,19,17,5],[10,22,14,6,18,2,17],[14,10,2,22,6,18,17],[14,2,6,18,22,10,7,17,19,5],[14,10,22,18,6,2,19,7,5],[14,22,10,2,6,18,17],[22,10,18,6,2,14,19,7,5],[22,18,6,2,14,10,19,5,7],[2,18,14,10,22,6,5,17],[6,10,2,18,14,22,17],[10,6,14,2,22,18,5,19,17,7],[10,22,14,6,18,2,19,5,7],[22,18,10,6,14,2,19,5,7],[6,22,10,18,14,2,19,5,7],[6,18,22,2,10,14,7,17,5,19],[2,18,6,10,14,22,7,19,17,5],[6,10,14,2,18,22,5,19,7],[18,22,6,10,2,14,7,19,5],[10,2,18,22,6,14,5,17],[14,10,6,2,22,18,5,19,7],[6,14,18,10,22,2,7,17,5,19],[10,2,14,22,6,18,5,19,7],[10,14,22,18,2,6,5,19,17,7],[18,22,14,6,10,2,5,17],[18,6,2,22,14,10,17],[14,2,18,22,10,6,19,7,17,5],[2,18,10,6,14,22,17],[22,2,18,14,6,10,19,7,5],[14,2,10,22,18,6,7,17,5,19],[10,22,18,14,6,2,17],[6,18,10,2,22,14,7,17,5,19],[2,18,6,14,10,22,19,7,5],[14,22,6,10,2,18,19,7,17,5],[22,10,14,6,2,18,17],[14,22,18,10,2,6,7,19,17,5],[6,18,14,2,22,10,7,17,5,19],[10,6,2,22,14,18,17],[22,18,6,2,10,14,19,7,5],[2,18,6,10,22,14,7,17,19,5],[14,2,18,22,10,6,19,7,17,5],[6,14,22,10,18,2,17],[10,6,2,22,14,18,17],[18,22,6,2,14,10,5,19,7],[10,18,6,22,2,14,5,17],[22,10,6,18,2,14,5,17],[2,6,14,22,18,10,7,19,17,5],[14,2,22,18,6,10,19,7,5],[6,10,2,22,18,14,7,17,19,5],[22,2,18,14,6,10,19,5,7],[10,6,22,14,2,18,5,17],[22,10,6,18,14,2,17],[6,14,18,2,10,22,5,19,17,7],[2,22,6,14,18,10,19,7,5],[14,2,10,18,22,6,7,19,5],[22,6,18,2,14,10,19,5,17,7],[10,18,6,14,22,2,7,17,19,5],[10,22,14,6,2,18,5,17],[10,18,22,6,2,14,17],[14,6,18,10,22,2,17],[6,14,22,18,2,10,17],[18,22,2,6,10,14,19,5,7],[22,10,18,2,14,6,5,17],[6,2,18,10,14,22,5,19,17,7],[14,18,6,10,2,22,7,19,17,5],[6,18,10,2,22,14,17],[6,22,14,18,2,10,17],[10,22,18,2,6,14,5,19,17,7],[22,10,14,2,6,18,5,19,17,7],[14,18,6,10,2,22,5,17],[6,10,22,2,14,18,17],[18,6,14,10,22,2,7,19,5],[14,22,18,6,2,10,5,17],[14,18,2,22,10,6,19,5,17,7],[18,2,10,14,22,6,17],[22,6,18,2,10,14,5,19,7],[22,18,6,14,2,10,17],[22,14,2,6,18,10,5,19,7],[18,6,22,2,14,10,5,19,7],[6,14,10,18,22,2,17],[6,18,2,22,14,10,19,7,5],[14,18,10,6,22,2,5,19,17,7],[22,18,2,10,6,14,7,17,19,5],[18,6,14,10,22,2,7,19,5],[18,14,2,6,10,22,5,19,17,7],[10,18,6,22,14,2,17],[14,18,2,22,6,10,7,17,5,19],[10,14,2,6,18,22,17],[14,10,18,22,6,2,7,19,17,5],[18,10,14,22,6,2,5,17],[14,6,22,2,18,10,17],[18,14,2,6,22,10,7,17,5,19],[6,10,2,14,22,18,17],[14,10,22,6,2,18,17],[18,14,2,22,10,6,19,7,17,5],[14,6,2,22,10,18,17],[2,14,22,18,6,10,17],[10,18,2,14,6,22,19,5,7],[22,10,2,14,18,6,5,19,17,7],[22,18,6,10,2,14,17],[2,10,18,14,22,6,19,7,5],[22,14,6,2,18,10,5,19,7],[6,10,2,22,18,14,17],[14,6,2,18,22,10,17],[2,10,14,18,6,22,17],[14,2,6,22,18,10,19,7,17,5],[18,6,10,14,22,2,17],[6,2,18,10,14,22,19,7,5],[2,10,14,22,6,18,19,7,17,5],[18,22,14,2,10,6,19,7,17,5],[22,6,10,14,18,2,5,17],[18,10,2,22,6,14,7,17,5,19],[18,10,14,2,6,22,19,7,17,5],[10,6,22,14,18,2,7,17,19,5],[6,18,14,10,2,22,17],[14,6,18,22,10,2,19,7,17,5],[10,2,14,18,6,22,17],[10,18,22,14,6,2,7,17,19,5],[18,6,2,22,10,14,19,7,17,5],[10,18,22,6,2,14,17],[10,14,6,18,2,22,7,19,17,5],[18,22,14,10,6,2,7,17,19,5],[10,6,14,22,18,2,5,17],[6,18,22,2,10,14,5,17],[14,22,6,2,10,18,7,19,17,5],[18,14,2,6,22,10,5,19,17,7],[22,2,18,14,6,10,19,5,17,7],[10,2,18,22,6,14,5,19,17,7],[2,22,18,6,10,14,5,19,7],[10,22,14,18,6,2,5,19,17,7],[14,18,6,2,10,22,19,5,7],[14,18,10,6,2,22,7,19,17,5],[22,2,10,6,14,18,19,7,17,5],[22,6,10,14,2,18,7,17,19,5],[14,6,2,22,18,10,5,17],[10,18,22,14,6,2,5,17],[10,14,22,18,6,2,5,19,7],[18,2,10,14,6,22,5,19,7],[10,6,22,2,18,14,7,19,17,5],[10,18,2,22,14,6,19,5,7],[22,10,18,6,14,2,7,17,19,5],[14,2,10,22,18,6,17],[14,10,18,6,2,22,19,7,5],[18,22,14,10,2,6,17],[6,14,2,10,18,22,5,19,17,7],[2,14,10,18,22,6,19,7,5],[14,18,10,22,6,2,17],[2,14,10,22,6,18,7,17,19,5],[22,18,6,2,14,10,17],[14,2,22,18,6,10,7,17,5,19],[6,22,10,14,18,2,5,19,17,7],[22,10,6,14,2,18,19,5,7],[14,2,18,6,22,10,17],[2,14,10,22,6,18,17],[18,22,10,6,2,14,17],[22,6,10,14,18,2,5,19,7],[18,10,6,14,22,2,7,17,5,19],[10,18,2,14,22,6,5,17],[10,14,2,22,18,6,19,5,7],[10,18,14,6,22,2,17],[14,10,2,6,22,18,5,17],[22,10,2,18,14,6,17],[10,6,14,2,22,18,17],[18,22,2,10,6,14,19,5,17,7],[18,14,2,10,22,6,7,19,5],[14,10,6,22,18,2,5,19,7],[14,6,10,2,22,18,17],[10,2,18,22,6,14,17],[14,6,2,22,10,18,19,7,5],[22,18,6,10,14,2,19,7,17,5],[2,10,18,14,22,6,19,5,17,7],[14,22,10,6,2,18,7,19,5],[6,18,14,10,22,2,17],[18,10,22,2,6,14,17],[10,22,14,18,2,6,19,5,17,7],[18,10,22,6,2,14,19,7,17,5],[18,10,14,22,2,6,5,17],[10,18,14,2,22,6,5,19,7],[18,22,2,10,6,14,5,19,7],[2,14,18,6,22,10,5,19,17,7],[18,10,2,6,22,14,17],[10,22,2,6,14,18,17],[18,6,10,2,14,22,7,19,5],[2,10,6,18,14,22,19,7,17,5],[2,6,22,14,18,10,7,17,5,19],[14,22,18,6,10,2,17],[18,6,22,14,2,10,7,17,5,19],[14,18,2,10,22,6,5,17],[6,22,14,18,2,10,7,17,5,19],[10,2,6,22,18,14,7,19,17,5],[22,18,6,2,14,10,7,17,19,5],[22,6,18,10,2,14,5,19,7],[6,2,22,18,14,10,17],[14,10,22,6,2,18,7,19,5],[22,6,2,14,18,10,5,19,17,7],[2,6,14,18,10,22,19,7,17,5],[6,10,14,22,18,2,5,19,17,7],[22,10,18,14,6,2,17],[18,10,2,22,6,14,7,17,5,19],[18,2,6,14,22,10,7,17,19,5],[18,14,2,6,22,10,5,17],[22,18,6,14,2,10,17],[6,14,10,18,22,2,7,17,19,5],[2,18,14,6,22,10,7,17,19,5],[6,22,18,2,10,14,17],[18,6,22,10,14,2,19,7,17,5],[2,10,22,6,14,18,17],[6,18,2,14,22,10,7,17,5,19],[14,22,6,18,10,2,7,17,19,5],[2,6,18,14,22,10,19,7,17,5],[6,18,22,10,14,2,17],[22,2,18,10,14,6,5,19,17,7],[2,14,6,22,18,10,5,19,17,7],[2,14,10,18,6,22,5,19,17,7],[10,14,22,6,18,2,17],[18,6,22,14,10,2,5,19,7],[6,18,2,22,10,14,7,19,17,5],[22,14,10,6,18,2,17],[2,10,18,22,6,14,7,19,17,5],[18,14,10,22,6,2,19,5,17,7],[18,6,10,22,2,14,17],[14,10,6,22,18,2,19,5,7],[10,22,14,6,18,2,5,17],[2,10,18,22,6,14,5,17],[2,18,6,22,14,10,5,19,17,7],[22,10,14,6,18,2,7,17,5,19],[10,6,14,2,22,18,7,19,5],[18,6,10,2,22,14,17],[2,6,14,10,18,22,19,5,7],[14,2,10,6,22,18,19,7,5],[6,14,2,10,18,22,17],[22,6,14,2,10,18,19,5,7],[2,22,10,18,14,6,19,7,17,5],[14,2,6,18,10,22,5,17],[2,22,6,10,14,18,17],[18,2,10,14,6,22,5,17],[22,6,14,2,18,10,17],[22,10,18,2,6,14,7,17,19,5],[18,22,6,14,2,10,17],[18,6,22,10,2,14,17],[6,22,10,14,18,2,7,17,5,19],[10,2,22,14,18,6,19,5,17,7],[6,22,10,2,18,14,5,19,17,7],[14,10,2,18,22,6,17],[10,22,14,2,6,18,5,19,7],[22,14,18,2,6,10,19,7,5],[10,6,2,14,22,18,7,17,5,19],[14,18,22,10,6,2,5,17],[2,18,10,6,14,22,19,5,7],[2,18,10,6,14,22,5,19,17,7],[10,6,2,18,14,22,19,7,17,5],[22,6,18,10,14,2,5,19,7],[10,6,2,22,14,18,5,19,7],[6,22,10,14,18,2,5,17],[22,18,2,6,10,14,17],[10,2,18,22,14,6,17],[6,2,10,14,22,18,17],[10,14,22,6,18,2,7,17,5,19],[2,22,6,14,18,10,7,19,17,5],[10,18,22,6,2,14,17],[2,22,10,14,6,18,19,7,5],[2,6,10,14,22,18,17],[22,6,18,10,2,14,19,7,5],[6,10,14,22,2,18,19,7,17,5],[18,6,2,10,22,14,7,17,5,19],[2,22,6,14,10,18,7,17,19,5],[14,10,2,18,22,6,5,17],[6,22,2,18,10,14,17],[18,6,10,2,14,22,7,19,17,5],[6,18,2,22,14,10,17],[6,2,22,18,10,14,19,5,7],[14,22,10,6,18,2,5,17],[10,6,22,2,14,18,7,19,17,5],[22,14,2,18,10,6,7,19,5],[22,18,14,6,2,10,19,7,5],[18,22,6,10,2,14,7,17,19,5],[22,18,14,2,10,6,5,19,7],[2,14,6,18,22,10,5,17],[6,2,10,22,14,18,19,5,7],[6,10,14,22,2,18,7,19,17,5],[22,10,6,14,2,18,7,19,5],[18,2,22,10,14,6,7,17,19,5],[18,14,6,22,2,10,19,5,7],[14,10,2,6,18,22,19,7,5],[10,14,6,18,2,22,17],[14,22,10,6,18,2,19,5,17,7],[14,18,22,6,2,10,5,19,17,7],[10,2,14,18,6,22,17],[22,10,14,2,6,18,7,17,5,19],[2,18,10,22,14,6,19,7,17,5],[18,6,10,14,2,22,5,17],[10,2,18,22,6,14,5,19,17,7],[6,18,10,2,22,14,7,19,5],[6,10,22,2,14,18,7,19,17,5],[2,10,22,14,18,6,5,17],[6,18,10,2,22,14,5,17],[10,2,6,18,22,14,17],[22,10,14,2,18,6,19,5,17,7],[2,22,10,14,18,6,19,5,7],[14,2,6,18,22,10,17],[10,2,22,6,18,14,7,19,5],[18,14,2,22,6,10,17],[2,6,10,14,18,22,17],[2,14,18,6,22,10,19,7,17,5],[6,14,22,2,18,10,19,5,17,7],[18,6,14,10,22,2,5,17],[22,18,6,2,10,14,7,19,17,5],[14,22,2,18,10,6,5,17],[18,2,6,22,10,14,5,19,7],[10,22,6,2,14,18,17],[18,6,22,10,2,14,5,17],[6,18,22,2,10,14,17],[6,14,18,2,10,22,19,7,5],[10,2,22,18,14,6,19,7,5],[22,2,6,10,14,18,19,5,7],[22,10,14,6,2,18,19,7,5],[6,2,14,22,18,10,7,19,5],[10,6,22,2,18,14,5,17],[22,10,14,18,2,6,7,17,19,5],[22,14,10,2,18,6,17],[10,14,6,2,22,18,17],[22,2,10,18,6,14,19,5,17,7],[6,14,22,18,10,2,17],[10,18,2,14,6,22,7,19,5],[14,10,22,6,18,2,5,19,7],[22,18,10,2,14,6,7,17,19,5],[2,10,14,6,18,22,7,17,19,5],[10,2,6,14,22,18,17],[22,14,18,2,6,10,7,17,5,19],[10,18,22,2,6,14,5,17],[14,18,6,22,10,2,7,17,5,19],[18,10,14,22,6,2,5,19,17,7],[22,6,18,10,2,14,5,17],[6,10,2,14,22,18,7,17,19,5],[22,6,14,10,18,2,7,17,5,19],[14,22,2,6,10,18,17],[2,10,18,14,6,22,5,19,17,7],[18,22,6,14,10,2,17],[22,2,18,6,10,14,7,19,17,5],[10,14,6,2,18,22,17],[18,10,22,6,14,2,5,19,7],[10,22,6,14,18,2,5,19,17,7],[10,18,22,14,6,2,19,5,7],[2,10,22,18,6,14,17],[14,2,22,18,6,10,5,17],[14,2,6,10,18,22,7,19,5],[10,2,18,22,14,6,17],[10,2,14,6,22,18,17],[6,14,22,2,18,10,17],[6,10,22,18,14,2,5,19,17,7],[2,22,14,6,18,10,17],[2,14,22,10,18,6,17],[18,10,14,2,22,6,19,5,17,7],[14,18,2,6,10,22,5,19,17,7],[10,14,2,22,6,18,5,19,7],[10,2,14,6,18,22,5,19,17,7],[2,14,18,22,6,10,19,5,17,7],[2,14,22,10,6,18,7,17,5,19],[18,2,10,14,22,6,17],[22,6,10,2,18,14,5,19,17,7],[22,2,6,14,10,18,19,5,7],[6,22,14,2,10,18,5,17],[14,22,2,6,18,10,7,19,17,5],[18,10,6,22,14,2,17],[2,18,22,10,6,14,5,17],[22,14,6,2,10,18,17],[6,22,10,18,2,14,7,17,19,5],[2,14,18,22,6,10,7,17,19,5],[22,18,14,10,6,2,19,7,17,5],[10,22,18,2,6,14,5,19,17,7],[6,2,22,18,10,14,17],[22,14,2,6,18,10,5,17],[6,10,18,22,2,14,17],[10,22,6,18,14,2,7,19,5],[6,14,18,10,22,2,17],[18,6,14,10,22,2,7,19,5],[22,6,18,10,2,14,7,19,17,5],[2,6,14,10,18,22,5,19,17,7],[6,22,18,2,10,14,19,7,5],[2,6,14,10,22,18,5,17],[22,6,18,2,14,10,19,7,5],[2,14,18,10,22,6,7,17,5,19],[14,10,6,22,2,18,7,17,19,5],[2,14,22,18,6,10,7,19,5],[22,2,18,6,10,14,19,7,17,5],[6,14,10,18,2,22,17],[6,2,10,14,18,22,19,5,17,7],[6,18,2,22,14,10,17],[10,2,6,18,22,14,19,7,5],[14,18,10,6,2,22,5,17],[22,18,6,14,2,10,19,5,7],[6,2,10,14,22,18,7,19,17,5],[2,22,18,6,14,10,7,19,5],[14,22,2,10,18,6,7,19,17,5],[2,18,6,22,10,14,5,17],[22,6,18,10,2,14,19,5,7],[14,18,22,2,6,10,7,19,5],[6,14,2,22,18,10,5,19,17,7],[10,18,14,2,22,6,5,19,7],[6,2,10,18,14,22,5,17],[22,14,6,10,2,18,19,7,5],[18,22,14,10,2,6,19,7,17,5],[6,2,18,14,22,10,5,19,17,7],[18,10,2,14,22,6,19,7,17,5],[2,10,18,6,22,14,19,5,7],[6,22,10,14,2,18,17],[2,22,14,6,10,18,7,19,17,5],[6,10,14,22,18,2,19,5,7],[14,10,2,18,22,6,7,19,5],[2,22,18,10,14,6,5,17],[2,6,22,10,18,14,5,19,17,7],[10,18,2,6,22,14,5,19,17,7],[10,14,22,6,18,2,17],[10,2,6,22,14,18,17],[18,14,22,10,2,6,19,7,17,5],[14,10,6,2,18,22,17],[2,14,6,10,22,18,5,19,17,7],[2,6,22,10,14,18,19,7,5],[2,18,22,14,10,6,19,7,17,5],[22,10,18,6,2,14,7,17,5,19],[10,14,6,2,18,22,17],[14,10,18,22,6,2,5,19,7],[2,14,18,22,6,10,7,17,19,5],[18,10,14,22,6,2,19,5,17,7],[14,18,2,6,10,22,17],[14,2,18,22,10,6,19,7,5],[22,2,18,10,14,6,17],[2,6,14,22,10,18,19,5,17,7],[2,6,10,22,14,18,5,17],[14,22,6,2,18,10,17],[22,6,2,14,10,18,19,5,17,7],[18,14,6,10,2,22,5,17],[10,6,14,2,18,22,7,19,17,5],[22,10,18,2,6,14,5,19,17,7],[14,18,6,2,10,22,19,7,17,5],[2,22,14,10,6,18,19,7,5],[18,2,6,10,14,22,7,17,5,19],[10,18,6,22,2,14,17],[10,18,22,14,6,2,17],[10,18,6,22,14,2,19,7,5],[14,6,22,10,18,2,5,19,17,7],[6,22,14,10,2,18,17],[10,14,2,6,22,18,5,19,7],[6,18,10,14,22,2,5,19,7],[6,2,10,18,14,22,5,19,7],[10,18,22,6,14,2,5,19,7],[2,6,14,22,18,10,17],[14,10,18,22,2,6,7,19,5],[10,2,14,22,18,6,5,17],[6,14,18,2,10,22,19,5,17,7],[6,18,22,14,10,2,7,17,19,5],[18,2,22,6,14,10,5,19,7],[22,6,10,18,14,2,5,19,7],[10,6,14,2,18,22,19,7,17,5],[2,6,10,22,18,14,5,17],[14,2,6,22,18,10,5,19,7],[18,2,10,6,14,22,19,7,17,5],[22,10,6,2,18,14,19,5,17,7],[22,6,14,2,18,10,17],[22,18,6,2,10,14,17],[18,6,10,2,14,22,19,5,7],[14,18,6,2,22,10,19,7,5],[22,2,14,10,18,6,7,19,17,5],[18,14,2,22,6,10,17],[14,6,10,2,18,22,19,7,5],[14,6,10,18,2,22,17],[22,14,6,2,10,18,19,5,17,7],[22,2,18,14,10,6,7,17,5,19],[10,22,18,2,14,6,17],[10,14,2,6,18,22,7,19,17,5],[22,18,14,10,2,6,19,5,17,7],[6,2,14,18,22,10,19,5,17,7],[22,6,18,10,14,2,7,19,5],[18,2,6,14,10,22,19,7,17,5],[18,2,6,14,10,22,7,17,19,5],[10,14,6,2,22,18,17],[2,18,10,14,6,22,17],[2,10,18,22,6,14,7,19,17,5],[2,10,14,18,22,6,19,7,17,5],[18,2,14,10,6,22,19,7,5],[22,10,6,2,18,14,7,19,5],[10,18,6,14,22,2,7,17,19,5],[18,2,22,14,10,6,5,19,7],[10,14,18,22,2,6,19,7,5],[10,6,22,18,2,14,19,5,7],[2,14,18,6,22,10,17],[6,10,14,18,22,2,5,17],[18,6,10,2,22,14,19,5,17,7],[22,2,14,10,6,18,5,17],[18,2,14,22,6,10,7,19,17,5],[2,10,6,22,14,18,5,19,17,7],[2,14,6,18,22,10,5,19,17,7],[14,22,2,6,18,10,5,17],[18,14,6,10,2,22,19,5,7],[6,10,2,14,22,18,19,7,17,5],[2,18,22,6,10,14,5,17],[2,18,14,22,6,10,17],[2,18,6,14,22,10,19,7,17,5],[10,18,6,2,14,22,7,17,19,5],[2,18,14,6,22,10,17],[10,14,2,18,22,6,7,19,17,5],[2,10,18,14,22,6,5,19,17,7],[18,22,6,2,10,14,19,7,17,5],[14,22,10,6,18,2,7,17,19,5],[14,18,22,2,10,6,5,17],[18,14,2,6,22,10,5,17],[2,10,6,14,18,22,19,5,7],[10,2,22,6,14,18,5,17],[18,22,14,10,2,6,5,19,17,7],[6,22,18,2,14,10,5,19,7],[2,22,10,14,6,18,17],[18,6,22,10,2,14,17],[14,6,22,18,10,2,19,5,17,7],[2,10,14,18,22,6,5,17],[10,2,14,22,18,6,5,17],[14,10,18,6,22,2,19,7,5],[22,2,10,14,6,18,5,19,7],[2,22,18,10,14,6,17],[2,10,14,22,18,6,17],[2,10,18,22,14,6,7,17,5,19],[14,6,22,2,18,10,5,19,7],[2,6,10,18,14,22,17],[10,22,2,6,18,14,19,5,7],[14,18,22,2,10,6,7,19,17,5],[2,10,14,18,22,6,19,5,7],[14,6,22,2,18,10,7,19,5],[10,2,22,18,6,14,5,17],[14,22,18,6,10,2,19,5,7],[2,6,14,18,22,10,19,5,17,7],[2,10,14,6,18,22,19,7,5],[18,2,10,14,22,6,17],[18,10,22,14,2,6,5,19,7],[14,22,2,6,18,10,17],[18,22,14,10,2,6,19,5,17,7],[6,10,22,14,18,2,17],[2,14,18,6,22,10,5,17],[10,18,2,22,14,6,19,7,5],[18,10,2,6,14,22,5,19,7],[6,22,14,10,18,2,17],[2,14,22,10,6,18,19,7,5],[6,18,2,14,22,10,5,19,17,7],[10,6,18,14,22,2,19,7,17,5],[2,6,18,22,10,14,17],[10,2,14,6,22,18,19,5,7],[22,10,18,14,2,6,17],[22,18,10,14,2,6,7,17,19,5],[22,14,18,10,2,6,19,5,7],[22,2,10,14,6,18,5,19,17,7],[14,2,6,18,22,10,5,19,17,7],[10,2,14,18,22,6,17],[18,2,14,6,22,10,7,19,17,5],[2,10,22,14,6,18,5,19,17,7],[2,14,22,18,10,6,19,7,17,5],[18,6,22,14,2,10,19,7,5],[6,18,2,14,22,10,7,19,17,5],[2,18,10,14,6,22,7,19,5],[18,10,2,22,6,14,19,7,5],[14,22,6,2,10,18,5,19,7],[18,14,10,6,22,2,5,19,7],[22,2,14,18,10,6,17],[22,2,14,18,6,10,5,19,7],[22,18,10,2,14,6,5,19,7],[10,2,18,6,22,14,17],[6,10,22,14,18,2,7,19,17,5],[18,10,2,14,22,6,7,19,17,5],[2,14,22,6,10,18,5,17],[10,2,18,22,14,6,19,7,5],[10,14,2,22,6,18,17],[18,2,22,10,6,14,19,7,17,5],[6,2,10,22,18,14,17],[14,22,2,10,18,6,7,17,5,19],[14,22,6,2,10,18,17],[22,10,2,18,6,14,19,7,17,5],[22,6,14,10,18,2,7,19,5],[22,18,14,10,6,2,19,7,5],[18,6,22,2,10,14,19,5,17,7],[14,18,2,10,6,22,7,17,5,19],[2,10,14,18,22,6,7,17,19,5],[18,6,2,22,14,10,17],[22,10,6,14,2,18,5,19,7],[2,6,22,18,14,10,5,17],[14,18,10,2,22,6,17],[18,2,6,10,14,22,17],[18,22,2,6,14,10,17],[14,18,2,10,22,6,17],[6,10,2,14,18,22,7,19,17,5],[14,2,18,10,6,22,19,7,5],[2,14,6,22,10,18,7,17,19,5],[10,6,22,2,14,18,19,5,7],[6,10,2,14,22,18,19,5,7],[22,2,6,14,10,18,7,17,5,19],[18,22,14,10,2,6,7,19,5],[14,2,22,6,18,10,17],[22,6,10,18,14,2,17],[2,14,18,10,22,6,19,7,5],[22,10,18,6,2,14,19,7,5],[18,6,2,14,10,22,19,5,7],[14,6,10,22,18,2,17],[18,2,6,22,10,14,19,5,17,7],[18,2,10,6,14,22,7,17,5,19],[2,14,22,10,6,18,7,17,5,19],[6,10,18,2,14,22,17],[10,18,6,14,22,2,5,19,17,7],[18,2,10,22,14,6,17],[14,6,22,10,18,2,17],[6,2,18,10,14,22,19,5,17,7],[2,14,18,10,22,6,17],[2,18,14,22,10,6,7,17,19,5],[10,6,22,18,2,14,7,17,5,19],[6,10,22,18,2,14,17],[6,14,10,22,2,18,5,17],[2,22,10,6,14,18,19,7,17,5],[18,22,2,6,14,10,7,19,5],[18,14,22,6,10,2,17],[10,2,14,22,18,6,5,19,7],[22,10,6,14,18,2,5,17],[10,14,18,6,22,2,17],[6,22,18,10,2,14,5,19,17,7],[18,22,6,2,10,14,17],[14,10,22,2,18,6,17],[10,2,14,6,22,18,5,19,7],[6,14,10,18,2,22,17],[10,14,6,22,2,18,7,17,19,5],[14,10,22,6,2,18,17],[10,2,18,22,14,6,19,5,7],[22,10,14,6,18,2,7,19,5],[18,2,14,10,6,22,7,17,19,5],[10,6,14,2,22,18,5,19,17,7],[22,14,6,2,18,10,7,17,5,19],[10,6,18,22,2,14,19,5,17,7],[18,14,22,6,2,10,7,19,5],[14,6,2,10,18,22,17],[18,10,22,2,14,6,19,5,17,7],[6,2,18,10,22,14,17],[14,18,22,6,10,2,17],[14,10,18,22,6,2,7,17,19,5],[22,10,14,18,2,6,7,17,19,5],[22,10,18,14,2,6,7,17,19,5],[22,18,14,10,6,2,5,17],[10,14,18,22,6,2,17],[10,14,22,6,2,18,19,5,7],[6,14,2,10,22,18,5,19,17,7],[14,22,18,6,10,2,5,17],[14,2,22,6,10,18,19,7,5],[18,14,10,22,2,6,17],[2,18,14,22,6,10,7,17,5,19],[6,18,14,22,2,10,7,17,5,19],[18,2,22,10,14,6,19,7,17,5],[6,10,18,2,22,14,19,5,17,7],[18,14,22,2,6,10,19,7,17,5],[10,14,18,2,6,22,5,19,17,7],[6,18,14,10,22,2,7,19,5],[2,22,6,18,14,10,7,17,5,19],[2,18,6,14,10,22,5,17],[22,18,2,14,6,10,19,5,17,7],[6,18,10,14,22,2,7,17,5,19],[6,14,22,2,10,18,19,5,7],[14,6,10,22,18,2,19,7,5],[10,6,18,14,22,2,7,17,5,19],[2,22,14,6,18,10,19,7,17,5],[6,22,14,18,10,2,7,17,5,19],[6,14,2,10,22,18,7,17,19,5],[2,22,14,18,10,6,19,5,7],[22,2,6,18,14,10,7,19,5],[18,14,22,10,6,2,17],[22,18,6,2,10,14,19,5,7],[10,6,14,2,18,22,5,17],[2,14,10,18,6,22,7,17,19,5],[6,18,22,2,10,14,17],[22,10,6,14,2,18,19,7,17,5],[10,18,2,22,6,14,7,19,5],[10,2,22,6,18,14,5,17],[18,2,6,14,22,10,5,19,7],[18,6,14,22,2,10,19,7,17,5],[10,6,18,2,14,22,17],[2,10,22,18,6,14,17],[18,10,22,14,6,2,17],[2,6,22,18,14,10,5,19,7],[10,14,22,6,2,18,7,19,5],[10,22,14,2,18,6,7,19,5],[2,10,6,18,22,14,7,19,17,5],[10,2,18,22,14,6,7,17,19,5],[18,10,22,14,2,6,17],[2,22,18,6,14,10,7,19,5],[22,10,18,2,6,14,17],[22,6,18,14,10,2,7,19,5],[22,18,6,2,10,14,5,19,7],[2,14,22,6,18,10,19,5,17,7],[14,2,6,10,22,18,7,17,19,5],[22,6,10,14,18,2,19,7,17,5],[14,22,6,2,18,10,19,7,5],[2,14,10,6,22,18,19,7,5],[6,14,10,18,2,22,19,5,17,7],[10,18,2,22,14,6,7,17,19,5]],"n_human":7}