{"problem_id":"Sav71QoGqLuGJDo","sigma":150,"alpha":1.000,"cost":0,"probabilities":"[0.56, 0.29, 0.12, 0.03]","payoff_matrix":"[[191, -7, -35, 131, 268, -300], [111, -64, -74, 180, -341, 0], [106, -39, 87, 202, -159, 188], [-18, 67, -42, -122, -257, -56]]","uncovered":[[13,5,21,1,14,2,15,3,17,18,9],[1,13,14,2,3,5,17,18,21,9],[21,1,17,2,18,13,5,9,14,3],[17,13,9,21,5,1,2,18,14,3],[21,1,13,2,9,5,17,18,14,3],[5,13,21,1,14,2,3,9,17,18],[21,17,13,9,1,2,18,5,14,15,3],[5,21,9,13,1,14,2,15,3,17,18],[21,1,9,5,13,2,17,18,14,3],[9,1,17,18,13,2,21,5,14,15,3],[21,9,17,1,2,18,13,5,14,3],[17,5,13,21,1,2,18,9,14,15,3],[21,5,13,1,14,2,3,17,18,9],[1,21,13,14,2,15,3,17,18,9,5],[13,21,17,1,2,18,5,9,14,15,3],[13,17,5,1,18,14,2,3,9,21],[9,5,1,17,18,13,14,2,3,21],[17,1,2,18,21,5,9,13,14,3],[17,9,1,2,18,21,5,13,14,3],[13,9,21,17,5,1,2,18,14,15,3],[13,21,17,9,5,1,2,18,14,15,3],[13,21,1,14,2,15,3,9,17,18,5],[9,1,21,13,2,17,18,5,14,15,3],[13,17,5,9,1,18,2,21,14,15,3],[1,5,13,14,2,3,9,17,18,21],[5,21,13,9,1,2,17,18],[5,17,9,13,21,1,2,18,14,15,3],[21,1,9,17,18,5,13,2,14,15,3],[1,5,21,17,2,18,13,9,14,3],[17,9,1,18,5,13,14,2,15,3,21],[13,17,9,5,21,1,2,18,14,3],[17,1,2,18,13,21,5,9,14,15,3],[17,9,1,2,18,13,21,5,14,15,3],[21,9,5,1,13,2,17,18,14,15,3],[21,5,17,13,1,2,18,9,14,3],[9,13,21,17,5,1,18,14,2,15,3],[17,1,2,18,13,21,5,9,14,3],[21,9,5,1,13,14,2,15,3,17,18],[17,5,21,1,18,9,13,14,2,15,3],[1,9,13,2,21,17,18,5,14,15,3],[1,13,14,2,3,17,18,9,21,5],[1,21,17,18,9,13,14,2,15,3,5],[9,1,21,13,2,17,18,5,14,3],[9,1,21,17,18,5,13,14,2,3],[5,9,17,1,18,13,14,2,3,21],[9,1,5,13,14,2,15,3,17,18,21],[9,17,13,1,18,14,2,3,21,5],[21,1,9,5,13,14,2,15,3,17,18],[9,5,17,21,1,2,18,13,14,15,3],[1,17,18,5,13,2,21,9,14,3],[21,5,9,17,1,2,18,13,14,3],[13,5,1,2,9,17,18,21,14,15,3],[1,13,14,2,3,17,18,21,5,9],[17,13,9,21,1,18,14,2,15,3,5],[21,13,9,1,2,17,18,5,14,3],[17,1,2,18,5,9,13,21,14,15,3],[21,17,13,5,1,18,14,2,15,3,9],[21,17,5,13,1,2,18,9,14,3],[13,5,1,14,2,3,9,17,18,21],[1,17,18,21,5,9,13,2,14,3],[1,9,5,21,17,18,13,14,2,15,3],[17,9,5,1,2,18,13,21,14,15,3],[13,1,2,21,9,5,17,18,14,15,3],[13,21,5,1,2,9,17,18,14,3],[17,9,5,1,18,21,13,14,2,3],[13,17,1,18,14,2,15,3,21,9,5],[21,5,1,17,2,18,13,9,14,15,3],[9,17,5,21,13,1,2,18,14,3],[5,1,13,14,2,3,21,17,18,9],[21,13,5,9,17,1,18,2,14,15,3],[1,9,17,2,18,21,5,13,14,15,3],[21,13,1,2,17,18,9,5,14,15,3],[13,21,9,1,14,2,3,17,18,5],[17,9,13,1,2,18,5,21,14,3],[5,9,1,13,14,2,15,3,17,18,21],[5,17,9,21,1,18,13,14,2,15,3],[21,5,13,1,2,9,17,18,14,15,3],[21,1,13,2,17,18,5,9,14,3],[5,21,17,13,1,2,18,9,14,3],[21,1,13,2,5,17,18,9,14,3],[21,9,1,13,14,2,15,3,5,17,18],[5,9,1,13,2,17,18,21,14,3],[17,21,1,18,5,13,14,2,3,9],[5,13,17,9,21,1,2,18,14,15,3],[17,9,1,2,18,13,21,5,14,15,3],[21,1,13,14,2,15,3,5,17,18,9],[5,21,9,17,13,1,18,14,2,15,3],[13,17,9,5,1,2,18,21,14,3],[13,17,9,1,18,14,2,3,5,21],[17,13,5,1,18,14,2,3,9,21],[5,13,21,17,9,1,2,18,14,15,3],[9,5,13,17,21,1,18,14,2,15,3],[21,17,1,2,18,9,13,5,14,15,3],[1,5,17,2,18,13,21,9,14,15,3],[9,17,1,2,18,5,13,21,14,15,3],[21,17,13,5,9,1,18,14,2,15,3],[1,21,17,2,18,5,13,9,14,3],[17,9,13,5,1,18,2,21,14,15,3],[5,17,1,2,18,9,21,13,14,15,3],[21,1,5,17,18,13,2,9,14,15,3],[17,1,2,18,5,13,21,9,14,15,3],[5,13,21,1,2,17,18,9,14,15,3],[9,5,21,1,17,2,18,13,14,15,3],[17,9,5,13,1,2,18,21,14,3],[13,21,9,17,5,1,18,14,2,3],[13,1,2,17,18,21,5,9,14,15,3],[13,1,2,5,21,17,18,9,14,15,3],[9,13,21,17,1,18,14,2,3,5],[17,1,2,18,13,5,21,9,14,15,3],[9,13,5,17,1,2,18,21,14,3],[13,9,17,1,18,14,2,3,21,5],[13,1,2,5,9,21,17,18,14,3],[21,1,9,17,2,18,5,13],[1,21,9,13,14,2,3,17,18,5],[17,13,1,18,2,21,5,9,14,3],[21,5,17,1,18,9,13,14,2,15,3],[17,9,1,18,13,14,2,15,3,21,5],[13,1,2,17,18,9,21,5,14,3],[5,13,9,1,14,2,15,3,17,18,21],[9,17,1,18,21,5,13,14,2,3],[13,5,17,9,21,1,18,2,14,15,3],[13,1,2,21,5,9,17,18,14,3],[1,21,5,13,14,2,3,17,18,9],[21,13,1,14,2,3,5,17,18,9],[1,17,18,21,13,2,9,5,14,15,3],[21,5,13,9,1,2,17,18,14,3],[5,13,21,17,1,2,18,9,14,15,3],[21,5,17,1,2,18,9,13,14,15,3],[9,21,13,5,1,2,17,18,14,3],[13,17,21,5,9,1,2,18,14,15,3],[21,17,1,2,18,13,9,5,14,15,3],[5,21,9,17,1,2,18,13,14,3],[17,13,5,1,2,18,21,9,14,15,3],[21,9,1,5,17,2,18,13,14,15,3],[5,21,9,1,13,2,17,18,14,3],[5,13,9,21,17,1,2,18,14,15,3],[5,13,9,21,17,1,2,18,14,15,3],[13,9,1,2,5,21,17,18,14,3],[17,9,21,5,13,1,2,18,14,3],[1,5,13,2,21,9,17,18,14,15,3],[1,21,13,2,9,17,18,5,14,3],[5,9,21,17,13,1,2,18,14,3],[17,13,21,5,1,18,2,9,14,15,3],[21,9,17,5,1,2,18,13,14,3],[5,17,21,9,1,18,13,14,2,3],[9,13,21,1,2,5,17,18,14,15,3],[21,9,13,1,2,5,17,18,14,15,3],[21,9,1,5,13,14,2,3,17,18],[13,17,21,1,2,18,5,9,14,3],[9,13,5,17,21,1,2,18,14,3],[21,17,5,1,2,18,13,9,14,3],[17,9,5,21,13,1,2,18,14,3],[17,13,1,2,18,5,21,9,14,3],[1,17,18,5,21,9,13,14,2,3],[21,1,5,13,14,2,15,3,9,17,18],[9,17,1,2,18,13,5,21,14,3],[9,5,21,13,1,2,17,18,14,15,3],[5,9,13,21,1,14,2,3,17,18],[1,21,13,14,2,3,5,17,18,9],[21,9,13,17,1,18,14,2,15,3,5],[5,17,1,18,21,9,13,2,14,3],[13,9,1,2,17,18,5,21,14,3],[5,13,21,1,2,9,17,18,14,3],[13,21,5,1,14,2,15,3,9,17,18],[5,21,13,9,1,14,2,15,3,17,18],[1,9,13,14,2,3,17,18,21,5],[17,21,13,9,1,18,14,2,15,3,5],[1,17,2,18,9,21,13,5,14,15,3],[5,1,21,13,2,9,17,18,14,3],[17,13,9,21,1,18,14,2,15,3,5],[17,13,9,5,1,18,2,21,14,15,3],[9,13,5,21,1,2,17,18,14,15,3],[5,17,13,9,21,1,2,18,14,3],[17,9,5,21,13,1,2,18,14,3],[1,5,21,17,18,9,13,14,2,3],[13,21,9,17,5,1,18,2,14,3],[5,1,17,18,21,13,14,2,15,3,9],[21,9,5,13,1,2,17,18,14,3],[1,17,2,18,21,9,5,13,14,15,3],[13,21,9,5,17,1,18,2,14,3],[1,13,2,5,9,21,17,18],[9,17,13,1,2,18,5,21,14,15,3],[13,5,17,1,2,18,21,9,14,3],[13,5,9,17,21,1,18,14,2,15,3],[5,13,21,1,14,2,3,9,17,18],[17,21,5,1,18,13,2,9,14,15,3],[5,21,13,17,9,1,18,2,14,3],[9,21,13,17,1,2,18,5,14,3],[17,13,5,21,1,18,14,2,3,9],[9,5,13,1,2,21,17,18,14,3],[21,9,5,1,17,18,13,14,2,15,3],[1,5,9,17,2,18,21,13,14,3],[1,13,14,2,3,21,17,18,5,9],[13,21,9,1,2,17,18,5,14,15,3],[1,13,14,2,15,3,17,18,5,21,9],[5,13,17,1,2,18,9,21,14,3],[17,9,13,21,5,1,2,18],[9,1,17,18,5,21,13,14,2,15,3],[13,1,2,9,5,21,17,18,14,15,3],[21,13,9,1,2,17,18,5,14,3],[17,21,5,1,2,18,9,13,14,15,3],[13,1,2,17,18,21,9,5,14,15,3],[5,9,21,13,17,1,2,18,14,15,3],[1,21,13,2,17,18,5,9,14,15,3],[9,17,1,2,18,5,13,21,14,3],[1,21,9,13,2,17,18,5,14,15,3],[13,1,2,9,5,21,17,18,14,3],[13,9,21,1,2,5,17,18,14,3],[9,21,5,13,1,2,17,18,14,15,3],[17,1,2,18,13,21,5,9,14,15,3],[9,21,1,17,18,13,14,2,3,5],[17,1,18,9,5,21,13,14,2,15,3],[17,9,13,5,21,1,2,18,14,15,3],[1,9,21,13,14,2,3,17,18,5],[17,9,1,18,13,2,21,5,14,3],[1,9,21,17,2,18,5,13,14,3],[17,13,9,5,1,2,18,21,14,15,3],[5,13,9,17,21,1,18,14,2,3],[1,13,2,17,18,9,21,5,14,3],[13,1,2,17,18,5,9,21,14,15,3],[21,1,9,13,14,2,3,5,17,18],[17,21,5,1,2,18,9,13,14,15,3],[1,17,2,18,5,9,21,13,14,3],[9,1,13,2,5,17,18,21,14,15,3],[5,17,13,9,21,1,2,18,14,3],[1,17,18,21,9,13,2,5,14,15,3],[17,13,9,21,1,18,14,2,15,3,5],[13,21,1,2,17,18,5,9,14,15,3],[9,5,21,13,17,1,18,2,14,3],[9,1,17,18,21,13,2,5,14,15,3],[17,1,2,18,5,13,21,9,14,3],[1,21,9,17,2,18,5,13,14,15,3],[17,1,18,13,14,2,3,21,9,5],[21,1,9,5,17,18,13,2,14,3],[17,13,21,9,1,18,2,5,14,15,3],[21,9,5,17,13,1,2,18,14,3],[17,9,1,2,18,5,13,21,14,15,3],[13,21,17,5,1,2,18,9,14,3],[17,21,5,1,18,9,13,14,2,15,3],[1,21,13,14,2,3,9,17,18,5],[9,17,13,1,18,14,2,3,21,5],[17,1,2,18,5,13,9,21,14,15,3],[1,13,14,2,3,21,17,18,5,9],[5,21,9,17,1,18,13,2,14,3],[9,21,17,5,1,18,13,2,14,15,3],[1,9,21,5,17,18,13,2,14,15,3],[17,5,1,18,21,13,2,9,14,3],[13,17,5,9,21,1,2,18,14,15,3],[21,17,13,9,5,1,2,18,14,3],[9,5,21,1,13,2,17,18,14,15,3],[9,1,13,2,5,21,17,18,14,15,3],[1,17,18,5,21,9,13,14,2,15,3],[13,5,21,1,2,9,17,18,14,3],[5,1,21,17,18,13,14,2,15,3,9],[13,21,1,2,5,9,17,18,14,3],[17,1,2,18,5,9,13,21,14,3],[5,9,13,21,17,1,18,2,14,3],[17,5,9,21,13,1,2,18,14,15,3],[5,1,9,13,2,21,17,18,14,3],[21,17,13,5,9,1,18,2,14,3],[13,9,21,5,1,14,2,3,17,18],[9,1,21,5,17,18,13,2,14,3],[1,17,18,9,21,5,13,2,14,15,3],[1,13,2,5,17,18,9,21,14,3],[21,9,13,1,2,5,17,18,14,15,3],[5,17,21,9,1,18,13,2,14,15,3],[5,1,13,2,17,18,21,9,14,15,3],[17,1,18,9,21,13,2,5,14,3],[13,21,17,5,9,1,2,18,14,15,3],[13,21,5,17,1,2,18,9,14,3],[17,13,9,1,2,18,21,5,14,3],[9,21,13,17,1,2,18,5,14,15,3],[13,9,5,17,1,2,18,21,14,3],[5,13,1,2,21,9,17,18,14,3],[5,17,13,9,1,18,2,21,14,3],[1,21,9,5,17,18,13,2,14,3],[1,5,17,2,18,13,9,21,14,3],[9,5,13,17,21,1,18,2,14,15,3],[13,5,17,21,1,18,14,2,3,9],[13,5,1,14,2,3,9,17,18,21],[21,13,17,5,1,18,14,2,15,3,9],[5,21,9,13,17,1,2,18,14,3],[5,1,17,18,13,2,21,9,14,15,3],[9,5,21,13,17,1,2,18,14,15,3],[5,1,9,17,2,18,21,13,14,3],[13,9,1,14,2,3,5,17,18,21],[13,5,1,2,21,17,18,9,14,3],[1,17,2,18,13,9,5,21,14,15,3],[13,5,21,1,14,2,15,3,9,17,18],[17,13,21,9,5,1,2,18,14,3],[21,1,9,13,14,2,3,5,17,18],[9,5,17,13,21,1,2,18,14,3],[21,13,17,1,18,14,2,3,5,9],[17,5,13,1,2,18,21,9,14,3],[13,17,9,21,5,1,2,18,14,3],[21,1,5,17,18,13,2,9,14,3],[9,5,21,1,13,2,17,18,14,15,3],[21,9,5,1,13,14,2,3,17,18],[5,1,9,13,14,2,3,21,17,18],[13,9,21,17,5,1,2,18,14,15,3],[1,17,2,18,9,21,5,13,14,3],[5,21,17,9,1,2,18,13,14,15,3],[21,1,9,5,17,2,18,13,14,15,3],[21,17,13,5,1,2,18,9,14,15,3],[1,5,17,18,21,13,14,2,3,9],[5,1,13,14,2,3,21,17,18,9],[13,21,17,5,9,1,18,2,14,15,3],[9,21,13,1,2,5,17,18,14,3],[9,13,5,21,17,1,18,14,2,3],[9,1,5,21,13,14,2,15,3,17,18],[17,21,13,5,1,18,14,2,15,3,9],[21,13,17,9,5,1,18,14,2,15,3],[9,21,1,17,18,13,14,2,15,3,5],[9,17,1,18,21,5,13,2,14,15,3],[9,17,13,1,18,2,21,5,14,15,3],[21,13,9,17,1,18,14,2,15,3,5],[21,9,1,17,2,18,13,5],[13,5,9,21,1,14,2,15,3,17,18],[13,1,2,5,9,17,18,21,14,3],[5,13,21,17,9,1,18,2,14,15,3],[5,1,21,13,14,2,15,3,9,17,18],[13,21,17,1,2,18,5,9,14,15,3],[1,5,9,17,18,13,2,21,14,3],[21,17,9,5,1,2,18,13,14,3],[9,21,1,5,13,14,2,3,17,18],[21,1,5,17,2,18,13,9,14,15,3],[13,17,1,2,18,21,5,9,14,15,3],[5,17,1,2,18,21,13,9,14,15,3],[21,1,17,18,9,5,13,14,2,3],[17,1,18,13,2,21,5,9,14,15,3],[9,1,5,13,2,21,17,18,14,15,3],[17,13,21,9,1,18,2,5,14,15,3],[1,9,13,14,2,15,3,21,17,18,5],[5,9,17,21,13,1,18,2,14,3],[13,9,17,1,18,14,2,3,5,21],[21,17,5,13,1,18,14,2,3,9],[21,13,9,5,17,1,2,18,14,3],[5,9,17,21,1,2,18,13,14,3],[21,9,17,5,1,2,18,13],[17,21,5,1,2,18,9,13,14,15,3],[9,17,21,1,18,5,13,2,14,15,3],[9,21,1,17,2,18,13,5,14,3],[9,17,5,21,1,2,18,13,14,3],[13,17,9,5,21,1,18,14,2,15,3],[1,17,2,18,5,13,9,21,14,3],[1,17,18,9,5,13,14,2,3,21],[17,5,21,9,13,1,2,18,14,3],[17,9,21,5,13,1,18,2,14,3],[13,17,21,1,18,14,2,3,5,9],[1,17,18,9,13,14,2,3,21,5],[1,5,21,17,2,18,13,9,14,3],[17,13,21,9,1,2,18,5],[17,5,9,1,18,21,13,2,14,3],[21,1,9,13,2,5,17,18,14,15,3],[5,21,9,17,13,1,18,2,14,15,3],[1,13,2,17,18,9,21,5,14,15,3],[1,17,18,5,13,14,2,3,9,21],[9,1,13,2,21,5,17,18,14,3],[1,5,21,17,18,13,2,9,14,15,3],[5,9,13,17,1,2,18,21,14,3],[13,1,14,2,3,17,18,21,9,5],[9,13,5,1,14,2,3,21,17,18],[1,21,17,18,5,9,13,2,14,15,3],[13,21,17,9,1,18,2,5,14,15,3],[13,21,5,9,17,1,2,18,14,15,3],[9,21,5,1,17,18,13,2,14,15,3],[9,13,17,1,18,2,5,21,14,3],[1,9,5,13,14,2,15,3,21,17,18],[5,21,1,9,13,14,2,3,17,18],[5,1,21,9,17,18,13,14,2,15,3],[13,9,1,2,5,17,18,21,14,3],[9,1,21,17,2,18,13,5,14,3],[1,17,2,18,13,9,21,5,14,3],[13,21,1,14,2,3,5,9,17,18],[21,9,5,13,17,1,18,2,14,3],[1,17,2,18,5,21,9,13,14,15,3],[17,9,21,1,18,5,13,14,2,3],[1,21,17,18,9,5,13,2],[17,5,21,13,1,18,14,2,3,9],[13,17,21,9,5,1,18,2,14,15,3],[5,1,21,9,17,18,13,14,2,3],[9,17,1,18,13,14,2,3,21,5],[1,17,2,18,21,13,9,5,14,15,3],[13,1,14,2,15,3,9,5,17,18,21],[13,21,1,14,2,15,3,17,18,5,9],[1,5,21,13,14,2,3,17,18,9],[13,17,21,9,1,18,2,5,14,15,3],[9,17,21,1,2,18,5,13,14,15,3],[13,5,9,17,1,18,2,21,14,15,3],[17,9,5,13,21,1,2,18,14,3],[9,5,1,17,2,18,21,13,14,3],[1,21,13,2,5,9,17,18,14,15,3],[1,5,9,21,13,14,2,3,17,18],[9,5,13,17,1,2,18,21,14,3],[21,17,5,13,9,1,2,18,14,15,3],[13,21,5,9,1,2,17,18,14,3],[1,13,2,9,21,5,17,18,14,3],[5,17,1,2,18,13,9,21,14,3],[13,1,2,5,17,18,9,21,14,15,3],[9,21,1,17,2,18,5,13,14,3],[5,13,17,9,21,1,2,18,14,15,3],[17,1,2,18,9,21,5,13],[5,9,1,17,2,18,21,13,14,3],[1,9,21,5,13,14,2,15,3,17,18],[17,5,1,18,21,9,13,14,2,3],[13,9,21,17,5,1,18,2,14,15,3],[21,13,5,1,14,2,15,3,9,17,18],[9,5,21,1,17,2,18,13,14,3],[17,21,1,18,13,14,2,3,9,5],[21,5,17,13,1,18,14,2,3,9],[1,17,2,18,13,21,5,9,14,15,3],[1,9,13,14,2,3,5,21,17,18],[17,1,18,5,21,9,13,2,14,3],[13,17,5,1,2,18,9,21,14,15,3],[13,17,9,1,18,2,5,21,14,3],[9,1,21,13,14,2,15,3,17,18,5],[5,9,13,21,1,14,2,15,3,17,18],[17,21,9,13,1,2,18,5,14,3],[9,1,5,17,18,21,13,14,2,15,3],[13,1,14,2,3,5,9,17,18,21],[21,5,1,13,2,9,17,18,14,3],[1,5,21,13,2,17,18,9,14,3],[21,1,13,2,17,18,5,9,14,3],[21,9,5,17,13,1,18,14,2,15,3],[9,1,13,2,21,5,17,18,14,3],[21,17,5,13,1,2,18,9,14,15,3],[21,5,13,9,17,1,18,14,2,3],[9,17,13,21,5,1,18,2,14,15,3],[9,5,21,17,1,2,18,13,14,3],[1,13,14,2,3,21,17,18,5,9],[9,17,13,5,1,18,14,2,15,3,21],[9,21,13,5,1,2,17,18],[5,9,21,17,13,1,18,2,14,3],[21,1,9,17,2,18,5,13,14,15,3],[5,21,13,17,1,2,18,9,14,15,3],[5,21,17,1,2,18,13,9,14,15,3],[17,21,13,9,1,18,2,5,14,15,3],[13,5,21,17,1,2,18,9,14,15,3],[21,17,5,13,1,18,14,2,15,3,9],[9,21,17,5,13,1,2,18,14,15,3],[21,17,1,18,5,9,13,2,14,15,3],[9,17,13,5,1,18,14,2,3,21],[21,5,1,9,13,2,17,18,14,15,3],[21,9,17,1,2,18,5,13,14,15,3],[9,1,17,2,18,5,21,13,14,3],[5,21,17,1,18,9,13,2,14,15,3],[21,1,13,2,17,18,9,5,14,15,3],[1,9,5,17,2,18,13,21,14,15,3],[13,21,1,14,2,15,3,9,5,17,18],[5,21,9,17,1,2,18,13,14,3],[13,9,21,17,1,18,2,5,14,15,3],[1,9,5,17,18,13,14,2,15,3,21],[17,5,13,9,1,2,18,21,14,3],[9,1,21,13,2,5,17,18,14,15,3],[17,13,5,1,18,2,9,21,14,15,3],[17,5,13,9,1,18,2,21,14,3],[1,5,9,13,14,2,3,21,17,18],[9,17,5,1,2,18,13,21,14,3],[13,9,1,14,2,15,3,17,18,21,5],[5,17,13,21,1,2,18,9,14,3],[17,9,21,13,1,2,18,5,14,15,3],[21,13,17,1,18,14,2,3,9,5],[21,5,17,9,13,1,18,2,14,15,3],[21,1,13,14,2,15,3,9,5,17,18],[1,13,2,21,17,18,9,5,14,15,3],[17,21,1,2,18,13,9,5,14,3],[5,13,21,17,1,2,18,9,14,3],[17,1,2,18,13,9,21,5,14,15,3],[21,17,5,1,2,18,13,9,14,15,3],[17,9,21,1,2,18,13,5,14,15,3],[5,1,21,13,2,9,17,18,14,15,3],[21,17,13,5,9,1,2,18,14,3],[5,9,21,17,13,1,2,18,14,3],[1,21,9,13,14,2,3,5,17,18],[17,21,1,2,18,13,9,5,14,3],[5,13,17,9,21,1,2,18,14,3],[1,13,14,2,3,21,5,9,17,18],[21,9,1,5,13,14,2,3,17,18],[17,21,5,9,13,1,2,18,14,15,3],[17,13,21,5,9,1,2,18,14,15,3],[21,17,1,2,18,9,5,13,14,3],[17,13,1,2,18,9,5,21,14,15,3],[13,17,5,1,2,18,21,9,14,15,3],[13,21,17,9,5,1,2,18,14,15,3],[21,1,17,2,18,9,5,13,14,3],[17,13,5,21,9,1,18,14,2,15,3],[21,13,5,17,1,18,2,9,14,3],[13,1,14,2,15,3,17,18,5,9,21],[5,9,21,13,1,2,17,18,14,3],[21,17,5,1,2,18,9,13,14,15,3],[1,21,5,9,17,18,13,2,14,15,3],[17,21,5,13,1,18,2,9,14,3],[5,9,17,1,18,21,13,14,2,15,3],[1,17,18,13,14,2,15,3,21,5,9],[17,9,5,21,13,1,18,2,14,3],[13,17,5,9,21,1,2,18,14,15,3],[5,1,21,9,13,2,17,18,14,3],[21,17,5,13,1,18,14,2,3,9],[17,21,1,2,18,9,5,13,14,15,3],[1,21,5,13,2,9,17,18,14,15,3],[17,13,21,1,18,2,9,5,14,15,3],[1,5,9,13,14,2,15,3,17,18,21],[5,17,13,1,18,2,21,9,14,3],[13,5,9,17,1,2,18,21,14,15,3],[17,13,1,2,18,5,21,9,14,3],[1,21,17,18,13,14,2,15,3,5,9],[5,9,13,17,1,18,2,21,14,15,3],[21,13,9,1,14,2,3,5,17,18],[9,13,17,1,18,2,5,21,14,3],[5,13,21,1,14,2,15,3,9,17,18],[5,1,21,17,2,18,9,13,14,3],[13,21,17,9,5,1,2,18,14,3],[21,17,1,2,18,9,13,5,14,3],[9,21,17,13,5,1,2,18,14,15,3],[5,13,21,17,9,1,18,14,2,15,3],[13,9,21,17,1,2,18,5,14,3],[1,13,14,2,3,5,21,17,18,9],[21,5,1,17,2,18,9,13,14,3],[13,5,21,9,1,14,2,3,17,18],[17,9,21,1,2,18,13,5,14,15,3],[13,5,21,9,17,1,2,18,14,15,3],[1,21,13,14,2,3,5,9,17,18],[21,13,17,1,2,18,9,5,14,3],[17,1,18,21,13,2,5,9,14,3],[21,9,5,13,17,1,2,18,14,15,3],[1,13,14,2,15,3,17,18,21,5,9],[17,5,13,9,21,1,18,2,14,3],[17,9,13,1,18,2,5,21,14,15,3],[17,13,21,9,1,18,2,5,14,15,3],[1,13,2,9,17,18,5,21,14,15,3],[13,17,5,1,18,14,2,15,3,9,21],[9,5,21,1,13,14,2,15,3,17,18],[17,1,2,18,9,13,21,5,14,3],[17,13,5,9,1,18,2,21,14,3],[17,9,21,5,13,1,18,14,2,15,3],[21,17,5,9,1,18,13,14,2,15,3],[9,5,13,17,21,1,2,18,14,3],[9,5,13,17,21,1,2,18,14,15,3],[9,5,17,21,1,18,13,2,14,15,3],[13,9,17,1,18,2,21,5,14,3],[17,13,5,1,2,18,21,9,14,3],[21,17,13,5,1,2,18,9,14,15,3],[17,5,13,1,2,18,9,21,14,15,3],[1,21,17,2,18,5,13,9,14,15,3],[17,9,1,2,18,5,13,21,14,3],[17,9,21,5,13,1,18,2,14,15,3],[21,5,9,1,13,2,17,18,14,15,3],[13,9,17,1,18,2,5,21,14,3],[1,5,21,17,18,13,14,2,3,9],[9,21,5,1,13,14,2,3,17,18],[21,9,5,13,17,1,18,2,14,3],[1,21,13,14,2,15,3,9,17,18,5],[13,21,9,5,1,2,17,18,14,3],[21,9,1,13,14,2,3,5,17,18],[13,9,21,17,1,18,2,5,14,15,3],[9,17,13,21,5,1,2,18,14,3],[9,13,1,2,5,21,17,18,14,15,3],[21,5,9,13,17,1,18,2,14,3],[21,13,9,5,17,1,2,18,14,15,3],[1,13,14,2,3,9,17,18,5,21],[5,1,21,17,18,13,14,2,3,9],[5,9,17,21,13,1,18,2,14,3],[13,1,2,17,18,5,9,21,14,3],[9,5,13,21,1,2,17,18,14,15,3],[9,1,13,2,21,17,18,5,14,15,3],[17,9,1,2,18,13,5,21,14,15,3],[9,21,17,1,18,5,13,14,2,3],[17,9,5,1,2,18,13,21,14,15,3],[21,9,13,1,14,2,15,3,17,18,5],[1,9,17,18,13,14,2,3,21,5],[1,5,17,18,21,9,13,2,14,3],[5,17,1,18,9,21,13,2,14,15,3],[13,9,1,14,2,15,3,5,17,18,21],[13,5,17,21,1,2,18,9,14,15,3],[13,17,1,18,2,5,21,9,14,3],[21,17,5,13,1,18,14,2,15,3,9],[13,9,1,14,2,3,21,5,17,18],[9,17,13,1,2,18,21,5,14,3],[13,21,5,17,1,2,18,9,14,3],[17,13,9,1,2,18,21,5,14,3],[1,13,2,9,17,18,5,21,14,3],[13,17,9,21,1,18,14,2,3,5],[21,13,17,5,9,1,18,14,2,3],[9,17,21,1,18,13,2,5,14,3],[21,13,9,5,17,1,18,2,14,15,3],[17,5,21,1,2,18,13,9,14,15,3],[13,21,1,14,2,15,3,9,17,18,5],[9,1,21,13,2,5,17,18,14,15,3],[21,13,5,1,2,9,17,18,14,3],[21,5,9,13,17,1,18,14,2,15,3],[13,21,9,17,1,18,2,5,14,15,3],[9,17,1,2,18,5,13,21,14,15,3],[9,17,21,1,2,18,5,13,14,3],[9,5,21,17,1,2,18,13,14,15,3],[1,9,21,17,18,5,13,2,14,3],[21,9,1,13,2,17,18,5,14,3],[5,17,1,18,13,14,2,15,3,9,21],[13,21,9,5,17,1,18,2,14,15,3],[21,13,9,5,1,14,2,3,17,18],[9,5,13,1,14,2,15,3,21,17,18],[17,9,21,13,1,18,14,2,3,5],[17,21,1,18,9,13,14,2,3,5],[1,21,17,2,18,5,9,13,14,3],[21,5,9,17,1,18,13,14,2,3],[1,9,21,17,2,18,5,13,14,3],[5,13,21,9,17,1,2,18,14,3],[17,13,1,18,14,2,15,3,21,9,5],[1,17,18,21,9,13,14,2,15,3,5],[5,1,17,18,13,14,2,3,9,21],[17,5,21,13,9,1,2,18,14,3],[21,5,1,17,18,9,13,2,14,15,3],[17,21,1,2,18,5,13,9,14,3],[9,1,5,13,2,17,18,21,14,15,3],[9,13,21,1,14,2,3,5,17,18],[1,21,9,17,2,18,5,13,14,15,3],[1,21,5,17,2,18,13,9,14,3],[17,13,1,2,18,21,9,5,14,3],[5,17,9,21,1,18,13,14,2,15,3],[5,9,13,17,21,1,18,14,2,3],[21,9,13,1,14,2,15,3,17,18,5],[9,1,5,21,17,18,13,14,2,3],[13,5,21,17,1,18,2,9,14,15,3],[21,9,1,13,14,2,3,17,18,5],[21,13,17,1,2,18,5,9,14,3],[9,5,13,17,1,18,2,21,14,3],[21,17,9,1,18,5,13,2,14,15,3],[1,9,13,2,17,18,5,21,14,3],[9,17,1,18,21,5,13,2,14,3],[17,1,2,18,21,9,5,13,14,3],[13,1,2,5,9,21,17,18,14,3],[13,1,14,2,15,3,5,9,17,18,21],[17,9,13,21,1,18,2,5,14,3],[5,13,17,9,21,1,18,14,2,3],[13,5,1,2,21,9,17,18,14,15,3],[21,17,13,1,18,2,5,9,14,15,3],[21,17,5,1,18,13,2,9,14,15,3],[17,9,21,5,1,2,18,13,14,15,3],[5,1,21,9,17,2,18,13,14,3],[17,21,1,18,5,9,13,14,2,3],[5,17,21,9,1,2,18,13,14,15,3],[1,17,2,18,13,21,5,9,14,3],[13,17,1,18,14,2,15,3,21,5,9],[9,5,13,17,1,18,2,21,14,15,3],[9,1,17,18,21,13,14,2,3,5],[5,13,9,17,21,1,18,14,2,15,3],[13,1,14,2,3,9,21,17,18,5],[13,5,1,14,2,3,17,18,21,9],[5,13,9,1,14,2,3,17,18,21],[13,17,9,21,5,1,18,2,14,15,3],[21,13,17,5,1,2,18,9,14,3],[17,21,13,1,2,18,9,5,14,3],[9,17,5,1,2,18,13,21,14,15,3],[9,1,5,21,17,2,18,13,14,3],[13,21,17,9,5,1,18,2,14,15,3],[13,17,21,5,1,2,18,9,14,3],[1,5,13,2,17,18,9,21,14,3],[9,21,5,1,13,14,2,15,3,17,18],[9,17,21,5,13,1,18,2,14,15,3],[1,21,17,2,18,13,9,5,14,15,3],[21,13,1,2,17,18,5,9,14,3],[17,5,13,1,2,18,21,9],[5,1,17,2,18,9,13,21,14,3],[21,17,1,2,18,9,13,5,14,15,3],[5,17,13,9,21,1,2,18,14,3],[9,1,17,18,5,13,14,2,15,3,21],[5,9,13,1,14,2,15,3,21,17,18],[21,13,17,9,5,1,2,18,14,15,3],[5,21,13,1,14,2,15,3,9,17,18],[9,13,5,1,2,17,18,21,14,3],[5,9,1,17,2,18,21,13,14,15,3],[9,21,17,5,1,2,18,13,14,15,3],[5,21,17,9,13,1,18,2,14,3],[21,1,5,13,2,17,18,9,14,3],[13,5,1,2,21,17,18,9,14,15,3],[5,1,21,17,18,9,13,14,2,15,3],[1,9,17,18,21,5,13,14,2,15,3],[17,1,18,21,5,13,2,9,14,15,3],[9,5,1,21,17,2,18,13,14,3],[9,13,1,2,5,21,17,18,14,15,3],[17,9,5,13,21,1,18,2,14,3],[5,21,9,13,17,1,18,2,14,3],[1,21,5,9,13,2,17,18,14,15,3],[9,21,13,1,2,17,18,5,14,3],[9,21,13,17,1,18,2,5,14,15,3],[9,1,17,2,18,5,13,21,14,15,3],[1,17,2,18,13,5,9,21,14,3],[13,17,5,1,2,18,9,21,14,15,3],[5,21,9,17,1,18,13,14,2,15,3],[13,9,17,1,2,18,21,5,14,3],[1,17,2,18,21,5,9,13,14,3],[1,5,17,2,18,13,9,21,14,15,3],[17,1,18,9,5,21,13,2,14,15,3],[13,21,9,5,17,1,2,18],[5,17,13,1,18,14,2,15,3,9,21],[13,17,1,2,18,5,21,9,14,15,3],[9,1,17,18,5,13,2,21],[17,9,13,5,21,1,18,2,14,15,3],[21,9,5,17,13,1,18,2,14,3],[9,13,17,5,1,18,2,21,14,15,3],[17,13,5,9,21,1,2,18,14,15,3],[17,1,2,18,13,5,9,21,14,3],[17,1,2,18,21,13,9,5,14,15,3],[5,21,13,1,2,17,18,9,14,15,3],[21,5,13,17,9,1,18,14,2,3],[5,9,13,21,17,1,2,18,14,3],[13,9,5,1,14,2,15,3,21,17,18],[1,21,17,18,9,13,2,5,14,15,3],[13,1,2,17,18,21,5,9,14,15,3],[13,1,14,2,15,3,21,9,5,17,18],[9,21,17,13,1,18,2,5],[13,17,1,18,2,5,21,9,14,15,3],[21,17,1,18,5,9,13,14,2,15,3],[5,21,1,13,14,2,3,9,17,18],[21,1,13,14,2,3,17,18,5,9],[1,9,13,2,5,21,17,18,14,3],[17,9,21,1,18,5,13,2,14,3],[1,21,5,17,2,18,9,13,14,3],[5,17,9,13,21,1,18,2,14,3],[21,5,1,17,18,13,14,2,15,3,9],[1,5,9,21,13,2,17,18,14,15,3],[1,13,14,2,15,3,21,9,5,17,18],[9,13,21,5,17,1,2,18,14,15,3],[1,9,21,13,14,2,3,17,18,5],[21,9,5,1,13,2,17,18,14,3],[1,21,9,17,2,18,5,13,14,3],[9,5,17,1,18,21,13,2,14,3],[21,5,9,17,1,2,18,13,14,3],[21,1,5,9,17,2,18,13,14,15,3],[1,9,21,17,2,18,5,13,14,3],[17,1,18,5,21,13,2,9,14,3],[21,13,9,5,17,1,2,18,14,15,3],[9,17,5,13,1,18,14,2,15,3,21],[9,13,17,1,2,18,5,21,14,3],[9,5,13,21,17,1,2,18,14,15,3],[1,21,9,5,17,18,13,2,14,15,3],[21,1,9,13,14,2,3,5,17,18],[21,9,13,5,1,14,2,3,17,18],[9,21,17,5,13,1,18,2,14,3],[17,21,1,2,18,13,5,9,14,15,3],[9,1,21,17,2,18,13,5,14,3],[5,1,13,14,2,15,3,21,17,18,9],[9,13,1,2,17,18,5,21,14,3],[17,1,2,18,13,5,9,21,14,15,3],[5,9,17,21,1,2,18,13,14,15,3],[9,13,17,21,5,1,2,18,14,3],[17,9,13,21,5,1,2,18,14,15,3],[13,1,2,21,9,17,18,5,14,3],[13,5,17,21,1,18,14,2,15,3,9],[9,17,1,18,13,14,2,3,21,5],[21,9,1,5,17,18,13,2,14,15,3],[1,21,13,2,17,18,9,5,14,3],[1,9,13,2,17,18,21,5,14,3],[1,5,9,17,2,18,21,13,14,15,3],[9,13,21,1,14,2,3,17,18,5],[5,13,17,9,21,1,2,18,14,3],[17,13,9,21,1,2,18,5,14,15,3],[13,5,9,17,1,18,2,21,14,3],[17,21,13,9,5,1,18,2,14,3],[5,21,9,17,1,18,13,14,2,15,3],[13,5,9,1,14,2,3,21,17,18],[21,17,1,2,18,13,5,9,14,3],[5,17,9,21,1,2,18,13,14,15,3],[1,9,21,13,14,2,15,3,5,17,18],[9,13,21,17,1,18,14,2,15,3,5],[5,13,1,2,21,9,17,18,14,15,3],[21,13,5,9,17,1,2,18,14,3],[9,13,5,17,21,1,2,18,14,3],[13,1,2,17,18,9,21,5,14,15,3],[5,13,1,2,21,9,17,18,14,3],[21,5,13,17,1,2,18,9,14,3],[5,1,17,2,18,13,9,21,14,15,3],[17,1,18,5,21,9,13,2,14,3],[13,5,21,9,17,1,18,14,2,15,3],[17,9,13,1,2,18,5,21,14,3],[1,9,13,14,2,3,21,17,18,5],[21,1,5,13,14,2,15,3,9,17,18],[21,13,5,17,9,1,2,18,14,15,3],[21,5,1,9,17,18,13,14,2,15,3],[5,9,17,13,21,1,2,18,14,15,3],[1,9,17,2,18,5,21,13,14,3],[21,17,9,13,1,18,14,2,15,3,5],[17,5,9,1,2,18,21,13,14,15,3],[17,21,5,9,1,2,18,13,14,3],[21,1,5,13,2,9,17,18,14,15,3],[13,17,9,1,2,18,5,21,14,15,3],[21,1,13,2,5,9,17,18,14,15,3],[21,13,5,9,1,2,17,18,14,3],[17,1,18,5,21,9,13,14,2,15,3],[17,5,21,1,2,18,9,13,14,3],[1,21,9,5,17,2,18,13,14,3],[9,1,5,17,18,13,14,2,15,3,21],[5,17,21,9,1,18,13,2,14,15,3],[17,21,1,2,18,9,13,5,14,3],[13,9,5,17,1,2,18,21,14,3],[9,21,17,13,5,1,18,14,2,15,3],[1,17,2,18,13,21,9,5,14,15,3],[13,9,1,2,21,17,18,5,14,15,3],[5,9,13,17,1,2,18,21,14,15,3],[17,5,9,1,18,21,13,14,2,3],[9,17,13,21,5,1,18,2,14,3],[13,17,5,1,18,14,2,15,3,9,21],[13,5,17,1,18,14,2,15,3,9,21],[9,5,21,13,1,2,17,18,14,15,3],[13,9,5,17,1,18,2,21,14,15,3],[17,13,1,2,18,21,5,9,14,15,3],[21,17,1,18,13,14,2,15,3,9,5],[13,1,2,9,5,17,18,21,14,15,3],[21,5,1,17,2,18,9,13,14,3],[13,1,2,21,17,18,9,5,14,3],[13,17,5,1,2,18,21,9,14,3],[21,13,9,17,5,1,18,2,14,15,3],[13,1,14,2,3,17,18,5,21,9],[13,1,14,2,3,5,9,21,17,18],[5,17,9,13,21,1,2,18,14,3],[21,13,9,5,17,1,18,14,2,15,3],[21,17,1,18,5,9,13,2,14,15,3],[5,1,9,17,18,21,13,14,2,15,3],[13,17,21,9,5,1,2,18,14,3],[21,17,13,9,5,1,2,18,14,15,3],[21,5,1,13,14,2,3,9,17,18],[13,5,1,14,2,3,21,9,17,18],[5,1,17,2,18,21,9,13,14,15,3],[13,9,1,2,17,18,5,21,14,3],[5,1,13,2,17,18,21,9,14,15,3],[1,13,2,5,17,18,21,9,14,3],[1,17,2,18,5,13,9,21,14,15,3],[9,13,17,1,2,18,21,5,14,15,3],[1,13,2,9,17,18,21,5,14,15,3],[1,17,2,18,5,13,9,21,14,3],[9,1,5,13,2,17,18,21,14,15,3],[1,5,13,14,2,3,17,18,21,9],[1,13,2,21,5,17,18,9,14,15,3],[17,5,21,13,9,1,2,18,14,15,3],[21,13,9,17,1,18,14,2,3,5],[17,21,5,1,18,13,2,9,14,15,3],[9,13,17,5,1,18,2,21,14,3],[13,21,5,1,2,9,17,18,14,15,3],[13,5,1,14,2,3,21,9,17,18],[21,13,9,1,2,17,18,5,14,15,3],[1,17,18,13,2,9,21,5,14,3],[21,9,17,1,18,13,14,2,15,3,5],[17,1,18,5,9,13,2,21,14,15,3],[5,1,13,14,2,15,3,17,18,9,21],[5,17,13,21,9,1,2,18,14,15,3],[9,17,1,18,21,5,13,2,14,3],[13,17,1,18,14,2,3,21,5,9],[17,9,1,2,18,5,21,13,14,15,3],[17,21,9,5,1,2,18,13,14,15,3],[13,21,5,9,17,1,2,18,14,15,3],[5,1,21,9,17,2,18,13,14,15,3],[17,9,5,13,1,2,18,21,14,15,3],[9,17,5,13,21,1,18,14,2,3],[13,21,1,2,5,17,18,9,14,3],[5,13,1,2,9,21,17,18,14,3],[9,1,21,13,2,5,17,18,14,3],[21,9,13,1,14,2,3,5,17,18],[1,17,18,5,21,9,13,2,14,3],[13,17,5,9,1,2,18,21,14,3],[1,21,13,14,2,15,3,9,17,18,5],[17,21,9,1,2,18,13,5,14,3],[21,5,13,17,1,2,18,9,14,15,3],[1,5,17,18,9,13,2,21,14,3],[13,1,14,2,15,3,9,17,18,5,21],[13,17,5,1,18,14,2,15,3,21,9],[9,5,13,1,2,17,18,21,14,3],[5,13,1,2,17,18,21,9,14,15,3],[1,21,5,9,17,2,18,13,14,3],[13,1,14,2,3,17,18,9,5,21],[9,13,21,5,1,14,2,3,17,18],[9,17,13,5,21,1,2,18,14,15,3],[17,9,1,2,18,13,21,5,14,3],[5,17,1,2,18,9,21,13,14,3],[13,9,1,14,2,15,3,5,21,17,18],[5,17,9,21,13,1,2,18,14,3],[17,13,9,1,2,18,21,5,14,3],[21,1,13,14,2,15,3,17,18,9,5],[13,21,17,9,1,2,18,5,14,15,3],[21,5,9,17,13,1,18,2,14,15,3],[13,9,5,1,14,2,3,21,17,18],[17,9,5,13,1,2,18,21,14,3],[21,9,5,17,1,2,18,13,14,15,3],[17,5,1,18,21,9,13,2,14,3],[1,9,13,2,5,21,17,18,14,15,3],[1,21,17,2,18,9,13,5,14,3],[5,21,17,9,13,1,2,18,14,3],[17,1,2,18,13,21,5,9,14,15,3],[13,21,9,1,2,5,17,18,14,3],[13,9,21,17,5,1,2,18,14,3],[21,13,1,2,5,9,17,18],[5,17,21,9,1,18,13,14,2,3],[1,21,5,13,14,2,3,17,18,9],[1,21,17,18,9,13,14,2,15,3,5],[13,5,17,9,21,1,2,18,14,15,3],[1,9,5,13,14,2,3,21,17,18],[5,9,1,21,13,2,17,18,14,3],[5,1,17,2,18,13,9,21,14,15,3],[5,17,21,1,18,13,2,9,14,3],[1,21,9,17,18,13,2,5,14,15,3],[17,13,9,5,21,1,18,2,14,3],[1,5,9,21,13,14,2,15,3,17,18],[13,1,2,21,17,18,5,9,14,3],[1,13,2,5,21,9,17,18,14,3],[13,17,5,1,2,18,9,21,14,15,3],[5,17,13,9,21,1,2,18,14,15,3],[1,13,2,17,18,5,21,9,14,3],[5,9,13,17,21,1,2,18,14,15,3],[9,17,13,21,1,18,2,5,14,15,3],[1,9,17,18,5,21,13,14,2,15,3],[21,17,1,18,5,9,13,14,2,3],[9,17,5,13,1,18,2,21],[5,13,9,21,17,1,2,18,14,3],[5,9,1,13,14,2,3,17,18,21],[5,17,13,9,21,1,18,14,2,15,3],[17,13,1,18,2,9,21,5,14,3],[5,17,13,21,1,2,18,9,14,3],[5,9,1,21,17,18,13,14,2,3],[5,13,1,14,2,15,3,9,17,18,21],[21,13,9,5,17,1,2,18,14,3],[17,5,21,1,2,18,13,9,14,15,3],[5,13,21,9,1,2,17,18,14,3],[5,1,9,13,2,21,17,18,14,15,3],[21,9,13,5,1,2,17,18,14,3],[17,13,21,1,2,18,9,5,14,3],[21,13,9,17,1,18,14,2,3,5],[17,5,21,9,13,1,2,18,14,15,3],[13,17,9,1,2,18,21,5,14,3],[1,9,5,17,18,13,2,21,14,3],[1,9,21,5,13,14,2,3,17,18],[21,13,9,5,17,1,18,14,2,3],[9,13,5,21,17,1,18,14,2,3],[5,13,21,9,17,1,18,2,14,15,3],[5,9,17,13,21,1,2,18,14,3],[5,21,9,1,13,2,17,18,14,15,3],[21,17,13,5,9,1,2,18,14,3],[1,9,13,14,2,3,5,17,18,21],[13,5,21,9,17,1,2,18,14,15,3],[17,13,9,1,18,2,5,21,14,3],[21,13,9,5,17,1,18,2,14,3],[13,1,2,5,9,21,17,18,14,15,3],[21,5,9,13,1,14,2,15,3,17,18],[21,9,5,17,13,1,2,18,14,15,3],[17,9,1,18,21,5,13,2,14,15,3],[13,1,2,5,9,17,18,21,14,3],[21,17,13,1,18,2,5,9,14,15,3],[17,1,2,18,21,5,13,9],[13,21,5,17,9,1,2,18,14,15,3],[9,21,13,1,14,2,15,3,17,18,5],[17,9,1,2,18,13,5,21,14,3],[1,5,17,2,18,21,13,9,14,15,3],[5,9,21,1,13,2,17,18,14,3],[17,21,5,13,1,2,18,9,14,3],[13,5,1,2,9,17,18,21,14,15,3],[1,17,2,18,9,13,5,21,14,3],[5,17,13,1,18,2,9,21,14,15,3],[13,5,1,2,9,17,18,21,14,3],[13,5,1,2,9,21,17,18,14,15,3],[21,9,5,13,17,1,2,18,14,3],[1,5,13,2,9,21,17,18,14,3],[21,9,5,13,17,1,18,14,2,3],[5,17,13,1,2,18,9,21,14,15,3],[13,5,9,21,17,1,18,14,2,15,3],[1,9,17,2,18,5,13,21,14,15,3],[5,1,13,2,21,9,17,18,14,3],[1,21,17,2,18,9,5,13,14,3],[1,9,21,13,14,2,3,5,17,18],[5,21,1,9,13,2,17,18,14,15,3],[1,5,9,13,2,17,18,21,14,3],[1,17,2,18,9,21,13,5,14,3],[5,13,9,21,17,1,2,18,14,15,3],[13,21,1,14,2,3,5,9,17,18],[21,13,17,1,18,2,9,5,14,15,3],[13,5,21,9,17,1,18,14,2,3],[5,17,21,13,1,2,18,9,14,15,3],[5,1,9,17,18,21,13,2,14,3],[21,17,5,1,2,18,13,9,14,15,3],[21,5,17,13,9,1,18,2,14,15,3],[9,21,5,13,17,1,2,18,14,3],[17,1,2,18,5,21,13,9,14,3],[13,21,1,14,2,15,3,5,9,17,18],[1,5,9,13,14,2,15,3,21,17,18],[21,1,17,18,9,13,14,2,3,5],[21,5,13,17,9,1,18,2,14,15,3],[5,13,9,1,2,21,17,18,14,3],[9,21,17,13,1,2,18,5,14,3],[17,5,1,2,18,13,21,9,14,15,3],[9,5,21,17,13,1,18,2,14,3],[1,13,14,2,3,5,9,21,17,18],[13,21,17,9,1,18,2,5,14,15,3],[5,21,13,17,1,18,14,2,3,9],[13,9,5,17,21,1,2,18,14,3],[9,17,13,1,18,14,2,3,21,5],[9,5,1,13,14,2,3,21,17,18],[5,21,1,17,18,13,2,9,14,3],[13,5,1,14,2,15,3,9,21,17,18],[13,5,21,1,2,9,17,18,14,3],[9,17,13,5,21,1,2,18,14,3],[13,1,14,2,3,9,5,17,18,21],[9,13,1,14,2,15,3,5,21,17,18],[9,5,13,17,1,2,18,21,14,3],[9,5,1,13,2,17,18,21,14,3]],"n_human":5}