{"problem_id":"tK9NSXZJXL2a1DM","sigma":75,"alpha":3.162,"cost":1,"probabilities":"[0.29, 0.22, 0.26, 0.23]","payoff_matrix":"[[27, -53, -32, -18, 75, 68], [29, 3, 15, 149, -146, 2], [9, 32, -68, 54, -108, -104], [98, 31, 97, 8, -114, -101]]","uncovered":[[9,1,17,19,21,23,13,5,15,3,4],[17,13,1,3,19,21,23,5,9,15,16,4],[21,1,3,23,9,13,5,17,19,15,16,4],[13,1,5,17,3,19,21,23,9,15,16,4],[1,13,9,5,21,23,17,19,3,15,4],[17,1,19,21,3,23,9,13,5,15,4],[21,1,3,23,5,17,19,9,13,15,16,4],[5,9,1,17,3,19,13,21,23,15,16,4],[13,1,5,21,3,23,17,19,9,15,4],[9,13,21,5,1,3,23,17,19,15,4],[17,13,1,19,5,9,21,3,23,15,4],[17,5,21,23,13,1,3,19,9,15,4],[9,5,17,21,23,1,3,19,13,15,16,4],[1,5,13,9,21,23,17,3,19,15,16,4],[5,9,13,1,17,19,21,23,15,3,16,4],[21,9,17,23,13,5,1,19,15,3,4],[9,17,1,19,13,5,21,23,15,3,4],[5,21,1,3,23,9,17,19,13,15,4],[1,9,21,23,5,13,17,3,19,15,16,4],[17,5,13,1,3,19,9,21,23,15,4],[1,5,17,19,13,9,21,3,23,15,16,4],[21,13,1,3,23,17,19,5,9,15,16,4],[1,21,3,23,13,9,17,19,5,15,4],[1,21,3,23,13,17,19,5,9,15,4],[13,17,1,19,21,23,9,5,15,3,16,4],[5,1,9,21,3,23,13,17,19,15,16,4],[5,1,13,17,19,9,21,3,23,15,4],[13,5,1,9,17,19,21,3,23,15,16,4],[21,1,3,23,17,19,5,13,9,15,16,4],[5,17,21,23,1,3,19,13,9,15,4],[21,13,17,19,1,3,23,9,5,15,4],[9,5,1,13,21,3,23,17,19,15,16,4],[9,1,21,23,13,17,3,19,5,15,16,4],[5,9,21,1,3,23,17,19,13,15,16,4],[21,9,5,13,1,23,17,3,19,15,4],[17,5,13,9,21,23,1,19,3,15,4],[1,17,3,19,9,21,23,13,5,15,4],[17,13,5,9,1,19,21,3,23,15,16,4],[5,9,21,1,3,23,13,17,19,15,4],[1,21,23,9,17,3,19,5,13,15,4],[21,1,3,23,13,17,19,5,9,15,4],[1,5,21,23,9,13,17,19,3,15,4],[21,13,5,17,19,9,1,23,3,15,16,4],[13,9,21,1,3,23,17,19,5,15,4],[9,1,21,3,23,13,5,17,19,15,16,4],[9,13,17,1,3,19,21,23,5,15,16,4],[17,13,21,19,1,23,9,5,3,15,4],[21,9,5,1,23,17,3,19,13,15,4],[13,5,17,21,23,9,1,19,15,3,4],[21,9,13,1,23,5,17,19,3,15,4],[13,5,21,17,23,1,19,9,3,15,16,4],[9,13,1,21,3,23,17,19,5,15,4],[17,5,21,19,9,13,1,3,23,15,16,4],[21,5,17,23,1,19,9,13,15,3,4],[21,9,5,13,17,23,1,19,15,3,4],[17,1,3,19,5,9,21,23,13,15,4],[1,17,3,19,9,5,21,23,13,15,16,4],[17,9,21,19,5,1,23,13,3,15,16,4],[9,17,1,3,19,13,21,23,5,15,4],[1,17,3,19,9,5,21,23,13,15,16,4],[9,21,13,5,17,19,1,23,15,3,4],[1,9,13,5,21,23,17,3,19,15,4],[1,17,3,19,9,21,23,5,13,15,4],[1,9,17,19,13,5,21,23,3,15,4],[13,17,1,3,19,5,21,23,9,15,16,4],[13,9,21,17,19,5,1,3,23,15,16,4],[1,5,17,19,9,13,21,3,23,15,4],[9,1,13,17,3,19,5,21,23,15,16,4],[21,5,9,13,1,3,23,17,19,15,16,4],[9,5,17,1,3,19,21,23,13,15,4],[9,21,13,1,3,23,17,19,5,15,16,4],[1,5,17,19,21,23,9,13,3,15,4],[21,9,13,1,23,5,17,3,19,15,16,4],[5,1,13,21,23,9,17,3,19,15,16,4],[9,13,21,5,17,23,1,3,19,15,16,4],[5,1,21,23,13,9,17,3,19,15,4],[9,1,21,3,23,5,17,19,13,15,16,4],[21,9,13,17,23,1,19,5,15,3,4],[17,5,9,1,3,19,13,21,23,15,4],[9,1,17,19,21,23,13,5,3,15,4],[5,13,21,17,19,1,23,9,15,3,4],[17,5,21,23,9,1,3,19,13,15,4],[13,1,17,3,19,21,23,9,5,15,4],[13,1,9,21,23,5,17,3,19,15,16,4],[21,17,19,9,5,1,23,13,3,15,16,4],[5,1,9,17,3,19,13,21,23,15,16,4],[1,13,17,19,21,3,23,9,5,15,16,4],[5,17,9,13,1,19,21,3,23,15,16,4],[9,17,5,1,3,19,21,23,13,15,16,4],[13,9,1,21,23,5,17,3,19,15,16,4],[21,1,3,23,13,17,19,9,5,15,4],[17,9,5,21,19,1,23,13,3,15,4],[21,9,1,3,23,13,5,17,19,15,16,4],[9,5,1,21,23,17,19,13,3,15,16,4],[9,21,13,5,17,19,1,23,3,15,4],[13,1,17,3,19,21,23,5,9,15,4],[1,9,13,17,3,19,21,23,5,15,16,4],[5,13,21,17,23,9,1,19,3,15,4],[13,17,5,21,19,1,3,23,9,15,4],[5,13,17,21,23,1,3,19,9,15,4],[9,5,1,21,3,23,17,19,13,15,4],[17,5,13,9,1,3,19,21,23,15,4],[13,1,5,9,21,3,23,17,19,15,4],[1,17,3,19,9,21,23,13,5,15,4],[17,9,13,21,19,1,23,5,3,15,4],[21,1,3,23,5,17,19,9,13,15,16,4],[13,21,9,17,19,5,1,23,15,3,4],[21,9,5,1,3,23,17,19,13,15,16,4],[9,1,21,23,5,13,17,3,19,15,4],[13,17,5,21,19,9,1,23,15,3,16,4],[5,1,13,21,23,9,17,3,19,15,4],[5,9,17,13,21,23,1,19,15,3,16,4],[9,17,13,5,1,3,19,21,23,15,16,4],[9,17,21,23,1,3,19,5,13,15,4],[1,21,23,17,3,19,9,5,13,15,16,4],[17,21,23,13,9,5,1,3,19,15,16,4],[9,1,21,3,23,5,17,19,13,15,4],[13,1,17,3,19,21,23,5,9,15,16,4],[1,21,23,13,5,17,19,9,3,15,16,4],[13,5,21,17,23,9,1,19,3,15,16,4],[17,9,13,21,23,5,1,19,15,3,16,4],[21,17,23,13,9,1,19,5,3,15,4],[17,21,23,5,1,19,9,13,15,3,16,4],[1,9,13,5,21,23,17,3,19,15,4],[21,17,19,9,1,23,13,5,15,3,4],[9,13,1,17,3,19,21,23,5,15,16,4],[5,21,13,17,19,9,1,3,23,15,4],[21,1,3,23,5,17,19,13,9,15,16,4],[13,17,9,21,23,5,1,3,19,15,16,4],[5,17,1,19,9,21,3,23,13,15,4],[21,9,1,3,23,17,19,5,13,15,4],[17,13,21,19,9,1,3,23,5,15,4],[17,5,9,1,3,19,21,23,13,15,16,4],[9,17,13,5,21,19,1,23,15,3,16,4],[13,21,5,17,23,1,19,9,15,3,16,4],[13,5,17,1,3,19,21,23,9,15,4],[13,17,5,9,1,3,19,21,23,15,16,4],[17,1,3,19,13,5,21,23,9,15,16,4],[5,1,9,17,3,19,13,21,23,15,16,4],[13,9,5,1,21,23,17,3,19,15,16,4],[13,5,1,17,3,19,9,21,23,15,16,4],[13,5,1,9,17,19,21,3,23,15,4],[13,17,5,9,21,23,1,19,15,3,16,4],[17,21,19,1,3,23,9,5,13,15,4],[17,9,21,23,13,5,1,3,19,15,4],[21,5,17,19,9,13,1,23,15,3,4],[9,21,5,1,23,13,17,3,19,15,4],[17,13,9,5,21,19,1,3,23,15,4],[21,9,17,23,1,19,13,5,15,3,16,4],[21,1,3,23,9,17,19,5,13,15,16,4],[13,17,5,21,19,1,3,23,9,15,16,4],[9,13,5,21,1,23,17,3,19,15,16,4],[13,9,1,17,19,5,21,23,3,15,4],[21,5,13,17,19,9,1,3,23,15,4],[5,17,13,21,19,1,23,9,3,15,4],[17,1,19,9,5,13,21,3,23,15,16,4],[17,1,3,19,21,23,13,9,5,15,16,4],[13,5,17,21,19,9,1,23,3,15,16,4],[1,13,9,21,3,23,17,19,5,15,16,4],[17,9,13,1,3,19,5,21,23,15,16,4],[5,1,9,21,3,23,17,19,13,15,4],[13,21,17,19,5,9,1,3,23,15,4],[21,17,23,9,13,5,1,19,15,3,4],[9,17,1,3,19,5,21,23,13,15,16,4],[21,1,23,9,13,17,19,5,3,15,16,4],[1,17,3,19,13,21,23,9,5,15,16,4],[9,17,5,1,19,13,21,23,3,15,16,4],[21,9,5,1,3,23,13,17,19,15,16,4],[13,17,21,23,5,1,19,9,3,15,16,4],[17,21,23,13,5,1,3,19,9,15,16,4],[5,13,1,21,23,17,3,19,9,15,4],[5,13,9,1,21,3,23,17,19,15,16,4],[1,9,21,3,23,17,19,5,13,15,4],[5,9,21,1,23,13,17,3,19,15,16,4],[17,21,23,9,1,3,19,13,5,15,4],[5,13,1,21,23,17,3,19,9,15,4],[9,1,5,21,3,23,13,17,19,15,16,4],[5,21,13,17,19,1,23,9,3,15,16,4],[13,9,1,5,17,3,19,21,23,15,4],[17,1,19,5,9,13,21,23,15,3,4],[17,21,19,9,13,5,1,3,23,15,4],[5,17,21,23,1,3,19,13,9,15,4],[17,9,21,19,5,1,3,23,13,15,16,4],[9,21,1,3,23,17,19,13,5,15,16,4],[9,5,17,1,3,19,21,23,13,15,16,4],[17,1,19,21,3,23,13,9,5,15,4],[9,1,5,17,19,13,21,3,23,15,4],[5,21,9,1,23,17,19,13,3,15,4],[13,17,1,3,19,21,23,5,9,15,4],[9,1,21,23,5,17,3,19,13,15,16,4],[13,21,5,9,17,23,1,3,19,15,4],[21,5,17,23,13,9,1,19,3,15,4],[13,17,9,21,19,5,1,23,3,15,16,4],[5,9,17,21,23,13,1,3,19,15,16,4],[9,21,13,1,23,17,3,19,5,15,16,4],[17,9,21,19,1,23,5,13,3,15,16,4],[5,21,13,9,1,23,17,19,3,15,16,4],[5,1,13,9,17,3,19,21,23,15,16,4],[13,5,21,17,23,1,3,19,9,15,4],[13,9,5,1,21,23,17,19,15,3,16,4],[5,9,13,21,17,23,1,19,3,15,4],[21,13,5,1,3,23,17,19,9,15,16,4],[9,17,21,23,1,3,19,13,5,15,16,4],[9,21,1,3,23,5,17,19,13,15,16,4],[9,5,13,21,17,19,1,3,23,15,4],[9,17,1,19,13,21,23,5,3,15,4],[21,5,13,9,1,3,23,17,19,15,4],[9,21,1,23,13,17,19,5,3,15,16,4],[9,17,5,1,19,13,21,3,23,15,4],[5,17,21,19,1,3,23,9,13,15,16,4],[13,9,17,21,23,5,1,19,15,3,16,4],[1,5,13,9,21,3,23,17,19,15,4],[5,13,17,1,3,19,21,23,9,15,16,4],[9,1,5,21,23,13,17,19,15,3,16,4],[9,13,1,21,3,23,5,17,19,15,16,4],[13,17,21,23,5,9,1,19,3,15,16,4],[9,21,1,3,23,13,5,17,19,15,4],[21,13,5,1,23,9,17,3,19,15,4],[9,21,5,17,23,1,3,19,13,15,4],[21,9,17,23,13,5,1,19,15,3,16,4],[21,13,17,23,9,5,1,3,19,15,16,4],[21,5,17,19,1,3,23,13,9,15,4],[17,21,19,1,23,5,9,13,15,3,16,4],[9,17,13,21,19,5,1,3,23,15,4],[17,5,13,9,1,19,21,23,3,15,4],[1,13,9,5,17,3,19,21,23,15,16,4],[21,9,13,17,23,1,3,19,5,15,4],[13,17,1,3,19,9,5,21,23,15,4],[13,21,9,1,23,17,3,19,5,15,16,4],[13,5,17,21,19,1,23,9,3,15,4],[13,21,5,9,17,23,1,3,19,15,4],[5,21,13,1,3,23,17,19,9,15,16,4],[9,13,1,5,21,3,23,17,19,15,4],[5,9,1,13,21,3,23,17,19,15,16,4],[13,21,5,1,3,23,9,17,19,15,4],[13,21,17,19,1,23,5,9,15,3,4],[5,1,21,3,23,13,17,19,9,15,16,4],[9,21,17,23,1,3,19,13,5,15,16,4],[5,13,1,21,3,23,17,19,9,15,16,4],[1,13,17,19,9,5,21,23,15,3,16,4],[21,13,9,17,23,5,1,3,19,15,16,4],[9,17,5,13,21,23,1,19,15,3,16,4],[13,9,17,21,23,1,19,5,3,15,4],[5,9,1,17,3,19,21,23,13,15,16,4],[21,9,1,3,23,17,19,13,5,15,16,4],[1,5,9,21,23,17,19,13,15,3,4],[1,9,13,21,23,17,19,5,15,3,16,4],[17,9,13,1,3,19,5,21,23,15,4],[9,21,1,23,17,3,19,5,13,15,4],[1,17,3,19,21,23,5,9,13,15,4],[13,21,5,1,3,23,9,17,19,15,4],[1,17,3,19,5,13,21,23,9,15,4],[9,13,17,21,19,5,1,23,3,15,4],[21,5,9,13,17,23,1,19,15,3,4],[21,5,1,3,23,17,19,13,9,15,4],[1,17,19,5,13,9,21,23,3,15,4],[17,9,21,19,1,23,5,13,3,15,16,4],[13,9,17,1,3,19,21,23,5,15,16,4],[5,9,17,13,1,3,19,21,23,15,4],[17,5,13,9,21,19,1,3,23,15,4],[17,21,19,1,23,13,9,5,3,15,4],[13,21,9,5,1,3,23,17,19,15,4],[13,21,9,5,1,3,23,17,19,15,16,4],[9,5,21,1,3,23,13,17,19,15,16,4],[13,21,9,5,1,3,23,17,19,15,4],[5,21,1,3,23,9,17,19,13,15,4],[17,1,19,9,13,21,23,5,3,15,16,4],[17,21,19,1,23,13,9,5,3,15,16,4],[17,1,19,5,13,21,23,9,3,15,4],[5,21,13,1,3,23,9,17,19,15,4],[21,13,5,17,19,1,23,9,15,3,4],[5,9,1,13,17,3,19,21,23,15,16,4],[13,1,17,19,9,5,21,3,23,15,4],[1,9,13,17,19,21,3,23,5,15,4],[1,17,19,9,13,21,23,5,15,3,4],[1,17,19,21,23,9,13,5,3,15,4],[17,5,1,3,19,21,23,13,9,15,4],[9,13,17,5,21,19,1,23,15,3,16,4],[13,17,5,21,23,1,19,9,3,15,4],[9,1,21,23,5,17,19,13,15,3,4],[13,17,21,19,1,3,23,5,9,15,16,4],[9,1,17,19,21,3,23,13,5,15,16,4],[17,13,9,5,21,23,1,19,15,3,16,4],[1,17,3,19,21,23,9,5,13,15,4],[13,1,5,9,17,19,21,3,23,15,4],[13,21,17,23,9,1,3,19,5,15,16,4],[17,9,13,5,1,19,21,3,23,15,16,4],[1,13,9,21,3,23,17,19,5,15,4],[1,9,17,19,13,21,23,5,3,15,16,4],[5,9,13,17,1,3,19,21,23,15,4],[1,9,13,21,23,5,17,3,19,15,4],[13,9,17,1,19,5,21,3,23,15,4],[9,5,13,21,17,23,1,19,15,3,16,4],[21,9,13,5,17,19,1,3,23,15,16,4],[1,13,21,3,23,9,17,19,5,15,4],[13,1,21,3,23,17,19,9,5,15,16,4],[13,17,1,3,19,9,5,21,23,15,16,4],[13,9,5,17,21,23,1,19,15,3,16,4],[1,9,5,17,19,21,3,23,13,15,4],[13,17,21,23,5,9,1,19,15,3,16,4],[13,17,21,23,5,9,1,3,19,15,4],[9,1,5,17,3,19,13,21,23,15,16,4],[1,5,17,19,21,3,23,9,13,15,4],[17,5,13,1,3,19,9,21,23,15,4],[13,9,5,21,1,3,23,17,19,15,16,4],[9,21,1,23,5,13,17,3,19,15,16,4],[5,21,17,23,1,3,19,13,9,15,16,4],[21,9,1,23,5,17,19,13,15,3,16,4],[5,13,1,17,3,19,21,23,9,15,16,4],[9,5,1,17,19,13,21,23,3,15,4],[1,13,9,17,3,19,5,21,23,15,16,4],[9,13,1,17,19,5,21,23,3,15,16,4],[1,13,5,9,21,23,17,19,15,3,4],[5,1,21,3,23,9,13,17,19,15,16,4],[5,9,1,13,21,3,23,17,19,15,4],[1,17,3,19,13,9,21,23,5,15,4],[13,5,1,17,19,9,21,3,23,15,16,4],[5,1,9,13,17,3,19,21,23,15,4],[17,5,9,1,19,21,23,13,15,3,4],[9,1,13,5,21,23,17,19,15,3,16,4],[5,13,9,17,21,19,1,3,23,15,4],[1,21,23,17,19,13,5,9,15,3,4],[9,13,21,1,3,23,17,19,5,15,16,4],[9,1,17,3,19,5,13,21,23,15,4],[1,13,21,3,23,5,17,19,9,15,16,4],[9,13,1,17,19,5,21,23,3,15,16,4],[1,21,3,23,5,13,9,17,19,15,16,4],[5,9,13,17,1,19,21,23,3,15,16,4],[13,21,9,5,17,19,1,3,23,15,4],[21,17,23,9,5,13,1,19,3,15,16,4],[17,13,9,21,23,1,19,5,15,3,16,4],[5,9,13,21,1,23,17,19,15,3,4],[13,21,9,1,3,23,17,19,5,15,4],[1,5,17,3,19,9,21,23,13,15,16,4],[1,5,21,3,23,13,17,19,9,15,4],[9,17,5,21,23,13,1,3,19,15,16,4],[9,5,13,21,1,23,17,3,19,15,4],[1,21,3,23,13,5,17,19,9,15,16,4],[1,9,5,13,21,3,23,17,19,15,16,4],[17,9,1,19,21,23,13,5,15,3,16,4],[9,17,13,5,21,19,1,23,3,15,16,4],[21,17,19,1,3,23,5,13,9,15,16,4],[17,5,9,21,23,1,3,19,13,15,4],[21,1,3,23,13,9,5,17,19,15,4],[13,5,21,17,23,1,3,19,9,15,4],[21,5,17,19,13,9,1,3,23,15,4],[9,13,17,21,23,1,19,5,3,15,16,4],[9,17,5,1,3,19,13,21,23,15,4],[13,17,21,23,1,19,5,9,15,3,4],[9,1,21,23,5,13,17,3,19,15,16,4],[1,5,9,13,17,3,19,21,23,15,4],[9,5,21,1,3,23,13,17,19,15,16,4],[5,17,1,3,19,13,9,21,23,15,16,4],[5,13,9,17,1,3,19,21,23,15,16,4],[13,9,17,1,19,21,3,23,5,15,4],[9,21,17,23,5,13,1,19,15,3,4],[9,21,17,19,5,1,3,23,13,15,4],[21,9,17,19,5,1,3,23,13,15,16,4],[1,13,21,23,9,5,17,3,19,15,16,4],[21,1,23,13,17,3,19,5,9,15,16,4],[21,1,23,17,19,13,5,9,3,15,4],[5,17,21,19,9,1,3,23,13,15,16,4],[1,5,13,17,19,21,23,9,3,15,4],[17,1,19,5,9,21,23,13,15,3,16,4],[5,21,17,19,1,3,23,9,13,15,16,4],[5,13,21,17,23,1,19,9,15,3,16,4],[17,5,21,23,1,3,19,13,9,15,16,4],[1,9,5,13,17,3,19,21,23,15,16,4],[13,5,21,17,19,9,1,23,15,3,16,4],[17,1,3,19,5,9,21,23,13,15,16,4],[5,17,1,19,9,13,21,23,15,3,16,4],[13,9,5,21,17,23,1,3,19,15,4],[1,17,19,5,21,23,9,13,3,15,4],[1,17,3,19,5,13,21,23,9,15,4],[13,9,5,21,1,23,17,19,3,15,16,4],[9,13,5,21,17,23,1,19,15,3,16,4],[5,13,9,21,17,23,1,19,3,15,16,4],[5,13,1,17,3,19,21,23,9,15,16,4],[21,1,3,23,13,17,19,5,9,15,4],[5,1,21,3,23,9,13,17,19,15,16,4],[13,1,21,23,9,17,19,5,3,15,16,4],[1,17,19,13,5,9,21,23,3,15,4],[9,17,13,21,23,5,1,19,3,15,4],[17,1,19,5,21,3,23,13,9,15,16,4],[5,17,1,19,21,23,13,9,15,3,16,4],[1,5,21,23,17,19,9,13,3,15,16,4],[17,13,9,21,23,1,3,19,5,15,4],[21,13,1,23,9,5,17,3,19,15,4],[1,13,9,17,19,21,23,5,15,3,16,4],[1,5,21,3,23,13,9,17,19,15,4],[21,13,9,5,17,23,1,3,19,15,16,4],[5,21,9,17,23,1,19,13,15,3,4],[9,21,17,19,13,5,1,23,15,3,16,4],[9,1,5,13,17,19,21,23,3,15,16,4],[1,9,5,21,23,13,17,19,3,15,16,4],[13,1,17,19,21,23,5,9,3,15,16,4],[1,21,23,13,9,17,3,19,5,15,4],[17,5,13,9,1,19,21,3,23,15,16,4],[9,5,13,1,21,3,23,17,19,15,4],[21,9,5,1,3,23,13,17,19,15,4],[1,13,17,3,19,5,21,23,9,15,4],[21,5,1,23,17,3,19,13,9,15,4],[1,5,13,17,3,19,9,21,23,15,16,4],[17,21,19,13,5,1,23,9,3,15,4],[5,1,21,3,23,9,13,17,19,15,4],[9,5,13,1,21,3,23,17,19,15,16,4],[9,17,21,19,5,1,23,13,3,15,16,4],[1,9,21,3,23,13,17,19,5,15,4],[1,21,23,5,13,9,17,19,3,15,4],[1,17,19,21,3,23,5,13,9,15,4],[1,5,17,3,19,9,13,21,23,15,4],[13,5,9,17,1,3,19,21,23,15,4],[17,21,19,13,5,9,1,23,3,15,16,4],[1,17,19,5,9,13,21,3,23,15,4],[13,1,9,17,3,19,21,23,5,15,16,4],[21,1,3,23,13,17,19,5,9,15,16,4],[1,13,17,3,19,5,9,21,23,15,16,4],[13,5,17,1,3,19,21,23,9,15,16,4],[9,5,1,17,3,19,21,23,13,15,16,4],[9,1,13,5,21,3,23,17,19,15,4],[5,13,9,21,1,3,23,17,19,15,16,4],[1,21,3,23,5,9,17,19,13,15,16,4],[1,9,13,21,3,23,5,17,19,15,4],[17,1,19,5,9,21,3,23,13,15,16,4],[13,5,1,21,3,23,17,19,9,15,16,4],[21,1,23,17,19,5,13,9,3,15,16,4],[5,13,21,9,17,23,1,3,19,15,4],[21,9,17,19,13,5,1,23,15,3,4],[9,5,21,1,3,23,13,17,19,15,16,4],[21,1,3,23,9,5,17,19,13,15,16,4],[13,21,5,17,19,1,3,23,9,15,16,4],[13,9,1,5,21,23,17,3,19,15,4],[1,5,21,3,23,9,17,19,13,15,4],[5,9,1,17,3,19,13,21,23,15,4],[5,9,1,13,21,3,23,17,19,15,16,4],[5,21,1,3,23,17,19,13,9,15,16,4],[17,5,1,3,19,21,23,13,9,15,16,4],[17,13,9,1,19,5,21,3,23,15,16,4],[1,13,9,5,17,3,19,21,23,15,16,4],[5,21,13,17,23,9,1,3,19,15,4],[9,1,17,19,5,21,3,23,13,15,16,4],[9,13,17,5,21,23,1,3,19,15,4],[13,9,1,21,23,17,3,19,5,15,16,4],[17,1,19,21,23,5,9,13,3,15,16,4],[17,9,1,19,21,23,13,5,15,3,4],[13,21,9,17,19,1,3,23,5,15,16,4],[5,1,13,9,17,3,19,21,23,15,4],[5,17,1,3,19,21,23,9,13,15,4],[21,17,19,5,1,23,9,13,3,15,16,4],[9,13,21,17,23,5,1,19,15,3,16,4],[17,21,19,1,23,5,9,13,3,15,4],[21,13,1,23,17,19,5,9,15,3,16,4],[13,1,21,3,23,5,9,17,19,15,4],[5,1,9,13,21,23,17,19,15,3,4],[17,13,9,1,19,5,21,3,23,15,4],[13,5,21,17,19,9,1,3,23,15,4],[17,1,3,19,21,23,9,5,13,15,16,4],[1,5,17,19,9,13,21,23,15,3,4],[13,1,9,5,21,23,17,3,19,15,16,4],[5,17,9,21,19,13,1,3,23,15,16,4],[9,13,1,21,23,5,17,19,3,15,4],[5,17,21,19,9,1,23,13,3,15,16,4],[5,17,1,3,19,21,23,13,9,15,16,4],[1,13,5,21,23,17,19,9,15,3,4],[13,21,5,1,3,23,9,17,19,15,16,4],[5,17,21,23,9,1,19,13,3,15,4],[1,9,21,23,17,3,19,5,13,15,16,4],[13,5,17,1,3,19,21,23,9,15,4],[17,9,21,19,1,23,13,5,3,15,4],[1,5,21,3,23,9,17,19,13,15,4],[21,9,1,23,13,5,17,19,15,3,4],[21,9,17,19,13,5,1,23,3,15,4],[17,9,21,23,1,19,5,13,15,3,16,4],[17,5,21,23,1,19,13,9,3,15,16,4],[9,1,13,17,19,21,3,23,5,15,4],[13,17,9,1,19,21,3,23,5,15,16,4],[17,5,9,13,1,3,19,21,23,15,16,4],[13,1,9,17,3,19,5,21,23,15,16,4],[1,13,9,17,3,19,21,23,5,15,4],[5,9,21,13,17,19,1,23,3,15,16,4],[13,9,5,21,1,3,23,17,19,15,16,4],[1,13,21,23,9,17,3,19,5,15,4],[21,13,17,19,1,23,9,5,3,15,16,4],[5,13,9,1,17,3,19,21,23,15,4],[13,17,21,19,1,23,5,9,3,15,4],[5,9,21,17,23,13,1,3,19,15,4],[1,13,5,9,21,3,23,17,19,15,4],[13,17,1,19,21,3,23,9,5,15,4],[17,9,5,21,23,13,1,19,3,15,4],[13,5,17,1,19,21,23,9,3,15,4],[21,17,19,5,13,9,1,23,3,15,4],[17,9,21,23,5,13,1,3,19,15,4],[1,5,17,19,21,23,13,9,3,15,4],[13,17,9,5,1,3,19,21,23,15,16,4],[21,9,5,17,19,1,3,23,13,15,16,4],[17,5,1,3,19,9,13,21,23,15,4],[1,17,19,9,5,21,3,23,13,15,16,4],[13,17,5,1,19,21,23,9,3,15,4],[9,5,21,1,3,23,13,17,19,15,16,4],[5,13,17,9,1,19,21,3,23,15,16,4],[21,5,1,3,23,9,13,17,19,15,4],[9,17,21,19,1,23,13,5,3,15,4],[13,5,17,21,23,1,19,9,15,3,4],[1,5,17,3,19,13,21,23,9,15,4],[5,17,9,1,3,19,21,23,13,15,4],[9,13,17,21,19,5,1,3,23,15,4],[13,17,21,19,9,1,23,5,3,15,16,4],[21,1,23,17,19,5,13,9,15,3,16,4],[5,21,17,19,9,1,3,23,13,15,4],[5,13,17,1,3,19,21,23,9,15,4],[13,17,9,21,23,5,1,19,15,3,4],[17,5,13,21,19,1,23,9,15,3,16,4],[21,5,1,23,13,9,17,19,15,3,4],[9,13,17,5,1,3,19,21,23,15,16,4],[21,13,5,17,23,9,1,3,19,15,16,4],[13,5,1,17,19,9,21,3,23,15,16,4],[21,17,23,1,3,19,5,13,9,15,4],[9,1,17,3,19,21,23,13,5,15,16,4],[5,9,17,21,23,1,3,19,13,15,16,4],[1,21,3,23,9,17,19,13,5,15,4],[1,13,21,3,23,9,5,17,19,15,16,4],[9,13,5,21,17,19,1,3,23,15,16,4],[21,5,13,9,1,3,23,17,19,15,16,4],[5,9,21,13,17,19,1,23,3,15,16,4],[5,17,21,19,1,23,13,9,3,15,16,4],[13,1,5,9,21,23,17,19,3,15,4],[17,1,19,5,9,13,21,23,15,3,4],[21,13,17,19,1,3,23,9,5,15,4],[1,13,17,3,19,5,21,23,9,15,16,4],[5,13,17,21,19,9,1,3,23,15,4],[9,21,1,3,23,17,19,5,13,15,4],[17,13,5,21,23,1,19,9,3,15,4],[9,1,17,19,13,21,23,5,3,15,4],[9,5,1,13,17,3,19,21,23,15,16,4],[9,5,17,1,3,19,21,23,13,15,16,4],[1,17,3,19,9,21,23,5,13,15,16,4],[5,1,9,17,3,19,13,21,23,15,16,4],[13,1,21,23,17,19,9,5,15,3,16,4],[9,1,21,3,23,5,17,19,13,15,4],[1,9,17,3,19,5,21,23,13,15,16,4],[1,17,3,19,9,13,21,23,5,15,16,4],[5,21,1,3,23,9,13,17,19,15,4],[1,21,23,13,9,17,19,5,15,3,4],[9,1,17,19,13,21,23,5,3,15,4],[17,13,9,21,23,5,1,3,19,15,16,4],[17,1,3,19,21,23,9,5,13,15,4],[13,17,9,5,1,3,19,21,23,15,4],[9,1,13,21,3,23,17,19,5,15,4],[1,5,9,21,3,23,17,19,13,15,16,4],[17,1,3,19,5,13,21,23,9,15,4],[21,5,9,1,3,23,13,17,19,15,16,4],[21,17,23,13,1,3,19,9,5,15,4],[5,21,9,17,19,13,1,23,3,15,4],[21,13,9,5,17,19,1,3,23,15,4],[1,9,13,5,21,3,23,17,19,15,16,4],[17,5,1,3,19,21,23,9,13,15,16,4],[13,9,5,17,21,23,1,19,3,15,16,4],[21,17,23,5,1,3,19,13,9,15,4],[13,21,17,19,5,9,1,3,23,15,4],[5,21,13,9,17,19,1,23,15,3,4],[9,17,1,3,19,13,5,21,23,15,4],[17,13,5,21,19,9,1,23,3,15,4],[21,5,1,23,13,9,17,19,15,3,16,4],[9,21,5,1,3,23,13,17,19,15,16,4],[13,1,5,9,21,3,23,17,19,15,16,4],[9,17,21,23,1,19,13,5,3,15,4],[1,13,9,5,17,3,19,21,23,15,4],[5,17,21,23,9,1,19,13,3,15,16,4],[9,13,5,21,17,19,1,3,23,15,16,4],[5,13,17,1,19,9,21,3,23,15,4],[13,5,17,1,3,19,21,23,9,15,16,4],[5,17,9,13,1,19,21,3,23,15,16,4],[21,9,5,13,1,23,17,3,19,15,4],[5,21,9,17,23,1,3,19,13,15,4],[17,1,3,19,9,21,23,13,5,15,4],[21,1,23,17,19,5,13,9,3,15,4],[17,13,1,3,19,21,23,5,9,15,16,4],[9,21,5,17,19,13,1,23,3,15,16,4],[1,13,9,5,21,23,17,3,19,15,16,4],[1,21,3,23,5,9,17,19,13,15,16,4],[17,13,1,3,19,5,21,23,9,15,16,4],[1,13,17,19,9,5,21,3,23,15,16,4],[1,13,17,3,19,5,21,23,9,15,16,4],[21,17,23,1,19,9,5,13,15,3,16,4],[9,5,13,1,17,3,19,21,23,15,16,4],[1,13,21,3,23,5,17,19,9,15,4],[13,21,9,1,3,23,17,19,5,15,16,4],[21,17,23,13,1,19,5,9,15,3,4],[9,21,5,17,23,13,1,3,19,15,16,4],[13,9,17,21,19,1,23,5,15,3,16,4],[1,17,19,9,13,21,3,23,5,15,4],[5,17,9,1,3,19,21,23,13,15,4],[21,17,23,13,1,19,9,5,3,15,4],[5,13,1,9,21,3,23,17,19,15,4],[1,13,5,21,23,17,3,19,9,15,16,4],[1,9,5,21,3,23,13,17,19,15,16,4],[9,5,17,13,21,19,1,23,3,15,16,4],[9,13,1,17,19,5,21,23,3,15,16,4],[1,5,9,13,17,19,21,23,15,3,4],[1,13,21,3,23,17,19,5,9,15,4],[9,5,13,21,17,19,1,23,15,3,4],[1,17,3,19,9,13,5,21,23,15,4],[9,13,17,1,19,21,3,23,5,15,4],[9,13,17,1,3,19,21,23,5,15,4],[9,13,21,17,23,5,1,19,15,3,16,4],[17,21,23,9,13,1,19,5,15,3,4],[1,17,19,13,9,21,23,5,15,3,16,4],[1,17,3,19,13,21,23,9,5,15,16,4],[21,1,3,23,17,19,13,9,5,15,16,4],[13,17,5,1,19,21,23,9,15,3,4],[17,21,23,13,5,9,1,3,19,15,4],[1,21,3,23,13,5,9,17,19,15,16,4],[13,21,5,1,3,23,17,19,9,15,4],[9,13,1,17,3,19,5,21,23,15,4],[5,1,21,3,23,17,19,9,13,15,16,4],[5,1,13,9,21,23,17,19,3,15,4],[5,17,13,9,1,19,21,23,15,3,16,4],[9,17,13,5,1,3,19,21,23,15,4],[1,5,21,23,9,17,19,13,3,15,4],[9,1,17,3,19,13,21,23,5,15,4],[13,9,5,21,17,23,1,3,19,15,4],[9,13,5,17,21,23,1,19,3,15,4],[1,17,19,21,23,9,13,5,3,15,16,4],[21,5,1,3,23,9,17,19,13,15,16,4],[17,13,21,19,5,9,1,3,23,15,16,4],[13,1,5,9,21,3,23,17,19,15,16,4],[21,5,9,1,3,23,17,19,13,15,4],[5,1,17,3,19,21,23,13,9,15,16,4],[5,17,1,3,19,9,13,21,23,15,16,4],[13,5,17,9,1,3,19,21,23,15,4],[13,21,17,19,5,9,1,3,23,15,4],[9,21,1,3,23,5,13,17,19,15,16,4],[17,5,9,1,19,21,23,13,15,3,16,4],[1,17,3,19,5,9,21,23,13,15,16,4],[13,17,5,21,19,1,23,9,15,3,4],[13,21,5,1,3,23,17,19,9,15,16,4],[21,9,17,23,13,1,19,5,15,3,16,4],[5,13,9,17,1,3,19,21,23,15,4],[9,1,17,19,13,21,3,23,5,15,16,4],[13,17,21,23,9,5,1,19,3,15,4],[17,9,1,19,5,21,3,23,13,15,4],[5,17,1,3,19,13,9,21,23,15,4],[5,9,17,21,23,1,3,19,13,15,16,4],[13,21,17,19,9,5,1,3,23,15,4],[21,5,17,19,13,9,1,3,23,15,4],[9,1,13,5,21,23,17,19,3,15,16,4],[9,21,5,17,19,13,1,23,3,15,4],[17,13,9,5,1,3,19,21,23,15,4],[13,1,5,17,19,9,21,23,3,15,16,4],[13,17,1,19,9,5,21,23,3,15,16,4],[17,21,23,5,1,3,19,9,13,15,16,4],[5,1,21,3,23,9,13,17,19,15,16,4],[21,1,23,5,13,17,3,19,9,15,4],[17,5,13,9,1,3,19,21,23,15,4],[21,5,9,1,23,17,19,13,3,15,16,4],[13,21,9,1,23,5,17,19,15,3,4],[21,13,9,1,23,5,17,3,19,15,16,4],[9,13,21,17,19,1,3,23,5,15,16,4],[1,17,19,5,9,21,23,13,15,3,16,4],[17,9,13,1,3,19,21,23,5,15,4],[1,13,21,23,5,17,19,9,15,3,4],[5,9,1,13,17,3,19,21,23,15,16,4],[5,1,13,17,3,19,9,21,23,15,4],[9,5,13,17,1,19,21,23,15,3,16,4],[13,9,5,1,17,3,19,21,23,15,4],[13,21,1,3,23,9,5,17,19,15,16,4],[17,1,19,9,21,3,23,13,5,15,16,4],[1,17,3,19,9,21,23,13,5,15,4],[13,17,21,19,5,9,1,23,15,3,16,4],[5,17,21,23,13,9,1,3,19,15,16,4],[1,5,9,17,3,19,13,21,23,15,4],[13,9,1,21,23,5,17,19,3,15,16,4],[5,13,17,21,23,1,19,9,3,15,4],[1,17,3,19,21,23,5,9,13,15,4],[17,1,3,19,21,23,13,5,9,15,16,4],[21,1,23,17,19,5,9,13,3,15,4],[17,9,13,1,19,21,3,23,5,15,16,4],[9,1,17,3,19,13,5,21,23,15,16,4],[17,5,9,21,23,1,3,19,13,15,4],[9,17,13,1,19,5,21,3,23,15,4],[21,17,19,1,3,23,13,5,9,15,16,4],[9,21,5,1,23,13,17,19,15,3,4],[5,13,17,21,19,9,1,23,3,15,4],[21,1,23,5,9,17,3,19,13,15,4],[5,9,21,13,1,23,17,19,15,3,16,4],[5,21,1,23,17,3,19,9,13,15,4],[5,13,9,17,21,19,1,23,15,3,4],[21,1,3,23,17,19,9,5,13,15,16,4],[5,13,21,9,17,19,1,3,23,15,16,4],[17,13,9,1,3,19,5,21,23,15,16,4],[9,13,1,17,19,5,21,23,3,15,16,4],[5,13,21,1,3,23,9,17,19,15,4],[13,9,21,17,19,5,1,23,15,3,16,4],[17,1,19,9,13,21,23,5,3,15,16,4],[1,13,5,9,17,19,21,23,3,15,4],[9,17,21,23,13,5,1,19,3,15,4],[21,1,23,9,17,3,19,5,13,15,4],[9,21,1,3,23,5,13,17,19,15,4],[21,1,23,5,9,17,19,13,3,15,16,4],[5,13,17,9,1,19,21,3,23,15,16,4],[17,21,19,13,1,3,23,5,9,15,4],[5,21,9,17,19,1,3,23,13,15,16,4],[9,5,1,17,19,21,3,23,13,15,16,4],[1,9,13,5,21,3,23,17,19,15,4],[1,13,17,3,19,21,23,9,5,15,16,4],[21,9,13,1,23,5,17,19,15,3,4],[9,1,17,19,21,23,5,13,3,15,4],[21,5,13,17,19,9,1,23,3,15,4],[13,17,9,5,21,23,1,19,3,15,4],[17,9,1,19,21,23,5,13,15,3,16,4],[17,13,21,19,1,3,23,9,5,15,4],[5,17,13,1,19,21,23,9,3,15,16,4],[13,21,17,23,5,9,1,3,19,15,4],[13,17,21,23,9,1,19,5,15,3,4],[17,13,9,5,21,23,1,19,3,15,16,4],[9,17,5,1,19,21,3,23,13,15,16,4],[13,5,9,1,21,23,17,3,19,15,16,4],[1,13,21,3,23,9,17,19,5,15,16,4],[13,9,17,5,1,19,21,3,23,15,4],[1,9,5,21,3,23,17,19,13,15,16,4],[13,17,21,23,1,3,19,9,5,15,16,4],[5,1,9,13,21,23,17,3,19,15,4],[9,13,17,21,23,1,3,19,5,15,16,4],[17,21,23,13,9,1,19,5,15,3,16,4],[9,1,17,3,19,21,23,5,13,15,16,4],[1,21,3,23,9,17,19,5,13,15,4],[1,21,3,23,5,13,17,19,9,15,4],[13,5,17,21,19,9,1,23,15,3,16,4],[17,21,19,9,5,13,1,3,23,15,4],[21,1,23,5,17,19,13,9,3,15,4],[13,9,5,21,17,19,1,3,23,15,16,4],[17,13,5,21,19,1,3,23,9,15,16,4],[1,13,21,23,17,3,19,9,5,15,16,4],[9,21,13,17,23,5,1,3,19,15,16,4],[21,13,1,3,23,5,17,19,9,15,16,4],[9,21,13,1,23,17,19,5,15,3,16,4],[1,17,3,19,21,23,13,5,9,15,16,4],[9,21,1,3,23,17,19,5,13,15,16,4],[17,21,23,9,1,19,5,13,15,3,4],[9,5,17,13,1,3,19,21,23,15,4],[1,5,17,3,19,9,13,21,23,15,16,4],[5,9,21,17,19,1,3,23,13,15,16,4],[9,1,13,5,21,23,17,3,19,15,16,4],[21,9,13,5,17,23,1,3,19,15,16,4],[9,13,17,1,3,19,21,23,5,15,4],[9,13,1,21,23,17,19,5,3,15,16,4],[5,1,9,13,21,23,17,3,19,15,4],[21,5,13,1,3,23,17,19,9,15,4],[1,9,13,5,21,3,23,17,19,15,4],[1,13,21,3,23,9,5,17,19,15,16,4],[5,13,1,9,17,3,19,21,23,15,4],[13,1,17,3,19,21,23,9,5,15,16,4],[1,17,3,19,13,21,23,5,9,15,4],[21,5,13,9,1,23,17,3,19,15,4],[13,21,1,3,23,17,19,9,5,15,4],[5,9,21,1,23,13,17,3,19,15,4],[1,13,9,5,21,23,17,19,3,15,4],[21,13,1,23,9,5,17,19,3,15,4],[5,17,9,13,21,23,1,19,3,15,16,4],[1,9,13,21,23,5,17,3,19,15,16,4],[9,13,21,5,17,19,1,3,23,15,4],[1,21,23,17,3,19,9,13,5,15,16,4],[17,9,21,19,5,1,3,23,13,15,4],[1,5,9,21,23,17,19,13,15,3,4],[1,13,9,17,19,5,21,3,23,15,16,4],[21,5,17,23,1,3,19,9,13,15,4],[21,13,5,9,17,19,1,3,23,15,4],[5,21,13,9,1,23,17,3,19,15,16,4],[17,5,13,9,1,3,19,21,23,15,4],[1,17,3,19,21,23,5,13,9,15,16,4],[17,5,21,23,9,13,1,19,15,3,4],[1,17,19,13,9,5,21,3,23,15,16,4],[1,21,3,23,9,5,17,19,13,15,16,4],[21,9,5,17,23,1,3,19,13,15,4],[21,1,3,23,5,13,9,17,19,15,16,4],[9,21,5,17,19,1,23,13,3,15,16,4],[5,21,13,17,23,1,19,9,3,15,16,4],[21,1,3,23,13,17,19,9,5,15,16,4],[5,13,9,1,17,3,19,21,23,15,4],[5,17,13,9,21,19,1,23,3,15,16,4],[17,13,21,19,5,1,3,23,9,15,4],[1,5,9,17,19,13,21,3,23,15,16,4],[5,13,9,21,17,19,1,3,23,15,16,4],[13,17,21,23,9,5,1,3,19,15,16,4],[17,21,23,13,9,1,19,5,15,3,4],[17,1,19,9,5,21,23,13,15,3,16,4],[17,9,1,3,19,13,21,23,5,15,16,4],[13,17,1,3,19,9,5,21,23,15,16,4],[9,17,1,3,19,13,21,23,5,15,16,4],[5,17,13,21,23,1,3,19,9,15,4],[13,9,1,5,21,3,23,17,19,15,4],[17,1,3,19,13,21,23,5,9,15,16,4],[9,21,17,23,1,19,13,5,15,3,16,4],[17,5,1,3,19,9,13,21,23,15,4],[9,1,17,19,5,21,3,23,13,15,4],[17,21,19,1,23,13,5,9,3,15,16,4],[1,5,21,23,17,3,19,13,9,15,16,4],[17,13,9,1,3,19,5,21,23,15,4],[9,21,5,17,19,1,23,13,15,3,16,4],[21,9,17,23,13,1,19,5,3,15,4],[21,1,3,23,5,13,9,17,19,15,4],[13,5,9,21,17,19,1,3,23,15,16,4],[13,17,9,21,19,1,3,23,5,15,4],[5,9,21,1,3,23,17,19,13,15,16,4],[13,17,9,5,1,3,19,21,23,15,4],[1,5,13,21,3,23,17,19,9,15,4],[17,13,21,19,9,1,23,5,15,3,16,4],[1,17,19,13,5,9,21,3,23,15,16,4],[5,9,21,17,23,1,19,13,3,15,4],[13,9,21,17,23,5,1,19,3,15,16,4],[9,5,1,17,3,19,13,21,23,15,16,4],[5,1,21,3,23,9,13,17,19,15,4],[17,21,19,13,5,9,1,3,23,15,16,4],[9,21,13,5,1,23,17,3,19,15,4],[1,21,3,23,17,19,5,9,13,15,16,4],[9,21,13,1,3,23,5,17,19,15,4],[9,17,5,21,23,1,3,19,13,15,16,4],[17,21,19,13,5,9,1,3,23,15,16,4],[17,1,19,9,13,5,21,3,23,15,4],[9,1,5,17,19,13,21,3,23,15,4],[21,13,9,5,1,3,23,17,19,15,16,4],[9,13,5,17,21,19,1,3,23,15,4],[21,9,17,23,1,19,13,5,15,3,4],[17,1,3,19,9,5,13,21,23,15,4],[1,17,3,19,9,5,21,23,13,15,16,4],[21,9,13,17,23,1,3,19,5,15,4],[1,5,17,19,9,21,23,13,15,3,4],[5,17,1,3,19,9,21,23,13,15,4],[21,1,3,23,17,19,13,9,5,15,16,4],[9,13,5,21,17,19,1,3,23,15,16,4],[21,1,3,23,9,5,13,17,19,15,16,4],[13,5,17,21,23,1,3,19,9,15,4],[5,9,13,17,1,3,19,21,23,15,4],[9,1,17,3,19,21,23,13,5,15,4],[21,5,1,23,17,19,9,13,3,15,16,4],[21,5,13,9,17,23,1,3,19,15,4],[13,1,5,9,17,3,19,21,23,15,4],[17,5,9,13,21,19,1,23,15,3,16,4],[1,13,21,3,23,9,5,17,19,15,4],[13,9,21,1,3,23,17,19,5,15,4],[17,5,21,23,13,1,19,9,3,15,16,4],[1,21,23,17,3,19,9,13,5,15,16,4],[21,9,1,23,13,17,3,19,5,15,4],[1,17,19,9,13,5,21,23,15,3,4],[13,21,1,23,5,9,17,19,15,3,4],[1,21,3,23,9,13,5,17,19,15,16,4],[1,13,17,3,19,5,21,23,9,15,16,4],[17,9,21,23,13,1,19,5,3,15,16,4],[21,13,5,9,17,19,1,23,3,15,16,4],[21,1,23,13,9,17,3,19,5,15,4],[21,13,5,1,23,9,17,19,3,15,16,4],[17,5,1,3,19,13,21,23,9,15,16,4],[1,9,17,19,13,21,3,23,5,15,16,4],[5,1,17,19,21,23,9,13,3,15,16,4],[13,21,5,1,3,23,9,17,19,15,16,4],[13,17,21,19,1,3,23,9,5,15,4],[9,1,13,5,21,23,17,19,3,15,4],[17,5,21,23,1,3,19,13,9,15,16,4],[5,21,1,23,13,17,19,9,15,3,4],[1,9,5,21,23,17,3,19,13,15,16,4],[5,17,1,19,21,3,23,9,13,15,4],[17,5,13,21,19,1,3,23,9,15,16,4],[13,17,1,19,9,5,21,3,23,15,4],[5,13,9,1,21,23,17,3,19,15,16,4],[9,21,5,17,23,1,3,19,13,15,4],[17,5,21,23,13,1,3,19,9,15,16,4],[21,1,3,23,13,5,9,17,19,15,4],[21,1,3,23,13,9,5,17,19,15,16,4],[9,5,1,17,3,19,13,21,23,15,4],[9,21,17,19,5,13,1,23,3,15,4],[13,9,17,1,19,21,23,5,15,3,4],[9,1,21,23,17,19,13,5,15,3,16,4],[1,9,5,13,17,3,19,21,23,15,4],[21,1,3,23,13,5,9,17,19,15,4],[5,13,21,1,3,23,9,17,19,15,4],[1,5,13,17,19,21,3,23,9,15,16,4],[1,5,21,23,17,3,19,9,13,15,16,4],[13,17,5,1,3,19,21,23,9,15,16,4],[21,13,1,23,5,17,3,19,9,15,16,4],[17,21,19,1,3,23,5,13,9,15,4],[9,17,13,21,23,5,1,3,19,15,16,4],[21,9,17,19,5,1,23,13,3,15,16,4],[9,13,17,1,19,5,21,23,15,3,16,4],[5,17,1,19,13,9,21,23,3,15,16,4],[13,9,21,5,17,23,1,3,19,15,4],[21,9,5,13,17,19,1,3,23,15,4],[9,1,5,21,3,23,17,19,13,15,16,4],[5,1,21,23,13,9,17,3,19,15,16,4],[21,5,17,23,13,1,3,19,9,15,4],[9,13,5,21,17,23,1,3,19,15,16,4],[1,21,3,23,17,19,13,9,5,15,4],[13,1,5,21,3,23,17,19,9,15,4],[9,21,17,23,13,5,1,19,15,3,4],[9,13,1,17,19,21,3,23,5,15,4],[17,5,1,3,19,21,23,9,13,15,16,4],[1,5,13,17,19,9,21,23,3,15,16,4],[13,5,21,1,3,23,9,17,19,15,16,4],[9,21,17,19,5,13,1,3,23,15,4],[13,5,1,17,19,9,21,23,3,15,16,4],[9,1,5,21,23,13,17,19,3,15,4],[21,13,1,23,9,17,3,19,5,15,4],[5,13,21,1,3,23,17,19,9,15,4],[13,17,5,9,21,23,1,3,19,15,4],[17,21,19,13,5,1,3,23,9,15,4],[1,5,21,3,23,9,17,19,13,15,16,4],[17,1,19,21,3,23,5,13,9,15,16,4],[1,21,3,23,5,9,17,19,13,15,4],[17,21,23,9,1,19,13,5,15,3,16,4],[21,9,17,19,13,5,1,23,15,3,4],[13,1,5,9,17,3,19,21,23,15,16,4],[5,21,13,1,23,9,17,3,19,15,4],[9,17,13,21,19,1,23,5,15,3,4],[1,17,3,19,21,23,5,9,13,15,16,4],[1,5,9,13,17,3,19,21,23,15,4],[9,1,13,5,17,19,21,3,23,15,4],[1,9,17,19,21,23,5,13,3,15,16,4],[9,13,21,5,17,23,1,19,15,3,4],[21,9,5,1,23,17,19,13,15,3,4],[5,17,1,19,9,21,23,13,3,15,4],[17,21,19,13,9,1,23,5,3,15,4],[17,21,19,1,3,23,5,13,9,15,4],[13,1,5,21,3,23,17,19,9,15,16,4],[5,9,1,13,21,23,17,3,19,15,16,4],[5,1,13,17,19,9,21,23,3,15,4],[13,5,17,1,3,19,21,23,9,15,4],[17,21,19,5,1,3,23,9,13,15,16,4],[9,17,21,23,13,5,1,3,19,15,4],[9,13,5,1,17,19,21,23,15,3,4],[17,13,21,23,5,1,19,9,15,3,4],[21,17,19,1,23,13,5,9,15,3,4],[9,17,21,23,5,13,1,19,3,15,4],[13,5,1,17,3,19,21,23,9,15,16,4],[13,17,9,5,1,19,21,3,23,15,4],[9,5,21,1,23,17,19,13,3,15,16,4],[17,13,9,21,23,5,1,19,15,3,4],[5,1,9,13,21,23,17,3,19,15,16,4],[1,5,9,13,17,3,19,21,23,15,16,4],[5,21,9,17,19,1,23,13,3,15,4],[9,21,5,17,23,1,19,13,15,3,4],[21,9,1,23,13,17,19,5,15,3,4],[5,9,1,17,3,19,21,23,13,15,4],[21,5,17,23,9,1,3,19,13,15,4],[13,17,5,1,19,9,21,3,23,15,4],[1,9,21,3,23,17,19,13,5,15,16,4],[9,13,17,5,21,23,1,19,15,3,4],[21,13,9,1,3,23,5,17,19,15,16,4],[9,13,17,21,23,1,19,5,15,3,4],[21,5,1,3,23,13,17,19,9,15,16,4],[17,9,21,19,13,5,1,23,15,3,4],[9,5,17,13,1,3,19,21,23,15,16,4],[17,21,19,13,1,3,23,9,5,15,16,4],[13,9,21,5,17,19,1,3,23,15,16,4],[1,17,19,13,5,9,21,23,15,3,4],[21,1,3,23,17,19,13,5,9,15,4],[5,17,13,21,19,1,23,9,3,15,16,4],[5,9,1,13,21,3,23,17,19,15,16,4],[21,5,9,13,1,3,23,17,19,15,16,4],[17,9,1,19,13,21,23,5,3,15,16,4],[21,5,1,23,13,9,17,19,15,3,4],[17,13,21,23,5,1,19,9,15,3,16,4],[21,5,17,19,1,23,9,13,15,3,16,4],[5,21,1,3,23,9,13,17,19,15,4],[17,9,5,1,19,21,23,13,15,3,4],[1,21,3,23,9,5,13,17,19,15,16,4],[21,5,1,3,23,9,17,19,13,15,4],[17,21,19,9,5,1,23,13,15,3,16,4],[9,17,13,21,19,5,1,23,15,3,4],[5,9,21,13,1,23,17,19,15,3,4],[17,1,3,19,9,21,23,13,5,15,16,4],[13,21,5,9,1,23,17,19,15,3,4],[13,1,17,3,19,5,21,23,9,15,4],[17,21,19,1,23,5,13,9,3,15,4],[13,21,1,23,9,17,19,5,15,3,16,4],[17,21,23,5,1,3,19,9,13,15,16,4],[13,1,17,19,21,3,23,5,9,15,16,4],[21,17,19,9,5,1,23,13,15,3,16,4],[21,13,5,17,23,9,1,19,3,15,4],[9,5,17,1,3,19,21,23,13,15,16,4],[21,5,13,17,19,9,1,3,23,15,4],[5,17,1,3,19,21,23,13,9,15,4],[13,5,21,1,23,17,3,19,9,15,16,4],[17,21,23,5,9,1,19,13,3,15,4],[5,1,21,3,23,13,17,19,9,15,4],[13,17,1,3,19,9,5,21,23,15,16,4],[13,1,9,5,21,23,17,3,19,15,16,4],[17,13,5,9,21,19,1,23,3,15,4],[21,17,23,5,13,1,3,19,9,15,16,4],[17,21,19,1,3,23,5,13,9,15,16,4],[21,17,19,5,9,13,1,3,23,15,4],[5,21,1,23,17,3,19,9,13,15,4],[17,21,23,9,13,1,19,5,15,3,16,4],[13,1,5,9,17,3,19,21,23,15,4],[21,5,1,3,23,9,17,19,13,15,16,4],[13,17,9,1,3,19,5,21,23,15,4],[13,21,5,17,23,1,3,19,9,15,4],[9,1,17,19,13,5,21,3,23,15,16,4],[1,17,19,5,9,21,3,23,13,15,4],[9,21,17,23,1,19,13,5,15,3,16,4],[1,21,3,23,9,17,19,13,5,15,16,4],[13,9,17,5,21,23,1,19,15,3,16,4]],"n_human":14}