{"problem_id": "tWiapY5cHF33Fm4", "sigma": 75, "alpha": 0.316, "cost": 0, "probabilities": "[0.49, 0.09, 0.39, 0.03]", "payoff_matrix": "[[-55, 78, 19, 2, -79, 146], [65, -31, -36, -152, -19, 151], [17, -52, -32, 229, -31, -137], [13, -142, 25, -7, 74, -183]]", "uncovered": [[13, 17, 1, 5, 9, 21, 23, 7, 11, 15], [21, 13, 1, 17], [1, 17, 13, 5, 21, 23, 9, 7, 11, 15], [9, 17, 21, 13, 1], [21, 9, 13, 5, 7, 1], [21, 5, 7, 9, 1, 17], [13, 21, 5, 7, 9, 1], [21, 1, 17, 13], [5, 1, 17, 13, 9, 21, 23, 7, 11, 15], [13, 1, 5, 9, 21, 23, 17, 7, 11, 15], [5, 17, 21, 23, 9, 1, 13, 7, 11, 15], [5, 9, 17, 21, 7, 1], [1, 9, 13, 17, 21], [13, 1, 17, 9, 21], [9, 13, 21, 1, 17], [17, 1, 5, 13, 9, 21, 23, 7, 11, 15], [1, 17, 5, 9, 21, 7], [1, 13, 9, 5, 21, 23, 17, 7, 11, 15], [21, 5, 7, 1, 9, 17], [13, 21, 9, 1, 17], [17, 21, 1, 9, 13], [9, 1, 13, 21, 5, 23, 17, 7, 11, 15], [21, 17, 5, 7, 9, 13], [9, 5, 21, 7, 13, 1], [13, 17, 5, 9, 21, 7], [9, 5, 1, 21, 7, 13], [17, 13, 5, 1, 9, 21, 23, 7, 11, 15], [17, 21, 9, 13, 1], [5, 1, 9, 21, 23, 17, 13, 7, 11, 15], [17, 13, 21, 1], [13, 9, 21, 1, 5, 23, 17, 7, 11, 15], [21, 9, 15, 13, 23], [5, 13, 1, 9, 17, 21, 7], [13, 9, 17, 5, 1, 21, 7], [1, 9, 21, 5, 7, 13], [21, 17, 13, 9, 1], [9, 17, 13, 21, 5, 23, 1, 7, 11, 15], [9, 5, 1, 21, 7, 13], [17, 1, 21, 13], [5, 9, 13, 1, 21, 23, 17, 7, 11, 15], [5, 17, 9, 1, 21, 23, 13, 7, 11, 15], [21, 1, 5, 23, 13, 9, 17, 7, 11, 15], [1, 17, 5, 21, 7], [17, 21, 13, 9, 1], [1, 17, 21, 5, 7], [21, 9, 5, 23, 1, 7, 17, 13, 11, 15], [1, 13, 5, 9, 17, 21, 7], [13, 17, 5, 9, 21, 7], [21, 17, 5, 23, 1, 9, 13, 7, 11, 15], [5, 9, 13, 17, 1, 21, 7], [1, 21, 9, 13, 5, 23, 17, 7, 11, 15], [5, 9, 21, 23, 13, 1, 17, 7, 11, 15], [21, 13, 9, 17, 5, 7], [9, 13, 1, 17, 5, 21, 7], [1, 5, 21, 23, 9, 17, 13, 7, 11, 15], [1, 21, 13, 5, 7], [21, 9, 17, 1, 15, 13, 23], [17, 5, 21, 23, 9, 1, 13, 7, 11, 15], [17, 21, 13, 1], [17, 5, 13, 21, 23, 9, 1, 7, 11, 15], [21, 13, 1, 17], [1, 21, 13, 5, 7], [13, 21, 1, 9, 5, 7], [5, 9, 13, 1, 17, 21, 7], [21, 2, 1, 17, 13], [21, 17, 13, 5, 7], [17, 13, 21, 7], [5, 9, 13, 21, 23, 17, 7, 1, 11, 15], [17, 13, 9, 5, 1, 21, 7], [21, 13, 1, 9, 5, 23, 17, 7, 11, 15], [21, 1, 9, 17, 5, 23, 13, 7, 11, 15], [21, 5, 23, 9, 1, 17, 13, 7, 11, 15], [13, 21, 1, 17], [5, 1, 21, 23, 13, 17, 9, 7, 11, 15], [21, 1, 13, 17], [1, 21, 13, 5, 7], [17, 9, 5, 21, 23, 13, 1, 7, 11, 15], [9, 17, 1, 5, 13, 21, 23, 7, 11, 15], [21, 1, 5, 7, 17], [9, 5, 21, 7, 1, 13], [17, 9, 5, 1, 21, 23, 13, 7, 11, 15], [17, 13, 1, 9, 5, 21, 23, 7, 11, 15], [1, 5, 21, 7, 9, 17], [1, 13, 9, 5, 17, 21, 23, 7, 11, 15], [13, 1, 21, 17], [21, 1, 17, 9, 5, 7], [9, 17, 21, 13, 1], [5, 1, 13, 17, 9, 21, 23, 7, 11, 15], [21, 5, 23, 13, 1, 17, 9, 7, 11, 15], [9, 13, 17, 5, 1, 21, 7], [9, 17, 1, 5, 13, 21, 7], [17, 9, 1, 5, 13, 21, 7], [17, 5, 21, 23, 13, 1, 9, 7, 11, 15], [9, 17, 13, 1, 21], [9, 5, 13, 1, 17, 21, 7], [5, 21, 23, 17, 13, 1, 9, 7, 11, 15], [9, 1, 17, 13, 5, 21, 7], [13, 21, 17, 5, 7], [5, 1, 21, 7, 9, 17], [17, 21, 1, 9, 5, 23, 13, 7, 11, 15], [21, 13, 1, 9, 5, 7], [17, 21, 9, 5, 7, 13], [21, 1, 9, 17, 13], [5, 17, 1, 9, 21, 23, 13, 7, 11, 15], [21, 1, 13, 9, 17], [21, 9, 1, 17, 13], [17, 9, 13, 5, 1, 21, 7], [13, 5, 9, 1, 17, 21, 23, 7, 11, 15], [21, 9, 1, 17], [9, 1, 21, 17], [13, 9, 1, 17, 5, 21, 7], [17, 21, 1, 13], [9, 21, 1, 17, 13], [21, 1, 17, 9, 5, 7], [5, 17, 1, 9, 21, 23, 7, 13, 11, 15], [17, 21, 9, 13, 5, 23, 1, 7, 11, 15], [13, 5, 9, 1, 17, 21, 23, 7, 11, 15], [17, 5, 1, 13, 9, 21, 7], [13, 5, 17, 9, 1, 21, 23, 7, 11, 15], [13, 17, 9, 1, 5, 21, 7], [17, 1, 13, 21], [5, 9, 1, 21, 23, 13, 17, 7, 11, 15], [13, 9, 21, 1, 17], [5, 1, 13, 21, 7], [9, 13, 1, 17, 21], [17, 1, 13, 5, 21, 7], [5, 17, 21, 7, 1], [13, 1, 17, 9, 5, 21, 23, 7, 11, 15], [5, 1, 13, 21, 7], [13, 1, 17, 21], [13, 5, 1, 17, 21, 23, 9, 7, 11, 15], [17, 1, 21, 5, 7], [13, 1, 9, 17, 5, 21, 7], [5, 17, 1, 9, 21, 7], [17, 1, 9, 13, 5, 21, 7], [9, 17, 21, 5, 7, 13], [9, 1, 17, 21, 5, 7], [13, 17, 21, 5, 23, 1, 9, 7, 11, 15], [9, 5, 1, 21, 7, 17], [17, 21, 5, 23, 1, 13, 9, 7, 11, 15], [17, 21, 5, 7, 13], [1, 9, 17, 21, 5, 23, 13, 7, 11, 15], [13, 5, 17, 9, 21, 7], [21, 9, 1, 17, 13], [21, 5, 7, 9, 13, 17], [1, 21, 17, 9, 13], [9, 5, 21, 7, 13, 17], [21, 5, 23, 9, 13, 17, 1, 7, 11, 15], [9, 5, 21, 23, 13, 7, 1, 17, 11, 15], [17, 5, 21, 23, 1, 9, 7, 13, 11, 15], [5, 13, 9, 21, 23, 1, 7, 17, 11, 15], [17, 13, 1, 5, 9, 21, 23, 7, 11, 15], [13, 1, 5, 17, 21, 23, 9, 7, 11, 15], [21, 9, 5, 7, 13, 1], [21, 5, 7, 17, 9, 13], [17, 13, 21, 9, 1], [5, 21, 23, 9, 1, 17, 13, 7, 11, 15], [17, 5, 13, 1, 9, 21, 7], [5, 17, 9, 13, 1, 21, 7], [9, 1, 21, 5, 23, 13, 17, 7, 11, 15], [21, 9, 13, 17, 5, 7], [17, 13, 9, 5, 1, 21, 23, 7, 11, 15], [17, 1, 5, 21, 23, 13, 9, 7, 11, 15], [5, 1, 9, 13, 17, 21, 23, 7, 11, 15], [5, 1, 21, 7, 17], [1, 13, 21, 17], [1, 17, 9, 13, 21], [9, 13, 1, 21, 5, 7], [1, 17, 9, 21], [1, 21, 13, 5, 23, 17, 9, 7, 11, 15], [5, 9, 13, 1, 17, 21, 23, 7, 11, 15], [5, 1, 21, 7, 9, 17], [5, 13, 1, 21, 23, 9, 17, 7, 11, 15], [9, 17, 21, 1], [17, 1, 5, 13, 21, 23, 9, 7, 11, 15], [21, 5, 23, 17, 9, 1, 13, 7, 11, 15], [9, 1, 21, 5, 7, 13], [13, 17, 9, 1, 5, 21, 23, 7, 11, 15], [17, 5, 1, 13, 21, 7], [17, 1, 5, 13, 9, 21, 23, 7, 11, 15], [1, 9, 13, 21, 5, 7], [17, 1, 13, 9, 5, 21, 23, 7, 11, 15], [17, 5, 1, 9, 21, 23, 13, 7, 11, 15], [13, 21, 1, 5, 7], [9, 5, 13, 21, 7, 17], [17, 1, 13, 21], [17, 21, 9, 1, 5, 7], [13, 17, 1, 21], [5, 13, 17, 1, 21, 7], [1, 5, 17, 9, 21, 23, 13, 7, 11, 15], [13, 9, 5, 1, 21, 7], [1, 9, 5, 13, 21, 23, 17, 7, 11, 15], [21, 9, 5, 7, 17, 1], [9, 1, 5, 21, 7, 17], [9, 1, 21, 13, 17], [17, 9, 1, 13, 5, 21, 7], [21, 13, 1, 5, 7], [1, 21, 17, 9, 13], [21, 9, 1, 5, 7, 17], [17, 21, 1, 13], [13, 21, 5, 7, 17], [17, 13, 9, 5, 1, 21, 23, 7, 11, 15], [9, 17, 13, 5, 1, 21, 7], [17, 21, 9, 13, 1], [17, 1, 9, 5, 21, 7], [13, 17, 9, 21, 5, 7], [5, 17, 1, 13, 9, 21, 7], [5, 21, 7, 9, 13, 17], [1, 5, 9, 21, 23, 17, 13, 7, 11, 15], [17, 1, 5, 21, 7], [21, 13, 5, 23, 7, 9, 1, 17, 11, 15], [1, 21, 13, 17], [17, 13, 21, 9, 1], [1, 17, 9, 21, 13], [9, 21, 17, 5, 23, 13, 1, 7, 11, 15], [9, 5, 21, 23, 13, 17, 1, 7, 11, 15], [9, 1, 5, 17, 13, 21, 7], [21, 1, 17, 13], [17, 9, 1, 13, 5, 21, 23, 7, 11, 15], [5, 17, 1, 13, 21, 23, 9, 7, 11, 15], [9, 17, 21, 13, 5, 23, 1, 7, 11, 15], [13, 1, 9, 21, 5, 7], [21, 1, 5, 7, 9, 17], [13, 1, 21, 17], [1, 17, 21, 5, 23, 13, 9, 7, 11, 15], [1, 21, 9, 13, 17], [1, 17, 5, 13, 9, 21, 23, 7, 11, 15], [13, 17, 5, 9, 21, 7], [5, 13, 9, 1, 21, 7], [13, 9, 21, 1, 5, 23, 17, 7, 11, 15], [21, 17, 13, 1], [5, 13, 17, 21, 7], [21, 9, 1, 17, 5, 23, 13, 7, 11, 15], [21, 17, 13, 1], [9, 1, 13, 21, 5, 23, 17, 7, 11, 15], [17, 9, 1, 21, 13], [1, 9, 17, 5, 13, 21, 23, 7, 11, 15], [5, 17, 21, 23, 9, 1, 13, 7, 11, 15], [1, 5, 17, 21, 23, 9, 13, 7, 11, 15], [13, 5, 1, 9, 17, 21, 7], [5, 1, 13, 9, 21, 23, 17, 7, 11, 15], [13, 9, 1, 21, 5, 23, 17, 7, 11, 15], [9, 17, 5, 21, 7, 13], [1, 17, 5, 21, 23, 13, 7, 9, 11, 15], [5, 17, 21, 23, 1, 9, 13, 7, 11, 15], [13, 17, 5, 21, 23, 9, 1, 7, 11, 15], [9, 17, 13, 1, 5, 21, 7], [1, 17, 13, 21], [9, 1, 5, 17, 13, 21, 7], [13, 17, 5, 1, 9, 21, 23, 7, 11, 15], [17, 1, 21, 13], [1, 5, 21, 7, 13], [9, 17, 21, 13, 1], [5, 21, 23, 17, 13, 1, 9, 7, 11, 15], [1, 9, 21, 5, 7, 17], [5, 9, 17, 13, 1, 21, 23, 7, 11, 15], [1, 17, 5, 9, 13, 21, 23, 7, 11, 15], [21, 5, 23, 13, 17, 9, 1, 7, 11, 15], [5, 1, 9, 17, 21, 7], [13, 5, 1, 21, 23, 17, 9, 7, 11, 15], [5, 9, 1, 13, 21, 7], [5, 13, 21, 7, 17], [1, 17, 5, 9, 13, 21, 23, 7, 11, 15], [9, 13, 1, 5, 17, 21, 23, 7, 11, 15], [1, 5, 9, 17, 21, 23, 13, 7, 11, 15], [13, 9, 5, 1, 21, 23, 17, 7, 11, 15], [17, 1, 21, 5, 7], [5, 21, 23, 13, 1, 17, 9, 7, 11, 15], [21, 17, 9, 1, 5, 7], [13, 9, 17, 1, 21], [13, 17, 21, 9, 5, 7], [13, 17, 1, 9, 5, 21, 23, 7, 11, 15], [21, 13, 5, 23, 17, 9, 1, 7, 11, 15], [17, 13, 9, 1, 5, 21, 7], [9, 17, 21, 13, 5, 7], [21, 17, 13, 5, 23, 9, 1, 7, 11, 15], [13, 17, 9, 21, 1], [5, 13, 17, 1, 21, 23, 9, 7, 11, 15], [9, 1, 5, 17, 13, 21, 23, 7, 11, 15], [1, 21, 13, 17], [9, 13, 1, 17, 21], [21, 9, 1, 13, 5, 7], [13, 1, 9, 21, 17], [1, 21, 17, 9, 5, 23, 13, 7, 11, 15], [1, 17, 13, 21], [1, 5, 13, 9, 21, 7], [13, 21, 9, 1, 17], [21, 1, 9, 13, 5, 7], [13, 9, 1, 5, 21, 23, 17, 7, 11, 15], [5, 1, 17, 13, 9, 21, 23, 7, 11, 15], [21, 13, 17, 1], [5, 17, 9, 21, 7, 13], [17, 5, 21, 23, 13, 7, 9, 1, 11, 15], [5, 21, 23, 1, 9, 13, 17, 7, 11, 15], [21, 13, 5, 23, 17, 1, 9, 7, 11, 15], [17, 5, 13, 1, 21, 23, 9, 7, 11, 15], [9, 13, 17, 5, 21, 7], [21, 17, 1, 5, 23, 9, 13, 7, 11, 15], [9, 1, 5, 17, 13, 21, 23, 7, 11, 15], [13, 1, 5, 17, 21, 7], [1, 17, 5, 21, 23, 13, 9, 7, 11, 15], [17, 9, 1, 5, 13, 21, 7], [17, 1, 21, 13], [1, 21, 17, 13], [17, 13, 1, 21], [9, 1, 13, 17, 5, 21, 7], [1, 5, 21, 7, 17], [13, 5, 17, 9, 1, 21, 23, 7, 11, 15], [9, 5, 1, 17, 13, 21, 23, 7, 11, 15], [5, 17, 9, 21, 23, 13, 1, 7, 11, 15], [21, 9, 13, 17, 1], [21, 9, 17, 5, 23, 1, 13, 7, 11, 15], [9, 5, 1, 17, 21, 23, 13, 7, 11, 15], [5, 21, 7, 13, 1], [21, 13, 9, 5, 23, 17, 1, 7, 11, 15], [9, 13, 17, 5, 1, 21, 23, 7, 11, 15], [21, 17, 13, 9, 5, 23, 1, 7, 11, 15], [17, 5, 13, 9, 1, 21, 7], [5, 17, 9, 1, 21, 23, 13, 7, 11, 15], [21, 1, 17, 9], [17, 21, 1, 9, 13], [5, 1, 21, 23, 9, 17, 13, 7, 11, 15], [21, 9, 17, 13, 5, 7], [17, 21, 5, 7, 1], [17, 21, 1, 9, 5, 7], [5, 1, 21, 23, 9, 13, 17, 7, 11, 15], [17, 1, 9, 5, 13, 21, 7], [17, 21, 13, 9, 1], [21, 1, 17, 13], [21, 3, 5, 23, 9, 13, 17, 7, 1, 11, 15], [17, 21, 1, 9, 13], [5, 21, 7, 1, 17], [1, 9, 13, 17, 5, 21, 7], [17, 9, 13, 1, 5, 21, 7], [1, 21, 13, 9, 17], [17, 13, 21, 1], [13, 5, 17, 9, 21, 7], [13, 5, 21, 7, 12, 17], [5, 1, 17, 9, 13, 21, 7], [13, 21, 17, 5, 7], [13, 5, 9, 1, 21, 23, 17, 7, 11, 15], [1, 21, 9, 17, 5, 23, 13, 7, 11, 15], [13, 5, 1, 21, 23, 17, 9, 7, 11, 15], [9, 17, 5, 1, 21, 7], [13, 21, 17, 5, 23, 9, 1, 7, 11, 15], [17, 5, 1, 9, 21, 7], [1, 21, 5, 7, 17], [5, 17, 1, 21, 23, 9, 7, 13, 11, 15], [9, 13, 5, 17, 21, 23, 1, 7, 11, 15], [13, 21, 9, 5, 23, 17, 1, 7, 11, 15], [21, 12, 17, 9, 5, 23, 13, 1, 7, 11, 15], [9, 1, 21, 13, 17], [1, 9, 13, 21, 17], [1, 5, 17, 13, 9, 21, 7], [1, 9, 5, 17, 21, 23, 13, 7, 11, 15], [9, 1, 17, 13, 21], [17, 13, 1, 5, 21, 7], [17, 9, 13, 21, 1], [1, 5, 17, 21, 7], [13, 9, 5, 21, 23, 17, 1, 7, 11, 15], [9, 17, 21, 5, 23, 1, 7, 13, 11, 15], [9, 21, 17, 5, 23, 13, 7, 1, 11, 15], [1, 17, 5, 9, 21, 7], [17, 5, 13, 1, 9, 21, 7], [17, 21, 5, 7, 1], [5, 21, 7, 9, 1, 17], [21, 17, 13, 9, 5, 23, 1, 7, 11, 15], [1, 9, 17, 21, 5, 23, 13, 7, 11, 15], [13, 5, 17, 1, 9, 21, 23, 7, 11, 15], [17, 5, 21, 7, 9, 1], [9, 5, 17, 13, 1, 21, 23, 7, 11, 15], [9, 5, 1, 13, 21, 7], [21, 13, 1, 5, 23, 17, 9, 7, 11, 15], [1, 21, 5, 23, 13, 7, 17, 9, 11, 15], [1, 13, 17, 21], [9, 21, 13, 17, 5, 23, 1, 7, 11, 15], [21, 13, 9, 1, 17], [9, 17, 13, 5, 1, 21, 7], [13, 17, 9, 1, 21], [9, 13, 17, 1, 5, 21, 7], [17, 21, 5, 23, 1, 13, 9, 7, 11, 15], [13, 5, 17, 9, 1, 21, 7], [17, 13, 5, 21, 23, 9, 1, 7, 11, 15], [9, 1, 5, 17, 13, 21, 23, 7, 11, 15], [21, 17, 5, 7, 1], [1, 9, 21, 17, 13], [1, 9, 17, 21, 5, 23, 13, 7, 11, 15], [17, 21, 1, 13], [21, 13, 5, 7, 9, 17], [1, 13, 17, 5, 9, 21, 7], [17, 21, 13, 1], [5, 9, 21, 7, 1, 17], [1, 21, 17, 9], [5, 13, 21, 7, 1], [17, 1, 21, 13], [1, 5, 21, 7, 9, 13], [5, 1, 9, 21, 7, 17], [13, 1, 5, 9, 21, 7], [9, 21, 13, 1, 17], [9, 5, 21, 23, 1, 17, 13, 7, 11, 15], [1, 9, 21, 13, 17], [21, 17, 5, 23, 13, 1, 9, 7, 11, 15], [17, 9, 5, 21, 7, 13], [13, 9, 1, 5, 17, 21, 23, 7, 11, 15], [1, 21, 13, 5, 23, 9, 17, 7, 11, 15], [5, 21, 23, 1, 17, 9, 13, 7, 11, 15], [5, 13, 1, 17, 9, 21, 23, 7, 11, 15], [17, 21, 13, 9, 1], [9, 21, 1, 17], [13, 21, 1, 5, 7], [1, 13, 9, 5, 21, 23, 17, 7, 11, 15], [13, 17, 21, 9, 5, 7], [9, 1, 17, 21], [21, 13, 17, 9, 5, 7], [21, 9, 5, 23, 13, 17, 1, 7, 11, 15], [17, 21, 9, 13, 5, 7], [9, 21, 5, 23, 1, 13, 17, 7, 11, 15], [21, 1, 13, 17], [9, 13, 1, 17, 21], [5, 1, 17, 9, 21, 7], [9, 21, 5, 7, 17, 13], [1, 17, 5, 21, 7], [1, 21, 5, 7, 13], [5, 17, 13, 21, 23, 9, 1, 7, 11, 15], [21, 17, 13, 9, 5, 7], [13, 21, 17, 1], [5, 13, 21, 23, 17, 1, 9, 7, 11, 15], [5, 9, 17, 13, 1, 21, 7], [13, 9, 5, 17, 1, 21, 23, 7, 11, 15], [13, 9, 17, 21, 1], [21, 17, 13, 5, 23, 9, 1, 7, 11, 15], [17, 13, 1, 21], [9, 13, 17, 5, 21, 23, 1, 7, 11, 15], [9, 5, 13, 17, 21, 7], [1, 17, 5, 9, 13, 21, 23, 7, 11, 15], [1, 21, 17, 13], [5, 21, 23, 1, 13, 17, 9, 7, 11, 15], [13, 17, 9, 1, 21], [13, 21, 17, 1], [17, 13, 9, 21, 5, 7], [5, 9, 21, 23, 13, 1, 17, 7, 11, 15], [21, 9, 13, 5, 23, 1, 7, 17, 11, 15], [13, 1, 5, 17, 9, 21, 7], [21, 17, 9, 13, 5, 7], [17, 1, 5, 21, 7], [17, 5, 1, 21, 23, 13, 9, 7, 11, 15], [9, 5, 21, 23, 13, 1, 17, 7, 11, 15], [17, 1, 21, 9, 13], [17, 9, 21, 1, 13], [21, 9, 1, 5, 7, 13], [17, 9, 5, 13, 21, 7], [21, 13, 9, 17, 5, 7], [13, 9, 21, 1, 17], [9, 17, 21, 13, 5, 23, 1, 7, 11, 15], [9, 5, 17, 13, 21, 7], [17, 13, 5, 1, 21, 23, 9, 7, 11, 15], [5, 17, 9, 1, 21, 7], [1, 21, 9, 5, 7, 17], [13, 5, 17, 21, 23, 1, 9, 7, 11, 15], [1, 5, 13, 9, 21, 23, 17, 7, 11, 15], [5, 9, 21, 23, 17, 1, 7, 13, 11, 15], [1, 9, 5, 21, 7, 13], [17, 1, 13, 9, 21], [13, 21, 5, 7, 17], [21, 13, 17, 9, 5, 7], [21, 1, 17, 13], [21, 5, 23, 1, 17, 13, 9, 7, 11, 15], [21, 17, 5, 23, 9, 1, 13, 7, 11, 15], [21, 9, 1, 13, 17], [9, 1, 17, 5, 21, 7], [1, 9, 5, 17, 13, 21, 23, 7, 11, 15], [21, 5, 7, 13, 17], [17, 5, 9, 1, 21, 7], [9, 17, 21, 5, 23, 13, 1, 7, 11, 15], [9, 1, 21, 5, 7, 13], [21, 1, 13, 17], [17, 21, 9, 13, 1], [17, 13, 5, 21, 23, 1, 9, 7, 11, 15], [17, 5, 21, 7, 9, 1], [5, 9, 21, 7, 17, 1], [9, 21, 13, 17, 1], [1, 5, 9, 13, 17, 21, 7], [5, 13, 17, 9, 21, 23, 1, 7, 11, 15], [9, 1, 5, 13, 17, 21, 23, 7, 11, 15], [17, 21, 9, 13, 1], [9, 21, 13, 1, 5, 7], [13, 21, 1, 17], [13, 17, 9, 21, 1], [9, 17, 5, 21, 23, 13, 1, 7, 11, 15], [1, 13, 17, 21], [17, 13, 21, 5, 23, 1, 9, 7, 11, 15], [9, 17, 1, 13, 21], [13, 17, 1, 9, 5, 21, 7], [13, 21, 5, 7, 17], [5, 1, 9, 13, 17, 21, 7], [13, 21, 9, 17, 6, 1], [13, 5, 1, 9, 17, 21, 23, 7, 11, 15], [9, 1, 21, 13, 5, 23, 17, 7, 11, 15], [21, 1, 9, 17, 5, 7], [21, 17, 5, 23, 9, 1, 13, 7, 11, 15], [13, 21, 9, 17, 1], [21, 13, 9, 1, 17], [17, 1, 13, 21], [5, 17, 21, 23, 13, 1, 9, 7, 11, 15], [21, 13, 17, 9, 1], [9, 1, 13, 17, 21], [13, 5, 17, 9, 21, 23, 1, 7, 11, 15], [1, 5, 13, 9, 21, 7], [21, 9, 13, 17, 1], [1, 5, 13, 17, 9, 21, 7], [5, 17, 9, 13, 21, 23, 1, 7, 11, 15], [9, 17, 1, 21], [21, 1, 13, 9, 17], [21, 1, 13, 17], [17, 5, 13, 1, 21, 23, 9, 7, 11, 15], [17, 5, 21, 23, 9, 1, 13, 7, 11, 15], [5, 9, 17, 21, 7, 13], [17, 9, 5, 21, 23, 13, 1, 7, 11, 15], [21, 13, 5, 23, 1, 9, 17, 7, 11, 15], [5, 17, 1, 13, 21, 7], [9, 5, 21, 7, 13, 1], [5, 17, 13, 21, 23, 7, 9, 1, 11, 15], [13, 17, 1, 5, 9, 21, 23, 7, 11, 15], [13, 9, 5, 17, 21, 23, 1, 7, 11, 15], [21, 1, 5, 7, 17], [17, 1, 21, 9, 5, 7], [17, 13, 5, 9, 21, 23, 1, 7, 11, 15], [13, 1, 21, 9, 5, 23, 17, 7, 11, 15], [13, 9, 21, 5, 23, 17, 1, 7, 11, 15], [5, 17, 13, 1, 21, 7], [1, 5, 21, 7, 13], [13, 1, 21, 17], [1, 21, 9, 17], [5, 13, 1, 9, 17, 21, 7], [5, 9, 1, 13, 17, 21, 23, 7, 11, 15], [21, 5, 7, 9, 1], [21, 13, 9, 1, 5, 7], [17, 21, 5, 23, 1, 9, 13, 7, 11, 15], [21, 17, 5, 7, 9, 1], [13, 1, 9, 21, 17], [13, 1, 21, 9, 5, 7], [5, 13, 21, 23, 9, 17, 1, 7, 11, 15], [1, 5, 9, 21, 23, 13, 17, 7, 11, 15], [1, 13, 9, 21, 17], [9, 1, 5, 13, 17, 21, 23, 7, 11, 15], [1, 21, 13, 9, 17], [21, 1, 5, 23, 17, 7, 9, 13, 11, 15], [9, 1, 13, 5, 17, 21, 7], [5, 9, 13, 21, 7, 1], [17, 5, 1, 13, 9, 21, 7], [9, 17, 21, 1, 5, 7], [9, 5, 21, 23, 17, 13, 1, 7, 11, 15], [17, 21, 9, 5, 23, 1, 13, 7, 11, 15], [17, 1, 21, 9, 15, 13, 23], [9, 5, 13, 21, 7, 1], [1, 13, 17, 21], [9, 1, 21, 17], [17, 5, 21, 7, 1], [17, 5, 1, 9, 21, 23, 13, 7, 11, 15], [5, 13, 1, 17, 21, 7], [13, 5, 17, 9, 21, 7], [17, 9, 5, 1, 13, 21, 23, 7, 11, 15], [13, 17, 1, 21], [17, 5, 21, 7, 13], [1, 17, 13, 21], [5, 21, 23, 1, 9, 17, 13, 7, 11, 15], [9, 21, 17, 1, 5, 7], [5, 17, 1, 13, 21, 7], [21, 5, 23, 17, 13, 1, 9, 7, 11, 15], [9, 5, 1, 17, 13, 21, 7], [9, 13, 17, 5, 21, 23, 1, 7, 11, 15], [17, 1, 13, 9, 21], [21, 17, 13, 1], [9, 13, 21, 5, 7, 17], [9, 17, 13, 1, 21], [13, 17, 1, 9, 21], [17, 1, 5, 9, 21, 23, 13, 7, 11, 15], [5, 21, 7, 9, 13, 1], [17, 9, 21, 13, 5, 23, 1, 7, 11, 15], [13, 5, 1, 21, 23, 9, 17, 7, 11, 15], [9, 17, 13, 5, 1, 21, 23, 7, 11, 15], [17, 21, 13, 9, 5, 23, 1, 7, 11, 15], [13, 17, 9, 21, 5, 23, 1, 7, 11, 15], [17, 13, 1, 5, 9, 21, 7], [1, 13, 21, 5, 23, 9, 17, 7, 11, 15], [17, 1, 5, 13, 21, 7], [17, 13, 1, 9, 21], [13, 1, 21, 17], [1, 17, 13, 9, 5, 21, 7], [9, 17, 1, 5, 13, 21, 7], [17, 5, 9, 13, 1, 21, 7], [17, 9, 21, 1, 5, 23, 13, 7, 11, 15], [5, 13, 1, 9, 21, 7], [21, 13, 9, 5, 7, 17], [21, 17, 5, 7, 1], [1, 21, 17, 9, 5, 7], [21, 17, 9, 1, 13], [17, 1, 21, 13], [1, 21, 13, 9, 5, 23, 17, 7, 11, 15], [13, 5, 21, 7, 17], [13, 1, 9, 17, 5, 21, 7], [17, 5, 21, 23, 1, 7, 9, 13, 11, 15], [9, 17, 5, 13, 21, 7], [5, 1, 13, 9, 17, 21, 23, 7, 11, 15], [1, 21, 13, 17], [5, 9, 1, 21, 23, 17, 7, 13, 11, 15], [13, 21, 5, 23, 17, 9, 1, 7, 11, 15], [13, 9, 1, 5, 17, 21, 7], [21, 5, 7, 17, 1], [21, 1, 5, 7, 9, 13], [1, 5, 17, 13, 21, 7], [17, 13, 1, 5, 21, 7], [9, 21, 13, 5, 23, 1, 17, 7, 11, 15], [21, 18, 1, 9, 13, 5, 7], [13, 21, 9, 17, 1], [1, 21, 13, 9, 17], [5, 21, 23, 9, 13, 1, 7, 17, 11, 15], [9, 21, 1, 13, 5, 7], [9, 5, 17, 13, 21, 23, 1, 7, 11, 15], [13, 21, 1, 9, 17], [21, 17, 5, 23, 9, 1, 13, 7, 11, 15], [1, 5, 17, 9, 21, 7], [5, 17, 21, 23, 1, 13, 9, 7, 11, 15], [5, 9, 13, 17, 1, 21, 23, 7, 11, 15], [17, 5, 1, 21, 7], [17, 13, 21, 9, 1], [9, 17, 1, 13, 21], [1, 9, 5, 21, 7, 17], [17, 5, 9, 1, 21, 23, 13, 7, 11, 15], [5, 1, 13, 17, 9, 21, 7], [13, 9, 1, 5, 21, 23, 17, 7, 11, 15], [17, 21, 13, 5, 7], [21, 1, 17, 13], [9, 17, 13, 21, 1], [1, 9, 5, 17, 13, 21, 7], [5, 9, 21, 7, 17, 13], [17, 21, 1, 13], [5, 13, 9, 1, 21, 23, 17, 7, 11, 15], [21, 17, 5, 7, 9, 1], [5, 17, 1, 13, 9, 21, 23, 7, 11, 15], [1, 9, 17, 13, 21], [21, 9, 5, 23, 13, 17, 1, 7, 11, 15], [17, 5, 1, 13, 9, 21, 23, 7, 11, 15], [13, 5, 17, 21, 7], [9, 13, 21, 5, 23, 1, 17, 7, 11, 15], [5, 9, 1, 13, 17, 21, 23, 7, 11, 15], [21, 1, 5, 23, 9, 13, 17, 7, 11, 15], [1, 9, 13, 21, 5, 7], [1, 13, 17, 9, 5, 21, 23, 7, 11, 15], [1, 9, 21, 13, 17], [1, 9, 13, 21, 17], [17, 9, 21, 13, 5, 7], [9, 17, 21, 5, 7, 13], [5, 1, 21, 7, 13], [21, 9, 5, 7, 1, 17], [21, 11, 17, 5, 23, 13, 1, 7, 15], [5, 13, 1, 9, 21, 7], [21, 9, 5, 7, 3, 17], [5, 9, 17, 1, 13, 21, 7], [13, 21, 1, 5, 7], [1, 13, 9, 17, 21], [9, 21, 1, 17, 13], [1, 13, 5, 17, 21, 23, 9, 7, 11, 15], [13, 21, 1, 9, 5, 23, 17, 7, 11, 15], [1, 17, 9, 5, 13, 21, 7], [5, 21, 7, 3, 9, 17], [1, 5, 9, 17, 13, 21, 23, 7, 11, 15], [1, 17, 5, 21, 7], [21, 5, 23, 17, 9, 1, 13, 7, 11, 15], [9, 5, 17, 1, 13, 21, 23, 7, 11, 15], [17, 1, 9, 5, 13, 21, 7], [17, 5, 21, 7, 1], [5, 9, 1, 21, 23, 13, 17, 7, 11, 15], [17, 5, 21, 7, 1], [17, 5, 21, 7, 13], [1, 5, 13, 17, 21, 23, 9, 7, 11, 15], [13, 1, 21, 5, 7], [5, 21, 23, 1, 9, 17, 13, 7, 11, 15], [13, 17, 5, 1, 21, 23, 9, 7, 11, 15], [1, 5, 9, 17, 13, 21, 23, 7, 11, 15], [13, 5, 21, 7, 17], [9, 13, 21, 5, 7, 1], [17, 13, 5, 1, 9, 21, 23, 7, 11, 15], [5, 13, 1, 9, 17, 21, 23, 7, 11, 15], [5, 1, 13, 21, 7], [13, 9, 5, 17, 21, 7], [1, 5, 9, 21, 23, 13, 17, 7, 11, 15], [9, 13, 21, 1, 5, 7], [17, 9, 5, 13, 1, 21, 23, 7, 11, 15], [17, 13, 9, 1, 21], [5, 21, 7, 1, 13], [13, 17, 1, 21], [13, 17, 9, 1, 21], [17, 1, 21, 9, 13], [1, 21, 5, 23, 17, 9, 13, 7, 11, 15], [21, 9, 17, 5, 7, 1], [13, 5, 1, 17, 9, 21, 7], [17, 13, 21, 1], [21, 17, 13, 9, 1], [13, 9, 17, 21, 1], [17, 21, 5, 7, 13], [21, 9, 17, 5, 7, 1], [9, 5, 13, 1, 21, 23, 17, 7, 11, 15], [5, 17, 13, 21, 7], [9, 17, 5, 21, 23, 13, 1, 7, 11, 15], [13, 1, 5, 21, 7], [9, 17, 21, 1, 13], [9, 21, 5, 23, 1, 13, 17, 7, 11, 15], [5, 17, 9, 21, 23, 1, 13, 7, 11, 15], [5, 9, 1, 21, 23, 17, 13, 7, 11, 15], [13, 17, 1, 9, 5, 21, 7], [9, 5, 21, 23, 13, 1, 17, 7, 11, 15], [5, 9, 13, 21, 23, 1, 17, 7, 11, 15], [21, 1, 11, 5, 23, 17, 13, 7, 15], [5, 21, 7, 17, 13], [5, 1, 17, 9, 13, 21, 7], [1, 13, 17, 5, 9, 21, 7], [5, 1, 17, 9, 21, 7], [17, 13, 5, 1, 9, 21, 23, 7, 11, 15], [13, 1, 9, 21, 17], [9, 13, 5, 21, 7, 1], [1, 21, 9, 17, 5, 23, 13, 7, 11, 15], [13, 9, 5, 17, 21, 23, 1, 7, 11, 15], [13, 1, 9, 17, 5, 21, 7], [5, 13, 17, 21, 7], [13, 5, 17, 21, 23, 1, 9, 7, 11, 15], [5, 17, 1, 21, 23, 13, 9, 7, 11, 15], [5, 13, 17, 21, 7], [9, 17, 5, 21, 23, 1, 13, 7, 11, 15], [5, 21, 7, 1, 9, 17], [21, 1, 17, 5, 7], [13, 21, 17, 5, 23, 1, 9, 7, 11, 15], [21, 5, 23, 9, 17, 1, 13, 7, 11, 15], [9, 21, 1, 13, 5, 23, 17, 7, 11, 15], [9, 5, 1, 21, 7, 17], [1, 21, 9, 13, 17], [17, 1, 5, 13, 9, 21, 7], [17, 21, 1, 9, 13], [5, 13, 1, 21, 23, 17, 9, 7, 11, 15], [17, 21, 1, 9, 5, 7], [9, 17, 5, 21, 7, 1], [5, 9, 21, 23, 17, 13, 1, 7, 11, 15], [21, 13, 5, 23, 1, 17, 9, 7, 11, 15], [13, 21, 5, 23, 1, 17, 9, 7, 11, 15], [13, 21, 17, 5, 23, 1, 9, 7, 11, 15], [13, 21, 9, 17, 5, 23, 1, 7, 11, 15], [13, 1, 21, 9, 17], [13, 9, 17, 5, 21, 7], [13, 1, 21, 9, 17], [17, 9, 13, 21, 1], [13, 17, 5, 1, 9, 21, 7], [1, 13, 5, 17, 21, 23, 9, 7, 11, 15], [17, 5, 9, 21, 7, 1], [5, 13, 1, 21, 7], [1, 5, 17, 9, 13, 21, 7], [5, 9, 17, 21, 7, 1], [17, 9, 5, 13, 21, 23, 1, 7, 11, 15], [1, 5, 9, 13, 17, 21, 23, 7, 11, 15], [5, 21, 23, 1, 17, 13, 9, 7, 11, 15], [5, 9, 13, 17, 1, 21, 23, 7, 11, 15], [9, 13, 17, 21, 5, 23, 1, 7, 11, 15], [5, 1, 17, 21, 7], [17, 13, 21, 9, 1], [1, 9, 5, 13, 17, 21, 23, 7, 11, 15], [17, 5, 13, 21, 23, 9, 1, 7, 11, 15], [5, 1, 9, 13, 17, 21, 7], [13, 9, 21, 17, 1], [9, 1, 21, 13, 17], [1, 9, 17, 13, 5, 21, 7], [21, 5, 7, 1, 9, 13], [17, 9, 1, 13, 5, 21, 7], [9, 1, 13, 21, 17], [13, 1, 9, 21, 5, 23, 17, 7, 11, 15], [9, 5, 1, 21, 23, 13, 7, 17, 11, 15], [13, 9, 1, 5, 17, 21, 23, 7, 11, 15], [13, 17, 21, 5, 23, 1, 9, 7, 11, 15], [9, 17, 5, 1, 21, 7], [9, 17, 1, 5, 13, 21, 23, 7, 11, 15], [9, 13, 21, 1, 17], [13, 5, 1, 9, 17, 21, 7], [17, 13, 5, 9, 21, 23, 1, 7, 11, 15], [21, 1, 13, 9, 5, 23, 17, 7, 11, 15], [5, 13, 17, 21, 7], [5, 9, 1, 13, 21, 7], [1, 9, 13, 17, 21], [13, 9, 17, 1, 5, 21, 7], [5, 13, 9, 1, 17, 21, 7], [9, 5, 17, 21, 7, 1], [13, 21, 17, 5, 23, 1, 9, 7, 11, 15], [1, 17, 5, 13, 9, 21, 23, 7, 11, 15], [5, 13, 9, 1, 17, 21, 7], [5, 21, 23, 1, 17, 13, 9, 7, 11, 15], [9, 13, 1, 21, 5, 23, 17, 7, 11, 15], [17, 1, 9, 13, 5, 21, 7], [5, 9, 1, 17, 21, 7], [1, 5, 13, 9, 21, 7], [5, 13, 1, 17, 9, 21, 7], [9, 1, 13, 5, 21, 7], [17, 1, 13, 21], [9, 17, 1, 21, 5, 7], [1, 21, 5, 23, 9, 13, 17, 7, 11, 15], [21, 13, 1, 9, 17], [13, 17, 9, 5, 1, 21, 23, 7, 11, 15], [9, 21, 5, 7, 13, 17], [5, 17, 21, 7, 9, 13], [9, 1, 21, 5, 23, 13, 17, 7, 11, 15], [21, 5, 23, 13, 17, 1, 9, 7, 11, 15], [21, 17, 5, 7, 13], [9, 21, 1, 7, 17], [21, 5, 7, 1, 13], [9, 13, 17, 5, 1, 21, 23, 7, 11, 15], [13, 1, 5, 9, 17, 21, 23, 7, 11, 15], [17, 21, 13, 5, 23, 9, 1, 7, 11, 15], [5, 17, 13, 9, 1, 21, 23, 7, 11, 15], [17, 13, 1, 9, 5, 21, 7], [17, 9, 21, 5, 23, 1, 13, 7, 11, 15], [17, 13, 1, 5, 21, 7], [5, 21, 7, 1, 17], [13, 9, 17, 5, 1, 21, 23, 7, 11, 15], [1, 17, 13, 21], [9, 1, 5, 17, 13, 21, 7], [17, 9, 5, 1, 13, 21, 7], [1, 17, 9, 5, 13, 21, 7], [13, 9, 1, 17, 21], [21, 3, 5, 23, 13, 17, 9, 7, 1, 11, 15], [13, 1, 5, 21, 7], [21, 1, 17, 13], [17, 13, 9, 5, 21, 23, 1, 7, 11, 15], [1, 13, 21, 9, 5, 7], [5, 17, 9, 13, 1, 21, 7], [13, 9, 5, 21, 7, 1], [5, 13, 9, 21, 7, 17], [5, 21, 7, 1, 9, 17], [13, 17, 21, 5, 7], [21, 17, 5, 7, 1], [17, 13, 1, 5, 9, 21, 7], [17, 5, 1, 13, 21, 7], [21, 9, 13, 17, 5, 23, 1, 7, 11, 15], [17, 13, 5, 9, 1, 21, 7], [17, 1, 13, 9, 5, 21, 23, 7, 11, 15], [1, 9, 21, 14, 5, 7], [1, 13, 17, 5, 21, 23, 9, 7, 11, 15], [21, 9, 5, 7, 17, 13], [21, 9, 17, 5, 23, 13, 1, 7, 11, 15], [17, 1, 5, 21, 23, 13, 9, 7, 11, 15], [17, 5, 13, 9, 1, 21, 23, 7, 11, 15], [17, 9, 13, 21, 1], [1, 17, 21, 13], [13, 9, 17, 21, 1], [5, 17, 1, 21, 23, 13, 9, 7, 11, 15], [1, 17, 13, 9, 5, 21, 23, 7, 11, 15], [17, 21, 9, 5, 23, 13, 1, 7, 11, 15], [13, 5, 9, 21, 23, 1, 17, 7, 11, 15], [9, 1, 17, 13, 5, 21, 23, 7, 11, 15], [21, 1, 17, 13], [17, 9, 1, 13, 5, 21, 23, 7, 11, 15], [5, 13, 21, 7, 17], [9, 17, 1, 21, 13], [1, 9, 5, 17, 13, 21, 23, 7, 11, 15], [5, 1, 21, 7, 17], [9, 5, 1, 21, 7, 15, 13, 23], [1, 5, 13, 9, 17, 21, 23, 7, 11, 15], [1, 17, 13, 5, 9, 21, 7], [13, 17, 5, 1, 21, 23, 9, 7, 11, 15], [5, 1, 17, 13, 9, 21, 23, 7, 11, 15], [13, 5, 17, 1, 9, 21, 7], [1, 21, 13, 5, 7], [21, 13, 1, 5, 23, 7, 17, 9, 11, 15], [5, 9, 13, 21, 23, 17, 1, 7, 11, 15], [21, 1, 13, 17], [1, 17, 13, 5, 21, 7], [9, 17, 13, 1, 21], [13, 9, 17, 21, 5, 23, 1, 7, 11, 15], [1, 13, 17, 5, 21, 23, 7, 9, 11, 15], [9, 13, 5, 1, 21, 7], [5, 21, 7, 17, 1], [21, 5, 7, 1, 13], [5, 17, 9, 1, 13, 21, 23, 7, 11, 15], [17, 13, 5, 9, 1, 21, 23, 7, 11, 15], [17, 5, 21, 23, 1, 9, 13, 7, 11, 15], [13, 9, 17, 1, 21], [17, 21, 13, 1], [1, 21, 17, 5, 7], [9, 21, 1, 5, 7, 17], [1, 17, 13, 21], [13, 17, 21, 1], [21, 17, 5, 7, 13], [21, 5, 23, 1, 17, 9, 13, 7, 11, 15], [1, 9, 21, 17, 5, 7], [13, 17, 21, 9, 1], [5, 1, 9, 13, 17, 21, 23, 7, 11, 15], [21, 11, 13, 5, 23, 1, 7, 17, 15], [17, 9, 21, 5, 7, 13], [13, 9, 17, 1, 5, 21, 23, 7, 11, 15], [13, 1, 9, 17, 21], [1, 21, 9, 5, 7, 13], [9, 21, 17, 5, 7, 1], [5, 1, 13, 17, 21, 7], [9, 1, 5, 13, 17, 21, 23, 7, 11, 15], [17, 9, 13, 5, 21, 23, 1, 7, 11, 15], [5, 13, 9, 1, 17, 21, 7], [5, 1, 9, 21, 23, 17, 13, 7, 11, 15], [1, 5, 9, 21, 23, 13, 17, 7, 11, 15], [17, 9, 1, 21, 13], [13, 1, 9, 17, 21], [21, 13, 1, 5, 23, 9, 17, 7, 11, 15], [17, 9, 13, 5, 21, 7], [9, 21, 13, 5, 23, 17, 1, 7, 11, 15], [21, 9, 13, 1, 17], [21, 9, 17, 5, 23, 1, 13, 7, 11, 15], [9, 21, 17, 1, 5, 23, 13, 7, 11, 15], [17, 21, 9, 1, 5, 7], [13, 1, 9, 5, 21, 23, 17, 7, 11, 15], [9, 21, 17, 1, 13], [21, 9, 13, 1, 5, 7], [13, 17, 9, 21, 5, 23, 1, 7, 11, 15], [1, 17, 5, 9, 21, 23, 13, 7, 11, 15], [21, 5, 23, 13, 1, 9, 17, 7, 11, 15], [9, 13, 21, 17, 5, 7], [1, 13, 17, 5, 21, 7], [5, 9, 17, 21, 7, 1], [5, 9, 17, 1, 13, 21, 23, 7, 11, 15], [21, 1, 9, 5, 23, 17, 13, 7, 11, 15], [1, 17, 13, 21], [17, 1, 13, 5, 9, 21, 23, 7, 11, 15], [9, 5, 1, 13, 17, 21, 7], [21, 5, 23, 9, 13, 17, 1, 7, 11, 15], [13, 1, 5, 9, 17, 21, 23, 7, 11, 15], [5, 17, 9, 13, 1, 21, 23, 7, 11, 15], [13, 21, 17, 5, 7], [5, 1, 9, 13, 21, 23, 17, 7, 11, 15], [21, 5, 23, 1, 17, 7, 13, 9, 11, 15], [5, 17, 21, 7, 9, 1], [21, 17, 1, 13], [21, 17, 5, 7, 1], [5, 1, 21, 23, 17, 13, 9, 7, 11, 15], [9, 21, 17, 13, 5, 7], [1, 9, 5, 21, 23, 17, 7, 13, 11, 15], [9, 1, 17, 13, 5, 21, 7], [9, 13, 21, 5, 7, 2, 1], [21, 17, 9, 5, 23, 1, 7, 13, 11, 15], [5, 1, 21, 7, 9, 17], [5, 21, 23, 9, 13, 1, 17, 7, 11, 15], [21, 17, 5, 7, 13], [5, 13, 17, 1, 9, 21, 7], [1, 17, 5, 9, 13, 21, 23, 7, 11, 15], [9, 21, 5, 23, 1, 13, 17, 7, 11, 15], [17, 21, 5, 7, 1], [21, 13, 9, 1, 17], [9, 1, 5, 17, 21, 7], [13, 5, 1, 21, 23, 17, 9, 7, 11, 15], [9, 5, 13, 17, 21, 7], [1, 13, 21, 5, 7], [21, 13, 1, 9, 17], [9, 21, 1, 5, 23, 17, 13, 7, 11, 15], [13, 1, 21, 17], [13, 17, 21, 5, 7], [9, 5, 17, 13, 1, 21, 23, 7, 11, 15], [1, 21, 13, 5, 23, 17, 9, 7, 11, 15], [17, 13, 9, 5, 1, 21, 7], [17, 1, 13, 5, 21, 23, 9, 7, 11, 15], [17, 13, 1, 5, 9, 21, 23, 7, 11, 15], [17, 9, 5, 21, 23, 1, 13, 7, 11, 15], [1, 17, 9, 5, 13, 21, 23, 7, 11, 15], [17, 1, 21, 13], [17, 21, 13, 9, 1], [13, 17, 9, 5, 1, 21, 7], [13, 1, 9, 21, 19], [13, 9, 17, 1, 5, 21, 7], [1, 21, 5, 23, 17, 13, 9, 7, 11, 15], [13, 1, 17, 5, 9, 21, 23, 7, 11, 15], [5, 17, 9, 21, 23, 1, 13, 7, 11, 15], [5, 1, 13, 9, 21, 7], [13, 17, 1, 21], [13, 5, 17, 9, 21, 23, 1, 7, 11, 15], [13, 21, 1, 9, 5, 7], [9, 21, 17, 5, 23, 1, 13, 7, 11, 15], [9, 21, 13, 1, 5, 7], [21, 17, 13, 5, 7], [9, 17, 5, 1, 21, 23, 13, 7, 11, 15], [9, 13, 21, 17, 1], [21, 17, 13, 9, 1], [9, 17, 1, 5, 21, 23, 13, 7, 11, 15], [5, 1, 9, 17, 21, 7], [5, 1, 17, 21, 23, 13, 9, 7, 11, 15], [13, 5, 9, 21, 23, 1, 17, 7, 11, 15], [17, 13, 1, 9, 5, 21, 23, 7, 11, 15], [21, 9, 17, 1, 5, 23, 13, 7, 11, 15], [9, 1, 21, 5, 7, 17], [1, 13, 9, 21, 17], [13, 21, 9, 17, 5, 23, 1, 7, 11, 15], [13, 1, 5, 9, 17, 21, 23, 7, 11, 15], [5, 21, 23, 1, 17, 13, 9, 7, 11, 15], [5, 13, 9, 17, 21, 7], [1, 13, 5, 9, 17, 21, 7], [21, 5, 23, 7, 17, 9, 13, 1, 11, 15], [9, 1, 13, 5, 21, 23, 17, 7, 11, 15], [17, 13, 9, 1, 5, 21, 23, 7, 11, 15], [1, 17, 13, 5, 9, 21, 7], [17, 21, 1, 13], [5, 9, 17, 13, 1, 21, 7], [17, 5, 1, 13, 21, 7, 9], [1, 9, 17, 21, 5, 23, 7, 11, 13, 15], [1, 5, 21, 23, 7, 13, 9, 17, 11, 15], [9, 17, 21, 1, 5, 7, 13], [5, 9, 21, 7, 23, 1, 11, 13, 17, 15], [21, 5, 23, 7, 1, 13, 9, 11, 17, 15], [13, 17, 21, 5, 7, 9, 1], [17, 21, 1, 13, 5, 7, 9], [1, 13, 21, 17, 5, 7, 9], [17, 21, 1, 13, 5, 7, 9], [1, 17, 13, 21, 5, 23, 7, 9, 11, 15], [13, 1, 9, 17, 5, 21, 7], [5, 1, 9, 21, 23, 7, 11, 17, 13, 15], [5, 13, 17, 1, 21, 23, 7, 9, 11, 15], [9, 13, 5, 1, 21, 23, 7, 11, 17, 15], [17, 1, 5, 13, 9, 21, 7], [17, 13, 1, 5, 9, 21, 23, 7, 11, 15], [13, 5, 21, 23, 7, 9, 11, 17, 1, 15], [5, 9, 21, 23, 7, 11, 17, 13, 1, 15], [13, 5, 17, 9, 1, 21, 7], [9, 13, 21, 1, 5, 7, 17], [13, 5, 21, 7, 9, 17, 1], [21, 17, 5, 7, 9, 13, 1], [13, 5, 21, 23, 7, 9, 11, 1, 17, 15], [1, 5, 17, 13, 21, 7, 9], [1, 9, 13, 17, 21, 5, 7], [21, 1, 13, 17, 9, 5, 7], [9, 13, 21, 1, 17, 5, 7], [21, 17, 5, 7, 1, 13, 9], [13, 1, 21, 5, 23, 7, 9, 17, 11, 15], [9, 13, 17, 5, 1, 21, 23, 7, 11, 15], [21, 13, 5, 23, 7, 1, 17, 9, 11, 15], [13, 9, 21, 1, 5, 7, 23, 11, 17, 15], [13, 17, 1, 9, 21, 5, 7], [21, 17, 5, 7, 23, 13, 9, 11, 1, 15], [21, 9, 13, 5, 23, 7, 1, 11, 17, 15], [5, 1, 21, 7, 17, 13, 9], [13, 17, 5, 1, 9, 21, 7], [1, 21, 17, 9, 13, 5, 23, 7, 11, 15], [13, 9, 21, 17, 1, 5, 23, 7, 11, 15], [21, 1, 17, 9, 13, 5, 23, 7, 11, 15], [13, 17, 21, 1, 9, 5, 23, 7, 11, 15], [9, 21, 1, 5, 23, 7, 11, 13, 17, 15], [17, 21, 9, 1, 5, 7, 13], [17, 9, 21, 5, 23, 7, 11, 13, 1, 15], [17, 1, 21, 5, 7, 9, 23, 11, 13, 15], [17, 9, 5, 1, 13, 21, 23, 7, 11, 15], [17, 1, 5, 13, 9, 21, 7], [9, 5, 17, 1, 13, 21, 7], [9, 21, 13, 17, 1, 5, 7], [13, 21, 17, 9, 1, 5, 7], [5, 21, 7, 13, 17, 23, 1, 9, 11, 15], [17, 9, 21, 13, 5, 23, 7, 11, 1, 15], [17, 9, 1, 13, 21, 5, 23, 7, 11, 15], [5, 17, 13, 1, 21, 23, 7, 9, 11, 15], [21, 13, 9, 5, 23, 7, 11, 1, 17, 15], [1, 5, 21, 7, 9, 23, 13, 17, 11, 15], [1, 13, 21, 9, 17, 5, 23, 7, 11, 15], [5, 21, 23, 7, 13, 17, 9, 11, 1, 15], [17, 5, 9, 13, 1, 21, 23, 7, 11, 15], [1, 9, 5, 21, 7, 23, 11, 13, 17, 15], [17, 13, 5, 21, 7, 9, 1], [5, 17, 1, 9, 21, 7, 13], [1, 5, 21, 23, 7, 17, 13, 9, 11, 15], [13, 1, 17, 9, 21, 5, 7], [9, 1, 21, 13, 5, 7, 17], [5, 21, 23, 7, 1, 9, 11, 17, 13, 15], [9, 1, 5, 13, 21, 7, 17], [21, 13, 5, 23, 7, 9, 17, 11, 1, 15], [5, 21, 7, 13, 17, 9, 1], [5, 17, 9, 13, 1, 21, 23, 7, 11, 15], [5, 9, 17, 21, 23, 7, 11, 13, 1, 15], [9, 5, 13, 17, 21, 7, 1], [13, 17, 21, 9, 1, 5, 7], [17, 5, 21, 7, 13, 23, 1, 9, 11, 15], [17, 13, 9, 21, 1, 5, 23, 7, 11, 15], [17, 5, 1, 13, 9, 21, 7], [1, 9, 17, 5, 21, 23, 7, 13, 11, 15], [13, 21, 1, 5, 23, 7, 17, 9, 11, 15], [13, 17, 21, 9, 5, 7, 1], [21, 5, 7, 9, 1, 17, 13], [9, 1, 17, 21, 5, 23, 7, 11, 13, 15], [9, 17, 13, 21, 5, 23, 7, 11, 1, 15], [5, 13, 9, 21, 23, 7, 11, 1, 17, 15], [9, 21, 13, 5, 7, 17, 1], [21, 5, 7, 1, 13, 17, 9], [5, 13, 21, 7, 9, 1, 17], [13, 21, 5, 7, 1, 9, 17], [17, 13, 5, 9, 21, 7, 1], [5, 13, 21, 23, 7, 17, 1, 9, 11, 15], [17, 13, 21, 9, 5, 7, 1], [17, 21, 5, 7, 13, 9, 23, 11, 1, 15], [9, 5, 17, 21, 7, 13, 23, 11, 1, 15], [13, 21, 5, 7, 17, 1, 9], [9, 13, 17, 1, 5, 21, 23, 7, 11, 15], [9, 5, 13, 17, 1, 21, 23, 7, 11, 15], [5, 21, 7, 9, 1, 17, 23, 11, 13, 15], [21, 5, 23, 7, 13, 9, 17, 1, 11, 15], [5, 1, 21, 23, 7, 17, 9, 11, 13, 15], [5, 1, 13, 9, 21, 7, 17], [13, 1, 17, 9, 5, 21, 7], [9, 21, 13, 1, 5, 23, 7, 11, 17, 15], [9, 5, 1, 13, 21, 7, 17], [1, 5, 17, 13, 9, 21, 23, 7, 11, 15], [17, 13, 9, 5, 21, 7, 1], [13, 17, 9, 5, 21, 23, 7, 1, 11, 15], [21, 17, 13, 1, 5, 7, 9], [21, 1, 9, 17, 13, 5, 23, 7, 11, 15], [13, 1, 17, 21, 5, 7, 9], [17, 9, 13, 1, 5, 21, 7], [17, 13, 5, 1, 21, 23, 7, 9, 11, 15], [1, 13, 17, 21, 9, 5, 7], [1, 9, 5, 21, 7, 13, 17], [17, 5, 13, 1, 9, 21, 7], [21, 13, 1, 17, 9, 5, 23, 7, 11, 15], [13, 5, 17, 9, 1, 21, 7], [21, 17, 5, 7, 23, 1, 13, 9, 11, 15], [13, 1, 5, 17, 21, 7, 9], [1, 17, 21, 9, 5, 23, 7, 11, 13, 15], [17, 1, 9, 21, 5, 7, 13], [21, 13, 5, 7, 9, 17, 1], [21, 5, 7, 9, 13, 1, 17], [21, 5, 7, 9, 1, 13, 17], [17, 21, 1, 9, 13, 5, 7], [17, 13, 1, 5, 9, 21, 7], [9, 17, 1, 13, 21, 5, 7], [13, 1, 9, 21, 5, 23, 7, 17, 11, 15], [21, 17, 1, 9, 13, 5, 7], [1, 17, 9, 5, 13, 21, 7], [5, 21, 7, 13, 1, 17, 9], [9, 1, 5, 13, 17, 21, 23, 7, 11, 15], [17, 9, 1, 13, 21, 5, 23, 7, 11, 15], [21, 1, 13, 5, 23, 7, 17, 9, 11, 15], [13, 5, 9, 21, 7, 1, 17], [1, 9, 5, 21, 7, 17, 23, 11, 13, 15], [17, 21, 1, 5, 7, 9, 23, 11, 13, 15], [9, 21, 5, 7, 17, 13, 1], [21, 9, 13, 17, 5, 23, 7, 11, 1, 15], [13, 1, 5, 9, 17, 21, 7], [21, 5, 23, 7, 9, 11, 1, 17, 13, 15], [21, 9, 1, 5, 7, 13, 17], [5, 17, 13, 21, 7, 9, 1], [13, 1, 9, 21, 17, 5, 23, 7, 11, 15], [13, 9, 21, 17, 1, 5, 23, 7, 11, 15], [5, 9, 13, 17, 21, 23, 7, 11, 1, 15], [21, 9, 1, 13, 17, 5, 7], [9, 1, 5, 13, 17, 21, 23, 7, 11, 15], [5, 13, 21, 23, 7, 1, 17, 9, 11, 15], [21, 5, 23, 7, 9, 11, 1, 13, 17, 15], [13, 9, 1, 21, 17, 5, 23, 7, 11, 15], [1, 17, 21, 9, 13, 5, 23, 7, 11, 15], [13, 9, 5, 17, 1, 21, 23, 7, 11, 15], [1, 17, 13, 5, 21, 23, 7, 9, 11, 15], [9, 17, 13, 21, 5, 23, 7, 11, 1, 15], [5, 21, 23, 7, 13, 17, 1, 9, 11, 15], [1, 21, 13, 9, 17, 5, 23, 7, 11, 15], [9, 1, 21, 17, 13, 5, 23, 7, 11, 15], [9, 13, 1, 21, 17, 5, 7], [9, 21, 5, 7, 17, 1, 13], [21, 13, 5, 7, 9, 1, 17], [1, 13, 9, 17, 21, 5, 23, 7, 11, 15], [17, 21, 13, 9, 1, 5, 23, 7, 11, 15], [5, 9, 21, 23, 7, 11, 17, 1, 13, 15], [17, 5, 13, 1, 9, 21, 7], [17, 1, 13, 9, 21, 5, 7], [13, 5, 17, 9, 1, 21, 7], [17, 21, 13, 9, 5, 7, 1], [5, 13, 1, 21, 7, 23, 17, 9, 11, 15], [1, 9, 13, 17, 5, 21, 7], [1, 13, 5, 21, 7, 17, 9], [9, 17, 13, 5, 21, 23, 7, 11, 1, 15], [13, 17, 21, 1, 9, 5, 23, 7, 11, 15], [5, 13, 9, 17, 21, 23, 7, 1, 11, 15], [17, 13, 9, 21, 1, 5, 23, 7, 11, 15], [1, 21, 17, 9, 5, 7, 23, 11, 13, 15], [5, 9, 21, 7, 17, 1, 13], [13, 17, 9, 1, 5, 21, 7], [21, 5, 7, 1, 17, 9, 23, 13, 11, 15], [9, 17, 13, 21, 1, 5, 23, 7, 11, 15], [5, 9, 13, 21, 7, 23, 11, 1, 17, 15], [21, 17, 9, 5, 7, 13, 23, 11, 1, 15], [9, 5, 21, 23, 7, 11, 1, 13, 17, 15], [5, 13, 17, 1, 9, 21, 23, 7, 11, 15], [17, 9, 1, 13, 5, 21, 23, 7, 11, 15], [21, 1, 9, 13, 5, 23, 7, 11, 17, 15], [17, 5, 21, 7, 9, 1, 23, 11, 13, 15], [9, 5, 17, 21, 7, 23, 1, 11, 13, 15], [9, 5, 17, 21, 7, 13, 23, 11, 1, 15], [17, 1, 9, 5, 13, 21, 23, 7, 11, 15], [1, 13, 17, 21, 5, 7, 9], [13, 1, 5, 17, 21, 23, 7, 9, 11, 15], [17, 21, 5, 23, 7, 1, 13, 9, 11, 15], [21, 9, 13, 5, 7, 17, 1], [1, 9, 5, 17, 21, 23, 7, 11, 13, 15], [9, 21, 1, 5, 7, 13, 17], [17, 21, 5, 23, 7, 9, 11, 1, 13, 15], [17, 21, 13, 5, 23, 7, 1, 9, 11, 15], [21, 5, 7, 9, 13, 1, 23, 11, 17, 15], [5, 17, 9, 13, 1, 21, 7], [9, 5, 21, 7, 17, 13, 1], [1, 21, 9, 13, 5, 7, 23, 11, 17, 15], [17, 5, 13, 21, 23, 7, 9, 11, 1, 15], [9, 5, 13, 17, 1, 21, 7], [17, 9, 5, 21, 7, 1, 13], [17, 9, 21, 5, 23, 7, 11, 13, 1, 15], [9, 1, 5, 13, 21, 7, 17], [21, 5, 7, 1, 9, 13, 17], [17, 13, 21, 1, 5, 23, 7, 9, 11, 15], [1, 13, 5, 17, 21, 7, 9], [17, 9, 1, 21, 5, 23, 7, 11, 13, 15], [21, 13, 9, 1, 5, 23, 7, 11, 17, 15], [13, 5, 9, 1, 17, 21, 23, 7, 11, 15], [21, 1, 17, 5, 7, 13, 9], [13, 21, 9, 17, 5, 7, 1], [17, 1, 5, 13, 9, 21, 7], [1, 9, 13, 21, 17, 5, 23, 7, 11, 15], [5, 13, 17, 9, 1, 21, 23, 7, 11, 15], [17, 13, 5, 9, 1, 21, 7], [21, 5, 7, 9, 17, 1, 13], [21, 13, 17, 5, 23, 7, 9, 11, 1, 15], [9, 17, 5, 13, 1, 21, 23, 7, 11, 15], [9, 13, 1, 21, 5, 23, 7, 11, 17, 15], [21, 17, 13, 5, 7, 9, 1], [5, 17, 13, 1, 9, 21, 7], [5, 9, 13, 17, 21, 23, 7, 11, 1, 15], [13, 5, 9, 17, 1, 21, 23, 7, 11, 15], [17, 5, 1, 21, 23, 7, 9, 11, 13, 15], [21, 9, 5, 7, 13, 17, 1], [1, 5, 21, 7, 9, 13, 17], [17, 13, 9, 21, 5, 23, 7, 11, 1, 15], [21, 10, 1, 5, 23, 7, 17, 13, 9, 11, 15], [5, 9, 21, 23, 7, 11, 17, 1, 13, 15], [5, 9, 13, 21, 23, 7, 1, 11, 17, 15], [5, 13, 1, 21, 23, 7, 17, 9, 11, 15], [9, 17, 21, 13, 1, 5, 23, 7, 11, 15], [13, 9, 21, 17, 1, 5, 23, 7, 11, 15], [5, 21, 23, 7, 17, 13, 1, 9, 11, 15], [1, 9, 5, 21, 7, 17, 13], [13, 21, 1, 5, 23, 7, 17, 9, 11, 15], [17, 21, 9, 5, 23, 7, 11, 13, 1, 15], [21, 5, 7, 17, 13, 9, 1], [5, 13, 9, 21, 23, 7, 11, 17, 1, 15], [5, 17, 13, 21, 7, 1, 9], [1, 5, 17, 9, 13, 21, 7], [13, 9, 1, 5, 17, 21, 7], [13, 1, 21, 17, 9, 5, 7], [5, 17, 13, 21, 7, 9, 23, 11, 1, 15], [9, 17, 21, 1, 5, 23, 7, 11, 13, 15], [1, 21, 13, 9, 17, 5, 7], [9, 21, 17, 13, 5, 23, 7, 11, 1, 15], [1, 21, 17, 13, 5, 23, 7, 9, 11, 15], [17, 5, 21, 7, 9, 1, 23, 11, 13, 15], [17, 21, 13, 1, 5, 23, 7, 9, 11, 15], [17, 1, 21, 13, 9, 5, 7], [21, 13, 17, 9, 1, 7], [13, 9, 21, 5, 7, 17, 1], [1, 9, 21, 17, 13, 5, 7], [9, 13, 17, 1, 21, 5, 23, 7, 11, 15], [9, 17, 1, 21, 23, 11, 13, 5, 7, 15], [17, 1, 13, 21, 9, 5, 23, 7, 11, 15], [9, 21, 13, 1, 17, 5, 7], [5, 9, 1, 13, 21, 7, 23, 11, 17, 15], [13, 1, 21, 9, 17, 5, 7], [21, 5, 23, 7, 1, 13, 17, 9, 11, 15], [13, 21, 1, 9, 5, 23, 7, 11, 17, 15], [9, 17, 5, 21, 7, 23, 1, 11, 13, 15], [17, 5, 9, 13, 1, 21, 7], [21, 1, 9, 13, 17, 5, 7], [5, 17, 9, 21, 23, 7, 13, 11, 1, 15], [21, 13, 1, 5, 23, 7, 17, 9, 11, 15], [21, 17, 9, 13, 5, 7, 1], [9, 21, 1, 5, 23, 7, 13, 11, 17, 15], [5, 9, 1, 17, 21, 7, 13], [21, 17, 9, 5, 23, 7, 11, 1, 13, 15], [1, 13, 21, 17, 5, 7, 9], [17, 1, 5, 21, 23, 7, 9, 11, 13, 15], [5, 21, 23, 7, 1, 17, 9, 11, 13, 15], [21, 9, 13, 5, 7, 1, 17], [21, 13, 17, 1, 9, 5, 23, 7, 11, 15], [17, 9, 13, 1, 5, 21, 7], [17, 9, 13, 5, 1, 21, 7], [5, 9, 17, 13, 1, 21, 7], [13, 9, 17, 1, 21, 5, 7], [17, 5, 1, 9, 21, 7, 13], [17, 9, 1, 5, 21, 7, 23, 11, 13, 15], [5, 13, 17, 1, 9, 21, 7], [9, 5, 17, 13, 1, 21, 23, 7, 11, 15], [17, 21, 5, 23, 7, 1, 13, 9, 11, 15], [9, 17, 21, 13, 5, 7, 23, 11, 1, 15], [13, 5, 9, 1, 17, 21, 23, 7, 11, 15], [1, 9, 21, 17, 13, 5, 7], [21, 5, 7, 17, 1, 23, 13, 9, 11, 15], [1, 17, 13, 21, 9, 5, 23, 7, 11, 15], [5, 9, 1, 13, 21, 7, 17], [5, 1, 21, 23, 7, 17, 13, 9, 11, 15], [21, 17, 1, 13, 5, 23, 7, 9, 11, 15], [1, 9, 5, 17, 21, 7, 13], [13, 1, 9, 17, 21, 5, 7], [5, 17, 21, 23, 7, 13, 9, 1, 11, 15], [1, 5, 13, 9, 17, 21, 23, 7, 11, 15], [1, 5, 9, 17, 13, 21, 7], [13, 9, 21, 17, 5, 7, 1], [1, 21, 5, 7, 9, 17, 13], [5, 1, 9, 21, 7, 17, 13], [5, 17, 13, 9, 21, 7, 1], [1, 17, 9, 21, 5, 23, 7, 11, 13, 15], [9, 17, 13, 5, 1, 21, 23, 7, 11, 15], [17, 21, 5, 23, 7, 13, 9, 11, 1, 15], [21, 13, 17, 1, 9, 5, 7], [9, 5, 1, 17, 13, 21, 7], [17, 1, 9, 13, 21, 5, 23, 7, 11, 15], [1, 9, 13, 5, 17, 21, 7], [17, 13, 1, 9, 5, 21, 7], [17, 13, 9, 21, 5, 7, 1], [13, 5, 1, 17, 9, 21, 7], [13, 5, 17, 1, 21, 7, 9], [1, 17, 9, 21, 5, 7, 15, 13, 23], [13, 5, 17, 21, 7, 1, 9], [17, 9, 1, 5, 21, 7, 23, 11, 13, 15], [9, 21, 1, 5, 23, 7, 11, 17, 13, 15], [9, 21, 1, 5, 7, 17, 23, 13, 11, 15], [17, 9, 21, 5, 23, 7, 1, 11, 13, 15], [9, 5, 17, 13, 21, 23, 7, 11, 1, 15], [13, 1, 17, 21, 5, 7, 23, 9, 11, 15], [9, 21, 17, 1, 5, 23, 7, 11, 13, 15], [1, 5, 21, 7, 9, 17, 13], [17, 9, 5, 21, 23, 7, 11, 13, 1, 15], [5, 9, 17, 21, 7, 13, 1], [13, 5, 1, 17, 9, 21, 7], [13, 5, 21, 23, 7, 17, 9, 11, 1, 15], [21, 13, 9, 1, 17, 5, 23, 7, 11, 15], [9, 5, 21, 7, 17, 1, 23, 11, 13, 15], [17, 9, 1, 21, 5, 7, 23, 11, 13, 15], [5, 1, 21, 23, 7, 9, 11, 17, 13, 15], [17, 21, 5, 23, 7, 13, 1, 9, 11, 15], [13, 9, 21, 5, 23, 7, 11, 1, 17, 15], [13, 21, 9, 17, 1, 5, 7], [1, 9, 17, 13, 21, 5, 23, 7, 11, 15], [21, 5, 23, 7, 9, 17, 11, 1, 13, 15], [1, 13, 5, 9, 21, 23, 7, 11, 17, 15], [17, 5, 1, 21, 23, 7, 13, 9, 11, 15], [5, 1, 9, 21, 23, 7, 13, 11, 17, 15], [9, 5, 21, 23, 7, 17, 1, 11, 13, 15], [1, 17, 21, 13, 5, 7, 9], [13, 1, 21, 5, 23, 7, 17, 9, 11, 15], [1, 9, 21, 17, 5, 7, 13], [21, 5, 7, 17, 1, 13, 9], [5, 1, 9, 13, 17, 21, 23, 7, 11, 15], [9, 21, 17, 1, 13, 5, 23, 7, 11, 15], [21, 1, 13, 17, 5, 23, 7, 9, 11, 15], [17, 1, 13, 21, 9, 5, 7], [21, 1, 9, 5, 23, 7, 11, 17, 13, 15], [1, 5, 17, 21, 7, 13, 9], [1, 17, 13, 5, 21, 23, 7, 9, 11, 15], [21, 13, 5, 23, 7, 17, 9, 11, 1, 15], [17, 13, 9, 5, 21, 23, 7, 1, 11, 15], [9, 21, 17, 13, 1, 5, 23, 7, 11, 15], [17, 5, 9, 13, 21, 23, 7, 11, 1, 15], [13, 17, 21, 9, 5, 23, 7, 1, 11, 15], [21, 5, 23, 7, 17, 13, 1, 9, 11, 15]