{"problem_id": "UG4Ve33wWggNj3f", "sigma": 75, "alpha": 0.316, "cost": 0, "probabilities": "[0.42, 0.21, 0.02, 0.35]", "payoff_matrix": "[[-159, -8, -55, 49, 50, 27], [-75, 79, 18, -85, -14, -22], [64, -35, 83, -26, 18, -20], [44, 35, 80, -19, 9, -141]]", "uncovered": [[1, 17, 21, 20, 13, 16, 9, 5, 24, 8, 18, 14], [17, 1, 5, 9, 21, 20, 13, 16, 24, 8, 14], [9, 17, 5, 13, 16, 20, 21, 1, 24, 8, 14], [13, 5, 17, 16, 20, 9, 1, 21, 24, 8, 14], [5, 17, 9, 21, 20, 13, 16, 1, 24, 8, 18, 14], [17, 13, 20, 16, 1, 5, 9, 21, 24, 8, 18, 14], [21, 13, 16, 24, 1, 17, 20, 9, 5, 8, 18, 14], [13, 9, 1, 5, 21, 16, 24, 17, 20, 8, 18, 14], [1, 5, 9, 21, 13, 24, 17, 20, 16, 8, 18, 14], [5, 9, 21, 13, 24, 1, 17, 20, 16, 8, 18, 14], [13, 17, 20, 16, 21, 5, 9, 1, 24, 8, 14], [13, 17, 20, 16, 9, 21, 5, 1, 24, 8, 14], [13, 1, 9, 5, 21, 16, 24, 17, 20, 8, 18, 14], [13, 1, 9, 21, 16, 24, 5, 17, 20, 8, 14], [9, 17, 21, 24, 5, 1, 13, 20, 16, 8, 18, 14], [5, 17, 21, 20, 1, 13, 16, 9, 24, 8, 14], [1, 13, 17, 16, 20, 21, 9, 5, 24, 8, 18, 14], [17, 1, 5, 9, 21, 24, 13, 20, 16, 8, 14], [1, 5, 9, 13, 17, 20, 16, 21, 24, 8, 14], [13, 17, 16, 20, 5, 9, 21, 1, 24, 8, 14], [9, 5, 13, 21, 16, 24, 1, 17, 20, 8, 14], [9, 13, 5, 1, 17, 16, 20, 21, 24, 8, 14], [1, 17, 21, 24, 5, 9, 13, 16, 20, 8, 14], [17, 5, 9, 13, 20, 16, 21, 1, 24, 8, 18, 14], [5, 9, 13, 17, 16, 20, 1, 21, 24, 8, 14], [9, 21, 17, 20, 1, 13, 16, 5, 24, 8, 18, 14], [17, 5, 13, 16, 20, 1, 9, 21, 24, 8, 14], [9, 1, 21, 5, 17, 20, 13, 16, 24, 8, 14], [21, 9, 17, 20, 5, 1, 13, 16, 24, 8, 14], [13, 21, 16, 24, 5, 9, 1, 17, 20, 8, 14], [1, 9, 13, 21, 16, 24, 17, 20, 5, 8, 14], [5, 1, 17, 9, 21, 24, 13, 20, 16, 8, 18, 14], [5, 13, 1, 9, 17, 16, 20, 21, 24, 8, 14], [9, 5, 21, 17, 1, 24, 13, 16, 20, 8, 18, 14], [13, 5, 17, 20, 16, 9, 1, 21, 24, 8, 14], [21, 1, 17, 24, 9, 5, 13, 16, 20, 8, 18, 14], [5, 17, 21, 20, 9, 13, 16, 1, 24, 8, 14], [9, 21, 1, 13, 5, 24, 17, 20, 16, 8, 14], [13, 21, 24, 1, 5, 17, 20, 16, 9, 8, 18, 14], [21, 5, 17, 20, 1, 9, 13, 16, 24, 8, 14], [21, 5, 9, 17, 20, 1, 13, 16, 24, 8, 14], [9, 17, 5, 13, 16, 20, 21, 1, 24, 8, 18, 14], [5, 9, 17, 13, 16, 20, 21, 1, 24, 8, 18, 14], [17, 1, 9, 5, 13, 16, 20, 21, 24, 8, 14], [9, 13, 17, 20, 16, 1, 21, 5, 24, 8, 18, 14], [9, 21, 13, 16, 24, 1, 5, 17, 20, 8, 18, 14], [17, 13, 16, 20, 5, 21, 9, 1, 24, 8, 14], [9, 17, 5, 13, 16, 20, 1, 21, 24, 8, 18, 14], [13, 17, 20, 16, 9, 1, 5, 21, 24, 8, 14], [9, 5, 21, 1, 13, 16, 24, 17, 20, 8, 14], [5, 21, 13, 24, 1, 9, 17, 20, 16, 8, 14], [13, 1, 21, 24, 17, 20, 16, 9, 5, 8, 14], [17, 1, 9, 5, 21, 20, 13, 16, 24, 8, 18, 14], [21, 9, 5, 1, 13, 24, 17, 16, 20, 8, 14], [13, 9, 21, 24, 5, 17, 20, 16, 1, 8, 18, 14], [9, 5, 17, 21, 20, 13, 16, 1, 24, 8, 14], [21, 1, 17, 20, 13, 16, 9, 5, 24, 8, 14], [1, 21, 17, 20, 13, 16, 9, 5, 24, 8, 14], [17, 9, 5, 21, 24, 13, 20, 16, 1, 8, 18, 14], [1, 9, 21, 5, 13, 24, 17, 16, 20, 8, 14], [1, 21, 9, 17, 20, 13, 16, 5, 24, 8, 18, 14], [13, 1, 17, 16, 20, 9, 21, 5, 24, 8, 18, 14], [13, 1, 9, 5, 21, 16, 24, 17, 20, 8, 18, 14], [1, 21, 9, 5, 17, 24, 13, 16, 20, 8, 18, 14], [1, 9, 5, 17, 21, 24, 13, 20, 16, 8, 18, 14], [9, 21, 1, 13, 16, 24, 17, 20, 5, 8, 18, 14], [9, 17, 1, 21, 24, 5, 13, 16, 20, 8, 14], [9, 1, 17, 13, 20, 16, 5, 21, 24, 8, 14], [13, 21, 16, 24, 17, 20, 5, 1, 9, 8, 14], [9, 21, 17, 20, 5, 13, 16, 1, 24, 8, 14], [13, 9, 5, 21, 16, 24, 17, 20, 1, 8, 14], [21, 9, 1, 17, 24, 5, 13, 20, 16, 8, 14], [17, 1, 5, 21, 20, 13, 16, 9, 24, 8, 18, 14], [13, 21, 16, 24, 17, 20, 1, 9, 5, 8, 14], [17, 21, 5, 20, 9, 13, 16, 1, 24, 8, 14], [1, 9, 5, 21, 17, 20, 13, 16, 24, 8, 18, 14], [13, 17, 20, 16, 21, 5, 9, 1, 24, 8, 14], [13, 17, 16, 20, 5, 1, 9, 21, 24, 8, 18, 14], [21, 17, 24, 9, 1, 5, 13, 16, 20, 8, 18, 14], [5, 13, 1, 17, 20, 16, 9, 21, 24, 8, 14], [17, 13, 20, 16, 21, 9, 1, 5, 24, 8, 18, 14], [1, 13, 9, 21, 24, 17, 16, 20, 5, 8, 18, 14], [5, 9, 13, 21, 24, 17, 16, 20, 1, 8, 14], [21, 5, 9, 17, 24, 13, 20, 16, 1, 8, 14], [1, 17, 13, 20, 16, 9, 21, 5, 24, 8, 14], [1, 17, 9, 21, 24, 13, 16, 20, 5, 8, 14], [9, 13, 5, 1, 17, 20, 16, 21, 24, 8, 18, 14], [9, 17, 21, 24, 1, 13, 20, 16, 5, 8, 18, 14], [17, 5, 21, 20, 9, 13, 16, 1, 24, 8, 14], [21, 5, 17, 24, 9, 1, 13, 16, 20, 8, 14], [13, 5, 9, 17, 16, 20, 1, 21, 24, 8, 14], [1, 21, 17, 24, 5, 9, 13, 20, 16, 8, 14], [1, 5, 13, 17, 16, 20, 9, 21, 24, 8, 18, 14], [1, 17, 21, 20, 5, 13, 16, 9, 24, 8, 18, 14], [5, 21, 17, 20, 9, 1, 13, 16, 24, 8, 18, 14], [17, 9, 21, 20, 1, 13, 16, 5, 24, 8, 14], [13, 17, 20, 16, 9, 1, 21, 5, 24, 8, 18, 14], [13, 9, 5, 1, 21, 24, 17, 20, 16, 8, 18, 14], [9, 17, 13, 16, 20, 5, 1, 21, 24, 8, 18, 14], [17, 1, 21, 24, 5, 9, 13, 16, 20, 8, 14], [21, 13, 24, 5, 9, 17, 20, 16, 1, 8, 14], [13, 21, 24, 9, 5, 17, 16, 20, 1, 8, 14], [21, 1, 17, 20, 9, 5, 13, 16, 24, 8, 18, 14], [21, 1, 5, 17, 20, 9, 13, 16, 24, 8, 14], [21, 17, 20, 1, 5, 9, 13, 16, 24, 8, 18, 14], [17, 5, 13, 16, 20, 9, 1, 21, 24, 8, 14], [9, 5, 13, 1, 17, 20, 16, 21, 24, 8, 18, 14], [1, 9, 17, 13, 20, 16, 21, 5, 24, 8, 14], [5, 9, 21, 13, 16, 24, 1, 17, 20, 8, 18, 14], [9, 21, 13, 16, 24, 17, 20, 5, 1, 8, 18, 14], [13, 17, 20, 16, 9, 5, 21, 1, 24, 8, 14], [5, 9, 17, 13, 16, 20, 21, 1, 24, 8, 18, 14], [17, 5, 1, 9, 21, 20, 13, 16, 24, 8, 14], [9, 17, 1, 5, 13, 16, 20, 21, 24, 18, 14], [21, 17, 20, 1, 9, 13, 16, 5, 24, 8, 14], [17, 9, 13, 20, 16, 5, 1, 21, 24, 8, 18, 14], [5, 21, 13, 16, 24, 9, 17, 20, 1, 8, 14], [13, 9, 21, 24, 17, 16, 20, 5, 1, 8, 14], [5, 13, 17, 16, 20, 21, 9, 1, 24, 8, 14], [13, 1, 9, 21, 16, 24, 17, 20, 5, 8, 18, 14], [1, 13, 17, 20, 16, 21, 9, 5, 24, 8, 18, 14], [1, 9, 13, 5, 17, 16, 20, 21, 24, 8, 14], [5, 9, 1, 13, 21, 24, 17, 16, 20, 8, 18, 14], [17, 1, 13, 20, 16, 21, 9, 5, 24, 8, 14], [9, 17, 1, 13, 16, 20, 5, 21, 24, 8, 14], [5, 13, 1, 17, 20, 16, 21, 9, 24, 8, 18, 14], [17, 1, 5, 13, 16, 20, 21, 9, 24, 8, 14], [1, 17, 5, 9, 13, 20, 16, 21, 24, 8, 18, 14], [9, 1, 5, 17, 13, 16, 20, 21, 24, 8, 14], [1, 13, 9, 17, 16, 20, 5, 21, 24, 8, 18, 14], [21, 5, 1, 9, 17, 24, 13, 20, 16, 8, 18, 14], [5, 9, 1, 21, 13, 24, 17, 16, 20, 8, 14], [9, 5, 17, 1, 13, 16, 20, 21, 24, 8, 18, 14], [5, 9, 1, 17, 13, 16, 20, 21, 24, 8, 18, 14], [5, 21, 13, 9, 16, 24, 1, 17, 20, 8, 18, 14], [13, 17, 20, 16, 1, 21, 5, 9, 24, 8, 18, 14], [17, 21, 24, 1, 5, 9, 13, 16, 20, 8, 18, 14], [5, 1, 17, 21, 20, 9, 13, 16, 24, 8, 18, 14], [5, 13, 21, 24, 1, 17, 20, 16, 9, 8, 14], [1, 13, 21, 16, 24, 5, 9, 17, 20, 8, 18, 14], [17, 13, 16, 20, 9, 1, 5, 21, 24, 8, 14], [9, 5, 1, 17, 21, 24, 13, 20, 16, 8, 14], [1, 17, 5, 9, 13, 16, 20, 21, 24, 8, 18, 14], [17, 21, 1, 20, 5, 13, 16, 9, 24, 8, 14], [9, 17, 1, 5, 13, 20, 16, 21, 24, 8, 18, 14], [21, 9, 1, 5, 13, 16, 24, 17, 20, 8, 14], [1, 5, 9, 13, 17, 20, 16, 21, 24, 8, 18, 14], [13, 17, 20, 16, 9, 1, 21, 5, 24, 8, 18, 14], [1, 13, 21, 24, 5, 17, 20, 16, 9, 8, 18, 14], [1, 9, 17, 21, 24, 5, 13, 20, 16, 8, 14], [21, 9, 13, 24, 1, 17, 20, 16, 5, 8, 14], [1, 5, 21, 17, 20, 9, 13, 16, 24, 8, 14], [1, 21, 17, 24, 5, 13, 16, 20, 9, 8, 18, 14], [17, 1, 21, 24, 9, 13, 16, 20, 5, 8, 18, 14], [21, 9, 17, 1, 24, 13, 20, 16, 5, 8, 14], [13, 9, 17, 20, 16, 21, 1, 5, 24, 8, 14], [13, 17, 16, 20, 9, 5, 21, 1, 24, 8, 14], [1, 9, 17, 13, 20, 16, 21, 5, 24, 8, 18, 14], [13, 17, 20, 16, 21, 9, 1, 5, 24, 8, 14], [21, 17, 9, 13, 20, 16, 5, 1, 24, 8, 14], [5, 21, 17, 20, 1, 13, 16, 9, 24, 8, 18, 14], [17, 9, 1, 13, 20, 16, 21, 5, 24, 8, 18, 14], [5, 9, 13, 17, 20, 16, 1, 21, 24, 8, 18, 14], [17, 13, 16, 20, 9, 21, 5, 1, 24, 8, 18, 14], [13, 21, 16, 24, 9, 5, 17, 20, 1, 8, 18, 14], [5, 1, 21, 13, 16, 24, 17, 20, 9, 8, 18, 14], [5, 13, 17, 16, 20, 9, 1, 21, 24, 8, 14], [21, 1, 17, 20, 5, 9, 13, 16, 24, 8, 14], [9, 21, 13, 16, 24, 1, 5, 17, 20, 8, 14], [17, 21, 24, 1, 13, 16, 20, 9, 5, 8, 18, 14], [9, 1, 5, 21, 17, 24, 13, 20, 16, 8, 18, 14], [17, 13, 20, 16, 9, 1, 5, 21, 24, 8, 18, 14], [21, 9, 1, 13, 16, 24, 17, 20, 5, 8, 14], [17, 21, 24, 1, 13, 16, 20, 9, 5, 8, 14], [13, 1, 21, 16, 24, 5, 9, 17, 20, 8, 18, 14], [13, 5, 1, 9, 21, 24, 17, 20, 16, 8, 18, 14], [21, 9, 5, 17, 24, 13, 16, 20, 1, 8, 14], [17, 21, 20, 5, 1, 13, 16, 9, 24, 8, 14], [5, 17, 13, 20, 16, 9, 1, 21, 24, 8, 14], [9, 5, 1, 21, 13, 24, 17, 16, 20, 8, 18, 14], [17, 9, 13, 20, 16, 21, 5, 1, 24, 8, 14], [13, 1, 17, 20, 16, 21, 5, 9, 24, 8, 14], [1, 5, 17, 13, 16, 20, 21, 9, 24, 8, 14], [13, 9, 21, 16, 24, 5, 17, 20, 1, 8, 18, 14], [13, 5, 21, 24, 1, 17, 16, 20, 9, 8, 18, 14], [1, 5, 21, 17, 24, 9, 13, 16, 20, 8, 18, 14], [13, 21, 16, 24, 1, 17, 20, 5, 9, 8, 18, 14], [9, 17, 13, 20, 16, 21, 5, 1, 24, 8, 18, 14], [17, 9, 5, 13, 20, 16, 21, 1, 24, 8, 14], [17, 9, 5, 21, 20, 1, 13, 16, 24, 8, 14], [5, 13, 9, 1, 17, 20, 16, 21, 24, 8, 14], [1, 17, 13, 16, 20, 5, 21, 9, 24, 8, 14], [1, 9, 5, 17, 21, 20, 13, 16, 24, 8, 18, 14], [21, 17, 24, 9, 1, 5, 13, 16, 20, 8, 14], [5, 17, 21, 20, 1, 9, 13, 16, 24, 14, 8], [1, 9, 17, 13, 16, 20, 21, 5, 24, 8, 14], [1, 9, 5, 13, 17, 16, 20, 21, 24, 8, 14], [17, 21, 24, 5, 9, 13, 20, 16, 1, 8, 14], [13, 17, 20, 16, 9, 1, 21, 5, 24, 8, 18, 14], [13, 17, 20, 16, 1, 5, 9, 21, 24, 8, 18, 14], [5, 9, 17, 13, 20, 16, 1, 21, 24, 8, 14], [13, 5, 17, 20, 16, 21, 9, 1, 24, 8, 18, 14], [5, 21, 1, 13, 16, 24, 17, 20, 9, 8, 18, 14], [13, 1, 5, 17, 20, 16, 9, 21, 24, 8, 14], [1, 9, 13, 17, 16, 20, 5, 21, 24, 8, 18, 14], [9, 13, 17, 16, 20, 5, 1, 21, 24, 8, 18, 14], [21, 1, 9, 17, 20, 13, 16, 5, 24, 8, 14], [13, 1, 17, 20, 16, 9, 5, 21, 24, 8, 14], [13, 5, 9, 17, 20, 16, 21, 1, 24, 8, 14], [17, 9, 13, 16, 20, 5, 1, 21, 24, 8, 18, 14], [13, 5, 17, 16, 20, 1, 21, 9, 24, 8, 18, 14], [13, 9, 5, 21, 24, 1, 17, 16, 20, 8, 18, 14], [5, 9, 17, 1, 21, 13, 20, 16, 24, 8, 14], [17, 5, 1, 9, 21, 24, 13, 16, 20, 8, 18, 14], [5, 21, 1, 17, 20, 13, 16, 9, 24, 8, 14], [21, 9, 5, 13, 16, 24, 17, 20, 1, 8, 18, 14], [9, 21, 1, 13, 16, 24, 17, 20, 5, 8, 18, 14], [13, 1, 21, 24, 9, 17, 16, 20, 5, 8, 18, 14], [1, 17, 5, 13, 20, 16, 9, 21, 24, 8, 14], [9, 1, 5, 17, 21, 20, 13, 16, 24, 8, 18, 14], [9, 5, 21, 17, 20, 13, 16, 1, 24, 8, 14], [21, 13, 17, 16, 20, 9, 5, 1, 24, 8, 18, 14], [13, 17, 20, 16, 21, 9, 5, 1, 24, 8, 18, 14], [21, 17, 24, 1, 9, 13, 16, 20, 5, 8, 18, 14], [21, 13, 24, 5, 1, 9, 17, 16, 20, 8, 18, 14], [9, 1, 17, 13, 16, 20, 5, 21, 24, 8, 14], [9, 1, 17, 5, 21, 24, 13, 16, 20, 8, 14], [1, 13, 9, 21, 16, 24, 5, 17, 20, 8, 18, 14], [21, 1, 9, 13, 16, 24, 5, 17, 20, 8, 18, 14], [21, 17, 20, 9, 13, 16, 5, 1, 24, 8, 14], [5, 9, 17, 1, 13, 16, 20, 21, 24, 8, 18, 14], [9, 13, 1, 21, 16, 24, 17, 20, 5, 8, 18, 14], [13, 17, 16, 20, 21, 1, 5, 24, 9, 8, 14], [17, 1, 21, 20, 9, 5, 13, 16, 24, 8, 14], [5, 21, 9, 17, 24, 13, 20, 16, 1, 8, 18, 14], [5, 17, 9, 1, 13, 16, 20, 21, 24, 8, 18, 14], [9, 21, 1, 13, 16, 24, 17, 20, 5, 8, 18, 14], [5, 1, 9, 21, 17, 24, 13, 16, 20, 8, 18, 14], [1, 13, 17, 16, 20, 5, 9, 21, 24, 8, 14], [17, 9, 1, 13, 20, 16, 21, 5, 24, 8, 14], [5, 21, 17, 24, 1, 13, 20, 16, 9, 8, 14], [21, 17, 24, 13, 20, 16, 5, 1, 9, 8, 18, 14], [17, 1, 21, 24, 5, 13, 20, 16, 9, 8, 14], [21, 5, 17, 24, 9, 1, 13, 16, 20, 8, 18, 14], [13, 9, 5, 17, 20, 16, 21, 1, 24, 8, 18, 14], [21, 9, 17, 20, 1, 5, 13, 16, 24, 8, 14], [13, 17, 20, 16, 9, 21, 5, 1, 24, 8, 14], [13, 21, 16, 24, 5, 1, 9, 17, 20, 8, 18, 14], [17, 13, 16, 20, 21, 5, 9, 1, 24, 8, 14], [5, 1, 17, 21, 20, 13, 16, 9, 24, 8, 18, 14], [17, 13, 16, 20, 1, 21, 9, 5, 24, 8, 14], [13, 1, 5, 21, 16, 24, 17, 20, 9, 8, 18, 14], [5, 9, 13, 17, 16, 20, 21, 1, 24, 8, 14], [9, 5, 13, 21, 16, 24, 1, 17, 20, 8, 18, 14], [21, 5, 9, 1, 17, 24, 13, 16, 20, 8, 14], [13, 17, 20, 16, 21, 1, 9, 5, 24, 8, 14], [5, 17, 13, 20, 16, 21, 1, 9, 24, 8, 14], [17, 5, 13, 16, 20, 21, 9, 1, 24, 8, 18, 14], [9, 21, 5, 13, 24, 17, 20, 16, 1, 8, 18, 14], [1, 9, 5, 17, 13, 20, 16, 21, 24, 8, 18, 14], [1, 5, 9, 17, 21, 24, 13, 20, 16, 8, 14], [9, 21, 13, 24, 1, 17, 16, 20, 5, 8, 18, 14], [1, 17, 9, 21, 20, 5, 13, 16, 24, 8, 18, 14], [21, 13, 24, 5, 1, 17, 16, 20, 9, 8, 14], [5, 17, 21, 24, 9, 13, 20, 16, 1, 8, 18, 14], [13, 1, 17, 20, 16, 21, 5, 9, 24, 8, 14], [9, 17, 5, 13, 16, 20, 21, 1, 24, 8, 18, 14], [21, 5, 17, 20, 1, 13, 16, 9, 24, 8, 14], [17, 21, 5, 24, 1, 9, 13, 16, 20, 8, 14], [1, 5, 17, 13, 16, 20, 21, 9, 24, 8, 14], [17, 9, 21, 20, 1, 5, 13, 16, 24, 8, 18, 14], [1, 21, 13, 16, 24, 17, 20, 9, 5, 8, 14], [1, 9, 17, 21, 13, 16, 20, 5, 24, 8, 14], [17, 9, 21, 20, 1, 13, 16, 5, 24, 8, 14], [21, 13, 24, 1, 17, 16, 20, 9, 5, 8, 14], [5, 13, 9, 21, 24, 17, 16, 20, 1, 8, 14], [13, 21, 24, 1, 9, 5, 17, 16, 20, 8, 18, 14], [5, 1, 13, 21, 16, 24, 9, 17, 20, 8, 14], [9, 13, 1, 5, 21, 24, 17, 20, 16, 8, 18, 14], [17, 13, 20, 16, 9, 1, 21, 5, 24, 8, 14], [9, 21, 13, 1, 16, 24, 17, 20, 5, 8, 14], [1, 5, 21, 13, 16, 24, 9, 17, 20, 8, 14], [13, 1, 21, 16, 24, 9, 5, 17, 20, 8, 18, 14], [17, 9, 1, 13, 20, 16, 21, 5, 24, 8, 18, 14], [13, 1, 9, 17, 20, 16, 5, 21, 24, 8, 18, 14], [5, 13, 1, 9, 17, 20, 16, 21, 24, 8, 18, 14], [5, 13, 17, 20, 16, 9, 21, 1, 24, 8, 18, 14], [21, 1, 13, 16, 24, 9, 17, 20, 5, 8, 18, 14], [9, 21, 13, 24, 5, 17, 16, 20, 1, 8, 14], [9, 5, 13, 1, 17, 16, 20, 21, 24, 8, 14], [1, 21, 17, 24, 9, 13, 16, 20, 5, 8, 14], [13, 9, 21, 24, 5, 1, 17, 20, 16, 8, 14], [21, 9, 1, 17, 24, 5, 13, 16, 20, 8, 18, 14], [21, 17, 24, 9, 1, 13, 16, 20, 5, 8, 14], [17, 21, 20, 5, 9, 1, 13, 16, 24, 8, 14], [17, 1, 21, 24, 13, 20, 16, 9, 5, 8, 14], [5, 17, 21, 1, 20, 13, 16, 9, 24, 8, 18, 14], [1, 5, 17, 13, 16, 20, 21, 9, 24, 8, 18, 14], [13, 21, 24, 1, 9, 5, 17, 20, 16, 8, 18, 14], [5, 1, 21, 17, 24, 13, 20, 16, 9, 8, 14], [5, 21, 9, 13, 24, 1, 17, 20, 16, 8, 14], [13, 9, 5, 21, 24, 17, 20, 16, 1, 8, 14], [9, 17, 13, 20, 16, 1, 5, 21, 24, 8, 14], [17, 9, 5, 21, 24, 1, 13, 16, 20, 8, 18, 14], [13, 21, 1, 24, 17, 16, 20, 9, 5, 8, 14], [13, 5, 21, 16, 24, 17, 20, 9, 1, 8, 14], [5, 17, 9, 21, 24, 1, 13, 20, 16, 8, 14], [1, 17, 21, 24, 5, 13, 16, 20, 9, 8, 18, 14], [21, 17, 20, 1, 5, 13, 16, 9, 24, 8, 14], [9, 21, 5, 17, 24, 13, 20, 16, 1, 8, 18, 14], [5, 17, 1, 21, 13, 20, 16, 9, 24, 8, 18, 14], [9, 21, 17, 13, 16, 20, 5, 1, 24, 8, 18, 14], [21, 9, 1, 13, 16, 24, 17, 20, 5, 8, 18, 14], [9, 21, 17, 24, 1, 5, 13, 16, 20, 8, 18, 14], [17, 1, 9, 21, 24, 13, 16, 20, 5, 8, 18, 14], [17, 1, 13, 20, 16, 21, 9, 5, 24, 8, 14], [5, 13, 17, 20, 16, 21, 1, 9, 24, 8, 18, 14], [5, 9, 1, 21, 17, 20, 13, 16, 24, 8, 14], [5, 17, 1, 9, 13, 16, 20, 21, 24, 8, 14], [13, 1, 21, 24, 9, 5, 17, 20, 16, 8, 14], [1, 13, 5, 17, 16, 20, 21, 9, 24, 8, 14], [13, 5, 1, 17, 16, 20, 21, 9, 24, 8, 18, 14], [5, 9, 17, 13, 16, 20, 1, 21, 24, 8, 14], [1, 9, 13, 5, 17, 16, 20, 21, 24, 8, 14], [17, 1, 9, 13, 16, 20, 21, 5, 24, 8, 14], [5, 13, 1, 21, 16, 24, 9, 17, 20, 8, 14], [1, 13, 9, 5, 21, 24, 17, 16, 20, 8, 14], [21, 5, 9, 17, 24, 1, 13, 20, 16, 8, 14], [1, 21, 9, 5, 17, 24, 13, 16, 20, 8, 14], [5, 17, 13, 16, 20, 9, 1, 21, 24, 8, 14], [5, 1, 13, 9, 21, 24, 17, 16, 20, 8, 14], [1, 21, 17, 20, 5, 13, 16, 9, 24, 8, 14], [1, 21, 9, 5, 17, 24, 13, 16, 20, 8, 18, 14], [9, 17, 5, 1, 21, 20, 13, 16, 24, 8, 18, 14], [1, 13, 17, 20, 16, 5, 21, 9, 24, 8, 14], [1, 13, 5, 9, 21, 16, 24, 17, 20, 8, 14], [5, 13, 1, 17, 16, 20, 9, 21, 24, 8, 14], [9, 13, 1, 5, 21, 24, 17, 16, 20, 8, 14], [13, 1, 9, 5, 17, 20, 16, 21, 24, 8, 14], [5, 17, 9, 21, 1, 20, 13, 16, 24, 8, 18, 14], [21, 5, 1, 9, 13, 24, 17, 20, 16, 8, 14], [5, 17, 21, 20, 13, 16, 9, 1, 24, 8, 14], [17, 1, 5, 21, 24, 13, 16, 20, 9, 8, 18, 14], [5, 13, 17, 16, 20, 1, 21, 9, 24, 8, 18, 14], [13, 1, 17, 20, 16, 5, 21, 9, 24, 8, 14], [5, 13, 9, 17, 20, 16, 21, 1, 24, 8, 18, 14], [21, 17, 24, 9, 5, 13, 20, 16, 1, 8, 18, 14], [5, 21, 13, 16, 24, 9, 17, 20, 1, 8, 18, 14], [17, 21, 24, 9, 13, 16, 20, 1, 5, 8, 14], [21, 1, 17, 24, 13, 16, 20, 5, 9, 8, 14], [1, 9, 17, 21, 20, 13, 16, 5, 24, 8, 18, 14], [1, 13, 5, 17, 16, 20, 9, 21, 24, 8, 18, 14], [1, 5, 21, 17, 24, 13, 20, 16, 9, 8, 18, 14], [13, 1, 9, 5, 17, 16, 20, 21, 24, 8, 18, 14], [21, 13, 24, 9, 5, 1, 17, 20, 16, 8, 18, 14], [13, 17, 20, 16, 9, 5, 1, 21, 24, 8, 18, 14], [21, 17, 24, 1, 5, 13, 16, 20, 9, 8, 18, 14], [1, 21, 17, 24, 5, 13, 20, 16, 9, 8, 14], [9, 13, 1, 21, 16, 24, 5, 17, 20, 8, 18, 14], [13, 9, 5, 17, 20, 16, 21, 1, 24, 8, 14], [9, 1, 21, 17, 24, 5, 13, 20, 16, 8, 18, 14], [5, 13, 9, 21, 24, 17, 20, 16, 1, 8, 14], [9, 5, 21, 17, 1, 24, 13, 16, 20, 8, 14], [13, 1, 5, 17, 20, 16, 9, 21, 24, 8, 14], [1, 21, 13, 16, 24, 9, 17, 20, 5, 8, 14], [1, 21, 13, 16, 24, 17, 20, 9, 5, 8, 18, 14], [17, 5, 1, 21, 24, 9, 13, 20, 16, 8, 18, 14], [17, 1, 9, 13, 20, 16, 21, 5, 24, 8, 18, 14], [5, 13, 17, 16, 20, 1, 9, 21, 24, 8, 14], [5, 9, 13, 17, 20, 16, 21, 1, 24, 8, 18, 14], [21, 1, 17, 24, 5, 9, 13, 16, 20, 8, 18, 14], [9, 1, 13, 5, 21, 16, 24, 17, 20, 8, 14], [13, 1, 9, 17, 16, 20, 21, 5, 24, 8, 18, 14], [17, 1, 5, 9, 13, 16, 20, 21, 24, 8, 14], [17, 21, 20, 9, 13, 16, 5, 1, 24, 8, 18, 14], [13, 17, 16, 20, 5, 21, 9, 1, 24, 8, 14], [13, 1, 21, 16, 24, 5, 9, 17, 20, 8, 14], [17, 9, 13, 16, 20, 21, 5, 1, 24, 8, 14], [21, 9, 5, 13, 16, 24, 17, 20, 1, 8, 14], [21, 17, 24, 1, 13, 20, 16, 9, 5, 8, 14], [1, 17, 5, 21, 24, 13, 16, 20, 9, 8, 14], [5, 13, 9, 21, 16, 24, 17, 20, 1, 8, 18, 14], [1, 5, 17, 13, 20, 16, 9, 21, 24, 8, 14], [1, 21, 13, 16, 24, 5, 17, 20, 9, 8, 18, 14], [21, 13, 24, 9, 5, 1, 17, 20, 16, 8, 18, 14], [5, 1, 13, 21, 17, 20, 16, 24, 9, 8, 14], [21, 13, 24, 1, 9, 17, 16, 20, 5, 8, 14], [9, 13, 1, 17, 20, 16, 5, 21, 24, 8, 14], [1, 9, 5, 17, 13, 20, 16, 21, 24, 8, 18, 14], [13, 5, 17, 20, 16, 9, 21, 1, 24, 8, 18, 14], [9, 5, 1, 21, 13, 16, 24, 17, 20, 8, 14], [21, 1, 13, 24, 17, 16, 20, 5, 9, 8, 14], [5, 17, 1, 21, 24, 9, 13, 16, 20, 8, 18, 14], [21, 13, 16, 24, 9, 5, 17, 20, 1, 8, 18, 14], [13, 1, 17, 20, 16, 5, 21, 9, 24, 8, 18, 14], [1, 5, 17, 21, 24, 13, 20, 16, 9, 8, 18, 14], [5, 13, 1, 9, 21, 16, 24, 17, 20, 8, 14], [9, 17, 21, 24, 5, 1, 13, 20, 16, 8, 14], [21, 9, 1, 13, 17, 20, 16, 5, 24, 8, 18, 14], [13, 1, 9, 17, 16, 20, 21, 5, 24, 8, 14], [9, 17, 21, 24, 1, 13, 16, 20, 5, 8, 18, 14], [9, 13, 5, 21, 16, 24, 1, 17, 20, 8, 18, 14], [1, 21, 9, 17, 20, 5, 13, 16, 24, 8, 18, 14], [9, 17, 21, 20, 1, 5, 13, 16, 24, 8, 14], [5, 9, 13, 1, 17, 20, 16, 21, 24, 8, 14], [21, 9, 13, 16, 24, 17, 20, 5, 1, 8, 18, 14], [21, 1, 13, 16, 24, 9, 17, 20, 5, 8, 14], [5, 13, 21, 16, 24, 9, 1, 17, 20, 8, 14], [5, 9, 1, 21, 13, 16, 24, 17, 20, 8, 18, 14], [5, 9, 1, 21, 17, 20, 13, 16, 24, 8, 18, 14], [17, 21, 24, 9, 5, 1, 13, 16, 20, 8, 18, 14], [9, 13, 5, 17, 20, 16, 21, 1, 24, 8, 14], [21, 9, 1, 17, 20, 13, 16, 5, 24, 8, 18, 14], [1, 5, 17, 21, 24, 9, 13, 20, 16, 8, 14], [13, 9, 17, 16, 20, 1, 5, 21, 24, 8, 18, 14], [21, 5, 9, 17, 20, 1, 13, 16, 24, 8, 14], [21, 5, 9, 1, 13, 17, 20, 16, 24, 8, 18, 14], [1, 13, 21, 24, 17, 16, 20, 5, 9, 8, 18, 14], [5, 21, 9, 17, 20, 1, 13, 16, 24, 8, 14], [1, 9, 13, 21, 24, 5, 17, 16, 20, 8, 18, 14], [13, 17, 20, 16, 5, 1, 21, 9, 24, 8, 18, 14], [17, 9, 1, 21, 20, 5, 13, 16, 24, 8, 18, 14], [1, 17, 13, 16, 20, 21, 9, 5, 24, 8, 14], [17, 13, 16, 20, 9, 5, 21, 1, 24, 8, 18, 14], [17, 21, 20, 13, 16, 9, 1, 5, 24, 8, 18, 14], [13, 9, 5, 21, 16, 24, 17, 20, 1, 8, 18, 14], [9, 17, 1, 21, 20, 13, 16, 5, 24, 8, 14], [5, 13, 17, 16, 20, 1, 9, 21, 24, 8, 14], [13, 1, 5, 17, 20, 16, 21, 9, 24, 8, 18, 14], [9, 17, 1, 21, 24, 5, 13, 20, 16, 8, 14], [21, 5, 9, 13, 24, 1, 17, 20, 16, 8, 18, 14], [21, 9, 1, 5, 17, 24, 13, 20, 16, 8, 18, 14], [9, 21, 5, 1, 17, 24, 13, 16, 20, 8, 18, 14], [1, 13, 17, 20, 16, 21, 5, 9, 24, 8, 14], [5, 1, 17, 9, 21, 13, 20, 16, 24, 8, 18, 14], [5, 9, 17, 21, 24, 13, 16, 20, 1, 8, 18, 14], [1, 5, 13, 21, 16, 24, 17, 20, 9, 8, 18, 14], [5, 13, 21, 24, 9, 17, 20, 16, 1, 8, 14], [1, 17, 21, 20, 5, 9, 13, 16, 24, 8, 14], [5, 9, 1, 17, 21, 20, 13, 16, 24, 8, 18, 14], [21, 13, 24, 17, 20, 16, 1, 9, 5, 8, 18, 14], [21, 17, 24, 1, 13, 20, 16, 9, 5, 8, 14], [5, 9, 17, 21, 24, 1, 13, 16, 20, 8, 18, 14], [9, 1, 21, 13, 24, 17, 16, 20, 5, 8, 14], [1, 21, 13, 24, 5, 17, 16, 20, 9, 8, 18, 14], [5, 21, 13, 24, 9, 17, 16, 20, 1, 8, 14], [17, 1, 13, 16, 20, 21, 5, 9, 24, 8, 14], [13, 21, 16, 24, 9, 5, 1, 17, 20, 8, 14], [1, 17, 21, 20, 13, 16, 9, 5, 24, 8, 18, 14], [17, 1, 21, 20, 13, 16, 9, 5, 24, 8, 18, 14], [21, 1, 5, 13, 24, 17, 20, 16, 9, 8, 14], [5, 1, 17, 9, 21, 24, 13, 20, 16, 8, 18, 14], [5, 9, 21, 1, 17, 24, 13, 16, 20, 8, 14], [13, 17, 16, 20, 1, 5, 21, 9, 24, 8, 14], [5, 1, 13, 9, 21, 24, 17, 16, 20, 8, 18, 14], [21, 13, 16, 24, 5, 17, 20, 1, 9, 8, 14], [17, 1, 13, 16, 20, 5, 21, 9, 24, 8, 18, 14], [1, 17, 21, 20, 9, 13, 16, 5, 24, 8, 14], [21, 17, 24, 9, 1, 13, 20, 16, 5, 8, 14], [5, 9, 1, 13, 21, 16, 24, 17, 20, 8, 18, 14], [9, 21, 13, 16, 24, 5, 1, 17, 20, 8, 14], [21, 9, 5, 1, 17, 20, 13, 16, 24, 8, 18, 14], [9, 5, 17, 1, 21, 20, 13, 16, 24, 8, 18, 14], [17, 21, 24, 1, 9, 5, 13, 16, 20, 8, 14], [9, 13, 21, 24, 1, 17, 16, 20, 5, 8, 14], [5, 13, 9, 17, 20, 16, 21, 1, 24, 8, 14], [1, 9, 5, 17, 13, 16, 20, 21, 24, 8, 14], [5, 17, 1, 9, 21, 24, 13, 20, 16, 8, 14], [5, 21, 13, 24, 1, 17, 20, 16, 9, 8, 14], [9, 1, 21, 13, 24, 5, 17, 16, 20, 8, 18, 14], [5, 13, 21, 24, 1, 17, 20, 16, 9, 8, 18, 14], [5, 17, 13, 16, 20, 21, 9, 1, 24, 8, 14], [5, 13, 9, 17, 16, 20, 21, 1, 24, 8, 14], [9, 5, 17, 13, 20, 16, 21, 1, 24, 8, 14], [17, 9, 1, 5, 13, 20, 16, 21, 24, 8, 14], [1, 9, 17, 5, 21, 24, 13, 20, 16, 8, 18, 14], [13, 1, 21, 24, 5, 9, 17, 16, 20, 8, 14], [17, 13, 16, 20, 5, 9, 21, 1, 24, 8, 18, 14], [13, 17, 16, 20, 9, 5, 1, 21, 24, 8, 14], [5, 21, 13, 16, 24, 1, 9, 17, 20, 8, 14], [5, 17, 9, 13, 16, 20, 21, 1, 24, 8, 14], [5, 9, 21, 1, 17, 24, 13, 20, 16, 8, 18, 14], [21, 5, 13, 16, 24, 17, 20, 9, 1, 8, 14], [1, 9, 21, 17, 24, 5, 13, 20, 16, 8, 18, 14], [17, 9, 1, 21, 24, 5, 13, 20, 16, 8, 18, 14], [5, 1, 9, 17, 13, 16, 20, 21, 24, 8, 18, 14], [21, 1, 13, 24, 17, 20, 16, 9, 5, 8, 18, 14], [1, 13, 9, 5, 17, 16, 20, 21, 24, 8, 18, 14], [13, 17, 16, 20, 5, 9, 21, 1, 24, 8, 14], [1, 9, 17, 13, 20, 16, 5, 21, 24, 8, 14], [17, 1, 9, 5, 21, 24, 13, 16, 20, 8, 14], [13, 17, 20, 16, 1, 5, 21, 9, 24, 8, 18, 14], [17, 1, 13, 16, 20, 21, 9, 5, 24, 8, 18, 14], [9, 17, 21, 20, 1, 5, 13, 16, 24, 8, 18, 14], [21, 17, 20, 9, 13, 16, 5, 1, 24, 8, 18, 14], [17, 5, 1, 21, 24, 9, 13, 20, 16, 8, 14], [9, 1, 13, 17, 16, 20, 5, 21, 24, 8, 18, 14], [5, 1, 17, 13, 16, 20, 9, 21, 24, 8, 14], [9, 5, 13, 1, 17, 16, 20, 21, 24, 8, 14], [21, 5, 1, 17, 24, 13, 20, 16, 9, 8, 14], [1, 9, 5, 21, 17, 24, 13, 20, 16, 8, 18, 14], [5, 21, 9, 13, 16, 24, 1, 17, 20, 8, 18, 14], [17, 1, 9, 21, 24, 5, 13, 16, 20, 8, 18, 14], [21, 1, 5, 17, 24, 9, 13, 16, 20, 8, 14], [1, 9, 13, 21, 24, 5, 17, 16, 20, 8, 18, 14], [17, 5, 13, 20, 16, 9, 1, 21, 24, 8, 14], [9, 21, 17, 24, 5, 13, 16, 20, 1, 8, 18, 14], [13, 9, 1, 5, 21, 24, 17, 16, 20, 8, 18, 14], [5, 9, 13, 21, 24, 1, 17, 20, 16, 8, 18, 14], [17, 9, 13, 16, 20, 21, 5, 1, 24, 8, 14], [1, 17, 9, 21, 24, 13, 20, 16, 5, 8, 14], [9, 5, 21, 13, 16, 24, 1, 17, 20, 8, 18, 14], [13, 9, 21, 16, 24, 17, 20, 5, 1, 8, 14], [21, 9, 13, 16, 24, 5, 17, 20, 1, 8, 18, 14], [21, 9, 13, 16, 24, 5, 1, 17, 20, 8, 18, 14], [13, 1, 5, 17, 16, 20, 9, 21, 24, 8, 18, 14], [1, 21, 13, 16, 24, 5, 9, 17, 20, 8, 18, 14], [1, 9, 17, 5, 21, 24, 13, 16, 20, 8, 14], [9, 13, 5, 21, 24, 1, 17, 20, 16, 8, 14], [9, 5, 21, 1, 13, 16, 24, 17, 20, 8, 18, 14], [17, 13, 16, 20, 21, 5, 1, 9, 24, 8, 18, 14], [5, 17, 21, 24, 9, 13, 20, 16, 1, 8, 18, 14], [21, 1, 5, 17, 24, 13, 16, 20, 9, 8, 14], [1, 5, 21, 17, 24, 9, 13, 16, 20, 8, 14], [9, 13, 17, 16, 20, 1, 5, 21, 24, 8, 18, 14], [9, 5, 17, 13, 20, 16, 1, 21, 24, 8, 14], [21, 1, 9, 17, 24, 5, 13, 20, 16, 8, 18, 14], [13, 1, 9, 21, 16, 24, 5, 17, 20, 8, 14], [1, 13, 17, 16, 20, 9, 21, 5, 24, 8, 14], [1, 17, 13, 20, 16, 5, 21, 9, 24, 8, 18, 14], [9, 17, 1, 13, 16, 20, 21, 5, 24, 8, 18, 14], [9, 21, 13, 16, 24, 17, 20, 1, 5, 8, 18, 14], [21, 17, 24, 5, 13, 16, 20, 1, 9, 8, 18, 14], [13, 5, 9, 17, 16, 20, 1, 21, 24, 8, 14], [21, 5, 9, 1, 13, 16, 24, 17, 20, 8, 18, 14], [13, 9, 5, 1, 17, 16, 20, 21, 24, 8, 18, 14], [5, 17, 1, 13, 16, 20, 21, 9, 24, 8, 14], [17, 13, 16, 20, 21, 1, 5, 9, 24, 8, 14], [1, 17, 13, 20, 16, 5, 21, 9, 24, 8, 14], [1, 13, 21, 16, 24, 5, 17, 20, 9, 8, 18, 14], [5, 13, 1, 17, 16, 20, 9, 21, 24, 8, 14], [13, 5, 9, 17, 20, 16, 1, 21, 24, 8, 18, 14], [5, 17, 9, 13, 16, 20, 21, 1, 24, 8, 14], [13, 5, 21, 24, 9, 17, 16, 20, 1, 8, 18, 14], [13, 1, 9, 17, 20, 16, 21, 5, 24, 8, 14], [1, 21, 17, 24, 9, 13, 20, 16, 5, 8, 18, 14], [21, 13, 24, 9, 17, 20, 16, 1, 5, 8, 14], [9, 5, 1, 17, 21, 24, 13, 16, 20, 8, 18, 14], [21, 1, 5, 17, 20, 9, 13, 16, 24, 8, 18, 14], [5, 13, 21, 24, 9, 17, 20, 16, 1, 8, 18, 14], [1, 13, 5, 9, 17, 20, 16, 21, 24, 8, 18, 14], [9, 5, 1, 17, 13, 20, 16, 21, 24, 8, 14], [17, 9, 21, 24, 5, 13, 16, 20, 1, 8, 18, 14], [21, 9, 13, 24, 17, 16, 20, 5, 1, 8, 18, 14], [17, 13, 16, 20, 21, 9, 5, 1, 24, 8, 14], [21, 5, 13, 16, 24, 9, 1, 17, 20, 8, 14], [1, 5, 13, 17, 20, 16, 9, 21, 24, 8, 18, 14], [5, 9, 13, 21, 24, 1, 17, 16, 20, 8, 18, 14], [5, 9, 21, 17, 20, 1, 13, 16, 24, 8, 14], [21, 5, 9, 1, 17, 20, 13, 16, 24, 8, 14], [9, 1, 17, 5, 21, 20, 13, 16, 24, 8, 18, 14], [1, 21, 13, 24, 5, 9, 17, 16, 20, 8, 14], [1, 13, 21, 24, 9, 17, 20, 16, 5, 8, 18, 14], [13, 17, 16, 20, 1, 5, 9, 21, 24, 8, 18, 14], [9, 5, 1, 13, 17, 20, 16, 21, 24, 8, 18, 14], [5, 21, 13, 24, 9, 1, 17, 20, 16, 8, 14], [9, 21, 17, 20, 1, 13, 16, 5, 24, 8, 18, 14], [5, 13, 1, 17, 20, 16, 21, 9, 24, 8, 14], [13, 21, 16, 24, 1, 17, 20, 5, 9, 8, 18, 14], [21, 17, 24, 1, 9, 13, 16, 20, 5, 8, 18, 14], [9, 5, 1, 21, 13, 24, 17, 16, 20, 8, 18, 14], [9, 5, 17, 21, 20, 1, 13, 16, 24, 8, 18, 14], [9, 17, 5, 1, 21, 20, 13, 16, 24, 8, 14], [21, 17, 20, 9, 13, 16, 1, 5, 24, 8, 18, 14], [21, 9, 17, 20, 1, 5, 13, 16, 24, 8, 18, 14], [1, 21, 17, 20, 9, 5, 13, 16, 24, 8, 18, 14], [13, 5, 21, 16, 24, 17, 20, 1, 9, 8, 14], [17, 5, 9, 21, 20, 1, 13, 16, 24, 8, 18, 14], [5, 21, 13, 24, 1, 9, 17, 20, 16, 8, 14], [5, 17, 9, 21, 20, 1, 13, 16, 24, 8, 14], [17, 9, 21, 20, 5, 13, 16, 1, 24, 8, 18, 14], [9, 1, 13, 17, 16, 20, 21, 5, 24, 8, 18, 14], [17, 1, 5, 13, 16, 20, 21, 9, 24, 8, 18, 14], [9, 5, 21, 1, 17, 20, 13, 16, 24, 8, 18, 14], [17, 1, 13, 20, 16, 5, 9, 21, 24, 8, 18, 14], [21, 9, 17, 20, 5, 13, 16, 1, 24, 8, 14], [13, 1, 21, 16, 24, 17, 20, 9, 5, 8, 14], [1, 21, 9, 5, 17, 20, 13, 16, 24, 8, 18, 14], [9, 21, 17, 20, 13, 16, 1, 5, 24, 8, 14], [9, 17, 1, 21, 24, 13, 20, 16, 5, 8, 18, 14], [9, 5, 13, 21, 24, 17, 16, 20, 1, 8, 18, 14], [1, 5, 21, 17, 24, 9, 13, 16, 20, 8, 18, 14], [13, 9, 21, 16, 24, 17, 20, 5, 1, 8, 14], [17, 21, 20, 9, 1, 13, 16, 5, 24, 8, 14], [13, 21, 24, 9, 1, 17, 20, 16, 5, 8, 14], [1, 5, 13, 9, 21, 24, 17, 16, 20, 8, 14], [21, 13, 24, 5, 1, 9, 17, 16, 20, 8, 18, 14], [13, 5, 17, 16, 20, 1, 21, 9, 24, 8, 14], [5, 9, 21, 1, 13, 16, 24, 17, 20, 8, 14], [9, 13, 1, 17, 16, 20, 5, 21, 24, 8, 14], [13, 1, 9, 5, 17, 20, 16, 21, 24, 8, 18, 14], [17, 1, 5, 9, 21, 24, 13, 16, 20, 8, 14], [9, 5, 13, 17, 20, 16, 1, 21, 24, 8, 18, 14], [1, 17, 9, 21, 24, 13, 16, 20, 5, 8, 14], [21, 5, 13, 24, 9, 17, 16, 20, 1, 8, 14], [5, 9, 17, 13, 20, 16, 21, 1, 24, 8, 18, 14], [21, 17, 24, 1, 5, 9, 13, 16, 20, 8, 18, 14], [13, 1, 5, 9, 17, 16, 20, 21, 24, 8, 18, 14], [5, 9, 1, 21, 13, 24, 17, 20, 16, 8, 18, 14], [21, 17, 24, 9, 1, 13, 16, 20, 5, 8, 18, 14], [1, 21, 5, 13, 24, 17, 16, 20, 9, 8, 18, 14], [9, 21, 5, 13, 24, 17, 16, 20, 1, 8, 18, 14], [13, 1, 17, 16, 20, 9, 5, 21, 24, 8, 14], [9, 21, 13, 24, 17, 20, 16, 5, 1, 8, 14], [17, 5, 21, 24, 1, 13, 20, 16, 9, 8, 18, 14], [1, 13, 21, 9, 5, 24, 17, 16, 20, 8, 14], [13, 1, 21, 16, 24, 9, 5, 17, 20, 8, 18, 14], [17, 5, 1, 9, 13, 20, 16, 21, 24, 8, 18, 14], [13, 17, 16, 20, 1, 21, 9, 5, 24, 8, 14], [5, 9, 21, 1, 13, 16, 24, 17, 20, 8, 18, 14], [21, 5, 17, 24, 9, 1, 13, 16, 20, 8, 18, 14], [13, 1, 17, 16, 20, 21, 9, 5, 24, 8, 14], [1, 13, 17, 20, 16, 9, 5, 21, 24, 8, 18, 14], [9, 5, 17, 13, 16, 20, 21, 1, 24, 8, 14], [21, 5, 1, 17, 24, 13, 16, 20, 9, 8, 14], [1, 13, 9, 5, 17, 20, 16, 21, 24, 8, 14], [1, 21, 13, 24, 5, 17, 20, 16, 9, 8, 18, 14], [21, 17, 24, 9, 1, 13, 16, 20, 5, 8, 14], [17, 5, 9, 21, 20, 13, 16, 1, 24, 8, 14], [1, 17, 21, 9, 24, 5, 13, 16, 20, 8, 14], [1, 13, 21, 24, 5, 17, 16, 20, 9, 8, 14], [13, 17, 16, 20, 21, 1, 9, 5, 24, 8, 18, 14], [5, 1, 21, 9, 13, 24, 17, 16, 20, 8, 18, 14], [17, 5, 21, 20, 13, 16, 9, 1, 24, 8, 18, 14], [5, 9, 1, 17, 13, 16, 20, 21, 24, 8, 14], [1, 13, 5, 9, 17, 16, 20, 21, 24, 8, 14], [9, 5, 17, 21, 1, 24, 13, 20, 16, 8, 18, 14], [17, 9, 5, 21, 24, 1, 13, 16, 20, 8, 14], [17, 9, 21, 24, 5, 1, 13, 16, 20, 8, 14], [5, 9, 1, 21, 13, 24, 17, 20, 16, 8, 18, 14], [17, 13, 16, 20, 5, 21, 9, 1, 24, 8, 18, 14], [9, 21, 17, 24, 5, 13, 20, 16, 1, 8, 18, 14], [21, 5, 17, 20, 9, 1, 13, 16, 24, 8, 14], [17, 9, 13, 20, 16, 1, 21, 5, 24, 8, 14], [17, 9, 5, 1, 21, 20, 13, 16, 24, 8, 14], [9, 1, 17, 5, 21, 20, 13, 16, 24, 8, 18, 14], [21, 13, 24, 9, 5, 1, 17, 20, 16, 8, 14], [9, 1, 17, 5, 21, 20, 13, 16, 24, 8, 14], [1, 9, 17, 5, 13, 20, 16, 21, 24, 8, 14], [9, 21, 1, 17, 24, 13, 20, 16, 5, 8, 14], [1, 9, 17, 13, 16, 20, 21, 5, 24, 8, 14], [17, 1, 5, 9, 13, 16, 20, 21, 24, 8, 18, 14], [5, 9, 1, 17, 13, 16, 20, 21, 24, 8, 18, 14], [13, 9, 17, 16, 20, 1, 21, 5, 24, 8, 18, 14], [5, 9, 21, 1, 17, 20, 13, 16, 24, 8, 14], [5, 13, 1, 17, 20, 16, 9, 21, 24, 8, 14], [9, 1, 21, 13, 24, 5, 17, 16, 20, 8, 14], [1, 9, 13, 21, 24, 5, 17, 20, 16, 8, 14], [1, 9, 17, 21, 20, 5, 13, 16, 24, 8, 14], [9, 17, 21, 20, 1, 13, 16, 5, 24, 8, 14], [21, 5, 1, 13, 24, 9, 17, 20, 16, 8, 14], [17, 1, 5, 13, 16, 20, 21, 9, 24, 8, 14], [5, 13, 9, 21, 1, 16, 24, 17, 20, 8, 18, 14], [21, 17, 20, 9, 13, 16, 1, 5, 24, 8, 18, 14], [9, 1, 5, 13, 17, 16, 20, 21, 24, 8, 18, 14], [17, 5, 1, 21, 24, 9, 13, 16, 20, 8, 14], [5, 9, 13, 17, 16, 20, 21, 1, 24, 8, 14], [5, 13, 17, 20, 16, 1, 9, 21, 24, 8, 14], [9, 17, 5, 1, 21, 20, 13, 16, 24, 8, 14], [13, 17, 16, 20, 21, 5, 1, 9, 24, 8, 14], [5, 21, 17, 24, 9, 1, 13, 16, 20, 8, 18, 14], [5, 1, 9, 13, 17, 20, 16, 21, 24, 8, 14], [1, 13, 5, 21, 24, 17, 20, 16, 9, 8, 18, 14], [5, 21, 17, 24, 9, 1, 13, 20, 16, 8, 14], [1, 21, 5, 17, 20, 9, 13, 16, 24, 8, 18, 14], [1, 17, 21, 24, 9, 13, 20, 16, 5, 8, 18, 14], [13, 5, 9, 17, 20, 16, 21, 1, 24, 8, 18, 14], [5, 13, 1, 17, 16, 20, 9, 21, 24, 8, 14], [17, 21, 20, 13, 16, 5, 9, 1, 24, 8, 14], [1, 13, 21, 16, 24, 5, 17, 20, 9, 8, 14], [1, 5, 17, 13, 20, 16, 9, 21, 24, 8, 18, 14], [1, 21, 5, 17, 20, 13, 16, 9, 24, 8, 18, 14], [21, 1, 13, 16, 24, 9, 5, 17, 20, 8, 14], [5, 21, 17, 9, 20, 1, 13, 16, 24, 8, 14], [9, 17, 1, 13, 20, 16, 21, 5, 24, 8, 18, 14], [1, 17, 5, 9, 13, 16, 20, 21, 24, 8, 14], [9, 1, 13, 5, 17, 16, 20, 21, 24, 8, 18, 14], [17, 5, 21, 20, 1, 9, 13, 16, 24, 8, 14], [9, 13, 21, 16, 24, 5, 17, 20, 1, 8, 14], [9, 13, 5, 21, 24, 17, 20, 16, 1, 8, 14], [13, 5, 21, 24, 1, 9, 17, 20, 16, 8, 18, 14], [1, 21, 13, 16, 24, 17, 20, 5, 9, 8, 18, 14], [13, 1, 17, 16, 20, 5, 21, 9, 24, 8, 14], [21, 9, 1, 13, 24, 17, 16, 20, 5, 8, 14], [13, 17, 20, 16, 9, 1, 5, 21, 24, 8, 14], [17, 21, 24, 9, 1, 5, 13, 20, 16, 8, 14], [5, 13, 21, 24, 9, 17, 16, 20, 1, 8, 14], [17, 9, 13, 20, 16, 5, 1, 21, 24, 8, 18, 14], [9, 1, 21, 17, 24, 5, 13, 20, 16, 8, 14], [13, 17, 20, 16, 5, 1, 9, 21, 24, 8, 18, 14], [17, 5, 13, 16, 20, 9, 21, 1, 24, 8, 14], [9, 17, 21, 20, 5, 13, 16, 1, 24, 8, 14], [5, 17, 9, 1, 21, 20, 13, 16, 24, 8, 18, 14], [5, 13, 1, 21, 17, 20, 16, 9, 24, 8, 18, 14], [21, 5, 17, 20, 13, 16, 1, 9, 24, 8, 18, 14], [13, 21, 24, 5, 17, 16, 20, 1, 9, 8, 18, 14], [1, 17, 5, 13, 16, 20, 21, 9, 24, 8, 14], [13, 9, 5, 21, 24, 1, 17, 16, 20, 8, 18, 14], [17, 13, 16, 20, 21, 9, 5, 1, 24, 8, 14], [9, 1, 13, 5, 21, 16, 24, 17, 20, 8, 18, 14], [13, 21, 24, 9, 17, 20, 16, 5, 1, 8, 14], [5, 1, 9, 13, 21, 16, 24, 17, 20, 8, 14], [13, 21, 24, 9, 17, 16, 20, 1, 5, 8, 14], [1, 5, 13, 9, 21, 16, 24, 17, 20, 8, 14], [9, 17, 5, 21, 20, 1, 13, 16, 24, 8, 18, 14], [13, 1, 17, 20, 16, 21, 9, 5, 24, 8, 18, 14], [1, 9, 5, 17, 21, 24, 13, 16, 20, 8, 18, 14], [5, 21, 17, 24, 13, 16, 20, 1, 9, 8, 14], [1, 9, 21, 5, 17, 20, 13, 16, 24, 8, 14], [21, 9, 13, 16, 24, 5, 17, 20, 1, 8, 18, 14], [13, 9, 17, 20, 16, 21, 5, 1, 24, 8, 14], [17, 21, 20, 5, 1, 9, 13, 16, 24, 8, 18, 14], [5, 21, 1, 17, 20, 9, 13, 16, 24, 8, 14], [13, 1, 9, 17, 16, 20, 5, 21, 24, 8, 14], [1, 13, 21, 24, 9, 17, 20, 16, 5, 8, 18, 14], [1, 5, 9, 17, 21, 20, 13, 16, 24, 8, 18, 14], [13, 9, 5, 21, 24, 1, 17, 16, 20, 8, 18, 14], [13, 21, 24, 1, 9, 17, 20, 16, 5, 8, 14], [5, 13, 9, 1, 21, 24, 17, 16, 20, 8, 18, 14], [9, 17, 1, 21, 20, 13, 16, 5, 24, 8, 14], [5, 13, 1, 17, 20, 16, 21, 9, 24, 8, 14], [13, 5, 1, 21, 24, 17, 20, 16, 9, 8, 14], [5, 21, 13, 16, 24, 17, 20, 1, 9, 8, 14], [1, 13, 5, 21, 24, 9, 17, 16, 20, 8, 14], [5, 9, 1, 17, 13, 16, 20, 21, 24, 8, 18, 14], [5, 9, 17, 1, 13, 16, 20, 21, 24, 8, 14], [13, 5, 21, 24, 17, 20, 16, 9, 1, 8, 14], [5, 9, 17, 1, 13, 20, 16, 21, 24, 8, 14], [1, 9, 5, 21, 17, 20, 13, 16, 24, 8, 18, 14], [13, 9, 21, 24, 17, 20, 16, 5, 1, 8, 14], [5, 13, 1, 9, 21, 16, 24, 17, 20, 8, 14], [9, 17, 13, 20, 16, 5, 21, 1, 24, 8, 14], [1, 17, 5, 9, 13, 16, 20, 21, 24, 8, 14], [9, 5, 13, 21, 1, 16, 24, 17, 20, 8, 14], [5, 13, 17, 16, 20, 1, 21, 9, 24, 8, 14], [17, 1, 5, 13, 16, 20, 9, 21, 24, 8, 14], [1, 9, 21, 5, 17, 13, 20, 16, 24, 8, 18, 14], [17, 1, 9, 21, 24, 13, 20, 16, 5, 8, 18, 14], [1, 21, 17, 20, 5, 13, 16, 9, 24, 8, 14], [17, 21, 20, 1, 13, 16, 9, 5, 24, 8, 18, 14], [21, 13, 17, 16, 20, 9, 5, 1, 24, 8, 18, 14], [21, 1, 13, 16, 24, 5, 9, 17, 20, 8, 14], [5, 9, 17, 13, 16, 20, 21, 1, 24, 8, 18, 14], [13, 9, 21, 24, 17, 20, 16, 1, 5, 8, 18, 14], [13, 9, 17, 16, 20, 21, 5, 1, 24, 8, 18, 14], [21, 9, 1, 5, 17, 20, 13, 16, 24, 8, 14], [5, 9, 17, 21, 20, 13, 16, 1, 24, 8, 14], [9, 17, 5, 21, 20, 1, 13, 16, 24, 8, 18, 14], [9, 1, 21, 5, 17, 24, 13, 20, 16, 8, 14], [1, 13, 9, 21, 16, 24, 17, 20, 5, 8, 14], [13, 21, 16, 24, 5, 17, 20, 1, 9, 8, 18, 14], [13, 21, 24, 9, 5, 17, 16, 20, 1, 8, 18, 14], [21, 17, 20, 1, 13, 16, 9, 5, 24, 8, 18, 14], [5, 21, 17, 24, 9, 13, 20, 16, 1, 8, 18, 14], [13, 21, 16, 24, 9, 1, 5, 17, 20, 8, 18, 14], [13, 1, 17, 20, 16, 5, 9, 21, 24, 8, 14], [13, 17, 20, 16, 5, 9, 21, 1, 24, 8, 18, 14], [1, 21, 17, 20, 5, 9, 13, 16, 24, 8, 18, 14], [5, 17, 9, 13, 16, 20, 21, 1, 24, 8, 18, 14], [21, 1, 9, 17, 20, 5, 13, 16, 24, 8, 18, 14], [13, 17, 20, 16, 5, 21, 1, 9, 24, 8, 18, 14], [13, 17, 20, 16, 9, 5, 1, 21, 24, 8, 14], [1, 21, 9, 5, 13, 16, 24, 17, 20, 8, 14], [21, 1, 13, 24, 5, 9, 17, 16, 20, 8, 14], [21, 9, 5, 17, 13, 16, 20, 1, 24, 8, 14], [9, 1, 17, 21, 24, 5, 13, 16, 20, 8, 18, 14], [5, 9, 1, 17, 21, 20, 13, 16, 24, 8, 14], [21, 9, 17, 24, 5, 13, 20, 16, 1, 8, 18, 14], [5, 9, 1, 21, 17, 20, 13, 16, 24, 8, 18, 14], [17, 5, 13, 16, 20, 21, 1, 9, 24, 8, 18, 14], [1, 5, 21, 17, 20, 9, 13, 16, 24, 8, 14], [13, 17, 20, 16, 9, 5, 21, 1, 24, 8, 14], [1, 21, 13, 24, 5, 17, 16, 20, 9, 8, 14], [1, 21, 9, 17, 20, 5, 13, 16, 24, 8, 18, 14], [9, 17, 5, 1, 21, 20, 13, 16, 24, 8, 18, 14], [21, 17, 24, 1, 13, 16, 20, 5, 9, 8, 14], [5, 13, 17, 20, 16, 1, 21, 9, 24, 8, 18, 14], [9, 17, 13, 16, 20, 5, 21, 1, 24, 8, 18, 14], [9, 17, 13, 20, 16, 21, 1, 5, 24, 8, 14], [17, 21, 20, 5, 13, 16, 9, 1, 24, 8, 18, 14], [17, 21, 24, 5, 1, 9, 13, 20, 16, 8, 14], [13, 21, 16, 24, 17, 20, 5, 9, 1, 8, 18, 14], [1, 5, 9, 13, 17, 16, 20, 21, 24, 8, 14], [13, 5, 1, 17, 16, 20, 9, 21, 24, 8, 18, 14], [1, 5, 21, 17, 24, 13, 16, 20, 9, 8, 18, 14], [17, 5, 9, 21, 24, 13, 16, 20, 1, 8, 14], [17, 9, 1, 21, 20, 5, 13, 16, 24, 8, 14], [5, 13, 1, 17, 20, 16, 21, 9, 24, 8, 14], [13, 5, 21, 16, 24, 9, 1, 17, 20, 8, 18, 14], [13, 9, 1, 5, 21, 24, 17, 20, 16, 8, 18, 14], [9, 21, 17, 20, 1, 5, 13, 16, 24, 8, 18, 14], [21, 9, 1, 17, 24, 5, 13, 16, 20, 8, 18, 14], [21, 1, 13, 16, 24, 9, 5, 17, 20, 8, 14], [9, 21, 5, 17, 20, 13, 16, 1, 24, 8, 18, 14], [21, 9, 13, 16, 24, 1, 17, 20, 5, 8, 18, 14], [17, 1, 13, 16, 20, 21, 9, 5, 24, 8, 14], [5, 9, 21, 17, 24, 13, 16, 20, 1, 8, 18, 14], [9, 21, 5, 17, 24, 13, 16, 20, 1, 8, 18, 14], [21, 13, 24, 17, 20, 16, 5, 9, 1, 8, 18, 14], [21, 1, 9, 17, 24, 13, 16, 20, 5, 8, 14], [21, 5, 9, 17, 13, 16, 20, 1, 24, 8, 14], [21, 13, 1, 24, 17, 20, 16, 9, 5, 8, 18, 14], [5, 1, 21, 9, 17, 24, 13, 20, 16, 8, 14], [5, 9, 21, 17, 24, 13, 16, 20, 1, 8, 18, 14], [21, 17, 20, 1, 9, 13, 16, 5, 24, 8, 18, 14], [5, 1, 17, 9, 13, 20, 16, 21, 24, 8, 18, 14], [9, 5, 1, 13, 17, 20, 16, 21, 24, 8, 18, 14], [21, 5, 13, 9, 24, 17, 20, 16, 1, 8, 14], [1, 9, 17, 13, 20, 16, 21, 5, 24, 8, 18, 14], [9, 13, 17, 16, 20, 1, 21, 5, 24, 8, 14], [13, 1, 5, 9, 17, 20, 16, 21, 24, 8, 18, 14], [21, 17, 24, 9, 13, 20, 16, 5, 1, 8, 18, 14], [17, 21, 24, 1, 5, 13, 20, 16, 9, 8, 14], [9, 21, 5, 13, 24, 17, 20, 16, 1, 8, 18, 14], [5, 13, 21, 24, 1, 17, 20, 16, 9, 8, 14], [1, 13, 21, 16, 24, 17, 20, 9, 5, 8, 14], [21, 13, 24, 17, 16, 20, 1, 5, 9, 8, 18, 14], [13, 21, 24, 9, 1, 17, 20, 16, 5, 8, 14], [13, 17, 20, 16, 21, 1, 9, 5, 24, 8, 14], [1, 13, 9, 21, 24, 5, 17, 20, 16, 8, 18, 14], [5, 17, 13, 20, 16, 1, 21, 9, 24, 8, 14], [13, 1, 17, 20, 16, 9, 21, 5, 24, 8, 14], [9, 5, 17, 1, 13, 16, 20, 21, 24, 8, 14], [13, 1, 21, 24, 5, 17, 16, 20, 9, 8, 18, 14], [5, 21, 13, 16, 24, 1, 17, 20, 9, 8, 18, 14], [1, 21, 9, 13, 24, 5, 17, 16, 20, 8, 18, 14], [5, 9, 21, 13, 16, 24, 17, 20, 1, 8, 14], [21, 17, 24, 1, 9, 5, 13, 20, 16, 8, 18, 14], [1, 13, 9, 21, 16, 24, 17, 20, 5, 8, 18, 14], [9, 5, 13, 21, 24, 1, 17, 20, 16, 8, 14], [13, 9, 1, 21, 16, 24, 17, 20, 5, 8, 14], [13, 5, 9, 21, 17, 16, 20, 1, 24, 8, 18, 14], [21, 5, 1, 17, 20, 9, 13, 16, 24, 8, 18, 14], [13, 5, 21, 24, 9, 1, 17, 16, 20, 8, 14], [9, 21, 17, 5, 1, 24, 13, 16, 20, 8, 14], [21, 1, 5, 9, 17, 20, 13, 16, 24, 8, 18, 14], [1, 17, 9, 5, 13, 20, 16, 21, 24, 8, 14], [17, 5, 21, 1, 24, 13, 20, 16, 9, 8, 14], [5, 9, 21, 1, 17, 13, 16, 20, 24, 8, 18, 14], [9, 5, 21, 13, 24, 17, 20, 16, 1, 8, 14], [13, 17, 20, 16, 21, 5, 1, 9, 24, 8, 14], [13, 21, 24, 9, 17, 16, 20, 5, 1, 8, 14], [5, 13, 1, 17, 20, 16, 9, 21, 24, 8, 18, 14], [5, 21, 1, 9, 13, 16, 24, 17, 20, 8, 14], [21, 5, 9, 13, 24, 1, 17, 20, 16, 8, 18, 14], [21, 9, 1, 5, 13, 24, 17, 16, 20, 8, 14], [1, 21, 5, 9, 13, 16, 24, 17, 20, 8, 18, 14], [9, 5, 21, 1, 13, 24, 17, 16, 20, 8, 18, 14], [13, 9, 17, 16, 20, 1, 21, 5, 24, 8, 18, 14], [17, 13, 20, 16, 9, 1, 5, 21, 24, 8, 14], [13, 9, 5, 21, 16, 24, 1, 17, 20, 8, 18, 14], [13, 5, 17, 16, 20, 21, 9, 1, 24, 8, 14], [5, 1, 21, 9, 13, 16, 24, 17, 20, 8, 14], [5, 17, 21, 24, 13, 20, 16, 1, 9, 8, 14], [9, 13, 5, 21, 16, 24, 17, 20, 1, 8, 14], [5, 13, 17, 20, 16, 9, 1, 21, 24, 8, 14], [1, 21, 5, 13, 24, 9, 17, 16, 20, 8, 14], [1, 17, 13, 16, 20, 5, 21, 9, 24, 8, 14], [9, 17, 5, 13, 16, 20, 21, 1, 24, 8, 18, 14], [9, 13, 21, 16, 24, 17, 20, 1, 5, 8, 14], [5, 9, 21, 17, 13, 16, 20, 1, 24, 8, 18, 14], [13, 17, 16, 20, 5, 9, 21, 1, 24, 8, 14], [5, 1, 17, 21, 20, 13, 16, 9, 24, 8, 18, 14], [13, 5, 1, 17, 16, 20, 9, 21, 24, 8, 18, 14], [21, 1, 13, 24, 17, 16, 20, 9, 5, 8, 14], [17, 9, 5, 13, 16, 20, 21, 1, 24, 8, 14], [17, 1, 21, 24, 13, 16, 20, 9, 5, 8, 14], [1, 9, 21, 17, 20, 5, 13, 16, 24, 8, 18, 14], [21, 9, 17, 20, 1, 5, 13, 16, 24, 8, 14], [13, 5, 9, 17, 20, 16, 21, 1, 24, 8, 18, 14], [5, 13, 17, 20, 16, 1, 9, 21, 24, 8, 14], [21, 13, 24, 9, 1, 17, 16, 20, 5, 8, 18, 14], [17, 1, 21, 24, 9, 5, 13, 20, 16, 8, 14], [9, 21, 13, 16, 24, 5, 17, 20, 1, 8, 14], [5, 21, 1, 13, 16, 24, 17, 20, 9, 8, 18, 14], [9, 13, 5, 17, 16, 20, 1, 21, 24, 8, 14], [1, 13, 9, 21, 24, 5, 17, 20, 16, 8, 18, 14], [17, 5, 1, 21, 24, 13, 20, 16, 9, 8, 18, 14], [13, 5, 17, 16, 20, 1, 21, 9, 24, 8, 18, 14], [21, 13, 16, 24, 9, 1, 17, 20, 5, 8, 14], [1, 5, 21, 17, 24, 13, 20, 16, 9, 8, 14], [1, 17, 5, 21, 20, 13, 16, 9, 24, 8, 18, 14], [5, 17, 1, 13, 16, 20, 21, 9, 24, 8, 14], [13, 21, 24, 9, 5, 1, 17, 20, 16, 8, 14], [21, 1, 17, 20, 9, 5, 13, 16, 24, 8, 18, 14], [13, 1, 21, 5, 9, 24, 17, 16, 20, 8, 14], [5, 13, 1, 17, 20, 16, 21, 9, 24, 8, 14], [17, 1, 5, 13, 16, 20, 9, 21, 24, 8, 18, 14], [5, 13, 17, 16, 20, 21, 9, 1, 24, 8, 14], [21, 9, 1, 13, 24, 5, 17, 16, 20, 8, 18, 14], [1, 17, 9, 13, 20, 16, 5, 21, 24, 8, 14], [5, 13, 17, 20, 16, 1, 9, 21, 24, 8, 18, 14], [21, 9, 1, 13, 24, 5, 17, 16, 20, 8, 14], [13, 9, 17, 16, 20, 5, 1, 21, 24, 8, 18, 14], [13, 