{"problem_id":"X3OTEplv9f3ZtFz","sigma":75,"alpha":1.000,"cost":1,"probabilities":"[0.2, 0.18, 0.08, 0.54]","payoff_matrix":"[[-1, -28, -33, -156, -92, -77], [-9, 59, -34, -6, -96, 85], [-9, -2, 113, 187, -26, 40], [-78, 33, -29, 69, 26, 55]]","uncovered":[[24,12,20,16,4,8,21],[24,8,12,4,20,16,13,21,5,17,6],[24,16,12,8,20,4,21],[12,16,20,24,4,8,21],[16,24,20,4,12,8,21],[20,4,12,16,24,8,13,5],[16,24,8,4,20,12,13,5],[20,8,16,4,24,12,13,5],[24,12,16,8,20,4,21],[12,24,8,4,16,20,13,21,5,17,22],[16,8,24,12,20,4,13,5],[12,4,24,16,8,20,21],[12,24,4,8,20,16,13,21,5,17,6],[16,12,8,4,24,20,21],[8,20,16,24,4,12,13,21,5,17,22],[24,12,16,8,20,4,13,21,5,17,6],[12,24,20,8,4,16,21],[24,16,20,8,4,12,13,21,5,17,22],[8,24,4,12,20,16,21],[12,24,20,16,8,4,13,5],[4,12,16,8,20,24,13,21,5,17,6],[4,24,12,8,16,20,21],[20,24,12,16,8,4,21],[12,4,16,24,8,20,13,21,5,17,22],[8,4,20,24,12,16,21],[16,20,8,24,12,4,13,5],[4,12,16,20,8,24,13,21,5,17,6],[16,8,20,24,4,12,13,21,5,17,22],[8,16,20,4,12,24,13,5],[20,4,8,12,24,16,21],[8,16,4,20,24,12,13,5],[24,20,16,8,12,4,13,21,5,17,22],[16,12,8,4,20,24,21],[8,12,24,4,20,16,13,21,5,17,22],[4,12,16,20,24,8,21],[8,20,24,16,4,12,21],[24,20,16,4,8,12,21],[8,20,4,24,16,12,21],[4,12,20,24,16,8,21],[16,24,20,8,4,12,21],[20,16,8,24,4,12,21],[24,12,4,8,20,16,13,21,5,17,6],[8,24,20,16,12,4,13,5],[4,24,20,8,16,12,13,5],[16,8,20,12,24,4,13,5],[4,12,16,24,20,8,13,5],[24,20,12,4,16,8,13,5],[24,16,8,4,12,20,21],[24,4,8,12,20,16,21],[8,4,20,12,24,16,13,21,5,17,22],[12,8,20,24,16,4,21],[4,16,12,20,24,8,13,21,5,17,22],[4,16,12,24,8,20,13,5],[8,12,16,24,4,20,21],[20,4,16,24,8,12,13,5],[12,16,4,8,24,20,13,5],[16,12,24,8,20,4,13,21,5,17,6],[24,20,4,16,12,8,21],[12,16,20,4,8,24,13,21,5,17,6],[20,12,4,8,24,16,13,21,5,17,22],[20,16,12,4,24,8,21],[16,12,20,24,8,4,21],[20,16,4,24,12,8,13,5],[24,16,8,12,20,4,13,5],[20,24,8,12,16,4,13,5],[4,12,24,20,8,16,13,21,5,17,6],[16,8,24,12,20,4,13,5],[20,8,12,16,4,24,13,21,5,17,6],[16,24,12,8,4,20,13,21,5,17,22],[16,24,8,12,20,4,13,21,5,17,22],[4,20,24,8,12,16,13,21,5,17,22],[8,4,16,24,12,20,21],[24,12,4,8,16,20,21],[16,4,24,12,20,8,13,5],[24,8,4,20,12,16,21],[24,8,12,20,4,16,21],[12,24,4,16,8,20,13,21,5,17,22],[8,24,16,12,4,20,21],[16,8,4,24,12,20,13,5],[8,12,24,16,4,20,13,21,5,17,22],[8,4,20,24,16,12,13,5],[12,16,4,20,24,8,13,21,5,17,22],[20,4,8,24,16,12,13,6,21],[20,24,4,8,16,12,21],[12,24,20,4,8,16,13,5],[12,8,16,20,24,4,13,5],[20,12,8,24,4,16,21],[8,20,4,16,12,24,13,5],[12,20,24,8,4,16,13,5],[8,24,4,20,12,16,13,5],[16,20,4,24,12,8,21],[20,8,4,16,12,24,21],[12,24,8,16,4,20,13,5],[12,8,4,24,16,20,21],[20,4,16,12,24,8,13,5],[4,12,20,24,8,16,21],[8,4,12,16,20,24,21],[12,20,8,24,4,16,21],[20,8,12,24,4,16,13,21,5,17,6],[24,12,4,20,16,8,13,21,5,17,6],[8,20,12,16,4,24,21],[24,20,16,12,8,4,21],[8,24,20,4,12,16,21],[16,12,8,24,4,20,21],[20,12,24,4,16,8,13,21,5,17,22],[8,12,16,24,4,20,21],[4,16,8,24,20,12,21],[4,16,24,12,8,20,21],[16,20,24,12,4,8,13,21,5,17,6],[8,16,12,20,4,24,21],[4,20,24,16,12,8,13,5],[4,16,8,24,12,20,21],[12,8,16,4,24,20,21],[8,4,12,16,24,20,21],[12,24,8,16,4,20,13,21,5,17,22],[20,24,8,16,4,12,13,21,5,17,22],[16,8,24,4,12,20,21],[20,4,16,24,12,8,21],[16,20,4,8,12,24,13,21,5,17,6],[8,16,24,4,20,12,21],[12,8,24,4,20,16,13,21,5,17,6],[24,8,16,12,4,20,21],[8,12,4,24,20,16,13,21,5,17,22],[8,16,12,24,4,20,21],[20,16,4,12,24,8,21],[4,20,12,16,8,24,21],[4,20,16,8,12,24,13,21,5,17,6],[4,8,20,12,24,16,13,5],[20,16,4,8,12,24,21],[4,8,24,20,12,16,21],[8,12,16,20,4,24,13,5],[8,20,16,24,12,4,21],[16,24,20,8,4,12,21],[20,16,24,12,4,8,21],[12,20,8,16,24,4,13,5],[20,24,4,16,8,12,13,21,5,17,22],[12,16,4,8,20,24,21],[8,24,4,16,12,20,21],[20,16,4,24,12,8,13,5],[24,8,20,12,16,4,13,5],[12,24,4,20,8,16,13,5],[20,4,16,12,24,8,21],[16,12,20,4,8,24,21],[16,24,4,20,12,8,21],[20,12,8,16,24,4,21],[24,4,12,8,20,16,13,5],[16,8,20,24,12,4,13,21,5,17,6],[4,20,16,8,12,24,21],[8,20,16,4,12,24,21],[20,12,24,4,16,8,21],[12,20,4,24,8,16,21],[20,4,24,8,16,12,21],[20,8,4,16,12,24,21],[20,16,24,8,12,4,13,5],[24,12,20,16,4,8,13,21,5,17,6],[24,8,4,12,20,16,21],[20,4,24,16,8,12,21],[24,4,20,16,8,12,21],[16,20,12,8,4,24,13,21,5,17,22],[24,20,12,4,8,16,13,21,5,17,6],[16,8,20,4,12,24,13,5],[12,24,8,16,4,20,13,5],[24,12,8,16,20,4,13,5],[24,8,4,20,12,16,21],[20,24,16,8,12,4,21],[20,16,24,12,8,4,13,21,5,17,6],[8,24,12,20,16,4,13,21,5,17,22],[8,20,16,24,4,12,21],[12,4,24,8,16,20,21],[8,24,4,16,20,12,13,21,5,17,6],[4,12,16,8,24,20,13,5],[16,8,12,20,24,4,13,5],[20,12,16,24,8,4,13,21,5,17,22],[4,12,8,20,16,24,13,21,5,17,22],[4,12,16,20,24,8,21],[12,16,4,20,24,8,21],[16,8,24,20,12,4,21],[8,16,12,4,20,24,13,5],[8,20,24,4,12,16,13,21,5,17,6],[24,20,4,8,16,12,21],[12,8,16,24,4,20,21],[16,4,20,8,24,12,21],[20,4,24,8,12,16,13,5],[4,12,8,16,24,20,13,21,5,17,6],[8,4,16,24,12,20,21],[12,8,4,20,24,16,21],[24,20,8,4,12,16,13,5],[20,24,8,12,4,16,21],[16,4,24,8,12,20,21],[16,20,12,4,8,24,21],[16,4,8,12,20,24,13,21,5,17,22],[4,16,20,12,8,24,13,5],[8,4,24,12,16,20,21],[4,16,20,8,12,24,13,21,5,17,6],[12,4,16,20,24,8,13,5],[16,4,20,24,12,8,13,5],[20,8,24,12,16,4,21],[8,16,4,12,24,20,21],[8,24,4,16,20,12,13,5],[4,8,12,20,16,24,13,5],[20,4,24,12,16,8,21],[8,16,24,12,20,4,21],[20,4,16,12,24,8,13,5],[8,20,4,16,24,12,21],[24,16,20,4,12,8,21],[16,12,20,24,4,8,13,5],[16,4,8,20,12,24,21],[20,8,4,12,16,24,21],[12,16,8,24,4,20,21],[12,20,4,24,16,8,21],[24,8,4,16,12,20,21],[20,24,16,8,12,4,21],[20,16,8,24,4,12,21],[16,4,20,8,12,24,21],[4,24,8,12,16,20,13,21,5,17,6],[4,8,24,20,12,16,13,21,5,17,6],[8,16,20,4,24,12,13,5],[8,20,4,16,24,12,13,21,5,17,22],[8,24,16,20,4,12,21],[24,8,16,20,12,4,13,5],[4,24,12,20,16,8,21],[20,16,12,4,24,8,13,21,5,17,6],[24,12,20,4,16,8,21],[8,24,16,12,4,20,13,21,5,17,22],[20,4,16,12,8,24,21],[12,20,16,24,8,4,21],[24,16,4,8,20,12,13,21,5,17,22],[8,20,4,12,16,24,13,5],[20,8,24,16,12,4,21],[12,8,24,4,16,20,13,5],[20,4,12,8,16,24,21],[20,24,8,4,16,12,13,21,5,17,22],[20,8,12,16,4,24,21],[4,12,16,24,20,8,13,21,5,17,22],[20,24,16,4,12,8,21],[4,8,12,24,16,20,21],[24,16,12,8,20,4,13,5],[4,20,8,12,16,24,13,5],[20,8,24,16,4,12,21],[24,12,16,20,4,8,21],[24,4,16,8,12,20,13,21,5,17,6],[8,12,4,20,16,24,13,5],[16,12,4,20,8,24,21],[8,4,20,16,24,12,21],[20,12,8,16,24,4,21],[12,24,8,20,4,16,13,5],[16,4,12,20,8,24,13,5],[4,16,20,12,8,24,21],[16,8,20,4,12,24,13,5],[16,12,24,4,8,20,21],[8,24,16,20,4,12,21],[16,24,4,20,8,12,21],[8,20,12,16,4,24,21],[24,8,4,12,20,16,21],[8,24,16,4,12,20,13,5],[12,16,4,8,24,20,13,21,5,17,6],[4,20,24,12,16,8,13,21,5,17,22],[4,16,8,20,12,24,13,21,5,17,6],[8,20,12,24,16,4,13,21,5,17,22],[8,16,20,4,24,12,13,5],[24,4,16,20,8,12,21],[4,8,24,12,20,16,13,21,5,17,22],[8,12,16,20,4,24,21],[20,24,12,8,16,4,13,5],[8,12,20,24,4,16,21],[24,20,8,4,12,16,21],[16,24,8,4,20,12,13,5],[12,8,16,4,20,24,21],[24,8,16,20,4,12,21],[24,8,20,16,12,4,13,21,5,17,22],[4,12,16,20,8,24,13,21,5,17,6],[24,16,20,4,8,12,13,21,5,17,22],[24,8,20,16,4,12,13,21,5,17,6],[12,24,16,20,8,4,13,5],[20,4,24,16,8,12,21],[24,16,4,12,8,20,13,5],[16,8,20,4,24,12,13,5],[16,8,20,4,12,24,21],[16,20,24,4,8,12,21],[12,8,20,16,4,24,21],[20,8,16,24,12,4,21],[4,12,20,8,24,16,21],[12,24,20,4,8,16,13,5],[20,24,4,8,12,16,21],[12,24,4,8,16,20,13,21,5,17,22],[24,4,8,12,16,20,13,5],[20,24,4,12,8,16,21],[24,16,8,12,20,4,13,5],[12,4,16,8,24,20,13,21,5,17,22],[4,24,20,8,12,16,13,5],[8,4,24,16,12,20,13,5],[24,8,16,4,12,20,13,21,5,17,6],[24,8,16,20,12,4,21],[4,12,24,8,16,20,21],[12,4,24,16,8,20,13,21,5,17,6],[20,8,4,24,16,12,13,5],[20,4,16,24,12,8,13,5],[4,8,24,16,12,20,21],[12,16,4,8,24,20,21],[4,20,12,8,24,16,21],[16,8,12,20,24,4,21],[4,16,12,24,20,8,13,5],[16,8,20,4,12,24,13,5],[8,16,12,4,20,24,13,5],[4,12,16,24,20,8,13,5],[4,16,12,8,20,24,13,21,5,17,22],[4,8,16,24,12,20,13,21,5,17,22],[8,16,12,4,20,24,13,21,5,17,22],[8,24,16,20,4,12,21],[20,8,24,4,12,16,21],[24,8,16,20,4,12,21],[24,12,4,20,8,16,13,21,5,17,22],[24,20,4,12,8,16,13,21,5,17,22],[8,20,24,4,16,12,13,21,5,17,6],[24,8,4,12,20,16,13,21,5,17,22],[20,12,16,24,4,8,21],[20,8,4,16,12,24,13,21,5,17,22],[20,12,16,4,24,8,21],[20,16,4,8,12,24,21],[4,20,16,24,8,12,13,21,5,17,22],[16,12,24,20,4,8,13,5],[20,12,4,16,24,8,21],[16,12,4,8,24,20,13,5],[24,4,8,20,12,16,13,5],[24,16,20,8,4,12,21],[8,24,4,12,20,16,13,21,5,17,6],[4,24,16,20,8,12,13,21,5,17,6],[20,4,24,8,16,12,13,21,5,17,6],[12,24,4,20,16,8,21],[16,24,20,4,12,8,13,5],[12,4,16,24,8,20,13,21,5,17,6],[12,4,24,16,8,20,13,5],[8,20,12,24,16,4,21],[24,4,8,12,20,16,13,21,5,17,22],[8,20,16,4,24,12,13,5],[16,24,4,20,12,8,21],[4,12,16,24,20,8,21],[8,24,16,4,20,12,13,5],[12,16,24,20,8,4,21],[24,8,4,12,20,16,21],[8,4,16,24,12,20,13,5],[4,8,20,16,24,12,21],[24,16,4,20,12,8,13,21,5,17,6],[12,24,8,20,16,4,13,5],[8,24,4,16,12,20,21],[16,12,24,4,20,8,13,21,17,5,6],[24,4,12,20,16,8,21],[8,20,24,12,16,4,13,21,5,17,6],[16,24,20,8,12,4,21],[20,12,8,4,24,16,21],[24,4,12,8,20,16,21],[24,8,16,20,4,12,21],[4,16,12,8,20,24,13,5],[4,12,16,20,8,24,21],[12,4,24,8,20,16,21],[12,20,24,16,8,4,13,5],[8,24,16,20,4,12,13,21,5,17,6],[20,24,12,4,8,16,13,5],[16,4,24,8,20,12,21],[16,20,8,24,4,12,13,21,5,17,6],[20,4,8,24,12,16,13,5],[4,20,8,16,24,12,21],[20,8,12,16,4,24,21],[4,24,16,8,20,12,21],[24,12,20,16,4,8,21],[16,20,12,4,24,8,21],[4,20,24,16,8,12,13,5],[8,20,12,24,16,4,13,21,5,17,22],[12,24,4,20,8,16,21],[16,4,12,20,24,8,13,5],[8,20,12,4,24,16,21],[24,20,16,12,8,4,13,5],[8,4,20,12,24,16,21],[24,4,12,20,8,16,13,5],[16,12,8,24,20,4,21],[8,20,24,12,16,4,13,21,5,17,6],[4,16,20,12,24,8,21],[12,20,8,16,4,24,21],[4,12,8,24,20,16,21],[20,4,24,12,8,16,13,21,5,17,6],[24,12,8,20,16,4,13,21,5,17,6],[4,8,12,24,16,20,21],[16,20,12,8,24,4,21],[24,12,4,20,16,8,13,21,5,17,22],[20,12,8,24,4,16,13,5],[4,16,12,20,24,8,21],[20,24,12,8,16,4,21],[20,4,24,8,12,16,13,21,5,17,6],[20,4,8,16,12,24,13,21,5,17,6],[12,20,8,4,24,16,21],[8,16,24,12,20,4,21],[24,12,16,8,20,4,13,5],[16,12,8,24,4,20,13,5],[16,24,20,8,12,4,13,21,5,17,22],[12,16,4,24,8,20,21],[4,20,8,12,24,16,21],[24,8,16,20,4,12,13,21,5,17,6],[24,4,16,8,12,20,13,5],[24,4,8,20,12,16,21],[8,16,24,4,20,12,21],[24,20,16,4,12,8,13,21,5,17,22],[8,4,12,20,16,24,13,5],[4,16,8,24,20,12,21],[8,4,16,12,20,24,13,21,5,17,6],[8,24,20,16,4,12,13,21,5,17,22],[12,8,4,16,20,24,13,5],[12,4,8,24,16,20,21],[20,4,8,16,24,12,13,21,5,17,22],[12,8,20,16,24,4,21],[16,20,8,4,24,12,13,21,5,17,22],[12,8,24,20,16,4,21],[20,8,16,4,24,12,13,21,5,17,6],[4,12,20,24,16,8,21],[12,16,8,24,4,20,13,5],[12,16,24,8,4,20,13,21,5,17,22],[20,16,4,8,12,24,13,5],[24,8,12,4,16,20,13,21,5,17,6],[24,12,16,20,8,4,13,21,5,17,6],[4,12,8,24,20,16,13,5],[4,24,12,8,20,16,21],[20,24,12,4,16,8,13,21,5,17,6],[4,8,20,24,16,12,13,5],[4,24,8,16,20,12,13,21,5,17,6],[16,12,24,4,20,8,21],[8,16,12,20,24,4,13,5],[4,12,16,20,24,8,13,5],[4,8,20,24,16,12,13,5],[8,16,4,24,20,12,21],[16,4,20,12,8,24,13,21,5,17,22],[16,20,24,12,4,8,13,21,5,17,6],[4,8,16,20,12,24,21],[8,20,12,24,16,4,13,21,5,17,6],[8,16,12,4,20,24,13,21,5,17,6],[20,16,12,8,4,24,21],[16,4,20,8,12,24,21],[24,4,20,8,12,16,13,5],[4,8,16,12,20,24,21],[4,20,16,12,24,8,13,5],[24,4,8,12,20,16,13,21,5,17,6],[8,16,12,24,4,20,21],[12,20,24,16,8,4,21],[24,20,12,8,4,16,13,21,5,17,6],[12,4,20,24,16,8,21],[16,8,24,4,12,20,13,5],[4,12,16,24,8,20,13,21,5,17,6],[24,8,12,4,16,20,21],[12,8,20,4,24,16,21],[16,24,20,12,8,4,21],[8,24,4,20,12,16,21],[20,12,4,8,24,16,21],[24,4,8,20,16,12,21],[24,8,16,12,4,20,21],[16,12,20,8,24,4,13,5],[24,16,8,12,20,4,13,5],[24,8,4,20,16,12,21],[4,8,16,12,20,24,13,21,5,17,6],[4,24,8,12,20,16,13,21,5,17,22],[8,12,16,20,4,24,13,5],[24,12,4,16,8,20,21],[4,16,20,8,24,12,21],[4,8,20,24,16,12,21],[4,8,16,20,24,12,13,21,5,17,6],[12,8,16,20,24,4,21],[8,20,12,16,24,4,21],[20,12,4,8,24,16,13,21,5,17,22],[20,4,12,24,16,8,13,21,5,17,22],[24,20,8,16,4,12,13,21,5,17,6],[8,20,4,24,16,12,21],[8,16,20,12,24,4,21],[16,12,4,20,24,8,13,21,5,17,22],[20,12,16,24,4,8,13,21,5,17,22],[16,20,12,24,8,4,21],[12,20,8,24,4,16,21],[4,20,24,8,16,12,13,21,5,17,22],[4,20,8,16,12,24,13,21,5,17,6],[8,12,24,4,16,20,13,5],[4,20,8,24,16,12,21],[24,20,16,12,4,8,21],[16,20,4,12,24,8,21],[20,4,12,24,8,16,13,5],[8,16,12,4,20,24,13,21,5,17,6],[4,20,12,16,8,24,13,5],[16,4,24,8,20,12,13,21,5,17,22],[24,4,8,20,16,12,13,5],[24,16,4,8,20,12,21],[12,24,8,16,20,4,21],[20,8,24,4,16,12,21],[12,20,8,16,24,4,13,21,5,17,22],[20,4,8,12,24,16,21],[4,16,12,20,24,8,13,5],[20,4,12,24,8,16,21],[4,16,12,20,8,24,21],[8,4,12,24,16,20,21],[24,16,4,12,8,20,21],[8,16,20,12,24,4,13,21,5,17,6],[8,4,24,16,12,20,13,5],[4,24,20,12,16,8,21],[24,8,20,16,4,12,13,21,5,17,6],[20,16,24,8,4,12,13,5],[8,4,12,24,16,20,21],[8,12,4,20,16,24,13,5],[24,12,8,20,16,4,13,21,5,17,22],[24,12,8,16,4,20,13,21,5,17,6],[8,12,4,24,20,16,13,5],[8,16,24,4,20,12,21],[24,4,20,8,12,16,21],[16,4,8,12,20,24,13,21,5,17,6],[20,8,12,24,4,16,21],[4,24,8,16,20,12,13,21,5,17,22],[20,8,24,12,4,16,13,21,5,17,6],[16,20,4,12,8,24,13,5],[16,24,20,12,8,4,21],[20,24,12,4,8,16,21],[16,24,20,12,8,4,13,5],[4,12,16,24,8,20,13,21,5,17,22],[4,8,24,20,16,12,21],[4,16,24,8,12,20,21],[16,24,20,12,8,4,13,21,5,17,6],[12,16,8,4,24,20,13,21,5,17,6],[24,16,4,8,20,12,13,21,5,17,6],[20,8,24,4,12,16,13,21,5,17,22],[16,20,12,24,4,8,21],[24,16,12,8,4,20,21],[16,24,4,12,8,20,13,21,5,17,22],[20,12,24,16,8,4,21],[20,16,8,24,12,4,13,5],[8,4,20,24,16,12,21],[24,20,8,12,4,16,21],[24,16,4,8,12,20,13,5],[20,12,16,8,4,24,21],[24,20,12,16,4,8,21],[8,4,12,16,20,24,13,5],[12,4,24,20,16,8,13,5],[24,16,20,8,4,12,13,21,5,17,6],[4,16,8,12,20,24,13,21,5,17,6],[24,12,8,16,4,20,13,21,5,17,22],[24,4,12,8,16,20,13,21,5,17,6],[4,12,8,16,20,24,13,21,5,17,6],[12,20,4,8,16,24,13,5],[20,16,4,8,24,12,13,5],[20,24,4,12,8,16,13,5],[20,24,4,12,16,8,21],[12,20,24,16,4,8,13,21,5,17,22],[12,24,16,4,8,20,21],[12,8,16,20,4,24,13,21,5,17,6],[4,12,16,24,20,8,13,21,5,17,6],[20,8,4,24,16,12,21],[20,8,12,4,16,24,13,5],[8,24,16,12,20,4,21],[20,24,8,16,12,4,21],[16,24,8,20,4,12,21],[4,16,20,8,12,24,13,5],[16,12,4,8,20,24,21],[4,16,8,24,20,12,13,5],[16,20,8,12,4,24,21],[12,24,8,16,4,20,21],[4,12,16,24,8,20,21],[8,20,4,16,24,12,21],[24,4,8,16,20,12,21],[4,12,20,24,16,8,13,5],[12,24,16,20,4,8,13,21,5,17,22],[12,20,8,16,24,4,21],[8,12,16,4,20,24,21],[16,12,8,20,4,24,21],[12,4,8,20,16,24,13,5],[16,24,4,12,8,20,21],[20,8,16,4,24,12,21],[24,12,8,4,20,16,21],[20,12,4,24,8,16,13,21,5,17,22],[20,12,16,24,4,8,21],[16,20,8,4,12,24,21],[8,4,20,12,16,24,13,21,5,17,22],[20,8,24,12,4,16,21],[8,4,24,12,20,16,13,21,5,17,22],[24,16,8,4,12,20,21],[24,12,16,8,20,4,13,5],[16,12,20,8,24,4,13,5],[12,8,24,4,20,16,13,21,5,17,6],[4,8,24,16,20,12,21],[4,12,24,8,20,16,21],[24,20,8,12,4,16,13,5],[16,4,20,12,24,8,13,21,5,17,22],[12,20,16,4,24,8,21],[4,8,20,16,12,24,13,5],[24,20,4,16,8,12,13,5],[24,12,16,4,20,8,21],[20,16,24,12,4,8,13,21,5,17,6],[8,16,12,24,20,4,21],[8,12,16,4,20,24,13,5],[8,16,12,20,4,24,13,21,5,17,22],[16,20,12,4,8,24,21],[12,20,16,4,24,8,21],[16,4,12,8,20,24,21],[12,8,4,20,24,16,21],[24,4,16,20,8,12,13,5],[20,4,24,8,16,12,21],[4,12,20,8,24,16,21],[12,16,4,8,24,20,13,5],[12,4,20,16,8,24,21],[16,20,8,4,12,24,13,21,5,17,6],[24,8,12,4,16,20,13,21,5,17,6],[24,16,12,20,4,8,13,21,5,17,22],[16,24,20,12,8,4,13,5],[24,8,16,12,4,20,13,5],[24,20,12,16,8,4,21],[16,20,12,4,24,8,13,5],[8,16,24,12,20,4,13,5],[24,4,8,20,12,16,21],[12,4,24,8,20,16,21],[20,12,4,8,16,24,13,21,5,17,22],[20,12,4,24,8,16,13,5],[24,4,16,12,8,20,13,5],[12,24,20,16,8,4,13,21,5,17,6],[16,20,4,8,24,12,13,5],[4,8,12,24,20,16,13,21,5,17,6],[16,4,20,12,24,8,13,5],[12,16,24,8,4,20,13,21,5,17,22],[8,20,24,16,12,4,13,21,5,17,22],[8,24,20,4,16,12,21],[4,24,8,20,12,16,13,21,5,17,22],[16,4,8,20,24,12,13,21,5,17,22],[12,24,4,8,20,16,13,5],[20,8,24,16,12,4,13,21,5,17,22],[24,8,4,20,12,16,21],[16,4,20,24,8,12,13,5],[8,12,24,4,16,20,21],[12,20,24,16,4,8,13,21,5,17,22],[12,8,4,20,24,16,21],[8,4,12,20,16,24,21],[12,16,8,20,4,24,13,22],[8,12,24,16,20,4,21],[8,12,20,24,16,4,21],[24,4,12,16,20,8,13,21,5,17,6],[12,16,4,20,24,8,13,5],[20,16,8,4,24,12,13,5],[24,12,8,16,4,20,13,21,5,17,22],[4,12,16,24,20,8,13,21,5,17,22],[4,12,20,8,16,24,13,21,5,17,6],[24,4,16,12,20,8,13,5],[24,20,8,4,16,12,21],[8,16,20,12,4,24,13,5],[16,8,12,4,20,24,13,21,5,17,6],[24,20,4,16,12,8,13,21,5,17,6],[20,24,12,16,8,4,13,5],[24,4,16,20,12,8,13,5],[12,20,16,4,24,8,21],[16,8,20,24,12,4,13,21,5,17,6],[24,12,16,4,20,8,13,21,5,17,6],[12,16,20,24,8,4,21],[16,24,12,8,4,20,13,21,5,17,22],[4,12,24,8,20,16,21],[4,16,8,12,20,24,21],[8,16,20,4,12,24,21],[24,20,16,12,4,8,13,5],[8,12,16,24,4,20,13,21,5,17,6],[8,24,12,16,4,20,13,21,5,17,22],[12,8,4,20,16,24,13,5],[24,20,4,16,8,12,21],[24,20,12,8,16,4,21],[20,12,16,24,4,8,21],[4,8,12,20,24,16,13,5],[12,8,24,16,20,4,13,5],[16,4,20,12,24,8,13,5],[24,16,4,12,8,20,13,5],[12,8,4,20,24,16,21],[8,20,24,16,12,4,21],[12,4,24,8,16,20,13,21,5,17,22],[16,20,12,24,8,4,21],[8,12,4,16,20,24,21],[24,16,8,20,12,4,21],[8,24,20,16,12,4,21],[12,16,4,8,20,24,21],[8,20,4,16,24,12,13,21,5,17,6],[24,4,8,12,16,20,13,21,5,17,6],[16,20,4,12,8,24,13,5],[16,20,12,8,4,24,21],[16,24,8,4,12,20,21],[24,4,8,20,16,12,13,21,5,17,6],[12,16,24,4,8,20,13,21,5,17,22],[24,4,20,16,12,8,13,5],[4,20,24,12,8,16,13,5],[12,20,8,16,24,4,21],[4,16,24,20,8,12,13,5],[12,24,4,8,20,16,13,21,5,17,22],[24,16,12,8,20,4,21],[24,20,12,4,8,16,21],[8,20,4,12,16,24,13,21,5,17,6],[4,16,12,20,24,8,13,5],[8,12,16,20,24,4,13,21,5,17,22],[16,24,8,20,12,4,21],[4,24,20,12,8,16,21],[24,20,8,12,16,4,21],[20,16,12,8,24,4,21],[12,4,20,24,8,16,21],[16,20,24,8,4,12,21],[12,8,24,4,20,16,13,5],[12,8,20,4,16,24,21],[20,12,24,4,8,16,13,21,5,17,6],[16,20,8,12,24,4,21],[20,12,24,4,16,8,21],[4,20,24,12,8,16,21],[20,12,24,16,4,8,13,21,5,17,6],[20,4,16,24,12,8,21],[12,8,16,24,4,20,21],[24,4,12,20,16,8,13,5],[16,12,20,8,4,24,13,5],[8,24,12,4,16,20,13,5],[12,24,4,16,20,8,13,21,5,17,22],[8,16,24,4,20,12,13,5],[20,16,24,8,12,4,13,21,5,17,22],[8,4,16,24,12,20,21],[20,4,8,16,24,12,13,21,5,17,6],[20,12,4,16,8,24,13,21,5,17,6],[12,16,4,8,24,20,13,21,5,17,6],[16,24,20,8,12,4,13,5],[4,20,24,16,8,12,13,21,5,17,6],[12,4,20,8,16,24,21],[4,20,24,16,12,8,13,21,5,17,6],[20,8,12,24,16,4,13,5],[4,8,12,24,20,16,13,21,5,17,22],[8,4,16,20,24,12,21],[8,24,20,16,4,12,21],[20,24,8,16,12,4,13,5],[16,20,8,24,12,4,21],[8,20,24,4,16,12,13,5],[20,16,8,4,24,12,21],[24,8,12,4,16,20,13,5],[24,16,20,12,4,8,21],[24,12,16,8,20,4,13,21,5,17,22],[16,20,8,24,12,4,21],[16,12,4,8,20,24,21],[8,20,16,12,4,24,13,5],[8,4,16,20,12,24,21],[8,20,4,24,16,12,13,21,5,17,6],[8,4,16,20,24,12,13,21,5,17,6],[16,12,8,24,4,20,13,5],[8,4,12,16,20,24,21],[12,20,4,16,8,24,13,5],[20,8,4,24,16,12,13,5],[16,8,4,20,24,12,21],[20,4,12,16,8,24,21],[12,24,4,20,16,8,13,21,5,17,6],[24,16,12,20,4,8,21],[16,12,20,4,24,8,21],[12,24,20,8,4,16,13,21,5,17,22],[16,24,4,8,20,12,13,21,5,17,22],[4,24,20,16,8,12,13,21,5,17,22],[4,12,8,24,20,16,13,5],[16,8,20,4,12,24,21],[8,20,24,4,12,16,13,5],[20,4,8,24,16,12,13,5],[8,12,16,20,4,24,21],[8,20,12,16,4,24,13,5],[8,20,4,16,24,12,21],[24,4,20,8,12,16,21],[4,16,8,20,24,12,13,5],[8,24,4,16,12,20,21],[8,24,16,4,20,12,21],[12,20,24,8,16,4,21],[20,24,16,8,12,4,13,21,5,17,6],[4,8,16,20,12,24,13,21,5,17,22],[12,8,4,16,20,24,21],[24,16,20,12,4,8,21],[16,8,20,4,24,12,21],[8,24,4,16,20,12,21],[12,4,16,20,8,24,13,21,5,17,6],[12,16,24,8,20,4,13,21,5,17,6],[12,20,16,24,4,8,21],[8,16,20,24,12,4,21],[4,20,8,12,24,16,21],[16,4,8,24,12,20,13,21,5,17,22],[12,8,20,24,16,4,13,21,5,17,6],[12,24,4,20,16,8,13,21,5,17,22],[4,12,20,24,16,8,21],[12,16,4,20,8,24,13,21,5,17,22],[16,20,12,24,4,8,13,5],[16,8,4,12,20,24,21],[12,8,20,4,16,24,13,21,5,17,6],[20,12,16,8,4,24,13,5],[20,24,16,8,4,12,21],[24,20,4,16,12,8,21],[20,24,8,12,4,16,13,5],[4,16,24,12,20,8,13,5],[4,24,20,16,8,12,21],[8,16,4,20,24,12,13,5],[12,4,24,8,16,20,13,21,5,17,6],[16,24,8,4,12,20,21],[24,4,16,20,8,12,21],[8,12,24,16,20,4,13,21,5,17,6],[4,24,16,8,12,20,21],[12,4,16,20,24,8,21],[12,4,16,20,24,8,13,21,5,17,6],[8,12,20,24,4,16,21],[16,24,4,20,8,12,21],[20,24,4,8,16,12,13,5],[24,12,16,8,4,20,21],[16,24,8,4,20,12,13,21,5,17,6],[24,4,16,8,12,20,21],[12,16,4,24,20,8,21],[12,16,4,24,8,20,21],[16,20,4,8,24,12,21],[20,16,8,4,24,12,21],[16,24,20,8,4,12,21],[24,16,8,12,20,4,21],[4,20,12,24,16,8,21],[8,12,4,20,24,16,21],[24,20,4,8,12,16,21],[12,16,4,20,24,8,21],[20,4,24,12,16,8,21],[8,24,16,20,4,12,13,21,5,17,22],[8,16,20,4,24,12,21],[24,12,8,4,16,20,21],[4,20,24,12,8,16,21],[8,12,24,4,20,16,21],[4,20,8,16,24,12,21],[4,20,8,16,24,12,13,21,5,17,6],[12,24,8,20,4,16,21],[4,20,8,16,24,12,21],[4,20,12,16,8,24,21],[16,12,4,24,20,8,21],[4,20,24,16,12,8,21],[20,24,4,16,8,12,13,21,5,17,6],[4,20,8,16,12,24,13,5],[12,4,24,8,16,20,21],[20,8,16,24,12,4,13,21,5,17,6],[24,4,12,16,20,8,13,21,5,17,6],[12,24,8,20,4,16,13,5],[4,16,8,24,20,12,13,21,5,17,22],[16,12,20,4,8,24,13,5],[20,4,8,16,12,24,13,5],[16,12,8,20,24,4,21],[12,4,16,8,20,24,21],[20,16,4,12,24,8,13,21,5,17,6],[16,20,4,8,24,12,21],[12,8,4,24,20,16,13,5],[8,20,16,12,24,4,21],[4,24,12,16,20,8,13,5],[8,20,12,16,24,4,13,21,5,17,22],[12,8,4,24,20,16,13,21,5,17,22],[16,12,20,4,8,24,21],[8,20,16,24,4,12,21],[12,24,20,8,4,16,21],[20,24,4,12,16,8,21],[12,8,16,4,24,20,21],[4,12,16,8,20,24,21],[20,16,8,24,4,12,13,5],[24,16,20,4,8,12,21],[8,4,24,20,16,12,21],[20,16,24,4,8,12,21],[20,16,12,4,24,8,21],[12,20,8,24,16,4,21],[8,24,12,4,16,20,21],[16,4,20,24,8,12,13,21,5,17,6],[24,12,20,8,16,4,13,5],[8,16,12,20,4,24,13,5],[8,20,4,12,24,16,13,5],[4,12,8,20,16,24,21],[8,4,20,12,24,16,21],[12,20,4,8,24,16,21],[8,4,16,12,24,20,13,21,5,17,6],[16,4,12,20,24,8,13,5],[8,4,16,12,20,24,21],[8,16,12,24,4,20,13,5],[24,12,8,20,16,4,13,21,5,17,6],[12,20,24,8,4,16,13,5],[8,16,4,12,20,24,21],[24,4,16,12,8,20,13,21,5,17,6],[20,8,4,12,24,16,21],[20,16,12,8,24,4,21],[16,4,20,8,24,12,21],[20,8,24,4,16,12,21],[24,16,12,4,20,8,21],[24,8,16,12,4,20,13,21,5,17,22],[12,16,20,8,24,4,13,5],[12,20,4,24,8,16,13,21,5,17,6],[20,12,24,4,8,16,13,21,5,17,6],[16,20,24,8,12,4,13,21,5,17,22],[4,20,12,16,8,24,13,5],[24,12,8,4,16,20,21],[4,16,24,8,20,12,13,21,5,17,22],[24,16,12,4,8,20,21],[8,12,4,24,16,20,21],[16,12,8,24,4,20,21],[20,12,8,16,4,24,13,21,5,17,22],[8,4,12,20,16,24,13,21,5,17,22],[4,20,16,24,12,8,21],[12,24,16,4,8,20,13,5],[16,8,12,24,4,20,21],[24,20,12,4,16,8,13,5],[24,20,12,16,4,8,21],[16,8,12,24,4,20,13,5],[20,4,16,24,12,8,21],[24,8,12,20,16,4,13,5],[24,12,8,20,4,16,13,21,5,17,6],[16,8,12,24,4,20,21],[16,20,12,4,8,24,21],[12,8,24,20,4,16,13,5],[4,16,8,24,20,12,21],[8,24,20,16,4,12,21],[4,24,20,16,12,8,21],[4,12,24,16,20,8,13,5],[8,12,24,16,20,4,21],[12,20,24,4,16,8,21],[16,8,20,4,12,24,21],[24,12,8,4,16,20,21],[4,20,12,8,24,16,21],[20,16,24,4,12,8,21],[24,8,12,4,16,20,21],[24,4,20,8,12,16,21],[20,4,8,16,24,12,21],[16,20,8,4,24,12,21],[16,12,24,20,4,8,13,5],[8,16,24,12,4,20,13,5],[4,12,8,24,16,20,21],[12,16,4,24,8,20,21],[20,4,8,16,24,12,21],[20,12,16,8,24,4,21],[4,16,24,8,12,20,13,21,5,17,22],[24,12,8,20,4,16,13,21,5,17,22],[4,16,20,8,12,24,13,21,5,17,22],[16,12,24,20,8,4,21],[16,24,4,20,8,12,21],[12,24,16,4,20,8,21],[12,8,16,24,20,4,21],[24,4,16,12,8,20,21],[8,4,16,24,20,12,13,5],[12,16,24,4,8,20,13,21,5,17,6],[20,4,24,8,16,12,21],[12,24,20,4,16,8,13,21,5,17,22],[24,8,4,16,20,12,13,21,5,17,22],[20,12,8,24,16,4,21],[8,24,12,4,16,20,13,5],[8,24,16,12,20,4,13,21,5,17,6],[20,4,8,24,12,16,13,5],[8,16,20,24,12,4,21],[8,12,24,16,4,20,21],[12,16,20,4,8,24,13,5],[4,8,24,12,20,16,21],[4,12,8,24,16,20,13,21,5,17,6],[8,24,4,16,12,20,21],[12,4,16,8,20,24,21],[12,20,4,8,16,24,21],[12,20,16,4,24,8,21],[12,16,24,20,4,8,13,21,5,17,22],[24,4,8,16,12,20,13,5],[24,12,4,20,8,16,21],[8,12,4,20,24,16,21],[12,4,8,24,16,20,13,21,5,17,22],[24,20,4,16,12,8,13,5],[4,16,8,24,12,20,21],[20,12,16,4,8,24,13,5],[20,12,16,24,8,4,13,21,5,17,22],[12,8,16,20,24,4,13,5],[12,24,20,16,4,8,21],[8,24,20,4,16,12,13,5],[8,12,4,16,20,24,13,21,5,17,22],[12,24,20,8,4,16,21],[24,8,20,12,4,16,21],[20,16,12,8,24,4,13,21,5,17,6],[8,16,24,4,20,12,13,5],[16,12,20,4,24,8,13,21,5,17,6],[12,16,20,4,24,8,13,6,21],[16,24,4,12,20,8,13,21,5,17,6],[16,8,4,20,12,24,13,5],[12,16,4,24,20,8,13,5],[12,4,20,8,24,16,13,21,5,17,6],[20,4,8,12,16,24,13,5],[20,4,16,8,12,24,13,5],[8,20,24,4,12,16,21],[24,4,8,16,12,20,21],[16,4,12,20,24,8,21],[24,4,16,12,20,8,21],[16,24,12,8,4,20,21],[16,12,4,24,8,20,13,21,5,17,6],[4,24,20,16,8,12,13,21,5,17,6],[8,12,20,4,24,16,13,5],[4,20,16,24,8,12,21],[12,20,4,16,24,8,13,21,5,17,6],[8,20,12,24,16,4,13,21,5,17,22],[16,20,4,24,8,12,21],[8,12,4,20,16,24,21],[8,20,24,12,4,16,21],[8,12,4,16,20,24,13,5],[8,24,20,16,12,4,13,5],[4,20,12,8,16,24,21],[16,24,8,20,12,4,21],[8,16,4,24,20,12,13,21,5,17,22],[12,4,8,20,16,24,13,21,5,17,22],[20,12,8,16,24,4,21],[24,20,8,12,16,4,21],[8,16,12,24,20,4,13,5],[24,8,20,4,16,12,13,21,5,17,6],[12,20,4,16,24,8,21],[4,8,12,16,20,24,13,21,5,17,22],[4,16,24,8,20,12,21],[24,12,16,4,8,20,13,5],[24,8,20,16,4,12,21],[8,16,24,4,12,20,21],[8,12,20,16,24,4,21],[16,8,20,24,4,12,21]],"n_human":7}