{"problem_id":"xp3VgN7sg3zxzBg","sigma":150,"alpha":10.000,"cost":4,"probabilities":"[0.17, 0.3, 0.17, 0.36]","payoff_matrix":"[[-28, -181, -439, 87, 267, 189], [195, -127, 73, 190, 41, 187], [47, -72, 41, 13, 339, 63], [55, 53, 49, 9, 136, -80]]","uncovered":[[12,8,6,24,4,2],[16,24,4,8,6,12,10,2],[20,16,8,12,24,4,2,18],[12,20,24,16,8,4,18,2],[20,4,24,8,12,16,2,18],[24,12,8,10,6,16,20,18,4,2],[8,4,2],[16,4,20,24,12,8,2,18],[16,24,20,4,8,12,18,2],[20,12,24,4,8,16,2,18],[16,4,12,10,2],[24,16,4,12,10,2],[12,20,24,16,4,8,18,2],[20,8,24,16,4,12,2,18],[20,12,4,24,16,8,2,18],[4,8,6,24,20,12,16,18,2],[4,12,10,2],[4,24,12,10,2],[12,24,4,2],[8,12,10,6,20,18,24,4,16,2],[16,4,24,12,10,2],[8,12,6,24,4,10,2],[4,20,24,16,8,12,2,18],[4,16,12,2],[24,8,12,10,6,16,20,18,4,2],[16,4,20,24,8,12,2,18],[12,20,16,4,24,8,18,2],[8,16,24,20,4,12,2,18],[24,4,20,12,8,16,18,2],[24,20,4,16,12,8,2,18],[4,8,2],[8,4,2],[12,8,6,16,20,4,24,2,18],[8,24,12,10,6,16,4,2],[24,4,16,20,8,12,2,18],[20,24,8,16,4,12,2,18],[16,12,8,10,6,20,18,24,4,2],[12,24,4,2],[12,16,8,6,20,4,24,18,2],[4,12,2],[20,16,4,24,8,12,2,18],[8,4,2],[24,20,8,4,12,16,2,18],[4,8,2],[16,20,4,24,8,12,2,18],[8,24,20,4,12,16,2,18],[20,4,8,12,24,16,2,18],[4,16,12,10,2],[20,24,12,8,16,4,2,18],[24,20,16,4,8,12,2,18],[16,20,24,12,4,8,18,2],[16,8,20,12,24,4,18,2],[16,12,4,10,2],[24,8,16,12,6,4,2],[24,12,20,8,4,16,2,18],[12,24,4,2],[4,12,2],[20,16,12,24,4,8,18,2],[20,4,12,8,16,24,18,2],[12,4,2],[16,8,4,6,24,20,12,2,18],[16,4,24,20,8,12,18,2],[16,8,12,6,24,20,4,2,18],[8,24,16,4,2],[4,24,16,12,2],[16,8,12,10,6,4,2],[12,16,24,20,8,4,18,2],[12,16,4,10,2],[24,16,4,8,2],[20,4,8,12,16,24,2,18],[8,4,6,24,20,12,16,18,2],[8,24,16,20,12,4,2,18],[24,12,8,10,6,4,2],[8,12,6,16,24,20,4,18,2],[8,20,24,16,4,12,2,18],[8,12,6,16,4,2],[24,8,4,6,12,10,2],[12,16,4,10,2],[16,20,8,24,12,4,18,2],[12,24,16,8,10,6,4,2],[24,12,16,4,2],[20,24,4,12,16,8,18,2],[12,20,16,8,4,24,18,2],[4,8,2],[12,16,8,10,6,20,18,24,4,2],[20,4,8,12,24,16,2,18],[16,8,12,10,6,24,20,18,4,2],[24,20,8,16,4,12,18,2],[4,24,20,16,12,8,18,2],[4,8,6,16,20,12,24,2,18],[24,8,16,12,10,6,4,2],[24,16,12,8,10,6,4,2],[12,8,6,4,10,2],[8,12,6,20,4,16,24,18,2],[20,4,12,24,16,8,18,2],[4,16,24,8,6,20,12,18,2],[4,12,2],[16,4,8,2],[12,4,10,2],[4,20,16,8,24,12,2,18],[16,12,24,8,6,20,4,18,2],[24,12,16,8,10,6,4,2],[4,20,24,12,8,16,18,2],[8,12,10,6,4,2],[20,8,24,4,16,12,18,2],[12,24,16,20,4,8,18,2],[16,12,4,2],[8,24,4,2],[16,8,24,4,2],[16,20,8,12,24,4,18,2],[20,24,4,8,12,16,2,18],[16,24,12,8,6,4,2],[8,12,6,4,10,2],[24,12,4,10,2],[4,16,12,10,2],[24,20,12,16,8,4,18,2],[4,20,12,16,24,8,18,2],[4,20,16,12,24,8,18,2],[8,24,20,4,16,12,18,2],[8,24,12,6,20,16,4,18,2],[4,24,20,8,12,16,18,2],[24,8,20,12,16,4,2,18],[8,12,10,6,20,18,24,4,16,2],[12,16,24,8,6,20,4,2,18],[16,20,8,4,24,12,2,18],[16,24,12,8,6,20,4,18,2],[12,20,24,8,4,16,18,2],[4,16,12,10,2],[4,8,2],[20,24,16,12,8,4,2,18],[24,12,4,10,2],[24,4,8,2],[16,20,8,24,12,4,2,18],[20,12,8,16,24,4,2,18],[8,4,2],[8,16,12,6,20,24,4,18,2],[4,16,24,8,2],[20,4,24,16,8,12,18,2],[20,4,16,12,8,24,2,18],[12,20,4,8,24,16,2,18],[8,20,24,4,12,16,2,18],[4,8,6,20,12,24,16,18,2],[16,20,24,8,12,4,18,2],[20,24,4,8,16,12,2,18],[12,16,24,4,10,2],[4,8,6,12,2],[24,16,4,12,2],[8,20,16,12,24,4,2,18],[8,24,12,10,6,4,2],[12,8,6,24,20,4,16,18,2],[16,8,20,12,24,4,18,2],[8,4,6,16,20,12,24,2,18],[8,12,6,16,20,4,24,18,2],[16,4,12,2],[8,20,12,24,4,16,2,18],[24,20,4,12,8,16,18,2],[4,12,2],[4,20,24,12,8,16,18,2],[16,24,4,20,12,8,18,2],[12,16,8,10,6,4,2],[12,4,10,2],[20,4,24,8,16,12,18,2],[8,4,2],[24,8,16,4,6,20,12,18,2],[20,4,24,16,12,8,2,18],[4,16,8,6,20,24,12,2,18],[24,16,8,12,6,4,10,2],[24,20,12,8,4,16,2,18],[4,16,20,12,8,24,2,18],[20,4,8,12,16,24,18,2],[4,12,10,2],[4,20,16,12,8,24,2,18],[20,8,24,4,12,16,18,2],[12,4,10,2],[24,4,8,2],[20,12,16,4,24,8,18,2],[8,16,24,20,12,4,18,2],[4,16,8,6,20,24,12,18,2],[24,16,20,4,8,12,18,2],[24,12,20,16,4,8,2,18],[16,12,24,8,10,6,4,2],[4,12,10,2],[16,20,8,4,12,24,18,2],[24,20,4,16,12,8,18,2],[16,8,24,20,4,12,18,2],[4,16,24,8,2],[8,12,6,20,16,24,4,18,2],[12,20,16,24,4,8,2,18],[16,12,24,8,6,20,4,18,2],[12,24,4,10,2],[8,16,4,6,20,24,12,2,18],[8,16,24,20,12,4,18,2],[8,16,12,6,20,4,24,18,2],[20,12,4,16,24,8,2,18],[20,24,16,12,4,8,18,2],[20,24,4,8,16,12,18,2],[16,4,20,24,8,12,18,2],[4,16,20,24,8,12,18,2],[20,12,4,8,24,16,18,2],[20,8,24,12,16,4,2,18],[8,20,16,24,4,12,2,18],[24,16,4,20,12,8,18,2],[12,24,8,10,6,16,4,2],[20,12,8,16,4,24,2,18],[8,24,4,6,20,16,12,2,18],[24,12,20,4,16,8,18,2],[24,4,20,16,12,8,2,18],[16,12,24,20,8,4,18,2],[24,20,16,12,4,8,18,2],[24,8,16,4,6,12,2],[16,24,8,12,10,6,4,2],[16,24,4,8,2],[8,24,12,6,4,2],[12,20,4,16,8,24,2,18],[24,4,16,20,12,8,18,2],[16,12,4,2],[12,16,4,10,2],[4,16,20,24,12,8,18,2],[4,16,24,20,8,12,2,18],[4,12,10,2],[12,8,6,24,20,16,4,18,2],[20,8,16,4,24,12,2,18],[24,8,4,2],[24,20,16,8,4,12,2,18],[16,24,8,4,2],[4,8,6,20,16,12,24,2,18],[12,16,8,6,24,20,4,2,18],[20,12,16,4,8,24,18,2],[20,24,16,8,4,12,2,18],[16,8,20,4,24,12,2,18],[8,12,10,6,20,18,16,4,24,2],[20,4,12,16,24,8,2,18],[16,24,12,4,2],[4,16,20,8,24,12,2,18],[24,8,20,12,16,4,18,2],[8,12,6,4,2],[8,12,10,6,16,24,4,2],[8,24,20,16,4,12,2,18],[12,20,16,4,8,24,2,18],[16,20,12,4,24,8,2,18],[8,4,2],[16,8,20,24,4,12,2,18],[20,4,24,12,16,8,18,2],[12,24,8,6,4,10,2],[24,16,12,8,6,20,4,18,2],[8,4,6,20,12,16,24,2,18],[4,16,12,2],[20,4,16,12,24,8,2,18],[24,8,20,16,12,4,18,2],[20,16,12,4,24,8,18,2],[8,24,20,12,16,4,2,18],[4,24,20,8,16,12,2,18],[20,24,8,4,16,12,18,2],[12,20,24,8,16,4,2,18],[8,24,12,10,6,16,20,18,4,2],[20,24,4,12,8,16,2,18],[20,8,4,16,24,12,2,18],[8,12,6,24,20,4,16,2,18],[12,8,6,4,2],[4,8,2],[24,8,4,2],[20,4,12,8,16,24,2,18],[20,24,4,8,12,16,18,2],[16,12,4,10,2],[12,24,16,20,4,8,2,18],[24,4,12,10,2],[16,20,8,4,12,24,2,18],[8,20,24,16,12,4,2,18],[4,8,6,16,12,10,2],[12,8,6,4,2],[12,16,24,4,10,2],[8,16,12,6,24,4,2],[24,8,16,4,6,20,12,2,18],[24,16,20,4,8,12,18,2],[12,4,2],[24,12,16,8,6,4,10,2],[16,4,12,10,2],[16,4,12,2],[16,8,24,4,6,20,12,2,18],[4,12,10,2],[8,24,16,20,12,4,18,2],[24,8,16,4,6,12,2],[4,24,8,6,16,12,2],[4,24,12,10,2],[20,16,4,8,24,12,18,2],[8,4,2],[16,24,8,4,6,12,2],[12,4,10,2],[16,20,8,24,12,4,18,2],[4,20,8,12,16,24,18,2],[16,24,4,12,10,2],[12,20,16,8,24,4,18,2],[8,4,2],[12,20,8,4,16,24,2,18],[4,8,2],[20,24,16,4,8,12,2,18],[24,4,16,20,8,12,18,2],[16,20,24,4,12,8,18,2],[24,20,16,8,12,4,18,2],[8,4,6,24,16,20,12,2,18],[16,8,12,6,20,24,4,18,2],[8,24,16,20,12,4,18,2],[16,12,24,20,4,8,2,18],[20,24,4,16,12,8,18,2],[16,4,20,24,12,8,18,2],[12,4,2],[20,8,24,12,4,16,18,2],[4,8,2],[16,20,8,4,12,24,2,18],[24,20,4,16,12,8,18,2],[12,20,4,16,8,24,18,2],[4,12,2],[24,12,4,10,2],[20,12,24,16,4,8,2,18],[8,24,12,6,16,20,4,18,2],[12,20,24,8,4,16,2,18],[20,12,16,4,24,8,18,2],[8,4,2],[24,20,16,8,12,4,18,2],[8,20,24,16,12,4,18,2],[12,24,8,10,6,16,4,2],[12,16,4,2],[12,4,2],[20,4,24,12,8,16,2,18],[12,8,6,16,20,24,4,18,2],[8,4,6,24,20,12,16,18,2],[8,4,2],[20,12,24,4,8,16,2,18],[4,20,16,24,12,8,18,2],[16,4,20,12,24,8,2,18],[12,8,10,6,20,18,16,24,4,2],[4,8,6,24,20,16,12,2,18],[20,8,12,16,4,24,2,18],[4,12,10,2],[24,12,4,2],[8,12,10,6,16,4,2],[12,20,8,4,16,24,2,18],[4,20,24,12,16,8,2,18],[24,12,20,8,4,16,18,2],[12,4,10,2],[4,12,10,2],[24,16,20,4,12,8,18,2],[4,8,6,24,12,2],[4,20,16,24,8,12,18,2],[24,8,20,4,12,16,2,18],[20,4,16,12,8,24,18,2],[8,20,4,24,12,16,18,2],[4,16,24,12,2],[20,24,4,12,16,8,2,18],[4,8,6,16,24,20,12,2,18],[12,8,6,24,16,20,4,18,2],[16,8,4,6,20,24,12,18,2],[16,8,20,24,4,12,2,18],[12,8,10,6,20,18,16,4,24,2],[12,16,8,10,6,24,4,2],[16,20,24,8,12,4,2,18],[20,24,12,8,16,4,2,18],[4,16,24,8,6,12,10,2],[16,24,4,8,6,20,12,2,18],[12,20,8,24,4,16,18,2],[20,24,16,12,8,4,18,2],[8,16,20,4,12,24,18,2],[12,24,16,20,4,8,18,2],[20,16,12,4,8,24,2,18],[4,12,2],[4,12,10,2],[20,12,16,8,4,24,2,18],[20,8,24,4,16,12,2,18],[16,20,24,8,4,12,18,2],[8,4,2],[20,12,8,16,24,4,18,2],[24,4,16,20,8,12,18,2],[12,20,16,8,24,4,2,18],[4,24,16,8,2],[24,4,16,8,2],[16,12,8,10,6,24,20,18,4,2],[20,16,24,4,8,12,2,18],[24,16,12,8,10,6,20,18,4,2],[12,24,20,8,16,4,2,18],[8,12,6,4,2],[12,8,10,6,20,18,4,16,24,2],[20,16,24,4,8,12,2,18],[24,16,12,8,10,6,4,2],[20,8,4,16,12,24,2,18],[24,12,16,20,4,8,18,2],[12,4,10,2],[4,24,16,8,2],[8,20,12,4,16,24,18,2],[12,24,8,6,16,20,4,18,2],[24,8,4,6,20,12,16,2,18],[24,16,4,8,6,12,10,2],[4,12,10,2],[20,12,8,24,16,4,18,2],[4,16,24,12,2],[24,20,8,12,4,16,2,18],[24,20,8,12,4,16,2,18],[20,24,12,16,8,4,18,2],[16,24,12,4,10,2],[16,12,20,24,4,8,18,2],[16,4,24,12,2],[20,8,4,12,24,16,2,18],[16,8,4,6,12,2],[12,24,4,10,2],[4,12,10,2],[4,8,6,16,20,24,12,18,2],[4,24,12,10,2],[4,20,8,12,16,24,18,2],[20,8,16,4,24,12,18,2],[16,20,4,8,12,24,2,18],[24,4,8,2],[4,12,10,2],[12,16,20,24,8,4,18,2],[20,4,8,24,12,16,18,2],[8,12,6,4,2],[16,8,24,12,10,6,4,2],[12,24,16,20,8,4,2,18],[12,20,4,24,16,8,2,18],[12,8,10,6,16,4,2],[8,12,6,16,20,4,24,2,18],[12,16,24,4,2],[16,4,12,2],[4,8,6,20,16,24,12,2,18],[24,16,8,4,6,20,12,18,2],[8,12,6,20,24,16,4,18,2],[4,20,8,24,12,16,18,2],[12,8,10,6,24,4,2],[4,12,10,2],[20,24,16,12,8,4,2,18],[24,8,20,4,12,16,18,2],[4,16,20,24,12,8,2,18],[4,16,12,2],[20,16,8,4,24,12,2,18],[16,4,12,10,2],[24,20,8,16,12,4,2,18],[20,16,8,4,12,24,2,18],[12,16,20,8,24,4,2,18],[12,4,10,2],[4,24,8,2],[4,8,2],[24,8,16,4,2],[12,4,2],[16,4,20,12,24,8,18,2],[24,16,12,20,4,8,2,18],[4,12,2],[8,4,2],[16,12,4,10,2],[8,16,20,4,24,12,2,18],[24,8,16,12,10,6,4,2],[12,20,4,16,8,24,18,2],[12,4,2],[24,8,4,6,20,12,16,2,18],[8,24,4,6,16,12,10,2],[24,16,20,12,4,8,2,18],[8,20,24,4,16,12,2,18],[4,16,8,2],[16,24,20,12,8,4,18,2],[8,4,6,12,2],[20,4,24,16,8,12,18,2],[12,20,4,16,24,8,2,18],[12,24,20,4,16,8,18,2],[4,16,8,2],[12,24,8,10,6,16,4,2],[24,4,16,20,12,8,2,18],[12,24,8,10,6,20,18,4,16,2],[16,4,12,10,2],[4,8,6,20,24,16,12,18,2],[16,4,20,24,12,8,18,2],[20,12,8,16,24,4,2,18],[24,4,12,2],[24,12,4,10,2],[16,4,24,12,2],[20,8,4,12,24,16,18,2],[8,24,12,10,6,20,18,16,4,2],[16,4,8,6,20,24,12,2,18],[4,24,20,12,16,8,18,2],[8,24,16,12,6,20,4,18,2],[24,8,20,16,4,12,2,18],[12,20,16,24,8,4,2,18],[12,4,2],[8,24,16,20,4,12,2,18],[8,16,4,6,12,2],[20,16,12,8,24,4,18,2],[4,24,16,8,6,12,10,2],[4,12,2],[4,20,12,8,24,16,18,2],[4,20,8,16,12,24,2,18],[12,8,10,6,20,18,24,16,4,2],[24,4,12,2],[8,20,12,16,4,24,18,2],[20,24,16,12,8,4,2,18],[4,8,6,20,16,12,24,18,2],[4,8,2],[8,4,2],[20,4,12,24,8,16,2,18],[12,4,10,2],[12,24,8,10,6,4,2],[24,12,8,6,4,2],[16,8,4,6,20,12,24,18,2],[16,12,8,6,4,10,2],[4,8,6,12,2],[12,8,10,6,24,16,4,2],[20,12,16,4,8,24,2,18],[4,24,8,2],[16,20,24,8,12,4,2,18],[8,4,2],[20,8,16,24,12,4,18,2],[16,24,4,12,2],[12,24,20,16,4,8,2,18],[20,24,4,12,16,8,18,2],[12,8,10,6,20,18,16,24,4,2],[20,8,16,12,24,4,2,18],[4,8,2],[24,16,20,12,8,4,2,18],[24,8,12,10,6,4,2],[24,8,20,4,16,12,2,18],[12,4,10,2],[4,16,20,8,12,24,18,2],[4,12,2],[24,20,8,4,12,16,18,2],[16,8,12,6,20,24,4,18,2],[12,16,24,4,2],[20,8,24,16,4,12,2,18],[16,8,24,12,10,6,4,2],[8,12,10,6,16,20,18,4,24,2],[12,8,10,6,24,20,18,4,16,2],[8,16,20,24,4,12,2,18],[8,12,10,6,24,20,18,4,16,2],[20,12,24,8,16,4,2,18],[16,8,12,6,4,10,2],[16,24,12,20,8,4,2,18],[20,4,8,16,24,12,18,2],[4,24,16,8,6,12,2],[8,12,6,20,4,16,24,2,18],[12,8,10,6,4,2],[24,16,4,8,2],[12,16,4,10,2],[24,16,8,12,10,6,4,2],[4,12,10,2],[8,4,2],[24,12,16,8,6,20,4,2,18],[20,24,4,16,12,8,2,18],[20,24,4,12,8,16,18,2],[8,24,16,12,10,6,20,18,4,2],[4,16,24,20,12,8,2,18],[8,16,12,6,20,4,24,2,18],[4,20,8,24,16,12,18,2],[12,4,10,2],[8,24,20,4,12,16,18,2],[16,20,24,12,4,8,18,2],[24,4,16,20,12,8,2,18],[8,16,12,10,6,20,18,4,24,2],[4,12,2],[16,24,20,8,12,4,18,2],[24,12,8,6,16,4,2],[8,4,6,16,12,2],[8,12,6,16,4,10,2],[4,12,10,2],[12,8,10,6,4,2],[16,24,20,4,12,8,2,18],[24,4,20,16,8,12,18,2],[4,24,12,2],[8,12,10,6,24,20,18,4,16,2],[16,4,8,6,12,10,2],[20,24,8,4,16,12,18,2],[20,8,16,4,24,12,18,2],[8,12,6,20,16,4,24,18,2],[8,16,24,12,6,4,2],[16,24,4,20,12,8,18,2],[4,12,10,2],[12,24,4,10,2],[4,20,16,12,24,8,2,18],[24,8,4,2],[12,4,2],[16,24,8,12,10,6,4,2],[24,16,8,4,2],[12,4,10,2],[12,24,8,6,16,20,4,18,2],[12,16,24,4,2],[24,4,16,12,10,2],[20,16,8,12,4,24,2,18],[8,20,4,16,24,12,18,2],[16,4,8,2],[4,16,20,8,24,12,2,18],[24,12,8,10,6,4,2],[20,12,8,24,16,4,2,18],[12,4,2],[8,16,4,6,12,10,2],[20,12,4,24,8,16,2,18],[24,4,8,6,20,12,16,18,2],[24,8,4,6,20,12,16,18,2],[8,20,4,24,16,12,2,18],[20,16,24,12,8,4,2,18],[8,4,2],[16,8,4,2],[12,16,24,4,2],[20,24,12,4,8,16,18,2],[24,20,4,16,12,8,2,18],[4,24,20,16,12,8,18,2],[4,20,8,12,16,24,2,18],[16,24,8,20,4,12,2,18],[16,20,4,8,24,12,18,2],[16,4,12,10,2],[20,4,12,24,8,16,18,2],[4,20,24,16,12,8,2,18],[24,16,8,4,2],[20,8,12,24,16,4,2,18],[20,8,24,16,4,12,2,18],[24,12,16,4,2],[20,4,8,24,16,12,2,18],[20,12,16,24,4,8,2,18],[20,8,4,12,16,24,2,18],[20,8,16,12,24,4,18,2],[4,12,10,2],[4,20,8,12,16,24,2,18],[20,24,16,4,12,8,18,2],[4,8,6,20,12,16,24,2,18],[16,4,20,8,12,24,2,18],[12,4,2],[4,24,12,10,2],[4,24,20,12,8,16,2,18],[8,4,2],[20,4,12,8,24,16,18,2],[16,4,20,8,24,12,2,18],[8,12,10,6,16,20,18,4,24,2],[16,20,24,12,8,4,2,18],[20,4,24,16,8,12,2,18],[24,8,16,4,2],[4,12,2],[16,12,8,10,6,4,2],[24,20,8,16,4,12,18,2],[20,4,8,24,16,12,2,18],[12,24,20,16,8,4,18,2],[4,12,2],[20,8,4,24,16,12,2,18],[12,20,16,24,4,8,2,18],[8,20,12,4,24,16,18,2],[4,20,12,24,8,16,2,18],[12,24,8,10,6,16,4,2],[4,16,8,6,12,2],[16,12,20,8,24,4,2,18],[4,20,12,24,16,8,2,18],[4,20,12,16,8,24,2,18],[12,8,10,6,24,20,18,4,16,2],[8,24,12,6,4,2],[12,16,4,2],[4,16,20,24,8,12,18,2],[24,20,4,8,12,16,18,2],[20,4,24,12,8,16,2,18],[16,12,8,10,6,4,2],[24,4,16,8,2],[4,12,2],[8,20,24,16,12,4,2,18],[4,16,12,10,2],[24,20,8,4,12,16,2,18],[20,8,16,12,24,4,18,2],[4,20,16,24,12,8,18,2],[24,4,20,16,8,12,18,2],[4,12,2],[12,4,10,2],[12,20,24,16,8,4,2,18],[16,8,4,6,20,24,12,18,2],[20,12,8,16,4,24,18,2],[24,12,20,8,16,4,2,18],[24,16,4,12,10,2],[16,12,8,6,24,20,4,2,18],[8,4,2],[4,8,6,24,20,12,16,18,2],[12,20,16,8,4,24,2,18],[24,8,20,12,4,16,2,18],[4,12,2],[12,24,20,4,16,8,18,2],[16,8,24,4,2],[4,8,6,24,20,16,12,2,18],[20,16,8,12,4,24,2,18],[8,16,4,6,12,2],[12,4,10,2],[20,24,12,8,4,16,18,2],[24,20,16,12,8,4,18,2],[4,20,8,24,12,16,18,2],[16,4,20,8,24,12,2,18],[8,24,12,10,6,20,18,16,4,2],[4,8,6,16,24,20,12,18,2],[12,20,16,4,8,24,18,2],[24,8,4,6,12,10,2],[8,4,2],[24,12,20,4,8,16,18,2],[8,24,4,2],[8,20,16,24,4,12,18,2],[16,4,20,12,8,24,2,18],[12,16,20,24,4,8,2,18],[24,16,4,12,2],[4,20,12,8,24,16,2,18],[12,20,4,8,16,24,2,18],[20,8,24,16,12,4,2,18],[12,24,8,10,6,16,20,18,4,2],[12,16,8,6,20,4,24,2,18],[12,20,8,24,4,16,18,2],[24,12,16,4,10,2],[12,4,10,2],[16,20,4,8,24,12,18,2],[8,4,2],[24,4,16,12,2],[20,24,4,8,16,12,18,2],[16,12,24,8,6,20,4,2,18],[20,16,8,12,4,24,18,2],[4,16,8,6,12,10,2],[12,8,10,6,4,2],[12,20,16,24,4,8,2,18],[8,4,2],[24,4,16,12,10,2],[20,8,4,24,12,16,18,2],[20,8,12,16,4,24,18,2],[24,20,8,4,12,16,2,18],[16,24,4,20,12,8,18,2],[8,12,10,6,24,20,18,16,4,2],[16,12,24,20,8,4,18,2],[20,12,16,4,8,24,18,2],[4,12,10,2],[20,24,12,16,4,8,18,2],[20,8,16,24,4,12,2,18],[24,20,4,8,12,16,2,18],[8,4,2],[4,12,2],[12,16,8,6,4,2],[24,4,16,20,12,8,2,18],[12,8,10,6,24,20,18,4,16,2],[24,8,20,4,16,12,18,2],[4,20,8,16,24,12,2,18],[4,20,8,16,12,24,2,18],[16,20,24,8,4,12,2,18],[4,12,10,2],[20,12,24,4,16,8,2,18],[8,24,16,20,4,12,2,18],[20,12,16,8,4,24,18,2],[16,24,4,8,6,20,12,2,18],[12,16,8,10,6,24,20,18,4,2],[12,4,10,2],[16,4,24,20,8,12,18,2],[20,12,24,16,8,4,18,2],[8,24,12,6,4,10,2],[12,20,16,8,24,4,2,18],[12,4,10,2],[16,4,20,24,8,12,18,2],[20,16,12,4,8,24,2,18],[4,20,24,16,8,12,2,18],[16,20,4,24,12,8,2,18],[4,24,16,8,2],[4,16,8,2],[12,4,2],[4,16,8,6,12,2],[24,4,16,8,6,20,12,18,2],[16,20,24,8,12,4,2,18],[24,12,16,20,4,8,18,2],[12,4,10,2],[8,16,24,12,10,6,20,18,4,2],[12,24,16,8,10,6,4,2],[24,20,4,16,8,12,18,2],[20,8,4,12,16,24,2,18],[24,12,16,8,6,20,4,2,18],[16,20,24,12,4,8,2,18],[12,4,2],[20,12,16,8,24,4,2,18],[12,8,6,4,2],[16,12,8,6,20,4,24,2,18],[12,8,6,20,24,4,16,2,18],[24,4,8,2],[8,24,20,12,16,4,2,18],[24,4,20,8,16,12,18,2],[8,24,20,12,16,4,18,2],[16,20,12,4,8,24,2,18],[12,16,20,24,8,4,2,18],[16,8,4,6,24,20,12,2,18],[4,24,20,12,8,16,18,2],[8,16,24,20,4,12,2,18],[12,4,2],[12,4,2],[20,12,8,4,16,24,18,2],[20,24,8,12,16,4,18,2],[20,12,16,4,8,24,2,18],[8,16,12,6,20,24,4,2,18],[24,20,8,16,12,4,18,2],[24,4,16,8,2],[16,24,4,8,6,12,10,2],[4,8,2],[4,12,10,2],[4,12,10,2],[20,8,24,12,16,4,18,2],[20,16,8,12,24,4,2,18],[8,24,4,2],[8,20,12,24,16,4,2,18],[12,24,4,10,2],[12,4,10,2],[12,8,6,20,24,4,16,2,18],[8,20,12,24,16,4,18,2],[4,20,24,16,12,8,18,2],[24,20,4,16,12,8,2,18],[12,4,10,2],[16,24,12,4,2],[4,16,24,8,6,12,10,2],[8,20,24,4,12,16,18,2],[20,8,24,4,12,16,18,2],[8,24,12,6,20,4,16,18,2],[24,8,12,6,16,20,4,2,18],[12,4,10,2],[12,8,10,6,16,24,4,2],[12,8,6,4,10,2],[4,8,2],[12,4,10,2],[20,4,16,8,24,12,18,2],[8,24,12,10,6,20,18,16,4,2],[16,8,4,2],[24,20,8,16,12,4,2,18],[24,20,16,8,4,12,2,18],[24,8,12,10,6,4,2],[20,12,4,16,8,24,2,18],[12,20,8,16,24,4,2,18],[8,20,12,24,16,4,18,2],[16,12,24,20,8,4,2,18],[12,16,8,10,6,20,18,4,24,2],[8,16,4,6,12,2],[12,4,2],[20,4,12,16,24,8,18,2],[20,8,12,24,16,4,18,2],[4,8,2],[20,12,4,24,8,16,2,18],[24,4,16,8,6,20,12,2,18],[16,20,12,8,4,24,18,2],[20,24,16,12,8,4,18,2],[4,8,2],[12,8,10,6,24,20,18,16,4,2],[24,16,4,12,2],[16,12,4,10,2],[4,16,20,24,12,8,18,2],[24,16,20,12,8,4,2,18],[20,8,16,12,24,4,18,2],[8,20,16,12,4,24,2,18],[20,24,16,12,4,8,2,18],[16,24,8,12,6,20,4,2,18],[20,12,16,8,24,4,18,2],[12,24,8,10,6,16,20,18,4,2],[12,4,2],[4,24,16,12,2],[4,12,10,2],[12,16,24,20,8,4,2,18],[16,24,20,4,12,8,18,2],[8,16,24,20,12,4,18,2],[20,24,8,12,16,4,2,18],[4,24,16,12,10,2],[16,8,4,2],[20,12,16,4,8,24,2,18],[8,24,4,6,20,16,12,2,18],[20,4,12,24,16,8,18,2],[20,12,24,4,16,8,2,18],[16,20,24,12,8,4,18,2],[4,20,24,12,16,8,18,2],[8,24,12,10,6,4,2],[12,24,4,2],[12,16,4,2],[20,24,8,4,16,12,2,18],[20,4,12,24,8,16,18,2],[8,20,16,12,24,4,18,2],[8,24,16,12,6,4,2],[20,8,16,24,4,12,18,2],[24,16,4,20,12,8,18,2],[16,8,24,12,6,20,4,18,2],[12,16,4,10,2],[12,24,16,4,10,2],[20,8,16,24,12,4,2,18],[24,8,20,12,4,16,2,18],[16,8,24,12,6,20,4,2,18],[4,12,2],[20,8,16,4,12,24,18,2],[4,12,2],[12,8,10,6,24,20,18,16,4,2],[12,24,8,6,4,2],[16,8,24,20,12,4,2,18],[24,12,16,8,6,4,2],[16,24,4,20,12,8,18,2],[20,16,4,24,12,8,2,18],[24,20,12,8,4,16,18,2],[12,20,8,16,24,4,2,18],[20,8,24,12,16,4,2,18],[8,12,6,16,4,2],[8,12,10,6,20,18,24,4,16,2],[12,4,2],[4,20,24,8,16,12,18,2],[16,8,24,12,10,6,20,18,4,2],[8,24,20,4,12,16,18,2],[8,24,12,6,16,4,2],[20,12,4,24,16,8,2,18],[12,4,10,2],[20,24,12,4,8,16,2,18],[24,8,16,4,6,20,12,2,18],[12,8,6,20,16,4,24,18,2],[16,20,24,12,8,4,2,18],[12,20,24,16,4,8,2,18],[4,24,12,2],[20,24,12,16,4,8,18,2],[16,8,24,12,10,6,20,18,4,2],[20,8,24,4,16,12,18,2],[4,8,2],[20,16,24,12,8,4,2,18],[20,16,4,12,24,8,18,2],[16,4,24,12,2],[8,16,24,4,2],[16,4,8,2],[12,8,10,6,4,2],[8,24,20,16,4,12,2,18],[20,16,24,12,4,8,18,2],[16,8,24,12,6,20,4,2,18],[24,16,8,20,4,12,18,2],[24,8,4,6,20,12,16,2,18],[24,12,20,16,4,8,18,2],[20,8,24,4,16,12,2,18],[16,4,8,6,12,2],[12,16,8,6,4,10,2],[4,12,2],[16,20,4,12,8,24,2,18],[20,4,8,16,12,24,18,2],[20,24,16,12,8,4,2,18],[20,8,12,24,4,16,18,2],[4,20,12,16,24,8,2,18],[4,20,24,16,8,12,18,2],[16,8,4,6,12,2],[12,8,6,16,4,10,2],[12,8,6,4,10,2],[24,8,20,4,16,12,18,2],[24,12,20,16,8,4,18,2],[24,8,4,2],[24,12,20,4,16,8,18,2],[16,20,12,8,24,4,18,2],[4,8,6,16,12,10,2],[4,20,24,12,16,8,2,18],[20,16,8,4,24,12,2,18],[4,8,2],[20,16,24,12,8,4,18,2],[12,16,20,4,8,24,2,18],[12,24,8,6,20,16,4,18,2],[24,8,4,6,16,20,12,2,18],[24,16,12,20,4,8,2,18],[16,24,12,4,10,2],[8,16,24,4,6,12,2],[12,8,10,6,4,2],[8,4,2],[20,16,12,4,8,24,18,2],[20,24,16,12,8,4,18,2],[4,8,6,12,10,2],[4,8,6,20,16,12,24,2,18],[20,16,12,24,8,4,2,18],[16,12,20,4,24,8,18,2],[8,12,10,6,16,4,2],[4,20,8,24,12,16,18,2],[16,4,12,10,2],[12,8,6,16,24,20,4,2,18],[8,20,16,12,24,4,2,18],[4,20,12,16,8,24,2,18],[16,12,24,20,4,8,18,2],[4,24,16,12,10,2],[20,16,4,12,24,8,2,18],[8,16,4,2],[8,24,12,10,6,4,2],[4,16,8,2],[8,20,12,16,24,4,18,2],[24,16,4,20,12,8,2,18],[12,4,10,2],[8,20,16,4,12,24,2,18],[24,12,8,10,6,4,2],[8,16,4,2],[20,12,8,16,24,4,2,18],[24,12,4,10,2],[4,12,10,2],[12,24,20,16,8,4,18,2],[24,20,12,16,4,8,18,2],[8,16,12,10,6,4,2],[24,16,20,12,4,8,2,18],[20,16,8,24,4,12,2,18],[20,8,24,12,16,4,18,2],[8,20,12,16,24,4,18,2],[4,8,2],[24,16,8,20,4,12,18,2],[8,20,12,16,24,4,2,18],[24,12,8,6,4,10,2],[24,16,4,12,10,2],[4,24,12,2],[24,12,16,8,6,20,4,2,18],[16,24,4,20,8,12,18,2],[16,24,12,4,2],[12,24,20,16,4,8,2,18],[20,12,16,24,4,8,18,2],[4,24,16,20,8,12,18,2],[16,20,24,12,4,8,18,2],[8,12,10,6,16,4,2],[4,16,24,8,6,20,12,18,2],[16,4,12,2],[8,20,16,24,12,4,18,2],[4,16,12,2],[8,12,6,20,4,16,24,18,2],[8,20,4,24,16,12,18,2],[4,12,2],[8,4,2]],"n_human":6}