{"problem_id": "ZQ7n6qCzp44MHrJ", "sigma": 150, "alpha": 0.316, "cost": 2, "probabilities": "[0.31, 0.22, 0.27, 0.2]", "payoff_matrix": "[[-171, 0, 161, -91, 279, -145], [-178, -189, -215, -218, 105, 75], [155, 173, -4, 133, 65, -347], [107, 225, -101, 40, -103, 21]]", "uncovered": [[17, 1, 21, 13, 5, 9, 11, 19, 10], [5, 17, 9, 19, 11, 1, 13, 23, 18], [5, 13, 21, 9, 17, 19, 11, 1, 10], [1, 13, 17, 5, 9, 11, 19, 21, 10], [9, 21, 13, 5, 17, 11, 19, 3, 1, 10], [5, 9, 13, 21, 17, 11, 19, 1, 10], [13, 5, 9, 17, 19, 11, 21, 1, 18], [1, 5, 21, 13, 9, 17, 19, 11, 18], [9, 21, 13, 17, 19, 11, 1, 5, 10], [21, 1, 9, 13, 17, 11, 19, 5, 18], [17, 1, 21, 13, 9, 19, 11, 5, 18], [21, 1, 13, 17, 9, 11, 19, 5, 10], [21, 9, 17, 19, 11, 13, 5, 1, 10], [21, 17, 5, 9, 11, 19, 3, 1, 13, 10], [5, 9, 17, 19, 11, 13, 1, 21, 18], [21, 9, 13, 1, 17, 19, 11, 5, 18], [21, 13, 5, 1, 17, 9, 19, 11, 10], [17, 1, 5, 21, 9, 11, 19, 14, 18], [5, 13, 21, 17, 9, 11, 19, 4, 1, 18], [1, 21, 9, 17, 19, 11, 16, 5, 13, 18], [17, 9, 19, 11, 7, 5, 21, 1, 13, 18], [13, 9, 1, 5, 17, 11, 19, 21, 10], [1, 17, 21, 9, 11, 19, 5, 13, 10], [17, 5, 1, 21, 9, 11, 19, 13, 10], [21, 1, 13, 17, 5, 9, 19, 11, 18], [13, 17, 5, 21, 1, 9, 11, 19, 18], [17, 13, 5, 9, 11, 19, 21, 1, 10], [1, 13, 9, 17, 11, 19, 5, 21, 18], [5, 21, 13, 1, 17, 9, 19, 11, 18], [13, 1, 9, 21, 17, 11, 19, 5, 10], [21, 1, 17, 13, 5, 9, 19, 11, 10], [5, 9, 17, 11, 19, 13, 2, 21, 18], [1, 9, 13, 17, 19, 11, 5, 21, 18], [21, 5, 17, 9, 11, 19, 1, 15, 13, 10], [9, 5, 21, 17, 11, 19, 16, 2, 13, 18], [21, 13, 17, 9, 11, 19, 1, 5, 18], [21, 5, 17, 1, 13, 9, 19, 11, 10], [5, 17, 13, 21, 9, 11, 19, 3, 1, 10], [17, 5, 13, 9, 11, 19, 1, 21, 18], [17, 5, 9, 11, 19, 13, 21, 1, 10], [13, 1, 9, 5, 21, 17, 19, 11, 18], [5, 21, 9, 17, 11, 19, 13, 1, 10], [5, 9, 1, 13, 17, 19, 11, 21, 10], [1, 21, 9, 5, 17, 11, 19, 13, 18], [1, 13, 5, 17, 9, 19, 11, 21, 10], [21, 17, 5, 13, 1, 9, 11, 19, 10], [1, 13, 21, 17, 5, 9, 19, 11, 10], [13, 9, 17, 11, 19, 1, 21, 7, 5, 10], [9, 1, 13, 21, 5, 17, 19, 11, 18], [13, 9, 17, 11, 19, 5, 1, 23, 10], [21, 17, 9, 11, 19, 1, 13, 5, 18], [17, 5, 9, 11, 19, 21, 1, 13, 10], [17, 13, 9, 11, 19, 21, 5, 1, 10], [21, 9, 5, 1, 13, 17, 19, 11, 18], [13, 5, 21, 17, 1, 9, 19, 11, 10], [21, 5, 1, 9, 17, 11, 19, 13, 18], [5, 13, 1, 9, 21, 17, 11, 19, 10], [13, 17, 9, 19, 11, 21, 5, 1, 18], [21, 13, 5, 17, 9, 11, 19, 4, 1, 10], [17, 5, 21, 13, 9, 11, 19, 1, 18], [17, 1, 21, 5, 9, 19, 11, 13, 10], [1, 9, 21, 5, 13, 17, 19, 11, 10], [1, 13, 17, 9, 19, 11, 21, 5, 18], [21, 9, 17, 19, 11, 5, 13, 1, 18], [9, 17, 11, 19, 13, 1, 21, 5, 18], [17, 21, 5, 9, 19, 11, 1, 13, 10], [17, 5, 9, 19, 11, 13, 23, 1, 18], [17, 13, 9, 11, 19, 21, 1, 5, 10], [17, 13, 1, 9, 11, 19, 5, 21, 18], [5, 13, 9, 17, 19, 11, 1, 21, 18], [5, 1, 21, 13, 17, 9, 19, 11, 10], [17, 5, 13, 1, 9, 11, 19, 21, 18], [17, 1, 21, 13, 5, 9, 19, 11, 18], [17, 13, 1, 21, 9, 19, 11, 5, 10], [5, 21, 9, 17, 19, 11, 13, 1, 10], [13, 9, 1, 17, 11, 19, 21, 5, 10], [5, 21, 13, 9, 17, 11, 19, 1, 18], [21, 17, 5, 13, 1, 9, 19, 11, 18], [21, 9, 1, 5, 17, 11, 19, 13, 18], [13, 21, 5, 17, 1, 9, 19, 11, 10], [21, 1, 5, 13, 17, 9, 19, 11, 18], [17, 5, 9, 11, 19, 13, 1, 21, 18], [1, 9, 21, 17, 19, 11, 13, 8, 5, 7, 18], [13, 17, 9, 11, 19, 2, 5, 21, 10], [17, 1, 9, 11, 19, 7, 5, 13, 24, 10, 21], [1, 21, 9, 5, 13, 17, 19, 11, 10], [13, 5, 17, 1, 21, 9, 11, 19, 18], [1, 17, 5, 9, 19, 11, 21, 13, 10], [9, 17, 19, 11, 21, 13, 5, 1, 18], [1, 21, 5, 9, 17, 11, 19, 13, 10], [9, 1, 5, 13, 21, 17, 11, 19, 10], [13, 5, 17, 1, 9, 19, 11, 23, 18], [9, 13, 21, 1, 5, 17, 19, 11, 18], [1, 17, 5, 9, 11, 19, 13, 23, 10], [17, 13, 21, 9, 11, 19, 1, 5, 18], [21, 9, 5, 1, 13, 17, 19, 11, 10], [5, 9, 1, 17, 19, 11, 21, 13, 10], [21, 9, 5, 1, 13, 17, 11, 19, 18], [1, 21, 5, 17, 13, 9, 11, 19, 10], [1, 9, 17, 11, 19, 15, 13, 5, 21, 10], [21, 17, 13, 9, 19, 11, 1, 8, 5, 7, 18], [5, 21, 1, 17, 9, 19, 11, 13, 10], [21, 17, 9, 11, 19, 13, 1, 5, 10], [21, 1, 9, 13, 5, 17, 19, 11, 10], [21, 1, 5, 9, 13, 17, 19, 11, 18], [13, 1, 17, 9, 19, 11, 5, 21, 18], [21, 9, 1, 13, 5, 17, 19, 11, 10], [17, 5, 13, 9, 19, 11, 1, 21, 18], [5, 1, 21, 13, 17, 9, 19, 11, 10], [21, 1, 9, 13, 5, 17, 19, 11, 10], [17, 5, 1, 13, 21, 9, 11, 19, 18], [5, 13, 17, 21, 9, 11, 19, 1, 18], [9, 1, 21, 17, 19, 11, 13, 5, 10], [21, 1, 5, 13, 9, 17, 19, 11, 10], [5, 1, 13, 21, 9, 17, 19, 11, 18], [1, 17, 21, 9, 11, 19, 13, 5, 18], [9, 5, 1, 21, 17, 11, 19, 13, 18], [17, 1, 21, 9, 19, 11, 13, 5, 10], [17, 1, 5, 13, 21, 9, 19, 11, 10], [5, 21, 17, 13, 9, 19, 11, 1, 10], [5, 9, 17, 11, 19, 1, 13, 21, 18], [1, 13, 17, 21, 5, 9, 11, 19, 18], [9, 1, 17, 19, 11, 22, 21, 6, 13], [1, 17, 21, 9, 11, 19, 13, 5, 10], [17, 9, 11, 19, 13, 21, 1, 5, 10], [13, 9, 5, 17, 11, 19, 21, 3, 1, 10], [5, 9, 21, 13, 17, 19, 11, 3, 1, 10], [17, 13, 21, 9, 19, 11, 5, 1, 20, 10], [9, 17, 19, 11, 5, 13, 1, 21, 18], [17, 9, 11, 19, 5, 13, 21, 1, 18], [9, 5, 17, 11, 19, 1, 21, 13, 18], [17, 13, 1, 5, 9, 11, 19, 21, 10], [21, 1, 13, 5, 17, 9, 19, 11, 18], [1, 9, 21, 17, 19, 11, 13, 5, 10], [1, 5, 21, 17, 13, 9, 11, 19, 10], [1, 5, 21, 17, 13, 9, 19, 11, 18], [9, 1, 17, 11, 19, 13, 23, 5, 10], [17, 9, 11, 19, 21, 13, 5, 1, 18], [13, 17, 9, 19, 11, 21, 1, 5, 18], [21, 1, 17, 13, 5, 9, 19, 11, 10], [1, 13, 21, 17, 5, 9, 19, 11, 18], [9, 13, 5, 17, 19, 11, 21, 1, 10], [13, 5, 1, 17, 9, 11, 19, 21, 18], [21, 13, 9, 17, 19, 11, 1, 5, 18], [9, 21, 17, 19, 11, 1, 13, 5, 10], [1, 5, 17, 13, 9, 19, 11, 21, 18], [17, 13, 9, 19, 11, 21, 1, 5, 10], [9, 5, 13, 1, 21, 17, 11, 19, 18], [5, 17, 21, 13, 9, 19, 11, 1, 10], [1, 17, 5, 9, 19, 11, 21, 13, 10], [13, 17, 21, 1, 9, 11, 19, 5, 10], [1, 13, 5, 21, 9, 17, 11, 19, 18], [1, 17, 21, 9, 11, 19, 5, 13, 10], [21, 5, 17, 1, 9, 19, 11, 13, 10], [17, 9, 19, 11, 7, 5, 21, 13, 1, 18], [21, 9, 1, 5, 17, 19, 11, 13, 10], [5, 9, 17, 19, 11, 21, 1, 13, 10], [13, 5, 1, 17, 9, 19, 11, 21, 18], [9, 21, 13, 5, 17, 19, 11, 1, 10], [13, 1, 9, 17, 11, 19, 5, 21, 10], [1, 5, 17, 13, 21, 9, 11, 19, 18], [13, 5, 9, 17, 11, 19, 21, 1, 18], [13, 1, 9, 17, 19, 11, 21, 5, 10], [5, 21, 17, 1, 9, 11, 19, 13, 18], [21, 13, 17, 5, 9, 11, 19, 1, 18], [5, 1, 17, 13, 9, 11, 19, 21, 18], [13, 1, 21, 9, 5, 17, 19, 11, 18], [1, 9, 17, 11, 19, 15, 13, 5, 21, 10], [21, 9, 13, 5, 1, 17, 19, 11, 18], [21, 9, 17, 11, 19, 1, 13, 5, 10], [9, 21, 13, 1, 5, 17, 11, 19, 18], [1, 17, 13, 9, 19, 11, 21, 5, 10], [17, 1, 9, 11, 19, 21, 13, 5, 10], [9, 17, 19, 11, 5, 1, 21, 13, 18], [21, 13, 9, 5, 17, 11, 19, 3, 1, 10], [1, 13, 17, 21, 9, 11, 19, 5, 18], [1, 5, 9, 17, 11, 19, 13, 21, 10], [1, 9, 17, 19, 11, 13, 7, 5, 21, 10], [1, 9, 5, 21, 17, 19, 11, 13, 18], [21, 17, 13, 1, 5, 9, 11, 19, 18], [9, 21, 13, 17, 19, 11, 1, 5, 10], [13, 17, 1, 21, 9, 11, 19, 5, 10], [13, 1, 17, 21, 9, 11, 19, 5, 18], [9, 1, 21, 5, 13, 17, 19, 11, 18], [5, 17, 13, 21, 9, 11, 19, 1, 10], [9, 13, 1, 17, 11, 19, 21, 5, 18], [13, 1, 5, 21, 17, 9, 11, 19, 10], [5, 1, 21, 17, 13, 9, 11, 19, 18], [17, 5, 13, 21, 1, 9, 11, 19, 18], [9, 21, 13, 1, 5, 17, 19, 11, 10], [9, 21, 13, 5, 17, 19, 11, 1, 10], [9, 1, 21, 13, 17, 11, 19, 5, 18], [21, 17, 9, 19, 11, 16, 1, 5, 13, 18], [1, 5, 13, 21, 9, 17, 11, 19, 18], [1, 17, 21, 13, 5, 9, 11, 19, 18], [9, 21, 1, 17, 19, 11, 5, 13, 18], [17, 1, 13, 21, 9, 19, 11, 5, 10], [13, 17, 9, 11, 19, 5, 1, 21, 18], [9, 13, 17, 11, 19, 1, 5, 21, 10], [1, 5, 21, 9, 17, 11, 19, 13, 10], [17, 5, 1, 9, 19, 11, 13, 21, 18], [5, 1, 9, 21, 17, 19, 11, 13, 10], [9, 13, 1, 21, 17, 19, 11, 5, 18], [1, 17, 9, 11, 19, 21, 13, 5, 18], [1, 13, 5, 9, 17, 11, 19, 21, 18], [13, 5, 9, 21, 1, 17, 19, 11, 18], [13, 21, 5, 1, 9, 17, 19, 11, 18], [9, 1, 17, 11, 19, 13, 5, 21, 10], [1, 17, 13, 5, 9, 19, 11, 21, 10], [1, 5, 9, 13, 17, 19, 11, 21, 10], [21, 17, 5, 1, 13, 9, 19, 11, 18], [17, 13, 5, 1, 21, 9, 11, 19, 18], [9, 13, 1, 21, 5, 17, 11, 19, 18], [1, 17, 9, 19, 11, 21, 6, 13], [17, 5, 1, 13, 9, 11, 19, 21, 18], [5, 17, 13, 1, 21, 9, 11, 19, 18], [17, 21, 9, 11, 19, 1, 5, 13, 18], [13, 9, 17, 11, 19, 1, 5, 21, 18], [17, 21, 5, 13, 9, 19, 11, 1, 10], [17, 21, 13, 9, 19, 11, 1, 5, 10], [13, 1, 5, 21, 9, 17, 19, 11, 18], [17, 1, 9, 11, 19, 21, 13, 5, 10], [13, 9, 1, 17, 19, 11, 5, 21, 10], [13, 9, 1, 17, 19, 11, 21, 5, 18], [1, 21, 5, 17, 13, 9, 19, 11, 10], [13, 5, 17, 21, 1, 9, 11, 19, 18], [1, 9, 13, 21, 17, 11, 19, 5, 12], [9, 21, 13, 5, 17, 19, 11, 1, 18], [17, 21, 13, 9, 11, 19, 5, 1, 18], [9, 21, 17, 19, 11, 5, 16, 1, 13, 10], [21, 9, 17, 11, 19, 7, 5, 1, 13, 18], [17, 1, 21, 9, 19, 11, 5, 13, 18], [1, 5, 21, 13, 17, 9, 11, 19, 18], [9, 5, 17, 19, 11, 1, 21, 13, 10], [9, 5, 13, 1, 17, 11, 19, 24, 21, 18], [9, 17, 19, 11, 5, 21, 15, 13, 1, 10], [13, 21, 9, 17, 11, 19, 5, 1, 18], [9, 1, 21, 13, 5, 17, 19, 11, 10], [1, 13, 5, 17, 21, 9, 11, 19, 18], [1, 17, 9, 11, 19, 24, 13, 5, 10], [5, 13, 1, 21, 9, 17, 11, 19, 12], [5, 21, 1, 9, 17, 19, 11, 13, 10], [5, 13, 17, 9, 19, 11, 1, 21, 18], [1, 13, 5, 9, 21, 17, 11, 19, 10], [5, 21, 13, 1, 17, 9, 19, 11, 10], [5, 21, 9, 1, 13, 17, 11, 19, 10], [9, 21, 1, 5, 17, 11, 19, 13, 10], [17, 13, 9, 11, 19, 1, 5, 21, 18], [1, 9, 21, 13, 17, 11, 19, 5, 10], [9, 21, 1, 13, 17, 19, 11, 5, 10], [17, 5, 21, 13, 1, 9, 11, 19, 18], [17, 9, 19, 11, 13, 21, 1, 5, 18], [13, 17, 5, 21, 9, 19, 11, 1, 10], [17, 21, 5, 9, 19, 11, 13, 1, 18], [5, 13, 17, 1, 9, 11, 19, 21, 10], [13, 9, 1, 5, 17, 19, 11, 21, 18], [13, 17, 5, 1, 21, 9, 19, 11, 10], [21, 13, 1, 17, 5, 9, 11, 19, 10], [13, 9, 1, 5, 21, 17, 11, 19, 18], [21, 17, 1, 13, 5, 9, 11, 19, 18], [5, 13, 1, 21, 17, 9, 19, 11, 10], [5, 17, 13, 1, 9, 11, 19, 21, 10], [9, 13, 1, 5, 17, 19, 11, 23, 10], [1, 5, 21, 13, 9, 17, 11, 19, 18], [5, 17, 21, 9, 11, 19, 13, 1, 18], [21, 13, 17, 9, 11, 19, 7, 5, 1, 18], [9, 21, 1, 13, 17, 11, 19, 8, 5, 7, 18], [5, 9, 1, 13, 21, 17, 19, 11, 18], [17, 5, 13, 21, 1, 9, 11, 19, 10], [21, 5, 1, 17, 9, 19, 11, 13, 10], [5, 17, 9, 19, 11, 1, 13, 21, 12], [9, 17, 19, 11, 13, 6, 2, 21, 10], [1, 9, 17, 11, 19, 5, 13, 23, 10], [13, 5, 9, 17, 19, 11, 21, 1, 18], [5, 1, 13, 21, 17, 9, 19, 11, 10], [21, 9, 1, 5, 17, 19, 11, 13, 10], [9, 21, 1, 17, 19, 11, 15, 13, 5, 10], [17, 9, 19, 11, 21, 1, 13, 5, 18], [1, 21, 17, 5, 13, 9, 11, 19, 10], [5, 17, 21, 1, 9, 19, 11, 13, 10], [1, 17, 5, 13, 21, 9, 11, 19, 18], [13, 9, 5, 21, 17, 19, 11, 1, 10], [13, 17, 5, 9, 11, 19, 21, 1, 10], [13, 9, 17, 19, 11, 1, 5, 21, 10], [17, 1, 13, 21, 5, 9, 19, 11, 10], [21, 5, 17, 9, 11, 19, 13, 1, 10], [9, 5, 21, 13, 17, 19, 11, 1, 10], [21, 5, 13, 17, 9, 11, 19, 1, 18], [13, 9, 5, 17, 19, 11, 21, 2, 10], [9, 5, 13, 1, 21, 17, 11, 19, 10], [9, 21, 17, 19, 11, 1, 13, 5, 18], [1, 5, 21, 13, 9, 17, 11, 19, 18], [17, 1, 9, 19, 11, 5, 13, 21, 18], [13, 17, 9, 19, 11, 3, 1, 21, 5, 10], [5, 13, 1, 17, 21, 9, 11, 19, 18], [5, 17, 13, 1, 9, 11, 19, 21, 10], [1, 13, 9, 17, 19, 11, 5, 21, 10], [17, 5, 21, 9, 19, 11, 1, 13, 10], [17, 21, 1, 13, 5, 9, 11, 19, 18], [9, 17, 11, 19, 5, 1, 21, 13, 18], [1, 13, 9, 17, 19, 11, 5, 21, 18], [1, 13, 17, 5, 9, 19, 11, 21, 10], [9, 1, 21, 5, 13, 17, 11, 19, 18], [13, 5, 17, 9, 11, 19, 21, 1, 18], [17, 9, 11, 19, 1, 21, 13, 7, 5, 18], [21, 1, 5, 17, 9, 19, 11, 13, 10], [21, 5, 9, 13, 1, 17, 11, 19, 18], [13, 1, 5, 17, 21, 9, 19, 11, 18], [17, 9, 11, 19, 1, 13, 21, 5, 10], [13, 5, 21, 17, 9, 19, 11, 1, 10], [17, 5, 1, 9, 11, 19, 13, 21, 10], [1, 13, 21, 9, 5, 17, 11, 19, 10], [9, 13, 5, 17, 11, 19, 23, 4, 1, 10], [21, 5, 9, 17, 11, 19, 1, 14, 10], [5, 13, 17, 9, 19, 11, 1, 21, 18], [1, 5, 21, 17, 13, 9, 19, 11, 18], [21, 17, 13, 9, 19, 11, 1, 5, 10], [13, 1, 17, 21, 5, 9, 11, 19, 18], [17, 13, 1, 21, 5, 9, 19, 11, 10], [9, 21, 1, 17, 11, 19, 5, 13, 18], [5, 21, 17, 1, 9, 19, 11, 13, 18], [17, 21, 9, 19, 11, 5, 1, 13, 10], [5, 1, 13, 21, 9, 17, 19, 11, 18], [13, 21, 17, 1, 5, 9, 19, 11, 10], [21, 13, 1, 17, 5, 9, 11, 19, 10], [17, 5, 1, 13, 21, 9, 11, 19, 10], [9, 1, 21, 13, 5, 17, 11, 19, 18], [17, 1, 21, 9, 19, 11, 7, 5, 13, 10], [1, 5, 21, 9, 13, 17, 19, 11, 10], [13, 1, 17, 9, 19, 11, 5, 21, 10], [17, 5, 1, 21, 13, 9, 11, 19, 18], [5, 9, 13, 21, 17, 19, 11, 1, 10], [9, 21, 13, 5, 17, 11, 19, 1, 18], [1, 13, 17, 9, 19, 11, 5, 21, 18], [9, 17, 11, 19, 5, 21, 1, 13, 18], [13, 9, 21, 17, 19, 11, 4, 1, 7, 5, 18], [13, 21, 5, 9, 1, 17, 11, 19, 10], [21, 5, 9, 1, 17, 19, 11, 13, 10], [9, 5, 21, 17, 11, 19, 4, 1, 13, 18], [5, 13, 21, 9, 17, 19, 11, 1, 18], [9, 1, 17, 11, 19, 13, 5, 21, 10], [21, 1, 13, 17, 5, 9, 19, 11, 18], [9, 1, 13, 5, 21, 17, 19, 11, 18], [9, 21, 13, 17, 19, 11, 1, 5, 10], [5, 17, 1, 21, 13, 9, 19, 11, 18], [9, 1, 21, 17, 19, 11, 5, 13, 10], [17, 9, 19, 11, 5, 13, 1, 21, 10], [5, 17, 9, 19, 11, 3, 1, 13, 21, 10], [5, 9, 21, 1, 17, 19, 11, 13, 10], [1, 9, 5, 17, 19, 11, 21, 13, 10], [5, 21, 13, 1, 9, 17, 11, 19, 18], [9, 13, 21, 1, 17, 19, 11, 5, 18], [9, 13, 5, 21, 1, 17, 11, 19, 18], [9, 1, 21, 5, 13, 17, 11, 19, 18], [13, 21, 1, 5, 17, 9, 11, 19, 10], [21, 1, 9, 13, 5, 17, 11, 19, 18], [17, 1, 21, 9, 11, 19, 8, 5, 7, 18, 6], [13, 1, 9, 17, 19, 11, 21, 5, 10], [13, 21, 1, 9, 5, 17, 11, 19, 18], [5, 21, 17, 9, 19, 11, 1, 13, 10], [9, 5, 1, 21, 13, 17, 11, 19, 18], [17, 13, 21, 1, 5, 9, 11, 19, 18], [13, 1, 17, 21, 9, 19, 11, 5, 18], [9, 17, 19, 11, 21, 1, 13, 5, 18], [13, 17, 21, 9, 19, 11, 5, 1, 10], [17, 1, 9, 19, 11, 21, 13, 7, 5, 10], [5, 9, 13, 1, 17, 19, 11, 21, 10], [13, 5, 1, 9, 21, 17, 19, 11, 18], [17, 13, 21, 1, 9, 11, 19, 5, 10], [9, 13, 21, 17, 19, 11, 1, 5, 10], [21, 17, 5, 1, 9, 19, 11, 13, 18], [17, 13, 9, 19, 11, 1, 21, 5, 10], [5, 13, 9, 17, 11, 19, 21, 3, 1, 18], [13, 9, 21, 5, 1, 17, 11, 19, 10], [5, 17, 13, 1, 21, 9, 11, 19, 18], [9, 17, 19, 11, 5, 21, 16, 1, 13, 18], [21, 9, 13, 1, 5, 17, 11, 19, 10], [5, 17, 13, 21, 1, 9, 11, 19, 20, 10], [13, 21, 1, 17, 5, 9, 19, 11, 18], [13, 17, 5, 1, 21, 9, 11, 19, 18], [9, 17, 11, 19, 21, 13, 1, 5, 10], [9, 5, 17, 19, 11, 21, 13, 1, 18], [17, 1, 5, 21, 13, 9, 11, 19, 10], [13, 17, 21, 1, 5, 9, 19, 11, 18], [9, 17, 19, 11, 13, 8, 5, 7, 18, 6], [5, 1, 17, 13, 9, 19, 11, 21, 18], [1, 9, 17, 11, 19, 21, 13, 6], [17, 9, 19, 11, 5, 21, 1, 13, 10], [17, 9, 19, 11, 21, 5, 13, 1, 10], [21, 17, 5, 1, 13, 9, 19, 11, 10], [21, 9, 17, 19, 11, 1, 5, 13, 10], [1, 21, 5, 13, 9, 17, 19, 11, 10], [1, 21, 13, 5, 9, 17, 19, 11, 18], [13, 9, 5, 1, 17, 19, 11, 21, 10], [13, 5, 17, 21, 1, 9, 11, 19, 10], [13, 1, 5, 17, 21, 9, 11, 19, 10], [13, 5, 1, 9, 17, 11, 19, 21, 10], [9, 5, 1, 17, 19, 11, 21, 13, 10], [13, 21, 9, 17, 19, 11, 5, 1, 10], [1, 13, 17, 9, 19, 11, 5, 21, 18], [9, 5, 21, 13, 1, 17, 19, 11, 18], [13, 1, 17, 21, 5, 9, 11, 19, 18], [1, 17, 5, 21, 9, 19, 11, 13, 18], [5, 9, 13, 21, 17, 11, 19, 1, 10], [5, 21, 1, 13, 17, 9, 19, 11, 10], [9, 17, 19, 11, 14, 1, 21, 5, 18], [1, 5, 17, 15, 13, 21, 9, 19, 11, 18], [9, 5, 21, 1, 17, 19, 11, 13, 10], [1, 13, 21, 17, 9, 19, 11, 5, 10], [1, 21, 9, 13, 17, 19, 11, 5, 10], [9, 1, 17, 11, 19, 21, 5, 15, 13, 18], [13, 21, 9, 5, 17, 19, 11, 1, 18], [21, 9, 1, 5, 17, 19, 11, 13, 18], [9, 17, 11, 19, 1, 5, 22, 21, 13, 18], [1, 9, 17, 19, 11, 21, 5, 13, 10], [13, 17, 1, 9, 19, 11, 5, 21, 18], [9, 17, 19, 11, 21, 5, 1, 13, 18], [17, 13, 21, 9, 11, 19, 5, 1, 10], [17, 1, 21, 13, 9, 19, 11, 5, 10], [17, 13, 1, 9, 19, 11, 5, 21, 10], [21, 9, 17, 19, 11, 5, 14, 1, 18], [5, 13, 1, 9, 17, 11, 19, 21, 18], [1, 13, 17, 9, 19, 11, 5, 21, 18], [1, 21, 13, 9, 17, 11, 19, 5, 18], [9, 5, 13, 17, 11, 19, 1, 21, 10], [1, 5, 17, 13, 9, 19, 11, 21, 18], [17, 9, 11, 19, 21, 5, 1, 13, 18], [5, 13, 9, 1, 21, 17, 11, 19, 10], [21, 17, 9, 11, 19, 1, 13, 5, 10], [9, 5, 21, 1, 13, 17, 11, 19, 10], [9, 5, 13, 21, 1, 17, 19, 11, 18], [17, 9, 19, 11, 21, 13, 5, 1, 10], [13, 5, 17, 21, 1, 9, 19, 11, 10], [21, 13, 9, 5, 17, 19, 11, 1, 10], [13, 17, 9, 19, 11, 5, 21, 1, 18], [17, 9, 11, 19, 13, 21, 1, 7, 5, 10], [5, 9, 17, 11, 19, 1, 13, 21, 18], [9, 17, 11, 19, 1, 13, 21, 5, 10], [5, 9, 13, 17, 19, 11, 1, 21, 18], [21, 1, 9, 5, 17, 11, 19, 13, 10], [9, 17, 19, 11, 5, 21, 13, 1, 10], [13, 5, 9, 17, 19, 11, 1, 21, 18], [13, 1, 5, 17, 9, 11, 19, 21, 10], [13, 5, 21, 1, 9, 17, 11, 19, 18], [9, 13, 17, 19, 11, 1, 5, 21, 18], [13, 5, 9, 21, 1, 17, 19, 11, 18], [5, 17, 1, 9, 11, 19, 13, 24, 21, 18], [9, 17, 11, 19, 1, 13, 5, 21, 10], [21, 5, 1, 17, 9, 11, 19, 13, 10], [9, 17, 11, 19, 21, 1, 8, 5, 7, 18, 6], [9, 5, 21, 17, 11, 19, 1, 13, 10], [5, 21, 1, 9, 17, 11, 19, 13, 18], [17, 21, 5, 1, 9, 11, 19, 13, 10], [9, 5, 17, 19, 11, 3, 1, 21, 13, 18], [5, 13, 9, 1, 17, 19, 11, 21, 18], [9, 17, 19, 11, 13, 1, 24, 7, 5, 18], [9, 21, 5, 17, 19, 11, 15, 13, 1, 10], [1, 13, 9, 5, 21, 17, 19, 11, 18], [9, 17, 19, 11, 1, 21, 7, 5, 13, 10], [17, 5, 21, 13, 1, 9, 11, 19, 10], [21, 5, 13, 1, 17, 9, 11, 19, 10], [17, 9, 11, 19, 1, 13, 21, 5, 10], [21, 17, 1, 13, 5, 9, 11, 19, 10], [5, 13, 9, 1, 17, 19, 11, 21, 10], [1, 17, 9, 19, 11, 21, 13, 5, 10], [21, 17, 1, 5, 9, 11, 19, 13, 18], [5, 21, 9, 1, 13, 17, 11, 19, 10], [17, 1, 9, 11, 19, 5, 13, 21, 10], [17, 9, 19, 11, 21, 5, 13, 1, 18], [9, 17, 19, 11, 1, 7, 5, 14, 21, 18], [9, 17, 19, 11, 13, 1, 5, 21, 10], [5, 21, 9, 1, 17, 11, 19, 13, 18], [17, 9, 11, 19, 5, 1, 13, 22, 21, 10], [9, 17, 19, 11, 1, 5, 21, 13, 18], [13, 1, 17, 21, 9, 11, 19, 5, 10], [13, 1, 21, 17, 5, 9, 11, 19, 10], [9, 13, 5, 1, 17, 19, 11, 21, 10], [17, 9, 19, 11, 5, 21, 1, 13, 10], [5, 1, 13, 9, 17, 19, 11, 22, 21, 10], [17, 9, 11, 19, 21, 13, 5, 1, 10], [5, 1, 21, 9, 13, 17, 19, 11, 18], [1, 17, 9, 19, 11, 16, 22, 21, 5, 13, 18], [13, 1, 5, 17, 21, 9, 19, 11, 18], [17, 13, 1, 9, 19, 11, 21, 5, 10], [9, 1, 17, 11, 19, 5, 13, 21, 18], [13, 17, 1, 5, 9, 11, 19, 23, 10], [9, 21, 5, 1, 17, 11, 19, 13, 10], [17, 1, 13, 9, 11, 19, 21, 5, 18], [5, 1, 21, 17, 9, 11, 19, 13, 18], [21, 17, 1, 5, 9, 19, 11, 13, 18], [17, 5, 1, 9, 19, 11, 15, 13, 21, 18], [13, 1, 17, 5, 21, 9, 11, 19, 18], [9, 21, 17, 19, 11, 1, 13, 5, 10], [1, 9, 17, 19, 11, 13, 5, 21, 18], [13, 1, 17, 5, 21, 9, 19, 11, 10], [17, 13, 9, 11, 19, 21, 1, 5, 10], [17, 21, 1, 9, 19, 11, 13, 5, 10], [9, 17, 19, 11, 1, 5, 15, 13, 21, 18], [13, 21, 9, 1, 17, 19, 11, 5, 18], [1, 9, 21, 13, 17, 11, 19, 5, 18], [1, 21, 13, 9, 5, 17, 19, 11, 18], [21, 1, 5, 17, 13, 9, 19, 11, 18], [17, 1, 13, 5, 9, 19, 11, 21, 10], [17, 9, 19, 11, 21, 13, 5, 1, 18], [1, 13, 21, 5, 9, 17, 11, 19, 18], [21, 9, 5, 1, 17, 19, 11, 13, 18], [17, 21, 1, 13, 5, 9, 19, 11, 18], [5, 17, 21, 13, 9, 11, 19, 1, 10], [17, 13, 9, 11, 19, 5, 1, 21, 18], [13, 21, 17, 9, 19, 11, 5, 1, 10], [21, 17, 1, 5, 9, 11, 19, 14, 18], [5, 21, 17, 1, 13, 9, 11, 19, 18], [17, 9, 19, 11, 5, 13, 1, 23, 18], [17, 1, 5, 9, 19, 11, 13, 21, 10], [21, 9, 1, 17, 11, 19, 13, 5, 18], [5, 1, 17, 21, 13, 9, 19, 11, 18], [21, 13, 9, 17, 11, 19, 5, 3, 1, 10], [17, 5, 21, 1, 9, 19, 11, 13, 18], [13, 9, 1, 21, 17, 11, 19, 5, 18], [1, 13, 9, 5, 21, 17, 19, 11, 18], [21, 5, 13, 9, 1, 17, 11, 19, 18], [1, 13, 17, 9, 11, 19, 21, 5, 10], [1, 9, 5, 17, 19, 11, 21, 13, 10], [5, 13, 9, 17, 19, 11, 21, 1, 18], [21, 5, 17, 13, 9, 19, 11, 1, 18], [5, 9, 17, 19, 11, 1, 21, 13, 18], [21, 17, 1, 9, 11, 19, 13, 5, 18], [13, 9, 21, 5, 1, 17, 19, 11, 10], [9, 17, 19, 11, 5, 21, 13, 1, 18], [17, 5, 9, 19, 11, 21, 13, 1, 10], [9, 1, 17, 19, 11, 7, 5, 21, 13, 18], [9, 13, 17, 11, 19, 21, 5, 1, 10], [5, 21, 9, 17, 11, 19, 13, 1, 10], [13, 1, 5, 21, 17, 9, 19, 11, 18], [1, 13, 9, 17, 11, 19, 21, 5, 18], [1, 17, 21, 13, 5, 9, 11, 19, 18], [17, 5, 9, 11, 19, 21, 13, 1, 18], [21, 17, 5, 9, 11, 19, 1, 13, 18], [21, 17, 1, 5, 13, 9, 11, 19, 18], [9, 21, 5, 1, 17, 19, 11, 13, 18], [21, 13, 5, 17, 1, 9, 19, 11, 10], [17, 1, 9, 19, 11, 21, 5, 15, 13, 10], [5, 17, 23, 1, 9, 19, 11, 16, 13, 10], [5, 17, 1, 21, 13, 9, 11, 19, 10], [1, 17, 21, 13, 5, 9, 11, 19, 18], [13, 21, 17, 1, 5, 9, 11, 19, 10], [13, 5, 21, 9, 1, 17, 19, 11, 18], [13, 17, 21, 5, 9, 11, 19, 1, 18], [9, 13, 1, 5, 21, 17, 19, 11, 18], [17, 5, 13, 9, 19, 11, 21, 1, 10], [9, 5, 1, 17, 11, 19, 21, 13, 10], [13, 5, 9, 17, 19, 11, 21, 1, 10], [17, 21, 1, 5, 9, 11, 19, 13, 10], [17, 1, 13, 9, 19, 11, 5, 21, 10], [17, 21, 9, 19, 11, 13, 1, 5, 18], [13, 5, 17, 9, 11, 19, 21, 4, 1, 18], [1, 9, 17, 11, 19, 13, 21, 5, 18], [5, 17, 21, 1, 9, 19, 11, 13, 10], [17, 9, 11, 19, 1, 14, 5, 21, 10], [5, 13, 9, 17, 19, 11, 1, 21, 18], [21, 9, 17, 11, 19, 5, 1, 13, 10], [5, 1, 9, 21, 13, 17, 19, 11, 10], [17, 5, 1, 13, 9, 19, 11, 21, 18], [21, 1, 17, 13, 9, 19, 11, 5, 10], [9, 13, 21, 5, 17, 11, 19, 1, 18], [9, 17, 19, 11, 1, 5, 23, 13, 10], [9, 1, 17, 11, 19, 21, 5, 13, 10], [1, 5, 13, 9, 17, 19, 11, 21, 10], [1, 17, 9, 11, 19, 14, 5, 21, 18], [9, 13, 21, 17, 11, 19, 5, 1, 18], [13, 5, 9, 17, 19, 11, 21, 1, 10], [5, 13, 1, 17, 9, 19, 11, 21, 10], [1, 13, 9, 17, 11, 19, 5, 21, 18], [21, 1, 5, 9, 17, 19, 11, 13, 18], [5, 1, 21, 9, 17, 11, 19, 13, 18], [13, 1, 21, 17, 5, 9, 11, 19, 18], [17, 21, 1, 13, 5, 9, 11, 19, 10], [21, 17, 13, 1, 9, 19, 11, 5, 18], [21, 5, 13, 17, 9, 11, 19, 1, 18], [5, 9, 13, 17, 19, 11, 21, 1, 18], [1, 17, 9, 11, 19, 5, 24, 15, 13, 18], [9, 17, 11, 19, 13, 1, 5, 21, 10], [21, 13, 9, 5, 1, 17, 11, 19, 18], [5, 9, 1, 13, 21, 17, 19, 11, 10], [1, 13, 21, 5, 17, 9, 19, 11, 18], [5, 21, 17, 1, 9, 19, 11, 13, 10], [9, 5, 13, 17, 19, 11, 1, 21, 10], [17, 13, 21, 9, 19, 11, 5, 1, 18], [17, 21, 13, 9, 19, 11, 3, 1, 5, 18], [13, 9, 5, 17, 11, 19, 21, 1, 18], [5, 21, 17, 13, 9, 11, 19, 1, 10], [21, 1, 5, 13, 17, 9, 19, 11, 18], [21, 9, 1, 17, 19, 11, 13, 7, 5, 18], [5, 1, 17, 9, 19, 11, 21, 13, 10], [9, 21, 17, 19, 11, 5, 1, 14, 10], [21, 17, 13, 1, 5, 9, 11, 19, 18], [21, 17, 1, 9, 19, 11, 5, 13, 10], [17, 9, 19, 11, 21, 15, 13, 5, 1, 18], [5, 1, 13, 17, 9, 11, 19, 21, 10], [17, 5, 13, 9, 11, 19, 1, 23, 18], [21, 13, 17, 9, 11, 19, 5, 1, 18], [21, 13, 1, 17, 5, 9, 19, 11, 18], [17, 21, 1, 5, 9, 19, 11, 13, 18], [1, 9, 21, 5, 17, 11, 19, 13, 10], [13, 5, 1, 9, 17, 11, 19, 21, 10], [5, 9, 17, 19, 11, 13, 21, 1, 10], [17, 21, 5, 1, 9, 11, 19, 16, 13, 10], [9, 5, 17, 11, 19, 13, 23, 1, 10], [1, 5, 13, 21, 9, 17, 19, 11, 18], [13, 21, 5, 17, 1, 9, 11, 19, 18], [21, 17, 5, 13, 1, 9, 19, 11, 18], [5, 17, 11, 1, 21, 13, 9, 19, 18], [5, 17, 9, 11, 19, 1, 13, 21, 10], [9, 5, 17, 19, 11, 13, 24, 1, 10], [5, 17, 9, 11, 19, 22, 21, 13, 1, 10], [13, 1, 5, 17, 9, 19, 11, 21, 10], [17, 1, 13, 5, 9, 11, 19, 21, 10], [13, 17, 5, 9, 11, 19, 21, 1, 10], [1, 9, 17, 19, 11, 21, 5, 13, 18], [21, 17, 13, 5, 1, 9, 19, 11, 10], [9, 17, 19, 11, 1, 21, 5, 13, 18], [21, 13, 17, 5, 1, 9, 11, 19, 10], [9, 13, 17, 19, 11, 21, 3, 1, 5, 18], [21, 13, 1, 17, 9, 19, 11, 5, 10], [1, 9, 21, 5, 17, 11, 19, 13, 10], [9, 5, 1, 17, 11, 19, 13, 21, 18], [5, 13, 1, 9, 21, 17, 19, 11, 18], [9, 17, 11, 19, 1, 21, 13, 5, 10], [17, 13, 21, 1, 5, 9, 11, 19, 10], [13, 5, 1, 9, 17, 11, 19, 21, 18], [13, 21, 1, 5, 9, 17, 19, 11, 18], [1, 21, 5, 9, 17, 19, 11, 13, 18], [21, 9, 1, 13, 5, 17, 11, 19, 10], [1, 9, 21, 5, 17, 11, 19, 13, 10], [13, 17, 9, 19, 11, 21, 1, 5, 10], [17, 13, 1, 21, 5, 9, 11, 19, 10], [5, 9, 21, 1, 17, 11, 19, 13, 18], [1, 21, 5, 9, 13, 17, 19, 11, 18], [5, 17, 21, 9, 19, 11, 1, 13, 10], [1, 9, 17, 19, 11, 13, 5, 21, 18], [5, 21, 9, 1, 17, 11, 19, 13, 18], [1, 5, 13, 9, 17, 19, 11, 21, 10], [17, 9, 11, 19, 5, 15, 13, 23, 1, 18], [17, 21, 5, 1, 9, 19, 11, 13, 10], [13, 9, 17, 11, 19, 21, 1, 5, 10], [21, 9, 17, 19, 11, 2, 13, 5, 10], [1, 9, 21, 17, 11, 19, 13, 5, 18], [1, 5, 17, 21, 9, 19, 11, 13, 18], [13, 9, 5, 1, 17, 19, 11, 21, 20, 10], [5, 21, 13, 17, 9, 19, 11, 3, 1, 18], [21, 17, 13, 5, 9, 11, 19, 3, 1, 18], [5, 21, 17, 9, 11, 19, 1, 13, 10], [5, 17, 13, 1, 9, 19, 11, 21, 10], [17, 5, 9, 11, 19, 15, 13, 1, 21, 18], [1, 5, 9, 21, 13, 17, 11, 19, 10], [21, 1, 9, 5, 17, 19, 11, 13, 10], [5, 21, 1, 13, 17, 9, 11, 19, 10], [17, 21, 9, 11, 19, 8, 5, 7, 18, 6], [5, 9, 1, 21, 17, 11, 19, 13, 12], [9, 5, 1, 13, 21, 17, 19, 11, 10], [1, 13, 17, 9, 11, 19, 5, 21, 18], [5, 13, 17, 9, 11, 19, 21, 1, 18], [17, 9, 11, 19, 21, 5, 3, 1, 13, 18], [17, 1, 9, 11, 19, 13, 7, 5, 21, 10], [17, 13, 9, 11, 19, 1, 5, 21, 10], [13, 5, 1, 21, 9, 17, 19, 11, 10], [13, 9, 1, 21, 5, 17, 11, 19, 18], [13, 5, 21, 1, 9, 17, 11, 19, 10], [17, 1, 13, 9, 19, 11, 5, 21, 10], [1, 5, 21, 17, 13, 9, 11, 19, 10], [9, 13, 1, 5, 21, 17, 19, 11, 10], [13, 17, 5, 21, 1, 9, 19, 11, 18], [1, 13, 21, 9, 17, 11, 19, 5, 18], [21, 5, 13, 17, 1, 9, 11, 19, 10], [13, 9, 5, 1, 21, 17, 11, 19, 18], [21, 17, 5, 9, 19, 11, 1, 13, 10], [17, 1, 21, 9, 11, 19, 13, 5, 18], [9, 21, 1, 5, 13, 17, 11, 19, 18], [5, 17, 21, 1, 13, 9, 11, 19, 18], [9, 1, 5, 21, 17, 19, 11, 13, 18], [9, 17, 19, 11, 1, 21, 13, 5, 10], [13, 1, 9, 5, 21, 17, 11, 19, 18], [13, 21, 9, 17, 19, 11, 1, 5, 18], [5, 21, 17, 9, 19, 11, 1, 13, 18], [13, 9, 5, 1, 21, 17, 11, 19, 18], [21, 9, 13, 5, 17, 11, 19, 1, 10], [1, 17, 21, 5, 13, 9, 19, 11, 10], [5, 13, 1, 21, 9, 17, 19, 11, 10], [5, 1, 9, 13, 17, 19, 11, 21, 10], [5, 17, 9, 11, 19, 1, 21, 14, 18], [1, 13, 5, 9, 17, 11, 19, 21, 18], [1, 13, 17, 5, 21, 9, 19, 11, 18], [9, 1, 13, 5, 17, 11, 19, 21, 18], [9, 1, 17, 19, 11, 5, 21, 13, 18], [1, 13, 5, 9, 17, 19, 11, 21, 18], [9, 21, 13, 5, 1, 17, 19, 11, 18], [9, 5, 17, 19, 11, 13, 1, 21, 10], [9, 13, 21, 5, 1, 17, 19, 11, 10], [21, 13, 17, 9, 19, 11, 5, 1, 10], [5, 1, 13, 9, 17, 19, 11, 21, 18], [17, 1, 13, 5, 9, 11, 19, 24, 10], [9, 17, 19, 11, 5, 21, 1, 13, 18], [21, 5, 13, 17, 9, 19, 11, 1, 10], [17, 1, 5, 9, 11, 19, 13, 21, 10], [21, 1, 17, 9, 19, 11, 6, 13], [13, 5, 9, 21, 17, 19, 11, 1, 18], [9, 13, 21, 1, 17, 11, 19, 5, 10], [13, 1, 21, 17, 5, 9, 11, 19, 10], [13, 9, 5, 1, 21, 17, 19, 11, 10], [1, 5, 21, 9, 17, 19, 11, 13, 18], [17, 1, 21, 13, 5, 9, 19, 11, 18], [17, 21, 13, 5, 1, 9, 19, 11, 18], [9, 5, 13, 1, 17, 11, 19, 21, 10], [17, 21, 13, 1, 5, 9, 11, 19, 18], [17, 9, 11, 19, 21, 1, 5, 16, 13, 18], [21, 17, 5, 1, 13, 9, 19, 11, 10], [9, 1, 13, 5, 17, 11, 19, 21, 10], [13, 9, 17, 11, 19, 1, 5, 21, 18], [5, 17, 21, 9, 11, 19, 13, 1, 10], [21, 9, 1, 13, 17, 11, 19, 5, 18], [1, 17, 13, 21, 9, 19, 11, 5, 18], [21, 13, 9, 5, 17, 19, 11, 3, 1, 18], [17, 21, 13, 9, 19, 11, 1, 6], [21, 5, 17, 9, 19, 11, 1, 13, 10], [17, 21, 5, 13, 9, 11, 19, 4, 1, 18], [5, 21, 9, 1, 13, 17, 19, 11, 18], [1, 21, 5, 17, 9, 11, 19, 13, 10], [13, 5, 9, 21, 1, 17, 11, 19, 10], [13, 21, 17, 5, 9, 19, 11, 1, 18], [21, 13, 1, 5, 17, 9, 11, 19, 10], [13, 21, 17, 9, 19, 11, 1, 5, 18], [1, 9, 17, 11, 19, 5, 13, 21, 10], [13, 17, 1, 5, 9, 11, 19, 21, 18], [5, 21, 9, 1, 17, 19, 11, 13, 10], [13, 17, 9, 19, 11, 21, 1, 5, 18], [21, 17, 5, 13, 1, 9, 11, 19, 10], [13, 5, 17, 9, 11, 19, 1, 21, 18], [1, 17, 13, 21, 9, 19, 11, 5, 10], [13, 9, 5, 21, 17, 11, 19, 1, 18], [13, 1, 21, 17, 9, 11, 19, 5, 10], [17, 9, 19, 11, 5, 21, 1, 13, 18], [5, 1, 13, 17, 21, 9, 11, 19, 18], [17, 1, 21, 5, 9, 19, 11, 13, 18], [5, 13, 21, 9, 1, 17, 19, 11, 10], [9, 17, 19, 11, 13, 1, 5, 21, 18], [17, 13, 21, 1, 9, 19, 11, 5, 18], [17, 1, 21, 5, 9, 11, 19, 13, 10], [5, 1, 21, 9, 13, 17, 19, 11, 18], [17, 5, 9, 11, 19, 13, 1, 21, 10], [21, 17, 13, 1, 5, 9, 11, 19, 18], [5, 13, 21, 17, 1, 9, 19, 11, 10], [5, 13, 9, 1, 21, 17, 19, 11, 10], [9, 21, 5, 1, 17, 19, 11, 13, 18], [9, 17, 11, 19, 21, 1, 13, 5, 18], [9, 1, 21, 13, 17, 11, 19, 5, 10], [5, 17, 13, 1, 9, 11, 19, 21, 18], [5, 17, 9, 19, 11, 13, 1, 21, 10], [13, 21, 9, 5, 17, 19, 11, 1, 18], [21, 9, 1, 13, 17, 11, 19, 5, 10], [1, 5, 13, 17, 21, 9, 11, 19, 10], [17, 1, 21, 5, 13, 9, 11, 19, 18], [17, 9, 19, 11, 5, 13, 21, 1, 18], [5, 1, 17, 13, 21, 9, 19, 11, 18], [5, 13, 17, 1, 9, 19, 11, 21, 10], [9, 1, 13, 5, 17, 11, 19, 21, 10], [1, 13, 9, 17, 19, 11, 21, 5, 10], [21, 5, 13, 9, 17, 11, 19, 3, 1, 18], [1, 9, 17, 19, 11, 21, 13, 5, 18], [5, 21, 1, 13, 9, 17, 19, 11, 10], [9, 5, 21, 17, 11, 19, 13, 1, 18], [9, 5, 17, 11, 19, 1, 15, 13, 21, 10], [1, 5, 9, 17, 19, 11, 13, 21, 18], [13, 1, 9, 5, 17, 19, 11, 21, 18], [5, 13, 1, 21, 9, 17, 19, 11, 10], [1, 21, 9, 17, 19, 11, 16, 5, 13, 10], [13, 1, 17, 5, 9, 19, 11, 22, 21, 10], [21, 1, 13, 17, 5, 9, 19, 11, 10], [13, 9, 21, 1, 17, 11, 19, 5, 18], [9, 21, 1, 13, 17, 19, 11, 5, 10], [9, 1, 13, 5, 21, 17, 11, 19, 18], [5, 13, 21, 9, 17, 19, 11, 1, 18], [21, 9, 5, 17, 11, 19, 1, 13, 18], [9, 5, 21, 17, 11, 19, 15, 13, 1, 18], [13, 5, 17, 1, 9, 11, 19, 21, 10], [1, 5, 9, 13, 21, 17, 19, 11, 18], [1, 21, 17, 9, 11, 19, 8, 5, 7, 18, 6], [1, 5, 21, 17, 9, 11, 19, 13, 10], [1, 5, 9, 17, 19, 11, 13, 21, 18], [5, 21, 17, 13, 9, 19, 11, 1, 18], [21, 1, 5, 17, 13, 9, 11, 19, 10], [9, 1, 21, 13, 17, 11, 19, 5, 18], [17, 21, 1, 9, 19, 11, 5, 13, 18], [9, 5, 13, 1, 17, 19, 11, 21, 10], [5, 9, 13, 21, 17, 19, 11, 1, 18], [9, 5, 21, 13, 17, 11, 19, 1, 10], [21, 13, 5, 17, 9, 11, 19, 1, 18], [13, 17, 1, 21, 9, 11, 19, 5, 10], [9, 13, 5, 17, 19, 11, 21, 1, 18], [13, 17, 5, 1, 9, 11, 19, 21, 18], [9, 1, 5, 17, 11, 19, 21, 13, 10], [1, 17, 21, 9, 11, 19, 13, 5, 18], [13, 1, 5, 17, 21, 9, 11, 19, 10], [13, 5, 17, 21, 9, 11, 19, 1, 10], [1, 13, 21, 5, 17, 9, 11, 19, 10], [17, 1, 13, 9, 19, 11, 21, 5, 10], [1, 17, 13, 9, 19, 11, 21, 5, 10], [17, 21, 5, 9, 11, 19, 1, 13, 10], [21, 5, 17, 1, 13, 9, 11, 19, 18], [17, 1, 5, 13, 21, 9, 11, 19, 10], [13, 5, 9, 17, 11, 19, 21, 3, 1, 18], [13, 9, 21, 5, 1, 17, 19, 11, 10], [17, 21, 9, 19, 11, 1, 13, 5, 18], [21, 13, 1, 9, 17, 19, 11, 5, 18], [1, 5, 21, 13, 9, 17, 19, 11, 18], [5, 9, 13, 17, 19, 11, 24, 1, 10], [21, 17, 9, 11, 19, 13, 5, 1, 10], [17, 1, 9, 11, 19, 5, 21, 13, 18], [5, 21, 13, 9, 17, 11, 19, 1, 18], [5, 1, 17, 9, 19, 11, 21, 13, 18], [21, 17, 1, 9, 19, 11, 13, 5, 18], [5, 17, 21, 1, 9, 11, 19, 14, 10], [13, 21, 9, 1, 17, 19, 11, 5, 18], [17, 5, 1, 21, 9, 11, 19, 13, 18], [1, 21, 9, 5, 13, 17, 19, 11, 10], [17, 13, 21, 9, 11, 19, 5, 1, 18], [1, 17, 21, 13, 9, 19, 11, 5, 10], [21, 13, 5, 17, 9, 19, 11, 1, 10], [5, 1, 13, 21, 17, 9, 19, 11, 10], [13, 17, 21, 1, 9, 11, 19, 5, 10], [21, 9, 1, 5, 13, 17, 11, 19, 18], [1, 17, 21, 13, 9, 19, 11, 5, 18], [13, 21, 17, 5, 1, 9, 11, 19, 10], [9, 13, 5, 1, 17, 11, 19, 23, 18], [1, 5, 9, 17, 19, 11, 21, 13, 18], [17, 5, 21, 13, 9, 19, 11, 1, 10], [5, 9, 21, 13, 1, 17, 11, 19, 18], [9, 21, 5, 1, 17, 19, 11, 13, 18], [9, 17, 19, 11, 13, 5, 1, 21, 18], [17, 5, 1, 13, 9, 19, 11, 21, 10], [5, 17, 9, 11, 19, 13, 21, 2, 10], [5, 13, 1, 9, 21, 17, 19, 11, 18], [17, 9, 19, 11, 7, 5, 1, 13, 21, 18], [21, 17, 1, 9, 19, 11, 5, 13, 18], [1, 13, 5, 21, 17, 9, 11, 19, 10], [17, 13, 21, 5, 1, 9, 19, 11, 18], [21, 1, 17, 5, 9, 11, 19, 13, 10], [1, 9, 13, 5, 17, 19, 11, 21, 10], [13, 1, 21, 9, 17, 11, 19, 5, 10], [17, 21, 1, 9, 19, 11, 13, 5, 18], [13, 21, 17, 9, 19, 11, 5, 1, 18], [21, 13, 17, 1, 9, 19, 11, 5, 18], [17, 9, 11, 19, 13, 1, 23, 5, 10], [17, 1, 21, 9, 19, 11, 5, 13, 10], [5, 9, 21, 13, 17, 19, 11, 1, 10], [13, 21, 9, 17, 11, 19, 1, 5, 10], [13, 5, 21, 9, 1, 17, 19, 11, 10], [13, 21, 5, 9, 1, 17, 11, 19, 10], [17, 13, 9, 19, 11, 5, 21, 1, 18], [17, 5, 1, 9, 19, 11, 21, 13, 18], [1, 5, 9, 21, 17, 19, 11, 13, 18], [5, 9, 17, 11, 19, 21, 15, 13, 1, 18], [1, 5, 13, 9, 17, 11, 19, 21, 18], [9, 1, 5, 13, 21, 17, 19, 11, 10], [21, 13, 9, 17, 19, 11, 3, 1, 5, 10], [9, 17, 19, 11, 1, 5, 13, 21, 10], [21, 5, 17, 9, 19, 11, 13, 1, 18], [9, 17, 11, 19, 21, 1, 5, 13, 10], [5, 17, 13, 21, 1, 9, 19, 11, 18], [13, 21, 9, 1, 17, 11, 19, 5, 10], [13, 17, 5, 21, 9, 19, 11, 1, 18], [21, 9, 5, 1, 13, 17, 19, 11, 10], [17, 5, 9, 11, 19, 1, 21, 13, 18], [5, 1, 9, 17, 11, 19, 13, 21, 18], [9, 5, 17, 19, 11, 1, 21, 13, 10], [9, 21, 1, 5, 17, 19, 11, 13, 18], [17, 9, 11, 19, 13, 1, 5, 21, 18], [1, 21, 13, 5, 17, 9, 19, 11, 18], [21, 9, 1, 5, 17, 11, 19, 13, 10], [5, 21, 9, 1, 17, 11, 19, 13, 18], [9, 21, 5, 1, 17, 11, 19, 13, 18], [17, 21, 5, 1, 9, 19, 11, 14, 18], [5, 13, 9, 21, 1, 17, 11, 19, 18], [21, 13, 5, 1, 17, 9, 11, 19, 18], [5, 1, 21, 9, 17, 11, 19, 13, 18], [5, 1, 17, 21, 9, 11, 19, 13, 10], [13, 21, 17, 5, 9, 19, 11, 1, 10], [21, 17, 5, 9, 11, 19, 15, 13, 1, 10], [13, 9, 17, 11, 19, 5, 1, 21, 18], [21, 13, 17, 5, 1, 9, 19, 11, 18], [13, 9, 1, 5, 17, 11, 19, 21, 10], [9, 17, 11, 19, 1, 13, 21, 5, 10], [9, 21, 5, 13, 1, 17, 19, 11, 18], [13, 17, 9, 19, 11, 5, 1, 21, 20, 10], [5, 21, 1, 17, 9, 19, 11, 13, 10], [9, 1, 17, 11, 19, 21, 5, 13, 18], [21, 13, 17, 5, 1, 9, 11, 19, 18], [17, 5, 1, 9, 11, 19, 21, 13, 18], [13, 17, 21, 5, 9, 11, 19, 1, 10], [21, 13, 17, 5, 1, 9, 11, 19, 18], [17, 13, 1, 5, 21, 9, 19, 11, 10], [1, 9, 13, 17, 19, 11, 7, 5, 21, 10], [17, 21, 13, 9, 19, 11, 1, 5, 10], [5, 17, 21, 9, 19, 11, 1, 13, 18], [21, 9, 1, 5, 17, 19, 11, 13, 10], [13, 21, 9, 1, 5, 17, 19, 11, 10], [5, 17, 13, 1, 9, 11, 19, 21, 10], [13, 17, 1, 21, 9, 19, 11, 5, 10], [21, 9, 17, 19, 11, 1, 5, 13, 10], [5, 21, 17, 13, 9, 11, 19, 1, 12], [21, 9, 1, 17, 19, 11, 13, 5, 18], [13, 17, 21, 9, 19, 11, 1, 5, 18], [21, 9, 5, 1, 17, 19, 11, 13, 18], [5, 13, 1, 21, 9, 17, 19, 11, 10], [9, 5, 1, 21, 13, 17, 19, 11, 10], [13, 1, 17, 9, 19, 11, 21, 5, 10], [21, 1, 17, 9, 11, 19, 13, 5, 10], [13, 5, 17, 21, 9, 11, 19, 1, 18], [21, 17, 13, 5, 1, 9, 19, 11, 18], [17, 9, 11, 19, 1, 21, 5, 13, 10], [17, 21, 5, 1, 9, 11, 19, 13, 10], [17, 1, 21, 13, 9, 11, 19, 5, 18], [5, 13, 17, 9, 11, 19, 21, 1, 10], [1, 21, 13, 5, 17, 9, 11, 19, 10], [1, 9, 21, 5, 17, 11, 19, 14, 18], [9, 1, 5, 17, 11, 19, 22, 21, 13, 18], [17, 21, 9, 19, 11, 1, 13, 5, 18], [17, 5, 1, 9, 11, 19, 21, 13, 10], [1, 9, 17, 11, 19, 13, 5, 21, 10], [13, 17, 9, 11, 19, 5, 1, 21, 18], [1, 5, 17, 9, 19, 11, 21, 13, 10], [9, 17, 19, 11, 1, 15, 13, 5, 21, 18], [1, 21, 17, 13, 9, 11, 19, 5, 10], [1, 21, 5, 9, 17, 11, 19, 13, 18], [21, 5, 9, 1, 13, 17, 19, 11, 10], [21, 1, 5, 17, 13, 9, 19, 11, 18], [1, 13, 21, 17, 5, 9, 19, 11, 18], [5, 17, 13, 21, 1, 9, 11, 19, 10], [5, 17, 9, 11, 19, 1, 13, 21, 18], [5, 17, 1, 21, 13, 9, 19, 11, 10], [13, 1, 17, 9, 19, 11, 5, 21, 18], [13, 21, 9, 17, 19, 11, 5, 1, 10], [5, 17, 13, 1, 21, 9, 11, 19, 18], [13, 17, 1, 5, 9, 19, 11, 21, 10], [1, 5, 21, 9, 17, 11, 19, 13, 18], [17, 1, 13, 5, 9, 19, 11, 23, 18], [21, 1, 5, 13, 17, 9, 19, 11, 18], [21, 1, 13, 5, 17, 9, 19, 11, 18], [21, 13, 9, 5, 1, 17, 19, 11, 10], [13, 5, 9, 17, 11, 19, 1, 21, 18], [21, 13, 9, 17, 19, 11, 5, 1, 18], [21, 13, 17, 5, 1, 9, 11, 19, 18], [5, 17, 13, 1, 21, 9, 19, 11, 10], [17, 21, 5, 9, 11, 19, 1, 13, 18], [1, 17, 9, 19, 11, 16, 21, 5, 13, 10], [1, 13, 17, 11, 5, 21, 9, 19, 10], [5, 21, 17, 9, 11, 19, 1, 13, 18], [17, 5, 21, 1, 13, 9, 11, 19, 18], [9, 1, 5, 13, 21, 17, 11, 19, 18], [17, 9, 11, 19, 21, 13, 1, 5, 10], [17, 9, 11, 19, 13, 1, 21, 5, 18], [1, 17, 13, 5, 9, 19, 11, 21, 10], [1, 17, 13, 5, 21, 9, 11, 19, 10], [13, 21, 17, 5, 9, 19, 11, 1, 18], [17, 5, 9, 19, 11, 13, 21, 1, 10], [13, 1, 5, 21, 17, 9, 19, 11, 10], [5, 9, 21, 1, 13, 17, 19, 11, 10], [13, 9, 5, 17, 19, 11, 1, 23, 10], [13, 5, 1, 9, 17, 19, 11, 21, 18], [17, 5, 1, 13, 9, 19, 11, 21, 10], [9, 21, 1, 5, 13, 17, 11, 19, 10], [13, 9, 21, 17, 19, 11, 8, 5, 7, 18, 6], [9, 1, 17, 19, 11, 21, 13, 5, 10], [13, 17, 21, 1, 5, 9, 11, 19, 10], [9, 13, 17, 11, 19, 1, 5, 21, 18], [13, 9, 5, 21, 17, 19, 11, 1, 10], [13, 1, 5, 17, 21, 9, 19, 11, 10], [17, 9, 19, 11, 13, 5, 1, 21, 10], [21, 5, 9, 13, 17, 19, 11, 1, 18], [13, 9, 5, 17, 19, 11, 21, 1, 18], [21, 5, 17, 9, 19, 11, 15, 13, 1, 10], [13, 5, 17, 1, 21, 9, 11, 19, 10], [1, 21, 5, 17, 9, 11, 19, 15, 13, 10], [21, 9, 17, 19, 11, 13, 5, 1, 18], [1, 21, 5, 13, 17, 9, 19, 11, 18], [5, 21, 13, 1, 9, 17, 11, 19, 10], [17, 21, 5, 13, 9, 19, 11, 1, 10], [1, 9, 17, 11, 19, 21, 15, 13, 5, 10], [5, 13, 1, 9, 21, 17, 19, 11, 10], [5, 21, 13, 1, 9, 17, 11, 19, 18], [21, 13, 1, 9, 17, 19, 11, 5, 10], [1, 21, 13, 9, 17, 11, 19, 5, 10], [21, 5, 9, 1, 17, 11, 19, 13, 18], [5, 9, 1, 17, 19, 11, 21, 15, 13, 18], [5, 21, 13, 17, 9, 11, 19, 1, 18], [1, 17, 9, 11, 19, 13, 5, 23, 18], [17, 5, 1, 21, 9, 19, 11, 13, 18], [17, 1, 21, 13, 9, 19, 11, 5, 10], [17, 9, 11, 19, 15, 13, 5, 21, 3, 1, 18], [5, 13, 9, 1, 17, 11, 19, 21, 10], [9, 1, 21, 5, 17, 19, 11, 13, 10], [1, 13, 9, 17, 19], [5, 1, 13, 17], [9, 1, 21, 5, 17, 11, 19], [1, 9, 17, 11, 19], [13, 21, 17], [21, 9, 5, 17, 11, 19], [9, 5, 17, 19], [9, 17, 19, 11], [21, 9, 13, 17, 19], [13, 9, 17, 19], [5, 17], [17], [17], [13, 5, 21, 9, 1, 17, 11, 19], [17], [13, 5, 9, 17, 11, 19], [13, 1, 9, 17, 19], [13, 17], [21, 1, 5, 9, 13, 17, 11, 19], [1, 5, 9, 13, 21, 17, 19], [1, 5, 17], [1, 17], [1, 17], [1, 13, 17], [13, 17], [9, 1, 21, 17, 19], [13, 1, 21, 17], [1, 5, 17], [1, 13, 9, 17, 19], [13, 9, 5, 1, 21, 17, 19], [21, 1, 17], [9, 13, 5, 17, 19], [5, 17], [5, 21, 13, 9, 17, 19], [21, 5, 17], [1, 17], [17], [9, 1, 21, 5, 17, 19], [21, 1, 5, 13, 17], [1, 9, 13, 17, 11, 19], [17], [21, 5, 9, 1, 17, 19], [13, 5, 17], [17], [21, 1, 5, 13, 17], [9, 17, 11, 19], [13, 21, 1, 17], [21, 13, 9, 1, 17, 11, 19], [5, 21, 9, 13, 17, 11, 19], [17], [9, 1, 13, 5, 21, 17, 11, 19], [13, 1, 21, 17], [9, 21, 13, 1, 17, 19], [21, 1, 9, 5, 13, 17, 19], [5, 9, 1, 17, 11, 19], [5, 17], [5, 13, 9, 1, 21, 17, 11, 19], [21, 9, 5, 1, 13, 17, 19], [1, 9, 13, 5, 21, 17, 19], [13, 5, 21, 1, 17], [1, 9, 13, 5, 17, 19], [5, 17], [9, 1, 17, 19], [9, 21, 1, 13, 17, 11, 19], [13, 21, 1, 17], [13, 21, 9, 1, 17, 11, 19], [9, 21, 17, 11, 19], [21, 5, 17], [5, 1, 17], [5, 13, 21, 17], [9, 13, 5, 1, 21, 17, 11, 19], [17], [5, 9, 13, 1, 21, 17, 11, 19], [9, 17, 19, 11], [13, 21, 5, 17], [9, 1, 17, 19], [1, 9, 5, 13, 21, 17, 11, 19], [17], [13, 21, 17], [1, 21, 9, 17, 11, 19], [9, 1, 17, 11, 19], [17], [1, 21, 13, 5, 17], [5, 9, 17, 19], [21, 9, 13, 1, 17, 19], [21, 5, 13, 9, 17, 19], [21, 5, 9, 1, 13, 17, 11, 19], [5, 9, 13, 17, 19], [17], [1, 21, 5, 9, 17, 19], [13, 5, 9, 17, 19], [21, 17], [9, 13, 1, 21, 17, 11, 19], [9, 17, 11, 19], [9, 13, 21, 1, 17, 19], [13, 5, 9, 21, 1, 17, 11, 19], [17], [17], [5, 13, 9, 17, 11, 19], [21, 5, 9, 13, 17, 11, 19], [13, 9, 21, 17, 11, 19], [9, 13, 21, 17, 11, 19], [9, 5, 13, 21, 1, 17, 19], [13, 5, 9, 17, 19], [13, 21, 5, 17], [1, 17], [9, 17, 19, 11], [13, 1, 21, 17], [13, 17], [17], [13, 21, 5, 1, 9, 17, 19], [13, 1, 21, 5, 9, 17, 19], [9, 13, 5, 21, 17, 11, 19], [9, 21, 1, 17, 11, 19], [5, 13, 1, 21, 17], [13, 5, 1, 17], [13, 9, 5, 21, 1, 17, 11, 19], [21, 5, 9, 1, 13, 17, 19], [9, 5, 17, 11, 19], [13, 1, 5, 17], [5, 21, 9, 13, 1, 17, 19], [13, 17], [17], [5, 1, 21, 13, 17], [1, 17], [5, 9, 1, 17, 11, 19], [21, 17], [17], [13, 17], [1, 17], [1, 5, 9, 13, 21, 17, 11, 19], [21, 9, 5, 1, 17, 19], [9, 13, 5, 21, 1, 17, 11, 19], [17], [21, 1, 17], [1, 21, 13, 9, 17, 11, 19], [9, 5, 1, 13, 17, 19], [9, 21, 1, 17, 11, 19], [5, 13, 9, 17, 11, 19], [5, 13, 9, 1, 21, 17, 19], [13, 21, 1, 9, 17, 11, 19], [1, 17], [1, 13, 5, 21, 9, 17, 11, 19], [13, 17], [13, 1, 9, 5, 17, 19], [17], [21, 13, 1, 9, 5, 17, 11, 19], [1, 13, 5, 17], [17], [17], [1, 21, 5, 17], [21, 9, 17, 19], [17], [13, 21, 9, 5, 17, 11, 19], [17], [9, 21, 5, 1, 13, 17, 19], [1, 13, 5, 9, 21, 17, 11, 19], [5, 1, 13, 9, 21, 17, 11, 19], [5, 1, 21, 17], [13, 5, 21, 9, 17, 19], [9, 1, 17, 11, 19], [9, 1, 5, 13, 17, 19], [17], [13, 21, 9, 17, 11, 19], [21, 1, 17], [5, 21, 9, 13, 17, 19], [1, 5, 9, 21, 17, 11, 19], [9, 17, 11, 19], [13, 17], [9, 5, 13, 21, 17, 19], [9, 21, 17, 11, 19], [17], [9, 13, 17, 19], [13, 21, 17], [5, 21, 9, 1, 13, 17, 19], [5, 21, 17], [9, 17, 19, 11], [13, 5, 9, 1, 17, 11, 19], [9, 13, 1, 5, 21, 17, 19], [17], [5, 21, 9, 17, 19], [21, 13, 5, 9, 17, 11, 19], [9, 1, 13, 17, 11, 19], [13, 9, 5, 17, 19], [9, 13, 5, 1, 21, 17, 19], [17], [5, 13, 1, 17], [9, 13, 17, 11, 19], [21, 5, 9, 13, 1, 17, 19], [9, 21, 5, 13, 17, 19], [9, 5, 1, 17, 11, 19], [9, 1, 17, 11, 19], [17], [13, 21, 1, 5, 9, 17, 19], [13, 5, 21, 17], [5, 13, 17], [5, 1, 21, 17], [13, 5, 17], [9, 17, 11, 19], [1, 9, 5, 17, 19], [1, 13, 21, 9, 5, 17, 19], [13, 21, 17], [21, 17], [21, 9, 1, 13, 5, 17, 19], [1, 13, 17], [21, 13, 17], [13, 21, 1, 5, 17], [9, 5, 13, 17, 11, 19], [1, 5, 17], [9, 21, 5, 1, 17, 11, 19], [21, 17], [1, 21, 9, 13, 5, 17, 11, 19], [9, 21, 17, 11, 19], [17], [1, 21, 17], [17], [21, 17], [9, 17, 19, 11], [9, 17, 19, 11], [9, 21, 1, 17, 19], [5, 13, 9, 1, 17, 11, 19], [9, 1, 21, 17, 19], [9, 13, 17, 11, 19], [13, 9, 5, 1, 21, 17, 19], [1, 13, 17], [21, 5, 9, 13, 17, 11, 19], [17], [5, 17], [21, 9, 1, 13, 5, 17, 11, 19], [9, 17, 19, 11], [21, 9, 13, 1, 5, 17, 19], [1, 13, 21, 5, 9, 17, 11, 19], [17], [17], [5, 13, 9, 1, 17, 1