{"problem_id":"EDYV3TvmyqJrQOZ","sigma":75,"alpha":0.316,"cost":1,"probabilities":"[0.59, 0.22, 0.02, 0.17]","payoff_matrix":"[[-62, -42, -7, -47, -26, -14], [-13, -71, 120, -32, 98, -95], [-68, 29, -35, -55, -23, 22], [23, 4, 10, 112, 48, -82]]","uncovered":[[13,9,17,1,5,21,22,10],[13,17,9,21,1,5,22,10],[21,5,17,9,1,13,22,18,10,20,12],[17,9,13,21,5,1,22,10],[13,21,17,1,5,9,22,18,10,12,20],[1,5,13,17,9,21,10,22],[17,1,5,9,13,21,10,22],[13,5,1,9,17,21,10,22],[5,13,9,1,17,21,10,22],[9,5,1,13,17,21,10,23,24],[17,21,5,9,13,1,10,22],[5,17,1,9,21,13,22,18,10,12,20],[1,17,5,21,13,9,22,10],[13,9,5,21,1,17,22,10],[5,13,1,21,9,17,22,10],[17,13,5,9,1,21,22,10],[17,13,1,9,21,5,10,22],[21,13,9,1,5,17,22,10],[1,5,9,17,13,21,22,18,10,12,20],[9,13,1,17,21,5,10,24],[1,9,21,13,5,17,22,10],[9,13,5,17,21,1,22,18,10,20,12],[5,13,17,9,1,21,22,10],[17,13,1,21,5,9,22,10],[5,17,21,9,13,1,10,22],[5,9,21,17,13,1,22,18,10,20,12],[9,1,5,13,21,17,10,22],[13,1,5,17,21,9,22,18,10,20,12],[17,21,13,5,9,1,10,22],[5,9,1,21,13,17,22,10],[1,17,13,5,21,9,22,10],[21,9,5,17,1,13,22,10],[13,1,17,9,5,21,10,23,22],[5,17,9,21,1,13,10,23,24],[21,5,17,9,1,13,10,24],[1,5,9,21,17,13,22,18,10,12,20],[5,13,1,17,21,9,10,22],[17,5,1,9,21,13,22,18,10,20,12],[1,17,21,9,5,13,22,10],[13,9,1,21,5,17,10,22],[17,1,9,13,21,5,22,10],[9,5,21,17,1,13,10,24],[5,1,9,17,21,13,22,18,10,12,20],[17,13,9,5,21,1,22,10],[5,21,17,1,13,9,10,22],[1,13,17,9,5,21,22,18,10,12,20],[21,17,13,1,9,5,22,10],[13,1,5,21,17,9,22,10],[17,13,9,1,21,5,10,22],[21,9,13,17,1,5,10,22],[1,9,21,17,5,13,10,24],[13,9,5,21,17,1,10,22],[17,13,9,21,5,1,22,10],[17,1,13,5,21,9,10,22],[9,1,13,5,21,17,22,18,10,12,20],[13,1,9,21,5,17,10,24],[5,21,9,13,17,1,22,10],[21,1,13,9,5,17,22,10],[17,13,9,21,5,1,22,10],[9,5,1,21,17,13,10,23,22],[13,1,17,5,9,21,22,10],[21,17,13,5,1,9,10,24],[13,5,1,17,21,9,10,22],[9,13,21,17,1,5,10,24],[9,21,17,13,5,1,22,18,10,20,12],[9,5,17,13,1,21,10,23,22],[13,1,17,9,5,21,22,10],[9,5,17,1,13,21,10,22],[21,1,17,13,9,5,10,22],[9,5,17,21,1,13,10,22],[5,21,1,17,13,9,22,18,10,12,20],[5,1,13,9,21,17,10,24],[5,21,17,9,1,13,10,23,22],[13,5,1,21,9,17,10,22],[1,13,9,5,17,21,22,18,10,12,20],[1,13,17,9,5,21,10,22],[17,21,1,13,9,5,22,18,10,12,20],[9,5,13,1,17,21,10,24],[1,17,13,5,21,9,10,24],[1,21,17,9,13,5,22,10],[9,13,5,1,21,17,10,24],[9,5,1,17,13,21,22,10],[13,9,5,17,21,1,22,10],[5,1,9,17,21,13,22,18,10,20,12],[9,1,5,13,17,21,22,18,10,12,20],[1,21,13,9,17,5,10,22],[1,17,13,5,9,21,10,22],[13,21,5,9,17,1,10,22],[9,1,17,5,21,13,22,18,10,20,12],[17,5,13,21,1,9,10,22],[5,21,9,13,1,17,22,10],[9,13,17,21,5,1,10,22],[1,21,13,9,5,17,22,10],[13,17,21,5,1,9,22,10],[1,5,13,21,9,17,10,24],[5,9,17,21,13,1,22,10],[13,5,9,1,21,17,10,23,22],[1,17,21,13,9,5,22,10],[5,1,21,9,17,13,22,18,10,20,12],[1,17,9,21,5,13,22,10],[21,9,13,5,1,17,22,10],[9,21,5,17,1,13,10,23,22],[13,9,1,5,21,17,22,10],[17,9,21,1,5,13,22,10],[17,1,21,9,5,13,22,10],[5,1,13,21,17,9,22,18,10,20,12],[21,5,9,1,13,17,22,18,10,12,20],[13,21,9,5,17,1,22,18,10,20,12],[13,9,1,5,21,17,22,18,10,12,20],[21,9,17,1,13,5,22,10],[13,1,5,21,9,17,10,24],[21,5,9,1,17,13,10,22],[17,21,9,13,5,1,22,10],[13,5,17,1,21,9,10,22],[21,17,9,5,13,1,22,18,10,20,12],[21,9,5,17,1,13,22,18,10,12,20],[21,13,1,5,17,9,22,10],[5,17,13,1,9,21,22,10],[1,13,9,5,21,17,10,22],[13,9,21,1,5,17,10,22],[5,9,13,17,21,1,10,23,24],[13,1,5,9,21,17,22,18,10,12,20],[13,21,1,5,17,9,10,24],[13,21,1,17,9,5,10,23,22],[13,21,1,9,5,17,10,22],[5,17,9,1,21,13,10,22],[17,1,13,5,9,21,22,10],[1,5,9,17,21,13,10,22],[21,5,13,1,9,17,22,10],[5,1,13,21,17,9,10,22],[9,17,1,5,13,21,10,22],[13,21,9,5,17,1,10,23,22],[9,13,21,1,17,5,22,18,10,20,12],[13,1,21,9,5,17,10,22],[13,1,9,5,17,21,22,18,10,20,12],[21,1,9,13,17,5,22,18,10,20,12],[5,17,1,13,21,9,22,18,10,12,20],[17,9,13,5,21,1,22,10],[17,9,5,13,21,1,10,24],[17,9,13,1,5,21,22,18,10,12,20],[21,17,5,13,9,1,10,22],[9,13,17,1,5,21,22,10],[13,17,9,5,21,1,22,10],[5,17,9,21,1,13,22,10],[17,5,9,1,13,21,10,22],[1,13,17,9,21,5,10,22],[5,21,17,1,9,13,22,10],[5,13,17,1,21,9,22,10],[1,17,9,21,5,13,22,10],[9,1,21,5,13,17,10,22],[17,9,5,13,1,21,22,10],[13,5,17,9,21,1,10,22],[1,13,9,5,17,21,10,24],[17,13,1,9,5,21,22,10],[21,9,13,5,17,1,22,10],[13,9,1,5,17,21,22,10],[13,21,9,5,1,17,22,18,10,12,20],[13,5,21,1,9,17,22,10],[17,1,9,13,5,21,10,23,22],[9,17,13,5,1,21,22,10],[9,21,5,17,13,1,10,24],[1,21,17,13,5,9,10,22],[13,21,17,9,1,5,10,22],[13,9,1,21,5,17,10,23,22],[5,13,1,17,21,9,10,22],[9,13,5,17,1,21,10,22],[9,13,1,17,21,5,22,18,10,20,12],[1,17,13,9,5,21,10,24],[9,5,21,1,17,13,10,23,22],[5,1,21,17,9,13,10,24],[13,1,21,5,17,9,10,22],[9,5,1,21,17,13,22,10],[5,1,13,21,17,9,22,10],[13,17,1,5,9,21,10,24],[17,1,9,13,5,21,22,18,10,20,12],[5,9,13,17,21,1,22,18,10,20,12],[17,21,5,9,1,13,10,22],[9,1,5,17,13,21,10,23,22],[9,21,5,13,1,17,22,10],[21,9,13,17,5,1,22,18,10,12,20],[9,17,5,1,21,13,22,18,10,12,20],[13,21,9,17,5,1,10,22],[9,5,17,1,13,21,10,22],[9,21,5,1,17,13,10,23,22],[21,13,9,17,5,1,22,18,10,20,12],[13,5,9,21,1,17,10,22],[17,1,13,9,5,21,22,18,10,20,12],[21,5,13,9,17,1,10,22],[1,9,5,17,21,13,22,10],[1,17,21,9,5,13,10,22],[17,5,1,21,13,9,22,10],[17,13,5,1,21,9,10,24],[17,13,21,9,1,5,22,10],[17,21,1,5,9,13,10,22],[17,21,9,1,13,5,10,22],[1,17,5,13,9,21,10,22],[5,21,9,17,1,13,22,10],[9,1,5,13,17,21,22,10],[5,1,9,21,13,17,22,18,10,12,20],[9,17,1,13,21,5,22,10],[21,17,1,5,9,13,22,18,10,12,20],[17,9,13,1,21,5,22,18,10,12,20],[13,5,9,21,17,1,10,24],[9,5,13,1,17,21,10,22],[21,5,17,1,9,13,10,22],[13,9,5,17,21,1,10,24],[9,17,5,1,13,21,10,23,24],[5,9,17,13,1,21,22,10],[13,5,21,9,17,1,10,22],[9,1,13,17,5,21,22,10],[5,13,21,9,17,1,22,18,10,12,20],[13,5,21,17,9,1,22,18,10,12,20],[21,17,13,5,1,9,22,10],[1,21,13,17,5,9,22,10],[5,17,9,21,13,1,22,10],[9,17,1,13,5,21,22,10],[1,5,21,13,9,17,10,22],[13,9,21,1,17,5,22,18,10,12,20],[5,21,1,13,17,9,22,10],[5,1,21,17,9,13,10,22],[13,9,1,21,17,5,22,10],[9,5,13,17,21,1,10,23,22],[13,21,5,1,17,9,10,23,22],[9,13,17,21,5,1,22,10],[17,5,13,1,9,21,10,24],[5,21,1,13,9,17,22,18,10,12,19,20],[13,1,5,17,9,21,10,22],[5,21,1,13,17,9,22,18,10,20,12],[21,13,5,9,17,1,10,22],[5,13,1,17,21,9,10,22],[17,1,9,5,21,13,22,18,10,20,12],[21,9,13,5,1,17,10,22],[5,9,17,21,1,13,22,18,10,12,20],[5,9,13,1,21,17,22,18,10,12,20],[13,21,1,5,17,9,22,18,10,12,20],[9,13,21,5,1,17,10,22],[5,21,9,17,1,13,22,18,10,20,12],[21,1,17,13,5,9,22,10],[17,1,21,13,5,9,10,22],[1,21,9,13,5,17,10,22],[5,9,1,17,21,13,10,23,22],[5,9,1,17,13,21,10,22],[9,21,13,17,1,5,10,24],[5,21,1,9,17,13,10,22],[1,13,5,21,17,9,22,18,10,20,12],[17,9,13,5,21,1,22,10],[1,13,5,9,17,21,10,23,22],[9,5,1,21,17,13,22,10],[5,13,9,21,1,17,22,10],[9,13,21,5,1,17,22,18,10,20,12],[21,1,13,17,9,5,10,22],[21,9,13,17,5,1,22,18,10,12,20],[1,13,9,5,17,21,10,22],[21,17,9,13,1,5,10,22],[17,9,5,13,21,1,10,24],[21,17,13,1,9,5,10,24],[17,9,21,1,5,13,10,24],[13,17,9,21,5,1,10,22],[13,17,9,1,5,21,22,18,10,12,20],[17,13,5,21,9,1,10,22],[17,1,21,9,5,13,10,24],[17,13,1,9,5,21,10,22],[17,9,5,1,13,21,10,22],[9,13,5,1,21,17,22,10],[9,21,1,17,5,13,22,10],[9,5,1,21,13,17,10,23,22],[1,17,9,5,21,13,10,23,24],[13,1,9,21,5,17,10,22],[17,5,21,9,1,13,22,10],[5,17,1,13,9,21,22,18,10,19,12,20],[13,17,5,21,9,1,22,10],[17,13,5,9,21,1,22,10],[5,21,17,9,1,13,22,10],[5,9,1,21,13,17,22,10],[1,17,9,13,21,5,22,10],[13,9,1,17,5,21,10,22],[5,21,13,17,9,1,10,23,22],[9,21,13,1,5,17,10,22],[17,13,9,21,1,5,22,10],[5,13,17,9,21,1,22,18,10,20,12],[1,5,21,17,13,9,10,22],[5,17,13,21,1,9,22,18,10,12,20],[17,1,5,21,13,9,10,24],[5,9,13,21,1,17,10,22],[1,21,17,13,9,5,22,10],[1,13,9,5,21,17,22,18,10,20,12],[9,17,1,21,5,13,10,22],[9,17,1,21,13,5,22,10],[13,9,5,21,17,1,22,10],[1,5,17,9,13,21,22,10],[13,1,21,9,5,17,10,24],[1,13,9,5,17,21,10,22],[9,13,21,1,5,17,10,22],[13,1,21,9,5,17,10,22],[9,17,13,1,21,5,22,10],[5,17,21,13,9,1,10,23,22],[13,9,5,21,1,17,10,22],[17,1,9,5,13,21,22,18,10,20,12],[21,5,13,1,9,17,22,18,10,20,12],[21,17,9,13,1,5,22,10],[13,9,17,21,1,5,22,10],[1,13,21,17,5,9,10,24],[17,5,13,9,1,21,22,18,10,20,12],[17,9,21,5,13,1,22,18,10,20,12],[1,5,13,17,9,21,10,22],[9,17,1,5,13,21,22,18,10,20,12],[5,9,21,17,1,13,22,10],[21,9,1,5,17,13,10,22],[13,17,21,5,1,9,10,22],[1,5,9,17,13,21,22,18,10,12,19,20],[1,9,5,17,13,21,10,22],[9,17,13,5,21,1,10,22],[1,17,9,5,13,21,10,24],[13,1,5,21,17,9,22,10],[17,9,13,5,21,1,10,24],[5,17,9,13,21,1,10,24],[5,17,9,21,13,1,10,22],[9,17,5,13,21,1,22,10],[1,9,21,17,5,13,10,24],[13,1,9,5,21,17,22,10],[17,21,5,9,1,13,22,10],[17,9,5,13,1,21,22,10],[9,5,17,21,1,13,22,10],[5,1,21,17,13,9,10,22],[21,5,13,1,9,17,10,22],[17,5,9,1,21,13,22,10],[13,1,5,9,21,17,10,22],[17,9,1,13,21,5,10,22],[21,5,13,1,9,17,22,18,10,20,12],[1,9,13,17,21,5,22,10],[5,21,1,17,9,13,22,10],[21,9,13,17,1,5,22,18,10,20,12],[1,13,9,21,17,5,10,22],[17,13,9,1,21,5,10,24],[5,9,13,17,1,21,22,18,10,12,20],[13,1,9,17,21,5,22,10],[17,9,5,1,21,13,22,18,10,20,12],[9,21,17,13,5,1,10,22],[21,13,17,1,5,9,10,22],[17,13,5,21,9,1,22,18,10,20,12],[13,17,21,9,1,5,22,18,10,20,12],[13,5,21,9,1,17,22,18,10,20,12],[1,17,13,5,9,21,22,18,10,12,20],[17,9,21,1,5,13,10,23,24],[1,13,9,17,5,21,22,10],[1,13,5,21,17,9,22,10],[1,5,13,17,9,21,22,18,10,20,12],[21,13,17,9,5,1,10,22],[9,13,1,21,17,5,22,18,10,20,12],[9,17,1,21,5,13,10,22],[21,1,5,9,17,13,10,22],[9,1,17,21,5,13,10,24],[13,5,21,1,9,17,22,18,10,12,20],[17,21,13,9,5,1,10,23,22],[17,21,13,1,9,5,22,10],[5,17,9,13,21,1,22,10],[21,9,5,1,13,17,22,10],[5,9,17,1,21,13,10,22],[9,1,21,17,5,13,10,22],[5,21,9,17,1,13,22,18,10,20,12],[5,13,17,21,9,1,10,22],[1,5,17,21,9,13,10,22],[1,5,13,17,21,9,22,10],[21,9,1,17,13,5,10,22],[5,9,21,13,17,1,22,18,10,20,12],[17,21,5,9,1,13,22,18,10,20,12],[5,1,13,17,21,9,10,22],[21,9,13,5,17,1,22,18,10,20,12],[5,9,21,17,13,1,22,18,10,12,20],[5,1,13,9,17,21,10,23,22],[1,21,9,13,5,17,22,10],[13,17,5,21,9,1,22,10],[9,13,5,1,21,17,10,24],[17,5,21,1,9,13,10,23,22],[13,1,9,21,17,5,10,22],[9,17,21,5,1,13,10,22],[21,17,1,5,13,9,10,24],[5,21,13,1,9,17,10,22],[5,17,9,13,1,21,22,18,10,20,12],[1,9,5,13,21,17,10,22],[21,9,1,17,13,5,10,22],[9,5,21,13,17,1,22,10],[17,5,9,1,13,21,10,22],[5,1,13,17,21,9,10,22],[5,17,21,1,9,13,10,24],[21,1,9,17,13,5,22,18,10,20,12],[13,21,5,17,1,9,10,23,22],[21,13,9,1,5,17,22,10],[9,1,13,21,17,5,10,24],[1,5,13,17,9,21,22,18,10,12,20],[21,17,9,5,13,1,10,23,22],[5,17,21,1,9,13,22,18,10,20,12],[5,1,21,9,17,13,10,23,22],[21,13,17,5,9,1,10,22],[17,13,5,9,1,21,10,24],[1,13,5,21,9,17,10,22],[5,17,13,21,9,1,10,22],[21,5,1,17,13,9,22,18,10,20,12],[21,17,5,13,9,1,22,10],[13,21,17,5,9,1,10,22],[1,13,21,17,5,9,10,23,24],[17,5,13,9,1,21,10,22],[1,13,17,21,9,5,22,10],[17,13,5,1,21,9,10,22],[5,13,9,21,17,1,10,24],[17,1,5,13,9,21,22,18,10,20,12],[9,5,1,17,13,21,10,23,22],[17,1,13,9,5,21,22,10],[9,13,21,17,1,5,22,18,10,12,20],[1,17,9,21,13,5,22,18,10,20,12],[13,1,21,5,17,9,10,22],[17,1,5,9,21,13,10,22],[13,17,9,5,21,1,10,24],[13,5,21,1,9,17,22,10],[13,21,9,5,1,17,10,22],[5,13,1,21,9,17,10,22],[17,1,13,9,21,5,22,18,10,12,20],[13,5,17,9,1,21,22,18,10,12,20],[17,13,5,21,1,9,10,22],[9,1,21,5,17,13,10,22],[17,1,21,9,5,13,22,18,10,12,20],[5,17,21,13,1,9,10,24],[21,9,13,17,5,1,22,18,10,20,12],[9,1,17,5,21,13,10,22],[13,9,17,5,21,1,10,24],[9,5,1,17,21,13,10,22],[13,21,9,17,5,1,22,10],[17,21,9,5,13,1,10,22],[1,21,9,17,5,13,22,10],[17,1,13,5,9,21,10,22],[9,21,5,17,1,13,10,23,22],[13,1,9,5,17,21,22,10],[21,1,17,13,9,5,22,18,10,20,12],[21,17,5,9,13,1,22,18,10,12,20],[21,13,1,17,5,9,22,10],[1,13,17,9,5,21,10,22],[17,5,21,1,9,13,10,22],[1,17,13,21,5,9,10,22],[9,21,1,17,5,13,22,10],[13,9,5,1,21,17,10,22],[21,5,13,1,17,9,10,22],[5,9,17,21,13,1,22,10],[5,21,13,17,9,1,22,18,10,12,20],[17,21,5,1,13,9,10,22],[9,21,5,13,1,17,10,22],[1,17,21,9,5,13,10,24],[17,5,21,1,13,9,10,22],[5,9,21,1,17,13,10,23,22],[5,9,17,1,21,13,22,10],[1,9,21,5,13,17,22,10],[1,13,21,17,5,9,10,24],[17,1,5,13,9,21,10,24],[21,5,9,1,13,17,10,22],[9,5,17,13,1,21,22,18,10,12,20],[9,5,21,1,17,13,10,22],[9,5,17,21,1,13,22,18,10,20,12],[5,17,9,13,21,1,22,10],[5,21,17,13,9,1,10,22],[17,1,5,9,21,13,10,22],[17,13,9,21,1,5,22,10],[9,1,17,21,13,5,10,23,24],[5,1,9,17,13,21,10,22],[5,21,9,17,13,1,10,22],[5,1,13,9,17,21,10,23,22],[9,1,21,5,13,17,22,18,10,12,20],[9,13,1,5,21,17,22,10],[5,9,21,13,1,17,10,22],[21,5,13,17,1,9,10,24],[13,21,1,9,17,5,10,22],[9,17,21,13,5,1,22,18,10,20,12],[17,1,9,13,5,21,10,22],[21,13,5,17,1,9,10,22],[1,21,9,13,17,5,22,18,10,20,12],[9,17,21,13,5,1,22,10],[1,21,13,17,9,5,22,10],[5,9,1,17,13,21,22,10],[21,1,9,13,17,5,10,22],[5,13,17,9,1,21,22,10],[21,1,13,17,9,5,10,22],[5,9,17,21,1,13,10,22],[9,5,21,1,13,17,22,10],[5,9,17,1,13,21,22,18,10,20,12],[17,5,1,9,21,13,22,10],[13,21,5,17,9,1,22,18,10,20,12],[1,21,13,9,17,5,10,22],[5,9,1,21,13,17,22,18,10,20,12],[9,17,21,5,13,1,22,10],[1,17,13,21,9,5,10,22],[5,9,21,17,1,13,22,10],[13,5,1,17,21,9,22,18,10,20,12],[9,21,13,1,17,5,10,22],[17,9,21,13,5,1,10,23,22],[1,9,5,17,13,21,22,18,10,12,20],[13,21,5,17,1,9,22,18,10,20,12],[5,9,17,13,21,1,22,10],[17,5,13,9,21,1,10,23,24],[17,1,21,13,5,9,10,22],[17,1,13,9,21,5,10,23,22],[5,13,21,9,17,1,22,18,10,12,20],[5,9,21,13,1,17,22,18,10,12,20],[5,21,13,1,17,9,22,10],[5,17,1,21,9,13,22,18,10,20,12],[21,5,9,17,13,1,10,22],[21,17,9,5,13,1,10,22],[13,17,21,5,9,1,10,23,22],[1,5,9,17,13,21,10,24],[9,21,13,5,1,17,22,18,10,20,12],[13,17,21,1,5,9,22,18,10,12,19,20],[13,5,9,1,17,21,10,24],[1,21,9,17,13,5,10,22],[1,5,21,13,17,9,22,18,10,12,20],[1,21,9,13,17,5,22,10],[21,17,9,13,5,1,22,18,10,12,20],[21,13,1,9,5,17,10,24],[13,9,17,5,1,21,22,18,10,12,20],[13,9,1,17,21,5,22,18,10,20,12],[21,9,17,13,1,5,10,23,24],[17,5,9,21,13,1,10,23,24],[21,17,9,13,5,1,10,22],[13,9,17,21,5,1,22,10],[5,13,17,21,1,9,22,10],[17,5,13,1,9,21,22,18,10,12,20],[13,17,1,5,9,21,22,10],[5,1,13,21,9,17,10,22],[1,9,5,21,13,17,22,18,10,12,20],[17,13,5,21,1,9,10,24],[1,13,9,21,17,5,22,10],[21,17,5,9,13,1,22,10],[9,5,21,1,13,17,10,22],[17,9,5,21,13,1,10,22],[21,17,5,1,13,9,10,22],[9,17,13,21,5,1,22,18,10,12,20],[17,9,5,13,21,1,10,22],[13,5,17,1,21,9,22,18,10,12,19,20],[9,21,5,1,13,17,22,18,10,20,12],[21,5,13,1,9,17,22,10],[9,21,17,1,13,5,10,24],[17,5,9,13,21,1,10,22],[1,9,17,13,21,5,22,10],[5,1,9,13,21,17,22,18,10,20,12],[21,17,5,9,1,13,10,22],[5,1,21,9,13,17,10,22],[1,13,5,17,9,21,10,22],[5,9,1,13,17,21,10,22],[17,13,5,21,9,1,10,22],[9,21,5,1,17,13,10,23,22],[21,5,17,9,13,1,10,24],[21,13,17,1,9,5,10,22],[1,17,9,21,13,5,22,18,10,20,12],[5,17,1,9,13,21,10,22],[21,1,13,17,5,9,10,23,24],[1,21,9,17,5,13,10,22],[1,21,9,13,5,17,22,10],[1,17,21,9,13,5,22,18,10,12,20],[5,21,9,17,13,1,10,23,22],[17,9,21,13,5,1,10,22],[5,17,21,1,13,9,10,22],[9,1,21,17,13,5,10,23,22],[13,9,5,17,21,1,22,18,10,20,12],[1,21,17,13,9,5,22,10],[13,9,5,21,17,1,10,22],[5,17,13,9,21,1,22,10],[9,21,17,5,1,13,22,18,10,20,12],[21,9,13,17,5,1,22,18,10,20,12],[9,21,13,17,1,5,10,22],[17,13,1,21,5,9,10,22],[1,5,13,9,21,17,22,18,10,20,12],[21,17,13,9,1,5,22,10],[5,21,17,13,9,1,22,10],[13,9,5,17,1,21,10,24],[5,13,9,21,17,1,22,10],[17,1,5,9,21,13,22,10],[9,5,17,1,13,21,10,24],[13,5,1,17,9,21,10,22],[21,13,17,9,1,5,10,22],[17,5,21,13,1,9,10,22],[1,17,5,9,21,13,22,18,10,12,20],[1,5,21,13,17,9,10,22],[1,9,17,21,5,13,10,22],[17,13,5,21,9,1,10,24],[9,13,17,1,21,5,10,22],[1,9,5,13,21,17,22,18,10,12,20],[5,9,21,17,1,13,22,18,10,20,12],[1,21,13,17,9,5,22,18,10,12,20],[21,9,13,1,17,5,10,22],[9,5,17,1,21,13,22,10],[13,17,5,1,9,21,10,24],[9,21,5,17,13,1,10,24],[9,1,13,17,5,21,10,22],[9,5,17,13,1,21,10,23,22],[5,13,9,1,21,17,10,24],[1,17,9,21,13,5,22,18,10,12,20],[21,17,1,5,9,13,10,22],[9,13,1,21,17,5,10,22],[21,13,9,17,5,1,22,18,10,20,12],[9,5,13,1,17,21,10,22],[21,5,9,17,1,13,10,24],[21,17,1,9,13,5,10,22],[13,21,1,17,5,9,10,22],[13,21,17,5,1,9,10,22],[17,9,13,1,5,21,10,22],[9,5,13,17,1,21,10,24],[21,1,13,5,17,9,10,24],[5,9,21,17,1,13,10,23,22],[5,13,1,21,9,17,10,23,22],[5,13,21,9,1,17,22,18,10,12,20],[5,13,17,9,21,1,10,22],[13,17,21,9,1,5,22,18,10,20,12],[1,9,13,5,17,21,22,10],[1,17,21,9,13,5,10,22],[5,17,13,1,9,21,22,10],[17,13,5,9,21,1,22,18,10,20,12],[5,13,17,21,9,1,10,23,22],[21,13,9,1,17,5,10,22],[5,9,13,17,1,21,22,18,10,20,12],[9,13,21,17,5,1,10,22],[21,17,1,9,13,5,10,24],[5,21,13,9,17,1,22,10],[1,17,21,9,13,5,10,24],[21,9,13,1,5,17,22,10],[13,1,5,9,17,21,22,18,10,20,12],[21,1,5,9,13,17,22,10],[5,1,21,17,9,13,10,24],[1,5,17,13,21,9,22,10],[21,13,5,1,9,17,22,10],[17,9,21,13,1,5,22,10],[1,5,21,9,17,13,22,18,10,20,12],[17,9,13,21,5,1,22,10],[21,17,5,9,1,13,10,22],[9,5,21,1,17,13,10,22],[1,9,21,5,17,13,22,18,10,20,12],[17,21,9,1,5,13,22,10],[17,9,13,21,5,1,10,22],[17,5,21,1,9,13,10,24],[1,9,21,17,13,5,10,22],[1,5,17,21,13,9,22,10],[1,5,17,13,9,21,22,18,10,12,20],[21,5,13,1,17,9,10,22],[9,21,13,5,1,17,22,10],[5,1,17,13,9,21,22,10],[5,17,13,9,21,1,10,22],[5,21,13,1,9,17,22,10],[9,21,1,13,5,17,10,22],[13,9,1,5,17,21,10,24],[9,13,21,1,17,5,22,18,10,20,12],[1,13,21,17,5,9,22,18,10,12,20],[9,5,21,13,17,1,10,22],[1,21,13,9,5,17,10,22],[1,17,9,13,5,21,22,10],[1,17,5,21,13,9,22,18,10,12,20],[21,17,1,9,5,13,22,10],[21,13,5,17,9,1,22,10],[9,5,21,13,17,1,10,22],[5,1,9,21,13,17,10,22],[21,13,9,5,17,1,10,22],[5,1,21,9,17,13,22,10],[9,13,5,21,1,17,22,18,10,12,20],[9,21,1,13,5,17,22,10],[1,5,21,9,17,13,10,24],[21,13,17,5,1,9,10,24],[13,9,21,17,1,5,10,22],[21,13,9,17,1,5,10,22],[9,5,21,13,1,17,22,18,10,12,20],[5,21,9,17,1,13,10,22],[17,9,5,13,21,1,22,10],[1,21,17,5,9,13,10,22],[17,9,5,21,1,13,10,22],[13,1,21,5,9,17,10,22],[17,1,9,13,5,21,22,18,10,20,12],[9,1,17,5,13,21,22,18,10,12,20],[1,17,21,9,13,5,10,22],[1,5,17,13,21,9,22,10],[21,13,1,9,5,17,22,18,10,12,20],[17,13,5,9,21,1,22,18,10,20,12],[21,1,13,9,5,17,22,10],[9,13,1,21,5,17,22,10],[17,13,5,9,21,1,22,10],[1,9,13,21,5,17,10,22],[1,9,13,21,5,17,22,18,10,20,12],[5,17,13,21,9,1,10,22],[9,17,1,13,21,5,22,10],[21,5,1,9,17,13,22,10],[13,9,21,5,1,17,10,24],[13,1,9,21,5,17,10,24],[17,13,1,5,21,9,10,24],[1,17,21,9,13,5,10,22],[21,1,13,5,9,17,22,10],[9,17,21,13,1,5,10,22],[9,21,1,17,5,13,10,24],[17,1,13,9,21,5,10,22],[5,9,13,21,1,17,10,22],[9,21,17,13,5,1,10,22],[1,13,9,5,21,17,22,18,10,20,12],[13,21,9,17,5,1,22,10],[17,5,13,1,21,9,10,22],[1,17,5,13,9,21,10,23,22],[21,13,5,1,9,17,22,18,10,19,12,20],[13,5,17,21,1,9,10,24],[1,9,5,13,21,17,22,18,10,20,12],[1,9,17,13,5,21,10,22],[13,5,21,17,9,1,22,18,10,20,12],[5,9,1,13,17,21,10,23,22],[1,17,5,21,9,13,10,23,22],[9,21,17,5,13,1,22,18,10,12,20],[1,9,21,13,5,17,10,24],[13,21,17,9,1,5,10,22],[5,17,1,21,9,13,22,18,10,12,20],[17,21,1,13,9,5,10,23,22],[13,21,17,9,1,5,22,10],[21,17,5,1,13,9,22,18,10,20,12],[5,1,17,21,13,9,10,24],[5,21,17,13,1,9,10,22],[5,17,13,1,21,9,10,22],[17,5,9,1,21,13,22,10],[5,13,9,17,21,1,22,10],[17,13,5,1,21,9,10,22],[21,13,9,5,1,17,22,10],[5,1,13,17,9,21,10,22],[9,13,17,21,5,1,10,22],[9,17,1,5,13,21,22,18,10,12,20],[13,17,1,9,21,5,22,10],[5,17,13,21,1,9,10,22],[17,5,1,21,9,13,10,22],[21,13,1,9,5,17,10,22],[5,21,17,13,9,1,22,10],[5,21,13,9,1,17,22,18,10,12,20],[21,5,1,17,9,13,22,10],[1,17,21,5,13,9,10,22],[9,21,5,13,1,17,22,18,10,20,12],[21,13,1,9,5,17,22,10],[21,1,17,13,9,5,10,22],[17,5,1,21,9,13,22,18,10,12,20],[1,13,17,9,21,5,22,10],[21,13,1,9,17,5,22,10],[17,13,9,21,5,1,10,22],[13,17,21,5,9,1,10,24],[5,17,9,21,13,1,22,10],[5,13,1,21,9,17,22,10],[13,9,21,17,1,5,22,10],[9,13,5,17,21,1,22,18,10,12,20],[21,9,5,17,13,1,10,22],[1,9,5,17,21,13,22,18,10,20,12],[17,21,5,13,9,1,22,10],[5,21,17,9,13,1,10,24],[21,1,9,13,17,5,10,23,22],[1,9,13,21,5,17,22,18,10,12,20],[5,1,9,21,17,13,10,22],[5,13,17,1,21,9,22,10],[9,21,17,1,13,5,22,18,10,12,20],[21,5,13,17,1,9,22,10],[1,17,9,21,13,5,22,18,10,12,20],[17,13,5,1,21,9,22,10],[1,21,17,9,5,13,10,22],[13,21,5,17,1,9,22,10],[17,9,13,5,21,1,22,10],[5,13,9,21,17,1,22,18,10,12,20],[21,9,13,1,5,17,22,18,10,20,12],[13,9,5,17,21,1,22,10],[5,13,9,21,17,1,22,10],[21,17,1,13,5,9,22,10],[17,9,5,1,21,13,10,22],[17,21,1,5,13,9,10,22],[1,9,5,21,13,17,22,18,10,20,12],[1,21,9,17,13,5,10,22],[21,5,1,17,9,13,10,23,24],[5,1,9,17,21,13,22,18,10,20,12],[13,5,17,1,21,9,10,24],[17,13,21,9,1,5,22,18,10,20,12],[9,13,1,17,21,5,22,18,10,20,12],[21,9,13,5,17,1,22,18,10,20,12],[1,17,5,9,13,21,10,22],[13,1,9,17,5,21,10,24],[17,1,21,5,13,9,22,18,10,20,12],[21,1,17,5,9,13,22,10],[9,21,1,5,13,17,22,18,10,12,20],[1,5,13,9,21,17,10,22],[5,17,1,13,9,21,10,24],[9,1,17,21,5,13,10,22],[9,17,13,21,5,1,22,10],[21,17,1,13,9,5,10,22],[13,9,1,5,21,17,10,22],[21,5,1,17,13,9,22,10],[9,1,17,21,5,13,10,24],[13,21,17,1,5,9,10,22],[1,9,13,5,17,21,22,18,10,12,20],[1,13,9,21,17,5,10,24],[1,21,13,17,9,5,22,10],[13,1,17,5,9,21,22,18,10,12,20],[5,13,1,21,17,9,10,22],[5,1,21,9,13,17,22,18,10,12,19,20],[13,21,1,17,9,5,10,24],[21,17,13,1,5,9,22,18,10,20,12],[5,21,17,9,13,1,22,10],[13,17,1,21,9,5,22,10],[5,9,13,17,1,21,10,22],[9,5,17,13,21,1,22,10],[5,21,13,1,9,17,22,10],[13,1,21,5,17,9,22,18,10,12,20],[5,1,17,13,9,21,22,10],[13,1,21,5,9,17,10,22],[5,1,13,17,21,9,22,10],[5,21,13,1,17,9,22,18,10,20,12],[13,17,5,1,9,21,22,10],[21,9,5,17,1,13,22,18,10,20,12],[9,13,21,5,17,1,22,10],[13,17,21,5,1,9,10,22],[17,9,21,13,1,5,10,24],[21,1,13,9,5,17,22,10],[21,9,13,17,1,5,10,24],[13,5,17,1,21,9,10,23,22],[17,9,1,21,5,13,22,18,10,12,20],[5,17,21,1,9,13,10,24],[17,5,21,1,9,13,10,22],[17,13,9,1,21,5,22,18,10,12,20],[5,1,21,13,17,9,22,10],[9,1,13,5,17,21,10,23,22],[21,17,5,13,9,1,22,10],[1,17,9,13,21,5,10,22],[21,5,1,13,17,9,10,22],[5,17,21,9,13,1,22,18,10,12,20],[13,9,5,1,21,17,10,24],[21,5,9,17,1,13,10,24],[21,5,9,17,1,13,22,10],[21,13,17,9,5,1,22,18,10,20,12],[1,5,9,17,13,21,22,18,10,20,12],[21,13,1,9,5,17,22,18,10,20,12],[9,13,1,21,17,5,10,22],[5,13,1,17,21,9,22,10],[9,5,21,13,1,17,10,23,22],[17,13,1,21,9,5,10,22],[9,5,1,17,21,13,22,18,10,11,20,12],[1,5,13,9,21,17,10,22],[17,1,13,21,9,5,22,18,10,20,12],[5,9,1,17,13,21,10,24],[1,5,21,9,13,17,10,24],[1,5,21,17,13,9,10,22],[1,13,21,9,17,5,22,10],[13,9,21,17,5,1,10,22],[9,13,17,5,1,21,10,24],[1,21,13,17,9,5,10,24],[9,21,1,5,17,13,10,24],[13,5,9,21,1,17,22,10],[1,17,9,5,21,13,22,10],[5,17,9,21,1,13,22,10],[17,1,9,13,21,5,22,10],[5,1,13,21,9,17,10,22],[13,5,9,1,21,17,22,10],[1,5,13,17,21,9,22,10],[21,17,5,13,9,1,10,22],[17,13,21,1,5,9,10,22],[13,1,17,21,5,9,22,10],[13,17,21,5,1,9,10,22],[17,21,13,1,5,9,10,22],[17,9,21,1,5,13,22,10],[1,9,5,21,17,13,10,22],[13,1,9,17,5,21,10,23,22],[13,17,1,5,9,21,10,22],[5,13,17,1,9,21,22,10],[17,13,5,21,1,9,22,18,10,12,20],[5,1,9,17,13,21,10,22],[1,17,5,21,13,9,22,18,10,12,20],[17,21,13,5,1,9,10,22],[21,5,13,9,17,1,10,22],[9,1,5,17,21,13,10,24],[17,1,9,5,21,13,22,10],[5,9,21,1,17,13,22,18,10,12,20],[9,5,17,13,1,21,22,18,10,20,12],[5,13,17,21,1,9,10,23,22],[9,21,1,17,5,13,10,22],[13,5,21,17,9,1,10,22],[1,21,17,13,5,9,22,18,10,12,20],[13,9,21,17,5,1,22,18,10,20,12],[9,21,17,1,13,5,22,18,10,12,20],[21,13,9,17,1,5,22,18,10,12,20],[21,17,13,1,5,9,10,22],[5,1,21,9,13,17,22,18,10,20,12],[1,9,17,5,21,13,10,23,22],[9,5,1,13,21,17,10,22],[5,1,17,21,9,13,22,10],[5,1,9,21,17,13,22,18,10,12,20],[9,17,1,13,5,21,10,24],[1,5,13,17,21,9,22,18,10,12,20],[9,13,17,21,5,1,22,10],[13,5,17,21,1,9,22,18,10,20,12],[21,1,5,9,17,13,22,18,10,12,19,20],[9,13,1,21,17,5,10,23,22],[1,17,21,13,5,9,22,18,10,12,20],[9,21,13,1,5,17,22,18,10,12,20],[9,17,13,21,5,1,22,10],[21,5,1,17,9,13,10,24],[9,13,21,1,5,17,22,18,10,20,12],[21,17,1,13,5,9,10,22],[5,13,17,1,21,9,10,24],[21,17,9,5,13,1,10,24],[9,17,5,1,13,21,10,23,24],[13,21,1,5,9,17,10,24],[17,13,9,1,5,21,22,18,10,20,12],[17,21,9,1,13,5,10,22],[1,9,13,17,21,5,22,18,10,20,12],[17,9,1,13,21,5,22,10],[13,21,9,1,17,5,22,18,10,12,20],[1,21,17,9,5,13,22,18,10,12,20],[21,17,13,5,9,1,10,22],[5,1,17,21,9,13,10,22],[13,17,21,5,1,9,22,10],[17,1,5,9,13,21,22,18,10,12,20],[17,9,13,5,1,21,10,24],[1,5,9,13,17,21,10,22],[17,21,5,9,13,1,22,10],[17,21,5,1,9,13,22,18,10,20,12],[9,21,13,1,5,17,22,18,10,12,20],[17,21,9,5,13,1,10,22],[17,1,5,13,9,21,10,22],[21,1,13,9,5,17,22,10],[1,13,9,17,5,21,22,10],[5,21,1,17,13,9,22,18,10,12,20],[13,9,17,1,5,21,22,18,10,12,20],[13,21,17,5,1,9,22,18,10,12,20],[9,21,1,5,13,17,22,10],[9,21,5,1,17,13,10,22],[9,1,21,13,5,17,10,22],[9,21,1,13,17,5,22,18,10,12,20],[21,9,17,1,13,5,10,22],[5,21,17,1,13,9,10,22],[21,9,1,5,13,17,22,10],[17,5,13,9,1,21,22,10],[13,21,5,17,9,1,10,22],[9,21,5,1,13,17,10,22],[5,17,21,13,9,1,22,18,10,12,20],[9,5,17,21,13,1,22,18,10,20,12],[9,21,17,1,5,13,22,18,10,12,20],[17,9,5,1,21,13,22,18,10,20,12],[13,5,21,1,17,9,10,22],[13,5,1,21,17,9,22,18,10,12,20],[17,13,9,5,21,1,10,24],[21,17,1,5,9,13,22,10],[21,1,13,5,17,9,22,10],[13,9,21,17,5,1,22,10],[13,5,9,21,17,1,22,18,10,12,20],[17,9,21,13,5,1,22,10],[9,5,1,17,21,13,10,22],[5,21,13,9,17,1,10,22],[5,1,17,9,21,13,22,18,10,20,12],[9,5,17,13,21,1,22,10],[21,1,5,17,9,13,22,18,10,12,20],[21,1,13,9,5,17,22,18,10,12,20],[21,17,1,5,9,13,10,24],[17,1,5,13,21,9,10,22],[9,1,13,5,17,21,10,22],[9,13,21,1,5,17,22,10],[9,5,13,1,17,21,22,18,10,12,20],[1,17,21,5,9,13,10,22],[9,5,1,17,13,21,10,22],[13,5,17,1,9,21,22,18,10,20,12],[1,9,17,13,21,5,22,10],[1,5,17,13,21,9,22,10],[21,17,5,9,13,1,10,23,22],[9,13,1,21,5,17,22,10],[9,5,21,1,17,13,22,18,10,20,12],[1,17,21,5,9,13,22,10],[1,21,17,5,9,13,10,22],[13,21,5,17,9,1,22,10],[1,21,17,5,9,13,22,10],[9,1,5,13,21,17,22,18,10,12,20],[9,1,13,21,17,5,10,23,22],[1,5,17,21,9,13,22,10],[13,5,21,1,17,9,10,23,22],[13,5,1,21,17,9,22,18,10,12,20],[9,17,13,21,5,1,10,22],[21,9,13,17,5,1,22,18,10,20,12],[13,21,1,9,17,5,10,22],[17,9,13,5,1,21,10,22],[13,5,1,17,21,9,22,10],[21,5,13,9,1,17,10,22],[1,13,9,21,17,5,10,22],[5,1,9,21,17,13,10,22],[21,1,17,9,5,13,10,22],[9,21,1,13,17,5,22,18,10,12,20],[13,9,1,5,21,17,22,18,10,20,12],[17,9,21,13,5,1,10,22],[5,1,13,17,21,9,10,22],[1,9,5,21,17,13,10,22],[5,1,9,17,21,13,10,22],[17,21,5,13,1,9,22,10],[1,9,21,5,17,13,22,10],[17,5,13,9,21,1,22,10],[13,21,17,9,1,5,22,18,10,20,12],[9,17,21,13,5,1,22,10],[21,1,9,5,17,13,10,22],[1,21,17,9,5,13,10,22],[1,9,13,5,17,21,22,18,10,20,12],[17,21,5,9,13,1,22,10],[21,9,1,13,17,5,10,24],[9,5,1,13,21,17,10,22],[9,17,1,21,13,5,10,22],[13,9,1,21,17,5,10,24],[17,9,5,1,21,13,22,10],[13,21,17,9,1,5,10,24],[13,21,17,9,5,1,22,18,10,20,12],[21,17,5,1,9,13,10,22]],"n_human":102}