{"problem_id":"E0iow03ugardVta","sigma":75,"alpha":3.162,"cost":0,"probabilities":"[0.3, 0.21, 0.21, 0.28]","payoff_matrix":"[[-50, -82, -78, 13, 29, -52], [-21, -117, -92, -30, -49, -143], [-18, -31, 15, 6, 12, 56], [8, 82, 121, -2, 2, -54]]","uncovered":[[5,13,9,17,21,1,16,20,19,15,18,14,4,24,2],[17,5,9,13,1,21,20,16,14,19,4],[17,5,21,1,9,13,16,20,18,14,19,15,4,24,3],[5,17,21,1,13,9,16,20,14,18,19,15,4,24,3],[5,17,9,1,21,13,20,16,14,18,15,19,4,24,3],[9,5,13,21,17,1,20,16,19,15,14,4],[21,17,5,9,1,13,20,16,19,15,18,14,4,24,3],[1,21,13,5,17,9,20,16,18,15,19,14,4,24,2],[5,13,1,9,21,17,16,20,15,18,19,14,4,24,2],[1,9,21,5,13,17,16,20,19,14,4],[9,5,17,21,13,1,20,16,18,14,19,15,4,24,3],[13,9,17,21,1,5,20,16,18,14,15,19,4,24,3],[13,17,21,5,1,9,20,16,19,14,4],[1,5,13,17,21,9,20,16,15,19,14,4],[17,21,9,13,5,1,20,16,19,15,14,4],[17,5,1,21,13,9,16,20,15,19,14,4],[5,9,1,21,13,17,16,20,14,19,4],[9,21,13,1,5,17,20,16,18,15,14,19,4,24,3],[9,13,5,1,17,21,20,16,18,15,19,14,4,24,3],[9,17,21,1,5,13,16,20,19,14,4],[9,1,13,21,17,5,20,16,18,14,19,15,4,24,3],[1,21,17,13,5,9,20,16,14,18,15,19,4,24,2],[21,5,17,9,1,13,20,16,15,18,19,14,4,24,2],[21,17,13,1,5,9,16,20,19,14,4],[9,5,17,1,21,13,16,20,18,14,15,19,4,24,3],[17,1,5,9,13,21,20,16,19,14,4],[13,17,1,5,21,9,20,16,18,14,15,19,4,24,3],[17,1,21,13,9,5,16,20,19,15,14,4],[1,5,9,17,21,13,20,16,19,14,4],[21,17,5,9,13,1,16,20,19,14,4],[1,9,13,17,21,5,16,20,18,14,19,15,4,24,3],[13,21,1,17,5,9,16,20,19,15,14,4],[9,21,17,1,5,13,16,20,19,15,14,4],[17,13,1,5,9,21,20,16,15,18,14,19,4,24,3],[21,13,1,5,17,9,16,20,15,18,14,19,4,24,2],[5,13,17,21,1,9,16,20,15,19,18,14,4,24,3],[13,17,21,9,1,5,20,16,19,15,18,14,4,24,2],[9,21,17,1,5,13,16,20,15,19,18,14,4,24,2],[9,21,13,1,17,5,16,20,19,14,4],[17,13,5,21,1,9,16,20,19,15,18,14,4,24,2],[17,5,21,9,13,1,16,20,19,14,4],[5,1,13,9,21,17,16,20,19,15,18,14,4,24,2],[9,13,17,5,21,1,20,16,18,14,15,19,4,24,2],[21,5,9,1,13,17,20,16,18,15,19,14,4,24,2],[5,1,17,13,21,9,20,16,18,15,19,14,4,24,3],[9,13,17,1,21,5,16,20,15,19,18,14,4,24,2],[9,17,13,5,1,21,16,20,14,19,4],[17,9,1,21,13,5,20,16,15,18,19,14,4,24,2],[17,13,21,1,5,9,20,16,14,19,4],[5,9,17,13,21,1,16,20,18,14,19,15,4,24,3],[13,21,9,1,5,17,16,20,19,14,4],[21,1,17,13,5,9,16,20,19,14,4],[5,13,9,21,1,17,16,20,15,18,14,19,4,24,3],[1,13,9,5,21,17,20,16,14,19,4],[17,5,21,1,9,13,16,20,19,14,4],[5,13,1,17,9,21,16,20,14,19,4],[5,9,17,13,1,21,16,20,14,19,4],[13,5,21,9,17,1,20,16,19,14,4],[21,5,17,9,13,1,16,20,18,14,19,15,4,24,3],[5,17,1,9,13,21,20,16,18,15,19,14,4,24,2],[9,13,21,5,1,17,16,20,19,15,18,14,4,24,2],[5,17,21,13,9,1,20,16,19,15,14,4],[17,13,5,9,21,1,20,16,19,14,4],[17,1,21,5,13,9,20,16,18,14,19,15,4,24,2],[9,21,5,13,17,1,20,16,14,18,15,19,4,24,3],[17,5,13,21,9,1,20,16,19,14,4],[1,21,9,17,5,13,16,20,14,18,15,19,4,24,3],[1,17,13,21,5,9,16,20,14,19,4],[5,9,13,1,21,17,20,16,19,14,4],[1,5,21,13,17,9,20,16,15,18,14,19,4,24,3],[21,1,13,5,9,17,20,16,15,19,18,14,4,24,2],[17,5,21,9,1,13,16,20,14,18,15,19,4,24,3],[5,1,9,17,21,13,20,16,14,18,19,15,4,24,3],[9,13,21,17,1,5,20,16,19,14,4],[21,9,5,13,17,1,20,16,14,18,15,19,4,24,3],[17,5,13,1,9,21,16,20,14,18,15,19,4,24,3],[21,1,5,13,17,9,20,16,15,19,14,4],[13,21,9,17,1,5,20,16,19,14,4],[9,21,17,13,1,5,20,16,15,19,14,4],[13,21,1,17,9,5,20,16,14,18,15,19,4,24,2],[13,1,5,21,9,17,16,20,19,15,14,4],[13,5,1,17,21,9,20,16,18,15,14,19,4,24,3],[9,17,1,13,21,5,16,20,19,14,4],[1,21,9,13,17,5,16,20,14,18,15,19,4,24,3],[21,1,9,5,13,17,16,20,19,15,18,14,4,24,2],[17,13,9,21,1,5,16,20,19,15,18,14,4,24,3],[1,17,9,5,13,21,20,16,14,19,4],[1,5,13,21,17,9,16,20,18,15,14,19,4,24,2],[13,17,5,1,9,21,16,20,18,15,14,19,4,24,2],[13,17,21,9,5,1,16,20,19,14,4],[5,17,1,13,9,21,20,16,15,19,18,14,4,24,2],[1,5,21,13,17,9,20,16,18,15,14,19,4,24,3],[1,13,9,17,5,21,16,20,15,19,14,4],[5,9,21,13,17,1,20,16,15,19,14,4],[1,21,5,13,9,17,16,20,19,14,4],[9,17,21,13,5,1,16,20,19,15,18,14,4,24,2],[5,9,17,1,13,21,16,20,18,14,15,19,4,24,3],[13,9,5,1,21,17,20,16,19,14,4],[13,1,17,21,5,9,20,16,14,18,15,19,4,24,3],[1,13,17,5,21,9,16,20,14,19,4],[17,21,9,1,5,13,20,16,15,18,14,19,4,24,2],[17,1,13,9,5,21,20,16,19,15,14,4],[9,21,13,1,17,5,20,16,18,15,14,19,4,24,3],[21,1,13,17,9,5,20,16,18,14,19,15,4,24,2],[17,5,13,1,21,9,16,20,14,18,15,19,4,24,2],[13,5,21,17,1,9,20,16,15,19,14,4],[1,5,13,9,17,21,16,20,15,18,19,14,4,24,2],[17,13,9,5,1,21,16,20,14,19,4],[21,9,17,5,13,1,16,20,19,15,18,14,4,24,2],[17,1,21,9,13,5,16,20,15,18,19,14,4,24,2],[21,5,1,17,13,9,20,16,15,19,14,4],[9,13,1,21,5,17,16,20,14,19,4],[17,9,5,1,21,13,20,16,15,19,14,4],[5,1,17,13,9,21,20,16,14,19,4],[1,21,17,5,9,13,16,20,18,14,19,15,4,24,3],[17,13,1,9,5,21,16,20,19,14,4],[5,21,13,17,1,9,20,16,19,15,14,4],[1,13,17,9,21,5,20,16,15,19,14,4],[9,17,21,13,5,1,16,20,14,19,4],[1,17,13,9,21,5,20,16,15,19,14,4],[1,9,5,13,17,21,16,20,15,18,19,14,4,24,2],[9,5,1,17,13,21,20,16,14,19,4],[21,9,13,5,1,17,16,20,15,19,18,14,4,24,3],[9,1,17,21,5,13,20,16,19,14,4],[17,9,13,1,21,5,20,16,18,15,14,19,4,24,3],[5,9,21,1,17,13,20,16,15,18,14,19,4,24,3],[1,21,9,13,17,5,16,20,14,19,4],[21,13,9,17,1,5,20,16,14,19,4],[5,9,1,17,21,13,20,16,18,15,14,19,4,24,3],[17,5,21,9,13,1,16,20,18,15,14,19,4,24,2],[9,21,5,13,1,17,20,16,14,19,4],[13,9,5,1,17,21,16,20,15,19,14,4],[21,1,17,5,13,9,16,20,15,18,14,19,4,24,2],[5,9,21,1,13,17,16,20,18,15,19,14,4,24,3],[17,5,1,21,9,13,20,16,18,15,19,14,4,24,2],[17,9,13,21,5,1,16,20,19,15,14,4],[5,9,1,13,21,17,16,20,18,14,19,15,4,24,2],[9,13,21,5,17,1,20,16,18,14,15,19,4,24,2],[13,5,9,1,21,17,20,16,15,19,14,4],[21,9,5,13,17,1,16,20,18,14,19,15,4,24,2],[17,9,21,1,5,13,16,20,15,19,14,4],[1,9,17,21,13,5,16,20,15,19,18,14,4,24,3],[13,17,9,5,1,21,20,16,18,15,19,14,4,24,2],[9,21,17,13,5,1,16,20,14,18,19,15,4,24,3],[17,5,1,9,21,13,16,20,19,14,4],[17,21,1,13,5,9,16,20,18,15,14,19,4,24,2],[1,5,17,9,13,21,16,20,19,14,4],[5,9,1,21,13,17,16,20,18,14,15,19,4,24,2],[21,1,9,13,5,17,20,16,19,15,18,14,4,24,2],[17,13,5,1,9,21,20,16,15,19,18,14,4,24,2],[13,9,17,21,5,1,20,16,18,14,19,15,4,24,2],[13,5,17,9,1,21,20,16,15,18,19,14,4,24,3],[1,9,5,17,21,13,16,20,19,14,4],[5,21,13,17,1,9,16,20,18,15,14,19,4,24,3],[9,21,1,13,17,5,16,20,18,14,15,19,4,24,2],[5,9,1,17,21,13,20,16,15,19,18,14,4,24,3],[21,13,17,1,5,9,16,20,14,19,4],[21,1,13,5,9,17,20,16,18,14,15,19,4,24,2],[17,21,1,13,9,5,20,16,18,14,15,19,4,24,3],[17,1,5,21,9,13,16,20,15,18,19,14,4,24,2],[9,1,21,13,5,17,20,16,14,18,15,19,4,24,2],[21,13,5,9,17,1,16,20,18,14,15,19,4,24,2],[5,17,1,21,13,9,20,16,15,19,18,14,4,24,2],[9,17,1,5,13,21,16,20,15,18,14,19,4,24,2],[5,1,9,21,17,13,16,20,14,19,4],[13,21,5,17,1,9,20,16,15,18,19,14,4,24,2],[21,17,13,1,5,9,20,16,15,18,19,14,4,24,3],[17,9,13,5,1,21,20,16,15,19,14,4],[5,13,1,9,21,17,16,20,18,15,14,19,4,24,3],[13,17,9,5,21,1,20,16,19,15,18,14,4,24,3],[13,17,5,21,9,1,20,16,19,14,4],[13,1,5,17,21,9,20,16,15,19,14,4],[13,9,1,21,5,17,20,16,19,15,18,14,4,24,2],[1,13,9,5,17,21,16,20,19,14,4],[1,21,5,13,17,9,20,16,18,14,15,19,4,24,3],[21,5,9,13,1,17,20,16,19,15,14,4],[21,13,9,5,1,17,16,20,19,14,4],[13,21,17,9,5,1,20,16,14,19,4],[13,17,5,9,21,1,20,16,18,14,15,19,4,24,3],[1,5,9,17,21,13,16,20,19,15,18,14,4,24,2],[9,13,17,1,5,21,16,20,19,15,18,14,4,24,2],[1,9,13,5,17,21,16,20,15,18,19,14,4,24,3],[5,17,9,13,1,21,20,16,14,18,15,19,4,24,3],[13,9,1,5,17,21,20,16,15,18,14,19,4,24,3],[13,5,21,9,17,1,20,16,14,19,4],[9,17,13,5,1,21,16,20,18,14,19,15,4,24,2],[9,13,21,1,5,17,16,20,18,14,15,19,4,24,3],[1,17,21,9,5,13,16,20,15,19,14,4],[17,5,9,1,21,13,16,20,15,18,14,19,4,24,3],[5,1,21,17,13,9,16,20,14,18,19,15,4,24,3],[9,17,13,5,21,1,16,20,14,18,19,15,4,24,2],[9,17,5,13,1,21,20,16,15,19,14,4],[9,5,13,1,21,17,20,16,19,15,14,4],[17,9,1,13,5,21,20,16,19,15,14,4],[21,17,1,5,9,13,20,16,18,15,19,14,4,24,3],[5,21,9,17,1,13,20,16,14,19,4],[1,5,21,9,13,17,16,20,14,18,19,15,4,24,3],[5,13,17,1,21,9,20,16,19,15,14,4],[17,9,5,1,21,13,16,20,15,19,14,4],[13,9,5,1,21,17,20,16,19,14,4],[21,9,5,17,1,13,16,20,14,19,4],[21,1,13,5,9,17,20,16,14,18,15,19,4,24,3],[13,9,5,17,1,21,16,20,14,19,4],[17,9,5,21,13,1,16,20,14,18,15,19,4,24,2],[9,5,21,1,17,13,20,16,15,19,18,14,4,24,3],[17,21,13,5,9,1,16,20,15,18,19,14,4,24,2],[21,9,1,5,17,13,20,16,19,15,18,14,4,24,3],[5,21,17,1,13,9,16,20,19,15,18,14,4,24,3],[9,17,5,21,13,1,20,16,15,18,14,19,4,24,2],[13,9,5,21,1,17,20,16,19,14,4],[21,9,5,13,17,1,20,16,15,18,14,19,4,24,2],[17,5,13,21,9,1,20,16,14,18,19,15,4,24,3],[9,5,21,13,1,17,20,16,15,18,14,19,4,24,2],[13,17,9,21,1,5,16,20,14,18,19,15,4,24,3],[1,21,17,13,9,5,20,16,14,19,4],[9,21,17,13,5,1,20,16,19,15,18,14,4,24,2],[13,1,5,21,9,17,16,20,18,15,14,19,4,24,3],[5,17,13,9,1,21,16,20,14,18,15,19,4,24,3],[5,1,13,9,17,21,16,20,19,14,4],[9,13,1,17,21,5,16,20,15,19,14],[13,9,21,1,5,17,20,16,19,14,4],[21,1,5,9,13,17,20,16,14,19,4],[17,21,1,9,5,13,16,20,15,19,14,4],[17,21,1,5,13,9,16,20,18,15,14,19,4,24,3],[21,5,9,1,17,13,20,16,14,19,4],[1,5,17,9,21,13,16,20,15,18,19,14,4,24,3],[1,17,21,9,13,5,16,20,15,18,19,14,4,24,2],[17,13,1,5,21,9,16,20,15,18,19,14,4,24,2],[9,13,17,1,5,21,20,16,14,19,4],[13,17,9,1,21,5,16,20,18,14,19,15,4,24,3],[5,1,21,13,9,17,20,16,14,18,15,19,4,24,3],[1,17,5,13,9,21,16,20,15,18,19,14,4,24,2],[21,13,17,1,5,9,20,16,14,18,15,19,4,24,3],[9,5,21,1,13,17,20,16,18,15,14,19,4,24,3],[5,13,9,17,21,1,16,20,15,19,18,14,4,24,3],[1,21,9,5,13,17,20,16,14,19,4],[21,9,5,1,17,13,20,16,18,15,19,14,4,24,2],[13,9,21,1,5,17,20,16,19,14,4],[1,9,13,17,21,5,16,20,15,19,18,14,4,24,3],[13,21,1,9,17,5,16,20,18,14,19,15,4,24,3],[17,21,5,9,1,13,20,16,18,14,19,15,4,24,3],[21,1,9,13,5,17,20,16,18,15,14,19,4,24,2],[13,1,21,9,5,17,16,20,15,18,14,19,4,24,3],[21,17,13,5,9,1,16,20,15,18,19,14,4,24,3],[5,1,9,21,17,13,16,20,14,19,4],[5,1,17,21,13,9,16,20,15,19,14],[5,13,9,17,1,21,16,20,18,14,15,19,4,24,3],[1,9,5,13,21,17,20,16,18,15,19,14,4,24,2],[9,5,17,21,13,1,20,16,14,18,15,19,4,24,2],[5,17,1,21,9,13,16,20,19,15,14,4],[17,13,1,21,5,9,20,16,18,14,19,15,4,24,3],[21,13,9,5,1,17,20,16,14,18,15,19,4,24,2],[1,9,17,13,5,21,20,16,15,19,18,14,4,24,2],[9,17,1,21,13,5,20,16,18,15,19,14,4,24,2],[1,17,13,21,5,9,16,20,19,15,18,14,4,24,3],[1,5,17,9,13,21,20,16,18,14,15,19,4,24,2],[13,17,1,5,9,21,16,20,19,15,14,4],[13,5,21,17,1,9,16,20,19,14,4],[9,13,17,21,5,1,16,20,14,19,4],[5,13,1,9,21,17,16,20,15,19,18,14,4,24,2],[21,5,9,17,13,1,16,20,19,14,4],[9,17,13,21,1,5,16,20,14,19,4],[5,9,17,21,13,1,20,16,14,19,4],[9,5,13,21,1,17,20,16,19,14,4],[13,5,9,21,17,1,16,20,14,19,4],[21,17,1,13,5,9,16,20,18,14,19,15,4,24,2],[21,13,1,17,9,5,16,20,14,19,4],[9,13,21,5,17,1,20,16,19,15,18,14,4,24,2],[9,13,17,5,21,1,16,20,14,19,4],[5,17,9,13,21,1,20,16,15,18,19,14,4,24,3],[1,17,21,5,9,13,16,20,19,14,4],[1,13,9,17,21,5,20,16,19,15,18,14,4,24,3],[5,17,13,9,21,1,20,16,14,18,15,19,4,24,2],[17,1,5,13,21,9,16,20,18,15,14,19,4,24,3],[21,1,13,5,9,17,20,16,19,14,4],[21,13,5,17,1,9,20,16,18,15,14,19,4,24,2],[9,21,1,5,17,13,16,20,14,18,19,15,4,24,3],[21,9,1,13,17,5,16,20,18,14,19,15,4,24,2],[21,17,13,9,1,5,20,16,15,18,14,19,4,24,3],[21,17,9,13,5,1,16,20,18,14,15,19,4,24,3],[21,17,9,1,5,13,20,16,15,19,14,4],[13,5,1,21,17,9,20,16,19,15,14,4],[17,21,1,9,13,5,20,16,18,15,19,14,4,24,3],[13,5,1,17,21,9,20,16,18,15,14,19,4,24,2],[9,17,5,21,13,1,16,20,15,18,14,19,4,24,2],[1,5,21,17,9,13,20,16,18,14,15,19,4,24,2],[13,9,21,5,1,17,20,16,19,15,14,4],[9,13,17,21,5,1,16,20,14,19,4],[9,1,17,21,5,13,20,16,15,18,14,19,4,24,2],[13,1,17,5,21,9,20,16,15,19,18,14,4,24,3],[17,1,13,5,21,9,16,20,15,18,14,19,4,24,3],[13,17,5,9,1,21,16,20,19,14,4],[1,9,13,21,5,17,16,20,14,18,19,15,4,24,3],[9,17,5,1,13,21,20,16,18,14,19,15,4,24,3],[17,21,13,1,5,9,20,16,15,18,19,14,4,24,2],[13,9,5,17,21,1,16,20,15,19,14,4],[9,17,5,13,1,21,16,20,14,19,4],[17,21,1,9,5,13,20,16,14,18,15,19,4,24,2],[17,21,9,1,13,5,16,20,18,14,19,15,4,24,2],[5,9,21,13,17,1,16,20,18,15,19,14,4,24,2],[9,1,21,17,5,13,16,20,19,14,4],[1,9,13,17,5,21,16,20,14,18,15,19,4,24,3],[9,21,17,5,1,13,16,20,14,19,4],[5,1,13,21,17,9,20,16,15,19,14,4],[13,9,1,17,21,5,20,16,18,15,19,14,4,24,3],[13,1,21,17,5,9,20,16,15,19,14,4],[13,5,9,21,17,1,16,20,18,15,14,19,4,24,2],[13,5,17,9,1,21,20,16,19,14,4],[17,1,21,13,5,9,16,20,18,15,19,14,4,24,3],[9,17,21,1,13,5,20,16,15,19,18,14,4,24,3],[9,5,1,13,17,21,16,20,15,19,18,14,4,24,2],[9,13,5,21,1,17,16,20,14,18,15,19,4,24,3],[5,17,9,21,13,1,16,20,19,14,4],[17,9,1,5,21,13,20,16,14,18,15,19,4,24,2],[17,1,21,9,13,5,16,20,14,18,15,19,4,24,3],[1,21,17,13,5,9,16,20,19,15,18,14,4,24,2],[1,5,21,13,17,9,16,20,18,14,15,19,4,24,3],[17,1,13,21,9,5,16,20,14,18,19,15,4,24,3],[1,5,21,13,17,9,20,16,15,19,14,4],[21,17,13,5,1,9,20,16,15,18,14,19,4,24,2],[5,1,17,21,13,9,20,16,15,19,18,14,4,24,2],[9,17,1,21,13,5,20,16,14,18,19,15,4,24,2],[5,17,13,9,21,1,16,20,18,15,19,14,4,24,2],[9,5,17,13,21,1,16,20,15,19,18,14,4,24,2],[17,1,13,9,21,5,16,20,18,14,15,19,4,24,3],[13,9,21,5,17,1,16,20,18,15,14,19,4,24,2],[21,13,17,9,5,1,20,16,18,15,14,19,4,24,2],[21,5,1,17,9,13,16,20,19,15,14,4],[17,13,9,21,5,1,16,20,15,18,19,14,4,24,3],[13,17,21,1,5,9,20,16,14,19,4],[13,5,21,9,1,17,20,16,18,14,15,19,4,24,2],[1,13,5,9,21,17,16,20,18,15,14,19,4,24,2],[1,9,5,17,13,21,20,16,18,15,19,14,4,24,2],[9,13,21,17,1,5,20,16,18,14,15,19,4,24,3],[9,21,1,5,17,13,20,16,18,15,14,19,4,24,3],[21,17,1,5,9,13,20,16,15,18,19,14,4,24,2],[21,13,1,5,17,9,20,16,18,14,15,19,4,24,2],[5,17,13,9,1,21,20,16,19,15,14,4],[13,1,17,21,9,5,20,16,18,15,14,19,4,24,2],[21,13,1,5,9,17,16,20,14,19,4],[9,1,21,17,5,13,20,16,18,14,15,19,4,24,2],[13,17,21,1,5,9,16,20,18,15,19,14,4,24,2],[1,21,9,5,13,17,16,20,15,19,14,4],[21,17,1,13,9,5,16,20,14,18,19,15,4,24,2],[5,13,17,21,1,9,16,20,14,18,19,15,4,24,3],[21,5,9,1,13,17,20,16,19,14,4],[5,9,13,21,17,1,16,20,15,19,18,14,4,24,2],[9,17,21,13,1,5,16,20,19,14,4],[5,17,1,13,9,21,20,16,19,15,14,4],[1,9,21,13,5,17,16,20,19,15,18,14,4,24,2],[21,13,9,5,17,1,20,16,18,14,15,19,4,24,3],[17,21,5,9,13,1,20,16,19,15,18,14,4,24,2],[5,13,1,9,21,17,20,16,18,15,19,14,4,24,3],[1,13,21,9,5,17,20,16,15,19,18,14,4,24,2],[5,1,13,9,17,21,16,20,14,18,19,15,4,24,2],[21,1,13,5,17,9,20,16,14,18,19,15,4,24,3],[21,5,13,17,9,1,16,20,15,19,14,4],[1,13,17,21,5,9,16,20,19,14,4],[17,21,5,1,9,13,20,16,19,14,4],[9,13,17,1,5,21,16,20,14,18,19,15,4,24,2],[13,9,1,17,21,5,16,20,15,18,14,19,4,24,3],[1,13,17,5,9,21,20,16,18,14,19,15,4,24,3],[9,17,21,13,1,5,16,20,19,15,14,4],[17,5,21,9,13,1,20,16,18,14,19,15,4,24,3],[21,5,13,17,9,1,20,16,18,15,19,14,4,24,2],[1,5,9,17,21,13,16,20,15,18,14,19,4,24,2],[5,13,9,21,17,1,16,20,18,15,14,19,4,24,3],[9,1,13,21,17,5,20,16,18,15,14,19,4,24,2],[21,13,17,5,9,1,20,16,15,18,14,19,4,24,3],[13,21,5,9,17,1,20,16,15,19,14,4],[9,13,21,5,17,1,20,16,19,15,14,4],[21,17,5,13,9,1,16,20,19,15,18,14,4,24,2],[1,17,5,13,9,21,16,20,19,14,4],[9,13,5,1,21,17,20,16,19,14,4],[17,13,9,21,5,1,20,16,18,14,15,19,4,24,2],[5,17,9,1,13,21,20,16,19,14,4],[21,9,17,1,13,5,16,20,18,15,19,14,4,24,3],[5,21,17,13,9,1,20,16,19,14,4],[9,21,17,5,13,1,16,20,19,14,4],[9,1,13,5,17,21,16,20,15,19,18,14,4,24,3],[21,9,13,1,17,5,16,20,18,15,19,14,4,24,3],[13,21,5,9,17,1,16,20,18,15,14,19,4,24,2],[17,13,1,21,5,9,16,20,15,18,14,19,4,24,3],[9,17,1,5,21,13,16,20,14,18,19,15,4,24,2],[5,21,9,1,17,13,20,16,14,19,4],[17,9,13,5,1,21,16,20,18,14,19,15,4,24,2],[5,1,17,21,9,13,20,16,19,14,4],[9,17,5,13,1,21,16,20,14,19,4],[5,9,17,21,1,13,16,20,15,18,19,14,4,24,3],[1,5,13,21,17,9,16,20,18,14,19,15,4,24,2],[21,13,9,5,1,17,20,16,19,14,4],[21,17,9,13,1,5,20,16,15,19,18,14,4,24,2],[5,9,17,21,1,13,16,20,15,18,19,14,4,24,3],[13,17,21,1,9,5,16,20,18,15,14,19,4,24,2],[21,9,5,17,1,13,16,20,19,14,4],[17,21,13,9,5,1,20,16,14,19,4],[9,5,21,1,17,13,16,20,14,18,19,15,4,24,2],[17,5,13,9,1,21,16,20,19,14,4],[17,5,9,13,1,21,20,16,15,19,18,14,4,24,3],[13,5,1,17,21,9,16,20,18,14,15,19,4,24,3],[17,1,21,5,13,9,16,20,15,18,19,14,4,24,3],[1,17,21,5,13,9,20,16,15,19,14,4],[21,17,5,9,1,13,16,20,18,15,19,14,4,24,2],[17,1,21,9,13,5,20,16,18,15,14,19,4,24,2],[9,5,13,1,21,17,20,16,18,14,15,19,4,24,3],[1,21,13,9,17,5,20,16,19,14,4],[21,1,5,13,17,9,20,16,15,18,14,19,4,24,3],[5,21,13,1,17,9,16,20,15,18,14,19,4,24,3],[1,5,21,9,13,17,20,16,15,18,14,19,4,24,2],[5,9,17,21,1,13,20,16,19,15,18,14,4,24,3],[13,17,9,1,21,5,20,16,19,14,4],[21,1,17,13,5,9,16,20,19,14,4],[17,21,1,13,5,9,16,20,14,18,19,15,4,24,2],[21,13,5,1,9,17,16,20,14,18,15,19,4,24,2],[9,17,13,21,5,1,20,16,14,18,15,19,4,24,3],[1,17,5,13,21,9,20,16,18,14,15,19,4,24,2],[5,1,17,21,9,13,20,16,14,19,4],[17,9,5,1,21,13,16,20,19,14,4],[1,9,13,17,21,5,20,16,14,19,4],[21,13,1,17,5,9,16,20,18,15,14,19,4,24,2],[13,17,5,21,1,9,16,20,14,19,4],[21,1,17,13,5,9,20,16,18,15,19,14,4,24,3],[1,21,5,9,17,13,16,20,18,14,19,15,4,24,2],[17,9,5,13,21,1,16,20,14,19,4],[13,21,9,17,1,5,16,20,18,15,19,14,4,24,2],[17,21,1,13,9,5,20,16,14,19,4],[9,13,1,5,17,21,20,16,14,19,4],[21,5,9,13,1,17,16,20,15,18,19,14,4,24,3],[21,13,17,5,9,1,16,20,14,19,4],[17,5,21,1,13,9,16,20,18,14,19,15,4,24,3],[5,1,17,21,13,9,16,20,19,15,14,4],[5,13,21,17,1,9,20,16,18,15,14,19,4,24,2],[13,17,1,21,5,9,16,20,15,18,19,14,4,24,2],[1,21,9,17,5,13,16,20,18,14,15,19,4,24,2],[13,17,1,5,21,9,16,20,15,19,18,14,4,24,3],[17,21,9,5,13,1,20,16,18,14,15,19,4,24,3],[5,13,17,21,1,9,16,20,19,14,4],[17,21,5,9,13,1,16,20,19,14,4],[17,21,1,9,13,5,16,20,18,15,19,14,4,24,2],[13,21,9,1,5,17,20,16,15,18,14,19,4,24,3],[17,1,9,5,13,21,20,16,14,19,4],[13,1,17,21,5,9,20,16,19,14,4],[9,1,13,21,17,5,16,20,19,15,18,14,4,24,3],[1,13,21,5,17,9,20,16,14,18,15,19,4,24,2],[17,1,21,9,5,13,16,20,18,14,15,19,4,24,2],[1,21,17,13,5,9,16,20,15,18,19,14,4,24,2],[5,21,17,1,13,9,16,20,15,19,14,4],[21,9,1,17,5,13,16,20,14,19,4],[21,5,1,13,17,9,16,20,14,19,4],[5,21,13,17,1,9,20,16,19,15,14,4],[9,5,21,17,13,1,20,16,19,14,4],[17,1,13,5,9,21,16,20,19,15,14,4],[5,13,17,1,21,9,20,16,15,19,14,4],[13,9,17,5,1,21,20,16,15,19,18,14,4,24,3],[17,5,13,1,9,21,16,20,15,19,14,4],[5,21,1,17,13,9,20,16,14,18,19,15,4,24,2],[13,17,5,1,21,9,16,20,14,19,4],[9,5,17,1,13,21,20,16,14,18,15,19,4,24,3],[9,17,1,13,5,21,16,20,19,15,14,4],[17,21,1,13,9,5,20,16,19,14,4],[17,9,13,21,5,1,20,16,14,18,19,15,4,24,2],[1,21,5,9,17,13,16,20,18,14,15,19,4,24,3],[21,1,17,5,9,13,20,16,14,18,15,19,4,24,2],[13,9,5,21,17,1,20,16,15,18,14,19,4,24,3],[9,21,13,5,1,17,16,20,18,14,19,15,4,24,2],[1,21,5,9,17,13,16,20,18,15,19,14,4,24,2],[13,9,1,5,17,21,16,20,18,14,19,15,4,24,2],[17,13,21,9,1,5,16,20,18,14,15,19,4,24,3],[5,1,21,9,13,17,16,20,19,14,4],[1,5,9,17,13,21,16,20,15,19,18,14,4,24,2],[1,5,21,17,13,9,16,20,19,14,4],[17,9,13,1,21,5,16,20,15,18,14,19,4,24,2],[1,17,13,9,21,5,20,16,18,15,14,19,4,24,3],[13,17,1,5,9,21,16,20,19,15,18,14,4,24,3],[1,9,21,5,13,17,16,20,19,14,4],[13,9,1,21,5,17,20,16,18,14,19,15,4,24,2],[21,9,1,13,5,17,20,16,14,18,19,15,4,24,3],[21,5,17,13,9,1,20,16,14,19,4],[5,21,17,9,1,13,20,16,14,18,19,15,4,24,2],[13,17,9,1,5,21,16,20,19,15,18,14,4,24,3],[1,17,13,5,9,21,20,16,18,15,19,14,4,24,3],[21,13,9,1,5,17,20,16,15,18,14,19,4,24,3],[21,9,17,5,1,13,16,20,19,14,4],[21,13,9,1,17,5,16,20,18,15,14,19,4,24,3],[17,5,9,1,13,21,20,16,18,15,19,14,4,24,2],[1,21,17,13,5,9,16,20,15,18,19,14,4,24,2],[1,9,5,13,21,17,16,20,19,14,4],[17,21,5,1,9,13,16,20,19,15,14,4],[17,13,9,5,1,21,20,16,19,15,18,14,4,24,3],[17,21,13,9,1,5,16,20,18,14,15,19,4,24,2],[5,21,13,1,17,9,20,16,14,19,4],[5,1,21,17,13,9,20,16,18,14,19,15,4,24,2],[17,21,5,1,9,13,16,20,18,14,15,19,4,24,3],[13,17,5,1,21,9,16,20,19,15,14,4],[13,5,1,9,21,17,20,16,18,14,15,19,4,24,3],[9,5,21,1,17,13,16,20,19,15,18,14,4,24,2],[1,17,9,13,21,5,20,16,19,15,18,14,4,24,3],[1,9,5,21,17,13,20,16,18,14,15,19,4,24,3],[1,9,17,5,21,13,20,16,19,14,4],[9,13,5,17,21,1,20,16,14,18,15,19,4,24,3],[9,13,1,17,5,21,16,20,19,14,4],[13,17,1,5,9,21,16,20,15,18,19,14,4,24,2],[1,5,17,13,9,21,20,16,15,18,19,14,4,24,3],[5,21,9,1,17,13,16,20,19,15,14,4],[21,9,1,13,5,17,16,20,15,18,19,14,4,24,3],[17,5,9,1,13,21,20,16,14,19,4],[13,17,5,9,21,1,16,20,14,19,4],[9,13,21,1,17,5,16,20,15,18,14,19,4,24,2],[1,17,13,21,5,9,16,20,14,18,15,19,4,24,3],[9,13,1,21,17,5,20,16,18,14,15,19,4,24,3],[21,5,1,9,17,13,20,16,14,19,4],[13,5,9,1,17,21,16,20,15,18,19,14,4,24,3],[17,9,1,5,13,21,16,20,19,14,4],[5,1,21,9,13,17,16,20,14,18,15,19,4,24,2],[17,9,13,1,5,21,16,20,18,15,19,14,4,24,3],[13,9,1,5,21,17,20,16,14,19,4],[13,5,17,9,1,21,16,20,19,15,14,4],[5,13,17,21,9,1,20,16,18,15,19,14,4,24,3],[21,13,5,9,17,1,16,20,15,18,19,14,4,24,2],[9,13,1,21,17,5,16,20,14,19,4],[21,5,1,17,9,13,20,16,18,15,14,19,4,24,2],[1,9,13,21,17,5,16,20,18,14,19,15,4,24,3],[1,21,13,9,5,17,16,20,15,18,14,19,4,24,2],[9,13,1,17,21,5,20,16,15,18,19,14,4,24,2],[5,1,9,17,13,21,20,16,19,15,14,4],[9,17,13,5,1,21,16,20,15,18,14,19,4,24,2],[13,5,9,17,1,21,20,16,14,18,19,15,4,24,3],[13,5,17,1,21,9,20,16,19,14,4],[13,21,17,1,5,9,20,16,19,15,18,14,4,24,3],[17,1,21,9,13,5,20,16,19,14,4],[21,9,13,5,1,17,20,16,15,18,14,19,4,24,2],[9,17,5,21,13,1,20,16,18,14,15,19,4,24,2],[17,9,21,1,5,13,20,16,14,19,4],[5,13,17,1,9,21,20,16,15,18,14,19,4,24,3],[21,17,13,5,1,9,20,16,19,15,18,14,4,24,2],[9,13,5,17,21,1,20,16,14,19,4],[5,1,9,13,17,21,20,16,14,18,19,15,4,24,2],[9,1,21,17,5,13,16,20,15,18,14,19,4,24,2],[21,1,13,5,9,17,16,20,19,14,4],[17,13,21,5,1,9,16,20,15,19,18,14,4,24,2],[21,13,9,5,17,1,20,16,19,14,4],[21,1,17,9,13,5,16,20,18,15,19,14,4,24,2],[5,1,9,21,13,17,16,20,15,18,19,14,4,24,3],[13,5,17,9,1,21,20,16,15,18,19,14,4,24,3],[9,21,17,13,5,1,20,16,15,18,14,19,4,24,2],[17,9,21,5,13,1,20,16,19,14,4],[17,1,13,5,21,9,16,20,15,19,14,4],[21,5,9,17,1,13,16,20,15,19,18,14,4,24,3],[5,13,1,17,9,21,20,16,19,15,14,4],[13,17,21,1,9,5,20,16,15,19,18,14,4,24,2],[13,9,21,5,17,1,16,20,15,19,18,14,4,24,2],[21,9,1,5,13,17,20,16,19,14,4],[5,13,17,9,1,21,20,16,19,14,4],[5,9,17,13,1,21,20,16,19,14,4],[13,17,21,9,1,5,20,16,15,19,14,4],[17,1,9,21,13,5,20,16,19,15,18,14,4,24,2],[17,1,13,5,9,21,20,16,18,15,19,14,4,24,3],[5,13,21,17,9,1,20,16,14,18,19,15,4,24,3],[5,21,1,17,13,9,16,20,19,14,4],[1,17,21,13,9,5,20,16,18,14,19,15,4,24,3],[13,5,9,21,1,17,20,16,14,18,15,19,4,24,2],[21,1,9,5,13,17,16,20,14,18,15,19,4,24,3],[17,21,9,1,13,5,16,20,18,15,14,19,4,24,2],[9,17,13,5,1,21,16,20,14,19,4],[17,5,21,13,9,1,16,20,18,14,15,19,4,24,2],[17,9,1,5,13,21,20,16,18,14,15,19,4,24,3],[1,5,9,13,21,17,20,16,15,19,18,14,4,24,3],[1,21,17,9,5,13,20,16,14,18,15,19,4,24,2],[1,21,5,9,17,13,16,20,15,18,19,14,4,24,2],[1,9,21,5,17,13,20,16,19,14,4],[21,9,13,1,5,17,16,20,14,19,4],[1,21,17,13,5,9,16,20,15,18,19,14,4,24,2],[1,9,21,17,13,5,20,16,19,14,4],[17,21,5,1,9,13,20,16,19,14,4],[5,9,13,21,17,1,16,20,19,14,4],[5,13,17,21,9,1,16,20,15,18,14,19,4,24,2],[21,5,1,17,9,13,20,16,19,14,4],[5,1,21,9,17,13,16,20,14,18,19,15,4,24,2],[5,9,13,1,17,21,20,16,14,18,19,15,4,24,3],[13,9,21,1,5,17,16,20,14,18,15,19,4,24,3],[1,21,13,5,9,17,20,16,15,18,14,19,4,24,2],[17,9,21,5,1,13,16,20,18,15,14,19,4,24,3],[17,13,1,5,9,21,16,20,18,14,19,15,4,24,3],[5,9,13,17,1,21,16,20,15,18,14,19,4,24,3],[9,17,13,1,5,21,16,20,19,15,18,14,4,24,3],[13,5,21,9,17,1,16,20,18,15,14,19,4,24,2],[1,13,17,9,21,5,20,16,18,15,19,14,4,24,2],[5,13,9,17,1,21,20,16,15,19,14,4],[9,21,17,1,5,13,20,16,18,15,19,14,4,24,2],[9,21,13,17,5,1,16,20,19,15,18,14,4,24,2],[13,9,17,21,1,5,20,16,18,15,14,19,4,24,2],[13,17,1,9,21,5,20,16,19,15,14,4],[9,21,17,13,1,5,16,20,15,19,14,4],[13,17,9,1,5,21,20,16,14,19,4],[13,1,5,17,21,9,20,16,14,18,15,19,4,24,2],[9,1,13,21,5,17,20,16,15,19,14,4],[21,17,5,9,13,1,16,20,15,18,19,14,4,24,3],[21,17,9,1,13,5,16,20,19,15,14,4],[9,17,5,13,21,1,16,20,14,19,4],[21,1,5,13,9,17,20,16,15,18,14,19,4,24,3],[1,17,13,5,9,21,16,20,18,15,19,14,4,24,3],[13,9,21,17,1,5,20,16,14,19,4],[9,1,5,13,17,21,16,20,18,14,19,15,4,24,3],[1,13,5,17,9,21,20,16,15,18,19,14,4,24,3],[9,21,5,13,17,1,16,20,18,14,19,15,4,24,3],[1,5,9,21,13,17,20,16,19,15,14,4],[17,13,5,21,1,9,20,16,19,15,14,4],[1,9,21,5,17,13,20,16,15,19,14,4],[17,21,9,1,5,13,20,16,18,15,14,19,4,24,2],[13,21,9,17,1,5,20,16,19,14,4],[9,13,5,1,17,21,20,16,19,15,18,14,4,24,3],[5,13,1,9,17,21,16,20,18,15,19,14,4,24,3],[13,9,21,1,17,5,16,20,19,14,4],[21,5,13,17,1,9,16,20,15,19,18,14,4,24,2],[9,1,13,5,17,21,20,16,18,14,15,19,4,24,2],[21,5,9,1,13,17,20,16,19,15,18,14,4,24,2],[13,17,5,9,21,1,20,16,14,19,4],[17,21,1,5,13,9,20,16,14,19,4],[9,21,1,5,13,17,16,20,15,19,14,4],[13,17,5,9,21,1,20,16,15,18,14,19,4,24,2],[1,5,21,17,9,13,20,16,15,19,14,4],[5,9,21,17,13,1,20,16,14,19,4],[1,17,5,9,21,13,16,20,15,19,14,4],[5,21,17,1,9,13,16,20,15,18,19,14,4,24,2],[1,17,5,13,9,21,16,20,15,18,14,19,4,24,2],[9,21,13,17,1,5,16,20,18,15,14,19,4,24,2],[21,17,5,13,1,9,20,16,14,18,19,15,4,24,2],[9,1,13,21,17,5,20,16,15,18,19,14,4,24,2],[17,13,1,21,5,9,20,16,18,15,14,19,4,24,3],[21,1,9,5,17,13,20,16,18,15,19,14,4,24,3],[1,13,9,17,21,5,16,20,18,15,14,19,4,24,3],[9,13,17,5,21,1,20,16,18,14,15,19,4,24,3],[1,17,5,13,21,9,16,20,19,15,14,4],[5,9,1,13,21,17,20,16,19,15,14,4],[9,17,1,21,13,5,20,16,19,14,4],[5,21,1,13,17,9,16,20,19,15,18,14,4,24,2],[1,9,17,5,21,13,16,20,14,19,4],[17,5,9,21,1,13,16,20,14,18,19,15,4,24,2],[21,1,17,5,9,13,20,16,14,18,15,19,4,24,3],[1,5,9,17,21,13,20,16,15,19,14,4],[21,13,9,17,5,1,16,20,19,15,14,4],[17,13,5,1,21,9,16,20,14,19,4],[5,17,13,21,9,1,16,20,14,18,19,15,4,24,2],[9,5,21,13,17,1,16,20,18,14,15,19,4,24,2],[5,17,21,13,1,9,20,16,14,18,19,15,4,24,3],[5,1,13,21,17,9,20,16,14,18,15,19,4,24,2],[5,17,21,9,13,1,20,16,15,19,14,4],[9,13,1,21,5,17,20,16,15,19,18,14,4,24,2],[13,9,17,1,21,5,20,16,15,18,19,14,4,24,3],[5,9,17,13,21,1,20,16,15,19,14,4],[1,13,9,17,5,21,20,16,19,15,14,4],[5,21,13,17,9,1,20,16,18,14,15,19,4,24,2],[17,5,13,21,9,1,20,16,18,15,14,19,4,24,3],[17,9,21,13,1,5,20,16,19,15,14,4],[5,21,1,13,17,9,16,20,18,15,14,19,4,24,3],[1,5,17,13,9,21,16,20,14,19,4],[17,5,1,9,13,21,16,20,14,18,15,19,4,24,2],[1,13,17,5,21,9,16,20,14,19,4],[9,21,1,13,5,17,16,20,19,14,4],[1,17,9,5,13,21,16,20,18,15,19,14,4,24,2],[1,9,21,5,17,13,20,16,18,15,14,19,4,24,3],[1,9,5,17,13,21,20,16,14,19,4],[1,9,17,21,13,5,20,16,15,18,19,14,4,24,2],[17,13,21,9,1,5,16,20,15,18,19,14,4,24,2],[1,21,5,9,17,13,20,16,19,15,18,14,4,24,3],[1,21,5,17,13,9,16,20,15,19,14,4],[1,21,13,17,5,9,20,16,15,19,14,4],[9,21,5,1,13,17,20,16,15,19,18,14,4,24,3],[5,13,1,21,9,17,16,20,14,19,4],[17,21,1,13,5,9,16,20,14,19,4],[9,21,17,5,13,1,20,16,18,15,14,19,4,24,2],[21,5,9,17,13,1,20,16,15,19,18,14,4,24,3],[13,1,17,5,21,9,20,16,18,14,19,15,4,24,3],[13,5,9,17,1,21,16,20,15,19,14,4],[21,1,13,9,17,5,16,20,14,19,4],[9,5,21,1,13,17,16,20,14,19,4],[9,5,17,21,13,1,20,16,18,14,19,15,4,24,3],[17,1,5,9,21,13,16,20,18,14,19,15,4,24,3],[1,5,13,17,21,9,16,20,19,15,18,14,4,24,3],[1,13,9,21,17,5,20,16,19,14,4],[17,13,21,9,5,1,16,20,14,19,4],[13,21,17,9,5,1,20,16,18,15,19,14,4,24,2],[17,13,21,9,1,5,16,20,19,15,18,14,4,24,3],[5,1,13,21,17,9,16,20,15,19,14,4],[5,9,1,21,13,17,20,16,14,19,4],[1,17,9,5,13,21,16,20,14,19,4],[17,1,9,5,21,13,16,20,15,18,14,19,4,24,2],[9,17,1,5,21,13,16,20,18,14,15,19,4,24,2],[9,17,13,1,21,5,20,16,15,19,18,14,4,24,2],[21,1,5,9,13,17,20,16,15,19,18,14,4,24,2],[1,13,9,17,21,5,20,16,15,18,19,14,4,24,3],[21,5,17,13,9,1,20,16,19,14,4],[9,1,21,5,17,13,20,16,19,14,4],[1,9,5,21,13,17,20,16,15,18,19,14,4,24,3],[9,5,21,13,1,17,16,20,18,15,14,19,4,24,3],[5,21,9,13,17,1,16,20,18,15,19,14,4,24,3],[13,1,9,17,5,21,16,20,19,15,14,4],[1,9,21,5,17,13,16,20,19,14,4],[5,9,13,17,21,1,16,20,19,15,18,14,4,24,2],[21,9,13,1,5,17,16,20,14,19,4],[9,17,5,13,1,21,20,16,15,19,18,14,4,24,2],[9,1,5,13,21,17,16,20,15,18,14,19,4,24,2],[21,1,9,13,5,17,20,16,15,19,18,14,4,24,2],[5,1,21,9,17,13,20,16,15,19,14,4],[1,5,9,21,17,13,16,20,19,14,4],[13,17,1,21,5,9,20,16,14,19,4],[13,5,17,1,9,21,20,16,19,15,18,14,4,24,2],[21,13,5,9,1,17,16,20,18,14,15,19,4,24,2],[1,13,9,5,17,21,20,16,19,15,14,4],[5,13,9,21,17,1,16,20,18,15,14,19,4,24,3],[9,1,13,5,17,21,16,20,18,15,19,14,4,24,3],[17,9,13,1,21,5,16,20,15,19,14,4],[21,9,1,5,13,17,20,16,19,14,4],[9,5,21,13,17,1,20,16,19,15,18,14,4,24,3],[5,1,13,9,17,21,16,20,18,14,19,15,4,24,3],[9,17,21,1,13,5,20,16,18,15,14,19,4,24,3],[13,17,9,21,5,1,16,20,15,18,19,14,4,24,2],[5,1,9,21,17,13,16,20,18,15,19,14,4,24,2],[21,9,5,17,13,1,20,16,14,18,15,19,4,24,3],[17,9,13,1,21,5,20,16,19,14,4],[1,13,17,5,21,9,20,16,14,19,4],[13,5,9,21,17,1,16,20,15,18,14,19,4,24,2],[21,17,5,13,9,1,20,16,15,18,19,14,4,24,3],[9,5,13,21,1,17,20,16,15,18,14,19,4,24,3],[1,17,5,21,13,9,20,16,14,18,19,15,4,24,3],[17,5,9,1,13,21,20,16,14,18,19,15,4,24,2],[13,5,21,9,17,1,16,20,15,19,14,4],[9,17,13,1,21,5,16,20,14,19,4],[9,13,17,21,5,1,16,20,14,19,4],[17,21,5,13,9,1,16,20,19,14,4],[17,1,9,21,13,5,16,20,19,14,4],[21,13,1,17,5,9,20,16,18,14,19,15,4,24,2],[5,1,13,9,21,17,16,20,18,14,15,19,4,24,3],[1,17,13,21,9,5,20,16,14,18,19,15,4,24,3],[17,21,5,13,1,9,20,16,15,18,14,19,4,24,3],[21,5,13,9,17,1,16,20,14,19,4],[21,5,1,13,17,9,16,20,14,19,4],[1,21,9,13,17,5,16,20,15,19,18,14,4,24,3],[17,21,9,5,13,1,16,20,19,14,4],[5,21,17,9,1,13,20,16,18,14,15,19,4,24,2],[17,5,21,9,13,1,16,20,14,19,4],[1,9,5,21,17,13,20,16,15,18,19,14,4,24,3],[5,13,21,17,1,9,16,20,15,18,14,19,4,24,3],[13,5,21,1,9,17,16,20,18,14,19,15,4,24,2],[17,1,5,9,13,21,20,16,15,19,14,4],[17,5,9,21,13,1,16,20,19,14,4],[13,9,5,17,1,21,16,20,18,14,19,15,4,24,2],[21,5,9,13,17,1,16,20,18,14,15,19,4,24,2],[5,17,9,21,13,1,16,20,19,14,4],[17,21,5,9,13,1,20,16,15,19,18,14,4,24,2],[13,5,21,17,9,1,20,16,19,14,4],[1,13,9,21,5,17,20,16,19,15,18,14,4,24,2],[5,9,1,13,21,17,16,20,19,14,4],[17,1,21,13,5,9,16,20,18,15,19,14,4,24,3],[21,1,5,17,9,13,20,16,15,19,14,4],[1,17,9,13,5,21,20,16,14,19,4],[1,9,5,13,21,17,20,16,15,18,19,14,4,24,2],[17,13,9,5,21,1,20,16,15,18,19,14,4,24,3],[1,13,5,17,21,9,20,16,15,18,14,19,4,24,3],[13,17,21,5,1,9,16,20,19,15,18,14,4,24,3],[21,9,5,1,13,17,20,16,19,14,4],[1,21,17,5,9,13,20,16,19,14,4],[13,21,1,5,9,17,20,16,14,18,15,19,4,24,3],[9,5,13,1,17,21,16,20,15,19,14,4],[5,9,21,17,13,1,16,20,18,15,14,19,4,24,2],[13,21,17,1,5,9,16,20,15,18,19,14,4,24,3],[21,9,1,5,13,17,20,16,14,19,4],[9,1,5,21,17,13,20,16,14,19,4],[1,17,9,21,13,5,16,20,14,18,19,15,4,24,2],[21,1,5,9,17,13,16,20,14,19,4],[9,1,5,17,13,21,20,16,19,14,4],[9,1,5,21,17,13,20,16,14,19,4],[13,5,17,9,1,21,16,20,18,14,15,19,4,24,3],[21,1,13,17,5,9,16,20,15,18,14,19,4,24,2],[17,5,9,13,1,21,20,16,18,14,15,19,4,24,2],[1,13,17,21,9,5,16,20,19,15,14,4],[5,1,9,21,13,17,16,20,15,19,18,14,4,24,3],[13,17,1,21,5,9,16,20,15,18,14,19,4,24,2],[9,17,1,13,21,5,16,20,15,18,14,19,4,24,3],[13,5,21,17,1,9,20,16,18,15,14,19,4,24,2],[5,17,9,13,1,21,20,16,18,14,19,15,4,24,2],[17,5,9,21,13,1,20,16,15,18,19,14,4,24,3],[21,9,1,17,5,13,20,16,18,15,14,19,4,24,2],[17,21,9,5,1,13,16,20,14,19,4],[17,13,5,1,9,21,16,20,18,15,14,19,4,24,3],[1,21,9,13,17,5,20,16,14,18,19,15,4,24,3],[9,21,13,5,1,17,20,16,14,18,19,15,4,24,2],[1,5,17,9,13,21,16,20,18,15,19,14,4,24,3],[5,9,1,21,17,13,20,16,18,15,14,19,4,24,2],[5,1,13,21,17,9,20,16,14,19,4],[1,5,17,21,13,9,20,16,15,19,14,4],[17,21,9,5,13,1,16,20,19,14,4],[1,9,13,21,17,5,20,16,14,19,4],[13,9,5,17,1,21,16,20,14,18,19,15,4,24,2],[21,5,9,1,13,17,16,20,15,19,14,4],[21,1,9,13,5,17,16,20,18,15,19,14,4,24,2],[9,21,17,1,5,13,20,16,14,18,19,15,4,24,2],[9,21,1,5,13,17,16,20,19,14,4],[21,9,5,1,17,13,20,16,15,18,19,14,4,24,2],[1,21,13,9,17,5,16,20,19,15,14,4],[17,13,21,5,1,9,20,16,14,19,4],[1,9,13,21,17,5,16,20,19,15,18,14,4,24,3],[17,1,13,5,9,21,20,16,19,14,4],[1,21,5,17,9,13,16,20,18,15,19,14,4,24,3],[21,9,13,5,17,1,20,16,18,14,15,19,4,24,3],[13,21,1,5,9,17,16,20,19,14,4],[13,21,1,9,5,17,16,20,19,15,18,14,4,24,3],[17,5,9,1,13,21,16,20,14,18,15,19,4,24,3],[17,5,21,13,9,1,20,16,14,19,4],[1,17,5,9,13,21,20,16,14,18,19,15,4,24,2],[9,17,1,13,21,5,16,20,19,14,4],[1,17,21,13,9,5,20,16,19,15,14],[9,13,1,17,21,5,20,16,15,19,18,14,4,24,2],[17,5,1,13,9,21,16,20,15,19,18,14,4,24,2],[17,1,21,5,13,9,16,20,19,15,14,4],[9,17,5,13,21,1,20,16,18,15,19,14,4,24,2],[1,9,13,17,21,5,16,20,15,19,18,14,4,24,3],[17,5,9,1,13,21,20,16,18,14,19,15,4,24,3],[5,9,1,17,21,13,20,16,15,18,19,14,4,24,3],[13,9,17,21,5,1,16,20,14,19,4],[21,17,13,1,9,5,16,20,15,18,19,14,4,24,2],[17,1,5,9,13,21,20,16,19,14,4],[21,5,9,1,17,13,20,16,15,18,19,14,4,24,3],[1,21,13,5,9,17,16,20,19,15,18,14,4,24,2],[1,21,13,9,17,5,16,20,14,19,4],[17,9,1,21,13,5,16,20,19,14,4],[5,13,9,17,21,1,20,16,19,15,14,4],[17,1,9,21,13,5,16,20,18,14,19,15,4,24,2],[9,5,1,21,17,13,16,20,15,19,18,14,4,24,2],[1,9,17,21,13,5,20,16,14,18,15,19,4,24,3],[13,21,9,1,17,5,16,20,19,15,14,4],[1,21,9,5,13,17,16,20,18,14,19,15,4,24,3],[17,9,21,1,13,5,20,16,15,18,19,14,4,24,3],[21,9,13,1,5,17,20,16,15,18,19,14,4,24,2],[1,21,5,9,13,17,16,20,15,18,19,14,4,24,2],[1,21,5,13,17,9,20,16,18,14,19,15,4,24,3],[21,1,13,17,5,9,20,16,15,19,14,4],[21,13,1,5,9,17,20,16,18,15,19,14,4,24,2],[9,17,5,13,21,1,16,20,14,18,15,19,4,24,2],[21,9,17,13,5,1,20,16,14,19,4],[21,13,17,9,1,5,16,20,19,14,4],[13,9,1,5,17,21,20,16,15,18,19,14,4,24,3],[1,17,9,21,5,13,20,16,19,15,14,4],[13,21,1,17,9,5,16,20,14,19,4],[17,13,21,5,9,1,16,20,14,19,4],[17,5,9,13,1,21,20,16,18,14,15,19,4,24,3],[1,13,21,17,9,5,20,16,18,15,14,19,4,24,3],[17,1,21,13,9,5,16,20,19,15,18,14,4,24,3],[17,1,5,9,21,13,20,16,19,15,18,14,4,24,3],[1,13,9,17,5,21,20,16,19,14,4],[13,1,9,21,5,17,20,16,18,14,19,15,4,24,3],[9,21,17,5,13,1,16,20,15,18,14,19,4,24,3],[9,13,5,17,21,1,16,20,14,19,4],[17,13,5,21,9,1,16,20,18,15,14,19,4,24,2],[13,17,1,21,5,9,20,16,19,14,4],[13,17,1,9,21,5,16,20,15,19,14,4],[13,17,1,5,21,9,20,16,19,15,18,14,4,24,3],[21,5,17,1,9,13,16,20,19,15,14,4],[1,17,13,21,9,5,20,16,18,14,19,15,4,24,3],[13,21,1,5,17,9,16,20,19,15,14,4],[9,5,13,17,21,1,16,20,15,19,14,4],[21,1,17,13,5,9,20,16,18,15,19,14,4,24,2],[17,13,21,5,1,9,16,20,14,18,15,19,4,24,3],[1,13,17,9,21,5,16,20,14,19,4],[21,5,17,9,13,1,16,20,14,18,19,15,4,24,3],[5,21,17,13,1,9,16,20,14,18,19,15,4,24,3],[17,13,21,9,1,5,20,16,14,19,4],[13,21,17,5,9,1,16,20,15,18,19,14,4,24,3],[1,9,21,17,5,13,16,20,18,15,19,14,4,24,3],[5,1,13,21,17,9,16,20,14,19,4],[9,21,13,1,5,17,16,20,18,14,19,15,4,24,2],[5,9,13,17,1,21,16,20,14,18,15,19,4,24,3],[13,9,5,17,1,21,20,16,19,14,4],[13,21,1,17,5,9,20,16,18,14,19,15,4,24,3],[5,1,9,13,17,21,16,20,15,18,14,19,4,24,2],[9,21,5,17,1,13,20,16,18,15,19,14,4,24,3],[5,13,21,1,9,17,16,20,18,14,19,15,4,24,3],[13,1,9,17,5,21,16,20,14,19,4],[5,1,9,21,17,13,20,16,19,15,14,4],[21,13,1,9,17,5,16,20,14,19,4],[21,5,17,9,13,1,16,20,18,15,14,19,4,24,2],[1,13,5,21,17,9,16,20,18,14,15,19,4,24,3],[9,21,5,17,13,1,16,20,18,14,15,19,4,24,2],[5,13,9,21,17,1,20,16,15,19,14,4],[13,21,5,9,1,17,16,20,15,19,14,4],[21,17,9,1,5,13,20,16,18,14,15,19,4,24,2],[17,21,1,5,13,9,20,16,19,15,14,4],[5,9,17,21,13,1,20,16,19,15,18,14,4,24,2],[1,9,21,5,17,13,20,16,19,14,4],[5,1,9,21,13,17,16,20,19,14,4],[21,5,17,13,1,9,16,20,14,19,4],[17,9,21,13,5,1,20,16,14,18,19,15,4,24,3],[13,1,5,9,21,17,16,20,15,19,14,4],[21,13,9,5,1,17,20,16,19,14,4],[9,17,1,5,13,21,20,16,14,19,4],[5,21,17,13,9,1,16,20,19,15,18,14,4,24,2],[17,21,1,9,5,13,16,20,18,15,14,19,4,24,3],[17,1,9,13,21,5,20,16,15,18,19,14,4,24,3],[5,21,1,17,9,13,20,16,19,15,14,4],[9,21,13,17,5,1,16,20,18,15,19,14,4,24,3],[5,17,13,1,9,21,16,20,18,14,19,15,4,24,2],[1,9,21,5,17,13,20,16,15,18,14,19,4,24,3],[17,21,9,13,1,5,20,16,19,14,4],[1,13,17,5,9,21,20,16,19,15,14,4],[17,13,21,5,9,1,20,16,19,14,4],[9,5,21,1,17,13,16,20,18,15,19,14,4,24,2],[21,1,5,9,17,13,16,20,14,18,19,15,4,24,2],[1,5,21,13,17,9,20,16,19,15,18,14,4,24,2],[13,17,1,9,21,5,20,16,18,14,19,15,4,24,3],[13,21,17,5,1,9,20,16,19,14,4],[9,21,13,5,17,1,16,20,18,14,15,19,4,24,3],[17,5,1,21,13,9,16,20,18,14,19,15,4,24,3],[21,9,1,17,5,13,16,20,15,19,18,14,4,24,3],[13,5,1,17,21,9,20,16,14,19,4],[9,5,1,17,21,13,16,20,14,19,4],[21,13,1,9,17,5,20,16,14,18,15,19,4,24,2],[9,17,21,5,13,1,16,20,14,18,15,19,4,24,3],[9,5,13,21,1,17,20,16,18,14,15,19,4,24,2],[13,5,17,21,9,1,20,16,19,15,18,14,4,24,2],[5,9,21,1,13,17,16,20,15,18,19,14,4,24,2],[17,21,9,1,5,13,20,16,18,15,19,14,4,24,3],[1,5,9,21,17,13,16,20,19,15,18,14,4,24,3],[1,17,9,5,13,21,20,16,19,15,18,14,4,24,3],[1,21,9,13,17,5,16,20,14,19,4],[9,13,21,1,5,17,20,16,19,15,14,4],[5,9,17,21,13,1,16,20,19,14,4],[5,17,13,21,9,1,16,20,19,14,4],[17,13,21,9,5,1,16,20,18,14,19,15,4,24,3],[9,5,17,21,1,13,16,20,14,19,4],[21,9,17,5,13,1,20,16,15,18,14,19,4,24,2],[5,21,13,17,1,9,20,16,15,19,14,4],[1,17,13,5,21,9,20,16,18,15,19,14,4,24,3],[5,1,17,21,9,13,20,16,14,18,19,15,4,24,2],[21,9,13,17,1,5,20,16,15,19,18,14,4,24,2],[17,13,1,5,9,21,16,20,19,15,14,4],[5,9,21,13,1,17,20,16,14,18,15,19,4,24,3],[1,13,21,17,5,9,16,20,19,14,4],[9,21,1,5,13,17,16,20,18,15,19,14,4,24,3],[13,21,9,17,5,1,20,16,19,14,4],[1,17,13,21,5,9,20,16,15,18,19,14,4,24,3],[1,9,21,17,5,13,16,20,19,15,14,4],[1,17,13,9,5,21,20,16,19,15,18,14,4,24,3],[17,13,1,9,5,21,20,16,18,15,14,19,4,24,3],[21,1,9,5,17,13,20,16,14,19,4],[1,9,13,21,17,5,16,20,15,19,18,14,4,24,3],[21,1,5,9,17,13,20,16,15,19,14,4],[17,21,1,5,9,13,16,20,18,15,14,19,4,24,3],[21,1,13,17,9,5,16,20,15,18,19,14,4,24,3],[21,9,1,13,17,5,20,16,19,14,4],[13,17,21,5,1,9,20,16,19,15,18,14,4,24,2],[17,1,9,5,21,13,16,20,15,18,19,14,4,24,3],[5,1,9,21,17,13,20,16,19,14,4],[17,1,21,9,5,13,16,20,18,15,14,19,4,24,3],[17,13,1,9,21,5,16,20,19,15,18,14,4,24,2],[1,21,9,13,5,17,16,20,18,14,19,15,4,24,3],[5,17,21,1,9,13,20,16,19,15,14,4],[17,9,1,13,21,5,16,20,14,18,15,19,4,24,2],[13,9,21,5,17,1,16,20,15,18,19,14,4,24,2],[17,21,9,1,13,5,16,20,19,15,18,14,4,24,2],[1,17,9,21,5,13,20,16,19,15,18,14,4,24,3],[13,9,5,1,17,21,20,16,18,15,19,14,4,24,3],[13,21,9,5,17,1,20,16,14,18,19,15,4,24,3],[5,13,9,1,21,17,20,16,19,14,4],[13,1,21,5,9,17,16,20,18,15,14,19,4,24,2],[9,21,1,17,13,5,20,16,14,18,15,19,4,24,2],[5,1,21,9,17,13,20,16,18,14,15,19,4,24,2],[5,17,1,21,13,9,20,16,18,15,14,19,4,24,3],[21,17,5,1,13,9,20,16,14,19,4],[9,13,21,17,1,5,16,20,15,18,14,19,4,24,3],[9,13,1,17,21,5,16,20,19,14,4],[9,5,1,21,17,13,16,20,18,14,15,19,4,24,3],[9,5,21,1,13,17,16,20,18,15,19,14,4,24,3],[5,13,1,21,17,9,16,20,14,19,4],[13,21,9,17,1,5,16,20,19,14,4],[5,21,13,17,1,9,20,16,15,18,14,19,4,24,2],[5,1,17,13,21,9,20,16,18,15,14,19,4,24,2],[21,9,13,5,17,1,20,16,14,18,19,15,4,24,2],[5,9,21,17,1,13,16,20,19,15,18,14,4,24,2],[9,13,17,1,5,21,20,16,19,14,4],[13,1,21,9,17,5,20,16,14,19,4],[21,9,17,5,13,1,20,16,15,19,14,4],[1,21,5,13,17,9,16,20,15,18,19,14,4,24,3],[17,13,5,21,9,1,16,20,14,19,4],[21,1,5,17,13,9,16,20,14,19,4],[9,21,17,13,5,1,16,20,18,15,19,14,4,24,3],[13,17,1,5,9,21,16,20,15,18,14,19,4,24,3],[21,1,5,13,17,9,16,20,14,18,19,15,4,24,3],[21,17,1,13,5,9,16,20,14,18,15,19,4,24,2],[1,17,21,5,13,9,16,20,19,14,4],[9,13,17,5,1,21,16,20,15,18,14,19,4,24,3],[21,1,17,5,13,9,16,20,14,18,15,19,4,24,3],[13,5,9,21,1,17,16,20,18,15,14,19,4,24,2],[17,9,13,5,1,21,16,20,15,19,14,4],[1,5,17,21,13,9,20,16,15,18,14,19,4,24,2],[13,1,21,5,9,17,20,16,18,15,19,14,4,24,2],[1,5,21,13,9,17,20,16,15,19,14,4],[5,21,17,13,9,1,16,20,14,18,19,15,4,24,3],[1,13,17,9,21,5,16,20,19,15,18,14,4,24,3],[13,17,1,21,5,9,20,16,19,14,4],[1,9,21,13,17,5,20,16,15,18,14,19,4,24,3]],"n_human":7}