{"problem_id":"E0iow03ugardVta","sigma":150,"alpha":3.162,"cost":2,"probabilities":"[0.3, 0.21, 0.21, 0.28]","payoff_matrix":"[[-101, -164, -156, 26, 59, -104], [-43, -233, -185, -61, -97, -286], [-35, -63, 31, 12, 23, 113], [17, 164, 241, -3, 4, -109]]","uncovered":[[13,9,21,1,5,17,16,20,14,19,4,24,15,18,2,12,10,11],[5,9,1,21,13,17,20,16,18,14,15,19,4,24,3,12,10,11],[21,1,13,9,17,20,16,5,15,18,19,14,4,24,2,12,10,11],[5,9,17,13,16,20,1,21,14,19,4,24,15,18,3,12,11],[1,9,17,21,13,20,16,5,15,19,14,18,4,24,2,12,10,11],[1,13,9,17,20,16,5,21,18,14,19,15,4,24,2,12,10,11],[21,5,9,1,17,13,20,16,14,18,19,15,4,24,3,12,11],[21,1,5,9,17,13,20,16,18,15,19,14,4,24,3,12,10,11],[1,17,5,9,21,13,16,20,15,18,14,19,4,24,3,12,10,11],[13,17,16,20,9,21,1,5,15,18,14,19,4,24,2,12,11],[13,1,21,5,17,16,20,9,14,19,4,24,18,15,2,12,10,11],[9,5,1,13,17,16,20,21,14,19,4,24,15,18,3,12,10,11],[17,9,5,21,13,20,16,1,14,19,4,24,15,18,2,12,10,11],[9,13,5,1,21,17,20,16,15,18,14,19,4,24,2,12,11],[17,21,9,1,13,20,16,5,14,19,4,24,15,18,3,12,11],[13,17,16,20,1,9,21,5,18,15,14,19,4,24,2,12,11],[9,5,1,13,21,17,16,20,15,18,19,14,4,24,2,12,10,11],[21,13,9,5,17,16,20,1,15,18,14,19,4,24,2,12,10,11],[17,13,20,16,21,9,5,1,15,19,14,4,18,24,2,12,10,11],[21,9,17,1,5,13,20,16,15,19,18,14,4,24,3,12,10,11],[13,5,9,1,17,20,16,21,14,19,4,24,18,15,3,12,10,11],[1,17,9,13,16,20,21,5,14,18,15,19,4,24,3,12,11],[13,1,17,20,16,9,5,21,14,18,15,19,4,24,2,12,11],[5,9,1,21,17,13,20,16,14,18,19,15,4,24,2,12,11],[13,5,1,21,9,17,20,16,19,14,4,24,15,18,2,12,11],[5,1,21,9,17,13,16,20,19,15,18,14,4,24,2,12,10,11],[5,17,21,9,1,13,16,20,14,19,4,24,15,18,3,12,10,11],[21,1,13,5,9,17,20,16,15,18,19,14,4,24,2,12,11],[17,13,16,1,20,9,5,21,18,14,19,15,4,24,3,12,11],[9,17,21,1,13,16,20,5,19,14,4,24,15,18,3,12,10,11],[13,1,9,21,17,16,20,5,18,15,14,19,4,24,2,12,10,11],[17,9,1,21,13,16,20,5,15,18,14,19,4,24,2,12,10,11],[13,1,9,5,17,16,20,21,15,18,19,14,4,24,3,12,10,11],[9,13,17,20,16,1,21,5,14,18,15,19,4,24,3,12,10,11],[9,1,21,17,5,13,20,16,19,14,4,24,15,18,2,12,11],[9,13,21,17,20,16,5,1,15,19,18,14,4,24,2,12,11],[21,5,9,13,17,20,16,1,18,14,15,19,4,24,3,12,11],[21,9,5,13,17,20,16,1,15,18,19,14,4,24,2,12,11],[5,9,1,13,21,17,20,16,19,15,18,14,4,24,2,12,11],[5,13,21,9,1,17,20,16,15,19,14,18,4,24,2,12,11],[21,17,1,5,9,13,20,16,14,18,15,19,4,24,3,12,11],[1,21,9,17,13,20,16,5,18,15,14,19,4,24,2,12,10,11],[1,5,21,13,9,17,16,20,15,18,14,19,4,24,2,12,11],[21,13,9,1,5,17,20,16,14,19,4,24,18,15,2,12,11],[1,21,17,13,16,20,9,5,15,18,14,19,4,24,3,12,10,11],[21,17,5,1,9,13,20,16,19,15,18,14,4,24,2,12,10,11],[9,21,17,5,1,13,16,20,19,15,14,18,4,24,2,12,11],[5,1,13,9,21,17,16,20,14,18,15,19,4,24,3,12,11],[21,9,17,1,13,16,20,5,18,14,19,15,4,24,3,12,10,11],[5,9,1,17,21,13,20,16,19,15,14,18,4,24,3,12,10,11],[17,1,5,21,9,13,16,20,14,18,15,19,4,24,3,12,10,11],[9,17,1,21,13,16,20,5,14,19,4,24,18,15,2,12,11],[17,13,20,16,21,5,9,1,14,19,4,24,18,15,2,12,11],[13,5,21,9,1,17,20,16,14,18,15,19,4,24,3,12,10,11],[5,1,21,13,17,16,20,9,19,14,4,24,15,18,3,12,10,11],[13,5,21,17,16,20,1,9,18,14,19,15,4,24,3,12,10,11],[1,21,9,13,5,17,20,16,18,15,14,19,4,24,3,12,11],[1,21,13,9,17,16,20,5,19,15,18,14,4,24,2,12,10,11],[21,9,5,17,1,13,20,16,18,15,14,19,4,24,3,12,10,11],[17,5,13,20,16,9,1,21,19,14,4,24,18,15,3,12,11],[21,1,17,9,5,13,20,16,19,15,18,14,4,24,2,12,10,11],[17,13,20,16,21,9,1,5,14,19,4,24,15,18,3,12,10,11],[9,5,1,21,13,17,16,20,14,18,15,19,4,24,3,12,10,11],[9,5,21,13,17,20,16,1,15,19,14,18,4,24,3,12,11],[17,5,1,21,13,16,20,9,18,15,19,14,4,24,3,12,11],[13,9,1,21,17,20,16,5,14,18,15,19,4,24,2,12,11],[13,5,1,17,16,20,21,9,14,19,4,24,15,18,2,12,10,11],[9,5,21,1,17,13,20,16,15,18,19,14,4,24,3,12,10,11],[13,17,20,16,5,9,21,1,14,18,15,19,4,24,3,12,11],[1,17,21,13,20,16,5,9,19,14,4,24,18,15,2,12,10,11],[17,5,13,16,20,9,1,21,19,15,14,18,4,24,2,12,10,11],[21,9,5,13,1,17,16,20,19,14,4,24,15,18,3,12,11],[5,13,17,16,20,21,1,9,18,14,15,19,4,24,3,12,11],[13,9,17,16,20,5,1,21,19,15,18,14,4,24,2,12,10,11],[9,5,17,21,1,13,16,20,19,14,4,24,15,18,2,12,10,11],[1,17,21,5,9,13,16,20,14,19,4,24,15,18,2,12,11],[13,5,1,21,9,17,20,16,14,19,4,24,18,15,3,12,10,11],[9,17,5,21,13,16,20,1,15,18,19,14,4,24,3,12,10,11],[9,13,5,1,21,17,16,20,19,15,14,4,18,24,2,12,10,11],[1,9,21,5,13,17,16,20,18,14,19,15,4,24,3,12,11],[1,17,5,9,13,20,16,21,19,15,14,18,4,24,2,12,11],[9,21,1,13,5,17,16,20,14,18,19,15,4,24,2,12,11],[5,17,1,13,16,20,9,21,14,18,15,19,4,24,3,12,10,11],[21,13,5,9,17,16,20,1,15,18,14,19,4,24,3,12,10,11],[13,1,21,17,20,16,9,5,15,19,14,18,4,24,2,12,10,11],[17,21,1,5,13,20,16,9,19,14,4,24,15,18,3,12,11],[21,1,13,17,16,5,20,9,15,19,18,14,4,24,3,12,11],[13,1,21,17,16,20,9,5,19,15,14,18,4,24,3,12,11],[21,9,17,13,16,20,5,1,14,19,4,24,18,15,2,12,11],[5,17,21,1,9,13,16,20,15,19,18,14,4,24,2,12,11],[5,13,21,9,1,17,16,20,14,18,19,15,4,24,2,12,11],[21,17,5,13,16,20,1,9,14,18,19,15,4,24,2,12,11],[9,1,5,21,13,17,20,16,14,19,4,24,15,18,3,12,10,11],[21,5,9,13,1,17,20,16,18,14,15,19,4,24,3,12,11],[1,5,9,17,13,16,20,21,15,18,19,14,4,24,2,12,10,11],[13,5,9,1,17,16,20,21,15,18,14,19,4,24,2,12,11],[9,13,5,17,16,20,1,21,18,14,19,15,4,24,3,12,11],[5,1,9,21,17,13,20,16,19,15,18,14,4,24,2,12,11],[5,9,21,17,13,16,20,1,15,18,19,14,4,24,3,12,11],[13,17,16,20,1,21,5,9,15,18,14,19,4,24,3,12,11],[5,9,13,1,17,20,16,21,15,18,14,19,4,24,2,12,10,11],[21,5,17,9,13,20,16,1,19,15,18,14,4,24,2,12,10,11],[1,17,9,21,5,13,16,20,18,15,14,19,4,24,3,12,11],[17,1,21,9,13,20,16,5,18,15,19,14,4,24,2,12,10,11],[17,13,20,16,9,21,1,5,15,18,14,19,4,24,2,12,11],[5,1,21,17,13,16,20,9,18,15,19,14,4,24,3,12,11],[21,13,17,20,16,1,5,9,19,15,18,14,4,24,2,12,11],[21,13,5,17,16,20,9,1,15,19,14,18,4,24,2,12,10,11],[17,5,21,1,9,13,20,16,14,19,4,24,18,15,2,12,10,11],[1,17,5,21,9,13,20,16,18,14,19,15,4,24,3,12,11],[21,13,5,17,20,16,9,1,15,19,14,18,4,24,3,12,11],[1,13,21,17,20,16,9,5,19,15,18,14,4,24,2,12,11],[5,17,1,21,13,20,16,9,15,19,14,4,18,24,2,12,11],[1,21,17,13,16,20,5,9,19,15,18,14,4,24,2,12,11],[13,17,20,16,9,5,1,21,18,15,19,14,4,24,3,12,10,11],[5,13,17,20,16,9,21,1,18,14,15,19,4,24,3,12,10,11],[5,1,13,21,17,16,20,9,19,14,4,24,15,18,3,12,10,11],[9,5,17,13,16,20,21,1,15,19,14,18,4,24,3,12,10,11],[9,21,1,17,5,13,16,20,18,14,19,15,4,24,3,12,10,11],[17,9,1,13,20,16,5,21,14,18,19,15,4,24,3,12,11],[1,17,21,13,20,16,5,9,19,14,4,24,15,18,3,12,11],[21,13,9,1,17,20,16,5,15,18,19,14,4,24,3,12,10,11],[1,17,9,21,5,13,20,16,14,18,19,15,4,24,2,12,11],[1,13,17,20,16,9,21,5,19,14,4,24,15,18,2,12,10,11],[21,17,9,13,20,16,5,1,14,19,4,24,18,15,2,12,10,11],[9,21,1,13,17,20,16,5,18,14,15,19,4,24,2,12,11],[17,13,20,16,9,5,1,21,18,15,19,14,4,24,2,12,11],[13,1,5,21,9,17,20,16,19,15,14,18,4,24,2,12,10,11],[21,17,5,13,20,16,9,1,15,18,14,19,4,24,3,12,10,11],[1,21,5,13,9,17,16,20,14,19,4,24,15,18,3,12,11],[13,9,21,1,17,16,20,5,18,14,19,15,4,24,3,12,11],[9,5,21,17,1,13,20,16,19,15,18,14,4,24,3,12,10,11],[9,1,17,5,13,16,20,21,18,15,19,14,4,24,2,12,11],[9,21,1,5,13,17,20,16,14,18,15,19,4,24,2,12,10,11],[21,5,17,9,1,13,20,16,19,15,18,14,4,24,2,12,10,11],[17,13,20,16,9,5,21,1,18,14,15,19,4,24,3,12,11],[13,17,16,20,5,1,21,9,18,14,15,19,4,24,2,12,10,11],[21,9,13,17,20,16,5,1,18,15,19,14,4,24,3,12,11],[5,1,17,13,16,20,9,21,14,19,4,24,18,15,3,12,10,11],[17,5,1,13,20,16,21,9,15,18,19,14,4,24,2,12,10,11],[13,9,17,16,20,1,5,21,15,19,14,18,4,24,3,12,10,11],[17,21,9,13,20,16,1,5,14,18,15,19,4,24,2,12,10,11],[9,1,21,5,17,13,16,20,14,18,15,19,4,24,2,12,11],[17,13,16,20,5,1,21,9,19,14,4,24,15,18,2,12,11],[5,1,21,13,9,17,20,16,18,14,19,15,4,24,2,12,11],[5,17,13,16,20,21,1,9,19,14,4,24,15,18,2,12,10,11],[9,5,13,1,17,16,20,21,15,18,14,19,4,24,3,12,11],[17,21,9,13,20,16,1,5,15,18,14,19,4,24,2,12,10,11],[5,9,1,13,17,20,16,21,19,14,4,24,18,15,3,12,10,11],[13,1,5,17,20,16,9,21,19,15,18,14,4,24,3,12,10,11],[13,21,5,17,20,16,1,9,19,15,18,14,4,24,3,12,11],[13,17,16,20,5,21,9,1,18,15,14,19,4,24,2,12,10,11],[9,5,13,21,1,17,16,20,19,14,4,24,18,15,2,12,11],[1,9,13,21,5,17,16,20,14,19,4,24,18,15,2,12,10,11],[21,17,5,13,16,20,1,9,19,15,14,18,4,24,3,12,11],[21,13,9,17,20,16,5,1,14,18,15,19,4,24,2,12,11],[17,13,20,16,1,21,9,5,18,15,14,19,4,24,3,12,11],[17,21,5,1,13,16,20,9,15,19,18,14,4,24,2,12,11],[17,21,9,1,13,16,20,5,19,14,4,24,15,18,2,12,10,11],[5,17,1,9,13,16,20,21,18,14,19,15,4,24,3,12,11],[17,21,5,13,20,16,1,9,19,15,14,4,18,24,2,12,11],[13,5,17,20,16,21,9,1,15,19,14,18,4,24,3,12,10,11],[9,1,17,13,20,16,5,21,19,14,4,24,18,15,2,12,11],[9,17,21,13,16,20,1,5,14,18,15,19,4,24,2,12,10,11],[13,21,9,1,17,20,16,5,19,15,18,14,4,24,2,12,11],[17,13,16,20,1,9,5,21,19,14,4,24,18,15,2,12,10,11],[1,17,5,21,13,16,20,9,19,14,4,24,15,18,2,12,11],[13,1,9,21,17,16,20,5,18,15,14,19,4,24,3,12,11],[9,21,5,17,1,13,20,16,14,18,15,19,4,24,2,12,11],[21,5,1,9,17,13,16,20,18,15,14,19,4,24,3,12,11],[5,21,17,1,9,13,20,16,19,14,4,24,15,18,3,12,11],[17,9,5,1,13,20,16,21,14,18,19,15,4,24,3,12,11],[17,21,9,13,16,20,1,5,15,18,19,14,4,24,3,12,10,11],[13,17,20,16,1,5,9,21,15,18,14,19,4,24,2,12,11],[13,9,5,1,17,20,16,21,18,14,19,15,4,24,2,12,10,11],[13,1,21,5,9,17,20,16,15,19,18,14,4,24,3,12,10,11],[9,5,1,13,17,16,20,21,18,14,19,15,4,24,3,12,11],[13,5,17,16,20,1,21,9,14,19,4,24,15,18,2,12,10,11],[9,13,21,1,17,16,20,5,14,19,4,24,18,15,2,12,11],[17,9,13,16,20,5,1,21,18,15,19,14,4,24,2,12,10,11],[13,1,9,5,17,16,20,21,18,15,14,19,4,24,2,12,11],[13,21,17,16,20,9,5,1,15,18,14,19,4,24,2,12,11],[9,5,13,1,17,20,16,21,19,14,4,24,15,18,2,12,10,11],[5,21,13,9,1,17,16,20,14,18,15,19,4,24,2,12,11],[9,13,5,1,21,17,16,20,18,14,15,19,4,24,3,12,11],[13,9,21,5,17,16,20,1,15,18,19,14,4,24,3,12,10,11],[9,13,5,17,16,20,21,1,14,18,19,15,4,24,3,12,10,11],[1,21,5,9,13,17,20,16,18,15,14,19,4,24,3,12,10,11],[17,9,1,21,13,16,20,5,18,14,19,15,4,24,3,12,10,11],[5,17,13,20,16,9,21,1,14,19,4,24,15,18,3,12,11],[1,5,9,13,17,16,20,21,18,14,19,15,4,24,3,12,11],[17,5,13,20,16,1,9,21,18,15,14,19,4,24,2,12,10,11],[9,17,1,5,13,16,20,21,14,19,4,24,15,18,2,12,11],[21,9,1,5,17,13,16,20,15,18,19,14,4,24,2,12,11],[21,9,5,1,13,17,16,20,19,15,14,4,18,24,2,12,11],[21,1,13,5,17,20,16,9,15,18,14,19,4,24,2,12,10,11],[17,5,1,13,20,16,21,9,14,19,4,24,15,18,3,12,11],[9,21,5,1,13,17,20,16,18,15,19,14,4,24,2,12,10,11],[13,21,1,17,20,16,5,9,15,19,14,18,4,24,2,12,10,11],[13,9,5,17,20,16,21,1,15,18,19,14,4,24,3,12,11],[9,1,5,13,17,16,20,21,14,19,4,24,18,15,3,12,10,11],[21,17,9,13,16,20,5,1,14,19,4,24,18,15,2,12,11],[5,9,13,21,17,16,20,1,15,19,18,14,4,24,2,12,10,11],[5,1,21,13,9,17,20,16,14,19,4,24,15,18,2,12,10,11],[5,1,9,13,17,20,16,21,14,19,4,24,18,15,3,12,11],[13,1,9,17,20,16,5,21,18,15,19,14,4,24,3,12,10,11],[1,9,21,5,17,13,16,20,19,15,18,14,4,24,3,12,10,11],[17,13,16,20,9,21,5,1,15,18,14,19,4,24,2,12,10,11],[17,9,13,20,16,5,1,21,19,15,14,4,18,24,2,12,11],[17,21,5,1,13,20,16,9,18,15,14,19,4,24,3,12,11],[13,1,17,16,20,5,21,9,14,18,15,19,4,24,2,12,11],[17,5,13,20,16,21,9,1,19,14,4,24,15,18,3,12,11],[17,1,21,13,20,16,5,9,14,19,4,24,18,15,2,12,10,11],[17,9,5,1,13,16,20,21,14,18,15,19,4,24,2,12,11],[9,21,13,1,17,20,16,5,15,19,14,18,4,24,2,12,10,11],[1,17,5,9,13,20,16,21,14,19,4,24,15,18,3,12,11],[1,13,21,9,5,17,20,16,14,19,4,24,18,15,2,12,10,11],[9,21,5,13,17,20,16,1,15,18,14,19,4,24,2,12,10,11],[5,17,13,16,20,9,21,1,18,14,15,19,4,24,3,12,11],[17,1,5,13,20,16,9,21,15,19,18,14,4,24,2,12,11],[17,5,1,13,16,20,9,21,14,18,15,19,4,24,2,12,10,11],[13,5,21,1,9,17,20,16,18,15,14,19,4,24,3,12,11],[1,17,21,9,13,16,20,5,14,18,19,15,4,24,3,12,10,11],[21,13,9,5,1,17,20,16,15,18,19,14,4,24,2,12,10,11],[21,17,9,13,20,16,1,5,18,14,15,19,4,24,2,12,10,11],[1,21,9,13,5,17,20,16,18,14,15,19,4,24,3,12,10,11],[1,5,13,9,17,20,16,21,19,14,4,24,15,18,2,12,10,11],[5,9,1,21,13,17,16,20,19,14,4,24,18,15,2,12,11],[21,1,17,13,16,20,9,5,14,18,19,15,4,24,2,12,10,11],[5,21,17,13,20,16,1,9,15,19,14,4,18,24,2,12,10,11],[17,5,21,1,9,13,20,16,15,18,14,19,4,24,2,12,10,11],[17,21,1,13,16,20,9,5,14,18,15,19,4,24,2,12,11],[17,13,16,21,20,9,5,1,18,14,19,15,4,24,2,12,10,11],[9,13,5,17,20,16,21,1,15,18,19,14,4,24,3,12,11],[21,13,9,17,20,16,5,1,15,19,14,18,4,24,3,12,11],[17,5,9,21,1,13,20,16,15,19,14,18,4,24,2,12,11],[5,9,17,13,16,20,21,1,15,19,18,14,4,24,3,12,10,11],[17,21,5,1,9,13,20,16,14,19,4,24,18,15,2,12,11],[1,5,9,13,21,17,16,20,19,14,4,24,15,18,2,12,11],[13,17,16,20,5,9,1,21,15,19,18,14,4,24,2,12,11],[1,17,13,16,20,9,5,21,14,18,15,19,4,24,3,12,10,11],[13,5,9,1,17,20,16,21,19,15,18,14,4,24,2,12,11],[1,5,21,9,13,17,16,20,15,19,18,14,4,24,3,12,11],[9,5,1,17,21,13,20,16,19,14,4,24,18,15,3,12,10,11],[5,17,13,20,16,1,21,9,18,14,15,19,4,24,2,12,10,11],[5,9,1,13,21,17,20,16,14,19,4,24,15,18,3,12,10,11],[1,21,5,17,9,13,16,20,18,14,15,19,4,24,3,12,10,11],[17,13,16,20,5,21,1,9,15,19,14,18,4,24,3,12,10,11],[17,5,13,20,16,9,1,21,14,19,4,24,15,18,2,12,10,11],[5,13,17,16,20,21,9,1,15,19,18,14,4,24,3,12,11],[5,21,9,13,17,20,16,1,19,15,14,18,4,24,2,12,11],[21,1,5,13,17,20,16,9,18,15,14,19,4,24,3,12,10,11],[5,1,21,13,17,20,16,9,15,19,14,18,4,24,2,12,10,11],[17,9,21,13,20,16,5,1,19,15,18,14,4,24,3,12,11],[5,13,9,21,17,16,20,1,15,19,14,4,18,24,2,12,11],[9,21,5,13,1,17,16,20,14,19,4,24,15,18,2,12,11],[21,9,17,13,20,16,1,5,15,18,19,14,4,24,3,12,11],[9,13,21,1,17,20,16,5,14,19,4,24,18,15,2,12,11],[1,5,9,13,21,17,20,16,19,15,14,4,18,24,3,12,11],[21,13,5,17,16,20,1,9,19,14,4,24,18,15,3,12,10,11],[9,5,21,1,13,17,16,20,15,18,19,14,4,24,2,12,10,11],[21,5,9,17,1,13,20,16,14,18,15,19,4,24,2,12,11],[5,17,1,9,13,16,20,21,14,19,4,24,18,15,2,12,10,11],[13,9,5,21,1,17,16,20,15,18,14,19,4,24,2,12,10,11],[5,1,17,21,13,16,20,9,14,19,4,24,15,18,3,12,11],[9,5,21,1,13,17,20,16,15,19,18,14,4,24,2,12,10,11],[13,21,9,17,16,20,5,1,15,19,18,14,4,24,3,12,11],[13,21,17,16,20,1,5,9,15,19,14,4,18,24,3,12,10,11],[5,1,21,9,13,17,16,20,19,15,14,4,18,24,2,12,10,11],[17,5,9,1,21,13,16,20,15,18,14,19,4,24,3,12,11],[13,17,16,20,9,1,21,5,19,15,14,18,4,24,3,12,11],[5,21,13,1,17,16,20,9,18,15,14,19,4,24,3,12,11],[13,21,5,9,17,16,20,1,15,19,18,14,4,24,2,12,10,11],[9,17,21,5,1,13,16,20,15,18,14,19,4,24,3,12,10,11],[21,17,5,1,13,20,16,9,19,15,14,18,4,24,2,12,11],[1,13,21,5,17,16,20,9,15,18,19,14,4,24,2,12,11],[1,13,5,17,20,16,9,21,18,14,15,19,4,24,2,12,11],[17,13,20,16,1,5,21,9,15,19,14,4,18,24,2,12,11],[13,1,5,21,17,20,16,9,15,18,19,14,4,24,3,12,11],[17,5,21,13,16,20,9,1,14,18,15,19,4,24,2,12,11],[13,1,17,16,20,5,21,9,14,18,15,19,4,24,3,12,11],[17,1,13,20,16,21,9,5,15,19,18,14,4,24,2,12,10,11],[5,21,9,17,1,13,20,16,18,15,14,19,4,24,3,12,10,11],[9,21,1,13,17,16,20,5,18,15,19,14,4,24,2,12,11],[21,1,13,5,17,20,16,9,19,15,18,14,4,24,2,12,11],[5,13,21,9,1,17,16,20,19,14,4,24,18,15,2,12,10,11],[1,9,13,5,21,17,20,16,15,19,14,18,4,24,3,12,10,11],[17,21,13,20,16,5,9,1,14,18,19,15,4,24,3,12,10,11],[17,9,21,13,20,16,1,5,15,19,18,14,4,24,3,12,10,11],[13,21,1,5,9,17,20,16,14,18,15,19,4,24,2,12,10,11],[9,13,1,17,16,20,21,5,19,14,4,24,18,15,2,12,10,11],[13,5,9,21,17,16,20,1,14,18,15,19,4,24,2,12,10,11],[17,1,13,20,16,9,21,5,15,19,14,18,4,24,3,12,11],[5,17,9,13,16,20,21,1,18,15,19,14,4,24,3,12,10,11],[5,21,9,17,13,20,16,1,14,18,19,15,4,24,3,12,10,11],[17,21,5,9,13,20,16,1,14,19,4,24,15,18,3,12,11],[21,13,1,9,17,20,16,5,15,19,14,18,4,24,2,12,10,11],[21,1,5,9,13,17,20,16,14,18,15,19,4,24,3,12,11],[21,5,1,9,17,13,20,16,19,15,18,14,4,24,3,12,10,11],[13,5,21,1,17,16,20,9,19,14,4,24,15,18,3,12,10,11],[17,9,13,16,20,21,5,1,19,15,14,18,4,24,3,12,10,11],[21,17,1,5,13,16,20,9,14,19,4,24,15,18,2,12,10,11],[17,13,16,20,1,21,9,5,18,15,19,14,4,24,3,12,11],[17,21,9,1,5,13,20,16,14,18,15,19,4,24,2,12,10,11],[13,5,21,17,20,16,9,1,14,18,15,19,4,24,3,12,11],[9,13,1,17,20,16,5,21,14,19,4,24,15,18,3,12,11],[17,5,13,16,20,21,1,9,14,19,4,24,18,15,3,12,11],[5,1,13,9,21,17,16,20,18,14,15,19,4,24,3,12,10,11],[9,21,17,13,16,20,1,5,15,18,14,19,4,24,2,12,10,11],[13,9,1,17,20,16,5,21,18,15,14,19,4,24,3,12,11],[1,5,21,17,13,20,16,9,19,15,14,18,4,24,2,12,10,11],[5,17,9,21,1,13,20,16,18,14,19,15,4,24,2,12,10,11],[5,1,13,9,17,16,20,21,18,15,19,14,4,24,2,12,10,11],[1,5,9,21,13,17,16,20,19,15,14,18,4,24,3,12,11],[21,13,17,20,16,5,9,1,19,15,14,4,18,24,2,12,10,11],[21,13,1,17,16,20,9,5,14,19,4,24,15,18,2,12,11],[13,5,21,1,9,17,16,20,14,18,15,19,4,24,3,12,11],[17,9,21,1,13,20,16,5,19,15,18,14,4,24,3,12,10,11],[9,17,5,13,16,20,21,1,15,18,19,14,4,24,3,12,11],[21,1,17,9,5,13,20,16,14,19,4,24,15,18,3,12,11],[13,21,1,17,16,20,5,9,15,18,14,19,4,24,3,12,10,11],[13,1,21,9,17,20,16,5,14,18,15,19,4,24,2,12,10,11],[5,13,1,17,16,20,21,9,14,18,15,19,4,24,3,12,10,11],[21,17,9,1,13,20,16,5,18,14,15,19,4,24,2,12,10,11],[13,5,17,16,20,9,21,1,14,18,15,19,4,24,3,12,10,11],[9,1,17,21,13,20,16,5,19,14,4,24,18,15,3,12,10,11],[1,9,13,5,17,20,16,21,18,15,14,19,4,24,3,12,11],[21,13,1,5,17,20,16,9,18,14,15,19,4,24,3,12,10,11],[13,9,21,5,17,16,20,1,14,18,15,19,4,24,2,12,11],[5,1,9,13,21,17,20,16,15,18,19,14,4,24,2,12,11],[1,5,21,13,17,16,20,9,14,18,15,19,4,24,3,12,11],[21,17,5,9,1,13,20,16,18,15,19,14,4,24,2,12,11],[5,21,13,17,16,20,1,9,14,18,19,15,4,24,2,12,10,11],[21,17,1,9,13,16,20,5,18,14,15,19,4,24,2,12,10,11],[21,5,13,17,16,20,1,9,15,19,18,14,4,24,2,12,11],[21,13,9,17,16,20,5,1,18,14,19,15,4,24,2,12,10,11],[21,9,1,5,17,13,16,20,15,18,19,14,4,24,2,12,10,11],[5,1,17,9,13,16,20,21,18,15,14,19,4,24,2,12,10,11],[1,13,5,21,17,20,16,9,14,19,4,24,18,15,2,12,10,11],[17,9,21,13,20,16,5,1,19,15,14,18,4,24,2,12,11],[17,1,13,16,9,20,21,5,19,14,4,24,15,18,3,12,11],[13,5,17,20,16,1,9,21,18,14,19,15,4,24,2,12,11],[17,1,5,21,9,13,16,20,19,15,14,4,18,24,3,12,10,11],[9,17,1,21,5,13,16,20,18,15,14,19,4,24,2,12,11],[13,17,16,20,9,5,21,1,15,19,14,18,4,24,3,12,10,11],[21,5,9,13,1,17,20,16,19,15,14,18,4,24,3,12,10,11],[17,21,5,9,1,13,16,20,19,15,18,14,4,24,3,12,10,11],[5,1,17,21,13,20,16,9,15,19,14,18,4,24,3,12,10,11],[9,13,17,20,16,5,1,21,15,19,14,18,4,24,3,12,10,11],[9,13,21,17,20,16,5,1,18,15,19,14,4,24,3,12,11],[17,13,20,16,5,9,1,21,19,15,14,4,18,24,3,12,10,11],[21,13,5,1,9,17,20,16,15,18,14,19,4,24,3,12,11],[5,1,17,21,13,20,16,9,19,15,18,14,4,24,2,12,11],[13,21,5,17,20,16,1,9,18,15,14,19,4,24,2,12,11],[13,17,16,20,5,9,21,1,19,15,18,14,4,24,3,12,10,11],[17,21,1,9,13,16,20,5,15,18,19,14,4,24,2,12,10,11],[21,1,5,17,9,13,20,16,19,15,14,4,18,24,3,12,10,11],[9,21,1,13,5,17,16,20,19,14,4,24,15,18,2,12,10,11],[1,9,21,5,13,17,16,20,15,19,18,14,4,24,3,12,11],[21,17,5,9,13,16,20,1,19,14,4,24,18,15,3,12,11],[1,21,5,13,9,17,16,20,15,18,14,19,4,24,2,12,10,11],[5,9,17,13,20,16,1,21,19,15,14,18,4,24,2,12,10,11],[17,5,1,13,20,16,21,9,15,18,19,14,4,24,2,12,11],[17,21,1,9,13,20,16,5,19,14,4,24,18,15,3,12,11],[5,13,1,21,17,16,20,9,14,19,4,24,15,18,3,12,10,11],[13,17,16,20,1,9,21,5,18,14,15,19,4,24,3,12,11],[21,1,13,17,16,20,5,9,19,15,14,18,4,24,3,12,10,11],[21,9,5,1,13,17,20,16,18,15,14,19,4,24,3,12,11],[9,1,21,5,13,17,20,16,19,14,4,24,15,18,3,12,10,11],[21,5,17,9,13,16,20,1,19,15,14,4,18,24,3,12,11],[9,1,5,17,13,16,20,21,19,14,4,24,18,15,3,12,11],[9,1,17,5,13,16,20,21,14,19,4,24,15,18,2,12,10,11],[21,17,13,16,1,20,9,5,15,18,19,14,4,24,2,12,10,11],[17,1,13,20,16,5,21,9,19,15,18,14,4,24,3,12,10,11],[1,9,5,17,13,16,20,21,18,15,14,19,4,24,3,12,10,11],[1,17,21,5,9,13,20,16,15,19,14,18,4,24,3,12,10,11],[5,21,1,13,9,17,16,20,19,15,14,18,4,24,2,12,10,11],[9,1,13,5,21,17,20,16,19,15,18,14,4,24,2,12,11],[9,1,13,21,17,16,20,5,19,14,4,24,18,15,3,12,11],[5,21,17,9,13,20,16,1,19,15,18,14,4,24,3,12,10,11],[5,9,13,17,20,16,1,21,15,18,19,14,4,24,3,12,10,11],[13,21,5,17,20,16,1,9,15,18,19,14,4,24,2,12,10,11],[5,1,9,21,17,13,16,20,14,19,4,24,18,15,2,12,10,11],[5,1,17,9,13,16,20,21,18,15,14,19,4,24,3,12,11],[17,5,13,16,20,21,1,9,19,15,18,14,4,24,2,12,11],[17,1,9,13,20,16,5,21,18,15,14,19,4,24,2,12,10,11],[9,1,17,13,20,16,5,21,15,19,18,14,4,24,3,12,10,11],[21,17,1,5,9,13,20,16,19,15,18,14,4,24,3,12,10,11],[9,21,13,1,5,17,20,16,19,15,18,14,4,24,2,12,11],[1,21,9,17,5,13,20,16,18,14,15,19,4,24,2,12,10,11],[5,1,13,21,17,16,20,9,15,18,19,14,4,24,2,12,11],[1,17,13,16,20,9,5,21,14,19,4,24,15,18,3,12,11],[13,21,17,16,5,9,20,1,18,14,19,15,4,24,2,12,11],[1,9,5,13,17,16,20,21,18,14,15,19,4,24,2,12,11],[9,21,5,13,1,17,20,16,18,15,14,19,4,24,2,12,10,11],[21,1,9,17,13,16,20,5,18,14,15,19,4,24,2,12,11],[17,21,5,13,16,20,9,1,19,14,4,24,18,15,3,12,11],[17,13,20,16,5,9,1,21,14,18,15,19,4,24,3,12,11],[13,5,21,9,17,20,16,1,14,18,19,15,4,24,3,12,10,11],[17,13,20,16,1,9,21,5,14,18,19,15,4,24,2,12,10,11],[13,21,17,16,20,5,9,1,18,15,14,19,4,24,3,12,11],[1,17,5,9,13,20,16,21,19,14,4,24,15,18,2,12,11],[9,21,1,13,5,17,16,20,15,18,19,14,4,24,3,12,11],[1,21,9,13,17,16,20,5,15,19,18,14,4,24,2,12,10,11],[21,9,17,13,20,16,5,1,18,14,19,15,4,24,2,12,11],[5,9,17,13,20,16,21,1,18,14,15,19,4,24,3,12,10,11],[21,9,13,17,16,20,5,1,14,18,19,15,4,24,2,12,11],[17,5,13,16,20,1,21,9,19,15,18,14,4,24,2,12,11],[21,1,13,9,17,20,16,5,18,15,19,14,4,24,2,12,11],[5,21,17,13,16,20,1,9,18,14,19,15,4,24,2,12,11],[5,17,9,21,13,20,16,1,18,14,19,15,4,24,2,12,11],[9,13,1,21,5,17,16,20,18,14,19,15,4,24,2,12,11],[9,17,13,20,16,5,21,1,14,19,4,24,15,18,2,12,10,11],[13,1,17,16,20,9,5,21,14,19,4,24,15,18,3,12,10,11],[5,17,13,16,1,20,9,21,18,15,14,19,4,24,2,12,10,11],[9,21,13,5,1,17,16,20,19,14,4,24,18,15,3,12,10,11],[17,21,1,9,13,20,16,5,15,18,14,19,4,24,3,12,11],[21,17,5,1,13,20,16,9,19,15,18,14,4,24,2,12,11],[5,9,13,21,17,16,1,20,14,18,19,15,4,24,2,12,11],[17,21,1,9,5,13,16,20,14,18,19,15,4,24,2,12,11],[17,13,20,16,21,1,9,5,15,18,14,19,4,24,2,12,10,11],[5,9,21,13,1,17,16,20,14,19,4,24,15,18,3,12,10,11],[21,13,5,17,16,20,1,9,14,18,19,15,4,24,2,12,10,11],[9,1,5,17,13,16,20,21,14,19,4,24,18,15,3,12,11],[1,13,9,21,5,17,20,16,14,18,19,15,4,24,2,12,11],[13,5,17,20,16,21,1,9,19,15,14,4,18,24,2,12,11],[1,5,17,13,20,16,21,9,15,18,19,14,4,24,3,12,11],[21,9,17,1,13,20,16,5,19,14,4,24,15,18,3,12,11],[13,5,1,17,20,16,21,9,18,15,14,19,4,24,3,12,10,11],[13,5,9,1,17,16,20,21,15,18,19,14,4,24,2,12,11],[17,9,21,5,13,16,20,1,15,18,14,19,4,24,2,12,10,11],[13,9,17,20,16,21,1,5,18,14,15,19,4,24,3,12,10,11],[21,17,5,9,13,20,16,1,15,19,14,4,18,24,2,12,10,11],[1,17,21,13,20,16,5,9,19,15,14,4,18,24,3,12,11],[13,5,17,20,16,21,1,9,18,14,19,15,4,24,3,12,11],[17,9,5,21,1,13,20,16,14,19,4,24,18,15,3,12,11],[13,17,16,20,9,21,1,5,18,15,14,19,4,24,2,12,11],[21,1,17,9,5,13,16,20,15,18,19,14,4,24,3,12,11],[1,9,21,13,17,20,16,5,19,14,4,24,15,18,3,12,10,11],[9,13,17,20,16,1,5,21,18,15,14,19,4,24,3,12,11],[5,21,13,17,20,16,1,9,14,19,4,24,18,15,3,12,11],[5,13,9,17,16,20,21,1,15,18,19,14,4,24,3,12,10,11],[9,17,1,13,16,20,5,21,18,15,14,19,4,24,2,12,10,11],[5,1,9,21,17,13,16,20,14,18,19,15,4,24,2,12,10,11],[5,13,1,17,16,20,9,21,15,19,18,14,4,24,2,12,10,11],[1,9,13,17,16,20,5,21,19,15,18,14,4,24,2,12,10,11],[5,13,21,1,17,16,20,9,14,19,4,24,18,15,2,12,10,11],[1,17,9,21,5,13,20,16,19,14,4,24,18,15,2,12,10,11],[5,9,1,17,21,13,16,20,18,15,19,14,4,24,3,12,10,11],[9,21,13,17,20,16,1,5,14,18,19,15,4,24,3,12,11],[1,21,17,13,16,20,9,5,15,18,14,19,4,24,2,12,10,11],[9,21,5,17,13,20,16,1,14,19,4,24,18,15,3,12,10,11],[9,21,5,1,13,17,16,20,18,15,14,19,4,24,2,12,10,11],[1,13,5,21,9,17,16,20,14,18,15,19,4,24,2,12,11],[17,5,21,1,13,20,16,9,19,14,4,24,15,18,3,12,10,11],[21,5,1,9,13,17,16,20,18,14,19,15,4,24,2,12,10,11],[9,1,5,17,21,13,16,20,14,19,4,24,15,18,2,12,11],[13,1,21,9,17,20,16,5,19,15,14,4,18,24,3,12,11],[5,17,13,16,20,9,1,21,18,14,19,15,4,24,3,12,11],[9,21,13,1,5,17,16,20,14,18,19,15,4,24,2,12,10,11],[9,17,21,5,1,13,20,16,14,18,15,19,4,24,2,12,10,11],[17,13,20,16,5,9,21,1,15,19,18,14,4,24,3,12,10,11],[1,5,13,21,17,20,16,9,14,18,15,19,4,24,2,12,11],[1,5,9,21,17,13,20,16,14,19,4,24,15,18,2,12,10,11],[1,9,21,13,17,20,16,5,14,19,4,24,15,18,3,12,11],[9,21,13,17,16,5,20,1,18,15,19,14,4,24,3,12,10,11],[21,1,9,17,13,16,20,5,14,18,19,15,4,24,3,12,11],[9,13,21,17,20,16,1,5,19,15,14,18,4,24,2,12,11],[13,5,9,21,17,20,16,1,18,14,15,19,4,24,3,12,10,11],[5,17,1,9,21,13,20,16,14,19,4,24,15,18,3,12,11],[1,17,5,21,13,20,16,9,19,14,4,24,15,18,3,12,11],[9,1,21,13,17,20,16,5,19,15,18,14,4,24,2,12,11],[13,21,9,5,1,17,20,16,15,18,19,14,4,24,3,12,11],[5,17,21,1,13,16,20,9,14,19,4,24,15,18,2,12,11],[9,5,1,21,17,13,16,20,14,18,19,15,4,24,3,12,11],[17,9,1,13,20,16,21,5,14,18,15,19,4,24,2,12,10,11],[17,13,16,20,1,21,5,9,14,18,19,15,4,24,3,12,10,11],[13,21,9,17,16,20,1,5,14,19,4,24,15,18,3,12,10,11],[13,1,9,21,5,17,16,20,15,19,18,14,4,24,3,12,10,11],[17,21,5,1,9,13,16,20,18,14,19,15,4,24,2,12,10,11],[9,1,21,5,13,17,16,20,14,18,15,19,4,24,3,12,11],[1,9,13,21,5,17,16,20,15,19,14,4,18,24,2,12,10,11],[9,21,5,17,1,13,20,16,19,14,4,24,18,15,3,12,10,11],[1,13,9,5,17,20,16,21,19,15,18,14,4,24,2,12,10,11],[9,13,17,20,16,21,1,5,19,15,14,18,4,24,2,12,11],[9,5,17,21,1,13,16,20,18,15,14,19,4,24,2,12,10,11],[13,21,9,5,1,17,20,16,14,18,19,15,4,24,3,12,11],[5,9,21,17,13,20,16,1,15,18,14,19,4,24,2,12,11],[17,13,16,20,21,9,1,5,15,18,14,19,4,24,2,12,10,11],[17,13,20,16,1,5,9,21,14,19,4,24,18,15,2,12,10,11],[13,9,17,16,20,5,1,21,14,19,4,24,15,18,3,12,10,11],[21,9,13,17,20,16,5,1,19,14,4,24,15,18,3,12,11],[21,5,9,1,17,13,16,20,14,19,4,24,18,15,3,12,11],[5,17,1,21,9,13,20,16,19,14,4,24,15,18,3,12,10,11],[13,17,20,16,5,1,9,21,19,14,4,24,15,18,3,12,11],[5,17,13,16,20,21,1,9,15,18,14,19,4,24,3,12,11],[5,1,21,13,9,17,20,16,15,18,19,14,4,24,3,12,10,11],[21,5,13,17,16,20,1,9,15,19,14,4,18,24,3,12,10,11],[1,5,9,17,21,13,16,20,15,18,19,14,4,24,2,12,11],[21,5,1,13,17,20,16,9,18,14,15,19,4,24,2,12,11],[17,5,21,1,13,16,20,9,15,18,19,14,4,24,2,12,11],[17,1,21,9,5,13,16,20,14,18,19,15,4,24,2,12,10,11],[9,13,1,5,21,17,16,20,14,18,15,19,4,24,3,12,10,11],[21,1,5,13,9,17,20,16,19,14,4,24,18,15,3,12,10,11],[1,21,9,17,5,13,20,16,14,18,15,19,4,24,3,12,10,11],[1,21,17,13,20,16,5,9,18,14,15,19,4,24,3,12,11],[17,5,1,13,16,20,21,9,14,19,4,24,18,15,3,12,11],[9,17,21,1,13,20,16,5,15,18,14,19,4,24,2,12,11],[9,21,5,13,17,16,20,1,18,15,19,14,4,24,3,12,10,11],[21,5,9,13,17,20,16,1,18,14,19,15,4,24,2,12,10,11],[9,1,5,13,21,17,20,16,18,15,19,14,4,24,3,12,10,11],[21,17,5,1,9,13,20,16,15,18,19,14,4,24,3,12,10,11],[21,13,17,16,20,5,9,1,15,18,19,14,4,24,3,12,10,11],[21,13,9,5,17,16,20,1,19,15,18,14,4,24,2,12,11],[5,9,1,21,13,17,20,16,18,15,14,19,4,24,2,12,11],[17,13,16,20,9,5,21,1,18,15,14,19,4,24,3,12,10,11],[17,5,9,13,20,16,21,1,18,14,15,19,4,24,2,12,11],[5,13,21,9,1,17,16,20,15,18,19,14,4,24,2,12,10,11],[13,5,21,9,17,20,16,1,19,14,4,24,18,15,3,12,11],[5,13,21,9,17,20,16,1,14,19,4,24,15,18,3,12,10,11],[13,17,20,16,1,5,9,21,15,18,19,14,4,24,2,12,10,11],[13,17,16,20,5,9,1,21,19,14,4,24,15,18,3,12,11],[1,13,9,5,17,16,20,21,19,15,14,18,4,24,2,12,11],[9,5,21,13,1,17,16,20,18,15,14,19,4,24,3,12,11],[5,21,17,9,13,20,16,1,18,15,14,19,4,24,2,12,10,11],[13,5,9,21,1,17,16,20,18,14,15,19,4,24,3,12,10,11],[1,13,9,17,16,20,21,5,15,18,14,19,4,24,2,12,10,11],[13,1,21,5,9,17,16,20,15,19,14,4,18,24,3,12,11],[9,5,21,17,1,13,20,16,15,18,19,14,4,24,3,12,10,11],[17,21,5,9,13,20,16,1,14,19,4,24,15,18,3,12,11],[9,21,5,13,1,17,16,20,15,18,19,14,4,24,2,12,11],[13,21,1,17,16,20,5,9,15,18,14,19,4,24,2,12,11],[9,5,13,1,17,20,16,21,18,15,14,19,4,24,2,12,11],[1,13,5,9,17,16,20,21,14,18,15,19,4,24,2,12,10,11],[21,13,17,20,16,9,1,5,14,19,4,24,15,18,3,12,10,11],[5,1,13,21,17,16,20,9,14,19,4,24,18,15,3,12,10,11],[1,17,9,21,13,16,20,5,14,18,15,19,4,24,3,12,10,11],[21,17,1,5,13,16,9,20,19,14,4,24,18,15,2,12,11],[17,21,9,1,13,20,16,5,19,14,4,24,18,15,3,12,10,11],[21,17,9,1,5,13,16,20,19,14,4,24,15,18,3,12,11],[13,17,20,16,21,5,9,1,14,18,15,19,4,24,3,12,11],[9,5,13,21,17,16,20,1,14,18,15,19,4,24,3,12,10,11],[17,13,20,16,1,9,21,5,15,18,19,14,4,24,2,12,11],[17,5,13,20,16,21,9,1,18,14,15,19,4,24,3,12,10,11],[9,21,1,13,17,20,16,5,15,18,14,19,4,24,2,12,11],[21,17,13,20,16,1,9,5,14,19,4,24,18,15,3,12,10,11],[9,5,21,13,1,17,20,16,19,15,14,4,18,24,2,12,10,11],[17,13,20,16,1,21,5,9,19,14,4,24,18,15,2,12,10,11],[17,21,9,1,13,16,20,5,15,19,14,4,18,24,2,12,10,11],[9,21,13,1,17,20,16,5,15,19,14,18,4,24,2,12,10,11],[17,13,16,20,1,5,21,9,19,14,4,24,15,18,2,12,11],[21,1,17,5,13,20,16,9,18,14,15,19,4,24,2,12,11],[9,5,1,17,13,16,20,21,15,18,19,14,4,24,2,12,11],[5,9,13,1,21,17,16,20,19,14,4,24,15,18,3,12,11],[5,13,17,20,16,21,1,9,14,19,4,24,18,15,2,12,10,11],[5,1,9,13,17,16,20,21,15,19,14,4,18,24,3,12,11],[21,17,9,1,5,13,20,16,19,14,4,24,15,18,3,12,11],[5,13,1,9,21,17,20,16,14,18,19,15,4,24,2,12,11],[1,17,9,13,20,16,21,5,14,19,4,24,18,15,2,12,11],[1,21,9,5,17,13,20,16,19,15,14,18,4,24,2,12,10,11],[5,21,13,17,16,20,1,9,14,19,4,24,15,18,3,12,11],[5,1,17,13,16,20,21,9,14,19,4,24,15,18,3,12,11],[17,13,16,20,9,21,5,1,19,15,18,14,4,24,2,12,10,11],[17,9,13,16,20,5,21,1,18,15,19,14,4,24,2,12,11],[9,5,13,21,1,17,16,20,14,19,4,24,18,15,3,12,10,11],[9,17,5,13,16,21,20,1,15,18,19,14,4,24,2,12,11],[17,13,20,16,9,5,1,21,19,14,4,24,18,15,3,12,10,11],[17,5,1,9,13,16,20,21,15,18,19,14,4,24,2,12,11],[1,9,13,21,17,16,20,5,18,15,14,19,4,24,2,12,10,11],[17,13,20,16,21,1,5,9,14,18,15,19,4,24,3,12,11],[17,13,16,20,1,9,5,21,18,15,14,19,4,24,2,12,10,11],[21,9,5,1,13,17,20,16,19,15,14,18,4,24,2,12,10,11],[5,9,21,1,17,13,20,16,19,14,4,24,15,18,2,12,10,11],[21,1,17,13,16,20,5,9,15,18,14,19,4,24,3,12,10,11],[1,17,21,13,20,16,9,5,19,14,4,24,15,18,2,12,10,11],[17,13,16,20,9,21,1,5,14,19,4,24,18,15,3,12,11],[1,9,5,21,13,17,16,20,19,15,14,18,4,24,2,12,11],[9,1,21,13,5,17,20,16,15,18,19,14,4,24,2,12,10,11],[13,9,17,20,16,21,5,1,14,18,15,19,4,24,2,12,11],[13,17,16,20,1,5,21,9,18,14,19,15,4,24,3,12,11],[1,21,17,13,20,16,9,5,14,19,4,24,15,18,2,12,11],[1,5,13,17,20,16,21,9,18,14,19,15,4,24,2,12,11],[13,5,9,1,21,17,16,20,18,14,15,19,4,24,3,12,10,11],[1,21,13,9,17,20,16,5,15,18,19,14,4,24,2,12,10,11],[9,1,17,5,21,13,20,16,18,15,14,19,4,24,3,12,10,11],[9,1,13,21,5,17,16,20,14,19,4,24,15,18,3,12,11],[9,5,13,17,16,20,21,1,18,14,19,15,4,24,3,12,10,11],[1,17,5,13,20,16,21,9,15,19,18,14,4,24,3,12,10,11],[17,13,16,20,9,1,5,21,18,15,19,14,4,24,3,12,10,11],[17,1,5,13,20,16,9,21,14,19,4,24,18,15,2,12,11],[5,13,1,17,16,20,9,21,18,14,19,15,4,24,2,12,11],[21,13,17,16,20,9,5,1,18,15,19,14,4,24,3,12,10,11],[17,13,16,20,9,1,21,5,15,18,19,14,4,24,3,12,10,11],[1,17,9,13,16,20,5,21,18,14,15,19,4,24,2,12,11],[13,1,17,16,20,21,5,9,14,18,15,19,4,24,3,12,10,11],[21,5,1,13,9,17,20,16,14,19,4,24,18,15,2,12,10,11],[17,9,21,13,20,16,1,5,15,19,18,14,4,24,2,12,11],[17,13,16,5,20,1,21,9,19,14,4,24,15,18,2,12,10,11],[13,5,1,9,21,17,20,16,18,15,14,19,4,24,2,12,10,11],[9,21,5,13,1,17,20,16,15,18,14,19,4,24,2,12,11],[9,21,13,5,17,16,20,1,14,18,19,15,4,24,2,12,10,11],[17,9,1,21,13,20,16,5,15,19,14,18,4,24,2,12,10,11],[1,21,5,9,13,17,20,16,18,14,19,15,4,24,3,12,10,11],[9,17,5,13,20,16,1,21,14,18,19,15,4,24,3,12,11],[13,21,1,17,20,16,5,9,15,18,14,19,4,24,2,12,11],[17,9,13,20,16,5,1,21,19,15,14,18,4,24,3,12,11],[9,17,21,5,13,16,20,1,19,14,4,24,15,18,3,12,11],[13,9,17,20,16,5,1,21,14,18,19,15,4,24,3,12,11],[9,21,5,13,1,17,16,20,18,14,15,19,4,24,3,12,11],[13,5,1,17,16,20,21,9,14,18,19,15,4,24,2,12,10,11],[21,13,1,5,9,17,16,20,14,18,19,15,4,24,3,12,11],[1,13,5,9,21,17,20,16,14,19,4,24,18,15,3,12,10,11],[21,17,13,16,20,1,9,5,15,18,19,14,4,24,3,12,10,11],[5,1,17,21,9,13,16,20,15,19,18,14,4,24,3,12,11],[17,5,13,20,16,9,21,1,14,19,4,24,18,15,2,12,10,11],[13,21,5,17,20,16,1,9,14,19,4,24,18,15,3,12,11],[9,5,21,17,13,20,16,1,15,19,18,14,4,24,2,12,11],[5,17,1,21,9,13,20,16,15,19,14,18,4,24,3,12,10,11],[1,5,13,9,21,17,16,20,19,15,14,18,4,24,2,12,11],[17,1,21,13,16,20,9,5,19,14,4,24,15,18,3,12,11],[21,9,1,17,13,16,20,5,15,19,14,18,4,24,2,12,10,11],[1,21,17,13,20,16,9,5,15,19,14,18,4,24,3,12,11],[9,17,21,1,13,16,20,5,15,18,19,14,4,24,2,12,10,11],[17,13,16,20,21,9,1,5,15,19,18,14,4,24,3,12,10,11],[1,5,9,17,13,16,20,21,18,14,15,19,4,24,3,12,11],[5,13,9,17,20,16,21,1,18,15,19,14,4,24,2,12,11],[17,21,13,16,20,9,1,5,14,19,4,24,18,15,3,12,11],[17,5,13,16,20,1,21,9,18,14,19,15,4,24,3,12,10,11],[13,1,17,16,20,5,9,21,15,19,18,14,4,24,3,12,11],[17,5,13,16,20,21,9,1,14,19,4,24,15,18,3,12,11],[1,9,17,21,13,20,16,5,18,15,14,19,4,24,3,12,11],[17,1,9,5,21,13,20,16,15,19,14,4,18,24,3,12,11],[13,9,17,16,20,1,21,5,19,14,4,24,15,18,2,12,10,11],[1,17,5,9,13,16,20,21,18,15,14,19,4,24,3,12,10,11],[1,21,5,17,9,13,16,20,18,14,15,19,4,24,2,12,10,11],[9,1,21,5,13,17,20,16,18,14,19,15,4,24,3,12,11],[13,17,16,20,5,9,21,1,18,15,14,19,4,24,3,12,10,11],[21,13,9,17,20,16,5,1,19,14,4,24,15,18,2,12,11],[21,9,13,17,16,20,5,1,14,19,4,24,18,15,3,12,10,11],[1,5,17,21,13,20,16,9,19,14,4,24,15,18,2,12,11],[17,13,16,20,5,1,9,21,19,14,4,24,18,15,2,12,10,11],[21,5,1,17,9,13,16,20,18,15,19,14,4,24,3,12,11],[13,5,17,16,21,20,9,1,19,14,4,24,18,15,2,12,11],[9,5,1,13,21,17,20,16,15,18,19,14,4,24,3,12,10,11],[17,13,16,20,1,9,21,5,19,15,18,14,4,24,3,12,10,11],[21,17,1,5,9,13,16,20,19,14,4,24,15,18,2,12,10,11],[13,9,1,21,17,16,20,5,14,19,4,24,18,15,2,12,10,11],[9,21,1,17,5,13,20,16,18,14,15,19,4,24,3,12,10,11],[17,5,21,9,13,20,16,1,14,19,4,24,18,15,3,12,10,11],[5,17,13,16,20,21,9,1,14,19,4,24,18,15,2,12,11],[13,1,9,17,16,20,21,5,19,15,14,18,4,24,2,12,11],[5,1,13,17,16,20,9,21,15,18,19,14,4,24,3,12,11],[5,17,21,1,13,16,20,9,19,15,18,14,4,24,3,12,11],[9,1,21,13,17,16,20,5,19,15,14,18,4,24,2,12,10,11],[21,9,1,13,5,17,20,16,18,15,19,14,4,24,3,12,11],[21,17,5,13,16,20,9,1,15,18,19,14,4,24,2,12,10,11],[21,1,5,17,13,20,16,9,18,14,19,15,4,24,2,12,10,11],[17,13,16,20,21,1,9,5,19,14,4,24,15,18,3,12,11],[5,1,13,9,17,16,20,21,14,18,19,15,4,24,2,12,11],[1,9,17,13,16,20,21,5,19,15,18,14,4,24,2,12,11],[17,9,5,13,20,16,1,21,18,15,19,14,4,24,3,12,11],[13,9,17,16,20,5,21,1,15,18,19,14,4,24,2,12,11],[9,5,17,1,21,13,20,16,19,15,14,18,4,24,3,12,11],[1,5,9,13,17,20,16,21,14,19,4,24,18,15,3,12,11],[21,9,5,17,13,20,16,1,18,14,19,15,4,24,2,12,10,11],[21,13,1,17,16,20,5,9,14,18,19,15,4,24,3,12,10,11],[21,1,17,13,16,20,9,5,19,15,18,14,4,24,3,12,11],[13,17,20,16,21,1,5,9,15,19,18,14,4,24,2,12,11],[9,13,1,5,21,17,20,16,15,19,18,14,4,24,2,12,11],[5,17,21,9,13,16,20,1,18,15,14,19,4,24,2,12,10,11],[5,17,21,1,9,13,20,16,14,18,19,15,4,24,3,12,11],[21,17,1,13,16,20,9,5,19,15,14,18,4,24,2,12,10,11],[21,5,1,9,13,17,20,16,19,14,4,24,18,15,2,12,11],[9,13,5,21,17,16,20,1,18,15,14,19,4,24,2,12,11],[1,9,5,21,17,13,20,16,15,19,14,4,18,24,2,12,11],[9,21,17,5,1,13,16,20,15,18,19,14,4,24,2,12,11],[9,13,5,17,16,20,21,1,15,18,19,14,4,24,3,12,11],[17,13,16,20,5,21,1,9,19,14,4,24,15,18,2,12,11],[17,13,16,20,9,1,5,21,18,14,15,19,4,24,3,12,10,11],[17,5,21,9,13,20,16,1,18,15,14,19,4,24,3,12,11],[9,1,21,5,13,17,20,16,15,19,14,18,4,24,3,12,11],[9,13,1,5,17,20,16,21,15,18,14,19,4,24,2,12,10,11],[5,17,9,1,13,16,20,21,19,14,4,24,15,18,3,12,11],[5,17,1,9,13,16,20,21,19,15,14,18,4,24,2,12,10,11],[21,1,13,5,17,20,16,9,18,15,14,19,4,24,3,12,11],[21,13,5,17,16,20,1,9,19,15,14,4,18,24,2,12,11],[5,21,13,17,20,16,9,1,14,18,19,15,4,24,2,12,11],[5,21,13,9,1,17,16,20,18,15,19,14,4,24,3,12,10,11],[13,9,21,5,17,16,20,1,18,15,14,19,4,24,3,12,10,11],[9,13,5,21,17,16,20,1,14,18,19,15,4,24,2,12,11],[1,17,21,13,16,20,9,5,14,18,19,15,4,24,3,12,11],[21,13,9,5,17,20,16,1,18,15,19,14,4,24,2,12,10,11],[17,5,9,1,21,13,20,16,19,15,18,14,4,24,3,12,11],[1,21,13,17,20,16,5,9,14,19,4,24,18,15,2,12,10,11],[1,5,9,21,17,13,20,16,14,19,4,24,15,18,3,12,11],[5,21,17,1,9,13,20,16,19,14,4,24,15,18,3,12,10,11],[21,17,13,16,20,9,5,1,15,19,14,4,18,24,2,12,11],[13,9,21,1,17,20,16,5,18,15,14,19,4,24,2,12,11],[17,13,20,16,21,5,9,1,19,14,4,24,18,15,2,12,10,11],[5,1,13,17,16,20,21,9,19,14,4,24,18,15,3,12,10,11],[17,9,1,13,16,20,21,5,15,18,19,14,4,24,2,12,11],[9,21,5,13,1,17,16,20,18,15,19,14,4,24,2,12,10,11],[5,17,13,20,16,21,1,9,19,14,4,24,18,15,3,12,10,11],[9,1,5,17,13,16,20,21,19,15,18,14,4,24,2,12,11],[5,1,17,9,13,16,20,21,14,18,19,15,4,24,3,12,10,11],[21,13,5,1,9,17,16,20,18,14,19,15,4,24,3,12,10,11],[1,21,13,9,17,20,16,5,15,19,14,18,4,24,3,12,11],[1,5,17,9,21,13,16,20,15,19,14,4,18,24,3,12,11],[9,5,21,17,13,20,16,1,14,19,4,24,18,15,3,12,10,11],[13,1,5,21,9,17,16,20,14,18,15,19,4,24,3,12,10,11],[21,17,1,9,13,16,20,5,18,15,14,19,4,24,3,12,11],[9,21,17,1,13,16,20,5,14,19,4,24,15,18,2,12,11],[13,5,9,1,17,16,20,21,18,14,15,19,4,24,2,12,10,11],[9,17,1,21,5,13,20,16,15,19,14,18,4,24,2,12,10,11],[17,1,5,21,9,13,20,16,19,15,14,18,4,24,3,12,11],[21,13,1,5,9,17,20,16,19,14,4,24,15,18,3,12,10,11],[17,9,13,20,16,5,1,21,19,15,18,14,4,24,2,12,11],[5,17,1,13,20,16,21,9,14,18,15,19,4,24,3,12,11],[9,1,13,5,21,17,20,16,14,19,4,24,15,18,3,12,11],[17,1,9,13,20,16,21,5,19,15,14,18,4,24,2,12,11],[9,13,1,21,17,16,20,5,14,19,4,24,15,18,3,12,10,11],[9,21,13,5,17,16,20,1,15,19,18,14,4,24,3,12,11],[17,9,21,1,5,13,16,20,18,14,15,19,4,24,2,12,11],[17,13,16,20,21,1,5,9,19,14,4,24,15,18,2,12,10,11],[13,17,20,16,9,1,21,5,15,19,18,14,4,24,3,12,10,11],[21,9,5,1,17,13,20,16,18,15,19,14,4,24,2,12,10,11],[21,5,13,1,17,16,20,9,19,15,18,14,4,24,3,12,11],[9,13,17,16,20,1,5,21,18,15,19,14,4,24,3,12,10,11],[17,5,1,13,20,16,21,9,18,15,14,19,4,24,3,12,10,11],[1,9,17,21,5,13,16,20,15,19,18,14,4,24,3,12,10,11],[1,13,21,17,16,20,5,9,15,19,18,14,4,24,3,12,11],[1,13,17,20,16,9,21,5,14,19,4,24,15,18,3,12,10,11],[17,5,1,13,16,20,9,21,18,15,14,19,4,24,2,12,10,11],[13,9,1,21,5,17,16,20,14,19,4,24,18,15,2,12,11],[17,1,5,13,16,20,21,9,19,15,18,14,4,24,3,12,11],[5,21,9,17,13,16,20,1,14,19,4,24,15,18,3,12,11],[13,21,1,17,16,20,9,5,19,15,14,18,4,24,2,12,11],[9,13,5,21,17,20,16,1,19,15,14,4,18,24,2,12,11],[17,5,21,13,16,20,1,9,18,14,19,15,4,24,3,12,10,11],[17,1,5,21,9,13,16,20,14,18,15,19,4,24,2,12,11],[1,21,9,5,13,17,20,16,19,15,14,18,4,24,3,12,10,11],[21,13,1,5,17,16,20,9,19,14,4,24,15,18,2,12,11],[1,9,21,17,13,16,20,5,19,14,4,24,15,18,3,12,11],[13,1,5,9,21,17,16,20,18,15,19,14,4,24,2,12,11],[17,13,16,20,5,21,1,9,18,14,19,15,4,24,2,12,11],[13,1,21,9,17,16,20,5,14,18,19,15,4,24,3,12,11],[13,9,21,17,20,16,5,1,18,14,19,15,4,24,2,12,10,11],[1,5,9,13,17,16,20,21,19,14,4,24,18,15,3,12,11],[17,21,5,13,16,20,9,1,18,14,15,19,4,24,2,12,10,11],[5,9,21,1,13,17,20,16,14,19,4,24,15,18,2,12,11],[9,5,21,17,13,16,20,1,14,18,19,15,4,24,3,12,10,11],[13,17,20,16,5,21,9,1,15,19,18,14,4,24,3,12,10,11],[1,17,13,20,16,9,5,21,18,14,15,19,4,24,3,12,11],[17,9,13,16,20,1,21,5,14,18,19,15,4,24,2,12,11],[9,13,21,1,17,16,20,5,18,15,14,19,4,24,3,12,10,11],[21,5,17,13,20,16,9,1,14,19,4,24,15,18,3,12,10,11],[13,1,9,21,17,20,16,5,14,19,4,24,15,18,3,12,11],[13,21,9,17,16,20,1,5,19,14,4,24,18,15,2,12,11],[17,13,20,16,21,1,5,9,14,18,15,19,4,24,2,12,10,11],[13,1,21,9,5,17,20,16,15,19,14,18,4,24,2,12,10,11],[5,13,21,9,17,20,16,1,14,18,19,15,4,24,2,12,11],[1,9,13,17,16,20,5,21,19,14,4,24,18,15,2,12,10,11],[1,13,17,20,16,9,21,5,15,19,18,14,4,24,3,12,10,11],[13,21,5,1,9,17,16,20,18,14,15,19,4,24,3,12,10,11],[1,5,13,21,17,20,16,9,18,15,19,14,4,24,3,12,10,11],[5,13,9,21,17,20,16,1,19,14,4,24,15,18,2,12,10,11],[17,9,21,5,1,13,16,20,15,18,14,19,4,24,2,12,10,11],[13,9,1,21,5,17,20,16,18,14,15,19,4,24,2,12,11],[13,1,5,21,17,20,16,9,18,14,15,19,4,24,3,12,10,11],[21,1,13,5,9,17,20,16,15,18,14,19,4,24,3,12,10,11],[17,13,20,16,5,21,9,1,18,14,15,19,4,24,2,12,11],[5,1,9,21,17,13,16,20,15,18,19,14,4,24,3,12,10,11],[1,21,17,5,9,13,20,16,15,18,14,19,4,24,2,12,11],[9,21,5,1,17,13,16,20,19,15,14,18,4,24,2,12,10,11],[13,5,21,1,9,17,16,20,18,14,15,19,4,24,3,12,11],[9,17,13,20,16,5,21,1,14,18,19,15,4,24,3,12,10,11],[21,5,17,9,1,13,20,16,18,14,15,19,4,24,2,12,10,11],[17,9,5,1,13,20,16,21,15,19,18,14,4,24,3,12,11],[13,17,20,16,9,1,21,5,18,14,19,15,4,24,2,12,11],[5,21,17,13,16,1,20,9,15,18,14,19,4,24,2,12,11],[1,9,17,13,20,16,21,5,19,14,4,24,18,15,3,12,11],[5,13,17,20,16,1,21,9,15,18,14,19,4,24,3,12,10,11],[9,17,1,13,20,16,21,5,19,15,14,18,4,24,2,12,11],[5,13,1,9,17,16,20,21,18,15,14,19,4,24,2,12,10,11],[5,21,13,9,1,17,16,20,15,18,19,14,4,24,3,12,11],[21,13,9,17,20,16,1,5,19,15,18,14,4,24,2,12,11],[13,17,20,16,5,21,1,9,18,15,19,14,4,24,3,12,11],[1,13,17,16,20,5,9,21,15,19,14,18,4,24,3,12,10,11],[13,5,9,21,17,16,20,1,15,19,14,4,18,24,2,12,10,11],[17,21,1,9,5,13,16,20,19,15,14,18,4,24,3,12,11],[13,1,17,16,20,9,5,21,15,19,18,14,4,24,2,12,11],[9,17,1,5,21,13,20,16,18,14,15,19,4,24,2,12,11],[13,5,17,16,20,1,21,9,19,15,18,14,4,24,2,12,11],[13,5,17,20,16,1,9,21,18,15,19,14,4,24,2,12,10,11],[9,13,1,21,5,17,16,20,15,19,14,18,4,24,3,12,11],[13,17,20,16,9,5,1,21,14,18,19,15,4,24,2,12,11],[1,21,13,5,9,17,16,20,14,19,4,24,15,18,2,12,11],[17,9,1,21,13,20,16,5,15,18,19,14,4,24,3,12,11],[9,5,21,13,1,17,16,20,15,19,18,14,4,24,3,12,10,11],[13,17,20,16,1,21,5,9,19,15,14,18,4,24,2,12,11],[9,17,1,5,21,13,16,20,18,14,19,15,4,24,2,12,10,11],[13,1,21,9,17,16,20,5,14,18,19,15,4,24,2,12,10,11],[17,1,21,13,16,20,5,9,15,19,18,14,4,24,3,12,10,1