{"problem_id":"hU4RqRa2THhvilu","sigma":150,"alpha":3.162,"cost":1,"probabilities":"[0.13, 0.45, 0.19, 0.23]","payoff_matrix":"[[-145, 2, 30, -40, -20, 169], [-246, -152, 152, -99, 54, 103], [22, 203, 145, 32, -59, 93], [10, -162, -145, -109, 97, -141]]","uncovered":[[22,18,10,12,6,14,2,24,20,19,11],[10,14,6,2,22,24,18],[6,10,22,24,2,14,18],[6,22,14,10,24,2,18],[10,14,2,6,22,12,18,24,20,11],[2,18,14,22,10,24,6],[6,18,22,10,24,14,2],[6,18,22,10,24,14,2],[2,14,6,10,18,22,24],[2,14,6,18,22,10,24],[10,22,12,14,6,18,2,24,20,19,11],[14,10,6,22,24,2,18],[18,6,2,14,22,10,24],[6,2,18,22,14,10,24],[2,14,10,22,12,6,18,24,20,11],[6,14,18,2,10,22,12,24,20,11],[10,14,18,6,2,22,24],[18,2,6,10,22,24,14],[6,18,10,2,14,22,24],[2,6,14,22,18,10,24],[22,6,2,10,12,18,14,24,20,11],[10,2,18,6,22,12,14,24,20,19,11],[14,22,10,12,2,18,6,24,20,19,11],[6,10,22,12,2,14,18,24,20,19,11],[14,22,2,10,12,18,6,24,20,19,11],[18,2,14,10,6,22,12,24,20,11],[6,18,10,14,22,24,2],[6,18,22,10,24,2,14],[18,14,22,10,24,6,2],[22,18,2,14,10,24,6],[6,18,10,22,24,2,14],[22,6,18,2,10,12,14,24,20,11],[10,6,18,22,24,14,2],[6,10,18,14,2,22,12,24,20,11],[18,2,22,14,6,10,24],[22,18,14,6,10,12,2,24,20,19,11],[10,22,24,14,6,18,2],[22,10,24,14,6,18,2],[6,18,14,2,10,22,12,24,20,11],[10,22,24,6,2,14,18],[10,6,14,2,22,24,18],[22,10,12,18,2,14,6,24,20,19,11],[6,22,10,24,2,14,18],[14,22,18,2,6,10,24],[10,14,22,24,18,2,6],[18,14,22,6,10,24,2],[10,18,22,24,6,2,14],[2,22,6,10,24,14,18],[10,22,12,18,14,2,6,24,20,19,11],[14,10,2,18,22,12,6,24,20,11],[18,14,10,6,2,22,12,24,20,11],[2,18,6,14,10,22,24],[18,14,2,10,6,22,24],[10,2,22,24,6,14,18],[10,22,12,2,14,6,18,24,20,11],[14,6,2,22,10,12,18,24,20,11],[2,18,22,6,14,10,24],[14,10,2,6,18,22,12,24,20,11],[6,14,22,2,18,10,12,24,20,11],[18,2,14,6,22,10,24],[2,6,10,14,22,12,18,24,20,11],[6,10,22,12,2,18,14,24,20,11],[14,2,6,10,18,22,12,24,20,11],[14,22,10,12,2,18,6,24,20,19,11],[14,10,18,6,22,24,2],[14,2,10,6,18,22,24],[14,22,10,12,18,6,2,24,20,11],[22,2,18,6,14,10,24],[18,14,2,22,6,10,12,24,20,11],[22,14,10,24,6,2,18],[22,14,10,12,6,2,18,24,20,19,11],[2,6,22,14,10,24,18],[22,6,2,14,10,12,18,24,20,11],[22,10,24,6,14,2,18],[6,10,18,2,22,24,14],[14,2,6,22,10,24,18],[2,6,18,14,10,22,24],[14,22,10,12,18,2,6,24,20,19,11],[22,6,14,2,18,10,12,24,20,11],[10,2,6,18,14,22,24],[2,6,22,18,10,12,14,24,20,11],[2,22,14,6,10,24,18],[22,6,10,12,18,2,14,24,20,11],[14,2,22,10,12,18,6,24,20,11],[10,22,12,14,18,2,6,24,20,19,11],[18,22,14,6,10,24,2],[10,14,6,2,18,22,12,24,20,19,11],[14,10,18,22,12,6,2,24,20,19,11],[22,18,2,10,12,14,6,24,20,11],[18,22,6,14,10,24,2],[22,14,18,6,10,12,2,24,20,11],[22,18,14,10,12,6,2,24,20,11],[2,14,18,6,22,10,24],[10,22,12,2,18,14,6,24,20,19,11],[2,22,14,10,12,6,18,24,20,19,11],[22,18,10,12,2,14,6,24,20,11],[6,14,22,18,10,24,2],[18,6,14,22,10,12,2,24,20,19,11],[2,6,10,22,12,18,14,24,20,19,11],[18,6,2,22,14,10,24],[18,10,22,12,14,2,6,24,20,11],[22,14,10,24,6,18,2],[22,2,10,24,18,14,6],[14,18,2,22,6,10,24],[18,6,10,2,14,22,12,24,20,19,11],[14,22,18,2,10,24,6],[22,2,14,18,6,10,24],[22,2,6,14,18,10,24],[10,14,2,6,22,12,18,24,20,11],[14,2,6,22,10,24,18],[14,2,10,22,24,6,18],[10,2,18,6,14,22,12,24,20,19,11],[22,14,10,24,6,18,2],[14,22,2,18,6,10,24],[10,22,24,6,14,18,2],[6,18,2,14,22,10,12,24,20,11],[6,2,10,18,14,22,12,24,20,11],[22,18,6,10,24,14,2],[18,6,2,14,10,22,24],[6,2,18,22,10,24,14],[6,14,22,2,18,10,12,24,20,11],[6,14,10,18,2,22,24],[18,10,6,22,24,2,14],[18,22,6,2,14,10,24],[22,18,14,6,10,12,2,24,20,11],[18,10,6,22,12,14,2,24,20,11],[6,2,14,10,22,12,18,24,20,11],[10,2,14,22,12,6,18,24,20,19,11],[14,2,10,22,24,6,18],[2,14,6,18,22,10,12,24,20,11],[18,10,22,12,14,6,2,24,20,19,11],[10,2,6,14,22,24,18],[18,10,14,2,6,22,12,24,20,19,11],[14,2,10,6,18,22,24],[18,2,14,10,22,12,6,24,20,19,11],[6,14,22,18,2,10,12,24,20,19,11],[18,10,2,6,14,22,24],[6,14,18,10,22,12,2,24,20,19,11],[22,10,12,6,2,18,14,24,20,19,11],[18,14,6,2,10,22,12,24,20,19,11],[2,6,14,22,10,12,18,24,20,19,11],[6,10,14,18,2,22,24],[14,22,2,6,18,10,12,24,20,11],[22,10,24,6,14,2,18],[14,2,6,10,22,12,18,24,20,19,11],[2,14,10,22,12,18,6,24,20,11],[22,2,6,18,14,10,24],[22,10,24,2,18,6,14],[2,10,6,14,22,24,18],[22,2,18,14,6,10,12,24,20,19,11],[6,10,22,24,2,18,14],[10,18,2,6,14,22,24],[10,22,12,14,18,6,2,24,20,11],[2,6,18,14,22,10,24],[2,14,10,6,18,22,24],[22,2,6,14,18,10,24],[18,14,6,22,10,24,2],[18,10,6,14,2,22,24],[10,14,6,18,2,22,12,24,20,11],[14,10,2,18,22,24,6],[2,14,10,22,12,18,6,24,20,11],[18,6,2,22,10,12,14,24,20,19,11],[6,18,14,22,2,10,24],[2,14,10,22,24,6,18],[6,22,10,12,2,18,14,24,20,11],[22,2,6,10,24,14,18],[10,2,22,12,6,14,18,24,20,11],[14,10,6,18,22,24,2],[10,18,2,14,22,12,6,24,20,19,11],[2,6,14,18,22,10,24],[18,2,10,14,6,22,24],[10,18,22,12,2,6,14,24,20,11],[6,10,14,22,24,18,2],[10,2,6,18,22,24,14],[10,22,12,14,6,2,18,24,20,19,11],[2,10,22,24,18,6,14],[22,14,10,24,2,18,6],[10,6,2,22,24,18,14],[14,18,2,6,22,10,12,24,20,11],[22,2,18,6,10,24,14],[10,14,18,22,12,6,2,24,20,19,11],[22,18,14,10,12,2,6,24,20,19,11],[18,2,10,6,14,22,12,24,20,11],[6,10,14,22,24,18,2],[2,22,10,12,6,18,14,24,20,11],[22,14,10,24,6,18,2],[22,10,24,6,18,2,14],[2,18,10,22,24,6,14],[14,10,18,2,22,24,6],[22,18,14,6,10,12,2,24,20,19,11],[10,6,22,12,18,14,2,24,20,11],[2,18,10,6,22,12,14,24,20,11],[22,10,24,14,6,2,18],[22,6,14,10,24,18,2],[10,22,24,18,6,14,2],[18,6,10,2,22,12,14,24,20,19,11],[18,10,22,12,2,6,14,24,20,11],[10,14,18,2,6,22,12,24,20,19,11],[10,6,2,18,14,22,12,24,20,11],[18,14,2,22,6,10,24],[10,2,18,14,6,22,12,24,20,19,11],[6,10,18,14,2,22,12,24,20,19,11],[14,22,6,10,12,2,18,24,20,19,11],[2,14,18,10,22,24,6],[6,10,14,22,24,2,18],[2,6,22,18,10,12,14,24,20,19,11],[2,14,10,6,18,22,12,24,20,11],[2,10,14,6,22,12,18,24,20,11],[6,18,10,22,24,2,14],[6,10,22,24,14,2,18],[22,18,2,14,6,10,12,24,20,11],[10,6,22,24,2,14,18],[2,22,10,12,6,18,14,24,20,11],[14,18,2,22,10,24,6],[2,14,22,6,10,24,18],[18,6,14,2,10,22,24],[14,18,22,2,6,10,12,24,20,11],[22,2,18,10,12,14,6,24,20,19,11],[14,2,6,10,22,24,18],[6,14,2,22,10,12,18,24,20,11],[2,10,18,14,6,22,24],[14,22,10,24,6,18,2],[18,6,2,14,10,22,24],[18,14,22,2,6,10,12,24,20,11],[14,22,10,12,18,6,2,24,20,11],[2,10,22,24,6,14,18],[18,2,22,10,24,14,6],[10,22,24,2,14,6,18],[2,10,22,24,6,14,18],[10,18,14,6,22,24,2],[14,18,6,22,10,24,2],[6,18,10,14,22,12,2,24,20,11],[6,22,18,10,24,14,2],[6,18,10,22,12,14,2,24,20,19,11],[6,10,18,22,24,2,14],[14,6,22,10,12,18,2,24,20,19,11],[6,14,10,2,18,22,24],[18,6,14,22,10,24,2],[18,22,2,14,6,10,24],[2,22,10,12,18,6,14,24,20,19,11],[2,22,6,18,14,10,12,24,20,19,11],[22,14,2,10,24,18,6],[14,10,18,6,2,22,12,24,20,19,11],[6,18,10,2,22,12,14,24,20,11],[22,10,12,2,18,6,14,24,20,11],[22,2,10,12,14,18,6,24,20,11],[14,18,22,6,2,10,12,24,20,11],[10,2,18,14,22,12,6,24,20,19,11],[2,10,14,22,12,6,18,24,20,19,11],[6,22,10,12,14,18,2,24,20,19,11],[18,22,10,24,6,14,2],[6,10,14,2,22,12,18,24,20,19,11],[14,10,18,2,6,22,24],[6,14,18,2,10,22,24],[6,22,10,24,18,14,2],[18,2,22,6,14,10,12,24,20,11],[2,18,6,22,10,12,14,24,20,19,11],[2,14,22,6,10,12,18,24,20,19,11],[14,18,10,6,2,22,12,24,20,19,11],[14,6,18,22,2,10,24],[18,10,6,2,22,12,14,24,20,11],[18,14,2,10,6,22,24],[18,2,6,14,10,22,12,24,20,11],[14,2,18,22,6,10,24],[18,14,22,2,10,24,6],[14,18,22,2,6,10,24],[22,18,10,24,6,2,14],[22,18,6,10,12,14,2,24,20,19,11],[18,2,6,10,22,12,14,24,20,19,11],[22,14,18,2,6,10,12,24,20,11],[10,14,22,24,18,2,6],[18,14,6,10,22,12,2,24,20,19,11],[18,10,22,12,14,2,6,24,20,19,11],[22,6,18,2,14,10,12,24,20,19,11],[10,14,2,18,6,22,12,24,20,11],[14,6,2,10,22,24,18],[2,10,6,14,18,22,24],[10,2,6,18,14,22,24],[22,18,6,14,10,24,2],[2,22,18,14,10,12,6,24,20,19,11],[22,10,24,2,6,18,14],[2,18,6,22,10,24,14],[14,6,18,10,2,22,24],[14,18,2,6,22,10,24],[6,14,18,2,10,22,12,24,20,19,11],[18,14,22,6,10,12,2,24,20,19,11],[22,14,6,18,10,24,2],[18,6,14,10,22,24,2],[18,14,22,2,10,12,6,24,20,19,11],[22,10,24,6,2,14,18],[2,14,18,22,6,10,24],[6,18,2,22,14,10,24],[14,6,10,2,22,24,18],[6,18,10,22,24,2,14],[10,22,12,18,2,6,14,24,20,11],[2,14,6,18,10,22,24],[6,18,2,14,22,10,24],[6,10,2,14,22,12,18,24,20,19,11],[10,6,2,14,22,12,18,24,20,19,11],[18,14,10,22,12,2,6,24,20,11],[14,18,22,2,10,12,6,24,20,19,11],[18,22,14,6,2,10,12,24,20,19,11],[10,6,18,2,14,22,24],[22,18,10,24,2,14,6],[14,18,2,6,10,22,24],[22,2,10,24,6,18,14],[2,22,6,10,24,18,14],[6,22,2,14,18,10,12,24,20,11],[2,22,14,6,10,24,18],[6,14,2,10,22,12,18,24,20,11],[22,2,10,12,6,14,18,24,20,19,11],[14,2,10,6,18,22,24],[18,10,14,22,24,2,6],[2,6,18,10,14,22,24],[22,10,12,6,14,2,18,24,20,19,11],[10,18,6,14,2,22,24],[22,10,24,18,14,6,2],[2,6,10,14,22,24,18],[18,2,14,10,22,24,6],[2,6,18,22,10,24,14],[6,18,2,14,22,10,24],[18,14,10,2,22,24,6],[22,6,14,18,2,10,12,24,20,11],[22,14,18,2,10,24,6],[10,18,14,22,12,2,6,24,20,11],[14,6,22,10,12,18,2,24,20,11],[22,14,18,6,10,24,2],[22,6,10,24,14,2,18],[18,10,2,6,14,22,12,24,20,11],[10,18,2,22,12,14,6,24,20,19,11],[14,2,6,22,10,24,18],[22,2,6,18,10,12,14,24,20,11],[18,2,14,6,10,22,24],[2,10,22,24,6,18,14],[14,6,18,2,22,10,12,24,20,11],[22,10,12,2,14,6,18,24,20,19,11],[10,2,14,22,12,18,6,24,20,11],[22,14,10,12,6,2,18,24,20,19,11],[2,22,6,10,12,18,14,24,20,11],[2,22,6,18,14,10,12,24,20,11],[22,2,14,18,10,24,6],[22,18,6,2,14,10,24],[2,6,18,10,14,22,24],[6,14,22,2,18,10,24],[14,22,6,10,12,18,2,24,20,11],[14,10,6,2,18,22,24],[22,10,12,2,18,14,6,24,20,11],[10,18,14,2,22,12,6,24,20,19,11],[2,10,14,18,22,24,6],[18,22,14,6,10,12,2,24,20,11],[18,6,14,10,22,24,2],[22,6,14,2,18,10,24],[14,18,10,6,2,22,12,24,20,11],[22,2,6,14,10,12,18,24,20,11],[10,2,6,14,18,22,24],[10,2,6,22,12,14,18,24,20,11],[6,10,22,12,18,14,2,24,20,19,11],[14,10,2,6,18,22,24],[18,6,10,14,22,24,2],[22,18,14,6,2,10,12,24,20,19,11],[14,22,10,24,6,18,2],[14,10,18,22,24,2,6],[10,22,24,14,18,2,6],[18,10,22,24,6,14,2],[14,10,22,24,2,18,6],[14,18,10,22,12,2,6,24,20,19,11],[2,6,18,14,22,10,12,24,20,19,11],[14,18,6,2,22,10,24],[2,22,14,18,10,12,6,24,20,11],[6,18,22,10,24,14,2],[10,14,6,2,22,24,18],[22,10,24,6,18,2,14],[14,22,2,10,24,18,6],[6,18,2,14,22,10,12,24,20,19,11],[22,6,18,10,24,2,14],[22,6,2,14,18,10,24],[2,18,14,10,6,22,24],[22,6,10,12,14,18,2,24,20,19,11],[18,22,2,14,10,12,6,24,20,11],[2,6,18,14,22,10,24],[6,2,14,18,10,22,12,24,20,11],[6,2,18,14,10,22,12,24,20,11],[2,10,14,6,18,22,12,24,20,19,11],[22,10,24,14,2,6,18],[10,14,18,2,6,22,24],[10,14,2,22,24,6,18],[14,18,10,2,6,22,24],[18,22,14,10,24,2,6],[10,2,22,12,6,14,18,24,20,11],[6,2,22,18,14,10,24],[6,22,2,14,10,12,18,24,20,11],[22,2,18,14,10,24,6],[2,10,22,12,18,14,6,24,20,11],[10,18,22,24,14,6,2],[6,14,2,10,22,12,18,24,20,19,11],[22,10,12,14,2,18,6,24,20,11],[2,14,22,18,6,10,12,24,20,11],[2,18,22,10,24,14,6],[14,6,18,10,2,22,24],[22,2,18,6,14,10,24],[2,6,18,10,22,12,14,24,20,19,11],[2,18,22,14,10,24,6],[18,2,22,10,24,14,6],[14,2,22,6,10,24,18],[14,10,2,22,12,18,6,24,20,19,11],[18,6,2,22,14,10,24],[18,14,10,22,12,2,6,24,20,19,11],[10,2,6,14,18,22,12,24,20,19,11],[18,2,6,14,22,10,24],[22,6,14,10,12,2,18,24,20,19,11],[22,14,10,12,2,18,6,24,20,19,11],[14,18,2,6,22,10,12,24,20,19,11],[14,2,6,10,18,22,24],[2,6,10,18,14,22,24],[6,22,10,24,2,14,18],[10,6,2,14,22,12,18,24,20,11],[6,18,2,22,14,10,24],[22,10,12,2,14,18,6,24,20,11],[6,14,10,18,22,24,2],[2,18,6,10,14,22,12,24,20,11],[14,2,6,18,22,10,24],[10,14,2,18,22,24,6],[14,22,10,12,18,6,2,24,20,19,11],[18,14,2,22,10,24,6],[6,22,18,2,14,10,12,24,20,11],[22,6,10,12,2,18,14,24,20,19,11],[22,10,24,2,14,18,6],[14,10,22,12,6,2,18,24,20,11],[18,10,22,24,6,2,14],[18,14,10,22,12,6,2,24,20,11],[10,14,18,6,2,22,12,24,20,11],[22,14,6,18,10,24,2],[10,18,14,22,12,2,6,24,20,11],[2,18,6,10,14,22,24],[6,2,14,18,22,10,12,24,20,11],[6,2,14,18,10,22,24],[10,2,18,14,6,22,24],[10,2,18,14,22,24,6],[2,6,22,10,24,14,18],[2,18,14,10,6,22,12,24,20,11],[2,18,22,14,6,10,24],[10,2,22,12,14,6,18,24,20,19,11],[22,6,18,14,2,10,12,24,20,11],[6,18,22,14,2,10,12,24,20,19,11],[2,14,18,6,22,10,12,24,20,11],[18,2,22,6,14,10,12,24,20,11],[18,10,2,22,24,14,6],[22,18,10,12,2,14,6,24,20,19,11],[2,6,22,18,14,10,12,24,20,19,11],[2,18,22,6,10,24,14],[2,22,6,18,14,10,12,24,20,11],[10,18,14,6,2,22,12,24,20,11],[18,10,2,22,12,6,14,24,20,19,11],[6,14,10,18,22,24,2],[6,14,22,2,18,10,24],[6,10,2,22,12,14,18,24,20,11],[6,10,22,12,14,2,18,24,20,19,11],[14,18,22,6,2,10,24],[18,2,10,14,6,22,24],[6,18,2,10,14,22,12,24,20,19,11],[2,10,22,24,14,18,6],[10,2,22,12,18,6,14,24,20,11],[2,14,6,10,18,22,12,24,20,19,11],[22,2,18,10,24,14,6],[14,10,2,22,12,6,18,24,20,11],[2,14,22,10,24,18,6],[2,6,14,10,22,24,18],[14,10,2,22,12,6,18,24,20,19,11],[6,18,22,14,10,12,2,24,20,19,11],[10,18,14,2,6,22,12,24,20,19,11],[6,10,14,2,22,12,18,24,20,11],[18,6,10,2,22,24,14],[18,6,10,22,24,2,14],[14,6,2,22,10,12,18,24,20,11],[2,18,22,10,24,6,14],[2,10,14,22,12,18,6,24,20,19,11],[22,10,12,18,2,6,14,24,20,19,11],[2,18,22,10,24,14,6],[10,2,22,24,6,14,18],[22,14,2,6,10,24,18],[2,6,18,22,10,12,14,24,20,11],[10,18,2,22,24,6,14],[22,14,10,12,2,18,6,24,20,11],[2,6,18,14,10,22,12,24,20,19,11],[14,6,18,22,10,24,2],[2,22,18,6,14,10,24],[22,10,12,14,18,2,6,24,20,11],[2,18,6,10,22,24,14],[2,14,10,6,18,22,24],[22,18,14,6,2,10,12,24,20,19,11],[6,14,2,18,10,22,24],[22,18,2,14,10,24,6],[10,22,24,14,2,6,18],[2,10,18,14,22,12,6,24,20,19,11],[22,10,24,2,6,18,14],[14,18,10,6,2,22,12,24,20,19,11],[10,2,18,22,12,6,14,24,20,19,11],[2,18,14,10,22,12,6,24,20,11],[22,2,18,6,10,12,14,24,20,19,11],[10,2,18,6,14,22,24],[2,14,6,10,18,22,12,24,20,19,11],[14,6,10,18,22,24,2],[14,22,10,12,2,6,18,24,20,11],[14,22,18,10,12,2,6,24,20,19,11],[2,6,14,22,10,24,18],[18,22,2,14,10,12,6,24,20,11],[6,14,10,18,22,24,2],[2,22,10,24,6,18,14],[14,10,2,6,18,22,12,24,20,11],[10,2,6,18,14,22,24],[22,18,14,2,10,24,6],[6,18,2,10,14,22,12,24,20,11],[2,6,22,18,14,10,24],[2,10,14,18,22,12,6,24,20,19,11],[14,6,10,2,22,24,18],[18,2,10,6,14,22,24],[22,18,6,14,2,10,12,24,20,11],[18,22,10,12,6,14,2,24,20,11],[14,6,2,10,18,22,24],[14,18,22,10,24,6,2],[14,18,22,6,2,10,24],[2,10,6,18,22,12,14,24,20,11],[6,2,10,18,22,24,14],[2,10,14,6,22,24,18],[14,6,18,22,10,24,2],[10,2,18,6,22,12,14,24,20,11],[22,14,18,6,10,12,2,24,20,19,11],[2,22,6,10,12,14,18,24,20,19,11],[22,18,6,2,14,10,24],[14,18,10,2,6,22,24],[14,6,10,18,22,12,2,24,20,19,11],[10,18,22,12,2,6,14,24,20,19,11],[6,22,10,24,18,14,2],[22,10,12,14,6,2,18,24,20,11],[18,22,10,24,2,14,6],[18,14,2,6,22,10,12,24,20,11],[6,22,14,18,2,10,24],[2,22,14,6,18,10,12,24,20,19,11],[14,6,10,2,18,22,12,24,20,19,11],[14,22,10,24,6,18,2],[18,6,14,10,22,24,2],[22,18,14,6,10,12,2,24,20,19,11],[18,14,10,22,12,6,2,24,20,19,11],[14,10,2,22,24,6,18],[18,14,2,6,10,22,12,24,20,11],[2,6,14,18,22,10,24],[10,2,18,6,22,12,14,24,20,11],[10,2,18,14,6,22,24],[14,18,2,6,22,10,12,24,20,11],[22,18,6,10,12,14,2,24,20,11],[22,10,24,18,2,14,6],[14,6,2,18,22,10,12,24,20,19,11],[18,2,14,6,10,22,12,24,20,11],[2,18,6,22,10,12,14,24,20,11],[18,6,2,14,22,10,12,24,20,11],[18,10,6,2,14,22,24],[10,14,22,24,2,6,18],[14,10,2,18,22,12,6,24,20,19,11],[22,2,6,10,12,14,18,24,20,19,11],[18,2,22,6,10,24,14],[10,14,2,22,12,18,6,24,20,11],[10,22,24,14,2,6,18],[22,6,10,12,18,14,2,24,20,11],[2,22,14,10,12,6,18,24,20,11],[18,2,6,14,10,22,12,24,20,19,11],[2,10,14,6,22,24,18],[2,22,10,12,18,14,6,24,20,19,11],[10,22,12,2,18,6,14,24,20,19,11],[14,18,10,6,22,12,2,24,20,19,11],[6,10,2,22,12,14,18,24,20,11],[14,22,18,2,6,10,24],[10,2,6,22,24,18,14],[10,22,24,14,6,18,2],[18,6,10,2,22,24,14],[14,18,22,10,12,6,2,24,20,19,11],[22,18,6,2,10,24,14],[2,14,22,10,24,6,18],[6,2,22,10,24,14,18],[2,10,22,12,14,18,6,24,20,11],[10,18,2,14,22,24,6],[6,22,18,14,10,24,2],[6,14,18,2,22,10,24],[14,22,18,10,24,2,6],[14,10,6,2,18,22,24],[22,2,6,18,14,10,24],[6,18,10,22,24,2,14],[18,2,22,6,10,24,14],[10,14,2,18,6,22,12,24,20,19,11],[2,10,22,24,6,14,18],[18,6,2,22,10,24,14],[14,2,22,6,18,10,24],[10,2,14,22,12,6,18,24,20,19,11],[10,18,22,24,2,6,14],[22,2,6,10,24,18,14],[10,6,2,14,18,22,24],[10,2,14,6,18,22,24],[22,14,18,2,6,10,12,24,20,11],[10,2,18,14,6,22,12,24,20,19,11],[10,6,14,18,22,12,2,24,20,11],[14,6,18,2,22,10,12,24,20,19,11],[18,14,22,6,10,24,2],[14,22,10,24,6,18,2],[14,6,10,18,22,12,2,24,20,19,11],[10,14,22,24,2,18,6],[14,2,6,10,22,12,18,24,20,19,11],[10,2,22,24,6,14,18],[18,10,2,22,12,6,14,24,20,11],[14,22,2,10,24,18,6],[14,10,2,6,18,22,12,24,20,19,11],[14,22,6,10,12,2,18,24,20,11],[6,22,2,10,12,14,18,24,20,11],[2,14,10,6,18,22,12,24,20,11],[22,18,2,14,6,10,12,24,20,19,11],[10,2,22,12,14,6,18,24,20,11],[2,22,18,6,10,24,14],[18,14,22,10,12,6,2,24,20,11],[18,10,2,14,6,22,12,24,20,11],[22,18,6,14,10,24,2],[10,22,12,6,2,14,18,24,20,19,11],[14,18,6,10,2,22,12,24,20,19,11],[14,18,6,2,22,10,12,24,20,11],[10,2,18,14,6,22,12,24,20,11],[2,18,6,10,14,22,24],[22,2,14,6,10,12,18,24,20,11],[18,22,10,24,14,6,2],[18,6,14,22,10,12,2,24,20,19,11],[2,14,22,6,18,10,24],[14,22,18,10,24,6,2],[10,18,2,22,24,6,14],[10,2,6,14,22,12,18,24,20,11],[18,22,6,10,24,2,14],[18,14,22,2,6,10,12,24,20,11],[6,10,22,12,18,14,2,24,20,19,11],[2,10,14,22,24,18,6],[10,18,2,6,14,22,24],[6,14,18,10,22,12,2,24,20,11],[2,18,22,10,24,6,14],[18,14,6,2,22,10,24],[2,6,22,14,18,10,24],[14,6,22,10,24,2,18],[18,22,2,14,6,10,12,24,20,19,11],[14,22,6,2,10,24,18],[10,22,12,14,18,6,2,24,20,11],[18,2,6,22,14,10,24],[14,2,22,6,18,10,12,24,20,11],[10,14,18,22,12,6,2,24,20,19,11],[6,22,14,18,2,10,24],[10,18,6,14,22,12,2,24,20,19,11],[22,18,6,14,2,10,24],[6,22,10,24,2,18,14],[2,22,18,6,14,10,12,24,20,19,11],[22,2,6,14,18,10,12,24,20,11],[14,2,6,22,18,10,24],[6,22,18,10,12,2,14,24,20,19,11],[22,14,2,18,6,10,24],[10,14,6,2,22,12,18,24,20,19,11],[6,10,18,2,14,22,12,24,20,19,11],[2,10,14,6,22,12,18,24,20,11],[22,6,18,10,24,14,2],[10,22,24,6,14,18,2],[2,10,22,24,14,6,18],[18,22,14,2,10,24,6],[14,6,22,10,24,2,18],[22,10,12,2,18,14,6,24,20,19,11],[6,2,10,14,18,22,24],[2,6,10,14,18,22,24],[22,6,10,24,2,18,14],[6,14,10,2,18,22,12,24,20,19,11],[18,10,6,2,14,22,24],[14,2,18,22,10,24,6],[2,6,18,22,14,10,12,24,20,19,11],[6,18,14,22,10,24,2],[14,10,22,24,18,2,6],[14,18,22,6,2,10,24],[2,10,18,6,22,12,14,24,20,19,11],[10,6,14,18,22,12,2,24,20,19,11],[22,14,18,2,10,12,6,24,20,19,11],[6,14,2,22,18,10,12,24,20,19,11],[22,2,6,14,10,24,18],[18,22,14,6,2,10,12,24,20,11],[22,10,24,18,6,2,14],[14,18,22,2,10,12,6,24,20,19,11],[2,14,6,10,22,24,18],[2,10,22,12,18,14,6,24,20,19,11],[6,2,22,14,18,10,12,24,20,19,11],[14,10,6,18,2,22,12,24,20,11],[22,18,2,14,10,12,6,24,20,11],[6,18,2,10,22,24,14],[18,14,22,6,10,12,2,24,20,11],[6,10,14,2,18,22,24],[18,6,2,10,14,22,12,24,20,19,11],[6,2,10,14,22,24,18],[18,2,6,14,10,22,12,24,20,19,11],[14,6,18,22,10,12,2,24,20,19,11],[2,6,10,22,12,18,14,24,20,11],[22,6,18,2,14,10,24],[22,2,6,10,12,14,18,24,20,19,11],[6,14,10,18,22,12,2,24,20,11],[14,18,6,2,10,22,24],[2,10,14,22,12,6,18,24,20,11],[6,18,22,10,24,14,2],[6,22,2,18,14,10,12,24,20,11],[18,14,10,22,24,6,2],[22,14,18,6,2,10,24],[10,14,18,2,6,22,12,24,20,19,11],[22,6,18,14,2,10,24],[18,14,22,2,10,24,6],[2,22,14,18,10,24,6],[22,10,24,2,6,14,18],[18,14,6,22,2,10,24],[14,10,18,2,6,22,24],[14,18,22,2,6,10,24],[10,22,24,6,14,2,18],[2,18,22,6,10,24,14],[14,18,10,22,24,6,2],[10,6,22,24,18,2,14],[18,14,2,22,6,10,12,24,20,19,11],[14,6,22,2,10,12,18,24,20,19,11],[2,6,22,10,12,14,18,24,20,11],[22,6,14,18,2,10,12,24,20,11],[6,22,2,18,14,10,12,24,20,19,11],[14,10,6,22,12,2,18,24,20,11],[22,18,6,10,12,14,2,24,20,11],[18,10,14,2,22,12,6,24,20,19,11],[2,14,6,22,18,10,24],[22,14,18,10,24,6,2],[2,18,14,10,6,22,12,24,20,11],[14,6,10,2,22,12,18,24,20,11],[18,10,2,6,14,22,24],[2,18,6,22,14,10,12,24,20,11],[6,10,18,14,22,24,2],[2,10,18,6,14,22,24],[14,22,10,24,18,2,6],[18,10,2,14,6,22,12,24,20,19,11],[22,10,24,18,14,6,2],[2,6,14,18,10,22,12,24,20,11],[6,2,18,22,14,10,12,24,20,11],[10,14,2,18,6,22,24],[18,10,14,22,12,2,6,24,20,19,11],[6,14,22,10,12,18,2,24,20,11],[2,18,6,22,10,24,14],[10,2,14,18,22,12,6,24,20,19,11],[2,18,14,10,22,12,6,24,20,11],[10,14,6,2,22,24,18],[18,10,22,24,14,6,2],[6,2,18,14,22,10,12,24,20,11],[18,14,6,2,10,22,24],[2,10,6,22,12,18,14,24,20,11],[2,22,18,10,24,14,6],[6,18,10,14,2,22,24],[6,2,18,14,10,22,12,24,20,11],[2,14,22,6,18,10,12,24,20,19,11],[18,6,10,22,12,2,14,24,20,19,11],[18,22,14,2,6,10,12,24,20,11],[10,2,22,12,6,14,18,24,20,11],[6,10,18,22,24,14,2],[22,6,18,14,10,24,2],[18,10,6,14,22,24,2],[18,14,10,6,2,22,12,24,20,19,11],[18,14,22,2,10,24,6],[10,6,18,2,14,22,24],[22,18,10,24,6,2,14],[6,22,2,10,12,18,14,24,20,11],[10,18,22,12,14,2,6,24,20,19,11],[18,14,22,2,6,10,24],[22,6,10,12,18,2,14,24,20,19,11],[10,6,22,24,18,2,14],[6,2,14,22,18,10,12,24,20,19,11],[18,10,2,22,24,14,6],[6,22,2,10,12,18,14,24,20,11],[14,22,6,18,2,10,12,24,20,11],[10,6,14,18,22,24,2],[10,18,2,22,24,6,14],[14,18,22,10,24,2,6],[10,6,18,14,2,22,24],[22,6,14,18,10,24,2],[2,22,10,12,18,6,14,24,20,11],[10,22,12,18,2,14,6,24,20,19,11],[22,18,6,14,10,24,2],[6,2,18,22,14,10,24],[2,22,14,10,24,6,18],[22,6,10,12,2,14,18,24,20,11],[2,18,14,10,6,22,24],[6,2,14,10,18,22,12,24,20,19,11],[10,18,22,12,2,14,6,24,20,19,11],[14,6,22,18,2,10,12,24,20,11],[22,10,24,2,14,18,6],[22,14,6,10,12,2,18,24,20,11],[10,18,2,6,14,22,12,24,20,19,11],[6,22,10,24,14,2,18],[18,14,2,10,22,24,6],[2,6,14,18,22,10,12,24,20,19,11],[6,22,14,10,24,2,18],[6,2,14,18,10,22,24],[14,18,10,6,22,12,2,24,20,19,11],[18,6,2,14,10,22,12,24,20,11],[22,10,12,6,2,14,18,24,20,11],[14,2,18,10,6,22,24],[18,14,6,2,22,10,24],[18,6,14,10,22,12,2,24,20,19,11],[6,22,14,2,10,24,18],[10,6,14,22,24,18,2],[10,2,18,6,14,22,24],[6,14,22,10,12,18,2,24,20,19,11],[14,22,2,10,24,18,6],[2,10,18,14,22,12,6,24,20,19,11],[2,22,10,24,14,18,6],[14,22,6,18,2,10,12,24,20,11],[2,22,10,12,14,18,6,24,20,19,11],[10,18,22,24,14,6,2],[14,18,2,10,6,22,12,24,20,19,11],[18,10,14,22,12,2,6,24,20,19,11],[10,18,2,6,22,12,14,24,20,19,11],[18,6,2,22,10,12,14,24,20,11],[6,18,10,2,14,22,12,24,20,19,11],[18,2,10,6,22,12,14,24,20,11],[6,2,14,10,22,12,18,24,20,19,11],[6,18,22,10,24,2,14],[10,14,22,12,2,18,6,24,20,11],[22,18,6,10,24,2,14],[22,6,10,24,2,18,14],[22,14,2,10,12,18,6,24,20,11],[6,14,2,10,18,22,12,24,20,19,11],[22,10,24,18,14,2,6],[2,18,22,6,10,24,14],[2,18,22,6,10,24,14],[14,18,6,2,10,22,12,24,20,11],[18,2,6,10,14,22,24],[14,22,2,18,10,24,6],[10,22,12,14,18,6,2,24,20,19,11],[2,10,18,22,12,14,6,24,20,19,11],[6,18,10,2,22,12,14,24,20,11],[6,18,14,22,10,24,2],[6,18,14,10,22,12,2,24,20,19,11],[14,10,6,18,2,22,12,24,20,11],[14,10,6,18,22,24,2],[2,18,10,22,24,6,14],[2,6,18,10,22,24,14],[2,18,22,10,12,14,6,24,20,11],[22,10,24,2,6,18,14],[2,22,10,24,14,18,6],[22,2,10,12,6,18,14,24,20,11],[10,2,14,6,18,22,12,24,20,19,11],[10,22,24,6,18,14,2],[14,2,18,6,22,10,24],[10,14,22,24,6,2,18],[18,6,22,10,24,14,2],[6,18,22,10,12,14,2,24,20,19,11],[6,10,2,14,18,22,12,24,20,11],[18,14,2,10,6,22,24],[10,22,24,14,6,2,18],[14,10,22,12,18,2,6,24,20,11],[2,18,22,14,6,10,12,24,20,19,11],[22,6,14,10,12,2,18,24,20,19,11],[10,2,18,6,14,22,24],[10,6,18,14,2,22,24],[6,18,2,22,14,10,24],[2,18,10,22,24,14,6],[2,22,14,10,12,6,18,24,20,19,11],[14,10,22,24,18,2,6],[18,10,14,2,22,12,6,24,20,11],[2,14,10,18,6,22,24],[22,14,2,6,10,24,18],[10,6,2,18,14,22,12,24,20,19,11],[10,6,18,22,24,2,14],[10,2,14,22,12,18,6,24,20,19,11],[2,10,14,22,12,18,6,24,20,19,11],[10,18,6,14,2,22,12,24,20,11],[2,6,22,18,10,12,14,24,20,11],[10,18,2,6,14,22,12,24,20,11],[18,10,6,2,14,22,24],[2,6,14,18,10,22,24],[22,6,14,10,24,2,18],[22,14,18,6,2,10,24],[14,2,6,10,18,22,24],[10,6,2,18,22,12,14,24,20,11],[18,10,2,6,14,22,24],[18,22,14,2,6,10,24],[6,14,10,2,22,12,18,24,20,19,11],[2,14,22,6,18,10,24],[6,10,18,14,22,12,2,24,20,11],[6,14,18,2,10,22,12,24,20,19,11],[14,6,22,2,10,12,18,24,20,19,11],[10,6,18,2,22,24,14],[22,10,12,6,14,18,2,24,20,19,11],[18,2,6,14,22,10,24],[18,10,22,12,14,6,2,24,20,11],[14,18,22,10,12,2,6,24,20,11],[10,18,2,6,14,22,24],[2,14,22,10,24,18,6],[18,10,22,12,2,6,14,24,20,11],[14,10,22,12,18,6,2,24,20,19,11],[18,14,10,6,2,22,12,24,20,11],[22,6,2,14,10,24,18],[2,6,22,10,12,14,18,24,20,11],[22,6,10,24,14,18,2],[2,22,10,24,6,14,18],[14,22,6,18,10,24,2],[18,10,2,22,24,6,14],[2,6,14,18,10,22,24],[18,6,10,22,12,2,14,24,20,19,11],[14,22,6,2,18,10,12,24,20,11],[6,10,14,2,18,22,24],[2,6,14,10,22,24,18],[10,18,2,22,24,6,14],[14,2,22,18,6,10,12,24,20,19,11],[22,14,10,24,6,18,2],[18,6,10,14,22,24,2],[22,6,18,2,10,24,14],[18,22,2,14,6,10,24],[6,22,14,10,24,2,18],[18,14,6,10,2,22,24],[10,2,22,12,6,18,14,24,20,19,11],[18,10,2,14,22,24,6],[14,22,2,6,18,10,24],[2,18,22,14,6,10,24],[2,14,22,6,10,24,18],[18,10,2,6,14,22,12,24,20,19,11],[14,6,2,22,18,10,24],[6,22,14,18,2,10,12,24,20,19,11],[14,18,6,22,10,24,2],[14,18,22,2,6,10,12,24,20,11],[22,10,24,6,2,18,14],[6,2,18,10,14,22,12,24,20,11],[10,22,12,6,14,2,18,24,20,19,11],[22,6,14,2,10,24,18],[14,6,18,10,2,22,24],[22,2,6,14,10,12,18,24,20,11],[22,10,24,18,2,14,6],[6,14,18,2,10,22,12,24,20,11],[6,2,14,22,10,24,18],[18,14,22,6,10,24,2],[6,14,22,2,18,10,24],[10,22,24,2,6,14,18],[10,14,6,22,24,18,2],[6,14,22,18,2,10,24],[2,14,6,18,10,22,12,24,20,19,11],[10,18,22,12,14,6,2,24,20,11],[22,10,12,6,14,18,2,24,20,19,11],[10,18,14,2,22,12,6,24,20,11],[6,10,2,14,18,22,12,24,20,19,11],[18,10,2,22,24,14,6],[22,18,14,2,6,10,12,24,20,19,11],[6,2,14,22,18,10,12,24,20,11],[10,2,18,14,6,22,24],[10,22,12,2,14,18,6,24,20,11],[14,6,2,18,22,10,12,24,20,19,11],[14,10,6,22,24,18,2],[22,18,10,12,6,14,2,24,20,11],[22,6,18,2,14,10,24],[6,18,22,10,24,2,14],[14,2,22,10,24,18,6],[18,10,14,22,12,6,2,24,20,19,11],[6,18,22,14,2,10,12,24,20,11],[22,2,10,24,18,14,6],[22,10,24,18,2,6,14],[6,22,10,24,14,2,18],[14,18,22,2,10,24,6],[10,6,22,24,18,2,14],[22,6,18,14,10,12,2,24,20,11],[14,6,2,22,10,24,18],[18,6,22,2,10,12,14,24,20,19,11],[2,6,18,10,14,22,24],[22,6,10,12,18,14,2,24,20,19,11],[10,6,18,22,24,2,14],[6,22,10,24,14,2,18],[22,10,12,14,6,18,2,24,20,11],[22,6,2,14,18,10,24],[2,14,22,10,12,18,6,24,20,19,11],[18,22,10,24,6,2,14],[18,22,10,12,6,2,14,24,20,19,11],[2,6,14,10,22,12,18,24,20,19,11],[6,14,10,18,22,12,2,24,20,19,11],[14,10,18,6,22,12,2,24,20,19,11],[6,10,18,2,22,12,14,24,20,19,11],[2,14,18,22,10,24,6],[18,10,22,24,6,2,14],[22,10,12,6,2,18,14,24,20,11],[22,10,24,14,18,2,6],[10,2,18,14,22,12,6,24,20,11],[6,14,22,2,18,10,12,24,20,11],[10,6,14,18,2,22,12,24,20,11],[18,22,2,10,24,14,6],[22,14,18,2,10,24,6],[2,6,22,18,10,12,14,24,20,19,11],[10,14,6,2,18,22,24],[10,22,12,6,2,14,18,24,20,19,11],[18,6,2,14,10,22,24],[2,10,6,14,22,12,18,24,20,11],[6,10,2,18,14,22,12,24,20,11],[22,2,18,14,6,10,24],[10,2,14,6,18,22,24],[14,6,18,22,10,12,2,24,20,19,11],[2,22,14,18,10,24,6],[6,14,2,10,18,22,24],[14,18,2,10,22,24,6],[6,2,10,22,24,18,14],[2,14,6,10,18,22,24],[18,2,10,22,24,14,6],[22,14,6,18,2,10,12,24,20,11]],"n_human":6}