{"problem_id":"yOYDxDBzk6AdhtC","sigma":75,"alpha":10.000,"cost":1,"probabilities":"[0.2399999999999999, 0.39, 0.2, 0.17]","payoff_matrix":"[[61, 15, 49, -6, 7, 74], [0, 55, 12, -83, 63, -38], [40, -155, 1, -42, -25, 0], [78, -19, -124, 56, -97, -1]]","uncovered":[[6,18,5,17,7,14,22],[6,18,5,17,7,14,2],[14,18,10,2,22,6,17,5,19,7],[14,6,18,5,17,19,7,2,10,22],[10,2,6,18,5,17,7,14],[10,18,14,2,22,6,17,5,19,7],[14,10,22,2,6,18,17,5,19,7],[18,14,6,17,5,7,10],[6,18,5,17,19,7,14,10,22,2],[2,6,14,22,10,18,5,17,19,7],[14,10,2,18,6,17,5,19,7,22],[2,10,14,22,18,6,5,17,19,7],[10,2,22,18,6,17,5,7],[2,6,10,14,22,18,17,5,7],[22,10,6,14,2,18,17,5,7],[14,22,18,6,17,5,7],[2,10,22,14,18,6,5,17,7],[22,10,18,6,17,5,7],[22,14,2,18,10,6,17,5,7],[18,10,2,22,6,17,5,7],[2,6,10,18,17,5,19,7,14,22],[14,6,18,5,17,7,22],[14,10,18,2,22,6,5,17,7],[22,6,10,18,5,17,7],[14,10,22,6,18,17,5,7],[14,18,2,10,22,6,17,5,7],[14,6,10,18,5,17,7],[2,22,18,6,17,5,7],[14,22,2,6,18,5,17,7],[22,6,2,14,18,5,17,7],[2,6,14,10,22,18,17,5,7],[2,6,14,22,10,18,17,5,19,7],[18,10,6,5,17,7,22],[6,22,14,18,5,17,19,7,10,2],[2,18,22,6,17,5,7],[18,14,22,6,5,17,7],[14,10,2,6,22,18,17,5,19,7],[6,10,2,14,18,17,5,19,7,22],[14,18,10,22,6,5,17,19,7,2],[18,6,17,5,19,7,14,22,10,2],[18,6,17,5,7,2,14],[2,18,10,14,6,5,17,7],[2,10,22,18,6,5,17,7],[14,2,6,10,18,17,5,19,7,22],[2,14,18,10,22,6,17,5,19,7],[14,2,6,10,18,5,17,7],[18,10,6,17,5,19,7,22,2,14],[18,10,22,14,6,17,5,7],[22,10,18,14,2,6,17,5,7],[6,22,18,17,5,7,14],[10,2,14,22,6,18,17,5,19,7],[18,10,22,2,6,5,17,19,7,14],[18,10,2,14,22,6,17,5,19,7],[6,2,18,5,17,19,7,10,22,14],[2,6,18,5,17,19,7,22,10,14],[18,10,2,6,5,17,19,7,22,14],[18,14,6,5,17,7,10],[22,10,14,18,6,5,17,19,7,2],[18,14,10,22,2,6,17,5,19,7],[6,22,18,5,17,19,7,2,14,10],[10,6,18,17,5,19,7,14,2,22],[6,10,18,17,5,7,14],[22,10,6,14,2,18,17,5,19,7],[14,22,10,6,18,5,17,19,7,2],[6,10,18,5,17,19,7,22,14,2],[22,2,10,18,14,6,17,5,19,7],[10,18,22,6,17,5,19,7,14,2],[22,10,6,14,18,17,5,19,7,2],[22,6,18,5,17,7,14],[14,18,10,22,2,6,5,17,19,7],[10,14,6,18,5,17,7],[14,10,6,22,18,5,17,7],[10,14,22,18,6,5,17,19,7,2],[6,22,10,14,2,18,5,17,19,7],[6,10,18,17,5,19,7,2,22,14],[2,10,18,22,6,17,5,19,7,14],[22,18,14,2,6,17,5,19,7,10],[22,14,18,2,10,6,5,17,19,7],[10,2,22,6,18,17,5,7],[22,18,14,10,6,17,5,7],[14,2,22,6,18,17,5,19,7,10],[6,18,17,5,7,10,22],[6,22,18,17,5,19,7,10,14,2],[10,6,22,2,14,18,5,17,7],[6,10,2,14,18,17,5,7],[10,22,18,6,17,5,7],[14,6,2,10,18,5,17,7],[2,6,14,22,10,18,5,17,7],[10,14,2,22,18,6,17,5,19,7],[18,2,6,17,5,19,7,14,22,10],[18,22,14,2,10,6,5,17,7],[6,18,5,17,19,7,22,14,2,10],[22,18,10,14,6,5,17,7],[6,14,18,5,17,7,2],[2,22,18,14,6,5,17,7],[22,6,18,17,5,19,7,10,2,14],[14,2,18,22,10,6,5,17,19,7],[14,6,22,2,10,18,5,17,19,7],[22,18,10,6,5,17,7],[10,2,6,22,14,18,5,17,7],[10,22,6,18,17,5,19,7,14,2],[14,18,2,22,10,6,17,5,19,7],[22,2,6,10,18,5,17,7],[2,6,18,17,5,19,7,14,10,22],[6,10,14,2,18,17,5,19,7,22],[22,14,2,18,6,17,5,7],[6,10,22,2,14,18,17,5,19,7],[10,18,6,17,5,7,14],[14,22,6,10,18,5,17,19,7,2],[22,18,2,6,17,5,19,7,10,14],[18,6,5,17,7,10,14],[22,18,2,10,14,6,17,5,19,7],[18,22,10,6,5,17,19,7,14,2],[2,22,6,14,10,18,5,17,7],[14,22,2,18,6,5,17,19,7,10],[2,22,14,6,18,17,5,7],[14,18,22,2,6,5,17,7],[22,2,10,14,6,18,5,17,7],[10,22,14,2,18,6,5,17,7],[6,14,18,17,5,7,2],[6,14,22,2,18,17,5,19,7,10],[14,2,22,10,18,6,17,5,19,7],[6,18,17,5,19,7,14,22,10,2],[2,18,14,10,6,5,17,7],[18,14,10,6,5,17,7],[2,10,22,14,18,6,5,17,19,7],[22,2,6,14,18,5,17,19,7,10],[2,14,6,18,5,17,19,7,22,10],[22,2,18,10,14,6,17,5,7],[14,2,10,22,18,6,5,17,19,7],[14,18,10,6,5,17,19,7,22,2],[2,10,6,22,18,5,17,7],[18,10,6,5,17,19,7,2,14,22],[14,6,2,10,18,17,5,19,7,22],[10,2,18,22,14,6,5,17,19,7],[10,18,6,17,5,19,7,22,14,2],[22,2,14,10,6,18,5,17,7],[2,10,22,14,6,18,17,5,19,7],[18,10,22,14,6,17,5,19,7,2],[10,18,6,17,5,19,7,14,22,2],[10,22,14,6,18,17,5,7],[10,18,14,22,6,5,17,7],[14,10,18,22,6,5,17,19,7,2],[22,6,18,5,17,7,14],[2,22,18,6,17,5,19,7,14,10],[6,14,10,22,18,5,17,7],[18,10,22,2,14,6,17,5,7],[6,2,10,22,14,18,17,5,19,7],[6,22,18,5,17,7,2],[18,6,5,17,19,7,10,2,14,22],[6,2,14,10,22,18,17,5,7],[10,2,22,14,18,6,17,5,7],[14,6,18,5,17,7,10],[10,2,18,14,22,6,5,17,19,7],[10,6,18,5,17,7,22],[10,2,18,6,5,17,19,7,14,22],[22,14,18,2,6,5,17,7],[6,22,18,17,5,19,7,2,10,14],[22,10,14,18,6,17,5,19,7,2],[2,14,18,10,6,5,17,7],[6,22,10,14,2,18,17,5,7],[14,2,18,10,6,5,17,7],[6,18,17,5,7,14,10],[22,6,10,2,14,18,5,17,19,7],[14,22,6,2,10,18,5,17,7],[10,6,18,17,5,19,7,22,14,2],[14,10,2,6,18,5,17,7],[14,10,6,22,2,18,5,17,19,7],[2,6,10,22,18,17,5,7],[2,10,18,6,17,5,19,7,22,14],[10,6,22,18,5,17,7],[14,6,18,5,17,19,7,22,2,10],[14,10,18,6,17,5,19,7,2,22],[22,14,18,2,10,6,5,17,7],[18,2,14,6,17,5,7],[10,18,22,14,6,17,5,19,7,2],[6,22,10,18,17,5,19,7,14,2],[22,2,18,14,10,6,17,5,19,7],[10,2,22,14,6,18,17,5,19,7],[18,2,22,6,17,5,7],[10,18,14,2,6,5,17,19,7,22],[6,14,2,18,17,5,19,7,10,22],[2,22,14,18,6,17,5,19,7,10],[10,6,2,14,22,18,17,5,7],[14,2,18,22,6,17,5,7],[14,22,6,10,2,18,17,5,19,7],[6,10,18,17,5,7,14],[18,6,5,17,7,10,22],[2,10,14,22,18,6,17,5,19,7],[22,18,6,17,5,19,7,2,14,10],[22,6,10,18,5,17,19,7,14,2],[14,2,10,22,6,18,17,5,19,7],[22,14,10,6,18,5,17,7],[10,18,2,14,22,6,5,17,7],[10,22,18,6,17,5,7],[14,22,2,18,6,17,5,7],[18,6,17,5,7,14,10],[2,14,22,18,6,17,5,19,7,10],[14,10,22,2,18,6,5,17,7],[14,10,18,2,6,17,5,19,7,22],[10,18,2,14,22,6,5,17,19,7],[6,14,18,5,17,19,7,2,22,10],[2,14,22,18,10,6,5,17,19,7],[22,14,2,6,10,18,17,5,7],[22,18,2,14,6,17,5,7],[22,10,6,14,18,17,5,7],[6,22,14,2,10,18,5,17,7],[6,18,17,5,19,7,14,22,10,2],[22,6,18,5,17,19,7,10,2,14],[10,14,6,2,18,17,5,7],[14,10,18,2,6,5,17,19,7,22],[2,14,18,6,17,5,7],[6,22,18,5,17,19,7,10,14,2],[14,10,2,18,6,17,5,19,7,22],[6,22,10,14,2,18,17,5,19,7],[10,6,14,22,18,17,5,19,7,2],[2,18,14,22,10,6,17,5,19,7],[14,6,22,18,5,17,19,7,10,2],[22,2,14,6,18,17,5,7],[6,18,5,17,7,2,14],[14,22,10,18,2,6,17,5,7],[2,22,18,6,5,17,19,7,14,10],[2,22,10,6,14,18,5,17,7],[6,2,22,18,5,17,7],[6,2,10,18,17,5,7,14],[6,14,10,22,2,18,17,5,19,7],[2,14,22,18,10,6,5,17,19,7],[6,22,18,17,5,7,10],[2,6,18,17,5,19,7,10,22,14],[22,14,18,2,6,5,17,19,7,10],[18,22,10,14,2,6,17,5,7],[22,2,10,18,14,6,17,5,7],[10,22,2,18,14,6,17,5,7],[22,18,2,6,17,5,7],[6,10,18,5,17,19,7,2,14,22],[14,10,2,22,6,18,17,5,19,7],[10,2,18,22,6,5,17,19,7,14],[2,18,6,17,5,7,10,14],[18,22,6,17,5,7,2],[2,22,6,18,17,5,19,7,14,10],[6,10,22,18,17,5,19,7,14,2],[10,2,18,6,17,5,7,22],[22,14,18,10,2,6,17,5,19,7],[18,2,14,6,5,17,19,7,10,22],[2,22,14,6,18,17,5,19,7,10],[10,2,14,22,6,18,5,17,7],[10,2,6,18,17,5,7,14],[10,14,22,2,18,6,17,5,19,7],[10,22,2,14,18,6,5,17,7],[10,18,6,5,17,19,7,14,2,22],[14,18,22,10,6,17,5,7],[2,22,6,18,5,17,19,7,10,14],[14,10,6,22,2,18,17,5,7],[14,22,6,18,5,17,7],[2,6,18,5,17,19,7,22,14,10],[22,18,10,6,5,17,7],[2,6,22,18,5,17,19,7,10,14],[18,14,22,6,5,17,7],[22,18,2,14,6,17,5,19,7,10],[18,22,6,5,17,19,7,2,10,14],[22,14,18,6,5,17,19,7,10,2],[6,18,5,17,19,7,14,22,2,10],[14,22,6,10,18,17,5,7],[10,22,2,18,14,6,5,17,19,7],[22,18,2,6,17,5,19,7,10,14],[2,6,14,10,18,5,17,7],[2,10,14,6,18,5,17,7],[14,6,2,18,5,17,7],[18,6,17,5,19,7,22,14,2,10],[18,10,6,5,17,19,7,22,2,14],[14,18,2,10,6,17,5,7],[14,18,2,22,10,6,17,5,7],[10,6,2,14,18,17,5,19,7,22],[14,10,2,22,6,18,17,5,19,7],[18,14,10,22,2,6,5,17,19,7],[6,18,17,5,7,2,14],[10,18,2,22,14,6,17,5,19,7],[6,10,14,2,22,18,5,17,7],[22,10,6,2,18,5,17,7],[22,10,2,6,14,18,17,5,19,7],[10,14,6,2,18,5,17,7],[14,2,22,10,6,18,5,17,7],[18,14,10,6,5,17,7],[2,6,18,5,17,19,7,22,14,10],[14,6,2,10,22,18,5,17,7],[22,2,14,18,10,6,17,5,7],[14,10,6,2,18,5,17,19,7,22],[10,6,2,18,5,17,19,7,22,14],[14,2,6,22,10,18,5,17,7],[18,6,5,17,19,7,10,2,22,14],[2,6,22,14,10,18,5,17,19,7],[2,10,6,22,14,18,5,17,19,7],[6,22,18,17,5,7,2],[6,14,10,2,18,5,17,19,7,22],[22,18,2,6,17,5,19,7,10,14],[22,18,2,14,6,5,17,19,7,10],[22,2,10,14,18,6,5,17,19,7],[6,14,18,5,17,7,10],[6,18,5,17,19,7,2,22,10,14],[2,22,18,10,6,5,17,7],[6,2,14,18,17,5,19,7,10,22],[2,6,10,18,5,17,19,7,22,14],[18,10,2,22,14,6,5,17,7],[14,6,2,18,17,5,19,7,10,22],[2,22,18,14,6,17,5,19,7,10],[6,14,2,22,18,17,5,19,7,10],[18,14,2,22,6,5,17,7],[14,10,6,18,5,17,7],[22,10,6,14,2,18,5,17,19,7],[6,10,14,18,5,17,7],[18,14,2,10,22,6,17,5,19,7],[22,2,14,6,18,17,5,19,7,10],[10,22,14,18,2,6,17,5,7],[6,2,10,18,17,5,19,7,22,14],[10,18,2,14,6,17,5,7],[22,2,14,18,10,6,5,17,7],[2,18,22,6,17,5,7],[2,10,6,14,22,18,17,5,7],[10,18,6,5,17,7,2,14],[14,10,2,18,6,17,5,7],[2,18,22,10,14,6,17,5,7],[10,6,22,2,14,18,17,5,7],[2,18,14,6,5,17,19,7,10,22],[2,22,10,6,14,18,17,5,7],[2,18,6,5,17,19,7,14,22,10],[14,6,22,10,18,17,5,19,7,2],[18,6,5,17,7,14,2],[22,6,10,2,18,5,17,7],[22,6,14,18,17,5,19,7,2,10],[2,22,14,18,10,6,17,5,7],[10,18,2,22,14,6,5,17,19,7],[6,2,22,18,17,5,7],[6,10,2,14,18,5,17,7],[22,18,6,17,5,7,2],[2,14,22,10,6,18,5,17,19,7],[14,2,6,10,22,18,17,5,19,7],[18,22,10,14,6,5,17,7],[22,14,6,18,5,17,19,7,2,10],[14,6,10,2,18,5,17,7],[14,6,22,18,17,5,7],[10,14,22,2,18,6,5,17,19,7],[18,10,14,6,5,17,19,7,22,2],[2,14,18,22,6,5,17,19,7,10],[2,18,14,22,10,6,17,5,7],[22,2,6,14,18,5,17,19,7,10],[14,18,22,10,2,6,5,17,19,7],[18,14,22,10,2,6,5,17,19,7],[18,2,22,6,5,17,19,7,14,10],[2,10,18,6,5,17,7,14],[14,18,10,22,2,6,17,5,7],[10,22,14,6,2,18,5,17,7],[2,6,10,18,5,17,19,7,14,22],[14,6,2,22,18,5,17,7],[10,2,18,14,22,6,5,17,7],[2,14,10,18,6,5,17,19,7,22],[6,18,5,17,19,7,22,2,14,10],[18,14,22,10,2,6,17,5,19,7],[18,2,14,10,22,6,17,5,19,7],[22,18,6,17,5,7,10],[2,22,14,18,10,6,5,17,19,7],[6,18,17,5,7,14,22],[10,2,6,22,18,5,17,19,7,14],[14,6,10,2,22,18,5,17,7],[2,18,10,6,5,17,7,14],[14,2,6,22,10,18,17,5,19,7],[22,6,2,10,14,18,17,5,19,7],[10,14,22,18,2,6,5,17,7],[10,6,2,14,22,18,17,5,7],[14,6,2,18,5,17,19,7,22,10],[6,2,22,10,18,17,5,7],[2,6,14,10,18,17,5,19,7,22],[6,14,2,10,22,18,17,5,19,7],[18,14,2,22,10,6,5,17,19,7],[6,2,22,10,14,18,5,17,19,7],[6,2,10,14,22,18,5,17,7],[6,10,2,22,18,5,17,19,7,14],[6,10,22,14,2,18,5,17,19,7],[10,6,2,18,5,17,19,7,22,14],[6,10,18,17,5,19,7,14,22,2],[10,2,18,22,6,5,17,7],[10,22,6,2,18,17,5,19,7,14],[14,10,22,18,6,5,17,7],[2,10,18,14,22,6,5,17,19,7],[10,2,14,18,6,17,5,7],[22,18,2,14,10,6,17,5,7],[10,22,14,18,6,5,17,7],[10,22,2,18,14,6,17,5,19,7],[18,14,6,17,5,7,10],[10,22,14,2,6,18,17,5,7],[6,2,14,10,22,18,17,5,19,7],[14,22,6,10,18,5,17,7],[10,22,14,6,18,17,5,7],[22,6,14,2,10,18,17,5,7],[22,6,2,10,14,18,17,5,7],[22,2,18,14,6,5,17,7],[18,10,6,5,17,7,2,22],[18,10,14,6,17,5,19,7,2,22],[2,14,6,18,5,17,7],[22,18,10,6,17,5,7],[22,6,14,2,10,18,17,5,7],[10,2,14,6,22,18,5,17,19,7],[6,2,22,14,10,18,17,5,19,7],[6,2,18,5,17,7,14],[14,18,2,22,6,5,17,7],[22,6,14,2,18,5,17,7],[2,6,18,17,5,19,7,10,14,22],[22,10,14,2,18,6,5,17,7],[2,18,10,22,6,5,17,19,7,14],[10,22,18,2,14,6,17,5,19,7],[6,2,22,14,18,5,17,19,7,10],[18,14,6,17,5,19,7,10,22,2],[6,2,22,18,17,5,19,7,14,10],[6,18,5,17,7,14,22],[6,22,14,2,10,18,5,17,19,7],[18,6,17,5,7,22,14],[14,10,18,22,2,6,5,17,19,7],[6,22,10,18,17,5,19,7,14,2],[6,2,18,17,5,19,7,14,22,10],[14,6,2,18,5,17,7],[14,18,10,2,22,6,5,17,7],[22,2,18,6,5,17,7],[2,10,22,6,14,18,17,5,19,7],[10,22,18,14,2,6,5,17,19,7],[6,2,18,5,17,19,7,10,22,14],[10,14,18,2,6,5,17,19,7,22],[22,2,14,18,10,6,17,5,7],[18,22,10,2,14,6,5,17,7],[6,22,10,2,14,18,5,17,19,7],[6,2,22,14,18,17,5,19,7,10],[10,18,22,14,6,5,17,19,7,2],[2,10,6,14,22,18,5,17,19,7],[22,14,10,2,18,6,5,17,7],[2,18,22,6,5,17,19,7,14,10],[14,10,2,22,18,6,17,5,19,7],[22,18,10,14,2,6,17,5,19,7],[18,22,6,5,17,19,7,2,14,10],[18,22,14,6,17,5,7],[18,10,14,22,2,6,5,17,7],[6,10,22,18,17,5,7],[14,18,2,6,5,17,19,7,10,22],[18,6,17,5,19,7,2,14,22,10],[10,14,18,2,6,5,17,19,7,22],[14,2,18,6,5,17,19,7,10,22],[10,18,2,22,6,17,5,7],[10,2,22,6,18,17,5,19,7,14],[2,14,10,6,18,5,17,7],[10,18,6,17,5,7,22],[22,6,2,14,18,5,17,19,7,10],[18,6,5,17,7,2,22],[6,14,22,10,18,17,5,7],[18,6,5,17,19,7,2,14,10,22],[2,14,10,22,6,18,5,17,19,7],[22,18,14,10,6,5,17,19,7,2],[2,18,10,6,17,5,19,7,22,14],[22,6,18,17,5,19,7,2,10,14],[10,18,22,2,14,6,5,17,19,7],[14,18,2,10,6,17,5,19,7,22],[10,14,22,6,2,18,5,17,19,7],[6,18,17,5,7,2,10,22],[6,10,18,17,5,7,14],[22,18,14,2,10,6,17,5,19,7],[6,14,10,18,5,17,19,7,2,22],[14,22,10,2,18,6,17,5,7],[18,2,22,10,6,17,5,7],[18,22,10,6,5,17,19,7,14,2],[2,14,10,6,22,18,17,5,7],[22,2,14,6,18,5,17,19,7,10],[18,22,10,14,2,6,17,5,7],[6,18,5,17,7,2,10,22],[18,14,6,5,17,19,7,10,2,22],[22,10,2,14,6,18,5,17,7],[14,2,6,10,18,17,5,19,7,22],[18,2,6,5,17,19,7,10,14,22],[18,6,17,5,7,14,2],[22,14,18,6,17,5,19,7,2,10],[22,6,10,18,5,17,19,7,2,14],[6,10,2,14,18,17,5,19,7,22],[6,2,14,10,22,18,5,17,19,7],[2,22,14,6,18,17,5,7],[22,18,10,14,6,17,5,19,7,2],[18,2,14,10,22,6,5,17,19,7],[14,10,18,6,17,5,19,7,2,22],[22,2,6,18,5,17,19,7,10,14],[14,6,18,17,5,19,7,2,10,22],[6,18,5,17,19,7,14,22,2,10],[18,6,17,5,7,10,2,14],[18,14,10,6,5,17,7],[14,18,22,2,6,5,17,19,7,10],[18,2,6,17,5,7,22],[10,22,2,6,14,18,5,17,7],[22,2,18,14,10,6,5,17,19,7],[14,22,6,10,2,18,5,17,19,7],[22,2,14,6,10,18,17,5,19,7],[10,14,2,18,6,5,17,7],[18,2,22,10,6,5,17,19,7,14],[6,2,10,22,14,18,5,17,19,7],[6,2,10,22,18,5,17,19,7,14],[14,10,22,2,6,18,17,5,7],[10,22,18,2,14,6,5,17,19,7],[14,2,10,22,6,18,17,5,19,7],[18,10,22,2,6,17,5,19,7,14],[6,10,22,14,2,18,17,5,19,7],[18,14,10,2,22,6,17,5,19,7],[14,22,18,10,2,6,5,17,19,7],[2,18,14,22,6,5,17,7],[14,2,6,22,18,17,5,19,7,10],[18,10,6,5,17,19,7,14,22,2],[14,6,22,2,10,18,17,5,19,7],[2,14,6,22,10,18,5,17,19,7],[22,14,18,10,2,6,17,5,19,7],[22,6,2,18,5,17,7],[18,2,10,6,17,5,7,22],[18,2,14,10,22,6,5,17,7],[14,22,6,18,17,5,7],[14,6,22,18,17,5,7],[2,10,14,6,22,18,17,5,19,7],[22,18,2,14,10,6,5,17,19,7],[10,22,6,2,18,5,17,19,7,14],[6,18,17,5,7,10,22],[10,2,18,6,5,17,7,14],[18,2,10,22,6,5,17,7],[18,22,14,6,5,17,7],[6,22,14,2,18,5,17,7],[10,22,18,2,14,6,5,17,19,7],[10,18,14,2,6,17,5,7],[22,10,18,14,2,6,17,5,19,7],[18,2,10,14,22,6,5,17,7],[2,10,22,6,18,17,5,19,7,14],[6,22,10,18,5,17,7],[2,14,18,6,5,17,19,7,22,10],[18,10,2,22,14,6,5,17,19,7],[14,10,22,2,18,6,5,17,19,7],[14,22,18,2,10,6,17,5,7],[14,18,22,10,2,6,5,17,19,7],[22,10,18,14,6,17,5,19,7,2],[10,18,6,5,17,19,7,2,14,22],[2,14,6,22,10,18,17,5,7],[14,22,10,6,18,17,5,19,7,2],[18,6,17,5,7,10,22],[22,6,14,10,18,5,17,19,7,2],[14,18,6,5,17,7,10],[10,18,22,6,17,5,19,7,2,14],[6,22,18,17,5,19,7,2,14,10],[14,22,6,10,2,18,5,17,19,7],[2,22,10,6,14,18,17,5,7],[6,10,18,5,17,7,2,22],[6,2,22,10,14,18,5,17,7],[22,18,10,2,6,17,5,19,7,14],[10,18,2,22,14,6,17,5,19,7],[6,22,2,14,10,18,17,5,19,7],[6,14,2,10,18,5,17,7],[10,22,14,2,18,6,5,17,7],[14,6,2,10,22,18,5,17,19,7],[6,18,17,5,7,10,2,22],[22,18,2,6,5,17,19,7,10,14],[6,14,10,18,5,17,19,7,2,22],[18,2,10,6,17,5,19,7,22,14],[14,22,18,6,17,5,7],[18,10,22,2,6,5,17,7],[22,2,6,10,14,18,17,5,19,7],[6,10,2,22,14,18,17,5,7],[14,10,6,18,17,5,7],[22,10,18,6,17,5,19,7,2,14],[22,18,14,6,5,17,19,7,10,2],[22,10,6,14,2,18,5,17,19,7],[2,18,14,10,22,6,17,5,19,7],[2,22,14,18,6,17,5,7],[18,22,10,6,5,17,7],[14,22,2,18,6,17,5,19,7,10],[14,2,10,6,22,18,5,17,19,7],[6,22,10,14,2,18,5,17,7],[14,22,2,18,6,5,17,7],[22,6,18,5,17,7,10],[10,14,2,6,18,5,17,7],[18,10,22,14,6,17,5,7],[14,18,22,2,6,5,17,7],[10,2,22,18,14,6,17,5,7],[22,6,2,18,5,17,7],[6,14,22,2,18,17,5,19,7,10],[10,6,22,18,5,17,19,7,2,14],[18,14,10,2,22,6,17,5,7],[2,14,6,22,10,18,5,17,19,7],[22,6,10,18,5,17,7],[2,6,10,18,17,5,19,7,14,22],[6,22,14,10,2,18,5,17,19,7],[14,6,22,10,18,5,17,19,7,2],[14,10,22,6,18,5,17,19,7,2],[18,14,6,17,5,7,10],[10,18,14,22,6,5,17,19,7,2],[22,14,6,2,10,18,17,5,19,7],[6,22,2,10,18,17,5,7],[10,22,2,14,6,18,17,5,19,7],[10,18,2,22,6,5,17,7],[22,14,6,18,5,17,19,7,10,2],[10,22,14,2,6,18,5,17,7],[14,18,2,6,17,5,19,7,22,10],[6,10,18,17,5,19,7,2,14,22],[14,2,18,10,22,6,17,5,19,7],[10,22,2,14,6,18,5,17,19,7],[14,6,22,18,17,5,7],[6,14,10,22,2,18,5,17,19,7],[14,22,10,18,6,5,17,19,7,2],[14,2,10,18,22,6,17,5,7],[14,6,10,2,22,18,17,5,19,7],[6,2,18,17,5,19,7,10,14,22],[22,18,6,17,5,19,7,10,14,2],[18,2,14,6,5,17,7],[2,10,14,22,6,18,5,17,7],[18,2,22,6,17,5,7],[6,18,5,17,7,2,22],[2,14,10,18,22,6,5,17,7],[22,14,10,18,2,6,17,5,19,7],[10,6,22,2,18,17,5,19,7,14],[10,18,6,5,17,19,7,2,14,22],[10,22,14,6,2,18,17,5,7],[22,2,18,10,14,6,5,17,7],[14,2,6,22,18,17,5,7],[10,2,22,18,14,6,17,5,19,7],[18,22,10,6,5,17,7],[2,6,10,22,18,17,5,19,7,14],[14,18,6,5,17,19,7,10,2,22],[10,6,18,5,17,7,22],[18,6,5,17,19,7,14,2,22,10],[10,22,2,18,6,17,5,7],[14,18,22,6,5,17,19,7,10,2],[10,14,22,6,18,5,17,7],[18,10,6,17,5,19,7,2,22,14],[22,10,14,18,2,6,5,17,7],[10,14,22,18,6,17,5,19,7,2],[14,18,6,5,17,19,7,2,10,22],[6,14,2,10,22,18,17,5,19,7],[14,18,6,17,5,19,7,2,22,10],[10,6,18,17,5,19,7,22,2,14],[10,2,14,6,18,5,17,7],[6,22,14,18,17,5,19,7,2,10],[14,6,18,5,17,19,7,2,10,22],[14,2,18,22,6,5,17,19,7,10],[2,14,22,6,18,5,17,19,7,10],[22,2,10,6,18,5,17,7],[22,10,18,2,6,5,17,19,7,14],[14,18,2,10,6,17,5,7],[22,2,14,10,18,6,5,17,19,7],[2,18,14,22,6,17,5,19,7,10],[6,10,18,17,5,19,7,22,14,2],[2,18,6,17,5,19,7,22,14,10],[14,18,10,22,6,17,5,19,7,2],[18,2,14,10,22,6,17,5,19,7],[22,10,14,18,6,17,5,19,7,2],[6,10,18,5,17,19,7,14,22,2],[6,22,2,14,18,17,5,19,7,10],[10,14,2,22,6,18,17,5,19,7],[14,22,18,10,2,6,17,5,7],[10,14,18,22,6,17,5,7],[22,18,10,6,17,5,7],[2,22,18,6,5,17,7],[2,22,6,10,14,18,17,5,7],[14,10,2,22,6,18,5,17,7],[10,14,6,18,5,17,19,7,2,22],[2,10,6,18,17,5,7,14],[2,14,22,10,18,6,5,17,19,7],[22,2,6,10,18,17,5,7],[22,2,14,6,10,18,5,17,7],[6,22,18,5,17,7,2],[2,10,6,14,22,18,17,5,7],[14,22,10,6,18,5,17,7],[22,18,10,2,6,5,17,7],[2,6,10,22,14,18,17,5,19,7],[2,6,18,17,5,19,7,14,10,22],[22,18,10,2,14,6,17,5,7],[6,14,22,10,2,18,5,17,7],[10,6,22,14,18,5,17,19,7,2],[2,22,18,14,10,6,5,17,7],[14,18,6,5,17,7,2],[2,10,22,14,6,18,5,17,7],[6,14,2,18,17,5,7],[14,18,6,17,5,19,7,22,10,2],[2,22,18,14,10,6,17,5,19,7],[10,6,14,2,22,18,5,17,7],[2,6,14,22,18,5,17,7],[18,14,10,2,22,6,17,5,19,7],[22,18,14,2,6,5,17,7],[6,10,22,18,17,5,19,7,2,14],[22,18,10,14,2,6,17,5,19,7],[2,6,14,18,5,17,19,7,22,10],[2,10,14,18,22,6,17,5,7],[10,2,18,14,22,6,5,17,7],[2,10,18,6,5,17,19,7,14,22],[14,6,18,17,5,19,7,2,10,22],[18,6,5,17,19,7,10,2,22,14],[2,6,18,5,17,7,14],[2,10,6,22,18,17,5,19,7,14],[6,2,14,22,10,18,5,17,19,7],[22,6,2,14,10,18,5,17,7],[14,6,10,18,17,5,7],[14,10,22,18,6,5,17,19,7,2],[14,2,10,18,6,17,5,7],[14,2,10,18,22,6,17,5,19,7],[14,6,10,18,17,5,7],[6,14,18,17,5,19,7,10,22,2],[6,18,17,5,19,7,2,10,22,14],[6,22,14,2,10,18,17,5,19,7],[22,14,2,6,18,17,5,19,7,10],[14,6,22,2,18,17,5,19,7,10],[18,10,2,22,6,17,5,7],[10,6,2,18,5,17,19,7,22,14],[14,22,10,18,2,6,5,17,7],[22,6,2,18,17,5,19,7,10,14],[6,18,5,17,19,7,22,14,10,2],[22,14,10,18,2,6,5,17,19,7],[18,6,5,17,19,7,2,10,22,14],[2,14,6,10,18,5,17,19,7,22],[22,6,2,18,5,17,19,7,10,14],[10,14,2,18,22,6,5,17,7],[22,14,2,18,10,6,5,17,19,7],[2,18,22,14,6,17,5,7],[14,6,2,18,17,5,7],[2,18,22,14,6,5,17,7],[6,14,2,10,22,18,17,5,7],[18,22,2,10,6,17,5,19,7,14],[14,10,6,18,5,17,19,7,2,22],[10,14,18,6,5,17,19,7,2,22],[18,14,22,10,6,17,5,7],[18,2,14,10,22,6,5,17,19,7],[14,22,2,6,18,5,17,19,7,10],[10,2,22,14,18,6,17,5,19,7],[6,22,18,5,17,19,7,14,2,10],[6,18,5,17,19,7,10,2,14,22],[22,6,2,14,10,18,17,5,7],[10,14,18,2,22,6,5,17,7],[14,10,6,2,22,18,5,17,7],[10,14,18,22,2,6,17,5,7],[14,6,18,17,5,19,7,10,2,22],[2,18,6,5,17,7,14],[22,10,14,6,18,17,5,19,7,2],[22,2,6,14,18,17,5,19,7,10],[10,2,18,22,14,6,5,17,19,7],[2,22,18,14,10,6,17,5,7],[10,6,14,22,18,17,5,19,7,2],[10,2,14,18,6,17,5,19,7,22],[18,22,14,2,6,5,17,7],[10,2,14,22,18,6,17,5,19,7],[10,22,18,14,6,5,17,7],[14,2,6,18,5,17,19,7,10,22],[2,14,22,6,18,17,5,19,7,10],[6,2,10,18,5,17,7,22],[22,14,10,18,2,6,17,5,19,7],[6,18,5,17,19,7,22,14,10,2],[22,18,2,14,6,5,17,19,7,10],[10,22,14,2,6,18,17,5,19,7],[18,2,14,10,6,17,5,19,7,22],[22,14,18,6,5,17,7],[6,14,22,2,18,17,5,7],[14,22,2,10,6,18,17,5,7],[6,22,10,14,18,5,17,19,7,2],[18,14,10,6,17,5,19,7,22,2],[10,2,6,14,18,17,5,19,7,22],[2,14,22,18,10,6,5,17,7],[18,2,10,22,6,17,5,7],[10,14,18,2,22,6,17,5,7],[22,6,18,5,17,19,7,2,14,10],[6,10,2,14,18,17,5,19,7,22],[14,22,6,18,17,5,19,7,2,10],[6,10,18,5,17,7,2,22],[2,14,6,10,22,18,17,5,7],[22,6,10,2,18,5,17,7],[14,10,18,6,17,5,7],[14,6,2,22,10,18,5,17,7],[6,22,18,5,17,19,7,14,10,2],[2,14,10,6,18,17,5,7],[2,18,6,5,17,7,22],[10,6,14,22,18,5,17,7],[14,18,2,6,5,17,7],[18,14,6,17,5,19,7,2,22,10],[14,18,2,22,10,6,5,17,19,7],[2,10,6,18,5,17,7,22],[10,18,22,2,14,6,5,17,19,7],[6,2,10,22,14,18,17,5,7],[10,2,18,14,22,6,17,5,7],[6,14,18,17,5,7,2],[2,6,18,5,17,19,7,22,14,10],[22,2,6,14,10,18,5,17,19,7],[22,6,18,5,17,7,14],[10,18,2,6,5,17,7,14],[18,2,22,10,6,17,5,7],[14,10,22,6,2,18,5,17,19,7],[22,14,10,2,18,6,5,17,7],[14,6,10,18,5,17,19,7,22,2],[22,18,2,14,10,6,5,17,19,7],[18,10,6,5,17,7,14],[18,6,17,5,7,2,22],[14,10,22,6,2,18,17,5,19,7],[18,6,17,5,19,7,14,22,2,10],[18,22,10,2,14,6,5,17,7],[14,22,2,10,18,6,17,5,7],[14,18,10,22,6,17,5,7],[10,18,6,5,17,19,7,22,2,14],[14,6,10,2,18,5,17,7],[10,18,2,6,5,17,19,7,14,22],[14,10,22,6,18,17,5,19,7,2],[22,10,6,14,2,18,5,17,7],[14,10,6,18,17,5,7],[6,2,14,22,18,5,17,19,7,10],[14,10,18,6,17,5,7],[14,6,18,17,5,7,22],[10,6,18,17,5,19,7,2,22,14],[22,18,6,17,5,7,2],[18,10,22,6,5,17,19,7,14,2],[2,10,14,18,22,6,5,17,19,7],[22,2,10,14,6,18,17,5,7],[10,22,18,14,6,17,5,7],[6,14,18,5,17,7,22],[18,2,22,6,17,5,19,7,10,14],[2,14,18,6,17,5,7],[22,14,6,18,17,5,19,7,2,10],[10,2,14,6,22,18,5,17,19,7],[6,14,2,22,18,5,17,7],[18,2,14,10,6,5,17,19,7,22],[14,10,6,2,18,17,5,19,7,22],[2,22,6,14,18,5,17,7],[14,6,10,2,22,18,17,5,19,7],[22,14,10,2,18,6,5,17,19,7],[6,2,22,18,5,17,19,7,10,14],[6,22,2,14,18,5,17,7],[22,6,2,18,17,5,19,7,10,14],[22,6,14,2,18,5,17,19,7,10],[6,14,2,10,22,18,17,5,7],[22,14,2,6,18,5,17,7],[18,22,10,2,6,5,17,19,7,14],[14,6,22,18,5,17,7],[10,14,6,22,18,17,5,7],[6,18,5,17,19,7,22,10,2,14],[6,18,17,5,19,7,14,10,2,22],[18,14,6,5,17,7,22],[6,18,17,5,19,7,2,22,14,10],[10,22,6,2,14,18,17,5,19,7],[18,2,6,5,17,19,7,22,10,14],[10,18,14,6,17,5,7],[18,22,10,6,5,17,7],[22,2,6,10,18,5,17,19,7,14],[14,10,2,6,22,18,5,17,7],[2,6,14,18,5,17,7],[18,10,6,5,17,19,7,14,22,2],[2,6,18,5,17,19,7,14,10,22],[14,6,18,17,5,19,7,2,10,22],[22,14,2,10,6,18,5,17,7],[10,6,22,14,2,18,17,5,7],[2,14,22,18,10,6,17,5,19,7],[18,2,10,22,14,6,5,17,7],[10,2,18,6,17,5,7,22],[6,22,10,18,17,5,19,7,14,2],[2,14,10,6,18,17,5,7],[2,14,10,6,22,18,17,5,19,7],[2,10,22,18,14,6,17,5,19,7],[18,14,6,17,5,7,10],[18,10,2,22,6,5,17,7],[22,14,10,6,2,18,17,5,19,7],[18,6,17,5,7,2,14],[2,14,10,6,18,5,17,7],[2,22,6,14,18,17,5,7],[14,2,18,6,17,5,7],[18,6,5,17,7,2,22],[2,10,18,6,5,17,19,7,22,14],[14,10,6,18,5,17,19,7,22,2],[2,14,22,10,6,18,5,17,7],[14,18,2,22,10,6,17,5,19,7],[18,14,6,17,5,19,7,10,22,2],[2,18,22,10,6,5,17,7],[6,10,2,18,17,5,19,7,22,14],[18,22,14,6,5,17,19,7,2,10],[2,6,10,14,18,5,17,19,7,22],[10,2,14,18,22,6,17,5,19,7],[6,10,2,14,18,5,17,19,7,22],[18,2,22,14,10,6,5,17,19,7],[22,10,2,14,6,18,5,17,7],[2,14,22,18,6,5,17,19,7,10],[18,2,22,14,10,6,17,5,19,7],[22,6,2,18,17,5,7],[2,22,10,6,18,17,5,19,7,14],[2,10,22,6,14,18,17,5,19,7],[10,2,22,6,14,18,17,5,19,7],[2,18,22,14,6,5,17,7],[2,6,18,5,17,7,10,14],[6,22,14,2,10,18,17,5,7],[14,18,22,2,6,17,5,19,7,10],[14,10,2,18,22,6,5,17,7],[22,14,10,2,6,18,5,17,7],[22,14,10,6,18,5,17,7],[2,22,14,6,18,17,5,19,7,10],[14,18,22,2,10,6,17,5,7],[10,2,6,22,18,17,5,19,7,14],[14,18,22,2,6,5,17,19,7,10],[22,6,14,18,5,17,19,7,10,2],[2,6,14,18,17,5,19,7,10,22],[6,18,5,17,19,7,2,10,22,14],[14,6,10,18,17,5,19,7,22,2],[2,14,6,22,18,17,5,19,7,10],[14,6,22,2,10,18,17,5,7],[18,14,22,6,5,17,7],[2,22,14,18,10,6,17,5,19,7],[14,2,6,22,10,18,5,17,19,7],[14,18,2,6,5,17,7],[2,18,14,6,17,5,19,7,22,10],[18,2,6,17,5,7,14],[6,18,5,17,19,7,14,10,22,2],[10,2,14,22,18,6,17,5,7],[18,6,17,5,19,7,22,10,2,14],[2,22,6,18,5,17,7],[14,10,2,18,22,6,5,17,19,7],[6,18,5,17,19,7,14,10,2,22],[14,22,6,18,5,17,7],[2,6,22,18,17,5,7],[18,6,17,5,7,2,14],[18,10,14,2,6,5,17,19,7,22],[18,2,10,22,6,17,5,7],[18,10,2,22,14,6,17,5,7],[6,22,18,5,17,19,7,10,2,14],[2,18,14,22,10,6,5,17,19,7],[10,18,22,6,17,5,7],[2,10,6,14,18,17,5,7],[22,14,18,2,10,6,5,17,7],[2,14,22,18,6,5,17,7],[14,6,18,5,17,7,2],[10,6,14,22,2,18,5,17,7],[2,14,6,18,5,17,7],[18,10,6,17,5,19,7,14,22,2],[10,6,14,18,17,5,7],[2,10,18,6,5,17,7,22],[22,18,2,14,6,17,5,7],[10,2,18,14,22,6,17,5,7],[6,14,10,18,17,5,7],[2,22,6,10,14,18,5,17,7],[6,2,18,17,5,7,22],[10,18,6,17,5,19,7,14,22,2],[6,10,18,17,5,7,22],[10,6,2,18,17,5,7,14],[18,6,5,17,7,2,22],[22,6,14,10,2,18,5,17,19,7],[6,10,22,18,17,5,7],[2,14,6,18,17,5,19,7,22,10],[2,14,18,10,6,5,17,7],[18,14,6,17,5,19,7,22,2,10],[22,10,2,14,6,18,5,17,19,7],[18,14,22,2,10,6,5,17,19,7],[18,2,10,22,6,17,5,19,7,14],[14,22,2,18,6,17,5,19,7,10],[14,18,6,5,17,7,22],[2,14,22,10,6,18,5,17,19,7],[22,6,18,17,5,19,7,2,10,14],[18,10,2,22,14,6,5,17,19,7],[14,22,6,2,18,5,17,19,7,10],[14,18,6,17,5,19,7,22,10,2],[22,14,2,18,10,6,5,17,19,7],[18,22,6,5,17,19,7,2,10,14],[22,10,18,6,17,5,19,7,14,2],[18,2,14,6,17,5,7],[6,2,22,14,10,18,5,17,7],[14,2,22,18,6,5,17,19,7,10],[18,6,5,17,19,7,10,2,14,22],[22,14,10,6,18,5,17,19,7,2],[14,2,18,6,17,5,19,7,22,10],[2,14,18,10,6,17,5,7],[18,22,10,2,14,6,5,17,19,7],[2,6,14,10,22,18,5,17,19,7],[22,6,14,18,5,17,19,7,10,2],[10,14,6,18,5,17,19,7,2,22],[18,10,14,6,17,5,7],[14,6,18,17,5,7,22],[2,18,14,10,22,6,17,5,7],[2,10,22,18,6,17,5,19,7,14],[2,22,18,14,10,6,5,17,7],[18,2,6,17,5,7,10,14],[18,6,17,5,7,10,14],[22,2,10,18,14,6,17,5,19,7],[6,22,10,2,14,18,17,5,19,7],[2,18,10,22,6,17,5,19,7,14],[10,18,22,14,6,5,17,19,7,2],[18,10,6,5,17,7,2,22],[2,10,14,18,22,6,17,5,7],[22,2,6,14,18,5,17,19,7,10],[6,14,2,10,22,18,5,17,7],[2,14,6,10,22,18,17,5,7],[22,18,2,6,17,5,7],[6,2,14,10,18,17,5,19,7,22],[2,18,22,6,17,5,7],[10,22,18,14,2,6,5,17,7],[10,14,6,18,17,5,19,7,2,22],[22,6,2,14,10,18,5,17,7],[22,10,14,2,6,18,17,5,7],[2,10,6,18,5,17,7,14],[18,22,6,5,17,7,2],[22,10,18,6,5,17,19,7,2,14],[22,2,6,10,14,18,5,17,19,7],[10,14,6,22,18,17,5,7],[18,10,22,14,2,6,5,17,19,7],[18,10,6,5,17,7,22],[22,10,2,14,6,18,5,17,19,7],[14,22,2,10,18,6,5,17,19,7],[6,2,14,18,17,5,7],[18,10,6,5,17,19,7,14,22,2],[10,14,6,2,22,18,17,5,19,7]],"n_human":8}