{"problem_id":"D1RZHPelpPlTsLw","sigma":150,"alpha":10.000,"cost":2,"probabilities":"[0.35, 0.2, 0.27, 0.18]","payoff_matrix":"[[-33, 119, -44, -179, 41, -29], [-78, 110, 115, -80, -285, 420], [23, -181, 187, -205, -22, 86], [14, -166, -272, -100, -203, 115]]","uncovered":[[17,9,5,13,21,1,19,7,23,22],[9,13,1,5,21,17,7,19,23,22],[9,1,17,5,13,21,7,19,23,18,3,11,22],[13,9,17,21,5,1,19,7,23,22],[13,9,1,17,21,5,19,7,23,22],[21,13,1,9,5,17,7,19,23,22],[17,13,1,21,5,9,7,19,23,22],[17,9,13,1,21,5,19,7,23,18,3,11,10],[13,1,17,21,9,5,19,7,23,18,3,11,10],[13,21,1,5,17,9,7,19,23,22],[5,13,1,17,21,9,19,7,23,22],[21,13,1,5,17,9,7,19,23,18,3,11,22],[1,13,17,21,9,5,19,7,23,22],[13,9,5,21,1,17,7,19,23,22],[1,13,17,5,21,9,19,7,23,18,3,11,22],[1,13,5,21,9,17,19,7,23,18,3,11,10],[1,5,21,13,17,9,7,19,23,22],[17,21,1,13,9,5,19,7,23,18,3,11,22],[1,21,17,5,9,13,19,7,23,18,3,11,10],[21,17,13,1,9,5,7,19,23,18,3,11,10],[9,5,1,17,13,21,19,7,23,22],[5,17,21,1,13,9,7,19,23,18,3,11,10],[21,13,5,17,1,9,7,19,23,22],[17,1,13,9,5,21,7,19,23,22],[9,13,17,21,5,1,7,19,23,22],[13,1,17,21,9,5,19,7,23,22],[5,9,21,1,17,13,7,19,23,18,3,11,22],[17,9,1,13,21,5,19,7,23,22],[17,13,9,5,1,21,7,19,23,22],[17,13,1,5,9,21,19,7,23,18,3,11,10],[21,9,1,5,13,17,7,19,23,22],[9,21,5,13,1,17,19,7,23,18,3,11,22],[5,13,1,9,17,21,19,7,23,18,3,11,22],[1,13,9,21,17,5,19,7,23,22],[9,21,13,1,17,5,19,7,23,18,3,11,10],[9,5,17,13,1,21,7,19,23,18,3,11,22],[5,9,1,17,13,21,19,7,23,22],[9,13,21,5,17,1,19,7,23,22],[17,9,5,1,13,21,19,7,23,22],[17,1,13,21,9,5,19,7,23,18,3,11,22],[1,21,13,17,9,5,7,19,23,18,3,11,10],[17,5,13,9,1,21,19,7,23,18,3,11,10],[13,17,9,1,21,5,19,7,23,18,3,11,10],[5,13,1,17,9,21,19,7,23,18,3,11,22],[1,21,9,17,13,5,7,19,23,22],[9,17,21,1,5,13,7,19,23,18,3,11,22],[9,21,5,1,13,17,19,7,23,18,3,11,10],[5,17,9,13,1,21,7,19,23,18,3,11,10],[21,13,1,9,17,5,7,19,23,22],[21,9,17,1,5,13,7,19,23,22],[13,9,17,1,5,21,19,7,23,22],[17,1,5,13,21,9,19,7,23,18,3,11,10],[21,13,1,9,17,5,7,19,23,22],[13,17,5,21,1,9,19,7,23,18,3,11,22],[5,13,17,9,21,1,7,19,23,18,3,11,10],[5,1,21,13,9,17,7,19,23,22],[21,17,1,9,5,13,7,19,23,18,3,11,10],[21,5,9,17,1,13,7,19,23,22],[13,9,1,21,5,17,19,7,23,22],[17,13,9,21,5,1,7,19,23,18,3,11,22],[21,9,1,5,17,13,7,19,23,18,3,11,22],[1,21,9,17,5,13,19,7,23,18,3,11,10],[5,13,9,17,21,1,19,7,23,22],[1,9,5,13,21,17,19,7,23,18,3,11,10],[13,9,1,17,5,21,7,19,23,22],[13,9,5,1,21,17,19,7,23,22],[17,1,5,21,9,13,7,19,23,22],[21,13,17,5,1,9,19,7,23,22],[5,13,1,17,9,21,7,19,23,18,3,11,10],[1,9,13,17,21,5,19,7,23,22],[5,1,13,17,21,9,7,19,23,22],[21,13,5,9,1,17,19,7,23,18,3,11,22],[9,21,17,1,5,13,7,19,23,18,3,11,22],[21,9,17,5,1,13,7,19,23,22],[1,9,17,13,21,5,19,7,23,22],[21,9,13,5,17,1,19,7,23,22],[1,13,9,5,17,21,7,19,23,18,3,11,22],[9,5,17,1,13,21,7,19,23,22],[21,13,5,9,17,1,7,19,23,18,3,11,10],[9,21,5,17,13,1,7,19,23,18,3,11,10],[1,5,21,13,17,9,19,7,23,18,3,11,22],[1,17,21,9,13,5,7,19,23,22],[17,1,21,9,5,13,19,7,23,18,3,11,10],[5,17,21,1,9,13,19,7,23,22],[17,13,21,5,1,9,19,7,23,18,3,11,10],[21,13,17,5,9,1,19,7,23,18,3,11,22],[5,1,17,21,13,9,19,7,23,22],[21,5,13,9,1,17,19,7,23,18,3,11,10],[17,5,21,13,9,1,7,19,23,22],[1,5,9,17,13,21,7,19,23,18,3,11,22],[1,9,5,17,21,13,19,7,23,22],[21,9,17,13,1,5,7,19,23,22],[5,1,17,13,21,9,19,7,23,22],[5,21,1,9,13,17,7,19,23,18,3,11,10],[13,9,21,5,1,17,7,19,23,22],[17,1,21,9,13,5,19,7,23,18,3,11,10],[17,9,5,13,21,1,7,19,23,18,3,11,10],[5,21,9,17,1,13,19,7,23,18,3,11,10],[17,13,21,9,5,1,19,7,23,18,3,11,22],[17,1,13,21,9,5,19,7,23,22],[5,17,13,9,1,21,19,7,23,22],[9,5,1,13,21,17,7,19,23,18,3,11,10],[21,5,9,13,1,17,19,7,23,18,3,11,10],[13,1,9,21,5,17,19,7,23,18,3,11,22],[9,13,5,1,17,21,7,19,23,18,3,11,10],[5,1,13,17,9,21,19,7,23,18,3,11,10],[17,21,9,5,13,1,7,19,23,22],[21,13,9,5,17,1,19,7,23,18,3,11,22],[5,17,13,1,21,9,19,7,23,18,3,11,10],[21,1,17,9,5,13,19,7,23,22],[17,13,5,9,1,21,19,7,23,22],[17,9,21,1,5,13,19,7,23,18,3,11,10],[13,9,21,17,5,1,7,19,23,18,3,11,22],[1,21,5,17,9,13,19,7,23,22],[1,9,21,5,17,13,7,19,23,18,3,11,22],[21,13,9,5,1,17,19,7,23,18,3,11,22],[5,9,13,1,21,17,19,7,23,18,3,11,10],[5,17,13,9,1,21,19,7,23,22],[5,17,1,13,21,9,19,7,23,18,3,11,22],[1,13,17,9,5,21,7,19,23,18,3,11,22],[9,5,21,17,1,13,7,19,23,18,3,11,10],[13,1,17,9,5,21,7,19,23,22],[17,1,5,9,21,13,7,19,23,22],[1,17,13,9,5,21,7,19,23,22],[17,21,1,9,5,13,19,7,23,22],[1,5,9,21,13,17,19,7,23,22],[13,9,5,21,17,1,7,19,23,18,3,11,22],[21,1,13,17,9,5,19,7,23,18,3,11,22],[1,17,9,21,13,5,19,7,23,22],[9,13,17,1,5,21,7,19,23,18,3,11,22],[9,1,5,17,21,13,19,7,23,22],[1,21,17,5,9,13,19,7,23,18,3,11,10],[17,21,1,9,13,5,7,19,23,18,3,11,22],[5,9,1,17,13,21,7,19,23,22],[9,5,17,1,21,13,7,19,23,22],[21,9,17,1,13,5,19,7,23,22],[21,17,9,13,5,1,7,19,23,18,3,11,22],[1,5,17,9,21,13,19,7,23,18,3,11,22],[1,13,5,9,17,21,19,7,23,22],[9,17,1,21,5,13,19,7,23,22],[13,21,17,1,9,5,7,19,23,18,3,11,10],[17,13,5,1,9,21,19,7,23,22],[9,21,17,5,1,13,7,19,23,22],[5,17,9,21,13,1,19,7,23,18,3,11,22],[17,1,13,5,9,21,19,7,23,22],[1,5,9,13,21,17,19,7,23,22],[5,1,21,13,9,17,19,7,23,18,3,11,22],[13,9,21,17,1,5,7,19,23,22],[5,1,9,13,17,21,19,7,23,18,3,11,10],[1,17,9,13,21,5,19,7,23,18,3,11,22],[5,1,13,21,17,9,7,19,23,18,3,11,22],[9,13,1,5,21,17,19,7,23,22],[17,13,9,1,21,5,7,19,23,18,3,11,22],[1,17,13,9,21,5,19,7,23,22],[5,17,13,1,9,21,7,19,23,22],[9,5,1,17,13,21,19,7,23,18,3,11,10],[17,13,1,9,21,5,19,7,23,18,3,11,10],[21,5,1,17,13,9,7,19,23,22],[9,13,21,17,1,5,7,19,23,18,3,11,22],[1,17,21,5,13,9,19,7,23,22],[17,1,21,13,5,9,19,7,23,18,3,11,22],[13,21,5,9,17,1,7,19,23,18,3,11,22],[17,13,1,21,5,9,7,19,23,18,3,11,22],[21,5,9,1,17,13,7,19,23,18,3,11,22],[21,9,17,13,5,1,19,7,23,22],[21,17,1,5,13,9,7,19,23,18,3,11,22],[5,13,9,1,21,17,19,7,23,18,3,11,10],[21,9,17,5,13,1,19,7,23,22],[9,21,1,13,5,17,7,19,23,22],[1,13,9,17,5,21,19,7,23,22],[21,9,5,17,1,13,19,7,23,22],[9,5,1,13,21,17,19,7,23,22],[17,1,13,5,21,9,7,19,23,18,3,11,22],[9,17,5,13,1,21,7,19,23,22],[21,13,17,1,5,9,19,7,23,22],[13,9,21,1,17,5,19,7,23,22],[21,17,5,13,9,1,7,19,23,22],[1,5,21,17,13,9,19,7,23,22],[5,21,13,17,9,1,19,7,23,22],[13,17,21,5,9,1,7,19,23,18,3,11,22],[17,21,13,1,5,9,19,7,23,18,3,11,22],[1,9,17,21,5,13,19,7,23,18,3,11,22],[13,21,17,1,5,9,19,7,23,18,3,11,10],[17,21,13,9,5,1,7,19,23,18,3,11,22],[17,21,9,13,5,1,19,7,23,22],[5,9,17,1,21,13,7,19,23,18,3,11,10],[1,13,9,21,5,17,19,7,23,22],[13,5,9,1,17,21,19,7,23,22],[1,21,17,13,5,9,19,7,23,22],[21,17,13,5,1,9,19,7,23,22],[17,1,13,5,9,21,19,7,23,22],[9,13,21,5,17,1,19,7,23,18,3,11,22],[17,21,1,9,5,13,7,19,23,18,3,11,22],[5,9,13,1,21,17,7,19,23,18,3,11,10],[5,9,13,21,1,17,7,19,23,22],[17,5,1,13,21,9,19,7,23,18,3,11,10],[1,9,13,17,5,21,19,7,23,22],[21,17,5,9,1,13,7,19,23,22],[21,1,5,13,17,9,7,19,23,22],[17,13,21,5,1,9,19,7,23,22],[21,9,5,17,13,1,7,19,23,18,3,11,22],[13,1,17,5,21,9,19,7,23,18,3,11,22],[5,9,21,1,17,13,7,19,23,22],[21,1,17,13,5,9,19,7,23,22],[9,1,21,17,13,5,19,7,23,22],[17,1,5,21,13,9,7,19,23,18,3,11,22],[13,1,5,21,9,17,19,7,23,18,3,11,10],[21,5,9,1,13,17,7,19,23,22],[13,17,9,1,5,21,7,19,23,22],[1,17,21,9,13,5,19,7,23,18,3,11,10],[21,17,9,1,13,5,7,19,23,22],[21,17,5,13,1,9,19,7,23,22],[13,17,9,21,5,1,7,19,23,18,3,11,22],[1,17,5,9,21,13,7,19,23,22],[21,5,13,17,9,1,19,7,23,22],[1,5,21,13,9,17,7,19,23,22],[5,13,1,9,17,21,7,19,23,22],[13,9,1,17,21,5,7,19,23,18,3,11,22],[1,17,5,9,13,21,19,7,23,22],[1,21,17,13,9,5,19,7,23,22],[9,1,17,5,21,13,7,19,23,18,3,11,10],[17,21,5,13,9,1,19,7,23,18,3,11,10],[13,21,17,1,9,5,19,7,23,18,3,11,10],[5,13,9,1,21,17,7,19,23,22],[9,21,5,1,13,17,19,7,23,18,3,11,22],[1,21,9,17,13,5,19,7,23,18,3,11,10],[9,13,1,21,5,17,7,19,23,18,3,11,22],[9,13,17,1,5,21,7,19,23,22],[9,17,21,13,5,1,19,7,23,18,3,11,10],[21,5,17,9,13,1,7,19,23,22],[17,1,21,5,13,9,7,19,23,18,3,11,10],[9,13,17,1,5,21,19,7,23,18,3,11,22],[21,13,5,1,17,9,7,19,23,18,3,11,10],[13,17,1,21,9,5,19,7,23,22],[17,5,1,9,21,13,19,7,23,22],[5,9,1,13,17,21,19,7,23,22],[5,13,1,17,21,9,19,7,23,18,3,11,10],[1,13,17,21,9,5,19,7,23,18,3,11,22],[17,9,21,13,1,5,19,7,23,22],[1,9,13,17,21,5,7,19,23,18,3,11,22],[17,21,13,9,5,1,19,7,23,18,3,11,22],[1,17,21,9,13,5,7,19,23,22],[1,21,5,17,13,9,19,7,23,18,3,11,22],[9,1,13,5,21,17,7,19,23,22],[9,13,21,17,1,5,7,19,23,18,3,11,22],[5,17,13,21,9,1,7,19,23,18,3,11,10],[5,9,1,21,17,13,19,7,23,22],[13,5,9,17,1,21,19,7,23,22],[1,5,17,9,13,21,7,19,23,22],[13,5,9,17,1,21,7,19,23,22],[17,21,13,5,1,9,7,19,23,22],[17,5,9,13,1,21,7,19,23,18,3,11,10],[5,21,17,9,1,13,19,7,23,18,3,11,10],[5,13,1,17,9,21,19,7,23,18,3,11,10],[1,17,9,13,5,21,7,19,23,22],[1,17,13,5,21,9,19,7,23,18,3,11,22],[1,5,21,13,9,17,19,7,23,18,3,11,22],[9,17,5,13,21,1,19,7,23,18,3,11,22],[1,9,5,21,17,13,19,7,23,22],[17,5,13,21,1,9,19,7,23,22],[13,9,5,21,17,1,7,19,23,18,3,11,22],[13,17,9,5,21,1,19,7,23,18,3,11,10],[1,9,5,13,21,17,19,7,23,22],[5,21,1,17,9,13,19,7,23,22],[13,9,1,21,17,5,7,19,23,22],[9,17,1,21,5,13,19,7,23,22],[5,1,21,9,13,17,19,7,23,22],[1,9,17,13,21,5,7,19,23,22],[17,5,21,9,13,1,7,19,23,18,3,11,22],[21,9,5,13,1,17,7,19,23,18,3,11,10],[5,21,13,9,1,17,19,7,23,18,3,11,22],[9,1,13,5,21,17,19,7,23,22],[13,5,1,9,21,17,7,19,23,18,3,11,10],[13,5,17,9,21,1,19,7,23,22],[13,9,1,5,21,17,7,19,23,18,3,11,22],[21,9,17,5,1,13,19,7,23,22],[9,17,21,1,5,13,7,19,23,18,3,11,10],[21,17,9,1,5,13,7,19,23,22],[21,17,9,1,13,5,19,7,23,22],[13,9,21,1,5,17,7,19,23,22],[9,17,5,21,1,13,19,7,23,18,3,11,22],[17,9,13,1,21,5,19,7,23,22],[17,21,13,1,9,5,19,7,23,18,3,11,22],[1,9,5,21,13,17,7,19,23,22],[5,13,9,17,21,1,7,19,23,22],[9,1,21,13,5,17,7,19,23,18,3,11,10],[9,1,21,13,17,5,7,19,23,22],[21,9,5,13,1,17,19,7,23,22],[5,13,9,1,21,17,19,7,23,22],[5,13,1,21,17,9,19,7,23,22],[17,9,13,5,1,21,7,19,23,22],[1,5,17,21,13,9,19,7,23,18,3,11,10],[17,1,21,9,13,5,7,19,23,22],[5,13,21,17,1,9,7,19,23,18,3,11,10],[9,1,17,5,13,21,19,7,23,22],[5,1,21,9,17,13,7,19,23,18,3,11,22],[1,9,17,21,13,5,7,19,23,22],[21,1,13,9,5,17,7,19,23,22],[21,5,17,9,13,1,19,7,23,22],[5,17,1,21,13,9,19,7,23,22],[9,5,1,21,13,17,19,7,23,22],[17,5,9,13,1,21,19,7,23,18,3,11,22],[1,9,17,21,13,5,7,19,23,18,3,11,22],[5,17,21,9,1,13,7,19,23,18,3,11,10],[5,1,17,13,21,9,19,7,23,18,3,11,10],[21,9,1,17,5,13,19,7,23,22],[9,17,1,21,13,5,7,19,23,18,3,11,22],[1,21,17,5,9,13,7,19,23,22],[5,17,9,21,13,1,7,19,23,22],[13,17,9,21,5,1,19,7,23,22],[21,5,17,9,13,1,7,19,23,22],[17,5,21,13,9,1,7,19,23,22],[1,9,21,13,5,17,19,7,23,18,3,11,10],[5,21,13,17,9,1,7,19,23,22],[17,1,13,9,5,21,19,7,23,22],[21,9,13,1,17,5,7,19,23,22],[21,5,17,1,13,9,7,19,23,22],[1,9,5,21,13,17,19,7,23,22],[21,5,1,13,9,17,19,7,23,22],[13,17,5,1,9,21,19,7,23,22],[13,21,9,1,17,5,19,7,23,22],[9,17,13,21,5,1,7,19,23,18,3,11,10],[5,1,13,17,21,9,19,7,23,22],[9,5,1,13,21,17,7,19,23,22],[9,13,17,21,1,5,7,19,23,18,3,11,10],[5,21,9,17,1,13,7,19,23,18,3,11,10],[1,5,21,13,9,17,19,7,23,18,3,11,22],[9,21,5,17,13,1,7,19,23,22],[1,17,5,21,13,9,7,19,23,18,3,11,10],[5,17,13,1,21,9,19,7,23,18,3,11,22],[1,17,5,13,9,21,7,19,23,18,3,11,10],[21,5,17,1,13,9,19,7,23,22],[21,5,9,1,13,17,7,19,23,18,3,11,22],[17,21,13,1,9,5,19,7,23,18,3,11,22],[1,21,9,17,5,13,19,7,23,18,3,11,22],[1,13,21,17,5,9,19,7,23,18,3,11,10],[5,9,13,1,17,21,7,19,23,22],[5,13,1,17,21,9,7,19,23,18,3,11,22],[1,5,9,13,21,17,7,19,23,22],[9,5,17,1,21,13,19,7,23,22],[21,9,13,5,17,1,19,7,23,18,3,11,22],[9,1,21,17,5,13,19,7,23,22],[21,1,17,9,13,5,7,19,23,18,3,11,22],[1,9,5,21,13,17,19,7,23,22],[17,13,21,1,5,9,19,7,23,22],[1,21,5,17,13,9,19,7,23,18,3,11,10],[13,9,1,5,21,17,7,19,23,18,3,11,10],[1,21,5,17,9,13,19,7,23,18,3,11,22],[21,17,13,1,5,9,7,19,23,18,3,11,10],[21,13,17,1,5,9,7,19,23,18,3,11,10],[13,21,17,5,9,1,19,7,23,22],[21,1,5,13,9,17,19,7,23,22],[5,9,17,13,21,1,7,19,23,22],[21,13,17,1,5,9,19,7,23,22],[17,1,9,13,21,5,19,7,23,18,3,11,22],[21,5,1,9,17,13,7,19,23,22],[17,9,5,1,21,13,7,19,23,18,3,11,22],[21,1,13,5,17,9,7,19,23,22],[13,5,9,21,1,17,7,19,23,18,3,11,22],[5,17,9,1,21,13,7,19,23,18,3,11,22],[5,17,1,9,21,13,7,19,23,22],[21,13,9,5,1,17,19,7,23,22],[13,9,1,21,17,5,19,7,23,22],[1,21,17,5,9,13,19,7,23,22],[17,5,21,13,9,1,19,7,23,18,3,11,10],[9,1,17,21,13,5,19,7,23,18,3,11,22],[9,17,13,1,21,5,19,7,23,22],[13,17,1,5,9,21,7,19,23,18,3,11,10],[1,13,17,9,5,21,7,19,23,22],[17,1,13,21,9,5,19,7,23,22],[21,1,5,9,13,17,19,7,23,18,3,11,10],[5,13,9,17,21,1,19,7,23,18,3,11,10],[13,9,17,21,1,5,19,7,23,18,3,11,10],[9,1,21,13,17,5,19,7,23,22],[21,9,1,13,17,5,19,7,23,18,3,11,10],[5,1,21,13,17,9,19,7,23,18,3,11,10],[13,1,9,17,21,5,19,7,23,18,3,11,10],[1,13,5,9,21,17,19,7,23,22],[13,9,21,5,17,1,19,7,23,18,3,11,10],[13,21,5,9,17,1,19,7,23,22],[17,5,13,1,9,21,19,7,23,22],[1,13,5,21,17,9,19,7,23,18,3,11,22],[17,9,21,13,1,5,19,7,23,22],[13,1,5,9,21,17,19,7,23,22],[5,9,21,13,1,17,7,19,23,22],[21,5,17,9,1,13,7,19,23,22],[5,21,1,13,9,17,7,19,23,22],[17,5,13,1,21,9,7,19,23,18,3,11,10],[1,5,17,21,13,9,19,7,23,22],[1,5,17,21,9,13,19,7,23,18,3,11,22],[1,17,5,13,9,21,19,7,23,22],[1,17,5,9,21,13,7,19,23,18,3,11,10],[13,17,9,21,1,5,7,19,23,18,3,11,10],[17,9,5,13,21,1,19,7,23,22],[9,1,17,21,5,13,7,19,23,22],[9,13,5,17,21,1,7,19,23,22],[9,5,13,1,21,17,7,19,23,18,3,11,10],[21,13,9,1,17,5,19,7,23,22],[9,1,5,17,21,13,7,19,23,22],[21,1,5,13,9,17,19,7,23,22],[1,9,5,13,21,17,7,19,23,18,3,11,22],[1,5,13,9,17,21,19,7,23,18,3,11,10],[21,5,9,13,17,1,7,19,23,22],[5,1,17,13,21,9,19,7,23,22],[9,21,17,5,1,13,19,7,23,22],[13,5,9,17,21,1,19,7,23,18,3,11,22],[1,13,5,9,21,17,7,19,23,22],[1,13,17,21,9,5,19,7,23,22],[17,1,9,21,5,13,19,7,23,22],[9,13,5,21,1,17,19,7,23,18,3,11,10],[17,5,9,21,13,1,19,7,23,18,3,11,10],[9,13,17,21,1,5,7,19,23,22],[9,5,13,21,1,17,19,7,23,18,3,11,10],[5,21,9,1,13,17,19,7,23,18,3,11,10],[13,9,5,17,1,21,7,19,23,18,3,11,10],[9,5,21,17,13,1,7,19,23,22],[1,9,5,21,17,13,7,19,23,22],[5,21,9,1,17,13,7,19,23,22],[17,13,1,9,21,5,19,7,23,18,3,11,22],[9,1,21,17,13,5,19,7,23,18,3,11,22],[5,9,21,1,17,13,7,19,23,22],[13,21,5,9,1,17,7,19,23,22],[17,9,21,5,1,13,19,7,23,22],[9,17,13,21,1,5,7,19,23,22],[17,5,9,1,13,21,19,7,23,22],[13,17,5,1,9,21,7,19,23,22],[21,5,13,1,9,17,19,7,23,18,3,11,10],[17,1,9,13,5,21,7,19,23,22],[1,17,13,5,21,9,7,19,23,18,3,11,22],[17,5,1,13,9,21,19,7,23,18,3,11,10],[1,21,17,13,5,9,7,19,23,22],[9,21,17,5,13,1,19,7,23,22],[21,1,13,17,5,9,7,19,23,22],[17,5,21,1,13,9,19,7,23,22],[9,17,21,1,5,13,19,7,23,22],[1,21,5,9,13,17,7,19,23,22],[21,13,1,5,9,17,7,19,23,18,3,11,10],[17,21,1,9,5,13,19,7,23,18,3,11,22],[1,13,17,5,9,21,7,19,23,22],[13,17,1,9,5,21,7,19,23,22],[9,1,21,17,13,5,7,19,23,22],[9,1,21,17,5,13,19,7,23,22],[9,13,21,5,17,1,19,7,23,18,3,11,10],[5,13,17,21,1,9,7,19,23,22],[13,21,9,17,1,5,19,7,23,18,3,11,22],[5,17,9,21,1,13,7,19,23,18,3,11,10],[1,21,9,13,17,5,19,7,23,18,3,11,22],[5,1,9,21,13,17,19,7,23,22],[21,13,17,5,1,9,19,7,23,18,3,11,10],[1,5,21,13,17,9,7,19,23,18,3,11,22],[21,17,5,13,1,9,7,19,23,18,3,11,22],[21,1,9,13,5,17,7,19,23,22],[1,17,5,13,9,21,19,7,23,22],[17,1,5,9,13,21,7,19,23,22],[21,17,13,9,5,1,19,7,23,22],[13,1,21,17,9,5,19,7,23,18,3,11,22],[1,5,13,21,9,17,19,7,23,18,3,11,22],[13,17,21,1,9,5,19,7,23,18,3,11,10],[5,13,17,21,1,9,19,7,23,18,3,11,22],[9,13,17,5,1,21,7,19,23,18,3,11,22],[13,21,17,5,9,1,19,7,23,22],[5,13,21,9,1,17,19,7,23,22],[9,17,5,13,21,1,19,7,23,18,3,11,22],[9,5,17,21,13,1,19,7,23,22],[17,21,9,13,1,5,19,7,23,22],[9,21,1,5,17,13,19,7,23,18,3,11,10],[5,9,21,17,1,13,7,19,23,22],[1,21,13,5,17,9,7,19,23,18,3,11,22],[5,13,17,9,21,1,19,7,23,18,3,11,10],[9,21,1,17,13,5,7,19,23,18,3,11,10],[1,9,13,17,5,21,19,7,23,22],[9,5,1,17,13,21,7,19,23,22],[17,13,9,5,1,21,19,7,23,22],[1,21,17,5,9,13,7,19,23,22],[5,21,13,17,1,9,7,19,23,22],[13,5,1,21,9,17,19,7,23,22],[17,13,21,9,5,1,7,19,23,18,3,11,10],[5,9,17,21,13,1,7,19,23,18,3,11,10],[9,21,5,1,13,17,7,19,23,22],[13,17,1,5,21,9,19,7,23,18,3,11,22],[21,1,17,5,13,9,19,7,23,22],[1,5,9,13,21,17,19,7,23,22],[21,9,1,17,5,13,19,7,23,18,3,11,22],[1,13,17,21,9,5,19,7,23,18,3,11,10],[17,9,1,21,5,13,7,19,23,18,3,11,10],[1,21,13,9,17,5,19,7,23,22],[13,1,5,21,9,17,19,7,23,18,3,11,22],[5,17,21,13,9,1,7,19,23,22],[1,21,13,17,5,9,7,19,23,18,3,11,22],[1,13,9,5,17,21,7,19,23,18,3,11,22],[5,17,13,1,21,9,19,7,23,18,3,11,22],[9,5,1,13,17,21,19,7,23,18,3,11,22],[17,21,9,1,5,13,19,7,23,22],[5,17,21,1,13,9,7,19,23,18,3,11,22],[1,13,21,9,5,17,19,7,23,18,3,11,22],[21,5,1,13,9,17,19,7,23,22],[13,1,21,17,5,9,19,7,23,18,3,11,22],[1,13,5,9,17,21,7,19,23,22],[21,17,13,1,9,5,7,19,23,22],[21,9,17,13,1,5,7,19,23,18,3,11,22],[1,13,9,17,5,21,19,7,23,22],[21,9,5,17,1,13,19,7,23,22],[21,17,13,1,9,5,7,19,23,22],[5,17,9,1,13,21,19,7,23,18,3,11,10],[9,13,21,17,5,1,7,19,23,22],[17,9,21,13,1,5,19,7,23,18,3,11,22],[1,13,17,5,21,9,19,7,23,22],[5,21,1,17,13,9,7,19,23,18,3,11,22],[13,21,5,9,17,1,7,19,23,22],[21,9,1,13,17,5,19,7,23,18,3,11,22],[21,13,1,9,17,5,7,19,23,18,3,11,22],[1,9,21,5,17,13,19,7,23,22],[9,13,17,5,1,21,19,7,23,22],[1,17,13,21,9,5,19,7,23,18,3,11,10],[21,1,17,9,13,5,7,19,23,18,3,11,22],[17,13,5,21,1,9,7,19,23,18,3,11,10],[13,5,21,9,1,17,19,7,23,22],[5,1,21,9,17,13,7,19,23,22],[13,9,17,1,5,21,7,19,23,18,3,11,22],[21,13,17,1,5,9,7,19,23,22],[21,13,5,1,17,9,7,19,23,22],[9,1,21,13,17,5,19,7,23,22],[1,17,21,13,5,9,7,19,23,22],[13,21,5,9,1,17,7,19,23,18,3,11,10],[13,9,21,5,1,17,7,19,23,18,3,11,22],[17,9,1,13,21,5,7,19,23,18,3,11,10],[13,21,9,17,1,5,7,19,23,22],[9,1,13,5,21,17,19,7,23,18,3,11,22],[21,13,5,9,17,1,7,19,23,18,3,11,10],[9,17,5,13,21,1,19,7,23,18,3,11,10],[17,21,5,1,13,9,19,7,23,22],[1,9,13,21,5,17,7,19,23,18,3,11,22],[9,1,21,17,5,13,19,7,23,22],[21,5,17,13,1,9,19,7,23,22],[17,13,1,9,5,21,19,7,23,18,3,11,22],[9,1,5,13,17,21,19,7,23,22],[5,1,17,13,9,21,19,7,23,22],[1,21,9,5,17,13,19,7,23,18,3,11,22],[5,17,9,13,1,21,19,7,23,22],[21,1,9,5,17,13,7,19,23,18,3,11,10],[17,21,13,5,9,1,7,19,23,22],[17,1,9,13,21,5,19,7,23,22],[17,9,13,1,5,21,19,7,23,22],[21,1,9,17,5,13,7,19,23,22],[21,5,13,17,9,1,19,7,23,22],[9,5,13,17,1,21,19,7,23,18,3,11,22],[1,5,17,9,13,21,19,7,23,22],[13,5,1,17,9,21,19,7,23,18,3,11,10],[13,17,5,1,21,9,7,19,23,22],[1,5,17,9,13,21,7,19,23,18,3,11,10],[9,1,5,21,13,17,7,19,23,18,3,11,22],[21,1,13,17,5,9,19,7,23,18,3,11,10],[13,1,9,17,5,21,7,19,23,18,3,11,10],[13,17,9,1,5,21,7,19,23,22],[13,17,21,9,5,1,7,19,23,22],[13,9,1,5,17,21,7,19,23,18,3,11,10],[5,13,9,1,17,21,19,7,23,22],[9,21,17,5,13,1,7,19,23,18,3,11,10],[5,17,13,9,1,21,19,7,23,22],[13,5,17,21,9,1,19,7,23,18,3,11,22],[13,17,5,1,21,9,19,7,23,22],[17,9,1,13,5,21,7,19,23,22],[13,17,9,1,5,21,7,19,23,18,3,11,22],[21,1,5,17,13,9,7,19,23,18,3,11,10],[9,1,13,5,17,21,7,19,23,18,3,11,10],[1,17,9,5,13,21,19,7,23,22],[1,21,13,17,5,9,7,19,23,22],[1,21,17,5,13,9,19,7,23,22],[17,5,1,21,9,13,19,7,23,22],[13,21,9,17,1,5,7,19,23,18,3,11,10],[1,13,9,5,17,21,19,7,23,18,3,11,10],[9,5,17,13,21,1,19,7,23,22],[1,21,5,17,13,9,19,7,23,22],[1,13,9,5,17,21,19,7,23,22],[21,17,13,5,1,9,19,7,23,22],[9,17,5,21,1,13,19,7,23,18,3,11,22],[17,13,5,21,1,9,19,7,23,22],[9,5,1,21,13,17,7,19,23,18,3,11,22],[17,9,21,1,13,5,19,7,23,18,3,11,10],[17,21,13,9,5,1,7,19,23,18,3,11,10],[17,21,13,9,5,1,7,19,23,18,3,11,22],[5,1,17,9,13,21,19,7,23,22],[13,21,9,5,17,1,19,7,23,18,3,11,10],[13,17,5,1,9,21,19,7,23,22],[5,21,9,1,13,17,7,19,23,22],[13,5,1,17,21,9,7,19,23,18,3,11,10],[13,9,5,1,17,21,19,7,23,18,3,11,10],[5,17,21,13,9,1,19,7,23,18,3,11,10],[9,21,1,13,5,17,19,7,23,18,3,11,22],[9,21,5,1,13,17,19,7,23,22],[5,17,21,13,1,9,19,7,23,22],[21,17,13,9,5,1,19,7,23,22],[17,1,5,9,13,21,7,19,23,22],[21,9,13,17,5,1,19,7,23,18,3,11,22],[9,13,1,17,5,21,7,19,23,18,3,11,10],[21,13,17,5,1,9,7,19,23,22],[1,21,17,13,5,9,7,19,23,22],[17,13,1,5,21,9,19,7,23,18,3,11,22],[21,9,1,5,17,13,7,19,23,22],[5,21,1,13,17,9,19,7,23,22],[5,17,9,13,1,21,19,7,23,22],[9,5,1,21,17,13,19,7,23,22],[13,5,21,9,17,1,19,7,23,22],[21,17,1,9,5,13,7,19,23,22],[13,9,17,21,5,1,19,7,23,18,3,11,10],[17,9,1,5,21,13,19,7,23,18,3,11,10],[21,5,1,13,17,9,7,19,23,22],[5,9,17,1,13,21,7,19,23,22],[9,1,13,21,17,5,19,7,23,22],[5,13,9,17,1,21,7,19,23,18,3,11,22],[21,1,13,9,5,17,7,19,23,22],[17,5,21,13,9,1,19,7,23,22],[21,5,9,13,1,17,19,7,23,22],[13,5,1,17,21,9,7,19,23,18,3,11,22],[17,9,13,5,21,1,19,7,23,18,3,11,22],[13,21,5,9,17,1,19,7,23,18,3,11,22],[21,5,17,9,1,13,19,7,23,22],[9,13,5,17,1,21,19,7,23,18,3,11,22],[5,13,21,9,17,1,19,7,23,18,3,11,10],[13,21,9,5,17,1,19,7,23,18,3,11,10],[17,13,9,5,1,21,7,19,23,18,3,11,10],[17,5,13,9,1,21,19,7,23,18,3,11,22],[21,13,1,5,9,17,7,19,23,22],[5,13,1,9,21,17,19,7,23,22],[17,9,1,21,5,13,19,7,23,18,3,11,22],[1,5,17,21,9,13,19,7,23,22],[13,9,1,21,17,5,19,7,23,18,3,11,22],[5,13,21,1,9,17,7,19,23,18,3,11,22],[9,21,17,13,5,1,19,7,23,22],[1,21,9,5,13,17,19,7,23,22],[1,17,5,13,9,21,19,7,23,18,3,11,10],[5,13,17,21,9,1,19,7,23,18,3,11,10],[17,21,9,5,13,1,7,19,23,22],[1,5,21,17,9,13,7,19,23,18,3,11,22],[5,9,17,1,13,21,7,19,23,22],[5,1,21,13,17,9,19,7,23,22],[17,13,9,5,1,21,7,19,23,22],[17,1,13,9,21,5,19,7,23,18,3,11,22],[5,21,1,13,17,9,19,7,23,18,3,11,10],[9,17,5,13,21,1,19,7,23,18,3,11,22],[13,21,1,17,5,9,19,7,23,18,3,11,22],[9,21,13,17,1,5,19,7,23,22],[5,17,13,21,9,1,7,19,23,22],[1,5,13,17,9,21,7,19,23,22],[13,9,1,21,5,17,7,19,23,18,3,11,22],[17,5,21,13,1,9,7,19,23,18,3,11,22],[17,5,9,1,13,21,7,19,23,22],[21,13,17,9,5,1,19,7,23,18,3,11,10],[21,13,5,9,17,1,7,19,23,18,3,11,10],[17,13,5,1,21,9,7,19,23,22],[1,13,17,9,21,5,7,19,23,18,3,11,22],[1,9,21,5,13,17,7,19,23,22],[5,13,9,21,17,1,7,19,23,22],[17,21,1,9,13,5,19,7,23,18,3,11,22],[21,1,17,13,5,9,19,7,23,22],[17,1,9,5,13,21,7,19,23,18,3,11,22],[21,13,1,17,9,5,19,7,23,18,3,11,22],[21,13,17,1,9,5,19,7,23,18,3,11,22],[21,13,17,9,1,5,19,7,23,18,3,11,22],[9,1,17,21,5,13,7,19,23,18,3,11,22],[9,5,21,1,13,17,7,19,23,22],[13,17,1,5,21,9,19,7,23,22],[9,17,1,13,5,21,19,7,23,22],[5,1,9,17,21,13,7,19,23,18,3,11,22],[1,5,17,13,21,9,7,19,23,18,3,11,10],[9,21,13,5,17,1,7,19,23,18,3,11,22],[9,21,17,5,13,1,7,19,23,18,3,11,22],[5,21,1,17,9,13,19,7,23,22],[21,9,13,1,17,5,7,19,23,22],[13,1,21,17,5,9,7,19,23,22],[13,17,9,21,1,5,7,19,23,22],[17,9,1,5,13,21,7,19,23,22],[9,21,13,17,1,5,19,7,23,18,3,11,22],[13,9,5,21,17,1,7,19,23,22],[21,13,9,1,5,17,7,19,23,22],[21,13,17,1,5,9,19,7,23,22],[5,17,13,1,9,21,7,19,23,18,3,11,22],[9,21,1,13,5,17,19,7,23,22],[5,9,13,21,1,17,19,7,23,22],[5,17,9,1,21,13,19,7,23,18,3,11,10],[17,13,9,21,5,1,7,19,23,18,3,11,22],[13,9,1,17,21,5,19,7,23,22],[9,21,13,17,5,1,7,19,23,22],[5,1,13,9,17,21,7,19,23,22],[13,9,17,5,1,21,7,19,23,22],[5,13,1,21,17,9,19,7,23,18,3,11,22],[5,9,1,13,21,17,7,19,23,22],[9,21,17,1,5,13,7,19,23,18,3,11,22],[17,9,5,21,1,13,7,19,23,22],[5,13,9,1,21,17,7,19,23,18,3,11,22],[1,13,21,5,17,9,7,19,23,18,3,11,10],[21,9,5,17,13,1,7,19,23,22],[13,1,17,21,9,5,7,19,23,18,3,11,22],[17,21,9,1,5,13,19,7,23,18,3,11,22],[9,17,1,13,21,5,19,7,23,22],[9,21,17,5,1,13,7,19,23,18,3,11,10],[1,17,5,13,9,21,19,7,23,18,3,11,22],[5,9,21,13,17,1,7,19,23,22],[5,9,21,13,1,17,19,7,23,18,3,11,10],[9,21,1,17,13,5,19,7,23,18,3,11,22],[13,17,1,9,5,21,7,19,23,22],[5,9,21,1,13,17,7,19,23,22],[5,13,21,1,17,9,19,7,23,22],[9,21,1,17,5,13,19,7,23,22],[5,9,17,21,13,1,19,7,23,18,3,11,22],[9,13,21,17,1,5,19,7,23,18,3,11,10],[9,13,1,5,21,17,19,7,23,22],[9,5,21,1,17,13,7,19,23,18,3,11,22],[9,13,1,21,17,5,19,7,23,22],[13,21,17,1,9,5,19,7,23,22],[17,21,13,5,1,9,7,19,23,22],[5,21,1,17,9,13,7,19,23,22],[9,1,13,17,21,5,19,7,23,18,3,11,22],[17,21,5,9,13,1,7,19,23,18,3,11,10],[21,1,17,5,9,13,19,7,23,22],[13,5,21,9,1,17,19,7,23,22],[1,13,9,17,21,5,7,19,23,22],[13,1,17,9,21,5,7,19,23,18,3,11,22],[21,9,13,5,1,17,19,7,23,22],[1,17,5,9,21,13,19,7,23,18,3,11,10],[1,21,9,17,13,5,19,7,23,22],[21,17,9,5,1,13,19,7,23,22],[17,1,13,5,9,21,19,7,23,22],[1,5,17,13,21,9,7,19,23,18,3,11,10],[9,13,5,1,17,21,19,7,23,18,3,11,22],[1,5,9,17,13,21,7,19,23,22],[1,9,17,5,13,21,19,7,23,22],[1,21,5,9,17,13,7,19,23,22],[9,17,13,5,1,21,19,7,23,22],[5,21,13,1,17,9,7,19,23,18,3,11,10],[13,5,1,9,21,17,7,19,23,18,3,11,22],[13,21,5,9,17,1,19,7,23,18,3,11,10],[5,13,1,17,21,9,7,19,23,22],[9,1,13,5,17,21,19,7,23,22],[17,5,21,13,1,9,7,19,23,18,3,11,22],[13,9,5,21,17,1,19,7,23,18,3,11,10],[1,9,17,5,21,13,7,19,23,18,3,11,10],[21,9,17,5,1,13,19,7,23,22],[1,17,13,5,21,9,19,7,23,22],[21,5,17,13,1,9,19,7,23,18,3,11,10],[13,5,21,17,1,9,19,7,23,22],[21,13,5,1,9,17,7,19,23,18,3,11,10],[5,21,1,13,9,17,7,19,23,22],[9,13,5,1,17,21,7,19,23,18,3,11,22],[9,5,17,21,13,1,19,7,23,22],[1,5,13,17,9,21,7,19,23,18,3,11,10],[17,21,9,5,13,1,19,7,23,22],[17,9,1,5,21,13,19,7,23,22],[1,9,13,17,5,21,7,19,23,18,3,11,10],[21,9,5,13,1,17,7,19,23,22],[5,17,13,1,21,9,7,19,23,22],[21,17,9,13,5,1,7,19,23,22],[13,1,21,9,17,5,7,19,23,22],[17,9,21,13,1,5,19,7,23,22],[21,5,13,17,1,9,19,7,23,18,3,11,22],[21,9,1,13,5,17,7,19,23,22],[5,17,21,1,9,13,7,19,23,22],[5,13,17,9,1,21,19,7,23,18,3,11,10],[17,1,9,13,5,21,19,7,23,18,3,11,10],[5,9,17,13,1,21,7,19,23,22],[9,5,13,21,1,17,19,7,23,22],[17,21,1,5,9,13,7,19,23,18,3,11,22],[17,1,13,5,9,21,19,7,23,18,3,11,22],[21,5,9,13,17,1,7,19,23,18,3,11,22],[1,5,17,9,13,21,19,7,23,22],[5,21,1,17,9,13,19,7,23,18,3,11,10],[21,9,1,13,5,17,7,19,23,22],[17,9,5,21,1,13,19,7,23,18,3,11,22],[9,13,21,5,17,1,19,7,23,22],[13,9,1,17,21,5,7,19,23,22],[17,13,1,21,9,5,19,7,23,22],[5,9,13,17,1,21,7,19,23,18,3,11,10],[5,1,17,9,13,21,19,7,23,18,3,11,22],[5,13,21,17,1,9,19,7,23,18,3,11,22],[1,5,9,13,17,21,19,7,23,22],[1,17,21,13,9,5,19,7,23,22],[17,21,5,13,1,9,19,7,23,18,3,11,10],[9,21,5,1,17,13,7,19,23,18,3,11,22],[13,9,1,17,5,21,7,19,23,18,3,11,22],[5,9,21,1,17,13,7,19,23,18,3,11,22],[17,1,21,9,5,13,7,19,23,18,3,11,10],[9,13,17,1,5,21,19,7,23,22],[17,9,1,5,13,21,7,19,23,22],[17,21,5,13,9,1,7,19,23,18,3,11,10],[1,21,17,5,9,13,7,19,23,22],[21,5,1,13,9,17,7,19,23,22],[17,1,13,21,5,9,19,7,23,22],[21,13,5,9,1,17,7,19,23,22],[9,5,17,1,13,21,19,7,23,22],[17,9,1,13,5,21,7,19,23,22],[17,21,9,5,1,13,7,19,23,22],[1,13,5,17,21,9,7,19,23,22],[5,17,1,9,13,21,7,19,23,18,3,11,10],[17,21,13,5,9,1,7,19,23,18,3,11,22],[5,1,9,21,13,17,7,19,23,18,3,11,22],[13,1,5,21,9,17,19,7,23,22],[21,13,1,9,5,17,19,7,23,18,3,11,22],[1,5,21,13,17,9,7,19,23,22],[17,1,5,9,21,13,7,19,23,22],[9,17,21,1,5,13,7,19,23,18,3,11,22],[21,9,17,5,13,1,19,7,23,18,3,11,22],[9,5,17,1,21,13,19,7,23,18,3,11,22],[5,21,9,13,1,17,19,7,23,22],[1,13,5,21,9,17,19,7,23,22],[17,5,21,9,1,13,19,7,23,18,3,11,22],[21,17,1,9,13,5,7,19,23,18,3,11,10],[13,5,21,17,9,1,19,7,23,18,3,11,10],[21,1,5,9,17,13,19,7,23,22],[9,1,13,21,17,5,19,7,23,22],[5,9,21,13,1,17,19,7,23,22],[17,1,9,5,13,21,19,7,23,18,3,11,10],[21,5,1,17,13,9,7,19,23,22],[5,9,21,17,1,13,19,7,23,18,3,11,10],[17,5,21,13,9,1,7,19,23,18,3,11,22],[9,5,17,13,21,1,19,7,23,18,3,11,10],[1,13,21,5,9,17,19,7,23,22],[17,9,13,5,1,21,7,19,23,18,3,11,10],[1,17,9,13,5,21,7,19,23,22],[13,1,5,21,17,9,19,7,23,22],[21,17,13,9,1,5,7,19,23,18,3,11,22],[5,13,1,17,9,21,19,7,23,22],[13,21,17,5,9,1,7,19,23,18,3,11,10],[13,17,5,21,9,1,7,19,23,18,3,11,10],[21,17,5,9,13,1,19,7,23,18,3,11,10],[17,13,21,1,9,5,19,7,23,22],[1,13,17,9,5,21,19,7,23,22],[13,9,17,5,21,1,19,7,23,18,3,11,22],[9,17,1,13,5,21,19,7,23,18,3,11,22],[17,5,9,1,21,13,19,7,23,18,3,11,10],[21,1,5,9,13,17,7,19,23,18,3,11,10],[13,17,9,5,21,1,7,19,23,22],[17,21,13,1,9,5,7,19,23,18,3,11,10],[9,1,13,21,5,17,19,7,23,18,3,11,10],[21,13,5,9,1,17,7,19,23,22],[9,21,5,1,17,13,7,19,23,22],[9,13,21,1,5,17,7,19,23,18,3,11,10],[5,13,17,1,21,9,7,19,23,22],[13,9,5,21,17,1,19,7,23,18,3,11,22],[17,13,1,5,9,21,19,7,23,22],[5,13,21,1,9,17,7,19,23,22],[1,17,5,21,9,13,19,7,23,22],[1,5,17,13,21,9,7,19,23,22],[17,5,1,9,13,21,7,19,23,22],[9,1,13,17,5,21,19,7,23,18,3,11,22],[21,13,9,1,5,17,19,7,23,22],[13,17,21,9,1,5,19,7,23,22],[13,21,5,1,9,17,7,19,23,18,3,11,22],[1,17,5,21,13,9,7,19,23,22],[9,1,13,5,21,17,7,19,23,22],[17,9,21,5,13,1,7,19,23,22],[17,13,1,21,9,5,7,19,23,18,3,11,10],[5,9,1,13,17,21,19,7,23,22],[13,21,17,1,5,9,19,7,23,18,3,11,22],[17,21,13,1,9,5,19,7,23,18,3,11,22],[17,13,21,5,1,9,19,7,23,22],[17,21,9,13,1,5,19,7,23,22],[13,5,1,17,21,9,19,7,23,22],[5,13,17,9,1,21,19,7,23,22],[17,21,9,1,5,13,19,7,23,22],[9,13,5,1,17,21,19,7,23,18,3,11,10],[21,17,5,1,9,13,19,7,23,18,3,11,22],[21,1,5,9,13,17,7,19,23,22],[5,17,21,1,13,9,19,7,23,22],[17,21,5,9,13,1,7,19,23,22],[1,5,13,17,21,9,7,19,23,22],[5,1,21,17,9,13,19,7,23,22],[17,5,21,1,13,9,7,19,23,18,3,11,10],[9,5,1,21,13,17,19,7,23,22],[9,13,17,21,5,1,19,7,23,18,3,11,22],[9,1,21,5,17,13,19,7,23,22],[9,5,13,1,17,21,7,19,23,18,3,11,10],[1,5,13,9,21,17,7,19,23,22],[17,9,5,21,1,13,19,7,23,18,3,11,22],[13,1,17,21,9,5,19,7,23,18,3,11,22],[13,21,1,9,5,17,7,19,23,22],[21,1,9,5,17,13,7,19,23,18,3,11,22],[9,5,17,21,1,13,7,19,23,18,3,11,22],[17,1,9,5,13,21,19,7,23,22],[5,13,17,1,9,21,19,7,23,22],[5,13,9,17,1,21,7,19,23,18,3,11,22],[17,1,5,9,13,21,7,19,23,18,3,11,10],[17,21,5,9,13,1,19,7,23,18,3,11,10],[21,17,13,9,5,1,19,7,23,18,3,11,22],[9,13,21,5,1,17,7,19,23,22],[5,17,9,1,21,13,19,7,23,18,3,11,10],[21,9,17,13,5,1,7,19,23,22],[1,5,21,17,13,9,19,7,23,18,3,11,10],[21,5,1,13,9,17,19,7,23,22],[21,5,1,17,13,9,19,7,23,18,3,11,22],[21,17,1,13,5,9,19,7,23,18,3,11,22],[21,17,9,13,1,5,7,19,23,22],[13,1,5,9,21,17,19,7,23,18,3,11,22],[17,21,13,1,9,5,7,19,23,18,3,11,10],[9,5,21,17,1,13,7,19,23,18,3,11,22],[5,9,21,17,1,13,7,19,23,22],[9,13,17,1,5,21,7,19,23,18,3,11,22],[5,9,1,13,21,17,19,7,23,22],[5,9,13,1,21,17,7,19,23,22],[17,21,13,1,9,5,19,7,23,22],[17,13,1,9,5,21,19,7,23,22],[5,9,21,1,13,17,19,7,23,22],[1,5,13,21,17,9,7,19,23,18,3,11,10],[13,1,21,9,17,5,19,7,23,22],[13,1,17,9,21,5,19,7,23,18,3,11,22],[5,1,21,13,17,9,7,19,23,18,3,11,22],[1,5,21,9,13,17,7,19,23,22],[5,1,9,21,17,13,19,7,23,22],[9,21,5,1,13,17,7,19,23,18,3,11,22],[17,5,13,9,1,21,19,7,23,18,3,11,22],[21,13,17,5,1,9,19,7,23,22],[21,13,1,5,9,17,7,19,23,22],[9,13,17,5,1,21,19,7,23,22],[1,21,9,13,17,5,19,7,23,22],[1,9,5,13,17,21,19,7,23,18,3,11,10],[9,17,1,13,5,21,19,7,23,22],[21,13,1,17,5,9,19,7,23,18,3,11,10],[13,17,1,9,21,5,7,19,23,18,3,11,22],[5,9,17,13,1,21,19,7,23,22],[21,1,13,17,9,5,7,19,23,18,3,11,22],[21,13,9,17,1,5,19,7,23,18,3,11,10],[5,1,17,13,9,21,19,7,23,22],[9,1,5,13,17,21,19,7,23,22],[13,5,17,1,9,21,7,19,23,22],[1,21,9,13,17,5,7,19,23,18,3,11,22],[13,9,1,21,17,5,19,7,23,18,3,11,10],[21,13,1,9,17,5,19,7,23,22],[17,9,1,5,21,13,7,19,23,18,3,11,10],[9,1,5,17,13,21,7,19,23,18,3,11,10],[21,13,1,5,9,17,19,7,23,22],[9,1,5,21,17,13,7,19,23,22],[1,13,21,9,5,17,7,19,23,22],[21,13,9,1,17,5,19,7,23,18,3,11,10],[21,13,9,17,1,5,7,19,23,22],[5,9,17,21,13,1,19,7,23,22],[21,5,9,13,17,1,7,19,23,22],[13,5,17,21,9,1,7,19,23,22],[21,17,1,13,5,9,7,19,23,18,3,11,10],[9,21,5,17,13,1,7,19,23,18,3,11,22],[9,1,5,17,21,13,19,7,23,18,3,11,22],[5,17,9,1,21,13,7,19,23,18,3,11,22],[21,1,13,5,9,17,7,19,23,18,3,11,10],[17,9,1,5,21,13,7,19,23,18,3,11,10],[21,17,13,9,5,1,7,19,23,22],[1,21,13,5,17,9,19,7,23,18,3,11,22],[17,9,21,1,5,13,19,7,23,22],[9,5,17,13,21,1,7,19,23,18,3,11,22],[5,17,9,1,13,21,19,7,23,18,3,11,22],[21,5,13,17,1,9,19,7,23,22],[21,17,5,9,1,13,19,7,23,18,3,11,22],[17,13,9,5,1,21,19,7,23,18,3,11,22],[1,9,13,17,21,5,19,7,23,18,3,11,22],[9,17,1,13,21,5,19,7,23,22],[13,17,21,9,1,5,19,7,23,22],[9,13,1,17,5,21,7,19,23,18,3,11,22],[1,5,9,17,21,13,19,7,23,22],[13,1,21,5,17,9,19,7,23,22],[17,9,5,13,21,1,19,7,23,18,3,11,10],[21,1,17,13,9,5,7,19,23,18,3,11,22],[17,9,21,1,13,5,19,7,23,22],[1,9,5,21,13,17,19,7,23,18,3,11,22],[21,9,17,13,1,5,19,7,23,18,3,11,22],[9,17,5,13,21,1,19,7,23,18,3,11,22],[1,5,9,21,17,13,19,7,23,18,3,11,10],[13,21,5,1,9,17,7,19,23,18,3,11,22],[21,13,5,17,9,1,19,7,23,18,3,11,22],[1,21,5,9,17,13,7,19,23,22],[9,17,5,21,13,1,7,19,23,22],[9,17,13,21,1,5,19,7,23,18,3,11,10],[9,17,1,21,5,13,7,19,23,18,3,11,10],[1,17,5,21,9,13,19,7,23,18,3,11,10],[21,13,5,9,17,1,19,7,23,18,3,11,10],[13,21,5,17,9,1,7,19,23,18,3,11,22],[21,5,9,1,13,17,7,19,23,22],[17,13,1,21,9,5,19,7,23,22],[5,17,21,13,1,9,19,7,23,22],[5,13,9,17,21,1,7,19,23,22],[5,21,17,13,9,1,19,7,23,22],[17,5,1,21,13,9,19,7,23,22],[1,17,13,9,21,5,7,19,23,18,3,11,10],[1,9,5,21,17,13,7,19,23,18,3,11,22],[17,9,5,13,1,21,7,19,23,22],[21,9,5,1,13,17,7,19,23,18,3,11,22],[21,17,13,9,5,1,19,7,23,18,3,11,22],[1,21,5,13,9,17,19,7,23,18,3,11,10],[21,1,5,17,13,9,19,7,23,18,3,11,10],[17,21,5,1,13,9,19,7,23,18,3,11,22],[1,21,13,17,5,9,19,7,23,22],[5,1,17,13,9,21,7,19,23,18,3,11,22],[13,21,9,17,1,5,7,19,23,22],[21,17,9,5,13,1,7,19,23,18,3,11,10],[9,13,5,1,17,21,7,19,23,22],[9,17,5,1,21,13,7,19,23,22],[9,13,17,1,5,21,7,19,23,18,3,11,22],[1,5,13,21,17,9,7,19,23,22],[1,13,17,5,21,9,19,7,23,18,3,11,10],[21,9,1,5,17,13,7,19,23,22],[9,17,5,21,1,13,19,7,23,18,3,11,10],[9,13,1,5,21,17,7,19,23,18,3,11,10],[9,21,13,17,1,5,19,7,23,18,3,11,10],[1,17,9,13,5,21,7,19,23,18,3,11,10]],"n_human":14}