{"problem_id":"EBtdm5DVLUTiazA","sigma":150,"alpha":0.100,"cost":2,"probabilities":"[0.05, 0.14, 0.16, 0.65]","payoff_matrix":"[[89, 114, 170, 131, -125, 56], [63, 75, 34, -320, -157, 94], [112, -47, -194, -152, -27, 122], [174, -40, 206, -88, -14, 147]]","uncovered":[[20,12,4,3,11,8,24,16,23,22,2],[16,8,12,24,4,3,11,20,23,2],[4,24,12,3,11,8,16,20,23,22,2],[20,4,16,24,8,12,11,3,23,2],[24,12,16,8,4,3,11,20,23,22,2],[12,4,3,11,16,8,20,24,23,22,2],[20,24,16,4,8,12,11,3,23,2],[24,12,20,8,4,11,3,16,23,2],[20,4,16,24,12,11,3,8,23,22,2],[16,8,24,4,20,12,11,3,23,22,2],[8,24,4,12,11,3,16,20,23,22,2],[8,16,24,4,12,3,11,20,23,22,2],[20,16,8,24,12,4,3,11,23,22,2],[20,8,12,4,3,11,16,24,23,2],[16,20,8,12,24,4,3,11,23,22,2],[4,24,8,12,11,3,16,20,23,22,2],[8,24,4,12,3,11,16,20,22,23,2],[16,12,4,11,3,24,8,20,23,22,2],[8,4,16,24,12,3,11,20,23,22,2],[20,12,24,8,16,4,11,3,23,2],[8,24,4,12,3,11,20,16,23,22,2],[4,12,3,11,8,20,24,16,23,22,2],[16,8,24,4,12,11,3,20,23,2],[4,24,16,12,3,11,20,8,23,22,2],[20,8,16,4,12,3,11,24,23,2],[16,20,8,4,24,12,11,3,23,2],[16,24,8,4,20,12,11,3,23,22,2],[4,8,12,3,11,24,16,20,23,22,2],[12,16,20,8,24,4,11,3,23,2],[8,16,24,12,20,4,11,3,23,22,2],[16,20,8,12,24,4,3,11,23,2],[20,4,12,3,11,8,16,24,23,22,2],[16,24,8,4,20,12,11,3,22,23,2],[12,8,20,4,11,3,24,16,23,22,2],[24,8,12,20,16,4,11,3,23,22,2],[16,4,24,8,20,12,11,3,23,2],[12,20,16,24,4,3,11,8,23,22,2],[12,24,8,4,3,11,20,16,23,22,2],[20,24,8,12,4,3,11,16,23,2],[4,24,8,20,16,12,11,3,23,22,2],[24,16,20,4,12,3,11,8,23,22,2],[24,16,8,12,20,4,11,3,23,2],[12,20,24,4,11,3,16,8,23,2],[24,4,16,20,12,11,3,8,23,22,2],[12,4,11,3,16,20,24,8,23,22,2],[8,12,16,20,24,4,11,3,23,2],[24,4,8,16,20,12,11,3,23,22,2],[16,20,4,12,11,3,24,8,23,2],[12,20,8,16,24,4,3,11,23,2],[4,12,11,3,20,24,8,16,23,2],[4,8,16,20,24,12,3,11,23,22,2],[8,24,16,4,12,3,11,20,23,22,2],[4,20,8,16,24,12,3,11,23,2],[24,12,4,11,3,16,8,20,23,22,2],[12,4,3,11,8,16,24,20,23,22,2],[8,24,16,20,4,12,3,11,23,2],[8,4,12,3,11,24,16,20,23,22,2],[12,16,8,4,11,3,20,24,23,22,2],[8,4,16,12,3,11,20,24,23,2],[8,20,16,24,4,12,11,3,23,2],[12,20,24,16,4,3,11,8,23,2],[8,24,16,20,4,12,11,3,23,2],[20,24,16,8,4,12,3,11,23,2],[12,8,16,20,24,4,3,11,23,22,2],[8,20,16,12,4,11,3,24,23,22,2],[8,24,16,4,20,12,11,3,23,22,2],[12,20,16,8,24,4,3,11,23,2],[20,24,12,4,3,11,16,8,23,22,2],[20,24,16,12,4,3,11,8,23,22,2],[4,8,24,20,16,12,11,3,23,2],[12,24,20,4,3,11,8,16,23,2],[16,12,20,4,11,3,8,24,22,23,2],[24,4,8,12,11,3,16,20,23,22,2],[4,24,12,3,11,16,20,8,23,22,2],[20,16,24,4,8,12,3,11,23,22,2],[8,24,12,16,20,4,11,3,23,2],[16,4,20,12,11,3,24,8,23,22,2],[4,12,11,3,16,8,24,20,23,2],[8,20,16,4,12,11,3,24,22,23,2],[20,4,16,12,3,11,24,8,23,22,2],[4,24,20,12,11,3,8,16,23,22,2],[24,12,4,11,3,20,8,16,23,22,2],[16,8,20,4,12,3,11,24,23,2],[16,4,12,3,11,8,24,20,23,2],[4,8,12,11,3,20,16,24,23,22,2],[4,8,20,12,3,11,16,24,23,22,2],[8,12,16,24,20,4,11,3,23,22,2],[16,24,12,4,11,3,20,8,23,22,2],[8,24,12,20,4,3,11,16,23,2],[16,4,20,12,11,3,24,8,23,2],[4,24,12,11,3,8,20,16,23,2],[8,20,16,24,12,4,11,3,23,2],[20,12,24,8,4,11,3,16,23,22,2],[16,4,24,12,3,11,20,8,23,2],[4,16,12,11,3,20,24,8,23,22,2],[8,20,16,12,4,11,3,24,23,22,2],[16,20,4,8,12,11,3,24,22,23,2],[24,12,20,8,4,3,11,16,23,2],[4,12,3,11,16,20,8,24,23,2],[4,12,3,11,16,8,20,24,23,22,2],[8,24,16,12,20,4,11,3,23,22,2],[4,16,8,24,12,3,11,20,23,2],[8,4,24,12,11,3,20,16,22,23,2],[4,8,24,16,20,12,11,3,23,22,2],[12,16,8,24,4,11,3,20,23,22,2],[24,20,4,8,12,11,3,16,23,2],[4,8,24,12,3,11,16,20,23,22,2],[20,24,8,16,12,4,3,11,23,22,2],[24,8,12,4,11,3,20,16,23,22,2],[16,8,12,4,3,11,24,20,23,2],[20,8,12,24,16,4,3,11,23,2],[24,8,12,16,4,11,3,20,23,2],[20,8,12,16,4,11,3,24,23,22,2],[8,24,4,12,3,11,20,16,23,22,2],[4,8,20,24,16,12,3,11,23,22,2],[8,16,4,24,12,11,3,20,23,2],[16,8,20,4,24,12,11,3,23,22,2],[16,24,12,4,3,11,20,8,23,2],[24,12,4,11,3,16,8,20,23,22,2],[12,24,4,3,11,8,20,16,23,22,2],[12,8,24,4,3,11,20,16,23,22,2],[4,24,16,12,11,3,8,20,23,22,2],[12,4,3,11,20,16,24,8,23,2],[16,20,4,8,24,12,11,3,23,2],[24,8,20,16,4,12,11,3,23,2],[16,12,4,11,3,8,24,20,23,22,2],[4,8,20,24,12,3,11,16,23,22,2],[16,20,4,12,3,11,24,8,23,2],[16,8,4,24,20,12,11,3,23,2],[8,4,16,12,11,3,20,24,23,2],[8,20,24,4,12,3,11,16,23,2],[20,12,16,24,8,4,3,11,23,22,2],[20,24,12,16,4,3,11,8,23,2],[24,16,20,4,12,10,8,3,11,23,2],[20,12,4,3,11,24,16,8,23,2],[8,12,4,11,3,20,24,16,23,2],[20,4,16,12,11,3,8,24,23,22,2],[4,12,3,11,8,16,24,20,23,22,2],[4,12,3,11,16,20,24,8,23,22,2],[8,24,20,12,4,11,3,16,23,2],[16,4,20,12,11,3,24,8,23,2],[24,4,12,11,3,16,20,8,23,2],[16,24,4,8,20,12,11,3,23,22,2],[16,4,20,24,12,11,3,8,23,22,2],[20,16,12,24,8,4,3,11,23,22,2],[12,8,20,16,24,4,11,3,23,2],[20,24,12,16,4,11,3,8,23,2],[24,4,16,20,12,11,3,8,23,22,2],[4,16,24,12,3,11,20,8,23,2],[24,16,20,8,12,4,3,11,23,22,2],[4,20,24,12,3,11,8,16,23,2],[12,24,16,4,11,3,8,20,23,22,2],[12,4,11,3,24,20,16,8,23,2],[20,4,8,24,12,3,11,16,23,2],[12,8,4,11,3,24,20,16,23,22,2],[20,24,16,4,12,3,11,8,23,2],[4,20,16,24,8,12,11,3,23,22,2],[8,16,24,12,4,11,3,20,23,2],[24,8,12,4,3,11,16,20,23,22,2],[24,12,4,11,3,20,8,16,23,22,2],[8,20,4,24,16,12,3,11,23,22,2],[12,8,24,20,4,11,3,16,23,22,2],[16,24,12,4,3,11,20,8,23,22,2],[16,12,20,4,3,11,24,8,23,22,2],[24,20,12,8,4,11,3,16,23,2],[12,4,3,11,8,24,20,16,23,22,2],[8,12,20,24,4,11,3,16,23,2],[16,8,20,12,24,4,11,3,22,23,2],[12,24,16,8,20,4,11,3,23,2],[20,8,16,24,4,12,3,11,23,22,2],[16,12,4,3,11,20,8,24,23,2],[24,8,16,12,4,11,3,20,23,2],[8,24,16,12,4,3,11,20,23,2],[8,20,16,24,12,4,3,11,23,2],[20,16,4,12,3,11,8,24,23,2],[20,12,16,24,4,3,11,8,23,22,2],[16,20,8,24,4,12,3,11,23,22,2],[8,16,12,24,4,3,11,20,23,22,2],[20,24,8,12,4,3,11,16,23,22,2],[4,12,11,3,24,20,8,16,22,23,2],[24,8,12,4,3,11,20,16,23,2],[24,8,4,12,3,11,20,16,23,2],[4,12,11,3,24,16,8,20,23,22,2],[8,4,20,24,12,11,3,16,23,22,2],[8,24,4,20,16,12,3,11,23,22,2],[24,12,20,4,3,11,8,16,23,2],[16,8,20,4,24,12,11,3,23,22,2],[4,16,24,8,12,3,11,20,23,2],[20,16,12,8,24,4,3,11,23,2],[12,20,4,11,3,8,24,16,23,22,2],[12,8,4,11,3,20,16,24,23,22,2],[20,24,8,16,4,12,11,3,23,22,2],[8,20,4,24,16,12,3,11,23,22,2],[8,20,24,12,16,4,3,11,23,2],[12,24,20,16,8,4,3,11,23,2],[16,24,20,12,4,3,11,8,23,22,2],[12,8,20,24,16,4,3,11,23,2],[8,16,12,24,20,4,11,3,23,22,2],[24,20,4,8,16,12,3,11,23,22,2],[16,8,24,20,4,12,11,3,23,22,2],[4,16,20,8,12,11,3,24,23,22,2],[4,16,12,3,11,20,24,8,23,22,2],[20,8,4,12,11,3,24,16,23,22,2],[24,12,8,20,16,4,3,11,23,2],[24,20,12,4,11,3,8,16,22,23,2],[20,4,24,12,11,3,8,16,23,22,2],[24,8,20,4,16,12,3,11,23,2],[24,20,12,16,8,4,11,3,23,2],[4,12,11,3,20,24,16,8,23,2],[12,8,20,16,24,4,11,3,23,22,2],[12,16,20,4,11,3,24,8,23,22,2],[12,16,8,20,24,4,11,3,23,2],[8,20,24,12,16,4,3,11,23,22,2],[8,4,20,16,24,12,3,11,23,2],[4,24,8,20,16,12,3,11,23,22,2],[24,4,20,16,12,11,3,8,22,23,2],[8,16,20,12,24,4,3,11,23,2],[16,12,8,24,4,3,11,20,23,2],[20,16,4,12,11,3,8,24,23,22,2],[20,12,8,16,4,11,3,24,23,22,2],[4,16,8,24,20,12,3,11,23,22,2],[12,24,20,16,8,4,3,11,23,22,2],[8,24,4,12,11,3,20,16,23,22,2],[4,20,12,11,3,24,8,16,23,2],[12,24,4,11,3,20,16,8,23,22,2],[12,4,3,11,8,16,20,24,23,2],[4,16,20,24,12,11,3,8,23,2],[8,16,12,20,4,11,3,24,23,22,2],[12,16,24,8,4,11,3,20,23,2],[12,16,8,24,4,11,3,20,23,2],[24,12,16,8,20,4,3,11,23,22,2],[8,20,12,16,24,4,11,3,23,22,2],[20,4,12,11,3,16,24,8,23,22,2],[20,4,16,8,24,12,3,11,23,2],[20,12,16,4,3,11,8,24,23,2],[20,16,4,24,8,12,11,3,23,2],[20,8,16,4,12,11,3,24,23,22,2],[12,4,11,3,16,8,24,20,23,2],[12,24,16,8,4,11,3,20,23,2],[12,4,3,11,16,8,24,20,23,22,2],[8,4,20,24,12,3,11,16,23,2],[24,20,8,4,16,12,11,3,23,2],[24,12,8,4,11,3,20,16,23,2],[12,8,4,11,3,20,16,24,23,2],[8,16,24,4,20,12,3,11,23,2],[12,4,3,11,8,20,16,24,23,2],[16,4,12,3,11,24,8,20,23,2],[12,20,24,4,11,3,16,8,23,22,2],[20,8,12,4,3,11,16,24,23,22,2],[16,8,4,24,12,3,11,20,23,22,2],[24,8,12,16,4,3,11,20,23,2],[12,24,4,11,3,16,8,20,23,22,2],[12,4,3,11,20,24,8,16,23,2],[4,20,12,3,11,8,24,16,23,2],[24,16,8,20,12,4,11,3,23,2],[20,8,12,24,16,4,3,11,23,22,2],[12,4,11,3,20,8,24,16,23,22,2],[16,8,12,20,24,4,11,3,23,22,2],[12,4,3,11,8,20,16,24,23,22,2],[16,4,12,11,3,8,24,20,23,22,2],[16,20,4,8,12,3,11,24,23,2],[12,8,20,24,4,3,11,16,23,2],[4,24,20,8,12,11,3,16,23,22,2],[20,12,16,24,8,4,3,11,23,22,2],[20,12,24,4,3,11,16,8,23,2],[20,4,24,12,11,3,8,16,23,22,2],[8,24,20,16,4,12,3,11,23,22,2],[16,20,4,8,24,12,3,11,22,23,2],[4,16,24,20,8,12,11,3,22,23,2],[8,24,4,12,3,11,20,16,23,22,2],[8,16,12,4,11,3,24,20,23,22,2],[16,4,12,11,3,24,20,8,23,2],[4,20,16,24,12,11,3,8,23,2],[24,8,4,12,3,11,16,20,23,2],[16,8,4,12,11,3,20,24,23,22,2],[24,8,20,16,4,12,11,3,23,2],[20,4,8,24,16,12,3,11,23,2],[20,4,8,12,3,11,24,16,23,2],[24,20,16,4,8,12,11,3,23,2],[8,20,12,16,24,4,3,11,23,22,2],[8,4,20,16,24,12,3,11,23,2],[24,16,4,8,12,3,11,20,23,2],[4,20,24,12,3,11,8,16,23,2],[24,20,4,12,3,11,8,16,23,22,2],[12,8,16,20,24,4,3,11,23,22,2],[4,16,8,24,12,3,11,20,23,22,2],[4,8,16,20,24,12,3,11,23,2],[16,24,12,8,4,11,3,20,23,22,2],[4,20,8,12,11,3,24,16,21,23,2],[20,12,4,11,3,24,8,16,23,2],[12,4,3,11,8,24,20,16,23,2],[24,8,20,12,4,3,11,16,23,2],[8,16,4,24,20,12,11,3,23,2],[24,20,12,8,16,4,11,3,23,2],[8,16,24,20,4,12,11,3,23,2],[12,16,8,4,3,11,20,24,23,22,2],[20,8,24,12,16,4,3,11,23,22,2],[4,16,24,20,12,3,11,8,23,2],[16,8,24,20,4,12,3,11,23,2],[24,8,12,20,4,3,11,16,23,22,2],[8,20,12,4,11,3,24,16,23,22,2],[8,16,4,12,11,3,20,24,23,2],[20,24,16,12,4,3,11,8,23,22,2],[4,24,20,8,16,12,11,3,23,22,2],[4,12,11,3,16,8,24,20,23,2],[8,24,4,20,16,12,3,11,23,22,2],[12,16,24,8,20,4,3,11,23,22,2],[8,4,12,11,3,20,24,16,23,2],[12,24,4,11,3,8,16,20,23,22,2],[4,24,12,11,3,16,20,8,23,2],[16,4,12,3,11,8,20,24,23,22,2],[4,12,11,3,8,24,16,20,23,22,2],[16,12,24,20,4,11,3,8,23,2],[24,12,20,8,16,4,11,3,23,2],[20,16,4,12,11,3,8,24,23,2],[16,4,20,24,8,12,11,3,23,2],[4,24,20,12,11,3,16,8,23,22,2],[16,8,4,24,20,12,3,11,23,2],[4,16,24,12,3,11,8,20,23,2],[8,4,20,16,12,11,3,24,23,2],[4,20,8,12,3,11,16,24,23,22,2],[20,12,4,11,3,16,8,24,22,23,2],[12,24,8,16,20,4,3,11,23,22,2],[20,16,12,24,4,3,11,8,23,2],[24,4,12,11,3,20,16,8,23,2],[24,20,12,16,4,11,3,8,23,22,2],[16,12,20,8,24,4,3,11,23,2],[16,8,24,20,4,12,3,11,23,22,2],[24,12,4,11,3,16,20,8,22,23,2],[12,8,20,4,11,3,16,24,23,22,2],[8,16,12,4,11,3,20,24,23,22,2],[20,24,16,4,12,11,3,8,23,22,2],[20,16,4,12,3,11,24,8,23,2],[16,12,8,20,4,11,3,24,23,2],[8,20,24,4,16,12,11,3,23,2],[16,4,12,3,11,20,24,8,23,22,2],[24,16,4,20,8,12,11,3,23,2],[12,4,11,3,16,8,20,24,23,2],[20,4,16,24,12,11,3,8,23,22,2],[24,8,12,4,3,11,16,20,23,2],[20,16,12,4,11,3,24,8,23,22,2],[12,4,3,11,24,8,16,20,23,22,2],[12,24,4,3,11,8,20,16,23,22,2],[24,8,16,20,12,4,3,11,23,2],[24,8,16,12,20,4,3,11,23,2],[20,8,12,4,3,11,16,24,23,2],[24,4,16,8,12,11,3,20,23,22,2],[8,16,12,24,4,11,3,20,23,2],[16,20,12,24,4,3,11,8,23,22,2],[24,4,20,8,12,3,11,16,23,2],[24,12,20,8,16,4,3,11,23,22,2],[12,20,24,16,4,3,11,8,23,22,2],[8,24,20,4,16,12,3,11,23,22,2],[8,20,24,12,16,4,3,11,23,22,2],[8,12,24,20,4,11,3,16,23,22,2],[16,20,24,4,12,3,11,8,23,2],[20,16,24,4,12,3,11,8,23,2],[16,20,24,8,12,4,11,3,23,2],[12,8,24,16,20,4,11,3,23,22,2],[4,20,24,8,12,3,11,16,23,2],[24,8,12,4,3,11,16,20,23,2],[8,16,24,4,12,11,3,20,23,22,2],[16,8,20,24,4,12,11,3,23,2],[4,24,20,16,12,3,11,8,23,2],[20,24,4,8,12,11,3,16,22,23,2],[20,24,4,16,12,11,3,8,23,2],[24,8,4,16,12,3,11,20,23,22,2],[12,20,8,4,11,3,16,24,23,2],[16,24,20,8,12,4,3,11,23,22,2],[12,4,11,3,24,16,20,8,23,22,2],[8,4,16,12,11,3,24,20,23,22,2],[8,20,24,4,12,11,3,16,23,22,2],[12,20,8,4,11,3,16,24,23,22,2],[24,4,20,8,12,11,3,16,23,2],[12,16,4,11,3,24,8,20,23,2],[24,8,16,4,12,11,3,20,23,2],[8,12,16,20,24,4,3,11,23,2],[24,4,8,20,12,3,11,16,23,22,2],[12,4,11,3,16,20,24,8,23,2],[24,20,8,16,12,4,11,3,23,2],[4,20,12,3,11,16,24,8,23,22,2],[16,20,4,12,3,11,24,8,23,22,2],[12,16,20,24,8,4,11,3,23,22,2],[8,20,16,4,24,12,11,3,23,2],[16,4,20,8,24,12,3,11,23,22,2],[20,8,12,24,4,3,11,16,23,22,2],[8,12,24,4,11,3,20,16,23,22,2],[12,24,20,8,16,4,11,3,23,22,2],[4,16,20,8,24,12,3,11,23,2],[4,24,8,20,12,11,3,16,23,2],[12,4,3,11,8,16,24,20,23,22,2],[20,12,4,3,11,24,8,16,23,2],[24,16,20,8,12,4,3,11,23,22,2],[20,8,24,12,4,3,11,16,23,2],[12,4,3,11,8,16,24,20,23,2],[12,4,11,3,8,24,16,20,23,22,2],[8,4,24,20,16,12,11,3,23,2],[12,8,24,20,4,11,3,16,23,22,2],[4,24,16,8,12,11,3,20,23,22,2],[12,16,8,4,11,3,20,24,23,22,2],[24,16,20,12,8,4,11,3,23,2],[20,24,16,12,8,4,11,3,23,22,2],[16,12,8,20,4,11,3,24,23,2],[24,4,16,12,3,11,20,8,23,2],[24,8,12,4,3,11,16,20,23,2],[20,24,16,12,4,3,11,8,23,2],[20,8,16,4,24,12,3,11,23,2],[4,16,8,24,20,12,11,3,23,22,2],[16,12,20,24,4,11,3,8,23,2],[24,20,12,4,3,11,16,8,23,2],[16,20,12,4,3,11,8,24,23,22,2],[16,24,4,8,12,3,11,20,23,2],[16,20,8,4,12,11,3,24,23,2],[24,20,16,12,4,11,3,8,23,22,2],[4,20,12,11,3,16,8,24,23,22,2],[16,20,8,12,4,3,11,24,23,2],[16,8,24,12,4,11,3,20,23,22,2],[12,24,20,16,8,4,11,3,23,2],[8,4,20,12,3,11,16,24,23,22,2],[12,4,11,3,20,24,8,16,23,2],[16,12,8,4,3,11,24,20,23,2],[4,20,24,12,11,3,16,8,23,22,2],[4,12,11,3,8,20,16,24,23,2],[20,4,24,16,8,12,3,11,23,22,2],[8,16,20,12,4,11,3,24,23,2],[12,20,8,4,11,3,16,24,23,22,2],[24,16,4,8,20,12,3,11,23,2],[24,12,20,4,11,3,16,8,23,22,2],[4,24,8,16,20,12,11,3,23,2],[4,16,24,20,8,12,11,3,23,2],[12,8,4,3,11,16,24,20,23,22,2],[4,20,24,8,12,11,3,16,23,2],[12,8,20,24,16,4,11,3,23,2],[12,20,16,24,8,4,3,11,23,22,2],[4,20,24,16,12,11,3,8,23,22,2],[16,20,8,12,4,3,11,24,23,22,2],[16,8,20,4,12,11,3,24,23,22,2],[20,16,24,4,12,11,3,8,23,2],[24,12,16,8,4,11,3,20,23,22,2],[16,24,4,20,12,3,11,8,23,22,2],[4,16,20,12,11,3,24,8,23,22,2],[20,12,16,4,11,3,24,8,23,2],[12,24,8,16,4,11,3,20,23,22,2],[4,24,12,11,3,20,16,8,23,22,2],[12,16,20,4,3,11,8,24,23,2],[4,20,12,3,11,16,24,8,23,22,2],[16,8,4,20,12,11,3,24,23,22,2],[12,8,20,4,3,11,16,24,23,2],[4,12,11,3,20,8,16,24,23,22,2],[20,12,8,24,16,4,11,3,23,22,2],[20,24,8,16,4,12,11,3,23,2],[8,12,16,24,4,3,11,20,23,22,2],[24,12,8,16,20,4,11,3,23,2],[4,16,24,20,12,3,11,8,23,2],[8,20,16,24,12,4,3,11,23,22,2],[24,12,16,8,20,4,11,3,23,2],[24,20,16,8,12,4,3,11,23,2],[8,16,20,4,12,3,11,24,23,22,2],[20,16,4,12,11,3,24,8,23,22,2],[12,4,3,11,20,16,24,8,23,2],[20,24,16,12,4,3,11,8,23,22,2],[24,20,12,8,16,4,3,11,23,2],[8,20,4,24,16,12,11,3,23,22,2],[12,4,3,11,16,24,8,20,23,2],[24,16,8,4,12,11,3,20,23,22,2],[24,8,4,12,11,3,20,16,23,22,2],[8,12,24,20,4,11,3,16,23,22,2],[16,24,12,20,4,3,11,8,23,22,2],[4,16,12,3,11,8,20,24,23,2],[8,20,12,24,4,11,3,16,23,22,2],[24,16,8,12,20,4,3,11,23,2],[16,20,12,4,11,3,24,8,23,22,2],[24,12,8,20,4,3,11,16,23,22,2],[8,16,12,24,20,4,3,11,23,2],[16,4,20,24,8,12,11,3,23,22,2],[8,20,24,12,4,11,3,16,23,22,2],[8,24,12,20,16,4,3,11,23,2],[16,4,24,12,3,11,20,8,23,22,2],[12,20,8,24,16,4,11,3,23,22,2],[8,16,4,20,24,12,11,3,23,2],[8,16,20,4,12,3,11,24,23,22,2],[12,8,4,11,3,24,20,16,23,22,2],[20,4,8,16,24,12,11,3,23,22,2],[16,24,20,8,4,12,3,11,23,22,2],[24,8,12,16,4,11,3,20,22,23,2],[24,16,4,20,8,12,11,3,23,2],[20,16,8,24,4,12,11,3,23,2],[16,12,24,4,11,3,20,8,23,22,2],[12,24,4,11,3,8,16,20,23,2],[16,20,8,4,12,3,11,24,23,22,2],[16,12,4,3,11,8,24,20,23,22,2],[4,12,11,3,24,20,16,8,23,22,2],[16,20,12,24,4,3,11,8,23,2],[24,16,8,12,4,3,11,20,23,2],[16,12,20,4,3,11,8,24,23,2],[12,16,20,24,4,11,3,8,23,22,2],[4,16,12,11,3,20,24,8,23,2],[12,4,11,3,8,20,16,24,22,23,2],[16,8,24,20,12,4,11,3,23,22,2],[8,4,20,24,16,12,3,11,23,22,2],[24,4,16,20,12,11,3,8,23,22,2],[16,20,8,12,24,4,11,3,23,22,2],[20,12,8,24,16,4,11,3,23,22,2],[20,16,24,4,8,12,11,3,23,22,2],[16,4,24,12,3,11,8,20,23,2],[24,4,12,3,11,8,16,20,23,2],[8,24,20,12,4,3,11,16,23,22,2],[20,16,8,4,24,12,11,3,23,2],[4,16,20,12,11,3,24,8,23,2],[24,4,8,12,3,11,16,20,23,22,2],[20,8,16,12,24,4,3,11,23,22,2],[24,4,20,12,11,3,8,16,23,22,2],[16,8,24,20,12,4,3,11,23,2],[20,16,24,12,4,11,3,8,23,2],[16,24,4,8,12,11,3,20,23,2],[24,8,12,20,4,11,3,16,23,22,2],[16,20,8,12,24,4,11,3,23,2],[4,20,16,24,8,12,11,3,23,2],[4,20,16,12,3,11,24,8,23,22,2],[4,20,16,12,11,3,24,8,23,2],[4,24,12,3,11,16,8,20,23,2],[4,24,16,8,20,12,11,3,23,22,2],[8,4,16,20,12,11,3,24,23,2],[24,8,12,16,4,3,11,20,23,2],[24,20,4,12,11,3,16,8,23,2],[16,12,8,4,11,3,24,20,23,2],[20,16,4,24,12,11,3,8,23,22,2],[8,4,16,20,24,12,3,11,23,2],[20,16,24,8,4,12,11,3,23,22,2],[12,24,16,4,11,3,20,8,23,2],[8,24,16,20,4,12,3,11,23,2],[12,20,16,24,8,4,3,11,23,2],[4,8,20,24,12,3,11,16,23,2],[12,20,8,4,11,3,24,16,23,22,2],[8,16,12,4,3,11,24,20,23,22,2],[4,24,16,12,11,3,20,8,23,22,2],[8,4,24,20,16,12,11,3,23,22,2],[24,4,8,16,12,3,11,20,23,2],[12,4,11,3,24,8,20,16,23,2],[16,20,12,4,11,3,8,24,23,2],[16,4,20,24,12,11,3,8,23,22,2],[12,16,24,20,4,11,3,8,23,22,2],[8,16,24,20,4,12,11,3,23,2],[4,12,11,3,20,8,16,24,23,2],[8,24,20,4,12,3,11,16,23,22,2],[8,24,12,20,4,11,3,16,23,22,2],[12,24,8,20,16,4,11,3,23,22,2],[4,12,11,3,16,24,20,8,23,2],[16,24,20,12,8,4,11,3,23,2],[4,16,24,20,12,11,3,8,23,2],[16,24,8,20,12,4,3,11,23,2],[20,8,4,12,3,11,24,16,23,2],[4,20,12,11,3,24,16,8,23,22,2],[24,8,4,16,12,11,3,20,23,22,2],[12,16,8,4,3,11,24,20,23,2],[8,12,16,20,4,11,3,24,23,22,2],[16,20,4,12,3,11,8,24,23,2],[24,12,8,20,16,4,3,11,23,22,2],[12,20,4,11,3,8,24,16,23,2],[20,8,16,12,4,11,3,24,23,2],[8,16,4,12,11,3,24,20,23,22,2],[24,12,16,20,4,3,11,8,23,2],[24,4,20,16,12,11,3,8,23,22,2],[16,12,20,4,3,11,8,24,23,2],[24,16,8,12,4,3,11,20,23,22,2],[8,24,4,16,12,11,3,20,23,2],[4,20,16,24,12,11,3,8,23,22,2],[20,12,8,16,4,3,11,24,23,2],[24,16,4,12,11,3,20,8,23,2],[24,16,4,8,12,11,3,20,23,22,2],[16,24,4,12,11,3,8,20,23,22,2],[24,8,4,12,11,3,20,16,23,2],[8,16,12,20,4,11,3,24,23,22,2],[12,24,8,16,20,4,3,11,23,22,2],[24,8,16,4,12,3,11,20,23,22,2],[24,20,12,16,4,3,11,8,23,2],[16,24,8,20,12,4,11,3,23,2],[16,4,12,11,3,24,8,20,23,22,2],[4,16,20,24,8,12,11,3,23,2],[4,12,11,3,24,16,20,8,23,2],[4,16,24,20,12,3,11,8,23,2],[4,8,16,24,12,3,11,20,22,23,2],[20,8,16,12,4,11,3,24,23,2],[4,24,8,16,20,12,3,11,23,2],[12,16,20,8,24,4,3,11,23,22,2],[12,8,20,4,3,11,16,24,23,2],[12,8,16,20,4,11,3,24,23,22,2],[4,24,8,12,3,11,16,20,23,22,2],[20,8,4,16,24,12,11,3,23,2],[4,16,24,20,8,12,3,11,23,2],[20,24,4,16,12,3,11,8,23,22,2],[4,8,12,3,11,20,16,24,23,2],[20,8,24,16,12,4,11,3,23,22,2],[16,8,4,12,3,11,20,24,23,22,2],[24,16,20,4,8,12,3,11,23,22,2],[16,8,12,4,11,3,24,20,23,2],[8,4,24,20,12,3,11,16,23,2],[20,16,24,12,4,3,11,8,23,22,2],[12,8,4,3,11,16,20,24,23,22,2],[24,12,8,20,16,4,3,11,23,2],[16,24,20,12,8,4,11,3,23,2],[8,24,20,12,16,4,11,3,23,2],[16,4,12,11,3,8,20,24,23,22,2],[16,8,20,12,24,4,3,11,23,2],[4,16,12,11,3,24,8,20,23,2],[16,24,8,12,4,11,3,20,23,22,2],[20,12,24,8,4,11,3,16,23,2],[4,8,12,11,3,24,20,16,23,2],[12,16,8,24,4,3,11,20,23,2],[8,12,20,16,4,11,3,24,23,2],[12,4,11,3,24,8,20,16,23,22,2],[24,8,20,12,16,4,3,11,23,2],[16,12,8,4,11,3,20,24,23,22,2],[8,12,4,11,3,20,16,24,23,2],[4,12,3,11,8,24,16,20,23,2],[4,24,20,12,11,3,16,8,23,22,2],[24,20,4,12,11,3,8,16,23,22,2],[20,24,12,4,11,3,8,16,23,2],[20,12,4,11,3,24,8,16,23,22,2],[20,4,24,16,12,3,11,8,23,2],[4,8,16,24,12,11,3,20,22,23,2],[12,8,4,11,3,16,20,24,23,2],[8,4,16,12,11,3,20,24,23,2],[20,16,24,12,4,11,3,8,23,2],[16,12,8,4,3,11,20,24,23,22,2],[16,12,20,4,3,11,8,24,23,22,2],[4,12,11,3,16,20,8,24,23,2],[4,8,16,24,12,3,11,20,23,2],[16,8,20,4,24,12,11,3,22,23,2],[8,4,24,16,12,3,11,20,23,22,2],[8,24,16,12,4,11,3,20,23,2],[4,24,20,8,16,12,11,3,23,22,2],[8,16,20,12,24,4,11,3,23,22,2],[16,20,4,24,12,3,11,8,23,22,2],[16,4,20,24,12,3,11,8,23,22,2],[16,12,8,20,24,4,3,11,23,2],[16,8,4,24,20,12,3,11,23,22,2],[8,20,24,4,12,3,11,16,23,2],[20,8,12,16,24,4,11,3,23,22,2],[20,4,16,12,3,11,8,24,23,2],[4,8,12,3,11,24,20,16,23,22,2],[4,12,3,11,16,24,8,20,23,22,2],[24,20,12,8,16,4,11,3,23,22,2],[16,20,24,8,4,12,11,3,23,22,2],[20,4,12,3,11,16,8,24,23,2],[16,12,8,20,4,3,11,24,23,22,2],[12,16,8,4,11,3,20,24,23,2],[12,8,4,3,11,16,20,24,23,2],[24,20,4,16,8,12,11,3,23,2],[16,4,8,12,11,3,24,20,23,2],[16,20,24,8,4,12,11,3,23,2],[12,8,4,11,3,16,24,20,23,22,2],[8,16,4,12,3,11,20,24,23,2],[16,24,12,20,8,4,11,3,23,2],[8,4,20,24,16,12,3,11,23,2],[4,8,20,16,12,3,11,24,23,22,2],[12,20,4,11,3,24,16,8,23,22,2],[16,4,24,8,20,12,3,11,23,22,2],[20,16,24,12,4,11,3,8,23,22,2],[12,20,24,8,4,3,11,16,23,22,2],[20,12,4,11,3,16,8,24,23,2],[24,8,4,16,12,11,3,20,23,22,2],[12,8,20,16,24,4,3,11,23,2],[24,8,4,20,12,3,11,16,23,22,2],[4,12,11,3,24,16,8,20,23,2],[24,16,8,20,4,12,11,3,23,2],[20,24,12,8,16,4,11,3,23,2],[20,8,16,24,12,4,11,3,23,2],[16,20,24,8,12,4,3,11,23,22,2],[4,12,11,3,24,16,20,8,23,2],[4,16,8,24,20,12,3,11,23,22,2],[8,24,4,12,3,11,20,16,23,22,2],[4,16,8,20,12,11,3,24,23,2],[16,20,24,12,4,3,11,8,23,2],[20,12,16,4,11,3,24,8,23,22,2],[12,20,8,16,4,11,3,24,23,2],[12,20,8,24,4,3,11,16,23,2],[4,16,8,24,12,3,11,20,23,22,2],[24,12,16,8,20,4,11,3,23,2],[12,4,3,11,8,24,16,20,23,22,2],[8,4,16,12,11,3,24,20,23,2],[16,4,24,8,20,12,3,11,22,23,2],[8,24,12,20,4,3,11,16,23,2],[16,4,24,20,8,12,3,11,23,2],[24,12,20,8,4,3,11,16,23,22,2],[16,20,4,12,3,11,8,24,23,2],[20,8,16,24,12,4,11,3,23,22,2],[12,8,24,4,11,3,16,20,23,22,2],[12,8,20,16,24,4,3,11,23,2],[8,24,4,20,12,3,11,16,23,22,2],[4,8,16,20,24,12,3,11,23,2],[12,4,11,3,8,16,20,24,23,2],[20,24,16,4,12,3,11,8,23,2],[8,12,24,4,11,3,20,16,23,2],[16,20,4,24,12,11,3,8,23,2],[8,20,16,12,4,11,3,24,23,22,2],[24,8,12,4,3,11,20,16,23,2],[12,20,24,8,4,3,11,16,23,2],[8,4,12,3,11,16,24,20,23,22,2],[24,4,12,3,11,20,16,8,22,23,2],[20,24,4,12,11,3,16,8,23,2],[12,16,8,4,11,3,20,24,23,22,2],[16,24,20,12,8,4,11,3,23,22,2],[20,4,12,11,3,8,24,16,23,22,2],[8,4,16,12,3,11,20,24,23,2],[8,16,20,24,4,12,3,11,23,2],[24,4,8,20,12,11,3,16,23,2],[24,20,4,16,12,11,3,8,23,22,2],[16,24,12,8,20,4,3,11,23,22,2],[24,4,20,12,11,3,16,8,23,22,2],[16,24,20,4,12,3,11,8,23,22,2],[12,4,11,3,24,20,8,16,23,2],[16,20,8,24,4,12,3,11,23,22,2],[16,20,8,24,4,12,11,3,23,2],[8,4,20,12,11,3,24,16,23,22,2],[8,4,20,16,24,12,11,3,23,2],[12,24,8,4,3,11,16,20,23,2],[20,16,24,4,8,12,11,3,23,22,2],[16,24,8,4,12,11,3,20,23,2],[12,20,8,24,4,11,3,16,23,2],[8,24,12,4,11,3,16,20,23,22,2],[24,8,12,20,16,4,3,11,23,22,2],[24,12,8,20,4,3,11,16,23,2],[20,4,24,8,12,3,11,16,23,2],[20,24,12,16,4,3,11,8,23,22,2],[8,12,4,3,11,20,16,24,23,2],[4,16,20,24,8,12,3,11,23,2],[24,16,12,4,11,3,8,20,23,22,2],[16,24,20,4,8,12,3,11,23,22,2],[20,24,16,4,8,12,3,11,23,2],[4,16,12,11,3,24,20,8,23,22,2],[16,4,8,20,24,12,11,3,23,2],[20,12,8,16,24,4,11,3,23,22,2],[20,24,16,8,4,12,11,3,23,2],[16,24,4,8,12,11,3,20,23,2],[20,4,8,16,24,12,11,3,23,22,2],[16,12,8,4,11,3,20,24,23,22,2],[20,16,8,4,24,12,11,3,23,2],[8,12,4,3,11,16,24,20,23,22,2],[12,24,20,4,11,3,8,16,23,2],[12,24,8,16,4,11,3,20,23,2],[20,4,8,24,16,12,3,11,23,22,2],[4,16,24,20,8,12,3,11,23,22,2],[4,12,3,11,8,24,16,20,23,22,2],[24,12,8,16,4,3,11,20,23,22,2],[16,12,8,20,4,11,3,24,23,2],[12,24,20,16,8,4,3,11,23,22,2],[16,20,4,8,24,12,3,11,23,2],[4,24,8,20,16,12,3,11,23,2],[8,20,24,12,16,4,11,3,23,2],[16,12,20,24,8,4,3,11,23,22,2],[16,4,20,24,12,3,11,8,23,22,2],[16,4,20,12,11,3,8,24,23,2],[12,8,16,4,11,3,20,24,23,2],[12,24,4,3,11,8,20,16,23,22,2],[12,24,4,3,11,16,8,20,23,2],[8,4,24,16,20,12,3,11,23,2],[8,12,16,20,4,11,3,24,23,22,2],[20,4,8,12,3,11,16,24,23,22,2],[20,8,4,12,3,11,24,16,23,2],[24,4,16,20,12,3,11,8,23,22,2],[16,12,20,24,4,3,11,8,23,22,2],[12,8,20,16,4,11,3,24,23,2],[20,12,24,8,4,11,3,16,23,22,2],[20,12,4,11,3,24,16,8,23,2],[12,20,16,8,4,11,3,24,23,2],[8,12,24,4,3,11,20,16,23,2],[4,24,16,8,12,11,3,20,23,22,2],[16,4,20,24,12,3,11,8,23,2],[24,16,12,4,11,3,20,8,23,22,2],[12,16,4,3,11,8,24,20,22,23,2],[20,8,24,12,16,4,3,11,23,22,2],[4,12,11,3,16,8,20,24,23,22,2],[4,12,11,3,24,16,8,20,23,22,2],[20,16,24,12,4,3,11,8,23,2],[8,24,20,16,12,4,11,3,23,2],[24,12,20,8,16,4,11,3,23,2],[16,12,20,24,8,4,3,11,23,22,2],[12,4,3,11,24,8,16,20,23,2],[8,16,24,20,12,4,11,3,23,22,2],[24,8,12,4,11,3,20,16,23,22,2],[4,20,12,11,3,16,24,8,23,22,2],[24,12,16,8,4,3,11,20,23,22,2],[4,8,12,3,11,16,24,20,22,23,2],[4,24,20,8,16,12,3,11,23,22,2],[16,8,20,12,4,3,11,24,23,22,2],[12,8,24,20,16,4,11,3,23,2],[16,12,24,20,8,4,3,11,23,2],[20,24,8,4,16,12,3,11,23,2],[4,16,8,20,12,11,3,24,23,2],[4,24,8,12,3,11,20,16,23,2],[20,4,16,12,3,11,24,8,23,2],[12,24,4,11,3,16,8,20,23,2],[4,8,16,12,3,11,20,24,23,2],[24,20,8,4,12,3,11,16,23,22,2],[20,16,24,4,8,12,11,3,23,2],[8,20,24,4,16,12,11,3,23,22,2],[4,16,20,24,12,3,11,8,23,22,2],[24,4,16,8,12,11,3,20,23,2],[16,12,24,4,11,3,20,8,23,2],[20,4,24,12,3,11,16,8,23,2],[8,24,20,12,4,11,3,16,23,2],[24,16,8,12,20,4,3,11,23,22,2],[16,20,4,12,11,3,24,8,23,22,2],[24,20,4,16,8,12,11,3,23,22,2],[16,20,4,8,12,3,11,24,23,2],[20,4,16,24,8,12,3,11,23,22,2],[24,12,4,11,3,16,8,20,23,2],[20,16,4,12,11,3,24,8,23,2],[16,4,24,20,12,3,11,8,23,22,2],[8,20,12,4,3,11,16,24,23,22,2],[24,4,16,12,11,3,8,20,23,2],[16,12,4,11,3,20,8,24,23,2],[16,8,24,4,12,3,11,20,23,22,2],[4,24,12,3,11,20,8,16,23,2],[12,8,24,20,16,4,11,3,23,22,2],[24,12,4,3,11,20,8,16,23,22,2],[4,24,12,11,3,8,20,16,21,23,2],[8,4,24,12,3,11,16,20,23,2],[12,16,4,11,3,20,8,24,23,2],[8,16,4,24,20,12,3,11,23,22,2],[24,8,20,12,16,4,3,11,23,2],[8,16,24,4,12,3,11,20,23,2],[12,8,16,4,11,3,20,24,23,22,2],[20,4,24,12,11,3,16,8,23,22,2],[20,24,16,12,8,4,11,3,23,22,2],[12,20,4,3,11,24,16,8,23,22,2],[4,16,24,12,3,11,8,20,23,22,2],[4,8,16,12,11,3,20,24,23,22,2],[20,24,4,12,3,11,8,16,23,2],[12,16,4,3,11,8,20,24,23,22,2],[20,16,12,24,8,4,3,11,23,22,2],[24,8,16,20,12,4,3,11,23,22,2],[24,4,8,12,11,3,20,16,23,2],[20,12,16,8,24,4,11,3,23,2],[4,8,16,24,12,11,3,20,23,2],[20,12,24,4,11,3,16,8,23,22,2],[16,12,24,4,11,3,20,8,23,2],[20,4,24,16,8,12,3,11,23,2],[20,12,16,8,4,11,3,24,23,2],[12,24,16,4,11,3,20,8,23,22,2],[8,16,12,4,11,3,24,20,23,2],[12,4,11,3,8,24,16,20,23,22,2],[20,4,8,24,12,11,3,16,23,2],[20,8,12,4,11,3,16,24,23,2],[12,20,4,11,3,16,24,8,23,2],[16,12,20,8,4,11,3,24,23,22,2],[4,8,16,12,3,11,24,20,23,22,2],[4,12,11,3,8,16,24,20,23,2],[16,12,20,24,8,4,3,11,23,22,2],[12,8,16,20,24,4,3,11,23,22,2],[12,16,4,11,3,8,20,24,23,22,2],[24,16,20,12,4,11,3,8,23,22,2],[4,8,20,12,3,11,24,16,23,22,2],[12,16,8,4,3,11,24,20,23,2],[4,24,20,16,8,12,11,3,23,2],[24,12,4,3,11,8,20,16,23,2],[12,16,8,24,4,3,11,20,23,22,2],[24,8,12,20,16,4,11,3,23,2],[24,8,4,12,11,3,16,20,23,22,2],[8,20,12,24,16,4,11,3,23,2],[24,20,12,8,4,11,3,16,23,22,2],[12,4,3,11,8,24,16,20,23,22,2],[8,20,12,16,24,4,11,3,23,2],[16,24,8,20,4,12,3,11,22,23,2],[8,16,12,20,24,4,11,3,23,22,2],[4,8,12,3,11,24,20,16,23,2],[8,16,24,4,20,12,11,3,23,2],[24,12,8,20,4,11,3,16,23,2],[4,24,12,11,3,8,20,16,23,2],[8,4,12,11,3,20,16,24,23,22,2],[20,8,12,16,24,4,3,11,23,22,2],[4,16,8,20,12,3,11,24,23,2],[12,24,20,8,4,3,11,16,23,22,2],[4,16,24,12,11,3,20,8,23,22,2],[20,8,16,12,4,3,11,24,23,22,2],[4,24,20,8,12,3,11,16,23,22,2],[24,4,12,3,11,8,16,20,23,2],[4,20,24,16,8,12,11,3,23,22,2],[12,4,3,11,8,16,20,24,23,22,2],[8,16,12,4,11,3,24,20,23,2],[16,24,20,4,8,12,3,11,23,22,2],[20,16,12,8,4,11,3,24,23,2],[12,4,3,11,8,20,16,24,23,22,2],[8,12,4,11,3,20,24,16,23,22,2],[4,12,3,11,20,8,16,24,23,22,2],[12,4,3,11,16,8,24,20,23,22,2],[8,24,20,12,4,3,11,16,23,22,2],[4,8,12,11,3,16,20,24,23,22,2],[24,16,20,4,8,12,11,3,23,2],[24,20,4,12,11,3,16,8,23,22,2],[12,16,8,24,20,4,3,11,23,2],[8,12,24,20,16,4,3,11,23,22,2],[12,24,8,4,11,3,16,20,23,22,2],[12,24,8,4,11,3,16,20,23,22,2],[24,20,4,16,8,12,3,11,23,22,2],[16,8,4,20,24,12,3,11,23,22,2],[8,24,12,4,11,3,20,16,23,2],[8,16,4,20,12,11,3,24,23,22,2],[12,4,3,11,24,8,20,16,23,22,2],[8,24,12,4,11,3,20,16,23,2],[4,16,8,20,24,12,3,11,23,2],[16,12,24,8,20,4,11,3,23,2],[12,16,24,20,4,3,11,8,23,22,2],[4,12,3,11,16,20,8,24,23,2],[20,24,8,12,4,11,3,16,23,2],[24,4,12,11,3,16,20,8,23,2],[24,4,8,12,11,3,20,16,23,2],[16,8,24,20,12,4,3,11,23,2],[8,12,20,16,4,3,11,24,23,22,2],[20,12,8,16,4,11,3,24,23,22,2],[16,12,20,4,3,11,8,24,23,2],[24,20,12,8,4,11,3,16,23,22,2],[4,16,8,20,12,3,11,24,23,22,2],[8,24,12,4,11,3,16,20,23,22,2],[8,16,4,12,3,11,20,24,23,2],[12,20,4,3,11,16,24,8,23,2],[20,16,24,4,12,3,11,8,23,22,2],[20,12,4,3,11,8,24,16,23,22,2],[12,24,4,3,11,16,8,20,23,2],[20,8,16,12,4,11,3,24,23,22,2],[16,20,4,24,8,12,3,11,23,2],[12,20,16,8,24,4,11,3,23,2],[8,16,4,12,3,11,24,20,23,2],[8,16,12,24,4,3,11,20,23,22,2],[24,8,16,20,4,12,3,11,23,2],[20,12,16,24,4,11,3,8,23,22,2],[20,24,12,4,3,11,16,8,23,22,2],[16,24,4,20,8,12,11,3,23,22,2],[16,20,12,8,24,4,11,3,23,2],[24,4,16,20,12,3,11,8,23,2],[20,16,4,24,8,12,11,3,23,2],[20,12,24,4,11,3,8,16,23,2],[4,16,8,12,11,3,24,20,23,22,2],[20,12,16,4,11,3,24,8,23,22,2],[8,24,4,12,11,3,16,20,23,22,2],[16,12,20,24,8,4,11,3,23,22,2],[4,24,8,12,11,3,20,16,23,22,2],[24,8,16,4,12,3,11,20,23,22,2],[16,12,8,20,24,4,11,3,23,2],[24,8,12,16,20,4,3,11,23,2],[8,4,12,3,11,16,24,20,23,2],[16,20,12,24,4,3,11,8,23,2],[12,24,4,3,11,16,8,20,23,22,2],[12,16,8,24,20,4,3,11,23,2],[12,8,16,4,11,3,24,20,23,2],[4,8,16,24,20,12,11,3,23,22,2],[16,4,24,12,11,3,20,8,23,2],[12,8,4,3,11,24,16,20,23,2],[20,16,24,4,12,11,3,8,23,22,2],[20,16,12,8,4,11,3,24,23,22,2],[12,8,4,3,11,24,16,20,23,2],[24,12,4,11,3,20,16,8,23,22,2],[16,24,20,8,4,12,3,11,23,22,2],[24,4,12,11,3,20,8,16,23,2],[16,4,20,24,8,12,11,3,23,2],[20,24,4,12,3,11,16,8,23,2],[24,12,20,4,11,3,16,8,23,22,2],[16,8,24,4,20,12,11,3,23,22,2],[16,24,20,8,12,4,11,3,23,2],[4,20,24,16,12,11,3,8,23,22,2],[24,16,4,12,3,11,20,8,23,2],[24,12,4,3,11,16,20,8,23,2],[4,12,11,3,16,8,20,24,23,22,2],[20,16,8,12,4,3,11,24,23,22,2],[8,20,24,12,4,3,11,16,23,22,2],[16,20,4,12,3,11,24,8,23,22,2],[24,8,16,12,4,11,3,20,23,2],[24,12,8,4,3,11,20,16,23,22,2],[12,20,16,4,11,3,24,8,23,2],[8,4,12,3,11,20,24,16,23,22,2],[16,4,20,8,24,12,11,3,23,22,2],[16,12,8,20,24,4,3,11,23,22,2],[24,12,20,16,4,11,3,8,23,2],[16,12,20,4,3,11,8,24,23,22,2],[20,24,12,16,8,4,11,3,23,22,2],[24,16,20,12,4,3,11,8,23,2],[12,24,8,20,4,3,11,16,23,22,2],[8,24,12,16,4,3,11,20,23,22,2],[12,4,3,11,24,20,16,8,23,2],[24,16,4,20,8,12,3,11,23,2],[4,12,11,3,20,16,8,24,23,2],[20,16,12,4,3,11,8,24,23,22,2],[16,24,8,4,20,12,11,3,23,2],[24,16,8,20,4,12,11,3,23,2],[24,12,16,4,11,3,8,20,23,2],[12,20,16,4,3,11,24,8,23,2],[24,16,8,20,12,4,3,11,23,22,2],[12,16,24,8,4,11,3,20,23,22,2],[24,4,8,16,12,11,3,20,23,2],[12,16,8,24,20,4,3,11,23,22,2],[4,12,3,11,20,8,16,24,23,22,2],[16,4,8,12,11,3,20,24,23,2],[8,12,16,20,4,3,11,24,23,2],[4,24,20,12,3,11,16,8,23,2],[12,4,11,3,16,24,8,20,23,22,2],[4,8,16,20,12,3,11,24,23,2],[16,8,24,20,4,12,11,3,23,22,2],[4,16,20,24,12,3,11,8,23,2],[8,20,12,24,16,4,3,11,23,22,2]],"n_human":12}