{"problem_id":"HJSnoNieg50nHwb","sigma":150,"alpha":10.000,"cost":2,"probabilities":"[0.27, 0.26, 0.26, 0.21]","payoff_matrix":"[[-231, 275, 143, -116, 14, 241], [12, -36, -8, 125, 88, -199], [-63, -78, 45, -47, -223, -3], [110, -97, 128, 107, -116, 197]]","uncovered":[[17,21,9,22,11,5,6,10,7,12,1,14,13,18,19],[1,17,5,21,6,23,7,22,9,10,11,12,15],[13,17,1,5,21,22,9,6,11,10,7,12],[13,1,21,9,23,11,10,22,17,5,6,7,8,19,12],[21,1,13,9,10,22,17,5,7,11,6,12],[17,9,5,11,7,10,6,8,1,21,23,22,13,19,12],[13,21,1,17,5,7,22,9,11,10,6,8,19,23,12],[17,1,13,21,5,22,11,9,7,10,6,12],[17,21,13,9,23,11,22,1,5,7,10,6,8,19,12],[9,21,10,23,22,17,13,1,5,6,11,7,12],[5,13,9,7,10,11,6,8,21,22,1,17,18,19,23,12],[1,17,13,5,9,7,10,6,11,12,21,22],[9,17,13,21,11,22,5,7,10,6,8,1,18,19,23,12],[17,9,1,21,10,22,5,6,11,7,8,13,19,23,12],[13,1,5,21,6,23,22,17,9,10,11,7,8,19,12],[5,21,6,23,22,13,9,11,7,10,8,1,17,18,19,12],[17,5,13,1,9,7,10,11,6,12,21,23,22],[21,1,10,13,17,5,7,23,6,22,19,9,11,12],[13,1,5,21,6,23,22,9,10,7,11,8,17,18,19,12],[9,1,21,23,10,11,22,13,17,5,6,7,12],[13,1,21,5,7,22,9,11,6,10,8,17,18,19,23,12],[9,21,11,22,17,13,5,7,10,6,12,1],[13,9,21,22,10,17,1,5,6,7,11,8,19,23,12],[21,13,9,22,11,5,7,10,6,12,17,1],[5,13,9,10,7,11,6,12,21,23,22,1,18,17],[17,5,21,6,22,13,9,10,11,7,12,3,18,19],[21,17,9,22,11,5,7,10,6,12,13,1],[9,21,10,22,17,13,5,7,6,11,8,1,18,19,23,12],[1,5,15,21,6,22,9,11,7,10,12,17,19],[21,13,9,11,23,22,1,5,7,10,6,12,17],[21,1,5,6,23,7,22,13,17,9,11,10,12],[9,21,11,23,22,17,1,13,5,7,6,10,12],[13,17,21,5,23,7,22,1,9,11,10,6,8,19,12],[1,9,17,13,5,10,7,11,6,8,21,23,22,18,19,12],[9,5,6,10,7,11,8,17,13,21,23,22,1,18,19,12],[5,11,13,1,21,7,23,22,9,10,6,8,17,19,12],[9,13,17,1,21,10,22,5,7,11,6,8,19,23,12],[1,21,17,13,9,11,22,6,19,23,10,5,7,8,12],[9,21,10,23,11,22,5,6,7,12,17,1,13],[9,21,10,23,22,5,7,11,6,12,13,17,1],[13,9,17,1,21,22,10,5,6,11,7,8,19,23,12],[5,17,21,7,22,9,10,11,6,8,1,13,18,19,23,12],[17,13,5,1,9,7,11,6,10,8,21,23,22,18,19,12],[9,13,1,17,5,6,10,7,11,8,21,22,18,19,23,12],[5,17,14,13,9,6,10,11,7,12,21,23,22,1],[1,13,9,21,22,11,5,6,7,10,12,18,17,19],[5,13,1,19,22,9,10,6,7,11,12],[17,21,9,10,22,13,1,5,7,6,11,12],[21,5,6,22,9,10,11,7,12,13,1,17],[5,17,21,6,22,9,10,7,11,8,1,13,18,19,23,12],[9,1,5,7,11,10,6,12,21,22,17,13],[1,5,17,21,23,7,6,22,13,9,10,11,12],[13,17,9,5,11,7,10,6,8,21,22,1,18,19,23,12],[5,1,17,23,9,7,11,6,10,8,13,19,21,22,12],[13,21,17,1,5,22,9,10,7,6,11,12],[13,9,1,17,5,10,7,6,11,8,21,22,19,23,12],[5,17,10,15,21,22,1,7,18,19,9,6,11,8,23,13,12],[13,5,17,3,21,23,7,22,9,11,10,6,8,19,12],[13,9,21,22,11,1,17,5,7,10,6,12],[1,5,15,21,22,17,9,10,7,11,6,12,19],[21,9,23,11,22,1,17,5,6,10,7,8,13,19,12],[17,21,5,7,23,22,1,13,9,11,10,6,12],[13,21,1,17,9,22,11,5,6,7,10,12],[13,9,5,10,7,6,11,8,21,22,17,1,18,19,23,12],[9,5,10,6,11,7,12,21,23,22,1,17,15],[17,5,13,1,9,10,6,11,7,8,21,23,22,18,19,12],[1,5,21,6,22,9,11,7,10,8,13,17,19,23,12],[1,5,9,6,10,11,7,8,21,22,13,17,19,23,12],[9,13,21,22,11,5,7,10,6,8,17,1,19,23,12],[17,21,9,10,22,13,1,5,6,7,11,12],[13,5,21,22,1,9,7,11,6,10,8,17,19,23,12],[1,13,21,5,7,22,9,10,11,6,8,17,18,19,23,12],[5,9,10,7,6,11,8,1,13,21,23,22,18,17,19,12],[9,21,10,22,13,5,6,7,11,8,1,17,19,23,12],[21,13,5,6,22,17,1,9,11,10,7,12],[13,21,9,11,22,17,1,5,6,7,10,12],[9,5,11,7,10,6,8,17,13,21,22,1,18,19,23,12],[1,21,5,6,22,9,10,11,7,8,17,13,18,19,23,12],[13,21,17,5,6,23,7,22,9,10,11,8,1,18,19,12],[13,1,5,19,11,21,6,22,9,10,7,12],[9,1,5,10,6,11,7,8,17,21,23,22,13,18,19,12],[1,9,13,21,22,11,5,6,7,10,12,17],[1,17,13,9,5,11,6,7,10,8,21,23,22,18,19,12],[13,5,17,1,9,6,11,10,7,12,21,23,22],[9,13,5,10,7,6,11,8,17,21,22,1,19,23,12],[1,21,17,13,9,10,23,22,5,7,11,6,8,18,19,12],[21,1,9,23,11,22,17,13,5,6,10,7,12],[17,1,21,9,10,22,13,5,6,7,11,8,19,23,12],[1,9,17,21,23,11,10,22,5,6,7,12,13],[21,9,10,23,11,22,1,17,13,5,6,7,8,19,12],[13,21,1,9,11,23,22,5,6,7,10,12,19],[17,13,9,21,22,11,1,5,6,10,7,12],[21,17,9,22,11,13,5,6,7,10,8,1,18,19,23,12],[21,5,7,22,13,17,9,11,6,10,8,1,18,19,23,12],[17,1,5,14,13,9,6,11,10,7,12,21,22,19],[13,17,1,9,21,11,23,22,5,6,10,7,12],[17,21,1,5,6,23,22,9,10,7,11,12,15],[21,1,17,5,23,6,7,22,13,9,10,11,12],[17,1,9,13,21,22,11,5,6,10,7,8,18,19,23,12],[13,1,21,9,10,22,5,7,6,11,8,17,18,19,23,12],[5,14,13,9,7,10,11,6,12,21,23,22,17,1],[5,1,13,17,9,11,6,7,10,12,21,23,22],[1,21,5,23,6,22,13,9,11,7,10,8,17,19,12],[13,9,1,17,21,11,22,5,7,6,10,8,18,19,23,12],[9,1,21,23,11,22,13,17,5,7,10,6,12],[5,23,17,13,1,9,6,10,11,7,12,18,19],[21,6,11,13,1,17,9,23,10,22,19,5,7,8,12],[1,5,17,11,21,22,13,7,9,10,6,8,19,23,12],[5,17,21,6,22,13,1,9,10,7,11,12],[1,9,21,11,23,22,13,17,5,6,10,7,12],[21,13,10,1,7,17,23,19,9,11,22,5,6,12],[21,9,11,22,17,13,5,7,10,6,12,1],[5,21,23,7,6,22,17,13,9,11,10,8,1,19,12],[1,21,17,9,22,10,13,5,6,7,11,8,19,23,12],[9,5,6,10,7,11,12,17,1,13,23,18,19],[21,9,10,22,13,1,5,7,6,11,12,17],[13,17,21,5,7,23,6,22,1,9,11,10,12],[9,5,7,10,6,11,8,17,21,23,22,13,1,18,19,12],[5,21,7,22,9,10,6,11,12,13,1,17],[5,1,9,7,11,6,10,12,21,22,19,13],[5,13,10,22,17,1,19,9,7,11,6,12],[21,1,17,9,23,11,22,5,7,10,6,12,13],[17,5,9,6,10,7,11,8,1,13,21,23,22,18,19,12],[9,1,13,17,21,23,10,11,22,5,7,6,8,18,19,12],[5,1,18,17,6,21,23,7,22,19,9,11,10,8,13,12],[5,9,11,7,10,6,12,1,14,13,22,19],[5,9,6,11,10,7,8,1,21,22,13,17,19,23,12],[1,21,13,17,9,10,23,11,22,5,7,6,8,19,12],[17,1,5,9,11,7,6,10,8,21,23,22,13,19,12],[9,13,5,10,6,11,7,8,21,23,22,1,17,18,19,12],[5,13,17,9,10,6,11,7,8,1,21,23,22,19,12],[1,5,11,17,13,21,23,7,22,9,10,6,8,18,19,12],[21,17,5,23,6,7,22,13,9,11,10,12,1],[1,9,17,21,22,11,5,7,10,6,8,13,19,23,12],[1,5,13,17,9,6,11,7,10,12,21,23,22],[5,13,1,18,17,7,6,19,9,11,10,12,21,22],[9,17,21,11,22,5,6,7,10,12,13,1],[17,13,9,21,23,11,10,22,1,5,6,7,12],[1,9,13,5,11,6,7,10,12,17,21,22],[9,17,1,13,21,11,23,10,22,5,7,6,8,19,12],[1,9,17,5,6,11,10,7,12,15,21,23,22],[5,21,22,1,13,17,9,6,11,10,7,8,19,23,12],[9,5,7,10,11,6,12,21,23,22,13,17,1],[9,1,17,21,10,23,11,22,13,5,7,6,12],[13,17,1,21,5,6,23,22,9,10,7,11,12],[13,21,17,5,22,1,9,11,7,10,6,12],[5,17,1,13,21,23,6,22,9,11,10,7,8,19,12],[17,1,9,21,10,23,22,13,5,7,11,6,12],[21,5,7,22,13,17,9,11,6,10,12,1],[17,1,13,21,5,6,23,22,9,11,7,10,8,18,19,12],[5,1,21,22,13,17,9,7,11,10,6,8,19,23,12],[13,21,9,11,23,10,22,17,1,5,6,7,8,18,19,12],[1,5,21,6,23,7,22,17,9,11,10,8,13,19,12],[17,1,21,9,23,10,11,22,13,5,6,7,12],[5,13,21,7,23,6,22,1,17,9,10,11,8,19,12],[1,9,5,10,6,11,7,8,17,21,22,13,18,19,23,12],[13,9,5,11,6,10,7,8,21,22,1,17,18,19,23,12],[9,17,5,6,10,11,7,12,13,1,21,22],[1,17,5,22,9,11,7,10,6,8,13,19,12],[9,5,10,6,7,11,8,13,21,23,22,1,17,19,12],[1,5,13,21,23,7,6,22,17,9,10,11,8,19,12],[9,5,7,10,6,11,12,13,17,21,22,1],[9,17,21,10,22,1,5,6,11,7,12,13],[13,1,5,9,7,10,6,11,12,21,22,17],[5,23,17,1,13,9,6,11,7,10,8,19,21,22,12],[17,5,9,7,11,6,10,12,13,1,22],[1,5,21,7,23,6,22,13,9,11,10,12,17],[9,13,5,7,11,10,6,12,1,21,22,17],[13,21,7,17,9,23,11,10,22,1,18,19,5,6,8,12],[5,17,1,9,10,7,6,11,8,13,21,23,22,18,19,12],[17,21,9,22,11,1,5,7,6,10,8,13,19,23,12],[5,1,13,21,6,22,9,11,7,10,8,17,19,23,12],[21,17,1,13,9,22,11,5,7,10,6,8,18,19,23,12],[13,1,21,17,9,10,22,5,6,11,7,12],[21,5,23,7,22,17,13,9,11,10,6,8,1,19,12],[21,9,10,22,17,13,5,7,6,11,12,1],[9,21,11,23,22,17,13,5,6,10,7,12,1],[1,5,9,10,6,7,11,12,21,23,22,17,15],[9,5,11,6,10,7,12,13,17,21,22,1],[13,5,1,18,17,6,9,10,11,7,8,19,21,22,23,12],[13,9,17,5,7,11,10,6,12,21,23,22,1],[17,5,9,11,7,6,10,12,13,21,23,22,1],[21,18,17,22,5,7,19,9,11,10,6,8,1,13,23,12],[17,1,21,5,7,22,13,9,11,10,6,8,19,23,12],[5,17,1,9,11,6,7,10,12,13,22],[21,5,22,1,13,10,17,6,19,9,11,7,12],[13,17,9,1,5,11,6,7,10,8,21,23,22,19,12],[17,5,1,13,21,6,23,7,22,9,11,10,12],[5,1,13,19,21,22,9,6,10,7,11,8,23,12],[9,17,1,13,5,11,6,7,10,12,23,18,19],[1,9,13,5,7,10,11,6,8,17,21,22,19,23,12],[1,21,17,13,5,23,6,22,9,10,7,11,12],[21,17,9,22,11,13,1,5,6,10,7,8,18,19,23,12],[1,9,17,5,11,6,10,7,12,23,13,18,19],[17,21,9,11,23,10,22,13,1,5,7,6,8,19,12],[9,5,6,10,11,7,8,13,21,23,22,1,17,19,12],[5,13,1,9,7,10,11,6,12,17,21,22],[5,1,9,6,10,7,11,12,13,21,22,17],[13,17,9,5,10,6,7,11,12,21,22,1],[21,17,5,23,6,7,22,9,10,11,8,1,13,18,19,12],[1,9,5,11,7,10,6,8,13,21,22,17,19,23,12],[5,14,13,21,7,23,6,22,17,1,9,11,10,12],[1,9,17,5,10,7,11,6,12,21,23,22,13],[21,13,9,22,10,1,5,6,7,11,8,17,18,19,23,12],[13,9,5,10,6,7,11,12,17,21,22,2,1],[13,1,5,23,17,9,10,7,11,6,8,19,21,22,12],[13,21,9,10,22,1,17,5,6,11,7,12],[9,1,17,13,21,11,23,10,22,5,7,6,12],[17,9,5,10,6,7,11,8,13,21,22,1,19,23,12],[17,1,13,21,10,5,6,22,19,9,7,11,8,23,12],[5,17,21,22,1,13,9,7,11,10,6,12],[1,9,21,11,22,17,13,5,6,7,10,8,18,19,23,12],[5,17,21,22,9,11,6,7,10,8,13,1,18,19,23,12],[21,7,9,22,11,1,13,17,18,19,10,23,5,6,8,12],[13,5,9,6,11,10,7,12,23,1,17,18,19],[21,9,10,22,17,5,6,11,7,8,13,1,18,19,23,12],[17,13,1,5,9,11,6,7,10,12,21,23,22],[13,17,5,1,10,22,6,19,9,7,11,12],[5,1,13,21,6,23,7,22,17,9,11,10,8,18,19,12],[9,13,21,23,11,22,5,6,10,7,12,1,19],[1,21,19,5,6,23,7,22,13,9,10,11,12],[9,21,11,23,22,1,13,17,5,7,6,10,12],[17,13,9,5,10,7,11,6,12,23,1,18,19],[13,17,1,21,9,23,11,22,5,6,7,10,12],[21,9,11,23,22,5,7,10,6,8,13,17,1,19,12],[5,21,23,6,22,17,13,9,11,7,10,8,1,19,12],[17,21,5,7,23,22,1,13,9,10,11,6,12],[1,5,13,17,9,6,10,11,7,8,21,22,19,23,12],[1,5,23,9,7,10,11,6,8,13,17,19,21,22,12],[13,5,17,9,11,7,10,6,12,1,21,22],[17,21,1,13,5,6,23,7,22,9,10,11,12],[21,9,10,23,11,22,17,5,6,7,12,13,1],[17,13,5,9,11,6,10,7,8,1,21,23,22,19,12],[5,17,9,10,7,11,6,8,21,23,22,1,13,18,19,12],[21,9,11,22,13,5,7,6,10,12,17,1],[9,17,13,21,10,23,11,22,5,7,6,12,1],[1,17,13,5,9,11,7,10,6,8,21,22,18,19,23,12],[9,21,11,23,10,22,13,1,17,5,7,6,12],[1,17,9,21,23,10,22,13,5,6,11,7,8,18,19,12],[21,17,5,6,22,9,10,11,7,8,1,13,18,19,23,12],[1,13,21,5,6,22,9,11,10,7,12,17],[21,17,5,7,23,6,22,1,13,9,11,10,12],[5,13,1,21,23,7,6,22,9,10,11,12,17],[17,21,15,1,5,23,6,7,22,9,10,11,8,19,13,12],[21,5,6,23,7,22,1,9,11,10,12,13,17],[9,1,5,7,10,6,11,8,13,17,21,23,22,19,12],[9,5,7,11,6,10,8,17,13,21,23,22,1,18,19,12],[1,5,17,21,23,7,6,22,9,11,10,12,13],[13,21,5,22,3,17,9,11,7,6,10,8,18,19,23,12],[9,5,11,6,7,10,12,17,14,13,1,21,23,22],[17,13,1,5,21,22,9,11,7,6,10,12],[5,19,21,7,23,6,22,9,10,11,12,13,1],[5,9,10,6,7,11,8,13,17,1,21,22,18,19,23,12],[13,5,17,21,7,22,9,11,10,6,8,1,19,23,12],[5,21,6,22,14,13,9,10,11,7,12,2,17,1],[17,5,1,11,21,6,23,7,22,9,10,8,13,19,12],[13,17,5,23,9,11,7,10,6,8,1,18,19,21,22,12],[17,5,1,21,6,22,9,10,11,7,8,13,18,19,23,12],[21,9,11,23,10,22,17,13,1,5,6,7,8,18,19,12],[21,1,17,9,22,11,5,7,10,6,12,13],[17,21,9,23,10,11,22,5,6,7,12,3,13],[17,13,9,1,5,10,6,7,11,12,21,23,22],[21,17,9,23,10,22,5,6,7,11,8,1,13,18,19,12],[9,17,1,21,22,10,13,5,6,11,7,12],[13,1,17,21,9,10,22,5,7,6,11,8,19,23,12],[13,1,17,5,11,21,7,23,22,9,6,10,12],[13,1,21,9,22,10,5,6,11,7,12,17],[13,17,9,21,22,10,5,7,6,11,8,1,19,23,12],[5,18,17,7,6,19,13,9,10,11,8,1,21,23,22,12],[17,1,9,21,22,11,5,7,10,6,8,13,18,19,23,12],[17,9,5,11,7,6,10,12,21,22,13,2,1],[9,1,21,10,23,11,22,17,13,5,6,7,8,19,12],[1,17,9,5,6,10,11,7,8,13,21,23,22,18,19,12],[1,13,17,9,21,11,23,22,5,7,6,10,8,19,12],[13,5,21,6,22,17,1,9,10,7,11,12],[1,5,21,7,22,13,9,10,6,11,12,17],[9,13,17,21,10,22,1,5,7,6,11,8,18,19,23,12],[21,17,9,23,11,22,1,5,6,10,7,8,13,18,19,12],[21,17,13,2,9,11,22,5,7,10,6,12,1],[13,21,1,17,9,23,10,22,5,7,11,6,12],[9,13,17,1,5,6,10,7,11,12,21,23,22],[17,5,9,10,7,6,11,12,21,22,1,13],[17,5,23,9,7,11,10,6,12,13,1,19],[5,9,10,7,6,11,12,13,1,17,21,23,22],[17,1,21,9,10,23,11,22,5,7,6,8,13,18,19,12],[1,21,13,9,11,22,17,5,7,6,10,12],[5,17,13,9,11,6,7,10,8,21,23,22,1,18,19,12],[9,13,21,23,11,10,22,5,6,7,12,17,1],[5,1,13,21,22,19,9,10,7,11,6,8,23,12],[9,13,1,17,5,6,10,11,7,12,21,23,22],[13,9,1,21,10,23,22,17,5,7,11,6,8,19,12],[21,17,5,6,23,7,22,9,11,10,12,15,1],[17,13,9,5,10,6,11,7,12,21,22,1],[13,1,17,21,5,7,22,9,10,6,11,12],[17,21,5,22,1,13,9,10,6,7,11,8,19,23,12],[13,9,1,5,6,11,7,10,8,21,22,17,18,19,23,12],[21,9,10,23,11,22,1,5,7,6,12,13,17],[1,9,21,23,11,22,5,6,7,10,8,17,13,18,19,12],[1,9,17,21,10,23,22,5,7,6,11,8,13,18,19,12],[5,15,9,11,7,10,6,8,17,21,23,22,1,18,19,13,12],[13,21,1,5,23,6,7,22,9,10,11,12,17],[13,21,5,23,7,22,1,17,9,10,6,11,12],[9,5,10,7,11,6,12,17,13,2,23,1,18,19],[21,5,22,10,1,17,13,7,19,9,11,6,8,23,12],[5,13,9,7,10,6,11,12,21,22,17,1],[1,5,21,23,6,22,13,10,17,18,19,9,7,11,12],[17,13,5,1,9,11,6,7,10,8,21,22,18,19,23,12],[1,21,17,13,5,22,9,6,11,10,7,12],[5,9,11,7,10,6,8,1,17,21,22,13,18,19,23,12],[13,1,5,17,9,11,6,7,10,8,21,23,22,19,12],[1,21,13,9,23,10,11,22,5,7,6,12,17],[17,5,13,9,6,11,10,7,12,1,21,22],[21,17,9,23,10,22,5,7,6,11,12,1,13],[5,21,23,6,7,22,9,10,11,8,13,17,1,18,19,12],[17,9,13,21,23,11,10,22,1,5,7,6,12],[1,5,9,6,10,11,7,8,21,23,22,17,13,19,12],[1,9,5,6,10,11,7,12,21,22,17,13],[17,13,21,5,23,7,22,1,9,11,10,6,12],[1,13,9,17,21,23,11,22,5,6,10,7,12],[1,21,17,9,23,11,22,13,5,7,6,10,8,18,19,12],[17,9,5,6,10,11,7,12,13,21,22,1],[21,9,22,11,17,5,6,10,7,12,13,1],[17,9,1,21,22,11,5,7,6,10,12,13],[13,9,1,21,10,22,17,5,7,11,6,8,18,19,23,12],[1,9,22,13,5,10,6,7,11,8,17,18,19,12],[13,21,17,9,23,10,11,22,5,6,7,12,2,1],[17,9,13,21,10,23,22,1,5,7,6,11,12],[1,13,21,5,6,22,17,9,11,7,10,8,18,19,23,12],[9,1,21,10,23,22,13,5,6,7,11,12,17],[21,9,10,23,11,22,13,5,7,6,8,1,17,18,19,12],[5,15,17,22,3,9,10,7,6,11,8,19,13,12],[13,5,1,9,7,11,6,10,8,21,22,17,19,23,12],[1,17,13,21,5,23,6,22,9,10,7,11,12],[5,1,17,22,9,10,6,7,11,12,13],[5,13,10,17,1,21,23,6,7,22,19,9,11,12],[5,13,9,10,6,11,7,12,1,21,23,22,17],[9,17,21,23,10,22,5,7,6,11,12,1,13],[1,13,9,21,10,23,11,22,5,6,7,8,17,18,19,12],[9,17,13,21,11,23,22,5,6,7,10,8,1,18,19,12],[17,9,21,11,23,22,1,5,6,7,10,8,13,18,19,12],[9,1,13,17,21,22,11,5,7,6,10,8,19,23,12],[21,17,5,23,7,6,22,13,1,9,11,10,8,19,12],[1,17,5,13,9,7,10,11,6,8,21,22,18,19,23,12],[9,5,11,7,10,6,12,17,2,21,22,13,1],[17,5,1,9,6,10,7,11,12,22,13],[5,3,19,13,22,9,6,11,10,7,8,12],[21,17,5,23,6,7,22,13,1,9,10,11,12],[1,21,5,6,22,9,11,7,10,12,17,13],[21,9,11,23,22,13,17,5,6,7,10,8,1,18,19,12],[1,21,9,11,23,10,22,5,7,6,8,13,17,19,12],[21,1,9,10,23,22,5,6,11,7,12,13,17],[17,21,5,7,23,6,22,9,10,11,8,1,13,19,12],[13,21,19,5,23,6,22,1,9,10,11,7,8,12],[5,21,6,22,9,11,7,10,8,13,17,1,19,23,12],[5,9,6,11,10,7,8,13,17,21,23,22,1,19,12],[17,21,9,22,10,1,13,5,6,11,7,8,18,19,23,12],[17,21,5,22,13,1,9,11,6,7,10,8,19,23,12],[21,13,1,9,22,11,5,7,10,6,8,17,18,19,23,12],[21,17,13,7,9,10,22,1,19,23,11,5,6,8,12],[13,17,5,1,21,6,22,9,10,11,7,12],[1,5,22,13,17,9,11,7,10,6,12],[13,5,9,7,10,11,6,12,17,21,22,1],[9,5,10,7,11,6,8,21,23,22,17,1,13,18,19,12],[21,17,5,6,23,22,9,11,10,7,12,13,3],[9,13,1,17,21,22,10,5,6,7,11,8,18,19,23,12],[17,9,21,11,22,5,6,7,10,8,1,13,18,19,23,12],[21,17,1,5,22,10,13,6,18,7,19,23,9,11,8,12],[17,1,21,9,22,11,5,6,10,7,12,13],[1,17,21,7,9,23,10,22,13,18,19,11,5,6,8,12],[17,5,23,9,10,6,7,11,8,1,13,18,19,21,22,12],[13,5,3,9,11,6,10,7,8,21,22,17,19,23,12],[9,17,5,10,7,6,11,8,1,21,22,13,18,19,23,12],[21,9,22,11,1,5,6,7,10,12,17,13],[1,17,21,5,6,22,13,9,10,11,7,8,18,19,23,12],[1,17,9,21,11,22,13,5,6,7,10,12],[9,1,17,5,10,6,11,7,8,21,22,13,19,23,12],[9,5,6,11,10,7,12,17,23,1,13,18,19],[17,1,13,9,21,23,11,22,5,6,7,10,8,19,12],[1,13,17,5,21,22,11,6,9,7,10,8,19,23,12],[5,1,13,23,17,9,10,6,7,11,8,18,19,21,22,12],[1,5,11,21,23,7,22,9,10,6,8,17,13,18,19,12],[9,5,10,7,11,6,8,13,21,23,22,17,1,18,19,12],[9,13,1,21,22,11,17,5,7,6,10,12],[13,5,1,21,6,23,7,22,17,9,10,11,12],[1,13,21,9,11,23,10,22,17,5,6,7,8,19,12],[21,1,9,22,10,5,7,11,6,12,17,13],[5,13,17,9,6,10,7,11,12,21,22,1],[5,14,13,3,21,6,22,9,10,7,11,12,17,19],[9,17,21,10,23,11,22,1,5,7,6,12,13],[13,21,5,23,6,22,9,10,7,11,12,17,1],[5,17,11,1,21,23,7,22,9,10,6,8,13,18,19,12],[5,21,6,22,13,17,1,9,10,11,7,12],[21,9,23,10,22,1,5,6,7,11,12,13,17],[13,5,17,9,6,10,7,11,12,1,21,23,22],[1,17,21,13,9,22,11,5,7,6,10,12],[21,17,13,9,11,23,22,5,7,6,10,8,1,18,19,12],[5,1,17,13,9,11,7,10,6,8,21,23,22,18,19,12],[13,1,21,17,5,22,9,10,6,7,11,8,18,19,23,12],[21,9,23,10,22,17,1,5,7,6,11,8,13,18,19,12],[21,5,23,7,22,9,11,10,6,8,17,13,1,18,19,12],[17,21,9,10,23,11,22,1,5,7,6,8,13,18,19,12],[13,5,1,9,10,6,7,11,8,17,21,22,19,23,12],[1,9,21,11,23,10,22,17,13,5,6,7,8,18,19,12],[13,17,21,1,5,22,9,10,7,11,6,8,18,19,23,12],[21,5,7,22,13,1,9,11,10,6,12,17],[21,17,1,5,22,9,6,11,10,7,12,13],[21,5,6,23,7,22,1,9,11,10,12,19,13],[5,21,22,13,19,9,7,11,6,10,12,1],[17,13,1,5,21,6,23,22,9,10,11,7,12],[17,1,21,13,5,22,9,11,7,6,10,12],[5,23,13,9,6,11,7,10,8,17,1,18,19,21,22,12],[9,1,13,21,23,11,10,22,17,5,6,7,12],[1,17,5,21,7,23,6,22,13,9,11,10,12],[5,9,6,10,7,11,8,1,17,21,23,22,13,19,12],[21,5,22,13,9,11,7,6,10,12,17,1],[13,5,18,17,7,6,19,9,10,11,12,2,21,22],[13,17,9,5,7,10,6,11,12,23,1,18,19],[5,17,15,23,1,9,7,10,6,11,8,19,21,22,13,12],[13,9,5,7,10,6,11,12,1,19,21,23,22],[9,1,17,5,10,7,11,6,12,15,21,23,22],[1,17,13,5,9,7,11,6,10,8,21,23,22,18,19,12],[21,17,9,22,10,1,13,5,6,7,11,8,18,19,23,12],[9,21,22,10,1,17,13,5,6,11,7,8,18,19,23,12],[17,1,9,21,10,22,13,5,7,6,11,12],[9,21,10,23,22,5,7,11,6,8,17,13,1,18,19,12],[9,1,17,5,10,7,11,6,8,21,23,22,13,18,19,12],[5,18,17,7,6,19,21,22,13,9,10,11,12,2],[9,5,11,7,6,10,12,21,22,13,1,18,17,19],[9,21,11,23,22,5,7,6,10,8,13,1,17,19,12],[9,17,5,11,6,10,7,8,1,21,22,13,19,23,12],[9,5,10,7,6,11,8,13,17,21,22,1,19,23,12],[13,5,21,7,23,6,22,1,9,11,10,8,17,18,19,12],[13,9,21,10,22,5,7,11,6,12,17,1],[9,21,23,11,22,13,5,7,6,10,12,17,1],[17,13,1,9,5,7,10,6,11,8,21,23,22,19,12],[17,1,21,5,22,13,9,10,7,6,11,12],[5,17,13,21,7,22,9,10,6,11,12,1],[9,21,22,10,17,13,1,5,6,7,11,8,18,19,23,12],[17,13,1,5,21,22,11,7,9,6,10,8,19,23,12],[1,13,17,9,5,7,11,10,6,8,21,23,22,19,12],[13,5,17,21,6,22,9,11,10,7,8,1,19,23,12],[5,17,1,21,6,22,13,9,11,10,7,12],[5,21,7,22,9,11,6,10,12,13,17,1],[21,17,1,13,9,10,22,5,6,7,11,12],[5,13,1,21,7,22,9,10,6,11,8,17,18,19,23,12],[13,5,21,6,23,22,17,1,9,10,11,7,8,18,19,12],[13,9,5,11,6,10,7,8,17,1,21,22,18,19,23,12],[5,3,9,7,11,6,10,8,13,17,21,22,18,19,23,12],[5,1,21,22,14,13,17,11,6,9,10,7,8,19,23,12],[17,13,9,5,7,10,6,11,12,1,21,22],[13,5,9,11,6,7,10,12,21,22,17,1],[5,21,23,7,22,9,11,10,6,8,13,1,17,18,19,12],[17,21,5,22,13,1,9,6,11,7,10,12],[13,9,17,1,21,10,23,22,5,7,6,11,8,19,12],[13,9,17,1,5,7,11,6,10,8,21,22,18,19,23,12],[1,9,13,21,10,23,22,17,5,7,6,11,12],[1,21,17,10,6,13,19,9,22,23,11,5,7,8,12],[21,9,11,22,5,7,10,6,12,1,13,17],[9,5,10,6,7,11,8,21,23,22,13,17,1,18,19,12],[1,9,21,11,23,10,22,13,5,7,6,12,17],[17,1,21,5,23,6,22,13,10,18,19,9,7,11,12],[21,17,13,1,9,11,22,5,7,6,10,8,19,23,12],[1,21,5,22,9,7,11,10,6,12,13,19],[13,5,2,18,17,7,6,19,21,23,22,9,10,11,12],[17,21,1,13,5,7,23,22,9,11,10,6,12],[9,21,10,22,1,5,6,11,7,8,13,17,18,19,23,12],[17,13,21,1,5,7,22,9,10,6,11,8,18,19,23,12],[21,9,10,23,22,13,17,1,5,6,7,11,8,19,12],[5,17,10,13,3,21,23,6,22,19,9,11,7,12],[13,21,17,1,9,10,22,5,7,6,11,12],[13,9,21,23,10,22,1,17,5,6,11,7,12],[17,13,9,21,11,23,10,22,5,6,7,8,1,18,19,12],[1,9,13,5,10,7,11,6,12,17,21,23,22],[9,5,6,10,7,11,8,1,17,21,23,22,13,19,12],[13,17,21,5,7,23,6,22,9,10,11,8,1,18,19,12],[21,13,17,1,9,10,23,11,22,5,7,6,8,19,12],[1,21,17,5,23,7,6,22,13,9,10,11,12],[13,5,1,23,17,9,7,11,10,6,12,19],[9,1,13,21,11,22,17,5,7,10,6,8,19,23,12],[17,5,13,1,21,22,9,11,7,10,6,12],[9,5,11,6,7,10,8,1,13,17,21,23,22,19,12],[5,1,9,7,10,11,6,12,21,23,22,17,13],[9,21,23,10,22,17,1,13,5,6,7,11,12],[5,1,21,23,6,22,17,9,11,10,7,8,13,18,19,12],[1,5,9,10,7,11,6,12,21,23,22,13,19],[13,17,1,5,9,10,7,11,6,8,21,22,18,19,23,12],[5,9,6,10,7,11,12,21,23,22,19,13,1],[21,13,9,23,10,11,22,17,1,5,6,7,12],[21,1,5,22,13,17,9,7,10,11,6,12],[5,14,13,22,2,18,17,7,19,9,11,6,10,12],[1,9,21,22,10,13,17,5,6,11,7,12],[9,21,11,22,5,7,10,6,12,1,13,18,17,19],[13,17,5,1,10,21,22,7,18,19,9,11,6,12],[5,1,21,22,9,11,7,6,10,8,13,17,18,19,23,12],[9,17,21,23,10,11,22,1,13,5,7,6,8,18,19,12],[21,13,9,10,22,5,7,6,11,12,17,1],[5,17,13,1,9,10,7,11,6,12,21,22],[21,5,23,7,6,22,13,9,10,11,12,19,1],[5,9,6,11,10,7,8,21,22,17,1,13,19,23,12],[21,17,14,13,5,22,1,9,6,11,7,10,8,19,23,12],[9,1,21,23,11,10,22,17,5,7,6,8,13,18,19,12],[13,5,21,7,22,9,10,6,11,12,17,1],[9,5,6,10,7,11,8,17,13,21,23,22,1,19,12],[21,17,1,5,22,11,13,7,9,6,10,8,18,19,23,12],[17,9,13,5,6,10,11,7,12,1,21,22],[13,1,5,21,22,17,9,10,7,6,11,8,18,19,23,12],[21,1,13,9,22,11,17,5,6,7,10,12],[13,5,11,17,1,21,22,9,6,7,10,8,18,19,23,12],[9,1,5,7,11,6,10,8,21,22,17,13,18,19,23,12],[9,17,1,5,10,7,11,6,12,21,22,13],[5,9,7,11,10,6,12,1,17,21,22,13],[21,5,6,22,1,17,13,9,11,10,7,12],[5,1,13,9,10,7,6,11,12,17,23,19],[1,9,5,7,10,11,6,12,23,13,17,18,19],[13,21,9,23,10,11,22,5,7,6,8,17,1,19,12],[21,17,1,5,6,23,22,13,9,11,10,7,12],[5,23,13,9,6,11,10,7,8,1,17,19,21,22,12],[17,1,21,15,5,6,23,22,9,11,10,7,8,18,19,13,12],[17,13,5,21,22,9,6,10,7,11,12,1],[1,9,13,17,5,6,11,10,7,12,21,23,22],[17,13,5,1,9,10,6,11,7,12,22],[21,17,13,1,5,6,23,7,22,9,10,11,12],[9,17,1,21,11,23,10,22,5,6,7,12,13],[13,5,21,22,1,17,9,7,10,11,6,12],[13,21,5,22,17,1,9,11,7,6,10,8,18,19,23,12],[13,21,9,23,10,11,22,5,7,6,12,19,1],[1,13,5,11,17,21,23,6,22,9,7,10,12],[13,21,17,1,9,23,11,10,22,5,7,6,12],[1,21,13,17,5,6,22,9,10,7,11,12],[1,17,5,10,21,23,6,7,22,13,18,19,9,11,8,12],[21,17,13,1,9,10,22,5,6,7,11,12],[13,9,21,22,11,5,7,10,6,8,1,17,18,19,23,12],[17,13,5,21,6,23,22,9,10,11,7,8,1,19,12],[9,13,1,5,11,6,7,10,12,21,23,22,17],[13,9,1,21,10,23,22,17,5,6,11,7,12],[21,5,22,14,13,9,7,11,10,6,8,1,17,19,23,12],[9,5,7,11,6,10,12,21,23,22,13,17,3],[9,1,21,10,23,11,22,13,17,5,7,6,12],[13,9,21,23,11,22,1,17,5,6,7,10,12],[21,9,23,10,11,22,13,1,5,7,6,8,17,19,12],[5,1,23,9,11,6,7,10,12,17,13,19],[17,21,13,5,23,6,22,1,9,10,11,7,8,18,19,12],[1,17,9,13,5,10,6,11,7,12,23,19],[9,21,10,23,22,5,6,7,11,12,1,14,13,17],[9,1,5,10,6,11,7,8,13,21,22,17,18,19,23,12],[5,18,17,7,19,13,9,10,6,11,8,1,21,22,23,12],[9,5,11,7,6,10,12,21,22,13,1,17],[9,1,21,23,11,10,22,13,17,5,7,6,8,19,12],[1,17,13,9,21,23,10,11,22,5,6,7,8,19,12],[5,17,11,2,21,6,23,22,13,9,10,7,12,3],[17,21,13,5,7,22,9,11,6,10,8,1,19,23,12],[21,1,5,6,22,17,13,9,11,10,7,8,18,19,23,12],[5,1,21,6,23,7,22,9,11,10,12,17,14,13],[1,17,5,21,22,13,9,7,11,6,10,12],[1,9,5,6,10,11,7,12,21,23,22,17,13],[17,1,21,5,22,9,11,7,10,6,8,13,19,23,12],[13,5,1,9,11,7,6,10,8,21,23,22,17,19,12],[21,9,23,10,22,17,1,13,5,6,11,7,12],[17,13,1,21,10,5,6,23,7,22,18,19,9,11,12],[1,13,9,21,11,23,10,22,17,5,7,6,8,19,12],[17,5,9,7,11,6,10,12,13,21,22,1],[13,5,9,11,7,6,10,8,17,21,23,22,1,19,12],[17,9,21,11,23,22,13,5,6,10,7,12,1],[5,21,6,23,22,13,9,10,7,11,12,1,19],[1,13,21,9,22,11,5,6,10,7,8,17,19,23,12],[1,13,5,11,21,22,18,17,7,19,9,10,6,8,23,12],[21,13,1,17,9,10,22,5,7,11,6,12],[17,1,9,13,5,7,11,6,10,12,23,18,19],[13,9,21,11,23,22,1,5,6,7,10,8,17,19,12],[21,9,11,23,22,17,5,6,7,10,8,13,1,18,19,12],[13,21,1,9,10,23,22,5,6,7,11,8,17,19,12],[21,13,9,23,10,22,5,7,11,6,8,17,1,19,12],[1,9,5,7,10,6,11,8,17,21,22,13,18,19,23,12],[21,13,9,10,23,22,17,5,6,11,7,12,1],[5,22,10,13,1,17,7,18,19,9,6,11,8,12],[5,13,1,17,21,23,7,6,22,9,10,11,12],[21,17,1,13,9,23,10,22,5,6,11,7,8,19,12],[17,1,13,9,21,10,23,22,5,6,7,11,8,19,12],[17,5,1,21,23,7,22,13,9,11,10,6,8,19,12],[9,13,17,21,11,22,1,5,6,10,7,12],[1,5,17,21,23,6,7,22,13,9,10,11,8,19,12],[17,13,9,21,10,22,5,7,11,6,8,1,19,23,12],[5,18,17,7,6,19,9,11,10,12,1,21,23,22,13],[9,17,1,21,22,11,13,5,6,7,10,8,18,19,23,12],[9,1,13,21,11,23,10,22,5,6,7,12,17],[21,9,23,11,10,22,13,5,7,6,12,1,17],[1,21,5,7,23,6,22,9,10,11,12,13,17],[17,1,5,21,23,6,7,22,9,10,11,12,14,13],[1,17,9,13,5,6,11,7,10,12,22],[5,21,7,23,6,22,13,17,1,9,11,10,8,19,12],[9,5,10,7,6,11,12,19,13,1,21,22],[21,10,17,13,1,5,7,22,19,9,6,11,8,23,12],[13,17,9,5,6,11,10,7,8,1,21,22,18,19,23,12],[1,13,17,9,21,22,11,5,6,10,7,12],[21,5,7,23,22,1,13,17,9,10,11,6,8,19,12],[1,21,9,10,22,13,17,5,7,6,11,12],[1,13,5,19,21,6,23,22,9,11,7,10,12],[1,9,5,6,11,10,7,12,13,17,21,23,22],[1,17,9,21,10,22,13,5,6,11,7,8,19,23,12],[17,9,13,5,6,10,11,7,8,1,21,22,18,19,23,12],[5,17,21,23,6,7,22,9,10,11,12,1,13],[5,17,1,13,21,23,7,6,22,9,10,11,8,18,19,12],[9,21,11,23,10,22,1,17,5,7,6,8,13,19,12],[9,13,1,17,21,11,23,22,5,7,10,6,8,19,12],[17,21,1,5,23,6,22,13,9,10,11,7,8,19,12],[1,21,17,9,11,23,10,22,5,6,7,8,13,19,12],[5,9,11,6,10,7,12,21,23,22,15,1,17],[13,17,1,9,21,22,10,5,7,6,11,12],[13,17,5,1,21,7,22,9,10,6,11,12],[17,9,13,1,21,22,11,5,6,10,7,8,18,19,23,12],[1,17,13,5,21,7,23,22,9,11,6,10,12],[9,17,13,5,10,6,7,11,12,21,23,22,3],[17,5,21,22,1,11,15,9,6,7,10,12,18,19],[13,5,2,18,17,7,19,21,23,6,22,9,10,11,12],[21,15,5,23,6,22,1,11,17,9,7,10,12],[17,5,21,7,23,22,1,10,13,19,9,6,11,8,12],[1,13,5,9,11,6,10,7,12,17,21,23,22],[9,17,5,10,7,11,6,12,13,2,21,23,22,1],[13,21,5,7,22,9,11,6,10,12,17,1],[1,21,13,9,10,22,5,6,7,11,12,17],[5,15,21,23,7,22,17,1,9,11,10,6,8,19,13,12],[13,21,9,23,11,10,22,1,5,6,7,8,17,18,19,12],[21,9,23,10,22,1,5,7,6,11,12,17,13],[5,9,10,7,6,11,8,17,13,1,21,23,22,18,19,12],[1,5,9,11,7,6,10,12,21,23,22,14,13,17],[21,5,7,22,17,1,9,10,6,11,8,13,19,23,12],[1,17,13,5,21,22,9,7,10,11,6,8,18,19,23,12],[17,9,1,5,10,7,11,6,12,13,21,23,22],[13,9,1,21,22,11,5,6,7,10,8,17,18,19,23,12],[21,1,17,9,23,10,11,22,13,5,7,6,8,19,12],[13,5,9,7,10,11,6,12,21,22,1,19],[1,9,13,5,10,6,11,7,12,17,21,22],[9,1,13,21,23,11,10,22,17,5,7,6,12],[21,9,22,11,17,13,5,6,10,7,12,1],[17,1,13,21,5,23,7,22,9,10,6,11,8,19,12],[1,13,21,9,22,10,17,5,6,11,7,12],[5,1,21,7,23,22,13,17,9,11,6,10,12],[13,17,5,1,22,9,6,10,11,7,12],[5,13,10,17,21,6,22,1,19,9,11,7,12],[21,1,5,23,6,7,22,9,10,11,8,13,17,18,19,12],[9,5,7,11,10,6,8,13,17,1,21,22,18,19,23,12],[17,1,9,5,10,7,6,11,8,13,21,22,19,23,12],[1,5,9,6,10,7,11,8,21,23,22,13,17,19,12],[9,5,6,11,10,7,12,17,21,22,13,3,18,19],[21,1,13,9,11,22,17,5,7,6,10,12],[21,5,6,23,22,17,9,11,10,7,12,13,1],[1,5,13,9,7,10,6,11,12,17,21,23,22],[13,17,9,1,21,22,11,5,7,10,6,8,19,23,12],[1,5,9,7,11,10,6,12,21,23,22,18,17,13],[5,9,6,11,7,10,8,13,21,22,1,17,19,23,12],[21,5,6,23,7,22,1,9,11,10,8,13,17,19,12],[9,5,10,7,11,6,8,1,13,21,23,22,17,18,19,12],[13,21,9,22,11,17,1,5,7,10,6,12],[21,17,1,9,10,23,11,22,13,5,6,7,8,18,19,12],[17,13,9,5,10,6,11,7,8,1,21,22,18,19,23,12],[1,5,17,13,9,11,6,10,7,8,21,22,18,19,23,12],[17,1,13,9,5,11,6,7,10,12,21,23,22],[17,13,5,9,7,11,6,10,12,21,23,22,1],[17,5,1,13,21,6,23,7,22,9,11,10,8,19,12],[5,13,1,17,21,7,22,9,11,6,10,8,18,19,23,12],[1,17,9,21,10,22,5,6,7,11,12,15,18,19],[9,21,10,22,17,5,7,11,6,8,1,13,19,23,12],[13,17,21,5,6,23,7,22,1,9,11,10,12],[5,9,10,7,11,6,8,21,23,22,1,13,17,19,12],[13,21,9,23,10,11,22,17,5,7,6,8,1,19,12],[17,13,1,9,5,6,11,7,10,12,21,22],[1,21,13,7,9,22,11,17,18,10,19,23,5,6,12],[5,10,21,6,22,1,13,17,18,19,9,11,7,12],[13,17,21,5,23,6,22,1,9,11,10,7,8,18,19,12],[9,17,1,5,6,11,7,10,8,13,21,23,22,18,19,12],[1,9,5,11,7,6,10,12,21,22,17,15,18,19],[17,21,9,11,22,5,7,6,10,12,13,1],[13,5,9,11,6,7,10,12,1,22,17],[9,13,1,21,23,11,22,5,7,6,10,8,17,19,12],[21,17,5,22,2,9,10,7,11,6,12,13,1],[17,5,1,13,23,9,7,11,10,6,12,19],[9,17,5,11,7,10,6,12,21,22,1,13],[13,5,9,6,11,10,7,12,1,21,22,18,17,19],[9,21,23,10,22,1,5,7,6,11,8,17,13,19,12],[9,13,5,7,11,10,6,12,22,17,1],[5,21,22,9,6,10,7,11,8,13,1,17,18,19,23,12],[21,1,13,9,11,23,22,5,7,6,10,8,17,18,19,12],[13,9,17,21,22,10,1,5,6,11,7,12],[9,21,11,22,17,5,7,10,6,8,13,1,18,19,23,12],[1,9,13,17,21,23,11,22,5,7,6,10,12],[1,5,13,9,6,11,7,10,12,21,23,22,19],[9,21,10,23,22,17,13,1,5,6,11,7,8,18,19,12],[1,13,17,21,5,23,6,22,9,10,7,11,12],[21,9,22,10,13,5,6,7,11,8,1,17,19,23,12],[21,17,13,10,5,22,1,7,18,19,9,11,6,8,23,12],[17,5,13,9,7,11,6,10,12,1,21,22],[9,5,7,11,10,6,12,2,13,21,22,19,1],[5,13,17,21,6,23,7,22,1,9,10,11,8,18,19,12],[1,5,9,11,7,6,10,8,21,23,22,17,13,19,12],[21,9,10,22,17,1,13,5,6,11,7,8,18,19,23,12],[21,17,13,9,11,22,1,5,6,7,10,12],[9,17,1,21,22,10,13,5,7,6,11,8,19,23,12],[5,17,2,13,21,22,9,10,7,6,11,12,1],[21,17,2,5,23,7,22,13,9,10,6,11,8,1,19,12],[17,21,3,5,22,14,13,9,7,11,6,10,8,19,23,12],[17,1,13,9,21,11,23,22,5,7,6,10,12],[5,9,10,7,11,6,8,17,1,13,21,22,19,23,12],[5,10,1,15,22,17,18,7,19,9,6,11,8,13],[9,5,7,10,11,6,12,13,17,1,21,23,22],[5,9,6,11,7,10,12,2,17,22,13,3],[5,21,23,7,22,1,9,11,10,6,12,13,18,17],[1,21,5,22,9,7,10,6,11,8,13,17,19,23,12],[5,17,9,7,10,6,11,12,23,13,1,18,19],[1,17,9,13,5,7,10,11,6,12,21,23,22],[5,22,3,13,17,9,7,11,10,6,12],[1,9,5,11,6,7,10,12,17,21,22,13],[9,21,22,10,1,13,17,5,7,11,6,8,18,19,23,12],[5,21,22,9,6,11,7,10,12,1,13,17],[9,1,17,13,5,11,6,10,7,12,21,22],[5,21,23,6,7,22,17,1,13,9,10,11,8,18,19,12],[9,5,11,7,6,10,12,13,17,21,23,22,1],[13,5,1,18,17,6,21,22,9,11,10,7,8,19,23,12],[9,17,13,5,10,6,7,11,12,21,22,1],[5,21,23,6,7,22,9,11,10,8,13,1,17,18,19,12],[9,1,17,13,21,11,22,5,6,10,7,8,18,19,23,12],[17,21,13,1,5,22,9,11,7,6,10,12],[21,1,9,22,10,5,6,7,11,12,17,13],[1,13,17,5,21,22,10,6,19,11,23,7,9,8,12],[13,1,17,21,9,10,23,22,5,6,11,7,8,19,12],[5,1,17,9,7,11,6,10,8,21,22,13,19,23,12],[13,5,9,11,6,10,7,8,1,17,21,22,19,23,12],[5,17,1,9,7,11,6,10,8,21,22,13,18,19,23,12],[5,2,17,21,23,6,22,13,9,10,11,7,12,1],[5,13,9,10,7,6,11,8,17,21,22,1,18,19,23,12],[21,17,13,9,10,22,1,5,6,7,11,12],[17,13,1,9,21,23,11,10,22,5,7,6,8,18,19,12],[13,17,1,5,9,6,10,7,11,8,21,23,22,18,19,12],[9,17,5,6,11,7,10,8,13,1,21,23,22,19,12],[9,1,21,23,10,11,22,17,13,5,7,6,12],[17,9,13,1,21,11,23,22,5,6,10,7,12],[9,13,1,5,7,10,6,11,12,23,17,18,19],[1,17,9,21,11,22,5,6,7,10,12,13],[17,9,21,23,10,11,22,5,6,7,8,1,13,19,12],[1,17,9,13,5,7,11,10,6,12,21,23,22],[1,9,17,5,11,7,10,6,12,13,23,18,19],[21,5,7,23,6,22,17,9,10,11,8,13,1,18,19,12],[9,21,11,23,22,13,17,1,5,7,10,6,12],[1,17,9,5,11,6,10,7,8,21,22,13,19,23,12],[21,5,22,1,9,7,11,10,6,12,18,17,15,19],[13,9,5,6,11,7,10,8,1,21,22,17,18,19,23,12],[17,9,5,11,6,7,10,12,15,1,21,23,22],[21,1,5,23,6,7,22,9,10,11,8,17,13,19,12],[13,1,5,17,21,7,23,22,9,10,6,11,8,19,12],[1,21,17,11,5,6,22,13,9,7,10,8,19,23,12],[5,21,23,6,22,1,17,13,9,10,11,7,12],[1,21,5,6,23,7,22,17,13,9,10,11,12],[17,13,5,1,9,6,10,7,11,12,21,22],[21,19,3,5,6,23,22,9,11,7,10,8,13,12],[5,1,9,10,6,7,11,8,13,17,21,23,22,18,19,12],[13,1,21,5,7,22,17,9,10,6,11,12],[9,1,5,11,7,6,10,8,17,21,22,13,19,23,12],[13,5,10,17,1,23,6,19,21,7,22,9,11,12],[17,9,21,23,10,11,22,5,7,6,8,13,1,19,12],[13,1,9,21,10,22,5,7,6,11,12,17],[21,5,6,22,9,10,11,7,12,17,13,1],[17,9,5,11,6,10,7,8,13,1,21,22,18,19,23,12],[21,5,22,11,13,17,1,9,6,7,10,12],[1,9,13,5,7,11,10,6,12,21,22,17],[17,5,9,6,11,7,10,12,14,13,21,23,22,1],[21,13,17,1,9,22,11,5,6,10,7,8,18,19,23,12],[9,1,21,10,22,17,13,5,6,7,11,12],[1,9,13,17,5,11,7,6,10,12,21,22],[5,9,7,10,6,11,12,17,2,13,21,22,1],[21,17,1,9,10,23,22,5,7,6,11,12,13],[9,5,10,7,11,6,8,1,21,22,13,17,18,19,23,12],[21,9,23,11,10,22,1,17,13,5,6,7,8,18,19,12],[5,21,6,22,1,13,17,10,18,7,19,23,9,11,8,12],[5,9,10,6,11,7,8,21,23,22,1,17,13,19,12],[9,5,10,7,11,6,8,22,1,13,17,19,12],[21,13,5,22,17,9,7,10,11,6,8,1,18,19,23,12],[21,5,6,22,9,10,7,11,8,13,17,1,19,23,12],[17,5,1,13,21,7,23,6,22,9,11,10,8,18,19,12],[21,1,9,22,11,13,17,5,7,6,10,12],[21,17,13,9,22,11,5,6,10,7,12,1],[9,17,21,11,22,13,1,5,6,7,10,8,18,19,23,12],[17,1,9,5,6,10,11,7,12,15,21,22,18,19],[1,21,17,13,10,5,23,6,22,19,9,7,11,12],[5,21,7,22,13,17,1,9,11,6,10,12],[9,13,21,10,22,17,1,5,7,11,6,8,18,19,23,12],[5,21,23,6,22,9,10,7,11,12,17,13,1],[21,17,5,6,23,7,22,13,9,10,11,8,1,18,19,12],[13,1,21,9,23,11,10,22,17,5,7,6,8,19,12],[5,2,21,6,22,17,13,9,11,7,10,12,1],[13,21,17,5,6,22,9,10,11,7,12,1],[5,21,22,1,17,9,6,10,7,11,8,13,19,23,12],[17,21,1,13,5,6,22,9,10,11,7,8,18,19,23,12],[9,1,17,13,5,11,7,10,6,12,21,22],[13,9,1,21,23,11,22,5,6,7,10,8,17,19,12],[21,1,17,13,5,7,22,9,11,10,6,8,19,23,12],[5,21,7,22,9,11,6,10,12,17,1,13],[1,21,5,7,23,6,22,17,13,9,11,10,12],[17,13,1,21,9,10,23,11,22,5,7,6,12],[1,5,21,6,23,22,17,9,11,10,7,12,13],[1,21,17,9,11,23,10,22,13,5,6,7,12],[1,13,5,9,7,10,11,6,12,21,22,17],[9,13,5,7,11,6,10,12,1,17,21,22],[17,5,9,7,11,10,6,8,1,13,21,22,18,19,23,12],[1,5,17,21,22,13,11,6,9,10,7,8,19,23,12],[13,9,1,5,7,10,6,11,8,17,21,23,22,19,12],[1,17,13,9,5,6,11,7,10,12,21,23,22],[1,13,21,9,23,11,10,22,5,6,7,12,17],[13,17,9,5,6,10,7,11,8,21,23,22,1,19,12],[9,21,10,23,11,22,5,6,7,12,13,1,17],[9,17,1,13,21,23,10,22,5,7,6,11,12],[9,1,17,5,11,7,6,10,8,21,22,13,18,19,23,12],[1,5,13,21,6,23,7,22,17,9,10,11,12],[13,17,21,9,10,22,1,5,6,11,7,12],[5,21,6,23,7,22,13,1,9,10,11,8,17,19,12],[1,21,13,5,6,23,7,22,17,9,11,10,12],[21,9,23,11,22,17,13,5,7,10,6,8,1,19,12],[9,5,7,11,6,10,8,13,17,21,22,1,18,19,23,12],[5,13,21,22,1,9,11,7,6,10,12,19],[1,21,13,17,9,10,22,5,6,11,7,12],[9,1,17,13,21,23,10,22,5,6,11,7,8,18,19,12],[21,13,1,9,10,22,5,7,6,11,8,17,18,19,23,12],[17,1,13,5,21,22,9,6,10,11,7,12],[21,5,6,22,1,9,10,7,11,8,13,17,18,19,23,12],[9,5,7,10,6,11,8,13,21,23,22,17,1,19,12],[21,17,9,10,22,1,13,5,7,11,6,8,19,23,12],[1,17,9,13,21,22,11,5,7,10,6,12],[9,1,13,5,6,10,11,7,8,21,22,17,19,23,12],[17,5,21,6,23,22,9,10,7,11,8,13,1,19,12],[9,5,6,11,7,10,8,1,21,23,22,17,13,18,19,12],[5,19,21,6,22,11,13,1,9,10,7,8,23,12],[9,13,17,21,11,23,22,5,7,6,10,12,1],[1,13,21,5,22,9,7,10,6,11,12,17],[5,13,1,17,21,6,22,9,10,7,11,8,18,19,23,12],[21,17,1,9,11,22,5,7,10,6,8,13,19,23,12],[1,13,17,9,5,11,6,7,10,8,21,23,22,18,19,12],[17,1,21,5,23,6,7,22,9,10,11,8,13,19,12],[5,17,23,9,7,11,6,10,12,1,13,19],[5,13,1,9,10,6,7,11,12,18,17,21,23,22],[5,17,21,6,22,1,13,9,11,7,10,12],[17,21,5,7,22,1,9,10,6,11,12,13],[1,5,9,10,7,6,11,12,15,17,21,23,22],[9,21,23,11,10,22,13,17,5,6,7,8,1,18,19,12],[21,17,9,23,11,22,1,5,7,6,10,8,13,18,19,12],[9,17,1,5,6,10,11,7,12,14,13,21,22,19],[1,21,17,13,5,23,7,22,9,11,6,10,12],[5,9,11,7,6,10,8,13,1,21,22,17,19,23,12],[1,13,5,21,23,6,7,22,9,11,10,12,17],[21,5,22,17,13,1,9,6,10,11,7,12],[5,13,17,9,7,10,11,6,12,21,22,1],[5,9,6,10,7,11,12,21,23,22,13,17,1],[9,5,10,7,6,11,12,13,17,21,23,22,1],[5,1,17,14,13,9,10,7,11,6,12,21,22,18,19],[9,5,6,10,7,11,8,1,13,21,22,17,19,23,12],[21,11,1,13,17,5,23,7,6,22,9,10,8,19,12],[21,17,5,6,23,22,13,9,11,10,7,12,1],[1,21,9,23,10,11,22,13,17,5,6,7,8,19,12],[5,10,17,21,22,1,13,6,19,9,7,11,12],[21,5,22,15,1,17,11,7,9,10,6,8,18,19,23,13,12],[5,13,1,9,11,7,10,6,12,17,21,22],[9,17,5,11,6,10,7,8,13,21,23,22,1,18,19,12],[21,13,9,22,11,1,5,6,10,7,8,17,18,19,23,12],[1,13,17,9,5,7,11,10,6,12,21,23,22],[13,1,5,17,21,23,6,22,9,11,7,10,12],[1,5,17,9,11,6,7,10,12,21,22,13],[5,13,17,21,7,22,9,10,11,6,12,1],[5,9,11,6,7,10,12,21,23,22,17,1,13],[5,3,21,23,6,7,22,9,10,11,12,17,13],[1,21,13,5,6,23,7,22,17,9,10,11,12],[21,1,13,5,22,17,10,6,18,19,9,11,7,8,23,12],[1,9,17,21,23,11,22,5,7,6,10,8,13,18,19,12],[1,21,5,7,22,9,11,10,6,12,17,13],[21,1,5,6,23,7,22,13,17,9,11,10,8,19,12],[5,15,9,10,7,6,11,8,17,21,22,1,18,19,23,13,12],[13,17,1,21,9,11,23,10,22,5,6,7,8,18,19,12],[5,2,13,17,9,11,6,10,7,12,21,23,22,1],[21,1,13,9,10,23,22,5,7,11,6,8,17,19,12],[13,5,17,21,6,23,7,22,9,11,10,12,3],[21,17,5,6,23,7,22,13,1,9,10,11,8,18,19,12],[13,17,9,21,22,11,1,5,7,10,6,12],[1,9,21,23,11,10,22,13,5,6,7,12,18,17],[13,1,9,21,11,22,5,6,7,10,8,19,23,12],[5,1,21,23,6,7,22,13,9,11,10,8,17,18,19,12],[21,15,5,22,18,17,7,19,1,9,11,10,6,12],[5,21,23,6,7,22,1,9,11,10,8,13,17,18,19,12],[5,15,21,6,22,9,11,7,10,8,1,17,18,19,23,13,12],[9,17,21,11,23,10,22,13,5,6,7,8,1,19,12],[21,9,22,10,13,17,5,7,11,6,8,1,19,23,12],[9,13,17,1,5,10,6,11,7,8,21,22,19,23,12],[17,21,1,9,10,22,13,5,7,11,6,12],[9,1,17,21,11,23,22,13,5,6,10,7,12],[21,17,9,22,11,1,5,7,10,6,12,13],[17,1,5,21,6,22,9,10,7,11,12,14,13,18,19],[21,5,6,22,17,13,9,11,7,10,8,1,18,19,23,12],[13,5,1,17,9,11,7,6,10,8,21,22,18,19,23,12],[9,1,17,5,7,10,11,6,8,13,21,22,19,23,12],[5,21,6,22,13,1,9,11,7,10,12,19],[1,17,13,9,5,7,10,11,6,12,23,19],[17,13,21,10,5,23,6,7,22,1,18,19,9,11,12],[21,5,7,22,9,10,11,6,8,1,17,13,19,23,12],[17,1,9,5,6,10,7,11,8,21,23,22,13,19,12],[9,17,13,5,7,10,11,6,8,1,21,23,22,19,12],[21,17,13,9,10,23,22,5,7,6,11,12,2,1],[1,17,21,9,22,10,5,6,7,11,8,13,18,19,23,12],[1,17,21,11,13,5,22,9,6,10,7,8,19,23,12],[21,1,9,23,11,10,22,13,5,6,7,12,17],[21,13,1,9,23,10,22,5,6,11,7,12,17],[5,1,23,17,11,13,9,7,10,6,12,19],[21,9,10,23,22,1,5,6,7,11,8,17,13,18,19,12],[21,17,9,22,10,5,7,6,11,12,13,1],[17,21,1,13,9,10,23,11,22,5,6,7,8,18,19,12],[5,17,1,21,6,22,14,13,9,10,7,11,8,18,19,23,12],[1,21,5,6,22,9,10,11,7,12,13,17],[5,1,9,7,10,6,11,8,21,22,13,17,18,19,23,12],[13,21,1,17,9,23,11,10,22,5,6,7,12],[5,1,13,10,22,17,18,6,19,9,11,7,8,12],[9,17,5,6,10,7,11,12,1,13,21,22],[1,9,21,10,22,13,5,7,11,6,12,17],[9,17,5,10,7,11,6,12,21,22,1,13],[13,17,1,21,9,23,10,11,22,5,7,6,12],[1,5,19,21,23,7,6,22,13,9,11,10,12],[1,9,5,11,7,10,6,12,13,21,23,22,17],[1,21,15,9,10,22,5,7,11,6,8,17,18,19,23,13,12],[5,21,7,23,22,17,1,13,9,10,6,11,12],[9,21,22,10,5,6,7,11,8,13,1,17,19,23,12],[9,5,11,7,10,6,8,17,1,13,21,23,22,19,12],[21,17,5,22,14,13,9,7,10,6,11,8,1,19,23,12],[5,15,9,11,6,7,10,12,21,23,22,17,1],[9,13,1,21,10,23,11,22,5,6,7,8,17,19,12],[5,9,10,7,6,11,8,17,13,21,23,22,1,18,19,12],[9,5,10,7,6,11,12,23,13,2,17,1,19],[13,17,21,5,23,6,22,1,9,10,7,11,12],[9,17,21,23,10,22,13,5,6,11,7,8,1,18,19,12],[21,13,17,5,6,22,9,10,11,7,8,1,19,23,12],[17,9,13,5,7,11,10,6,8,21,22,1,18,19,23,12],[17,13,5,9,7,11,10,6,8,1,21,22,19,23,12],[13,21,9,23,10,11,22,5,6,7,12,1,17],[13,5,1,9,10,6,11,7,12,17,21,23,22],[13,17,1,21,5,7,23,22,9,11,10,6,8,19,12],[5,1,17,21,23,6,22,9,11,7,10,12,15],[17,1,9,13,21,23,11,22,5,6,7,10,8,18,19,12],[17,9,5,11,7,6,10,8,21,22,1,13,18,19,23,12],[1,13,21,9,22,10,17,5,6,11,7,12],[5,1,21,7,22,13,9,10,6,11,8,17,18,19,23,12],[21,13,17,5,23,6,7,22,9,10,11,8,1,18,19,12],[5,13,1,21,7,23,6,22,17,9,11,10,8,18,19,12],[13,1,9,21,11,22,17,5,7,10,6,12],[1,13,5,17,23,10,19,21,7,22,9,11,6,12],[1,9,5,10,6,7,11,12,17,15,21,23,22],[17,9,5,11,7,6,10,12,13,21,23,22,1],[13,9,5,6,11,10,7,8,17,21,22,1,19,23,12],[9,21,11,22,5,7,10,6,12,17,1,13],[1,21,5,22,9,10,6,7,11,12,13,19],[5,9,7,10,6,11,8,1,13,17,21,23,22,19,12],[21,9,23,10,22,5,7,6,11,8,17,13,1,18,19,12],[13,9,5,7,11,6,10,8,21,22,17,1,18,19,23,12],[9,5,10,7,6,11,12,13,2,17,21,22,1],[1,17,21,13,5,22,9,6,11,10,7,8,19,23,12],[1,9,21,23,10,11,22,17,13,5,6,7,8,18,19,12],[17,5,9,7,10,6,11,12,21,22,15,1,19],[9,21,22,11,5,6,10,7,12,13,17,1],[21,1,17,13,5,23,7,22,9,10,6,11,12],[21,13,9,10,23,22,1,17,5,7,11,6,12],[13,1,17,21,9,23,11,22,5,6,10,7,12],[21,17,15,1,9,10,22,5,6,11,7,12,18,19],[1,9,17,13,5,11,7,10,6,8,21,23,22,19,12],[21,5,7,23,6,22,9,10,11,8,17,13,1,19,12],[17,13,21,1,5,22,11,7,9,10,6,8,18,19,23,12],[17,13,21,1,9,10,22,5,6,11,7,8,18,19,23,12],[9,13,5,11,7,10,6,12,21,22,18,17,1,19],[9,1,13,17,21,22,10,5,7,11,6,8,19,23,12],[21,17,5,22,1,9,11,6,7,10,12,13],[13,9,17,5,6,10,7,11,8,1,21,23,22,19,12],[5,17,13,9,10,7,6,11,8,21,23,22,1,18,19,12],[5,21,22,13,9,10,6,11,7,12,1,17],[1,9,5,6,11,10,7,8,13,17,21,22,18,19,23,12],[21,1,5,7,22,13,9,11,10,6,8,17,19,23,12],[17,5,9,6,10,7,11,8,13,1,21,23,22,19,12],[1,9,5,11,6,7,10,12,17,22,15],[17,5,1,13,21,23,7,6,22,9,11,10,12],[13,17,9,1,5,7,11,10,6,8,21,23,22,18,19,12],[5,3,17,21,7,22,13,9,11,6,10,8,18,19,23,12],[17,13,1,21,9,22,11,5,6,10,7,12],[1,5,19,9,6,11,10,7,12,21,22,13],[9,21,11,22,13,5,7,6,10,8,1,17,18,19,23,12],[5,14,13,21,7,22,17,9,11,6,10,12,1,19],[9,1,13,5,10,7,6,11,12,21,23,22,17],[9,21,11,22,13,5,6,10,7,12,1,17],[17,5,1,21,7,22,13,9,11,10,6,8,19,23,12],[13,17,21,5,7,22,1,9,11,10,6,12],[5,21,7,22,13,9,11,6,10,12,17,1],[9,1,13,21,10,22,17,5,6,7,11,12],[21,13,5,23,7,6,22,17,9,10,11,8,1,19,12],[17,5,21,23,6,7,22,9,11,10,12,13,1],[21,17,1,9,10,22,13,5,7,6,11,12],[21,5,23,6,22,13,1,17,9,11,7,10,12],[1,17,13,9,21,11,22,5,7,6,10,12],[1,21,17,13,5,7,23,6,22,9,11,10,8,19,12],[9,1,5,11,6,7,10,12,17,21,22,13],[13,21,1,5,22,9,10,7,11,6,8,17,18,19,23,12],[9,1,21,22,10,5,7,11,6,12,17,13],[5,9,6,11,7,10,8,13,21,23,22,17,1,19,12]],"n_human":11}