{"problem_id":"Z6igLUgOZ1o22OJ","sigma":150,"alpha":0.316,"cost":1,"probabilities":"[0.029999999999999992, 0.01, 0.77, 0.19]","payoff_matrix":"[[-80, -72, -269, 49, -46, -52], [151, -52, -99, -94, -267, -277], [-8, -59, -119, 197, 257, -12], [143, -88, 77, 14, -60, 14]]","uncovered":[[7,15,23,19,11,3,20,16],[3,23,7,15,11,19,16],[23,19,11,7,3,15,20,16],[11,19,7,3,23,15,16],[7,19,3,11,15,23,16],[15,19,3,7,11,23,16],[3,11,7,15,23,19,20,16],[23,7,15,19,3,11,16],[23,3,11,15,7,19,20,16],[23,7,19,3,11,15,20,16],[19,7,15,11,3,23,20,16],[7,23,19,3,15,11,20,16],[23,15,11,19,7,3,20,16],[11,19,3,23,15,7,20,16],[23,11,19,3,7,15,20,16],[19,23,7,15,3,11,20,16],[15,19,7,3,11,23,20,16],[3,15,7,11,19,23,16],[11,3,7,19,15,23,16],[11,15,3,7,19,23,16],[15,23,7,19,3,11,20,16],[23,7,3,15,11,19,16],[23,3,7,19,11,15,20,16],[19,3,23,7,15,11,16],[7,11,3,19,23,15,16],[23,11,3,15,7,19,20,16],[19,3,23,15,11,7,20,16],[11,15,7,3,19,23,16],[23,15,11,7,19,3,20,16],[23,3,19,15,11,7,16],[19,3,15,23,11,7,16],[11,15,3,23,19,7,16],[19,3,11,15,7,23,16],[19,23,11,15,7,3,20,16],[7,19,23,11,3,15,20,16],[23,7,15,19,11,3,20,16],[15,11,3,7,19,23,16],[23,3,11,19,15,7,16],[23,3,7,15,11,19,16],[23,11,3,7,15,19,20,16],[19,3,7,23,11,15,20,16],[11,15,7,23,19,3,20,16],[3,11,7,19,23,15,16],[3,15,7,23,11,19,20,16],[11,3,19,23,15,7,16],[15,7,19,3,11,23,20,16],[3,7,19,15,11,23,16],[7,15,3,23,11,19,20,16],[19,15,7,11,3,23,16],[23,15,7,3,19,11,16],[15,23,7,19,11,3,20,16],[3,19,15,23,7,11,20,16],[11,3,19,7,15,23,20,16],[19,15,23,3,7,11,16],[23,7,19,15,3,11,20,16],[7,11,3,23,19,15,20,16],[7,3,15,19,23,11,20,16],[23,15,19,7,3,11,16],[11,7,23,15,19,3,16],[7,11,23,3,19,15,16],[19,15,11,7,3,23,16],[15,11,23,3,7,19,20,16],[7,3,15,23,19,11,16],[11,3,7,15,19,23,20,16],[3,23,15,11,7,19,20,16],[7,23,19,15,3,11,16],[3,23,15,19,7,11,20,16],[11,3,7,15,19,23,20,16],[11,19,15,3,7,23,16],[19,15,23,7,11,3,16],[19,15,7,3,23,11,20,16],[7,11,15,23,19,3,16],[3,19,11,23,7,15,16],[23,11,3,19,15,7,16],[7,19,3,11,23,15,16],[19,15,11,7,23,3,16],[23,15,7,19,3,11,20,16],[15,3,11,7,19,23,20,16],[15,23,11,7,19,3,16],[3,7,23,19,11,15,20,16],[23,15,19,3,11,7,16],[19,11,23,3,7,15,16],[11,19,3,15,7,23,16],[23,19,11,3,7,15,16],[15,19,7,3,23,11,16],[19,11,3,7,23,15,16],[3,15,11,7,23,19,16],[7,15,23,3,11,19,20,16],[7,3,11,19,23,15,20,16],[3,19,11,7,23,15,20,16],[3,11,7,19,23,15,20,16],[23,19,3,7,11,15,20,16],[19,15,3,7,23,11,16],[23,15,19,3,11,7,16],[23,7,3,19,15,11,20,16],[19,15,7,23,3,11,20,16],[3,7,19,23,11,15,16],[19,3,15,11,23,7,16],[15,3,23,7,19,11,16],[7,23,15,11,3,19,16],[11,3,7,23,19,15,16],[3,11,7,15,23,19,20,16],[11,7,19,15,3,23,16],[15,7,19,11,23,3,16],[3,19,11,7,23,15,16],[15,19,7,11,3,23,16],[23,7,15,11,3,19,16],[15,3,23,11,19,7,16],[7,19,23,3,11,15,16],[3,15,11,23,7,19,16],[23,11,7,15,3,19,20,16],[19,11,7,3,23,15,16],[19,15,3,7,23,11,20,16],[11,23,15,19,7,3,16],[15,7,3,23,19,11,20,16],[15,23,7,11,19,3,20,16],[11,7,23,19,15,3,16],[7,19,23,11,15,3,20,16],[23,15,19,3,11,7,16],[15,11,7,3,23,19,16],[3,19,7,11,23,15,20,16],[23,3,11,7,19,15,16],[7,23,3,15,19,11,16],[3,7,19,11,15,23,16],[11,3,7,19,23,15,20,16],[11,15,19,3,7,23,20,16],[15,11,19,3,7,23,20,16],[19,15,7,11,3,23,16],[23,15,11,19,7,3,16],[11,3,23,19,7,15,16],[7,15,19,23,11,3,16],[11,7,23,15,19,3,20,16],[15,19,23,7,11,3,16],[7,19,23,11,3,15,20,16],[15,19,3,23,7,11,16],[19,3,7,23,11,15,16],[3,15,11,19,7,23,16],[15,19,3,23,11,7,16],[23,19,15,3,7,11,20,16],[11,7,23,19,3,15,20,16],[7,15,11,3,19,23,20,16],[7,23,15,19,11,3,16],[19,23,3,7,15,11,16],[3,7,15,23,19,11,20,16],[19,11,15,23,7,3,16],[19,15,7,3,11,23,16],[15,23,7,19,3,11,20,16],[19,3,15,11,23,7,20,16],[3,23,15,19,11,7,16],[15,23,3,19,7,11,16],[7,3,11,23,19,15,20,16],[7,23,11,3,15,19,20,16],[19,7,15,3,11,23,20,16],[11,19,3,7,23,15,20,16],[11,7,15,3,19,23,16],[11,3,23,7,19,15,20,16],[15,19,7,23,11,3,20,16],[7,11,3,23,19,15,16],[11,19,3,15,7,23,16],[3,15,7,23,19,11,16],[23,11,7,15,19,3,16],[7,19,15,3,11,23,20,16],[19,7,11,23,3,15,20,16],[3,19,23,7,15,11,20,16],[15,19,23,11,7,3,20,16],[23,11,7,19,3,15,16],[7,15,23,19,3,11,16],[11,15,19,3,7,23,16],[7,23,11,3,15,19,20,16],[23,15,11,7,3,19,20,16],[11,15,7,3,19,23,20,16],[3,7,19,15,23,11,16],[11,7,19,3,23,15,16],[11,15,19,7,23,3,16],[3,11,23,15,7,19,20,16],[15,7,11,23,19,3,16],[3,23,7,11,15,19,16],[19,23,11,15,3,7,16],[15,3,23,19,7,11,16],[3,23,7,11,15,19,20,16],[7,3,15,23,11,19,16],[23,3,11,7,15,19,16],[19,3,15,11,7,23,20,16],[15,3,23,11,7,19,20,16],[3,15,7,19,11,23,20,16],[7,3,19,11,15,23,20,16],[3,15,19,23,11,7,16],[11,15,7,3,23,19,20,16],[11,7,23,3,15,19,20,16],[15,19,11,23,7,3,16],[7,11,15,19,23,3,20,16],[11,23,7,3,15,19,20,16],[19,3,15,11,7,23,20,16],[7,3,11,19,15,23,20,16],[3,15,11,19,7,23,16],[23,11,19,15,3,7,16],[23,11,7,19,3,15,16],[7,3,19,23,15,11,16],[15,7,23,19,3,11,20,16],[11,15,3,23,7,19,20,16],[15,23,3,7,11,19,16],[11,7,23,15,3,19,16],[19,3,23,7,11,15,20,16],[15,19,7,23,11,3,20,16],[19,23,11,15,7,3,20,16],[3,23,15,11,7,19,20,16],[7,19,23,15,3,11,16],[3,15,11,7,19,23,16],[19,23,11,3,15,7,16],[11,15,23,19,3,7,20,16],[7,19,11,23,3,15,20,16],[7,23,15,3,11,19,16],[19,15,7,23,3,11,20,16],[19,23,11,7,3,15,16],[7,19,11,23,3,15,16],[23,3,7,15,19,11,16],[19,15,7,3,11,23,16],[7,11,19,3,23,15,16],[7,15,19,11,3,23,16],[3,19,11,23,7,15,20,16],[3,7,19,15,11,23,16],[23,7,19,15,3,11,16],[7,15,3,11,19,23,16],[11,23,19,3,7,15,16],[3,23,19,7,11,15,16],[11,15,3,19,23,7,16],[7,3,23,15,11,19,16],[23,3,11,7,19,15,16],[19,23,15,7,3,11,20,16],[19,15,23,3,11,7,20,16],[19,15,11,7,3,23,16],[11,19,3,7,23,15,20,16],[7,19,11,3,15,23,20,16],[3,23,15,7,11,19,20,16],[19,11,7,23,3,15,16],[23,7,3,19,11,15,20,16],[11,3,15,7,19,23,20,16],[7,23,15,11,3,19,16],[11,23,7,19,15,3,16],[7,23,19,11,15,3,16],[23,11,3,19,15,7,20,16],[7,23,3,19,11,15,20,16],[23,11,19,15,3,7,16],[3,23,19,15,7,11,20,16],[15,19,7,23,3,11,16],[23,19,3,7,15,11,20,16],[3,7,15,11,19,23,16],[7,23,15,19,3,11,16],[19,23,15,11,7,3,20,16],[11,7,23,3,15,19,16],[3,15,7,23,11,19,20,16],[19,3,7,11,23,15,16],[7,11,23,19,15,3,20,16],[7,15,23,11,19,3,20,16],[19,11,23,15,7,3,20,16],[7,3,23,15,19,11,16],[11,7,19,23,3,15,20,16],[3,11,15,19,23,7,16],[3,23,15,11,7,19,20,16],[15,7,19,3,11,23,20,16],[11,3,7,19,23,15,20,16],[23,11,15,3,19,7,16],[15,11,3,23,19,7,16],[3,7,11,23,15,19,16],[19,23,15,11,7,3,20,16],[7,15,11,23,3,19,16],[3,11,23,15,7,19,16],[7,23,15,3,19,11,16],[11,23,7,3,19,15,20,16],[3,11,19,15,7,23,20,16],[3,7,11,15,19,23,20,16],[15,11,23,3,7,19,16],[15,11,7,3,19,23,16],[19,7,11,3,23,15,20,16],[15,7,11,3,23,19,16],[7,23,15,19,11,3,20,16],[15,11,7,19,23,3,16],[11,15,3,23,7,19,20,16],[23,11,7,15,3,19,20,16],[15,11,23,7,19,3,20,16],[11,3,23,19,15,7,16],[7,15,3,23,11,19,20,16],[23,7,3,15,19,11,20,16],[15,23,7,19,3,11,20,16],[23,3,7,19,11,15,20,16],[11,3,15,7,23,19,20,16],[23,11,7,15,19,3,20,16],[11,23,15,19,3,7,20,16],[23,7,11,3,15,19,20,16],[11,15,3,23,7,19,20,16],[19,3,7,11,23,15,16],[3,19,15,11,23,7,16],[19,15,7,3,11,23,16],[3,7,11,23,15,19,20,16],[23,11,19,15,3,7,20,16],[7,3,11,19,23,15,16],[7,11,3,15,23,19,20,16],[19,7,15,11,23,3,20,16],[3,15,11,19,7,23,20,16],[11,15,7,3,23,19,20,16],[11,15,7,19,23,3,16],[11,3,7,15,23,19,20,16],[7,15,11,23,19,3,20,16],[7,23,15,19,11,3,16],[7,19,23,3,11,15,16],[7,19,11,15,3,23,16],[7,19,15,11,23,3,20,16],[7,23,19,15,11,3,16],[15,11,19,3,7,23,16],[15,7,23,3,19,11,20,16],[19,3,11,7,23,15,16],[15,23,3,7,11,19,20,16],[7,19,3,15,11,23,20,16],[15,11,23,3,19,7,20,16],[3,7,23,19,11,15,20,16],[7,3,23,19,11,15,16],[7,11,15,23,3,19,16],[3,19,7,15,11,23,16],[23,15,11,3,19,7,16],[19,15,7,23,3,11,16],[23,11,19,3,7,15,16],[23,3,15,7,19,11,16],[7,19,11,23,3,15,16],[7,19,15,11,3,23,16],[23,19,3,15,7,11,20,16],[23,3,19,15,7,11,16],[7,11,23,3,19,15,16],[23,7,11,3,19,15,20,16],[15,3,23,19,7,11,16],[19,3,7,15,23,11,16],[19,7,3,15,11,23,20,16],[19,15,11,23,7,3,20,16],[3,11,19,23,7,15,16],[23,3,19,15,7,11,16],[15,23,11,3,19,7,16],[15,23,11,19,7,3,20,16],[11,15,19,3,23,7,20,16],[23,7,15,19,3,11,20,16],[11,7,23,3,19,15,20,16],[15,23,7,19,3,11,20,16],[15,19,11,23,7,3,20,16],[15,11,23,19,3,7,20,16],[15,3,11,23,7,19,16],[11,23,15,3,7,19,20,16],[15,23,3,19,11,7,20,16],[7,19,23,11,15,3,20,16],[7,11,19,15,23,3,16],[19,3,7,11,15,23,20,16],[19,23,11,3,15,7,16],[23,3,15,7,19,11,16],[7,15,11,3,23,19,20,16],[15,11,19,3,7,23,16],[19,3,11,15,7,23,20,16],[23,15,11,19,3,7,20,16],[15,3,7,19,23,11,20,16],[23,7,3,19,11,15,16],[19,23,7,3,11,15,20,16],[7,11,15,19,3,23,20,16],[19,7,11,15,23,3,16],[15,19,7,3,23,11,20,16],[23,7,3,11,15,19,16],[3,11,19,23,7,15,16],[3,11,19,23,7,15,20,16],[7,3,11,19,15,23,20,16],[7,23,19,15,3,11,20,16],[19,23,11,15,7,3,20,16],[15,11,19,3,7,23,16],[23,3,11,19,15,7,20,16],[19,11,3,23,15,7,16],[3,23,11,19,7,15,20,16],[15,23,3,19,7,11,20,16],[15,11,7,3,19,23,16],[7,15,3,23,19,11,20,16],[15,3,23,7,19,11,20,16],[19,3,11,7,23,15,16],[7,19,11,3,23,15,16],[19,15,11,23,7,3,20,16],[19,3,7,23,11,15,20,16],[15,7,11,3,23,19,16],[23,11,19,7,15,3,20,16],[23,3,15,7,11,19,16],[11,15,3,23,19,7,16],[15,3,11,19,7,23,20,16],[11,23,19,7,15,3,16],[19,3,11,7,15,23,16],[19,3,11,7,15,23,20,16],[19,15,11,3,7,23,16],[7,11,3,19,15,23,16],[11,23,15,7,3,19,16],[7,19,23,3,11,15,16],[11,3,23,15,19,7,20,16],[3,15,23,19,11,7,16],[3,23,15,11,19,7,20,16],[15,23,3,7,19,11,16],[3,19,23,7,11,15,16],[23,3,11,7,15,19,16],[11,15,7,3,19,23,20,16],[15,19,7,11,23,3,16],[23,11,3,7,15,19,20,16],[7,3,11,19,15,23,20,16],[15,23,11,3,7,19,20,16],[23,3,11,15,19,7,16],[7,11,15,3,23,19,20,16],[15,3,23,11,7,19,20,16],[15,7,23,19,3,11,20,16],[19,15,7,23,11,3,20,16],[15,3,7,23,19,11,16],[15,3,11,19,23,7,16],[3,19,11,23,15,7,20,16],[23,7,3,11,19,15,20,16],[11,3,19,15,7,23,16],[23,15,11,3,7,19,20,16],[15,19,11,7,3,23,20,16],[23,3,11,15,7,19,16],[7,15,11,3,19,23,16],[7,3,19,23,11,15,20,16],[15,3,11,7,23,19,20,16],[11,23,19,15,3,7,16],[19,11,23,7,15,3,16],[15,19,11,3,7,23,20,16],[15,3,11,19,23,7,16],[19,3,15,23,11,7,16],[15,23,19,3,7,11,16],[11,3,19,23,7,15,20,16],[19,7,15,11,3,23,20,16],[3,15,11,19,7,23,16],[3,15,7,23,11,19,20,16],[23,19,3,15,7,11,16],[3,19,15,7,23,11,20,16],[15,3,19,23,7,11,16],[19,23,7,15,11,3,20,16],[3,23,15,7,19,11,16],[15,7,23,19,11,3,20,16],[3,7,11,15,19,23,20,16],[11,23,7,19,3,15,20,16],[7,3,15,11,19,23,20,16],[15,11,3,19,7,23,20,16],[19,11,3,7,15,23,20,16],[11,7,23,19,15,3,20,16],[15,23,3,19,7,11,16],[23,15,7,19,3,11,16],[11,3,15,7,19,23,16],[11,7,3,19,15,23,20,16],[15,7,19,3,23,11,20,16],[23,19,3,11,7,15,20,16],[23,19,11,3,7,15,20,16],[15,23,19,11,7,3,16],[3,23,7,15,11,19,20,16],[15,3,7,23,11,19,16],[3,23,19,7,11,15,20,16],[15,7,11,23,19,3,20,16],[11,7,15,23,19,3,20,16],[11,19,15,23,7,3,20,16],[23,3,19,7,15,11,16],[19,11,15,23,7,3,16],[11,23,3,15,7,19,20,16],[23,11,7,15,3,19,20,16],[3,11,15,23,7,19,20,16],[11,23,19,15,7,3,16],[11,19,23,7,3,15,16],[19,3,15,23,7,11,20,16],[19,23,7,3,15,11,16],[3,19,11,7,15,23,20,16],[11,23,19,3,7,15,20,16],[11,19,23,3,7,15,20,16],[11,19,7,23,3,15,16],[15,7,23,19,3,11,20,16],[7,23,11,15,19,3,16],[7,23,3,11,19,15,16],[19,3,15,11,23,7,20,16],[3,11,19,15,23,7,16],[7,3,23,11,19,15,16],[19,3,7,23,11,15,16],[23,19,3,15,11,7,16],[3,15,11,7,23,19,16],[23,3,15,11,19,7,20,16],[23,15,7,19,11,3,16],[7,11,3,15,23,19,16],[11,19,23,15,3,7,20,16],[19,11,3,15,23,7,16],[15,19,3,7,11,23,16],[11,7,23,19,15,3,16],[15,11,7,23,19,3,20,16],[15,11,7,3,19,23,20,16],[15,19,3,23,7,11,20,16],[11,23,7,19,15,3,20,16],[3,15,7,19,11,23,20,16],[11,7,23,19,3,15,16],[3,11,15,23,7,19,20,16],[15,19,3,23,11,7,20,16],[11,15,7,19,23,3,16],[19,7,11,23,15,3,20,16],[23,3,7,11,19,15,20,16],[3,15,7,19,23,11,16],[23,7,3,19,11,15,20,16],[19,7,3,23,11,15,20,16],[19,15,23,7,11,3,20,16],[19,7,23,3,15,11,16],[19,3,23,15,7,11,16],[19,11,7,23,15,3,20,16],[19,15,11,3,7,23,20,16],[11,3,7,19,15,23,20,16],[15,3,11,19,23,7,20,16],[19,3,15,7,23,11,20,16],[7,19,3,11,23,15,16],[7,19,11,3,23,15,20,16],[19,3,7,23,15,11,16],[23,7,3,19,15,11,16],[3,11,15,7,19,23,20,16],[19,11,7,23,15,3,20,16],[7,23,19,15,3,11,16],[19,3,23,7,15,11,16],[11,3,23,19,7,15,20,16],[3,23,11,7,19,15,16],[11,3,15,19,23,7,20,16],[23,19,7,11,3,15,20,16],[3,11,15,23,7,19,20,16],[23,3,11,7,15,19,16],[11,15,19,3,23,7,20,16],[19,23,3,11,15,7,16],[7,11,19,15,23,3,20,16],[7,3,15,19,23,11,16],[19,15,11,23,7,3,20,16],[15,7,11,3,23,19,16],[19,7,15,3,23,11,16],[11,23,19,15,3,7,20,16],[23,19,3,11,7,15,16],[11,3,7,19,15,23,20,16],[11,23,3,7,19,15,20,16],[15,11,3,7,19,23,20,16],[3,11,7,23,19,15,16],[7,19,3,23,15,11,16],[7,15,23,11,19,3,20,16],[3,19,15,7,11,23,16],[7,3,23,15,19,11,20,16],[7,23,11,15,19,3,20,16],[23,7,19,3,11,15,20,16],[3,19,11,23,15,7,16],[11,19,7,3,15,23,20,16],[19,7,11,15,23,3,16],[23,7,19,3,15,11,20,16],[19,3,11,7,23,15,16],[15,11,19,23,3,7,16],[11,19,7,15,3,23,16],[3,19,23,7,15,11,16],[3,19,15,11,23,7,16],[23,19,3,11,15,7,16],[19,7,11,15,3,23,16],[23,3,7,19,15,11,16],[3,11,15,23,19,7,16],[7,15,11,19,3,23,20,16],[7,3,19,23,15,11,16],[15,23,19,7,11,3,16],[3,7,15,11,19,23,16],[11,3,19,23,7,15,20,16],[7,19,23,11,15,3,16],[11,19,3,15,7,23,16],[3,11,15,23,19,7,16],[7,3,23,11,19,15,20,16],[11,7,23,19,15,3,20,16],[11,7,23,15,3,19,16],[11,7,15,3,19,23,16],[15,3,19,11,7,23,16],[23,15,11,3,19,7,20,16],[7,11,23,19,15,3,20,16],[7,11,15,19,23,3,16],[11,3,23,7,19,15,20,16],[15,23,7,19,3,11,20,16],[15,23,11,19,7,3,20,16],[19,3,7,23,15,11,16],[15,3,19,23,7,11,16],[3,19,23,11,15,7,20,16],[19,3,15,23,7,11,20,16],[11,19,7,3,23,15,16],[7,11,19,23,3,15,20,16],[15,23,11,7,19,3,16],[3,7,15,19,11,23,16],[15,7,11,23,19,3,20,16],[3,15,11,19,7,23,16],[3,11,15,23,7,19,20,16],[11,19,15,7,23,3,16],[3,19,7,15,23,11,16],[15,3,11,19,23,7,16],[3,23,11,19,7,15,16],[3,15,11,7,19,23,20,16],[23,19,11,15,3,7,20,16],[23,7,11,3,19,15,16],[11,19,23,15,3,7,20,16],[19,23,11,3,7,15,20,16],[15,11,7,23,3,19,20,16],[23,19,7,3,15,11,20,16],[23,15,7,19,11,3,20,16],[15,19,7,11,23,3,16],[3,11,23,15,19,7,16],[15,3,23,7,11,19,20,16],[23,3,7,19,11,15,16],[15,19,7,3,23,11,20,16],[11,23,3,19,7,15,20,16],[23,11,15,3,7,19,16],[15,23,11,19,7,3,16],[15,23,19,11,7,3,20,16],[7,23,3,15,11,19,16],[7,19,15,3,23,11,16],[15,7,11,3,23,19,20,16],[15,19,11,23,3,7,20,16],[7,11,3,19,15,23,20,16],[15,3,7,11,19,23,20,16],[3,23,19,15,7,11,20,16],[3,11,15,7,23,19,16],[23,15,7,19,3,11,16],[11,15,23,3,19,7,16],[11,3,23,7,19,15,16],[11,3,19,7,15,23,20,16],[15,19,23,3,7,11,16],[3,11,15,23,7,19,16],[23,15,7,19,11,3,20,16],[7,23,3,19,15,11,20,16],[23,7,15,19,11,3,20,16],[15,11,23,7,3,19,20,16],[19,15,11,23,7,3,20,16],[19,3,11,7,23,15,16],[15,19,3,23,11,7,16],[11,15,7,23,3,19,16],[19,15,11,23,3,7,16],[3,23,19,11,15,7,20,16],[3,11,23,7,19,15,20,16],[11,19,7,3,15,23,20,16],[7,11,3,19,15,23,20,16],[3,7,23,11,19,15,20,16],[15,11,3,19,23,7,20,16],[11,15,23,3,7,19,20,16],[7,15,23,19,11,3,20,16],[23,7,15,3,11,19,16],[7,15,23,19,3,11,16],[3,11,15,19,7,23,16],[7,23,3,15,11,19,16],[3,19,23,11,7,15,16],[19,23,7,3,15,11,16],[23,19,11,7,3,15,20,16],[19,11,23,3,15,7,20,16],[7,15,3,19,11,23,16],[19,23,3,11,15,7,16],[3,23,7,19,11,15,16],[19,3,7,23,11,15,16],[7,23,3,15,19,11,20,16],[19,11,7,23,15,3,20,16],[7,3,23,15,19,11,16],[7,11,19,15,23,3,20,16],[23,15,11,3,7,19,20,16],[23,11,19,3,7,15,16],[15,11,19,7,3,23,16],[23,15,19,3,11,7,16],[11,7,15,3,23,19,16],[19,3,15,7,11,23,20,16],[23,11,19,3,7,15,16],[3,11,23,15,7,19,16],[3,23,7,19,15,11,16],[19,23,11,3,15,7,16],[23,15,3,19,11,7,20,16],[19,3,11,23,15,7,16],[19,15,11,7,23,3,20,16],[7,3,11,15,23,19,20,16],[19,23,3,7,15,11,20,16],[15,11,7,3,23,19,16],[15,3,11,19,23,7,20,16],[19,15,7,3,11,23,20,16],[23,3,11,15,7,19,16],[11,19,23,3,15,7,16],[7,23,15,3,11,19,16],[19,15,7,23,3,11,20,16],[11,23,19,3,7,15,16],[15,11,7,3,23,19,16],[7,23,3,19,15,11,16],[3,23,11,19,15,7,16],[15,23,11,7,19,3,20,16],[11,3,19,15,7,23,16],[7,3,23,11,15,19,20,16],[15,23,11,3,19,7,20,16],[3,11,23,19,7,15,16],[11,15,23,3,19,7,20,16],[19,15,23,11,7,3,20,16],[3,15,7,23,19,11,20,16],[11,3,23,19,7,15,20,16],[19,23,7,3,15,11,20,16],[19,23,15,7,11,3,16],[15,11,19,23,3,7,20,16],[7,23,11,15,19,3,20,16],[7,11,23,15,3,19,20,16],[11,3,7,23,19,15,16],[23,19,11,7,15,3,20,16],[3,11,19,23,7,15,20,16],[15,3,23,19,7,11,20,16],[15,19,7,23,3,11,16],[3,23,11,15,7,19,20,16],[11,19,7,23,15,3,20,16],[19,11,3,7,23,15,20,16],[15,23,11,19,7,3,16],[11,7,19,15,23,3,20,16],[15,19,23,7,11,3,16],[15,3,7,19,11,23,16],[23,19,3,11,15,7,16],[11,7,23,19,3,15,16],[15,7,3,11,19,23,16],[7,3,15,11,19,23,16],[11,3,23,15,7,19,20,16],[3,23,11,15,7,19,16],[3,11,19,23,15,7,20,16],[11,15,3,7,19,23,20,16],[23,15,11,19,7,3,16],[11,7,19,15,3,23,20,16],[15,7,3,23,19,11,16],[3,15,11,23,19,7,20,16],[19,7,23,15,11,3,20,16],[11,15,7,3,23,19,20,16],[19,23,11,7,3,15,20,16],[23,19,7,15,11,3,20,16],[19,11,23,3,7,15,20,16],[7,11,3,15,23,19,20,16],[15,23,3,7,19,11,16],[11,7,15,19,3,23,16],[3,23,11,19,15,7,20,16],[23,3,11,15,19,7,20,16],[3,19,15,23,11,7,20,16],[19,23,3,15,11,7,16],[15,23,7,19,3,11,20,16],[19,3,23,7,15,11,20,16],[3,7,19,15,11,23,16],[23,19,3,15,11,7,20,16],[11,15,3,7,23,19,20,16],[11,7,3,19,23,15,20,16],[7,23,15,3,11,19,16],[3,15,23,19,7,11,20,16],[3,11,7,19,15,23,16],[15,3,7,23,19,11,16],[19,15,3,11,7,23,20,16],[3,11,23,15,7,19,16],[11,7,3,15,19,23,16],[19,15,23,11,3,7,20,16],[11,19,7,15,23,3,16],[19,3,7,23,15,11,20,16],[11,19,3,7,23,15,20,16],[3,11,15,23,7,19,16],[7,3,15,11,19,23,20,16],[7,15,3,23,11,19,20,16],[7,11,15,3,23,19,16],[19,23,7,11,15,3,16],[15,7,11,23,19,3,16],[23,19,7,3,15,11,16],[11,23,3,15,19,7,20,16],[19,11,15,23,7,3,16],[23,11,19,7,15,3,16],[23,7,19,3,15,11,20,16],[23,3,15,19,11,7,16],[11,15,19,3,7,23,16],[3,7,19,11,15,23,16],[15,11,3,7,19,23,16],[23,7,19,15,11,3,16],[15,3,11,19,7,23,20,16],[11,19,3,15,23,7,16],[11,7,3,19,23,15,20,16],[3,11,7,19,23,15,20,16],[19,3,11,15,23,7,16],[7,23,3,19,11,15,20,16],[15,19,3,7,11,23,16],[19,15,23,3,11,7,20,16],[7,11,19,15,3,23,16],[23,3,11,15,7,19,16],[3,11,19,23,15,7,20,16],[11,19,3,23,15,7,20,16],[15,3,23,11,19,7,16],[19,7,23,11,3,15,20,16],[3,11,15,7,19,23,16],[23,11,19,3,7,15,16],[15,7,11,3,23,19,20,16],[15,11,23,19,3,7,16],[7,11,3,19,15,23,20,16],[19,15,23,7,3,11,16],[19,23,15,3,7,11,20,16],[15,7,23,3,11,19,16],[3,15,7,23,19,11,16],[23,15,11,3,7,19,20,16],[23,11,7,19,15,3,20,16],[15,3,7,19,23,11,20,16],[15,11,23,19,3,7,16],[7,15,11,23,3,19,16],[3,23,7,15,11,19,20,16],[3,11,15,23,19,7,20,16],[3,23,7,15,19,11,20,16],[11,7,19,3,23,15,20,16],[15,23,19,11,3,7,20,16],[19,7,15,23,11,3,16],[3,23,15,19,11,7,16],[7,3,23,11,19,15,16],[3,11,7,15,23,19,16],[11,7,15,23,3,19,16],[19,7,15,23,3,11,20,16],[19,3,11,15,7,23,16],[11,15,23,3,7,19,16],[15,19,23,7,3,11,20,16],[7,11,3,15,23,19,16],[3,15,23,11,19,7,16],[3,7,23,11,19,15,20,16],[3,19,15,7,11,23,20,16],[3,23,7,11,19,15,16],[3,15,7,11,19,23,20,16],[15,7,11,3,19,23,20,16],[11,15,19,3,23,7,20,16],[19,23,11,15,7,3,16],[19,11,23,7,3,15,16],[19,7,11,15,23,3,16],[19,15,11,3,7,23,16],[3,15,19,7,11,23,16],[3,23,15,7,11,19,16],[7,15,23,3,19,11,20,16],[23,15,3,11,7,19,20,16],[3,7,15,23,19,11,20,16],[19,7,23,15,3,11,16],[11,3,23,7,19,15,20,16],[23,15,3,19,11,7,16],[11,15,23,19,7,3,20,16],[23,7,19,11,15,3,20,16],[19,23,3,15,11,7,20,16],[3,23,15,11,19,7,16],[3,23,15,11,7,19,20,16],[3,7,23,19,15,11,20,16],[11,7,3,23,19,15,20,16],[11,3,15,23,19,7,16],[23,11,3,7,15,19,16],[23,19,3,11,15,7,20,16],[7,19,23,11,3,15,20,16],[11,3,7,19,23,15,20,16],[19,7,3,15,23,11,20,16],[15,7,19,3,11,23,16],[19,7,11,23,3,15,20,16],[7,11,19,23,15,3,16],[23,11,19,15,7,3,20,16],[7,3,11,15,19,23,20,16],[3,7,19,23,15,11,16],[11,3,19,23,7,15,20,16],[3,19,11,23,15,7,20,16],[7,15,3,19,23,11,20,16],[15,11,19,3,23,7,16],[15,7,3,23,11,19,20,16],[19,23,11,15,7,3,16],[7,15,3,19,11,23,16],[23,3,7,15,19,11,16],[15,11,3,19,7,23,20,16],[23,15,3,11,19,7,20,16],[23,7,3,19,11,15,16],[19,15,23,3,7,11,16],[11,3,19,23,15,7,20,16],[23,11,15,7,19,3,16],[23,7,15,11,3,19,16],[7,23,15,3,19,11,20,16],[11,23,7,15,3,19,16],[11,19,3,23,7,15,20,16],[15,7,23,3,11,19,16],[15,23,19,7,3,11,16],[23,15,7,19,11,3,20,16],[19,23,15,3,11,7,20,16],[19,7,15,3,23,11,16],[23,7,15,11,3,19,20,16],[7,19,15,23,3,11,16],[15,11,19,7,3,23,16],[15,23,11,19,3,7,16],[23,7,11,19,15,3,20,16],[7,23,19,11,3,15,20,16],[15,7,19,23,3,11,20,16],[7,23,19,11,15,3,20,16],[19,11,3,23,15,7,16],[15,3,19,23,11,7,20,16],[19,15,3,11,7,23,20,16],[11,7,3,15,19,23,20,16],[15,7,3,23,19,11,20,16],[23,19,11,15,7,3,16],[15,19,11,23,3,7,16],[7,23,15,11,19,3,20,16],[15,23,3,11,19,7,20,16],[7,23,3,19,11,15,16],[7,15,11,19,23,3,16],[23,11,7,15,19,3,16],[15,11,3,23,19,7,16],[19,15,11,23,7,3,16],[7,3,11,19,15,23,16],[19,23,7,15,11,3,20,16],[15,11,3,7,19,23,16],[15,11,23,19,7,3,20,16],[7,19,23,3,15,11,16],[11,23,15,7,3,19,20,16],[3,23,7,11,19,15,16],[19,3,15,23,7,11,20,16],[15,19,11,7,3,23,20,16],[3,23,11,7,15,19,16],[15,11,23,7,19,3,16],[11,7,19,15,23,3,20,16],[3,23,11,15,19,7,20,16],[7,3,15,19,11,23,20,16],[11,19,23,15,3,7,16],[23,7,3,11,15,19,16],[15,7,3,11,19,23,20,16],[11,3,15,23,7,19,16],[15,7,23,3,19,11,16],[3,23,7,15,19,11,16],[3,19,15,7,11,23,16],[15,19,7,23,11,3,16],[11,23,7,3,15,19,16],[23,7,19,3,15,11,16],[3,11,15,19,23,7,16],[23,19,11,15,3,7,16],[19,23,3,11,15,7,20,16],[15,19,11,3,7,23,16],[7,15,23,11,3,19,16],[23,11,7,15,3,19,20,16],[19,3,7,23,15,11,20,16],[7,3,19,15,11,23,16],[7,3,15,19,23,11,16],[19,15,23,3,7,11,16],[3,15,11,23,19,7,16],[3,19,23,11,15,7,16],[23,11,15,19,7,3,20,16],[7,15,11,3,23,19,20,16],[23,3,15,11,7,19,16],[19,11,3,23,7,15,16],[15,11,3,7,19,23,16],[23,15,11,3,7,19,20,16],[7,19,23,3,15,11,16],[11,7,23,15,3,19,20,16],[15,3,7,19,23,11,16],[23,7,15,3,11,19,16],[3,19,11,23,15,7,16],[15,7,23,3,11,19,20,16],[15,19,7,11,23,3,20,16],[23,3,15,11,7,19,16],[15,19,11,3,7,23,16],[19,15,7,11,3,23,20,16],[23,3,11,19,15,7,16],[7,11,15,3,23,19,20,16],[3,7,23,11,15,19,20,16],[3,11,19,15,23,7,16],[23,11,15,3,7,19,16],[3,15,11,23,7,19,16],[23,19,3,15,7,11,16],[3,11,23,7,15,19,16],[11,3,7,19,15,23,16],[19,23,7,3,11,15,16],[15,7,23,11,3,19,16],[7,15,19,23,11,3,20,16],[11,3,15,23,7,19,20,16],[11,15,23,3,19,7,20,16],[23,7,3,11,15,19,16],[11,15,19,7,3,23,20,16],[19,15,3,11,7,23,16],[19,3,11,7,23,15,16],[15,3,23,11,7,19,20,16],[15,23,3,11,7,19,20,16],[7,11,15,19,23,3,20,16],[3,11,15,19,23,7,20,16],[11,7,15,19,3,23,16],[23,19,15,3,7,11,16],[11,19,23,15,3,7,16],[19,7,11,15,23,3,20,16],[11,19,23,3,15,7,20,16],[11,23,15,19,3,7,20,16],[3,7,11,19,23,15,20,16],[11,7,23,19,3,15,16],[3,19,7,11,15,23,20,16],[3,23,7,19,15,11,16],[15,23,19,7,11,3,16],[7,11,15,19,3,23,16],[23,3,7,19,11,15,20,16],[19,11,3,23,7,15,16],[3,19,11,23,7,15,16],[3,15,23,11,7,19,20,16],[15,7,3,23,11,19,16],[11,3,15,23,7,19,16],[19,15,7,23,11,3,20,16],[15,23,19,3,11,7,16],[15,19,11,3,23,7,20,16],[19,15,11,3,7,23,16],[23,19,3,15,11,7,20,16],[19,15,11,3,7,23,16],[19,3,15,23,11,7,20,16],[11,3,19,7,15,23,20,16],[19,23,15,7,11,3,16],[15,19,11,23,3,7,16],[23,15,7,11,19,3,20,16],[23,11,15,19,3,7,20,16],[7,19,3,15,23,11,20,16],[23,11,7,19,15,3,20,16],[15,7,3,19,11,23,16],[7,19,15,3,11,23,20,16],[3,7,11,15,19,23,16],[23,15,19,11,3,7,20,16],[23,11,7,15,3,19,20,16],[11,23,19,7,3,15,20,16],[19,23,3,15,7,11,16],[23,19,11,7,3,15,16],[3,11,15,7,23,19,20,16],[15,11,7,3,23,19,20,16],[15,19,23,11,3,7,20,16]],"n_human":8}