{"problem_id":"2GSatQHTi0R5ksu","sigma":150,"alpha":1.000,"cost":2,"probabilities":"[0.2899999999999999, 0.51, 0.07, 0.13]","payoff_matrix":"[[49, -127, -148, 40, 59, -165], [58, -157, -55, 6, 200, -119], [149, -30, 89, 101, -206, -18], [186, -165, -91, -150, 8, -65]]","uncovered":[[2,6,22,10,14,18,17],[6,18,14,22,10,2,17],[22,18,2,6,10,14,1,17],[10,6,18,22,2,14,17],[6,14,2,22,10,18,1,17],[10,6,2,22,14,18,1,17],[18,6,2,14,22,10,1,17],[22,6,10,2,18,14,1,17],[10,6,18,22,14,2,17],[2,22,6,14,18,10,17],[18,22,6,10,14,2,17],[6,2,18,10,14,22,1,17],[18,14,22,6,10,2,1,17],[14,10,22,6,2,18,17],[14,22,6,18,10,2,17],[22,2,10,6,14,18,1,17],[18,14,22,10,2,6,17],[10,18,22,6,2,14,1,17],[18,22,10,2,14,6,17],[2,18,6,22,10,14,1,17],[6,22,2,18,10,14,1,17],[22,10,6,14,2,18,1,17],[2,6,10,22,14,18,1,17],[10,6,22,2,18,14,17],[18,2,6,22,14,10,1,17],[2,10,14,22,6,18,1,17],[22,10,2,14,18,6,17],[14,6,10,22,2,18,17],[6,10,2,14,18,22,17],[2,10,14,18,6,22,1,17],[2,14,6,18,22,10,17],[10,22,6,2,14,18,17],[22,18,2,6,14,10,1,17],[14,2,22,18,6,10,17],[14,6,2,18,10,22,1,17],[14,6,18,22,10,2,1,17],[14,18,10,2,6,22,17],[10,6,22,2,18,14,17],[18,2,6,10,14,22,1,17],[18,10,22,2,14,6,17],[18,14,6,2,22,10,1,17],[22,2,18,10,14,6,17],[18,10,6,14,22,2,1,17],[14,2,22,6,18,10,1,17],[6,2,22,14,18,10,17],[6,18,14,22,10,2,1,17],[18,2,10,14,6,22,1,17],[14,6,10,22,2,18,1,17],[6,18,10,22,14,2,17],[10,14,6,18,2,22,17],[18,2,22,10,14,6,17],[10,6,18,22,2,14,17],[10,2,6,14,22,18,17],[18,2,14,22,6,10,17],[18,14,10,22,2,6,1,17],[14,18,22,2,6,10,1,17],[18,6,22,2,14,10,17],[10,18,14,22,6,2,17],[14,2,10,18,6,22,17],[10,14,22,18,2,6,17],[22,6,18,10,2,14,17],[18,22,14,10,2,6,17],[14,10,22,2,18,6,1,17],[18,6,22,2,10,14,17],[18,14,2,22,10,6,1,17],[10,18,22,14,2,6,1,17],[22,10,2,6,18,14,17],[18,10,2,6,22,14,17],[6,18,10,22,2,14,1,17],[22,6,2,10,18,14,1,17],[22,10,2,18,6,14,17],[2,14,18,10,22,6,17],[6,18,10,14,22,2,1,17],[22,14,18,6,10,2,1,17],[14,18,10,22,6,2,17],[2,6,10,18,22,14,1,17],[10,14,2,6,22,18,17],[22,2,18,10,6,14,17],[14,6,22,10,18,2,1,17],[2,18,6,22,14,10,17],[22,14,6,10,18,2,17],[10,22,6,2,18,14,1,17],[22,6,2,10,14,18,1,17],[18,6,2,22,14,10,1,17],[14,2,10,18,6,22,17],[2,10,14,18,6,22,17],[18,22,14,6,2,10,17],[22,14,6,18,10,2,1,17],[10,18,2,22,14,6,17],[14,2,10,22,6,18,17],[18,22,2,10,14,6,17],[22,10,2,14,6,18,17],[2,6,22,14,10,18,17],[18,2,22,10,14,6,1,17],[2,18,22,10,6,14,17],[10,2,14,18,22,6,17],[10,22,6,18,14,2,17],[18,22,10,6,14,2,1,17],[14,6,22,10,18,2,17],[18,22,10,6,2,14,1,17],[18,14,22,2,6,10,1,17],[6,2,18,22,14,10,17],[18,2,22,6,10,14,1,17],[18,10,22,6,14,2,17],[14,2,22,6,10,18,1,17],[22,10,18,14,6,2,17],[22,10,6,14,18,2,17],[22,2,18,10,14,6,17],[6,18,10,2,22,14,1,17],[18,14,2,10,22,6,17],[22,2,18,6,14,10,17],[2,14,6,18,10,22,1,17],[18,6,14,2,10,22,1,17],[18,14,2,22,10,6,1,17],[2,18,22,6,14,10,17],[14,18,22,2,10,6,1,17],[2,10,18,22,6,14,1,17],[14,10,22,18,2,6,17],[10,2,14,6,18,22,1,17],[10,14,22,18,2,6,17],[22,2,14,18,6,10,1,17],[14,6,10,22,18,2,1,17],[14,10,6,18,2,22,1,17],[18,6,22,14,10,2,17],[22,14,18,2,10,6,17],[6,14,10,22,18,2,17],[6,22,2,10,14,18,17],[6,10,14,18,2,22,17],[10,6,22,14,2,18,17],[6,18,14,22,10,2,1,17],[6,22,10,2,18,14,1,17],[14,10,18,2,6,22,1,17],[10,6,18,2,14,22,17],[10,6,14,2,22,18,1,17],[14,10,6,22,2,18,1,17],[2,22,14,10,6,18,1,17],[14,2,18,10,22,6,17],[10,6,14,2,18,22,1,17],[2,18,22,14,6,10,1,17],[2,6,18,22,10,14,17],[14,6,10,18,22,2,1,17],[10,22,18,6,14,2,1,17],[10,18,6,14,2,22,17],[18,14,22,10,2,6,17],[6,10,2,18,22,14,17],[6,2,22,18,10,14,1,17],[18,2,10,6,22,14,17],[6,2,18,14,22,10,1,17],[18,14,22,2,6,10,1,17],[6,10,18,22,2,14,1,17],[2,14,6,10,22,18,17],[2,10,14,22,6,18,17],[10,22,2,18,6,14,17],[10,14,2,22,6,18,1,17],[2,18,10,14,6,22,17],[22,14,2,18,6,10,1,17],[6,18,22,14,2,10,17],[2,10,6,22,14,18,1,17],[2,6,22,18,10,14,17],[6,18,2,14,10,22,1,17],[18,6,2,22,14,10,17],[10,6,2,22,18,14,17],[22,2,10,14,6,18,17],[6,18,22,2,14,10,1,17],[2,6,10,14,18,22,17],[10,2,14,6,18,22,1,17],[22,10,2,14,6,18,1,17],[10,18,2,6,14,22,1,17],[18,22,14,2,10,6,17],[18,10,22,14,6,2,1,17],[2,22,10,6,18,14,17],[2,10,14,6,18,22,1,17],[2,18,10,6,22,14,17],[2,10,14,22,18,6,17],[18,6,14,22,10,2,17],[2,22,18,10,6,14,1,17],[2,10,14,18,6,22,1,17],[22,14,2,10,6,18,1,17],[18,6,22,2,10,14,1,17],[14,6,18,22,2,10,17],[6,2,22,18,14,10,1,17],[10,2,22,18,6,14,1,17],[18,10,22,2,6,14,17],[18,22,2,10,6,14,1,17],[2,18,14,22,6,10,1,17],[2,14,6,22,10,18,17],[6,22,18,14,10,2,17],[18,6,14,2,10,22,17],[6,14,22,18,2,10,17],[6,14,18,2,22,10,17],[2,18,22,10,6,14,17],[6,18,14,2,22,10,1,17],[14,18,2,6,22,10,1,17],[18,6,10,2,22,14,17],[18,6,22,10,14,2,17],[6,10,14,2,18,22,1,17],[18,2,6,14,22,10,1,17],[2,18,6,10,14,22,1,17],[14,10,6,2,22,18,17],[6,18,14,10,2,22,1,17],[10,6,22,2,14,18,1,17],[18,22,2,10,14,6,17],[22,10,18,2,14,6,17],[18,2,10,22,14,6,1,17],[18,22,14,2,10,6,17],[10,22,2,14,18,6,1,17],[22,6,14,18,2,10,1,17],[6,10,22,18,2,14,1,17],[22,18,10,6,2,14,17],[6,18,10,14,2,22,1,17],[14,2,10,18,6,22,1,17],[14,18,22,2,10,6,17],[14,6,2,18,22,10,17],[22,14,6,18,2,10,1,17],[6,22,18,10,14,2,1,17],[14,6,18,2,10,22,17],[18,2,6,10,14,22,17],[6,14,22,2,10,18,17],[10,2,14,22,18,6,17],[6,14,22,2,18,10,17],[18,6,22,14,2,10,1,17],[2,18,6,22,14,10,1,17],[22,14,10,2,6,18,1,17],[2,6,10,22,18,14,17],[10,6,18,22,2,14,17],[18,2,10,22,6,14,1,17],[6,14,18,2,22,10,17],[18,14,22,10,6,2,1,17],[6,2,14,10,22,18,17],[10,14,18,22,6,2,17],[22,14,6,18,10,2,1,17],[2,22,6,14,10,18,1,17],[6,10,18,22,14,2,1,17],[14,10,2,18,6,22,1,17],[18,22,10,14,2,6,1,17],[10,22,18,14,6,2,1,17],[18,14,22,2,10,6,17],[10,2,18,22,6,14,1,17],[2,6,22,10,18,14,1,17],[22,6,14,18,10,2,1,17],[10,18,2,22,14,6,17],[10,6,2,18,22,14,17],[2,22,18,10,6,14,1,17],[14,18,22,10,2,6,17],[6,14,2,10,18,22,1,17],[14,18,6,10,2,22,17],[6,22,18,10,14,2,1,17],[10,18,6,2,14,22,17],[6,18,10,2,14,22,1,17],[10,2,14,6,22,18,1,17],[2,22,10,14,6,18,1,17],[18,6,10,14,22,2,17],[22,6,2,14,10,18,17],[10,2,14,6,22,18,17],[10,6,22,2,14,18,17],[22,18,10,14,6,2,17],[2,14,22,10,18,6,17],[18,6,22,10,14,2,1,17],[10,18,6,14,22,2,17],[6,18,2,10,22,14,17],[14,10,2,18,22,6,1,17],[18,10,6,14,22,2,17],[18,6,22,14,2,10,1,17],[18,10,6,22,2,14,1,17],[14,6,18,2,22,10,17],[18,10,22,14,6,2,17],[10,2,22,6,14,18,1,17],[6,10,14,2,18,22,1,17],[14,10,2,18,6,22,1,17],[14,6,18,22,2,10,17],[14,22,2,18,10,6,17],[6,14,22,2,10,18,17],[14,2,10,6,22,18,17],[18,10,6,22,14,2,17],[18,10,22,14,2,6,1,17],[18,22,2,6,10,14,17],[2,10,18,6,14,22,17],[22,18,10,14,6,2,17],[18,14,10,22,2,6,1,17],[18,14,2,10,6,22,17],[10,14,2,18,22,6,1,17],[14,18,2,22,10,6,1,17],[2,14,6,10,18,22,17],[2,10,18,22,6,14,1,17],[14,18,6,2,22,10,17],[2,14,6,10,18,22,1,17],[10,2,6,14,18,22,1,17],[18,14,6,2,22,10,17],[2,10,6,14,18,22,17],[14,10,18,2,6,22,1,17],[6,22,10,18,2,14,17],[22,14,18,6,2,10,1,17],[10,18,2,14,6,22,17],[2,22,18,14,6,10,1,17],[2,10,18,14,22,6,1,17],[14,10,22,6,2,18,17],[18,6,2,10,14,22,17],[2,14,22,18,10,6,17],[2,14,22,18,6,10,1,17],[18,22,6,2,14,10,1,17],[18,10,2,14,6,22,17],[10,18,6,2,22,14,17],[10,22,18,14,6,2,17],[22,18,10,6,14,2,17],[10,22,18,2,6,14,17],[22,10,2,18,14,6,17],[18,22,14,2,6,10,1,17],[6,10,14,22,2,18,17],[6,2,10,14,22,18,17],[6,10,18,14,22,2,1,17],[14,6,18,22,2,10,1,17],[2,14,22,18,10,6,1,17],[22,14,18,6,2,10,17],[18,10,2,22,6,14,1,17],[2,6,18,22,14,10,17],[18,10,6,22,2,14,1,17],[14,6,22,2,10,18,17],[18,2,14,10,6,22,1,17],[22,2,18,14,10,6,1,17],[22,14,6,10,18,2,17],[14,22,18,6,2,10,17],[6,22,10,14,2,18,17],[18,2,6,10,14,22,1,17],[10,14,18,22,6,2,1,17],[2,18,14,10,22,6,17],[22,6,14,18,10,2,17],[14,22,6,18,10,2,17],[18,10,22,6,14,2,17],[18,10,2,22,14,6,1,17],[2,22,10,18,14,6,17],[22,14,2,10,6,18,1,17],[22,18,2,14,6,10,17],[18,22,10,6,2,14,1,17],[10,6,22,2,14,18,17],[22,14,10,6,2,18,1,17],[6,18,14,10,22,2,17],[22,10,14,2,18,6,17],[6,10,18,2,22,14,17],[2,10,18,22,14,6,17],[10,22,6,2,14,18,17],[6,18,10,14,22,2,1,17],[6,18,22,14,2,10,17],[22,6,10,18,2,14,17],[18,2,6,10,14,22,1,17],[14,10,22,2,6,18,1,17],[2,14,22,10,6,18,17],[14,6,2,10,22,18,1,17],[22,18,10,6,14,2,17],[18,22,14,2,10,6,1,17],[22,6,18,2,10,14,1,17],[22,2,6,10,18,14,17],[10,14,18,22,6,2,1,17],[18,6,10,22,2,14,1,17],[22,2,14,6,10,18,17],[6,22,14,10,18,2,1,17],[22,10,2,14,6,18,1,17],[22,14,10,2,6,18,17],[18,14,10,6,2,22,17],[14,18,10,22,2,6,17],[22,18,14,2,10,6,17],[14,22,2,10,18,6,17],[2,10,22,14,6,18,17],[18,6,14,10,2,22,17],[2,10,6,14,18,22,17],[6,14,10,2,18,22,1,17],[22,18,6,2,10,14,17],[2,22,10,6,14,18,17],[22,6,18,14,10,2,17],[22,6,18,14,10,2,1,17],[14,6,18,22,10,2,1,17],[6,18,10,14,22,2,17],[6,2,14,18,10,22,1,17],[14,6,22,18,10,2,1,17],[6,18,14,2,10,22,1,17],[6,2,18,22,10,14,17],[22,6,10,2,14,18,1,17],[22,18,6,2,10,14,17],[10,2,6,22,14,18,1,17],[14,6,2,10,22,18,1,17],[2,6,10,18,14,22,17],[14,10,18,6,2,22,1,17],[10,22,18,14,2,6,1,17],[10,14,18,22,2,6,17],[18,6,14,10,22,2,17],[10,22,6,2,14,18,17],[22,6,14,2,10,18,1,17],[6,14,2,10,18,22,1,17],[10,2,22,6,18,14,1,17],[22,14,10,2,18,6,1,17],[14,18,10,2,22,6,1,17],[10,6,2,18,22,14,17],[14,2,18,6,22,10,1,17],[10,2,22,6,18,14,17],[10,22,2,6,14,18,1,17],[10,18,22,14,6,2,1,17],[6,2,22,10,14,18,17],[10,6,22,2,14,18,1,17],[22,2,6,10,14,18,17],[6,18,22,2,14,10,1,17],[2,22,18,6,14,10,1,17],[22,2,10,14,6,18,1,17],[22,6,18,10,2,14,17],[2,10,22,14,6,18,17],[14,6,2,18,22,10,1,17],[18,22,10,14,6,2,1,17],[22,2,10,6,18,14,1,17],[10,18,14,6,22,2,17],[6,22,14,18,2,10,1,17],[10,2,18,14,22,6,1,17],[10,22,2,18,14,6,17],[10,18,22,14,2,6,17],[10,2,22,18,14,6,1,17],[2,14,6,10,22,18,1,17],[10,18,14,6,2,22,1,17],[14,2,10,22,6,18,17],[2,22,14,6,10,18,1,17],[18,2,14,10,22,6,17],[22,10,6,14,2,18,17],[22,18,10,6,2,14,1,17],[6,10,22,18,2,14,17],[22,2,6,14,18,10,1,17],[18,6,22,14,10,2,1,17],[10,14,22,2,18,6,17],[2,18,10,6,22,14,17],[6,18,10,14,22,2,17],[22,14,6,18,2,10,17],[18,2,14,10,6,22,1,17],[2,18,22,6,10,14,1,17],[10,6,14,2,22,18,1,17],[22,18,2,6,10,14,17],[2,18,14,10,22,6,1,17],[18,2,10,14,6,22,1,17],[6,14,2,10,18,22,17],[6,22,14,18,10,2,17],[14,2,6,10,22,18,1,17],[18,2,14,10,22,6,17],[6,22,2,10,18,14,17],[22,14,2,10,18,6,1,17],[14,18,6,2,22,10,17],[2,18,14,10,6,22,17],[14,22,18,6,2,10,1,17],[6,10,18,2,14,22,17],[10,18,22,2,14,6,17],[14,22,18,10,6,2,17],[6,2,14,10,22,18,1,17],[10,6,14,2,22,18,1,17],[18,6,10,2,14,22,17],[2,10,14,6,22,18,1,17],[6,14,2,18,10,22,17],[2,6,14,18,22,10,1,17],[18,6,2,10,22,14,17],[22,6,10,14,2,18,17],[6,2,18,14,22,10,1,17],[10,18,2,22,14,6,1,17],[18,10,2,6,22,14,1,17],[6,18,2,14,22,10,1,17],[2,14,6,10,18,22,17],[6,14,10,22,2,18,17],[2,6,22,10,18,14,1,17],[18,10,22,2,14,6,1,17],[6,22,10,14,2,18,17],[14,10,6,2,22,18,17],[6,10,14,22,2,18,17],[18,10,14,2,22,6,17],[22,14,10,6,2,18,17],[6,2,22,18,10,14,1,17],[6,18,14,2,22,10,17],[14,2,10,18,6,22,1,17],[22,14,2,6,18,10,17],[18,2,6,14,10,22,1,17],[10,6,14,2,22,18,17],[6,2,22,18,14,10,17],[2,18,10,14,6,22,17],[6,14,22,18,2,10,1,17],[18,14,2,10,22,6,17],[6,10,2,14,18,22,1,17],[10,2,18,22,14,6,17],[10,14,2,22,18,6,17],[22,14,10,2,18,6,1,17],[2,6,18,22,10,14,1,17],[10,22,14,6,2,18,1,17],[2,18,14,6,22,10,17],[2,18,6,14,22,10,17],[6,2,10,14,22,18,17],[6,2,22,10,18,14,17],[18,22,2,6,14,10,1,17],[2,22,14,6,10,18,1,17],[14,2,6,22,18,10,17],[2,14,6,10,22,18,1,17],[18,10,2,22,14,6,1,17],[2,22,14,10,18,6,17],[6,18,14,22,2,10,1,17],[2,10,22,6,14,18,1,17],[22,2,10,18,14,6,1,17],[14,22,10,2,6,18,17],[22,6,18,10,2,14,17],[22,2,14,10,6,18,17],[14,22,6,10,18,2,1,17],[6,22,18,2,14,10,1,17],[18,14,10,2,22,6,1,17],[14,10,2,6,22,18,17],[6,22,2,10,18,14,17],[22,2,18,10,14,6,17],[14,10,22,18,6,2,1,17],[6,14,18,22,2,10,17],[14,22,6,18,10,2,1,17],[10,22,18,2,14,6,17],[10,6,14,2,22,18,1,17],[14,10,22,6,18,2,1,17],[22,10,2,14,6,18,17],[18,6,10,14,2,22,17],[10,22,6,14,2,18,1,17],[14,22,6,18,10,2,17],[10,22,18,2,14,6,1,17],[22,2,14,18,6,10,1,17],[10,18,22,6,14,2,1,17],[14,18,2,22,10,6,17],[22,14,18,6,10,2,1,17],[18,14,6,10,2,22,17],[14,2,22,6,10,18,1,17],[10,2,18,6,14,22,17],[2,22,14,18,10,6,1,17],[14,6,10,18,22,2,1,17],[6,2,14,22,18,10,1,17],[10,22,18,14,2,6,1,17],[14,22,2,10,18,6,17],[2,10,6,22,18,14,17],[2,6,10,22,14,18,1,17],[14,22,10,6,2,18,17],[6,10,22,14,18,2,17],[18,22,10,2,14,6,1,17],[10,14,6,2,18,22,17],[6,22,10,14,18,2,17],[22,6,14,18,2,10,1,17],[22,6,18,10,2,14,17],[2,10,22,14,18,6,17],[10,6,18,2,22,14,17],[2,10,14,22,18,6,1,17],[10,6,22,18,14,2,1,17],[18,22,14,10,2,6,1,17],[18,6,10,22,2,14,17],[10,6,18,14,22,2,1,17],[18,2,6,22,10,14,17],[22,14,6,18,10,2,1,17],[6,10,18,22,14,2,17],[18,2,6,14,10,22,1,17],[10,18,2,6,14,22,1,17],[22,18,6,2,10,14,1,17],[18,14,22,6,10,2,17],[22,10,18,6,2,14,17],[14,2,22,6,18,10,17],[6,18,14,22,2,10,1,17],[18,6,14,22,10,2,1,17],[14,10,22,6,18,2,17],[6,14,22,10,18,2,17],[6,22,18,10,14,2,17],[18,22,6,14,10,2,17],[14,2,10,6,22,18,17],[2,22,6,18,10,14,17],[2,22,14,10,18,6,1,17],[18,6,14,22,2,10,1,17],[10,22,18,2,14,6,1,17],[6,14,18,10,2,22,17],[22,14,6,2,10,18,1,17],[18,2,6,22,10,14,1,17],[18,6,14,2,10,22,17],[18,14,2,6,22,10,1,17],[18,14,6,2,22,10,1,17],[22,18,10,6,14,2,17],[2,22,6,10,14,18,17],[22,10,6,2,18,14,17],[6,14,2,18,22,10,1,17],[6,2,22,10,18,14,17],[10,18,6,14,2,22,1,17],[10,18,2,14,22,6,17],[10,6,2,14,22,18,17],[18,14,22,6,2,10,1,17],[10,6,2,14,22,18,17],[6,10,22,14,18,2,1,17],[18,2,22,10,14,6,1,17],[22,14,2,10,18,6,17],[22,10,2,6,14,18,1,17],[10,2,6,22,18,14,17],[22,2,18,10,14,6,17],[22,14,18,6,10,2,17],[18,10,22,14,6,2,17],[22,18,2,14,10,6,17],[10,6,18,2,22,14,17],[22,6,2,14,10,18,17],[22,2,10,14,6,18,1,17],[6,10,18,2,22,14,17],[10,18,14,2,22,6,1,17],[18,14,2,6,10,22,1,17],[2,10,22,18,6,14,1,17],[22,18,10,2,6,14,17],[14,18,2,6,22,10,17],[10,18,14,22,6,2,1,17],[2,18,22,14,6,10,17],[18,6,14,2,22,10,17],[18,6,2,22,10,14,17],[14,2,18,10,22,6,17],[10,22,2,14,6,18,17],[2,22,14,10,18,6,1,17],[2,10,14,18,22,6,17],[2,22,18,6,14,10,1,17],[6,22,10,2,18,14,1,17],[22,2,18,6,10,14,17],[22,6,10,2,18,14,1,17],[2,18,22,14,10,6,17],[18,6,14,22,10,2,17],[18,10,22,2,14,6,1,17],[14,6,22,2,10,18,1,17],[18,6,14,2,22,10,1,17],[2,14,22,10,6,18,17],[22,18,2,10,6,14,1,17],[10,6,18,14,22,2,17],[18,10,2,6,22,14,17],[18,22,14,6,10,2,17],[2,6,14,18,10,22,17],[18,22,2,10,6,14,17],[2,22,10,18,14,6,17],[2,6,18,22,14,10,1,17],[18,6,2,10,22,14,1,17],[6,18,10,22,2,14,17],[6,18,10,2,22,14,17],[10,22,2,6,14,18,1,17],[22,18,10,2,14,6,17],[14,6,2,22,10,18,17],[22,14,2,6,18,10,1,17],[18,14,6,10,2,22,17],[6,14,2,18,22,10,17],[10,6,14,2,18,22,1,17],[18,2,10,14,22,6,17],[18,22,14,2,10,6,1,17],[6,10,18,2,22,14,17],[6,2,14,22,10,18,17],[14,22,2,6,10,18,17],[2,22,10,18,14,6,17],[2,10,18,6,22,14,1,17],[10,2,6,22,14,18,1,17],[10,6,18,14,22,2,17],[2,6,14,10,22,18,1,17],[10,2,14,6,18,22,1,17],[14,10,2,22,18,6,17],[14,10,2,6,22,18,17],[2,14,22,10,18,6,1,17],[10,2,18,6,22,14,1,17],[22,2,18,6,14,10,17],[14,22,10,18,2,6,17],[18,10,22,14,2,6,1,17],[6,22,14,2,10,18,1,17],[14,18,10,22,6,2,17],[6,14,2,22,10,18,1,17],[18,22,2,14,10,6,17],[2,10,6,22,18,14,17],[22,2,10,18,6,14,1,17],[10,6,14,2,18,22,17],[6,14,18,2,22,10,1,17],[2,18,22,6,10,14,17],[2,14,22,10,6,18,1,17],[10,22,14,18,6,2,17],[14,2,22,10,18,6,17],[14,6,2,18,10,22,17],[14,6,10,22,2,18,1,17],[6,2,18,14,22,10,17],[18,14,22,10,2,6,17],[22,10,18,14,6,2,17],[2,6,14,22,18,10,1,17],[18,6,22,14,10,2,1,17],[6,22,2,14,18,10,17],[22,10,6,18,14,2,17],[18,14,10,22,6,2,17],[22,6,10,2,18,14,17],[2,14,22,10,6,18,1,17],[10,22,6,14,18,2,1,17],[22,14,18,10,2,6,17],[14,2,18,22,10,6,17],[22,2,18,6,10,14,1,17],[22,2,14,6,18,10,17],[2,14,6,18,22,10,17],[14,18,10,2,6,22,17],[2,14,10,18,22,6,1,17],[10,6,22,2,14,18,1,17],[10,2,14,6,18,22,1,17],[6,10,18,22,14,2,17],[2,6,22,14,18,10,1,17],[6,2,18,10,22,14,17],[2,18,22,14,6,10,17],[2,14,18,6,22,10,1,17],[14,18,6,10,22,2,17],[22,2,18,10,14,6,17],[22,18,10,14,2,6,17],[18,6,22,2,10,14,17],[2,14,10,6,18,22,17],[14,2,6,22,18,10,17],[2,14,22,10,6,18,1,17],[6,22,18,14,10,2,1,17],[2,14,6,10,22,18,1,17],[22,6,2,18,10,14,1,17],[18,10,6,22,14,2,17],[6,18,22,14,10,2,1,17],[22,18,2,14,10,6,17],[10,18,2,14,6,22,17],[6,18,22,14,2,10,17],[14,18,10,2,6,22,1,17],[6,18,10,22,2,14,1,17],[6,14,18,10,22,2,1,17],[6,14,2,10,18,22,17],[18,22,2,14,6,10,1,17],[6,14,2,10,22,18,17],[2,14,10,18,22,6,1,17],[10,6,22,14,18,2,17],[18,6,10,2,22,14,17],[22,14,2,18,10,6,1,17],[10,18,22,2,14,6,17],[14,18,10,2,6,22,1,17],[18,6,14,2,10,22,17],[14,6,22,2,18,10,1,17],[6,22,10,2,14,18,17],[18,14,6,22,2,10,1,17],[2,6,10,14,22,18,17],[18,22,2,10,6,14,17],[22,10,14,2,18,6,17],[14,10,18,22,2,6,1,17],[10,14,6,2,22,18,17],[2,22,18,6,14,10,1,17],[18,22,10,2,6,14,1,17],[22,10,14,6,18,2,1,17],[14,2,22,18,6,10,1,17],[10,2,14,18,22,6,1,17],[2,14,6,18,10,22,17],[2,6,18,14,22,10,17],[18,2,6,10,14,22,17],[22,18,10,14,6,2,17],[2,18,6,14,22,10,1,17],[18,10,14,22,2,6,17],[2,18,10,6,22,14,1,17],[10,6,18,2,22,14,17],[6,18,2,14,10,22,1,17],[2,14,6,22,18,10,1,17],[22,2,6,18,10,14,17],[18,14,22,2,10,6,1,17],[14,10,22,2,18,6,1,17],[18,10,22,14,6,2,17],[22,14,6,18,2,10,17],[18,2,22,6,14,10,17],[18,22,2,6,14,10,17],[14,22,18,6,2,10,1,17],[22,6,18,2,10,14,1,17],[6,10,14,18,22,2,1,17],[18,22,10,2,6,14,17],[10,14,2,6,18,22,1,17],[22,14,18,10,6,2,17],[22,14,6,10,2,18,1,17],[14,6,18,22,2,10,17],[6,22,10,14,18,2,1,17],[14,2,10,18,22,6,17],[10,22,6,14,2,18,17],[14,22,18,2,10,6,17],[22,14,10,18,2,6,1,17],[14,2,18,6,22,10,17],[22,14,6,18,10,2,1,17],[10,14,22,2,6,18,1,17],[18,10,6,14,22,2,1,17],[18,6,2,14,10,22,1,17],[22,2,14,18,6,10,17],[14,18,10,6,2,22,1,17],[22,10,6,18,2,14,1,17],[22,6,18,10,2,14,1,17],[6,22,18,10,2,14,1,17],[6,18,14,2,22,10,17],[2,22,10,18,14,6,1,17],[18,14,2,10,22,6,17],[10,2,22,18,6,14,17],[6,2,22,14,10,18,1,17],[6,2,18,22,14,10,17],[14,22,2,6,18,10,17],[2,6,18,14,22,10,1,17],[14,2,18,22,6,10,17],[2,6,22,14,10,18,17],[18,2,6,10,14,22,17],[14,6,10,2,22,18,1,17],[2,18,6,10,14,22,1,17],[14,22,18,10,6,2,17],[6,18,2,14,10,22,1,17],[18,14,22,6,10,2,1,17],[22,10,6,2,14,18,17],[22,14,10,6,18,2,17],[6,22,10,18,14,2,17],[22,6,2,14,10,18,1,17],[10,14,18,6,22,2,17],[14,10,6,22,18,2,17],[22,2,10,18,6,14,17],[18,6,14,2,22,10,1,17],[10,18,2,22,14,6,1,17],[22,6,14,10,18,2,17],[18,2,14,10,22,6,17],[2,18,6,22,10,14,17],[18,6,10,14,2,22,1,17],[10,22,14,6,18,2,17],[10,2,14,22,18,6,1,17],[10,18,2,22,14,6,1,17],[6,2,18,22,14,10,1,17],[2,10,22,6,18,14,17],[6,2,18,10,22,14,1,17],[14,22,10,2,18,6,1,17],[14,6,10,18,2,22,1,17],[22,14,10,2,18,6,1,17],[22,6,2,10,18,14,1,17],[6,14,2,18,10,22,1,17],[6,14,10,22,18,2,17],[22,2,18,14,10,6,17],[10,18,22,14,6,2,1,17],[10,14,2,6,18,22,17],[22,10,6,2,14,18,1,17],[10,22,14,6,18,2,17],[18,2,6,10,14,22,17],[22,18,6,14,10,2,17],[22,10,18,6,2,14,1,17],[2,14,22,18,6,10,17],[14,6,2,18,10,22,17],[10,2,14,18,6,22,1,17],[18,2,6,22,14,10,1,17],[10,6,22,18,14,2,17],[6,10,2,14,18,22,17],[10,14,18,2,6,22,17],[14,6,22,18,10,2,1,17],[10,18,6,2,14,22,1,17],[14,22,10,18,6,2,1,17],[22,2,18,10,6,14,17],[2,22,18,10,14,6,17],[18,6,22,2,10,14,17],[14,10,22,6,2,18,17],[18,22,14,2,10,6,1,17],[2,6,18,22,10,14,17],[2,10,6,22,14,18,17],[14,10,6,22,2,18,17],[14,2,6,22,10,18,17],[6,18,14,10,22,2,1,17],[14,22,10,6,2,18,1,17],[2,6,14,22,10,18,17],[18,22,10,6,2,14,17],[14,22,10,2,6,18,17],[22,10,18,14,6,2,17],[22,2,14,6,10,18,17],[18,6,10,2,22,14,1,17],[10,18,14,2,6,22,1,17],[14,6,2,18,10,22,1,17],[6,10,2,14,18,22,17],[10,22,2,14,18,6,1,17],[14,10,22,6,2,18,1,17],[2,18,6,10,22,14,17],[18,6,10,14,2,22,17],[14,18,2,10,22,6,17],[14,18,6,10,22,2,17],[2,10,18,14,6,22,17],[22,10,2,6,14,18,17],[10,6,14,22,2,18,1,17],[14,2,18,22,10,6,17],[14,2,10,18,22,6,1,17],[18,22,2,14,10,6,17],[14,2,6,10,18,22,17],[10,6,14,2,22,18,17],[10,22,6,18,2,14,1,17],[6,22,2,14,18,10,1,17],[2,22,18,10,6,14,17],[14,22,10,18,6,2,17],[18,2,14,10,22,6,1,17],[2,10,6,22,18,14,1,17],[2,6,18,10,22,14,1,17],[22,2,14,18,6,10,17],[18,10,2,14,6,22,17],[14,22,18,10,2,6,17],[6,14,22,18,2,10,17],[6,10,18,2,14,22,1,17],[10,22,2,14,6,18,17],[10,22,2,6,18,14,17],[6,2,22,10,14,18,1,17],[22,14,6,18,2,10,1,17],[2,18,10,22,14,6,1,17],[2,10,14,22,18,6,1,17],[18,14,6,22,2,10,1,17],[18,14,6,2,10,22,17],[6,14,2,22,10,18,17],[18,2,6,14,10,22,17],[22,6,14,18,2,10,1,17],[22,10,2,6,14,18,17],[6,22,2,18,10,14,17],[22,10,14,6,2,18,1,17],[18,22,10,2,6,14,17],[6,14,10,22,18,2,17],[14,10,6,18,2,22,1,17],[10,2,6,22,14,18,1,17],[10,2,14,6,18,22,1,17],[6,10,2,22,18,14,17],[10,18,6,14,2,22,17],[18,6,10,22,14,2,1,17],[6,2,18,22,14,10,1,17],[10,14,2,22,6,18,17],[14,10,18,22,2,6,17],[22,6,10,2,14,18,1,17],[10,2,14,6,22,18,17],[18,10,2,6,22,14,17],[22,6,18,14,2,10,17],[14,6,22,10,2,18,17],[14,2,22,10,18,6,17],[18,10,2,22,14,6,17],[18,2,22,6,14,10,1,17],[2,14,10,6,18,22,1,17],[10,22,18,6,14,2,1,17],[2,22,14,6,10,18,1,17],[22,10,18,2,6,14,17],[6,10,22,18,14,2,17],[10,14,22,2,18,6,17],[22,6,18,14,2,10,1,17],[6,22,10,2,14,18,17],[10,22,6,14,2,18,17],[14,2,10,22,18,6,1,17],[22,10,14,2,18,6,1,17],[18,14,6,22,2,10,1,17],[6,10,18,22,14,2,1,17],[18,6,14,2,22,10,17],[18,22,14,10,6,2,17],[22,18,14,10,6,2,1,17],[2,22,14,6,10,18,1,17],[10,18,22,6,2,14,1,17],[2,22,10,18,14,6,1,17],[10,6,14,2,22,18,1,17],[22,6,2,18,14,10,1,17],[14,2,22,6,10,18,1,17],[6,22,18,2,10,14,1,17],[18,22,14,2,10,6,1,17],[18,22,6,14,2,10,17],[2,6,22,14,10,18,17],[10,18,22,14,2,6,1,17],[6,10,18,22,2,14,1,17],[6,2,22,10,14,18,1,17],[14,2,18,22,10,6,17],[14,6,18,2,10,22,17],[10,2,6,18,14,22,17],[2,18,22,14,6,10,1,17],[10,6,2,22,14,18,17],[18,6,10,2,22,14,17],[10,2,6,18,22,14,17],[14,10,22,18,2,6,17],[6,18,10,14,22,2,17],[22,2,18,10,14,6,17],[22,2,14,6,18,10,1,17],[14,2,22,6,18,10,17],[14,6,10,2,18,22,17],[18,14,22,2,10,6,17],[10,6,14,18,2,22,17],[22,2,10,14,18,6,17],[6,18,22,2,14,10,1,17],[18,2,6,10,22,14,1,17],[2,14,18,10,22,6,17],[6,2,14,18,10,22,17],[14,6,2,22,18,10,17],[14,2,18,22,10,6,1,17],[14,10,18,2,22,6,1,17],[22,14,18,2,6,10,17],[10,18,6,14,2,22,1,17],[10,2,18,6,14,22,1,17],[22,10,6,2,18,14,17],[6,2,10,18,22,14,1,17],[2,22,10,14,18,6,1,17],[22,14,2,10,18,6,1,17],[2,10,14,22,6,18,17],[14,2,18,22,10,6,1,17],[22,10,18,6,2,14,1,17],[10,2,14,18,6,22,1,17],[2,22,14,6,18,10,1,17],[14,22,10,18,6,2,1,17],[14,10,6,2,18,22,17],[14,22,10,6,2,18,17],[6,14,10,18,22,2,17],[10,2,18,6,14,22,1,17],[18,10,14,2,22,6,17],[22,6,18,10,2,14,17],[2,10,14,18,6,22,17],[14,2,18,10,22,6,17],[6,22,10,2,18,14,1,17],[2,6,10,18,14,22,17],[2,14,6,22,10,18,17],[14,18,10,2,6,22,17],[10,6,22,18,2,14,17],[2,10,6,14,22,18,17],[18,14,22,2,6,10,17],[22,2,10,18,14,6,1,17],[22,6,10,2,18,14,1,17],[18,6,2,22,14,10,1,17],[18,22,2,14,10,6,17],[14,10,6,22,18,2,1,17],[14,6,22,18,10,2,1,17],[2,10,14,18,22,6,17],[2,14,10,6,22,18,1,17],[14,2,18,22,6,10,17],[18,2,14,6,10,22,1,17],[18,6,2,10,22,14,1,17],[22,14,6,18,10,2,17]],"n_human":5}