{"problem_id":"2znAhdVeX1vO3YQ","sigma":150,"alpha":3.162,"cost":1,"probabilities":"[0.21, 0.18, 0.39, 0.22]","payoff_matrix":"[[-17, 170, -11, -70, 271, 76], [-119, -31, 162, 71, -96, 166], [368, 47, 60, -300, -220, -85], [131, 232, -396, 65, -304, -56]]","uncovered":[[23,11,7,3,19,15,21],[11,23,15,3,7,19,1],[11,15,19,3,7,23],[19,11,23,3,15,7],[19,15,3,11,23,7,2,6,12],[7,11,3,15,19,23,4],[11,19,7,15,3,23,9],[15,3,11,23,7,19,10,1,9],[19,3,7,15,23,11,17,4],[23,11,3,7,19,15],[19,11,15,7,23,3],[15,23,7,11,3,19,4],[11,7,23,19,3,15],[11,3,15,23,7,19],[3,11,19,15,23,7],[19,3,23,7,15,11],[3,19,11,15,23,7,9],[23,15,7,3,11,19],[23,19,7,3,11,15],[3,7,15,23,19,11,2,10,4],[15,23,3,11,7,19],[3,23,15,7,19,11],[3,23,19,11,15,7,1],[23,19,11,3,7,15],[3,15,19,23,7,11,2,12],[3,7,11,23,15,19],[15,11,3,23,7,19],[11,19,7,23,3,15],[3,7,15,19,11,23],[11,7,19,3,15,23,6],[15,11,7,23,19,3,1],[23,15,11,3,7,19,8,4],[23,3,7,15,19,11,24],[3,7,19,15,11,23],[7,3,23,15,11,19,4],[3,11,23,7,15,19],[11,3,23,15,7,19],[3,19,7,15,23,11],[7,23,19,3,11,15,6],[23,7,15,19,3,11,8,1,4],[3,11,19,7,23,15,4],[19,15,23,11,7,3],[23,19,15,11,7,3],[19,7,15,3,23,11],[11,23,19,15,7,3,4],[7,15,23,3,19,11],[15,19,11,3,23,7],[3,7,15,23,19,11,10,1,12],[23,7,19,3,15,11,2,5,4],[3,23,7,15,19,11],[19,3,7,11,23,15],[15,11,3,7,23,19],[19,15,7,3,23,11,9],[15,23,11,7,19,3],[3,11,19,15,7,23,8,4],[3,19,7,23,15,11],[15,19,7,23,3,11],[7,15,11,23,19,3],[11,19,23,15,7,3],[15,19,7,11,3,23],[19,15,7,3,23,11,10,1,9],[11,19,7,23,15,3,8,4],[7,15,23,19,3,11,10,1,12],[11,3,15,23,19,7,9],[15,3,19,7,23,11],[7,23,15,3,19,11,13,6],[23,19,7,11,15,3],[7,19,15,3,23,11],[7,3,15,23,11,19,5,1,12],[15,11,19,7,3,23],[23,19,15,3,11,7],[19,15,3,23,11,7],[23,7,15,11,3,19],[19,3,15,23,7,11,12],[7,15,23,11,19,3],[15,11,19,23,7,3],[23,11,19,15,7,3],[11,3,7,23,15,19],[19,11,7,3,23,15,9],[19,7,23,3,15,11],[7,23,3,19,15,11,4],[15,23,3,11,7,19],[23,11,15,3,19,7],[15,11,23,7,3,19],[3,11,7,15,19,23],[19,7,15,3,11,23,10,4],[15,19,23,3,11,7],[23,19,11,3,7,15],[15,23,7,19,11,3],[7,11,3,15,23,19,5,4],[3,11,23,7,15,19],[15,7,11,23,3,19,10,4],[11,19,15,3,7,23],[23,11,15,7,19,3],[11,15,19,7,23,3,6],[23,19,7,15,11,3,12],[3,19,11,15,7,23],[11,19,7,23,3,15],[15,7,19,23,3,11],[15,11,23,19,7,3,10,4],[23,19,11,15,3,7],[11,19,7,15,3,23,1],[19,23,15,11,3,7],[23,11,19,7,15,3,8,4],[15,19,11,23,7,3,1],[7,19,15,3,11,23,2,12],[3,11,7,23,15,19],[3,15,23,11,19,7],[7,3,11,19,23,15,12],[15,23,3,19,11,7,1],[7,23,3,15,19,11,5,1,8,4],[7,15,11,23,3,19],[3,19,7,23,11,15,10,1,12],[15,11,7,3,19,23],[3,15,7,11,19,23,1],[7,11,3,23,15,19],[23,3,11,19,7,15,2,12],[7,23,19,15,3,11,5,4],[23,11,7,3,15,19,4],[11,15,3,19,23,7],[19,11,7,3,23,15],[23,19,15,7,3,11],[15,7,19,11,23,3],[11,19,15,23,7,3],[15,23,3,7,11,19,10,1,9],[19,11,23,7,15,3],[11,15,7,19,3,23],[3,23,19,7,11,15],[3,7,23,19,11,15,8,4],[23,3,7,11,15,19],[7,11,19,3,15,23,10,2,4],[11,15,23,7,3,19],[7,19,3,23,15,11],[15,3,23,7,11,19],[11,15,7,23,19,3,8,4],[15,23,11,3,7,19],[3,19,15,11,7,23],[19,7,23,3,11,15],[23,7,19,11,3,15],[7,15,11,3,23,19],[15,19,7,11,23,3,18],[3,15,7,11,19,23],[19,15,7,3,23,11],[7,11,23,19,15,3,10,4],[11,7,19,15,3,23],[11,3,7,15,23,19,4],[11,19,23,3,15,7],[15,19,11,7,3,23],[11,23,15,3,19,7],[15,23,3,7,11,19],[19,11,15,23,7,3,2,12],[11,15,3,7,23,19,12],[15,3,19,7,23,11],[23,7,19,11,3,15,10,4],[15,11,3,7,23,19],[15,19,11,3,7,23,12],[23,15,11,7,3,19],[7,11,19,15,23,3,4],[11,23,19,15,7,3],[19,3,7,23,15,11,5,4],[7,3,19,23,15,11,18],[19,11,3,15,7,23],[15,11,23,19,3,7,9],[19,3,7,11,15,23,1],[23,19,11,15,3,7],[19,23,11,15,7,3],[19,7,3,15,11,23],[15,11,23,19,7,3],[7,3,15,23,11,19,1],[3,7,15,19,23,11],[19,15,11,7,3,23],[19,11,23,7,15,3],[23,11,15,7,19,3],[7,23,19,15,11,3,10,1,9],[19,11,3,15,7,23,6],[3,15,19,7,23,11],[15,11,7,23,3,19],[7,23,11,15,19,3,5,4],[7,19,11,23,3,15],[11,7,3,23,15,19,24,4],[7,3,11,23,19,15,4],[3,19,23,15,11,7,1],[7,19,15,3,11,23,2,12],[7,3,19,23,15,11,4],[15,7,19,23,3,11,1],[15,23,7,19,11,3],[3,15,19,11,7,23,1],[23,7,19,11,15,3],[7,23,15,3,11,19],[19,3,7,15,23,11],[15,19,7,11,23,3,5,1,4],[19,11,23,7,15,3,4],[11,19,3,15,23,7,2,9,5,4],[15,11,7,23,19,3],[11,15,7,3,19,23],[7,3,23,11,19,15,12],[23,7,19,15,11,3],[11,23,15,7,3,19],[19,15,7,3,23,11],[11,7,15,19,23,3],[15,7,19,11,23,3],[7,15,23,3,11,19],[23,7,11,15,3,19,9],[3,15,7,19,23,11],[19,11,3,15,7,23,12],[3,7,19,15,23,11],[3,19,11,7,15,23,6],[19,3,7,23,11,13,15],[7,3,19,15,11,23,5,2,4],[7,19,11,15,3,23,9],[11,7,23,15,3,19,9],[7,15,19,3,23,11,12],[15,11,7,23,3,19],[3,11,15,19,23,7],[7,3,15,19,11,23],[23,3,7,11,15,19],[19,23,7,3,11,15],[19,23,15,7,11,3],[11,15,19,3,23,7],[23,11,19,7,15,3],[7,3,23,15,19,11,12],[15,23,3,7,11,19,1],[23,19,3,15,11,7],[15,23,19,7,3,11,1],[15,11,23,7,3,19],[19,23,11,15,3,7],[23,11,7,15,3,19,1],[19,7,11,3,23,15],[19,23,3,11,15,7,10,1,12],[3,15,7,11,23,19],[3,19,23,15,11,7],[7,19,11,3,23,15,5,4],[19,3,23,7,15,11,10,1,12],[7,23,19,11,3,15],[15,11,19,7,3,23,4],[19,15,3,7,11,23],[11,15,23,19,7,3,10,4],[11,3,7,23,15,19],[19,15,11,3,7,23,4],[7,3,23,11,15,19],[19,7,11,23,3,15],[19,11,7,3,23,15,9],[7,11,19,15,3,23],[7,3,11,23,15,19],[11,23,15,19,3,7],[23,15,3,7,11,19,9],[11,23,19,15,7,3,1],[15,19,3,11,23,7],[19,11,23,3,7,15],[19,11,23,7,15,3],[11,23,15,3,19,7],[11,15,7,23,19,3],[11,3,7,23,15,19,9],[3,19,23,7,15,11,9],[23,3,7,19,11,15,2,9,5,4],[7,15,3,23,11,19],[23,11,3,7,19,15,2,6,12],[15,11,3,7,23,19,1],[7,15,23,19,3,11],[19,7,11,15,3,23],[19,7,23,3,11,15,1],[7,19,11,23,15,3,4],[3,23,7,11,19,15],[3,11,7,23,19,15],[15,23,7,19,11,3],[7,11,3,23,19,15,9],[23,15,11,19,7,3,1],[19,23,15,11,7,3],[7,11,3,23,15,19],[11,7,15,23,19,3],[19,15,11,23,3,7,6],[7,23,3,11,19,15],[3,9,7,15,23,19,11],[3,11,15,19,23,7,10,4],[7,15,23,19,3,11,9],[23,11,7,15,19,3],[7,11,23,3,19,15,2,12],[11,3,23,7,19,15],[19,11,23,15,3,7,10,2,12],[23,3,15,7,11,19,6],[11,7,19,23,15,3],[23,19,7,3,15,11],[3,23,19,11,7,15],[23,19,15,3,7,11],[15,3,7,19,23,11],[15,19,3,11,23,7],[3,23,7,19,15,11,6],[15,7,19,11,3,23],[15,19,23,11,3,7],[23,15,11,3,7,19],[15,3,11,7,19,23,4],[15,19,11,23,3,7],[7,19,15,3,23,11,1],[11,3,23,7,15,19,10,2,12],[7,23,15,3,19,11,10,4],[23,7,3,11,19,15],[11,15,3,19,7,23],[7,11,23,3,19,15,12],[15,19,11,3,23,7],[23,3,19,7,11,15],[15,3,7,19,11,23],[23,11,19,3,15,7,10,1,9],[7,15,3,11,23,19],[7,19,11,15,3,23],[19,23,15,7,3,11],[23,3,19,15,11,7],[7,23,15,19,3,11,4],[19,7,3,15,11,23],[7,3,19,15,11,23,8,4],[7,3,23,11,15,19,8,4],[3,15,19,11,23,7,10,4],[7,23,3,19,15,11],[15,19,11,7,23,3],[7,15,19,23,3,11],[7,19,3,15,11,23,9],[15,19,3,11,7,23,1],[23,15,3,19,11,7],[23,19,11,7,15,3,8,4],[11,7,23,15,19,3],[3,11,7,15,23,19],[7,3,15,23,11,19,2,9,5,4],[7,3,15,23,11,19],[19,23,11,7,3,15],[3,11,15,7,19,23],[11,7,19,23,15,3],[19,15,7,3,11,23,2,9,8,4],[19,3,7,11,23,15,2,9,5,4],[23,7,3,19,15,11],[15,3,19,23,11,7],[3,15,19,23,7,11],[11,3,7,15,23,19],[23,7,11,19,15,3,9],[7,23,3,15,19,11],[15,23,3,11,7,19],[11,15,23,7,3,19,6],[23,3,19,15,11,7,4],[3,7,23,15,11,19,8,1,4],[3,19,23,11,7,15],[3,15,19,23,7,11,9],[15,11,19,23,3,7,6],[11,23,19,3,15,7],[11,19,7,23,3,15],[23,15,3,11,19,7,1],[23,3,19,7,15,11],[7,11,19,15,23,3],[3,7,19,11,23,15],[11,15,7,23,19,3,10,4],[3,7,15,19,23,11,2,12],[7,15,11,19,3,23],[19,23,15,3,11,7,10,4],[15,19,7,23,11,3],[11,19,15,7,3,23],[11,19,3,15,23,7],[15,19,3,11,23,7],[3,11,23,19,7,15],[15,11,23,19,3,7,9],[7,15,11,19,3,23],[11,19,15,23,3,7],[11,19,3,23,15,7,4],[7,23,15,19,3,11,5,4],[23,11,3,15,19,7],[19,11,3,23,7,15],[19,3,11,15,7,23],[3,15,19,7,11,23,4],[19,7,11,3,15,23,9],[15,23,11,19,3,7],[7,11,3,15,23,19],[15,23,3,11,19,7],[19,15,23,11,3,7],[11,15,3,19,7,23],[3,23,7,15,19,11,12],[3,15,23,19,11,7,4],[3,19,11,7,15,23],[15,11,7,3,23,19],[23,7,11,15,19,3,1],[11,23,15,7,3,19],[3,7,15,23,11,19],[11,23,3,7,15,19],[23,15,7,19,11,3],[23,19,11,7,15,3],[19,15,23,7,11,3,4],[7,15,23,19,3,11],[23,7,15,11,3,19],[7,19,3,11,23,15],[23,11,15,7,3,19,9],[11,3,7,23,19,15],[23,19,3,15,7,11],[23,19,7,11,15,3,2,12],[23,11,7,3,19,15,10,4],[7,19,23,11,3,15,12],[15,3,19,11,23,7,12],[3,23,11,19,15,7],[3,11,23,15,19,7,6],[15,3,23,19,7,11,5,2,4],[3,19,23,7,11,15,9],[19,15,11,7,23,3],[15,23,11,7,19,3,4],[11,15,3,23,19,7],[15,3,7,11,19,23,12],[15,23,19,7,3,11],[15,3,19,23,7,11],[15,3,19,23,7,11,8,4],[23,15,7,19,11,3],[19,3,15,11,23,7,8,4],[19,3,23,7,11,15],[11,19,15,23,7,3],[7,3,11,23,15,19,5,4],[7,19,23,3,15,11],[15,3,7,11,19,23,4],[11,23,15,3,19,7],[19,15,11,7,23,3],[3,11,23,15,19,7],[23,15,19,3,11,7,12],[19,15,11,3,7,23,10,4],[23,15,7,11,19,3,4],[3,19,15,11,7,23],[23,15,19,3,11,7],[23,15,11,7,3,19],[15,19,11,3,23,7,1],[7,3,11,23,15,19,8,1,4],[7,15,23,19,3,11],[11,23,19,7,3,15],[23,15,11,3,7,19],[23,15,7,11,3,19],[11,3,19,15,23,7,5,1,4],[19,3,23,7,15,11],[19,3,23,11,15,7],[23,7,11,19,15,3],[23,11,15,19,7,3,10,4],[7,3,15,11,23,19],[7,23,11,3,19,15],[7,15,19,23,3,11],[19,7,23,3,11,15],[19,7,15,3,11,23,8,4],[15,7,3,23,19,11],[3,19,7,11,23,15],[19,23,15,7,11,3],[23,3,19,7,15,11,9],[15,11,19,3,23,7],[15,3,19,11,7,23],[11,23,3,15,19,7],[19,7,23,3,11,15],[23,15,19,7,11,3],[11,15,23,7,3,19],[19,3,11,7,15,23,12],[3,7,23,19,11,15,2,12],[7,11,23,3,19,15],[19,7,23,3,15,11],[15,3,11,23,19,7],[3,19,23,15,7,11],[15,7,11,19,3,23],[23,11,15,19,3,7],[15,7,23,11,19,3,1],[7,11,3,15,23,19],[23,15,7,19,3,11,5,4],[15,3,19,7,23,11],[23,3,11,15,7,19,6],[11,19,23,7,15,3],[19,3,7,23,11,15,4],[15,11,23,3,7,19],[19,23,15,11,7,3],[3,7,19,23,15,11,4],[23,3,11,19,15,7],[19,11,7,23,15,3],[19,3,23,7,15,11],[15,11,19,23,3,7],[15,19,3,7,23,11],[15,7,11,3,23,19],[23,3,15,7,19,11],[19,11,7,23,15,3],[23,11,3,15,7,19],[3,19,7,15,11,23,2,9,5,4],[23,15,3,19,7,11,8,4],[11,23,3,15,7,19,8,4],[15,3,7,19,11,23,4],[23,19,3,7,15,11],[23,15,3,7,11,19],[3,15,11,7,23,19,12],[15,3,7,19,11,23,18],[7,3,23,19,15,11],[3,11,15,19,23,7],[3,23,11,7,19,15],[11,19,15,23,3,7],[23,7,3,15,19,11,2,10,12],[3,15,19,11,23,7],[11,15,19,7,23,3],[23,3,19,11,7,15,2,9,8,4],[7,23,11,19,3,15],[23,15,7,3,11,19,10,4],[7,15,11,23,3,19],[7,11,15,3,19,23],[19,23,7,3,11,15],[23,19,15,3,7,11],[11,23,15,3,19,7,4],[3,7,11,19,23,15],[7,15,19,11,3,23],[3,23,15,19,7,11],[3,19,11,7,15,23],[15,23,3,11,7,19],[3,7,23,11,15,19],[23,11,15,3,19,7],[11,15,23,3,19,7,8,4],[7,23,15,19,11,3],[11,23,3,19,15,7,9],[19,3,7,11,15,23],[3,11,19,7,15,23],[15,7,19,11,3,23],[11,23,15,19,3,7],[3,11,19,15,23,7],[3,15,11,19,23,7,12],[3,7,15,23,19,11],[15,7,23,3,11,19,4],[15,19,11,7,3,23,6],[11,7,19,15,3,23],[23,11,7,3,15,19],[7,19,23,15,3,11],[23,7,19,11,15,3],[11,7,19,3,23,15,6],[3,23,19,11,7,15],[11,3,5,7,23,15,19,4],[23,19,11,7,15,3],[11,23,7,3,15,19,6],[23,11,19,15,7,3],[23,3,15,19,7,11],[15,3,7,19,11,23],[15,23,19,3,11,7,12],[15,3,7,11,19,23],[19,7,23,15,3,11,2,10,12],[11,23,19,15,3,7],[19,3,7,11,23,15,6],[19,15,3,23,7,11,9],[15,23,3,11,19,7,8,4],[7,15,11,19,23,3],[23,15,3,19,7,11],[23,15,11,19,3,7,10,1,9],[15,19,3,11,7,23],[11,3,19,7,23,15],[23,11,7,19,15,3,2,12],[11,3,19,23,15,7,1],[23,7,11,19,15,3],[15,7,23,19,11,3],[19,23,11,3,15,7],[11,7,19,15,23,3],[7,19,15,11,23,3],[3,15,11,19,23,7],[3,19,11,15,23,7,12],[11,3,19,15,23,7],[3,7,19,23,11,15],[7,19,15,23,11,3],[19,15,23,3,7,11],[3,23,11,7,15,19],[3,7,23,15,19,11,5,4],[23,3,15,7,11,19],[19,3,23,11,15,7,2,9,8,4],[19,15,23,11,7,3],[23,15,19,11,7,3],[23,3,15,19,11,7],[15,19,3,7,11,23,10,4],[11,3,15,23,7,19],[11,15,3,19,23,7],[11,3,15,23,7,19],[3,19,11,15,23,7,8,4],[11,7,23,15,19,3],[19,11,7,23,3,15],[7,19,11,23,3,15],[7,23,11,19,15,3],[19,7,23,15,3,11,12],[11,15,7,23,3,19],[11,3,19,23,7,15],[23,11,15,7,19,3,10,4],[19,3,7,11,15,23],[23,7,11,19,15,3],[15,23,19,7,11,3,12],[7,15,11,23,3,19],[19,3,23,7,11,15],[15,23,7,3,19,11],[3,11,7,15,19,23,5,4],[11,15,23,19,3,7],[3,7,19,23,15,11],[7,11,23,3,19,15],[15,3,7,19,23,11,9],[3,15,11,19,23,7,14],[19,7,23,15,11,3,2,10,4],[15,19,11,7,23,3],[15,7,3,23,11,19],[15,3,11,7,23,19],[11,3,23,19,15,7,4],[19,23,11,3,15,7],[15,19,3,23,7,11],[19,3,11,23,7,15],[19,7,11,15,3,23],[7,19,15,23,11,3,12],[11,7,15,23,19,3],[7,19,11,23,15,3,9],[3,19,23,11,7,15],[7,3,11,15,23,19],[11,19,7,3,23,15],[19,11,7,15,3,23],[19,3,11,15,7,23,2,12],[7,19,11,3,15,23],[11,15,7,19,23,3,6],[19,7,23,15,11,3],[3,7,19,15,11,23],[3,23,19,7,15,11],[15,11,3,19,7,23],[3,23,11,15,7,19],[15,19,11,3,23,7],[15,7,11,19,3,23],[23,7,19,15,3,11],[7,19,15,23,11,3],[3,15,23,11,7,19,2,12],[15,19,3,23,11,7],[19,3,7,11,15,23],[3,19,15,7,23,11,5,4],[23,11,7,3,15,19,12],[7,11,19,15,3,23],[19,15,23,7,3,11],[23,11,19,3,15,7,5,1,8,4],[23,11,7,19,15,3],[19,23,11,3,15,7],[7,3,11,23,19,15,4],[3,7,23,19,11,15,10,1,12],[11,3,15,7,23,19],[3,23,19,7,15,11],[11,19,23,15,7,3,9],[3,23,11,19,15,7],[23,19,3,15,7,11],[19,15,7,23,3,11,2,10,12],[19,15,23,7,11,3,12],[19,3,11,23,7,15],[11,3,7,15,23,19,12],[23,7,3,11,19,15],[15,11,7,3,23,19],[11,23,7,3,19,15],[23,15,19,7,3,11,10,4],[19,7,23,11,3,15,2,5,4],[7,19,15,3,23,11],[7,19,15,23,3,11],[15,3,19,7,11,23],[7,3,19,11,15,23],[19,3,11,15,7,23],[19,7,3,11,15,23],[23,19,15,7,3,11],[19,11,7,23,3,15],[19,15,7,23,3,11,9],[11,23,19,7,3,15,12],[3,19,7,15,23,11],[11,7,23,19,3,15],[7,3,15,23,11,19,10,4],[3,11,7,19,23,15,9],[15,23,11,3,7,19,12],[7,19,3,23,11,15],[3,19,15,23,7,11],[3,19,11,7,15,23,12],[3,11,19,23,7,15],[23,11,7,3,15,19],[15,3,23,19,11,7],[19,11,15,3,7,23,12],[3,23,15,7,11,19],[23,15,19,3,11,7],[15,7,11,3,19,23,12],[15,7,3,23,19,11],[19,7,15,11,23,3,12],[11,23,15,3,19,7,1],[15,23,3,11,7,19],[7,3,23,15,19,11],[3,23,15,7,19,11],[23,11,19,3,15,7,16],[11,3,7,19,15,23,1],[15,19,3,23,11,7],[19,7,3,15,23,11,10,2,12],[3,23,15,11,19,7],[15,7,23,19,11,3,12],[19,3,7,23,11,15,4],[3,11,7,15,23,19],[3,22,23,15,19,7,11,18,10,4],[7,11,3,23,15,19,12],[7,23,15,19,3,11],[7,23,3,15,11,19],[15,19,11,3,7,23],[3,15,11,7,19,23],[15,3,11,7,19,23],[3,11,7,23,15,19],[11,23,7,15,19,3],[11,15,7,19,23,3,1],[3,11,19,15,7,23,12],[15,11,7,3,23,19,2,10,12],[3,7,23,11,19,15],[3,19,11,7,15,23],[3,7,23,15,11,19],[3,23,19,11,7,15],[15,23,11,7,19,3],[11,19,7,15,3,23,10,4],[11,15,19,23,7,3,4],[7,3,15,23,11,19,1],[19,15,3,23,11,7,4],[7,23,3,19,15,11],[15,19,11,7,3,23],[23,15,7,19,11,3,9],[11,7,19,15,3,23],[23,11,15,7,19,3,10,4],[7,15,19,3,23,11,12],[11,7,15,23,19,3],[11,7,15,3,19,23],[7,11,15,23,19,3],[3,11,15,7,19,23,10,2,4],[7,15,23,11,3,19,9],[7,23,15,3,19,11],[3,7,15,11,19,23],[3,15,11,7,19,23],[11,7,15,23,19,3,9],[3,19,7,23,15,11],[3,11,23,7,15,19],[15,19,7,23,3,11,10,4],[7,11,15,19,23,3],[19,11,3,7,23,15,10,4],[7,23,19,3,11,15],[7,11,3,23,19,15],[3,11,23,7,15,19,20,5,1,4],[15,11,23,19,3,7],[19,23,7,11,15,3],[15,19,7,11,23,3,5,4],[11,23,7,19,3,15,6],[19,3,7,11,15,23],[23,7,15,19,3,11,12],[7,15,3,23,19,11],[7,11,3,23,19,15],[3,15,19,23,7,11],[19,3,15,11,7,23],[3,11,23,15,7,19],[7,15,11,19,23,3,2,12],[11,23,15,19,7,3],[19,23,3,7,11,15,2,12],[3,11,19,7,15,23,1],[11,7,23,19,3,15],[3,23,11,7,15,19],[19,15,11,3,7,23,10,4],[11,3,19,23,7,15],[3,23,11,7,19,15,12],[19,7,3,15,23,11],[11,3,15,7,19,23],[15,11,23,19,7,3,13,9],[19,3,11,23,7,15],[23,19,7,11,15,3,12],[19,15,3,7,11,23],[19,11,3,7,15,23],[11,15,23,7,19,3],[23,3,19,7,15,11,4],[3,7,23,19,11,15],[15,23,7,3,19,11,1],[19,3,15,11,23,7],[19,11,15,3,23,7],[19,15,23,3,7,11],[7,3,19,23,11,15,1],[3,23,11,15,19,7,9],[15,23,11,7,3,19],[3,15,7,11,19,23,2,9,6],[19,3,23,11,7,15,5,4],[23,19,3,7,15,11],[11,3,15,19,7,23],[7,3,23,19,11,15,1],[7,3,19,15,11,23],[11,3,23,15,7,19],[19,7,15,11,3,23],[3,23,7,11,19,15],[15,11,23,3,7,19,8,4],[23,3,7,19,15,11],[15,23,19,3,7,11,2,12],[11,15,23,19,7,3],[15,23,19,11,3,7],[11,3,23,15,19,7,2,12],[15,7,3,11,19,23],[23,15,11,7,3,19,8,4],[3,7,15,19,11,23],[23,7,11,15,19,3],[15,23,3,7,11,19],[11,23,3,15,19,7],[15,19,11,3,7,23],[3,19,7,15,11,23,10,4],[23,15,3,19,11,7],[19,23,15,11,7,3],[15,3,19,7,23,11],[15,19,11,23,3,7,5,1,2,8,4],[7,19,11,23,3,15],[15,11,19,7,3,23,1],[15,3,7,23,11,19],[19,15,7,11,23,3],[11,15,23,19,7,3],[3,7,11,23,15,19,22,9],[15,7,3,19,11,23],[19,11,3,7,23,15,9],[15,3,11,19,23,7,5,4],[7,3,19,15,23,11],[7,15,23,19,11,3,21],[23,11,7,3,15,19,10,4],[19,7,23,15,11,3],[7,23,3,19,15,11,14],[19,23,7,11,3,15],[23,3,15,11,19,7],[3,23,11,19,15,7],[19,7,3,15,11,23],[3,19,11,23,7,15,10,4],[19,15,11,3,23,7],[15,11,19,7,3,23],[15,19,11,3,7,23],[11,23,3,19,15,7,10,4],[15,11,23,19,3,7,1],[23,19,7,3,15,11,4],[23,7,11,15,3,19],[19,7,3,11,23,15,4],[23,11,19,15,7,3],[11,23,3,15,19,7,5,4],[23,11,19,3,7,15],[11,23,7,3,19,15,2,12],[11,15,23,7,3,19],[15,7,19,23,11,3,10,1,12],[19,15,3,7,23,11,4],[3,23,15,7,11,19,4],[7,19,15,3,23,11],[23,19,15,3,11,7],[7,23,11,3,19,15],[7,23,19,11,15,3],[3,11,7,19,15,23],[19,3,23,11,15,7,9],[11,7,19,23,15,3],[19,7,23,3,15,11],[15,23,11,7,3,19,18,4],[23,11,19,15,7,3],[19,23,15,11,3,7,6],[23,11,19,7,15,3,22,2,12],[3,11,23,19,7,15],[3,23,7,19,11,15],[7,23,19,11,3,15],[19,23,7,11,15,3,9],[11,23,19,3,15,7],[23,19,15,7,3,11],[19,11,15,3,7,23,4],[7,23,3,11,15,19],[23,15,3,19,11,7],[7,11,23,19,15,3],[7,23,19,15,3,11],[11,23,15,7,3,19,2,12],[11,19,7,23,15,3],[15,23,3,19,11,7],[19,7,3,15,11,23,1],[15,23,3,11,19,7,2,10,4],[3,7,19,15,23,11],[11,19,3,23,15,7],[15,23,19,3,7,11],[23,15,3,7,19,11],[7,11,23,19,3,15],[11,23,7,19,3,15,10,4],[19,15,23,7,11,3,10,2,12],[7,23,3,19,15,11],[11,7,19,3,15,23,6],[19,11,23,7,3,15],[19,15,3,7,23,11,4],[23,19,3,7,15,11],[19,7,3,23,15,11],[23,7,11,19,15,3,5,1,8,4],[3,15,11,19,7,23],[7,15,23,3,11,19],[23,19,3,15,7,11],[7,15,23,19,11,3],[15,11,3,23,7,19],[7,23,11,19,3,15],[15,11,19,7,23,3,12],[15,7,11,23,3,19],[11,19,3,23,15,7,4],[19,23,3,11,7,15],[23,19,7,3,15,11,12],[11,3,7,15,19,23,10,4],[15,3,23,19,7,11,5,1,4],[15,3,23,19,7,11],[19,3,23,15,11,7],[11,3,19,23,15,7],[7,15,11,19,3,23,4],[23,7,15,3,11,19],[11,15,7,19,23,3],[11,7,15,23,3,19],[19,15,7,11,23,3,12],[7,23,15,11,19,3],[3,19,15,11,7,23,4],[23,11,19,15,7,3],[7,3,23,19,11,15,10,2,4],[3,11,23,15,19,7],[3,7,23,15,19,11],[23,3,19,7,11,15,12],[15,19,23,3,7,11],[3,19,15,23,11,7,10,2,4],[11,15,7,19,23,3],[11,7,19,15,23,3,1],[3,7,15,11,23,19,16],[11,15,19,3,7,23],[15,3,19,23,11,7],[19,23,3,11,15,7],[23,19,3,15,11,7],[23,3,11,15,7,19,1],[11,15,19,7,3,23,2,10,12],[11,7,15,19,23,3],[23,15,11,7,3,19,4],[19,23,3,7,15,11],[19,3,7,11,15,23],[23,15,3,19,11,7],[23,11,19,3,7,15],[19,11,7,23,3,15,9],[3,15,23,11,7,19],[19,15,7,3,11,23],[15,3,23,11,19,7],[19,3,11,15,23,7,12],[11,3,19,15,7,23],[15,11,23,3,7,19,12],[19,3,11,23,7,15,4],[19,15,3,23,7,11],[19,3,11,23,7,15],[11,23,7,15,19,3,10,1,12],[7,3,11,15,23,19],[19,11,7,23,3,15],[23,19,11,7,3,15],[23,7,15,19,3,11],[11,3,19,23,15,7],[15,7,3,19,23,11,9],[7,11,15,23,3,19,9],[15,3,7,11,23,19],[15,7,19,3,11,23,4],[7,23,19,15,3,11],[11,7,23,15,3,19],[15,11,3,7,19,23,8,4],[3,7,15,23,11,19,1],[15,11,7,3,19,23,1],[19,15,7,11,3,23],[7,15,11,19,23,3,6],[3,11,15,19,7,23],[11,23,7,15,19,3,12],[19,11,15,3,23,7],[7,11,3,23,15,19],[7,3,15,23,19,11,1],[19,7,23,11,3,15,8,4],[19,7,3,15,23,11],[11,15,3,7,19,23],[3,15,23,19,11,7,8,4],[11,3,19,23,7,15],[3,15,11,23,7,19,2,12],[15,19,11,7,3,23],[23,15,19,7,11,3],[15,3,7,23,19,11],[3,19,15,7,23,11],[3,19,11,7,23,15,9],[11,19,15,7,3,23,4],[15,3,19,7,11,23],[19,3,15,23,7,11],[7,19,11,15,3,23],[7,11,3,19,15,23],[3,19,15,7,11,23,10,4],[15,23,3,7,11,19,4],[15,19,3,11,23,7],[19,15,23,3,11,7],[15,19,3,11,23,7],[11,7,19,3,15,23],[3,11,15,23,19,7],[23,15,3,7,11,19],[15,3,7,23,19,11],[3,19,11,7,23,15],[23,15,11,7,19,3,9],[19,15,7,11,3,23],[15,23,3,19,7,11],[15,3,11,23,7,19],[3,7,11,15,19,23],[11,15,23,7,19,3],[19,11,23,3,15,7],[15,7,3,11,19,23],[23,7,11,3,19,15],[23,15,7,3,11,19],[23,11,15,3,19,7],[7,11,3,19,15,23,9],[23,3,15,7,11,19],[7,15,19,23,11,3,1],[7,11,19,23,3,15],[3,11,23,7,15,19],[19,15,3,7,23,11,5,4],[15,3,7,23,19,11],[3,23,15,11,19,7],[7,19,3,23,15,11,9],[11,23,3,15,7,19],[15,23,11,7,19,3,1],[15,19,11,7,3,23],[15,19,23,11,7,3,14],[11,19,3,23,15,7,4],[7,19,15,11,3,23],[3,19,15,23,7,11],[11,15,3,7,19,23],[19,7,23,11,15,3],[15,19,7,11,23,3,4],[3,23,11,15,19,7],[3,7,19,23,11,15],[23,15,3,19,7,11,9],[3,7,11,15,19,23],[23,7,3,15,11,19],[11,23,7,19,3,15],[11,3,19,15,7,23]],"n_human":12}