{"problem_id":"aYhiKG1buBq3xGu","sigma":150,"alpha":3.162,"cost":1,"probabilities":"[0.1, 0.54, 0.15, 0.21]","payoff_matrix":"[[21, 198, 75, 192, -30, -20], [-203, 220, 322, -47, -143, 75], [-111, 15, 19, 43, 140, 163], [-68, -32, 35, 272, 123, 300]]","uncovered":[[2,6,18,14,10,8,22,12],[10,14,18,6,12,8,2],[18,6,10,8,22,14,2,12],[10,2,6,12,18,8,22],[22,6,10,8,14,2,18,12],[2,22,18,14,10],[2,22,6,18,10,8,14,12],[22,10,2,14,18],[2,10,6,12,8,14,22],[18,6,14,2,10,8,22,12],[18,14,10,22,2],[14,2,10,22,6,8,18,12],[18,2,6,10,12,8,14],[18,2,10,14,22],[18,22,14,10,2],[2,18,14,22,10],[2,14,22,10,6,12,8],[10,22,2,18,14,6,12,8],[6,10,8,2,22,14,18,12],[14,22,6,2,10,8,18,12],[18,6,14,2,10,8,22,12],[14,6,22,2,10,8,18,12],[14,6,18,10,8,22,2,12],[2,18,14,6,22,10,12,8],[6,18,14,22,10,8,2,12],[14,10,6,12,8,22,18],[10,22,6,8,18,2,14,12],[2,14,18,10,6,12,8],[18,2,22,6,14,10,12,8],[14,18,2,10,6,12,22,8],[14,6,2,18,10,8,22,12],[6,22,10,8,18,2,14,12],[14,22,6,18,10,12,8],[22,14,2,6,10,12,8],[10,14,22,18,2],[2,10,14,18,6,8,22,12],[14,6,10,8,18,22,2,12],[2,6,10,12,8,18,14],[10,18,6,12,8,14,22],[2,22,14,10,6,8,18,12],[10,2,14,18,6,8,22,12],[14,6,10,12,8,2,18],[18,10,2,6,12,22,8],[18,6,22,2,14,10,8,12],[18,22,14,6,2,10,8,12],[10,22,14,2,6,12,8],[2,22,10,6,8,14,18,12],[10,22,6,8,18,14,2,12],[18,14,2,10,6,8,22,12],[10,14,6,8,2,18,22,12],[6,10,12,22,18,8,2],[14,2,22,6,10,12,8],[6,22,10,8,14,18,2,12],[22,2,18,6,10,8,14,12],[2,10,14,18,22],[10,18,6,8,2,22,14,12],[14,10,2,18,22],[14,2,22,18,6,10,12,8],[10,22,14,18,2],[6,14,2,18,22,10,12,8],[2,6,10,12,8,14,18],[18,14,22,6,2,10,8,12],[6,10,12,2,8,22,18],[18,14,6,10,8,2,22,12],[10,14,2,18,6,12,8],[18,10,14,6,8,2,22,12],[6,2,18,10,12,8,14],[6,14,10,12,8,2,22],[6,10,8,22,18,14,2,12],[2,10,14,6,12,18,8],[6,10,8,22,2,18,14,12],[10,2,22,14,18],[6,22,18,2,14,10,12,8],[22,10,6,12,8,18,2],[10,2,14,22,6,8,18,12],[14,18,2,10,22],[14,10,18,6,12,8,2],[18,14,10,6,12,8,22],[18,2,6,22,14,10,12,8],[14,6,2,22,10,8,18,12],[2,6,14,22,18,10,12,8],[2,18,14,10,6,12,8],[6,18,14,22,2,10,12,8],[14,2,10,6,12,8,22],[2,18,14,6,22,10,12,8],[18,10,14,2,22],[2,10,22,14,6,8,18,12],[14,10,6,8,22,2,18,12],[14,2,6,10,12,8,18],[14,10,18,6,12,8,2],[18,22,6,2,14,10,8,12],[22,18,2,10,6,12,8],[18,10,2,14,6,12,8],[18,2,22,14,6,10,8,12],[14,2,10,6,12,8,22],[2,14,18,6,10,8,22,12],[6,14,10,12,22,8,2],[6,14,22,18,10,8,2,12],[14,10,22,18,2],[2,10,22,6,8,14,18,12],[6,10,8,14,2,18,22,12],[6,18,10,12,8,2,22],[6,14,18,22,10,8,2,12],[22,6,14,10,12,18,8],[14,18,2,10,6,8,22,12],[2,22,18,14,6,10,8,12],[6,2,18,22,10,8,14,12],[22,14,2,6,18,10,8,12],[10,22,2,6,8,18,14,12],[2,14,10,22,6,12,8],[2,14,18,22,10],[22,18,6,14,10,8,2,12],[10,6,12,14,8,18,22],[6,2,18,14,22,10,12,8],[6,2,14,18,22,10,12,8],[18,6,14,22,2,10,12,8],[6,2,10,12,8,18,14],[18,22,2,10,6,8,14,12],[10,2,14,22,18],[2,14,18,10,6,8,22,12],[10,6,12,8,22,14,2],[2,22,10,18,6,8,14,12],[14,10,2,18,6,8,22,12],[14,10,18,2,6,12,22,8],[22,6,14,10,8,2,18,12],[10,6,12,22,8,14,18],[22,2,18,10,14],[14,2,18,10,6,12,8],[10,22,14,6,8,18,2,12],[2,6,14,18,22,10,8,12],[18,14,2,10,22],[6,22,10,12,14,2,8],[22,6,14,18,2,10,12,8],[14,10,18,2,6,8,22,12],[2,22,6,18,10,12,14,8],[18,10,6,8,2,14,22,12],[10,6,8,22,2,14,18,12],[6,14,10,8,2,22,18,12],[2,10,22,18,14],[22,18,6,10,8,14,2,12],[22,6,18,14,10,12,8],[2,22,14,18,10,6,12,8],[14,18,2,6,22,10,8,12],[14,10,2,22,6,12,8],[14,10,2,6,8,22,18,12],[18,14,2,10,6,12,8],[14,22,2,6,10,12,8],[18,10,6,12,2,8,22],[14,2,10,22,6,8,18,12],[10,6,8,2,22,14,18,12],[6,14,18,2,22,10,8,12],[14,6,10,12,2,8,18],[2,18,10,6,8,14,22,12],[18,14,6,10,8,2,22,12],[18,10,14,2,6,12,8],[18,6,2,10,12,8,22],[6,2,10,12,8,22,18],[2,6,10,12,8,22,14],[2,6,14,18,10,8,22,12],[18,2,6,22,10,12,8],[2,10,14,22,6,12,8],[10,18,22,6,8,14,2,12],[6,18,14,2,22,10,8,12],[14,6,22,2,10,12,8],[22,10,6,8,18,14,2,12],[22,10,14,6,8,18,2,12],[2,14,10,18,6,8,22,12],[14,2,10,6,8,18,22,12],[18,10,6,8,14,2,22,12],[10,2,14,22,6,8,18,12],[18,2,10,6,12,8,14],[22,10,18,2,14],[14,22,2,10,6,12,8],[6,10,12,8,18,14,22],[22,6,10,12,2,8,18],[18,10,2,6,8,22,14,12],[10,2,18,6,8,14,22,12],[22,2,6,10,12,8,14],[14,18,2,6,10,12,8],[6,14,10,8,2,18,22,12],[14,2,18,22,6,10,8,12],[18,22,2,6,10,8,14,12],[10,18,14,2,6,12,8],[6,14,2,22,18,10,12,8],[18,22,10,14,6,12,8],[10,2,22,18,14],[2,6,14,18,22,10,8,12],[10,6,12,8,14,2,18],[22,10,14,6,8,2,18,12],[2,6,10,8,22,18,14,12],[2,6,10,12,8,22,18],[10,2,6,8,22,18,14,12],[2,14,6,18,22,10,12,8],[18,10,2,22,14],[18,6,14,22,10,8,2,12],[10,22,18,6,8,2,14,12],[2,10,14,18,22,6,12,8],[2,6,10,8,14,18,22,12],[14,6,18,2,22,10,8,12],[22,14,10,2,6,8,18,12],[10,18,14,2,6,12,8],[22,6,14,10,8,2,18,12],[2,22,14,10,6,12,8],[2,22,10,14,6,12,8],[6,14,2,22,10,12,18,8],[10,22,2,18,6,12,8],[18,6,2,14,10,8,22,12],[14,10,22,2,6,12,8],[14,22,18,10,2,6,8,12],[10,22,2,14,6,12,8],[14,6,22,18,10,12,2,8],[10,6,12,8,18,22,2],[14,18,22,10,2],[18,10,14,2,22],[22,18,10,6,8,14,2,12],[6,18,10,12,8,2,14],[22,18,10,14,2,6,8,12],[14,2,10,18,6,8,22,12],[2,10,6,12,8,18,22],[18,2,6,22,14,10,8,12],[18,14,10,2,22],[6,22,2,14,18,10,12,8],[22,14,18,10,6,12,8],[14,10,6,8,2,18,22,12],[6,14,18,10,8,22,2,12],[18,14,2,6,22,10,12,8],[18,2,6,22,14,10,12,8],[14,18,10,22,6,8,2,12],[14,18,6,22,10,12,8],[10,18,6,12,8,14,22],[14,2,22,18,6,10,12,8],[14,6,10,12,8,22,2],[2,22,18,6,10,12,8],[2,14,18,22,10],[14,6,22,10,12,2,8],[22,18,2,14,10],[10,6,12,22,8,2,14],[14,2,10,6,12,8,22],[10,6,12,8,2,22,14],[18,2,14,22,10],[6,18,2,22,14,10,12,8],[14,18,22,6,10,8,2,12],[22,10,2,6,12,14,8],[18,2,22,10,14],[14,10,18,22,6,8,2,12],[18,6,10,12,8,2,14],[22,14,2,18,10],[22,2,10,6,12,8,14],[6,18,22,2,10,8,14,12],[2,10,18,14,6,12,8],[14,22,18,2,6,10,12,8],[22,18,14,2,10],[18,22,6,2,14,10,12,8],[22,6,18,2,10,8,14,12],[6,10,8,2,18,14,22,12],[18,6,22,2,10,8,14,12],[6,18,22,2,14,10,12,8],[22,2,18,14,6,10,12,8],[10,22,14,2,18],[14,10,2,18,22,6,8,12],[2,22,10,14,18],[18,14,10,22,6,8,2,12],[6,14,18,10,8,22,2,12],[6,14,2,22,18,10,12,8],[10,6,8,22,14,18,2,12],[10,18,22,14,2],[10,2,18,22,6,12,8],[22,2,14,10,18],[6,18,14,10,8,22,2,12],[10,22,18,2,6,8,14,12],[6,10,8,14,22,18,2,12],[22,6,2,10,12,8,14],[6,14,2,22,10,8,18,12],[6,18,2,14,10,8,22,12],[6,2,14,18,22,10,8,12],[2,10,14,18,22],[10,2,6,12,8,18,14],[18,22,2,14,10],[14,2,18,10,22],[22,14,2,6,18,10,12,8],[6,18,10,12,8,22,2],[22,10,14,6,12,8,2],[18,22,10,14,6,8,2,12],[10,2,18,6,12,8,14],[14,6,22,18,10,12,2,8],[14,6,22,18,2,10,12,8],[18,2,22,10,14],[22,14,6,10,12,8,18],[22,2,14,10,6,12,8],[22,18,14,10,6,8,2,12],[22,14,6,2,10,12,8],[6,18,14,10,8,22,2,12],[2,6,22,18,14,10,8,12],[14,6,10,12,8,22,18],[14,2,10,22,6,8,18,12],[14,6,2,10,12,8,22],[10,18,2,22,6,12,8],[10,18,2,6,8,22,14,12],[2,6,10,8,14,18,22,12],[18,10,2,6,8,14,22,12],[6,2,10,8,22,14,18,12],[10,22,6,8,2,14,18,12],[2,18,14,22,10],[6,14,2,18,10,12,8],[6,10,8,18,14,2,22,12],[18,14,10,2,22],[2,18,14,22,10],[10,14,2,6,8,18,22,12],[10,6,12,8,22,14,18],[14,2,10,6,12,8,22],[22,14,18,6,10,8,2,12],[2,18,22,6,10,12,8],[10,6,8,2,22,18,14,12],[10,6,8,22,2,14,18,12],[22,10,6,8,14,2,18,12],[10,6,8,22,2,14,18,12],[18,10,2,6,12,8,14],[10,6,12,8,22,2,14],[22,6,10,8,2,18,14,12],[10,22,6,12,8,18,14],[18,6,10,8,14,2,22,12],[22,10,14,2,6,12,8],[14,6,10,8,2,22,18,12],[18,10,14,22,6,8,2,12],[10,18,6,12,8,22,2],[6,2,10,8,14,18,22,12],[6,18,22,2,10,8,14,12],[6,18,14,10,8,22,2,12],[2,18,10,6,8,14,22,12],[2,6,10,8,14,22,18,12],[6,10,12,2,8,18,14],[14,22,10,2,6,8,18,12],[18,10,6,12,8,14,2],[14,6,18,10,12,8,2],[2,10,18,14,6,8,22,12],[2,10,14,18,22],[10,18,22,2,6,12,8],[14,6,22,10,12,8,2],[2,14,6,18,10,8,22,12],[2,10,14,18,6,8,22,12],[14,10,18,2,6,8,22,12],[2,10,6,12,22,18,8],[2,22,10,14,6,12,8],[6,18,22,2,10,8,14,12],[6,2,14,22,10,8,18,12],[14,10,18,22,2],[6,14,18,22,10,8,12],[10,14,22,18,2,6,8,12],[22,10,2,6,8,18,14,12],[6,10,12,22,8,18,14],[14,10,22,2,18],[6,2,22,18,14,10,12,8],[6,18,14,22,2,10,8,12],[18,14,2,6,22,10,12,8],[14,2,10,6,8,22,18,12],[14,6,18,10,8,2,22,12],[22,18,14,2,6,10,12,8],[18,10,22,6,12,8,14],[14,2,18,6,22,10,12,8],[14,22,10,2,6,8,18,12],[2,14,18,6,22,10,8,12],[10,18,6,12,2,8,22],[22,2,14,6,18,10,12,8],[18,14,10,6,12,2,8],[18,10,14,6,12,8,22],[2,22,14,10,18],[10,22,2,6,8,18,14,12],[18,6,10,12,8,14,22],[10,6,12,8,2,18,22],[6,10,8,2,14,22,18,12],[18,2,10,14,22],[2,6,22,18,14,10,12,8],[22,6,2,18,10,8,14,12],[10,22,18,2,14],[18,6,14,22,2,10,8,12],[14,2,10,22,6,12,8],[14,2,22,6,18,10,12,8],[14,18,2,10,6,8,22,12],[10,22,14,6,12,8,2],[22,14,6,10,8,2,18,12],[6,18,10,12,8,2,22],[2,14,22,18,10],[18,14,6,10,8,22,2,12],[22,6,14,10,8,2,18,12],[6,14,10,8,2,22,12],[22,10,18,14,6,8,2,12],[10,18,2,6,8,14,22,12],[18,22,2,6,14,10,12,8],[10,2,22,18,14],[14,10,22,18,2],[14,2,18,6,22,10,8,12],[18,14,10,6,12,8,2],[10,6,8,2,22,18,14,12],[2,6,14,18,22,10,8,12],[18,14,2,22,10],[22,6,14,10,12,8,18],[14,18,2,10,6,8,22,12],[14,2,6,10,12,8,22],[22,6,2,14,18,10,8,12],[14,2,18,10,6,12,8],[22,6,18,14,2,10,12,8],[2,22,6,14,18,10,8,12],[2,22,6,10,12,8,14],[6,22,14,18,2,10,12,8],[22,6,14,18,2,10,12,8],[14,22,10,18,6,8,2,12],[22,18,14,6,2,10,8,12],[22,10,14,18,6,8,2,12],[10,2,6,12,14,8,18],[2,10,22,14,6,8,18,12],[14,6,10,8,2,18,22,12],[22,2,18,6,14,10,12,8],[2,22,18,14,6,10,8,12],[2,18,22,14,10],[18,2,6,10,12,14,8],[22,10,14,2,18,6,8,12],[14,10,22,6,8,2,18,12],[14,10,6,8,18,2,22,12],[10,2,22,14,6,12,8],[22,18,6,2,14,10,12,8],[10,6,8,18,2,14,22,12],[18,6,10,8,14,22,2,12],[2,18,22,6,10,8,14,12],[22,10,6,8,2,18,14,12],[14,18,6,10,12,8,22],[6,2,22,18,14,10,12,8],[2,22,6,10,8,14,18,12],[22,10,18,14,6,8,2,12],[10,6,12,8,18,2,14],[22,10,14,2,18],[18,6,10,12,2,8,14],[6,2,22,14,18,10,8,12],[2,22,10,6,8,18,14,12],[10,14,6,8,22,18,2,12],[6,2,18,22,14,10,12,8],[18,14,2,6,22,10,12,8],[22,10,6,12,18,8,2],[14,2,10,22,6,12,8],[18,22,6,10,8,2,14,12],[18,10,14,22,2],[2,18,22,14,10],[6,22,10,8,2,14,18,12],[10,22,18,2,14],[18,14,22,10,6,12,8],[22,2,18,14,6,10,12,8],[6,14,22,18,10,12,2,8],[22,2,14,10,18],[22,6,2,14,18,10,12,8],[22,14,10,2,6,12,8],[22,14,18,2,6,10,12,8],[14,10,18,6,12,8,2],[10,6,12,8,22,18,14],[14,22,10,18,2],[6,22,18,14,10,12,8],[2,10,14,6,12,8,22],[6,14,10,8,18,22,2,12],[2,18,22,6,14,10,12,8],[18,10,14,6,12,8,22],[2,14,18,22,6,10,12,8],[14,6,2,10,8,18,22,12],[10,22,6,8,2,18,14,12],[2,18,14,22,10],[14,18,6,2,10,12,8],[6,2,18,22,10,8,14,12],[18,6,2,22,10,12,8],[2,18,22,6,14,10,8,12],[10,22,6,12,8,14,2],[22,2,14,18,10],[22,6,18,14,10,12,8],[18,10,2,6,12,8,14],[18,14,2,10,22],[14,18,22,6,10,8,2,12],[14,10,2,6,8,18,22,12],[6,2,10,12,8,18,22],[22,2,6,10,8,18,14,12],[18,2,6,10,12,8,22],[14,6,18,2,22,10,12,8],[10,14,6,8,22,2,18,12],[18,14,6,2,10,8,22,12],[6,10,12,14,22,8,2],[6,2,22,14,10,8,18,12],[2,18,10,14,22],[10,6,8,2,14,18,22,12],[18,2,14,6,22,10,12,8],[10,6,12,8,22,18,14],[10,14,6,12,8,22,18],[14,22,6,2,18,10,8,12],[18,6,10,8,14,2,22,12],[14,6,10,8,2,18,22,12],[18,10,14,22,6,8,2,12],[10,2,6,12,8,18,14],[10,18,6,12,8,2,14],[6,14,18,2,10,8,22,12],[6,22,2,10,12,8,14],[6,10,12,8,14,2,18],[2,10,6,12,8,22,18],[18,22,14,10,2],[22,2,14,10,6,8,18,12],[14,6,2,10,12,8,18],[14,10,18,6,8,2,22,12],[10,22,6,8,2,14,18,12],[18,22,14,6,2,10,12,8],[22,18,6,10,8,14,2,12],[6,22,10,8,14,18,2,12],[18,22,14,6,2,10,12,8],[18,2,10,6,8,14,22,12],[14,10,18,22,2],[10,18,22,6,8,2,14,12],[2,22,6,14,10,12,8],[22,14,2,10,6,8,18,12],[22,2,14,18,10],[18,22,14,10,6,12,8],[6,14,18,2,22,10,8,12],[2,22,18,10,14],[6,22,18,10,8,2,14,12],[22,14,2,18,6,10,8,12],[2,18,10,14,22],[6,10,12,8,18,22,2],[22,2,10,6,12,8,14],[14,22,2,6,10,8,18,12],[18,22,6,10,8,2,14,12],[10,18,14,2,6,8,22,12],[18,2,6,10,12,8,14],[18,14,6,10,8,2,22,12],[10,18,2,22,14],[18,14,10,6,12,22,2,8],[10,14,18,22,2],[2,18,22,14,10,6,12,8],[14,18,10,6,8,2,22,12],[2,22,14,6,18,10,8,12],[2,18,6,14,10,8,22,12],[22,6,2,14,18,10,8,12],[2,14,6,18,22,10,8,12],[18,6,14,10,12,8,22],[2,22,10,6,12,8,18],[6,10,12,8,2,18,22],[10,22,18,14,2],[14,10,2,22,6,8,18,12],[22,14,18,6,2,10,12,8],[22,10,6,8,18,14,2,12],[2,18,10,14,22],[18,10,6,12,14,8,2],[14,22,6,2,18,10,12,8],[2,6,14,18,22,10,12,8],[14,18,6,2,22,10,8,12],[22,2,18,10,14],[6,10,12,22,14,8,18],[18,10,22,6,12,8,14],[2,22,6,18,10,12,8],[10,22,18,14,2],[22,14,2,6,18,10,12,8],[6,14,10,8,18,2,22,12],[18,22,10,14,6,8,2,12],[22,14,10,2,18],[22,14,6,18,2,10,12,8],[22,10,6,8,14,2,18,12],[10,22,14,6,8,2,18,12],[22,10,6,12,18,8,2],[22,18,10,14,2],[22,6,10,12,8,14,18],[10,18,2,14,22],[2,14,18,6,10,8,22,12],[6,22,18,10,12,8,2],[22,10,6,12,8,18,2],[2,22,18,6,10,8,14,12],[18,10,2,6,12,8,22],[10,18,14,22,6,8,2,12],[18,14,2,10,6,8,22,12],[22,6,10,12,8,2,14],[14,10,2,18,22],[10,14,6,8,2,22,18,12],[22,6,18,2,10,8,14,12],[10,14,22,6,12,2,8],[22,10,6,8,18,2,14,12],[6,18,10,8,22,2,14,12],[6,2,14,10,8,22,18,12],[6,2,10,8,22,14,18,12],[18,14,22,6,2,10,12,8],[10,14,22,2,18],[18,10,14,22,6,12,2,8],[22,18,14,10,2],[6,10,8,22,18,2,14,12],[14,10,18,2,6,12,22,8],[2,18,14,22,10],[22,6,14,18,10,12,8],[22,14,10,2,18],[6,22,2,18,14,10,12,8],[2,14,18,22,6,10,8,12],[10,6,8,2,22,14,18,12],[10,6,8,22,14,18,2,12],[2,10,14,18,22],[18,2,6,10,8,22,14,12],[14,2,18,22,10],[14,18,22,6,10,12,8],[2,10,22,14,6,12,8],[22,2,18,10,6,12,8],[2,22,10,18,6,8,14,12],[18,2,22,14,6,10,8,12],[14,6,2,10,12,8,18],[22,2,10,18,14],[10,18,14,22,2],[22,14,6,10,12,8,18],[10,14,22,18,6,12,8],[6,2,14,10,8,22,18,12],[22,18,2,10,14],[18,22,2,10,6,12,8],[2,22,18,14,6,10,12,8],[14,18,10,6,8,2,22,12],[10,14,22,2,18],[14,2,18,22,6,10,12,8],[6,18,22,10,12,8,2],[2,18,14,10,22],[10,18,2,22,6,8,14,12],[18,14,2,22,6,10,8,12],[22,18,2,10,6,8,14,12],[2,18,10,14,22],[14,2,10,6,8,18,22,12],[14,18,22,6,10,12,8],[14,18,22,6,2,10,12,8],[6,14,22,18,2,10,12,8],[14,18,10,2,22],[14,2,18,6,22,10,8,12],[2,10,14,6,12,8,18],[2,14,18,6,22,10,8,12],[22,14,10,18,6,12,8],[2,18,10,22,14],[6,14,2,18,22,10,8,12],[2,10,14,22,6,8,18,12],[18,2,10,14,22],[18,22,10,6,12,14,8],[14,22,10,2,18],[10,6,8,2,22,14,18,12],[22,6,14,18,2,10,12,8],[18,2,22,6,10,8,14,12],[6,22,14,10,12,18,8],[18,10,6,8,22,14,2,12],[18,22,10,6,12,14,8],[10,14,2,6,12,8,22],[6,10,12,8,14,2,22],[14,18,2,6,22,10,12,8],[18,2,10,6,8,14,22,12],[22,6,18,2,14,10,8,12],[22,18,10,14,2],[18,14,6,10,12,8,2],[6,10,8,22,2,14,18,12],[10,22,18,6,8,14,2,12],[6,10,8,22,2,14,18,12],[2,18,22,6,14,10,8,12],[18,2,22,6,10,8,14,12],[18,2,14,22,10],[18,2,22,10,14],[14,6,22,18,2,10,8,12],[22,14,18,6,2,10,8,12],[18,14,6,2,10,8,22,12],[10,2,14,6,12,8,18],[6,18,10,8,14,22,2,12],[18,10,22,2,6,12,8],[18,10,14,2,6,12,8],[6,14,18,22,2,10,12,8],[2,6,18,22,10,12,8],[22,14,2,18,6,10,8,12],[14,10,2,22,18],[22,2,14,10,18],[22,10,18,6,12,8,2],[10,2,6,12,8,14,22],[6,18,14,22,10,8,2,12],[22,10,14,2,18],[18,10,22,6,12,8,2],[18,22,2,6,10,12,8],[22,10,2,6,8,14,18,12],[14,6,10,12,8,18,22],[22,6,10,8,18,2,14,12],[10,14,6,12,8,2,18],[18,22,10,14,6,8,2,12],[14,22,2,18,6,10,8,12],[14,2,18,10,22],[14,10,18,2,6,8,22,12],[14,22,10,6,8,2,18,12],[18,2,14,10,22],[10,18,6,12,22,8,2],[18,6,10,8,22,2,14,12],[18,10,6,8,22,2,14,12],[2,10,18,14,6,8,22,12],[14,10,22,6,8,18,2,12],[18,22,14,2,6,10,8,12],[14,2,22,6,10,12,8],[14,22,6,18,10,12,2,8],[6,10,12,8,14,22,18],[14,18,6,10,8,22,2,12],[10,2,22,18,6,12,8],[6,2,14,18,10,12,8],[6,2,22,18,14,10,12,8],[10,14,2,22,18],[2,10,6,8,18,22,14,12],[10,18,22,14,6,8,2,12],[10,18,6,12,22,8,14],[18,10,14,6,8,22,2,12],[14,22,10,18,6,8,2,12],[6,14,18,2,10,12,8],[6,22,18,10,12,2,8],[22,18,14,2,6,10,12,8],[14,10,2,6,8,18,22,12],[18,10,2,14,6,8,22,12],[10,18,2,14,6,12,8],[10,14,18,6,12,8,2],[6,2,14,18,10,12,8],[18,2,6,10,8,14,22,12],[6,22,14,18,10,8,2,12],[2,18,14,22,10],[2,6,18,14,22,10,8,12],[22,10,14,18,2],[14,6,2,10,8,18,22,12],[2,14,18,22,10],[10,6,12,18,8,14,2],[18,22,10,2,6,12,8],[18,14,22,10,6,8,2,12],[2,22,18,14,6,10,12,8],[22,14,10,2,18],[18,22,10,6,12,8,14],[2,22,18,10,6,12,8],[18,2,10,22,14],[10,2,18,14,22],[18,6,22,2,14,10,12,8],[2,18,10,22,6,12,8],[18,14,10,6,12,8,22],[6,22,10,8,18,2,14,12],[10,22,14,18,6,8,2,12],[2,18,14,10,22],[14,6,10,8,22,18,2,12],[2,10,22,18,14],[22,6,14,2,18,10,8,12],[10,6,8,22,14,18,2,12],[14,6,18,10,8,2,22,12],[2,10,22,14,18],[10,22,2,6,12,8,18],[18,22,6,14,10,12,2,8],[6,18,10,12,8,14,2],[14,2,22,10,18],[14,2,18,10,6,12,8],[14,6,2,22,10,8,18,12],[18,2,6,22,14,10,12,8],[6,22,18,2,10,12,8],[14,22,10,6,8,2,18,12],[14,18,6,10,8,22,2,12],[10,14,22,6,8,18,2,12],[6,22,10,12,18,8,14],[10,2,14,6,12,8,18],[22,10,6,12,8,14,18],[2,14,22,6,10,8,18,12],[10,22,14,6,12,18,8],[10,2,18,14,6,8,22,12],[2,6,22,18,10,12,14,8],[18,6,10,12,8,22,2],[10,6,12,8,18,22,2],[2,18,6,14,22,10,8,12],[18,2,14,10,22],[18,2,6,22,10,8,14,12],[2,6,22,10,12,14,8],[2,10,22,14,6,8,18,12],[6,14,10,8,22,18,2,12],[22,18,10,2,14],[10,22,6,8,18,2,14,12],[2,18,14,22,10],[2,6,22,10,8,14,18,12],[14,22,2,10,6,8,18,12],[14,6,22,10,8,18,2,12],[6,14,22,2,10,12,8],[2,6,10,12,14,8,22],[6,10,12,8,18,14,22],[10,2,6,8,22,18,14,12],[10,22,14,2,18],[14,18,2,6,22,10,8,12],[14,18,6,10,12,8,2],[10,6,8,18,14,22,2,12],[18,22,14,2,6,10,12,8],[22,10,18,6,8,2,14,12],[18,2,6,14,10,12,8],[18,14,22,10,6,8,2,12],[14,10,2,6,12,18,8],[18,10,14,2,22],[2,14,18,10,22],[18,22,10,6,8,14,2,12],[6,22,2,10,12,8,18],[18,14,6,22,2,10,12,8],[10,6,12,8,2,14,22],[14,2,6,10,12,8,22],[2,6,14,22,18,10,8,12],[22,10,2,6,8,14,18,12],[18,22,6,10,12,8,2],[14,6,22,18,10,8,2,12],[10,22,6,8,2,14,18,12],[22,6,18,10,8,2,14,12],[14,6,18,22,10,12,8],[22,18,10,6,12,14,8],[10,14,22,18,2],[6,22,18,2,14,10,12,8],[2,14,22,10,6,12,8],[6,22,2,18,14,10,12,8],[18,2,10,6,8,14,22,12],[18,14,10,2,22],[22,14,2,18,10],[2,22,6,18,10,12,8],[6,14,2,18,10,8,22,12],[22,10,14,18,2],[22,14,6,2,18,10,8,12],[2,18,22,14,6,10,12,8],[6,18,22,14,10,8,2,12],[2,14,22,10,18],[14,18,10,2,22],[10,6,8,18,2,22,14,12],[22,18,6,10,8,2,14,12],[18,6,14,22,2,10,8,12],[6,10,12,2,14,8,18],[14,6,18,10,8,2,22,12],[22,6,14,18,2,10,12,8],[2,18,14,10,6,8,22,12],[14,18,6,10,12,8,22],[14,10,2,18,22],[14,18,10,2,22],[14,18,10,6,8,2,22,12],[6,18,10,8,14,22,2,12],[6,18,10,12,22,8,2],[2,10,18,6,12,8,22],[2,14,10,6,8,18,22,12],[18,10,14,22,2],[2,18,22,14,6,10,12,8],[22,10,18,14,2],[2,6,10,12,8,18,22],[14,2,6,18,22,10,8,12],[14,6,2,18,22,10,8,12],[18,10,2,6,12,8,22],[22,6,10,8,14,18,2,12],[2,14,18,6,22,10,8,12],[2,18,14,6,10,12,8],[10,2,18,6,8,22,14,12],[10,2,6,12,8,14,18],[6,22,18,2,10,12,8],[18,6,22,10,12,8,2],[14,10,22,18,2],[18,22,14,10,6,12,8],[10,14,18,6,8,2,22,12],[14,2,18,22,6,10,12,8],[10,18,14,22,6,12,8],[18,14,2,22,6,10,12,8],[22,6,18,10,12,8,2],[2,18,14,6,10,12,8],[6,18,22,10,8,2,14,12],[2,14,10,6,12,8,18],[2,18,14,6,22,10,8,12],[2,6,14,10,8,22,18,12],[2,18,6,10,12,8,22],[14,10,18,2,6,12,8],[18,22,6,10,8,2,14,12],[18,14,10,22,2],[22,10,14,18,6,8,2,12],[22,14,2,10,6,8,18,12],[14,2,18,10,22],[18,6,10,12,2,22,8],[18,22,6,2,10,8,14,12],[10,18,22,14,6,12,8],[18,14,6,2,22,10,8,12],[14,22,10,2,18],[22,2,14,6,10,12,8],[22,14,10,18,2],[14,18,22,2,6,10,8,12],[14,10,6,12,8,2,18],[18,22,2,10,6,8,14,12],[10,2,18,6,8,22,14,12],[14,6,2,10,12,8,22],[22,2,10,18,14],[10,14,6,8,2,18,22,12],[22,10,2,18,14],[10,14,2,6,12,8,22],[22,14,18,6,10,12,8],[18,2,6,14,10,12,8],[10,6,8,18,22,14,2,12],[22,18,10,2,14,6,8,12],[6,2,14,22,18,10,12,8],[18,2,14,22,6,10,12,8],[6,2,10,12,8,14,18],[18,2,22,14,6,10,12,8],[18,2,6,14,10,12,8],[18,10,14,6,8,22,2,12],[18,6,2,22,10,8,14,12],[14,18,2,10,6,12,8],[10,2,6,8,18,22,14,12],[14,10,18,22,6,8,2,12],[10,2,22,6,12,18,8],[10,6,12,8,2,14,18],[10,2,22,14,6,12,8],[6,2,10,8,18,22,14,12],[14,6,22,10,8,18,2,12],[2,10,18,22,14],[22,18,2,14,10],[6,22,14,10,12,2,8],[14,2,18,10,22],[6,2,18,22,14,10,8,12],[10,14,22,2,18],[2,18,10,6,8,14,22,12],[14,2,22,18,6,10,8,12],[10,6,8,22,18,14,2,12],[18,2,22,10,6,8,14,12],[6,18,10,12,8,14,2],[22,10,6,8,14,2,18,12],[2,14,18,6,10,8,22,12],[22,18,14,2,10],[22,14,2,6,18,10,12,8],[18,22,6,2,10,8,14,12],[22,10,6,12,14,8,18],[10,18,14,22,6,8,2,12],[10,2,14,6,12,8,22],[2,14,10,18,22],[18,22,10,14,6,12,2,8],[10,18,14,2,22],[6,2,18,22,10,8,14,12],[14,2,18,22,6,10,12,8],[22,6,14,2,10,8,18,12],[2,18,22,6,10,8,14,12],[2,6,14,22,10,12,18,8],[14,6,2,10,12,18,8],[6,14,2,22,10,12,8],[22,18,2,6,10,8,14,12],[18,6,10,8,2,14,22,12],[18,2,22,14,6,10,12,8],[14,2,10,18,22],[10,14,18,6,8,2,22,12],[22,10,6,12,8,14,2],[22,10,18,6,12,8,2],[22,18,14,6,2,10,8,12],[6,14,2,22,18,10,12,8],[22,18,6,2,14,10,12,8],[6,22,2,14,18,10,8,12],[18,22,14,6,10,12,8],[18,14,22,2,10],[6,10,12,2,8,22,18],[10,2,22,14,18],[2,22,10,14,18],[2,14,18,6,22,10,8,12],[22,2,14,18,10],[22,14,10,18,2],[6,22,14,10,8,2,18,12],[18,6,10,8,2,14,22,12],[2,18,14,22,6,10,12,8],[18,14,22,2,10],[10,18,2,22,6,8,14,12],[10,18,6,8,2,22,14,12],[14,10,2,18,6,8,22,12],[18,10,6,8,22,14,2,12],[2,18,14,6,10,12,8],[2,6,10,8,14,18,22,12],[18,2,6,14,10,12,22,8],[18,14,10,2,22],[18,22,2,14,10],[22,6,14,10,12,2,8],[6,2,10,12,8,14,18],[18,10,2,14,22],[6,22,2,10,12,8,18],[14,10,18,22,2],[10,2,14,6,8,22,18,12],[6,18,2,22,14,10,8,12],[18,14,2,10,6,8,22,12],[2,14,6,10,8,18,22,12],[14,22,2,18,10],[10,14,18,6,12,8,22],[22,2,14,6,10,12,8],[14,10,18,6,12,8,2],[6,22,10,8,14,18,2,12],[10,22,14,18,2],[14,18,10,2,22],[14,22,18,6,10,8,2,12],[2,22,18,6,10,8,14,12],[10,6,12,8,14,2,18],[2,18,14,10,6,8,22,12],[6,22,2,10,12,8,18],[14,6,18,10,12,8,2],[14,18,10,6,8,2,22,12],[10,22,18,2,6,12,8],[10,14,2,6,8,18,22,12],[6,10,12,2,8,22,14],[22,14,18,2,6,10,8,12],[10,2,22,6,12,8,18],[22,18,6,2,14,10,12,8],[22,2,10,18,6,12,8],[14,18,2,22,10],[10,18,2,22,14,6,12,8],[2,18,6,10,12,22,8],[2,22,14,10,18],[2,14,22,10,18],[10,6,12,14,8,18,22],[6,22,10,8,2,18,14,12],[6,14,18,2,10,12,8],[22,2,14,18,10],[18,2,14,10,6,8,22,12],[18,6,14,10,12,8,2],[2,22,6,14,10,8,18,12],[22,10,14,2,18],[2,10,14,6,12,8,22],[2,22,10,14,6,8,18,12],[14,22,18,2,6,10,8,12],[14,6,22,2,10,12,18,8]],"n_human":9}