{"problem_id":"klD1PHboiI6GI83","sigma":75,"alpha":0.316,"cost":2,"probabilities":"[0.02000000000000001, 0.04, 0.64, 0.3]","payoff_matrix":"[[-56, 69, -45, 13, -11, -81], [158, 111, -15, 70, 133, 4], [-22, 1, -38, -46, -67, -123], [-17, 31, -20, -11, -19, -48]]","uncovered":[[23,7,19,15,11,3,4,8],[11,3,7,23,19,15,4,8],[3,19,11,7,15,23,8],[19,11,23,15,7,3,4,8],[7,19,15,11,23,3,4,8],[3,7,19,11,23,15,8],[19,15,7,23,11,3,8],[23,7,19,11,15,3,4,8],[11,3,23,15,7,19,8],[15,7,19,3,23,11,8],[7,15,11,3,23,19,8],[11,19,7,15,3,23,4,8],[19,11,3,7,15,23,4,8],[23,11,3,15,7,19,8],[15,7,19,23,3,11,8],[19,7,3,11,23,15,4,8],[19,3,7,23,11,15,8],[11,15,23,7,3,19,4,8],[23,11,7,15,3,19,4,8],[15,7,19,3,11,23,8],[3,19,15,11,23,7,4,8],[7,11,19,15,3,23,8],[3,7,15,23,11,19,4,8],[11,23,19,15,3,7,8],[7,11,15,23,3,19,8],[11,15,7,3,23,19,4,8],[3,7,11,23,19,15,8],[19,15,3,11,7,23,4,8],[23,19,15,11,3,7,8],[15,3,23,19,7,11,8],[15,11,7,19,23,3,8],[19,7,23,15,3,11,4,8],[23,19,3,11,15,7,8],[11,15,23,7,19,3,8],[3,23,7,11,15,19,8],[15,7,3,19,23,11,4,8],[11,19,7,15,3,23,4,8],[19,11,7,23,3,15,4,8],[3,15,11,7,23,19,4,8],[15,7,19,23,11,3,8],[15,3,11,23,19,7,8],[19,23,7,3,11,15,4,8],[3,23,15,11,19,7,8],[11,23,19,7,3,15,8],[19,11,15,23,7,3,8],[7,11,15,19,3,23,8],[19,15,3,23,7,11,4,8],[7,3,11,15,23,19,8],[11,7,15,3,23,19,8],[15,11,19,3,7,23,8],[7,19,11,15,23,3,4,8],[15,7,19,11,23,3,8],[19,23,7,11,15,3,8],[3,19,11,7,15,23,4,8],[15,3,19,7,23,11,8],[19,3,11,7,23,15,8],[23,3,11,15,7,19,4,8],[11,23,7,15,19,3,4,8],[11,15,23,7,19,3,8],[3,23,15,19,7,11,8],[11,3,7,23,19,15,4,8],[3,7,19,11,23,15,4,8],[3,7,23,11,19,15,4,8],[11,23,19,15,7,3,4,8],[3,19,23,15,7,11,8],[11,19,15,7,3,23,8],[3,23,7,19,15,11,8],[7,11,23,15,19,3,8],[15,7,3,19,23,11,4,8],[3,23,7,15,11,19,4,8],[23,11,15,19,7,3,4,8],[3,7,15,11,19,23,4,8],[11,23,19,7,3,15,8],[11,3,15,19,7,23,4,8],[15,11,23,3,7,19,8],[7,19,23,15,3,11,8],[3,15,23,7,11,19,4,8],[7,23,3,15,19,11,8],[15,3,23,7,19,11,4,8],[3,19,15,7,11,23,8],[3,23,11,19,7,15,8],[11,7,3,15,23,19,8],[15,23,3,7,11,19,8],[11,7,19,3,15,23,4,8],[23,3,19,11,15,7,8],[3,7,23,11,19,15,8],[19,23,15,7,11,3,8],[23,3,19,7,15,11,8],[11,7,23,3,19,15,8],[3,7,19,23,11,15,4,8],[11,3,23,19,15,7,4,8],[19,11,3,23,7,15,8],[11,3,15,23,19,7,8],[15,3,7,11,23,19,8],[7,11,19,3,15,23,8],[3,23,15,11,7,19,8],[7,15,19,3,11,23,8],[19,15,7,3,23,11,8],[23,11,7,3,19,15,4,8],[23,15,7,3,11,19,8],[3,11,7,23,15,19,8],[3,7,15,11,23,19,8],[11,15,3,7,19,23,8],[11,23,7,3,19,15,8],[15,11,7,19,3,23,8],[15,23,19,7,11,3,8],[19,23,15,11,7,3,8],[3,23,15,11,7,19,4,8],[11,7,3,15,23,19,8],[19,11,23,15,7,3,8],[15,7,3,19,23,11,4,8],[23,15,11,7,3,19,4,8],[11,23,15,7,3,19,8],[15,19,7,11,23,3,8],[19,3,23,11,15,7,8],[11,19,7,3,15,23,8],[15,11,23,7,3,19,4,8],[3,23,7,11,19,15,8],[3,11,7,23,15,19,8],[3,11,15,19,23,7,8],[15,23,11,7,3,19,8],[19,15,23,3,7,11,4,8],[11,3,15,23,19,7,8],[19,15,23,11,3,7,4,8],[3,15,7,19,11,23,8],[3,7,23,19,11,15,4,8],[3,23,19,7,11,15,8],[3,23,15,7,11,19,4,8],[7,3,15,19,11,23,4,8],[7,23,19,11,3,15,4,8],[19,3,11,15,23,7,4,8],[19,3,11,7,15,23,4,8],[15,19,7,3,23,11,8],[15,19,3,11,23,7,4,8],[11,15,7,3,23,19,4,8],[19,3,23,7,15,11,8],[3,19,15,23,11,7,8],[23,19,3,11,7,15,8],[7,15,23,3,11,19,4,8],[15,11,7,19,3,23,4,8],[15,7,19,3,23,11,8],[7,11,3,15,23,19,4,8],[23,15,3,11,7,19,8],[15,19,3,7,11,23,8],[11,19,23,3,15,7,4,8],[11,7,23,19,3,15,4,8],[7,19,3,15,11,23,4,8],[23,15,3,19,11,7,8],[15,7,19,11,23,3,8],[7,23,19,11,3,15,4,8],[15,23,11,3,7,19,4,8],[3,19,7,11,15,23,4,8],[23,7,15,3,19,11,4,8],[3,7,19,23,15,11,4,8],[7,3,15,11,23,19,8],[15,3,11,19,7,23,8],[15,7,3,19,23,11,8],[15,3,23,7,11,19,8],[3,7,19,23,15,11,8],[15,7,3,19,23,11,4,8],[3,11,7,23,15,19,8],[19,3,11,15,7,23,4,8],[3,15,19,11,7,23,4,8],[3,7,19,11,23,15,4,8],[15,19,11,3,7,23,8],[3,7,19,15,23,11,8],[11,15,19,7,23,3,8],[3,7,15,23,19,11,4,8],[11,19,23,15,3,7,4,8],[7,15,23,19,11,3,8],[19,11,23,15,7,3,8],[19,3,11,23,15,7,8],[11,23,7,3,15,19,4,8],[15,11,7,19,23,3,8],[19,11,23,3,15,7,4,8],[3,15,19,11,7,23,4,8],[7,19,11,3,23,15,8],[15,19,11,3,7,23,4,8],[15,7,11,19,23,3,8],[11,19,23,15,3,7,8],[15,11,23,19,3,7,4,8],[3,7,15,23,11,19,4,8],[19,7,15,23,11,3,4,8],[11,3,7,19,15,23,4,8],[19,3,23,7,11,15,8],[7,23,3,19,11,15,4,8],[11,7,15,19,23,3,4,8],[23,7,3,11,19,15,8],[7,23,3,11,15,19,4,8],[15,19,23,7,11,3,4,8],[23,19,7,11,3,15,8],[11,3,15,23,7,19,8],[7,3,19,11,23,15,8],[7,15,3,11,19,23,4,8],[3,15,19,11,7,23,4,8],[15,7,23,3,19,11,4,8],[19,7,15,3,23,11,8],[11,15,7,19,23,3,8],[11,15,23,7,19,3,4,8],[3,23,15,19,7,11,8],[11,19,3,15,7,23,8],[23,11,19,7,15,3,4,8],[19,7,23,15,3,11,4,8],[23,19,15,3,11,7,4,8],[15,11,3,7,19,23,8],[15,23,19,11,7,3,8],[11,19,3,15,23,7,4,8],[15,23,19,7,3,11,8],[11,3,15,19,23,7,8],[7,23,3,19,11,15,8],[23,11,3,7,19,15,8],[3,7,15,23,11,19,4,8],[7,23,3,15,11,19,8],[11,7,23,19,15,3,8],[3,11,15,19,23,7,4,8],[23,7,19,11,3,15,4,8],[3,15,19,11,7,23,4,8],[3,7,11,19,15,23,4,8],[23,15,7,11,3,19,8],[7,15,3,19,11,23,4,8],[19,11,3,7,15,23,8],[7,11,3,19,15,23,8],[23,3,19,11,7,15,8],[11,3,19,15,23,7,4,8],[15,23,11,3,7,19,8],[11,3,23,7,19,15,4,8],[11,7,23,3,19,15,8],[15,11,3,7,23,19,8],[23,19,11,3,7,15,8],[15,7,11,19,23,3,4,8],[23,19,15,7,3,11,4,8],[19,15,23,7,11,3,8],[11,7,15,19,23,3,8],[19,3,23,11,15,7,8],[11,7,3,15,19,23,8],[7,3,11,19,15,23,8],[15,23,11,3,19,7,4,8],[23,11,15,7,3,19,8],[11,19,23,7,3,15,8],[3,11,15,19,7,23,4,8],[19,7,23,3,15,11,8],[7,15,23,3,11,19,4,8],[15,23,3,19,7,11,8],[15,23,3,11,19,7,8],[15,7,3,23,11,19,8],[19,23,7,11,3,15,4,8],[15,3,19,11,7,23,4,8],[3,15,23,19,11,7,4,8],[19,23,15,3,7,11,4,8],[7,15,19,3,23,11,4,8],[23,11,19,7,3,15,8],[23,15,7,3,11,19,4,8],[23,11,7,19,3,15,8],[19,7,11,23,3,15,4,8],[7,19,11,23,15,3,8],[3,7,23,19,15,11,8],[7,23,11,19,15,3,4,8],[11,3,19,23,7,15,4,8],[3,15,7,19,11,23,8],[3,19,15,11,23,7,8],[11,23,15,7,3,19,8],[23,11,7,19,15,3,8],[7,23,19,15,11,3,4,8],[19,7,15,23,11,3,4,8],[15,19,23,11,3,7,8],[7,15,19,23,3,11,8],[11,19,3,15,23,7,8],[11,23,15,3,19,7,8],[15,23,3,11,19,7,8],[3,11,23,15,19,7,4,8],[19,7,11,3,23,15,8],[3,11,19,7,23,15,4,8],[23,15,11,19,7,3,8],[11,15,3,23,7,19,4,8],[19,11,3,23,15,7,4,8],[23,19,15,3,11,7,8],[7,19,3,11,23,15,4,8],[23,3,15,7,11,19,8],[23,3,11,7,15,19,4,8],[3,11,15,23,19,7,8],[11,3,23,15,7,19,4,8],[11,23,7,3,19,15,4,8],[19,11,23,15,3,7,4,8],[15,7,23,19,3,11,8],[3,15,23,7,11,19,4,8],[19,7,3,15,11,23,8],[7,23,19,11,3,15,8],[19,7,11,15,3,23,8],[11,3,15,23,19,7,8],[19,7,15,3,23,11,4,8],[11,15,7,19,3,23,8],[19,23,11,7,15,3,4,8],[11,19,3,23,15,7,4,8],[19,11,15,23,7,3,4,8],[3,11,23,7,15,19,8],[7,19,3,23,11,15,8],[19,3,15,7,23,11,4,8],[7,15,19,3,11,23,8],[19,3,15,11,23,7,8],[3,7,19,11,23,15,8],[7,11,23,3,15,19,4,8],[11,3,7,23,19,15,4,8],[7,15,11,3,19,23,8],[15,7,19,11,23,3,4,8],[15,23,7,11,19,3,8],[11,19,3,15,7,23,4,8],[23,3,7,11,19,15,4,8],[19,11,15,23,3,7,4,8],[3,7,15,23,11,19,8],[11,15,3,23,7,19,4,8],[7,19,15,3,11,23,4,8],[19,15,3,7,11,23,8],[3,7,23,19,15,11,4,8],[19,7,3,23,15,11,8],[23,19,15,11,3,7,4,8],[23,11,3,15,19,7,8],[3,11,7,23,15,19,4,8],[3,7,11,15,19,23,8],[19,15,7,23,11,3,4,8],[15,7,19,11,23,3,4,8],[19,11,7,3,15,23,8],[23,11,15,3,19,7,8],[7,19,23,11,3,15,8],[15,7,11,19,3,23,8],[3,7,23,15,19,11,4,8],[19,23,7,3,11,15,4,8],[11,23,7,3,15,19,4,8],[19,3,23,7,15,11,8],[15,19,11,3,23,7,8],[23,19,11,3,15,7,8],[23,19,11,15,7,3,8],[23,11,3,19,15,7,8],[15,19,3,7,23,11,4,8],[15,3,23,11,19,7,8],[7,23,11,15,19,3,8],[3,15,11,23,19,7,8],[15,23,7,19,11,3,4,8],[3,19,23,15,11,7,4,8],[7,23,11,19,3,15,8],[19,23,11,15,3,7,8],[3,11,19,7,15,23,4,8],[11,23,7,3,19,15,8],[7,15,19,23,11,3,4,8],[23,19,11,3,7,15,4,8],[15,3,19,11,23,7,4,8],[3,15,19,23,11,7,8],[7,15,11,19,3,23,8],[23,19,3,7,15,11,4,8],[15,23,11,19,7,3,8],[15,19,11,7,23,3,4,8],[23,7,15,3,11,19,8],[7,19,3,23,15,11,4,8],[11,19,23,7,15,3,8],[19,23,15,11,3,7,8],[15,23,11,7,3,19,8],[7,19,23,11,15,3,4,8],[3,7,15,23,19,11,8],[7,15,3,19,23,11,8],[19,15,23,11,3,7,8],[23,19,11,7,3,15,8],[23,15,19,3,11,7,8],[23,15,19,3,7,11,8],[11,7,15,23,19,3,8],[23,3,15,11,7,19,8],[7,11,19,23,3,15,4,8],[11,3,23,15,19,7,4,8],[23,3,15,7,11,19,4,8],[11,15,3,7,23,19,4,8],[11,19,15,7,23,3,4,8],[3,11,7,15,19,23,8],[15,19,11,3,23,7,8],[3,7,11,15,23,19,8],[23,3,19,7,15,11,4,8],[7,3,23,15,11,19,8],[19,15,23,3,7,11,8],[15,19,3,11,7,23,4,8],[3,11,7,15,23,19,4,8],[11,7,23,15,19,3,4,8],[19,23,11,7,15,3,8],[19,7,11,3,23,15,8],[3,23,15,11,19,7,4,8],[3,19,15,23,7,11,4,8],[7,11,15,19,3,23,4,8],[23,11,15,7,3,19,8],[7,15,11,23,19,3,4,8],[11,3,23,7,19,15,8],[11,7,23,19,3,15,4,8],[7,15,3,23,11,19,4,8],[15,19,11,23,7,3,8],[7,23,19,11,15,3,4,8],[3,15,23,19,11,7,8],[15,3,19,11,7,23,8],[11,23,7,3,19,15,4,8],[19,15,23,7,11,3,8],[19,3,11,23,15,7,4,8],[7,15,11,23,3,19,4,8],[15,11,7,19,23,3,4,8],[15,11,7,23,3,19,8],[15,19,11,3,23,7,4,8],[23,11,19,3,7,15,8],[19,15,11,23,7,3,4,8],[7,3,23,11,19,15,8],[15,19,11,7,3,23,8],[15,11,3,7,19,23,8],[19,7,3,15,23,11,8],[19,7,23,3,11,15,8],[19,23,7,3,11,15,8],[15,23,3,19,7,11,8],[7,19,15,11,3,23,8],[3,11,23,19,15,7,4,8],[3,19,23,11,15,7,4,8],[19,11,7,23,15,3,4,8],[11,7,15,3,23,19,4,8],[15,19,7,3,11,23,8],[7,23,15,19,11,3,8],[19,3,7,23,11,15,8],[15,19,23,7,3,11,8],[23,15,19,11,7,3,8],[23,15,11,7,19,3,4,8],[19,3,7,11,15,23,8],[19,15,11,3,7,23,4,8],[11,19,15,23,7,3,4,8],[11,23,19,15,7,3,4,8],[7,15,23,3,19,11,4,8],[7,11,3,15,23,19,4,8],[11,23,19,15,7,3,8],[19,7,23,3,11,15,8],[15,7,23,19,3,11,8],[7,23,3,19,11,15,4,8],[23,15,11,19,3,7,4,8],[3,11,15,19,23,7,8],[23,11,15,19,3,7,4,8],[19,23,3,11,7,15,4,8],[11,23,7,3,19,15,4,8],[7,3,11,23,15,19,4,8],[19,11,7,23,15,3,8],[7,15,19,3,23,11,4,8],[3,23,7,19,15,11,8],[15,3,19,7,11,23,8],[19,23,7,11,3,15,8],[3,11,15,23,19,7,4,8],[11,7,3,19,23,15,4,8],[23,19,15,11,7,3,4,8],[11,7,3,15,23,19,4,8],[7,19,15,3,11,23,8],[23,15,7,3,11,19,4,8],[15,23,19,11,7,3,8],[15,11,3,7,19,23,8],[7,3,19,23,11,15,4,8],[23,7,19,11,15,3,4,8],[3,15,11,7,19,23,4,8],[11,19,3,23,15,7,8],[7,19,11,23,3,15,8],[7,23,11,19,15,3,4,8],[11,19,23,15,3,7,8],[15,7,23,11,3,19,8],[23,19,7,3,11,15,4,8],[3,19,23,7,15,11,4,8],[3,7,15,11,23,19,4,8],[7,15,3,11,19,23,4,8],[7,19,3,11,15,23,8],[3,11,23,19,7,15,4,8],[7,15,3,19,23,11,4,8],[3,7,11,23,15,19,4,8],[3,7,19,11,15,23,8],[11,7,3,23,19,15,8],[11,15,7,3,19,23,8],[19,3,15,23,11,7,8],[3,11,7,19,15,23,8],[19,3,11,23,15,7,8],[23,7,19,11,15,3,4,8],[11,23,7,3,19,15,8],[3,11,15,7,23,19,8],[23,19,7,11,15,3,4,8],[11,7,19,3,15,23,8],[19,15,3,7,23,11,8],[3,23,15,11,7,19,4,8],[11,15,3,23,7,19,8],[3,11,15,7,19,23,4,8],[15,3,19,11,7,23,4,8],[15,11,7,3,19,23,4,8],[19,23,15,7,11,3,8],[15,23,7,11,19,3,4,8],[11,7,23,15,3,19,4,8],[15,3,11,23,19,7,4,8],[19,11,3,23,7,15,4,8],[7,3,23,11,19,15,4,8],[23,3,19,7,15,11,4,8],[15,19,11,3,7,23,4,8],[19,11,3,7,15,23,8],[3,15,23,19,11,7,8],[7,15,19,23,11,3,8],[23,19,15,3,11,7,4,8],[23,7,19,15,3,11,8],[7,23,11,15,3,19,4,8],[23,7,3,19,15,11,8],[11,7,19,3,15,23,4,8],[19,15,23,3,11,7,8],[7,3,15,23,19,11,8],[23,3,7,11,19,15,4,8],[7,19,3,15,23,11,8],[15,7,19,11,23,3,8],[23,7,19,15,3,11,4,8],[19,7,3,15,23,11,8],[3,7,23,11,15,19,4,8],[15,19,3,11,7,23,4,8],[7,11,15,19,3,23,4,8],[3,15,11,19,23,7,4,8],[19,11,15,23,3,7,4,8],[7,11,3,19,15,23,4,8],[19,15,23,7,11,3,4,8],[23,15,19,3,7,11,4,8],[7,23,19,3,11,15,8],[19,23,7,11,15,3,8],[7,23,19,11,15,3,4,8],[15,11,7,3,19,23,8],[3,23,15,19,11,7,4,8],[19,3,11,15,7,23,4,8],[7,19,23,3,11,15,8],[19,11,15,3,23,7,8],[15,19,11,23,7,3,8],[23,15,11,3,19,7,8],[7,15,11,23,19,3,4,8],[7,3,11,23,19,15,4,8],[19,11,7,23,15,3,8],[15,3,19,11,7,23,4,8],[19,15,11,7,3,23,4,8],[15,19,7,11,3,23,8],[11,23,3,7,15,19,8],[11,7,3,19,15,23,4,8],[3,19,11,15,23,7,8],[3,15,23,11,7,19,8],[11,3,15,23,7,19,4,8],[11,7,3,23,15,19,4,8],[7,23,3,15,11,19,8],[23,3,19,15,11,7,4,8],[7,11,3,19,23,15,8],[3,11,23,7,19,15,8],[3,23,7,15,19,11,8],[23,7,3,15,11,19,4,8],[23,3,11,15,19,7,8],[15,7,11,3,23,19,8],[19,23,11,15,3,7,4,8],[23,11,3,15,7,19,4,8],[11,7,15,23,3,19,8],[15,23,19,11,3,7,4,8],[15,3,11,23,7,19,8],[23,19,11,7,15,3,8],[7,19,15,3,23,11,4,8],[15,11,3,23,7,19,4,8],[19,3,7,23,11,15,8],[3,7,23,11,15,19,8],[7,11,23,15,3,19,4,8],[15,11,19,3,23,7,4,8],[3,7,15,19,11,23,4,8],[7,23,19,15,11,3,8],[7,3,15,19,23,11,8],[23,15,3,11,7,19,8],[19,3,23,11,7,15,4,8],[3,23,11,19,7,15,8],[3,19,23,15,7,11,8],[11,7,3,19,15,23,8],[19,15,3,23,11,7,8],[15,7,23,3,19,11,8],[19,15,23,3,11,7,4,8],[23,11,3,7,15,19,4,8],[11,15,7,19,3,23,8],[7,23,3,19,11,15,8],[11,23,7,15,3,19,8],[15,23,7,3,19,11,8],[3,11,15,19,7,23,4,8],[7,19,3,15,23,11,4,8],[3,15,23,19,7,11,8],[19,15,23,11,3,7,4,8],[11,7,23,19,3,15,8],[15,3,19,11,7,23,8],[11,23,15,19,3,7,8],[15,23,11,3,7,19,4,8],[11,3,19,23,7,15,8],[15,3,19,7,23,11,8],[7,15,23,3,11,19,4,8],[7,19,3,15,11,23,4,8],[11,19,3,7,23,15,4,8],[19,15,23,7,3,11,4,8],[15,3,23,7,19,11,8],[19,15,11,23,7,3,4,8],[19,11,15,23,3,7,8],[19,11,7,15,3,23,8],[19,23,15,11,3,7,4,8],[7,23,11,19,15,3,4,8],[23,15,11,7,19,3,4,8],[3,11,19,15,7,23,8],[19,15,3,7,11,23,8],[15,19,11,7,3,23,8],[23,15,3,19,11,7,4,8],[3,15,7,23,11,19,4,8],[15,11,3,23,19,7,4,8],[7,19,3,15,11,23,8],[19,11,23,3,7,15,4,8],[19,7,15,11,23,3,8],[23,3,11,19,7,15,4,8],[3,23,7,19,15,11,8],[7,11,19,3,23,15,8],[19,7,11,3,15,23,8],[7,3,23,19,11,15,8],[23,11,7,19,3,15,8],[15,23,7,11,3,19,4,8],[7,23,15,19,11,3,4,8],[15,19,3,11,23,7,4,8],[23,19,3,15,7,11,4,8],[3,11,7,15,23,19,8],[23,3,11,19,7,15,4,8],[11,15,23,7,19,3,4,8],[15,19,3,7,23,11,4,8],[15,11,23,3,7,19,4,8],[7,15,11,19,3,23,8],[19,3,23,15,7,11,4,8],[11,19,23,7,15,3,8],[11,15,3,7,23,19,4,8],[3,7,11,15,23,19,8],[15,23,19,7,3,11,4,8],[7,3,23,15,11,19,4,8],[15,19,3,7,23,11,4,8],[15,23,19,3,11,7,8],[15,7,3,19,11,23,8],[3,15,11,7,23,19,8],[23,15,7,19,11,3,4,8],[23,15,7,19,3,11,8],[7,3,23,11,15,19,4,8],[7,23,15,19,3,11,4,8],[15,3,7,11,19,23,8],[7,11,15,23,3,19,4,8],[23,11,7,19,3,15,8],[11,3,15,23,7,19,8],[19,15,3,11,7,23,4,8],[19,15,23,7,11,3,8],[23,7,3,11,19,15,4,8],[3,15,23,7,19,11,4,8],[23,3,19,15,11,7,4,8],[7,19,15,11,23,3,8],[23,7,19,15,3,11,8],[11,19,7,3,23,15,4,8],[3,7,23,19,15,11,4,8],[3,15,19,11,7,23,4,8],[19,23,15,3,7,11,8],[15,3,7,11,19,23,4,8],[3,11,7,15,23,19,4,8],[19,3,11,23,7,15,8],[3,23,7,11,15,19,8],[3,11,23,19,7,15,8],[3,15,23,7,19,11,8],[19,3,23,11,7,15,4,8],[11,7,23,15,3,19,8],[3,15,7,11,19,23,8],[23,19,15,3,11,7,8],[7,23,3,15,19,11,8],[11,23,15,3,7,19,8],[7,11,3,19,23,15,4,8],[7,11,15,19,3,23,4,8],[11,19,7,3,23,15,4,8],[19,11,3,23,15,7,4,8],[15,3,11,23,19,7,8],[15,19,7,11,3,23,4,8],[3,23,15,7,19,11,4,8],[3,23,15,11,7,19,8],[15,19,11,23,3,7,8],[7,11,15,3,19,23,4,8],[23,3,15,11,7,19,8],[23,15,7,3,11,19,8],[23,15,11,3,19,7,4,8],[19,11,7,15,23,3,8],[23,3,15,19,7,11,4,8],[7,3,11,23,19,15,8],[11,23,7,15,19,3,8],[7,19,3,23,11,15,4,8],[11,3,19,15,7,23,8],[3,19,23,7,11,15,8],[19,23,11,15,7,3,8],[23,3,15,19,11,7,4,8],[11,23,19,15,7,3,4,8],[15,23,11,7,3,19,8],[3,15,19,23,7,11,4,8],[19,3,23,7,11,15,8],[3,11,7,15,19,23,4,8],[7,19,23,15,11,3,4,8],[19,7,23,11,15,3,4,8],[23,7,11,3,19,15,4,8],[15,23,3,19,7,11,8],[7,11,19,15,3,23,8],[19,23,11,15,3,7,4,8],[23,19,11,7,3,15,4,8],[15,7,3,19,11,23,8],[11,3,19,15,23,7,8],[15,19,11,23,3,7,8],[7,3,19,11,23,15,4,8],[11,23,15,3,7,19,4,8],[7,15,19,3,23,11,4,8],[23,15,3,7,11,19,8],[3,19,7,11,23,15,8],[3,11,19,15,23,7,8],[11,3,7,19,15,23,4,8],[15,19,23,7,3,11,4,8],[3,11,23,15,19,7,4,8],[19,15,3,11,23,7,4,8],[15,23,11,7,3,19,4,8],[15,23,19,11,3,7,4,8],[19,15,3,11,23,7,8],[3,7,23,15,19,11,8],[3,23,19,15,7,11,8],[11,7,19,23,15,3,4,8],[11,19,3,23,7,15,4,8],[3,19,15,23,7,11,8],[23,11,15,19,3,7,4,8],[3,19,7,15,11,23,4,8],[23,19,11,15,3,7,8],[23,7,15,11,19,3,4,8],[7,23,19,11,15,3,8],[23,19,3,15,7,11,8],[23,7,15,11,19,3,4,8],[15,23,19,11,7,3,8],[23,19,11,15,7,3,4,8],[11,3,23,15,7,19,8],[23,11,15,19,3,7,4,8],[15,11,3,19,23,7,4,8],[23,15,3,7,11,19,4,8],[23,3,11,19,7,15,8],[15,19,7,3,11,23,8],[7,19,23,15,3,11,8],[7,15,19,11,23,3,4,8],[11,15,19,23,3,7,8],[3,23,19,15,7,11,8],[15,11,23,3,19,7,8],[3,15,23,11,7,19,4,8],[23,19,3,7,11,15,4,8],[15,23,19,11,7,3,8],[23,15,11,19,7,3,8],[15,11,7,19,3,23,8],[19,15,3,7,23,11,4,8],[7,19,3,15,11,23,4,8],[7,19,11,23,3,15,8],[19,15,11,7,23,3,4,8],[19,15,7,3,23,11,4,8],[19,11,15,3,23,7,4,8],[23,11,15,3,7,19,8],[23,11,19,15,3,7,8],[15,19,11,23,3,7,4,8],[3,15,23,7,11,19,4,8],[11,23,7,19,3,15,8],[3,7,19,11,23,15,8],[3,7,19,11,15,23,8],[11,19,23,3,7,15,4,8],[15,11,3,23,19,7,4,8],[19,3,7,11,15,23,4,8],[11,3,23,15,19,7,4,8],[15,23,11,19,7,3,4,8],[23,11,3,19,7,15,8],[23,3,7,15,19,11,4,8],[23,19,7,15,11,3,4,8],[7,15,3,19,23,11,8],[15,11,23,7,19,3,8],[23,3,15,11,19,7,4,8],[23,3,19,15,11,7,4,8],[15,19,11,23,7,3,8],[7,15,3,19,11,23,4,8],[7,23,19,3,15,11,4,8],[11,15,19,3,7,23,4,8],[15,3,19,11,23,7,8],[23,11,7,3,15,19,8],[23,15,19,11,3,7,4,8],[19,11,15,7,3,23,4,8],[7,11,19,3,15,23,8],[15,3,7,19,11,23,8],[3,23,7,15,11,19,8],[19,7,11,23,3,15,4,8],[19,11,7,15,23,3,8],[23,3,15,19,7,11,8],[3,23,7,19,15,11,4,8],[11,3,15,7,23,19,4,8],[11,19,15,3,7,23,4,8],[15,19,11,23,7,3,8],[3,19,23,11,15,7,8],[15,19,7,23,3,11,4,8],[19,3,15,23,11,7,8],[19,3,7,11,23,15,8],[7,11,23,15,3,19,8],[7,3,11,19,15,23,8],[3,15,19,23,11,7,8],[11,19,23,7,3,15,4,8],[3,23,11,19,7,15,8],[7,3,19,15,23,11,8],[19,15,11,7,23,3,8],[7,11,15,3,19,23,4,8],[15,23,19,7,3,11,4,8],[11,19,7,3,15,23,8],[23,19,3,7,11,15,8],[23,15,7,19,3,11,8],[19,23,3,11,15,7,4,8],[19,7,15,3,23,11,8],[23,7,15,11,3,19,4,8],[23,15,3,7,11,19,8],[23,3,7,11,19,15,8],[19,3,15,11,23,7,8],[23,3,11,15,19,7,8],[23,19,11,3,15,7,4,8],[15,7,23,19,11,3,4,8],[7,19,3,15,23,11,8],[15,7,23,19,3,11,8],[7,11,23,19,3,15,8],[7,19,3,15,11,23,4,8],[15,3,7,11,23,19,8],[23,11,7,19,15,3,8],[19,7,3,11,23,15,4,8],[7,19,3,11,23,15,8],[7,19,23,11,3,15,4,8],[19,3,7,15,23,11,4,8],[15,23,19,7,3,11,8],[23,19,15,7,11,3,4,8],[15,3,23,11,19,7,8],[19,7,15,3,11,23,8],[11,15,3,23,19,7,8],[19,7,15,23,11,3,4,8],[19,7,11,23,15,3,8],[19,3,23,11,15,7,4,8],[11,7,19,15,23,3,8],[11,19,15,23,3,7,8],[23,7,11,15,3,19,4,8],[23,19,7,3,11,15,4,8],[19,3,15,23,7,11,4,8],[15,11,23,19,7,3,8],[3,23,15,11,7,19,8],[19,15,23,3,7,11,8],[19,15,3,23,7,11,8],[19,23,15,7,3,11,8],[19,23,11,7,3,15,4,8],[15,3,11,23,19,7,4,8],[7,15,3,19,11,23,4,8],[19,7,15,11,3,23,8],[11,7,15,23,3,19,4,8],[19,7,11,15,23,3,8],[11,3,7,19,15,23,4,8],[15,23,7,19,11,3,4,8],[19,7,11,23,15,3,4,8],[11,15,7,23,19,3,4,8],[19,15,11,7,23,3,4,8],[11,15,19,23,7,3,4,8],[19,23,11,7,15,3,4,8],[3,15,23,7,19,11,8],[11,23,7,3,15,19,8],[3,15,19,7,11,23,8],[11,23,15,7,3,19,8],[11,23,3,15,19,7,4,8],[15,7,23,3,19,11,8],[11,23,15,3,7,19,8],[23,11,3,7,15,19,4,8],[11,7,3,23,19,15,4,8],[3,11,15,19,23,7,8],[7,15,23,11,3,19,4,8],[23,7,19,3,15,11,4,8],[23,15,19,7,11,3,8],[3,15,11,23,19,7,4,8],[23,19,7,15,11,3,4,8],[19,11,7,23,3,15,4,8],[15,11,23,7,19,3,4,8],[15,7,11,23,19,3,8],[11,15,7,23,19,3,8],[15,3,19,23,7,11,4,8],[15,19,7,11,3,23,4,8],[19,15,3,23,7,11,4,8],[7,11,3,19,23,15,8],[23,15,3,19,11,7,4,8],[3,19,15,7,11,23,4,8],[15,23,7,11,3,19,8],[11,19,3,7,15,23,8],[11,15,3,7,23,19,4,8],[11,23,19,7,3,15,4,8],[19,15,11,23,7,3,8],[15,19,7,3,11,23,8],[7,11,15,19,23,3,4,8],[7,19,15,3,23,11,4,8],[3,23,19,15,11,7,4,8],[3,19,23,11,15,7,4,8],[15,23,7,11,3,19,4,8],[11,23,7,3,15,19,4,8],[23,15,7,11,3,19,8],[19,11,15,3,23,7,8],[23,11,7,3,19,15,8],[15,23,3,19,11,7,4,8],[3,11,23,19,15,7,8],[23,15,7,3,11,19,8],[15,7,19,3,23,11,4,8],[15,3,23,11,7,19,4,8],[7,3,23,11,19,15,8],[3,7,15,23,11,19,4,8],[23,7,15,19,11,3,4,8],[15,19,7,11,3,23,4,8],[19,7,3,23,15,11,8],[7,3,11,19,23,15,4,8],[11,7,15,23,19,3,8],[7,11,19,3,15,23,4,8],[11,7,15,3,19,23,4,8],[15,11,3,7,23,19,4,8],[23,19,3,7,15,11,4,8],[23,15,7,19,11,3,4,8],[11,23,3,7,19,15,8],[3,15,19,23,11,7,8],[19,11,23,15,7,3,4,8],[19,3,11,23,7,15,4,8],[7,3,19,15,23,11,8],[15,11,19,3,23,7,4,8],[15,23,3,19,11,7,8],[7,15,3,19,11,23,8],[19,23,3,7,15,11,4,8],[7,23,19,3,11,15,8],[23,19,11,15,3,7,4,8],[15,23,11,3,19,7,4,8],[19,7,23,15,3,11,8],[19,11,3,15,7,23,8],[23,11,3,7,15,19,4,8],[11,15,7,3,23,19,8],[11,23,19,7,3,15,4,8],[7,23,3,11,15,19,4,8],[11,7,3,15,23,19,8],[19,11,3,15,7,23,4,8],[19,3,23,15,7,11,8],[23,11,3,7,19,15,8],[23,19,7,15,11,3,4,8],[15,23,11,19,7,3,4,8],[3,11,23,7,19,15,4,8],[7,23,3,15,11,19,8],[23,19,11,7,3,15,8],[7,15,19,3,23,11,8],[11,15,23,7,19,3,8],[3,23,7,11,15,19,4,8],[7,3,23,19,11,15,4,8],[11,19,7,15,3,23,8],[23,15,11,7,19,3,4,8],[7,23,15,3,19,11,4,8],[15,11,23,3,7,19,8],[11,15,7,3,19,23,8],[19,15,3,7,23,11,8],[11,3,15,19,23,7,8],[15,11,23,7,19,3,4,8],[19,15,7,3,23,11,4,8],[3,15,7,23,19,11,4,8],[19,3,15,7,23,11,8],[3,11,23,19,7,15,8],[23,11,7,15,3,19,8],[19,3,15,23,7,11,4,8],[11,19,7,3,23,15,4,8],[7,3,15,19,11,23,4,8],[7,23,3,15,19,11,8],[3,19,7,15,11,23,4,8],[15,11,19,7,3,23,8],[7,15,3,11,23,19,8],[3,23,15,7,11,19,4,8],[7,23,19,15,3,11,4,8],[15,11,19,23,3,7,8],[3,19,7,15,11,23,8],[7,19,11,23,15,3,8],[11,7,19,3,23,15,4,8],[3,15,23,11,7,19,8],[23,11,15,7,3,19,4,8],[19,7,11,15,3,23,8],[19,7,11,15,3,23,4,8],[15,23,19,3,11,7,4,8],[11,19,7,15,3,23,4,8],[7,11,19,3,15,23,4,8],[23,3,15,7,19,11,4,8],[11,3,19,23,7,15,8],[3,7,15,11,19,23,8],[11,7,15,19,3,23,4,8],[11,19,15,3,7,23,8],[11,7,19,23,3,15,8],[3,11,15,23,19,7,4,8],[19,7,15,11,23,3,8],[11,23,19,3,7,15,8],[15,3,11,19,7,23,4,8],[11,15,7,23,19,3,8],[15,23,7,11,3,19,4,8],[19,15,11,23,3,7,4,8],[3,15,7,11,19,23,8],[3,23,19,11,15,7,8],[23,15,7,11,3,19,8],[11,3,7,19,23,15,8],[15,23,3,7,19,11,4,8],[11,15,3,19,23,7,4,8],[11,15,3,7,23,19,4,8],[23,3,19,11,15,7,8],[3,7,19,23,11,15,4,8],[7,11,19,15,3,23,4,8],[19,7,11,15,3,23,8],[7,11,23,15,3,19,4,8],[3,11,7,23,15,19,4,8],[19,15,23,7,11,3,4,8],[19,23,7,3,15,11,8],[3,19,7,15,23,11,8],[15,7,19,11,3,23,4,8],[7,23,3,19,11,15,4,8],[7,19,3,11,15,23,4,8],[3,19,7,11,23,15,4,8]],"n_human":9}