{"problem_id":"KUyNdHbCfa4jtIt","sigma":150,"alpha":3.162,"cost":1,"probabilities":"[0.15, 0.31, 0.28, 0.26]","payoff_matrix":"[[-101, -9, -42, 44, 171, -324], [232, -166, -96, -305, -38, -29], [-291, 126, 70, 84, -22, 114], [129, 179, -134, -11, 128, -48]]","uncovered":[[22,6,10,2,18,14,3,23,19,24,4,21,20,1,17,11,12,7,8,5],[22,14,10,18,6,2,3,23,19,24,4,1,21,20,17,11,12,7,8,5],[10,18,2,22,6,14,23,3,19,24,4,1,21,20,17,11,12,7,8,5],[2,10,18,22,6,14,3,23,19,24,4,1,21,20,17,11,12,7,8,5],[22,6,10,18,2,14,23,3,19,24,4,1,21,20,17,11,12,7,8,5],[14,18,10,2,22,6,3,23,19,24,4,21,20,1,17,11,12,7,8,5],[2,10,22,18,14,6,23,3,19,4,24,1,21,20,17,11,12,7,8,5],[2,6,18,14,22,10,3,23,19,24,4,1,21,20,17,11,12,7,8,5],[2,6,22,10,18,14,23,3,19,4,24,21,20,17,1,11,12,7,8,5],[6,2,14,10,22,18,3,23,19,24,4,1,21,20,17,11,12,7,8,5],[6,10,2,18,14,22,3,23,19,24,4,21,20,17,1,11,12,7,8,5],[10,6,18,22,14,2,23,3,19,24,4,1,21,20,17,11,12,7,8,5],[10,18,22,2,6,14,23,3,19,4,24,21,20,17,1,11,12,7,8,5],[10,6,14,2,18,22,23,3,19,4,24,1,21,20,17,11,12],[18,14,10,6,22,2,23,3,19,4,24,1,21,20,17,11,12,7,8,5],[10,14,18,6,22,2,3,23,19,4,24,21,20,17,1,11,12,7,8,5],[6,14,18,10,22,2,3,23,19,4,24,1,21,20,17,11,12],[18,22,14,2,10,6,23,3,19,4,24,1,21,20,17,11,12,7,8,5],[22,6,10,14,2,18,23,3,19,4,24,1,21,20,17,11,12],[10,6,22,18,2,14,3,23,19,4,24,21,20,1,17,11,12,7,8,5],[18,22,2,10,6,14,3,23,19,4,24,1,21,20,17,11,12,7,8,5],[14,6,18,22,2,10,23,3,19,24,4,21,20,1,17,11,12],[10,18,14,2,6,22,23,3,19,4,24,1,21,20,17,11,12,7,8,5],[14,22,18,6,2,10,23,3,19,24,4,21,20,17,1,11,12,7,8,5],[18,10,22,2,6,14,3,23,19,4,24,21,20,17,1,11,12,7,8,5],[2,22,10,18,14,6,3,23,19,24,4,1,21,20,17,11,12,7,8,5],[18,14,10,2,6,22,23,3,19,24,4,21,20,17,1,11,12,7,8,5],[22,18,2,6,14,10,3,23,19,24,4,1,21,20,17,11,12,7,8,5],[22,10,18,14,6,2,3,23,19,24,4,21,20,17,1,11,12],[2,6,10,22,18,14,3,23,19,24,4,21,20,1,17,11,12,7,8,5],[2,22,6,10,14,18,23,3,19,4,24,21,20,1,17,11,12,7,8,5],[6,2,14,18,22,10,3,23,19,24,4,1,21,20,17,11,12],[2,14,22,18,6,10,3,23,19,4,24,21,20,17,1,11,12,7,8,5],[14,2,22,18,6,10,3,23,19,4,24,1,21,20,17,11,12,7,8,5],[18,22,6,10,2,14,3,23,19,4,24,1,21,20,17,11,12,7,8,5],[14,10,6,18,2,22,3,23,19,4,24,21,20,17,1,11,12,7,8,5],[22,2,14,10,18,6,3,23,19,24,4,21,20,17,1,11,12,7,8,5],[10,14,22,2,6,18,23,3,19,4,24,21,20,17,1,11,12,7,8,5],[18,2,10,14,22,6,3,23,19,4,24,21,20,17,1,11,12,7,8,5],[18,22,10,14,6,2,23,3,19,24,4,21,20,17,1,11,12,7,8,5],[2,18,10,22,14,6,3,23,19,4,24,1,21,20,17,11,12,7,8,5],[18,14,10,22,2,6,23,3,19,24,4,21,20,17,1,11,12,7,8,5],[2,6,14,10,22,18,3,23,19,24,4,1,21,20,17,11,12,7,8,5],[18,14,22,6,2,10,23,3,19,4,24,1,21,20,17,11,12,7,8,5],[6,2,14,18,22,10,3,23,19,24,4,1,21,20,17,11,12,7,8,5],[14,2,22,18,10,6,3,23,19,4,24,21,20,1,17,11,12,7,8,5],[6,22,10,14,2,18,3,23,19,24,4,21,20,1,17,11,12,7,8,5],[22,18,6,14,10,2,23,3,19,4,24,21,20,17,1,11,12,7,8,5],[18,10,6,2,14,22,23,3,19,4,24,21,20,17,1,11,12,7,8,5],[14,6,22,18,10,2,3,23,19,4,24,1,21,20,17,11,12,7,8,5],[2,18,22,6,10,14,3,23,19,4,24,21,20,1,17,11,12,7,8,5],[22,10,18,2,6,14,23,3,19,4,24,21,20,17,1,11,12,7,8,5],[2,14,6,22,18,10,3,23,19,4,24,21,20,1,17,11,12,7,8,5],[10,14,22,18,6,2,23,3,19,24,4,21,20,17,1,11,12,7,8,5],[2,6,10,22,18,14,3,23,19,24,4,21,20,1,17,11,12],[14,18,2,10,22,6,3,23,19,4,24,21,20,1,17,11,12,7,8,5],[2,10,14,22,6,18,23,3,19,24,4,1,21,20,17,11,12,7,8,5],[22,6,10,18,14,2,23,3,19,24,4,21,20,17,1,11,12],[2,10,6,14,18,22,23,3,19,4,24,21,20,17,1,11,12,7,8,5],[10,6,14,18,2,22,3,23,19,24,4,21,20,17,1,11,12,7,8,5],[18,22,2,14,10,6,3,23,19,24,4,21,20,17,1,11,12,7,8,5],[6,22,14,18,10,2,23,3,19,4,24,21,20,17,1,11,12,7,8,5],[2,14,10,6,18,22,23,3,19,24,4,21,20,1,17,11,12,7,8,5],[22,6,10,2,14,18,23,3,19,4,24,1,21,20,17,11,12,7,8,5],[22,14,2,10,6,18,23,3,19,4,24,1,21,20,17,11,12,7,8,5],[2,6,22,10,18,14,23,3,19,4,24,21,20,1,17,11,12,7,8,5],[2,10,22,14,18,6,23,3,19,4,24,21,20,1,17,11,12,7,8,5],[2,6,22,10,14,18,3,23,19,4,24,1,21,20,17,11,12,7,8,5],[10,2,6,18,22,14,3,23,19,4,24,21,20,17,1,11,12],[18,6,22,10,2,14,23,3,19,24,4,21,20,17,1,11,12,7,8,5],[22,6,18,10,2,14,23,3,19,24,4,1,21,20,17,11,12,7,8,5],[2,10,14,22,6,18,23,3,19,24,4,21,20,17,1,11,12,7,8,5],[6,14,22,18,10,2,3,23,19,24,4,1,21,20,17,11,12,7,8,5],[22,10,18,2,6,14,3,23,19,24,4,1,21,20,17,11,12,7,8,5],[2,14,22,18,10,6,23,3,19,24,4,21,20,17,1,11,12,7,8,5],[14,22,6,10,18,2,3,23,19,4,24,1,21,20,17,11,12,7,8,5],[14,2,22,10,6,18,3,23,19,4,24,21,20,1,17,11,12,7,8,5],[2,22,10,6,14,18,23,3,19,4,24,1,21,20,17,11,12,7,8,5],[2,6,18,22,14,10,3,23,19,4,24,1,21,20,17,11,12,7,8,5],[14,18,10,22,6,2,23,3,19,4,24,1,21,20,17,11,12,7,8,5],[10,22,18,14,6,2,23,3,19,4,24,21,20,1,17,11,12,7,8,5],[6,2,18,10,22,14,3,23,19,24,4,21,20,17,1,11,12,7,8,5],[10,6,22,14,2,18,23,3,19,24,4,21,20,17,1,11,12,7,8,5],[2,10,14,18,22,6,23,3,19,24,4,1,21,20,17,11,12,7,8,5],[22,14,10,6,2,18,23,3,19,4,24,21,20,1,17,11,12,7,8,5],[2,6,10,22,18,14,3,23,19,4,24,21,20,17,1,11,12,7,8,5],[2,22,18,10,14,6,23,3,19,24,4,21,20,17,1,11,12,7,8,5],[2,22,14,6,10,18,3,23,19,4,24,1,21,20,17,11,12,7,8,5],[22,2,10,18,6,14,23,3,19,24,4,21,20,17,1,11,12,7,8,5],[14,22,18,2,10,6,23,3,19,24,4,21,20,17,1,11,12],[6,18,22,2,10,14,23,3,19,24,4,1,21,20,17,11,12,7,8,5],[14,10,18,6,22,2,3,23,19,24,4,1,21,20,17,11,12],[6,10,2,14,22,18,23,3,19,24,4,21,20,17,1,11,12,7,8,5],[18,6,14,2,22,10,23,3,19,24,4,21,20,1,17,11,12,7,8,5],[22,2,14,10,6,18,3,23,19,4,24,21,20,1,17,11,12,7,8,5],[22,2,18,6,14,10,23,3,19,24,4,21,20,17,1,11,12,7,8,5],[2,14,10,6,18,22,3,23,19,24,4,21,20,17,1,11,12,7,8,5],[22,10,14,2,6,18,23,3,19,4,24,1,21,20,17,11,12,7,8,5],[18,14,22,6,10,2,23,3,19,24,4,21,20,1,17,11,12,7,8,5],[22,2,18,10,6,14,23,3,19,4,24,21,20,1,17,11,12,7,8,5],[6,18,2,14,10,22,3,23,19,24,4,21,20,1,17,11,12,7,8,5],[22,14,10,6,2,18,23,3,19,4,24,1,21,20,17,11,12,7,8,5],[22,2,18,10,14,6,3,23,19,4,24,21,20,1,17,11,12,7,8,5],[18,6,22,14,2,10,3,23,19,4,24,21,20,17,1,11,12,7,8,5],[2,22,6,10,14,18,23,3,19,24,4,21,20,1,17,11,12,7,8,5],[14,10,6,18,2,22,23,3,19,4,24,21,20,17,1,11,12,7,8,5],[14,18,6,10,2,22,23,3,19,4,24,21,20,17,1,11,12,7,8,5],[2,18,10,22,6,14,3,23,19,4,24,21,20,1,17,11,12,7,8,5],[2,6,10,18,14,22,23,3,19,24,4,1,21,20,17,11,12,7,8,5],[18,22,14,6,10,2,3,23,19,4,24,21,20,17,1,11,12,7,8,5],[2,14,6,10,18,22,3,23,19,24,4,1,21,20,17,11,12,7,8,5],[2,22,14,6,18,10,3,23,19,4,24,21,20,17,1,11,12,7,8,5],[22,2,10,18,6,14,3,23,19,24,4,21,20,1,17,11,12,7,8,5],[14,18,6,2,10,22,3,23,19,4,24,1,21,20,17,11,12,7,8,5],[10,14,2,18,6,22,23,3,19,4,24,21,20,1,17,11,12],[2,18,10,14,6,22,3,23,19,4,24,1,21,20,17,11,12,7,8,5],[10,6,22,18,2,14,3,23,19,24,4,21,20,1,17,11,12,7,8,5],[2,10,14,22,6,18,23,3,19,4,24,21,20,1,17,11,12,7,8,5],[14,18,6,2,22,10,23,3,19,4,24,21,20,17,1,11,12],[18,10,14,6,2,22,23,3,19,24,4,21,20,17,1,11,12,7,8,5],[22,6,2,10,18,14,23,3,19,4,24,21,20,1,17,11,12],[10,14,22,6,2,18,3,23,19,24,4,21,20,17,1,11,12,7,8,5],[6,10,22,14,18,2,23,3,19,4,24,21,20,17,1,11,12,7,8,5],[6,22,18,2,10,14,23,3,19,4,24,21,20,1,17,11,12,7,8,5],[10,2,6,22,14,18,23,3,19,4,24,1,21,20,17,11,12],[10,6,2,14,22,18,23,3,19,4,24,1,21,20,17,11,12,7,8,5],[6,18,2,10,22,14,3,23,19,4,24,21,20,17,1,11,12,7,8,5],[14,18,22,6,2,10,23,3,19,4,24,21,20,1,17,11,12],[22,10,18,6,2,14,23,3,19,24,4,1,21,20,17,11,12,7,8,5],[6,10,2,18,22,14,3,23,19,24,4,1,21,20,17,11,12],[10,18,14,2,22,6,23,3,19,24,4,1,21,20,17,11,12,7,8,5],[14,22,2,6,18,10,23,3,19,4,24,21,20,1,17,11,12,7,8,5],[10,14,22,18,6,2,3,23,19,24,4,1,21,20,17,11,12,7,8,5],[10,2,18,6,14,22,23,3,19,24,4,21,20,17,1,11,12],[22,18,14,10,2,6,23,3,19,4,24,1,21,20,17,11,12,7,8,5],[14,22,2,18,10,6,23,3,19,24,4,21,20,1,17,11,12,7,8,5],[2,10,14,22,18,6,23,3,19,24,4,1,21,20,17,11,12],[18,6,2,10,22,14,3,23,19,4,24,21,20,17,1,11,12,7,8,5],[18,6,14,22,2,10,19,3,23,24,4,1,21,20,17,11,12,7,8,5],[10,22,14,2,18,6,23,3,19,24,4,21,20,17,1,11,12],[18,2,6,10,14,22,23,3,19,24,4,1,21,20,17,11,12],[22,18,2,10,14,6,23,3,19,4,24,21,20,1,17,11,12,7,8,5],[18,6,14,2,22,10,23,3,19,4,24,21,20,1,17,11,12],[22,2,6,18,14,10,23,3,19,4,24,21,20,1,17,11,12,7,8,5],[14,22,6,18,10,2,3,23,19,4,24,21,20,1,17,11,12],[2,6,22,14,18,10,3,23,19,4,24,1,21,20,17,11,12],[18,10,2,6,14,22,23,3,19,24,4,1,21,20,17,11,12],[2,22,6,18,10,14,23,3,19,24,4,1,21,20,17,11,12,7,8,5],[14,22,2,18,10,6,3,23,19,24,4,21,20,17,1,11,12,7,8,5],[10,22,6,14,2,18,23,3,19,4,24,21,20,17,1,11,12],[10,18,2,22,6,14,23,3,19,24,4,21,20,17,1,11,12,7,8,5],[18,14,6,2,22,10,23,3,19,24,4,1,21,20,17,11,12,7,8,5],[18,22,10,2,14,6,3,23,19,4,24,21,20,1,17,11,12],[10,18,2,22,6,14,3,23,19,24,4,1,21,20,17,11,12,7,8,5],[6,10,22,2,18,14,3,23,19,4,24,21,20,17,1,11,12,7,8,5],[18,10,2,14,6,22,3,23,19,4,24,21,20,1,17,11,12,7,8,5],[18,10,22,2,14,6,3,23,19,4,24,1,21,20,17,11,12,7,8,5],[6,14,10,18,2,22,3,23,19,4,24,1,21,20,17,11,12,7,8,5],[14,6,10,22,18,2,23,3,19,4,24,21,20,17,1,11,12,7,8,5],[2,14,10,22,6,18,3,23,19,24,4,21,20,1,17,11,12,7,8,5],[10,22,14,18,6,2,3,23,19,4,24,1,21,20,17,11,12,7,8,5],[10,2,18,6,14,22,23,3,19,4,24,21,20,17,1,11,12,7,8,5],[14,10,22,18,6,2,23,3,19,4,24,1,21,20,17,11,12,7,8,5],[10,2,22,6,14,18,23,3,19,24,4,1,21,20,17,11,12,7,8,5],[6,14,18,2,22,10,3,23,19,24,4,1,21,20,17,11,12,7,8,5],[6,22,2,10,14,18,23,3,19,24,4,1,21,20,17,11,12,7,8,5],[6,10,22,14,2,18,23,3,19,24,4,1,21,20,17,11,12],[2,10,22,18,6,14,23,3,19,24,4,21,20,17,1,11,12,7,8,5],[10,22,18,14,6,2,3,23,19,4,24,1,21,20,17,11,12,7,8,5],[2,18,10,6,14,22,3,23,19,4,24,1,21,20,17,11,12,7,8,5],[18,10,22,2,14,6,23,3,19,24,4,21,20,1,17,11,12,7,8,5],[14,10,6,2,18,22,23,3,19,4,24,21,20,1,17,11,12,7,8,5],[18,2,6,14,22,10,3,23,19,24,4,1,21,20,17,11,12],[14,2,22,18,6,10,23,3,19,24,4,1,21,20,17,11,12,7,8,5],[2,14,22,6,18,10,23,3,19,24,4,21,20,1,17,11,12,7,8,5],[14,10,6,22,18,2,3,23,19,4,24,21,20,1,17,11,12,7,8,5],[6,2,18,10,14,22,3,23,19,4,24,21,20,17,1,11,12],[10,6,22,2,14,18,3,23,19,4,24,1,21,20,17,11,12,7,8,5],[22,2,14,10,18,6,3,23,19,24,4,1,21,20,17,11,12,7,8,5],[18,10,14,2,6,22,3,23,19,24,4,1,21,20,17,11,12,7,8,5],[14,22,6,18,10,2,3,23,19,4,24,1,21,20,17,11,12],[2,6,18,10,14,22,23,3,19,4,24,21,20,17,1,11,12,7,8,5],[6,2,22,10,18,14,3,23,19,4,24,21,20,1,17,11,12,8,7,5],[6,2,14,10,18,22,23,3,19,24,4,21,20,1,17,11,12,7,8,5],[10,2,18,22,14,6,3,23,19,4,24,21,20,1,17,11,12],[22,2,14,10,18,6,3,23,19,4,24,1,21,20,17,11,12],[22,10,6,2,14,18,3,23,19,4,24,1,21,20,17,11,12,7,8,5],[6,2,22,14,10,18,3,23,19,4,24,1,21,20,17,11,12,7,8,5],[2,6,10,22,18,14,3,23,19,24,4,1,21,20,17,11,12],[14,2,6,18,22,10,23,3,19,4,24,1,21,20,17,11,12,7,8,5],[6,2,18,14,22,10,23,3,19,4,24,21,20,1,17,11,12,7,8,5],[22,6,10,18,14,2,23,3,19,24,4,1,21,20,17,11,12,7,8,5],[2,18,6,10,22,14,3,23,19,24,4,21,20,17,1,11,12,7,8,5],[14,10,22,6,2,18,3,23,19,4,24,21,20,17,1,11,12,7,8,5],[6,10,2,22,18,14,23,3,19,24,4,1,21,20,17,11,12,7,8,5],[22,6,14,18,10,2,3,23,19,4,24,21,20,17,1,11,12,7,8,5],[10,14,6,18,2,22,23,3,19,4,24,21,20,1,17,11,12],[18,6,2,14,22,10,3,23,19,24,4,21,20,17,1,11,12],[10,18,22,2,14,6,3,23,19,4,24,21,20,1,17,11,12,7,8,5],[14,2,10,6,22,18,3,23,19,4,24,21,20,17,1,11,12,7,8,5],[22,2,14,18,10,6,23,3,19,4,24,1,21,20,17,11,12,7,8,5],[6,18,2,22,14,10,3,23,19,4,24,1,21,20,17,11,12,8,7,5],[10,6,18,2,22,14,3,23,19,4,24,1,21,20,17,11,12,7,8,5],[18,10,22,2,6,14,23,3,19,24,4,1,21,20,17,11,12],[14,18,2,10,22,6,3,23,19,24,4,21,20,1,17,11,12,7,8,5],[6,22,2,14,10,18,3,23,19,4,24,1,21,20,17,11,12,7,8,5],[22,2,6,18,10,14,3,23,19,24,4,1,21,20,17,11,12,7,8,5],[22,10,2,6,14,18,3,23,19,4,24,1,21,20,17,11,12,7,8,5],[6,2,14,18,22,10,23,3,19,4,24,21,20,1,17,11,12,7,8,5],[22,2,6,10,18,14,23,3,19,24,4,21,20,17,1,11,12,7,8,5],[10,22,2,6,18,14,23,3,19,24,4,21,20,17,1,11,12],[22,18,6,14,2,10,3,23,19,24,4,1,21,20,17,11,12,7,8,5],[2,22,6,10,14,18,23,3,19,24,4,21,20,17,1,11,12],[14,18,22,2,10,6,23,3,19,4,24,1,21,20,17,11,12,7,8,5],[6,10,18,22,2,14,23,3,19,4,24,21,20,17,1,11,12,7,8,5],[2,18,10,22,14,6,23,3,19,24,4,21,20,17,1,11,12],[6,14,18,22,10,2,3,23,19,4,24,21,20,1,17,11,12],[18,6,14,10,2,22,23,3,19,4,24,1,21,20,17,11,12,7,8,5],[22,10,18,6,2,14,23,3,19,4,24,21,20,17,1,11,12,7,8,5],[18,14,22,6,10,2,3,23,19,24,4,21,20,17,1,11,12,7,8,5],[18,14,22,6,2,10,3,23,19,4,24,21,20,1,17,11,12],[10,18,2,6,14,22,23,3,19,24,4,1,21,20,17,11,12,7,8,5],[10,2,22,6,14,18,3,23,19,4,24,1,21,20,17,11,12,7,8,5],[18,10,14,6,2,22,23,3,19,4,24,1,21,20,17,11,12,7,8,5],[2,6,10,22,18,14,3,23,19,4,24,21,20,1,17,11,12,7,8,5],[22,10,14,18,6,2,3,23,19,4,24,21,20,1,17,11,12,7,8,5],[6,22,14,2,18,10,23,3,19,24,4,1,21,20,17,11,12,7,8,5],[14,10,22,6,18,2,3,23,19,24,4,1,21,20,17,11,12],[18,6,14,10,2,22,23,3,19,24,4,21,20,1,17,11,12,7,8,5],[2,22,10,14,6,18,3,23,19,4,24,21,20,17,1,11,12,7,8,5],[14,10,22,6,2,18,3,23,19,24,4,21,20,17,1,11,12,7,8,5],[22,6,10,2,14,18,23,3,19,24,4,1,21,20,17,11,12,7,8,5],[2,22,18,14,10,6,23,3,19,24,4,1,21,20,17,11,12,7,8,5],[14,22,2,18,6,10,3,23,19,4,24,1,21,20,17,11,12,7,8,5],[2,14,6,10,22,18,3,23,19,24,4,21,20,17,1,11,12,7,8,5],[10,2,18,14,6,22,3,23,19,4,24,1,21,20,17,11,12,7,8,5],[10,22,2,18,6,14,23,3,19,4,24,1,21,20,17,11,12,7,8,5],[22,18,14,2,10,6,23,3,19,4,24,1,21,20,17,11,12,7,8,5],[22,14,10,2,18,6,23,3,19,4,24,21,20,1,17,11,12,7,8,5],[2,6,18,14,22,10,3,23,19,4,24,21,20,17,1,11,12,7,8,5],[2,14,6,18,10,22,23,3,19,24,4,1,21,20,17,11,12,7,8,5],[10,22,14,6,2,18,23,3,19,24,4,21,20,1,17,11,12],[14,18,2,22,6,10,23,3,19,4,24,1,21,20,17,11,12,7,8,5],[18,14,6,2,22,10,23,3,19,24,4,21,20,1,17,11,12],[10,18,2,14,22,6,23,3,19,4,24,21,20,17,1,11,12],[2,18,14,6,10,22,23,3,19,4,24,1,21,20,17,11,12,7,8,5],[18,22,2,14,6,10,23,3,19,4,24,21,20,17,1,11,12,7,8,5],[6,2,10,14,22,18,23,3,19,24,4,1,21,20,17,11,12,7,8,5],[22,10,2,6,18,14,3,23,19,24,4,21,20,17,1,11,12,7,8,5],[2,22,18,10,6,14,23,3,19,4,24,21,20,1,17,11,12],[14,2,10,6,22,18,23,3,19,4,24,1,21,20,17,11,12,7,8,5],[14,6,10,2,18,22,23,3,19,4,24,21,20,17,1,11,12,7,8,5],[14,10,2,18,6,22,23,3,19,4,24,21,20,17,1,11,12],[6,14,18,10,2,22,23,3,19,4,24,1,21,20,17,11,12,7,8,5],[6,18,10,2,22,14,3,23,19,24,4,21,20,1,17,11,12,7,8,5],[6,2,22,14,18,10,23,3,19,24,4,21,20,17,1,11,12,7,8,5],[2,6,14,18,10,22,23,3,19,4,24,21,20,1,17,11,12,7,8,5],[18,22,2,6,10,14,3,23,19,24,4,21,20,1,17,11,12,7,8,5],[6,22,18,2,10,14,23,3,19,4,24,1,21,20,17,11,12,7,8,5],[2,10,14,6,18,22,3,23,19,24,4,1,21,20,17,11,12],[10,2,6,14,22,18,23,3,19,24,4,21,20,1,17,11,12,7,8,5],[6,14,18,2,22,10,3,23,19,24,4,21,20,17,1,11,12,7,8,5],[6,10,18,14,22,2,23,3,19,4,24,1,21,20,17,11,12,7,8,5],[2,22,10,18,14,6,3,23,19,24,4,1,21,20,17,11,12,7,8,5],[14,2,10,6,22,18,23,3,19,24,4,21,20,17,1,11,12,7,8,5],[6,14,18,22,10,2,3,23,19,24,4,21,20,1,17,11,12,7,8,5],[14,6,2,18,10,22,3,23,19,24,4,1,21,20,17,11,12],[22,10,2,14,6,18,23,3,19,24,4,1,21,20,17,11,12],[6,2,22,18,14,10,3,23,19,24,4,21,20,1,17,11,12,8,7,5],[22,14,2,10,6,18,23,3,19,24,4,1,21,20,17,11,12,7,8,5],[14,2,22,10,18,6,23,3,19,24,4,21,20,17,1,11,12,7,8,5],[2,22,18,14,6,10,23,3,19,24,4,21,20,17,1,11,12,7,8,5],[22,10,2,6,14,18,23,3,19,4,24,21,20,17,1,11,12,7,8,5],[22,10,2,14,6,18,3,23,19,24,4,1,21,20,17,11,12,7,8,5],[2,22,14,18,6,10,23,3,19,24,4,1,21,20,17,11,12,7,8,5],[18,22,10,14,2,6,23,3,19,4,24,21,20,17,1,11,12,7,8,5],[2,6,14,18,10,22,23,3,19,4,24,21,20,1,17,11,12,7,8,5],[2,14,6,18,10,22,23,3,19,4,24,21,20,17,1,11,12,7,8,5],[14,10,22,2,6,18,3,23,19,4,24,1,21,20,17,11,12,7,8,5],[2,22,10,14,18,6,3,23,19,24,4,21,20,1,17,11,12],[6,18,2,14,10,22,3,23,19,4,24,1,21,20,17,11,12,7,8,5],[6,10,2,14,18,22,3,23,19,24,4,21,20,1,17,11,12,7,8,5],[14,18,10,22,2,6,23,3,19,4,24,21,20,17,1,11,12],[18,14,6,2,22,10,23,3,19,4,24,1,21,20,17,11,12,7,8,5],[14,6,18,22,2,10,23,3,19,4,24,21,20,1,17,11,12,7,8,5],[2,6,14,22,10,18,3,23,19,24,4,1,21,20,17,11,12,7,8,5],[18,2,10,22,6,14,3,23,19,24,4,1,21,20,17,11,12,7,8,5],[6,10,18,2,22,14,3,23,19,24,4,1,21,20,17,11,12,7,8,5],[2,10,14,18,6,22,3,23,19,4,24,21,20,17,1,11,12,7,8,5],[18,10,14,6,22,2,3,23,19,4,24,21,20,1,17,11,12,7,8,5],[18,10,2,6,22,14,23,3,19,4,24,1,21,20,17,11,12,7,8,5],[18,10,14,2,6,22,3,23,19,4,24,21,20,17,1,11,12,7,8,5],[2,18,6,14,10,22,3,23,19,24,4,21,20,1,17,11,12,7,8,5],[6,14,2,18,22,10,3,23,19,24,4,21,20,17,1,11,12],[10,22,18,2,14,6,3,23,19,24,4,21,20,17,1,11,12,7,8,5],[6,2,10,22,14,18,23,3,19,4,24,21,20,1,17,11,12,7,8,5],[18,14,6,2,22,10,3,23,19,4,24,1,21,20,17,11,12,7,8,5],[18,14,10,22,2,6,23,3,19,24,4,21,20,17,1,11,12],[6,18,22,2,10,14,3,23,19,24,4,21,20,1,17,11,12,7,8,5],[6,22,18,10,14,2,3,23,19,4,24,21,20,1,17,11,12,7,8,5],[6,14,22,18,10,2,3,23,19,24,4,21,20,17,1,11,12],[6,10,14,2,22,18,3,23,19,24,4,1,21,20,17,11,12,7,8,5],[6,14,10,18,2,22,23,3,19,4,24,1,21,20,17,11,12,7,8,5],[6,10,2,18,14,22,23,3,19,4,24,21,20,1,17,11,12,7,8,5],[2,22,6,14,10,18,23,3,19,24,4,1,21,20,17,11,12,7,8,5],[2,10,18,14,6,22,3,23,19,4,24,21,20,17,1,11,12,7,8,5],[2,10,18,6,14,22,23,3,19,4,24,1,21,20,17,11,12,7,8,5],[10,6,14,2,22,18,23,3,19,4,24,1,21,20,17,11,12],[22,14,10,18,6,2,3,23,19,24,4,1,21,20,17,11,12,7,8,5],[14,10,18,22,6,2,3,23,19,24,4,21,20,17,1,11,12,7,8,5],[10,14,2,18,22,6,3,23,19,24,4,1,21,20,17,11,12],[18,10,6,22,14,2,23,3,19,24,4,21,20,17,1,11,12,7,8,5],[10,6,14,22,2,18,3,23,19,4,24,21,20,1,17,11,12,7,8,5],[22,6,14,10,18,2,3,23,19,24,4,1,21,20,17,11,12],[2,14,6,22,18,10,3,23,19,24,4,1,21,20,17,11,12,7,8,5],[10,22,14,6,2,18,3,23,19,24,4,21,20,1,17,11,12],[18,2,14,22,10,6,3,23,19,24,4,21,20,17,1,11,12,7,8,5],[6,22,14,18,2,10,3,23,19,24,4,21,20,17,1,11,12,7,8,5],[18,14,6,22,10,2,23,3,19,24,4,21,20,1,17,11,12,7,8,5],[22,10,6,18,2,14,3,23,19,4,24,1,21,20,17,11,12,7,8,5],[2,10,6,22,18,14,3,23,19,4,24,1,21,20,17,11,12,7,8,5],[2,22,14,18,6,10,23,3,19,24,4,21,20,1,17,11,12,7,8,5],[22,10,6,18,14,2,3,23,19,24,4,21,20,1,17,11,12,7,8,5],[22,2,14,18,10,6,3,23,19,24,4,1,21,20,17,11,12,7,8,5],[14,18,2,22,10,6,23,3,19,24,4,21,20,17,1,11,12,7,8,5],[6,10,18,14,2,22,23,3,19,24,4,21,20,17,1,11,12,7,8,5],[10,22,2,14,18,6,23,3,19,4,24,1,21,20,17,11,12,7,8,5],[22,2,14,6,10,18,23,3,19,4,24,1,21,20,17,11,12,7,8,5],[18,22,14,10,2,6,3,23,19,4,24,1,21,20,17,11,12,7,8,5],[2,6,22,18,14,10,3,23,19,24,4,1,21,20,17,11,12,7,8,5],[6,18,14,10,2,22,23,3,19,4,24,21,20,1,17,11,12,7,8,5],[2,22,14,6,18,10,23,3,19,4,24,21,20,17,1,11,12,7,8,5],[6,22,18,10,14,2,23,3,19,4,24,1,21,20,17,11,12,7,8,5],[18,10,2,14,6,22,3,23,19,24,4,1,21,20,17,11,12,7,8,5],[18,2,6,10,22,14,23,3,19,4,24,21,20,17,1,11,12],[2,22,18,6,14,10,23,3,19,24,4,1,21,20,17,11,12,7,8,5],[2,18,22,14,10,6,23,3,19,4,24,1,21,20,17,11,12,7,8,5],[10,2,6,18,14,22,3,23,19,24,4,1,21,20,17,11,12,7,8,5],[18,14,10,2,22,6,23,3,19,4,24,21,20,17,1,11,12],[22,10,6,14,18,2,23,3,19,24,4,1,21,20,17,11,12,7,8,5],[10,6,14,2,18,22,3,23,19,4,24,1,21,20,17,11,12,8,7,5],[18,6,14,22,2,10,23,3,19,24,4,1,21,20,17,11,12,7,8,5],[18,22,2,10,14,6,3,23,19,24,4,1,21,20,17,11,12,7,8,5],[22,10,6,14,2,18,3,23,19,24,4,1,21,20,17,11,12,7,8,5],[2,18,6,14,10,22,3,23,19,24,4,1,21,20,17,11,12,7,8,5],[6,14,10,22,18,2,23,3,19,4,24,1,21,20,17,11,12,7,8,5],[18,14,2,6,10,22,23,3,19,4,24,1,21,20,17,11,12,7,8,5],[14,10,18,22,6,2,23,3,19,4,24,1,21,20,17,11,12,7,8,5],[14,2,22,10,6,18,3,23,19,4,24,1,21,20,17,11,12,7,8,5],[22,10,2,6,18,14,3,23,19,4,24,1,21,20,17,11,12,7,8,5],[14,2,6,22,18,10,23,3,19,4,24,1,21,20,17,11,12,7,8,5],[6,14,18,22,10,2,3,23,19,24,4,21,20,17,1,11,12,7,8,5],[14,6,10,2,22,18,3,23,19,4,24,21,20,1,17,11,12,7,8,5],[2,14,18,6,22,10,23,3,19,24,4,21,20,17,1,11,12,7,8,5],[2,18,22,14,6,10,3,23,19,24,4,21,20,17,1,11,12,7,8,5],[2,14,10,6,22,18,3,23,19,4,24,21,20,17,1,11,12,8,7,5],[6,10,2,14,22,18,3,23,19,24,4,1,21,20,17,11,12,7,8,5],[22,6,10,18,2,14,23,3,19,24,4,21,20,1,17,11,12,7,8,5],[14,18,10,22,6,2,3,23,19,4,24,1,21,20,17,11,12,7,8,5],[6,14,22,2,18,10,23,3,19,4,24,1,21,20,17,11,12,7,8,5],[14,22,10,18,6,2,23,3,19,4,24,21,20,1,17,11,12,7,8,5],[2,6,18,14,10,22,23,3,19,4,24,1,21,20,17,11,12,7,8,5],[18,6,14,10,2,22,3,23,19,4,24,1,21,20,17,11,12,7,8,5],[14,22,10,6,2,18,23,3,19,4,24,21,20,1,17,11,12,7,8,5],[2,22,6,14,10,18,3,23,19,4,24,1,21,20,17,11,12,7,8,5],[18,2,6,22,14,10,3,23,19,24,4,1,21,20,17,11,12,7,8,5],[14,2,22,10,6,18,23,3,19,24,4,1,21,20,17,11,12,7,8,5],[22,2,10,18,14,6,3,23,19,4,24,1,21,20,17,11,12,7,8,5],[14,22,10,2,18,6,23,3,19,4,24,21,20,1,17,11,12,7,8,5],[22,14,10,2,18,6,3,23,19,4,24,21,20,1,17,11,12,7,8,5],[18,10,22,2,14,6,3,23,19,24,4,21,20,1,17,11,12,7,8,5],[10,2,18,14,22,6,23,3,19,4,24,1,21,20,17,11,12,7,8,5],[6,2,18,22,14,10,23,3,19,4,24,21,20,1,17,11,12,7,8,5],[18,22,10,6,14,2,3,23,19,24,4,21,20,1,17,11,12,7,8,5],[10,2,6,18,14,22,3,23,19,4,24,1,21,20,17,11,12,7,8,5],[6,18,14,2,22,10,3,23,19,4,24,21,20,1,17,11,12,7,8,5],[6,22,10,2,14,18,3,23,19,24,4,21,20,17,1,11,12,7,8,5],[22,2,18,14,10,6,23,3,19,4,24,21,20,1,17,11,12,7,8,5],[2,18,22,10,14,6,23,3,19,24,4,21,20,1,17,11,12,7,8,5],[14,10,22,18,2,6,3,23,19,24,4,21,20,1,17,11,12,7,8,5],[18,14,6,2,22,10,23,3,19,4,24,21,20,17,1,11,12,7,8,5],[10,18,14,22,2,6,3,23,19,4,24,1,21,20,17,11,12,7,8,5],[10,6,22,2,18,14,23,3,19,4,24,1,21,20,17,11,12,7,8,5],[10,2,18,6,14,22,23,3,19,24,4,21,20,1,17,11,12],[22,2,6,18,10,14,23,3,19,24,4,1,21,20,17,11,12,7,8,5],[10,18,6,22,2,14,3,23,19,4,24,1,21,20,17,11,12,7,8,5],[18,6,14,10,2,22,23,3,19,24,4,1,21,20,17,11,12,7,8,5],[6,10,18,14,22,2,23,3,19,24,4,21,20,1,17,11,12,7,8,5],[6,22,14,10,18,2,3,23,19,24,4,1,21,20,17,11,12,7,8,5],[18,2,6,10,22,14,3,23,19,4,24,1,21,20,17,11,12,7,8,5],[22,10,18,2,6,14,23,3,19,24,4,21,20,1,17,11,12,7,8,5],[2,10,6,14,18,22,3,23,19,24,4,21,20,17,1,11,12,7,8,5],[18,6,14,10,22,2,23,3,19,24,4,1,21,20,17,11,12,7,8,5],[18,10,22,2,6,14,23,3,19,4,24,1,21,20,17,11,12,7,8,5],[14,6,2,22,18,10,23,3,19,24,4,1,21,20,17,11,12,7,8,5],[10,2,22,6,18,14,23,3,19,24,4,21,20,1,17,11,12,7,8,5],[10,14,6,22,2,18,23,3,19,24,4,21,20,1,17,11,12,7,8,5],[6,18,10,22,14,2,23,3,19,24,4,21,20,1,17,11,12,7,8,5],[2,10,14,6,22,18,3,23,19,24,4,21,20,1,17,11,12,7,8,5],[6,10,22,18,2,14,23,3,19,24,4,21,20,17,1,11,12,7,8,5],[14,22,2,10,6,18,23,3,19,24,4,21,20,1,17,11,12,7,8,5],[14,6,22,2,10,18,23,3,19,24,4,1,21,20,17,11,12,7,8,5],[6,18,22,14,10,2,3,23,19,4,24,1,21,20,17,11,12,7,8,5],[10,14,22,6,18,2,3,23,19,24,4,1,21,20,17,11,12,7,8,5],[14,6,18,22,10,2,3,23,19,4,24,1,21,20,17,11,12,8,7,5],[22,6,10,14,18,2,23,3,19,24,4,1,21,20,17,11,12,7,8,5],[14,10,22,18,6,2,23,3,19,4,24,21,20,17,1,11,12,7,8,5],[22,2,18,14,6,10,23,3,19,4,24,1,21,20,17,11,12,7,8,5],[6,2,14,10,18,22,23,3,19,4,24,1,21,20,17,11,12,7,8,5],[6,10,2,18,22,14,23,3,19,24,4,21,20,1,17,11,12,7,8,5],[6,18,2,14,10,22,23,3,19,4,24,1,21,20,17,11,12,7,8,5],[18,22,6,14,2,10,3,23,19,4,24,21,20,17,1,11,12,7,8,5],[22,14,18,10,2,6,23,3,19,24,4,21,20,17,1,11,12,7,8,5],[18,6,10,14,2,22,23,3,19,4,24,1,21,20,17,11,12],[18,2,14,22,10,6,3,23,19,24,4,1,21,20,17,11,12,7,8,5],[22,6,18,14,2,10,3,23,19,4,24,1,21,20,17,11,12,7,8,5],[14,18,2,6,10,22,3,23,19,24,4,21,20,1,17,11,12,7,8,5],[22,2,14,10,18,6,23,3,19,4,24,1,21,20,17,11,12,7,8,5],[10,14,18,2,22,6,3,23,19,4,24,21,20,17,1,11,12,7,8,5],[6,18,10,2,22,14,3,23,19,4,24,21,20,17,1,11,12,7,8,5],[22,18,2,6,14,10,3,23,19,24,4,21,20,17,1,11,12,7,8,5],[18,22,14,2,6,10,3,23,19,24,4,21,20,17,1,11,12,7,8,5],[2,22,18,6,14,10,23,3,19,4,24,1,21,20,17,11,12,7,8,5],[10,14,22,2,6,18,3,23,19,4,24,21,20,17,1,11,12,7,8,5],[22,10,14,2,18,6,23,3,19,4,24,1,21,20,17,11,12,7,8,5],[14,22,10,6,2,18,3,23,19,4,24,1,21,20,17,11,12,7,8,5],[6,18,2,22,10,14,23,3,19,24,4,21,20,1,17,11,12,7,8,5],[2,6,14,18,10,22,3,23,19,24,4,1,21,20,17,11,12,7,8,5],[22,6,10,2,14,18,23,3,19,24,4,21,20,1,17,11,12],[18,10,2,14,6,22,3,23,19,24,4,1,21,20,17,11,12,7,8,5],[22,10,6,14,18,2,23,3,19,4,24,1,21,20,17,11,12,7,8,5],[2,6,22,10,14,18,23,3,19,24,4,1,21,20,17,11,12,7,8,5],[10,14,18,2,6,22,3,23,19,4,24,21,20,1,17,11,12,7,8,5],[18,10,6,2,14,22,23,3,19,24,4,1,21,20,17,11,12,7,8,5],[18,14,6,2,10,22,3,23,19,4,24,1,21,20,17,11,12,7,8,5],[2,14,6,22,10,18,23,3,19,4,24,1,21,20,17,11,12,7,8,5],[18,22,14,6,10,2,3,23,19,4,24,1,21,20,17,11,12,7,8,5],[14,18,2,10,6,22,23,3,19,4,24,1,21,20,17,11,12,7,8,5],[18,22,2,6,10,14,23,3,19,4,24,21,20,17,1,11,12,7,8,5],[14,22,10,6,2,18,23,3,19,4,24,21,20,17,1,11,12,7,8,5],[18,14,22,2,6,10,23,3,19,4,24,1,21,20,17,11,12,7,8,5],[2,10,14,22,18,6,3,23,19,4,24,21,20,1,17,11,12,7,8,5],[10,22,18,14,2,6,23,3,19,24,4,1,21,20,17,11,12],[6,22,14,2,10,18,23,3,19,24,4,21,20,1,17,11,12,7,8,5],[10,6,14,18,22,2,23,3,19,4,24,21,20,17,1,11,12,7,8,5],[22,18,10,6,14,2,23,3,19,4,24,1,21,20,17,11,12,7,8,5],[22,14,2,18,6,10,3,23,19,24,4,1,21,20,17,11,12,7,8,5],[2,6,18,10,14,22,23,3,19,4,24,1,21,20,17,11,12,7,8,5],[14,10,6,18,22,2,3,23,19,24,4,1,21,20,17,11,12,7,8,5],[10,22,6,14,2,18,23,3,19,4,24,1,21,20,17,11,12,7,8,5],[14,6,2,22,18,10,23,3,19,4,24,1,21,20,17,11,12,7,8,5],[22,18,2,6,14,10,3,23,19,4,24,21,20,17,1,11,12,7,8,5],[14,6,10,18,22,2,23,3,19,4,24,1,21,20,17,11,12],[6,18,14,2,22,10,23,3,19,4,24,21,20,17,1,11,12,7,8,5],[18,10,22,6,2,14,23,3,19,24,4,21,20,17,1,11,12,7,8,5],[22,18,14,2,10,6,23,3,19,24,4,21,20,17,1,11,12,7,8,5],[22,2,10,18,14,6,3,23,19,24,4,1,21,20,17,11,12,7,8,5],[6,22,10,18,14,2,23,3,19,24,4,1,21,20,17,11,12,7,8,5],[18,22,2,10,6,14,23,3,19,24,4,1,21,20,17,11,12,7,8,5],[2,10,14,18,22,6,23,3,19,4,24,1,21,20,17,11,12,7,8,5],[2,22,10,18,14,6,3,23,19,4,24,21,20,1,17,11,12,7,8,5],[6,2,14,18,10,22,3,23,19,24,4,21,20,1,17,11,12,7,8,5],[10,14,18,2,6,22,3,23,19,4,24,1,21,20,17,11,12],[2,10,6,22,18,14,3,23,19,4,24,1,21,20,17,11,12,7,8,5],[14,22,2,18,6,10,23,3,19,4,24,1,21,20,17,11,12],[22,6,14,10,18,2,3,23,19,24,4,21,20,17,1,11,12],[14,10,22,6,2,18,23,3,19,24,4,21,20,1,17,11,12,7,8,5],[2,6,14,22,10,18,23,3,19,24,4,21,20,1,17,11,12,7,8,5],[18,22,2,14,10,6,23,3,19,4,24,21,20,17,1,11,12,7,8,5],[10,14,22,18,2,6,3,23,19,24,4,21,20,17,1,11,12],[2,14,18,10,6,22,3,23,19,4,24,1,21,20,17,11,12,7,8,5],[6,10,14,22,18,2,3,23,19,4,24,21,20,1,17,11,12,7,8,5],[2,14,22,10,6,18,3,23,19,24,4,21,20,17,1,11,12],[2,14,6,18,22,10,3,23,19,4,24,21,20,1,17,11,12,7,8,5],[18,6,14,10,2,22,23,3,19,24,4,21,20,17,1,11,12],[22,18,14,6,2,10,23,3,19,4,24,1,21,20,17,11,12],[6,10,2,14,22,18,23,3,19,24,4,1,21,20,17,11,12],[6,18,22,10,14,2,23,3,19,24,4,1,21,20,17,11,12,7,8,5],[10,22,14,6,18,2,3,23,19,4,24,21,20,17,1,11,12,7,8,5],[22,18,10,6,14,2,23,3,19,24,4,1,21,20,17,11,12],[10,6,2,14,22,18,3,23,19,4,24,21,20,17,1,11,12,7,8,5],[22,6,14,18,2,10,3,23,19,24,4,1,21,20,17,11,12,7,8,5],[6,18,22,10,14,2,23,3,19,24,4,1,21,20,17,11,12,7,8,5],[14,6,18,10,2,22,23,3,19,24,4,1,21,20,17,11,12],[18,22,14,2,6,10,3,23,19,24,4,1,21,20,17,11,12,7,8,5],[2,14,6,22,10,18,23,3,19,24,4,21,20,1,17,11,12],[22,2,10,18,6,14,23,3,19,24,4,1,21,20,17,11,12],[14,6,22,10,18,2,23,3,19,24,4,21,20,1,17,11,12,7,8,5],[2,10,6,14,18,22,3,23,19,24,4,1,21,20,17,11,12],[2,22,10,6,14,18,23,3,19,4,24,1,21,20,17,11,12],[10,6,14,18,22,2,3,23,19,24,4,1,21,20,17,11,12,8,7,5],[10,18,22,2,14,6,23,3,19,24,4,21,20,17,1,11,12],[18,10,14,6,2,22,3,23,19,4,24,1,21,20,17,11,12,7,8,5],[6,2,18,22,10,14,3,23,19,4,24,1,21,20,17,11,12,7,8,5],[18,10,2,22,14,6,3,23,19,24,4,21,20,1,17,11,12,7,8,5],[2,14,22,6,18,10,23,3,19,4,24,1,21,20,17,11,12],[18,6,10,14,22,2,23,3,19,4,24,21,20,1,17,11,12,7,8,5],[6,14,10,18,22,2,23,3,19,24,4,1,21,20,17,11,12,7,8,5],[22,10,6,18,2,14,23,3,19,24,4,21,20,17,1,11,12,7,8,5],[6,14,18,2,10,22,3,23,19,24,4,1,21,20,17,11,12,7,8,5],[2,18,6,22,10,14,23,3,19,4,24,1,21,20,17,11,12,7,8,5],[10,18,6,14,2,22,23,3,19,24,4,1,21,20,17,11,12,7,8,5],[6,14,22,10,18,2,3,23,19,24,4,21,20,17,1,11,12,7,8,5],[22,2,18,10,14,6,3,23,19,24,4,1,21,20,17,11,12,7,8,5],[22,14,18,2,6,10,23,3,19,24,4,1,21,20,17,11,12,7,8,5],[6,22,18,10,14,2,3,23,19,24,4,1,21,20,17,11,12,7,8,5],[22,10,18,6,2,14,23,3,19,24,4,1,21,20,17,11,12,7,8,5],[2,10,18,22,14,6,23,3,19,4,24,1,21,20,17,11,12,7,8,5],[14,6,22,2,10,18,23,3,19,24,4,1,21,20,17,11,12,7,8,5],[10,22,18,6,2,14,23,3,19,24,4,21,20,17,1,11,12,7,8,5],[18,14,2,10,22,6,3,23,19,24,4,21,20,1,17,11,12,7,8,5],[10,18,22,2,14,6,3,23,19,24,4,1,21,20,17,11,12,7,8,5],[14,10,2,22,18,6,23,3,19,24,4,21,20,17,1,11,12],[22,10,14,18,2,6,23,3,19,24,4,1,21,20,17,11,12,7,8,5],[6,2,18,10,14,22,23,3,19,4,24,21,20,17,1,11,12],[2,10,6,18,22,14,23,3,19,24,4,1,21,20,17,11,12,7,8,5],[14,2,6,18,10,22,3,23,19,4,24,1,21,20,17,11,12,7,8,5],[10,2,18,6,22,14,23,3,19,4,24,1,21,20,17,11,12],[14,22,2,10,6,18,23,3,19,24,4,1,21,20,17,11,12,7,8,5],[22,2,10,6,18,14,3,23,19,24,4,21,20,17,1,11,12,7,8,5],[14,2,22,6,18,10,3,23,19,4,24,1,21,20,17,11,12,7,8,5],[6,22,2,14,10,18,23,3,19,4,24,21,20,1,17,11,12,7,8,5],[2,14,10,22,18,6,3,23,19,24,4,21,20,17,1,11,12,7,8,5],[22,14,6,18,2,10,23,3,19,24,4,1,21,20,17,11,12,7,8,5],[10,14,6,18,22,2,3,23,19,4,24,1,21,20,17,11,12,7,8,5],[10,2,22,14,18,6,3,23,19,4,24,21,20,17,1,11,12,7,8,5],[18,6,14,22,10,2,3,23,19,4,24,21,20,1,17,11,12],[14,2,18,10,22,6,3,23,19,4,24,1,21,20,17,11,12,7,8,5],[22,10,6,2,14,18,23,3,19,24,4,21,20,1,17,11,12,7,8,5],[22,2,10,6,14,18,3,23,19,24,4,21,20,1,17,11,12,7,8,5],[14,10,22,18,2,6,23,3,19,24,4,21,20,1,17,11,12,7,8,5],[6,10,18,2,22,14,3,23,19,4,24,21,20,17,1,11,12],[10,6,22,2,18,14,3,23,19,24,4,21,20,17,1,11,12,7,8,5],[22,6,10,2,14,18,3,23,19,24,4,21,20,17,1,11,12,7,8,5],[18,6,14,2,22,10,3,23,19,24,4,1,21,20,17,11,12,7,8,5],[10,18,22,14,6,2,23,3,19,24,4,21,20,17,1,11,12],[22,18,10,6,2,14,3,23,19,24,4,21,20,1,17,11,12,7,8,5],[22,18,14,2,6,10,3,23,19,4,24,1,21,20,17,11,12,7,8,5],[6,14,10,2,22,18,23,3,19,4,24,21,20,17,1,11,12],[22,6,2,18,14,10,23,3,19,4,24,1,21,20,17,11,12,7,8,5],[6,18,14,2,22,10,23,3,19,4,24,1,21,20,17,11,12,7,8,5],[6,2,18,14,10,22,23,3,19,4,24,1,21,20,17,11,12,7,8,5],[10,6,14,22,18,2,23,3,19,24,4,1,21,20,17,11,12,7,8,5],[2,6,10,18,14,22,3,23,19,4,24,1,21,20,17,11,12,7,8,5],[2,6,10,14,22,18,3,23,19,4,24,21,20,17,1,11,12,7,8,5],[10,6,14,2,22,18,3,23,19,24,4,1,21,20,17,11,12,7,8,5],[2,14,22,18,10,6,3,23,19,24,4,21,20,17,1,11,12,7,8,5],[10,18,2,6,14,22,23,3,19,4,24,1,21,20,17,11,12,7,8,5],[22,10,2,18,14,6,3,23,19,4,24,21,20,17,1,11,12,7,8,5],[2,10,14,18,6,22,3,23,19,24,4,21,20,17,1,11,12,7,8,5],[18,14,2,6,10,22,23,3,19,4,24,1,21,20,17,11,12,7,8,5],[22,2,6,18,10,14,3,23,19,24,4,21,20,17,1,11,12,7,8,5],[18,6,2,14,22,10,23,3,19,4,24,1,21,20,17,11,12,7,8,5],[18,22,14,10,6,2,23,3,19,4,24,21,20,1,17,11,12],[6,2,22,18,10,14,23,3,19,4,24,21,20,1,17,11,12,7,8,5],[10,14,18,6,2,22,23,3,19,24,4,21,20,17,1,11,12,7,8,5],[10,22,2,14,18,6,3,23,19,24,4,21,20,17,1,11,12,7,8,5],[22,18,14,10,2,6,3,23,19,4,24,21,20,17,1,11,12,7,8,5],[6,14,22,10,18,2,23,3,19,4,24,1,21,20,17,11,12,7,8,5],[6,10,2,22,18,14,23,3,19,24,4,21,20,17,1,11,12],[10,6,18,14,22,2,3,23,19,24,4,21,20,1,17,11,12],[6,18,22,2,10,14,3,23,19,4,24,21,20,17,1,11,12,7,8,5],[14,2,10,18,6,22,23,3,19,4,24,1,21,20,17,11,12],[22,2,14,6,18,10,3,23,19,24,4,21,20,1,17,11,12,7,8,5],[6,10,22,18,14,2,3,23,19,4,24,21,20,17,1,11,12],[2,18,14,6,22,10,3,23,19,24,4,1,21,20,17,11,12,7,8,5],[14,18,6,10,2,22,3,23,19,24,4,1,21,20,17,11,12,7,8,5],[14,18,6,22,10,2,23,3,19,4,24,21,20,17,1,11,12,7,8,5],[22,18,6,10,14,2,3,23,19,4,24,21,20,1,17,11,12,7,8,5],[18,22,6,2,14,10,3,23,19,24,4,1,21,20,17,11,12,7,8,5],[2,6,14,10,18,22,23,3,19,24,4,1,21,20,17,11,12,7,8,5],[22,14,2,18,6,10,3,23,19,4,24,1,21,20,17,11,12,7,8,5],[2,22,10,18,6,14,3,23,19,4,24,21,20,17,1,11,12,7,8,5],[22,2,14,6,18,10,3,23,19,4,24,1,21,20,17,11,12,7,8,5],[14,6,10,2,18,22,3,23,19,24,4,1,21,20,17,11,12,7,8,5],[22,14,18,10,2,6,23,3,19,24,4,1,21,20,17,11,12,7,8,5],[2,22,10,14,6,18,3,23,19,4,24,1,21,20,17,11,12,7,8,5],[18,6,10,22,2,14,23,3,19,4,24,21,20,17,1,11,12],[14,6,2,10,22,18,23,3,19,4,24,1,21,20,17,11,12,7,8,5],[6,14,22,18,10,2,3,23,19,4,24,21,20,1,17,11,12,7,8,5],[6,18,2,22,10,14,3,23,19,24,4,21,20,17,1,11,12,7,8,5],[14,10,18,6,2,22,23,3,19,4,24,1,21,20,17,11,12,7,8,5],[10,22,2,14,18,6,3,23,19,24,4,21,20,17,1,11,12,7,8,5],[14,10,2,6,22,18,23,3,19,24,4,1,21,20,17,11,12,7,8,5],[22,18,10,2,14,6,23,3,19,24,4,21,20,17,1,11,12,7,8,5],[18,22,14,2,6,10,23,3,19,4,24,1,21,20,17,11,12,7,8,5],[18,10,14,6,22,2,23,3,19,24,4,1,21,20,17,11,12,7,8,5],[6,18,10,22,2,14,3,23,19,24,4,21,20,17,1,11,12,7,8,5],[6,14,22,18,10,2,3,23,19,24,4,1,21,20,17,11,12,7,8,5],[6,18,14,10,2,22,23,3,19,24,4,21,20,17,1,11,12,7,8,5],[2,6,18,14,10,22,23,3,19,24,4,1,21,20,17,11,12,7,8,5],[10,22,2,18,6,14,23,3,19,4,24,1,21,20,17,11,12,7,8,5],[6,22,10,14,18,2,23,3,19,4,24,21,20,17,1,11,12,7,8,5],[6,10,2,18,22,14,3,23,19,4,24,1,21,20,17,11,12,7,8,5],[10,14,2,18,6,22,23,3,19,4,24,21,20,17,1,11,12,7,8,5],[10,6,18,22,14,2,23,3,19,4,24,1,21,20,17,11,12,7,8,5],[10,14,2,6,18,22,23,3,19,4,24,21,20,1,17,11,12,7,8,5],[18,14,22,2,10,6,3,23,19,4,24,21,20,17,1,11,12,7,8,5],[10,2,22,14,18,6,23,3,19,24,4,21,20,1,17,11,12,7,8,5],[14,22,18,10,2,6,3,23,19,24,4,21,20,1,17,11,12,7,8,5],[18,2,6,22,10,14,3,23,19,24,4,21,20,17,1,11,12,7,8,5],[10,18,14,6,2,22,23,3,19,4,24,1,21,20,17,11,12,7,8,5],[14,6,18,10,2,22,3,23,19,4,24,1,21,20,17,11,12],[6,22,18,2,10,14,3,23,19,4,24,1,21,20,17,11,12],[10,2,22,18,14,6,3,23,19,4,24,1,21,20,17,11,12,7,8,5],[22,18,6,10,14,2,23,3,19,24,4,1,21,20,17,11,12],[22,6,10,14,18,2,23,3,19,4,24,1,21,20,17,11,12,7,8,5],[2,6,18,10,14,22,3,23,19,4,24,21,20,17,1,11,12],[14,18,10,6,2,22,3,23,19,24,4,1,21,20,17,11,12,7,8,5],[2,14,18,6,22,10,23,3,19,4,24,21,20,17,1,11,12],[2,22,6,14,18,10,3,23,19,4,24,21,20,1,17,11,12],[10,18,22,6,2,14,23,3,19,24,4,1,21,20,17,11,12,7,8,5],[18,2,10,6,22,14,3,23,19,4,24,21,20,17,1,11,12,7,8,5],[18,2,22,10,6,14,3,23,19,24,4,1,21,20,17,11,12],[14,10,18,2,6,22,23,3,19,4,24,1,21,20,17,11,12],[2,18,10,6,14,22,23,3,19,4,24,21,20,17,1,11,12,7,8,5],[22,10,18,2,14,6,3,23,19,24,4,1,21,20,17,11,12,7,8,5],[22,14,6,10,2,18,23,3,19,4,24,21,20,17,1,11,12],[2,10,6,22,18,14,3,23,19,24,4,21,20,17,1,11,12,7,8,5],[2,22,6,18,14,10,23,3,19,24,4,1,21,20,17,11,12,7,8,5],[22,18,14,6,2,10,3,23,19,4,24,1,21,20,17,11,12,7,8,5],[6,14,22,18,2,10,3,23,19,24,4,1,21,20,17,11,12,7,8,5],[22,2,10,6,14,18,23,3,19,24,4,21,20,17,1,11,12,7,8,5],[10,2,18,14,22,6,23,3,19,24,4,21,20,17,1,11,12,7,8,5],[18,10,2,14,6,22,23,3,19,24,4,1,21,20,17,11,12,7,8,5],[14,10,2,6,22,18,3,23,19,4,24,21,20,1,17,11,12,7,8,5],[10,6,2,18,14,22,23,3,19,24,4,1,21,20,17,11,12,7,8,5],[22,18,10,6,14,2,23,3,19,24,4,1,21,20,17,11,12],[2,14,18,10,6,22,3,23,19,4,24,1,21,20,17,11,12,7,8,5],[10,18,6,2,14,22,3,23,19,24,4,1,21,20,17,11,12,7,8,5],[6,22,14,2,18,10,23,3,19,4,24,21,20,1,17,11,12,7,8,5],[22,10,6,2,18,14,3,23,19,4,24,21,20,1,17,11,12],[22,18,6,2,10,14,3,23,19,24,4,1,21,20,17,11,12,7,8,5],[18,2,14,10,22,6,3,23,19,4,24,1,21,20,17,11,12,7,8,5],[22,2,6,10,14,18,3,23,19,4,24,21,20,17,1,11,12,7,8,5],[6,2,18,10,14,22,3,23,19,4,24,1,21,20,17,11,12,7,8,5],[10,18,14,2,6,22,23,3,19,4,24,1,21,20,17,11,12,7,8,5],[18,22,2,6,10,14,23,3,19,4,24,1,21,20,17,11,12,7,8,5],[6,14,22,2,18,10,3,23,19,4,24,21,20,17,1,11,12,7,8,5],[10,14,22,6,2,18,23,3,19,4,24,1,21,20,17,11,12,7,8,5],[6,22,2,14,18,10,3,23,19,4,24,21,20,17,1,11,12],[2,14,18,6,10,22,3,23,19,24,4,1,21,20,17,11,12,7,8,5],[22,6,18,2,10,14,3,23,19,4,24,1,21,20,17,11,12,7,8,5],[6,22,2,10,18,14,3,23,19,4,24,1,21,20,17,11,12,7,8,5],[22,6,18,2,14,10,3,23,19,4,24,1,21,20,17,11,12,7,8,5],[22,2,6,18,10,14,3,23,19,24,4,1,21,20,17,11,12,7,8,5],[2,22,10,6,14,18,3,23,19,4,24,21,20,17,1,11,12,7,8,5],[18,2,14,6,10,22,23,3,19,4,24,1,21,20,17,11,12],[2,10,18,6,22,14,23,3,19,24,4,1,21,20,17,11,12,7,8,5],[6,2,18,14,22,10,3,23,19,4,24,21,20,1,17,11,12,7,8,5],[6,14,18,2,22,10,3,23,19,24,4,1,21,20,17,11,12,7,8,5],[22,10,14,18,2,6,23,3,19,24,4,1,21,20,17,11,12,7,8,5],[6,10,14,22,18,2,23,3,19,4,24,1,21,20,17,11,12,7,8,5],[22,10,14,18,2,6,23,3,19,24,4,21,20,17,1,11,12],[14,18,22,10,2,6,3,23,19,4,24,1,21,20,17,11,12,7,8,5],[10,18,22,2,6,14,23,3,19,4,24,21,20,17,1,11,12,7,8,5],[22,14,6,2,10,18,3,23,19,24,4,1,21,20,17,11,12,7,8,5],[18,10,2,6,14,22,23,3,19,24,4,1,21,20,17,11,12,7,8,5],[10,6,18,22,14,2,23,3,19,4,24,21,20,1,17,11,12],[18,6,22,14,10,2,23,3,19,4,24,1,21,20,17,11,12],[10,22,6,18,14,2,3,23,19,24,4,21,20,1,17,11,12,7,8,5],[22,18,14,10,2,6,3,23,19,4,24,1,21,20,17,11,12,7,8,5],[6,22,18,2,14,10,3,23,19,4,24,1,21,20,17,11,12,7,8,5],[6,2,10,18,14,22,23,3,19,24,4,21,20,1,17,11,12,7,8,5],[18,22,14,10,6,2,23,3,19,24,4,1,21,20,17,11,12,7,8,5],[22,10,18,14,2,6,3,23,19,4,24,21,20,1,17,11,12,7,8,5],[18,2,14,10,6,22,23,3,19,24,4,1,21,20,17,11,12,7,8,5],[6,10,14,18,22,2,23,3,19,24,4,1,21,20,17,11,12,7,8,5],[18,10,22,2,6,14,3,23,19,24,4,21,20,17,1,11,12,7,8,5],[18,2,10,22,6,14,3,23,19,24,4,1,21,20,17,11,12,7,8,5],[2,10,22,18,14,6,23,3,19,24,4,21,20,1,17,11,12,7,8,5],[2,18,22,14,10,6,3,23,19,4,24,1,21,20,17,11,12,7,8,5],[22,2,14,18,10,6,3,23,19,24,4,21,20,1,17,11,12,7,8,5],[6,18,22,2,14,10,3,23,19,24,4,21,20,17,1,11,12,7,8,5],[10,18,22,14,2,6,23,3,19,4,24,1,21,20,17,11,12,7,8,5],[2,10,22,18,14,6,23,3,19,24,4,1,21,20,17,11,12,7,8,5],[10,6,18,14,2,22,23,3,19,4,24,21,20,17,1,11,12,7,8,5],[10,18,22,6,2,14,23,3,19,24,4,21,20,17,1,11,12,7,8,5],[22,10,2,14,6,18,3,23,19,4,24,21,20,17,1,11,12,7,8,5],[18,2,6,10,14,22,23,3,19,4,24,21,20,17,1,11,12,7,8,5],[22,2,14,6,18,10,3,23,19,4,24,1,21,20,17,11,12],[10,2,18,14,6,22,23,3,19,4,24,1,21,20,17,11,12],[22,2,6,14,10,18,23,3,19,24,4,21,20,17,1,11,12,7,8,5],[6,2,10,22,18,14,23,3,19,4,24,1,21,20,17,11,12,7,8,5],[22,2,6,14,18,10,23,3,19,24,4,21,20,1,17,11,12,7,8,5],[22,10,14,6,2,18,23,3,19,24,4,1,21,20,17,11,12,7,8,5],[10,22,2,18,14,6,23,3,19,24,4,1,21,20,17,11,12,7,8,5],[6,22,10,18,2,14,23,3,19,24,4,1,21,20,17,11,12,7,8,5],[6,22,2,14,18,10,3,23,19,24,4,1,21,20,17,11,12,7,8,5],[14,18,2,22,10,6,23,3,19,4,24,1,21,20,17,11,12,7,8,5],[18,22,10,14,2,6,3,23,19,24,4,21,20,17,1,11,12,7,8,5],[18,22,14,10,2,6,23,3,19,24,4,21,20,17,1,11,12,7,8,5],[18,2,22,6,10,14,23,3,19,4,24,1,21,20,17,11,12,7,8,5],[14,6,22,18,10,2,3,23,19,24,4,21,20,17,1,11,12,7,8,5],[18,6,2,10,22,14,23,3,19,4,24,21,20,1,17,11,12,7,8,5],[2,18,10,14,22,6,3,23,19,4,24,21,20,1,17,11,12,7,8,5],[6,10,2,22,14,18,3,23,19,24,4,1,21,20,17,11,12,7,8,5],[18,2,14,22,6,10,3,23,19,4,24,21,20,17,1,11,12,7,8,5],[2,18,14,22,10,6,23,3,19,4,24,21,20,1,17,11,12,7,8,5],[2,6,18,22,10,14,23,3,19,24,4,21,20,1,17,11,12,7,8,5],[22,14,10,6,2,18,23,3,19,4,24,1,21,20,17,11,12,7,8,5],[2,14,10,22,18,6,23,3,19,4,24,21,20,17,1,11,12,7,8,5],[18,22,14,2,6,10,23,3,19,24,4,1,21,20,17,11,12,7,8,5],[2,18,14,22,6,10,23,3,19,4,24,1,21,20,17,11,12,7,8,5],[10,18,14,2,22,6,3,23,19,24,4,1,21,20,17,11,12],[6,14,22,2,10,18,3,23,19,24,4,1,21,20,17,11,12,7,8,5],[6,2,14,10,22,18,3,23,19,24,4,1,21,20,17,11,12],[2,14,10,18,6,22,23,3,19,4,24,21,20,1,17,11,12,7,8,5],[18,10,2,22,6,14,3,23,19,4,24,21,20,1,17,11,12,7,8,5],[10,18,6,2,22,14,3,23,19,24,4,1,21,20,17,11,12,7,8,5],[18,22,14,6,10,2,23,3,19,24,4,1,21,20,17,11,12,7,8,5],[2,18,6,10,22,14,3,23,19,24,4,21,20,17,1,11,12,7,8,5],[6,10,2,22,18,14,3,23,19,24,4,1,21,20,17,11,12,7,8,5],[22,14,2,10,18,6,3,23,19,24,4,21,20,17,1,11,12,7,8,5],[6,2,14,22,18,10,23,3,19,24,4,1,21,20,17,11,12,7,8,5],[2,6,14,18,10,22,23,3,19,24,4,21,20,17,1,11,12,7,8,5],[10,6,18,22,2,14,23,3,19,24,4,1,21,20,17,11,12,7,8,5],[10,2,14,18,22,6,3,23,19,24,4,1,21,20,17,11,12,8,7,5],[6,10,2,14,18,22,23,3,19,24,4,1,21,20,17,11,12,7,8,5],[6,22,10,2,18,14,3,23,19,24,4,1,21,20,17,11,12,7,8,5],[10,6,18,14,22,2,3,23,19,4,24,1,21,20,17,11,12,7,8,5],[18,10,22,6,14,2,3,23,19,4,24,21,20,17,1,11,12,7,8,5],[10,14,6,22,18,2,23,3,19,4,24,21,20,17,1,11,12,7,8,5],[10,14,22,18,2,6,3,23,19,4,24,21,20,1,17,11,12,7,8,5],[10,18,2,14,6,22,23,3,19,4,24,1,21,20,17,11,12,7,8,5],[2,10,22,18,6,14,3,23,19,24,4,1,21,20,17,11,12,7,8,5],[2,18,10,14,6,22,3,23,19,4,24,21,20,1,17,11,12,7,8,5],[18,2,10,14,6,22,23,3,19,4,24,1,21,20,17,11,12,7,8,5],[18,14,10,6,2,22,3,23,19,4,24,21,20,17,1,11,12,7,8,5],[10,2,14,18,6,22,3,23,19,24,4,21,20,1,17,11,12,7,8,5],[10,6,14,22,2,18,23,3,19,4,24,1,21,20,17,11,12,7,8,5],[14,2,6,18,22,10,23,3,19,4,24,21,20,17,1,11,12,7,8,5],[18,10,6,22,14,2,3,23,19,4,24,21,20,1,17,11,12],[2,22,18,14,10,6,3,23,19,4,24,21,20,17,1,11,12],[18,2,14,6,10,22,23,3,19,4,24,21,20,1,17,11,12,7,8,5],[2,14,6,18,10,22,23,3,19,24,4,1,21,20,17,11,12,7,8,5],[22,18,2,14,10,6,23,3,19,24,4,1,21,20,17,11,12],[22,14,6,2,18,10,23,3,19,4,24,1,21,20,17,11,12,7,8,5],[18,10,22,14,6,2,23,3,19,24,4,1,21,20,17,11,12],[6,10,14,2,18,22,3,23,19,4,24,21,20,1,17,11,12,7,8,5],[10,14,22,2,18,6,3,23,19,24,4,21,20,17,1,11,12,7,8,5],[10,22,2,18,6,14,23,3,19,24,4,21,20,17,1,11,12,7,8,5],[10,22,6,2,18,14,3,23,19,24,4,21,20,17,1,11,12,7,8,5],[22,10,2,6,14,18,23,3,19,24,4,21,20,1,17,11,12,7,8,5],[22,14,6,18,10,2,3,23,19,4,24,1,21,20,17,11,12,7,8,5],[6,10,14,22,18,2,23,3,19,24,4,1,21,20,17,11,12,7,8,5],[6,18,22,14,2,10,23,3,19,24,4,21,20,1,17,11,12,7,8,5],[6,18,22,14,2,10,23,3,19,24,4,1,21,20,17,11,12,7,8,5],[10,14,2,22,18,6,3,23,19,4,24,21,20,1,17,11,12,7,8,5],[1