{"problem_id":"etWxXiPEENM8zyz","sigma":150,"alpha":3.162,"cost":0,"probabilities":"[0.07, 0.22, 0.41, 0.3]","payoff_matrix":"[[37, 31, 38, -123, 125, 155], [88, -41, -18, -313, 229, -29], [-63, -81, -38, 100, 14, 134], [-23, 183, -166, 68, 52, 67]]","uncovered":[[7,3,23,19,15,16,24,14,11,20],[7,23,19,3,11,15,24,16,22,14,20],[15,23,16,24,22,14,19,3,11,7,20],[3,19,15,11,7,23,24,16,22,14,20],[7,3,15,11,19,23,16,24,22,14,20],[23,11,15,24,16,14,3,7,19,20],[23,3,7,11,19,15,24,16,22,14,20],[23,15,16,24,22,14,11,19,3,7,20],[19,23,3,7,11,15,16,24,22,14,20],[15,7,11,23,24,16,14,3,19,20],[23,7,11,19,3,15,24,16,14,20],[3,11,15,23,24,16,14,7,19,20],[11,3,23,19,15,24,16,22,14,7,20],[15,23,16,24,22,14,7,3,11,19,20],[23,11,3,7,15,16,24,14,19,20],[15,23,16,24,14,19,11,7,3,20],[7,23,15,16,24,14,19,11,3,20],[23,11,7,19,3,15,16,24,14,20],[7,3,19,15,11,23,24,16,14,20],[23,7,15,24,16,14,3,11,19,20],[3,7,23,11,15,16,24,14,19,20],[19,3,11,7,23,15,24,16,22,14,20],[23,7,15,16,24,22,14,3,11,19,20],[3,7,23,19,11,15,24,16,14,20],[19,3,15,11,7,23,16,24,22,14,20],[15,19,7,23,16,24,22,14,3,11,20],[23,19,15,24,16,14,3,7,11,20],[15,7,19,11,3,23,24,16,14,20],[15,11,23,24,16,22,14,7,3,19,20],[7,11,15,19,23,16,24,22,14,3,20],[11,7,15,3,23,24,16,22,14,19,20],[11,19,15,23,24,16,22,14,7,3,20],[3,11,7,15,19,23,16,24,14,20],[23,3,11,15,24,16,22,14,19,7,20],[23,19,15,24,16,22,14,7,11,3,20],[11,3,19,7,15,23,16,24,22,14,20],[19,15,7,11,23,16,24,14,3,20],[7,19,11,23,15,24,16,22,14,3,20],[15,19,23,24,16,14,7,3,11,20],[7,15,23,16,24,22,14,11,19,3,20],[19,23,15,16,24,22,14,11,3,7,20],[11,23,15,24,16,14,19,3,7,20],[23,3,7,19,15,24,16,22,14,11,20],[19,7,11,3,15,23,24,16,14,20],[3,19,11,23,7,15,24,16,14,20],[19,7,3,11,15,23,16,24,14,20],[11,23,19,3,7,15,24,16,22,14,20],[23,11,19,15,16,24,14,7,3,20],[7,11,23,3,15,24,16,14,19,20],[7,23,3,19,11,15,24,16,22,14,20],[11,3,7,19,23,15,24,16,22,14,20],[15,11,19,3,7,23,16,24,14,20],[19,7,23,11,3,15,24,16,22,14,20],[15,19,7,3,23,24,16,22,14,11,20],[15,23,16,24,22,14,7,19,3,11,20],[23,19,3,11,15,24,16,22,14,7,20],[3,19,7,11,15,23,24,16,22,14,20],[11,19,15,23,16,24,22,14,3,7,20],[11,19,15,3,7,23,24,16,14,20],[19,11,23,15,24,16,14,3,7,20],[15,23,24,16,22,14,19,7,11,3,20],[15,19,7,23,24,16,22,14,11,3,20],[7,3,11,23,15,16,24,14,19,20],[23,7,3,15,16,24,22,14,11,19,20],[23,3,11,7,15,24,16,22,14,19,20],[11,15,7,19,23,16,24,22,14,3,20],[23,3,15,16,24,22,14,11,19,7,20],[15,23,16,24,14,19,3,11,7,20],[3,11,7,15,19,23,24,16,14,20],[11,23,19,3,7,15,24,16,14,20],[7,11,3,15,23,24,16,22,14,19,20],[3,23,15,24,16,14,7,11,19,20],[11,7,19,23,3,15,24,16,22,14,20],[23,19,3,11,15,16,24,22,14,7,20],[19,7,11,23,3,15,24,16,22,14,20],[11,7,15,3,23,24,16,22,14,19,20],[19,3,7,23,11,15,24,16,22,14,20],[7,11,19,3,15,23,16,24,22,14,20],[23,15,24,16,22,14,11,7,3,19,20],[23,7,3,15,24,16,22,14,19,11,20],[3,15,19,23,24,16,22,14,11,7,20],[19,15,11,23,24,16,14,3,7,20],[23,3,19,11,15,16,24,14,7,20],[23,7,11,19,15,16,24,14,3,20],[23,3,19,7,15,24,16,14,11,20],[11,15,3,19,23,24,16,22,14,7,20],[3,11,23,15,16,24,22,14,7,19,20],[23,3,11,15,24,16,14,7,19,20],[11,3,15,23,24,16,22,14,7,19,20],[3,15,23,24,16,14,19,11,7,20],[19,3,7,15,11,23,16,24,22,14,20],[15,19,3,7,11,23,16,24,22,14,20],[19,15,3,23,16,24,14,7,11,20],[3,19,23,15,24,16,14,11,7,20],[23,11,7,3,15,16,24,22,14,19,20],[23,3,19,11,15,16,24,22,14,7,20],[23,7,19,15,24,16,14,11,3,20],[19,7,23,11,3,15,24,16,22,14,20],[23,11,19,15,16,24,22,14,7,3,20],[11,7,23,3,19,15,16,24,22,14,20],[15,11,23,16,24,22,14,19,7,3,20],[7,3,15,19,23,16,24,14,11,20],[11,15,23,24,16,22,14,7,19,3,20],[19,7,11,3,23,15,24,16,14,20],[19,23,11,7,3,15,24,16,22,14,20],[23,19,7,3,15,24,16,14,11,20],[19,11,23,7,15,24,16,22,14,3,20],[11,3,15,19,7,23,16,24,14,20],[3,11,23,15,16,24,22,14,19,7,20],[11,23,3,19,7,15,24,16,14,20],[19,3,7,11,15,23,24,16,22,14,20],[3,15,19,23,16,24,22,14,11,7,20],[23,19,3,11,7,15,16,24,22,14,20],[15,23,16,24,14,7,11,19,3,20],[15,7,19,23,24,16,22,14,3,11,20],[11,23,15,16,24,22,14,3,19,7,20],[11,23,7,3,15,16,24,14,19,20],[23,3,11,15,24,16,22,14,19,7,20],[23,7,3,19,11,15,24,16,14,20],[15,3,11,7,19,23,16,24,14,20],[11,23,19,7,3,15,24,16,14,20],[23,7,19,3,11,15,24,16,14,20],[11,19,3,15,7,23,24,16,14,20],[3,23,15,16,24,14,11,7,19,20],[23,3,7,11,15,24,16,14,19,20],[3,15,11,19,23,24,16,14,7,20],[3,19,11,7,15,23,16,24,14,20],[3,15,23,16,24,22,14,7,11,19,20],[19,7,11,3,23,15,24,16,14,20],[7,15,19,3,11,23,16,24,14,20],[23,3,11,7,19,15,24,16,14,20],[19,7,23,15,16,24,14,11,3,20],[15,3,11,19,23,24,16,22,14,7,20],[15,11,23,16,24,22,14,7,3,19,20],[19,3,23,15,24,16,14,7,11,20],[3,15,11,19,23,24,16,14,7,20],[23,7,3,11,19,15,24,16,22,14,20],[23,3,15,24,16,22,14,19,7,11,20],[23,11,7,15,24,16,22,14,3,19,20],[11,7,15,3,23,24,16,14,19,20],[11,7,3,23,19,15,24,16,22,14,20],[11,19,23,7,15,16,24,14,3,20],[23,15,24,16,22,14,11,7,3,19,20],[23,19,3,7,15,16,24,14,11,20],[23,3,11,15,16,24,14,19,7,20],[3,23,11,15,16,24,14,7,19,20],[15,3,19,23,24,16,14,11,7,20],[11,3,19,23,15,16,24,14,7,20],[19,3,23,7,15,16,24,14,11,20],[23,3,19,11,7,15,24,16,14,20],[23,11,7,3,15,16,24,14,19,20],[7,23,11,3,19,15,24,16,14,20],[23,7,19,15,16,24,14,3,11,20],[3,11,7,19,15,23,16,24,22,14,20],[19,15,11,7,3,23,24,16,22,14,20],[11,15,19,3,23,24,16,14,7,20],[3,11,23,19,15,16,24,14,7,20],[23,15,24,16,22,14,19,7,11,3,20],[11,23,19,15,16,24,14,3,7,20],[7,23,15,16,24,22,14,19,11,3,20],[11,15,19,7,3,23,24,16,14,20],[11,23,15,16,24,14,7,19,3,20],[23,7,19,15,16,24,22,14,11,3,20],[3,19,15,7,11,23,16,24,14,20],[19,11,7,23,15,16,24,22,14,3,20],[15,3,7,19,11,23,24,16,22,14,20],[7,19,3,23,15,24,16,22,14,11,20],[15,11,3,7,23,16,24,14,19,20],[11,3,15,19,23,24,16,14,7,20],[7,23,3,19,15,24,16,22,14,11,20],[15,23,16,24,22,14,3,7,19,11,20],[23,3,7,19,15,24,16,22,14,11,20],[11,7,15,3,19,23,16,24,22,14,20],[23,19,15,16,24,22,14,7,11,3,20],[15,7,11,3,23,24,16,22,14,19,20],[15,23,24,16,14,7,19,11,3,20],[3,19,11,23,7,15,16,24,14,20],[15,3,23,24,16,22,14,19,11,7,20],[3,7,15,11,19,23,16,24,22,14,20],[15,7,11,23,16,24,22,14,3,19,20],[3,19,15,7,23,24,16,22,14,11,20],[11,7,3,23,15,24,16,14,19,20],[7,23,3,15,16,24,14,19,11,20],[7,15,23,24,16,14,19,3,11,20],[15,19,7,23,24,16,22,14,3,11,20],[15,11,7,19,23,16,24,22,14,3,20],[23,7,3,15,16,24,14,11,19,20],[11,23,7,19,3,15,16,24,14,20],[7,3,15,11,23,16,24,14,19,20],[11,15,7,3,23,24,16,14,19,20],[11,23,7,19,15,16,24,22,14,3,20],[11,3,15,23,24,16,14,19,7,20],[3,15,11,7,23,24,16,14,19,20],[23,3,19,11,7,15,24,16,22,14,20],[15,3,11,7,23,16,24,22,14,19,20],[3,15,19,7,11,23,24,16,22,14,20],[23,7,15,24,16,22,14,11,3,19,20],[11,15,23,24,16,22,14,7,3,19,20],[3,23,15,24,16,14,19,7,11,20],[19,15,7,11,3,23,24,16,22,14,20],[19,15,11,3,7,23,24,16,14,20],[3,15,7,11,19,23,24,16,14,20],[3,11,7,15,19,23,16,24,14,20],[19,3,15,23,16,24,14,11,7,20],[19,7,3,23,15,16,24,22,14,11,20],[23,11,19,3,15,24,16,22,14,7,20],[19,3,11,23,15,16,24,14,7,20],[3,7,15,11,23,24,16,22,14,19,20],[3,11,15,7,19,23,24,16,22,14,20],[7,19,23,15,24,16,22,14,11,3,20],[11,19,15,7,3,23,24,16,14,20],[11,15,23,16,24,14,7,3,19,20],[7,3,15,19,23,24,16,22,14,11,20],[7,3,19,11,23,15,24,16,22,14,20],[15,11,19,3,7,23,16,24,22,14,20],[3,19,23,7,11,15,16,24,22,14,20],[11,23,19,3,15,24,16,14,7,20],[23,11,3,19,15,16,24,14,7,20],[15,3,23,24,16,14,11,19,7,20],[19,11,15,3,7,23,24,16,14,20],[23,3,7,15,16,24,14,19,11,20],[3,15,7,11,23,16,24,14,19,20],[7,23,11,15,16,24,22,14,19,3,20],[3,11,7,19,15,23,16,24,22,14,20],[19,11,15,7,3,23,16,24,14,20],[19,7,11,3,15,23,24,16,22,14,20],[11,15,7,23,24,16,14,3,19,20],[19,15,23,24,16,22,14,3,11,7,20],[23,11,19,7,15,24,16,22,14,3,20],[3,11,7,15,23,24,16,14,19,20],[23,3,15,16,24,14,19,11,7,20],[11,7,3,15,23,24,16,22,14,19,20],[3,19,7,15,23,24,16,14,11,20],[23,15,16,24,22,14,19,3,11,7,20],[7,3,19,23,11,15,24,16,22,14,20],[15,23,16,24,14,3,7,19,11,20],[23,11,19,3,15,24,16,14,7,20],[7,19,23,11,3,15,16,24,14,20],[11,15,7,19,3,23,16,24,22,14,20],[11,23,19,7,3,15,16,24,22,14,20],[3,15,7,19,23,16,24,14,11,20],[7,23,15,16,24,22,14,11,19,3,20],[15,11,7,23,16,24,14,3,19,20],[15,11,19,23,24,16,14,7,3,20],[11,15,19,3,23,24,16,14,7,20],[23,11,15,24,16,14,3,7,19,20],[7,11,3,23,15,24,16,14,19,20],[11,7,19,23,15,16,24,22,14,3,20],[7,15,19,11,3,23,24,16,14,20],[11,19,23,15,24,16,14,3,7,20],[23,15,16,24,22,14,11,7,19,3,20],[7,15,11,3,19,23,24,16,22,14,20],[19,11,7,23,15,24,16,14,3,20],[15,19,7,11,23,16,24,14,3,20],[19,7,23,3,15,16,24,22,14,11,20],[19,15,23,16,24,22,14,3,7,11,20],[23,7,3,19,11,15,24,16,22,14,20],[3,7,23,11,19,15,24,16,14,20],[3,23,11,15,24,16,14,19,7,20],[3,23,19,11,7,15,16,24,14,20],[23,19,3,7,11,15,24,16,14,20],[7,3,15,19,11,23,24,16,22,14,20],[15,19,3,7,11,23,16,24,22,14,20],[23,11,7,15,16,24,22,14,19,3,20],[19,3,7,15,11,23,16,24,14,20],[11,3,7,19,23,15,16,24,22,14,20],[15,23,24,16,22,14,7,19,3,11,20],[11,15,19,7,23,24,16,14,3,20],[19,3,11,7,15,23,24,16,22,14,20],[7,3,15,11,19,23,24,16,14,20],[23,7,3,15,16,24,14,19,11,20],[23,7,11,19,3,15,24,16,14,20],[23,7,15,24,16,22,14,11,19,3,20],[19,23,11,3,15,24,16,22,14,7,20],[23,3,15,16,24,22,14,11,19,7,20],[7,19,15,3,11,23,16,24,22,14,20],[23,11,15,24,16,14,3,7,19,20],[11,7,19,15,23,24,16,14,3,20],[15,7,23,16,24,14,3,19,11,20],[7,3,11,15,23,24,16,22,14,19,20],[7,15,11,23,16,24,14,19,3,20],[3,15,7,11,19,23,16,24,22,14,20],[15,23,24,16,22,14,11,3,7,19,20],[11,23,3,15,24,16,22,14,7,19,20],[15,19,3,7,11,23,16,24,22,14,20],[7,11,23,3,19,15,24,16,14,20],[7,23,11,3,15,24,16,14,19,20],[23,11,3,15,24,16,22,14,7,19,20],[19,3,23,11,15,16,24,14,7,20],[11,3,15,7,23,16,24,14,19,20],[15,7,19,3,11,23,16,24,22,14,20],[11,19,7,23,3,15,16,24,14,20],[15,23,24,16,22,14,11,7,19,3,20],[3,7,15,23,24,16,22,14,19,11,20],[3,7,11,19,15,23,24,16,14,20],[23,3,7,15,16,24,14,11,19,20],[11,7,19,3,23,15,24,16,22,14,20],[3,11,15,7,23,16,24,14,19,20],[11,15,3,19,7,23,24,16,14,20],[7,23,19,3,15,24,16,22,14,11,20],[23,15,16,24,22,14,3,7,11,19,20],[23,11,3,15,16,24,14,19,7,20],[15,23,16,24,14,19,7,3,11,20],[7,11,19,23,3,15,16,24,22,14,20],[3,15,23,16,24,22,14,11,19,7,20],[11,7,23,19,15,24,16,14,3,20],[23,3,7,11,15,24,16,22,14,19,20],[7,23,3,15,16,24,14,11,19,20],[11,3,7,15,19,23,24,16,22,14,20],[7,15,23,24,16,22,14,11,19,3,20],[3,19,7,15,11,23,24,16,22,14,20],[3,15,23,24,16,22,14,11,7,19,20],[11,7,23,15,24,16,22,14,19,3,20],[15,19,3,23,16,24,22,14,11,7,20],[19,23,3,7,15,16,24,14,11,20],[7,15,23,16,24,22,14,19,3,11,20],[3,19,7,15,11,23,16,24,14,20],[23,11,3,15,16,24,14,7,19,20],[15,3,7,11,19,23,24,16,14,20],[7,23,19,11,15,16,24,14,3,20],[15,11,7,3,19,23,24,16,14,20],[19,11,23,15,16,24,14,3,7,20],[15,7,19,11,3,23,24,16,14,20],[19,3,11,15,7,23,16,24,22,14,20],[23,11,19,7,15,24,16,14,3,20],[15,3,11,19,23,16,24,22,14,7,20],[3,15,7,19,23,16,24,14,11,20],[3,11,19,15,23,16,24,14,7,20],[11,7,3,23,15,24,16,14,19,20],[11,23,7,15,16,24,22,14,19,3,20],[7,23,3,11,15,24,16,14,19,20],[23,3,7,15,24,16,14,19,11,20],[3,7,23,19,11,15,24,16,22,14,20],[19,15,7,3,23,24,16,14,11,20],[19,11,23,7,15,24,16,14,3,20],[11,7,15,19,23,16,24,14,3,20],[7,23,19,3,11,15,24,16,22,14,20],[23,19,7,11,15,16,24,22,14,3,20],[3,15,11,19,23,24,16,14,7,20],[11,3,23,19,7,15,24,16,22,14,20],[15,19,7,3,23,24,16,14,11,20],[19,7,23,15,24,16,22,14,3,11,20],[7,11,19,23,3,15,16,24,14,20],[7,15,3,11,23,16,24,22,14,19,20],[7,11,3,23,19,15,16,24,22,14,20],[23,3,7,15,16,24,14,11,19,20],[11,7,15,3,23,16,24,14,19,20],[3,23,7,19,15,16,24,22,14,11,20],[23,7,11,19,3,15,24,16,14,20],[3,11,7,15,19,23,16,24,22,14,20],[19,15,3,11,23,24,16,14,7,20],[7,19,3,15,11,23,16,24,22,14,20],[7,15,23,24,16,14,11,19,3,20],[23,3,11,15,16,24,14,19,7,20],[11,19,15,3,7,23,16,24,22,14,20],[19,15,23,24,16,22,14,3,11,7,20],[19,23,7,3,11,15,16,24,14,20],[11,23,7,3,15,16,24,14,19,20],[11,3,7,19,23,15,16,24,14,20],[11,15,7,3,23,16,24,22,14,19,20],[19,23,11,15,24,16,22,14,3,7,20],[7,19,15,11,23,16,24,14,3,20],[23,7,19,11,15,24,16,14,3,20],[3,15,11,19,23,24,16,14,7,20],[15,3,23,24,16,14,11,7,19,20],[11,7,19,3,15,23,16,24,14,20],[19,3,15,7,11,23,16,24,22,14,20],[7,3,15,23,24,16,22,14,11,19,20],[3,23,7,11,15,16,24,22,14,19,20],[7,23,11,19,3,15,24,16,22,14,20],[23,3,11,15,16,24,22,14,7,19,20],[11,23,19,15,16,24,22,14,7,3,20],[19,7,3,23,11,15,24,16,14,20],[11,15,23,16,24,22,14,3,7,19,20],[3,15,7,19,23,16,24,14,11,20],[15,11,19,3,23,16,24,22,14,7,20],[23,7,11,3,15,16,24,22,14,19,20],[3,15,19,7,11,23,24,16,14,20],[3,19,11,7,23,15,24,16,14,20],[3,11,7,19,23,15,16,24,14,20],[7,19,15,23,24,16,22,14,11,3,20],[15,19,7,3,23,24,16,22,14,11,20],[3,23,11,7,19,15,16,24,14,20],[23,19,11,3,15,16,24,22,14,7,20],[3,15,23,16,24,22,14,19,11,7,20],[11,7,23,19,3,15,16,24,14,20],[23,19,7,3,15,16,24,22,14,11,20],[15,7,11,23,24,16,14,3,19,20],[19,11,15,23,16,24,22,14,7,3,20],[19,3,15,11,7,23,24,16,22,14,20],[15,11,3,7,23,24,16,14,19,20],[7,15,23,16,24,22,14,19,3,11,20],[7,23,3,15,16,24,22,14,19,11,20],[15,11,19,3,23,16,24,22,14,7,20],[11,19,23,3,15,24,16,22,14,7,20],[3,23,19,15,16,24,22,14,11,7,20],[7,11,23,3,15,16,24,22,14,19,20],[15,3,23,16,24,22,14,7,19,11,20],[3,11,23,15,16,24,14,19,7,20],[11,19,15,7,23,24,16,22,14,3,20],[11,7,3,23,15,24,16,22,14,19,20],[3,19,11,23,7,15,24,16,22,14,20],[7,3,19,11,15,23,16,24,22,14,20],[15,23,24,16,22,14,11,7,19,3,20],[3,15,7,19,11,23,24,16,22,14,20],[15,19,23,16,24,22,14,7,11,3,20],[19,23,15,24,16,22,14,3,11,7,20],[3,23,11,15,24,16,14,19,7,20],[15,23,16,24,14,3,7,11,19,20],[3,7,15,19,23,24,16,14,11,20],[19,15,11,7,23,24,16,14,3,20],[23,19,15,24,16,22,14,7,3,11,20],[19,11,3,23,15,16,24,22,14,7,20],[11,23,7,19,15,24,16,22,14,3,20],[15,11,7,23,16,24,22,14,19,3,20],[23,15,24,16,22,14,19,11,7,3,20],[23,3,15,16,24,22,14,11,7,19,20],[7,15,23,24,16,22,14,3,11,19,20],[7,19,3,15,11,23,16,24,22,14,20],[15,23,16,24,22,14,19,3,7,11,20],[15,11,7,23,24,16,14,19,3,20],[11,19,7,15,3,23,16,24,22,14,20],[3,11,19,23,15,16,24,14,7,20],[3,23,15,24,16,14,7,11,19,20],[23,15,16,24,22,14,11,7,3,19,20],[7,23,15,16,24,14,11,3,19,20],[3,15,19,11,23,24,16,22,14,7,20],[19,15,11,3,23,16,24,14,7,20],[7,23,15,24,16,14,11,19,3,20],[19,3,11,15,23,16,24,14,7,20],[15,23,24,16,22,14,7,11,19,3,20],[15,7,3,19,23,16,24,22,14,11,20],[11,23,15,24,16,14,19,7,3,20],[3,23,7,11,15,16,24,14,19,20],[7,23,11,19,3,15,24,16,14,20],[23,7,19,15,24,16,14,11,3,20],[11,3,7,23,15,24,16,22,14,19,20],[23,3,7,11,15,16,24,22,14,19,20],[23,11,15,24,16,14,7,3,19,20],[19,15,7,11,23,24,16,14,3,20],[23,7,3,15,16,24,22,14,19,11,20],[19,23,15,16,24,14,3,7,11,20],[15,7,23,16,24,22,14,19,11,3,20],[7,3,15,23,24,16,22,14,11,19,20],[19,11,15,3,7,23,24,16,14,20],[7,19,3,23,15,24,16,22,14,11,20],[15,7,23,16,24,14,3,11,19,20],[11,19,7,3,23,15,16,24,22,14,20],[3,19,7,23,11,15,24,16,22,14,20],[11,7,15,3,19,23,16,24,14,20],[11,15,7,23,24,16,22,14,3,19,20],[11,7,3,23,19,15,16,24,14,20],[3,15,23,24,16,14,19,11,7,20],[11,19,15,23,16,24,14,7,3,20],[11,19,7,23,15,16,24,14,3,20],[19,23,15,16,24,22,14,7,11,3,20],[11,23,15,24,16,22,14,7,19,3,20],[3,23,19,7,15,24,16,14,11,20],[15,23,16,24,14,19,7,3,11,20],[11,19,23,15,24,16,22,14,3,7,20],[23,7,19,15,24,16,22,14,3,11,20],[11,15,3,7,19,23,16,24,22,14,20],[3,15,23,24,16,22,14,19,11,7,20],[15,19,3,23,24,16,14,7,11,20],[11,7,15,19,3,23,16,24,14,20],[7,15,19,3,23,16,24,14,11,20],[19,15,3,11,7,23,24,16,22,14,20],[3,11,7,19,15,23,16,24,22,14,20],[3,19,23,7,11,15,24,16,14,20],[15,11,7,19,23,24,16,22,14,3,20],[23,3,7,15,16,24,14,11,19,20],[11,15,19,3,7,23,16,24,22,14,20],[23,3,11,19,15,16,24,14,7,20],[23,11,15,24,16,22,14,19,3,7,20],[23,3,11,15,24,16,22,14,19,7,20],[11,7,23,15,24,16,22,14,3,19,20],[19,3,23,7,15,16,24,14,11,20],[15,3,23,16,24,22,14,11,19,7,20],[19,7,23,11,3,15,16,24,14,20],[23,15,16,24,22,14,7,3,11,19,20],[23,19,11,15,24,16,22,14,3,7,20],[11,3,15,19,23,24,16,14,7,20],[3,11,7,19,15,23,24,16,14,20],[3,7,15,11,19,23,16,24,22,14,20],[3,23,7,15,24,16,22,14,19,11,20],[19,3,23,15,24,16,22,14,11,7,20],[11,3,19,7,15,23,24,16,22,14,20],[15,19,7,3,11,23,24,16,14,20],[7,15,19,11,3,23,24,16,22,14,20],[19,23,15,16,24,14,7,3,11,20],[7,23,19,15,24,16,14,3,11,20],[19,3,15,23,16,24,22,14,7,11,20],[19,7,23,15,16,24,14,11,3,20],[7,15,3,19,23,24,16,14,11,20],[3,7,19,15,11,23,24,16,22,14,20],[15,7,23,16,24,22,14,3,19,11,20],[7,3,11,23,19,15,24,16,22,14,20],[3,11,15,19,7,23,16,24,14,20],[7,23,3,19,11,15,24,16,14,20],[15,7,19,23,24,16,14,11,3,20],[23,15,24,16,14,19,7,3,11,20],[15,23,16,24,22,14,19,7,3,11,20],[7,19,3,11,15,23,24,16,22,14,20],[3,7,15,23,16,24,22,14,19,11,20],[15,7,11,23,16,24,22,14,3,19,20],[19,23,15,24,16,14,7,11,3,20],[3,19,15,7,11,23,24,16,22,14,20],[19,15,3,23,16,24,14,11,7,20],[11,23,3,19,15,24,16,14,7,20],[15,3,23,16,24,22,14,7,19,11,20],[23,7,19,15,16,24,22,14,11,3,20],[3,23,15,24,16,14,7,11,19,20],[3,19,15,11,23,16,24,22,14,7,20],[23,19,3,7,15,16,24,22,14,11,20],[3,15,7,19,11,23,16,24,22,14,20],[19,3,23,7,15,16,24,14,11,20],[23,15,16,24,22,14,7,11,19,3,20],[3,19,15,7,23,24,16,14,11,20],[3,23,15,24,16,22,14,7,19,11,20],[7,19,23,15,24,16,14,11,3,20],[3,15,23,24,16,14,7,19,11,20],[19,23,11,3,15,24,16,22,14,7,20],[15,11,7,23,24,16,14,3,19,20],[19,23,11,15,16,24,14,7,3,20],[15,19,11,7,3,23,16,24,22,14,20],[15,19,11,7,3,23,24,16,14,20],[19,3,23,15,16,24,14,11,7,20],[11,19,23,3,7,15,24,16,22,14,20],[11,3,15,23,24,16,14,7,19,20],[15,7,11,23,24,16,22,14,3,19,20],[19,23,3,15,24,16,22,14,11,7,20],[19,7,3,23,15,16,24,14,11,20],[3,23,15,16,24,14,11,7,19,20],[3,19,23,15,24,16,22,14,7,11,20],[19,3,23,7,11,15,16,24,14,20],[11,7,19,3,23,15,24,16,22,14,20],[7,3,15,23,24,16,14,11,19,20],[3,11,15,19,7,23,16,24,14,20],[11,15,3,7,19,23,24,16,22,14,20],[3,11,15,23,16,24,14,7,19,20],[11,3,15,7,23,16,24,22,14,19,20],[7,19,15,11,23,24,16,14,3,20],[3,7,23,11,15,16,24,22,14,19,20],[7,19,3,11,23,15,24,16,22,14,20],[7,23,19,15,24,16,22,14,11,3,20],[23,15,16,24,22,14,7,3,11,19,20],[19,3,7,11,15,23,16,24,22,14,20],[19,11,7,23,3,15,16,24,22,14,20],[23,3,19,7,11,15,24,16,22,14,20],[19,3,7,23,11,15,16,24,14,20],[11,15,7,23,16,24,14,3,19,20],[7,15,19,11,3,23,24,16,22,14,20],[15,23,16,24,14,11,7,3,19,20],[19,7,11,15,23,24,16,14,3,20],[15,7,19,3,23,24,16,22,14,11,20],[15,23,24,16,14,19,3,7,11,20],[3,11,7,23,15,24,16,22,14,19,20],[19,15,23,16,24,14,7,3,11,20],[15,11,23,24,16,14,19,3,7,20],[11,3,23,15,24,16,22,14,7,19,20],[3,11,23,15,16,24,22,14,19,7,20],[11,7,15,23,16,24,14,3,19,20],[15,23,24,16,14,11,3,19,7,20],[15,19,3,23,16,24,22,14,11,7,20],[7,19,23,15,16,24,14,11,3,20],[3,15,23,16,24,22,14,11,19,7,20],[3,7,19,15,11,23,24,16,14,20],[3,23,11,15,16,24,14,19,7,20],[7,3,15,23,16,24,22,14,11,19,20],[7,11,15,23,24,16,14,3,19,20],[23,7,19,15,16,24,14,11,3,20],[15,7,23,24,16,14,3,19,11,20],[23,11,19,7,15,24,16,14,3,20],[23,19,3,15,24,16,14,7,11,20],[11,19,3,23,15,24,16,22,14,7,20],[7,3,19,11,15,23,24,16,22,14,20],[23,19,11,15,16,24,22,14,3,7,20],[19,11,3,23,15,16,24,22,14,7,20],[23,11,19,3,7,15,24,16,14,20],[15,3,23,16,24,22,14,11,19,7,20],[11,23,3,15,16,24,14,7,19,20],[15,3,23,16,24,14,7,19,11,20],[11,3,15,23,16,24,22,14,7,19,20],[3,19,15,7,11,23,16,24,14,20],[7,23,19,11,15,24,16,14,3,20],[3,19,11,23,7,15,24,16,22,14,20],[15,11,19,23,16,24,22,14,3,7,20],[19,23,15,16,24,14,3,11,7,20],[11,7,19,3,23,15,24,16,14,20],[19,23,15,24,16,22,14,7,3,11,20],[7,19,3,11,15,23,16,24,14,20],[15,3,11,19,7,23,24,16,22,14,20],[15,7,3,19,11,23,24,16,22,14,20],[15,11,23,16,24,14,19,7,3,20],[3,15,11,19,23,16,24,14,7,20],[15,11,23,24,16,14,7,3,19,20],[23,3,19,11,7,15,16,24,14,20],[3,15,7,19,11,23,16,24,14,20],[23,3,11,15,24,16,22,14,19,7,20],[11,15,7,19,23,16,24,14,3,20],[15,19,11,23,24,16,22,14,7,3,20],[7,23,3,15,24,16,22,14,19,11,20],[3,15,19,11,7,23,24,16,14,20],[23,11,15,16,24,14,3,7,19,20],[15,11,19,3,7,23,24,16,14,20],[15,3,23,24,16,22,14,19,7,11,20],[7,15,19,23,16,24,22,14,3,11,20],[7,11,15,3,23,24,16,22,14,19,20],[3,19,11,7,15,23,24,16,14,20],[7,15,3,11,23,16,24,14,19,20],[11,23,3,15,16,24,22,14,19,7,20],[7,15,11,19,23,24,16,14,3,20],[7,23,11,15,24,16,22,14,19,3,20],[15,7,11,23,16,24,14,19,3,20],[7,11,19,3,23,15,24,16,14,20],[15,11,3,7,23,24,16,14,19,20],[3,15,11,19,23,24,16,22,14,7,20],[15,7,23,16,24,14,19,3,11,20],[19,23,7,11,3,15,16,24,22,14,20],[11,23,15,16,24,14,7,19,3,20],[15,7,23,24,16,14,19,3,11,20],[3,15,7,19,11,23,24,16,14,20],[7,15,3,19,11,23,24,16,14,20],[3,19,15,11,7,23,24,16,14,20],[7,11,19,15,23,24,16,14,3,20],[3,7,19,11,15,23,16,24,22,14,20],[11,7,19,15,3,23,16,24,14,20],[11,3,15,7,19,23,24,16,14,20],[19,23,11,3,15,24,16,22,14,7,20],[15,3,7,19,11,23,24,16,14,20],[23,11,3,19,7,15,24,16,14,20],[3,7,19,11,23,15,24,16,14,20],[3,11,15,7,23,16,24,22,14,19,20],[19,23,15,24,16,22,14,11,3,7,20],[23,7,11,3,15,16,24,22,14,19,20],[3,15,11,19,23,24,16,22,14,7,20],[19,15,3,7,11,23,16,24,14,20],[7,15,11,3,23,24,16,14,19,20],[11,3,7,19,23,15,24,16,14,20],[7,23,15,24,16,22,14,3,11,19,20],[11,19,23,15,16,24,22,14,3,7,20],[7,3,19,23,11,15,16,24,14,20],[19,23,15,16,24,22,14,11,7,3,20],[15,7,11,3,19,23,16,24,14,20],[23,3,15,16,24,14,7,11,19,20],[19,11,15,7,3,23,16,24,14,20],[19,23,7,15,16,24,14,11,3,20],[7,23,19,11,3,15,24,16,14,20],[7,3,23,15,24,16,14,11,19,20],[3,19,23,11,7,15,16,24,22,14,20],[23,7,15,16,24,22,14,11,19,3,20],[19,11,23,15,16,24,14,3,7,20],[23,3,11,7,19,15,16,24,22,14,20],[11,3,7,23,15,16,24,22,14,19,20],[15,3,19,7,23,16,24,14,11,20],[19,23,3,11,15,24,16,14,7,20],[19,7,23,11,15,24,16,22,14,3,20],[11,7,15,23,24,16,22,14,19,3,20],[3,11,7,19,15,23,24,16,22,14,20],[15,11,23,16,24,14,19,3,7,20],[15,23,16,24,14,7,11,19,3,20],[23,7,3,19,15,16,24,22,14,11,20],[3,7,11,23,15,24,16,14,19,20],[11,15,23,16,24,14,7,19,3,20],[23,3,15,16,24,14,11,19,7,20],[11,7,23,19,15,24,16,22,14,3,20],[11,15,3,23,24,16,22,14,7,19,20],[23,3,11,19,7,15,16,24,22,14,20],[15,19,3,23,24,16,22,14,7,11,20],[3,7,23,15,24,16,14,11,19,20],[23,3,7,11,15,16,24,14,19,20],[11,15,7,23,16,24,14,3,19,20],[19,7,23,3,11,15,16,24,22,14,20],[19,3,15,11,7,23,24,16,22,14,20],[15,11,3,19,23,24,16,14,7,20],[7,19,11,23,3,15,24,16,22,14,20],[7,23,11,3,19,15,24,16,14,20],[11,19,15,3,23,24,16,22,14,7,20],[15,7,11,3,23,16,24,22,14,19,20],[7,15,11,3,19,23,24,16,14,20],[11,23,3,7,19,15,16,24,22,14,20],[3,23,7,15,24,16,14,11,19,20],[7,3,23,15,16,24,14,19,11,20],[7,3,15,11,23,16,24,14,19,20],[7,19,3,15,11,23,16,24,14,20],[15,23,16,24,22,14,19,3,7,11,20],[23,15,24,16,22,14,11,3,19,7,20],[15,11,23,24,16,22,14,19,7,3,20],[11,19,3,7,15,23,24,16,14,20],[19,3,23,11,15,24,16,14,7,20],[15,11,23,24,16,14,3,7,19,20],[7,19,15,3,23,16,24,22,14,11,20],[23,15,16,24,22,14,11,19,3,7,20],[23,15,16,24,22,14,7,3,11,19,20],[7,15,3,11,23,16,24,14,19,20],[23,11,19,3,15,16,24,14,7,20],[7,23,11,19,3,15,24,16,22,14,20],[23,15,24,16,14,3,11,7,19,20],[23,11,15,24,16,22,14,7,19,3,20],[11,7,19,23,3,15,24,16,22,14,20],[23,3,11,19,15,16,24,14,7,20],[19,3,11,7,23,15,16,24,14,20],[3,19,11,7,23,15,24,16,14,20],[15,19,3,7,11,23,24,16,14,20],[23,15,24,16,22,14,3,7,11,19,20],[19,7,23,3,11,15,24,16,14,20],[23,11,3,7,19,15,24,16,22,14,20],[3,23,19,15,24,16,22,14,7,11,20],[23,11,7,15,16,24,14,19,3,20],[7,3,15,19,23,24,16,22,14,11,20],[15,7,3,19,11,23,24,16,22,14,20],[15,23,24,16,14,11,3,19,7,20],[23,11,3,7,19,15,24,16,22,14,20],[15,3,7,11,19,23,24,16,14,20],[11,15,7,3,19,23,16,24,22,14,20],[19,23,15,24,16,22,14,11,3,7,20],[7,23,3,11,19,15,16,24,22,14,20],[3,19,23,15,24,16,14,11,7,20],[23,7,15,24,16,14,11,3,19,20],[7,15,23,24,16,22,14,3,11,19,20],[19,23,11,3,7,15,24,16,14,20],[23,7,19,15,16,24,22,14,3,11,20],[3,7,23,19,11,15,16,24,22,14,20],[19,15,11,3,23,16,24,14,7,20],[7,19,11,15,3,23,16,24,14,20],[11,19,7,3,15,23,24,16,22,14,20],[11,7,23,19,3,15,24,16,14,20],[11,19,3,23,15,24,16,22,14,7,20],[3,15,11,19,23,24,16,22,14,7,20],[3,11,7,23,19,15,16,24,22,14,20],[11,15,3,23,16,24,14,19,7,20],[7,11,3,19,15,23,24,16,14,20],[23,7,19,11,3,15,24,16,14,20],[23,15,16,24,22,14,7,3,19,11,20],[3,11,15,23,16,24,22,14,19,7,20],[7,19,23,15,24,16,14,3,11,20],[23,15,16,24,22,14,3,7,11,19,20],[3,19,23,11,15,24,16,14,7,20],[15,11,19,3,7,23,24,16,22,14,20],[7,3,23,15,16,24,22,14,11,19,20],[23,11,7,3,19,15,16,24,14,20],[11,3,19,23,7,15,24,16,22,14,20],[23,11,3,19,7,15,16,24,22,14,20],[19,7,23,3,15,24,16,14,11,20],[19,23,15,24,16,14,3,7,11,20],[3,7,15,19,11,23,24,16,14,20],[23,15,16,24,14,11,3,7,19,20],[7,19,3,15,23,16,24,22,14,11,20],[23,15,24,16,22,14,7,19,11,3,20],[3,15,11,23,24,16,22,14,7,19,20],[19,11,15,23,16,24,22,14,7,3,20],[19,11,23,7,15,24,16,14,3,20],[19,11,23,15,16,24,22,14,7,3,20],[23,7,15,24,16,22,14,3,11,19,20],[3,23,11,15,16,24,22,14,7,19,20],[19,11,7,15,3,23,16,24,22,14,20],[23,15,16,24,22,14,3,11,7,19,20],[23,11,19,7,15,24,16,14,3,20],[23,11,15,16,24,22,14,19,7,3,20],[23,3,7,15,24,16,14,11,19,20],[15,7,23,16,24,22,14,11,19,3,20],[15,23,16,24,22,14,19,7,3,11,20],[23,3,15,24,16,14,7,11,19,20],[7,3,15,23,24,16,14,11,19,20],[15,19,23,24,16,14,11,3,7,20],[15,11,19,7,23,16,24,22,14,3,20],[7,23,11,3,19,15,24,16,14,20],[3,15,19,23,24,16,14,7,11,20],[19,11,23,7,15,24,16,22,14,3,20],[15,23,16,24,22,14,11,3,19,7,20],[15,19,7,3,11,23,16,24,14,20],[15,11,3,19,7,23,16,24,14,20],[15,11,19,23,24,16,14,7,3,20],[7,23,3,15,16,24,14,19,11,20],[11,7,15,3,23,16,24,22,14,19,20],[11,3,15,19,7,23,24,16,14,20],[7,3,11,15,19,23,16,24,14,20],[11,23,19,7,15,24,16,22,14,3,20],[7,11,15,19,3,23,24,16,22,14,20],[3,7,23,15,24,16,14,19,11,20],[7,19,23,15,16,24,14,3,11,20],[7,19,11,23,3,15,24,16,14,20],[19,23,7,11,3,15,16,24,22,14,20],[15,19,11,7,23,16,24,22,14,3,20],[3,23,7,15,16,24,14,19,11,20],[3,11,19,15,23,16,24,14,7,20],[7,11,23,15,16,24,22,14,19,3,20],[3,15,23,16,24,22,14,7,19,11,20],[3,19,11,7,15,23,24,16,14,20],[3,23,7,15,24,16,22,14,19,11,20],[23,7,19,3,15,16,24,22,14,11,20],[7,11,23,19,3,15,24,16,22,14,20],[23,3,19,11,15,24,16,22,14,7,20],[7,23,3,19,11,15,16,24,14,20],[15,19,23,16,24,14,7,3,11,20],[3,19,15,11,23,24,16,22,14,7,20],[23,7,11,15,24,16,14,19,3,20],[15,19,3,7,11,23,16,24,14,20],[23,19,15,24,16,14,3,7,11,20],[11,23,7,19,15,24,16,22,14,3,20],[23,19,15,24,16,14,11,3,7,20],[15,23,16,24,22,14,7,3,19,11,20],[19,7,11,3,15,23,16,24,14,20],[3,11,23,7,19,15,24,16,14,20],[11,7,3,23,15,24,16,22,14,19,20],[23,11,7,15,16,24,22,14,19,3,20],[23,11,3,15,24,16,22,14,7,19,20],[11,3,19,7,15,23,24,16,14,20],[19,15,23,24,16,22,14,11,3,7,20],[7,19,23,15,24,16,22,14,3,11,20],[11,23,19,7,3,15,16,24,14,20],[11,7,15,3,19,23,16,24,22,14,20],[7,3,15,11,19,23,24,16,14,20],[15,11,23,16,24,14,7,19,3,20],[15,19,11,23,16,24,22,14,3,7,20],[11,19,15,7,23,16,24,22,14,3,20],[23,19,3,15,16,24,22,14,7,11,20],[19,15,23,24,16,22,14,11,3,7,20],[15,3,23,16,24,14,19,7,11,20],[23,3,19,11,7,15,24,16,14,20],[3,19,11,15,7,23,24,16,22,14,20],[3,11,23,7,19,15,16,24,14,20],[3,19,7,15,23,24,16,14,11,20],[15,23,16,24,14,19,7,11,3,20],[23,19,11,7,15,24,16,14,3,20],[15,3,23,16,24,22,14,7,11,19,20],[23,3,11,7,19,15,16,24,22,14,20],[23,7,19,11,15,16,24,14,3,20],[15,3,7,23,16,24,14,19,11,20],[15,11,19,23,24,16,22,14,7,3,20],[23,3,19,15,24,16,14,7,11,20],[11,3,19,7,15,23,24,16,22,14,20],[19,7,3,23,15,24,16,22,14,11,20],[15,3,11,19,7,23,24,16,14,20],[11,23,7,19,15,24,16,22,14,3,20],[3,23,15,24,16,22,14,7,11,19,20],[19,11,3,23,7,15,16,24,14,20],[15,3,11,23,24,16,22,14,7,19,20],[11,3,15,23,24,16,14,7,19,20],[15,11,23,16,24,22,14,19,3,7,20],[15,23,16,24,22,14,7,19,3,11,20],[19,11,15,3,7,23,24,16,22,14,20],[23,7,3,15,16,24,22,14,11,19,20],[23,11,3,7,15,24,16,22,14,19,20],[11,19,3,15,23,16,24,14,7,20],[3,19,7,11,15,23,24,16,14,20],[7,11,3,23,15,16,24,14,19,20],[15,3,19,7,11,23,24,16,22,14,20],[7,11,3,19,15,23,16,24,14,20],[11,23,7,15,24,16,22,14,3,19,20],[11,7,15,23,24,16,14,19,3,20],[15,3,7,19,11,23,16,24,22,14,20],[23,19,11,7,15,16,24,22,14,3,20],[15,23,24,16,14,7,19,11,3,20],[11,15,19,23,16,24,14,3,7,20],[7,3,11,19,15,23,16,24,14,20],[15,23,16,24,14,7,3,11,19,20],[19,15,23,24,16,14,11,7,3,20],[7,15,3,11,23,16,24,22,14,19,20],[19,11,7,23,15,16,24,14,3,20],[7,11,23,3,19,15,24,16,22,14,20],[15,11,23,24,16,22,14,19,3,7,20],[7,3,19,11,23,15,24,16,14,20],[7,23,15,16,24,22,14,3,11,19,20],[19,7,3,15,23,16,24,22,14,11,20],[7,23,3,15,16,24,22,14,19,11,20],[11,3,23,15,16,24,14,7,19,20],[15,19,11,23,16,24,14,3,7,20],[15,19,7,23,24,16,22,14,11,3,20],[19,11,23,7,15,24,16,14,3,20],[19,3,23,11,7,15,24,16,22,14,20],[7,3,23,19,15,16,24,14,11,20],[11,3,15,7,23,16,24,22,14,19,20],[3,7,11,23,15,16,24,22,14,19,20],[7,19,3,23,11,15,24,16,14,20],[23,15,16,24,14,7,19,11,3,20],[15,19,7,11,3,23,24,16,14,20],[11,3,7,19,15,23,24,16,22,14,20],[15,11,7,3,19,23,16,24,14,20],[19,11,7,15,3,23,24,16,22,14,20],[7,15,23,24,16,14,19,3,11,20],[15,19,3,11,23,24,16,22,14,7,20],[15,23,24,16,14,11,19,3,7,20],[15,3,19,23,16,24,22,14,11,7,20],[23,3,11,19,15,16,24,14,7,20],[7,11,23,15,16,24,14,19,3,20],[11,19,23,7,15,16,24,14,3,20],[19,11,3,15,23,16,24,14,7,20],[23,3,19,7,11,15,24,16,22,14,20],[23,11,3,19,7,15,16,24,14,20],[23,15,16,24,22,14,7,11,19,3,20],[7,15,3,11,19,23,16,24,22,14,20],[15,19,7,23,24,16,14,3,11,20],[11,19,3,23,15,24,16,14,7,20],[11,23,3,7,19,15,24,16,14,20],[7,11,3,23,15,24,16,14,19,20],[19,23,15,16,24,14,3,7,11,20],[11,23,3,7,15,24,16,14,19,20],[15,23,24,16,14,19,3,11,7,20],[19,7,15,3,23,16,24,22,14,11,20],[11,19,23,3,7,15,24,16,14,20],[15,7,19,11,23,16,24,22,14,3,20],[15,3,19,23,16,24,22,14,7,11,20],[19,3,7,11,23,15,24,16,22,14,20],[11,15,3,23,24,16,14,19,7,20],[23,15,24,16,14,7,3,19,11,20],[7,23,19,11,15,16,24,14,3,20],[19,3,7,11,23,15,16,24,22,14,20],[3,11,23,15,24,16,14,7,19,20],[11,3,7,19,15,23,24,16,22,14,20],[23,3,7,15,16,24,14,11,19,20],[11,3,23,19,7,15,24,16,14,20],[23,3,7,19,15,16,24,14,11,20],[15,3,23,24,16,22,14,7,11,19,20],[7,19,3,23,15,24,16,22,14,11,20],[15,23,16,24,22,14,11,3,7,19,20],[3,15,11,19,7,23,16,24,22,14,20],[11,15,19,23,24,16,14,7,3,20],[7,3,15,19,11,23,24,16,14,20],[11,15,19,23,16,24,14,3,7,20],[23,19,7,3,11,15,24,16,14,20],[7,19,15,23,24,16,22,14,3,11,20],[11,19,15,23,16,24,22,14,3,7,20],[23,11,3,19,15,24,16,22,14,7,20],[3,7,11,23,19,15,24,16,14,20],[23,3,7,19,15,16,24,14,11,20],[19,7,11,3,15,23,24,16,22,14,20],[3,7,23,15,16,24,14,19,11,20],[19,11,23,7,15,16,24,22,14,3,20],[19,11,3,15,23,16,24,14,7,20],[15,19,3,7,23,24,16,22,14,11,20],[7,19,3,11,15,23,24,16,14,20],[19,3,7,11,15,23,24,16,22,14,20],[7,23,15,24,16,22,14,19,3,11,20],[11,15,23,24,16,14,19,3,7,20],[15,23,24,16,14,19,11,7,3,20],[11,15,7,19,23,24,16,22,14,3,20],[7,3,11,23,15,16,24,22,14,19,20],[23,11,19,15,24,16,14,3,7,20],[11,23,19,3,7,15,24,16,22,14,20],[19,15,7,3,23,16,24,14,11,20],[19,3,23,15,24,16,14,7,11,20],[15,23,24,16,14,7,19,3,11,20],[11,19,3,7,15,23,16,24,22,14,20],[23,11,15,24,16,14,7,3,19,20],[7,11,15,19,3,23,16,24,14,20],[15,11,3,19,23,16,24,14,7,20],[3,23,7,19,15,16,24,22,14,11,20],[3,11,19,15,23,16,24,14,7,20],[19,11,15,3,23,16,24,22,14,7,20],[11,19,15,3,23,16,24,14,7,20],[23,7,15,24,16,14,11,19,3,20],[15,11,19,23,16,24,14,3,7,20],[23,19,15,16,24,14,3,11,7,20],[23,3,15,16,24,14,19,11,7,20],[23,19,11,15,16,24,14,3,7,20],[7,23,15,16,24,22,14,3,19,11,20],[3,11,7,15,19,23,16,24,22,14,20],[3,23,19,15,16,24,14,7,11,20],[7,3,15,11,23,16,24,22,14,19,20],[23,7,3,15,24,16,22,14,11,19,20],[23,7,15,24,16,22,14,3,19,11,20],[19,23,15,16,24,22,14,11,7,3,20],[23,15,16,24,22,14,19,3,7,11,20],[3,19,23,15,16,24,14,11,7,20],[3,15,23,24,16,22,14,7,19,11,20],[19,3,15,7,11,23,24,16,22,14,20],[11,19,7,15,3,23,16,24,22,14,20],[7,15,3,11,23,16,24,14,19,20],[15,11,19,7,23,24,16,22,14,3,20],[23,3,19,15,16,24,14,7,11,20],[23,3,15,24,16,14,7,19,11,20],[7,19,15,23,16,24,14,3,11,20],[19,11,3,7,15,23,24,16,14,20],[15,3,23,16,24,14,19,11,7,20],[3,7,11,19,23,15,24,16,22,14,20],[7,23,3,15,16,24,14,19,11,20],[11,3,7,19,23,15,24,16,22,14,20],[15,3,23,16,24,22,14,19,11,7,20],[15,19,23,24,16,14,11,3,7,20],[7,3,23,11,15,24,16,14,19,20],[11,23,15,16,24,14,3,19,7,20],[3,7,15,23,16,24,14,11,19,20],[15,11,23,24,16,22,14,19,7,3,20],[7,3,15,19,23,16,24,22,14,11,20],[23,19,15,16,24,14,7,11,3,20],[3,23,11,15,24,16,14,7,19,20],[23,19,11,3,15,16,24,22,14,7,20],[15,23,16,24,14,19,11,3,7,20],[19,7,23,3,15,24,16,22,14,11,20],[15,3,19,11,7,23,24,16,22,14,20],[3,23,19,7,11,15,24,16,14,20],[3,15,11,19,23,24,16,22,14,7,20],[19,23,7,3,11,15,24,16,14,20],[23,19,11,3,7,15,24,16,14,20],[3,11,7,19,23,15,24,16,14,20],[15,7,3,23,16,24,14,11,19,20],[11,7,3,15,23,24,16,22,14,19,20],[19,7,23,11,15,24,16,14,3,20],[15,7,23,16,24,14,19,3,11,20]],"n_human":13}