{"problem_id":"EZWBdjmuEZbI098","sigma":150,"alpha":3.162,"cost":2,"probabilities":"[0.32, 0.11, 0.22, 0.35]","payoff_matrix":"[[63, 112, 321, 44, -43, 108], [-13, 79, -312, -296, -166, -24], [-189, -58, 38, 390, -89, -40], [-144, -90, -175, 161, -138, 31]]","uncovered":[[20,24,16,4,12,8,13],[8,20,24,4,16,12,13],[16,24,8,20,4,12,13],[4,8,16,24,12,20,13],[24,16,4,8,20,12,13],[4,20,24,8,16,12,21,13,15],[20,12,8,24,4,16,21,13,15],[8,24,4,20,16,12,13],[8,12,16,24,4,20,13],[20,8,12,24,16,4,21,13,23],[20,4,12,16,8,24,13],[12,24,4,16,8,20,21,13,15],[24,4,16,12,20,8,21,13,23],[16,12,24,8,4,20,13],[20,16,4,12,24,8,21,13,23],[24,4,16,20,8,12,21,13,23],[8,24,4,12,20,16,21,13,23],[4,8,24,16,12,20,21,13,15],[8,4,16,24,12,20,21,13,15],[24,20,12,4,16,8,21,13,23],[16,4,12,20,24,8,13],[12,16,8,24,4,20,21,13,23],[12,24,20,16,4,8,13],[20,16,24,4,12,8,21,13,23],[20,8,24,16,12,4,13],[20,24,16,8,4,12,21,13,15],[20,8,4,24,12,16,13],[16,4,20,24,8,12,13],[20,4,8,16,24,12,21,13,15],[8,4,24,16,20,12,13],[12,8,4,24,16,20,13],[8,4,20,24,12,16,13],[24,12,16,4,8,20,13],[4,12,8,16,20,24,13],[16,12,4,8,24,20,13],[16,4,12,24,8,20,13],[16,24,8,4,12,20,21,13,15],[8,16,12,20,24,4,13],[12,8,16,20,4,24,21,13,23],[24,12,16,20,4,8,13],[8,24,20,12,4,16,13],[20,16,8,4,12,24,21,13,15],[12,4,8,24,20,16,13],[24,8,4,20,16,12,21,13,23],[8,12,16,24,20,4,21,13,15],[12,8,20,24,16,4,21,13,15],[24,4,12,16,8,20,21,13,23],[12,20,8,16,24,4,13],[4,12,16,20,8,24,13],[20,4,16,8,24,12,13],[12,8,20,16,24,4,13],[8,12,4,16,24,20,21,13,23],[24,8,12,16,20,4,21,13,23],[12,16,4,20,8,24,13],[4,24,20,12,8,16,13],[4,16,8,20,24,12,21,13,23],[4,24,16,20,8,12,21,13,15],[4,24,16,20,12,8,13],[16,4,24,8,12,20,13],[20,8,24,12,4,16,13],[20,16,4,12,24,8,13],[4,12,24,20,16,8,21,13,23],[24,12,20,4,8,16,13],[16,24,8,12,4,20,13],[12,8,4,24,20,16,13],[16,8,4,24,20,12,21,13,23],[12,24,20,16,8,4,13],[16,12,20,24,8,4,21,13,23],[12,4,16,8,24,20,13],[8,4,16,12,24,20,13],[12,16,24,8,4,20,21,13,23],[20,16,24,12,8,4,21,13,15],[24,8,20,16,12,4,13],[8,20,4,16,12,24,21,13,23],[4,8,24,20,12,16,21,13,15],[20,8,16,4,12,24,21,13,23],[4,8,20,16,24,12,21,13,23],[12,4,20,8,16,24,13],[16,20,4,12,24,8,13],[12,16,4,8,24,20,21,13,23],[12,8,4,16,24,20,13],[4,8,24,12,20,16,13],[4,12,8,24,20,16,13],[20,4,12,8,24,16,13],[4,16,24,20,8,12,13],[8,20,24,12,4,16,21,13,15],[24,16,12,20,4,8,13],[20,16,24,8,12,4,13],[4,12,20,16,8,24,21,13,15],[4,8,24,20,12,16,21,13,23],[8,20,16,24,12,4,13],[20,4,24,16,8,12,21,13,15],[8,16,20,24,12,4,21,13,23],[4,12,24,16,8,20,13],[20,4,24,16,12,8,21,13,23],[4,12,16,24,20,8,13],[16,20,8,4,24,12,13],[24,4,16,8,20,12,21,13,23],[24,20,12,8,4,16,13],[24,8,20,12,16,4,13],[12,4,16,20,24,8,21,13,23],[12,8,20,24,16,4,21,13,23],[4,16,24,12,8,20,13],[24,12,16,20,4,8,21,13,23],[8,4,24,12,20,16,13],[8,12,20,24,16,4,21,13,23],[16,24,20,8,12,4,13],[24,12,20,16,8,4,21,13,15],[20,4,8,16,12,24,13],[12,20,16,4,8,24,21,13,23],[8,16,20,4,24,12,21,13,15],[4,8,16,20,24,12,21,13,15],[20,4,16,8,12,24,13],[8,24,4,20,16,12,21,13,23],[4,16,8,20,24,12,21,13,15],[4,24,12,8,20,16,21,13,15],[8,12,20,4,24,16,13],[16,8,12,4,20,24,21,13,15],[20,24,4,12,16,8,21,13,23],[20,8,24,4,16,12,13],[24,8,16,20,12,4,13],[20,12,16,4,24,8,21,13,23],[24,4,20,8,16,12,21,13,23],[4,24,16,12,20,8,13],[20,4,8,12,24,16,13],[4,24,16,12,8,20,13],[20,4,24,8,16,12,21,13,15],[8,24,4,16,20,12,13],[16,20,24,12,4,8,21,13,15],[24,16,20,4,8,12,13],[8,24,20,4,16,12,21,13,15],[4,24,8,16,20,12,13],[20,24,8,4,12,16,21,13,15],[24,20,12,16,4,8,21,13,23],[12,4,16,20,8,24,13],[8,4,20,16,24,12,13],[20,16,12,4,24,8,13],[24,12,16,4,20,8,21,13,23],[12,24,4,16,8,20,13],[16,4,20,8,12,24,21,13,15],[4,8,20,12,24,16,13],[20,16,12,4,24,8,13],[20,24,4,16,8,12,13],[4,20,12,24,16,8,21,13,23],[16,8,20,4,12,24,13],[20,16,12,4,8,24,13],[24,20,4,12,8,16,21,13,15],[20,24,4,12,16,8,13],[4,20,24,16,12,8,21,13,15],[12,16,8,4,20,24,21,13,15],[8,4,20,16,24,12,13],[12,4,16,8,20,24,21,13,23],[24,8,20,12,16,4,13],[20,16,12,8,24,4,13],[4,20,12,16,24,8,13],[16,8,12,20,24,4,21,13,15],[12,20,8,4,24,16,13],[20,16,12,8,24,4,13],[24,16,8,20,4,12,13],[12,20,16,8,4,24,13],[24,4,16,20,12,8,21,13,23],[4,16,24,20,8,12,21,13,15],[4,12,8,16,20,24,21,13,15],[24,20,12,16,4,8,21,13,23],[4,24,20,12,8,16,21,13,23],[24,16,12,4,8,20,21,13,23],[4,20,8,24,12,16,21,13,23],[24,20,8,16,12,4,21,13,23],[16,20,4,24,8,12,21,13,15],[16,12,8,20,4,24,13],[16,8,20,12,4,24,21,13,15],[24,20,4,8,16,12,21,13,15],[16,12,4,20,24,8,21,13,23],[16,4,20,12,24,8,21,13,23],[8,12,20,16,4,24,21,13,15],[12,24,16,4,8,20,21,13,15],[12,4,24,8,16,20,21,13,15],[12,16,4,8,24,20,21,13,23],[16,20,8,24,12,4,13],[4,16,12,24,20,8,13],[8,4,24,16,12,20,21,13,15],[4,12,8,16,24,20,21,13,15],[8,16,24,4,12,20,13],[16,8,4,20,12,24,13],[12,16,8,4,20,24,13],[20,8,12,16,24,4,21,13,23],[4,16,12,20,8,24,21,13,15],[20,12,16,24,8,4,21,13,15],[4,16,12,20,24,8,13],[4,20,24,16,8,12,13],[12,20,24,16,4,8,13],[20,16,4,12,24,8,21,13,23],[12,4,16,24,20,8,21,13,23],[24,4,20,8,16,12,21,13,15],[12,20,24,16,8,4,21,13,23],[4,20,24,8,16,12,21,13,23],[24,16,20,8,4,12,13],[12,4,8,24,20,16,21,13,15],[16,4,12,20,8,24,21,13,23],[16,24,4,20,8,12,13],[16,20,8,12,4,24,13],[12,16,24,4,20,8,13],[12,8,24,16,4,20,13],[20,8,12,4,24,16,13],[16,24,20,12,8,4,21,13,15],[20,12,24,16,8,4,21,13,15],[12,8,4,16,24,20,21,13,15],[24,4,20,16,12,8,13],[20,24,8,12,16,4,13],[24,4,8,12,16,20,21,13,15],[4,16,24,12,8,20,21,13,23],[4,8,24,16,12,20,13],[16,24,8,20,12,4,21,13,15],[16,8,24,20,12,4,13],[12,24,4,16,20,8,21,13,23],[24,12,8,16,20,4,21,13,15],[20,12,8,4,16,24,21,13,15],[20,4,8,16,24,12,21,13,15],[4,16,8,24,20,12,13],[24,20,8,16,12,4,13],[4,8,20,12,16,24,21,13,15],[16,20,12,24,4,8,13],[20,12,16,8,24,4,21,13,23],[4,8,16,20,24,12,13],[4,12,8,24,20,16,21,13,15],[16,24,4,20,8,12,13],[20,12,4,8,24,16,21,13,23],[8,24,16,20,4,12,21,13,15],[20,16,24,8,4,12,21,13,23],[12,4,16,8,24,20,13],[16,4,8,20,12,24,21,13,15],[12,4,8,20,24,16,21,13,23],[20,24,4,8,12,16,13],[16,4,8,20,24,12,21,13,23],[24,16,8,4,20,12,21,13,23],[8,16,12,20,24,4,13],[4,24,16,8,12,20,13],[4,12,24,8,16,20,13],[16,20,12,24,4,8,13],[16,24,12,4,20,8,13],[8,4,24,12,16,20,13],[12,20,24,4,16,8,13],[24,8,12,16,20,4,13],[8,20,12,24,4,16,13],[24,4,12,20,8,16,21,13,15],[12,20,4,24,8,16,21,13,15],[16,20,8,4,24,12,21,13,15],[8,12,16,24,4,20,13],[20,16,24,4,8,12,13],[4,20,24,12,16,8,21,13,23],[8,20,24,16,12,4,21,13,23],[24,8,4,16,20,12,21,13,23],[16,8,24,4,20,12,13],[8,12,20,24,16,4,13],[4,20,8,12,16,24,13],[12,24,20,8,16,4,21,13,23],[24,8,4,16,12,20,13],[8,20,24,4,16,12,21,13,23],[8,12,24,4,20,16,13],[8,16,4,20,24,12,13],[4,20,8,24,12,16,21,13,23],[4,24,16,20,12,8,13],[16,20,8,12,4,24,21,13,15],[12,16,4,20,8,24,13],[12,8,20,4,24,16,13],[24,16,20,4,8,12,13],[20,12,24,16,8,4,13],[24,12,20,8,4,16,13],[16,4,24,20,12,8,21,13,15],[12,16,24,20,8,4,21,13,23],[20,12,4,16,24,8,21,13,23],[12,16,8,4,24,20,13],[12,16,24,4,8,20,13],[24,16,12,20,8,4,13],[24,20,8,12,4,16,13],[12,16,4,20,8,24,13],[20,8,12,24,4,16,13],[12,20,4,16,8,24,21,13,15],[8,16,12,24,4,20,13],[12,8,24,20,16,4,13],[8,16,24,4,12,20,13],[24,8,16,4,20,12,13],[8,16,20,24,4,12,21,13,15],[4,8,12,24,16,20,13],[24,20,4,12,16,8,13],[20,4,16,24,8,12,21,13,23],[12,8,16,24,4,20,13],[4,24,12,20,8,16,21,13,15],[20,24,8,12,16,4,21,13,23],[24,16,4,8,12,20,13],[8,4,20,12,24,16,13],[4,24,20,12,16,8,13],[4,24,8,16,20,12,21,13,15],[4,20,8,12,16,24,21,13,23],[24,20,16,12,4,8,13],[8,24,12,16,20,4,21,13,15],[24,16,8,4,20,12,13],[20,8,24,4,12,16,21,13,15],[20,8,4,24,12,16,13],[8,4,24,12,20,16,21,13,15],[12,4,16,8,20,24,21,13,23],[16,24,12,4,8,20,21,13,23],[20,4,8,24,16,12,13],[20,12,16,24,8,4,13],[24,12,20,8,16,4,21,13,15],[20,12,24,8,4,16,21,13,15],[8,4,20,16,24,12,13],[16,12,20,4,8,24,13],[4,24,8,12,20,16,21,13,15],[24,20,12,4,8,16,13],[16,8,20,24,4,12,13],[16,4,8,20,12,24,21,13,23],[20,8,4,16,24,12,13],[4,24,20,16,12,8,13],[4,24,12,8,16,20,13],[24,4,20,12,8,16,21,13,23],[16,8,4,20,12,24,13],[24,20,8,16,4,12,13],[24,20,8,4,16,12,21,13,23],[16,20,8,4,12,24,13],[4,24,8,12,16,20,13],[12,20,8,24,4,16,21,13,15],[12,20,4,8,16,24,13],[20,8,16,24,12,4,21,13,23],[8,20,16,12,4,24,13],[24,16,12,20,8,4,13],[12,20,4,24,8,16,13],[8,16,20,12,24,4,13],[20,4,16,8,12,24,13],[4,12,8,24,16,20,21,13,15],[4,8,20,16,12,24,13],[4,24,12,20,16,8,13],[8,12,20,4,16,24,13],[4,24,12,16,20,8,13],[16,4,24,8,20,12,13],[16,12,4,24,8,20,21,13,15],[12,8,4,20,24,16,21,13,15],[4,8,16,12,24,20,21,13,23],[8,24,16,4,20,12,21,13,23],[20,16,8,12,24,4,21,13,23],[24,8,20,4,16,12,13],[8,24,20,4,12,16,21,13,15],[12,20,8,16,4,24,21,13,23],[4,24,12,16,20,8,13],[4,24,8,20,16,12,13],[20,16,8,24,4,12,21,13,15],[8,24,16,20,12,4,13],[8,16,24,12,4,20,21,13,23],[4,24,20,8,16,12,21,13,23],[4,16,20,12,8,24,13],[24,8,20,16,12,4,21,13,15],[12,20,16,4,8,24,21,13,23],[20,8,4,12,16,24,13],[8,12,20,4,16,24,21,13,15],[12,20,8,16,24,4,21,13,23],[16,8,24,12,20,4,13],[24,8,4,12,20,16,21,13,23],[12,8,16,20,4,24,13],[12,20,4,8,16,24,13],[16,20,8,12,4,24,21,13,23],[20,8,16,12,4,24,21,13,23],[20,8,12,16,24,4,13],[12,8,20,16,4,24,13],[12,20,4,8,24,16,21,13,15],[20,12,24,16,4,8,21,13,23],[20,4,16,8,24,12,21,13,15],[8,24,12,4,16,20,21,13,15],[16,12,4,24,8,20,21,13,23],[16,20,8,4,24,12,21,13,15],[12,8,24,20,16,4,21,13,23],[4,16,12,24,8,20,13],[20,24,4,12,16,8,21,13,15],[24,16,20,4,12,8,21,13,23],[4,12,24,16,8,20,21,13,15],[20,4,24,8,12,16,21,13,15],[4,12,20,16,8,24,21,13,23],[4,12,16,8,20,24,21,13,15],[4,8,20,12,24,16,13],[24,8,16,4,12,20,21,13,15],[20,8,24,16,12,4,21,13,15],[4,24,20,12,8,16,21,13,23],[20,12,24,16,8,4,21,13,23],[24,12,4,20,16,8,21,13,23],[4,24,8,20,16,12,21,13,23],[4,16,24,20,12,8,21,13,23],[24,20,16,8,12,4,21,13,23],[4,20,16,8,12,24,21,13,15],[16,24,4,8,20,12,13],[24,20,16,12,4,8,13],[8,12,24,4,20,16,13],[24,4,12,8,16,20,21,13,23],[24,12,20,8,4,16,13],[12,8,20,24,16,4,13],[24,20,12,8,16,4,21,13,15],[4,16,12,24,20,8,21,13,23],[8,12,4,16,24,20,21,13,15],[24,16,8,12,4,20,21,13,15],[16,4,12,20,8,24,21,13,23],[4,16,24,12,20,8,13],[12,16,4,20,8,24,21,13,15],[16,12,4,24,20,8,21,13,15],[4,8,24,20,12,16,21,13,15],[12,4,8,16,20,24,21,13,23],[8,24,20,4,12,16,21,13,23],[4,24,20,12,8,16,13],[20,16,12,24,4,8,21,13,23],[16,4,12,8,20,24,13],[12,4,20,24,8,16,13],[20,8,4,16,12,24,13],[24,4,20,8,12,16,13],[4,16,24,8,20,12,21,13,23],[4,20,24,8,12,16,21,13,15],[4,8,20,12,16,24,13],[16,24,12,4,20,8,21,13,15],[16,20,8,4,12,24,21,13,23],[20,4,8,12,16,24,21,13,15],[16,4,20,24,8,12,21,13,15],[8,16,24,20,4,12,21,13,15],[24,4,8,16,12,20,21,13,23],[24,4,16,20,8,12,13],[16,8,4,24,20,12,21,13,23],[20,12,16,8,4,24,13],[8,16,24,20,4,12,13],[24,12,20,4,16,8,21,13,23],[20,8,16,4,24,12,21,13,23],[16,24,20,12,8,4,21,13,23],[20,8,12,4,24,16,21,13,23],[24,12,8,20,16,4,13],[16,20,24,12,8,4,13],[20,8,24,16,4,12,21,13,15],[8,24,4,12,16,20,13],[20,16,8,12,4,24,13],[16,12,8,4,24,20,13],[4,20,12,24,16,8,21,13,23],[12,20,16,8,24,4,13],[8,20,24,12,16,4,21,13,15],[20,24,12,4,8,16,21,13,15],[8,24,4,12,20,16,21,13,15],[8,12,4,16,20,24,13],[24,16,4,12,8,20,21,13,15],[4,16,12,24,20,8,21,13,15],[16,4,8,20,24,12,13],[16,8,24,4,12,20,13],[12,20,16,8,24,4,21,13,23],[16,12,8,20,24,4,21,13,15],[20,4,8,12,24,16,13],[12,20,16,4,8,24,13],[8,24,4,16,12,20,13],[24,12,16,20,8,4,21,13,15],[4,12,8,20,24,16,21,13,15],[12,16,4,8,24,20,21,13,15],[24,20,4,8,16,12,13],[16,8,4,24,20,12,21,13,23],[24,12,4,20,16,8,21,13,15],[8,12,20,24,16,4,13],[12,24,20,16,4,8,21,13,23],[8,4,24,20,12,16,21,13,23],[12,24,16,20,8,4,21,13,23],[8,12,20,16,4,24,13],[4,8,12,16,24,20,13],[8,4,20,12,24,16,21,13,23],[16,12,24,8,4,20,13],[24,20,8,4,12,16,21,13,15],[24,8,20,16,4,12,21,13,15],[8,20,12,4,16,24,13],[12,8,20,16,4,24,21,13,15],[20,12,24,4,16,8,21,13,15],[4,20,8,24,16,12,21,13,15],[8,12,24,16,20,4,21,13,15],[16,12,8,4,24,20,13],[8,4,16,12,20,24,21,13,23],[20,4,16,24,8,12,21,13,23],[16,4,8,20,12,24,21,13,23],[20,12,8,4,24,16,13],[20,12,8,4,24,16,13],[20,24,8,12,16,4,21,13,15],[24,12,20,16,4,8,21,13,15],[24,8,20,12,4,16,21,13,15],[20,4,12,8,16,24,13],[8,20,16,4,24,12,13],[20,8,4,12,24,16,13],[8,12,24,20,4,16,13],[16,24,12,8,4,20,13],[16,12,8,20,4,24,13],[12,20,8,16,4,24,13],[12,24,16,8,20,4,21,13,23],[16,4,8,20,12,24,13],[20,24,4,8,12,16,13],[8,24,12,16,4,20,21,13,23],[8,12,24,16,4,20,13],[4,16,12,20,8,24,21,13,15],[4,12,20,24,16,8,21,13,15],[4,8,16,20,24,12,13],[24,16,20,4,12,8,21,13,23],[8,20,24,16,4,12,13],[16,20,4,8,12,24,21,13,23],[16,20,24,4,12,8,21,13,15],[20,16,4,24,12,8,13],[16,8,24,4,12,20,13],[8,24,16,12,20,4,21,13,15],[8,16,12,4,24,20,21,13,15],[12,8,4,16,20,24,13],[8,4,20,16,24,12,21,13,23],[24,12,4,20,16,8,21,13,23],[24,4,16,20,12,8,21,13,23],[24,20,4,12,8,16,13],[4,8,12,24,16,20,13],[8,4,16,20,24,12,13],[8,16,24,4,20,12,13],[4,8,20,16,24,12,21,13,15],[12,16,4,8,20,24,13],[4,12,20,8,16,24,21,13,15],[8,12,24,4,20,16,21,13,23],[12,20,16,24,8,4,13],[20,4,16,24,12,8,21,13,23],[16,8,12,4,20,24,13],[24,16,12,4,8,20,13],[12,24,4,20,16,8,13],[8,12,20,4,16,24,21,13,15],[20,12,24,8,4,16,13],[12,20,24,4,16,8,13],[8,4,12,16,24,20,13],[8,24,16,20,4,12,21,13,15],[8,16,20,24,12,4,13],[16,12,8,20,24,4,13],[12,8,16,4,24,20,13],[8,12,20,24,16,4,21,13,23],[20,12,16,4,24,8,13],[24,4,16,20,12,8,13],[16,20,8,12,24,4,13],[12,8,20,24,4,16,13],[4,16,8,24,20,12,21,13,23],[8,24,12,20,4,16,13],[8,24,20,12,4,16,13],[20,12,8,24,16,4,13],[8,12,4,16,20,24,13],[24,20,8,16,4,12,21,13,15],[16,8,24,20,12,4,13],[16,24,8,4,20,12,13],[16,12,24,20,4,8,13],[20,8,24,4,16,12,13],[12,24,8,20,4,16,13],[8,24,4,20,12,16,21,13,23],[20,12,16,24,4,8,13],[12,8,20,16,24,4,13],[24,20,4,12,8,16,21,13,23],[4,24,8,12,16,20,21,13,23],[20,12,16,24,8,4,13],[12,8,4,20,24,16,13],[8,12,16,20,4,24,13],[8,4,20,16,12,24,21,13,23],[16,4,12,8,24,20,21,13,15],[20,16,12,24,8,4,21,13,15],[4,16,24,8,12,20,13],[16,8,12,20,24,4,21,13,23],[8,24,12,4,16,20,21,13,15],[4,16,20,12,24,8,21,13,23],[8,4,12,16,24,20,21,13,15],[12,24,8,16,4,20,13],[4,12,16,8,20,24,21,13,15],[12,20,8,4,24,16,21,13,15],[24,4,12,16,20,8,13],[16,4,12,24,8,20,13],[16,12,8,20,24,4,13],[12,16,4,8,20,24,13],[24,4,12,20,16,8,13],[8,20,12,16,4,24,21,13,23],[4,16,8,12,20,24,13],[24,16,8,20,4,12,21,13,23],[20,16,24,12,8,4,21,13,23],[12,16,20,4,24,8,13],[20,12,4,16,24,8,21,13,15],[12,16,24,4,8,20,13],[4,8,20,24,12,16,21,13,23],[24,4,20,16,12,8,13],[16,8,12,4,24,20,21,13,23],[20,12,16,4,24,8,21,13,15],[4,20,8,16,24,12,21,13,15],[16,12,4,8,20,24,13],[24,20,8,16,4,12,13],[8,4,24,20,16,12,21,13,23],[8,24,16,4,12,20,21,13,15],[4,8,12,20,16,24,21,13,15],[8,4,24,16,12,20,13],[12,24,4,20,8,16,21,13,15],[20,24,16,4,12,8,13],[8,4,24,12,16,20,13],[24,16,20,12,8,4,21,13,15],[12,16,20,4,24,8,13],[12,16,24,20,8,4,13],[24,8,16,20,4,12,13],[24,4,16,20,12,8,13],[12,16,24,8,4,20,21,13,23],[20,24,4,12,16,8,21,13,23],[4,12,8,16,20,24,13],[12,24,20,16,4,8,13],[16,4,8,24,20,12,21,13,23],[24,4,8,16,12,20,13],[16,20,8,4,24,12,21,13,23],[20,16,24,4,12,8,13],[4,12,8,20,24,16,13],[12,4,8,20,24,16,21,13,15],[24,12,8,20,4,16,13],[4,8,16,20,12,24,13],[12,24,16,8,20,4,13],[12,24,8,20,4,16,21,13,15],[20,12,24,16,4,8,21,13,15],[8,12,16,20,4,24,13],[12,8,4,20,24,16,13],[16,24,4,8,12,20,21,13,15],[12,4,16,24,8,20,13],[16,24,8,20,4,12,21,13,23],[12,16,20,4,24,8,13],[8,20,12,16,4,24,13],[20,12,24,16,4,8,13],[12,4,20,16,24,8,21,13,15],[8,24,20,16,12,4,13],[20,24,12,4,16,8,13],[12,8,16,4,24,20,13],[24,16,20,4,8,12,13],[16,8,24,20,4,12,21,13,15],[8,12,20,16,24,4,13],[24,16,20,12,4,8,21,13,23],[16,12,24,8,4,20,21,13,15],[20,8,16,4,24,12,21,13,15],[16,24,4,8,12,20,21,13,23],[8,16,4,12,20,24,21,13,23],[12,16,8,20,4,24,21,13,23],[16,20,4,8,12,24,21,13,23],[20,8,12,24,4,16,21,13,15],[8,16,24,4,20,12,21,13,15],[16,8,24,12,20,4,21,13,23],[24,16,20,12,8,4,21,13,23],[20,16,8,24,4,12,13],[8,12,4,24,20,16,13],[20,12,24,16,4,8,13],[20,8,4,12,16,24,13],[24,16,20,4,8,12,21,13,15],[16,24,12,8,20,4,13],[20,4,8,24,12,16,13],[20,12,24,4,8,16,13],[20,16,24,8,12,4,21,13,23],[16,24,12,8,4,20,13],[16,24,20,4,8,12,13],[20,12,24,4,8,16,21,13,23],[8,12,24,4,20,16,13],[4,12,8,20,16,24,13],[12,16,20,8,24,4,13],[16,24,4,20,8,12,13],[8,20,16,24,12,4,21,13,15],[4,16,20,8,24,12,13],[4,16,8,20,12,24,13],[12,24,8,20,16,4,21,13,15],[20,12,24,4,16,8,13],[16,20,12,24,4,8,21,13,15],[12,16,4,24,20,8,13],[20,4,12,8,24,16,13],[16,24,8,20,4,12,13],[16,8,20,12,4,24,21,13,23],[20,24,16,12,4,8,21,13,15],[16,24,8,20,12,4,13],[16,24,4,20,12,8,21,13,15],[16,12,20,24,8,4,13],[12,8,16,20,4,24,21,13,15],[16,8,24,20,4,12,13],[24,8,16,4,12,20,21,13,23],[20,4,24,12,8,16,21,13,23],[8,24,12,4,20,16,21,13,15],[8,4,12,16,24,20,21,13,23],[8,16,20,24,4,12,21,13,23],[12,4,20,8,16,24,13],[20,16,4,8,24,12,13],[12,4,24,8,20,16,21,13,15],[16,8,20,12,24,4,21,13,15],[12,20,4,24,16,8,21,13,15],[16,8,12,24,20,4,13],[24,8,4,20,16,12,21,13,23],[8,20,12,24,16,4,13],[12,24,8,20,4,16,21,13,23],[4,24,12,8,16,20,21,13,15],[8,16,20,4,24,12,21,13,15],[8,4,12,16,20,24,21,13,23],[16,8,12,24,4,20,13],[12,16,24,20,8,4,13],[12,8,24,20,16,4,21,13,15],[8,20,4,16,12,24,21,13,15],[24,4,20,8,12,16,13],[12,24,20,16,8,4,13],[16,12,20,8,4,24,21,13,23],[4,16,20,8,24,12,13],[24,12,4,20,16,8,13],[12,4,16,8,24,20,13],[24,20,8,16,4,12,13],[4,8,24,16,12,20,21,13,15],[16,8,12,24,20,4,13],[16,20,8,12,24,4,13],[12,8,16,24,4,20,21,13,15],[8,12,16,24,4,20,13],[12,16,8,20,24,4,13],[12,20,24,16,8,4,21,13,15],[20,24,16,12,8,4,21,13,23],[12,8,24,20,4,16,21,13,15],[20,4,16,12,24,8,21,13,23],[16,8,20,4,24,12,13],[20,12,8,4,24,16,21,13,15],[16,24,12,20,4,8,21,13,23],[12,8,16,24,20,4,21,13,23],[20,24,12,4,8,16,13],[16,12,24,20,8,4,13],[8,20,24,12,16,4,21,13,15],[12,8,24,4,16,20,13],[12,24,20,16,4,8,13],[4,12,24,8,16,20,21,13,23],[24,20,8,4,16,12,21,13,23],[4,12,20,16,8,24,21,13,15],[4,24,20,8,12,16,21,13,15],[20,4,16,24,12,8,13],[24,16,20,4,12,8,13],[16,4,24,8,12,20,13],[12,4,20,16,24,8,21,13,15],[12,24,20,16,8,4,13],[8,24,12,16,4,20,13],[8,24,16,20,12,4,21,13,15],[24,4,12,8,20,16,13],[8,24,12,4,16,20,21,13,15],[4,20,8,12,24,16,13],[4,20,8,24,12,16,13],[24,8,4,16,12,20,21,13,15],[16,12,24,8,20,4,21,13,15],[24,8,4,12,20,16,21,13,15],[24,20,12,4,16,8,13],[4,12,8,24,20,16,21,13,23],[16,12,8,4,24,20,21,13,23],[24,16,8,20,4,12,21,13,23],[20,24,4,16,8,12,13],[16,20,8,12,24,4,13],[4,8,20,16,12,24,21,13,15],[20,8,4,12,16,24,13],[4,20,12,24,8,16,21,13,23],[24,20,4,12,8,16,21,13,15],[8,12,16,4,20,24,21,13,15],[4,12,16,24,20,8,21,13,15],[16,20,8,12,24,4,13],[8,16,12,24,4,20,21,13,23],[8,4,16,24,20,12,13],[12,20,4,24,8,16,21,13,15],[24,12,20,16,4,8,13],[24,8,20,4,16,12,21,13,23],[8,4,20,16,12,24,21,13,15],[4,24,12,20,16,8,13],[20,16,24,8,4,12,21,13,15],[16,20,4,12,24,8,21,13,23],[16,4,8,12,24,20,13],[16,12,4,24,8,20,13],[20,16,24,8,4,12,21,13,23],[24,16,12,4,8,20,13],[16,20,12,8,24,4,21,13,23],[16,20,24,12,8,4,13],[4,8,20,12,24,16,21,13,23],[8,4,12,20,16,24,13],[16,20,4,8,24,12,13],[24,16,8,20,12,4,13],[12,4,8,16,24,20,13],[16,24,12,20,4,8,21,13,15],[16,4,8,20,24,12,13],[12,4,20,24,16,8,21,13,15],[8,4,24,20,16,12,21,13,23],[4,24,8,16,12,20,13],[24,16,8,20,4,12,13],[4,24,8,12,16,20,13],[4,16,8,20,12,24,21,13,15],[8,4,12,20,24,16,21,13,15],[12,8,16,20,24,4,21,13,15],[12,4,8,20,24,16,21,13,23],[12,8,20,4,16,24,13],[24,20,16,12,8,4,13],[16,20,12,8,24,4,21,13,23],[8,24,4,16,12,20,21,13,15],[24,4,16,8,12,20,21,13,23],[20,12,16,24,4,8,13],[20,24,16,12,4,8,21,13,15],[16,12,20,4,8,24,21,13,15],[12,24,8,4,16,20,21,13,15],[8,24,4,16,12,20,21,13,15],[12,4,20,16,8,24,13],[8,4,12,16,24,20,21,13,23],[24,20,4,16,8,12,21,13,15],[4,12,20,24,16,8,13],[12,20,4,8,16,24,13],[16,24,4,8,12,20,13],[20,16,24,4,12,8,21,13,15],[20,8,4,24,12,16,21,13,15],[4,24,12,8,16,20,13],[4,8,20,12,16,24,13],[4,24,20,8,12,16,13],[4,8,16,12,24,20,21,13,23],[12,8,4,16,24,20,13],[24,12,4,8,20,16,13],[24,12,16,8,20,4,21,13,23],[12,8,16,4,20,24,13],[12,16,24,20,4,8,13],[20,4,8,24,12,16,13],[12,8,20,16,24,4,21,13,15],[24,12,16,8,20,4,21,13,23],[8,16,24,20,4,12,21,13,15],[12,8,20,16,4,24,13],[4,16,20,12,24,8,21,13,23],[4,20,12,24,16,8,21,13,23],[16,20,8,4,12,24,21,13,15],[8,20,24,4,16,12,13],[12,24,8,16,20,4,13],[20,4,16,12,24,8,21,13,15],[16,4,24,8,12,20,13],[16,12,8,4,24,20,13],[12,8,24,16,4,20,21,13,23],[16,20,24,8,12,4,21,13,15],[24,16,4,8,20,12,13],[12,20,8,24,16,4,21,13,23],[4,16,8,12,24,20,21,13,23],[24,20,12,16,4,8,21,13,15],[16,20,4,8,24,12,13],[16,20,24,4,12,8,13],[4,16,8,20,24,12,13],[16,12,4,8,24,20,21,13,23],[4,12,24,16,8,20,21,13,15],[24,20,4,16,8,12,21,13,15],[24,4,16,12,20,8,21,13,15],[16,4,8,24,20,12,13],[12,16,8,24,20,4,13],[12,16,20,8,24,4,13],[24,4,8,16,12,20,21,13,23],[12,20,4,8,24,16,21,13,15],[24,16,4,12,20,8,21,13,23],[12,4,20,24,16,8,21,13,23],[24,12,8,16,20,4,21,13,23],[8,16,12,24,20,4,21,13,15],[16,12,4,24,8,20,13],[20,24,8,12,4,16,13],[8,4,16,20,12,24,21,13,15],[4,16,8,20,24,12,13],[24,4,20,16,12,8,13],[8,20,24,4,16,12,13],[20,24,16,4,12,8,13],[12,16,24,20,8,4,21,13,15],[20,8,4,12,24,16,13],[16,24,20,8,4,12,21,13,23],[8,12,4,20,16,24,13],[4,8,12,24,16,20,13],[24,4,16,20,12,8,13],[16,4,24,8,20,12,13],[20,12,4,24,16,8,21,13,15],[8,12,16,20,4,24,21,13,15],[24,4,20,12,8,16,13],[24,4,8,20,16,12,13],[8,24,4,12,16,20,13],[16,4,8,12,20,24,21,13,23],[20,24,16,12,8,4,21,13,23],[8,24,16,4,12,20,21,13,15],[8,12,24,20,16,4,21,13,23],[12,20,16,4,24,8,13],[8,24,16,4,12,20,21,13,23],[4,8,24,16,12,20,21,13,15],[12,4,8,20,16,24,21,13,15],[12,24,8,16,20,4,21,13,15],[16,12,4,20,24,8,13],[4,24,16,20,8,12,13],[4,24,12,20,16,8,21,13,15],[8,16,24,4,12,20,13],[8,24,4,12,20,16,13],[16,24,4,20,8,12,13],[4,16,24,12,8,20,21,13,23],[24,8,12,20,4,16,13],[4,8,20,16,24,12,13],[24,12,4,20,8,16,13],[24,20,12,16,8,4,21,13,23],[8,24,16,4,12,20,21,13,15],[4,8,24,20,16,12,13],[16,8,12,4,24,20,13],[4,12,20,24,8,16,21,13,15],[16,8,20,4,24,12,13],[12,20,8,4,16,24,21,13,15],[8,24,16,12,4,20,13],[24,16,20,4,12,8,21,13,15],[8,4,12,16,20,24,21,13,15],[4,20,12,16,24,8,21,13,23],[20,16,24,8,12,4,13],[12,20,4,16,24,8,21,13,23],[12,20,4,8,24,16,13],[24,20,12,8,4,16,13],[4,12,8,16,20,24,13],[20,12,4,24,8,16,21,13,15],[4,24,8,12,20,16,21,13,23],[20,4,16,8,24,12,21,13,15],[4,8,16,12,24,20,13],[4,8,20,24,16,12,21,13,15],[20,12,16,8,4,24,13],[16,24,8,4,20,12,21,13,15],[4,12,8,24,20,16,13],[20,4,24,8,12,16,21,13,23],[12,8,16,24,20,4,21,13,23],[20,4,24,8,12,16,21,13,23],[4,20,12,24,8,16,13],[4,8,20,16,12,24,13],[24,20,8,12,16,4,21,13,15],[12,8,20,4,24,16,21,13,15],[12,24,20,8,16,4,21,13,23],[24,4,12,20,16,8,21,13,23],[4,24,16,8,20,12,13],[16,4,8,12,24,20,13],[12,4,20,16,24,8,21,13,23],[12,16,4,20,24,8,21,13,23],[8,20,12,4,24,16,21,13,15],[8,20,4,24,16,12,21,13,23],[4,8,20,16,12,24,21,13,15],[8,4,20,16,24,12,21,13,15],[12,16,20,4,8,24,13],[20,8,24,12,4,16,21,13,15],[24,4,16,8,12,20,21,13,23],[12,16,4,20,8,24,21,13,15],[4,20,12,24,8,16,21,13,15],[12,24,16,4,8,20,13],[4,24,8,12,16,20,13],[24,4,20,12,16,8,13],[8,16,20,4,24,12,21,13,23],[12,4,8,16,24,20,13],[4,12,8,24,20,16,21,13,23],[20,4,12,16,24,8,13],[12,24,4,20,16,8,13],[12,24,8,20,16,4,21,13,23],[4,16,20,8,24,12,21,13,23],[20,12,24,16,4,8,13],[20,4,12,24,16,8,13],[16,24,20,8,4,12,21,13,15],[16,8,20,4,12,24,21,13,23],[24,12,20,8,4,16,13],[4,20,16,8,12,24,13],[20,16,12,4,8,24,21,13,15],[16,24,4,8,12,20,21,13,15],[16,8,12,24,4,20,21,13,23],[12,20,4,16,24,8,21,13,23],[12,8,20,4,16,24,13],[16,12,8,24,20,4,21,13,15],[24,16,8,12,4,20,21,13,23],[12,4,20,24,16,8,21,13,15],[4,20,24,16,8,12,13],[4,16,12,20,24,8,21,13,23],[8,4,16,24,20,12,21,13,15],[8,16,24,12,4,20,21,13,15],[20,24,4,16,12,8,21,13,23],[8,4,12,20,24,16,13],[20,16,12,8,4,24,21,13,23],[4,12,24,8,20,16,13],[20,12,16,8,4,24,21,13,23],[12,20,16,8,4,24,21,13,15],[8,4,24,12,20,16,21,13,15],[16,20,4,12,24,8,13],[8,20,12,16,24,4,21,13,15],[8,20,16,4,12,24,13],[4,20,24,8,16,12,13],[24,20,16,8,4,12,13],[16,4,12,24,8,20,21,13,23],[4,16,8,12,24,20,21,13,15],[4,24,20,16,8,12,21,13,15],[24,4,12,16,8,20,13],[24,8,4,16,20,12,21,13,15],[8,12,4,16,24,20,13],[12,16,24,8,4,20,13],[24,4,8,20,16,12,13],[24,12,16,4,20,8,13],[20,16,8,24,12,4,13],[20,12,24,8,4,16,13],[20,24,12,16,4,8,21,13,23],[8,16,20,12,24,4,21,13,23],[4,24,20,12,16,8,21,13,15],[12,24,16,20,8,4,13],[8,16,4,24,12,20,21,13,23],[24,4,20,12,16,8,21,13,15],[8,24,12,20,16,4,13],[20,16,12,8,4,24,13],[16,12,4,24,8,20,13],[8,16,20,12,24,4,21,13,15],[8,20,24,12,16,4,13],[4,24,16,12,20,8,21,13,15],[4,16,12,8,24,20,13],[12,20,16,8,24,4,21,13,15],[4,24,20,8,16,12,21,13,15],[12,8,20,16,24,4,13],[12,16,4,8,24,20,21,13,15],[16,4,20,8,24,12,21,13,15],[24,12,20,4,8,16,21,13,15],[8,12,4,16,24,20,21,13,23],[4,12,20,16,8,24,21,13,23],[12,16,20,4,8,24,13],[12,4,8,24,20,16,21,13,15],[20,12,16,8,24,4,13],[20,8,24,12,4,16,13],[16,20,8,24,4,12,21,13,15],[16,24,20,8,12,4,13],[12,20,24,4,16,8,21,13,23],[4,24,20,16,12,8,13]],"n_human":15}