{"problem_id":"kGPHmEdVDRHXI13","sigma":150,"alpha":1.000,"cost":1,"probabilities":"[0.06999999999999999, 0.52, 0.05, 0.36]","payoff_matrix":"[[151, -239, -166, -9, 78, 277], [-63, -51, -65, -202, 5, 70], [-180, 45, 175, 212, 174, 153], [78, -144, 60, 81, -269, 256]]","uncovered":[[6,10,14,18,2,22,20,24],[6,22,2,10,18,14,20,24],[22,14,6,2,18,10,24],[14,2,10,18,6,22,24],[6,18,22,2,14,10,24],[2,22,10,6,14,18,24],[6,22,2,10,14,18,20,24],[2,14,22,6,18,10,24],[10,6,2,18,22,14,24],[2,18,10,22,14,6,24],[22,2,10,18,14,6,20,8,4,24],[6,10,22,18,2,14,24],[6,22,18,2,10,14,20,8,24],[6,14,18,10,2,22,24],[22,14,2,18,6,10,24],[2,6,10,22,18,14,24],[14,2,22,18,6,10,24],[14,10,2,18,22,6,24],[14,2,22,18,10,6,20,8,24],[18,10,6,14,22,2,20,24],[22,6,14,2,18,10,20,24],[22,2,10,6,18,14,20,24],[14,22,18,2,10,6,20,8,4,24],[10,2,22,14,18,6,20,24],[14,2,10,22,6,18,24],[10,22,14,18,2,6,24],[22,2,10,6,18,14,20,8,24],[10,6,14,2,18,22,24],[6,22,10,14,18,2,20,8,4,24],[10,6,18,22,2,14,24],[22,18,10,6,2,14,24],[22,14,18,10,2,6,20,24],[6,2,18,22,10,14,24],[14,22,6,10,18,2,20,8,4,24],[2,22,6,18,14,10,24],[2,6,10,14,22,18,20,24],[14,18,6,22,2,10,24],[18,22,6,10,14,2,20,24],[2,22,18,6,10,14,20,8,4,24],[18,14,6,22,10,2,20,8,4,24],[6,2,22,18,10,14,20,8,4,24],[2,22,18,10,6,14,20,8,24],[18,10,2,14,22,6,24],[22,2,18,10,6,14,24],[6,18,10,2,22,14,20,24],[2,18,10,6,14,22,24],[2,22,6,10,18,14,20,8,4,24],[6,14,22,2,18,10,24],[14,18,2,22,10,6,20,8,24],[6,10,22,18,2,14,24],[10,6,14,2,18,22,20,8,4,24],[10,18,22,6,2,14,20,24],[18,14,6,2,22,10,20,8,24],[14,22,2,6,10,18,20,24],[22,14,10,6,18,2,24],[22,2,10,6,14,18,24],[10,18,22,2,6,14,20,8,24],[14,6,2,22,18,10,24],[22,6,2,10,14,18,24],[2,14,22,18,6,10,20,8,24],[2,14,22,10,18,6,24],[22,14,6,18,2,10,20,8,4,24],[2,6,14,10,18,22,24],[14,22,10,18,6,2,24],[18,14,22,6,2,10,20,8,4,24],[22,6,14,18,2,10,24],[22,18,14,6,10,2,24],[14,2,18,10,22,6,24],[2,10,18,22,14,6,24],[6,22,14,10,2,18,20,8,4,24],[14,6,22,10,2,18,20,24],[6,2,10,22,14,18,20,24],[22,10,18,6,14,2,20,8,4,24],[18,22,10,6,2,14,24],[6,14,10,18,22,2,24],[22,10,18,2,6,14,24],[18,22,2,6,10,14,24],[2,10,14,18,22,6,20,24],[18,22,10,6,2,14,20,8,4,24],[22,6,14,18,10,2,24],[2,10,6,14,22,18,24],[2,6,10,14,22,18,20,24],[14,18,10,6,2,22,20,24],[2,22,6,14,10,18,20,24],[10,18,6,22,14,2,20,8,4,24],[22,18,2,14,10,6,20,8,24],[10,22,18,6,2,14,24],[14,18,10,6,22,2,24],[6,18,10,2,14,22,24],[14,2,6,10,22,18,24],[18,22,2,6,14,10,20,24],[18,2,14,22,10,6,24],[2,22,10,14,6,18,24],[14,18,10,22,2,6,24],[2,22,10,14,6,18,20,8,4,24],[14,2,18,10,6,22,20,24],[6,14,10,2,22,18,24],[22,18,2,14,10,6,24],[6,22,10,14,18,2,20,24],[22,6,10,18,2,14,20,8,4,24],[10,6,14,2,18,22,24],[10,2,14,22,18,6,24],[6,2,14,10,18,22,20,24],[2,10,6,18,14,22,24],[6,18,2,22,14,10,20,24],[18,2,6,10,14,22,24],[6,10,18,14,2,22,20,8,4,24],[14,22,2,6,18,10,24],[14,10,18,6,22,2,20,24],[18,2,14,10,22,6,24],[18,6,10,2,22,14,24],[6,2,18,22,14,10,24],[14,18,22,6,10,2,24],[18,10,6,14,2,22,24],[10,6,2,14,22,18,20,8,24],[22,14,2,18,10,6,20,24],[22,10,2,18,14,6,20,24],[2,6,14,10,18,22,20,24],[22,10,6,2,14,18,20,8,4,24],[2,6,18,10,14,22,20,8,24],[22,10,14,2,18,6,20,24],[18,14,6,2,10,22,20,24],[10,2,22,18,14,6,20,8,4,24],[10,18,22,6,14,2,20,8,4,24],[6,18,2,14,10,22,20,24],[18,14,6,10,22,2,24],[18,10,14,6,2,22,24],[2,14,10,22,6,18,20,24],[2,10,18,6,22,14,24],[10,18,6,14,2,22,20,8,24],[14,6,2,18,22,10,20,8,24],[22,2,18,14,10,6,24],[18,14,2,22,6,10,24],[10,22,18,2,6,14,20,8,24],[6,22,2,14,10,18,24],[22,14,18,6,10,2,24],[18,14,6,22,2,10,20,24],[22,6,2,10,18,14,24],[6,22,14,10,18,2,24],[6,10,22,18,2,14,24],[10,18,22,14,6,2,20,8,4,24],[6,10,18,22,2,14,24],[14,18,10,2,22,6,24],[6,10,2,18,22,14,20,8,4,24],[2,22,14,6,10,18,24],[2,6,18,22,10,14,20,8,4,24],[22,6,14,10,18,2,24],[22,14,2,18,10,6,20,24],[18,22,2,6,10,14,20,24],[2,14,6,10,18,22,20,8,4,24],[14,6,2,18,10,22,24],[14,6,2,18,22,10,24],[10,22,18,2,6,14,24],[2,10,22,14,18,6,20,24],[2,6,10,22,14,18,20,24],[14,22,2,18,6,10,20,24],[18,14,6,2,22,10,24],[22,14,2,10,6,18,20,8,4,24],[14,10,6,22,2,18,24],[10,6,2,18,14,22,24],[18,14,6,10,2,22,20,24],[14,6,18,22,10,2,24],[10,14,6,22,18,2,20,24],[6,14,10,2,22,18,24],[6,22,18,14,2,10,24],[18,2,10,22,14,6,24],[14,18,2,22,10,6,20,8,4,24],[10,14,6,22,18,2,24],[14,18,2,22,6,10,20,8,24],[6,2,14,22,18,10,24],[2,14,18,6,10,22,24],[2,14,18,22,10,6,24],[2,22,14,18,10,6,24],[6,2,14,22,10,18,20,8,24],[18,22,14,6,10,2,24],[2,10,14,6,18,22,20,8,24],[14,2,22,6,18,10,20,8,4,24],[6,22,14,18,2,10,20,8,24],[22,10,18,6,14,2,24],[6,10,22,2,18,14,20,24],[2,10,22,14,6,18,24],[22,2,10,18,14,6,20,24],[10,22,14,2,18,6,20,24],[6,10,18,2,22,14,20,8,4,24],[14,18,22,2,10,6,24],[2,10,22,18,6,14,20,24],[14,18,2,10,22,6,20,24],[22,6,2,14,18,10,24],[6,2,22,10,18,14,24],[2,6,10,22,14,18,24],[22,10,2,14,18,6,20,24],[18,22,14,2,6,10,24],[22,14,10,18,2,6,20,8,24],[22,6,10,18,14,2,20,8,4,24],[6,18,14,10,2,22,20,24],[2,14,18,22,6,10,20,24],[2,10,22,18,14,6,20,8,4,24],[18,2,14,22,10,6,24],[18,6,2,10,14,22,20,24],[22,14,18,2,10,6,20,8,4,24],[14,18,6,10,22,2,24],[14,2,10,22,18,6,24],[22,6,14,2,18,10,24],[18,22,10,2,6,14,20,8,4,24],[6,2,10,14,18,22,24],[6,10,2,18,14,22,20,24],[10,18,2,6,14,22,20,8,4,24],[2,14,6,10,18,22,24],[6,14,22,10,2,18,20,8,4,24],[6,22,14,10,2,18,20,8,24],[14,6,22,10,18,2,24],[6,10,18,22,2,14,20,8,24],[14,6,18,10,2,22,24],[2,18,14,6,22,10,20,24],[14,2,6,18,10,22,20,24],[18,2,6,14,10,22,24],[14,22,18,2,10,6,20,8,4,24],[2,6,10,18,22,14,20,24],[22,18,2,10,6,14,20,24],[2,18,14,22,6,10,20,8,24],[18,2,14,22,10,6,20,24],[22,18,14,2,6,10,24],[18,14,22,6,2,10,24],[14,18,10,22,6,2,24],[6,14,2,10,22,18,24],[14,6,2,10,22,18,24],[2,14,22,18,10,6,24],[2,10,18,22,14,6,24],[14,6,2,10,22,18,20,8,24],[10,22,18,6,14,2,24],[2,6,22,10,18,14,20,8,24],[18,14,6,10,22,2,24],[18,2,10,6,14,22,24],[10,6,2,14,22,18,20,24],[18,2,14,22,10,6,24],[10,22,18,6,14,2,24],[14,18,6,22,10,2,20,8,4,24],[22,10,18,2,14,6,20,8,24],[2,18,6,14,10,22,24],[22,2,6,18,10,14,20,8,24],[2,14,22,18,6,10,24],[14,18,22,10,2,6,20,8,4,24],[2,10,22,14,6,18,24],[22,18,14,2,10,6,20,24],[22,10,14,6,2,18,20,8,4,24],[2,6,14,22,18,10,20,24],[6,10,18,2,14,22,24],[2,10,14,18,6,22,20,24],[10,2,14,22,6,18,20,24],[14,22,6,18,10,2,24],[2,10,6,18,22,14,24],[6,22,2,14,18,10,24],[14,2,18,22,10,6,24],[10,2,14,6,18,22,20,8,24],[10,2,22,6,18,14,20,24],[22,6,14,10,2,18,24],[22,10,6,18,14,2,20,8,24],[10,22,2,6,14,18,24],[10,6,2,18,22,14,24],[18,22,14,10,2,6,24],[22,10,2,6,14,18,24],[10,22,2,18,14,6,24],[14,2,6,10,22,18,24],[6,14,2,18,10,22,24],[14,10,2,22,6,18,24],[2,22,18,10,14,6,24],[22,6,14,18,10,2,20,24],[10,22,18,2,6,14,20,8,4,24],[6,22,10,14,2,18,20,8,24],[14,22,10,18,6,2,24],[14,2,18,22,10,6,20,24],[10,22,6,2,18,14,20,24],[2,6,18,10,22,14,24],[22,14,2,6,18,10,24],[6,22,14,18,10,2,20,8,4,24],[14,22,18,2,6,10,20,24],[6,10,18,14,22,2,24],[10,22,18,14,2,6,20,24],[22,6,2,14,18,10,20,24],[14,10,22,6,18,2,24],[2,22,14,6,18,10,24],[6,2,10,18,14,22,20,24],[14,18,10,6,2,22,24],[2,22,14,18,6,10,20,8,24],[18,10,14,22,6,2,20,8,24],[2,14,10,6,22,18,24],[10,22,14,6,2,18,24],[22,18,14,2,6,10,24],[10,18,22,6,2,14,24],[14,22,2,6,18,10,20,24],[14,6,18,10,22,2,24],[14,22,2,18,6,10,24],[2,14,22,10,6,18,24],[14,6,2,10,22,18,20,24],[6,14,18,2,22,10,24],[14,22,2,10,6,18,24],[10,18,14,2,22,6,20,8,24],[2,18,22,14,10,6,20,24],[18,10,22,6,2,14,24],[10,22,6,18,2,14,24],[14,6,10,18,22,2,24],[10,18,6,2,14,22,24],[22,14,2,10,18,6,20,24],[22,6,14,10,18,2,20,8,24],[22,18,14,10,2,6,24],[22,18,10,2,14,6,20,24],[18,2,22,14,6,10,24],[6,10,2,14,18,22,20,24],[10,14,2,6,18,22,24],[22,14,18,6,2,10,20,8,4,24],[18,22,2,6,14,10,24],[6,18,22,2,10,14,20,24],[10,14,2,22,18,6,20,8,4,24],[10,18,6,22,2,14,20,8,4,24],[18,2,14,10,6,22,20,24],[6,2,18,10,22,14,20,24],[10,2,6,22,14,18,24],[14,2,10,6,18,22,24],[14,22,18,10,2,6,24],[6,18,22,10,2,14,24],[6,2,22,14,10,18,20,8,4,24],[22,18,14,10,6,2,24],[14,2,10,6,18,22,20,24],[14,6,10,2,18,22,24],[18,22,6,2,14,10,20,8,4,24],[22,18,10,6,2,14,20,8,24],[2,22,18,6,10,14,24],[10,2,18,14,22,6,20,8,24],[2,22,10,6,14,18,20,8,24],[18,14,10,6,2,22,20,8,4,24],[10,2,18,22,14,6,24],[22,2,6,10,18,14,24],[22,10,2,14,6,18,24],[18,22,14,10,2,6,24],[2,10,22,18,6,14,20,24],[14,2,18,22,10,6,24],[22,10,2,6,18,14,24],[22,14,18,10,2,6,24],[6,10,2,18,14,22,24],[6,14,22,10,2,18,24],[22,6,14,2,10,18,24],[22,14,10,6,2,18,20,24],[14,10,6,18,2,22,20,8,24],[10,2,14,18,6,22,20,8,24],[2,6,18,14,22,10,20,8,24],[18,14,10,2,22,6,20,24],[2,6,22,18,10,14,20,8,4,24],[18,22,6,14,2,10,24],[14,18,6,10,22,2,24],[2,18,6,22,10,14,20,8,24],[2,22,18,14,10,6,24],[6,22,14,18,10,2,20,24],[6,14,10,22,2,18,24],[22,6,14,18,10,2,24],[14,6,18,10,22,2,24],[22,2,18,10,14,6,24],[6,14,18,2,10,22,20,8,24],[18,6,2,10,22,14,24],[6,2,22,10,18,14,20,24],[10,22,6,18,14,2,24],[22,10,2,14,18,6,20,24],[14,18,10,2,22,6,24],[18,14,10,22,6,2,20,24],[18,2,10,14,22,6,20,24],[6,10,2,14,18,22,20,8,24],[14,6,18,10,2,22,20,24],[10,14,2,6,18,22,20,8,24],[22,10,14,6,18,2,24],[6,10,14,18,2,22,20,8,4,24],[2,14,18,6,22,10,20,8,24],[14,10,2,22,18,6,20,24],[22,10,14,18,6,2,24],[6,2,22,10,14,18,24],[10,6,18,2,14,22,20,24],[10,22,14,6,2,18,20,8,4,24],[14,2,6,22,10,18,20,24],[18,10,22,14,6,2,20,24],[2,14,18,22,10,6,24],[6,14,2,22,18,10,20,8,4,24],[22,6,14,2,18,10,24],[10,2,18,14,6,22,20,8,24],[6,18,2,10,14,22,20,24],[2,14,22,18,10,6,24],[10,2,22,18,6,14,20,8,4,24],[6,22,18,2,10,14,20,8,24],[14,22,2,10,6,18,20,24],[2,10,22,18,6,14,24],[10,14,18,22,6,2,24],[18,22,6,2,10,14,20,24],[10,14,22,2,18,6,20,24],[22,18,2,14,6,10,20,24],[6,2,18,10,14,22,20,8,4,24],[14,18,6,10,22,2,20,24],[6,22,18,14,2,10,24],[22,2,14,18,10,6,20,24],[6,18,14,2,10,22,20,8,4,24],[2,22,14,10,18,6,20,8,24],[2,10,18,14,6,22,24],[18,10,22,14,2,6,24],[18,22,6,10,14,2,24],[10,2,18,6,14,22,20,24],[22,6,2,14,18,10,20,24],[10,22,14,2,6,18,20,24],[10,2,6,18,22,14,24],[22,14,2,6,10,18,24],[6,2,10,22,18,14,24],[6,18,22,2,14,10,24],[22,10,2,14,18,6,20,24],[2,6,10,18,14,22,24],[10,18,22,2,14,6,20,24],[6,10,2,18,22,14,24],[10,22,2,18,6,14,24],[14,2,22,10,6,18,24],[6,14,10,22,18,2,24],[22,6,10,2,14,18,20,24],[18,10,2,6,22,14,24],[6,18,10,14,22,2,20,8,24],[18,10,2,14,6,22,24],[10,6,14,2,22,18,20,8,4,24],[6,22,18,14,2,10,20,8,24],[6,22,18,2,14,10,24],[6,18,2,10,22,14,20,24],[22,2,18,6,10,14,20,8,4,24],[10,6,14,18,22,2,20,24],[10,6,18,22,14,2,20,24],[6,10,2,18,14,22,24],[22,10,6,18,2,14,24],[18,22,6,10,2,14,20,8,24],[22,18,6,14,10,2,20,8,24],[2,6,10,22,18,14,24],[18,6,14,22,2,10,24],[10,2,6,18,14,22,24],[10,2,22,6,18,14,20,24],[22,10,14,18,6,2,20,8,4,24],[6,10,2,22,14,18,24],[14,10,6,2,18,22,24],[2,18,22,10,14,6,24],[14,18,22,10,6,2,24],[18,10,6,22,14,2,20,24],[6,2,22,18,14,10,20,8,4,24],[18,10,14,22,6,2,20,24],[10,18,6,22,14,2,20,8,24],[14,22,18,6,10,2,20,24],[2,14,22,10,18,6,24],[2,22,18,10,14,6,24],[18,2,22,14,10,6,20,24],[10,22,6,18,14,2,24],[6,2,10,18,22,14,20,8,24],[14,10,6,22,2,18,20,24],[2,14,18,6,22,10,20,24],[6,10,22,14,18,2,20,8,24],[18,22,10,6,2,14,24],[14,6,18,10,2,22,20,24],[10,22,18,2,6,14,24],[14,22,2,18,10,6,20,24],[6,18,2,10,14,22,24],[6,22,10,18,2,14,20,24],[18,2,10,6,14,22,20,24],[18,2,6,22,10,14,24],[10,22,6,18,2,14,20,24],[6,18,22,14,10,2,24],[18,2,14,6,10,22,24],[18,6,22,2,10,14,24],[6,18,22,10,2,14,24],[14,22,18,10,2,6,24],[18,14,22,2,10,6,24],[14,10,18,2,22,6,24],[6,10,14,18,2,22,20,8,24],[14,10,22,18,2,6,20,8,4,24],[2,10,18,22,14,6,20,8,4,24],[2,22,6,14,18,10,20,24],[6,18,14,2,10,22,24],[10,22,18,6,2,14,24],[2,6,22,18,14,10,24],[10,6,2,14,22,18,24],[18,22,2,14,10,6,24],[22,6,10,14,2,18,24],[18,6,2,14,10,22,24],[2,22,18,14,6,10,24],[22,18,14,10,6,2,20,8,4,24],[10,6,22,18,2,14,20,8,4,24],[18,14,22,10,6,2,24],[10,6,14,18,22,2,20,24],[10,6,18,2,22,14,20,24],[22,6,2,14,18,10,24],[2,14,22,6,18,10,20,8,24],[10,18,22,6,2,14,24],[14,10,22,6,18,2,20,24],[6,14,2,10,18,22,20,24],[14,2,10,6,22,18,24],[10,22,6,2,14,18,20,24],[10,14,18,2,6,22,24],[2,10,18,6,14,22,24],[10,22,18,6,14,2,24],[18,6,22,10,14,2,20,24],[2,18,10,22,6,14,20,8,4,24],[18,22,14,6,2,10,20,24],[22,18,14,2,6,10,20,24],[14,2,22,6,10,18,24],[10,14,22,18,6,2,24],[10,22,2,18,14,6,24],[2,14,22,10,18,6,24],[22,6,10,2,18,14,20,24],[10,18,14,22,2,6,20,8,4,24],[22,6,2,14,10,18,24],[10,2,6,18,22,14,24],[18,22,10,14,6,2,20,8,4,24],[2,6,18,14,22,10,20,8,4,24],[14,10,18,2,22,6,20,8,4,24],[2,6,18,22,10,14,20,8,24],[6,14,18,22,10,2,24],[10,6,2,22,18,14,20,8,4,24],[2,22,6,18,10,14,20,24],[2,6,22,10,18,14,24],[10,2,14,6,18,22,24],[22,10,6,18,2,14,24],[2,6,18,14,22,10,20,24],[2,14,18,10,22,6,24],[6,10,22,14,18,2,20,24],[10,14,22,18,2,6,24],[18,14,6,10,22,2,20,8,4,24],[6,22,10,18,14,2,20,24],[6,18,2,10,14,22,20,24],[6,14,22,10,18,2,20,8,4,24],[14,10,22,18,6,2,20,8,4,24],[22,6,10,2,14,18,20,8,4,24],[6,2,22,14,10,18,24],[2,6,10,18,22,14,24],[22,10,2,6,14,18,20,24],[18,2,6,22,10,14,24],[2,22,14,6,18,10,20,24],[22,6,18,10,2,14,24],[18,2,14,10,22,6,24],[2,18,22,14,10,6,20,24],[2,18,14,6,22,10,24],[22,10,14,18,6,2,20,8,4,24],[18,14,6,22,2,10,20,24],[10,2,14,18,22,6,20,24],[22,14,10,6,2,18,24],[2,22,18,6,14,10,24],[6,22,18,2,14,10,20,8,24],[14,6,18,10,22,2,20,24],[14,10,18,2,6,22,24],[2,14,18,10,22,6,24],[18,14,22,2,6,10,24],[10,2,6,18,22,14,24],[2,6,14,10,18,22,20,8,24],[14,22,18,2,6,10,20,24],[18,6,14,2,10,22,20,24],[6,18,2,22,10,14,24],[14,2,22,6,10,18,24],[2,22,14,18,6,10,24],[14,18,6,10,2,22,20,24],[6,10,14,18,22,2,20,8,24],[6,2,18,14,22,10,20,24],[14,22,10,6,2,18,24],[18,6,22,14,10,2,24],[14,22,6,18,2,10,24],[14,22,6,10,2,18,24],[6,14,18,10,2,22,24],[18,22,10,6,2,14,20,24],[18,22,14,2,6,10,24],[18,10,22,14,2,6,20,24],[6,10,22,14,2,18,20,8,24],[14,2,22,10,6,18,24],[10,6,22,14,2,18,20,24],[10,14,2,22,18,6,20,24],[22,6,2,18,14,10,24],[14,6,10,2,18,22,24],[6,22,10,14,2,18,24],[2,14,10,18,22,6,24],[14,22,6,18,10,2,24],[18,2,14,22,10,6,24],[2,10,14,6,22,18,20,8,4,24],[18,6,14,2,22,10,20,24],[22,18,10,2,14,6,24],[18,10,14,2,22,6,20,8,4,24],[14,2,6,22,18,10,24],[6,14,2,10,22,18,20,8,24],[2,6,22,14,10,18,20,8,4,24],[18,10,6,2,14,22,24],[22,10,18,14,6,2,20,8,24],[18,10,22,14,2,6,24],[6,22,18,10,14,2,20,8,4,24],[14,6,22,2,10,18,24],[6,10,22,18,14,2,20,8,4,24],[18,22,14,10,6,2,24],[14,6,2,22,18,10,24],[18,22,10,6,14,2,20,24],[14,22,2,6,18,10,24],[10,2,22,18,14,6,24],[2,18,6,10,22,14,20,8,4,24],[14,10,6,2,18,22,20,24],[2,6,22,10,14,18,24],[22,14,6,18,2,10,20,8,24],[2,14,10,22,6,18,24],[22,2,6,10,14,18,24],[22,10,14,6,18,2,20,24],[14,18,10,6,22,2,20,8,24],[10,22,14,6,18,2,24],[10,22,18,2,14,6,24],[22,10,6,14,18,2,20,8,24],[22,14,10,18,2,6,24],[10,6,18,22,14,2,24],[18,6,10,14,22,2,20,24],[2,10,18,14,6,22,20,8,24],[2,6,18,22,10,14,20,24],[18,10,6,14,22,2,24],[14,2,10,18,6,22,20,8,24],[6,10,18,2,22,14,20,8,4,24],[10,6,22,18,14,2,20,8,4,24],[18,10,2,14,22,6,24],[22,14,6,18,10,2,20,8,24],[14,18,2,6,22,10,20,24],[18,6,14,22,2,10,24],[14,22,10,18,2,6,24],[18,2,22,14,10,6,24],[10,18,22,6,2,14,24],[22,2,10,14,18,6,20,8,4,24],[18,22,14,10,2,6,20,8,4,24],[14,6,10,22,18,2,24],[22,14,2,18,10,6,20,8,24],[22,18,10,6,2,14,24],[6,18,2,14,10,22,24],[22,10,2,6,14,18,24],[18,10,2,22,14,6,20,24],[2,18,14,22,10,6,24],[18,22,2,14,6,10,20,8,4,24],[22,18,10,6,14,2,24],[14,2,22,6,10,18,20,8,24],[2,22,18,10,6,14,24],[10,6,22,18,2,14,24],[18,2,22,6,10,14,20,8,24],[10,6,18,14,22,2,24],[6,2,14,10,22,18,24],[10,6,18,22,14,2,24],[10,14,18,6,2,22,20,8,24],[22,14,2,10,18,6,24],[14,10,18,6,2,22,24],[14,2,22,18,6,10,24],[10,2,6,14,18,22,20,24],[18,2,14,10,22,6,24],[14,22,18,6,10,2,24],[14,22,18,2,6,10,24],[2,14,18,22,10,6,20,8,4,24],[14,10,18,6,22,2,20,24],[10,14,22,2,18,6,24],[2,10,18,14,22,6,20,24],[14,22,10,2,6,18,20,24],[6,2,10,18,14,22,20,8,24],[18,22,2,6,14,10,24],[18,6,2,22,14,10,24],[2,18,14,6,22,10,20,24],[14,6,10,18,22,2,24],[18,14,10,6,22,2,20,8,24],[2,14,22,6,10,18,24],[6,10,14,2,18,22,20,24],[14,6,2,10,22,18,20,8,4,24],[14,6,18,22,2,10,24],[18,14,10,6,2,22,20,24],[22,2,10,18,14,6,20,8,24],[14,10,2,6,22,18,24],[10,18,2,14,22,6,24],[18,2,14,22,10,6,24],[10,14,18,2,6,22,20,24],[10,6,18,14,2,22,24],[14,6,2,10,18,22,24],[6,22,2,18,14,10,24],[6,22,2,18,14,10,24],[10,6,14,2,22,18,24],[2,18,14,10,6,22,24],[18,6,22,10,2,14,20,8,24],[14,18,22,6,2,10,20,8,4,24],[18,6,14,22,2,10,20,8,4,24],[14,18,6,10,2,22,20,24],[14,6,22,2,10,18,24],[10,2,6,14,22,18,20,8,24],[6,14,2,18,10,22,24],[10,6,14,22,2,18,20,8,24],[10,14,22,6,18,2,24],[6,14,10,22,18,2,20,8,4,24],[18,6,2,10,14,22,20,24],[6,10,2,22,18,14,24],[14,22,6,2,18,10,24],[6,22,18,10,14,2,24],[2,18,10,6,14,22,24],[18,2,14,6,10,22,20,8,4,24],[6,14,22,2,10,18,20,24],[6,10,2,14,22,18,24],[6,14,10,18,2,22,20,8,4,24],[14,10,6,18,2,22,20,24],[14,6,2,10,22,18,24],[10,14,18,22,6,2,24],[22,14,2,6,18,10,20,24],[6,14,22,10,2,18,20,8,24],[6,22,10,2,14,18,24],[14,6,2,10,22,18,20,8,24],[18,2,6,22,10,14,20,8,24],[6,22,18,10,14,2,24],[2,6,14,22,18,10,20,24],[22,14,10,6,18,2,20,8,24],[14,2,22,18,10,6,20,8,24],[6,18,10,22,14,2,20,24],[14,6,10,2,22,18,20,24],[10,14,6,22,2,18,20,24],[14,2,10,18,22,6,20,24],[14,22,10,18,6,2,20,24],[18,14,10,22,6,2,24],[22,18,14,10,6,2,20,8,24],[2,14,18,22,6,10,24],[18,14,2,6,22,10,20,8,4,24],[14,22,10,6,2,18,24],[6,18,2,10,14,22,20,24],[6,10,2,18,14,22,24],[2,6,10,14,18,22,20,8,4,24],[10,2,6,18,22,14,20,24],[10,14,2,6,18,22,24],[14,6,2,10,18,22,24],[6,14,2,10,18,22,24],[6,2,10,22,18,14,24],[14,22,18,2,10,6,20,8,4,24],[14,18,6,22,10,2,24],[14,2,10,18,22,6,24],[14,2,6,22,10,18,24],[2,14,18,6,22,10,24],[6,14,10,22,18,2,24],[18,10,14,22,6,2,20,24],[14,2,18,6,22,10,20,8,4,24],[6,22,2,18,14,10,20,24],[14,10,18,6,2,22,20,24],[6,2,22,14,18,10,20,8,4,24],[6,10,18,14,22,2,20,24],[18,6,10,22,2,14,20,24],[14,10,2,22,18,6,20,24],[14,10,2,18,22,6,24],[6,14,18,2,10,22,24],[10,22,14,6,18,2,24],[18,2,22,10,6,14,24],[18,2,6,22,14,10,20,24],[22,14,10,2,18,6,24],[6,22,10,18,2,14,24],[10,2,6,18,14,22,20,24],[22,2,10,18,14,6,24],[14,18,6,2,10,22,24],[10,6,14,22,2,18,20,24],[2,10,14,6,22,18,24],[22,10,18,2,14,6,24],[6,22,18,10,14,2,20,24],[18,6,10,2,14,22,24],[2,22,6,14,10,18,24],[22,14,2,10,6,18,20,24],[2,6,22,10,14,18,24],[2,22,10,14,18,6,24],[18,10,6,2,22,14,24],[22,18,6,10,2,14,20,24],[22,18,10,6,14,2,20,24],[22,6,18,10,14,2,20,24],[22,18,14,6,2,10,24],[22,14,18,6,2,10,20,24],[18,2,14,22,6,10,24],[22,14,10,6,2,18,24],[22,10,18,14,6,2,20,8,24],[2,22,18,6,10,14,20,8,24],[2,6,10,22,18,14,20,8,24],[22,2,14,18,6,10,24],[22,2,6,18,14,10,20,8,24],[22,2,10,18,6,14,20,24],[14,2,18,22,6,10,24],[6,14,2,22,10,18,20,8,4,24],[18,10,2,22,14,6,24],[14,10,22,2,6,18,24],[6,14,18,22,10,2,20,24],[14,22,10,18,6,2,20,24],[10,2,6,22,14,18,20,24],[18,10,14,2,22,6,20,24],[6,22,2,18,14,10,24],[2,10,18,22,14,6,24],[18,22,2,6,14,10,24],[10,6,18,14,22,2,20,24],[2,18,6,22,10,14,24],[18,22,10,14,2,6,20,8,4,24],[14,6,2,18,10,22,20,24],[6,18,2,14,10,22,24],[22,6,2,14,18,10,24],[14,6,10,2,22,18,24],[10,18,2,14,6,22,20,24],[2,6,14,10,18,22,24],[6,18,14,10,22,2,20,8,4,24],[14,22,10,18,6,2,24],[18,10,2,6,22,14,20,8,4,24],[2,22,6,10,18,14,24],[18,14,22,6,2,10,20,24],[22,6,2,18,10,14,24],[2,10,18,6,22,14,24],[6,10,14,2,18,22,20,8,4,24],[2,22,18,10,14,6,20,24],[6,10,18,2,22,14,20,24],[14,22,18,10,2,6,24],[10,6,14,18,2,22,24],[10,14,6,2,22,18,24],[22,2,10,6,14,18,24],[22,18,10,14,2,6,20,8,4,24],[10,6,14,2,22,18,24],[18,14,22,10,6,2,24],[22,14,2,6,10,18,20,8,24],[2,22,10,18,14,6,24],[22,2,18,10,6,14,20,8,24],[22,6,2,18,14,10,24],[2,18,14,22,10,6,24],[22,2,6,14,18,10,24],[18,22,14,10,2,6,20,8,24],[6,14,22,2,18,10,20,24],[14,18,10,2,22,6,24],[2,22,18,6,14,10,20,8,4,24],[22,18,6,14,10,2,20,8,24],[14,6,18,2,22,10,24],[14,2,6,22,18,10,24],[10,22,14,6,18,2,20,8,24],[22,6,2,14,10,18,24],[10,6,22,2,18,14,20,8,4,24],[14,22,10,6,18,2,24],[22,14,2,10,18,6,24],[18,6,14,2,22,10,24],[14,18,6,2,10,22,20,24],[14,18,22,10,2,6,20,24],[10,14,18,2,6,22,20,8,4,24],[6,14,18,10,2,22,24],[14,6,18,2,10,22,24],[18,14,22,2,6,10,20,8,4,24],[6,18,22,14,10,2,20,24],[18,14,2,6,10,22,20,8,24],[14,22,2,18,10,6,24],[6,18,14,22,2,10,20,8,24],[14,2,22,18,6,10,20,24],[18,22,14,6,10,2,20,8,24],[2,22,10,18,6,14,24],[10,2,18,22,14,6,24],[18,14,2,6,10,22,20,24],[6,10,14,2,18,22,20,24],[6,14,2,18,10,22,24],[18,14,2,6,10,22,24],[6,10,2,14,18,22,24],[6,18,14,10,22,2,20,24],[18,22,10,6,2,14,24],[6,14,10,2,22,18,20,24],[6,14,10,18,2,22,20,24],[10,2,14,22,18,6,24],[14,6,22,10,2,18,20,24],[10,6,2,14,18,22,24],[18,2,6,14,22,10,24],[2,6,10,14,18,22,24],[10,14,2,22,6,18,24],[18,10,2,6,22,14,24],[10,18,2,22,6,14,20,24],[14,18,22,10,6,2,24],[14,22,10,18,6,2,20,24],[10,2,18,14,22,6,24],[14,10,18,2,22,6,24],[18,6,2,22,14,10,24],[2,18,6,22,10,14,24],[2,10,22,18,14,6,24],[2,22,14,6,10,18,24],[14,10,6,18,2,22,24],[18,14,22,2,6,10,24],[14,18,6,2,10,22,20,24],[2,22,14,6,18,10,24],[18,6,22,14,2,10,20,24],[22,2,10,18,14,6,24],[18,6,2,22,14,10,24],[14,6,2,18,22,10,24],[22,6,18,10,2,14,24],[22,10,6,14,2,18,20,8,24],[2,14,22,10,18,6,24],[2,22,10,14,6,18,20,24],[10,18,2,22,14,6,20,8,4,24],[6,14,10,18,2,22,20,8,24],[14,2,18,10,22,6,24],[6,2,18,14,10,22,24],[14,10,6,2,18,22,20,24],[10,2,18,6,14,22,24],[18,14,6,22,2,10,24],[6,18,10,2,14,22,20,8,4,24],[6,2,18,22,14,10,20,8,4,24],[2,6,18,14,10,22,24],[6,22,14,2,18,10,24],[10,14,6,22,2,18,20,24],[18,2,10,6,14,22,24],[18,10,6,2,14,22,20,8,4,24],[2,18,6,10,22,14,24],[14,18,2,10,22,6,20,8,24],[10,14,2,18,6,22,20,24],[10,22,14,2,18,6,24],[14,2,22,6,18,10,24],[18,6,22,10,2,14,20,24],[22,18,6,10,14,2,20,8,24],[14,22,6,10,2,18,20,24],[10,2,14,22,6,18,20,24],[14,22,2,18,6,10,24],[22,2,6,10,14,18,24],[22,10,2,14,6,18,24],[6,18,10,22,2,14,24],[6,10,18,2,22,14,24],[6,14,22,10,2,18,24],[14,2,6,22,18,10,20,8,4,24],[18,10,14,22,2,6,24],[22,6,2,10,14,18,20,24],[2,10,18,6,14,22,24],[14,2,10,18,6,22,24],[22,18,6,10,2,14,20,24],[22,6,10,2,18,14,20,8,24],[6,18,22,10,2,14,20,8,4,24],[14,10,6,2,22,18,24],[22,14,2,10,6,18,20,8,24],[2,14,6,22,10,18,20,8,4,24],[22,10,14,2,6,18,20,8,4,24],[2,14,18,22,10,6,24],[18,10,14,6,2,22,20,24],[22,2,14,6,18,10,20,8,24],[2,10,22,6,14,18,20,8,24],[10,14,2,6,18,22,20,8,24],[6,14,18,22,2,10,20,8,24],[18,2,14,22,6,10,24],[2,18,6,22,14,10,20,24],[10,14,18,22,6,2,24],[10,6,2,18,22,14,20,24],[14,22,6,2,10,18,24],[14,10,2,18,6,22,20,24],[18,10,6,22,14,2,20,8,4,24],[18,2,6,14,22,10,20,8,24],[2,18,22,10,6,14,24],[2,6,14,10,18,22,24],[18,14,2,10,22,6,24],[14,18,22,2,6,10,24],[18,6,10,22,2,14,20,8,24],[18,10,22,6,14,2,24],[18,14,2,10,22,6,24],[14,10,6,18,22,2,24],[22,18,10,2,6,14,20,8,24],[6,22,18,10,2,14,24],[22,10,14,2,6,18,24],[2,14,10,18,6,22,24],[22,14,2,6,18,10,20,8,24],[6,18,10,22,14,2,20,8,24],[18,10,2,14,22,6,20,24],[10,2,18,22,14,6,20,24],[22,6,18,14,10,2,20,24],[2,18,22,14,6,10,24],[22,6,10,14,18,2,24],[22,14,10,6,2,18,20,24],[6,22,10,2,18,14,20,8,24],[10,6,2,18,22,14,20,8,24],[14,18,10,2,6,22,20,24],[14,6,10,18,22,2,20,24],[18,22,14,2,10,6,24],[22,10,2,18,14,6,20,8,24],[10,6,18,14,2,22,20,8,24],[22,2,18,10,6,14,20,8,24],[2,22,14,10,6,18,24],[22,6,14,2,18,10,24],[14,10,22,6,2,18,20,8,4,24],[18,2,10,14,22,6,20,8,24],[10,6,14,22,2,18,20,8,4,24],[14,22,6,2,10,18,20,8,24],[6,10,18,14,2,22,24],[10,18,2,14,22,6,20,24],[22,10,2,6,18,14,24],[10,14,18,6,2,22,20,24],[6,18,22,2,14,10,24],[10,6,14,2,22,18,20,24],[2,18,6,10,14,22,20,8,24],[6,22,10,2,14,18,24],[10,22,6,18,2,14,20,24],[10,18,2,22,6,14,24],[6,18,22,14,10,2,24],[2,6,22,14,18,10,20,24],[10,18,2,6,14,22,20,24],[18,2,22,14,6,10,20,24],[22,14,10,18,2,6,20,24],[2,6,22,14,10,18,20,24],[2,14,6,18,22,10,24],[14,6,18,22,10,2,24],[10,2,6,22,18,14,20,8,24],[6,14,10,22,18,2,24],[22,2,10,18,14,6,24],[10,22,6,2,18,14,24],[22,14,2,10,6,18,20,8,24],[10,22,18,2,6,14,24],[14,22,10,18,2,6,24],[22,2,18,6,10,14,20,8,24],[22,18,6,10,2,14,20,8,24],[18,2,10,14,22,6,20,24],[2,22,18,6,14,10,24],[2,22,10,14,6,18,20,24],[10,2,6,22,18,14,20,24],[22,18,14,2,6,10,24],[14,10,6,22,2,18,20,8,4,24],[14,22,18,10,6,2,20,24],[22,2,18,6,10,14,24],[6,14,10,18,2,22,20,8,4,24],[6,14,22,18,10,2,20,24]],"n_human":14}