{"problem_id":"MtkVn2551TNSmp0","sigma":150,"alpha":10.000,"cost":0,"probabilities":"[0.24, 0.14, 0.41, 0.21]","payoff_matrix":"[[-242, -50, 91, -244, -196, 134], [261, -212, -159, 24, -229, 97], [94, 93, 190, -9, 178, 78], [-96, 64, -20, 71, 7, -113]]","uncovered":[[3,15,23,21,1,19,17,7,5,11,9,24],[7,3,5,15,11,23,19,17,1,9,21,12,24],[3,11,7,15,23,19,17,9,1,5,21,12,24],[3,23,1,19,11,9,17,15,7,5,21,24],[11,19,17,15,23,3,7,1,9,5,21,24],[15,11,7,19,17,23,3,9,5,1,21,24],[19,15,3,23,11,9,17,7,5,1,21,24],[11,3,15,23,19,9,17,7,5,1,21,12,24],[11,23,3,15,7,19,17,1,9,5,21,24],[23,19,15,11,17,3,7,9,1,5,21,24],[19,15,11,9,17,7,3,23,1,5,21,12,24],[15,3,11,19,17,7,23,9,5,1,21,24],[19,23,15,3,7,11,9,17,1,5,21,12,24],[23,15,11,7,19,9,17,3,5,1,21,24],[7,19,3,15,23,11,9,17,5,1,21,24],[7,19,23,11,9,17,3,15,1,5,21,12,24],[3,23,1,19,7,11,17,15,5,9,21,24],[15,19,23,7,11,9,17,3,5,1,21,24],[19,11,9,17,15,23,7,3,1,5,21,24],[11,7,19,9,17,3,15,23,5,1,21,24],[23,3,21,1,19,17,11,9,12,24,7,15],[3,19,11,9,17,7,23,15,1,5,21,12,24],[23,7,5,3,1,19,11,17,15,9,21,24],[19,3,7,11,17,23,15,5,1,21,9,12,24],[11,15,3,7,23,19,17,9,1,5,21,12,24],[3,7,1,23,21,5,15,11,9,12,24,19,17],[19,7,15,23,11,17,3,9,1,5,21,24],[3,23,21,1,19,17,7,5,11,9,24,15],[11,7,23,3,19,9,17,15,5,1,21,24],[15,3,23,1,19,7,11,17,9,5,21,12,24],[11,15,19,9,17,23,3,7,5,1,21,12,24],[3,15,7,5,19,23,11,17,1,21,9,12,24],[19,7,3,23,11,9,17,15,1,5,21,12,24],[7,11,19,17,23,15,3,9,1,5,21,12,24],[11,7,23,19,9,17,3,15,5,1,21,12,24],[19,15,23,7,11,9,17,3,1,5,21,24],[11,23,3,19,9,17,7,15,1,5,21,12,24],[11,23,3,7,15,19,17,9,5,1,21,12,24],[3,7,1,15,23,5,19,11,9,17,21,12,24],[23,7,5,15,3,1,11,19,17,9,21,12,24],[7,19,11,17,15,3,23,1,9,21,12,24],[11,23,15,19,9,17,7,3,1,5,21,12,24],[15,11,7,3,23,19,9,17,5,1,24],[19,11,17,15,7,3,23,9,5,1,21,24],[11,19,9,17,23,7,3,15,1,5,21,24],[19,15,11,17,3,7,23,1,9,5,21,24],[15,23,19,3,7,11,17,1,5,9,21,24],[19,23,15,11,17,7,3,9,5,1,21,24],[7,11,19,17,3,23,15,1,9,5,21,24],[23,3,21,1,15,11,9,24,19,17,7,5],[11,3,23,15,19,9,17,7,1,5,21,24],[7,15,19,11,17,3,23,9,1,5,21,12,24],[19,15,11,17,3,23,7,9,1,5,21,12,24],[19,7,15,23,3,11,17,9,1,5,21,24],[23,3,1,15,7,21,5,19,17,11,9,24],[7,19,15,23,11,9,17,3,1,5,21,24],[11,7,23,15,19,9,17,3,1,5,21,12,24],[23,15,19,7,11,9,17,3,5,1,21,24],[3,23,1,7,21,5,11,9,12,24,19,17,15],[15,19,23,3,7,11,17,1,5,21,9,12,24],[7,3,1,15,23,21,5,19,17,11,9,24],[23,15,11,3,19,17,7,1,9,5,21,24],[3,15,23,1,19,11,9,17,7,5,21,24],[15,11,3,7,19,9,17,23,5,1,21,24],[19,7,11,9,17,23,15,3,5,1,21,12,24],[23,7,21,5,19,17,11,9,12,24,3,15,1],[3,15,23,21,1,11,9,12,24,19,17,7],[19,7,15,23,3,11,9,17,5,1,21,12,24],[15,11,23,7,19,9,17,3,1,5,21,12,24],[11,3,23,15,7,19,17,1,5,9,21,12,24],[15,19,3,23,11,9,17,7,5,1,21,12,24],[3,23,1,7,5,19,11,17,15,21,9,24],[3,23,1,19,15,11,9,17,7,5,21,24],[11,23,15,7,3,19,17,1,5,21,9,12,24],[7,19,15,3,11,9,17,23,1,5,21,24],[3,11,15,19,9,17,7,23,1,5,21,24],[15,23,11,19,9,17,7,3,1,5,21,12,24],[15,23,7,5,19,11,17,3,1,9,21,12,24],[15,23,3,21,1,7,5,19,17,11,9,12,24],[3,23,1,7,5,19,11,9,17,15,21,12,24],[23,7,21,5,3,1,15,19,17,11,9,24],[7,15,3,5,23,1,11,19,17,21,9,24],[11,7,19,17,23,3,15,1,5,9,21,12,24],[7,15,3,1,23,21,5,11,9,24,19,17],[19,3,15,23,11,17,7,1,5,21,9,12,24],[3,19,11,9,17,23,7,15,1,5,21,12,24],[7,15,3,5,19,11,17,23,1,21,9,24],[15,19,3,23,11,9,17,7,1,5,21,24],[3,19,15,7,11,9,17,23,5,1,21,12,24],[11,7,19,9,17,15,3,23,1,5,21,12,24],[23,15,11,7,3,19,17,1,9,5,21,12,24],[3,7,1,19,11,17,23,15,5,9,21,24],[3,7,5,23,21,1,19,17,11,9,24,15],[15,3,19,11,9,17,7,23,1,5,21,24],[15,19,3,23,7,11,9,17,1,5,21,12,24],[11,23,3,15,19,9,17,7,1,5,21,12,24],[3,7,5,15,11,23,19,17,1,9,21,12,24],[15,3,7,1,23,5,19,11,9,17,21,12,24],[15,19,11,9,17,7,23,3,5,1,21,24],[23,11,3,15,7,19,9,17,1,5,21,12,24],[11,15,19,17,3,23,7,1,9,5,21,24],[3,11,7,23,15,19,9,17,1,5,21,24],[3,23,1,7,21,5,15,11,9,12,24,19,17],[7,19,3,15,23,11,9,17,1,5,21,24],[7,11,19,9,17,23,15,3,1,5,21,24],[7,3,1,11,23,15,19,17,9,5,21,12,24],[11,3,7,23,19,17,15,9,5,1,21,12,24],[15,19,7,11,17,3,23,1,9,5,21,24],[15,23,7,5,3,1,19,11,17,9,21,12,24],[19,11,17,23,7,15,3,9,1,5,21,24],[19,23,3,7,15,11,17,9,5,1,21,24],[19,23,7,3,15,11,17,9,5,1,21,24],[15,19,7,3,23,11,9,17,5,1,21,12,24],[23,19,3,11,9,17,15,7,1,5,21,24],[23,15,11,7,19,17,3,9,5,1,21,24],[19,23,15,11,17,3,7,9,1,5,21,24],[15,3,19,11,17,23,7,9,5,1,21,24],[7,3,1,19,23,15,11,9,17,5,21,24],[11,7,15,23,3,19,9,17,1,5,21,12,24],[23,15,7,21,5,19,17,3,1,11,9,24],[15,11,19,9,17,7,3,23,1,5,21,12,24],[23,15,3,21,1,7,5,11,9,24,19,17],[15,11,3,7,19,9,17,23,1,5,21,24],[3,23,21,1,11,9,12,24,7,19,17,15],[23,11,19,17,7,15,3,9,5,4,21,12,24],[23,7,5,15,11,3,19,17,1,9,21,12,24],[3,15,7,5,19,23,11,9,17,1,21,12,24],[19,23,11,17,7,3,15,1,5,9,21,12,24],[11,3,15,23,19,17,7,9,1,5,21,12,24],[19,15,23,11,17,7,3,5,9,1,21,24],[7,11,3,15,23,19,9,17,1,5,21,24],[23,7,21,5,15,3,1,11,9,24,19,17],[19,11,9,17,3,7,23,15,1,5,21,12,24],[19,23,3,15,7,11,9,17,5,1,21,12,24],[23,19,3,15,7,11,9,17,1,5,21,24],[3,23,21,1,15,7,5,19,17,11,9,12,24],[15,11,3,7,23,19,17,1,9,5,21,12,24],[19,15,3,7,23,11,9,17,1,5,21,12,24],[15,11,19,9,17,23,7,3,5,1,21,24],[7,15,11,3,23,19,17,9,5,1,21,12,24],[19,7,3,23,15,11,9,17,5,1,21,24],[3,7,5,15,19,23,11,9,17,1,21,12,24],[11,15,23,3,19,9,17,7,1,5,21,24],[11,3,23,15,19,9,17,7,1,5,21,24],[23,7,5,15,19,11,9,17,3,1,21,24],[7,3,5,19,23,15,11,9,17,1,21,24],[11,7,23,19,9,17,15,3,1,5,21,24],[7,15,23,21,5,3,1,11,9,24,19,17],[3,7,5,15,19,23,11,9,17,1,21,24],[11,3,23,7,19,17,15,1,9,5,21,12,24],[3,23,21,1,15,7,5,11,9,12,24,19,17],[15,3,11,23,7,19,9,17,1,5,21,12,24],[3,15,19,11,17,23,7,9,5,1,21,24],[23,11,15,19,9,17,7,3,5,1,21,12,24],[3,19,23,15,7,11,9,17,1,5,21,24],[23,3,21,1,15,7,5,11,9,24,19,17],[3,11,15,19,9,17,7,23,1,5,21,12,24],[3,19,23,15,7,11,9,17,1,5,21,24],[7,11,15,23,3,19,9,17,1,5,21,12,24],[11,15,23,7,19,9,17,3,1,5,21,24],[23,7,21,5,19,17,11,9,12,24,15,3,1],[15,23,7,5,19,11,9,17,3,1,21,24],[11,7,15,23,19,9,17,3,1,5,21,24],[23,7,5,15,19,11,17,3,1,21,9,24],[19,7,11,9,17,3,15,23,1,5,21,24],[15,23,11,19,17,7,3,1,9,5,21,12,24],[7,15,23,5,19,3,11,9,17,1,21,12,24],[23,19,11,17,15,3,7,9,5,1,21,12,24],[11,19,17,7,23,3,15,1,9,5,21,12,24],[3,7,1,11,19,17,15,23,5,21,9,24],[3,15,11,19,9,17,23,7,5,1,21,12,24],[11,19,17,23,15,7,3,1,5,21,9,24],[3,23,21,1,11,9,24,7,19,17,15,5],[19,15,3,11,9,17,23,7,1,5,21,12,24],[7,15,19,23,11,17,3,9,5,1,21,24],[15,11,7,3,19,17,23,9,5,1,21,12,24],[3,23,1,7,5,11,19,17,15,9,21,12,24],[19,15,23,3,11,17,7,9,1,5,21,12,24],[11,15,7,3,23,19,17,9,1,5,21,24],[15,7,3,1,19,11,9,17,23,5,21,24],[3,23,21,1,11,9,12,24,15,19,17,7],[15,11,3,23,7,19,17,1,9,5,21,24],[11,7,19,17,3,23,15,1,5,9,21,12,24],[19,7,11,17,23,15,3,1,5,9,21,12,24],[3,7,5,19,23,11,9,17,15,1,21,24],[15,3,19,23,11,17,7,1,9,5,21,24],[15,3,11,7,19,9,17,23,1,5,21,12,24],[15,7,11,19,17,23,3,9,1,5,21,24],[3,7,1,19,11,9,17,23,15,5,21,24],[19,3,15,11,17,23,7,9,5,1,21,24],[3,23,21,1,15,19,17,11,9,12,24,7],[3,23,21,1,15,19,17,11,9,24,7,5],[11,23,7,15,3,19,17,1,9,5,21,12,24],[11,23,19,9,17,15,3,7,1,5,21,24],[11,7,19,9,17,23,3,15,1,5,21,24],[19,23,11,9,17,15,3,7,1,5,21,24],[23,11,3,15,7,19,9,17,1,5,21,12,24],[19,23,11,9,17,7,15,3,1,5,21,24],[15,19,3,23,11,9,17,7,1,5,21,12,24],[3,11,23,7,19,9,17,15,5,1,21,24],[3,7,5,19,11,9,17,15,23,1,21,24],[23,11,15,7,19,17,3,1,9,5,21,12,24],[19,15,7,3,23,11,9,17,1,5,21,24],[3,15,19,7,23,11,17,1,9,5,21,12,24],[3,11,7,15,19,17,23,9,5,1,21,12,24],[7,3,5,19,23,15,11,17,9,1,21,24],[15,23,11,3,19,9,17,7,1,5,21,24],[3,15,11,7,23,19,17,9,1,5,21,24],[23,19,3,11,9,17,7,15,5,1,21,24],[15,7,3,5,19,23,11,17,9,1,21,12,24],[11,3,7,15,23,19,17,5,9,1,21,12,24],[19,15,7,23,11,9,17,3,1,5,21,12,24],[23,3,1,11,15,19,17,7,5,21,9,24],[7,19,11,9,17,15,23,3,1,5,21,12,24],[7,11,23,3,15,19,17,1,9,5,21,12,24],[11,7,19,9,17,3,15,23,5,1,21,12,24],[3,19,7,11,9,17,23,15,1,5,21,12,24],[11,3,7,15,19,9,17,23,1,5,21,12,24],[7,3,1,15,11,19,9,17,23,5,21,24],[23,15,3,1,11,7,19,9,17,5,21,24],[3,15,23,1,19,11,9,17,7,5,21,12,24],[7,15,3,5,11,19,17,23,1,21,9,24],[15,7,19,23,3,11,17,5,9,1,21,24],[15,3,7,1,11,19,17,23,5,9,21,24],[15,23,11,7,19,17,3,9,5,1,21,12,24],[23,15,11,3,7,19,9,17,5,1,21,24],[15,11,23,19,17,3,7,1,9,5,21,12,24],[7,3,5,19,11,17,23,15,1,9,21,24],[7,3,1,19,15,11,9,17,23,5,21,12,24],[23,15,11,7,19,9,17,3,1,5,21,24],[19,7,15,3,11,17,23,9,1,5,21,24],[23,15,7,5,11,3,19,9,17,1,21,24],[19,7,11,9,17,15,3,23,1,5,21,12,24],[7,19,11,9,17,3,15,23,1,5,21,24],[23,7,5,19,15,3,11,17,9,1,21,24],[15,7,19,3,23,11,17,5,1,9,21,12,24],[15,3,23,1,7,21,5,19,17,11,9,12,24],[7,11,19,9,17,15,3,23,1,5,21,12,24],[3,19,7,23,11,17,15,9,5,1,21,24],[7,11,15,23,3,19,17,5,9,1,21,24],[3,11,19,9,17,23,7,15,1,5,21,12,24],[23,19,7,15,11,17,3,9,1,5,21,12,24],[7,15,19,23,11,9,17,3,1,5,21,24],[3,7,5,19,15,23,11,17,9,1,21,12,24],[3,15,7,1,23,21,5,11,9,24,19,17],[7,15,23,21,5,11,9,24,3,19,17,1],[19,11,17,7,23,15,3,9,5,1,21,24],[15,11,19,17,23,7,3,9,1,5,21,24],[15,11,7,19,17,3,23,9,5,1,21,24],[11,3,19,17,23,15,7,1,9,5,21,24],[3,15,11,7,19,9,17,23,1,5,21,12,24],[11,15,7,3,23,19,9,17,1,5,21,12,24],[23,15,7,21,5,3,1,11,9,24,19,17],[3,23,1,7,5,19,11,17,15,9,21,24],[23,7,21,5,19,17,3,1,11,9,12,24,15],[19,3,23,11,17,7,15,1,5,9,21,12,24],[3,23,1,15,7,5,19,11,17,9,21,12,24],[23,7,5,15,11,19,17,3,1,21,9,24],[11,15,7,23,3,19,9,17,5,1,21,24],[7,23,21,5,11,9,24,19,17,3,15,1],[7,3,1,15,11,23,19,17,9,5,21,24],[7,15,19,3,11,9,17,23,5,1,21,12,24],[19,11,9,17,23,3,7,15,1,5,21,12,24],[11,3,15,7,23,19,17,1,9,5,21,24],[23,7,5,3,21,1,15,19,17,11,9,12,24],[15,7,23,5,11,19,9,17,3,1,21,12,24],[3,11,23,15,19,17,7,1,9,5,21,24],[23,11,19,17,3,15,7,9,5,1,21,12,24],[23,3,21,1,15,7,5,11,9,12,24,19,17],[15,3,7,1,11,23,19,9,17,5,21,12,24],[7,23,5,19,15,3,11,9,17,1,21,24],[15,23,11,7,19,9,17,3,5,1,21,24],[11,19,17,7,3,23,15,9,5,1,21,24],[23,19,11,17,15,3,7,9,1,5,21,12,24],[7,15,11,19,9,17,3,23,5,1,21,12,24],[3,23,21,1,11,9,12,24,7,15,19,17],[7,23,5,19,3,11,9,17,15,1,21,24],[11,7,15,3,19,9,17,23,1,5,21,12,24],[11,19,17,3,15,7,23,9,1,5,21,24],[11,7,19,17,15,3,23,9,5,1,21,24],[15,23,3,21,1,7,5,19,17,11,9,24],[11,7,3,15,19,9,17,23,5,1,21,24],[23,7,21,5,11,9,12,24,3,15,19,17,1],[7,19,3,11,17,15,23,1,9,5,21,24],[23,19,7,15,11,17,3,9,1,5,21,24],[15,11,23,7,3,19,17,5,9,1,21,24],[23,19,15,7,11,17,3,1,5,21,9,12,24],[19,23,3,7,11,9,17,15,1,5,21,24],[23,7,5,15,3,21,1,11,9,24,19,17],[3,23,21,1,19,17,15,7,5,11,9,12,24],[3,23,21,1,11,9,12,24,19,17,15,7],[3,15,23,21,1,19,17,11,9,12,24,7],[15,11,3,23,19,17,7,5,9,21,12,24,1],[19,11,17,23,15,3,7,5,9,1,21,24],[19,23,3,15,7,11,17,1,5,21,9,24],[7,3,1,15,11,23,19,9,17,5,21,12,24],[7,15,23,5,11,19,9,17,3,1,21,12,24],[11,3,19,17,7,23,15,5,1,21,9,12,24],[3,7,5,19,15,11,9,17,23,1,21,24],[23,15,7,5,19,11,17,3,1,9,21,12,24],[23,3,21,1,7,5,15,11,9,12,24,19,17],[19,7,11,9,17,3,23,15,1,5,21,24],[7,19,23,15,3,11,17,5,9,1,21,12,24],[11,19,17,15,3,23,7,9,5,1,21,12,24],[11,23,19,9,17,7,15,3,1,5,21,12,24],[3,7,1,19,15,11,9,17,23,5,21,12,24],[3,11,7,15,23,19,9,17,1,5,21,24],[7,15,19,23,11,9,17,3,1,5,21,24],[23,15,19,11,9,17,3,7,1,5,21,12,24],[7,15,11,23,3,19,9,17,1,5,21,24],[11,23,15,19,17,7,3,9,1,5,21,12,24],[15,19,23,7,3,11,17,1,5,9,21,24],[19,3,11,17,7,15,23,5,9,1,21,12,24],[23,19,3,7,11,17,15,1,5,9,21,12,24],[15,7,23,21,5,3,1,19,17,11,9,12,24],[7,3,1,11,15,23,19,17,9,5,21,24],[7,3,5,15,11,19,9,17,23,1,21,24],[7,23,5,11,19,9,17,15,3,1,21,24],[19,7,3,23,11,17,15,5,9,1,21,12,24],[7,23,21,5,3,1,11,9,12,24,15,19,17],[3,15,7,1,11,23,19,17,9,5,21,12,24],[19,11,9,17,3,23,7,15,1,5,21,24],[19,11,17,15,7,23,3,9,5,1,21,24],[3,23,21,1,11,9,24,7,19,17,15,5],[11,7,3,19,9,17,23,15,5,1,21,12,24],[11,23,3,7,19,9,17,15,5,1,21,24],[15,7,3,1,11,23,19,17,9,5,21,24],[15,11,23,19,9,17,3,7,1,5,21,12,24],[23,11,19,17,3,7,15,1,9,5,21,12,24],[11,19,9,17,15,7,23,3,1,5,21,24],[7,11,23,15,19,17,3,1,9,5,21,12,24],[15,19,3,23,11,17,7,9,5,1,21,12,24],[23,3,1,11,19,9,17,7,15,5,21,24],[7,11,3,23,19,9,17,15,1,5,21,12,24],[19,15,23,3,11,17,7,9,5,1,21,12,24],[19,23,15,7,3,11,17,1,9,5,21,24],[7,19,15,11,9,17,23,3,1,5,21,24],[23,11,3,7,19,17,15,9,1,5,21,24],[15,11,19,9,17,7,23,3,1,5,21,24],[15,7,19,23,11,17,3,9,5,1,21,12,24],[3,15,7,5,23,1,19,11,17,9,21,24],[23,11,15,3,7,19,17,9,1,5,21,24],[7,23,5,11,3,19,9,17,15,1,21,12,24],[15,11,19,17,3,7,23,9,1,5,21,12,24],[3,7,1,11,19,9,17,23,15,5,21,24],[7,19,23,3,11,17,15,9,5,1,21,12,24],[7,15,3,5,23,1,19,11,17,9,21,24],[23,7,21,5,19,17,3,1,11,9,24,15],[3,15,7,1,11,23,19,17,5,9,21,24],[11,7,3,19,9,17,15,23,1,5,21,12,24],[19,23,11,17,7,15,3,9,5,1,21,24],[23,11,7,15,19,17,3,1,5,21,9,12,24],[3,23,1,15,19,7,11,17,9,5,21,12,24],[23,3,21,1,19,17,7,5,11,9,12,24,15],[7,23,5,15,19,11,17,3,1,21,9,12,24],[3,19,11,17,23,15,7,9,1,5,21,24],[3,23,1,15,7,21,5,11,9,24,19,17],[15,23,7,21,5,19,17,3,1,11,9,24],[11,7,19,9,17,3,15,23,1,5,21,24],[11,19,17,15,3,7,23,1,9,5,21,12,24],[19,3,11,17,15,23,7,5,9,1,21,12,24],[15,23,3,21,1,19,17,7,5,11,9,12,24],[7,23,5,19,15,11,17,3,9,1,21,12,24],[7,11,19,9,17,23,3,15,1,5,21,24],[23,15,3,21,1,7,5,11,9,12,24,19,17],[23,19,3,7,15,11,9,17,1,5,21,12,24],[19,23,3,15,7,11,17,1,5,21,9,24],[3,15,19,23,7,11,17,5,1,9,21,24],[3,15,7,1,11,23,19,17,5,9,21,24],[23,19,11,9,17,3,7,15,1,5,21,12,24],[23,19,3,7,15,11,17,5,9,1,21,24],[7,3,5,19,11,17,15,23,1,9,21,24],[11,15,23,3,7,19,9,17,1,5,21,24],[23,7,21,5,15,19,17,11,9,24,3,1],[7,11,3,19,17,15,23,1,9,5,21,24],[7,23,5,19,15,11,9,17,3,1,21,12,24],[3,15,19,7,11,17,23,1,5,9,21,24],[11,3,7,15,19,9,17,23,5,1,21,12,24],[15,3,19,11,9,17,23,7,5,1,21,12,24],[23,19,3,15,7,11,17,1,9,5,21,24],[7,15,19,11,17,3,23,1,9,5,21,24],[19,3,7,23,15,11,17,9,1,5,21,12,24],[19,3,15,11,9,17,7,23,5,1,21,24],[15,3,19,7,23,11,17,1,9,5,21,24],[23,7,21,5,19,17,15,3,1,11,9,24],[7,3,1,15,23,21,5,11,9,12,24,19,17],[11,19,9,17,23,15,7,3,1,5,21,24],[19,11,17,23,15,3,7,1,5,9,21,12,24],[7,19,15,11,17,3,23,9,5,1,21,24],[19,7,23,11,9,17,3,15,1,5,21,24],[3,23,1,11,15,7,19,17,5,21,9,12,24],[7,3,5,19,23,11,9,17,15,1,21,24],[15,11,7,23,3,19,17,9,1,5,21,12,24],[19,3,23,7,11,17,15,1,5,21,9,12,24],[15,3,7,5,19,23,11,17,1,9,21,12,24],[15,11,19,17,7,3,23,1,5,9,21,24],[23,11,15,7,19,9,17,3,1,5,21,12,24],[7,19,11,17,23,3,15,9,1,5,21,24],[15,19,23,3,7,11,17,9,5,1,21,12,24],[23,3,21,1,19,17,15,7,5,11,9,24],[23,11,7,19,17,15,3,5,9,1,21,24],[15,7,11,3,23,19,9,17,1,5,21,12,24],[23,15,11,19,9,17,3,7,5,1,21,24],[23,7,5,3,21,1,15,19,17,11,9,24],[3,23,21,1,19,17,7,5,11,9,24,15],[7,15,23,5,11,19,17,3,9,1,21,24],[3,23,1,15,19,7,11,17,5,9,21,12,24],[3,11,15,7,23,19,17,9,5,1,21,24],[15,19,11,9,17,23,3,7,5,1,21,12,24],[7,3,1,19,15,23,11,9,17,5,21,12,24],[15,23,7,21,5,11,9,24,19,17,3,1],[7,3,1,11,15,23,19,17,5,9,21,12,24],[11,23,7,15,19,9,17,3,1,5,21,24],[11,15,23,19,9,17,3,7,1,5,21,12,24],[11,15,19,9,17,3,23,7,5,1,21,24],[19,23,15,7,3,11,17,9,1,5,21,24],[7,11,3,15,19,9,17,23,1,5,21,24],[15,19,7,11,9,17,23,3,5,1,21,12,24],[15,23,19,11,17,7,3,5,1,9,21,12,24],[23,3,1,15,7,5,19,11,9,17,21,24],[7,19,11,17,3,23,15,9,5,1,21,24],[7,11,3,15,19,9,17,23,1,5,21,12,24],[7,3,1,15,23,21,5,19,17,11,9,24],[15,23,3,21,7,5,1,11,9,24,19,17],[3,7,1,23,5,15,19,11,9,17,21,12,24],[3,7,5,11,23,19,9,17,15,1,21,24],[3,23,21,1,15,19,17,11,9,12,24,7],[7,3,5,19,23,15,11,17,1,9,21,12,24],[15,23,19,11,9,17,7,3,1,5,21,12,24],[19,15,3,23,11,17,7,1,9,5,21,24],[15,11,19,9,17,7,23,3,1,5,21,12,24],[23,7,5,11,3,19,9,17,15,1,21,12,24],[11,19,9,17,15,7,23,3,1,5,21,12,24],[23,3,1,7,5,11,19,9,17,15,21,12,24],[15,11,7,3,23,19,17,5,9,1,21,24],[3,19,11,17,15,7,23,5,1,9,21,12,24],[19,3,15,23,11,9,17,7,1,5,21,24],[7,15,19,23,3,11,17,9,1,5,21,24],[7,3,5,11,23,15,19,17,1,9,21,12,24],[23,7,5,19,11,9,17,15,3,1,21,24],[23,11,7,19,9,17,3,15,5,1,21,12,24],[11,3,7,15,23,19,17,9,1,5,21,24],[7,11,19,17,23,3,15,5,9,1,21,24],[23,7,5,15,11,3,19,17,9,1,21,12,24],[19,11,9,17,23,7,3,15,1,5,21,12,24],[7,15,11,23,3,19,9,17,1,5,21,12,24],[7,19,3,11,17,23,15,5,9,1,21,24],[11,15,19,17,3,23,7,5,9,1,21,24],[11,19,9,17,23,3,15,7,1,5,21,24],[19,3,15,23,7,11,17,5,1,9,21,12,24],[15,19,3,7,11,9,17,23,1,5,21,12,24],[15,11,3,7,23,19,9,17,5,1,21,12,24],[7,11,15,23,3,19,9,17,1,5,21,12,24],[15,3,11,7,23,19,9,17,5,1,21,12,24],[23,15,11,7,19,9,17,3,1,5,24],[23,3,1,7,21,5,11,9,24,19,17,15],[7,15,23,21,5,11,9,24,19,17,3,1],[11,19,9,17,7,23,15,3,5,1,21,24],[23,11,19,17,15,7,3,1,9,5,21,12,24],[7,15,23,21,5,19,17,3,1,11,9,24],[3,23,21,1,15,19,17,11,9,12,24,7],[11,19,9,17,15,23,3,7,1,5,21,12,24],[7,11,23,15,19,17,3,9,4,5,21,24],[23,19,7,3,15,11,17,1,9,5,21,24],[3,11,19,17,7,23,15,9,5,1,21,24],[23,19,7,11,9,17,15,3,5,1,21,24],[23,19,15,7,3,11,9,17,1,5,21,24],[15,3,19,23,11,9,17,7,1,5,21,24],[23,3,1,7,21,5,19,17,15,11,9,24],[7,23,21,5,3,1,11,9,24,19,17,15],[7,15,19,23,11,17,3,1,9,5,21,12,24],[19,15,11,17,23,7,3,9,1,5,21,12,24],[15,7,3,1,23,21,5,19,17,11,9,12,24],[11,19,17,15,7,3,23,9,5,1,21,12,24],[23,15,19,7,11,17,3,5,9,1,21,12,24],[23,15,19,3,11,9,17,7,1,5,21,24],[11,15,7,23,19,17,3,9,21,12,24,5,1],[3,19,15,11,17,23,7,1,5,9,21,12,24],[19,15,23,7,3,11,9,17,1,5,21,12,24],[3,7,1,11,19,17,23,15,9,5,21,12,24],[7,15,19,23,3,11,17,9,1,5,21,24],[7,15,19,23,11,17,3,1,9,5,21,12,24],[15,7,3,5,23,21,1,11,9,24,19,17],[19,7,11,9,17,3,23,15,1,5,21,12,24],[3,11,23,19,9,17,15,7,1,5,21,12,24],[11,19,9,17,7,23,3,15,1,5,21,24],[19,11,17,7,23,15,3,1,9,5,21,12,24],[11,23,3,19,9,17,15,7,1,5,21,12,24],[23,15,7,21,5,3,1,11,9,12,24,19,17],[19,11,17,15,23,3,7,1,5,21,9,12,24],[19,15,3,23,7,11,17,1,9,5,21,24],[7,15,3,1,11,23,19,17,5,9,21,24],[15,3,19,23,11,17,7,1,9,5,21,12,24],[19,23,11,9,17,3,15,7,5,1,21,12,24],[7,3,5,11,23,19,17,15,9,1,21,12,24],[7,11,15,19,17,23,3,9,5,1,21,24],[11,3,7,19,17,23,15,5,1,21,9,24],[23,15,11,19,17,7,3,1,9,5,21,24],[23,3,21,1,15,11,9,24,7,19,17,5],[15,7,19,23,11,9,17,3,1,5,21,24],[19,23,15,7,11,9,17,3,5,1,21,12,24],[23,3,21,1,15,7,5,19,17,11,9,24],[23,11,15,3,19,9,17,7,5,1,21,12,24],[7,19,3,15,23,11,9,17,1,5,21,12,24],[3,19,11,17,23,7,15,5,1,9,21,24],[19,23,15,3,11,17,7,9,1,5,21,12,24],[3,15,23,21,1,7,5,11,9,24,19,17],[11,23,19,17,3,15,7,9,5,1,21,12,24],[11,7,15,3,23,19,9,17,1,5,21,24],[3,19,23,7,15,11,9,17,5,1,21,12,24],[3,23,1,11,7,15,19,9,17,5,21,12,24],[3,15,19,11,9,17,7,23,1,5,21,24],[15,19,3,11,9,17,7,23,1,5,21,12,24],[23,3,21,1,11,9,12,24,15,19,17,7],[19,11,17,23,7,15,3,1,5,9,21,24],[15,3,7,5,11,19,17,23,1,9,21,24],[19,11,9,17,15,3,7,23,5,1,21,24],[23,3,1,15,11,19,17,7,9,5,21,24],[19,7,15,23,11,9,17,3,1,5,21,12,24],[3,11,19,17,23,15,7,1,9,5,21,12,24],[19,11,9,17,23,7,3,15,5,1,21,24],[7,15,19,23,3,11,9,17,5,1,21,12,24],[11,3,19,17,15,7,23,1,9,5,21,12,24],[19,11,17,3,7,15,23,9,5,1,21,24],[11,15,23,7,19,9,17,3,5,1,21,24],[19,7,11,17,15,3,23,1,9,5,21,24],[19,23,3,7,15,11,9,17,1,5,21,12,24],[3,19,11,17,7,23,15,1,9,5,21,12,24],[23,3,1,11,15,19,17,7,9,5,21,24],[15,19,3,7,23,11,17,1,5,21,9,12,24],[7,23,5,11,19,9,17,3,15,1,21,24],[23,3,21,1,11,9,24,15,19,17,7,5],[11,15,19,17,3,7,23,9,1,5,21,24],[23,19,15,7,11,17,3,9,5,1,21,24],[11,3,19,9,17,23,7,15,1,5,21,24],[19,3,23,15,7,11,9,17,1,5,21,12,24],[3,11,7,23,19,9,17,15,5,1,21,12,24],[19,7,11,17,15,23,3,9,5,1,21,12,24],[15,23,11,7,19,17,3,9,5,1,21,12,24],[15,7,11,23,19,9,17,3,1,5,21,24],[7,23,5,19,11,17,3,15,9,1,21,24],[15,7,11,23,3,19,17,5,9,1,21,12,24],[7,11,19,17,23,3,15,1,5,21,9,12,24],[7,3,1,23,5,11,15,19,9,17,21,12,24],[3,15,7,1,11,23,19,17,9,5,21,24],[3,23,1,7,5,11,19,17,15,9,21,12,24],[3,23,21,1,15,19,17,7,5,11,9,24],[19,15,23,3,7,11,17,1,5,9,21,12,24],[11,15,23,7,3,19,9,17,1,5,21,24],[23,7,5,3,21,1,19,17,11,9,12,24,15],[15,23,19,11,9,17,7,3,5,1,21,24],[19,3,11,9,17,23,15,7,1,5,21,12,24],[3,15,19,23,11,17,7,9,1,5,21,12,24],[23,19,3,7,11,17,15,1,5,21,9,12,24],[19,23,15,11,17,7,3,1,9,5,21,24],[15,7,11,23,19,17,3,1,5,9,21,12,24],[3,19,11,17,7,23,15,9,5,1,21,12,24],[7,15,3,1,19,11,17,23,9,5,21,12,24],[19,11,17,7,23,15,3,9,1,5,21,12,24],[11,23,7,15,3,19,17,9,5,1,21,24],[19,23,3,15,7,11,17,1,5,21,9,12,24],[19,11,9,17,15,23,3,7,1,5,21,12,24],[11,7,15,19,9,17,3,23,1,5,21,24],[19,7,15,11,9,17,23,3,1,5,21,12,24],[7,3,5,11,23,15,19,17,9,1,21,12,24],[23,15,19,11,9,17,7,3,1,5,21,24],[3,23,1,7,5,19,11,17,15,9,21,12,24],[23,7,5,19,15,3,11,17,1,9,21,24],[23,15,19,11,9,17,3,7,1,5,21,12,24],[11,19,9,17,3,15,7,23,5,1,21,12,24],[15,11,3,19,9,17,7,23,1,5,21,24],[19,3,7,11,9,17,23,15,5,1,21,24],[15,23,19,11,17,7,3,9,1,5,21,12,24],[23,3,21,1,11,9,12,24,15,19,17,7],[3,19,11,17,7,23,15,5,9,1,21,24],[7,11,3,23,19,17,15,5,9,1,21,24],[11,3,19,9,17,7,23,15,1,5,21,24],[23,3,1,15,19,7,11,9,17,5,21,24],[19,23,7,3,11,9,17,15,5,1,21,24],[11,23,7,15,3,19,17,9,1,5,21,24],[7,19,11,9,17,15,3,23,1,5,21,12,24],[23,7,21,5,3,1,15,11,9,12,24,19,17],[7,15,11,19,9,17,3,23,1,5,21,12,24],[19,3,11,17,7,23,15,9,5,1,21,12,24],[3,15,23,1,11,7,19,17,5,9,21,24],[7,15,19,11,9,17,23,3,1,5,21,12,24],[7,15,19,23,11,17,3,9,1,5,21,24],[19,23,7,3,11,17,15,1,9,5,21,12,24],[11,23,19,17,15,3,7,9,1,5,21,24],[11,15,23,19,9,17,3,7,1,5,21,12,24],[7,11,19,17,23,3,15,9,1,5,21,24],[11,7,23,3,15,19,9,17,5,1,21,24],[19,11,17,23,3,7,15,9,1,5,21,24],[7,11,23,19,17,3,15,1,5,9,21,12,24],[23,11,19,17,7,15,3,1,9,5,21,12,24],[11,3,23,19,17,15,7,9,1,5,21,24],[3,11,7,15,19,17,23,1,5,21,9,24],[23,3,21,1,19,17,11,9,24,7,15,5],[15,11,7,23,19,17,3,1,9,5,21,24],[3,11,23,7,19,17,15,9,1,5,21,24],[7,23,21,5,11,9,24,19,17,15,3,1],[19,7,11,17,3,23,15,9,5,1,21,24],[11,23,7,19,17,3,15,1,5,9,21,24],[23,7,5,15,11,19,17,3,9,1,21,12,24],[7,23,5,15,19,11,9,17,3,1,21,24],[3,15,19,7,11,17,23,1,9,5,21,12,24],[3,23,1,7,21,5,19,17,11,9,12,24,15],[3,15,23,1,11,7,19,17,9,5,21,12,24],[3,11,15,19,17,23,7,1,9,5,21,24],[19,3,23,7,11,9,17,15,1,5,21,24],[3,23,21,1,11,9,24,15,7,19,17,5],[11,19,9,17,15,7,3,23,1,5,21,24],[19,11,9,17,15,7,23,3,5,1,21,24],[15,7,3,1,23,21,5,19,17,11,9,12,24],[19,7,11,9,17,15,23,3,5,1,21,12,24],[7,3,1,19,11,17,23,15,5,9,21,24],[7,3,5,11,15,23,19,9,17,1,21,24],[19,3,11,9,17,15,23,7,1,5,21,24],[11,7,19,9,17,23,3,15,1,5,21,24],[7,11,15,19,17,23,3,9,1,5,21,24],[11,7,3,23,15,19,9,17,1,5,21,24],[11,23,7,15,19,9,17,3,1,5,21,24],[19,15,7,11,9,17,3,23,1,5,21,24],[7,23,21,5,3,1,19,17,11,9,12,24,15],[11,23,7,15,3,19,9,17,5,1,21,12,24],[19,23,15,11,9,17,7,3,1,5,21,12,24],[19,15,11,9,17,7,23,3,5,1,21,24],[3,23,21,1,11,9,24,7,19,17,15,5],[15,7,23,21,5,3,1,11,9,12,24,19,17],[3,19,15,7,23,11,9,17,5,1,21,12,24],[23,3,1,19,11,9,17,7,15,5,21,12,24],[23,3,1,7,21,5,19,17,15,11,9,24],[15,3,23,1,7,5,11,19,9,17,21,12,24],[7,3,5,23,1,11,19,9,17,15,21,24],[3,15,7,1,19,23,11,9,17,5,21,12,24],[3,11,15,23,19,17,7,9,1,5,21,24],[3,23,1,19,15,7,11,9,17,5,21,12,24],[15,7,23,5,11,19,9,17,3,1,21,12,24],[15,11,23,19,9,17,3,7,1,5,21,12,24],[7,3,5,19,15,23,11,17,9,1,21,24],[23,15,3,1,7,5,19,11,9,17,21,24],[23,11,3,15,7,19,9,17,5,1,21,24],[3,23,1,11,19,9,17,15,7,5,21,24],[3,15,23,1,11,7,19,9,17,5,21,24],[7,11,3,19,17,15,23,1,9,5,21,24],[3,23,21,1,19,17,7,5,15,11,9,12,24],[7,19,3,15,11,9,17,23,1,5,21,12,24],[23,19,15,11,17,3,7,5,1,9,21,24],[15,19,23,3,7,11,9,17,1,5,21,12,24],[3,11,15,19,9,17,7,23,1,5,21,12,24],[19,23,15,3,11,17,7,9,5,1,21,12,24],[7,23,21,5,3,1,15,11,9,12,24,19,17],[11,7,3,23,15,19,17,9,5,1,21,24],[7,19,11,17,15,23,3,1,5,9,21,24],[15,11,23,7,19,17,3,1,5,21,9,12,24],[11,7,19,9,17,15,3,23,5,1,21,24],[23,3,21,1,7,5,15,19,17,11,9,12,24],[23,11,15,19,9,17,3,7,1,5,21,24],[15,23,19,7,3,11,9,17,1,5,21,12,24],[3,11,19,9,17,7,23,15,5,1,21,12,24],[11,7,19,9,17,23,15,3,1,5,21,12,24],[19,3,7,23,11,17,15,9,5,1,21,24],[19,15,23,3,11,17,7,1,9,5,21,24],[11,23,3,15,7,19,9,17,5,1,21,24],[7,15,23,5,3,21,1,19,17,11,9,12,24],[3,7,5,23,21,1,15,19,17,11,9,24],[3,15,11,7,19,9,17,23,1,5,21,24],[15,19,7,11,17,23,3,1,9,5,21,12,24],[7,3,5,11,23,19,9,17,15,1,21,24],[15,11,3,7,23,19,17,9,5,4,21,12,24],[23,15,19,3,7,11,17,5,1,9,21,12,24],[15,11,7,3,19,9,17,23,1,5,21,12,24],[19,3,23,15,11,9,17,7,1,5,21,24],[19,11,17,15,7,3,23,9,1,5,21,12,24],[15,11,19,9,17,7,3,23,5,1,21,12,24],[11,15,23,19,17,7,3,1,5,9,21,12,24],[15,11,19,9,17,23,7,3,21,12,24,5,1],[7,15,3,1,19,11,9,17,23,5,21,12,24],[15,3,7,5,19,11,9,17,23,1,21,24],[3,11,7,23,15,19,9,17,1,5,21,24],[11,7,15,19,9,17,23,3,5,1,21,24],[19,7,23,15,3,11,17,5,1,21,9,24],[7,3,5,19,15,23,11,9,17,1,21,12,24],[23,15,7,5,19,11,9,17,3,1,21,24],[23,11,7,19,9,17,3,15,5,1,21,24],[11,3,15,7,23,19,17,1,5,21,9,12,24],[7,19,11,9,17,15,3,23,1,5,21,12,24],[15,19,11,9,17,7,23,3,1,5,21,12,24],[15,11,7,23,19,9,17,3,1,5,21,24],[15,19,23,7,3,11,9,17,1,5,21,12,24],[23,3,1,11,19,17,7,15,5,21,9,12,24],[15,23,7,5,19,11,17,3,1,21,9,24],[11,19,9,17,3,23,7,15,1,5,21,24],[23,11,3,7,19,17,15,1,5,9,21,12,24],[15,11,19,9,17,23,3,7,5,1,21,12,24],[19,11,17,23,3,15,7,1,5,21,9,12,24],[15,23,19,3,7,11,17,9,1,5,21,12,24],[7,11,3,23,15,19,9,17,1,5,21,12,24],[19,7,15,11,17,23,3,1,5,21,9,24],[23,11,19,9,17,7,15,3,1,5,21,24],[19,15,7,3,11,17,23,1,5,21,9,12,24],[3,19,11,17,15,7,23,1,5,21,9,24],[15,23,3,1,7,21,5,19,17,11,9,12,24],[23,7,5,15,3,1,19,11,9,17,21,24],[15,7,19,3,11,17,23,5,9,1,21,24],[3,11,15,7,23,19,9,17,1,5,21,24],[3,19,15,7,23,11,17,5,9,1,21,24],[3,15,19,23,11,17,7,1,5,21,9,24],[19,15,7,11,9,17,23,3,5,1,21,12,24],[3,19,15,7,23,11,17,1,5,9,21,24],[19,7,3,15,23,11,9,17,1,5,21,24],[15,7,19,11,17,3,23,9,1,5,21,24],[7,3,5,19,15,23,11,9,17,1,21,12,24],[19,15,3,11,17,7,23,9,1,5,21,24],[19,7,23,3,15,11,9,17,1,5,21,12,24],[11,15,19,9,17,23,7,3,1,5,21,24],[11,15,19,17,23,7,3,1,9,5,21,12,24],[7,23,5,3,21,1,19,17,15,11,9,12,24],[23,3,1,19,15,7,11,9,17,5,21,24],[23,11,7,3,15,19,9,17,1,5,21,24],[3,15,23,21,1,7,5,11,9,24,19,17],[11,7,15,19,9,17,3,23,5,1,21,24],[7,3,5,19,23,15,11,9,17,1,21,24],[15,3,19,7,23,11,17,9,5,1,21,12,24],[23,3,21,1,19,17,7,5,15,11,9,12,24],[3,11,23,15,19,9,17,7,1,5,21,12,24],[15,19,11,9,17,23,7,3,1,5,21,12,24],[3,19,23,11,9,17,7,15,1,5,21,12,24],[7,3,1,19,11,9,17,15,23,5,21,12,24],[19,23,3,7,11,17,15,1,5,21,9,24],[7,23,5,15,11,19,9,17,3,1,21,24],[11,19,17,7,23,15,3,1,9,5,21,24],[23,3,21,1,7,5,11,9,12,24,15,19,17],[15,7,19,11,9,17,3,23,1,5,21,24],[23,19,11,17,15,3,7,9,1,5,21,12,24],[15,3,7,1,11,23,19,9,17,5,21,24],[15,23,7,21,5,3,1,11,9,12,24,19,17],[23,3,21,1,19,17,11,9,12,24,15,7],[19,3,23,7,11,9,17,15,1,5,21,24],[15,11,19,17,7,3,23,1,9,5,21,12,24],[19,15,23,11,17,7,3,9,1,5,21,12,24],[19,7,15,11,17,3,23,1,5,9,21,24],[7,23,5,15,3,1,19,11,9,17,21,24],[19,11,17,23,3,15,7,1,5,9,21,12,24],[7,23,5,3,1,19,11,17,15,9,21,12,24],[11,7,23,3,19,9,17,15,5,1,21,24],[11,23,15,7,3,19,17,9,1,5,21,24],[19,3,15,11,17,7,23,1,5,9,21,24],[15,11,23,3,7,19,17,9,1,5,21,12,24],[23,19,11,17,3,15,7,1,9,5,21,24],[19,3,11,9,17,7,15,23,1,5,21,24],[7,3,1,19,23,11,9,17,15,5,21,24],[23,15,7,5,11,19,17,3,9,1,21,12,24],[19,15,23,7,11,17,3,9,5,1,21,24],[11,19,17,7,15,3,23,9,1,5,21,24],[23,11,3,19,9,17,15,7,1,5,21,12,24],[3,19,11,9,17,23,7,15,5,1,21,24],[11,23,3,15,7,19,9,17,5,1,21,24],[23,7,5,19,3,11,9,17,15,1,21,24],[19,3,11,9,17,23,7,15,1,5,21,12,24],[15,23,19,3,11,17,7,5,1,21,9,12,24],[7,19,11,9,17,23,15,3,1,5,21,24],[11,7,3,23,15,19,17,9,1,5,21,24],[23,15,11,3,19,17,7,9,1,5,24],[19,23,15,7,3,11,17,1,5,21,9,12,24],[7,23,5,15,3,21,1,19,17,11,9,24],[7,15,23,5,19,3,11,17,1,9,21,24],[15,3,11,19,9,17,23,7,1,5,21,12,24],[11,23,3,15,19,9,17,7,1,5,21,24],[19,23,7,11,9,17,15,3,1,5,21,24],[19,11,9,17,15,23,3,7,5,1,21,24],[7,15,23,21,5,19,17,11,9,24,3,1],[19,15,7,11,17,3,23,9,5,1,21,12,24],[11,7,23,15,19,17,3,9,5,1,21,12,24],[19,7,3,11,17,23,15,9,1,5,21,24],[19,15,11,17,23,3,7,1,5,21,9,24],[11,19,17,23,3,15,7,1,5,21,9,12,24],[15,7,11,19,17,3,23,9,1,5,21,12,24],[7,15,19,3,11,9,17,23,5,1,21,24],[11,7,15,3,23,19,9,17,5,1,21,12,24],[7,19,3,11,9,17,23,15,5,1,21,12,24],[3,7,1,19,15,11,17,23,5,21,9,24],[15,3,19,7,11,9,17,23,1,5,21,12,24],[19,23,11,17,3,15,7,1,9,5,21,12,24],[3,7,1,11,15,19,17,23,5,9,21,24],[19,3,15,23,11,17,7,1,9,5,21,12,24],[23,15,11,19,9,17,7,3,1,5,21,12,24],[23,3,21,1,7,5,11,9,24,19,17,15],[15,19,11,17,3,7,23,5,1,9,21,24],[11,7,23,19,9,17,15,3,1,5,21,12,24],[7,11,3,19,17,15,23,1,9,5,21,24],[19,7,3,15,23,11,17,9,5,1,21,12,24],[19,7,3,15,23,11,9,17,1,5,21,24],[3,23,1,11,19,17,7,15,5,21,9,12,24],[23,3,21,1,11,9,12,24,19,17,15,7],[3,23,21,1,11,9,12,24,15,19,17,7],[19,23,15,3,11,9,17,7,5,1,21,24],[19,7,15,11,17,23,3,9,5,1,21,12,24],[19,15,11,17,23,7,3,9,1,5,21,24],[3,23,21,1,11,9,12,24,19,17,7,15],[15,3,19,7,23,11,9,17,1,5,21,12,24],[19,23,11,17,15,7,3,9,5,1,21,24],[19,3,15,7,23,11,17,1,5,21,9,24],[7,3,1,15,11,19,17,23,9,5,21,12,24],[15,11,23,7,19,17,3,5,1,21,9,24],[19,3,15,11,17,23,7,1,9,5,21,12,24],[11,7,15,23,3,19,17,1,9,5,21,12,24],[3,19,23,15,11,17,7,1,5,9,21,12,24],[3,15,19,11,9,17,7,23,1,5,21,24],[19,7,15,23,17,5,11,3,9,1,21,12,24],[19,23,3,15,11,17,7,5,9,1,21,12,24],[15,7,3,5,11,19,17,23,1,9,21,24],[15,11,7,19,9,17,3,23,1,5,21,24],[3,19,7,23,11,9,17,15,1,5,21,12,24],[11,23,19,9,17,15,7,3,5,1,21,12,24],[15,23,3,1,19,11,9,17,7,5,21,24],[3,23,21,1,15,7,5,19,17,11,9,12,24],[3,23,1,15,11,19,9,17,7,5,21,24],[3,15,19,23,11,17,7,9,5,1,21,12,24],[11,7,23,19,9,17,15,3,5,1,21,24],[19,23,11,17,7,15,3,9,5,1,21,12,24],[23,11,7,19,17,3,15,1,5,21,9,24],[23,7,5,15,19,11,9,17,3,1,21,24],[3,11,19,9,17,15,7,23,5,1,21,12,24],[15,23,7,5,19,3,11,9,17,1,21,24],[3,15,11,19,9,17,7,23,1,5,21,24],[7,11,3,19,17,23,15,9,5,1,24],[7,15,23,21,5,11,9,24,3,19,17,1],[15,7,23,5,11,3,19,17,1,9,21,24],[7,3,1,15,11,23,19,9,17,5,21,24],[23,11,7,3,15,19,9,17,1,5,21,12,24],[7,19,11,9,17,23,15,3,1,5,21,12,24],[7,15,11,23,3,19,17,5,1,9,21,12,24],[11,15,23,7,19,17,3,1,9,5,21,12,24],[3,7,5,19,11,9,17,15,23,1,21,24],[7,23,5,11,19,17,15,3,1,9,21,24],[19,23,3,15,11,9,17,7,1,5,21,12,24],[19,7,15,11,17,3,23,9,1,5,21,24],[15,23,19,11,9,17,7,3,5,1,21,12,24],[3,7,5,11,19,17,15,23,9,1,21,12,24],[15,3,7,1,19,23,11,17,9,5,21,12,24],[15,7,19,23,3,11,17,1,5,9,21,12,24],[7,23,21,5,19,17,3,1,11,9,24,15],[23,15,3,1,11,19,9,17,7,5,21,12,24],[7,15,3,1,23,21,5,19,17,11,9,24],[19,15,23,3,7,17,1,5,11,9,21,12,24],[15,7,23,5,19,3,11,9,17,1,21,24],[23,7,21,5,15,3,1,19,17,11,9,24],[7,11,19,17,15,23,3,9,1,5,21,24],[15,7,19,3,11,17,23,5,1,21,9,24],[11,7,19,17,15,23,3,9,1,5,21,12,24],[19,7,15,23,11,9,17,3,1,5,21,24],[7,15,11,19,9,17,3,23,1,5,21,12,24],[23,3,21,1,7,5,11,9,24,15,19,17],[11,23,3,7,19,17,15,9,5,1,21,12,24],[23,19,11,17,3,7,15,9,5,1,21,24],[7,23,5,11,15,19,17,3,9,1,21,12,24],[3,15,11,19,17,7,23,5,9,1,21,24],[23,19,3,11,17,15,7,1,9,5,21,24],[7,23,5,3,1,19,11,17,15,9,21,24],[11,23,19,17,7,15,3,1,9,5,21,24],[19,7,23,3,11,17,15,1,9,5,21,24],[19,11,17,7,15,23,3,5,1,9,21,12,24],[3,23,1,7,21,5,11,9,12,24,15,19,17],[19,7,23,15,3,11,9,17,1,5,21,12,24],[15,3,19,11,9,17,7,23,5,1,21,24],[3,15,7,1,11,23,19,9,17,5,21,12,24],[19,23,7,3,15,11,9,17,5,1,21,24],[19,11,17,3,23,15,7,9,5,1,21,12,24],[11,3,19,17,7,15,23,1,9,8,5,21,24],[7,11,3,15,19,9,17,23,1,5,21,24],[19,23,15,11,9,17,3,7,1,5,21,24],[19,11,17,3,7,23,15,9,1,5,21,12,24],[15,11,19,17,3,7,23,1,9,5,21,12,24],[23,11,3,7,19,9,17,15,1,5,21,12,24],[11,23,7,3,19,9,17,15,5,1,21,24],[7,11,23,15,19,9,17,3,1,5,21,24],[19,7,3,23,15,11,17,1,9,5,21,12,24],[11,3,19,9,17,7,23,15,5,1,21,12,24],[23,15,3,1,11,7,19,9,17,21,12,24],[3,19,23,15,11,9,17,7,1,5,21,24],[15,3,19,23,7,11,9,17,1,5,21,12,24],[23,15,3,1,19,11,17,7,9,5,21,24],[15,11,19,17,7,3,23,9,5,1,21,12,24],[19,7,23,15,3,11,17,1,9,5,21,24],[11,23,3,15,19,17,7,5,1,21,9,12,24],[11,7,19,9,17,15,23,3,5,1,21,24],[11,7,23,19,17,15,3,1,5,9,21,12,24],[23,19,11,17,15,3,7,9,5,1,21,12,24],[15,19,23,11,9,17,7,3,1,5,21,12,24],[11,7,15,23,3,19,17,9,5,1,21,24],[3,7,1,19,11,17,23,15,9,5,21,24],[11,19,9,17,15,7,23,3,1,5,21,24],[23,19,15,3,11,9,17,7,5,1,21,12,24],[19,23,15,11,9,17,3,7,1,5,21,24],[23,11,3,15,19,17,7,1,5,9,21,24],[7,11,19,17,23,15,3,9,5,1,21,12,24],[19,3,15,23,11,17,7,5,9,1,21,24],[7,23,5,3,1,15,19,11,9,17,21,12,24],[3,15,7,1,11,19,17,23,5,21,9,12,24],[23,15,19,7,11,9,17,3,1,5,21,12,24],[23,15,7,21,19,17,5,11,9,24,3,1],[23,11,19,9,17,7,3,15,1,5,21,12,24],[3,15,7,5,23,21,1,19,17,11,9,12,24],[15,23,11,19,9,17,3,7,1,5,21,12,24],[7,11,15,19,17,3,23,1,9,5,21,24],[15,19,7,23,11,17,3,5,9,1,21,12,24],[3,7,1,15,23,21,5,19,17,11,9,24],[3,23,21,1,11,9,12,24,7,15,19,17],[3,11,15,23,7,19,17,9,1,5,21,12,24],[19,7,3,15,11,17,23,9,1,5,21,12,24],[7,11,23,19,9,17,3,15,1,5,21,12,24],[3,15,7,1,11,23,19,17,5,21,9,24],[7,3,5,19,15,11,9,17,23,1,21,24],[15,11,23,19,9,17,7,3,1,5,21,12,24],[11,15,3,23,19,17,7,9,1,5,21,12,24],[3,11,15,19,9,17,23,7,1,5,21,12,24],[23,19,15,3,11,9,17,7,1,5,21,12,24],[23,7,21,5,11,9,24,15,3,19,17,1],[3,23,21,1,7,5,19,17,15,11,9,12,24],[19,15,3,23,11,17,7,9,1,5,21,24],[7,19,15,23,3,11,9,17,1,5,21,12,24],[7,3,1,11,15,19,9,17,23,5,21,24],[7,23,21,5,15,3,1,19,17,11,9,12,24],[11,7,3,23,19,9,17,15,1,5,21,24],[7,19,11,17,3,23,15,5,9,1,21,24],[11,23,3,15,19,17,7,1,9,5,21,12,24],[7,15,11,23,3,19,17,1,5,9,21,12,24],[3,7,5,15,11,23,19,9,17,1,21,24],[7,15,3,5,19,23,11,9,17,1,21,24],[23,7,5,3,1,11,15,19,9,17,21,12,24],[7,23,5,15,19,11,9,17,3,1,21,24],[15,19,7,3,11,9,17,23,1,5,21,12,24],[11,23,3,7,15,19,9,17,1,5,21,12,24],[7,23,5,3,1,19,11,9,17,15,21,12,24],[19,7,23,3,11,9,17,15,1,5,21,24],[11,15,7,19,9,17,3,23,5,1,21,12,24],[3,19,11,17,15,7,23,9,1,5,21,24],[7,19,3,23,15,11,9,17,1,5,21,12,24],[23,19,3,11,17,7,15,9,5,1,21,24],[3,19,15,23,11,9,17,7,5,1,21,12,24],[15,7,23,21,5,11,9,12,24,19,17,3,1],[3,11,7,23,15,19,9,17,1,5,21,12,24],[23,19,3,15,11,17,7,1,5,9,21,24],[23,11,19,17,15,7,3,5,1,9,21,12,24],[3,23,1,11,7,19,17,15,5,9,21,24],[19,15,7,23,11,9,17,3,1,5,21,24],[7,11,19,17,15,23,3,1,5,21,9,12,24],[23,3,21,1,19,17,11,9,24,7,15,5],[23,15,11,7,19,17,3,9,1,5,21,12,24],[3,7,1,19,23,15,11,17,9,5,21,24],[3,23,1,19,7,15,11,9,17,5,21,12,24],[7,23,5,11,15,19,9,17,3,1,21,24],[15,23,7,21,5,19,17,11,9,24,3,1],[15,3,19,7,11,17,23,1,5,21,9,12,24],[19,15,3,7,11,9,17,23,1,5,21,12,24],[19,7,3,11,9,17,15,23,1,5,21,24],[7,15,11,3,23,19,9,17,5,1,21,24],[19,3,23,15,7,11,9,17,1,5,21,24],[11,23,3,7,19,9,17,15,5,1,21,12,24],[3,15,11,19,9,17,7,23,1,5,21,24],[7,11,15,3,19,9,17,23,5,1,24],[19,15,7,3,23,11,17,5,1,9,21,12,24],[11,3,23,15,19,17,7,9,1,5,21,12,24],[19,3,23,11,9,17,7,15,5,1,21,12,24],[19,23,3,11,9,17,15,7,1,5,21,12,24],[23,11,15,7,3,19,9,17,5,1,21,12,24],[19,11,9,17,7,15,3,23,1,5,21,12,24],[3,7,1,11,23,15,19,9,17,5,21,24],[7,23,21,5,15,19,17,11,9,24,3,1],[11,7,3,23,19,9,17,15,5,1,21,24],[7,11,3,15,23,19,9,17,5,1,21,12,24],[3,19,11,17,23,7,15,9,1,5,21,24],[23,7,5,15,11,19,17,3,1,21,9,24],[7,23,5,3,1,11,19,9,17,15,21,12,24],[23,19,3,15,11,17,7,9,1,5,21,24],[15,19,3,7,11,17,23,9,5,1,21,24],[15,19,11,17,23,7,3,1,9,5,21,12,24],[11,23,15,3,7,19,17,9,5,1,21,24],[15,7,19,11,17,23,3,9,5,1,21,12,24],[19,11,17,15,23,7,3,9,1,5,21,24],[19,23,3,7,11,17,15,9,1,5,21,12,24],[7,15,11,3,19,17,23,1,5,21,9,24],[19,3,11,17,23,15,7,9,1,5,21,12,24],[11,3,19,17,7,23,15,1,9,5,21,12,24],[11,23,19,9,17,3,15,7,1,5,21,12,24],[7,11,15,23,19,17,3,9,1,5,21,24],[7,23,21,5,11,9,24,15,19,17,3,1],[19,3,15,23,7,11,17,9,5,1,21,12,24],[15,19,23,3,7,11,9,17,1,5,21,12,24],[15,19,23,3,7,11,17,1,5,9,21,24],[7,15,11,3,19,17,23,5,9,1,21,12,24],[15,11,7,19,17,3,23,1,5,9,21,24],[11,23,19,17,3,7,15,9,1,5,21,12,24],[15,7,23,21,5,11,9,12,24,3,19,17,1],[15,3,23,1,7,21,5,11,9,12,24,19,17],[11,15,7,23,19,17,3,9,1,5,21,12,24],[7,19,15,23,3,11,17,1,9,5,21,12,24],[23,11,15,3,19,9,17,7,1,5,21,24],[11,15,7,3,23,19,9,17,5,1,21,12,24]],"n_human":9}