{"problem_id":"xTfqufUPmFL5ZUQ","sigma":150,"alpha":10.000,"cost":0,"probabilities":"[0.22, 0.21, 0.37, 0.2]","payoff_matrix":"[[31, 66, -106, 20, 39, 7], [89, -69, -144, 157, -220, 133], [-145, -48, -23, -37, 193, -289], [41, 8, 34, 17, -102, 0]]","uncovered":[[7,23,15,11,3,19,17,8,5,10],[15,7,3,19,23,11,9,14,17,13],[7,15,11,23,19,3,17,9],[23,7,11,19,3,15,17,9],[11,19,23,15,7,3,12,17,18,9,13,14,16,20,5,6],[23,15,11,19,7,3,14,17,13,18,20,16,9,5,6],[7,3,19,15,23,11,20,10,14,13,17,18,16,5,6],[7,3,23,15,11,19,10,17],[23,3,11,15,19,7,13,17,16],[3,23,11,15,19,7,9,18,13,17,14,20,16,5,6],[7,23,15,11,19,3,18,9,13,17,14,16,20,5,6],[23,19,7,11,15,3,18,9,13,17,14,20,16,5,6],[19,3,23,7,15,11,17,10],[19,15,7,11,3,23,20,9,14,17,13,18,16,5,6],[19,23,15,7,3,11,9,6,21,14,17],[3,7,11,23,15,19,9,13,5,17],[19,11,23,15,3,7,17,6],[11,15,23,7,19,3,14,17,13,18,20,16,9,5,6],[7,23,11,19,3,15,13,17,12],[15,23,3,11,19,7,20,9,14,17,13,18,16,5,6],[23,11,7,15,3,19,9,5,17],[23,19,11,7,15,3,17,10],[23,7,19,11,15,3,10,16,5,18,17,6,13,14,20],[3,15,19,23,11,7,17,5,14,13,18,20,16,6,9],[3,7,23,11,19,15,9,17],[3,23,11,7,19,15,17,14,13,18,20,16,9,5,6],[15,7,19,23,11,3,20,9,13,14,17,18,16,5,6],[7,11,19,15,23,3,17,14,13,18,20,16,9,5,6],[11,15,3,23,19,7,17,16,9],[11,19,7,15,23,3,20,9,14,17,13,18,16,5,6],[15,19,23,11,3,7,18,9,13,17,14,20,16,5,6],[23,15,3,11,19,7,24,12,20,17,10,14,13,18,16,5,6],[15,11,23,7,19,3,5,18,17,6,9,13,14,20,16],[11,3,7,15,23,19,9,17],[7,3,11,15,19,23,9,22,13,17],[7,3,23,15,19,11,18,9,13,17,14,20,16,5,6],[19,7,3,23,15,11,18,9,13,17,14,16,20,5,6],[3,15,7,19,23,11,5,17,8,12],[23,15,7,19,3,11,9,16,20,5,17],[3,11,7,23,19,15,17,14,13,18,20,16,9,5,6],[11,3,15,23,7,19,9,16,4,17],[19,7,11,23,15,3,18,9,13,17,14,20,16,5,6],[3,23,7,15,19,11,18,9,13,17,14,20,16,5,6],[11,15,19,3,7,23,12,17,10],[15,7,11,3,23,19,20,9,13,5,17],[3,19,15,23,11,7,18,9,13,17,14,20,16,5,6],[3,7,15,19,23,11,9,17],[15,19,7,23,11,3,12,17,13],[7,3,11,15,19,23,10,8,14,17,13],[3,19,7,11,23,15,9,14,18,17,13,16,20,5,6],[15,7,23,3,19,11,13,17,12],[23,11,3,15,7,19,16,9,8,18,17,13,14,20,5,6],[3,19,7,15,11,23,9,14,13,17],[3,7,19,15,23,11,17,24,9],[19,15,11,23,7,3,17,9],[15,3,11,19,7,23,9,18,13,17,16,14,20,5,6],[7,15,19,11,3,23,17,13,10],[15,23,11,19,7,3,13,17,9],[7,23,15,19,3,11,9,17],[11,15,23,7,3,19,9,18,13,17,14,16,20,5,6],[15,19,3,7,11,23,10,18,13,17,14,20,16,5,6],[19,7,15,3,11,23,13,17,9],[3,19,7,15,23,11,9,13,17],[19,7,11,23,3,15,17,13,5,18,6,9,14,20,16],[11,15,3,23,19,7,17,14,13,18,16,20,9,5,6],[7,23,19,3,11,15,13,18,9,17,14,20,16,5,6],[11,19,7,3,23,15,20,17,9,14,13,18,16,5,6],[3,19,7,23,15,11,16,10,5,17],[3,19,7,15,23,11,10,13,8,17],[15,3,19,11,23,7,17,12,18,9,13,14,16,20,5,6],[23,7,3,11,19,15,18,9,13,17,14,20,16,5,6],[7,3,15,19,23,11,5,18,17,6,9,13,14,16,20],[7,11,23,15,3,19,20,9,13,17],[23,3,15,19,11,7,9,13,8,17],[3,7,15,23,11,19,14,17,13,18,16,20,9,5,6],[11,15,7,3,19,23,18,9,13,17,14,20,16,5,6],[7,11,3,23,19,15,17,5,6],[3,23,19,15,11,7,1,17,9],[19,15,11,23,7,3,8,16,20,9,17],[7,3,11,23,19,15,17,9],[23,3,15,11,19,7,17,9],[7,3,15,23,19,11,14,18,17,13,20,16,9,5,6],[3,15,23,7,19,11,9,5,17],[23,15,11,3,7,19,13,9,20,14,17,18,16,5,6],[3,7,23,15,11,19,20,9,13,14,17,18,16,5,6],[23,19,11,15,3,7,10,16,20,17],[23,7,19,11,15,3,12,18,17,9,13,14,20,16,5,6],[19,11,23,15,7,3,20,9,13,17],[11,7,15,19,23,3,17,8,10],[7,19,11,3,15,23,12,20,10,14,13,17,18,16,5,6],[19,3,11,7,23,15,12,17,5,4,13],[19,11,23,3,15,7,9,20,13,17],[7,3,19,15,23,11,17,10],[23,15,19,7,3,11,12,17,9],[23,7,11,19,3,15,12,18,17,9,13,14,20,16,5,6],[15,11,7,19,3,23,10,18,13,17,14,16,20,5,6],[11,19,7,15,3,23,16,17,10],[11,3,15,23,7,19,9,17],[15,23,19,3,11,7,20,9,13,17],[19,7,23,11,15,3,10,6,18,13,17,14,20,16],[19,3,11,7,15,23,12,17,20,9,13],[11,15,3,23,19,7,14,17,13,18,16,20,9,5,6],[19,15,23,3,7,11,9,20,5,17,6],[11,19,15,3,23,7,5,17,18,6,9,13,14,20,16],[15,19,23,7,11,3,9,10,5,6,13],[7,19,11,15,3,23,10,17],[7,11,15,23,3,19,9,13,18,17,14,20,16,5,6],[19,3,23,15,7,11,18,9,13,17,14,16,20,5,6],[19,11,3,7,15,23,18,9,13,17,14,16,20,5,6],[19,15,11,23,3,7,20,9,14,17,13,18,16,5,6],[15,11,23,19,7,3,20,9,13,17],[15,23,7,3,19,11,10,8,17],[19,11,15,7,3,23,5,13,9,20,17],[3,7,11,15,23,19,9,20,14,13,17,18,16,5,6],[11,3,15,7,19,23,20,9,14,17,13,18,16,5,6],[11,7,15,3,19,23,24,17,9],[3,11,7,23,19,15,17,14,13,18,16,20,9,5,6],[15,7,23,19,11,3,20,10,13,17],[15,19,7,23,11,3,9,14,17,13],[23,15,7,11,19,3,17,5,10],[23,7,19,3,11,15,10,16,18,13,17,14,20,5,6],[23,7,11,19,3,15,20,9,13,17],[15,23,3,11,19,7,12,17,9],[15,7,3,11,19,23,13,16,17],[19,3,15,11,7,23,18,9,13,17,14,16,20,5,6],[15,11,23,19,7,3,17,16,2,13],[3,15,11,7,23,19,17,16,10],[7,11,3,19,23,15,9,8,13,18,17,14,20,16,5,6],[19,7,23,11,15,3,10,13,18,17,14,20,16,5,6],[19,3,11,15,7,23,10,16,13,18,17,14,20,5,6],[3,19,11,23,7,15,16,10,17],[3,11,7,15,23,19,18,9,13,17,14,16,20,5,6],[3,15,7,19,23,11,9,16,17],[15,19,7,23,11,3,17,16,9],[15,11,23,7,19,3,17,12,13],[11,19,3,15,23,7,12,18,17,9,13,14,20,16,5,6],[3,15,19,7,11,23,18,9,13,17,14,16,20,5,6],[7,15,11,3,19,23,20,9,13,17],[23,19,7,3,11,15,20,12,18,9,13,17,14,16,5,6],[15,19,23,7,3,11,9,13,18,17,14,20,16,5,6],[7,23,11,19,15,3,20,9,17,8,13],[11,7,19,15,23,3,20,9,13,17],[19,3,7,11,23,15,20,9,13,18,17,14,16,5,6],[19,15,11,23,3,7,18,9,13,17,14,16,20,5,6],[15,3,19,7,23,11,20,12,9,13,17],[3,19,23,11,15,7,14,17,16,18,13,20,9,5,6],[11,19,3,15,7,23,14,17,13,18,20,16,9,5,6],[7,23,3,15,19,11,9,18,13,17,14,20,16,5,6],[3,15,11,19,7,23,17,12,6],[7,11,3,19,23,15,10,20,13,17],[19,23,7,11,15,3,16,12,17],[15,19,11,7,3,23,12,18,9,13,17,14,16,20,5,6],[19,23,3,11,7,15,17,16,10],[19,7,15,11,23,3,16,9,17],[23,19,7,15,11,3,9,13,17],[11,7,15,3,23,19,10,16,17],[15,3,11,7,23,19,12,17,5,8],[19,7,3,15,11,23,10,14,17,13],[7,15,3,11,19,23,16,18,9,17,13,14,20,5,6],[11,23,19,15,7,3,20,9,13,16,17],[23,19,15,7,3,11,12,17,5,10],[7,3,15,23,11,19,17,14,13,18,16,20,9,5,6],[11,3,23,7,15,19,18,9,13,17,14,20,16,5,6],[15,23,19,3,11,7,20,9,17,13],[3,11,19,15,23,7,17,13,10],[11,23,7,3,15,19,10,17],[7,23,15,11,3,19,8,18,9,13,17,14,20,16,5,6],[23,7,11,3,19,15,12,20,9,16,17],[19,3,15,23,11,7,9,8,13,18,17,14,20,16,5,6],[7,11,23,3,15,19,12,6,17],[15,3,7,23,19,11,17,22,6],[19,11,3,23,15,7,9,14,17,13],[11,15,7,19,23,3,20,14,17,13,18,16,9,5,6],[7,3,15,23,19,11,14,17,13,18,16,20,9,5,6],[3,19,15,23,7,11,17,8,20,9],[11,15,3,7,23,19,17,13,9],[15,7,23,3,19,11,13,17,10],[23,19,11,3,7,15,14,17,13,18,20,16,9,5,6],[23,3,11,19,15,7,18,9,13,17,14,20,16,5,6],[3,7,23,19,15,11,16,17,13],[11,19,3,15,7,23,17,10],[15,23,3,19,11,7,10,6,14,17],[15,7,11,23,19,3,9,14,17,13],[3,19,7,11,15,23,20,9,13,18,17,14,16,5,6],[3,15,11,23,7,19,17,12,20,9,13],[15,23,3,7,11,19,13,17,10],[15,11,3,19,7,23,13,20,9,14,17,18,16,5,6],[11,3,7,23,19,15,9,18,17,13,14,16,20,5,6],[7,19,15,11,3,23,9,5,20,17,8],[11,7,19,23,15,3,10,17],[11,3,15,23,7,19,12,17,9],[3,15,11,7,23,19,9,13,17],[3,7,11,23,15,19,9,14,17,13],[11,15,19,7,23,3,17,10],[7,15,19,3,23,11,10,17],[7,11,15,23,3,19,10,5,17],[23,3,7,19,15,11,14,17,13,18,16,20,9,5,6],[19,15,7,11,3,23,5,18,17,6,9,13,14,20,16],[19,15,23,7,11,3,17,5,10],[7,3,15,11,23,19,9,13,17],[11,19,3,15,23,7,12,17,13],[7,15,3,11,19,23,10,18,13,17,14,16,20,5,6],[15,7,11,19,3,23,17,8,14,20,13,18,16,9,5,6],[11,23,7,19,3,15,12,17,14,13,18,20,16,9,5,6],[7,19,23,11,3,15,12,20,9,13,17],[11,19,23,7,15,3,10,16,20,13,17],[3,15,19,23,11,7,20,9,14,17,13,18,16,5,6],[3,7,15,23,11,19,17,9],[15,23,11,19,7,3,10,18,13,17,14,20,16,5,6],[11,23,15,19,3,7,9,6,18,13,17,14,20,16],[23,19,15,7,3,11,9,13,17],[15,3,23,7,11,19,9,13,20,17],[3,23,11,19,7,15,9,13,14,17],[3,11,19,7,23,15,9,6,16,17],[3,23,15,11,7,19,17,4,9],[3,19,15,11,7,23,17,12,9],[19,3,7,15,11,23,9,14,17,18,13,20,16,5,6],[15,7,11,23,3,19,9,13,16,17],[19,15,7,11,23,3,17,18,9,13,14,20,16,5,6],[19,15,23,7,11,3,10,17],[3,15,7,19,23,11,17,10],[19,23,3,15,11,7,17,9],[23,15,7,3,11,19,9,5,20,17,13],[3,7,23,11,19,15,14,17,13,18,16,20,9,5,6],[7,19,15,11,23,3,9,6,13,20,17],[7,11,19,3,23,15,14,17,13,18,20,16,9,5,6],[15,3,7,11,19,23,10,17],[11,3,19,7,15,23,9,20,13,5,6,17],[15,7,23,19,11,3,17,24,20,9,5,13],[19,23,15,7,3,11,17,16,5,12],[7,19,11,3,23,15,17,9],[11,23,7,19,3,15,17,14,13,20,18,16,9,5,6],[15,7,19,23,3,11,9,13,5,17],[3,19,11,7,15,23,9,17],[7,23,11,19,3,15,17,5,10],[15,3,11,23,19,7,9,18,13,17,14,16,20,5,6],[3,23,15,11,19,7,9,6,17],[7,11,15,23,3,19,10,17],[15,23,7,11,19,3,12,18,17,9,13,14,20,16,5,6],[19,7,15,3,11,23,9,18,13,17,14,16,20,5,6],[15,23,3,7,19,11,12,18,17,9,13,14,20,16,5,6],[3,23,15,19,7,11,17,8,10],[11,23,3,15,7,19,12,17,9],[3,15,7,23,19,11,12,17,20,9,13],[11,3,15,19,7,23,10,4,17],[3,19,23,11,15,7,17,9],[23,7,19,11,15,3,9,18,13,17,14,20,16,5,6],[15,7,11,23,3,19,5,17,9],[7,15,11,3,19,23,17,5,9],[19,7,23,15,3,11,17,16,10],[23,3,7,15,19,11,18,9,13,17,14,20,16,5,6],[7,3,19,11,23,15,20,9,13,17],[15,7,19,23,11,3,17,12,13],[23,3,7,11,15,19,17,5,2,13],[23,7,3,15,11,19,10,14,17,13],[23,19,7,3,11,15,18,9,13,17,14,20,16,5,6],[23,15,19,7,11,3,18,9,13,17,14,20,16,5,6],[23,7,15,11,3,19,13,18,9,17,14,20,16,5,6],[11,15,3,23,7,19,10,14,17,13],[3,19,23,11,15,7,17,22,10],[23,3,11,15,7,19,9,18,13,17,14,16,20,5,6],[19,15,7,11,3,23,10,17],[7,3,23,19,11,15,6,9,18,13,17,14,20,16],[11,23,7,3,19,15,18,9,13,17,14,20,16,5,6],[3,19,11,23,7,15,13,17,12],[11,15,23,7,3,19,13,9,17],[19,11,3,15,7,23,9,13,17],[23,3,15,7,19,11,12,17,13],[19,11,7,3,23,15,9,20,13,17],[19,3,7,11,23,15,10,17],[3,11,19,7,23,15,9,20,13,18,17,14,16,5,6],[7,3,15,11,19,23,17,20,9,16,5],[7,3,23,15,11,19,16,9,1,6,17],[3,19,11,15,23,7,12,18,9,13,17,14,16,20,5,6],[15,7,11,23,19,3,16,20,9,17,13],[23,15,19,3,11,7,9,13,18,17,14,20,16,5,6],[11,19,15,3,23,7,17,16,9],[23,11,15,7,3,19,6,10,13,17],[11,19,23,7,15,3,17,10],[7,19,11,3,15,23,17,5,10],[7,23,15,19,3,11,18,9,13,17,14,16,20,5,6],[15,11,23,7,3,19,17,9],[15,7,19,11,3,23,12,18,9,13,17,14,16,20,5,6],[15,19,3,11,23,7,9,8,13,18,17,14,20,16,5,6],[19,23,15,7,11,3,20,9,13,17],[15,11,23,3,19,7,20,9,14,13,17,18,16,5,6],[23,11,15,19,7,3,18,9,13,17,14,16,20,5,6],[23,11,15,19,3,7,9,14,17,13],[15,7,11,3,23,19,18,9,13,17,14,16,20,5,6],[7,3,15,11,23,19,17,10],[11,3,7,15,19,23,18,9,13,17,14,16,20,6],[19,11,3,23,7,15,17,14,20,13,18,16,9,5,6],[11,19,3,23,7,15,20,9,13,18,17,14,16,5,6],[11,7,3,23,19,15,9,17],[19,3,15,11,23,7,12,17,16],[23,15,7,11,19,3,20,9,5,17,6],[19,7,15,3,11,23,18,9,13,17,14,20,16,5,6],[7,23,15,3,11,19,12,17,14,13,18,16,20,9,5,6],[15,11,19,23,3,7,17,14,13,18,20,16,9,5,6],[7,3,19,23,15,11,9,5,17],[11,19,23,15,3,7,24,18,9,13,17,14,16,20,5,6],[19,7,11,15,3,23,12,17,13],[19,23,11,3,15,7,9,5,17],[3,23,7,11,15,19,20,9,13,17],[3,11,19,7,15,23,17,20,9,13],[11,7,15,3,19,23,9,20,13,18,17,14,16,5,6],[3,15,7,11,23,19,17,12,16],[15,19,3,7,23,11,16,18,9,17,13,14,20,5,6],[23,7,11,15,3,19,18,9,13,17,14,20,16,5,6],[19,11,3,7,23,15,14,17,18,13,20,16,9,5,6],[3,7,19,23,15,11,9,17],[15,19,23,11,7,3,10,13,5,18,17,6,14,16,20],[15,7,3,11,23,19,5,9,17],[15,7,11,19,3,23,6,18,9,13,17,14,16,20],[3,7,15,23,19,11,17,22,24,12,10],[15,7,11,3,19,23,18,9,13,17,14,16,20,5,6],[11,7,3,19,15,23,9,6,20,14,17,13,18,16],[7,11,15,23,19,3,16,18,9,13,17,14,20,5,6],[11,3,19,23,7,15,13,9,17],[15,7,23,3,11,19,18,9,13,17,14,16,20,5,6],[3,15,7,11,19,23,13,10,18,17,14,20,16,5,6],[11,23,19,15,7,3,5,18,17,6,9,13,14,20,16],[23,15,19,11,7,3,10,14,17,13],[11,7,23,3,15,19,18,9,13,17,14,20,16,5,6],[3,7,19,15,11,23,10,20,13,17],[7,23,15,11,3,19,10,17],[23,11,19,3,15,7,14,17,13,18,20,16,9,5,6],[15,11,3,7,19,23,8,10,17],[7,3,11,23,15,19,17,10],[7,15,11,3,23,19,18,9,13,17,14,20,16,5,6],[3,7,15,19,23,11,5,18,17,6,9,13,16,14,20],[15,7,23,19,11,3,14,17,13,18,20,16,9,5,6],[19,3,15,23,11,7,20,9,14,17,13,18,16,5,6],[15,19,23,3,7,11,10,13,20,17],[19,23,7,11,3,15,9,20,13,17],[3,19,11,15,23,7,10,20,14,17,13,18,16,5,6],[7,15,23,3,11,19,17,13,9],[19,7,23,11,15,3,13,6,17],[7,11,3,15,23,19,8,16,10,18,13,17,14,20,5],[15,3,11,19,7,23,20,9,13,17],[15,11,19,7,23,3,9,13,17],[3,19,15,23,7,11,17,12,9],[23,19,7,15,3,11,9,18,13,17,14,20,16,5,6],[11,3,15,7,23,19,17,12,13],[3,23,15,19,11,7,10,17],[23,7,15,3,19,11,12,6,17],[3,19,15,7,11,23,10,18,13,17,14,20,16,5,6],[19,15,23,3,11,7,9,16,8,17],[11,19,3,15,23,7,12,18,9,13,17,14,20,16,5,6],[7,11,23,19,15,3,20,9,17,13],[3,15,11,23,7,19,18,9,13,17,14,20,16,5,6],[19,15,3,11,23,7,10,20,13,17],[11,23,15,3,19,7,9,6,16,17],[11,3,23,7,15,19,18,9,13,17,14,20,16,5,6],[3,19,11,15,23,7,20,9,13,17],[3,23,19,7,15,11,20,17,9,16,14,13],[23,11,7,15,19,3,18,9,13,17,14,20,16,5,6],[7,11,23,19,15,3,18,9,13,17,14,16,20,5,6],[7,23,15,3,11,19,9,5,6,13,17],[15,23,11,7,3,19,9,17],[7,23,15,19,3,11,17,12,6],[11,7,19,15,3,23,20,9,13,17],[11,3,19,15,7,23,16,9,18,17,13,14,20,5,6],[7,19,15,3,23,11,17,10],[19,7,15,11,23,3,18,9,13,17,14,20,16,5,6],[3,11,15,7,19,23,20,9,13,17],[15,3,11,23,7,19,4,9,18,13,17,14,16,20,6],[23,3,19,7,15,11,10,13,2,17],[15,7,3,11,19,23,18,9,13,17,14,16,20,5,6],[15,7,23,19,11,3,18,9,13,17,14,16,20,5,6],[23,3,7,11,19,15,12,20,10,13,18,17,14,16,5,6],[3,15,19,11,23,7,20,9,5,17,6],[23,7,19,3,11,15,9,17],[19,3,11,15,7,23,20,9,13,17],[15,3,7,23,19,11,17,14,13,18,20,16,9,5,6],[23,7,19,15,11,3,9,21,16,4,20,17],[7,11,23,19,3,15,9,5,20,17,13],[3,11,19,7,23,15,6,18,9,13,17,14,16,20],[7,3,11,15,23,19,17,10],[19,23,3,11,15,7,10,16,13,20,17],[7,15,3,11,23,19,14,17,13,20,18,16,9,5,6],[23,3,15,19,7,11,13,17,2,16],[19,3,15,7,23,11,20,9,14,17,13,18,16,5,6],[3,23,7,15,19,11,13,10,17],[11,15,23,7,3,19,18,9,13,17,14,20,16,5,6],[3,19,11,15,7,23,10,5,13,17],[15,11,19,23,3,7,17,9],[19,7,11,23,15,3,12,18,9,13,17,14,16,20,5,6],[23,7,19,11,15,3,18,9,13,17,14,20,16,5,6],[7,19,23,15,3,11,17,1,9],[19,7,15,11,23,3,17,16,12],[11,7,3,15,23,19,10,16,18,13,17,14,20,5,6],[11,19,7,15,23,3,9,18,13,17,14,20,16,5,6],[3,7,11,23,15,19,20,9,13,17],[23,19,3,15,7,11,10,5,18,17,6,13,14,16,20],[11,23,15,7,3,19,9,16,14,17],[11,23,7,3,15,19,17,13,16],[7,3,19,15,23,11,12,18,9,13,17,14,16,20,5,6],[23,19,15,11,7,3,18,9,13,17,14,20,16,5,6],[19,3,11,23,7,15,6,18,9,13,17,14,16,20],[3,15,19,11,7,23,6,13,12,18,9,17,14,16,20],[3,11,15,7,19,23,9,14,17,20,13,18,16,5,6],[3,19,15,11,23,7,18,9,13,17,14,20,16,5,6],[3,19,7,15,23,11,17,2,10],[11,15,23,3,19,7,13,17,9],[7,15,11,19,3,23,17,6],[3,19,11,15,23,7,12,17,8],[23,15,11,19,7,3,6,12,18,17,9,13,14,20,16],[11,15,19,3,7,23,12,17,10],[23,15,3,19,11,7,10,16,18,13,17,14,20,6],[15,7,3,11,19,23,10,14,17,13],[15,19,3,11,7,23,20,9,13,17],[23,3,7,15,19,11,14,17,13,20,18,16,9,5,6],[19,15,23,3,11,7,16,10,13,8,18,17,14,20,5],[23,19,7,11,15,3,20,9,14,13,17,18,16,5,6],[23,7,3,11,19,15,12,14,17,13,18,16,20,9,5,6],[19,15,3,7,11,23,9,8,16,20,17],[19,15,11,23,7,3,14,17,13,18,20,16,9,5,6],[3,15,7,11,23,19,17,9],[15,19,7,11,3,23,9,17],[3,15,19,7,11,23,10,14,17,13],[23,3,11,19,15,7,14,17,13,18,16,20,9,5,6],[19,23,3,7,11,15,17,6],[3,19,23,11,15,7,18,9,13,17,14,16,20,5,6],[11,15,7,19,3,23,9,13,17],[11,7,3,19,15,23,9,16,18,13,17,14,20,5,6],[19,3,7,15,11,23,9,13,17],[15,7,11,19,23,3,9,18,13,17,14,20,16,5,6],[15,7,19,23,3,11,14,17,13,20,18,16,9,5,6],[19,15,7,23,3,11,8,18,9,13,17,14,16,20,5,6],[11,7,19,3,15,23,20,9,13,17],[19,15,23,11,3,7,14,17,13,18,20,16,9,5,6],[19,15,7,11,3,23,18,9,13,17,14,16,20,5,6],[11,3,7,15,19,23,16,9,5,18,17,6,13,14,20],[11,19,15,7,23,3,10,17],[23,19,7,3,11,15,17,13,16],[15,23,11,7,19,3,16,20,9,17,13],[3,11,15,19,7,23,9,18,13,17,14,20,16,5,6],[7,3,11,15,23,19,17,13,12],[3,23,19,7,11,15,9,20,13,17],[11,19,23,3,15,7,5,17,2,14,13,18,20,16,6,9],[23,7,19,11,3,15,20,9,14,17,13,18,16,5,6],[15,7,23,19,11,3,17,12,8],[19,15,23,3,7,11,20,9,13,17],[11,19,7,15,23,3,20,10,13,17],[15,7,3,23,11,19,14,17,13,18,20,16,9,5,6],[15,23,7,19,3,11,9,13,18,17,14,16,20,5,6],[11,7,19,15,3,23,10,14,17,13],[7,3,15,11,23,19,9,8,21,17],[7,23,11,19,3,15,10,14,17,20,13,18,16,5,6],[23,15,19,3,11,7,9,13,17],[23,3,15,11,19,7,5,18,17,6,9,13,14,20,16],[15,7,3,23,19,11,17,8,12],[15,7,11,19,3,23,17,6],[19,15,11,7,3,23,14,17,13,18,20,16,9,5,6],[3,15,11,19,23,7,13,9,17],[15,23,7,3,19,11,9,24,8,18,13,17,14,20,16,5],[7,19,3,11,15,23,10,20,13,17],[19,11,3,23,15,7,10,18,13,17,14,20,16,5,6],[7,11,23,19,3,15,13,9,17],[11,7,23,3,15,19,6,13,17],[11,3,7,15,19,23,18,9,13,17,14,20,16,5,6],[11,7,15,19,3,23,14,17,13,20,18,16,9,5,6],[19,3,23,11,7,15,10,21,5,18,17,6,13,14,20,16],[15,23,7,19,11,3,16,17,21,9],[7,11,3,19,23,15,16,18,9,17,13,14,20,5,6],[3,11,19,15,23,7,13,9,18,17,14,16,20,5,6],[23,19,7,11,15,3,17,2,13,12],[19,7,15,3,11,23,18,9,13,17,14,20,16,5,6],[19,3,23,11,7,15,6,9,16,13],[19,11,23,15,3,7,16,12,17],[23,7,3,11,15,19,5,12,17,9],[23,3,11,7,15,19,5,17,9],[19,3,7,11,15,23,5,17,16,10],[7,3,19,15,23,11,10,20,13,5,17],[15,23,3,7,19,11,9,20,13,17],[23,15,7,19,11,3,10,5,17],[7,23,19,15,3,11,9,13,17],[15,11,19,7,23,3,17,6],[3,23,15,11,19,7,17,10],[11,19,7,15,3,23,9,8,13,17],[7,3,19,11,23,15,17,9],[15,23,11,19,3,7,9,17],[11,19,3,7,15,23,18,9,13,17,14,20,16,5,6],[11,19,7,15,3,23,18,9,13,17,14,16,20,5,6],[15,11,19,7,23,3,13,17,9],[23,15,3,11,19,7,6,9,16,18,13,17,14,20],[11,3,19,7,15,23,4,12,17,13],[3,19,7,15,23,11,18,9,13,17,14,20,16,5,6],[15,3,19,11,23,7,12,17,18,9,13,14,16,20,5,6],[15,7,23,11,19,3,9,16,5,17],[23,11,15,19,3,7,9,13,17],[3,19,15,7,23,11,12,17,4,8],[11,7,3,23,19,15,9,13,18,17,14,16,20,5,6],[15,7,23,3,19,11,9,13,17],[15,3,19,23,7,11,20,9,14,17,13,18,16,5,6],[23,7,15,3,19,11,9,13,5,18,17,6,14,16,20],[11,23,7,19,15,3,18,9,13,17,14,20,16,5,6],[3,7,11,15,19,23,5,18,17,6,9,13,14,20,16],[19,3,7,23,15,11,9,18,13,17,14,16,20,5,6],[15,19,7,11,3,23,8,17,14,13,18,20,16,9,5,6],[3,23,11,15,7,19,13,17,12],[15,3,7,23,11,19,20,9,18,13,17,14,16,5,6],[23,3,7,11,15,19,9,13,16,18,17,14,20,5,6],[11,3,15,19,23,7,20,9,13,14,17,18,16,5,6],[11,7,23,3,19,15,8,10,17],[7,3,19,23,11,15,9,14,17,13],[3,15,19,11,7,23,20,9,13,17],[7,19,3,11,15,23,9,18,13,17,14,16,20,5,6],[3,7,23,11,19,15,17,12,6],[7,3,23,19,11,15,8,20,9,13,18,17,14,16,5,6],[15,11,7,3,19,23,20,9,13,18,17,14,16,5,6],[11,23,3,15,19,7,18,9,13,17,14,20,16,5,6],[23,19,15,3,7,11,17,12,5,10],[23,11,15,7,3,19,6,13,17],[23,11,15,3,19,7,18,9,13,17,14,16,20,5,6],[11,7,3,23,19,15,18,9,13,17,14,16,20,5,6],[3,19,23,11,15,7,17,18,9,13,14,20,16,5,6],[15,19,7,23,11,3,9,17],[19,23,7,3,15,11,18,9,13,17,14,16,20,5,6],[11,3,19,15,23,7,13,17,5],[15,3,7,23,19,11,9,13,6,17],[23,7,3,19,15,11,10,17],[3,19,7,23,15,11,17,18,9,13,14,20,16,5,6],[11,19,7,15,3,23,5,20,17,9,13],[7,15,3,11,23,19,18,9,13,17,14,16,20,5,6],[3,11,15,7,23,19,20,9,16,13,17],[7,11,15,3,23,19,1,17,16,13],[19,11,3,7,23,15,10,13,18,17,14,16,20,5,6],[3,15,19,7,11,23,10,14,17,20,13,18,16,5,6],[23,19,3,11,15,7,17,9],[11,3,7,23,15,19,5,18,17,6,9,13,14,16,20],[23,19,11,7,3,15,10,17],[11,7,23,19,15,3,5,6,9,13,17],[23,15,3,11,19,7,9,8,20,13,17],[15,7,3,23,19,11,16,18,9,17,13,14,20,5,6],[7,3,15,19,23,11,18,9,13,17,14,20,16,5,6],[11,19,23,7,3,15,18,9,13,17,14,16,20,5,6],[15,3,11,23,19,7,20,9,5,17,6],[23,11,19,3,15,7,20,9,13,17],[3,7,15,23,19,11,18,9,13,17,14,20,16,5,6],[15,11,7,23,3,19,9,16,20,5,17],[7,3,23,15,11,19,17,16,10],[23,19,3,11,7,15,10,13,18,17,14,20,16,5,6],[3,23,15,19,7,11,17,6],[7,3,23,11,19,15,12,17,5,9],[11,15,3,7,19,23,18,9,13,17,14,20,16,5,6],[19,7,15,3,23,11,12,17,10],[11,3,15,23,19,7,17,9],[3,19,7,23,15,11,17,12,20,9,13],[11,19,15,7,3,23,9,16,2,13,17],[23,3,19,11,15,7,17,10],[19,11,15,7,3,23,14,17,13,18,20,16,9,5,6],[7,15,19,23,11,3,12,20,9,13,17],[19,3,11,23,15,7,9,20,14,13,17,18,16,5,6],[3,7,19,23,11,15,17,13,5,12],[3,19,7,23,15,11,17,9],[19,23,3,15,11,7,18,9,13,17,14,16,20,5,6],[15,11,7,19,23,3,18,9,13,17,16,14,20,5,6],[11,19,7,15,23,3,18,9,13,17,14,20,16,5,6],[19,11,23,3,15,7,20,9,13,17],[15,19,23,7,3,11,17,9],[15,19,7,11,3,23,9,18,13,17,14,20,16,5,6],[11,23,7,3,15,19,20,9,13,18,17,14,16,5,6],[23,3,7,15,19,11,14,17,13,18,16,20,9,6],[19,3,15,11,7,23,17,10],[19,7,23,11,3,15,6,9,16,18,13,17,14,20],[15,11,23,19,3,7,17,16,13],[23,19,7,15,3,11,16,17,9],[23,19,7,15,3,11,18,9,13,17,14,16,20,5,6],[11,23,3,7,19,15,8,12,17],[11,7,3,23,15,19,20,10,13,17],[11,15,7,3,23,19,14,17,13,18,20,16,9,5,6],[15,3,7,11,19,23,6,12,17],[19,15,11,3,23,7,17,9],[19,11,7,3,15,23,17,9],[11,3,15,23,19,7,18,9,13,17,14,16,20,5,6],[3,11,19,7,15,23,13,10,18,17,14,20,16,5,6],[11,23,15,7,3,19,18,9,13,17,14,16,20,5,6],[15,3,23,11,19,7,17,12,16],[23,11,7,19,3,15,17,12,20,9,13],[7,11,15,3,19,23,9,13,18,17,14,16,20,5,6],[11,7,23,19,15,3,17,12,14,13,18,16,20,9,5,6],[3,7,15,23,19,11,10,13,18,17,14,20,16,5,6],[3,19,15,23,7,11,9,17],[23,11,7,19,15,3,9,17],[23,19,3,15,11,7,18,9,13,17,14,20,16,5,6],[3,23,19,15,11,7,1,16,5,17],[15,3,7,19,11,23,17,9],[23,11,15,3,7,19,17,10],[15,11,7,3,19,23,17,13,9],[11,7,19,15,23,3,17,8,16],[11,19,15,7,3,23,8,20,9,13,17],[7,3,15,19,11,23,17,16,9],[19,15,11,3,23,7,17,10],[23,3,15,7,19,11,10,6,18,13,17,14,16,20],[23,11,19,7,15,3,20,9,13,17],[3,15,7,19,11,23,20,9,13,17],[19,7,3,11,15,23,18,9,13,17,14,20,16,5,6],[19,11,3,15,23,7,16,10,18,17,13,14,20,5,6],[3,11,7,23,19,15,8,18,9,13,17,14,20,16,5,6],[23,11,7,3,19,15,17,14,13,18,20,16,9,5,6],[11,23,7,15,3,19,14,17,13,18,16,20,9,5,6],[11,23,19,3,15,7,10,8,20,16,13,17],[15,23,7,11,3,19,10,20,16,17],[19,11,23,15,3,7,16,9,18,17,13,14,20,5,6],[19,3,11,23,15,7,9,17],[7,15,23,11,19,3,10,17],[3,19,15,7,23,11,20,9,13,18,17,14,16,5,6],[3,23,11,15,19,7,17,13,1],[11,23,7,15,3,19,12,17,8],[15,19,7,23,3,11,9,16,17],[7,19,15,23,11,3,9,14,17,13],[7,15,23,19,11,3,12,17,9],[11,15,19,3,23,7,17,12,10],[19,7,3,23,11,15,20,9,14,17,13,18,16,5,6],[7,19,11,3,15,23,9,14,17,13],[7,15,23,3,19,11,18,9,13,17,14,20,16,6],[11,15,3,7,19,23,17,13,10],[3,23,15,19,11,7,9,16,20,17,14,13],[3,23,19,15,11,7,9,1,10,5,17],[15,19,11,7,3,23,9,14,17,13],[15,7,3,19,11,23,20,9,13,17],[11,19,23,7,15,3,17,9],[23,15,19,3,11,7,9,13,18,17,14,16,20,5,6],[3,7,11,19,23,15,17,10],[7,11,19,15,23,3,18,9,13,17,14,20,16,5,6],[3,11,7,23,19,15,18,9,13,17,14,20,16,5,6],[11,3,19,15,23,7,13,18,9,17,14,20,16,5,6],[3,11,23,15,19,7,17,9],[7,11,15,19,3,23,5,17,18,6,9,13,14,20,16],[11,7,23,3,19,15,17,10],[7,15,11,23,3,19,9,20,13,18,17,14,16,5,6],[11,19,23,7,3,15,10,14,17,13],[19,15,23,3,7,11,22,17,10],[7,15,23,11,19,3,12,17,10],[3,11,23,15,7,19,10,16,17],[15,19,23,7,3,11,17,10],[15,19,11,23,3,7,10,13,17],[19,7,23,11,3,15,9,5,17],[7,3,11,19,23,15,10,17],[7,15,3,11,19,23,18,9,13,17,14,20,16,5,6],[19,11,15,23,3,7,18,9,13,17,14,20,16,5,6],[7,23,11,19,15,3,17,9],[7,23,3,15,19,11,5,9,17],[19,7,3,23,11,15,9,13,20,17],[15,7,3,19,23,11,12,17,10],[3,7,23,19,15,11,12,18,9,13,17,14,20,16,5,6],[11,15,3,7,19,23,9,20,13,17],[11,23,3,19,15,7,10,17],[3,11,23,19,15,7,17,16,2,10],[11,7,3,23,15,19,9,16,5,13,17],[19,11,3,15,7,23,12,17,16],[15,11,7,23,3,19,10,20,13,16,18,17,14,5,6],[7,3,15,11,19,23,18,9,13,17,14,16,20,5,6],[3,19,23,15,7,11,9,6,14,17],[19,3,23,7,11,15,10,18,13,17,14,20,16,5,6],[15,11,19,7,3,23,12,18,9,13,17,14,20,16,5,6],[15,3,19,11,23,7,18,9,13,17,14,16,20,5,6],[3,15,11,7,19,23,17,10],[15,23,7,3,19,11,12,18,9,13,17,14,16,20,5,6],[15,3,19,23,7,11,17,14,13,18,16,20,9,5,6],[7,15,19,23,3,11,9,5,14,17,13],[7,19,3,11,15,23,18,9,13,17,16,14,20,5,6],[19,23,3,7,11,15,20,9,13,5,17],[7,3,23,19,11,15,17,9],[15,19,7,3,11,23,16,9,5,17],[23,11,7,3,15,19,17,13,21,5,12],[11,3,19,15,23,7,9,13,6,18,17,14,16,20],[7,19,15,3,11,23,17,12,9],[23,3,15,19,7,11,9,17],[3,15,23,11,19,7,18,9,13,17,14,20,16,5,6],[23,15,11,3,19,7,9,5,20,17,13],[23,3,19,15,7,11,20,10,14,17,13,18,16,5,6],[23,15,7,11,3,19,10,20,13,17],[19,15,7,3,11,23,9,14,17,13],[7,23,3,19,15,11,12,17,5,14,13,18,20,16,9,6],[7,11,19,15,23,3,12,18,9,13,17,14,20,16,5,6],[7,23,19,3,11,15,17,12,10],[23,15,11,7,19,3,9,14,17,13],[7,3,15,11,19,23,17,24,12,14,13,18,16,20,9,5,6],[7,11,3,23,19,15,16,18,9,13,17,14,20,5,6],[7,23,19,3,11,15,12,18,17,9,13,14,16,20,5,6],[7,23,3,15,19,11,16,12,9,18,13,17,14,20,5,6],[7,19,3,23,15,11,9,16,18,17,13,14,20,5,6],[19,23,15,3,11,7,9,14,17,13],[23,15,19,11,7,3,9,17],[23,7,19,15,3,11,9,8,14,17,13],[23,19,11,3,15,7,10,20,16,13,17],[23,15,19,3,11,7,18,9,13,17,14,20,16,5,6],[11,23,3,15,7,19,9,5,13,20,17],[15,11,3,23,7,19,10,20,13,5,17],[11,19,15,23,7,3,17,12,21,9],[11,3,23,19,7,15,17,8,9],[19,3,11,7,15,23,12,17,20,9,13],[19,7,11,15,3,23,20,9,13,17],[11,15,23,3,19,7,9,6,21,18,13,17,14,16,20],[19,3,15,7,11,23,17,5,12,14,13,18,20,16,9,6],[23,19,15,11,7,3,16,17,14,20,13,18,9,5,6],[11,23,15,7,19,3,14,17,13,18,16,20,9,5,6],[15,11,7,23,19,3,13,18,9,17,14,20,16,5,6],[15,23,3,11,19,7,9,20,13,17],[19,11,7,3,15,23,14,17,13,18,16,20,9,5,6],[11,7,23,19,3,15,17,12,5,9],[3,15,19,23,7,11,9,14,17,13],[7,11,23,3,15,19,12,17,13],[3,11,23,19,7,15,13,17,6],[3,23,7,11,19,15,6,18,9,13,17,14,16,20],[19,3,7,15,11,23,13,20,9,17],[7,23,3,19,11,15,14,18,13,17,16,20,9,5,6],[11,7,3,19,23,15,18,9,13,17,14,16,20,5,6],[15,3,19,7,11,23,13,18,9,17,14,20,16,5,6],[19,3,15,23,7,11,5,17,14,18,13,20,16,6,9],[23,3,15,11,19,7,17,4,12,18,9,13,14,20,16,5,6],[3,15,23,7,19,11,9,18,13,17,14,16,20,5,6],[3,23,7,15,11,19,18,9,13,17,14,16,20,5,6],[15,3,19,11,7,23,9,18,13,17,14,16,20,5,6],[23,11,19,15,3,7,17,10],[19,23,3,7,11,15,12,17,5,8],[23,7,19,11,15,3,18,9,13,17,14,16,20,5,6],[3,19,15,11,23,7,10,17],[15,11,23,7,3,19,10,18,13,17,14,20,16,5,6],[23,3,19,11,15,7,16,9,17],[11,3,7,23,19,15,9,14,17,13],[3,11,19,7,15,23,18,9,13,17,14,20,16,5,6],[11,15,19,7,23,3,9,14,17,18,13,16,20,5,6],[15,23,11,7,19,3,8,17,9],[11,7,19,15,23,3,14,17,18,13,20,16,9,5,6],[15,23,19,3,11,7,17,14,13,18,16,20,9,5,6],[7,3,15,11,19,23,20,9,5,17,6],[7,19,11,23,15,3,14,17,13,18,20,16,9,5,6],[7,11,23,19,15,3,9,17],[23,11,7,3,15,19,6,20,10,13,17],[19,15,7,23,3,11,12,17,20,9,13],[23,11,3,7,15,19,17,12,13],[3,7,11,23,15,19,9,2,14,17,13],[19,23,11,3,15,7,12,17,8],[19,15,23,7,11,3,10,18,13,17,14,16,20,5,6],[23,7,19,15,3,11,20,9,13,17],[3,7,23,19,15,11,18,9,13,17,14,16,20,5,6],[11,15,19,7,3,23,18,9,13,17,14,20,16,5,6],[23,11,7,19,15,3,17,13,10],[15,7,3,11,23,19,18,9,13,17,14,16,20,5,6],[3,19,7,11,23,15,10,16,20,13,17],[7,23,19,3,15,11,20,9,13,17],[15,7,3,19,23,11,6,5,20,9,13,17],[23,15,3,7,11,19,18,9,13,17,14,16,20,5,6],[11,15,19,23,7,3,17,8,16],[19,3,15,23,11,7,18,9,13,17,14,16,20,5,6],[7,3,15,19,11,23,9,6,14,17],[3,7,19,11,15,23,10,13,8,18,17,14,20,16,5],[23,19,7,11,15,3,17,8,9],[15,23,7,19,11,3,14,17,13,18,20,16,9,5,6],[19,15,11,3,7,23,10,14,17,18,13,20,16,5,6],[11,23,7,3,15,19,20,12,9,13,17],[7,11,23,19,3,15,13,5,17],[7,19,15,3,23,11,12,18,9,13,17,14,16,20,5,6],[15,19,7,23,11,3,20,9,14,17,13,18,16,5,6],[3,7,19,15,11,23,12,18,9,13,17,14,20,16,5,6],[15,11,19,7,23,3,5,18,17,6,9,13,14,16,20],[23,7,19,15,3,11,20,9,14,17,13,18,16,5,6],[7,3,11,23,19,15,5,17,10],[23,11,3,7,19,15,14,17,16,13,18,20,9,5,6],[19,7,3,15,11,23,18,9,13,17,14,20,16,5,6],[11,23,3,19,7,15,20,9,13,17],[3,11,15,7,19,23,16,18,9,13,17,14,20,5,6],[19,15,3,7,23,11,9,20,13,6,17],[11,3,15,7,19,23,12,17,14,13,18,20,16,9,5,6],[23,15,7,19,11,3,17,9],[3,19,7,23,11,15,14,17,13,20,18,16,9,5,6],[19,11,23,3,7,15,17,6],[15,19,11,23,3,7,5,17,16,8],[23,3,19,15,11,7,20,9,13,17],[7,19,11,23,15,3,9,5,17],[3,23,19,11,15,7,12,17,6],[19,11,3,23,15,7,9,6,5,17],[7,23,3,15,11,19,18,9,13,17,14,16,20,5,6],[19,15,3,7,11,23,14,18,17,13,20,16,9,5,6],[19,23,15,11,3,7,17,9],[15,19,11,23,3,7,17,5,6],[11,7,15,19,23,3,20,9,13,17],[7,11,19,15,3,23,5,9,18,17,6,13,14,20,16],[7,15,3,11,19,23,10,20,13,17],[7,3,23,11,19,15,17,16,8],[3,19,11,23,15,7,20,9,13,17],[7,23,19,11,15,3,16,18,9,13,17,14,20,5,6],[3,11,15,7,23,19,18,9,13,17,14,16,20,5,6],[11,15,19,23,7,3,10,16,20,17],[15,23,3,19,7,11,14,18,13,17,16,20,9,5,6],[3,19,23,15,7,11,17,14,13,18,20,16,9,5,6],[3,15,19,7,11,23,18,9,13,17,14,20,16,5,6],[3,15,11,19,23,7,20,9,13,17],[15,11,19,3,7,23,12,17,9],[15,3,7,23,19,11,12,17,9],[23,11,3,7,19,15,17,10],[19,23,3,11,7,15,17,9],[19,11,7,3,15,23,12,17,14,13,18,16,20,9,5,6],[7,3,15,11,23,19,9,8,13,17],[23,7,11,3,15,19,14,17,13,18,20,16,9,5,6],[7,11,3,23,19,15,9,18,13,17,14,20,16,5,6],[11,3,19,23,15,7,17,6],[11,3,7,15,19,23,20,9,13,17],[11,15,7,3,23,19,9,14,17,13],[23,3,11,19,15,7,18,9,13,17,14,16,20,5,6],[19,15,23,11,7,3,9,14,17,13],[3,15,23,11,7,19,9,13,16,17],[15,3,23,19,11,7,9,16,14,17],[11,7,23,19,15,3,9,18,13,17,14,16,20,5,6],[23,11,7,15,3,19,17,10],[11,23,15,19,3,7,18,9,13,17,14,16,20,5,6],[11,15,3,23,7,19,18,9,13,17,14,16,20,5,6],[23,15,7,19,3,11,12,17,14,13,20,18,16,9,5,6],[7,19,11,23,15,3,9,16,14,17],[15,23,3,7,11,19,10,17],[23,19,11,7,3,15,8,18,9,13,17,14,16,20,5,6],[23,15,7,3,19,11,12,18,9,13,17,14,20,16,5,6],[19,7,11,23,3,15,16,9,17],[23,19,15,11,7,3,9,14,17,13],[19,23,7,3,15,11,18,9,13,17,14,20,16,5,6],[23,7,11,19,3,15,20,9,13,17],[7,15,19,11,23,3,20,9,13,17],[19,11,3,7,23,15,17,14,13,18,20,16,9,5,6],[15,11,7,3,23,19,18,9,13,17,14,20,16,5,6],[11,3,7,15,23,19,9,18,13,17,14,20,16,5,6],[11,15,19,7,3,23,10,13,17],[11,23,7,15,3,19,9,17],[23,19,3,15,11,7,17,9],[3,23,19,15,7,11,14,17,13,20,18,16,9,5,6],[7,19,3,11,23,15,18,9,13,17,14,16,20,5,6],[3,7,19,23,11,15,14,17,13,18,16,20,9,5,6],[7,11,3,19,15,23,9,6,14,17],[15,23,11,19,7,3,17,9],[3,15,19,7,11,23,9,14,17,13],[7,11,15,23,3,19,5,17,1,6],[3,23,19,15,11,7,20,9,13,17],[3,15,11,23,19,7,17,16,12],[11,19,7,3,23,15,13,10,17],[11,3,23,19,7,15,8,9,13,18,17,14,20,16,5,6],[15,7,11,19,3,23,20,9,13,17],[15,3,23,11,7,19,12,9,17],[23,11,15,7,3,19,18,9,13,17,14,20,16,5,6],[19,7,3,15,23,11,17,18,9,13,14,20,16,5,6],[7,3,23,11,19,15,9,13,18,17,14,16,20,5,6],[15,11,19,7,23,3,18,9,13,17,14,16,20,5,6],[23,7,3,19,11,15,12,17,9],[19,11,15,23,7,3,10,18,13,17,14,20,16,5,6],[11,23,3,19,15,7,12,17,9],[3,15,23,19,7,11,9,18,13,17,14,16,20,5,6],[7,23,15,3,19,11,16,17,8],[19,3,15,23,11,7,9,14,17,18,13,20,16,5,6],[19,15,23,7,3,11,12,18,9,13,17,14,16,20,5,6],[11,19,3,23,15,7,20,9,5,17,6],[23,3,19,7,11,15,9,5,17],[3,19,15,11,7,23,17,13,12],[7,3,23,19,15,11,8,20,9,14,17,13,18,16,5,6],[7,19,23,3,15,11,10,18,13,17,14,20,16,5,6],[7,3,19,11,15,23,12,20,9,13,18,14,17,16,5,6],[23,7,3,19,11,15,13,9,6,17],[7,11,15,23,3,19,9,17],[19,3,7,11,15,23,17,14,20,13,18,16,9,5,6],[7,19,3,15,11,23,9,5,14,17,13],[15,23,11,7,19,3,18,9,13,17,14,16,20,5,6],[7,15,19,11,3,23,13,12,17],[15,11,7,23,3,19,14,17,13,18,20,16,9,5,6],[7,11,23,19,3,15,10,13,5,17],[7,23,19,11,3,15,17,16,6],[15,19,23,11,3,7,9,13,16,20,17],[11,15,23,7,3,19,18,9,13,17,14,20,16,5,6],[3,15,19,23,11,7,20,9,13,17],[11,15,7,23,19,3,17,5,12,16],[23,7,11,3,15,19,9,13,20,17],[7,23,15,3,11,19,20,9,14,13,17,18,16,5,6],[3,11,15,23,7,19,9,14,17,13],[19,15,23,7,11,3,10,8,13,17],[3,23,19,7,11,15,20,9,13,18,14,17,16,5,6],[23,11,3,15,7,19,20,9,14,13,17,18,16,5,6],[23,11,15,7,19,3,10,17],[11,15,23,3,19,7,10,20,13,17],[23,3,11,19,15,7,9,20,14,17,13,18,16,5,6],[15,23,11,7,19,3,9,18,13,17,14,16,20,5,6],[7,11,15,23,3,19,9,17],[3,11,15,7,19,23,18,9,13,17,14,20,16,5,6],[23,11,3,15,19,7,18,9,13,17,14,16,20,5,6],[15,19,7,23,3,11,18,9,13,17,14,16,20,5,6],[3,11,19,23,7,15,10,14,17,13],[15,19,23,3,7,11,9,18,13,17,14,20,16,5,6],[23,3,11,15,7,19,18,9,13,17,14,16,20,5,6],[3,7,23,11,19,15,10,14,17,13],[7,11,15,19,23,3,17,9],[19,11,15,7,23,3,9,13,18,17,14,20,16,5,6],[7,11,23,15,19,3,13,9,17],[7,15,23,11,19,3,10,13,17],[11,15,19,7,23,3,9,6,13,18,17,16,14,20],[11,23,7,15,19,3,14,17,13,18,20,16,9,5,6],[15,23,7,19,3,11,10,17],[23,15,11,19,7,3,9,18,13,17,14,16,20,5,6],[15,23,7,19,3,11,9,20,5,17,6],[11,19,15,7,23,3,10,17],[23,11,19,7,15,3,20,10,13,18,17,14,16,5,6],[7,11,3,19,15,23,9,8,14,17,13],[19,3,15,11,7,23,20,9,5,17,6],[15,7,23,11,19,3,10,13,17],[15,3,7,11,23,19,12,20,17,9,13],[23,11,7,3,15,19,17,12,14,13,18,20,16,9,5,6],[11,19,15,23,7,3,18,9,13,17,14,20,16,5,6],[19,7,3,15,23,11,10,18,13,17,14,16,20,6],[3,7,19,11,15,23,9,6,18,13,17,14,20,16],[3,15,23,19,11,7,9,13,17],[3,23,19,11,7,15,10,18,13,17,14,16,20,5,6],[23,15,19,7,3,11,9,13,17],[15,19,7,23,3,11,10,13,17],[19,11,23,7,3,15,10,18,13,17,14,16,20,5,6],[11,7,19,23,3,15,12,17,13],[19,11,3,15,7,23,2,9,20,13,5,17],[19,23,15,7,3,11,17,9],[3,15,7,11,23,19,16,10,20,13,17],[23,3,11,7,15,19,10,17],[3,11,23,7,19,15,17,10],[23,11,19,15,3,7,9,18,13,17,14,16,20,5,6],[15,19,3,7,23,11,10,14,17,13],[15,11,23,19,3,7,14,17,13,18,20,16,9,5,6],[15,19,3,7,11,23,9,13,17],[3,7,15,23,19,11,20,9,14,17,13,18,16,5,6],[7,15,11,23,19,3,10,20,13,8,17],[23,11,15,3,7,19,17,16,8],[7,23,3,15,19,11,16,10,6,20,13,17],[15,11,3,7,19,23,9,14,17,13],[7,23,19,11,3,15,16,17,10],[23,7,11,15,19,3,5,18,17,9,6,13,14,16,20],[23,15,11,19,7,3,12,17,20,9,13],[23,3,19,7,11,15,10,17],[19,23,15,7,3,11,9,17],[19,3,7,23,15,11,12,17,9],[7,15,23,11,19,3,17,8,13],[11,7,15,23,19,3,9,17],[3,7,15,11,23,19,18,9,13,17,14,16,20,5,6],[23,15,11,7,3,19,18,9,13,17,14,16,20,5,6],[15,23,3,11,7,19,9,13,17],[7,3,11,23,15,19,18,9,13,17,14,20,16,5,6],[19,3,7,11,23,15,6,10,17],[23,15,19,7,3,11,13,10,18,17,14,16,20,5,6],[7,11,19,3,23,15,9,20,17,5,14,13,18,16,6],[11,23,19,3,15,7,9,20,14,17,13,18,16,5,6],[23,15,3,7,19,11,9,14,18,13,17,20,16,5,6],[15,23,3,11,7,19,6,17],[3,7,19,11,23,15,9,13,17],[11,19,23,15,3,7,14,17,13,20,18,16,9,5,6],[23,11,15,7,3,19,20,9,16,17,13],[19,23,11,7,15,3,20,9,13,17],[3,15,19,23,7,11,8,13,18,9,17,14,16,20,5,6],[19,23,15,7,11,3,9,6,13,17],[11,19,7,3,15,23,12,17,13],[15,3,11,23,19,7,12,17,16],[11,23,15,3,7,19,5,17,14,13,20,18,16,6,9],[23,3,11,7,19,15,17,16,5,12],[15,11,3,23,7,19,20,9,13,17],[19,11,3,23,15,7,13,14,17,18,16,20,9,5,6],[23,7,15,11,3,19,13,8,9,17],[19,7,11,23,3,15,12,17,14,13,18,20,16,9,5,6],[15,23,7,19,11,3,6,9,13,17],[7,11,3,23,15,19,17,18,9,13,14,16,20,5,6],[11,15,7,3,19,23,14,17,13,18,20,16,9,5,6],[11,7,15,3,23,19,18,9,13,17,14,16,20,5,6],[23,11,3,19,7,15,9,16,17],[15,7,11,23,3,19,17,12,18,9,13,14,20,16,5,6],[7,15,11,19,23,3,9,5,18,17,6,13,14,20,16],[19,23,15,11,7,3,18,9,13,17,14,16,20,5,6],[11,23,3,19,15,7,17,10],[7,23,11,15,3,19,18,9,13,17,14,20,16,5,6],[3,19,7,23,11,15,17,9],[15,11,3,23,19,7,13,17,9],[11,15,19,23,3,7,17,12,18,9,13,14,20,16,5,6],[7,23,15,19,11,3,10,6,17],[7,19,15,11,23,3,17,9],[3,11,23,15,19,7,17,13,5],[15,7,11,3,19,23,17,14,13,18,20,16,9,5,6],[23,7,3,19,15,11,9,5,18,17,6,13,14,20,16],[23,15,3,19,11,7,20,9,13,17],[19,15,23,11,3,7,12,17,13],[7,3,23,19,11,15,9,14,17,13],[3,15,19,11,23,7,18,9,13,17,14,20,16,5,6],[23,11,7,15,19,3,12,21,17,10],[15,11,23,7,3,19,10,6,18,13,17,14,16,20],[19,11,3,7,15,23,14,17,13,18,16,20,9,5,6],[19,23,3,15,11,7,17,14,13,18,16,20,9,5,6],[11,19,7,23,3,15,17,6],[19,7,11,3,23,15,10,13,17],[23,19,3,11,7,15,9,5,14,17,13],[23,7,3,11,19,15,18,9,13,17,14,20,16,5,6],[23,7,11,3,15,19,9,18,13,17,14,20,16,5,6],[19,7,3,23,11,15,17,20,10,13],[7,23,11,19,15,3,13,9,20,17],[23,7,15,11,19,3,17,9],[15,19,11,23,7,3,18,9,13,17,14,16,20,5,6],[11,3,19,15,23,7,18,9,13,17,14,16,20,5,6],[7,23,19,15,3,11,14,17,13,18,16,20,9,5,6],[11,15,19,23,3,7,17,13,10],[23,7,3,11,15,19,18,9,13,17,14,16,20,5,6],[19,23,11,7,3,15,17,9],[19,11,7,23,3,15,20,9,13,17]],"n_human":7}