{"problem_id":"0JQn1mxOJj59q5x","sigma":75,"alpha":0.100,"cost":0,"probabilities":"[0.26, 0.29, 0.22, 0.23]","payoff_matrix":"[[-107, 23, 20, 46, 29, 96], [-1, -104, -11, -50, 78, 58], [-79, 12, -12, 60, 2, -38], [-21, 74, 46, 1, -145, -84]]","uncovered":[[14,2,10,6,18,22,17,21,20],[10,6,22,14,18,17,21,24,20,2,1],[2,10,22,18,21,17,20,14],[18,22,17,21,20,10,14],[10,14,6,18,22,17,21,24,20,2,1],[2,18,22,17,21,24,20,6,14,10,1],[10,6,18,22,21,17,20],[22,2,14,18,21,17,24,20,10,6,1],[18,10,14,2,6,22,17,21,20],[2,14,18,10,6,22,21,17,20],[18,2,22,17,21,20,10,14],[6,10,2,18,14,22,17,21,20],[2,6,22,18,21,17,24,20,14,10,1],[10,18,6,22,17,21,20],[14,22,18,17,21,20,2],[10,14,2,18,6,22,21,17,24,20,1],[2,22,10,18,17,21,24,20,14,6,1],[2,6,18,14,10,22,17,21,24,20,1],[22,18,21,17,20,10,6],[22,6,10,18,21,17,20],[6,10,2,14,22,18,17,21,20],[14,18,10,22,17,21,24,20,6,2,1],[10,18,2,6,22,17,21,24,20,14,1],[22,18,17,21,20,10,6],[2,6,22,10,18,21,17,24,20,14,1],[22,14,2,6,10,18,17,21,24,20,1],[22,18,21,17,24,20,6,14,2,10,1],[18,6,2,22,17,21,24,20,10,14,1],[10,2,14,18,6,22,17,21,20],[6,14,10,22,18,17,21,24,20,2,1],[18,10,2,22,17,21,20,6],[2,6,22,18,21,17,20],[18,14,10,22,21,17,20],[22,18,17,21,24,20,14,6,2,10,1],[14,6,10,2,22,18,21,17,24,20,1],[22,14,18,21,17,20,10],[6,18,2,14,10,22,17,21,20],[18,6,2,10,22,21,17,24,20,14,1],[18,6,10,14,22,21,17,20],[2,22,18,17,21,20,14],[6,18,10,22,21,17,20],[22,2,6,14,18,17,21,24,20,10,1],[14,10,22,18,17,21,20],[2,14,10,6,18,22,21,17,24,20,1],[14,2,22,10,18,21,17,20],[22,18,21,17,20,10,2,6],[18,2,14,22,21,17,20],[18,10,14,2,22,17,21,20],[22,14,18,21,17,24,20,2,10,6,1],[6,2,22,14,10,18,17,21,24,20,1],[10,18,6,22,21,17,24,20,2,14,1],[2,18,22,17,21,24,20,14,10,6,1],[22,6,2,14,10,18,17,21,20],[18,14,10,2,22,21,17,20],[14,10,6,22,18,17,21,20],[2,18,10,6,14,22,17,21,20],[2,10,18,14,6,22,17,21,24,20,1],[22,14,18,17,21,24,20,10,2,6,1],[6,14,22,2,18,17,21,24,20,10,1],[6,2,10,14,22,18,17,21,24,20,1],[14,6,2,10,22,18,21,17,24,20,1],[18,10,6,14,22,17,21,24,20,2,1],[14,10,2,18,6,22,17,21,24,20,1],[18,6,2,22,17,21,20],[22,10,18,21,17,24,20,6,2,14,1],[18,14,22,21,17,20,2],[18,14,2,22,17,21,20],[6,2,18,10,14,22,21,17,20],[14,22,18,17,21,24,20,10,2,6,1],[6,22,2,18,21,17,24,20,14,10,1],[6,14,18,22,21,17,20],[18,6,10,2,22,21,17,20],[10,6,2,22,14,18,21,17,24,20,1],[22,18,21,17,24,20,10,14,6,2,1],[22,14,2,18,21,17,20],[18,14,10,6,2,22,21,17,24,20,1],[10,6,22,14,18,21,17,20],[18,6,22,21,17,20,10],[10,14,2,22,18,17,21,20],[14,18,22,21,17,20,2],[2,18,14,10,22,17,21,24,20,6,1],[6,2,10,18,22,21,17,20],[10,14,2,6,18,22,17,21,24,20,1],[2,10,6,22,18,21,17,24,20,14,1],[6,18,22,21,17,20,2],[10,2,6,14,18,22,17,21,20],[10,18,14,2,22,21,17,20],[6,22,2,10,18,17,21,20],[2,10,18,22,21,17,24,20,14,6,1],[10,14,18,6,2,22,21,17,24,20,1],[22,18,21,17,24,20,14,6,2,10,1],[6,10,22,18,21,17,24,20,2,14,1],[18,2,14,22,17,21,20],[2,10,6,18,14,22,21,17,24,20,1],[14,10,6,2,18,22,17,21,20],[14,2,18,10,22,21,17,20],[22,10,18,21,17,24,20,2,6,14,1],[22,14,2,10,18,21,17,24,20,6,1],[10,6,18,2,22,21,17,24,20,14,1],[18,2,22,21,17,24,20,10,14,6,1],[10,18,6,14,2,22,21,17,24,20,1],[2,18,22,17,21,20,6],[18,14,22,21,17,20,2],[10,22,18,21,17,24,20,6,14,2,1],[18,2,6,10,14,22,17,21,24,20,1],[2,14,10,18,22,17,21,20],[18,14,10,2,6,22,17,21,24,20,1],[6,18,14,22,21,17,20],[22,18,21,17,24,20,2,6,10,14,1],[14,10,22,6,2,18,17,21,20],[22,14,18,17,21,20,10],[22,18,21,17,20,6,2],[18,6,14,2,10,22,21,17,24,20,1],[22,18,21,17,24,20,2,6,10,14,1],[14,18,10,2,6,22,21,17,24,20,1],[18,10,22,17,21,24,20,6,2,14,1],[18,10,2,22,17,21,24,20,14,6,1],[22,2,10,18,17,21,24,20,6,14,1],[18,6,2,10,22,17,21,24,20,14,1],[10,22,2,14,18,17,21,24,20,6,1],[14,10,18,22,17,21,24,20,6,2,1],[10,22,6,14,2,18,21,17,20],[14,10,2,18,22,21,17,24,20,6,1],[2,14,22,18,21,17,24,20,10,6,1],[18,6,14,2,10,22,17,21,24,20,1],[22,14,2,6,18,21,17,24,20,10,1],[18,14,10,22,21,17,24,20,2,6,1],[18,6,14,10,2,22,17,21,20],[10,22,14,6,2,18,17,21,20],[22,2,10,18,17,21,24,20,14,6,1],[14,10,18,2,22,21,17,24,20,6,1],[22,2,18,21,17,24,20,6,10,14,1],[18,14,6,2,10,22,17,21,24,20,1],[18,10,22,17,21,20,6],[10,18,22,21,17,24,20,2,6,14,1],[10,14,2,22,6,18,21,17,24,20,1],[10,6,14,22,18,21,17,24,20,2,1],[14,2,18,22,17,21,20],[22,14,10,2,18,17,21,24,20,6,1],[10,22,14,6,18,21,17,24,20,2,1],[2,14,6,22,10,18,17,21,24,20,1],[10,2,14,6,18,22,21,17,24,20,1],[10,14,22,2,18,17,21,24,20,6,1],[14,6,18,22,17,21,20],[10,2,14,18,6,22,17,21,24,20,1],[6,2,10,18,22,21,17,20],[2,10,18,14,22,21,17,24,20,6,1],[2,10,22,18,21,17,24,20,14,6,1],[22,10,6,18,17,21,20],[18,22,21,17,24,20,2,6,14,10,1],[10,22,14,18,17,21,24,20,6,2,1],[18,22,21,17,20,2,14],[2,14,6,18,22,17,21,24,20,10,1],[2,14,22,10,6,18,21,17,20],[18,14,22,17,21,24,20,2,10,6,1],[22,6,2,14,10,18,17,21,24,20,1],[2,10,18,14,6,22,21,17,24,20,1],[10,14,6,22,18,17,21,24,20,2,1],[14,22,18,17,21,20,10],[10,14,22,6,2,18,17,21,20],[18,6,14,22,21,17,24,20,10,2,1],[18,22,21,17,20,2,10,14],[6,18,22,17,21,20,2],[2,10,6,18,22,17,21,20],[18,22,21,17,20,14,6],[18,6,2,22,21,17,24,20,10,14,1],[18,6,22,21,17,24,20,2,10,14,1],[6,22,2,10,18,17,21,24,20,14,1],[22,10,6,14,18,21,17,24,20,2,1],[6,14,2,10,18,22,17,21,24,20,1],[2,10,22,6,14,18,21,17,24,20,1],[14,2,18,10,22,21,17,24,20,6,1],[18,10,6,2,22,17,21,20],[6,14,2,10,22,18,21,17,20],[6,18,22,17,21,24,20,10,14,2,1,9],[18,6,10,22,21,17,24,20,2,14,1,9],[22,2,18,21,17,20,10,6],[6,2,22,14,10,18,17,21,20],[10,18,14,22,17,21,24,20,2,6,1],[10,2,6,14,22,18,17,21,24,20,1],[10,18,6,22,17,21,24,20,14,2,1],[18,14,22,21,17,20,6],[10,2,14,18,22,21,17,20],[22,14,10,2,18,21,17,20],[6,14,2,18,10,22,17,21,20],[18,2,6,10,14,22,17,21,24,20,1],[18,22,21,17,24,20,2,6,14,10,1],[22,2,10,18,21,17,24,20,14,6,1],[10,2,14,22,6,18,21,17,24,20,1],[18,14,22,17,21,20,2],[2,18,6,14,10,22,21,17,20],[18,14,22,21,17,24,20,6,10,2,1],[6,10,2,14,22,18,17,21,20],[10,2,18,22,17,21,24,20,14,6,1],[10,6,18,2,14,22,21,17,20],[2,14,6,18,22,17,21,20],[14,10,2,6,18,22,21,17,24,20,1],[22,14,6,2,18,21,17,20],[14,18,22,17,21,20,10],[22,6,2,18,17,21,20],[22,2,18,21,17,24,20,14,10,6,1],[22,6,10,2,18,17,21,20],[6,22,14,2,10,18,21,17,20],[6,2,22,14,18,21,17,20],[6,14,10,2,18,22,17,21,20],[14,2,6,10,22,18,21,17,24,20,1],[6,10,18,22,21,17,20],[10,2,6,18,14,22,17,21,20],[2,10,22,6,18,17,21,24,20,14,1],[18,10,2,14,6,22,21,17,24,20,1],[2,6,14,18,22,17,21,24,20,10,1],[22,6,18,21,17,24,20,10,14,2,1],[14,6,10,2,18,22,21,17,24,20,1],[18,14,6,10,2,22,21,17,24,20,1],[6,10,22,14,18,17,21,20],[10,6,18,22,21,17,24,20,14,2,1],[2,6,10,18,22,17,21,20],[2,6,10,22,18,17,21,24,20,14,1],[18,2,10,14,6,22,21,17,20],[10,14,2,6,18,22,17,21,24,20,1],[2,18,6,10,22,21,17,20],[22,2,10,14,6,18,21,17,24,20,1],[2,10,14,22,18,17,21,24,20,6,1],[6,14,18,2,22,21,17,24,20,10,1],[10,14,6,22,2,18,21,17,20],[10,6,18,14,22,21,17,24,20,2,1],[14,6,22,10,2,18,17,21,20],[22,2,6,10,18,21,17,24,20,14,1],[22,10,2,6,14,18,17,21,24,20,1],[10,14,2,22,18,17,21,24,20,6,1],[18,2,10,22,21,17,20,6],[14,2,18,22,17,21,24,20,6,10,1],[18,6,22,17,21,20,10],[22,18,17,21,24,20,10,2,14,6,1],[18,6,2,14,22,17,21,24,20,10,1],[14,6,18,22,17,21,24,20,2,10,1],[22,2,18,21,17,24,20,10,14,6,1],[10,22,2,18,21,17,24,20,6,14,1],[18,22,21,17,24,20,6,14,10,2,1],[2,22,18,21,17,24,20,14,10,6,1],[10,22,6,14,18,21,17,24,20,2,1],[22,14,10,18,21,17,24,20,6,2,1],[22,2,6,18,17,21,24,20,14,10,1],[2,18,10,14,22,17,21,24,20,6,1],[6,2,14,10,22,18,17,21,20],[22,10,18,17,21,24,20,14,2,6,1],[22,6,10,18,17,21,20],[10,2,22,6,18,21,17,20],[18,6,2,14,10,22,21,17,24,20,1],[6,22,10,14,2,18,17,21,20],[10,14,22,18,21,17,24,20,6,2,1],[6,22,2,14,10,18,17,21,20],[14,22,6,2,10,18,21,17,20],[2,10,14,22,18,21,17,20],[18,14,2,6,22,17,21,24,20,10,1],[6,18,10,22,21,17,24,20,2,14,1],[22,10,2,14,6,18,21,17,20],[2,10,6,14,18,22,17,21,24,20,1],[14,2,22,6,18,17,21,20],[2,18,22,17,21,20,6],[10,14,2,6,22,18,21,17,20],[10,2,18,6,14,22,21,17,24,20,1],[2,22,6,18,21,17,20],[22,18,21,17,20,14,6],[2,14,18,6,22,17,21,20],[2,6,18,14,22,21,17,24,20,10,1],[2,22,18,21,17,24,20,10,6,14,1],[14,22,10,6,2,18,21,17,24,20,1],[22,14,6,18,21,17,24,20,10,2,1],[2,6,18,10,14,22,21,17,20],[6,18,2,10,14,22,21,17,24,20,1],[2,6,18,22,17,21,20],[2,10,18,6,22,21,17,24,20,14,1],[2,18,6,22,17,21,24,20,10,14,1],[18,14,6,2,22,17,21,20],[18,14,6,10,2,22,21,17,20],[10,14,2,22,6,18,21,17,24,20,1],[22,10,2,6,14,18,21,17,20],[2,6,22,18,21,17,20],[18,6,10,22,17,21,20],[14,10,6,22,18,17,21,24,20,2,1],[6,18,10,22,17,21,24,20,2,14,1],[22,2,10,6,14,18,17,21,20],[10,18,6,22,21,17,24,20,14,2,1],[2,22,6,10,14,18,21,17,20],[14,22,10,6,2,18,21,17,20],[10,18,14,2,6,22,21,17,24,20,1],[18,22,21,17,20,1,6],[22,10,14,6,2,18,17,21,24,20,1],[6,22,18,21,17,20,14],[18,14,10,22,21,17,20],[6,10,2,22,14,18,21,17,24,20,1],[6,22,18,21,17,20,2],[10,2,6,14,22,18,21,17,24,20,1],[18,14,6,22,17,21,24,20,2,10,1],[10,22,18,17,21,20,2,14],[6,10,14,2,18,22,17,21,24,20,1],[22,6,14,10,18,17,21,24,20,2,1],[18,2,14,22,21,17,24,20,6,10,1],[10,18,6,14,2,22,17,21,20],[6,18,2,22,17,21,24,20,14,10,1],[10,18,14,2,22,21,17,20],[18,22,21,17,20,6,10],[22,18,17,21,20,6,10],[14,22,6,18,21,17,24,20,2,10,1],[6,18,10,22,17,21,20],[14,18,6,22,21,17,20],[22,2,14,10,6,18,17,21,24,20,1],[14,18,22,17,21,24,20,10,2,6,1],[18,2,10,14,6,22,17,21,24,20,1],[18,22,17,21,24,20,6,10,2,14,1],[18,14,6,22,21,17,24,20,2,10,1],[14,10,2,18,22,17,21,24,20,6,1],[18,22,21,17,20,2,6],[14,6,18,10,2,22,21,17,24,20,1],[6,22,14,2,18,21,17,24,20,10,1],[2,6,18,14,22,17,21,24,20,10,1],[10,22,2,14,18,21,17,24,20,6,1],[10,2,14,18,6,22,17,21,24,20,1],[22,6,2,14,18,17,21,20],[14,22,2,6,18,21,17,24,20,10,1],[2,6,10,14,18,22,17,21,24,20,1],[14,18,6,2,22,21,17,24,20,10,1],[6,22,14,18,17,21,20],[18,14,2,6,10,22,21,17,20],[2,14,22,10,18,17,21,20],[10,18,2,14,22,21,17,20],[2,18,22,21,17,20,10,14],[2,6,22,14,10,18,17,21,20],[6,2,18,22,17,21,24,20,10,14,1],[18,2,10,6,14,22,21,17,24,20,1],[10,6,2,18,22,17,21,20],[2,22,6,10,14,18,21,17,20],[2,22,18,21,17,24,20,6,14,10,1],[22,2,10,6,18,21,17,20],[10,6,2,14,22,18,17,21,20],[10,14,22,6,18,21,17,24,20,2,1],[10,6,18,22,17,21,24,20,14,2,1],[2,6,22,14,18,21,17,24,20,10,1],[2,6,10,18,22,17,21,24,20,14,1],[10,22,18,17,21,20,2,14],[14,6,2,10,22,18,21,17,24,20,1],[2,14,6,18,22,21,17,20],[18,14,2,10,22,17,21,20],[22,14,2,18,17,21,20],[2,22,14,6,10,18,21,17,20],[22,10,18,17,21,24,20,6,14,2,1],[14,10,2,18,22,17,21,20],[18,10,6,22,21,17,24,20,14,2,1],[14,2,6,22,18,17,21,20],[18,10,14,6,2,22,17,21,24,20,1],[14,10,18,6,22,17,21,24,20,2,1],[6,18,22,21,17,24,20,10,14,2,1],[14,6,10,22,2,18,21,17,24,20,1],[14,6,22,18,21,17,20],[22,10,14,2,6,18,17,21,24,20,1],[6,10,14,18,22,17,21,20],[10,14,18,2,6,22,17,21,20],[22,10,2,14,18,21,17,20],[22,14,10,18,21,17,20],[6,10,2,18,22,17,21,24,20,14,1],[2,10,6,22,14,18,17,21,24,20,1],[22,18,17,21,24,20,2,14,6,10,1],[2,6,14,22,18,21,17,24,20,10,1],[2,14,18,22,17,21,20],[2,10,14,6,18,22,17,21,20],[2,6,10,18,14,22,21,17,20],[18,10,22,17,21,24,20,2,6,14,1],[14,22,10,6,2,18,17,21,24,20,1],[22,14,6,2,18,17,21,20],[14,10,2,22,6,18,17,21,20],[6,10,14,2,18,22,21,17,24,20,1],[14,2,18,6,22,21,17,24,20,10,1],[18,14,22,21,17,24,20,2,10,6,1],[14,18,6,2,22,21,17,24,20,10,1],[14,22,2,6,10,18,21,17,20],[14,18,10,6,2,22,21,17,20],[18,10,14,6,22,21,17,24,20,2,1],[14,2,22,6,10,18,17,21,20],[6,22,14,18,21,17,24,20,2,10,1],[10,18,2,14,6,22,17,21,24,20,1],[14,10,22,6,18,17,21,20],[22,14,18,17,21,20,10],[18,6,22,21,17,24,20,10,14,2,1],[10,14,18,22,17,21,24,20,6,2,1],[14,2,6,10,18,22,21,17,20],[2,6,18,22,21,17,20],[18,10,14,6,2,22,17,21,20],[6,10,2,14,18,22,17,21,20],[6,18,14,10,22,17,21,20],[14,22,2,10,18,17,21,20],[2,10,14,18,6,22,21,17,20],[22,10,14,6,2,18,17,21,24,20,1],[10,14,18,2,6,22,17,21,20],[22,10,18,21,17,20,14],[10,14,22,18,17,21,24,20,2,6,1],[6,2,10,14,18,22,17,21,24,20,1],[18,2,10,22,21,17,20,6],[14,6,10,22,18,17,21,20],[6,10,2,14,22,18,21,17,20],[18,22,21,17,24,20,10,14,2,6,1],[6,2,22,14,10,18,17,21,24,20,1],[2,22,14,18,17,21,20],[10,18,14,22,21,17,20],[14,2,10,22,6,18,21,17,20],[18,22,17,21,20,6,10],[2,10,22,18,17,21,24,20,6,14,1],[22,6,10,18,17,21,24,20,14,2,1],[6,14,22,10,2,18,17,21,24,20,1],[14,22,18,17,21,20,6],[22,6,2,14,18,21,17,24,20,10,1],[22,10,18,21,17,24,20,2,6,14,1],[2,14,10,6,18,22,21,17,24,20,1],[10,22,6,18,17,21,20],[14,22,10,2,6,18,21,17,24,20,1],[18,2,22,17,21,20,6],[10,2,6,22,14,18,17,21,24,20,1],[2,18,14,6,10,22,17,21,20],[6,14,22,2,18,17,21,24,20,10,1],[2,6,14,22,10,18,21,17,24,20,1],[10,22,18,17,21,20,6],[18,14,6,10,22,21,17,24,20,2,1],[18,10,22,17,21,24,20,14,2,6,1],[6,14,2,22,10,18,21,17,20],[18,2,14,22,21,17,20],[14,2,10,22,6,18,17,21,24,20,1],[14,10,6,2,22,18,17,21,20],[22,14,2,18,21,17,24,20,6,10,1],[18,14,22,17,21,20,2],[2,18,22,21,17,24,20,6,14,10,1],[14,18,22,17,21,20,6],[14,10,22,6,18,21,17,24,20,2,1],[10,18,22,21,17,24,20,14,6,2,1],[14,18,22,21,17,20,2],[14,2,22,10,18,21,17,24,20,6,1],[18,6,22,17,21,20,14],[18,22,21,17,24,20,14,10,6,2,1],[14,22,18,21,17,24,20,10,2,6,1],[2,10,22,18,17,21,20,6],[6,22,14,10,2,18,17,21,24,20,1],[10,14,2,6,22,18,21,17,24,20,1],[10,2,22,14,6,18,21,17,24,20,1],[2,6,22,18,21,17,20],[22,2,10,6,14,18,17,21,20],[10,18,6,14,2,22,21,17,20],[18,2,6,10,14,22,21,17,20],[6,22,2,10,14,18,17,21,20],[2,10,14,6,18,22,17,21,24,20,1],[6,18,2,10,22,17,21,20],[6,2,10,22,18,17,21,24,20,14,1],[18,14,2,10,22,21,17,24,20,6,1],[14,6,22,10,2,18,17,21,20],[14,22,18,21,17,24,20,2,10,6,1],[2,6,14,10,22,18,17,21,24,20,1],[6,22,14,2,10,18,21,17,20],[6,18,10,14,2,22,21,17,20],[22,14,10,18,21,17,24,20,2,6,1],[18,14,2,10,6,22,21,17,20],[22,6,18,17,21,20,2],[22,10,14,2,6,18,17,21,24,20,1],[2,10,18,6,14,22,17,21,20],[10,6,2,18,14,22,17,21,24,20,1],[6,2,14,18,10,22,21,17,20],[14,6,18,2,22,21,17,20],[2,10,22,14,18,17,21,20],[14,2,22,10,18,17,21,24,20,6,1],[22,14,2,18,17,21,24,20,6,10,1],[14,22,10,2,18,21,17,24,20,6,1],[2,10,6,14,22,18,17,21,20],[2,6,14,10,18,22,17,21,24,20,1],[10,18,6,2,22,21,17,20],[14,18,6,2,22,21,17,20],[10,18,22,21,17,24,20,14,6,2,1],[6,14,10,22,2,18,17,21,20],[14,10,22,6,2,18,21,17,24,20,1],[22,6,2,10,18,17,21,20],[22,18,17,21,24,20,14,6,10,2,1],[2,22,18,17,21,24,20,10,14,6,1],[10,22,18,17,21,24,20,2,6,14,1],[22,18,21,17,24,20,10,2,14,6,1],[6,2,18,14,10,22,17,21,24,20,1],[6,22,10,18,21,17,20],[2,6,22,18,17,21,20],[10,6,14,2,22,18,17,21,24,20,1],[22,10,6,14,18,21,17,20],[18,14,10,2,6,22,21,17,24,20,1],[14,18,10,6,2,22,21,17,24,20,1],[6,14,2,22,18,17,21,24,20,10,1],[10,22,14,6,2,18,17,21,24,20,1],[22,14,2,6,10,18,17,21,24,20,1],[10,2,22,18,21,17,20,6],[22,18,21,17,24,20,2,10,14,6,1],[22,14,2,18,17,21,20],[14,10,2,6,22,18,17,21,24,20,1],[22,6,2,14,10,18,21,17,20],[10,22,14,18,21,17,20],[2,18,10,22,21,17,24,20,14,6,1],[10,6,14,22,18,21,17,20],[6,14,10,18,22,21,17,20],[22,18,21,17,20,6,10],[22,6,10,2,18,17,21,24,20,14,1],[22,14,6,10,18,17,21,20],[18,10,6,14,22,17,21,20],[6,2,10,18,22,21,17,20],[22,18,17,21,20,10,14],[14,6,18,10,22,21,17,24,20,2,1],[6,10,14,18,2,22,17,21,20],[2,14,10,18,22,21,17,20],[10,18,14,2,6,22,21,17,24,20,1],[10,2,14,22,6,18,17,21,24,20,1],[2,18,22,17,21,24,20,14,10,6,1],[6,10,2,18,22,21,17,20],[22,14,6,2,18,21,17,20],[6,10,22,2,18,21,17,24,20,14,1],[14,18,6,10,2,22,17,21,24,20,1],[10,2,18,22,21,17,20,14],[10,6,22,2,18,17,21,24,20,14,1],[10,14,18,6,22,21,17,20],[18,10,14,22,17,21,20],[18,14,2,22,17,21,24,20,10,6,1],[14,6,22,18,17,21,24,20,2,10,1],[14,6,22,18,21,17,24,20,2,10,1],[6,14,18,10,22,21,17,24,20,2,1],[6,22,14,18,17,21,20],[22,18,17,21,24,20,10,6,14,2,1],[18,22,17,21,24,20,14,10,2,6,1],[22,2,14,10,6,18,21,17,24,20,1],[22,6,10,2,18,17,21,24,20,14,1],[14,22,2,18,17,21,24,20,6,10,1],[18,14,2,10,22,21,17,24,20,6,1],[6,14,22,10,18,21,17,24,20,2,1],[14,18,2,10,22,21,17,24,20,6,1],[18,2,10,14,22,21,17,20],[2,6,22,10,18,21,17,20],[10,14,22,6,18,17,21,24,20,2,1],[22,6,10,14,2,18,17,21,20],[14,18,10,22,21,17,24,20,2,6,1],[18,10,6,2,22,17,21,24,20,14,1],[2,10,14,22,6,18,17,21,20],[2,14,22,18,21,17,24,20,6,10,1],[10,2,18,6,14,22,17,21,20],[22,6,18,21,17,24,20,10,14,2,1],[18,2,14,6,10,22,21,17,24,20,1],[18,2,10,14,6,22,17,21,24,20,1],[22,14,6,10,2,18,17,21,20],[6,18,2,22,17,21,20],[6,14,10,22,18,17,21,24,20,2,1],[18,2,22,21,17,24,20,10,6,14,1],[6,18,10,22,17,21,24,20,14,2,1],[6,14,10,2,18,22,21,17,24,20,1],[6,10,22,2,14,18,17,21,20],[14,10,18,6,2,22,21,17,20],[6,2,14,10,18,22,17,21,24,20,1],[14,22,18,21,17,24,20,10,2,6,1],[14,18,22,17,21,24,20,10,2,6,1],[22,10,2,14,18,17,21,20],[18,6,10,14,22,21,17,24,20,2,1],[18,6,2,10,22,21,17,24,20,14,1],[2,10,18,14,6,22,21,17,20],[22,10,2,6,18,21,17,20],[10,22,2,6,18,21,17,24,20,14,1],[10,6,2,18,14,22,17,21,24,20,1],[10,14,22,2,18,21,17,20],[10,22,14,2,18,21,17,20],[22,2,18,17,21,20,14],[10,22,18,17,21,20,14],[14,6,22,2,10,18,17,21,20],[2,22,6,14,18,21,17,20],[10,18,22,17,21,20,6],[18,14,10,2,6,22,21,17,24,20,1],[18,10,22,21,17,24,20,6,2,14,1],[14,22,18,21,17,24,20,2,6,10,1],[2,22,10,18,17,21,20,14],[10,2,6,18,22,17,21,20],[6,14,22,18,17,21,24,20,2,10,1],[2,22,10,6,18,17,21,24,20,14,1],[2,6,18,10,22,21,17,24,20,14,1],[10,14,2,22,6,18,17,21,20],[2,22,6,18,17,21,20],[18,22,17,21,24,20,14,2,6,10,1],[6,22,2,14,18,21,17,24,20,10,1],[18,6,14,2,22,17,21,20],[6,10,14,2,22,18,17,21,24,20,1],[6,2,10,18,22,17,21,24,20,14,1],[14,22,2,6,10,18,21,17,20],[2,10,14,22,18,21,17,20],[2,22,18,21,17,20,14],[10,6,2,14,18,22,17,21,24,20,1],[18,6,10,22,17,21,20],[18,10,22,21,17,24,20,6,2,14,1],[6,18,14,22,17,21,24,20,10,2,1],[14,6,18,2,22,17,21,20],[10,14,2,22,6,18,21,17,24,20,1],[22,18,21,17,24,20,6,10,14,2,1],[14,2,18,22,21,17,20],[22,18,21,17,20,10,2,6],[22,18,17,21,20,10,2,6],[18,14,2,6,22,17,21,24,20,10,1],[6,2,18,22,21,17,20],[14,6,2,18,22,21,17,20],[10,22,14,2,18,21,17,20],[22,18,21,17,24,20,10,14,2,6,1],[22,18,21,17,24,20,6,10,2,14,1],[10,14,6,18,2,22,17,21,24,20,1,9],[22,10,6,2,14,18,21,17,24,20,1],[6,18,10,14,22,21,17,24,20,2,1],[14,2,6,22,18,21,17,24,20,10,1],[10,14,6,2,22,18,21,17,24,20,1],[6,18,10,22,17,21,20],[10,6,22,2,18,21,17,24,20,14,1],[6,2,14,22,10,18,21,17,20],[2,10,18,14,6,22,21,17,24,20,1],[14,22,6,2,10,18,17,21,24,20,1],[18,6,10,14,22,17,21,24,20,2,1],[10,18,14,22,21,17,20],[22,6,18,17,21,20,2],[14,6,22,18,17,21,20],[18,10,6,14,22,21,17,24,20,2,1],[22,2,14,18,17,21,20],[22,14,10,2,18,21,17,20],[14,18,22,21,17,20,2],[2,10,6,18,22,21,17,24,20,14,1],[22,2,6,10,14,18,21,17,20],[6,14,18,2,10,22,21,17,24,20,1],[18,22,17,21,20,2,10,14],[2,22,14,10,18,17,21,24,20,6,1],[22,14,10,18,21,17,24,20,6,2,1],[14,6,18,2,10,22,17,21,24,20,1],[10,6,18,22,17,21,20],[10,22,18,17,21,24,20,6,14,2,1],[2,22,14,10,18,21,17,20],[6,18,14,10,2,22,17,21,24,20,1],[22,2,14,6,18,21,17,24,20,10,1],[6,22,2,18,21,17,24,20,10,14,1],[6,18,22,17,21,24,20,14,10,2,1],[22,18,17,21,20,2,14],[14,2,22,18,17,21,24,20,6,10,1],[6,18,10,14,22,21,17,20],[2,22,6,14,10,18,17,21,24,20,1],[2,18,10,22,21,17,20,6],[14,18,2,22,21,17,20],[6,10,2,22,14,18,21,17,20],[22,2,14,10,18,17,21,20],[22,14,6,2,18,17,21,24,20,10,1],[10,22,6,18,21,17,24,20,2,14,1],[14,6,18,2,22,17,21,24,20,10,1],[6,14,18,22,21,17,20],[22,18,17,21,20,2,6],[2,14,18,6,22,21,17,24,20,10,1],[10,14,18,22,21,17,20],[18,2,10,6,14,22,21,17,20],[14,18,22,21,17,20,10],[10,6,2,22,14,18,17,21,20],[10,18,14,22,17,21,20],[14,22,10,6,2,18,17,21,20],[14,2,10,22,6,18,21,17,24,20,1],[22,10,2,18,17,21,20,14],[6,10,14,2,22,18,21,17,20],[6,14,10,18,22,17,21,20],[22,14,2,18,17,21,24,20,10,6,1],[2,6,22,14,10,18,17,21,20],[18,22,21,17,24,20,2,14,6,10,1],[22,2,14,18,17,21,20],[22,10,18,21,17,24,20,2,6,14,1],[2,10,14,22,18,17,21,24,20,6,1],[10,22,14,2,18,17,21,20],[2,10,6,14,22,18,17,21,20],[14,22,18,21,17,24,20,6,10,2,1],[2,22,6,14,10,18,21,17,24,20,1],[18,2,10,22,21,17,24,20,6,14,1],[18,14,2,6,10,22,17,21,24,20,1],[2,10,18,6,14,22,17,21,24,20,1],[18,2,10,6,14,22,21,17,24,20,1],[18,10,22,21,17,24,20,14,6,2,1],[14,6,18,2,10,22,21,17,20],[18,6,10,2,14,22,17,21,24,20,1],[22,6,18,17,21,24,20,10,2,14,1],[22,14,6,10,18,21,17,20],[2,14,6,22,10,18,21,17,20],[10,22,6,2,14,18,21,17,20],[6,2,18,14,22,17,21,20],[14,6,10,18,2,22,21,17,20],[14,22,2,6,10,18,17,21,24,20,1],[22,14,18,21,17,20,2],[14,18,22,21,17,24,20,2,10,6,1],[10,2,18,14,22,21,17,24,20,6,1],[14,6,22,18,21,17,24,20,10,2,1],[6,10,14,18,22,17,21,20],[10,14,2,22,6,18,17,21,20],[14,22,10,2,18,17,21,20],[6,14,22,18,21,17,20],[18,2,22,17,21,24,20,10,6,14,1],[22,14,10,2,6,18,17,21,20],[6,22,2,10,14,18,17,21,24,20,1],[6,2,10,14,22,18,17,21,24,20,1],[14,6,18,22,17,21,24,20,10,2,1],[10,2,6,22,14,18,21,17,24,20,1],[6,22,2,14,18,17,21,24,20,10,1],[2,14,6,22,18,21,17,20],[18,6,22,21,17,24,20,10,14,2,1],[6,10,14,22,18,17,21,24,20,2,1],[2,10,22,18,17,21,24,20,14,6,1],[22,6,10,2,14,18,17,21,20],[18,14,6,22,17,21,24,20,2,10,1],[2,10,6,22,18,17,21,20],[2,6,18,14,22,17,21,20],[2,14,6,18,10,22,17,21,20],[6,10,18,22,21,17,24,20,14,2,1],[14,18,22,17,21,24,20,6,2,10,1],[10,14,22,6,18,17,21,24,20,2,1],[22,14,10,18,21,17,24,20,6,2,1],[6,18,14,22,21,17,24,20,2,10,1],[22,2,18,17,21,24,20,6,10,14,1],[10,6,22,18,21,17,24,20,14,2,1],[2,10,22,6,14,18,21,17,20],[10,2,6,22,14,18,17,21,24,20,1],[22,6,10,14,18,21,17,24,20,2,1],[18,10,22,17,21,24,20,2,14,6,1],[22,18,21,17,24,20,14,10,6,2,1],[14,18,10,2,22,21,17,24,20,6,1],[22,2,18,21,17,24,20,10,6,14,1],[10,18,14,6,2,22,17,21,24,20,1],[14,2,18,6,10,22,21,17,24,20,1],[2,10,22,14,6,18,21,17,20],[18,2,14,22,21,17,20],[10,14,22,18,17,21,20],[22,18,17,21,20,6,10],[10,14,6,18,22,17,21,20],[22,2,14,6,18,21,17,20],[18,22,17,21,24,20,6,10,2,14,1],[10,2,18,14,22,21,17,20],[14,22,6,18,21,17,20],[6,10,2,14,22,18,17,21,20],[14,10,22,2,18,21,17,24,20,6,1],[2,18,6,10,14,22,17,21,20],[6,10,22,2,18,21,17,24,20,14,1],[6,18,10,14,2,22,17,21,20],[10,6,22,14,18,21,17,24,20,2,1],[6,14,10,22,18,17,21,24,20,2,1,9],[14,18,2,22,17,21,24,20,10,6,1],[14,6,10,22,2,18,17,21,20],[14,22,6,18,21,17,20],[6,22,14,18,17,21,24,20,10,2,1],[10,2,6,18,22,21,17,24,20,14,1],[18,22,17,21,20,10,2,6],[10,6,2,22,18,17,21,20],[18,14,6,2,10,22,21,17,20],[18,2,22,21,17,24,20,10,6,14,1],[10,22,18,17,21,20,14],[6,18,14,2,10,22,21,17,24,20,1],[2,6,22,10,18,21,17,20],[22,10,6,14,2,18,21,17,24,20,1],[10,6,2,22,18,17,21,20],[22,10,2,6,18,17,21,20],[18,6,2,10,14,22,21,17,24,20,1],[2,22,10,18,21,17,20,6],[14,6,10,22,18,17,21,20],[2,10,18,22,21,17,24,20,6,14,1],[22,6,10,18,17,21,20],[14,22,18,17,21,20,6],[6,18,14,22,17,21,20],[22,14,6,10,2,18,17,21,20],[18,6,10,2,14,22,21,17,24,20,1],[18,22,21,17,24,20,6,2,10,14,1],[22,10,2,14,6,18,21,17,20],[18,14,2,22,17,21,20],[2,18,22,17,21,24,20,14,6,10,1],[22,10,6,14,2,18,21,17,20],[2,14,6,22,18,17,21,20],[6,10,14,18,22,17,21,20],[10,2,14,6,18,22,17,21,20],[14,6,10,2,18,22,21,17,24,20,1],[10,6,2,18,14,22,21,17,24,20,1],[2,10,22,18,21,17,24,20,6,14,1],[14,2,10,22,18,17,21,20],[10,2,6,22,18,21,17,20],[14,22,10,2,18,17,21,20],[6,10,2,14,18,22,21,17,20],[10,18,2,22,17,21,20,13,14],[10,6,22,18,17,21,20],[6,14,18,2,10,22,21,17,24,20,1],[18,6,10,2,22,21,17,20],[2,22,14,18,21,17,20],[2,14,18,22,21,17,24,20,10,6,1],[14,10,2,18,22,17,21,24,20,6,1],[14,6,10,22,18,21,17,24,20,2,1],[6,14,18,22,21,17,20],[22,18,17,21,24,20,6,2,10,14,1],[6,18,22,21,17,20,2],[14,10,18,22,21,17,24,20,2,6,1],[18,10,6,2,22,21,17,24,20,14,1],[6,10,22,14,18,21,17,20],[10,22,6,18,17,21,24,20,2,14,1],[10,14,18,22,17,21,20],[14,18,22,21,17,24,20,2,6,10,1],[10,6,2,18,14,22,17,21,20],[2,22,6,14,18,17,21,24,20,10,1],[22,6,14,18,17,21,20],[14,10,18,2,22,21,17,20],[10,6,18,22,21,17,20],[14,22,2,18,17,21,24,20,6,10,1],[10,14,2,22,18,21,17,20],[10,18,6,14,2,22,21,17,24,20,1],[2,14,6,10,18,22,17,21,24,20,1],[14,2,10,6,22,18,21,17,24,20,1],[2,14,10,22,18,21,17,24,20,6,1],[18,22,17,21,24,20,6,14,2,10,1],[22,14,18,21,17,24,20,6,2,10,1],[2,10,6,22,18,21,17,24,20,14,1],[22,18,17,21,20,2,10,6],[10,18,6,14,22,21,17,20],[18,14,6,10,22,21,17,24,20,2,1],[14,22,2,10,18,17,21,24,20,6,1],[2,6,14,22,10,18,21,17,20],[2,6,18,10,14,22,17,21,20],[18,14,2,6,10,22,21,17,20],[22,14,6,18,17,21,20],[10,18,6,22,21,17,20],[6,10,2,22,14,18,21,17,24,20,1],[6,14,2,18,22,17,21,20],[22,10,18,21,17,20,2,14],[6,2,18,14,22,21,17,24,20,10,1],[10,2,6,14,18,22,21,17,24,20,1],[6,2,10,22,14,18,17,21,24,20,1],[14,10,18,2,6,22,21,17,24,20,1],[10,2,22,18,17,21,24,20,6,14,1],[14,10,2,18,22,21,17,24,20,6,1],[10,22,18,17,21,24,20,2,14,6,1],[10,6,18,14,22,21,17,24,20,2,1],[10,2,14,6,18,22,17,21,24,20,1],[2,14,22,10,18,21,17,24,20,6,1],[18,10,22,21,17,24,20,14,6,2,1],[22,14,6,10,2,18,17,21,24,20,1],[18,14,6,10,2,22,21,17,24,20,1],[2,22,14,18,17,21,20],[18,14,2,10,6,22,17,21,24,20,1],[18,2,14,10,22,17,21,24,20,6,1],[18,22,17,21,20,10,14],[2,14,18,6,10,22,17,21,24,20,1],[10,22,14,18,21,17,24,20,2,6,1,9],[6,10,18,14,2,22,17,21,20],[14,22,2,18,17,21,20],[2,18,10,22,21,17,20,6],[18,6,14,22,21,17,24,20,10,2,1],[2,14,22,18,21,17,24,20,6,10,1],[22,14,6,2,18,17,21,24,20,10,1],[6,10,22,2,14,18,21,17,20],[2,14,6,22,18,21,17,20],[6,2,10,14,22,18,21,17,20],[22,10,6,18,21,17,20],[14,2,10,22,18,21,17,24,20,6,1],[10,18,14,6,22,21,17,20],[6,2,14,10,18,22,21,17,20],[18,14,6,22,17,21,24,20,2,10,1],[6,22,14,18,17,21,20],[14,2,22,18,17,21,24,20,6,10,1],[6,2,14,10,18,22,21,17,24,20,1],[14,22,6,2,10,18,17,21,20],[10,14,6,22,2,18,17,21,20],[22,10,2,14,18,17,21,24,20,6,1],[2,22,6,10,18,17,21,24,20,14,1],[22,10,18,21,17,24,20,14,6,2,1],[6,22,14,2,18,21,17,20],[2,10,22,14,6,18,17,21,24,20,1],[6,14,22,2,18,21,17,20],[2,14,10,6,18,22,17,21,24,20,1],[14,18,10,6,22,17,21,20],[14,2,6,22,10,18,21,17,24,20,1],[14,18,10,6,2,22,21,17,20],[18,22,21,17,20,6,2],[6,10,2,22,14,18,21,17,20],[14,22,10,6,18,17,21,24,20,2,1],[6,22,18,17,21,20,14],[10,2,22,6,18,17,21,20],[22,18,17,21,24,20,6,2,14,10,1],[14,2,6,22,10,18,17,21,24,20,1],[14,10,2,6,18,22,17,21,20],[10,2,18,22,17,21,20,14],[2,10,22,14,18,17,21,24,20,6,1],[18,22,21,17,24,20,14,10,6,2,1],[18,6,14,10,2,22,21,17,24,20,1],[22,10,6,2,18,21,17,20],[14,22,10,2,6,18,21,17,24,20,1],[22,6,2,10,18,21,17,20],[2,14,18,6,22,17,21,24,20,10,1],[6,10,18,2,14,22,21,17,24,20,1],[10,18,6,14,2,22,21,17,24,20,1],[10,2,14,18,22,21,17,20],[6,22,18,21,17,20,2],[10,14,2,22,6,18,21,17,24,20,1],[6,14,10,18,2,22,21,17,24,20,1],[6,2,10,14,18,22,17,21,24,20,1],[14,18,22,17,21,20,6],[14,2,18,10,6,22,17,21,20],[6,14,22,18,17,21,20],[22,2,14,10,6,18,17,21,24,20,1],[10,2,6,18,14,22,17,21,24,20,1],[18,22,17,21,24,20,14,2,6,10,1],[2,14,10,6,22,18,21,17,24,20,1],[14,10,22,18,17,21,24,20,6,2,1],[10,18,14,22,17,21,20],[2,18,14,22,21,17,20],[10,2,18,6,14,22,17,21,24,20,1],[18,6,10,22,17,21,24,20,14,2,1],[6,2,10,14,22,18,17,21,24,20,1],[22,2,6,10,18,21,17,20],[14,2,6,22,18,21,17,24,20,10,1],[22,6,10,2,18,17,21,20],[10,22,18,21,17,20,6],[10,2,22,6,18,21,17,20],[22,2,6,10,18,21,17,20],[2,14,10,6,22,18,21,17,24,20,1],[18,14,22,17,21,20,10],[10,6,22,14,2,18,21,17,24,20,1],[2,10,6,22,18,17,21,20],[22,2,14,6,10,18,17,21,24,20,1],[2,10,14,22,6,18,21,17,24,20,1],[22,18,21,17,24,20,14,10,2,6,1],[14,10,2,18,22,17,21,24,20,6,1],[10,6,22,14,2,18,21,17,24,20,1],[6,2,18,22,17,21,20],[2,22,14,10,6,18,17,21,24,20,1],[14,22,6,18,17,21,20],[10,2,22,18,17,21,20,14],[14,22,18,17,21,20,10],[2,6,22,18,17,21,20],[2,18,22,21,17,20,14],[14,10,22,2,6,18,21,17,24,20,1],[22,6,18,17,21,20,10],[14,18,22,21,17,20,6],[22,10,14,2,6,18,21,17,24,20,1],[18,14,2,22,21,17,20],[10,22,14,6,2,18,17,21,24,20,1],[18,2,10,6,22,17,21,24,20,14,1],[14,10,6,2,18,22,21,17,20],[14,18,6,10,2,22,21,17,24,20,1],[14,18,22,17,21,24,20,10,2,6,1],[18,6,14,22,21,17,20],[14,10,6,2,18,22,21,17,24,20,1],[6,2,10,18,14,22,17,21,24,20,1],[6,14,2,22,18,21,17,24,20,10,1],[2,6,10,22,18,21,17,20],[2,22,14,10,18,17,21,24,20,6,1],[18,22,21,17,20,6,10],[18,10,14,2,22,17,21,20],[18,6,2,22,21,17,20],[18,14,6,10,2,22,17,21,24,20,1],[14,18,2,22,17,21,20],[18,10,14,2,6,22,21,17,24,20,1],[22,14,10,6,18,17,21,20],[14,22,18,21,17,20,10],[10,22,14,18,21,17,24,20,2,6,1],[22,10,2,6,14,18,21,17,20],[18,14,6,2,22,21,17,24,20,10,1],[6,2,10,14,18,22,17,21,24,20,1],[6,10,14,18,2,22,21,17,24,20,1],[10,2,18,14,22,17,21,24,20,6,1],[10,6,2,22,18,21,17,24,20,14,1],[10,22,6,2,18,21,17,24,20,14,1],[6,10,2,22,14,18,17,21,24,20,1],[6,14,18,10,22,17,21,20],[10,22,14,18,17,21,20],[10,14,6,2,18,22,17,21,24,20,1],[18,6,10,22,17,21,24,20,14,2,1],[2,14,6,22,10,18,21,17,20],[22,10,18,17,21,20,14],[22,10,6,18,17,21,20],[14,22,10,18,17,21,24,20,6,2,1],[22,6,14,18,21,17,24,20,10,2,1],[2,6,10,18,22,21,17,20],[22,2,10,14,18,21,17,20],[14,6,18,2,22,17,21,20],[2,18,22,21,17,20,10,6],[10,22,14,2,6,18,17,21,24,20,1],[14,22,18,21,17,24,20,10,2,6,1],[10,14,18,22,17,21,20],[18,10,14,22,17,21,24,20,6,2,1],[6,18,2,10,14,22,21,17,20],[14,6,10,2,22,18,21,17,24,20,1],[6,22,2,10,18,21,17,24,20,14,1],[14,2,22,6,18,17,21,20],[2,14,6,22,18,17,21,24,20,10,1],[2,6,22,18,17,21,20],[2,22,6,18,17,21,24,20,14,10,1],[14,2,6,10,18,22,17,21,20],[14,18,2,10,22,17,21,24,20,6,1],[22,10,2,18,21,17,20,14],[22,6,2,10,18,17,21,24,20,14,1],[18,14,2,6,22,17,21,20],[18,14,22,17,21,24,20,6,2,10,1],[14,18,2,22,21,17,24,20,10,6,1],[18,22,21,17,20,6,10],[18,2,14,10,6,22,17,21,24,20,1],[18,22,17,21,24,20,10,6,2,14,1],[10,22,2,6,14,18,17,21,20],[10,2,6,18,22,17,21,24,20,14,1],[6,2,14,18,10,22,17,21,20],[14,22,6,10,2,18,17,21,24,20,1],[10,22,14,18,17,21,20],[22,2,18,17,21,20,6]],"n_human":7}