{"problem_id":"7MdK3SAZMHA9Mek","sigma":150,"alpha":10.000,"cost":0,"probabilities":"[0.15, 0.27, 0.37, 0.21]","payoff_matrix":"[[154, 184, -110, -46, 86, -141], [-111, -206, 168, 7, 56, 64], [53, 54, 286, 49, -109, -8], [174, -8, -147, 19, -128, 101]]","uncovered":[[23,11,19,3,15,7,2,6,10],[15,19,11,3,23,7,10],[11,15,7,3,23,19,2,10],[3,19,11,23,7,15,2,10],[19,15,3,14,2,7,6,11,23],[7,23,3,2,15,14,6,19,11],[19,11,7,15,23,3,6,10],[11,19,15,23,7,3,6,10],[7,3,2,19,23,15,6,11,10],[23,15,3,2,19,7,14,6,11],[23,7,19,3,6,15,2,11,14],[11,15,19,23,7,3,6,2,14],[11,3,19,23,15,7,2,6,14],[23,19,7,3,6,11,15,10],[7,19,11,15,23,3,10],[3,11,23,7,19,15,2,6,10],[11,23,15,3,7,19,14,10],[3,11,15,23,7,19,6,10],[15,19,11,3,7,23,14,2,6],[11,19,15,3,23,7,10],[23,11,3,7,19,15,10],[11,19,15,7,23,3,2,10],[19,15,3,14,2,23,11,7,10],[7,11,3,23,15,19,2,6,14],[11,15,23,7,3,19,14,10],[19,11,7,3,23,15,6,2,14],[19,15,23,3,2,7,14,6,11],[3,7,6,11,23,19,15,2,10],[15,11,3,23,7,19,2,10],[7,11,3,23,15,19,14,10],[7,11,23,19,15,3,6,10],[11,7,15,3,19,23,14,6,10],[7,3,2,19,23,15,14,6,11],[15,23,3,14,2,11,19,7,6],[23,15,3,14,2,19,11,7,6],[3,7,6,11,19,23,15,2,14],[23,15,3,2,19,7,6,11,14],[3,11,15,23,19,7,6,10],[19,23,15,11,3,7,10],[23,15,7,14,6,11,3,19,10],[7,11,19,3,15,23,14,6,10],[23,7,19,11,3,15,10],[7,19,11,15,3,23,14,10],[19,7,11,3,15,23,6,10],[3,15,14,2,23,11,7,19,6],[23,3,15,14,2,7,6,11,19],[3,11,19,7,23,15,10],[3,15,2,19,23,7,14,6,11],[3,23,19,11,7,15,12,6,2,14,10],[11,15,23,19,7,3,10],[11,19,7,15,3,23,10],[11,7,23,15,19,3,6,2,14],[15,23,7,14,6,19,11,3,2],[11,3,15,19,7,23,6,2,14],[19,11,23,3,15,7,2,10],[15,19,7,14,6,3,2,11,23],[7,19,23,11,15,3,6,2,10],[11,7,3,15,19,23,10],[7,15,6,3,14,2,23,11,19],[23,11,7,3,15,19,10],[19,7,3,6,11,15,23,2,14],[11,23,7,19,3,15,6,14,10],[23,3,19,11,15,7,6,10],[11,19,23,15,7,3,10],[15,3,2,23,7,14,6,11,19],[19,3,11,7,15,23,2,10],[7,3,2,11,23,19,15,6,10],[15,11,19,23,7,3,6,2,14],[3,23,15,14,2,19,11,7,6],[15,19,3,14,2,11,7,23,10],[7,11,23,3,19,15,6,2,14],[3,23,19,11,15,7,10],[7,11,3,15,23,19,14,6,2],[11,23,7,3,15,19,6,2,14],[3,19,23,11,15,7,6,14,2],[11,23,7,15,19,3,16,6,2,14],[23,19,3,7,2,15,14,6,11],[23,7,19,15,14,6,11,3,10],[11,15,23,19,3,7,10],[7,3,6,19,11,23,15,10],[19,15,23,3,2,7,14,6,11],[23,3,19,7,6,11,15,4,10],[11,7,3,23,19,15,6,10],[7,3,2,15,6,23,11,19,14],[15,19,23,3,14,2,11,7,10],[23,15,7,6,11,3,19,10],[7,15,14,6,19,11,3,23,2],[7,11,15,19,3,23,6,10],[7,19,23,3,6,11,15,2,14],[19,7,23,11,3,15,10],[15,23,11,7,19,3,6,2,10],[23,15,11,7,3,19,10],[11,7,3,23,15,19,10],[15,11,19,3,7,23,14,6,2],[19,7,11,15,23,3,6,2,10],[11,7,15,3,23,19,2,10],[7,19,3,6,23,15,14,2,11],[7,19,3,6,15,14,2,11,23],[15,11,23,3,19,7,10],[3,19,11,7,15,23,2,10],[15,19,3,2,11,23,7,10],[23,7,15,6,11,19,3,10],[23,3,15,14,2,11,19,7,10],[19,15,11,3,23,7,10],[15,3,14,2,19,7,6,11,23],[15,11,19,7,23,3,2,6,10],[11,23,19,15,3,7,6,10],[3,15,14,2,11,7,19,23,10],[15,11,7,23,19,3,14,2,6],[3,19,11,15,23,7,10],[3,11,7,23,15,19,2,10],[23,19,3,11,15,7,10],[15,3,2,11,7,19,23,6,14],[3,15,2,7,6,19,11,23,10],[7,23,15,14,6,19,11,3,10],[23,15,7,14,6,11,19,3,10],[7,19,3,6,15,2,23,11,14],[7,3,6,11,15,19,23,2,10],[11,3,15,7,19,23,10],[7,3,6,15,2,11,19,23,14],[23,19,7,15,14,6,3,2,11],[11,3,7,15,23,19,14,6,2],[23,19,15,7,6,11,3,10],[11,7,23,19,15,3,10],[11,3,19,15,7,23,10],[3,7,2,11,15,23,19,6,10],[15,7,6,3,2,11,19,23,10],[7,3,2,15,14,6,23,11,19],[23,15,7,6,19,3,14,2,11],[23,11,15,3,7,19,6,10],[11,3,19,15,7,23,10],[11,7,23,3,19,15,10],[19,3,11,23,7,15,2,10],[11,3,7,23,19,15,10],[23,19,3,15,14,2,7,6,11],[23,11,3,19,15,7,6,2,10],[11,15,7,3,19,23,2,6,10],[3,15,2,7,14,6,19,23,11],[19,7,11,15,3,23,14,6,10],[19,3,11,15,23,7,10],[19,3,23,7,6,11,15,10],[23,19,11,3,15,7,6,2,14],[11,3,7,15,23,19,2,10],[3,11,7,23,19,15,10],[3,19,7,2,23,11,15,14,6],[7,11,23,15,19,3,10],[3,19,15,14,2,11,7,23,6],[23,3,7,2,19,15,6,11,14],[3,23,15,14,2,11,7,19,9,10],[19,11,15,23,7,3,6,2,10],[23,3,19,15,14,2,7,6,11],[7,19,11,3,15,23,10],[3,15,2,19,11,7,23,10],[7,15,6,3,14,2,11,23,19],[7,23,15,6,3,2,11,19,10],[11,15,3,23,7,19,6,2,10],[11,3,19,15,23,7,6,2,10],[19,3,15,2,23,11,7,10],[3,11,23,15,7,19,10],[23,15,3,2,11,19,7,10],[19,15,11,7,23,3,6,2,10],[11,19,7,3,15,23,4,10],[19,11,7,23,15,3,6,10],[3,15,2,11,7,23,19,6,14],[11,23,15,7,19,3,14,6,2],[19,7,23,3,6,15,14,2,11],[19,7,23,3,6,15,2,11,14],[11,15,7,3,19,23,2,10],[15,7,14,6,11,3,23,19,10],[19,15,3,14,2,11,23,7,6],[19,3,11,23,7,15,2,6,14],[7,3,2,11,19,23,15,6,14],[15,23,7,6,11,19,3,10],[11,15,3,7,23,19,14,2,6],[19,7,23,3,2,11,15,6,10],[19,3,23,15,14,2,7,6,11],[19,7,11,15,23,3,2,10],[19,11,7,3,15,23,10],[19,15,7,14,6,3,2,23,11],[3,15,14,2,11,7,19,23,10],[15,23,7,14,6,3,2,11,19],[23,7,3,6,19,15,2,11,14],[3,11,7,23,15,19,10],[23,11,3,19,15,7,6,14,10],[11,3,15,7,23,19,6,2,14],[11,3,19,7,23,15,2,10],[11,7,23,19,3,15,2,14,10],[7,23,11,15,19,3,10],[19,23,3,11,7,15,14,9,6,10],[15,3,2,7,14,6,19,11,23],[11,7,19,3,23,15,2,6,10],[23,15,7,14,6,3,2,11,19],[15,11,7,3,19,23,6,10],[19,11,15,23,7,3,2,6,14],[15,7,6,11,3,23,19,2,14],[19,3,15,14,2,7,6,11,23],[15,23,7,14,6,19,3,2,11],[19,23,15,11,7,3,2,10],[11,15,3,7,23,19,2,6,14],[11,19,7,23,3,15,2,10],[19,23,11,15,7,3,6,2,10],[11,7,23,3,19,15,10],[15,11,3,7,19,23,6,10],[11,23,19,3,7,15,10],[23,15,3,2,7,14,6,11,19],[19,15,11,23,3,7,2,6,10],[3,11,15,23,7,19,2,14,10],[19,7,11,3,15,23,10],[3,23,15,2,7,6,11,19,14],[15,11,19,3,23,7,14,10],[15,11,3,7,23,19,2,10],[7,11,19,23,15,3,14,6,2],[19,23,15,3,14,2,7,6,11],[19,23,11,7,3,15,6,10],[3,23,11,19,7,15,2,10],[11,19,3,15,7,23,10],[15,23,7,14,6,11,3,19,9,10],[19,3,11,15,23,7,2,6,10],[19,11,3,7,23,15,6,2,14],[7,19,23,3,6,11,15,2,14],[15,23,3,2,11,19,7,14,10],[3,15,2,19,23,7,6,11,10],[19,23,7,3,2,15,14,6,11],[23,19,3,15,2,11,7,6,14],[11,19,15,23,3,7,2,6,14],[7,11,15,23,19,3,2,14,10],[23,7,15,14,6,3,2,11,19],[23,7,3,2,15,6,11,19,14],[23,15,11,3,19,7,2,10],[11,15,23,19,7,3,14,10],[15,11,3,19,7,23,10],[23,15,7,14,6,19,11,3,10],[15,7,14,6,23,3,2,11,19],[15,23,3,14,2,7,6,19,11],[3,11,7,15,19,23,10],[11,15,23,3,7,19,14,2,6],[11,23,3,15,7,19,2,6,10],[23,11,3,15,7,19,6,2,14],[23,11,3,19,7,15,10],[3,11,23,15,7,19,10],[7,15,6,23,19,11,3,14,2],[15,7,6,3,2,11,23,19,14],[7,11,23,3,19,15,10],[3,11,15,19,23,7,6,10],[3,19,15,14,2,7,6,23,11],[23,19,3,7,2,11,15,6,10],[23,7,11,3,19,15,6,2,14],[11,19,15,3,7,23,6,10],[7,19,15,14,6,23,11,3,2],[7,11,23,3,19,15,2,6,10],[7,15,14,6,19,23,11,3,10],[3,19,7,6,11,15,23,10],[19,7,23,15,14,6,11,3,10],[3,19,11,15,7,23,2,10],[7,11,15,3,19,23,2,6,10],[7,15,14,6,3,2,19,23,11],[19,23,7,11,3,15,6,10],[7,19,23,3,6,15,14,2,11],[23,19,7,11,15,3,10],[3,23,11,15,7,19,2,6,10],[7,23,19,3,2,11,15,6,10],[19,3,15,14,2,7,6,11,23],[3,11,23,19,15,7,10],[15,7,14,6,11,3,23,19,2],[23,11,19,3,7,15,6,2,10],[7,23,11,15,19,3,6,10],[19,7,11,3,23,15,6,10],[7,15,6,23,3,2,19,11,10],[23,19,7,3,6,11,15,2,14],[3,19,15,14,2,23,11,7,6],[3,11,23,15,19,7,2,6,13,10],[11,3,15,7,23,19,6,14,10],[23,15,7,6,19,11,3,14,10],[19,23,3,7,6,11,15,2,10],[23,3,11,7,15,19,10],[3,15,14,2,7,6,23,11,19],[11,3,15,19,23,7,14,2,6],[3,15,2,7,6,19,11,23,14],[19,3,7,6,23,11,15,2,14],[23,11,7,15,19,3,6,2,14],[19,23,11,15,3,7,2,6,10],[15,23,7,6,11,19,3,2,14],[3,23,7,6,15,2,19,11,10],[23,7,19,15,14,6,3,2,11],[23,7,11,3,15,19,14,6,2],[23,15,19,7,6,11,3,4,10],[7,15,14,6,11,23,3,19,10],[11,23,7,15,19,3,14,2,10],[7,19,23,3,2,15,6,11,14],[23,11,7,15,3,19,10],[15,7,14,6,3,2,23,19,11],[11,23,7,3,15,19,14,2,10],[7,15,14,6,11,3,19,23,2],[3,7,6,15,2,23,19,11,14],[15,23,3,2,11,19,7,10],[11,3,15,19,23,7,10],[19,23,7,15,14,6,11,3,2],[11,23,7,19,3,15,8,10],[23,19,11,15,3,7,2,14,6],[23,11,19,7,3,15,6,10],[15,19,23,3,2,7,6,11,14],[11,19,3,23,15,7,10],[7,3,2,11,23,15,19,6,10],[3,19,23,11,15,7,4,10],[3,23,11,7,15,19,2,12,6,14,10],[19,23,11,7,3,15,10],[15,23,7,6,3,14,2,19,11],[19,23,15,11,7,3,10],[7,3,6,15,2,23,19,11,14],[11,15,19,3,23,7,6,2,14],[23,11,3,15,7,19,14,10],[11,15,7,19,3,23,14,6,10],[19,23,7,3,2,15,6,11,14],[3,11,7,23,19,15,6,10],[19,15,3,14,2,11,7,23,6],[7,23,19,11,3,15,6,2,10],[7,23,15,14,6,19,3,2,11],[11,19,3,15,7,23,6,2,14],[19,15,3,14,2,7,6,11,23],[15,7,6,11,23,3,19,2,10],[11,3,23,15,19,7,6,10],[15,3,14,2,19,7,6,23,11],[11,23,19,7,15,3,10],[15,11,3,23,7,19,10],[15,19,11,3,7,23,14,10],[23,19,7,11,15,3,6,2,14],[11,19,23,15,3,7,10],[7,19,3,6,11,15,23,2,10],[19,3,23,7,2,11,15,10],[19,7,23,11,15,3,2,14,6],[11,7,23,3,15,19,10],[3,23,7,2,19,11,15,10],[7,3,6,11,23,19,15,10],[19,7,3,6,23,15,2,11,14],[23,11,3,19,7,15,2,5,10],[19,7,23,11,15,3,2,10],[3,23,19,11,15,7,10],[15,7,6,3,14,2,11,19,23],[15,7,14,6,3,2,11,23,19],[19,11,7,15,3,23,10],[11,23,7,19,3,15,6,10],[23,3,11,15,7,19,10],[23,7,3,6,19,15,2,11,14],[15,3,2,23,19,7,6,11,14],[7,23,3,6,11,15,19,14,2],[7,19,3,6,15,2,11,23,14],[11,15,23,7,3,19,2,6,10],[15,7,14,6,11,23,19,3,2],[23,3,7,2,11,15,19,6,10],[19,11,3,23,7,15,6,2,10],[11,7,19,23,3,15,6,10],[11,19,7,15,23,3,14,10],[7,11,3,23,19,15,6,14,10],[3,7,6,15,2,11,23,19,14],[19,23,3,11,7,15,10],[3,19,15,2,7,6,11,23,14],[7,19,3,6,15,14,2,23,11],[7,11,23,3,15,19,2,6,10],[11,19,15,3,23,7,10],[15,7,6,3,2,23,19,11,10],[23,11,7,15,19,3,10],[11,7,23,3,15,19,10],[7,23,3,6,15,2,11,19,14],[7,23,11,15,3,19,10],[3,7,6,23,11,19,15,2,10],[7,15,14,6,19,3,2,11,23],[7,11,19,15,23,3,10],[11,7,23,19,3,15,2,10],[23,11,3,15,19,7,2,14,10],[23,15,19,3,14,2,7,6,11],[15,3,14,2,19,23,7,6,11],[7,23,19,3,6,15,2,11,16,10],[19,15,11,7,3,23,6,14,2],[3,19,23,15,14,2,11,7,10],[3,19,23,7,6,11,15,14,10],[15,7,14,6,11,19,23,3,10],[7,11,23,15,19,3,6,2,14],[15,11,23,3,7,19,10],[19,23,15,7,6,11,3,10],[7,23,11,19,3,15,14,6,2],[11,7,23,3,15,19,2,10],[11,19,3,23,7,15,6,2,10],[11,23,15,3,19,7,10],[3,19,15,14,2,11,23,7,6],[15,7,14,6,3,2,19,11,23],[23,15,7,6,3,14,2,11,19],[7,3,6,15,14,2,19,23,11],[23,15,19,7,6,3,14,2,11],[19,11,7,3,23,15,6,16,10],[19,15,11,23,3,7,6,10],[3,19,15,2,23,7,6,11,14],[19,15,7,14,6,11,23,3,10],[11,7,19,15,23,3,2,6,14],[3,23,15,2,19,7,14,6,11],[11,15,3,23,7,19,2,10],[3,7,6,11,15,23,19,10],[15,7,6,11,3,23,19,10],[7,19,15,6,23,3,14,2,11],[3,7,2,15,14,6,23,19,11],[19,7,3,6,23,15,14,2,11],[11,19,3,7,15,23,10],[11,7,23,3,15,19,2,6,10],[7,15,14,6,19,3,2,11,23],[7,19,11,3,23,15,10],[23,3,15,14,2,7,6,11,19],[11,15,7,23,3,19,14,6,2],[3,7,6,23,15,2,11,19,14],[11,15,19,7,3,23,10],[11,15,23,19,3,7,10],[3,7,6,19,23,11,15,2,14],[23,15,19,3,14,2,11,7,6],[11,19,15,23,3,7,2,10],[23,19,3,15,14,2,11,7,10],[15,19,3,2,11,23,7,14,10],[23,15,11,3,7,19,10],[7,15,14,6,23,19,3,2,11],[15,7,14,6,23,3,2,11,19],[11,23,3,15,7,19,6,14,2],[15,11,3,7,23,19,10],[7,15,6,11,23,19,3,10],[7,19,15,14,6,11,23,3,10],[23,7,19,3,6,11,15,10],[3,19,7,6,15,2,23,11,14],[11,15,3,19,7,23,9,6,2,14,10],[19,3,7,6,15,14,2,23,11],[7,11,19,23,3,15,6,2,14],[11,15,7,19,23,3,14,6,2],[7,15,6,19,23,3,2,11,14],[15,19,7,14,6,11,3,23,2],[19,11,23,3,15,7,2,6,10],[3,23,11,15,7,19,6,14,10],[7,11,23,19,3,15,8,10],[11,15,3,7,23,19,2,10],[15,23,3,14,2,19,11,7,10],[23,7,11,3,19,15,6,10],[7,23,3,2,11,19,15,14,10],[3,23,11,19,15,7,8,14,2,10],[7,3,2,19,11,23,15,10],[7,19,15,6,11,3,23,2,14],[23,15,3,2,7,14,6,11,19],[15,7,14,6,3,2,23,19,11],[3,11,15,23,7,19,10],[23,15,7,6,3,14,2,19,11],[11,7,23,15,19,3,2,6,10],[19,15,7,14,6,11,23,3,2],[11,23,3,19,7,15,22,14,2,6],[11,3,15,23,19,7,2,6,14],[7,11,15,3,23,19,14,10],[19,15,23,11,7,3,10],[23,3,7,2,11,19,15,6,14],[3,19,15,14,2,7,6,11,23],[19,15,23,3,2,11,7,14,9,6,10],[11,19,15,7,3,23,2,6,5,10],[7,23,15,14,6,3,2,19,11],[15,23,11,19,7,3,6,10],[23,11,3,7,15,19,10],[3,7,6,23,15,14,2,11,19],[3,23,19,7,2,11,15,6,14],[3,19,23,15,2,11,7,6,10],[19,3,7,6,15,14,2,23,11],[11,23,19,15,7,3,16,14,10],[11,19,3,15,23,7,6,2,14],[15,19,7,6,11,23,3,14,10],[3,7,2,11,19,15,23,6,10],[19,3,15,14,2,7,6,23,11],[19,15,7,6,23,11,3,10],[7,23,15,6,3,14,2,11,19],[19,11,15,23,7,3,10],[23,19,11,7,15,3,2,10],[7,15,6,19,23,3,14,2,11],[3,11,7,19,15,23,2,10],[7,15,14,6,11,23,19,3,2],[7,15,14,6,3,2,11,19,23],[23,11,19,3,7,15,2,10],[15,11,7,23,19,3,2,10],[23,11,7,19,3,15,6,2,14],[7,11,19,23,3,15,2,6,14],[19,7,15,6,3,2,11,23,14],[19,15,11,7,23,3,6,10],[19,3,7,6,11,23,15,12,2,14,10],[11,15,7,3,19,23,16,10],[19,11,3,15,7,23,6,14,10],[15,3,2,11,23,19,7,6,14],[15,19,3,2,23,7,6,11,10],[23,15,19,3,14,2,11,7,6],[19,11,23,3,15,7,6,2,10],[23,15,19,7,6,11,3,10],[15,11,3,23,7,19,10],[19,7,15,6,23,11,3,10],[19,7,3,6,15,2,11,23,14],[19,7,3,2,23,11,15,6,14],[15,19,3,2,7,6,23,11,10],[7,11,3,19,15,23,1,10],[19,23,11,7,15,3,6,21,10],[19,11,3,7,15,23,6,14,10],[15,11,19,3,7,23,2,10],[23,11,7,19,15,3,2,6,14],[11,7,15,3,23,19,6,10],[15,19,3,2,11,23,7,10],[3,23,15,14,2,7,6,11,19],[11,19,3,7,23,15,6,2,14],[7,11,19,23,15,3,2,10],[23,11,15,7,19,3,6,10],[3,23,15,14,2,11,7,19,10],[23,7,3,2,19,15,14,6,11],[15,23,11,3,19,7,10],[19,7,23,3,6,11,15,2,14],[11,19,15,7,23,3,2,6,14],[19,7,3,6,23,11,15,10],[23,7,15,6,3,14,2,11,19],[15,19,23,7,6,11,3,2,14],[19,11,7,23,15,3,2,10],[3,15,14,2,23,19,11,7,10],[23,15,11,19,7,3,6,10],[3,7,2,19,15,14,6,23,11],[3,11,23,19,7,15,1,10],[3,23,11,15,7,19,10],[15,11,19,23,3,7,6,10],[3,19,11,15,7,23,6,10],[7,15,14,6,11,23,3,19,10],[11,19,7,15,3,23,6,2,14],[3,23,15,14,2,19,11,7,10],[19,11,15,7,3,23,2,10],[15,23,7,14,6,11,3,19,10],[7,3,6,11,23,15,19,14,10],[3,15,2,11,23,19,7,6,10],[11,7,15,3,23,19,6,2,14],[23,15,19,7,6,11,3,10],[3,15,14,2,7,6,11,19,23],[19,3,11,15,23,7,22,14,6,10],[15,19,23,7,14,6,3,2,11],[7,19,3,6,23,11,15,2,14],[23,11,3,7,15,19,14,6,10],[15,3,2,7,6,11,19,23,10],[11,23,7,19,15,3,6,14,10],[19,3,11,23,15,7,10],[11,3,23,19,7,15,2,6,14],[19,11,3,23,7,15,6,10],[11,7,19,3,15,23,2,6,10],[11,15,7,19,3,23,6,2,10],[7,11,19,23,3,15,14,6,10],[19,23,7,11,15,3,2,10],[23,19,11,15,7,3,1,10],[3,19,7,6,15,2,11,23,14],[11,3,19,15,23,7,6,2,10],[19,7,23,3,6,15,2,11,12,14,10],[19,11,23,15,3,7,10],[23,3,19,15,14,2,7,6,11],[3,11,7,15,19,23,14,10],[3,11,23,15,19,7,2,10],[19,23,11,7,15,3,6,10],[23,15,3,14,2,7,6,19,11],[7,23,15,14,6,3,2,11,19],[23,19,11,7,3,15,2,14,6],[19,11,23,3,7,15,10],[19,3,15,2,23,11,7,10],[15,19,3,2,7,6,11,23,10],[19,3,7,6,11,23,15,14,10],[15,3,14,2,7,6,11,23,19],[11,3,15,19,7,23,10],[7,11,3,19,23,15,6,14,10],[7,3,6,19,23,15,14,2,11],[15,23,7,14,6,11,19,3,2],[23,7,11,3,15,19,6,10],[23,15,3,14,2,11,7,19,10],[15,19,11,23,3,7,2,10],[11,19,15,7,23,3,6,4,10],[23,15,7,6,3,2,19,11,10],[11,15,3,7,19,23,14,2,10],[15,11,7,23,3,19,16,6,10],[11,15,23,7,3,19,10],[15,3,14,2,11,7,19,23,6],[7,23,15,6,3,14,2,11,19],[15,19,7,6,23,11,3,10],[11,7,3,15,19,23,6,10],[11,7,3,19,15,23,10],[7,15,6,3,2,23,11,19,14],[3,7,2,15,6,23,19,11,10],[23,3,19,7,2,11,15,6,14],[19,11,23,7,15,3,6,14,2],[7,3,6,23,11,19,15,2,14],[11,7,23,3,15,19,14,10],[19,11,15,3,23,7,10],[11,15,23,7,19,3,10],[11,3,7,19,23,15,2,6,14],[7,15,14,6,3,2,23,11,19],[7,23,15,6,19,11,3,2,14],[7,11,3,23,19,15,2,6,13,10],[23,15,3,2,7,6,19,11,16,14],[19,7,23,15,14,6,11,3,10],[3,15,2,19,7,14,6,11,23],[3,15,2,11,7,23,19,6,16,10],[15,3,2,7,14,6,23,19,11],[23,15,3,2,7,14,6,19,11],[7,19,23,11,3,15,2,6,14],[11,3,19,23,15,7,6,2,14],[15,3,14,2,19,23,11,7,10],[15,3,2,7,6,11,19,23,10],[7,11,3,15,23,19,10],[3,19,7,6,23,15,14,2,11],[15,19,3,2,23,7,14,6,11],[3,23,15,14,2,7,6,11,19],[11,15,23,7,3,19,6,2,10],[19,23,11,3,15,7,6,2,10],[19,11,3,7,23,15,6,2,10],[23,3,11,7,15,19,6,14,2],[3,7,6,19,11,23,15,2,14],[23,3,19,11,7,15,14,2,6],[23,11,3,7,15,19,10],[3,19,23,11,7,15,6,10],[3,19,15,2,23,11,7,6,14],[7,23,15,6,11,19,3,2,10],[19,3,23,7,6,15,2,11,10],[19,23,11,3,7,15,2,10],[19,3,23,15,14,2,7,6,11],[19,15,23,11,7,3,6,2,14],[19,11,23,15,7,3,2,6,14],[3,15,14,2,7,6,19,11,23],[19,7,11,15,23,3,6,12,14,2,10],[3,23,15,2,19,7,14,6,11],[19,11,23,15,7,3,21,6,10],[11,23,7,15,3,19,10],[11,3,7,15,19,23,14,10],[3,15,2,23,19,7,14,6,11],[3,15,2,23,19,7,14,6,11],[7,11,15,3,23,19,10],[23,11,3,19,7,15,14,2,10],[3,19,23,7,2,11,15,6,10],[11,15,3,7,19,23,10],[19,7,3,2,11,15,23,10],[15,3,14,2,11,19,23,7,10],[19,7,23,3,6,11,15,2,16,10],[15,23,7,6,11,3,19,14,10],[7,11,15,19,23,3,6,2,14],[11,7,3,19,23,15,2,13,10],[19,3,11,23,15,7,14,10],[23,3,11,7,19,15,6,10],[15,23,7,6,19,3,2,11,10],[23,3,15,2,11,7,19,10],[7,15,6,3,14,2,23,19,11],[11,7,23,15,3,19,6,10],[23,7,15,14,6,19,3,2,11],[7,3,6,11,19,15,23,10],[23,19,7,15,14,6,3,2,11],[3,7,6,15,14,2,19,11,23],[23,19,3,7,2,15,14,6,11],[7,19,15,14,6,3,2,23,11],[3,11,23,15,19,7,14,10],[3,23,15,14,2,7,6,11,19],[15,11,7,19,3,23,2,10],[19,3,7,2,11,15,23,14,10],[7,19,11,15,23,3,2,14,6],[7,23,15,6,19,11,3,14,10],[7,11,3,15,23,19,14,10],[15,23,7,14,6,3,2,11,19],[3,15,2,19,7,14,6,23,11],[15,7,6,19,23,11,3,2,14],[23,15,11,19,3,7,14,2,10],[11,3,19,7,15,23,6,10],[15,7,14,6,23,3,2,19,11],[11,19,23,7,15,3,10],[11,23,3,19,7,15,10],[19,7,11,23,3,15,10],[19,3,7,6,23,11,15,10],[3,19,7,2,11,23,15,10],[19,15,23,11,3,7,2,10],[11,19,15,23,3,7,16,2,6,10],[7,23,15,14,6,11,19,3,2],[11,3,15,19,23,7,10],[11,19,7,23,3,15,2,6,10],[19,15,23,3,14,2,11,7,10],[15,19,3,14,2,11,7,23,6],[7,15,14,6,11,3,23,19,10],[11,7,23,15,19,3,14,2,10],[3,11,19,15,7,23,14,2,6],[15,7,14,6,19,23,3,2,11],[7,19,15,14,6,11,23,3,2],[15,3,14,2,19,23,7,6,11],[19,23,7,15,14,6,11,3,10],[15,3,2,11,7,23,19,10],[7,23,3,6,19,11,15,10],[23,7,19,3,6,11,15,10],[7,3,6,23,19,15,14,2,11],[23,19,15,11,7,3,2,14,6],[7,23,3,6,19,11,15,2,14],[23,7,15,14,6,3,2,11,19],[23,3,15,2,11,19,7,14,6],[7,3,2,19,23,15,14,6,11],[15,23,11,19,3,7,6,14,10],[15,23,3,14,2,11,7,19,10],[3,11,19,15,23,7,14,2,6],[7,19,3,2,23,15,14,6,11],[23,7,15,6,19,11,3,2,14],[19,23,11,15,7,3,6,10],[11,19,23,15,3,7,6,2,14],[19,7,3,6,11,15,23,10],[23,19,11,7,15,3,10],[7,11,3,15,23,19,6,10],[19,11,7,15,3,23,2,6,14],[15,19,7,14,6,23,3,2,11],[11,23,15,19,3,7,12,2,6,14,10],[7,23,11,3,15,19,6,2,10],[11,3,15,7,23,19,10],[11,19,15,7,23,3,10],[3,23,7,6,15,2,11,19,10],[11,19,23,3,15,7,14,6,2],[3,7,2,19,15,6,11,23,14],[19,11,15,23,7,3,10],[19,15,11,3,7,23,2,10],[7,19,23,11,3,15,6,14,2],[23,11,19,7,15,3,10],[23,15,3,14,2,19,7,6,11],[19,23,11,15,7,3,6,4,10],[11,7,15,23,3,19,14,10],[11,23,15,19,7,3,2,10],[23,7,11,3,15,19,10],[7,15,14,6,19,11,3,23,10],[3,15,2,19,23,7,14,6,11],[7,15,6,11,19,23,3,10],[15,11,3,19,23,7,6,10],[15,19,3,14,2,11,7,23,6],[23,11,7,3,15,19,2,6,10],[11,23,15,3,19,7,2,6,10],[19,11,15,3,7,23,10],[3,11,19,7,15,23,10],[23,7,15,6,11,3,19,14,2],[19,23,11,7,15,3,6,10],[19,3,11,15,7,23,6,2,10],[3,23,15,2,11,19,7,10],[19,3,11,7,15,23,2,10],[15,23,7,14,6,3,2,19,11],[23,7,15,14,6,3,2,19,11],[19,15,23,11,7,3,2,10],[11,19,23,3,7,15,2,6,14],[15,7,14,6,3,2,23,19,11],[15,19,7,14,6,11,3,23,10],[19,15,7,6,3,14,2,23,11],[19,23,11,15,3,7,2,6,10],[23,15,11,19,3,7,14,6,10],[19,7,11,3,23,15,6,10],[23,11,19,7,15,3,6,14,2],[7,11,3,15,19,23,10],[19,3,7,6,11,23,15,14,4,10],[3,23,11,7,19,15,6,10],[7,23,15,6,3,14,2,11,19],[7,23,15,6,3,2,19,11,16,10],[19,23,15,3,2,11,7,10],[19,11,3,15,23,7,14,6,10],[19,3,15,14,2,11,7,23,6],[11,23,3,7,19,15,5,10],[15,7,6,23,19,3,14,2,11],[11,19,15,23,3,7,2,6,14],[19,7,23,11,3,15,6,2,14],[7,23,19,15,14,6,11,3,10],[3,15,14,2,23,7,6,11,19],[23,19,7,15,14,6,3,2,11],[7,15,14,6,3,2,11,19,23],[7,3,2,11,23,19,15,6,14],[19,11,3,7,15,23,2,10],[15,23,7,6,11,3,19,2,10],[11,3,15,19,7,23,14,6,10],[19,15,7,14,6,11,23,3,10],[19,15,3,2,23,7,6,11,10],[15,19,11,7,3,23,6,14,10],[11,15,23,7,3,19,14,10],[15,19,3,2,7,14,6,11,23],[3,23,15,2,11,7,19,6,14],[11,3,7,23,15,19,10],[3,15,14,2,7,6,19,23,11],[7,23,19,11,15,3,14,2,10],[11,3,7,19,23,15,10],[3,7,6,19,23,11,15,10],[7,19,15,6,11,23,3,10],[7,11,15,19,23,3,2,6,10],[7,19,11,23,3,15,12,6,2,14,10],[19,3,7,2,23,15,14,6,11],[11,19,3,7,15,23,2,10],[3,11,7,15,23,19,10],[15,3,14,2,11,23,19,7,10],[7,11,15,19,3,23,6,10],[15,7,6,19,11,3,23,10],[3,11,15,23,7,19,9,6,2,10],[7,19,3,6,15,14,2,23,11],[7,19,23,15,6,3,14,2,11],[15,7,14,6,23,19,3,2,11],[7,19,3,2,15,14,6,11,23],[11,7,19,15,23,3,2,10],[3,7,6,11,15,23,19,14,2],[11,7,15,19,23,3,14,6,2],[23,19,7,11,15,3,14,6,10],[3,15,14,2,11,23,7,19,6],[11,19,15,3,7,23,10],[3,19,7,2,15,14,6,11,23],[23,11,19,7,15,3,10],[7,3,6,23,15,2,19,11,10],[15,19,3,14,2,7,6,23,11],[7,3,6,19,23,11,15,10],[19,11,15,23,7,3,6,2,10],[15,19,3,14,2,7,6,11,23],[23,11,7,3,15,19,6,9,2,14,10],[11,7,19,23,15,3,14,6,10],[3,15,2,11,19,7,23,6,10],[7,3,2,23,11,15,19,10],[23,15,11,19,7,3,10],[19,3,11,23,7,15,10],[7,3,2,15,6,11,19,23,14],[23,11,19,7,15,3,2,6,10],[15,19,7,14,6,11,3,23,10],[15,23,19,11,7,3,2,10],[23,11,7,3,19,15,2,6,10],[7,15,6,11,3,23,19,21,2,10],[19,15,11,7,3,23,10],[19,3,15,14,2,7,6,23,11],[15,7,6,3,14,2,11,19,23],[19,3,11,7,15,23,6,2,10],[15,23,19,7,14,6,11,3,2],[19,7,23,11,3,15,10],[11,23,15,3,7,19,6,2,10],[3,15,14,2,23,19,7,6,11],[15,7,14,6,19,3,2,11,23],[7,11,3,23,19,15,10],[7,19,15,14,6,23,3,2,11],[11,23,19,15,7,3,12,6,2,14,10],[15,3,14,2,19,7,6,11,23],[11,19,3,15,23,7,10],[15,7,14,6,11,23,3,19,10],[3,7,2,23,19,15,6,11,10],[3,19,15,2,7,14,6,11,23],[23,11,15,7,19,3,6,10],[11,23,3,7,19,15,2,10],[19,23,11,7,15,3,6,9,2,14,10],[19,15,11,23,3,7,2,6,10],[3,19,11,7,23,15,6,10],[23,3,15,14,2,19,11,7,10],[23,15,7,14,6,19,3,2,11],[11,15,23,19,7,3,10],[3,11,23,15,7,19,6,10],[7,11,3,15,23,19,2,10],[19,7,23,3,2,15,6,11,10],[7,11,15,3,23,19,10],[15,11,7,3,19,23,14,2,10],[15,3,14,2,23,11,7,19,5,10],[19,23,3,15,2,11,7,10],[7,15,14,6,19,3,2,23,11],[19,11,3,23,15,7,4,10],[11,3,23,7,15,19,14,6,2],[3,19,11,7,23,15,2,14,6],[7,19,23,11,3,15,2,6,14],[23,11,3,15,7,19,10],[11,3,23,19,7,15,8,10],[23,11,19,3,15,7,10],[11,23,7,15,3,19,6,10],[19,11,15,3,7,23,2,10],[15,23,19,11,7,3,10],[11,3,19,7,23,15,14,2,10],[19,3,15,14,2,23,7,6,11],[3,15,14,2,11,23,19,7,10],[23,15,7,14,6,11,19,3,2],[15,19,23,3,14,2,7,6,11],[3,11,19,15,23,7,2,10],[11,15,7,3,23,19,2,10],[19,3,11,23,15,7,14,6,10],[19,3,23,15,14,2,7,6,11],[7,3,2,19,11,15,23,6,10],[7,11,19,15,23,3,10],[7,23,3,6,11,15,19,10],[19,15,11,7,3,23,10],[23,19,15,3,14,2,7,6,11],[11,3,7,15,23,19,6,2,10],[19,15,3,14,2,7,6,11,23],[19,7,3,6,11,15,23,2,14],[7,11,15,19,3,23,6,2,10],[3,15,2,7,14,6,11,23,19],[11,3,19,15,23,7,6,2,14],[7,19,23,11,3,15,2,6,14],[15,11,7,19,23,3,6,2,14],[15,7,14,6,11,19,3,23,10],[15,19,23,3,2,11,7,10],[19,3,7,6,15,14,2,11,23],[3,11,15,19,23,7,10],[19,3,11,15,7,23,10],[23,15,19,11,7,3,2,10],[11,23,19,15,7,3,2,6,10],[23,11,3,15,19,7,2,10],[15,23,11,3,7,19,2,10],[23,7,15,14,6,3,2,19,11],[3,7,2,15,14,6,23,11,19],[3,19,7,6,23,11,15,2,10],[7,15,6,11,23,19,3,10],[11,15,3,7,19,23,2,6,14],[15,7,6,23,19,3,14,2,11],[7,23,19,11,3,15,6,14,2],[15,19,23,3,2,11,7,14,6],[11,19,7,3,15,23,10],[19,15,7,6,11,23,3,2,14],[7,3,2,19,23,11,15,6,14],[15,11,7,19,23,3,6,10],[11,7,23,3,19,15,6,10],[3,19,7,6,11,23,15,2,14],[3,23,19,11,7,15,2,10],[7,11,23,19,15,3,10],[7,23,11,3,19,15,6,2,14],[7,11,19,3,15,23,6,2,10],[23,19,3,11,15,7,10],[23,7,15,6,19,3,14,2,11],[11,7,3,19,15,23,14,10],[23,15,7,6,19,11,3,2,10],[19,23,11,7,3,15,10],[23,7,15,6,3,2,19,11,10],[7,15,14,6,11,3,19,23,10],[11,15,3,19,7,23,14,2,10],[11,23,19,7,3,15,10],[3,23,19,7,6,15,2,11,14],[3,7,2,15,14,6,11,23,19],[19,11,15,3,7,23,14,10],[15,7,6,3,2,11,19,23,14],[11,3,15,23,7,19,10],[23,19,7,15,6,11,3,2,9,14,10],[15,3,14,2,7,6,23,11,19],[7,23,11,15,3,19,2,10],[7,19,3,2,11,23,15,6,14],[15,7,14,6,3,2,19,11,23],[3,11,19,7,15,23,2,21,14,6],[11,3,15,23,7,19,10],[3,19,15,14,2,23,11,7,10],[11,19,7,3,15,23,2,10],[23,7,19,15,6,11,3,2,10],[3,19,15,14,2,7,6,23,11],[11,15,7,23,19,3,10],[15,19,7,14,6,23,11,3,2],[11,7,3,19,15,23,2,14,10],[3,11,7,15,19,23,2,14,6],[3,19,23,11,7,15,2,6,10],[19,11,15,23,7,3,14,10],[11,15,19,7,23,3,13,2,6,10],[19,15,11,3,7,23,10],[3,7,6,15,14,2,19,11,23],[7,23,11,19,15,3,2,10],[15,11,19,7,3,23,6,10],[15,7,14,6,19,3,2,23,11],[23,19,11,7,15,3,6,10],[23,7,15,6,3,14,2,11,19],[23,3,15,2,7,14,6,19,11],[15,23,3,2,11,19,7,6,14],[7,15,6,11,19,23,3,10],[7,3,6,11,23,15,19,10],[15,3,2,11,19,7,23,6,10],[3,19,15,14,2,11,7,23,6],[3,7,6,11,19,15,23,14,2],[11,3,23,19,15,7,6,10],[3,11,23,19,15,7,10],[7,19,23,3,2,11,15,6,14],[7,15,14,6,23,3,2,19,11],[11,23,3,19,7,15,6,2,14],[11,15,3,19,23,7,6,2,14],[3,15,14,2,23,11,19,7,10],[15,7,14,6,23,11,19,3,10],[15,19,11,23,3,7,10],[11,7,19,3,23,15,10],[15,23,19,3,14,2,11,7,6],[11,15,7,23,19,3,2,6,14],[19,15,11,3,7,23,6,10],[3,11,19,15,7,23,2,6,14],[7,19,15,6,3,14,2,23,11],[7,3,6,11,23,19,15,2,10],[3,23,11,7,19,15,6,10],[23,3,11,7,15,19,6,14,2],[15,3,14,2,11,23,7,19,10],[3,19,7,6,23,15,14,2,11],[3,19,11,15,7,23,10],[3,23,19,7,6,11,15,10],[23,19,15,7,6,11,3,2,10],[23,11,15,3,7,19,6,2,14],[7,19,3,2,11,15,23,6,14],[23,11,15,7,3,19,6,10],[23,11,3,19,15,7,6,10],[3,19,15,2,7,14,6,23,11],[3,19,23,15,14,2,7,6,11],[23,19,15,3,14,2,11,7,10],[15,3,14,2,11,7,19,23,6],[23,3,19,7,6,11,15,2,10],[3,11,15,19,7,23,10],[15,3,2,23,7,6,11,19,14],[7,19,15,6,23,3,2,11,10],[15,23,7,14,6,11,3,19,10],[19,7,23,15,6,3,14,2,11],[19,7,23,3,6,15,2,11,14],[15,11,23,7,3,19,4,10],[3,11,23,7,15,19,6,2,14],[7,11,23,19,15,3,14,6,10],[23,11,3,7,15,19,6,2,14],[15,11,3,23,19,7,2,10],[7,23,15,14,6,11,3,19,10],[7,23,15,6,19,11,3,10],[11,3,23,15,19,7,2,6,10],[23,11,7,19,3,15,14,6,2],[23,7,15,6,11,19,3,10],[19,3,7,6,11,15,23,10],[11,23,7,3,15,19,6,13,2,10],[11,15,19,3,7,23,6,2,14]],"n_human":5}