{"problem_id":"IBOZgXFSkyvyiUf","sigma":75,"alpha":0.316,"cost":2,"probabilities":"[0.37, 0.44, 0.17, 0.02]","payoff_matrix":"[[15, -30, 29, -47, -45, -53], [-99, -104, 26, 20, -32, -84], [159, -28, 100, -106, 63, 32], [61, -31, -171, -16, -79, -55]]","uncovered":[[10,6,22,2,14,18,9,13],[18,14,22,10,6,2,13],[6,14,22,18,2,10,9,13],[6,22,10,18,14,2,9,13],[10,6,22,14,2,18,13],[6,22,14,2,18,10,9,13],[6,14,18,22,2,10,9,13],[10,22,18,2,6,14,9,13],[6,22,18,2,10,14,9,13],[22,2,6,10,18,14,13],[6,22,10,2,14,18,9,13],[10,2,6,14,22,18,9,13],[14,22,10,2,6,18,9,13],[2,10,18,6,22,14,9,13],[2,14,22,18,6,10,13],[10,6,14,18,22,2,9,13],[2,14,18,22,6,10,13],[22,18,2,6,14,10,9,13],[18,2,22,10,14,6,9,13],[10,14,6,22,18,2,9,13],[22,18,10,2,14,6,13],[22,6,10,18,2,14,9,13],[22,2,18,6,10,14,13],[18,6,10,22,14,2,13],[10,22,6,2,18,14,13],[22,14,18,2,6,10,13],[18,22,6,2,14,10,13],[10,14,18,6,22,2,13],[22,6,2,14,18,10,13],[10,6,22,2,14,18,13],[6,22,14,18,10,2,13],[18,22,6,2,10,14,13],[22,14,10,6,18,2,13],[18,14,22,6,2,10,13],[22,2,10,6,14,18,13],[22,18,6,14,10,2,9,13],[14,6,18,10,2,22,9,13],[18,22,10,2,6,14,13],[22,14,10,2,6,18,9,13],[22,10,18,14,6,2,13],[22,6,10,18,2,14,9,13],[2,6,14,22,18,10,13],[22,10,14,6,2,18,13],[14,10,18,22,6,2,13],[22,18,10,6,14,2,13],[14,18,22,2,10,6,13],[2,6,18,10,22,14,13],[14,2,10,6,18,22,9,13],[22,10,18,2,14,6,9,13],[2,6,14,18,22,10,13],[14,10,6,2,22,18,9,13],[14,2,6,18,22,10,9,13],[18,6,22,14,2,10,13],[6,18,2,22,10,14,9,13],[22,6,2,14,10,18,9,13],[18,2,10,6,22,14,9,13],[18,2,6,22,10,14,9,13],[10,14,18,6,22,2,9,13],[22,2,18,14,6,10,9,13],[18,22,10,6,14,2,9,13],[6,18,10,2,14,22,13],[2,22,10,18,14,6,9,13],[6,22,14,10,18,2,9,13],[14,10,2,18,6,22,13],[2,14,18,10,6,22,9,13],[10,2,14,22,18,6,9,13],[14,10,18,2,6,22,13],[22,6,2,14,18,10,9,13],[10,2,14,22,6,18,13],[18,10,6,22,14,2,13],[6,10,18,14,22,2,13],[10,18,14,2,22,6,9,13],[18,6,22,2,14,10,13],[14,18,2,6,10,22,13],[10,6,2,14,18,22,9,13],[6,10,2,14,22,18,9,13],[18,10,22,14,6,2,9,13],[2,6,18,22,14,10,9,13],[22,18,6,10,14,2,13],[18,22,6,14,2,10,9,13],[18,6,2,14,10,22,9,13],[14,10,2,18,22,6,9,13],[18,2,14,22,6,10,9,13],[10,22,6,14,18,2,9,13],[10,6,14,22,2,18,13],[22,2,10,6,14,18,13],[10,6,22,2,14,18,9,13],[10,18,22,2,14,6,13],[22,14,2,18,10,6,13],[2,10,18,14,22,6,9,13],[10,18,22,6,14,2,13],[22,10,6,14,2,18,9,13],[6,14,2,22,18,10,13],[2,18,10,6,22,14,9,13],[18,6,2,14,10,22,13],[14,22,10,2,18,6,13],[10,14,6,18,2,22,9,13],[22,6,10,2,14,18,9,13],[2,22,14,6,10,18,9,13],[2,14,18,6,10,22,9,13],[14,10,2,18,22,6,13],[6,14,2,22,10,18,13],[10,14,22,6,18,2,13],[2,10,6,18,22,14,9,13],[18,10,22,6,14,2,13],[18,2,6,14,10,22,13],[6,18,14,10,2,22,9,13],[18,22,2,6,14,10,9,13],[14,18,6,2,10,22,9,13],[18,14,6,10,22,2,13],[10,22,18,2,14,6,9,13],[2,18,14,10,22,6,9,13],[18,10,2,14,6,22,9,13],[14,18,22,2,10,6,13],[14,6,18,2,22,10,9,13],[10,2,18,14,6,22,13],[18,10,6,2,14,22,13],[22,14,2,10,6,18,9,13],[2,22,10,14,6,18,13],[22,14,6,18,10,2,9,13],[14,2,18,22,6,10,9,13],[10,6,14,2,18,22,9,13],[2,14,22,6,10,18,9,13],[2,10,6,14,22,18,9,13],[18,22,10,14,2,6,13],[10,22,14,6,18,2,13],[2,10,6,14,22,18,9,13],[2,10,14,22,18,6,9,13],[6,14,18,2,10,22,9,13],[22,18,14,10,2,6,9,13],[14,6,2,18,22,10,9,13],[14,6,18,22,10,2,13],[6,18,14,10,2,22,13],[6,14,22,10,2,18,13],[14,10,22,2,6,18,13],[14,22,2,10,18,6,9,13],[18,2,14,22,6,10,9,13],[18,2,6,22,10,14,13],[2,22,14,6,18,10,13],[14,2,18,6,10,22,9,13],[18,22,14,10,2,6,9,13],[6,2,14,22,18,10,9,13],[14,22,6,10,2,18,13],[6,14,22,2,10,18,9,13],[14,18,10,2,6,22,9,13],[6,10,22,18,2,14,9,13],[18,14,22,2,10,6,13],[10,22,18,14,6,2,13],[14,10,6,18,22,2,9,13],[6,18,22,14,2,10,9,13],[14,18,22,6,2,10,13],[14,6,22,18,10,2,9,13],[2,10,18,14,22,6,13],[14,6,18,10,2,22,13],[22,2,10,6,18,14,13],[6,22,14,18,10,2,13],[22,18,6,14,10,2,13],[14,6,18,22,10,2,9,13],[10,2,14,22,6,18,9,13],[22,14,18,10,6,2,13],[10,6,14,2,18,22,9,13],[2,18,22,6,14,10,9,13],[22,2,6,18,14,10,13],[22,10,14,6,2,18,9,13],[14,10,18,22,2,6,13],[22,2,14,6,18,10,9,13],[10,6,22,18,14,2,13],[18,2,6,10,14,22,13],[10,2,22,18,14,6,13],[6,2,10,22,14,18,13],[10,6,2,22,18,14,13],[10,14,2,22,6,18,9,13],[18,2,6,22,14,10,9,13],[22,10,6,2,14,18,13],[14,22,2,10,6,18,13],[22,18,14,2,6,10,9,13],[22,14,2,6,18,10,13],[10,18,2,14,22,6,9,13],[6,18,14,2,22,10,9,13],[22,18,10,2,14,6,13],[10,14,22,6,2,18,9,13],[22,14,6,10,2,18,9,13],[14,10,22,6,18,2,13],[2,22,10,18,6,14,13],[10,18,2,14,6,22,9,13],[6,2,22,18,14,10,9,13],[18,10,14,22,6,2,13],[2,18,10,14,22,6,13],[14,6,22,18,10,2,13],[22,6,2,18,14,10,13],[14,6,10,18,2,22,9,13],[22,2,14,18,6,10,9,13],[2,22,6,14,10,18,13],[10,2,22,18,14,6,13],[6,10,22,2,18,14,9,13],[10,22,14,6,18,2,9,13],[22,14,2,18,6,10,13],[22,18,6,10,14,2,9,13],[18,14,2,22,10,6,9,13],[6,10,22,2,18,14,13],[22,18,14,6,2,10,9,13],[18,6,10,14,2,22,9,13],[10,14,6,18,2,22,9,13],[22,6,18,10,14,2,13],[2,10,22,18,14,6,13],[2,18,10,22,6,14,13],[14,18,2,10,22,6,13],[10,2,18,22,6,14,13],[6,2,22,18,10,14,9,13],[10,22,18,6,14,2,13],[14,10,2,22,6,18,13],[18,2,22,10,6,14,9,13],[14,2,18,22,10,6,9,13],[2,6,10,18,14,22,9,13],[18,2,6,10,14,22,13],[14,18,6,2,22,10,13],[14,18,10,6,22,2,13],[14,6,22,10,2,18,9,13],[2,10,6,14,18,22,13],[10,6,22,18,14,2,9,13],[10,22,18,2,14,6,9,13],[10,18,6,2,22,14,13],[14,10,6,22,2,18,13],[2,6,14,22,18,10,9,13],[18,22,14,2,10,6,9,13],[6,14,2,10,22,18,13],[6,10,14,2,22,18,13],[6,10,2,18,14,22,9,13],[14,22,2,6,18,10,9,13],[2,14,6,22,10,18,13],[18,2,6,14,22,10,9,13],[2,10,14,6,22,18,9,13],[2,6,14,22,18,10,9,13],[22,18,14,10,2,6,9,13],[2,22,6,10,18,14,9,13],[22,2,6,10,18,14,13],[10,14,6,18,2,22,13],[14,2,6,18,22,10,13],[10,22,2,18,6,14,9,13],[6,10,22,18,14,2,9,13],[14,18,10,6,2,22,9,13],[14,6,2,22,10,18,9,13],[10,18,6,14,2,22,9,13],[6,14,18,2,22,10,9,13],[2,10,6,14,18,22,9,13],[14,6,2,10,18,22,9,13],[14,2,10,6,18,22,9,13],[2,22,6,14,10,18,13],[22,6,14,2,10,18,9,13],[14,22,10,2,18,6,9,13],[18,10,14,6,2,22,13],[2,6,10,14,22,18,13],[2,14,10,22,6,18,9,13],[6,10,2,22,18,14,13],[10,22,14,18,2,6,9,13],[2,14,18,6,10,22,9,13],[22,14,10,6,2,18,9,13],[22,18,14,10,2,6,13],[2,22,10,14,18,6,9,13],[22,10,2,18,14,6,9,13],[2,6,18,10,22,14,13],[10,18,22,2,14,6,9,13],[22,2,10,6,14,18,13],[10,14,6,18,22,2,9,13],[2,22,14,6,18,10,9,13],[18,6,22,14,10,2,13],[22,14,10,18,6,2,9,13],[2,6,18,10,22,14,9,13],[18,22,6,2,10,14,13],[6,18,22,2,14,10,13],[22,6,18,10,2,14,9,13],[22,2,10,6,18,14,13],[2,22,14,6,18,10,9,13],[22,18,10,2,14,6,9,13],[6,22,14,2,10,18,13],[10,2,6,14,18,22,13],[2,14,10,18,22,6,9,13],[6,10,2,22,14,18,13],[18,2,14,10,6,22,9,13],[18,14,10,6,2,22,13],[14,22,2,6,10,18,13],[18,14,2,10,22,6,9,13],[6,22,18,10,2,14,9,13],[10,14,22,18,2,6,13],[6,14,18,22,10,2,9,13],[6,18,10,22,14,2,13],[14,22,6,10,18,2,13],[14,18,22,2,6,10,9,13],[10,14,6,22,2,18,13],[22,18,6,14,10,2,9,13],[14,10,2,22,18,6,13],[18,14,2,10,6,22,13],[14,2,22,6,18,10,9,13],[18,6,14,22,10,2,13],[14,22,18,10,2,6,13],[22,10,2,18,14,6,13],[6,10,14,18,22,2,9,13],[10,2,22,14,18,6,13],[2,10,6,22,18,14,9,13],[18,14,2,6,10,22,13],[18,6,14,22,2,10,13],[6,10,2,22,18,14,9,13],[22,2,14,6,10,18,9,13],[6,22,18,2,10,14,13],[10,6,14,2,18,22,13],[6,22,18,14,2,10,9,13],[2,6,22,10,14,18,9,13],[18,10,6,22,14,2,13],[10,22,6,18,2,14,13],[18,10,22,2,14,6,9,13],[14,2,6,10,18,22,13],[2,22,10,14,6,18,9,13],[22,10,14,2,6,18,9,13],[22,2,6,14,18,10,9,13],[14,22,2,18,10,6,13],[18,22,2,10,6,14,9,13],[18,10,6,22,2,14,9,13],[18,2,10,22,14,6,9,13],[22,18,10,14,2,6,9,13],[2,14,6,22,10,18,13],[10,14,22,2,18,6,13],[18,14,22,6,10,2,13],[2,18,10,6,22,14,9,13],[6,14,2,22,18,10,13],[6,18,10,14,22,2,9,13],[18,22,2,10,6,14,9,13],[6,18,10,14,22,2,9,13],[10,6,18,14,22,2,9,13],[6,22,14,2,10,18,9,13],[2,6,18,10,22,14,9,13],[2,6,22,18,10,14,13],[18,2,14,6,22,10,13],[2,14,10,6,18,22,13],[18,6,10,2,14,22,13],[6,10,22,14,2,18,9,13],[10,6,2,14,22,18,9,13],[10,22,14,2,18,6,13],[22,10,14,18,6,2,9,13],[2,14,6,10,22,18,9,13],[14,18,2,22,6,10,13],[2,18,14,22,10,6,13],[6,14,22,2,18,10,13],[14,6,18,10,22,2,9,13],[18,6,22,14,10,2,9,13],[6,18,2,22,14,10,13],[22,14,18,10,2,6,9,13],[14,22,18,2,6,10,13],[6,18,22,10,2,14,9,13],[6,18,2,14,10,22,13],[18,22,14,6,10,2,9,13],[6,14,18,10,22,2,9,13],[14,10,2,6,22,18,13],[2,10,14,18,22,6,13],[10,6,14,22,2,18,13],[10,2,14,22,18,6,9,13],[2,10,14,18,6,22,9,13],[22,14,6,10,2,18,9,13],[2,14,18,22,6,10,13],[6,10,18,14,22,2,13],[2,6,14,22,10,18,13],[18,22,6,10,14,2,13],[22,18,10,6,14,2,9,13],[18,22,10,6,2,14,13],[10,6,22,2,18,14,13],[10,6,22,18,2,14,9,13],[2,6,10,22,18,14,13],[10,6,14,22,2,18,9,13],[2,10,6,22,18,14,13],[10,18,6,22,14,2,9,13],[18,22,10,6,2,14,13],[14,22,6,2,18,10,13],[18,2,6,10,22,14,9,13],[22,14,18,2,6,10,9,13],[2,6,18,22,10,14,13],[2,18,10,14,22,6,13],[2,6,14,10,22,18,13],[6,2,18,10,14,22,13],[14,22,6,10,2,18,9,13],[2,22,18,6,10,14,13],[14,2,6,22,18,10,9,13],[22,6,10,14,2,18,13],[6,22,2,14,18,10,13],[14,22,18,10,2,6,13],[10,18,22,14,2,6,9,13],[2,10,18,22,14,6,9,13],[22,14,6,2,10,18,9,13],[14,6,18,2,22,10,9,13],[10,6,14,2,22,18,9,13],[10,18,14,6,22,2,9,13],[10,22,18,2,6,14,9,13],[6,14,22,10,18,2,9,13],[22,14,2,18,6,10,13],[18,6,22,10,2,14,13],[22,10,2,14,18,6,13],[6,14,10,18,2,22,9,13],[14,10,2,18,6,22,9,13],[10,22,18,2,14,6,13],[10,2,6,18,22,14,13],[22,10,18,14,6,2,9,13],[14,22,6,2,18,10,9,13],[14,6,18,2,22,10,13],[22,14,18,6,2,10,13],[10,22,14,18,6,2,13],[6,14,2,10,18,22,13],[18,6,22,2,10,14,9,13],[10,6,2,22,18,14,13],[22,18,6,2,10,14,13],[18,6,22,14,2,10,9,13],[22,6,18,14,10,2,9,13],[18,2,22,10,14,6,9,13],[14,18,22,10,2,6,9,13],[10,2,18,6,14,22,13],[10,6,18,22,14,2,9,13],[14,6,2,10,18,22,9,13],[22,2,10,6,18,14,13],[10,22,2,14,18,6,9,13],[2,10,22,6,18,14,13],[2,10,6,22,18,14,9,13],[22,6,2,10,18,14,9,13],[2,10,6,14,18,22,9,13],[18,10,14,22,6,2,9,13],[2,22,14,18,6,10,13],[10,6,22,2,18,14,9,13],[2,18,6,14,10,22,13],[22,10,14,18,2,6,9,13],[10,14,2,22,18,6,13],[14,2,6,10,22,18,9,13],[14,6,10,2,18,22,9,13],[2,18,6,22,10,14,9,13],[10,14,6,18,2,22,9,13],[14,6,2,10,18,22,9,13],[2,10,18,22,14,6,9,13],[14,2,6,10,18,22,13],[18,22,14,10,6,2,13],[14,18,2,22,10,6,13],[10,14,6,18,2,22,13],[22,2,6,18,10,14,9,13],[18,14,2,10,6,22,13],[10,2,22,18,14,6,9,13],[22,14,6,2,18,10,9,13],[22,6,10,2,18,14,13],[18,2,10,6,14,22,9,13],[18,22,2,14,6,10,9,13],[6,14,10,22,18,2,9,13],[18,22,6,10,2,14,13],[14,22,6,2,18,10,9,13],[18,2,10,6,22,14,13],[2,14,6,10,22,18,9,13],[10,22,14,2,6,18,13],[2,22,14,10,18,6,9,13],[10,2,22,14,6,18,13],[18,2,6,14,22,10,9,13],[14,6,22,10,2,18,9,13],[18,14,2,22,6,10,9,13],[22,10,18,14,6,2,9,13],[6,2,22,10,18,14,13],[14,10,18,6,22,2,13],[2,18,10,22,14,6,13],[10,6,18,22,14,2,13],[14,18,2,6,10,22,9,13],[6,10,22,2,14,18,13],[6,22,18,10,14,2,9,13],[6,22,18,2,14,10,9,13],[10,6,22,18,14,2,9,13],[2,10,18,14,6,22,13],[22,6,2,18,14,10,13],[22,2,14,18,6,10,9,13],[6,22,2,10,14,18,13],[18,10,6,22,2,14,13],[22,6,18,10,2,14,13],[14,2,6,22,18,10,13],[6,22,2,18,10,14,13],[2,14,18,10,6,22,13],[22,18,6,10,2,14,13],[18,2,10,6,14,22,9,13],[14,10,22,6,18,2,13],[2,18,14,22,6,10,9,13],[6,14,2,18,10,22,13],[22,10,14,2,18,6,13],[18,22,6,14,2,10,9,13],[6,2,10,18,22,14,9,13],[10,22,18,14,6,2,9,13],[14,2,6,10,22,18,13],[6,2,10,22,14,18,13],[6,14,10,2,18,22,9,13],[6,22,18,10,14,2,9,13],[14,6,22,10,18,2,9,13],[2,6,18,14,10,22,13],[14,18,10,22,2,6,13],[14,10,6,22,18,2,9,13],[18,2,22,14,6,10,9,13],[22,10,2,14,18,6,13],[22,10,18,14,6,2,13],[22,14,2,6,18,10,9,13],[22,18,2,10,6,14,9,13],[14,6,2,10,18,22,13],[22,2,14,10,18,6,9,13],[2,22,10,14,6,18,9,13],[14,18,22,2,10,6,9,13],[10,22,6,2,14,18,9,13],[18,22,2,10,14,6,13],[10,14,6,2,22,18,9,13],[14,22,6,18,10,2,9,13],[10,22,14,6,2,18,13],[22,18,14,10,2,6,13],[6,2,10,18,14,22,9,13],[22,2,18,10,14,6,13],[6,18,14,22,10,2,13],[6,2,18,10,22,14,13],[18,22,6,10,14,2,13],[14,22,6,18,10,2,13],[2,6,18,22,10,14,13],[2,18,10,22,6,14,13],[14,10,2,6,22,18,13],[18,6,10,2,22,14,9,13],[6,2,22,10,14,18,9,13],[10,14,18,2,6,22,9,13],[14,10,6,2,22,18,9,13],[14,2,10,22,18,6,9,13],[22,6,18,14,10,2,9,13],[2,10,22,18,6,14,9,13],[6,10,2,14,22,18,9,13],[22,10,14,6,18,2,13],[22,6,10,18,2,14,9,13],[2,14,6,18,10,22,13],[2,22,6,14,10,18,9,13],[6,22,18,14,10,2,13],[2,22,18,14,6,10,9,13],[18,2,14,22,10,6,9,13],[22,6,14,2,18,10,13],[6,22,18,14,10,2,9,13],[10,6,22,18,2,14,13],[18,14,2,22,6,10,9,13],[14,2,18,22,6,10,9,13],[14,18,2,10,6,22,13],[14,10,18,2,6,22,13],[2,6,10,18,22,14,9,13],[18,14,2,10,6,22,9,13],[2,18,10,14,6,22,13],[6,18,14,10,2,22,9,13],[18,14,22,6,10,2,9,13],[18,22,6,10,2,14,9,13],[10,2,14,6,18,22,13],[18,22,2,6,14,10,9,13],[14,22,10,6,18,2,13],[14,10,18,2,22,6,9,13],[14,2,6,18,10,22,13],[2,10,14,6,22,18,9,13],[2,10,22,14,18,6,9,13],[18,6,22,2,14,10,9,13],[14,2,10,22,18,6,13],[18,22,2,6,10,14,13],[18,10,22,2,6,14,9,13],[14,22,10,2,18,6,13],[14,6,2,10,18,22,9,13],[14,6,10,2,22,18,13],[14,2,6,18,22,10,13],[22,6,10,2,14,18,9,13],[18,14,2,6,10,22,13],[6,22,14,2,18,10,13],[18,22,14,2,6,10,9,13],[22,14,6,18,10,2,9,13],[14,2,6,22,18,10,9,13],[10,22,6,18,2,14,9,13],[18,22,6,14,10,2,13],[14,18,6,2,10,22,9,13],[2,22,18,6,14,10,9,13],[18,14,10,2,22,6,13],[10,14,2,6,18,22,13],[14,2,6,22,18,10,13],[18,14,6,22,10,2,13],[22,2,14,18,6,10,9,13],[2,18,6,14,22,10,9,13],[2,22,10,6,18,14,9,13],[10,6,22,18,2,14,13],[22,18,10,6,14,2,13],[14,2,6,22,10,18,13],[22,10,14,18,2,6,13],[10,18,2,14,6,22,13],[22,14,18,2,6,10,13],[2,10,14,18,6,22,13],[18,14,10,6,22,2,9,13],[2,10,14,6,22,18,9,13],[14,18,2,6,22,10,9,13],[18,10,22,14,2,6,9,13],[6,10,18,22,2,14,13],[18,14,6,10,22,2,9,13],[6,18,22,2,10,14,9,13],[10,2,6,18,14,22,9,13],[2,18,6,14,10,22,9,13],[22,18,6,10,2,14,9,13],[10,18,14,6,2,22,9,13],[10,14,6,2,22,18,9,13],[18,6,22,14,2,10,9,13],[6,2,18,14,22,10,13],[6,2,18,14,22,10,9,13],[18,10,2,6,22,14,13],[10,2,18,6,22,14,9,13],[14,10,18,6,2,22,9,13],[22,18,2,6,10,14,9,13],[18,22,14,10,6,2,13],[14,2,22,6,10,18,13],[18,14,2,6,10,22,9,13],[22,10,14,6,18,2,13],[22,14,6,18,2,10,13],[10,2,22,18,6,14,9,13],[22,6,10,2,14,18,9,13],[14,6,10,22,2,18,13],[2,18,10,22,14,6,9,13],[22,6,14,18,2,10,9,13],[18,2,14,6,22,10,9,13],[6,22,2,14,18,10,13],[18,6,10,2,22,14,13],[10,2,22,6,14,18,13],[22,2,6,18,14,10,13],[18,22,14,10,6,2,9,13],[14,6,10,2,18,22,9,13],[6,2,14,22,10,18,9,13],[18,22,10,6,14,2,13],[2,6,22,18,10,14,13],[6,18,14,22,2,10,13],[10,14,2,18,6,22,9,13],[6,18,22,2,10,14,9,13],[22,2,18,10,14,6,13],[14,10,2,18,6,22,13],[6,18,2,22,14,10,9,13],[10,6,14,2,18,22,9,13],[14,6,2,18,10,22,9,13],[22,14,10,2,6,18,9,13],[22,6,14,10,2,18,9,13],[18,6,2,22,10,14,9,13],[14,2,6,22,10,18,9,13],[14,6,2,22,18,10,13],[6,14,10,18,2,22,13],[2,10,22,6,14,18,13],[2,22,6,14,10,18,13],[18,10,2,22,14,6,9,13],[14,10,22,6,2,18,13],[2,10,18,14,22,6,9,13],[2,6,14,10,22,18,13],[22,18,10,14,6,2,9,13],[6,2,18,14,22,10,13],[6,18,2,10,14,22,9,13],[18,6,2,10,14,22,9,13],[22,2,6,18,10,14,9,13],[18,6,14,2,10,22,13],[18,10,14,22,6,2,13],[18,6,22,14,2,10,13],[10,22,2,14,6,18,9,13],[22,18,10,6,2,14,13],[10,2,18,6,22,14,13],[22,18,6,14,10,2,13],[2,10,18,14,6,22,9,13],[14,18,2,22,10,6,13],[18,10,14,22,6,2,9,13],[10,18,6,22,14,2,13],[6,18,14,22,2,10,9,13],[18,6,22,2,14,10,13],[6,18,2,22,10,14,9,13],[10,22,18,2,14,6,13],[6,18,14,10,2,22,9,13],[18,6,14,22,10,2,9,13],[6,10,18,22,14,2,9,13],[6,18,2,22,10,14,13],[2,14,18,22,10,6,9,13],[18,22,10,2,6,14,13],[10,6,18,2,22,14,13],[10,18,14,2,22,6,9,13],[22,2,18,6,10,14,13],[6,10,22,2,14,18,9,13],[6,2,14,10,22,18,13],[2,14,10,6,18,22,13],[10,14,22,18,2,6,9,13],[2,22,18,10,6,14,9,13],[18,6,2,22,10,14,9,13],[14,10,18,6,2,22,13],[18,10,2,14,22,6,13],[6,22,10,14,18,2,13],[22,6,14,18,10,2,9,13],[14,6,2,10,22,18,13],[18,22,10,2,6,14,9,13],[18,22,10,2,6,14,13],[18,22,6,14,10,2,13],[2,6,14,22,18,10,9,13],[6,2,14,10,22,18,9,13],[18,6,14,10,2,22,9,13],[6,10,18,22,2,14,13],[22,6,14,2,18,10,9,13],[6,18,2,14,22,10,13],[6,10,14,18,22,2,9,13],[22,18,2,10,6,14,13],[6,10,18,2,22,14,9,13],[6,18,22,10,2,14,13],[10,6,22,14,2,18,9,13],[14,6,10,18,22,2,9,13],[18,10,6,2,22,14,13],[22,18,2,10,14,6,9,13],[18,22,10,14,2,6,13],[14,22,18,2,6,10,9,13],[18,14,6,10,22,2,9,13],[6,14,10,22,18,2,13],[18,6,10,14,22,2,13],[18,22,2,10,14,6,9,13],[18,2,14,6,22,10,9,13],[6,14,2,10,18,22,9,13],[14,22,10,2,6,18,13],[22,10,18,2,6,14,13],[14,2,22,18,6,10,9,13],[22,14,10,18,2,6,13],[6,10,22,18,14,2,13],[14,2,10,6,18,22,13],[6,18,14,22,10,2,9,13],[14,22,6,18,10,2,9,13],[22,6,14,10,18,2,9,13],[6,18,14,2,10,22,13],[14,18,2,6,22,10,13],[6,18,2,14,22,10,9,13],[14,2,6,10,22,18,13],[22,18,10,6,14,2,13],[14,22,6,18,10,2,13],[14,10,6,18,2,22,13],[10,14,6,18,22,2,13],[6,14,10,2,18,22,9,13],[10,22,14,6,18,2,9,13],[10,6,14,22,2,18,9,13],[2,10,18,22,14,6,9,13],[14,10,6,18,22,2,13],[18,6,22,14,2,10,13],[22,10,6,2,14,18,9,13],[6,18,10,14,22,2,13],[14,10,18,6,2,22,13],[2,14,22,18,10,6,13],[10,6,2,22,18,14,13],[22,2,10,18,6,14,13],[22,6,14,2,10,18,13],[10,18,22,14,6,2,9,13],[14,2,22,18,10,6,9,13],[2,22,10,6,18,14,9,13],[10,22,18,6,2,14,13],[22,14,6,10,2,18,9,13],[10,18,22,14,6,2,9,13],[14,22,10,2,18,6,13],[6,18,2,22,14,10,13],[6,14,2,22,10,18,9,13],[14,10,2,22,6,18,9,13],[2,6,10,18,14,22,13],[14,6,10,18,2,22,13],[2,10,22,6,18,14,9,13],[2,18,10,22,6,14,13],[10,2,6,14,22,18,13],[18,2,22,6,10,14,13],[10,22,2,14,18,6,13],[10,14,2,6,22,18,13],[18,2,6,14,22,10,13],[2,22,14,10,18,6,13],[10,14,18,2,22,6,13],[6,14,18,22,10,2,9,13],[6,18,10,14,2,22,13],[6,22,2,18,14,10,9,13],[6,14,22,2,18,10,9,13],[2,14,6,18,22,10,9,13],[6,18,2,22,10,14,9,13],[10,6,18,2,14,22,13],[6,22,18,10,14,2,13],[14,2,10,6,22,18,13],[2,14,22,6,10,18,9,13],[18,14,6,22,10,2,13],[22,6,2,10,14,18,13],[18,6,10,2,14,22,13],[6,2,18,10,22,14,13],[6,2,22,18,10,14,13],[18,22,10,6,2,14,13],[14,2,22,18,10,6,9,13],[10,18,22,14,2,6,9,13],[18,10,6,22,2,14,9,13],[10,22,18,2,6,14,13],[10,6,14,18,2,22,13],[2,18,6,14,22,10,13],[6,18,10,2,14,22,13],[22,2,18,14,10,6,9,13],[22,14,2,10,6,18,9,13],[6,18,2,22,10,14,13],[2,6,18,14,22,10,9,13],[6,14,10,22,18,2,9,13],[2,18,6,10,14,22,13],[14,18,2,10,22,6,13],[14,18,6,10,2,22,9,13],[18,22,6,2,14,10,9,13],[2,18,22,6,14,10,13],[22,14,18,6,10,2,9,13],[18,14,2,10,6,22,9,13],[6,2,22,18,14,10,13],[14,18,10,22,2,6,9,13],[10,14,18,2,22,6,9,13],[10,14,22,18,6,2,13],[10,2,6,22,14,18,9,13],[10,18,6,22,14,2,9,13],[22,10,2,18,6,14,9,13],[2,10,22,6,18,14,13],[14,22,2,18,10,6,9,13],[22,14,10,6,18,2,13],[22,6,18,2,14,10,13],[2,14,18,22,6,10,13],[10,18,2,14,6,22,9,13],[10,2,18,6,22,14,13],[6,2,14,22,10,18,9,13],[22,6,10,14,18,2,13],[6,2,18,22,14,10,9,13],[18,2,6,14,10,22,13],[10,6,14,18,22,2,9,13],[2,6,22,14,18,10,13],[22,14,10,6,2,18,13],[14,6,10,18,2,22,9,13],[14,6,18,22,2,10,13],[6,18,14,10,22,2,13],[2,18,10,14,22,6,9,13],[18,22,14,10,2,6,9,13],[6,14,10,2,22,18,13],[22,10,18,6,14,2,9,13],[18,6,14,2,22,10,9,13],[18,10,14,2,6,22,13],[2,22,6,14,18,10,13],[6,14,22,18,2,10,13],[6,18,2,14,10,22,13],[22,6,18,2,10,14,9,13],[6,18,14,22,2,10,9,13],[6,22,18,14,10,2,13],[22,2,14,18,10,6,13],[2,14,10,6,22,18,9,13],[22,2,18,6,14,10,9,13],[18,10,14,6,22,2,9,13],[2,6,22,18,14,10,9,13],[2,6,14,18,22,10,9,13],[22,10,14,18,6,2,13],[22,2,10,18,6,14,9,13],[6,2,22,14,18,10,9,13],[2,10,14,18,22,6,9,13],[22,14,2,18,6,10,9,13],[6,18,14,2,22,10,9,13],[2,18,10,6,22,14,9,13],[18,10,22,14,6,2,9,13],[22,6,10,18,2,14,9,13],[22,2,14,18,10,6,13],[22,10,6,2,18,14,9,13],[2,10,18,22,14,6,9,13],[6,2,10,14,22,18,13],[10,14,18,22,2,6,13],[22,18,6,10,2,14,13],[18,22,2,10,14,6,13],[22,14,18,10,6,2,13],[22,10,6,14,18,2,9,13],[22,10,6,2,18,14,9,13],[18,14,22,6,2,10,9,13],[18,22,14,10,6,2,9,13],[14,6,22,2,18,10,13],[18,10,14,6,2,22,9,13],[14,18,2,22,10,6,9,13],[14,18,10,6,2,22,13],[6,18,14,2,10,22,13],[2,18,10,6,14,22,13],[2,10,6,22,14,18,13],[6,2,22,14,18,10,13],[10,22,18,2,6,14,13],[14,6,22,2,18,10,9,13],[6,14,18,2,22,10,9,13],[10,22,18,14,2,6,13],[6,10,18,2,22,14,13],[10,22,14,6,18,2,13],[2,18,6,22,14,10,9,13],[18,2,10,14,22,6,9,13],[10,18,14,22,6,2,9,13],[6,22,2,14,10,18,13],[2,22,14,10,6,18,13],[22,2,14,10,18,6,9,13],[22,18,14,2,6,10,9,13],[2,18,6,10,22,14,9,13],[10,2,22,14,6,18,9,13],[14,10,6,2,22,18,13],[2,10,22,18,6,14,13],[18,14,2,22,10,6,9,13],[14,22,2,10,6,18,13],[18,6,22,2,14,10,9,13],[2,14,6,18,10,22,9,13],[22,14,10,18,6,2,9,13],[6,10,14,18,2,22,13],[2,22,14,18,6,10,9,13],[6,18,2,22,10,14,9,13],[14,18,6,22,10,2,9,13],[6,2,22,14,10,18,13],[18,22,2,10,6,14,9,13],[6,10,2,22,14,18,13],[2,10,22,14,6,18,9,13],[2,18,6,10,14,22,9,13],[2,10,22,6,14,18,9,13],[14,22,18,6,10,2,9,13],[10,2,14,18,22,6,13],[10,14,2,18,22,6,13],[10,22,18,14,2,6,13],[14,18,10,22,2,6,9,13],[14,2,10,6,22,18,9,13],[18,22,2,10,6,14,9,13],[22,18,6,14,10,2,13],[18,10,6,22,14,2,13],[18,14,2,10,22,6,13],[22,6,10,18,2,14,9,13],[2,22,6,18,14,10,9,13],[14,18,2,22,10,6,13],[6,2,10,18,22,14,9,13],[18,14,22,10,2,6,13],[18,22,6,10,14,2,13],[18,6,22,2,14,10,9,13],[6,22,2,10,18,14,13],[14,2,10,18,6,22,9,13],[14,10,6,2,22,18,13],[14,2,18,10,22,6,13],[10,18,2,22,14,6,13],[14,22,18,10,6,2,9,13],[14,18,2,10,22,6,9,13],[22,10,14,18,2,6,13],[6,22,2,18,14,10,9,13],[6,22,18,14,2,10,13],[10,6,2,18,22,14,13],[14,10,18,6,2,22,9,13],[6,2,10,22,14,18,13],[6,10,22,18,14,2,13],[18,10,6,22,14,2,9,13],[22,10,18,6,14,2,13],[6,22,14,18,2,10,9,13],[10,2,14,18,22,6,13],[18,10,2,14,6,22,9,13],[2,22,10,14,6,18,9,13],[22,2,14,6,18,10,9,13],[6,22,14,10,18,2,13],[10,14,22,6,2,18,9,13],[22,2,6,10,14,18,13],[22,2,14,18,10,6,13],[10,22,2,18,14,6,9,13],[2,22,6,14,18,10,9,13],[6,10,14,2,22,18,9,13],[2,14,18,10,6,22,9,13],[22,10,6,18,2,14,9,13],[2,6,10,22,14,18,13],[18,10,6,2,22,14,9,13],[10,14,6,2,22,18,13],[18,2,10,6,14,22,9,13],[6,22,18,14,10,2,13],[22,6,10,14,2,18,13],[10,18,6,14,22,2,9,13],[22,10,14,18,6,2,9,13],[2,10,14,6,18,22,9,13],[2,6,18,22,14,10,9,13],[22,18,6,10,14,2,13],[6,22,10,2,18,14,9,13],[14,2,22,18,6,10,9,13],[22,10,6,14,2,18,9,13],[22,10,2,14,18,6,13],[2,14,22,6,18,10,13],[18,6,22,10,14,2,9,13],[2,18,6,22,14,10,9,13],[14,22,6,18,10,2,13],[18,14,2,10,6,22,9,13],[6,10,18,22,14,2,9,13],[10,6,2,18,14,22,9,13],[14,2,18,10,22,6,9,13],[2,22,14,6,10,18,13],[18,10,14,6,22,2,9,13],[18,10,14,6,2,22,13],[14,10,2,18,6,22,9,13],[22,10,18,6,14,2,13],[10,2,14,22,18,6,9,13],[10,2,22,18,14,6,9,13],[2,6,10,18,22,14,13],[18,10,2,14,6,22,13],[14,18,6,10,2,22,13],[22,10,14,2,18,6,13],[6,22,10,2,18,14,9,13],[22,14,2,18,10,6,9,13],[6,14,10,2,18,22,9,13],[2,22,14,18,6,10,13],[14,22,6,18,10,2,9,13],[10,14,6,2,22,18,13],[6,18,10,2,22,14,9,13],[18,22,14,2,10,6,13],[14,2,22,10,18,6,9,13],[22,6,18,2,14,10,13],[22,14,6,18,2,10,13],[6,18,14,22,2,10,9,13],[22,2,14,10,6,18,9,13],[10,6,2,22,18,14,9,13],[10,14,18,22,6,2,13],[14,6,18,10,22,2,13],[6,14,10,2,18,22,13],[14,10,22,18,2,6,13],[10,22,18,6,2,14,9,13],[22,18,2,6,10,14,9,13],[10,2,14,22,6,18,9,13],[18,2,14,22,6,10,9,13],[10,14,18,22,2,6,13],[18,2,14,10,22,6,9,13],[2,18,10,6,14,22,13]],"n_human":16}