{"problem_id":"KeYVOFH2MS8D9o4","sigma":75,"alpha":1.000,"cost":0,"probabilities":"[0.53, 0.06, 0.4, 0.01]","payoff_matrix":"[[-65, -14, 43, 5, 3, 67], [-45, 67, -37, 94, 62, 23], [37, -11, -59, 72, 207, 60], [17, -82, 30, 119, -82, -136]]","uncovered":[[17,21,9,11,13,1,5,23],[13,17,21,1,9,23],[13,1,17,5,9,21,23],[1,9,13,5,17,21,23],[13,17,1,9,5,21,23],[17,9,13,21,23],[13,17,1,9,21,11,5,15,23],[9,1,13,5,17,21,11,15,23],[13,9,5,17,21,11,1,15,23],[17,13,21,9,11,5,1,15,23],[5,17,9,21,23],[9,17,1,5,13,21,11,15,23],[21,13,5,1,9,23],[9,5,13,21,11,1,17,15,23],[21,1,5,9,23],[5,9,17,13,1,21,23],[21,13,9,23],[21,17,5,13,9,11,1,15,23],[1,17,9,13,5,21,11,15,23],[13,1,17,5,9,21,11,23],[5,21,13,9,11,1,17,15,23],[13,17,5,9,1,21,23],[1,21,9,11,5,17,13,15,23],[21,13,9,11,17,1,5,23],[1,5,21,13,17,9,11,23],[13,17,9,21,23],[5,21,9,23],[5,1,9,13,21,23],[9,1,13,17,5,21,23],[13,21,17,9,23],[13,17,5,1,21,9,23],[17,5,1,13,21,9,23],[5,1,21,13,9,11,17,23],[21,1,9,11,5,17,13,23],[21,5,17,13,9,11,1,23],[5,9,13,1,21,11,17,15,23],[9,21,11,17,5,1,13,23],[9,13,17,5,1,21,23],[17,5,21,13,1,9,23],[1,21,13,5,17,9,11,15,23],[1,9,21,11,13,5,17,23],[17,21,5,13,1,9,11,23],[9,21,23,5],[5,1,9,17,13,21,23],[13,1,21,5,9,11,17,15,23],[21,17,1,9,11,5,13,23],[9,17,1,21,23],[17,9,13,1,21,11,5,15,23],[5,1,13,21,9,23],[13,9,17,5,1,21,11,15,23],[17,1,21,13,5,9,23],[9,13,21,23],[17,21,1,13,9,11,5,23],[5,13,9,17,1,21,23],[17,9,1,13,21,23],[5,17,1,9,21,23],[13,21,9,11,5,17,1,23],[17,21,13,9,11,5,1,15,23],[17,9,21,23],[13,21,1,17,9,11,5,15,23],[5,1,21,13,17,9,11,15,23],[17,9,13,21,11,5,1,15,23],[5,13,9,17,1,21,11,15,23],[21,5,1,13,17,9,11,23],[13,9,17,1,5,21,23],[9,13,5,21,11,1,17,23],[21,17,1,9,23],[13,5,21,17,9,23],[21,5,9,11,1,13,17,23],[21,1,17,5,9,11,13,23],[5,1,21,13,9,23],[9,13,5,17,21,23],[17,1,21,13,9,11,5,15,23],[13,9,21,23],[13,17,9,21,23],[13,17,1,21,5,9,23],[1,21,9,11,13,5,17,23],[13,21,9,23],[9,21,23,13],[13,21,5,17,1,9,11,15,23],[1,9,5,21,23],[21,9,23,13],[5,1,17,21,9,23],[1,21,5,17,13,9,23],[1,13,21,9,23],[5,13,1,17,21,9,23],[13,21,5,1,9,23],[5,13,9,1,21,23],[17,5,21,13,9,11,1,15,23],[5,21,9,23],[13,21,5,9,23],[17,1,13,21,5,9,11,15,23],[17,5,13,21,9,11,1,15,23],[1,21,13,5,17,9,11,15,23],[5,17,21,1,9,11,13,23],[1,5,21,17,9,23],[13,17,21,1,9,23],[9,5,13,21,23],[5,1,17,9,13,21,23],[9,13,5,17,1,21,23],[1,17,13,21,9,11,5,15,23],[21,9,23,13],[5,1,21,17,13,9,23],[17,21,5,1,9,11,13,15,23],[9,1,17,21,11,13,5,15,23],[13,1,21,17,5,9,23],[17,9,13,1,5,21,23],[5,17,21,1,9,11,13,23],[1,21,5,9,11,13,17,23],[5,9,1,13,21,11,17,23],[21,9,11,1,17,5,13,15,23],[1,5,21,13,9,11,17,15,23],[9,13,5,1,21,11,17,23],[9,1,13,21,11,5,17,15,23],[1,21,13,9,11,17,5,15,23],[9,5,17,21,11,13,1,15,23],[1,17,13,21,9,23],[21,13,17,1,5,9,11,23],[17,13,5,9,21,11,1,23],[21,9,23,1],[13,17,1,9,5,21,11,15,23],[9,17,1,5,13,21,23],[1,13,21,9,23],[1,5,21,9,11,17,13,23],[5,9,17,1,13,21,11,15,23],[17,9,21,11,13,5,1,15,23],[21,13,5,1,17,9,23],[21,9,11,5,13,1,17,15,23],[13,5,21,17,9,11,1,23],[17,21,9,23],[13,9,5,1,17,21,23],[13,9,1,5,21,23],[5,13,9,21,11,1,17,15,23],[17,9,13,5,1,21,11,23],[1,21,17,9,23],[9,1,13,5,21,23],[21,13,5,17,9,23],[17,21,9,11,13,5,1,15,23],[17,1,9,5,21,11,13,15,23],[1,5,21,9,11,13,17,15,23],[17,13,5,9,21,23],[13,21,5,17,1,9,23],[1,13,21,5,17,9,11,23],[1,17,5,21,13,9,11,15,23],[21,13,1,5,9,11,17,23],[5,1,9,13,21,11,17,23],[13,21,17,1,9,11,5,15,23],[9,5,13,1,21,11,17,15,23],[5,13,17,21,1,9,23],[9,13,5,1,21,23],[13,5,9,21,23],[9,21,23,17],[9,1,5,13,21,11,17,15,23],[1,5,17,9,13,21,23],[13,21,1,17,9,23],[9,13,17,1,21,23],[1,17,5,13,21,9,23],[13,21,17,9,11,1,5,15,23],[9,21,23,5],[5,21,13,9,11,17,1,15,23],[13,5,21,1,17,9,11,15,23],[13,21,5,17,9,23],[1,5,17,9,21,11,13,15,23],[17,5,9,1,13,21,23],[13,5,21,17,9,11,1,23],[9,1,13,21,11,5,17,15,23],[5,13,1,9,21,23],[21,1,13,17,5,9,23],[17,13,21,9,11,5,1,23],[1,21,17,9,11,13,5,23],[21,1,13,17,9,11,5,23],[13,5,9,1,21,11,17,23],[1,9,13,5,17,21,11,15,23],[9,21,11,17,1,13,5,23],[13,9,17,1,21,11,5,15,23],[1,17,13,5,9,21,11,15,23],[21,17,9,23],[21,5,13,9,11,17,1,23],[13,17,21,5,9,11,1,23],[21,13,9,11,17,5,1,23],[9,17,13,1,5,21,11,15,23],[13,9,17,21,11,5,1,23],[13,21,5,1,9,11,17,15,23],[21,17,5,9,11,13,1,23],[9,21,11,17,1,13,5,23],[9,21,23,13],[5,1,9,13,21,11,17,15,23],[13,17,21,9,23],[13,17,9,1,21,23],[1,17,21,13,9,23],[13,17,21,1,9,11,5,15,23],[9,17,21,11,1,5,13,15,23],[17,21,9,11,13,5,1,23],[13,17,21,9,23],[21,9,11,1,13,17,5,15,23],[1,21,9,23],[13,1,5,17,21,9,11,23],[9,1,17,5,13,21,23],[9,5,17,21,23],[21,9,23,5],[9,1,17,5,13,21,11,23],[1,13,21,9,23],[1,13,17,9,5,21,23],[9,13,1,21,23],[1,13,17,9,21,11,5,23],[5,9,1,17,13,21,11,15,23],[1,9,13,17,5,21,23],[1,21,13,5,17,9,23],[13,9,21,23],[9,5,17,13,1,21,11,23],[1,13,17,21,5,9,23],[17,1,9,5,21,11,13,23],[1,13,5,21,17,9,11,23],[1,21,17,13,9,11,5,15,23],[5,13,17,9,21,23],[1,21,13,17,9,23],[1,13,17,21,9,11,5,15,23],[1,5,17,9,13,21,11,15,23],[13,21,5,9,11,1,17,15,23],[21,9,11,5,17,1,13,15,23],[5,1,21,17,9,11,13,23],[13,21,17,5,9,23],[13,21,9,23],[17,1,5,13,9,21,11,23],[5,21,1,13,17,9,23],[1,17,9,21,23],[1,5,17,9,21,23],[5,1,21,9,23],[21,17,1,5,13,9,23],[1,17,5,21,13,9,11,15,23],[5,13,21,1,9,23],[9,5,13,1,17,21,11,23],[13,21,1,9,23],[1,17,13,9,5,21,11,23],[5,17,9,1,13,21,11,23],[21,13,9,23],[13,21,1,5,9,23],[17,21,1,9,11,5,13,23],[17,1,21,13,9,23],[21,1,9,23],[13,5,21,17,1,9,11,23],[5,9,13,1,17,21,23],[5,1,21,17,9,23],[5,17,21,1,9,11,13,15,23],[5,13,1,9,17,21,11,23],[17,9,21,11,1,5,13,23],[13,1,17,5,21,9,11,23],[13,9,5,21,23],[17,13,5,21,1,9,11,15,23],[1,13,9,21,11,17,5,15,23],[17,21,5,9,11,1,13,23],[13,17,21,1,5,9,11,23],[9,13,21,11,5,17,1,15,23],[5,13,17,21,1,9,23],[17,21,9,11,5,1,13,23],[21,1,9,23],[1,13,9,5,21,11,17,15,23],[21,5,13,17,9,23],[17,1,13,5,9,21,11,23],[17,9,13,1,5,21,11,15,23],[21,17,13,1,5,9,11,15,23],[21,17,5,9,11,1,13,23],[5,1,17,13,21,9,11,23],[5,13,21,1,9,11,17,23],[9,1,5,13,21,11,17,23],[1,9,13,5,17,21,11,15,23],[21,5,9,11,17,13,1,15,23],[17,5,13,9,21,11,1,15,23],[17,21,5,9,11,1,13,23],[5,1,21,9,23],[9,21,11,13,1,5,17,15,23],[5,13,17,21,9,11,1,15,23],[5,21,9,23],[13,9,17,1,5,21,23],[21,1,13,5,9,11,17,23],[21,9,23,13],[5,21,13,17,1,9,23],[1,17,9,13,21,23],[21,17,1,13,9,23],[13,21,9,23],[21,17,1,9,11,5,13,15,23],[9,1,13,5,21,23],[13,5,21,1,17,9,11,15,23],[13,5,9,17,21,23],[13,9,1,17,5,21,23],[21,9,23,13],[17,5,21,9,23],[1,9,13,21,11,17,5,23],[21,17,5,13,9,11,1,15,23],[21,17,9,11,5,1,13,23],[9,13,1,21,23],[9,5,21,11,13,1,17,23],[9,21,23,13],[9,5,17,13,21,11,1,23],[17,21,5,13,1,9,23],[17,13,9,21,23],[17,1,9,21,11,13,5,15,23],[1,21,5,9,23],[13,1,5,17,9,21,23],[9,17,5,1,21,11,13,15,23],[21,17,5,13,1,9,23],[17,1,9,5,21,23],[5,9,1,13,17,21,23],[21,5,9,11,13,17,1,23],[5,9,17,13,21,23],[21,1,5,13,17,9,11,23],[17,13,21,1,5,9,23],[1,5,17,13,9,21,11,15,23],[17,1,5,21,9,11,13,23],[13,9,1,21,11,17,5,15,23],[13,21,17,5,1,9,11,23],[1,17,21,13,9,23],[9,5,1,13,21,23],[1,9,17,5,13,21,11,15,23],[5,21,1,13,9,23],[5,21,17,9,23],[5,1,13,9,17,21,23],[9,1,5,17,13,21,23],[13,1,5,17,9,21,11,23],[9,1,21,11,17,5,13,15,23],[1,21,13,9,11,17,5,23],[9,5,13,1,17,21,11,23],[13,1,17,21,5,9,11,23],[17,1,9,13,21,23],[21,13,1,5,17,9,11,23],[13,1,21,5,9,23],[21,1,17,9,23],[9,21,23,1],[1,5,13,21,17,9,11,23],[1,13,21,9,11,17,5,23],[1,9,21,11,5,17,13,15,23],[21,13,1,17,9,23],[21,5,9,23],[13,5,21,9,11,17,1,15,23],[5,1,13,9,21,11,17,23],[17,21,13,1,9,23],[21,9,11,5,1,17,13,23],[17,5,13,9,1,21,11,23],[13,5,21,9,23],[17,21,1,13,5,9,11,15,23],[1,9,17,5,13,21,11,23],[1,13,21,9,11,17,5,15,23],[1,5,9,21,23],[9,21,23,17],[17,1,13,9,5,21,23],[1,5,13,21,9,11,17,15,23],[9,1,5,21,11,13,17,23],[13,9,5,21,11,1,17,23],[9,21,23,5],[21,9,11,5,13,17,1,15,23],[17,9,1,13,5,21,23],[21,9,11,5,1,17,13,23],[1,21,17,13,5,9,11,23],[1,9,17,5,21,23],[5,9,21,23],[5,13,21,1,9,11,17,23],[21,1,9,11,5,17,13,23],[5,9,17,21,23],[21,13,9,11,5,17,1,15,23],[17,1,9,13,21,23],[9,17,1,13,21,11,5,23],[9,1,17,21,11,5,13,23],[21,9,11,5,1,17,13,23],[5,17,21,13,1,9,23],[17,13,21,9,23],[13,1,5,17,9,21,11,15,23],[21,5,13,9,11,17,1,15,23],[13,17,1,21,5,9,11,23],[1,21,13,9,11,17,5,15,23],[17,5,21,13,9,23],[1,13,9,5,17,21,11,23],[17,21,5,1,9,11,13,15,23],[21,1,17,13,5,9,23],[13,17,21,9,11,1,5,23],[21,13,17,1,9,11,5,15,23],[17,1,21,9,11,13,5,15,23],[5,13,21,1,17,9,23],[5,21,9,11,1,17,13,15,23],[9,21,23,5],[13,5,9,1,21,23],[5,13,1,17,9,21,23],[17,1,13,5,9,21,11,15,23],[9,13,17,21,23],[9,21,11,17,13,5,1,15,23],[1,9,21,11,5,17,13,15,23],[9,1,5,21,11,13,17,23],[5,13,21,9,23],[1,9,21,11,13,5,17,15,23],[9,21,11,17,5,1,13,15,23],[17,1,5,21,9,11,13,23],[1,21,17,9,11,5,13,15,23],[5,17,13,9,21,23],[9,5,1,13,17,21,11,15,23],[9,5,13,1,17,21,23],[21,1,5,13,9,11,17,23],[17,1,21,13,9,11,5,15,23],[13,21,1,5,9,11,17,15,23],[13,1,9,17,5,21,23],[21,1,5,17,13,9,23],[17,13,1,21,5,9,11,15,23],[21,9,11,13,17,5,1,23],[9,5,13,21,11,1,17,23],[17,5,1,21,9,23],[21,9,11,5,1,13,17,15,23],[21,13,1,17,5,9,11,23],[9,5,21,11,13,1,17,15,23],[17,1,5,21,9,23],[17,5,21,9,23],[13,9,17,5,1,21,11,15,23],[9,17,5,21,11,1,13,15,23],[9,1,13,21,11,5,17,23],[21,1,5,17,9,23],[1,17,13,21,9,23],[9,1,5,17,13,21,23],[21,13,17,5,1,9,23],[9,5,21,11,17,13,1,19],[5,17,9,21,11,1,13,15,23],[13,5,21,17,9,23],[21,13,17,5,1,9,23],[17,21,9,11,13,5,1,23],[1,9,21,11,5,17,13,23],[5,13,9,21,23],[5,17,21,9,11,13,1,23],[13,5,1,17,9,21,23],[13,17,9,21,23],[13,1,17,21,9,23],[5,13,21,1,17,9,23],[17,5,9,21,11,13,1,23],[17,9,1,13,5,21,23],[17,9,1,5,21,11,13,23],[9,21,23,13],[5,13,17,1,9,21,23],[1,9,13,17,5,21,23],[17,13,1,5,9,21,23],[1,5,9,17,21,23],[17,5,21,1,9,11,13,15,23],[13,5,1,21,17,9,11,15,23],[13,5,17,21,9,23],[21,9,23,1],[9,13,21,23],[17,13,21,1,5,9,23],[9,21,23,17],[5,17,9,13,21,23],[9,21,23,5],[5,9,1,17,13,21,23],[13,17,5,9,1,21,23],[9,17,1,13,5,21,11,23],[13,1,21,9,11,17,5,23],[5,17,13,21,9,11,1,23],[5,17,13,21,9,11,1,15,23],[9,17,1,13,5,21,23],[9,21,23,13],[5,13,21,1,9,11,17,15,23],[13,1,21,5,17,9,23],[5,17,13,21,1,9,23],[5,21,1,17,13,9,23],[1,13,9,5,17,21,23],[5,21,13,17,9,11,1,15,23],[17,1,5,13,9,21,23],[13,1,5,9,21,23],[13,21,5,17,9,23],[1,21,17,13,9,23],[17,1,13,21,5,9,11,15,23],[9,17,1,13,5,21,23],[1,17,9,21,23],[13,21,5,9,11,17,1,15,23],[1,9,21,23],[9,21,11,5,13,1,17,23],[21,17,13,9,23],[9,21,11,1,13,17,5,15,23],[1,5,13,9,17,21,11,15,23],[13,1,17,9,21,11,5,23],[13,9,21,11,17,1,5,23],[13,9,5,17,21,23],[1,17,5,9,13,21,11,23],[1,13,5,9,21,23],[13,9,1,17,5,21,23],[17,1,5,9,13,21,11,23],[9,17,1,13,5,21,23],[21,17,13,1,5,9,23],[13,5,1,21,17,9,23],[17,1,13,9,21,11,5,15,23],[13,5,1,17,21,9,23],[9,13,5,21,11,1,17,23],[17,1,13,21,9,11,5,15,23],[21,5,9,11,1,17,13,15,23],[17,9,21,11,5,1,13,15,23],[5,1,17,13,21,9,11,15,23],[13,5,9,17,1,21,23],[17,9,1,5,13,21,23],[21,9,11,17,5,13,1,15,23],[21,1,13,17,9,11,5,15,23],[9,13,1,17,5,21,11,23],[17,13,21,1,5,9,23],[17,5,1,13,21,9,11,23],[17,1,13,5,21,9,23],[5,1,17,13,21,9,23],[1,9,5,21,23],[13,21,5,9,23],[21,17,5,9,23],[5,1,13,21,9,11,17,15,23],[17,9,21,11,13,1,5,15,23],[13,9,5,17,21,11,1,15,23],[1,17,21,13,5,9,23],[13,5,21,17,1,9,11,15,23],[1,21,17,5,9,23],[17,1,9,13,5,21,11,23],[21,1,9,11,5,13,17,15,23],[9,13,21,11,1,17,5,15,23],[21,1,17,13,9,23],[13,21,17,9,23],[9,5,1,13,17,21,23],[21,5,9,23],[21,1,13,9,11,5,17,23],[1,5,17,21,9,23],[1,5,13,21,9,11,17,15,23],[17,5,1,13,21,9,11,23],[13,1,17,21,9,23],[9,21,11,1,5,17,13,15,23],[17,5,13,21,9,23],[5,1,17,13,9,21,11,23],[5,17,13,9,21,11,1,15,23],[1,9,17,5,13,21,23],[9,17,21,11,13,5,1,15,23],[13,9,5,21,11,17,1,15,23],[1,9,17,5,21,11,13,15,23],[17,21,13,1,9,23],[21,9,11,13,17,1,5,15,23],[5,13,9,1,21,23],[13,5,9,17,1,21,23],[9,21,23,13],[17,5,13,1,21,9,23],[1,13,21,17,5,9,23],[1,9,21,23],[13,1,17,9,21,23],[21,1,9,11,5,17,13,23],[9,1,21,23],[17,1,13,5,9,21,23],[1,17,21,9,23],[1,21,17,9,11,13,5,15,23],[5,17,13,1,9,21,23],[17,21,13,1,9,11,5,15,23],[9,5,13,1,17,21,11,23],[5,9,21,23],[13,21,5,9,11,17,1,15,23],[17,5,13,9,21,11,1,23],[21,9,23,17],[5,1,9,21,11,17,13,23],[13,9,1,17,5,21,23],[17,21,9,23],[17,21,9,11,1,5,13,15,23],[21,1,5,17,13,9,11,15,23],[1,17,9,13,5,21,23],[21,17,13,9,11,1,5,23],[1,9,21,11,13,17,5,23],[5,17,21,9,11,13,1,23],[17,21,1,9,23],[17,9,5,13,1,21,11,23],[17,21,13,9,11,1,5,15,23],[17,9,1,21,23],[5,17,1,13,21,9,11,23],[5,13,1,21,9,23],[21,5,1,9,11,17,13,23],[21,9,23,1],[1,9,5,21,23],[5,1,13,17,21,9,11,23],[21,5,9,11,1,17,13,23],[17,9,13,5,21,23],[21,13,5,17,1,9,23],[9,21,11,13,1,17,5,15,23],[13,5,21,9,11,17,1,23],[17,21,1,5,13,9,23],[13,5,9,1,21,23],[13,17,9,5,1,21,23],[9,13,1,17,5,21,11,23],[21,17,13,5,9,11,1,15,23],[1,5,21,13,17,9,23],[9,5,21,11,17,1,13,23],[17,13,1,21,5,9,11,23],[13,1,17,9,5,21,11,15,23],[1,5,13,17,21,9,23],[21,5,17,9,23],[21,5,17,9,23],[9,21,23,5],[1,17,5,21,13,9,11,15,23],[5,13,9,17,21,11,1,23],[5,1,9,17,13,21,11,15,23],[1,5,9,17,13,21,23],[21,9,11,1,17,13,5,15,23],[9,13,17,5,1,21,23],[9,1,21,11,17,13,5,23],[1,9,13,17,21,11,5,15,23],[5,21,17,1,9,11,13,23],[17,9,1,5,13,21,23],[9,21,23,13],[1,13,21,9,23],[9,1,5,13,21,23],[13,1,5,9,17,21,23],[5,1,9,17,13,21,11,15,23],[13,17,9,21,11,5,1,23],[17,21,1,9,11,5,13,23],[13,21,5,1,9,11,17,15,23],[17,5,13,9,1,21,23],[13,5,9,21,11,17,1,23],[17,21,1,9,11,5,13,15,23],[9,21,23,1],[9,13,21,23],[9,17,13,21,23],[1,9,21,11,5,13,17,15,23],[21,9,11,17,13,5,1,15,23],[17,5,1,13,21,9,23],[1,17,21,5,13,9,11,23],[17,5,1,21,13,9,11,23],[21,5,13,1,9,23],[21,9,11,17,13,1,5,23],[1,21,13,17,9,11,5,23],[5,17,9,1,13,21,23],[1,5,13,21,9,11,17,15,23],[9,13,5,17,1,21,11,23],[13,9,1,21,23],[17,5,9,21,23],[1,17,5,13,9,21,11,15,23],[9,21,11,5,13,1,17,23],[1,9,5,17,21,23],[21,5,1,9,11,17,13,23],[21,13,17,9,11,5,1,23],[17,1,9,21,23],[13,21,9,23],[21,5,17,13,1,9,23],[13,1,5,9,21,23],[13,9,17,5,1,21,23],[13,17,5,9,21,11,1,15,23],[1,5,9,17,21,23],[13,1,5,9,17,21,23],[13,5,21,17,1,9,11,23],[21,5,13,9,23],[13,1,21,5,9,23],[17,9,5,13,1,21,11,23],[21,17,13,5,9,11,1,15,23],[21,17,1,13,5,9,11,15,23],[9,17,1,5,21,23],[9,5,21,11,13,1,17,23],[13,9,21,11,17,1,5,23],[1,17,13,21,9,11,5,23],[1,9,13,21,11,17,5,23],[21,13,5,9,23],[5,9,21,23],[5,17,1,13,9,21,11,15,23],[17,9,13,5,21,11,1,23],[9,13,1,17,21,23],[5,21,17,9,23],[21,5,1,13,9,11,17,15,23],[13,21,1,9,23],[17,5,1,13,21,9,11,23],[13,5,1,9,17,21,23],[13,1,5,9,21,23],[21,1,17,5,13,9,23],[17,21,5,13,9,23],[17,9,21,23],[1,17,9,13,5,21,23],[1,13,5,9,21,11,17,23],[5,21,13,17,1,9,11,15,23],[9,17,13,1,5,21,23],[1,17,5,9,21,23],[1,13,21,9,11,17,5,15,23],[1,21,5,9,23],[9,17,13,21,23],[13,9,5,17,21,23],[13,5,1,21,9,11,17,23],[17,21,9,23],[5,13,9,21,23],[21,1,9,23],[21,5,13,17,1,9,23],[17,21,13,5,9,23],[9,17,13,5,21,11,1,15,23],[13,1,17,9,5,21,11,15,23],[5,21,13,17,9,11,1,15,23],[9,13,5,1,21,11,17,23],[1,5,21,13,17,9,23],[17,5,1,13,9,21,11,23],[13,1,5,21,17,9,23],[21,1,17,9,23],[9,17,13,1,21,11,5,23],[21,1,5,17,9,11,13,23],[21,13,17,1,9,11,5,15,23],[9,21,11,17,5,13,1,23],[5,1,13,17,9,21,11,23],[9,21,23,17],[13,21,9,23],[9,21,11,17,13,5,1,23],[1,5,9,17,13,21,23],[21,1,13,17,5,9,23],[9,13,17,5,21,11,1,15,23],[1,13,17,5,9,21,23],[21,9,23,1],[17,21,5,13,9,11,1,15,23],[13,5,17,21,9,23],[9,5,13,21,11,17,1,15,23],[13,1,9,21,11,17,5,23],[21,13,1,5,17,9,11,23],[13,17,9,1,21,11,5,23],[17,21,1,13,5,9,23],[21,17,13,1,9,23],[9,17,13,1,5,21,11,23],[17,1,13,21,5,9,11,23],[17,21,5,9,23],[1,21,13,17,9,23],[9,1,5,21,23],[1,21,5,13,17,9,23],[1,5,21,17,9,11,13,23],[1,13,9,5,21,23],[21,13,9,11,1,5,17,15,23],[21,1,13,9,23],[13,21,17,9,11,5,1,23],[9,17,13,1,5,21,11,15,23],[1,13,17,21,5,9,11,23],[5,17,9,13,1,21,11,15,23],[5,9,13,21,23],[5,21,13,1,9,23],[13,17,21,9,11,1,5,23],[13,17,1,5,21,9,23],[21,5,13,9,11,1,17,15,23],[1,21,5,13,17,9,23],[9,1,21,11,5,17,13,23],[17,9,1,13,5,21,23],[21,17,5,9,11,13,1,23],[5,13,9,21,11,17,1,23],[9,5,1,17,21,11,13,23],[13,17,5,9,21,23],[5,17,13,21,1,9,23],[9,1,5,21,11,17,13,15,23],[13,9,5,1,21,23],[21,9,11,1,17,13,5,15,23],[1,17,9,13,21,23],[9,5,17,21,23],[17,9,21,11,13,5,1,23],[13,17,21,9,23],[1,9,21,11,13,17,5,15,23],[13,1,17,9,5,21,11,23],[5,9,21,11,1,13,17,23],[21,1,13,5,17,9,11,15,23],[13,5,1,17,9,21,11,23],[9,5,13,17,21,23],[13,21,1,9,11,17,5,23],[13,1,21,9,23],[17,9,5,21,23],[9,21,23,1],[1,13,17,9,21,11,5,15,23],[17,9,21,23],[1,21,5,9,23],[21,17,5,9,11,13,1,23],[1,13,5,17,9,21,23],[17,13,21,9,11,1,5,15,23],[5,17,21,13,1,9,23],[17,13,1,21,9,11,5,23],[9,21,11,1,5,13,17,15,23],[1,5,17,21,13,9,11,15,23],[21,17,9,11,13,5,1,23],[21,13,5,9,11,1,17,15,23],[17,9,13,1,5,21,11,15,23],[21,5,1,9,11,17,13,15,23],[13,21,5,17,9,23],[9,5,1,21,23],[21,17,5,13,9,11,1,15,23],[9,13,21,23],[1,21,5,9,23],[1,9,17,5,13,21,11,15,23],[5,1,17,13,21,9,23],[13,1,17,9,21,23],[21,13,5,17,9,11,1,15,23],[9,1,17,5,13,21,11,15,23],[17,13,1,21,9,11,5,23],[21,13,17,5,9,23],[13,1,5,21,9,11,17,23],[5,13,17,21,1,9,11,23],[13,5,1,9,21,23],[13,21,17,1,5,9,11,23],[13,1,21,9,11,17,5,15,23],[17,21,5,9,11,1,13,23],[5,13,1,21,17,9,23],[17,21,9,11,1,5,13,19],[21,17,1,9,23],[17,5,9,21,11,1,13,23],[21,13,1,5,17,9,23],[9,5,13,17,21,23],[5,13,1,17,21,9,11,23],[13,17,5,21,9,23],[5,21,17,9,11,13,1,15,23],[13,21,1,9,23],[17,21,5,1,9,11,13,23],[17,21,1,13,5,9,11,15,23],[13,21,5,1,17,9,23],[1,21,9,23],[21,9,23,1],[5,9,1,21,11,17,13,23],[17,1,13,9,21,23],[9,1,17,13,21,23],[17,13,1,5,21,9,11,15,23],[13,9,21,11,5,1,17,15,23],[5,1,9,21,11,13,17,23],[17,21,9,11,1,13,5,15,23],[1,5,13,21,9,23],[9,17,1,21,23],[13,17,5,1,21,9,11,15,23],[21,1,17,9,23],[9,1,17,13,21,23],[9,5,13,21,11,1,17,23],[9,21,23,5],[21,1,5,17,13,9,11,23],[1,21,5,17,9,11,13,15,23],[21,13,17,5,9,11,1,23],[21,13,9,11,5,1,17,23],[9,1,5,17,13,21,23],[5,9,17,21,23],[9,17,5,13,21,23],[17,13,1,21,9,23],[9,17,21,23],[17,1,21,5,13,9,23],[21,9,11,5,13,17,1,23],[9,17,5,21,11,1,13,23],[5,13,17,9,1,21,23],[5,21,17,1,13,9,11,23],[21,17,5,9,23],[13,9,21,23],[5,1,9,17,21,23],[5,9,13,17,1,21,11,23],[9,13,1,5,17,21,23],[17,5,13,21,9,11,1,15,23],[17,9,1,21,11,5,13,23],[21,17,9,23],[1,13,17,9,21,23],[17,21,9,23],[21,5,9,11,17,1,13,23],[1,17,21,5,13,9,11,23],[1,13,9,5,17,21,11,15,23],[21,5,17,1,13,9,11,23],[17,13,9,21,23],[17,13,5,9,1,21,11,23],[1,21,17,13,9,23],[13,21,17,1,5,9,11,23],[13,21,17,5,1,9,23],[1,13,5,21,17,9,11,23],[21,1,9,11,17,5,13,23],[13,5,9,17,21,11,1,23],[17,1,13,21,9,23],[9,13,5,17,21,11,1,15,23],[1,21,17,9,23],[13,17,21,1,5,9,23],[5,17,13,1,9,21,23],[5,1,17,9,13,21,11,23],[5,21,13,9,23],[13,5,21,9,23],[9,17,21,11,1,5,13,15,23],[13,5,21,1,9,23],[17,1,9,5,21,23],[13,1,5,17,9,21,11,15,23],[1,5,21,13,9,23],[9,21,11,13,1,17,5,23],[13,1,17,5,21,9,23],[5,1,9,21,11,13,17,23],[1,13,9,21,23],[9,1,5,13,21,11,17,23],[13,21,9,23],[9,17,21,23],[9,1,21,11,5,17,13,23],[21,13,17,1,5,9,11,23],[1,9,21,23],[9,17,13,21,11,1,5,23],[9,1,5,17,21,23],[21,13,17,9,23],[17,9,1,21,11,5,13,15,23],[13,1,9,21,11,5,17,23],[1,21,9,11,5,13,17,23],[21,9,11,1,17,5,13,23],[1,13,21,17,5,9,11,15,23],[17,21,9,11,1,5,13,23],[13,1,21,17,9,23],[1,5,21,13,9,11,17,23],[5,13,21,17,1,9,11,23],[9,13,21,11,5,17,1,15,23],[1,5,21,13,9,11,17,15,23],[21,5,13,1,17,9,23],[1,21,13,17,9,11,5,15,23],[5,1,21,17,13,9,23],[13,9,21,11,5,1,17,23],[13,21,1,17,5,9,23],[9,17,21,11,1,5,13,15,23],[21,1,5,17,9,11,13,15,23],[21,13,1,17,5,9,11,23],[21,13,1,5,9,23],[17,13,9,21,11,1,5,15,23],[17,21,9,23],[13,9,17,21,23],[5,17,13,9,1,21,23],[21,13,17,5,1,9,23],[5,21,13,1,9,11,17,15,23],[9,21,11,13,1,17,5,23],[13,5,17,21,9,23],[1,5,13,17,21,9,11,15,23],[1,5,13,21,9,23],[1,9,5,17,21,11,13,15,23],[5,1,9,17,13,21,23],[21,17,13,5,9,11,1,23],[9,17,13,1,21,11,5,23],[21,17,5,1,9,23],[13,1,21,5,9,11,17,15,23],[17,21,5,13,1,9,23],[17,13,9,1,5,21,23],[1,9,5,17,13,21,23],[9,1,13,21,11,17,5,23],[13,1,17,21,9,11,5,23],[17,9,21,11,1,13,5,23],[17,13,21,1,9,11,5,15,23],[21,13,9,23],[9,1,17,5,21,11,13,15,23],[9,17,5,13,1,21,11,23],[17,21,5,1,13,9,11,15,23],[1,17,21,5,13,9,11,23],[9,21,11,1,17,5,13,23],[5,1,21,13,17,9,11,15,23],[1,13,9,5,21,23],[17,21,1,9,11,13,5,15,23],[21,5,13,17,9,11,1,15,23],[9,5,21,23],[5,17,9,13,21,23],[1,5,17,21,9,11,13,23],[17,21,9,23],[13,1,9,17,21,11,5,15,23],[13,21,1,9,23],[13,5,17,1,21,9,23],[1,17,9,13,21,11,5,15,23],[21,9,23,17],[5,21,17,13,1,9,11,15,23],[1,13,21,5,17,9,11,23],[1,13,9,17,21,23],[5,9,1,21,11,13,17,23],[9,17,21,23],[9,5,17,21,11,13,1,15,23],[13,1,17,5,9,21,11,15,23],[21,5,9,23],[9,21,23,13],[17,9,5,1,21,23],[13,9,17,1,5,21,23],[13,9,5,1,17,21,11,15,23],[5,21,1,9,23],[9,5,21,23],[9,1,17,13,21,11,5,15,23],[1,21,17,9,11,5,13,23],[13,1,17,21,9,11,5,23],[5,17,9,13,21,11,1,15,23],[17,13,9,5,1,21,11,15,23],[1,5,13,17,21,9,23],[9,1,5,17,13,21,23],[17,13,21,5,1,9,11,23],[5,1,21,9,23],[17,21,9,23],[1,21,17,13,9,23],[9,1,17,5,21,11,13,15,23],[13,17,21,1,5,9,23],[1,17,9,13,5,21,11,15,23],[5,17,9,1,13,21,11,15,23],[21,17,5,13,1,9,23],[5,13,21,1,9,23],[21,1,13,17,5,9,11,23],[21,13,5,9,23],[13,17,5,9,21,23],[1,9,21,11,5,13,17,23],[21,9,23,17],[5,13,9,21,11,17,1,23],[13,21,17,9,23],[21,5,13,1,9,23],[9,5,1,17,13,21,23],[9,21,23,5],[1,21,17,5,9,11,13,23],[1,5,13,9,21,23],[17,5,13,9,1,21,23],[9,17,5,21,11,1,13,15,23],[13,21,1,17,9,11,5,23],[13,9,5,21,11,17,1,23],[17,9,13,21,11,5,1,15,23],[9,17,13,21,23],[9,21,23,13],[21,17,1,13,5,9,11,23],[5,17,9,13,21,11,1,23],[17,1,13,9,21,11,5,15,23],[13,1,21,5,9,11,17,15,23],[1,13,9,17,21,23],[5,17,1,9,13,21,23],[17,5,21,13,1,9,23],[9,17,1,5,13,21,11,15,23],[5,13,21,17,9,11,1,15,23],[21,17,13,9,23],[17,9,13,1,21,11,5,15,23],[13,1,5,21,17,9,23],[17,21,5,13,9,11,1,15,23],[1,17,13,21,5,9,11,23],[5,21,17,9,11,1,13,15,23],[9,17,5,21,23],[1,13,5,17,21,9,11,23],[1,13,9,21,11,17,5,15,23]],"n_human":10}