{"problem_id":"OaHQBGbqqKNcReH","sigma":150,"alpha":0.316,"cost":2,"probabilities":"[0.3500000000000001, 0.22, 0.32, 0.11]","payoff_matrix":"[[88, -30, 69, -24, 71, -258], [-55, -198, -145, -110, -16, -267], [123, -22, 237, 69, 184, -12], [30, -141, 144, -269, 60, 164]]","uncovered":[[21,9,1,11],[13,17,5,9,19,21,1,3,2,18,11,10],[5,9,1,3,17,19,2,13,21,18,11,10],[17,21,9,11],[13,17,21,1,3,19,18,2,9,5,11,10],[13,17,9,11],[13,21,5,1,9,11],[5,21,13,17,1,19,3,2,9,18,11,10],[13,1,9,3,17,19,18,2,5,21,11,10],[5,9,21,13,17,19,1,3,18,2,11,10],[21,5,13,9,1,11],[21,9,5,1,3,17,19,2,13,18,11,10],[13,17,21,9,19,5,1,3,18,2,11,10],[13,5,17,9,11],[13,21,17,9,19,1,3,18,2,5,11,10],[17,9,11],[9,13,5,21,17,19,1,3,2,18,11,10],[17,21,9,11],[13,5,17,1,3,19,18,2,21,9,11,10],[17,1,19,3,18,2,9,13,5,21,11,10],[9,1,11],[1,13,5,21,9,3,17,19,2,18,11,10],[9,21,17,11],[17,1,3,19,2,5,9,21,13,18,11,10],[21,13,17,1,19,3,2,5,9,18,11,10],[17,5,9,11],[21,9,17,19,5,13,1,3,2,18,11,10],[9,17,19,13,1,3,18,2,5,21,11,10],[17,9,11],[1,9,3,5,13,21,17,19,2,18,11,10],[17,13,1,19,3,18,2,21,5,9,11,10],[9,5,21,13,1,11],[9,13,1,3,21,17,19,18,2,5,11,10],[21,9,17,11],[17,1,19,3,2,5,21,9,13,18,11,10],[21,17,5,9,11],[17,9,19,21,1,3,18,2,13,5,11,10],[21,17,9,11],[17,1,3,19,18,2,21,13,5,9,11,10],[17,9,11],[21,13,17,1,19,3,2,5,9,18,11,10],[21,13,17,9,19,5,1,3,2,18,11,10],[21,9,17,19,5,13,1,3,18,2,11,10],[21,9,1,11],[9,17,19,1,3,18,2,5,21,13,11,10],[13,17,1,3,19,18,2,21,5,9,11,10],[21,17,5,1,3,19,18,2,13,9,11,10],[13,1,9,11],[13,1,9,11],[9,5,21,1,11],[9,13,1,11],[21,5,9,13,17,19,1,3,18,2,11,10],[17,9,11],[13,21,9,17,19,1,3,2,5,18,11,10],[5,9,21,17,19,13,1,3,2,18,11,10],[9,21,5,1,3,17,19,18,2,13,11,10],[1,13,9,11],[17,1,3,19,2,13,9,5,21,18,11,10],[5,21,9,17,19,13,1,3,18,2,11,10],[13,5,9,17,11],[5,21,1,13,9,3,17,19,18,2,11,10],[9,17,19,13,5,21,1,3,2,18,11,10],[21,1,17,19,3,2,13,9,5,18,11,10],[21,5,13,9,17,19,1,3,2,18,11,10],[5,17,1,19,3,2,13,21,9,18,11,10],[1,13,5,17,19,3,18,2,21,9,11,10],[13,21,5,17,9,19,1,3,18,2,11,10],[17,9,11],[5,21,1,13,9,11],[17,5,13,9,11],[9,21,5,1,3,13,17,19,2,18,11,10],[21,13,1,9,11],[21,17,1,19,3,2,5,13,9,18,11,10],[1,13,21,17,3,19,18,2,5,9,11,10],[17,21,9,11],[21,1,13,5,17,3,19,2,9,18,11,10],[9,1,3,5,13,21,17,19,18,2,11,10],[13,5,1,21,17,3,19,2,9,18,11,10],[5,9,13,21,17,19,1,3,18,2,11,10],[5,1,17,3,19,18,2,9,13,21,11,10],[17,1,3,19,18,2,5,9,21,13,11,10],[5,13,1,9,3,21,17,19,2,18,11,10],[17,21,9,11],[17,21,1,19,3,18,2,9,13,5,11,10],[5,21,13,9,17,11],[13,21,9,1,3,17,19,2,5,18,11,10],[13,1,5,17,3,19,2,21,9,18,11,10],[9,13,21,5,1,3,17,19,18,2,11,10],[1,13,17,3,19,2,9,21,5,18,11,10],[1,5,21,17,19,3,18,2,13,9,11,10],[9,1,3,5,13,17,19,2,21,18,11,10],[9,1,11],[9,5,13,1,3,17,19,2,21,18,11,10],[9,13,17,11],[13,1,17,3,19,2,5,21,9,18,11,10],[17,9,11],[9,13,1,3,17,19,18,2,5,21,11,10],[9,21,1,11],[21,1,5,17,19,3,2,13,9,18,11,10],[9,17,11],[1,17,19,3,18,2,5,9,21,13,11,10],[17,5,1,19,3,2,9,21,13,18,11,10],[9,13,17,11],[17,5,9,19,21,1,3,18,2,13,11,10],[5,13,21,17,9,11],[21,17,13,9,19,1,3,18,2,5,11,10],[1,21,13,17,3,19,2,9,5,18,11,10],[1,13,21,5,9,3,17,19,2,18,11,10],[21,1,13,9,3,5,17,19,18,2,11,10],[9,17,11],[5,17,21,1,19,3,2,13,9,18,11,10],[9,5,1,11],[1,17,19,3,2,13,5,21,9,18,11,10],[21,5,13,1,17,3,19,18,2,9,11,10],[21,1,13,9,3,5,17,19,2,18,11,10],[17,5,9,19,1,3,18,2,13,21,11,10],[9,13,5,1,11],[13,1,5,21,17,19,3,18,2,9,11,10],[1,17,3,19,2,13,21,9,5,18,11,10],[13,5,9,21,1,11],[17,13,9,19,5,21,1,3,2,18,11,10],[9,13,21,17,19,1,3,18,2,5,11,10],[1,5,9,3,13,21,17,19,18,2,11,10],[17,21,13,9,19,1,3,18,2,5,11,10],[5,21,13,9,17,11],[9,17,19,13,21,5,1,3,2,18,11,10],[1,5,21,13,17,19,3,2,9,18,11,10],[1,13,9,3,17,19,18,2,5,21,11,10],[21,9,5,1,11],[1,9,3,17,19,18,2,21,5,13,11,10],[17,21,9,11],[1,17,3,19,2,13,9,5,21,18,11,10],[5,9,17,11],[21,13,1,17,3,19,2,9,5,18,11,10],[21,1,9,11],[17,9,19,1,3,2,5,13,21,18,11,10],[13,21,1,9,3,5,17,19,2,18,11,10],[1,17,3,19,18,2,5,21,9,13,11,10],[13,17,21,5,1,19,3,2,9,18,11,10],[9,13,5,17,11],[17,13,9,19,1,3,18,2,21,5,11,10],[9,17,19,5,1,3,2,13,21,18,11,10],[1,13,21,9,3,17,19,18,2,5,11,10],[17,21,9,19,5,13,1,3,2,18,11,10],[21,1,17,19,3,18,2,13,5,9,11,10],[21,5,1,17,19,3,2,9,13,18,11,10],[1,5,9,3,13,17,19,18,2,21,11,10],[5,17,9,11],[5,21,1,9,11],[13,17,1,19,3,18,2,5,9,21,11,10],[5,1,9,11],[21,1,9,3,17,19,2,13,5,18,11,10],[17,9,11],[1,21,5,17,3,19,18,2,13,9,11,10],[21,5,9,1,11],[5,1,17,19,3,18,2,21,13,9,11,10],[21,9,13,1,11],[5,13,21,17,1,3,19,2,9,18,11,10],[9,17,19,5,21,1,3,2,13,18,11,10],[5,1,17,19,3,2,21,13,9,18,11,10],[9,1,3,13,5,17,19,18,2,21,11,10],[13,9,17,19,1,3,2,21,5,18,11,10],[13,1,9,11],[13,5,9,21,17,19,1,3,2,18,11,10],[17,1,3,19,2,9,13,5,21,18,11,10],[13,9,17,11],[9,17,19,1,3,2,5,21,13,18,11,10],[13,9,1,3,5,17,19,18,2,21,11,10],[17,9,19,13,1,3,18,2,21,5,11,10],[1,21,5,13,9,11],[13,21,9,17,19,1,3,2,5,18,11,10],[9,17,11],[13,17,9,11],[17,21,5,13,9,11],[17,5,21,1,3,19,18,2,9,13,11,10],[21,9,17,11],[9,1,11],[17,21,9,19,1,3,18,2,13,5,11,10],[5,1,21,9,11],[17,21,9,19,13,1,3,18,2,5,11,10],[13,5,1,17,19,3,2,21,9,18,11,10],[1,17,19,3,2,9,13,21,5,18,11,10],[5,9,17,19,21,13,1,3,18,2,11,10],[17,1,19,3,18,2,5,21,13,9,11,10],[21,9,13,1,11],[5,13,9,21,17,19,1,3,2,18,11,10],[21,1,17,19,3,2,13,9,5,18,11,10],[1,21,17,19,3,18,2,5,13,9,11,10],[21,1,5,13,9,3,17,19,18,2,11,10],[21,17,13,9,19,5,1,3,2,18,11,10],[5,21,1,17,3,19,2,9,13,18,11,10],[17,9,11],[9,13,17,19,1,3,18,2,21,5,11,10],[21,1,17,19,3,2,13,5,9,18,11,10],[21,5,9,17,19,13,1,3,18,2,11,10],[9,5,13,17,11],[9,5,17,11],[1,9,3,17,19,18,2,21,13,5,11,10],[13,17,5,9,11],[17,13,5,9,19,1,3,2,21,18,11,10],[17,13,5,9,19,1,3,2,21,18,11,10],[17,21,13,9,19,5,1,3,18,2,11,10],[5,13,17,1,19,3,18,2,9,21,11,10],[9,5,13,21,1,11],[21,9,17,11],[13,17,1,19,3,18,2,5,9,21,11,10],[17,5,9,19,13,1,3,2,21,18,11,10],[1,21,13,9,3,5,17,19,2,18,11,10],[5,21,13,9,17,11],[13,1,21,5,17,3,19,18,2,9,11,10],[13,1,9,11],[13,17,5,1,19,3,2,9,21,18,11,10],[1,9,11],[5,21,9,13,1,11],[1,5,21,17,19,3,2,9,13,18,11,10],[9,17,19,13,21,5,1,3,18,2,11,10],[21,13,5,9,17,19,1,3,18,2,11,10],[17,13,21,1,3,19,18,2,9,5,11,10],[13,1,5,17,3,19,2,9,21,18,11,10],[5,17,1,3,19,2,9,13,21,18,11,10],[21,13,17,5,9,19,1,3,2,18,11,10],[17,9,11],[17,9,11],[17,5,21,1,3,19,18,2,13,9,11,10],[21,9,13,1,11],[21,5,17,1,19,3,18,2,13,9,11,10],[13,17,9,19,1,3,2,21,5,18,11,10],[9,21,5,1,3,13,17,19,18,2,11,10],[13,21,1,17,19,3,2,9,5,18,11,10],[21,17,9,11],[9,13,1,11],[9,13,1,11],[13,17,9,19,5,21,1,3,18,2,11,10],[9,5,1,11],[21,5,1,17,19,3,2,13,9,18,11,10],[5,1,13,9,3,17,19,18,2,21,11,10],[13,21,9,17,19,5,1,3,18,2,11,10],[13,1,17,3,19,2,9,5,21,18,11,10],[17,1,19,3,18,2,9,21,5,13,11,10],[21,9,17,19,13,1,3,2,5,18,11,10],[21,9,5,17,19,1,3,18,2,13,11,10],[5,21,1,13,17,19,3,2,9,18,11,10],[1,13,21,9,11],[9,17,19,5,1,3,18,2,13,21,11,10],[9,1,11],[17,13,21,5,9,11],[9,21,13,17,19,1,3,2,5,18,11,10],[17,1,19,3,2,13,9,5,21,18,11,10],[13,21,9,17,19,5,1,3,18,2,11,10],[1,5,9,11],[9,1,11],[17,1,19,3,2,21,9,13,5,18,11,10],[21,5,1,17,3,19,2,9,13,18,11,10],[13,9,5,17,19,21,1,3,18,2,11,10],[21,17,9,11],[1,17,19,3,18,2,9,5,13,21,11,10],[21,17,9,19,1,3,18,2,13,5,11,10],[21,9,5,13,1,3,17,19,2,18,11,10],[5,13,9,1,3,21,17,19,18,2,11,10],[21,5,9,13,17,19,1,3,2,18,11,10],[1,9,11],[13,1,5,21,9,3,17,19,2,18,11,10],[13,1,5,9,3,17,19,2,21,18,11,10],[5,1,21,9,3,17,19,18,2,13,11,10],[9,17,11],[9,13,21,5,17,11],[13,17,5,21,1,3,19,18,2,9,11,10],[1,9,11],[5,1,17,3,19,18,2,9,21,13,11,10],[13,21,1,5,17,19,3,2,9,18,11,10],[21,13,9,1,3,17,19,18,2,5,11,10],[21,17,1,19,3,2,5,13,9,18,11,10],[17,21,1,19,3,18,2,9,5,13,11,10],[9,21,17,19,1,3,2,13,5,18,11,10],[17,13,1,19,3,18,2,21,5,9,11,10],[5,9,17,19,21,1,3,2,13,18,11,10],[21,9,13,1,3,17,19,2,5,18,11,10],[17,21,5,1,19,3,18,2,9,13,11,10],[17,1,3,19,18,2,5,9,13,21,11,10],[17,1,19,3,2,9,21,5,13,18,11,10],[13,5,1,9,11],[9,1,11],[9,1,11],[17,9,19,21,13,1,3,2,5,18,11,10],[1,17,3,19,2,5,13,21,9,18,11,10],[9,13,1,11],[17,21,13,5,9,11],[1,5,21,9,3,13,17,19,2,18,11,10],[5,1,17,19,3,18,2,21,9,13,11,10],[13,5,21,17,1,19,3,2,9,18,11,10],[21,17,5,13,9,11],[5,13,17,21,9,11],[13,1,5,9,11],[1,17,3,13,19,18,2,9,5,21,11,10],[1,5,17,19,3,2,9,13,21,18,11,10],[17,9,19,5,21,13,1,3,18,2,11,10],[13,9,17,19,1,3,2,5,21,18,11,10],[13,21,17,1,3,19,2,5,9,18,11,10],[17,21,5,9,19,1,3,2,13,18,11,10],[21,13,1,9,11],[17,9,11],[17,9,19,21,13,5,1,3,18,2,11,10],[17,1,19,3,2,13,5,9,21,18,11,10],[1,13,17,3,19,18,2,21,5,9,11,10],[17,13,21,5,1,19,3,2,9,18,11,10],[13,1,17,3,19,18,2,9,5,21,11,10],[21,13,1,5,9,3,17,19,18,2,11,10],[17,13,1,19,3,2,5,9,21,18,11,10],[13,5,17,9,19,1,3,18,2,21,11,10],[17,21,9,11],[1,21,9,11],[21,1,9,11],[13,5,1,9,3,17,19,18,2,21,11,10],[13,1,5,17,19,3,18,2,9,21,11,10],[13,9,17,11],[1,17,3,19,2,5,13,9,21,18,11,10],[21,13,17,5,9,11],[9,21,17,19,1,3,2,5,13,18,11,10],[5,17,1,19,3,2,9,13,21,18,11,10],[13,21,9,5,1,3,17,19,18,2,11,10],[9,13,17,19,5,1,3,18,2,21,11,10],[5,21,13,1,17,3,19,2,9,18,11,10],[17,1,19,3,18,2,21,13,5,9,11,10],[21,5,13,1,9,11],[21,9,5,13,1,3,17,19,2,18,11,10],[13,1,17,19,3,18,2,5,9,21,11,10],[13,21,9,1,3,17,19,18,2,5,11,10],[21,9,13,1,11],[5,21,13,17,1,19,3,18,2,9,11,10],[17,21,1,19,3,2,9,13,5,18,11,10],[5,1,21,13,9,3,17,19,18,2,11,10],[21,13,5,17,1,19,3,18,2,9,11,10],[13,17,9,19,21,1,3,18,2,5,11,10],[5,9,1,11],[17,13,1,19,3,18,2,21,5,9,11,10],[17,1,19,3,18,2,13,21,5,9,11,10],[9,17,11],[1,21,5,17,19,3,2,13,9,18,11,10],[9,21,13,5,17,19,1,3,2,18,11,10],[1,21,5,17,19,3,18,2,9,13,11,10],[13,17,21,1,3,19,2,5,9,18,11,10],[13,5,21,1,17,19,3,2,9,18,11,10],[21,9,13,5,17,11],[17,5,1,19,3,2,13,9,21,18,11,10],[21,5,9,17,11],[9,1,11],[9,5,1,11],[9,1,3,13,21,5,17,19,18,2,11,10],[13,17,5,9,11],[13,17,5,21,1,3,19,2,9,18,11,10],[1,21,9,3,13,17,19,18,2,5,11,10],[9,13,21,17,11],[21,13,17,1,3,19,2,5,9,18,11,10],[9,1,11],[5,21,1,17,19,3,18,2,9,13,11,10],[9,5,1,3,13,21,17,19,18,2,11,10],[21,5,13,17,1,3,19,18,2,9,11,10],[17,5,21,9,11],[1,21,5,17,3,19,2,9,13,18,11,10],[9,5,13,17,11],[13,5,9,21,1,11],[1,13,5,9,3,21,17,19,18,2,11,10],[9,1,11],[1,13,21,9,11],[13,5,21,1,9,11],[17,13,5,9,11],[21,5,13,9,1,11],[5,9,13,1,3,17,19,2,21,18,11,10],[5,9,13,1,3,17,19,18,2,21,11,10],[17,21,13,9,19,5,1,3,2,18,11,10],[9,17,11],[1,17,3,19,2,13,9,21,5,18,11,10],[5,1,17,19,3,18,2,9,21,13,11,10],[17,21,13,1,3,19,2,9,5,18,11,10],[9,13,5,1,11],[17,5,1,3,19,18,2,13,9,21,11,10],[9,13,5,1,11],[13,9,17,19,5,21,1,3,2,18,11,10],[5,21,1,17,3,19,18,2,13,9,11,10],[1,21,9,11],[1,5,13,17,19,3,18,2,9,21,11,10],[5,21,17,13,1,19,3,18,2,9,11,10],[13,9,17,19,1,3,18,2,5,21,11,10],[9,21,1,3,13,17,19,18,2,5,11,10],[1,21,5,17,3,19,18,2,13,9,11,10],[5,21,9,1,11],[17,21,5,9,19,1,3,2,13,18,11,10],[5,1,17,3,19,2,9,21,13,18,11,10],[9,1,11],[21,1,17,3,19,18,2,13,5,9,11,10],[1,21,13,9,11],[1,17,19,3,18,2,21,13,5,9,11,10],[5,1,9,3,21,13,17,19,2,18,11,10],[9,1,3,17,19,18,2,13,5,21,11,10],[9,21,17,11],[1,5,13,9,3,17,19,18,2,21,11,10],[1,17,19,3,18,2,13,5,9,21,11,10],[13,9,1,3,21,17,19,2,5,18,11,10],[1,21,17,3,19,2,9,5,13,18,11,10],[17,5,9,19,1,3,2,13,21,18,11,10],[5,17,1,19,3,2,13,21,9,18,11,10],[9,21,1,3,5,13,17,19,2,18,11,10],[17,13,21,9,19,1,3,18,2,5,11,10],[13,9,5,1,3,17,19,18,2,21,11,10],[5,17,21,13,1,3,19,2,9,18,11,10],[9,17,19,21,5,13,1,3,2,18,11,10],[17,21,1,3,9,19,18,2,13,5,11,10],[13,5,9,1,11],[13,5,1,21,9,11],[21,17,13,9,11],[13,17,5,1,19,3,18,2,9,21,11,10],[13,17,1,19,3,18,2,5,9,21,11,10],[17,5,21,9,19,1,3,18,2,13,11,10],[21,9,1,11],[21,1,13,9,3,5,17,19,18,2,11,10],[1,21,17,19,3,2,13,9,5,18,11,10],[13,17,9,11],[21,9,1,11],[17,5,21,13,9,19,1,3,2,18,11,10],[1,9,3,17,19,18,2,21,5,13,11,10],[13,9,17,19,1,3,18,2,5,21,11,10],[21,13,17,5,9,11],[17,9,19,13,1,3,2,21,5,18,11,10],[17,21,1,19,3,2,5,13,9,18,11,10],[5,13,21,9,1,3,17,19,18,2,11,10],[17,1,19,3,2,5,13,9,21,18,11,10],[5,1,9,3,13,17,19,2,21,18,11,10],[21,5,13,9,1,11],[1,9,11],[13,21,9,5,1,11],[1,17,19,3,18,2,5,9,21,13,11,10],[5,21,9,13,1,3,17,19,2,18,11,10],[21,1,17,3,19,2,5,13,9,18,11,10],[9,5,17,11],[13,9,5,17,19,1,3,2,21,18,11,10],[21,9,13,5,17,19,1,3,18,2,11,10],[5,1,17,3,19,18,2,13,21,9,11,10],[9,17,11],[13,1,21,17,19,3,2,5,9,18,11,10],[1,9,11],[1,13,9,3,21,17,19,2,5,18,11,10],[21,1,9,3,5,13,17,19,18,2,11,10],[21,1,13,17,3,19,18,2,5,9,11,10],[1,21,5,9,3,17,19,2,13,18,11,10],[9,5,17,19,13,1,3,18,2,21,11,10],[9,21,1,3,5,13,17,19,18,2,11,10],[1,9,11],[9,5,1,11],[1,9,3,17,19,2,5,13,21,18,11,10],[21,5,13,17,9,11],[13,9,5,1,11],[1,5,13,21,9,3,17,19,2,18,11,10],[13,17,9,11],[17,5,9,19,21,1,3,2,13,18,11,10],[9,21,13,5,1,3,17,19,18,2,11,10],[13,5,17,9,19,21,1,3,18,2,11,10],[1,9,3,5,13,21,17,19,18,2,11,10],[5,17,13,21,1,19,3,18,2,9,11,10],[21,1,13,5,9,3,17,19,18,2,11,10],[9,1,11],[17,13,9,11],[17,9,19,13,21,5,1,3,18,2,11,10],[5,21,17,13,1,19,3,2,9,18,11,10],[17,5,13,9,11],[5,21,1,13,17,3,19,2,9,18,11,10],[13,9,5,1,11],[21,1,9,11],[17,13,9,19,5,1,3,18,2,21,11,10],[13,21,9,5,1,11],[21,5,13,9,1,11],[17,9,11],[21,9,5,1,3,17,19,2,13,18,11,10],[5,17,9,19,13,21,1,3,2,18,11,10],[21,13,1,5,9,11],[5,9,21,17,19,13,1,3,18,2,11,10],[21,13,9,17,11],[17,9,19,5,1,3,18,2,13,21,11,10],[1,17,3,19,18,2,21,13,5,9,11,10],[17,13,1,3,19,18,2,9,5,21,11,10],[1,9,11],[1,9,11],[5,13,21,17,1,19,3,2,9,18,11,10],[9,17,11],[9,13,21,1,3,5,17,19,2,18,11,10],[1,9,3,5,17,19,18,2,21,13,11,10],[13,21,17,5,9,11],[5,21,9,1,11],[21,5,9,13,1,11],[13,9,17,19,1,3,18,2,5,21,11,10],[21,1,13,17,3,19,18,2,9,5,11,10],[21,9,1,11],[1,9,3,13,5,17,19,18,2,21,11,10],[9,1,3,21,5,17,19,2,13,18,11,10],[5,1,9,3,13,17,19,2,21,18,11,10],[17,5,1,3,19,2,9,21,13,18,11,10],[21,9,17,11],[13,5,9,17,11],[21,5,17,1,19,3,2,13,9,18,11,10],[1,5,21,9,11],[1,17,3,19,18,2,13,5,21,9,11,10],[21,17,9,19,13,1,3,18,2,5,11,10],[5,1,13,9,11],[13,5,1,17,19,3,18,2,9,21,11,10],[21,1,13,17,3,19,2,5,9,18,11,10],[21,9,1,11],[17,13,9,19,21,5,1,3,2,18,11,10],[9,17,11],[13,5,1,17,3,19,2,21,9,18,11,10],[21,17,9,19,5,1,3,18,2,13,11,10],[5,9,1,3,17,19,18,2,21,13,11,10],[1,13,17,3,19,18,2,5,21,9,11,10],[21,1,17,3,19,2,5,9,13,18,11,10],[13,1,5,9,3,17,19,18,2,21,11,10],[17,21,5,9,11],[13,1,9,11],[1,5,13,21,9,3,17,19,18,2,11,10],[21,9,1,11],[9,17,19,1,3,2,13,5,21,18,11,10],[13,5,21,17,1,3,19,18,2,9,11,10],[21,1,13,9,11],[21,9,13,5,17,19,1,3,2,18,11,10],[13,17,21,5,1,19,3,18,2,9,11,10],[13,21,9,1,11],[21,9,17,19,5,13,1,3,18,2,11,10],[13,5,9,17,19,1,3,2,21,18,11,10],[9,21,5,1,3,17,19,18,2,13,11,10],[9,5,1,11],[9,21,5,17,19,1,3,2,13,18,11,10],[17,13,1,3,19,2,9,5,21,18,11,10],[1,13,21,17,19,3,18,2,9,5,11,10],[13,21,17,9,19,5,1,3,18,2,11,10],[21,13,1,17,19,3,2,5,9,18,11,10],[9,5,1,3,17,19,18,2,21,13,11,10],[5,9,21,13,1,3,17,19,2,18,11,10],[9,13,5,17,11],[13,17,21,9,19,5,1,3,18,2,11,10],[5,17,21,1,3,19,18,2,9,13,11,10],[9,17,19,13,21,5,1,3,18,2,11,10],[21,13,9,5,1,3,17,19,18,2,11,10],[21,1,5,13,9,11],[17,13,21,1,19,3,18,2,9,5,11,10],[13,17,5,1,3,19,2,9,21,18,11,10],[5,13,21,1,17,3,19,2,9,18,11,10],[17,5,9,11],[5,13,1,9,3,17,19,18,2,21,11,10],[5,13,9,1,11],[13,21,1,9,11],[9,5,21,13,1,3,17,19,2,18,11,10],[17,5,1,19,3,18,2,21,13,9,11,10],[17,1,3,19,2,21,9,13,5,18,11,10],[21,9,1,3,13,17,19,2,5,18,11,10],[13,21,9,5,1,3,17,19,18,2,11,10],[1,5,21,9,3,13,17,19,18,2,11,10],[17,13,5,1,19,3,2,21,9,18,11,10],[13,21,5,1,9,11],[5,21,1,17,3,19,18,2,9,13,11,10],[5,1,21,17,19,3,18,2,13,9,11,10],[21,17,13,1,3,19,2,9,5,18,11,10],[17,1,19,3,2,5,21,9,13,18,11,10],[17,21,13,1,3,5,19,2,9,18,11,10],[17,5,1,3,19,2,13,9,21,18,11,10],[13,5,9,21,17,11],[5,21,17,9,11],[9,21,1,11],[21,5,9,1,3,13,17,19,2,18,11,10],[21,1,5,17,19,3,18,2,9,13,11,10],[9,1,3,17,13,5,19,18,2,21,11,10],[17,9,11],[9,13,21,17,11],[9,21,5,17,11],[21,17,13,1,19,3,18,2,5,9,11,10],[9,5,13,17,19,1,3,18,2,21,11,10],[9,13,17,11],[1,9,11],[9,13,17,19,5,1,3,18,2,21,11,10],[17,1,19,3,2,5,13,21,9,18,11,10],[13,1,17,3,19,2,9,21,5,18,11,10],[1,9,11],[9,1,11],[13,5,9,1,3,17,19,2,21,18,11,10],[5,1,9,3,21,17,19,2,13,18,11,10],[13,21,1,17,19,3,18,2,9,5,11,10],[5,1,21,13,9,3,17,19,18,2,11,10],[21,5,9,17,11],[5,9,1,3,13,17,19,2,21,18,11,10],[9,21,1,11],[9,17,11],[9,5,1,11],[13,9,21,17,11],[1,5,13,9,3,21,17,19,18,2,11,10],[13,17,9,19,5,21,1,3,2,18,11,10],[21,17,1,3,19,2,13,9,5,18,11,10],[13,1,21,5,17,3,19,2,9,18,11,10],[1,9,11],[13,9,21,1,11],[5,17,9,11],[5,13,21,17,1,3,19,18,2,9,11,10],[1,21,9,11],[9,17,11],[9,1,11],[9,13,17,19,5,1,3,2,21,18,11,10],[9,13,1,11],[13,21,5,17,9,19,1,3,18,2,11,10],[17,13,1,3,19,18,2,5,9,21,11,10],[5,1,9,3,13,17,19,18,2,21,11,10],[21,13,17,9,11],[13,21,1,17,19,3,18,2,5,9,11,10],[13,1,17,19,3,18,2,21,9,5,11,10],[9,1,11],[9,5,17,11],[1,9,3,21,5,17,19,18,2,13,11,10],[13,21,17,5,9,11],[21,17,13,1,19,3,18,2,5,9,11,10],[5,13,17,1,19,3,18,2,21,9,11,10],[21,17,9,19,1,3,18,2,13,5,11,10],[21,13,17,5,1,3,19,2,9,18,11,10],[13,17,5,9,19,21,1,3,2,18,11,10],[5,9,17,19,13,1,3,18,2,21,11,10],[21,1,17,19,3,2,13,5,9,18,11,10],[9,5,13,17,19,1,3,2,21,18,11,10],[21,5,9,17,19,1,3,2,13,18,11,10],[5,13,1,21,9,3,17,19,2,18,11,10],[1,9,3,13,5,21,17,19,2,18,11,10],[21,1,9,11],[9,17,19,21,13,1,3,18,2,5,11,10],[17,21,13,5,9,19,1,3,2,18,11,10],[13,9,1,11],[1,17,3,19,2,9,5,13,21,18,11,10],[17,21,1,3,19,2,9,13,5,18,11,10],[21,13,1,5,9,11],[21,13,5,1,17,3,19,2,9,18,11,10],[17,21,5,13,9,11],[17,13,1,19,3,2,5,9,21,18,11,10],[21,1,9,3,17,19,2,5,13,18,11,10],[13,1,5,9,11],[1,13,17,3,19,18,2,9,5,21,11,10],[17,13,1,3,19,18,2,5,21,9,11,10],[5,21,13,1,17,3,19,18,2,9,11,10],[1,13,21,17,3,19,18,2,5,9,11,10],[17,1,19,3,18,2,21,13,9,5,11,10],[1,13,9,3,21,5,17,19,18,2,11,10],[9,13,5,1,11],[1,9,11],[1,5,9,3,13,17,19,18,2,21,11,10],[5,9,1,3,21,13,17,19,18,2,11,10],[1,21,9,11],[17,1,19,3,18,2,13,9,5,21,11,10],[9,1,11],[17,21,13,9,11],[17,13,21,9,11],[9,5,21,13,17,19,1,3,2,18,11,10],[17,9,11],[13,5,17,21,9,11],[17,9,19,1,3,2,13,5,21,18,11,10],[1,5,9,3,21,13,17,19,2,18,11,10],[21,17,5,13,1,19,3,2,9,18,11,10],[21,17,5,9,19,13,1,3,18,2,11,10],[5,13,17,9,19,21,1,3,18,2,11,10],[5,1,17,3,19,18,2,9,21,13,11,10],[5,17,21,1,19,3,2,9,13,18,11,10],[17,13,21,5,9,19,1,3,18,2,11,10],[21,5,17,9,11],[17,5,9,11],[17,1,19,3,2,21,9,5,13,18,11,10],[5,1,17,3,19,18,2,9,21,13,11,10],[1,9,11],[5,13,9,1,11],[17,13,21,5,1,19,3,2,9,18,11,10],[1,17,19,3,18,2,13,9,5,21,11,10],[13,5,17,9,19,1,3,2,21,18,11,10],[5,17,13,9,11],[21,13,5,1,9,11],[21,1,9,11],[1,9,3,5,13,17,19,2,21,18,11,10],[13,1,21,9,3,17,19,2,5,18,11,10],[17,1,3,19,2,21,9,13,5,18,11,10],[13,21,17,5,1,3,19,2,9,18,11,10],[17,5,9,19,21,13,1,3,2,18,11,10],[1,9,11],[1,21,13,9,3,17,19,18,2,5,11,10],[5,21,17,9,19,13,1,3,18,2,11,10],[13,9,1,3,21,17,19,2,5,18,11,10],[21,5,9,1,3,17,19,18,2,13,11,10],[5,13,1,17,19,3,18,2,9,21,11,10],[21,9,1,11],[21,9,5,13,1,11],[5,17,13,9,19,21,1,3,18,2,11,10],[21,13,17,9,19,1,3,2,5,18,11,10],[1,9,11],[21,9,17,11],[13,9,5,21,1,3,17,19,2,18,11,10],[17,1,19,3,2,5,9,13,21,18,11,10],[13,9,21,1,3,5,17,19,18,2,11,10],[1,5,17,3,19,18,2,9,21,13,11,10],[21,17,13,5,1,19,3,18,2,9,11,10],[21,1,17,3,19,2,5,13,9,18,11,10],[1,5,9,11],[9,13,5,17,11],[13,9,21,5,1,3,17,19,18,2,11,10],[5,17,9,19,1,3,18,2,13,21,11,10],[1,5,21,13,17,19,3,2,9,18,11,10],[13,17,5,21,9,19,1,3,2,18,11,10],[5,21,9,1,11],[13,1,17,19,3,2,9,21,5,18,11,10],[1,5,9,3,21,17,19,18,2,13,11,10],[21,5,9,1,11],[17,9,11],[1,9,3,21,5,17,19,18,2,13,11,10],[1,9,11],[17,13,5,9,19,1,3,2,21,18,11,10],[5,21,9,17,11],[21,1,5,13,9,3,17,19,2,18,11,10],[21,17,1,19,3,18,2,5,9,13,11,10],[13,9,1,3,21,5,17,19,2,18,11,10],[1,13,17,3,19,18,2,9,21,5,11,10],[13,9,1,3,17,19,18,2,21,5,11,10],[17,5,13,1,3,19,18,2,9,21,11,10],[5,21,17,9,11],[13,21,17,9,19,1,3,18,2,5,11,10],[1,17,3,19,18,2,13,5,9,21,11,10],[5,13,9,17,19,21,1,3,18,2,11,10],[1,21,9,3,17,19,2,13,5,18,11,10],[9,21,17,11],[13,21,9,17,11],[13,17,1,19,3,2,5,9,21,18,11,10],[13,17,9,19,21,5,1,3,2,18,11,10],[1,5,17,19,3,18,2,13,9,21,11,10],[17,5,1,3,19,2,9,21,13,18,11,10],[13,9,21,5,17,19,1,3,18,2,11,10],[17,9,19,5,13,1,3,2,21,18,11,10],[13,1,17,3,19,18,2,9,5,21,11,10],[13,17,9,19,5,21,1,3,2,18,11,10],[9,21,1,11],[9,13,17,11],[9,21,13,17,11],[5,1,21,17,19,3,18,2,13,9,11,10],[17,1,3,19,2,9,21,13,5,18,11,10],[1,17,3,19,2,9,21,13,5,18,11,10],[1,9,3,13,21,5,17,19,2,18,11,10],[9,13,17,11],[21,17,1,3,19,18,2,9,13,5,11,10],[17,21,1,19,3,18,2,5,13,9,11,10],[13,5,9,21,17,19,1,3,18,2,11,10],[5,9,21,1,3,17,19,18,2,13,11,10],[9,17,11],[1,9,11],[1,17,3,19,18,2,13,9,21,5,11,10],[1,21,5,17,19,3,18,2,9,13,11,10],[13,1,21,5,9,3,17,19,18,2,11,10],[5,1,21,17,3,19,18,2,13,9,11,10],[13,17,21,1,3,19,18,2,5,9,11,10],[9,1,11],[1,5,9,11],[17,9,11],[21,5,9,1,11],[21,9,5,17,19,1,3,2,13,18,11,10],[17,5,1,19,3,18,2,9,21,13,11,10],[13,17,9,19,21,1,3,2,5,18,11,10],[21,13,9,17,11],[13,5,21,9,1,11],[5,17,13,21,1,3,19,18,2,9,11,10],[13,17,9,11],[13,1,9,3,17,19,18,2,5,21,11,10],[17,5,13,21,9,19,1,3,18,2,11,10],[1,17,3,19,2,21,9,5,13,18,11,10],[5,9,13,21,17,11],[13,17,21,9,19,1,3,2,5,18,11,10],[5,17,13,1,3,19,2,9,21,18,11,10],[13,17,9,11],[17,9,19,13,5,21,1,3,2,18,11,10],[9,1,3,17,19,2,21,13,5,18,11,10],[21,17,5,1,19,3,2,9,13,18,11,10],[13,17,1,3,19,2,21,9,5,18,11,10],[21,1,17,19,3,2,5,13,9,18,11,10],[5,13,9,17,11],[17,1,19,3,2,21,13,5,9,18,11,10],[13,21,9,5,1,3,17,19,18,2,11,10],[1,9,3,21,5,13,17,19,18,2,11,10],[1,5,9,11],[21,17,5,13,1,3,19,2,9,18,11,10],[1,17,19,3,18,2,21,13,5,9,11,10],[1,5,13,17,3,19,2,21,9,18,11,10],[21,9,1,11],[21,17,5,1,19,3,2,9,13,18,11,10],[21,5,17,1,19,3,2,9,13,18,11,10],[17,9,11],[5,13,17,9,19,21,1,3,18,2,11,10],[9,13,5,17,11],[1,21,13,17,19,3,2,9,5,18,11,10],[1,5,17,3,19,2,9,21,13,18,11,10],[5,21,9,13,17,11],[17,21,13,5,1,3,19,18,2,9,11,10],[21,9,1,3,17,19,2,13,5,18,11,10],[9,13,21,1,3,17,19,2,5,18,11,10],[21,9,1,3,13,17,19,2,5,18,11,10],[21,17,13,1,19,3,18,2,9,5,11,10],[17,9,19,21,13,5,1,3,2,18,11,10],[9,5,21,1,3,13,17,19,18,2,11,10],[1,9,11],[17,21,5,1,19,3,2,9,13,18,11,10],[5,21,9,13,17,19,1,3,18,2,11,10],[1,5,9,3,13,21,17,19,18,2,11,10],[21,9,17,11],[21,9,1,3,5,17,19,2,13,18,11,10],[1,21,5,17,19,3,18,2,13,9,11,10],[13,21,9,1,3,17,19,18,2,5,11,10],[1,17,19,3,2,13,5,21,9,18,11,10],[1,5,9,11],[21,5,9,17,11],[1,13,9,11],[9,13,17,19,5,21,1,3,18,2,11,10],[5,1,9,3,21,13,17,19,2,18,11,10],[17,5,21,9,11],[21,1,17,19,3,18,2,13,5,9,11,10],[17,9,19,1,3,18,2,21,13,5,11,10],[17,13,9,19,5,1,3,18,2,21,11,10],[5,21,17,9,11],[1,21,17,19,3,2,9,5,13,18,11,10],[1,9,3,17,19,2,5,13,21,18,11,10],[13,1,21,9,3,17,19,2,5,18,11,10],[9,21,1,11],[9,13,17,11],[13,9,17,19,1,3,18,2,21,5,11,10],[13,1,5,9,3,21,17,19,2,18,11,10],[17,13,1,3,19,18,2,5,9,21,11,10],[5,13,1,21,17,3,19,2,9,18,11,10],[13,5,21,1,9,3,17,19,18,2,11,10],[21,5,9,17,11],[21,1,5,9,3,13,17,19,2,18,11,10],[13,9,17,11],[17,9,11],[9,1,11],[21,17,5,9,19,1,3,18,2,13,11,10],[13,1,5,17,19,3,18,2,9,21,11,10],[5,21,9,17,11],[13,1,21,17,19,3,2,9,5,18,11,10],[17,1,3,19,2,9,5,21,13,18,11,10],[9,21,13,17,19,5,1,3,18,2,11,10],[21,17,9,19,1,3,18,2,5,13,11,10],[9,5,17,11],[9,13,5,21,1,3,17,19,18,2,11,10],[5,13,17,1,3,19,18,2,21,9,11,10],[9,17,19,13,1,3,18,2,21,5,11,10],[1,9,3,5,13,17,19,18,2,21,11,10],[21,9,13,5,17,19,1,3,2,18,11,10],[13,17,1,19,3,18,2,21,5,9,11,10],[17,13,5,21,1,3,19,18,2,9,11,10],[9,5,17,11],[1,21,17,3,19,2,9,5,13,18,11,10],[5,13,21,1,9,11],[13,9,1,3,21,17,19,2,5,18,11,10],[13,9,21,1,3,17,19,2,5,18,11,10],[9,17,11],[1,13,21,5,17,3,19,18,2,9,11,10],[9,13,1,11],[1,17,19,3,18,2,13,5,21,9,11,10],[21,1,13,5,17,3,19,2,9,18,11,10],[5,9,17,11],[21,13,9,5,17,19,1,3,18,2,11,10],[17,5,21,9,11],[1,5,13,17,19,3,2,21,9,18,11,10],[1,9,11],[21,9,5,13,17,19,1,3,18,2,11,10],[9,21,13,17,11],[9,5,1,3,13,21,17,19,2,18,11,10],[1,17,3,19,18,2,13,5,9,21,11,10],[5,21,17,1,19,3,18,2,13,9,11,10],[13,5,17,9,11],[21,5,1,17,19,3,2,9,13,18,11,10],[17,21,13,9,19,5,1,3,2,18,11,10],[9,21,17,11],[21,9,13,17,19,1,3,18,2,5,11,10],[13,17,1,3,19,2,5,9,21,18,11,10],[5,17,13,21,1,3,19,2,9,18,11,10],[17,1,3,19,2,13,9,21,5,18,11,10],[13,5,21,9,17,11],[9,21,13,5,17,11],[5,13,21,1,17,3,19,18,2,9,11,10],[9,1,11],[9,17,11],[1,21,9,11],[13,9,21,17,19,1,3,18,2,5,11,10],[1,21,13,9,3,5,17,19,18,2,11,10],[13,17,9,19,5,1,3,2,21,18,11,10],[17,13,5,9,19,21,1,3,2,18,11,10],[1,17,3,19,18,2,13,9,5,21,11,10],[1,9,3,17,19,2,21,5,13,18,11,10],[5,9,13,21,17,19,1,3,18,2,11,10],[17,9,19,21,5,1,3,2,13,18,11,10],[17,13,9,19,1,3,18,2,5,21,11,10],[9,13,5,17,11],[5,17,13,21,9,11],[9,13,21,17,11],[17,1,3,19,18,2,9,5,13,21,11,10],[17,13,5,21,9,19,1,3,18,2,11,10],[5,1,9,11],[1,17,3,19,2,13,21,9,5,18,11,10],[5,17,1,19,3,2,21,13,9,18,11,10],[5,9,17,11],[17,9,19,5,21,1,3,2,13,18,11,10],[1,9,3,5,21,13,17,19,18,2,11,10],[9,21,17,11],[17,1,19,3,2,21,5,13,9,18,11,10],[5,9,13,17,19,1,3,18,2,21,11,10],[1,13,21,5,9,3,17,19,2,18,11,10],[1,17,3,19,2,9,21,5,13,18,11,10],[1,13,17,19,3,2,21,5,9,18,11,10],[21,17,5,9,19,13,1,3,2,18,11,10],[13,5,1,17,19,3,18,2,21,9,11,10],[1,17,3,19,18,2,5,9,21,13,11,10],[21,9,13,1,11],[13,9,1,11],[1,9,3,5,13,21,17,19,18,2,11,10],[21,9,13,17,19,5,1,3,2,18,11,10],[21,13,17,5,1,19,3,2,9,18,11,10],[5,9,21,1,11],[13,1,21,9,11],[5,1,17,19,3,18,2,21,9,13,11,10],[21,9,17,11],[21,17,1,3,19,18,2,9,5,13,11,10],[17,21,5,1,3,19,18,2,13,9,11,10],[21,5,1,9,11],[17,13,1,3,19,2,9,21,5,18,11,10],[9,5,21,13,1,3,17,19,2,18,11,10],[9,21,17,19,13,5,1,3,18,2,11,10],[5,21,13,17,9,19,1,3,18,2,11,10],[1,13,9,11],[5,13,9,17,11],[1,13,9,11],[17,21,9,11],[13,17,21,1,19,3,18,2,5,9,11,10],[9,21,17,11],[9,17,19,5,13,21,1,3,18,2,11,10],[17,5,9,11],[21,5,1,13,9,11],[1,9,11],[5,17,1,19,3,18,2,9,13,21,11,10],[21,1,13,17,19,3,2,5,9,18,11,10],[1,21,5,9,3,13,17,19,2,18,11,10],[1,13,5,17,3,19,18,2,9,21,11,10],[1,9,11],[1,13,17,19,3,2,9,21,5,18,11,10],[17,13,21,9,11],[17,13,21,5,9,19,1,3,2,18,11,10],[5,1,21,13,17,3,19,18,2,9,11,10],[17,1,19,3,2,5,9,13,21,18,11,10],[1,17,3,5,19,2,13,21,9,18,11,10],[5,17,9,19,21,13,1,3,2,18,11,10],[17,21,13,9,11],[17,9,11],[21,1,9,3,17,19,2,5,13,18,11,10],[1,17,3,19,18,2,21,13,5,9,11,10],[13,17,9,11],[17,5,9,11],[5,1,17,3,19,2,9,21,13,18,11,10],[13,1,9,3,5,21,17,19,18,2,11,10],[5,9,21,1,3,13,17,19,2,18,11,10],[13,9,1,3,21,5,17,19,2,18,11,10],[17,13,9,11],[1,17,19,3,2,13,5,21,9,18,11,10],[13,17,5,1,19,3,2,21,9,18,11,10],[17,5,1,3,19,18,2,21,13,9,11,10],[21,9,1,3,5,17,19,2,13,18,11,10],[21,1,9,11],[5,13,1,9,11],[13,21,17,5,1,3,19,18,2,9,11,10],[17,13,5,9,19,21,1,3,18,2,11,10],[17,5,9,11],[17,21,5,9,19,1,3,18,2,13,11,10],[13,5,1,9,3,17,19,2,21,18,11,10],[5,17,21,13,1,3,19,2,9,18,11,10],[9,5,1,3,13,17,19,2,21,18,11,10],[21,9,1,3,17,19,2,13,5,18,11,10],[21,1,17,3,19,18,2,5,13,9,11,10],[9,13,17,19,21,1,3,18,2,5,11,10],[13,5,17,9,19,1,3,2,21,18,11,10],[9,17,19,5,1,3,18,2,21,13,11,10],[13,9,5,1,11],[13,17,9,19,5,1,3,18,2,21,11,10],[1,17,3,19,18,2,13,5,9,21,11,10],[13,1,9,11],[5,9,13,1,3,21,17,19,2,18,11,10],[1,17,3,19,18,2,13,5,9,21,11,10],[5,1,21,17,3,19,2,13,9,18,11,10],[5,17,1,3,19,2,13,21,9,18,11,10],[13,17,21,1,19,3,2,9,5,18,11,10],[5,21,1,9,11],[21,13,9,1,3,5,17,19,18,2,11,10],[17,9,11],[13,5,1,21,17,3,19,18,2,9,11,10],[5,1,21,17,3,19,2,13,9,18,11,10],[17,5,13,21,9,11],[21,1,17,19,3,18,2,13,5,9,11,10],[9,5,1,11],[17,13,9,11],[17,13,5,9,11],[13,21,1,17,19,3,2,9,5,18,11,10],[17,13,1,3,19,2,5,9,21,18,11,10],[13,9,5,21,1,3,17,19,2,18,11,10],[17,13,9,11]],"n_human":8}