{"problem_id":"rKddsemHfRa11RW","sigma":150,"alpha":1.000,"cost":4,"probabilities":"[0.04000000000000001, 0.03, 0.52, 0.41]","payoff_matrix":"[[-206, 100, -243, -57, -4, 280], [-288, 176, -4, -96, -199, -321], [90, 164, -53, -97, 42, -199], [-266, 63, 170, -16, -107, -200]]","uncovered":[[19,7,23,11,3,8],[3,15,7,4,19,11,23],[15,3,7,8],[23,3,15,11,7,4,19],[7,15,3,4,19,11,23],[11,15,7,3,4,23,19],[19,11,23,7,3,8],[23,11,7,19,3,8],[23,3,15,11,7,8],[11,19,3,7,4,15,23],[15,19,7,3,8],[15,23,19,7,11,3,4],[23,11,3,7,8],[7,19,11,15,3,4,23],[15,7,23,3,4,19,11],[15,7,19,3,4,11,23],[11,19,7,23,15,3,8],[19,23,11,15,7,3,8],[15,7,3,4,23,19,11],[15,23,19,3,11,7,8],[3,11,15,7,8],[15,23,3,7,8],[23,19,11,15,3,7,4],[15,11,3,23,7,8],[11,3,7,8],[23,15,3,7,8],[7,11,15,19,3,4,23],[23,15,7,3,4,11,19],[7,23,15,11,3,4,19],[7,19,3,8],[7,11,19,3,4,23,15],[23,19,15,11,7,3,8],[23,15,19,7,3,8],[15,23,11,19,3,7,8],[3,19,23,7,4,15,11],[15,3,19,7,4,11,23],[7,11,15,23,19,3,4],[7,11,23,3,4,19,15],[11,23,15,7,3,4,19],[15,3,11,7,8],[23,3,19,7,8],[19,23,7,11,3,4,15],[19,11,7,3,8],[15,11,7,19,23,3,8],[11,15,19,23,3,7,4],[19,7,15,23,3,8],[11,7,19,3,4,15,23],[7,19,11,15,23,3,4],[19,15,11,7,23,3,8],[19,15,11,3,7,8],[19,23,15,3,11,7,4],[23,15,11,19,3,7,8],[11,23,7,15,19,3,4],[15,7,11,23,19,3,4],[23,7,19,11,15,3,4],[3,11,23,19,7,4,15],[19,15,23,7,3,8],[19,3,7,8],[15,11,3,19,23,7,4],[11,3,15,23,19,7,8],[11,19,3,15,7,4,23],[3,7,8,4],[19,23,11,7,15,3,4],[23,11,15,19,7,3,4],[7,3,8,4],[3,15,23,11,19,7,4],[19,3,7,8],[3,23,11,19,15,7,4],[23,11,3,7,4,15,19],[11,23,3,15,19,7,4],[3,11,23,15,7,8],[23,19,7,15,11,3,8],[15,19,23,3,11,7,4],[7,23,15,3,8],[19,3,23,11,15,7,4],[3,7,8,4],[19,11,23,3,15,7,8],[15,23,11,19,7,3,4],[3,23,11,7,8],[23,11,7,15,3,4,19],[19,23,3,11,7,4,15],[15,23,7,19,11,3,4],[11,15,3,23,7,4,19],[19,7,3,8],[15,7,11,3,8],[15,23,7,11,3,4,19],[3,23,7,8],[19,3,23,11,7,4,15],[15,11,7,23,19,3,8],[23,15,11,19,7,3,8],[19,11,15,7,3,4,23],[11,19,23,3,15,7,8],[23,3,11,15,7,4,19],[15,23,11,19,7,3,8],[23,7,19,11,15,3,8],[15,11,7,19,23,3,4],[23,3,11,7,4,15,19],[23,7,11,15,19,3,8],[19,15,11,23,7,3,8],[3,15,19,23,11,7,4],[23,3,7,8],[7,15,19,3,8],[15,3,11,23,19,7,4],[19,23,11,15,3,7,8],[7,23,19,3,8],[3,7,4,11,19,15,23],[19,15,11,23,7,3,4],[19,7,15,11,3,4,23],[19,7,3,4,11,23,15],[19,7,3,8],[19,3,11,15,23,7,4],[23,3,15,7,4,19,11],[19,15,23,11,7,3,8],[7,11,23,19,3,8],[23,11,3,7,8],[23,19,11,15,3,7,8],[15,19,23,3,7,4,11],[7,3,8,4],[7,19,15,11,23,3,8],[3,7,8,4],[19,23,15,11,7,3,8],[3,15,23,7,4,11,19],[7,19,3,8],[23,19,7,15,11,3,8],[3,19,7,4,23,11,15],[7,3,4,15,11,23,19],[11,3,19,23,15,7,4],[15,19,23,3,7,8],[3,19,11,7,4,15,23],[19,3,15,11,7,8],[23,3,7,4,11,19,15],[15,23,3,19,7,8],[15,7,11,23,3,8],[7,15,11,23,3,8],[23,3,7,8],[11,3,19,15,7,4,23],[19,23,11,3,15,7,4],[7,3,8,4],[23,3,19,11,7,4,15],[15,23,11,3,7,4,19],[15,23,7,19,3,4,11],[11,19,3,7,4,23,15],[19,15,3,7,4,11,23],[23,7,3,8],[11,15,23,3,7,4,19],[11,7,23,3,8],[23,15,11,7,3,4,19],[7,3,4,19,15,11,23],[15,7,19,23,3,8],[23,15,7,19,3,8],[3,19,7,4,11,23,15],[11,19,7,15,23,3,4],[7,23,3,4,15,11,19],[7,19,3,4,15,23,11],[11,15,7,3,8],[19,11,7,15,23,3,8],[15,19,23,11,3,7,4],[19,3,11,7,4,15,23],[15,19,11,3,7,4,23],[15,23,3,19,11,7,8],[23,15,11,7,19,3,4],[23,19,11,15,7,3,8],[11,23,15,7,19,3,4],[15,3,19,7,4,11,23],[11,23,3,19,15,7,4],[19,15,7,23,3,4,11],[15,23,11,3,19,7,8],[19,23,15,7,3,4,11],[7,3,4,23,15,19,11],[15,19,11,3,7,8],[23,19,3,15,11,7,8],[11,19,15,3,7,4,23],[15,11,7,19,3,8],[3,7,8,4],[19,7,23,15,3,8],[3,15,11,7,4,23,19],[3,11,19,7,4,23,15],[7,11,15,3,4,23,19],[15,7,23,3,4,19,11],[7,19,23,11,15,3,4],[15,7,19,11,23,3,8],[11,19,7,15,23,3,4],[19,23,7,3,4,11,15],[23,15,3,7,4,19,11],[11,15,3,19,23,7,8],[15,3,11,23,19,7,4],[19,3,15,11,23,7,8],[23,7,3,8],[11,3,7,8],[19,11,7,23,3,4,15],[11,7,23,15,19,3,4],[19,15,23,11,7,3,8],[3,15,19,7,4,23,11],[15,23,3,7,8],[15,3,7,4,19,11,23],[23,11,15,7,3,4,19],[3,7,4,19,23,11,15],[19,7,15,23,11,3,4],[11,23,3,19,15,7,4],[19,23,3,11,7,4,15],[3,23,11,19,7,8],[19,23,7,15,3,8],[11,7,15,23,3,8],[19,11,3,23,15,7,4],[23,7,19,11,15,3,4],[11,19,3,23,7,4,15],[7,3,8,4],[3,19,23,15,7,8],[11,3,7,4,19,23,15],[23,19,7,11,3,8],[3,15,7,8],[23,15,11,7,3,4,19],[11,15,23,19,7,3,4],[3,7,8,4],[23,3,11,15,19,7,4],[11,3,7,8],[11,19,23,7,3,4,15],[3,19,23,15,7,8],[23,7,19,11,15,3,4],[19,7,3,8],[19,7,23,15,3,8],[11,3,15,19,23,7,8],[23,11,7,3,8],[23,19,7,15,11,3,8],[3,7,8,4],[7,19,15,3,4,23,11],[23,15,3,19,11,7,8],[11,3,7,8],[23,11,7,19,3,8],[15,7,3,8],[19,23,3,11,15,7,4],[19,15,7,23,3,4,11],[7,19,15,11,3,8],[3,19,11,7,4,23,15],[7,3,8,4],[19,23,11,15,3,7,4],[19,7,3,4,23,15,11],[7,3,8,4],[15,3,23,7,4,19,11],[19,11,7,23,3,8],[7,11,3,4,19,15,23],[23,15,7,19,3,4,11],[7,3,4,19,11,23,15],[19,15,23,7,3,8],[7,11,19,3,4,23,15],[11,19,3,15,7,4,23],[7,3,8,4],[15,23,19,7,11,3,8],[15,7,11,23,3,4,19],[19,23,15,7,3,8],[19,11,7,23,15,3,8],[23,11,7,19,3,4,15],[11,15,23,19,3,7,4],[11,3,23,7,8],[23,15,7,3,8],[7,15,19,11,23,3,4],[19,15,11,23,3,7,4],[23,3,19,11,15,7,4],[23,19,15,11,3,7,8],[7,11,23,19,3,4,15],[3,11,19,15,23,7,8],[7,3,4,15,19,23,11],[7,19,11,3,8],[15,3,7,4,23,11,19],[7,19,15,23,3,4,11],[15,11,23,7,19,3,4],[7,19,15,3,8],[11,15,7,23,19,3,4],[19,3,11,7,4,15,23],[15,7,3,4,11,23,19],[19,15,23,11,3,7,4],[15,7,19,11,3,8],[7,23,11,19,3,4,15],[3,7,4,11,19,15,23],[11,23,15,3,19,7,4],[15,11,7,19,3,8],[11,7,23,3,4,15,19],[11,3,19,15,7,8],[23,3,11,19,15,7,4],[7,23,11,15,3,4,19],[11,19,15,23,7,3,4],[11,23,3,15,7,8],[3,15,19,11,23,7,4],[15,23,19,3,11,7,8],[3,19,15,11,23,7,8],[7,19,23,3,8],[7,19,23,15,11,3,8],[3,7,4,19,23,15,11],[23,19,3,15,11,7,8],[19,3,7,8],[3,11,19,15,23,7,4],[7,3,4,23,11,19,15],[15,23,7,3,8],[23,11,3,15,7,8],[19,7,11,23,3,8],[23,19,3,11,7,4,15],[7,19,15,3,4,11,23],[19,3,11,15,23,7,4],[19,7,23,11,15,3,8],[23,7,3,4,19,11,15],[3,19,15,23,11,7,4],[7,3,8,4],[3,11,15,19,23,7,4],[19,3,7,4,23,15,11],[19,7,15,11,23,3,8],[23,3,7,4,11,15,19],[7,19,11,3,8],[23,3,19,7,4,11,15],[15,23,19,7,11,3,4],[7,23,15,11,3,4,19],[3,7,8,4],[15,11,23,19,7,3,8],[3,23,15,7,4,11,19],[11,3,15,19,7,8],[7,19,11,3,4,23,15],[7,19,23,11,15,3,8],[19,3,7,8],[3,11,23,19,7,8],[11,3,23,7,8],[19,23,3,15,11,7,4],[7,11,15,19,23,3,8],[23,7,15,19,3,4,11],[7,15,3,8],[19,11,7,15,23,3,8],[11,3,15,7,4,19,23],[11,23,19,3,7,8],[19,3,23,7,4,15,11],[19,3,7,4,23,11,15],[15,23,3,11,19,7,8],[3,15,19,23,11,7,4],[15,23,11,3,7,8],[15,3,7,4,23,11,19],[23,3,19,11,7,8],[19,23,7,11,3,8],[7,3,4,15,19,23,11],[7,11,19,15,23,3,8],[3,7,4,23,11,15,19],[19,11,7,23,3,8],[23,19,11,3,7,8],[3,19,15,11,7,8],[19,15,7,23,3,8],[23,3,7,4,11,19,15],[23,15,11,19,3,7,4],[23,19,7,15,11,3,8],[23,15,7,11,19,3,4],[11,19,7,15,3,4,23],[15,23,19,7,11,3,8],[19,11,15,3,23,7,4],[23,7,15,3,4,11,19],[7,19,11,15,3,8],[15,23,3,19,11,7,8],[3,23,7,4,11,15,19],[11,19,23,7,15,3,4],[23,3,11,7,8],[3,7,4,15,11,19,23],[23,15,7,3,4,19,11],[7,11,19,23,3,4,15],[7,23,11,15,19,3,8],[7,3,8,4],[23,3,11,15,19,7,8],[7,19,11,23,3,4,15],[7,3,8,4],[11,15,19,23,7,3,8],[3,7,4,19,11,23,15],[7,15,3,4,19,11,23],[23,19,15,3,7,8],[19,15,23,7,3,4,11],[3,23,11,19,15,7,8],[19,15,3,23,7,4,11],[7,19,23,11,15,3,4],[11,23,15,19,3,7,8],[3,15,7,4,11,23,19],[3,11,15,23,19,7,8],[23,11,19,7,15,3,8],[23,7,11,15,3,8],[3,19,7,4,15,23,11],[7,23,11,3,8],[19,23,11,15,7,3,4],[3,19,15,7,8],[19,3,11,7,4,23,15],[3,23,19,7,8],[15,11,7,19,23,3,8],[23,11,7,15,3,8],[19,15,7,23,11,3,8],[23,19,3,7,4,11,15],[19,15,7,11,3,4,23],[3,11,15,7,4,23,19],[23,19,3,11,7,8],[19,11,3,15,23,7,8],[3,7,4,11,15,19,23],[11,23,7,3,8],[23,15,11,19,7,3,4],[11,23,3,7,8],[23,19,15,7,3,8],[15,11,23,3,19,7,4],[19,7,11,15,3,8],[7,15,19,11,3,8],[15,7,19,23,11,3,8],[23,3,11,15,7,8],[3,7,4,11,19,23,15],[19,7,11,15,23,3,4],[11,7,23,19,15,3,8],[15,23,3,7,4,11,19],[15,7,19,11,23,3,8],[7,3,4,23,11,19,15],[19,15,23,7,11,3,4],[23,15,7,11,3,8],[7,3,8,4],[19,7,23,15,3,4,11],[7,15,3,8],[19,23,7,3,8],[23,15,7,3,4,19,11],[19,15,11,7,3,8],[15,11,23,3,7,4,19],[15,23,3,19,11,7,8],[7,15,19,23,3,4,11],[15,7,19,11,23,3,8],[19,11,3,23,15,7,4],[15,23,11,7,19,3,8],[23,7,11,15,19,3,4],[3,23,15,19,7,4,11],[11,19,15,3,23,7,4],[11,15,23,3,19,7,4],[23,19,7,15,11,3,4],[19,15,7,23,11,3,8],[23,11,15,19,7,3,4],[11,15,23,19,7,3,8],[7,11,19,23,3,8],[11,3,19,7,4,23,15],[11,7,23,19,15,3,4],[7,15,19,3,4,11,23],[11,7,23,19,3,8],[19,15,7,23,11,3,8],[23,11,15,19,3,7,8],[15,11,19,7,23,3,4],[7,19,3,8],[23,7,11,19,3,4,15],[15,23,7,3,8],[11,7,19,3,4,15,23],[3,7,4,11,15,19,23],[15,11,3,7,8],[15,23,7,11,19,3,8],[15,3,19,23,7,4,11],[7,23,11,3,8],[19,11,15,3,23,7,4],[11,23,19,3,7,4,15],[23,15,7,3,4,19,11],[15,23,3,19,11,7,8],[15,19,11,7,3,4,23],[15,7,19,11,23,3,8],[11,19,3,15,23,7,8],[15,23,7,19,11,3,4],[3,7,8,4],[23,7,3,4,19,15,11],[23,3,11,15,19,7,8],[7,15,19,3,8],[23,15,7,19,11,3,8],[15,11,19,3,23,7,4],[23,7,19,11,15,3,4],[3,15,7,8],[7,19,3,8],[15,3,7,8],[23,19,15,3,11,7,4],[7,15,23,19,11,3,8],[15,19,23,7,3,8],[11,7,19,3,4,23,15],[11,19,23,7,15,3,4],[7,15,19,3,4,11,23],[7,19,11,23,15,3,4],[3,7,4,19,15,11,23],[3,19,23,11,7,4,15],[11,19,7,3,8],[23,11,3,19,15,7,4],[11,7,3,8],[15,11,7,19,3,4,23],[19,7,15,3,4,11,23],[7,19,15,3,4,11,23],[23,7,15,3,4,11,19],[19,15,11,3,23,7,8],[7,11,3,8],[11,19,15,7,3,8],[15,11,3,7,8],[11,15,19,7,3,4,23],[3,15,23,19,11,7,4],[19,15,7,11,23,3,8],[23,7,15,3,8],[3,19,11,7,8],[11,15,3,7,4,19,23],[3,11,19,15,7,8],[3,7,4,15,11,23,19],[15,7,11,23,3,4,19],[3,23,19,11,7,8],[23,19,11,3,15,7,4],[19,7,23,15,3,4,11],[3,19,11,15,7,8],[23,7,15,3,8],[11,19,23,15,3,7,8],[19,11,15,23,7,3,8],[15,19,23,3,7,4,11],[19,3,15,23,11,7,4],[23,7,11,3,4,19,15],[19,11,15,23,3,7,8],[19,15,7,3,8],[23,15,11,7,19,3,8],[7,3,8,4],[7,11,3,4,23,19,15],[7,19,3,4,11,15,23],[7,15,19,11,23,3,4],[7,3,8,4],[23,19,11,15,7,3,8],[19,23,15,11,3,7,8],[15,19,23,3,11,7,4],[11,23,15,19,7,3,8],[7,11,3,4,19,23,15],[15,23,19,3,11,7,4],[23,11,7,15,3,8],[23,7,3,8],[7,3,4,15,23,11,19],[23,11,19,15,3,7,8],[19,11,15,7,23,3,8],[19,3,15,7,8],[23,19,15,3,7,4,11],[11,19,7,15,23,3,8],[3,7,4,15,23,19,11],[7,23,15,19,3,8],[19,15,11,23,3,7,4],[3,23,15,11,7,4,19],[15,19,7,23,3,8],[11,19,15,23,7,3,4],[19,3,11,23,7,8],[15,19,23,3,11,7,4],[3,11,19,15,23,7,4],[3,19,11,23,15,7,4],[23,3,19,11,15,7,8],[7,19,23,15,11,3,8],[15,19,3,23,7,4,11],[19,15,3,23,11,7,8],[7,3,4,19,15,11,23],[7,3,4,23,11,15,19],[15,7,3,4,19,23,11],[15,11,7,23,19,3,4],[15,7,3,8],[23,19,15,7,3,4,11],[11,23,3,19,15,7,8],[23,11,15,3,19,7,8],[11,19,7,15,23,3,8],[7,23,15,3,8],[15,7,3,8],[11,19,7,3,4,15,23],[7,19,23,3,8],[15,7,23,3,4,11,19],[11,7,15,19,3,4,23],[11,15,7,19,3,4,23],[15,7,19,3,8],[23,11,19,15,7,3,4],[15,19,7,3,4,11,23],[7,15,19,3,4,23,11],[15,19,11,7,3,4,23],[15,7,23,19,3,8],[23,3,7,4,19,15,11],[11,19,7,3,8],[19,3,15,11,7,4,23],[15,19,11,3,7,8],[23,15,7,3,4,19,11],[15,19,7,11,3,8],[3,23,7,4,11,15,19],[11,19,3,23,15,7,4],[7,3,8,4],[23,7,3,8],[7,19,23,3,4,15,11],[7,15,11,3,4,19,23],[11,19,23,15,3,7,8],[15,23,3,7,4,19,11],[3,15,11,7,4,23,19],[7,19,11,15,23,3,4],[3,23,15,11,19,7,4],[23,3,7,8],[7,11,19,15,3,8],[19,3,23,11,15,7,4],[19,15,7,11,23,3,4],[3,11,7,4,23,19,15],[15,19,23,11,7,3,4],[23,7,15,3,4,11,19],[19,15,23,7,11,3,8],[11,7,19,3,4,23,15],[15,19,11,3,23,7,4],[11,3,23,15,19,7,8],[11,19,23,7,15,3,4],[7,3,4,11,15,19,23],[3,7,8,4],[11,7,23,15,19,3,4],[7,23,3,4,19,15,11],[15,19,3,7,4,11,23],[23,7,15,19,11,3,4],[3,11,23,15,7,4,19],[23,3,19,7,4,11,15],[7,11,23,19,3,4,15],[7,19,23,11,15,3,4],[19,11,15,23,3,7,4],[3,19,7,8],[3,11,19,7,4,15,23],[3,19,11,23,7,8],[11,23,7,19,3,8],[19,3,23,11,7,4,15],[11,23,15,7,3,4,19],[7,19,3,4,23,15,11],[19,7,15,11,3,8],[7,19,23,3,4,11,15],[11,15,7,19,23,3,8],[3,7,4,15,11,23,19],[7,23,11,19,15,3,8],[11,15,23,3,19,7,4],[3,11,23,7,4,15,19],[15,3,7,8],[15,11,23,3,7,8],[7,19,15,23,11,3,4],[3,7,4,11,23,15,19],[23,7,19,15,11,3,4],[19,11,3,7,4,23,15],[3,11,23,7,4,15,19],[3,7,8,4],[11,19,7,3,4,15,23],[11,15,7,3,4,23,19],[23,19,3,11,7,8],[3,15,7,4,11,19,23],[11,15,3,19,23,7,4],[7,15,19,11,3,8],[23,7,11,3,4,19,15],[11,15,3,7,8],[7,19,3,8],[11,3,23,7,8],[11,7,23,3,4,15,19],[15,3,7,4,11,19,23],[23,11,7,3,8],[19,23,3,11,15,7,4],[15,19,3,23,7,8],[11,15,7,3,4,19,23],[7,15,19,23,3,4,11],[19,11,15,23,3,7,8],[15,11,23,7,3,4,19],[3,15,23,19,11,7,4],[7,19,23,3,8],[7,19,3,8],[11,19,7,15,23,3,4],[11,19,7,15,3,8],[3,23,11,15,19,7,4],[3,23,7,4,15,11,19],[19,3,23,11,15,7,4],[23,3,7,4,15,19,11],[3,23,7,4,11,15,19],[11,15,3,23,19,7,4],[7,11,19,3,8],[3,19,7,4,15,23,11],[11,19,3,23,15,7,4],[7,23,19,11,15,3,4],[3,19,11,7,4,15,23],[19,23,11,3,15,7,8],[11,3,19,7,4,15,23],[3,7,8,4],[3,7,4,23,11,19,15],[15,3,11,7,4,19,23],[23,11,15,7,3,8],[19,7,3,4,11,23,15],[3,19,11,15,7,8],[7,23,3,4,15,19,11],[11,3,23,7,8],[19,23,3,15,11,7,4],[15,23,11,7,3,4,19],[11,19,15,3,7,4,23],[7,11,23,3,8],[15,7,23,19,11,3,8],[3,11,15,23,19,7,8],[23,19,7,11,15,3,8],[11,3,7,4,19,15,23],[11,3,19,15,23,7,4],[23,11,7,15,19,3,8],[19,11,15,23,7,3,8],[7,3,8,4],[7,23,3,4,15,19,11],[7,3,4,15,19,11,23],[11,3,23,19,15,7,4],[19,11,15,3,7,4,23],[11,23,15,3,19,7,8],[11,19,23,3,7,8],[23,7,19,3,8],[19,11,15,23,7,3,8],[23,15,3,11,19,7,8],[23,7,15,3,8],[7,23,19,11,15,3,8],[23,7,15,11,3,8],[7,19,3,8],[23,15,11,3,7,4,19],[19,7,3,8],[3,23,7,4,11,19,15],[19,15,3,23,7,8],[15,11,23,7,19,3,4],[7,19,23,11,3,8],[7,11,19,15,3,4,23],[3,23,19,15,7,8],[11,19,15,23,7,3,4],[19,23,11,15,7,3,4],[15,3,11,23,19,7,4],[7,11,19,15,3,8],[19,11,7,3,8],[15,23,7,3,4,19,11],[7,19,15,3,4,23,11],[7,11,19,23,3,4,15],[3,23,15,19,11,7,4],[19,11,15,7,3,8],[23,11,7,19,3,8],[7,3,8,4],[11,19,7,3,4,15,23],[3,11,7,4,15,23,19],[23,15,11,3,7,8],[7,3,4,11,19,23,15],[11,19,3,7,4,15,23],[23,7,15,19,3,8],[7,19,11,15,3,8],[11,23,7,3,4,19,15],[23,19,7,15,3,4,11],[19,7,3,8],[23,11,3,15,7,8],[11,3,19,7,4,15,23],[11,23,15,3,19,7,4],[15,23,3,19,7,4,11],[3,7,8,4],[15,11,19,23,3,7,4],[7,3,4,15,19,23,11],[7,3,4,11,19,15,23],[11,15,19,3,7,8],[7,23,11,3,4,19,15],[19,3,23,7,8],[11,19,15,7,23,3,4],[15,3,11,19,7,8],[7,23,15,19,11,3,8],[3,15,19,23,7,8],[15,19,3,23,7,4,11],[11,7,3,8],[15,11,3,23,19,7,4],[23,11,15,7,3,8],[15,23,11,3,7,4,19],[19,3,7,8],[19,23,11,15,7,3,4],[3,7,8,4],[7,15,11,19,3,8],[19,3,23,15,7,8],[7,19,11,23,3,8],[7,19,3,4,23,11,15],[23,7,19,3,4,11,15],[19,3,7,4,15,11,23],[7,19,3,8],[19,23,15,11,3,7,4],[7,11,19,23,15,3,8],[19,3,7,4,23,15,11],[7,3,4,15,11,23,19],[7,23,3,8],[15,7,11,19,3,4,23],[15,19,11,3,7,8],[19,15,11,3,7,8],[19,15,7,23,11,3,4],[15,23,11,7,3,8],[15,19,23,3,11,7,4],[11,15,3,7,8],[11,3,15,19,23,7,8],[15,19,11,7,23,3,4],[3,19,7,4,15,11,23],[15,7,19,11,3,8],[11,3,15,7,8],[11,3,19,23,7,4,15],[23,7,11,19,15,3,8],[15,11,3,7,4,19,23],[11,23,15,7,3,4,19],[15,3,11,23,7,4,19],[19,15,7,23,3,8],[15,19,3,23,7,8],[19,3,7,4,11,23,15],[23,19,3,15,7,8],[15,19,3,7,8],[23,11,19,15,7,3,8],[15,11,7,3,8],[3,23,15,7,8],[23,3,15,11,7,8],[11,3,7,4,19,23,15],[3,15,19,23,7,8],[3,15,11,23,7,4,19],[7,23,11,3,8],[23,7,19,3,8],[11,15,19,3,23,7,8],[11,15,23,3,19,7,8],[15,19,3,11,23,7,4],[3,11,23,19,15,7,4],[7,3,4,15,23,19,11],[15,11,19,23,3,7,8],[15,19,3,11,23,7,8],[19,11,7,23,3,8],[11,23,7,19,3,4,15],[15,19,7,11,3,8],[7,11,23,3,8],[3,23,15,11,7,8],[11,19,15,7,23,3,4],[15,3,11,23,19,7,4],[3,7,4,15,11,19,23],[7,19,15,11,3,8],[19,23,7,3,4,11,15],[19,11,3,23,15,7,4],[7,3,8,4],[11,3,23,19,15,7,8],[3,23,19,11,7,8],[3,19,7,4,11,23,15],[19,3,23,15,7,8],[23,7,3,4,15,11,19],[3,23,19,15,11,7,8],[19,15,23,3,11,7,4],[3,19,15,11,23,7,4],[7,23,11,3,4,15,19],[7,19,3,4,11,23,15],[15,11,23,7,3,4,19],[11,15,19,3,23,7,8],[15,11,3,19,7,8],[7,15,11,19,3,4,23],[11,23,7,3,4,19,15],[3,19,15,11,7,4,23],[19,3,15,23,7,4,11],[15,23,3,19,11,7,8],[3,19,11,7,8],[3,19,15,23,7,4,11],[23,3,15,11,19,7,4],[23,19,15,11,3,7,8],[3,11,19,15,23,7,8],[3,15,23,7,8],[11,15,23,3,19,7,8],[15,11,3,7,4,23,19],[3,19,11,23,15,7,4],[11,7,15,19,3,8],[15,3,23,11,19,7,8],[15,7,23,19,3,4,11],[7,11,23,3,8],[19,23,11,7,3,4,15],[19,23,7,11,15,3,8],[23,7,19,11,3,8],[3,7,8,4],[11,3,15,19,7,4,23],[23,11,3,19,7,8],[19,7,15,3,4,11,23],[23,15,3,19,11,7,8],[11,7,3,4,15,23,19],[3,19,11,23,15,7,8],[7,23,11,19,15,3,4],[11,3,19,7,4,15,23],[7,15,11,23,3,8],[7,15,19,11,3,8],[19,3,11,15,7,8],[23,3,15,7,8],[11,7,19,15,23,3,4],[19,3,23,7,8],[23,19,7,3,4,11,15],[7,23,19,11,3,4,15],[19,15,23,3,11,7,8],[3,15,7,4,23,11,19],[19,11,23,15,3,7,8],[7,3,4,23,11,19,15],[19,15,11,7,23,3,4],[19,15,7,11,3,8],[7,23,15,11,19,3,8],[7,3,4,23,15,19,11],[23,15,19,3,11,7,4],[23,11,3,15,19,7,8],[23,3,7,8],[11,3,19,15,23,7,8],[23,19,11,15,3,7,4],[3,11,7,8],[19,11,23,3,7,4,15],[7,23,15,19,11,3,4],[7,3,8,4],[19,11,23,3,7,4,15],[3,11,19,23,15,7,8],[23,15,3,7,4,11,19],[7,3,8,4],[23,3,19,11,15,7,8],[3,15,19,11,23,7,4],[7,11,23,3,8],[11,19,3,15,23,7,4],[3,19,23,11,7,4,15],[23,7,19,3,4,15,11],[11,23,15,19,3,7,4],[19,11,3,15,23,7,8],[19,11,7,15,3,8],[23,3,19,7,4,11,15],[15,19,11,7,3,4,23],[3,23,15,7,4,19,11],[11,23,3,7,8],[11,3,7,8],[15,7,3,4,11,23,19],[3,15,11,23,7,8],[7,19,15,23,3,4,11],[15,23,3,7,4,11,19],[15,19,11,23,7,3,4],[11,7,23,15,19,3,8],[3,19,7,8],[7,15,3,8],[3,11,19,7,4,15,23],[23,19,7,3,4,15,11],[15,19,7,11,23,3,4],[15,11,19,7,3,4,23],[3,23,19,11,7,4,15],[11,15,19,7,3,8],[11,7,23,3,8],[23,19,15,11,7,3,8],[7,19,23,11,3,4,15],[23,11,15,3,7,8],[3,11,7,8],[11,15,7,3,8],[3,7,8,4],[15,3,7,8],[7,23,11,15,19,3,4],[15,19,23,3,11,7,4],[23,19,3,7,8],[23,19,7,11,3,8],[11,19,7,3,8],[19,7,15,23,3,8],[11,15,7,19,23,3,4],[23,11,7,15,3,8],[7,11,23,19,15,3,4],[19,7,3,4,11,15,23],[11,3,7,4,23,15,19],[11,15,19,7,3,4,23],[7,15,3,4,11,23,19],[3,11,7,8],[15,23,3,11,7,4,19],[19,15,3,11,7,4,23],[19,3,7,4,23,15,11],[19,11,15,23,3,7,8],[3,19,15,7,4,23,11],[7,19,15,11,3,8],[3,15,7,4,19,23,11],[11,15,3,7,4,23,19],[23,15,11,19,7,3,4],[3,23,11,7,8],[3,11,7,8],[7,3,4,19,23,11,15],[15,23,11,3,7,4,19],[3,15,11,19,23,7,8],[7,11,23,15,19,3,4],[19,11,15,23,7,3,4],[7,15,11,23,3,8],[15,11,19,3,7,4,23],[3,7,4,11,15,19,23],[11,3,23,7,8],[19,23,15,11,7,3,4],[7,11,15,19,3,4,23],[15,19,3,7,8],[7,11,15,3,8],[23,15,7,19,11,3,8],[23,15,7,11,19,3,4],[23,7,3,4,19,11,15],[11,3,19,15,7,4,23],[19,7,15,11,23,3,8],[23,3,7,8],[19,7,15,3,4,23,11],[7,3,8,4],[7,19,3,4,15,11,23],[3,11,15,23,7,8],[7,11,15,19,3,4,23],[23,15,3,11,7,4,19],[3,15,23,7,8],[23,7,11,19,15,3,8],[3,15,23,11,7,4,19],[15,23,11,7,3,4,19],[19,15,23,7,3,4,11],[15,11,7,3,8],[7,11,3,8],[15,3,11,19,7,4,23],[19,15,23,11,7,3,4],[23,15,7,11,19,3,8],[3,11,23,7,8],[19,7,23,11,15,3,4],[19,3,11,7,4,15,23],[3,19,15,11,7,8],[23,15,3,7,4,19,11],[3,11,15,7,4,19,23],[3,23,15,19,7,8],[7,23,15,19,11,3,8],[7,19,3,4,23,11,15],[19,3,11,15,7,8],[23,7,11,19,15,3,8],[19,7,11,3,8],[11,23,15,7,19,3,8],[15,3,7,8],[23,15,19,11,7,3,8],[15,3,7,8],[19,3,11,15,23,7,4],[3,23,19,15,7,4,11],[23,3,7,8],[19,7,23,11,3,8],[3,23,7,8],[15,19,3,7,8],[7,3,4,11,15,19,23],[15,3,23,7,8],[7,19,15,3,8],[23,15,11,19,3,7,8]],"n_human":12}