{"problem_id":"xntWM10AAO12AHb","sigma":150,"alpha":10.000,"cost":1,"probabilities":"[0.31, 0.14, 0.36, 0.19]","payoff_matrix":"[[30, 353, 120, 49, -202, -30], [-279, -93, 146, -186, 286, 48], [64, -212, -69, -354, 62, -33], [73, -56, 19, -93, -157, -214]]","uncovered":[[11,15,7,23,19,3,17,1,21,9,4],[23,7,11,15,19,3,17,1,21,9,12,4],[7,11,19,15,23,3,17,1,21,9,4],[7,15,23,19,11,3,17,1,21,9,12,4],[19,7,3,1,17,23,15,11,21,9,4],[19,11,23,7,3,1,17,15,21,9,4],[11,7,19,15,3,1,17,23,21,9,12,4],[19,15,23,11,3,1,17,7,21,9,4],[3,11,19,17,7,23,15,1,21,9,4],[7,15,23,3,11,19,17,21,1,9,4],[3,7,19,17,15,11,23,1,21,9,12,4],[23,3,7,15,19,17,11,21,1,9,12,4],[15,23,3,19,17,11,7,21,1,9,4],[7,23,15,3,11,19,17,21,1,9,12,4],[19,11,3,1,17,15,7,23,21,9,4],[11,19,7,23,15,3,1,17,21,9,4],[19,23,15,7,11,3,1,17,21,9,4],[23,7,3,19,17,15,11,1,21,9,4],[15,19,11,7,23,3,17,21,1,9,12,4],[19,7,11,23,15,3,17,21,1,9,4],[19,23,11,3,17,7,15,21,1,9,12,4],[23,7,19,3,17,15,11,1,21,9,4],[3,23,15,19,17,7,11,1,21,9,12,4],[19,23,15,7,11,3,1,17,21,9,12,4],[3,7,23,11,15,19,17,21,1,9,4],[15,3,7,19,17,23,11,1,21,9,12,4],[7,23,3,11,15,19,17,1,21,9,4],[11,15,7,23,3,19,17,21,1,9,12,4],[3,11,15,7,19,1,17,23,21,9,12,4],[3,23,11,7,15,19,1,17,21,9,12,4],[15,7,23,19,11,3,1,17,21,9,4],[7,3,15,11,19,17,23,21,1,9,12,4],[3,11,7,15,19,1,17,23,21,9,4],[7,23,11,19,3,1,17,15,21,9,12,4],[3,11,7,23,15,19,1,17,21,9,12,4],[11,7,19,3,1,17,15,23,21,9,12,4],[3,11,15,19,1,17,7,23,21,9,4],[23,11,19,7,3,1,17,15,21,9,12,4],[11,15,3,23,19,17,7,1,21,9,4],[19,11,3,17,23,15,7,21,1,9,12,4],[19,11,3,17,7,15,23,21,1,9,4],[3,19,1,17,7,15,23,11,21,9,4],[15,23,19,11,7,3,17,21,1,9,12,4],[11,3,19,17,15,7,23,1,21,9,4],[19,11,7,23,3,1,17,15,21,9,4],[7,3,23,19,1,17,15,11,21,9,12,4],[15,3,7,19,1,17,11,23,21,9,12,4],[3,7,19,17,11,23,15,21,1,9,12,4],[11,15,3,19,1,17,23,7,21,9,4],[23,7,19,3,17,15,11,21,1,9,12,4],[19,15,11,3,1,17,7,23,21,9,12,4],[23,15,3,11,19,1,17,7,21,9,4],[3,11,15,19,1,17,7,23,21,9,4],[11,19,3,1,17,15,23,7,21,9,12,4],[23,7,15,3,19,17,11,1,21,9,12,4],[23,11,7,3,19,17,15,21,1,9,4],[19,7,23,11,15,3,1,17,21,9,4],[3,11,15,19,1,17,7,23,21,9,12,4],[3,15,19,17,7,11,23,1,21,9,12,4],[19,11,7,15,23,3,1,17,21,9,12,4],[7,15,11,19,23,3,17,21,1,9,12,4],[7,11,3,19,1,17,23,15,21,9,12,4],[3,7,15,11,19,1,17,23,21,9,12,4],[3,11,19,17,23,15,7,21,1,9,4],[3,11,19,17,15,7,23,1,21,9,4],[11,15,19,23,7,3,1,17,21,9,4],[3,7,15,11,23,19,1,17,21,9,4],[23,19,3,17,15,11,7,1,21,9,4],[3,23,7,15,11,19,17,21,1,9,4],[19,7,23,11,3,17,15,21,1,9,4],[19,23,11,3,1,17,15,7,21,9,4],[19,23,3,17,11,15,7,1,21,9,4],[3,15,11,19,1,17,7,23,21,9,12,4],[19,3,1,17,23,15,11,7,21,9,4],[23,3,15,19,1,17,11,7,21,9,12,4],[7,19,15,11,23,3,17,1,21,9,12,4],[11,7,3,19,1,17,23,15,21,9,12,4],[3,7,11,19,17,15,23,1,21,9,4],[19,15,11,3,17,7,23,21,1,9,12,4],[23,3,7,15,19,17,11,21,1,9,4],[3,19,1,17,11,7,23,15,21,9,4],[19,11,3,1,17,15,23,7,21,9,12,4],[11,23,19,15,7,3,1,17,21,9,4],[3,19,17,11,15,23,7,21,1,9,4],[3,11,7,19,17,23,15,1,21,9,4],[3,23,15,7,19,17,11,21,1,9,4],[19,11,7,23,3,1,17,15,21,9,12,4],[3,23,11,15,7,19,1,17,21,9,4],[11,23,7,3,15,19,1,17,21,9,4],[7,23,15,11,19,3,1,17,21,9,4],[23,19,3,1,17,15,7,11,21,9,12,4],[19,15,3,17,7,23,11,1,21,9,4],[11,23,3,19,1,17,15,7,21,9,4],[7,19,3,17,15,23,11,21,1,9,4],[19,23,15,11,7,3,17,1,21,9,12,4],[15,7,19,23,3,1,17,11,21,9,12,4],[19,3,1,17,11,23,7,15,21,9,4],[19,15,23,7,3,17,11,21,1,9,12,4],[19,7,15,11,3,17,23,21,1,9,12,4],[23,7,3,19,1,17,11,15,21,9,4],[19,15,3,1,17,23,7,11,21,9,12,4],[11,23,3,7,15,19,1,17,21,9,12,4],[15,23,11,19,7,3,1,17,21,9,4],[3,15,23,7,19,17,11,1,21,9,12,4],[3,23,15,11,19,1,17,7,21,9,12,4],[3,11,23,19,1,17,15,7,21,9,4],[3,19,17,23,11,7,15,1,21,9,4],[15,7,23,3,11,19,17,1,21,9,12,4],[7,11,15,23,3,19,1,17,21,9,12,4],[3,23,15,11,7,19,17,1,21,9,12,4],[19,7,11,23,15,3,17,1,21,9,4],[19,7,3,1,17,23,11,15,21,9,4],[3,7,23,19,1,17,15,11,21,9,4],[7,15,11,3,23,19,1,17,21,9,4],[15,3,19,1,17,23,7,11,21,9,4],[7,15,3,23,19,1,17,11,21,9,4],[15,19,23,7,11,3,17,1,21,9,12,4],[7,19,23,3,17,11,15,21,1,9,12,4],[3,7,11,15,23,19,1,17,21,9,4],[11,3,7,19,17,23,15,21,1,9,4],[15,23,3,11,19,17,7,21,1,9,4],[11,23,15,19,3,1,17,7,21,9,4],[23,3,15,11,19,1,17,7,21,9,12,4],[15,23,11,3,19,1,17,7,21,9,12,4],[7,15,3,23,11,19,1,17,21,9,12,4],[15,7,19,3,17,23,11,21,1,9,12,4],[23,3,7,11,19,17,15,1,21,9,12,4],[15,7,23,19,11,3,1,17,21,9,4],[3,15,19,17,7,11,23,1,21,9,12,4],[19,15,23,3,1,17,11,7,21,9,4],[23,7,15,11,3,19,17,21,1,9,4],[3,11,7,15,23,19,1,17,21,9,4],[11,7,3,15,23,19,1,17,21,9,12,4],[19,15,3,17,7,11,23,21,1,9,4],[11,3,7,23,15,19,1,17,21,9,12,4],[19,23,11,7,3,1,17,15,21,9,4],[7,3,23,19,17,11,15,1,21,9,12,4],[19,11,23,15,3,17,7,1,21,9,4],[19,11,7,3,1,17,23,15,21,9,4],[15,7,3,19,1,17,11,23,21,9,12,4],[7,3,19,1,17,23,15,11,21,9,4],[15,11,7,3,19,1,17,23,21,9,12,4],[19,23,15,3,1,17,11,7,21,9,12,4],[23,19,11,7,3,17,15,1,21,9,4],[11,19,3,17,15,23,7,21,1,9,12,4],[19,11,7,23,3,1,17,15,21,9,4],[15,19,11,3,17,23,7,21,1,9,12,4],[19,15,3,17,11,23,7,21,1,9,12,4],[3,23,7,19,17,15,11,21,1,9,12,4],[19,3,1,17,11,7,23,15,21,9,12,4],[3,11,23,19,17,15,7,21,1,9,12,4],[11,3,15,23,19,17,7,1,21,9,4],[23,3,15,7,19,1,17,11,21,9,12,4],[15,19,23,11,3,17,7,1,21,9,4],[15,19,7,3,1,17,23,11,21,9,12,4],[23,3,11,7,19,1,17,15,21,9,4],[11,7,15,23,3,19,1,17,21,9,12,4],[19,7,15,23,11,3,1,17,21,9,12,4],[15,19,3,17,11,7,23,1,21,9,4],[11,3,15,19,17,7,23,1,21,9,12,4],[7,19,23,3,17,11,15,21,1,9,12,4],[23,19,7,3,17,11,15,1,21,9,4],[3,23,15,7,11,19,17,1,21,9,4],[19,23,7,3,1,17,11,15,21,9,4],[15,19,7,23,3,17,11,21,1,9,4],[23,7,11,3,15,19,1,17,21,9,4],[3,11,23,19,1,17,15,7,21,9,4],[7,19,23,3,1,17,15,11,21,9,4],[3,23,11,19,1,17,15,7,21,9,4],[11,7,23,19,3,1,17,15,21,9,4],[23,11,15,19,3,1,17,7,21,9,4],[3,15,23,7,11,19,1,17,21,9,12,4],[23,7,11,19,3,17,15,21,1,9,12,4],[11,7,3,15,23,19,17,1,21,9,4],[23,3,7,11,15,19,17,1,21,9,12,4],[19,23,15,11,7,3,17,21,1,9,12,4],[11,15,23,7,19,3,17,1,21,9,12,4],[19,23,11,3,17,7,15,1,21,9,4],[15,7,11,23,19,3,17,1,21,9,12,4],[7,3,23,19,17,15,11,1,21,9,12,4],[11,3,7,15,19,1,17,23,21,9,4],[15,7,19,11,3,1,17,23,21,9,12,4],[7,3,19,17,15,11,23,1,21,9,4],[15,3,19,1,17,7,23,11,21,9,4],[19,3,1,17,23,11,15,7,21,9,12,4],[15,23,11,19,7,3,1,17,21,9,4],[3,19,17,23,11,15,7,1,21,9,4],[19,3,17,23,11,15,7,1,21,9,12,4],[11,7,3,23,19,1,17,15,21,9,4],[23,3,7,11,15,19,1,17,21,9,12,4],[23,7,11,15,19,3,17,1,21,9,12,4],[3,11,7,23,19,1,17,15,21,9,4],[15,3,11,7,23,19,17,21,1,9,4],[3,7,11,19,17,23,15,1,21,9,4],[3,19,1,17,15,11,23,7,21,9,12,4],[3,19,1,17,7,11,15,23,21,9,4],[7,11,19,15,23,3,1,17,21,9,4],[23,7,11,19,3,1,17,15,21,9,12,4],[23,11,7,15,19,3,17,21,1,9,12,4],[15,19,3,1,17,7,23,11,21,9,12,4],[23,15,3,19,1,17,7,11,21,9,12,4],[15,11,19,3,1,17,23,7,21,9,4],[3,19,17,23,11,15,7,1,21,9,4],[3,7,15,11,23,19,1,17,21,9,4],[19,11,7,23,15,3,1,17,21,9,4],[3,23,15,11,7,19,17,1,21,9,4],[7,3,15,11,23,19,17,21,1,9,12,4],[23,11,19,15,7,3,17,1,21,9,4],[23,19,3,1,17,15,7,11,21,9,4],[19,11,15,23,7,3,17,21,1,9,4],[11,3,15,23,19,17,7,21,1,9,12,4],[7,15,11,3,23,19,17,21,1,9,12,4],[7,19,15,23,11,3,17,1,21,9,4],[7,19,15,3,17,23,11,21,1,9,12,4],[11,7,3,19,1,17,15,23,21,9,12,4],[3,7,23,15,19,17,11,21,1,9,4],[23,3,15,7,11,19,17,21,1,9,12,4],[23,3,15,19,17,7,11,1,21,9,4],[7,15,3,19,17,23,11,1,21,9,12,4],[19,15,11,23,3,17,7,1,21,9,12,4],[11,15,3,19,17,7,23,21,1,9,12,4],[15,3,7,23,11,19,1,17,21,9,4],[11,7,3,23,19,17,15,1,21,9,4],[15,11,23,19,7,3,17,1,21,9,4],[7,15,3,11,23,19,17,21,1,9,4],[19,3,17,7,15,11,23,21,1,9,4],[19,23,15,7,11,3,17,1,21,9,12,4],[7,11,3,15,23,19,1,17,21,9,4],[23,3,11,15,7,19,17,21,1,9,12,4],[11,7,19,23,15,3,17,21,1,9,4],[19,15,11,7,23,3,1,17,21,9,4],[3,23,11,19,17,7,15,1,21,9,4],[11,19,3,17,7,23,15,1,21,9,4],[11,15,3,23,19,17,7,21,1,9,12,4],[23,15,7,19,3,1,17,11,21,9,4],[19,7,23,15,3,17,11,1,21,9,4],[23,3,19,17,11,7,15,21,1,9,12,4],[15,7,3,19,1,17,11,23,21,9,12,4],[11,7,23,19,15,3,17,21,1,9,4],[15,7,19,11,23,3,17,21,1,9,12,4],[3,11,23,19,17,15,7,21,1,9,4],[7,19,3,17,15,11,23,21,1,9,12,4],[15,23,19,7,3,17,11,1,21,9,4],[23,11,7,19,3,1,17,15,21,9,4],[15,3,7,19,17,23,11,21,1,9,4],[15,3,11,23,19,17,7,1,21,9,4],[7,23,15,11,19,3,1,17,21,9,4],[23,15,11,7,3,19,17,21,1,9,4],[19,23,7,11,3,1,17,15,21,9,12,4],[19,11,15,7,23,3,1,17,21,9,4],[3,19,17,15,7,11,23,1,21,9,4],[7,15,19,11,23,3,1,17,21,9,4],[3,23,11,15,19,1,17,7,21,9,12,4],[19,11,15,23,3,17,7,1,21,9,4],[11,3,7,15,19,1,17,23,21,9,12,4],[11,7,3,15,23,19,17,21,1,9,4],[15,7,3,19,17,11,23,21,1,9,4],[23,7,15,19,11,3,1,17,21,9,4],[19,11,15,3,1,17,23,7,21,9,12,4],[11,23,19,15,7,3,17,21,1,9,12,4],[3,7,15,23,11,19,1,17,21,9,12,4],[19,7,3,1,17,11,23,15,21,9,12,4],[11,19,3,17,15,23,7,21,1,9,4],[23,7,3,15,19,17,11,21,1,9,12,4],[11,7,19,15,23,3,1,17,21,9,4],[7,3,19,1,17,15,23,11,21,9,4],[7,23,11,3,19,17,15,21,1,9,12,4],[23,19,7,3,1,17,11,15,21,9,12,4],[11,7,19,15,3,1,17,23,21,9,12,4],[11,3,19,17,23,15,7,1,21,9,12,4],[11,15,19,3,1,17,7,23,21,9,12,4],[23,11,15,3,19,17,7,1,21,9,12,4],[7,19,3,17,15,23,11,1,21,9,4],[7,3,15,23,19,17,11,1,21,9,4],[7,19,23,11,15,3,17,21,1,9,12,4],[15,3,7,23,19,17,11,1,21,9,12,4],[7,23,11,3,15,19,17,21,1,9,12,4],[19,23,15,3,17,7,11,1,21,9,4],[11,3,15,7,23,19,17,21,1,9,4],[23,15,19,3,1,17,11,7,21,9,4],[23,11,19,15,3,1,17,7,21,9,4],[15,19,7,3,1,17,23,11,21,9,12,4],[15,3,11,7,23,19,1,17,21,9,12,4],[19,3,1,17,15,11,7,23,21,9,4],[23,15,11,3,19,1,17,7,21,9,4],[19,15,11,7,3,1,17,23,21,9,4],[11,3,23,15,7,19,17,1,21,9,4],[23,19,11,3,1,17,7,15,21,9,4],[11,7,15,3,19,1,17,23,21,9,12,4],[15,3,23,19,17,7,11,1,21,9,12,4],[19,11,23,15,3,17,7,1,21,9,4],[11,7,3,19,17,15,23,21,1,9,4],[23,3,7,11,15,19,17,21,1,9,12,4],[11,19,7,3,17,15,23,1,21,9,12,4],[3,19,1,17,11,15,7,23,21,9,12,4],[23,19,3,17,7,15,11,21,1,9,4],[19,3,1,17,7,15,23,11,21,9,12,4],[11,19,23,15,3,17,7,1,21,9,4],[11,15,19,7,23,3,17,21,1,9,4],[11,7,23,3,19,1,17,15,21,9,4],[7,23,19,11,15,3,1,17,21,9,4],[11,15,7,3,23,19,17,21,1,9,12,4],[11,3,19,17,23,15,7,21,1,9,4],[19,3,1,17,7,23,15,11,21,9,12,4],[7,3,15,23,11,19,17,1,21,9,4],[3,15,7,23,19,1,17,11,21,9,4],[19,23,3,1,17,7,15,11,21,9,12,4],[15,7,11,19,3,1,17,23,21,9,4],[7,3,15,23,11,19,1,17,21,9,4],[7,15,19,3,17,11,23,1,21,9,12,4],[7,15,11,23,19,3,1,17,21,9,12,4],[23,7,3,19,17,11,15,1,21,9,4],[19,7,3,17,11,23,15,21,1,9,4],[11,3,19,1,17,7,23,15,21,9,12,4],[11,23,3,19,17,7,15,1,21,9,4],[3,15,11,23,19,1,17,7,21,9,4],[23,15,19,11,7,3,1,17,21,9,4],[23,3,11,15,19,1,17,7,21,9,4],[11,19,23,15,7,3,1,17,21,9,4],[15,7,19,23,11,3,17,21,1,9,12,4],[19,3,17,11,23,15,7,1,21,9,12,4],[3,23,7,19,1,17,15,11,21,9,4],[19,23,7,11,15,3,17,1,21,9,12,4],[19,7,23,3,17,15,11,1,21,9,4],[3,23,19,17,7,15,11,1,21,9,12,4],[15,19,3,1,17,7,11,23,21,9,12,4],[19,23,15,7,11,3,17,21,1,9,4],[19,11,23,7,3,1,17,15,21,9,4],[15,23,7,19,11,3,17,1,21,9,4],[15,19,11,3,1,17,7,23,21,9,4],[23,11,7,19,3,1,17,15,21,9,4],[15,7,23,11,19,3,17,21,1,9,4],[15,7,23,11,19,3,1,17,21,9,4],[19,3,1,17,15,23,11,7,21,9,12,4],[3,15,23,11,7,19,1,17,21,9,12,4],[11,19,23,3,17,7,15,21,1,9,12,4],[7,19,23,15,3,1,17,11,21,9,12,4],[15,11,7,19,3,17,23,21,1,9,12,4],[7,23,3,11,19,17,15,1,21,9,12,4],[15,3,7,23,19,1,17,11,21,9,12,4],[23,15,7,11,19,3,1,17,21,9,12,4],[7,15,3,23,11,19,17,21,1,9,12,4],[15,23,19,3,1,17,11,7,21,9,12,4],[19,3,1,17,15,7,11,23,21,9,4],[15,19,7,11,23,3,1,17,21,9,4],[23,11,3,15,19,17,7,21,1,9,12,4],[23,11,19,3,17,7,15,21,1,9,4],[15,23,11,7,19,3,1,17,21,9,12,4],[19,23,15,3,17,7,11,21,1,9,4],[15,11,23,3,7,19,1,17,21,9,4],[23,11,3,19,17,15,7,1,21,9,4],[3,11,19,1,17,15,23,7,21,9,4],[15,23,11,7,3,19,17,1,21,9,12,4],[3,23,15,11,7,19,1,17,21,9,12,4],[7,3,11,23,19,17,15,1,21,9,4],[15,7,23,19,11,3,1,17,21,9,12,4],[23,15,11,19,7,3,1,17,21,9,4],[11,15,7,23,19,3,17,21,1,9,12,4],[11,3,7,19,1,17,15,23,21,9,12,4],[3,23,15,11,7,19,1,17,21,9,12,4],[7,19,3,1,17,11,15,23,21,9,12,4],[23,3,11,19,17,7,15,1,21,9,12,4],[23,3,7,11,15,19,1,17,21,9,4],[7,19,15,11,3,17,23,1,21,9,4],[15,3,19,17,7,23,11,1,21,9,12,4],[23,15,3,19,1,17,11,7,21,9,4],[3,7,19,1,17,15,23,11,21,9,4],[19,7,3,1,17,15,23,11,21,9,12,4],[3,11,7,19,1,17,23,15,21,9,12,4],[23,15,19,7,3,1,17,11,21,9,4],[19,15,7,23,11,3,1,17,21,9,4],[11,23,3,15,19,1,17,7,21,9,4],[15,3,11,19,1,17,23,7,21,9,12,4],[11,7,23,3,15,19,1,17,21,9,12,4],[11,7,3,23,15,19,1,17,21,9,12,4],[11,19,23,7,15,3,17,1,21,9,12,4],[23,15,3,7,11,19,1,17,21,9,12,4],[19,15,7,23,3,1,17,11,21,9,4],[7,23,11,3,15,19,1,17,21,9,12,4],[23,7,3,11,15,19,1,17,21,9,12,4],[23,15,11,19,7,3,17,21,1,9,12,4],[7,3,11,19,1,17,23,15,21,9,4],[3,7,11,15,19,1,17,23,21,9,12,4],[11,23,7,19,15,3,1,17,21,9,12,4],[15,19,11,3,17,7,23,21,1,9,12,4],[7,23,11,15,19,3,17,1,21,9,12,4],[23,11,7,19,3,17,15,1,21,9,12,4],[11,7,19,15,23,3,17,21,1,9,12,4],[15,3,19,17,7,11,23,1,21,9,4],[3,7,11,23,15,19,17,21,1,9,12,4],[23,15,7,19,11,3,1,17,21,9,12,4],[23,11,19,15,7,3,17,21,1,9,12,4],[15,19,3,1,17,23,7,11,21,9,12,4],[7,19,15,23,3,17,11,1,21,9,12,4],[19,11,7,3,1,17,23,15,21,9,12,4],[23,11,7,19,3,17,15,21,1,9,4],[11,3,23,7,15,19,1,17,21,9,4],[11,23,19,15,7,3,17,21,1,9,4],[19,3,17,15,23,7,11,21,1,9,4],[11,23,3,7,15,19,1,17,21,9,12,4],[3,15,23,7,11,19,1,17,21,9,12,4],[3,15,7,11,19,1,17,23,21,9,12,4],[15,7,3,23,11,19,1,17,21,9,12,4],[23,3,19,17,7,15,11,21,1,9,12,4],[3,11,15,7,19,1,17,23,21,9,4],[7,23,3,19,1,17,15,11,21,9,12,4],[11,3,23,19,1,17,7,15,21,9,4],[23,3,11,7,19,17,15,21,1,9,4],[11,23,3,15,19,1,17,7,21,9,4],[23,19,7,3,1,17,15,11,21,9,4],[3,23,15,11,7,19,17,1,21,9,4],[11,23,7,19,3,17,15,21,1,9,12,4],[11,23,3,19,17,15,7,21,1,9,12,4],[3,23,19,1,17,11,7,15,21,9,4],[11,23,3,15,7,19,1,17,21,9,4],[7,19,15,11,23,3,1,17,21,9,12,4],[23,7,11,3,15,19,1,17,21,9,12,4],[15,3,19,1,17,7,11,23,21,9,12,4],[11,7,23,15,19,3,1,17,21,9,4],[11,19,23,15,3,1,17,7,21,9,4],[7,19,3,1,17,15,11,23,21,9,12,4],[7,15,23,19,3,1,17,11,21,9,12,4],[23,15,7,11,3,19,17,1,21,9,12,4],[19,23,7,11,15,3,17,1,21,9,12,4],[3,15,11,19,17,7,23,1,21,9,12,4],[23,3,7,11,19,1,17,15,21,9,12,4],[15,19,11,7,23,3,1,17,21,9,12,4],[11,19,15,3,1,17,7,23,21,9,4],[7,19,3,17,15,11,23,1,21,9,4],[11,3,19,17,15,23,7,1,21,9,12,4],[15,7,23,11,19,3,17,21,1,9,4],[3,15,23,7,19,17,11,21,1,9,12,4],[7,19,11,3,1,17,23,15,21,9,4],[7,11,15,19,23,3,17,1,21,9,12,4],[19,7,15,23,11,3,17,1,21,9,12,4],[7,19,11,23,3,1,17,15,21,9,4],[19,3,17,15,11,23,7,1,21,9,4],[11,19,3,1,17,15,7,23,21,9,12,4],[3,23,7,11,19,17,15,1,21,9,12,4],[3,15,7,23,11,19,17,21,1,9,12,4],[11,15,7,3,23,19,1,17,21,9,4],[11,23,19,3,1,17,7,15,21,9,4],[15,3,11,7,23,19,1,17,21,9,12,4],[15,19,3,17,7,11,23,1,21,9,4],[19,23,3,17,11,15,7,1,21,9,12,4],[7,23,3,19,17,15,11,1,21,9,12,4],[11,19,7,15,3,17,23,1,21,9,12,4],[23,11,7,19,3,17,15,1,21,9,4],[11,19,15,7,3,1,17,23,21,9,12,4],[11,3,19,1,17,23,15,7,21,9,4],[19,15,11,7,3,17,23,21,1,9,12,4],[19,7,3,1,17,11,23,15,21,9,12,4],[19,23,3,1,17,11,15,7,21,9,4],[19,7,23,3,17,11,15,21,1,9,4],[19,11,15,3,1,17,7,23,21,9,12,4],[15,3,11,7,23,19,1,17,21,9,4],[23,15,7,11,19,3,17,1,21,9,12,4],[7,11,15,19,23,3,1,17,21,9,12,4],[11,19,15,23,7,3,17,21,1,9,12,4],[15,7,19,11,3,1,17,23,21,9,4],[15,23,3,11,7,19,17,21,1,9,4],[19,23,3,17,15,11,7,1,21,9,12,4],[23,19,7,3,17,11,15,21,1,9,12,4],[23,3,11,7,19,17,15,21,1,9,4],[7,11,15,3,23,19,1,17,21,9,12,4],[11,19,23,7,15,3,1,17,21,9,4],[23,3,7,15,11,19,1,17,21,9,4],[19,7,23,15,3,1,17,11,21,9,12,4],[7,15,11,3,23,19,17,21,1,9,4],[11,7,15,23,19,3,17,1,21,9,4],[7,15,19,3,17,11,23,1,21,9,12,4],[23,11,15,3,7,19,1,17,21,9,12,4],[7,15,3,19,1,17,11,23,21,9,12,4],[3,15,7,23,11,19,1,17,21,9,4],[7,19,3,1,17,23,15,11,21,9,12,4],[23,11,15,19,7,3,17,21,1,9,12,4],[3,11,15,19,17,7,23,1,21,9,4],[3,15,23,7,11,19,17,1,21,9,12,4],[7,23,19,3,1,17,11,15,21,9,4],[15,11,19,3,17,23,7,1,21,9,12,4],[3,11,7,23,19,17,15,21,1,9,12,4],[23,11,7,3,15,19,17,21,1,9,12,4],[15,19,23,11,7,3,17,21,1,9,4],[11,23,3,7,19,1,17,15,21,9,12,4],[19,3,1,17,11,15,23,7,21,9,4],[3,23,7,11,15,19,17,21,1,9,4],[23,7,15,19,11,3,1,17,21,9,4],[19,23,7,11,15,3,17,1,21,9,4],[11,23,19,3,1,17,15,7,21,9,12,4],[7,23,19,3,1,17,15,11,21,9,4],[15,23,7,3,19,17,11,1,21,9,4],[19,15,23,3,17,7,11,21,1,9,12,4],[15,23,11,3,7,19,1,17,21,9,4],[15,19,11,3,1,17,23,7,21,9,4],[7,15,23,11,19,3,17,21,1,9,4],[23,19,11,3,17,7,15,1,21,9,4],[11,7,19,3,1,17,15,23,21,9,12,4],[11,23,19,15,7,3,1,17,21,9,4],[15,23,19,3,1,17,7,11,21,9,12,4],[11,15,3,7,23,19,17,1,21,9,12,4],[7,23,3,19,1,17,15,11,21,9,12,4],[15,11,3,19,17,7,23,1,21,9,12,4],[3,15,19,17,7,23,11,21,1,9,12,4],[23,11,15,3,19,1,17,7,21,9,12,4],[23,7,3,11,15,19,17,21,1,9,12,4],[3,23,19,17,7,11,15,1,21,9,4],[23,11,15,19,7,3,17,21,1,9,12,4],[15,11,7,23,19,3,1,17,21,9,12,4],[3,11,15,19,1,17,23,7,21,9,12,4],[11,15,19,7,23,3,17,21,1,9,4],[19,11,3,17,7,23,15,21,1,9,4],[23,3,19,1,17,7,11,15,21,9,12,4],[23,7,19,15,3,1,17,11,21,9,4],[11,7,23,3,19,17,15,1,21,9,12,4],[3,19,17,11,15,23,7,1,21,9,12,4],[15,23,11,7,19,3,17,21,1,9,12,4],[19,15,3,1,17,23,11,7,21,9,4],[7,19,23,11,3,1,17,15,21,9,4],[23,15,7,11,19,3,1,17,21,9,4],[11,7,19,23,3,1,17,15,21,9,4],[11,23,7,19,15,3,17,1,21,9,12,4],[7,11,19,3,17,23,15,21,1,9,4],[11,3,23,19,1,17,15,7,21,9,4],[3,19,1,17,15,11,23,7,21,9,12,4],[15,19,11,3,17,7,23,1,21,9,4],[11,23,19,7,3,17,15,1,21,9,12,4],[15,7,19,11,23,3,1,17,21,9,4],[15,11,23,19,3,17,7,21,1,9,4],[11,7,15,23,3,19,17,1,21,9,12,4],[11,15,3,19,1,17,23,7,21,9,4],[11,23,3,15,19,1,17,7,21,9,4],[19,7,11,3,1,17,23,15,21,9,4],[7,11,15,3,19,17,23,21,1,9,12,4],[19,7,15,11,23,3,1,17,21,9,4],[23,15,19,7,3,1,17,11,21,9,12,4],[23,19,15,3,1,17,7,11,21,9,12,4],[3,11,23,19,17,15,7,1,21,9,12,4],[3,23,15,19,17,7,11,1,21,9,12,4],[7,3,23,11,19,17,15,21,1,9,4],[11,23,19,15,7,3,1,17,21,9,12,4],[3,19,1,17,11,7,23,15,21,9,12,4],[15,11,23,3,7,19,17,1,21,9,12,4],[3,11,15,19,17,23,7,21,1,9,4],[23,19,3,1,17,11,15,7,21,9,4],[11,23,3,15,7,19,17,1,21,9,12,4],[23,15,3,19,17,7,11,1,21,9,4],[19,7,3,1,17,23,11,15,21,9,4],[11,23,15,3,19,1,17,7,21,9,4],[19,15,11,23,3,1,17,7,21,9,4],[3,7,15,23,19,17,11,21,1,9,4],[15,7,3,23,11,19,1,17,21,9,12,4],[23,11,15,7,19,3,1,17,21,9,4],[15,11,23,19,3,17,7,21,1,9,12,4],[19,15,23,11,3,1,17,7,21,9,4],[15,7,23,19,3,17,11,1,21,9,4],[7,3,19,17,11,15,23,21,1,9,12,4],[11,7,23,19,3,1,17,15,21,9,12,4],[19,23,11,15,3,17,7,21,1,9,12,4],[23,7,19,11,3,17,15,1,21,9,12,4],[3,19,1,17,11,7,15,23,21,9,12,4],[11,3,15,19,1,17,23,7,21,9,4],[23,7,11,15,19,3,17,1,21,9,4],[23,11,3,19,17,15,7,21,1,9,4],[7,11,3,23,19,1,17,15,21,9,12,4],[3,19,1,17,7,15,23,11,21,9,4],[3,7,15,11,19,1,17,23,21,9,12,4],[15,7,23,11,3,19,17,1,21,9,12,4],[3,19,17,23,15,7,11,1,21,9,4],[3,7,15,11,23,19,17,1,21,9,12,4],[11,7,15,23,19,3,1,17,21,9,12,4],[19,7,15,11,23,3,17,21,1,9,12,4],[19,7,11,23,3,17,15,1,21,9,4],[3,15,11,7,23,19,1,17,21,9,12,4],[23,11,3,15,7,19,17,1,21,9,12,4],[23,7,11,19,3,17,15,21,1,9,12,4],[11,15,19,7,23,3,17,21,1,9,4],[7,15,11,3,23,19,17,1,21,9,12,4],[11,19,15,7,3,1,17,23,21,9,4],[19,15,3,17,7,23,11,21,1,9,12,4],[7,15,3,23,11,19,17,21,1,9,4],[19,15,7,23,11,3,17,1,21,9,4],[7,23,19,11,3,1,17,15,21,9,4],[19,3,1,17,11,15,7,23,21,9,4],[11,15,3,19,17,23,7,21,1,9,4],[19,23,3,17,7,15,11,21,1,9,12,4],[7,15,11,19,3,1,17,23,21,9,4],[7,19,3,17,15,23,11,1,21,9,4],[7,23,15,11,19,3,1,17,21,9,4],[23,7,15,3,19,1,17,11,21,9,12,4],[11,7,3,19,17,15,23,21,1,9,4],[23,15,3,19,17,11,7,1,21,9,12,4],[11,19,3,17,23,15,7,1,21,9,12,4],[15,7,3,23,11,19,17,21,1,9,4],[7,23,11,15,19,3,17,1,21,9,4],[3,19,1,17,15,23,11,7,21,9,4],[11,23,3,7,19,17,15,1,21,9,4],[19,15,3,1,17,7,23,11,21,9,12,4],[3,23,15,7,11,19,1,17,21,9,12,4],[3,19,17,11,7,15,23,21,1,9,12,4],[11,23,3,19,17,7,15,21,1,9,12,4],[19,3,1,17,11,23,7,15,21,9,4],[23,11,3,15,19,17,7,21,1,9,12,4],[23,7,19,15,3,1,17,11,21,9,12,4],[3,19,1,17,7,23,11,15,21,9,12,4],[7,15,23,19,3,17,11,1,21,9,12,4],[11,3,23,19,1,17,15,7,21,9,4],[11,3,19,1,17,15,7,23,21,9,12,4],[11,3,15,23,19,1,17,7,21,9,12,4],[11,15,23,19,7,3,17,1,21,9,4],[19,23,15,11,7,3,1,17,21,9,12,4],[23,11,19,15,3,1,17,7,21,9,4],[7,3,23,11,15,19,17,1,21,9,4],[3,19,1,17,23,15,7,11,21,9,4],[7,19,15,3,1,17,23,11,21,9,12,4],[15,11,23,7,19,3,1,17,21,9,12,4],[3,15,7,23,19,1,17,11,21,9,4],[11,7,3,19,17,15,23,1,21,9,4],[7,15,23,3,19,17,11,1,21,9,12,4],[11,15,23,3,19,17,7,1,21,9,4],[7,3,23,15,19,1,17,11,21,9,12,4],[19,15,23,7,11,3,17,1,21,9,12,4],[3,7,19,17,15,23,11,21,1,9,12,4],[19,23,7,11,15,3,17,1,21,9,4],[11,15,23,19,3,17,7,1,21,9,12,4],[11,7,19,3,17,15,23,21,1,9,12,4],[3,7,15,11,23,19,17,21,1,9,12,4],[3,11,15,7,23,19,17,21,1,9,12,4],[11,7,15,3,23,19,17,21,1,9,4],[11,3,23,19,17,7,15,21,1,9,4],[19,3,1,17,15,23,7,11,21,9,12,4],[15,23,7,11,3,19,17,1,21,9,12,4],[19,23,15,11,7,3,17,21,1,9,12,4],[23,15,3,19,17,7,11,1,21,9,4],[15,7,3,11,19,17,23,21,1,9,4],[15,7,19,3,17,23,11,1,21,9,4],[3,15,23,11,19,1,17,7,21,9,12,4],[15,19,11,3,17,7,23,21,1,9,4],[19,7,11,15,3,1,17,23,21,9,4],[7,11,19,23,15,3,1,17,21,9,12,4],[3,19,1,17,11,23,7,15,21,9,4],[7,19,11,15,3,17,23,1,21,9,12,4],[19,23,7,15,3,17,11,21,1,9,12,4],[7,11,3,23,19,17,15,21,1,9,12,4],[15,7,3,11,19,17,23,21,1,9,4],[15,23,3,11,7,19,17,1,21,9,12,4],[19,15,11,7,3,17,23,21,1,9,4],[19,23,11,3,17,15,7,21,1,9,4],[7,19,15,3,17,11,23,1,21,9,12,4],[23,7,15,11,3,19,1,17,21,9,4],[11,23,15,19,3,1,17,7,21,9,12,4],[15,19,7,23,3,17,11,21,1,9,12,4],[7,11,19,15,3,17,23,21,1,9,4],[19,23,11,7,3,1,17,15,21,9,12,4],[3,23,7,11,19,1,17,15,21,9,4],[15,23,3,7,11,19,17,21,1,9,4],[23,11,15,7,19,3,1,17,21,9,12,4],[11,3,7,23,19,1,17,15,21,9,4],[23,7,3,11,15,19,1,17,21,9,4],[23,7,3,19,17,15,11,1,21,9,4],[19,11,3,17,23,15,7,21,1,9,12,4],[23,19,11,3,17,15,7,1,21,9,4],[23,3,19,17,15,11,7,1,21,9,4],[15,11,19,23,7,3,17,1,21,9,12,4],[7,23,11,3,19,17,15,1,21,9,12,4],[15,19,23,3,17,7,11,1,21,9,4],[3,19,1,17,11,15,23,7,21,9,4],[15,19,11,23,3,17,7,21,1,9,12,4],[23,11,3,7,19,1,17,15,21,9,12,4],[15,19,11,3,1,17,23,7,21,9,4],[15,7,19,23,11,3,1,17,21,9,4],[11,3,23,19,1,17,7,15,21,9,12,4],[19,3,17,11,15,23,7,1,21,9,4],[23,15,19,3,17,11,7,1,21,9,4],[15,23,19,11,7,3,1,17,21,9,4],[23,3,19,17,11,7,15,21,1,9,12,4],[23,15,19,11,3,1,17,7,21,9,4],[19,7,11,23,15,3,17,21,1,9,4],[15,3,23,11,7,19,17,21,1,9,12,4],[11,15,23,3,19,17,7,21,1,9,4],[23,11,7,3,19,1,17,15,21,9,12,4],[11,23,7,3,19,1,17,15,21,9,12,4],[19,15,7,11,3,17,23,1,21,9,4],[11,19,3,1,17,7,15,23,21,9,12,4],[11,23,7,3,15,19,1,17,21,9,4],[7,19,3,1,17,15,23,11,21,9,4],[7,19,11,15,23,3,1,17,21,9,12,4],[19,3,1,17,11,7,15,23,21,9,12,4],[15,3,7,23,11,19,17,1,21,9,4],[7,15,19,3,1,17,23,11,21,9,4],[15,3,19,1,17,7,11,23,21,9,4],[7,15,23,19,3,17,11,21,1,9,12,4],[15,23,19,11,3,17,7,21,1,9,12,4],[11,19,3,1,17,23,15,7,21,9,4],[15,7,3,19,1,17,23,11,21,9,4],[23,19,7,11,3,17,15,1,21,9,12,4],[7,3,19,1,17,11,15,23,21,9,12,4],[3,23,7,11,15,19,1,17,21,9,4],[15,3,23,19,17,7,11,1,21,9,4],[3,11,23,19,1,17,15,7,21,9,12,4],[7,11,15,23,3,19,17,1,21,9,12,4],[15,19,3,1,17,7,11,23,21,9,12,4],[15,11,3,7,23,19,17,1,21,9,4],[19,15,7,23,3,1,17,11,21,9,4],[7,15,11,3,23,19,17,1,21,9,12,4],[23,11,7,15,19,3,17,21,1,9,4],[19,15,7,3,1,17,23,11,21,9,12,4],[11,3,7,19,1,17,23,15,21,9,4],[15,11,3,7,19,1,17,23,21,9,12,4],[23,19,7,11,15,3,17,1,21,9,4],[19,23,11,7,15,3,17,1,21,9,12,4],[23,7,3,19,17,15,11,21,1,9,4],[19,23,11,7,15,3,17,21,1,9,4],[3,19,1,17,15,7,23,11,21,9,12,4],[19,15,11,23,3,17,7,1,21,9,4],[7,3,15,11,19,1,17,23,21,9,4],[7,23,11,19,15,3,17,21,1,9,4],[23,15,7,19,11,3,1,17,21,9,4],[7,15,19,11,3,1,17,23,21,9,4],[3,7,15,11,19,17,23,1,21,9,4],[7,3,11,19,1,17,23,15,21,9,4],[7,15,11,23,3,19,1,17,21,9,12,4],[15,11,19,7,3,1,17,23,21,9,12,4],[23,19,3,1,17,15,11,7,21,9,12,4],[15,11,19,7,23,3,1,17,21,9,12,4],[19,7,11,3,1,17,23,15,21,9,12,4],[7,15,19,11,23,3,17,1,21,9,4],[15,11,7,3,23,19,17,1,21,9,4],[7,19,3,1,17,15,23,11,21,9,4],[19,3,1,17,23,15,11,7,21,9,4],[23,11,3,7,15,19,1,17,21,9,4],[15,7,19,23,11,3,17,1,21,9,12,4],[11,19,15,7,23,3,17,21,1,9,12,4],[3,23,7,11,19,1,17,15,21,9,12,4],[7,19,15,11,3,1,17,23,21,9,4],[7,3,15,19,17,11,23,21,1,9,12,4],[11,3,19,1,17,23,15,7,21,9,4],[3,23,19,1,17,15,11,7,21,9,12,4],[19,7,11,15,3,1,17,23,21,9,4],[19,15,7,3,17,23,11,21,1,9,12,4],[3,19,17,15,23,11,7,21,1,9,12,4],[3,19,1,17,7,15,23,11,21,9,4],[23,7,3,19,17,15,11,21,1,9,4],[11,15,19,3,1,17,7,23,21,9,12,4],[3,23,11,19,1,17,7,15,21,9,4],[15,23,19,3,17,7,11,21,1,9,12,4],[11,7,3,15,19,1,17,23,21,9,4],[11,19,3,1,17,23,15,7,21,9,12,4],[3,19,1,17,11,15,7,23,21,9,4],[11,15,19,3,17,23,7,1,21,9,12,4],[23,15,3,11,7,19,1,17,21,9,12,4],[3,19,1,17,7,11,15,23,21,9,12,4],[15,3,23,19,1,17,11,7,21,9,12,4],[15,11,23,7,19,3,1,17,21,9,12,4],[3,11,15,7,23,19,1,17,21,9,4],[15,7,3,11,19,17,23,21,1,9,12,4],[7,23,15,3,11,19,1,17,21,9,4],[15,23,19,7,3,17,11,21,1,9,12,4],[19,11,15,3,17,23,7,21,1,9,4],[15,7,11,23,19,3,1,17,21,9,4],[7,3,19,17,15,11,23,21,1,9,4],[23,11,19,7,3,1,17,15,21,9,4],[3,11,19,1,17,7,15,23,21,9,12,4],[11,3,23,7,19,17,15,21,1,9,4],[11,23,3,7,19,1,17,15,21,9,12,4],[11,19,3,17,23,7,15,1,21,9,4],[3,19,17,15,11,23,7,1,21,9,12,4],[23,19,11,15,3,17,7,1,21,9,12,4],[11,23,19,7,3,17,15,21,1,9,4],[23,11,7,15,19,3,1,17,21,9,4],[15,3,11,23,19,1,17,7,21,9,4],[7,15,23,19,11,3,1,17,21,9,12,4],[23,7,19,11,3,17,15,21,1,9,4],[23,3,11,7,15,19,17,1,21,9,4],[23,7,19,3,1,17,11,15,21,9,12,4],[7,15,3,19,1,17,11,23,21,9,12,4],[3,7,19,1,17,11,15,23,21,9,12,4],[23,19,15,7,3,17,11,1,21,9,12,4],[11,15,7,19,23,3,17,21,1,9,4],[3,7,23,15,19,1,17,11,21,9,12,4],[19,23,15,7,3,17,11,21,1,9,12,4],[11,19,23,15,3,1,17,7,21,9,12,4],[3,23,19,17,15,7,11,21,1,9,12,4],[11,7,19,15,3,17,23,1,21,9,4],[11,15,19,7,3,17,23,21,1,9,12,4],[7,19,3,1,17,23,11,15,21,9,12,4],[3,23,7,11,19,17,15,1,21,9,12,4],[23,19,7,11,3,1,17,15,21,9,4],[15,3,19,1,17,7,11,23,21,9,12,4],[11,7,3,19,17,15,23,21,1,9,4],[11,23,7,15,3,19,1,17,21,9,12,4],[23,19,11,15,7,3,17,1,21,9,4],[3,23,7,19,1,17,11,15,21,9,4],[3,15,19,17,23,7,11,21,1,9,4],[15,23,19,11,3,1,17,7,21,9,4],[7,23,19,3,1,17,15,11,21,9,4],[23,3,19,1,17,15,7,11,21,9,4],[23,15,7,11,3,19,1,17,21,9,4],[15,11,7,3,19,1,17,23,21,9,4],[7,19,11,15,23,3,1,17,21,9,4],[23,7,19,15,11,3,17,1,21,9,4],[3,15,23,19,1,17,7,11,21,9,12,4],[23,19,7,11,3,1,17,15,21,9,4],[19,3,17,15,7,23,11,1,21,9,12,4],[15,23,7,3,19,17,11,1,21,9,4],[23,15,11,19,3,1,17,7,21,9,12,4],[15,11,19,3,1,17,7,23,21,9,4],[3,19,17,23,15,7,11,1,21,9,4],[19,11,23,3,1,17,15,7,21,9,4],[3,7,15,23,19,1,17,11,21,9,12,4],[11,19,3,1,17,7,15,23,21,9,4],[19,15,3,1,17,11,7,23,21,9,12,4],[19,23,3,17,11,7,15,1,21,9,12,4],[11,15,23,19,7,3,17,21,1,9,4],[19,11,15,7,3,17,23,1,21,9,4],[19,15,23,3,17,7,11,21,1,9,12,4],[23,19,7,11,3,17,15,21,1,9,12,4],[3,23,19,1,17,15,11,7,21,9,4],[3,7,15,11,23,19,1,17,21,9,4],[7,15,3,23,11,19,1,17,21,9,4],[7,3,11,19,17,15,23,21,1,9,4],[23,11,19,7,15,3,1,17,21,9,4],[15,19,11,3,1,17,23,7,21,9,12,4],[7,19,23,15,11,3,17,21,1,9,4],[3,23,11,15,19,17,7,21,1,9,4],[3,11,7,15,19,1,17,23,21,9,4],[15,19,3,1,17,7,11,23,21,9,4],[11,15,19,23,3,1,17,7,21,9,4],[19,23,7,15,11,3,1,17,21,9,4],[15,7,23,19,3,1,17,11,21,9,4],[19,23,7,15,3,17,11,1,21,9,12,4],[23,15,7,3,19,17,11,1,21,9,4],[15,11,7,19,23,3,17,21,1,9,4],[3,23,15,11,7,19,17,1,21,9,12,4],[3,7,11,23,15,19,17,1,21,9,12,4],[3,23,19,17,15,7,11,21,1,9,12,4],[15,7,23,19,3,1,17,11,21,9,4],[3,19,1,17,15,11,23,7,21,9,4],[3,11,19,17,7,23,15,21,1,9,4],[11,19,23,3,17,15,7,21,1,9,4],[3,11,15,23,19,17,7,1,21,9,12,4],[11,19,23,7,3,1,17,15,21,9,12,4],[23,11,7,3,19,1,17,15,21,9,4],[23,7,15,3,11,19,17,1,21,9,12,4],[19,15,3,1,17,11,23,7,21,9,12,4],[7,15,3,23,19,1,17,11,21,9,4],[23,19,11,7,3,17,15,1,21,9,12,4],[23,3,7,15,11,19,17,21,1,9,12,4],[7,23,19,15,11,3,1,17,21,9,4],[7,19,23,11,3,1,17,15,21,9,4],[7,19,23,11,15,3,17,1,21,9,12,4],[15,7,11,23,3,19,1,17,21,9,4],[7,19,23,15,3,17,11,21,1,9,12,4],[7,11,3,15,23,19,17,1,21,9,4],[15,7,3,11,19,1,17,23,21,9,4],[7,23,15,3,11,19,1,17,21,9,12,4],[7,23,11,15,19,3,17,1,21,9,4],[3,23,19,1,17,15,7,11,21,9,12,4],[23,15,11,7,19,3,17,21,1,9,4],[19,23,15,11,7,3,17,1,21,9,4],[15,7,19,3,17,23,11,21,1,9,4],[23,3,11,7,15,19,17,1,21,9,12,4],[11,19,3,17,15,7,23,1,21,9,4],[3,15,19,17,23,7,11,21,1,9,4],[19,11,3,1,17,23,7,15,21,9,12,4],[11,7,19,3,17,23,15,21,1,9,4],[3,11,15,19,1,17,23,7,21,9,4],[19,11,7,3,1,17,15,23,21,9,4],[23,15,3,19,17,11,7,21,1,9,12,4],[15,3,19,17,23,11,7,1,21,9,12,4],[11,15,23,19,7,3,1,17,21,9,12,4],[23,11,3,15,19,1,17,7,21,9,12,4],[19,15,23,7,11,3,1,17,21,9,4],[7,23,11,15,3,19,1,17,21,9,4],[19,3,1,17,11,15,7,23,21,9,4],[19,11,3,17,15,23,7,21,1,9,4],[19,3,1,17,23,7,11,15,21,9,4],[3,23,19,1,17,15,11,7,21,9,4],[11,3,23,7,19,1,17,15,21,9,4],[19,11,15,7,23,3,1,17,21,9,12,4],[23,11,19,3,17,15,7,21,1,9,12,4],[15,7,23,19,3,1,17,11,21,9,12,4],[3,15,19,1,17,7,11,23,21,9,4],[3,7,11,19,1,17,23,15,21,9,12,4],[15,7,23,11,3,19,17,21,1,9,12,4],[3,19,1,17,15,11,23,7,21,9,12,4],[7,15,3,23,19,17,11,1,21,9,4],[15,11,23,3,19,1,17,7,21,9,12,4],[11,7,19,15,3,17,23,1,21,9,12,4],[7,11,3,23,19,17,15,21,1,9,4],[3,23,19,1,17,11,7,15,21,9,12,4],[19,15,23,7,3,1,17,11,21,9,12,4],[11,7,3,23,19,1,17,15,21,9,12,4],[15,11,19,7,23,3,17,1,21,9,4],[7,19,11,3,17,23,15,21,1,9,4],[3,15,7,19,1,17,11,23,21,9,4],[11,23,15,7,3,19,1,17,21,9,4],[23,3,11,15,19,1,17,7,21,9,4],[7,3,11,23,15,19,17,21,1,9,12,4],[3,19,1,17,11,23,15,7,21,9,4],[7,15,3,19,17,11,23,1,21,9,12,4],[19,3,17,7,23,15,11,21,1,9,12,4],[3,7,15,19,1,17,23,11,21,9,12,4],[11,15,19,23,3,17,7,1,21,9,4],[19,15,23,3,17,7,11,1,21,9,4],[23,15,7,3,19,1,17,11,21,9,4],[3,23,19,17,15,11,7,1,21,9,12,4],[19,7,11,3,17,23,15,1,21,9,4],[15,7,19,3,1,17,23,11,21,9,4],[15,11,7,23,19,3,1,17,21,9,12,4],[3,19,1,17,7,23,15,11,21,9,4],[11,23,3,15,19,17,7,21,1,9,4],[15,11,23,3,19,1,17,7,21,9,12,4],[19,23,11,7,15,3,1,17,21,9,12,4],[19,11,7,23,3,17,15,21,1,9,12,4],[11,3,15,19,1,17,7,23,21,9,4],[19,11,15,7,23,3,1,17,21,9,12,4],[3,23,7,11,19,17,15,21,1,9,4],[3,19,1,17,11,23,15,7,21,9,4],[15,3,23,11,7,19,1,17,21,9,12,4],[11,19,3,1,17,7,23,15,21,9,4],[3,7,11,19,17,23,15,21,1,9,12,4],[15,11,19,3,1,17,7,23,21,9,12,4],[7,23,11,19,3,1,17,15,21,9,4],[15,3,7,11,23,19,1,17,21,9,4],[7,3,23,15,11,19,1,17,21,9,12,4],[23,15,7,3,19,17,11,1,21,9,12,4],[7,15,23,11,19,3,17,1,21,9,4],[15,11,3,19,1,17,23,7,21,9,12,4],[7,11,3,23,19,17,15,21,1,9,12,4],[19,15,11,3,17,7,23,21,1,9,4],[7,15,23,11,19,3,1,17,21,9,4],[19,7,15,23,3,1,17,11,21,9,12,4],[23,19,15,11,3,1,17,7,21,9,4],[15,19,7,23,11,3,1,17,21,9,12,4],[15,23,7,3,11,19,17,1,21,9,12,4],[19,3,1,17,7,11,23,15,21,9,12,4],[3,15,19,1,17,11,23,7,21,9,4],[7,15,11,19,3,17,23,1,21,9,4],[11,19,15,3,17,23,7,1,21,9,4],[23,11,19,15,7,3,1,17,21,9,12,4],[23,7,11,15,3,19,17,21,1,9,4],[19,11,3,17,7,15,23,1,21,9,4],[3,19,1,17,11,15,23,7,21,9,12,4],[7,19,11,23,15,3,1,17,21,9,4],[15,7,23,11,3,19,1,17,21,9,12,4],[3,15,19,1,17,7,11,23,21,9,4],[19,11,15,3,17,23,7,1,21,9,4],[15,23,7,3,11,19,17,21,1,9,4],[15,23,7,19,3,1,17,11,21,9,12,4],[19,11,7,23,3,17,15,1,21,9,4],[7,15,23,3,19,1,17,11,21,9,12,4],[15,3,23,7,19,17,11,21,1,9,4],[3,23,7,11,19,1,17,15,21,9,12,4],[11,3,7,19,17,23,15,1,21,9,4],[23,15,7,3,19,17,11,21,1,9,12,4],[19,3,17,23,7,15,11,21,1,9,12,4],[23,3,11,7,15,19,17,21,1,9,4],[15,3,23,11,19,1,17,7,21,9,12,4],[7,23,15,11,19,3,1,17,21,9,4],[15,11,19,3,17,23,7,1,21,9,12,4],[15,19,7,3,1,17,23,11,21,9,12,4],[19,7,15,3,17,23,11,1,21,9,4],[7,3,11,19,1,17,15,23,21,9,12,4],[11,23,7,3,15,19,17,21,1,9,12,4],[11,7,23,15,19,3,17,1,21,9,4],[15,7,23,3,11,19,17,1,21,9,4],[15,23,11,3,19,17,7,21,1,9,4],[3,7,19,17,15,23,11,21,1,9,12,4],[11,23,7,3,15,19,1,17,21,9,12,4],[11,3,19,17,23,7,15,21,1,9,12,4],[23,19,11,7,15,3,17,21,1,9,12,4],[23,11,7,15,19,3,1,17,21,9,12,4],[15,19,7,3,17,23,11,1,21,9,4],[7,11,19,15,23,3,17,1,21,9,12,4],[7,19,3,17,23,11,15,1,21,9,12,4],[19,7,3,1,17,15,11,23,21,9,12,4],[7,11,23,19,15,3,17,1,21,9,12,4],[19,15,23,7,3,1,17,11,21,9,4],[11,23,19,3,17,7,15,21,1,9,4],[15,19,11,23,7,3,1,17,21,9,12,4],[3,23,15,11,7,19,1,17,21,9,12,4],[3,23,15,19,17,7,11,1,21,9,12,4],[11,19,15,7,3,17,23,1,21,9,4],[3,23,7,19,1,17,11,15,21,9,4],[15,3,7,19,1,17,11,23,21,9,12,4],[3,19,17,23,7,11,15,1,21,9,12,4],[7,3,11,19,17,23,15,21,1,9,12,4],[3,15,11,7,23,19,17,21,1,9,12,4],[11,19,15,3,17,7,23,1,21,9,12,4],[11,23,7,3,15,19,17,21,1,9,4],[3,23,11,19,1,17,7,15,21,9,4],[15,11,7,23,19,3,1,17,21,9,4],[7,15,19,23,3,17,11,1,21,9,12,4],[19,7,15,11,3,1,17,23,21,9,12,4],[11,3,19,1,17,23,15,7,21,9,4],[15,23,7,3,11,19,17,1,21,9,12,4],[11,15,23,19,7,3,1,17,21,9,4],[23,3,15,7,19,17,11,21,1,9,12,4],[11,15,7,23,3,19,1,17,21,9,12,4],[7,19,23,15,11,3,17,1,21,9,4]],"n_human":10}