{"problem_id":"1Ay26TgLsQaGf51","sigma":150,"alpha":10.000,"cost":1,"probabilities":"[0.24, 0.27, 0.23, 0.26]","payoff_matrix":"[[-227, -63, -42, 18, 164, -51], [-86, 54, -385, 25, 130, 20], [-191, 15, 79, 70, 100, -106], [65, -34, 128, -98, 111, -147]]","uncovered":[[18,2,6,8,20,22,10,14,16,24,17],[2,6,10,14,16,18,8,20,22,24,5,4,1,17],[2,18,10,22,24,6,20,8,14,16,5,4,1,17],[22,6,24,2,14,8,16,10,18,20,5,4,1,17],[6,22,24,14,16,2,10,18,8,20,17],[18,6,8,20,2,10,22,14,16,24,17],[2,10,6,18,8,20,22,14,16,24,5,4,17],[18,6,8,20,2,22,14,10,16,24,5,4,1,17],[14,18,20,10,22,6,8,2,16,24,17],[10,2,22,6,24,18,8,20,14,16,5,4,17],[10,14,22,16,18,24,2,6,20,8,17],[2,22,10,14,24,6,16,18,20,8,5,4,1,17],[18,22,24,2,10,6,8,20,14,16,17],[6,2,18,20,8,14,10,22,16,24,5,4,1,19],[6,22,24,14,8,16,18,20,2,10,5,4,17],[22,14,16,10,18,20,2,6,8,24,17],[6,2,22,8,24,14,16,10,18,20,5,4,1,17],[22,18,20,6,8,10,2,14,16,24,5,4,17],[14,6,8,16,10,18,20,2,22,24,5,4,17],[2,14,18,16,6,20,8,22,10,24,17],[2,18,6,20,8,14,10,22,16,24,17],[10,22,18,20,14,6,8,2,16,24,5,4,1,17],[18,2,22,24,6,8,20,14,10,16,17],[14,2,6,16,22,24,10,18,20,8,5,4,1,17],[18,2,10,22,24,6,20,8,14,16,5,4,17],[22,6,24,10,18,20,8,2,14,16,5,4,1,17],[22,14,24,6,8,16,10,2,18,20,17],[22,10,2,18,20,14,6,8,16,24,5,4,1,17],[22,2,14,24,6,8,16,10,18,20,17],[10,6,14,16,22,24,2,18,20,8,17],[6,18,8,20,14,2,10,22,16,24,17],[14,2,22,16,18,24,10,6,20,8,5,4,1,17],[14,2,6,16,18,20,8,10,22,24,17],[2,14,18,20,10,6,8,22,16,24,5,4,1,17],[2,6,22,8,24,14,16,18,20,10,17],[6,2,14,8,16,10,18,20,22,24,17],[6,2,14,8,16,18,20,22,10,24,5,4,1,17],[14,22,16,10,18,24,2,6,20,8,17],[6,14,16,18,8,20,10,2,22,24,17],[2,14,18,16,6,8,20,10,22,24,5,4,1,17],[10,18,22,24,6,8,20,2,14,16,17],[10,18,14,16,6,20,8,2,22,24,17],[22,10,18,20,2,6,8,14,16,24,5,4,17],[18,10,2,6,8,20,14,22,16,24,5,4,17],[18,14,16,10,22,20,6,8,2,24,17],[18,2,6,8,20,10,22,14,16,24,5,4,17],[22,2,10,6,8,24,18,20,14,16,5,4,17],[2,22,18,20,6,8,14,10,16,24,17],[10,22,14,24,18,20,2,6,8,16,5,4,1,17],[22,2,6,8,24,10,18,20,14,16,5,4,1,17],[6,10,18,20,8,14,22,2,16,24,17],[2,14,22,16,6,24,10,18,20,8,17],[18,22,24,10,14,20,2,6,8,16,5,4,17],[10,18,22,20,2,6,8,14,16,24,5,4,17],[22,18,20,6,8,10,2,14,16,24,17],[22,10,18,24,2,6,20,8,14,16,5,4,1,17],[10,22,6,24,2,14,8,16,18,20,5,4,1,19],[18,22,20,2,14,10,6,8,16,24,17],[2,10,6,18,20,8,14,22,16,24,17],[22,6,8,24,2,10,18,20,14,16,17],[2,6,10,22,8,24,18,20,14,16,17],[10,22,18,24,14,20,6,8,2,16,5,1,17],[18,22,20,14,10,6,8,2,16,24,17],[6,14,16,18,8,20,10,22,2,24,17],[14,10,18,16,22,24,2,6,8,20,5,4,1,17],[6,2,10,18,20,8,14,22,16,24,17],[18,14,20,2,6,8,10,22,16,24,5,4,1,17],[22,18,20,10,6,8,2,14,16,24,17],[22,6,24,18,8,20,2,14,10,16,5,4,1,17],[6,22,24,14,16,10,18,8,20,2,5,4,1,17],[18,2,22,20,6,8,14,10,16,24,5,4,17],[22,18,24,14,16,6,8,20,2,10,17],[14,2,10,18,16,22,24,6,8,20,17],[10,6,22,24,14,8,16,18,20,2,17],[2,14,22,16,18,20,6,8,10,24,5,4,17],[10,6,18,20,8,14,2,22,16,24,5,4,17],[2,10,18,14,16,6,8,20,22,24,17],[14,10,2,6,16,22,8,24,18,20,5,4,17],[2,6,10,22,24,14,16,18,8,20,17],[14,6,8,16,10,2,18,20,22,24,17],[22,14,24,6,16,18,8,20,10,2,17],[18,6,8,20,10,2,14,22,16,24,17],[6,14,8,16,10,22,24,2,18,20,17],[22,18,24,2,10,6,8,20,14,16,17],[10,18,14,16,2,22,24,6,20,8,5,4,1,17],[18,6,8,20,22,2,14,10,16,24,17],[14,22,24,10,6,16,2,18,20,8,5,4,1,17],[6,10,14,8,16,18,20,2,22,24,17],[10,14,6,8,16,18,20,2,22,24,17],[14,10,18,20,2,22,6,8,16,24,17],[10,2,6,14,8,16,22,24,18,20,5,4,1,17],[22,18,24,6,20,8,10,14,2,16,5,4,17],[10,6,2,18,8,20,14,22,16,24,5,4,1,17],[14,6,8,16,18,20,2,10,22,24,5,4,1,17],[6,18,8,20,10,14,22,2,16,24,5,4,17],[14,2,10,18,20,22,6,8,16,24,5,4,1,17],[22,14,16,2,6,8,24,18,20,10,17],[14,22,24,10,6,16,18,20,8,2,5,4,1,17],[10,22,2,18,20,6,8,14,16,24,17],[14,2,22,16,18,24,6,20,8,10,5,4,1,17],[14,6,8,16,18,20,22,2,10,24,17],[14,6,16,10,18,20,8,2,22,24,5,4,1,17],[10,6,22,8,24,2,14,16,18,20,17],[18,22,20,14,10,6,8,2,16,24,5,4,17],[14,6,16,22,8,24,18,20,10,2,17],[6,2,10,14,16,22,8,24,18,20,5,4,17],[14,22,16,2,6,24,18,8,20,10,17],[6,14,8,16,2,18,20,22,10,24,17],[22,2,10,18,24,14,16,6,8,20,5,4,17],[6,18,20,8,2,14,10,22,16,24,5,4,17],[10,14,2,18,16,6,20,8,22,24,5,4,17],[2,10,22,18,24,14,16,6,20,8,5,4,17],[2,10,14,6,8,16,22,24,18,20,5,4,1,17],[22,10,2,18,24,6,8,20,14,16,5,4,17],[22,2,10,6,8,24,14,16,18,20,5,4,1,17],[22,18,24,6,8,20,10,2,14,16,17],[18,22,24,2,6,8,20,14,10,16,17],[6,22,8,24,2,18,20,14,10,16,17],[22,18,24,6,20,8,14,10,2,16,17],[14,10,18,16,2,22,24,6,8,20,17],[6,10,14,8,16,22,24,18,20,2,17],[6,18,20,8,10,2,14,22,16,24,5,4,1,17],[14,22,16,6,8,24,18,20,2,10,5,4,17],[2,18,10,22,20,6,8,14,16,24,5,17],[14,10,18,16,22,24,2,6,20,8,17],[14,2,22,16,6,24,10,18,8,20,5,4,17],[14,22,24,18,16,2,10,6,20,8,17],[18,2,22,24,14,16,10,6,8,20,5,4,17],[14,10,22,16,2,6,24,18,8,20,5,4,1,17],[14,10,18,20,2,6,8,22,16,24,5,4,17],[10,6,2,18,20,8,14,22,16,24,17],[10,14,6,8,16,18,20,22,2,24,5,4,1,17],[18,14,16,22,20,10,2,6,8,24,17],[6,18,8,20,10,14,2,22,16,24,5,4,17],[2,22,14,24,18,16,6,8,20,10,17],[18,10,6,8,20,14,22,2,16,24,5,4,17],[14,22,24,2,18,20,10,6,8,16,5,4,1,17],[2,10,22,18,20,6,8,14,16,24,17],[22,10,2,18,24,14,20,6,8,16,17],[2,18,22,24,6,8,20,14,10,16,17],[18,14,20,10,22,2,6,8,16,24,5,4,17],[22,10,2,14,16,18,24,6,8,20,5,4,1,17],[22,2,14,24,10,18,16,6,20,8,17],[10,6,22,8,24,2,14,16,18,20,17],[22,14,16,10,18,20,6,8,2,24,17],[6,10,18,20,8,14,22,2,16,24,17],[2,22,6,8,24,18,20,14,10,16,5,4,1,17],[22,18,20,2,14,6,8,10,16,24,17],[22,14,16,2,6,24,18,8,20,10,17],[6,10,2,22,24,18,8,20,14,16,17],[14,10,6,8,16,22,24,2,18,20,5,4,17],[10,2,6,14,16,22,8,24,18,20,17],[14,10,6,8,16,2,22,24,18,20,17],[14,22,24,18,20,2,10,6,8,16,17],[22,10,6,8,24,2,14,16,18,20,5,4,1,17],[2,14,10,18,20,6,8,22,16,24,17],[14,2,10,22,16,18,20,6,8,24,17],[6,2,14,8,16,22,24,10,18,20,5,4,17],[2,10,22,14,24,18,16,6,8,20,17],[22,14,24,18,20,10,6,8,2,16,5,4,17],[22,2,10,6,8,24,14,16,18,20,5,4,17],[18,14,16,6,8,20,22,10,2,24,17],[6,14,16,10,18,8,20,2,22,24,17],[6,10,2,22,8,24,14,16,18,20,5,4,1,17],[2,14,18,20,10,6,8,22,16,24,5,4,1,17],[10,2,18,6,20,8,22,14,16,24,5,4,17],[18,22,20,6,8,10,2,14,16,24,5,4,1,17],[2,6,18,8,20,22,14,10,16,24,5,4,17],[18,2,10,22,24,14,16,6,20,8,5,4,1,17],[10,22,2,6,8,24,18,20,14,16,5,4,1,17],[10,2,14,22,24,18,20,6,8,16,17],[10,14,22,16,6,24,2,18,20,8,5,4,1,17],[14,18,20,6,8,22,10,2,16,24,17],[22,18,20,14,6,8,10,2,16,24,17],[2,18,14,16,6,20,8,22,10,24,5,4,1,17],[18,22,24,2,10,14,16,6,20,8,17],[10,14,2,18,16,22,24,6,20,8,17],[18,22,20,14,6,8,2,10,16,24,5,1,17],[14,2,10,18,16,6,20,8,22,24,5,4,1,17],[14,22,24,18,20,6,8,10,2,16,5,4,17],[2,18,10,22,24,6,8,20,14,16,5,4,1,17],[10,6,18,20,8,22,14,2,16,24,17],[22,18,24,14,16,2,10,6,8,20,5,4,17],[2,6,18,20,8,22,10,14,16,24,5,4,17],[6,10,22,24,18,8,20,2,14,16,5,4,1,17],[18,14,20,22,6,8,2,10,16,24,17],[14,18,16,6,20,8,2,22,10,24,17],[18,6,20,8,10,22,14,2,16,24,5,4,1,17],[6,2,14,8,16,22,24,18,20,10,5,4,1,17],[10,6,22,8,24,2,18,20,14,16,5,4,1,17],[6,22,24,2,14,8,16,18,20,10,17],[14,6,8,16,18,20,2,22,10,24,5,4,17],[6,14,8,16,18,20,22,2,10,24,17],[2,22,6,24,10,18,8,20,14,16,17],[2,10,22,6,8,24,14,16,18,20,5,4,17],[2,22,18,20,6,8,10,14,16,24,5,1,17],[14,10,6,16,2,18,20,8,22,24,5,4,1,17],[10,14,6,16,2,18,8,20,22,24,17],[18,10,22,24,14,16,6,8,20,2,17],[22,2,18,24,10,14,20,6,8,16,5,4,17],[10,6,2,22,24,14,16,18,8,20,5,4,17],[18,22,24,10,2,6,8,20,14,16,17],[6,2,22,24,10,14,8,16,18,20,17],[6,2,18,8,20,22,10,14,16,24,17],[18,14,20,6,8,22,2,10,16,24,17],[14,18,20,10,2,22,6,8,16,24,17],[14,10,22,24,18,20,2,6,8,16,5,4,1,17],[18,2,22,20,14,6,8,10,16,24,17],[10,18,6,8,20,14,2,22,16,24,17],[18,14,20,22,2,10,6,8,16,24,5,4,1,17],[6,22,24,10,2,18,8,20,14,16,5,4,1,17],[22,14,24,18,20,2,6,8,10,16,5,4,1,17],[14,22,16,18,24,2,6,8,20,10,17],[14,6,16,22,24,18,8,20,2,10,5,4,1,17],[14,18,20,2,6,8,22,10,16,24,17],[10,22,6,8,24,18,20,2,14,16,5,4,17],[2,6,18,8,20,22,10,14,16,24,5,4,1,17],[18,10,6,20,8,22,2,14,16,24,5,4,17],[2,22,18,24,6,8,20,14,10,16,5,4,17],[18,22,24,10,6,20,8,14,2,16,17],[2,22,14,24,6,8,16,18,20,10,5,4,1,17],[10,2,22,14,16,18,20,6,8,24,5,4,17],[22,18,24,6,8,20,10,14,2,16,17],[10,18,6,20,8,22,14,2,16,24,17],[14,10,18,16,2,6,20,8,22,24,5,4,17],[10,22,6,8,24,2,18,20,14,16,17],[22,2,18,24,6,20,8,14,10,16,17],[22,2,10,6,8,24,14,16,18,20,5,4,17],[22,6,24,2,10,18,8,20,14,16,5,4,17],[22,10,2,14,24,18,16,6,20,8,17],[2,18,6,20,8,22,10,14,16,24,5,4,1,17],[6,18,8,20,22,10,14,2,16,24,5,4,17],[14,6,8,16,2,18,20,22,10,24,5,4,17],[18,6,20,8,22,10,2,14,16,24,17],[6,18,8,20,22,10,14,2,16,24,17],[6,18,8,20,14,22,10,2,16,24,5,4,17],[14,6,16,18,20,8,10,22,2,24,5,4,1,17],[6,14,8,16,18,20,2,22,10,24,17],[10,2,18,6,8,20,22,14,16,24,5,4,17],[14,10,2,6,16,22,24,18,8,20,17],[14,6,16,2,22,8,24,10,18,20,5,4,17],[6,18,20,8,10,22,14,2,16,24,17],[18,22,20,10,2,14,6,8,16,24,5,4,17],[14,6,8,16,18,20,22,2,10,24,5,4,1,17],[14,2,10,18,16,22,24,6,8,20,5,4,17],[10,6,22,24,2,18,8,20,14,16,17],[18,6,20,8,14,2,22,10,16,24,5,4,1,17],[18,10,6,20,8,2,22,14,16,24,17],[14,18,20,22,6,8,10,2,16,24,17],[2,22,10,14,24,18,20,6,8,16,17],[18,2,14,20,22,10,6,8,16,24,17],[10,2,14,22,16,6,8,24,18,20,5,4,17],[14,6,8,16,10,18,20,2,22,24,17],[14,18,16,6,20,8,2,22,10,24,17],[22,6,8,24,14,16,18,20,2,10,17],[10,18,2,14,20,6,8,22,16,24,17],[22,2,10,14,16,6,24,18,8,20,5,4,17],[10,18,2,14,16,22,20,6,8,24,17],[2,18,14,16,22,24,6,8,20,10,5,4,1,17],[2,22,6,24,14,8,16,18,20,10,5,4,1,17],[2,10,18,22,20,6,8,14,16,24,17],[22,2,18,24,14,20,6,8,10,16,17],[18,22,24,10,2,6,20,8,14,16,17],[10,22,18,20,6,8,14,2,16,24,5,4,17],[22,14,24,2,6,8,16,10,18,20,17],[22,10,18,20,14,2,6,8,16,24,17],[14,18,20,6,8,2,10,22,16,24,5,4,1,17],[10,14,22,16,18,24,2,6,8,20,17],[14,10,22,16,18,20,6,8,2,24,5,4,17],[14,6,8,16,10,22,24,2,18,20,17],[14,6,16,22,24,18,20,8,10,2,5,4,17],[22,2,14,16,18,20,10,6,8,24,5,4,17],[22,10,2,14,16,6,8,24,18,20,17],[18,10,22,24,6,20,8,14,2,16,5,4,17],[10,18,22,20,6,8,2,14,16,24,17],[14,2,10,22,24,6,8,16,18,20,17],[6,14,16,22,24,18,8,20,10,2,5,4,17],[18,6,20,8,10,14,2,22,16,24,17],[2,22,10,6,24,14,8,16,18,20,5,4,17],[18,6,8,20,10,2,14,22,16,24,5,4,1,17],[6,10,2,22,8,24,18,20,14,16,5,4,17],[22,14,24,18,16,2,10,6,20,8,5,4,17],[6,14,16,22,8,24,18,20,2,10,5,4,17],[22,6,24,14,16,10,2,18,8,20,5,4,17],[22,14,24,10,2,18,16,6,8,20,17],[14,2,22,16,10,6,24,18,20,8,5,4,17],[10,2,18,6,20,8,14,22,16,24,17],[14,18,20,6,8,2,10,22,16,24,17],[10,6,22,8,24,18,20,14,2,16,5,4,17],[14,2,18,20,22,10,6,8,16,24,5,4,1,17],[18,2,14,20,6,8,10,22,16,24,5,4,1,17],[6,10,18,20,8,14,2,22,16,24,5,4,1,17],[14,18,16,2,6,20,8,22,10,24,5,4,17],[22,2,14,24,6,16,10,18,8,20,17],[14,6,16,18,8,20,10,2,22,24,5,4,17],[14,2,6,16,18,20,8,22,10,24,5,4,17],[14,6,16,22,24,2,18,8,20,10,17],[14,6,16,22,8,24,18,20,2,10,5,4,1,17],[22,6,24,18,20,8,14,10,2,16,17],[6,22,24,18,20,8,10,2,14,16,5,4,17],[2,22,10,14,24,6,8,16,18,20,17],[14,6,8,16,18,20,2,10,22,24,5,4,17],[10,14,6,16,22,24,18,8,20,2,5,4,1,17],[18,22,20,14,2,10,6,8,16,24,5,4,1,17],[10,22,18,20,2,14,6,8,16,24,5,4,17],[18,14,20,2,22,10,6,8,16,24,5,4,17],[22,14,24,18,20,10,6,8,2,16,5,4,1,17],[10,6,22,8,24,2,14,16,18,20,5,4,17],[2,14,18,20,22,6,8,10,16,24,5,4,17],[6,22,24,2,18,8,20,10,14,16,5,4,17],[10,14,22,24,2,18,16,6,20,8,5,4,1,17],[14,10,22,24,18,20,6,8,2,16,5,4,1,17],[10,6,18,8,20,22,14,2,16,24,17],[10,18,14,16,6,8,20,22,2,24,17],[2,6,18,8,20,22,10,14,16,24,5,4,17],[6,18,8,20,2,14,10,22,16,24,5,4,17],[10,6,14,16,2,18,8,20,22,24,5,4,17],[6,2,22,24,18,20,8,14,10,16,5,4,1,17],[2,10,18,6,8,20,22,14,16,24,17],[10,18,6,20,8,2,22,14,16,24,17],[14,22,16,2,10,18,20,6,8,24,17],[14,6,16,18,8,20,22,2,10,24,17],[22,14,24,10,6,16,18,20,8,2,5,4,17],[10,2,6,14,16,18,20,8,22,24,17],[10,22,2,14,24,18,20,6,8,16,5,17],[18,22,20,6,8,14,2,10,16,24,17],[10,2,22,18,24,6,20,8,14,16,17],[2,14,22,24,6,8,16,10,18,20,5,4,17],[6,14,8,16,18,20,22,2,10,24,17],[2,6,10,14,8,16,22,24,18,20,17],[18,2,6,20,8,14,10,22,16,24,5,4,1,17],[18,14,16,2,10,6,20,8,22,24,5,4,1,17],[22,18,20,10,2,14,6,8,16,24,5,4,1,17],[6,18,20,8,2,22,14,10,16,24,17],[6,14,8,16,22,24,10,18,20,2,5,4,17],[22,10,18,20,14,2,6,8,16,24,17],[14,10,22,16,6,8,24,2,18,20,17],[6,22,8,24,14,16,10,18,20,2,5,4,17],[14,10,18,20,2,22,6,8,16,24,5,4,1,17],[18,14,20,10,2,22,6,8,16,24,17],[14,10,18,16,2,22,20,6,8,24,5,4,1,17],[2,22,6,24,14,16,10,18,20,8,5,4,17],[2,22,6,24,18,8,20,10,14,16,17],[2,22,10,18,24,14,20,6,8,16,17],[14,6,16,10,2,18,8,20,22,24,5,4,17],[2,22,18,20,10,6,8,14,16,24,5,4,1,17],[2,14,10,22,16,18,24,6,8,20,17],[18,10,14,16,22,24,2,6,8,20,5,4,17],[22,18,20,6,8,14,10,2,16,24,5,4,17],[2,18,10,22,24,6,8,20,14,16,17],[10,14,22,16,18,20,2,6,8,24,5,4,17],[6,2,14,16,18,20,8,22,10,24,17],[2,6,22,8,24,18,20,14,10,16,17],[14,2,22,24,6,16,10,18,20,8,17],[22,18,24,10,2,6,20,8,14,16,5,4,17],[14,18,20,22,6,8,10,2,16,24,17],[22,2,18,24,14,20,10,6,8,16,5,4,17],[22,14,16,2,18,24,6,8,20,10,5,4,17],[18,22,20,2,6,8,10,14,16,24,5,4,17],[6,10,2,18,20,8,14,22,16,24,17],[22,14,24,6,16,10,18,8,20,2,5,4,1,17],[14,18,16,10,6,8,20,22,2,24,5,4,17],[6,14,8,16,18,20,22,2,10,24,5,4,1,17],[2,14,10,22,16,18,20,6,8,24,17],[14,22,16,10,18,20,6,8,2,24,5,4,17],[14,6,8,16,18,20,22,10,2,24,17],[6,14,8,16,22,24,18,20,10,2,17],[22,6,24,10,2,14,8,16,18,20,5,4,1,17],[6,14,16,2,10,22,24,18,8,20,5,4,1,17],[22,14,16,10,6,24,18,8,20,2,17],[18,10,22,20,6,8,2,14,16,24,17],[22,6,8,24,2,18,20,10,14,16,17],[10,22,14,16,2,6,24,18,20,8,5,4,1,17],[14,2,10,18,20,6,8,22,16,24,17],[10,18,6,8,20,2,22,14,16,24,17],[14,2,6,16,10,22,8,24,18,20,17],[14,6,16,10,22,24,2,18,8,20,5,4,17],[2,10,6,14,16,22,24,18,20,8,17],[6,2,10,18,20,8,14,22,16,24,17],[14,18,20,6,8,22,10,2,16,24,17],[10,2,6,14,8,16,22,24,18,20,5,4,1,17],[14,6,16,18,20,8,10,22,2,24,17],[2,22,14,24,18,20,6,8,10,16,17],[10,22,18,20,6,8,2,14,16,24,17],[14,2,18,20,10,22,6,8,16,24,5,4,17],[2,18,14,16,6,8,20,10,22,24,5,4,1,17],[22,6,8,24,18,20,10,14,2,16,17],[18,6,20,8,14,10,22,2,16,24,17],[2,14,18,16,22,24,6,8,20,10,17],[10,6,14,16,22,24,2,18,8,20,17],[22,14,24,10,2,18,20,6,8,16,5,4,17],[2,10,18,6,20,8,22,14,16,24,5,4,1,17],[14,22,16,18,24,2,6,20,8,10,17],[2,18,22,24,10,14,20,6,8,16,17],[6,18,8,20,10,14,22,2,16,24,5,4,1,17],[18,22,20,14,6,8,2,10,16,24,5,4,17],[14,2,6,8,16,10,22,24,18,20,5,4,17],[6,10,18,8,20,2,14,22,16,24,5,4,1,17],[10,14,18,16,6,20,8,22,2,24,5,4,1,17],[22,14,16,6,8,24,10,2,18,20,17],[14,2,10,6,8,16,22,24,18,20,17],[14,2,10,22,16,18,20,6,8,24,17],[10,2,22,18,20,6,8,14,16,24,17],[22,10,2,18,24,6,8,20,14,16,5,4,17],[18,22,20,10,14,2,6,8,16,24,5,4,17],[14,18,16,10,2,22,24,6,8,20,17],[18,14,16,6,20,8,22,10,2,24,5,4,17],[6,18,8,20,14,10,2,22,16,24,17],[22,6,8,24,2,10,18,20,14,16,17],[18,6,20,8,10,2,14,22,16,24,17],[18,2,22,24,10,14,20,6,8,16,17],[18,2,10,6,8,20,22,14,16,24,17],[10,6,22,24,2,14,8,16,18,20,17],[18,10,22,20,14,6,8,2,16,24,17],[6,10,22,24,14,8,16,18,20,2,5,4,17],[18,6,20,8,14,10,22,2,16,24,17],[6,10,18,20,8,22,2,14,16,24,17],[6,2,10,22,8,24,14,16,18,20,17],[22,10,6,24,2,14,16,18,20,8,5,4,1,17],[2,14,22,16,6,8,24,18,20,10,5,4,1,17],[6,2,22,8,24,10,14,16,18,20,5,4,17],[14,6,8,16,22,24,2,18,20,10,5,4,17],[2,6,22,8,24,14,16,10,18,20,17],[18,10,22,20,6,8,2,14,16,24,17],[6,10,18,20,8,14,2,22,16,24,17],[2,18,6,8,20,22,14,10,16,24,17],[22,14,16,18,24,10,2,6,8,20,17],[22,14,24,6,8,16,2,18,20,10,17],[18,22,24,6,8,20,14,2,10,16,17],[6,2,22,8,24,10,18,20,14,16,5,4,1,17],[2,6,14,16,10,18,20,8,22,24,5,4,17],[6,14,16,18,8,20,22,10,2,24,17],[18,6,8,20,2,22,14,10,16,24,5,4,17],[18,6,8,20,14,10,2,22,16,24,5,4,1,17],[22,2,18,20,10,14,6,8,16,24,5,4,17],[14,6,8,16,2,22,24,18,20,10,17],[22,18,24,14,20,6,8,2,10,16,17],[22,10,6,24,2,18,8,20,14,16,17],[14,10,22,24,2,18,16,6,8,20,17],[6,18,8,20,22,10,2,14,16,24,17],[2,14,18,20,22,10,6,8,16,24,5,4,1,17],[18,2,6,20,8,10,14,22,16,24,17],[6,22,8,24,18,20,10,14,2,16,17],[22,14,24,6,8,16,18,20,2,10,17],[22,14,24,10,18,16,6,20,8,2,5,4,17],[2,14,10,22,24,6,16,18,8,20,17],[10,14,2,22,16,6,8,24,18,20,17],[6,14,16,18,20,8,2,22,10,24,17],[10,18,14,16,6,8,20,2,22,24,17],[2,14,6,16,18,20,8,10,22,24,17],[14,22,24,10,6,16,18,8,20,2,17],[2,22,6,24,10,18,20,8,14,16,5,4,17],[14,6,8,16,2,10,18,20,22,24,5,4,1,17],[10,14,2,18,20,6,8,22,16,24,17],[18,10,2,22,24,6,8,20,14,16,17],[10,22,18,24,14,20,6,8,2,16,17],[18,2,6,8,20,22,10,14,16,24,5,4,17],[6,2,10,22,8,24,14,16,18,20,5,4,17],[14,10,2,22,24,6,8,16,18,20,17],[6,18,20,8,2,10,22,14,16,24,17],[22,18,24,2,6,20,8,10,14,16,17],[2,10,6,14,16,22,8,24,18,20,5,4,1,17],[2,14,22,24,18,20,6,8,10,16,17],[22,18,24,2,6,20,8,10,14,16,5,4,17],[2,18,14,20,10,22,6,8,16,24,5,4,17],[22,14,24,18,16,10,2,6,8,20,5,17],[22,10,2,6,8,24,18,20,14,16,17],[6,2,18,8,20,10,22,14,16,24,5,4,17],[18,10,14,16,22,20,6,8,2,24,5,4,17],[14,18,16,10,2,22,20,6,8,24,17],[22,6,8,24,14,16,2,10,18,20,17],[14,18,16,6,8,20,2,22,10,24,5,4,1,17],[2,10,18,14,20,22,6,8,16,24,5,4,17],[10,22,18,20,2,6,8,14,16,24,17],[18,2,14,20,6,8,22,10,16,24,5,4,1,17],[10,18,14,16,6,8,20,2,22,24,5,4,1,17],[6,18,8,20,22,2,10,14,16,24,17],[6,22,24,14,16,18,20,8,2,10,5,4,1,17],[2,14,18,16,10,6,20,8,22,24,5,4,1,17],[10,22,6,24,18,8,20,2,14,16,17],[14,2,18,16,6,8,20,22,10,24,17],[10,2,14,22,16,18,20,6,8,24,17],[18,10,22,20,6,8,14,2,16,24,5,4,1,17],[10,6,2,18,20,8,14,22,16,24,5,4,1,17],[18,22,20,2,10,6,8,14,16,24,17],[10,22,18,20,2,14,6,8,16,24,17],[18,14,20,6,8,2,22,10,16,24,5,4,17],[18,22,24,6,20,8,14,10,2,16,17],[22,2,6,24,10,18,8,20,14,16,5,4,1,17],[2,22,10,6,24,14,16,18,20,8,5,4,1,17],[14,6,8,16,18,20,10,2,22,24,5,4,1,17],[14,2,6,16,18,20,8,22,10,24,17],[2,10,22,6,24,18,8,20,14,16,17],[2,6,14,8,16,18,20,10,22,24,17],[14,10,18,20,2,22,6,8,16,24,5,4,17],[6,14,16,10,2,18,8,20,22,24,5,4,3,17],[10,22,14,16,18,20,6,8,2,24,5,4,17],[6,2,18,20,8,10,14,22,16,24,17],[6,10,14,16,18,8,20,22,2,24,17],[22,14,16,18,24,6,20,8,2,10,5,4,17],[10,22,6,24,18,8,20,2,14,16,5,4,1,17],[6,14,8,16,18,20,22,2,10,24,17],[2,10,6,18,8,20,14,22,16,24,5,4,17],[18,14,20,10,22,6,8,2,16,24,17],[2,22,6,8,24,10,14,16,18,20,17],[22,18,20,14,6,8,10,2,16,24,17],[2,14,22,16,6,8,24,18,20,10,5,4,1,17],[18,10,6,20,8,2,22,14,16,24,5,4,1,17],[10,2,6,22,24,14,16,18,8,20,17],[18,10,2,22,20,14,6,8,16,24,17],[22,14,24,2,6,8,16,18,20,10,5,4,17],[22,14,24,10,18,16,2,6,8,20,5,4,17],[14,18,16,6,8,20,10,22,2,24,17],[2,18,14,16,22,24,6,20,8,10,17],[10,18,14,20,22,6,8,2,16,24,5,4,17],[14,18,16,22,20,6,8,2,10,24,17],[2,14,10,18,16,6,20,8,22,24,17],[18,2,22,24,6,20,8,10,14,16,5,4,17],[6,22,24,18,20,8,2,14,10,16,5,4,17],[2,18,10,6,20,8,14,22,16,24,5,4,17],[6,10,14,8,16,2,18,20,22,24,5,4,1,17],[18,6,8,20,14,22,10,2,16,24,17],[6,18,20,8,2,14,10,22,16,24,5,4,1,17],[14,18,20,22,6,8,10,2,16,24,5,4,1,17],[10,14,18,20,2,6,8,22,16,24,5,4,1,17],[22,6,24,18,20,8,14,10,2,16,17],[6,2,18,20,8,10,14,22,16,24,17],[22,10,14,24,18,20,2,6,8,16,5,4,1,17],[10,14,22,16,18,20,2,6,8,24,17],[2,10,14,6,16,18,8,20,22,24,17],[22,14,16,2,6,24,10,18,8,20,17],[18,6,8,20,14,2,10,22,16,24,17],[18,2,6,8,20,14,10,22,16,24,5,4,17],[10,2,6,18,20,8,22,14,16,24,17],[22,18,20,2,14,6,8,10,16,24,5,4,17],[18,22,20,14,6,8,2,10,16,24,17],[14,22,24,18,16,6,20,8,2,10,17],[2,22,10,6,24,14,16,18,8,20,17],[22,14,24,6,16,10,18,8,20,2,17],[18,2,6,8,20,22,10,14,16,24,5,4,17],[22,10,14,16,18,24,6,20,8,2,17],[22,10,18,24,2,6,20,8,14,16,5,4,17],[18,6,20,8,14,22,10,2,16,24,17],[18,2,10,14,20,22,6,8,16,24,17],[10,22,14,16,2,6,8,24,18,20,17],[10,14,6,16,2,18,20,8,22,24,5,4,17],[2,18,10,14,16,22,24,6,20,8,5,4,1,19],[2,22,18,24,6,8,20,10,14,16,5,4,17],[22,10,14,16,18,24,6,20,8,2,5,4,17],[14,10,2,18,16,6,8,20,22,24,5,4,17],[2,22,18,20,10,6,8,14,16,24,17],[6,22,8,24,2,14,16,18,20,10,17],[10,14,22,16,2,6,24,18,8,20,17],[14,6,16,22,8,24,10,18,20,2,5,4,17],[14,6,8,16,22,24,10,18,20,2,17],[6,10,2,18,8,20,22,14,16,24,17],[10,2,18,6,20,8,14,22,16,24,17],[22,10,14,16,18,24,6,20,8,2,5,4,1,17],[2,22,18,24,10,6,20,8,14,16,5,4,17],[2,10,22,6,8,24,18,20,14,16,17],[10,2,6,22,8,24,14,16,18,20,17],[2,10,6,14,8,16,22,24,18,20,17],[6,18,20,8,14,22,2,10,16,24,17],[6,2,18,8,20,22,10,14,16,24,5,4,1,17],[10,14,2,22,16,18,24,6,8,20,17],[6,14,16,18,8,20,2,10,22,24,5,4,17],[2,6,14,16,18,8,20,10,22,24,17],[14,10,2,18,20,6,8,22,16,24,17],[10,6,18,20,8,2,14,22,16,24,17],[2,18,6,8,20,10,22,14,16,24,5,4,1,17],[14,18,16,2,6,20,8,22,10,24,17],[2,10,6,14,8,16,18,20,22,24,5,4,17],[6,14,8,16,22,24,2,10,18,20,5,4,1,17],[6,10,2,14,8,16,22,24,18,20,5,4,1,17],[18,14,16,2,10,6,8,20,22,24,5,4,17],[22,10,14,24,2,18,16,6,20,8,17],[18,14,16,10,6,20,8,2,22,24,5,4,17],[10,22,2,6,24,18,8,20,14,16,17],[10,14,22,16,6,24,18,20,8,2,5,4,1,17],[18,2,22,24,14,16,10,6,8,20,5,4,17],[2,22,10,14,24,18,16,6,20,8,5,4,17],[14,10,22,24,18,20,2,6,8,16,5,4,17],[10,14,6,8,16,22,24,18,20,2,5,4,17],[18,10,22,24,14,16,6,20,8,2,5,4,1,17],[6,10,22,8,24,14,16,18,20,2,5,4,17],[18,14,16,10,2,22,20,6,8,24,17],[2,14,10,18,20,22,6,8,16,24,5,4,17],[22,2,10,18,24,6,8,20,14,16,5,4,1,17],[22,18,24,10,14,16,6,20,8,2,17],[2,14,10,18,20,6,8,22,16,24,5,4,1,17],[22,10,18,20,6,8,14,2,16,24,17],[14,18,20,6,8,2,22,10,16,24,17],[2,6,14,8,16,18,20,10,22,24,17],[14,10,22,24,6,8,16,18,20,2,17],[14,2,10,22,16,6,24,18,20,8,17],[14,22,16,10,18,20,2,6,8,24,5,4,17],[10,2,6,22,24,18,8,20,14,16,17],[22,2,18,24,10,14,20,6,8,16,5,4,1,17],[14,10,22,24,2,6,8,16,18,20,5,4,1,17],[22,6,24,14,16,10,18,20,8,2,5,4,17],[2,22,10,14,24,6,8,16,18,20,17],[6,10,22,8,24,14,16,18,20,2,17],[2,14,6,16,18,8,20,22,10,24,5,4,1,17],[18,10,6,8,20,2,14,22,16,24,5,4,17],[2,6,14,8,16,10,22,24,18,20,17],[2,14,22,16,10,6,8,24,18,20,17],[22,14,24,18,16,10,2,6,20,8,17],[22,6,8,24,14,16,18,20,10,2,5,4,1,17],[2,22,10,6,8,24,14,16,18,20,17],[22,6,24,18,8,20,14,10,2,16,5,17],[22,10,6,24,14,8,16,2,18,20,17],[22,14,24,2,6,16,18,8,20,10,5,3,17],[18,22,24,10,2,6,8,20,14,16,5,4,1,17],[22,18,24,6,8,20,14,2,10,16,5,4,17],[18,10,2,14,16,22,20,6,8,24,5,4,1,17],[18,2,22,20,10,6,8,14,16,24,5,4,17],[10,22,14,16,2,6,8,24,18,20,5,1,17],[14,18,16,6,8,20,10,2,22,24,17],[18,10,6,20,8,14,2,22,16,24,17],[6,14,16,22,8,24,2,18,20,10,5,4,1,17],[14,22,16,18,20,6,8,10,2,24,5,4,17],[2,6,18,20,8,10,22,14,16,24,5,4,1,17],[2,14,6,8,16,22,24,10,18,20,5,4,17],[18,6,20,8,14,2,22,10,16,24,5,4,17],[18,14,16,2,6,20,8,10,22,24,5,4,1,17],[18,2,22,24,14,16,6,8,20,10,17],[14,18,16,22,24,6,20,8,10,2,5,4,1,17],[18,14,16,6,8,20,22,2,10,24,17],[10,6,14,8,16,2,18,20,22,24,5,17],[18,2,22,24,6,8,20,10,14,16,17],[10,2,18,6,8,20,22,14,16,24,5,4,1,17],[6,10,18,8,20,22,14,2,16,24,5,4,1,17],[18,10,22,24,6,20,8,2,14,16,17],[6,22,8,24,14,16,18,20,2,10,17],[2,18,14,20,22,10,6,8,16,24,5,4,1,17],[14,6,16,2,10,18,20,8,22,24,5,4,17],[22,18,24,6,20,8,2,10,14,16,5,4,1,17],[10,2,14,18,16,6,8,20,22,24,5,4,17],[18,22,20,10,14,6,8,2,16,24,17],[2,22,10,18,20,6,8,14,16,24,17],[6,2,18,8,20,10,14,22,16,24,5,4,1,17],[10,18,6,20,8,14,2,22,16,24,5,4,1,17],[6,22,24,10,2,14,8,16,18,20,17],[10,2,22,14,16,18,20,6,8,24,17],[22,14,16,18,24,10,6,20,8,2,5,4,17],[2,18,10,6,20,8,22,14,16,24,5,4,1,17],[22,2,10,6,8,24,14,16,18,20,5,4,1,17],[10,22,6,8,24,14,16,2,18,20,17],[10,6,2,14,8,16,18,20,22,24,5,4,1,17],[2,14,18,16,10,6,8,20,22,24,17],[2,18,10,14,20,6,8,22,16,24,5,4,17],[2,22,18,24,14,20,10,6,8,16,17],[2,6,22,24,10,18,20,8,14,16,17],[10,6,18,8,20,14,22,2,16,24,17],[2,22,14,16,18,24,10,6,20,8,17],[6,14,8,16,22,24,2,18,20,10,5,4,17],[22,10,6,24,2,18,8,20,14,16,5,4,17],[18,14,20,2,22,10,6,8,16,24,17],[14,6,16,18,8,20,22,2,10,24,5,4,17],[14,10,22,16,18,20,2,6,8,24,5,4,17],[14,18,20,10,6,8,2,22,16,24,17],[10,2,14,22,16,6,8,24,18,20,5,4,17],[14,6,16,22,24,10,2,18,8,20,17],[10,14,18,20,22,6,8,2,16,24,5,4,1,17],[18,6,20,8,10,14,2,22,16,24,5,4,17],[18,2,22,20,10,14,6,8,16,24,17],[22,14,16,18,20,10,2,6,8,24,5,4,17],[14,18,16,2,6,20,8,10,22,24,17],[2,14,18,20,10,6,8,22,16,24,17],[18,14,20,10,2,6,8,22,16,24,17],[14,2,10,22,16,6,8,24,18,20,5,4,17],[14,6,16,10,2,22,8,24,18,20,17],[14,22,24,18,16,2,10,6,8,20,17],[18,22,20,10,2,6,8,14,16,24,17],[18,22,20,14,2,10,6,8,16,24,17],[10,6,2,14,8,16,22,24,18,20,17],[6,10,18,20,8,14,2,22,16,24,17],[22,18,24,14,20,2,6,8,10,16,17],[2,18,14,20,6,8,22,10,16,24,5,4,17],[2,22,6,24,10,18,20,8,14,16,17],[10,6,2,14,8,16,22,24,18,20,5,4,17],[6,10,14,8,16,18,20,2,22,24,17],[22,2,10,18,20,14,6,8,16,24,17],[10,22,18,20,6,8,2,14,16,24,5,4,17],[6,10,14,8,16,18,20,22,2,24,17],[6,2,18,20,8,14,10,22,16,24,5,4,17],[18,2,14,16,6,20,8,22,10,24,17],[22,18,20,2,14,10,6,8,16,24,5,4,1,17],[18,14,20,6,8,22,2,10,16,24,17],[18,22,20,10,6,8,2,14,16,24,17],[22,18,20,6,8,10,14,2,16,24,17],[2,14,18,16,6,20,8,10,22,24,17],[2,6,10,22,24,14,8,16,18,20,5,4,17],[22,18,24,14,20,10,2,6,8,16,5,4,1,17],[18,14,16,22,24,10,6,8,20,2,5,4,1,17],[22,10,14,24,18,20,6,8,2,16,17],[10,18,14,20,2,22,6,8,16,24,5,17],[18,2,6,20,8,14,22,10,16,24,17],[14,22,24,18,20,10,6,8,2,16,17],[18,14,20,22,6,8,10,2,16,24,5,4,1,17],[18,6,8,20,2,10,22,14,16,24,5,4,17],[2,10,6,14,16,22,24,18,8,20,17],[10,14,6,16,18,20,8,22,2,24,17],[10,22,2,18,20,14,6,8,16,24,5,4,17],[22,10,14,16,6,8,24,18,20,2,5,4,1,17],[6,18,8,20,14,10,2,22,16,24,17],[18,22,24,2,6,20,8,14,10,16,5,4,17],[2,6,14,8,16,10,18,20,22,24,17],[10,14,6,16,18,20,8,2,22,24,5,4,1,17],[2,22,6,24,18,8,20,10,14,16,5,4,1,17],[18,10,2,22,20,14,6,8,16,24,5,4,1,17],[2,6,18,20,8,22,10,14,16,24,17],[6,22,24,18,8,20,14,2,10,16,17],[18,14,20,2,6,8,22,10,16,24,17],[10,22,18,20,2,6,8,14,16,24,17],[2,14,18,20,22,10,6,8,16,24,5,4,1,17],[2,18,10,14,20,22,6,8,16,24,5,4,17],[10,2,14,18,20,6,8,22,16,24,5,4,1,17],[6,10,22,8,24,18,20,14,2,16,17],[22,14,16,10,2,18,24,6,20,8,17],[2,6,14,8,16,18,20,22,10,24,17],[22,18,20,2,6,8,10,14,16,24,5,4,1,17],[14,18,16,10,22,24,2,6,20,8,5,4,1,17],[6,18,8,20,10,22,2,14,16,24,5,4,1,17],[14,18,16,2,6,8,20,22,10,24,17],[14,22,24,18,20,6,8,2,10,16,5,4,1,17],[2,18,6,20,8,10,22,14,16,24,17],[2,22,10,14,24,18,20,6,8,16,17],[2,18,14,16,10,6,20,8,22,24,17],[14,6,8,16,18,20,10,2,22,24,17],[18,10,22,20,14,6,8,2,16,24,17],[10,2,6,18,20,8,14,22,16,24,5,4,1,17],[14,2,6,16,22,8,24,18,20,10,5,4,1,17],[14,10,2,22,16,18,20,6,8,24,5,4,1,17],[18,22,20,10,14,2,6,8,16,24,5,4,1,17],[10,22,2,6,24,18,20,8,14,16,5,4,1,17],[18,2,6,8,20,10,22,14,16,24,5,4,1,17],[22,14,24,2,6,8,16,18,20,10,17],[6,18,20,8,10,22,14,2,16,24,5,17],[14,22,16,6,24,18,20,8,10,2,5,4,1,17],[6,22,24,2,18,8,20,14,10,16,17],[18,22,20,10,2,6,8,14,16,24,5,4,17],[18,22,20,10,6,8,14,2,16,24,5,4,17],[10,2,14,22,24,6,16,18,8,20,17],[2,22,14,16,10,6,8,24,18,20,17],[14,6,8,16,18,20,10,22,2,24,5,1,17],[2,10,14,22,24,6,16,18,8,20,5,4,17],[2,6,14,16,18,20,8,22,10,24,5,4,17],[6,14,16,18,8,20,10,2,22,24,17],[22,2,6,8,24,18,20,10,14,16,17],[10,22,14,24,18,20,2,6,8,16,5,4,1,17],[10,2,14,6,16,18,20,8,22,24,17],[18,6,20,8,14,2,22,10,16,24,17],[6,10,18,20,8,2,14,22,16,24,5,4,17],[2,10,14,22,24,6,8,16,18,20,17],[6,10,22,24,18,20,8,2,14,16,5,4,1,17],[18,10,6,20,8,22,2,14,16,24,5,4,17],[14,10,2,22,24,18,20,6,8,16,17],[18,22,24,2,6,8,20,10,14,16,17],[2,18,10,22,24,6,20,8,14,16,17],[22,10,18,20,6,8,2,14,16,24,5,4,17],[2,22,18,20,10,6,8,14,16,24,5,4,17],[10,14,6,8,16,22,24,18,20,2,17],[2,6,14,8,16,10,18,20,22,24,17],[14,22,16,10,6,24,2,18,20,8,5,4,1,17],[2,10,14,22,16,6,8,24,18,20,17],[14,22,16,6,24,2,10,18,20,8,17],[10,2,6,22,24,14,16,18,20,8,5,4,1,17],[14,6,16,18,8,20,22,10,2,24,5,4,17],[6,2,18,20,8,14,10,22,16,24,17],[22,2,6,24,18,8,20,10,14,16,17],[6,14,16,22,8,24,10,18,20,2,5,4,17],[14,6,8,16,2,10,22,24,18,20,17],[6,14,16,10,2,18,8,20,22,24,17],[22,18,20,2,14,10,6,8,16,24,5,4,17],[14,6,8,16,10,18,20,2,22,24,5,4,17],[10,22,14,24,2,6,16,18,20,8,17],[6,18,8,20,2,22,10,14,16,24,5,4,1,17],[14,22,24,10,18,20,6,8,2,16,5,4,17],[22,10,2,18,20,6,8,14,16,24,17],[6,14,16,22,24,10,2,18,8,20,5,4,17],[10,2,18,22,24,6,8,20,14,16,5,4,17],[18,6,20,8,14,10,2,22,16,24,17],[6,22,24,2,14,8,16,18,20,10,17],[10,14,2,18,16,6,8,20,22,24,5,4,17],[2,6,18,8,20,22,14,10,16,24,17],[22,18,24,10,2,6,20,8,14,16,5,4,17],[18,2,22,20,10,6,8,14,16,24,17],[14,22,24,18,20,2,6,8,10,16,5,4,1,17],[18,6,8,20,14,22,2,10,16,24,17],[18,10,14,16,22,20,2,6,8,24,5,4,17],[18,2,14,20,22,6,8,10,16,24,17],[18,14,20,10,2,22,6,8,16,24,17],[10,6,2,18,8,20,22,14,16,24,17],[2,10,18,6,8,20,14,22,16,24,5,4,17],[22,14,16,2,6,8,24,18,20,10,17],[6,18,8,20,2,14,22,10,16,24,5,4,17],[18,2,14,16,22,24,6,20,8,10,5,4,1,17],[18,6,8,20,10,14,22,2,16,24,5,4,17],[6,14,8,16,22,24,18,20,10,2,5,4,17],[14,2,10,18,16,22,20,6,8,24,5,4,1,17],[6,10,14,8,16,18,20,2,22,24,5,4,17],[18,14,20,10,6,8,2,22,16,24,5,4,17],[22,18,24,6,8,20,2,14,10,16,5,4,1,17],[14,22,24,2,18,16,10,6,8,20,17],[18,22,24,10,2,14,16,6,8,20,17],[18,2,14,20,10,6,8,22,16,24,5,4,17],[10,6,14,8,16,22,24,18,20,2,5,4,1,17],[10,22,18,20,6,8,14,2,16,24,5,4,17],[10,22,6,24,2,18,8,20,14,16,17],[10,18,2,6,8,20,22,14,16,24,17],[22,6,8,24,14,16,10,2,18,20,17],[2,22,18,24,14,20,6,8,10,16,5,4,1,17],[14,6,16,18,8,20,2,22,10,24,17],[2,18,14,20,6,8,10,22,16,24,5,4,1,17],[18,14,16,22,24,10,6,20,8,2,17],[18,22,20,2,10,6,8,14,16,24,5,4,17],[22,10,2,18,24,14,20,6,8,16,5,4,17],[10,14,6,16,18,20,8,2,22,24,5,4,17],[10,18,22,24,14,20,2,6,8,16,5,4,17],[22,2,6,8,24,14,16,10,18,20,17],[22,14,16,10,2,18,24,6,8,20,5,4,1,17],[14,18,16,22,20,6,8,10,2,24,17],[22,18,20,2,6,8,14,10,16,24,17],[14,22,16,18,24,6,8,20,10,2,5,17],[14,10,6,16,22,8,24,18,20,2,17],[14,10,2,22,24,6,16,18,20,8,17],[18,6,20,8,10,14,2,22,16,24,5,4,17],[10,22,18,24,6,20,8,2,14,16,17],[14,18,20,10,6,8,2,22,16,24,5,4,1,17],[18,6,20,8,2,14,22,10,16,24,17],[14,22,16,10,2,18,20,6,8,24,5,4,17],[18,22,20,14,6,8,2,10,16,24,5,4,1,17],[22,14,24,10,18,16,2,6,8,20,5,4,1,17],[22,2,14,16,18,24,6,8,20,10,5,4,17],[2,14,6,8,16,18,20,22,10,24,5,4,1,17],[18,22,24,10,14,16,6,8,20,2,17],[10,2,18,14,20,22,6,8,16,24,17],[2,10,14,6,16,22,24,18,8,20,17],[22,2,14,16,6,24,18,20,8,10,5,4,17],[2,6,10,18,20,8,22,14,16,24,5,4,17],[18,10,14,16,6,20,8,2,22,24,5,4,1,17],[14,2,22,16,18,24,10,6,8,20,17],[18,22,24,6,20,8,2,10,14,16,5,4,1,17],[10,22,6,8,24,14,16,2,18,20,5,4,1,17],[2,10,6,22,24,18,8,20,14,16,5,4,1,17],[14,18,20,10,22,6,8,2,16,24,17],[10,6,22,24,2,14,16,18,20,8,5,4,1,17],[18,14,16,2,22,24,10,6,8,20,17],[14,2,10,22,16,18,20,6,8,24,5,4,17],[18,2,6,20,8,14,22,10,16,24,17],[22,18,20,10,6,8,2,14,16,24,17],[6,10,2,22,8,24,18,20,14,16,17],[14,2,6,16,18,8,20,10,22,24,5,4,1,17],[22,18,20,2,6,8,14,10,16,24,17],[6,14,8,16,22,24,2,18,20,10,17],[22,6,24,14,16,18,8,20,2,10,17],[14,6,8,16,18,20,2,10,22,24,5,4,17],[6,18,20,8,22,14,2,10,16,24,17],[14,2,22,16,6,24,18,8,20,10,17],[10,22,6,24,14,8,16,18,20,2,17],[14,2,6,8,16,22,24,10,18,20,5,4,1,17],[2,22,18,20,6,8,14,10,16,24,17],[10,18,2,6,20,8,14,22,16,24,5,4,1,17],[14,6,8,16,2,10,18,20,22,24,17],[14,22,24,6,8,16,2,18,20,10,17],[6,18,20,8,2,10,14,22,16,24,17],[14,2,10,18,16,6,20,8,22,24,5,4,17],[18,2,14,20,22,10,6,8,16,24,17],[6,14,16,18,8,20,22,10,2,24,5,4,17],[18,22,20,6,8,14,10,2,16,24,5,4,1,17],[10,6,14,16,22,8,24,18,20,2,5,4,17],[18,2,14,20,6,8,10,22,16,24,5,4,17],[6,14,8,16,2,10,18,20,22,24,17],[10,14,2,22,24,18,20,6,8,16,17],[18,22,24,2,10,6,8,20,14,16,17],[18,14,20,2,22,10,6,8,16,24,5,4,17],[6,2,22,8,24,18,20,10,14,16,17],[18,22,20,14,2,10,6,8,16,24,17],[6,2,10,14,16,18,8,20,22,24,5,17],[18,2,14,16,6,8,20,22,10,24,17],[14,2,18,20,22,6,8,10,16,24,17],[2,10,6,18,8,20,14,22,16,24,17],[10,14,18,20,2,22,6,8,16,24,17],[10,2,22,6,24,18,8,20,14,16,5,4,17],[18,14,16,10,22,24,6,8,20,2,5,4,17],[22,14,24,10,2,6,16,18,20,8,5,4,1,17],[22,14,16,2,18,20,6,8,10,24,17],[2,14,6,8,16,10,18,20,22,24,5,4,17],[2,10,14,22,16,18,24,6,20,8,5,4,1,17],[6,2,10,14,8,16,18,20,22,24,5,4,17],[22,2,14,24,10,6,16,18,20,8,5,4,1,17],[2,10,14,22,24,18,16,6,20,8,5,4,17],[10,22,18,24,14,20,6,8,2,16,17],[10,22,14,16,18,24,6,20,8,2,17],[2,14,10,6,8,16,22,24,18,20,17],[10,22,14,16,18,24,2,6,8,20,17],[2,6,18,20,8,22,10,14,16,24,17],[18,14,16,10,22,24,2,6,20,8,5,4,1,17],[10,22,14,16,6,8,24,18,20,2,17],[2,18,22,20,6,8,10,14,16,24,5,4,17],[14,10,6,8,16,2,22,24,18,20,17],[6,14,8,16,10,18,20,2,22,24,17],[10,22,6,24,2,14,8,16,18,20,17],[14,10,2,22,24,18,16,6,8,20,5,4,17],[14,18,16,2,22,24,10,6,20,8,5,4,17],[18,22,24,2,14,16,10,6,8,20,17],[18,2,6,20,8,10,14,22,16,24,5,4,1,17],[22,6,24,2,10,14,16,18,20,8,5,4,17],[10,22,18,20,6,8,14,2,16,24,5,4,17],[2,18,14,16,6,8,20,22,10,24,17],[2,14,10,18,16,22,24,6,20,8,5,4,1,17],[22,2,10,6,24,18,20,8,14,16,5,4,1,17],[6,22,8,24,18,20,14,10,2,16,17],[2,22,6,8,24,18,20,14,10,16,5,4,17],[6,18,8,20,10,2,14,22,16,24,5,4,17],[6,14,8,16,22,24,18,20,10,2,17],[10,6,2,18,20,8,22,14,16,24,5,4,17],[10,14,22,24,6,16,18,20,8,2,5,4,1,17],[14,22,16,18,24,2,6,20,8,10,17],[2,14,10,22,16,6,24,18,20,8,17],[18,22,20,6,8,10,2,14,16,24,5,4,17],[2,10,6,14,8,16,18,20,22,24,17],[6,22,8,24,10,14,16,18,20,2,5,4,17],[14,6,16,2,10,22,8,24,18,20,17],[10,18,22,20,6,8,2,14,16,24,5,4,1,17],[2,6,22,8,24,10,14,16,18,20,5,4,17],[10,6,22,8,24,18,20,2,14,16,5,4,1,17],[6,2,10,18,20,8,14,22,16,24,17],[2,18,6,20,8,22,14,10,16,24,5,4,17],[10,14,2,6,16,22,24,18,8,20,5,4,17],[6,18,8,20,22,2,14,10,16,24,17],[2,6,14,16,18,8,20,22,10,24,17],[22,6,8,24,10,2,18,20,14,16,5,4,17],[18,10,22,20,2,14,6,8,16,24,5,4,17],[18,14,20,22,2,6,8,10,16,24,17],[18,14,16,6,8,20,2,10,22,24,5,4,1,17],[18,22,20,6,8,10,14,2,16,24,17],[6,22,8,24,18,20,2,14,10,16,17],[22,2,18,24,6,8,20,10,14,16,5,4,1,17],[10,18,14,16,22,20,6,8,2,24,5,4,1,17],[14,10,18,20,6,8,22,2,16,24,17],[18,10,6,20,8,14,22,2,16,24,17],[2,14,10,22,24,18,20,6,8,16,17],[2,22,6,8,24,18,20,10,14,16,5,4,1,17],[10,22,2,18,20,14,6,8,16,24,17],[22,10,2,6,24,18,8,20,14,16,5,4,17],[6,2,18,20,8,14,10,22,16,24,17],[14,22,24,6,8,16,2,18,20,10,5,4,1,17],[14,22,24,10,2,18,20,6,8,16,17],[14,6,16,10,18,8,20,22,2,24,17],[18,2,6,20,8,10,22,14,16,24,5,4,17],[22,14,16,10,2,6,24,18,20,8,5,4,1,17],[10,18,14,20,6,8,22,2,16,24,5,4,17],[10,22,2,18,20,6,8,14,16,24,5,4,1,17],[18,10,14,16,6,8,20,22,2,24,5,4,17],[14,6,16,2,18,8,20,10,22,24,5,1,17],[22,6,24,14,8,16,18,20,2,10,5,4,17],[2,22,6,24,14,8,16,18,20,10,17],[22,6,8,24,18,20,2,10,14,16,17],[10,14,2,6,16,18,8,20,22,24,17],[18,10,22,20,14,6,8,2,16,24,5,4,17],[2,22,18,20,6,8,10,14,16,24,17],[2,10,6,22,8,24,18,20,14,16,5,4,1,19],[10,14,6,8,16,22,24,2,18,20,17],[18,6,20,8,22,2,10,14,16,24,17],[10,6,14,16,2,18,8,20,22,24,5,4,1,17],[10,14,18,20,6,8,2,22,16,24,17],[2,22,14,16,18,20,10,6,8,24,17],[2,6,10,22,24,18,8,20,14,16,17],[10,22,2,18,24,14,16,6,20,8,17],[6,22,8,24,14,16,2,18,20,10,17],[18,2,10,22,20,6,8,14,16,24,17],[2,6,14,16,18,8,20,22,10,24,5,4,17],[18,6,8,20,14,22,10,2,16,24,5,4,1,17],[10,6,2,18,8,20,22,14,16,24,17],[10,2,6,22,8,24,18,20,14,16,5,4,17],[18,2,14,20,22,10,6,8,16,24,5,4,1,17],[10,18,14,20,6,8,2,22,16,24,5,4,1,17],[2,6,10,18,8,20,14,22,16,24,17],[6,10,14,16,2,18,8,20,22,24,17],[14,2,22,16,10,18,24,6,8,20,5,4,17],[2,22,18,20,6,8,10,14,16,24,17],[6,10,18,20,8,14,22,2,16,24,17],[14,2,18,20,22,10,6,8,16,24,17],[6,2,22,8,24,14,16,10,18,20,17],[14,2,18,16,10,6,20,8,22,24,17],[14,6,8,16,18,20,2,10,22,24,5,4,17],[22,2,14,16,10,6,8,24,18,20,17],[18,22,20,10,14,6,8,2,16,24,5,4,1,17],[2,14,10,6,8,16,22,24,18,20,5,4,1,17],[22,18,20,14,6,8,2,10,16,24,17],[22,10,14,24,18,16,6,20,8,2,5,4,1,17],[18,2,14,20,22,6,8,10,16,24,5,4,1,17],[18,10,14,16,2,6,8,20,22,24,5,4,17],[22,6,8,24,14,16,2,10,18,20,5,4,1,17],[14,6,8,16,18,20,22,10,2,24,17],[18,10,22,24,14,16,6,8,20,2,5,4,17],[10,14,2,22,16,18,20,6,8,24,17],[6,10,2,14,8,16,18,20,22,24,17]],"n_human":9}