{"problem_id":"3zKaQ3h3BTdb3U9","sigma":75,"alpha":3.162,"cost":4,"probabilities":"[0.27, 0.29, 0.2, 0.24]","payoff_matrix":"[[35, -2, -35, -39, 96, -76], [-41, 53, 25, 39, -36, 20], [31, -95, 90, 77, 30, 65], [101, 46, 31, -146, 95, 44]]","uncovered":[[2,22,18,14,21,6,5,13,10,9],[10,14,13,6,9,18,2,22,21],[10,14,13,6,9,22,5,21,2,18],[18,22,6,5,21,10,9,2,14,13],[14,6,13,2,10,5,9,22,21,18],[14,6,5,13,2,22,21,18,10,9],[2,18,6,14,5,13,22,21,10,9],[22,14,13,10,21,18,2,6,5,9],[22,14,13,18,10,9,2,6,21],[18,10,6,5,9,22,21,14,13,2],[14,18,2,6,5,13,22,21,10,9],[18,6,2,22,5,21,14,13,10,9],[18,2,10,14,9,6,13,22,21],[10,6,9,14,5,13,18,2,22,21],[18,10,6,5,9,14,13,22,21,2],[22,6,21,14,5,13,18,2,10,9],[10,18,14,9,2,6,13,22,21],[18,6,22,5,21,14,13,2,10,9],[6,2,18,22,5,21,10,9,14,13],[22,6,21,2,10,5,9,18,14,13],[18,2,6,10,9,14,5,13,22,21],[10,6,9,18,14,13,22,5,21,2],[6,18,22,5,21,10,9,14,13,2],[2,6,18,22,21,10,5,9,14,13],[2,6,10,5,9,14,13,18,22,21],[22,14,21,6,13,2,10,5,9,18],[6,2,18,10,5,9,14,13,22,21],[18,6,10,9,14,5,13,22,21,2],[18,6,14,13,10,5,9,22,21,2],[2,6,18,10,5,9,22,21,14,13],[2,18,10,14,9,6,5,13,22,21],[10,2,22,9,14,21,6,13,18],[14,10,13,6,5,9,2,18,22,21],[18,22,10,9,6,5,21,14,13,2],[6,22,5,21,14,13,18,10,9,2],[14,22,21,10,13,18,2,6,9],[22,10,21,6,9,18,2,14,13],[22,10,21,14,13,6,9,2,18],[10,14,13,18,22,9,2,6,21],[22,2,6,21,10,5,9,14,13,18],[22,10,21,2,18,14,13,6,5,9],[2,14,6,5,13,18,22,21,10,9],[14,2,22,13,10,21,6,9,18],[22,18,6,21,2,14,13,10,9],[6,10,5,9,14,13,2,22,21,18],[18,22,14,21,10,13,6,5,9,2],[18,2,14,22,21,6,13,10,5,9],[18,10,22,9,14,21,2,6,13],[14,18,6,13,22,21,10,5,9,2],[22,6,5,21,10,9,18,14,13,2],[14,22,13,10,9,2,18,6,21],[18,6,2,14,13,22,5,21,10,9],[18,22,2,6,21,14,5,13,10,9],[14,18,22,21,6,5,13,10,9,2],[18,22,2,10,9,6,5,21,14,13],[6,2,14,5,13,10,9,22,21,18],[18,14,6,5,13,2,22,21,10,9],[2,10,18,6,9,22,21,14,13],[10,22,21,2,14,9,18,6,5,13],[18,10,2,22,9,6,5,21,14,13],[6,10,9,22,5,21,2,14,13,18],[10,14,13,2,22,21,18,6,5,9],[14,6,5,13,22,21,2,10,9,18],[18,14,10,9,6,13,22,21,2],[22,6,5,21,2,18,14,13,10,9],[2,18,10,6,9,22,5,21,14,13],[14,18,10,9,22,21,6,5,13,2],[10,18,6,5,9,22,21,2,14,13],[6,14,5,13,10,9,2,18,22,21],[2,6,10,9,18,22,21,14,5,13],[14,18,6,5,13,2,22,21,10,9],[18,6,22,21,2,14,5,13,10,9],[6,10,5,9,14,13,18,22,21,2],[14,6,5,13,2,18,22,21,10,9],[10,22,9,2,6,5,21,18,14,13],[2,6,22,5,21,18,10,9,14,13],[6,18,2,10,5,9,14,13,22,21],[22,10,9,2,14,13,18,6,21],[10,18,14,13,2,6,5,9,22,21],[18,14,2,10,13,22,9,6,21],[14,22,21,10,13,18,2,6,5,9],[18,2,10,22,21,14,9,6,13],[10,6,9,14,13,22,21,18,2],[2,22,14,13,18,6,21,10,5,9],[14,2,18,22,21,10,9,6,5,13],[14,6,13,18,10,9,22,5,21,2],[6,18,10,5,9,22,21,14,13,2],[14,10,13,6,5,9,22,21,18,2],[18,10,2,14,9,6,5,13,22,21],[10,14,9,6,13,2,22,21,18],[6,2,14,5,13,22,21,10,9,18],[22,18,10,21,6,9,14,13,2],[18,2,22,6,5,21,14,13,10,9],[18,10,2,22,9,14,21,6,5,13],[6,18,14,5,13,22,21,10,9,2],[22,2,14,13,18,6,5,21,10,9],[18,2,6,22,21,10,9,14,5,13],[6,22,21,18,10,9,2,14,13],[22,18,6,21,2,14,5,13,10,9],[6,22,5,21,10,9,14,13,2,18],[10,22,21,6,9,18,2,14,13],[2,22,14,21,6,13,18,10,5,9],[6,14,5,13,10,9,2,22,21,18],[10,2,18,14,9,6,13,22,21],[14,2,22,13,10,21,18,6,9],[2,6,14,5,13,10,9,22,21,18],[2,10,6,5,9,22,21,18,14,13],[6,14,13,18,2,10,5,9,22,21],[6,22,21,10,5,9,2,14,13,18],[2,22,18,14,21,6,13,10,5,9],[6,22,5,21,14,13,10,9,2,18],[18,6,2,14,5,13,22,21,10,9],[22,14,13,10,21,18,6,9,2],[2,14,18,22,21,6,13,10,9],[2,14,22,21,18,10,13,6,9],[22,18,10,21,6,9,14,5,13,2],[6,14,5,13,18,10,9,22,21,2],[18,6,10,9,22,5,21,14,13,2],[10,14,13,18,6,9,2,22,21],[14,10,9,18,2,6,13,22,21],[2,18,14,22,13,10,9,6,21],[14,10,13,18,6,5,9,22,21,2],[22,2,10,9,14,13,6,5,21,18],[10,2,14,9,6,13,22,5,21,18],[6,22,21,2,10,9,18,14,13],[18,2,10,22,21,6,9,14,13],[2,14,10,9,6,13,22,5,21,18],[18,22,2,6,21,14,5,13,10,9],[6,14,13,18,2,22,21,10,5,9],[6,18,22,21,2,14,13,10,5,9],[6,10,9,22,5,21,18,2,14,13],[6,22,5,21,14,13,2,10,9,18],[2,6,22,21,14,13,10,5,9,18],[22,18,6,21,10,9,14,13,2],[6,2,18,10,9,14,5,13,22,21],[18,22,2,14,13,10,21,6,9],[6,22,21,18,2,10,5,9,14,13],[22,14,13,10,21,2,6,9,18],[14,2,18,10,9,22,21,6,13],[14,18,10,9,22,21,6,13,2],[10,18,6,9,14,13,22,5,21,2],[22,2,10,9,6,21,14,5,13,18],[14,2,22,21,6,5,13,10,9,18],[6,2,14,5,13,18,10,9,22,21],[14,6,13,22,21,18,10,5,9,2],[14,10,13,6,9,2,18,22,5,21],[2,18,10,6,5,9,14,13,22,21],[22,2,18,6,5,21,14,13,10,9],[2,22,18,14,21,10,9,6,13],[10,14,13,6,9,2,18,22,5,21],[22,18,6,21,2,10,5,9,14,13],[14,2,10,9,22,21,6,13,18],[2,22,18,6,21,14,5,13,10,9],[6,10,9,18,14,5,13,2,22,21],[18,14,2,22,13,10,21,6,9],[10,14,13,22,9,6,21,2,18],[18,6,2,14,5,13,10,9,22,21],[10,22,21,2,18,14,13,6,9],[18,22,14,21,10,9,6,13,2],[14,10,9,22,13,18,6,5,21,2],[6,18,14,13,2,10,9,22,21],[2,6,10,5,9,18,14,13,22,21],[22,14,13,6,5,21,10,9,2,18],[14,22,13,6,21,10,9,2,18],[22,14,21,6,13,10,9,18,2],[2,14,6,5,13,22,21,18,10,9],[22,2,10,21,18,14,13,6,5,9],[22,6,5,21,2,18,14,13,10,9],[2,22,6,5,21,18,10,9,14,13],[18,14,10,13,6,5,9,22,21,2],[18,14,10,9,2,6,13,22,21],[2,10,18,22,9,6,5,21,14,13],[2,22,14,21,10,9,6,5,13,18],[6,22,5,21,18,10,9,2,14,13],[10,22,21,2,18,6,9,14,5,13],[22,2,10,9,14,13,6,21,18],[6,14,5,13,18,2,10,9,22,21],[22,14,13,18,2,10,9,6,5,21],[14,2,6,5,13,10,9,22,21,18],[10,22,21,18,2,6,5,9,14,13],[14,10,13,18,22,21,2,6,5,9],[22,18,10,21,2,6,5,9,14,13],[6,2,22,5,21,10,9,14,13,18],[2,18,22,10,9,14,21,6,5,13],[14,22,21,10,9,18,6,13,2],[10,22,9,18,6,5,21,14,13,2],[14,6,5,13,22,21,10,9,2,18],[6,22,5,21,2,14,13,10,9,18],[22,2,6,5,21,14,13,18,10,9],[6,14,5,13,10,9,22,21,2,18],[6,18,2,14,5,13,10,9,22,21],[14,6,13,2,22,21,18,10,5,9],[10,6,9,2,14,5,13,18,22,21],[6,22,21,18,14,5,13,2,10,9],[10,6,9,22,5,21,18,2,14,13],[10,18,6,9,22,21,2,14,13],[2,10,14,9,6,13,22,21,18],[2,6,14,5,13,18,10,9,22,21],[2,18,14,10,9,6,5,13,22,21],[22,14,21,18,10,13,2,6,9],[10,6,9,18,2,14,13,22,21],[18,22,14,21,10,9,6,5,13,2],[14,2,22,13,10,21,6,5,9,18],[14,10,9,6,13,2,18,22,5,21],[10,18,22,9,14,13,6,5,21,2],[22,10,9,14,13,6,5,21,2,18],[6,22,21,14,13,2,18,10,5,9],[6,22,5,21,10,9,18,2,14,13],[10,22,9,18,2,6,21,14,13],[18,2,10,22,9,6,5,21,14,13],[2,14,18,22,21,10,13,6,9],[18,6,14,13,10,5,9,22,21,2],[10,22,21,2,18,6,5,9,14,13],[6,10,5,9,2,18,22,21,14,13],[22,18,10,21,2,6,5,9,14,13],[14,2,18,6,5,13,22,21,10,9],[2,22,18,10,21,14,13,6,5,9],[18,2,10,6,5,9,22,21,14,13],[14,10,9,2,22,21,6,13,18],[10,22,9,14,21,18,2,6,13],[2,18,10,22,9,14,13,6,5,21],[22,6,5,21,14,13,18,2,10,9],[22,10,9,18,2,14,13,6,21],[18,10,14,9,22,13,2,6,21],[2,22,6,21,10,5,9,18,14,13],[22,2,18,6,5,21,14,13,10,9],[2,6,14,13,22,21,18,10,9],[18,10,2,22,9,14,13,6,21],[14,6,5,13,2,18,10,9,22,21],[10,22,9,18,14,21,6,5,13,2],[10,18,2,14,9,22,21,6,13],[2,14,6,13,22,5,21,10,9,18],[2,10,18,22,9,14,21,6,13],[14,2,18,22,13,6,5,21,10,9],[14,6,13,22,5,21,18,10,9,2],[2,6,18,22,5,21,10,9,14,13],[18,2,22,6,5,21,10,9,14,13],[2,6,22,21,10,5,9,14,13,18],[22,18,2,10,9,14,13,6,5,21],[10,6,9,14,5,13,22,21,2,18],[10,22,21,14,9,6,5,13,18,2],[6,22,5,21,2,18,10,9,14,13],[18,10,6,5,9,14,13,2,22,21],[6,14,13,2,22,5,21,18,10,9],[2,14,22,13,6,5,21,18,10,9],[10,22,9,14,13,18,6,21,2],[22,2,10,21,6,9,18,14,13],[2,14,22,21,6,5,13,18,10,9],[2,22,18,10,21,14,9,6,13],[10,6,9,2,14,5,13,22,21,18],[22,6,5,21,14,13,18,2,10,9],[10,2,18,6,9,14,5,13,22,21],[10,18,6,5,9,14,13,2,22,21],[6,18,10,9,2,14,13,22,5,21],[22,2,14,21,10,13,18,6,9],[18,6,10,9,22,21,14,5,13,2],[6,2,10,5,9,14,13,18,22,21],[22,14,21,18,10,9,6,13,2],[6,10,5,9,14,13,2,18,22,21],[22,2,14,21,18,6,5,13,10,9],[6,10,5,9,14,13,22,21,18,2],[6,14,5,13,10,9,2,18,22,21],[10,6,9,14,13,18,2,22,21],[18,22,6,5,21,2,14,13,10,9],[2,10,6,9,22,21,18,14,5,13],[6,18,2,10,9,22,21,14,5,13],[6,10,5,9,14,13,22,21,18,2],[2,18,6,10,5,9,14,13,22,21],[18,2,6,10,5,9,14,13,22,21],[2,18,14,6,5,13,22,21,10,9],[22,14,13,10,9,18,6,21,2],[2,14,18,22,21,10,9,6,5,13],[6,22,5,21,2,14,13,18,10,9],[22,2,6,21,14,13,10,5,9,18],[6,18,22,21,2,14,5,13,10,9],[6,18,22,5,21,10,9,14,13,2],[14,10,9,22,21,6,13,18,2],[22,2,6,21,18,14,5,13,10,9],[18,10,14,13,6,5,9,2,22,21],[22,18,6,5,21,14,13,2,10,9],[10,14,13,18,22,9,6,21,2],[22,10,21,18,6,9,14,13,2],[6,22,21,18,2,10,9,14,5,13],[2,6,14,13,22,5,21,10,9,18],[6,2,10,9,14,5,13,18,22,21],[18,22,2,10,21,6,5,9,14,13],[18,22,2,6,21,14,13,10,9],[14,10,9,22,21,2,18,6,5,13],[14,2,22,21,6,13,10,5,9,18],[14,18,10,13,6,9,22,21,2],[10,2,22,9,6,21,18,14,5,13],[22,6,21,14,13,2,18,10,5,9],[2,14,10,9,22,21,6,5,13,18],[2,18,6,14,13,10,9,22,21],[18,6,10,5,9,14,13,2,22,21],[14,2,18,6,5,13,22,21,10,9],[6,22,5,21,18,14,13,2,10,9],[14,6,13,22,5,21,10,9,2,18],[14,6,5,13,22,21,2,18,10,9],[18,6,22,21,2,14,13,10,5,9],[22,14,21,2,18,10,13,6,5,9],[22,2,18,6,5,21,14,13,10,9],[14,2,10,13,18,22,21,6,5,9],[18,14,10,13,22,21,6,9,2],[10,14,9,6,5,13,2,22,21,18],[6,2,10,5,9,14,13,18,22,21],[2,14,18,22,21,6,13,10,5,9],[22,10,21,14,9,6,13,18,2],[22,10,9,6,5,21,2,14,13,18],[22,10,9,18,6,5,21,14,13,2],[10,2,18,14,13,6,9,22,21],[6,2,14,5,13,10,9,18,22,21],[14,22,21,6,5,13,18,10,9,2],[10,22,9,2,14,13,6,21,18],[10,2,6,5,9,22,21,18,14,13],[2,10,6,9,18,22,21,14,5,13],[2,22,10,21,18,14,13,6,5,9],[18,10,6,9,14,13,2,22,21],[18,6,2,14,13,22,21,10,9],[2,22,14,21,18,6,13,10,5,9],[6,22,21,14,13,18,10,5,9,2],[14,2,10,13,18,22,21,6,9],[18,22,2,6,5,21,10,9,14,13],[6,10,9,22,5,21,18,14,13,2],[6,10,5,9,2,22,21,18,14,13],[14,6,5,13,18,10,9,22,21,2],[6,14,13,18,2,22,5,21,10,9],[18,6,22,5,21,14,13,10,9,2],[14,2,10,9,22,21,6,13,18],[14,6,5,13,2,10,9,22,21,18],[22,10,21,14,9,18,6,13,2],[6,14,5,13,18,10,9,2,22,21],[2,14,22,13,10,9,6,5,21,18],[6,14,5,13,2,22,21,18,10,9],[18,6,2,22,5,21,14,13,10,9],[22,6,5,21,10,9,18,14,13,2],[10,14,9,2,18,22,13,6,5,21],[14,2,6,5,13,18,22,21,10,9],[2,22,10,21,6,9,14,5,13,18],[14,10,9,18,22,13,6,21,2],[2,14,6,5,13,10,9,22,21,18],[6,18,2,14,5,13,22,21,10,9],[18,2,14,10,9,6,5,13,22,21],[10,14,9,2,22,13,6,21,18],[6,10,9,22,21,2,18,14,13],[14,18,22,13,2,10,9,6,21],[18,2,10,14,13,6,5,9,22,21],[18,2,10,22,21,6,5,9,14,13],[2,14,18,22,21,10,9,6,13],[22,10,9,6,5,21,14,13,18,2],[6,22,21,10,9,2,14,13,18],[6,22,21,18,10,9,2,14,5,13],[22,6,21,10,5,9,2,18,14,13],[14,18,2,22,21,6,13,10,5,9],[14,10,9,2,6,13,18,22,5,21],[10,22,21,18,14,13,2,6,5,9],[18,22,10,9,14,21,2,6,13],[6,10,9,22,5,21,14,13,2,18],[10,6,5,9,22,21,18,14,13,2],[6,22,21,2,18,10,5,9,14,13],[2,10,14,9,22,13,6,5,21,18],[22,2,10,21,6,5,9,18,14,13],[6,22,5,21,14,13,2,18,10,9],[10,22,21,18,2,14,9,6,13],[6,14,13,18,2,22,5,21,10,9],[6,18,10,5,9,22,21,14,13,2],[14,18,2,6,13,10,9,22,5,21],[6,22,5,21,2,10,9,14,13,18],[6,22,5,21,14,13,18,10,9,2],[6,18,10,9,14,5,13,22,21,2],[22,14,21,2,10,9,18,6,5,13],[10,14,13,2,6,9,18,22,5,21],[6,14,13,2,22,5,21,18,10,9],[22,18,10,9,6,21,2,14,5,13],[2,14,6,5,13,18,10,9,22,21],[6,2,10,9,14,5,13,18,22,21],[2,6,14,5,13,10,9,22,21,18],[22,14,21,2,18,6,13,10,9],[2,14,10,9,6,13,18,22,5,21],[18,10,14,9,22,21,2,6,13],[14,18,6,13,22,5,21,2,10,9],[10,2,14,9,6,5,13,22,21,18],[18,6,10,5,9,2,14,13,22,21],[18,2,14,22,21,10,9,6,13],[14,2,10,9,18,6,13,22,21],[14,6,13,18,22,21,2,10,9],[14,18,10,9,6,5,13,2,22,21],[10,18,14,9,22,21,2,6,5,13],[22,2,10,9,14,13,18,6,21],[14,6,13,22,5,21,10,9,18,2],[18,14,22,13,10,21,2,6,5,9],[2,14,22,21,10,9,6,5,13,18],[2,10,22,21,6,9,14,5,13,18],[6,18,22,21,2,14,13,10,5,9],[14,10,13,2,6,9,18,22,21],[2,10,6,5,9,14,13,18,22,21],[6,22,21,2,18,10,9,14,13],[2,18,14,10,13,22,21,6,9],[14,22,13,10,21,6,5,9,18,2],[22,2,6,5,21,10,9,18,14,13],[14,22,21,6,5,13,2,10,9,18],[10,18,6,5,9,2,14,13,22,21],[2,14,10,13,18,22,9,6,21],[14,10,13,2,18,22,9,6,21],[22,14,13,18,2,6,21,10,9],[6,22,21,18,2,10,5,9,14,13],[18,6,22,21,10,5,9,14,13,2],[14,10,9,6,5,13,22,21,2,18],[22,2,6,21,14,5,13,18,10,9],[22,2,10,9,18,14,13,6,5,21],[22,14,21,10,9,2,6,5,13,18],[22,18,2,6,21,10,5,9,14,13],[2,10,22,21,14,9,6,13,18],[2,10,22,21,6,5,9,18,14,13],[2,18,10,22,21,14,13,6,5,9],[10,14,13,18,22,21,6,9,2],[22,6,21,18,10,5,9,14,13,2],[2,14,6,5,13,10,9,18,22,21],[10,18,2,6,9,14,5,13,22,21],[14,6,5,13,10,9,18,22,21,2],[22,10,9,14,13,6,5,21,18,2],[10,2,14,9,18,22,13,6,21],[2,14,6,13,18,22,21,10,5,9],[10,18,22,21,14,13,2,6,5,9],[2,10,22,9,6,5,21,18,14,13],[14,6,13,10,9,22,21,2,18],[6,18,2,22,5,21,14,13,10,9],[18,6,14,13,22,21,10,5,9,2],[22,2,6,5,21,10,9,14,13,18],[14,18,10,13,22,21,2,6,9],[18,14,22,21,2,6,5,13,10,9],[22,14,21,10,13,2,18,6,5,9],[22,14,13,18,2,10,21,6,9],[2,18,22,14,21,10,13,6,5,9],[6,10,5,9,14,13,18,22,21,2],[6,14,13,2,10,9,22,5,21,18],[18,14,2,10,13,22,21,6,5,9],[22,18,10,21,2,6,9,14,5,13],[6,2,14,13,10,5,9,22,21,18],[6,10,9,14,5,13,2,18,22,21],[18,6,14,5,13,10,9,22,21,2],[2,22,10,21,6,9,18,14,13],[10,22,9,2,6,21,18,14,13],[6,22,5,21,18,2,10,9,14,13],[22,10,9,6,21,14,5,13,18,2],[2,10,6,5,9,18,22,21,14,13],[22,18,6,5,21,14,13,2,10,9],[18,2,10,6,9,14,5,13,22,21],[6,22,5,21,18,14,13,2,10,9],[10,22,21,18,2,6,5,9,14,13],[14,2,6,13,10,5,9,18,22,21],[2,10,14,9,22,21,18,6,13],[10,2,6,9,14,5,13,22,21,18],[18,10,2,22,9,6,21,14,13],[22,18,14,21,6,5,13,2,10,9],[10,22,9,2,18,6,21,14,5,13],[2,14,22,13,10,21,6,5,9,18],[6,2,14,13,10,5,9,18,22,21],[18,2,6,10,9,22,21,14,5,13],[18,22,2,14,13,10,9,6,5,21],[2,18,10,14,13,22,9,6,21],[22,14,13,6,5,21,2,10,9,18],[10,22,9,18,6,21,14,5,13,2],[10,2,22,9,14,21,18,6,5,13],[6,18,2,22,21,10,9,14,5,13],[6,10,5,9,2,18,14,13,22,21],[6,14,5,13,2,18,10,9,22,21],[2,22,10,21,14,9,6,5,13,18],[22,18,10,21,6,5,9,14,13,2],[2,10,6,9,22,21,18,14,5,13],[18,22,6,5,21,14,13,2,10,9],[14,10,13,22,9,18,2,6,5,21],[22,10,21,6,9,14,5,13,2,18],[14,6,13,2,18,22,21,10,5,9],[10,22,21,2,18,6,5,9,14,13],[2,6,14,13,22,5,21,10,9,18],[14,10,9,22,21,6,13,18,2],[22,10,21,6,9,2,14,13,18],[10,22,9,14,21,2,18,6,13],[14,18,10,9,2,6,5,13,22,21],[22,10,21,14,13,2,6,9,18],[18,2,14,10,9,6,13,22,21],[18,2,14,22,21,10,9,6,5,13],[10,22,9,6,21,18,2,14,13],[18,2,10,6,9,14,5,13,22,21],[22,6,21,14,5,13,2,10,9,18],[10,14,13,18,22,9,6,21,2],[6,22,21,18,10,9,2,14,5,13],[10,6,5,9,18,22,21,2,14,13],[18,10,2,14,13,6,9,22,21],[2,10,22,9,18,6,5,21,14,13],[14,2,18,10,13,6,5,9,22,21],[6,14,5,13,22,21,2,18,10,9],[14,22,13,6,5,21,2,10,9,18],[6,14,13,22,21,2,18,10,9],[18,2,22,14,21,6,13,10,9],[18,10,14,9,22,21,2,6,13],[22,18,2,14,21,6,13,10,9],[2,14,18,10,9,6,5,13,22,21],[10,6,9,14,5,13,22,21,18,2],[22,14,13,18,2,10,21,6,5,9],[14,22,21,10,9,18,6,5,13,2],[22,10,21,2,14,13,18,6,9],[10,22,21,6,5,9,18,2,14,13],[6,10,9,2,18,22,21,14,5,13],[10,6,9,22,21,14,13,18,2],[10,18,14,13,2,22,9,6,21],[14,6,5,13,18,2,10,9,22,21],[2,22,18,14,21,10,13,6,5,9],[6,22,5,21,2,18,10,9,14,13],[2,22,14,21,18,6,5,13,10,9],[10,6,9,22,5,21,14,13,2,18],[22,10,9,18,6,21,14,5,13,2],[22,6,21,2,18,10,5,9,14,13],[18,10,2,14,13,22,9,6,5,21],[18,6,10,9,14,5,13,2,22,21],[14,2,6,13,10,9,18,22,5,21],[10,22,21,6,5,9,2,14,13,18],[2,14,10,13,22,21,6,9,18],[2,6,14,13,18,10,5,9,22,21],[18,22,14,13,10,9,2,6,5,21],[2,10,22,9,14,13,6,21,18],[6,22,21,18,10,9,14,5,13,2],[2,6,22,5,21,14,13,10,9,18],[6,22,21,2,10,5,9,14,13,18],[10,6,9,2,22,21,18,14,5,13],[22,18,14,13,6,5,21,2,10,9],[22,10,9,14,21,18,6,13,2],[6,22,21,18,2,10,9,14,5,13],[22,10,21,14,13,2,6,9,18],[10,14,9,18,6,13,2,22,5,21],[10,6,9,2,22,21,14,13,18],[10,2,18,14,13,6,9,22,21],[6,14,13,18,22,21,2,10,5,9],[14,2,10,13,18,6,9,22,21],[6,2,10,9,22,21,14,13,18],[22,14,13,18,10,9,6,5,21,2],[6,14,13,22,21,18,10,5,9,2],[2,14,22,21,6,13,10,5,9,18],[6,14,13,2,22,5,21,18,10,9],[2,10,6,5,9,18,22,21,14,13],[6,18,10,9,22,21,2,14,13],[10,6,9,2,14,13,18,22,21],[6,2,22,5,21,14,13,18,10,9],[14,22,13,2,18,6,5,21,10,9],[18,22,6,5,21,2,14,13,10,9],[6,2,14,5,13,22,21,10,9,18],[10,22,21,2,6,9,18,14,13],[6,2,10,9,14,5,13,22,21,18],[18,14,2,22,13,10,9,6,21],[14,6,13,22,21,2,18,10,5,9],[6,22,5,21,10,9,2,14,13,18],[10,2,6,9,22,5,21,18,14,13],[14,6,13,18,22,21,10,5,9,2],[10,22,9,18,14,21,2,6,13],[6,2,22,21,14,5,13,10,9,18],[2,6,10,5,9,14,13,18,22,21],[18,10,6,5,9,14,13,2,22,21],[6,18,14,5,13,2,10,9,22,21],[18,14,6,13,2,22,21,10,9],[6,2,18,10,9,14,13,22,5,21],[6,22,21,10,5,9,14,13,18,2],[10,18,6,9,14,13,22,5,21,2],[2,14,22,13,6,21,10,9,18],[18,6,22,21,14,5,13,10,9,2],[2,14,22,21,6,5,13,18,10,9],[10,22,21,14,9,2,18,6,13],[18,2,22,14,13,10,21,6,9],[14,6,5,13,18,2,22,21,10,9],[10,18,22,21,6,9,14,13,2],[14,18,2,10,13,6,5,9,22,21],[10,14,9,22,13,18,2,6,5,21],[10,22,9,2,18,14,13,6,21],[10,18,22,9,2,6,21,14,5,13],[22,2,6,21,10,5,9,14,13,18],[6,22,5,21,14,13,10,9,2,18],[22,14,21,6,5,13,2,18,10,9],[14,18,2,22,13,6,5,21,10,9],[18,22,2,6,21,10,9,14,5,13],[6,18,22,21,14,13,2,10,9],[10,14,9,6,13,18,2,22,5,21],[2,6,18,22,21,10,9,14,13],[18,10,6,9,2,14,13,22,21],[2,18,14,6,5,13,22,21,10,9],[6,10,9,2,14,13,18,22,5,21],[18,6,10,9,14,5,13,2,22,21],[2,6,10,9,14,5,13,22,21,18],[22,18,14,13,2,6,21,10,5,9],[18,10,22,9,14,13,2,6,21],[6,10,5,9,22,21,18,2,14,13],[10,6,5,9,14,13,22,21,18,2],[10,14,9,2,18,22,13,6,21],[2,10,14,13,18,6,5,9,22,21],[18,22,2,10,9,14,21,6,5,13],[2,10,18,6,5,9,22,21,14,13],[22,2,18,6,5,21,14,13,10,9],[10,2,18,14,9,22,21,6,5,13],[2,10,22,9,18,6,21,14,13],[2,14,6,13,22,21,18,10,5,9],[2,6,18,22,5,21,14,13,10,9],[18,14,22,13,2,6,21,10,9],[18,10,22,9,6,21,2,14,5,13],[22,6,21,2,18,10,5,9,14,13],[18,10,2,14,13,6,9,22,21],[2,14,10,13,6,5,9,22,21,18],[18,6,14,13,2,22,21,10,9],[18,22,6,21,14,13,10,9,2],[6,22,21,14,13,10,5,9,18,2],[2,10,18,14,9,22,21,6,5,13],[2,10,6,5,9,22,21,18,14,13],[2,22,18,10,9,6,21,14,13],[10,22,21,2,6,9,18,14,13],[2,10,6,5,9,22,21,18,14,13],[2,22,14,13,6,21,18,10,9],[18,10,14,9,22,21,2,6,5,13],[6,18,14,13,22,21,10,5,9,2],[2,22,18,6,21,14,5,13,10,9],[14,22,13,2,6,5,21,10,9,18],[10,6,9,14,5,13,22,21,2,18],[2,6,10,9,22,5,21,18,14,13],[14,18,2,22,13,10,21,6,5,9],[18,14,2,6,13,22,21,10,9],[6,18,2,22,21,10,9,14,13],[2,18,6,10,9,14,13,22,21],[14,10,9,6,13,18,2,22,5,21],[18,14,6,13,22,5,21,10,9,2],[10,6,5,9,22,21,2,14,13,18],[6,10,9,2,18,14,13,22,5,21],[14,22,21,10,9,6,13,18,2],[22,2,6,5,21,10,9,18,14,13],[18,14,2,10,9,22,21,6,5,13],[2,6,18,14,5,13,10,9,22,21],[6,14,13,22,21,2,10,5,9,18],[10,14,9,6,13,2,22,21,18],[10,6,5,9,2,22,21,14,13,18],[22,14,13,2,18,6,21,10,5,9],[14,6,13,10,9,2,18,22,21],[2,10,18,14,13,22,9,6,5,21],[14,18,10,13,6,9,2,22,5,21],[6,22,5,21,14,13,2,18,10,9],[14,6,5,13,18,22,21,2,10,9],[2,6,14,5,13,22,21,10,9,18],[18,2,14,10,9,6,5,13,22,21],[22,18,14,21,10,9,2,6,13],[6,14,5,13,2,10,9,18,22,21],[18,6,14,5,13,22,21,2,10,9],[2,14,6,13,18,10,9,22,21],[22,2,6,21,14,13,18,10,9],[18,22,6,21,2,14,13,10,9],[10,2,22,9,14,13,6,5,21,18],[18,2,14,10,13,22,9,6,21],[10,6,5,9,2,14,13,18,22,21],[6,22,5,21,14,13,2,18,10,9],[22,2,10,9,14,21,6,5,13,18],[18,14,6,13,2,10,9,22,21],[14,6,5,13,22,21,18,2,10,9],[22,10,9,2,18,6,21,14,13],[14,10,9,2,6,5,13,22,21,18],[6,18,14,5,13,22,21,2,10,9],[2,14,10,13,6,5,9,18,22,21],[10,14,9,2,18,22,13,6,5,21],[6,10,9,22,21,2,14,5,13,18],[2,14,6,13,10,9,18,22,21],[22,6,5,21,10,9,2,18,14,13],[6,18,14,5,13,2,22,21,10,9],[2,14,18,10,13,22,21,6,5,9],[14,10,9,6,13,22,21,18,2],[14,22,21,18,6,5,13,2,10,9],[14,2,6,13,18,10,9,22,5,21],[14,10,13,22,9,6,21,2,18],[10,18,2,6,5,9,22,21,14,13],[2,22,14,21,10,9,6,5,13,18],[22,2,18,10,9,14,13,6,21],[22,10,21,18,2,14,9,6,13],[6,22,21,2,10,5,9,14,13,18],[6,2,10,9,14,5,13,18,22,21],[2,6,22,5,21,10,9,18,14,13],[10,22,21,2,18,6,5,9,14,13],[18,6,14,5,13,2,22,21,10,9],[6,2,10,5,9,14,13,18,22,21],[2,18,6,10,9,14,13,22,5,21],[14,2,10,13,18,6,5,9,22,21],[22,6,5,21,14,13,2,18,10,9],[14,2,18,6,5,13,22,21,10,9],[22,10,21,14,9,2,6,13,18],[14,18,2,6,13,10,5,9,22,21],[2,10,18,14,13,6,5,9,22,21],[6,10,9,14,5,13,2,18,22,21],[14,18,22,13,10,9,6,5,21,2],[22,14,21,6,5,13,10,9,2,18],[18,2,14,10,9,6,13,22,5,21],[10,18,14,9,6,5,13,2,22,21],[22,18,2,6,21,14,13,10,5,9],[18,22,14,21,6,13,2,10,5,9],[18,6,10,9,22,5,21,14,13,2],[14,18,2,10,13,6,9,22,5,21],[22,6,5,21,10,9,14,13,2,18],[10,6,9,22,5,21,18,2,14,13],[22,14,13,10,21,2,6,5,9,18],[18,22,6,21,2,10,5,9,14,13],[2,14,22,21,10,13,18,6,5,9],[14,6,5,13,22,21,2,10,9,18],[2,14,6,5,13,10,9,22,21,18],[18,14,2,10,13,6,9,22,21],[22,14,13,10,9,2,6,5,21,18],[18,10,2,6,9,14,13,22,21],[22,14,13,10,9,2,18,6,5,21],[10,14,13,22,21,6,9,2,18],[6,14,13,10,9,2,22,21,18],[22,10,21,18,2,14,13,6,5,9],[10,2,18,22,21,14,13,6,5,9],[14,18,2,6,5,13,10,9,22,21],[6,22,21,10,5,9,18,14,13,2],[10,14,13,22,21,18,6,5,9,2],[14,6,13,18,2,22,5,21,10,9],[22,6,21,14,5,13,2,10,9,18],[10,2,18,14,13,6,9,22,21],[6,10,5,9,14,13,22,21,18,2],[2,10,6,9,18,14,5,13,22,21],[2,6,22,5,21,14,13,10,9,18],[18,2,22,6,21,10,9,14,5,13],[6,22,21,10,9,2,18,14,13],[6,10,5,9,18,14,13,2,22,21],[22,14,13,2,6,5,21,10,9,18],[2,22,14,21,18,6,5,13,10,9],[22,18,2,14,13,6,21,10,5,9],[10,6,5,9,14,13,18,22,21,2],[14,6,5,13,22,21,2,18,10,9],[18,6,14,13,10,5,9,2,22,21],[10,18,6,9,14,5,13,2,22,21],[10,6,9,22,5,21,14,13,18,2],[2,10,22,21,14,13,6,9,18],[6,18,10,9,22,21,14,5,13,2],[22,2,6,5,21,18,14,13,10,9],[18,10,14,9,6,13,22,21,2],[18,6,14,5,13,22,21,2,10,9],[22,10,9,6,21,14,13,2,18],[22,14,21,18,2,10,9,6,5,13],[22,10,21,2,18,6,9,14,5,13],[6,10,5,9,2,14,13,22,21,18],[22,6,5,21,2,18,10,9,14,13],[18,2,10,14,9,6,13,22,21],[14,6,13,18,22,5,21,10,9,2],[10,6,5,9,18,14,13,22,21,2],[22,2,18,6,21,14,13,10,5,9],[18,2,14,22,13,10,21,6,5,9],[22,10,9,6,5,21,18,2,14,13],[10,6,9,22,5,21,18,2,14,13],[18,22,10,21,2,6,5,9,14,13],[18,10,14,9,6,13,2,22,21],[10,6,5,9,22,21,2,18,14,13],[2,18,22,10,21,6,5,9,14,13],[6,14,13,10,5,9,18,2,22,21],[2,14,10,13,18,6,9,22,21],[14,6,5,13,18,2,22,21,10,9],[6,18,22,5,21,14,13,10,9,2],[14,2,10,13,18,6,9,22,5,21],[2,6,18,14,13,10,9,22,5,21],[10,18,22,21,6,9,2,14,13],[10,14,13,2,6,9,18,22,5,21],[2,18,6,14,5,13,22,21,10,9],[10,22,21,14,9,6,13,2,18],[2,10,14,13,6,9,18,22,5,21],[18,6,10,9,22,5,21,14,13,2],[22,10,21,14,9,2,18,6,5,13],[10,14,13,2,22,21,6,5,9,18],[10,22,9,2,18,14,21,6,5,13],[22,2,6,21,10,9,18,14,5,13],[22,2,6,21,18,14,5,13,10,9],[6,2,10,9,22,21,14,13,18],[14,2,6,5,13,18,10,9,22,21],[6,2,22,5,21,14,13,18,10,9],[10,14,9,2,18,22,13,6,5,21],[6,2,22,21,18,10,5,9,14,13],[2,14,6,13,22,21,18,10,5,9],[2,22,14,21,10,9,18,6,5,13],[18,6,2,14,5,13,10,9,22,21],[18,6,22,5,21,14,13,10,9,2],[10,22,21,6,5,9,18,2,14,13],[10,2,18,6,5,9,22,21,14,13],[14,10,9,18,6,5,13,2,22,21],[10,22,21,2,14,13,6,5,9,18],[14,2,6,5,13,10,9,22,21,18],[6,18,22,5,21,2,10,9,14,13],[14,18,22,13,2,6,21,10,9],[18,22,6,5,21,10,9,2,14,13],[22,2,10,21,18,14,9,6,5,13],[14,22,21,6,5,13,18,2,10,9],[6,22,5,21,18,10,9,14,13,2],[10,18,22,21,2,6,5,9,14,13],[14,18,22,21,10,13,2,6,9],[22,2,18,14,21,10,9,6,13],[2,6,22,5,21,18,10,9,14,13],[18,6,22,21,2,14,13,10,5,9],[14,6,13,22,5,21,2,18,10,9],[18,2,22,6,5,21,10,9,14,13],[6,14,5,13,2,22,21,18,10,9],[6,18,10,5,9,14,13,22,21,2],[14,18,6,5,13,22,21,2,10,9],[6,10,5,9,2,18,22,21,14,13],[18,10,22,21,6,5,9,14,13,2],[22,18,10,21,6,9,14,13,2],[2,14,18,10,9,22,21,6,13],[18,14,6,5,13,2,22,21,10,9],[6,22,5,21,10,9,2,14,13,18],[18,2,10,22,21,14,13,6,9],[22,14,21,2,6,13,18,10,5,9],[6,14,13,2,22,21,18,10,5,9],[18,6,10,5,9,14,13,2,22,21],[10,6,9,18,22,5,21,14,13,2],[22,14,21,10,13,6,9,18,2],[14,18,22,13,6,21,10,9,2],[2,6,10,5,9,22,21,18,14,13],[10,18,6,9,2,14,5,13,22,21],[6,22,5,21,14,13,10,9,2,18],[22,10,21,2,18,14,9,6,13],[2,18,14,22,13,6,5,21,10,9],[6,2,10,5,9,14,13,18,22,21],[6,14,5,13,2,18,22,21,10,9],[14,18,2,10,13,6,9,22,5,21],[14,22,21,2,18,6,13,10,9],[2,14,6,5,13,10,9,22,21,18],[22,6,5,21,2,10,9,14,13,18],[10,18,6,5,9,22,21,2,14,13],[18,2,22,14,21,10,13,6,9],[22,18,10,9,2,6,21,14,5,13],[18,6,22,5,21,2,10,9,14,13],[10,14,13,6,9,18,2,22,5,21],[14,10,9,6,5,13,18,22,21,2],[18,10,6,9,14,13,2,22,21],[22,10,21,14,9,6,5,13,18,2],[18,6,14,5,13,10,9,22,21,2],[2,10,18,14,9,22,21,6,13],[10,18,2,14,9,6,13,22,21],[18,14,22,13,2,10,21,6,9],[14,2,18,22,13,6,5,21,10,9],[14,2,6,13,22,21,18,10,5,9],[10,22,21,18,6,9,14,5,13,2],[2,18,22,6,21,10,9,14,13],[14,2,10,13,18,6,9,22,21],[22,6,5,21,14,13,18,2,10,9],[14,6,13,18,22,5,21,10,9,2],[14,2,6,5,13,22,21,10,9,18],[2,14,18,10,13,22,21,6,5,9],[6,22,5,21,10,9,2,14,13,18],[22,14,13,2,6,21,18,10,5,9],[18,22,14,21,6,13,2,10,5,9],[14,6,13,2,18,22,5,21,10,9],[6,22,5,21,2,14,13,10,9,18],[6,18,10,9,22,21,2,14,13],[22,2,6,21,14,13,10,9,18],[10,6,5,9,18,14,13,2,22,21],[10,18,6,5,9,22,21,2,14,13],[18,22,2,10,21,6,9,14,13],[14,18,6,13,10,9,22,5,21,2],[22,2,14,13,10,9,18,6,21],[18,14,22,21,6,5,13,2,10,9],[22,6,21,10,9,18,14,5,13,2],[10,22,21,14,9,18,6,13,2],[18,10,14,13,2,6,5,9,22,21],[22,10,21,2,6,5,9,18,14,13],[10,14,13,18,6,5,9,2,22,21],[6,2,14,13,22,21,18,10,9],[10,14,9,18,6,5,13,22,21,2],[2,18,6,10,5,9,14,13,22,21],[18,2,22,14,21,6,13,10,5,9],[18,10,2,22,21,14,13,6,9],[6,2,10,5,9,18,22,21,14,13],[10,6,9,18,22,5,21,14,13,2],[2,14,10,13,22,9,18,6,5,21],[14,18,2,22,13,10,9,6,5,21],[18,6,10,9,2,14,5,13,22,21],[2,6,14,13,22,5,21,18,10,9],[14,2,10,13,18,6,9,22,5,21],[6,2,10,9,14,13,18,22,21],[14,10,13,18,2,6,9,22,21],[14,10,9,2,22,21,18,6,5,13],[2,22,18,6,5,21,10,9,14,13],[10,2,6,5,9,18,14,13,22,21],[2,18,14,10,9,6,13,22,21],[22,18,6,21,2,14,13,10,5,9],[18,14,22,21,6,13,10,9,2],[18,10,2,6,9,22,5,21,14,13],[14,18,6,5,13,2,10,9,22,21],[18,2,10,14,9,6,13,22,21],[10,2,22,9,6,21,18,14,5,13],[14,18,6,13,2,10,5,9,22,21],[2,18,22,6,5,21,14,13,10,9],[10,22,21,2,14,9,6,13,18],[6,22,21,10,5,9,2,18,14,13],[18,6,2,22,21,14,5,13,10,9],[6,10,5,9,2,14,13,22,21,18],[14,6,13,2,18,22,21,10,9],[6,18,14,13,22,21,2,10,5,9],[10,18,22,9,2,14,13,6,5,21],[2,14,6,5,13,18,22,21,10,9],[14,22,21,10,13,18,6,9,2],[6,2,14,5,13,22,21,10,9,18],[10,18,6,5,9,2,22,21,14,13],[18,2,10,22,9,14,21,6,5,13],[14,18,22,21,6,13,2,10,9],[14,18,10,9,22,21,2,6,13],[10,2,14,9,22,13,6,5,21,18],[22,10,9,6,5,21,18,2,14,13],[14,18,22,13,10,9,2,6,5,21],[2,10,18,22,9,6,5,21,14,13],[18,14,10,13,6,9,2,22,21],[6,22,21,10,9,18,2,14,5,13],[22,18,14,13,6,21,2,10,9],[10,18,2,14,9,6,5,13,22,21],[14,2,6,13,22,21,18,10,5,9],[10,22,9,2,18,14,13,6,5,21],[10,6,5,9,18,2,14,13,22,21],[14,10,9,6,13,2,22,21,18],[22,14,13,2,10,9,6,21,18],[2,6,18,14,13,22,5,21,10,9],[10,6,9,2,22,5,21,18,14,13],[10,22,9,6,21,2,14,5,13,18],[18,22,2,10,9,14,21,6,13],[6,10,9,18,2,14,13,22,21],[10,14,9,22,13,6,5,21,18,2],[2,18,10,6,5,9,22,21,14,13],[18,22,2,14,13,10,9,6,5,21],[18,14,10,13,22,9,6,21,2],[18,2,22,10,21,14,9,6,13],[22,10,21,6,9,2,14,13,18],[22,14,21,6,13,10,5,9,2,18],[18,22,10,21,2,6,5,9,14,13],[2,14,22,21,10,9,18,6,13],[14,2,22,21,18,6,13,10,9],[18,14,6,13,22,5,21,10,9,2],[6,10,9,14,5,13,2,22,21,18],[18,10,6,9,2,14,13,22,5,21],[18,22,6,21,2,10,5,9,14,13],[10,22,9,6,21,2,14,13,18],[10,2,22,21,6,9,14,5,13,18],[2,22,14,21,6,5,13,10,9,18],[14,10,13,2,22,9,6,5,21,18],[10,18,22,9,6,21,2,14,13],[18,6,14,5,13,22,21,2,10,9],[2,10,22,9,18,6,21,14,13],[2,6,14,5,13,10,9,18,22,21],[14,22,21,6,5,13,18,2,10,9],[2,14,6,5,13,22,21,18,10,9],[2,14,6,13,22,5,21,18,10,9],[22,2,10,9,6,21,18,14,13],[10,14,9,22,21,6,13,18,2],[2,14,22,13,10,21,6,5,9,18],[14,6,13,2,18,22,21,10,5,9],[18,22,14,13,10,9,2,6,5,21],[10,6,5,9,22,21,14,13,18,2],[6,22,5,21,10,9,14,13,2,18],[10,2,18,14,9,22,21,6,13],[6,22,21,18,10,5,9,14,13,2],[6,10,9,14,13,22,21,2,18],[6,2,18,22,5,21,14,13,10,9],[18,22,10,9,2,6,5,21,14,13],[10,2,18,6,9,14,13,22,5,21],[10,2,14,9,22,13,6,5,21,18],[14,6,5,13,10,9,22,21,18,2],[2,22,18,10,21,6,9,14,13],[10,14,13,2,22,21,6,5,9,18],[6,14,5,13,22,21,18,10,9,2],[6,14,5,13,2,10,9,18,22,21],[22,18,14,13,10,21,2,6,9],[6,14,5,13,2,18,10,9,22,21],[6,2,18,10,9,14,13,22,21],[10,14,9,22,21,6,13,2,18],[6,18,10,9,14,13,2,22,21],[14,10,13,18,22,9,2,6,21],[6,18,10,9,14,13,22,21,2],[2,6,18,14,5,13,22,21,10,9],[2,18,6,10,5,9,22,21,14,13],[18,14,6,13,10,5,9,22,21,2],[6,18,2,10,5,9,22,21,14,13],[18,6,14,13,10,9,22,5,21,2],[10,14,9,18,2,22,13,6,5,21],[14,2,18,6,5,13,10,9,22,21],[10,6,9,22,5,21,18,2,14,13],[6,18,2,10,5,9,22,21,14,13],[18,6,22,21,2,10,9,14,5,13],[10,6,9,18,22,21,2,14,5,13],[14,10,13,2,18,22,9,6,5,21],[22,6,5,21,2,14,13,18,10,9],[6,14,13,22,5,21,10,9,2,18],[18,14,2,10,13,6,9,22,21],[22,10,9,18,2,6,21,14,5,13],[18,10,2,14,13,22,21,6,9],[6,2,18,22,21,14,5,13,10,9],[18,14,6,13,10,9,2,22,21],[2,6,14,5,13,22,21,18,10,9],[14,6,5,13,10,9,18,2,22,21],[22,18,6,5,21,2,10,9,14,13],[18,10,2,22,21,6,5,9,14,13],[18,2,14,6,5,13,10,9,22,21],[10,18,14,13,6,5,9,2,22,21],[14,22,21,6,5,13,2,18,10,9],[10,2,22,9,6,5,21,18,14,13],[10,2,22,9,14,13,6,5,21,18],[18,22,6,21,10,5,9,2,14,13]],"n_human":10}