{"problem_id":"4qk0EiRGfCBS6CA","sigma":75,"alpha":1.000,"cost":1,"probabilities":"[0.16, 0.04, 0.21, 0.59]","payoff_matrix":"[[-143, -23, -40, 157, -15, -67], [-132, -148, 57, -29, -121, -88], [-14, 52, -12, 39, 136, -170], [12, -39, -66, 42, 41, -5]]","uncovered":[[20,16,4,8,24,12,19],[4,12,24,20,8,16,15,19],[24,20,4,8,12,16,19],[16,24,20,8,12,4,15,19],[4,24,16,12,8,20,15,19],[4,24,8,12,16,20,19],[24,8,4,12,20,16,19],[24,8,20,4,16,12,19],[12,20,4,16,24,8,19],[20,16,4,8,12,24,19],[4,16,12,24,8,20,19],[16,8,24,20,4,12,15,19],[8,20,4,12,16,24,19],[20,8,16,24,4,12,15,19],[12,24,16,20,8,4,15,19],[20,12,24,8,4,16,15,19],[12,16,24,20,8,4,19],[4,12,8,24,20,16,19],[16,8,4,20,24,12,15,19],[4,8,20,24,12,16,15,19],[24,12,4,8,20,16,15,19],[20,4,12,16,8,24,15,19],[4,20,24,12,8,16,15,19],[8,4,24,20,16,12,15,19],[8,12,16,20,4,24,19],[24,4,20,8,16,12,15,19],[24,8,16,4,20,12,15,19],[12,20,4,8,24,16,19],[20,4,24,12,16,8,19],[16,20,12,4,24,8,19],[20,24,16,8,4,12,15,19],[16,8,4,20,24,12,15,19],[20,12,8,4,16,24,19],[4,8,16,24,20,12,19],[8,24,20,16,12,4,15,19],[12,20,8,4,24,16,15,19],[16,8,12,20,4,24,15,19],[8,24,4,20,16,12,15,19],[24,16,20,8,12,4,15,19],[24,12,4,16,20,8,19],[24,4,16,20,8,12,19],[16,8,12,20,24,4,15,19],[16,12,20,4,24,8,19],[24,12,8,16,20,4,15,19],[12,20,4,8,16,24,19],[8,16,4,20,24,12,15,19],[16,24,8,12,4,20,19],[8,24,16,12,20,4,15,19],[4,24,12,8,20,16,19],[20,16,24,12,8,4,19],[16,24,12,20,4,8,19],[20,12,4,16,8,24,15,19],[24,4,8,16,12,20,15,19],[20,8,16,4,12,24,19],[24,12,4,20,16,8,19],[16,4,8,12,20,24,15,19],[12,4,24,8,16,20,15,19],[16,20,8,12,4,24,15,19],[24,4,12,8,16,20,15,19],[20,16,4,8,24,12,15,19],[4,24,8,20,16,12,15,19],[16,24,20,12,8,4,15,19],[8,4,12,16,24,20,19],[12,4,20,24,16,8,19],[24,12,4,16,20,8,19],[4,20,24,16,8,12,19],[20,24,4,16,12,8,15,19],[24,16,8,4,20,12,19],[12,20,24,4,8,16,19],[8,12,20,4,16,24,19],[20,8,4,12,16,24,15,19],[24,8,4,16,12,20,19],[24,20,16,8,12,4,19],[12,4,24,16,8,20,15,19],[24,8,4,16,12,20,15,19],[8,4,12,20,16,24,15,19],[12,4,8,16,24,20,15,19],[24,12,20,8,16,4,19],[4,16,12,8,20,24,19],[16,8,24,4,12,20,15,19],[12,16,24,20,8,4,19],[20,16,4,24,12,8,15,19],[20,12,8,24,4,16,15,19],[12,8,4,24,16,20,15,19],[16,20,4,24,8,12,19],[8,16,24,20,4,12,15,19],[24,20,8,12,4,16,15,19],[12,8,4,24,20,16,19],[12,8,20,4,24,16,19],[8,12,20,4,16,24,19],[24,16,8,4,20,12,15,19],[16,4,8,20,24,12,19],[12,16,4,8,20,24,15,19],[20,4,24,12,16,8,19],[8,12,24,16,20,4,15,19],[16,12,8,20,24,4,15,19],[4,12,8,24,20,16,15,19],[4,20,8,12,24,16,19],[16,20,24,12,4,8,15,19],[24,16,12,8,20,4,19],[4,12,8,16,24,20,15,19],[24,20,16,12,8,4,15,19],[4,8,12,20,16,24,19],[12,20,4,16,8,24,19],[20,16,24,12,4,8,19],[12,20,8,16,4,24,15,19],[12,4,20,8,16,24,15,19],[20,8,24,16,4,12,15,19],[4,12,16,8,20,24,15,19],[20,12,4,16,8,24,19],[4,8,16,12,24,20,19],[16,24,20,12,4,8,15,19],[8,16,24,12,4,20,19],[4,16,8,20,24,12,19],[4,8,16,12,20,24,15,19],[4,20,12,24,16,8,15,19],[16,20,24,12,8,4,19],[8,12,4,24,16,20,15,19],[4,12,24,16,8,20,15,19],[4,12,8,16,20,24,15,19],[4,24,12,16,20,8,15,19],[12,4,16,8,20,24,19],[8,12,24,20,16,4,15,19],[4,16,8,20,24,12,15,19],[4,12,20,8,24,16,19],[12,8,20,24,4,16,19],[20,4,8,24,16,12,15,19],[4,24,20,8,12,16,15,19],[16,4,12,8,24,20,19],[8,20,4,12,24,16,19],[24,12,8,4,20,16,19],[4,16,24,12,20,8,15,19],[16,24,8,20,12,4,15,19],[20,4,24,16,12,8,15,19],[16,4,24,12,20,8,15,19],[16,24,20,8,4,12,15,19],[8,20,24,12,16,4,19],[24,20,8,12,16,4,19],[8,16,24,4,12,20,19],[8,12,16,4,24,20,15,19],[12,20,8,24,16,4,19],[4,12,24,16,8,20,15,19],[16,4,12,20,8,24,19],[12,20,4,8,16,24,15,19],[4,16,20,24,8,12,15,19],[20,4,8,24,16,12,19],[16,12,8,20,4,24,15,19],[8,4,20,16,24,12,15,19],[8,24,20,12,4,16,15,19],[8,24,12,4,20,16,19],[20,24,12,16,8,4,15,19],[24,8,20,4,16,12,19],[16,12,20,4,24,8,19],[4,8,24,16,20,12,19],[4,8,16,24,20,12,19],[4,20,12,8,24,16,19],[24,4,8,20,16,12,19],[20,4,24,8,16,12,15,19],[24,16,20,12,8,4,19],[12,20,4,16,8,24,15,19],[4,16,20,24,8,12,15,19],[24,16,4,20,12,8,15,19],[8,16,12,4,24,20,15,19],[16,12,4,20,8,24,19],[12,24,8,16,20,4,15,19],[24,20,4,16,12,8,15,19],[4,8,16,20,12,24,19],[24,16,8,12,20,4,19],[16,4,24,12,8,20,15,19],[20,8,4,12,16,24,15,19],[4,8,16,12,20,24,19],[24,20,16,4,12,8,19],[16,20,12,4,8,24,15,19],[20,12,4,8,16,24,15,19],[8,24,16,12,20,4,15,19],[8,24,20,4,16,12,19],[24,12,16,8,20,4,19],[24,8,20,12,4,16,15,19],[20,24,4,12,16,8,19],[16,8,24,20,12,4,15,19],[12,24,16,4,20,8,15,19],[4,24,12,16,8,20,19],[20,12,24,8,4,16,15,19],[12,8,24,4,16,20,19],[16,12,8,24,4,20,19],[12,16,8,20,4,24,19],[8,16,12,20,4,24,15,19],[16,20,12,8,24,4,19],[4,16,12,8,20,24,15,19],[8,20,4,12,24,16,15,19],[16,4,12,24,8,20,15,19],[12,16,4,8,24,20,19],[12,8,20,24,16,4,15,19],[8,16,12,4,24,20,15,19],[4,20,24,12,8,16,19],[8,24,16,12,4,20,15,19],[16,20,4,24,8,12,15,19],[12,20,24,8,16,4,15,19],[12,20,24,16,4,8,15,19],[20,12,16,4,24,8,19],[16,8,20,4,12,24,19],[20,24,16,4,12,8,15,19],[24,20,8,12,4,16,15,19],[20,16,12,8,4,24,15,19],[24,16,8,12,4,20,19],[20,24,8,16,4,12,19],[12,20,8,24,4,16,19],[12,4,16,20,8,24,15,19],[4,16,12,8,24,20,19],[24,8,20,16,12,4,15,19],[12,8,20,4,24,16,15,19],[24,4,8,12,20,16,15,19],[8,20,16,24,4,12,15,19],[8,20,24,12,16,4,19],[8,12,16,20,24,4,15,19],[24,8,20,4,16,12,15,19],[4,24,8,16,20,12,19],[12,16,4,20,24,8,15,19],[24,8,20,16,12,4,19],[20,16,4,8,24,12,19],[12,20,4,24,16,8,19],[24,12,20,4,16,8,19],[12,4,8,24,16,20,19],[16,20,8,4,24,12,19],[4,12,20,24,16,8,19],[20,8,4,12,16,24,19],[12,4,16,20,8,24,15,19],[16,12,4,8,24,20,15,19],[24,12,8,4,20,16,19],[24,16,8,12,4,20,19],[8,12,24,16,20,4,15,19],[24,8,4,16,20,12,15,19],[12,8,16,20,24,4,19],[20,16,24,8,4,12,19],[24,4,12,20,16,8,19],[16,20,24,4,8,12,19],[4,20,24,12,16,8,19],[24,12,20,8,4,16,15,19],[20,16,8,24,12,4,15,19],[4,12,20,24,16,8,15,19],[16,8,20,24,4,12,15,19],[8,24,16,4,12,20,15,19],[20,8,24,16,12,4,15,19],[4,24,8,16,12,20,19],[4,16,12,24,8,20,19],[20,24,16,4,12,8,19],[8,20,4,24,12,16,19],[24,12,16,4,8,20,15,19],[24,20,8,16,12,4,15,19],[4,24,20,8,16,12,19],[24,4,12,8,20,16,15,19],[16,20,24,8,12,4,15,19],[12,4,24,16,8,20,15,19],[24,12,4,20,8,16,19],[8,12,16,4,24,20,19],[12,20,24,16,8,4,19],[24,8,16,4,12,20,15,19],[8,12,20,4,16,24,15,19],[8,16,12,20,24,4,15,19],[4,12,8,16,20,24,19],[16,8,4,12,20,24,15,19],[12,8,4,24,20,16,15,19],[16,20,24,12,8,4,15,19],[24,20,4,16,8,12,19],[12,4,20,24,16,8,15,19],[12,16,4,24,20,8,15,19],[4,12,16,8,24,20,19],[20,4,12,8,16,24,19],[20,12,16,4,24,8,19],[12,8,20,16,24,4,19],[4,8,16,12,20,24,19],[4,8,20,12,24,16,19],[4,12,16,8,24,20,15,19],[12,4,24,8,16,20,15,19],[24,4,16,20,8,12,19],[24,4,20,12,16,8,19],[24,8,4,20,16,12,19],[4,20,16,8,12,24,15,19],[12,24,16,4,20,8,15,19],[8,24,16,20,12,4,15,19],[8,20,24,12,16,4,19],[24,16,20,8,12,4,19],[8,12,16,24,20,4,19],[16,24,12,4,20,8,15,19],[16,4,24,8,12,20,15,19],[20,16,8,4,12,24,19],[20,12,16,24,4,8,15,19],[24,12,8,16,4,20,19],[4,8,12,20,16,24,19],[8,20,12,24,16,4,19],[4,8,16,24,20,12,19],[24,16,4,20,12,8,19],[12,24,20,8,16,4,15,19],[8,12,20,24,4,16,19],[4,24,16,20,12,8,15,19],[4,16,20,24,12,8,19],[12,4,16,24,20,8,19],[8,24,4,12,20,16,15,19],[8,12,16,20,24,4,19],[12,8,4,20,24,16,19],[4,8,20,12,24,16,19],[8,4,24,16,20,12,15,19],[12,20,8,16,24,4,19],[8,20,24,12,16,4,19],[8,16,12,24,4,20,15,19],[20,12,4,8,16,24,15,19],[8,20,12,16,24,4,19],[4,12,8,16,24,20,15,19],[4,8,12,24,16,20,15,19],[4,20,16,12,24,8,15,19],[24,16,8,4,12,20,19],[4,24,20,8,12,16,15,19],[16,20,12,24,8,4,19],[16,4,8,12,24,20,19],[16,24,12,20,4,8,15,19],[20,16,24,12,8,4,19],[16,4,20,12,8,24,19],[12,4,24,20,16,8,15,19],[20,24,12,16,4,8,19],[8,20,16,12,4,24,15,19],[4,16,8,12,24,20,15,19],[24,12,8,4,16,20,19],[4,16,20,24,8,12,15,19],[20,24,16,12,8,4,19],[12,16,4,24,20,8,19],[16,20,24,12,4,8,19],[8,24,16,4,12,20,19],[20,16,12,8,4,24,19],[20,4,16,8,12,24,15,19],[12,16,20,4,8,24,19],[8,16,12,20,24,4,15,19],[20,8,24,16,4,12,19],[16,12,24,8,20,4,19],[16,8,24,4,12,20,15,19],[12,4,16,20,24,8,19],[20,8,24,4,16,12,19],[24,16,12,20,8,4,19],[20,8,4,24,12,16,19],[24,16,4,8,12,20,19],[12,20,4,16,8,24,15,19],[4,8,16,24,20,12,15,19],[12,24,8,4,20,16,19],[12,20,24,16,4,8,19],[8,16,20,24,4,12,19],[8,4,24,12,20,16,19],[12,20,24,16,4,8,19],[24,12,8,16,4,20,19],[8,24,12,20,16,4,19],[24,4,12,16,20,8,15,19],[24,20,8,4,16,12,19],[12,4,8,16,20,24,19],[20,16,8,4,24,12,19],[12,16,4,20,8,24,19],[16,12,20,4,8,24,15,19],[4,24,20,12,16,8,15,19],[24,8,12,4,16,20,19],[20,12,16,24,8,4,15,19],[16,20,24,12,8,4,15,19],[4,16,24,20,8,12,15,19],[4,20,16,12,24,8,19],[16,20,4,24,12,8,19],[8,24,20,16,12,4,19],[24,8,20,12,4,16,19],[4,12,20,24,8,16,15,19],[20,8,12,4,16,24,19],[16,12,20,4,8,24,19],[24,4,12,8,20,16,19],[8,24,16,12,4,20,15,19],[16,4,20,24,8,12,19],[12,8,24,16,20,4,19],[24,20,12,8,4,16,15,19],[20,16,8,4,24,12,19],[16,12,24,8,4,20,15,19],[16,20,8,24,12,4,15,19],[20,8,24,16,12,4,15,19],[24,12,16,8,20,4,19],[4,20,16,12,8,24,15,19],[16,20,12,8,24,4,19],[4,20,12,24,16,8,15,19],[12,24,4,8,20,16,19],[16,20,12,4,8,24,15,19],[20,24,4,12,16,8,19],[4,16,12,24,20,8,15,19],[8,12,24,20,16,4,15,19],[4,8,20,24,12,16,19],[8,4,20,24,12,16,19],[16,8,24,4,20,12,19],[20,12,24,4,16,8,19],[4,16,24,20,12,8,15,19],[24,20,16,4,12,8,19],[12,8,24,4,20,16,19],[8,24,20,4,16,12,19],[24,20,8,4,16,12,15,19],[4,8,12,16,24,20,15,19],[24,8,20,12,16,4,19],[4,12,24,16,8,20,15,19],[20,16,24,12,4,8,19],[16,4,24,8,12,20,15,19],[8,20,24,16,12,4,19],[16,24,8,4,12,20,19],[24,8,16,12,4,20,19],[4,12,16,20,24,8,19],[4,24,20,8,12,16,19],[24,12,16,8,20,4,19],[20,24,12,4,8,16,15,19],[12,24,4,20,8,16,19],[24,8,16,20,12,4,19],[16,20,4,12,24,8,19],[16,8,12,20,24,4,15,19],[12,24,8,16,4,20,15,19],[24,4,20,12,16,8,15,19],[12,8,16,4,20,24,19],[16,12,24,4,8,20,19],[4,20,8,16,24,12,15,19],[8,24,16,20,12,4,15,19],[8,12,4,16,20,24,15,19],[24,8,4,20,16,12,15,19],[24,16,12,20,8,4,19],[24,16,8,4,20,12,19],[24,16,4,20,8,12,19],[8,24,16,12,20,4,19],[16,4,12,8,20,24,15,19],[12,24,4,16,8,20,15,19],[4,20,24,12,16,8,19],[20,4,8,12,24,16,19],[8,20,24,4,12,16,19],[12,8,20,24,16,4,19],[24,8,20,4,12,16,15,19],[24,20,16,4,12,8,15,19],[20,24,12,16,4,8,15,19],[20,24,12,16,4,8,19],[12,24,20,8,16,4,19],[16,12,20,24,4,8,15,19],[20,8,4,16,24,12,15,19],[20,12,4,24,16,8,19],[4,12,24,20,16,8,19],[4,20,24,8,12,16,15,19],[24,12,8,4,16,20,19],[20,16,12,8,24,4,15,19],[8,12,24,20,16,4,19],[4,24,12,20,16,8,15,19],[24,20,12,4,8,16,15,19],[4,8,20,12,16,24,19],[12,4,24,8,16,20,19],[8,4,20,12,16,24,15,19],[4,20,12,24,16,8,19],[20,4,12,8,24,16,19],[20,24,4,16,12,8,19],[16,4,8,20,24,12,15,19],[8,12,4,20,24,16,15,19],[20,24,4,16,12,8,15,19],[24,12,8,16,4,20,19],[4,12,8,20,24,16,19],[16,24,12,4,20,8,19],[16,4,20,24,12,8,15,19],[20,24,12,8,16,4,15,19],[24,4,12,8,20,16,15,19],[24,16,20,8,4,12,15,19],[8,16,12,24,4,20,15,19],[8,12,4,16,24,20,19],[12,24,16,20,4,8,19],[8,20,24,4,12,16,15,19],[16,12,24,4,20,8,15,19],[24,8,12,4,20,16,15,19],[16,12,8,20,4,24,19],[24,12,20,4,8,16,15,19],[4,8,20,24,12,16,15,19],[8,24,12,16,20,4,15,19],[12,16,8,20,4,24,19],[20,8,16,24,4,12,15,19],[16,8,20,24,12,4,19],[20,24,4,8,16,12,19],[8,16,12,20,4,24,15,19],[12,24,8,4,20,16,15,19],[8,4,20,24,16,12,15,19],[4,24,8,20,16,12,15,19],[16,20,4,12,8,24,15,19],[24,4,8,20,16,12,19],[20,4,12,16,8,24,15,19],[8,24,12,16,4,20,15,19],[12,20,8,16,4,24,19],[8,16,20,4,12,24,15,19],[24,12,8,4,16,20,15,19],[4,24,8,12,20,16,15,19],[4,12,8,24,16,20,19],[4,12,8,20,24,16,19],[12,16,4,24,20,8,19],[24,4,8,16,12,20,15,19],[24,8,16,12,4,20,15,19],[8,12,4,16,20,24,15,19],[4,12,16,20,24,8,15,19],[8,16,12,4,24,20,15,19],[4,20,8,12,16,24,15,19],[12,16,24,4,8,20,15,19],[4,16,20,24,8,12,15,19],[4,8,20,24,12,16,19],[4,16,8,12,24,20,19],[16,24,12,20,8,4,19],[12,20,8,24,4,16,15,19],[12,16,8,20,24,4,19],[24,8,20,16,12,4,19],[24,8,12,20,4,16,15,19],[16,24,20,8,4,12,19],[4,20,24,8,16,12,19],[20,12,24,4,16,8,15,19],[4,12,16,8,20,24,15,19],[16,8,4,24,20,12,15,19],[8,12,4,16,20,24,19],[8,20,24,16,4,12,15,19],[24,16,8,20,12,4,15,19],[8,4,12,24,16,20,19],[24,12,16,4,8,20,15,19],[4,24,12,8,16,20,15,19],[24,16,20,4,12,8,19],[24,4,8,20,16,12,15,19],[12,20,16,4,24,8,15,19],[16,12,8,24,4,20,19],[20,8,16,24,4,12,15,19],[4,8,12,24,20,16,15,19],[12,16,8,24,20,4,15,19],[4,24,8,16,12,20,15,19],[12,8,24,4,16,20,19],[16,20,12,8,24,4,15,19],[20,8,24,4,16,12,15,19],[20,12,24,8,16,4,15,19],[16,12,8,24,20,4,15,19],[12,20,8,4,16,24,19],[4,12,24,8,20,16,15,19],[8,20,16,24,12,4,15,19],[12,16,24,4,20,8,19],[12,4,16,24,20,8,15,19],[4,24,12,20,16,8,15,19],[8,4,24,16,12,20,19],[16,4,20,24,8,12,15,19],[24,12,20,8,4,16,19],[24,16,4,8,20,12,15,19],[4,16,8,24,12,20,15,19],[8,12,24,16,4,20,19],[8,16,24,12,4,20,19],[12,16,4,20,8,24,15,19],[20,16,4,12,24,8,15,19],[16,20,4,8,12,24,19],[16,12,8,24,4,20,15,19],[16,8,24,4,12,20,15,19],[20,24,8,4,12,16,15,19],[12,16,20,8,24,4,19],[12,8,16,20,4,24,19],[8,24,4,20,12,16,15,19],[12,16,8,20,24,4,15,19],[20,8,16,24,4,12,15,19],[12,8,24,4,16,20,19],[20,8,4,12,24,16,15,19],[4,16,24,8,20,12,19],[20,4,12,24,16,8,19],[20,8,24,12,4,16,15,19],[20,12,24,16,8,4,19],[4,24,16,20,12,8,15,19],[20,24,8,12,16,4,19],[20,12,16,24,8,4,15,19],[8,12,16,4,24,20,15,19],[8,24,12,16,4,20,19],[12,8,4,24,20,16,19],[16,20,24,8,4,12,19],[16,24,8,20,12,4,15,19],[24,20,16,8,4,12,19],[24,20,12,8,4,16,19],[24,8,20,16,12,4,15,19],[8,24,12,20,4,16,19],[12,8,20,4,16,24,19],[20,24,12,4,8,16,19],[12,24,16,4,20,8,15,19],[16,8,24,12,20,4,19],[16,12,4,8,24,20,15,19],[16,24,20,4,8,12,15,19],[4,24,8,12,20,16,15,19],[12,16,24,4,20,8,15,19],[24,4,8,12,16,20,19],[24,8,12,4,16,20,15,19],[12,24,16,20,8,4,15,19],[20,24,16,4,12,8,15,19],[4,20,12,8,16,24,19],[4,20,8,12,16,24,15,19],[8,4,20,16,24,12,19],[16,4,24,12,20,8,15,19],[4,24,20,16,8,12,19],[8,24,12,20,4,16,19],[8,4,16,24,12,20,19],[24,20,4,16,12,8,19],[20,12,16,8,4,24,15,19],[24,12,8,20,16,4,19],[12,20,24,8,4,16,15,19],[20,16,8,24,12,4,19],[24,16,8,20,12,4,15,19],[8,16,12,4,20,24,15,19],[24,12,16,4,8,20,15,19],[4,16,24,8,20,12,15,19],[20,24,4,16,12,8,15,19],[8,24,20,4,12,16,15,19],[20,4,8,24,16,12,19],[16,20,8,4,12,24,19],[8,20,16,4,12,24,19],[16,12,8,4,20,24,19],[16,4,24,20,12,8,15,19],[8,24,20,16,4,12,15,19],[24,4,20,16,8,12,19],[4,12,8,24,20,16,15,19],[8,4,16,24,20,12,15,19],[20,24,12,16,4,8,19],[16,8,24,12,4,20,19],[8,16,12,24,4,20,15,19],[8,12,24,20,4,16,15,19],[20,12,16,8,24,4,15,19],[12,4,16,8,24,20,19],[4,16,20,12,8,24,19],[24,8,16,20,12,4,19],[24,8,4,20,16,12,19],[20,12,4,16,24,8,15,19],[24,16,8,20,4,12,19],[24,8,20,12,4,16,15,19],[24,20,8,12,16,4,15,19],[8,4,24,20,12,16,19],[4,12,8,16,20,24,19],[16,8,12,24,4,20,15,19],[24,20,12,4,8,16,19],[24,12,8,16,4,20,15,19],[24,16,8,4,20,12,19],[8,12,20,16,24,4,19],[16,12,4,24,8,20,15,19],[20,8,16,4,24,12,19],[24,16,8,20,4,12,19],[16,24,12,20,8,4,19],[16,4,8,20,24,12,15,19],[4,12,24,20,16,8,15,19],[16,24,4,20,12,8,19],[24,20,16,4,12,8,19],[12,4,20,8,24,16,19],[20,8,12,24,16,4,15,19],[4,12,16,24,20,8,19],[16,4,24,8,20,12,19],[8,16,12,4,24,20,15,19],[8,4,24,12,20,16,15,19],[12,8,16,20,24,4,19],[8,24,20,12,16,4,15,19],[8,4,24,16,20,12,15,19],[24,4,16,20,12,8,15,19],[20,12,8,24,4,16,19],[24,12,20,4,16,8,15,19],[8,4,24,16,12,20,19],[12,24,20,8,4,16,15,19],[20,4,24,8,16,12,15,19],[12,24,4,16,20,8,15,19],[8,24,16,12,4,20,19],[4,20,24,16,8,12,19],[24,16,4,20,8,12,15,19],[24,4,12,16,8,20,19],[24,8,16,12,20,4,15,19],[24,12,4,20,8,16,19],[24,12,4,16,20,8,15,19],[12,4,8,20,24,16,15,19],[4,20,16,8,24,12,19],[24,20,12,4,8,16,19],[20,24,8,16,4,12,15,19],[24,20,16,8,12,4,15,19],[12,20,8,4,16,24,15,19],[16,12,24,20,8,4,15,19],[12,8,4,24,20,16,19],[4,16,12,24,8,20,15,19],[4,24,16,12,20,8,19],[12,8,4,20,24,16,19],[16,20,4,8,12,24,19],[8,20,24,4,16,12,15,19],[4,24,12,16,8,20,19],[20,8,24,4,12,16,19],[8,4,16,20,12,24,19],[16,24,8,4,20,12,15,19],[8,20,24,12,16,4,15,19],[24,12,8,4,20,16,19],[12,8,16,20,4,24,19],[24,20,12,8,16,4,19],[8,16,4,24,12,20,15,19],[24,12,20,16,4,8,15,19],[20,8,4,12,24,16,15,19],[12,20,16,24,4,8,15,19],[16,12,20,24,8,4,19],[4,8,12,24,20,16,19],[8,4,24,12,16,20,19],[4,12,16,20,8,24,15,19],[8,24,4,12,16,20,15,19],[20,16,8,24,4,12,15,19],[12,20,4,24,16,8,15,19],[12,20,4,8,24,16,15,19],[16,24,12,4,8,20,15,19],[24,4,20,12,16,8,19],[8,16,24,4,12,20,15,19],[16,12,8,24,20,4,19],[24,12,4,16,8,20,15,19],[16,4,12,20,8,24,19],[20,4,8,24,16,12,19],[24,8,16,20,12,4,15,19],[24,12,8,4,16,20,15,19],[12,4,24,20,8,16,19],[8,24,16,20,12,4,15,19],[12,24,8,20,16,4,15,19],[8,16,12,20,24,4,15,19],[20,8,24,4,16,12,19],[4,16,20,8,12,24,19],[20,24,12,8,16,4,15,19],[4,24,12,20,16,8,19],[12,8,16,4,24,20,19],[16,24,8,4,20,12,15,19],[24,12,4,20,16,8,15,19],[4,16,8,24,20,12,19],[12,4,8,16,20,24,15,19],[16,20,8,12,24,4,19],[8,20,4,12,24,16,19],[8,20,12,16,4,24,19],[8,16,24,12,4,20,15,19],[8,12,20,4,24,16,19],[8,12,20,4,24,16,15,19],[12,8,24,16,20,4,15,19],[12,4,8,20,24,16,15,19],[12,24,8,20,4,16,19],[4,24,20,12,8,16,19],[20,4,24,8,12,16,19],[8,4,12,16,20,24,19],[20,16,4,12,24,8,19],[24,20,4,8,12,16,19],[16,8,12,20,4,24,15,19],[4,12,20,16,24,8,15,19],[16,20,24,12,4,8,15,19],[16,24,8,12,20,4,19],[12,24,4,20,8,16,19],[4,24,16,12,20,8,19],[16,4,8,20,24,12,19],[4,16,20,24,12,8,19],[24,4,16,8,12,20,19],[16,8,12,4,20,24,19],[20,16,8,12,4,24,19],[12,16,4,20,8,24,15,19],[8,4,20,24,12,16,19],[8,16,4,12,24,20,19],[24,12,20,8,4,16,15,19],[12,24,4,20,16,8,19],[20,4,16,12,24,8,15,19],[24,20,4,8,16,12,19],[16,4,8,24,20,12,15,19],[8,24,4,16,12,20,19],[8,12,4,24,16,20,19],[4,24,12,8,20,16,15,19],[24,4,20,8,12,16,15,19],[8,20,16,4,24,12,19],[16,24,4,8,20,12,19],[20,24,12,8,16,4,19],[24,4,12,20,16,8,15,19],[16,24,12,8,20,4,19],[4,8,20,24,16,12,19],[24,20,16,4,12,8,19],[4,12,24,16,8,20,19],[4,24,16,20,8,12,19],[20,24,4,16,12,8,19],[20,16,24,12,4,8,15,19],[20,4,12,8,16,24,15,19],[16,20,4,12,8,24,15,19],[4,8,24,20,16,12,15,19],[16,12,4,8,24,20,15,19],[8,12,4,20,24,16,15,19],[8,12,4,24,16,20,19],[24,12,4,20,8,16,15,19],[24,8,12,16,4,20,19],[20,12,4,8,16,24,15,19],[24,20,4,8,16,12,15,19],[4,24,8,20,16,12,19],[12,4,20,8,16,24,19],[8,12,4,16,24,20,19],[20,12,16,4,24,8,19],[16,12,4,24,8,20,15,19],[8,16,12,4,20,24,15,19],[20,24,16,12,8,4,15,19],[12,8,4,24,16,20,15,19],[20,12,24,4,8,16,15,19],[8,4,12,16,24,20,15,19],[8,16,20,4,12,24,15,19],[24,20,12,8,16,4,15,19],[24,4,8,20,16,12,15,19],[24,4,12,16,20,8,19],[20,12,4,8,16,24,19],[20,24,12,16,4,8,19],[4,12,8,24,16,20,15,19],[12,24,16,8,20,4,15,19],[8,12,16,24,4,20,19],[12,24,8,20,16,4,15,19],[24,12,20,16,8,4,15,19],[16,12,20,4,24,8,15,19],[20,24,8,12,16,4,15,19],[12,16,8,20,24,4,15,19],[20,24,4,8,12,16,15,19],[4,12,20,8,16,24,15,19],[20,4,24,8,12,16,19],[4,12,8,16,24,20,19],[4,24,16,20,8,12,19],[24,16,20,4,12,8,19],[12,16,20,24,4,8,15,19],[20,12,24,8,16,4,15,19],[12,20,16,4,8,24,19],[24,4,20,8,16,12,19],[12,24,4,8,16,20,15,19],[24,4,20,8,12,16,15,19],[12,4,16,8,20,24,19],[24,16,20,12,8,4,15,19],[24,12,8,4,16,20,15,19],[20,16,24,8,12,4,19],[8,24,12,4,16,20,15,19],[20,16,24,12,4,8,19],[8,20,16,12,24,4,15,19],[20,8,4,16,12,24,19],[20,4,24,12,16,8,19],[12,16,20,8,24,4,19],[8,20,4,24,16,12,19],[4,16,12,20,8,24,15,19],[24,8,12,16,20,4,19],[8,4,24,12,16,20,15,19],[12,8,24,16,20,4,15,19],[12,16,4,24,20,8,19],[4,16,24,20,12,8,15,19],[20,8,12,4,16,24,19],[12,16,4,20,24,8,15,19],[24,8,12,16,4,20,15,19],[24,20,12,4,16,8,15,19],[12,8,4,20,16,24,19],[8,20,16,12,4,24,19],[4,16,12,20,24,8,15,19],[20,4,24,16,12,8,15,19],[16,4,8,24,12,20,19],[16,8,24,4,20,12,15,19],[24,20,12,16,4,8,19],[12,4,16,8,24,20,15,19],[12,8,4,20,24,16,15,19],[24,8,12,20,16,4,19],[16,12,20,24,4,8,19],[20,8,16,24,12,4,15,19],[20,8,12,16,4,24,15,19],[16,24,4,20,8,12,15,19],[16,12,8,4,20,24,19],[12,20,8,24,4,16,19],[20,16,24,4,12,8,19],[16,8,20,12,24,4,19],[8,24,16,12,20,4,19],[20,16,8,4,12,24,15,19],[4,20,8,12,16,24,15,19],[4,20,12,16,8,24,19],[4,24,12,8,16,20,15,19],[8,12,16,20,4,24,15,19],[4,20,16,12,24,8,15,19],[8,20,16,12,4,24,15,19],[8,12,24,20,16,4,15,19],[24,20,4,16,12,8,19],[16,4,20,8,12,24,15,19],[8,12,20,16,24,4,15,19],[20,4,12,16,24,8,19],[20,24,8,16,12,4,15,19],[4,8,12,20,16,24,15,19],[4,16,8,12,24,20,15,19],[8,24,4,16,20,12,15,19],[20,4,8,12,24,16,15,19],[16,12,4,8,20,24,15,19],[4,16,8,20,24,12,15,19],[24,8,16,4,12,20,19],[4,16,8,12,20,24,19],[8,24,16,12,20,4,19],[24,4,8,20,16,12,15,19],[4,8,12,24,16,20,15,19],[4,8,12,24,20,16,15,19],[8,4,16,12,24,20,19],[16,12,4,20,8,24,19],[24,12,8,4,16,20,15,19],[24,4,20,16,12,8,19],[4,24,8,16,20,12,19],[4,24,16,12,20,8,19],[12,20,4,24,8,16,19],[16,4,12,8,24,20,19],[8,24,16,12,4,20,19],[24,4,12,8,20,16,15,19],[4,20,24,8,12,16,15,19],[20,24,16,4,12,8,19],[16,24,20,8,12,4,19],[4,20,12,16,8,24,15,19],[16,12,4,24,8,20,19],[20,8,4,16,12,24,15,19],[8,12,24,4,20,16,15,19],[16,24,4,12,20,8,15,19],[24,16,20,12,8,4,15,19],[8,20,12,16,4,24,19],[16,8,12,4,20,24,19],[24,16,8,12,20,4,15,19],[20,8,24,16,4,12,15,19],[12,4,16,8,20,24,19],[4,8,20,12,16,24,19],[8,4,12,16,24,20,19],[16,12,20,24,8,4,15,19],[16,4,8,12,24,20,19],[12,20,16,8,24,4,15,19],[4,8,16,24,12,20,15,19],[8,4,20,24,12,16,15,19],[16,8,4,24,12,20,15,19],[12,4,8,20,24,16,19],[12,20,8,24,4,16,15,19],[16,8,20,4,24,12,19],[4,20,8,12,16,24,15,19],[8,12,20,24,16,4,15,19],[24,20,16,12,4,8,15,19],[4,12,24,16,20,8,19],[4,8,24,20,12,16,15,19],[20,4,24,8,16,12,19],[16,12,24,4,8,20,19],[24,12,20,8,4,16,19],[20,8,24,16,4,12,15,19],[24,20,8,12,16,4,19],[24,8,20,16,12,4,15,19],[4,16,20,12,8,24,15,19],[8,12,16,4,20,24,19],[24,4,12,8,20,16,19],[20,12,4,24,16,8,19],[16,24,4,8,20,12,19],[16,8,4,20,24,12,19],[24,12,4,16,20,8,15,19],[12,16,24,8,4,20,15,19],[8,4,20,12,16,24,15,19],[24,8,16,12,20,4,15,19],[24,16,4,12,20,8,15,19],[4,16,20,12,24,8,19],[16,4,20,12,24,8,15,19],[16,4,8,24,20,12,15,19],[8,4,20,16,24,12,19],[16,8,24,20,4,12,19],[24,20,8,12,16,4,15,19],[20,24,4,12,16,8,19],[4,16,20,12,8,24,15,19],[24,4,8,12,16,20,15,19],[12,8,16,24,4,20,15,19],[16,8,24,20,4,12,15,19],[12,20,16,4,8,24,19],[4,12,20,24,16,8,15,19],[16,24,12,8,20,4,15,19],[8,16,20,24,4,12,15,19],[24,20,12,16,4,8,15,19],[16,24,20,8,12,4,15,19],[12,16,24,20,4,8,19],[4,16,8,12,20,24,15,19],[8,4,24,16,12,20,19],[16,20,8,12,24,4,15,19],[24,16,20,12,4,8,19],[20,8,16,4,24,12,15,19],[16,20,4,12,8,24,19],[16,4,12,24,20,8,15,19],[20,24,12,4,8,16,15,19],[20,24,16,4,12,8,19],[16,24,12,20,8,4,15,19],[8,20,24,12,16,4,19],[16,12,8,24,4,20,19],[12,8,4,20,16,24,15,19],[20,12,16,4,8,24,19],[4,24,20,8,16,12,19],[12,20,16,8,4,24,15,19],[24,4,12,20,16,8,19],[8,24,4,16,20,12,19],[4,20,24,8,12,16,15,19],[12,8,4,24,16,20,19],[20,8,24,12,4,16,19],[4,8,20,12,24,16,15,19],[24,16,20,8,12,4,19],[20,8,4,16,24,12,15,19],[24,20,16,8,12,4,19],[8,16,24,20,12,4,15,19],[8,20,12,16,4,24,19],[4,8,16,24,12,20,15,19],[8,24,16,12,4,20,19],[16,8,20,12,4,24,19],[4,20,12,16,8,24,15,19],[12,8,16,20,4,24,19],[12,4,8,16,20,24,19],[24,16,8,12,20,4,15,19],[16,12,24,8,20,4,15,19],[12,20,16,24,4,8,15,19],[8,12,4,16,20,24,19],[24,8,4,20,12,16,19],[24,8,4,16,12,20,15,19],[12,4,20,8,24,16,15,19],[12,8,4,24,16,20,15,19],[16,8,20,4,24,12,15,19],[8,4,24,12,20,16,19],[8,20,4,16,24,12,19],[4,20,24,8,16,12,19],[12,4,24,20,16,8,15,19],[4,20,12,8,24,16,15,19],[20,8,4,16,24,12,19],[16,24,8,20,12,4,15,19],[20,16,12,8,24,4,15,19],[24,20,4,8,16,12,15,19],[12,24,20,4,8,16,15,19],[4,20,24,8,12,16,19]],"n_human":9}