{"problem_id":"FEAXPjDkQtoiaeC","sigma":150,"alpha":10.000,"cost":1,"probabilities":"[0.19, 0.33, 0.19, 0.29]","payoff_matrix":"[[37, 235, 22, 53, -116, 51], [-20, 38, 116, 163, 13, -4], [52, -241, 143, 60, 219, 60], [29, -40, 104, -152, -216, 164]]","uncovered":[[2,18,14,6,16,8,22,10,12,20,24,11,23,21,9],[14,22,6,16,8,2,18,10,12,20,24,11,21,23,9],[18,2,6,10,8,22,14,12,16,20,24,9,21,11],[6,18,10,12,2,22,14,16,8,20,24,11,23,9],[22,10,2,14,16,6,12,18,8,20,24,21,9,11],[10,22,2,14,12,16,6,18,8,20,24,11,23,21,9],[10,22,18,2,6,12,14,16,8,20,24,11,23,21,9],[10,18,6,8,22,14,12,16,2,20,24,11,21,23,9],[18,22,10,6,8,14,16,2,12,20,24,23,11,9],[10,6,12,14,16,22,18,2,8,20,24,9,21,23,11],[14,2,22,10,16,6,8,18,12,20,24,9,21,11],[2,10,22,14,16,18,6,12,8,20,24,23,11,9],[2,22,18,6,10,12,14,16,8,20,24,9,21,23,11],[2,6,10,12,14,16,22,18,8,20,24,9,23,11],[22,14,2,18,10,12,16,6,8,20,24,11,23,9],[18,2,22,6,10,8,14,16,12,20,24,21,9,11],[18,14,6,16,8,10,22,2,12,20,24,11,23,9],[2,10,22,18,14,16,6,8,12,20,24,23,11,21,9],[2,10,14,12,16,22,18,6,8,20,24,9,21,11],[18,10,6,8,2,14,16,22,12,20,24,21,9,11],[18,10,14,16,22,2,6,12,8,20,24,11,23,21,9],[6,18,2,14,8,10,12,16,22,20,24,21,9,23,11],[6,22,2,10,8,18,14,16,12,20,24,21,9,11],[14,6,16,8,22,2,18,10,12,20,24,23,11,9],[14,18,22,10,12,16,2,6,8,20,24,11,21,9],[10,2,14,16,18,6,12,22,8,20,24,9,23,11],[2,22,18,6,14,16,8,10,12,20,24,21,9,23,11],[18,6,14,22,2,8,10,12,16,20,24,9,23,21,11],[10,6,12,22,14,16,2,18,8,20,24,11,23,21,9],[6,18,10,8,2,14,12,16,22,20,24,11,21,23,9],[2,18,14,22,6,16,8,10,12,20,24,9,21,23,11],[6,2,22,14,8,10,12,16,18,20,24,23,9,11],[10,18,22,14,16,2,6,12,8,20,24,11,23,9],[22,14,6,10,12,16,2,18,8,20,24,11,23,21,9],[14,22,10,16,6,8,18,2,12,20,24,9,21,11],[18,6,14,10,12,16,22,2,8,20,24,9,23,21,11],[6,10,8,2,22,14,12,16,18,20,24,21,11,23,9],[18,14,6,8,22,10,12,16,2,20,24,21,11,23,9],[14,22,2,6,8,10,12,16,18,20,24,11,21,9],[10,22,6,8,18,14,16,2,12,20,24,21,11,9],[2,6,10,8,14,16,22,18,12,20,24,9,23,21,11],[2,18,6,22,10,12,14,16,8,20,24,9,21,23,11],[6,18,2,22,14,16,8,10,12,20,24,11,21,9],[6,14,2,16,8,18,22,10,12,20,24,23,9,11],[2,10,14,16,6,8,18,22,12,20,24,23,11,21,9],[2,18,6,14,8,10,16,22,12,20,24,9,23,21,11],[10,18,22,6,12,2,14,16,8,20,24,21,11,9],[14,18,2,22,6,10,12,16,8,20,24,21,9,11],[6,2,22,14,10,16,12,18,8,20,24,9,21,23,11],[18,10,2,22,6,12,14,16,8,20,24,21,9,11],[6,10,12,22,2,18,14,16,8,20,24,9,21,23,11],[22,14,6,18,16,8,10,2,12,20,24,23,9,11],[10,22,18,6,8,14,12,16,2,20,24,23,11,9],[18,14,6,8,10,16,22,2,12,20,24,11,21,9],[22,18,10,6,12,2,14,16,8,20,24,21,11,9],[22,14,2,18,10,16,6,8,12,20,24,9,23,11],[18,22,2,10,14,12,16,6,8,20,24,23,9,21,11],[6,18,10,8,14,16,22,2,12,20,24,21,9,23,11],[2,22,10,6,8,14,12,16,18,20,24,21,9,11],[14,6,8,18,2,22,10,16,12,20,24,23,9,21,11],[6,2,14,10,16,8,18,22,12,20,24,23,9,11],[18,22,10,6,12,14,16,2,8,20,24,11,23,9],[22,10,14,12,16,6,2,18,8,20,24,9,23,21,11],[10,18,22,6,8,14,16,2,12,20,24,9,23,21,11],[18,10,6,12,14,16,22,2,8,20,24,9,21,11],[14,6,22,10,12,16,18,2,8,20,24,23,11,9],[14,22,18,2,6,8,10,12,16,20,24,9,21,23,11],[10,14,16,6,8,18,2,22,12,20,24,11,23,21,9],[18,14,6,22,10,12,16,2,8,20,24,11,23,21,9],[22,2,18,6,14,8,10,12,16,20,24,9,21,11],[18,10,14,12,16,22,6,2,8,20,24,9,21,23,11],[22,18,14,6,8,10,16,2,12,20,24,9,23,11],[6,18,10,12,22,14,16,2,8,20,24,23,9,11],[2,10,18,14,16,22,6,8,12,20,24,21,11,9],[22,6,2,14,18,8,10,12,16,20,24,11,23,9],[6,10,12,22,2,18,14,16,8,20,24,21,11,9],[14,22,10,12,16,18,6,2,8,20,24,21,9,23,11],[10,22,18,2,6,8,14,12,16,20,24,9,21,23,11],[22,18,6,10,8,2,14,12,16,20,24,23,9,21,11],[10,14,16,2,22,18,6,8,12,20,24,11,21,9],[18,6,10,12,2,14,16,22,8,20,24,21,11,23,9],[22,18,2,10,14,16,6,12,8,20,24,23,11,9],[18,6,22,10,12,2,14,16,8,20,24,11,23,21,9],[18,14,2,22,10,12,16,6,8,20,24,11,23,21,9],[10,6,8,14,16,22,18,2,12,20,24,11,23,21,9],[10,6,8,2,22,14,16,18,12,20,24,11,23,9],[2,14,18,10,12,16,22,6,8,20,24,11,23,9],[10,14,16,18,22,2,6,12,8,20,24,23,9,21,11],[18,6,10,8,14,12,16,22,2,20,24,21,11,9],[22,6,10,12,18,14,16,2,8,20,24,23,11,21,9],[10,22,14,12,16,2,6,18,8,20,24,21,9,23,11],[6,2,10,8,18,14,12,16,22,20,24,23,11,9],[10,2,18,22,14,16,6,12,8,20,24,9,21,23,11],[14,18,6,10,12,16,2,22,8,20,24,9,23,11],[2,10,18,6,8,22,14,12,16,20,24,9,23,11],[14,2,6,8,10,16,22,18,12,20,24,23,11,9],[14,2,6,8,22,18,10,12,16,20,24,9,23,11],[10,22,2,18,6,12,14,16,8,20,24,21,9,11],[14,22,18,6,10,16,8,2,12,20,24,9,23,11],[18,10,22,14,12,16,2,6,8,20,24,9,23,11],[6,2,18,22,14,8,10,16,12,20,24,21,9,11],[22,18,10,2,6,8,14,12,16,20,24,21,9,23,11],[22,10,6,12,14,16,18,2,8,20,24,23,11,9],[10,18,6,12,2,14,16,22,8,20,24,21,9,11],[10,18,22,2,6,8,14,16,12,20,24,9,21,11],[22,18,6,10,12,2,14,16,8,20,24,11,23,9],[18,6,22,14,16,8,10,2,12,20,24,23,11,21,9],[14,22,6,8,10,12,16,2,18,20,24,23,9,21,11],[6,2,22,18,10,8,14,16,12,20,24,9,23,11],[18,2,10,22,14,12,16,6,8,20,24,23,11,9],[14,18,22,10,12,16,6,2,8,20,24,9,23,21,11],[14,10,12,16,22,2,18,6,8,20,24,21,11,9],[6,22,18,2,14,8,10,12,16,20,24,9,23,21,11],[6,14,16,8,2,10,18,22,12,20,24,9,21,11],[6,18,10,12,14,16,22,2,8,20,24,9,23,21,11],[22,6,10,12,14,16,18,2,8,20,24,11,21,23,9],[2,6,14,22,16,8,18,10,12,20,24,11,23,9],[22,14,6,8,10,12,16,18,2,20,24,11,21,9],[22,10,2,18,14,16,6,12,8,20,24,9,21,23,11],[6,10,8,22,14,12,16,18,2,20,24,11,23,9],[22,2,6,10,12,14,16,18,8,20,24,21,11,9],[18,10,2,14,12,16,6,22,8,20,24,21,9,23,11],[18,14,10,16,6,12,22,2,8,20,24,21,11,23,9],[22,14,6,8,10,12,16,2,18,20,24,23,9,21,11],[10,6,12,22,18,14,16,2,8,20,24,21,9,11],[18,6,22,2,10,8,14,16,12,20,24,11,23,21,9],[22,18,14,2,10,12,16,6,8,20,24,9,23,11],[2,14,22,18,6,8,10,16,12,20,24,21,11,9],[22,14,2,10,12,16,6,18,8,20,24,21,9,11],[2,10,22,14,16,18,6,8,12,20,24,11,21,9],[2,6,22,18,10,12,14,16,8,20,24,9,23,21,11],[14,22,10,12,16,2,6,18,8,20,24,21,9,11],[22,18,6,2,14,8,10,12,16,20,24,21,11,9],[22,18,2,10,14,16,6,8,12,20,24,23,11,9],[2,18,22,10,6,12,14,16,8,20,24,11,21,23,9],[22,6,10,8,2,14,12,16,18,20,24,21,11,9],[10,18,22,14,16,2,6,12,8,20,24,23,9,11],[18,6,10,8,14,16,22,2,12,20,24,11,21,23,9],[2,22,10,6,12,18,14,16,8,20,24,21,9,11],[22,10,2,6,8,18,14,16,12,20,24,23,9,11],[10,22,6,8,18,14,12,16,2,20,24,11,21,23,9],[10,18,2,6,12,22,14,16,8,20,24,21,11,9],[22,18,10,2,6,12,14,16,8,20,24,23,11,21,9],[22,10,18,2,6,8,14,16,12,20,24,11,23,21,9],[10,6,12,2,22,18,14,16,8,20,24,9,23,21,11],[10,18,14,16,2,6,8,22,12,20,24,9,23,21,11],[10,22,2,18,14,16,6,12,8,20,24,23,9,11],[10,2,18,22,6,8,14,12,16,20,24,9,21,11],[6,22,10,8,2,18,14,16,12,20,24,11,23,9],[10,18,14,16,22,6,12,2,8,20,24,11,23,9],[18,14,6,8,10,12,16,22,2,20,24,23,11,9],[14,6,2,8,10,16,18,22,12,20,24,9,23,11],[6,14,2,22,16,8,10,18,12,20,24,21,11,23,9],[22,6,10,12,18,14,16,2,8,20,24,9,23,21,11],[18,10,2,22,6,8,14,12,16,20,24,21,11,9],[22,18,10,6,12,14,16,2,8,20,24,9,23,21,11],[22,14,2,18,6,16,8,10,12,20,24,23,9,21,11],[10,6,12,18,14,16,22,2,8,20,24,21,9,11],[18,6,10,12,22,2,14,16,8,20,24,9,21,23,11],[22,18,2,10,6,12,14,16,8,20,24,23,11,9],[2,18,10,6,8,22,14,12,16,20,24,21,9,11],[22,2,6,14,8,10,16,18,12,20,24,11,21,23,9],[6,2,14,16,8,10,22,18,12,20,24,23,9,11],[2,18,6,10,12,22,14,16,8,20,24,11,23,9],[6,10,8,14,16,18,22,2,12,20,24,9,21,23,11],[2,10,6,12,22,14,16,18,8,20,24,11,23,9],[2,10,14,12,16,6,18,22,8,20,24,21,9,11],[18,10,6,12,14,16,22,2,8,20,24,21,11,9],[22,14,18,6,8,2,10,12,16,20,24,21,9,23,11],[2,18,10,22,14,16,6,8,12,20,24,11,21,9],[14,22,18,2,6,16,8,10,12,20,24,23,11,21,9],[22,2,14,10,16,6,12,18,8,20,24,21,9,11],[6,2,14,10,12,16,18,22,8,20,24,21,9,11],[22,6,14,18,10,16,8,2,12,20,24,9,23,21,11],[14,10,16,18,2,22,6,8,12,20,24,11,21,23,9],[6,22,14,8,2,10,16,18,12,20,24,21,11,23,9],[6,18,2,14,16,8,22,10,12,20,24,21,11,23,9],[22,10,6,12,18,2,14,16,8,20,24,21,11,9],[22,6,18,14,16,8,2,10,12,20,24,11,21,9],[22,14,10,12,16,18,2,6,8,20,24,23,11,9],[6,10,12,2,22,14,16,18,8,20,24,21,9,11],[14,22,2,6,8,10,16,18,12,20,24,21,11,23,9],[10,6,8,18,14,12,16,22,2,20,24,21,11,23,9],[2,18,6,10,8,14,12,16,22,20,24,23,11,21,9],[2,14,18,22,6,10,12,16,8,20,24,9,21,11],[6,10,8,18,2,14,12,16,22,20,24,21,11,9],[6,10,8,14,12,16,22,2,18,20,24,9,21,11],[18,10,6,8,22,14,12,16,2,20,24,21,11,9],[2,14,10,16,18,22,6,8,12,20,24,9,21,11],[10,18,2,14,16,22,6,12,8,20,24,11,21,9],[14,22,18,10,16,2,6,12,8,20,24,23,11,21,9],[22,14,10,12,16,2,6,18,8,20,24,23,11,21,9],[10,18,22,14,12,16,6,2,8,20,24,21,11,9],[6,22,18,14,16,8,10,2,12,20,24,23,11,9],[2,6,14,22,16,8,18,10,12,20,24,23,9,21,11],[18,10,2,14,16,22,6,12,8,20,24,21,9,11],[6,2,10,8,22,14,16,18,12,20,24,21,9,23,11],[22,2,6,18,10,8,14,12,16,20,24,23,9,21,11],[6,2,10,12,18,14,16,22,8,20,24,9,21,11],[18,6,10,12,22,14,16,2,8,20,24,11,21,9],[6,18,10,12,14,16,22,2,8,20,24,23,9,21,11],[2,6,22,10,12,18,14,16,8,20,24,21,9,23,11],[14,2,10,12,16,22,18,6,8,20,24,23,11,21,9],[10,2,14,16,6,8,18,22,12,20,24,9,23,11],[6,2,18,14,10,12,16,22,8,20,24,21,11,23,9],[14,2,22,10,12,16,18,6,8,20,24,9,23,21,11],[10,22,14,16,2,18,6,8,12,20,24,21,11,23,9],[2,22,6,14,8,10,12,16,18,20,24,11,21,9],[22,2,6,14,10,12,16,18,8,20,24,23,9,21,11],[6,2,14,10,16,8,22,18,12,20,24,9,21,23,11],[10,6,12,14,16,18,22,2,8,20,24,21,11,23,9],[2,6,14,16,8,22,18,10,12,20,24,21,11,9],[2,18,14,10,16,6,8,22,12,20,24,9,23,11],[22,2,14,10,12,16,6,18,8,20,24,21,11,9],[18,14,6,22,2,10,16,12,8,20,24,21,9,23,11],[10,18,6,8,14,16,22,2,12,20,24,9,21,23,11],[10,6,12,14,16,18,22,2,8,20,24,23,11,21,9],[14,6,8,2,10,16,18,22,12,20,24,23,11,21,9],[2,14,6,18,16,8,22,10,12,20,24,21,11,9],[22,18,2,6,14,10,12,16,8,20,24,21,9,23,11],[6,10,12,2,14,16,22,18,8,20,24,23,11,9],[14,6,10,12,16,2,18,22,8,20,24,9,21,11],[6,14,8,2,10,16,18,22,12,20,24,23,9,21,11],[14,22,18,10,16,2,6,12,8,20,24,21,11,9],[2,14,10,12,16,6,22,18,8,20,24,11,23,21,9],[22,10,18,6,12,2,14,16,8,20,24,23,11,21,9],[6,14,2,8,18,22,10,12,16,20,24,9,23,11],[22,6,18,10,12,2,14,16,8,20,24,23,11,21,9],[22,6,2,18,14,16,8,10,12,20,24,11,23,21,9],[22,14,10,16,2,18,6,8,12,20,24,9,21,23,11],[14,6,22,8,18,10,12,16,2,20,24,9,23,11],[6,22,14,16,8,2,10,18,12,20,24,21,11,23,9],[14,6,10,16,12,22,2,18,8,20,24,9,23,11],[22,2,6,14,8,10,12,16,18,20,24,11,21,9],[6,10,12,2,14,16,18,22,8,20,24,11,23,9],[22,2,10,14,12,16,6,18,8,20,24,11,21,23,9],[2,22,14,10,16,18,6,8,12,20,24,21,9,23,11],[6,22,14,2,10,16,12,18,8,20,24,23,9,11],[22,6,18,2,14,16,8,10,12,20,24,23,11,9],[18,22,2,6,14,10,16,12,8,20,24,23,9,21,11],[10,2,6,12,22,14,16,18,8,20,24,9,21,23,11],[18,22,14,2,10,16,6,8,12,20,24,11,23,9],[14,10,12,16,18,22,2,6,8,20,24,21,11,23,9],[6,14,16,8,22,2,18,10,12,20,24,23,11,21,9],[18,22,6,2,10,8,14,16,12,20,24,11,23,21,9],[10,18,2,6,12,22,14,16,8,20,24,11,23,21,9],[6,2,14,10,12,16,18,22,8,20,24,21,11,9],[6,10,8,22,2,18,14,16,12,20,24,9,21,11],[22,2,10,14,12,16,18,6,8,20,24,9,21,23,11],[22,2,14,10,12,16,18,6,8,20,24,9,23,11],[14,6,10,12,16,22,2,18,8,20,24,9,21,23,11],[22,14,10,12,16,6,2,18,8,20,24,21,9,11],[22,6,2,14,18,10,12,16,8,20,24,23,9,11],[6,14,18,22,16,8,2,10,12,20,24,23,11,21,9],[10,14,12,16,6,2,18,22,8,20,24,11,23,21,9],[10,22,14,16,2,6,12,18,8,20,24,21,9,11],[2,6,22,18,10,12,14,16,8,20,24,21,11,9],[10,6,8,22,2,18,14,12,16,20,24,21,11,23,9],[2,10,22,18,14,16,6,8,12,20,24,11,21,9],[18,22,14,2,10,12,16,6,8,20,24,21,9,23,11],[14,2,22,18,10,12,16,6,8,20,24,9,21,11],[6,2,22,14,8,18,10,12,16,20,24,21,9,11],[2,6,14,10,16,12,22,18,8,20,24,23,9,11],[10,22,14,12,16,18,6,2,8,20,24,9,21,11],[2,10,22,14,12,16,6,18,8,20,24,23,11,21,9],[14,2,10,12,16,22,18,6,8,20,24,21,11,23,9],[6,2,18,10,8,14,12,16,22,20,24,21,9,11],[18,14,6,10,12,16,22,2,8,20,24,23,11,21,9],[2,14,18,6,8,10,12,16,22,20,24,21,11,23,9],[14,18,6,16,8,22,10,2,12,20,24,11,23,21,9],[14,2,18,10,16,22,6,12,8,20,24,21,9,11],[2,10,6,12,22,18,14,16,8,20,24,21,11,9],[22,18,2,10,14,16,6,8,12,20,24,9,23,21,11],[6,22,18,2,14,10,12,16,8,20,24,21,9,11],[2,18,22,6,10,12,14,16,8,20,24,11,23,9],[6,18,14,8,22,2,10,16,12,20,24,23,11,21,9],[2,22,10,6,8,18,14,12,16,20,24,9,21,23,11],[14,18,6,10,16,8,2,22,12,20,24,11,23,9],[10,2,14,16,22,18,6,8,12,20,24,23,9,11],[6,14,10,12,16,18,2,22,8,20,24,11,21,9],[18,6,14,16,8,22,2,10,12,20,24,11,21,23,9],[14,10,12,16,22,2,18,6,8,20,24,9,21,23,11],[22,2,18,6,10,12,14,16,8,20,24,9,21,11],[14,22,10,12,16,18,2,6,8,20,24,9,21,11],[2,22,18,14,6,16,8,10,12,20,24,9,21,23,11],[2,10,14,16,6,12,22,18,8,20,24,9,21,11],[6,22,14,2,10,16,12,18,8,20,24,11,23,9],[10,22,14,12,16,6,2,18,8,20,24,9,23,11],[14,6,10,16,8,2,18,22,12,20,24,21,11,9],[6,18,22,2,14,10,16,12,8,20,24,21,11,23,9],[6,22,18,10,12,2,14,16,8,20,24,9,23,21,11],[6,22,14,18,16,8,2,10,12,20,24,21,9,11],[14,6,10,12,16,18,2,22,8,20,24,11,23,21,9],[2,10,6,12,22,14,16,18,8,20,24,9,23,11],[10,22,14,12,16,2,18,6,8,20,24,23,11,9],[18,14,10,12,16,2,6,22,8,20,24,11,23,9],[18,2,14,22,6,10,16,8,12,20,24,11,21,23,9],[10,22,14,12,16,6,18,2,8,20,24,21,11,9],[18,10,6,12,22,14,16,2,8,20,24,21,11,23,9],[2,18,22,6,10,12,14,16,8,20,24,11,23,21,9],[22,18,14,10,12,16,2,6,8,20,24,23,11,9],[18,10,22,14,12,16,2,6,8,20,24,23,11,21,9],[18,14,22,2,10,16,6,8,12,20,24,23,11,9],[6,14,18,8,22,10,16,2,12,20,24,23,11,21,9],[6,18,22,14,2,10,16,8,12,20,24,23,11,9],[18,10,6,12,14,16,2,22,8,20,24,11,23,21,9],[10,2,14,12,16,22,18,6,8,20,24,11,21,9],[10,2,14,12,16,18,6,22,8,20,24,21,9,23,11],[6,10,12,18,22,2,14,16,8,20,24,23,9,21,11],[6,2,10,8,14,16,18,22,12,20,24,11,23,9],[6,22,14,2,16,8,10,18,12,20,24,9,21,11],[2,14,18,10,16,22,6,12,8,20,24,21,11,9],[6,14,16,8,10,22,2,18,12,20,24,21,9,11],[22,18,10,2,6,12,14,16,8,20,24,9,23,21,11],[6,10,8,2,22,14,12,16,18,20,24,11,21,23,9],[18,2,22,10,6,12,14,16,8,20,24,21,9,23,11],[6,2,18,22,14,16,8,10,12,20,24,9,21,23,11],[10,18,22,14,16,2,6,8,12,20,24,21,11,23,9],[22,6,10,12,14,16,2,18,8,20,24,21,11,9],[6,14,8,18,22,2,10,16,12,20,24,23,11,21,9],[2,22,6,18,14,8,10,16,12,20,24,23,11,9],[2,14,10,16,6,8,22,18,12,20,24,23,11,9],[6,10,8,14,12,16,2,18,22,20,24,9,23,11],[10,6,8,2,22,18,14,12,16,20,24,21,11,23,9],[18,10,6,12,2,22,14,16,8,20,24,23,11,21,9],[22,6,2,18,10,8,14,12,16,20,24,9,21,11],[18,10,2,6,8,22,14,12,16,20,24,21,11,9],[18,10,14,16,2,6,8,22,12,20,24,9,21,23,11],[18,2,6,14,10,12,16,22,8,20,24,21,9,23,11],[6,10,12,18,22,14,16,2,8,20,24,11,23,9],[10,2,22,6,8,14,12,16,18,20,24,11,23,9],[10,18,14,12,16,2,22,6,8,20,24,9,23,21,11],[2,10,22,6,8,18,14,12,16,20,24,9,21,11],[10,14,12,16,22,6,18,2,8,20,24,23,9,11],[10,14,12,16,6,22,2,18,8,20,24,21,11,23,9],[14,6,16,8,10,22,18,2,12,20,24,9,23,11],[14,18,10,12,16,6,22,2,8,20,24,9,23,21,11],[2,6,10,12,14,16,22,18,8,20,24,9,23,11],[10,2,22,14,16,18,6,12,8,20,24,9,21,23,11],[18,6,2,14,16,8,10,22,12,20,24,9,21,11],[22,18,6,10,8,2,14,16,12,20,24,9,21,11],[10,6,8,22,2,18,14,16,12,20,24,11,23,21,9],[10,2,14,16,6,8,18,22,12,20,24,23,11,9],[2,22,18,6,10,12,14,16,8,20,24,21,11,23,9],[18,22,2,6,14,8,10,12,16,20,24,23,9,11],[6,18,2,22,10,8,14,16,12,20,24,11,23,21,9],[22,6,14,16,8,2,18,10,12,20,24,21,9,23,11],[2,14,10,12,16,18,22,6,8,20,24,11,23,9],[22,14,6,8,10,12,16,18,2,20,24,21,11,23,9],[14,10,16,22,18,2,6,12,8,20,24,9,21,23,11],[2,6,10,12,18,14,16,22,8,20,24,21,11,23,9],[10,2,18,22,14,16,6,8,12,20,24,9,23,21,11],[14,6,16,8,2,18,10,22,12,20,24,23,9,21,11],[14,6,18,8,10,16,22,2,12,20,24,9,23,11],[22,10,2,14,16,18,6,12,8,20,24,9,23,11],[10,18,22,14,12,16,2,6,8,20,24,23,11,9],[22,10,6,8,2,18,14,16,12,20,24,11,21,23,9],[18,14,6,8,22,10,12,16,2,20,24,9,21,23,11],[10,6,8,2,14,16,18,22,12,20,24,9,23,21,11],[2,22,6,14,10,16,12,18,8,20,24,23,11,9],[14,18,22,6,10,16,8,2,12,20,24,11,21,23,9],[2,22,10,18,6,12,14,16,8,20,24,21,9,11],[10,18,2,6,12,14,16,22,8,20,24,23,11,21,9],[14,18,6,2,16,8,22,10,12,20,24,11,23,9],[22,14,10,16,6,8,2,18,12,20,24,11,23,21,9],[2,6,10,8,22,14,16,18,12,20,24,11,23,9],[14,22,18,6,2,16,8,10,12,20,24,11,23,21,9],[14,2,18,6,10,16,8,22,12,20,24,21,9,23,11],[14,2,10,16,18,6,12,22,8,20,24,11,23,21,9],[22,14,18,2,6,10,12,16,8,20,24,23,11,9],[14,10,12,16,18,22,6,2,8,20,24,11,23,9],[10,2,14,12,16,6,18,22,8,20,24,9,23,11],[18,22,6,14,16,8,2,10,12,20,24,9,23,11],[22,6,18,14,10,12,16,2,8,20,24,21,11,23,9],[10,2,6,12,18,22,14,16,8,20,24,21,11,9],[22,6,14,16,8,10,2,18,12,20,24,21,11,9],[6,18,22,2,14,10,12,16,8,20,24,9,21,23,11],[22,14,18,10,16,6,8,2,12,20,24,23,11,21,9],[10,6,12,2,14,16,18,22,8,20,24,23,11,21,9],[18,14,22,10,12,16,6,2,8,20,24,9,23,11],[10,6,8,18,22,14,16,2,12,20,24,11,21,9],[14,2,10,12,16,18,22,6,8,20,24,23,9,21,11],[2,10,14,12,16,18,6,22,8,20,24,23,11,21,9],[14,22,6,8,2,18,10,12,16,20,24,11,23,21,9],[14,18,22,6,10,16,8,2,12,20,24,21,11,23,9],[22,6,2,18,14,8,10,12,16,20,24,23,9,21,11],[10,14,16,6,8,22,2,18,12,20,24,11,21,23,9],[10,2,18,6,12,22,14,16,8,20,24,21,9,23,11],[18,10,22,6,12,2,14,16,8,20,24,21,9,23,11],[6,22,18,14,2,16,8,10,12,20,24,23,11,21,9],[10,2,6,8,18,14,12,16,22,20,24,11,21,23,9],[22,14,6,16,8,18,2,10,12,20,24,11,21,23,9],[22,10,2,6,12,18,14,16,8,20,24,23,9,21,11],[14,2,22,18,10,16,6,12,8,20,24,21,9,11],[6,18,14,16,8,22,2,10,12,20,24,11,21,9],[14,22,18,2,6,8,10,12,16,20,24,11,21,9],[14,6,16,8,22,18,2,10,12,20,24,21,9,11],[22,10,2,18,14,16,6,12,8,20,24,21,11,9],[18,2,6,14,16,8,22,10,12,20,24,21,11,9],[22,14,18,2,6,8,10,16,12,20,24,11,21,9],[6,2,18,14,16,8,22,10,12,20,24,11,23,9],[2,14,22,18,10,16,6,8,12,20,24,23,11,9],[10,18,6,12,2,14,16,22,8,20,24,23,11,9],[6,18,22,2,10,8,14,16,12,20,24,21,11,9],[6,10,8,22,14,16,2,18,12,20,24,9,23,11],[6,18,22,2,14,10,16,12,8,20,24,21,11,23,9],[14,10,12,16,2,22,18,6,8,20,24,23,9,21,11],[2,22,10,18,6,12,14,16,8,20,24,11,21,9],[6,14,22,18,8,2,10,16,12,20,24,23,11,21,9],[10,6,8,14,16,2,22,18,12,20,24,23,11,21,9],[14,22,2,10,16,6,12,18,8,20,24,9,21,11],[14,22,6,18,8,10,16,2,12,20,24,21,9,11],[2,14,6,22,16,8,18,10,12,20,24,9,21,11],[22,6,18,2,10,12,14,16,8,20,24,23,11,21,9],[10,22,6,12,14,16,2,18,8,20,24,23,11,9],[14,18,10,12,16,6,2,22,8,20,24,21,11,9],[10,2,6,8,22,14,12,16,18,20,24,21,9,11],[18,10,14,16,2,6,12,22,8,20,24,9,21,11],[18,6,2,10,8,22,14,12,16,20,24,9,21,11],[22,2,18,10,14,12,16,6,8,20,24,11,23,21,9],[10,14,12,16,18,6,2,22,8,20,24,9,21,23,11],[18,6,22,14,2,8,10,16,12,20,24,23,11,21,9],[14,10,16,18,2,6,8,22,12,20,24,11,23,9],[6,10,12,2,14,16,18,22,8,20,24,23,11,21,9],[2,22,10,6,12,14,16,18,8,20,24,21,9,11],[22,6,14,10,16,8,18,2,12,20,24,21,9,11],[22,10,6,8,2,18,14,12,16,20,24,23,11,21,9],[18,22,14,10,12,16,6,2,8,20,24,11,21,9],[14,18,2,10,12,16,22,6,8,20,24,21,9,23,11],[10,6,12,18,22,14,16,2,8,20,24,11,23,21,9],[10,22,6,12,14,16,18,2,8,20,24,23,9,11],[10,18,14,16,22,2,6,12,8,20,24,21,9,23,11],[6,2,18,22,14,10,16,8,12,20,24,21,9,23,11],[18,14,6,8,2,22,10,16,12,20,24,23,11,21,9],[6,10,8,14,12,16,2,22,18,20,24,11,21,9],[2,14,6,10,12,16,22,18,8,20,24,11,21,23,9],[10,18,2,22,14,12,16,6,8,20,24,9,23,21,11],[14,22,6,8,10,12,16,18,2,20,24,9,21,11],[2,18,6,22,10,8,14,12,16,20,24,11,23,21,9],[18,10,22,6,8,2,14,16,12,20,24,21,9,23,11],[18,2,22,10,6,12,14,16,8,20,24,9,23,21,11],[22,18,14,2,6,16,8,10,12,20,24,9,23,21,11],[6,18,14,16,8,2,10,22,12,20,24,9,21,23,11],[10,18,2,22,6,8,14,16,12,20,24,21,9,11],[18,22,10,2,6,8,14,16,12,20,24,21,11,23,9],[22,2,14,10,16,18,6,12,8,20,24,21,9,23,11],[18,22,14,6,2,8,10,12,16,20,24,11,23,21,9],[14,22,10,16,18,2,6,8,12,20,24,11,23,9],[2,6,14,22,10,12,16,18,8,20,24,11,21,9],[14,18,22,2,10,16,6,12,8,20,24,21,9,11],[22,2,18,6,10,12,14,16,8,20,24,21,11,23,9],[10,2,6,12,18,22,14,16,8,20,24,9,21,23,11],[2,6,22,14,8,10,16,18,12,20,24,21,11,23,9],[2,10,14,12,16,22,6,18,8,20,24,23,9,11],[10,18,6,12,14,16,22,2,8,20,24,9,21,23,11],[10,6,12,18,22,14,16,2,8,20,24,21,9,11],[22,6,14,18,10,12,16,2,8,20,24,23,9,21,11],[2,6,10,8,14,12,16,22,18,20,24,11,23,9],[22,14,18,10,16,2,6,12,8,20,24,9,23,11],[2,22,6,18,14,16,8,10,12,20,24,9,23,11],[6,2,18,22,10,8,14,12,16,20,24,11,21,23,9],[6,22,10,8,18,14,16,2,12,20,24,23,11,9],[10,22,18,2,6,8,14,12,16,20,24,21,9,11],[14,22,18,6,16,8,10,2,12,20,24,11,23,21,9],[6,2,18,10,8,22,14,12,16,20,24,23,9,11],[14,2,6,8,18,22,10,12,16,20,24,9,21,23,11],[22,10,14,16,18,6,12,2,8,20,24,21,11,23,9],[22,6,14,8,10,12,16,2,18,20,24,11,23,9],[18,2,22,14,10,16,6,12,8,20,24,21,11,23,9],[18,14,10,16,2,6,12,22,8,20,24,23,9,21,11],[2,6,22,18,10,12,14,16,8,20,24,23,11,21,9],[2,22,10,18,14,12,16,6,8,20,24,9,23,21,11],[18,6,10,12,14,16,2,22,8,20,24,23,11,9],[10,22,6,8,14,12,16,2,18,20,24,9,21,23,11],[18,2,14,6,10,16,8,22,12,20,24,9,21,23,11],[10,2,14,12,16,6,22,18,8,20,24,9,21,23,11],[2,14,10,16,18,22,6,8,12,20,24,21,9,11],[10,22,14,12,16,6,2,18,8,20,24,23,11,21,9],[2,6,14,16,8,10,18,22,12,20,24,21,11,23,9],[2,22,10,14,12,16,6,18,8,20,24,9,21,23,11],[14,10,12,16,22,6,2,18,8,20,24,21,9,23,11],[2,18,22,10,14,16,6,12,8,20,24,9,23,11],[14,6,18,16,8,22,2,10,12,20,24,23,9,11],[2,6,18,14,8,22,10,12,16,20,24,9,23,11],[18,14,2,6,22,16,8,10,12,20,24,21,9,11],[6,2,14,18,8,22,10,12,16,20,24,21,11,9],[18,22,10,2,6,8,14,16,12,20,24,23,9,11],[10,14,12,16,2,18,6,22,8,20,24,9,23,11],[2,18,14,6,16,8,10,22,12,20,24,21,11,23,9],[10,6,8,18,14,12,16,22,2,20,24,9,21,23,11],[14,2,18,6,16,8,10,22,12,20,24,23,9,21,11],[2,6,22,18,14,16,8,10,12,20,24,23,9,21,11],[22,18,2,14,10,12,16,6,8,20,24,11,21,23,9],[2,10,14,12,16,22,18,6,8,20,24,23,11,9],[10,2,6,12,22,18,14,16,8,20,24,23,9,11],[18,14,2,6,8,22,10,12,16,20,24,9,23,11],[10,6,8,2,18,22,14,16,12,20,24,21,9,23,11],[14,18,6,22,8,2,10,12,16,20,24,11,21,9],[22,10,18,2,14,16,6,8,12,20,24,21,9,11],[18,22,2,14,10,16,6,12,8,20,24,23,11,21,9],[2,6,18,10,8,14,16,22,12,20,24,11,23,9],[22,2,6,14,8,10,12,16,18,20,24,23,11,21,9],[22,10,18,2,14,12,16,6,8,20,24,9,23,11],[18,6,10,12,22,2,14,16,8,20,24,23,9,21,11],[6,18,22,10,8,2,14,12,16,20,24,21,11,23,9],[2,6,18,14,10,16,8,22,12,20,24,21,9,23,11],[14,10,12,16,18,6,22,2,8,20,24,23,9,21,11],[10,18,6,12,14,16,2,22,8,20,24,23,9,11],[14,6,18,8,10,16,2,22,12,20,24,11,21,9],[18,14,22,6,16,8,2,10,12,20,24,11,21,23,9],[2,14,18,10,16,6,12,22,8,20,24,9,23,11],[2,10,22,14,12,16,18,6,8,20,24,9,21,11],[6,18,22,2,10,12,14,16,8,20,24,21,11,9],[14,2,10,16,18,6,12,22,8,20,24,23,9,11],[6,2,18,22,10,12,14,16,8,20,24,23,9,21,11],[18,10,22,14,12,16,6,2,8,20,24,9,21,11],[6,18,2,10,12,22,14,16,8,20,24,23,11,9],[22,6,2,18,10,12,14,16,8,20,24,23,9,21,11],[14,18,10,16,2,6,12,22,8,20,24,11,23,9],[14,10,12,16,2,18,22,6,8,20,24,23,11,21,9],[22,18,14,10,12,16,2,6,8,20,24,23,9,11],[6,22,10,8,2,14,12,16,18,20,24,9,23,11],[14,6,8,2,18,22,10,16,12,20,24,23,11,9],[22,2,10,6,8,18,14,16,12,20,24,9,23,21,11],[14,18,22,6,10,12,16,2,8,20,24,9,21,11],[2,18,14,6,16,8,22,10,12,20,24,23,9,21,11],[2,22,10,14,12,16,18,6,8,20,24,23,9,11],[6,22,14,16,8,18,10,2,12,20,24,9,23,21,11],[22,2,18,14,10,16,6,12,8,20,24,21,11,23,9],[18,6,2,14,22,8,10,16,12,20,24,9,21,23,11],[10,14,12,16,22,18,2,6,8,20,24,9,23,21,11],[18,2,10,22,14,16,6,12,8,20,24,11,21,9],[18,14,22,6,8,10,16,2,12,20,24,11,23,21,9],[22,10,6,12,18,2,14,16,8,20,24,21,9,23,11],[22,2,10,14,16,6,8,18,12,20,24,11,21,23,9],[10,2,18,6,12,22,14,16,8,20,24,21,9,11],[14,10,12,16,6,18,2,22,8,20,24,21,11,9],[2,6,18,22,10,8,14,16,12,20,24,21,11,9],[14,22,2,10,12,16,6,18,8,20,24,11,23,21,9],[22,6,2,18,10,12,14,16,8,20,24,23,11,9],[2,6,10,8,18,14,16,22,12,20,24,23,9,21,11],[6,22,10,8,14,16,18,2,12,20,24,11,21,23,9],[18,22,10,6,12,2,14,16,8,20,24,23,11,9],[2,18,14,10,12,16,6,22,8,20,24,23,9,11],[18,22,10,14,16,6,12,2,8,20,24,9,21,11],[14,18,6,8,10,12,16,2,22,20,24,9,23,21,11],[6,10,8,2,18,14,16,22,12,20,24,11,21,9],[2,10,22,6,8,18,14,16,12,20,24,11,23,9],[22,6,14,8,2,18,10,12,16,20,24,9,21,23,11],[14,18,10,12,16,2,22,6,8,20,24,11,23,9],[18,14,22,6,8,10,12,16,2,20,24,21,11,9],[18,2,6,14,8,10,16,22,12,20,24,21,11,23,9],[22,14,18,2,10,12,16,6,8,20,24,9,23,21,11],[22,18,10,6,8,14,12,16,2,20,24,23,9,21,11],[2,6,10,12,22,18,14,16,8,20,24,11,21,9],[6,2,18,14,22,8,10,12,16,20,24,11,21,9],[22,2,18,10,14,16,6,12,8,20,24,23,9,21,11],[22,6,14,8,2,10,12,16,18,20,24,9,21,23,11],[18,14,10,12,16,2,22,6,8,20,24,21,9,11],[6,14,8,18,22,10,16,2,12,20,24,9,21,23,11],[6,2,18,22,14,10,16,12,8,20,24,23,9,21,11],[2,14,22,10,12,16,18,6,8,20,24,11,21,9],[2,22,10,6,8,14,12,16,18,20,24,11,21,23,9],[6,2,18,22,14,8,10,12,16,20,24,21,11,9],[22,6,14,2,10,12,16,18,8,20,24,23,11,9],[2,6,18,10,8,22,14,12,16,20,24,11,23,9],[22,14,6,8,18,2,10,16,12,20,24,9,21,23,11],[6,2,18,14,16,8,10,22,12,20,24,9,21,23,11],[18,22,14,2,6,16,8,10,12,20,24,11,23,9],[18,22,2,6,10,12,14,16,8,20,24,21,9,23,11],[6,10,8,14,16,18,22,2,12,20,24,11,23,21,9],[14,18,10,12,16,2,22,6,8,20,24,21,9,23,11],[2,14,18,22,6,8,10,16,12,20,24,9,21,11],[14,2,6,10,12,16,18,22,8,20,24,9,21,11],[14,6,16,8,2,22,18,10,12,20,24,21,9,11],[2,14,10,16,6,12,18,22,8,20,24,21,11,23,9],[18,2,14,22,10,16,6,8,12,20,24,9,21,11],[6,14,16,8,2,18,10,22,12,20,24,23,9,11],[2,18,6,10,8,22,14,16,12,20,24,11,23,9],[14,18,2,10,16,22,6,12,8,20,24,21,11,9],[14,10,16,22,6,8,18,2,12,20,24,9,23,21,11],[22,6,10,12,18,14,16,2,8,20,24,11,21,9],[14,10,12,16,2,22,18,6,8,20,24,9,23,21,11],[2,14,6,16,8,10,22,18,12,20,24,23,9,11],[2,18,6,10,8,14,16,22,12,20,24,21,11,9],[18,22,6,14,10,16,12,2,8,20,24,21,9,11],[10,14,12,16,6,18,2,22,8,20,24,21,11,23,9],[10,6,8,22,14,16,2,18,12,20,24,23,9,11],[6,22,2,10,8,14,12,16,18,20,24,9,23,11],[14,6,2,22,18,10,16,12,8,20,24,11,21,9],[18,2,6,22,10,8,14,16,12,20,24,21,9,23,11],[6,14,22,16,8,18,10,2,12,20,24,9,23,11],[6,22,14,18,10,12,16,2,8,20,24,21,9,11],[22,10,18,2,14,12,16,6,8,20,24,21,9,23,11],[6,10,12,18,14,16,2,22,8,20,24,23,11,21,9],[14,18,6,16,8,10,22,2,12,20,24,11,21,23,9],[6,10,8,22,18,14,16,2,12,20,24,9,21,23,11],[22,6,10,12,14,16,2,18,8,20,24,9,23,21,11],[18,14,10,16,6,8,22,2,12,20,24,23,9,11],[10,2,22,14,16,18,6,12,8,20,24,23,11,9],[14,10,12,16,22,18,6,2,8,20,24,11,21,23,9],[18,22,10,14,12,16,2,6,8,20,24,21,11,9],[6,10,8,2,14,16,22,18,12,20,24,11,23,9],[6,10,8,18,22,14,16,2,12,20,24,23,11,21,9],[14,2,18,6,8,10,12,16,22,20,24,21,9,23,11],[10,18,6,12,14,16,22,2,8,20,24,9,21,11],[6,2,10,8,18,14,12,16,22,20,24,11,23,21,9],[14,6,22,18,10,16,12,2,8,20,24,11,21,23,9],[10,6,12,2,22,14,16,18,8,20,24,23,9,11],[6,14,18,22,8,2,10,16,12,20,24,11,21,23,9],[10,18,22,6,12,2,14,16,8,20,24,9,21,11],[10,2,14,16,22,6,8,18,12,20,24,23,9,21,11],[10,18,14,16,6,8,2,22,12,20,24,23,9,21,11],[14,10,16,22,6,12,18,2,8,20,24,23,9,11],[18,22,14,6,16,8,10,2,12,20,24,21,9,11],[22,10,18,6,12,2,14,16,8,20,24,9,23,21,11],[6,22,14,16,8,2,10,18,12,20,24,23,9,21,11],[18,2,14,10,16,22,6,8,12,20,24,11,23,21,9],[10,18,6,8,14,16,22,2,12,20,24,11,23,21,9],[14,22,18,6,8,10,16,2,12,20,24,11,21,9],[10,18,2,14,16,22,6,12,8,20,24,11,21,9],[18,10,22,2,14,12,16,6,8,20,24,21,9,23,11],[22,6,14,18,16,8,2,10,12,20,24,11,23,9],[14,18,6,22,10,16,12,2,8,20,24,21,9,11],[2,10,14,12,16,6,18,22,8,20,24,23,9,21,11],[18,10,2,6,8,14,12,16,22,20,24,23,11,21,9],[6,22,10,8,18,14,12,16,2,20,24,23,11,9],[14,6,16,8,10,18,2,22,12,20,24,23,9,21,11],[18,2,10,22,14,16,6,8,12,20,24,23,9,21,11],[6,2,18,10,8,22,14,12,16,20,24,9,23,21,11],[14,2,10,16,18,22,6,12,8,20,24,23,9,11],[6,22,18,14,16,8,2,10,12,20,24,23,9,21,11],[6,18,10,12,2,14,16,22,8,20,24,9,23,21,11],[14,22,2,10,16,18,6,12,8,20,24,23,11,21,9],[18,2,6,10,8,22,14,16,12,20,24,23,11,9],[10,22,18,14,16,2,6,12,8,20,24,11,23,21,9],[10,18,6,8,22,2,14,16,12,20,24,21,9,11],[22,14,6,16,8,18,2,10,12,20,24,23,11,9],[10,22,14,12,16,18,6,2,8,20,24,23,11,21,9],[6,18,10,12,22,14,16,2,8,20,24,11,21,9],[2,10,14,16,18,22,6,12,8,20,24,23,9,21,11],[22,14,2,10,12,16,18,6,8,20,24,23,11,21,9],[6,14,8,22,10,12,16,18,2,20,24,21,11,23,9],[14,22,2,18,6,10,16,8,12,20,24,9,21,11],[6,14,2,8,10,16,22,18,12,20,24,23,11,9],[18,6,10,12,14,16,22,2,8,20,24,21,9,23,11],[10,2,14,16,18,22,6,12,8,20,24,21,11,23,9],[14,18,10,12,16,22,2,6,8,20,24,11,21,9],[6,14,2,16,8,18,10,22,12,20,24,23,9,21,11],[2,6,14,10,12,16,22,18,8,20,24,9,23,11],[2,6,18,10,8,14,16,22,12,20,24,9,23,21,11],[22,18,2,10,6,8,14,16,12,20,24,23,9,21,11],[6,22,2,18,10,12,14,16,8,20,24,21,9,11],[2,6,14,10,12,16,22,18,8,20,24,11,23,21,9],[18,22,14,10,16,6,12,2,8,20,24,21,9,11],[10,22,14,16,18,2,6,12,8,20,24,9,23,21,11],[22,14,6,16,8,2,18,10,12,20,24,11,21,23,9],[2,22,10,6,12,18,14,16,8,20,24,23,11,21,9],[10,22,18,6,8,14,12,16,2,20,24,23,11,21,9],[2,6,14,8,18,10,16,22,12,20,24,23,11,21,9],[2,22,18,6,10,8,14,16,12,20,24,9,23,11],[10,2,14,12,16,22,18,6,8,20,24,21,11,9],[22,6,2,14,16,8,10,18,12,20,24,9,21,11],[10,18,22,14,16,2,6,12,8,20,24,23,11,9],[18,6,14,8,2,10,16,22,12,20,24,9,23,11],[6,18,14,10,12,16,2,22,8,20,24,9,23,11],[18,10,2,14,16,6,8,22,12,20,24,21,11,9],[14,6,8,2,22,10,12,16,18,20,24,21,9,11],[2,10,22,14,16,6,8,18,12,20,24,23,9,21,11],[18,14,22,10,16,6,8,2,12,20,24,11,21,9],[10,14,12,16,22,18,6,2,8,20,24,11,21,23,9],[6,10,12,18,22,14,16,2,8,20,24,11,21,23,9],[6,18,22,10,12,14,16,2,8,20,24,21,9,23,11],[6,14,8,22,10,12,16,2,18,20,24,9,23,11],[22,2,10,6,8,14,12,16,18,20,24,21,11,9],[18,22,2,10,6,8,14,16,12,20,24,9,21,23,11],[2,6,10,8,22,14,16,18,12,20,24,21,11,9],[22,18,2,6,14,16,8,10,12,20,24,11,23,21,9],[18,10,6,8,22,2,14,16,12,20,24,21,11,9],[22,18,2,6,14,8,10,16,12,20,24,23,11,9],[14,2,10,16,18,22,6,12,8,20,24,11,21,9],[6,18,14,22,10,16,12,2,8,20,24,21,11,9],[6,18,2,10,8,14,16,22,12,20,24,23,11,9],[6,2,10,8,18,14,16,22,12,20,24,9,21,23,11],[14,10,12,16,18,22,2,6,8,20,24,11,23,9],[6,2,10,12,14,16,18,22,8,20,24,23,11,21,9],[2,14,6,10,12,16,18,22,8,20,24,9,21,11],[22,18,10,6,8,14,16,2,12,20,24,23,9,11],[18,14,2,6,8,22,10,12,16,20,24,9,23,21,11],[18,10,6,8,2,14,16,22,12,20,24,9,21,11],[18,2,10,14,12,16,6,22,8,20,24,21,9,11],[18,22,14,10,12,16,6,2,8,20,24,21,9,23,11],[6,14,2,8,18,22,10,12,16,20,24,23,9,21,11],[10,2,18,14,12,16,6,22,8,20,24,23,9,11],[18,14,2,6,10,12,16,22,8,20,24,21,9,11],[18,10,22,6,8,14,12,16,2,20,24,11,21,23,9],[18,22,6,10,8,14,12,16,2,20,24,21,9,11],[6,2,22,18,14,8,10,12,16,20,24,23,9,11],[2,22,14,18,10,12,16,6,8,20,24,21,9,11],[18,6,10,12,14,16,2,22,8,20,24,23,9,11],[18,14,22,10,12,16,2,6,8,20,24,21,9,11],[6,10,12,18,2,14,16,22,8,20,24,11,23,21,9],[14,2,10,16,18,22,6,8,12,20,24,11,23,21,9],[2,10,6,12,22,18,14,16,8,20,24,9,21,11],[2,6,14,16,8,22,10,18,12,20,24,23,9,21,11],[14,22,18,6,10,16,8,2,12,20,24,23,11,9],[10,6,12,14,16,18,22,2,8,20,24,21,11,9],[6,10,12,2,22,14,16,18,8,20,24,11,23,9],[22,6,14,16,8,10,18,2,12,20,24,23,9,11],[22,2,14,6,18,10,16,8,12,20,24,21,9,23,11],[14,6,16,8,22,10,18,2,12,20,24,21,11,9],[22,14,2,6,16,8,18,10,12,20,24,11,23,21,9],[6,14,10,12,16,18,2,22,8,20,24,11,23,21,9],[6,22,14,8,2,10,16,18,12,20,24,11,23,9],[10,14,16,6,8,2,22,18,12,20,24,23,11,21,9],[10,14,16,18,6,12,22,2,8,20,24,23,11,9],[14,22,18,10,16,6,8,2,12,20,24,9,21,11],[10,22,14,16,6,8,2,18,12,20,24,23,9,11],[6,2,14,8,18,22,10,16,12,20,24,21,9,23,11],[6,10,8,22,2,14,16,18,12,20,24,23,11,21,9],[6,18,10,12,22,2,14,16,8,20,24,9,21,11],[2,14,18,22,10,12,16,6,8,20,24,21,11,23,9],[18,2,14,22,6,10,16,12,8,20,24,21,9,11],[6,22,14,8,2,18,10,16,12,20,24,23,11,9],[6,18,22,10,12,14,16,2,8,20,24,21,11,23,9],[10,18,14,16,22,6,12,2,8,20,24,21,9,23,11],[6,14,8,18,2,10,12,16,22,20,24,23,11,9],[14,18,22,2,10,12,16,6,8,20,24,23,9,21,11],[10,18,2,22,6,12,14,16,8,20,24,21,9,23,11],[18,14,10,12,16,22,6,2,8,20,24,23,9,11],[22,14,10,12,16,2,18,6,8,20,24,11,23,9],[14,6,16,8,10,2,22,18,12,20,24,23,11,21,9],[22,14,6,18,10,12,16,2,8,20,24,11,23,9],[6,18,22,2,14,16,8,10,12,20,24,11,21,23,9],[10,18,2,6,12,22,14,16,8,20,24,23,9,21,11],[18,6,10,8,2,22,14,16,12,20,24,21,11,23,9],[10,14,12,16,2,6,22,18,8,20,24,11,21,9],[6,22,2,18,14,8,10,12,16,20,24,11,23,21,9],[6,18,2,14,10,16,8,22,12,20,24,21,9,23,11],[18,2,22,6,14,8,10,12,16,20,24,9,23,11],[14,22,10,16,2,6,8,18,12,20,24,9,23,11],[10,18,6,8,22,14,12,16,2,20,24,9,23,11],[6,22,14,8,10,16,2,18,12,20,24,9,23,21,11],[22,6,2,10,8,14,12,16,18,20,24,9,21,11],[14,2,22,18,6,8,10,12,16,20,24,21,11,9],[6,22,14,8,18,2,10,16,12,20,24,9,21,11],[10,18,2,22,6,12,14,16,8,20,24,23,9,11],[14,18,10,12,16,2,6,22,8,20,24,21,11,23,9],[2,6,10,12,22,14,16,18,8,20,24,21,9,23,11],[14,10,12,16,2,6,22,18,8,20,24,23,9,11],[6,10,12,18,14,16,2,22,8,20,24,11,21,9],[10,6,8,14,12,16,2,18,22,20,24,21,11,23,9],[2,6,18,22,14,10,16,8,12,20,24,21,11,23,9],[22,2,14,18,6,8,10,12,16,20,24,9,21,23,11],[14,18,10,16,2,6,8,22,12,20,24,21,11,23,9],[10,2,6,12,14,16,22,18,8,20,24,9,21,11],[10,22,6,8,18,2,14,16,12,20,24,21,9,23,11],[22,2,14,18,6,10,12,16,8,20,24,11,21,23,9],[14,6,22,8,18,10,12,16,2,20,24,11,23,21,9],[18,10,22,6,12,2,14,16,8,20,24,21,11,9],[14,22,6,18,16,8,2,10,12,20,24,11,21,9],[14,6,2,22,18,16,8,10,12,20,24,11,23,9],[14,22,10,12,16,2,6,18,8,20,24,21,11,23,9],[6,22,18,14,8,10,12,16,2,20,24,21,9,23,11],[18,14,6,22,8,10,12,16,2,20,24,23,9,21,11],[22,18,10,2,6,8,14,12,16,20,24,11,21,9],[2,10,6,8,22,14,12,16,18,20,24,11,21,23,9],[6,14,22,18,10,16,12,2,8,20,24,21,11,9],[6,2,10,12,22,14,16,18,8,20,24,21,11,23,9],[18,10,22,2,6,12,14,16,8,20,24,9,21,23,11],[22,14,18,6,8,2,10,12,16,20,24,21,9,23,11],[10,18,22,14,16,2,6,12,8,20,24,23,11,21,9],[22,2,14,6,16,8,10,18,12,20,24,9,21,23,11],[2,18,22,14,6,10,16,12,8,20,24,11,21,9],[14,18,6,16,8,2,10,22,12,20,24,11,21,9],[18,10,22,2,14,12,16,6,8,20,24,9,21,23,11],[18,22,10,2,14,16,6,12,8,20,24,9,23,21,11],[18,14,6,8,10,12,16,2,22,20,24,9,23,21,11],[10,14,16,2,6,12,18,22,8,20,24,21,11,23,9],[18,14,6,16,8,10,22,2,12,20,24,23,9,21,11],[10,2,18,22,6,12,14,16,8,20,24,21,11,9],[6,18,14,8,10,12,16,2,22,20,24,9,21,11],[2,10,14,12,16,18,22,6,8,20,24,21,9,23,11],[10,14,16,22,2,18,6,8,12,20,24,11,21,9],[6,22,14,16,8,18,2,10,12,20,24,9,21,11],[22,6,18,14,16,8,2,10,12,20,24,21,9,23,11],[18,14,6,8,10,12,16,22,2,20,24,23,9,11],[18,2,14,22,10,12,16,6,8,20,24,23,9,21,11],[2,14,18,22,10,12,16,6,8,20,24,21,9,11],[6,2,18,22,10,12,14,16,8,20,24,21,9,11],[10,18,14,16,2,6,8,22,12,20,24,9,23,11],[10,22,2,18,6,8,14,16,12,20,24,11,21,23,9],[18,14,6,10,12,16,2,22,8,20,24,21,11,23,9],[10,22,18,14,12,16,2,6,8,20,24,11,23,21,9],[18,6,2,22,14,16,8,10,12,20,24,21,11,9],[18,10,14,16,22,6,12,2,8,20,24,21,11,9],[22,6,18,2,14,16,8,10,12,20,24,21,9,23,11],[22,10,14,16,6,8,18,2,12,20,24,11,21,9],[14,10,16,2,18,22,6,8,12,20,24,23,9,11],[18,6,2,14,22,8,10,16,12,20,24,21,9,11],[22,10,6,12,18,14,16,2,8,20,24,23,11,21,9],[10,22,2,6,12,18,14,16,8,20,24,11,21,23,9],[6,10,12,18,22,14,16,2,8,20,24,21,9,11],[18,2,10,22,14,16,6,8,12,20,24,21,11,23,9],[22,2,6,14,10,16,8,18,12,20,24,9,23,21,11],[18,10,22,14,12,16,6,2,8,20,24,21,11,9],[6,14,8,10,12,16,22,2,18,20,24,11,21,9],[14,10,12,16,22,2,6,18,8,20,24,11,23,21,9],[6,18,14,22,10,12,16,2,8,20,24,23,9,21,11],[14,18,10,16,22,6,8,2,12,20,24,23,11,21,9],[18,6,22,2,14,10,16,12,8,20,24,21,11,23,9],[14,18,10,12,16,6,22,2,8,20,24,21,11,23,9],[14,2,10,12,16,22,18,6,8,20,24,23,9,21,11],[10,18,6,8,2,14,12,16,22,20,24,21,9,23,11],[10,18,22,2,14,12,16,6,8,20,24,21,11,23,9],[14,10,12,16,22,18,6,2,8,20,24,11,21,23,9],[22,6,2,10,8,18,14,12,16,20,24,23,11,21,9],[14,22,18,10,16,2,6,8,12,20,24,23,11,21,9],[6,22,18,10,12,2,14,16,8,20,24,11,23,21,9],[6,2,22,18,14,16,8,10,12,20,24,11,23,9],[2,18,6,22,10,8,14,12,16,20,24,9,23,11],[14,2,6,8,18,10,12,16,22,20,24,21,11,9],[22,10,14,12,16,2,18,6,8,20,24,9,21,11],[18,14,22,10,12,16,2,6,8,20,24,11,21,23,9],[10,22,2,6,8,14,16,18,12,20,24,9,23,21,11],[10,6,12,22,14,16,18,2,8,20,24,23,9,21,11],[10,6,8,22,18,2,14,12,16,20,24,11,21,9],[14,2,10,12,16,18,6,22,8,20,24,23,9,11],[2,6,18,14,10,16,12,22,8,20,24,21,9,23,11],[6,2,22,14,18,10,12,16,8,20,24,9,21,11],[18,6,14,16,8,2,22,10,12,20,24,11,23,21,9],[10,6,12,22,14,16,18,2,8,20,24,11,21,23,9],[22,14,2,18,10,16,6,8,12,20,24,23,11,21,9],[18,6,2,10,12,22,14,16,8,20,24,9,23,11],[18,14,22,10,16,6,12,2,8,20,24,21,9,23,11],[14,22,10,12,16,2,18,6,8,20,24,11,23,21,9],[10,22,14,16,18,6,8,2,12,20,24,9,23,21,11],[10,22,2,18,14,12,16,6,8,20,24,11,21,23,9],[22,2,6,14,8,18,10,16,12,20,24,21,11,23,9],[10,14,12,16,22,6,18,2,8,20,24,21,11,23,9],[10,14,12,16,6,22,2,18,8,20,24,9,23,11],[10,2,14,12,16,18,6,22,8,20,24,23,11,21,9],[2,18,22,14,10,12,16,6,8,20,24,11,21,23,9],[6,18,2,14,16,8,10,22,12,20,24,9,21,11],[18,14,2,22,10,12,16,6,8,20,24,11,21,9],[6,18,10,8,2,22,14,12,16,20,24,9,21,23,11],[10,2,6,12,14,16,22,18,8,20,24,23,11,21,9],[6,14,22,18,8,10,12,16,2,20,24,23,9,21,11],[2,22,18,10,6,8,14,12,16,20,24,9,23,21,11],[6,14,16,8,2,22,18,10,12,20,24,21,9,11],[10,22,14,16,6,12,2,18,8,20,24,11,23,9],[18,22,6,2,10,12,14,16,8,20,24,23,9,11],[18,22,10,6,8,14,12,16,2,20,24,23,11,21,9],[18,6,22,10,8,14,16,2,12,20,24,11,23,21,9],[10,14,16,6,12,18,2,22,8,20,24,21,9,23,11],[10,18,2,14,16,6,12,22,8,20,24,9,23,11],[14,6,2,16,8,18,10,22,12,20,24,11,23,9],[10,22,14,12,16,18,2,6,8,20,24,11,23,21,9],[10,18,6,12,22,14,16,2,8,20,24,23,11,21,9],[6,14,2,10,16,8,22,18,12,20,24,11,21,23,9],[22,18,14,2,10,16,6,12,8,20,24,11,23,9],[22,10,14,12,16,6,2,18,8,20,24,23,11,9],[6,2,14,8,18,22,10,16,12,20,24,9,23,21,11],[14,6,2,18,10,16,8,22,12,20,24,9,21,23,11],[22,18,14,10,16,2,6,12,8,20,24,21,11,23,9],[18,14,2,10,12,16,6,22,8,20,24,9,21,23,11],[10,18,2,6,8,14,12,16,22,20,24,23,11,21,9],[2,10,18,14,16,22,6,8,12,20,24,21,9,11],[2,14,22,10,16,18,6,12,8,20,24,9,21,23,11],[10,22,2,18,14,16,6,8,12,20,24,9,23,11],[10,14,12,16,22,2,18,6,8,20,24,23,11,9],[22,2,10,6,12,14,16,18,8,20,24,21,9,11],[18,14,2,22,6,16,8,10,12,20,24,21,11,23,9],[6,10,12,14,16,18,2,22,8,20,24,11,21,9],[22,10,2,14,12,16,18,6,8,20,24,9,21,23,11],[6,18,14,22,8,10,16,2,12,20,24,11,23,21,9],[10,6,8,18,2,22,14,12,16,20,24,11,21,9],[10,14,12,16,18,6,22,2,8,20,24,21,11,23,9],[10,22,14,12,16,6,18,2,8,20,24,11,21,23,9],[6,14,8,22,10,16,2,18,12,20,24,21,9,11],[14,18,6,22,16,8,2,10,12,20,24,21,9,11],[18,2,22,6,14,16,8,10,12,20,24,11,21,9],[10,18,22,6,12,2,14,16,8,20,24,23,9,21,11],[10,18,2,22,6,12,14,16,8,20,24,9,21,23,11],[6,10,12,14,16,2,22,18,8,20,24,9,23,11],[2,6,18,22,10,8,14,16,12,20,24,23,11,9],[22,14,10,12,16,18,6,2,8,20,24,11,23,9],[18,10,6,12,2,22,14,16,8,20,24,23,11,21,9],[14,2,6,22,8,10,12,16,18,20,24,9,21,11],[10,6,8,18,22,2,14,16,12,20,24,21,9,23,11],[22,18,2,14,10,12,16,6,8,20,24,23,11,9],[22,2,18,10,14,12,16,6,8,20,24,23,9,11],[2,10,18,14,12,16,6,22,8,20,24,23,11,21,9],[14,2,22,10,16,18,6,8,12,20,24,21,9,23,11],[2,14,10,12,16,6,18,22,8,20,24,21,11,9],[14,10,12,16,2,6,22,18,8,20,24,9,23,21,11],[14,18,10,16,2,22,6,8,12,20,24,21,11,23,9],[14,22,10,12,16,18,2,6,8,20,24,23,9,21,11],[6,2,22,18,14,16,8,10,12,20,24,11,21,9],[6,2,22,14,8,10,12,16,18,20,24,9,21,11],[18,14,10,16,2,6,12,22,8,20,24,21,9,23,11],[2,18,10,6,8,22,14,16,12,20,24,11,21,23,9],[10,22,6,12,18,14,16,2,8,20,24,11,21,23,9],[14,10,16,2,18,22,6,8,12,20,24,21,9,11],[6,10,8,2,22,18,14,12,16,20,24,21,9,11],[10,22,2,18,6,12,14,16,8,20,24,21,9,11],[2,10,14,12,16,18,22,6,8,20,24,9,23,11],[10,22,14,16,18,6,8,2,12,20,24,9,23,21,11],[22,2,10,6,12,14,16,18,8,20,24,11,23,21,9],[6,14,16,8,18,2,22,10,12,20,24,21,9,11],[6,14,2,22,16,8,10,18,12,20,24,11,21,23,9],[2,10,18,6,8,22,14,12,16,20,24,9,21,23,11],[10,18,22,14,16,2,6,8,12,20,24,23,11,21,9],[18,6,14,16,8,2,10,22,12,20,24,11,21,23,9],[18,6,10,8,22,14,16,2,12,20,24,11,21,9],[22,18,6,10,8,2,14,16,12,20,24,9,23,21,11],[14,2,22,6,16,8,18,10,12,20,24,9,21,11],[22,2,18,10,6,12,14,16,8,20,24,23,9,11],[2,6,10,12,22,18,14,16,8,20,24,23,11,9],[22,14,6,8,2,10,16,18,12,20,24,11,23,21,9],[22,2,18,6,10,8,14,16,12,20,24,21,9,11],[10,22,2,14,12,16,18,6,8,20,24,21,9,23,11],[10,18,6,12,22,14,16,2,8,20,24,21,11,23,9],[14,22,6,18,2,8,10,16,12,20,24,21,9,11],[14,2,18,10,12,16,6,22,8,20,24,23,9,11],[2,6,22,10,12,14,16,18,8,20,24,9,23,21,11],[22,10,14,16,18,6,12,2,8,20,24,11,23,9],[14,22,6,2,10,16,8,18,12,20,24,9,23,21,11],[18,10,14,12,16,22,2,6,8,20,24,9,23,21,11],[6,10,8,14,12,16,18,22,2,20,24,11,21,23,9],[2,22,6,14,16,8,18,10,12,20,24,23,11,21,9],[6,10,12,18,22,2,14,16,8,20,24,23,11,21,9],[10,22,6,12,14,16,2,18,8,20,24,11,23,9],[18,10,6,12,22,2,14,16,8,20,24,21,9,11],[10,18,22,14,12,16,2,6,8,20,24,9,23,21,11],[6,14,22,2,16,8,18,10,12,20,24,23,9,11],[22,2,10,14,16,18,6,8,12,20,24,21,9,23,11],[2,22,14,10,12,16,18,6,8,20,24,23,11,9],[18,6,2,22,14,16,8,10,12,20,24,9,21,11],[2,18,10,6,12,22,14,16,8,20,24,11,23,9],[6,22,2,18,14,10,16,8,12,20,24,9,21,23,11],[14,10,12,16,6,18,2,22,8,20,24,23,11,21,9],[18,6,2,10,8,22,14,12,16,20,24,11,21,23,9],[18,10,6,8,14,16,2,22,12,20,24,9,23,21,11],[10,14,12,16,6,18,22,2,8,20,24,11,23,9],[22,6,10,8,14,16,2,18,12,20,24,9,21,23,11],[6,10,12,18,2,14,16,22,8,20,24,9,23,11],[6,14,8,18,22,10,12,16,2,20,24,11,21,23,9],[2,22,14,6,16,8,18,10,12,20,24,11,21,9],[18,22,6,14,2,10,12,16,8,20,24,21,9,23,11],[14,10,12,16,18,2,22,6,8,20,24,23,9,11],[22,6,10,8,14,12,16,2,18,20,24,23,9,21,11],[10,6,12,18,22,2,14,16,8,20,24,11,23,9],[2,6,10,8,18,14,12,16,22,20,24,23,9,11],[18,14,2,6,22,8,10,16,12,20,24,9,21,23,11],[2,22,18,14,6,10,16,12,8,20,24,11,23,21,9],[2,18,14,10,16,6,8,22,12,20,24,23,11,9],[10,18,14,12,