{"problem_id":"fTMMxtYEPrwTYbR","sigma":150,"alpha":3.162,"cost":1,"probabilities":"[0.31, 0.11, 0.35, 0.23]","payoff_matrix":"[[43, 100, 193, -55, -82, -139], [150, 16, -152, 31, 366, -96], [-44, -40, -95, 304, 1, 122], [91, 185, 231, 58, 188, 119]]","uncovered":[[11,3,7,23,19,15,13,21,17,1,5,8,16],[3,19,11,15,7,23,13,21,17,5,1,16],[19,3,23,7,11,15,13,21,17,5,1,8,16],[7,15,3,19,23,21,11,13,17,5,1,8,16],[3,15,19,7,23,21,11,13,17,5,1,16],[11,23,15,13,21,19,3,7,17,5,1,16],[23,3,7,19,11,15,13,21,17,5,1,8,16],[3,7,19,11,23,15,21,17,13,5,1,8,16],[11,23,15,21,3,7,19,17,13,5,1,16],[3,23,15,13,21,19,7,11,17,5,1,16],[11,23,7,19,3,15,21,13,17,5,1,16],[7,3,11,19,15,23,13,21,17,5,1,8,16],[3,11,15,23,21,19,7,17,13,5,1,8,16],[15,23,13,21,19,3,11,7,17,5,1,8,16],[3,23,15,21,19,11,7,17,13,5,1,8,16],[23,7,11,3,15,21,19,13,17,5,1,8,16],[19,23,15,13,21,7,11,3,17,5,1,8,16],[23,7,3,15,21,19,11,17,13,5,1,8,16],[11,19,23,15,21,3,7,17,13,5,1,16],[15,7,23,21,11,19,3,17,13,1,5,8,16],[23,19,15,21,11,7,3,17,13,5,1,16],[3,7,23,11,15,21,19,13,17,5,1,8,16],[19,15,3,7,23,21,11,17,13,1,5,16],[23,19,15,21,11,3,7,13,17,5,1,8,16],[19,11,7,15,23,13,21,3,17,5,1,8,16],[11,7,15,23,13,21,19,3,17,5,1,16],[3,7,19,23,11,15,13,21,17,5,1,8,16],[23,3,11,7,15,13,21,19,17,5,1,8,16],[3,19,7,15,23,21,11,13,17,5,1,16],[19,7,15,11,3,23,13,21,17,5,1,16],[11,15,23,21,3,7,19,17,13,5,1,16],[7,19,11,15,3,23,13,21,17,5,1,16],[11,19,23,15,13,21,7,3,17,5,1,16],[3,15,11,7,19,23,13,21,17,5,1,8,16],[23,19,15,13,21,7,3,11,17,5,1,16],[15,3,23,21,19,11,7,17,13,5,1,8,16],[7,11,3,23,19,15,13,21,17,5,1,16],[3,19,23,7,15,21,11,17,13,5,1,8,16],[15,3,7,23,13,21,11,19,17,5,1,16],[23,7,11,15,13,21,3,19,17,5,1,8,16],[19,15,3,23,13,21,11,7,17,5,1,8,16],[19,7,3,11,15,23,21,17,13,5,1,8,16],[3,15,19,11,7,23,13,21,17,5,1,16],[11,7,3,15,23,21,19,17,13,5,1,16],[11,19,3,15,23,21,7,17,13,5,1,16],[11,15,3,19,23,21,7,13,17,1,5,8,16],[7,23,19,11,15,13,21,3,17,5,1,16],[3,7,15,19,11,23,21,13,17,5,1,16],[11,3,19,7,23,15,13,21,17,5,1,16],[7,23,15,21,19,3,11,17,13,5,1,16],[15,7,19,3,23,13,21,11,17,5,1,16],[23,15,21,7,3,19,11,17,13,1,5,8,16],[15,7,11,23,21,19,3,13,17,5,1,8,16],[11,19,3,23,7,15,21,13,17,5,1,16],[7,23,3,19,11,15,21,13,17,5,1,16],[11,7,3,15,19,23,13,21,17,5,1,16],[7,15,3,11,19,23,21,13,17,5,1,8,16],[11,19,23,3,15,13,21,7,17,5,1,16],[11,19,7,15,23,13,21,3,17,5,1,16],[11,19,15,23,21,7,3,13,17,5,1,8,16],[11,15,7,19,3,23,13,21,17,5,1,8,16],[3,23,7,19,15,21,11,17,13,5,1,8,16],[19,11,23,15,21,7,3,17,13,5,1,16],[7,3,15,19,23,21,11,13,17,5,1,16],[15,7,23,21,11,19,3,17,13,5,1,8,16],[15,19,3,23,21,7,11,13,17,1,5,16],[19,7,3,11,23,15,13,21,17,5,1,8,16],[11,23,19,3,7,15,21,13,17,5,1,16],[3,11,7,15,19,23,13,21,17,5,1,16],[23,7,15,13,21,19,3,11,17,5,1,8,16],[11,7,23,15,21,3,19,13,17,5,1,8,16],[7,23,3,15,13,21,19,11,17,5,1,16],[23,3,7,19,11,15,13,21,17,5,1,8,16],[7,11,3,15,19,23,21,17,13,1,5,16],[23,11,7,15,21,3,19,13,17,1,5,16],[7,15,11,23,13,21,19,3,17,5,1,8,16],[11,19,7,15,23,13,21,3,17,1,5,16],[7,15,11,3,23,13,21,19,17,5,1,8,16],[15,19,11,23,21,3,7,13,17,5,1,8,16],[11,7,3,19,23,15,21,17,13,5,1,16],[3,11,19,7,15,23,13,21,17,5,1,8,16],[3,23,15,21,19,11,7,17,13,5,1,16],[7,3,23,15,13,21,11,19,17,5,1,8,16],[23,7,19,3,11,15,21,13,17,5,1,16],[7,3,11,15,23,21,19,17,13,5,1,8,16],[3,15,23,13,21,19,7,11,17,5,1,8,16],[3,15,11,7,19,23,13,21,17,1,5,16],[23,11,19,15,21,3,7,13,17,5,1,8,16],[3,19,23,11,7,15,13,21,17,5,1,8,16],[15,7,3,19,23,13,21,11,17,5,1,8,16],[3,11,19,23,15,13,21,7,17,5,1,8,16],[15,7,11,19,23,13,21,3,17,5,1,8,16],[11,23,15,13,21,7,3,19,17,5,1,8,16],[7,3,11,19,23,15,21,13,17,5,1,16],[7,19,11,3,23,15,21,13,17,5,1,8,16],[3,7,19,15,11,23,13,21,17,5,1,16],[23,15,13,21,7,11,3,19,17,5,1,16],[3,23,15,13,21,7,11,19,17,5,1,8,16],[23,7,3,11,15,21,19,17,13,1,5,8,16],[15,11,23,13,21,3,7,19,17,5,1,8,16],[11,23,19,15,21,7,3,13,17,5,1,16],[23,11,3,19,15,21,7,17,13,5,1,8,16],[11,3,19,7,15,23,21,13,17,5,1,8,16],[23,7,15,13,21,11,19,3,17,5,1,8,16],[7,19,23,11,15,13,21,3,17,5,1,16],[7,3,11,23,19,15,21,13,17,5,1,8,16],[19,3,15,23,13,21,7,11,17,5,1,16],[19,11,3,23,7,15,21,13,17,5,1,8,16],[19,11,7,15,23,21,3,13,17,5,1,16],[7,15,19,23,13,21,3,11,17,5,1,8,16],[19,7,3,23,11,15,21,13,17,5,1,8,16],[7,23,11,3,19,15,13,21,17,1,5,16],[11,19,7,23,3,15,21,17,13,5,1,8,16],[11,3,23,15,13,21,19,7,17,5,1,8,16],[3,7,11,19,23,15,13,21,17,5,1,16],[15,11,19,23,13,21,7,3,17,5,1,16],[19,11,23,15,13,21,7,3,17,5,1,8,16],[19,11,7,15,3,23,13,21,17,1,5,16],[11,15,23,13,21,7,19,3,17,5,1,8,16],[7,11,19,3,15,23,13,21,17,5,1,8,16],[7,23,3,19,15,13,21,11,17,5,1,16],[11,7,23,19,3,15,21,13,17,5,1,16],[3,11,19,23,7,15,13,21,17,5,1,16],[23,7,15,21,11,3,19,13,17,5,1,8,16],[7,11,15,3,23,21,19,17,13,5,1,8,16],[19,3,15,23,13,21,7,11,17,5,1,8,16],[3,11,19,15,7,23,13,21,17,5,1,16],[7,3,15,19,23,13,21,11,17,5,1,16],[19,7,23,11,15,21,3,17,13,5,1,16],[11,23,15,21,7,19,3,17,13,5,1,16],[11,7,15,19,23,21,3,17,13,5,1,16],[3,7,11,19,23,15,13,21,17,5,1,16],[11,19,7,15,23,13,21,3,17,5,1,16],[23,7,15,13,21,11,19,3,17,5,1,16],[23,15,13,21,3,7,11,19,17,5,1,8,16],[7,15,3,23,13,21,19,11,17,5,1,16],[23,11,15,21,7,19,3,13,17,5,1,16],[23,11,7,3,15,13,21,19,17,5,1,16],[23,19,11,15,13,21,3,7,17,1,5,16],[19,11,7,23,3,15,13,21,17,5,1,16],[19,15,23,13,21,11,7,3,17,1,5,16],[7,11,3,15,19,23,13,21,17,5,1,8,16],[11,23,15,13,21,19,3,7,17,5,1,16],[3,15,23,13,21,11,19,7,17,5,1,8,16],[11,23,15,21,3,19,7,13,17,5,1,16],[7,23,11,3,15,13,21,19,17,5,1,8,16],[7,19,3,11,15,23,21,13,17,5,1,8,16],[19,11,23,7,3,15,13,21,17,5,1,16],[11,19,15,7,23,21,3,13,17,1,5,16],[7,3,11,23,15,13,21,19,17,5,1,8,16],[15,11,23,21,7,19,3,17,13,1,5,16],[11,15,7,19,3,23,21,13,17,1,5,8,16],[11,19,23,15,13,21,3,7,17,5,1,8,16],[19,3,7,11,15,23,21,17,13,5,1,8,16],[23,19,11,3,7,15,21,17,13,5,1,8,16],[15,3,19,7,23,13,21,11,17,5,1,16],[3,7,11,15,23,21,19,13,17,5,1,16],[3,15,11,7,19,23,13,21,17,5,1,8,16],[3,19,23,7,15,21,11,17,13,1,5,8,16],[3,19,15,7,23,21,11,13,17,5,1,8,16],[15,7,23,21,3,19,11,17,13,5,1,8,16],[7,19,11,3,15,23,13,21,17,5,1,8,16],[3,19,11,15,7,23,13,21,17,5,1,8,16],[11,3,19,7,15,23,13,21,17,1,5,8,16],[15,7,23,21,3,11,19,13,17,5,1,8,16],[11,3,19,23,7,15,13,21,17,5,1,16],[3,11,23,19,7,15,13,21,17,5,1,16],[7,19,3,15,23,21,11,13,17,5,1,8,16],[3,19,15,11,7,23,21,13,17,5,1,8,16],[15,7,11,19,23,13,21,3,17,5,1,16],[19,11,15,23,21,3,7,13,17,1,5,16],[19,7,11,15,3,23,21,17,13,5,1,8,16],[19,11,7,23,15,13,21,3,17,5,1,16],[11,7,19,23,15,21,3,17,13,5,1,8,16],[7,23,3,15,13,21,19,11,17,1,5,16],[23,11,3,7,19,15,13,21,17,1,5,8,16],[19,23,15,21,7,11,3,13,17,5,1,8,16],[11,15,3,19,7,23,13,21,17,5,1,8,16],[7,19,15,11,3,23,21,17,13,5,1,16],[7,3,11,19,23,15,13,21,17,5,1,16],[3,11,19,23,15,13,21,7,17,1,5,8,16],[3,7,11,23,19,15,13,21,17,5,1,8,16],[23,3,15,13,21,19,7,11,17,5,1,16],[7,3,15,11,19,23,21,17,13,5,1,16],[7,3,19,23,15,21,11,13,17,5,1,16],[3,7,11,19,15,23,13,21,17,1,5,8,16],[3,23,7,15,21,19,11,17,13,5,1,8,16],[7,3,23,19,15,13,21,11,17,5,1,16],[11,7,3,23,15,13,21,19,17,1,5,16],[3,19,15,23,13,21,11,7,17,5,1,8,16],[15,7,19,3,23,13,21,11,17,5,1,8,16],[19,15,3,7,11,23,21,17,13,5,1,16],[15,11,19,3,23,13,21,7,17,5,1,8,16],[7,11,19,3,15,23,13,21,17,5,1,8,16],[19,11,7,15,3,23,21,17,13,5,1,8,16],[15,3,7,11,23,21,19,17,13,5,1,8,16],[7,23,15,21,19,3,11,17,13,5,1,16],[23,3,7,11,15,13,21,19,17,5,1,16],[23,7,11,19,3,15,13,21,17,5,1,8,16],[23,11,3,15,13,21,19,7,17,5,1,16],[3,7,19,11,15,23,21,13,17,1,5,16],[19,7,15,23,13,21,11,3,17,5,1,16],[7,3,23,19,11,15,13,21,17,5,1,16],[15,3,11,19,23,13,21,7,17,5,1,16],[19,23,15,13,21,7,3,11,17,5,1,16],[23,11,7,3,15,13,21,19,17,5,1,8,16],[7,23,15,21,11,19,3,13,17,5,1,16],[7,19,23,15,21,11,3,13,17,1,5,8,16],[15,7,19,11,3,23,21,13,17,5,1,8,16],[23,15,13,21,11,19,7,3,17,5,1,16],[11,15,19,3,7,23,13,21,17,5,1,8,16],[15,3,23,21,19,11,7,13,17,5,1,16],[3,19,7,23,15,13,21,11,17,5,1,8,16],[23,11,7,3,19,15,13,21,17,5,1,8,16],[19,23,3,11,15,13,21,7,17,1,5,16],[7,19,23,3,11,15,21,17,13,5,1,8,16],[23,15,13,21,19,3,11,7,17,5,1,16],[19,11,23,15,13,21,3,7,17,5,1,8,16],[11,7,3,15,19,23,21,17,13,5,1,16],[15,19,23,13,21,7,3,11,17,5,1,8,16],[7,3,19,15,23,13,21,11,17,5,1,16],[3,15,19,11,7,23,13,21,17,5,1,16],[7,11,23,19,15,13,21,3,17,5,1,16],[23,7,3,19,11,15,13,21,17,5,1,16],[19,3,23,7,11,15,13,21,17,5,1,16],[19,15,23,13,21,3,11,7,17,1,5,16],[7,19,23,11,15,21,3,17,13,1,5,8,16],[3,11,7,23,15,13,21,19,17,5,1,16],[11,15,3,7,19,23,13,21,17,5,1,8,16],[23,11,7,3,15,21,19,17,13,5,1,8,16],[19,11,23,7,3,15,21,17,13,5,1,8,16],[15,3,11,19,7,23,21,17,13,5,1,16],[19,15,23,21,3,11,7,17,13,5,1,16],[7,19,11,3,23,15,21,17,13,5,1,8,16],[19,23,7,3,11,15,13,21,17,5,1,16],[19,23,11,7,3,15,21,13,17,1,5,16],[7,23,3,11,19,15,21,17,13,5,1,16],[3,15,19,7,23,21,11,13,17,5,1,16],[3,23,11,7,19,15,13,21,17,5,1,16],[7,3,11,15,23,21,19,13,17,1,5,8,16],[19,3,23,15,21,7,11,13,17,5,1,8,16],[3,7,19,11,15,23,21,13,17,5,1,16],[3,19,15,7,11,23,21,17,13,5,1,16],[11,23,19,3,7,15,13,21,17,5,1,16],[7,19,15,3,23,13,21,11,17,5,1,16],[19,11,7,23,15,13,21,3,17,5,1,8,16],[7,23,19,11,3,15,13,21,17,5,1,16],[23,19,7,11,15,13,21,3,17,5,1,16],[23,19,11,3,7,15,21,13,17,5,1,16],[3,19,11,15,7,23,21,13,17,5,1,8,16],[11,7,23,15,13,21,3,19,17,1,5,16],[7,19,23,3,11,15,21,13,17,5,1,16],[3,19,11,15,23,21,7,17,13,5,1,16],[19,11,3,23,15,13,21,7,17,5,1,16],[7,11,3,19,23,15,13,21,17,5,1,8,16],[15,11,19,23,21,7,3,13,17,5,1,8,16],[7,19,11,15,3,23,13,21,17,5,1,16],[15,7,19,23,21,11,3,13,17,5,1,8,16],[7,19,11,3,23,15,21,17,13,5,1,8,16],[15,19,23,13,21,11,3,7,17,1,5,8,16],[23,19,3,11,15,13,21,7,17,5,1,8,16],[3,15,7,23,13,21,11,19,17,5,1,16],[7,15,11,19,23,21,3,13,17,5,1,8,16],[7,23,11,19,15,21,3,13,17,1,5,8,16],[7,19,11,23,3,15,13,21,17,5,1,16],[19,3,11,15,7,23,21,13,17,5,1,8,16],[3,23,11,15,13,21,7,19,17,5,1,8,16],[11,7,15,3,19,23,13,21,17,5,8,16],[19,7,3,11,23,15,13,21,17,5,1,8,16],[7,23,3,15,21,11,19,13,17,5,1,8,16],[7,3,11,23,19,15,21,17,13,5,1,16],[15,19,7,11,23,13,21,3,17,5,1,8,16],[15,23,21,3,7,11,19,17,13,5,1,16],[7,11,15,3,23,21,19,17,13,5,1,8,16],[3,19,11,7,15,23,21,13,17,5,1,16],[15,11,3,23,21,7,19,17,13,5,1,8,16],[23,15,13,21,11,7,19,3,17,5,1,16],[15,7,19,3,23,21,11,13,17,5,1,8,16],[15,7,19,23,21,3,11,17,13,5,1,16],[23,3,15,13,21,11,7,19,17,1,5,16],[7,15,19,11,23,21,3,13,17,5,1,8,16],[11,23,19,7,15,21,3,17,13,5,1,16],[3,11,15,19,7,23,13,21,17,5,1,16],[7,15,23,13,21,3,19,11,17,5,1,8,16],[15,11,19,23,21,3,7,13,17,5,1,16],[3,15,19,23,21,7,11,17,13,5,1,8,16],[7,23,3,15,21,11,19,13,17,5,1,8,16],[23,3,7,15,13,21,11,19,17,5,1,8,16],[7,11,23,3,19,15,13,21,17,5,1,16],[23,19,3,7,11,15,21,17,13,5,1,8,16],[15,23,13,21,3,19,11,7,17,5,1,16],[23,15,13,21,19,3,11,7,17,5,1,8,16],[3,19,23,11,7,15,21,13,17,5,1,8,16],[23,11,7,19,15,21,3,17,13,1,5,8,16],[3,7,23,19,15,21,11,13,17,5,1,16],[11,23,19,15,21,3,7,13,17,5,1,8,16],[3,15,23,13,21,11,19,7,17,5,1,8,16],[7,3,15,23,13,21,19,11,17,5,1,16],[3,11,23,7,19,15,13,21,17,5,1,8,16],[19,3,7,11,15,23,13,21,17,5,1,16],[11,3,19,7,15,23,21,17,13,5,1,8,16],[11,7,19,23,15,13,21,3,17,1,5,8,16],[23,11,7,3,19,15,13,21,17,5,1,16],[19,23,11,7,3,15,21,13,17,5,1,8,16],[3,11,15,19,7,23,13,21,17,1,5,16],[3,19,7,11,15,23,21,13,17,5,1,8,16],[15,11,19,3,7,23,13,21,17,5,1,8,16],[7,15,19,11,3,23,21,17,13,5,1,8,16],[15,3,11,19,23,13,21,7,17,5,1,8,16],[23,19,15,21,11,3,7,17,13,5,1,16],[7,3,23,11,15,21,19,13,17,5,1,16],[19,11,15,3,7,23,21,17,13,5,1,16],[23,11,19,3,15,21,7,17,13,5,1,8,16],[7,11,15,3,23,21,19,13,17,5,1,8,16],[19,23,7,3,11,15,21,13,17,5,1,8,16],[23,11,3,15,13,21,7,19,17,5,1,16],[7,3,11,23,19,15,13,21,17,5,1,8,16],[11,7,3,23,19,15,13,21,17,5,1,16],[15,7,23,13,21,11,3,19,17,5,1,16],[19,15,7,23,13,21,11,3,17,5,1,16],[23,19,11,7,3,15,13,21,17,5,1,8,16],[3,19,11,15,7,23,21,17,13,5,1,8,16],[15,7,23,13,21,11,19,3,17,5,1,16],[3,11,23,15,21,19,7,17,13,5,1,16],[15,19,3,11,23,21,7,13,17,5,1,16],[7,23,11,19,15,21,3,17,13,5,1,8,16],[11,15,3,7,19,23,21,17,13,5,1,16],[15,11,3,19,7,23,13,21,17,5,1,8,16],[7,19,3,15,11,23,13,21,17,1,5,16],[19,7,3,15,11,23,13,21,17,5,1,16],[23,3,15,13,21,7,11,19,17,5,1,8,16],[23,7,3,19,11,15,13,21,17,5,1,16],[19,3,23,11,15,21,7,17,13,5,1,8,16],[15,3,7,19,23,13,21,11,17,5,1,8,16],[15,23,21,19,7,11,3,17,13,5,1,8,16],[3,11,7,23,19,15,13,21,17,5,1,8,16],[11,23,15,21,7,19,3,13,17,5,1,16],[19,7,15,23,13,21,3,11,17,5,1,16],[11,23,7,19,15,13,21,3,17,5,1,8,16],[19,3,7,15,23,21,11,13,17,5,1,8,16],[15,11,7,19,23,13,21,3,17,5,1,16],[19,3,23,15,21,11,7,13,17,5,1,16],[3,23,11,7,15,13,21,19,17,1,5,16],[15,11,19,3,23,21,7,13,17,5,1,8,16],[19,23,15,13,21,11,3,7,17,5,1,8,16],[15,7,19,23,13,21,11,3,17,5,1,8,16],[11,19,15,7,23,13,21,3,17,5,1,16],[23,3,19,7,11,15,13,21,17,5,1,8,16],[11,3,7,19,23,15,21,17,13,5,1,16],[11,15,3,19,7,23,13,21,17,5,1,8,16],[15,3,11,7,23,13,21,19,17,5,1,8,16],[3,11,7,15,19,23,13,21,17,5,1,16],[23,7,11,15,13,21,19,3,17,5,1,8,16],[23,19,3,7,15,13,21,11,17,5,1,16],[11,15,19,3,7,23,21,17,13,5,1,16],[23,15,13,21,3,7,19,11,17,5,1,8,16],[3,15,11,23,13,21,19,7,17,5,1,8,16],[11,19,15,7,3,23,21,13,17,5,1,16],[7,19,15,11,3,23,21,17,13,5,1,16],[11,3,7,23,15,13,21,19,17,5,1,16],[3,7,19,23,15,21,11,17,13,1,5,16],[19,3,7,15,23,21,11,17,13,5,1,16],[7,11,15,23,13,21,3,19,17,5,1,16],[23,15,13,21,19,7,11,3,17,1,5,8,16],[19,3,11,7,15,23,13,21,17,5,1,8,16],[23,19,3,7,15,21,11,13,17,5,1,16],[19,11,15,23,21,3,7,17,13,5,1,8,16],[7,11,15,3,23,21,19,17,13,5,1,8,16],[19,7,11,15,3,23,13,21,17,5,1,8,16],[19,7,3,11,23,15,13,21,17,5,1,8,16],[3,19,15,7,23,21,11,17,13,5,1,16],[23,15,13,21,19,7,11,3,17,5,1,16],[19,3,15,7,11,23,13,21,17,5,1,16],[11,23,19,3,15,21,7,17,13,1,5,16],[7,19,11,15,23,13,21,3,17,1,5,16],[23,19,15,13,21,11,3,7,17,5,1,8,16],[23,11,19,7,3,15,21,13,17,5,1,8,16],[19,15,7,3,11,23,21,13,17,5,1,8,16],[19,15,3,7,23,21,11,17,13,5,1,8,16],[23,11,15,13,21,3,7,19,17,5,1,8,16],[15,11,23,13,21,7,19,3,17,5,1,8,16],[19,11,15,3,23,13,21,7,17,5,1,16],[23,15,21,3,7,19,11,13,17,5,1,16],[23,7,15,13,21,11,19,3,17,5,1,16],[23,11,19,15,13,21,7,3,17,5,1,8,16],[15,3,23,21,7,19,11,17,13,5,1,16],[23,7,11,3,19,15,13,21,17,5,1,16],[7,11,15,19,23,21,3,13,17,5,1,16],[19,23,3,7,11,15,21,13,17,5,1,16],[7,19,3,11,15,23,21,13,17,1,5,16],[15,11,23,21,7,19,3,17,13,5,1,8,16],[3,11,23,7,15,21,19,17,13,5,1,16],[19,11,7,23,3,15,13,21,17,1,5,8,16],[19,15,3,7,11,23,21,13,17,5,1,8,16],[7,23,19,3,11,15,13,21,17,5,1,8,16],[15,11,3,19,7,23,13,21,17,5,1,8,16],[3,7,11,19,23,15,13,21,17,5,1,16],[15,7,23,21,3,19,11,17,13,5,1,8,16],[3,23,19,11,15,13,21,7,17,5,1,16],[15,3,23,21,19,11,7,13,17,5,1,8,16],[23,19,7,15,13,21,3,11,17,5,1,16],[11,3,7,23,19,15,21,13,17,5,1,8,16],[11,23,7,15,13,21,19,3,17,5,1,16],[11,19,3,15,23,13,21,7,17,1,5,8,16],[19,7,3,15,11,23,21,17,13,5,1,8,16],[19,11,23,3,7,15,21,17,13,5,1,8,16],[15,11,7,3,19,23,13,21,17,5,1,16],[7,11,3,15,19,23,13,21,17,5,1,16],[23,11,7,3,15,21,19,13,17,5,1,16],[23,19,15,21,7,11,3,17,13,5,1,16],[19,7,3,15,11,23,21,13,17,5,1,16],[19,7,15,11,23,13,21,3,17,5,1,8,16],[11,15,23,21,7,3,19,17,13,5,1,8,16],[15,3,19,11,7,23,13,21,17,5,1,8,16],[15,3,19,11,23,21,7,17,13,5,1,8,16],[3,11,7,23,15,13,21,19,17,1,5,8,16],[7,11,15,19,3,23,13,21,17,1,5,16],[23,19,11,15,13,21,7,3,17,5,1,16],[19,7,15,11,23,13,21,3,17,5,1,8,16],[23,15,21,19,3,11,7,13,17,5,1,8,16],[7,3,23,19,11,15,13,21,17,1,5,8,16],[3,7,11,19,23,15,13,21,17,1,5,8,16],[15,3,23,13,21,11,7,19,17,5,1,16],[19,15,23,13,21,3,7,11,17,5,1,8,16],[19,23,3,7,15,21,11,17,13,5,1,16],[7,19,11,15,3,23,21,13,17,5,1,16],[15,7,3,19,11,23,13,21,17,1,5,16],[3,15,23,21,19,7,11,17,13,5,1,8,16],[19,15,7,11,3,23,13,21,17,5,1,16],[19,11,7,15,3,23,21,13,17,5,1,8,16],[3,19,7,15,11,23,21,17,13,5,1,8,16],[3,7,19,23,11,15,13,21,17,5,1,16],[23,15,13,21,11,19,7,3,17,1,5,16],[3,15,7,23,13,21,19,11,17,5,1,8,16],[23,3,7,19,15,21,11,13,17,5,1,8,16],[19,15,3,11,7,23,13,21,17,5,1,8,16],[23,19,3,11,15,13,21,7,17,1,5,8,16],[23,19,15,13,21,11,7,3,17,5,1,16],[23,11,3,19,7,15,13,21,17,5,1,16],[19,15,3,11,23,21,7,17,13,5,1,16],[19,3,11,7,15,23,21,17,13,5,1,8,16],[19,7,15,3,11,23,21,17,13,5,1,8,16],[19,7,11,15,23,13,21,3,17,5,1,8,16],[7,23,19,3,11,15,13,21,17,5,1,16],[11,3,15,7,19,23,21,17,13,5,1,16],[23,15,13,21,3,19,7,11,17,1,5,16],[7,3,23,15,13,21,11,19,17,5,1,8,16],[15,11,7,23,21,19,3,13,17,5,1,8,16],[15,3,19,7,11,23,21,13,17,5,1,8,16],[19,3,7,11,23,15,21,17,13,1,5,16],[7,19,15,3,23,21,11,13,17,5,1,16],[3,7,15,23,13,21,19,11,17,1,5,8,16],[3,23,7,11,15,21,19,17,13,5,1,16],[11,15,7,23,13,21,19,3,17,5,16],[3,7,15,23,13,21,19,11,17,5,1,8,16],[7,15,3,11,19,23,21,17,13,5,1,16],[11,7,19,23,3,15,21,13,17,5,1,8,16],[3,11,19,7,23,15,21,13,17,5,1,8,16],[11,3,7,19,15,23,13,21,17,5,1,16],[7,15,19,23,21,3,11,17,13,5,1,16],[7,19,11,15,23,21,3,13,17,5,1,16],[3,23,11,7,19,15,21,13,17,5,1,8,16],[23,15,13,21,11,19,3,7,17,5,1,8,16],[3,7,19,11,23,15,13,21,17,1,5,8,16],[7,23,19,15,21,11,3,17,13,5,1,8,16],[15,7,11,19,3,23,13,21,17,5,1,8,16],[11,15,19,7,23,13,21,3,17,5,1,16],[23,3,19,11,15,13,21,7,17,1,5,16],[23,15,21,19,3,11,7,13,17,5,1,8,16],[19,23,11,15,21,7,3,13,17,5,1,8,16],[3,11,7,23,15,13,21,19,17,5,1,16],[7,11,3,23,19,15,21,17,13,5,1,8,16],[19,23,11,15,13,21,3,7,17,5,1,16],[23,3,15,13,21,7,19,11,17,5,1,16],[11,15,19,3,7,23,13,21,17,1,5,8,16],[7,3,11,19,23,15,21,17,13,5,1,8,16],[15,3,11,7,23,21,19,17,13,5,1,16],[19,3,15,7,11,23,13,21,17,5,1,16],[3,19,11,23,15,13,21,7,17,5,1,8,16],[7,11,23,3,15,13,21,19,17,5,1,16],[7,15,23,13,21,19,11,3,17,1,5,8,16],[15,23,13,21,11,19,7,3,17,5,1,8,16],[7,19,15,23,21,11,3,17,13,5,1,16],[3,15,7,23,21,19,11,17,13,5,1,8,16],[11,7,23,3,19,15,13,21,17,5,1,8,16],[3,23,19,7,15,13,21,11,17,5,1,16],[23,7,15,21,19,11,3,13,17,5,1,16],[11,15,19,23,21,3,7,17,13,5,1,16],[11,19,3,15,23,21,7,13,17,5,1,16],[7,23,15,13,21,11,19,3,17,5,1,16],[11,7,15,23,13,21,3,19,17,5,1,16],[3,15,19,23,21,7,11,17,13,5,1,16],[3,19,15,11,7,23,21,17,13,5,1,16],[19,23,15,21,3,11,7,17,13,5,1,8,16],[15,23,21,3,11,19,7,13,17,1,5,8,16],[23,19,11,15,21,3,7,17,13,5,1,8,16],[19,3,15,7,11,23,21,13,17,5,1,8,16],[23,11,3,7,19,15,13,21,17,1,5,8,16],[19,11,15,23,13,21,7,3,17,5,1,8,16],[3,11,19,23,7,15,13,21,17,1,5,8,16],[11,7,19,15,3,23,13,21,17,5,1,16],[3,7,23,15,21,19,11,17,13,5,1,16],[23,19,7,15,13,21,3,11,17,5,1,8,16],[19,15,11,3,7,23,13,21,17,5,1,16],[19,7,15,3,11,23,13,21,17,5,1,16],[15,23,21,19,7,11,3,17,13,5,1,8,16],[7,11,19,23,3,15,13,21,17,5,1,16],[19,15,11,3,23,21,7,13,17,5,1,8,16],[23,7,11,3,15,13,21,19,17,5,1,16],[19,3,23,15,13,21,11,7,17,5,1,8,16],[3,11,7,19,23,15,21,17,13,5,1,16],[15,11,7,3,23,21,19,17,13,5,1,8,16],[3,23,7,15,21,11,19,13,17,5,1,16],[11,23,3,7,15,13,21,19,17,5,1,8,16],[15,23,13,21,7,11,19,3,17,5,1,16],[23,15,13,21,3,7,19,11,17,5,1,8,16],[11,7,23,15,13,21,19,3,17,5,1,16],[3,15,7,11,19,23,21,13,17,5,1,16],[19,23,7,11,3,15,21,17,13,5,1,8,16],[3,7,23,15,21,19,11,13,17,1,5,8,16],[11,3,23,7,15,21,19,13,17,5,1,8,16],[15,7,11,19,3,23,13,21,17,5,1,8,16],[15,3,23,21,19,7,11,17,13,1,5,8,16],[7,11,23,15,21,3,19,17,13,5,1,16],[19,23,11,3,7,15,21,13,17,5,1,8,16],[3,19,15,23,13,21,11,7,17,5,1,8,16],[3,7,15,23,13,21,11,19,17,1,5,16],[3,23,7,15,21,19,11,13,17,1,5,8,16],[7,15,19,3,23,21,11,17,13,5,1,16],[7,19,3,23,15,13,21,11,17,5,1,16],[7,3,11,23,19,15,21,13,17,5,1,16],[23,19,7,15,13,21,3,11,17,1,5,16],[11,15,7,23,21,3,19,13,17,5,1,16],[3,19,23,11,15,21,7,17,13,5,1,8,16],[11,3,15,19,7,23,13,21,17,5,1,16],[7,3,19,11,23,15,21,13,17,5,1,16],[19,23,7,15,21,11,3,13,17,5,1,8,16],[7,19,11,3,15,23,13,21,17,5,1,8,16],[23,3,15,13,21,19,7,11,17,5,1,16],[19,11,15,23,13,21,7,3,17,5,1,16],[19,3,7,11,15,23,21,17,13,5,1,8,16],[19,11,7,15,23,21,3,17,13,5,1,8,16],[15,23,13,21,7,11,3,19,17,5,1,16],[19,3,23,11,15,13,21,7,17,5,1,8,16],[19,11,15,3,7,23,21,17,13,5,1,16],[7,3,11,15,19,23,13,21,17,5,1,16],[11,3,15,19,23,13,21,7,17,5,1,8,16],[7,19,11,23,15,21,3,17,13,5,1,8,16],[15,3,19,23,13,21,11,7,17,5,1,16],[3,23,11,19,7,15,21,17,13,5,1,8,16],[15,3,23,13,21,7,11,19,17,5,1,16],[15,11,19,3,23,13,21,7,17,5,1,8,16],[23,7,19,3,11,15,21,13,17,5,1,8,16],[15,11,23,13,21,7,3,19,17,1,5,8,16],[7,11,23,3,19,15,13,21,17,5,1,8,16],[19,15,7,11,3,23,13,21,17,5,1,16],[15,7,3,23,21,19,11,17,13,5,1,16],[19,3,7,23,11,15,13,21,17,5,1,8,16],[19,15,11,3,7,23,13,21,17,5,1,8,16],[7,3,23,15,13,21,19,11,17,5,1,16],[11,15,23,21,3,19,7,17,13,5,1,16],[15,23,13,21,11,19,3,7,17,5,1,16],[15,23,13,21,7,11,3,19,17,5,1,16],[3,11,15,23,13,21,7,19,17,5,1,8,16],[3,19,11,7,23,15,21,13,17,5,1,8,16],[11,19,15,3,7,23,21,13,17,1,5,8,16],[7,11,23,19,15,21,3,17,13,1,5,8,16],[23,3,7,11,15,13,21,19,17,5,1,8,16],[23,7,11,3,15,21,19,13,17,5,1,8,16],[7,19,15,23,13,21,11,3,17,5,1,8,16],[11,7,19,15,3,23,21,17,13,5,1,8,16],[19,11,7,3,23,15,21,17,13,1,5,16],[7,3,11,19,23,15,13,21,17,5,1,16],[11,19,23,15,21,3,7,13,17,5,1,8,16],[23,11,7,3,19,15,21,17,13,5,1,8,16],[23,7,11,19,15,13,21,3,17,5,1,8,16],[15,3,7,11,19,23,13,21,17,5,1,8,16],[3,11,23,7,15,13,21,19,17,1,5,16],[15,11,23,21,19,7,3,13,17,5,1,16],[11,7,19,23,3,15,21,13,17,5,1,8,16],[7,23,15,13,21,11,3,19,17,5,1,16],[11,19,3,15,7,23,21,17,13,5,1,8,16],[23,19,11,15,21,3,7,17,13,5,1,16],[19,3,7,23,15,13,21,11,17,5,1,8,16],[7,19,15,23,21,3,11,13,17,1,5,16],[7,23,19,11,15,21,3,13,17,5,1,16],[15,19,11,23,21,3,7,13,17,5,1,16],[19,7,23,15,13,21,3,11,17,5,1,8,16],[15,7,11,23,21,19,3,13,17,5,1,16],[7,3,15,19,11,23,13,21,17,5,1,16],[7,15,3,23,21,19,11,13,17,5,1,16],[7,23,15,21,3,19,11,17,13,5,1,8,16],[19,15,7,3,11,23,21,17,13,5,1,16],[11,19,15,7,23,13,21,3,17,5,1,16],[7,15,23,13,21,19,3,11,17,5,1,16],[15,23,21,11,3,7,19,13,17,5,1,16],[11,7,15,19,3,23,21,13,17,5,1,8,16],[7,23,15,13,21,3,19,11,17,5,1,8,16],[3,7,11,19,15,23,21,13,17,5,1,8,16],[23,11,3,7,19,15,13,21,17,5,1,8,16],[23,11,15,13,21,19,3,7,17,5,1,16],[23,15,21,7,3,11,19,17,13,5,1,8,16],[7,19,3,23,11,15,21,17,13,5,1,8,16],[19,11,3,7,23,15,13,21,17,1,5,8,16],[3,7,23,19,11,15,21,17,13,1,5,8,16],[23,3,15,13,21,7,11,19,17,5,1,16],[3,7,15,23,13,21,11,19,17,5,1,16],[11,23,19,3,7,15,13,21,17,5,1,16],[11,15,19,23,13,21,3,7,17,5,1,8,16],[15,3,7,19,11,23,13,21,17,5,1,8,16],[19,7,23,15,21,3,11,17,13,5,1,8,16],[11,15,19,7,23,13,21,3,17,5,1,8,16],[3,7,11,15,23,13,21,19,17,5,1,16],[19,7,23,3,15,21,11,13,17,1,5,16],[15,23,21,7,11,3,19,13,17,5,1,8,16],[23,7,19,3,11,15,13,21,17,5,1,16],[23,11,3,15,21,19,7,17,13,5,1,8,16],[11,15,7,19,3,23,13,21,17,5,1,8,16],[11,15,19,23,21,7,3,13,17,1,5,8,16],[19,3,11,15,7,23,21,13,17,5,1,8,16],[7,19,3,11,15,23,13,21,17,1,5,8,16],[11,19,23,15,13,21,7,3,17,5,1,8,16],[15,7,19,3,23,13,21,11,17,1,5,8,16],[7,23,3,11,15,21,19,13,17,5,1,16],[23,19,3,7,11,15,21,13,17,5,1,16],[15,11,19,23,21,7,3,17,13,5,1,8,16],[3,15,11,7,19,23,21,13,17,5,1,16],[15,7,19,23,21,11,3,13,17,5,1,16],[19,15,23,13,21,11,7,3,17,5,1,8,16],[15,7,3,19,11,23,13,21,17,5,1,16],[7,3,19,15,11,23,13,21,17,5,1,8,16],[7,11,3,23,19,15,21,17,13,5,1,8,16],[23,15,21,11,19,7,3,17,13,5,1,16],[23,3,19,15,21,7,11,17,13,5,1,8,16],[3,7,19,23,11,15,21,17,13,5,1,16],[11,3,15,7,19,23,13,21,17,5,1,16],[11,23,15,13,21,19,3,7,17,1,5,16],[19,3,11,23,15,21,7,13,17,5,1,16],[11,19,3,23,15,13,21,7,17,5,1,16],[11,15,23,21,3,7,19,17,13,5,1,16],[15,3,23,21,11,7,19,17,13,5,1,16],[19,3,15,11,23,21,7,17,13,5,1,8,16],[11,19,23,3,15,13,21,7,17,5,1,16],[7,19,23,3,11,15,21,17,13,5,1,16],[7,11,15,19,23,21,3,13,17,5,1,8,16],[15,23,21,11,3,7,19,13,17,5,1,8,16],[19,15,23,13,21,11,3,7,17,5,1,8,16],[7,15,11,23,21,19,3,13,17,1,5,16],[15,7,19,3,11,23,21,17,13,5,1,8,16],[7,19,11,23,15,21,3,13,17,5,1,16],[19,15,23,21,11,7,3,17,13,5,1,16],[23,11,3,15,13,21,7,19,17,5,1,16],[19,7,11,23,15,21,3,13,17,5,1,8,16],[7,23,15,21,3,19,11,13,17,5,1,8,16],[19,11,15,23,13,21,3,7,17,5,1,8,16],[3,23,19,15,13,21,11,7,17,5,1,16],[3,19,15,11,7,23,13,21,17,1,5,8,16],[15,19,23,13,21,11,7,3,17,5,1,8,16],[11,7,19,3,23,15,13,21,17,5,1,16],[7,15,3,19,23,13,21,11,17,5,1,8,16],[3,11,7,15,19,23,21,13,17,5,1,16],[11,7,19,23,3,15,21,13,17,1,5,8,16],[11,19,15,23,13,21,7,3,17,5,1,8,16],[11,23,7,3,15,13,21,19,17,5,1,16],[15,7,19,11,3,23,13,21,17,1,5,8,16],[11,19,7,23,3,15,13,21,17,5,1,8,16],[23,7,15,13,21,11,19,3,17,5,1,16],[3,19,23,7,15,13,21,11,17,5,1,16],[23,11,19,15,13,21,7,3,17,1,5,16],[11,7,3,15,19,23,21,17,13,5,1,16],[23,3,19,15,21,7,11,13,17,5,1,16],[11,23,15,13,21,19,7,3,17,5,1,8,16],[15,19,11,3,23,21,7,17,13,5,1,16],[23,15,13,21,7,11,3,19,17,5,1,16],[11,3,15,7,19,23,13,21,17,1,5,16],[19,15,3,7,23,13,21,11,17,5,1,16],[23,15,13,21,7,11,3,19,17,5,1,8,16],[3,19,15,23,13,21,11,7,17,5,1,8,16],[11,23,3,19,15,21,7,17,13,5,1,16],[19,3,23,7,11,15,21,17,13,5,1,8,16],[23,11,7,19,3,15,13,21,17,5,1,16],[23,19,15,13,21,7,3,11,17,5,1,16],[23,19,3,11,7,15,13,21,17,1,5,8,16],[11,15,23,13,21,7,3,19,17,1,5,8,16],[23,7,11,3,15,21,19,13,17,5,1,8,16],[23,15,13,21,3,7,11,19,17,1,5,8,16],[7,3,11,19,23,15,21,17,13,5,1,16],[11,7,15,23,21,3,19,17,13,5,1,16],[3,15,19,11,23,13,21,7,17,1,5,8,16],[15,23,13,21,11,7,19,3,17,1,5,16],[23,3,11,15,13,21,7,19,17,5,1,16],[19,7,15,23,21,3,11,13,17,5,1,16],[7,23,19,15,21,3,11,17,13,5,1,8,16],[11,15,7,23,21,3,19,13,17,5,1,16],[3,19,11,15,7,23,13,21,17,5,1,16],[7,15,11,23,13,21,3,19,17,5,1,8,16],[11,3,15,23,13,21,7,19,17,5,1,16],[19,3,11,15,7,23,21,13,17,5,1,16],[19,3,15,7,11,23,21,17,13,5,1,8,16],[7,23,11,3,15,13,21,19,17,5,1,8,16],[19,7,15,3,11,23,21,17,13,5,1,8,16],[3,23,19,7,15,13,21,11,17,5,1,16],[11,23,15,13,21,7,19,3,17,1,5,16],[15,7,11,19,23,21,3,17,13,5,1,16],[11,3,15,19,7,23,13,21,17,5,1,16],[7,15,3,23,13,21,19,11,17,5,1,8,16],[19,3,15,11,23,13,21,7,17,1,5,8,16],[23,3,15,13,21,7,19,11,17,5,1,8,16],[3,11,19,15,23,21,7,17,13,5,1,16],[23,11,15,21,19,3,7,13,17,5,1,8,16],[3,15,7,11,23,13,21,19,17,5,1,16],[23,3,15,13,21,19,7,11,17,1,5,8,16],[15,23,21,11,19,3,7,17,13,5,1,16],[11,15,19,23,21,7,3,17,13,5,1,8,16],[3,23,11,15,21,19,7,13,17,5,1,16],[15,23,21,19,7,11,3,17,13,5,1,8,16],[11,19,15,7,3,23,13,21,17,5,1,8,16],[19,3,15,11,23,13,21,7,17,1,5,16],[19,23,7,3,11,15,21,17,13,5,1,8,16],[3,7,11,19,23,15,13,21,17,5,1,16],[15,19,7,11,3,23,21,13,17,5,1,16],[7,19,23,3,15,13,21,11,17,5,1,16],[3,19,23,7,15,13,21,11,17,5,1,16],[23,15,13,21,19,7,3,11,17,1,5,8,16],[19,23,3,11,7,15,21,13,17,5,1,8,16],[11,7,23,15,13,21,19,3,17,5,1,16],[3,7,19,15,11,23,13,21,17,5,1,8,16],[23,7,11,19,3,15,21,17,13,5,1,8,16],[7,11,19,15,23,13,21,3,17,5,1,8,16],[19,3,7,11,15,23,21,17,13,5,1,8,16],[19,7,15,23,21,11,3,13,17,5,1,16],[23,19,15,13,21,7,11,3,17,5,1,16],[15,11,19,7,3,23,21,13,17,5,1,16],[7,11,15,19,23,13,21,3,17,5,1,8,16],[3,23,7,15,13,21,19,11,17,5,1,16],[15,3,11,23,21,7,19,17,13,5,1,16],[23,19,7,11,15,21,3,17,13,5,1,8,16],[19,23,7,15,21,3,11,13,17,5,1,8,16],[7,11,15,19,3,23,13,21,17,5,1,8,16],[19,23,7,15,13,21,11,3,17,5,1,8,16],[19,3,11,15,23,13,21,7,17,5,1,8,16],[7,19,3,23,15,21,11,13,17,5,1,16],[15,23,21,19,7,3,11,13,17,5,1,8,16],[15,3,7,19,23,13,21,11,17,5,1,8,16],[15,7,11,19,23,21,3,17,13,5,1,8,16],[11,7,3,23,19,15,13,21,17,1,5,8,16],[11,3,23,7,15,21,19,13,17,5,1,8,16],[3,19,7,15,23,13,21,11,17,5,1,8,16],[23,15,21,7,3,11,19,17,13,5,1,8,16],[3,7,23,19,15,13,21,11,17,5,1,16],[11,3,23,7,15,21,19,17,13,5,1,16],[23,15,21,3,19,7,11,13,17,1,5,8,16],[3,11,19,7,15,23,21,17,13,1,5,8,16],[23,3,15,13,21,7,19,11,17,1,5,16],[15,11,23,21,19,7,3,17,13,5,1,8,16],[3,19,23,15,21,11,7,17,13,5,1,8,16],[23,11,19,3,15,21,7,13,17,1,5,8,16],[19,3,23,11,15,13,21,7,17,5,1,8,16],[23,7,15,21,11,19,3,13,17,5,1,16],[15,3,7,19,23,13,21,11,17,5,1,16],[15,7,23,13,21,19,11,3,17,5,1,16],[7,3,23,11,19,15,21,13,17,5,1,8,16],[3,19,7,15,23,13,21,11,17,5,1,8,16],[15,11,23,21,19,3,7,17,13,5,1,8,16],[19,7,11,15,23,13,21,3,17,5,1,8,16],[19,23,11,3,15,21,7,17,13,5,1,8,16],[23,3,19,11,15,13,21,7,17,1,5,8,16],[7,23,11,3,19,15,13,21,17,5,1,8,16],[11,19,7,15,23,13,21,3,17,5,1,16],[19,3,23,15,21,7,11,13,17,5,1,16],[7,15,19,23,21,3,11,17,13,5,1,8,16],[3,19,15,23,21,11,7,13,17,5,1,8,16],[15,11,7,19,23,21,3,13,17,5,1,16],[7,15,3,23,21,19,11,13,17,5,1,8,16],[15,23,13,21,3,11,7,19,17,5,1,8,16],[3,19,11,23,15,21,7,13,17,5,1,8,16],[15,19,23,13,21,11,3,7,17,5,1,8,16],[23,7,15,13,21,11,3,19,17,5,1,8,16],[23,19,3,15,13,21,11,7,17,5,1,16],[15,23,21,19,7,3,11,13,17,5,1,16],[11,23,19,15,13,21,3,7,17,5,1,8,16],[11,15,19,23,21,3,7,17,13,5,1,16],[23,3,7,19,15,21,11,17,13,5,1,8,16],[11,15,19,7,23,13,21,3,17,5,1,8,16],[23,19,3,7,15,21,11,17,13,5,1,8,16],[19,15,3,7,23,13,21,11,17,5,1,16],[15,11,23,13,21,19,3,7,17,5,1,8,16],[23,11,3,15,21,19,7,13,17,5,1,8,16],[23,3,19,11,7,15,21,17,13,5,1,8,16],[7,15,19,3,11,23,21,17,13,1,5,8,16],[7,3,19,11,15,23,13,21,17,1,5,8,16],[7,3,11,23,15,13,21,19,17,5,1,16],[3,11,15,23,21,7,19,17,13,5,1,16],[7,19,11,15,3,23,21,17,13,1,5,16],[7,11,19,15,3,23,21,17,13,1,5,8,16],[3,19,7,15,23,21,11,13,17,5,1,16],[19,3,15,11,7,23,21,13,17,5,1,16],[11,15,23,21,7,3,19,17,13,5,1,16],[11,19,3,7,23,15,21,17,13,5,1,8,16],[15,7,19,23,13,21,3,11,17,5,1,16],[3,11,19,15,7,23,21,17,13,5,1,16],[23,7,19,15,21,11,3,13,17,5,1,8,16],[19,11,7,15,23,21,3,17,13,5,1,16],[11,23,15,13,21,7,19,3,17,5,1,16],[19,7,15,11,3,23,21,17,13,5,1,8,16],[7,15,11,19,23,21,3,17,13,1,5,16],[3,7,23,11,19,15,13,21,17,1,5,16],[3,15,11,19,23,21,7,17,13,5,1,16],[15,19,3,7,11,23,13,21,17,5,1,8,16],[3,19,11,15,23,13,21,7,17,5,1,16],[15,7,19,11,23,21,3,17,13,5,1,16],[19,11,15,7,3,23,13,21,17,5,1,16],[19,3,11,7,23,15,13,21,17,5,1,16],[3,19,15,11,7,23,21,17,13,5,1,16],[7,3,15,23,21,19,11,17,13,5,1,16],[15,7,11,23,13,21,3,19,17,5,1,8,16],[11,19,15,7,3,23,13,21,17,5,1,16],[3,23,15,13,21,7,11,19,17,5,1,16],[15,23,21,3,11,7,19,17,13,5,1,8,16],[7,3,19,11,23,15,21,17,13,5,1,8,16],[15,19,3,7,11,23,21,13,17,1,5,8,16],[11,15,3,7,19,23,21,17,13,5,1,16],[11,15,23,21,19,7,3,17,13,1,5,16],[19,3,11,7,15,23,21,13,17,5,1,16],[15,7,19,23,13,21,3,11,17,5,1,16],[7,15,19,23,13,21,3,11,17,5,1,16],[7,11,23,15,13,21,3,19,17,5,1,16],[15,3,7,19,11,23,21,17,13,1,5,16],[11,19,15,23,13,21,7,3,17,5,1,16],[19,15,11,3,23,13,21,7,17,5,1,8,16],[7,15,23,21,19,3,11,17,13,5,1,16],[23,15,13,21,19,11,7,3,17,5,1,8,16],[11,3,19,7,15,23,21,13,17,5,1,8,16],[19,3,15,11,7,23,13,21,17,5,1,8,16],[15,23,13,21,19,11,3,7,17,5,1,16],[11,19,23,15,13,21,7,3,17,5,1,16],[23,15,21,19,3,7,11,17,13,1,5,16],[23,19,7,3,11,15,21,13,17,1,5,8,16],[23,19,3,11,15,13,21,7,17,5,1,8,16],[19,11,3,23,15,13,21,7,17,5,1,16],[19,3,7,23,15,13,21,11,17,5,1,8,16],[3,23,15,21,7,19,11,17,13,1,5,16],[23,15,13,21,7,19,3,11,17,5,1,16],[19,15,23,21,11,3,7,17,13,5,1,8,16],[19,7,3,11,23,15,21,13,17,5,1,16],[11,7,15,19,3,23,21,13,17,5,1,8,16],[19,15,3,11,7,23,21,17,13,5,1,16],[11,15,19,3,23,13,21,7,17,5,1,8,16],[19,15,7,11,3,23,13,21,17,5,1,8,16],[23,3,7,11,15,13,21,19,17,5,1,16],[3,7,19,11,23,15,13,21,17,5,1,16],[7,11,19,3,23,15,21,17,13,5,1,16],[7,3,23,11,15,21,19,17,13,5,1,8,16],[15,11,7,3,23,13,21,19,17,1,5,8,16],[11,15,3,7,23,13,21,19,17,5,1,16],[11,15,23,21,3,19,7,13,17,5,1,16],[11,23,3,15,21,7,19,13,17,5,1,8,16],[11,15,3,23,13,21,19,7,17,5,1,16],[19,23,3,7,15,21,11,17,13,5,1,16],[23,3,15,13,21,11,19,7,17,5,1,16],[11,15,19,7,23,13,21,3,17,1,5,16],[3,23,7,15,21,19,11,13,17,5,1,8,16],[7,19,23,3,11,15,21,13,17,5,1,16],[15,3,19,11,23,13,21,7,17,5,1,16],[15,11,7,3,23,21,19,13,17,5,1,8,16],[19,3,23,15,21,11,7,13,17,5,1,16],[3,23,7,15,21,11,19,13,17,5,1,16],[11,19,3,7,15,23,13,21,17,5,1,8,16],[23,15,21,7,11,3,19,13,17,5,1,16],[11,19,7,23,15,13,21,3,17,5,1,8,16],[3,7,19,23,11,15,13,21,17,5,1,8,16],[11,7,23,19,15,13,21,3,17,5,1,16],[15,23,13,21,3,19,11,7,17,5,1,16],[3,11,23,15,21,7,19,13,17,5,1,8,16],[23,7,11,3,19,15,21,13,17,5,1,8,16],[15,23,13,21,19,3,11,7,17,1,5,16],[11,15,23,13,21,19,7,3,17,5,1,8,16],[7,15,23,13,21,19,11,3,17,5,1,16],[11,7,15,19,23,21,3,17,13,5,1,8,16],[19,11,7,15,3,23,13,21,17,5,1,16],[11,19,15,3,7,23,13,21,17,5,1,8,16],[23,7,15,21,19,11,3,17,13,5,1,8,16],[11,23,19,7,15,21,3,17,13,5,1,8,16],[7,11,19,15,23,13,21,3,17,5,1,8,16],[7,23,15,13,21,3,11,19,17,5,1,16],[11,19,15,3,7,23,21,17,13,5,1,8,16],[19,7,11,15,23,21,3,13,17,5,1,16],[3,11,15,7,19,23,13,21,17,5,1,16],[11,7,15,23,21,19,3,13,17,5,1,16],[11,23,7,19,3,15,13,21,17,5,1,16],[7,23,15,13,21,19,3,11,17,1,5,16],[23,7,19,11,15,21,3,17,13,1,5,8,16],[19,7,3,15,23,13,21,11,17,5,1,8,16],[11,19,3,7,15,23,21,13,17,5,1,16],[7,11,15,3,23,21,19,13,17,5,1,16],[3,23,19,7,15,13,21,11,17,5,1,8,16],[7,3,11,15,19,23,13,21,17,5,1,16],[7,23,3,11,15,21,19,17,13,5,1,8,16],[7,15,3,19,11,23,13,21,17,1,5,8,16],[15,19,23,21,11,3,7,13,17,5,1,8,16],[19,3,23,15,21,11,7,17,13,5,1,16],[19,15,23,21,11,3,7,17,13,1,5,8,16],[3,19,7,23,15,21,11,17,13,5,1,8,16],[7,3,19,11,15,23,13,21,17,1,5,8,16],[15,3,19,7,23,13,21,11,17,1,5,8,16],[11,15,7,19,3,23,13,21,17,5,1,8,16],[23,3,19,7,15,21,11,17,13,5,1,8,16],[11,7,15,19,3,23,21,13,17,5,1,8,16],[23,11,3,19,7,15,21,13,17,5,1,16],[11,3,15,23,21,19,7,13,17,5,1,8,16],[3,11,23,7,15,21,19,13,17,1,5,8,16],[3,23,7,15,21,11,19,13,17,5,1,8,16],[19,3,23,7,11,15,21,17,13,5,1,8,16],[15,23,21,7,3,19,11,13,17,5,1,16],[19,23,3,7,11,15,21,17,13,5,1,16],[11,23,3,15,21,7,19,13,17,5,1,8,16],[3,23,11,15,21,7,19,13,17,5,1,8,16],[15,7,23,13,21,19,3,11,17,5,1,16],[11,15,19,23,21,3,7,17,13,5,1,16],[11,19,7,15,23,21,3,17,13,5,1,8,16],[7,23,19,11,15,21,3,13,17,5,1,8,16],[11,23,7,19,3,15,13,21,17,5,1,8,16],[15,3,7,23,21,11,19,13,17,5,1,16],[23,11,3,19,15,13,21,7,17,1,5,16],[11,23,19,7,3,15,21,17,13,5,1,8,16],[15,23,21,11,7,19,3,17,13,5,1,8,16],[11,19,23,3,7,15,21,17,13,5,1,8,16],[23,7,11,3,15,21,19,13,17,5,1,8,16],[7,15,19,11,3,23,21,17,13,5,1,8,16],[3,19,11,23,15,13,21,7,17,5,1,16],[11,19,23,7,3,15,21,17,13,5,1,16],[15,3,11,19,7,23,13,21,17,5,1,16],[7,19,11,15,3,23,21,17,13,5,1,16],[3,7,15,23,21,11,19,13,17,5,1,8,16],[15,7,3,19,23,21,11,17,13,5,1,16],[15,23,13,21,11,19,3,7,17,5,1,8,16],[7,3,15,11,19,23,13,21,17,5,1,8,16],[23,3,7,19,11,15,21,13,17,5,1,16],[23,15,21,19,7,3,11,13,17,5,1,8,16],[23,19,3,7,11,15,21,17,13,5,1,16],[7,3,15,11,19,23,21,13,17,5,1,8,16],[19,7,11,3,15,23,21,13,17,1,5,16],[3,11,23,7,19,15,13,21,17,5,1,8,16],[7,3,11,19,23,15,21,13,17,5,1,8,16],[11,19,3,15,7,23,21,17,13,1,5,16],[3,15,23,21,7,19,11,13,17,5,1,8,16],[15,11,19,3,7,23,21,13,17,5,1,16],[11,3,15,19,23,21,7,13,17,5,1,8,16],[15,3,11,23,13,21,19,7,17,5,1,16],[7,3,23,15,13,21,11,19,17,1,5,16],[3,23,19,15,21,7,11,13,17,5,1,16],[11,15,3,23,13,21,7,19,17,1,5,16],[3,11,23,7,15,13,21,19,17,5,1,8,16],[11,23,15,21,7,3,19,17,13,5,1,16],[15,23,21,3,7,19,11,17,13,5,1,16],[23,11,15,21,3,19,7,13,17,1,5,16],[3,7,19,15,23,13,21,11,17,5,1,16],[19,7,15,3,23,21,11,13,17,5,1,8,16],[19,11,23,15,13,21,3,7,17,5,1,16],[23,11,3,19,7,15,21,17,13,5,1,8,16],[23,15,21,19,11,3,7,13,17,5,1,8,16],[7,11,15,19,3,23,21,13,17,5,1,8,16],[15,19,11,7,23,21,3,17,13,1,5,16],[3,19,11,15,7,23,21,17,13,5,1,16],[7,11,15,23,13,21,19,3,17,1,5,16],[3,23,15,21,7,11,19,13,17,5,1,16],[19,11,15,23,13,21,7,3,17,1,5,16],[7,3,19,15,11,23,13,21,17,1,5,16],[7,11,15,23,13,21,19,3,17,5,1,8,16],[11,7,19,15,3,23,13,21,17,5,1,8,16],[11,15,3,19,7,23,21,17,13,5,1,16],[3,15,19,23,21,7,11,17,13,1,5,16],[7,3,11,23,19,15,21,13,17,5,8,16],[19,11,23,3,15,13,21,7,17,5,1,8,16],[19,7,23,15,13,21,11,3,17,5,1,16],[7,23,19,15,13,21,3,11,17,5,1,8,16],[11,3,23,15,13,21,19,7,17,5,1,8,16],[11,19,23,15,13,21,7,3,17,5,1,16],[23,3,15,21,11,19,7,17,13,5,1,16],[19,7,11,23,3,15,13,21,17,5,1,8,16],[19,15,23,13,21,11,3,7,17,1,5,16],[15,3,19,7,11,23,13,21,17,5,1,8,16],[15,3,23,13,21,7,19,11,17,1,5,16],[19,7,15,3,11,23,21,17,13,5,1,16],[15,11,19,23,21,3,7,17,13,1,5,16],[15,23,13,21,3,7,19,11,17,5,1,8,16],[7,15,19,23,13,21,3,11,17,5,1,16],[7,23,11,3,19,15,13,21,17,5,1,8,16],[11,7,3,15,23,13,21,19,17,5,1,16],[11,15,19,7,3,23,21,17,13,5,1,8,16],[15,3,7,23,13,21,19,11,17,1,5,16],[23,3,7,15,21,19,11,17,13,5,1,16],[15,19,7,3,23,21,11,13,17,1,5,8,16],[23,11,19,3,7,15,13,21,17,5,1,16],[15,19,11,7,3,23,13,21,17,5,1,16],[19,11,3,23,7,15,13,21,17,5,1,16],[11,23,3,19,7,15,21,17,13,5,1,16],[23,7,15,13,21,19,3,11,17,5,1,8,16],[11,23,15,13,21,19,3,7,17,5,1,8,16],[23,7,3,15,13,21,11,19,17,5,1,8,16]],"n_human":10}