{"problem_id":"Lre4wVFTbfA71BC","sigma":150,"alpha":0.316,"cost":2,"probabilities":"[0.4, 0.09, 0.12, 0.39]","payoff_matrix":"[[104, 295, 6, -19, -1, -80], [63, 30, -139, 126, -56, 56], [-84, 52, 279, 135, 257, 99], [-88, -287, 58, 113, 14, -221]]","uncovered":[[5,4,9,21,17,13,12,8,20,16,1,24,11,15,14,10],[17,1,13,5,8,9,21,4,12,20,16,24,11,15,10,14],[9,5,1,8,13,21,17,4,12,20,16,24,11,15,14,10],[5,9,17,21,1,8,13,4,12,20,16,24,15],[5,9,21,17,13,1,4,8,12,20,16,24,11,15,14,10],[13,5,9,1,8,17,21,4,12,20,16,24,15],[13,5,21,1,4,9,17,8,12,20,16,24,15],[5,17,9,4,13,21,8,12,20,16,1,24,15],[21,1,9,13,17,5,8,4,12,20,16,24,15],[17,13,1,5,4,21,9,8,12,20,16,24,11,15,14,10],[17,1,9,13,5,4,24,8,12,20,16,11,15,10,14],[17,9,13,21,5,4,8,12,20,16,1,24,15],[1,21,17,9,13,5,8,4,12,20,16,24,15],[5,1,8,9,17,21,13,4,12,20,16,24,15],[9,13,5,1,8,21,17,4,12,20,16,24,11,15,14,10],[9,1,21,17,5,4,13,8,12,20,16,24,11,15,10,14],[13,21,1,17,9,5,4,8,12,20,16,24,15],[17,9,21,5,1,8,13,4,12,20,16,24,15],[17,13,1,21,5,8,9,4,12,20,16,24,11,15,14,10],[1,5,8,9,21,17,13,4,12,20,16,24,11,15,14,10],[5,1,8,21,9,13,17,4,12,20,16,24,11,15,14,10],[5,1,8,17,21,13,9,4,12,20,16,24,11,15,10,14],[5,13,9,1,8,17,21,4,12,20,16,24,11,15,14,10],[9,5,1,8,13,17,21,4,12,20,16,24,11,15,10,14],[13,17,9,21,5,4,12,8,20,16,24,1,11,15,10,14],[13,17,21,9,1,5,8,4,12,20,16,24,11,15,10,14],[5,9,13,1,8,21,17,4,12,20,16,24,15],[9,5,17,21,16,13,8,1,4,12,20,24,15],[13,9,17,5,1,4,21,8,12,20,16,24,15],[5,21,1,4,9,20,13,17,8,12,16,24,11,15,14,10],[9,21,13,17,1,5,4,8,12,20,16,24,11,15,14,10],[21,9,17,5,13,4,8,12,20,16,1,24,15],[1,21,9,5,8,13,17,4,12,20,16,24,15],[17,5,4,21,13,9,8,12,20,16,24,1,15],[21,9,17,1,5,4,16,13,8,12,20,24,15],[1,13,9,17,5,8,21,4,12,20,16,24,15],[21,13,1,5,8,17,9,4,12,20,16,24,11,15,14,10],[1,9,5,4,21,13,17,8,12,20,16,24,11,15,10,14],[9,5,21,20,13,1,8,17,4,12,16,24,15],[13,5,17,9,21,1,4,8,12,20,16,24,11,15,14,10],[9,1,17,13,5,8,21,4,12,20,16,24,11,15,10,14],[5,17,21,9,1,4,13,8,12,20,16,24,11,15,10,14],[5,13,1,4,9,20,21,17,8,12,16,24,11,15,14,10],[17,1,13,21,5,8,9,4,12,20,16,24,15],[21,9,17,13,5,4,8,12,20,16,1,24,11,15,10,14],[1,5,4,17,9,21,13,8,12,20,16,24,15],[1,17,21,5,8,13,9,4,12,20,16,24,11,15,14,10],[9,1,13,21,17,5,8,4,12,20,16,24,15],[21,9,1,13,17,5,4,8,12,20,16,24,15],[21,17,9,5,13,1,4,8,12,20,16,24,15],[1,21,9,13,17,5,8,4,12,20,16,24,11,15,14,10],[21,1,5,4,9,13,17,8,12,20,16,24,15],[13,17,21,1,5,8,9,4,12,20,16,24,15],[21,1,13,9,17,5,8,4,12,20,16,24,11,15,14,10],[1,13,17,9,21,5,4,8,12,20,16,24,15],[17,1,21,9,13,5,8,4,12,20,16,24,15],[9,1,5,8,13,17,21,4,12,20,16,24,11,15,10,14],[9,21,5,13,4,17,12,8,20,16,1,24,15],[5,9,13,21,1,8,17,4,12,20,16,24,15],[5,1,8,21,9,17,13,4,12,20,16,24,11,15,10,14],[13,9,21,17,5,1,4,8,12,20,16,24,11,15,14,10],[1,9,5,4,21,16,13,8,17,12,20,24,15],[5,1,4,13,21,9,17,8,12,20,16,24,11,15,14,10],[13,9,17,21,1,5,8,4,12,20,16,24,11,15,14,10],[1,21,9,13,5,8,17,4,12,20,16,24,11,15,14,10],[13,21,17,5,9,4,8,12,20,16,24,1,15],[9,17,13,5,21,1,4,8,12,20,16,24,15],[1,5,8,17,13,9,21,4,12,20,16,24,15],[5,4,9,13,17,21,8,12,20,16,1,24,15],[5,9,13,1,8,17,21,4,12,20,16,24,11,15,14,10],[5,9,17,13,1,4,21,8,12,20,16,24,11,15,10,14],[13,5,21,1,8,17,9,4,12,20,16,24,15],[13,5,17,12,1,8,9,4,21,20,16,24,15],[9,5,24,1,8,17,13,4,12,20,16,15],[5,13,17,1,4,21,9,8,12,20,16,24,15],[5,13,21,1,8,9,17,4,12,20,16,24,15],[5,1,4,21,9,17,13,8,12,20,16,24,15],[13,5,9,1,4,21,17,8,12,20,16,24,11,15,14,10],[13,9,17,1,5,4,21,8,12,20,16,24,15],[13,17,21,1,5,4,9,8,12,20,16,24,15],[17,1,13,21,5,8,9,4,12,20,16,24,11,15,10,14],[17,9,13,21,5,1,8,4,12,20,16,24,15],[5,9,21,17,4,13,8,12,20,16,24,1,11,15,10,14],[9,17,21,1,5,8,13,4,12,20,16,24,15],[17,13,5,1,4,21,12,9,8,20,16,24,15],[9,1,5,8,13,17,21,4,12,20,16,24,15],[21,1,17,13,9,5,8,4,12,20,16,24,11,15,14,10],[1,9,17,13,21,5,4,8,12,20,16,24,15],[13,1,5,4,9,17,24,8,12,20,16,11,15,10,14],[9,1,17,13,21,5,4,8,12,20,16,24,11,15,10,14],[5,13,17,1,8,21,9,4,12,20,16,24,11,15,10,14],[5,13,21,1,8,17,9,4,12,20,16,24,15],[5,21,9,1,8,17,13,4,12,20,16,24,11,15,14,10],[17,1,13,9,21,5,8,4,12,20,16,24,15],[13,5,9,1,8,17,21,4,12,20,16,24,11,15,14,10],[21,1,5,4,13,17,9,8,12,20,16,24,15],[13,9,1,21,17,5,8,4,12,20,16,24,15],[5,17,9,21,1,4,13,8,12,20,16,24,15],[13,1,21,5,4,17,9,8,12,20,16,24,15],[17,21,9,13,5,1,4,8,12,20,16,24,15],[1,13,5,4,17,9,21,8,12,20,16,24,15],[1,21,13,9,17,5,4,8,12,20,16,24,15],[9,5,13,1,4,17,21,8,12,20,16,24,15],[5,17,1,8,9,13,21,4,12,20,16,24,11,15,14,10],[17,9,21,1,5,8,13,4,12,20,16,24,15],[21,9,5,17,13,1,8,4,12,20,16,24,15],[1,13,9,5,4,17,21,8,12,20,16,24,15],[9,21,17,1,5,8,13,4,12,20,16,24,11,15,10,14],[21,1,13,5,8,9,17,4,12,20,16,24,11,15,10,14],[13,17,1,9,5,8,21,4,12,20,16,24,11,15,14,10],[1,13,5,4,9,17,21,8,12,20,16,24,15],[13,1,5,8,21,9,17,4,12,20,16,24,11,15,10,14],[13,9,17,5,21,1,4,8,12,20,16,24,15],[21,5,9,17,1,8,13,4,12,20,16,24,11,15,14,10],[13,5,1,8,9,21,17,4,12,20,16,24,15],[9,21,17,13,1,5,8,4,12,20,16,24,11,15,10,14],[5,17,9,21,13,1,8,4,12,20,16,24,15],[13,17,21,5,9,1,8,4,12,20,16,24,11,15,10,14],[17,5,1,4,24,13,9,8,12,20,16,15],[21,5,9,17,1,4,13,8,12,20,16,24,11,15,14,10],[21,17,9,5,13,1,4,8,12,20,16,24,11,15,14,10],[17,5,9,13,21,1,8,4,12,20,16,24,11,15,10,14],[21,9,17,13,1,5,4,8,12,20,16,24,15],[1,5,4,16,13,8,9,21,17,12,20,24,11,15,10,14],[1,13,9,17,5,4,21,8,12,20,16,24,15],[1,9,13,21,17,5,8,4,12,20,16,24,15],[13,17,1,9,5,4,21,8,12,20,16,24,11,15,14,10],[1,13,21,17,9,5,4,8,12,20,16,24,15],[17,1,5,8,21,13,9,4,12,20,16,24,11,15,14,10],[17,21,1,5,8,9,13,4,12,20,16,24,15],[13,5,17,21,9,1,8,4,12,20,16,24,11,15,10,14],[17,9,21,13,1,5,4,8,12,20,16,24,11,15,14,10],[5,13,9,20,1,8,21,17,4,12,16,24,15],[1,9,13,17,21,5,4,8,12,20,16,24,11,15,14,10],[9,17,21,13,1,5,8,4,12,20,16,24,15],[5,1,4,17,9,24,16,13,8,12,20,15],[5,13,17,9,21,1,8,4,12,20,16,24,15],[21,17,1,13,9,5,4,8,12,20,16,24,15],[1,5,4,24,17,12,13,9,8,20,16,15],[5,17,9,21,4,13,8,12,20,16,1,24,15],[9,21,1,17,5,8,13,4,12,20,16,24,11,15,14,10],[9,1,13,17,21,5,8,4,12,20,16,24,15],[9,5,20,1,4,13,24,17,8,12,16,15],[21,5,17,13,9,1,8,4,12,20,16,24,11,15,10,14],[1,13,17,9,5,8,21,4,12,20,16,24,15],[13,21,5,17,9,1,4,8,12,20,16,24,11,15,10,14],[1,21,9,5,4,13,17,8,12,20,16,24,11,15,10,14],[9,21,13,17,5,1,8,4,12,20,16,24,11,15,14,10],[21,9,13,1,17,5,8,4,12,20,16,24,15],[13,1,21,9,17,5,4,8,12,20,16,24,11,15,14,10],[1,13,5,8,17,9,21,4,12,20,16,24,15],[13,9,17,1,21,5,4,8,12,20,16,24,11,15,10,14],[21,1,9,13,5,4,17,8,12,20,16,24,15],[1,21,5,4,13,17,9,8,12,20,16,24,11,15,10,14],[17,21,5,9,1,8,13,4,12,20,16,24,15],[9,17,1,5,4,13,21,8,12,20,16,24,15],[13,1,9,21,17,5,8,4,12,20,16,24,11,15,14,10],[1,9,21,5,4,17,13,8,12,20,16,24,11,15,14,10],[21,1,17,9,13,5,4,8,12,20,16,24,15],[17,21,13,1,5,8,9,4,12,20,16,24,15],[17,21,13,9,1,5,4,8,12,20,16,24,15],[5,1,8,17,21,9,13,4,12,20,16,24,15],[5,13,21,17,1,4,12,9,8,20,16,24,15],[13,9,21,17,5,1,8,4,12,20,16,24,11,15,10,14],[13,17,1,21,5,4,12,9,8,20,16,24,15],[21,13,17,9,1,5,8,4,12,20,16,24,15],[21,9,13,17,5,1,4,8,12,20,16,24,15],[9,13,17,1,21,5,8,4,12,20,16,24,15],[21,13,9,5,1,8,17,4,12,20,16,24,15],[1,5,4,13,17,21,9,8,12,20,16,24,15],[9,21,1,17,13,5,4,8,12,20,16,24,15],[1,13,9,5,8,17,21,4,12,20,16,24,15],[13,5,21,1,8,9,17,4,12,20,16,24,15],[21,5,17,1,4,16,13,8,9,12,20,24,15],[21,1,13,17,5,8,9,4,12,20,16,24,15],[13,9,21,17,5,1,4,8,12,20,16,24,15],[21,13,5,17,1,8,9,4,12,20,16,24,15],[21,1,9,5,8,13,17,4,12,20,16,24,15],[9,13,21,5,1,8,17,4,12,20,16,24,15],[5,20,21,13,1,8,9,17,4,12,16,24,11,15,14,10],[1,5,4,21,17,13,9,8,12,20,16,24,11,15,10,14],[1,5,8,9,21,13,17,4,12,20,16,24,15],[9,21,1,5,4,17,13,8,12,20,16,24,11,15,14,10],[5,17,1,8,9,21,13,4,12,20,16,24,11,15,10,14],[9,1,13,5,8,21,17,4,12,20,16,24,15],[1,13,5,4,9,21,20,17,8,12,16,24,15],[13,5,9,21,17,1,4,8,12,20,16,24,15],[21,17,5,1,8,9,13,4,12,20,16,24,15],[1,13,17,21,5,8,9,4,12,20,16,24,11,15,10,14],[1,17,9,21,13,5,8,4,12,20,16,24,11,15,14,10],[9,21,1,5,8,13,17,4,12,20,16,24,15],[9,1,17,13,21,5,4,8,12,20,16,24,15],[17,5,1,4,9,13,21,8,12,20,16,24,11,15,10,14],[13,17,5,1,8,21,9,4,12,20,16,24,15],[13,5,17,21,1,8,9,4,12,20,16,24,11,15,10,14],[21,13,5,1,4,17,9,8,12,20,16,24,11,15,10,14],[17,5,24,9,1,8,13,4,12,20,16,15],[13,17,9,5,21,1,8,4,12,20,16,24,11,15,14,10],[17,13,21,9,5,1,8,4,12,20,16,24,11,15,14,10],[5,9,1,8,13,21,17,4,12,20,16,24,15],[17,5,1,8,9,13,21,4,12,20,16,24,11,15,10,14],[21,13,9,5,1,4,17,8,12,20,16,24,11,15,10,14],[13,5,1,4,21,17,9,8,12,20,16,24,11,15,14,10],[5,21,9,1,4,17,13,8,12,20,16,24,15],[17,21,13,5,1,4,9,8,12,20,16,24,15],[1,21,17,9,13,5,8,4,12,20,16,24,11,15,10,14],[17,21,9,1,5,8,13,4,12,20,16,24,15],[21,9,17,13,1,5,8,4,12,20,16,24,15],[21,5,9,13,1,4,17,8,12,20,16,24,15],[5,21,17,13,1,8,9,4,12,20,16,24,11,15,10,14],[17,5,9,21,1,4,13,8,12,20,16,24,11,15,10,14],[17,21,5,1,8,9,13,4,12,20,16,24,11,15,10,14],[9,17,13,1,5,4,21,8,12,20,16,24,15],[1,17,5,8,9,21,13,4,12,20,16,24,15],[5,1,8,21,17,9,13,4,12,20,16,24,11,15,14,10],[9,17,13,5,21,1,8,4,12,20,16,24,11,15,10,14],[5,17,1,8,9,13,21,4,12,20,16,24,11,15,14,10],[1,5,4,13,9,21,17,8,12,20,16,24,11,15,10,14],[17,1,13,9,21,5,8,4,12,20,16,24,15],[21,1,17,5,4,9,13,8,12,20,16,24,15],[5,21,13,20,12,1,8,9,4,17,16,24,15],[9,1,17,13,21,5,4,8,12,20,16,24,11,15,10,14],[13,9,5,1,4,21,17,8,12,20,16,24,15],[13,21,17,9,1,5,8,4,12,20,16,24,15],[13,21,5,17,1,4,9,8,12,20,16,24,11,15,10,14],[5,13,24,1,4,9,17,8,12,20,16,11,15,10,14],[1,17,9,5,8,13,21,4,12,20,16,24,11,15,14,10],[17,9,5,13,21,1,4,8,12,20,16,24,11,15,10,14],[21,17,9,1,5,8,13,4,12,20,16,24,11,15,10,14],[5,1,4,13,9,17,21,8,12,20,16,24,11,15,10,14],[9,13,5,21,1,4,17,8,12,20,16,24,11,15,10,14],[13,9,17,1,21,5,4,8,12,20,16,24,11,15,14,10],[21,5,17,1,4,9,13,8,12,20,16,24,15],[17,9,13,5,21,1,8,4,12,20,16,24,15],[1,21,9,13,5,8,17,4,12,20,16,24,15],[5,12,13,21,17,1,8,9,4,20,16,24,11,15,14,10],[9,21,13,17,1,5,4,8,12,20,16,24,15],[9,5,13,4,21,17,12,8,20,16,24,1,15],[1,21,13,5,4,9,17,8,12,20,16,24,15],[13,1,21,17,9,5,8,4,12,20,16,24,15],[21,5,13,17,1,8,9,4,12,20,16,24,11,15,14,10],[17,9,1,5,4,21,13,8,12,20,16,24,11,15,10,14],[13,1,9,5,8,21,17,4,12,20,16,24,15],[13,21,17,9,5,1,4,8,12,20,16,24,15],[17,1,21,13,5,8,9,4,12,20,16,24,11,15,14,10],[17,13,5,21,1,4,9,8,12,20,16,24,15],[5,13,21,17,9,1,4,8,12,20,16,24,11,15,10,14],[13,5,9,21,17,1,4,8,12,20,16,24,15],[1,5,4,20,21,9,13,17,8,12,16,24,15],[13,1,21,5,4,9,17,8,12,20,16,24,11,15,14,10],[9,17,1,13,5,4,21,8,12,20,16,24,11,15,10,14],[9,17,13,5,21,1,8,4,12,20,16,24,11,15,14,10],[9,5,1,8,17,21,13,4,12,20,16,24,11,15,10,14],[17,9,1,5,8,21,13,4,12,20,16,24,11,15,14,10],[21,17,5,9,1,8,13,4,12,20,16,24,15],[9,13,21,17,5,1,4,8,12,20,16,24,15],[1,13,9,17,5,4,21,8,12,20,16,24,15],[9,17,13,21,1,5,8,4,12,20,16,24,11,15,10,14],[17,5,13,21,1,8,9,4,12,20,16,24,15],[13,9,5,1,4,21,17,8,12,20,16,24,15],[21,13,1,5,8,9,17,4,12,20,16,24,11,15,14,10],[21,1,5,4,17,13,9,8,12,20,16,24,15],[1,13,17,5,8,21,9,4,12,20,16,24,15],[21,1,5,4,17,9,13,8,12,20,16,24,11,15,10,14],[21,5,13,17,1,4,9,8,12,20,16,24,15],[1,17,5,8,21,13,9,4,12,20,16,24,11,15,14,10],[21,17,5,1,4,9,13,8,12,20,16,24,15],[5,9,1,4,13,21,17,8,12,20,16,24,15],[5,17,13,1,8,9,21,4,12,20,16,24,11,15,10,14],[21,1,9,13,5,8,17,4,12,20,16,24,15],[17,21,5,16,13,8,9,1,4,12,20,24,15],[5,1,4,9,20,13,21,17,8,12,16,24,15],[5,1,4,17,24,16,13,8,9,12,20,11,15,14,10],[17,5,1,8,21,13,9,4,12,20,16,24,11,15,14,10],[21,13,1,17,5,8,9,4,12,20,16,24,11,15,10,14],[21,9,1,13,17,5,8,4,12,20,16,24,15],[13,21,1,9,5,8,17,4,12,20,16,24,11,15,14,10],[9,13,5,17,1,4,21,8,12,20,16,24,11,15,10,14],[5,1,4,21,9,13,17,8,12,20,16,24,15],[1,9,17,21,5,4,13,8,12,20,16,24,15],[9,13,21,5,1,8,17,4,12,20,16,24,15],[21,17,5,9,1,8,13,4,12,20,16,24,15],[1,9,21,5,4,13,17,8,12,20,16,24,15],[1,9,13,17,5,4,21,8,12,20,16,24,11,15,14,10],[1,9,17,21,5,8,13,4,12,20,16,24,11,15,14,10],[9,5,1,8,13,17,21,4,12,20,16,24,15],[9,5,13,17,1,4,24,8,12,20,16,11,15,14,10],[9,13,5,21,1,4,17,8,12,20,16,24,11,15,10,14],[1,21,17,9,13,5,4,8,12,20,16,24,11,15,14,10],[1,5,4,17,24,9,13,8,12,20,16,15],[13,1,9,5,8,17,21,4,12,20,16,24,11,15,10,14],[21,1,9,17,5,4,13,8,12,20,16,24,15],[1,17,9,13,5,8,21,4,12,20,16,24,11,15,10,14],[21,13,9,17,1,5,4,8,12,20,16,24,11,15,10,14],[5,4,17,13,24,9,8,12,20,16,1,15],[17,13,21,1,9,5,8,4,12,20,16,24,15],[17,1,5,8,21,13,9,4,12,20,16,24,15],[9,17,21,13,5,1,4,8,12,20,16,24,11,15,14,10],[21,1,17,9,5,4,13,8,12,20,16,24,15],[5,13,17,21,1,8,9,4,12,20,16,24,15],[9,13,1,17,21,5,4,8,12,20,16,24,11,15,10,14],[5,12,13,1,4,21,20,9,8,17,16,24,11,15,10,14],[9,13,17,1,5,8,21,4,12,20,16,24,15],[9,21,17,13,5,1,4,8,12,20,16,24,11,15,10,14],[1,9,5,8,17,21,13,4,12,20,16,24,15],[1,21,17,5,8,13,9,4,12,20,16,24,11,15,10,14],[21,1,17,9,13,5,4,8,12,20,16,24,15],[21,5,9,4,17,13,8,12,20,16,1,24,11,15,14,10],[21,1,9,13,17,5,8,4,12,20,16,24,15],[5,13,21,1,8,17,9,4,12,20,16,24,11,15,14,10],[17,13,5,1,8,21,9,4,12,20,16,24,15],[5,17,13,9,21,4,12,8,20,16,1,24,15],[5,1,4,21,13,9,17,8,12,20,16,24,11,15,14,10],[5,1,8,13,21,17,9,4,12,20,16,24,11,15,14,10],[1,13,9,17,5,8,21,4,12,20,16,24,11,15,10,14],[1,17,21,9,13,5,4,8,12,20,16,24,11,15,10,14],[5,1,8,21,9,17,13,4,12,20,16,24,11,15,10,14],[5,1,4,21,13,17,9,8,12,20,16,24,15],[21,1,9,17,5,8,13,4,12,20,16,24,15],[21,17,5,1,4,9,13,8,12,20,16,24,15],[17,1,5,8,9,21,13,4,12,20,16,24,11,15,10,14],[21,13,9,5,1,8,17,4,12,20,16,24,15],[9,5,13,17,1,8,21,4,12,20,16,24,11,15,14,10],[21,9,17,1,13,5,4,8,12,20,16,24,11,15,14,10],[21,9,1,5,8,13,17,4,12,20,16,24,15],[1,13,21,5,4,9,17,8,12,20,16,24,15],[21,17,9,13,1,5,8,4,12,20,16,24,15],[17,1,9,21,13,5,8,4,12,20,16,24,11,15,10,14],[21,5,1,8,13,17,9,4,12,20,16,24,11,15,10,14],[13,1,5,4,17,9,24,8,12,20,16,15],[21,17,13,5,4,9,8,12,20,16,24,1,15],[9,13,21,5,1,4,17,8,12,20,16,24,15],[9,1,21,17,13,5,8,4,12,20,16,24,11,15,14,10],[9,17,1,13,21,5,4,8,12,20,16,24,11,15,10,14],[21,5,13,9,17,1,4,8,12,20,16,24,11,15,14,10],[13,21,17,5,1,4,12,9,8,20,16,24,11,15,10,14],[13,1,21,5,4,9,17,8,12,20,16,24,11,15,10,14],[1,5,8,9,21,17,13,4,12,20,16,24,11,15,10,14],[1,5,8,21,13,9,17,4,12,20,16,24,11,15,14,10],[21,1,9,17,5,8,13,4,12,20,16,24,11,15,14,10],[1,13,9,17,5,8,21,4,12,20,16,24,11,15,14,10],[17,21,13,9,5,1,8,4,12,20,16,24,15],[13,17,21,9,5,1,4,8,12,20,16,24,11,15,14,10],[5,9,21,17,1,8,13,4,12,20,16,24,11,15,10,14],[21,1,5,8,13,17,9,4,12,20,16,24,15],[5,17,1,4,13,21,9,8,12,20,16,24,11,15,14,10],[5,21,17,9,1,4,16,13,8,12,20,24,15],[13,1,5,8,17,21,9,4,12,20,16,24,15],[13,9,17,5,21,1,8,4,12,20,16,24,11,15,10,14],[1,17,9,13,21,5,8,4,12,20,16,24,15],[9,5,13,21,1,4,17,8,12,20,16,24,11,15,10,14],[17,13,1,21,5,4,9,8,12,20,16,24,15],[13,21,17,9,5,1,8,4,12,20,16,24,15],[5,17,13,21,9,4,8,12,20,16,1,24,11,15,14,10],[13,21,5,1,8,9,17,4,12,20,16,24,11,15,10,14],[13,1,21,9,17,5,4,8,12,20,16,24,11,15,14,10],[17,9,1,21,5,4,13,8,12,20,16,24,15],[13,5,4,21,17,9,12,8,20,16,24,1,15],[1,9,5,4,21,16,13,8,17,12,20,24,11,15,10,14],[21,17,13,1,5,4,12,9,8,20,16,24,11,15,10,14],[9,5,17,13,4,21,8,12,20,16,1,24,11,15,14,10],[1,21,5,8,13,17,9,4,12,20,16,24,11,15,14,10],[5,17,13,1,4,21,9,8,12,20,16,24,11,15,10,14],[9,13,17,21,5,1,4,8,12,20,16,24,11,15,10,14],[21,5,13,1,4,12,17,9,8,20,16,24,15],[5,13,1,4,9,17,21,8,12,20,16,24,15],[13,9,17,21,1,5,8,4,12,20,16,24,15],[9,21,1,5,8,13,17,4,12,20,16,24,11,15,14,10],[17,9,21,1,13,5,4,8,12,20,16,24,15],[5,1,8,13,21,17,9,4,12,20,16,24,11,15,10,14],[17,21,5,9,13,1,4,8,12,20,16,24,15],[5,13,21,17,1,8,9,4,12,20,16,24,15],[5,1,8,9,13,21,17,4,12,20,16,24,15],[1,13,9,17,21,5,4,8,12,20,16,24,15],[1,17,21,13,9,5,4,8,12,20,16,24,15],[17,13,5,1,8,21,9,4,12,20,16,24,15],[9,17,5,1,4,13,21,8,12,20,16,24,11,15,14,10],[1,5,4,20,13,9,21,17,8,12,16,24,15],[13,1,17,21,5,4,9,8,12,20,16,24,11,15,10,14],[21,1,17,5,4,13,9,8,12,20,16,24,11,15,10,14],[17,1,9,5,4,13,24,8,12,20,16,15],[5,1,4,13,21,17,9,8,12,20,16,24,15],[21,5,20,9,1,8,13,17,4,12,16,24,11,15,10,14],[21,9,17,5,13,1,4,8,12,20,16,24,15],[13,9,5,1,8,17,21,4,12,20,16,24,11,15,14,10],[17,9,21,1,5,8,13,4,12,20,16,24,11,15,14,10],[9,1,5,8,17,13,21,4,12,20,16,24,15],[1,9,17,5,8,13,21,4,12,20,16,24,15],[1,17,13,9,21,5,8,4,12,20,16,24,15],[13,17,21,5,4,9,8,12,20,16,1,24,11,15,14,10],[9,17,13,21,5,1,8,4,12,20,16,24,15],[17,9,21,5,1,8,13,4,12,20,16,24,15],[21,13,17,9,1,5,4,8,12,20,16,24,15],[9,5,1,8,21,17,13,4,12,20,16,24,11,15,10,14],[21,5,20,1,4,13,12,9,8,17,16,24,11,15,10,14],[21,17,9,13,5,1,8,4,12,20,16,24,15],[13,5,9,1,4,21,20,17,8,12,16,24,11,15,14,10],[13,1,17,5,8,9,21,4,12,20,16,24,15],[17,1,13,9,5,8,21,4,12,20,16,24,15],[13,17,21,9,1,5,4,8,12,20,16,24,15],[5,9,21,17,1,8,13,4,12,20,16,24,11,15,14,10],[17,9,13,1,5,4,21,8,12,20,16,24,11,15,14,10],[1,17,9,21,5,8,13,4,12,20,16,24,11,15,14,10],[17,5,13,1,4,12,21,9,8,20,16,24,15],[21,5,17,13,1,4,9,8,12,20,16,24,15],[17,21,13,9,1,5,4,8,12,20,16,24,11,15,10,14],[5,1,8,21,17,9,13,4,12,20,16,24,11,15,14,10],[9,13,21,1,17,5,4,8,12,20,16,24,11,15,14,10],[13,5,17,9,21,1,8,4,12,20,16,24,15],[17,13,9,1,5,8,21,4,12,20,16,24,15],[17,21,5,9,13,1,8,4,12,20,16,24,11,15,10,14],[17,9,13,5,21,1,8,4,12,20,16,24,15],[17,21,9,5,1,8,13,4,12,20,16,24,11,15,14,10],[9,5,17,1,8,21,13,4,12,20,16,24,15],[1,13,21,17,5,4,9,8,12,20,16,24,11,15,14,10],[21,13,5,1,8,17,9,4,12,20,16,24,15],[9,5,13,1,4,21,17,8,12,20,16,24,11,15,10,14],[13,1,5,8,17,9,21,4,12,20,16,24,15],[21,1,5,4,13,9,17,8,12,20,16,24,11,15,10,14],[1,21,17,5,8,9,13,4,12,20,16,24,15],[13,1,5,8,21,17,9,4,12,20,16,24,15],[1,13,5,4,21,9,17,8,12,20,16,24,15],[21,17,13,1,9,5,8,4,12,20,16,24,15],[13,17,21,9,1,5,8,4,12,20,16,24,15],[5,1,4,9,17,21,13,8,12,20,16,24,15],[13,21,9,1,5,4,17,8,12,20,16,24,11,15,14,10],[17,13,1,21,9,5,4,8,12,20,16,24,15],[21,9,13,1,17,5,4,8,12,20,16,24,11,15,10,14],[13,5,21,1,8,17,9,4,12,20,16,24,15],[13,9,21,1,17,5,4,8,12,20,16,24,11,15,14,10],[21,5,17,1,8,13,9,4,12,20,16,24,15],[17,13,21,9,5,1,8,4,12,20,16,24,15],[13,9,21,5,1,8,17,4,12,20,16,24,15],[21,5,16,13,8,1,4,17,9,12,20,24,11,15,10,14],[13,1,21,9,5,8,17,4,12,20,16,24,15],[21,17,1,9,13,5,8,4,12,20,16,24,11,15,14,10],[13,5,9,21,1,4,17,8,12,20,16,24,11,15,10,14],[17,9,21,1,13,5,8,4,12,20,16,24,15],[17,21,1,13,5,8,9,4,12,20,16,24,11,15,14,10],[21,13,17,9,5,1,8,4,12,20,16,24,15],[13,9,17,21,1,5,4,8,12,20,16,24,11,15,10,14],[5,13,1,8,17,9,21,4,12,20,16,24,15],[13,9,21,5,17,1,8,4,12,20,16,24,11,15,10,14],[21,1,13,17,9,5,4,8,12,20,16,24,11,15,10,14],[5,9,21,13,1,8,17,4,12,20,16,24,11,15,14,10],[5,24,1,8,13,9,17,4,12,20,16,11,15,10,14],[21,5,9,17,13,1,8,4,12,20,16,24,15],[13,1,17,5,8,9,21,4,12,20,16,24,11,15,14,10],[13,9,17,21,1,5,4,8,12,20,16,24,15],[5,17,12,4,13,21,9,8,20,16,24,1,15],[5,16,13,8,21,9,17,1,4,12,20,24,11,15,10,14],[13,17,1,5,4,9,21,8,12,20,16,24,15],[13,1,21,9,17,5,4,8,12,20,16,24,15],[1,21,9,17,13,5,8,4,12,20,16,24,11,15,14,10],[13,1,9,17,5,4,24,8,12,20,16,11,15,10,14],[13,21,17,9,5,1,4,8,12,20,16,24,15],[17,9,13,21,5,1,4,8,12,20,16,24,11,15,14,10],[5,13,9,20,1,8,21,17,4,12,16,24,11,15,10,14],[21,1,5,8,17,13,9,4,12,20,16,24,11,15,14,10],[21,1,5,4,9,13,17,8,12,20,16,24,11,15,14,10],[5,4,17,13,21,9,12,8,20,16,24,1,15],[9,13,5,1,4,17,21,8,12,20,16,24,11,15,10,14],[9,17,13,21,1,5,4,8,12,20,16,24,11,15,14,10],[5,13,21,12,17,1,8,9,4,20,16,24,15],[17,13,9,21,5,1,4,8,12,20,16,24,15],[13,21,17,5,12,1,4,9,8,20,16,24,15],[1,13,21,17,9,5,8,4,12,20,16,24,11,15,14,10],[1,17,9,5,4,13,21,8,12,20,16,24,11,15,14,10],[13,1,17,9,5,8,21,4,12,20,16,24,15],[9,21,13,1,17,5,8,4,12,20,16,24,15],[5,21,13,9,17,1,4,8,12,20,16,24,15],[5,1,4,21,13,9,17,8,12,20,16,24,11,15,14,10],[21,5,9,1,8,17,13,4,12,20,16,24,15],[17,1,9,13,5,8,21,4,12,20,16,24,11,15,10,14],[17,9,5,1,4,13,24,8,12,20,16,15],[5,13,21,17,9,1,4,8,12,20,16,24,15],[1,21,17,5,8,9,13,4,12,20,16,24,15],[1,13,17,9,21,5,4,8,12,20,16,24,15],[21,13,5,9,1,4,20,17,8,12,16,24,15],[5,9,13,21,17,1,8,4,12,20,16,24,15],[5,24,13,1,8,17,9,4,12,20,16,11,15,14,10],[1,17,5,4,9,13,21,8,12,20,16,24,11,15,10,14],[13,21,9,17,1,5,4,8,12,20,16,24,15],[21,9,13,5,17,1,4,8,12,20,16,24,11,15,14,10],[21,9,13,5,17,1,8,4,12,20,16,24,15],[5,24,17,1,8,13,9,4,12,20,16,11,15,10,14],[13,5,1,8,9,21,17,4,12,20,16,24,11,15,10,14],[21,17,1,5,4,13,12,9,8,20,16,24,15],[17,9,13,5,21,1,8,4,12,20,16,24,15],[9,21,1,5,4,13,17,8,12,20,16,24,15],[1,5,8,9,13,21,17,4,12,20,16,24,11,15,10,14],[17,13,1,5,4,9,21,8,12,20,16,24,11,15,14,10],[17,13,9,21,1,5,4,8,12,20,16,24,15],[21,9,5,17,1,4,13,8,12,20,16,24,11,15,10,14],[9,17,1,21,13,5,8,4,12,20,16,24,11,15,14,10],[9,21,13,5,20,4,17,8,12,16,1,24,15],[9,13,21,1,5,8,17,4,12,20,16,24,11,15,14,10],[17,1,21,13,9,5,4,8,12,20,16,24,15],[21,13,1,9,5,8,17,4,12,20,16,24,11,15,14,10],[9,1,17,13,5,8,21,4,12,20,16,24,15],[1,9,13,17,5,8,21,4,12,20,16,24,11,15,14,10],[21,1,5,4,17,13,9,8,12,20,16,24,11,15,10,14],[13,1,17,5,4,21,9,8,12,20,16,24,11,15,10,14],[17,13,21,5,9,1,4,8,12,20,16,24,15],[9,13,5,17,1,4,21,8,12,20,16,24,15],[17,13,1,9,5,4,21,8,12,20,16,24,15],[13,21,5,17,9,1,8,4,12,20,16,24,15],[13,9,5,17,21,1,8,4,12,20,16,24,15],[9,17,1,5,4,13,21,8,12,20,16,24,11,15,14,10],[1,9,13,5,8,17,21,4,12,20,16,24,11,15,10,14],[21,5,17,13,9,4,8,12,20,16,1,24,15],[5,1,4,17,13,9,21,8,12,20,16,24,15],[21,9,1,5,8,13,17,4,12,20,16,24,15],[9,21,13,17,1,5,4,8,12,20,16,24,15],[21,9,17,5,13,1,4,8,12,20,16,24,15],[13,9,17,21,5,1,4,8,12,20,16,24,15],[5,21,20,1,4,9,13,17,8,12,16,24,11,15,14,10],[13,1,17,21,5,4,12,9,8,20,16,24,15],[17,21,13,1,9,5,4,8,12,20,16,24,15],[1,17,5,8,13,21,9,4,12,20,16,24,15],[17,1,21,5,4,13,9,8,12,20,16,24,15],[1,21,17,5,4,13,9,8,12,20,16,24,15],[13,17,21,5,1,4,9,8,12,20,16,24,11,15,10,14],[13,17,21,5,1,4,9,8,12,20,16,24,15],[9,5,13,21,17,1,4,8,12,20,16,24,11,15,14,10],[17,21,1,13,9,5,4,8,12,20,16,24,15],[1,13,17,21,9,5,8,4,12,20,16,24,11,15,14,10],[5,1,8,13,21,17,9,4,12,20,16,24,15],[9,1,13,21,17,5,4,8,12,20,16,24,11,15,14,10],[9,5,13,21,1,4,17,8,12,20,16,24,15],[21,17,5,1,8,9,13,4,12,20,16,24,15],[13,17,21,5,4,9,12,8,20,16,1,24,11,15,10,14],[9,17,13,5,21,1,4,8,12,20,16,24,15],[17,1,13,21,5,8,9,4,12,20,16,24,15],[13,1,17,21,9,5,4,8,12,20,16,24,11,15,10,14],[9,1,17,13,5,8,21,4,12,20,16,24,11,15,14,10],[17,1,9,13,21,5,4,8,12,20,16,24,15],[1,9,5,4,17,21,13,8,12,20,16,24,11,15,14,10],[17,1,21,5,4,13,9,8,12,20,16,24,15],[13,9,17,21,5,1,8,4,12,20,16,24,15],[13,17,1,9,5,4,21,8,12,20,16,24,11,15,14,10],[1,5,4,21,17,13,9,8,12,20,16,24,15],[21,1,13,5,8,9,17,4,12,20,16,24,15],[13,1,17,9,5,4,21,8,12,20,16,24,15],[17,21,13,9,5,1,8,4,12,20,16,24,15],[17,13,21,1,5,8,9,4,12,20,16,24,11,15,14,10],[13,1,5,8,9,21,17,4,12,20,16,24,15],[5,13,1,8,17,9,21,4,12,20,16,24,11,15,14,10],[13,21,17,1,9,5,4,8,12,20,16,24,11,15,10,14],[1,5,4,17,13,9,21,8,12,20,16,24,11,15,14,10],[13,21,5,9,17,1,4,8,12,20,16,24,15],[21,1,13,17,9,5,8,4,12,20,16,24,11,15,10,14],[21,17,1,13,5,4,9,8,12,20,16,24,11,15,10,14],[13,5,1,8,9,17,21,4,12,20,16,24,11,15,14,10],[21,13,1,9,17,5,4,8,12,20,16,24,11,15,10,14],[17,9,13,5,21,1,8,4,12,20,16,24,15],[21,17,13,5,12,1,4,9,8,20,16,24,15],[9,17,1,5,4,21,13,8,12,20,16,24,11,15,10,14],[13,17,5,9,1,4,21,8,12,20,16,24,15],[17,9,21,5,16,13,8,1,4,12,20,24,15],[1,5,8,17,13,21,9,4,12,20,16,24,15],[17,5,13,9,21,1,8,4,12,20,16,24,15],[5,13,9,21,1,8,17,4,12,20,16,24,15],[1,5,8,21,17,13,9,4,12,20,16,24,15],[9,17,21,5,1,8,13,4,12,20,16,24,11,15,10,14],[13,5,9,17,21,1,8,4,12,20,16,24,11,15,14,10],[17,1,5,8,13,9,21,4,12,20,16,24,15],[21,13,17,5,9,1,4,8,12,20,16,24,11,15,14,10],[13,1,17,9,5,4,21,8,12,20,16,24,15],[17,21,9,5,1,4,13,8,12,20,16,24,15],[17,13,21,1,5,8,9,4,12,20,16,24,15],[21,9,5,16,13,8,1,4,17,12,20,24,11,15,10,14],[5,13,21,1,8,9,17,4,12,20,16,24,11,15,10,14],[9,5,17,1,8,21,13,4,12,20,16,24,15],[5,9,17,13,1,8,21,4,12,20,16,24,15],[21,17,5,12,13,1,4,9,8,20,16,24,15],[21,17,1,5,4,13,9,8,12,20,16,24,15],[1,9,21,13,17,5,4,8,12,20,16,24,11,15,10,14],[17,5,1,4,13,9,24,8,12,20,16,11,15,10,14],[1,21,17,13,9,5,4,8,12,20,16,24,11,15,14,10],[1,17,21,13,5,4,9,8,12,20,16,24,11,15,14,10],[17,1,5,8,9,13,21,4,12,20,16,24,15],[1,21,5,4,13,17,9,8,12,20,16,24,11,15,10,14],[17,5,21,9,13,1,8,4,12,20,16,24,11,15,10,14],[13,17,9,5,21,1,8,4,12,20,16,24,15],[21,5,9,13,17,1,8,4,12,20,16,24,11,15,14,10],[1,13,5,8,17,21,9,4,12,20,16,24,15],[5,21,13,1,8,17,9,4,12,20,16,24,15],[1,21,13,17,5,4,9,8,12,20,16,24,15],[21,17,13,1,5,4,9,8,12,20,16,24,15],[13,17,5,21,1,4,9,8,12,20,16,24,15],[13,5,4,9,21,17,12,8,20,16,24,1,11,15,14,10],[9,21,17,13,5,1,4,8,12,20,16,24,11,15,10,14],[13,5,12,1,8,9,4,17,21,20,16,24,15],[1,21,5,8,9,13,17,4,12,20,16,24,11,15,14,10],[13,1,17,9,21,5,4,8,12,20,16,24,11,15,14,10],[17,5,1,8,21,13,9,4,12,20,16,24,15],[5,13,12,1,4,17,21,9,8,20,16,24,11,15,10,14],[17,13,1,21,5,8,9,4,12,20,16,24,11,15,10,14],[5,9,17,1,8,21,13,4,12,20,16,24,15],[21,1,17,13,5,4,9,8,12,20,16,24,11,15,14,10],[9,17,13,5,1,8,21,4,12,20,16,24,11,15,10,14],[5,13,21,9,17,1,8,4,12,20,16,24,15],[21,9,5,1,8,13,17,4,12,20,16,24,15],[13,1,17,21,5,4,9,8,12,20,16,24,15],[5,17,21,12,13,1,8,9,4,20,16,24,11,15,10,14],[1,21,9,5,4,17,13,8,12,20,16,24,11,15,10,14],[13,17,9,5,21,1,4,8,12,20,16,24,15],[13,17,9,5,1,8,21,4,12,20,16,24,11,15,10,14],[1,21,5,8,9,17,13,4,12,20,16,24,15],[5,9,21,16,13,8,1,4,17,12,20,24,11,15,10,14],[1,17,5,8,9,13,21,4,12,20,16,24,15],[9,5,21,1,8,13,17,4,12,20,16,24,15],[9,17,13,1,5,8,21,4,12,20,16,24,11,15,10,14],[21,9,5,20,13,1,4,17,8,12,16,24,15],[1,9,5,4,21,17,13,8,12,20,16,24,11,15,14,10],[17,5,13,9,1,4,24,8,12,20,16,15],[9,13,17,5,21,1,4,8,12,20,16,24,11,15,14,10],[13,5,17,21,4,9,12,8,20,16,1,24,15],[17,13,1,21,9,5,4,8,12,20,16,24,15],[17,5,13,21,9,1,4,8,12,20,16,24,15],[13,17,1,9,21,5,4,8,12,20,16,24,15],[5,1,4,17,9,21,13,8,12,20,16,24,15],[17,9,21,5,13,1,4,8,12,20,16,24,15],[17,9,5,1,8,21,13,4,12,20,16,24,11,15,10,14],[17,5,13,21,1,8,9,4,12,20,16,24,15],[9,1,17,13,5,4,21,8,12,20,16,24,15],[5,1,4,17,16,13,8,21,9,12,20,24,15],[5,20,1,4,9,21,13,17,8,12,16,24,15],[1,9,17,21,13,5,4,8,12,20,16,24,11,15,14,10],[13,9,5,21,17,1,8,4,12,20,16,24,11,15,14,10],[1,13,5,8,17,21,9,4,12,20,16,24,15],[21,1,5,8,13,17,9,4,12,20,16,24,11,15,14,10],[1,13,9,5,4,24,17,8,12,20,16,15],[5,21,1,8,17,9,13,4,12,20,16,24,11,15,10,14],[17,13,21,9,1,5,4,8,12,20,16,24,15],[1,5,8,9,21,17,13,4,12,20,16,24,11,15,10,14],[1,13,9,5,4,17,21,8,12,20,16,24,15],[21,9,5,1,8,13,17,4,12,20,16,24,11,15,14,10],[21,9,5,17,1,8,13,4,12,20,16,24,11,15,10,14],[9,21,17,5,1,8,13,4,12,20,16,24,15],[13,5,24,1,8,9,17,4,12,20,16,11,15,14,10],[5,16,13,8,1,4,21,17,9,12,20,24,11,15,10,14],[5,1,4,17,9,13,21,8,12,20,16,24,11,15,14,10],[1,5,8,17,21,9,13,4,12,20,16,24,11,15,14,10],[9,21,1,13,5,4,20,17,8,12,16,24,15],[17,1,5,4,21,9,13,8,12,20,16,24,15],[5,13,1,4,9,17,21,8,12,20,16,24,15],[1,9,17,13,5,4,21,8,12,20,16,24,11,15,14,10],[21,17,9,5,16,13,8,1,4,12,20,24,15],[9,17,5,24,13,1,8,4,12,20,16,15],[1,13,21,5,8,17,9,4,12,20,16,24,11,15,10,14],[1,9,13,17,5,8,21,4,12,20,16,24,15],[21,5,1,8,17,13,9,4,12,20,16,24,15],[5,1,4,21,13,17,9,8,12,20,16,24,15],[5,17,13,21,9,1,4,8,12,20,16,24,15],[17,5,13,1,8,21,9,4,12,20,16,24,15],[17,5,21,9,13,1,4,8,12,20,16,24,15],[17,1,9,5,8,13,21,4,12,20,16,24,15],[17,1,13,21,9,5,8,4,12,20,16,24,11,15,14,10],[5,9,13,17,1,8,21,4,12,20,16,24,11,15,10,14],[5,21,13,17,1,4,9,8,12,20,16,24,11,15,10,14],[17,21,9,13,1,5,8,4,12,20,16,24,15],[9,13,5,20,1,8,21,17,4,12,16,24,15],[13,1,5,4,9,17,21,8,12,20,16,24,15],[9,21,17,1,5,8,13,4,12,20,16,24,15],[21,13,17,1,9,5,4,8,12,20,16,24,11,15,10,14],[9,5,1,8,13,21,17,4,12,20,16,24,15],[1,9,21,5,8,17,13,4,12,20,16,24,11,15,10,14],[1,17,9,13,5,8,21,4,12,20,16,24,15],[17,1,5,8,21,9,13,4,12,20,16,24,11,15,14,10],[17,13,5,4,21,9,12,8,20,16,1,24,11,15,10,14],[13,9,21,17,5,1,8,4,12,20,16,24,11,15,14,10],[9,1,17,13,21,5,4,8,12,20,16,24,15],[9,17,5,1,8,13,21,4,12,20,16,24,11,15,14,10],[9,21,17,13,5,1,4,8,12,20,16,24,15],[5,1,4,17,9,13,21,8,12,20,16,24,11,15,14,10],[17,1,5,4,13,21,9,8,12,20,16,24,11,15,14,10],[1,9,21,13,17,5,4,8,12,20,16,24,11,15,10,14],[13,17,21,9,5,1,8,4,12,20,16,24,11,15,10,14],[1,13,17,9,5,8,21,4,12,20,16,24,15],[13,1,21,17,5,8,9,4,12,20,16,24,11,15,14,10],[5,9,1,8,21,13,17,4,12,20,16,24,15],[17,9,13,5,1,8,21,4,12,20,16,24,11,15,10,14],[1,5,8,17,21,13,9,4,12,20,16,24,15],[17,21,9,1,5,4,16,13,8,12,20,24,15],[21,1,9,5,8,17,13,4,12,20,16,24,15],[5,17,13,9,1,4,21,8,12,20,16,24,11,15,14,10],[21,9,13,17,1,5,4,8,12,20,16,24,15],[17,5,21,13,9,1,4,8,12,20,16,24,15],[1,9,17,21,13,5,8,4,12,20,16,24,15],[17,1,13,21,5,8,9,4,12,20,16,24,15],[17,21,1,9,5,4,13,8,12,20,16,24,11,15,10,14],[1,9,13,21,17,5,8,4,12,20,16,24,11,15,14,10],[1,13,9,21,5,4,17,8,12,20,16,24,11,15,14,10],[17,1,5,8,9,13,21,4,12,20,16,24,11,15,10,14],[13,5,17,1,4,12,21,9,8,20,16,24,15],[13,21,5,17,9,1,4,8,12,20,16,24,15],[17,21,9,1,13,5,4,8,12,20,16,24,15],[13,1,21,17,9,5,4,8,12,20,16,24,11,15,10,14],[1,17,5,4,16,13,8,9,21,12,20,24,11,15,14,10],[5,17,1,4,21,13,12,9,8,20,16,24,15],[17,21,13,5,1,4,9,8,12,20,16,24,15],[13,21,17,1,5,4,9,8,12,20,16,24,15],[21,5,17,13,9,1,8,4,12,20,16,24,11,15,10,14],[17,21,9,13,1,5,4,8,12,20,16,24,15],[21,13,17,9,5,1,8,4,12,20,16,24,15],[1,9,21,5,8,17,13,4,12,20,16,24,11,15,14,10],[13,17,9,5,1,4,21,8,12,20,16,24,11,15,14,10],[1,13,5,8,9,21,17,4,12,20,16,24,15],[1,17,5,4,13,21,9,8,12,20,16,24,11,15,10,14],[5,17,9,1,4,13,21,8,12,20,16,24,11,15,10,14],[21,13,5,17,1,8,9,4,12,20,16,24,11,15,10,14],[1,9,5,8,13,21,17,4,12,20,16,24,11,15,14,10],[21,1,17,13,5,8,9,4,12,20,16,24,11,15,10,14],[5,12,13,21,1,8,9,4,17,20,16,24,15],[13,1,5,8,17,9,21,4,12,20,16,24,11,15,10,14],[17,13,5,9,1,8,21,4,12,20,16,24,15],[5,12,1,4,17,21,13,9,8,20,16,24,15],[17,5,9,21,13,1,4,8,12,20,16,24,11,15,10,14],[5,21,13,9,1,8,17,4,12,20,16,24,11,15,14,10],[5,9,21,13,1,8,17,4,12,20,16,24,11,15,10,14],[13,21,5,1,4,17,12,9,8,20,16,24,11,15,14,10],[21,9,5,20,1,4,13,17,8,12,16,24,15],[1,17,5,8,13,9,21,4,12,20,16,24,15],[5,13,1,4,9,21,17,8,12,20,16,24,15],[17,1,13,9,5,4,21,8,12,20,16,24,15],[17,1,13,5,4,9,21,8,12,20,16,24,15],[5,13,17,1,4,9,21,8,12,20,16,24,11,15,14,10],[21,5,17,9,1,8,13,4,12,20,16,24,15],[21,9,5,1,4,17,13,8,12,20,16,24,15],[5,20,1,8,9,13,21,17,4,12,16,24,11,15,14,10],[5,1,4,21,13,17,9,8,12,20,16,24,15],[21,1,9,5,8,17,13,4,12,20,16,24,11,15,10,14],[21,5,9,17,13,1,8,4,12,20,16,24,11,15,14,10],[9,21,13,17,1,5,8,4,12,20,16,24,15],[17,9,5,21,13,1,8,4,12,20,16,24,11,15,14,10],[9,21,5,4,17,16,13,8,12,20,1,24,11,15,10,14],[9,21,5,17,1,8,13,4,12,20,16,24,15],[17,13,9,1,5,8,21,4,12,20,16,24,11,15,10,14],[5,1,8,13,21,9,17,4,12,20,16,24,11,15,14,10],[9,1,5,4,17,21,13,8,12,20,16,24,15],[21,1,5,8,9,13,17,4,12,20,16,24,15],[13,5,9,1,8,17,21,4,12,20,16,24,15],[1,21,5,8,13,17,9,4,12,20,16,24,15],[1,17,9,13,5,4,21,8,12,20,16,24,11,15,14,10],[13,21,1,17,5,8,9,4,12,20,16,24,15],[21,13,5,9,1,4,17,8,12,20,16,24,11,15,14,10],[13,9,1,17,5,8,21,4,12,20,16,24,11,15,10,14],[9,17,1,13,5,8,21,4,12,20,16,24,15],[21,17,5,9,13,1,8,4,12,20,16,24,15],[13,21,9,1,17,5,8,4,12,20,16,24,11,15,14,10],[13,21,5,17,9,1,8,4,12,20,16,24,11,15,10,14],[9,13,1,17,21,5,4,8,12,20,16,24,11,15,10,14],[9,1,5,4,17,13,21,8,12,20,16,24,11,15,10,14],[21,5,13,1,4,9,17,8,12,20,16,24,15],[5,9,17,13,21,1,8,4,12,20,16,24,15],[13,9,17,1,5,4,21,8,12,20,16,24,11,15,14,10],[1,9,13,17,5,4,21,8,12,20,16,24,11,15,14,10],[5,21,9,13,17,1,8,4,12,20,16,24,15],[13,5,1,8,9,21,17,4,12,20,16,24,11,15,14,10],[1,13,17,21,5,8,9,4,12,20,16,24,11,15,14,10],[1,9,5,8,21,13,17,4,12,20,16,24,15],[21,9,13,17,1,5,4,8,12,20,16,24,11,15,10,14],[13,17,5,21,1,8,9,4,12,20,16,24,11,15,14,10],[9,21,17,5,13,1,4,8,12,20,16,24,15],[13,5,9,21,1,8,17,4,12,20,16,24,15],[9,5,13,17,1,8,21,4,12,20,16,24,15],[5,17,21,1,8,13,9,4,12,20,16,24,11,15,10,14],[13,21,17,1,5,8,9,4,12,20,16,24,15],[5,9,21,17,1,8,13,4,12,20,16,24,15],[9,1,17,13,21,5,8,4,12,20,16,24,11,15,14,10],[13,5,9,24,17,1,4,8,12,20,16,15],[9,1,17,13,5,8,21,4,12,20,16,24,15],[1,21,9,13,5,8,17,4,12,20,16,24,15],[21,5,17,13,9,1,8,4,12,20,16,24,11,15,14,10],[17,5,1,8,21,9,13,4,12,20,16,24,11,15,10,14],[5,13,9,1,8,17,21,4,12,20,16,24,15],[13,21,1,9,17,5,8,4,12,20,16,24,15],[13,1,21,5,4,9,17,8,12,20,16,24,15],[1,21,9,5,8,13,17,4,12,20,16,24,15],[17,9,5,4,13,21,12,8,20,16,24,1,15],[9,13,17,21,1,5,4,8,12,20,16,24,11,15,14,10],[1,5,8,21,17,13,9,4,12,20,16,24,15],[21,13,1,5,4,17,9,8,12,20,16,24,15],[17,9,1,5,8,21,13,4,12,20,16,24,15],[9,17,5,21,13,1,4,8,12,20,16,24,15],[5,1,8,13,21,17,9,4,12,20,16,24,11,15,10,14],[21,1,13,9,5,4,17,8,12,20,16,24,11,15,10,14],[1,9,5,8,13,21,17,4,12,20,16,24,15],[9,13,21,1,5,8,17,4,12,20,16,24,11,15,10,14],[13,17,9,21,1,5,8,4,12,20,16,24,11,15,14,10],[9,17,21,1,13,5,8,4,12,20,16,24,11,15,14,10],[5,21,1,4,13,9,17,8,12,20,16,24,15],[5,21,1,4,17,13,9,8,12,20,16,24,11,15,14,10],[5,1,4,21,13,17,9,8,12,20,16,24,15],[9,21,1,5,8,13,17,4,12,20,16,24,15],[21,17,9,1,5,4,16,13,8,12,20,24,15],[9,21,1,13,5,4,17,8,12,20,16,24,11,15,10,14],[21,5,9,17,1,8,13,4,12,20,16,24,11,15,14,10],[13,1,17,5,4,21,9,8,12,20,16,24,11,15,10,14],[17,1,21,9,13,5,4,8,12,20,16,24,11,15,14,10],[13,17,21,9,5,1,4,8,12,20,16,24,11,15,14,10],[5,21,9,13,17,1,8,4,12,20,16,24,15],[9,1,13,5,4,21,17,8,12,20,16,24,11,15,10,14],[17,21,1,5,8,9,13,4,12,20,16,24,11,15,14,10],[13,9,1,21,5,8,17,4,12,20,16,24,15],[1,5,4,17,21,13,9,8,12,20,16,24,15],[13,21,17,1,5,8,9,4,12,20,16,24,15],[21,13,9,17,1,5,4,8,12,20,16,24,11,15,14,10],[1,9,17,21,13,5,4,8,12,20,16,24,11,15,10,14],[13,17,21,5,1,8,9,4,12,20,16,24,11,15,14,10],[21,17,1,5,8,9,13,4,12,20,16,24,11,15,14,10],[5,16,13,8,9,21,17,1,4,12,20,24,11,15,14,10],[9,1,17,13,21,5,4,8,12,20,16,24,11,15,14,10],[17,13,5,9,21,1,4,8,12,20,16,24,15],[5,9,1,8,13,17,21,4,12,20,16,24,15],[17,9,1,5,8,21,13,4,12,20,16,24,15],[21,13,5,9,17,1,4,8,12,20,16,24,11,15,14,10],[1,13,5,8,9,21,17,4,12,20,16,24,15],[13,21,9,5,17,1,4,8,12,20,16,24,15],[1,13,9,17,21,5,8,4,12,20,16,24,15],[9,21,5,17,13,1,8,4,12,20,16,24,15],[13,21,5,9,17,1,8,4,12,20,16,24,11,15,14,10],[13,17,9,21,5,1,4,8,12,20,16,24,11,15,10,14],[5,13,21,17,9,1,4,8,12,20,16,24,11,15,10,14],[5,21,9,1,4,17,13,8,12,20,16,24,15],[1,21,13,9,17,5,8,4,12,20,16,24,15],[9,1,21,17,5,4,16,13,8,12,20,24,11,15,10,14],[13,21,1,5,4,9,17,8,12,20,16,24,15],[13,1,5,8,9,17,21,4,12,20,16,24,11,15,14,10],[13,17,9,21,1,5,4,8,12,20,16,24,15],[1,21,9,17,13,5,4,8,12,20,16,24,11,15,10,14],[13,21,5,9,17,1,8,4,12,20,16,24,15],[9,21,1,17,13,5,8,4,12,20,16,24,11,15,10,14],[5,17,21,13,9,1,8,4,12,20,16,24,15],[9,21,1,17,5,8,13,4,12,20,16,24,15],[9,1,13,5,8,21,17,4,12,20,16,24,15],[9,5,13,4,21,17,12,8,20,16,24,1,11,15,10,14],[1,5,8,17,21,9,13,4,12,20,16,24,11,15,10,14],[13,5,9,1,4,21,17,8,12,20,16,24,11,15,14,10],[9,5,13,1,4,17,21,8,12,20,16,24,11,15,14,10],[9,13,21,1,5,4,17,8,12,20,16,24,11,15,10,14],[1,5,8,9,17,13,21,4,12,20,16,24,11,15,10,14],[13,1,21,5,8,9,17,4,12,20,16,24,11,15,10,14],[5,21,17,9,13,1,4,8,12,20,16,24,11,15,14,10],[9,21,17,5,1,8,13,4,12,20,16,24,15],[5,17,13,21,9,1,8,4,12,20,16,24,11,15,14,10],[1,13,17,21,5,4,9,8,12,20,16,24,15],[21,5,17,9,1,8,13,4,12,20,16,24,11,15,14,10],[13,17,5,9,21,4,12,8,20,16,1,24,15],[21,9,1,5,4,17,13,8,12,20,16,24,15],[5,21,1,4,17,13,9,8,12,20,16,24,11,15,14,10],[17,21,9,5,13,1,8,4,12,20,16,24,11,15,10,14],[17,5,13,21,9,1,8,4,12,20,16,24,11,15,10,14],[13,21,1,17,9,5,4,8,12,20,16,24,15],[1,21,13,17,5,4,9,8,12,20,16,24,15],[1,13,5,4,9,17,21,8,12,20,16,24,11,15,14,10],[17,5,9,1,8,21,13,4,12,20,16,24,15],[9,21,13,5,17,1,8,4,12,20,16,24,15],[17,21,13,1,5,4,9,8,12,20,16,24,15],[17,13,9,5,21,1,4,8,12,20,16,24,15],[9,1,13,17,5,4,21,8,12,20,16,24,15],[13,5,17,4,9,21,8,12,20,16,24,1,15],[21,5,9,1,4,17,13,8,12,20,16,24,15],[5,13,9,4,17,21,12,8,20,16,24,1,15],[13,5,1,4,21,9,17,8,12,20,16,24,15],[1,17,13,9,21,5,8,4,12,20,16,24,11,15,14,10],[5,1,8,21,17,9,13,4,12,20,16,24,11,15,14,10],[1,17,9,5,8,21,13,4,12,20,16,24,15],[1,21,13,17,9,5,8,4,12,20,16,24,11,15,10,14],[17,9,1,5,4,21,13,8,12,20,16,24,11,15,14,10],[13,17,21,9,1,5,8,4,12,20,16,24,11,15,14,10],[1,17,5,4,13,21,9,8,12,20,16,24,15],[21,13,5,9,17,1,4,8,12,20,16,24,11,15,14,10],[1,17,21,5,8,13,9,4,12,20,16,24,11,15,14,10],[17,13,5,21,1,8,9,4,12,20,16,24,11,15,10,14],[1,13,5,8,17,9,21,4,12,20,16,24,11,15,10,14],[1,17,13,21,5,4,9,8,12,20,16,24,11,15,10,14],[17,5,4,9,21,13,12,8,20,16,1,24,11,15,10,14],[21,17,13,5,1,4,9,8,12,20,16,24,15],[17,9,5,1,4,21,13,8,12,20,16,24,15],[13,17,5,9,21,1,4,8,12,20,16,24,15],[17,5,13,21,1,4,9,8,12,20,16,24,11,15,14,10],[13,21,5,9,1,4,17,8,12,20,16,24,15],[17,21,13,1,9,5,4,8,12,20,16,24,11,15,14,10],[9,21,5,13,17,1,8,4,12,20,16,24,15],[1,5,4,20,9,21,13,17,8,12,16,24,11,15,14,10],[5,21,1,8,9,17,13,4,12,20,16,24,11,15,10,14],[5,17,9,13,1,4,21,8,12,20,16,24,15],[1,13,5,8,21,17,9,4,12,20,16,24,15],[21,9,5,17,1,8,13,4,12,20,16,24,11,15,10,14],[5,17,1,4,9,21,13,8,12,20,16,24,11,15,10,14],[13,5,1,8,17,9,21,4,12,20,16,24,15],[5,21,1,8,13,9,17,4,12,20,16,24,11,15,14,10],[1,9,17,21,5,4,13,8,12,20,16,24,11,15,14,10],[5,9,17,13,1,8,21,4,12,20,16,24,15],[1,21,17,13,5,4,9,8,12,20,16,24,15],[9,21,17,5,1,4,13,8,12,20,16,24,11,15,14,10],[13,5,21,17,1,8,9,4,12,20,16,24,15],[9,13,17,21,1,5,4,8,12,20,16,24,15],[1,13,9,17,21,5,4,8,12,20,16,24,11,15,14,10],[17,9,21,13,5,1,4,8,12,20,16,24,15],[1,9,5,8,21,13,17,4,12,20,16,24,15],[5,13,17,21,9,4,12,8,20,16,1,24,11,15,14,10],[17,1,5,4,24,9,13,8,12,20,16,15],[13,5,24,9,1,8,17,4,12,20,16,15],[5,17,1,4,9,13,21,8,12,20,16,24,11,15,10,14],[9,5,17,21,1,8,13,4,12,20,16,24,11,15,10,14],[9,17,13,21,5,1,8,4,12,20,16,24,15],[13,17,1,5,8,9,21,4,12,20,16,24,11,15,14,10],[5,13,21,9,17,1,8,4,12,20,16,24,11,15,10,14],[13,21,5,9,17,1,8,4,12,20,16,24,15],[21,1,13,5,4,9,17,8,12,20,16,24,15],[21,5,13,1,8,17,9,4,12,20,16,24,11,15,10,14],[1,5,8,9,13,17,21,4,12,20,16,24,11,15,10,14],[9,1,17,13,21,5,8,4,12,20,16,24,11,15,10,14],[13,9,17,1,5,8,21,4,12,20,16,24,15],[21,5,17,13,12,1,8,9,4,20,16,24,15],[1,21,5,4,13,17,12,9,8,20,16,24,15],[13,21,5,17,9,1,4,8,12,20,16,24,15],[5,9,20,1,8,21,13,17,4,12,16,24,11,15,10,14],[17,5,21,13,1,8,9,4,12,20,16,24,15],[17,5,9,16,13,8,1,4,21,12,20,24,11,15,14,10],[9,5,21,1,4,13,17,8,12,20,16,24,11,15,14,10],[21,17,9,5,1,8,13,4,12,20,16,24,15],[21,1,9,13,17,5,8,4,12,20,16,24,11,15,14,10],[1,9,13,21,17,5,4,8,12,20,16,24,11,15,14,10],[21,5,16,13,8,9,17,1,4,12,20,24,15],[5,9,1,8,13,17,21,4,12,20,16,24,15],[13,9,17,1,5,4,21,8,12,20,16,24,11,15,14,10],[5,9,17,1,8,21,13,4,12,20,16,24,11,15,10,14],[5,9,1,4,21,13,17,8,12,20,16,24,15],[17,21,1,13,5,8,9,4,12,20,16,24,15],[9,17,5,24,16,13,8,1,4,12,20,15],[1,5,4,13,9,17,21,8,12,20,16,24,15],[1,9,5,8,17,13,21,4,12,20,16,24,11,15,10,14],[5,13,21,17,12,1,8,9,4,20,16,24,11,15,14,10],[9,21,17,13,5,1,4,8,12,20,16,24,11,15,10,14],[9,17,13,21,1,5,8,4,12,20,16,24,11,15,10,14],[9,21,13,1,5,4,17,8,12,20,16,24,11,15,14,10],[13,5,17,21,9,1,8,4,12,20,16,24,11,15,10,14],[17,21,13,1,9,5,4,8,12,20,16,24,15],[9,1,21,17,13,5,8,4,12,20,16,24,15],[5,1,8,21,13,9,17,4,12,20,16,24,11,15,10,14],[5,17,13,1,8,21,9,4,12,20,16,24,11,15,14,10],[1,5,4,17,9,13,21,8,12,20,16,24,11,15,14,10],[21,9,13,5,17,1,4,8,12,20,16,24,11,15,10,14],[1,13,9,5,4,21,17,8,12,20,16,24,15],[17,13,5,1,4,9,24,8,12,20,16,15],[13,21,5,17,1,8,9,4,12,20,16,24,15],[13,5,9,17,1,4,21,8,12,20,16,24,15],[21,9,17,13,1,5,4,8,12,20,16,24,11,15,10,14],[21,9,17,1,5,8,13,4,12,20,16,24,15],[17,13,9,21,1,5,8,4,12,20,16,24,15],[1,9,21,17,5,8,13,4,12,20,16,24,15],[17,1,9,5,4,21,13,8,12,20,16,24,15],[17,1,13,21,5,8,9,4,12,20,16,24,15],[21,9,17,13,5,1,4,8,12,20,16,24,11,15,14,10],[17,21,9,5,13,1,8,4,12,20,16,24,15],[5,13,17,9,21,1,4,8,12,20,16,24,15],[13,9,21,5,17,1,4,8,12,20,16,24,15],[21,17,9,13,1,5,4,8,12,20,16,24,11,15,10,14],[13,9,17,5,4,21,8,12,20,16,24,1,11,15,14,10],[17,21,5,13,4,9,8,12,20,16,1,24,11,15,10,14],[1,17,9,13,5,8,21,4,12,20,16,24,15],[1,5,8,13,21,9,17,4,12,20,16,24,15],[9,13,17,21,5,1,8,4,12,20,16,24,11,15,14,10],[21,5,17,9,1,8,13,4,12,20,16,24,11,15,14,10],[13,1,9,5,8,17,21,4,12,20,16,24,11,15,14,10],[1,9,5,4,17,13,24,8,12,20,16,15],[9,1,13,17,5,8,21,4,12,20,16,24,11,15,14,10],[21,1,17,9,5,4,16,13,8,12,20,24,11,15,10,14],[21,13,1,9,17,5,8,4,12,20,16,24,15],[9,17,5,1,8,13,21,4,12,20,16,24,15],[21,17,9,5,13,1,8,4,12,20,16,24,15],[5,21,1,4,13,9,17,8,12,20,16,24,15],[13,1,5,8,21,9,17,4,12,20,16,24,15],[17,21,1,13,9,5,8,4,12,20,16,24,11,15,10,14],[1,21,9,13,17,5,4,8,12,20,16,24,15],[5,12,13,21,17,1,4,9,8,20,16,24,11,15,10,14],[5,24,9,17,13,1,8,4,12,20,16,15],[13,21,5,1,8,9,17,4,12,20,16,24,11,15,10,14],[1,13,17,21,5,4,9,8,12,20,16,24,15],[1,17,13,5,4,21,9,8,12,20,16,24,15],[13,5,1,8,21,9,17,4,12,20,16,24,15],[1,9,17,5,4,21,13,8,12,20,16,24,15],[21,1,17,9,5,4,16,13,8,12,20,24,11,15,10,14],[1,9,21,5,4,17,13,8,12,20,16,24,11,15,10,14],[21,5,9,4,16,13,8,17,12,20,1,24,11,15,14,10],[17,13,5,9,1,8,21,4,12,20,16,24,15],[21,13,17