{"problem_id":"p8WIM5sryNbTDOp","sigma":150,"alpha":0.316,"cost":1,"probabilities":"[0.3000000000000001, 0.01, 0.6, 0.09]","payoff_matrix":"[[-192, 131, 68, 227, -51, -33], [107, -209, -249, -115, 287, 328], [-129, 191, -29, 10, -175, -13], [-117, -14, -337, 80, 3, 16]]","uncovered":[[19,23,3,7,11,15,13,5],[23,19,11,3,15,7,13,5],[3,11,15,7,19,23,5],[11,7,19,23,15,3,5],[3,7,19,23,15,11,5],[23,11,15,7,19,3],[19,11,15,3,7,23],[7,23,19,15,3,11,13,5],[15,23,7,11,3,19,8],[19,23,7,15,3,11,5],[19,7,3,11,15,23,13,5],[19,23,11,7,3,15,13,5],[15,11,3,7,23,19,13,5],[19,7,11,3,15,23,5],[23,15,7,19,11,3,13,5],[23,19,7,11,15,3,16,5],[11,15,19,23,7,3],[7,19,23,11,3,15],[7,19,3,15,23,11,13,5],[15,7,3,19,23,11],[23,11,19,3,15,7,13,5],[11,23,3,19,7,15,16,5],[11,7,23,19,3,15],[23,15,19,3,7,11,13,5],[19,23,7,3,11,15],[3,11,15,7,19,23,14,13,5],[7,15,19,3,23,11,14],[15,23,3,19,7,11,5],[7,15,3,23,11,19,6,13,5],[23,11,3,7,19,15,5],[11,19,3,15,23,7,5],[7,15,3,11,23,19],[23,7,19,3,11,15,13,5],[11,19,7,15,3,23],[3,23,15,11,7,19,5],[19,7,23,11,3,15,5],[3,7,23,19,11,15,5],[11,3,7,19,23,15,5],[23,7,15,19,11,3],[15,7,19,23,11,3,13,5],[11,15,7,19,23,3],[19,15,11,3,7,23,13,5],[11,7,15,3,23,19],[7,15,3,11,23,19,13,5],[23,3,7,19,11,15],[15,7,23,3,11,19,13,5],[7,15,3,23,11,19],[19,7,15,11,23,3,5],[3,23,15,7,19,11,13,5],[7,23,3,19,11,15,5],[7,19,23,3,11,15],[7,3,23,15,11,19],[19,3,15,23,7,11,5],[23,3,19,11,15,7,13,5],[23,15,19,7,3,11],[15,3,7,19,23,11,16,5],[23,11,19,7,3,15],[11,7,19,23,3,15,13,5],[7,23,3,11,19,15,5],[19,11,7,23,3,15,5],[11,7,15,19,23,3,13,5],[23,11,3,7,15,19],[11,3,7,15,19,23,5],[7,19,15,11,3,23,5],[3,11,19,7,23,15],[3,15,7,11,19,23,5],[11,3,19,15,7,23,5],[19,3,11,23,7,15],[3,7,19,11,15,23,13,5],[15,23,7,19,11,3,13,5],[11,3,23,7,19,15,5],[19,23,3,11,15,7],[19,3,7,23,11,15,13,5],[15,11,23,3,7,19],[11,7,19,3,15,23],[7,3,15,11,23,19,5],[7,19,15,23,11,3],[19,3,7,23,15,11,5],[3,23,7,19,15,11,5],[7,15,23,3,11,19,5],[11,15,19,23,3,7,5],[15,23,11,7,19,3,13,5],[3,7,23,11,15,19,13,5],[15,3,23,7,11,19],[15,7,19,3,11,23,13,5],[7,23,19,11,15,3,5],[3,23,7,19,11,15],[15,19,11,23,3,7,13,5],[3,11,7,15,19,23,13,5],[23,11,3,15,19,7,5],[19,23,15,3,11,7,13,5],[11,3,7,23,15,19,13,5],[7,15,23,3,11,19],[3,11,19,15,7,23,14,16,5],[19,3,11,23,15,7],[15,11,3,23,7,19,13,5],[19,23,7,3,15,11,13,5],[7,11,3,15,19,23,5],[15,23,3,11,7,19,13,5],[15,19,11,23,7,3,13,5],[19,7,11,15,23,3,13,5],[11,7,3,19,23,15,5],[7,3,15,11,19,23],[19,23,11,15,3,7],[11,23,3,19,15,7],[15,19,11,7,3,23,5],[15,23,7,19,3,11,5],[23,15,11,19,3,7,13,5],[11,3,7,15,19,23,13,5],[15,19,7,3,11,23,5],[11,15,23,3,19,7],[23,15,19,11,7,3,13,5],[15,23,19,3,7,11],[15,7,19,3,11,23,5],[11,23,7,15,19,3,5],[15,19,3,7,11,23,5],[19,7,23,15,3,11,13,5],[23,15,7,11,19,3],[3,11,23,15,19,7,6,13,5],[3,15,11,7,19,23],[19,7,3,23,15,11,5],[23,19,11,3,7,15,5],[3,19,23,11,15,7],[23,15,3,11,19,7],[11,7,3,23,19,15,5],[3,11,7,15,19,23],[15,23,11,7,19,3,5],[23,19,11,7,15,3,5],[11,7,23,3,15,19],[15,7,19,3,23,11,5],[23,15,19,7,3,11,5],[23,3,19,11,7,15,13,5],[23,11,7,3,19,15,13,5],[7,19,11,23,3,15,5],[19,7,3,15,23,11],[7,23,3,19,15,11,5],[11,7,19,3,15,23,13,5],[11,15,3,7,19,23,6,13,5],[15,19,23,11,3,7,13,5],[3,15,19,7,11,23,5],[15,23,19,3,7,11,6,13,5],[19,11,7,23,15,3,13,5],[15,23,7,19,11,3,13,5],[7,15,23,11,19,3,5],[3,11,23,15,19,7,5],[7,3,15,23,19,11,14],[23,7,15,19,11,3],[15,23,3,7,11,19,13,5],[15,7,11,19,23,3],[7,15,19,11,3,23,5],[23,15,7,3,19,11,13,5],[19,7,23,11,3,15,5],[23,19,7,15,3,11],[19,15,11,7,23,3,13,5],[7,11,3,19,15,23,16,5],[7,3,23,19,15,11,13,5],[19,15,23,11,7,3,5],[3,19,23,15,7,11,8],[7,11,23,15,19,3,13,5],[3,7,11,15,23,19,5],[19,7,15,3,23,11],[23,19,3,11,7,15,5],[19,3,23,7,11,15,5],[11,23,3,19,7,15],[15,11,19,7,23,3,13,5],[23,15,11,7,19,3],[7,11,23,15,3,19,13,5],[23,3,19,7,15,11,5],[23,7,3,19,11,15],[23,3,15,11,19,7],[23,15,11,3,7,19,5],[15,23,11,7,19,3],[23,15,19,3,11,7],[11,19,23,15,3,7,14],[15,19,23,3,11,7,13,5],[23,15,7,3,11,19,13,5],[19,23,15,3,7,11,14],[23,7,11,15,19,3],[15,23,11,3,19,7,8],[7,15,11,19,23,3],[23,7,11,3,19,15,13,5],[7,19,3,15,23,11,5],[15,3,7,23,19,11,13,5],[11,19,7,3,15,23,13,5],[19,7,3,23,15,11,13,5],[3,23,19,15,7,11,8],[7,15,3,23,19,11,13,5],[3,11,19,23,15,7,13,5],[11,19,23,3,7,15,5],[23,3,15,19,11,7,13,5],[11,23,3,19,15,7,8],[11,7,23,3,15,19,5],[23,7,19,3,11,15,5],[11,23,15,3,7,19,13,5],[7,23,19,15,3,11,6,5],[15,11,19,7,3,23],[19,15,7,23,11,3],[11,7,19,15,3,23,13,5],[23,19,15,11,7,3],[3,7,23,15,11,19,8],[19,11,3,15,7,23,16,5],[19,23,15,3,7,11,5],[11,23,15,3,19,7],[11,15,19,3,23,7,5],[11,15,3,19,23,7,13,5],[3,7,15,11,23,19],[3,15,7,23,11,19,5],[15,11,3,19,7,23,5],[19,15,7,3,23,11,13,5],[23,15,7,11,19,3,13,5],[19,11,3,7,15,23],[11,7,23,15,3,19],[3,15,7,19,23,11,5],[11,23,3,7,19,15],[15,19,7,11,23,3,5],[3,19,7,15,11,23,5],[15,11,7,19,23,3,13,5],[7,19,15,11,3,23],[19,7,3,11,15,23],[7,15,23,11,3,19,13,5],[15,3,7,11,19,23,13,5],[23,7,3,11,15,19,8],[7,19,11,3,15,23,8],[7,19,15,11,23,3],[23,15,19,11,7,3,5],[15,11,19,3,7,23,5],[11,7,3,23,19,15,13,5],[15,23,11,19,3,7],[23,19,15,11,7,3,6,5],[7,11,15,3,19,23,13,5],[3,7,19,15,23,11,13,5],[11,15,3,19,23,7,5],[15,3,23,19,7,11],[7,3,11,19,15,23],[3,15,23,11,19,7],[23,19,3,11,15,7,5],[15,11,7,19,3,23],[15,19,11,7,23,3],[3,11,19,15,23,7,16,5],[11,23,7,15,3,19,6,13,5],[19,15,3,11,23,7,13,5],[15,11,19,23,7,3],[11,3,7,15,19,23,13,5],[19,15,7,11,3,23,5],[23,15,3,11,19,7,13,5],[11,15,7,23,19,3,16,5],[11,15,23,3,7,19,16,5],[11,15,7,23,19,3,13,5],[11,3,15,7,23,19],[19,3,15,23,7,11,5],[3,23,15,19,11,7,5],[7,15,23,19,11,3,14],[19,3,11,7,15,23,13,5],[3,15,11,19,23,7,16,5],[11,15,3,19,7,23,13,5],[15,3,23,19,11,7,13,5],[11,7,3,23,19,15,13,5],[11,19,15,7,3,23,5],[3,19,15,11,7,23,13,5],[7,3,23,15,11,19],[11,19,3,15,23,7],[7,19,23,15,11,3],[7,15,23,19,3,11],[23,3,15,11,19,7],[7,23,11,3,19,15,13,5],[23,19,7,15,11,3,5],[3,19,23,15,11,7,14,5],[7,19,11,15,3,23],[19,15,3,11,7,23,5],[3,11,15,23,7,19,13,5],[19,11,23,3,7,15,8],[15,3,11,7,19,23,5],[3,7,11,23,19,15,13,5],[23,19,3,11,15,7,5],[7,23,3,11,15,19,5],[23,11,19,3,15,7,8],[11,3,7,19,23,15],[19,11,15,7,23,3,13,5],[7,19,3,15,23,11],[15,3,19,11,7,23,5],[3,7,19,15,11,23,5],[7,19,3,15,23,11,5],[3,7,19,23,15,11],[23,19,7,15,3,11],[7,23,15,3,19,11,13,5],[7,23,11,3,15,19,5],[19,7,23,15,11,3],[23,19,7,3,11,15,13,5],[7,11,15,3,19,23,6,13,5],[11,7,3,15,19,23,5],[23,3,19,7,11,15],[7,23,3,19,15,11,16,8,13,5],[23,15,3,19,7,11,5],[15,7,23,19,11,3],[15,7,3,19,11,23],[3,15,7,11,19,23,13,5],[23,3,19,15,7,11],[15,11,7,3,23,19,13,5],[19,15,11,3,7,23,5],[15,11,3,19,7,23],[19,11,23,3,7,15,16,5],[11,15,23,7,19,3,13,5],[19,23,7,11,15,3,5],[3,15,11,23,19,7,5],[7,11,15,19,23,3,13,5],[19,7,3,23,11,15,5],[3,15,7,19,23,11],[23,15,3,19,7,11,5],[15,19,11,23,3,7,5],[3,23,11,7,19,15,13,5],[23,3,19,7,11,15],[15,19,7,23,3,11,13,5],[3,7,15,19,23,11,13,5],[15,7,19,23,11,3,13,5],[23,15,7,3,19,11,5],[11,7,3,19,15,23],[19,3,15,7,11,23,13,5],[19,3,15,23,7,11,13,5],[7,15,3,11,23,19],[15,11,19,3,23,7,8],[11,19,3,15,7,23,13,5],[3,19,15,11,23,7,13,5],[7,19,15,11,23,3],[11,23,15,3,19,7,6,5],[15,7,11,19,3,23,8],[19,3,23,11,15,7,13,5],[3,7,23,19,15,11,13,5],[11,3,7,19,15,23,5],[11,3,7,15,19,23,13,5],[15,3,23,19,11,7],[7,23,3,11,19,15,5],[15,11,23,3,19,7,13,5],[19,7,15,3,11,23],[15,11,3,23,19,7],[23,15,7,3,11,19,13,5],[3,23,7,11,15,19,13,5],[3,23,7,15,11,19],[7,23,19,3,11,15,13,5],[7,19,3,15,11,23,13,5],[15,11,3,19,7,23,6,13,5],[15,3,19,7,11,23],[3,11,15,7,19,23],[19,7,3,15,23,11,5],[3,11,7,15,23,19,5],[23,19,3,15,11,7,13,5],[7,15,19,3,23,11,16,5],[7,3,11,15,23,19,5],[7,19,11,23,15,3],[11,7,15,19,3,23],[19,23,11,15,7,3,13,5],[7,3,15,19,23,11,5],[19,23,11,15,7,3,5],[3,11,7,15,19,23,5],[23,3,15,11,19,7,5],[19,15,11,3,23,7],[11,3,7,23,15,19],[11,15,23,3,19,7,13,5],[19,15,23,7,11,3],[15,3,23,7,11,19,5],[7,3,23,15,11,19,5],[3,11,19,23,7,15,5],[7,3,19,11,15,23],[23,7,3,19,15,11,5],[7,3,23,11,19,15],[3,19,11,7,15,23],[3,19,7,15,23,11,5],[23,19,7,11,15,3,13,5],[7,23,3,11,19,15,5],[3,7,23,19,15,11],[3,11,15,19,23,7,13,5],[7,15,11,3,23,19],[19,7,15,3,11,23],[11,15,23,7,3,19],[19,11,15,23,3,7],[19,7,23,3,15,11],[23,3,11,19,7,15,5],[15,3,7,19,23,11],[11,23,15,3,7,19,14],[19,11,15,7,23,3,14],[19,11,3,15,7,23,13,5],[15,3,7,11,19,23,13,5],[11,19,23,15,3,7],[3,7,11,15,19,23],[19,23,7,11,3,15,13,5],[11,15,7,19,23,3,13,5],[3,23,11,15,7,19,5],[3,19,7,23,11,15,5],[19,23,11,3,15,7],[23,11,15,3,19,7],[15,19,11,3,7,23,13,5],[7,3,19,11,23,15],[19,15,3,23,7,11,5],[7,15,19,3,11,23,13,5],[3,23,7,11,15,19,5],[7,23,3,15,19,11],[3,23,7,11,15,19],[7,3,19,15,23,11],[3,7,23,19,15,11,13,5],[19,15,3,23,7,11,13,5],[11,15,3,19,23,7],[7,15,11,3,19,23,13,5],[19,3,11,15,7,23,13,5],[7,19,11,3,15,23],[7,3,15,19,11,23,13,5],[15,23,11,19,7,3,5],[7,3,23,15,11,19],[19,11,15,23,3,7,13,5],[7,15,19,11,23,3],[15,19,11,23,7,3,5],[7,11,19,23,3,15,13,5],[11,3,15,7,23,19],[23,11,3,15,19,7,8],[3,19,7,11,23,15,5],[19,11,15,23,7,3,13,5],[15,7,3,19,23,11,13,5],[19,3,15,7,11,23,5],[19,23,15,11,7,3,13,5],[7,23,19,3,15,11,13,5],[3,7,23,19,15,11,13,5],[3,19,7,23,11,15,14,5],[19,7,15,23,3,11,6,13,5],[7,23,15,19,11,3],[3,23,15,11,19,7,5],[23,19,7,11,3,15,14],[3,23,7,15,19,11],[7,19,11,15,23,3],[3,7,23,19,15,11,13,5],[3,7,11,23,15,19,5],[3,7,19,11,23,15,8],[19,3,15,11,23,7,5],[19,15,11,7,23,3],[15,3,23,19,7,11,6,13,5],[3,19,23,15,7,11,13,5],[7,15,3,19,11,23,8],[15,11,7,3,23,19,13,5],[23,11,15,3,19,7],[3,7,19,11,23,15,13,5],[7,23,19,3,15,11,5],[15,19,23,7,3,11],[7,15,11,23,19,3,5],[7,19,11,23,15,3,13,5],[19,11,23,7,3,15,13,5],[7,11,19,15,23,3,14,16,5],[19,3,15,7,11,23,14],[11,15,19,3,7,23,13,5],[15,3,19,23,7,11,13,5],[3,11,19,7,23,15,16,5],[19,23,7,3,11,15,14],[19,11,23,7,15,3,13,5],[23,7,3,15,19,11],[23,11,15,19,7,3],[7,3,19,15,11,23],[11,23,3,7,15,19,13,5],[23,7,19,3,11,15],[7,15,11,23,19,3,5],[7,3,11,15,23,19,5],[3,15,23,19,11,7],[3,19,11,23,15,7,13,5],[7,3,19,23,11,15,5],[15,19,7,3,23,11],[7,15,19,11,23,3,13,5],[19,23,7,11,15,3,5],[7,19,15,23,11,3],[3,23,7,11,15,19,5],[11,15,7,3,23,19,13,5],[7,3,15,11,19,23,5],[19,15,11,7,3,23,13,5],[19,23,3,11,15,7,5],[15,19,7,3,11,23,13,5],[23,19,15,3,7,11,13,5],[11,15,3,19,23,7,13,5],[7,11,19,3,15,23,13,5],[3,23,19,15,7,11],[23,15,19,11,7,3,13,5],[11,15,19,23,3,7,13,5],[7,15,11,19,23,3,5],[11,3,7,23,15,19,16,5],[7,23,19,3,11,15],[11,23,3,15,7,19,14],[3,7,19,15,11,23],[11,23,15,7,19,3,5],[11,19,15,3,7,23,14],[11,19,15,3,23,7],[15,19,23,7,11,3,5],[15,11,3,23,19,7,13,5],[7,23,11,3,19,15,13,5],[23,7,3,15,19,11,14],[23,11,7,19,3,15,13,5],[7,3,11,15,23,19],[7,15,23,19,3,11,13,5],[7,23,3,15,11,19],[15,11,19,7,3,23],[11,3,7,19,23,15,13,5],[11,15,7,3,19,23,5],[11,7,19,23,15,3,5],[3,11,7,19,23,15],[11,3,7,19,23,15,13,5],[3,23,15,7,19,11],[7,3,15,19,11,23,13,5],[7,3,11,19,15,23],[23,15,7,19,11,3,13,5],[11,19,7,3,15,23],[11,3,19,7,15,23,13,5],[3,7,11,15,23,19],[3,15,11,19,7,23,13,5],[23,11,7,3,15,19],[3,23,11,19,7,15],[15,19,11,23,3,7,13,5],[23,3,11,19,15,7,14,5],[23,11,19,3,15,7,5],[23,15,3,7,19,11,13,5],[15,7,23,3,11,19,13,5],[23,19,3,11,7,15,5],[15,7,3,11,19,23],[7,15,11,23,19,3,13,5],[19,7,3,11,15,23],[11,3,7,15,23,19],[23,19,15,7,3,11,13,5],[7,19,23,15,3,11,13,5],[23,15,19,11,3,7,14],[7,11,15,23,3,19,5],[3,11,15,19,23,7,5],[15,19,11,3,23,7,13,5],[19,7,23,3,15,11],[19,7,23,15,3,11,5],[19,23,11,3,15,7,5],[11,3,23,15,19,7],[11,3,19,7,15,23],[15,3,7,11,19,23],[3,23,11,15,7,19,5],[3,23,11,7,19,15],[23,19,15,7,3,11,13,5],[3,11,7,23,19,15],[23,7,15,19,11,3,5],[23,15,3,11,19,7,13,5],[3,19,15,23,7,11,13,5],[15,7,3,11,23,19,8],[3,15,23,7,19,11],[11,15,7,19,3,23,5],[11,7,15,3,19,23,6,13,5],[11,19,15,7,23,3],[19,15,3,11,23,7,5],[3,7,23,19,11,15,5],[7,3,23,11,19,15,6,13,5],[15,23,3,11,7,19,5],[15,11,3,19,7,23],[7,11,15,23,3,19,5],[3,19,11,23,15,7,5],[3,7,11,19,23,15],[23,15,3,11,7,19,16,5],[3,7,23,19,11,15,5],[3,19,11,15,23,7,5],[15,7,23,3,11,19],[11,15,23,7,3,19,13,5],[7,15,23,19,11,3,5],[23,15,19,7,11,3,6,5],[19,7,3,15,23,11,13,5],[3,11,23,19,7,15],[7,19,15,11,3,23,5],[11,3,15,19,23,7,13,5],[3,19,23,11,15,7],[7,23,11,19,3,15,13,5],[15,23,3,7,11,19,5],[11,23,3,15,19,7,5],[3,19,7,11,23,15,13,5],[23,15,3,7,11,19,13,5],[19,15,23,7,11,3,14],[15,19,11,23,7,3,13,5],[15,19,11,3,23,7,5],[15,3,23,11,7,19,5],[23,11,7,15,19,3,5],[23,3,19,11,15,7],[23,19,11,15,7,3,13,5],[23,7,19,11,3,15],[15,19,3,7,23,11,13,5],[19,11,15,3,7,23,5],[7,15,3,19,23,11,14],[11,7,15,3,19,23],[15,19,11,7,23,3,5],[23,3,19,7,11,15,5],[7,19,15,23,11,3,8],[11,3,7,19,23,15,5],[19,15,23,3,11,7],[3,7,11,15,23,19,5],[7,19,23,3,11,15],[3,11,19,15,7,23,5],[7,15,3,19,11,23,13,5],[15,7,11,23,19,3,5],[19,3,15,11,23,7,13,5],[23,3,11,15,7,19,5],[3,23,19,11,7,15,5],[11,15,23,3,7,19,5],[3,19,23,11,15,7,8],[23,7,19,11,15,3,5],[11,7,15,23,3,19,13,5],[15,23,3,11,19,7],[3,11,15,19,23,7,13,5],[3,15,7,19,23,11,13,5],[11,23,7,3,19,15,6,13,5],[3,19,7,15,11,23,5],[23,11,3,15,19,7],[11,19,7,23,15,3,13,5],[7,3,11,23,15,19],[11,23,7,3,19,15,5],[19,3,11,7,23,15,5],[7,19,3,15,23,11,5],[7,3,15,23,19,11,14],[19,3,11,23,7,15,13,5],[23,3,15,19,7,11],[23,7,11,19,15,3,5],[3,19,23,11,15,7],[7,3,15,11,23,19,5],[11,23,7,3,19,15,5],[15,3,7,23,19,11,13,5],[3,7,23,15,19,11,16,5],[15,23,3,11,7,19,13,5],[23,3,15,19,7,11,13,5],[23,11,7,3,19,15],[7,3,23,11,15,19,5],[11,3,23,19,15,7,16,5],[19,3,11,23,7,15,13,5],[11,7,15,19,3,23,5],[23,15,7,11,3,19,5],[7,11,15,23,3,19,5],[11,7,19,23,15,3,13,5],[7,15,23,3,19,11,5],[11,19,15,23,3,7],[7,23,11,15,3,19],[19,3,11,15,23,7],[23,15,7,3,11,19,13,5],[23,7,11,19,15,3,14],[3,7,11,19,23,15],[19,11,7,15,23,3],[19,23,3,15,11,7],[7,15,11,19,23,3],[15,23,19,3,11,7,13,5],[15,3,23,11,7,19,13,5],[19,7,3,23,11,15,8],[3,11,7,19,23,15,5],[15,19,23,11,3,7,5],[7,23,11,3,19,15,5],[23,15,19,3,7,11],[15,11,19,3,23,7,13,5],[7,19,11,15,23,3],[15,11,7,3,23,19,5],[3,23,15,19,7,11,5],[7,23,3,11,15,19,13,5],[23,7,19,11,15,3,13,5],[11,3,19,23,15,7,5],[11,3,7,19,23,15,5],[11,15,7,3,23,19,5],[11,3,15,19,23,7],[19,23,3,11,15,7],[15,7,3,11,23,19],[3,15,23,11,7,19,13,5],[15,19,11,7,23,3],[3,11,15,7,23,19,13,5],[11,23,15,7,19,3,13,5],[11,23,19,7,3,15,13,5],[7,23,15,3,19,11,5],[15,3,23,7,11,19,5],[3,15,11,23,19,7,5],[11,15,19,23,7,3,13,5],[23,3,19,11,7,15,5],[11,3,15,23,7,19,14],[7,19,23,11,15,3,14],[23,11,7,15,3,19,13,5],[3,15,11,23,19,7],[23,3,11,7,15,19],[23,3,11,7,15,19,5],[3,19,23,7,15,11,16,5],[15,7,3,11,19,23,14],[15,11,23,7,19,3,13,5],[23,7,19,11,15,3,13,5],[7,3,23,15,11,19,5],[15,19,11,7,23,3,13,5],[15,23,19,11,3,7],[11,7,23,3,19,15,5],[11,19,15,7,23,3,5],[7,3,19,11,23,15],[15,23,3,19,7,11],[23,15,7,19,11,3],[11,15,7,23,3,19],[7,3,19,15,11,23,13,5],[11,23,7,15,3,19],[7,3,23,11,15,19,13,5],[15,11,19,23,3,7,13,5],[23,19,15,3,7,11,13,5],[15,23,7,11,3,19],[23,11,19,15,3,7],[11,23,15,3,19,7,13,5],[23,7,3,19,11,15],[11,7,3,15,19,23],[7,15,3,23,11,19,5],[11,7,3,15,23,19],[3,11,7,15,23,19,5],[23,19,11,7,3,15,13,5],[11,19,3,7,23,15,5],[11,7,15,3,23,19,13,5],[15,11,19,7,23,3,13,5],[23,7,11,15,3,19,5],[3,19,15,7,23,11,13,5],[3,23,19,15,11,7,5],[11,7,19,23,3,15],[3,11,7,15,19,23],[15,19,23,3,7,11,6,13,5],[15,7,11,19,3,23,5],[19,7,3,15,23,11],[19,3,11,15,7,23,5],[7,23,19,11,3,15,5],[7,11,3,19,15,23,13,5],[19,23,7,15,11,3,13,5],[3,15,23,7,19,11],[3,15,7,19,11,23,13,5],[19,23,7,15,11,3],[23,15,7,19,11,3,13,5],[15,7,3,19,11,23],[3,11,19,23,7,15],[15,23,11,19,3,7,13,5],[19,3,15,7,11,23,13,5],[23,3,15,11,19,7,5],[23,7,11,19,15,3,13,5],[3,15,11,7,19,23,13,5],[11,3,7,15,19,23,13,5],[3,23,19,15,11,7],[15,3,19,7,23,11,13,5],[23,19,15,7,11,3],[3,19,15,11,7,23,5],[7,15,11,3,19,23],[7,19,23,3,15,11,5],[19,23,11,3,15,7,5],[3,19,15,11,7,23,13,5],[7,11,19,23,3,15,13,5],[3,19,15,7,11,23],[15,23,7,11,19,3],[11,7,3,19,15,23,13,5],[19,3,23,11,15,7,5],[3,15,7,11,19,23,14],[3,7,19,15,11,23,14],[19,3,15,11,23,7,13,5],[23,15,19,11,3,7,5],[23,3,19,7,11,15],[15,23,3,7,11,19],[23,11,3,15,7,19,13,5],[15,7,11,19,3,23],[11,7,23,15,19,3,5],[19,15,7,23,11,3,13,5],[15,3,7,19,11,23,8],[23,19,11,7,15,3,5],[15,23,19,7,11,3,13,5],[19,11,3,15,7,23,5],[23,7,11,3,15,19,13,5],[3,11,7,15,19,23],[19,15,7,11,3,23],[15,11,19,7,3,23,5],[15,11,3,19,7,23],[3,19,15,23,11,7,8],[23,15,7,19,3,11,13,5],[7,19,3,11,23,15,5],[7,23,19,11,15,3],[15,7,11,3,23,19,5],[3,7,11,19,23,15,5],[15,3,11,19,23,7,5],[23,3,7,11,19,15,13,5],[7,15,23,3,11,19],[19,7,15,23,11,3,13,5],[23,11,3,19,15,7,13,5],[19,23,7,15,11,3,13,5],[19,23,3,7,11,15,13,5],[11,23,7,3,19,15],[23,15,19,11,7,3,5],[3,7,11,19,15,23,5],[11,19,15,3,23,7],[19,15,23,7,3,11],[3,15,7,11,23,19,13,5],[15,11,3,23,19,7,13,5],[11,7,23,15,19,3],[15,3,7,11,23,19,13,5],[19,15,11,3,7,23],[7,23,3,19,15,11,5],[15,3,23,7,19,11,5],[15,19,23,11,3,7,5],[23,19,7,11,3,15],[19,3,7,15,23,11,5],[3,15,11,23,7,19,5],[19,23,11,15,7,3,14],[15,3,19,23,11,7,16,5],[11,19,7,23,15,3,13,5],[7,23,15,3,19,11,5],[23,7,3,19,15,11,5],[3,15,7,19,23,11],[7,11,15,23,3,19,6,13,5],[7,19,3,11,15,23],[7,23,11,15,19,3,5],[19,3,11,15,7,23,13,5],[3,11,7,19,15,23,8],[11,3,23,7,19,15],[7,23,11,3,19,15,13,5],[3,15,23,11,19,7,13,5],[11,23,19,7,15,3,16,5],[23,11,3,19,15,7,5],[7,23,19,3,15,11,13,5],[7,3,15,23,11,19],[15,19,23,11,7,3,13,5],[3,11,7,15,23,19],[23,19,11,3,7,15],[11,7,23,15,19,3,6,5],[23,11,7,15,3,19],[19,11,23,7,3,15,5],[11,3,15,23,7,19],[3,11,19,15,7,23,13,5],[23,15,11,3,19,7],[3,15,23,11,7,19],[15,23,3,11,7,19,5],[23,15,11,3,7,19,8],[7,3,19,15,23,11,5],[15,11,7,23,3,19,5],[3,7,19,11,23,15,13,5],[3,23,7,11,19,15],[23,11,3,15,19,7,5],[3,23,11,19,15,7,14],[11,23,15,3,19,7],[7,15,23,11,3,19],[7,15,23,19,11,3,5],[23,11,3,19,15,7,5],[3,7,19,15,23,11],[23,15,19,7,11,3],[15,19,11,3,7,23,13,5],[7,15,3,11,23,19],[19,3,23,11,15,7],[11,3,19,15,23,7],[23,7,19,15,3,11],[15,23,11,3,7,19,13,5],[23,11,7,15,3,19,5],[11,19,7,3,23,15,5],[23,7,19,11,3,15],[23,3,7,15,19,11,13,5],[7,3,23,19,11,15,13,5],[23,11,7,15,19,3,5],[15,23,7,19,3,11,5],[7,23,19,3,15,11,5],[3,23,15,19,7,11,14],[11,15,7,19,23,3,6,5],[23,3,15,7,19,11,8],[19,11,7,23,3,15,5],[7,19,11,3,15,23],[11,19,7,3,15,23,16,5],[7,23,15,3,11,19,13,5],[23,11,3,7,15,19,5],[7,3,19,23,11,15],[23,11,15,19,7,3],[3,23,19,11,15,7,5],[19,23,3,15,7,11,13,5],[11,23,19,15,3,7,5],[7,11,19,15,3,23,13,5],[11,19,3,23,15,7,5],[3,15,19,11,7,23,5],[15,7,19,3,23,11],[23,3,11,15,19,7,13,5],[7,19,23,11,3,15],[23,3,11,19,15,7,5],[15,19,7,23,11,3,5],[7,3,19,23,11,15,5],[3,7,23,11,19,15,13,5],[7,3,23,11,19,15,13,5],[7,19,15,23,3,11],[7,3,19,23,11,15,13,5],[7,15,11,3,19,23],[19,15,23,3,11,7,13,5],[7,11,23,19,15,3],[7,3,23,15,19,11,13,5],[23,19,11,3,7,15,13,5],[3,11,23,15,19,7,13,5],[7,19,11,3,15,23],[7,19,11,15,3,23,5],[7,15,19,3,23,11,13,5],[15,23,3,11,7,19,13,5],[7,19,15,11,3,23,13,5],[15,23,3,7,19,11,5],[23,15,11,19,7,3,13,5],[7,15,11,3,23,19,5],[23,3,19,11,15,7,5],[11,23,7,3,15,19],[19,15,11,7,23,3,5],[23,15,11,19,7,3,13,5],[23,11,19,7,3,15,5],[19,15,7,3,11,23],[23,19,3,15,11,7,13,5],[23,15,3,7,19,11],[15,11,23,19,3,7,13,5],[3,23,19,7,15,11,5],[11,7,3,23,15,19],[19,3,15,7,11,23,5],[19,7,23,3,11,15,5],[23,19,15,3,7,11],[7,19,23,3,15,11],[23,3,15,19,11,7,14],[19,15,3,11,23,7,16,5],[23,7,15,19,3,11,13,5],[23,3,11,19,7,15,5],[3,23,19,15,11,7,16,5],[19,3,7,11,15,23,13,5],[23,7,19,11,15,3,13,5],[15,11,7,19,23,3,13,5],[23,11,15,7,3,19],[23,11,7,19,15,3],[15,11,3,23,7,19],[7,15,23,19,3,11,16,5],[11,23,19,7,15,3,5],[7,15,23,19,3,11,5],[7,3,11,23,19,15,5],[11,7,3,23,15,19],[23,3,7,19,11,15,5],[23,15,7,11,19,3,13,5],[7,15,19,11,23,3,5],[15,7,11,3,23,19,13,5],[23,11,19,3,7,15,13,5],[19,23,15,7,3,11,5],[11,15,7,23,3,19,5],[23,3,19,11,7,15],[23,11,7,3,19,15],[23,11,15,7,19,3,5],[15,11,19,7,23,3,13,5],[15,7,23,19,3,11,13,5],[19,3,11,23,15,7,5],[3,19,7,15,11,23,14],[7,3,23,15,19,11,14],[23,7,19,3,11,15,13,5],[3,19,7,15,11,23,13,5],[11,7,3,15,23,19],[11,15,19,7,3,23,8],[15,19,23,11,7,3],[7,19,15,3,11,23,13,5],[11,19,7,23,15,3,5],[7,11,19,3,23,15,13,5],[19,15,23,7,3,11,13,5],[7,3,15,11,23,19,5],[19,11,7,3,15,23],[3,19,15,11,7,23,13,5],[3,19,15,23,7,11,6,13,5],[11,19,23,7,15,3],[11,23,7,3,19,15],[7,19,11,15,3,23,5],[19,3,11,23,7,15,8],[23,3,7,15,11,19,5],[15,7,11,3,19,23,13,5],[7,11,19,3,15,23],[19,15,11,23,3,7],[23,7,19,11,15,3],[15,11,3,19,23,7],[3,23,7,15,11,19,13,5],[7,3,19,15,23,11,5],[15,3,23,11,19,7,13,5],[19,11,15,3,23,7,13,5],[11,7,15,19,23,3],[11,3,15,19,7,23,5],[15,7,23,19,11,3,5],[19,11,15,23,3,7],[7,19,15,23,3,11],[19,3,15,7,11,23,13,5],[3,19,23,15,7,11,13,5],[11,7,19,23,3,15,14],[7,3,15,19,11,23],[11,23,7,19,3,15],[3,15,19,23,7,11,14],[15,19,23,7,3,11,13,5],[15,19,11,7,23,3,5],[11,7,15,19,23,3],[23,19,3,7,11,15,5],[19,23,11,7,15,3,13,5],[19,7,23,3,11,15,5],[23,11,19,3,15,7],[11,3,7,19,23,15,5],[11,3,19,23,7,15],[3,7,15,19,23,11,13,5],[19,15,3,7,11,23,5],[7,19,23,3,11,15,5],[19,15,23,3,7,11,5],[3,23,15,7,19,11,5],[23,7,11,3,15,19,8],[3,15,11,23,7,19,8],[15,7,11,19,3,23,13,5],[3,7,11,19,15,23],[19,7,15,3,23,11,5],[3,23,11,15,7,19],[11,3,7,23,19,15,13,5],[3,23,11,19,7,15,13,5],[19,23,7,3,11,15],[23,11,3,15,7,19],[19,11,15,23,7,3,13,5],[23,11,7,3,15,19,13,5],[15,7,23,3,11,19,5],[19,11,7,3,15,23],[7,3,23,11,15,19,13,5],[15,7,19,3,11,23],[7,11,23,19,3,15],[11,23,19,3,7,15,13,5],[7,15,19,11,3,23,13,5],[23,7,19,3,11,15,13,5],[3,15,11,7,19,23]],"n_human":16}