{"problem_id":"uAWLa7AB2EigNyt","sigma":75,"alpha":10.000,"cost":1,"probabilities":"[0.3, 0.12, 0.23, 0.35]","payoff_matrix":"[[68, -52, -12, 89, 65, 85], [57, 15, 79, 6, -91, -28], [4, 38, -29, -14, 62, -85], [54, 7, -10, -68, 44, -71]]","uncovered":[[4,8,20,1,17,3,19,12,14,21,24,15,2,18],[20,4,17,1,19,3,8,24,12,16],[8,12,16,24,4,20,17,1,3,19],[12,24,8,20,13,16,4,1,17,3,19],[16,4,12,24,8,20,1,17,3,19],[8,16,4,12,20,1,17,19,3,24],[8,4,16,24,12,20,1,17,19,3],[16,4,24,12,8,20,1,17,3,19],[4,24,8,16,12,20,17,1,19,3],[12,8,16,24,20,4,1,17,19,3],[24,8,16,4,20,17,1,3,19,12],[16,24,12,20,8,4,17,1,19,3],[4,24,12,8,16,20,1,17,19,3],[4,24,16,12,8,20,17,1,19,3],[16,4,12,20,1,17,19,3,6,24,7,8],[20,8,24,16,12,4,1,17,3,19],[8,16,20,12,4,1,17,3,19,22,21,24],[4,24,12,20,17,1,3,19,16,6,8],[12,8,20,16,4,17,1,3,19,21,24],[12,24,4,16,8,20,17,1,3,19],[8,16,24,12,20,4,17,1,3,19],[16,8,20,12,24,4,1,17,3,19],[12,24,4,8,16,20,1,17,3,19],[16,8,20,24,4,1,17,19,3,12],[20,24,4,1,17,19,3,7,8,11,15,16,2,18],[24,20,8,4,17,1,3,19,11,13,16,2,18],[20,16,24,12,8,4,1,17,3,19],[24,8,12,16,4,20,1,17,19,3],[24,4,12,8,16,20,1,17,19,3],[16,20,24,12,4,1,17,19,3,8],[4,8,20,1,17,19,3,11,16,24,12],[20,12,8,16,24,4,17,1,19,3],[8,12,4,16,24,20,1,17,3,19],[12,24,20,16,4,17,1,3,19,8],[8,16,24,20,12,4,1,17,3,19],[16,12,24,20,4,17,1,19,3,5],[20,24,12,16,8,4,1,17,3,19],[4,8,20,17,1,19,3,16,24,10,12,18,2],[16,20,4,1,17,19,3,24,12,6,8],[4,8,24,12,16,20,1,17,3,19],[12,8,4,24,16,20,17,1,19,3],[20,4,17,1,19,3,6,16,8,22,12,24],[24,12,16,20,4,17,1,3,19,6,7,8],[20,12,4,1,17,3,19,15,8,21,24,14,13,16],[24,16,12,8,20,4,17,1,3,19],[8,16,12,20,4,17,1,3,19,24],[20,12,8,16,4,1,17,3,19,24],[20,24,4,1,17,19,3,5,9,15,2,18],[16,4,12,20,1,17,19,3,5,24],[16,12,8,20,4,17,1,19,3,23,2,18],[16,20,4,1,17,3,19,8,9,24,2,18],[24,4,8,20,1,17,3,19,13,16,10,12,2,18],[16,4,8,20,17,1,19,3,9,24,2,18],[20,12,4,17,1,3,19,6,8,23,16,2,18],[16,8,24,20,12,4,1,17,19,3],[12,4,16,8,24,20,17,1,3,19],[8,24,12,20,16,4,17,1,19,3],[12,16,20,8,4,1,17,3,19,24],[4,24,16,8,20,1,17,19,3,9,18,2],[16,20,12,4,1,17,3,19,24,6,5],[12,8,24,4,20,17,1,19,3,13,16],[16,24,8,20,4,1,17,3,19,10,12,2,18],[12,16,4,20,1,17,19,3,6,7,8,21,24],[4,16,12,8,24,20,1,17,3,19],[12,8,24,4,20,1,17,19,3,16],[8,20,4,17,1,3,19,23,16,10,12,2,18],[20,8,12,24,4,1,17,19,3,13,16],[24,8,16,4,20,1,17,19,3,12],[4,8,12,20,17,1,19,3,15,22,23,13,16],[4,8,20,1,17,19,3,23,14,10,12,15,13,16,2,18],[24,12,4,20,1,17,19,3,15,8,16],[24,20,12,16,8,4,1,17,3,19],[24,20,16,8,12,4,1,17,19,3],[12,8,4,24,20,1,17,19,3,13,16],[4,24,16,12,8,20,1,17,3,19],[4,16,20,1,17,3,19,12,24,8],[24,12,4,16,8,20,1,17,3,19],[20,24,8,12,4,1,17,19,3,14,16],[12,20,8,24,16,4,17,1,19,3],[24,4,20,17,1,19,3,9,8,16,2,18],[20,12,4,1,17,19,3,5,23,16],[20,8,16,12,4,1,17,3,19,24],[12,8,24,20,16,4,1,17,19,3],[12,24,20,8,16,4,1,17,3,19],[16,8,12,20,24,4,17,1,19,3],[20,8,24,12,16,4,1,17,3,19],[20,5,16,12,4,1,17,19,3,23],[16,4,8,12,24,20,1,17,3,19],[12,24,16,4,8,20,1,17,19,3],[8,4,24,16,12,20,1,17,19,3],[4,24,12,16,8,20,1,17,3,19],[4,8,24,12,16,20,1,17,19,3],[12,24,20,8,4,1,17,19,3,16],[24,16,4,8,12,20,17,1,3,19],[20,8,16,4,1,17,3,19,22,12,24],[20,8,16,24,4,1,17,3,19,12],[24,12,20,16,8,4,1,17,19,3],[8,24,16,20,12,4,17,1,19,3],[12,8,24,20,16,4,1,17,3,19],[8,12,24,4,20,17,1,19,3,13,16],[8,20,4,17,1,3,19,14,24,10,12,16,18,2],[24,16,20,8,4,17,1,19,3,9,2,18],[16,12,24,20,8,4,1,17,3,19],[12,24,16,20,8,4,17,1,3,19],[8,4,24,16,20,17,1,19,3,11,18,2],[4,20,17,1,19,3,8,14,22,16,10,9,23,12],[16,20,4,1,17,3,19,24,8,11,2,18],[20,16,4,17,1,3,19,12,7,8,21,24],[8,20,12,24,4,17,1,3,19,16],[4,9,8,20,1,17,3,19,21,24,16,2,18],[8,20,12,24,16,4,1,17,3,19],[16,12,4,8,24,20,17,1,19,3],[8,20,24,12,4,17,1,19,3,16],[12,4,24,20,17,1,3,19,16,8],[20,4,17,1,3,19,12,16,8,24],[4,24,20,17,1,19,3,10,12,13,16,6,5],[20,4,17,1,3,19,13,16,7,8,22,12,24],[12,24,16,8,4,20,17,1,3,19],[24,16,8,12,20,4,17,1,19,3],[12,16,4,24,8,20,1,17,19,3],[24,12,8,16,20,4,1,17,3,19],[20,8,12,4,1,17,3,19,24,16],[20,16,8,24,12,4,17,1,3,19],[16,24,12,8,4,20,17,1,19,3],[20,12,8,16,4,17,1,19,3,24],[24,12,8,4,20,1,17,19,3,16],[8,20,16,4,17,1,19,3,24,9,18,2],[20,4,1,17,19,3,8,16,10,12,21,24,6,18,2],[8,20,12,4,1,17,19,3,16,24],[8,20,24,16,12,4,17,1,3,19],[8,24,16,4,20,1,17,3,19,12],[16,24,20,12,4,1,17,19,3,8],[24,12,20,8,16,4,17,1,3,19],[8,24,12,20,4,1,17,3,19,13,16],[24,4,12,20,17,1,19,3,15,5,2,18],[8,4,20,17,1,19,3,16,12,22,21,24],[24,16,8,20,4,17,1,3,19,9,6],[24,20,8,4,17,1,19,3,12,13,16],[24,8,20,4,1,17,19,3,9,16,2,18],[8,16,12,20,24,4,1,17,19,3],[16,4,24,8,20,1,17,3,19,12],[24,8,16,4,12,20,17,1,19,3],[12,16,20,24,8,4,1,17,19,3],[24,12,4,16,8,20,1,17,19,3],[20,8,12,4,1,17,3,19,21,24,16],[12,20,8,24,16,4,1,17,19,3],[4,16,8,12,20,1,17,3,19,21,24],[24,16,12,8,4,20,17,1,3,19],[24,12,20,16,4,1,17,3,19,5],[20,8,12,16,4,1,17,19,3,22,23],[24,16,20,12,4,1,17,19,3,5],[8,24,20,16,12,4,1,17,3,19],[20,24,4,1,17,19,3,12,5,16],[20,16,12,8,24,4,1,17,3,19],[20,4,1,17,19,3,21,24,12,13,16,5],[24,8,4,20,17,1,19,3,16,9,2,18],[16,20,24,4,17,1,3,19,11,8,2,18],[8,4,20,17,1,19,3,12,16,22,21,24],[24,16,20,8,4,17,1,19,3,9,2,18],[20,4,17,1,19,3,6,9,8,24,14,15,2,18],[8,20,4,1,17,3,19,16,24,12],[12,16,20,8,24,4,17,1,19,3],[12,8,4,16,20,1,17,3,19,24],[12,20,4,1,17,19,3,8,13,16,21,24],[8,24,12,16,20,4,1,17,3,19],[16,24,12,20,8,4,17,1,19,3],[12,4,24,16,20,1,17,3,19,8],[24,20,4,17,1,19,3,6,7,8,9,16],[20,24,16,12,4,1,17,19,3,8],[4,8,12,20,1,17,3,19,21,24,15,13,16],[24,16,8,12,4,20,1,17,19,3],[4,24,20,1,17,3,19,14,12,5,16],[12,16,20,24,4,17,1,19,3,8],[4,8,16,12,24,20,17,1,19,3],[20,12,8,24,4,17,1,3,19,16],[8,12,24,4,20,17,1,3,19,16],[4,8,16,24,20,17,1,3,19,9,18,2],[24,12,16,20,8,4,1,17,3,19],[16,20,8,12,4,17,1,19,3,23,18,2],[20,12,16,4,17,1,19,3,24,6,5],[4,20,1,17,19,3,7,8,21,24,13,16,10,12,2,18],[20,24,4,1,17,19,3,13,16,8,11,2,18],[16,8,20,4,17,1,19,3,12,23,18,2],[20,24,4,1,17,3,19,6,9,16,8],[16,8,24,4,20,17,1,19,3,9,10,11],[24,8,16,4,12,20,17,1,19,3],[12,24,20,4,1,17,3,19,5,16],[4,16,24,8,12,20,1,17,3,19],[4,20,17,1,3,19,21,24,5,13,16,9],[20,4,17,1,19,3,8,11,21,24,16,18,2],[24,16,8,20,12,4,1,17,3,19],[16,20,12,4,1,17,19,3,8,22,24],[4,20,17,1,19,3,12,8,24,16],[4,20,1,17,19,3,14,5,9,24,13,16],[8,4,20,1,17,3,19,12,16,22,21,24],[24,8,20,16,12,4,17,1,3,19],[20,8,12,4,1,17,19,3,16,24],[8,4,16,12,24,20,1,17,3,19],[8,4,16,20,17,1,19,3,24,10,12,18,2],[16,20,4,1,17,19,3,5,24,12],[4,16,20,17,1,19,3,24,8,10,12,18,2],[12,24,8,20,16,4,17,1,19,3],[24,8,20,12,4,17,1,19,3,16],[16,8,24,12,4,20,17,1,19,3],[24,4,12,16,20,17,1,19,3,7,8],[24,20,4,1,17,19,3,5,12,16],[4,24,20,17,1,19,3,5,16,9],[8,20,4,1,17,19,3,12,21,24,16],[20,24,8,12,16,4,17,1,3,19],[4,12,8,24,20,17,1,3,19,16],[20,12,8,4,1,17,19,3,23,13,16,18,2],[12,8,24,20,4,1,17,19,3,16],[8,4,24,12,16,20,17,1,3,19],[8,16,20,4,17,1,3,19,24,11,2,18],[24,20,12,8,4,1,17,19,3,16],[24,12,4,16,8,20,17,1,3,19],[8,1,20,4,17,3,19,11,16,24,12],[8,16,20,24,4,1,17,3,19,12],[24,4,20,1,17,3,19,6,16,12,5],[12,16,20,24,8,4,1,17,3,19],[4,12,16,8,24,17,20,1,19,3],[8,20,16,24,12,4,1,17,3,19],[20,8,4,17,1,19,3,14,24,16,10,11,9],[8,24,16,20,12,4,17,1,3,19],[8,16,20,4,1,17,19,3,12,21,24],[12,20,8,24,4,1,17,19,3,13,16],[12,20,24,8,16,4,17,1,19,3],[20,8,12,4,17,1,19,3,21,24,16],[4,16,12,8,20,17,1,3,19,24],[20,12,4,1,17,19,3,15,24,6,7,8,2,18],[16,24,8,4,12,20,17,1,19,3],[8,16,24,4,12,20,1,17,19,3],[16,8,20,12,24,4,1,17,3,19],[8,16,24,20,12,4,17,1,19,3],[20,24,8,12,16,4,1,17,19,3],[12,4,8,24,16,20,1,17,3,19],[16,4,20,17,1,3,19,11,22,5,21,24],[20,8,4,17,1,3,19,12,21,24,13,16],[16,4,24,12,20,17,1,3,19,8],[16,24,4,20,17,1,3,19,11,8,12],[12,8,24,16,4,20,17,1,19,3],[12,20,24,4,17,1,19,3,8,13,16],[4,16,20,1,17,3,19,12,21,24,6,8],[12,8,16,20,24,4,1,17,3,19],[20,16,8,4,1,17,3,19,12,21,24],[24,16,20,8,12,4,17,1,19,3],[4,20,1,17,19,3,15,23,8,9,16,18,2],[16,12,20,8,4,1,17,19,3,24],[24,4,20,17,1,19,3,6,16,11,7,8],[8,4,16,20,1,17,3,19,12,24],[24,16,4,8,12,20,1,17,19,3],[4,8,16,24,20,1,17,3,19,10,12,18,2],[4,12,20,17,1,19,3,16,5,24],[12,24,16,20,4,17,1,19,3,8],[4,8,16,20,17,1,19,3,23,12,2,18],[8,20,4,1,17,3,19,9,24,16,18,2],[20,24,8,12,4,1,17,3,19,15,13,16],[24,12,16,20,4,1,17,3,19,8],[4,12,16,24,8,20,1,17,19,3],[4,8,12,20,1,17,19,3,13,16,24],[24,8,20,4,17,1,3,19,12,16],[24,12,20,8,4,17,1,19,3,16],[4,8,12,24,20,1,17,3,19,16],[24,4,8,16,12,20,1,17,19,3],[12,4,16,8,20,1,17,19,3,21,24],[20,4,17,1,19,3,16,8,12,22,21,24],[16,12,4,8,24,20,1,17,19,3],[8,16,12,20,24,4,1,17,3,19],[24,20,16,8,12,4,17,1,19,3],[24,4,8,16,12,20,1,17,3,19],[20,12,16,8,4,1,17,19,3,22,24],[8,12,16,24,20,4,17,1,3,19],[16,4,20,1,17,3,19,12,8,22,24],[24,20,12,4,17,1,19,3,6,5,16],[12,16,8,24,20,4,17,1,3,19],[4,12,8,16,20,1,17,3,19,23,2,18],[8,4,24,16,20,1,17,3,19,12],[4,12,24,8,20,1,17,3,19,13,16],[20,24,16,12,8,4,17,1,3,19],[4,24,8,12,16,20,1,17,3,19],[20,8,24,16,4,1,17,19,3,12],[12,16,24,20,4,17,1,19,3,8],[4,16,24,20,17,1,19,3,6,12,8],[4,24,20,1,17,3,19,16,12,8],[8,12,20,24,4,17,1,3,19,16],[20,24,12,16,4,17,1,3,19,8],[4,12,20,17,1,3,19,8,21,24,16],[16,4,8,24,12,20,1,17,3,19],[16,24,12,8,4,20,17,1,19,3],[20,8,16,4,17,1,3,19,24,12],[4,20,17,1,3,19,14,8,24,16,11,12],[16,20,24,4,1,17,19,3,6,7,5,9],[12,8,4,20,1,17,3,19,22,16,24],[12,4,16,20,17,1,3,19,23,8,2,18],[12,20,16,4,1,17,19,3,21,24,7,8],[20,24,12,8,4,17,1,3,19,13,16],[8,12,4,20,17,1,19,3,23,16,5],[20,12,4,1,17,3,19,8,13,16,24],[12,8,4,16,24,20,1,17,19,3],[12,24,8,20,16,4,17,1,3,19],[12,4,24,20,17,1,19,3,16,8],[12,24,20,4,1,17,19,3,6,8,15,16],[24,8,16,20,4,1,17,3,19,12],[24,8,4,12,16,20,1,17,3,19],[20,4,1,17,19,3,16,21,24,5,12],[16,12,24,4,20,1,17,3,19,8],[20,4,1,17,19,3,21,24,16,9,8,18,2],[20,16,12,8,4,17,1,19,3,24],[24,4,16,12,20,17,1,3,19,8],[8,4,12,24,20,17,1,3,19,16],[24,20,16,8,12,4,17,1,19,3],[16,8,4,24,20,1,17,3,19,12],[8,4,16,12,24,20,17,1,3,19],[24,12,20,8,16,4,1,17,19,3],[8,4,12,20,17,1,3,19,13,16,21,24],[4,12,24,20,1,16,17,19,3,6,5],[16,12,20,4,1,17,3,19,8,24],[16,4,24,8,12,20,1,17,19,3],[8,20,16,12,24,4,17,1,19,3],[20,4,17,1,3,19,12,22,7,5,16,23],[16,12,20,4,17,1,3,19,23,5],[16,24,8,4,20,17,1,19,3,9,18,2],[4,8,16,24,20,1,17,3,19,10,12,18,2],[20,24,4,1,17,3,19,12,15,7,8,13,16],[12,24,8,16,20,4,17,1,19,3],[8,16,12,24,20,4,17,1,3,19],[16,20,24,4,1,17,19,3,7,8,12],[24,4,16,12,8,20,17,1,19,3],[16,4,24,8,20,17,1,19,3,12],[24,20,8,4,17,1,19,3,14,16,9,18,2],[8,20,16,24,4,1,17,19,3,11,12],[24,20,16,12,8,4,1,17,3,19],[12,8,20,4,1,17,19,3,14,16,24],[12,8,16,24,4,20,17,1,3,19],[8,4,12,16,20,1,17,19,3,24],[4,8,20,17,1,3,19,12,24,16],[24,8,20,4,17,1,3,19,16,12],[12,4,16,8,21,24,20,17,1,19,3],[24,16,20,8,4,1,17,19,3,12],[12,24,8,20,4,1,17,3,19,16],[24,20,12,8,16,4,17,1,3,19],[12,4,20,1,17,19,3,7,8,15,24,16],[12,24,16,8,20,4,17,1,3,19],[8,4,16,20,17,1,3,19,11,21,24,18,2],[16,12,8,4,24,20,1,17,19,3],[16,20,12,8,4,17,1,19,3,24],[20,4,1,17,19,3,12,22,14,6,16,8,21,24],[24,20,4,1,17,3,19,15,9,8,18,2],[16,4,8,12,24,20,17,1,3,19],[8,4,24,12,16,20,17,1,3,19],[12,4,8,16,24,20,1,17,3,19],[8,16,12,4,20,17,1,3,19,24],[8,4,24,16,12,20,17,1,19,3],[20,16,8,12,4,1,17,3,19,21,24],[20,24,4,17,1,19,3,12,6,13,16,7,8],[8,4,24,20,17,1,19,3,16,10,12,18,2],[8,16,20,12,24,4,17,1,19,3],[12,24,4,16,20,17,1,3,19,8],[24,20,4,17,1,3,19,8,12,14,16],[20,12,8,4,1,17,3,19,13,16,22,24],[24,20,12,4,17,1,19,3,6,13,16,8],[8,24,16,12,20,4,1,17,19,3],[16,8,20,24,12,4,17,1,19,3],[8,4,24,12,20,17,1,3,19,16],[20,4,1,17,19,3,8,9,16,24,2,18],[20,24,4,1,17,19,3,16,9,7,8],[12,24,16,20,4,17,1,19,3,6,5],[16,4,20,1,17,3,19,21,24,5,9],[12,24,4,8,16,20,17,1,3,19],[4,16,20,17,1,19,3,10,12,6,24,8,2,18],[4,8,24,12,20,1,17,3,19,14,16],[16,20,24,12,8,4,1,17,3,19],[8,16,24,12,4,20,1,17,3,19],[16,4,12,8,20,1,17,3,19,24],[16,20,8,12,24,4,1,17,3,19],[20,16,12,4,1,17,19,3,23,5],[16,24,20,4,1,17,19,3,7,8,12],[20,12,4,1,17,19,3,16,8,22,24],[24,8,4,12,20,17,1,19,3,16],[20,12,8,24,16,4,1,17,3,19],[24,16,12,8,4,20,17,1,19,3],[4,8,20,17,1,3,19,13,16,12,24],[24,12,4,8,20,1,17,19,3,16],[4,8,20,17,1,19,3,24,9,15,18,2],[8,4,24,12,16,20,17,1,3,19],[8,12,4,24,20,17,1,19,3,13,16],[8,16,24,4,20,17,1,19,3,12],[12,4,20,1,17,3,19,8,16,24],[20,24,8,4,1,17,19,3,13,16,9,18,2],[16,12,4,8,20,17,1,3,19,24],[4,16,8,20,17,1,3,19,12,24],[4,24,16,8,12,20,1,17,19,3],[4,16,12,8,20,17,1,3,19,24],[20,16,4,1,17,3,19,24,5,11],[12,16,4,8,20,17,1,19,3,24],[20,8,12,16,24,4,1,17,3,19],[4,8,20,1,17,19,3,16,22,12,23],[8,16,4,20,17,1,3,19,23,12,18,2],[12,24,20,8,4,1,17,3,19,13,16],[24,16,4,8,12,20,17,1,19,3],[16,4,24,20,17,1,3,19,8,12],[12,8,16,20,4,1,17,3,19,21,24],[4,24,20,1,17,3,19,11,8,16,10,12],[16,12,8,4,24,20,1,17,3,19],[12,20,24,16,8,4,1,17,3,19],[4,16,8,20,1,17,3,19,24,12],[24,12,20,4,1,17,19,3,7,8,13,16],[8,16,4,20,17,1,3,19,22,12,24],[8,4,24,16,12,20,17,1,19,3],[8,4,20,1,17,19,3,24,12,13,16],[4,24,8,12,16,20,17,1,3,19],[24,4,16,20,1,17,3,19,8,12],[8,24,16,20,4,17,1,19,3,11,2,18],[12,20,16,24,4,1,17,3,19,8],[4,20,1,17,19,3,12,8,16,24],[4,24,8,16,12,20,1,17,3,19],[12,8,24,16,4,20,1,17,3,19],[12,24,8,16,20,4,1,17,3,19],[24,8,12,20,16,4,17,1,19,3],[20,12,16,24,4,1,17,3,19,5],[8,16,24,4,12,20,17,1,3,19],[20,12,24,8,4,1,17,3,19,16],[16,20,24,12,4,17,1,3,19,5],[20,4,17,1,19,3,23,16,9,8,2,18],[20,16,4,1,17,3,19,22,12,8,21,24],[24,12,20,8,16,4,17,1,19,3],[20,12,4,17,1,19,3,5,22,16,21,24],[8,4,20,17,1,19,3,22,12,16,21,24],[4,12,8,16,20,1,17,3,19,22,24],[4,24,8,16,20,1,17,19,3,12],[20,24,16,4,17,1,3,19,8,12],[4,20,1,17,19,3,24,5,15,12,16],[8,20,16,24,12,4,1,17,3,19],[12,20,8,4,17,1,19,3,14,24,13,16],[12,4,16,24,20,17,1,19,3,8],[24,8,16,20,4,17,1,19,3,12],[24,16,8,12,20,4,17,1,19,3],[12,20,4,1,17,19,3,16,24,8],[16,20,8,12,4,1,17,3,19,24],[12,24,16,4,8,20,17,1,19,3],[4,20,17,1,19,3,23,16,12,8,18,2],[4,16,12,8,20,17,1,19,3,24],[8,24,12,4,20,17,1,3,19,13,16],[8,20,24,12,4,17,1,3,19,13,16],[4,8,12,24,20,1,17,3,19,16],[8,12,16,20,4,17,1,3,19,21,24],[16,20,4,1,17,19,3,24,8,10,12,2,18],[4,20,1,17,3,19,5,9,21,24,13,16],[16,12,8,4,20,17,1,3,19,24],[4,24,12,8,20,1,17,3,19,16],[12,4,8,24,20,17,1,19,3,14,16],[16,8,12,20,24,4,17,1,19,3],[12,16,4,20,17,1,19,3,8,24],[20,16,12,8,24,4,1,17,3,19],[20,24,12,16,4,1,17,19,3,6,8],[24,20,4,17,1,3,19,8,9,15,14,12,2,18],[16,4,8,24,12,20,1,17,19,3],[12,24,4,16,8,20,17,1,19,3],[4,8,20,17,1,3,19,14,24,9,16,2,18],[12,8,24,4,16,20,17,1,3,19],[12,20,16,4,1,17,19,3,8,24],[12,8,4,20,1,17,19,3,21,24,13,16],[4,16,24,12,20,1,17,19,3,5],[4,12,24,8,16,20,1,17,19,3],[24,16,4,8,12,20,1,17,19,3],[12,8,20,4,1,17,3,19,24,16],[4,20,1,17,3,19,24,12,8,15,16],[16,24,20,4,1,17,3,19,8,9,12],[16,4,8,20,1,17,3,19,12,24],[8,16,20,4,17,1,19,3,22,10,12,21,24,2,18],[12,24,16,4,8,20,1,17,3,19],[12,20,8,16,24,4,17,1,19,3],[4,24,16,8,12,20,1,17,19,3],[16,4,5,20,17,1,3,19,23,11,18,2],[8,20,4,1,17,3,19,15,21,24,12,16],[12,24,4,20,17,1,19,3,16,8],[4,12,8,16,20,1,17,3,19,24],[16,8,24,20,4,17,1,19,3,12],[4,20,17,1,3,19,23,10,12,6,16,5],[20,8,12,24,16,4,1,17,19,3],[20,4,1,17,3,19,5,13,16,22,9,21,24],[8,12,24,20,4,1,17,19,3,16],[8,12,16,24,20,4,1,17,19,3],[16,24,8,4,12,20,1,17,19,3],[8,24,20,16,12,4,1,17,3,19],[12,16,4,8,20,1,17,19,3,23,2,18],[16,12,4,8,20,1,17,19,3,22,24],[16,12,24,8,20,4,17,1,3,19],[20,4,17,1,3,19,8,21,24,14,11,16,2,18],[8,12,20,16,24,4,1,17,19,3],[12,8,20,4,1,17,19,3,23,16,18,2],[4,8,24,12,20,17,1,19,3,16],[20,8,16,4,17,1,19,3,12,24],[16,8,4,24,12,20,1,17,3,19],[16,12,4,20,17,1,3,19,24,8],[12,20,16,24,4,1,17,19,3,7,8],[16,12,24,20,4,1,17,3,19,8],[8,4,24,12,16,20,1,17,19,3],[12,24,16,20,4,1,17,3,19,7,8],[24,16,8,4,9,20,17,1,3,19,12],[4,12,20,17,1,3,19,16,8,21,24],[16,12,20,24,4,1,17,3,19,8],[4,16,24,8,20,17,1,19,3,10,12,18,2],[12,24,20,8,4,17,1,3,19,16],[24,16,20,12,4,17,1,3,19,7,6,5],[16,8,4,20,17,1,19,3,12,22,23],[4,20,17,1,19,3,13,16,10,12,8,23,2,18],[20,4,1,17,19,3,12,16,8,24],[8,24,4,12,20,17,1,19,3,16],[20,24,4,1,17,19,3,8,11,16,2,18],[4,16,24,20,1,17,3,19,8,12],[12,20,16,24,8,4,1,17,3,19],[8,4,16,12,24,20,17,1,3,19],[4,12,8,20,1,17,19,3,21,24,16],[12,24,16,4,8,20,1,17,3,19],[8,4,24,16,12,20,1,17,3,19],[24,16,4,20,17,1,19,3,5,12],[16,8,24,20,12,4,1,17,19,3],[8,24,12,4,20,17,1,19,3,16],[4,24,20,1,17,3,19,8,13,16,12],[8,24,12,4,20,17,1,3,19,16],[16,20,12,8,24,4,17,1,3,19],[8,4,24,16,12,20,1,17,3,19],[24,12,4,16,20,1,17,3,19,7,8],[8,24,20,16,12,4,1,17,19,3],[20,8,12,24,16,4,1,17,3,19],[16,8,4,12,24,20,17,1,19,3],[20,24,4,17,1,3,19,8,15,12,7,18,2],[20,4,1,17,3,19,16,10,11,5,24,9],[20,12,8,16,24,4,1,17,19,3],[16,12,8,24,4,20,1,17,3,19],[4,24,8,16,12,20,17,1,19,3],[8,24,4,12,16,20,1,17,3,19],[4,20,1,17,3,19,23,12,15,8,18,2],[20,12,4,17,1,19,3,15,24,5,13,16],[20,4,17,1,3,19,15,24,12,8,16],[24,4,8,16,12,20,1,17,3,19],[12,24,8,16,4,20,1,17,3,19],[24,16,8,12,4,20,1,17,3,19],[4,20,17,1,19,3,7,8,12,16,24],[24,20,4,1,17,3,19,12,13,16,5],[12,16,20,8,4,1,17,3,19,23,2,18],[20,12,8,24,16,4,1,17,19,3],[24,12,20,4,17,1,3,19,16,8],[8,16,24,12,20,4,17,1,3,19],[8,4,12,24,16,20,1,17,3,19],[24,4,16,8,20,1,17,3,19,9,2,18],[24,16,4,20,1,17,3,19,5,12],[16,20,4,17,1,19,3,12,24,8],[4,24,16,12,8,20,1,17,19,3],[8,4,16,24,20,1,17,3,19,9,18,2],[4,12,24,8,20,17,1,3,19,16],[20,12,16,24,8,4,1,17,19,3],[8,20,12,24,16,4,1,17,3,19],[8,24,4,16,20,17,1,19,3,10,12,18,2],[16,12,24,8,4,20,1,17,3,19],[8,24,16,4,20,17,1,3,19,11,12],[8,20,12,24,4,1,17,3,19,14,16],[24,12,16,4,8,20,1,17,19,3],[12,8,20,24,16,4,1,17,3,19],[8,12,16,4,24,20,17,1,3,19],[9,20,16,4,17,1,19,3,6,21,24,8],[4,8,24,20,1,17,19,3,12,16],[24,4,12,20,17,1,3,19,16,5],[12,20,24,4,17,1,3,19,16,5],[16,20,4,1,17,19,3,8,24,9,18,2],[24,16,12,8,20,4,1,17,19,3],[16,20,4,17,1,3,19,11,22,8,24,2,18],[8,20,4,17,1,3,19,22,16,10,12,24,2,18],[12,16,20,24,8,4,17,1,19,3],[16,24,12,8,4,20,17,1,19,3],[4,20,1,17,3,19,12,22,16,6,8,24],[8,24,20,4,1,17,19,3,12,13,16],[4,24,16,12,8,20,1,17,3,19],[12,4,8,24,20,1,17,3,19,15,16],[20,24,12,4,1,17,3,19,8,13,16],[16,12,4,20,1,17,3,19,24,8],[24,12,20,4,17,1,19,3,14,5,13,16],[12,24,20,16,8,4,17,1,3,19],[8,24,4,12,16,20,17,1,3,19],[16,20,12,24,4,17,1,3,19,7,8],[12,24,16,4,8,17,20,1,3,19],[20,16,4,1,17,19,3,5,12,21,24],[20,8,24,16,4,17,1,19,3,12],[24,20,16,12,4,1,17,3,19,8],[4,8,24,20,17,1,19,3,13,16,10,11,12],[24,20,8,16,12,4,1,17,3,19],[20,24,4,17,1,3,19,13,16,9,5],[24,20,4,1,17,19,3,14,11,5,16],[16,20,8,24,4,1,17,19,3,10,12,2,18],[16,20,12,4,1,17,19,3,8,23,2,18],[4,16,20,1,17,3,19,24,8,9,2,18],[12,24,4,20,17,1,19,3,7,8,14,16],[16,24,12,4,8,20,17,1,3,19],[8,16,12,20,4,1,17,19,3,22,24],[24,8,4,12,20,1,17,3,19,13,16],[24,4,12,20,17,1,19,3,13,16,5],[12,8,16,20,4,1,17,3,19,21,24],[12,4,16,8,20,17,1,3,19,24],[4,12,20,17,1,19,3,21,24,16,5],[8,12,20,4,1,17,3,19,24,16],[24,16,20,8,12,4,1,17,19,3],[8,4,12,20,17,1,19,3,24,16],[4,12,20,1,17,3,19,15,5,21,24,13,16],[8,24,16,20,12,4,1,17,3,19],[24,4,12,8,17,20,1,3,19,13,16],[20,24,8,12,16,4,1,17,3,19],[12,24,8,16,4,20,1,17,19,3],[12,20,8,4,1,17,19,3,16,24],[12,20,8,4,1,17,19,3,21,24,16],[24,20,4,1,17,3,19,16,8,9,2,18],[16,4,24,20,1,17,19,3,9,8,18,2],[8,20,4,1,17,3,19,11,21,24,13,16,2,18],[8,24,16,4,20,17,1,19,3,10,12,2,18],[16,12,4,24,20,1,17,19,3,8],[20,24,4,1,17,19,3,9,15,5,13,16],[20,12,4,17,1,3,19,21,24,16,8],[12,20,16,8,24,4,17,1,3,19],[12,24,4,20,1,17,3,19,13,16,8],[4,12,8,24,20,17,1,19,3,15,2,18],[16,4,20,1,17,3,19,21,24,8,12],[8,16,20,24,4,1,17,3,19,9,18,2],[20,8,24,12,16,4,1,17,3,19],[16,8,20,24,4,1,17,3,19,12],[4,16,24,12,8,20,1,17,19,3],[20,16,24,4,1,17,3,19,12,8],[20,4,17,1,19,3,16,12,5,21,24],[24,12,20,4,17,1,19,3,8,13,16],[20,4,1,17,3,19,11,7,15,6,8,24,14,13,16],[12,4,24,20,1,17,19,3,16,5],[16,4,8,12,20,1,17,3,19,21,24],[24,4,20,17,1,3,19,9,16,6,7,8],[24,16,8,20,4,17,1,19,3,12],[16,12,20,8,24,4,17,1,19,3],[12,20,8,16,4,1,17,19,3,22,21,24],[16,20,12,4,1,17,3,19,8,21,24],[8,16,12,24,4,20,1,17,3,19],[24,16,12,20,4,1,17,3,19,8],[8,4,20,17,1,19,3,21,24,12,15,16],[4,12,20,17,1,19,3,16,8,22,24],[12,16,8,24,20,4,1,17,3,19],[8,20,4,1,17,19,3,24,10,12,16,2,18],[20,12,4,17,1,19,3,5,13,16,24],[24,20,12,16,4,1,17,3,19,8],[4,12,16,20,17,1,19,3,21,24,5],[24,12,16,20,4,1,17,19,3,8],[12,16,4,20,17,1,19,3,6,24,5],[24,8,12,16,20,4,17,1,3,19],[12,4,8,16,20,1,17,3,19,21,24],[24,12,20,8,4,17,1,19,3,16],[12,8,16,20,24,4,1,17,3,19],[20,4,17,1,19,3,12,24,7,8,16],[24,20,12,8,16,4,1,17,19,3],[4,24,12,16,8,20,17,1,3,19],[24,4,8,20,1,17,3,19,16,12],[20,24,8,12,4,1,17,3,19,13,16],[20,4,17,1,3,19,12,21,24,16,8],[24,16,4,20,17,1,19,3,12,5],[24,16,4,20,1,17,19,3,7,8,12],[16,12,20,8,24,4,17,1,19,3],[20,12,16,24,4,17,1,3,19,8],[8,4,12,16,20,1,17,19,3,22,18,2],[12,20,24,8,16,4,1,17,3,19],[8,16,24,4,20,1,17,19,3,9,2,18],[8,12,20,24,16,4,1,17,19,3],[24,8,4,16,12,20,17,1,3,19],[16,24,20,12,8,4,17,1,19,3],[12,16,4,20,17,1,19,3,22,8,23],[12,16,4,20,17,1,3,19,8,21,24],[8,16,4,24,12,20,1,17,19,3],[12,24,4,8,16,20,1,17,3,19],[4,16,12,8,24,20,1,17,19,3],[20,12,24,16,8,4,17,1,3,19],[12,4,16,20,1,17,19,3,8,22,24],[12,4,20,1,17,19,3,16,5,24],[8,16,4,24,20,1,17,19,3,11,2,18],[20,4,17,1,19,3,12,24,8,16],[4,20,1,17,3,19,11,16,6,8,24,18,2],[20,24,8,4,1,17,3,19,13,16,12],[16,24,8,4,12,20,17,1,19,3],[24,12,16,4,8,20,1,17,19,3],[16,8,4,12,20,17,1,3,19,24],[8,4,24,20,17,1,3,19,11,15,2,18],[20,12,24,16,4,1,17,19,3,8],[4,12,20,1,17,19,3,5,23,14,15,18,2],[20,8,4,1,17,3,19,12,24,15,2,18],[24,12,20,8,4,17,1,19,3,15,14,18,2],[4,8,20,17,1,19,3,9,21,24,16,2,18],[12,24,16,4,8,20,1,17,3,19],[21,16,4,24,12,20,1,17,19,3,5],[4,20,17,1,3,19,21,24,6,11,5,14,13,16],[20,8,16,12,4,17,1,19,3,21,24],[24,8,4,16,20,1,17,19,3,12],[8,4,24,16,20,1,17,19,3,12],[4,12,16,24,8,20,17,1,3,19],[20,24,16,12,4,17,1,3,19,6,8],[8,20,12,24,16,4,1,17,19,3],[20,12,16,4,17,1,3,19,21,24,8],[12,24,8,4,16,20,17,1,3,19],[16,4,20,17,1,3,19,12,24,8],[8,16,12,4,20,17,1,19,3,23,2,18],[16,12,20,24,4,1,17,3,19,5],[24,16,4,12,20,1,17,3,19,7,8],[16,12,4,20,1,17,19,3,21,24,6,8],[8,24,4,20,17,1,3,19,14,10,12,16,2,18],[8,16,12,4,24,20,17,1,19,3],[16,8,24,12,20,4,17,1,3,19],[20,8,16,24,12,4,1,17,19,3],[12,20,24,4,17,1,3,19,8,16],[4,8,24,20,1,17,3,19,11,15,13,16,2,18],[16,20,4,1,17,3,19,22,9,8,21,24],[24,20,16,12,8,4,1,17,3,19],[24,4,16,12,8,20,17,1,3,19],[12,8,16,4,20,17,1,19,3,24],[24,8,20,12,16,4,17,1,19,3],[8,20,12,4,1,17,3,19,15,22,21,24,18,2],[16,8,20,24,12,4,1,17,19,3],[20,24,16,4,1,17,3,19,12,5],[20,4,17,1,3,19,24,12,13,16,6,5],[24,8,20,12,16,4,1,17,19,3],[4,8,12,20,17,1,19,3,13,16,24],[4,8,16,24,12,20,1,17,3,19],[16,4,8,20,1,17,19,3,21,24,12],[12,24,16,4,20,1,17,19,3,8],[4,8,16,12,20,17,1,3,19,24],[12,16,4,24,20,1,17,3,19,7,8],[20,12,24,16,4,17,1,3,19,6,8],[24,8,20,12,16,4,1,17,19,3],[8,20,16,4,1,17,3,19,9,21,24,18,2],[16,24,20,8,4,1,12,17,3,19],[4,12,24,8,16,20,1,17,3,19],[4,16,24,20,17,1,3,19,8,12],[20,16,8,24,4,17,1,19,3,9,18,2],[12,8,16,20,24,4,1,17,3,19],[16,8,4,12,20,1,17,19,3,22,24],[24,8,16,20,12,4,1,17,19,3],[20,12,8,16,4,17,1,3,19,24],[8,24,4,20,1,17,3,19,16,9,18,2],[20,8,12,24,4,1,17,3,19,16],[4,24,20,17,1,19,3,12,16,5],[16,8,4,20,17,1,3,19,24,9,18,2],[20,4,1,17,19,3,7,8,15,11,21,24,2,18],[24,16,12,4,20,1,17,19,3,5],[12,20,4,17,1,3,19,24,6,13,16,5],[4,20,1,17,3,19,11,24,5,16],[8,4,24,12,20,17,1,19,3,13,16],[16,20,12,24,8,4,1,17,3,19],[4,12,16,20,17,1,19,3,23,8,18,2],[24,8,20,16,4,1,17,19,3,12],[24,8,16,4,12,20,17,1,3,19],[24,20,12,1,4,17,3,19,5,13,16],[24,20,12,4,17,1,3,19,15,8,2,18],[8,20,24,16,4,1,17,19,3,11,12],[4,16,8,24,12,20,1,17,19,3],[24,12,16,8,4,20,1,17,3,19],[12,8,20,4,17,1,3,19,13,16,22,21,24],[12,4,8,24,16,20,1,17,19,3],[20,8,4,1,17,3,19,12,16,24],[8,20,4,17,1,19,3,10,12,21,24,15,18,2],[16,24,20,8,12,4,17,1,3,19],[24,8,16,20,12,4,1,17,19,3],[20,24,8,16,4,1,17,19,3,12],[8,16,24,20,12,4,1,17,3,19],[20,8,24,16,12,4,1,17,3,19],[24,20,12,8,16,4,1,17,3,19],[8,16,4,24,20,1,17,3,19,10,12,2,18],[12,4,20,1,17,19,3,8,15,22,21,24,16],[16,8,12,4,20,1,17,19,3,24],[24,20,8,12,16,4,17,1,19,3],[16,8,24,20,4,1,17,19,3,12],[8,12,20,4,17,1,19,3,16,24],[20,8,24,4,1,17,3,19,16,12],[8,24,16,4,20,1,17,19,3,12],[12,20,4,1,17,3,19,7,8,23,14,16],[24,4,20,1,17,19,3,12,8,13,16],[4,20,17,1,3,19,5,16,22,11,18,2],[8,4,24,20,17,1,3,19,13,16,12],[8,16,20,24,12,4,17,1,3,19],[12,8,24,4,16,20,17,1,3,19],[16,12,8,4,24,20,17,1,19,3],[12,20,5,16,4,1,17,3,19,22,21,24],[4,24,16,8,12,20,17,1,3,19],[24,8,12,20,4,17,1,19,3,16],[12,16,8,20,4,1,17,3,19,23,2,18],[24,20,4,1,17,3,19,8,10,12,16,2,18],[12,20,4,1,17,3,19,16,21,24,8],[24,8,20,4,17,1,3,19,12,16],[8,16,4,24,20,1,17,3,19,12],[4,12,24,20,17,1,3,19,16,7,8],[16,4,20,17,1,19,3,24,9,8,18,2],[16,12,4,8,20,1,17,3,19,21,24],[4,16,12,24,8,20,17,1,3,19],[4,24,12,20,1,17,3,19,8,15,16],[8,16,12,4,24,20,1,17,3,19],[16,12,20,8,24,4,1,17,3,19],[24,16,20,8,12,4,17,1,3,19],[12,20,16,8,24,4,17,1,19,3],[12,24,20,4,17,1,3,19,7,8,14,16],[20,16,24,4,17,1,19,3,12,8],[8,20,12,4,17,1,19,3,23,16,2,18],[4,16,12,24,20,17,1,3,19,8],[4,12,24,16,8,20,17,1,3,19],[24,12,16,8,4,20,1,17,19,3],[12,20,16,24,8,4,17,1,19,3],[4,24,16,20,17,1,19,3,7,8,9],[12,20,4,17,1,19,3,16,8,21,24],[4,12,20,17,1,3,19,14,6,5,16,22,21,24],[8,12,24,16,20,4,1,17,19,3],[8,4,16,12,20,17,1,19,3,21,24],[24,20,8,4,1,17,3,19,10,9,13,16,12],[12,16,4,24,20,17,1,3,19,5],[8,24,4,16,12,20,1,17,3,19],[20,12,24,8,16,4,17,1,3,19],[4,12,8,21,24,20,1,17,3,19,13,16],[8,16,24,4,20,1,17,3,19,12],[20,8,12,4,1,19,17,3,24,15,16],[16,24,20,12,8,4,17,1,19,3],[8,4,12,16,24,20,17,1,3,19],[4,24,8,16,12,20,1,17,3,19],[24,4,16,8,12,20,17,1,3,19],[16,8,12,24,20,4,1,17,19,3],[12,20,16,8,4,1,17,19,3,23,18,2],[16,4,12,20,1,17,19,3,24,7,8],[24,12,4,20,17,1,19,3,16,8],[12,20,4,17,1,3,19,24,14,7,6,5,16],[4,24,16,8,12,20,1,17,19,3],[12,24,16,8,20,4,17,1,19,3],[8,20,16,24,12,4,1,17,3,19],[20,24,12,4,17,1,3,19,16,7,5],[20,4,17,1,19,3,9,16,24,7,8],[16,24,12,4,20,17,1,3,19,5],[12,20,8,24,16,4,1,17,3,19],[20,12,16,8,24,4,17,1,19,3],[8,4,16,20,1,17,19,3,22,12,23],[8,20,24,4,1,17,3,19,10,12,14,13,16,2,18],[20,8,16,4,1,17,19,3,21,24,12],[4,16,20,1,17,19,3,12,6,24,8],[20,12,8,4,1,17,3,19,22,16,24],[24,12,16,4,8,20,17,1,19,3],[4,8,12,20,1,17,3,19,21,24,16],[24,8,4,20,1,17,19,3,11,16,2,18],[24,20,12,16,8,4,1,17,3,19],[16,20,12,24,8,4,17,1,3,19],[12,4,20,1,17,3,19,14,24,16,7,8],[12,16,8,4,24,20,17,1,19,3],[4,20,17,1,3,19,24,10,12,8,16,18,2],[4,16,24,8,20,1,17,19,3,12],[4,8,12,20,17,1,19,3,21,24,16],[20,4,1,17,19,3,15,12,22,8,23,13,16],[16,4,24,20,1,17,19,3,12,5],[24,4,12,20,17,1,3,19,13,16,7,8],[16,8,20,12,24,4,1,17,3,19],[20,16,8,4,17,1,19,3,24,10,12,18,2],[24,16,20,4,1,17,19,3,8,9,12],[4,24,8,12,20,1,17,19,3,13,16],[24,20,16,4,1,17,19,3,5,12],[4,20,17,1,3,19,21,24,10,12,14,8,16,2,18],[12,4,24,16,8,20,1,17,19,3],[24,4,12,8,20,1,17,3,19,16],[8,16,4,12,24,20,17,1,3,19],[24,16,20,12,4,17,1,3,19,8],[4,24,8,16,20,17,1,3,19,12],[8,12,20,4,17,1,3,19,24,16],[4,12,8,24,20,17,1,3,19,16],[20,24,4,1,17,19,3,8,9,14,16,2,18],[20,8,4,1,17,19,3,12,16,24],[16,4,8,12,24,20,17,1,3,19],[4,20,17,1,19,3,16,9,7,8,23,18,2],[12,16,4,24,20,1,17,3,19,5],[4,24,8,16,20,17,1,3,19,11,10,12],[16,24,12,4,8,20,1,17,3,19],[12,16,4,24,8,20,1,17,19,3],[8,20,4,1,17,3,19,21,24,16,9,18,2],[8,24,20,4,1,17,19,3,9,16,6,2,18],[16,12,20,24,8,4,1,17,3,19],[24,4,12,8,20,17,1,19,3,15,2,18],[12,24,8,16,20,4,17,1,3,19],[24,16,4,20,17,1,19,3,12,6,7,8],[4,24,16,20,1,17,3,19,8,9,2,18],[8,20,24,16,12,4,17,1,19,3],[24,16,12,20,8,4,17,1,19,3],[20,16,12,8,24,4,1,17,19,3],[16,12,4,20,1,17,19,3,7,8,23],[16,4,8,24,12,20,1,17,3,19],[24,20,8,4,17,1,19,3,15,12,2,18],[8,4,24,12,20,17,1,19,3,15,16],[12,8,24,16,20,4,1,17,3,19],[12,20,8,4,1,17,3,19,21,24,13,16],[12,8,16,4,24,20,17,1,3,19],[24,8,12,4,20,1,17,19,3,16],[16,24,12,4,20,1,17,19,3,6,7,8],[24,8,12,20,16,4,1,17,3,19],[24,4,12,16,8,20,1,17,19,3],[4,20,17,1,19,3,16,12,21,24,5],[12,8,20,4,17,1,19,3,16,23,2,18],[20,12,16,24,4,1,17,3,19,8],[20,8,16,12,24,4,1,17,3,19],[8,4,20,1,17,3,19,24,16,12],[20,16,8,4,17,1,19,3,11,21,24,2,18],[8,16,24,12,20,4,17,1,3,19],[4,12,8,24,16,20,1,17,19,3],[16,8,4,24,20,17,1,3,19,12],[12,24,20,16,4,17,1,19,3,5],[12,24,4,20,1,17,19,3,8,16],[16,8,12,24,4,20,17,1,3,19],[4,8,24,16,20,17,1,3,19,9,2,18],[24,12,4,16,8,20,1,17,19,3],[24,12,4,20,17,1,19,3,6,16,8],[24,8,16,4,12,20,17,1,19,3],[12,8,4,16,24,20,1,17,19,3],[16,4,24,20,17,1,3,19,9,8,18,2],[12,4,20,1,17,19,3,8,23,14,15,18,2],[20,12,24,16,8,4,1,17,3,19],[12,16,4,8,20,17,1,19,3,22,23],[4,12,8,20,17,1,3,19,16,22,24],[12,16,24,20,8,4,17,1,19,3],[24,8,20,16,12,4,1,17,3,19],[20,8,12,4,1,17,19,3,21,24,13,16],[8,12,16,24,20,4,1,17,3,19],[24,4,8,20,1,17,19,3,16,12],[16,12,24,8,4,20,1,17,19,3],[16,12,20,8,24,4,17,1,3,19],[12,4,8,20,1,17,3,19,14,24,16],[8,24,12,4,16,20,1,17,3,19],[16,8,12,24,4,20,1,17,19,3],[20,8,16,4,17,1,3,19,24,12],[16,20,8,24,12,4,1,17,19,3],[8,4,16,24,12,20,17,1,19,3],[16,4,8,12,20,17,1,3,19,21,24],[24,8,16,12,4,20,1,17,19,3],[8,20,12,16,4,17,1,19,3,24],[24,20,8,16,12,4,17,1,3,19],[8,24,12,20,16,4,1,17,3,19],[16,8,4,20,17,1,3,19,21,24,12],[16,20,12,24,4,17,1,3,19,5],[4,24,16,12,20,1,17,19,3,8],[24,12,4,8,20,17,1,19,3,16],[20,16,4,1,17,19,3,12,23,8,2,18],[24,12,4,16,8,20,17,1,19,3],[4,20,17,1,19,3,23,8,12,14,13,16,5],[16,24,8,20,12,4,1,17,19,3],[24,8,16,20,12,4,1,17,19,3],[8,16,4,21,24,12,20,1,17,3,19],[4,8,16,12,20,1,17,19,3,21,24],[16,4,20,1,17,19,3,9,23,6,5],[16,24,20,12,8,4,17,1,19,3],[12,8,24,4,20,17,1,19,3,16],[24,4,12,8,16,20,1,17,19,3],[20,4,17,1,19,3,16,9,5,21,24],[16,12,4,8,24,20,1,17,19,3],[8,24,16,20,4,17,1,3,19,11,2,18],[12,20,16,8,24,4,17,1,3,19],[16,8,12,24,4,20,17,1,19,3],[16,4,20,17,1,3,19,9,22,6,5,21,24],[12,24,16,8,20,4,1,17,3,19],[24,20,8,16,12,4,1,17,19,3],[4,20,1,17,19,3,24,14,8,10,12,16,18,2],[24,4,8,12,16,20,1,17,3,19],[4,12,16,20,17,1,19,3,21,24,8],[4,12,20,1,17,3,19,24,13,16,7,8],[4,16,20,1,17,19,3,6,24,5,9],[20,16,8,4,17,1,3,19,12,24],[24,16,12,4,20,17,1,19,3,7,8],[12,20,24,16,8,4,1,17,3,19],[4,12,24,8,20,17,1,19,3,16],[4,12,20,1,17,19,3,8,24,13,16],[12,4,20,17,1,19,3,16,8,24],[4,20,1,17,19,3,24,10,12,15,8,18,2],[24,4,12,20,1,17,3,19,8,16],[24,12,8,16,20,4,1,17,19,3],[12,4,16,20,1,17,3,19,5,24],[16,4,24,12,20,17,1,19,3,8],[20,16,4,17,1,3,19,12,8,22,24],[20,8,12,16,4,1,17,19,3,21,24],[20,16,4,17,1,3,19,22,5,12,23],[8,24,12,20,16,4,17,1,3,19],[4,16,20,17,1,3,19,7,8,10,11,24,9],[24,20,4,1,17,3,19,10,12,14,5,16],[4,20,1,17,19,3,24,6,10,12,16,5],[16,4,20,1,17,19,3,12,8,24],[4,8,16,12,24,20,17,1,3,19],[4,24,8,12,20,17,1,3,19,16],[12,4,16,24,20,1,17,3,19,8],[20,16,8,12,24,4,17,1,19,3],[4,8,16,24,20,1,17,19,3,11,2,18],[16,20,8,4,17,1,3,19,12,24],[16,12,20,8,4,1,17,3,19,24],[12,16,4,8,24,20,1,17,3,19],[8,20,12,24,4,1,17,19,3,16],[8,12,20,16,4,1,17,19,3,24],[12,16,8,24,4,20,17,1,19,3],[12,4,24,8,20,17,1,19,3,16],[8,20,16,4,1,17,19,3,24,11,12],[8,16,24,4,20,1,17,19,3,12],[8,4,24,20,17,1,3,19,12,16],[20,8,24,12,4,1,17,3,19,14,13,16],[12,20,4,1,17,19,3,8,13,16,24],[20,4,17,1,3,19,8,24,16,12],[24,4,16,8,12,20,1,17,3,19],[8,16,4,12,20,17,1,19,3,21,24]],"n_human":9}