{"problem_id":"uOr9MApwTskp0fK","sigma":150,"alpha":0.316,"cost":1,"probabilities":"[0.05, 0.42, 0.15, 0.38]","payoff_matrix":"[[54, 18, -18, 15, 97, -65], [139, 164, 154, -201, -87, -188], [-173, -57, -287, -63, -67, -87], [272, -161, 102, -61, 38, 163]]","uncovered":[[6,2,4,8,14,18,10,12,22],[22,18,14,10,2,4,12,6,8],[22,14,2,10,4,12,17,18,5,6,8],[2,18,22,14,10,4,12,6,8],[6,22,18,2,4,8,14,9,10,12],[2,10,4,12,22,8,15,18],[6,22,18,14,10,8,2,4,12],[14,6,22,2,4,8,18,10,12],[18,10,14,22,2,12,4,6,8],[14,2,22,18,10,4,12,6,8],[10,2,4,12,22,7,14,20,8],[6,10,12,8,14,18,2,4,24,22],[6,2,8,10,12,4,18,13,16,24,22],[18,6,10,8,14,22,2,4,12],[10,2,4,12,14,22,20,8],[14,2,22,18,6,8,10,12,4],[2,18,14,6,8,10,4,12,22],[6,18,2,8,14,22,10,4,12],[18,10,14,22,2,4,12,6,8],[10,14,2,12,4,22,6,8,18],[14,10,22,2,4,12,17,18,6,8],[14,6,22,2,4,8,10,12,18],[18,22,2,6,8,14,10,12,4],[14,22,10,2,12,4,20,6,8],[14,6,2,8,10,12,4,19,21,22],[22,18,6,10,12,8,14,2,4],[18,2,10,12,4,22,6,8,14],[2,18,22,10,12,4,6,8,14],[6,22,14,10,12,8,2,4,20],[2,22,14,6,8,18,10,4,12],[22,10,6,12,8,14,18,2,4],[2,22,18,10,4,12,6,8,14],[6,2,4,8,14,21,10,12,18,23],[10,18,6,8,22,2,4,12,14],[6,14,22,2,4,8,10,12,18],[18,14,6,22,2,4,8,10,12],[2,10,4,12,6,8,22,14,18],[6,10,12,8,22,14,2,4,18],[6,22,14,2,8,18,10,12,4],[2,10,12,4,24,22,6,8,13,18,14],[10,2,12,4,18,6,8,16,24,22],[10,2,4,12,18,24,22,14,6,8],[10,6,8,14,18,22,2,12,4],[2,14,22,6,4,8,11,18],[10,2,12,4,6,8,22,14,18],[2,14,22,10,12,4,6,8,18],[18,10,2,4,12,14,8,24,22],[6,10,8,18,22,2,12,4,14],[2,10,4,12,18,23,14,6,8],[10,6,12,8,22,14,2,4,20],[18,6,22,14,10,8,2,12,4],[14,2,10,4,12,6,8,18,22],[18,14,6,2,8,22,10,4,12],[6,18,2,8,14,22,10,12,4],[22,14,10,18,2,4,12,8],[18,6,10,8,22,2,4,12,14],[2,18,6,8,22,10,12,4,14],[14,10,22,6,12,8,18,2,4],[6,22,2,4,8,17,18,10,12,14],[6,2,4,8,19,14,22,12,10],[22,10,18,6,8,2,12,4,14],[10,2,4,12,18,16,24,22,8],[6,14,22,18,2,8,10,4,12],[10,14,22,18,6,8,2,12,4],[2,6,8,10,4,12,14,18,22],[2,6,8,10,12,4,16,18,22],[10,18,14,2,12,4,24,22,6,8],[22,6,14,2,8,10,4,12,18],[14,10,22,2,12,4,18,6,8],[22,2,10,4,12,20,14,7,6,8],[22,18,2,6,8,14,10,12,4],[10,18,22,14,6,12,8,2,4],[18,14,2,6,4,8,10,12,21,22],[6,14,10,8,18,2,4,12,22],[6,14,18,2,8,22,10,4,12],[22,6,14,2,4,8,18,10,12],[18,6,14,2,8,10,12,4,22],[2,14,22,6,4,8,19,9,10,12],[2,22,18,14,10,12,4,6,8],[10,14,22,18,6,12,8,2,4],[18,6,10,12,8,22,14,2,4],[22,14,2,10,4,12,8,18],[10,14,18,2,12,4,24,22,5,6,8],[14,6,18,10,12,8,22,2,4],[18,6,22,10,8,14,2,12,4],[10,2,12,4,14,19,22,6,8],[22,2,6,8,10,4,12,20,14],[2,22,10,4,12,19,6,8,14],[10,14,22,6,8,18,2,12,4],[2,10,4,12,22,14,20,6,8],[10,18,2,4,12,6,8,14,22],[22,2,18,14,6,4,8,10,12],[22,18,14,2,10,4,12,6,8],[2,10,12,4,15,18,5,6,8,22],[14,22,6,18,2,8,10,12,4],[10,22,6,8,14,18,2,4,12],[18,14,6,2,4,8,22,10,12],[18,2,10,4,12,8,22,14],[6,14,22,2,4,8,10,12,18],[10,18,6,12,8,14,2,4,24,22],[10,2,4,12,14,18,24,22,6,8],[18,22,6,10,8,14,2,4,12],[14,18,22,10,6,12,8,2,4],[14,18,22,6,10,8,2,4,12],[10,14,2,12,4,8,22,19],[2,22,14,10,12,4,6,8,20],[14,18,2,22,10,4,12,6,8],[10,14,6,12,8,18,2,4,22],[10,6,12,8,22,2,4,18,13,14],[10,6,8,22,14,2,12,4,18],[14,10,2,12,4,23,6,8,18],[2,22,10,12,4,6,8,18,14],[2,10,4,12,22,17,18,14,7],[6,22,2,4,8,9,18,14,12],[18,6,22,2,4,8,10,12,15],[2,18,6,8,22,14,10,4,12],[2,10,12,4,6,8,24,22,16,18],[14,22,18,10,2,4,12,8],[18,22,10,6,8,14,2,4,12],[14,10,2,4,12,22,7,17,18],[2,6,8,14,18,10,4,12,22],[2,22,14,6,4,8,10,12,18],[22,6,10,8,18,14,2,12,4],[10,18,14,6,8,22,2,12,4],[10,18,6,12,8,22,2,4,14],[18,14,10,2,12,4,22,6,8],[18,6,22,14,2,8,10,12,4],[18,2,14,10,4,12,22,6,8],[6,14,22,18,2,8,10,4,12],[18,14,2,10,12,4,7,22],[18,2,6,4,8,14,9,22,12],[18,2,14,6,4,8,10,12,24,22],[14,6,18,2,8,10,4,12,24,22],[6,18,10,12,8,2,4,14,22],[22,18,10,6,8,14,2,12,4],[22,14,18,6,10,12,8,2,4],[18,22,14,10,6,12,8,2,4],[6,10,12,8,14,18,2,4,22],[22,18,10,14,2,12,4,6,8],[2,14,18,22,10,4,12,6,8],[2,18,14,22,6,4,8,12],[18,14,10,22,2,4,12,6,8],[6,22,14,2,4,8,18,9,10,12],[22,14,2,18,10,12,4,6,8],[2,10,4,12,6,8,22,14,18],[22,2,18,14,6,8,10,12,4],[6,14,10,12,8,18,22,2,4],[2,18,6,4,8,24,22,9,14,12],[10,14,22,18,6,12,8,2,4],[10,18,2,12,4,6,8,24,22,14],[10,6,12,8,22,14,2,4,18],[10,6,12,8,14,22,2,4,20],[18,22,14,6,2,4,8,10,12],[14,6,10,12,8,2,4,22,18],[10,18,14,6,12,8,2,4,24,22],[22,18,2,10,4,12,6,8,16],[18,10,2,4,12,21,14,6,8,24,22],[18,14,22,2,10,12,4,6,8],[22,2,6,4,8,17,18,16,10,12],[2,6,8,22,18,10,12,4,14],[14,6,2,8,10,4,12,22,18],[10,22,6,8,18,2,4,12,14],[2,18,10,12,4,7,22,14],[18,6,2,8,22,14,10,12,4],[10,2,4,12,6,8,14,22,18],[2,6,8,10,12,4,22,20,14],[22,18,10,6,12,8,14,2,4],[22,2,6,8,10,4,12,14,18],[10,14,6,12,8,2,4,17,18,22],[14,6,22,10,12,8,18,2,4],[6,22,10,12,8,2,4,14,18],[14,6,22,10,12,8,18,2,4],[22,6,10,8,2,4,12,14,20],[10,18,2,12,4,14,6,8,22],[6,22,2,8,18,14,10,12,4],[6,14,10,12,8,18,2,4,22],[14,18,2,22,10,4,12,8],[10,14,2,12,4,5,17,18,6,8,22],[6,22,18,2,4,8,14,10,12],[10,14,22,18,6,8,2,4,12],[22,2,14,18,10,12,4,7],[18,6,10,12,8,22,14,2,4],[2,10,4,12,18,6,8,14,23],[2,18,10,4,12,14,5,22,8],[18,6,14,10,12,8,22,2,4],[2,10,4,12,6,8,22,20,15,14],[2,22,6,4,8,10,12,13,14,20],[22,2,18,6,8,14,10,4,12],[22,6,14,10,8,2,12,4,18],[14,18,22,6,10,12,8,2,4],[10,14,22,18,6,12,8,2,4],[6,2,8,14,10,4,12,18,23],[10,14,22,2,4,12,6,8,18],[18,2,14,10,12,4,21,6,8,22],[6,22,14,18,10,12,8,2,4],[6,22,14,18,2,8,10,12,4],[18,22,6,2,4,8,16,10,12],[10,6,12,8,14,18,22,2,4],[6,10,8,2,4,12,22,13,20,14],[6,10,8,14,22,18,2,12,4],[6,22,18,14,10,8,2,12,4],[2,10,4,12,7,18,14,22],[22,2,18,6,8,10,12,4,13,14],[14,22,2,6,4,8,18,10,12],[18,2,10,12,4,14,22,8],[18,14,10,6,12,8,2,4,22],[18,6,2,8,14,10,4,12,22],[18,14,6,10,12,8,2,4,23],[18,2,10,12,4,6,8,21,14,24,22],[2,22,18,6,4,8,13,14,10,12],[18,2,10,4,12,15,6,8,22],[2,18,10,4,12,5,6,8,22,13,16],[22,10,18,2,4,12,8,15],[10,14,18,22,6,8,2,4,12],[14,2,22,10,4,12,6,8,18],[2,10,4,12,22,14,17,20,6,8],[10,2,4,12,19,24,22,7,16,6,8],[18,10,2,4,12,8,16,23],[14,22,6,10,8,18,2,4,12],[14,18,2,10,4,12,5,23,6,8],[14,18,22,6,2,8,10,4,12],[6,2,8,18,22,10,4,12,14],[2,14,6,8,22,10,4,12,18],[14,18,2,10,4,12,23,8],[14,6,18,2,8,22,10,4,12],[10,14,22,6,8,2,4,12,18],[2,6,8,10,4,12,14,20,24,22],[14,6,2,8,10,12,4,20,22],[6,18,22,2,8,14,10,4,12],[6,14,10,8,22,18,2,4,12],[22,14,6,18,2,8,10,4,12],[14,18,22,2,6,8,10,12,4],[14,22,18,6,2,4,8,11],[18,6,14,10,12,8,2,4,24,22],[22,18,6,2,4,8,11,14],[6,10,8,2,12,4,19,15,22,14],[6,22,18,14,10,12,8,2,4],[6,2,4,8,18,10,12,22,14],[6,14,22,10,12,8,18,2,4],[22,18,14,2,10,12,4,6,8],[18,6,14,22,10,8,2,4,12],[10,2,4,12,22,8,14,17,20],[18,6,2,4,8,10,12,22,14],[6,18,2,4,8,22,16,11],[10,18,14,22,6,12,8,2,4],[2,14,10,12,4,24,22,18,6,8],[2,10,12,4,14,24,22,18,8],[18,22,14,2,6,4,8,10,12],[6,10,8,14,18,22,2,12,4],[18,6,10,8,2,12,4,22,13,14],[10,2,4,12,5,18,22,6,8,14],[14,22,2,6,8,10,12,4,18],[14,10,22,2,4,12,6,8,18],[14,6,2,8,10,4,12,24,22,18],[14,22,6,2,8,10,12,4,18],[6,2,8,18,10,12,4,14,22],[2,14,6,8,18,22,10,4,12],[6,10,8,22,18,2,12,4,14],[10,18,2,12,4,22,14,8],[10,22,18,6,12,8,14,2,4],[18,6,2,8,22,14,10,12,4],[14,2,18,22,10,12,4,7],[6,18,10,12,8,14,2,4,22],[2,10,4,12,22,6,8,14,18],[22,14,2,6,8,10,4,12,18],[6,14,18,2,4,8,10,12,22],[14,22,10,2,4,12,18,6,8],[10,22,18,2,12,4,16,6,8],[14,6,22,18,2,8,10,4,12],[14,10,22,6,12,8,2,4,18],[14,2,18,22,6,8,10,12,4],[10,14,6,12,8,2,4,18,24,22],[18,14,2,22,10,4,12,8],[18,14,2,22,10,4,12,6,8],[2,6,4,8,22,14,12,18],[10,18,6,8,14,22,2,12,4],[10,18,6,8,22,2,4,12,14],[14,6,10,8,2,4,12,22,18],[14,2,6,8,18,10,12,4,22],[18,2,22,10,12,4,14,6,8],[14,2,10,4,12,18,6,8,22],[18,6,22,14,2,4,8,9,10,12],[6,18,14,10,12,8,22,2,4],[18,14,2,22,6,4,8,10,12],[14,22,6,18,2,8,10,12,4],[18,10,14,22,6,12,8,2,4],[22,6,14,10,8,18,2,12,4],[18,2,14,22,6,4,8,10,12],[6,14,2,8,18,10,4,12,22],[2,14,10,12,4,22,18,8],[2,10,4,12,14,18,8,22],[18,6,14,2,4,8,22,10,12],[18,14,10,22,2,12,4,6,8],[6,10,12,8,22,14,2,4,20],[18,6,2,4,8,14,22,10,12],[2,18,14,22,10,12,4,6,8],[22,2,10,4,12,19,13,14,5,7,6,8],[2,18,10,4,12,22,14,6,8],[14,2,18,22,10,12,4,7],[14,6,18,22,10,8,2,12,4],[14,22,18,10,2,12,4,6,8],[10,6,8,2,4,12,17,20,14,24,22],[14,2,18,6,8,22,10,12,4],[14,18,2,6,8,10,4,12,24,22],[10,2,4,12,18,23,16,6,8],[10,18,2,12,4,14,22,8],[6,2,4,8,20,10,12,22,14],[6,22,10,8,14,2,12,4,20],[10,18,6,12,8,2,4,13,16,22],[6,22,2,4,8,16,17,20,12,10],[2,14,6,4,8,23,10,12,19,18],[22,6,10,8,2,12,4,18,14],[18,14,10,22,2,12,4,6,8],[6,10,12,8,2,4,14,24,22,20],[18,2,6,4,8,16,10,12,23],[22,2,18,14,6,8,10,12,4],[18,2,10,4,12,22,14,6,8],[18,2,10,4,12,6,8,14,22],[10,2,4,12,20,6,8,22,16],[6,2,8,18,14,10,4,12,21,22],[6,14,2,8,22,18,10,4,12],[22,14,6,18,10,12,8,2,4],[6,18,14,2,8,10,4,12,22],[18,10,6,12,8,22,14,2,4],[22,2,10,4,12,18,6,8,14],[10,18,2,12,4,14,6,8,22],[18,2,6,4,8,10,12,14,21,24,22],[2,22,6,8,10,4,12,13,14,17,18],[22,6,10,8,14,18,2,4,12],[6,14,22,2,4,8,18,10,12],[2,22,18,10,12,4,16,5,6,8],[18,2,10,4,12,8,14,22],[6,18,10,12,8,14,2,4,22],[10,18,14,2,12,4,6,8,23],[2,6,4,8,20,10,12,13,14,22],[2,14,10,4,12,22,6,8,18],[2,22,10,12,4,6,8,17,20,14],[14,10,22,2,12,4,19,6,8],[22,6,2,4,8,11,14,18],[18,6,10,8,2,12,4,14,24,22],[6,22,18,14,2,4,8,10,12],[6,10,8,22,18,2,12,4,14],[22,18,10,2,4,12,13,14,6,8],[10,2,12,4,20,14,6,8,24,22],[14,6,18,2,4,8,10,12,22],[22,18,6,2,4,8,16,12,10],[6,2,4,8,22,16,18,12,10],[22,18,2,6,4,8,10,12,13,16],[2,22,18,10,12,4,15,5,6,8],[2,22,10,4,12,18,6,8,15],[6,14,2,8,22,18,10,4,12],[6,2,4,8,10,12,14,24,22,20],[2,10,4,12,22,14,19,6,8],[22,6,2,4,8,10,12,14,18],[22,14,10,6,8,2,12,4,18],[14,18,22,2,10,12,4,8],[2,10,12,4,15,19,24,22,6,8,20],[22,14,2,18,10,12,4,6,8],[18,14,22,2,10,4,12,6,8],[14,2,18,6,8,22,10,12,4],[22,14,6,10,12,8,18,2,4],[10,6,8,14,2,12,4,17,18,22],[2,22,10,4,12,18,15,6,8],[22,18,14,10,6,8,2,12,4],[22,10,2,4,12,14,18,8],[2,10,4,12,21,14,18,8,24,22],[18,10,22,6,12,8,14,2,4],[18,22,2,6,8,14,10,12,4],[14,18,22,10,2,4,12,6,8],[18,6,14,10,12,8,2,4,22],[6,18,22,10,8,14,2,12,4],[14,6,2,8,10,4,12,22,18],[18,2,10,12,4,13,22,14,6,8],[2,18,22,6,8,14,10,4,12],[18,2,6,4,8,10,12,22,15],[14,22,10,18,2,12,4,8],[2,22,6,4,8,16,17,18,11],[22,14,18,2,6,8,10,4,12],[10,18,22,14,6,8,2,4,12],[6,14,18,22,2,4,8,10,12],[6,14,22,10,8,2,4,12,18],[14,10,22,6,12,8,18,2,4],[14,6,2,8,22,10,4,12,18],[10,14,2,4,12,6,8,18,22],[14,18,6,10,12,8,22,2,4],[10,14,2,12,4,18,22,6,8],[18,22,10,2,12,4,7,16],[14,18,22,2,10,12,4,8],[10,18,22,14,2,12,4,6,8],[10,14,22,2,12,4,17,18,6,8],[10,2,12,4,20,21,14,8,22],[14,18,22,10,6,12,8,2,4],[22,2,18,6,8,14,10,12,4],[2,22,10,4,12,6,8,18,16],[10,22,6,12,8,18,2,4,15],[18,22,14,6,10,12,8,2,4],[10,6,12,8,14,2,4,18,22],[18,14,2,10,4,12,24,22,6,8],[6,18,10,12,8,2,4,14,22],[10,14,18,2,4,12,22,6,8],[14,22,10,2,4,12,8,17,18],[14,2,18,22,10,4,12,5,6,8],[18,6,10,8,14,2,12,4,24,22],[14,10,22,2,4,12,18,6,8],[6,2,4,8,14,10,12,18,22],[2,14,10,12,4,24,22,7,18],[2,18,22,14,10,12,4,8],[22,10,6,8,18,2,12,4,14],[10,14,22,18,6,12,8,2,4],[14,2,18,10,4,12,6,8,22],[6,10,8,18,2,12,4,14,22],[14,18,22,2,10,4,12,6,8],[6,22,10,12,8,18,2,4,14],[14,10,2,4,12,18,6,8,22],[22,18,6,14,2,8,10,4,12],[6,14,2,4,8,24,22,10,12,18],[14,10,22,18,2,12,4,6,8],[22,14,10,18,6,8,2,4,12],[10,18,22,2,12,4,15,8],[10,14,18,22,6,12,8,2,4],[2,22,10,4,12,8,16,18],[6,10,8,2,4,12,22,19,14],[2,18,22,6,4,8,14,10,12],[14,2,18,22,6,8,10,12,4],[6,14,18,22,10,12,8,2,4],[10,22,6,8,2,4,12,18,14],[10,6,8,2,4,12,22,14,18],[22,18,6,10,12,8,2,4,16],[10,14,6,12,8,18,22,2,4],[6,10,8,2,12,4,17,18,15,24,22],[18,22,2,14,6,8,10,4,12],[22,2,18,6,4,8,14,10,12],[10,6,12,8,2,4,14,22,20],[2,18,6,4,8,12,10,24,22,14],[14,2,10,12,4,6,8,18,22],[14,18,10,2,4,12,6,8,21,24,22],[22,14,6,18,2,4,8,10,12],[10,14,22,2,12,4,6,8,19],[2,18,22,10,4,12,13,16,8],[18,6,10,8,2,4,12,22,14],[2,10,12,4,18,14,24,22,8],[18,10,14,22,6,12,8,2,4],[2,10,4,12,14,21,18,6,8,23],[6,18,14,10,8,22,2,12,4],[2,6,8,10,12,4,22,14,20],[18,14,10,22,6,8,2,4,12],[14,2,10,4,12,18,6,8,22],[22,10,2,12,4,5,15,18,6,8],[22,18,6,2,4,8,14,10,12],[22,2,10,12,4,18,6,8,16],[18,14,10,6,8,2,12,4,22],[6,14,18,2,4,8,12,22],[6,2,4,8,21,14,10,12,19,22],[14,2,6,8,10,4,12,22,18],[14,2,10,12,4,6,8,22,18],[10,22,18,6,12,8,14,2,4],[22,14,18,10,2,4,12,6,8],[6,14,2,4,8,18,22,10,12],[22,6,2,4,8,10,12,15,18],[18,6,2,8,14,22,10,12,4],[14,22,10,18,6,8,2,12,4],[2,18,6,8,22,14,10,4,12],[14,2,10,4,12,20,6,8,22],[14,10,22,2,12,4,5,6,8,18],[2,14,10,12,4,18,5,6,8,22],[10,14,2,12,4,21,18,6,8,22],[18,22,14,2,6,8,10,4,12],[10,14,2,4,12,22,8,20],[22,14,6,10,8,18,2,12,4],[14,22,10,2,12,4,6,8,18],[10,6,8,2,12,4,22,18,16],[18,14,2,22,10,12,4,6,8],[6,18,14,22,10,8,2,12,4],[14,2,6,4,8,10,12,22,18],[22,6,10,12,8,18,2,4,14],[10,22,6,8,2,12,4,14,18],[18,6,14,2,8,22,10,12,4],[18,2,6,4,8,22,16,10,12],[18,22,10,2,4,12,13,5,6,8,14],[14,22,6,18,10,12,8,2,4],[2,14,6,8,18,10,12,4,24,22],[14,6,2,4,8,10,12,22,20],[6,22,14,18,10,12,8,2,4],[6,18,2,8,22,14,10,4,12],[2,6,8,18,10,12,4,22,14],[2,22,10,4,12,17,18,6,8,14],[6,2,4,8,13,19,15,22,10,12,16],[18,6,2,8,22,14,10,12,4],[6,10,8,14,18,2,12,4,22],[2,10,12,4,20,14,6,8,23],[14,6,2,4,8,24,22,18,10,12],[10,14,6,8,18,2,4,12,21,22],[2,18,14,22,10,4,12,8],[22,14,10,6,12,8,2,4,18],[14,18,6,2,8,10,12,4,22],[10,2,4,12,23,6,8,14,20],[6,18,10,12,8,2,4,24,22,14],[22,14,10,6,8,18,2,4,12],[10,2,12,4,18,14,6,8,22],[10,22,18,14,2,4,12,8],[14,10,22,18,2,12,4,6,8],[10,2,12,4,7,20,14,22,6,8],[6,22,2,4,8,10,12,17,18,15],[18,6,14,10,12,8,2,4,22],[6,10,12,8,18,2,4,15,22],[10,14,6,8,22,2,4,12,18],[18,2,10,4,12,22,14,5,6,8],[2,14,6,4,8,10,12,18,22],[22,10,14,6,8,2,12,4,18],[18,22,6,2,4,8,14,10,12],[10,2,12,4,18,22,5,7,16],[10,22,6,12,8,18,2,4,14],[6,2,8,14,10,4,12,22,18],[6,22,18,14,10,12,8,2,4],[2,6,4,8,14,10,12,20,21,23],[18,6,14,10,8,22,2,4,12],[14,18,6,2,4,8,24,22,10,12],[18,6,10,8,22,2,12,4,13,14],[2,18,22,10,12,4,6,8,16],[18,2,22,14,6,8,10,4,12],[6,10,8,2,4,12,18,21,16,23],[6,18,14,22,10,8,2,12,4],[22,2,18,10,4,12,15,6,8],[14,10,22,6,8,2,4,12,18],[22,6,2,8,10,4,12,20,14],[22,18,10,2,4,12,13,6,8,14],[6,18,10,8,14,2,4,12,23],[6,22,10,8,18,14,2,12,4],[14,2,22,6,4,8,18,10,12],[6,2,4,8,24,22,10,12,16,18],[2,22,10,12,4,6,8,14,18],[10,18,14,6,8,22,2,4,12],[2,6,8,14,10,12,4,18,22],[18,6,22,14,2,8,10,12,4],[18,2,10,4,12,14,7,22],[14,10,18,6,12,8,2,4,22],[18,6,2,4,8,22,16,10,12],[14,6,2,4,8,21,10,12,18,22],[18,6,2,4,8,14,10,12,22],[2,18,22,6,4,8,14,10,12],[2,18,6,8,22,14,10,4,12],[6,14,22,18,10,8,2,12,4],[10,14,18,6,12,8,2,4,22],[10,22,18,6,12,8,14,2,4],[6,22,10,12,8,18,14,2,4],[18,6,22,14,2,4,8,10,12],[10,2,12,4,18,6,8,21,14,22],[6,14,10,12,8,22,18,2,4],[2,10,12,4,6,8,22,16,18],[22,6,10,8,18,14,2,12,4],[22,18,14,2,10,4,12,6,8],[18,14,6,22,10,12,8,2,4],[22,14,10,6,12,8,2,4,18],[6,2,4,8,10,12,15,17,18,22],[2,6,4,8,14,22,18,11],[22,6,2,8,18,14,10,12,4],[10,14,2,12,4,18,24,22,6,8],[10,14,6,8,18,2,4,12,22],[22,6,2,8,18,14,10,4,12],[2,18,6,4,8,16,10,12,23],[2,18,6,4,8,10,12,22,16],[2,6,8,14,10,12,4,20,21,22],[18,10,14,22,6,8,2,12,4],[6,18,14,22,10,8,2,12,4],[14,22,18,2,6,8,10,4,12],[10,2,4,12,6,8,24,22,18,14],[10,14,6,12,8,22,18,2,4],[10,6,8,2,4,12,24,22,19,14],[18,22,2,14,6,8,10,12,4],[22,2,18,10,4,12,14,5,6,8],[22,18,2,14,6,8,10,12,4],[10,6,12,8,22,18,2,4,14],[2,14,22,18,6,8,10,12,4],[14,6,18,10,12,8,2,4,21,22],[22,14,18,10,2,4,12,7],[10,14,18,6,12,8,22,2,4],[2,6,8,14,22,10,12,4,20],[2,18,22,6,8,14,10,4,12],[14,6,2,4,8,20,22,11],[18,14,6,2,8,22,10,12,4],[10,14,22,6,8,2,12,4,18],[2,18,14,6,8,10,12,4,21,24,22],[18,14,10,6,8,22,2,4,12],[14,18,22,6,2,8,10,4,12],[14,6,22,2,4,8,19,10,12],[22,14,2,18,10,4,12,7],[10,18,6,12,8,2,4,14,21,24,22],[22,14,18,2,6,4,8,10,12],[10,18,14,2,4,12,22,6,8],[22,14,18,10,6,8,2,4,12],[10,22,18,6,8,14,2,12,4],[10,18,6,8,22,2,4,12,16],[18,22,2,6,4,8,16,12,10],[22,6,18,14,2,4,8,10,12],[10,18,6,8,14,22,2,12,4],[2,6,8,14,10,4,12,18,23],[2,14,10,4,12,6,8,22,18],[18,2,14,10,12,4,22,6,8],[10,14,18,22,2,12,4,8],[2,6,4,8,21,14,10,12,18,22],[18,22,10,6,12,8,14,2,4],[10,22,6,8,18,2,12,4,14],[14,10,22,2,12,4,18,6,8],[2,22,18,14,10,4,12,6,8],[2,6,4,8,23,14,18,10,12],[22,10,6,8,14,18,2,4,12],[10,14,18,6,12,8,22,2,4],[22,6,10,12,8,14,2,4,20],[22,14,2,18,6,4,8,10,12],[14,10,6,12,8,2,4,18,22],[18,22,6,14,10,12,8,2,4],[6,22,2,8,18,10,4,12,14],[2,10,4,12,24,22,6,8,20,14],[18,6,10,12,8,22,14,2,4],[6,14,2,4,8,18,22,10,12],[2,18,22,14,10,4,12,6,8],[14,22,18,2,10,12,4,6,8],[2,10,12,4,18,22,14,6,8],[2,10,4,12,6,8,22,18,14],[6,2,4,8,14,10,12,21,20,22],[6,18,14,22,10,8,2,4,12],[10,14,18,22,6,8,2,12,4],[6,2,8,10,4,12,20,14,22],[6,14,10,8,2,4,12,21,18,22],[14,10,2,4,12,18,23,8],[22,14,10,18,2,4,12,6,8],[2,10,12,4,24,22,6,8,14,18],[2,22,14,6,8,10,4,12,18],[14,22,6,2,8,10,4,12,18],[2,22,6,8,10,4,12,15,17,18],[10,14,6,8,18,22,2,4,12],[14,10,22,2,12,4,6,8,18],[2,18,22,10,4,12,6,8,14],[22,18,6,2,8,14,10,4,12],[22,6,2,4,8,18,10,12,16],[22,6,2,4,8,14,18,12],[14,10,18,6,12,8,22,2,4],[2,6,4,8,14,22,18,10,12],[10,6,8,2,4,12,18,22,16],[2,10,12,4,18,22,14,6,8],[14,18,2,22,10,4,12,6,8],[6,10,8,18,14,2,4,12,24,22],[18,22,6,2,8,10,4,12,15],[18,6,2,8,10,4,12,14,22],[2,10,12,4,6,8,15,18,22],[22,10,18,14,2,4,12,6,8],[22,2,10,12,4,6,8,18,14],[2,6,8,22,18,14,10,4,12],[14,18,2,10,4,12,22,8],[18,14,6,10,8,2,4,12,22],[2,14,22,6,4,8,9,18,10,12],[22,6,2,8,10,4,12,17,18,15],[10,18,6,8,2,12,4,16,22],[14,10,22,2,12,4,6,8,17,18],[14,2,6,4,8,18,10,12,21,22],[14,2,6,8,18,22,10,4,12],[2,18,22,14,6,4,8,10,12],[22,18,10,6,8,14,2,4,12],[2,14,10,12,4,18,6,8,22],[14,18,10,2,12,4,22,6,8],[14,6,10,12,8,22,2,4,18],[10,14,6,12,8,18,22,2,4],[14,10,2,12,4,22,19,8],[18,22,6,10,12,8,2,4,14],[2,14,22,10,4,12,6,8,17,20],[14,6,18,2,8,10,4,12,22],[18,6,10,12,8,22,2,4,14],[22,10,18,2,12,4,6,8,14],[18,22,14,2,6,8,10,12,4],[6,14,2,8,18,10,12,4,22],[2,14,6,4,8,18,10,12,22],[14,2,6,4,8,22,12,18],[22,2,6,8,10,4,12,20,16],[22,6,10,12,8,2,4,14,18],[6,14,10,12,8,18,22,2,4],[2,14,6,8,22,18,10,4,12],[22,6,2,4,8,14,20,10,12],[22,18,2,14,10,12,4,8],[14,18,2,22,10,12,4,6,8],[2,22,6,4,8,10,12,14,18],[2,22,18,10,4,12,14,7],[2,22,14,6,4,8,18,10,12],[2,6,8,22,18,14,10,12,4],[6,18,22,10,8,14,2,12,4],[18,6,14,2,4,8,12,23,10],[6,18,22,2,4,8,16,10,12],[10,14,2,4,12,20,22,5,6,8],[14,6,2,8,18,22,10,12,4],[14,10,18,2,12,4,6,8,24,22],[2,14,10,4,12,6,8,18,22],[6,18,14,10,8,22,2,12,4],[10,22,2,12,4,6,8,14,17,18],[22,2,6,8,14,10,4,12,20],[10,2,12,4,22,7,16,18],[6,10,12,8,22,14,18,2,4],[10,6,12,8,14,22,2,4,18],[14,22,10,18,2,12,4,6,8],[18,14,22,6,10,8,2,12,4],[2,22,14,10,4,12,18,6,8],[14,6,18,10,8,2,12,4,22],[2,10,4,12,22,15,18,6,8],[6,22,10,12,8,14,2,4,18],[14,22,18,10,6,8,2,12,4],[14,18,10,22,6,12,8,2,4],[10,2,12,4,14,8,18,21,23],[2,6,4,8,10,12,14,18,22],[2,10,4,12,6,8,16,21,18,24,22],[2,18,10,12,4,16,22,6,8],[22,14,2,6,4,8,12,18],[18,6,14,22,2,4,8,10,12],[10,22,6,12,8,18,14,2,4],[22,10,2,12,4,16,8,18],[18,22,2,10,4,12,6,8,14],[10,6,8,22,2,12,4,17,18,14],[10,18,14,22,2,4,12,8],[2,22,10,12,4,6,8,16,18],[2,18,14,6,4,8,10,12,23],[14,6,22,18,2,8,10,4,12],[18,14,22,10,6,12,8,2,4],[6,2,8,10,4,12,14,22,18],[14,18,22,2,6,4,8,10,12],[2,6,8,22,10,12,4,14,18],[18,14,6,22,10,8,2,4,12],[10,14,18,2,4,12,6,8,21,22],[18,14,2,22,10,4,12,6,8],[22,2,14,10,4,12,18,8],[6,10,12,8,22,2,4,18,16],[22,18,14,10,2,4,12,6,8],[2,18,10,4,12,6,8,22,16],[22,10,14,18,6,8,2,4,12],[6,14,22,10,12,8,18,2,4],[6,14,18,2,8,22,10,4,12],[18,6,2,4,8,14,23,9,10,12],[6,14,22,18,10,12,8,2,4],[6,10,8,22,14,18,2,4,12],[10,6,12,8,22,14,2,4,20],[22,18,10,6,12,8,14,2,4],[10,22,18,6,8,14,2,4,12],[18,6,10,8,2,12,4,16,22],[6,2,8,18,14,10,12,4,22],[6,2,4,8,18,14,22,12],[22,18,2,6,8,14,10,12,4],[6,14,22,2,8,10,4,12,19],[14,6,10,8,18,22,2,4,12],[18,2,22,14,10,4,12,8],[14,6,10,12,8,22,18,2,4],[22,14,2,6,4,8,18,9,12],[18,14,10,2,4,12,6,8,22],[6,2,4,8,10,12,22,19,14],[14,6,2,8,18,22,10,12,4],[18,2,6,4,8,12,22,14],[2,14,6,4,8,18,10,12,22],[6,14,18,2,8,10,4,12,22],[2,22,6,8,14,10,4,12,18],[10,6,8,14,22,18,2,12,4],[18,22,10,2,4,12,14,5,6,8],[22,6,18,14,10,12,8,2,4],[22,2,6,8,14,10,12,4,18],[2,22,10,4,12,13,6,8,20,16],[6,18,22,2,4,8,14,10,12],[18,10,6,12,8,22,2,4,16],[22,2,18,14,6,4,8,10,12],[18,6,14,22,2,8,10,4,12],[10,2,4,12,19,22,6,8,14],[22,10,2,12,4,6,8,17,18,16],[22,18,2,6,8,14,10,12,4],[10,6,8,18,2,4,12,24,22,14],[10,22,18,6,8,2,4,12,14],[10,6,12,8,2,4,22,14,18],[14,6,18,22,10,8,2,4,12],[6,10,8,22,18,2,12,4,14],[22,18,10,2,4,12,15,6,8],[22,14,10,2,4,12,6,8,18],[6,10,8,22,14,18,2,12,4],[14,18,6,2,4,8,24,22,10,12],[6,22,2,8,18,14,10,12,4],[22,10,6,8,2,4,12,16,18],[10,14,18,6,12,8,22,2,4],[14,2,22,10,12,4,8,18],[22,10,18,2,4,12,14,6,8],[14,10,22,18,2,12,4,6,8],[10,14,2,12,4,19,24,22,6,8],[6,10,8,14,22,2,4,12,18],[2,14,6,4,8,18,12,22],[22,6,14,10,8,18,2,12,4],[22,14,18,6,10,12,8,2,4],[22,14,18,2,10,12,4,6,8],[10,2,4,12,13,7,17,18,22,14],[2,14,22,10,12,4,18,8],[14,18,22,2,6,4,8,10,12],[6,22,2,4,8,16,18,12,10],[2,18,6,8,14,22,10,12,4],[2,10,12,4,5,24,22,8,20,14],[10,22,6,8,14,18,2,4,12],[14,6,10,12,8,18,22,2,4],[14,10,2,12,4,18,24,22,6,8],[6,2,8,14,22,10,4,12,17,18],[2,22,14,6,8,18,10,4,12],[2,14,22,18,10,12,4,6,8],[10,2,12,4,5,14,18,6,8,24,22],[18,22,14,2,6,4,8,9],[14,22,6,18,10,8,2,12,4],[14,6,22,18,2,4,8,11],[14,22,18,6,10,12,8,2,4],[6,14,2,4,8,10,12,22,20],[2,22,18,14,10,12,4,6,8],[18,2,14,6,8,22,10,4,12],[14,18,10,6,12,8,2,4,22],[10,14,6,12,8,18,2,4,22],[18,2,6,8,22,10,12,4,16],[10,14,22,6,8,18,2,4,12],[22,2,18,10,4,12,14,6,8],[2,6,8,14,22,10,4,12,18],[22,18,14,6,2,4,8,9,10,12],[10,6,8,14,18,22,2,12,4],[6,10,8,22,18,2,12,4,15],[18,6,14,10,8,2,4,12,22],[10,14,22,2,12,4,20,6,8],[10,14,6,8,2,12,4,22,18],[18,22,2,14,10,4,12,6,8],[14,6,18,10,8,2,4,12,22],[22,6,18,2,8,14,10,4,12],[2,10,4,12,6,8,18,14,24,22],[14,22,2,18,6,4,8,10,12],[14,2,18,6,4,8,21,10,12,22],[6,22,14,2,4,8,12,18],[6,18,14,22,10,8,2,4,12],[18,22,6,2,8,10,4,12,14],[6,18,10,8,14,2,4,12,22],[6,22,14,2,4,8,20,12,10],[10,22,2,12,4,15,6,8,18],[22,6,18,10,12,8,14,2,4],[6,2,8,18,10,4,12,22,14],[18,14,10,2,12,4,6,8,22],[22,2,10,12,4,5,18,16,8],[18,10,14,22,2,12,4,6,8],[2,22,18,10,4,12,14,8],[6,18,14,22,10,8,2,12,4],[2,18,6,4,8,10,12,22,14],[10,14,2,4,12,6,8,18,22],[10,6,12,8,18,2,4,13,24,22,14],[2,14,18,6,4,8,24,22,10,12],[14,22,10,6,12,8,18,2,4],[18,10,22,2,4,12,14,6,8],[6,14,10,12,8,18,2,4,22],[22,14,2,18,6,4,8,10,12],[10,14,18,2,12,4,6,8,23],[18,22,10,14,2,4,12,5,6,8],[2,22,18,6,8,14,10,12,4],[6,18,14,22,2,4,8,12],[18,22,2,10,4,12,6,8,16],[10,18,6,8,2,4,12,22,15],[2,10,12,4,14,22,7,18],[22,6,2,4,8,18,13,14,10,12],[6,2,8,18,10,12,4,22,14],[6,10,12,8,2,4,18,15,23,14],[2,6,8,14,22,10,12,4,18],[10,22,6,12,8,18,2,4,14],[18,22,2,6,8,14,10,4,12],[14,22,18,10,2,4,12,6,8],[22,2,6,4,8,18,13,10,12,14],[10,18,22,2,4,12,6,8,16],[22,10,6,12,8,2,4,18,14],[6,18,2,4,8,22,14,12],[10,6,8,22,18,2,4,12,15],[14,18,2,10,12,4,22,5,6,8],[14,2,18,6,8,10,12,4,24,22],[18,14,10,6,8,22,2,4,12],[14,18,6,10,12,8,2,4,24,22],[6,22,18,14,2,4,8,10,12],[10,6,12,8,18,2,4,14,22],[18,6,10,8,22,14,2,12,4],[10,14,18,22,6,12,8,2,4],[22,6,10,12,8,2,4,14,18],[2,18,6,8,10,4,12,14,22],[2,14,22,18,10,12,4,5,6,8],[6,18,22,10,8,14,2,12,4],[6,18,22,2,4,8,14,9,12],[14,6,18,10,12,8,2,4,24,22],[22,14,10,18,6,12,8,2,4],[18,2,10,12,4,13,16,7,22],[10,18,22,2,4,12,14,6,8],[2,6,4,8,14,10,12,22,20],[10,6,8,2,12,4,13,21,14,20,22],[10,6,12,8,22,2,4,17,18,14],[14,22,10,2,4,12,6,8,18],[22,2,10,12,4,14,18,6,8],[6,10,12,8,2,4,13,14,22,20],[6,22,14,18,2,8,10,4,12],[22,14,10,6,12,8,18,2,4],[18,6,2,4,8,22,14,9,12],[18,10,22,6,8,14,2,12,4],[2,18,10,12,4,6,8,24,22,14],[22,18,2,14,10,4,12,6,8],[22,18,6,2,4,8,10,12,14],[18,22,10,14,2,4,12,6,8],[2,10,4,12,18,7,16,22],[22,14,6,18,2,8,10,4,12],[6,22,2,8,14,10,12,4,17,18],[22,2,18,14,10,12,4,7],[14,10,2,4,12,22,6,8,19],[10,6,8,18,14,22,2,12,4],[10,18,6,8,22,2,12,4,14],[14,2,22,6,8,10,4,12,18],[10,14,22,18,6,8,2,4,12],[2,14,18,6,4,8,10,12,22],[22,2,14,10,4,12,17,18,5,6,8],[18,2,22,14,6,8,10,4,12],[22,18,2,14,6,8,10,4,12],[18,14,10,22,6,8,2,4,12],[6,2,4,8,20,24,22,14,10,12],[6,22,10,12,8,14,18,2,4],[10,18,22,2,4,12,6,8,14],[2,14,6,4,8,24,22,18,10,12],[18,22,2,10,12,4,14,6,8],[2,18,22,10,4,12,6,8,15],[18,22,14,6,2,8,10,4,12],[10,14,2,12,4,20,8,24,22],[22,18,10,2,12,4,14,5,8],[14,10,18,2,4,12,6,8,21,24,22],[14,22,10,18,6,8,2,4,12],[22,18,2,6,8,14,10,4,12],[6,2,8,18,14,10,12,4,22],[6,22,2,8,18,10,12,4,14],[6,18,14,10,12,8,2,4,22],[2,6,4,8,22,18,10,12,14],[22,14,6,2,4,8,10,12,20],[22,10,6,8,18,2,4,12,14],[6,22,18,10,8,14,2,12,4],[2,18,6,8,14,22,10,12,4],[18,22,14,2,6,4,8,10,12],[22,14,10,18,6,8,2,4,12],[18,22,10,2,4,12,8,16],[18,22,10,6,8,2,12,4,14],[14,10,2,4,12,6,8,22,17,20],[18,6,22,14,10,8,2,12,4],[14,22,10,6,8,2,12,4,18],[18,10,6,12,8,2,4,22,16],[2,14,18,22,10,12,4,6,8],[2,22,14,10,4,12,6,8,18],[10,14,2,4,12,6,8,24,22,18],[6,22,2,8,18,10,12,4,16],[18,22,10,6,12,8,2,4,14],[10,6,12,8,22,2,4,14,20],[10,2,12,4,22,16,7,18],[2,14,6,4,8,18,10,12,21,22],[18,22,14,10,6,12,8,2,4],[18,10,22,2,12,4,5,6,8,14],[6,18,10,12,8,22,14,2,4],[6,22,2,8,14,18,10,4,12],[14,18,10,2,12,4,6,8,22],[10,18,14,22,2,4,12,8],[6,10,8,18,14,22,2,12,4],[22,2,10,12,4,14,17,18,8],[10,14,22,18,2,12,4,8],[18,2,22,10,12,4,14,6,8],[6,10,8,22,14,2,4,12,17,18],[14,10,2,12,4,18,8,22],[6,22,14,18,2,4,8,10,12],[22,2,10,4,12,6,8,18,16],[18,2,22,14,6,4,8,10,12],[18,2,6,4,8,14,22,10,12],[2,6,8,14,18,10,12,4,21,23],[18,14,10,22,6,8,2,12,4],[18,22,6,10,8,2,4,12,14],[18,22,10,6,8,2,4,12,14],[14,18,6,10,12,8,2,4,23],[18,6,22,14,10,8,2,4,12],[2,10,4,12,18,14,8,24,22],[2,10,12,4,18,15,6,8,22],[22,2,18,14,6,8,10,12,4],[10,14,6,12,8,2,4,19,22],[10,22,2,12,4,19,6,8,14],[2,14,6,4,8,18,21,10,12,23],[6,2,4,8,14,20,22,12,10],[18,2,6,4,8,12,22,16,10],[2,14,18,22,6,8,10,4,12],[22,2,6,4,8,10,12,18,15],[10,6,8,14,22,2,12,4,18],[2,14,6,4,8,24,22,12,19,10],[10,22,2,4,12,8,14,17,18],[2,22,18,10,4,12,16,5,8],[14,2,10,12,4,8,22,19],[22,18,6,10,8,2,12,4,16],[18,2,6,8,14,22,10,4,12],[6,22,10,12,8,14,18,2,4],[2,14,18,22,6,8,10,12,4],[6,2,8,10,12,4,18,14,22],[18,6,14,10,12,8,2,4,24,22],[22,6,18,10,12,8,2,4,14],[2,18,22,6,8,14,10,4,12],[14,6,2,8,22,18,10,4,12],[22,6,10,12,8,18,2,4,14],[6,2,4,8,12,18,24,22,14],[22,2,14,6,4,8,10,12,20],[10,18,2,4,12,6,8,14,21,22],[18,10,14,6,8,2,4,12,22],[6,14,10,8,2,4,12,20,24,22],[2,6,4,8,14,19,22,12,10],[6,18,2,4,8,14,10,12,21,22]],"n_human":9}