{"problem_id":"Zx5l9OWUXCJOUsd","sigma":150,"alpha":1.000,"cost":1,"probabilities":"[0.13999999999999999, 0.68, 0.09, 0.09]","payoff_matrix":"[[-50, -162, 75, 94, -249, -2], [-209, 15, 54, -170, -230, 36], [-280, 3, -96, 193, 29, 102], [-100, 215, 316, -236, 107, -189]]","uncovered":[[18,10,14,2,6,22,9,21,5,23,11,12],[18,14,22,10,2,6,21,9,5,24],[10,6,22,18,14,2,21,9,5,23,12],[2,10,14,6,18,22,21,9,5,24],[2,14,6,18,22,10,21,9,5,11,24],[10,2,22,6,18,14,21,9,5,23,12],[6,2,14,10,22,18,9,21,5,11,24],[14,18,10,2,6,22,21,9,5,11,24],[18,10,2,22,14,6,21,9,5,23,11,24],[18,14,10,22,6,2,9,21,5,24],[6,22,10,14,18,2,21,9,5,24],[18,10,14,22,6,2,9,21,5,12],[14,2,6,18,10,22,9,21,5,24],[14,10,18,2,22,6,9,21,5,11,23,12],[6,18,22,10,14,2,21,9,5,23,12],[14,22,6,18,2,10,9,21,5,23,12],[18,10,22,14,6,2,21,9,5,12],[2,18,6,22,14,10,21,9,5,23,12],[2,18,6,22,10,14,21,9,5,12],[14,18,10,22,6,2,9,21,5,24],[6,18,14,22,10,2,21,9,5,23,12],[22,2,18,14,10,6,21,9,5,11,23,12],[18,14,2,22,6,10,9,21,5,12],[22,2,14,10,18,6,9,21,5,12],[18,14,10,2,6,22,9,21,5,23,11,24],[18,14,10,22,2,6,9,21,5,12],[10,14,6,18,2,22,21,9,5,12],[2,22,14,18,10,6,21,9,5,11,24],[22,6,2,10,18,14,21,9,5,23,12],[2,22,6,18,14,10,21,9,5,24],[6,2,22,18,10,14,9,21,5,12],[18,14,6,2,10,22,9,21,5,11,23,24],[22,18,2,10,14,6,9,21,5,11,24],[2,6,10,22,18,14,9,21,5,12],[18,14,6,2,22,10,21,9,5,11,23,24],[14,18,22,6,2,10,9,21,5,23,11,24],[6,14,2,22,18,10,9,21,5,24],[10,6,22,14,18,2,21,9,5,11,23,12],[10,22,6,18,2,14,9,21,5,11,24],[6,22,10,2,18,14,21,9,5,24],[6,10,14,18,2,22,21,9,5,23,12],[6,14,18,22,2,10,21,9,5,23,12],[2,10,6,14,18,22,21,9,5,12],[2,10,18,22,6,14,9,21,5,24],[22,18,2,10,14,6,21,9,5,24],[6,2,10,22,14,18,9,21,5,23,12],[10,18,6,22,14,2,9,21,5,23,12],[22,2,10,6,18,14,9,21,5,12],[10,6,2,18,22,14,9,21,5,24],[6,22,14,18,2,10,9,21,5,11,24],[6,14,2,22,10,18,21,9,5,11,24],[6,10,14,22,18,2,21,9,5,11,24],[2,18,14,22,6,10,21,9,5,12],[18,10,6,22,2,14,21,9,5,24],[22,18,2,6,10,14,21,9,5,12],[18,10,6,22,2,14,21,9,5,24],[18,10,14,22,6,2,21,9,5,12],[18,22,6,2,14,10,9,21,5,12],[18,14,2,22,6,10,21,9,5,11,24],[10,22,18,2,14,6,21,9,5,11,24],[6,18,10,22,14,2,9,21,5,11,24],[2,14,6,18,22,10,9,21,5,23,11,24],[22,2,6,14,10,18,9,21,5,24],[10,14,18,6,2,22,9,21,5,24],[10,18,2,22,14,6,21,9,5,12],[6,14,2,22,10,18,9,21,5,24],[2,22,14,18,10,6,9,21,5,12],[6,2,18,22,10,14,21,9,5,23,12],[6,10,18,14,22,2,21,9,5,24],[10,6,18,22,14,2,9,21,5,23,12],[18,14,2,22,6,10,9,21,5,12],[6,2,14,22,18,10,21,9,5,12],[6,18,10,2,14,22,21,9,5,11,23,12],[2,14,18,6,10,22,9,21,5,23,12],[6,18,22,2,14,10,9,21,5,23,12],[14,2,22,10,18,6,9,21,5,12],[18,2,22,10,6,14,9,21,5,24],[22,14,2,6,18,10,9,21,5,24],[22,2,10,18,6,14,21,9,5,11,24],[18,10,6,22,14,2,9,21,5,23,11,24],[2,6,22,18,14,10,21,9,5,12],[10,14,22,6,2,18,9,21,5,11,23,24],[10,22,14,6,18,2,9,21,5,11,23,24],[14,22,18,2,10,6,9,21,5,12],[10,6,2,14,18,22,9,21,5,24],[14,10,18,22,6,2,9,21,5,11,23,12],[18,2,6,22,10,14,9,21,5,24],[22,10,2,18,6,14,21,9,5,11,23,12],[22,10,6,18,2,14,21,9,5,24],[18,2,6,22,14,10,21,9,5,12],[10,18,6,2,14,22,9,21,5,23,12],[2,14,6,22,18,10,21,9,5,11,23,12],[14,6,10,22,2,18,9,21,5,23,11,12],[2,22,18,6,10,14,21,9,5,23,11,24],[6,14,22,2,10,18,21,9,5,12],[14,18,2,22,6,10,9,21,5,23,12],[2,18,22,6,14,10,21,9,5,12],[10,18,2,6,14,22,21,9,5,24],[18,2,10,14,22,6,21,9,5,12],[6,22,10,2,18,14,9,21,5,11,24],[18,22,6,10,14,2,9,21,5,24],[10,14,6,2,18,22,21,9,5,11,24],[22,10,6,2,14,18,9,21,5,23,11,12],[22,6,14,2,10,18,9,21,5,24],[2,6,10,14,22,18,9,21,5,23,12],[10,6,18,22,2,14,21,9,5,12],[2,6,22,14,10,18,9,21,5,12],[14,10,6,22,18,2,21,9,5,24],[10,22,14,6,18,2,21,9,5,11,23,24],[10,2,6,14,18,22,21,9,5,11,23,12],[10,2,14,6,22,18,21,9,5,11,24],[6,10,18,2,22,14,9,21,5,24],[2,18,10,22,14,6,21,9,5,12],[22,6,14,18,2,10,21,9,5,12],[14,18,2,6,22,10,9,21,5,11,23,24],[18,14,22,6,10,2,9,21,5,23,11,24],[2,10,6,18,14,22,21,9,5,23,11,24],[2,6,22,18,10,14,21,9,5,12],[2,18,6,10,14,22,9,21,5,24],[10,22,18,2,14,6,9,21,5,11,24],[10,22,2,18,6,14,21,9,5,11,23,12],[2,10,22,14,6,18,9,21,5,12],[2,22,6,10,18,14,21,9,5,24],[6,2,18,22,10,14,9,21,5,24],[2,6,10,22,14,18,9,21,5,11,23,12],[10,18,2,22,14,6,21,9,5,11,23,24],[10,18,14,6,22,2,21,9,5,24],[18,14,6,2,10,22,21,9,5,24],[2,14,10,22,6,18,21,9,5,24],[18,6,14,2,22,10,21,9,5,11,24],[6,2,10,14,18,22,9,21,5,12],[18,2,22,14,6,10,9,21,5,24],[2,18,14,6,10,22,21,9,5,23,12],[10,18,2,6,14,22,21,9,5,24],[10,14,22,6,18,2,21,9,5,24],[10,6,22,2,14,18,9,21,5],[2,14,6,18,10,22,9,21,5,23,12],[18,14,22,10,6,2,9,21,5,24],[22,6,2,10,18,14,9,21,5,11,24],[18,10,14,6,2,22,9,21,5,24],[2,18,6,14,10,22,9,21,5,24],[14,18,6,22,2,10,21,9,5,11,24],[6,14,10,2,18,22,21,9,5,12],[14,6,22,18,10,2,9,21,5,24],[14,2,18,10,22,6,9,21,5,11,23,24],[14,18,2,10,22,6,21,9,5,24],[10,14,6,22,2,18,21,9,5,24],[2,18,10,6,14,22,21,9,5,24],[14,2,22,6,10,18,21,9,5,11,24],[22,14,2,10,18,6,9,21,5,12],[22,2,14,10,18,6,21,9,5,24],[18,14,6,2,22,10,9,21,5,23,12],[14,22,6,18,10,2,9,21,5,24],[10,2,14,18,6,22,21,9,5,23,12],[18,10,6,2,22,14,9,21,5,24],[18,22,10,2,14,6,21,9,5,23,12],[14,18,2,22,6,10,21,9,5,23,11,12],[2,6,18,22,14,10,21,9,5,24],[22,18,6,2,10,14,9,21,5,11,23,12],[14,18,10,6,22,2,9,21,5,23,11,12],[10,18,2,14,6,22,9,21,5,11,23,12],[14,2,18,6,10,22,9,21,5,12],[2,18,6,10,14,22,9,21,5,23,11,12],[18,10,22,14,2,6,9,21,5,12],[10,18,2,6,22,14,21,9,5,23,11,12],[10,6,22,14,18,2,9,21,5,12],[10,14,18,6,2,22,21,9,5,11,24],[18,14,2,10,6,22,9,21,5,12],[14,6,2,22,18,10,21,9,5,11,24],[2,18,10,6,14,22,21,9,5,11,23,24],[22,18,2,6,10,14,21,9,5,24],[10,14,18,6,2,22,9,21,5],[2,18,14,10,6,22,21,9,5,12],[22,2,14,18,6,10,21,9,5,24],[14,18,22,2,6,10,21,9,5,12],[6,22,18,2,14,10,21,9,5,12],[18,10,14,22,2,6,21,9,5,12],[18,2,14,6,10,22,9,21,5,23,12],[10,18,6,14,2,22,9,21,5,12],[18,2,6,22,10,14,9,21,5,23,12],[6,2,18,10,14,22,21,9,5,24],[10,2,6,22,14,18,21,9,5,12],[22,18,2,6,14,10,21,9,5,24],[14,22,18,10,2,6,9,21,5,23,11,24],[14,2,10,6,18,22,9,21,5,24],[10,2,22,14,6,18,9,21,5,23,11,12],[18,22,2,6,10,14,21,9,5,23,12],[6,18,22,2,14,10,9,21,5,23,12],[2,10,18,6,22,14,21,9,5,11,24],[10,18,6,14,22,2,9,21,5,12],[6,18,10,2,22,14,9,21,5,24],[10,6,2,14,18,22,9,21,5,24],[18,14,10,6,22,2,9,21,5,23,11,12],[18,6,14,10,2,22,9,21,5,11,23,12],[10,22,6,14,18,2,21,9,5,11,24],[22,18,6,2,10,14,9,21,5,24],[2,22,10,6,18,14,9,21,5,11,24],[18,2,6,10,22,14,21,9,5,23,11,12],[2,6,10,14,18,22,9,21,5,24],[2,6,18,10,22,14,21,9,5,24],[2,18,6,22,14,10,21,9,5,23,12],[22,14,2,18,6,10,21,9,5,11,23,24],[10,14,6,2,18,22,21,9,5,23,11,12],[22,18,2,6,10,14,9,21,5,11,24],[6,18,2,14,10,22,21,9,5,24],[6,18,10,2,14,22,21,9,5,23,12],[10,18,22,14,2,6,21,9,5,11,24],[2,14,22,18,6,10,9,21,5,24],[14,22,18,6,2,10,21,9,5,11,23,12],[22,2,6,10,14,18,9,21,5,12],[6,18,10,2,22,14,9,21,5,12],[10,14,18,22,2,6,9,21,5,23,11,12],[22,10,18,2,6,14,9,21,5,23,11,12],[18,10,14,2,6,22,21,9,5,23,11,12],[14,22,10,18,6,2,9,21,5,12],[14,22,6,2,18,10,21,9,5,24],[14,18,10,6,22,2,21,9,5,11,23,24],[22,2,10,18,6,14,21,9,5,11,24],[14,2,6,10,22,18,9,21,5,11,23,24],[22,18,14,2,6,10,9,21,5,24],[2,10,18,14,6,22,21,9,5,24],[18,22,10,2,14,6,9,21,5,23,12],[22,14,10,18,2,6,9,21,5,11,24],[10,14,2,18,22,6,21,9,5,12],[18,2,10,22,14,6,21,9,5,11,23,24],[2,22,18,14,6,10,21,9,5,11,23,12],[14,18,2,10,6,22,9,21,5,23,11,12],[18,22,2,10,14,6,9,21,5,23,11,12],[18,14,10,6,22,2,21,9,5,11,23,12],[22,6,18,14,10,2,9,21,5,12],[14,6,18,2,10,22,9,21,5,12],[18,6,14,22,2,10,9,21,5,23,12],[2,6,14,22,10,18,9,21,5,12],[6,2,18,22,10,14,21,9,5,24],[6,14,2,10,18,22,9,21,5,11,24],[2,14,10,22,6,18,9,21,5,23,12],[2,10,22,18,6,14,9,21,5,12],[14,6,10,22,2,18,9,21,5,23,12],[6,18,14,22,2,10,21,9,5,23,11,12],[14,2,22,10,18,6,21,9,5,11,23,12],[6,10,2,18,22,14,21,9,5,11,23,12],[2,10,6,22,18,14,9,21,5,23,12],[10,22,6,14,2,18,9,21,5,11,24],[10,18,6,14,22,2,21,9,5,23,11,12],[10,18,6,2,22,14,21,9,5,24],[6,22,10,2,14,18,21,9,5,23,11,24],[22,14,6,10,18,2,9,21,5,11,23,12],[10,22,14,6,2,18,21,9,5,11,23,24],[22,6,10,2,14,18,21,9,5,12],[22,6,18,2,10,14,21,9,5,23,12],[10,22,6,18,2,14,21,9,5,12],[22,14,2,6,10,18,9,21,5,11,23,12],[14,18,22,2,6,10,9,21,5,24],[2,14,22,10,18,6,9,21,5,11,23,24],[10,22,14,18,6,2,21,9,5,23,12],[22,2,6,14,10,18,21,9,5,11,23,12],[2,14,6,18,10,22,21,9,5,11,24],[10,18,14,2,6,22,21,9,5,11,24],[2,18,22,6,10,14,21,9,5,11,24],[6,10,2,14,22,18,9,21,5,23,12],[2,22,10,18,14,6,9,21,5,12],[18,14,22,10,2,6,9,21,5,12],[14,22,18,2,6,10,21,9,5,12],[10,2,6,14,18,22,9,21,5,12],[22,2,18,10,14,6,21,9,5,12],[22,14,2,10,6,18,9,21,5,12],[10,22,6,18,2,14,9,21,5,11,23,12],[18,10,2,14,6,22,9,21,5,24],[6,2,22,10,14,18,9,21,5,23,12],[2,6,18,10,14,22,21,9,5,23,11,12],[2,22,10,18,6,14,9,21,5,23,11,12],[18,10,22,6,2,14,9,21,5,23,11,24],[18,22,6,14,2,10,9,21,5,24],[10,18,14,2,22,6,9,21,5,23,11,12],[2,14,22,18,6,10,9,21,5,24],[18,22,10,6,2,14,21,9,5,11,24],[6,14,2,18,22,10,9,21,5,23,12],[22,14,2,10,18,6,9,21,5,11,23,12],[14,18,22,2,10,6,9,21,5,11,23,12],[18,6,2,10,14,22,9,21,5,11,24],[10,18,14,22,2,6,9,21,5,24],[14,2,6,10,22,18,21,9,5,23,11,12],[6,22,10,14,2,18,21,9,5,12],[10,2,6,18,14,22,21,9,5,23,12],[18,22,10,2,14,6,9,21,5,12],[18,2,10,6,14,22,9,21,5,23,11,24],[18,6,10,2,14,22,21,9,5,11,23,12],[18,22,2,14,6,10,21,9,5,12],[22,6,18,14,2,10,9,21,5,24],[10,18,14,22,6,2,21,9,5,24],[2,10,22,14,6,18,9,21,5,12],[14,22,2,10,18,6,21,9,5,11,24],[18,10,22,14,2,6,21,9,5,23,11,12],[10,22,2,14,18,6,21,9,5,12],[18,10,6,22,2,14,9,21,5,11,23,24],[6,14,2,10,18,22,9,21,5,11,23,12],[10,18,14,2,22,6,21,9,5,12],[22,10,6,2,14,18,9,21,5,23,12],[22,6,18,14,2,10,21,9,5,24],[14,2,6,10,22,18,21,9,5,23,12],[2,22,6,14,18,10,21,9,5,24],[2,18,22,14,6,10,9,21,5,12],[6,18,2,22,14,10,21,9,5,23,12],[22,6,14,18,2,10,9,21,5,23,11,24],[2,22,14,10,6,18,21,9,5,11,24],[10,22,6,2,18,14,21,9,5,11,23,24],[2,14,6,18,22,10,21,9,5,24],[10,18,22,2,6,14,21,9,5,23,11,24],[18,2,10,14,22,6,9,21,5,23,11,24],[2,6,14,22,18,10,21,9,5,11,23,12],[18,6,22,10,14,2,21,9,5,12],[10,14,2,22,6,18,9,21,5,12],[14,2,6,18,10,22,9,21,5,11,23,12],[22,2,18,10,6,14,21,9,5,11,24],[6,10,14,18,22,2,21,9,5,23,12],[10,22,18,6,14,2,21,9,5,12],[2,22,6,14,18,10,21,9,5,11,23,24],[14,22,6,10,18,2,21,9,5,12],[18,22,10,2,6,14,9,21,5,24],[2,18,22,14,10,6,21,9,5,12],[2,10,18,22,6,14,21,9,5,11,24],[2,10,6,22,14,18,9,21,5,23,12],[14,2,18,6,10,22,9,21,5,11,23,12],[6,10,18,22,14,2,9,21,5,12],[22,14,18,2,10,6,21,9,5,24],[22,14,6,10,2,18,9,21,5,23,12],[22,2,6,14,18,10,21,9,5,12],[2,6,22,18,10,14,9,21,5,11,24],[6,18,14,10,2,22,21,9,5,23,11,12],[2,14,22,18,10,6,9,21,5,11,23,24],[10,2,22,14,18,6,9,21,5,11,23,24],[2,22,18,10,6,14,21,9,5,24],[18,14,22,6,10,2,21,9,5,11,24],[6,22,18,10,2,14,9,21,5,24],[10,22,14,2,6,18,21,9,5,24],[10,14,2,22,6,18,21,9,5,23,12],[6,14,10,2,22,18,9,21,5,23,11,12],[14,2,6,18,22,10,21,9,5,23,11,12],[14,2,22,10,18,6,21,9,5,23,11,24],[10,14,18,2,22,6,9,21,5,11,23,24],[2,18,6,14,10,22,21,9,5,12],[18,22,2,10,6,14,21,9,5,23,11,12],[10,14,18,6,22,2,21,9,5,11,24],[2,22,6,10,14,18,9,21,5,23,11,24],[14,2,6,10,22,18,21,9,5,11,24],[10,14,2,18,6,22,21,9,5,23,12],[18,14,6,2,10,22,21,9,5,23,11,24],[18,2,22,14,6,10,9,21,5,12],[2,6,18,14,22,10,9,21,5,24],[10,18,6,22,2,14,21,9,5,11,24],[10,6,22,2,14,18,21,9,5,23,11,12],[22,14,2,6,18,10,9,21,5,12],[18,14,22,6,10,2,21,9,5,11,24],[6,14,10,22,2,18,21,9,5,23,11,12],[10,18,14,22,6,2,9,21,5,11,24],[22,2,6,18,14,10,21,9,5,12],[2,22,6,18,10,14,9,21,5,24],[10,2,14,18,22,6,21,9,5,12],[10,14,18,22,6,2,9,21,5,23,12],[18,14,6,2,10,22,21,9,5,24],[14,6,2,10,22,18,21,9,5,11,23,24],[22,18,2,10,14,6,9,21,5,12],[10,2,6,22,14,18,9,21,5,12],[18,10,6,14,2,22,21,9,5,11,24],[18,10,2,14,22,6,9,21,5,12],[6,14,10,22,2,18,21,9,5,11,24],[14,10,22,2,6,18,21,9,5,23,11,24],[6,2,22,18,14,10,9,21,5,11,23,24],[2,22,14,6,18,10,21,9,5,12],[22,14,18,2,10,6,9,21,5,12],[18,22,10,6,14,2,21,9,5,23,12],[6,2,14,10,22,18,9,21,5,23,12],[14,18,6,2,10,22,9,21,5,24],[10,22,18,6,14,2,21,9,5,24],[2,6,10,14,22,18,21,9,5,11,24],[18,2,14,22,10,6,9,21,5,11,23,24],[18,6,10,2,22,14,9,21,5,23,11,24],[18,2,14,6,22,10,9,21,5,23,11,24],[6,2,14,18,22,10,21,9,5,23,12],[18,6,2,22,10,14,21,9,5,23,11,24],[18,14,22,10,2,6,21,9,5,23,11,24],[22,10,18,6,14,2,21,9,5,12],[14,22,10,6,18,2,9,21,5,24],[22,14,6,2,18,10,21,9,5,11,23,12],[22,14,6,2,10,18,9,21,5,12],[10,18,14,22,2,6,9,21,5,24],[6,22,10,18,2,14,9,21,5],[10,18,22,6,2,14,9,21,5,11,24],[6,18,2,14,22,10,9,21,5,11,23,12],[18,10,6,22,2,14,21,9,5,24],[18,14,2,22,6,10,9,21,5,23,11,12],[2,6,14,18,22,10,21,9,5,12],[10,22,6,14,18,2,9,21,5,24],[18,2,10,14,22,6,21,9,5,12],[14,2,6,10,22,18,21,9,5,12],[6,22,2,18,10,14,9,21,5,12],[14,22,6,18,2,10,21,9,5,12],[6,2,18,14,10,22,21,9,5,23,12],[14,18,6,2,10,22,21,9,5,23,11,24],[6,2,10,14,22,18,21,9,5,12],[18,10,6,14,22,2,9,21,5,11,24],[2,14,10,6,18,22,9,21,5,24],[2,14,18,6,10,22,21,9,5],[2,6,22,14,18,10,9,21,5,12],[18,22,2,10,14,6,9,21,5,23,12],[6,14,22,2,10,18,9,21,5,12],[22,14,10,2,18,6,21,9,5,11,24],[14,6,10,22,2,18,21,9,5,12],[10,22,14,2,18,6,21,9,5,24],[14,2,22,10,6,18,9,21,5,12],[18,2,14,22,10,6,21,9,5,11,23,24],[10,22,14,6,18,2,9,21,5,23,11,24],[18,14,6,22,10,2,21,9,5,24],[18,14,2,10,22,6,21,9,5,11,23,24],[14,10,18,2,6,22,9,21,5,12],[6,22,14,18,10,2,21,9,5,12],[14,6,18,10,22,2,21,9,5,12],[14,22,6,18,10,2,21,9,5,11,24],[6,18,14,10,2,22,9,21,5,12],[10,6,14,22,2,18,21,9,5,11,23,24],[22,18,2,6,14,10,9,21,5,11,23,12],[22,14,18,2,10,6,21,9,5,24],[18,6,22,10,2,14,21,9,5,11,23,24],[22,6,14,2,10,18,21,9,5,12],[14,10,2,22,6,18,9,21,5,23,12],[6,18,10,14,2,22,21,9,5,24],[14,2,6,18,10,22,21,9,5,23,11,12],[14,2,6,18,22,10,9,21,5,24],[22,18,10,2,14,6,9,21,5,11,24],[6,18,14,10,2,22,21,9,5,12],[14,10,18,2,22,6,9,21,5,12],[10,14,18,2,22,6,21,9,5,11,24],[6,10,2,14,18,22,9,21,5,23,12],[22,14,10,6,2,18,21,9,5,24],[14,22,10,18,6,2,9,21,5,24],[6,2,22,10,18,14,9,21,5,11,23,12],[10,22,14,2,6,18,21,9,5,12],[6,18,2,14,10,22,9,21,5,24],[18,2,6,14,10,22,9,21,5,12],[10,2,18,6,22,14,9,21,5,11,24],[10,6,2,18,14,22,9,21,5,12],[14,10,18,2,22,6,9,21,5,24],[14,10,22,18,2,6,21,9,5,24],[6,10,2,18,14,22,21,9,5,24],[18,14,6,10,22,2,9,21,5,24],[18,2,22,6,14,10,21,9,5,24],[2,6,10,22,18,14,9,21,5,24],[2,6,14,18,10,22,21,9,5,24],[6,18,14,2,10,22,9,21,5,24],[22,10,18,2,6,14,9,21,5,11,23,24],[18,22,14,2,10,6,21,9,5,11,24],[6,22,2,18,10,14,9,21,5,23,12],[18,6,2,22,14,10,21,9,5,24],[18,6,22,10,14,2,9,21,5,23,11,12],[10,2,6,22,14,18,21,9,5,12],[6,14,18,10,22,2,21,9,5,12],[22,18,6,2,10,14,21,9,5,24],[14,10,22,2,18,6,21,9,5,23,11,12],[18,6,10,22,14,2,9,21,5,23,12],[18,2,22,14,10,6,21,9,5,11,23,24],[2,22,14,18,6,10,21,9,5,24],[6,2,14,10,22,18,21,9,5,12],[14,10,6,22,2,18,21,9,5,24],[14,10,2,18,22,6,21,9,5,12],[22,10,2,14,18,6,21,9,5,24],[10,2,14,18,6,22,21,9,5,11,24],[18,22,6,2,10,14,9,21,5,23,12],[14,6,22,18,10,2,9,21,5,12],[10,18,22,14,6,2,21,9,5,24],[10,2,22,6,14,18,21,9,5,11,24],[22,18,6,2,14,10,9,21,5,24],[10,22,2,18,6,14,21,9,5,24],[18,10,2,14,6,22,9,21,5,11,24],[18,22,2,10,14,6,9,21,5,12],[14,10,18,6,2,22,9,21,5,24],[2,10,6,22,14,18,21,9,5,11,23,12],[14,2,18,6,22,10,21,9,5,23,12],[6,14,18,22,2,10,21,9,5,11,23,24],[18,2,10,14,6,22,9,21,5,24],[14,18,6,10,22,2,9,21,5,12],[18,6,22,10,2,14,9,21,5,12],[6,22,18,2,14,10,21,9,5,23,11,24],[6,10,22,14,18,2,21,9,5,12],[6,14,10,2,18,22,21,9,5,24],[6,18,22,14,10,2,21,9,5,23,12],[2,10,18,6,14,22,21,9,5,11,24],[6,14,10,22,2,18,9,21,5,12],[18,10,2,14,22,6,9,21,5,24],[10,18,14,2,6,22,21,9,5,11,24],[6,10,2,22,18,14,21,9,5,24],[14,10,22,2,18,6,9,21,5,23,11,24],[2,6,18,10,14,22,21,9,5,12],[14,18,22,6,10,2,9,21,5,11,24],[6,22,2,14,18,10,21,9,5,12],[2,14,6,22,18,10,21,9,5,23,11,12],[22,14,2,10,6,18,9,21,5,11,24],[6,18,2,22,10,14,9,21,5,23,12],[10,2,14,18,6,22,21,9,5,24],[10,6,2,22,14,18,21,9,5,11,23,12],[10,18,6,2,22,14,21,9,5,23,11,24],[10,14,2,18,22,6,9,21,5,11,23,12],[18,10,2,14,6,22,21,9,5,23,12],[2,22,18,10,14,6,21,9,5,11,24],[22,14,6,18,10,2,9,21,5,12],[22,6,2,18,14,10,21,9,5,12],[18,10,22,2,14,6,9,21,5,11,24],[10,22,6,14,18,2,21,9,5,24],[10,14,18,22,6,2,9,21,5,24],[22,14,2,6,18,10,21,9,5,23,12],[14,2,10,18,6,22,21,9,5,23,12],[14,2,18,22,10,6,21,9,5,11,23,24],[18,22,10,14,2,6,21,9,5,24],[2,18,6,14,22,10,9,21,5,24],[6,14,18,10,22,2,9,21,5,24],[22,18,14,10,2,6,9,21,5,24],[22,14,2,10,18,6,21,9,5,11,23,24],[14,6,10,22,18,2,9,21,5,11,24],[22,18,2,6,10,14,9,21,5,12],[10,2,18,6,22,14,9,21,5,11,24],[14,22,2,6,10,18,9,21,5,24],[22,6,2,18,14,10,9,21,5,24],[18,2,14,22,10,6,9,21,5,23,12],[14,6,2,22,18,10,21,9,5,24],[18,6,10,2,14,22,21,9,5,12],[2,18,10,6,14,22,21,9,5,24],[10,22,18,14,6,2,21,9,5,23,12],[14,2,18,6,22,10,9,21,5,24],[14,6,10,18,2,22,9,21,5,24],[18,2,6,14,10,22,9,21,5,12],[22,6,14,2,10,18,9,21,5,24],[6,14,18,2,10,22,21,9,5,11,23,12],[18,10,22,6,2,14,21,9,5,24],[10,18,22,6,2,14,21,9,5,11,23,12],[14,2,6,10,22,18,9,21,5,12],[10,6,18,22,2,14,9,21,5,23,12],[18,6,2,14,22,10,9,21,5,24],[14,10,2,22,18,6,21,9,5,11,24],[22,10,6,2,18,14,9,21,5,24],[10,18,14,22,6,2,21,9,5,24],[10,18,22,2,6,14,9,21,5,11,23,12],[22,6,18,10,2,14,21,9,5,11,24],[10,22,14,18,2,6,9,21,5,24],[18,2,6,14,22,10,9,21,5,23,12],[6,10,14,22,2,18,21,9,5,12],[22,14,10,2,6,18,9,21,5,23,11,24],[22,18,2,10,6,14,21,9,5,24],[22,10,6,18,2,14,21,9,5,24],[10,18,22,2,6,14,9,21,5,12],[18,14,22,2,6,10,21,9,5,11,24],[18,14,10,22,2,6,21,9,5,24],[14,6,10,2,18,22,21,9,5,23,11,12],[10,14,22,2,6,18,9,21,5,24],[22,14,2,18,10,6,9,21,5,11,24],[22,10,6,14,2,18,21,9,5,11,23,12],[14,18,22,10,2,6,21,9,5,12],[18,6,10,22,2,14,9,21,5,12],[10,22,18,2,6,14,9,21,5,23,11,24],[14,10,22,6,18,2,9,21,5,12],[6,22,2,14,18,10,9,21,5,12],[2,22,10,14,6,18,9,21,5,11,24],[6,22,10,14,2,18,9,21,5,11,23,12],[2,14,6,18,22,10,21,9,5,12],[18,2,10,22,6,14,21,9,5,23,11,12],[22,14,6,10,2,18,9,21,5,24],[10,6,18,14,22,2,9,21,5,23,11,12],[22,6,2,18,14,10,21,9,5,11,24],[6,10,2,22,14,18,21,9,5,24],[22,10,14,2,6,18,9,21,5,11,24],[6,2,10,18,22,14,9,21,5,23,11,24],[6,10,14,2,18,22,9,21,5,23,12],[6,10,2,14,22,18,9,21,5,12],[22,6,14,18,2,10,21,9,5,12],[2,14,6,18,22,10,9,21,5,11,23,24],[22,6,10,2,14,18,21,9,5,23,11,12],[2,18,14,6,10,22,9,21,5,23,11,12],[14,18,6,10,2,22,21,9,5,24],[10,22,6,18,2,14,21,9,5,11,24],[18,10,6,22,14,2,9,21,5,11,24],[14,10,6,18,22,2,9,21,5,23,11,12],[18,14,6,2,22,10,21,9,5,11,24],[18,14,10,6,2,22,21,9,5,12],[22,10,14,6,2,18,21,9,5,11,24],[2,18,14,10,6,22,21,9,5,12],[6,10,18,22,14,2,21,9,5,12],[6,2,10,18,14,22,21,9,5,12],[6,22,14,18,10,2,21,9,5,23,12],[10,22,2,18,6,14,21,9,5,12],[6,2,10,14,18,22,9,21,5,24],[2,10,6,18,22,14,9,21,5,11,23,12],[10,2,6,22,14,18,21,9,5,12],[2,14,18,10,22,6,21,9,5,12],[6,10,18,22,14,2,21,9,5,23,11,12],[18,6,14,2,22,10,9,21,5,12],[22,18,2,10,14,6,21,9,5,11,24],[22,14,10,2,18,6,21,9,5,24],[2,18,6,14,22,10,9,21,5,11,23,12],[14,18,2,6,22,10,9,21,5,11,24],[2,6,14,18,22,10,21,9,5,12],[18,6,10,2,14,22,9,21,5,12],[6,14,2,22,18,10,21,9,5,23,11,12],[2,14,18,10,6,22,21,9,5,12],[2,18,22,6,10,14,21,9,5,23,11,24],[6,18,10,22,2,14,21,9,5,23,11,24],[14,10,2,18,6,22,9,21,5,24],[2,22,14,18,6,10,9,21,5,24],[10,22,2,6,18,14,21,9,5,12],[6,22,18,14,10,2,9,21,5,23,12],[18,22,2,6,10,14,9,21,5,23,12],[10,2,14,22,6,18,9,21,5,24],[14,2,18,6,10,22,9,21,5,24],[2,10,18,6,22,14,9,21,5,23,12],[14,2,22,6,18,10,21,9,5,12],[22,6,18,10,2,14,21,9,5,12],[18,14,22,2,10,6,21,9,5,11,23,24],[22,10,18,14,2,6,9,21,5,24],[2,22,6,14,18,10,9,21,5,12],[10,18,22,14,2,6,21,9,5,24],[14,2,22,6,10,18,9,21,5,12],[10,22,14,6,2,18,21,9,5,11,23,24],[6,18,2,22,10,14,9,21,5,12],[14,18,22,10,2,6,9,21,5,12],[18,10,6,22,14,2,9,21,5,12],[14,10,2,22,6,18,9,21,5,24],[18,14,10,6,2,22,9,21,5,24],[6,14,18,10,22,2,9,21,5,23,11,12],[2,10,14,22,6,18,21,9,5,12],[6,10,18,14,22,2,21,9,5,23,12],[18,6,14,10,22,2,21,9,5,12],[22,10,6,14,18,2,21,9,5,24],[14,22,10,18,2,6,9,21,5,11,24],[18,6,14,2,10,22,9,21,5,11,24],[14,10,18,2,6,22,21,9,5,12],[2,14,6,22,10,18,9,21,5,12],[10,6,22,14,18,2,9,21,5,23,11,24],[6,10,14,18,22,2,21,9,5,23,12],[6,14,10,22,2,18,9,21,5,23,11,24],[22,10,6,14,18,2,9,21,5,23,11,24],[6,10,14,18,22,2,21,9,5,24],[10,18,6,2,22,14,9,21,5,23,12],[22,18,2,14,6,10,9,21,5,11,23,24],[2,6,18,10,22,14,21,9,5,11,23,12],[14,6,10,22,2,18,9,21,5,12],[2,14,6,18,22,10,21,9,5,24],[14,22,2,18,10,6,9,21,5,23,12],[2,6,22,18,14,10,9,21,5,11,24],[6,18,22,2,10,14,21,9,5,23,11,24],[6,14,10,22,18,2,21,9,5,12],[6,2,22,14,10,18,9,21,5,12],[22,6,2,18,10,14,21,9,5,24],[10,6,2,22,18,14,21,9,5,12],[14,22,2,10,6,18,9,21,5,23,12],[10,18,14,2,22,6,21,9,5,24],[18,6,10,22,2,14,9,21,5,23,11,12],[6,18,22,2,10,14,21,9,5,24],[6,2,18,22,10,14,9,21,5,23,12],[2,10,22,14,6,18,9,21,5,12],[6,10,14,18,22,2,21,9,5,24],[22,18,2,6,14,10,21,9,5,23,11,24],[22,14,6,18,10,2,21,9,5,23,11,24],[10,14,2,22,18,6,9,21,5,12],[14,2,22,6,18,10,21,9,5,12],[2,10,14,22,6,18,21,9,5,24],[2,10,18,6,14,22,9,21,5,11,24],[2,6,18,22,14,10,21,9,5,24],[14,10,6,18,2,22,9,21,5,11,24],[14,10,22,18,2,6,21,9,5,12],[2,14,22,6,10,18,21,9,5,11,23,24],[14,10,6,22,2,18,21,9,5,23,11,24],[10,22,6,2,14,18,9,21,5,12],[6,10,2,14,18,22,21,9,5,24],[10,14,22,18,2,6,9,21,5,11,24],[14,2,6,18,10,22,21,9,5,11,23,12],[10,6,2,18,22,14,21,9,5,23,11,24],[18,22,6,2,14,10,21,9,5,24],[22,6,2,10,18,14,9,21,5,23,11,12],[6,10,2,14,18,22,21,9,5,24],[14,6,2,22,18,10,9,21,5,23,11,12],[10,18,2,14,6,22,21,9,5,12],[14,18,6,2,10,22,9,21,5,12],[14,10,18,22,6,2,21,9,5,23,11,24],[14,10,18,22,6,2,21,9,5,24],[10,22,2,6,14,18,21,9,5,23,12],[6,10,22,2,14,18,21,9,5,23,11,24],[6,22,2,10,18,14,21,9,5,11,23,12],[2,18,10,6,14,22,21,9,5,24],[2,22,10,18,6,14,21,9,5,12],[18,6,14,10,22,2,21,9,5,23,12],[22,10,18,6,2,14,9,21,5,11,23,12],[14,18,6,2,10,22,21,9,5,11,24],[2,22,14,10,6,18,21,9,5,11,23,24],[10,2,14,6,22,18,21,9,5,23,11,24],[6,10,14,22,2,18,9,21,5,11,23,24],[2,22,10,14,6,18,21,9,5,23,11,24],[2,10,18,14,22,6,21,9,5,23,12],[22,10,6,2,14,18,21,9,5,24],[10,2,6,14,22,18,21,9,5,24],[6,18,2,10,14,22,9,21,5,11,23,12],[14,6,18,22,10,2,21,9,5,23,12],[10,14,2,22,18,6,9,21,5,24],[10,2,18,6,22,14,21,9,5,11,24],[18,14,6,10,2,22,21,9,5,11,24],[10,6,2,14,18,22,21,9,5,11,23,12],[10,22,6,18,2,14,9,21,5,12],[22,2,14,6,18,10,21,9,5,23,11,12],[10,18,6,14,22,2,9,21,5,11,24],[18,10,14,2,22,6,9,21,5,24],[14,2,18,10,6,22,21,9,5,24],[14,2,18,22,10,6,9,21,5,24],[14,22,18,6,2,10,9,21,5,24],[18,10,22,6,14,2,21,9,5,11,24],[18,2,22,14,10,6,21,9,5,23,11,24],[18,22,6,2,10,14,9,21,5,23,11,12],[6,2,10,14,18,22,9,21,5,11,23,24],[10,14,22,18,2,6,21,9,5,11,23,24],[10,6,22,18,14,2,9,21,5,11,23,24],[18,6,22,2,10,14,21,9,5,12],[22,18,14,2,6,10,9,21,5,24],[14,10,2,6,18,22,21,9,5,12],[18,2,6,10,14,22,21,9,5,11,23,12],[2,22,10,14,18,6,21,9,5,24],[18,6,14,10,2,22,21,9,5,12],[22,14,10,2,18,6,21,9,5,12],[2,14,18,22,10,6,21,9,5,11,23,24],[18,22,6,2,14,10,9,21,5,12],[18,14,2,10,6,22,9,21,5,24],[2,10,18,6,22,14,21,9,5,23,12],[2,14,6,10,18,22,21,9,5,24],[22,6,18,14,10,2,21,9,5,23,12],[22,2,18,14,10,6,21,9,5,24],[6,10,14,22,18,2,9,21,5,11,24],[10,14,2,6,18,22,9,21,5,23,11,24],[2,18,6,14,10,22,9,21,5,23,12],[2,14,10,6,18,22,21,9,5,11,24],[6,18,2,10,22,14,21,9,5,11,24],[2,6,14,22,10,18,21,9,5,23,12],[14,10,6,22,18,2,21,9,5,11,24],[22,14,10,2,6,18,9,21,5,24],[6,14,22,18,2,10,21,9,5,12],[22,10,2,6,18,14,9,21,5,11,23,12],[2,22,14,6,10,18,9,21,5,23,12],[6,10,14,18,22,2,21,9,5,11,23,12],[22,10,18,6,14,2,9,21,5,24],[2,10,22,18,14,6,21,9,5,11,24],[2,10,22,14,18,6,21,9,5,12],[18,14,6,10,22,2,21,9,5,11,24],[14,10,18,2,6,22,21,9,5,12],[22,2,10,14,18,6,9,21,5,24],[22,2,14,10,18,6,21,9,5,11,23,12],[2,18,14,6,22,10,21,9,5,23,11,12],[6,2,14,18,22,10,21,9,5,11,23,24],[2,18,14,6,22,10,21,9,5,23,12],[6,22,10,2,18,14,9,21,5,11,24],[2,22,14,6,10,18,21,9,5,12],[22,6,18,10,2,14,9,21,5,12],[6,14,18,10,22,2,9,21,5,24],[10,22,2,18,6,14,9,21,5,23,12],[10,2,22,14,6,18,9,21,5,23,11,24],[22,18,14,6,10,2,21,9,5,12],[6,2,22,10,18,14,21,9,5,12],[22,14,10,2,6,18,21,9,5,11,23,12],[6,18,10,2,22,14,21,9,5,12],[2,18,10,22,14,6,9,21,5,23,11,24],[6,22,18,10,2,14,21,9,5,23,12],[6,18,10,2,22,14,9,21,5,12],[22,14,6,2,10,18,21,9,5,24],[10,14,22,6,2,18,21,9,5,24],[18,10,14,22,2,6,21,9,5,23,11,12],[6,10,2,18,22,14,21,9,5,12],[14,18,10,22,6,2,21,9,5,23,12],[2,6,22,18,14,10,9,21,5,24],[10,22,2,6,14,18,21,9,5,23,12],[18,10,6,2,14,22,9,21,5,24],[22,18,6,14,10,2,21,9,5,24],[22,6,14,18,2,10,9,21,5,11,23,24],[18,2,14,22,6,10,21,9,5,12],[2,6,14,18,22,10,21,9,5,23,11,12],[22,10,14,6,18,2,21,9,5,12],[6,22,10,14,18,2,21,9,5,11,23,12],[10,22,6,18,14,2,21,9,5,23,11,12],[10,18,2,22,14,6,9,21,5,24],[6,22,10,14,18,2,9,21,5,11,24],[6,2,22,10,18,14,9,21,5,12],[6,10,22,18,14,2,21,9,5,24],[14,10,22,6,2,18,21,9,5,23,11,12],[22,6,2,18,14,10,9,21,5,12],[18,10,22,6,14,2,21,9,5,23,12],[2,22,14,10,6,18,21,9,5],[18,14,10,2,22,6,21,9,5,11,23,24],[22,2,14,10,6,18,9,21,5,11,23,12],[6,10,2,14,22,18,9,21,5,23,11,24],[14,6,18,10,22,2,9,21,5,12],[22,6,14,18,10,2,21,9,5,12],[18,14,10,2,22,6,21,9,5,23,11,24],[14,18,10,6,2,22,9,21,5,23,12],[18,10,2,22,14,6,21,9,5,12],[22,2,6,18,10,14,9,21,5,12],[6,18,22,10,14,2,9,21,5,23,11,12],[2,6,22,14,10,18,21,9,5,23,11,24],[10,18,22,2,6,14,21,9,5,12],[6,18,22,14,10,2,9,21,5,24],[18,14,2,10,22,6,9,21,5,12],[14,2,10,22,18,6,9,21,5,23,11,24],[2,10,6,18,22,14,9,21,5,11,24],[2,18,14,22,10,6,9,21,5,24],[2,10,14,6,22,18,21,9,5,23,12],[6,2,14,10,22,18,21,9,5,11,23,12],[2,6,18,22,14,10,21,9,5,24],[2,22,10,18,14,6,9,21,5,24],[2,18,14,10,22,6,9,21,5,11,24],[18,22,6,14,10,2,9,21,5,11,24],[10,22,18,6,2,14,9,21,5,24],[6,2,22,10,14,18,21,9,5,11,24],[2,14,22,18,10,6,9,21,5,12],[10,22,6,18,2,14,21,9,5,11,23,12],[18,2,6,10,14,22,21,9,5,11,24],[22,2,10,18,14,6,9,21,5,11,24],[18,22,14,10,6,2,21,9,5,24],[2,22,10,14,6,18,9,21,5,24],[14,6,2,22,18,10,21,9,5,24],[18,6,10,22,2,14,9,21,5,12],[14,2,10,18,6,22,21,9,5,11,24],[2,10,18,14,22,6,9,21,5,23,11,24],[10,18,22,6,14,2,9,21,5,23,11,24],[6,14,2,22,18,10,9,21,5,11,24],[6,10,22,2,18,14,21,9,5,12],[22,14,10,2,18,6,9,21,5,23,11,12],[6,22,2,18,10,14,9,21,5,23,11,12],[14,10,6,2,18,22,9,21,5,24],[18,22,10,6,2,14,9,21,5,23,11,12],[22,18,6,14,10,2,9,21,5,24],[6,10,2,22,14,18,21,9,5,24],[14,2,22,18,10,6,9,21,5,23,11,12],[18,14,22,10,2,6,21,9,5,24],[14,6,2,22,10,18,21,9,5,11,24],[2,18,14,22,6,10,21,9,5,23,11,12],[14,2,18,22,10,6,9,21,5,12],[14,10,18,6,2,22,21,9,5,12],[10,18,14,22,6,2,9,21,5,12],[14,10,22,18,6,2,9,21,5,24],[10,14,22,2,18,6,21,9,5,24],[22,6,10,18,14,2,21,9,5,11,23,12],[14,22,10,6,2,18,9,21,5,12],[14,6,22,18,2,10,9,21,5,23,12],[18,10,6,14,2,22,21,9,5,12],[2,14,10,22,6,18,21,9,5,11,23,24],[10,2,22,18,6,14,21,9,5,24],[14,18,6,10,2,22,9,21,5,24],[14,22,6,2,10,18,9,21,5,23,12],[22,14,18,6,2,10,21,9,5,23,12],[22,14,18,6,10,2,21,9,5],[10,6,14,18,2,22,21,9,5,12],[10,18,2,22,6,14,9,21,5,12],[22,18,2,10,6,14,21,9,5,23,11,12],[18,14,2,22,10,6,21,9,5,24],[2,10,22,14,6,18,9,21,5,23,11,24],[14,6,10,18,2,22,21,9,5,23,12],[10,14,2,22,6,18,21,9,5,23,12],[22,6,14,10,2,18,21,9,5,11,24],[10,18,14,6,2,22,9,21,5,23,11,12],[6,14,2,22,18,10,21,9,5,12],[14,10,22,2,18,6,9,21,5,12],[6,14,2,18,22,10,21,9,5,11,24],[2,10,14,6,22,18,9,21,5,24],[22,18,14,6,10,2,21,9,5,24],[6,14,10,2,18,22,21,9,5,24],[22,14,18,10,6,2,21,9,5],[22,14,18,10,6,2,9,21,5,23,11,24],[10,6,18,22,14,2,21,9,5,23,12],[6,22,18,2,10,14,9,21,5,24],[10,18,2,22,14,6,21,9,5,11,23,12],[2,6,10,14,18,22,21,9,5,24],[22,14,10,6,18,2,21,9,5,12],[6,22,18,14,10,2,21,9,5,12],[22,2,10,6,14,18,21,9,5,24],[14,18,22,10,2,6,9,21,5,23,12],[2,22,14,6,18,10,9,21,5,23,11,24],[10,18,14,2,22,6,9,21,5,23,12],[6,10,14,18,22,2,21,9,5,23,12],[18,6,2,22,10,14,21,9,5,11,24],[6,22,10,14,18,2,9,21,5,12],[18,22,10,14,2,6,9,21,5,23,12],[22,10,14,2,18,6,21,9,5,24],[22,14,6,10,2,18,9,21,5,24],[2,18,22,10,14,6,21,9,5,23,12],[22,10,18,14,6,2,21,9,5,24],[14,22,10,6,2,18,21,9,5,11,24],[18,10,22,2,14,6,21,9,5,11,23,24],[2,14,22,10,18,6,21,9,5,11,23,24],[14,18,22,6,10,2,9,21,5,24],[6,2,10,22,14,18,9,21,5,11,24],[14,10,6,18,22,2,21,9,5,11,23,12],[10,6,18,2,14,22,21,9,5,23,11,24],[2,6,22,10,18,14,9,21,5,11,24],[14,6,22,2,18,10,21,9,5,11,24],[10,18,6,22,2,14,9,21,5,23,11,24],[6,10,14,22,18,2,9,21,5,23,11,12],[18,14,6,2,10,22,9,21,5,24],[6,22,14,2,18,10,21,9,5,24],[10,6,14,2,22,18,9,21,5,12],[6,10,22,2,18,14,21,9,5,11,24],[22,14,10,2,18,6,9,21,5,23,11,24],[2,10,6,14,22,18,21,9,5,12],[22,2,18,14,6,10,21,9,5,24],[22,6,10,18,14,2,21,9,5,11,23,24],[2,18,22,6,10,14,9,21,5,23,12],[14,2,18,6,10,22,21,9,5,11,23,12],[2,10,18,6,22,14,21,9,5,11,23,12],[10,6,22,18,14,2,9,21,5,12],[18,22,10,6,2,14,21,9,5,12],[22,6,2,10,14,18,9,21,5,23,11,24],[2,6,14,18,22,10,9,21,5,24],[22,14,6,2,10,18,9,21,5,23,12],[22,2,14,6,10,18,21,9,5,12],[14,10,18,2,6,22,9,21,5],[6,22,14,18,2,10,21,9,5,12],[10,22,2,6,18,14,9,21,5,23,12],[2,10,6,14,18,22,21,9,5,24],[14,22,10,18,6,2,9,21,5,11,24],[6,10,22,14,18,2,21,9,5,11,24],[2,14,10,22,18,6,21,9,5,24],[10,2,6,22,18,14,9,21,5,24],[2,22,6,18,10,14,21,9,5,12],[22,10,6,14,2,18,9,21,5,11,24],[2,22,6,14,10,18,9,21,5,12],[18,6,10,22,2,14,21,9,5,12],[2,6,10,18,22,14,21,9,5,12],[2,14,6,10,22,18,21,9,5,23,11,24],[10,6,2,22,18,14,21,9,5,12],[14,6,18,22,2,10,9,21,5,11,23,12],[2,14,22,10,6,18,9,21,5,23,12],[2,22,18,10,14,6,9,21,5,24],[22,18,10,2,14,6,21,9,5,11,24],[14,18,2,22,6,10,9,21,5,12],[2,10,14,6,22,18,21,9,5,24],[10,14,22,18,2,6,9,21,5,24],[18,6,2,14,10,22,9,21,5,11,24],[2,22,6,18,10,14,9,21,5,23,11,24],[10,18,2,22,14,6,9,21,5,24],[22,10,14,18,2,6,9,21,5,12],[14,2,22,6,10,18,9,21,5,11,23,24],[2,14,10,22,6,18,21,9,5,23,11,12],[14,22,6,18,2,10,21,9,5,24],[18,14,2,6,10,22,9,21,24,5],[14,2,18,22,6,10,9,21,5,11,24],[10,22,6,18,2,14,9,21,5,23,11,24],[2,22,18,14,10,6,9,21,5,11,24],[22,6,10,18,14,2,21,9,5,24],[6,18,14,2,10,22,9,21,5,11,23,24],[10,6,14,18,22,2,9,21,5,23,12],[10,14,22,6,2,18,21,9,5,24],[18,14,6,2,22,10,9,21,5,24],[22,10,6,18,14,2,9,21,5,23,11,24],[18,2,22,14,6,10,9,21,5,12],[6,18,2,14,10,22,9,21,5,24],[14,22,10,6,18,2,9,21,5,23,11,24],[18,10,14,2,22,6,9,21,5,23,11,12],[10,2,22,18,14,6,21,9,5,11,23,24],[18,10,22,6,2,14,21,9,5,24],[6,14,10,2,18,22,21,9,5,23,12],[18,10,6,22,14,2,9,21,5,12],[14,2,18,10,6,22,9,21,5,23,11,24],[2,6,14,18,22,10,21,9,5,24],[22,18,10,6,14,2,21,9,5,11,24],[18,6,14,2,22,10,21,9,5,11,24],[6,18,2,10,22,14,9,21,5,23,11,12],[2,18,14,22,10,6,21,9,5,23,11,12],[22,6,10,18,14,2,21,9,5,23,12],[6,14,10,22,2,18,9,21,5,11,24],[22,2,10,18,6,14,9,21,5,11,24],[14,6,22,2,10,18,9,21,5,24],[18,10,14,6,22,2,9,21,5,12],[10,22,6,2,18,14,9,21,5,24],[6,22,18,14,2,10,9,21,5,23,11,12],[22,6,10,14,2,18,21,9,5,24],[22,18,6,14,2,10,21,9,5,11,24],[6,22,10,14,18,2,9,21,5,23,12],[14,10,6,22,18,2,21,9,5,11,23,24],[18,6,14,22,10,2,21,9,5,11,23,24],[2,18,22,6,10,14,21,9,5,23,11,24],[22,2,14,18,6,10,21,9,5,24],[6,18,10,2,14,22,21,9,5,12],[22,10,18,6,14,2,9,21,5,11,24],[18,10,22,2,14,6,21,9,5,24],[18,10,22,2,14,6,21,9,5,11,23,24],[6,22,18,2,14,10,21,9,5,24],[10,14,22,18,2,6,21,9,5,24],[18,22,14,10,6,2,9,21,5,11,23,12],[6,22,14,10,18,2,21,9,5,23,12],[18,22,10,14,2,6,9,21,5,11,23,12],[22,14,2,18,6,10,21,9,5,12],[2,18,14,10,22,6,9,21,5,11,23,24],[14,22,2,10,6,18,21,9,5,11,24],[22,18,2,14,10,6,9,21,5,23,11,24],[2,6,14,10,18,22,21,9,5,11,23,12],[2,10,18,6,22,14,9,21,5,11,23,12],[2,10,22,6,14,18,9,21,5,24],[18,6,22,10,14,2,21,9,5,23,12],[22,18,14,6,10,2,21,9,5,23,12],[14,2,6,18,10,22,21,9,5,23,11,24],[18,2,22,10,6,14,9,21,5,12]],"n_human":7}