{"problem_id":"j7XhWAoHVlAXXAz","sigma":150,"alpha":10.000,"cost":0,"probabilities":"[0.24000000000000002, 0.15, 0.3, 0.31]","payoff_matrix":"[[-128, -18, 74, 36, -1, 2], [37, 14, -106, -216, 207, 246], [-48, -4, -83, 16, -19, -18], [-168, -30, 18, 77, 211, -142]]","uncovered":[[12,20,16,15,19,13,17,8,4,24,11,18],[12,24,16,11,8,20,15,19,17,13,4,14,7],[8,12,24,20,4,16,19,15,13,17,11,18],[8,16,12,15,11,20,19,17,13,4,24,18],[16,12,15,11,24,4,8,20,19,13,17,14,7],[24,8,16,4,12,15,11,20,19,17,13,18],[20,16,15,19,13,17,8,24,4,12,11,18],[16,4,20,19,15,17,13,8,12,24,11,18],[24,8,16,12,15,11,20,19,17,13,4,14,7],[12,24,4,16,15,11,8,20,19,13,17,18],[8,20,12,4,16,15,19,17,13,11,24,18],[8,20,12,24,16,19,15,17,13,4,11,14,7],[12,4,16,15,11,24,20,19,13,17,8,14,7],[20,12,24,4,8,11,16,15,19,17,13,18],[12,20,8,16,19,15,13,17,4,24,11,18],[24,16,20,15,19,13,17,8,12,4,11,14,7],[24,8,16,20,15,19,17,13,4,12,11,14,7],[12,8,20,4,11,24,16,19,15,13,17,18],[16,4,8,20,19,15,17,13,12,24,11,14,7],[20,12,24,19,4,8,16,15,17,13,11,14,7],[4,16,8,20,19,15,17,13,12,24,11,18],[24,4,12,8,20,16,15,19,13,17,11,18],[8,16,24,12,11,4,20,19,15,17,13,18],[16,12,15,11,20,19,13,17,24,4,8,14,7],[16,8,20,19,15,13,17,24,4,12,11,18],[8,20,4,12,16,19,15,17,13,24,11,14,7],[4,16,8,12,15,11,24,20,19,17,13,18],[24,20,16,15,19,13,17,8,12,11,4,18],[24,20,12,4,8,16,15,19,13,17,11,14,7],[24,16,4,20,15,19,13,17,12,8,11,18],[4,8,20,16,15,19,13,17,12,11,24,14,7],[20,16,19,15,17,13,4,12,8,24,11,18],[12,4,8,16,11,20,15,19,17,13,24,18],[20,16,15,19,17,13,24,12,4,8,11,14,7],[8,20,16,19,15,13,17,4,24,12,11,14,7],[4,12,8,20,16,19,15,13,17,24,11,14,7],[16,24,8,20,19,15,17,13,12,11,4,14,7],[8,4,24,12,16,15,11,20,19,17,13,18],[24,4,8,12,16,15,11,20,19,13,17,18],[4,8,20,24,16,15,19,17,13,12,11,18],[20,3,8,24,12,16,15,19,13,17,11,18],[12,20,24,16,19,15,13,17,4,8,11,18],[20,4,16,15,19,17,13,12,24,8,11,14,7],[12,20,8,4,24,16,15,19,13,17,11,14,7],[16,8,20,19,15,17,13,4,24,12,11,14,7],[20,16,15,19,13,17,12,4,24,8,11,18],[8,16,24,12,11,20,19,15,17,13,4,14,7],[4,12,24,16,15,11,8,20,19,13,17,14,7],[24,16,4,12,11,20,19,15,13,17,8,18],[12,24,16,11,20,15,19,13,17,4,8,14,7],[16,4,24,8,20,19,15,13,17,12,11,18],[20,8,16,19,15,17,13,24,4,12,11,18],[8,20,16,15,19,17,13,24,4,12,11,18],[8,24,16,20,19,15,13,17,12,4,11,18],[8,20,16,15,19,13,17,4,12,24,11,18],[12,20,16,19,15,13,17,4,24,8,11,18],[12,4,16,15,11,8,20,19,17,13,24,18],[8,16,12,11,4,24,20,19,15,17,13,14,7],[12,16,15,11,24,4,20,19,17,13,8,18],[12,24,16,11,20,15,19,17,13,7,4,8,14],[4,16,12,15,11,8,24,20,19,13,17,18],[24,20,8,16,15,19,13,17,4,12,11,18],[16,20,15,19,17,13,24,4,8,12,11,14,7],[20,12,4,8,24,19,16,15,13,17,11,14,7],[4,16,20,19,15,13,17,12,8,11,24,14,7],[12,8,20,4,24,16,19,15,17,13,11,14,7],[8,24,16,20,15,19,17,13,12,4,11,18],[16,4,8,20,15,19,17,13,12,24,11,14,7],[8,12,16,15,11,4,24,20,19,13,17,14,7],[8,24,20,4,12,19,16,15,13,17,11,14,7],[24,12,4,8,16,11,20,19,15,13,17,14,7],[4,20,16,15,19,13,17,24,8,12,11,18],[24,8,20,4,16,19,15,13,17,12,11,14,7],[20,12,16,15,19,17,13,4,8,24,11,18],[4,8,20,24,16,15,19,17,13,12,11,18],[8,4,16,12,11,20,15,19,17,13,24,18],[16,24,4,8,12,15,11,20,19,17,13,14,7],[24,16,4,12,15,11,8,20,19,13,17,14,7],[20,12,24,8,16,15,19,17,13,4,11,18],[8,20,24,4,12,16,15,19,17,13,11,18],[16,12,11,20,19,15,13,17,24,8,4,18],[24,8,16,12,15,11,4,20,19,13,17,18],[12,16,11,4,24,20,15,19,13,17,8,18],[20,12,8,4,19,11,16,15,17,13,24,14,7],[16,12,15,11,4,24,8,20,19,17,13,14,7],[8,24,16,4,12,15,11,20,19,13,17,14,7],[12,4,8,16,11,20,19,15,13,17,24,18],[4,24,20,12,16,15,19,13,17,11,8,18],[8,4,12,16,15,11,24,20,19,17,13,18],[24,4,12,20,8,16,15,19,13,17,11,18],[20,8,4,16,19,15,13,17,24,12,11,18],[4,8,20,12,24,16,19,15,13,17,11,14,7],[16,4,20,15,19,13,17,24,8,12,11,14,7],[20,12,16,19,15,13,17,11,4,8,24,18],[24,4,16,20,15,19,17,13,12,11,8,18],[4,12,8,20,16,19,15,13,17,24,11,18],[24,12,4,8,16,11,20,19,15,13,17,14,7],[4,24,16,20,19,15,17,13,12,8,11,18],[24,8,12,4,16,15,11,20,19,17,13,18],[4,8,12,16,15,11,24,20,19,13,17,14,7],[16,20,15,19,17,13,8,12,24,4,11,14,7],[16,24,20,19,15,17,13,4,8,12,11,18],[24,20,12,8,16,15,19,13,17,4,11,14,7],[20,12,16,15,19,13,17,24,8,11,4,18],[8,4,20,24,16,15,19,17,13,12,11,18],[20,4,12,24,16,19,15,13,17,8,11,18],[4,8,24,16,12,11,20,15,19,13,17,14,7],[12,20,8,16,15,19,17,13,4,24,11,18],[8,12,24,20,4,16,19,15,17,13,11,18],[4,12,20,16,15,19,13,17,24,8,11,18],[4,20,24,12,11,16,19,15,17,13,8,18],[4,24,20,8,16,15,19,13,17,12,11,18],[12,16,11,24,20,15,19,17,13,4,8,14,7],[8,20,24,4,16,15,19,13,17,12,11,14,7],[4,20,24,12,8,16,19,15,13,17,11,14,7],[8,4,16,12,11,24,20,19,15,17,13,14,7],[20,4,16,15,19,17,13,12,24,11,8,14,7],[24,12,20,19,4,8,16,15,17,13,11,18],[16,8,20,15,19,13,17,24,12,4,11,14,7],[20,24,8,12,4,16,15,19,17,13,11,18],[12,16,11,20,15,19,17,13,4,24,8,18],[16,4,12,11,8,20,15,19,13,17,24,18],[12,24,8,20,16,19,15,17,13,4,11,18],[12,8,4,20,24,16,19,15,13,17,11,18],[8,20,4,12,11,16,19,15,13,17,24,14,7],[20,12,8,4,16,15,19,17,13,24,11,18],[12,16,11,8,4,20,15,19,17,13,24,18],[20,24,8,15,16,19,17,13,12,11,4,14,7],[24,4,12,20,16,19,15,17,13,7,11,8,18],[8,12,16,11,20,15,19,13,17,4,24,14,7],[8,24,20,12,16,19,15,13,17,11,4,14,7],[16,12,11,20,19,15,13,17,8,4,24,18],[8,24,12,4,20,19,16,15,17,13,11,18],[4,12,20,24,16,19,15,17,13,8,11,14,7],[4,16,24,8,12,15,11,20,19,17,13,18],[8,20,24,12,3,16,19,15,13,17,11,18],[20,8,12,19,16,15,13,17,4,24,11,18],[12,16,11,4,8,24,20,19,15,17,13,18],[4,24,16,20,19,15,17,13,12,8,11,18],[8,12,16,11,20,15,19,13,17,4,24,18],[20,8,12,4,24,16,15,19,13,17,11,14,7],[8,24,12,16,11,20,15,19,17,13,4,14,7],[20,12,19,16,15,17,13,4,8,24,11,14,7],[16,4,20,19,15,17,13,24,12,8,11,14,7],[20,24,8,12,4,16,19,15,17,13,11,14,7],[16,20,19,15,13,17,4,12,8,11,24,14,7],[24,12,4,16,11,8,20,19,15,17,13,14,7],[24,8,12,20,4,11,16,19,15,17,13,14,7],[4,16,12,15,11,8,20,19,17,13,24,14,7],[20,4,16,19,15,17,13,24,8,12,11,18],[8,4,12,20,24,16,15,19,17,13,11,14,7],[16,8,12,15,11,20,19,13,17,24,4,18],[4,24,16,20,15,19,13,17,12,8,11,18],[4,24,16,8,20,19,15,13,17,12,11,14,7],[24,4,12,20,16,15,19,17,13,11,8,14,7],[4,12,24,20,16,19,15,13,17,11,8,14,7],[4,20,24,12,8,16,15,19,17,13,11,18],[24,8,4,20,16,15,19,17,13,12,11,14,7],[12,20,16,15,19,13,17,4,24,8,11,18],[4,24,12,20,8,16,15,19,13,17,11,18],[8,16,20,15,19,17,13,24,12,4,11,14,7],[24,16,4,20,19,15,17,13,8,12,11,14,7],[20,16,19,15,17,13,12,8,4,24,11,18],[24,20,16,19,15,17,13,12,11,8,4,14,7],[24,16,20,15,19,17,13,12,8,11,4,18],[20,16,15,19,13,17,24,12,4,11,8,18],[4,24,20,16,19,15,13,17,12,8,11,14,7],[20,16,15,19,17,13,8,24,12,4,11,18],[20,16,19,15,13,17,8,12,24,4,11,18],[8,12,24,20,4,11,16,15,19,13,17,14,7],[8,16,24,12,15,11,20,19,17,13,4,14,7],[24,20,8,16,15,19,13,17,4,12,11,14,7],[16,4,20,15,19,13,17,8,24,12,11,14,7],[20,12,3,24,16,15,19,17,13,11,8,18],[24,16,12,15,11,4,8,20,19,17,13,14,7],[12,24,8,20,4,15,16,19,17,13,11,18],[24,20,12,8,16,19,15,17,13,4,11,14,7],[8,4,16,12,11,24,20,19,15,17,13,14,7],[24,16,12,11,8,20,19,15,13,17,4,14,7],[8,24,20,12,4,16,19,15,17,13,11,14,7],[16,12,11,4,8,20,19,15,13,17,24,14,7],[24,8,16,12,11,20,19,15,13,17,4,14,7],[16,20,15,19,17,13,4,24,12,8,11,18],[4,24,12,8,16,15,11,20,19,17,13,14,7],[20,12,16,15,19,13,17,8,4,24,11,18],[16,20,15,19,13,17,4,24,12,8,11,18],[8,12,24,4,20,16,19,15,13,17,11,18],[20,8,4,16,19,15,13,17,24,12,11,14,7],[20,16,15,19,13,17,4,12,8,24,11,14,7],[24,4,16,20,15,19,13,17,8,12,11,14,7],[4,16,12,15,11,24,20,19,13,17,8,14,7],[24,12,8,20,4,19,11,16,15,17,13,14,7],[8,4,16,20,19,15,13,17,12,24,11,14,7],[8,12,16,11,4,20,15,19,13,17,24,14,7],[20,4,8,24,16,19,15,17,13,12,11,18],[24,16,8,12,11,4,20,15,19,13,17,14,7],[16,12,15,11,4,24,20,19,13,17,8,14,7],[12,24,4,20,8,11,16,19,15,17,13,18],[4,16,20,19,15,13,17,12,8,24,11,14,7],[24,16,12,11,8,20,15,19,13,17,4,18],[24,12,20,8,4,11,16,15,19,13,17,14,7],[12,20,16,19,15,13,17,11,4,24,8,14,7],[8,20,16,15,19,13,17,4,12,11,24,14,7],[24,4,20,12,8,11,16,19,15,13,17,14,7],[24,16,8,20,19,15,17,13,12,4,11,14,7],[16,24,4,12,15,11,20,19,17,13,8,18],[20,12,16,19,15,13,17,24,8,4,11,14,7],[20,12,24,4,16,19,15,13,17,8,11,14,7],[16,24,8,4,20,19,15,13,17,12,11,18],[20,8,16,19,15,17,13,12,4,24,11,18],[24,4,16,12,15,11,8,20,19,17,13,18],[24,20,4,12,19,8,16,15,17,13,11,18],[20,4,24,8,12,16,19,15,13,17,11,14,7],[12,4,24,20,16,15,19,17,13,11,8,14,7],[24,20,12,16,15,19,13,17,8,11,4,18],[20,24,4,16,19,15,13,17,12,11,8,18],[12,16,15,11,4,8,24,20,19,13,17,18],[12,20,24,8,16,15,19,13,17,4,11,14,7],[16,8,4,24,20,15,19,13,17,12,11,14,7],[12,24,8,20,16,15,19,17,13,11,4,18],[12,16,11,24,4,20,19,15,13,17,8,14,7],[8,12,16,11,24,20,19,15,17,13,4,18],[16,4,12,15,11,24,8,20,19,13,17,14,7],[4,12,24,20,16,19,15,13,17,8,11,14,7],[8,4,24,12,20,19,11,16,15,17,13,18],[24,8,4,12,16,15,11,20,19,13,17,18],[12,20,16,15,19,17,13,4,24,8,11,18],[8,24,12,20,16,15,19,17,13,11,4,14,7],[16,12,11,4,8,24,20,19,15,13,17,18],[8,4,16,24,20,15,19,17,13,12,11,14,7],[12,8,24,4,20,16,19,15,13,17,11,18],[16,20,15,19,17,13,8,4,12,24,11,14,7],[4,24,8,16,12,15,11,20,19,17,13,14,7],[12,24,20,4,16,19,15,17,13,8,11,18],[20,16,19,15,17,13,8,24,4,12,11,18],[12,8,20,24,16,19,15,13,17,11,4,18],[24,20,8,12,16,19,15,13,17,4,11,14,7],[16,12,15,11,8,4,20,19,17,13,24,18],[8,12,16,11,4,24,20,15,19,17,13,18],[16,20,19,15,13,17,12,4,8,24,11,14,7],[8,20,24,16,19,15,17,13,4,12,11,18],[24,12,20,8,4,16,19,15,13,17,11,14,7],[12,24,16,15,11,8,20,19,17,13,4,14,7],[20,4,24,8,16,15,19,13,17,12,11,14,7],[20,12,8,16,15,19,17,13,24,4,11,18],[20,24,12,11,4,8,16,19,15,17,13,14,7],[16,8,12,15,11,24,20,19,17,13,4,18],[4,24,12,16,11,8,20,15,19,13,17,14,7],[24,8,20,16,15,19,17,13,12,11,4,18],[12,20,23,19,8,4,11,16,15,13,17,24,18],[4,8,12,16,11,20,19,15,17,13,24,18],[12,20,8,4,24,19,11,16,15,13,17,14,7],[20,12,8,24,4,16,19,15,13,17,11,14,7],[12,4,20,16,19,15,17,13,8,24,11,18],[8,16,4,24,20,15,19,17,13,12,11,18],[24,12,20,4,8,16,15,19,17,13,11,18],[24,4,16,8,20,15,19,17,13,12,11,14,7],[20,4,8,12,16,15,19,17,13,11,24,14,7],[8,12,16,15,11,20,19,17,13,4,24,18],[12,16,11,24,4,8,20,19,15,17,13,14,7],[4,16,24,12,11,20,15,19,17,13,8,18],[4,16,8,24,12,15,11,20,19,17,13,18],[4,16,24,8,20,15,19,13,17,12,11,18],[4,12,24,16,15,11,20,19,13,17,8,18],[20,8,4,24,12,16,15,19,17,13,11,18],[4,8,12,20,24,16,15,19,17,13,11,14,7],[24,16,8,4,12,15,11,20,19,17,13,18],[12,8,24,20,4,16,15,19,13,17,11,14,7],[20,8,24,4,16,19,15,13,17,12,11,14,7],[12,24,20,16,15,19,13,17,4,11,8,18],[16,24,12,15,11,20,19,17,13,8,4,18],[8,24,16,20,15,19,13,17,4,12,11,18],[16,24,12,15,11,20,19,17,13,4,8,14,7],[24,8,16,20,15,19,17,13,12,4,11,14,7],[20,24,4,7,12,16,15,19,13,17,11,8,14],[16,20,19,15,17,13,24,8,12,4,11,14,7],[24,12,4,8,16,15,11,20,19,17,13,18],[8,20,12,16,19,15,17,13,4,24,11,18],[24,8,16,4,20,19,15,13,17,12,11,14,7],[12,8,20,16,15,19,17,13,24,4,11,18],[16,8,20,15,19,13,17,12,11,4,24,14,7],[20,8,4,24,16,19,15,17,13,12,11,18],[20,12,24,11,16,19,15,13,17,8,4,18],[24,12,16,11,8,20,15,19,17,13,4,18],[12,4,20,16,15,19,13,17,24,8,11,14,7],[16,12,11,4,20,15,19,13,17,8,24,14,7],[8,20,4,16,15,19,17,13,12,24,11,14,7],[16,24,4,8,12,11,20,19,15,13,17,14,7],[16,4,8,12,15,11,20,19,17,13,24,14,7],[8,12,4,24,20,16,19,15,17,13,11,18],[20,8,12,4,16,19,15,17,13,11,24,14,7],[24,8,20,16,19,15,17,13,12,4,11,14,7],[16,20,19,15,13,17,8,24,12,4,11,14,7],[24,4,16,12,15,11,8,20,19,17,13,14,7],[8,20,16,19,15,17,13,24,12,4,11,18],[12,4,8,16,11,20,19,15,17,13,24,14,7],[24,8,16,12,11,20,15,19,17,13,4,18],[16,20,19,15,17,13,24,8,12,11,4,18],[24,12,16,11,8,4,20,19,15,13,17,18],[4,20,24,12,16,19,15,13,17,8,11,14,7],[20,8,16,15,19,17,13,24,12,4,11,18],[12,8,4,16,11,20,15,19,17,13,24,18],[24,16,8,12,15,11,4,20,19,13,17,14,7],[20,24,8,16,19,15,17,13,4,12,11,14,7],[8,24,20,12,16,15,19,17,13,11,4,14,7],[12,20,8,24,4,19,11,16,15,13,17,14,7],[16,12,11,20,15,19,13,17,24,4,8,14,7],[8,20,16,15,19,13,17,24,4,12,11,18],[8,24,16,4,20,15,19,17,13,12,11,18],[20,24,12,16,15,19,13,17,11,8,4,14,7],[24,12,16,15,11,20,19,13,17,8,4,18],[8,4,16,20,19,15,13,17,12,24,11,18],[12,4,24,16,11,20,19,15,13,17,8,14,7],[24,12,4,20,8,16,19,15,13,17,11,18],[8,20,24,16,19,15,13,17,12,4,11,14,7],[8,24,4,20,16,15,19,17,13,12,11,18],[24,12,20,16,19,15,13,17,8,11,4,18],[24,12,20,4,8,11,16,15,19,17,13,18],[20,11,4,8,24,16,15,19,13,17,14,7,12],[20,8,4,11,16,19,15,13,17,24,18],[24,8,4,16,12,11,20,15,19,17,13,14,7],[8,12,20,16,19,15,17,13,4,11,24,14,7],[20,16,19,15,17,13,24,8,12,11,4,14,7],[16,4,12,15,11,8,20,19,17,13,24,14,7],[16,8,24,4,12,15,11,20,19,13,17,14,7],[8,24,12,16,11,4,20,19,15,13,17,18],[8,12,4,16,15,11,24,20,19,13,17,18],[24,16,8,4,12,11,20,19,15,17,13,14,7],[12,20,4,16,15,19,17,13,8,24,11,18],[16,20,19,15,13,17,12,4,24,8,11,18],[12,8,20,24,16,19,15,17,13,4,11,18],[16,4,20,15,19,17,13,8,24,12,11,18],[8,20,16,15,19,17,13,12,11,24,4,18],[8,20,12,24,4,16,15,19,13,17,11,14,7],[4,8,16,24,12,11,20,15,19,17,13,18],[24,20,12,4,11,8,16,15,19,17,13,18],[12,20,24,16,15,19,17,13,8,4,11,18],[8,16,20,19,15,13,17,4,24,12,11,18],[20,24,16,15,19,13,17,4,8,12,11,18],[4,16,8,24,12,11,20,15,19,17,13,18],[8,24,16,4,12,15,11,20,19,13,17,18],[16,24,12,15,11,20,19,13,17,4,8,18],[4,16,12,15,11,8,20,19,17,13,24,14,7],[8,24,16,4,20,15,19,17,13,12,11,14,7],[8,12,20,24,4,16,19,15,13,17,11,14,7],[20,24,4,16,15,19,17,13,8,12,11,14,7],[24,8,16,20,15,19,13,17,12,4,11,18],[8,4,16,20,15,19,13,17,24,12,11,14,7],[4,12,20,16,19,15,17,13,8,24,11,14,7],[12,4,16,15,11,20,19,13,17,8,24,18],[12,20,4,8,16,15,19,13,17,11,24,14,7],[4,24,16,8,20,15,19,13,17,12,11,14,7],[20,16,19,15,13,17,8,4,12,24,11,18],[16,20,19,15,13,17,4,12,8,11,24,14,7],[24,20,4,8,16,19,15,13,17,12,11,18],[24,4,16,20,15,19,17,13,8,12,11,14,7],[4,8,16,12,11,20,19,15,13,17,24,18],[12,8,20,24,4,16,19,15,13,17,11,18],[12,24,8,16,11,4,20,19,15,17,13,14,7],[4,16,12,15,11,8,20,19,17,13,24,14,7],[8,4,20,12,16,19,15,13,17,24,11,18],[24,4,16,8,12,15,11,20,19,17,13,14,7],[12,8,24,16,11,20,15,19,13,17,4,14,7],[8,12,20,16,19,15,13,17,4,24,11,14,7],[20,8,12,24,4,16,15,19,17,13,11,14,7],[4,12,20,8,16,19,15,17,13,24,11,18],[20,24,4,16,15,19,17,13,8,12,11,14,7],[20,8,12,11,24,4,16,19,15,13,17,18],[16,12,11,8,24,4,20,15,19,13,17,14,7],[16,4,24,8,20,19,15,17,13,12,11,18],[8,24,12,20,4,16,15,19,13,17,11,14,7],[20,24,12,8,16,19,15,17,13,4,11,18],[24,4,20,8,16,19,15,13,17,12,11,18],[8,24,16,12,15,11,4,20,19,13,17,18],[4,8,12,20,23,11,16,19,15,13,17,24,18],[24,20,4,12,15,16,19,17,13,11,8,18],[8,24,16,20,19,15,17,13,12,4,11,14,7],[20,12,8,16,19,15,13,17,4,11,24,18],[16,20,19,15,17,13,24,4,8,12,11,14,7],[8,16,20,19,15,13,17,24,4,12,11,18],[8,4,12,24,16,15,11,20,19,17,13,14,7],[8,20,24,4,12,16,19,15,17,13,11,18],[20,24,4,8,16,19,15,13,17,12,11,14,7],[8,16,24,20,15,19,17,13,12,4,11,18],[8,24,16,12,11,4,20,15,19,17,13,18],[12,16,11,8,24,20,15,19,17,13,4,18],[16,8,12,15,11,24,20,19,13,17,4,14,7],[24,4,16,8,20,15,19,17,13,12,11,18],[24,20,8,4,16,19,15,13,17,12,11,14,7],[24,8,4,20,16,19,15,13,17,12,11,14,7],[20,12,23,4,8,19,16,15,13,17,11,24,18],[20,16,15,19,17,13,4,8,24,12,11,14,7],[16,8,4,12,11,20,19,15,17,13,24,14,7],[24,12,4,16,15,11,20,19,17,13,8,18],[12,20,8,24,16,15,19,13,17,4,11,14,7],[4,8,16,12,11,20,15,19,17,13,24,14,7],[20,8,4,12,24,11,16,19,15,13,17,14,7],[16,24,4,8,20,15,19,17,13,12,11,14,7],[8,20,16,15,19,13,17,4,24,12,11,18],[24,12,4,20,8,16,19,15,13,17,11,18],[24,20,16,15,19,17,13,4,8,12,11,18],[4,8,16,24,20,19,15,17,13,12,11,18],[8,16,12,11,4,24,20,19,15,17,13,14,7],[16,20,15,19,17,13,8,4,24,12,11,18],[12,4,16,15,11,8,20,19,13,17,24,14,7],[16,4,24,12,11,20,15,19,13,17,8,14,7],[24,4,16,8,20,19,15,13,17,12,11,14,7],[24,16,20,15,19,13,17,12,8,4,11,18],[24,8,20,12,16,19,15,13,17,4,11,14,7],[20,16,15,19,17,13,4,24,12,8,11,18],[24,4,16,12,11,20,15,19,13,17,8,14,7],[16,20,19,15,17,13,8,24,4,12,11,18],[16,20,19,15,17,13,8,4,12,11,24,14,7],[24,16,12,11,4,20,19,15,13,17,8,18],[20,12,16,19,15,17,13,4,8,11,24,18],[20,16,19,15,13,17,24,4,12,8,11,14,7],[16,4,24,12,15,11,20,19,13,17,8,14,7],[12,4,20,24,16,19,15,13,17,11,8,14,7],[16,8,12,11,4,24,20,19,15,17,13,14,7],[4,20,8,24,12,16,15,19,17,13,11,18],[8,24,16,12,15,11,20,19,13,17,4,18],[8,16,20,19,15,13,17,24,12,11,4,18],[8,4,12,16,15,11,24,20,19,17,13,18],[20,4,16,15,19,17,13,24,12,8,11,14,7],[20,24,4,12,16,19,15,17,13,11,8,14,7],[12,20,16,15,19,13,17,8,4,11,24,14,7],[4,16,20,19,15,17,13,24,8,12,11,14,7],[8,12,24,16,15,11,4,20,19,13,17,18],[16,20,15,19,17,13,24,12,11,8,4,14,7],[4,24,20,8,16,15,19,17,13,12,11,18],[12,24,4,16,11,8,20,15,19,13,17,18],[4,8,12,24,20,16,19,15,13,17,11,14,7],[16,12,15,11,20,19,13,17,24,8,4,18],[16,24,8,12,15,11,20,19,17,13,4,14,7],[16,8,20,19,15,17,13,12,11,4,24,18],[24,12,16,11,20,15,19,13,17,4,8,14,7],[4,12,20,16,19,15,13,17,8,24,11,18],[20,8,24,12,4,19,16,15,13,17,11,18],[4,20,24,12,16,19,15,13,17,11,8,14,7],[8,24,4,16,12,11,20,15,19,13,17,18],[24,4,12,8,16,11,20,15,19,13,17,14,7],[16,12,15,11,20,19,13,17,24,8,4,14,7],[16,20,15,19,17,13,8,12,4,24,11,18],[16,4,12,15,11,8,24,20,19,17,13,18],[24,16,20,19,15,17,13,8,12,4,11,14,7],[24,20,12,4,8,11,16,19,15,13,17,18],[12,24,4,20,16,15,19,13,17,8,11,18],[24,20,4,8,16,15,19,17,13,12,11,18],[20,16,19,15,17,13,12,24,11,8,4,18],[12,24,8,16,15,11,20,19,13,17,4,14,7],[12,20,24,4,8,16,19,15,13,17,11,18],[8,12,20,24,16,19,15,13,17,4,11,14,7],[24,20,12,16,15,19,13,17,4,8,11,14,7],[20,4,12,8,24,11,16,19,15,17,13,14,7],[16,20,15,19,13,17,8,4,12,24,11,14,7],[20,24,12,4,8,16,19,15,13,17,11,18],[16,20,19,15,13,17,4,12,8,24,11,14,7],[4,8,24,12,20,16,19,15,13,17,11,18],[12,8,20,4,16,19,15,17,13,24,11,18],[16,8,24,20,15,19,13,17,4,12,11,14,7],[4,16,12,15,11,20,19,17,13,24,8,14,7],[20,8,4,24,12,16,19,15,13,17,11,14,7],[20,12,8,16,19,15,13,17,24,4,11,14,7],[12,20,16,19,15,13,17,4,11,8,24,18],[4,20,16,15,19,13,17,24,8,12,11,18],[12,8,20,4,24,16,15,19,17,13,11,18],[24,8,16,4,20,19,15,17,13,12,11,18],[4,16,24,20,19,15,17,13,12,11,8,18],[8,4,20,24,12,16,19,15,17,13,11,14,7],[16,8,24,20,15,19,13,17,12,11,4,14,7],[16,20,15,19,13,17,12,4,24,8,11,14,7],[16,12,15,11,24,20,19,13,17,8,4,18],[24,16,8,20,19,15,13,17,12,4,11,18],[12,16,15,11,8,24,20,19,13,17,4,18],[12,16,15,11,8,4,24,20,19,17,13,18],[20,24,4,7,12,16,15,19,13,17,11,8,18],[12,16,11,8,20,19,15,17,13,24,4,18],[24,16,8,20,19,15,13,17,12,4,11,14,7],[24,4,20,16,15,19,13,17,12,11,8,18],[24,8,20,12,4,16,19,15,17,13,11,18],[12,24,20,16,19,15,17,13,4,8,11,14,7],[12,4,16,15,11,20,19,13,17,24,8,14,7],[20,16,19,15,17,13,8,24,4,12,11,14,7],[20,24,16,19,15,17,13,4,12,11,8,18],[24,20,4,12,16,15,19,13,17,8,11,18],[20,12,4,8,16,19,15,13,17,11,24,18],[24,16,8,12,11,4,20,19,15,13,17,18],[8,4,12,24,20,16,19,15,13,17,11,14,7],[4,24,8,12,16,11,20,19,15,17,13,18],[12,16,11,4,8,24,20,15,19,17,13,18],[20,8,4,12,11,24,16,15,19,17,13,14,7],[16,20,15,19,17,13,4,24,8,12,11,18],[16,8,12,11,20,15,19,13,17,24,4,18],[16,12,11,4,8,20,19,15,17,13,24,18],[8,12,24,20,4,16,19,15,17,13,11,18],[16,4,12,15,11,24,8,20,19,13,17,18],[4,8,24,16,12,11,20,15,19,13,17,14,7],[20,4,24,8,16,15,19,13,17,12,11,14,7],[8,24,12,20,16,19,15,17,13,11,4,14,7],[12,8,24,20,4,11,16,15,19,17,13,18],[20,7,4,16,15,19,13,17,24,12,11,8,14],[20,8,24,4,16,19,15,17,13,12,11,18],[16,12,11,24,8,20,15,19,13,17,4,14,7],[20,24,12,4,11,8,16,19,15,17,13,14,7],[4,8,12,24,20,16,15,19,13,17,11,14,7],[24,8,20,4,16,15,19,13,17,12,11,18],[20,8,24,16,19,15,17,13,4,12,11,18],[12,4,20,16,19,15,13,17,11,8,24,18],[16,12,15,11,24,20,19,13,17,4,8,14,7],[4,20,8,16,15,19,17,13,12,24,11,14,7],[4,16,8,24,12,15,11,20,19,13,17,14,7],[16,20,15,19,17,13,8,12,24,4,11,14,7],[20,16,19,15,17,13,8,12,23,4,11,24,14,7],[16,8,12,11,24,4,20,15,19,17,13,18],[8,24,12,20,19,4,16,15,17,13,11,18],[12,16,15,11,24,8,20,19,17,13,4,18],[12,20,16,19,15,17,13,4,24,8,11,14,7],[12,8,4,24,16,15,11,20,19,13,17,18],[4,20,24,8,16,19,15,13,17,12,11,18],[8,4,20,12,16,19,15,13,17,11,24,18],[16,4,12,11,24,8,20,15,19,17,13,14,7],[24,20,4,12,16,15,19,13,17,8,11,14,7],[20,24,16,15,19,13,17,4,12,8,11,14,7],[8,12,16,15,11,4,24,20,19,17,13,14,7],[24,12,20,4,16,15,19,17,13,8,11,18],[20,12,11,4,24,16,19,15,13,17,8,18],[20,8,16,19,15,13,17,24,4,12,11,18],[8,12,24,20,16,15,19,17,13,4,11,18],[4,24,12,16,11,8,20,19,15,13,17,18],[24,20,16,15,19,13,17,4,8,12,11,18],[4,24,20,8,12,16,15,19,17,13,11,18],[4,20,16,19,15,17,13,24,12,11,8,14,7],[12,24,16,15,11,20,19,13,17,8,4,14,7],[8,4,12,20,16,15,19,17,13,11,24,18],[24,12,4,20,16,15,19,13,17,11,8,18],[8,12,20,16,15,19,17,13,4,24,11,14,7],[24,20,8,16,19,15,17,13,12,4,11,18],[4,20,24,12,19,11,8,16,15,13,17,14,7],[12,8,16,15,11,4,24,20,19,17,13,14,7],[4,16,12,11,8,20,19,15,13,17,24,18],[24,8,12,4,16,11,20,15,19,17,13,18],[8,12,16,15,11,24,20,19,13,17,4,14,7],[4,20,12,24,16,19,15,13,17,11,8,14,7],[24,8,16,12,15,11,20,19,13,17,4,14,7],[16,12,15,11,24,4,8,20,19,17,13,14,7],[24,12,4,8,20,19,16,15,17,13,11,14,7],[20,24,4,12,8,16,19,15,13,17,11,14,7],[16,24,4,20,15,19,13,17,12,11,8,14,7],[12,24,8,4,16,11,20,15,19,13,17,18],[4,20,24,12,16,15,19,17,13,8,11,14,7],[20,12,19,24,16,15,17,13,8,4,11,18],[12,4,16,11,20,19,15,13,17,8,24,14,7],[8,12,20,4,16,19,15,13,17,24,11,14,7],[12,16,11,20,15,19,17,13,3,8,24,18],[12,24,16,11,8,4,20,19,15,17,13,18],[16,12,11,8,4,20,19,15,13,17,24,14,7],[4,24,8,16,12,11,20,15,19,17,13,14,7],[8,12,4,16,15,11,24,20,19,13,17,18],[12,8,4,20,24,11,16,19,15,13,17,14,7],[16,8,12,11,4,24,20,15,19,13,17,14,7],[8,16,24,12,11,4,20,15,19,17,13,18],[24,12,4,20,16,19,15,13,17,8,11,18],[20,24,12,8,4,16,19,15,13,17,11,14,7],[24,8,20,4,12,16,19,15,17,13,11,18],[20,16,19,15,17,13,12,4,8,24,11,14,7],[20,8,12,4,16,19,15,13,17,11,24,14,7],[8,4,16,20,19,15,17,13,12,24,11,14,7],[20,16,15,19,17,13,4,12,7,11,24,8,18],[16,24,12,15,11,20,19,17,13,8,4,14,7],[24,4,8,20,16,15,19,13,17,12,11,14,7],[24,8,20,16,19,15,13,17,12,4,11,18],[4,12,20,24,19,16,15,17,13,8,11,14,7],[20,24,8,4,12,16,15,19,13,17,11,14,7],[20,12,16,19,15,13,17,4,24,8,11,14,7],[16,12,11,8,20,15,19,13,17,4,24,14,7],[12,24,8,4,16,11,20,15,19,17,13,18],[8,24,12,4,16,11,20,15,19,17,13,14,7],[16,20,15,19,17,13,4,8,12,24,11,14,7],[8,12,24,20,4,16,15,19,17,13,11,14,7],[24,4,16,20,19,15,17,13,8,12,11,18],[8,24,12,16,15,11,20,19,13,17,4,18],[12,8,20,24,4,11,16,19,15,17,13,18],[20,23,8,16,19,15,13,17,12,11,4,24,18],[4,8,20,24,12,16,19,15,17,13,11,14,7],[24,12,4,20,8,16,19,15,13,17,11,14,7],[20,8,16,19,15,13,17,24,11,4,18],[20,24,8,12,16,15,19,17,13,4,11,14,7],[8,4,24,12,16,15,11,20,19,13,17,18],[24,12,4,8,20,16,15,19,13,17,11,14,7],[12,20,24,11,8,4,16,19,15,13,17,18],[24,4,12,20,8,11,16,15,19,17,13,18],[24,4,12,16,15,11,20,19,17,13,8,14,7],[24,16,4,8,12,11,20,19,15,17,13,18],[24,4,8,20,12,11,16,15,19,17,13,18],[4,8,24,20,15,16,19,13,17,12,11,14,7],[4,20,12,8,24,16,19,15,13,17,11,14,7],[24,20,8,16,15,19,17,13,4,12,11,18],[16,8,12,11,24,4,20,15,19,17,13,14,7],[8,16,12,11,24,4,20,15,19,13,17,18],[4,8,16,20,15,19,17,13,24,12,11,18],[20,16,15,19,13,17,8,24,12,4,11,14,7],[4,20,8,16,19,15,17,13,12,24,11,14,7],[24,12,4,8,16,11,20,15,19,17,13,18],[8,4,16,24,20,15,19,17,13,12,11,14,7],[4,24,12,8,20,16,19,15,13,17,11,18],[20,12,16,19,15,13,17,24,11,4,8,18],[8,20,4,16,15,19,13,17,12,24,11,18],[20,16,15,19,17,13,4,8,12,11,24,18],[16,4,24,8,12,11,20,19,15,13,17,14,7],[20,16,15,19,13,17,24,4,12,8,11,14,7],[16,20,19,15,17,13,4,8,12,24,11,18],[8,4,20,16,19,15,17,13,12,24,11,18],[8,20,16,15,19,13,17,12,4,24,11,18],[20,4,16,19,15,13,17,24,8,12,11,14,7],[12,8,20,16,19,15,17,13,24,4,11,18],[12,20,24,8,4,19,11,16,15,17,13,18],[12,16,11,4,24,20,19,15,17,13,8,18],[12,20,4,11,8,16,15,19,17,13,24,14,7],[24,12,16,15,11,20,19,13,17,4,8,18],[24,8,12,4,16,15,11,20,19,17,13,18],[12,8,4,24,20,16,15,19,17,13,11,14,7],[20,16,15,19,17,13,4,12,24,11,8,14,7],[4,16,20,15,19,17,13,8,12,24,11,18],[12,20,8,24,16,15,19,13,17,4,11,14,7],[24,16,20,19,15,17,13,8,12,4,11,18],[24,16,20,19,15,17,13,8,12,11,4,14,7],[20,16,15,19,13,17,4,24,12,11,8,18],[4,12,16,11,8,24,20,19,15,17,13,18],[16,20,19,15,13,17,4,24,12,8,11,18],[12,24,4,16,15,11,8,20,19,13,17,14,7],[16,8,24,12,15,11,20,19,17,13,4,18],[12,24,16,11,20,19,15,13,17,4,8,14,7],[20,8,24,16,19,15,17,13,12,4,11,14,7],[4,12,24,20,16,19,15,17,13,11,8,14,7],[16,24,4,12,11,20,15,19,13,17,8,14,7],[16,4,24,8,20,19,15,13,17,12,11,14,7],[24,8,12,4,20,16,19,15,13,17,11,14,7],[20,16,15,19,17,13,4,8,12,24,11,14,7],[16,20,15,19,17,13,12,24,7,4,11,8,14],[8,20,24,4,16,19,15,17,13,12,11,18],[4,20,16,19,15,13,17,12,24,11,8,18],[24,12,20,4,8,16,15,19,13,17,11,14,7],[12,24,4,20,16,15,19,13,17,11,8,18],[16,8,24,12,11,20,19,15,13,17,4,18],[20,4,8,24,16,15,19,13,17,12,11,18],[16,24,12,11,20,19,15,13,17,4,8,14,7],[8,24,20,4,12,16,19,15,17,13,11,14,7],[4,20,16,15,19,13,17,8,24,12,11,14,7],[20,8,16,15,19,17,13,24,4,12,11,14,7],[4,8,12,16,15,11,20,19,17,13,24,18],[8,24,16,4,12,15,11,20,19,13,17,18],[8,12,20,4,16,19,15,13,17,24,11,14,7],[4,12,8,24,16,15,11,20,19,17,13,18],[24,12,8,4,20,16,15,19,17,13,11,18],[8,4,20,16,19,15,13,17,24,12,11,14,7],[4,12,24,20,8,16,19,15,13,17,11,18],[12,4,16,11,20,15,19,13,17,8,24,14,7],[24,16,8,12,11,20,15,19,13,17,4,18],[12,4,16,15,11,20,19,17,13,8,24,18],[8,24,16,12,15,11,4,20,19,13,17,14,7],[12,20,4,24,19,8,16,15,13,17,11,14,7],[4,20,12,8,16,15,19,17,13,24,11,14,7],[12,4,16,11,24,8,20,19,15,17,13,14,7],[12,16,11,20,19,15,13,17,24,4,8,18],[8,12,24,16,15,11,4,20,19,17,13,18],[16,20,19,15,17,13,12,24,8,4,11,14,7],[12,20,24,4,16,19,15,13,17,8,11,18],[4,24,20,16,19,15,17,13,12,8,11,14,7],[12,4,20,16,19,15,17,13,8,11,24,18],[20,12,4,8,24,11,16,19,15,17,13,14,7],[24,16,4,8,12,11,20,19,15,13,17,14,7],[12,8,4,20,24,16,19,15,17,13,11,18],[20,12,19,8,16,15,17,13,4,24,11,14,7],[8,12,16,15,11,4,24,20,19,13,17,14,7],[20,8,24,16,19,15,17,13,12,4,11,18],[12,20,16,15,19,13,17,4,8,24,11,14,7],[8,20,4,16,15,19,13,17,12,24,11,18],[20,24,12,8,16,19,15,13,17,11,4,14,7],[16,20,19,15,13,17,4,24,8,12,11,18],[20,3,8,16,19,15,17,13,24,12,11,18],[4,20,16,19,15,17,13,24,8,12,11,18],[24,12,16,11,8,20,19,15,17,13,4,14,7],[8,24,4,16,12,15,11,20,19,13,17,14,7],[4,8,16,12,15,11,20,19,17,13,24,14,7],[8,12,20,24,16,19,15,17,13,4,11,18],[8,24,12,4,16,11,20,15,19,13,17,18],[24,8,20,16,19,15,13,17,4,12,11,14,7],[16,20,15,19,17,13,8,24,4,12,11,18],[4,16,8,12,11,20,15,19,17,13,24,18],[16,24,12,15,11,20,19,13,17,4,8,18],[24,4,8,20,12,16,19,15,13,17,11,18],[24,20,4,8,12,16,19,15,13,17,11,18],[12,20,16,15,19,13,17,24,11,8,4,18],[24,4,16,8,20,15,19,17,13,12,11,18],[16,20,15,19,13,17,4,24,8,12,11,14,7],[20,16,15,19,17,13,8,4,12,24,11,18],[16,8,24,4,12,11,20,19,15,13,17,18],[20,12,24,4,16,19,15,17,13,8,11,14,7],[8,4,12,20,16,19,15,17,13,24,11,14,7],[12,20,16,19,15,13,17,24,8,4,11,18],[16,8,12,11,4,24,20,19,15,17,13,14,7],[24,20,16,19,15,13,17,3,12,8,11,18],[4,12,8,16,11,20,15,19,17,13,24,14,7],[24,4,8,16,12,11,20,15,19,13,17,14,7],[20,4,16,15,19,13,17,24,8,12,11,18],[20,24,3,12,19,8,11,16,15,17,13,14,7,4],[4,8,16,20,15,19,17,13,24,12,11,18],[24,8,20,16,19,15,17,13,4,12,11,14,7],[4,8,12,20,24,11,16,19,15,17,13,14,7],[4,20,15,16,19,13,17,8,24,12,11,18],[16,20,19,15,17,13,4,12,11,8,24,14,7],[8,16,24,4,20,19,15,17,13,12,11,14,7],[8,12,24,16,15,11,4,20,19,13,17,14,7],[20,4,12,24,8,19,16,15,13,17,11,18],[4,20,8,12,16,19,15,17,13,24,11,18],[16,8,20,19,15,17,13,4,12,24,11,14,7],[16,4,24,8,12,11,20,15,19,13,17,18],[20,8,4,24,12,16,19,15,17,13,11,18],[8,24,16,4,20,19,15,13,17,12,11,14,7],[4,20,8,12,24,11,16,19,15,13,17,18],[20,8,16,15,19,17,13,4,12,24,11,18],[20,24,8,16,15,19,13,17,4,12,11,14,7],[12,20,16,19,15,17,13,11,8,24,4,14,7],[12,20,16,15,19,13,17,8,11,4,24,18],[24,20,8,12,16,15,19,13,17,11,4,18],[16,24,20,15,19,13,17,4,8,12,11,14,7],[16,24,4,8,12,15,11,20,19,13,17,18],[24,12,4,20,16,15,19,13,17,8,11,18],[24,12,8,20,4,16,19,15,13,17,11,14,7],[24,20,4,12,16,15,19,13,17,8,11,18],[4,8,12,24,20,16,19,15,13,17,11,18],[4,12,8,24,20,16,19,15,13,17,11,18],[4,16,12,15,11,20,19,17,13,8,24,14,7],[24,12,4,20,11,16,15,19,13,17,8,18],[4,8,24,16,12,11,20,19,15,17,13,14,7],[12,20,4,24,19,8,16,15,17,13,11,18],[4,20,8,24,16,19,15,17,13,12,11,14,7],[24,8,12,20,16,15,19,17,13,4,11,18],[4,20,16,19,15,17,13,8,12,11,24,18],[8,16,4,20,15,19,13,17,12,24,11,18],[8,16,12,15,11,24,4,20,19,17,13,18],[16,20,19,15,13,17,24,12,4,11,8,18],[12,20,4,24,16,19,15,13,17,8,11,14,7],[12,24,8,20,4,11,16,15,19,17,13,14,7],[20,8,4,12,24,11,16,19,15,13,17,14,7],[16,4,12,15,11,24,8,20,19,17,13,18],[8,12,16,15,11,20,19,17,13,4,24,18],[4,8,24,12,20,11,16,15,19,13,17,18],[12,4,20,24,16,15,19,13,17,8,11,18],[4,12,16,15,11,8,24,20,19,13,17,14,7],[8,4,16,12,15,11,20,19,17,13,24,18],[20,4,8,16,19,15,13,17,12,24,11,14,7],[24,8,20,4,12,16,15,19,17,13,11,18],[16,4,8,12,15,11,20,19,13,17,24,14,7],[8,16,20,19,15,17,13,4,24,12,11,14,7],[8,24,16,4,20,15,19,17,13,12,11,18],[8,24,16,4,12,11,20,15,19,17,13,14,7],[16,24,12,11,8,4,20,15,19,13,17,18],[20,8,24,16,19,15,13,17,4,12,11,14,7],[16,24,12,15,11,4,20,19,17,13,8,14,7],[12,8,4,16,15,11,20,19,17,13,24,18],[24,12,4,8,20,16,15,19,17,13,11,18],[20,12,24,16,15,19,13,17,8,4,11,18],[12,20,4,24,16,19,15,13,17,8,11,18],[16,4,8,24,12,15,11,20,19,17,13,18],[20,8,4,12,16,19,15,13,17,11,24,18],[4,24,12,16,15,11,8,20,19,17,13,14,7],[4,16,8,12,11,20,15,19,17,13,24,18],[8,20,24,4,16,15,19,13,17,12,11,18],[16,8,24,4,20,15,19,13,17,12,11,14,7],[24,4,12,20,8,16,15,19,13,17,11,18],[24,12,8,20,19,4,15,16,17,13,11,18],[8,12,16,11,24,4,20,19,15,13,17,18],[24,4,20,8,12,16,19,15,13,17,11,14,7],[4,12,16,11,24,8,20,15,19,13,17,18],[4,20,24,8,12,11,16,15,19,17,13,14,7],[24,4,12,16,11,20,15,19,13,17,8,14,7],[20,4,12,8,16,15,19,17,13,24,11,14,7],[20,4,12,24,16,15,19,17,13,8,11,14,7],[16,20,19,15,17,13,24,12,8,4,11,18],[20,16,15,19,17,13,4,12,24,8,11,14,7],[8,4,16,24,12,15,11,20,19,17,13,14,7],[16,4,12,11,20,15,19,17,13,24,8,14,7],[4,12,24,16,15,11,20,19,17,13,8,18],[12,16,11,8,24,20,15,19,13,17,4,14,7],[16,24,8,4,12,15,11,20,19,13,17,14,7],[4,16,24,20,15,19,17,13,8,12,11,14,7],[20,16,19,15,13,17,8,24,12,4,11,18],[24,20,16,19,15,13,17,4,8,12,11,18],[16,24,4,8,20,15,19,13,17,12,11,14,7],[24,12,8,20,4,16,15,19,13,17,11,14,7],[8,24,12,20,16,15,19,17,13,11,4,14,7],[20,8,4,24,16,15,19,13,17,12,11,18],[12,20,16,19,15,13,17,4,24,8,11,18],[16,8,4,20,19,15,13,17,24,12,11,14,7],[20,16,15,19,13,17,4,8,12,24,11,18],[24,8,12,4,16,15,11,20,19,13,17,18],[24,8,4,16,20,15,19,17,13,12,11,14,7],[12,4,24,20,8,16,15,19,13,17,11,14,7],[16,20,19,15,17,13,12,8,24,4,11,14,7],[16,24,8,4,12,15,11,20,19,17,13,14,7],[20,16,15,19,13,17,12,4,8,11,24,18],[12,24,4,20,8,16,19,15,13,17,11,14,7],[4,12,16,11,8,24,20,19,15,13,17,18],[12,24,16,11,8,4,20,15,19,13,17,14,7],[8,24,20,4,16,19,15,17,13,12,11,14,7],[24,16,4,8,12,15,11,20,19,13,17,14,7],[16,8,20,19,15,17,13,24,4,12,11,14,7],[24,8,4,12,20,16,15,19,17,13,11,18],[12,4,24,20,16,19,15,13,17,8,11,18],[4,8,20,16,19,15,17,13,24,12,11,18],[4,24,20,8,12,16,15,19,17,13,11,14,7],[4,24,12,8,16,11,20,15,19,13,17,14,7],[4,8,20,12,24,16,15,19,13,17,11,14,7],[24,12,20,16,19,15,13,17,4,11,8,18],[24,8,20,16,15,19,17,13,4,12,11,14,7],[12,20,24,8,16,15,19,17,13,11,3,14,7,4],[20,12,16,19,15,17,13,24,11,4,8,14,7],[24,12,4,16,11,8,20,19,15,13,17,18],[16,20,15,19,17,13,8,12,4,24,11,18],[20,16,19,15,17,13,8,4,24,12,11,18],[16,24,4,20,15,19,17,13,12,8,11,18],[20,8,16,19,15,17,13,11,24,4,14,7,12],[16,24,4,8,20,15,19,17,13,12,11,14,7],[24,8,16,20,19,15,13,17,4,12,11,14,7],[12,16,11,24,20,19,15,13,17,8,4,14,7],[8,12,24,4,16,15,11,20,19,17,13,18],[20,12,16,15,19,17,13,4,24,11,8,18],[4,8,20,16,15,19,13,17,24,12,11,14,7],[8,16,4,20,15,19,13,17,24,12,11,18],[20,4,12,8,24,16,15,19,13,17,11,18],[24,8,16,4,12,15,11,20,19,17,13,18],[12,8,4,24,16,15,11,20,19,13,17,14,7],[16,8,24,12,15,11,20,19,17,13,3,18],[8,20,24,16,19,15,17,13,12,4,11,14,7],[4,12,24,8,20,16,15,19,13,17,11,14,7],[24,12,16,15,11,20,19,17,13,4,8,18],[20,12,4,11,8,16,15,19,13,17,24,18],[8,20,24,4,12,16,19,15,13,17,11,14,7],[8,4,12,16,15,11,24,20,19,13,17,14,7],[24,4,16,20,15,19,13,17,12,11,8,14,7],[24,8,12,20,4,16,15,19,17,13,11,14,7],[20,12,4,24,19,8,16,15,17,13,11,18],[16,4,24,12,11,20,15,19,13,17,8,18],[20,12,16,15,19,13,17,8,24,4,11,18],[8,12,24,16,11,4,20,19,15,13,17,14,7],[8,4,12,16,15,11,20,19,13,17,24,18],[20,24,7,12,4,16,19,15,17,13,11,8,18],[8,16,24,12,15,11,4,20,19,13,17,18],[12,4,16,11,20,15,19,17,13,24,8,14,7],[12,20,8,16,19,15,13,17,4,24,11,18],[8,20,4,12,16,15,19,17,13,24,11,14,7],[24,4,20,12,16,19,15,17,13,11,8,18],[12,20,8,4,24,16,19,15,13,17,11,18],[12,16,15,11,4,20,19,13,17,24,8,18],[16,12,15,11,24,20,19,13,17,4,8,14,7],[8,12,16,15,11,20,19,13,17,24,4,14,7],[12,16,11,8,24,4,20,15,19,17,13,18],[24,12,20,8,16,19,15,13,17,11,4,14,7],[24,8,20,4,11,16,15,19,13,17,18],[4,20,8,24,16,15,19,13,17,12,11,18],[24,20,8,16,15,19,17,13,12,11,4,14,7],[16,8,24,12,11,4,20,15,19,17,13,14,7],[20,4,16,19,15,13,17,8,12,24,11,14,7],[16,8,4,20,19,15,17,13,12,11,24,18],[16,12,15,11,8,24,20,19,17,13,4,14,7],[4,24,16,12,11,20,15,19,13,17,8,14,7],[4,20,8,15,16,19,17,13,12,24,11,18],[4,16,20,19,15,13,17,12,8,11,24,18],[12,20,8,24,16,15,19,13,17,4,11,18],[20,16,15,19,13,17,4,8,24,12,11,14,7],[24,12,20,16,15,19,13,17,8,4,11,18],[8,4,12,24,16,15,11,20,19,17,13,18],[8,4,12,24,20,19,11,16,15,17,13,18],[24,8,16,12,11,20,15,19,13,17,4,18],[24,20,4,8,16,15,19,17,13,12,11,18],[4,16,20,15,19,17,13,8,12,24,11,14,7],[12,4,24,16,15,11,20,19,17,13,8,14,7],[8,16,4,12,11,24,20,15,19,17,13,14,7],[8,16,4,20,15,19,17,13,24,12,11,18],[12,4,16,15,11,20,19,17,13,8,24,18],[8,20,4,16,15,19,17,13,24,12,11,18],[20,12,8,24,19,4,16,15,17,13,11,18],[8,20,12,4,24,16,15,19,17,13,11,18],[24,8,20,12,4,11,16,15,19,13,17,18],[12,20,8,16,19,15,13,17,4,11,24,14,7],[24,4,20,12,16,19,15,17,13,8,11,18],[24,20,8,12,16,19,15,17,13,4,11,18],[4,24,16,8,20,15,19,17,13,12,11,14,7],[12,20,8,16,19,15,13,17,24,11,4,18],[20,24,12,8,16,19,15,17,13,11,4,18],[16,24,12,15,11,20,19,13,17,4,8,14,7],[12,20,4,16,19,15,13,17,8,24,11,14,7],[20,16,15,19,17,13,12,24,4,11,8,18],[8,12,4,20,24,16,19,15,13,17,11,14,7],[8,4,20,16,19,15,17,13,12,24,11,14,7],[16,24,4,20,15,19,13,17,8,12,11,14,7],[20,4,12,8,16,19,15,17,13,11,24,14,7],[20,4,16,19,15,17,13,8,24,12,11,14,7],[24,16,4,12,15,11,8,20,19,13,17,14,7],[20,12,8,24,4,16,19,15,13,17,11,14,7],[20,24,16,19,15,17,13,12,4,8,11,18],[20,16,15,19,17,13,12,8,24,4,11,14,7],[16,8,20,19,15,17,13,24,12,4,11,14,7],[24,8,12,20,16,19,15,13,17,4,11,14,7],[4,20,16,19,15,13,17,12,24,8,11,18],[24,16,4,12,15,11,8,20,19,17,13,18],[12,20,16,19,15,13,17,8,4,11,24,18],[16,8,24,4,20,19,15,17,13,12,11,14,7],[20,4,16,15,19,17,13,12,8,24,11,14,7],[24,20,8,4,16,19,15,17,13,12,11,18],[4,12,20,24,16,15,19,17,13,8,11,14,7],[16,4,24,12,11,8,20,15,19,17,13,18],[12,16,15,11,24,20,19,17,13,4,8,14,7],[12,24,20,8,16,15,19,13,17,11,4,14,7],[24,12,20,4,19,16,15,13,17,11,8,14,7],[20,8,12,24,16,19,15,13,17,4,11,14,7],[24,12,4,20,8,11,16,19,15,17,13,14,7],[4,12,16,11,24,8,20,19,15,17,13,18],[24,20,12,8,4,19,16,15,17,13,11,18],[20,24,4,16,15,19,17,13,12,11,8,18],[20,8,16,15,19,17,13,12,24,4,11,14,7],[4,12,8,20,16,19,15,17,13,11,24,14,7],[24,8,20,4,16,19,15,17,13,12,11,18],[12,20,8,4,24,11,16,19,15,13,17,18],[4,16,24,12,15,11,8,20,19,13,17,14,7],[24,12,16,11,4,8,20,19,15,13,17,18],[20,4,12,16,19,15,17,13,8,24,11,14,7],[24,8,12,16,11,4,20,15,19,13,17,14,7],[8,4,24,16,20,15,19,13,17,12,11,14,7],[20,12,8,16,19,15,17,13,24,4,11,14,7],[4,20,24,8,12,11,16,15,19,13,17,14,7],[8,20,12,4,11,24,16,19,15,13,17,18],[12,8,4,24,16,11,20,15,19,17,13,18],[8,20,4,16,19,15,13,17,24,12,11,18],[4,16,12,15,11,20,19,13,17,24,8,18],[12,8,24,4,16,15,11,20,19,13,17,18],[20,24,8,12,4,16,19,15,13,17,11,14,7],[16,4,20,19,15,13,17,24,8,12,11,14,7],[20,8,12,16,15,19,13,17,11,24,4,18],[8,20,16,19,15,13,17,24,12,11,4,18],[16,8,4,24,12,11,20,15,19,13,17,14,7],[8,12,4,24,16,11,20,15,19,17,13,18],[20,12,8,19,4,16,15,13,17,24,11,18],[16,4,8,12,15,11,24,20,19,17,13,18],[24,16,20,15,19,13,17,12,11,4,8,14,7],[16,24,12,15,11,4,20,19,13,17,8,18],[24,12,4,8,16,11,20,19,15,13,17,14,7],[4,12,24,8,16,15,11,20,19,17,13,14,7],[12,4,8,20,16,15,19,17,13,11,24,14,7],[8,24,20,16,19,15,13,17,12,4,11,14,7],[4,24,12,16,11,20,15,19,17,13,8,18],[12,20,16,19,15,13,17,4,11,8,24,18],[12,4,20,24,8,16,19,15,13,17,11,14,7],[20,8,4,24,16,15,19,13,17,12,11,14,7],[16,20,15,19,17,13,4,24,12,8,11,14,7],[4,12,16,15,11,24,20,19,13,17,8,18],[24,8,12,16,11,20,19,15,17,13,4,18],[16,8,20,19,15,17,13,24,4,12,11,14,7],[4,16,20,19,15,17,13,8,12,11,24,14,7],[12,20,23,8,4,16,19,15,17,13,11,24,18],[12,16,11,20,19,15,13,17,8,4,24,14,7],[8,4,24,16,12,11,20,19,15,13,17,18],[4,20,16,15,19,13,17,8,12,11,24,18],[12,16,15,11,24,20,19,13,17,4,8,18],[4,24,20,8,12,16,19,15,17,13,11,18],[20,16,19,15,13,17,24,4,12,11,8,18],[8,4,16,24,20,15,19,17,13,12,11,18],[8,24,12,16,15,11,4,20,19,13,17,18],[16,8,20,19,15,13,17,24,4,12,11,14,7],[20,4,8,24,16,15,19,13,17,12,11,18],[12,24,20,11,8,16,15,19,13,17,4,18],[24,8,20,12,4,11,16,19,15,17,13,18],[4,8,20,12,24,19,16,15,17,13,11,14,7],[16,8,12,11,4,24,20,15,19,17,13,14,7],[12,24,4,16,11,8,20,19,15,13,17,14,7],[16,20,15,19,13,17,12,3,8,24,11,14,7,4],[24,4,12,8,20,16,19,15,13,17,11,14,7],[20,24,16,19,15,13,17,8,12,4,11,14,7],[16,12,11,24,20,15,19,13,17,8,3,14,7,4],[24,12,8,4,16,15,11,20,19,17,13,14,7],[20,24,16,15,19,17,13,8,4,12,11,14,7],[24,20,12,4,11,16,19,15,17,13,8,14,7],[4,20,8,24,12,16,19,15,13,17,11,18],[24,16,4,20,19,15,13,17,8,12,11,18],[24,8,20,16,15,19,13,17,4,12,11,18],[16,12,15,11,24,20,19,17,13,8,4,14,7],[16,20,15,19,17,13,24,4,12,8,11,14,7],[20,12,4,16,15,19,13,17,8,24,11,18],[12,8,4,24,20,15,16,19,17,13,11,18],[20,4,8,24,16,19,15,13,17,12,11,18],[4,12,16,11,8,20,19,15,17,13,24,18],[20,8,4,16,19,15,17,13,12,24,11,18],[20,4,8,16,15,19,13,17,24,12,11,18],[16,20,15,19,13,17,8,12,24,4,11,18],[12,8,24,16,11,4,20,19,15,17,13,14,7],[16,8,12,15,11,4,20,19,13,17,24,18],[24,12,20,4,16,15,19,13,17,8,11,18],[20,16,15,19,13,17,24,12,8,4,11,14,7],[16,20,15,19,17,13,4,8,12,24,11,14,7]],"n_human":10}