{"problem_id":"PvVk8PrfYeG1Wpy","sigma":150,"alpha":3.162,"cost":4,"probabilities":"[0.34000000000000014, 0.38, 0.19, 0.09]","payoff_matrix":"[[24, -15, -149, 179, 329, 477], [-61, -246, 97, -52, 6, -146], [19, -22, -184, 164, -97, 35], [-79, -166, 134, 47, 218, -175]]","uncovered":[[18,14,2,22,6,10,9,17],[10,6,14,2,22,18,17],[22,2,6,14,10,18,17],[18,10,22,14,2,6,17],[10,2,22,14,6,18,9,17],[18,22,6,2,14,10,9,17],[6,14,22,10,2,18,17],[14,18,10,6,2,22,17],[14,18,10,22,6,2,9,17],[2,6,18,22,10,14,17],[14,22,10,18,2,6,9,17],[22,6,14,18,2,10,9,17],[22,10,2,18,14,6,9,17],[14,22,18,2,10,6,17],[22,18,2,6,10,14,9,17],[10,6,18,22,2,14,9,17],[10,6,22,14,18,2,17],[2,22,6,14,18,10,17],[10,6,22,2,14,18,9,17],[14,22,2,6,10,18,9,17],[22,10,18,2,6,14,9,17],[6,18,14,2,22,10,9,17],[6,22,10,14,18,2,17],[10,2,14,22,18,6,17],[10,14,22,6,18,2,9,17],[22,10,14,2,6,18,17],[6,2,22,14,18,10,17],[10,22,2,6,18,14,9,17],[6,22,10,14,2,18,17],[10,6,14,18,2,22,17],[10,14,22,2,6,18,9,17],[6,14,18,10,2,22,9,17],[6,18,14,22,10,2,17],[2,18,14,22,10,6,9,17],[2,14,22,18,10,6,9,17],[14,6,18,22,10,2,17],[6,22,18,2,10,14,17],[18,2,10,22,14,6,17],[6,2,22,10,18,14,9,17],[10,14,6,2,22,18,17],[6,14,2,10,22,18,17],[2,14,18,22,10,6,17],[10,14,6,18,2,22,9,17],[14,6,10,2,22,18,9,17],[14,2,22,6,10,18,9,17],[6,18,22,14,10,2,17],[22,2,14,18,6,10,17],[10,6,14,22,2,18,9,17],[10,2,6,14,18,22,9,17],[10,22,18,2,6,14,9,17],[14,18,6,10,22,2,9,17],[22,18,2,10,6,14,17],[6,18,2,14,10,22,17],[10,2,14,22,6,18,17],[6,14,10,2,22,18,17],[14,2,18,6,22,10,9,17],[2,18,22,6,14,10,9,17],[22,14,18,2,6,10,17],[22,18,6,10,14,2,9,17],[2,22,14,10,18,6,9,17],[14,2,22,18,6,10,17],[10,6,14,22,18,2,9,17],[14,22,10,18,6,2,9,17],[2,6,10,22,18,14,9,17],[22,6,2,10,18,14,17],[6,18,14,10,22,2,9,17],[2,6,22,10,18,14,17],[14,10,6,22,18,2,9,17],[18,10,14,22,2,6,9,17],[10,2,18,14,6,22,17],[14,10,6,18,2,22,17],[18,2,14,22,6,10,17],[6,22,10,2,18,14,9,17],[14,2,18,10,6,22,9,17],[2,14,10,22,6,18,17],[6,2,14,22,10,18,17],[18,10,2,22,6,14,9,17],[18,10,22,2,6,14,17],[2,22,10,18,14,6,9,17],[2,14,22,18,6,10,17],[2,18,6,14,10,22,9,17],[10,6,22,14,2,18,9,17],[18,10,22,2,14,6,17],[6,2,18,22,10,14,17],[10,6,2,22,18,14,17],[22,2,14,10,6,18,9,17],[2,22,6,14,18,10,17],[6,18,14,2,22,10,17],[10,14,6,18,22,2,9,17],[14,18,10,22,6,2,17],[14,22,18,2,10,6,9,17],[2,10,14,22,6,18,9,17],[22,18,14,10,6,2,17],[22,10,14,2,6,18,9,17],[18,14,22,6,10,2,9,17],[18,6,10,22,14,2,9,17],[10,14,18,6,22,2,17],[10,18,14,2,22,6,9,17],[18,6,10,2,14,22,17],[10,2,22,18,6,14,17],[14,6,18,22,2,10,17],[6,10,22,2,18,14,9,17],[18,14,6,10,22,2,17],[18,6,10,2,22,14,9,17],[6,14,10,18,22,2,17],[22,10,2,6,18,14,17],[2,14,18,22,6,10,9,17],[6,14,2,10,22,18,17],[2,22,14,6,18,10,9,17],[10,2,18,22,6,14,9,17],[10,18,14,22,6,2,17],[18,22,14,6,2,10,17],[18,2,6,14,22,10,17],[2,18,10,14,22,6,9,17],[22,18,10,6,2,14,9,17],[2,10,6,18,22,14,17],[6,18,2,10,14,22,9,17],[14,2,6,22,10,18,17],[10,6,2,14,22,18,9,17],[22,10,6,2,14,18,9,17],[2,22,6,14,18,10,9,17],[2,18,14,22,10,6,17],[18,22,10,14,2,6,9,17],[6,2,10,18,14,22,17],[10,14,22,6,18,2,9,17],[18,2,10,6,14,22,9,17],[22,6,10,18,14,2,17],[2,22,18,6,14,10,17],[10,18,22,2,6,14,17],[2,18,22,6,14,10,17],[14,10,6,22,18,2,9,17],[6,22,14,18,10,2,17],[6,14,22,18,10,2,17],[14,2,6,10,18,22,9,17],[10,22,6,18,14,2,17],[14,18,10,2,6,22,9,17],[6,22,10,14,18,2,17],[10,18,14,2,6,22,9,17],[14,22,10,18,2,6,17],[10,14,22,18,6,2,9,17],[10,2,6,18,22,14,17],[10,6,2,14,18,22,17],[22,10,6,2,14,18,9,17],[18,14,10,22,2,6,9,17],[14,10,22,6,2,18,9,17],[6,22,18,14,2,10,9,17],[6,22,14,10,18,2,9,17],[22,6,10,2,18,14,9,17],[22,6,2,18,10,14,9,17],[14,22,18,2,10,6,9,17],[2,6,22,10,18,14,9,17],[10,2,22,18,14,6,9,17],[6,2,18,14,22,10,9,17],[2,6,22,14,18,10,9,17],[22,18,10,14,6,2,9,17],[14,18,2,6,22,10,9,17],[6,2,22,10,18,14,17],[14,2,6,10,22,18,17],[22,18,10,2,14,6,17],[14,6,22,18,2,10,17],[6,14,22,2,18,10,9,17],[2,10,14,22,6,18,17],[18,14,10,22,6,2,9,17],[2,6,10,22,14,18,17],[2,22,10,18,6,14,9,17],[2,14,6,18,10,22,17],[10,18,14,2,22,6,9,17],[6,22,2,10,14,18,17],[10,14,6,22,18,2,17],[22,18,14,2,10,6,9,17],[2,22,6,14,18,10,17],[6,10,22,18,14,2,9,17],[22,6,18,10,14,2,9,17],[10,6,2,18,14,22,17],[6,18,14,2,22,10,17],[22,2,6,14,10,18,9,17],[18,10,14,2,6,22,9,17],[22,18,10,2,14,6,17],[22,14,18,6,10,2,17],[18,2,6,14,10,22,9,17],[18,6,2,10,14,22,17],[10,22,2,6,18,14,17],[18,2,10,14,22,6,9,17],[6,14,22,10,2,18,9,17],[18,14,10,6,2,22,9,17],[10,22,2,6,14,18,9,17],[6,10,2,18,22,14,9,17],[10,18,2,6,22,14,9,17],[6,10,14,18,22,2,9,17],[14,2,22,18,6,10,9,17],[22,2,10,6,18,14,17],[14,6,10,2,22,18,9,17],[6,22,18,2,10,14,17],[18,6,10,2,14,22,9,17],[18,14,10,22,6,2,17],[18,10,2,22,6,14,17],[18,14,22,10,6,2,17],[14,10,2,18,6,22,17],[6,14,10,2,18,22,9,17],[14,6,2,22,10,18,9,17],[10,2,6,14,18,22,9,17],[6,14,22,2,18,10,9,17],[10,6,18,2,22,14,17],[14,18,22,10,6,2,9,17],[18,6,2,22,10,14,9,17],[22,10,14,6,2,18,9,17],[22,10,2,6,18,14,9,17],[14,18,6,2,22,10,17],[10,6,2,18,14,22,9,17],[18,14,10,2,6,22,17],[18,6,10,14,22,2,9,17],[10,14,18,6,22,2,17],[10,22,14,2,18,6,9,17],[18,2,22,10,14,6,9,17],[22,10,18,2,14,6,17],[18,10,2,14,22,6,17],[6,22,14,18,10,2,9,17],[22,18,6,2,14,10,17],[10,6,2,18,14,22,17],[6,2,18,14,22,10,17],[6,22,10,14,2,18,17],[22,10,2,18,14,6,17],[10,6,2,18,22,14,17],[14,2,6,22,10,18,9,17],[2,18,10,22,14,6,17],[18,14,22,6,10,2,17],[6,14,2,18,22,10,17],[14,22,2,18,10,6,9,17],[2,6,10,14,18,22,17],[10,22,18,6,2,14,17],[14,10,22,18,6,2,9,17],[18,22,10,2,14,6,17],[18,6,10,2,14,22,17],[18,10,2,22,14,6,9,17],[14,2,6,22,18,10,9,17],[6,22,14,18,2,10,17],[6,2,10,14,18,22,9,17],[2,6,14,10,22,18,17],[18,2,22,6,10,14,17],[10,6,22,18,14,2,17],[18,6,10,2,14,22,17],[18,14,10,22,2,6,9,17],[14,18,10,2,6,22,9,17],[22,14,10,6,2,18,9,17],[10,2,6,22,14,18,9,17],[2,18,14,6,10,22,9,17],[14,18,2,22,6,10,9,17],[22,10,2,14,18,6,9,17],[18,22,2,10,6,14,17],[18,10,6,2,14,22,9,17],[18,10,14,2,6,22,9,17],[6,2,14,22,10,18,9,17],[18,22,10,14,2,6,9,17],[22,6,14,2,10,18,9,17],[22,14,6,10,2,18,17],[2,14,18,10,22,6,17],[6,18,10,22,14,2,9,17],[6,18,2,10,14,22,17],[14,2,10,6,22,18,17],[6,22,14,18,2,10,17],[6,10,22,14,2,18,9,17],[2,14,6,10,18,22,17],[2,18,10,6,22,14,17],[22,14,6,2,10,18,17],[6,10,2,22,18,14,17],[18,2,10,6,14,22,17],[22,2,18,6,14,10,17],[22,10,2,6,14,18,9,17],[18,2,14,10,22,6,17],[14,10,22,6,18,2,9,17],[2,6,10,22,14,18,17],[10,14,6,2,22,18,17],[6,10,18,14,2,22,9,17],[22,10,18,2,14,6,17],[2,10,14,18,6,22,17],[14,18,10,2,6,22,17],[14,10,6,22,18,2,9,17],[6,18,2,14,10,22,9,17],[10,22,6,14,2,18,17],[22,14,6,18,2,10,9,17],[14,10,2,6,22,18,9,17],[22,18,6,14,2,10,17],[10,6,22,14,2,18,17],[14,2,10,6,18,22,9,17],[22,10,18,14,6,2,9,17],[10,18,14,22,2,6,17],[22,18,2,10,6,14,17],[22,18,2,10,14,6,9,17],[18,10,2,14,6,22,17],[14,10,2,6,18,22,17],[10,6,14,18,2,22,9,17],[18,10,22,2,6,14,9,17],[14,2,6,18,10,22,17],[18,14,22,10,6,2,17],[14,6,22,10,2,18,17],[18,6,22,10,2,14,9,17],[6,18,10,22,2,14,17],[22,14,18,2,10,6,17],[22,10,2,6,14,18,17],[2,18,10,22,14,6,9,17],[10,6,14,18,22,2,17],[6,2,18,10,22,14,17],[10,2,22,6,18,14,17],[18,2,22,10,14,6,9,17],[2,10,18,6,22,14,9,17],[18,14,10,2,6,22,9,17],[6,22,2,10,14,18,9,17],[14,6,22,18,2,10,9,17],[14,22,6,10,18,2,9,17],[22,18,2,10,6,14,9,17],[18,6,22,2,10,14,17],[2,6,10,18,14,22,9,17],[10,6,2,22,14,18,9,17],[14,22,18,6,2,10,9,17],[22,14,10,6,2,18,9,17],[10,6,18,22,2,14,9,17],[10,14,22,2,6,18,17],[10,2,22,14,6,18,9,17],[10,14,22,18,2,6,9,17],[10,6,2,14,18,22,17],[22,14,10,18,6,2,17],[6,14,2,18,22,10,9,17],[22,2,14,6,10,18,17],[2,10,14,18,6,22,17],[18,22,14,2,10,6,17],[2,18,6,22,10,14,9,17],[22,14,6,2,18,10,9,17],[18,6,22,14,2,10,17],[2,22,14,18,6,10,9,17],[14,18,6,2,10,22,17],[22,14,18,10,6,2,9,17],[2,10,18,22,14,6,17],[6,14,10,2,18,22,9,17],[2,18,6,22,10,14,17],[6,18,22,14,2,10,17],[2,18,22,14,10,6,9,17],[2,6,22,10,18,14,17],[22,10,6,2,18,14,9,17],[2,10,18,6,14,22,17],[2,14,10,6,18,22,17],[18,6,10,22,2,14,9,17],[2,18,14,22,10,6,17],[10,14,18,22,2,6,17],[2,22,10,18,6,14,9,17],[22,14,10,2,18,6,17],[2,22,6,18,10,14,9,17],[10,22,14,2,18,6,9,17],[14,6,18,10,2,22,17],[2,14,6,18,10,22,17],[14,10,6,2,22,18,9,17],[22,10,2,6,18,14,9,17],[10,14,2,18,6,22,17],[2,14,6,22,18,10,17],[2,10,22,14,6,18,9,17],[18,14,22,6,10,2,9,17],[22,18,6,2,14,10,17],[2,18,6,14,10,22,17],[14,10,22,2,6,18,17],[2,18,14,22,10,6,9,17],[18,22,2,10,14,6,9,17],[22,10,18,14,2,6,9,17],[6,18,2,22,10,14,9,17],[22,6,2,18,14,10,17],[18,14,2,6,22,10,17],[18,22,6,14,10,2,17],[22,10,2,14,18,6,17],[18,22,10,2,14,6,17],[2,18,10,22,6,14,17],[18,10,14,2,22,6,17],[22,6,10,14,18,2,17],[22,6,2,14,10,18,17],[10,2,14,18,6,22,9,17],[2,14,6,18,22,10,17],[14,6,10,2,18,22,9,17],[2,10,6,14,18,22,17],[6,2,10,14,18,22,9,17],[6,18,22,10,2,14,9,17],[6,14,18,2,10,22,17],[2,6,14,18,10,22,9,17],[10,14,2,22,18,6,17],[10,22,6,14,18,2,9,17],[18,22,14,2,10,6,9,17],[18,14,6,10,2,22,9,17],[14,22,18,6,10,2,17],[6,18,14,2,22,10,9,17],[18,14,2,6,22,10,17],[6,14,10,2,18,22,17],[22,18,2,14,6,10,9,17],[10,22,18,14,6,2,17],[14,18,22,2,10,6,9,17],[14,22,10,2,18,6,17],[22,18,2,10,14,6,9,17],[22,10,14,18,2,6,17],[18,6,10,22,2,14,17],[2,18,14,6,10,22,9,17],[6,18,2,10,22,14,9,17],[2,22,14,18,6,10,17],[14,10,22,6,2,18,9,17],[6,2,22,18,14,10,17],[22,2,10,18,14,6,17],[22,18,14,10,2,6,17],[18,22,14,6,10,2,17],[10,22,2,14,18,6,9,17],[18,2,14,6,22,10,9,17],[22,2,6,10,14,18,9,17],[2,18,14,22,6,10,9,17],[10,14,2,18,22,6,9,17],[14,2,10,6,18,22,17],[22,10,2,14,6,18,17],[14,2,10,18,6,22,9,17],[22,2,14,18,10,6,17],[10,22,2,18,6,14,17],[2,22,6,14,10,18,17],[22,6,10,2,18,14,17],[2,10,14,22,6,18,9,17],[10,6,22,2,14,18,17],[10,14,22,18,2,6,17],[22,6,10,14,18,2,9,17],[14,2,6,18,10,22,9,17],[2,18,22,14,10,6,17],[22,14,10,6,18,2,17],[22,14,10,18,6,2,9,17],[18,22,6,14,2,10,17],[10,14,22,6,18,2,17],[14,10,18,2,22,6,17],[18,10,22,2,6,14,17],[18,22,2,14,6,10,9,17],[6,22,14,10,18,2,9,17],[18,6,10,14,2,22,17],[10,18,14,6,22,2,17],[6,18,14,22,2,10,17],[14,10,2,22,18,6,17],[2,18,6,22,14,10,9,17],[2,18,10,14,22,6,17],[10,18,6,14,2,22,17],[2,14,18,6,10,22,17],[6,14,22,18,2,10,9,17],[14,18,6,22,10,2,9,17],[10,6,18,2,22,14,17],[14,18,2,10,6,22,9,17],[10,6,18,2,14,22,9,17],[6,18,2,14,10,22,17],[22,6,18,14,10,2,17],[18,6,14,10,2,22,9,17],[18,2,10,22,14,6,9,17],[14,10,2,6,22,18,9,17],[6,10,14,22,2,18,17],[22,10,14,6,18,2,17],[22,18,6,10,2,14,9,17],[10,22,18,2,6,14,17],[18,22,2,10,6,14,9,17],[14,2,18,6,10,22,9,17],[14,18,2,6,22,10,17],[18,22,2,14,10,6,9,17],[22,2,18,14,6,10,17],[18,2,22,14,10,6,9,17],[22,18,14,2,10,6,17],[18,2,22,14,6,10,17],[2,6,14,18,10,22,9,17],[10,22,2,18,6,14,9,17],[22,18,14,10,2,6,17],[2,22,10,18,6,14,17],[14,22,2,10,6,18,9,17],[2,10,18,6,22,14,17],[18,14,22,6,2,10,9,17],[18,10,2,22,6,14,9,17],[18,2,14,6,10,22,9,17],[6,14,10,18,22,2,17],[10,22,18,14,2,6,17],[2,10,18,6,14,22,17],[2,10,6,14,22,18,9,17],[14,6,22,18,2,10,17],[2,18,10,6,22,14,17],[22,6,10,14,2,18,17],[10,22,18,2,14,6,9,17],[10,18,6,2,22,14,17],[2,18,10,14,22,6,9,17],[14,18,2,22,6,10,9,17],[6,14,18,2,10,22,9,17],[22,2,14,6,18,10,17],[22,14,18,10,6,2,17],[10,2,18,6,22,14,17],[6,2,22,14,10,18,9,17],[18,10,14,6,22,2,9,17],[2,6,18,10,14,22,17],[6,18,14,22,10,2,17],[10,6,14,22,18,2,9,17],[6,10,2,14,22,18,9,17],[18,6,2,22,14,10,9,17],[14,18,2,10,6,22,17],[2,14,6,18,22,10,9,17],[2,10,22,14,6,18,17],[22,18,14,2,10,6,9,17],[2,22,10,6,18,14,9,17],[6,14,2,10,18,22,17],[10,2,6,18,14,22,17],[6,10,18,2,22,14,9,17],[2,14,10,18,22,6,17],[22,18,14,6,2,10,9,17],[18,6,2,10,22,14,17],[2,14,10,18,6,22,17],[6,10,2,14,18,22,9,17],[18,10,14,2,6,22,17],[22,18,6,14,2,10,17],[2,18,6,22,14,10,17],[10,6,22,14,2,18,9,17],[14,10,2,6,18,22,17],[22,6,18,2,10,14,17],[10,6,22,2,14,18,9,17],[18,22,10,14,6,2,17],[18,10,2,14,22,6,9,17],[14,18,6,2,10,22,9,17],[14,22,6,2,18,10,17],[22,14,18,10,2,6,9,17],[6,18,22,2,10,14,17],[18,2,14,22,10,6,9,17],[10,22,2,18,6,14,9,17],[22,18,2,14,6,10,9,17],[6,2,14,18,22,10,17],[18,14,6,2,22,10,17],[10,14,22,2,18,6,17],[6,10,18,2,14,22,17],[18,6,2,22,14,10,9,17],[14,10,22,18,6,2,9,17],[10,2,6,14,22,18,17],[22,10,18,2,6,14,9,17],[14,22,6,10,2,18,17],[6,22,10,14,18,2,9,17],[2,22,18,10,14,6,17],[18,6,22,10,14,2,9,17],[10,22,18,6,14,2,9,17],[10,2,18,6,14,22,9,17],[2,6,10,14,18,22,9,17],[6,18,10,2,22,14,9,17],[22,14,2,10,6,18,17],[22,18,2,14,6,10,9,17],[14,22,10,6,2,18,17],[14,6,2,22,10,18,17],[10,22,18,2,6,14,17],[10,22,18,14,6,2,9,17],[10,6,2,18,22,14,9,17],[10,6,22,2,14,18,17],[14,2,18,6,10,22,9,17],[6,10,2,14,22,18,17],[22,2,10,18,6,14,9,17],[14,6,22,2,10,18,17],[2,18,14,22,10,6,9,17],[2,6,10,14,18,22,17],[18,22,6,14,10,2,9,17],[18,6,22,14,2,10,9,17],[14,18,2,6,10,22,17],[10,18,22,14,6,2,9,17],[22,2,10,6,14,18,9,17],[10,18,6,2,22,14,9,17],[22,14,18,2,10,6,17],[22,14,2,10,18,6,17],[14,18,22,6,2,10,9,17],[18,6,2,22,14,10,9,17],[14,22,6,18,10,2,9,17],[2,6,10,18,22,14,17],[10,6,18,22,2,14,9,17],[6,10,14,22,18,2,9,17],[18,6,22,14,2,10,9,17],[18,14,10,6,22,2,9,17],[18,22,10,6,14,2,9,17],[22,6,2,14,10,18,9,17],[22,2,14,10,18,6,9,17],[22,10,14,6,2,18,9,17],[2,10,18,14,22,6,9,17],[18,10,2,6,14,22,17],[22,10,18,6,14,2,17],[14,22,10,2,6,18,17],[10,22,2,14,18,6,9,17],[14,2,22,6,18,10,9,17],[6,22,18,2,14,10,9,17],[18,2,6,10,14,22,17],[2,18,22,6,10,14,9,17],[14,2,6,22,18,10,17],[10,22,14,18,2,6,17],[14,2,10,6,22,18,9,17],[2,10,14,6,22,18,9,17],[6,14,10,22,2,18,17],[10,22,18,14,6,2,9,17],[10,14,22,18,6,2,17],[10,22,2,18,14,6,9,17],[18,6,2,14,22,10,17],[22,18,2,14,10,6,17],[22,18,2,14,6,10,9,17],[22,14,6,18,2,10,9,17],[6,14,18,22,2,10,9,17],[6,10,22,18,14,2,9,17],[10,2,18,14,22,6,17],[14,6,18,10,2,22,9,17],[18,10,6,2,14,22,9,17],[14,10,18,6,2,22,9,17],[22,18,14,2,6,10,17],[18,14,6,10,22,2,17],[18,14,2,22,10,6,9,17],[6,10,14,18,2,22,9,17],[14,22,6,2,18,10,9,17],[14,18,2,22,6,10,9,17],[2,10,14,22,18,6,17],[22,10,2,14,6,18,17],[6,14,2,18,10,22,17],[18,22,6,10,14,2,9,17],[22,6,18,10,14,2,9,17],[2,6,18,10,22,14,17],[18,22,6,2,14,10,9,17],[10,18,2,14,6,22,17],[18,10,2,6,14,22,17],[14,2,6,10,18,22,17],[10,6,2,14,22,18,17],[14,10,18,22,2,6,9,17],[2,10,14,18,22,6,17],[6,14,2,18,22,10,9,17],[10,2,14,22,6,18,17],[10,2,6,22,14,18,17],[22,2,18,14,10,6,9,17],[18,10,14,6,22,2,17],[14,22,6,10,2,18,17],[18,22,10,6,14,2,17],[22,14,10,2,6,18,9,17],[6,18,22,2,10,14,9,17],[6,10,2,18,14,22,9,17],[14,10,6,18,22,2,17],[6,2,10,22,14,18,17],[6,10,18,14,2,22,9,17],[14,18,10,2,6,22,9,17],[22,2,18,10,14,6,9,17],[6,22,18,14,2,10,17],[2,14,22,6,10,18,9,17],[10,14,2,22,18,6,9,17],[18,6,10,22,14,2,17],[18,10,2,6,14,22,17],[14,2,18,22,6,10,9,17],[14,6,10,22,18,2,9,17],[14,2,10,18,22,6,17],[18,6,14,10,22,2,17],[6,14,18,2,10,22,9,17],[14,22,2,18,10,6,9,17],[6,2,18,14,10,22,17],[10,6,2,18,22,14,17],[2,6,18,10,22,14,9,17],[22,2,14,18,10,6,9,17],[6,10,2,14,18,22,17],[10,22,14,18,2,6,17],[6,22,10,18,14,2,17],[2,22,6,10,18,14,9,17],[22,2,10,6,14,18,17],[2,10,18,14,22,6,9,17],[6,14,18,2,10,22,9,17],[2,22,18,10,14,6,9,17],[22,14,2,10,18,6,17],[14,22,6,2,10,18,9,17],[14,18,6,2,10,22,17],[6,2,10,18,14,22,9,17],[2,10,22,18,14,6,9,17],[2,6,14,10,18,22,17],[10,6,18,22,2,14,17],[10,22,14,6,2,18,17],[18,14,6,10,2,22,9,17],[18,6,10,2,14,22,9,17],[14,2,10,6,18,22,17],[2,14,22,6,10,18,17],[22,14,18,10,2,6,17],[2,10,14,22,18,6,9,17],[10,6,14,2,18,22,9,17],[6,14,2,10,22,18,9,17],[18,14,10,2,22,6,9,17],[22,18,6,10,14,2,9,17],[14,6,10,18,22,2,17],[14,10,6,22,2,18,9,17],[14,6,2,18,10,22,9,17],[10,6,2,18,22,14,17],[18,2,6,22,10,14,9,17],[22,14,18,6,2,10,17],[22,2,10,18,6,14,9,17],[14,6,18,10,2,22,9,17],[22,14,10,2,6,18,9,17],[6,10,18,22,14,2,9,17],[2,22,10,18,14,6,17],[14,2,6,10,22,18,9,17],[6,18,10,14,22,2,17],[22,18,6,14,2,10,9,17],[10,2,14,6,18,22,9,17],[14,6,2,22,10,18,9,17],[18,22,6,10,14,2,9,17],[14,10,18,6,22,2,17],[14,10,2,18,22,6,9,17],[2,18,6,22,14,10,17],[14,10,2,6,18,22,17],[14,22,2,6,18,10,17],[22,2,14,18,6,10,17],[2,6,10,18,22,14,17],[10,14,22,2,18,6,17],[22,10,6,2,14,18,9,17],[18,10,2,6,14,22,9,17],[18,2,10,14,22,6,17],[2,10,14,6,22,18,17],[18,10,2,14,22,6,9,17],[6,10,14,2,18,22,9,17],[22,2,14,6,18,10,17],[18,6,22,10,2,14,9,17],[10,14,2,6,18,22,9,17],[6,10,2,14,18,22,9,17],[2,22,6,10,14,18,17],[6,10,14,2,22,18,17],[10,22,14,18,2,6,9,17],[18,22,6,10,2,14,17],[14,2,18,22,6,10,9,17],[14,10,18,22,2,6,9,17],[22,2,18,14,10,6,9,17],[2,18,6,14,10,22,9,17],[22,6,10,14,18,2,9,17],[18,14,2,10,22,6,17],[14,18,6,2,10,22,9,17],[18,10,14,22,6,2,9,17],[14,18,2,10,6,22,9,17],[2,14,6,18,10,22,17],[14,6,10,2,18,22,17],[18,22,2,6,10,14,17],[10,18,2,14,22,6,9,17],[22,10,2,14,6,18,17],[2,10,14,18,6,22,9,17],[14,2,10,6,18,22,9,17],[2,18,14,6,22,10,9,17],[2,6,22,18,10,14,9,17],[22,10,18,6,2,14,17],[10,6,14,22,2,18,9,17],[2,6,22,18,10,14,17],[18,22,10,2,14,6,9,17],[22,10,6,14,2,18,9,17],[14,10,22,2,6,18,9,17],[14,2,18,10,22,6,17],[18,14,10,6,22,2,9,17],[22,2,14,6,10,18,9,17],[22,14,2,6,10,18,17],[18,10,6,22,14,2,9,17],[6,14,2,18,10,22,17],[10,2,14,6,22,18,17],[6,2,18,22,10,14,17],[2,6,18,14,10,22,9,17],[14,10,6,2,22,18,9,17],[14,18,22,2,6,10,9,17],[14,18,10,6,22,2,17],[22,10,2,14,18,6,17],[2,14,10,18,22,6,9,17],[10,2,22,6,18,14,17],[2,10,18,14,6,22,9,17],[2,18,6,22,14,10,17],[22,18,10,14,2,6,9,17],[6,18,14,2,22,10,17],[2,6,18,22,14,10,17],[14,22,18,10,2,6,9,17],[22,2,6,14,18,10,17],[18,22,2,10,14,6,17],[10,18,6,2,14,22,9,17],[10,14,22,18,6,2,9,17],[10,14,2,6,22,18,17],[2,14,18,22,10,6,17],[10,22,6,14,2,18,17],[2,18,22,10,6,14,17],[14,6,2,18,22,10,17],[18,6,2,14,22,10,17],[18,2,10,6,14,22,17],[22,6,14,10,2,18,17],[22,10,6,14,2,18,17],[10,6,2,18,22,14,9,17],[10,14,6,18,22,2,9,17],[2,14,22,10,18,6,17],[18,2,14,10,6,22,17],[6,22,18,14,2,10,9,17],[10,6,18,22,2,14,9,17],[22,2,6,10,18,14,17],[14,2,10,18,22,6,9,17],[18,2,22,14,10,6,17],[14,10,2,18,22,6,17],[14,2,18,22,10,6,17],[14,22,6,18,2,10,17],[18,22,10,2,6,14,9,17],[10,6,14,22,2,18,17],[22,6,14,10,2,18,9,17],[14,22,2,18,10,6,17],[2,22,18,6,14,10,17],[22,2,6,18,10,14,9,17],[14,10,18,22,6,2,17],[10,2,6,22,18,14,17],[6,22,2,18,10,14,17],[22,2,6,14,18,10,17],[10,2,22,18,6,14,17],[6,10,18,14,2,22,9,17],[10,6,22,14,18,2,17],[18,22,14,10,6,2,17],[18,22,14,6,2,10,17],[14,2,6,10,18,22,9,17],[18,2,22,6,14,10,9,17],[14,2,10,18,6,22,9,17],[22,6,18,10,14,2,17],[10,14,18,2,22,6,9,17],[22,14,18,6,10,2,17],[6,18,22,10,2,14,17],[22,2,18,10,6,14,9,17],[6,10,14,18,2,22,9,17],[2,6,10,14,22,18,17],[18,6,10,2,14,22,9,17],[18,14,6,10,22,2,17],[22,18,6,2,14,10,17],[6,10,14,2,22,18,9,17],[6,2,10,14,18,22,17],[18,6,10,22,2,14,9,17],[18,22,6,14,2,10,9,17],[14,22,18,10,2,6,9,17],[10,6,14,22,2,18,17],[22,18,2,10,6,14,9,17],[22,14,2,6,10,18,17],[6,18,10,14,2,22,9,17],[2,6,10,22,18,14,17],[18,14,22,6,10,2,17],[10,22,2,18,6,14,9,17],[22,10,14,6,2,18,17],[22,10,18,14,2,6,9,17],[10,2,14,6,18,22,17],[2,14,10,6,18,22,9,17],[18,2,22,14,10,6,9,17],[6,2,18,22,10,14,17],[18,2,6,14,22,10,9,17],[10,18,14,2,6,22,17],[2,22,18,10,6,14,9,17],[2,18,6,10,14,22,17],[22,2,6,18,10,14,9,17],[18,2,22,6,10,14,9,17],[14,10,2,6,22,18,17],[22,10,2,14,18,6,9,17],[2,10,14,22,18,6,9,17],[18,22,2,14,10,6,17],[14,6,22,18,10,2,17],[10,6,18,14,22,2,9,17],[18,6,22,14,10,2,9,17],[10,22,2,14,18,6,9,17],[14,6,22,10,2,18,9,17],[22,10,14,6,2,18,9,17],[2,18,14,10,22,6,17],[2,14,6,22,18,10,17],[22,18,14,10,6,2,9,17],[10,22,6,14,2,18,17],[22,14,2,18,10,6,9,17],[22,6,14,18,10,2,9,17],[18,14,22,2,6,10,9,17],[10,18,22,14,6,2,17],[10,14,22,6,18,2,9,17],[2,22,14,10,6,18,9,17],[18,14,22,2,10,6,17],[2,10,14,6,22,18,9,17],[6,2,22,10,14,18,9,17],[10,18,22,14,2,6,17],[10,14,22,18,6,2,17],[14,6,10,2,22,18,17],[18,2,14,6,10,22,17],[6,22,14,10,18,2,9,17],[18,6,2,14,10,22,9,17],[18,22,2,10,14,6,17],[2,22,18,6,10,14,9,17],[14,18,2,10,22,6,17],[6,14,2,22,18,10,17],[2,14,10,22,6,18,17],[18,10,22,14,6,2,17],[6,10,18,22,2,14,9,17],[6,2,14,10,18,22,17],[10,6,2,18,14,22,9,17],[22,14,2,18,10,6,17],[2,18,22,14,6,10,17],[6,14,18,2,10,22,9,17],[14,22,18,10,6,2,17],[10,2,6,14,18,22,9,17],[10,2,6,18,22,14,17],[10,2,14,18,22,6,17],[2,6,10,18,22,14,9,17],[10,6,22,18,14,2,9,17],[2,22,14,10,18,6,17],[22,6,10,18,2,14,9,17],[6,10,22,2,18,14,17],[18,2,14,6,22,10,9,17],[22,18,6,14,10,2,17],[6,2,22,14,18,10,9,17],[6,22,10,2,18,14,17],[14,10,18,22,2,6,17],[2,14,18,6,22,10,9,17],[10,2,6,14,18,22,17],[10,18,14,22,6,2,9,17],[6,2,18,22,10,14,9,17],[2,6,22,18,14,10,17],[6,18,2,14,10,22,17],[10,18,14,2,22,6,17],[22,14,6,10,18,2,9,17],[18,2,14,6,10,22,17],[18,2,22,10,6,14,17],[6,18,10,14,2,22,9,17],[14,2,6,22,10,18,9,17],[10,18,22,6,14,2,9,17],[10,22,14,6,2,18,17],[6,2,22,10,14,18,17],[10,2,22,18,6,14,9,17],[6,22,14,10,2,18,17],[22,6,10,2,18,14,17],[10,22,14,6,2,18,9,17],[10,18,14,22,6,2,9,17],[22,18,2,14,10,6,9,17],[22,2,6,10,14,18,9,17],[10,22,6,14,2,18,9,17],[6,10,18,14,22,2,17],[22,10,18,14,2,6,9,17],[10,6,14,2,22,18,17],[10,14,2,18,22,6,17],[22,14,6,18,2,10,9,17],[14,6,18,2,10,22,17],[14,18,22,10,6,2,17],[14,18,22,6,2,10,17],[10,2,6,22,18,14,17],[6,10,22,18,2,14,9,17],[2,22,6,10,18,14,17],[2,6,22,18,10,14,17],[10,18,14,22,2,6,17],[10,2,14,6,22,18,17],[10,6,2,18,22,14,17],[18,14,6,22,2,10,9,17],[18,22,6,14,2,10,9,17],[18,22,2,6,14,10,17],[2,22,14,6,18,10,17],[6,18,22,10,14,2,9,17],[22,6,10,2,14,18,9,17],[22,14,10,6,18,2,9,17],[14,18,2,22,6,10,9,17],[2,22,18,10,14,6,9,17],[10,14,22,6,18,2,9,17],[22,14,6,10,18,2,17],[6,2,10,14,22,18,17],[10,22,14,6,2,18,9,17],[10,22,2,14,18,6,17],[14,2,10,18,22,6,9,17],[2,14,10,22,18,6,17],[10,6,2,18,22,14,9,17],[10,18,2,22,14,6,9,17],[22,2,18,14,10,6,17],[2,22,10,18,6,14,17],[14,2,18,22,10,6,9,17],[18,14,22,10,6,2,9,17],[22,14,6,2,10,18,9,17],[2,22,10,14,6,18,9,17],[14,2,6,18,22,10,17],[10,2,14,6,22,18,17],[10,14,2,6,22,18,9,17],[10,6,2,18,22,14,17],[6,18,14,10,22,2,9,17],[6,18,10,14,22,2,9,17],[14,2,18,6,22,10,17],[10,14,18,6,22,2,9,17],[2,10,14,22,18,6,17],[2,14,22,18,6,10,17],[14,6,2,18,22,10,17],[14,6,18,22,10,2,9,17],[14,2,10,6,18,22,9,17],[14,22,18,6,10,2,17],[22,14,18,10,2,6,17],[10,22,6,14,2,18,17],[6,10,18,22,2,14,9,17],[22,18,10,2,14,6,17],[22,14,2,18,10,6,9,17],[14,6,18,2,10,22,17],[18,2,6,22,10,14,17],[22,14,10,18,2,6,9,17],[6,14,2,10,22,18,9,17],[22,2,14,10,6,18,17],[6,14,2,22,18,10,17],[2,6,10,14,22,18,9,17],[10,6,18,2,14,22,9,17],[6,22,18,14,10,2,17],[22,18,6,10,2,14,9,17],[6,10,2,14,18,22,9,17],[18,10,6,22,14,2,17],[18,6,2,22,14,10,17],[14,18,6,22,2,10,17],[22,2,18,6,14,10,17],[10,22,6,2,18,14,17],[14,10,22,18,2,6,9,17],[10,14,2,18,22,6,9,17],[2,14,18,6,22,10,9,17],[14,10,18,6,2,22,9,17],[22,10,2,18,14,6,9,17],[18,2,22,10,6,14,17],[10,2,22,18,6,14,17],[10,14,2,6,22,18,17],[6,10,2,18,22,14,9,17],[14,2,22,10,6,18,17],[22,6,2,18,14,10,9,17],[2,10,6,14,18,22,17],[18,14,22,2,10,6,17],[22,10,2,14,6,18,17],[22,10,18,14,6,2,17],[10,22,14,6,2,18,17],[6,14,10,18,2,22,9,17]],"n_human":11}