{"problem_id":"uH8gcgWUEoa2hfm","sigma":150,"alpha":10.000,"cost":1,"probabilities":"[0.21, 0.28, 0.24, 0.27]","payoff_matrix":"[[-220, -222, 13, 37, 40, -72], [-31, -155, -42, 174, -47, 40], [-48, -35, -182, 166, -193, -218], [-97, 74, -49, -141, -205, -6]]","uncovered":[[14,22,16,24,2,10,18,6,15,23,4,12],[22,14,24,10,18,2,6,16,23,4,12,20,15],[2,18,6,14,22,16,24,10,23,4,12,20,11,8,7,15],[18,6,10,2,22,14,24,16,15,23,4,12],[22,18,6,10,14,16,24,2,23,4,12,20,11,8,7,15],[14,22,24,2,10,6,18,16,23,4,12,20,15],[2,10,18,6,14,22,24,16,23,4,12,20,11,8,15],[14,22,16,24,6,10,18,2,15,23,4,12],[6,14,10,22,24,2,18,16,23,4,12,20,15],[18,14,22,16,24,6,10,2,23,4,12,20,11,8,15],[14,22,16,24,2,6,18,10,15,23,4,12],[10,14,6,18,22,24,2,16,23,4,12,20,15],[10,2,14,18,6,22,24,16,23,4,12,20,11,8,7,15],[14,22,16,24,6,10,2,18,15,23,4,12],[10,18,22,2,6,14,24,16,15,23,4,12],[18,6,10,14,22,16,24,2,23,4,12,20,11,8,15],[2,18,14,6,22,16,24,10,15,23,4,12],[2,22,18,14,24,6,10,16,15,23,4,12],[10,18,14,2,6,22,16,24,23,4,12,20,11,8,15],[10,6,2,22,14,24,18,16,23,4,12,20,11,8,15],[2,10,22,6,14,16,24,18,15,23,4,12],[18,22,14,24,6,2,10,16,23,4,12,20,15],[22,6,10,2,14,24,18,16,23,4,12,20,11,8,7,15],[6,2,18,14,10,22,16,24,15,23,4,12],[18,10,14,22,24,2,6,16,15,23,4,12],[22,2,10,18,14,24,6,16,23,4,12,20,15],[2,14,18,10,22,24,6,16,23,4,12,20,15],[2,10,18,6,22,14,16,24,23,4,12,20,15],[14,10,22,24,2,18,6,16,23,4,12,20,15],[6,10,18,22,14,24,2,16,15,23,4,12],[18,2,22,6,10,14,24,16,23,4,12,20,15],[10,6,18,2,14,22,16,24,23,4,12,20,11,8,15],[10,2,18,6,22,14,24,16,15,23,4,12],[14,2,22,16,24,6,18,10,23,4,12,20,15],[14,6,22,16,24,10,2,18,15,23,4,12],[18,10,22,14,24,2,6,16,23,4,12,20,15],[6,14,18,2,10,22,16,24,15,23,4,12],[2,6,18,22,14,24,10,16,15,23,4,12],[22,2,14,16,24,6,18,10,15,23,4,12],[10,2,18,6,14,22,24,16,15,23,4,12],[10,6,22,14,24,2,18,16,23,4,12,20,11,8,15],[2,18,10,6,14,22,24,16,15,23,4,12],[6,22,2,18,10,14,16,24,23,4,12,20,11,8,7,15],[2,6,22,18,14,24,10,16,23,4,12,20,15],[18,14,10,2,6,22,16,24,15,23,4,12],[10,22,2,6,14,24,18,16,23,4,12,20,15],[18,6,14,2,22,16,24,10,15,23,4,12],[22,14,24,18,2,10,6,16,23,4,12,20,11,8,15],[22,6,18,2,10,14,24,16,15,23,4,12],[22,6,18,10,14,16,24,2,15,23,4,12],[14,10,6,2,22,16,24,18,23,4,12,20,11,8,15],[2,10,6,14,22,16,24,18,23,4,12,20,15],[18,10,14,2,6,22,24,16,15,23,4,12],[2,6,18,14,10,22,16,24,23,4,12,20,11,8,7,15],[10,22,14,24,2,18,6,16,23,4,12,20,11,8,7,15],[18,6,2,10,22,14,16,24,23,4,12,20,11,8,15],[2,6,22,18,14,24,10,16,15,23,4,12],[2,22,6,10,18,14,16,24,23,4,12,20,11,8,7,15],[18,10,14,6,2,22,24,16,15,23,4,12],[14,18,6,10,2,22,24,16,15,23,4,12],[2,6,14,10,18,22,16,24,15,23,4,12],[14,18,2,10,22,16,24,6,15,23,4,12],[2,6,14,18,10,22,16,24,23,4,12,20,15],[2,6,18,22,14,16,24,10,15,23,4,12],[22,14,16,24,2,10,18,6,15,23,4,12],[10,22,2,14,16,24,6,18,15,23,4,12],[14,18,6,2,22,16,24,10,15,23,4,12],[14,22,24,10,2,6,18,16,15,23,4,12],[14,18,2,22,16,24,6,10,23,4,12,20,11,8,7,15],[14,18,10,2,22,16,24,6,23,4,12,20,15],[10,22,14,16,24,2,6,18,23,4,12,20,11,8,7,15],[10,14,2,18,22,24,6,16,15,23,4,12],[14,18,22,24,2,10,6,16,15,23,4,12],[22,14,16,24,18,2,6,10,23,4,12,20,11,8,15],[14,18,22,24,2,10,6,16,23,4,12,20,15],[10,6,22,14,24,18,2,16,15,23,4,12],[6,2,14,18,10,22,16,24,15,23,4,12],[22,6,18,10,2,14,16,24,23,4,12,20,15],[18,14,22,24,10,2,6,16,23,4,12,20,11,8,15],[10,2,6,18,14,22,16,24,15,23,4,12],[22,18,6,10,2,14,24,16,23,4,12,20,11,8,15],[18,14,22,16,24,10,2,6,23,4,12,20,15],[22,6,2,18,10,14,24,16,15,23,4,12],[14,10,2,6,22,24,18,16,23,4,12,20,15],[22,6,2,10,18,14,24,16,23,4,12,20,11,8,7,15],[10,18,14,2,6,22,24,16,23,4,12,20,15],[6,14,10,22,24,18,2,16,15,23,4,12],[6,18,22,2,14,24,10,16,15,23,4,12],[2,22,14,16,24,6,10,18,23,4,12,20,11,8,7,15],[10,14,22,24,6,2,18,16,15,23,4,12],[10,2,18,22,6,14,24,16,15,23,4,12],[14,2,6,22,16,24,18,10,23,4,12,20,15],[18,14,10,22,16,24,2,6,15,23,4,12],[22,18,6,10,2,14,24,16,15,23,4,12],[14,10,22,24,2,6,18,16,15,23,4,12],[10,14,6,18,2,22,24,16,23,4,12,20,15],[10,6,2,22,14,24,18,16,15,23,4,12],[10,22,6,2,14,16,24,18,23,4,12,20,15],[22,18,6,2,10,14,24,16,23,4,12,20,11,8,7,15],[2,6,14,18,22,24,10,16,23,4,12,20,15],[6,22,2,10,14,24,18,16,23,4,12,20,15],[6,10,18,2,14,22,24,16,15,23,4,12],[18,22,2,10,14,16,24,6,23,4,12,20,11,8,7,15],[2,18,6,14,22,16,24,10,15,23,4,12],[6,22,2,14,24,18,10,16,23,4,12,20,11,8,7,15],[18,14,2,10,6,22,24,16,15,23,4,12],[2,10,14,6,22,16,24,18,23,4,12,20,11,8,7,15],[6,2,10,22,18,14,16,24,23,4,12,20,15],[22,6,10,18,14,24,2,16,23,4,12,20,15],[18,6,2,10,22,14,24,16,15,23,4,12],[22,14,16,24,10,18,2,6,23,4,12,20,15],[6,10,22,18,2,14,16,24,15,23,4,12],[10,6,18,2,22,14,24,16,15,23,4,12],[14,18,22,16,24,10,2,6,15,23,4,12],[2,6,18,22,10,14,16,24,15,23,4,12],[22,6,14,16,24,10,2,18,15,23,4,12],[2,14,6,22,24,10,18,16,23,4,12,20,11,8,15],[18,10,14,6,22,24,2,16,15,23,4,12],[22,10,2,18,14,16,24,6,23,4,12,20,11,8,15],[18,14,2,10,6,22,16,24,23,4,12,20,15],[2,22,18,6,14,16,24,10,15,23,4,12],[10,6,2,14,22,24,18,16,15,23,4,12],[22,18,14,24,6,10,2,16,23,4,12,20,11,8,15],[14,18,22,24,10,2,6,16,23,4,12,20,11,8,7,15],[18,14,10,22,16,24,6,2,23,4,12,20,11,8,7,15],[10,2,14,6,18,22,16,24,15,23,4,12],[14,18,10,2,22,24,6,16,23,4,12,20,11,8,7,15],[10,6,22,2,14,16,24,18,15,23,4,12],[2,10,6,14,22,16,24,18,23,4,12,20,11,8,7,15],[6,14,2,18,10,22,16,24,15,23,4,12],[14,18,2,6,22,24,10,16,15,23,4,12],[22,6,2,18,10,14,24,16,23,4,12,20,15],[18,22,2,6,10,14,16,24,15,23,4,12],[22,10,6,14,24,18,2,16,23,4,12,20,15],[2,18,22,6,10,14,24,16,15,23,4,12],[6,10,18,22,14,16,24,2,15,23,4,12],[6,14,10,22,16,24,2,18,15,23,4,12],[10,2,6,18,22,14,16,24,23,4,12,20,15],[14,10,6,18,22,24,2,16,23,4,12,20,15],[14,18,22,24,10,2,6,16,15,23,4,12],[18,6,10,14,2,22,16,24,15,23,4,12],[18,10,22,14,16,24,6,2,15,23,4,12],[2,18,6,10,14,22,24,16,15,23,4,12],[10,6,2,14,18,22,16,24,15,23,4,12],[18,2,6,10,22,14,24,16,15,23,4,12],[14,10,18,22,24,2,6,16,15,23,4,12],[6,2,18,14,22,16,24,10,15,23,4,12],[22,2,18,6,10,14,16,24,23,4,12,20,11,8,15],[18,14,2,22,16,24,10,6,15,23,4,12],[14,6,2,10,18,22,24,16,15,23,4,12],[2,10,14,6,22,16,24,18,23,4,12,20,15],[6,22,18,10,2,14,16,24,23,4,12,20,15],[6,2,10,18,22,14,16,24,23,4,12,20,11,8,15],[14,2,22,24,10,18,6,16,15,23,4,12],[6,18,10,14,22,16,24,2,23,4,12,20,15],[6,14,2,18,22,16,24,10,15,23,4,12],[2,22,18,10,14,16,24,6,23,4,12,20,15],[18,22,10,2,14,16,24,6,15,23,4,12],[6,18,22,2,10,14,24,16,15,23,4,12],[14,2,10,18,6,22,16,24,15,23,4,12],[6,2,22,18,14,24,10,16,23,4,12,20,15],[18,22,14,16,24,10,2,6,15,23,4,12],[6,22,10,2,18,14,24,16,15,23,4,12],[10,14,22,24,2,18,6,16,23,4,12,20,11,8,15],[2,14,18,6,10,22,24,16,15,23,4,12],[18,6,22,2,10,14,16,24,15,23,4,12],[10,18,2,22,14,16,24,6,23,4,12,20,15],[2,10,6,14,18,22,16,24,15,23,4,12],[14,10,2,6,18,22,24,16,23,4,12,20,11,8,15],[18,6,10,22,14,24,2,16,15,23,4,12],[6,10,14,22,24,18,2,16,23,4,12,20,15],[6,22,2,18,14,16,24,10,15,23,4,12],[10,14,2,6,18,22,24,16,23,4,12,20,11,8,15],[2,10,18,22,14,16,24,6,23,4,12,20,11,8,15],[6,18,2,14,10,22,16,24,15,23,4,12],[22,6,10,2,18,14,16,24,15,23,4,12],[18,22,10,14,16,24,2,6,15,23,4,12],[10,2,22,14,16,24,18,6,15,23,4,12],[18,22,2,10,6,14,24,16,15,23,4,12],[18,22,6,14,24,2,10,16,15,23,4,12],[18,10,22,2,14,24,6,16,15,23,4,12],[14,18,22,16,24,6,10,2,15,23,4,12],[6,18,22,14,16,24,2,10,15,23,4,12],[10,2,22,18,14,16,24,6,15,23,4,12],[22,18,2,14,16,24,10,6,15,23,4,12],[6,18,10,2,14,22,24,16,15,23,4,12],[6,14,18,2,22,24,10,16,15,23,4,12],[10,2,14,6,22,24,18,16,15,23,4,12],[10,6,22,14,24,18,2,16,15,23,4,12],[6,22,14,24,2,18,10,16,23,4,12,20,11,8,15],[6,22,2,10,18,14,16,24,23,4,12,20,15],[22,10,2,6,14,16,24,18,15,23,4,12],[6,18,14,22,16,24,2,10,15,23,4,12],[10,18,22,14,16,24,2,6,15,23,4,12],[22,10,6,18,2,14,16,24,23,4,12,20,11,8,15],[6,22,2,10,14,16,24,18,15,23,4,12],[14,6,10,22,24,18,2,16,15,23,4,12],[18,22,14,24,2,10,6,16,23,4,12,20,15],[10,18,6,2,22,14,24,16,15,23,4,12],[22,14,16,24,10,18,2,6,15,23,4,12],[2,14,6,22,24,18,10,16,15,23,4,12],[22,14,16,24,6,18,10,2,23,4,12,20,15],[18,14,22,16,24,2,10,6,23,4,12,20,11,8,15],[2,10,6,14,18,22,16,24,23,4,12,20,11,8,7,15],[22,6,10,18,14,16,24,2,15,23,4,12],[14,10,18,2,6,22,16,24,15,23,4,12],[14,10,18,2,6,22,16,24,23,4,12,20,11,8,15],[6,10,18,14,2,22,24,16,23,4,12,20,15],[18,22,14,16,24,2,10,6,15,23,4,12],[2,18,22,10,6,14,16,24,23,4,12,20,15],[6,22,18,2,10,14,16,24,23,4,12,20,11,8,15],[10,6,14,22,16,24,18,2,15,23,4,12],[10,2,14,18,6,22,16,24,23,4,12,20,11,8,7,15],[10,6,18,22,2,14,24,16,15,23,4,12],[18,6,22,2,14,24,10,16,23,4,12,20,11,8,7,15],[14,10,6,18,2,22,16,24,23,4,12,20,11,8,7,15],[10,2,22,6,14,16,24,18,23,4,12,20,15],[2,14,10,6,18,22,16,24,23,4,12,20,15],[6,22,18,2,10,14,16,24,23,4,12,20,15],[10,2,22,14,24,18,6,16,23,4,12,20,15],[18,10,6,2,22,14,24,16,23,4,12,20,15],[14,10,18,22,16,24,6,2,23,4,12,20,15],[14,10,22,24,6,2,18,16,23,4,12,20,15],[2,18,10,22,14,16,24,6,23,4,12,20,15],[10,14,6,18,22,16,24,2,15,23,4,12],[14,10,22,24,18,6,2,16,23,4,12,20,15],[2,6,14,10,22,24,18,16,15,23,4,12],[18,10,22,2,14,24,6,16,23,4,12,20,15],[18,6,22,14,24,2,10,16,23,4,12,20,15],[18,6,10,2,14,22,16,24,23,4,12,20,15],[6,2,18,10,14,22,24,16,23,4,12,20,11,8,15],[18,2,22,10,6,14,16,24,23,4,12,20,11,8,7,15],[22,14,16,24,6,18,10,2,23,4,12,20,15],[14,2,22,24,6,18,10,16,23,4,12,20,15],[18,14,22,24,6,2,10,16,23,4,12,20,15],[18,2,22,6,10,14,16,24,15,23,4,12],[14,6,10,2,18,22,24,16,15,23,4,12],[18,6,22,10,2,14,16,24,23,4,12,20,11,8,15],[10,14,6,18,22,16,24,2,15,23,4,12],[22,2,14,24,18,6,10,16,23,4,12,20,15],[10,18,2,22,14,16,24,6,15,23,4,12],[6,10,22,2,18,14,24,16,23,4,12,20,15],[14,18,22,16,24,10,2,6,15,23,4,12],[2,6,10,22,14,16,24,18,15,23,4,12],[22,6,2,18,14,16,24,10,15,23,4,12],[6,10,14,2,22,24,18,16,23,4,12,20,11,8,15],[14,2,22,24,6,18,10,16,23,4,12,20,11,8,7,15],[6,14,10,2,18,22,16,24,23,4,12,20,11,8,15],[22,14,24,10,2,6,18,16,15,23,4,12],[22,14,16,24,10,18,2,6,15,23,4,12],[22,2,18,10,14,16,24,6,15,23,4,12],[22,6,18,10,2,14,16,24,23,4,12,20,15],[18,6,14,2,22,24,10,16,23,4,12,20,15],[14,18,6,10,2,22,24,16,23,4,12,20,15],[2,22,18,14,16,24,6,10,23,4,12,20,11,8,7,15],[22,14,16,24,6,10,18,2,15,23,4,12],[18,10,22,2,6,14,16,24,15,23,4,12],[6,14,2,10,22,24,18,16,15,23,4,12],[10,6,22,14,16,24,2,18,15,23,4,12],[2,18,6,22,14,16,24,10,15,23,4,12],[6,18,2,22,10,14,16,24,23,4,12,20,15],[18,22,2,6,10,14,16,24,15,23,4,12],[18,6,14,2,22,16,24,10,23,4,12,20,15],[2,18,10,6,22,14,16,24,15,23,4,12],[10,6,2,18,14,22,16,24,23,4,12,20,11,8,15],[14,10,2,22,16,24,6,18,23,4,12,20,11,8,15],[22,6,2,18,10,14,24,16,15,23,4,12],[18,6,2,22,14,24,10,16,15,23,4,12],[18,10,2,22,6,14,24,16,23,4,12,20,11,8,7,15],[2,10,14,6,18,22,24,16,23,4,12,20,15],[10,22,18,14,16,24,6,2,15,23,4,12],[2,6,22,10,14,16,24,18,23,4,12,20,11,8,15],[6,2,14,22,24,10,18,16,23,4,12,20,15],[2,6,18,22,10,14,16,24,15,23,4,12],[2,6,10,14,18,22,16,24,15,23,4,12],[18,22,6,10,14,24,2,16,15,23,4,12],[18,2,10,22,14,16,24,6,23,4,12,20,15],[10,22,2,18,6,14,16,24,23,4,12,20,11,8,7,15],[22,6,18,2,10,14,24,16,15,23,4,12],[6,18,10,22,14,24,2,16,15,23,4,12],[10,14,22,24,6,2,18,16,15,23,4,12],[22,2,18,14,16,24,10,6,23,4,12,20,15],[22,10,14,24,18,2,6,16,23,4,12,20,11,8,7,15],[18,6,10,22,14,16,24,2,15,23,4,12],[2,10,14,6,18,22,24,16,23,4,12,20,11,8,15],[18,2,6,10,22,14,16,24,15,23,4,12],[2,6,14,18,22,16,24,10,15,23,4,12],[14,10,2,22,16,24,18,6,15,23,4,12],[6,2,22,10,14,16,24,18,15,23,4,12],[6,2,14,10,22,24,18,16,15,23,4,12],[6,22,10,18,2,14,16,24,23,4,12,20,15],[10,2,22,6,14,24,18,16,23,4,12,20,11,8,15],[2,18,10,14,6,22,16,24,23,4,12,20,11,8,15],[6,14,10,18,2,22,24,16,15,23,4,12],[18,2,6,10,22,14,24,16,15,23,4,12],[22,10,2,18,6,14,24,16,23,4,12,20,11,8,15],[18,14,6,22,16,24,2,10,23,4,12,20,11,8,15],[22,18,14,24,2,6,10,16,23,4,12,20,11,8,7,15],[14,18,10,6,22,24,2,16,23,4,12,20,11,8,7,15],[14,2,10,6,18,22,24,16,23,4,12,20,15],[10,18,2,6,14,22,16,24,23,4,12,20,15],[2,14,18,10,6,22,24,16,23,4,12,20,11,8,15],[6,14,22,24,18,10,2,16,23,4,12,20,11,8,15],[22,14,24,18,6,10,2,16,23,4,12,20,11,8,15],[2,10,18,22,6,14,16,24,23,4,12,20,15],[18,10,2,22,14,24,6,16,15,23,4,12],[14,10,2,6,22,24,18,16,23,4,12,20,15],[2,14,18,22,24,6,10,16,15,23,4,12],[22,14,16,24,6,2,10,18,23,4,12,20,11,8,15],[18,6,10,14,22,24,2,16,23,4,12,20,11,8,7,15],[14,6,18,2,22,16,24,10,15,23,4,12],[14,18,6,22,24,10,2,16,15,23,4,12],[6,2,14,22,24,10,18,16,23,4,12,20,11,8,7,15],[18,10,14,2,22,16,24,6,15,23,4,12],[6,10,2,14,22,16,24,18,23,4,12,20,15],[6,22,10,2,14,16,24,18,23,4,12,20,11,8,7,15],[10,6,2,22,14,24,18,16,23,4,12,20,15],[22,18,2,10,6,14,24,16,23,4,12,20,15],[2,10,18,6,22,14,16,24,15,23,4,12],[10,14,2,18,6,22,24,16,23,4,12,20,11,8,7,15],[6,2,18,22,14,24,10,16,15,23,4,12],[14,6,10,2,22,16,24,18,23,4,12,20,11,8,15],[18,2,22,6,10,14,16,24,23,4,12,20,11,8,7,15],[22,14,24,18,10,2,6,16,23,4,12,20,11,8,15],[18,10,6,22,2,14,16,24,15,23,4,12],[22,2,10,6,14,16,24,18,15,23,4,12],[10,14,6,18,22,16,24,2,15,23,4,12],[2,22,6,10,18,14,16,24,23,4,12,20,15],[10,22,6,18,14,16,24,2,15,23,4,12],[14,6,10,2,18,22,24,16,15,23,4,12],[2,22,18,14,16,24,10,6,15,23,4,12],[10,2,18,22,6,14,24,16,15,23,4,12],[18,2,10,14,6,22,24,16,23,4,12,20,15],[14,2,10,6,22,16,24,18,15,23,4,12],[14,10,22,24,6,2,18,16,15,23,4,12],[10,6,2,14,22,16,24,18,23,4,12,20,15],[18,22,2,6,10,14,16,24,23,4,12,20,11,8,15],[18,2,6,10,14,22,24,16,15,23,4,12],[18,2,22,14,24,10,6,16,23,4,12,20,15],[14,6,22,24,10,2,18,16,23,4,12,20,15],[18,22,14,24,6,2,10,16,23,4,12,20,11,8,7,15],[10,14,6,18,22,24,2,16,15,23,4,12],[14,22,16,24,2,10,18,6,15,23,4,12],[22,2,10,18,14,24,6,16,23,4,12,20,15],[6,14,10,2,18,22,16,24,23,4,12,20,11,8,15],[10,2,6,14,18,22,16,24,15,23,4,12],[18,22,6,2,14,16,24,10,15,23,4,12],[22,14,24,10,2,18,6,16,23,4,12,20,11,8,15],[22,14,16,24,18,10,6,2,15,23,4,12],[18,6,22,14,24,2,10,16,23,4,12,20,11,8,7,15],[18,14,22,16,24,10,6,2,23,4,12,20,15],[14,2,22,24,6,18,10,16,23,4,12,20,15],[22,10,2,18,14,16,24,6,23,4,12,20,11,8,15],[10,18,2,22,6,14,16,24,23,4,12,20,15],[18,10,6,14,2,22,16,24,23,4,12,20,11,8,7,15],[2,14,18,10,22,24,6,16,15,23,4,12],[10,14,6,18,2,22,16,24,23,4,12,20,15],[2,18,14,22,16,24,10,6,15,23,4,12],[18,6,22,14,24,2,10,16,15,23,4,12],[2,6,18,14,10,22,24,16,23,4,12,20,15],[10,14,2,22,24,18,6,16,23,4,12,20,11,8,7,15],[18,14,2,6,22,16,24,10,23,4,12,20,15],[10,14,22,16,24,6,2,18,23,4,12,20,15],[10,14,6,18,2,22,24,16,15,23,4,12],[2,14,10,6,22,16,24,18,15,23,4,12],[14,10,18,2,6,22,16,24,23,4,12,20,11,8,15],[14,22,16,24,18,10,6,2,23,4,12,20,15],[14,2,22,16,24,6,18,10,23,4,12,20,15],[2,18,14,6,10,22,24,16,23,4,12,20,15],[2,6,18,22,10,14,16,24,23,4,12,20,15],[2,10,14,22,24,18,6,16,23,4,12,20,11,8,7,15],[22,2,14,16,24,10,18,6,15,23,4,12],[14,6,10,2,18,22,24,16,23,4,12,20,15],[22,10,18,6,14,16,24,2,23,4,12,20,11,8,15],[18,10,22,14,24,6,2,16,15,23,4,12],[14,2,18,22,24,6,10,16,15,23,4,12],[2,14,18,10,22,24,6,16,23,4,12,20,11,8,7,15],[10,2,18,6,14,22,16,24,23,4,12,20,11,8,7,15],[10,2,18,14,22,16,24,6,23,4,12,20,11,8,15],[14,22,16,24,10,6,2,18,15,23,4,12],[2,22,10,14,24,18,6,16,23,4,12,20,11,8,15],[2,22,10,14,24,6,18,16,15,23,4,12],[6,18,2,14,22,16,24,10,15,23,4,12],[2,6,10,22,18,14,16,24,15,23,4,12],[10,18,22,2,6,14,16,24,15,23,4,12],[14,18,2,22,16,24,6,10,23,4,12,20,15],[10,2,6,14,22,16,24,18,15,23,4,12],[2,14,22,16,24,10,18,6,15,23,4,12],[14,6,2,18,10,22,16,24,15,23,4,12],[2,22,14,16,24,6,18,10,23,4,12,20,15],[6,10,2,22,14,16,24,18,15,23,4,12],[22,6,10,2,18,14,24,16,23,4,12,20,15],[22,18,14,16,24,10,6,2,15,23,4,12],[14,6,2,18,10,22,16,24,15,23,4,12],[2,6,18,10,14,22,16,24,23,4,12,20,11,8,15],[10,18,2,6,22,14,24,16,23,4,12,20,15],[18,6,22,2,14,16,24,10,15,23,4,12],[22,10,2,14,24,6,18,16,23,4,12,20,11,8,7,15],[2,22,18,14,24,6,10,16,15,23,4,12],[10,6,14,22,16,24,18,2,15,23,4,12],[2,6,10,18,22,14,16,24,23,4,12,20,15],[10,2,18,22,6,14,16,24,23,4,12,20,15],[22,14,24,18,10,6,2,16,23,4,12,20,11,8,7,15],[22,2,6,10,14,16,24,18,15,23,4,12],[18,14,10,22,16,24,6,2,23,4,12,20,15],[14,18,6,22,16,24,2,10,15,23,4,12],[2,18,6,22,10,14,24,16,15,23,4,12],[14,2,22,16,24,10,6,18,15,23,4,12],[10,14,2,6,22,16,24,18,23,4,12,20,15],[18,6,10,2,14,22,16,24,23,4,12,20,11,8,15],[10,22,6,14,24,2,18,16,15,23,4,12],[10,14,18,6,22,24,2,16,15,23,4,12],[10,2,14,18,22,16,24,6,23,4,12,20,11,8,7,15],[18,14,2,10,6,22,24,16,15,23,4,12],[10,2,14,22,16,24,18,6,23,4,12,20,11,8,7,15],[14,2,18,6,22,16,24,10,23,4,12,20,11,8,15],[10,22,6,18,2,14,16,24,15,23,4,12],[6,10,2,22,18,14,24,16,23,4,12,20,11,8,7,15],[6,22,2,10,18,14,24,16,23,4,12,20,15],[18,2,22,6,14,16,24,10,15,23,4,12],[10,2,22,6,14,16,24,18,15,23,4,12],[10,18,2,14,22,16,24,6,15,23,4,12],[14,18,10,22,16,24,6,2,15,23,4,12],[2,10,6,22,18,14,16,24,23,4,12,20,15],[18,14,6,10,22,24,2,16,23,4,12,20,11,8,15],[6,14,22,24,2,10,18,16,15,23,4,12],[14,2,10,18,6,22,24,16,23,4,12,20,15],[2,18,6,14,22,24,10,16,15,23,4,12],[14,6,18,2,10,22,24,16,23,4,12,20,11,8,15],[22,14,16,24,10,2,6,18,23,4,12,20,11,8,7,15],[6,14,10,18,2,22,16,24,23,4,12,20,11,8,7,15],[14,22,24,6,18,2,10,16,15,23,4,12],[18,22,14,24,6,10,2,16,15,23,4,12],[22,18,10,6,2,14,16,24,15,23,4,12],[18,6,2,10,22,14,24,16,15,23,4,12],[6,14,10,18,22,16,24,2,23,4,12,20,15],[18,10,22,2,14,24,6,16,15,23,4,12],[2,10,18,14,22,16,24,6,15,23,4,12],[22,6,18,10,2,14,24,16,23,4,12,20,11,8,7,15],[10,18,22,6,2,14,24,16,23,4,12,20,15],[6,22,18,10,14,16,24,2,15,23,4,12],[2,22,14,16,24,18,6,10,15,23,4,12],[6,22,14,24,10,18,2,16,23,4,12,20,11,8,7,15],[6,22,14,16,24,18,10,2,15,23,4,12],[18,14,2,6,10,22,16,24,23,4,12,20,15],[6,14,22,16,24,10,18,2,15,23,4,12],[22,18,6,2,14,24,10,16,15,23,4,12],[2,18,6,10,22,14,16,24,23,4,12,20,15],[2,10,14,6,18,22,16,24,15,23,4,12],[10,6,18,14,22,16,24,2,23,4,12,20,15],[18,2,6,10,14,22,16,24,15,23,4,12],[22,10,14,16,24,6,18,2,23,4,12,20,11,8,7,15],[18,10,14,22,24,2,6,16,23,4,12,20,11,8,7,15],[18,22,6,14,24,2,10,16,23,4,12,20,15],[10,18,22,2,14,16,24,6,23,4,12,20,15],[22,2,10,18,14,24,6,16,23,4,12,20,15],[6,18,10,2,14,22,16,24,15,23,4,12],[22,18,14,16,24,10,6,2,15,23,4,12],[2,14,6,18,22,24,10,16,15,23,4,12],[6,22,18,10,2,14,16,24,23,4,12,20,15],[6,18,10,22,2,14,16,24,23,4,12,20,15],[6,22,18,2,10,14,16,24,15,23,4,12],[18,10,14,2,6,22,16,24,15,23,4,12],[22,14,24,2,6,18,10,16,23,4,12,20,11,8,15],[6,18,10,14,2,22,24,16,15,23,4,12],[6,10,22,18,14,16,24,2,15,23,4,12],[10,2,22,14,16,24,6,18,15,23,4,12],[10,18,6,22,14,24,2,16,23,4,12,20,15],[6,22,14,24,10,2,18,16,15,23,4,12],[10,22,14,24,18,6,2,16,23,4,12,20,15],[10,22,18,6,2,14,24,16,15,23,4,12],[14,2,10,22,16,24,6,18,23,4,12,20,15],[10,22,18,2,14,24,6,16,15,23,4,12],[22,10,18,6,14,24,2,16,23,4,12,20,11,8,15],[10,6,14,22,16,24,18,2,15,23,4,12],[2,22,6,18,10,14,24,16,23,4,12,20,15],[6,2,10,22,18,14,16,24,15,23,4,12],[6,22,2,10,18,14,24,16,23,4,12,20,11,8,7,15],[10,14,22,16,24,6,18,2,15,23,4,12],[2,18,22,6,10,14,24,16,15,23,4,12],[14,18,2,10,22,24,6,16,23,4,12,20,11,8,15],[2,6,14,10,18,22,16,24,15,23,4,12],[22,14,24,6,2,18,10,16,15,23,4,12],[2,14,6,22,24,10,18,16,23,4,12,20,11,8,15],[22,14,24,2,6,10,18,16,23,4,12,20,11,8,7,15],[18,6,22,2,14,16,24,10,23,4,12,20,15],[6,18,14,10,22,24,2,16,23,4,12,20,15],[22,14,24,18,6,10,2,16,15,23,4,12],[14,10,22,24,6,18,2,16,23,4,12,20,15],[2,6,18,10,22,14,24,16,15,23,4,12],[6,22,2,10,14,16,24,18,15,23,4,12],[14,6,18,22,16,24,2,10,15,23,4,12],[18,6,22,2,14,24,10,16,15,23,4,12],[18,10,22,14,24,6,2,16,23,4,12,20,15],[6,18,10,22,2,14,16,24,23,4,12,20,11,8,7,15],[6,2,22,18,14,24,10,16,15,23,4,12],[6,18,10,2,22,14,16,24,15,23,4,12],[6,14,2,10,18,22,16,24,15,23,4,12],[18,22,6,14,16,24,2,10,23,4,12,20,11,8,7,15],[22,2,10,6,14,24,18,16,15,23,4,12],[18,14,2,10,6,22,16,24,15,23,4,12],[18,2,6,22,10,14,24,16,23,4,12,20,15],[2,6,10,18,22,14,16,24,23,4,12,20,11,8,15],[10,6,18,22,14,16,24,2,15,23,4,12],[10,2,6,18,22,14,16,24,15,23,4,12],[14,6,18,22,24,10,2,16,15,23,4,12],[18,22,6,10,2,14,24,16,23,4,12,20,11,8,7,15],[6,2,18,14,22,16,24,10,23,4,12,20,15],[10,18,14,2,22,24,6,16,15,23,4,12],[22,2,14,16,24,18,10,6,23,4,12,20,15],[6,2,14,18,10,22,16,24,23,4,12,20,11,8,7,15],[14,6,22,24,10,18,2,16,15,23,4,12],[6,2,18,10,22,14,16,24,15,23,4,12],[6,14,2,22,16,24,18,10,15,23,4,12],[18,10,22,14,24,2,6,16,23,4,12,20,15],[18,6,14,22,24,2,10,16,15,23,4,12],[2,18,22,10,14,16,24,6,15,23,4,12],[2,14,22,16,24,10,6,18,15,23,4,12],[6,22,2,18,14,16,24,10,15,23,4,12],[18,14,6,22,24,10,2,16,15,23,4,12],[22,18,10,14,24,2,6,16,15,23,4,12],[6,2,14,18,22,24,10,16,23,4,12,20,11,8,15],[10,14,6,22,16,24,2,18,23,4,12,20,11,8,15],[10,6,18,2,14,22,24,16,23,4,12,20,11,8,15],[22,14,24,10,2,18,6,16,23,4,12,20,11,8,15],[10,18,6,22,2,14,24,16,15,23,4,12],[2,22,18,10,6,14,16,24,15,23,4,12],[2,10,22,18,6,14,24,16,15,23,4,12],[18,14,6,10,2,22,24,16,23,4,12,20,15],[18,2,22,10,6,14,24,16,23,4,12,20,11,8,7,15],[18,14,2,6,22,16,24,10,15,23,4,12],[2,22,14,16,24,6,18,10,23,4,12,20,15],[14,10,6,2,22,24,18,16,23,4,12,20,11,8,7,15],[6,14,22,16,24,10,18,2,15,23,4,12],[6,18,14,22,24,10,2,16,15,23,4,12],[6,22,10,18,14,24,2,16,23,4,12,20,15],[2,22,18,10,6,14,24,16,15,23,4,12],[6,2,10,22,18,14,24,16,15,23,4,12],[22,2,14,16,24,10,18,6,23,4,12,20,15],[14,18,2,22,24,6,10,16,15,23,4,12],[6,22,10,14,16,24,18,2,15,23,4,12],[18,22,6,14,16,24,2,10,15,23,4,12],[14,18,22,16,24,6,2,10,23,4,12,20,11,8,15],[2,10,14,6,22,24,18,16,15,23,4,12],[14,18,10,22,16,24,6,2,23,4,12,20,11,8,7,15],[6,10,18,22,14,24,2,16,23,4,12,20,11,8,7,15],[18,6,2,22,10,14,16,24,23,4,12,20,11,8,15],[14,10,6,18,2,22,16,24,23,4,12,20,15],[18,2,14,22,16,24,6,10,23,4,12,20,11,8,7,15],[14,18,22,24,10,6,2,16,23,4,12,20,11,8,15],[2,22,6,18,14,24,10,16,23,4,12,20,15],[14,18,10,2,22,16,24,6,15,23,4,12],[10,18,14,22,16,24,6,2,15,23,4,12],[2,10,22,14,16,24,18,6,15,23,4,12],[22,6,18,10,14,24,2,16,15,23,4,12],[10,2,14,22,24,6,18,16,15,23,4,12],[14,6,10,18,2,22,24,16,23,4,12,20,15],[18,6,2,14,22,16,24,10,23,4,12,20,15],[2,10,6,14,18,22,16,24,23,4,12,20,15],[18,6,22,10,2,14,24,16,23,4,12,20,15],[14,10,2,6,22,24,18,16,23,4,12,20,11,8,7,15],[18,10,22,6,14,24,2,16,23,4,12,20,15],[22,2,6,10,14,24,18,16,23,4,12,20,15],[6,18,2,22,10,14,16,24,15,23,4,12],[22,10,2,6,18,14,16,24,23,4,12,20,15],[6,22,2,18,14,16,24,10,15,23,4,12],[18,22,10,6,14,24,2,16,23,4,12,20,15],[10,18,14,6,2,22,24,16,15,23,4,12],[2,22,18,10,6,14,24,16,23,4,12,20,11,8,7,15],[2,18,10,6,22,14,16,24,23,4,12,20,15],[14,22,16,24,6,2,18,10,23,4,12,20,15],[18,22,14,24,10,6,2,16,15,23,4,12],[14,18,10,22,16,24,2,6,23,4,12,20,11,8,15],[22,14,16,24,10,2,6,18,15,23,4,12],[2,22,10,6,18,14,16,24,23,4,12,20,15],[6,2,18,22,14,24,10,16,15,23,4,12],[22,18,10,6,2,14,16,24,15,23,4,12],[22,2,6,18,14,16,24,10,23,4,12,20,15],[18,6,2,14,22,24,10,16,15,23,4,12],[18,6,2,14,10,22,16,24,15,23,4,12],[10,18,22,2,6,14,24,16,15,23,4,12],[6,2,18,14,10,22,16,24,23,4,12,20,15],[10,14,18,2,6,22,16,24,23,4,12,20,15],[6,14,10,2,22,16,24,18,23,4,12,20,11,8,7,15],[18,6,2,14,10,22,24,16,15,23,4,12],[14,18,22,16,24,2,6,10,23,4,12,20,11,8,15],[22,6,2,14,24,18,10,16,23,4,12,20,11,8,7,15],[10,2,18,6,22,14,24,16,23,4,12,20,11,8,7,15],[22,18,2,6,14,16,24,10,23,4,12,20,11,8,15],[6,18,10,14,2,22,24,16,15,23,4,12],[18,22,14,16,24,6,2,10,23,4,12,20,15],[14,2,18,22,16,24,6,10,15,23,4,12],[10,2,6,18,22,14,24,16,23,4,12,20,15],[6,14,18,10,22,24,2,16,23,4,12,20,15],[22,14,24,18,6,2,10,16,23,4,12,20,15],[10,18,6,14,22,24,2,16,23,4,12,20,15],[14,10,18,2,6,22,16,24,15,23,4,12],[2,6,18,22,10,14,16,24,15,23,4,12],[22,14,24,18,10,6,2,16,23,4,12,20,15],[6,22,18,10,14,16,24,2,15,23,4,12],[22,2,10,6,14,16,24,18,23,4,12,20,11,8,15],[6,18,14,2,22,24,10,16,23,4,12,20,15],[14,18,2,10,6,22,24,16,15,23,4,12],[2,14,18,6,22,16,24,10,23,4,12,20,11,8,7,15],[6,10,2,14,18,22,24,16,23,4,12,20,15],[22,2,10,18,6,14,24,16,15,23,4,12],[14,6,10,2,18,22,16,24,23,4,12,20,15],[22,10,14,16,24,18,6,2,23,4,12,20,15],[14,18,10,6,22,16,24,2,23,4,12,20,11,8,15],[22,14,16,24,2,10,18,6,15,23,4,12],[14,6,22,24,18,10,2,16,15,23,4,12],[10,6,22,18,2,14,24,16,23,4,12,20,15],[22,2,18,10,14,24,6,16,15,23,4,12],[22,14,24,6,10,2,18,16,23,4,12,20,15],[2,14,10,22,24,6,18,16,15,23,4,12],[22,10,6,2,18,14,16,24,23,4,12,20,11,8,15],[10,18,2,6,14,22,16,24,23,4,12,20,15],[2,10,14,18,22,24,6,16,23,4,12,20,11,8,7,15],[22,2,14,24,10,6,18,16,15,23,4,12],[10,2,18,14,6,22,16,24,15,23,4,12],[10,14,22,16,24,18,6,2,23,4,12,20,15],[10,18,22,6,2,14,16,24,15,23,4,12],[22,18,2,6,14,16,24,10,15,23,4,12],[10,22,18,6,14,24,2,16,23,4,12,20,15],[10,14,18,22,24,2,6,16,15,23,4,12],[18,22,2,14,24,10,6,16,23,4,12,20,11,8,7,15],[22,6,2,10,18,14,16,24,23,4,12,20,15],[2,18,10,14,6,22,16,24,23,4,12,20,11,8,15],[2,14,22,16,24,6,18,10,15,23,4,12],[14,2,22,16,24,6,18,10,23,4,12,20,15],[10,22,18,14,24,6,2,16,23,4,12,20,15],[10,2,22,6,18,14,16,24,15,23,4,12],[6,14,2,22,16,24,18,10,15,23,4,12],[2,22,18,6,14,24,10,16,15,23,4,12],[6,22,14,24,10,2,18,16,23,4,12,20,15],[6,18,22,10,2,14,24,16,23,4,12,20,15],[2,18,22,14,16,24,10,6,15,23,4,12],[18,2,14,22,24,6,10,16,15,23,4,12],[14,2,22,24,18,10,6,16,15,23,4,12],[22,6,2,18,10,14,16,24,15,23,4,12],[6,10,18,22,2,14,16,24,15,23,4,12],[10,22,14,16,24,18,2,6,15,23,4,12],[10,6,18,2,22,14,24,16,15,23,4,12],[14,6,2,22,16,24,10,18,23,4,12,20,11,8,15],[14,2,6,22,16,24,10,18,23,4,12,20,15],[10,18,2,22,14,24,6,16,15,23,4,12],[14,10,6,18,22,16,24,2,23,4,12,20,15],[6,2,10,14,22,16,24,18,15,23,4,12],[10,6,14,2,22,16,24,18,23,4,12,20,11,8,7,15],[14,6,18,10,2,22,16,24,23,4,12,20,15],[6,22,18,14,24,10,2,16,15,23,4,12],[6,14,18,10,22,16,24,2,23,4,12,20,11,8,15],[10,14,2,18,22,24,6,16,23,4,12,20,15],[10,6,18,14,22,16,24,2,15,23,4,12],[18,10,2,22,6,14,16,24,15,23,4,12],[22,14,16,24,10,18,6,2,23,4,12,20,15],[22,2,18,6,10,14,24,16,15,23,4,12],[10,14,18,22,24,6,2,16,23,4,12,20,15],[10,6,2,18,14,22,24,16,15,23,4,12],[2,14,22,24,18,6,10,16,15,23,4,12],[22,18,2,6,14,16,24,10,15,23,4,12],[14,22,16,24,18,10,2,6,15,23,4,12],[2,18,22,14,16,24,10,6,15,23,4,12],[6,10,14,2,22,16,24,18,23,4,12,20,15],[2,18,10,6,22,14,16,24,23,4,12,20,15],[18,22,14,16,24,2,10,6,23,4,12,20,11,8,15],[6,22,14,24,2,18,10,16,23,4,12,20,15],[14,10,18,6,2,22,16,24,23,4,12,20,11,8,7,15],[18,6,2,14,22,16,24,10,15,23,4,12],[10,22,2,14,16,24,6,18,23,4,12,20,11,8,15],[22,6,18,14,24,10,2,16,15,23,4,12],[6,22,14,16,24,18,10,2,15,23,4,12],[6,2,10,22,18,14,24,16,15,23,4,12],[18,10,6,14,22,16,24,2,23,4,12,20,11,8,15],[18,2,6,14,10,22,16,24,15,23,4,12],[18,10,22,6,14,16,24,2,15,23,4,12],[22,2,10,18,6,14,24,16,23,4,12,20,11,8,7,15],[10,14,6,2,22,24,18,16,15,23,4,12],[6,14,22,16,24,18,2,10,15,23,4,12],[6,10,2,22,14,24,18,16,23,4,12,20,11,8,7,15],[10,14,18,2,6,22,24,16,23,4,12,20,11,8,7,15],[14,2,22,16,24,18,10,6,15,23,4,12],[10,14,6,2,18,22,24,16,15,23,4,12],[14,2,18,22,24,10,6,16,15,23,4,12],[18,22,2,10,6,14,24,16,15,23,4,12],[18,10,22,14,16,24,2,6,23,4,12,20,15],[2,6,14,18,22,16,24,10,23,4,12,20,15],[18,22,6,10,14,16,24,2,15,23,4,12],[10,14,2,6,18,22,24,16,15,23,4,12],[10,6,14,22,24,2,18,16,23,4,12,20,15],[2,18,14,10,22,24,6,16,23,4,12,20,11,8,15],[18,14,10,22,24,6,2,16,23,4,12,20,15],[18,14,2,22,16,24,10,6,15,23,4,12],[6,22,18,2,10,14,16,24,15,23,4,12],[22,10,18,14,16,24,2,6,23,4,12,20,15],[18,14,22,24,10,6,2,16,15,23,4,12],[6,14,2,10,18,22,16,24,15,23,4,12],[6,18,14,2,22,16,24,10,23,4,12,20,11,8,7,15],[14,18,22,24,6,10,2,16,23,4,12,20,11,8,7,15],[6,22,18,14,24,2,10,16,23,4,12,20,11,8,7,15],[6,18,14,10,22,24,2,16,15,23,4,12],[6,22,14,24,2,10,18,16,15,23,4,12],[14,22,24,10,2,6,18,16,15,23,4,12],[2,6,18,22,10,14,24,16,23,4,12,20,11,8,7,15],[6,14,10,18,22,16,24,2,23,4,12,20,15],[6,22,18,14,24,2,10,16,23,4,12,20,11,8,7,15],[2,10,22,6,14,16,24,18,15,23,4,12],[14,10,22,24,18,2,6,16,23,4,12,20,15],[2,22,14,24,10,18,6,16,23,4,12,20,15],[6,22,14,24,18,2,10,16,23,4,12,20,15],[6,22,18,10,2,14,24,16,23,4,12,20,15],[22,18,14,24,2,6,10,16,15,23,4,12],[22,6,14,16,24,18,10,2,23,4,12,20,11,8,7,15],[22,18,14,16,24,10,2,6,23,4,12,20,11,8,7,15],[10,6,2,22,14,24,18,16,15,23,4,12],[18,2,10,6,14,22,16,24,23,4,12,20,15],[18,22,14,24,2,10,6,16,23,4,12,20,15],[22,14,16,24,10,2,6,18,23,4,12,20,11,8,7,15],[14,6,2,18,10,22,16,24,23,4,12,20,11,8,15],[10,18,22,6,14,24,2,16,15,23,4,12],[6,22,10,14,16,24,18,2,23,4,12,20,15],[2,14,18,10,6,22,24,16,15,23,4,12],[10,2,18,6,14,22,24,16,15,23,4,12],[22,2,10,14,24,18,6,16,15,23,4,12],[14,18,10,22,24,6,2,16,15,23,4,12],[2,18,22,14,16,24,10,6,23,4,12,20,11,8,7,15],[22,2,18,6,14,16,24,10,23,4,12,20,15],[10,14,2,22,24,18,6,16,15,23,4,12],[10,14,6,18,2,22,24,16,23,4,12,20,11,8,7,15],[14,6,2,18,22,16,24,10,23,4,12,20,11,8,15],[10,6,14,18,2,22,16,24,15,23,4,12],[22,2,6,14,16,24,18,10,23,4,12,20,15],[6,22,14,24,2,10,18,16,23,4,12,20,15],[6,22,14,24,18,2,10,16,23,4,12,20,15],[6,22,14,24,10,18,2,16,15,23,4,12],[22,2,14,16,24,6,10,18,15,23,4,12],[14,10,6,2,22,16,24,18,15,23,4,12],[10,18,2,22,14,16,24,6,15,23,4,12],[2,14,6,10,18,22,24,16,23,4,12,20,15],[10,2,6,14,22,24,18,16,15,23,4,12],[14,10,2,6,22,16,24,18,23,4,12,20,15],[18,14,2,10,22,24,6,16,15,23,4,12],[22,18,2,14,16,24,6,10,15,23,4,12],[18,22,6,14,24,10,2,16,23,4,12,20,11,8,7,15],[10,14,2,6,18,22,16,24,15,23,4,12],[6,14,2,10,18,22,24,16,23,4,12,20,11,8,15],[6,10,22,14,16,24,18,2,23,4,12,20,11,8,7,15],[2,10,18,14,6,22,16,24,23,4,12,20,11,8,7,15],[22,18,14,24,2,10,6,16,23,4,12,20,15],[2,18,10,22,6,14,24,16,15,23,4,12],[18,2,6,14,22,24,10,16,23,4,12,20,15],[10,18,14,2,22,24,6,16,15,23,4,12],[22,10,14,24,2,6,18,16,23,4,12,20,15],[10,6,2,18,14,22,16,24,23,4,12,20,15],[2,10,18,22,6,14,24,16,23,4,12,20,11,8,7,15],[14,22,16,24,2,18,6,10,23,4,12,20,11,8,7,15],[6,14,10,2,22,24,18,16,15,23,4,12],[6,2,18,10,22,14,24,16,15,23,4,12],[18,22,10,2,6,14,16,24,15,23,4,12],[18,10,22,2,6,14,24,16,15,23,4,12],[6,14,2,22,24,18,10,16,23,4,12,20,15],[10,18,14,22,24,2,6,16,23,4,12,20,11,8,15],[10,22,14,16,24,6,18,2,15,23,4,12],[10,6,18,22,14,24,2,16,23,4,12,20,11,8,7,15],[22,14,16,24,10,6,18,2,15,23,4,12],[6,2,18,10,22,14,24,16,15,23,4,12],[22,2,6,14,24,18,10,16,23,4,12,20,11,8,7,15],[10,2,14,22,24,18,6,16,23,4,12,20,15],[2,10,18,6,22,14,16,24,23,4,12,20,15],[22,10,14,24,18,2,6,16,15,23,4,12],[2,14,22,16,24,10,18,6,15,23,4,12],[14,10,6,22,24,18,2,16,15,23,4,12],[22,6,10,14,24,18,2,16,15,23,4,12],[18,14,10,6,22,24,2,16,23,4,12,20,11,8,7,15],[10,2,18,22,14,24,6,16,15,23,4,12],[18,2,14,6,22,16,24,10,23,4,12,20,15],[22,6,10,18,2,14,16,24,23,4,12,20,11,8,7,15],[22,10,6,18,14,24,2,16,15,23,4,12],[6,14,10,2,22,24,18,16,23,4,12,20,15],[18,10,22,6,14,24,2,16,23,4,12,20,11,8,7,15],[6,18,2,10,14,22,16,24,23,4,12,20,15],[6,14,2,10,22,24,18,16,15,23,4,12],[6,22,18,14,16,24,2,10,15,23,4,12],[2,18,10,6,22,14,24,16,23,4,12,20,15],[2,10,22,14,16,24,6,18,23,4,12,20,11,8,7,15],[18,10,2,6,22,14,16,24,23,4,12,20,11,8,15],[14,22,16,24,2,18,10,6,15,23,4,12],[22,14,16,24,10,2,18,6,15,23,4,12],[18,6,22,14,24,2,10,16,23,4,12,20,15],[18,10,2,14,22,16,24,6,23,4,12,20,15],[14,2,22,24,6,18,10,16,15,23,4,12],[18,6,22,10,14,24,2,16,23,4,12,20,11,8,7,15],[22,2,14,24,18,6,10,16,15,23,4,12],[2,14,22,24,6,10,18,16,23,4,12,20,15],[10,14,2,18,22,24,6,16,23,4,12,20,11,8,15],[18,22,2,10,6,14,16,24,15,23,4,12],[14,2,6,10,22,24,18,16,23,4,12,20,11,8,15],[6,2,14,18,22,24,10,16,23,4,12,20,15],[2,10,22,18,6,14,24,16,15,23,4,12],[18,2,10,22,6,14,24,16,15,23,4,12],[18,10,6,14,2,22,16,24,15,23,4,12],[18,2,14,10,6,22,16,24,15,23,4,12],[2,18,10,22,14,16,24,6,15,23,4,12],[22,14,16,24,18,10,6,2,23,4,12,20,11,8,15],[10,14,18,6,22,16,24,2,15,23,4,12],[10,6,22,2,14,16,24,18,23,4,12,20,11,8,15],[6,14,18,2,22,16,24,10,15,23,4,12],[14,18,22,24,2,10,6,16,15,23,4,12],[2,22,6,10,14,16,24,18,23,4,12,20,11,8,7,15],[6,10,14,2,22,16,24,18,23,4,12,20,15],[22,10,18,6,14,16,24,2,15,23,4,12],[18,2,10,6,22,14,16,24,15,23,4,12],[14,18,22,16,24,10,2,6,23,4,12,20,11,8,7,15],[22,2,6,10,18,14,24,16,15,23,4,12],[10,2,6,22,18,14,24,16,15,23,4,12],[18,10,14,2,22,16,24,6,15,23,4,12],[18,22,14,24,2,6,10,16,23,4,12,20,15],[2,6,18,22,14,24,10,16,15,23,4,12],[14,6,18,10,2,22,16,24,23,4,12,20,11,8,15],[22,14,16,24,10,18,2,6,23,4,12,20,11,8,7,15],[14,22,16,24,6,18,10,2,23,4,12,20,15],[2,18,6,22,14,24,10,16,15,23,4,12],[6,14,18,10,22,24,2,16,15,23,4,12],[18,6,14,2,22,24,10,16,15,23,4,12],[2,22,10,18,6,14,24,16,15,23,4,12],[2,6,22,18,14,16,24,10,15,23,4,12],[10,22,2,14,16,24,18,6,15,23,4,12],[2,18,14,10,22,24,6,16,23,4,12,20,11,8,15],[10,14,2,22,24,6,18,16,15,23,4,12],[18,10,6,22,14,24,2,16,15,23,4,12],[2,6,14,22,24,10,18,16,15,23,4,12],[18,22,14,16,24,6,10,2,23,4,12,20,11,8,7,15],[6,18,14,10,22,24,2,16,23,4,12,20,11,8,7,15],[6,14,2,18,22,24,10,16,15,23,4,12],[22,18,6,14,24,2,10,16,23,4,12,20,15],[6,22,2,14,24,10,18,16,15,23,4,12],[2,18,14,10,22,24,6,16,15,23,4,12],[2,10,14,18,22,24,6,16,15,23,4,12],[2,18,10,22,6,14,24,16,15,23,4,12],[18,14,22,24,2,6,10,16,15,23,4,12],[18,14,2,6,10,22,16,24,23,4,12,20,15],[10,22,14,16,24,2,18,6,15,23,4,12],[2,14,22,16,24,18,6,10,15,23,4,12],[22,18,14,16,24,2,10,6,15,23,4,12],[6,2,14,18,22,24,10,16,15,23,4,12],[22,14,16,24,6,18,10,2,15,23,4,12],[6,22,14,24,10,2,18,16,23,4,12,20,15],[22,10,18,6,2,14,24,16,15,23,4,12],[6,14,18,22,24,2,10,16,23,4,12,20,15],[14,6,2,22,16,24,10,18,15,23,4,12],[2,14,10,22,16,24,18,6,23,4,12,20,15],[10,22,2,14,24,6,18,16,23,4,12,20,11,8,7,15],[10,22,14,24,2,18,6,16,15,23,4,12],[14,22,24,6,2,10,18,16,15,23,4,12],[10,6,18,2,22,14,24,16,23,4,12,20,15],[2,22,18,10,6,14,24,16,23,4,12,20,15],[6,14,2,22,16,24,18,10,15,23,4,12],[22,6,18,10,2,14,16,24,23,4,12,20,15],[6,18,2,14,10,22,24,16,23,4,12,20,11,8,7,15],[10,2,14,6,18,22,24,16,23,4,12,20,11,8,7,15],[22,18,6,2,10,14,24,16,23,4,12,20,15],[6,10,14,22,16,24,18,2,23,4,12,20,11,8,15],[6,14,10,18,22,16,24,2,23,4,12,20,11,8,7,15],[6,18,10,2,14,22,24,16,15,23,4,12],[10,18,6,22,14,16,24,2,23,4,12,20,11,8,7,15],[6,18,10,14,2,22,24,16,23,4,12,20,11,8,7,15],[2,6,14,18,10,22,16,24,15,23,4,12],[18,10,14,2,6,22,24,16,15,23,4,12],[6,22,14,16,24,10,18,2,15,23,4,12],[6,2,14,18,22,16,24,10,23,4,12,20,15],[22,6,10,18,2,14,16,24,15,23,4,12],[10,2,18,6,14,22,24,16,15,23,4,12],[14,6,2,22,24,18,10,16,23,4,12,20,11,8,15],[6,2,18,14,10,22,24,16,23,4,12,20,11,8,15],[2,18,22,10,14,24,6,16,23,4,12,20,15],[2,10,6,18,14,22,24,16,23,4,12,20,15],[18,14,6,2,10,22,16,24,15,23,4,12],[18,14,22,24,10,2,6,16,15,23,4,12],[14,18,2,22,24,10,6,16,15,23,4,12],[14,2,18,22,24,10,6,16,23,4,12,20,15],[14,10,22,24,6,18,2,16,15,23,4,12],[10,2,18,14,6,22,16,24,15,23,4,12],[14,22,24,2,6,10,18,16,15,23,4,12],[10,14,2,22,16,24,6,18,23,4,12,20,15],[18,22,6,14,24,10,2,16,23,4,12,20,11,8,15],[10,6,22,14,16,24,2,18,15,23,4,12],[14,6,10,22,24,18,2,16,15,23,4,12],[14,2,6,10,22,16,24,18,23,4,12,20,11,8,15],[10,14,6,22,24,2,18,16,23,4,12,20,15],[2,6,10,14,18,22,24,16,15,23,4,12],[2,10,22,18,14,16,24,6,15,23,4,12],[10,18,6,2,14,22,24,16,23,4,12,20,15],[6,10,14,18,22,16,24,2,15,23,4,12],[14,6,18,22,16,24,10,2,23,4,12,20,15],[14,18,10,2,22,16,24,6,15,23,4,12],[2,6,22,14,24,10,18,16,15,23,4,12],[6,22,10,18,14,24,2,16,23,4,12,20,15],[2,6,14,18,22,16,24,10,15,23,4,12],[10,14,6,2,18,22,24,16,15,23,4,12],[18,2,10,6,22,14,16,24,15,23,4,12],[10,18,6,14,2,22,16,24,15,23,4,12],[18,10,2,14,6,22,16,24,15,23,4,12],[10,2,22,6,18,14,16,24,23,4,12,20,11,8,7,15],[14,6,10,18,22,16,24,2,15,23,4,12],[22,18,14,24,10,2,6,16,15,23,4,12],[10,6,22,14,24,18,2,16,15,23,4,12],[2,6,18,22,14,16,24,10,23,4,12,20,15],[10,6,22,2,18,14,24,16,15,23,4,12],[2,6,18,10,14,22,16,24,23,4,12,20,11,8,7,15],[2,10,6,22,14,24,18,16,15,23,4,12],[2,6,18,10,22,14,16,24,15,23,4,12],[14,10,22,16,24,18,6,2,23,4,12,20,11,8,15],[18,22,6,2,14,24,10,16,15,23,4,12],[6,18,14,2,22,24,10,16,23,4,12,20,11,8,15],[10,14,6,2,22,24,18,16,15,23,4,12],[18,22,6,14,16,24,10,2,23,4,12,20,15],[2,14,22,24,10,18,6,16,23,4,12,20,11,8,15],[14,22,16,24,6,18,10,2,15,23,4,12],[22,10,2,14,16,24,6,18,23,4,12,20,15],[10,14,18,6,22,16,24,2,23,4,12,20,11,8,7,15],[10,6,18,22,2,14,24,16,15,23,4,12],[10,2,22,18,6,14,16,24,23,4,12,20,15],[14,18,22,24,6,2,10,16,15,23,4,12],[10,18,22,14,16,24,2,6,15,23,4,12],[2,14,18,22,16,24,6,10,15,23,4,12],[18,14,10,6,22,16,24,2,23,4,12,20,15],[10,14,18,2,22,16,24,6,15,23,4,12],[2,14,10,18,6,22,16,24,23,4,12,20,15],[18,10,2,6,14,22,16,24,23,4,12,20,11,8,15],[22,18,2,10,6,14,24,16,23,4,12,20,15],[14,22,24,10,6,2,18,16,23,4,12,20,11,8,15],[22,2,6,14,16,24,10,18,23,4,12,20,11,8,7,15],[6,18,14,2,22,16,24,10,23,4,12,20,15],[14,2,22,24,6,18,10,16,23,4,12,20,15],[14,18,10,22,16,24,2,6,15,23,4,12],[6,18,10,22,14,24,2,16,23,4,12,20,15],[18,10,14,22,24,2,6,16,15,23,4,12],[14,2,10,22,24,6,18,16,15,23,4,12],[18,14,6,22,24,10,2,16,15,23,4,12],[6,14,22,24,18,2,10,16,23,4,12,20,15],[10,6,22,2,18,14,24,16,23,4,12,20,11,8,15],[10,18,6,22,14,24,2,16,23,4,12,20,15],[22,2,6,18,10,14,24,16,15,23,4,12],[14,10,22,16,24,18,2,6,15,23,4,12],[10,6,2,14,18,22,16,24,23,4,12,20,11,8,15],[18,14,22,24,6,10,2,16,23,4,12,20,15],[6,22,18,10,2,14,16,24,23,4,12,20,11,8,15],[6,14,18,22,16,24,10,2,15,23,4,12],[2,22,18,6,10,14,24,16,15,23,4,12],[18,10,14,22,24,6,2,16,15,23,4,12],[18,2,22,10,14,24,6,16,23,4,12,20,11,8,15],[22,6,14,24,18,2,10,16,23,4,12,20,11,8,15],[18,22,6,10,14,16,24,2,23,4,12,20,11,8,7,15],[10,6,22,2,14,16,24,18,15,23,4,12],[18,10,22,14,24,6,2,16,23,4,12,20,11,8,7,15],[10,22,18,14,24,2,6,16,23,4,12,20,15],[18,6,10,2,14,22,24,16,23,4,12,20,15],[6,10,22,2,14,16,24,18,15,23,4,12],[14,18,10,6,2,22,16,24,23,4,12,20,11,8,7,15],[6,22,18,10,14,24,2,16,15,23,4,12],[10,18,14,6,2,22,24,16,23,4,12,20,11,8,15],[6,10,18,22,2,14,16,24,15,23,4,12],[6,14,18,10,2,22,24,16,23,4,12,20,11,8,15],[2,10,6,14,18,22,24,16,23,4,12,20,11,8,15],[18,22,2,10,6,14,24,16,23,4,12,20,11,8,7,15],[10,18,2,14,22,24,6,16,15,23,4,12],[2,14,6,22,16,24,10,18,15,23,4,12],[18,2,22,14,24,6,10,16,15,23,4,12],[10,22,6,14,16,24,18,2,23,4,12,20,15],[10,18,6,22,2,14,24,16,23,4,12,20,15],[6,18,2,22,10,14,24,16,23,4,12,20,15],[14,2,10,22,24,18,6,16,23,4,12,20,15],[22,2,6,14,24,10,18,16,15,23,4,12],[22,2,10,14,24,18,6,16,23,4,12,20,15],[10,14,18,2,6,22,16,24,23,4,12,20,11,8,15],[2,10,6,22,14,24,18,16,23,4,12,20,11,8,15],[10,2,14,6,18,22,16,24,23,4,12,20,11,8,15],[2,22,14,24,6,18,10,16,15,23,4,12],[14,2,10,6,18,22,24,16,15,23,4,12],[14,18,22,24,6,10,2,16,15,23,4,12],[6,22,10,2,18,14,24,16,23,4,12,20,15],[18,10,14,6,22,24,2,16,23,4,12,20,11,8,7,15],[18,14,2,10,22,16,24,6,15,23,4,12],[14,22,24,18,2,10,6,16,15,23,4,12],[18,2,6,14,22,24,10,16,23,4,12,20,15],[10,22,6,2,18,14,16,24,23,4,12,20,11,8,15],[22,10,6,18,2,14,16,24,23,4,12,20,15],[10,6,14,22,16,24,18,2,23,4,12,20,11,8,15],[22,2,18,10,6,14,24,16,15,23,4,12],[6,22,14,16,24,10,2,18,15,23,4,12],[2,22,18,14,24,6,10,16,15,23,4,12],[2,22,14,16,24,10,6,18,15,23,4,12],[2,18,6,10,14,22,16,24,15,23,4,12],[6,18,10,2,22,14,24,16,23,4,12,20,11,8,7,15],[14,18,2,22,16,24,6,10,15,23,4,12],[18,22,6,10,2,14,16,24,23,4,12,20,11,8,7,15],[14,18,22,24,10,2,6,16,15,23,4,12],[18,22,14,24,10,6,2,16,15,23,4,12],[22,10,2,18,6,14,16,24,23,4,12,20,11,8,7,15],[2,10,6,18,22,14,16,24,15,23,4,12]],"n_human":13}