{"problem_id":"KUyNdHbCfa4jtIt","sigma":75,"alpha":3.162,"cost":1,"probabilities":"[0.15, 0.31, 0.28, 0.26]","payoff_matrix":"[[-51, -5, -21, 22, 85, -162], [116, -83, -48, -153, -19, -15], [-145, 63, 35, 42, -11, 57], [65, 89, -67, -6, 64, -24]]","uncovered":[[22,14,10,2,18,6,23,3,19,24,4,11,12,20,1,17],[14,10,18,6,2,22,24,3,19,20,4,1,11,12,17],[22,14,10,18,6,2,23,3,19,24,4,11,12,20,1,21,17],[6,22,2,10,14,18,4],[6,14,10,22,2,18,3,23,19,4,24,11,12,20,17,1],[14,2,22,6,18,10,23,3,19,4,24,11,12,20,17,1],[14,22,2,10,18,6,3,23,19,4,24,11,12,20,1,17],[2,22,10,6,14,18,3,23,19,4,24,11,12,20,17,1],[22,18,10,14,6,2,3,23,19,4,24,11,12,20,1,21,17],[10,14,6,18,2,22,3,23,19,4,24,11,12,20,1,21,17],[22,6,14,2,10,18,3,23,19,24,4,11,12,20,1,21,17],[6,22,10,18,14,2,23,3,19,24,4,11,12,20,1,21,17],[2,22,18,6,10,14,23,3,19,24,4,11,12,20,17,1],[2,14,22,18,10,6,3,23,19,4,24,11,12,20,17,1],[22,18,6,2,10,14,23,3,19,4,24,11,12,20,17,1],[14,18,10,22,6,2,4],[6,14,2,18,22,10,23,3,19,4,24,11,12,20,1,17],[18,22,2,10,6,14,3,23,19,4,24,11,12,20,17,1],[10,14,2,6,18,22,3,23,19,4,24,11,12,20,1,21,17],[22,10,18,2,6,14,23,3,19,24,4,11,12,20,1,17],[2,18,22,14,6,10,3,23,19,4,24,11,12,20,17,1],[2,14,22,6,18,10,23,3,19,24,4,11,12,20,17,1],[22,2,14,10,18,6,3,23,19,24,4,11,12,20,1,17],[22,10,2,6,15,14,18,3,23,19,24,4,11,12,20,1,17],[22,10,18,6,2,14,3,23,19,4,24,11,12,20,1,21,17],[18,6,14,22,2,10,4],[2,18,22,14,6,10,3,23,19,24,4,11,12,20,1,17],[6,18,10,2,14,22,3,23,19,24,4,11,12,20,1,21,17],[18,14,2,22,6,10,23,3,19,4,24,11,12,20,17,1],[10,22,18,6,14,2,3,23,19,4,24,11,12,20,17,1],[22,14,2,6,18,10,23,3,19,24,4,11,12,20,17,1],[22,2,6,18,14,10,3,23,19,24,4,11,12,20,1,17],[10,22,6,2,18,14,23,3,19,24,4,11,12,20,17,1],[6,10,14,18,2,22,3,23,19,4,24,11,12,20,1,21,17],[2,10,22,14,6,18,3,23,19,24,4,11,12,20,1,21,17],[2,14,18,22,6,10,3,23,19,4,24,11,12,20,17,1],[22,2,18,14,6,10,3,23,19,24,4,11,12,20,1,21,17],[6,22,2,10,18,14,23,3,19,24,4,11,12,20,17,1],[6,2,14,10,22,18,3,23,19,4,24,11,12,20,17,1],[22,18,14,6,2,10,3,23,19,24,4,11,12,20,17,1],[18,14,10,6,22,2,3,23,19,24,4,11,12,20,17,1],[22,18,6,10,2,14,4],[6,10,18,14,2,22,3,23,19,24,4,11,12,20,1,17],[22,2,15,14,18,6,10,4],[10,2,6,18,14,22,23,3,19,24,4,11,12,20,1,17],[6,22,18,10,14,2,23,3,19,24,4,11,12,20,1,21,17],[2,14,18,22,6,10,3,23,19,4,24,11,12,20,17,1],[6,22,18,10,14,2,3,23,19,4,24,11,12,20,1,17],[2,18,10,6,14,22,3,23,19,24,4,11,12,20,1,21,17],[22,18,14,6,10,2,3,23,19,4,24,11,12,20,17,1],[14,10,22,18,6,2,23,3,19,4,24,11,12,20,1,17],[18,22,14,6,2,10,23,3,19,4,24,11,12,20,17,1],[22,2,10,18,14,6,3,23,19,24,4,11,12,20,17,1],[22,18,14,10,6,2,23,3,19,24,4,11,12,20,1,17],[14,10,18,2,22,6,23,3,19,24,4,11,12,20,1,21,17],[22,18,14,2,10,6,23,3,19,4,24,11,12,20,17,1],[22,14,18,2,6,10,23,3,19,4,24,11,12,20,17,1],[22,18,6,14,10,2,3,23,19,4,24,11,12,20,1,17],[14,2,6,18,10,22,3,23,19,4,24,11,12,20,1,17],[14,22,2,10,18,6,23,3,19,24,4,11,12,20,1,21,17],[10,18,2,6,14,22,23,3,19,4,24,11,12,20,17,1],[2,18,14,6,22,10,3,23,19,4,24,11,12,20,17,1],[2,6,22,14,10,18,3,23,19,24,4,11,12,20,1,17],[22,18,10,6,2,14,24,19,3,20,4,1,11,12,17],[2,10,22,6,18,14,23,3,19,24,4,11,12,20,1,21,17],[2,22,10,6,18,14,24,19,4],[14,22,2,6,10,18,3,23,19,24,4,11,12,20,17,1],[2,6,18,22,14,10,23,3,19,4,24,11,12,20,1,17],[10,6,2,22,18,14,3,23,19,4,24,11,12,20,1,21,17],[18,14,10,22,2,6,3,23,19,24,4,11,12,20,1,17],[6,22,14,10,18,2,23,3,19,24,4,11,12,20,17,1],[2,10,14,22,18,6,23,3,19,4,24,11,12,20,1,21,17],[14,6,18,22,10,2,23,3,19,4,24,11,12,20,17,1],[22,18,6,14,2,10,3,23,19,24,4,11,12,20,17,1],[2,18,22,10,14,6,23,3,19,4,24,11,12,20,1,17],[10,6,22,18,2,14,3,23,19,4,24,11,12,20,1,21,17],[6,22,14,2,18,10,23,3,19,24,4,11,12,20,1,17],[22,14,6,2,18,10,4],[22,14,10,18,2,6,23,3,19,24,4,11,12,20,17,1],[22,6,10,18,14,2,3,23,19,24,4,11,12,20,1,21,17],[6,2,22,18,14,10,3,23,19,4,24,11,12,20,17,1],[6,2,14,18,10,22,24,4],[18,10,6,22,2,14,23,3,19,24,4,11,12,20,1,17],[6,14,22,18,2,10,23,3,19,4,24,11,12,20,17,1],[6,22,18,10,14,2,3,23,19,4,24,11,12,20,17,1],[18,10,6,22,14,2,23,3,19,4,24,11,12,20,1,21,17],[2,18,22,6,10,14,23,3,19,24,4,11,12,20,1,17],[6,10,18,22,2,14,24,3,19,11,4,12,23,20,1,21,17],[6,2,22,18,14,10,4],[18,14,6,2,22,10,3,23,19,24,4,11,12,20,1,17],[10,22,6,2,14,18,23,3,19,4,24,11,12,20,17,1],[2,22,6,18,10,14,3,23,19,24,4,11,12,20,1,17],[10,18,6,22,2,14,3,23,19,24,4,11,12,20,17,1],[10,2,14,22,18,6,24,19,3,11,4,12,23,20,1,17],[2,10,22,6,14,18,4],[10,14,2,6,22,18,3,23,19,24,4,11,12,20,1,21,17],[6,10,2,22,14,18,23,3,19,4,24,11,12,20,1,17],[22,2,11,10,18,6,14,23,3,19,24,4,12,20,1,21,17],[14,10,22,6,2,18,3,23,19,24,4,11,12,20,17,1],[2,10,18,14,22,6,23,3,19,24,4,11,12,20,1,21,17],[10,18,6,22,2,14,3,23,19,24,4,11,12,20,1,17],[2,22,10,6,14,18,3,23,19,4,24,11,12,20,1,17],[2,22,10,6,18,14,23,3,19,4,24,11,12,20,1,21,17],[6,2,18,10,14,22,23,3,19,4,24,11,12,20,17,1],[6,22,10,14,2,18,23,3,19,4,24,11,12,20,1,21,17],[10,6,22,14,2,18,3,23,19,24,4,11,12,20,1,21,17],[14,22,10,6,2,18,23,3,19,24,4,11,12,20,1,21,17],[2,22,18,14,10,6,23,3,19,24,4,11,12,20,17,1],[10,6,14,2,18,22,24,3,19,11,4,12,23,20,1,17],[14,18,2,22,10,6,3,23,19,4,24,11,12,20,17,1],[2,22,6,14,18,10,3,23,19,4,24,11,12,20,1,17],[14,6,2,22,18,10,23,3,19,24,4,11,12,20,1,21,17],[14,22,2,6,18,10,3,23,19,4,24,11,12,20,1,17],[2,14,10,22,18,6,4],[10,18,14,2,22,6,23,3,19,24,4,11,12,20,1,17],[14,6,10,2,22,18,23,3,19,4,24,11,12,20,17,1],[10,2,14,22,6,18,23,3,19,4,24,11,12,20,17,1],[10,18,22,14,6,2,23,3,19,24,4,11,12,20,17,1],[14,18,10,6,2,22,3,23,19,24,4,11,12,20,1,17],[18,2,22,14,6,10,3,23,19,4,24,11,12,20,1,17],[22,18,6,2,10,14,3,23,19,24,4,11,12,20,1,17],[2,18,14,6,22,10,23,3,19,4,24,11,12,1,21,20,17],[14,18,22,6,10,2,3,23,19,24,4,11,12,20,17,1],[2,22,6,10,14,18,4],[14,2,18,6,10,22,23,3,19,24,4,11,12,20,1,21,17],[14,2,6,22,10,18,23,3,19,4,24,11,12,20,17,1],[10,22,6,18,2,14,3,23,19,4,24,11,12,20,1,17],[6,18,14,22,10,2,23,3,19,24,4,11,12,20,17,1],[2,6,14,22,10,18,3,23,19,24,4,11,12,20,1,17],[18,10,6,2,14,22,3,23,19,24,4,11,12,20,1,17],[18,10,2,6,22,14,23,3,19,24,4,11,12,20,17,1],[18,22,2,10,6,14,23,3,19,4,24,11,12,20,17,1],[14,2,10,22,6,18,3,23,19,24,4,11,12,20,1,17],[10,14,22,2,6,18,3,23,19,4,24,11,12,20,17,1],[6,18,14,22,2,10,23,3,19,24,4,11,12,20,1,21,17],[18,10,22,14,6,2,23,3,19,24,4,11,12,20,1,21,17],[22,14,6,2,18,10,3,23,19,4,24,11,12,20,1,21,17],[10,22,6,14,18,2,23,3,19,24,4,11,12,20,17,1],[22,2,6,18,14,10,23,3,19,24,4,11,12,20,17,1],[6,2,10,14,18,22,3,23,19,4,24,11,12,20,17,1],[10,2,14,22,18,6,3,23,19,24,4,11,12,20,1,21,17],[6,22,2,18,14,10,23,3,19,24,4,11,12,20,1,21,17],[14,10,18,22,6,2,3,23,19,4,24,11,12,20,17,1],[6,18,2,14,22,10,23,3,19,24,4,11,12,20,1,17],[22,14,10,18,6,2,23,3,19,4,24,11,12,20,17,1],[6,22,2,10,18,14,23,3,19,4,24,11,12,20,1,17],[22,6,2,10,14,18,23,3,19,4,24,11,12,20,1,17],[14,10,18,2,22,6,23,3,19,24,4,11,12,20,1,17],[2,22,14,6,18,10,3,23,19,4,24,11,12,20,1,17],[14,6,22,10,2,18,3,23,19,24,4,11,12,20,17,1],[2,6,10,22,18,14,23,3,19,24,4,11,12,20,17,1],[6,2,14,10,22,18,23,3,19,4,24,11,12,21,20,1,17],[2,14,22,18,6,10,3,23,19,24,4,11,12,20,1,21,17],[22,2,14,18,10,6,4],[2,10,22,18,6,14,23,3,19,4,24,11,12,20,17,1],[10,22,14,2,18,6,3,23,19,24,4,11,12,20,1,17],[14,18,6,22,10,2,23,3,19,4,24,11,12,20,1,21,17],[10,14,22,2,6,18,4],[18,14,22,10,2,6,3,23,19,4,24,11,12,20,1,21,17],[2,22,18,10,6,14,23,3,19,4,24,11,12,20,1,21,17],[14,2,22,18,10,6,23,3,19,24,4,11,12,20,17,1],[6,22,14,18,10,2,3,23,19,4,24,11,12,20,1,17],[18,10,14,6,2,22,23,3,19,24,4,11,12,20,17,1],[14,22,2,18,10,6,3,23,19,4,24,11,12,20,1,21,17],[22,2,14,10,18,6,24,4],[22,10,6,14,2,18,3,23,19,4,24,11,12,20,17,1],[22,14,6,10,18,2,3,23,19,4,24,11,12,20,1,17],[10,6,18,22,2,14,3,23,19,4,24,11,12,20,1,17],[14,2,6,18,22,10,3,23,19,24,4,11,12,20,17,1],[14,10,6,18,2,22,3,23,19,24,4,11,12,20,17,1],[22,14,6,18,10,2,3,23,19,4,24,11,12,20,17,1],[2,14,10,22,6,18,3,23,19,4,24,11,12,20,17,1],[10,6,2,14,18,22,3,23,19,24,4,11,12,20,1,17],[18,6,10,22,2,14,3,23,19,4,24,11,12,20,17,1],[22,14,18,6,2,10,3,23,19,24,4,11,12,20,17,1],[10,18,2,14,6,22,23,3,19,4,24,11,12,20,17,1],[2,10,14,6,22,18,23,3,19,24,4,11,12,20,17,1],[18,14,22,6,10,2,3,23,19,4,24,11,12,20,17,1],[22,14,6,10,18,2,23,3,19,24,4,11,12,20,1,21,17],[6,10,22,14,2,18,23,3,19,4,24,11,12,20,1,21,17],[2,10,22,18,14,6,3,23,19,4,24,11,12,20,1,21,17],[6,18,10,22,14,2,4],[2,14,22,18,6,10,3,23,19,4,24,11,12,20,1,17],[10,6,22,18,14,2,23,3,19,24,4,11,12,20,1,17],[14,6,22,10,18,2,3,23,19,4,24,11,12,20,1,21,17],[10,22,2,6,14,18,3,23,19,24,4,11,12,20,1,21,17],[22,10,6,18,2,14,23,3,19,4,24,11,12,20,17,1],[18,6,2,14,10,22,23,3,19,24,4,11,12,20,1,21,17],[14,22,10,18,6,2,3,23,19,24,4,11,12,20,17,1],[10,6,2,14,18,22,23,3,19,24,4,11,12,20,1,21,17],[6,10,14,22,18,2,23,3,19,24,4,11,12,20,1,21,17],[18,14,2,10,6,22,23,3,19,4,24,11,12,20,17,1],[22,18,14,10,2,6,23,3,19,24,4,11,12,20,1,17],[14,10,22,18,2,6,23,3,19,4,24,11,12,20,17,1],[2,14,22,18,6,10,23,3,19,24,4,11,12,20,17,1],[18,2,22,14,6,10,3,23,19,4,24,11,12,20,1,21,17],[14,6,18,22,2,10,3,23,19,24,4,11,12,20,1,21,17],[14,18,6,22,10,2,23,3,19,4,24,11,12,20,17,1],[6,10,2,14,22,18,3,23,19,24,4,11,12,20,1,17],[18,10,22,6,14,2,23,3,19,4,24,11,12,20,1,21,17],[14,18,6,10,22,2,23,3,19,24,4,11,12,20,17,1],[22,10,6,2,18,14,23,3,19,4,24,11,12,20,1,21,17],[22,2,6,10,18,14,3,23,19,24,4,11,12,20,17,1],[6,10,22,2,18,14,23,3,19,4,24,11,12,20,17,1],[2,22,10,6,18,14,3,23,19,24,4,11,12,20,17,1],[2,18,6,14,22,10,23,3,19,24,4,11,12,20,17,1],[2,14,18,10,6,22,23,3,19,4,24,11,12,20,17,1],[6,22,2,10,18,14,3,23,19,4,24,11,12,20,1,21,17],[18,6,14,22,10,2,24,3,19,11,4,12,23,20,1,21,17],[18,14,10,6,2,22,4],[22,18,2,6,10,14,3,23,19,24,4,11,12,20,17,1],[10,18,6,22,2,14,23,3,19,4,24,11,12,20,1,17],[22,18,14,10,6,2,3,23,19,4,24,11,12,20,17,1],[18,2,14,10,22,6,23,3,19,4,24,11,12,20,17,1],[18,10,6,22,2,14,3,23,19,24,4,11,12,20,17,1],[6,22,10,18,14,2,3,23,19,4,24,11,12,20,1,21,17],[10,2,14,6,22,18,3,23,19,4,24,11,12,20,1,21,17],[18,22,10,14,2,6,23,3,19,24,4,11,12,20,17,1],[6,14,10,22,2,18,23,3,19,4,24,11,12,20,17,1],[2,14,6,22,18,10,23,3,19,4,24,11,12,20,1,21,17],[18,2,10,22,14,6,3,23,19,24,4,11,12,20,1,21,17],[18,14,2,22,6,10,24,3,19,11,4,12,23,20,1,21,17],[2,6,10,18,14,22,3,23,19,24,4,11,12,20,17,1],[2,10,22,14,6,18,3,23,19,24,4,11,12,20,1,21,17],[6,22,2,18,14,10,23,3,19,4,24,11,12,20,17,1],[10,18,22,6,14,2,23,3,19,24,4,11,12,20,17,1],[10,14,18,22,2,6,23,3,19,24,4,11,12,20,17,1],[22,6,18,14,2,10,3,23,19,4,24,11,12,20,17,1],[18,10,2,14,22,6,3,23,19,4,24,11,12,20,1,17],[10,22,18,14,6,2,3,23,19,4,24,11,12,20,17,1],[14,6,22,10,2,18,3,23,19,24,4,11,12,20,17,1],[10,18,6,22,2,14,3,23,19,24,4,11,12,20,17,1],[10,18,14,6,22,2,23,3,19,24,4,11,12,20,17,1],[22,6,2,18,14,10,3,23,19,24,4,11,12,20,1,17],[6,2,14,22,10,18,24,3,19,11,4,12,23,20,17,1],[18,14,2,6,22,10,4],[10,2,22,18,6,14,23,3,19,24,4,11,12,20,1,21,17],[10,6,2,22,18,14,23,3,19,4,24,11,12,20,17,1],[22,14,10,2,6,18,23,3,19,4,24,11,12,20,1,21,17],[14,6,22,2,10,18,23,3,19,4,24,11,12,20,1,17],[10,2,14,6,18,22,24,19,3,11,12,4,23,20,17,1],[18,6,10,14,22,2,3,23,19,4,24,11,12,20,17,1],[22,14,10,18,6,2,3,23,19,24,4,11,12,20,1,21,17],[10,22,14,2,18,6,3,23,19,24,4,11,12,20,1,21,17],[2,6,22,18,10,14,3,23,19,24,4,11,12,20,1,21,17],[14,18,2,10,6,22,23,3,19,24,4,11,12,20,1,21,17],[14,10,2,22,18,6,23,3,19,4,24,11,12,20,17,1],[10,2,14,22,6,18,23,3,19,24,4,11,12,20,1,21,17],[14,10,18,2,6,22,24,19,3,11,12,20,4,1,17],[6,14,22,10,2,18,3,23,19,4,24,11,12,20,17,1],[2,18,22,6,10,14,23,3,19,4,24,11,12,20,1,17],[6,14,2,18,10,22,23,3,19,4,24,11,12,20,1,21,17],[6,10,22,14,2,18,3,23,19,4,24,11,12,20,17,1],[14,22,18,10,2,6,3,23,19,4,24,11,12,20,1,17],[2,18,10,6,14,22,3,23,19,24,4,11,12,20,17,1],[22,14,18,6,2,10,3,23,19,4,24,11,12,20,1,21,17],[22,14,2,6,18,10,3,23,19,24,4,11,12,20,17,1],[6,18,22,10,14,2,3,23,19,24,4,11,12,20,17,1],[14,22,6,10,18,2,24,3,19,11,12,4,23,20,1,21,17],[14,10,18,22,6,2,3,23,19,4,24,11,12,20,1,21,17],[18,22,10,6,14,2,24,3,19,11,12,20,4,1,17],[10,18,6,14,2,22,3,23,19,4,24,11,12,20,1,17],[14,2,10,18,22,6,3,23,19,24,4,11,12,20,17,1],[6,22,10,14,2,18,24,20,3,19,4,1,11,12,17],[2,18,10,14,22,6,24,3,19,11,12,20,4,1,17],[22,10,14,6,18,2,3,23,19,24,4,11,12,20,1,21,17],[18,22,2,6,14,10,3,23,19,4,24,11,12,20,1,17],[10,6,22,18,14,2,24,19,3,4,11,12,23,20,1,17],[2,10,22,14,6,18,3,23,19,4,24,11,12,20,1,17],[6,10,18,22,2,14,23,3,19,4,24,11,12,20,17,1],[6,18,2,22,10,14,24,3,19,11,4,12,23,20,17,1],[10,6,18,2,22,14,3,23,19,4,24,11,12,20,1,17],[14,18,2,6,10,22,23,3,19,4,24,11,12,20,1,17],[22,2,18,6,10,14,4],[18,22,6,10,2,14,3,23,19,4,24,11,12,20,17,1],[2,14,6,22,10,18,24,19,4],[22,14,6,18,2,10,3,23,19,24,4,11,12,20,17,1],[18,14,2,6,22,10,23,3,19,4,24,11,12,20,1,21,17],[22,18,6,2,14,10,23,3,19,24,4,11,12,20,1,21,17],[10,14,2,6,18,22,23,3,19,4,24,11,12,21,20,1,17],[22,14,10,2,6,18,23,3,19,24,4,11,12,20,17,1],[14,10,18,2,6,22,23,3,19,24,4,11,12,20,17,1],[14,6,18,2,22,10,3,23,19,4,24,11,12,20,1,21,17],[10,22,6,2,14,18,3,23,19,4,24,11,12,20,1,21,17],[10,14,22,2,6,18,3,23,19,4,24,11,12,20,1,17],[14,2,22,18,10,6,23,3,19,24,4,11,12,20,17,1],[18,10,2,14,6,22,3,23,19,4,24,11,12,20,17,1],[2,18,6,14,22,10,23,3,19,24,4,11,12,20,1,21,17],[10,22,6,14,18,2,23,3,19,24,4,11,12,20,1,21,17],[22,18,10,14,6,2,3,23,19,24,4,11,12,20,17,1],[2,6,14,10,18,22,3,23,19,4,24,11,12,20,1,17],[2,6,14,10,22,18,23,3,19,4,24,11,12,20,1,17],[2,18,6,22,14,10,4],[22,10,6,2,14,18,24,3,19,11,12,4,20,1,17],[2,10,14,6,22,18,3,23,19,24,4,11,12,1,21,20,17],[18,22,10,2,6,14,23,3,19,24,4,11,12,20,1,21,17],[2,6,18,10,22,14,23,3,19,4,24,11,12,20,17,1],[22,2,14,18,6,10,3,23,19,4,24,11,12,20,1,17],[18,14,10,2,22,6,23,3,19,4,24,11,12,20,17,1],[6,2,10,14,18,22,23,3,19,4,24,11,12,20,1,17],[18,2,6,22,10,14,24,3,19,11,12,20,4,1,17],[6,10,2,18,14,22,23,3,19,4,24,11,12,20,1,21,17],[22,2,14,10,18,6,3,23,19,4,24,11,12,20,1,21,17],[22,14,10,18,6,2,3,23,19,24,4,11,12,1,21,20,17],[10,22,6,14,2,18,3,23,19,24,4,11,12,20,17,1],[18,14,6,2,10,22,3,23,19,4,24,11,12,20,17,1],[6,22,14,18,2,10,24,3,19,11,4,12,23,20,1,21,17],[2,18,10,14,6,22,3,23,19,4,24,11,12,20,1,17],[22,2,18,10,6,14,3,23,19,24,4,11,12,20,1,17],[2,18,6,14,22,10,23,3,19,4,24,11,12,20,17,1],[18,22,14,10,6,2,24,19,3,11,4,12,23,20,17,1],[10,18,22,14,2,6,23,3,19,4,24,11,12,20,1,17],[6,14,10,18,2,22,3,23,19,4,24,11,12,20,1,21,17],[2,6,22,14,18,10,23,3,19,4,24,11,12,20,17,1],[22,10,2,6,18,14,3,23,19,24,4,11,12,20,1,21,17],[22,2,14,10,6,18,3,23,19,4,24,11,12,20,17,1],[18,6,22,10,2,14,23,3,19,24,4,11,12,20,1,17],[2,22,14,18,10,6,3,23,19,4,24,11,12,20,1,21,17],[18,6,2,14,10,22,23,3,19,24,4,11,12,20,1,17],[18,14,22,2,10,6,3,23,19,24,4,11,12,20,1,21,17],[2,14,6,22,18,10,23,3,19,4,24,11,12,20,1,17],[10,14,22,6,2,18,3,23,19,24,4,11,12,20,1,17],[6,2,22,10,18,14,3,23,19,4,24,11,12,20,1,17],[14,2,6,22,10,18,24,4],[2,10,18,14,6,22,24,19,3,11,4,12,23,20,1,21,17],[6,2,10,14,22,18,3,23,19,24,4,11,12,20,1,17],[18,6,2,10,14,22,23,3,19,4,24,11,12,20,17,1],[10,18,22,6,14,2,3,23,19,4,24,11,12,20,1,17],[10,14,6,22,2,18,3,23,19,4,24,11,12,20,17,1],[14,22,10,2,6,18,23,3,19,4,24,11,12,20,17,1],[2,10,22,6,18,14,23,3,19,24,4,11,12,20,17,1],[18,6,22,14,10,2,23,3,19,24,4,11,12,20,1,21,17],[14,6,2,22,18,10,24,19,3,11,4,12,23,20,1,21,17],[6,14,22,2,10,18,3,23,19,4,24,11,12,20,1,17],[14,22,18,6,2,10,3,23,19,4,24,11,12,20,17,1],[10,14,2,22,6,18,24,4],[2,14,6,22,18,10,4],[2,10,18,22,6,14,23,3,19,4,24,11,12,20,17,1],[14,6,18,22,2,10,23,3,19,4,24,11,12,20,17,1],[22,2,10,14,7,6,18,3,23,19,24,4,11,12,8,5,1,20,17],[18,6,2,10,14,22,3,23,19,24,4,11,12,20,17,1],[18,2,6,10,22,14,3,23,19,4,24,11,12,20,1,17],[14,2,6,22,10,18,3,23,19,24,4,11,12,20,17,1],[22,6,18,14,10,2,3,23,19,4,24,11,12,20,1,21,17],[6,2,10,14,22,18,23,3,19,4,24,11,12,20,17,1],[14,2,10,6,18,22,23,3,19,4,24,11,12,20,1,21,17],[14,2,18,6,10,22,23,3,19,24,4,11,12,20,1,21,17],[22,18,10,14,6,2,3,23,19,24,4,11,12,20,1,21,17],[14,10,2,22,18,6,23,3,19,24,4,11,12,20,17,1],[2,10,22,6,14,18,23,3,19,4,24,11,12,20,1,21,17],[14,18,2,6,22,10,3,23,19,4,24,11,12,20,1,17],[6,10,14,18,22,2,3,23,19,24,4,11,12,20,17,1],[18,14,22,10,6,2,4],[22,6,18,2,14,10,23,3,19,24,4,11,12,20,1,17],[14,10,22,2,18,6,23,3,19,24,4,11,12,20,1,17],[2,22,6,18,10,14,3,23,19,24,4,11,12,20,17,1],[22,2,6,10,18,14,24,3,19,4,11,12,23,20,17,1],[2,22,18,6,14,10,3,23,19,4,24,11,12,20,1,21,17],[10,2,14,18,22,6,24,3,19,11,12,20,4,17,1],[18,2,14,10,6,22,23,3,19,4,24,11,12,20,1,17],[18,6,2,22,14,10,3,23,19,24,4,11,12,20,1,17],[22,6,10,2,18,14,3,23,19,4,24,11,12,20,17,1],[14,6,10,2,22,18,3,23,19,4,24,11,12,20,17,1],[10,18,2,22,6,14,3,23,19,24,4,11,12,20,17,1],[6,10,2,22,18,14,23,3,19,4,24,11,12,20,1,21,17],[22,6,10,14,18,2,23,3,19,24,4,11,12,20,17,1],[10,6,18,14,22,2,3,23,19,24,4,11,12,20,1,21,17],[22,14,6,10,2,18,23,3,19,4,24,11,12,20,1,17],[22,18,14,10,6,2,23,3,19,4,24,11,12,20,17,1],[14,22,18,10,2,6,23,3,19,4,24,11,12,20,17,1],[6,18,10,2,22,14,23,3,19,4,24,11,12,20,1,21,17],[2,14,18,6,10,22,23,3,19,4,24,11,12,20,1,21,17],[22,6,18,10,14,2,23,3,19,24,4,11,12,20,17,1],[22,14,18,6,10,2,3,23,19,24,4,11,12,20,17,1],[14,18,22,2,10,6,3,23,19,24,4,11,12,20,1,17],[14,10,18,2,6,22,23,3,19,4,24,11,12,20,17,1],[14,22,6,10,2,18,3,23,19,24,4,11,12,20,17,1],[22,18,10,6,2,14,3,23,19,24,4,11,12,20,17,1],[10,22,6,2,14,18,3,23,19,4,24,11,12,20,1,21,17],[6,14,2,18,10,22,24,3,19,11,12,4,23,20,17,1],[10,2,14,18,22,6,23,3,19,4,24,11,12,20,17,1],[6,22,18,2,10,14,23,3,19,4,24,11,12,20,1,17],[22,18,6,10,14,2,23,3,19,4,24,11,12,20,17,1],[22,2,14,10,18,6,23,3,19,24,4,11,12,20,1,21,17],[6,2,18,10,14,22,4],[22,14,10,18,6,2,24,19,3,11,12,20,4,1,17],[22,2,14,18,10,6,3,23,19,4,24,11,12,20,17,1],[14,22,2,6,18,10,3,23,19,4,24,11,12,20,17,1],[18,6,2,14,22,10,23,3,19,4,24,11,12,20,17,1],[14,10,2,18,6,22,23,3,19,4,24,11,12,20,1,21,17],[14,10,2,22,18,6,23,3,19,24,4,11,12,20,1,21,17],[10,14,18,6,2,22,23,3,19,4,24,11,12,20,17,1],[10,6,14,2,22,18,3,23,19,4,24,11,12,20,1,21,17],[6,14,18,22,2,10,3,23,19,4,24,12,20,17,1],[2,22,10,14,6,18,3,23,19,4,24,11,12,20,17,1],[18,2,6,14,10,22,3,23,19,24,4,11,12,20,17,1],[2,18,14,6,10,22,3,23,19,24,4,11,12,20,1,17],[6,22,18,10,2,14,3,23,19,24,4,11,12,20,17,1],[22,6,14,18,10,2,3,23,19,24,4,11,12,20,17,1],[14,2,18,10,6,22,4],[22,2,18,6,14,10,3,23,19,4,24,11,12,20,17,1],[6,10,18,22,14,2,3,23,19,24,4,11,12,20,17,1],[22,6,14,10,2,18,3,23,19,4,24,11,12,20,17,1],[14,10,2,22,6,18,3,23,19,4,24,11,12,20,17,1],[22,18,2,14,6,10,23,3,19,4,24,11,12,20,1,21,17],[2,18,14,10,22,6,23,3,19,24,4,11,12,20,17,1],[6,22,14,10,2,18,23,3,19,24,4,11,12,20,1,21,17],[18,2,6,10,14,22,3,23,19,24,4,11,12,20,17,1],[6,2,14,18,10,22,23,3,19,24,4,11,12,20,17,1],[18,22,6,14,2,10,24,3,19,11,4,12,23,20,1,21,17],[10,14,22,6,2,18,23,3,19,4,24,11,12,20,1,21,17],[14,18,10,22,6,2,3,23,19,4,24,11,12,20,17,1],[22,14,6,10,18,2,23,3,19,4,24,11,12,20,17,1],[2,18,10,14,22,6,23,3,19,4,24,11,12,20,1,17],[2,10,18,6,22,14,3,23,19,4,24,11,12,20,17,1],[2,18,14,10,22,6,23,3,19,24,4,11,12,20,1,21,17],[6,22,2,14,10,18,3,23,19,4,24,11,12,20,1,17],[14,18,2,6,10,22,23,3,19,4,24,11,12,20,1,17],[6,10,22,14,18,2,3,23,19,4,24,11,12,20,1,21,17],[6,2,18,10,14,22,23,3,19,24,4,11,12,20,17,1],[22,14,6,10,18,2,23,3,19,4,24,11,12,20,1,17],[22,14,10,6,2,18,23,3,19,24,4,11,12,20,1,21,17],[2,10,14,22,6,18,23,3,19,24,4,11,12,20,1,17],[6,10,22,14,18,2,24,19,3,20,4,1,17,12],[10,2,14,6,22,18,3,23,19,24,4,11,12,20,1,17],[22,10,14,18,2,6,23,3,19,4,24,11,12,20,1,17],[14,6,22,10,2,18,24,3,19,11,12,20,4,17,1],[14,2,22,6,10,18,3,23,19,4,24,11,12,20,1,21,17],[22,18,14,10,2,6,3,23,19,4,24,11,12,20,17,1],[6,22,2,10,14,18,3,23,19,24,4,11,12,20,1,17],[6,18,22,10,2,14,23,3,19,24,4,11,12,20,17,1],[18,6,22,2,10,14,23,3,19,24,4,11,12,20,1,21,17],[18,10,6,22,2,14,23,3,19,4,24,11,12,20,17,1],[22,6,18,2,10,14,23,3,19,24,4,11,12,20,17,1],[2,18,14,22,6,10,23,3,19,4,24,11,12,20,1,21,17],[6,22,10,18,14,2,3,23,19,4,24,11,12,20,17,1],[6,22,14,10,18,2,3,23,19,24,4,11,12,20,1,21,17],[10,18,6,22,14,2,23,3,19,4,24,11,12,20,1,21,17],[14,10,2,6,18,22,24,3,19,11,4,12,23,20,17,1],[6,18,14,10,22,2,3,23,19,4,24,11,12,20,1,21,17],[6,10,14,2,22,18,1,23,3,19,11,12,20,24,21,7,8,5,17],[18,14,2,6,22,10,4],[6,2,10,22,18,14,3,23,19,4,24,11,12,20,17,1],[14,10,22,6,18,2,23,3,19,4,24,11,12,20,1,17],[14,22,6,2,18,10,23,3,19,24,4,11,12,20,17,1],[18,6,10,2,14,22,23,3,19,24,4,11,12,20,1,17],[2,18,22,14,10,6,23,3,19,24,4,11,12,20,17,1],[14,6,2,18,10,22,23,3,19,4,24,11,12,20,17,1],[10,22,2,14,6,18,3,23,19,4,24,11,12,20,1,17],[10,14,22,18,2,6,3,23,19,4,24,11,12,20,17,1],[14,6,2,18,10,22,23,3,19,24,4,11,12,20,17,1],[10,22,2,18,6,14,3,23,19,24,4,11,12,20,1,17],[10,14,22,18,2,6,3,23,19,4,24,11,12,20,1,21,17],[14,10,22,18,6,2,23,3,19,24,4,11,12,20,1,17],[10,22,14,6,18,2,23,3,19,4,24,11,12,20,1,17],[22,2,18,10,14,6,3,23,19,4,24,11,12,20,17,1],[10,6,22,18,2,14,23,3,19,24,4,11,12,20,1,21,17],[18,2,14,6,22,10,3,23,19,24,4,11,12,20,1,21,17],[22,14,2,18,6,10,3,23,19,24,4,11,12,20,17,1],[2,18,14,22,10,6,23,3,19,4,24,11,12,20,1,21,17],[10,22,2,14,6,18,24,19,3,11,12,20,4,1,17],[10,2,14,18,22,6,23,3,19,24,4,11,12,20,17,1],[10,14,22,6,2,18,3,23,19,24,4,11,12,20,1,17],[6,18,14,2,10,22,3,23,19,4,24,11,12,20,17,1],[6,22,10,14,18,2,23,3,19,24,4,11,12,20,1,21,17],[22,14,18,6,2,10,3,23,19,4,24,11,12,20,17,1],[22,18,14,2,10,6,23,3,19,24,4,11,12,20,17,1],[14,10,6,2,18,22,23,3,19,24,4,11,12,20,1,21,17],[2,22,6,10,18,14,3,23,19,4,24,11,12,20,1,17],[10,2,22,14,6,18,23,3,19,24,4,11,12,20,17,1],[10,2,14,22,18,6,23,3,19,24,4,11,12,20,17,1],[22,6,14,18,2,10,23,3,19,4,24,11,12,20,1,21,17],[2,6,10,22,18,14,24,19,3,11,12,20,4,17,1],[10,14,2,6,22,18,23,3,19,24,4,11,12,20,17,1],[2,18,6,14,10,22,3,23,19,4,24,11,12,20,1,17],[22,14,10,6,18,2,23,3,19,4,24,11,12,20,17,1],[10,6,22,18,14,2,23,3,19,24,4,11,12,20,17,1],[14,6,10,18,22,2,23,3,19,4,24,11,12,20,1,17],[2,18,14,22,6,10,23,3,19,24,4,11,12,20,1,17],[22,2,14,18,10,6,3,23,19,4,24,11,12,20,1,17],[2,6,10,22,14,18,3,23,19,24,4,11,12,20,17,1],[6,10,18,22,2,14,23,3,19,4,24,11,12,20,1,17],[6,10,22,14,2,18,23,3,19,24,4,11,12,20,1,17],[10,22,2,18,14,6,23,3,19,24,4,11,12,20,1,21,17],[22,10,6,18,2,14,3,23,19,4,24,11,12,20,1,21,17],[14,6,10,2,22,18,23,3,19,24,4,11,12,20,17,1],[14,10,18,2,22,6,3,23,19,24,4,11,12,20,17,1],[14,18,6,22,2,10,3,23,19,24,4,11,12,20,17,1],[14,18,2,10,22,6,23,3,19,24,4,11,12,20,1,21,17],[18,6,10,2,22,14,3,23,19,4,24,11,12,20,17,1],[14,18,22,6,10,2,3,23,19,4,24,11,12,20,17,1],[18,2,6,14,10,22,23,3,19,24,4,11,12,20,17,1],[6,14,22,18,10,2,3,23,19,24,4,11,12,20,1,21,17],[2,14,22,18,10,6,23,3,19,24,4,11,12,20,17,1],[10,22,6,18,14,2,3,23,19,4,24,11,12,20,17,1],[2,22,18,6,10,14,3,23,19,24,4,11,12,20,1,17],[14,10,2,18,6,22,23,3,19,24,4,11,12,20,17,1],[22,10,18,6,14,2,23,3,19,24,4,11,12,20,1,21,17],[6,2,10,22,18,14,24,3,19,11,12,20,4,1,17],[2,10,22,14,6,18,23,3,19,24,4,11,12,20,17,1],[18,22,2,14,6,10,23,3,19,4,24,11,12,20,17,1],[6,10,18,22,14,2,3,23,19,4,24,11,12,20,17,1],[14,10,6,2,22,18,23,3,19,24,4,11,12,20,1,17],[10,14,22,2,18,6,4],[2,14,22,10,18,6,3,23,19,24,4,11,12,20,17,1],[2,14,6,22,10,18,23,3,19,24,4,11,12,20,1,17],[22,14,2,18,10,6,3,23,19,4,24,11,12,20,17,1],[2,18,6,14,10,22,3,23,19,24,4,11,12,20,1,21,17],[10,2,22,14,18,6,23,3,19,24,4,11,12,20,1,17],[22,6,10,18,2,14,23,3,19,24,4,11,12,20,1,17],[2,14,10,18,22,6,23,3,19,4,24,11,12,20,17,1],[14,18,22,2,10,6,23,3,19,24,4,11,12,20,1,17],[6,18,14,22,2,10,23,3,19,4,24,11,12,20,1,17],[10,14,2,6,22,18,4],[22,6,14,18,2,10,3,23,19,24,4,11,12,20,1,21,17],[14,22,2,18,6,10,24,19,4],[14,22,6,2,18,10,4],[14,10,2,6,22,18,3,23,19,24,4,11,12,20,1,21,17],[18,22,14,10,2,6,23,3,19,4,24,11,12,20,1,17],[14,10,18,22,6,2,23,3,19,4,24,11,12,20,17,1],[10,18,6,14,2,22,23,3,19,4,24,11,12,20,1,21,17],[2,18,22,10,6,14,3,23,19,24,4,11,12,20,17,1],[14,22,2,6,10,18,3,23,19,4,24,11,12,20,1,17],[2,10,22,6,14,18,4],[6,18,14,2,22,10,3,23,19,4,24,11,12,20,17,1],[22,6,2,14,10,18,3,23,19,24,4,11,12,20,17,1],[10,6,22,14,2,18,23,3,19,4,24,11,12,20,1,21,17],[10,14,2,18,22,6,23,3,19,4,24,11,12,21,20,17,1],[22,2,18,6,14,10,3,23,19,4,24,11,12,20,17,1],[10,2,6,22,18,14,3,23,19,4,24,11,12,20,17,1],[2,6,14,22,18,10,3,23,19,4,24,11,12,20,17,1],[2,22,6,18,14,10,23,3,19,4,24,11,12,20,1,17],[2,22,14,18,6,10,3,23,19,4,24,11,12,20,17,1],[10,22,18,2,14,6,4],[6,14,22,18,2,10,3,23,19,24,4,11,12,20,17,1],[6,2,14,10,18,22,23,3,19,24,4,11,12,20,17,1],[6,22,2,14,10,18,3,23,19,24,4,11,12,20,17,1],[6,14,18,22,10,2,23,3,19,24,4,11,12,20,1,17],[18,10,2,6,22,14,23,3,19,24,4,11,12,20,17,1],[10,6,2,14,18,22,3,23,19,24,4,11,12,20,1,21,17],[14,10,22,6,2,18,3,23,19,4,24,11,12,20,1,21,17],[6,14,2,20,18,3,10,22,23,19,24,4,1,17,11,12],[22,14,2,10,18,6,3,23,19,24,4,11,12,20,1,21,17],[18,2,14,22,10,6,23,3,19,24,4,11,12,20,1,17],[22,18,14,6,10,2,24,3,19,11,4,12,23,20,17,1],[10,14,18,6,22,2,3,23,19,24,4,11,12,20,1,21,17],[6,10,14,22,2,18,3,23,19,24,4,11,12,20,1,21,17],[22,14,18,6,2,10,3,23,19,24,4,11,12,20,1,21,17],[6,2,14,22,18,10,3,23,19,4,24,11,12,20,1,21,17],[10,2,6,18,22,14,23,3,19,24,4,11,12,20,17,1],[10,22,6,18,14,2,3,23,19,4,24,11,12,20,1,17],[18,22,14,2,6,10,3,23,19,24,4,11,12,20,1,17],[22,2,10,14,18,6,3,23,19,4,24,11,12,20,17,1],[2,18,6,10,22,14,3,23,19,24,4,11,12,20,1,21,17],[22,18,14,10,6,2,3,23,19,4,24,11,12,20,17,1],[2,22,18,10,6,14,23,3,19,24,4,11,12,20,1,17],[6,22,18,2,10,14,3,23,19,24,4,11,12,20,1,17],[10,2,6,18,22,14,3,23,19,24,4,11,12,20,1,17],[6,10,2,14,18,22,4],[18,6,2,14,22,10,3,23,19,24,4,11,12,20,1,17],[6,2,14,18,10,22,23,3,19,24,4,11,12,20,1,21,17],[6,18,10,2,14,22,3,23,19,24,4,11,12,20,1,21,17],[14,6,18,2,22,10,23,3,19,24,4,11,12,1,21,20,17],[18,6,22,10,2,14,23,3,19,4,24,11,12,20,17,1],[18,2,10,14,6,22,23,3,19,24,4,11,12,20,17,1],[2,10,6,18,14,22,24,3,19,11,4,12,23,20,1,17],[14,22,10,6,2,18,23,3,19,4,24,11,12,20,1,17],[10,14,2,18,6,22,3,23,19,4,24,11,12,20,1,21,17],[6,10,22,2,18,14,3,23,19,4,24,11,12,20,1,21,17],[10,2,18,6,14,22,23,3,19,24,4,11,12,20,1,17],[2,14,22,10,18,6,4],[10,14,2,18,6,22,4],[14,22,6,18,10,2,3,23,19,4,24,11,12,20,17,1],[2,10,22,14,6,18,23,3,19,24,4,11,12,20,17,1],[14,10,18,2,6,22,3,23,19,24,4,11,12,20,17,1],[18,2,10,14,22,6,23,3,19,4,24,11,12,20,1,21,17],[22,6,18,14,2,10,3,23,19,4,24,11,12,20,17,1],[22,18,2,6,10,14,23,3,19,24,4,11,12,20,17,1],[2,18,6,10,22,14,3,23,19,24,4,11,12,20,17,1],[6,22,2,10,14,18,4],[22,2,14,18,10,6,23,3,19,24,4,12,20,17,1],[14,18,6,22,10,2,23,3,19,24,4,11,12,20,1,21,17],[14,6,22,10,2,18,3,23,19,24,4,11,12,20,17,1],[2,6,22,18,14,10,23,3,19,24,4,11,12,20,1,21,17],[10,2,22,18,6,14,23,3,19,24,4,11,12,20,1,21,17],[10,6,18,22,14,2,23,3,19,4,24,11,12,20,1,21,17],[14,10,2,22,6,18,23,3,19,24,4,11,12,20,1,21,17],[22,18,2,10,6,14,3,23,19,24,4,11,12,20,1,21,17],[22,2,18,14,10,7,6,23,3,19,4,24,11,12,8,5,1,20,17],[14,18,10,6,22,2,3,23,19,24,4,11,12,20,1,17],[10,2,22,18,14,6,3,23,19,4,24,11,12,20,17,1],[10,6,14,22,18,2,3,23,19,24,4,11,12,20,17,1],[10,6,2,14,22,18,23,3,19,4,24,11,12,20,17,1],[10,22,18,14,6,2,23,3,19,24,4,11,12,20,1,21,17],[22,14,6,10,18,2,23,3,19,24,4,11,12,20,1,17],[6,14,22,18,2,10,23,3,19,24,4,11,12,20,1,17],[10,6,22,18,14,2,23,3,19,24,4,11,12,20,17,1],[18,10,6,2,14,22,4],[14,2,18,10,6,22,3,23,19,24,4,11,12,20,1,17],[2,22,14,10,18,6,3,23,19,24,4,11,12,20,1,17],[18,2,6,14,10,22,23,3,19,24,4,11,12,20,17,1],[14,6,22,18,10,2,23,3,19,4,24,11,12,20,17,1],[22,14,18,10,6,2,24,4],[10,18,14,22,6,2,24,3,19,11,4,12,23,20,17,1],[6,22,14,2,18,10,23,3,19,24,4,11,12,20,1,17],[10,2,18,6,14,22,3,23,19,4,24,11,12,20,17,1],[2,18,6,14,10,22,3,23,19,24,4,11,12,20,1,17],[6,22,18,14,10,2,23,3,19,4,24,11,12,20,1,17],[22,10,6,2,14,18,4],[18,6,2,22,14,10,23,3,19,24,4,11,12,20,17,1],[2,18,22,6,10,14,3,23,19,4,24,11,12,20,1,17],[18,6,2,14,10,22,23,3,19,4,24,11,12,20,17,1],[10,6,18,22,14,2,4],[2,10,18,22,6,14,23,3,19,24,4,11,12,20,1,17],[2,10,6,18,22,14,23,3,19,4,24,11,12,20,1,17],[2,10,18,6,22,14,3,23,19,24,4,11,12,20,1,17],[10,18,2,22,6,14,3,23,19,24,4,11,12,20,1,21,17],[18,2,6,22,14,10,23,3,19,24,4,11,12,20,1,21,17],[6,22,2,14,10,18,3,23,19,24,4,11,12,20,17,1],[14,2,22,10,6,18,23,3,19,4,24,11,12,20,17,1],[10,2,18,6,22,14,23,3,19,4,24,11,12,20,17,1],[2,22,6,14,10,18,3,23,19,24,4,11,12,20,17,1],[14,18,22,2,10,6,3,23,19,24,4,11,12,20,17,1],[10,22,18,14,2,6,4],[18,22,14,6,10,2,3,23,19,4,24,11,12,20,1,17],[22,10,14,2,18,6,3,23,19,24,4,11,12,20,1,17],[14,6,22,2,10,18,23,3,19,4,24,11,12,20,1,21,17],[14,2,18,6,10,22,3,23,19,4,24,11,12,20,17,1],[14,22,10,6,2,18,3,23,19,4,24,11,12,21,20,17,1],[22,2,6,18,10,14,3,23,19,24,4,11,12,20,17,1],[6,14,2,18,22,10,3,23,19,24,4,11,12,20,17,1],[18,6,10,22,2,14,3,23,19,24,4,11,12,20,17,1],[2,22,6,18,10,14,23,3,19,24,4,11,12,20,17,1],[14,6,2,18,10,22,3,23,19,4,24,11,12,20,17,1],[18,14,10,6,2,22,23,3,19,4,24,11,12,20,1,17],[22,10,2,18,14,6,24,3,19,11,4,12,23,20,1,21,17],[18,6,14,2,10,22,23,3,19,4,24,11,12,20,1,17],[2,22,18,14,10,6,23,3,19,24,4,11,12,20,17,1],[18,2,14,6,10,22,23,3,19,24,4,11,12,20,1,21,17],[6,18,2,14,10,22,3,23,19,24,4,11,12,20,1,21,17],[10,14,22,6,2,18,23,3,19,24,4,11,12,20,17,1],[18,22,10,6,14,2,3,23,19,24,4,11,12,20,1,21,17],[18,6,2,14,22,10,3,23,19,4,24,11,12,20,17,1],[18,6,14,10,2,22,23,3,19,4,24,11,12,20,1,17],[10,2,14,18,6,22,24,3,19,11,4,12,23,20,17,1],[18,2,22,10,14,6,3,23,19,4,24,11,12,20,17,1],[18,22,2,14,10,6,23,3,19,24,4,11,12,20,1,17],[10,22,18,2,6,14,24,19,3,11,12,4,23,20,17,1],[22,14,6,18,2,10,23,3,19,24,4,11,12,20,1,21,17],[14,6,2,18,22,10,3,23,19,24,4,11,12,20,1,21,17],[18,2,6,14,22,10,23,3,19,24,4,11,12,20,17,1],[14,18,2,10,22,6,23,3,19,24,4,11,12,20,17,1],[10,18,2,6,14,22,3,23,19,4,24,11,12,20,1,17],[6,10,14,22,18,2,23,3,19,4,24,11,12,20,1,17],[18,6,22,10,14,2,3,23,19,24,4,11,12,20,17,1],[14,22,18,6,10,2,3,23,19,4,24,11,12,20,17,1],[22,2,10,6,18,14,3,23,19,24,4,11,12,20,17,1],[2,18,22,14,10,6,23,3,19,24,4,11,12,20,17,1],[2,18,6,10,14,22,3,23,19,24,4,11,12,20,1,17],[18,14,2,10,6,22,3,23,19,4,24,11,12,20,1,21,17],[6,10,14,18,2,22,23,3,19,4,24,11,12,20,1,17],[6,22,14,18,10,2,4],[22,10,6,2,14,18,23,3,19,24,4,11,12,20,1,17],[18,6,2,14,10,22,23,3,19,4,24,11,12,20,1,17],[2,22,14,18,10,6,23,3,19,24,4,11,12,20,1,17],[14,18,10,6,22,2,23,3,19,4,24,11,12,20,17,1],[10,6,2,14,22,18,3,23,19,4,24,11,12,20,17,1],[6,18,14,22,2,10,23,3,19,24,4,11,12,20,17,1],[6,14,22,10,18,2,23,3,19,24,4,11,12,20,17,1],[6,18,10,14,22,2,23,3,19,24,4,11,12,20,17,1],[18,14,10,22,2,6,23,3,19,24,4,11,12,20,17,1],[10,18,22,14,6,2,23,3,19,24,4,11,12,20,1,17],[10,18,6,2,14,22,3,23,19,24,4,11,12,20,1,21,17],[2,6,22,14,10,18,23,3,19,4,24,11,12,20,1,21,17],[2,14,6,22,18,10,23,3,19,24,4,11,12,20,17,1],[22,18,2,14,6,10,23,4],[10,18,2,6,14,22,23,3,19,4,24,11,12,20,17,1],[10,6,22,18,2,14,3,23,19,24,4,11,12,20,17,1],[6,10,18,22,14,2,3,23,19,4,24,11,12,20,1,21,17],[2,14,22,18,10,6,3,23,19,24,4,11,12,20,1,17],[10,18,14,6,2,22,3,23,19,24,4,11,12,20,1,17],[18,2,22,10,6,14,23,3,19,24,4,11,12,20,17,1],[18,6,22,14,10,2,3,23,19,24,4,11,12,20,1,21,17],[22,14,6,10,18,2,21,4],[18,10,14,2,6,22,3,23,19,24,4,11,12,20,17,1],[6,2,14,22,18,10,23,3,19,24,4,11,12,20,1,21,17],[14,18,6,10,22,2,23,3,19,24,4,11,12,20,17,1],[22,2,6,14,10,18,23,3,19,4,24,11,12,20,17,1],[22,2,6,14,10,18,23,3,19,4,24,11,12,20,1,21,17],[6,2,14,18,22,10,3,23,19,4,24,11,12,20,1,21,17],[6,10,18,2,22,14,3,23,19,24,4,11,12,20,17,1],[22,14,10,18,2,6,4],[10,2,6,14,22,18,23,3,19,24,4,11,12,20,1,21,17],[14,2,10,22,6,18,3,23,19,24,4,11,12,20,17,1],[2,18,14,22,6,10,3,23,19,4,24,11,12,20,17,1],[10,22,14,6,2,18,23,3,19,24,4,11,12,20,1,17],[14,18,2,22,10,6,3,23,19,4,24,11,12,20,1,21,17],[22,6,10,14,18,2,23,3,19,24,4,11,12,20,1,21,17],[14,6,2,18,10,22,23,3,19,4,24,11,12,20,17,1],[14,2,10,22,6,18,3,23,19,4,24,11,12,20,1,21,17],[22,2,18,14,6,10,24,3,19,11,12,20,4,17,1],[14,10,22,6,2,18,23,3,19,24,4,11,12,20,17,1],[10,22,2,18,14,6,3,23,19,4,24,11,12,20,1,21,17],[10,2,6,22,18,14,3,23,19,4,24,11,12,20,17,1],[18,2,6,10,22,14,23,3,19,4,24,11,12,20,1,21,17],[6,18,2,22,10,14,3,23,19,24,4,11,12,20,17,1],[6,10,2,18,14,22,3,23,19,4,24,11,12,20,17,1],[14,2,18,6,22,10,23,3,19,24,4,11,12,20,1,17],[18,2,14,22,10,6,3,23,19,4,24,11,12,20,17,1],[6,14,10,22,18,2,23,3,19,24,4,11,12,20,17,1],[14,18,22,2,10,6,23,3,19,24,4,11,12,20,17,1],[14,6,22,2,18,10,3,23,19,4,24,11,12,20,1,17],[22,14,6,2,18,10,3,23,19,24,4,11,12,20,1,17],[14,18,22,2,10,6,23,3,19,4,24,11,12,20,1,21,17],[18,14,22,6,10,2,23,3,19,4,24,11,12,20,1,21,17],[18,10,22,14,6,2,3,23,19,4,24,11,12,20,1,21,17],[14,10,2,6,22,18,3,23,19,4,24,11,12,20,17,1],[14,10,22,18,2,6,3,23,19,4,24,11,12,20,17,1],[6,2,14,10,22,18,23,3,19,4,24,11,12,20,1,17],[6,18,10,2,22,14,23,3,19,4,24,11,12,20,1,21,17],[6,10,22,14,18,2,3,23,19,24,4,11,12,20,1,17],[2,22,18,10,14,6,23,3,19,24,4,11,12,20,1,17],[14,2,6,10,22,18,23,3,19,24,4,11,12,20,17,1],[14,2,18,10,6,22,3,23,19,24,4,11,12,20,1,17],[22,6,14,2,18,10,24,3,19,11,12,4,23,20,1,21,17],[22,14,6,2,10,18,3,23,19,24,4,11,12,20,1,17],[10,6,22,2,18,14,23,3,19,4,24,11,12,20,1,17],[2,10,22,18,6,14,3,23,19,24,4,11,12,20,1,17],[6,18,14,10,22,2,3,23,19,24,4,11,12,20,1,17],[10,6,2,18,14,22,3,23,19,24,4,11,12,20,17,1],[22,6,2,14,10,18,24,1,19,3,11,20,12,23,21,7,8,5,17],[6,2,18,14,10,22,23,3,19,4,24,11,12,20,17,1],[14,18,6,2,10,22,3,23,19,4,24,11,12,20,1,17],[14,6,10,18,2,22,3,23,19,24,4,11,12,20,1,21,17],[22,18,14,10,2,6,23,3,19,4,24,11,12,20,17,1],[18,14,10,6,22,2,3,23,19,24,4,11,12,20,17,1],[6,10,18,22,14,2,23,3,19,4,24,11,12,20,1,17],[18,14,6,10,22,2,3,23,19,24,4,11,12,20,1,17],[2,18,22,10,6,14,24,3,19,11,12,20,4,1,17],[2,18,14,10,22,6,3,23,19,24,4,11,12,20,1,21,17],[10,6,22,18,2,14,3,23,19,4,24,11,12,20,17,1],[6,14,2,18,10,22,23,3,19,4,24,11,12,20,1,17],[22,6,18,2,10,14,23,3,19,4,24,11,12,20,17,1],[2,6,14,10,22,18,3,23,19,24,4,11,12,20,17,1],[10,2,18,22,6,14,24,4],[14,10,18,6,2,22,3,23,19,4,24,11,12,20,17,1],[2,22,14,10,6,18,4],[14,2,18,6,22,10,3,23,19,4,24,11,12,20,1,17],[6,10,22,18,14,2,23,3,19,24,4,11,12,20,17,1],[22,10,18,6,2,14,23,3,19,24,4,11,12,20,1,21,17],[6,22,2,14,10,18,3,23,19,24,4,11,12,20,17,1],[22,18,2,14,6,10,4],[18,6,10,2,14,22,23,3,19,4,24,11,12,20,17,1],[14,10,18,22,2,6,4],[22,2,18,10,14,6,3,23,19,24,4,11,12,20,1,17],[14,18,22,10,2,6,24,19,4],[6,10,18,14,2,23,22,3,19,4,24,11,12,20,17,1],[6,22,14,18,2,10,23,3,19,24,4,11,12,20,17,1],[14,10,22,18,2,6,4],[22,14,18,6,2,10,3,23,19,24,4,11,12,20,17,1],[14,18,10,6,22,2,23,3,19,4,24,11,12,20,1,17],[10,22,6,14,2,18,4],[2,14,18,22,6,10,23,3,19,24,4,11,12,20,17,1],[14,18,6,10,2,22,4],[2,18,14,22,6,10,4],[6,14,10,22,18,2,3,23,19,24,4,11,12,20,17,1],[2,14,22,6,18,10,23,3,19,4,24,11,12,20,1,21,17],[6,22,10,18,2,14,23,3,19,4,24,11,12,20,1,17],[18,14,2,6,22,10,3,23,19,24,4,11,12,20,17,1],[6,22,10,18,2,14,24,19,4],[2,22,6,14,18,10,23,3,19,24,4,11,12,20,17,1],[2,14,6,10,18,22,3,23,19,24,4,11,12,20,17,1],[10,6,14,22,2,18,23,3,19,24,4,11,12,20,17,1],[18,6,10,22,14,2,23,3,19,4,24,11,12,20,17,1],[14,18,6,22,2,10,4],[18,22,2,10,6,14,3,23,19,4,24,11,12,20,17,1],[10,14,2,22,6,18,23,4],[14,22,18,6,2,10,23,3,19,24,4,11,12,20,1,17],[22,14,2,18,10,6,23,3,19,4,24,11,12,20,1,21,17],[2,14,18,22,10,6,23,3,19,4,24,11,12,20,1,21,17],[10,6,2,22,14,18,23,3,19,24,4,11,12,20,1,21,17],[14,6,22,10,2,18,23,3,19,24,4,12,20,17,1],[14,10,6,18,2,22,23,3,19,24,4,11,12,20,17,1],[18,10,22,6,14,2,3,23,19,24,4,11,12,20,17,1],[2,14,22,18,10,6,23,3,19,24,4,11,12,20,17,1],[22,2,10,6,18,14,3,23,19,4,24,11,12,20,1,17],[14,10,22,6,18,2,23,3,19,24,4,11,12,20,17,1],[14,2,6,10,22,18,23,3,19,24,4,11,12,20,17,1],[18,22,2,6,14,10,23,3,19,4,24,11,12,20,1,21,17],[10,22,6,14,2,18,3,23,19,24,4,11,12,20,17,1],[10,6,22,2,14,18,4],[14,18,2,6,22,10,3,23,19,4,24,11,12,20,1,17],[22,6,2,10,14,18,23,3,19,24,4,11,12,20,1,21,17],[22,6,2,18,14,10,3,23,19,4,24,11,12,20,17,1],[22,2,10,6,18,14,23,3,19,4,24,11,12,20,1,21,17],[2,18,22,14,10,6,3,23,19,4,24,11,12,20,1,17],[18,2,6,14,10,22,3,23,19,24,4,11,12,20,1,21,17],[10,2,18,22,6,14,3,23,19,24,4,11,12,20,17,1],[14,6,2,10,18,22,23,3,19,4,24,11,12,20,1,21,17],[10,22,6,18,14,2,3,23,19,4,24,11,12,20,1,21,17],[18,14,6,10,22,2,3,23,19,24,4,11,12,20,17,1],[2,22,18,6,10,14,23,3,19,24,4,11,12,20,17,1],[18,2,6,14,10,22,3,23,19,4,24,11,12,20,1,21,17],[2,10,14,6,18,22,23,3,19,24,4,11,12,20,1,17],[10,18,2,6,22,14,4],[22,18,2,14,10,6,23,3,19,24,4,11,12,20,1,17],[6,2,14,10,18,22,23,3,19,4,24,11,12,20,17,1],[6,2,22,18,14,10,4],[22,18,10,2,14,6,3,23,19,24,4,11,12,20,1,21,17],[14,10,6,18,22,2,23,3,19,4,24,11,12,20,17,1],[22,10,14,2,6,18,23,3,19,4,24,11,12,20,17,1],[2,18,14,10,6,22,3,23,19,4,24,11,12,20,17,1],[18,14,10,22,2,6,3,23,19,4,24,11,12,20,17,1],[22,10,14,2,6,18,3,23,19,24,4,11,12,20,17,1],[10,6,22,2,18,14,23,3,19,24,4,11,12,21,20,1,17],[10,2,18,6,14,22,3,23,19,4,24,12,20,1,17],[2,18,22,14,6,10,23,3,19,4,24,11,12,20,17,1],[22,10,18,14,2,6,4],[6,2,18,22,14,10,3,23,19,4,24,11,12,20,1,17],[22,6,10,18,14,2,3,23,19,24,4,11,12,20,1,17],[10,22,2,6,18,14,3,23,19,4,24,11,12,20,17,1],[14,2,18,6,22,10,3,23,19,24,4,11,12,20,17,1],[2,14,10,22,6,18,23,3,19,24,4,11,12,20,17,1],[18,10,2,14,22,6,3,23,19,4,24,11,12,20,17,1],[18,2,10,6,22,14,23,3,19,24,4,12,20,1,21,17],[6,14,22,2,10,18,3,23,19,24,4,11,12,20,17,1],[6,22,2,10,18,14,24,3,19,11,4,12,23,20,17,1],[2,14,18,22,6,10,23,3,19,24,4,11,12,20,1,17],[18,22,14,6,10,2,23,3,19,24,4,11,12,20,1,17],[2,6,22,10,18,14,23,3,19,4,24,11,12,20,1,17],[10,6,2,18,14,22,23,3,19,4,24,11,12,20,17,1],[10,22,18,6,2,14,3,23,19,4,24,11,12,20,17,1],[2,14,6,10,22,18,3,23,19,24,4,11,12,20,17,1],[14,10,22,6,18,2,3,23,19,4,24,11,12,20,17,1],[2,22,18,14,10,6,3,23,19,4,24,11,12,20,17,1],[14,22,18,2,6,10,3,23,19,4,24,11,12,20,17,1],[10,22,14,2,6,18,23,3,19,24,4,11,12,20,17,1],[18,14,2,22,10,6,23,3,19,4,24,11,12,20,1,17],[18,14,2,22,10,6,4],[22,14,18,2,6,10,24,19,4],[2,10,22,6,14,18,23,3,19,24,4,11,12,20,17,1],[22,14,10,2,6,18,24,19,3,11,12,4,23,20,1,17],[22,2,18,14,10,6,23,3,19,24,4,11,12,20,17,1],[14,6,2,18,10,22,3,23,19,24,4,11,12,20,17,1],[18,6,2,10,22,14,3,23,19,4,24,11,12,20,1,17],[6,2,14,18,22,10,3,23,19,24,4,11,12,20,17,1],[10,14,6,2,22,18,23,3,19,24,4,11,12,20,17,1],[2,6,10,14,18,22,23,3,19,24,4,11,12,20,17,1],[14,2,6,18,10,22,23,3,19,24,4,11,12,20,1,21,17],[6,10,18,14,2,22,23,3,19,24,4,11,12,20,1,21,17],[6,22,18,14,10,2,3,23,19,24,4,11,12,20,1,21,17],[18,2,10,6,14,22,23,3,19,4,24,11,12,20,17,1],[10,2,18,6,22,14,23,3,19,4,24,11,12,20,1,21,17],[14,6,22,10,18,2,3,23,19,4,24,11,12,20,17,1],[22,6,2,10,18,14,3,23,19,24,4,11,12,20,17,1],[6,2,14,10,18,22,23,3,19,4,24,11,12,20,17,1],[18,14,2,22,10,6,3,23,19,24,4,11,12,20,17,1],[18,22,14,6,10,2,23,3,19,4,24,11,12,20,1,17],[2,14,10,18,6,22,23,3,19,24,4,11,12,20,1,17],[18,10,2,22,6,14,3,23,19,4,24,11,12,20,17,1],[14,2,6,10,18,22,3,23,19,24,4,11,12,20,1,17],[14,22,18,6,2,10,23,3,19,4,24,11,12,20,1,21,17],[14,6,18,10,22,2,23,3,19,24,4,11,12,20,1,21,17],[14,6,18,10,2,22,23,3,19,4,24,11,12,20,1,21,17],[2,6,14,22,18,10,3,23,19,24,4,11,12,20,17,1],[22,10,14,2,6,18,3,23,19,4,24,11,12,20,17,1],[6,10,2,18,14,22,3,23,19,24,4,11,12,20,17,1],[18,14,2,22,6,10,24,19,3,11,12,20,4,1,17],[14,6,22,2,10,18,3,23,19,4,24,11,12,20,1,21,17],[18,10,2,6,22,14,3,23,19,24,4,11,12,20,17,1],[22,14,6,18,2,10,3,23,19,24,4,11,12,20,1,21,17],[22,2,14,10,6,18,23,3,19,4,24,11,12,20,1,17],[10,18,22,14,2,6,4],[22,6,2,10,14,18,23,3,19,4,24,11,12,20,17,1],[14,10,22,6,2,18,3,23,19,4,24,11,12,20,1,21,17],[14,22,6,2,10,18,23,3,19,24,4,11,12,20,1,17],[6,2,22,10,14,18,23,3,19,24,4,11,12,20,1,21,17],[22,2,10,18,14,6,23,3,19,24,4,11,12,20,17,1],[10,22,14,2,6,18,23,3,19,4,24,11,12,20,1,17],[18,10,14,6,22,2,3,23,19,24,4,11,12,20,17,1],[6,10,2,22,14,18,23,3,19,24,4,11,12,20,17,1],[22,18,2,6,10,14,24,1,19,3,11,12,23,20,17],[10,22,6,2,18,14,3,23,19,4,24,11,12,20,1,21,17],[6,14,18,10,2,22,23,3,19,4,24,11,12,20,17,1],[18,22,10,2,14,6,4],[18,10,2,14,22,6,3,23,19,4,24,11,12,20,17,1],[22,14,2,6,18,10,23,3,19,4,24,11,12,20,1,21,17],[6,22,10,2,14,18,23,3,19,4,24,11,12,20,17,1],[2,10,22,6,18,14,3,23,19,4,24,11,12,20,1,17],[10,2,14,22,6,18,23,3,19,4,24,11,12,20,17,1],[18,10,22,6,14,2,4],[22,18,2,10,14,6,23,3,19,4,24,11,12,20,1,17],[18,10,14,2,6,22,3,23,19,24,4,11,12,20,17,1],[2,6,22,14,18,10,3,23,19,4,24,11,12,20,1,21,17],[14,18,22,10,6,2,23,3,19,24,4,11,12,20,1,21,17],[14,18,6,2,22,10,23,3,19,24,4,11,12,20,1,21,17],[2,10,14,22,6,18,23,3,19,4,24,11,12,20,17,1],[14,10,6,18,2,22,23,3,19,24,4,11,12,20,17,1],[10,22,18,2,6,14,23,3,19,4,24,11,12,20,1,17],[22,2,10,6,18,14,3,23,19,24,4,11,12,20,1,17],[6,10,18,2,14,22,23,3,19,4,24,11,12,20,17,1],[2,10,18,6,22,14,3,23,19,24,4,11,12,21,20,1,17],[14,2,10,22,6,18,3,23,19,24,4,11,12,20,17,1],[22,18,6,2,14,10,3,23,19,4,24,11,12,20,1,17],[6,14,18,10,2,22,23,3,19,24,4,11,12,21,20,1,17],[10,22,18,14,6,