{"problem_id":"0JQn1mxOJj59q5x","sigma":75,"alpha":0.100,"cost":0,"probabilities":"[0.26, 0.29, 0.22, 0.23]","payoff_matrix":"[[-107, 23, 20, 46, 29, 96], [-1, -104, -11, -50, 78, 58], [-79, 12, -12, 60, 2, -38], [-21, 74, 46, 1, -145, -84]]","uncovered":[[2,6,14,22,18,17,21,24,20,10,1,9,12,11,23,19,13,16],[18,14,22,17,21,20,6,2,10,1,9],[18,14,22,21,17,24,20,2,10,6,1,9,12,23,11,19,13,16],[2,18,6,22,17,21,24,20,14,10,1,9,12,23,11,19,13,16],[14,22,10,18,21,17,20,6,2,1,12,9,24,11,23,19,13,16],[22,14,2,10,6,18,17,21,20,1,9],[22,14,10,6,2,18,21,17,24,20,1,9,12,23,11,19,13,16],[6,10,14,22,18,17,21,24,20,2,1,9,12,11,23,19,13,16],[2,14,22,10,18,21,17,24,20,6,1,9,12,11,23,19,13,16],[2,6,10,14,22,18,21,17,24,20,1,9,12,23,11,19,13,16],[6,14,10,2,18,22,21,17,24,20,1,9,12,23,11,19,13,16],[14,2,10,6,22,18,17,21,20,1,9],[18,10,6,14,2,22,21,17,24,20,1,9,12,11,23,19,13,16],[6,22,14,10,2,18,17,21,24,20,1,9,12,23,11,19,13,16],[2,18,14,10,6,22,17,21,20,1,12,9,24,23,11,19,13,16],[14,2,10,18,6,22,21,17,24,20,1,9,12,11,23,19,13,16],[14,10,18,2,22,17,21,24,20,6,1,9,12,11,23,19,13,16],[2,6,10,18,22,17,21,20,14,1,11],[6,22,2,14,18,21,17,24,20,10,1,9,12,23,11,19,13,16],[6,18,14,2,10,22,21,17,24,20,1,9,12,23,11,19,13,16],[22,2,18,21,17,24,20,10,14,6,1,9,12,23,11,19,13,16],[18,2,22,21,17,20,14,10,6,1,9],[10,22,18,17,21,20,14,2,6,1,9],[10,2,14,18,22,21,17,20,6,1,9],[18,2,6,10,14,22,17,21,20,1,9],[10,6,2,14,22,18,17,21,20,1,9],[22,2,10,18,17,21,24,20,6,14,1,9,12,11,23,19,13,16],[22,14,2,10,6,18,17,21,20,1,9],[2,22,18,21,17,24,20,6,14,10,1,9,12,23,11,19,13,16],[2,6,22,10,18,21,17,20,14,1,9],[14,10,22,6,2,18,21,17,24,20,1,9,12,23,11,19,13,16],[6,18,14,10,22,21,17,24,20,2,1,9,12,11,23,19,13,16],[6,22,2,18,17,21,20,14,10,1,12,9,23,24,11,19,13,16],[18,10,22,17,21,20,14,2,6,3,9,12,24,23,11,19,13,16,15],[14,18,10,2,22,21,17,20,6,1,12,9,24,11,23,19,13,16],[6,22,2,10,14,18,17,21,24,20,1,9,12,11,23,19,13,16],[18,14,22,21,17,20,6,2,10,11,1],[10,14,2,22,18,17,21,20,6,1,9],[6,10,22,14,2,18,21,17,24,20,1,9,12,23,11,19,13,16],[2,22,14,6,10,18,17,21,20,1,9],[14,18,10,6,2,22,21,17,20,1,9],[22,6,2,14,10,18,17,21,20,3,9,24,12,11,23,19,13,16,15],[14,18,6,22,21,17,20,2,10,1,9],[6,14,10,18,22,17,21,20,2,1,9],[6,14,22,18,17,21,24,20,2,10,1,9,12,23,11,19,13,16],[10,2,6,22,14,18,17,21,20,1,11],[6,10,14,18,22,17,21,24,20,2,1,9,12,23,11,19,13,16],[10,6,14,18,2,22,21,17,24,20,1,9,12,11,23,19,13,16],[2,22,6,18,21,17,24,20,14,10,1,9,12,23,11,19,13,16],[18,22,21,17,24,20,10,2,6,14,1,9,12,23,11,19,13,16],[10,6,22,14,2,18,21,17,24,20,1,9,12,23,11,19,13,16],[6,18,22,17,21,24,20,10,14,2,1,9,12,11,23,19,13,16],[14,6,2,22,10,18,21,17,20,1,11],[10,6,22,18,17,21,24,20,14,2,1,9,12,23,11,19,13,16],[2,10,14,6,22,18,21,17,20,4,9,11],[14,22,10,18,17,21,20,2,6,1,12,9,24,23,11,19,13,16],[6,10,22,14,2,18,21,17,20,1,9],[2,10,18,14,6,22,17,21,20,1,9],[6,18,14,2,22,21,17,20,10,1,9],[18,6,22,21,17,20,10,14,2,9,1],[2,18,6,10,14,22,17,21,20,1,9],[18,14,2,10,22,21,17,20,6,1,11],[2,14,18,22,17,21,20,6,10,1,9],[2,6,10,18,14,22,17,21,24,20,1,9,12,23,11,19,13,16],[18,6,10,22,17,21,20,14,2,1,9],[22,18,21,17,24,20,10,6,2,14,1,9,12,23,11,19,13,16],[10,14,22,6,2,18,21,17,24,20,1,9,12,23,11,19,13,16],[10,14,6,2,18,22,21,17,20,1,11],[14,18,2,6,10,22,17,21,20,1,9],[10,22,14,6,18,17,21,20,2,1,12,9,24,11,23,19,13,16],[18,10,14,2,22,17,21,24,20,6,1,9,12,23,11,19,13,16],[18,10,6,22,21,17,24,20,14,2,1,9,12,23,11,19,13,16],[10,14,6,22,2,18,21,17,20,1,9],[2,10,22,6,18,21,17,24,20,14,1,9,12,23,11,19,13,16],[6,2,14,18,10,22,21,17,24,20,1,9,12,23,11,19,13,16],[14,2,10,6,18,22,21,17,24,20,1,9,12,11,23,19,13,16],[14,22,6,18,21,17,24,20,2,10,1,9,12,11,23,19,13,16],[14,2,6,18,10,22,17,21,20,1,11],[14,2,10,22,6,18,21,17,20,4,9,11],[2,10,22,18,21,17,20,14,6,1,9],[14,22,10,18,21,17,20,6,2,1,9],[10,14,22,2,18,21,17,24,20,6,1,9,12,11,23,19,13,16],[18,6,2,14,22,21,17,24,20,10,1,9,12,23,11,19,13,16],[10,18,2,6,14,22,17,21,20,1,12,9,24,11,23,19,13,16],[14,2,6,10,22,18,21,17,20,1,9],[14,10,6,22,18,21,17,24,20,2,1,9,12,23,11,19,13,16],[22,14,18,17,21,20,10,6,2,3,9],[14,10,22,2,6,18,21,17,20,1,9],[10,6,22,18,21,17,20,14,2,1,9],[10,18,14,22,21,17,24,20,2,6,1,9,12,23,11,19,13,16],[10,14,6,2,18,22,21,17,20,1,9],[6,14,2,10,22,18,17,21,24,20,1,9,12,11,23,19,13,16],[2,6,10,22,18,17,21,20,14,1,12,9,24,11,23,19,13,16],[18,6,10,22,21,17,24,20,14,2,1,9,12,23,11,19,13,16],[18,2,6,22,17,21,24,20,10,14,1,9,12,23,11,19,13,16],[18,2,6,14,22,17,21,20,10,3,9],[10,2,22,18,17,21,24,20,14,6,1,9,12,11,23,19,13,16],[6,2,10,14,22,18,17,21,24,20,1,9,12,11,23,19,13,16],[18,22,17,21,24,20,10,14,6,2,1,9,12,11,23,19,13,16],[10,14,2,6,18,22,17,21,24,20,1,9,12,11,23,19,13,16],[10,18,6,22,17,21,20,14,2,1,9],[14,2,18,22,17,21,24,20,6,10,1,9,12,11,23,19,13,16],[6,2,18,14,10,22,17,21,20,1,9],[18,2,10,14,22,17,21,20,6,1,9],[14,6,10,2,22,18,17,21,24,20,1,9,12,11,23,19,13,16],[14,22,6,18,17,21,20,2,10,1,12,9,24,11,23,19,13,16],[18,22,21,17,20,14,6,10,2,1,9],[22,14,2,10,6,18,17,21,24,20,1,9,12,11,23,19,13,16],[18,2,10,6,14,22,21,17,20,4,9,11],[10,2,22,6,14,18,17,21,24,20,1,9,12,23,11,19,13,16],[6,2,10,22,14,18,17,21,24,20,1,9,12,11,23,19,13,16],[2,10,6,22,14,18,17,21,20,1,9],[2,22,10,6,14,18,17,21,24,20,1,9,12,23,11,19,13,16],[18,22,17,21,24,20,10,14,2,6,1,9,12,23,11,19,13,16],[14,6,10,18,2,22,17,21,24,20,1,9,12,23,11,19,13,16],[14,18,2,22,17,21,24,20,10,6,1,9,12,23,11,19,13,16],[10,2,14,6,18,22,17,21,20,1,9],[18,6,10,22,21,17,24,20,2,14,1,9,12,23,11,19,13,16],[2,6,10,18,22,17,21,20,14,1,11],[10,14,2,18,22,17,21,24,20,6,1,9,12,11,23,19,13,16],[10,18,6,2,22,21,17,20,14,1,9],[2,18,22,17,21,24,20,14,10,6,1,9,12,23,11,19,13,16],[2,22,10,14,18,21,17,20,6,1,9],[10,2,14,6,22,18,17,21,24,20,1,9,12,11,23,19,13,16],[22,2,18,21,17,20,10,6,14,1,12,9,24,23,11,19,13,16],[6,10,2,14,22,18,21,17,20,1,9],[10,2,14,18,22,21,17,24,20,6,1,9,12,23,11,19,13,16],[18,10,22,17,21,24,20,6,2,14,1,9,12,11,23,19,13,16],[6,18,14,22,21,17,20,2,10,1,9],[14,2,10,18,22,21,17,24,20,6,1,9,12,11,23,19,13,16],[18,22,21,17,24,20,10,14,6,2,1,9,12,23,11,19,13,16],[6,10,14,18,2,22,21,17,20,1,12,9,24,23,11,19,13,16],[14,10,6,22,2,18,21,17,20,1,9],[22,6,14,18,17,21,20,2,10,1,9],[10,22,2,6,18,17,21,24,20,14,1,9,12,23,11,19,13,16],[14,2,18,6,22,21,17,24,20,10,1,9,12,23,11,19,13,16],[18,14,10,6,2,22,21,17,24,20,1,9,12,23,11,19,13,16],[2,10,18,14,22,21,17,24,20,6,1,9,12,23,11,19,13,16],[22,18,21,17,20,2,14,10,6,1,9],[22,10,6,2,18,21,17,20,14,1,9],[18,14,10,2,22,17,21,24,20,6,1,9,12,11,23,19,13,16],[22,10,2,18,17,21,24,20,14,6,1,9,12,11,23,19,13,16],[18,22,21,17,24,20,10,2,6,14,1,9,12,11,23,19,13,16],[14,18,2,10,22,17,21,24,20,6,1,9,12,11,23,19,13,16],[10,2,6,22,14,18,21,17,20,1,9],[2,10,6,22,18,17,21,20,14,1,9],[22,10,6,14,18,21,17,24,20,2,1,9,12,23,11,19,13,16],[6,10,2,18,22,17,21,20,14,1,9],[22,18,21,17,20,10,2,14,6,1,9],[18,22,17,21,24,20,14,2,6,10,1,9,12,23,11,19,13,16],[10,2,6,14,18,22,17,21,20,1,9],[2,14,18,6,22,21,17,20,10,1,12,9,24,11,23,19,13,16],[18,6,22,17,21,20,2,10,14,1,9],[6,14,2,18,22,17,21,20,10,1,12,9,24,11,23,19,13,16],[10,14,18,22,21,17,20,6,2,1,9],[2,18,10,14,22,17,21,20,6,1,9],[22,18,21,17,20,2,6,14,10,1,9],[14,10,18,22,21,17,20,2,6,1,11],[22,14,6,18,17,21,20,10,2,1,9],[18,14,22,21,17,24,20,10,6,2,1,9,12,23,11,19,13,16],[10,2,6,22,18,21,17,24,20,14,1,9,12,23,11,19,13,16],[2,22,10,14,6,18,21,17,20,1,9],[22,14,2,18,17,21,20,6,10,1,9],[22,14,10,18,17,21,24,20,2,6,1,9,12,11,23,19,13,16],[22,10,14,6,2,18,21,17,24,20,1,9,12,11,23,19,13,16],[10,2,18,22,21,17,20,6,14,3,9,11],[22,2,10,18,21,17,24,20,14,6,1,9,12,11,23,19,13,16],[18,6,10,22,21,17,24,20,2,14,1,9,12,23,11,19,13,16],[18,22,21,17,24,20,10,2,14,6,1,9,12,23,11,19,13,16],[2,18,14,10,6,22,17,21,24,20,1,9,12,11,23,19,13,16],[6,18,2,10,14,22,21,17,24,20,1,9,12,11,23,19,13,16],[2,10,18,14,6,22,17,21,20,1,9],[14,22,6,18,17,21,24,20,10,2,1,9,12,11,23,19,13,16],[10,18,22,17,21,20,6,14,2,1,12,9,24,11,23,19,13,16],[18,22,21,17,24,20,10,2,6,14,1,9,12,23,11,19,13,16],[22,14,6,18,21,17,24,20,2,10,1,9,12,11,23,19,13,16],[2,14,22,10,6,18,21,17,20,1,9],[2,10,14,22,6,18,21,17,24,20,1,9,12,23,11,19,13,16],[14,18,10,22,17,21,20,6,2,1,9],[10,6,2,14,18,22,21,17,24,20,1,9,12,23,11,19,13,16],[14,6,10,2,22,18,17,21,20,1,9],[14,6,18,22,17,21,20,2,10,1,9],[10,22,2,14,6,18,17,21,20,1,9],[22,6,2,10,14,18,17,21,20,1,9],[6,18,22,17,21,24,20,2,10,14,1,9,12,11,23,19,13,16],[6,14,2,18,10,22,21,17,24,20,1,9,12,11,23,19,13,16],[2,18,6,10,14,22,21,17,24,20,1,9,12,23,11,19,13,16],[22,10,14,6,18,17,21,24,20,2,1,9,12,23,11,19,13,16],[18,14,2,22,21,17,20,6,10,1,9],[10,6,14,18,22,17,21,24,20,2,1,9,12,23,11,19,13,16],[10,18,2,22,17,21,20,14,6,9,1],[18,14,2,6,10,22,21,17,20,1,9],[22,2,18,21,17,24,20,14,6,10,1,9,12,23,11,19,13,16],[22,6,10,18,17,21,20,2,14,1,9],[18,14,2,6,22,17,21,20,10,1,9],[22,18,17,21,24,20,10,2,14,6,1,9,12,23,11,19,13,16],[22,10,18,21,17,20,6,14,2,1,9],[14,22,2,10,18,21,17,20,6,1,9],[14,10,22,6,18,17,21,24,20,2,1,9,12,23,11,19,13,16],[10,2,6,22,14,18,21,17,20,4,9,23,12,24,11,1,19,13,16],[14,6,18,22,17,21,20,10,2,1,9],[10,6,14,18,2,22,21,17,24,20,1,9,12,23,11,19,13,16],[6,18,10,2,14,22,17,21,20,1,9],[14,10,6,22,18,17,21,20,2,1,9],[22,10,6,18,21,17,24,20,14,2,1,9,12,23,11,19,13,16],[18,6,2,22,17,21,24,20,14,10,1,9,12,23,11,19,13,16],[10,18,2,6,22,21,17,24,20,14,1,9,12,23,11,19,13,16],[22,2,10,18,17,21,20,6,14,1,9],[2,22,10,6,18,21,17,24,20,14,1,9,12,11,23,19,13,16],[14,18,22,21,17,24,20,6,10,2,1,9,12,11,23,19,13,16],[18,6,2,22,17,21,20,10,14,1,9],[2,18,6,22,21,17,24,20,14,10,1,9,12,23,11,19,13,16],[22,18,17,21,24,20,10,2,14,6,1,9,12,23,11,19,13,16],[22,10,18,21,17,20,14,6,2,1,9],[14,10,18,22,17,21,24,20,6,2,1,9,12,11,23,19,13,16],[22,6,14,18,21,17,20,2,10,1,9],[18,14,22,17,21,20,10,6,2,1,9],[22,10,14,2,18,17,21,24,20,6,1,9,12,11,23,19,13,16],[18,22,21,17,20,6,10,14,2,1,9],[6,14,18,22,21,17,24,20,10,2,1,9,12,23,11,19,13,16],[6,10,18,2,22,17,21,24,20,14,1,9,12,11,23,19,13,16],[2,6,14,10,18,22,21,17,24,20,1,9,12,23,11,19,13,16],[2,22,10,18,21,17,24,20,6,14,1,9,12,23,11,19,13,16],[10,18,14,22,17,21,20,2,6,1,9],[22,6,10,14,2,18,17,21,20,1,12,9,24,11,23,19,13,16],[2,10,22,18,17,21,20,6,14,4,9,24,12,11,23,1,19,13,16],[18,2,6,22,17,21,24,20,10,14,1,9,12,23,11,19,13,16],[10,18,22,21,17,24,20,14,2,6,1,9,12,11,23,19,13,16],[14,10,6,2,18,22,21,17,24,20,1,9,12,11,23,19,13,16],[18,2,10,14,6,22,21,17,20,4,12,9,24,11,23,1,19,13,16],[22,6,14,10,2,18,17,21,20,1,9],[10,2,14,6,18,22,21,17,20,1,9],[18,2,10,6,14,22,21,17,20,4,12,9,24,11,23,1,19,13,16],[14,18,10,22,17,21,20,2,6,1,9],[14,22,10,6,2,18,17,21,24,20,1,9,12,11,23,19,13,16],[14,6,2,18,22,21,17,20,10,1,9],[10,2,18,22,21,17,24,20,14,6,1,9,12,11,23,19,13,16],[6,2,18,10,14,22,21,17,20,1,9],[6,18,22,21,17,20,14,10,2,9,1],[6,22,10,2,18,21,17,24,20,14,1,9,12,23,11,19,13,16],[18,14,6,10,2,22,17,21,20,1,11],[6,14,18,2,10,22,17,21,24,20,1,9,12,23,11,19,13,16],[2,10,14,6,22,18,17,21,20,1,9],[6,14,2,10,22,18,17,21,24,20,1,9,12,11,23,19,13,16],[22,10,6,2,18,21,17,20,14,9,1],[14,2,10,18,6,22,17,21,20,1,9],[14,6,22,18,17,21,24,20,2,10,1,9,12,23,11,19,13,16],[22,10,14,6,2,18,21,17,24,20,1,9,12,23,11,19,13,16],[6,14,2,18,22,17,21,20,10,1,9],[10,18,14,6,2,22,17,21,20,1,9],[18,14,6,2,22,21,17,24,20,10,1,9,12,23,11,19,13,16],[14,18,6,22,21,17,24,20,10,2,1,9,12,11,23,19,13,16],[18,2,10,6,14,22,17,21,24,20,1,9,12,23,11,19,13,16],[2,6,18,22,21,17,20,10,14,1,9],[2,18,14,10,22,21,17,24,20,6,1,9,12,23,11,19,13,16],[6,10,22,14,2,18,17,21,20,1,9],[10,6,2,22,18,17,21,20,14,1,9],[18,10,6,22,21,17,20,14,2,1,9],[18,2,10,22,21,17,24,20,14,6,1,9,12,11,23,19,13,16],[10,22,6,14,18,17,21,20,2,1,9],[18,6,2,22,17,21,24,20,14,10,1,9,12,11,23,19,13,16],[2,6,22,10,14,18,17,21,20,1,9],[22,10,18,21,17,20,6,14,2,1,9],[14,18,10,2,6,22,17,21,24,20,1,9,12,11,23,19,13,16],[2,14,22,6,10,18,17,21,20,1,9],[14,22,2,10,18,21,17,20,6,1,9],[22,10,6,14,2,18,17,21,24,20,1,9,12,11,23,19,13,16],[22,18,21,17,20,1,10,6,14,9,23,11],[22,2,6,10,14,18,17,21,20,1,9],[18,10,22,21,17,24,20,2,6,14,1,9,12,23,11,19,13,16],[6,10,2,18,22,17,21,20,14,1,9],[6,22,10,14,2,18,21,17,20,3,12,9,24,23,11,19,13,16,15],[6,22,2,18,17,21,20,10,14,1,12,9,24,23,11,19,13,16],[18,14,22,21,17,24,20,10,2,6,1,9,12,11,23,19,13,16],[6,18,22,21,17,24,20,10,14,2,1,9,12,11,23,19,13,16],[18,6,2,10,22,17,21,24,20,14,1,9,12,11,23,19,13,16],[22,18,17,21,20,2,6,10,14,1,9],[6,2,14,18,10,22,17,21,20,1,9],[14,2,6,18,22,21,17,24,20,10,1,9,12,23,11,19,13,16],[18,22,17,21,20,14,10,6,2,1,9],[18,6,22,17,21,20,14,2,10,1,9],[18,2,14,10,6,22,21,17,24,20,1,9,12,11,23,19,13,16],[2,10,18,22,17,21,20,6,14,1,11],[2,22,18,21,17,24,20,14,10,6,1,9,12,23,11,19,13,16],[10,22,6,18,17,21,20,14,2,1,12,9,24,23,11,19,13,16],[6,22,10,18,21,17,24,20,2,14,1,9,12,11,23,19,13,16],[6,22,10,14,2,18,17,21,20,1,11],[22,10,6,18,21,17,24,20,2,14,1,9,12,23,11,19,13,16],[18,10,22,17,21,24,20,2,14,6,1,9,12,23,11,19,13,16],[14,22,10,18,17,21,20,6,2,1,9],[2,10,14,18,22,17,21,20,6,1,23,9,12,24,11,19,13,16],[2,6,22,14,18,21,17,24,20,10,1,9,12,23,11,19,13,16],[18,6,14,10,22,21,17,24,20,2,1,9,12,23,11,19,13,16],[6,2,14,10,18,22,21,17,24,20,1,9,11,12,23,19,13,16],[22,2,18,17,21,20,10,6,14,1,9],[22,2,14,6,10,18,17,21,20,1,9],[10,18,2,6,14,22,21,17,20,1,11],[10,22,18,17,21,20,2,14,6,1,12,9,24,11,23,19,13,16],[18,10,22,17,21,20,6,2,14,1,12,9,24,11,23,19,13,16],[10,22,14,18,21,17,20,6,2,4,12,9,24,11,23,1,19,13,16],[2,10,18,22,21,17,24,20,14,6,1,9,12,11,23,19,13,16],[6,22,2,18,17,21,24,20,10,14,1,9,12,11,23,19,13,16],[22,10,2,18,21,17,24,20,6,14,1,9,12,23,11,19,13,16],[2,6,22,10,18,17,21,24,20,14,1,9,12,11,23,19,13,16],[2,22,6,14,10,18,21,17,20,1,9],[22,18,17,21,24,20,14,10,2,6,1,9,12,11,23,19,13,16],[18,6,2,14,10,22,21,17,20,1,9],[6,18,10,22,17,21,24,20,2,14,1,9,12,23,11,19,13,16],[14,18,2,10,22,17,21,20,6,1,9],[2,14,18,10,22,21,17,20,6,1,9],[6,10,22,18,17,21,24,20,2,14,1,9,12,11,23,19,13,16],[14,2,22,6,18,17,21,24,20,10,1,9,12,23,11,19,13,16],[6,18,10,14,22,17,21,20,2,1,9],[14,22,2,10,6,18,21,17,20,1,11],[6,10,2,22,14,18,21,17,24,20,1,9,12,11,23,19,13,16],[6,22,10,14,2,18,21,17,20,1,9],[2,22,10,18,21,17,20,14,6,9,1],[2,6,10,22,18,21,17,20,14,1,23,9,12,24,11,19,13,16],[2,10,6,22,14,18,21,17,20,1,9],[18,22,21,17,20,2,10,14,6,3,9,24,12,11,23,19,13,16,15],[18,2,6,14,10,22,17,21,20,1,9],[14,10,6,22,18,17,21,20,2,1,9],[22,14,6,10,18,21,17,20,2,1,9],[6,22,14,2,10,18,17,21,24,20,1,9,12,23,11,19,13,16],[14,10,18,6,22,21,17,20,2,1,9],[14,22,6,10,18,17,21,24,20,2,1,9,12,11,23,19,13,16],[14,2,22,6,10,18,21,17,24,20,1,9,12,23,11,19,13,16,15],[18,2,14,6,10,22,17,21,24,20,1,9,12,23,11,19,13,16],[6,18,14,10,2,22,17,21,24,20,1,9,12,11,23,19,13,16],[18,14,22,21,17,20,10,6,2,1,9],[22,14,18,21,17,24,20,6,2,10,1,9,12,11,23,19,13,16],[10,18,22,17,21,24,20,14,6,2,1,9,12,11,23,19,13,16],[14,18,2,6,10,22,21,17,24,20,1,9,12,11,23,19,13,16],[2,6,10,22,18,21,17,24,20,14,1,9,11,12,23,19,13,16],[14,18,10,6,22,17,21,20,2,1,9],[18,2,6,10,22,17,21,24,20,14,1,9,12,23,11,19,13,16],[18,2,14,6,22,21,17,24,20,10,1,9,12,23,11,19,13,16],[22,2,10,6,18,21,17,20,14,1,9],[22,14,6,18,17,21,20,2,10,1,12,9,24,11,23,19,13,16],[14,2,10,18,22,17,21,20,6,3,12,9,24,23,11,19,13,16,15],[22,18,21,17,24,20,6,10,14,2,1,9,12,11,23,19,13,16],[18,2,22,21,17,24,20,10,6,14,1,9,12,11,23,19,13,16],[18,6,10,2,14,22,17,21,20,1,9],[18,22,17,21,24,20,10,2,14,6,1,9,12,11,23,19,13,16],[6,10,18,22,21,17,20,14,2,1,9],[22,18,17,21,20,10,2,14,6,1,11],[6,2,18,14,10,22,17,21,20,1,9],[6,18,14,22,17,21,24,20,2,10,1,9,12,23,11,19,13,16],[2,14,18,10,6,22,21,17,20,1,9],[10,2,6,22,14,18,21,17,24,20,1,9,12,11,23,19,13,16],[22,14,18,17,21,24,20,2,10,6,1,9,12,23,11,19,13,16],[22,6,14,10,18,21,17,20,2,1,9],[6,22,18,17,21,20,10,14,2,1,9],[10,22,14,18,17,21,24,20,6,2,1,9,12,23,11,19,13,16],[18,2,10,14,6,22,21,17,24,20,1,9,12,11,23,19,13,16],[2,6,22,10,14,18,17,21,24,20,1,9,12,11,23,19,13,16],[18,2,14,22,21,17,24,20,6,10,1,9,12,11,23,19,13,16],[14,10,6,18,22,21,17,24,20,2,1,9,12,11,23,19,13,16],[22,14,2,10,18,21,17,24,20,6,1,9,12,23,11,19,13,16],[22,6,14,18,21,17,24,20,2,10,1,9,12,11,23,19,13,16],[6,14,2,10,22,18,21,17,24,20,1,9,12,23,11,19,13,16],[6,18,14,2,22,21,17,24,20,10,1,9,12,23,11,19,13,16],[6,14,2,10,22,18,17,21,20,1,9],[14,22,2,18,21,17,20,10,6,1,9],[2,10,6,18,22,17,21,20,14,9,1],[2,6,10,14,18,22,17,21,24,20,1,9,12,23,11,19,13,16],[22,18,21,17,24,20,6,2,14,10,1,9,12,11,23,19,13,16],[18,6,14,22,17,21,24,20,2,10,1,9,12,23,11,19,13,16],[14,2,6,18,22,21,17,24,20,10,1,9,12,23,11,19,13,16],[14,18,10,2,6,22,21,17,20,1,9],[18,10,22,17,21,24,20,14,6,2,1,9,12,11,23,19,13,16],[18,22,21,17,24,20,14,10,2,6,1,9,12,11,23,19,13,16],[6,14,10,18,22,17,21,24,20,2,1,9,12,11,23,19,13,16],[18,10,6,14,2,22,21,17,24,20,1,9,12,23,11,19,13,16],[6,10,18,2,14,22,21,17,24,20,1,9,12,23,11,19,13,16],[22,14,18,17,21,20,10,6,2,1,9],[22,10,2,18,21,17,20,6,14,1,9],[6,2,10,18,22,21,17,24,20,14,1,9,12,11,23,19,13,16],[18,2,10,22,21,17,24,20,6,14,1,9,12,11,23,19,13,16],[22,14,10,6,2,18,21,17,20,1,9],[2,14,10,22,18,21,17,20,6,1,12,9,24,23,11,19,13,16],[14,6,10,2,18,22,21,17,20,1,9],[18,22,21,17,24,20,6,14,10,2,1,9,12,11,23,19,13,16],[6,22,2,18,21,17,24,20,10,14,1,9,12,11,23,19,13,16],[18,22,17,21,20,10,14,2,6,1,9],[22,2,6,10,14,18,17,21,20,1,9],[18,6,22,17,21,24,20,14,10,2,1,9,12,11,23,19,13,16],[18,10,22,17,21,24,20,14,2,6,1,9,12,11,23,19,13,16],[6,10,22,2,14,18,17,21,24,20,1,9,12,11,23,19,13,16],[6,14,18,22,17,21,24,20,2,10,1,9,12,11,23,19,13,16],[14,22,18,21,17,24,20,2,6,10,1,9,12,23,11,19,13,16],[6,10,22,2,14,18,21,17,24,20,1,9,12,23,11,19,13,16],[18,2,22,21,17,20,6,14,10,1,9],[22,6,10,14,2,18,21,17,24,20,1,9,12,23,11,19,13,16],[14,18,6,22,17,21,20,2,10,1,11],[22,14,6,2,18,17,21,24,20,10,1,9,12,11,23,19,13,16],[22,6,18,17,21,24,20,2,10,14,1,9,12,23,11,19,13,16],[6,14,2,10,22,18,21,17,24,20,1,9,12,23,11,19,13,16],[18,22,21,17,24,20,14,2,6,10,1,9,12,23,11,19,13,16],[6,10,22,18,17,21,24,20,2,14,1,9,12,23,11,19,13,16],[14,18,6,10,2,22,17,21,20,1,12,9,24,11,23,19,13,16],[10,22,14,6,18,17,21,20,2,1,9],[10,6,2,14,18,22,17,21,24,20,1,9,12,23,11,19,13,16],[22,2,10,14,18,17,21,20,6,1,9],[2,22,6,14,10,18,21,17,20,1,9],[14,6,22,2,18,21,17,20,10,1,9],[6,2,18,14,22,21,17,24,20,10,1,9,12,23,11,19,13,16],[14,10,2,6,18,22,21,17,20,9,1],[14,22,6,18,17,21,20,2,10,4,12,9,24,23,11,1,19,13,16],[6,18,10,2,14,22,21,17,20,1,9],[18,6,2,10,14,22,17,21,24,20,1,9,12,11,23,19,13,16],[6,2,10,22,14,18,21,17,24,20,1,9,12,23,11,19,13,16],[6,10,22,14,18,17,21,20,2,1,9],[14,6,10,18,2,22,21,17,24,20,1,9,12,23,11,19,13,16],[10,18,6,2,14,22,21,17,20,1,9],[22,2,18,21,17,24,20,10,14,6,1,9,12,23,11,19,13,16],[22,2,6,18,21,17,20,14,10,1,11],[22,18,21,17,20,2,10,14,6,1,9],[10,18,2,6,14,22,17,21,24,20,1,9,12,11,23,19,13,16],[22,18,17,21,20,6,14,2,10,1,9],[14,2,6,22,10,18,21,17,20,1,9],[2,22,6,10,14,18,21,17,24,20,1,9,12,11,23,19,13,16],[22,14,18,21,17,20,10,6,2,1,9],[22,10,18,17,21,24,20,2,14,6,1,9,12,11,23,19,13,16],[18,22,17,21,20,14,2,6,10,1,9],[10,14,22,18,17,21,20,6,2,1,9],[2,14,10,6,22,18,21,17,20,1,11],[6,22,2,18,17,21,20,10,14,9,1],[18,2,22,17,21,20,14,10,6,1,11],[10,2,14,22,18,21,17,20,6,1,12,9,24,23,11,19,13,16],[6,14,2,18,22,21,17,20,10,1,11],[6,2,10,22,14,18,21,17,20,1,9],[18,2,14,22,17,21,24,20,6,10,1,9,12,11,23,19,13,16],[14,10,22,2,18,21,17,20,6,3,9,24,12,23,11,19,13,16,15],[10,14,2,6,18,22,21,17,20,1,9],[14,2,6,10,18,22,17,21,24,20,1,9,12,23,11,19,13,16],[22,10,14,2,18,17,21,24,20,6,1,9,12,23,11,19,13,16],[22,10,2,6,18,21,17,24,20,14,1,9,12,23,11,19,13,16],[22,6,18,17,21,20,2,10,14,1,9],[10,18,14,6,22,17,21,20,2,3,9,23,12,24,11,19,13,16,15],[14,22,6,10,18,21,17,24,20,2,1,9,12,23,11,19,13,16],[18,14,2,6,22,21,17,20,10,1,9],[6,22,18,21,17,20,14,2,10,1,9],[14,18,10,2,6,22,17,21,20,1,12,9,24,11,23,19,13,16],[18,2,10,14,22,21,17,20,6,4,11,15,13,24,16,23,1,9,12],[14,18,22,17,21,20,9,10,6,2,1],[18,10,2,14,22,21,17,20,6,1,12,9,24,23,11,19,13,16],[2,18,10,14,22,21,17,24,20,6,1,9,12,11,23,19,13,16],[10,2,14,18,6,22,17,21,24,20,1,9,12,23,11,19,13,16],[2,10,14,6,22,18,17,21,24,20,1,9,12,11,23,19,13,16],[2,22,14,10,6,18,21,17,20,1,11],[22,14,6,2,18,17,21,20,10,1,12,9,24,11,23,19,13,16],[10,18,22,21,17,24,20,6,14,2,1,9,12,23,11,19,13,16],[18,6,10,2,14,22,17,21,24,20,1,9,12,11,23,19,13,16],[10,2,18,14,22,17,21,24,20,6,1,9,12,23,11,19,13,16],[18,14,6,10,22,21,17,24,20,2,1,9,12,11,23,19,13,16],[6,18,2,14,10,22,21,17,20,4,9,15,13,24,16,23,12,11,1],[14,2,22,6,10,18,21,17,24,20,1,9,12,23,11,19,13,16],[14,2,10,22,18,21,17,24,20,6,1,9,12,11,23,19,13,16],[2,14,18,10,6,22,21,17,20,1,11],[14,6,18,22,21,17,20,2,10,3,9,24,12,11,23,19,13,16,15],[14,6,2,10,22,18,17,21,24,20,1,9,12,23,11,19,13,16],[10,18,14,22,17,21,24,20,6,2,1,9,12,23,11,19,13,16],[14,18,10,6,2,22,17,21,20,11,1],[6,14,18,22,17,21,20,2,10,1,9],[10,2,18,22,21,17,24,20,14,6,1,9,12,23,11,19,13,16],[22,18,17,21,20,2,14,6,10,1,9],[2,18,22,21,17,24,20,14,6,10,1,9,12,23,11,19,13,16],[14,2,22,10,6,18,21,17,20,4,9,23,12,24,11,1,19,13,16],[2,18,22,21,17,24,20,14,6,10,1,9,12,23,11,19,13,16],[10,14,22,2,18,17,21,20,6,1,9],[10,2,14,18,22,17,21,24,20,6,1,9,12,11,23,19,13,16],[14,18,6,10,2,22,21,17,20,4,9,12,23,24,11,1,19,13,16],[6,22,10,2,18,17,21,20,14,1,12,9,24,11,23,19,13,16],[6,22,18,17,21,20,10,2,14,1,9],[22,18,17,21,20,10,14,6,2,9,1],[10,22,18,21,17,20,14,2,6,1,12,9,24,23,11,19,13,16],[18,22,21,17,20,14,10,6,2,1,11],[22,2,14,18,17,21,20,10,6,1,9],[22,2,6,18,21,17,24,20,14,10,1,9,12,11,23,19,13,16],[22,14,6,2,10,18,17,21,20,1,9],[14,10,2,6,18,22,21,17,20,1,9],[22,18,21,17,20,6,14,10,2,1,9],[10,6,2,14,18,22,17,21,24,20,1,9,12,23,11,19,13,16],[6,22,2,14,10,18,21,17,24,20,1,9,12,23,11,19,13,16],[6,18,2,10,14,22,17,21,20,1,9],[18,22,17,21,20,10,6,2,14,1,9],[2,6,18,14,10,22,17,21,24,20,1,9,12,23,11,19,13,16],[22,10,6,18,21,17,20,14,2,1,9],[22,10,14,6,18,17,21,20,2,9,1],[14,2,6,18,10,22,21,17,24,20,1,9,12,11,23,19,13,16],[10,6,18,2,14,22,21,17,24,20,1,9,12,11,23,19,13,16],[18,6,2,14,22,21,17,20,10,1,9],[14,2,22,6,10,18,17,21,24,20,1,9,12,11,23,19,13,16],[2,6,22,14,18,17,21,24,20,10,1,9,12,11,23,19,13,16],[22,10,14,2,6,18,17,21,24,20,1,9,12,23,11,19,13,16],[6,22,14,10,18,17,21,24,20,2,1,9,12,23,11,19,13,16],[22,6,2,10,18,21,17,20,14,11,3],[2,6,14,10,22,18,17,21,24,20,1,9,12,23,11,19,13,16],[10,22,6,18,21,17,20,2,14,1,12,9,24,23,11,19,13,16],[10,22,18,17,21,24,20,2,14,6,1,9,12,23,11,19,13,16],[2,14,22,6,10,18,21,17,20,1,9],[6,18,10,14,22,17,21,20,2,1,9],[2,6,22,10,18,17,21,24,20,14,1,9,12,23,11,19,13,16],[18,6,10,2,22,17,21,24,20,14,1,9,12,11,23,19,13,16],[18,22,17,21,20,14,10,6,2,1,9],[10,14,2,6,18,22,21,17,24,20,1,9,12,11,23,19,13,16],[2,22,14,18,21,17,24,20,6,10,1,9,12,23,11,19,13,16],[2,18,10,6,22,21,17,24,20,14,1,9,12,11,23,19,13,16],[10,18,14,2,22,21,17,20,6,1,9],[22,18,21,17,24,20,10,2,14,6,1,9,12,23,11,19,13,16],[14,2,18,6,10,22,21,17,20,1,9],[6,18,2,14,22,17,21,24,20,10,1,9,12,23,11,19,13,16],[22,6,14,10,18,17,21,24,20,2,1,9,12,11,23,19,13,16],[14,2,18,10,22,21,17,24,20,6,1,9,12,23,11,19,13,16],[14,10,18,2,6,22,17,21,20,1,9],[18,10,6,22,17,21,20,14,2,1,9],[14,18,10,22,21,17,20,6,2,1,9],[6,22,18,17,21,24,20,10,2,14,1,9,12,23,11,19,13,16],[2,18,6,10,14,22,17,21,20,1,11],[22,10,2,6,14,18,17,21,24,20,1,9,12,11,23,19,13,16],[14,6,22,10,18,21,17,24,20,2,1,9,12,11,23,19,13,16],[14,10,2,22,18,17,21,20,5,6,1,9],[14,10,2,22,18,21,17,24,20,6,1,9,12,11,23,19,13,16],[6,2,10,18,14,22,17,21,24,20,1,9,12,11,23,19,13,16],[6,18,10,22,17,21,24,20,14,2,1,9,12,11,23,19,13,16],[6,10,2,22,14,18,17,21,24,20,1,9,12,23,11,19,13,16],[10,2,18,14,6,22,17,21,24,20,1,9,12,11,23,19,13,16],[14,18,6,10,22,21,17,24,20,2,1,9,12,11,23,19,13,16],[14,6,22,18,21,17,24,20,2,10,1,9,12,23,11,19,13,16],[6,22,14,2,10,18,21,17,20,1,9],[6,10,2,18,14,22,17,21,20,1,9],[18,14,22,17,21,20,6,2,10,1,9],[6,10,14,2,22,18,21,17,24,20,1,9,12,11,23,19,13,16],[18,6,10,14,2,22,21,17,24,20,1,9,12,11,23,19,13,16],[6,2,22,14,18,21,17,20,10,1,9],[6,18,2,14,10,22,21,17,20,1,9],[22,2,14,18,17,21,20,10,6,4,9,23,12,24,11,1,19,13,16],[2,14,6,10,22,18,17,21,24,20,1,9,12,23,11,19,13,16],[14,22,2,18,21,17,20,10,6,1,9],[22,2,14,6,10,18,21,17,24,20,1,9,12,23,11,19,13,16],[18,6,2,10,14,22,21,17,24,20,1,9,12,11,23,19,13,16],[22,10,18,17,21,20,2,14,6,1,9],[22,2,6,10,14,18,17,21,20,3,9,24,12,23,11,19,13,16,15],[2,18,22,21,17,24,20,10,14,6,1,9,12,11,23,19,13,16],[14,18,6,2,10,22,17,21,24,20,1,9,12,11,23,19,13,16],[10,14,22,6,2,18,17,21,24,20,1,9,12,11,23,19,13,16],[18,2,6,10,22,17,21,24,20,14,1,9,12,11,23,19,13,16],[22,2,6,10,18,21,17,24,20,14,1,9,12,23,11,19,13,16],[10,22,18,21,17,24,20,14,6,2,1,9,12,23,11,19,13,16],[14,6,2,10,22,18,17,21,20,1,9],[18,6,10,2,22,17,21,24,20,14,1,9,12,11,23,19,13,16],[2,18,14,6,10,22,21,17,24,20,1,9,12,23,11,19,13,16],[14,18,22,17,21,24,20,10,2,6,1,9,12,23,11,19,13,16],[6,2,18,14,22,17,21,20,10,1,12,9,24,23,11,19,13,16],[6,18,10,14,2,22,17,21,24,20,1,9,12,23,11,19,13,16],[18,2,6,10,14,22,17,21,20,1,11],[14,18,6,22,21,17,24,20,2,10,1,9,12,11,23,19,13,16],[18,14,22,21,17,24,20,10,6,2,1,9,12,11,23,19,13,16],[18,6,22,21,17,24,20,14,2,10,1,9,12,23,11,19,13,16],[18,2,22,17,21,24,20,14,10,6,1,9,12,11,23,19,13,16],[18,2,14,6,10,22,17,21,20,1,12,9,24,23,11,19,13,16],[10,18,14,22,17,21,20,6,2,1,9],[2,14,6,22,18,21,17,24,20,10,1,9,12,23,11,19,13,16],[2,22,6,10,14,18,21,17,20,1,9],[14,6,18,2,10,22,21,17,24,20,1,9,12,23,11,19,13,16],[22,14,10,18,17,21,20,2,6,1,9],[10,6,14,2,22,18,21,17,24,20,1,9,12,23,11,19,13,16],[6,10,2,22,18,21,17,20,14,1,9],[10,18,6,22,17,21,24,20,2,14,1,9,12,23,11,19,13,16],[10,14,6,22,18,21,17,24,20,2,1,9,12,11,23,19,13,16],[6,10,22,14,18,17,21,20,2,3,9,23,12,24,11,19,13,16,15],[14,22,18,21,17,24,20,2,10,6,1,9,12,11,23,19,13,16],[14,10,22,18,21,17,20,2,6,1,9],[14,2,22,10,6,18,21,17,20,1,9],[14,22,2,6,18,21,17,20,10,1,9],[22,18,21,17,24,20,10,14,2,6,1,9,12,23,11,19,13,16],[2,18,14,22,21,17,24,20,10,6,1,9,12,11,23,19,13,16],[18,6,22,21,17,24,20,2,10,14,1,9,12,23,11,19,13,16],[6,14,18,2,22,21,17,20,10,1,9],[22,6,2,18,17,21,20,10,14,1,9],[10,22,6,18,17,21,20,2,14,1,11],[6,22,14,18,17,21,24,20,10,2,1,9,12,11,23,19,13,16],[22,10,6,18,17,21,24,20,14,2,1,9,12,11,23,19,13,16],[22,18,21,17,24,20,6,14,10,2,1,9,12,23,11,19,13,16],[2,14,18,22,21,17,24,20,6,10,1,9,12,23,11,19,13,16],[22,2,10,6,18,21,17,20,14,1,9],[2,14,10,6,22,18,21,17,24,20,1,9,12,23,11,19,13,16],[2,22,6,18,17,21,24,20,10,14,1,9,12,23,11,19,13,16],[2,6,22,14,18,21,17,24,20,10,1,9,12,23,11,19,13,16],[22,14,18,17,21,20,2,6,10,1,9],[22,14,6,2,18,17,21,20,10,1,9],[6,2,22,18,17,21,24,20,10,14,1,9,12,11,23,19,13,16],[14,10,22,2,6,18,21,17,24,20,1,9,12,23,11,19,13,16],[2,22,6,18,17,21,24,20,14,10,1,9,12,11,23,19,13,16],[2,10,6,18,14,22,17,21,24,20,1,9,12,23,11,19,13,16],[18,6,22,21,17,24,20,2,14,10,1,9,12,11,23,19,13,16],[10,6,18,22,21,17,20,14,2,3,9,24,12,11,23,19,13,16,15],[18,14,22,21,17,24,20,2,6,10,1,9,12,11,23,19,13,16],[14,10,22,2,6,18,21,17,20,1,9],[22,18,17,21,24,20,10,14,2,6,1,9,12,11,23,19,13,16],[10,2,18,14,22,21,17,24,20,6,1,9,12,11,23,19,13,16],[2,18,6,22,21,17,24,20,10,14,1,9,12,11,23,19,13,16],[14,18,10,22,21,17,20,6,2,1,9],[22,10,2,14,18,17,21,20,6,1,9],[10,6,14,18,22,21,17,24,20,2,1,9,12,23,11,19,13,16],[6,22,18,21,17,24,20,10,2,14,1,9,12,23,11,19,13,16],[18,6,22,21,17,24,20,2,14,10,1,9,12,23,11,19,13,16],[10,18,6,2,14,22,21,17,24,20,1,9,12,11,23,19,13,16],[10,14,18,6,2,22,17,21,24,20,1,9,12,11,23,19,13,16],[10,6,14,2,18,22,21,17,20,1,9],[10,6,22,14,18,21,17,24,20,2,1,9,12,23,11,19,13,16],[10,2,18,14,22,21,17,24,20,6,1,9,12,23,11,19,13,16],[6,10,2,14,22,18,17,21,20,1,9],[10,2,22,6,18,21,17,20,14,1,11],[6,14,2,10,18,22,21,17,24,20,1,9,12,23,11,19,13,16],[22,6,10,14,18,17,21,20,2,1,9],[14,2,10,18,6,22,21,17,24,20,1,9,12,11,23,19,13,16],[6,14,22,2,18,17,21,24,20,10,1,9,12,11,23,19,13,16],[6,22,2,10,18,21,17,20,14,1,12,9,24,11,23,19,13,16],[2,18,22,17,21,24,20,6,10,14,1,9,12,11,23,19,13,16],[14,18,10,22,21,17,20,6,2,1,11],[2,18,10,6,14,22,17,21,24,20,1,9,12,23,11,19,13,16],[2,14,10,6,18,22,21,17,24,20,1,9,12,11,23,19,13,16],[14,22,10,6,2,18,21,17,20,1,12,9,23,24,11,19,13,16],[14,2,10,18,6,22,21,17,20,1,9],[6,18,10,22,17,21,24,20,2,14,1,9,12,11,23,19,13,16],[22,6,14,10,2,18,21,17,24,20,1,9,12,23,11,19,13,16],[18,10,14,6,22,21,17,20,2,1,12,9,23,24,11,19,13,16],[22,2,10,18,21,17,24,20,6,14,1,9,12,23,11,19,13,16],[14,6,22,2,10,18,17,21,20,1,9],[6,22,2,10,18,21,17,24,20,14,1,9,12,23,11,19,13,16],[18,10,14,2,6,22,21,17,24,20,1,9,12,23,11,19,13,16],[14,2,6,22,10,18,21,17,24,20,1,9,12,11,23,19,13,16],[6,2,10,22,14,18,21,17,24,20,1,9,12,23,11,19,13,16],[10,14,18,6,22,17,21,24,20,2,1,9,12,11,23,19,13,16],[6,22,14,18,21,17,24,20,2,10,1,9,12,11,23,19,13,16],[2,22,14,6,18,17,21,24,20,10,1,9,12,23,11,19,13,16],[2,6,14,22,10,18,21,17,24,20,1,9,12,23,11,19,13,16],[18,2,14,22,21,17,20,10,6,1,9],[2,22,14,6,18,17,21,24,20,10,1,9,12,23,11,19,13,16],[2,22,14,10,6,18,17,21,20,1,12,9,24,23,11,19,13,16],[6,10,18,14,22,21,17,24,20,2,1,9,12,11,23,19,13,16],[6,2,22,10,14,18,17,21,20,1,12,9,24,23,11,19,13,16],[6,22,14,10,18,17,21,24,20,2,1,9,12,23,11,19,13,16],[2,6,10,18,22,17,21,20,14,1,11],[22,6,14,2,18,17,21,20,10,1,9],[14,10,18,2,6,22,17,21,20,1,9],[22,2,14,18,21,17,20,6,9,10,1],[6,2,22,10,14,18,17,21,24,20,1,9,12,11,23,19,13,16],[2,22,18,21,17,20,6,10,14,1,9],[14,2,22,18,21,17,20,10,6,1,9],[22,2,6,18,21,17,24,20,14,10,1,9,12,11,23,19,13,16],[6,2,14,18,22,21,17,24,20,10,1,9,12,11,23,19,13,16],[18,2,22,17,21,20,10,6,14,1,9],[22,10,18,21,17,24,20,6,14,2,1,9,12,23,11,19,13,16],[6,2,22,14,18,21,17,20,10,1,9],[18,14,10,6,2,22,21,17,20,1,9],[10,18,2,22,21,17,24,20,14,6,1,9,12,23,11,19,13,16],[18,2,14,10,22,21,17,20,6,1,9],[22,2,14,18,17,21,20,6,10,1,12,9,24,11,23,19,13,16],[22,2,6,10,18,17,21,24,20,14,1,9,12,11,23,19,13,16],[2,18,10,22,21,17,20,14,6,1,12,9,23,24,11,19,13,16],[2,6,22,18,17,21,20,10,14,1,9],[6,2,10,22,18,17,21,20,14,1,9],[22,2,18,17,21,20,14,6,10,1,9],[22,10,14,18,17,21,20,2,6,1,9],[10,18,22,21,17,24,20,2,6,14,1,9,12,11,23,19,13,16],[2,10,14,18,22,17,21,20,6,1,9],[10,2,14,18,22,17,21,20,6,1,9],[18,22,21,17,20,2,6,14,10,1,9],[18,22,17,21,20,14,6,2,10,9,1],[22,18,21,17,20,10,2,14,6,4,9,23,1,12,24,11,19,13,16],[10,2,14,22,18,17,21,24,20,6,1,9,12,11,23,19,13,16],[14,2,10,22,18,21,17,24,20,6,1,9,12,11,23,19,13,16],[6,18,2,22,21,17,24,20,14,10,1,9,12,11,23,19,13,16],[10,14,18,2,22,17,21,24,20,6,1,9,12,23,11,19,13,16],[22,14,18,17,21,20,10,6,2,11,1],[22,14,18,17,21,24,20,2,10,6,1,9,12,11,23,19,13,16],[18,10,22,21,17,24,20,2,6,14,1,9,12,23,11,19,13,16],[10,22,18,21,17,24,20,2,14,6,1,9,12,11,23,19,13,16],[10,2,14,18,6,22,21,17,20,1,9],[18,2,22,21,17,24,20,14,6,10,1,9,12,23,11,19,13,16],[2,14,22,18,17,21,24,20,10,6,1,9,12,23,11,19,13,16],[18,22,21,17,20,14,2,10,6,1,9],[6,14,2,10,22,18,21,17,24,20,1,9,12,23,11,19,13,16],[10,2,22,18,21,17,20,14,6,1,9],[22,18,21,17,24,20,6,2,14,10,1,9,12,11,23,19,13,16],[6,10,22,18,21,17,20,14,2,1,9],[2,6,22,14,18,21,17,24,20,10,1,9,12,11,23,19,13,16],[18,14,22,21,17,24,20,6,2,10,1,9,12,11,23,19,13,16],[22,2,18,17,21,24,20,6,10,14,1,9,12,23,11,19,13,16],[10,18,2,6,14,22,17,21,24,20,1,9,12,23,11,19,13,16],[6,22,10,2,18,17,21,24,20,14,1,9,12,11,23,19,13,16],[22,14,18,17,21,20,10,2,6,1,9],[10,14,18,6,22,21,17,20,2,1,9],[2,22,14,18,17,21,20,10,6,4,12,9,24,23,11,1,19,13,16],[2,10,6,14,22,18,21,17,24,20,1,9,12,11,23,19,13,16],[22,10,18,17,21,20,14,6,2,1,12,9,24,11,23,19,13,16],[22,18,17,21,24,20,14,10,6,2,1,9,12,23,11,19,13,16],[10,14,2,22,18,21,17,24,20,6,1,9,12,23,11,19,13,16],[6,18,2,10,14,22,17,21,24,20,1,9,12,23,11,19,13,16],[2,10,18,6,22,21,17,20,14,1,12,9,24,23,11,19,13,16],[6,22,14,10,18,17,21,24,20,2,1,9,12,11,23,19,13,16],[14,2,22,10,6,18,17,21,24,20,1,9,12,11,23,19,13,16],[2,18,14,10,22,21,17,20,6,1,11],[6,18,22,21,17,20,14,10,2,4,9,12,24,23,11,1,19,13,16],[10,6,22,2,18,17,21,24,20,14,1,9,12,23,11,19,13,16],[18,14,10,6,22,17,21,24,20,2,1,9,12,11,23,19,13,16],[6,2,18,14,10,22,17,21,20,1,11],[18,10,14,6,22,17,21,20,2,1,9],[10,6,2,22,14,18,21,17,24,20,1,9,12,11,23,19,13,16],[6,10,14,22,2,18,21,17,24,20,1,9,12,23,11,19,13,16],[6,18,22,21,17,24,20,10,14,2,1,9,12,23,11,19,13,16],[10,14,22,6,18,21,17,24,20,2,1,9,12,23,11,19,13,16],[22,6,2,10,14,18,21,17,24,20,1,9,12,23,11,19,13,16],[10,18,6,22,17,21,24,20,14,2,1,9,12,23,11,19,13,16],[10,2,14,22,18,17,21,20,6,1,9],[14,2,22,10,18,17,21,24,20,6,1,9,12,23,11,19,13,16],[14,2,10,22,18,17,21,20,6,1,9],[10,6,22,18,21,17,20,14,2,1,9],[6,10,22,2,14,18,21,17,24,20,1,9,12,23,11,19,13,16],[2,22,14,10,18,17,21,24,20,6,1,9,12,23,11,19,13,16],[18,10,2,22,21,17,24,20,14,6,1,9,12,23,11,19,13,16],[22,14,18,17,21,20,2,10,6,1,9],[2,10,14,6,18,22,21,17,24,20,1,9,12,11,23,19,13,16],[14,22,18,17,21,24,20,2,6,10,1,9,12,23,11,19,13,16],[6,18,22,17,21,24,20,14,2,10,1,9,12,23,11,19,13,16],[14,10,18,22,21,17,24,20,6,2,1,9,12,23,11,19,13,16],[2,22,6,14,10,18,21,17,24,20,1,9,12,11,23,19,13,16],[2,6,22,18,21,17,24,20,14,10,1,9,12,11,23,19,13,16],[14,22,6,2,10,18,21,17,20,1,9],[6,10,14,2,18,22,17,21,24,20,1,9,12,23,11,19,13,16],[2,18,14,10,6,22,17,21,20,1,12,9,24,11,23,19,13,16],[6,14,22,18,21,17,20,2,10,3,11],[6,2,18,14,10,22,21,17,24,20,1,9,12,11,23,19,13,16],[10,22,18,17,21,24,20,14,2,6,1,9,12,11,23,19,13,16],[6,14,2,22,18,21,17,20,10,1,9],[6,10,22,2,18,21,17,20,14,9,1],[14,2,10,18,6,22,17,21,20,1,9],[18,10,22,21,17,20,14,2,6,1,9],[14,10,22,18,17,21,20,6,2,1,9],[14,6,22,10,18,17,21,24,20,2,1,9,12,11,23,19,13,16],[10,22,18,21,17,20,14,2,6,1,9],[2,14,6,18,10,22,17,21,20,3,9,12,24,11,23,19,13,16,15],[22,10,6,2,14,18,21,17,24,20,1,9,12,11,23,19,13,16],[6,14,10,2,18,22,17,21,24,20,1,9,12,23,11,19,13,16],[10,2,18,6,22,17,21,24,20,14,1,9,12,11,23,19,13,16],[18,6,22,17,21,24,20,2,14,10,1,9,12,11,23,19,13,16],[10,22,2,18,21,17,24,20,6,14,1,9,12,11,23,19,13,16],[14,10,18,6,2,22,21,17,20,1,9],[18,14,6,22,17,21,20,10,2,4,9,12,24,23,11,1,19,13,16],[14,18,22,21,17,20,10,6,2,4,9,11],[2,22,18,21,17,24,20,14,10,6,1,9,12,23,11,19,13,16],[2,22,18,21,17,20,6,14,10,1,12,9,24,23,11,19,13,16],[14,2,22,18,17,21,24,20,10,6,1,9,12,11,23,19,13,16],[14,10,18,6,22,21,17,24,20,2,1,9,12,11,23,19,13,16],[22,10,6,14,18,21,17,20,2,1,9],[10,18,2,14,22,17,21,24,20,6,1,9,12,11,23,19,13,16],[6,18,2,10,14,22,17,21,20,1,12,9,24,23,11,19,13,16],[6,14,10,18,2,22,17,21,20,1,9],[22,14,18,17,21,24,20,6,10,2,1,9,12,11,23,19,13,16],[18,22,21,17,24,20,10,14,2,6,1,9,12,11,23,19,13,16],[22,6,18,17,21,24,20,2,14,10,1,9,12,11,23,19,13,16],[10,22,2,18,17,21,20,14,6,4,11,23,1],[6,10,14,18,2,22,17,21,24,20,1,9,12,23,11,19,13,16],[14,22,2,10,18,17,21,24,20,6,1,9,12,23,11,19,13,16],[2,6,22,18,17,21,24,20,10,14,1,9,12,11,23,19,13,16],[2,10,18,6,22,17,21,20,14,1,9],[18,2,14,6,22,17,21,24,20,10,1,9,12,11,23,19,13,16],[2,14,6,10,18,22,17,21,20,1,12,9,24,11,23,19,13,16],[10,14,6,2,22,18,21,17,20,1,9],[6,22,2,14,10,18,21,17,20,1,12,9,24,11,23,19,13,16],[22,6,14,2,18,21,17,24,20,10,1,9,12,23,11,19,13,16],[22,18,17,21,20,10,14,6,2,1,9],[18,22,21,17,20,13,14,2,10,6,1,9],[6,2,18,22,17,21,20,10,14,1,12,9,24,11,23,19,13,16],[22,10,2,14,18,21,17,24,20,6,1,9,12,11,23,19,13,16],[6,2,22,14,18,17,21,20,10,1,9],[18,2,22,21,17,20,6,10,14,1,9],[14,10,18,6,2,22,17,21,20,1,12,9,24,11,23,19,13,16],[2,14,10,22,6,18,17,21,20,1,12,9,24,11,23,19,13,16],[22,2,14,10,6,18,17,21,20,1,12,9,24,11,23,19,13,16],[14,22,10,2,18,21,17,24,20,6,1,9,12,11,23,19,13,16],[18,14,2,22,17,21,20,6,10,4,9,12,24,11,23,1,19,13,16],[6,18,2,14,10,22,17,21,24,20,1,9,12,11,23,19,13,16],[14,2,18,22,21,17,20,10,6,1,12,9,24,11,23,19,13,16],[18,22,17,21,20,10,14,2,6,1,9],[18,6,14,22,21,17,24,20,10,2,1,9,12,23,11,19,13,16],[18,22,21,17,24,20,6,10,2,14,1,9,12,23,11,19,13,16],[22,18,21,17,20,14,6,10,2,1,12,9,24,11,23,19,13,16],[14,22,2,18,21,17,20,10,6,9,1],[22,6,2,14,10,18,21,17,24,20,1,9,12,11,23,19,13,16],[14,6,18,2,22,21,17,20,10,4,9,24,12,23,11,1,19,13,16],[2,10,18,14,22,21,17,24,20,6,1,9,12,23,11,19,13,16],[18,10,14,2,6,22,21,17,20,1,9],[10,14,18,22,21,17,24,20,6,2,1,9,12,11,23,19,13,16],[2,18,6,10,14,22,21,17,20,1,9],[6,14,2,10,22,18,21,17,24,20,1,9,12,11,23,19,13,16],[2,10,14,6,22,18,17,21,20,1,9],[10,2,14,22,6,18,21,17,24,20,1,9,12,11,23,19,13,16],[18,14,2,6,22,17,21,24,20,10,1,9,12,11,23,19,13,16],[18,14,2,22,21,17,24,20,10,6,1,9,12,23,11,19,13,16],[18,10,6,2,14,22,21,17,20,1,11],[2,6,10,22,14,18,17,21,24,20,1,9,12,23,11,19,13,16],[6,14,10,18,2,22,17,21,20,1,9],[18,10,14,22,21,17,20,2,6,9,1],[6,2,14,22,10,18,21,17,20,1,9],[6,10,14,18,22,21,17,20,2,1,11],[22,14,6,18,17,21,24,20,2,10,1,9,12,23,11,19,13,16],[18,14,10,2,22,21,17,20,6,4,12,9,24,23,11,1,19,13,16],[22,14,2,6,10,18,21,17,24,20,1,9,11,12,23,19,13,16],[6,10,18,22,17,21,20,14,2,1,9],[14,10,22,18,21,17,20,6,2,1,12,9,24,23,11,19,13,16],[22,18,17,21,24,20,2,10,14,6,1,9,12,23,11,19,13,16],[6,14,22,2,18,21,17,20,10,1,9],[2,6,18,14,10,22,17,21,24,20,1,9,12,23,11,19,13,16],[22,14,10,2,6,18,17,21,24,20,1,9,12,23,11,19,13,16],[22,2,14,10,18,17,21,24,20,6,1,9,12,11,23,19,13,16],[10,18,22,21,17,20,2,14,6,1,9],[10,2,6,18,14,22,21,17,24,20,1,9,12,23,11,19,13,16],[14,18,10,2,6,22,17,21,20,1,9],[6,18,10,14,22,21,17,24,20,2,1,9,12,11,23,19,13,16],[6,2,14,22,18,17,21,24,20,10,1,9,12,11,23,19,13,16],[14,22,2,6,18,17,21,20,10,1,11],[18,6,2,14,10,22,21,17,20,1,9],[6,10,2,14,18,22,21,17,24,20,1,9,12,23,11,19,13,16],[2,6,18,14,10,22,17,21,24,20,1,9,12,23,11,19,13,16],[10,22,2,14,6,18,21,17,24,20,1,9,12,11,23,19,13,16],[6,2,22,18,17,21,20,14,10,1,9],[6,10,2,22,14,18,21,17,24,20,1,9,12,11,23,19,13,16],[22,2,14,18,21,17,24,20,10,6,1,9,12,23,11,19,13,16],[14,22,10,2,6,18,17,21,20,1,9],[18,2,14,10,6,22,17,21,20,1,9],[14,18,2,6,22,17,21,24,20,10,1,9,12,11,23,19,13,16],[18,2,22,17,21,20,14,10,6,1,9],[10,22,18,21,17,24,20,14,6,2,1,9,12,23,11,19,13,16],[18,22,21,17,20,6,14,2,10,4,9,11],[14,6,2,18,10,22,17,21,24,20,1,9,12,23,11,19,13,16],[22,10,18,21,17,20,14,6,2,1,9],[10,2,22,18,17,21,20,6,14,1,9],[10,14,22,18,21,17,20,6,2,1,11],[22,14,2,6,18,21,17,24,20,10,1,9,12,23,11,19,13,16],[14,6,2,22,10,18,17,21,24,20,1,9,12,11,23,19,13,16],[6,10,18,2,22,17,21,24,20,14,1,9,12,23,11,19,13,16],[14,10,18,6,22,17,21,20,2,1,9],[22,14,2,10,18,21,17,24,20,6,1,9,12,11,23,19,13,16],[6,14,18,2,22,21,17,20,10,1,9],[14,6,10,18,22,21,17,24,20,2,1,9,12,23,11,19,13,16],[2,14,10,18,22,17,21,20,6,1,9],[2,14,22,10,18,21,17,24,20,6,1,9,12,23,11,19,13,16],[2,10,22,18,17,21,20,14,6,1,12,9,24,23,11,19,13,16],[10,14,6,2,22,18,17,21,24,20,1,9,12,11,23,19,13,16],[18,2,14,22,21,17,24,20,10,6,1,9,12,11,23,19,13,16],[18,10,14,6,22,17,21,20,2,1,9],[6,18,14,22,21,17,24,20,2,10,1,9,12,23,11,19,13,16],[10,2,14,22,6,18,17,21,24,20,1,9,12,23,11,19,13,16],[10,14,6,18,22,17,21,20,2,1,9],[10,18,6,2,22,17,21,24,20,14,1,9,12,23,11,19,13,16],[6,14,10,22,18,21,17,24,20,2,1,9,12,11,23,19,13,16],[6,18,10,2,14,22,17,21,20,3,11],[22,2,6,14,10,18,21,17,20,1,12,9,24,23,11,19,13,16],[6,10,2,22,18,17,21,20,14,1,9],[10,6,2,18,22,17,21,20,14,1,9],[6,22,10,14,18,17,21,24,20,2,1,9,12,11,23,19,13,16],[22,10,6,18,21,17,24,20,14,2,1,9,12,11,23,19,13,16],[14,18,22,17,21,24,20,10,6,2,1,9,12,23,11,19,13,16],[6,2,14,10,22,18,21,17,24,20,1,9,12,11,23,19,13,16],[2,6,18,14,10,22,17,21,24,20,1,9,12,23,11,19,13,16],[22,10,2,14,6,18,17,21,24,20,1,9,12,23,11,19,13,16],[2,6,22,18,17,21,20,10,14,1,9],[2,18,14,6,22,21,17,24,20,10,1,9,12,23,11,19,13,16],[18,2,14,22,21,17,24,20,6,10,1,9,12,23,11,19,13,16],[18,2,14,10,22,21,17,24,20,6,1,9,12,23,11,19,13,16],[22,18,21,17,24,20,6,10,14,2,1,9,12,23,11,19,13,16],[22,14,18,17,21,20,2,6,10,1,9],[18,10,22,21,17,24,20,14,2,6,1,9,12,23,11,19,13,16],[18,2,10,14,6,22,17,21,24,20,1,9,12,11,23,19,13,16],[22,18,17,21,20,10,2,6,14,1,9],[14,18,6,22,17,21,24,20,10,2,1,9,12,11,23,19,13,16],[6,10,18,2,14,22,21,17,20,1,9],[6,2,18,10,22,17,21,20,14,1,12,9,24,23,11,19,13,16],[14,2,22,6,18,17,21,24,20,10,1,9,12,23,11,19,13,16],[10,14,6,18,2,22,17,21,20,1,11],[6,18,14,10,2,22,17,21,20,1,12,9,24,11,23,19,13,16],[18,22,21,17,20,10,14,6,2,9,1],[6,2,10,14,22,18,17,21,24,20,1,9,12,23,11,19,13,16],[18,22,17,21,20,6,14,2,10,1,23,9,12,24,11,19,13,16],[18,22,21,17,20,10,14,6,2,1,12,9,24,11,23,19,13,16],[10,14,22,6,2,18,17,21,24,20,1,9,12,23,11,19,13,16],[6,18,2,22,17,21,20,10,14,9,1],[14,18,2,10,22,21,17,24,20,6,1,9,12,23,11,19,13,16],[18,10,22,21,17,24,20,2,14,6,1,9,12,11,23,19,13,16],[10,22,18,21,17,24,20,14,2,6,1,9,12,11,23,19,13,16],[14,6,18,22,17,21,24,20,2,10,1,9,12,11,23,19,13,16],[22,2,18,21,17,24,20,10,14,6,1,9,12,11,23,19,13,16],[18,2,10,22,17,21,20,6,14,1,9],[22,6,14,10,18,17,21,24,20,2,1,9,12,11,23,19,13,16],[22,10,6,18,17,21,20,2,14,1,9],[2,18,14,6,22,21,17,20,10,1,9],[14,2,22,10,6,18,17