{"problem_id":"fTMMxtYEPrwTYbR","sigma":150,"alpha":3.162,"cost":0,"probabilities":"[0.31, 0.11, 0.35, 0.23]","payoff_matrix":"[[43, 100, 193, -55, -82, -139], [150, 16, -152, 31, 366, -96], [-44, -40, -95, 304, 1, 122], [91, 185, 231, 58, 188, 119]]","uncovered":[[3,7,11,15,19,23,21,17],[23,19,7,15,21,11,3,17],[23,19,7,3,15,21,11,13,17],[23,3,19,15,13,21,7,11,17],[23,19,11,7,3,15,13,21,17],[3,19,7,15,11,23,21,13,17],[7,23,15,21,19,3,11,17],[15,11,23,21,3,7,19,13,17],[19,23,7,3,15,13,21,11,17],[19,3,7,23,15,21,11,17],[19,11,23,3,15,21,7,13,17],[11,7,23,15,13,21,19,3,17],[23,3,11,15,13,21,19,7,17],[7,3,15,23,21,11,19,17],[11,3,19,15,23,13,21,7,17],[11,15,23,13,21,7,19,3,17],[19,15,11,3,23,21,7,13,17],[19,15,3,7,11,21,17],[3,7,15,11,23,13,21,19,17],[23,19,11,7,15,21,3,14],[3,19,23,15,21,7,11,13,17],[15,11,3,19,23,21,7,13,17],[11,15,23,13,21,19,3,7,17],[11,19,15,23,21,3,7,13,17],[3,15,19,23,21,7,11,13,17],[19,3,11,7,15,23,21,17],[7,15,3,19,23,13,21,11,17],[7,15,3,23,13,21,11,19,17],[23,7,19,15,21,11,3,17],[23,11,7,3,19,15,21,17],[3,11,19,7,15,23,13,21,17],[15,19,7,11,23,21,3,13,17],[19,11,3,23,15,21,7,13,17],[7,3,19,11,15,23,13,21,17],[15,3,11,19,7,23,13,21,17],[7,3,15,11,19,23,21,17],[3,15,23,21,11,19,7,17],[15,19,11,3,7,23,13,21,17],[7,11,19,15,23,21,3,18,13,17],[19,7,11,15,23,21,3,13,17],[19,15,23,21,11,3,7,18,13,17],[23,11,15,13,21,3,7,19,17],[19,15,3,11,23,13,21,7,17],[11,15,23,13,21,19,7,3,17],[19,15,7,3,23,13,21,11,17],[23,7,11,15,21,3,19,17],[3,15,11,19,7,23,21,13,17],[23,3,15,21,7,11,19,17],[7,3,19,23,15,13,21,11,17],[15,7,23,21,3,11,19,14],[3,15,19,23,13,21,11,7,17],[7,3,23,11,19,15,21,14],[11,7,23,15,13,21,3,19,17],[3,15,7,11,19,23,13,21,17],[19,7,3,23,11,15,13,21,17],[23,15,13,21,11,7,19,3,17],[23,15,13,21,3,11,19,7,17],[23,7,15,21,11,3,19,17],[19,7,15,3,11,23,13,21,17],[15,11,19,3,7,23,21,17],[3,15,11,23,13,21,19,7,17],[19,11,7,15,23,21,3,13,17],[7,19,3,15,23,21,11,13,17],[7,3,23,19,11,15,21,13,17],[3,23,19,15,21,11,7,13,17],[19,23,15,21,11,7,3,17],[15,11,19,23,13,21,3,7,17],[7,11,3,19,23,15,13,21,17],[15,7,19,3,11,23,13,21,17],[3,7,23,19,15,21,11,17],[11,19,23,3,15,13,21,7,17],[11,19,15,7,3,23,21,17],[23,15,13,21,3,19,7,11,17],[7,19,3,23,15,21,11,13,17],[11,19,23,7,3,15,21,13,17],[11,15,19,7,23,13,21,3,17],[11,7,15,3,19,23,13,21,17],[15,11,23,13,21,3,19,7,17],[7,23,15,13,21,11,19,3,17],[23,3,7,15,13,21,19,11,17],[15,19,3,23,13,21,7,11,17],[19,3,7,11,23,15,21,13,17],[3,19,23,15,13,21,7,11,17],[3,15,19,23,13,21,11,7,17],[19,11,15,3,23,13,21,7,17],[3,11,15,23,13,21,7,19,17],[7,15,11,3,19,23,13,21,17],[19,15,7,3,23,21,11,13,17],[23,19,7,15,13,21,3,11,17],[19,7,23,15,21,3,11,13,17],[11,7,23,19,15,21,3,13,17],[23,19,11,7,3,15,13,21,17],[11,3,7,15,23,13,21,19,17],[15,23,21,19,11,7,3,13,17],[15,3,11,7,19,23,21,13,17],[3,23,7,15,21,11,19,17],[19,11,3,7,23,15,21,17],[15,3,5,7,23,13,21,19,11,17],[7,3,15,23,21,11,19,17],[3,23,11,15,13,21,19,7,17],[23,15,21,3,7,11,19,13,17],[11,15,23,13,21,7,19,3,17],[19,3,7,15,11,23,21,13,17],[3,7,11,19,15,23,21,13,17],[15,4,3,19,7,11,23,13,21,17],[7,3,11,19,23,15,13,21,17],[3,7,15,11,23,21,19,13,17],[7,23,15,21,19,11,3,13,17],[11,15,23,21,19,3,7,13,17],[11,7,23,15,13,21,19,3,17],[15,23,13,21,19,11,7,3,17],[19,23,3,11,15,13,21,7,17],[7,23,3,11,15,21,19,13,17],[19,7,3,23,11,15,21,17],[15,11,19,23,13,21,7,3,17],[11,23,19,3,15,21,7,17],[11,3,15,7,23,13,21,19,17],[11,19,3,7,15,23,21,17],[3,7,19,15,11,23,21,13,17],[3,19,15,23,13,21,7,11,17],[3,15,7,19,11,23,13,21,17],[7,15,11,3,23,13,21,19,17],[19,15,23,13,21,7,3,11,17],[15,23,13,21,19,3,7,11,17],[19,23,7,11,3,15,13,21,17],[11,23,3,7,15,13,21,19,17],[19,3,11,7,23,15,13,21,17],[19,15,23,13,21,7,3,11,17],[11,15,19,23,21,3,7,17],[15,19,3,11,7,23,21,17],[23,11,7,3,19,15,13,21,17],[11,19,7,15,23,21,3,17],[15,3,19,23,13,21,7,11,17],[23,11,19,15,13,21,3,7,17],[23,11,19,15,21,6,3,7,13,17],[23,11,15,13,21,7,19,3,17],[15,3,7,19,11,23,13,21,17],[7,23,3,19,11,15,13,21,17],[19,23,7,11,3,15,21,20,13,17],[19,7,3,11,15,23,21,13,17],[15,11,7,3,19,23,13,21,17],[23,7,3,15,13,21,11,19,17],[23,11,19,15,21,3,7,17],[3,15,19,11,23,21,7,17],[23,19,11,7,15,21,3,17],[3,23,11,19,7,15,13,21,17],[7,19,11,3,15,23,13,21,17],[3,15,23,13,21,19,11,7,17],[7,11,3,15,23,21,19,17],[15,11,23,21,3,7,19,17],[15,7,23,13,21,3,19,11,17],[11,19,15,3,7,23,13,21,17],[7,19,11,23,3,15,21,13,17],[3,23,7,11,19,15,21,13,17],[15,3,19,7,23,21,11,13,17],[3,19,15,11,23,21,7,13,17],[7,15,11,23,13,21,3,19,17],[7,3,19,23,15,21,11,17],[15,23,13,21,3,19,11,7,17],[15,7,23,21,19,3,11,17],[19,23,3,15,13,21,11,7,17],[23,19,15,13,21,7,11,3,17],[7,15,3,19,11,23,21,13,17],[15,23,21,7,19,11,3,13,17],[15,3,11,23,13,21,19,7,17],[11,7,19,15,23,13,21,3,17],[11,23,3,15,13,21,19,7,17],[19,7,23,15,21,11,3,17],[3,15,11,7,23,13,21,19,17],[19,11,3,15,7,23,13,21,17],[3,11,19,7,23,15,21,17],[3,11,23,7,15,13,21,19,17],[7,3,19,11,15,23,13,21,17],[19,7,3,15,23,21,11,13,17],[11,7,15,23,13,21,19,3,17],[3,7,15,19,23,21,11,13,17],[3,11,15,7,19,23,21,13,17],[11,23,15,13,21,19,7,3,17],[3,23,7,19,15,21,11,17],[23,15,21,19,3,11,7,13,17],[15,19,7,11,3,23,13,21,17],[15,3,19,7,11,23,13,21,17],[15,23,21,19,11,7,3,17],[11,15,19,7,23,13,21,3,17],[11,3,23,7,15,21,19,17],[7,23,3,15,21,11,19,17],[3,7,15,19,11,23,13,21,17],[11,19,3,23,15,13,21,7,17],[7,23,19,11,15,13,21,3,17],[23,15,13,21,19,7,11,3,17],[23,3,11,15,13,21,7,19,17],[3,11,15,19,7,23,13,21,17],[15,3,11,7,23,21,19,17],[23,15,21,3,19,7,11,13,17],[23,19,15,13,21,11,3,7,17],[23,11,19,7,3,15,13,21,17],[15,7,11,3,19,23,21,17],[7,19,15,3,23,13,21,11,17],[19,7,15,11,23,13,21,3,17],[3,23,19,11,15,13,21,7,17],[23,3,15,21,7,11,19,17],[11,15,3,19,7,23,13,21,17],[11,15,3,7,19,23,21,17],[19,15,23,13,21,7,3,11,17],[23,3,19,15,21,7,11,13,17],[11,23,7,3,15,21,19,13,17],[15,23,21,19,7,3,11,17],[3,15,19,11,7,23,21,13,17],[3,19,11,7,23,15,13,21,17],[19,23,11,3,7,15,21,13,17],[19,15,23,13,21,7,3,11,17],[11,7,15,19,3,23,21,17],[11,7,23,19,3,15,13,21,17],[19,11,15,3,7,23,13,21,17],[11,7,15,23,13,21,3,19,17],[15,19,11,3,7,23,21,17],[15,11,23,13,21,19,7,3,17],[11,23,19,7,15,13,21,3,17],[23,3,11,15,21,7,19,20,13,17],[7,15,11,23,21,3,19,17],[11,15,19,23,13,21,7,3,17],[7,3,23,19,15,13,21,11,17],[11,7,15,3,23,21,19,17],[3,23,11,15,13,21,7,19,17],[23,15,13,21,19,7,11,3,17],[11,15,7,19,3,23,21,13,17],[15,19,3,23,13,21,11,7,17],[15,19,7,23,13,21,11,3,17],[15,3,23,13,21,7,19,11,17],[23,3,15,13,21,7,19,11,17],[7,23,15,21,3,19,11,17],[23,15,13,21,11,19,3,7,17],[15,3,19,23,21,11,7,13,17],[11,15,23,21,7,3,19,13,17],[11,19,23,7,3,15,13,21,17],[3,19,11,7,15,23,21,17],[15,19,7,11,3,23,21,13,17],[3,11,7,19,23,15,13,21,17],[11,15,3,23,21,7,19,13,17],[7,3,19,11,15,23,21,14],[19,3,11,23,7,15,21,13,17],[11,23,19,7,3,15,21,17],[15,19,3,7,11,23,21,13,17],[15,3,19,11,7,23,13,21,17],[15,11,7,3,23,21,19,17],[3,19,15,11,7,23,21,17],[19,23,15,21,7,3,11,13,17],[3,19,23,15,21,7,11,17],[7,23,19,15,21,11,3,17],[19,7,11,3,23,15,13,21,17],[15,23,13,21,7,11,3,19,17],[11,3,15,23,13,21,7,19,17],[19,7,3,11,23,15,13,21,17],[3,11,19,7,15,23,13,21,17],[3,15,7,11,19,23,13,21,17],[3,11,19,15,7,23,21,17],[19,15,3,11,7,23,13,21,17],[3,15,23,13,21,7,11,19,17],[15,3,23,21,19,7,11,13,17],[3,11,7,19,23,15,21,13,17],[7,3,19,11,23,15,13,21,17],[15,23,13,21,19,3,11,7,17],[3,7,15,23,21,19,11,17],[7,11,23,15,21,3,19,17],[3,7,23,11,19,15,13,21,17],[15,3,11,23,21,19,7,17],[11,23,7,15,21,19,3,17],[3,19,7,15,23,21,11,13,17],[3,19,15,11,23,21,7,17],[11,7,23,3,19,15,21,17],[11,3,23,7,19,15,21,17],[11,3,15,7,19,23,21,17],[19,3,11,7,15,23,21,13,17],[11,23,19,15,13,21,3,7,17],[11,19,15,23,13,21,3,7,17],[23,15,13,21,19,11,7,3,17],[15,11,3,7,23,13,21,19,17],[3,19,23,11,7,15,13,21,17],[19,3,7,11,23,15,21,17],[3,19,23,15,13,21,11,7,17],[19,3,7,15,11,23,13,21,17],[11,23,3,7,15,21,19,17],[7,3,11,23,19,15,13,21,17],[7,3,23,19,11,15,21,13,17],[15,23,13,21,11,19,3,7,17],[23,19,7,15,21,3,11,17],[7,15,3,19,11,23,21,20,13,17],[15,3,7,11,19,23,13,21,17],[3,19,15,11,23,21,7,13,17],[23,7,15,13,21,3,11,19,17],[15,3,23,21,11,19,7,13,17],[19,3,15,23,21,7,11,13,17],[3,19,11,7,23,15,13,21,17],[11,3,23,19,15,13,21,7,17],[7,23,3,11,15,21,19,13,17],[3,7,19,15,11,23,21,17],[23,19,11,15,13,21,7,3,17],[7,15,23,21,19,3,11,17],[19,15,3,11,7,23,21,13,17],[15,11,23,21,3,7,17,13],[19,7,11,15,23,13,21,3,17],[7,11,23,3,19,15,21,17],[7,11,15,3,19,23,13,21,17],[15,3,7,23,13,21,11,19,17],[3,7,15,19,23,13,21,11,17],[15,3,7,23,21,11,19,17],[11,19,3,23,7,15,13,21,17],[3,7,11,19,23,15,21,14],[23,3,11,15,13,21,19,7,17],[11,7,19,15,23,21,3,13,17],[15,23,13,21,11,7,3,19,17],[15,23,13,21,11,19,3,7,17],[19,11,15,7,3,23,13,21,17],[11,23,19,7,15,21,3,17],[23,19,3,11,15,13,21,7,17],[7,3,15,11,19,23,21,17],[23,19,3,15,21,11,7,17],[15,11,7,3,23,21,19,17],[7,19,23,3,15,13,21,11,17],[23,3,19,11,15,13,21,7,17],[3,7,23,15,21,19,11,17],[7,19,23,3,11,15,13,21,17],[7,19,15,23,13,21,11,3,17],[3,23,11,15,13,21,19,7,17],[19,7,23,15,13,21,3,11,17],[23,3,7,11,15,13,21,19,17],[19,3,15,7,23,13,21,11,17],[3,19,15,11,23,21,7,17],[11,3,15,7,19,23,13,21,17],[11,3,19,23,7,15,13,21,17],[11,19,23,3,7,15,21,13,17],[19,3,15,7,11,23,21,17],[7,23,19,15,21,11,3,13,17],[3,7,15,19,23,21,11,17],[15,23,21,7,19,11,3,17],[11,19,15,3,7,23,13,21,17],[15,19,3,23,21,11,7,13,17],[23,3,11,7,15,13,21,19,17],[11,23,3,15,13,21,19,7,17],[7,3,15,23,13,21,19,11,17],[7,19,11,15,23,13,21,3,17],[3,19,7,23,11,15,21,17],[11,15,19,3,7,23,21,17],[7,15,11,3,19,23,13,21,17],[7,3,15,23,13,21,11,19,17],[11,7,3,23,15,21,19,17],[11,15,23,13,21,3,19,7,17],[23,7,15,21,3,11,19,13,17],[23,19,3,7,11,15,21,17],[19,23,7,15,21,11,3,13,17],[15,23,21,19,11,3,7,13,17],[15,3,11,19,7,23,21,13,17],[23,7,15,21,3,11,19,17],[7,23,15,13,21,3,19,11,17],[23,3,19,11,15,13,21,7,17],[15,3,11,23,13,21,19,7,17],[11,23,7,15,13,21,3,19,17],[15,7,3,19,23,13,21,11,17],[7,15,3,23,13,21,19,11,17],[7,11,3,15,19,23,21,13,17],[23,3,19,7,11,15,13,21,17],[15,11,23,21,19,7,3,13,17],[15,3,19,23,21,7,11,17],[11,3,7,19,15,23,21,13,17],[15,3,19,7,11,23,21,13,17],[15,23,21,11,19,7,3,17],[11,15,23,13,21,7,19,3,17],[11,15,3,23,21,7,19,16],[3,7,23,19,11,15,13,21,17],[7,3,19,11,23,15,21,13,17],[7,11,15,19,3,23,13,21,17],[19,3,7,15,23,21,11,17],[3,7,15,19,23,13,21,11,17],[11,19,7,15,3,23,13,21,17],[19,23,15,21,7,3,11,13,17],[7,15,3,11,19,23,13,21,17],[15,11,23,13,21,7,19,3,17],[15,23,13,21,3,19,11,7,17],[7,15,23,13,21,11,19,3,17],[15,23,13,21,19,3,11,7,17],[23,11,3,7,19,15,13,21,17],[19,3,15,23,21,11,7,17],[7,23,11,3,15,21,19,17],[7,15,23,13,21,11,3,19,17],[11,7,23,19,15,21,3,13,17],[11,7,19,3,15,23,13,21,17],[19,7,23,11,15,13,21,3,17],[15,7,23,21,11,19,3,13,17],[3,11,7,19,15,23,21,13,17],[7,23,11,19,3,15,13,21,17],[11,15,23,21,19,3,7,13,17],[11,15,3,23,13,21,19,7,17],[7,19,15,23,21,3,11,13,17],[15,11,7,23,21,3,19,13,17],[19,15,11,7,23,13,21,3,17],[23,15,21,11,7,3,19,13,17],[7,11,23,3,19,15,21,13,17],[19,7,11,3,23,15,13,21,17],[23,19,11,15,13,21,3,7,17],[7,23,15,13,21,19,11,3,17],[19,15,11,3,7,23,13,21,17],[19,15,7,3,23,13,21,11,17],[15,11,7,23,13,21,3,19,17],[7,19,15,11,3,23,21,13,17],[23,7,19,15,13,21,3,11,17],[7,15,19,3,23,13,21,11,17],[15,3,23,13,21,11,19,7,17],[3,23,15,13,21,11,7,19,17],[3,19,11,7,15,23,21,13,17],[3,19,23,11,15,21,7,14],[23,11,7,3,19,15,13,21,17],[11,19,15,23,13,21,3,7,17],[15,11,23,21,19,3,7,13,17],[11,23,19,15,21,7,3,13,17],[7,19,23,3,11,15,21,20,13,17],[3,19,11,15,23,13,21,7,17],[23,3,15,13,21,7,19,11,17],[3,11,23,15,13,21,19,7,17],[19,15,23,21,11,3,7,17],[7,19,15,3,11,23,13,21,17],[11,23,7,19,15,13,21,3,17],[23,19,7,15,21,11,3,13,17],[23,3,11,7,15,21,19,17],[7,11,19,15,3,23,21,13,17],[15,19,11,23,21,7,3,13,17],[15,3,23,21,11,7,19,13,17],[23,3,7,19,15,21,11,13,17],[15,7,19,23,21,3,11,20,13,17],[11,7,3,15,23,21,19,18,13,17],[15,7,3,19,23,13,21,11,17],[19,23,7,3,15,21,11,17],[3,23,7,15,21,11,19,17],[23,15,21,11,19,3,7,13,17],[3,15,7,11,23,13,21,19,17],[7,23,3,11,19,15,21,13,17],[23,11,19,15,21,7,3,13,17],[11,3,19,23,15,21,7,20,13,17],[3,11,19,23,15,21,7,13,17],[19,7,11,3,23,15,13,21,17],[3,7,23,19,11,15,21,13,17],[7,11,3,23,19,15,21,20,13,17],[11,19,23,7,3,15,21,13,17],[11,7,23,15,13,21,3,19,17],[7,15,19,11,23,21,3,17],[11,7,23,19,3,15,13,21,17],[19,23,15,13,21,7,3,11,17],[3,23,11,7,19,15,21,17],[23,7,11,15,13,21,3,19,17],[3,19,15,23,21,11,7,13,17],[7,11,3,15,23,21,19,17],[7,11,19,15,23,13,21,3,17],[7,11,15,3,19,23,21,13,17],[19,11,7,15,3,23,21,18,13,17],[23,19,15,21,3,11,7,17],[19,7,23,15,13,21,11,3,17],[23,7,11,19,3,15,13,21,17],[15,19,3,23,13,21,7,11,17],[3,15,7,23,21,11,19,13,17],[11,23,7,15,21,19,3,13,17],[19,15,7,3,11,22,23,13,21,17],[7,19,15,3,11,23,21,13,17],[7,3,11,19,15,23,21,17],[23,15,21,7,19,3,11,13,17],[11,3,19,23,15,21,7,17],[3,19,23,7,11,15,13,21,17],[15,19,7,11,3,23,21,17],[7,3,19,23,15,13,21,11,17],[19,11,7,3,15,21,13,17],[19,15,22,3,11,7,23,13,21,17],[19,23,15,13,21,3,11,7,17],[7,15,3,23,13,21,11,19,17],[7,11,3,19,15,23,13,21,17],[15,7,19,3,23,21,11,13,17],[11,3,15,19,7,21,17],[23,19,15,21,11,1,7,3,17],[19,11,23,3,15,21,7,13,17],[7,15,11,3,19,23,21,13,17],[23,11,3,19,15,13,21,7,17],[7,11,19,23,15,13,21,3,17],[3,7,19,11,15,23,13,21,17],[19,11,7,23,3,15,21,13,17],[3,23,7,15,13,21,11,19,17],[7,3,11,19,23,15,21,13,17],[11,7,3,23,19,15,21,13,17],[3,23,11,7,19,15,13,21,17],[7,11,3,15,19,23,21,20,13,17],[3,19,7,11,23,15,13,21,17],[7,15,3,23,13,21,19,11,17],[11,7,15,19,23,21,3,17],[23,11,7,3,19,15,21,20,13,17],[11,23,7,3,19,15,21,13,17],[15,3,7,11,19,23,21,17],[3,15,7,23,21,19,11,17],[7,11,3,15,23,21,19,17],[19,7,3,11,23,15,21,13,17],[3,19,15,7,23,21,11,13,17],[7,23,11,19,3,15,21,13,17],[11,7,23,15,21,3,19,13,17],[15,23,13,21,3,11,7,19,17],[3,7,11,19,15,23,13,21,17],[15,3,11,23,13,21,19,7,17],[7,15,11,3,19,23,13,21,17],[19,15,7,11,23,21,3,13,17],[15,7,23,13,21,3,19,11,17],[7,23,19,3,15,13,21,11,17],[3,23,7,19,11,15,21,17],[23,7,15,21,3,11,19,13,17],[11,19,23,15,21,3,7,17],[15,23,21,7,3,11,19,13,17],[11,7,23,15,21,3,19,17],[15,3,19,7,11,23,21,13,17],[11,15,3,19,23,21,7,17],[11,19,3,15,23,13,21,7,17],[15,19,23,21,11,7,3,20,13,17],[19,11,23,15,13,21,7,3,17],[3,19,15,23,21,7,11,20,13,17],[23,3,19,7,15,21,11,20,13,17],[19,3,15,23,21,11,7,13,17],[3,19,23,15,13,21,11,7,17],[19,11,15,23,21,3,7,13,17],[7,23,11,15,21,3,19,13,17],[7,3,23,11,15,13,21,19,17],[19,3,23,11,15,21,5,7,13,17],[19,23,3,11,15,21,7,13,17],[3,15,7,23,21,11,19,13,17],[11,7,19,3,15,23,21,13,17],[3,23,11,7,15,21,19,17],[23,7,3,19,15,21,11,13,17],[7,23,3,15,13,21,19,11,17],[15,3,19,23,13,21,11,7,17],[19,7,11,15,23,21,3,13,17],[3,19,15,23,13,21,7,11,17],[11,7,19,3,15,23,13,21,17],[15,7,19,23,13,21,11,3,17],[11,19,3,7,15,23,13,21,17],[3,19,15,23,13,21,7,11,17],[15,19,3,23,13,21,7,11,17],[19,7,11,3,23,15,13,21,17],[15,19,3,7,23,13,21,11,17],[3,11,15,7,23,21,19,13,17],[11,19,15,23,13,21,3,7,17],[15,23,21,19,11,7,1,3,13,17],[3,7,23,11,19,15,13,21,17],[11,15,7,19,3,23,21,13,17],[19,3,11,23,15,13,21,7,17],[7,23,3,15,13,21,11,19,17],[3,19,7,11,15,23,21,17],[15,3,19,23,13,21,11,7,17],[19,7,23,3,15,13,21,11,17],[7,19,3,23,15,13,21,11,17],[19,11,15,23,13,21,7,3,17],[7,23,19,11,15,13,21,3,17],[7,23,11,3,19,15,21,17],[15,3,19,7,23,21,11,13,17],[11,23,15,13,21,3,7,19,17],[11,15,3,7,19,23,13,21,17],[23,11,3,15,21,19,7,17],[7,11,23,3,19,15,21,17],[19,15,7,11,3,23,21,13,17],[7,3,19,11,23,15,13,21,17],[11,3,23,7,19,15,13,21,17],[11,19,7,15,23,21,3,17],[15,11,19,23,13,21,7,3,17],[3,19,11,7,15,23,21,13,17],[23,19,15,21,7,11,3,17],[19,15,7,11,3,23,13,21,17],[3,15,11,23,13,21,7,19,17],[15,11,19,23,13,21,7,3,17],[7,19,11,15,23,13,21,3,17],[11,19,3,15,23,21,7,17],[23,19,7,15,13,21,11,3,17],[11,15,19,23,21,3,7,13,17],[3,15,11,19,7,23,13,21,17],[23,15,21,19,3,7,11,17],[11,15,23,21,3,19,7,13,17],[15,19,11,7,23,13,21,3,17],[15,3,23,21,19,11,7,13,17],[3,19,15,23,21,11,7,13,17],[3,7,15,19,11,23,13,21,17],[3,19,7,11,15,23,21,20,13,17],[19,7,3,23,15,13,21,11,17],[19,11,7,15,3,23,13,21,17],[11,7,23,19,3,15,13,21,17],[23,3,11,19,7,15,21,17],[3,23,11,7,15,13,21,19,17],[11,7,23,15,21,19,3,13,17],[23,11,15,21,19,3,7,13,17],[7,11,19,23,3,15,13,21,17],[11,7,19,3,15,23,13,21,17],[11,19,15,1,7,23,21,3,13,17],[15,11,3,23,21,7,19,17],[7,3,11,15,23,21,19,17],[23,3,15,21,19,11,7,17],[19,7,15,11,3,21,13,17],[23,3,19,7,15,13,21,11,17],[3,15,7,11,23,13,21,19,17],[23,11,3,7,19,15,21,17],[23,19,15,13,21,3,7,11,17],[15,7,23,21,3,11,19,13,17],[3,7,23,19,11,15,13,21,17],[19,11,7,15,3,23,21,13,17],[23,7,15,21,19,11,3,17],[23,19,3,15,21,7,11,13,17],[3,11,15,23,13,21,7,19,17],[23,3,19,11,15,13,21,7,17],[7,3,15,23,13,21,19,11,17],[7,23,15,13,21,11,3,19,17],[3,19,11,15,7,23,21,17],[19,3,23,7,15,21,11,13,17],[11,23,15,21,3,19,7,13,17],[7,11,19,15,3,23,13,21,17],[11,23,7,3,19,15,13,21,17],[23,19,7,15,13,21,3,11,17],[19,15,11,23,13,21,7,3,17],[19,3,11,15,23,21,7,17],[19,23,11,15,21,7,3,16],[15,19,3,23,21,7,11,17],[19,3,15,7,11,23,13,21,17],[11,19,3,15,7,23,21,13,17],[15,3,23,21,19,7,11,13,17],[7,23,15,21,19,3,11,17],[19,15,3,11,23,13,21,7,17],[3,15,11,23,21,19,7,17],[11,19,3,7,23,15,13,21,17],[15,7,23,13,21,19,11,3,17],[15,3,23,13,21,11,7,19,17],[15,3,19,11,7,23,21,13,17],[19,23,7,15,21,3,11,17],[3,15,11,7,23,13,21,19,17],[7,3,15,9,11,23,21,19,13,17],[19,11,3,7,23,15,21,13,17],[19,3,15,11,7,23,21,13,17],[23,7,11,3,19,15,21,13,17],[11,3,15,7,19,23,21,17],[19,23,15,21,11,7,3,17],[15,3,7,19,11,23,13,21,17],[19,11,7,3,15,23,21,17],[3,11,23,19,7,15,13,21,17],[23,3,11,15,21,19,7,17],[3,15,7,11,23,21,19,17],[19,15,11,23,13,21,7,3,17],[15,3,19,11,23,13,21,7,17],[23,19,11,7,3,15,13,21,17],[19,3,23,7,15,21,11,13,17],[23,15,21,19,7,3,11,17],[3,19,7,11,23,15,21,17],[7,15,11,3,23,21,19,13,17],[19,11,3,15,23,13,21,7,17],[3,19,15,11,23,13,21,7,17],[11,15,7,19,3,23,13,21,17],[15,7,11,3,19,23,13,21,17],[3,11,19,7,23,15,13,21,17],[19,15,11,23,21,7,3,14],[15,23,13,21,19,11,7,3,17],[3,23,15,13,21,11,7,19,17],[3,23,15,13,21,19,7,11,17],[3,15,19,23,21,7,11,13,17],[19,11,23,3,7,15,13,21,17],[23,11,3,7,15,21,19,17],[3,19,15,11,23,13,21,7,17],[7,15,23,13,21,3,19,11,17],[23,19,7,3,15,13,21,11,17],[7,15,3,23,13,21,19,11,17],[3,23,15,13,21,11,19,7,17],[7,15,19,11,3,23,21,17],[3,23,7,19,15,21,11,13,17],[15,3,19,11,7,23,21,13,17],[15,23,21,3,7,19,11,17],[23,15,13,21,19,3,7,11,17],[7,3,15,23,21,11,19,17],[11,3,15,23,21,19,7,13,17],[11,3,7,23,15,13,21,19,17],[19,7,3,23,15,13,21,11,17],[3,15,7,11,23,13,21,19,17],[3,23,19,7,11,15,13,21,17],[19,23,3,7,11,15,13,21,17],[15,23,21,3,19,11,7,17],[23,11,3,15,21,7,19,13,17],[7,23,11,3,15,13,21,19,17],[11,23,7,19,15,21,3,13,17],[7,11,3,23,19,15,13,21,17],[23,19,15,13,21,7,3,11,17],[3,7,23,11,19,15,13,21,17],[23,19,3,11,7,15,21,17],[11,15,19,3,23,13,21,7,17],[19,3,23,7,15,13,21,11,17],[19,15,23,13,21,11,3,7,17],[23,3,7,15,21,19,11,17],[23,7,11,19,3,15,21,17],[19,23,15,13,21,7,3,11,17],[3,23,19,11,15,13,21,7,17],[19,7,23,11,3,15,13,21,17],[11,3,7,19,15,23,21,17],[19,15,11,23,13,21,7,3,17],[15,23,21,19,7,11,3,13,17],[15,7,3,19,11,23,13,21,17],[7,19,23,11,3,15,13,21,17],[23,19,7,15,21,11,3,17],[7,3,23,19,11,15,13,21,17],[11,19,3,23,15,21,7,17],[7,11,19,3,23,15,13,21,17],[19,23,15,13,21,7,3,11,17],[3,11,23,19,15,13,21,7,17],[3,15,7,23,13,21,19,11,17],[3,19,23,7,11,15,21,13,17],[19,7,3,15,11,23,13,21,17],[15,19,23,13,21,11,3,7,17],[23,15,21,7,3,19,11,13,17],[3,23,15,13,21,7,11,19,17],[7,11,3,19,15,23,21,13,17],[23,11,7,3,15,13,21,19,17],[23,7,11,19,15,13,21,3,17],[11,3,7,15,23,13,21,19,17],[7,15,3,19,23,21,11,17],[19,15,3,23,21,7,11,13,17],[23,19,3,15,21,11,7,13,17],[11,15,3,23,21,19,7,17],[3,11,23,7,15,21,19,20,13,17],[23,3,15,21,19,7,11,13,17],[19,11,23,7,15,13,21,3,17],[11,7,3,15,23,13,21,19,17],[23,3,15,21,11,5,7,19,13,17],[23,3,15,21,19,7,11,13,17],[7,11,19,3,15,23,13,21,17],[7,15,3,19,23,21,11,13,17],[15,19,7,3,11,23,21,13,17],[15,11,23,21,7,3,19,17],[11,15,3,19,23,13,21,7,17],[3,15,23,21,7,11,19,13,17],[15,3,11,7,23,21,19,17],[19,7,11,15,3,23,13,21,17],[23,15,13,21,11,7,19,3,17],[3,7,15,11,23,13,21,19,17],[11,19,7,15,23,13,21,3,17],[11,23,19,7,15,21,3,17],[15,11,7,3,19,23,21,13,17],[3,19,23,7,15,21,11,17],[15,7,23,21,11,19,3,13,17],[15,11,19,3,7,23,13,21,17],[19,15,3,7,23,13,21,11,17],[3,15,7,11,23,21,19,13,17],[23,3,19,15,21,7,11,13,17],[11,19,3,15,7,23,13,21,17],[3,23,19,7,11,15,13,21,17],[23,19,11,3,7,15,21,17],[15,23,21,3,7,11,19,13,17],[11,19,3,7,15,23,13,21,17],[19,11,3,15,23,13,21,7,17],[3,7,19,23,11,15,13,21,17],[3,23,11,19,7,15,21,17],[3,23,19,7,15,13,21,11,17],[7,23,11,3,19,15,21,13,17],[15,23,13,21,7,19,11,3,17],[15,23,13,21,3,11,19,7,17],[15,19,23,21,11,3,7,17],[15,3,23,21,7,11,19,20,13,17],[7,23,11,15,13,21,3,19,17],[3,15,19,11,7,23,13,21,17],[23,3,19,7,11,15,13,21,17],[7,19,15,11,23,21,3,17],[23,3,11,15,13,21,19,7,17],[11,7,3,15,19,23,13,21,17],[23,15,13,21,7,11,19,3,17],[11,7,19,3,23,15,21,17],[23,11,19,7,15,21,3,13,17],[11,23,15,21,7,19,3,13,17],[15,7,23,21,11,19,3,13,17],[23,19,15,13,21,11,7,3,17],[7,15,11,19,3,23,13,21,17],[19,23,15,13,21,7,3,11,17],[7,11,15,3,19,23,21,17],[3,7,23,15,21,11,19,13,17],[15,3,19,7,23,13,21,11,17],[7,15,11,23,13,21,3,19,17],[3,19,15,7,23,13,21,11,17],[3,19,23,15,13,21,11,7,17],[15,3,23,13,21,11,7,19,17],[7,19,15,3,23,13,21,11,17],[3,19,15,23,21,7,11,13,17],[15,19,11,3,7,23,21,17],[15,3,19,23,13,21,11,7,17],[7,19,15,11,23,13,21,3,17],[7,19,23,11,15,21,3,17],[7,23,19,11,3,15,13,21,17],[3,23,7,15,21,19,11,13,17],[23,15,13,21,11,3,19,7,17],[7,19,15,11,3,23,13,21,17],[11,7,3,23,15,13,21,19,17],[3,23,15,21,7,19,11,16],[19,23,15,13,21,7,11,3,17],[19,23,3,7,11,15,21,13,17],[15,7,19,11,23,13,21,3,17],[23,3,7,19,15,13,21,11,17],[23,19,3,15,13,21,7,11,17],[23,3,19,11,15,21,7,20,13,17],[15,3,7,23,21,11,19,17],[23,11,19,3,7,15,13,21,17],[7,19,3,11,23,15,21,13,17],[19,7,15,11,3,23,21,13,17],[19,15,1,11,23,13,21,7,3,17],[11,3,7,15,23,13,21,19,17],[19,15,3,7,11,23,21,17],[7,23,11,19,15,21,3,18,13,17],[7,11,23,15,21,19,3,13,17],[3,19,7,15,11,21,13,17],[23,7,15,13,21,19,11,3,17],[23,7,3,15,21,19,11,13,17],[11,23,15,21,7,19,3,13,17],[3,11,19,23,15,21,7,17],[11,19,7,15,23,13,21,3,17],[15,23,21,3,7,19,11,13,17],[19,15,23,13,21,7,3,11,17],[11,19,23,7,3,15,13,21,17],[23,15,13,21,11,19,7,3,17],[19,3,23,7,15,21,11,16],[3,19,23,15,21,7,11,17],[23,19,11,15,13,21,7,3,17],[7,11,23,15,21,3,19,17],[7,23,19,3,11,15,21,13,17],[15,19,3,7,11,23,13,21,17],[11,3,23,7,19,15,21,17],[19,15,23,13,21,7,3,11,17],[15,3,7,23,13,21,11,19,17],[23,3,11,15,13,21,19,7,17],[11,23,7,3,15,21,19,17],[3,7,11,23,19,15,13,21,17],[23,15,21,19,3,11,7,17],[11,19,3,23,7,15,21,16],[15,7,23,21,11,19,3,13,17],[19,7,15,23,13,21,3,11,17],[11,19,23,15,13,21,3,7,17],[7,19,3,15,11,23,21,17],[11,7,3,19,15,23,13,21,17],[19,3,7,11,15,23,13,21,17],[23,3,11,15,13,21,19,7,17],[7,11,15,23,21,19,1,3,17],[15,23,21,11,3,19,7,17],[7,15,11,3,19,23,13,21,17],[23,19,3,11,15,13,21,7,17],[19,23,7,3,15,21,11,13,17],[3,7,11,23,19,15,13,21,17],[11,3,7,19,15,23,21,17],[11,7,15,23,21,3,19,17],[23,15,21,11,19,3,7,13,17],[19,23,3,7,11,15,21,17],[19,15,23,21,11,7,3,13,17],[15,7,23,21,11,19,3,13,17],[7,11,19,23,15,21,3,13,17],[23,3,15,13,21,11,19,7,17],[15,11,23,13,21,3,19,7,17],[15,11,19,7,23,21,3,17],[11,15,21,19,3,7,17],[11,15,19,23,13,21,3,7,17],[3,19,23,11,15,13,21,7,17],[11,15,23,13,21,19,3,7,17],[15,19,11,23,21,7,3,13,17],[23,11,19,3,15,21,7,13,17],[23,11,7,19,15,21,3,17],[7,15,11,23,21,19,3,17],[3,19,7,15,11,23,21,17],[7,15,23,21,11,19,3,17],[15,19,7,23,13,21,11,3,17],[11,7,19,15,3,23,21,17],[11,23,3,19,15,13,21,7,17],[19,15,3,23,21,11,7,13,17],[7,15,11,23,21,3,19,13,17],[7,23,15,21,19,3,11,13,17],[7,19,3,23,15,21,11,17],[3,23,15,13,21,7,11,19,17],[19,23,11,3,15,21,7,13,17],[7,15,11,23,13,21,3,19,17],[7,15,11,17,3,23,21,13],[19,3,23,15,21,7,11,13,17],[11,3,7,23,15,13,21,19,17],[11,7,3,15,23,21,19,17],[3,23,11,15,13,21,19,7,17],[23,15,21,11,7,19,3,13,17],[23,11,15,21,19,3,7,17],[19,23,3,15,21,11,7,13,17],[11,23,7,15,21,19,3,13,17],[23,7,11,15,21,3,19,17],[19,23,7,15,21,11,3,14],[11,3,19,15,23,13,21,7,17],[11,19,23,15,13,21,3,7,17],[11,7,3,23,19,15,21,20,13,17],[11,7,15,19,23,13,21,3,17],[7,23,3,11,19,15,13,21,17],[23,7,11,15,21,3,19,13,17],[23,19,15,13,21,3,11,7,17],[23,15,21,3,7,11,19,17],[15,19,7,3,23,21,11,13,17],[23,7,15,21,3,19,11,13,17],[15,7,19,3,23,13,21,11,17],[19,11,23,7,15,13,21,3,17],[3,11,15,19,23,13,21,7,17],[23,7,3,11,15,21,19,17],[3,7,11,19,15,23,13,21,17],[19,11,3,23,15,13,21,7,17],[15,11,3,7,23,21,19,17],[11,15,3,23,21,19,7,13,17],[19,15,1,23,13,21,7,11,3,17],[23,19,3,11,7,15,13,21,17],[3,23,7,11,15,21,19,16],[23,3,15,21,19,11,5,7,13,17],[19,23,11,7,15,13,21,3,17],[19,23,11,7,3,15,13,21,17],[19,7,3,11,15,23,21,16],[7,19,15,3,11,23,13,21,17],[11,3,23,7,15,21,19,17],[19,7,15,23,21,3,11,17],[7,23,19,15,13,21,3,11,17],[19,3,11,15,23,21,7,13,17],[7,15,23,21,11,3,19,13,17],[11,19,15,3,23,13,21,7,17],[15,19,7,23,13,21,3,11,17],[3,23,11,19,15,13,21,7,17],[23,19,15,21,3,11,7,17],[23,15,13,21,11,3,19,7,17],[19,11,23,7,15,21,3,17],[15,23,21,19,3,7,11,17],[23,3,19,7,15,21,11,17],[11,7,15,3,23,21,19,13,17],[3,15,7,19,11,23,21,16],[3,15,7,23,13,21,11,19,17],[7,23,11,19,3,15,21,13,17],[7,23,15,13,21,11,19,3,17],[15,11,19,23,21,3,7,20,13,17],[23,3,7,11,19,15,21,17],[23,15,21,19,3,11,7,13,17],[15,19,11,23,13,21,7,3,17],[3,19,23,7,11,15,21,13,17],[11,23,15,21,19,3,7,13,17],[11,15,7,19,23,21,3,16],[7,3,15,23,21,19,11,17],[23,19,11,15,13,21,7,3,17],[3,23,19,11,15,21,7,17],[3,19,11,7,15,23,13,21,17],[19,23,7,11,15,21,3,13,17],[19,23,15,21,7,3,11,17],[23,7,19,15,21,11,3,18,13,17],[15,19,11,1,22,7,3,23,13,21,17],[11,7,15,19,3,23,21,13,17],[7,11,19,3,15,23,21,17],[11,19,7,23,3,15,13,21,17],[11,15,21,19,7,3,17],[11,3,7,19,15,23,21,13,17],[3,19,23,11,15,13,21,7,17],[23,7,19,11,3,15,21,17],[7,23,3,19,15,13,21,11,17],[11,19,23,3,15,21,7,13,17],[3,11,7,23,19,15,21,17],[3,7,19,15,11,23,13,21,17],[11,23,7,19,15,21,3,17],[19,7,15,11,23,13,21,3,17],[11,7,23,3,15,13,21,19,17],[15,19,11,23,21,3,7,17],[23,7,11,19,3,15,13,21,17],[11,23,19,7,3,15,13,21,17],[19,3,7,15,11,23,13,21,17],[23,3,7,11,19,15,21,17],[11,23,7,15,13,21,19,3,17],[23,19,7,15,21,3,11,13,17],[23,15,13,21,3,19,7,11,17],[15,7,3,19,23,21,11,17],[23,15,13,21,3,11,7,19,17],[3,7,19,15,23,13,21,11,17],[19,23,7,11,15,21,3,13,17],[19,23,11,15,21,7,3,17],[3,15,7,19,23,21,11,13,17],[15,23,21,19,7,3,11,13,17],[7,11,23,19,3,15,21,17],[15,11,19,23,21,3,7,17],[3,23,7,11,15,21,19,17],[15,3,11,19,7,23,21,17],[15,19,7,3,23,13,21,11,17],[3,11,19,23,7,15,13,21,17],[3,15,23,13,21,11,7,19,17],[23,7,11,3,15,21,19,17],[19,7,15,23,13,21,11,3,17],[11,19,15,3,7,23,21,17],[15,19,7,23,21,3,11,17],[7,15,3,11,23,21,19,20,13,17],[7,3,19,11,23,15,21,17],[3,11,7,23,15,13,21,19,17],[19,7,15,23,21,3,11,17],[15,23,13,21,19,3,11,7,17],[3,7,15,11,23,13,21,19,17],[23,19,7,3,15,13,21,11,17],[7,23,11,15,21,3,19,17],[7,19,23,15,21,3,11,13,17],[7,11,23,19,15,21,3,18,13,17],[15,7,19,23,21,11,3,13,17],[3,7,11,23,19,15,21,17],[7,19,3,11,23,15,13,21,17],[15,3,7,11,19,23,13,21,17],[7,15,19,3,23,13,21,11,17],[11,7,15,19,23,13,21,3,17],[23,11,7,3,15,21,19,13,17],[3,7,15,19,11,23,13,21,17],[7,11,15,19,23,21,3,17]],"n_human":6}