{"problem_id":"JaKarNU4ENjuDlm","sigma":150,"alpha":10.000,"cost":0,"probabilities":"[0.1, 0.38, 0.31, 0.21]","payoff_matrix":"[[258, 89, -79, -122, -144, 29], [-175, -143, 211, -357, -66, 139], [331, 76, 24, 51, 170, -77], [42, -95, -65, 31, 93, -63]]","uncovered":[[18,14,6,2,10,22,11,23,24],[10,6,18,14,2,22,23,11,24],[6,22,10,11,23,2,14,18,24],[6,18,14,2,10,22,23,11,12,24],[22,18,2,10,11,23,6,14,24],[6,22,14,10,11,23,2,18,24],[2,14,10,18,22,23,11,6,24],[2,22,14,6,18,10,11,23,24],[10,22,11,23,14,18,6,2,24],[6,18,2,10,14,22,23,11,24],[2,22,6,18,14,10,11,23,12,24],[22,10,23,11,14,6,2,18,12,24],[6,2,22,14,18,10,23,11,24],[18,10,22,23,11,2,14,6,12,24],[22,2,14,10,11,23,18,6,24],[22,14,6,18,10,11,23,2,24],[10,22,11,23,18,2,6,14,12,24],[10,18,14,2,22,23,11,6,24],[10,2,18,6,14,22,23,11,24],[18,2,10,22,11,23,6,14,24],[18,6,2,22,14,10,11,23,12,24],[14,6,10,22,11,23,2,18,24],[6,2,22,14,18,10,23,11,24],[14,22,2,18,10,11,23,6,24],[6,22,14,18,2,10,11,23,24],[6,14,18,22,10,11,23,2,24],[2,10,6,22,11,23,14,18,24],[10,18,6,14,2,22,11,23,12,24],[22,14,6,2,18,10,23,11,12,24],[6,14,22,10,23,11,18,2,24],[18,2,6,10,14,22,23,11,24],[18,10,22,23,11,2,14,6,12,24],[10,22,23,11,18,2,14,6,24],[22,10,11,23,14,2,6,18,24],[6,18,10,22,23,11,2,14,12,24],[10,2,22,11,23,14,6,18,24],[2,22,6,10,23,11,18,14,12,24],[6,18,14,22,2,10,23,11,24],[18,14,10,2,22,23,11,6,24],[6,22,18,14,2,10,11,23,24],[14,6,18,22,2,10,11,23,24],[18,22,10,11,23,2,6,14,12,24],[18,14,22,2,10,11,23,6,12,24],[22,14,6,18,10,23,11,2,24],[10,18,22,11,23,2,6,14,24],[10,22,11,23,2,6,18,14,24],[14,2,6,10,22,11,23,18,12,24],[10,18,22,23,11,2,14,6,12,24],[6,2,22,10,11,23,14,18,12,24],[2,14,18,6,10,22,11,23,24],[6,14,18,10,22,23,11,2,12,24],[10,2,18,6,22,23,11,14,12,24],[6,22,18,2,14,10,23,11,24],[10,2,18,6,22,11,23,14,12,24],[22,2,10,11,23,6,18,14,12,24],[22,2,18,14,10,11,23,6,12,24],[2,14,6,10,18,22,11,23,12,24],[22,2,6,18,14,10,11,23,24],[6,18,2,10,22,23,11,14,24],[10,22,11,23,2,18,14,6,12,24],[14,18,2,6,10,22,23,11,24],[22,6,10,23,11,18,14,2,12,24],[18,22,10,23,11,6,14,2,12,24],[14,10,22,11,23,18,6,2,12,24],[14,2,6,22,18,10,11,23,12,24],[18,14,6,2,22,10,11,23,12,24],[2,6,14,18,22,10,23,11,24],[6,22,18,14,2,10,11,23,24],[22,10,11,23,6,2,18,14,24],[6,10,18,14,2,22,23,11,12,24],[10,22,23,11,14,6,18,2,24],[6,18,22,14,10,11,23,2,24],[2,14,18,6,10,22,11,23,12,24],[14,10,18,22,11,23,6,2,24],[6,10,18,14,2,22,11,23,12,24],[18,22,10,23,11,14,2,6,24],[14,2,10,6,22,23,11,18,12,24],[10,14,6,18,22,23,11,2,12,24],[2,22,10,23,11,6,18,14,24],[2,22,18,14,10,11,23,6,24],[22,18,10,23,11,14,6,2,12,24],[18,22,2,14,6,10,11,23,24],[10,22,23,11,6,14,18,2,24],[18,22,14,10,11,23,2,6,24],[14,6,10,2,18,22,23,11,12,24],[6,2,18,22,14,10,23,11,24],[10,22,23,11,6,14,2,18,12,24],[22,2,6,18,10,11,23,14,24],[10,22,23,11,18,6,14,2,12,24],[14,18,6,10,22,11,23,2,24],[10,18,14,2,22,11,23,6,24],[18,22,6,14,10,11,23,2,24],[10,14,22,11,23,18,2,6,12,24],[2,22,14,10,23,11,18,6,24],[18,10,22,23,11,6,2,14,24],[22,18,2,6,14,10,11,23,24],[2,10,22,11,23,6,18,14,24],[22,18,6,14,2,10,11,23,24],[18,2,10,14,6,22,23,11,12,24],[18,14,2,6,10,22,23,11,12,24],[14,2,6,18,22,10,23,11,12,24],[22,10,11,23,14,6,18,2,24],[10,2,6,22,23,11,18,14,12,24],[2,6,14,22,10,23,11,18,24],[14,6,2,22,10,11,23,18,12,24],[6,22,14,2,10,23,11,18,24],[10,18,2,14,6,22,23,11,12,24],[2,18,14,6,10,22,11,23,12,24],[6,2,10,14,18,22,11,23,24],[14,6,2,10,18,22,11,23,12,24],[18,14,10,6,2,22,11,23,24],[14,10,18,22,11,23,2,6,24],[18,10,14,6,22,11,23,2,24],[10,22,11,23,18,2,14,6,24],[22,2,10,23,11,6,14,18,12,24],[22,14,2,6,18,10,11,23,12,24],[14,10,2,6,18,22,11,23,12,24],[18,6,14,22,10,11,23,2,12,24],[10,6,14,18,2,22,11,23,12,24],[22,2,10,11,23,14,18,6,24],[18,6,22,14,2,10,11,23,24],[18,14,2,6,22,10,11,23,12,24],[10,6,2,14,22,11,23,18,24],[18,6,22,10,23,11,2,14,24],[18,6,22,10,23,11,2,14,24],[18,6,14,10,2,22,11,23,24],[22,10,11,23,6,2,14,18,12,24],[14,2,6,22,10,23,11,18,24],[22,14,6,18,2,10,23,11,12,24],[6,14,22,2,10,11,23,18,12,24],[6,2,18,22,14,10,11,23,12,24],[6,22,18,14,10,23,11,2,24],[22,14,18,2,10,23,11,6,12,24],[10,2,18,6,22,11,23,14,12,24],[22,14,10,11,23,2,6,18,12,24],[6,2,14,10,18,22,23,11,12,24],[10,2,22,11,23,14,18,6,24],[10,2,6,18,22,11,23,14,12,24],[10,6,2,18,22,11,23,14,12,24],[14,22,6,2,18,10,23,11,24],[18,6,2,10,14,22,11,23,12,24],[22,10,11,23,14,18,2,6,12,24],[6,2,14,22,10,11,23,18,12,24],[2,14,6,18,10,22,23,11,24],[10,18,14,22,11,23,2,6,24],[18,14,10,6,2,22,23,11,24],[22,2,6,18,10,11,23,14,24],[2,10,6,14,18,22,11,23,12,24],[2,10,22,23,11,18,6,14,24],[10,2,6,22,11,23,14,18,12,24],[18,14,10,2,6,22,11,23,24],[22,10,11,23,14,2,18,6,12,24],[2,22,18,10,11,23,6,14,24],[2,18,6,22,14,10,23,11,12,24],[14,2,6,18,10,22,23,11,12,24],[18,14,6,2,10,22,11,23,24],[6,18,22,14,10,11,23,2,24],[2,22,18,14,6,10,23,11,12,24],[22,6,10,23,11,18,2,14,12,24],[14,22,2,10,23,11,6,18,12,24],[22,10,23,11,6,14,18,2,12,24],[14,18,2,6,10,22,11,23,12,24],[18,10,22,23,11,2,6,14,24],[18,6,10,2,22,11,23,14,24],[18,14,22,6,10,11,23,2,12,24],[2,10,14,22,23,11,6,18,24],[14,10,6,2,18,22,23,11,12,24],[10,14,18,6,2,22,11,23,12,24],[18,22,10,23,11,6,2,14,12,24],[2,22,10,23,11,6,14,18,24],[6,18,10,2,14,22,23,11,24],[22,10,11,23,14,18,6,2,24],[14,18,6,22,2,10,23,11,24],[18,22,14,10,11,23,2,6,24],[6,18,22,10,11,23,2,14,24],[14,10,18,2,6,22,11,23,12,24],[10,18,14,22,11,23,6,2,12,24],[6,18,22,2,14,10,11,23,24],[14,10,2,6,22,11,23,18,12,24],[18,14,22,6,2,10,23,11,12,24],[14,18,2,22,6,10,11,23,12,24],[18,10,22,23,11,6,14,2,12,24],[14,2,18,22,6,10,11,23,24],[22,14,6,2,10,23,11,18,24],[14,22,10,23,11,18,6,2,12,24],[6,14,2,10,22,11,23,18,24],[6,10,22,23,11,2,18,14,24],[10,14,2,6,18,22,11,23,24],[22,6,14,10,11,23,18,2,12,24],[14,2,10,6,18,22,11,23,12,24],[2,6,10,14,18,22,23,11,12,24],[18,14,22,10,11,23,6,2,12,24],[6,22,18,2,10,11,23,14,24],[14,18,10,22,11,23,2,6,12,24],[14,10,2,22,23,11,6,18,12,24],[6,10,14,2,18,22,23,11,12,24],[18,10,6,2,22,23,11,14,24],[6,14,22,18,2,10,11,23,24],[18,10,6,22,23,11,14,2,24],[6,14,2,10,18,22,23,11,24],[6,10,2,22,11,23,14,18,24],[10,14,22,23,11,2,6,18,24],[10,22,11,23,14,6,18,2,24],[14,2,22,10,23,11,6,18,12,24],[14,6,22,2,10,11,23,18,12,24],[6,2,10,14,22,11,23,18,12,24],[2,18,22,10,11,23,14,6,24],[2,14,18,10,6,22,11,23,12,24],[14,10,18,6,2,22,23,11,19,24],[6,2,10,14,18,22,23,11,12,24],[2,14,6,18,22,10,23,11,12,24],[14,18,10,6,22,23,11,2,12,24],[14,18,6,2,10,22,11,23,24],[2,10,22,23,11,14,18,6,24],[6,2,14,10,18,22,11,23,24],[14,10,2,6,22,11,23,18,24],[18,10,2,6,22,11,23,14,24],[22,14,6,2,18,10,11,23,12,24],[18,22,10,11,23,2,6,14,12,24],[18,6,2,22,14,10,11,23,24],[6,10,14,2,22,23,11,18,12,24],[10,14,18,22,23,11,2,6,24],[14,18,6,10,2,22,11,23,24],[18,6,2,10,22,23,11,14,24],[18,22,6,10,11,23,2,14,24],[22,10,11,23,6,14,18,2,12,24],[22,6,18,10,23,11,14,2,24],[2,18,10,14,6,22,23,11,24],[22,6,10,23,11,14,18,2,24],[2,10,14,22,11,23,18,6,24],[10,2,14,22,11,23,6,18,24],[18,10,2,22,23,11,6,14,12,24],[6,10,14,22,11,23,2,18,24],[22,6,14,18,2,10,11,23,12,24],[2,22,6,10,11,23,18,14,24],[6,2,10,14,22,11,23,18,12,24],[10,18,2,6,14,22,23,11,24],[18,22,14,10,23,11,2,6,12,24],[14,10,6,22,11,23,2,18,12,24],[6,18,10,2,14,22,11,23,24],[6,2,10,18,14,22,23,11,24],[10,22,11,23,14,2,6,18,24],[2,22,14,10,11,23,6,18,24],[18,10,14,22,23,11,2,6,24],[22,14,10,11,23,6,2,18,12,24],[2,10,18,6,14,22,23,11,24],[10,22,23,11,2,14,6,18,24],[6,10,14,18,22,11,23,2,12,24],[22,18,6,14,10,23,11,2,12,24],[2,22,14,6,10,23,11,18,24],[6,22,14,10,11,23,2,18,24],[18,10,6,2,14,22,11,23,24],[10,2,22,11,23,14,6,18,12,24],[14,2,18,6,22,10,11,23,24],[14,22,2,6,18,10,23,11,24],[18,22,14,6,10,11,23,2,12,24],[10,22,23,11,2,18,14,6,24],[22,10,23,11,14,6,2,18,24],[22,18,6,10,11,23,14,2,12,24],[2,6,22,14,10,11,23,18,24],[18,14,6,2,22,10,23,11,12,24],[2,14,22,10,11,23,6,18,12,24],[6,22,10,23,11,14,2,18,12,24],[6,18,14,2,22,10,11,23,12,24],[22,14,18,2,6,10,11,23,24],[18,2,6,22,10,11,23,14,12,24],[14,18,22,6,2,10,23,11,24],[2,10,6,14,18,22,23,11,24],[22,6,18,10,11,23,14,2,24],[10,2,6,14,22,11,23,18,24],[6,18,2,22,14,10,11,23,12,24],[14,10,2,6,18,22,11,23,12,24],[14,2,18,10,6,22,11,23,12,24],[6,2,10,22,11,23,18,14,12,24],[18,2,22,14,10,23,11,6,12,24],[14,6,22,18,2,10,23,11,24],[10,22,11,23,14,2,18,6,12,24],[22,14,2,10,11,23,6,18,24],[14,6,18,10,22,23,11,2,12,24],[10,2,14,22,23,11,6,18,24],[22,14,6,10,23,11,18,2,24],[18,22,14,6,10,23,11,2,24],[10,14,18,6,22,23,11,2,24],[18,14,10,22,11,23,6,2,24],[22,10,11,23,14,2,18,6,12,24],[14,10,18,22,23,11,6,2,24],[2,6,18,14,10,22,11,23,12,24],[6,18,14,10,22,23,11,2,12,24],[18,10,14,6,22,23,11,2,12,24],[2,14,18,22,10,23,11,6,24],[18,22,6,14,10,11,23,2,12,24],[22,6,10,11,23,14,18,2,12,24],[6,18,2,14,10,22,11,23,24],[10,6,18,2,14,22,23,11,12,24],[10,6,22,23,11,18,14,2,12,24],[6,2,14,10,18,22,23,11,12,24],[6,10,14,22,23,11,18,2,24],[6,2,14,10,18,22,11,23,12,24],[2,10,18,22,23,11,14,6,24],[10,6,2,22,11,23,18,14,12,24],[2,14,18,10,6,22,23,11,12,24],[18,10,6,22,23,11,14,2,24],[2,14,22,10,23,11,18,6,12,24],[2,6,10,22,11,23,18,14,12,24],[14,18,22,6,10,11,23,2,12,24],[22,10,11,23,14,2,6,18,12,24],[14,18,22,2,10,23,11,6,12,24],[10,2,6,22,23,11,14,18,24],[14,2,18,10,22,23,11,6,24],[6,2,10,14,18,22,11,23,24],[6,10,22,11,23,18,2,14,24],[18,14,22,6,2,10,11,23,24],[10,6,22,23,11,2,18,14,12,24],[14,2,22,10,11,23,18,6,24],[18,10,6,2,22,11,23,14,24],[2,22,6,10,23,11,14,18,24],[18,22,10,11,23,6,2,14,24],[6,2,10,14,22,11,23,18,24],[22,2,14,6,10,23,11,18,24],[22,10,11,23,2,18,6,14,24],[6,18,10,14,2,22,23,11,12,24],[2,22,18,14,10,23,11,6,12,24],[18,22,10,11,23,14,6,2,12,24],[6,22,18,14,10,23,11,2,12,24],[10,6,22,23,11,18,2,14,12,24],[18,10,22,23,11,6,14,2,24],[18,2,6,14,22,10,11,23,24],[14,18,2,22,6,10,11,23,24],[14,18,2,22,6,10,23,11,12,24],[6,22,18,10,23,11,14,2,24],[2,22,18,14,6,10,11,23,24],[14,10,2,6,18,22,23,11,12,24],[6,22,10,11,23,18,2,14,24],[2,6,14,22,10,11,23,18,12,24],[6,22,14,2,18,10,11,23,24],[14,6,10,2,22,23,11,18,12,24],[10,14,22,11,23,2,6,18,24],[2,22,6,10,11,23,14,18,24],[6,18,22,14,10,23,11,2,24],[18,22,6,10,23,11,2,14,24],[2,10,18,22,11,23,6,14,12,24],[22,18,6,14,10,11,23,2,24],[14,22,6,2,10,23,11,18,24],[22,2,14,10,23,11,18,6,24],[2,14,6,10,18,22,23,11,12,24],[10,22,23,11,6,18,14,2,24],[18,22,10,23,11,2,14,6,12,24],[6,14,10,18,2,22,11,23,12,24],[10,22,11,23,6,14,18,2,24],[10,22,23,11,14,18,2,6,24],[6,10,2,22,23,11,18,14,24],[14,22,6,2,18,10,23,11,24],[10,22,11,23,2,18,14,6,12,24],[22,14,10,23,11,6,2,18,24],[14,2,22,10,23,11,18,6,12,24],[10,6,2,14,22,23,11,18,24],[2,14,18,22,6,10,11,23,12,24],[10,14,18,2,6,22,23,11,24],[18,14,6,2,10,22,23,11,12,24],[6,10,22,23,11,18,2,14,12,24],[2,22,6,14,10,23,11,18,24],[6,2,10,22,11,23,18,14,12,24],[14,22,10,11,23,18,2,6,12,24],[10,2,22,11,23,6,18,14,12,24],[14,10,18,22,23,11,6,2,12,24],[14,18,2,6,10,22,11,23,12,24],[18,2,6,10,14,22,23,11,12,24],[14,18,2,6,22,10,23,11,24],[2,6,22,10,23,11,18,14,12,24],[14,22,10,11,23,18,6,2,24],[18,2,22,6,10,11,23,14,24],[10,22,11,23,6,14,2,18,24],[10,14,2,22,23,11,6,18,24],[18,2,10,6,22,11,23,14,12,24],[2,6,18,10,22,11,23,14,24],[22,14,10,11,23,6,2,18,24],[2,18,6,14,10,22,11,23,12,24],[10,18,22,23,11,14,2,6,24],[18,2,22,10,23,11,14,6,24],[2,22,10,11,23,18,14,6,12,24],[18,2,6,10,22,23,11,14,24],[2,6,14,18,22,10,11,23,24],[22,18,2,14,6,10,23,11,12,24],[14,6,2,10,22,11,23,18,12,24],[22,2,10,11,23,6,18,14,12,24],[10,18,22,23,11,2,14,6,12,24],[10,14,2,22,11,23,18,6,24],[6,10,18,2,14,22,11,23,12,24],[10,22,11,23,14,18,2,6,24],[2,18,6,22,10,11,23,14,24],[2,22,14,6,18,10,23,11,24],[22,18,10,11,23,14,2,6,24],[6,18,2,10,22,11,23,14,24],[22,18,10,11,23,14,6,2,12,24],[14,6,22,18,2,10,23,11,24],[10,18,6,14,22,23,11,2,24],[2,14,6,10,18,22,11,23,24],[10,22,23,11,14,2,6,18,24],[22,18,10,23,11,2,6,14,24],[6,2,14,10,18,22,23,11,24],[10,18,2,6,14,22,23,11,12,24],[14,18,10,2,22,11,23,6,12,24],[6,18,2,14,22,10,11,23,24],[18,2,22,14,6,10,23,11,24],[18,22,10,23,11,2,6,14,12,24],[2,14,6,22,18,10,23,11,24],[10,2,18,14,6,22,11,23,12,24],[2,10,14,22,23,11,18,6,24],[18,6,10,2,22,23,11,14,24],[2,6,14,18,22,10,11,23,12,24],[10,22,11,23,18,6,2,14,12,24],[10,6,2,14,22,11,23,18,12,24],[10,14,2,22,23,11,18,6,24],[22,14,6,18,10,23,11,2,12,24],[22,10,11,23,18,6,14,2,24],[22,10,23,11,2,18,6,14,12,24],[2,18,22,14,6,10,11,23,12,24],[18,10,6,2,22,23,11,14,12,24],[6,10,2,14,22,11,23,18,12,24],[18,2,6,10,22,11,23,14,24],[2,18,14,22,10,11,23,6,24],[6,2,18,10,14,22,23,11,12,24],[18,6,2,10,14,22,11,23,12,24],[14,6,18,10,22,23,11,2,12,24],[6,18,22,2,10,23,11,14,12,24],[10,22,11,23,6,14,18,2,24],[22,2,10,11,23,14,18,6,12,24],[18,22,2,6,10,11,23,14,24],[6,22,14,2,10,23,11,18,12,24],[22,10,23,11,6,14,2,18,24],[6,18,10,22,11,23,2,14,12,24],[10,2,22,23,11,14,6,18,24],[10,6,18,22,23,11,2,14,12,24],[10,6,14,2,18,22,23,11,12,24],[22,10,11,23,18,6,14,2,12,24],[2,10,14,22,11,23,6,18,24],[10,6,2,18,22,11,23,14,24],[10,2,6,18,14,22,23,11,12,24],[22,2,14,18,6,10,11,23,12,24],[22,10,23,11,6,18,14,2,12,24],[10,22,23,11,14,6,2,18,12,24],[10,22,23,11,14,6,18,2,24],[10,2,18,22,23,11,14,6,12,24],[22,2,6,10,11,23,18,14,24],[6,18,2,14,10,22,23,11,24],[2,18,22,10,23,11,14,6,12,24],[18,14,6,22,2,10,23,11,12,24],[2,10,6,22,11,23,18,14,24],[10,14,6,22,23,11,18,2,12,24],[10,2,6,18,14,22,11,23,24],[10,2,14,6,18,22,23,11,12,24],[22,10,23,11,6,18,14,2,24],[2,18,10,22,11,23,14,6,12,24],[6,2,22,14,18,10,23,11,12,24],[18,10,22,11,23,6,2,14,12,24],[10,6,22,23,11,14,18,2,12,24],[14,6,2,18,22,10,23,11,24],[22,18,6,10,11,23,14,2,24],[22,10,23,11,14,2,18,6,24],[10,18,6,14,2,22,23,11,24],[10,22,23,11,14,2,6,18,12,24],[6,18,14,2,10,22,23,11,24],[6,18,10,2,14,22,23,11,12,24],[18,22,6,10,11,23,14,2,12,24],[18,22,14,6,10,11,23,2,24],[22,14,2,18,6,10,11,23,12,24],[22,2,10,11,23,6,18,14,24],[10,2,6,22,23,11,18,14,12,24],[22,2,10,11,23,6,14,18,24],[18,2,6,10,14,22,23,11,24],[18,22,6,2,10,23,11,14,24],[10,22,11,23,6,2,14,18,24],[6,14,22,2,10,23,11,18,12,24],[2,14,6,10,22,11,23,18,12,24],[14,6,10,22,11,23,18,2,24],[10,22,11,23,2,18,6,14,24],[6,10,14,18,22,23,11,2,12,24],[10,2,22,23,11,6,14,18,12,24],[2,18,22,6,10,23,11,14,24],[2,6,14,10,22,23,11,18,24],[22,14,18,6,2,10,23,11,12,24],[2,14,22,10,23,11,6,18,12,24],[14,18,2,22,10,11,23,6,24],[22,2,18,10,23,11,6,14,12,24],[10,18,2,6,22,11,23,14,12,24],[14,6,10,22,11,23,18,2,24],[22,2,18,6,14,10,11,23,24],[6,18,14,22,2,10,11,23,24],[22,14,6,10,23,11,18,2,12,24],[2,6,22,14,18,10,11,23,12,24],[22,14,10,23,11,6,18,2,24],[22,6,18,14,10,23,11,2,24],[2,22,14,10,11,23,6,18,24],[6,14,18,22,2,10,23,11,12,24],[2,14,22,18,10,11,23,6,24],[22,6,10,11,23,18,2,14,24],[10,14,22,11,23,6,2,18,12,24],[18,10,6,2,22,23,11,14,24],[14,6,18,2,22,10,23,11,12,24],[6,10,18,2,14,22,11,23,12,24],[22,18,14,2,6,10,23,11,12,24],[22,18,2,10,23,11,14,6,12,24],[2,22,14,6,18,10,23,11,12,24],[22,14,2,18,6,10,23,11,12,24],[10,6,22,23,11,18,2,14,24],[14,18,22,2,10,23,11,6,12,24],[2,6,22,10,23,11,18,14,12,24],[14,6,18,22,10,23,11,2,24],[2,14,6,18,22,10,23,11,24],[2,6,10,22,23,11,18,14,24],[10,18,22,11,23,6,14,2,24],[22,10,11,23,14,6,18,2,12,24],[14,22,6,18,2,10,11,23,24],[18,22,6,10,23,11,14,2,12,24],[14,2,6,10,22,23,11,18,24],[14,18,22,6,2,10,23,11,12,24],[6,18,10,2,22,11,23,14,12,24],[22,10,23,11,6,14,2,18,12,24],[2,18,6,10,22,11,23,14,12,24],[2,6,10,22,23,11,14,18,24],[14,10,18,2,6,22,11,23,24],[6,2,14,18,22,10,11,23,12,24],[10,22,11,23,2,6,18,14,12,24],[14,10,22,11,23,2,18,6,12,24],[2,10,22,23,11,18,14,6,24],[2,6,14,10,22,11,23,18,24],[14,18,10,6,2,22,23,11,24],[14,10,22,11,23,6,2,18,24],[22,2,6,18,14,10,23,11,24],[22,14,18,6,10,11,23,2,24],[18,6,10,14,22,11,23,2,24],[6,22,2,14,10,23,11,18,12,24],[18,22,2,14,10,11,23,6,12,24],[18,10,22,11,23,14,2,6,12,24],[10,22,11,23,2,6,18,14,24],[2,6,14,22,18,10,23,11,24],[10,14,2,18,22,11,23,6,12,24],[22,18,10,23,11,6,2,14,24],[14,18,22,6,2,10,23,11,24],[18,22,2,10,23,11,6,14,24],[18,6,10,2,22,23,11,14,24],[14,22,10,23,11,6,18,2,24],[14,18,22,10,23,11,6,2,24],[18,6,2,10,22,23,11,14,12,24],[22,10,11,23,18,14,2,6,24],[18,6,14,2,10,22,11,23,24],[2,14,10,22,23,11,18,6,12,24],[10,18,14,22,23,11,2,6,12,24],[18,14,22,10,23,11,6,2,24],[22,6,14,18,2,10,11,23,12,24],[14,2,10,18,6,22,11,23,24],[6,22,18,2,10,11,23,14,24],[18,10,14,22,11,23,2,6,12,24],[10,14,18,6,2,22,23,11,12,24],[22,18,6,10,11,23,2,14,24],[18,22,6,10,23,11,14,2,12,24],[14,10,22,23,11,6,2,18,24],[22,14,6,2,18,10,11,23,12,24],[2,14,22,18,6,10,23,11,24],[6,14,18,22,2,10,11,23,12,24],[18,10,22,23,11,2,14,6,24],[22,2,6,10,23,11,14,18,24],[14,22,18,6,2,10,11,23,12,24],[10,14,22,23,11,2,6,18,24],[18,22,10,11,23,6,14,2,12,24],[18,10,22,23,11,6,14,2,24],[2,14,6,10,18,22,11,23,12,24],[22,10,23,11,2,6,18,14,12,24],[6,18,14,22,2,10,11,23,12,24],[18,22,2,6,14,10,11,23,12,24],[22,2,14,6,18,10,11,23,24],[6,10,18,2,14,22,23,11,12,24],[18,2,10,14,6,22,23,11,12,24],[18,6,10,2,14,22,23,11,24],[10,2,18,6,22,11,23,14,12,24],[14,2,6,18,10,22,11,23,12,24],[22,6,2,18,14,10,23,11,12,24],[6,18,10,2,14,22,23,11,12,24],[6,18,22,14,2,10,11,23,12,24],[14,18,22,10,11,23,2,6,24],[14,2,18,22,10,23,11,6,24],[22,14,10,23,11,18,2,6,12,24],[14,2,22,10,23,11,6,18,12,24],[2,6,10,14,22,11,23,18,12,24],[14,2,6,22,18,10,23,11,12,24],[2,6,22,14,10,11,23,18,12,24],[6,10,2,18,14,22,23,11,12,24],[10,22,11,23,2,18,14,6,24],[14,18,2,10,6,22,11,23,24],[6,2,18,14,22,10,23,11,24],[2,14,18,10,6,22,23,11,24],[6,22,2,14,10,11,23,18,12,24],[14,18,10,2,22,23,11,6,24],[2,10,6,18,22,11,23,14,12,24],[2,14,18,22,6,10,11,23,24],[18,6,10,22,11,23,14,2,12,24],[14,18,22,10,23,11,2,6,24],[22,10,11,23,2,18,14,6,12,24],[2,22,14,6,18,10,11,23,24],[10,14,6,22,23,11,18,2,24],[6,22,18,10,11,23,2,14,12,24],[14,10,18,2,22,23,11,6,12,24],[6,18,10,22,23,11,2,14,12,24],[18,14,6,10,22,11,23,2,12,24],[14,2,6,18,22,10,23,11,24],[2,18,6,10,22,23,11,14,12,24],[22,18,10,11,23,14,2,6,12,24],[18,10,14,22,23,11,6,2,12,24],[18,14,22,6,2,10,23,11,24],[2,18,22,6,10,23,11,14,24],[2,10,18,14,22,11,23,6,12,24],[10,6,18,14,2,22,23,11,12,24],[2,18,14,10,22,11,23,6,12,24],[22,10,11,23,2,6,14,18,12,24],[18,22,10,23,11,6,2,14,12,24],[10,2,14,6,18,22,23,11,12,24],[10,22,11,23,6,14,2,18,12,24],[2,6,14,18,22,10,11,23,24],[2,10,6,14,22,11,23,18,12,24],[10,18,14,2,6,22,11,23,12,24],[22,6,10,11,23,2,18,14,12,24],[18,6,22,2,10,11,23,14,24],[18,2,14,6,10,22,23,11,12,24],[18,6,2,14,10,22,11,23,24],[14,2,6,18,10,22,11,23,24],[10,6,14,2,22,11,23,18,24],[10,14,2,18,6,22,23,11,24],[2,6,14,22,18,10,23,11,12,24],[22,6,10,23,11,2,18,14,12,24],[10,14,2,18,22,23,11,6,24],[6,22,14,2,18,10,11,23,12,24],[2,18,14,22,10,11,23,6,24],[6,14,22,10,23,11,18,2,12,24],[2,22,14,18,10,11,23,6,12,24],[10,14,18,6,2,22,11,23,12,24],[6,18,14,10,2,22,11,23,24],[6,18,14,2,22,10,23,11,24],[14,6,2,22,18,10,23,11,24],[10,22,23,11,18,6,2,14,12,24],[2,10,22,23,11,18,14,6,12,24],[10,6,18,22,11,23,14,2,24],[14,6,22,18,10,11,23,2,12,24],[22,2,6,10,23,11,14,18,24],[2,22,10,11,23,14,6,18,24],[6,18,22,10,11,23,14,2,12,24],[18,22,6,14,2,10,23,11,12,24],[10,2,18,6,14,22,23,11,24],[14,2,6,10,22,11,23,18,12,24],[22,2,14,6,10,11,23,18,24],[6,10,2,22,11,23,14,18,24],[10,22,23,11,2,18,14,6,12,24],[18,22,14,10,11,23,2,6,24],[14,18,2,22,6,10,23,11,24],[22,2,18,14,6,10,11,23,24],[6,2,18,14,22,10,11,23,24],[6,18,10,2,22,23,11,14,12,24],[14,2,10,6,18,22,11,23,24],[14,10,2,22,11,23,18,6,24],[14,6,10,22,11,23,2,18,12,24],[14,2,6,10,22,11,23,18,12,24],[22,18,6,10,23,11,14,2,12,24],[2,10,18,22,11,23,14,6,12,24],[6,10,18,14,22,11,23,2,12,24],[10,6,18,14,2,22,23,11,12,24],[6,10,22,23,11,2,14,18,12,24],[22,6,2,14,10,11,23,18,24],[18,6,22,10,11,23,14,2,24],[18,14,2,10,6,22,11,23,24],[22,6,18,14,2,10,23,11,12,24],[18,6,2,10,22,11,23,14,12,24],[6,18,2,22,14,10,11,23,12,24],[6,14,10,22,23,11,18,2,12,24],[18,6,10,14,22,11,23,2,12,24],[14,22,2,18,10,11,23,6,12,24],[18,22,2,6,14,10,23,11,12,24],[6,2,10,18,14,22,11,23,24],[22,18,6,14,2,10,23,11,12,24],[18,2,14,22,6,10,11,23,24],[14,22,18,2,6,10,11,23,12,24],[10,6,22,23,11,2,18,14,12,24],[2,10,18,6,14,22,11,23,12,24],[18,10,22,11,23,6,14,2,12,24],[10,14,2,6,18,22,11,23,24],[18,6,10,2,22,11,23,14,12,24],[22,6,14,10,23,11,2,18,24],[6,14,22,2,18,10,23,11,24],[22,2,10,23,11,6,14,18,12,24],[10,6,18,14,2,22,11,23,24],[18,10,6,2,14,22,11,23,12,24],[14,10,2,18,6,22,23,11,12,24],[2,22,6,18,14,10,23,11,12,24],[14,10,22,11,23,6,18,2,12,24],[6,22,10,11,23,14,2,18,24],[6,22,2,10,11,23,18,14,12,24],[6,18,14,10,22,11,23,2,24],[14,18,10,6,2,22,23,11,12,24],[14,22,2,18,10,11,23,6,12,24],[14,10,2,18,22,23,11,6,12,24],[22,18,6,14,10,11,23,2,24],[10,6,2,22,11,23,18,14,12,24],[6,2,18,22,10,23,11,14,12,24],[22,18,6,14,10,23,11,2,12,24],[22,18,6,10,11,23,14,2,24],[18,14,6,10,2,22,23,11,24],[2,18,10,22,11,23,14,6,12,24],[22,6,2,14,10,23,11,18,24],[22,6,18,10,11,23,14,2,24],[10,18,14,6,2,22,23,11,24],[6,22,10,11,23,14,18,2,12,24],[14,18,10,22,11,23,2,6,24],[18,6,2,22,10,23,11,14,24],[2,6,14,18,10,22,23,11,24],[10,22,23,11,18,14,6,2,12,24],[2,18,10,6,22,23,11,14,12,24],[18,2,22,14,6,10,23,11,24],[6,2,14,22,10,23,11,18,12,24],[6,14,18,10,22,11,23,2,12,24],[14,22,18,10,11,23,6,2,12,24],[2,18,10,22,23,11,14,6,12,24],[22,10,11,23,6,2,14,18,24],[6,18,10,2,22,11,23,14,24],[14,10,18,6,2,22,23,11,24],[14,10,6,2,22,11,23,18,12,24],[10,14,18,6,22,11,23,2,24],[14,6,10,18,22,11,23,2,24],[6,18,22,10,23,11,14,2,24],[18,10,14,2,22,23,11,6,24],[18,10,14,2,6,22,23,11,24],[6,10,18,14,22,23,11,2,24],[14,10,22,23,11,2,18,6,12,24],[10,2,18,6,14,22,23,11,12,24],[6,18,2,22,10,11,23,14,12,24],[10,14,18,22,23,11,2,6,24],[18,14,2,6,10,22,11,23,12,24],[6,22,18,10,23,11,2,14,12,24],[6,2,14,10,22,11,23,18,24],[22,2,10,11,23,14,6,18,12,24],[10,22,23,11,18,6,14,2,24],[22,18,2,14,10,23,11,6,12,24],[10,18,14,22,11,23,6,2,24],[22,6,2,14,18,10,23,11,24],[18,22,6,2,10,23,11,14,24],[2,6,18,22,10,11,23,14,24],[6,10,14,2,18,22,23,11,24],[22,18,10,11,23,6,14,2,24],[6,14,22,18,10,23,11,2,24],[18,6,14,2,10,22,11,23,24],[10,14,2,22,23,11,18,6,12,24],[14,6,22,2,18,10,23,11,12,24],[14,10,22,11,23,2,18,6,12,24],[22,14,6,10,11,23,2,18,24],[22,14,6,18,10,23,11,2,24],[6,10,22,23,11,2,14,18,12,24],[2,6,14,22,10,23,11,18,12,24],[14,2,10,22,11,23,6,18,24],[18,6,2,10,14,22,11,23,12,24],[18,10,6,14,22,23,11,2,24],[14,22,18,6,2,10,11,23,12,24],[22,18,10,23,11,6,2,14,12,24],[14,22,6,2,10,11,23,18,24],[18,2,6,14,10,22,23,11,24],[22,6,14,2,18,10,11,23,12,24],[6,22,18,14,10,23,11,2,24],[6,14,18,22,10,23,11,2,24],[22,18,6,2,14,10,11,23,12,24],[22,14,18,2,6,10,11,23,24],[10,18,22,11,23,14,2,6,24],[6,2,14,22,18,10,23,11,24],[22,6,2,10,23,11,14,18,12,24],[10,6,18,2,14,22,23,11,24],[10,22,23,11,14,18,6,2,24],[22,18,6,2,14,10,11,23,24],[10,2,18,22,11,23,6,14,24],[6,2,14,22,18,10,23,11,24],[10,6,14,22,11,23,18,2,24],[10,18,6,22,11,23,14,2,12,24],[18,10,6,22,23,11,2,14,12,24],[2,22,14,18,6,10,23,11,12,24],[2,22,14,6,18,10,23,11,12,24],[22,18,6,2,14,10,23,11,24],[22,2,6,14,10,11,23,18,12,24],[6,14,2,18,22,10,11,23,12,24],[10,14,22,11,23,6,18,2,12,24],[18,14,2,6,22,10,23,11,24],[22,2,14,18,6,10,11,23,24],[6,18,10,2,14,22,11,23,12,24],[2,18,14,6,10,22,23,11,12,24],[22,6,14,2,10,11,23,18,12,24],[2,18,14,22,10,11,23,6,12,24],[2,14,6,10,18,22,11,23,24],[18,6,14,10,2,22,23,11,24],[18,10,22,11,23,6,2,14,12,24],[18,6,22,10,11,23,2,14,12,24],[6,10,22,23,11,14,2,18,12,24],[14,22,10,11,23,6,18,2,24],[6,2,18,14,22,10,11,23,12,24],[14,18,2,10,22,11,23,6,24],[6,22,18,2,10,11,23,14,24],[18,2,10,14,6,22,23,11,24],[10,18,14,6,2,22,11,23,12,24],[6,14,18,10,22,11,23,2,12,24],[18,10,22,23,11,6,2,14,24],[2,10,14,6,22,11,23,18,24],[10,2,14,22,23,11,18,6,24],[22,2,18,14,6,10,23,11,24],[10,22,11,23,6,2,14,18,12,24],[14,10,2,22,11,23,18,6,12,24],[18,2,14,6,10,22,23,11,24],[22,6,2,14,10,11,23,18,24],[22,2,6,10,23,11,18,14,24],[6,22,10,23,11,18,2,14,12,24],[10,2,18,14,22,11,23,6,12,24],[14,6,10,22,11,23,18,2,24],[2,10,18,6,14,22,23,11,12,24],[6,2,22,14,10,11,23,18,24],[14,10,18,6,2,22,23,11,24],[6,14,2,10,18,22,23,11,12,24],[6,2,22,18,10,23,11,14,12,24],[22,18,14,10,23,11,6,2,12,24],[14,2,18,10,22,23,11,6,12,24],[18,2,22,14,10,23,11,6,12,24],[2,18,10,22,11,23,14,6,24],[6,2,22,10,11,23,14,18,24],[18,22,2,6,10,23,11,14,12,24],[14,22,6,10,23,11,2,18,12,24],[6,10,14,18,2,22,23,11,24],[18,14,2,22,10,11,23,6,12,24],[22,14,18,10,11,23,2,6,12,24],[10,6,18,14,22,23,11,2,12,24],[18,22,14,10,11,23,2,6,24],[22,6,14,10,23,11,2,18,24],[22,6,18,14,2,10,11,23,12,24],[22,6,18,14,10,11,23,2,12,24],[2,22,14,10,11,23,18,6,12,24],[10,18,2,6,14,22,11,23,12,24],[2,6,22,10,11,23,14,18,12,24],[10,22,23,11,2,18,6,14,12,24],[10,2,18,14,6,22,11,23,24],[10,22,23,11,14,6,2,18,24],[2,14,22,18,6,10,11,23,12,24],[14,22,18,6,2,10,23,11,12,24],[2,10,6,22,11,23,14,18,24],[6,14,22,10,23,11,18,2,12,24],[22,6,2,10,23,11,18,14,24],[6,2,22,14,10,11,23,18,12,24],[2,10,18,14,22,11,23,6,24],[2,10,18,6,14,22,11,23,12,24],[10,22,11,23,2,6,18,14,12,24],[18,6,14,2,22,10,11,23,12,24],[10,18,6,22,23,11,14,2,24],[2,10,18,22,23,11,14,6,12,24],[2,14,22,18,10,23,11,6,12,24],[14,18,22,6,10,23,11,2,24],[18,6,14,2,10,22,11,23,24],[18,22,6,10,23,11,2,14,12,24],[18,10,6,22,11,23,2,14,24],[6,10,18,22,11,23,2,14,24],[10,18,2,22,11,23,14,6,24],[6,22,2,18,10,11,23,14,12,24],[6,18,10,2,22,23,11,14,24],[6,10,22,23,11,14,2,18,24],[18,2,14,6,22,10,23,11,12,24],[6,18,14,2,10,22,23,11,12,24],[18,6,14,22,10,23,11,2,12,24],[22,2,14,6,10,23,11,18,24],[10,18,22,11,23,14,6,2,24],[2,18,6,22,14,10,11,23,24],[14,10,6,2,22,11,23,18,12,24],[6,2,10,22,11,23,18,14,24],[10,2,14,6,22,11,23,18,12,24],[18,2,10,14,22,23,11,6,24],[18,14,2,22,10,23,11,6,12,24],[22,14,18,6,10,11,23,2,12,24],[18,6,10,2,22,23,11,14,24],[14,22,6,10,23,11,2,18,24],[22,14,18,6,2,10,23,11,24],[2,10,14,6,22,23,11,18,12,24],[2,10,18,14,22,11,23,6,12,24],[22,14,10,23,11,18,6,2,12,24],[18,6,2,14,22,10,23,11,12,24],[18,10,2,6,14,22,23,11,12,24],[2,14,22,6,10,11,23,18,24],[18,2,14,22,10,23,11,6,12,24],[6,18,14,2,22,10,11,23,24],[18,22,2,14,10,11,23,6,12,24],[10,14,18,2,22,23,11,6,12,24],[14,22,10,23,11,18,2,6,12,24],[22,18,10,11,23,6,2,14,12,24],[14,18,22,2,6,10,23,11,24],[14,10,2,6,22,11,23,18,12,24],[6,18,22,10,11,23,14,2,24],[10,14,22,11,23,6,18,2,12,24],[10,6,22,23,11,2,18,14,12,24],[18,2,6,10,14,22,23,11,12,24],[6,2,18,10,14,22,23,11,12,24],[6,14,2,10,18,22,23,11,12,24],[14,22,18,6,10,11,23,2,24],[18,6,2,10,22,23,11,14,12,24],[10,6,2,22,11,23,14,18,24],[6,18,10,22,11,23,14,2,24],[18,14,2,10,6,22,11,23,12,24],[2,18,6,22,14,10,23,11,24],[14,2,18,6,22,10,23,11,12,24],[6,10,18,22,23,11,2,14,24],[6,2,22,10,23,11,18,14,12,24],[22,14,10,23,11,2,18,6,12,24],[10,22,23,11,14,18,2,6,12,24],[10,14,22,11,23,2,18,6,12,24],[2,14,10,6,18,22,11,23,24],[2,6,22,18,14,10,23,11,12,24],[14,18,2,10,22,23,11,6,12,24],[10,14,22,23,11,18,6,2,24],[6,14,22,10,11,23,2,18,24],[6,22,18,14,10,23,11,2,12,24],[18,6,10,22,23,11,2,14,12,24],[14,2,22,18,10,23,11,6,24],[2,22,10,11,23,18,6,14,24],[2,22,14,6,18,10,11,23,12,24],[14,22,6,10,23,11,18,2,24],[14,10,22,11,23,18,6,2,24],[6,10,14,18,2,22,11,23,24],[14,22,6,18,10,23,11,2,24],[2,22,10,23,11,6,14,18,24],[18,2,14,10,22,11,23,6,12,24],[18,14,22,10,11,23,6,2,12,24],[18,2,22,10,11,23,6,14,12,24],[22,10,23,11,2,6,14,18,24],[18,22,6,10,23,11,2,14,24],[18,22,2,14,10,23,11,6,24],[22,2,10,11,23,6,14,18,24],[22,6,2,18,10,23,11,14,12,24],[10,22,11,23,18,14,2,6,12,24],[10,2,22,11,23,6,18,14,12,24],[18,14,22,10,23,11,6,2,24],[22,10,23,11,14,2,6,18,24],[14,2,6,10,22,23,11,18,12,24],[22,6,14,2,10,23,11,18,12,24],[18,14,2,10,22,23,11,6,24],[6,2,14,22,18,10,11,23,24],[6,14,22,18,10,23,11,2,24],[10,6,14,22,23,11,2,18,12,24],[18,14,10,6,22,23,11,2,12,24],[2,14,6,18,10,22,23,11,24],[10,14,2,22,11,23,6,18,24],[2,22,18,14,10,11,23,6,12,24],[10,18,2,14,6,22,11,23,12,24],[2,22,6,18,10,23,11,14,24],[6,10,22,23,11,18,2,14,12,24],[14,10,6,18,22,11,23,2,24],[6,18,2,14,10,22,23,11,24],[18,22,2,14,10,23,11,6,24],[18,22,14,2,6,10,23,11,12,24],[14,6,10,18,22,11,23,2,12,24],[6,2,18,10,14,22,23,11,12,24],[6,10,22,23,11,18,14,2,12,24],[10,14,22,23,11,6,18,2,12,24],[6,2,22,10,23,11,18,14,12,24],[14,6,10,22,23,11,18,2,24],[6,14,10,22,11,23,2,18,12,24],[22,18,14,6,2,10,23,11,24],[14,22,6,18,2,10,11,23,12,24],[2,10,14,6,22,23,11,18,12,24],[2,18,6,10,14,22,23,11,24],[14,22,2,10,11,23,6,18,12,24],[2,18,6,22,10,23,11,14,24],[2,14,10,18,22,23,11,6,12,24],[22,18,10,23,11,6,14,2,12,24],[22,2,18,14,6,10,11,23,12,24],[14,10,22,23,11,6,2,18,24],[18,14,22,2,6,10,11,23,24],[10,18,2,6,14,22,11,23,24],[18,6,14,2,22,10,23,11,12,24],[22,6,18,14,10,11,23,2,24],[2,6,14,10,18,22,23,11,24],[22,6,10,11,23,18,2,14,12,24],[6,22,10,11,23,14,18,2,12,24],[2,22,18,14,6,10,23,11,12,24],[2,18,22,10,23,11,6,14,12,24],[10,18,14,6,2,22,23,11,24],[22,18,2,6,14,10,11,23,12,24],[10,2,22,11,23,18,14,6,24],[14,18,6,10,2,22,23,11,24],[6,2,18,10,22,23,11,14,24],[14,10,18,22,11,23,2,6,24],[22,18,10,11,23,2,6,14,12,24],[2,18,22,10,23,11,6,14,12,24],[18,22,2,14,6,10,11,23,24],[2,18,10,22,23,11,6,14,24],[10,14,2,22,23,11,6,18,24],[10,14,18,6,2,22,11,23,24],[22,14,6,2,18,10,11,23,12,24],[18,2,10,6,22,11,23,14,12,24],[2,10,14,6,22,23,11,18,12,24],[18,6,22,2,14,10,11,23,12,24],[10,14,22,23,11,18,6,2,12,24],[6,22,18,2,10,23,11,14,24],[18,2,22,10,23,11,6,14,12,24],[18,22,6,2,14,10,23,11,24],[14,6,18,10,22,23,11,2,24],[6,22,14,10,11,23,2,18,12,24]],"n_human":7}