{"problem_id":"jZUwNecCFAlql4P","sigma":150,"alpha":0.316,"cost":2,"probabilities":"[0.37, 0.44, 0.03, 0.16]","payoff_matrix":"[[-181, -80, 42, -14, -187, 100], [150, -196, -17, -170, 58, -195], [228, -39, -210, 103, -43, -100], [425, -92, -102, -243, -81, 120]]","uncovered":[[2,10,22,14,18,1,6,17,9,4],[18,10,14,22,2,17,6],[6,22,14,2,18,17,10],[6,22,2,18,17,14,10],[6,22,10,14,2,18,17],[2,10,22,14,18,1,6,17,9,12,4],[14,6,2,22,10,18,1,17,9,12,4],[22,2,18,17,6,14,10],[18,10,2,17,6,22,14],[2,18,1,6,14,10,22,17,9,4],[2,18,1,10,22,14,6,17,9,12,4],[6,22,18,10,14,2,1,17,9,4],[10,6,22,18,14,2,1,17,9,12,4],[18,10,14,22,6,2,1,17,9,4],[14,22,6,18,10,2,17],[22,2,10,14,6,18,1,17,9,4],[10,22,18,2,1,6,14,17,9,4],[6,18,22,14,10,2,17],[2,14,10,22,6,18,17],[18,14,6,10,22,2,17],[6,2,14,18,17,10,22],[22,10,14,6,2,18,1,17,9,12,4],[6,14,18,10,22,2,1,17,9,4],[18,6,22,2,17,14,10],[10,6,18,14,2,17,22],[22,10,2,18,17,14,6],[22,2,10,6,18,1,14,17,9,4],[2,14,18,17,22,10,6],[22,6,2,10,14,18,17],[10,6,18,14,22,2,17],[22,18,10,14,6,2,1,17,9,4],[22,2,18,17,6,10,14],[14,2,18,1,6,10,22,17,9,4],[14,6,18,10,2,17,22],[6,14,18,10,22,2,1,17,9,12,4],[10,18,22,2,1,6,14,17,9,12,4],[6,22,18,14,2,1,10,17,9,4],[22,14,6,10,2,18,17],[2,22,18,17,14,10,6],[6,18,22,14,10,2,1,17,9,4],[22,2,10,6,18,1,14,17,9,12,4],[22,10,6,2,14,18,17],[14,22,2,18,1,10,6,17,9,12,4],[18,22,2,1,14,6,10,17,9,4],[18,2,17,14,22,10,6],[6,18,10,14,2,1,22,17,9,4],[2,22,14,18,1,10,6,17,9,12,4],[22,14,6,10,2,18,17],[14,6,2,10,22,18,1,17,9,4],[2,6,14,10,22,18,1,17,9,12,4],[10,14,2,22,18,17,6],[22,14,6,2,10,18,1,17,9,12,4],[22,2,18,1,6,14,10,17,9,4],[2,22,14,6,10,18,17],[6,14,18,2,17,10,22],[22,2,10,6,18,1,14,17,9,4],[18,22,10,6,14,2,17],[22,10,2,14,18,1,6,17,9,12,4],[2,14,10,18,1,22,6,17,9,12,4],[10,2,6,14,22,18,1,17,9,4],[2,10,14,6,22,18,1,17,9,12,4],[22,2,6,18,17,10,14],[2,14,18,17,6,10,22],[10,22,6,14,2,18,17],[22,14,10,6,2,18,17],[10,22,2,18,17,14,6],[10,6,18,14,22,2,1,17,9,4],[2,10,18,1,22,14,6,17,9,4],[14,18,6,2,17,22,10],[10,2,6,22,18,1,14,17,9,12,4],[22,18,10,6,2,17,14],[14,18,22,10,6,2,17],[18,14,22,10,6,2,17],[18,14,10,2,1,22,6,17,9,12,4],[14,22,18,6,10,2,1,17,9,4],[14,10,18,22,2,17,6],[10,18,22,6,2,17,14],[2,14,6,10,22,18,1,17,9,4],[14,2,6,10,18,17,22],[2,22,6,10,14,18,17],[10,14,6,18,2,1,22,17,9,12,4],[18,2,1,10,6,14,22,17,9,12,4],[6,14,10,2,18,17,22],[22,14,10,6,18,2,1,17,9,12,4],[6,2,14,18,1,22,10,17,9,4],[10,18,22,6,14,2,17],[18,22,14,10,6,2,17],[10,2,6,22,14,18,17],[22,10,6,14,18,2,1,17,9,12,4],[22,10,18,6,2,17,14],[2,10,6,14,18,17,22],[22,14,6,18,2,1,10,17,9,4],[14,18,10,2,1,22,6,17,9,4],[10,6,2,18,1,14,22,17,9,12,4],[6,10,22,18,14,2,17],[2,14,6,22,10,18,1,17,9,4],[6,14,22,10,2,18,17],[2,6,14,22,10,18,17],[10,22,18,2,17,14,6],[2,18,1,22,14,6,10,17,9,4],[14,18,6,22,10,2,1,17,9,4],[18,10,14,6,22,2,17],[2,22,10,18,17,6,14],[6,14,2,18,1,10,22,17,9,4],[10,18,14,6,2,1,22,17,9,4],[10,2,18,1,22,6,14,17,9,12,4],[22,14,2,10,6,18,17],[14,22,2,6,10,18,17],[6,18,10,22,2,17,14],[22,18,6,10,14,2,17],[22,14,10,6,18,2,1,17,9,12,4],[6,14,2,18,1,22,10,17,9,4],[14,10,22,18,6,2,1,17,9,4],[6,14,18,10,2,17,22],[18,14,2,1,22,10,6,17,9,4],[18,10,22,2,17,14,6],[6,2,18,17,10,14,22],[18,22,6,10,14,2,17],[2,14,6,18,17,22,10],[6,22,2,14,18,1,10,17,9,12,4],[14,22,2,18,17,6,10],[10,6,18,2,17,14,22],[2,18,17,10,14,22,6],[22,14,10,6,2,18,1,17,9,12,4],[10,6,18,22,14,2,17],[18,2,17,10,22,6,14],[22,10,6,14,18,2,1,17,9,12,4],[6,10,18,22,14,2,17],[6,2,10,18,17,22,14],[18,14,22,6,10,2,17],[10,2,22,18,1,6,14,17,9,12,4],[6,2,14,18,17,22,10],[22,18,10,6,2,17,14],[22,14,10,18,6,2,1,17,9,12,4],[14,22,2,6,18,17,10],[22,18,6,14,10,2,1,17,9,12,4],[14,18,6,2,1,10,22,17,9,12,4],[10,6,22,2,14,18,17],[2,10,6,18,1,22,14,17,9,4],[2,10,14,6,22,18,17],[6,14,18,2,17,22,10],[6,2,22,14,10,18,1,17,9,4],[6,14,18,2,17,10,22],[2,14,10,22,6,18,1,17,9,12,4],[14,18,6,10,22,2,17],[18,2,17,10,14,6,22],[10,18,6,14,22,2,17],[2,22,6,14,18,17,10],[14,6,10,2,22,18,17],[14,18,6,10,2,1,22,17,9,12,4],[22,10,14,18,2,17,6],[22,18,6,14,2,17,10],[14,6,2,10,22,18,1,17,9,12,4],[14,22,6,2,10,18,17],[6,22,18,2,17,10,14],[14,10,6,2,22,18,17],[2,14,10,22,6,18,1,17,9,12,4],[10,22,2,14,18,1,6,17,9,12,4],[2,14,22,6,10,18,17],[14,10,18,22,6,2,17],[14,10,18,6,22,2,1,17,9,4],[18,2,17,10,6,14,22],[18,10,14,2,17,6,22],[18,2,1,10,22,6,14,17,9,12,4],[18,6,2,17,22,10,14],[22,6,14,10,18,2,17],[2,18,1,14,6,10,22,17,9,12,4],[18,10,6,22,2,17,14],[22,2,18,17,14,10,6],[6,2,18,17,10,14,22],[18,10,2,17,6,22,14],[14,6,2,10,22,18,1,17,9,12,4],[18,6,14,10,22,2,17],[22,14,18,2,1,10,6,17,9,12,4],[18,6,14,2,17,22,10],[14,18,2,17,22,6,10],[6,18,2,17,14,22,10],[6,18,2,17,14,22,10],[14,18,2,1,22,6,10,17,9,12,4],[10,18,14,6,22,2,1,17,9,4],[14,10,22,2,18,1,6,17,9,12,4],[2,22,14,18,17,6,10],[18,6,10,14,22,2,17],[6,14,18,22,2,17,10],[10,14,2,22,18,17,6],[6,22,10,14,2,18,1,17,9,4],[10,2,18,1,6,14,22,17,9,12,4],[22,2,10,14,18,1,6,17,9,4],[14,22,2,10,18,1,6,17,9,4],[10,14,18,22,6,2,17],[18,2,1,10,6,14,22,17,9,4],[18,14,22,6,10,2,1,17,9,4],[2,14,6,22,18,17,10],[2,6,22,18,17,10,14],[10,6,22,2,18,17,14],[10,18,6,2,17,14,22],[14,6,2,10,18,17,22],[6,2,14,22,18,1,10,17,9,12,4],[2,6,10,22,18,1,14,17,9,4],[2,22,6,18,1,10,14,17,9,12,4],[18,2,1,22,14,10,6,17,9,4],[6,2,22,18,1,14,10,17,9,4],[6,2,22,14,10,18,1,17,9,12,4],[10,14,22,2,6,18,17],[22,6,18,14,10,2,17],[2,14,22,6,10,18,1,17,9,12,4],[18,22,10,6,14,2,17],[22,18,10,14,6,2,17],[14,6,2,10,18,17,22],[10,22,2,6,18,17,14],[10,6,22,14,2,18,1,17,9,4],[6,22,18,14,2,1,10,17,9,12,4],[10,6,14,22,18,2,1,17,9,12,4],[10,2,18,1,6,22,14,17,9,12,4],[22,6,14,18,10,2,1,17,9,4],[14,22,2,6,18,1,10,17,9,4],[18,6,14,2,1,10,22,17,9,4],[22,18,6,10,14,2,17],[2,22,6,10,14,18,17],[2,10,18,17,22,14,6],[2,22,10,18,1,14,6,17,9,12,4],[2,14,6,10,18,1,22,17,9,4],[18,10,6,22,14,2,1,17,9,12,4],[18,14,22,10,6,2,17],[22,6,2,18,17,10,14],[6,18,2,1,22,10,14,17,9,12,4],[22,14,2,10,6,18,17],[18,6,2,1,22,14,10,17,9,4],[6,2,10,18,17,22,14],[22,18,14,2,17,10,6],[18,14,22,10,6,2,17],[6,10,14,18,2,17,22],[14,10,2,18,1,6,22,17,9,12,4],[10,22,2,6,18,1,14,17,9,4],[18,22,6,14,2,17,10],[2,14,10,22,6,18,17],[18,10,2,1,6,22,14,17,9,12,4],[10,22,18,2,17,6,14],[6,18,10,22,14,2,17],[22,14,18,2,17,10,6],[18,2,1,6,10,14,22,17,9,12,4],[10,2,18,1,14,22,6,17,9,12,4],[10,2,14,22,6,18,17],[14,6,2,18,1,10,22,17,9,12,4],[14,22,2,10,6,18,1,17,9,4],[18,6,22,14,10,2,17],[22,10,2,18,1,6,14,17,9,12,4],[18,6,2,17,10,22,14],[6,14,10,18,22,2,1,17,9,12,4],[10,6,2,18,1,22,14,17,9,4],[6,10,18,14,2,1,22,17,9,4],[2,10,6,22,18,17,14],[10,6,14,2,22,18,1,17,9,4],[18,6,2,1,14,10,22,17,9,4],[18,10,6,22,14,2,17],[14,6,2,10,18,1,22,17,9,12,4],[2,18,1,14,6,22,10,17,9,12,4],[22,18,14,6,2,1,10,17,9,4],[6,18,10,22,14,2,1,17,9,12,4],[22,18,6,10,14,2,1,17,9,12,4],[18,14,10,22,2,1,6,17,9,12,4],[2,14,22,6,18,17,10],[2,22,10,6,18,1,14,17,9,4],[6,22,18,14,10,2,1,17,9,4],[14,10,2,22,18,1,6,17,9,12,4],[18,2,1,10,14,22,6,17,9,4],[10,14,6,18,22,2,17],[10,2,22,6,14,18,1,17,9,4],[6,18,14,2,1,22,10,17,9,4],[6,10,18,2,17,14,22],[10,18,22,6,2,1,14,17,9,4],[18,10,6,22,14,2,17],[22,10,14,2,18,17,6],[10,18,14,2,17,6,22],[10,14,2,22,18,1,6,17,9,4],[18,6,22,10,2,17,14],[10,22,6,18,14,2,17],[18,10,2,17,14,6,22],[22,18,2,1,6,10,14,17,9,4],[22,14,6,10,2,18,17],[14,6,10,2,22,18,1,17,9,4],[22,10,14,6,2,18,1,17,9,4],[6,2,14,22,10,18,17],[2,22,6,14,18,17,10],[14,22,18,2,1,10,6,17,9,12,4],[10,2,14,18,1,22,6,17,9,12,4],[2,6,10,18,17,14,22],[22,2,18,17,14,6,10],[10,6,18,14,2,1,22,17,9,4],[22,18,2,17,10,14,6],[18,2,1,10,14,6,22,17,9,4],[2,18,17,22,6,14,10],[10,22,14,6,2,18,17],[10,18,2,17,14,22,6],[2,14,6,10,22,18,1,17,9,12,4],[22,2,6,10,18,1,14,17,9,12,4],[10,22,2,6,14,18,17],[14,10,22,18,6,2,1,17,9,4],[22,2,18,17,14,6,10],[22,10,14,18,6,2,1,17,9,12,4],[10,2,22,6,18,17,14],[10,18,14,6,2,1,22,17,9,4],[6,10,18,14,2,1,22,17,9,12,4],[6,2,22,14,18,17,10],[18,6,2,17,22,10,14],[6,22,2,10,14,18,1,17,9,12,4],[6,22,18,14,2,17,10],[14,2,22,10,18,1,6,17,9,4],[10,18,6,14,22,2,17],[18,2,1,14,10,6,22,17,9,12,4],[18,22,10,6,2,17,14],[14,6,10,22,2,18,17],[10,14,6,2,22,18,17],[2,6,14,22,10,18,17],[18,6,14,2,1,10,22,17,9,12,4],[10,18,6,22,14,2,1,17,9,4],[14,18,2,17,22,6,10],[10,18,6,14,22,2,1,17,9,12,4],[22,2,18,1,10,6,14,17,9,12,4],[10,2,18,17,22,14,6],[14,6,10,22,2,18,1,17,9,12,4],[6,2,10,14,18,17,22],[14,6,22,10,18,2,1,17,9,12,4],[14,2,18,1,6,10,22,17,9,4],[10,18,14,22,2,17,6],[18,22,6,2,17,10,14],[2,6,18,1,10,14,22,17,9,4],[18,6,22,10,14,2,17],[22,6,2,10,18,17,14],[22,18,2,17,10,14,6],[2,18,1,6,10,22,14,17,9,12,4],[2,18,1,22,10,14,6,17,9,12,4],[2,6,22,18,17,14,10],[14,22,10,18,2,17,6],[22,10,6,18,14,2,1,17,9,4],[14,6,2,22,10,18,17],[10,18,22,2,17,14,6],[10,2,18,1,14,6,22,17,9,12,4],[14,10,2,6,18,1,22,17,9,12,4],[6,14,22,10,18,2,1,17,9,4],[10,18,2,1,14,6,22,17,9,4],[10,14,6,2,22,18,17],[18,6,14,10,2,1,22,17,9,4],[14,22,18,2,17,10,6],[22,14,10,2,18,17,6],[14,22,10,18,6,2,1,17,9,12,4],[22,10,6,18,14,2,17],[14,6,18,2,17,22,10],[18,2,17,22,10,14,6],[22,18,2,1,14,10,6,17,9,4],[2,18,17,6,22,10,14],[22,18,14,2,1,6,10,17,9,12,4],[2,6,18,1,22,10,14,17,9,4],[6,22,2,18,1,14,10,17,9,4],[2,14,22,10,6,18,17],[2,10,6,14,22,18,1,17,9,4],[2,10,18,17,14,6,22],[6,10,14,22,2,18,1,17,9,12,4],[22,14,2,10,6,18,17],[2,18,1,22,6,14,10,17,9,4],[6,14,10,2,18,1,22,17,9,4],[18,22,6,14,2,17,10],[14,22,2,6,10,18,17],[18,14,22,10,2,1,6,17,9,12,4],[18,22,2,17,6,14,10],[18,14,2,1,6,10,22,17,9,12,4],[14,2,6,10,18,1,22,17,9,12,4],[22,18,14,6,10,2,17],[14,18,10,2,17,22,6],[2,6,14,18,17,22,10],[22,10,2,6,18,17,14],[2,22,6,14,10,18,1,17,9,4],[10,22,2,6,18,1,14,17,9,12,4],[10,6,14,18,2,17,22],[6,2,22,10,14,18,17],[6,10,18,22,2,1,14,17,9,12,4],[14,18,6,22,2,1,10,17,9,4],[2,18,17,14,22,6,10],[18,22,6,10,2,17,14],[18,14,22,6,2,1,10,17,9,4],[22,6,18,2,1,10,14,17,9,4],[22,18,2,17,10,14,6],[10,2,18,17,22,6,14],[2,14,10,22,6,18,17],[22,6,10,2,18,17,14],[14,10,2,22,6,18,1,17,9,4],[22,10,6,18,14,2,17],[22,2,10,6,18,17,14],[2,22,10,6,18,1,14,17,9,4],[14,2,22,10,18,1,6,17,9,4],[18,22,10,14,6,2,17],[22,14,2,6,18,17,10],[10,22,6,18,14,2,1,17,9,4],[10,22,14,18,2,17,6],[22,2,18,17,6,14,10],[10,18,6,14,22,2,17],[18,22,2,17,10,14,6],[14,6,22,18,2,1,10,17,9,4],[6,22,10,18,2,1,14,17,9,4],[6,10,22,14,2,18,1,17,9,4],[10,6,22,14,18,2,1,17,9,12,4],[22,18,14,2,17,6,10],[2,18,1,22,10,14,6,17,9,4],[10,22,2,14,18,1,6,17,9,12,4],[22,10,6,2,14,18,1,17,9,12,4],[6,14,18,10,2,17,22],[22,18,10,6,2,17,14],[2,6,22,14,10,18,17],[6,2,22,10,14,18,17],[6,10,14,18,22,2,1,17,9,4],[18,22,10,14,2,17,6],[14,6,2,10,18,17,22],[14,10,6,18,22,2,1,17,9,4],[10,14,6,18,22,2,17],[22,2,10,14,18,17,6],[6,2,22,18,17,10,14],[14,18,22,10,6,2,1,17,9,12,4],[14,2,10,22,6,18,17],[14,10,18,2,1,6,22,17,9,4],[14,6,22,18,2,17,10],[2,22,14,18,17,10,6],[22,2,10,14,18,1,6,17,9,4],[10,14,18,22,6,2,1,17,9,4],[2,22,6,10,14,18,1,17,9,12,4],[2,6,18,17,22,14,10],[10,2,22,18,1,14,6,17,9,12,4],[6,10,2,14,22,18,17],[2,6,18,17,14,22,10],[6,18,22,14,2,1,10,17,9,4],[2,18,17,6,14,10,22],[10,2,22,14,6,18,17],[6,18,14,2,1,22,10,17,9,12,4],[10,2,22,6,14,18,1,17,9,4],[6,14,2,10,22,18,1,17,9,12,4],[10,14,22,18,6,2,1,17,9,4],[22,18,10,6,2,1,14,17,9,12,4],[10,6,14,2,18,1,22,17,9,12,4],[2,10,14,18,1,22,6,17,9,12,4],[10,14,18,6,2,17,22],[18,14,2,17,22,10,6],[14,18,6,10,2,1,22,17,9,12,4],[6,14,10,22,18,2,1,17,9,12,4],[18,2,17,14,22,6,10],[18,2,1,6,10,14,22,17,9,4],[6,22,10,18,2,1,14,17,9,4],[14,2,22,6,18,1,10,17,9,4],[10,14,18,22,6,2,17],[10,22,2,6,18,17,14],[18,6,2,17,10,14,22],[14,10,18,2,17,6,22],[6,10,22,18,14,2,1,17,9,12,4],[6,10,14,18,22,2,1,17,9,12,4],[6,10,18,14,2,17,22],[2,18,17,6,14,10,22],[2,18,1,22,6,10,14,17,9,12,4],[10,2,14,18,17,6,22],[6,10,2,22,14,18,1,17,9,4],[2,6,14,18,1,10,22,17,9,4],[2,18,1,6,10,14,22,17,9,12,4],[10,18,14,22,6,2,17],[22,14,10,6,18,2,17],[18,22,10,14,6,2,17],[6,18,14,2,1,22,10,17,9,4],[6,10,2,18,1,22,14,17,9,4],[6,18,2,1,10,14,22,17,9,12,4],[10,18,22,2,17,6,14],[18,6,14,22,2,17,10],[10,14,18,6,2,1,22,17,9,4],[18,10,14,2,17,6,22],[22,18,14,10,2,17,6],[14,2,22,10,6,18,17],[18,6,14,22,10,2,17],[2,14,6,18,17,10,22],[6,14,10,2,18,17,22],[10,22,18,14,6,2,1,17,9,12,4],[22,10,2,18,1,14,6,17,9,12,4],[14,6,2,18,17,22,10],[18,22,14,2,17,10,6],[10,2,14,6,22,18,1,17,9,12,4],[18,6,14,10,22,2,17],[14,6,10,22,2,18,17],[18,22,6,10,14,2,1,17,9,4],[6,14,2,22,10,18,1,17,9,4],[22,2,18,1,6,14,10,17,9,4],[14,6,2,18,17,10,22],[6,14,2,22,10,18,17],[2,14,18,17,6,10,22],[18,22,14,10,2,1,6,17,9,12,4],[6,22,10,2,18,17,14],[14,6,22,10,2,18,1,17,9,4],[10,14,18,2,1,6,22,17,9,12,4],[6,14,10,2,18,17,22],[2,18,17,6,14,10,22],[22,6,2,10,18,17,14],[22,6,18,2,17,14,10],[18,6,22,2,17,14,10],[6,10,14,22,18,2,1,17,9,4],[2,10,6,22,14,18,1,17,9,4],[14,2,6,18,1,10,22,17,9,12,4],[6,14,10,18,2,17,22],[22,10,14,2,18,17,6],[2,6,14,22,10,18,17],[10,6,14,22,18,2,17],[6,22,2,18,17,10,14],[10,18,2,1,6,14,22,17,9,12,4],[10,22,18,14,2,1,6,17,9,12,4],[22,2,10,14,6,18,1,17,9,12,4],[10,22,18,6,14,2,17],[10,18,2,17,22,14,6],[14,22,2,18,1,10,6,17,9,4],[14,6,2,22,10,18,1,17,9,12,4],[2,14,22,6,10,18,1,17,9,12,4],[2,22,10,6,18,17,14],[14,18,22,6,10,2,17],[22,6,14,2,18,1,10,17,9,4],[6,2,10,18,17,22,14],[10,6,2,18,17,22,14],[22,6,14,18,10,2,1,17,9,4],[10,14,18,22,2,17,6],[18,14,6,2,17,10,22],[22,6,2,10,18,17,14],[22,18,10,14,6,2,1,17,9,4],[6,10,22,14,2,18,17],[18,22,2,1,6,10,14,17,9,4],[14,6,18,10,22,2,1,17,9,4],[6,10,2,14,18,17,22],[14,6,2,18,17,22,10],[14,10,18,22,6,2,1,17,9,12,4],[22,10,14,2,18,1,6,17,9,12,4],[2,6,22,14,18,1,10,17,9,4],[14,18,2,17,6,22,10],[14,6,2,22,10,18,1,17,9,4],[18,10,6,2,1,14,22,17,9,4],[14,18,22,10,2,1,6,17,9,12,4],[14,6,10,18,22,2,1,17,9,12,4],[14,18,6,10,2,1,22,17,9,4],[22,10,14,2,18,1,6,17,9,12,4],[14,10,22,18,6,2,1,17,9,4],[14,2,6,18,17,22,10],[2,22,6,18,17,14,10],[2,6,22,14,18,1,10,17,9,4],[2,14,22,10,18,1,6,17,9,4],[6,2,14,18,1,22,10,17,9,4],[6,22,18,10,14,2,1,17,9,12,4],[6,22,18,14,10,2,17],[14,6,18,22,10,2,1,17,9,12,4],[14,22,2,10,6,18,17],[2,14,6,10,18,17,22],[14,10,6,2,18,17,22],[6,22,10,14,2,18,1,17,9,4],[6,14,22,10,2,18,17],[18,6,2,17,22,10,14],[14,10,6,22,18,2,17],[6,14,2,10,22,18,1,17,9,4],[18,22,2,1,6,14,10,17,9,12,4],[18,14,2,1,10,6,22,17,9,12,4],[2,22,6,10,18,1,14,17,9,4],[18,2,1,10,22,6,14,17,9,4],[6,2,22,14,18,17,10],[22,6,14,10,2,18,17],[14,18,2,17,6,22,10],[10,14,22,2,18,1,6,17,9,4],[14,2,6,18,1,10,22,17,9,4],[2,6,10,14,22,18,1,17,9,4],[6,18,22,14,10,2,1,17,9,12,4],[22,10,6,2,18,1,14,17,9,4],[6,14,22,2,10,18,17],[10,22,2,18,17,6,14],[10,6,2,14,18,17,22],[18,10,6,14,2,1,22,17,9,12,4],[2,10,22,18,1,14,6,17,9,4],[10,6,14,22,2,18,17],[14,2,10,18,1,6,22,17,9,4],[10,6,22,18,14,2,17],[22,6,10,18,2,1,14,17,9,12,4],[22,18,2,17,14,6,10],[6,2,14,18,17,22,10],[6,2,22,14,18,1,10,17,9,12,4],[22,2,10,14,6,18,17],[6,14,18,22,10,2,1,17,9,4],[22,18,10,2,17,6,14],[14,18,10,2,1,22,6,17,9,12,4],[22,18,6,2,17,14,10],[22,18,6,14,2,1,10,17,9,12,4],[18,2,1,6,22,14,10,17,9,12,4],[2,6,14,22,18,17,10],[2,18,1,14,22,6,10,17,9,4],[14,18,10,22,2,1,6,17,9,4],[14,6,22,10,2,18,1,17,9,4],[6,10,2,14,22,18,17],[22,14,18,2,1,6,10,17,9,12,4],[2,18,17,22,14,6,10],[6,10,2,22,18,17,14],[10,14,22,2,6,18,17],[2,10,18,1,22,6,14,17,9,4],[14,10,2,6,22,18,1,17,9,4],[18,22,10,6,14,2,17],[14,22,2,18,17,6,10],[18,22,2,17,14,10,6],[10,6,22,2,18,17,14],[22,18,10,2,17,6,14],[2,14,18,17,6,10,22],[18,22,2,1,14,10,6,17,9,4],[2,14,18,1,22,6,10,17,9,12,4],[14,6,10,2,22,18,17],[22,10,18,14,6,2,1,17,9,12,4],[6,14,22,18,10,2,1,17,9,12,4],[2,18,1,6,10,22,14,17,9,12,4],[10,6,18,22,2,17,14],[14,6,2,18,1,10,22,17,9,4],[6,10,18,14,22,2,17],[18,22,2,1,6,10,14,17,9,4],[22,18,6,10,2,17,14],[6,18,14,10,2,1,22,17,9,12,4],[10,18,6,2,1,14,22,17,9,12,4],[22,14,18,2,1,10,6,17,9,4],[14,2,18,17,22,6,10],[14,22,2,18,17,10,6],[6,22,10,2,14,18,1,17,9,12,4],[6,18,2,17,22,10,14],[10,6,14,22,2,18,1,17,9,4],[10,22,2,6,14,18,17],[10,2,14,18,1,22,6,17,9,4],[2,6,14,18,17,10,22],[14,6,10,22,2,18,1,17,9,4],[14,6,18,22,2,17,10],[22,2,6,14,18,17,10],[2,14,6,22,18,17,10],[18,10,2,17,14,6,22],[14,6,22,2,10,18,17],[14,10,6,18,22,2,1,17,9,12,4],[14,2,22,10,6,18,1,17,9,12,4],[10,14,6,18,2,17,22],[10,2,18,17,22,14,6],[14,22,18,10,6,2,17],[10,14,18,2,1,22,6,17,9,12,4],[2,6,14,18,1,10,22,17,9,12,4],[6,18,10,22,2,1,14,17,9,4],[14,6,22,2,10,18,1,17,9,12,4],[10,2,18,17,22,6,14],[14,22,18,10,2,1,6,17,9,12,4],[18,2,1,10,6,22,14,17,9,4],[22,10,18,14,6,2,17],[22,18,10,2,17,6,14],[14,18,10,2,17,6,22],[14,2,18,1,22,10,6,17,9,4],[18,22,2,17,6,14,10],[10,18,14,6,22,2,17],[10,18,2,1,22,6,14,17,9,12,4],[2,10,14,6,22,18,17],[2,6,22,10,18,17,14],[22,14,6,10,18,2,1,17,9,4],[6,2,10,18,17,14,22],[6,10,22,14,2,18,1,17,9,12,4],[6,10,14,22,18,2,1,17,9,4],[14,10,18,2,1,22,6,17,9,12,4],[18,22,10,6,2,1,14,17,9,4],[10,22,18,6,2,17,14],[14,22,6,18,10,2,17],[22,14,10,2,18,1,6,17,9,4],[18,14,22,6,2,1,10,17,9,12,4],[2,10,22,18,1,14,6,17,9,12,4],[10,18,2,1,14,6,22,17,9,12,4],[14,6,2,10,22,18,17],[22,6,14,18,2,1,10,17,9,12,4],[22,10,14,18,6,2,1,17,9,12,4],[10,2,22,14,6,18,1,17,9,4],[18,6,10,14,22,2,1,17,9,12,4],[2,22,18,1,6,14,10,17,9,12,4],[14,18,10,6,2,17,22],[14,10,18,22,2,1,6,17,9,12,4],[22,2,18,1,14,6,10,17,9,12,4],[14,10,18,6,2,17,22],[6,10,2,22,14,18,17],[18,6,22,14,10,2,17],[14,6,2,22,10,18,1,17,9,4],[14,6,10,2,22,18,1,17,9,12,4],[18,2,1,10,14,6,22,17,9,4],[18,2,17,14,6,22,10],[2,22,6,14,18,17,10],[2,14,10,22,6,18,1,17,9,12,4],[18,22,10,2,17,6,14],[18,6,2,1,14,10,22,17,9,12,4],[18,10,2,1,6,22,14,17,9,4],[6,10,22,2,18,1,14,17,9,12,4],[10,22,14,2,6,18,1,17,9,4],[14,22,10,6,2,18,1,17,9,4],[6,22,18,14,2,1,10,17,9,12,4],[14,2,18,17,10,6,22],[2,22,18,17,10,14,6],[10,18,14,6,2,1,22,17,9,4],[18,2,1,10,14,6,22,17,9,12,4],[10,14,18,2,1,22,6,17,9,12,4],[22,18,6,10,2,17,14],[22,14,2,6,18,1,10,17,9,4],[2,14,22,10,6,18,17],[14,10,6,22,18,2,17],[18,22,2,1,14,6,10,17,9,4],[14,2,10,22,18,1,6,17,9,4],[6,18,10,22,2,17,14],[6,10,18,2,17,22,14],[2,6,22,18,17,14,10],[22,10,18,6,2,17,14],[2,6,22,18,17,14,10],[22,2,10,18,1,6,14,17,9,12,4],[6,10,2,22,14,18,1,17,9,12,4],[18,14,6,10,2,1,22,17,9,4],[2,10,22,6,14,18,1,17,9,4],[22,6,10,14,2,18,17],[14,6,2,10,18,1,22,17,9,4],[10,22,6,18,2,1,14,17,9,4],[6,10,2,14,22,18,1,17,9,4],[10,18,2,1,6,22,14,17,9,4],[18,6,2,17,22,14,10],[22,6,2,18,17,14,10],[18,2,17,10,6,14,22],[14,18,2,17,6,10,22],[6,14,22,10,2,18,1,17,9,4],[2,10,18,17,14,22,6],[10,18,2,1,22,14,6,17,9,12,4],[2,22,14,10,6,18,17],[6,2,14,10,18,1,22,17,9,12,4],[6,14,22,2,10,18,1,17,9,12,4],[14,10,22,18,6,2,17],[22,14,6,2,18,17,10],[14,10,18,22,6,2,17],[22,14,6,18,2,1,10,17,9,12,4],[10,6,18,22,2,17,14],[22,2,6,18,17,14,10],[18,2,17,10,22,6,14],[2,14,22,6,18,17,10],[6,2,18,17,10,22,14],[2,18,1,14,6,10,22,17,9,12,4],[22,6,14,2,10,18,1,17,9,12,4],[18,2,17,6,22,10,14],[18,2,1,22,6,14,10,17,9,4],[2,6,10,18,17,14,22],[6,14,2,22,18,17,10],[22,14,2,18,17,10,6],[6,14,18,2,1,22,10,17,9,4],[22,14,2,6,18,1,10,17,9,12,4],[14,2,18,17,6,10,22],[14,6,22,18,2,17,10],[22,18,14,10,6,2,17],[6,2,22,14,18,1,10,17,9,12,4],[14,22,10,2,18,17,6],[14,2,18,1,22,10,6,17,9,4],[10,2,6,22,18,1,14,17,9,4],[18,14,6,22,10,2,17],[2,10,18,17,14,6,22],[6,14,2,18,1,22,10,17,9,4],[22,6,14,18,10,2,1,17,9,4],[10,22,6,2,14,18,17],[2,18,17,6,10,22,14],[22,14,2,18,17,6,10],[18,2,17,22,10,6,14],[6,14,18,2,1,10,22,17,9,12,4],[14,2,22,6,10,18,17],[22,18,10,2,17,14,6],[14,6,22,10,2,18,1,17,9,4],[18,6,14,10,2,17,22],[22,18,10,14,2,17,6],[18,22,6,14,10,2,17],[6,22,14,10,18,2,1,17,9,12,4],[18,10,6,2,17,14,22],[6,18,2,17,22,10,14],[22,18,6,14,10,2,1,17,9,4],[2,22,18,1,14,10,6,17,9,4],[18,14,6,10,22,2,1,17,9,4],[18,22,6,10,2,17,14],[2,18,1,22,14,10,6,17,9,4],[2,22,14,18,1,10,6,17,9,4],[22,2,18,17,6,10,14],[14,6,18,22,10,2,17],[6,22,10,14,2,18,1,17,9,4],[6,18,2,1,22,10,14,17,9,12,4],[22,10,18,14,2,17,6],[14,2,22,6,18,1,10,17,9,4],[22,18,6,14,10,2,17],[14,18,22,10,2,17,6],[6,2,18,1,22,14,10,17,9,4],[18,2,17,22,14,10,6],[2,10,18,1,22,14,6,17,9,4],[14,10,18,22,2,1,6,17,9,12,4],[6,14,22,2,10,18,1,17,9,4],[10,18,6,14,2,17,22],[18,14,2,1,22,6,10,17,9,12,4],[22,2,18,17,10,14,6],[6,22,2,14,10,18,1,17,9,12,4],[22,10,14,2,6,18,1,17,9,12,4],[6,14,18,22,2,1,10,17,9,12,4],[6,14,10,22,2,18,17],[2,10,18,17,14,22,6],[2,22,18,17,14,10,6],[6,18,14,2,1,22,10,17,9,12,4],[2,22,14,10,18,17,6],[14,6,2,18,17,10,22],[22,2,18,17,10,14,6],[14,6,2,22,18,17,10],[10,14,22,6,18,2,1,17,9,12,4],[22,14,2,18,17,10,6],[10,22,2,14,6,18,17],[18,2,1,14,6,10,22,17,9,12,4],[2,6,10,18,17,14,22],[22,18,10,2,17,14,6],[6,18,22,2,1,10,14,17,9,12,4],[6,22,14,18,2,17,10],[18,14,10,2,17,6,22],[22,18,10,2,17,6,14],[22,18,14,6,2,17,10],[14,18,2,1,10,22,6,17,9,12,4],[18,6,14,10,2,1,22,17,9,12,4],[6,2,22,10,14,18,1,17,9,4],[2,6,18,1,10,22,14,17,9,12,4],[22,10,6,14,18,2,1,17,9,12,4],[14,10,22,18,6,2,17],[2,6,10,14,22,18,1,17,9,4],[22,10,6,2,14,18,1,17,9,4],[14,22,2,10,6,18,1,17,9,12,4],[22,10,2,6,14,18,17],[14,22,10,6,18,2,17],[2,18,1,14,22,10,6,17,9,4],[14,2,10,6,18,17,22],[6,14,22,18,2,1,10,17,9,4],[14,10,22,2,6,18,1,17,9,12,4],[18,2,17,6,14,10,22],[6,2,18,17,10,22,14],[18,14,22,6,2,17,10],[10,14,18,22,2,1,6,17,9,4],[10,14,22,18,6,2,1,17,9,4],[2,14,6,18,1,22,10,17,9,12,4],[6,10,22,14,18,2,17],[2,18,1,14,22,10,6,17,9,4],[14,22,18,2,1,6,10,17,9,4],[14,22,18,6,10,2,1,17,9,4],[18,2,1,6,14,10,22,17,9,12,4],[22,2,18,17,6,14,10],[18,6,14,2,1,10,22,17,9,4],[14,18,2,17,10,22,6],[22,10,14,6,2,18,17],[2,6,18,17,22,10,14],[18,10,22,2,1,6,14,17,9,4],[14,2,18,1,10,22,6,17,9,4],[10,14,6,2,22,18,17],[14,2,10,6,18,1,22,17,9,12,4],[6,14,18,2,17,10,22],[6,22,10,14,2,18,17],[22,18,10,2,1,6,14,17,9,12,4],[10,14,2,22,6,18,17],[2,14,6,18,1,22,10,17,9,4],[18,10,14,6,2,1,22,17,9,4],[22,18,2,1,6,14,10,17,9,12,4],[18,2,17,22,6,14,10],[2,6,18,17,14,10,22],[10,6,14,18,22,2,1,17,9,4],[6,10,2,14,22,18,17],[10,6,18,22,14,2,17],[6,2,10,22,18,1,14,17,9,4],[18,10,6,2,17,14,22],[18,14,22,6,10,2,1,17,9,12,4],[14,6,22,2,18,1,10,17,9,12,4],[14,10,18,6,2,17,22],[18,2,1,6,10,22,14,17,9,4],[2,10,18,1,22,14,6,17,9,4],[2,18,1,14,10,6,22,17,9,4],[18,6,10,2,1,22,14,17,9,4],[10,18,2,1,6,22,14,17,9,4],[2,18,1,10,14,6,22,17,9,12,4],[22,2,18,1,10,14,6,17,9,12,4],[6,18,22,14,10,2,1,17,9,4],[6,18,2,17,14,10,22],[18,10,2,1,14,6,22,17,9,4],[22,10,14,2,6,18,1,17,9,12,4],[6,2,14,18,17,22,10],[2,10,14,22,6,18,17],[6,2,14,18,17,10,22],[22,14,2,6,18,1,10,17,9,12,4],[2,14,18,17,6,22,10],[10,14,22,18,2,1,6,17,9,12,4],[2,10,6,22,18,1,14,17,9,4],[10,14,22,2,18,17,6],[22,14,2,18,1,6,10,17,9,4],[6,14,22,10,18,2,1,17,9,12,4],[18,10,2,1,22,6,14,17,9,12,4],[6,22,2,18,17,10,14],[14,18,10,2,17,6,22],[6,10,18,2,17,22,14],[22,18,14,6,2,17,10],[10,22,14,6,2,18,1,17,9,4],[10,2,14,18,1,22,6,17,9,12,4],[6,18,10,2,17,22,14],[2,14,10,6,18,17,22],[14,6,10,18,2,17,22],[10,14,6,18,22,2,1,17,9,12,4],[18,10,22,6,14,2,1,17,9,4],[18,22,14,2,1,6,10,17,9,12,4],[18,10,14,22,6,2,17],[6,14,18,10,22,2,1,17,9,4],[6,2,22,10,14,18,1,17,9,4],[6,14,10,2,18,17,22],[18,2,17,22,6,14,10],[22,2,10,6,18,17,14],[10,22,6,2,14,18,1,17,9,12,4],[18,10,14,6,22,2,17],[14,22,18,10,6,2,17],[14,18,6,10,2,17,22],[2,18,17,10,6,22,14],[22,18,14,6,2,17,10],[2,14,10,18,1,22,6,17,9,12,4],[22,6,14,10,2,18,17],[18,10,14,6,2,17,22],[10,18,22,6,14,2,17],[6,10,22,14,18,2,17],[6,22,14,2,10,18,17],[2,6,14,22,10,18,17],[14,10,22,6,2,18,17],[2,6,22,14,10,18,1,17,9,12,4],[18,22,6,14,10,2,1,17,9,4],[14,22,2,6,10,18,1,17,9,4],[22,18,14,10,2,1,6,17,9,12,4],[22,18,2,1,10,6,14,17,9,4],[2,6,14,18,17,22,10],[18,6,14,2,1,22,10,17,9,12,4],[18,6,22,2,17,10,14],[22,14,10,18,2,17,6],[22,14,2,6,10,18,17],[10,14,2,18,17,6,22],[10,2,22,6,18,17,14],[10,18,2,1,14,22,6,17,9,12,4],[6,22,10,14,2,18,1,17,9,12,4],[18,14,22,2,1,6,10,17,9,4],[2,6,10,22,18,17,14],[18,22,14,2,17,10,6],[10,6,2,14,18,17,22],[18,2,1,14,10,22,6,17,9,4],[2,10,18,17,22,6,14],[22,14,18,10,6,2,1,17,9,12,4],[18,2,17,14,10,22,6],[2,6,22,10,14,18,17],[10,6,14,2,18,1,22,17,9,12,4],[22,14,10,18,2,17,6],[14,10,2,18,1,22,6,17,9,12,4],[22,2,14,10,18,1,6,17,9,12,4],[14,2,10,22,6,18,1,17,9,4],[10,6,18,22,14,2,17],[14,2,18,1,10,6,22,17,9,4],[22,10,6,2,14,18,1,17,9,12,4],[6,14,2,10,18,1,22,17,9,4],[10,6,18,2,17,22,14],[18,2,17,22,6,14,10],[2,6,14,18,1,22,10,17,9,12,4],[6,10,2,22,14,18,17],[2,6,22,14,10,18,17],[10,22,14,2,18,17,6],[10,6,14,2,18,17,22],[18,10,6,2,1,22,14,17,9,12,4],[18,14,22,2,1,10,6,17,9,12,4],[6,14,2,22,10,18,1,17,9,4],[14,2,10,18,1,22,6,17,9,12,4],[10,18,6,22,14,2,17],[2,22,10,14,18,1,6,17,9,4],[18,2,17,6,14,22,10],[2,22,6,14,10,18,1,17,9,4],[6,2,18,17,22,10,14],[18,14,6,2,17,10,22],[2,22,6,18,17,10,14],[2,10,6,22,18,1,14,17,9,4],[10,2,6,14,22,18,17],[6,10,2,14,18,17,22],[22,10,14,18,6,2,1,17,9,4],[18,22,10,2,1,14,6,17,9,4],[22,10,18,14,6,2,1,17,9,4],[22,10,6,18,14,2,17],[2,22,18,1,14,6,10,17,9,4],[18,22,6,10,14,2,1,17,9,4],[22,2,6,14,10,18,1,17,9,12,4],[22,18,14,6,10,2,17],[14,10,2,22,18,17,6],[22,14,2,10,18,1,6,17,9,4],[10,18,22,14,6,2,1,17,9,12,4],[6,18,22,10,14,2,17],[6,2,18,17,22,14,10],[10,22,18,2,1,6,14,17,9,12,4],[22,18,6,14,2,17,10],[14,18,6,2,17,10,22],[18,2,1,10,6,22,14,17,9,12,4],[18,10,6,2,17,22,14],[10,18,22,6,14,2,17],[6,10,2,22,18,17,14],[2,6,22,14,18,17,10],[14,22,2,10,18,17,6],[18,6,22,10,2,17,14],[10,6,22,2,18,1,14,17,9,4],[22,10,2,6,18,1,14,17,9,12,4],[14,2,18,1,6,10,22,17,9,4],[2,14,22,10,18,17,6],[22,14,2,18,1,10,6,17,9,4],[22,10,6,2,14,18,17],[14,18,6,10,2,17,22],[14,6,10,2,22,18,17]],"n_human":12}