{"problem_id":"Qt2uakMdPNFZrgn","sigma":150,"alpha":0.100,"cost":1,"probabilities":"[0.28, 0.49, 0.22, 0.01]","payoff_matrix":"[[147, -50, -98, -34, 19, -150], [-103, -208, 38, -374, -96, 161], [92, 38, 25, 93, -190, -209], [-57, 44, -40, -139, -184, -16]]","uncovered":[[10,22,14,6,18,2,9],[14,18,6,2,10,22,9],[14,2,22,18,10,6,21,9,11,23,17,1,3],[14,22,6,18,2,10,9],[18,10,22,14,2,6,9],[14,10,18,22,6,2,21,9,23,11,17,1,3],[6,22,18,14,2,10,21,9,23,11,17,1,3],[10,2,22,18,14,6,21,9,23,11,17,1,3],[2,10,22,6,18,14,21,9,23,11,17,1,3],[6,18,10,14,22,2,9],[10,22,14,2,18,6,9],[14,10,2,6,22,18,21,9,11,23,17,1,3],[18,22,14,10,6,2,9],[6,14,2,18,22,10,9],[6,10,14,22,2,18,21,9,23,11,17,1,3],[22,6,18,14,10,2,21,9,11,23,17,1,3],[18,14,10,22,6,2,9],[14,6,22,2,18,10,21,9,11,23,17,1,3],[18,6,2,22,10,14,21,9,11,23,17,1,3],[14,6,18,10,2,22,21,9,23,11,17,1,3],[22,18,10,14,2,6,21,9,11,23,17,1,3],[6,18,22,2,14,10,9],[18,14,2,6,22,10,9],[10,2,6,14,18,22,9],[6,22,18,14,2,10,21,9,11,23,17,1,3],[18,6,14,2,22,10,21,9,23,11,17,1,3],[2,14,10,18,22,6,21,9,23,11,17,1,3],[2,18,14,6,22,10,9],[10,6,18,14,2,22,9],[14,2,6,22,18,10,9],[6,2,10,14,18,22,21,9,11,23,17,1,3],[10,22,2,6,14,18,9],[22,18,10,2,14,6,21,9,23,11,17,1,3],[10,22,2,6,18,14,21,9,23,11,17,1,3],[6,14,22,2,10,18,21,9,23,11,17,1,3],[2,22,6,18,14,10,9],[18,14,2,22,6,10,9],[6,14,10,22,2,18,9],[14,6,2,22,18,10,9],[14,6,2,10,22,18,21,9,11,23,17,1,3],[14,6,22,2,10,18,21,9,23,11,17,1,3],[14,22,10,18,2,6,9],[22,18,14,10,6,2,9],[6,22,10,14,18,2,9],[6,22,14,10,2,18,21,9,23,11,17,1,3],[2,10,22,14,18,6,21,9,23,11,17,1,3],[22,2,10,18,6,14,21,9,23,11,17,1,3],[14,22,6,10,18,2,21,9,11,23,17,1,3],[6,2,10,18,14,22,9],[22,2,18,10,14,6,21,9,11,23,17,1,3],[22,2,18,14,6,10,9],[14,6,10,2,18,22,21,9,11,23,17,1,3],[22,10,6,18,14,2,9],[22,18,14,6,10,2,9],[6,10,22,18,14,2,21,9,11,23,17,1,3],[10,18,2,22,14,6,21,9,23,11,17,1,3],[18,10,2,14,22,6,9],[14,6,10,2,18,22,21,9,23,11,17,1,3],[14,6,22,10,18,2,21,9,11,23,17,1,3],[2,10,18,6,22,14,9],[6,10,18,22,2,14,9],[10,18,14,22,6,2,21,9,23,11,17,1,3],[22,14,2,6,10,18,9],[10,18,6,22,2,14,21,9,23,11,17,1,3],[10,14,18,6,2,22,21,9,11,23,17,1,3],[18,22,14,10,6,2,9],[2,14,22,10,18,6,21,9,11,23,17,1,3],[6,22,10,14,18,2,9],[2,18,14,10,6,22,21,9,11,23,17,1,3],[14,2,10,22,18,6,9],[22,2,10,6,14,18,9],[10,18,2,6,14,22,9],[2,6,14,22,18,10,21,9,23,11,17,1,3],[2,22,14,10,18,6,21,9,23,11,17,1,3],[10,18,2,22,6,14,21,9,23,11,17,1,3],[18,22,6,2,10,14,21,9,11,23,17,1,3],[6,22,18,10,14,2,9],[18,14,10,6,22,2,9],[10,6,18,22,2,14,9],[10,18,22,2,6,14,21,9,23,11,17,1,3],[2,14,18,6,22,10,21,9,23,11,17,1,3],[6,14,2,10,22,18,21,9,23,11,17,1,3],[6,14,22,18,10,2,21,9,11,23,17,1,3],[6,2,22,10,14,18,9],[6,22,10,14,2,18,9],[22,6,18,2,14,10,21,9,11,23,17,1,3],[14,10,22,2,18,6,9],[10,18,14,2,6,22,21,9,23,11,17,1,3],[14,10,22,2,6,18,9],[22,2,6,18,14,10,21,9,11,23,17,1,3],[10,2,22,18,14,6,9],[2,22,14,18,10,6,21,9,11,23,17,1,3],[22,18,10,6,2,14,21,9,11,23,17,1,3],[2,6,22,14,18,10,21,9,11,23,17,1,3],[22,6,14,2,10,18,9],[2,10,18,6,22,14,21,9,11,23,17,1,3],[18,14,6,22,10,2,21,9,23,11,17,1,3],[22,18,2,6,10,14,21,9,11,23,17,1,3],[22,6,10,14,2,18,9],[6,22,18,10,14,2,21,9,23,11,17,1,3],[22,6,10,2,18,14,9],[2,10,14,22,18,6,21,9,11,23,17,1,3],[22,18,2,14,6,10,9],[22,6,10,2,14,18,21,9,23,11,17,1,3],[2,6,10,14,22,18,21,9,11,23,17,1,3],[6,2,22,14,18,10,9],[14,22,6,10,2,18,21,9,23,11,17,1,3],[10,18,6,14,22,2,21,9,23,11,17,1,3],[10,22,14,18,2,6,21,9,23,11,17,1,3],[6,2,10,18,14,22,9],[22,2,10,14,18,6,9],[22,10,6,2,14,18,9],[2,18,22,6,10,14,9],[2,18,10,6,22,14,9],[18,10,14,22,6,2,21,9,11,23,17,1,3],[2,14,10,18,22,6,9],[18,22,2,14,6,10,21,9,23,11,17,1,3],[14,22,6,10,2,18,21,9,11,23,17,1,3],[2,22,10,6,18,14,9],[10,18,22,6,2,14,21,9,23,11,17,1,3],[22,18,2,14,10,6,9],[2,22,14,10,18,6,9],[2,18,14,10,6,22,21,9,23,11,17,1,3],[18,6,10,22,14,2,9],[6,14,22,2,10,18,9],[2,10,14,18,22,6,9],[6,10,14,18,22,2,21,9,23,11,17,1,3],[18,22,14,2,10,6,9],[6,2,10,14,18,22,21,9,11,23,17,1,3],[10,2,6,18,14,22,21,9,23,11,17,1,3],[14,2,18,6,10,22,9],[6,22,10,14,18,2,9],[14,18,2,22,10,6,21,9,11,23,17,1,3],[18,10,2,14,6,22,21,9,23,11,17,1,3],[2,6,10,18,14,22,9],[22,14,10,18,6,2,9],[2,22,6,10,18,14,21,9,23,11,17,1,3],[14,6,2,10,18,22,9],[2,6,22,14,10,18,9],[6,22,10,2,14,18,9],[2,10,6,22,18,14,21,9,11,23,17,1,3],[18,10,6,22,14,2,21,9,23,11,17,1,3],[22,2,6,18,10,14,21,9,11,23,17,1,3],[22,18,2,10,6,14,21,9,11,23,17,1,3],[2,6,18,22,10,14,21,9,23,11,17,1,3],[22,2,10,14,18,6,9],[18,10,14,6,2,22,9],[14,6,22,10,18,2,21,9,11,23,17,1,3],[10,22,6,18,2,14,21,9,23,11,17,1,3],[14,6,18,10,22,2,9],[14,22,2,18,10,6,21,9,23,11,17,1,3],[14,18,2,6,22,10,9],[14,2,18,10,6,22,21,9,11,23,17,1,3],[14,6,18,10,22,2,9],[22,2,10,14,18,6,21,9,23,11,17,1,3],[10,2,18,6,22,14,21,9,23,11,17,1,3],[10,22,18,6,14,2,9],[10,2,22,18,14,6,21,9,11,23,17,1,3],[14,10,18,6,2,22,21,9,23,11,17,1,3],[22,6,10,18,14,2,21,9,23,11,17,1,3],[2,18,10,22,14,6,9],[22,6,14,2,18,10,21,9,23,11,17,1,3],[22,6,10,2,14,18,9],[22,18,14,6,10,2,9],[22,14,2,6,10,18,21,9,23,11,17,1,3],[6,18,22,10,14,2,21,9,11,23,17,1,3],[2,22,18,10,6,14,21,9,23,11,17,1,3],[2,22,10,18,14,6,9],[6,10,2,22,18,14,9],[6,18,10,2,22,14,9],[10,22,14,6,2,18,21,9,23,11,17,1,3],[14,10,22,6,2,18,21,9,11,23,17,1,3],[22,2,14,18,10,6,21,9,11,23,17,1,3],[6,14,18,10,22,2,9],[2,14,10,22,18,6,9],[18,2,22,6,10,14,9],[18,6,2,14,10,22,21,9,11,23,17,1,3],[6,18,10,2,22,14,21,9,23,11,17,1,3],[2,18,22,14,6,10,21,9,23,11,17,1,3],[6,18,22,2,10,14,21,9,23,11,17,1,3],[18,14,22,6,10,2,9],[10,22,18,2,14,6,21,9,23,11,17,1,3],[6,10,18,2,14,22,21,9,23,11,17,1,3],[22,2,18,10,14,6,21,9,11,23,17,1,3],[6,18,22,14,10,2,9],[18,14,6,22,2,10,9],[22,2,10,14,18,6,21,9,23,11,17,1,3],[6,18,2,10,14,22,21,9,11,23,17,1,3],[22,6,18,14,2,10,9],[6,10,2,14,18,22,21,9,11,23,17,1,3],[22,6,14,10,18,2,9],[6,18,14,22,10,2,21,9,23,11,17,1,3],[18,22,10,14,6,2,9],[22,14,10,18,6,2,21,9,11,23,17,1,3],[2,18,6,22,14,10,9],[18,2,14,22,10,6,21,9,11,23,17,1,3],[6,14,2,22,10,18,21,9,23,11,17,1,3],[10,22,2,18,14,6,21,9,11,23,17,1,3],[2,10,18,14,6,22,21,9,11,23,17,1,3],[6,22,2,14,18,10,21,9,11,23,17,1,3],[6,2,10,22,18,14,21,9,11,23,17,1,3],[2,22,6,18,10,14,21,9,23,11,17,1,3],[2,18,22,6,10,14,21,9,11,23,17,1,3],[22,18,14,6,2,10,9],[22,2,18,10,14,6,21,9,11,23,17,1,3],[18,2,22,10,14,6,9],[14,22,10,2,18,6,9],[14,10,2,6,22,18,9],[18,6,2,10,14,22,21,9,11,23,17,1,3],[6,22,14,2,10,18,21,9,23,11,17,1,3],[2,6,14,18,22,10,9],[10,22,2,18,14,6,9],[2,10,14,6,18,22,9],[6,18,2,22,10,14,9],[6,22,18,2,10,14,9],[2,6,22,14,18,10,21,9,11,23,17,1,3],[22,2,14,6,10,18,21,9,23,11,17,1,3],[22,2,10,6,14,18,21,9,23,11,17,1,3],[18,6,2,10,22,14,9],[6,18,10,22,14,2,21,9,11,23,17,1,3],[6,18,2,10,22,14,9],[2,22,6,14,10,18,9],[2,22,6,14,10,18,21,9,23,11,17,1,3],[14,10,6,22,2,18,21,9,11,23,17,1,3],[22,18,2,10,14,6,9],[6,14,10,18,2,22,21,9,23,11,17,1,3],[2,14,10,6,18,22,21,9,23,11,17,1,3],[10,2,14,6,22,18,9],[6,22,2,10,18,14,9],[18,10,6,14,2,22,9],[14,2,18,22,10,6,21,9,23,11,17,1,3],[6,14,22,2,10,18,21,9,11,23,17,1,3],[6,18,2,10,14,22,9],[6,10,22,2,14,18,21,9,11,23,17,1,3],[10,6,2,22,14,18,21,9,23,11,17,1,3],[14,2,10,22,18,6,21,9,23,11,17,1,3],[2,22,14,10,6,18,21,9,11,23,17,1,3],[10,18,2,22,14,6,21,9,11,23,17,1,3],[6,18,22,10,14,2,9],[22,2,10,18,6,14,9],[18,6,10,22,2,14,21,9,23,11,17,1,3],[6,22,18,10,2,14,21,9,23,11,17,1,3],[22,2,10,18,6,14,21,9,23,11,17,1,3],[22,6,2,10,18,14,21,9,11,23,17,1,3],[18,2,14,22,10,6,9],[22,2,10,18,14,6,21,9,11,23,17,1,3],[10,2,18,14,6,22,21,9,23,11,17,1,3],[22,10,18,14,6,2,9],[18,22,6,14,2,10,21,9,23,11,17,1,3],[18,2,22,6,14,10,9],[2,18,22,6,10,14,21,9,11,23,17,1,3],[18,14,22,10,2,6,21,9,11,23,17,1,3],[18,10,6,22,14,2,9],[2,14,18,10,22,6,9],[2,14,22,6,18,10,9],[22,18,6,14,2,10,9],[2,14,10,6,22,18,21,9,23,11,17,1,3],[18,2,6,10,22,14,9],[6,10,14,22,18,2,9],[10,18,6,2,22,14,21,9,11,23,17,1,3],[10,18,14,2,22,6,9],[14,2,10,22,6,18,9],[10,2,6,14,22,18,9],[10,14,6,18,2,22,9],[10,14,18,22,2,6,21,9,23,11,17,1,3],[2,18,22,6,10,14,9],[2,22,14,10,6,18,9],[18,22,10,6,14,2,21,9,23,11,17,1,3],[10,2,22,14,18,6,9],[22,6,10,18,2,14,21,9,23,11,17,1,3],[10,14,6,2,18,22,21,9,11,23,17,1,3],[22,2,18,14,6,10,21,9,23,11,17,1,3],[14,18,6,2,22,10,9],[14,2,22,6,18,10,9],[2,18,14,10,6,22,21,9,23,11,17,1,3],[22,10,6,2,14,18,21,9,11,23,17,1,3],[6,10,18,2,14,22,9],[22,6,14,2,18,10,21,9,11,23,17,1,3],[22,2,6,18,10,14,21,9,23,11,17,1,3],[22,18,10,14,2,6,9],[18,14,2,22,10,6,21,9,11,23,17,1,3],[22,6,10,18,14,2,21,9,23,11,17,1,3],[6,18,2,14,22,10,21,9,11,23,17,1,3],[2,14,22,18,6,10,21,9,11,23,17,1,3],[2,14,18,10,22,6,9],[6,22,10,2,18,14,9],[14,18,6,22,2,10,21,9,23,11,17,1,3],[6,10,14,18,22,2,21,9,23,11,17,1,3],[22,6,18,2,14,10,9],[6,22,10,18,2,14,21,9,23,11,17,1,3],[6,10,2,18,22,14,9],[22,18,10,6,2,14,21,9,11,23,17,1,3],[22,18,2,14,10,6,9],[14,6,22,18,10,2,9],[2,6,14,18,10,22,9],[10,18,2,6,14,22,9],[10,18,14,2,6,22,21,9,23,11,17,1,3],[14,22,2,6,10,18,9],[14,2,18,10,22,6,9],[18,10,2,14,22,6,21,9,23,11,17,1,3],[2,14,18,22,10,6,21,9,11,23,17,1,3],[2,22,10,14,18,6,21,9,23,11,17,1,3],[2,6,14,22,10,18,9],[14,22,10,6,18,2,9],[14,2,6,22,18,10,21,9,23,11,17,1,3],[18,2,14,10,22,6,9],[10,18,14,22,6,2,9],[18,14,22,2,6,10,21,9,23,11,17,1,3],[6,22,2,10,14,18,21,9,23,11,17,1,3],[6,18,10,22,2,14,9],[10,2,14,6,22,18,9],[2,14,10,22,18,6,21,9,23,11,17,1,3],[10,14,22,2,18,6,9],[2,18,22,6,14,10,21,9,11,23,17,1,3],[18,6,10,14,22,2,21,9,11,23,17,1,3],[18,14,6,22,2,10,9],[10,22,14,6,2,18,21,9,23,11,17,1,3],[2,18,10,6,22,14,9],[22,2,14,6,18,10,9],[14,2,6,10,22,18,21,9,11,23,17,1,3],[14,10,2,22,18,6,21,9,11,23,17,1,3],[10,6,2,18,22,14,21,9,23,11,17,1,3],[18,14,6,10,22,2,9],[22,6,14,10,18,2,9],[6,18,14,10,22,2,21,9,23,11,17,1,3],[6,10,22,18,14,2,9],[6,10,2,22,14,18,21,9,23,11,17,1,3],[10,6,18,22,2,14,21,9,11,23,17,1,3],[18,14,10,2,6,22,9],[2,22,18,14,6,10,9],[6,18,22,2,14,10,9],[14,22,10,6,2,18,9],[2,18,22,10,6,14,9],[14,2,22,6,10,18,21,9,23,11,17,1,3],[18,2,22,10,14,6,21,9,23,11,17,1,3],[22,6,10,2,14,18,9],[22,18,6,14,2,10,21,9,23,11,17,1,3],[6,22,2,18,14,10,21,9,23,11,17,1,3],[14,18,6,22,2,10,21,9,23,11,17,1,3],[18,2,22,10,6,14,9],[22,14,6,10,2,18,9],[18,14,10,6,22,2,9],[14,6,2,10,22,18,21,9,23,11,17,1,3],[18,6,22,2,10,14,21,9,11,23,17,1,3],[6,14,18,10,22,2,9],[10,14,6,22,18,2,9],[6,14,10,18,22,2,9],[6,2,14,10,22,18,9],[2,10,18,14,22,6,9],[2,18,6,10,22,14,9],[14,6,2,18,10,22,21,9,11,23,17,1,3],[2,22,14,10,6,18,21,9,11,23,17,1,3],[10,2,6,22,14,18,21,9,23,11,17,1,3],[6,2,10,18,22,14,21,9,11,23,17,1,3],[14,6,10,2,18,22,9],[10,22,6,18,2,14,9],[18,22,10,6,2,14,9],[22,14,10,2,18,6,9],[2,10,18,22,6,14,9],[22,6,10,14,18,2,21,9,11,23,17,1,3],[18,14,10,22,6,2,21,9,11,23,17,1,3],[6,18,14,2,22,10,9],[10,18,6,22,14,2,9],[18,14,10,6,2,22,21,9,23,11,17,1,3],[6,14,22,18,10,2,9],[6,18,2,10,22,14,9],[6,22,14,10,18,2,9],[10,14,22,18,2,6,21,9,11,23,17,1,3],[14,2,6,22,10,18,21,9,11,23,17,1,3],[22,6,18,10,14,2,9],[10,6,22,18,2,14,21,9,23,11,17,1,3],[14,18,10,6,22,2,9],[2,6,10,18,14,22,9],[14,18,10,6,22,2,21,9,11,23,17,1,3],[10,14,22,2,6,18,21,9,23,11,17,1,3],[2,18,22,10,6,14,21,9,11,23,17,1,3],[6,10,18,2,22,14,21,9,11,23,17,1,3],[18,6,22,2,10,14,21,9,11,23,17,1,3],[6,10,18,22,14,2,9],[6,2,22,18,10,14,9],[22,2,6,14,10,18,9],[10,14,6,18,22,2,21,9,23,11,17,1,3],[6,14,10,22,2,18,9],[2,14,10,6,18,22,9],[6,14,10,2,18,22,21,9,23,11,17,1,3],[18,22,6,14,10,2,9],[18,10,6,2,22,14,21,9,11,23,17,1,3],[6,10,2,14,22,18,9],[6,18,2,10,14,22,21,9,23,11,17,1,3],[2,22,18,14,6,10,9],[2,10,22,6,18,14,21,9,23,11,17,1,3],[2,22,10,18,14,6,9],[2,18,14,6,10,22,21,9,23,11,17,1,3],[22,10,2,14,6,18,9],[14,22,2,10,18,6,21,9,11,23,17,1,3],[10,2,18,14,6,22,9],[2,6,18,22,10,14,21,9,23,11,17,1,3],[18,14,6,22,10,2,21,9,23,11,17,1,3],[22,10,2,14,18,6,21,9,11,23,17,1,3],[22,18,10,6,2,14,21,9,23,11,17,1,3],[14,22,2,18,6,10,21,9,11,23,17,1,3],[2,6,18,14,22,10,9],[18,10,14,2,22,6,21,9,23,11,17,1,3],[6,14,18,10,2,22,21,9,23,11,17,1,3],[6,10,18,14,22,2,21,9,23,11,17,1,3],[10,18,6,14,2,22,21,9,23,11,17,1,3],[6,10,2,14,22,18,21,9,11,23,17,1,3],[14,22,10,18,2,6,21,9,11,23,17,1,3],[6,22,2,10,14,18,9],[10,6,18,2,22,14,21,9,11,23,17,1,3],[10,2,6,22,14,18,9],[2,18,22,10,14,6,21,9,23,11,17,1,3],[14,18,6,10,22,2,21,9,11,23,17,1,3],[22,2,10,18,14,6,9],[22,6,14,18,2,10,21,9,23,11,17,1,3],[6,22,18,10,2,14,9],[18,6,14,2,10,22,21,9,23,11,17,1,3],[10,6,22,2,14,18,9],[2,18,6,10,14,22,21,9,11,23,17,1,3],[6,10,22,18,2,14,9],[10,18,14,6,22,2,21,9,11,23,17,1,3],[22,14,10,2,6,18,9],[2,10,6,22,14,18,21,9,11,23,17,1,3],[2,6,10,18,14,22,21,9,23,11,17,1,3],[10,2,22,6,18,14,9],[22,18,2,6,10,14,9],[22,2,14,6,10,18,21,9,23,11,17,1,3],[14,18,6,2,22,10,21,9,23,11,17,1,3],[6,14,2,18,10,22,21,9,11,23,17,1,3],[10,6,22,2,18,14,9],[14,2,10,18,6,22,9],[6,18,2,14,10,22,21,9,11,23,17,1,3],[6,18,22,10,14,2,21,9,11,23,17,1,3],[14,6,10,2,22,18,9],[14,2,22,18,10,6,21,9,11,23,17,1,3],[14,22,18,10,2,6,9],[22,2,10,6,18,14,21,9,11,23,17,1,3],[18,6,10,2,22,14,21,9,11,23,17,1,3],[6,22,14,10,18,2,9],[6,10,14,22,18,2,21,9,23,11,17,1,3],[6,22,2,14,18,10,21,9,23,11,17,1,3],[6,22,2,14,10,18,21,9,23,11,17,1,3],[22,10,2,14,18,6,21,9,11,23,17,1,3],[6,10,18,22,14,2,9],[6,22,14,10,18,2,21,9,11,23,17,1,3],[22,6,10,2,14,18,21,9,23,11,17,1,3],[6,14,18,2,10,22,21,9,23,11,17,1,3],[22,2,18,14,6,10,9],[22,10,14,18,2,6,9],[22,6,10,18,14,2,21,9,11,23,17,1,3],[14,10,18,22,6,2,21,9,11,23,17,1,3],[6,14,18,2,22,10,21,9,23,11,17,1,3],[2,6,14,22,10,18,9],[6,2,22,18,14,10,21,9,11,23,17,1,3],[14,6,22,18,10,2,9],[10,18,2,14,6,22,9],[18,22,2,10,14,6,9],[2,10,6,18,22,14,9],[18,6,22,2,14,10,9],[14,10,2,6,22,18,21,9,11,23,17,1,3],[2,18,14,10,6,22,21,9,23,11,17,1,3],[6,22,14,10,2,18,9],[14,18,10,6,22,2,21,9,11,23,17,1,3],[6,14,2,18,10,22,9],[2,10,18,14,6,22,21,9,23,11,17,1,3],[2,14,18,22,6,10,21,9,11,23,17,1,3],[22,14,18,6,2,10,9],[6,2,14,18,10,22,9],[6,18,10,14,2,22,9],[10,22,14,2,18,6,21,9,23,11,17,1,3],[22,10,2,14,18,6,9],[18,22,6,2,10,14,9],[10,18,22,2,14,6,9],[18,10,6,22,14,2,9],[14,22,18,2,10,6,9],[18,22,6,10,14,2,21,9,11,23,17,1,3],[6,2,22,18,10,14,21,9,23,11,17,1,3],[2,18,6,10,22,14,21,9,23,11,17,1,3],[2,14,22,6,10,18,21,9,23,11,17,1,3],[2,22,10,18,14,6,9],[2,14,10,6,22,18,9],[2,22,18,10,14,6,21,9,23,11,17,1,3],[18,14,10,22,2,6,9],[14,6,10,2,22,18,9],[18,22,6,14,2,10,21,9,23,11,17,1,3],[18,14,6,22,10,2,21,9,23,11,17,1,3],[6,14,22,10,18,2,9],[6,10,14,22,2,18,21,9,11,23,17,1,3],[14,18,6,22,2,10,21,9,11,23,17,1,3],[18,10,14,6,22,2,21,9,11,23,17,1,3],[6,10,14,2,22,18,21,9,23,11,17,1,3],[6,2,22,18,14,10,9],[22,10,14,18,6,2,21,9,23,11,17,1,3],[14,18,22,10,6,2,9],[10,2,14,6,18,22,21,9,23,11,17,1,3],[22,18,6,10,14,2,9],[2,18,14,6,22,10,9],[2,10,18,6,22,14,9],[2,6,14,22,18,10,21,9,11,23,17,1,3],[2,14,18,22,6,10,21,9,11,23,17,1,3],[22,2,10,6,18,14,21,9,23,11,17,1,3],[10,6,22,14,18,2,21,9,11,23,17,1,3],[14,18,6,22,2,10,9],[22,10,2,6,14,18,9],[2,18,22,10,14,6,21,9,11,23,17,1,3],[6,2,14,18,10,22,9],[2,6,18,22,10,14,21,9,11,23,17,1,3],[10,22,18,2,6,14,9],[6,10,22,2,14,18,9],[6,2,18,10,22,14,21,9,11,23,17,1,3],[22,6,10,14,18,2,21,9,11,23,17,1,3],[22,18,2,14,10,6,21,9,23,11,17,1,3],[2,18,14,6,22,10,9],[10,22,18,14,2,6,9],[6,10,2,22,14,18,21,9,11,23,17,1,3],[2,14,10,18,22,6,21,9,11,23,17,1,3],[18,14,10,22,2,6,21,9,11,23,17,1,3],[2,22,6,10,14,18,9],[22,2,6,10,18,14,21,9,11,23,17,1,3],[2,6,14,18,10,22,21,9,11,23,17,1,3],[14,18,22,6,2,10,21,9,23,11,17,1,3],[14,18,22,10,2,6,9],[14,22,2,18,6,10,9],[18,10,22,2,6,14,9],[10,18,22,14,2,6,9],[6,2,10,14,18,22,21,9,11,23,17,1,3],[10,14,18,2,22,6,9],[6,14,2,18,22,10,21,9,11,23,17,1,3],[2,6,18,22,14,10,9],[10,18,6,2,22,14,9],[6,18,2,14,22,10,9],[10,2,6,18,14,22,9],[10,2,22,18,6,14,9],[14,10,22,6,2,18,21,9,11,23,17,1,3],[6,22,10,18,14,2,21,9,23,11,17,1,3],[14,2,10,6,18,22,9],[14,18,22,10,6,2,9],[22,18,14,10,6,2,21,9,11,23,17,1,3],[2,10,6,22,14,18,21,9,23,11,17,1,3],[10,18,22,6,14,2,9],[6,18,10,22,14,2,21,9,23,11,17,1,3],[6,22,18,14,10,2,9],[2,10,6,18,14,22,21,9,23,11,17,1,3],[14,18,2,10,22,6,21,9,23,11,17,1,3],[14,22,10,18,2,6,9],[14,2,6,18,10,22,9],[14,2,10,6,22,18,9],[14,22,2,6,10,18,21,9,11,23,17,1,3],[14,10,6,22,18,2,9],[22,10,14,18,2,6,21,9,23,11,17,1,3],[18,2,10,22,6,14,21,9,23,11,17,1,3],[10,14,22,2,6,18,9],[18,14,22,2,10,6,21,9,11,23,17,1,3],[14,18,10,22,2,6,9],[14,18,6,2,10,22,9],[6,18,10,14,22,2,21,9,11,23,17,1,3],[2,18,22,14,6,10,21,9,11,23,17,1,3],[10,18,2,14,6,22,21,9,11,23,17,1,3],[6,10,2,14,18,22,9],[2,10,6,22,14,18,21,9,11,23,17,1,3],[18,6,22,10,2,14,9],[6,22,18,2,10,14,21,9,23,11,17,1,3],[10,2,18,6,22,14,21,9,23,11,17,1,3],[6,10,2,18,22,14,9],[14,10,6,18,2,22,21,9,23,11,17,1,3],[22,10,18,14,2,6,9],[14,2,10,22,6,18,21,9,23,11,17,1,3],[10,6,22,14,2,18,9],[2,14,10,22,6,18,21,9,23,11,17,1,3],[6,10,22,14,2,18,21,9,11,23,17,1,3],[6,18,10,22,2,14,9],[22,6,18,14,10,2,9],[6,14,2,10,18,22,9],[14,2,22,10,6,18,9],[2,14,18,10,6,22,21,9,23,11,17,1,3],[18,14,2,22,6,10,9],[2,6,22,10,18,14,21,9,11,23,17,1,3],[10,22,18,6,2,14,21,9,23,11,17,1,3],[6,18,14,2,10,22,9],[18,2,6,22,14,10,21,9,23,11,17,1,3],[18,22,6,2,10,14,9],[6,14,18,22,10,2,21,9,11,23,17,1,3],[6,2,22,10,14,18,9],[2,10,22,14,18,6,21,9,23,11,17,1,3],[2,22,18,14,10,6,21,9,23,11,17,1,3],[14,22,18,6,10,2,9],[2,18,10,6,14,22,9],[6,14,2,10,18,22,21,9,23,11,17,1,3],[14,2,10,22,18,6,21,9,23,11,17,1,3],[10,18,2,22,6,14,21,9,23,11,17,1,3],[18,22,10,6,14,2,9],[10,6,18,14,2,22,21,9,23,11,17,1,3],[2,6,10,14,22,18,9],[22,6,14,2,10,18,9],[14,18,22,2,10,6,9],[6,14,2,10,22,18,9],[22,6,10,18,14,2,9],[14,2,6,10,22,18,9],[6,2,22,18,14,10,9],[18,6,22,10,14,2,9],[14,22,6,18,10,2,9],[6,14,2,22,10,18,9],[18,22,14,10,2,6,21,9,11,23,17,1,3],[10,18,6,14,2,22,9],[10,14,18,6,22,2,9],[22,6,10,14,2,18,21,9,23,11,17,1,3],[2,18,10,22,14,6,21,9,11,23,17,1,3],[22,2,10,6,18,14,21,9,23,11,17,1,3],[14,6,2,22,10,18,21,9,23,11,17,1,3],[6,2,22,18,10,14,21,9,23,11,17,1,3],[14,10,2,6,18,22,21,9,11,23,17,1,3],[22,10,14,18,2,6,21,9,11,23,17,1,3],[14,18,22,10,6,2,21,9,11,23,17,1,3],[6,18,22,14,2,10,9],[2,14,18,22,10,6,21,9,23,11,17,1,3],[10,6,2,14,18,22,21,9,11,23,17,1,3],[14,18,6,2,10,22,21,9,11,23,17,1,3],[14,22,10,2,18,6,21,9,11,23,17,1,3],[22,10,18,6,2,14,21,9,11,23,17,1,3],[6,2,14,10,18,22,21,9,23,11,17,1,3],[18,10,2,22,6,14,21,9,11,23,17,1,3],[14,10,2,6,18,22,21,9,23,11,17,1,3],[2,10,14,6,22,18,9],[10,6,2,14,18,22,21,9,23,11,17,1,3],[22,6,14,2,18,10,9],[2,22,18,14,6,10,9],[22,14,18,2,10,6,21,9,23,11,17,1,3],[6,2,10,18,14,22,21,9,11,23,17,1,3],[22,18,6,10,14,2,9],[14,10,6,18,22,2,21,9,23,11,17,1,3],[6,18,22,2,10,14,21,9,11,23,17,1,3],[22,6,2,10,14,18,9],[2,22,10,6,18,14,9],[2,18,14,6,10,22,9],[6,10,18,2,14,22,21,9,23,11,17,1,3],[10,14,18,2,6,22,21,9,11,23,17,1,3],[2,22,14,6,18,10,9],[14,6,18,22,2,10,21,9,23,11,17,1,3],[6,14,18,10,22,2,21,9,23,11,17,1,3],[2,6,18,10,22,14,21,9,23,11,17,1,3],[14,2,22,18,6,10,21,9,11,23,17,1,3],[14,6,18,22,2,10,21,9,23,11,17,1,3],[18,10,22,2,14,6,21,9,23,11,17,1,3],[22,2,10,18,6,14,9],[14,10,18,6,22,2,9],[2,18,6,22,14,10,9],[18,22,2,10,14,6,21,9,11,23,17,1,3],[18,2,22,6,10,14,21,9,23,11,17,1,3],[10,18,22,6,2,14,21,9,11,23,17,1,3],[14,2,10,22,18,6,9],[2,14,22,18,6,10,21,9,11,23,17,1,3],[2,6,18,14,10,22,21,9,11,23,17,1,3],[22,14,18,6,10,2,21,9,11,23,17,1,3],[2,14,10,22,18,6,21,9,11,23,17,1,3],[14,22,2,18,6,10,9],[2,10,22,14,6,18,9],[14,10,2,22,6,18,21,9,11,23,17,1,3],[14,10,6,18,22,2,9],[18,6,14,22,2,10,21,9,23,11,17,1,3],[18,22,14,6,10,2,21,9,11,23,17,1,3],[22,14,10,18,6,2,21,9,23,11,17,1,3],[6,18,10,14,22,2,21,9,23,11,17,1,3],[10,2,14,18,6,22,9],[10,22,2,18,6,14,9],[10,18,22,2,14,6,9],[14,18,10,22,6,2,21,9,23,11,17,1,3],[22,2,18,14,10,6,9],[2,6,10,14,18,22,21,9,11,23,17,1,3],[6,22,18,14,2,10,9],[14,2,18,6,22,10,9],[10,6,2,18,22,14,21,9,23,11,17,1,3],[18,6,22,14,10,2,21,9,11,23,17,1,3],[10,2,18,6,22,14,9],[14,22,2,18,10,6,21,9,23,11,17,1,3],[14,10,18,6,22,2,21,9,11,23,17,1,3],[22,14,18,2,6,10,9],[2,6,14,18,22,10,9],[10,14,18,6,2,22,21,9,23,11,17,1,3],[10,2,6,14,22,18,9],[22,18,2,10,6,14,9],[22,6,10,14,2,18,21,9,11,23,17,1,3],[10,6,18,22,2,14,9],[14,6,10,2,22,18,21,9,11,23,17,1,3],[6,22,2,14,10,18,9],[14,2,10,18,6,22,9],[14,18,22,6,2,10,9],[10,14,2,22,18,6,21,9,11,23,17,1,3],[22,6,10,14,2,18,21,9,11,23,17,1,3],[6,22,18,2,14,10,9],[10,6,14,2,18,22,21,9,11,23,17,1,3],[18,6,14,2,22,10,21,9,11,23,17,1,3],[6,10,2,18,22,14,9],[2,22,6,18,14,10,21,9,11,23,17,1,3],[2,22,10,18,14,6,21,9,11,23,17,1,3],[2,22,14,18,6,10,21,9,23,11,17,1,3],[14,22,6,18,10,2,9],[22,18,6,10,2,14,9],[2,22,14,10,6,18,9],[6,22,18,14,2,10,21,9,11,23,17,1,3],[2,14,22,6,10,18,9],[18,10,6,2,14,22,9],[14,2,6,22,18,10,21,9,11,23,17,1,3],[18,10,2,22,14,6,9],[22,18,14,10,6,2,9],[14,6,18,10,2,22,9],[2,6,14,18,10,22,9],[6,22,14,10,2,18,21,9,23,11,17,1,3],[22,10,18,2,14,6,9],[18,2,10,14,6,22,21,9,23,11,17,1,3],[10,14,22,2,18,6,21,9,23,11,17,1,3],[18,6,14,10,22,2,9],[10,14,2,6,22,18,9],[6,22,18,2,10,14,9],[10,18,2,14,6,22,9],[18,2,22,14,10,6,9],[6,22,10,18,2,14,9],[18,10,2,14,6,22,9],[10,6,22,14,2,18,9],[18,2,10,22,6,14,9],[6,14,18,22,2,10,9],[14,18,6,22,10,2,9],[10,22,2,14,6,18,21,9,23,11,17,1,3],[2,14,18,6,22,10,21,9,11,23,17,1,3],[18,10,2,6,22,14,21,9,23,11,17,1,3],[14,18,6,10,22,2,9],[18,2,10,6,22,14,9],[6,10,2,18,22,14,9],[22,6,14,18,2,10,21,9,23,11,17,1,3],[10,6,14,2,22,18,9],[14,22,6,10,2,18,9],[10,14,6,18,22,2,9],[18,14,10,6,2,22,9],[14,2,22,10,18,6,9],[6,18,10,2,14,22,9],[18,6,22,2,14,10,21,9,11,23,17,1,3],[10,22,14,6,2,18,21,9,11,23,17,1,3],[2,18,6,10,14,22,21,9,23,11,17,1,3],[18,10,6,14,22,2,21,9,23,11,17,1,3],[22,10,2,6,14,18,21,9,23,11,17,1,3],[10,18,6,22,2,14,9],[10,22,2,6,14,18,9],[22,2,10,6,14,18,21,9,11,23,17,1,3],[6,10,2,14,18,22,21,9,11,23,17,1,3],[6,22,2,10,18,14,21,9,23,11,17,1,3],[10,18,22,2,6,14,21,9,23,11,17,1,3],[14,2,18,6,10,22,21,9,23,11,17,1,3],[14,6,2,18,22,10,21,9,11,23,17,1,3],[6,2,14,10,18,22,9],[6,22,18,2,14,10,21,9,11,23,17,1,3],[14,2,22,10,6,18,21,9,23,11,17,1,3],[18,22,10,6,2,14,21,9,11,23,17,1,3],[2,10,22,6,14,18,21,9,11,23,17,1,3],[14,22,10,2,6,18,21,9,11,23,17,1,3],[6,22,14,18,10,2,9],[18,22,6,10,14,2,21,9,11,23,17,1,3],[22,2,6,18,14,10,21,9,23,11,17,1,3],[10,14,22,2,6,18,21,9,23,11,17,1,3],[14,2,18,10,22,6,21,9,23,11,17,1,3],[14,10,22,6,18,2,21,9,23,11,17,1,3],[6,18,10,14,22,2,21,9,23,11,17,1,3],[22,6,14,18,2,10,21,9,11,23,17,1,3],[10,14,18,6,2,22,21,9,23,11,17,1,3],[22,14,10,18,2,6,21,9,11,23,17,1,3],[10,22,6,18,2,14,9],[2,10,18,6,22,14,9],[6,14,2,22,18,10,9],[14,10,2,18,22,6,21,9,11,23,17,1,3],[14,22,18,2,6,10,21,9,23,11,17,1,3],[2,22,10,14,6,18,21,9,23,11,17,1,3],[22,10,18,2,6,14,9],[6,22,18,2,10,14,9],[2,14,10,22,6,18,21,9,23,11,17,1,3],[6,10,14,2,18,22,21,9,11,23,17,1,3],[2,18,22,10,6,14,21,9,23,11,17,1,3],[22,14,2,6,18,10,21,9,23,11,17,1,3],[2,18,10,6,14,22,9],[18,22,10,14,2,6,9],[18,6,2,14,10,22,9],[14,10,22,18,6,2,9],[22,2,18,6,10,14,9],[10,14,18,6,2,22,21,9,23,11,17,1,3],[6,2,14,18,22,10,9],[18,14,2,10,22,6,21,9,23,11,17,1,3],[22,18,6,2,10,14,9],[2,10,22,14,6,18,21,9,23,11,17,1,3],[14,22,6,2,10,18,9],[6,2,14,18,22,10,21,9,23,11,17,1,3],[14,6,10,18,22,2,21,9,23,11,17,1,3],[6,18,22,14,10,2,21,9,23,11,17,1,3],[6,2,14,10,18,22,9],[14,6,10,2,18,22,9],[14,2,22,10,18,6,9],[22,6,10,14,18,2,9],[10,14,22,18,6,2,21,9,23,11,17,1,3],[2,6,10,22,18,14,21,9,11,23,17,1,3],[14,6,10,22,2,18,21,9,23,11,17,1,3],[18,14,2,22,10,6,9],[22,10,6,2,14,18,9],[10,18,2,22,14,6,9],[2,22,6,10,14,18,9],[2,14,22,10,18,6,21,9,11,23,17,1,3],[2,6,10,14,22,18,9],[22,10,18,14,6,2,9],[6,18,22,14,2,10,9],[2,10,6,18,22,14,21,9,11,23,17,1,3],[22,6,10,2,18,14,21,9,11,23,17,1,3],[6,10,18,2,22,14,9],[22,2,14,10,18,6,21,9,23,11,17,1,3],[2,18,22,14,10,6,21,9,11,23,17,1,3],[10,22,2,6,18,14,9],[18,14,2,6,10,22,9],[22,10,14,2,6,18,21,9,23,11,17,1,3],[22,14,2,18,6,10,21,9,23,11,17,1,3],[2,10,14,22,18,6,9],[2,10,22,18,14,6,21,9,23,11,17,1,3],[10,22,2,18,14,6,21,9,11,23,17,1,3],[2,22,6,10,18,14,21,9,23,11,17,1,3],[14,6,22,2,18,10,9],[2,18,10,6,22,14,21,9,23,11,17,1,3],[2,22,14,6,18,10,21,9,11,23,17,1,3],[22,10,14,6,2,18,21,9,11,23,17,1,3],[10,6,18,2,14,22,9],[22,18,10,6,2,14,9],[6,14,18,2,22,10,21,9,11,23,17,1,3],[2,18,10,6,14,22,21,9,23,11,17,1,3],[6,10,2,14,22,18,21,9,23,11,17,1,3],[22,6,14,10,18,2,21,9,11,23,17,1,3],[2,14,6,22,18,10,9],[6,18,2,14,22,10,21,9,11,23,17,1,3],[2,10,14,22,6,18,21,9,23,11,17,1,3],[10,22,6,2,14,18,9],[6,22,14,2,10,18,9],[6,14,22,18,2,10,9],[14,2,22,6,18,10,9],[14,10,2,6,22,18,21,9,11,23,17,1,3],[22,14,10,18,2,6,21,9,23,11,17,1,3],[2,14,22,18,10,6,21,9,23,11,17,1,3],[2,22,18,10,6,14,21,9,23,11,17,1,3],[14,10,2,18,6,22,9],[14,2,6,22,10,18,21,9,11,23,17,1,3],[6,14,22,2,18,10,21,9,11,23,17,1,3],[14,18,6,2,22,10,21,9,11,23,17,1,3],[10,22,2,14,6,18,9],[22,10,14,2,6,18,9],[2,10,14,18,22,6,21,9,23,11,17,1,3],[6,14,18,2,22,10,21,9,11,23,17,1,3],[6,10,2,22,14,18,9],[6,22,10,2,18,14,9],[2,22,14,18,10,6,9],[6,14,2,22,18,10,9],[2,22,14,18,6,10,21,9,23,11,17,1,3],[6,2,22,10,14,18,9],[22,10,6,2,14,18,9],[10,6,2,18,14,22,21,9,11,23,17,1,3],[2,14,22,18,10,6,9],[22,6,14,18,2,10,21,9,11,23,17,1,3],[22,14,10,18,2,6,21,9,11,23,17,1,3],[10,22,14,2,18,6,21,9,23,11,17,1,3],[10,6,18,14,2,22,9],[10,6,22,2,14,18,9],[22,2,10,6,18,14,21,9,23,11,17,1,3],[10,14,6,18,22,2,9],[22,6,10,18,14,2,21,9,23,11,17,1,3],[6,22,2,10,18,14,9],[18,14,2,6,10,22,9],[6,14,22,10,2,18,9],[22,6,10,2,18,14,21,9,23,11,17,1,3],[2,10,6,18,22,14,9],[22,6,2,10,18,14,21,9,23,11,17,1,3],[6,2,14,10,18,22,21,9,23,11,17,1,3],[10,18,6,2,14,22,21,9,23,11,17,1,3],[14,6,22,10,18,2,21,9,23,11,17,1,3],[6,22,14,10,18,2,21,9,23,11,17,1,3],[18,6,2,22,10,14,9],[10,14,6,2,18,22,9],[14,10,22,6,18,2,9],[10,6,22,14,2,18,9],[10,22,14,18,2,6,21,9,11,23,17,1,3],[10,6,18,22,14,2,9],[10,22,6,2,18,14,9],[6,14,22,18,2,10,9],[10,22,6,18,2,14,21,9,11,23,17,1,3],[18,2,6,22,14,10,21,9,23,11,17,1,3],[18,2,22,14,6,10,9],[22,10,14,18,6,2,21,9,23,11,17,1,3],[10,18,14,2,22,6,9],[22,18,2,6,14,10,9],[22,18,2,14,10,6,21,9,11,23,17,1,3],[22,18,6,14,2,10,9],[2,10,6,18,14,22,21,9,23,11,17,1,3],[10,2,22,6,18,14,21,9,11,23,17,1,3],[22,18,6,2,10,14,9],[2,6,14,22,18,10,9],[18,2,22,10,6,14,21,9,11,23,17,1,3],[22,6,10,14,2,18,9],[2,22,6,18,10,14,9],[14,10,22,6,18,2,9],[22,14,6,2,18,10,9],[18,6,14,22,2,10,21,9,23,11,17,1,3],[2,14,22,10,6,18,21,9,23,11,17,1,3],[18,10,22,6,14,2,21,9,23,11,17,1,3],[22,6,2,10,14,18,21,9,23,11,17,1,3],[2,6,22,10,14,18,21,9,11,23,17,1,3],[22,18,2,14,6,10,21,9,11,23,17,1,3],[18,10,14,2,6,22,9],[22,14,6,18,2,10,21,9,11,23,17,1,3],[14,2,22,6,10,18,21,9,11,23,17,1,3],[2,14,6,18,10,22,21,9,11,23,17,1,3],[18,10,2,14,6,22,9],[2,10,18,22,6,14,21,9,23,11,17,1,3],[6,10,2,18,14,22,21,9,11,23,17,1,3],[14,22,18,10,2,6,21,9,11,23,17,1,3],[22,6,18,14,10,2,9],[2,18,10,6,14,22,21,9,23,11,17,1,3],[14,10,6,22,18,2,9],[14,2,6,18,22,10,21,9,23,11,17,1,3],[10,14,22,18,6,2,9],[22,2,10,14,6,18,21,9,23,11,17,1,3],[14,10,22,18,6,2,21,9,11,23,17,1,3],[2,18,14,6,22,10,9],[6,14,18,10,22,2,9],[10,6,18,2,22,14,9],[22,6,10,14,2,18,9],[22,6,2,18,14,10,9],[2,18,22,6,10,14,21,9,11,23,17,1,3],[2,10,14,6,18,22,9],[18,6,14,22,10,2,21,9,23,11,17,1,3],[22,2,18,6,14,10,21,9,11,23,17,1,3],[18,2,22,10,6,14,21,9,11,23,17,1,3],[14,6,10,18,22,2,21,9,23,11,17,1,3],[22,6,18,2,14,10,9],[22,14,6,10,2,18,21,9,11,23,17,1,3],[18,14,6,22,2,10,9],[14,6,18,2,10,22,9],[22,6,18,10,14,2,21,9,23,11,17,1,3],[2,14,18,6,22,10,9],[14,6,18,22,10,2,9],[6,10,18,22,2,14,9],[18,6,14,10,2,22,21,9,23,11,17,1,3],[6,22,10,2,14,18,21,9,11,23,17,1,3],[22,14,18,2,6,10,21,9,11,23,17,1,3],[2,22,14,18,6,10,21,9,23,11,17,1,3],[10,2,14,18,6,22,9],[18,22,10,14,6,2,9],[14,18,22,2,6,10,21,9,23,11,17,1,3],[14,10,22,2,18,6,9],[6,2,22,18,10,14,9],[6,14,10,18,2,22,9],[14,18,10,22,2,6,9],[10,14,2,22,6,18,21,9,11,23,17,1,3],[22,2,10,18,14,6,9],[22,10,2,18,6,14,21,9,11,23,17,1,3],[10,18,22,2,6,14,9],[6,22,10,14,18,2,9],[22,14,6,10,18,2,21,9,23,11,17,1,3],[6,18,22,10,14,2,21,9,11,23,17,1,3],[2,14,6,18,22,10,21,9,11,23,17,1,3],[6,18,22,14,10,2,21,9,23,11,17,1,3],[14,22,6,10,2,18,9],[18,2,6,22,14,10,21,9,23,11,17,1,3],[18,10,6,22,2,14,21,9,23,11,17,1,3],[6,14,18,22,10,2,21,9,23,11,17,1,3],[6,2,18,10,22,14,21,9,11,23,17,1,3],[10,14,2,6,18,22,21,9,23,11,17,1,3],[18,6,22,10,14,2,21,9,23,11,17,1,3],[14,22,2,18,10,6,21,9,23,11,17,1,3],[6,2,22,10,18,14,21,9,23,11,17,1,3],[2,14,18,22,6,10,9],[18,22,14,6,10,2,21,9,23,11,17,1,3],[18,14,10,2,22,6,21,9,23,11,17,1,3],[22,14,18,10,2,6,9],[6,22,2,14,18,10,21,9,23,11,17,1,3],[10,18,22,2,6,14,9],[18,6,2,14,10,22,9],[18,14,22,10,2,6,21,9,11,23,17,1,3],[6,2,22,14,18,10,21,9,23,11,17,1,3],[22,14,10,2,18,6,21,9,23,11,17,1,3],[18,14,6,22,10,2,21,9,23,11,17,1,3],[10,6,22,2,18,14,9],[6,14,2,10,18,22,21,9,23,11,17,1,3],[2,6,18,14,10,22,21,9,23,11,17,1,3],[14,22,2,18,6,10,21,9,23,11,17,1,3],[10,18,22,2,14,6,9],[10,18,14,6,2,22,9],[10,6,2,18,14,22,9],[22,2,6,18,14,10,21,9,23,11,17,1,3],[2,6,18,22,14,10,9],[6,18,2,22,14,10,21,9,23,11,17,1,3],[10,22,18,2,6,14,21,9,23,11,17,1,3],[18,6,10,2,22,14,21,9,23,11,17,1,3],[2,10,14,18,22,6,21,9,23,11,17,1,3],[22,18,2,14,6,10,9],[18,22,10,2,14,6,21,9,23,11,17,1,3],[22,10,2,14,6,18,9],[14,10,18,22,2,6,21,9,23,11,17,1,3],[22,14,6,18,2,10,9],[10,14,2,6,18,22,21,9,11,23,17,1,3],[18,6,14,22,10,2,9],[6,10,2,18,22,14,9],[14,18,2,22,6,10,9]],"n_human":7}