{"problem_id":"xPVOnGVV6qiLDZI","sigma":150,"alpha":3.162,"cost":8,"probabilities":"[0.16, 0.4, 0.13, 0.31]","payoff_matrix":"[[-45, -42, -153, 47, 236, 256], [-281, -117, 104, -236, 70, -273], [111, -169, 280, -40, -28, -398], [117, 109, -77, -60, -318, -189]]","uncovered":[[14,22,10,6,18,12,20,2],[18,6,10,12,20,14,22,2],[22,14,2,18,10,20],[22,10,6,2,18,20],[6,14,22,18,10,20],[18,6,10,20,14,22],[6,22,18,2,14,10,20],[22,6,14,10,18,12,20,2],[18,14,6,2,22,10,12,20],[10,14,18,20,22,6],[10,14,18,20,22,6],[14,10,22,6,18,20],[2,10,14,6,22],[10,18,20,22,14,2],[2,10,6,18,20,14],[18,14,10,12,20,22,6,2],[10,14,22,2,6],[10,6,22,2,18,12,20,14],[18,6,14,10,20,2],[18,22,10,20,2,14],[10,22,14,6,18,12,20,2],[22,14,10,2,6],[14,22,10,6,18,12,20,2],[22,18,2,6,10,12,20,14],[18,10,12,20,2,14,22,6],[22,14,10,18,12,20,6,2],[6,2,10,14,18,12,20,22],[14,10,6,2,22],[10,22,6,14,2],[14,18,10,12,20,22,2,6],[18,10,12,20,6,2,14,22],[14,10,2,6,22],[18,22,10,20,2,6],[22,18,6,14,10,12,20,2],[6,2,10,14,22],[14,22,6,10,2],[18,14,22,2,10,12,20,6],[14,2,22,10,6],[2,6,22,18,14,10,12,20],[6,10,22,18,20,2],[6,14,18,22,2,10,20],[18,10,12,20,22,14,2,6],[14,22,2,10,6],[6,22,2,18,14,10,12,20],[6,2,14,22,18,10,20],[14,2,6,22,18,10,12,20],[2,6,14,22,10],[6,18,10,12,20,2,22,14],[22,6,2,18,14,10,12,20],[14,2,22,6,18,10,12,20],[10,6,2,18,12,20,22,14],[10,2,6,22,18,20],[22,10,18,12,20,6,2,14],[6,2,10,14,22],[6,14,22,18,2,10,12,20],[6,22,18,2,10,20],[18,10,12,20,22,6,2,14],[10,18,20,22,14,6],[2,14,22,6,10],[22,10,18,12,20,2,14,6],[10,14,6,22,2],[2,18,14,10,12,20,6,22],[6,10,22,2,14],[18,14,6,22,2,10,12,20],[6,2,18,10,20,22],[14,18,10,20,22,2],[14,6,22,10,18,20],[2,22,14,18,6,10,20],[22,2,10,14,6],[18,22,2,10,20,6],[6,10,22,18,12,20,14,2],[2,18,6,14,10,20],[14,6,10,22,18,20],[2,6,22,14,10],[22,10,14,18,12,20,6,2],[10,2,18,12,20,22,6,14],[10,18,12,20,14,6,22,2],[22,14,6,2,18,10,12,20],[2,14,6,10,22],[10,2,18,12,20,6,22,14],[6,18,2,22,10,20],[6,10,2,14,22],[22,10,18,20,2,14],[6,10,14,2,18,20],[6,14,22,2,18,10,12,20],[18,10,12,20,14,6,22,2],[22,14,6,18,2,10,20],[10,6,22,14,18,12,20,2],[14,2,6,10,18,12,20,22],[2,14,10,18,20,6],[22,6,10,2,18,12,20,14],[2,6,18,22,14,10,12,20],[6,14,18,10,20,22],[22,2,10,14,18,20],[18,6,14,22,2,10,12,20],[14,10,2,18,20,6],[10,6,18,20,22,14],[18,14,6,10,20,22],[18,6,2,10,20,14],[14,10,22,2,18,12,20,6],[22,14,6,2,18,10,20],[22,10,18,12,20,2,6,14],[14,2,6,10,22],[22,18,10,12,20,2,6,14],[6,22,2,14,10],[14,6,2,22,10],[14,18,10,20,22,2],[10,18,20,22,6,2],[14,18,2,6,10,20],[22,18,10,12,20,14,2,6],[2,6,14,10,18,20],[14,6,10,2,18,12,20,22],[6,18,10,12,20,14,2,22],[22,18,14,2,10,20],[14,6,2,10,18,12,20,22],[14,6,18,2,10,12,20,22],[18,2,6,10,12,20,22,14],[22,2,18,10,20,14],[6,10,22,18,12,20,2,14],[10,18,20,22,6,2],[14,2,6,18,10,12,20,22],[18,14,2,10,20,6],[22,6,18,2,10,20],[18,6,14,10,20,2],[22,2,10,18,12,20,6,14],[22,18,2,10,12,20,6,14],[22,14,10,2,18,12,20,6],[2,18,22,14,6,10,20],[2,6,14,18,22,10,12,20],[14,18,10,12,20,6,22,2],[10,2,6,18,20,14],[6,18,2,22,10,12,20,14],[14,10,18,12,20,2,22,6],[22,18,14,2,10,20],[2,10,14,18,20,6],[6,22,10,14,2],[22,10,6,14,2],[6,10,14,18,12,20,22,2],[18,2,14,10,12,20,22,6],[6,14,10,22,2],[22,18,10,20,6,14],[10,14,2,6,18,12,20,22],[6,22,14,18,2,10,20],[10,14,22,18,12,20,2,6],[2,6,18,10,20,14],[14,10,6,18,20,22],[2,18,10,20,14,22],[6,22,2,10,14],[10,18,12,20,14,2,22,6],[14,10,2,6,18,20],[14,2,10,22,18,20],[6,18,10,20,22,14],[22,14,10,6,18,20],[6,14,22,10,18,20],[18,6,2,22,14,10,20],[22,18,2,6,10,12,20,14],[10,22,6,14,2],[14,22,2,6,10],[2,6,10,14,22],[2,22,10,6,14],[10,2,6,14,18,12,20,22],[2,10,6,22,18,20],[6,2,22,14,18,10,20],[18,14,10,20,2,6],[18,2,6,10,12,20,14,22],[10,6,18,12,20,22,14,2],[18,22,14,10,12,20,2,6],[18,2,14,6,10,20],[14,6,22,18,2,10,20],[2,14,6,10,18,12,20,22],[22,6,10,2,18,20],[22,10,6,2,14],[14,6,10,22,18,20],[18,14,2,22,10,12,20,6],[22,2,6,18,10,12,20,14],[14,2,18,22,10,12,20,6],[10,14,18,20,22,2],[14,18,10,20,22,6],[2,14,6,10,18,20],[2,14,10,6,18,20],[6,18,2,14,22,10,20],[18,2,22,6,10,20],[22,2,18,14,6,10,12,20],[18,22,14,10,20,6],[10,6,14,22,2],[22,18,6,2,14,10,20],[10,22,2,14,18,12,20,6],[14,22,18,10,12,20,6,2],[14,2,10,18,12,20,6,22],[22,14,18,2,10,20],[10,22,14,2,6],[2,6,18,10,20,22],[14,10,6,22,2],[2,18,22,14,6,10,20],[2,14,10,18,20,22],[18,10,12,20,22,2,6,14],[10,18,20,14,22,6],[10,6,14,18,20,22],[14,10,22,18,20,2],[10,6,22,2,14],[18,6,10,12,20,22,14,2],[14,18,10,12,20,6,22,2],[22,2,14,10,6],[22,14,6,2,18,10,12,20],[10,2,22,6,18,20],[10,2,18,20,6,14],[2,22,10,14,18,12,20,6],[22,18,2,14,6,10,12,20],[18,6,2,22,14,10,12,20],[22,18,10,12,20,6,2,14],[10,14,22,2,6],[18,14,22,10,12,20,6,2],[14,6,22,18,10,20],[2,10,6,22,18,12,20,14],[14,22,10,18,12,20,2,6],[14,18,6,2,22,10,20],[10,18,20,14,2,6],[6,14,18,10,12,20,2,22],[14,18,2,22,6,10,12,20],[14,10,22,18,20,6],[2,14,10,6,18,12,20,22],[18,2,14,10,12,20,6,22],[22,14,10,6,2],[22,2,18,14,10,20],[6,14,18,22,2,10,12,20],[18,6,10,12,20,14,2,22],[14,10,2,6,18,12,20,22],[6,18,14,2,10,20],[18,10,12,20,2,14,6,22],[6,2,14,18,22,10,12,20],[22,14,10,6,18,12,20,2],[18,10,20,14,2,6],[10,14,2,22,6],[10,14,2,6,18,12,20,22],[22,18,6,14,10,20],[14,2,6,10,22],[2,14,22,10,18,20],[14,10,22,2,18,12,20,6],[10,18,20,22,6,2],[18,2,6,10,20,14],[14,10,2,22,18,20],[18,22,6,14,2,10,12,20],[6,14,22,18,2,10,20],[22,18,2,14,6,10,12,20],[10,6,22,2,18,20],[18,2,10,20,6,22],[10,6,2,14,22],[22,18,10,20,6,2],[10,18,20,6,14,2],[18,14,22,2,10,12,20,6],[2,22,10,18,20,6],[6,2,18,14,10,12,20,22],[2,10,18,12,20,14,6,22],[18,10,20,2,6,22],[2,14,22,18,6,10,20],[2,10,6,22,18,20],[10,22,2,18,20,6],[22,10,2,18,12,20,6,14],[10,14,2,18,20,22],[18,14,6,2,22,10,20],[14,6,10,2,22],[6,18,14,10,12,20,22,2],[14,6,10,18,12,20,2,22],[22,10,18,12,20,2,6,14],[10,22,14,2,18,12,20,6],[18,22,10,20,2,6],[14,22,18,6,10,12,20,2],[14,2,22,10,6],[22,6,10,14,18,20],[18,14,10,20,22,6],[6,14,10,18,12,20,22,2],[14,6,18,10,20,22],[14,22,18,6,2,10,20],[18,6,2,10,20,22],[10,6,14,2,22],[22,18,2,14,10,12,20,6],[18,14,6,2,10,20],[18,10,20,22,14,2],[6,10,14,22,2],[14,22,2,18,6,10,20],[14,10,2,22,6],[10,14,18,20,2,22],[10,2,6,18,12,20,14,22],[6,2,14,10,22],[6,22,10,18,20,14],[6,14,22,10,18,20],[2,10,22,18,20,6],[18,10,20,6,14,2],[10,14,6,22,18,20],[2,18,10,20,22,14],[18,14,22,10,20,2],[18,2,14,10,20,6],[18,6,10,12,20,14,2,22],[2,18,22,10,20,6],[22,6,14,10,2],[10,2,22,6,14],[10,6,18,12,20,14,2,22],[6,10,22,18,12,20,14,2],[10,6,14,18,12,20,22,2],[10,22,14,6,18,12,20,2],[10,18,20,14,2,6],[10,18,12,20,14,22,2,6],[18,22,2,6,10,12,20,14],[18,10,12,20,14,22,2,6],[6,2,10,18,12,20,14,22],[14,18,2,6,10,20],[10,22,14,18,12,20,2,6],[14,2,18,10,20,22],[22,2,6,18,14,10,12,20],[6,22,18,10,12,20,2,14],[14,22,18,6,10,12,20,2],[6,14,10,18,20,2],[22,14,2,18,6,10,12,20],[6,14,18,22,10,12,20,2],[14,22,6,10,18,20],[2,10,22,6,14],[14,18,2,22,10,12,20,6],[18,22,6,10,20,2],[6,10,18,12,20,22,14,2],[10,6,18,20,2,22],[6,2,18,14,10,20],[2,10,22,18,20,14],[22,2,6,14,18,10,20],[18,2,10,20,14,6],[2,18,10,12,20,22,6,14],[22,18,2,10,20,14],[22,10,18,12,20,6,2,14],[18,22,6,10,20,2],[14,18,2,6,22,10,12,20],[2,14,10,22,6],[22,6,2,10,18,12,20,14],[18,2,6,22,10,12,20,14],[6,10,14,2,18,12,20,22],[10,2,22,14,18,12,20,6],[10,22,2,18,12,20,6,14],[14,18,2,10,12,20,6,22],[18,2,6,14,10,20],[22,18,2,6,10,20],[18,2,6,10,12,20,14,22],[22,14,18,2,10,12,20,6],[22,10,18,12,20,14,2,6],[2,10,18,20,6,14],[10,22,2,6,18,12,20,14],[18,6,2,22,14,10,12,20],[18,6,2,22,10,12,20,14],[22,14,10,2,6],[10,22,2,14,6],[2,10,6,14,18,12,20,22],[10,22,2,14,6],[2,10,6,18,12,20,22,14],[22,2,6,14,10],[18,22,14,6,2,10,20],[2,10,22,18,12,20,14,6],[18,22,2,10,20,14],[18,2,14,10,20,6],[18,6,14,22,2,10,20],[22,18,10,12,20,2,6,14],[14,10,2,22,6],[6,10,18,12,20,22,2,14],[14,18,6,2,22,10,20],[14,2,6,18,22,10,12,20],[10,2,18,20,14,6],[18,2,14,10,20,22],[6,18,10,20,14,2],[18,10,20,22,6,14],[14,6,10,18,20,2],[18,10,20,6,2,22],[14,2,22,10,18,12,20,6],[10,22,14,2,6],[10,14,6,22,18,12,20,2],[6,22,14,10,18,12,20,2],[18,14,10,12,20,22,2,6],[2,10,14,22,18,20],[6,22,2,14,10],[22,14,6,18,10,20],[2,14,22,18,10,20],[18,2,6,22,10,12,20,14],[14,10,6,18,12,20,2,22],[10,2,6,22,18,12,20,14],[10,2,18,12,20,22,14,6],[14,2,22,10,6],[10,2,6,14,18,12,20,22],[14,6,10,2,18,12,20,22],[2,22,6,14,10],[18,22,14,6,2,10,20],[14,22,6,10,18,12,20,2],[2,10,14,18,12,20,22,6],[6,14,22,2,10],[10,22,2,14,6],[14,2,6,22,10],[6,2,10,14,22],[10,14,22,18,20,6],[18,2,10,12,20,22,6,14],[2,22,10,18,12,20,6,14],[14,2,18,6,22,10,20],[18,2,10,20,22,6],[18,10,12,20,14,6,22,2],[18,14,6,10,20,2],[6,18,14,2,10,12,20,22],[10,6,2,22,14],[22,10,14,6,18,20],[2,6,22,18,14,10,12,20],[18,2,14,6,10,20],[22,2,10,6,18,20],[22,18,2,10,12,20,6,14],[18,2,10,12,20,14,6,22],[6,14,22,2,10],[6,18,14,2,10,12,20,22],[6,14,22,2,18,10,20],[14,22,18,10,12,20,6,2],[10,22,6,2,14],[2,22,18,10,12,20,6,14],[18,22,6,14,10,20],[18,10,20,14,22,2],[2,18,6,22,10,12,20,14],[2,14,22,18,10,20],[14,10,22,6,2],[10,2,6,14,18,20],[18,6,14,10,20,22],[14,2,18,22,10,20],[6,10,2,18,20,22],[2,10,14,18,20,6],[22,14,10,6,2],[2,6,14,22,18,10,12,20],[22,10,6,2,14],[22,14,2,18,10,20],[14,2,22,10,6],[6,18,14,2,22,10,20],[2,22,14,10,6],[22,18,6,14,10,20],[2,10,6,14,22],[6,22,18,2,14,10,12,20],[6,22,14,10,18,12,20,2],[22,2,18,10,12,20,6,14],[2,10,6,14,22],[18,14,2,22,10,20],[18,10,12,20,2,14,22,6],[6,14,22,10,18,12,20,2],[2,18,22,10,20,14],[2,10,18,20,22,14],[6,10,14,2,18,12,20,22],[22,14,18,10,12,20,6,2],[18,10,20,2,22,14],[14,6,10,2,22],[6,2,10,22,18,12,20,14],[18,22,14,2,6,10,20],[2,14,22,6,10],[14,2,10,18,12,20,22,6],[6,14,18,22,2,10,20],[10,2,14,22,18,12,20,6],[10,2,22,18,20,14],[10,18,12,20,2,14,22,6],[10,18,20,6,2,22],[18,22,10,20,14,2],[10,22,2,14,6],[22,2,10,14,6],[14,18,6,10,20,2],[6,2,10,18,12,20,22,14],[2,10,14,18,12,20,22,6],[14,10,6,2,22],[22,18,6,14,10,12,20,2],[10,14,22,6,18,20],[22,2,14,18,10,20],[6,22,2,10,18,20],[18,22,14,2,6,10,20],[2,14,22,6,10],[14,6,18,22,10,12,20,2],[2,14,22,6,18,10,20],[14,10,6,18,20,22],[22,10,18,20,14,2],[18,10,20,6,14,22],[10,14,2,18,12,20,6,22],[10,18,20,14,22,2],[10,14,18,20,2,22],[18,10,20,6,22,2],[2,14,22,18,6,10,12,20],[14,6,22,2,18,10,20],[2,22,10,6,18,20],[10,6,22,18,20,14],[22,6,18,14,2,10,20],[10,22,6,14,18,20],[18,2,6,22,14,10,12,20],[18,6,14,10,12,20,22,2],[22,2,14,6,10],[6,22,14,2,10],[10,14,6,2,18,12,20,22],[18,6,2,14,22,10,20],[6,22,18,2,10,12,20,14],[2,6,10,14,18,12,20,22],[14,2,6,10,18,12,20,22],[22,18,10,12,20,6,14,2],[14,2,18,6,22,10,20],[6,22,14,10,18,20],[6,10,14,2,18,20],[2,18,22,10,12,20,6,14],[2,14,10,22,18,20],[18,6,10,12,20,14,22,2],[6,18,14,10,20,2],[2,14,10,22,6],[14,22,10,2,6],[22,18,6,14,10,20],[10,14,2,22,6],[14,22,10,2,6],[14,18,10,20,6,22],[2,18,6,10,20,22],[18,6,14,10,20,2],[10,6,2,14,18,12,20,22],[22,18,10,20,14,6],[22,14,2,6,10],[2,18,22,10,20,6],[2,18,10,12,20,14,22,6],[22,14,6,10,18,20],[10,18,20,6,22,14],[22,14,18,2,10,20],[22,14,2,18,6,10,12,20],[10,14,22,2,6],[6,2,10,14,18,12,20,22],[14,18,22,2,6,10,20],[6,14,10,2,18,20],[2,6,22,14,10],[6,14,22,2,10],[22,18,14,6,10,20],[18,6,2,22,10,12,20,14],[6,22,18,2,14,10,12,20],[10,6,18,20,2,14],[10,6,2,14,18,20],[14,6,22,18,2,10,20],[10,14,22,6,18,12,20,2],[10,22,2,18,20,6],[6,18,2,10,12,20,22,14],[14,10,6,2,18,20],[2,6,10,14,18,12,20,22],[2,10,14,22,18,12,20,6],[18,6,2,14,22,10,12,20],[18,22,10,12,20,2,6,14],[10,18,20,2,22,14],[10,2,14,18,12,20,22,6],[14,6,10,22,18,12,20,2],[10,22,18,20,6,14],[6,22,18,10,12,20,2,14],[22,18,10,20,6,14],[6,2,22,18,10,20],[2,6,22,14,10],[14,10,22,6,18,20],[18,10,20,22,6,2],[18,6,2,14,22,10,12,20],[22,18,10,20,2,14],[14,22,2,10,6],[2,14,22,18,6,10,20],[18,22,10,20,14,2],[6,2,22,18,14,10,12,20],[2,6,18,10,12,20,14,22],[22,2,6,10,18,12,20,14],[2,6,10,18,20,14],[14,10,2,6,22],[14,6,10,2,22],[14,22,2,6,10],[18,14,6,22,2,10,20],[10,2,14,18,20,22],[14,22,2,18,6,10,12,20],[22,18,14,10,12,20,6,2],[14,18,10,12,20,2,6,22],[10,18,20,14,2,6],[22,10,14,6,2],[18,22,10,12,20,2,14,6],[10,2,18,12,20,14,6,22],[14,6,2,22,18,10,20],[6,18,2,22,14,10,12,20],[2,18,10,20,14,6],[18,10,20,6,2,14],[14,2,10,6,18,12,20,22],[18,2,10,12,20,22,14,6],[14,22,18,6,10,12,20,2],[22,14,6,18,10,20],[22,6,18,10,12,20,2,14],[2,18,6,10,12,20,14,22],[10,14,22,2,6],[22,10,6,18,12,20,14,2],[6,18,2,14,22,10,20],[6,14,10,18,20,2],[10,14,2,6,22],[18,2,6,22,14,10,20],[2,10,22,6,18,20],[6,18,14,10,12,20,22,2],[2,22,10,14,18,12,20,6],[18,14,10,20,2,6],[6,2,10,18,20,14],[2,14,18,6,22,10,20],[6,14,18,10,20,2],[6,22,14,10,18,20],[2,10,22,18,12,20,6,14],[2,22,10,14,6],[14,2,22,18,10,20],[2,14,18,6,10,20],[14,18,2,6,10,12,20,22],[18,2,10,12,20,14,6,22],[2,14,18,22,6,10,12,20],[2,14,10,18,12,20,6,22],[10,14,22,2,18,12,20,6],[2,14,22,18,6,10,12,20],[10,14,6,2,22],[18,2,6,14,10,12,20,22],[14,18,22,2,6,10,20],[2,10,22,18,12,20,6,14],[18,6,22,14,10,12,20,2],[14,6,22,18,10,20],[2,14,6,22,18,10,12,20],[18,2,10,12,20,14,6,22],[22,6,10,14,18,12,20,2],[2,22,18,6,10,12,20,14],[6,14,22,18,10,20],[10,22,18,12,20,6,14,2],[14,2,22,10,6],[10,6,2,14,18,12,20,22],[6,14,10,2,18,20],[22,18,10,12,20,6,2,14],[6,2,10,14,22],[22,14,6,10,18,12,20,2],[22,2,14,6,18,10,12,20],[18,22,14,2,6,10,20],[6,10,22,2,18,12,20,14],[6,18,2,10,12,20,22,14],[14,6,22,2,18,10,20],[22,2,18,6,10,20],[22,18,14,2,10,20],[22,10,14,6,18,20],[22,10,14,2,6],[10,2,6,22,14],[18,22,10,20,2,6],[18,6,2,22,14,10,20],[14,2,10,18,20,6],[2,6,14,22,10],[22,6,2,10,18,20],[10,14,22,6,2],[6,18,10,12,20,22,2,14],[6,10,2,22,18,20],[6,10,18,20,2,14],[2,14,6,22,18,10,12,20],[6,2,14,18,10,12,20,22],[2,22,14,18,6,10,20],[6,18,10,20,14,2],[10,2,18,12,20,6,14,22],[18,14,6,22,2,10,20],[10,2,22,14,6],[22,6,2,18,14,10,20],[10,14,2,22,18,12,20,6],[10,22,18,12,20,14,2,6],[14,22,18,6,2,10,12,20],[14,10,18,20,2,22],[18,22,14,10,12,20,6,2],[2,18,22,14,10,20],[2,14,10,6,18,12,20,22],[10,14,2,18,12,20,6,22],[18,6,22,10,20,14],[6,18,10,12,20,2,14,22],[6,14,18,2,22,10,12,20],[22,10,18,20,14,2],[2,14,18,22,10,20],[18,10,20,2,14,22],[2,14,6,10,18,20],[6,2,10,22,18,20],[10,6,22,2,18,20],[6,10,2,22,18,12,20,14],[22,2,10,14,18,12,20,6],[18,14,10,12,20,22,6,2],[10,18,20,2,22,14],[18,14,22,10,12,20,6,2],[18,2,22,14,10,20],[22,18,6,10,20,14],[6,2,22,14,10],[14,2,22,10,6],[14,22,18,10,20,2],[14,22,18,2,6,10,20],[6,22,2,10,18,20],[18,6,2,22,14,10,12,20],[22,14,6,2,10],[6,22,18,10,20,14],[18,10,12,20,14,6,22,2],[10,2,18,12,20,14,6,22],[18,6,22,14,10,20],[6,18,2,10,12,20,14,22],[10,22,14,2,6],[10,6,2,14,22],[22,2,14,18,6,10,20],[18,22,2,6,14,10,20],[2,6,10,14,22],[18,6,10,20,22,14],[10,14,22,18,20,6],[2,14,6,10,18,12,20,22],[6,18,10,12,20,14,22,2],[22,14,10,6,2],[14,10,22,2,6],[18,6,14,2,22,10,12,20],[18,2,10,12,20,14,6,22],[10,22,18,20,6,2],[2,18,10,20,22,14],[18,14,6,22,10,20],[10,6,18,20,2,22],[18,2,22,10,20,14],[6,18,2,14,22,10,20],[14,2,18,22,10,20],[18,14,6,2,22,10,20],[6,18,2,14,10,20],[14,10,2,18,12,20,22,6],[6,2,14,10,22],[2,22,18,14,6,10,12,20],[18,2,10,20,22,6],[14,22,18,10,12,20,6,2],[22,18,14,6,2,10,12,20],[6,10,14,22,2],[18,2,14,10,12,20,6,22],[2,10,6,18,20,14],[10,18,20,2,22,14],[14,22,10,18,20,2],[6,14,22,18,10,20],[2,22,14,18,6,10,12,20],[2,10,18,12,20,14,22,6],[22,18,2,10,20,14],[10,14,22,6,2],[18,2,6,14,22,10,12,20],[22,18,14,10,12,20,2,6],[18,22,2,6,14,10,12,20],[6,2,22,14,18,10,20],[2,10,22,6,18,12,20,14],[10,22,14,18,20,2],[6,2,14,10,22],[2,18,14,6,10,20],[6,22,18,14,2,10,12,20],[10,14,6,2,18,12,20,22],[14,18,10,20,2,22],[22,6,14,2,10],[10,14,18,20,2,6],[18,22,10,12,20,2,14,6],[2,18,22,6,14,10,20],[18,14,22,2,10,12,20,6],[14,2,18,6,10,20],[2,22,6,14,18,10,12,20],[22,6,14,10,2],[14,10,6,2,18,20],[18,14,6,22,10,20],[6,14,18,2,10,20],[10,18,12,20,14,6,22,2],[22,2,10,14,6],[18,6,22,2,10,12,20,14],[22,2,14,10,18,20],[2,18,14,10,12,20,6,22],[6,14,2,18,22,10,20],[10,18,20,2,14,22],[14,2,6,22,18,10,12,20],[22,2,18,6,14,10,12,20],[18,2,10,12,20,22,6,14],[10,2,14,6,22],[18,10,12,20,14,2,6,22],[2,18,22,14,6,10,12,20],[6,2,10,18,20,22],[6,22,2,18,10,20],[18,10,12,20,6,22,2,14],[22,14,10,2,6],[14,18,6,2,10,20],[22,18,2,10,12,20,14,6],[2,6,22,14,18,10,20],[2,10,22,14,6],[14,2,6,22,10],[14,18,6,10,12,20,2,22],[10,2,6,18,12,20,22,14],[6,10,22,14,2],[10,14,22,18,20,6],[2,22,10,6,18,12,20,14],[6,18,14,10,12,20,2,22],[2,18,6,14,22,10,12,20],[14,2,18,22,10,12,20,6],[14,10,2,6,22],[6,2,14,22,10],[6,10,2,14,22],[10,22,18,20,2,14],[6,22,2,14,18,10,12,20],[2,18,10,12,20,14,6,22],[14,10,2,6,18,12,20,22],[22,2,10,18,12,20,14,6],[18,10,20,6,14,22],[10,2,22,14,6],[22,2,6,14,18,10,12,20],[22,10,2,6,14],[22,14,6,18,10,20],[22,10,6,2,14],[6,18,22,14,2,10,12,20],[14,2,10,6,18,12,20,22],[14,6,18,22,2,10,20],[6,14,22,18,10,20],[14,2,6,18,10,20],[6,18,10,20,2,14],[2,6,18,14,10,12,20,22],[10,18,20,22,6,2],[6,18,14,2,22,10,12,20],[22,2,14,18,10,20],[14,10,22,2,6],[2,22,14,18,6,10,20],[14,2,18,22,6,10,12,20],[10,2,22,6,14],[10,2,22,14,6],[10,6,14,2,22],[10,14,2,22,6],[10,22,2,14,18,20],[6,14,22,2,18,10,12,20],[2,14,18,6,22,10,20],[18,2,22,6,10,12,20,14],[10,14,22,2,6],[22,10,6,18,20,2],[2,18,10,12,20,6,14,22],[2,18,6,10,20,14],[10,14,22,18,20,2],[10,6,14,2,22],[10,2,14,18,20,6],[18,14,22,6,2,10,12,20],[2,14,10,6,18,12,20,22],[2,14,10,22,6],[2,14,10,22,18,20],[10,22,14,2,18,20],[2,10,6,18,20,22],[2,18,22,6,14,10,20],[2,14,10,6,22],[6,14,18,10,20,2],[18,6,14,22,2,10,12,20],[2,6,10,14,18,20],[2,22,10,14,6],[6,18,14,2,22,10,12,20],[10,14,6,2,22],[2,14,18,6,22,10,12,20],[22,2,10,18,12,20,6,14],[2,22,14,6,10],[22,18,6,10,20,2],[18,10,12,20,14,6,22,2],[6,2,14,18,10,20],[2,10,14,22,6],[22,14,18,6,10,20],[10,18,20,6,22,14],[22,6,14,18,2,10,20],[2,6,18,22,10,12,20,14],[2,6,18,10,12,20,14,22],[10,18,12,20,22,14,2,6],[14,10,22,6,18,20],[22,10,2,18,20,14],[2,6,14,10,18,20],[6,2,10,18,20,22],[18,6,14,2,10,12,20,22],[10,22,2,6,14],[18,22,2,6,14,10,20],[18,6,2,22,14,10,20],[18,2,14,22,10,12,20,6],[10,22,18,20,6,14],[14,18,2,6,22,10,12,20],[18,22,2,6,14,10,20],[10,22,18,12,20,14,2,6],[10,18,20,6,2,22],[22,14,2,18,10,20],[2,10,6,22,18,20],[22,18,14,6,10,12,20,2],[14,18,10,12,20,2,6,22],[18,10,20,22,2,14],[6,10,14,22,2],[14,10,2,18,12,20,6,22],[22,2,14,6,18,10,12,20],[22,10,6,2,14],[6,22,2,14,10],[22,18,10,12,20,14,2,6],[18,14,2,22,6,10,12,20],[10,14,18,12,20,6,2,22],[10,6,22,2,14],[2,6,10,14,22],[14,22,2,18,6,10,12,20],[14,6,18,2,22,10,12,20],[6,18,2,10,20,14],[18,6,22,14,10,12,20,2],[10,18,12,20,22,2,14,6],[18,10,20,22,2,14],[6,22,18,10,12,20,14,2],[14,18,2,22,10,12,20,6],[10,18,20,6,2,14],[14,6,2,22,10],[2,10,18,20,14,6],[14,2,6,22,10],[10,6,18,20,14,2],[10,22,6,14,2],[18,14,6,22,2,10,20],[14,22,10,6,18,20],[18,10,12,20,6,22,14,2],[14,2,10,18,20,6],[18,6,2,14,10,20],[2,14,18,10,12,20,22,6],[14,18,6,2,10,12,20,22],[22,6,18,2,14,10,20],[10,2,6,14,18,20],[2,14,10,6,22],[18,2,14,6,22,10,20],[2,18,6,22,10,20],[10,22,6,2,14],[22,2,6,14,10],[10,14,22,2,6],[22,18,2,6,10,20],[2,10,22,6,18,12,20,14],[14,10,6,18,20,2],[10,6,14,18,20,2],[22,18,2,10,20,14],[2,6,22,18,10,20],[2,10,6,22,14],[2,22,18,6,10,20],[18,14,2,6,22,10,20],[10,2,18,20,6,14],[6,22,18,14,2,10,12,20],[2,22,18,6,14,10,20],[18,14,22,10,20,2],[18,14,6,2,10,12,20,22],[18,22,2,10,12,20,14,6],[14,22,10,2,18,12,20,6],[2,22,18,6,14,10,12,20],[2,6,10,22,18,12,20,14],[2,22,18,10,12,20,14,6],[18,14,22,10,12,20,2,6],[14,10,22,18,20,2],[18,22,14,10,20,6],[22,6,2,10,14],[18,22,10,20,6,14],[2,6,14,10,22],[10,6,14,2,22],[10,22,2,14,6],[10,14,2,6,18,12,20,22],[14,22,10,6,2],[18,10,20,6,14,2],[22,14,10,6,18,20],[2,14,18,10,12,20,22,6],[10,2,14,22,18,20],[14,22,6,18,2,10,12,20],[22,6,14,10,2],[22,6,14,10,18,12,20,2],[22,10,14,18,20,6],[22,18,2,10,20,6],[6,10,14,18,12,20,22,2],[14,10,6,22,18,20],[10,14,2,18,12,20,22,6],[22,18,10,20,2,14],[14,18,10,20,2,22],[14,22,2,10,18,20],[10,22,2,6,14],[18,14,2,22,10,12,20,6],[18,6,22,10,12,20,14,2],[6,18,14,2,22,10,12,20],[14,2,6,22,18,10,12,20],[2,10,22,14,6],[6,14,18,22,10,12,20,2],[10,22,6,14,18,20],[22,14,10,18,20,6],[22,18,10,12,20,2,14,6],[14,6,18,22,10,12,20,2],[22,18,2,14,10,20],[6,22,10,18,20,2],[22,14,2,18,6,10,12,20],[22,6,10,2,14],[14,22,6,2,10],[6,10,2,14,18,20],[18,10,12,20,6,2,14,22],[22,18,10,20,6,14],[6,2,14,22,18,10,20],[22,18,14,10,12,20,2,6],[22,18,6,14,2,10,12,20],[18,2,22,10,12,20,14,6],[18,6,22,10,20,2],[22,6,14,18,2,10,12,20],[10,2,14,22,6],[2,6,18,22,10,12,20,14],[2,6,14,18,10,20],[2,10,14,18,12,20,6,22],[6,14,18,2,10,12,20,22],[18,10,12,20,6,14,2,22],[18,2,6,14,10,20],[22,14,6,10,18,12,20,2],[14,10,22,18,12,20,6,2],[22,6,18,2,10,20],[18,6,14,22,2,10,20],[10,14,2,18,20,22],[22,14,18,10,12,20,2,6],[22,18,2,10,12,20,14,6],[6,18,22,10,12,20,2,14],[6,2,18,22,14,10,20],[14,6,18,10,20,2],[2,18,14,22,10,20],[2,18,14,6,10,12,20,22],[14,6,10,22,18,12,20,2],[2,18,6,22,14,10,20],[10,18,20,22,14,2],[2,22,6,14,18,10,12,20],[6,18,14,10,12,20,2,22],[2,14,6,22,18,10,12,20],[2,14,18,6,10,20],[22,10,2,18,12,20,6,14],[18,10,12,20,6,2,22,14],[6,10,2,14,22],[6,22,2,18,10,12,20,14],[2,14,10,18,20,22],[10,14,18,20,2,22],[2,6,10,22,18,20]],"n_human":5}