{"problem_id":"yVRNxXfNiUh6Hd9","sigma":75,"alpha":0.100,"cost":0,"probabilities":"[0.48, 0.02, 0.32, 0.18]","payoff_matrix":"[[-49, 67, -51, 28, -13, 76], [-35, -44, 34, 63, 167, 156], [-87, 35, -73, 49, 40, -145], [-57, -113, 58, -33, -58, -67]]","uncovered":[[21,5,7,23,1,17,9,13,15,16],[21,13,17,1,5,7,23,9,15,8,16,19],[1,21,17,5,23,13,9,15,7,16],[1,17,9,5,21,23,13,15,7,16],[13,5,1,21,7,23,9,17,15,8,16,19],[13,21,9,5,7,23,1,17,15,16],[13,1,17,5,21,7,23,9,15,8,16,19],[13,17,5,1,9,21,7,23,15,16],[9,21,17,13,5,23,1,7,15,16],[17,13,1,21,5,23,9,7,15,8,16,19],[13,5,21,23,1,9,17,15,7,16],[9,13,21,5,23,17,1,7,15,16],[21,5,23,13,17,1,9,7,15,8,16,19],[5,13,17,1,9,21,7,23,15,8,16,19],[13,5,17,1,21,23,9,7,15,16],[5,1,17,9,21,23,13,7,15,16],[21,1,13,17,9,5,7,23,15,16],[13,21,9,1,17,5,7,23,15,16],[5,21,7,23,1,17,13,9,15,16],[17,5,13,9,1,21,7,23,15,8,16,19],[5,13,1,9,17,21,7,23,15,16],[5,1,21,7,23,9,17,13,15,8,16,19],[9,21,17,5,7,23,13,1,15,16],[17,1,21,5,23,13,9,7,15,16],[17,21,5,23,13,1,9,15,7,16],[13,21,1,17,5,7,23,9,15,8,16,19],[21,5,7,23,9,17,13,1,15,16],[1,9,13,5,17,21,23,15,7,8,16,19],[21,5,7,23,13,1,9,17,15,8,16,19],[17,13,5,9,21,23,1,7,15,8,16,19],[5,21,7,23,1,13,17,9,15,16],[13,17,5,21,7,23,9,1,15,16],[1,9,5,13,21,23,17,7,15,8,16,19],[17,13,9,21,1,5,7,23,15,8,16,19],[1,17,21,5,23,13,9,7,15,16],[1,5,21,23,9,17,13,7,15,16],[17,9,5,1,13,21,23,7,15,16],[17,5,9,1,21,7,23,13,15,8,16,19],[5,13,17,9,1,21,7,23,15,16],[13,5,9,17,21,23,1,7,15,16],[5,21,23,1,13,17,9,7,15,8,16,19],[1,17,9,13,21,5,23,7,15,8,16,19],[21,1,5,7,23,9,17,13,15,16],[13,5,21,23,1,9,17,15,7,16],[5,17,1,9,13,21,7,23,15,8,16,19],[21,1,5,7,23,9,13,17,15,16],[1,9,5,13,21,7,23,17,15,16],[17,5,1,9,13,21,7,23,15,8,16,19],[9,13,17,21,5,23,1,7,15,16],[9,1,13,21,5,7,23,17,15,16],[21,13,17,9,5,7,23,1,15,8,16,19],[1,13,5,9,17,21,23,7,15,16],[13,21,17,9,5,23,1,7,15,8,16,19],[17,13,5,9,21,7,23,1,15,8,16,19],[5,17,21,7,23,13,1,9,15,16],[9,13,1,5,21,7,23,17,15,8,16,19],[17,21,13,9,5,23,1,15,7,16],[17,9,21,5,23,13,1,15,7,8,16,19],[13,5,17,21,7,23,1,9,15,16],[1,21,9,13,5,7,23,17,15,8,16,19],[17,1,13,9,21,5,23,7,15,16],[9,13,21,5,23,1,17,15,7,16],[5,13,1,17,21,23,9,15,7,16],[13,1,17,5,21,7,23,9,15,8,16,19],[5,21,23,9,17,13,1,7,15,8,16,19],[1,9,13,5,21,7,23,17,15,8,16,19],[1,17,21,9,5,23,13,7,15,8,16,19],[1,17,9,21,5,7,23,13,15,8,16,19],[1,21,17,13,5,7,23,9,15,16],[1,5,21,23,17,13,9,7,15,16],[1,21,13,5,7,23,9,17,15,16],[13,21,5,23,1,9,17,7,15,16],[13,1,21,17,9,5,23,7,15,16],[21,9,1,17,13,5,7,23,15,8,16,19],[9,5,21,7,23,1,17,13,15,8,16,19],[1,13,17,5,21,7,23,9,15,16],[17,21,9,13,1,5,23,7,15,8,16,19],[13,5,1,9,17,21,7,23,15,8,16,19],[21,17,13,5,7,23,9,1,15,16],[13,9,5,1,21,7,23,17,15,16],[17,9,1,5,13,21,23,15,7,16],[9,5,1,13,17,21,7,23,15,16],[21,17,5,23,9,1,13,7,15,16],[5,1,9,17,21,23,13,15,7,8,16,19],[21,1,13,9,17,5,7,23,15,8,16,19],[1,9,21,13,5,23,17,15,7,16],[1,21,9,5,7,23,17,13,15,16],[17,5,9,21,7,23,1,13,15,16],[9,21,1,17,13,5,23,7,15,16],[13,1,17,5,9,21,23,7,15,8,16,19],[21,1,5,7,23,9,17,13,15,8,16,19],[13,9,1,21,17,5,23,7,15,8,16,19],[9,1,5,13,21,7,23,17,15,8,16,19],[5,9,13,1,21,7,23,17,15,8,16,19],[5,13,17,9,1,21,7,23,15,8,16,19],[13,17,21,5,23,9,1,15,7,16],[5,1,13,17,21,7,23,9,15,16],[5,17,21,23,13,9,1,15,7,16],[5,21,7,23,13,9,17,1,15,16],[1,17,21,13,5,23,9,15,7,16],[9,17,5,13,21,7,23,1,15,16],[5,17,9,21,7,23,13,1,15,16],[9,1,13,17,21,5,7,23,15,16],[17,13,5,1,9,21,23,7,15,8,16,19],[5,21,23,9,17,13,1,15,7,8,16,19],[13,9,17,21,1,5,7,23,15,16],[1,17,9,13,21,5,7,23,15,16],[9,1,13,21,17,5,7,23,15,16],[1,9,5,13,17,21,7,23,15,16],[9,21,1,17,13,5,23,15,7,8,16,19],[21,13,17,1,9,5,23,15,7,8,16,19],[9,5,13,21,23,17,1,7,15,8,16,19],[9,1,21,5,7,23,13,17,15,16],[17,9,21,5,23,1,13,7,15,8,16,19],[17,9,21,13,5,23,1,7,15,16],[17,9,13,5,1,21,23,15,7,16],[1,9,21,13,5,23,17,7,15,8,16,19],[1,5,17,9,21,23,13,7,15,16],[21,1,13,9,17,5,7,23,15,8,16,19],[21,9,13,17,5,23,1,7,15,8,16,19],[5,17,13,21,23,9,1,15,7,16],[13,9,1,21,5,23,17,7,15,8,16,19],[21,17,9,13,1,5,7,23,15,16],[5,17,13,9,21,23,1,15,7,8,16,19],[17,13,9,21,5,23,1,7,15,16],[17,5,21,23,9,1,13,15,7,16],[17,21,9,5,23,1,13,7,15,8,16,19],[17,5,21,23,9,13,1,7,15,8,16,19],[17,21,13,1,5,23,9,15,7,8,16,19],[5,1,9,13,21,7,23,17,15,8,16,19],[21,9,5,7,23,1,17,13,15,16],[9,1,21,5,23,13,17,7,15,8,16,19],[1,5,13,9,21,23,17,7,15,16],[13,9,5,21,7,23,17,1,15,8,16,19],[13,5,9,1,21,23,17,15,7,8,16,19],[9,13,17,5,1,21,7,23,15,8,16,19],[17,9,13,1,5,21,7,23,15,16],[5,17,1,13,9,21,23,15,7,16],[5,9,1,13,21,23,17,7,15,8,16,19],[21,9,13,1,5,7,23,17,15,16],[21,5,7,23,13,1,17,9,15,8,16,19],[9,5,21,7,23,1,17,13,15,16],[13,21,17,5,23,9,1,7,15,8,16,19],[17,1,5,13,9,21,23,15,7,16],[1,5,21,7,23,13,17,9,15,8,16,19],[9,5,17,1,21,23,13,7,15,8,16,19],[13,5,9,17,21,7,23,1,15,8,16,19],[1,21,13,5,23,9,17,7,15,16],[1,5,9,13,21,7,23,17,15,16],[9,1,17,13,5,21,23,7,15,8,16,19],[1,9,21,17,13,5,23,15,7,8,16,19],[21,5,7,23,17,1,9,13,15,16],[1,21,13,17,9,5,23,15,7,16],[21,13,17,1,5,23,9,15,7,16],[5,1,9,17,21,23,13,7,15,8,16,19],[17,1,13,5,21,23,9,7,15,16],[13,21,5,7,23,17,1,9,15,8,16,19],[13,5,17,9,21,23,1,7,15,8,16,19],[1,21,17,5,7,23,9,13,15,8,16,19],[13,1,17,5,21,23,9,7,15,8,16,19],[21,5,23,9,13,17,1,15,7,8,16,19],[17,13,9,21,5,23,1,7,15,8,16,19],[1,21,9,17,5,23,13,15,7,8,16,19],[1,17,9,5,13,21,7,23,15,16],[13,1,9,5,21,7,23,17,15,8,16,19],[1,13,5,17,21,7,23,9,15,8,16,19],[1,17,9,5,13,21,7,23,15,8,16,19],[21,9,17,5,23,1,13,15,7,16],[1,5,9,17,13,21,23,7,15,8,16,19],[5,21,7,23,17,1,13,9,15,16],[17,13,5,21,7,23,9,1,15,16],[5,17,9,13,1,21,23,15,7,16],[9,5,1,13,17,21,23,15,7,8,16,19],[21,9,13,5,7,23,1,17,15,16],[17,21,9,1,13,5,7,23,15,8,16,19],[5,1,21,7,23,9,17,13,15,16],[5,1,17,9,21,23,13,15,7,8,16,19],[21,1,5,23,17,13,9,15,7,16],[5,1,17,21,7,23,13,9,15,16],[1,5,13,21,23,9,17,15,7,16],[21,13,1,17,9,5,7,23,15,8,16,19],[9,13,17,21,1,5,23,7,15,16],[1,9,13,17,21,5,7,23,15,8,16,19],[5,21,23,9,13,1,17,7,15,16],[9,17,13,5,1,21,7,23,15,16],[21,13,17,5,7,23,1,9,15,16],[9,5,13,1,21,23,17,7,15,16],[21,17,1,5,7,23,9,13,15,16],[1,9,5,21,7,23,17,13,15,16],[9,1,13,5,17,21,7,23,15,8,16,19],[21,9,1,13,17,5,7,23,15,8,16,19],[5,1,9,17,13,21,7,23,15,8,16,19],[21,17,1,13,9,5,23,15,7,8,16,19],[17,21,9,1,13,5,23,15,7,8,16,19],[13,17,1,5,9,21,23,15,7,16],[21,1,17,9,5,23,13,15,7,16],[21,13,1,5,23,9,17,15,7,16],[5,1,13,21,7,23,17,9,15,8,16,19],[5,9,1,13,21,23,17,15,7,16],[17,1,5,13,21,7,23,9,15,8,16,19],[17,5,13,21,23,9,1,15,7,16],[13,1,5,9,17,21,7,23,15,16],[17,1,9,5,21,23,13,7,15,8,16,19],[21,1,17,9,5,23,13,7,15,8,16,19],[5,13,1,17,21,23,9,7,15,8,16,19],[21,5,7,23,13,9,17,1,15,16],[1,21,9,17,5,7,23,13,15,16],[13,5,1,21,7,23,9,17,15,8,16,19],[13,1,21,5,7,23,9,17,15,16],[9,17,5,1,13,21,23,7,15,16],[21,17,13,9,5,23,1,15,7,8,16,19],[5,17,9,13,1,21,7,23,15,16],[5,1,13,17,21,23,9,7,15,16],[21,17,13,9,1,5,7,23,15,8,16,19],[17,9,5,1,21,23,13,15,7,8,16,19],[21,1,9,13,17,5,23,7,15,16],[17,9,5,21,23,13,1,15,7,8,16,19],[9,13,17,1,21,5,23,7,15,16],[17,13,9,21,1,5,7,23,15,16],[1,21,9,17,5,23,13,7,15,16],[21,9,5,23,13,1,17,7,15,8,16,19],[1,13,9,5,21,23,17,15,7,8,16,19],[13,1,9,17,21,5,7,23,15,16],[5,1,17,13,9,21,23,15,7,8,16,19],[13,1,9,17,21,5,23,7,15,8,16,19],[13,1,9,21,17,5,23,7,15,16],[9,21,1,17,5,23,13,15,7,8,16,19],[13,17,9,5,1,21,23,7,15,16],[9,17,21,1,5,7,23,13,15,16],[9,5,21,7,23,17,1,13,15,8,16,19],[1,5,17,13,21,23,9,7,15,16],[17,13,5,9,21,23,1,15,7,16],[13,21,17,9,5,7,23,1,15,16],[5,21,7,23,17,1,13,9,15,16],[1,5,13,21,23,9,17,15,7,8,16,19],[5,21,7,23,17,9,1,13,15,8,16,19],[13,1,21,9,5,23,17,15,7,8,16,19],[13,1,17,5,21,23,9,15,7,8,16,19],[1,17,9,5,13,21,23,7,15,16],[21,1,17,13,9,5,23,15,7,16],[9,13,1,17,5,21,23,7,15,16],[17,5,1,9,13,21,7,23,15,8,16,19],[5,21,7,23,17,1,9,13,15,8,16,19],[21,13,1,9,5,23,17,7,15,8,16,19],[13,17,5,21,7,23,1,9,15,8,16,19],[17,13,21,5,7,23,1,9,15,8,16,19],[5,21,23,13,1,9,17,15,7,8,16,19],[17,9,1,21,13,5,7,23,15,16],[5,9,21,23,1,17,13,7,15,16],[9,17,1,21,5,7,23,13,15,8,16,19],[1,17,13,5,9,21,23,15,7,8,16,19],[13,9,21,1,5,7,23,17,15,8,16,19],[13,5,9,1,21,23,17,15,7,8,16,19],[21,5,23,9,13,1,17,15,7,8,16,19],[5,13,9,21,23,1,17,7,15,8,16,19],[21,9,1,17,5,7,23,13,15,16],[17,21,5,23,9,13,1,15,7,16],[21,17,13,5,23,1,9,7,15,8,16,19],[13,17,21,1,5,7,23,9,15,8,16,19],[13,21,1,9,17,5,7,23,15,8,16,19],[13,5,21,7,23,9,1,17,15,16],[1,21,17,5,7,23,13,9,15,16],[5,21,23,13,9,1,17,15,7,8,16,19],[21,9,13,17,5,7,23,1,15,16],[13,21,1,17,5,23,9,15,7,16],[1,21,13,5,7,23,17,9,15,16],[5,17,1,13,9,21,7,23,15,16],[13,17,5,21,23,9,1,7,15,8,16,19],[5,13,21,7,23,17,1,9,15,8,16,19],[1,21,13,9,17,5,23,15,7,16],[17,5,9,13,1,21,23,7,15,8,16,19],[9,5,1,21,7,23,17,13,15,16],[1,13,9,17,5,21,23,7,15,8,16,19],[21,17,5,7,23,1,9,13,15,16],[13,1,21,17,5,23,9,7,15,8,16,19],[13,9,1,5,21,23,17,7,15,8,16,19],[17,9,13,1,21,5,7,23,15,8,16,19],[13,17,5,1,9,21,7,23,15,16],[5,21,23,13,1,17,9,7,15,16],[9,21,17,13,5,7,23,1,15,8,16,19],[1,21,9,13,17,5,23,7,15,16],[5,13,1,17,9,21,23,7,15,8,16,19],[1,5,17,21,23,9,13,15,7,8,16,19],[5,17,21,23,13,9,1,15,7,8,16,19],[9,17,1,13,21,5,7,23,15,16],[5,13,9,17,1,21,7,23,15,16],[9,13,5,21,23,1,17,7,15,8,16,19],[21,17,5,7,23,1,13,9,15,16],[17,5,13,1,21,7,23,9,15,16],[1,5,17,13,21,23,9,15,7,16],[9,1,5,21,7,23,17,13,15,16],[9,1,17,13,21,5,23,15,7,16],[1,5,17,13,9,21,23,15,7,8,16,19],[13,1,21,17,5,23,9,15,7,8,16,19],[17,1,9,5,13,21,7,23,15,8,16,19],[13,21,9,1,17,5,23,7,15,16],[1,13,5,21,7,23,17,9,15,8,16,19],[13,9,21,1,5,7,23,17,15,8,16,19],[21,17,9,1,13,5,7,23,15,8,16,19],[21,5,7,23,9,17,1,13,15,16],[1,5,9,13,21,7,23,17,15,16],[17,5,1,13,21,23,9,15,7,8,16,19],[1,21,5,23,9,13,17,7,15,8,16,19],[5,21,7,23,17,13,1,9,15,8,16,19],[9,21,1,5,7,23,17,13,15,8,16,19],[5,17,1,9,13,21,7,23,15,8,16,19],[1,21,13,9,5,7,23,17,15,16],[9,13,5,1,17,21,23,7,15,8,16,19],[5,1,13,21,23,9,17,7,15,16],[17,21,9,1,5,23,13,7,15,8,16,19],[17,5,1,21,7,23,9,13,15,16],[1,5,21,7,23,17,13,9,15,8,16,19],[17,1,13,9,21,5,23,7,15,8,16,19],[13,21,9,5,23,1,17,7,15,8,16,19],[17,9,1,13,21,5,23,7,15,8,16,19],[17,9,5,13,21,7,23,1,15,16],[21,9,17,5,7,23,13,1,15,8,16,19],[1,13,9,21,17,5,23,7,15,16],[13,21,1,9,17,5,23,15,7,16],[5,17,13,1,21,23,9,7,15,16],[1,17,13,21,5,23,9,7,15,8,16,19],[5,21,23,13,9,17,1,7,15,8,16,19],[1,21,9,13,17,5,7,23,15,16],[13,17,5,1,21,23,9,7,15,16],[21,9,5,7,23,1,13,17,15,16],[17,5,9,1,21,7,23,13,15,16],[5,21,23,17,13,9,1,15,7,16],[21,9,1,13,17,5,7,23,15,16],[21,5,23,13,17,1,9,7,15,8,16,19],[13,5,17,9,21,23,1,15,7,8,16,19],[17,9,1,13,21,5,7,23,15,16],[9,1,17,13,21,5,23,7,15,16],[5,9,21,23,13,17,1,15,7,8,16,19],[5,17,9,21,23,1,13,7,15,16],[5,21,7,23,13,9,1,17,15,8,16,19],[21,1,17,5,7,23,13,9,15,8,16,19],[13,9,1,17,5,21,23,15,7,8,16,19],[9,13,17,1,21,5,7,23,15,8,16,19],[21,17,1,9,13,5,7,23,15,16],[13,21,5,7,23,17,9,1,15,8,16,19],[17,9,21,5,7,23,1,13,15,8,16,19],[13,21,9,1,5,7,23,17,15,8,16,19],[21,17,13,5,7,23,9,1,15,16],[21,9,13,17,5,7,23,1,15,16],[9,1,21,17,5,23,13,7,15,8,16,19],[9,21,1,5,7,23,17,13,15,8,16,19],[21,1,5,23,17,9,13,7,15,8,16,19],[13,17,21,9,1,5,7,23,15,16],[13,17,21,5,7,23,1,9,15,16],[5,21,23,17,9,13,1,7,15,16],[21,1,9,5,23,13,17,7,15,16],[17,5,13,21,7,23,1,9,15,8,16,19],[13,9,5,1,21,23,17,15,7,8,16,19],[13,1,17,21,9,5,23,15,7,8,16,19],[1,13,17,21,5,7,23,9,15,8,16,19],[1,21,5,23,13,17,9,7,15,16],[13,9,17,21,5,7,23,1,15,8,16,19],[1,5,17,9,21,23,13,7,15,8,16,19],[1,13,5,21,7,23,9,17,15,16],[9,21,17,1,13,5,23,15,7,8,16,19],[21,1,9,13,17,5,23,15,7,16],[1,5,21,23,13,17,9,7,15,16],[17,13,21,9,5,23,1,15,7,8,16,19],[21,13,17,9,5,7,23,1,15,16],[21,1,9,5,23,17,13,7,15,16],[5,21,23,1,17,13,9,15,7,8,16,19],[13,5,9,21,7,23,1,17,15,8,16,19],[13,5,21,23,9,17,1,15,7,8,16,19],[13,17,5,1,9,21,7,23,15,16],[17,5,9,1,13,21,23,7,15,16],[17,1,21,9,5,7,23,13,15,8,16,19],[17,1,9,21,13,5,7,23,15,16],[9,17,13,1,5,21,7,23,15,8,16,19],[17,21,5,7,23,9,1,13,15,8,16,19],[13,5,1,21,7,23,17,9,15,8,16,19],[17,13,1,5,21,23,9,7,15,8,16,19],[1,21,9,13,5,7,23,17,15,16],[9,17,1,13,5,21,7,23,15,8,16,19],[9,5,17,21,23,1,13,7,15,8,16,19],[17,13,21,5,23,1,9,15,7,8,16,19],[5,17,9,1,21,7,23,13,15,8,16,19],[21,9,5,7,23,17,13,1,15,8,16,19],[1,13,17,5,21,23,9,15,7,8,16,19],[13,9,5,1,17,21,23,7,15,8,16,19],[9,21,5,23,1,17,13,15,7,8,16,19],[1,13,9,21,5,7,23,17,15,16],[21,1,5,23,13,17,9,15,7,16],[1,13,9,17,21,5,7,23,15,8,16,19],[1,13,21,9,17,5,23,7,15,16],[9,13,21,5,23,17,1,7,15,8,16,19],[17,13,1,21,9,5,7,23,15,16],[17,1,21,9,13,5,7,23,15,8,16,19],[13,5,17,9,1,21,7,23,15,8,16,19],[9,1,17,13,21,5,7,23,15,16],[17,21,9,13,5,7,23,1,15,8,16,19],[1,21,13,9,17,5,23,7,15,16],[1,13,5,9,21,23,17,15,7,8,16,19],[13,1,9,5,17,21,7,23,15,16],[21,1,5,7,23,9,13,17,15,8,16,19],[21,1,9,17,13,5,23,7,15,8,16,19],[17,1,9,21,13,5,23,15,7,16],[9,21,13,17,5,7,23,1,15,16],[17,13,9,1,21,5,7,23,15,16],[21,13,1,17,5,7,23,9,15,16],[1,9,5,21,7,23,17,13,15,16],[21,1,17,9,5,23,13,15,7,8,16,19],[21,17,9,5,7,23,1,13,15,16],[1,17,21,9,5,7,23,13,15,8,16,19],[21,9,13,1,5,23,17,15,7,16],[21,9,1,13,5,23,17,7,15,8,16,19],[21,9,13,5,23,1,17,15,7,16],[13,9,17,1,5,21,23,15,7,16],[5,1,13,21,7,23,9,17,15,16],[17,21,9,13,1,5,23,15,7,8,16,19],[1,17,5,21,7,23,13,9,15,16],[1,9,17,5,13,21,7,23,15,16],[9,13,1,21,17,5,23,7,15,8,16,19],[21,5,7,23,17,13,9,1,15,8,16,19],[9,21,1,5,23,17,13,15,7,16],[9,13,21,17,1,5,23,7,15,16],[1,9,13,17,5,21,23,7,15,16],[1,9,17,13,5,21,23,15,7,8,16,19],[17,9,5,21,7,23,1,13,15,16],[5,17,13,21,7,23,1,9,15,8,16,19],[21,5,7,23,13,1,9,17,15,8,16,19],[9,21,17,1,5,23,13,7,15,8,16,19],[9,1,17,5,13,21,7,23,15,8,16,19],[9,17,13,5,21,7,23,1,15,16],[1,13,17,5,9,21,23,15,7,8,16,19],[17,13,9,5,1,21,7,23,15,16],[13,9,1,21,17,5,7,23,15,16],[9,21,13,17,1,5,7,23,15,8,16,19],[21,5,23,13,17,9,1,7,15,8,16,19],[17,5,21,7,23,9,1,13,15,16],[5,9,17,21,23,1,13,7,15,16],[17,9,1,21,13,5,23,15,7,8,16,19],[1,13,17,5,9,21,23,15,7,8,16,19],[17,13,1,21,9,5,7,23,15,16],[21,1,13,9,17,5,23,7,15,8,16,19],[5,9,13,21,7,23,17,1,15,16],[5,21,7,23,17,1,13,9,15,8,16,19],[9,21,17,1,5,23,13,15,7,16],[1,17,5,9,13,21,7,23,15,8,16,19],[21,13,17,1,9,5,23,7,15,16],[1,21,5,7,23,13,9,17,15,8,16,19],[13,17,5,21,23,9,1,7,15,16],[9,21,17,1,5,7,23,13,15,8,16,19],[17,13,5,1,9,21,23,15,7,16],[5,1,13,9,17,21,7,23,15,8,16,19],[17,21,9,5,23,1,13,15,7,16],[17,5,1,9,13,21,23,7,15,8,16,19],[17,5,21,23,13,1,9,7,15,8,16,19],[1,17,5,9,13,21,7,23,15,8,16,19],[17,9,5,1,21,7,23,13,15,16],[13,17,5,21,23,9,1,7,15,8,16,19],[9,21,13,1,17,5,7,23,15,16],[5,1,17,13,21,23,9,15,7,16],[9,1,5,21,23,17,13,7,15,16],[1,17,13,9,21,5,7,23,15,16],[5,17,9,21,23,13,1,15,7,8,16,19],[9,5,21,7,23,13,1,17,15,8,16,19],[17,21,13,5,23,1,9,7,15,16],[5,21,23,13,9,17,1,15,7,8,16,19],[17,5,9,13,1,21,23,15,7,16],[5,9,13,1,17,21,7,23,15,8,16,19],[1,13,5,17,21,23,9,7,15,8,16,19],[13,1,21,17,5,23,9,15,7,8,16,19],[17,21,5,7,23,9,1,13,15,8,16,19],[5,1,21,23,9,13,17,15,7,16],[1,9,5,21,7,23,17,13,15,8,16,19],[17,5,21,23,9,1,13,7,15,16],[21,1,13,17,5,23,9,7,15,16],[17,13,9,1,5,21,7,23,15,16],[9,21,13,17,1,5,23,15,7,8,16,19],[1,17,13,5,9,21,23,7,15,16],[21,1,5,23,9,13,17,15,7,8,16,19],[17,9,13,1,5,21,7,23,15,16],[21,13,5,7,23,1,17,9,15,16],[21,17,5,7,23,1,13,9,15,8,16,19],[9,17,1,13,21,5,7,23,15,16],[1,17,21,9,13,5,23,15,7,16],[21,5,7,23,13,1,17,9,15,16],[21,13,5,23,17,1,9,15,7,16],[21,5,23,17,13,9,1,7,15,16],[5,17,9,13,21,7,23,1,15,16],[1,9,17,13,5,21,23,7,15,8,16,19],[21,9,13,5,7,23,1,17,15,8,16,19],[9,5,21,23,1,17,13,15,7,16],[9,21,5,23,17,1,13,15,7,16],[5,1,9,17,13,21,7,23,15,16],[9,17,13,1,21,5,23,15,7,16],[5,9,21,7,23,13,17,1,15,16],[9,5,1,13,17,21,23,7,15,16],[17,5,9,1,13,21,23,7,15,16],[13,21,9,17,5,23,1,7,15,16],[13,5,1,21,7,23,17,9,15,16],[13,5,21,23,17,1,9,15,7,16],[9,13,1,5,21,7,23,17,15,16],[13,1,17,5,21,7,23,9,15,16],[9,17,5,21,23,13,1,7,15,16],[1,13,9,17,21,5,7,23,15,16],[5,17,1,21,7,23,9,13,15,16],[1,17,21,5,23,9,13,15,7,8,16,19],[1,13,5,21,7,23,17,9,15,16],[9,5,1,17,13,21,7,23,15,8,16,19],[5,1,17,13,9,21,7,23,15,8,16,19],[5,13,21,7,23,9,1,17,15,8,16,19],[13,1,21,9,5,7,23,17,15,8,16,19],[5,13,21,23,9,1,17,15,7,16],[13,21,17,5,23,1,9,15,7,16],[13,17,21,9,5,7,23,1,15,8,16,19],[5,9,1,13,21,23,17,15,7,16],[21,1,9,5,7,23,13,17,15,8,16,19],[5,1,17,13,9,21,7,23,15,8,16,19],[5,1,9,13,21,23,17,7,15,16],[21,13,9,5,23,1,17,7,15,16],[1,13,5,21,7,23,17,9,15,8,16,19],[9,1,17,21,5,7,23,13,15,8,16,19],[21,17,13,5,23,1,9,15,7,16],[5,1,9,17,13,21,7,23,15,8,16,19],[17,1,9,13,5,21,23,15,7,16],[17,5,13,21,7,23,1,9,15,8,16,19],[13,17,1,5,21,23,9,7,15,8,16,19],[5,17,9,1,13,21,23,15,7,8,16,19],[5,17,1,21,23,13,9,7,15,16],[5,21,7,23,13,17,9,1,15,16],[21,1,5,7,23,17,13,9,15,16],[5,9,13,21,7,23,1,17,15,8,16,19],[21,5,23,17,1,13,9,7,15,16],[13,1,21,17,9,5,23,15,7,8,16,19],[13,1,5,17,9,21,7,23,15,8,16,19],[5,17,9,13,1,21,23,15,7,8,16,19],[21,5,7,23,17,9,1,13,15,8,16,19],[1,17,13,21,9,5,23,7,15,8,16,19],[5,21,23,9,17,1,13,15,7,8,16,19],[1,9,13,21,17,5,23,7,15,8,16,19],[9,5,1,17,13,21,23,7,15,8,16,19],[21,1,13,17,5,7,23,9,15,16],[1,21,13,17,9,5,7,23,15,16],[17,9,21,1,5,7,23,13,15,16],[21,1,5,23,13,9,17,7,15,8,16,19],[21,9,17,5,7,23,13,1,15,16],[17,1,21,9,5,23,13,7,15,8,16,19],[9,17,13,5,1,21,7,23,15,8,16,19],[9,17,1,5,13,21,23,7,15,16],[5,13,21,7,23,17,1,9,15,16],[17,21,5,7,23,1,9,13,15,16],[5,13,17,9,1,21,7,23,15,8,16,19],[1,17,21,9,5,7,23,13,15,8,16,19],[17,13,5,9,21,7,23,1,15,16],[21,17,9,13,1,5,23,15,7,16],[13,17,9,1,21,5,23,15,7,16],[5,13,21,7,23,9,17,1,15,16],[5,1,9,17,13,21,7,23,15,8,16,19],[21,5,7,23,13,17,1,9,15,8,16,19],[5,17,1,13,9,21,23,7,15,8,16,19],[17,13,5,21,7,23,9,1,15,8,16,19],[1,9,21,13,5,23,17,15,7,16],[13,1,5,21,23,9,17,15,7,16],[13,1,17,9,5,21,23,15,7,8,16,19],[5,17,13,21,7,23,9,1,15,8,16,19],[13,17,21,1,5,7,23,9,15,8,16,19],[21,17,9,13,5,7,23,1,15,16],[1,5,17,21,7,23,13,9,15,8,16,19],[5,21,23,17,1,9,13,15,7,8,16,19],[9,13,21,17,1,5,7,23,15,8,16,19],[5,17,9,21,7,23,13,1,15,16],[5,13,1,9,21,23,17,7,15,8,16,19],[17,21,9,1,13,5,23,7,15,8,16,19],[13,5,21,23,1,17,9,7,15,8,16,19],[17,13,21,5,7,23,9,1,15,8,16,19],[17,9,5,13,1,21,7,23,15,8,16,19],[1,9,5,17,13,21,7,23,15,8,16,19],[21,1,13,5,7,23,9,17,15,16],[13,17,1,5,21,7,23,9,15,8,16,19],[5,1,17,9,13,21,7,23,15,16],[9,1,17,21,13,5,7,23,15,8,16,19],[21,1,17,5,23,13,9,7,15,16],[1,5,13,21,7,23,9,17,15,16],[1,21,17,9,5,7,23,13,15,16],[1,9,13,5,17,21,23,15,7,16],[9,5,17,13,1,21,23,15,7,16],[1,21,17,13,9,5,23,15,7,16],[1,17,5,21,7,23,13,9,15,16],[1,13,17,5,9,21,7,23,15,16],[17,13,9,5,21,7,23,1,15,16],[17,13,21,9,5,23,1,15,7,8,16,19],[21,1,13,17,5,23,9,15,7,8,16,19],[5,21,7,23,9,1,13,17,15,16],[1,17,9,13,5,21,7,23,15,16],[13,9,1,21,5,23,17,15,7,16],[17,5,21,23,13,1,9,15,7,16],[17,9,21,5,23,1,13,7,15,16],[21,13,17,1,9,5,23,7,15,16],[17,1,9,21,13,5,23,15,7,8,16,19],[21,1,13,9,17,5,7,23,15,16],[17,5,13,1,9,21,7,23,15,16],[21,9,13,17,1,5,23,15,7,16],[17,9,13,5,21,7,23,1,15,16],[21,1,5,7,23,13,9,17,15,8,16,19],[21,5,23,13,9,17,1,15,7,8,16,19],[13,9,1,17,5,21,23,15,7,8,16,19],[13,1,9,5,17,21,23,15,7,8,16,19],[5,9,21,23,13,17,1,7,15,8,16,19],[1,5,21,7,23,9,13,17,15,8,16,19],[1,21,13,17,5,7,23,9,15,8,16,19],[17,9,5,13,21,7,23,1,15,8,16,19],[17,1,13,21,5,7,23,9,15,16],[17,5,21,7,23,13,1,9,15,8,16,19],[5,21,7,23,9,13,1,17,15,16],[1,13,5,9,21,23,17,7,15,16],[21,17,13,9,5,7,23,1,15,16],[13,21,17,5,7,23,1,9,15,16],[21,5,23,17,1,13,9,7,15,8,16,19],[5,9,17,21,7,23,1,13,15,16],[13,1,21,9,17,5,7,23,15,8,16,19],[21,5,7,23,17,13,1,9,15,8,16,19],[1,9,13,17,5,21,23,15,7,8,16,19],[5,1,13,17,9,21,23,15,7,8,16,19],[17,1,9,5,13,21,23,15,7,8,16,19],[9,13,21,17,5,7,23,1,15,16],[21,5,7,23,9,13,17,1,15,16],[1,13,21,5,7,23,9,17,15,8,16,19],[17,9,13,21,5,23,1,15,7,8,16,19],[5,17,13,21,7,23,1,9,15,16],[5,13,1,9,21,23,17,15,7,8,16,19],[13,17,21,5,23,1,9,7,15,8,16,19],[9,13,21,5,7,23,17,1,15,8,16,19],[5,13,17,1,21,23,9,7,15,16],[13,17,9,1,21,5,23,7,15,16],[1,13,9,17,5,21,23,7,15,16],[5,1,21,7,23,13,9,17,15,16],[9,17,13,5,1,21,23,7,15,16],[21,17,13,9,1,5,7,23,15,16],[13,17,21,9,5,7,23,1,15,8,16,19],[9,21,1,17,5,23,13,7,15,16],[13,5,9,21,7,23,17,1,15,16],[17,21,9,5,7,23,13,1,15,16],[5,9,13,17,1,21,23,15,7,8,16,19],[21,9,5,7,23,1,17,13,15,8,16,19],[21,13,5,7,23,9,1,17,15,8,16,19],[1,17,21,9,13,5,7,23,15,8,16,19],[13,21,9,5,7,23,1,17,15,16],[21,1,9,17,13,5,23,7,15,8,16,19],[1,17,5,9,21,7,23,13,15,16],[1,9,17,21,5,23,13,7,15,16],[1,17,21,9,5,23,13,15,7,16],[21,17,5,23,1,13,9,15,7,8,16,19],[13,21,17,9,1,5,7,23,15,8,16,19],[17,13,5,21,23,1,9,7,15,16],[17,13,5,9,21,7,23,1,15,16],[13,5,17,1,9,21,7,23,15,8,16,19],[13,5,1,21,7,23,17,9,15,8,16,19],[17,1,9,13,21,5,23,7,15,16],[5,17,21,23,13,1,9,15,7,8,16,19],[17,1,5,13,21,7,23,9,15,8,16,19],[13,9,17,5,21,23,1,7,15,16],[21,13,17,9,5,7,23,1,15,8,16,19],[5,9,21,7,23,13,1,17,15,16],[17,1,5,13,9,21,7,23,15,16],[17,1,21,13,5,23,9,15,7,8,16,19],[13,5,21,23,17,1,9,7,15,16],[13,1,21,5,7,23,9,17,15,8,16,19],[17,5,21,23,9,1,13,7,15,16],[5,1,13,9,21,7,23,17,15,8,16,19],[13,1,9,21,17,5,23,7,15,8,16,19],[5,21,7,23,17,1,9,13,15,16],[1,21,5,23,13,17,9,7,15,8,16,19],[21,5,23,9,13,1,17,7,15,16],[17,5,21,7,23,13,9,1,15,16],[13,5,9,21,7,23,1,17,15,8,16,19],[17,1,9,21,13,5,23,7,15,8,16,19],[21,9,17,13,1,5,23,15,7,8,16,19],[5,13,17,21,7,23,1,9,15,8,16,19],[5,9,13,21,7,23,17,1,15,8,16,19],[9,21,1,13,5,23,17,15,7,8,16,19],[1,9,21,5,7,23,17,13,15,8,16,19],[17,9,1,13,21,5,23,15,7,8,16,19],[21,9,5,23,13,17,1,7,15,8,16,19],[13,1,17,21,9,5,7,23,15,16],[9,5,17,1,13,21,23,7,15,8,16,19],[13,1,9,17,5,21,23,15,7,8,16,19],[13,9,17,21,1,5,7,23,15,8,16,19],[17,13,1,21,9,5,7,23,15,16],[17,21,13,9,5,23,1,7,15,8,16,19],[1,13,5,17,9,21,7,23,15,16],[21,17,1,5,7,23,13,9,15,8,16,19],[9,17,1,5,21,7,23,13,15,8,16,19],[17,9,21,5,7,23,1,13,15,8,16,19],[1,17,5,9,13,21,23,15,7,8,16,19],[21,13,5,23,9,17,1,15,7,8,16,19],[1,13,17,21,9,5,7,23,15,8,16,19],[1,13,17,21,9,5,23,15,7,16],[13,1,5,9,17,21,23,7,15,16],[5,1,13,9,21,7,23,17,15,8,16,19],[1,9,17,21,13,5,7,23,15,16],[21,5,23,1,9,17,13,15,7,16],[21,17,9,1,5,23,13,7,15,8,16,19],[9,17,1,13,5,21,23,7,15,16],[17,1,21,9,13,5,23,15,7,8,16,19],[1,17,21,13,5,7,23,9,15,8,16,19],[17,1,5,9,13,21,23,7,15,16],[13,1,5,21,7,23,9,17,15,8,16,19],[13,17,21,5,23,9,1,15,7,16],[21,1,13,9,17,5,7,23,15,16],[13,1,9,21,5,7,23,17,15,16],[21,17,5,23,13,1,9,15,7,8,16,19],[13,5,17,21,7,23,1,9,15,16],[1,13,5,21,23,17,9,7,15,16],[21,9,1,17,5,7,23,13,15,8,16,19],[5,1,17,13,21,23,9,7,15,8,16,19],[17,1,13,9,21,5,23,7,15,16],[21,9,13,5,7,23,1,17,15,8,16,19],[9,21,13,5,23,17,1,15,7,16],[21,17,13,9,1,5,7,23,15,16],[21,5,23,13,1,9,17,7,15,8,16,19],[17,1,13,9,21,5,7,23,15,8,16,19],[21,1,9,17,5,7,23,13,15,16],[9,17,13,1,5,21,7,23,15,16],[17,1,5,9,21,23,13,15,7,8,16,19],[13,21,17,1,5,7,23,9,15,8,16,19],[21,17,13,9,1,5,7,23,15,16],[9,13,1,21,17,5,23,7,15,16],[9,1,5,13,17,21,7,23,15,8,16,19],[13,1,9,21,5,23,17,7,15,16],[21,13,5,7,23,9,1,17,15,8,16,19],[17,5,9,21,7,23,1,13,15,16],[5,13,9,17,21,23,1,7,15,8,16,19],[5,17,13,9,1,21,7,23,15,16],[9,17,1,13,21,5,23,7,15,8,16,19],[21,9,5,7,23,13,1,17,15,16],[9,21,17,1,5,7,23,13,15,16],[5,1,9,21,7,23,17,13,15,8,16,19],[9,17,21,1,13,5,23,15,7,16],[9,5,1,13,21,23,17,7,15,16],[21,5,7,23,9,17,1,13,15,16],[21,5,7,23,9,17,13,1,15,16],[17,21,13,9,1,5,23,7,15,16],[21,5,7,23,17,9,13,1,15,16],[13,1,5,17,21,7,23,9,15,16],[21,1,17,13,9,5,23,15,7,8,16,19],[5,9,21,7,23,17,1,13,15,8,16,19],[17,1,21,13,5,7,23,9,15,16],[21,9,13,1,5,7,23,17,15,16],[17,13,5,9,1,21,23,7,15,8,16,19],[21,17,9,5,7,23,1,13,15,8,16,19],[1,5,13,17,21,7,23,9,15,8,16,19],[1,13,21,9,17,5,23,15,7,8,16,19],[5,17,21,7,23,9,1,13,15,16],[13,5,9,17,21,7,23,1,15,8,16,19],[5,17,13,1,9,21,7,23,15,16],[1,21,5,23,13,9,17,7,15,8,16,19],[9,13,17,1,21,5,23,15,7,8,16,19],[13,17,9,5,21,7,23,1,15,16],[13,5,21,7,23,9,1,17,15,8,16,19],[21,9,13,5,23,17,1,7,15,16],[9,13,17,5,21,7,23,1,15,16],[5,21,23,1,17,13,9,15,7,8,16,19],[9,1,17,21,13,5,23,15,7,16],[9,1,17,5,13,21,23,15,7,8,16,19],[9,1,13,21,5,23,17,7,15,16],[9,13,17,21,5,23,1,15,7,16],[21,1,5,23,17,9,13,15,7,8,16,19],[9,21,1,5,23,17,13,15,7,8,16,19],[13,17,21,9,1,5,23,15,7,8,16,19],[1,17,9,21,13,5,7,23,15,8,16,19],[5,13,17,1,9,21,7,23,15,16],[13,9,1,5,21,7,23,17,15,16],[1,21,13,17,9,5,23,7,15,16],[5,9,1,21,7,23,17,13,15,16],[5,17,21,23,9,1,13,15,7,16],[9,17,5,21,7,23,13,1,15,8,16,19],[13,9,1,21,17,5,23,7,15,16],[21,17,13,1,9,5,23,7,15,8,16,19],[17,13,9,21,5,7,23,1,15,16],[21,5,23,1,9,13,17,7,15,16],[21,1,17,5,23,13,9,7,15,16],[9,1,21,13,17,5,23,7,15,8,16,19],[17,13,5,9,1,21,7,23,15,8,16,19],[21,1,17,5,7,23,9,13,15,16],[9,21,1,17,13,5,7,23,15,16],[21,9,1,17,5,23,13,15,7,16],[13,17,9,5,21,23,1,7,15,8,16,19],[5,1,13,17,21,23,9,7,15,8,16,19],[9,1,13,21,17,5,23,7,15,8,16,19],[9,1,5,17,13,21,23,15,7,16],[21,1,5,7,23,17,9,13,15,8,16,19],[21,5,7,23,1,13,9,17,15,16],[21,13,1,5,23,17,9,15,7,8,16,19],[17,13,1,5,21,7,23,9,15,16],[1,5,9,13,21,7,23,17,15,16],[9,21,13,5,23,1,17,15,7,16],[1,13,5,17,21,7,23,9,15,16],[1,5,21,7,23,17,9,13,15,16],[5,21,7,23,17,9,13,1,15,8,16,19],[17,13,1,9,5,21,7,23,15,8,16,19],[21,5,7,23,9,1,17,13,15,16],[17,1,5,13,21,23,9,7,15,8,16,19],[21,9,13,1,17,5,7,23,15,16],[21,5,23,1,17,9,13,15,7,8,16,19],[9,13,21,1,5,7,23,17,15,8,16,19],[17,1,9,5,21,7,23,13,15,16],[5,13,9,17,21,7,23,1,15,8,16,19],[21,5,23,13,17,9,1,15,7,16],[5,1,17,13,21,7,23,9,15,8,16,19],[5,21,23,9,1,13,17,15,7,8,16,19],[21,13,5,7,23,1,9,17,15,16],[9,5,17,21,23,1,13,7,15,8,16,19],[13,5,17,21,23,1,9,7,15,16],[9,17,5,13,21,23,1,15,7,8,16,19],[21,13,1,17,5,23,9,7,15,16],[1,17,13,21,9,5,7,23,15,8,16,19],[9,21,5,23,13,1,17,15,7,16],[5,21,7,23,1,17,9,13,15,8,16,19],[5,1,13,17,9,21,7,23,15,16],[17,5,13,9,21,23,1,15,7,8,16,19],[17,21,9,1,5,7,23,13,15,16],[1,5,9,17,13,21,23,7,15,8,16,19],[1,5,21,23,13,17,9,7,15,8,16,19],[5,13,17,1,21,23,9,15,7,16],[21,13,1,9,17,5,23,15,7,8,16,19],[21,1,9,5,7,23,13,17,15,8,16,19],[21,13,5,7,23,17,9,1,15,16],[17,9,13,1,21,5,23,7,15,8,16,19],[13,1,9,5,21,23,17,15,7,8,16,19],[21,1,9,13,17,5,23,7,15,8,16,19],[5,9,1,17,21,23,13,7,15,16],[1,9,5,17,13,21,7,23,15,8,16,19],[1,9,13,5,17,21,7,23,15,16],[21,13,1,17,5,7,23,9,15,8,16,19],[21,1,13,17,9,5,23,7,15,8,16,19],[13,21,1,5,23,9,17,15,7,16],[1,21,5,7,23,17,13,9,15,8,16,19],[21,17,5,23,9,1,13,15,7,16],[13,21,1,5,23,9,17,15,7,8,16,19],[5,17,9,21,7,23,13,1,15,16],[17,1,5,9,21,23,13,15,7,16],[5,17,21,7,23,1,13,9,15,16],[1,17,13,5,9,21,7,23,15,8,16,19],[1,5,13,9,17,21,7,23,15,16],[5,17,13,21,23,1,9,15,7,8,16,19],[5,17,1,13,9,21,7,23,15,8,16,19],[1,13,17,9,5,21,23,15,7,8,16,19],[13,9,5,21,23,17,1,7,15,16],[9,17,21,5,7,23,13,1,15,8,16,19],[13,21,5,23,1,17,9,7,15,8,16,19],[17,5,9,21,7,23,13,1,15,8,16,19],[9,13,5,21,7,23,1,17,15,8,16,19],[17,9,13,1,21,5,7,23,15,8,16,19],[9,13,17,1,5,21,23,7,15,16],[13,1,9,21,5,7,23,17,15,16],[1,13,5,21,23,9,17,7,15,16],[5,17,1,13,9,21,23,7,15,8,16,19],[9,5,21,7,23,13,1,17,15,8,16,19],[1,9,17,21,13,5,7,23,15,16],[5,1,21,7,23,9,13,17,15,8,16,19],[1,21,17,9,13,5,23,7,15,16],[21,17,1,5,23,13,9,7,15,16],[13,17,9,1,21,5,23,7,15,16],[1,21,9,13,17,5,23,15,7,16],[5,13,9,1,17,21,23,7,15,8,16,19],[21,13,5,7,23,1,17,9,15,8,16,19],[13,1,21,17,5,23,9,15,7,16],[21,17,5,7,23,1,9,13,15,8,16,19],[9,21,17,1,5,23,13,15,7,8,16,19],[13,9,17,21,5,23,1,15,7,16],[5,13,9,21,23,1,17,15,7,16],[21,13,5,23,9,1,17,7,15,8,16,19],[21,1,17,5,23,9,13,15,7,16],[9,13,17,21,5,7,23,1,15,16],[1,13,21,17,5,7,23,9,15,8,16,19],[9,21,1,5,23,13,17,15,7,8,16,19],[5,9,17,1,21,23,13,15,7,8,16,19],[13,17,1,5,21,23,9,7,15,8,16,19],[13,9,1,5,17,21,23,7,15,8,16,19],[13,17,21,5,7,23,9,1,15,8,16,19],[9,1,5,21,23,17,13,7,15,8,16,19],[13,21,9,17,1,5,7,23,15,8,16,19],[1,13,5,9,17,21,7,23,15,16],[13,1,9,21,5,7,23,17,15,16],[17,5,9,13,1,21,7,23,15,16],[5,1,13,21,23,17,9,7,15,8,16,19],[13,17,1,5,9,21,23,7,15,8,16,19],[5,9,1,13,21,7,23,17,15,8,16,19],[17,1,13,5,9,21,7,23,15,8,16,19],[1,17,21,5,7,23,9,13,15,16],[9,17,13,1,5,21,23,15,7,8,16,19],[13,5,9,17,1,21,7,23,15,8,16,19],[17,13,21,9,1,5,7,23,15,8,16,19],[1,9,5,21,23,13,17,7,15,8,16,19],[21,9,13,5,7,23,1,17,15,8,16,19],[1,21,17,13,9,5,7,23,15,16],[1,13,5,9,21,7,23,17,15,16],[21,17,13,5,23,9,1,7,15,8,16,19],[1,13,9,17,21,5,23,7,15,16],[9,1,13,5,17,21,7,23,15,16],[5,21,7,23,9,1,13,17,15,16],[1,5,21,23,13,9,17,15,7,16],[5,9,21,23,13,1,17,7,15,8,16,19],[13,21,9,17,5,7,23,1,15,8,16,19],[13,5,21,23,17,9,1,15,7,16],[21,17,13,9,5,7,23,1,15,16],[9,13,1,17,21,5,7,23,15,16],[21,1,5,23,17,9,13,7,15,8,16,19],[17,21,1,5,23,13,9,7,15,8,16,19],[17,21,9,13,1,5,7,23,15,16],[1,13,5,21,7,23,9,17,15,16],[17,9,5,1,13,21,7,23,15,16],[5,9,1,17,21,23,13,15,7,16],[9,17,21,1,5,7,23,13,15,8,16,19],[21,1,13,5,23,9,17,15,7,16],[13,17,9,5,1,21,23,15,7,16],[1,9,17,5,13,21,7,23,15,8,16,19],[1,5,17,21,23,9,13,15,7,16],[21,5,23,1,13,9,17,15,7,8,16,19],[17,21,9,13,5,7,23,1,15,8,16,19],[5,17,9,1,13,21,23,15,7,8,16,19],[1,21,13,17,5,7,23,9,15,8,16,19],[5,21,23,17,1,13,9,15,7,16],[17,5,1,13,21,23,9,7,15,8,16,19],[9,1,5,17,13,21,7,23,15,16],[1,21,5,23,17,13,9,15,7,8,16,19],[13,17,5,21,7,23,9,1,15,16],[9,1,13,5,17,21,7,23,15,8,16,19],[5,21,7,23,13,9,1,17,15,8,16,19],[1,17,5,21,7,23,9,13,15,8,16,19],[17,13,21,1,9,5,23,7,15,16],[21,1,13,17,5,7,23,9,15,8,16,19],[17,1,5,13,21,23,9,7,15,16],[21,1,17,13,5,7,23,9,15,16],[21,13,1,5,7,23,17,9,15,16],[1,13,17,21,5,23,9,15,7,8,16,19],[1,17,5,21,7,23,13,9,15,16],[21,13,1,17,5,23,9,15,7,8,16,19],[21,9,1,13,5,23,17,15,7,8,16,19],[13,5,1,21,23,17,9,7,15,8,16,19],[9,5,1,13,21,23,17,15,7,16],[21,17,13,5,23,1,9,15,7,16],[13,9,17,5,1,21,23,7,15,8,16,19],[21,9,13,1,5,23,17,15,7,16],[9,17,5,21,7,23,13,1,15,8,16,19],[17,21,5,7,23,13,9,1,15,8,16,19],[9,1,13,17,21,5,7,23,15,8,16,19],[17,13,1,21,9,5,23,15,7,16],[13,9,17,1,5,21,7,23,15,16],[9,13,17,5,1,21,23,15,7,16],[5,9,17,1,21,23,13,15,7,16],[17,21,1,13,9,5,23,15,7,8,16,19],[21,5,23,9,17,13,1,7,15,16],[1,13,9,17,5,21,23,7,15,16],[5,21,7,23,1,17,9,13,15,16],[9,21,5,23,1,13,17,7,15,16],[5,9,17,13,21,23,1,7,15,16],[13,1,21,5,23,17,9,7,15,16],[1,5,9,21,7,23,17,13,15,8,16,19],[13,1,17,21,9,5,23,15,7,8,16,19],[13,5,1,9,21,7,23,17,15,16],[21,13,9,5,23,1,17,7,15,8,16,19],[9,21,13,5,23,1,17,7,15,8,16,19],[21,13,1,5,7,23,17,9,15,8,16,19],[21,5,7,23,17,13,1,9,15,8,16,19],[21,5,23,1,13,17,9,15,7,16],[5,9,17,21,23,1,13,7,15,16],[1,21,13,17,5,23,9,15,7,16],[17,13,9,21,5,23,1,15,7,8,16,19],[5,21,23,17,9,1,13,7,15,8,16,19],[1,5,21,23,9,17,13,15,7,8,16,19],[5,17,1,21,7,23,13,9,15,8,16,19],[9,1,13,17,21,5,7,23,15,8,16,19],[1,13,21,9,17,5,7,23,15,8,16,19],[9,1,5,17,13,21,23,7,15,8,16,19],[5,17,9,13,21,23,1,7,15,16],[17,13,9,1,21,5,23,15,7,16],[17,5,1,13,21,23,9,15,7,8,16,19],[21,17,13,1,9,5,7,23,15,8,16,19],[21,13,1,5,23,17,9,7,15,16],[21,13,17,9,5,7,23,1,15,16],[17,5,1,21,23,13,9,7,15,16],[5,13,9,1,17,21,23,15,7,16],[5,17,9,13,1,21,23,7,15,16],[9,13,21,1,17,5,23,15,7,16],[17,1,9,5,21,7,23,13,15,8,16,19],[5,17,13,9,21,23,1,15,7,8,16,19],[13,5,17,1,21,7,23,9,15,8,16,19],[5,13,9,21,23,1,17,7,15,16],[13,9,5,21,7,23,1,17,15,16],[5,21,23,17,13,1,9,7,15,16],[21,17,5,23,1,13,9,15,7,8,16,19],[1,17,13,9,21,5,7,23,15,16],[1,9,13,17,21,5,7,23,15,8,16,19],[17,21,1,9,5,7,23,13,15,16],[5,13,9,17,1,21,7,23,15,16],[17,9,21,1,5,7,23,13,15,8,16,19],[9,5,21,23,1,17,13,15,7,8,16,19],[13,17,9,5,21,23,1,15,7,16],[1,13,17,5,9,21,23,7,15,16],[9,5,1,17,21,7,23,13,15,8,16,19],[1,17,5,21,23,9,13,7,15,8,16,19],[17,9,1,21,13,5,23,15,7,16],[1,9,5,21,23,13,17,7,15,8,16,19]],"n_human":4}