{"problem_id":"2IIlQChh57JOIxu","sigma":150,"alpha":10.000,"cost":2,"probabilities":"[0.22999999999999998, 0.16, 0.22, 0.39]","payoff_matrix":"[[-35, 16, -245, -47, -93, -162], [-64, 182, -209, -35, 67, -79], [97, 74, -4, -22, 18, 33], [174, -80, -147, 141, 79, -144]]","uncovered":[[16,12,24,20,8,4,1,13,15,17,3],[24,20,12,4,16,1,13,8,3],[24,20,16,8,12,4,13,1,15,17,3],[12,8,20,24,4,16,13,1,3],[24,12,20,4,16,13,1,15,8,17,3],[16,24,4,1,13,20,12,8,3],[4,20,12,8,24,16,13,1,3],[8,20,4,24,16,13,1,12,3],[12,4,20,24,8,16,1,13,15,17,3],[20,24,4,8,12,16,1,13,15,17,3],[12,16,20,8,4,13,1,24,3],[20,4,24,12,16,1,13,8,3],[8,16,4,13,1,20,15,24,12,17,3],[20,24,8,4,16,1,13,12,15,17,3],[24,4,16,1,13,20,8,3,12],[8,16,20,12,4,13,1,24,3],[20,4,12,8,24,16,1,13,15,17,3],[24,12,8,4,20,16,1,13,15,17,3],[4,24,16,13,1,20,8,12,15,17,3],[4,16,1,13,24,12,8,20,15,17,3],[20,24,8,4,12,16,1,13,3],[16,20,12,4,1,13,8,24,15,17,3],[20,16,12,4,13,1,24,8,15,17,3],[24,8,12,4,20,16,13,1,15,17,3],[24,12,20,16,8,4,1,13,3],[4,16,13,1,12,24,20,8,3],[24,8,20,16,4,1,13,12,15,17,3],[12,8,16,24,20,4,1,13,15,17,3],[20,24,4,12,8,16,13,1,15,17,3],[20,4,12,24,8,16,13,1,15,17,3],[24,16,20,8,4,13,1,12,15,17,3],[20,8,12,24,4,16,1,13,3],[16,24,4,13,1,12,20,8,15,17,3],[16,20,24,4,1,13,8,12,15,17,3],[8,4,16,13,1,24,20,12,3],[16,24,12,8,20,4,1,13,15,17,3],[12,16,8,4,1,13,24,20,3],[8,12,24,20,16,4,13,1,3],[24,20,4,16,13,1,8,12,3],[20,24,12,8,16,4,1,13,3],[16,20,24,4,13,1,12,3,8],[24,4,16,1,13,20,8,3,12],[8,24,4,16,1,13,12,20,3],[12,16,20,4,1,13,8,24,15,17,3],[8,4,20,16,1,13,24,12,3],[4,16,1,13,20,8,12,24,15,17,3],[4,24,16,1,13,20,12,8,15,17,3],[20,4,8,16,13,1,3,24,12],[20,8,24,12,4,16,13,1,3],[4,20,8,24,16,1,13,12,3],[16,12,8,20,4,1,13,24,3],[12,16,20,24,4,1,13,8,3],[12,16,4,13,1,15,20,24,8,17,3],[20,12,24,8,16,4,1,13,3],[4,24,12,16,13,1,20,8,15,17,3],[16,8,20,24,12,4,13,1,3],[16,20,12,4,13,1,24,8,15,17,3],[20,12,16,8,24,4,1,13,15,17,3],[8,12,24,4,20,16,1,13,15,17,3],[4,12,8,20,24,16,13,1,3],[24,20,16,8,4,13,1,12,15,17,3],[8,16,4,13,1,24,15,12,20,17,3],[12,24,4,8,16,13,1,20,3],[12,16,24,8,4,1,13,20,3],[12,24,16,4,13,1,20,8,3],[24,16,12,8,4,13,1,20,15,17,3],[24,4,20,16,13,1,12,8,3],[12,16,20,8,24,4,1,13,15,17,3],[12,8,16,24,20,4,1,13,3],[24,16,20,4,13,1,8,12,3],[24,16,20,12,4,1,13,8,3],[8,12,4,20,16,13,1,24,15,17,3],[20,12,8,16,4,1,13,24,15,17,3],[8,24,4,20,12,16,13,1,3],[16,24,4,13,1,8,12,20,15,17,3],[12,20,4,16,1,13,24,8,3],[24,20,12,4,16,13,1,8,15,17,3],[8,20,16,12,4,1,13,24,15,17,3],[20,16,8,12,4,13,1,24,15,17,3],[20,8,12,4,24,16,13,1,3],[16,8,4,13,1,20,24,3,12],[4,20,24,8,12,16,1,13,15,17,3],[20,8,16,24,12,4,13,1,3],[12,4,24,8,16,1,13,15,20,17,3],[12,24,16,4,13,1,20,8,3],[12,24,4,8,16,13,1,20,15,17,3],[20,8,4,16,13,1,12,24,15,17,3],[4,8,16,1,13,20,24,12,15,17,3],[16,20,8,12,4,1,13,24,3],[24,8,12,4,20,16,1,13,15,17,3],[4,16,1,13,20,12,8,24,15,17,3],[24,16,12,8,20,4,13,1,3],[24,16,4,13,1,20,12,8,3],[4,12,20,24,16,13,1,8,3],[12,24,20,8,4,16,13,1,3],[24,4,16,13,1,20,12,8,15,17,3],[24,12,16,20,8,4,1,13,3],[4,20,24,8,16,13,1,12,15,17,3],[16,12,4,13,1,20,3,8,24],[24,20,4,8,12,16,1,13,3],[16,8,4,13,1,12,20,24,3],[16,12,8,20,24,4,1,13,3],[24,20,16,8,4,13,1,12,15,17,3],[20,24,4,12,16,1,13,8,3],[8,12,4,16,13,1,20,24,3],[4,8,20,24,12,16,1,13,3],[4,16,1,13,24,15,8,20,12,17,3],[8,16,4,1,13,24,20,12,15,17,3],[16,12,24,8,20,4,13,1,3],[8,24,16,20,12,4,1,13,3],[12,24,4,8,20,16,13,1,15,17,3],[20,12,24,8,16,4,13,1,3],[8,16,12,20,4,13,1,24,3],[20,16,8,4,1,13,15,12,24,17,3],[20,16,24,8,4,13,1,12,3],[4,20,24,16,13,1,12,8,15,17,3],[16,4,13,1,20,24,12,15,8,17,3],[24,12,4,20,16,13,1,8,15,17,3],[20,16,4,13,1,24,12,8,3],[8,4,16,13,1,24,12,20,15,17,3],[8,20,12,16,24,4,1,13,3],[24,8,4,12,20,16,1,13,3],[8,20,16,24,12,4,1,13,3],[24,12,20,16,4,1,13,8,3],[16,4,13,1,20,12,24,8,15,17,3],[20,8,12,24,16,4,13,1,3],[4,20,8,24,12,16,1,13,3],[24,8,12,20,4,16,13,1,15,17,3],[12,24,8,20,4,16,1,13,15,17,3],[24,16,12,8,4,13,1,20,15,17,3],[12,24,8,4,20,16,1,13,15,17,3],[12,24,4,16,13,1,3,8],[12,4,8,24,20,16,13,1,3],[12,4,16,13,1,8,20,24,3],[16,12,4,1,13,8,24,20,15,17,3],[16,4,1,13,8,12,20,24,15,17,3],[16,24,20,8,12,4,1,13,3],[4,24,16,13,1,8,12,20,3],[4,12,20,8,16,1,13,24,15,17,3],[24,8,20,16,12,4,1,13,3],[8,4,16,13,1,12,20,24,3],[8,24,20,12,16,4,13,1,3],[12,24,16,20,4,13,1,8,3],[4,24,12,16,13,1,20,8,3],[24,20,12,4,16,1,13,8,15,17,3],[4,24,12,16,1,13,20,8,15,17,3],[20,16,4,13,1,24,8,12,15,17,3],[8,24,4,16,13,1,20,3,12],[16,4,1,13,12,24,15,20,8,17,3],[4,20,8,12,16,1,13,24,15,17,3],[20,24,16,8,12,4,1,13,3],[24,16,4,13,1,20,8,12,15,17,3],[12,16,4,1,13,24,8,20,15,17,3],[4,20,16,1,13,24,8,12,3],[12,20,4,16,1,13,24,15,8,17,3],[16,4,1,13,8,3,12,24],[24,4,8,20,16,1,13,12,3],[12,4,16,1,13,20,24,8,3],[8,16,12,4,1,13,20,15,24,17,3],[16,24,8,4,1,13,20,12,3],[4,24,16,13,1,8,20,12,3],[8,12,16,24,4,1,13,20,15,17,3],[24,4,8,16,1,13,20,12,3],[4,24,12,20,8,16,13,1,3],[8,4,20,12,16,13,1,24,15,17,3],[24,16,8,20,12,4,13,1,3],[12,24,8,16,4,13,1,20,15,17,3],[8,20,24,12,4,16,13,1,15,17,3],[24,20,12,16,4,13,1,8,15,17,3],[24,12,16,20,8,4,13,1,3],[12,8,4,20,24,16,13,1,3],[16,24,12,4,13,1,20,15,8,17,3],[4,8,16,13,1,20,12,24,15,17,3],[4,16,13,1,24,8,12,15,20,17,3],[8,12,16,4,1,13,20,24,15,17,3],[20,12,8,16,4,13,1,15,24,17,3],[16,8,24,20,4,13,1,15,12,17,3],[16,8,20,24,4,13,1,12,15,17,3],[12,4,20,8,16,1,13,24,15,17,3],[4,24,16,1,13,8,12,20,3],[16,4,13,1,20,12,8,24,15,17,3],[16,24,8,4,13,1,20,12,15,17,3],[8,20,12,4,24,16,13,1,15,17,3],[12,8,24,20,16,4,13,1,3],[16,4,13,1,24,12,20,8,3],[8,16,20,12,4,13,1,24,3],[16,12,8,4,1,13,20,24,3],[8,4,24,20,12,16,13,1,15,17,3],[24,20,12,16,8,4,13,1,15,17,3],[12,4,8,24,16,1,13,20,3],[4,24,16,13,1,8,20,12,3],[20,16,4,1,13,24,12,8,15,17,3],[4,12,16,1,13,8,20,24,15,17,3],[4,12,8,24,20,16,13,1,3],[24,8,16,12,20,4,13,1,15,17,3],[24,8,16,4,1,13,15,20,12,17,3],[24,16,8,12,20,4,13,1,15,17,3],[12,16,24,4,1,13,20,8,15,17,3],[16,24,20,12,4,1,13,8,3],[20,12,8,16,24,4,1,13,3],[24,16,4,1,13,12,20,8,3],[8,4,16,1,13,12,24,20,15,17,3],[12,4,16,1,13,8,20,24,3],[4,24,12,20,8,16,13,1,15,17,3],[4,8,20,24,12,16,13,1,3],[24,20,12,16,4,1,13,15,8,17,3],[16,8,4,1,13,20,15,12,24,17,3],[4,24,8,12,20,16,13,1,3],[8,12,24,20,4,16,13,1,15,17,3],[8,20,12,4,16,1,13,15,24,17,3],[20,4,12,24,8,16,1,13,3],[20,4,12,24,16,13,1,8,3],[24,16,8,20,12,4,1,13,15,17,3],[4,24,12,20,8,16,1,13,15,17,3],[8,12,20,16,4,13,1,24,15,17,3],[12,24,4,8,20,16,13,1,15,17,3],[12,20,24,16,4,13,1,8,3],[20,16,4,1,13,8,12,24,15,17,3],[16,4,1,13,8,12,20,24,3],[24,12,20,8,4,16,13,1,3],[16,24,20,4,13,1,12,8,3],[20,4,24,8,12,16,1,13,3],[16,8,20,24,12,4,13,1,3],[8,24,12,16,20,4,13,1,15,17,3],[4,12,24,20,16,1,13,8,3],[16,4,1,13,20,8,24,12,15,17,3],[24,12,20,4,8,16,13,1,3],[4,20,24,8,16,13,1,12,3],[4,24,20,16,13,1,8,12,15,17,3],[16,12,8,24,20,4,1,13,15,17,3],[24,12,8,16,20,4,13,1,15,17,3],[12,16,4,13,1,24,8,20,3],[4,16,1,13,8,24,15,12,20,17,3],[8,20,24,16,4,13,1,15,12,17,3],[8,20,24,16,12,4,1,13,15,17,3],[12,4,16,1,13,24,20,8,3],[4,8,16,1,13,12,20,24,15,17,3],[4,12,24,16,1,13,8,20,15,17,3],[16,4,1,13,20,24,8,15,12,17,3],[4,8,20,12,24,16,13,1,3],[12,16,20,8,24,4,13,1,3],[20,8,16,24,12,4,1,13,3],[24,20,4,16,1,13,12,8,3],[4,24,8,12,20,16,13,1,15,17,3],[16,20,24,4,13,1,8,12,3],[20,12,16,4,1,13,24,8,3],[16,4,13,1,24,3,12,20,8],[20,24,8,4,16,13,1,12,15,17,3],[8,12,16,20,24,4,13,1,15,17,3],[16,20,24,8,4,1,13,12,3],[4,8,16,1,13,20,24,12,3],[4,24,8,12,16,1,13,20,3],[8,16,4,1,13,20,24,12,3],[4,24,12,8,16,1,13,20,15,17,3],[24,12,16,8,4,1,13,20,15,17,3],[4,8,24,12,16,13,1,20,15,17,3],[20,8,16,4,3,13,12,24],[24,8,20,4,12,16,1,13,3],[12,24,4,16,13,1,3,8],[4,24,8,20,12,16,13,1,15,17,3],[24,4,12,20,16,1,13,8,3],[8,16,12,20,4,1,13,24,3],[20,12,4,16,1,13,8,24,3],[20,8,4,16,13,1,15,24,12,17,3],[20,8,16,4,1,13,12,15,24,17,3],[8,16,12,24,4,13,1,20,3],[4,12,20,16,13,1,8,24,15,17,3],[20,4,24,12,8,16,1,13,3],[20,24,12,16,4,1,13,8,3],[16,24,8,20,12,4,13,1,3],[8,20,12,16,24,4,1,13,3],[16,8,4,13,1,12,24,20,3],[4,8,20,16,1,13,12,24,15,17,3],[20,12,8,16,4,1,13,24,3],[8,24,4,16,1,13,12,20,15,17,3],[8,24,4,20,12,16,1,13,3],[16,20,8,24,12,4,1,13,3],[8,16,20,24,12,4,13,1,3],[20,8,24,16,4,1,13,12,3],[12,24,20,4,16,13,1,8,3],[20,4,8,16,1,13,12,24,3],[12,24,4,20,8,16,13,1,3],[8,24,20,4,12,16,1,13,3],[16,4,1,13,15,20,24,8,12,17,3],[8,20,4,16,13,1,12,24,15,17,3],[12,20,8,24,16,4,1,13,3],[24,8,20,4,12,16,1,13,3],[24,16,12,4,1,13,20,8,15,17,3],[8,12,20,24,16,4,1,13,3],[12,24,4,8,20,16,1,13,15,17,3],[12,8,4,24,16,13,1,20,3],[20,12,4,8,24,16,13,1,15,17,3],[24,20,4,16,1,13,12,3,8],[12,16,4,1,13,24,8,20,3],[24,20,16,4,13,1,8,12,3],[12,16,8,24,4,13,1,20,15,17,3],[20,16,4,1,13,24,12,8,15,17,3],[8,16,4,13,1,12,20,24,15,17,3],[24,4,12,16,13,1,20,8,15,17,3],[4,8,24,12,20,16,1,13,3],[12,4,20,24,16,13,1,8,15,17,3],[16,12,20,4,13,1,24,8,3],[16,24,20,8,12,4,13,1,3],[20,24,12,4,8,16,13,1,15,17,3],[20,4,16,13,1,8,12,24,15,17,3],[16,20,24,8,12,4,1,13,15,17,3],[16,4,1,13,12,8,20,24,15,17,3],[12,24,20,4,8,16,1,13,15,17,3],[4,24,20,8,12,16,13,1,15,17,3],[24,20,12,8,16,4,13,1,15,17,3],[4,24,16,13,1,20,12,15,8,17,3],[8,12,24,4,16,1,13,20,15,17,3],[8,4,20,12,24,16,13,1,3],[12,24,4,20,16,13,1,8,3],[16,8,20,12,4,13,1,24,15,17,3],[12,8,16,24,20,4,1,13,3],[24,12,4,16,13,1,8,20,3],[24,16,12,8,20,4,13,1,15,17,3],[12,16,8,4,13,1,24,20,15,17,3],[8,24,4,16,1,13,20,12,3],[8,4,12,20,16,1,13,24,15,17,3],[8,4,12,20,16,1,13,24,3],[24,8,20,16,12,4,1,13,15,17,3],[4,16,1,13,12,20,24,8,15,17,3],[12,4,24,8,20,16,1,13,15,17,3],[24,4,12,16,1,13,8,20,3],[4,8,24,20,12,16,13,1,15,17,3],[20,24,8,12,4,16,13,1,3],[4,24,20,16,1,13,12,8,3],[20,12,24,4,16,13,1,8,15,17,3],[8,20,12,4,24,16,13,1,3],[12,4,16,1,13,8,20,24,15,17,3],[16,24,4,13,1,15,12,20,8,17,3],[8,4,24,16,1,13,20,12,3],[12,16,8,20,24,4,13,1,3],[24,8,20,12,16,4,13,1,3],[16,12,4,1,13,8,24,20,15,17,3],[8,16,12,4,1,13,24,20,15,17,3],[24,4,12,8,16,13,1,20,15,17,3],[4,16,13,1,24,8,12,20,3],[20,24,8,12,4,16,1,13,3],[24,12,8,16,4,1,13,20,3],[8,12,24,4,20,16,1,13,3],[20,4,24,16,1,13,8,12,15,17,3],[16,24,8,20,4,1,13,12,3],[20,16,8,24,12,4,1,13,15,17,3],[12,4,24,8,20,16,13,1,15,17,3],[20,12,4,8,16,1,13,24,3],[8,20,16,4,1,13,24,12,15,17,3],[24,12,4,20,8,16,1,13,3],[20,12,8,16,4,13,1,24,3],[16,12,8,4,1,13,24,20,15,17,3],[4,24,12,20,16,1,13,8,3],[8,20,16,4,1,13,24,12,3],[20,4,12,24,8,16,1,13,15,17,3],[24,12,8,4,16,1,13,20,15,17,3],[24,12,8,4,20,16,1,13,3],[16,4,13,1,8,24,20,12,15,17,3],[24,20,8,16,4,1,13,12,15,17,3],[16,24,20,4,13,1,12,8,3],[24,4,8,12,20,16,13,1,3],[12,16,8,24,20,4,13,1,3],[12,16,4,1,13,24,8,20,3],[20,4,16,1,13,8,12,24,3],[20,24,16,12,4,13,1,8,15,17,3],[12,16,24,8,20,4,1,13,15,17,3],[8,20,16,4,13,1,12,24,3],[12,16,4,13,1,20,8,24,3],[8,4,16,13,1,24,20,12,3],[20,12,24,8,4,16,1,13,3],[16,8,12,20,4,13,1,24,3],[20,8,12,4,16,1,13,24,15,17,3],[24,4,8,12,16,13,1,20,15,17,3],[24,20,4,8,12,16,13,1,15,17,3],[8,4,16,13,1,12,15,24,20,17,3],[8,4,20,12,24,16,1,13,3],[20,12,16,4,13,1,24,8,3],[8,24,4,20,16,13,1,15,12,17,3],[4,20,24,16,13,1,8,12,15,17,3],[4,16,1,13,8,20,24,3,12],[20,8,16,24,4,1,13,12,15,17,3],[4,8,24,16,1,13,20,12,3],[4,12,24,8,20,16,13,1,3],[12,16,8,4,1,13,20,24,15,17,3],[4,12,24,16,1,13,8,20,15,17,3],[4,20,8,24,16,13,1,12,15,17,3],[12,8,20,16,4,13,1,24,3],[24,20,4,8,16,1,13,12,15,17,3],[8,12,20,4,24,16,13,1,15,17,3],[8,12,20,16,24,4,1,13,15,17,3],[8,16,20,24,12,4,1,13,15,17,3],[24,16,4,1,13,20,8,3,12],[4,16,1,13,12,8,24,20,15,17,3],[20,8,24,12,16,4,1,13,3],[20,4,24,12,8,16,1,13,15,17,3],[8,20,4,12,16,13,1,3,24],[16,20,4,1,13,12,24,8,15,17,3],[24,8,16,12,20,4,13,1,15,17,3],[12,24,8,16,4,1,13,20,15,17,3],[20,8,24,16,12,4,1,13,3],[16,12,4,13,1,24,8,20,3],[24,12,8,4,16,1,13,20,3],[8,20,4,24,12,16,1,13,3],[8,12,20,24,16,4,1,13,3],[8,20,24,16,4,13,1,12,3],[16,20,8,12,24,4,13,1,3],[24,4,20,8,16,13,1,12,3],[12,24,8,16,4,13,1,20,3],[8,24,12,20,16,4,13,1,15,17,3],[8,12,16,20,4,1,13,24,15,17,3],[16,20,8,24,4,1,13,12,15,17,3],[8,20,4,16,13,1,12,24,15,17,3],[12,16,20,8,4,13,1,24,15,17,3],[4,8,24,12,16,1,13,20,15,17,3],[16,24,4,1,13,20,12,8,3],[12,16,8,4,1,13,24,20,15,17,3],[12,4,20,8,24,16,13,1,3],[16,24,4,1,13,8,20,12,15,17,3],[12,20,24,8,16,4,13,1,3],[16,8,4,13,1,24,20,12,3],[24,8,4,20,16,1,13,12,15,17,3],[4,12,24,8,16,1,13,20,3],[12,16,4,13,1,24,20,8,15,17,3],[20,8,16,12,24,4,1,13,15,17,3],[4,20,12,8,16,13,1,24,3],[12,16,8,24,20,4,1,13,15,17,3],[8,24,4,16,13,1,20,12,15,17,3],[4,24,8,12,20,16,1,13,15,17,3],[4,24,12,8,20,16,1,13,15,17,3],[4,20,8,12,16,13,1,24,15,17,3],[16,12,4,13,1,20,8,24,15,17,3],[12,4,16,1,13,20,3,8,24],[4,16,1,13,12,20,8,24,15,17,3],[4,16,1,13,20,24,8,12,3],[12,4,20,24,8,16,1,13,3],[24,16,4,13,1,12,8,20,3],[20,8,16,4,1,13,24,12,15,17,3],[8,4,16,1,13,20,24,12,15,17,3],[8,20,4,24,12,16,13,1,3],[24,16,12,8,4,13,1,20,15,17,3],[4,8,20,16,1,13,24,12,15,17,3],[20,16,8,12,4,1,13,24,3],[8,24,20,16,12,4,13,1,15,17,3],[4,8,20,16,13,1,24,12,15,19,3],[16,12,24,8,4,13,1,20,15,17,3],[24,20,8,16,12,4,13,1,15,17,3],[4,20,16,1,13,12,8,24,3],[8,12,4,16,1,13,24,20,3],[16,20,24,8,12,4,1,13,15,17,3],[20,12,24,16,4,1,13,8,15,17,3],[8,20,16,4,13,1,24,12,15,17,3],[16,12,4,1,13,8,24,20,3],[24,8,20,4,16,13,1,12,15,17,3],[24,8,12,16,4,13,1,20,15,17,3],[4,20,24,16,1,13,3,12,8],[4,16,1,13,8,24,12,20,15,17,3],[24,4,8,12,20,16,1,13,15,17,3],[24,16,4,13,1,20,12,8,3],[12,4,20,8,16,13,1,24,3],[4,8,12,24,20,16,13,1,3],[20,4,24,16,13,1,8,12,3],[8,4,16,13,1,24,20,12,3],[8,12,24,16,20,4,1,13,15,17,3],[8,20,12,24,4,16,1,13,15,17,3],[12,16,4,1,13,20,8,24,3],[12,20,24,4,8,16,13,1,15,17,3],[8,24,12,4,20,16,13,1,3],[20,12,24,16,8,4,13,1,3],[4,16,13,1,8,12,24,20,3],[12,8,16,24,4,1,13,20,15,17,3],[12,4,20,8,24,16,13,1,15,17,3],[12,20,16,8,24,4,1,13,15,17,3],[24,8,12,20,4,16,1,13,3],[12,20,24,4,8,16,1,13,15,17,3],[4,12,24,16,1,13,8,15,20,17,3],[16,4,13,1,8,12,24,20,3],[12,4,8,20,24,16,1,13,15,17,3],[20,16,4,13,1,12,24,15,8,17,3],[20,16,4,1,13,24,12,8,3],[16,12,4,1,13,3,8,24],[20,4,8,12,16,1,13,24,15,17,3],[12,8,20,16,4,13,1,24,15,17,3],[24,12,20,4,16,1,13,8,15,17,3],[12,24,8,16,20,4,1,13,15,17,3],[12,4,24,16,1,13,8,3],[24,4,16,1,13,20,12,8,15,17,3],[12,24,4,16,1,13,8,3],[20,24,12,16,8,4,1,13,15,17,3],[20,12,8,4,16,13,1,24,3],[4,24,8,12,20,16,1,13,15,17,3],[24,4,16,1,13,8,20,12,15,17,3],[8,12,20,16,24,4,13,1,15,17,3],[4,8,16,13,1,24,12,20,15,17,3],[20,12,16,8,4,13,1,24,3],[24,20,12,16,8,4,1,13,3],[8,16,4,1,13,24,12,20,3],[20,4,8,24,16,1,13,12,15,17,3],[12,8,16,24,4,1,13,15,20,17,3],[8,12,4,20,24,16,13,1,3],[16,12,8,24,4,1,13,20,3],[8,16,4,13,1,12,24,20,15,17,3],[24,12,20,8,16,4,13,1,15,17,3],[20,8,12,24,16,4,1,13,15,17,3],[12,8,20,24,16,4,1,13,15,17,3],[20,12,4,8,16,13,1,24,15,17,3],[12,8,20,24,16,4,1,13,3],[20,4,12,24,16,1,13,8,15,17,3],[8,20,4,16,1,13,3,12,24],[8,24,4,12,16,13,1,20,15,17,3],[24,4,12,20,16,13,1,8,3],[8,12,24,16,4,13,1,15,20,17,3],[16,20,12,8,24,4,13,1,15,17,3],[16,12,24,8,4,1,13,20,15,17,3],[20,8,24,16,12,4,13,1,3],[4,12,20,16,13,1,8,24,3],[24,12,8,4,16,13,1,20,15,17,3],[12,4,20,8,24,16,1,13,3],[16,4,1,13,20,8,15,12,24,17,3],[8,16,12,4,13,1,24,20,15,17,3],[8,24,4,12,20,16,1,13,3],[12,8,16,20,24,4,13,1,3],[24,20,8,16,4,13,1,12,15,17,3],[8,20,12,16,24,4,13,1,3],[12,24,4,16,13,1,8,20,15,17,3],[24,4,20,12,8,16,1,13,3],[20,16,24,8,4,13,1,12,15,17,3],[16,24,4,1,13,8,12,20,15,17,3],[16,8,4,13,1,12,24,20,3],[16,20,24,4,13,1,12,8,15,19,3],[24,4,12,20,16,1,13,15,8,17,3],[16,4,13,1,8,20,24,12,3],[20,16,12,8,4,1,13,15,24,17,3],[12,24,16,8,20,4,13,1,3],[12,24,8,4,20,16,13,1,15,17,3],[20,24,4,16,13,1,8,12,3],[16,20,4,13,1,8,12,24,3],[8,4,12,16,1,13,24,20,3],[4,12,24,20,16,1,13,8,3],[16,8,12,24,20,4,13,1,15,17,3],[16,24,8,4,1,13,12,3],[8,4,24,20,16,1,13,12,15,17,3],[20,8,12,4,16,1,13,3,24],[20,12,8,16,24,4,1,13,15,17,3],[12,20,4,24,16,1,13,8,15,17,3],[20,4,12,8,16,1,13,24,3],[4,12,24,16,1,13,20,15,8,17,3],[16,12,8,4,13,1,20,24,3],[24,20,8,16,4,13,1,12,3],[24,12,8,4,20,16,1,13,3],[12,24,4,8,16,13,1,3],[12,24,8,4,16,1,13,20,15,17,3],[20,4,24,16,1,13,8,12,3],[12,4,24,16,1,13,8,20,15,17,3],[4,8,24,12,20,16,13,1,15,17,3],[16,4,13,1,24,12,8,20,15,17,3],[12,4,20,24,16,1,13,8,3],[8,12,16,4,13,1,24,3],[8,24,12,20,4,16,13,1,15,17,3],[8,24,4,20,16,13,1,12,15,17,3],[24,4,20,12,8,16,13,1,3],[4,16,1,13,8,24,3,20,12],[12,4,20,8,16,13,1,24,3],[4,12,20,24,8,16,1,13,15,17,3],[16,24,8,4,1,13,20,12,15,17,3],[16,24,4,13,1,12,20,8,3],[24,12,4,8,20,16,13,1,15,17,3],[8,16,4,1,13,12,20,24,15,17,3],[8,12,24,20,4,16,1,13,3],[16,12,8,4,13,1,24,20,3],[12,8,24,4,20,16,1,13,3],[24,20,16,8,12,4,1,13,15,17,3],[4,24,12,8,20,16,13,1,15,17,3],[16,4,13,1,8,12,24,20,3],[12,8,16,20,24,4,13,1,3],[12,24,16,20,8,4,1,13,15,17,3],[8,4,16,1,13,20,12,24,15,17,3],[20,4,16,1,13,8,24,12,3],[12,20,16,8,4,13,1,24,15,17,3],[4,24,20,16,13,1,12,8,3],[4,24,8,16,13,1,20,12,15,17,3],[16,8,4,1,13,20,12,24,3],[20,12,24,4,16,1,13,8,15,17,3],[12,20,16,24,4,13,1,8,15,17,3],[12,20,4,24,8,16,13,1,15,17,3],[16,12,24,20,4,13,1,8,15,17,3],[8,12,16,24,20,4,13,1,3],[20,24,16,12,4,1,13,8,3],[20,12,24,16,8,4,13,1,15,17,3],[24,20,4,8,16,13,1,12,3],[16,20,12,24,8,4,13,1,3],[12,4,8,16,1,13,24,15,20,17,3],[4,12,24,16,1,13,8,20,3],[8,20,16,12,24,4,13,1,15,17,3],[8,16,4,13,1,20,12,24,3],[24,8,12,16,4,13,1,20,15,17,3],[24,4,8,12,20,16,1,13,15,17,3],[24,20,8,4,12,16,1,13,15,17,3],[8,20,16,12,4,13,1,24,3],[24,20,8,12,4,16,1,13,3],[4,16,13,1,20,8,12,24,3],[8,20,4,12,24,16,1,13,3],[20,12,24,4,8,16,1,13,15,17,3],[4,20,12,24,8,16,1,13,15,17,3],[24,8,12,20,16,4,1,13,15,17,3],[8,12,4,16,13,1,20,24,3],[20,12,8,4,16,1,13,24,3],[12,16,4,13,1,8,24,15,20,17,3],[24,12,4,8,16,13,1,20,3],[8,16,4,1,13,20,24,12,15,17,3],[24,12,4,8,16,1,13,20,15,17,3],[8,20,4,24,16,1,13,12,3],[24,12,4,8,20,16,13,1,3],[24,4,8,20,12,16,1,13,15,17,3],[4,24,8,20,16,13,1,12,15,17,3],[4,16,1,13,8,24,12,20,15,17,3],[12,16,8,24,20,4,1,13,3],[12,4,8,24,16,13,1,20,15,17,3],[20,12,24,16,4,13,1,3,8],[4,20,16,1,13,12,24,8,3],[8,20,4,16,13,1,24,12,3],[24,8,16,20,4,13,1,12,15,17,3],[12,4,24,16,1,13,20,8,15,17,3],[12,8,24,20,16,4,13,1,15,17,3],[8,12,4,20,24,16,13,1,15,17,3],[24,16,4,1,13,8,20,15,12,17,3],[4,20,16,13,1,12,24,8,15,17,3],[24,20,16,4,1,13,8,3,12],[20,24,12,4,8,16,1,13,15,17,3],[12,24,20,8,16,4,13,1,3],[16,8,4,13,1,20,12,24,15,17,3],[12,16,20,4,13,1,24,8,15,17,3],[4,20,24,12,16,1,13,8,3],[16,24,12,20,4,13,1,8,3],[24,20,12,8,4,16,1,13,3],[20,4,8,16,13,1,3,12,24],[16,24,12,4,13,1,8,15,20,17,3],[20,8,4,24,16,1,13,12,3],[4,20,12,8,16,13,1,3,24],[12,8,20,4,24,16,1,13,15,17,3],[24,8,16,4,1,13,20,12,3],[8,12,24,4,20,16,1,13,15,17,3],[20,12,8,4,16,13,1,24,15,17,3],[24,20,16,4,1,13,8,15,12,17,3],[8,24,12,16,20,4,13,1,15,17,3],[12,4,20,8,16,13,1,24,15,17,3],[4,24,20,12,16,13,1,8,3],[4,12,20,8,24,16,1,13,15,17,3],[24,16,12,20,8,4,13,1,15,17,3],[16,20,8,24,4,1,13,12,3],[16,12,4,1,13,24,20,15,8,17,3],[8,4,24,12,16,1,13,20,15,17,3],[12,20,24,4,8,16,13,1,3],[8,20,16,24,12,4,13,1,15,17,3],[24,20,12,4,16,1,13,15,8,17,3],[8,20,16,4,13,1,12,24,15,17,3],[4,12,24,20,8,16,13,1,3],[8,20,4,24,12,16,13,1,3],[20,4,16,1,13,12,24,8,3],[20,24,16,8,12,4,13,1,15,17,3],[4,16,1,13,20,24,12,8,15,17,3],[12,20,16,4,1,13,8,24,15,17,3],[8,12,16,24,20,4,13,1,3],[12,8,20,24,4,16,1,13,15,17,3],[12,16,24,20,8,4,13,1,3],[16,4,1,13,8,12,20,24,15,17,3],[24,4,8,20,16,13,1,12,3],[16,20,24,4,13,1,8,12,3],[16,12,24,20,4,13,1,8,15,17,3],[8,16,12,24,4,13,1,20,15,17,3],[12,24,4,16,13,1,20,8,3],[16,4,1,13,20,12,8,24,15,17,3],[20,12,16,4,1,13,3,24,8],[20,12,4,8,24,16,1,13,15,17,3],[20,8,4,24,12,16,1,13,15,17,3],[24,4,20,8,16,13,1,15,12,17,3],[12,20,4,16,13,1,24,8,3],[4,16,13,1,12,20,8,24,3],[24,20,16,12,4,13,1,3,8],[16,8,4,1,13,20,24,3,12],[20,16,24,4,13,1,8,12,15,17,3],[20,16,4,1,13,12,24,8,15,17,3],[16,24,12,20,4,13,1,8,15,17,3],[8,24,16,4,13,1,20,12,3],[4,8,16,1,13,20,24,12,15,17,3],[4,12,20,16,13,1,8,3,24],[20,8,12,16,4,13,1,15,24,17,3],[4,8,20,24,12,16,1,13,15,17,3],[20,16,24,8,12,4,1,13,15,17,3],[12,4,16,13,1,20,8,24,15,17,3],[12,4,20,16,13,1,24,8,15,17,3],[16,20,12,24,4,13,1,8,3],[8,16,24,4,13,1,12,20,15,17,3],[4,16,13,1,24,12,8,20,15,17,3],[12,20,16,4,1,13,8,24,15,17,3],[4,20,8,24,12,16,1,13,15,17,3],[24,12,16,8,20,4,13,1,3],[4,8,20,24,16,13,1,12,15,17,3],[16,4,1,13,24,15,20,12,8,17,3],[16,8,4,1,13,24,12,15,20,17,3],[16,24,12,8,20,4,1,13,15,17,3],[4,12,16,13,1,24,20,8,15,17,3],[16,20,12,4,1,13,24,8,15,17,3],[12,4,20,16,13,1,24,8,3],[8,24,20,12,4,16,13,1,3],[16,24,20,8,12,4,13,1,15,17,3],[12,4,8,20,16,13,1,24,15,17,3],[24,16,4,1,13,20,12,8,15,17,3],[16,4,1,13,12,20,24,8,15,17,3],[20,12,8,16,24,4,1,13,15,17,3],[24,4,16,13,1,12,8,20,15,17,3],[16,12,20,24,4,13,1,8,15,17,3],[16,12,20,24,4,13,1,8,15,17,3],[20,4,12,16,13,1,15,24,8,17,3],[20,4,12,16,1,13,8,24,15,17,3],[8,24,12,4,16,1,13,20,3],[8,16,12,24,20,4,1,13,3],[16,4,13,1,20,24,12,8,15,17,3],[8,20,16,24,12,13,17,4,1,3],[4,8,16,1,13,15,20,12,24,17,3],[16,24,8,20,4,13,1,3,12],[4,24,8,16,13,1,12,20,15,17,3],[12,4,24,20,8,16,1,13,15,17,3],[4,8,12,16,13,1,24,20,15,17,3],[12,16,24,8,20,4,13,1,3],[12,8,4,24,16,13,1,20,15,17,3],[20,12,24,8,16,4,1,13,15,17,3],[8,4,12,20,24,16,1,13,3],[20,8,12,4,24,16,13,1,15,17,3],[24,8,20,12,4,16,13,1,3],[4,16,13,1,8,12,24,3],[8,24,12,4,20,16,1,13,15,17,3],[20,24,16,8,12,4,13,1,3],[8,4,16,1,13,12,20,24,15,17,3],[4,16,13,1,20,12,24,8,15,17,3],[8,12,20,24,4,16,1,13,3],[8,4,12,20,16,1,13,24,15,17,3],[16,4,1,13,20,24,8,12,15,17,3],[12,4,20,16,1,13,24,8,15,17,3],[16,24,8,4,1,13,20,12,3],[12,16,20,4,1,13,24,8,15,17,3],[24,12,20,16,8,4,1,13,3],[20,24,4,8,12,16,13,1,15,17,3],[4,12,24,16,1,13,8,20,3],[4,8,16,13,1,24,20,12,3],[12,20,8,16,4,13,1,24,15,17,3],[4,12,24,20,16,1,13,3,8],[20,12,16,8,4,13,1,24,15,17,3],[4,20,12,24,16,1,13,8,15,17,3],[16,4,13,1,24,20,8,3,12],[4,16,13,1,20,8,3,24,12],[20,4,24,8,16,13,1,12,15,17,3],[20,16,24,8,4,1,13,12,3],[4,8,16,13,1,24,12,20,15,17,3],[8,16,12,4,1,13,20,24,3],[12,8,24,20,16,4,13,1,3],[8,12,24,16,4,1,13,20,3],[12,24,16,4,1,13,8,20,15,17,3],[24,8,20,12,16,4,1,13,15,17,3],[8,20,4,12,24,16,1,13,3],[4,8,24,20,12,16,1,13,15,17,3],[20,12,16,4,13,1,24,15,8,17,3],[16,20,24,4,13,1,12,15,8,17,3],[4,16,1,13,8,24,12,20,3],[4,24,16,1,13,12,8,20,15,17,3],[24,12,20,8,16,4,13,1,15,17,3],[12,8,24,4,16,1,13,20,3],[8,24,16,20,12,4,1,13,15,17,3],[16,4,1,13,24,8,12,20,15,17,3],[24,4,20,12,8,16,1,13,3],[12,16,20,8,4,1,13,24,3],[12,16,24,8,4,1,13,20,3],[12,4,20,24,8,16,13,1,3],[24,20,12,16,4,13,1,15,8,17,3],[8,24,4,12,20,16,1,13,3],[8,16,24,4,1,13,20,12,3],[24,12,20,16,4,1,13,3,8],[24,20,12,8,4,16,1,13,15,17,3],[24,8,12,20,4,16,13,1,15,17,3],[24,20,16,4,1,13,12,15,8,17,3],[4,8,24,12,20,16,13,1,15,17,3],[12,24,20,16,8,4,13,1,15,17,3],[24,16,12,8,4,13,1,20,3],[20,4,24,12,16,1,13,8,15,17,3],[4,16,1,13,24,20,8,12,3],[16,24,8,12,4,13,1,20,3],[16,8,4,13,1,20,24,12,15,17,3],[20,16,4,1,13,8,12,24,15,17,3],[20,8,12,4,24,16,1,13,15,17,3],[20,12,4,24,8,16,13,1,15,17,3],[16,24,12,4,1,13,20,8,3],[16,8,20,4,13,1,24,12,15,17,3],[12,20,8,24,4,16,13,1,15,17,3],[24,8,20,16,4,1,13,12,3],[16,24,20,12,4,13,1,8,15,17,3],[12,4,24,20,16,13,1,8,15,17,3],[4,20,24,12,16,1,13,8,3],[4,12,16,1,13,8,20,24,15,17,3],[8,24,16,20,12,4,1,13,15,17,3],[24,12,8,16,4,13,1,3],[8,20,16,12,4,13,1,24,3],[4,12,8,20,24,16,1,13,15,17,3],[12,16,20,4,1,13,24,8,15,17,3],[12,8,24,16,20,4,1,13,15,17,3],[4,8,24,16,1,13,12,20,15,17,3],[4,20,8,16,1,13,24,12,15,17,3],[8,20,16,4,13,1,3,12,24],[12,20,8,4,24,16,1,13,15,17,3],[20,8,12,24,16,4,1,13,3],[12,8,24,16,4,13,1,15,20,17,3],[12,20,16,8,24,4,13,1,3],[4,24,8,16,13,1,20,12,15,17,3],[4,16,1,13,12,8,20,24,3],[20,8,24,12,4,16,1,13,15,17,3],[12,16,24,8,4,1,13,20,15,17,3],[16,24,20,12,8,4,1,13,15,17,3],[16,8,24,4,1,13,20,12,3],[4,24,12,20,8,16,13,1,15,17,3],[24,12,4,20,8,16,1,13,3],[24,8,16,12,4,13,1,20,15,17,3],[16,20,12,4,1,13,24,8,3],[4,12,16,1,13,24,20,8,3],[24,8,20,4,12,16,1,13,15,17,3],[8,20,12,24,4,16,13,1,3],[20,24,12,8,4,16,1,13,3],[8,4,12,24,16,13,1,3],[4,20,24,8,12,16,13,1,3],[24,16,8,12,4,1,13,20,3],[12,20,8,16,4,1,13,24,15,17,3],[8,20,12,24,4,16,13,1,3],[24,4,8,16,1,13,12,20,15,17,3],[4,12,24,20,8,16,13,1,15,17,3],[24,8,20,16,4,1,13,12,15,17,3],[12,8,20,4,16,1,13,15,24,17,3],[24,8,12,16,20,4,13,1,3],[8,12,24,16,20,4,13,1,3],[12,24,4,8,16,1,13,20,15,17,3],[16,12,20,4,1,13,24,8,3],[24,8,12,4,20,16,1,13,3],[4,8,16,1,13,20,24,12,3],[24,20,12,4,16,1,13,8,3],[12,4,20,24,16,13,1,8,3],[4,20,16,13,1,12,24,8,3],[16,8,4,13,1,20,12,24,15,17,3],[12,20,8,16,24,4,1,13,15,17,3],[24,4,8,16,13,1,20,15,12,17,3],[12,4,24,16,13,1,8,20,15,17,3],[20,8,12,16,4,13,1,24,15,17,3],[20,4,24,12,8,16,13,1,3],[20,16,4,13,1,24,12,8,15,17,3],[8,12,24,20,16,4,1,13,3],[8,12,24,16,4,13,1,20,3],[8,12,4,20,16,1,13,24,15,17,3],[12,8,24,20,4,16,1,13,15,17,3],[12,16,20,24,4,13,1,8,3],[16,24,4,13,1,12,8,20,15,17,3],[20,8,12,24,16,4,13,1,3],[4,24,16,1,13,8,12,20,3],[4,12,20,8,16,13,1,24,15,17,3],[12,16,4,13,1,20,8,24,3],[4,8,16,13,1,20,24,12,15,17,3],[12,24,20,8,16,4,1,13,3],[12,24,4,20,16,1,13,8,15,17,3],[12,8,16,4,13,1,24,20,3],[24,4,20,8,16,1,13,15,12,17,3],[8,20,12,4,24,16,1,13,15,17,3],[8,12,24,4,20,16,13,1,15,17,3],[24,4,20,12,8,16,13,1,3],[24,16,12,4,1,13,8,15,20,17,3],[4,20,24,16,1,13,12,8,3],[24,16,4,1,13,12,3,8],[20,16,12,4,1,13,24,8,15,17,3],[20,16,12,24,4,13,1,8,15,17,3],[16,24,8,12,20,4,13,1,15,17,3],[4,20,12,8,16,13,1,24,3],[20,8,16,12,24,4,1,13,15,17,3],[16,24,8,12,20,4,13,1,15,17,3],[24,16,4,1,13,8,12,20,3],[8,4,16,13,1,24,12,20,15,17,3],[12,16,8,24,4,1,13,20,3],[12,8,24,16,20,4,13,1,3],[12,16,8,4,13,1,20,24,3],[16,24,12,4,13,1,8,20,3],[24,12,4,16,13,1,8,15,20,17,3],[16,8,12,24,4,1,13,15,20,17,3],[24,8,12,16,4,1,13,20,3],[24,16,20,8,4,1,13,12,15,17,3],[20,12,4,24,16,13,1,8,3],[16,8,24,12,20,4,1,13,15,17,3],[20,16,12,4,13,1,24,8,15,17,3],[8,12,4,20,16,13,1,24,15,17,3],[12,16,24,20,4,1,13,8,15,17,3],[16,24,4,1,13,12,20,8,15,17,3],[4,8,12,24,20,16,13,1,3],[8,24,12,16,4,1,13,20,3],[8,24,12,4,16,1,13,20,15,17,3],[12,24,8,20,4,16,1,13,15,17,3],[20,16,4,1,13,24,8,12,3],[12,4,8,16,1,13,20,24,3],[20,16,4,13,1,8,12,24,15,17,3],[4,24,12,20,16,13,1,8,15,17,3],[20,4,16,13,1,24,12,8,3],[4,8,16,13,1,24,20,12,3],[20,8,16,4,13,1,24,12,15,17,3],[24,20,8,12,4,16,1,13,3],[8,16,24,4,13,1,12,20,3],[8,24,20,16,4,13,1,3,12],[20,16,4,13,1,8,24,12,15,17,3],[24,20,4,16,13,1,12,8,15,17,3],[24,8,20,12,4,16,1,13,3],[8,16,24,20,12,4,13,1,15,17,3],[16,8,20,4,13,1,24,12,3],[16,20,12,4,1,13,8,3,24],[24,8,16,20,4,1,13,12,3],[16,24,12,8,4,1,13,20,15,17,3],[24,12,20,8,4,16,1,13,15,17,3],[20,4,16,13,1,8,24,12,3],[20,8,16,12,24,4,1,13,15,17,3],[4,16,1,13,8,20,12,24,15,17,3],[4,16,1,13,12,24,8,20,15,17,3],[4,16,1,13,20,12,24,8,15,17,3],[4,20,8,16,1,13,24,12,3],[4,8,24,16,13,1,12,20,3],[16,24,8,20,12,4,13,1,15,17,3],[24,12,16,8,4,13,1,20,3],[20,8,16,24,4,13,1,12,3],[16,24,20,4,1,13,3,8,12],[20,24,4,12,16,1,13,8,15,17,3],[24,4,20,12,16,13,1,8,15,17,3],[20,8,4,16,1,13,12,24,15,17,3],[4,12,8,24,16,13,1,20,15,17,3],[20,8,12,16,24,4,1,13,3],[4,8,20,12,24,16,13,1,15,17,3],[20,12,4,8,16,13,1,24,3],[8,20,16,24,4,13,1,12,3],[20,24,12,16,4,1,13,15,8,17,3],[4,24,8,16,13,1,12,20,15,17,3],[20,4,12,16,13,1,8,24,3],[4,24,12,16,13,1,8,20,15,17,3],[16,12,24,20,8,4,1,13,3],[16,12,24,20,4,13,1,8,3],[4,12,16,1,13,20,8,15,24,17,3],[20,12,16,24,4,13,1,8,15,19,3],[12,8,24,4,20,16,13,1,3],[12,4,20,24,8,16,13,1,15,17,3],[8,16,24,12,4,1,13,20,3],[4,24,20,12,8,16,1,13,3],[16,24,8,12,20,4,1,13,3],[24,8,4,16,13,1,3,20,12],[24,16,20,8,12,4,13,1,3],[24,8,20,12,4,16,1,13,15,17,3],[24,16,8,12,4,1,13,20,15,17,3],[8,12,24,4,16,13,1,20,15,17,3],[8,12,4,16,13,1,24,3],[8,24,16,12,4,1,13,20,3],[4,16,13,1,24,8,12,20,3],[4,20,8,16,1,13,24,12,15,17,3],[16,8,24,4,13,1,20,12,3],[4,8,16,13,1,24,12,20,15,17,3],[12,8,4,24,16,13,1,20,15,17,3],[20,12,8,4,24,16,1,13,15,17,3],[24,8,12,16,4,1,13,20,15,17,3],[24,8,16,12,4,1,13,20,3],[4,24,8,12,16,13,1,20,3],[8,4,12,20,24,16,1,13,3],[4,20,8,16,13,1,24,12,3],[4,24,8,12,20,16,13,1,3],[24,20,4,16,1,13,8,12,3],[24,4,16,1,13,8,12,3],[4,8,20,24,16,13,1,3,12],[12,20,4,24,8,16,13,1,15,17,3],[16,20,24,12,4,13,1,8,15,17,3],[24,16,20,8,4,1,13,12,15,17,3],[4,20,12,24,8,16,1,13,3],[8,12,4,20,24,16,13,1,15,17,3],[16,24,12,8,4,13,1,20,3],[16,24,4,13,1,8,12,20,3],[20,24,8,12,16,4,1,13,3],[20,24,4,12,8,16,13,1,3],[20,24,8,16,12,4,1,13,15,17,3],[8,24,12,16,4,13,1,20,3],[16,4,13,1,12,24,8,3],[8,24,4,12,20,16,1,13,15,17,3],[4,16,13,1,24,20,12,8,3],[16,12,4,1,13,20,8,3,24],[4,20,16,1,13,8,24,12,15,17,3],[16,8,20,24,12,4,1,13,3],[4,12,8,24,16,1,13,20,15,17,3],[8,20,12,16,4,1,13,24,15,17,3],[24,12,16,20,4,1,13,8,3],[16,24,4,13,1,12,20,8,3],[4,24,16,13,1,8,12,15,20,17,3],[12,20,4,16,13,1,24,3,8],[12,24,8,16,20,4,13,1,15,17,3],[8,20,24,4,12,16,1,13,3],[12,4,20,24,16,13,1,8,15,17,3],[24,16,4,13,1,8,12,20,3],[24,12,20,8,16,4,13,1,3],[16,12,8,20,24,4,1,13,15,17,3],[8,16,24,4,1,13,20,12,15,17,3],[4,16,13,1,24,8,12,20,3]],"n_human":7}