{"problem_id":"BoayaKgpdvTcHW5","sigma":75,"alpha":10.000,"cost":1,"probabilities":"[0.25, 0.25, 0.27, 0.23]","payoff_matrix":"[[88, -22, -27, -42, -38, -76], [52, -24, 93, -46, 26, -97], [-161, -33, -22, 61, -18, 86], [87, 79, -52, 37, 40, -133]]","uncovered":[[19,7,23,15,21,3,11,14,22,17,10,9,13,5],[23,7,11,15,13,21,19,3,14,17,9,6,22,10],[3,19,15,11,7,23,21,13,14,18,22,9,6,17,10],[23,7,3,11,19,15,21,14,13,17,10,22],[3,11,15,23,13,21,7,19,22,18,14,10,17],[19,23,3,7,11,15,14,21,22,18,17,9,5,13,10],[15,23,21,7,11,3,19,14,22,18,17,10,13],[11,19,7,3,23,15,13,21,22,18,14,10,9,17,6],[19,23,7,11,3,15,14,22,21,18,13,9,5,17,10],[11,15,19,3,23,21,7,14,13,17,9,6,22,10],[15,19,11,23,22,3,7,14,21,18,13,9,5,17,10],[7,19,3,15,11,23,22,14,13,18,17,10,9,21,5],[3,23,7,15,14,11,19,22,18,17,21,9,5,13,10],[19,3,11,15,23,21,7,14,13,18,22,9,6,17,10],[3,19,23,7,15,13,11,22,14,17,10,21],[19,7,11,23,3,15,21,13,14,18,22,10,17],[23,15,22,11,19,7,3,13,18,17,21,10,14],[23,11,19,15,13,21,7,3,22,17,10,9,14,6],[15,11,3,7,23,14,19,22,13,18,21,10,17],[19,7,3,23,15,14,11,22,21,18,17,10,13],[23,19,15,22,11,3,7,14,13,17,10,21],[7,19,23,3,11,15,13,21,14,17,10,22],[3,19,15,7,11,23,14,21,22,18,13,9,5,17,10],[23,3,15,22,11,19,7,13,18,17,21,10,9,14,5],[7,11,19,3,15,23,14,21,13,18,17,9,6,22,10],[19,11,23,7,3,15,13,22,17,14,9,5,21,10],[23,19,7,3,11,15,21,13,22,17,10,14],[3,15,11,7,19,23,13,22,18,14,21,10,9,17,6],[11,23,19,3,7,15,13,21,14,18,17,10,9,22,6],[23,7,11,3,15,21,19,13,14,17,10,22],[19,11,3,15,7,23,13,21,22,18,17,9,5,14,10],[23,15,14,11,7,3,19,22,13,17,9,6,21,10],[15,23,21,3,11,7,19,13,22,17,10,9,14,5],[7,3,15,11,23,21,19,14,13,17,9,6,22,10],[7,11,15,3,19,23,13,22,18,14,17,9,5,21,10],[23,15,14,7,11,3,19,22,21,17,9,5,10,13],[7,3,19,11,15,23,14,21,13,17,9,5,22,10],[11,23,7,19,3,15,14,21,22,18,17,9,6,13,10],[19,3,7,11,23,15,21,14,22,17,9,6,10,13],[19,23,11,15,21,3,7,14,22,17,9,6,10,13],[11,23,7,19,3,15,13,22,18,17,21,10,14],[11,23,19,7,15,13,21,3,14,17,9,5,22,10],[19,11,3,7,15,23,14,21,13,17,10,9,22,6],[15,11,23,14,3,7,19,21,22,18,17,10,9,13,5],[19,23,15,21,7,3,11,13,14,17,10,22],[19,15,3,7,11,23,14,21,22,18,17,9,6,13,10],[3,15,11,23,21,7,19,13,14,17,10,9,22,5],[23,15,14,11,19,3,7,22,13,18,21,9,5,17,10],[19,7,11,23,3,15,22,14,21,18,13,10,9,17,6],[23,19,11,3,7,15,13,21,22,17,9,6,10,14],[19,3,11,23,15,14,7,21,13,18,22,10,17],[15,7,19,23,22,11,3,14,21,18,13,9,6,17,10],[7,11,19,15,23,14,3,22,13,18,17,10,21],[15,7,19,11,3,23,14,21,13,17,10,22],[11,19,15,3,7,23,14,22,18,13,17,9,6,21,10],[19,23,11,7,3,15,22,14,13,17,9,5,21,10],[7,3,23,19,15,14,11,21,13,17,9,5,22,10],[15,11,23,14,7,3,19,21,22,17,10,13],[3,19,11,23,7,15,21,13,14,18,17,9,6,22,10],[19,15,23,21,7,3,11,14,22,17,9,5,10,13],[19,23,11,15,14,3,7,22,18,13,17,10,21],[3,7,23,15,13,21,19,11,22,18,14,9,6,17,10],[7,11,23,15,21,19,3,13,14,18,22,10,17],[11,7,15,3,19,23,22,14,13,17,9,6,21,10],[7,3,15,19,11,23,14,21,13,17,9,5,22,10],[23,19,7,11,3,15,21,13,14,18,17,10,9,22,6],[7,15,11,19,23,22,3,14,13,17,9,5,21,10],[19,7,15,23,21,3,11,13,22,17,10,9,14,5],[19,23,11,15,22,7,3,14,21,17,10,13],[19,11,7,15,3,23,14,21,13,18,22,10,17],[23,7,3,11,15,14,19,21,13,18,17,9,5,22,10],[15,11,23,21,19,3,7,13,14,18,22,10,9,17,5],[3,11,23,15,22,7,19,13,18,14,17,10,21],[23,3,15,14,7,19,11,22,13,17,9,5,21,10],[7,15,11,23,22,3,19,13,18,14,17,10,21],[23,19,7,15,14,11,3,21,22,17,9,6,10,13],[7,3,15,19,11,23,14,21,13,17,10,9,22,6],[15,7,11,23,21,3,19,14,22,18,17,10,9,13,5],[23,7,19,3,15,21,11,14,22,18,17,9,5,13,10],[11,3,15,23,14,19,7,21,13,17,10,22],[19,23,7,15,13,21,3,11,14,17,10,22],[23,11,19,3,15,13,22,7,18,14,17,10,21],[19,15,3,11,7,23,14,21,13,18,17,9,6,22,10],[7,3,15,23,14,19,11,21,22,18,17,9,6,13,10],[7,3,23,11,15,21,19,13,22,18,14,10,17],[23,7,19,11,15,13,22,3,18,14,21,9,5,17,10],[15,19,23,14,11,3,7,22,13,17,10,9,21,6],[15,3,19,11,23,22,7,13,21,17,9,5,10,14],[15,11,7,3,19,23,22,14,13,17,10,21],[23,15,14,11,3,19,7,21,13,18,22,10,17],[3,23,15,13,22,19,7,11,17,21,9,6,14,10],[23,15,14,19,11,7,3,21,13,18,22,9,5,17,10],[19,3,23,11,15,13,22,7,18,17,14,10,21],[19,11,15,7,23,21,3,14,22,17,10,13],[3,19,23,11,15,21,7,14,22,18,13,9,6,17,10],[3,15,23,14,7,11,19,22,21,18,17,10,9,13,5],[19,3,23,11,7,15,22,13,17,14,10,21],[23,19,7,3,11,15,21,14,22,17,10,13],[23,3,19,7,15,22,11,14,13,17,10,9,21,5],[3,15,11,19,7,23,13,21,22,17,9,6,10,14],[15,11,7,3,23,14,19,22,13,18,17,9,5,21,10],[11,23,3,7,19,15,21,14,13,18,17,10,22],[19,11,7,3,23,15,13,21,14,18,17,9,6,22,10],[19,15,11,7,3,23,14,21,22,18,17,10,13],[15,23,21,11,3,7,19,14,22,18,17,9,5,13,10],[7,19,11,3,15,23,21,13,22,18,14,10,9,17,5],[3,7,11,19,23,15,13,21,22,17,9,6,10,14],[11,3,23,19,7,15,13,21,22,18,17,10,9,14,6],[7,3,15,23,22,19,11,13,18,14,17,9,6,21,10],[15,19,7,23,22,3,11,14,21,17,10,13],[19,11,23,15,22,7,3,13,17,21,10,9,14,5],[7,23,11,3,19,15,14,21,22,18,13,9,6,17,10],[7,11,3,23,15,22,19,13,18,14,17,9,6,21,10],[3,15,7,19,11,23,13,21,22,18,17,9,5,14,10],[15,11,7,23,14,3,19,22,21,17,9,5,10,13],[11,3,23,7,19,15,22,14,21,18,13,9,6,17,10],[11,15,23,21,3,7,19,13,22,18,17,9,5,14,10],[23,19,11,3,15,14,7,22,13,18,21,9,6,17,10],[7,3,23,15,22,19,11,14,21,18,13,9,6,17,10],[15,3,7,19,23,13,11,21,14,18,22,9,6,17,10],[7,19,15,11,23,13,21,3,22,17,10,9,14,5],[15,7,23,22,3,19,11,13,21,18,14,9,6,17,10],[23,3,11,7,15,14,19,21,22,17,10,9,13,6],[3,11,23,19,7,15,21,14,22,17,9,5,10,13],[11,15,7,19,23,22,3,14,13,17,9,6,21,10],[11,15,19,3,7,23,14,22,21,17,9,6,13,10],[11,23,3,19,15,14,7,21,13,18,17,9,6,22,10],[15,11,7,23,21,3,19,13,14,17,10,9,22,5],[23,15,21,19,11,3,7,13,14,17,10,22],[23,11,3,15,22,7,19,13,17,21,9,6,14,10],[19,3,11,15,23,21,7,13,22,18,17,10,14],[3,7,15,23,14,11,19,22,21,17,10,13],[3,19,23,15,22,7,11,13,18,17,21,10,9,14,6],[11,7,15,19,23,14,3,22,13,18,17,10,21],[3,15,23,14,19,11,7,22,13,18,17,9,6,21,10],[3,23,11,15,22,7,19,13,14,17,9,5,21,10],[7,19,23,15,13,22,11,3,18,14,21,10,9,17,5],[3,11,23,15,13,22,7,19,14,17,9,6,21,10],[15,23,21,11,19,3,7,13,22,18,17,9,5,14,10],[19,7,11,15,3,23,14,22,13,18,21,9,6,17,10],[19,3,11,15,23,14,7,21,22,17,10,9,13,5],[3,19,23,15,21,7,11,13,14,17,9,5,22,10],[23,15,14,3,11,7,19,21,22,17,10,9,13,5],[19,3,15,7,23,21,11,13,22,17,9,5,10,14],[3,19,11,23,7,15,14,21,22,17,9,5,10,13],[19,7,11,23,15,13,21,3,22,17,10,9,14,6],[3,11,23,19,7,15,22,14,17,21,9,6,13,10],[23,3,11,19,7,15,21,14,22,18,17,9,5,13,10],[11,7,15,23,13,22,19,3,17,21,10,14],[23,19,7,3,11,15,21,13,22,17,10,9,14,5],[3,15,23,14,7,11,19,21,22,18,13,10,17],[7,11,23,19,3,15,13,21,14,17,9,5,22,10],[3,7,15,11,19,23,22,14,21,17,10,13],[3,23,15,13,22,7,11,19,18,14,21,9,5,17,10],[11,19,23,15,13,22,3,7,17,14,10,21],[23,19,3,15,21,11,7,14,13,17,9,6,22,10],[7,15,11,3,19,23,14,21,22,18,17,10,13],[15,11,19,7,3,23,14,21,22,17,9,6,10,13],[19,7,11,15,3,23,21,14,13,17,9,5,22,10],[11,19,23,7,3,15,22,13,17,14,10,21],[11,15,23,13,21,19,3,7,14,18,22,10,9,17,6],[15,11,3,19,7,23,21,13,14,17,10,9,22,5],[15,7,19,3,23,21,11,14,13,17,10,22],[7,15,23,14,11,3,19,21,22,17,9,5,13,10],[19,7,23,15,14,11,3,22,17,21,10,13],[3,7,23,19,15,21,11,14,22,18,17,10,13],[19,23,3,11,15,14,7,21,13,18,22,9,6,17,10],[3,7,11,19,23,15,21,14,13,18,17,10,9,22,6],[11,7,3,19,23,15,22,13,17,14,10,21],[15,3,23,13,22,7,11,19,18,17,14,9,5,21,10],[23,11,7,3,15,13,21,19,22,17,9,6,14,10],[19,7,15,23,22,3,11,13,21,18,14,9,6,17,10],[15,19,7,23,13,22,3,11,17,21,10,9,14,5],[7,23,15,13,21,19,3,11,22,17,9,5,14,10],[19,11,23,15,22,7,3,13,17,14,10,9,21,5],[15,19,7,3,11,23,21,13,22,18,14,10,9,17,5],[19,11,7,23,15,14,3,22,21,18,17,9,6,13,10],[7,19,11,3,23,15,14,21,22,18,17,10,9,13,6],[19,3,7,11,23,15,14,21,22,17,9,5,10,13],[7,3,11,15,23,21,19,13,14,18,17,10,9,22,5],[19,23,11,7,15,14,3,21,22,17,9,6,10,13],[3,7,11,23,19,15,14,22,13,18,17,9,6,21,10],[15,11,23,14,19,3,7,22,13,17,10,9,21,6],[15,7,23,22,3,11,19,13,18,17,14,10,9,21,6],[19,23,15,21,11,7,3,14,13,18,22,9,5,17,10],[19,7,3,23,15,13,22,11,21,18,14,9,5,17,10],[11,3,23,7,19,15,13,22,17,21,9,6,14,10],[11,19,7,23,3,15,13,21,14,18,17,9,6,22,10],[15,7,11,3,23,22,19,13,21,17,9,6,10,14],[3,19,15,23,21,7,11,13,14,17,10,22],[11,23,19,7,3,15,21,14,13,18,22,9,6,17,10],[19,23,11,15,21,7,3,13,22,17,9,5,14,10],[7,15,11,3,19,23,14,21,13,17,10,9,22,5],[11,23,7,3,15,22,19,13,18,14,21,9,6,17,10],[15,23,13,19,22,3,7,11,18,14,17,10,9,21,5],[15,3,11,7,19,23,21,14,13,17,9,5,22,10],[23,7,15,22,11,3,19,14,21,17,10,13],[11,15,3,7,23,21,19,14,13,17,10,22],[15,3,19,7,23,21,11,13,14,17,9,6,22,10],[7,15,11,19,23,14,3,21,13,18,22,9,6,17,10],[15,23,22,3,19,7,11,13,18,17,14,10,9,21,6],[15,19,3,7,11,23,14,21,22,18,13,9,6,17,10],[3,15,23,22,11,19,7,14,21,17,10,13],[15,11,19,3,23,14,7,21,22,17,9,6,10,13],[11,19,15,23,13,22,7,3,21,18,14,9,5,17,10],[3,7,15,11,19,23,13,22,18,17,21,9,5,14,10],[19,15,11,3,7,23,22,14,21,18,17,10,13],[11,19,3,23,7,15,22,13,17,14,10,21],[11,3,7,23,19,15,22,14,21,17,9,6,10,13],[15,3,23,22,7,11,19,13,17,14,10,9,21,5],[7,11,3,19,15,23,21,14,22,17,9,5,13,10],[7,19,15,23,13,22,11,3,14,18,17,10,9,21,6],[19,15,7,23,22,3,11,14,21,17,10,13],[23,15,14,7,11,19,3,21,13,17,9,5,22,10],[11,15,3,19,7,23,21,14,13,17,9,6,22,10],[3,11,23,7,15,13,22,19,21,18,14,9,5,17,10],[3,23,11,15,21,19,7,14,13,18,17,10,9,22,5],[15,11,23,21,7,19,3,14,13,17,10,22],[15,23,21,3,7,19,11,13,14,18,17,9,6,22,10],[3,23,15,21,19,11,7,14,13,18,17,10,22],[15,3,23,21,19,11,7,14,13,17,9,5,22,10],[7,19,11,23,3,15,21,14,22,17,10,13],[7,23,3,15,14,11,19,22,13,17,10,9,21,6],[7,3,19,15,23,21,11,13,14,17,10,9,22,6],[19,3,7,11,15,23,13,21,22,18,17,10,9,14,5],[11,7,15,23,14,3,19,22,13,17,10,9,21,6],[3,19,23,15,13,22,7,11,18,17,21,10,9,14,6],[23,7,19,3,11,15,22,14,17,21,9,5,13,10],[23,19,3,15,13,21,7,11,22,17,9,5,14,10],[3,23,11,15,13,22,19,7,17,21,10,14],[19,3,7,23,15,14,11,21,22,17,10,13],[11,7,3,19,23,15,22,14,13,18,21,9,5,17,10],[23,7,19,15,14,3,11,22,17,13,10,9,21,6],[7,23,19,3,11,15,14,21,13,18,17,10,22],[7,15,3,23,21,19,11,14,13,17,9,5,22,10],[19,15,23,22,11,7,3,13,17,14,10,9,21,6],[19,11,7,15,3,23,13,22,18,14,17,9,5,21,10],[7,19,11,15,23,21,3,14,22,18,17,9,6,13,10],[7,3,11,23,15,22,19,13,14,17,10,9,21,5],[19,7,11,15,3,23,21,14,22,18,17,9,5,13,10],[7,11,19,3,23,15,14,21,22,18,17,9,6,13,10],[23,3,19,11,15,14,7,22,21,18,13,9,5,17,10],[11,15,3,19,23,13,21,7,22,18,14,10,9,17,6],[19,3,11,15,23,14,7,22,17,21,10,9,13,6],[11,19,7,15,23,22,3,14,21,18,13,9,5,17,10],[15,7,3,23,14,19,11,21,22,18,17,10,13],[7,15,23,14,11,3,19,21,13,18,17,10,22],[11,3,7,15,23,13,22,19,17,21,9,6,14,10],[7,3,11,15,19,23,22,13,17,14,9,5,21,10],[7,11,3,19,23,15,13,22,18,17,14,9,5,21,10],[11,3,7,19,15,23,13,21,14,17,10,22],[23,11,19,7,3,15,21,13,14,17,10,9,22,5],[7,3,23,11,19,15,13,21,22,17,10,14],[3,7,11,19,23,15,22,13,18,17,14,10,21],[15,7,11,3,23,22,19,14,13,17,9,6,21,10],[11,23,19,15,13,22,3,7,14,18,21,10,9,17,5],[19,7,3,11,23,15,13,22,17,14,10,9,21,6],[11,23,3,19,7,15,13,21,14,18,22,9,5,17,10],[7,11,23,15,21,3,19,14,22,17,10,9,13,5],[19,23,7,3,15,22,11,14,21,17,10,9,13,5],[15,7,19,3,11,23,14,21,13,17,9,6,22,10],[11,3,15,23,22,7,19,13,21,18,17,10,14],[11,23,3,7,15,22,19,13,18,17,14,10,21],[3,23,11,7,15,13,22,19,18,17,14,10,21],[7,11,19,15,23,21,3,13,14,17,10,9,22,5],[19,15,7,11,3,23,13,21,14,17,10,9,22,6],[3,19,11,23,15,13,22,7,21,18,17,9,6,14,10],[23,11,7,3,19,15,21,14,22,17,9,5,13,10],[23,19,11,7,15,21,3,14,13,18,22,9,5,17,10],[3,7,19,23,15,22,11,14,13,17,10,9,21,6],[7,15,11,23,21,19,3,14,22,17,10,13],[15,11,19,3,23,21,7,13,22,18,14,10,9,17,6],[23,3,15,14,19,7,11,22,21,18,17,10,13],[3,7,19,11,15,23,22,14,13,18,21,9,6,17,10],[19,7,15,3,23,13,22,11,17,21,10,9,14,5],[11,19,7,23,3,15,13,21,22,18,14,10,9,17,5],[23,7,15,13,21,11,19,3,14,17,9,5,22,10],[23,3,19,11,7,15,13,21,22,17,10,9,14,6],[3,11,7,23,19,15,13,22,17,14,10,21],[23,3,19,15,22,11,7,14,17,21,9,6,10,13],[7,15,19,23,22,3,11,13,17,21,10,14],[3,7,23,11,19,15,14,21,22,17,10,9,13,5],[15,7,3,23,21,11,19,13,22,17,10,14],[3,7,23,15,13,21,19,11,14,18,17,9,6,22,10],[15,23,22,7,11,19,3,13,17,14,9,5,21,10],[23,7,17,15,22,11,3,13,14,10,21,19],[15,7,3,11,23,13,22,19,17,14,9,5,21,10],[11,19,15,23,21,7,3,14,13,18,17,9,6,22,10],[15,3,7,19,23,14,11,21,13,17,9,5,22,10],[23,7,3,19,15,22,11,13,18,17,14,9,6,21,10],[3,19,7,11,23,15,21,14,13,18,22,9,5,17,10],[3,19,23,15,22,11,7,13,17,21,10,14],[3,23,11,7,15,14,19,22,13,18,21,9,6,17,10],[19,15,23,13,11,21,3,7,22,18,14,10,17],[3,15,23,21,7,11,19,14,13,18,22,10,17],[7,15,23,22,19,11,3,13,17,14,9,5,21,10],[23,7,11,19,15,14,3,21,13,18,22,9,6,17,10],[19,23,3,15,21,11,7,14,22,18,17,9,5,13,10],[19,23,3,7,15,21,11,13,14,17,10,22],[23,11,3,15,21,19,7,14,13,17,10,22],[7,15,23,21,3,11,19,13,14,18,22,10,17],[19,7,3,23,15,21,11,14,13,18,22,10,9,17,6],[11,7,19,3,23,15,14,21,13,18,17,9,5,22,10],[15,19,11,7,23,13,21,3,14,18,22,10,17],[15,23,14,19,3,7,11,22,13,18,17,9,6,21,10],[19,11,7,15,3,23,14,21,22,18,17,10,13],[19,15,7,23,21,11,3,13,22,17,10,14],[23,11,3,15,14,7,19,22,13,18,17,9,6,21,10],[15,7,19,11,23,22,3,13,21,18,17,9,6,14,10],[23,11,15,13,22,7,3,19,17,14,10,9,21,5],[19,7,15,3,11,23,22,13,14,17,9,5,21,10],[11,19,7,23,3,15,13,22,18,17,14,10,21],[23,15,13,21,3,19,11,7,14,17,10,22],[19,15,11,3,23,21,7,13,14,17,10,9,22,6],[15,11,19,23,22,3,7,14,21,18,17,9,6,13,10],[11,7,19,3,23,15,22,14,21,18,17,10,9,13,5],[23,15,13,21,11,7,3,19,14,18,22,9,6,17,10],[7,15,11,3,23,14,19,22,13,17,10,21],[3,7,19,11,23,15,21,14,22,17,10,13],[7,15,23,13,21,19,3,11,22,18,14,9,5,17,10],[7,3,23,15,21,11,19,13,14,18,17,10,22],[23,11,19,3,7,15,14,21,13,18,22,9,6,17,10],[3,23,19,15,22,7,11,14,21,18,17,9,6,13,10],[7,23,19,3,11,15,21,14,22,17,10,13],[23,7,3,19,15,14,11,22,18,17,21,9,6,13,10],[15,19,7,11,23,13,22,3,17,14,10,9,21,5],[3,15,11,7,19,23,13,22,18,17,21,9,6,14,10],[3,11,15,7,23,14,19,21,13,18,17,9,5,22,10],[7,19,3,15,23,14,11,21,13,18,17,9,5,22,10],[23,11,19,7,3,15,13,22,17,14,9,5,21,10],[3,15,23,21,11,19,7,14,13,17,10,22],[23,7,11,3,15,14,19,22,21,18,13,10,17],[15,7,11,3,19,23,22,13,17,21,9,6,14,10],[23,11,3,15,22,7,19,14,13,18,21,10,9,17,6],[19,15,23,14,7,11,3,22,13,17,10,21],[7,19,23,11,15,21,3,14,22,17,10,9,13,5],[15,7,11,19,23,21,3,13,14,17,9,6,22,10],[11,7,15,19,3,23,22,13,21,17,9,5,10,14],[7,19,15,23,14,3,11,21,22,17,9,5,13,10],[7,19,3,15,23,14,11,21,13,18,17,9,5,22,10],[15,3,23,21,11,19,7,13,22,17,10,9,14,6],[15,7,19,3,23,13,22,11,18,14,17,9,6,21,10],[11,19,23,15,21,3,7,13,22,18,17,9,6,14,10],[19,7,23,11,15,14,3,22,13,18,17,9,6,21,10],[11,19,7,23,3,15,14,21,22,18,17,9,5,13,10],[11,19,15,7,23,14,3,21,13,17,9,6,22,10],[11,15,3,23,14,19,7,22,21,18,17,10,13],[11,19,3,7,15,23,13,22,18,14,17,10,21],[23,7,11,19,15,22,3,14,13,17,10,9,21,6],[11,3,7,23,15,13,21,19,22,17,9,5,14,10],[11,23,15,21,7,3,19,14,13,17,9,5,22,10],[15,3,23,14,19,7,11,21,22,17,9,6,13,10],[7,23,3,19,15,22,11,13,17,21,9,6,10,14],[11,7,15,3,23,14,19,21,13,18,17,10,9,22,5],[19,7,15,23,21,3,11,14,22,17,10,9,13,5],[7,11,15,19,3,23,14,21,22,17,10,13],[19,3,11,7,15,23,22,14,13,18,21,10,17],[23,11,15,21,7,19,3,13,22,17,9,5,10,14],[19,23,7,15,22,11,3,14,21,18,13,9,5,17,10],[7,15,3,11,19,23,13,21,14,17,10,9,22,6],[23,15,14,7,19,11,3,21,22,17,9,5,10,13],[7,19,11,23,15,14,3,22,17,13,9,5,21,10],[15,11,23,14,3,19,7,22,13,17,10,21],[19,3,23,15,21,7,11,13,14,18,22,10,9,17,6],[19,3,11,23,7,15,21,13,22,18,14,10,9,17,6],[3,19,15,23,21,11,7,13,14,18,17,9,6,22,10],[11,15,3,19,23,21,7,13,14,17,9,6,22,10],[11,23,3,19,7,15,14,21,13,17,9,6,22,10],[3,11,19,23,7,15,22,14,21,17,10,9,13,5],[11,7,15,23,14,19,3,22,13,18,17,10,9,21,5],[19,11,23,3,7,15,14,22,13,17,10,21],[7,19,23,15,14,3,11,22,13,18,17,10,21],[23,15,13,22,3,19,7,11,21,17,9,6,10,14],[3,15,11,19,23,21,7,14,22,18,13,10,17],[15,11,23,14,7,19,3,21,13,17,9,6,22,10],[15,23,21,7,19,3,11,13,14,18,22,9,6,17,10],[15,11,19,3,7,23,21,14,22,18,13,9,6,17,10],[23,19,15,13,21,3,7,11,14,18,17,10,9,22,5],[15,11,23,13,22,19,3,7,17,21,10,14],[3,19,7,23,11,15,22,14,13,18,17,10,9,21,6],[15,19,7,23,21,11,3,13,22,18,17,9,6,14,10],[15,11,23,21,7,19,3,13,22,18,17,9,5,14,10],[15,19,7,23,22,3,11,13,21,18,14,10,17],[3,15,19,7,11,23,21,13,22,18,17,10,9,14,5],[23,15,22,19,3,11,7,13,17,14,9,5,21,10],[7,11,15,19,23,22,3,14,13,18,21,10,9,17,6],[11,19,15,7,3,23,22,14,21,17,10,13],[23,11,7,3,19,15,13,21,22,17,10,14],[3,15,7,23,21,19,11,13,22,17,10,14],[23,3,15,22,7,19,11,14,13,17,10,9,21,5],[15,23,21,19,11,7,3,13,22,17,10,9,14,6],[3,11,19,23,7,15,22,14,17,13,9,5,21,10],[11,7,3,15,19,23,21,14,13,18,17,10,22],[3,11,23,19,7,15,14,21,13,17,10,22],[7,23,19,15,22,3,11,13,17,14,10,21],[3,7,23,11,15,22,19,14,21,18,17,10,13],[7,15,11,19,3,23,21,14,13,17,10,22],[3,7,23,19,11,15,14,21,22,18,13,10,9,17,6],[19,3,11,15,23,22,7,14,21,17,10,13],[23,15,21,7,11,3,19,13,22,17,9,5,14,10],[11,3,19,15,23,14,7,22,13,17,9,5,21,10],[15,23,21,7,3,11,19,13,22,17,10,14],[15,23,14,19,11,3,7,22,13,18,17,10,9,21,5],[11,19,23,7,15,21,3,14,13,17,10,22],[3,15,23,13,21,19,11,7,22,18,17,10,14],[19,7,11,15,23,13,21,3,22,18,14,9,5,17,10],[11,7,23,15,13,21,3,19,14,17,10,9,22,6],[3,7,15,23,13,21,11,19,14,17,9,6,22,10],[23,7,11,3,19,15,21,13,14,18,22,10,17],[15,23,14,7,3,19,11,21,22,18,13,9,6,17,10],[23,19,3,11,15,21,7,13,22,18,14,10,9,17,6],[19,7,11,3,23,15,14,21,13,17,10,22],[7,11,15,3,23,14,19,22,13,18,17,9,6,21,10],[11,7,19,15,3,23,14,22,21,17,10,9,13,5],[19,7,3,11,15,23,14,21,22,17,9,5,10,13],[15,23,14,11,3,19,7,21,13,17,9,5,22,10],[11,3,23,15,21,7,19,14,13,18,17,10,9,22,6],[7,3,11,19,15,23,21,13,14,17,10,9,22,5],[15,19,23,22,11,3,7,13,21,18,14,10,17],[23,3,19,7,15,21,11,13,14,18,22,10,17],[19,7,11,3,15,23,14,22,21,17,9,5,10,13],[11,7,23,19,15,22,3,14,17,13,9,5,21,10],[11,3,23,15,21,19,7,14,22,17,9,6,13,10],[23,11,3,7,15,22,19,13,18,17,21,9,5,14,10],[23,3,19,11,7,15,22,14,21,17,9,5,10,13],[15,23,13,21,11,7,19,3,14,18,17,10,22],[7,15,11,19,3,23,13,22,18,14,17,10,21],[23,3,15,14,11,19,7,22,21,17,10,9,13,5],[23,11,19,15,13,3,22,7,17,21,10,14],[19,23,7,3,11,15,22,14,17,13,10,9,21,5],[3,15,19,7,11,23,13,22,17,21,9,6,10,14],[3,7,15,19,23,13,22,11,14,18,17,10,21],[3,15,7,11,23,22,19,13,21,17,9,6,14,10],[23,3,19,7,11,15,21,14,13,17,10,9,22,6],[3,11,15,19,23,22,7,13,17,21,10,9,14,5],[19,7,23,11,15,22,3,14,13,17,10,21],[3,15,19,7,23,14,11,22,13,17,10,21],[11,19,23,3,15,13,21,7,14,18,17,10,9,22,5],[15,23,14,11,19,3,7,22,21,18,17,9,5,13,10],[19,3,15,23,22,7,11,14,21,17,9,5,10,13],[23,3,7,15,13,19,21,11,22,17,9,6,14,10],[19,7,15,23,21,3,11,14,13,18,17,9,5,22,10],[19,23,7,11,3,15,22,13,17,21,10,14],[11,23,7,15,21,3,19,13,22,17,10,14],[7,3,15,19,23,13,22,11,17,14,10,21],[19,3,23,11,7,15,21,13,22,18,17,10,9,14,5],[7,23,3,19,15,14,11,21,13,17,9,5,22,10],[11,7,19,3,23,15,22,13,17,14,10,9,21,5],[11,3,23,7,19,15,14,22,13,18,21,10,17],[3,7,11,23,15,14,19,21,22,17,10,9,13,6],[7,11,23,15,13,21,19,3,14,17,10,9,22,5],[15,19,7,23,21,3,11,14,13,18,17,10,9,22,5],[15,3,19,7,11,23,22,13,14,17,10,21],[7,3,23,11,19,15,14,21,13,17,10,9,22,5],[7,19,23,11,3,15,14,21,22,17,10,9,13,6],[15,23,13,11,21,19,3,7,14,18,22,10,9,17,6],[15,11,7,19,3,23,22,13,18,17,21,10,14],[23,11,3,15,13,22,19,7,17,21,10,14],[11,23,19,7,15,14,3,22,21,17,10,13],[3,11,7,15,23,21,19,13,14,18,17,9,5,22,10],[19,11,23,15,14,3,7,22,13,17,9,21,5,10],[3,7,11,23,15,14,19,22,21,18,17,9,6,13,10],[19,3,15,11,23,13,7,21,22,18,17,10,14],[23,7,15,14,19,11,3,21,13,17,10,9,22,6],[23,19,7,3,11,15,13,21,22,17,9,6,10,14],[19,7,15,3,11,23,22,13,18,14,17,9,6,21,10],[11,15,3,7,23,22,19,14,13,18,17,10,21],[11,15,23,14,19,7,3,21,13,18,17,9,6,22,10],[15,7,19,23,14,11,3,22,13,18,17,10,21],[3,7,15,23,13,21,11,19,22,17,9,6,14,10],[11,3,23,19,15,21,7,14,13,17,9,6,22,10],[19,3,11,23,7,15,22,13,18,14,21,9,5,17,10],[15,3,19,23,14,7,11,21,22,17,9,5,10,13],[7,15,11,23,14,19,3,21,13,17,9,5,22,10],[3,11,19,7,15,23,14,21,13,18,22,9,6,17,10],[15,11,23,21,7,3,19,14,13,17,9,6,22,10],[15,11,3,7,23,13,21,19,22,18,14,9,5,17,10],[19,15,23,14,7,11,3,21,13,17,9,6,22,10],[7,15,3,11,19,23,14,21,13,17,9,5,22,10],[19,23,11,7,3,15,14,21,22,17,9,5,13,10],[19,7,11,15,3,23,13,21,14,18,17,10,9,22,6],[23,11,15,22,19,3,7,13,17,21,9,5,14,10],[3,23,15,14,19,11,7,22,13,17,9,5,21,10],[11,19,15,23,21,7,3,13,14,17,10,9,22,5],[3,23,11,7,15,21,19,14,22,17,10,9,13,6],[23,3,11,7,15,22,19,14,21,17,10,9,13,6],[7,3,11,15,23,14,19,22,21,17,10,13],[3,15,23,13,22,7,19,11,17,14,10,21],[23,19,15,21,7,3,11,14,13,18,22,10,9,17,5],[23,19,15,21,11,3,7,13,22,17,9,6,10,14],[11,15,3,23,21,7,19,13,14,17,10,9,22,5],[23,19,3,15,13,21,11,7,14,17,9,5,22,10],[15,11,3,7,23,13,22,19,17,21,10,14],[23,15,21,11,7,19,3,13,22,17,10,9,14,5],[7,15,23,21,19,11,3,14,13,18,17,9,5,22,10],[15,7,19,23,13,3,21,11,22,18,17,9,5,14,10],[11,7,19,23,15,13,21,3,22,18,14,9,6,17,10],[15,23,21,3,11,19,7,13,22,17,9,5,10,14],[19,11,3,15,7,23,21,13,22,18,17,9,5,14,10],[23,19,11,15,21,7,3,13,14,18,17,9,5,22,10],[11,15,19,7,3,23,22,13,17,21,10,9,14,5],[15,19,7,3,11,23,13,21,14,18,22,9,6,17,10],[11,19,15,23,13,22,3,7,21,18,17,9,6,14,10],[3,19,7,11,23,15,14,22,21,18,17,10,9,13,6],[7,15,19,3,11,23,13,22,17,14,10,9,21,5],[7,3,19,15,23,22,11,14,21,17,9,5,10,13],[23,3,15,22,19,7,11,14,21,18,13,10,17],[11,19,23,15,14,7,3,21,22,17,10,13],[3,19,7,23,11,15,22,14,21,17,10,13],[3,19,15,23,13,21,7,11,14,18,17,10,9,22,5],[7,19,11,3,23,15,13,21,14,18,22,10,17],[15,23,22,19,3,11,7,13,17,21,9,6,10,14],[19,3,11,7,15,23,14,21,13,18,22,10,17],[19,7,11,3,23,15,21,13,14,18,22,10,9,17,6],[11,23,7,19,15,21,3,13,14,17,10,9,22,5],[15,3,19,7,11,23,21,14,13,18,17,9,6,22,10],[19,11,23,3,15,13,22,7,21,18,17,10,9,14,5],[19,3,23,15,21,7,11,14,22,18,13,10,9,17,5],[19,3,23,11,7,15,13,22,18,17,14,10,21],[19,11,15,3,23,13,21,7,14,17,9,5,22,10],[3,7,15,23,22,11,19,13,18,14,17,9,5,21,10],[7,23,15,22,11,19,3,13,17,14,10,21],[3,19,11,7,23,15,22,14,13,18,17,9,6,21,10],[19,7,23,3,15,22,11,13,21,18,17,9,6,14,10],[11,19,3,15,23,13,21,7,14,18,22,9,6,17,10],[11,19,15,7,3,23,14,21,13,17,10,22],[23,11,3,7,15,14,19,22,21,17,10,13],[15,23,14,3,7,19,11,21,13,18,17,9,5,22,10],[19,3,7,15,11,23,22,14,13,18,17,10,9,21,5],[11,23,7,19,15,13,21,3,22,18,14,10,9,17,6],[7,23,11,15,22,19,3,13,21,17,9,6,14,10],[3,11,7,23,19,15,22,14,21,17,9,6,13,10],[19,11,15,23,13,21,3,7,22,18,17,9,5,14,10],[19,3,7,11,23,15,13,22,18,14,21,10,17],[3,23,11,19,7,15,21,13,22,17,9,6,10,14],[15,19,7,11,3,23,14,21,13,17,9,6,22,10],[19,3,7,15,23,22,11,13,14,18,17,9,5,21,10],[3,23,19,7,11,15,22,13,21,18,17,9,6,14,10],[3,7,19,11,23,15,21,14,22,18,17,9,6,13,10],[23,11,15,22,7,3,19,13,17,14,10,21],[23,7,3,19,11,15,21,14,13,18,22,9,5,17,10],[11,23,19,7,3,15,22,13,21,17,10,9,14,5],[19,3,23,15,21,7,11,13,14,17,9,5,22,10],[19,23,3,15,14,11,7,21,22,18,13,9,5,17,10],[23,15,14,3,7,19,11,22,18,17,21,10,13],[19,3,15,7,23,21,11,14,13,18,22,9,6,17,10],[11,7,23,19,15,14,3,22,21,18,17,10,13],[15,7,11,3,19,23,21,13,22,17,9,6,14,10],[3,11,7,15,19,23,13,21,14,17,10,22],[23,3,19,15,13,22,11,7,14,18,17,10,9,21,6],[3,15,19,7,11,23,21,13,14,17,10,9,22,5],[11,19,15,7,3,23,22,13,17,14,9,6,21,10],[15,19,3,23,13,7,21,11,22,17,10,14],[19,11,3,15,23,21,7,13,22,18,14,10,17],[15,11,23,21,19,3,7,14,22,18,17,10,13],[23,15,14,3,11,7,19,22,13,18,17,9,5,21,10],[15,19,23,14,3,7,11,22,13,17,10,9,21,6],[15,3,23,14,7,11,19,22,17,21,9,5,10,13],[19,3,7,11,15,23,22,14,21,18,13,10,17],[7,19,3,11,23,15,14,22,21,17,9,6,10,13],[19,15,11,23,14,3,7,22,17,13,10,21],[7,3,23,11,15,14,19,21,22,18,13,10,9,17,5],[11,19,3,15,7,23,14,22,13,17,9,6,21,10],[15,11,23,13,21,3,19,7,22,18,14,9,6,17,10],[7,15,3,11,23,14,19,21,22,18,17,9,6,13,10],[11,3,19,7,23,15,13,22,17,14,9,5,21,10],[11,7,19,23,3,15,13,21,14,18,22,9,6,17,10],[7,15,19,3,11,23,22,13,17,21,10,14],[3,15,11,7,23,13,21,19,22,17,9,6,14,10],[7,23,19,3,15,14,11,22,13,17,10,9,21,5],[11,3,23,15,13,22,19,7,17,14,9,6,21,10],[11,19,7,15,3,23,21,14,13,17,10,22],[3,7,15,19,23,14,11,22,13,17,10,9,21,6],[15,3,19,23,21,7,11,14,13,18,22,10,9,17,6],[3,7,23,11,19,15,22,13,21,18,14,10,17],[23,3,15,21,11,19,7,14,22,17,10,9,13,6],[3,11,23,19,7,15,21,14,22,17,10,13],[3,11,19,7,23,15,22,14,13,18,17,10,21],[3,19,23,7,15,14,11,21,22,17,10,13],[19,11,7,3,23,15,22,13,14,17,9,6,21,10],[11,7,3,19,23,15,22,14,13,18,21,9,5,17,10],[3,19,23,11,15,22,7,13,18,14,21,9,6,17,10],[23,19,7,3,11,15,21,14,22,18,17,9,5,13,10],[11,3,7,19,15,23,22,14,21,17,10,9,13,5],[19,23,11,15,14,3,7,22,13,18,21,10,9,17,6],[7,19,23,3,11,15,13,22,18,14,17,10,21],[19,11,7,15,23,21,3,14,22,17,9,6,13,10],[11,3,15,7,23,13,21,19,14,17,9,5,22,10],[11,15,19,23,13,21,7,3,14,17,10,22],[3,11,23,7,19,15,22,13,17,21,9,5,10,14],[11,3,19,15,7,23,14,21,22,18,13,9,5,17,10],[11,7,15,23,22,3,19,14,21,17,10,13],[11,3,15,23,21,7,19,14,13,18,22,10,9,17,5],[7,3,11,19,15,23,13,22,14,18,17,10,9,21,5],[3,19,15,11,7,23,13,22,17,14,10,21],[19,15,11,7,23,14,3,22,17,21,9,5,10,13],[15,7,19,11,23,21,3,13,22,18,14,10,9,17,5],[11,15,23,14,19,7,3,22,13,18,17,9,5,21,10],[19,11,23,15,21,3,7,13,14,18,22,10,17],[7,23,3,15,22,19,11,13,17,14,10,9,21,5],[11,7,3,23,15,14,19,21,13,18,17,9,5,22,10],[19,11,23,15,13,21,7,3,14,18,22,9,6,17,10],[19,7,3,11,15,23,21,13,22,17,9,5,14,10],[15,11,19,3,23,13,22,7,18,14,17,10,9,21,5],[23,3,15,14,7,19,11,21,22,18,17,10,13],[3,23,7,19,15,14,11,22,17,13,10,21],[11,19,23,15,13,21,3,7,14,18,17,9,6,22,10],[15,3,11,19,7,23,14,21,22,18,17,9,6,13,10],[15,19,11,7,23,13,21,3,14,17,10,22],[7,19,15,23,13,22,3,11,17,14,10,9,21,6],[23,19,15,21,11,3,7,14,22,18,17,10,13],[11,19,23,15,22,3,7,13,18,14,17,9,6,21,10],[19,3,23,7,15,13,22,11,18,14,21,9,5,17,10],[19,7,3,11,15,23,14,22,21,18,13,9,6,17,10],[3,11,23,7,15,13,21,19,22,17,10,9,14,5],[23,7,19,15,14,3,11,21,13,17,10,22],[15,3,7,19,23,22,11,13,18,17,14,10,9,21,5],[7,3,23,11,15,13,22,19,14,17,9,5,21,10],[23,7,11,19,15,21,3,13,14,18,17,10,9,22,6],[15,7,3,11,19,23,14,22,21,17,10,9,13,6],[3,15,11,7,23,14,19,22,13,17,9,6,21,10],[23,11,7,19,3,15,22,13,18,14,21,10,9,17,6],[23,19,7,3,11,15,13,22,18,14,17,9,5,21,10],[23,15,21,3,19,11,7,13,14,17,10,22],[7,15,3,19,11,23,14,21,13,18,22,9,5,17,10],[7,15,23,13,22,3,11,19,21,18,17,9,6,14,10],[7,23,19,11,3,15,14,22,21,18,17,9,5,13,10],[19,11,23,15,21,3,7,14,22,18,17,10,9,13,6],[19,3,15,11,7,23,22,13,17,14,9,6,21,10],[19,11,3,15,23,22,7,13,18,17,21,10,14],[23,11,7,3,15,21,19,13,14,18,22,10,17],[15,7,3,19,11,23,14,22,13,17,10,21],[11,19,3,23,7,15,22,13,18,14,17,10,9,21,5],[19,15,23,14,7,3,11,22,21,17,9,6,13,10],[7,23,3,11,15,21,19,13,22,17,10,9,14,5],[23,15,22,11,7,3,19,14,21,18,17,9,6,13,10],[19,15,11,7,23,13,22,3,14,18,17,9,5,21,10],[7,15,3,11,19,23,21,13,22,17,9,5,14,10],[11,7,15,19,3,23,21,14,13,17,9,5,22,10],[3,19,11,7,23,15,21,13,14,18,22,9,5,17,10],[7,19,3,15,23,21,11,14,22,17,10,13],[23,19,3,15,22,11,7,14,21,18,13,9,6,17,10],[3,15,7,11,23,14,19,22,21,18,13,10,9,17,6],[7,3,19,15,11,23,14,21,22,18,17,9,5,13,10],[15,3,19,23,14,11,7,22,21,17,9,6,13,10],[19,3,7,15,23,13,21,11,14,17,10,22],[3,15,11,23,21,7,19,14,22,18,17,9,6,13,10],[3,23,7,15,14,19,11,21,13,18,17,10,22],[15,19,3,11,23,13,22,7,18,14,21,9,6,17,10],[19,15,23,13,22,11,3,7,18,17,21,9,6,14,10],[19,23,11,7,3,15,14,22,13,18,17,9,6,21,10],[7,11,23,19,15,13,21,3,22,17,9,6,14,10],[23,19,15,13,22,11,7,3,18,14,21,9,5,17,10],[11,23,19,15,21,3,7,13,22,18,14,9,6,17,10],[19,7,15,3,11,23,14,22,13,18,17,10,21],[3,11,19,15,7,23,13,21,22,17,9,6,10,14],[7,11,3,15,23,13,21,19,14,17,10,22],[11,23,15,14,7,19,3,22,13,18,17,9,6,21,10],[7,23,11,19,3,15,22,14,13,18,21,9,6,17,10],[19,15,23,21,3,11,7,14,13,18,22,9,5,17,10],[7,11,3,19,15,23,22,13,17,21,10,14],[15,19,3,7,11,23,14,22,21,18,17,10,9,13,5],[3,23,11,15,22,7,19,13,18,14,21,9,6,17,10],[23,19,15,13,21,11,3,7,14,17,9,6,22,10],[23,15,13,22,19,7,3,11,21,18,17,10,9,14,6],[23,7,3,19,11,15,22,14,13,18,17,9,5,21,10],[7,23,19,15,13,21,11,3,22,17,10,9,14,6],[3,15,7,23,22,19,11,14,21,17,10,9,13,6],[15,7,11,19,23,22,3,13,17,14,9,5,21,10],[15,7,19,23,21,11,3,13,14,17,10,9,22,5],[23,7,11,19,15,14,3,21,22,18,17,10,13],[11,19,3,15,7,23,14,22,13,18,21,9,5,17,10],[23,19,3,7,11,15,21,14,22,17,10,13],[15,19,23,14,11,7,3,21,13,18,17,9,5,22,10],[3,7,19,23,15,14,11,21,22,17,9,6,10,13],[15,11,3,19,23,14,7,21,13,18,17,9,6,22,10],[11,3,19,23,7,15,22,14,18,17,21,9,5,13,10],[15,11,7,23,13,22,19,3,18,14,17,10,21],[23,7,15,13,21,19,3,11,14,17,10,9,22,5],[23,11,3,7,15,14,19,21,22,17,10,13],[3,23,7,19,15,21,11,13,14,18,22,10,17],[23,19,11,15,22,3,7,13,17,14,10,21],[19,3,11,7,15,23,22,13,18,14,17,10,21],[7,15,23,14,19,3,11,21,13,18,22,10,17],[7,3,23,19,11,15,21,13,22,17,10,9,14,5],[3,11,15,23,22,7,19,13,14,18,21,9,5,17,10],[7,11,15,23,22,3,19,14,18,13,17,10,9,21,6],[19,23,11,7,15,14,3,21,22,17,10,9,13,5],[7,19,15,23,21,11,3,14,22,17,9,6,13,10],[19,15,23,22,3,7,11,14,13,17,9,5,21,10],[11,15,7,23,22,3,19,14,13,18,17,9,5,21,10],[23,7,19,11,15,21,3,14,22,17,10,9,13,5],[19,15,23,13,21,3,11,7,22,18,17,9,5,14,10],[7,3,11,23,15,21,19,13,22,18,17,10,9,14,5],[7,3,19,15,11,23,21,14,22,18,17,9,6,13,10],[15,19,7,23,22,11,3,14,13,18,21,10,17],[23,19,7,11,3,15,22,13,14,18,17,9,5,21,10],[7,3,23,11,19,15,13,22,18,14,21,9,5,17,10],[19,3,23,11,7,15,14,22,13,17,10,9,21,5],[19,15,3,11,23,13,22,7,14,17,10,21],[11,7,15,3,19,23,14,21,13,18,22,10,17],[7,11,19,15,3,23,14,22,13,18,21,10,9,17,5],[23,3,11,19,15,21,7,13,14,18,17,9,5,22,10],[23,3,7,15,14,19,11,21,13,17,10,9,22,5],[11,7,23,3,19,15,13,21,14,17,9,5,22,10],[23,19,7,15,14,3,11,21,13,17,10,22],[11,19,15,3,23,14,7,22,13,18,21,10,9,17,6],[3,7,23,11,19,15,22,13,18,17,14,10,9,21,5],[7,15,23,21,11,19,3,13,22,18,14,9,5,17,10],[3,15,19,7,23,21,11,13,22,18,14,9,5,17,10],[15,11,3,23,21,7,19,14,13,18,22,10,17],[23,11,19,15,21,7,3,14,22,18,17,9,5,13,10],[19,3,7,23,11,15,21,13,22,17,10,9,14,5],[19,3,15,23,13,22,7,11,18,17,21,9,5,14,10],[15,7,11,19,3,23,13,21,22,17,10,14],[15,3,23,14,7,11,19,22,13,18,21,10,17],[19,11,7,23,3,15,22,13,18,14,21,9,6,17,10],[23,11,19,15,21,3,7,13,22,18,14,10,17],[19,3,11,15,7,23,14,22,13,17,9,5,21,10],[23,3,11,19,7,15,21,13,22,17,10,14],[11,19,23,15,13,22,3,7,17,14,10,9,21,5],[15,7,11,19,3,23,21,13,22,18,17,9,6,14,10],[19,15,7,23,14,11,3,22,13,17,9,5,21,10],[7,15,23,22,3,11,19,13,17,21,10,9,14,6],[11,3,15,7,23,13,22,19,14,17,10,21],[15,11,7,23,14,19,3,22,13,18,17,9,5,21,10],[11,3,15,19,7,23,14,22,13,17,9,6,21,10],[3,19,15,23,13,21,11,7,14,17,10,22],[11,7,15,19,3,23,14,21,13,17,9,5,22,10],[7,23,11,3,15,22,19,13,18,17,21,10,14],[3,7,15,11,23,22,19,14,13,18,17,9,5,21,10],[7,11,15,23,13,22,19,3,18,14,21,9,5,17,10],[23,7,3,19,15,21,11,14,22,18,13,10,9,17,6],[7,23,11,3,15,13,22,19,17,14,10,21],[19,7,15,23,22,3,11,14,13,18,17,9,5,21,10],[15,3,19,23,14,7,11,22,13,17,9,6,21,10],[3,19,7,11,23,15,13,22,18,17,14,10,9,21,5],[11,3,7,19,15,23,21,13,14,17,10,9,22,5],[19,3,23,15,13,22,11,7,17,14,10,9,21,6],[23,3,7,11,15,13,22,19,21,18,17,9,6,14,10],[19,23,7,11,3,15,14,22,13,17,9,6,21,10],[3,11,19,7,15,23,14,21,13,18,22,10,9,17,6],[11,23,7,19,15,21,3,14,13,18,17,10,9,22,5],[23,11,3,15,13,21,19,7,14,18,22,10,9,17,5],[3,7,19,23,11,15,14,22,21,17,10,13],[11,7,3,23,19,15,22,13,18,17,21,10,9,14,6],[7,15,19,3,11,23,14,21,22,17,9,6,13,10],[15,3,19,7,23,22,11,13,17,21,9,6,10,14],[15,7,19,11,23,21,3,13,14,18,22,10,17],[7,15,11,23,22,19,3,13,17,21,10,14],[15,3,19,11,7,23,22,13,14,18,17,9,5,21,10],[3,23,7,15,14,11,19,22,18,17,21,10,9,13,6],[3,7,11,15,19,23,14,22,13,17,9,5,21,10],[3,15,11,7,19,23,22,13,17,21,10,9,14,6],[11,19,3,7,15,23,13,21,14,17,9,6,22,10],[11,19,15,23,22,7,3,13,17,21,9,5,10,14],[7,23,15,22,11,3,19,14,21,17,9,5,13,10],[23,3,7,11,15,13,22,19,17,14,9,5,21,10],[3,19,7,11,23,15,21,14,22,18,13,10,9,17,6],[23,11,3,7,15,14,19,22,18,17,21,9,6,13,10],[23,7,11,19,3,15,21,13,14,18,22,10,9,17,6],[3,11,15,7,23,14,19,22,18,13,21,9,5,17,10],[15,7,19,3,11,23,14,22,21,18,17,10,9,13,5],[15,23,13,22,11,19,7,3,17,14,9,6,21,10],[19,3,23,11,7,15,22,14,21,18,13,9,6,17,10],[19,23,15,22,11,7,3,13,17,14,9,5,21,10],[15,7,23,21,19,3,11,13,14,18,22,10,17],[11,15,19,23,22,3,7,14,13,17,10,21],[15,7,11,3,19,23,21,14,22,18,13,9,5,17,10],[23,15,13,22,3,7,11,19,17,21,10,14],[7,3,23,15,13,22,11,19,17,14,10,9,21,6],[23,7,11,15,14,3,19,22,13,18,21,10,9,17,6],[3,7,15,23,22,19,11,14,21,18,13,10,17],[3,19,11,23,7,15,21,13,22,17,10,9,14,5],[15,11,19,23,22,3,7,14,13,17,9,5,21,10],[7,15,23,21,3,11,19,13,22,17,9,5,10,14],[11,15,23,21,19,7,3,13,22,17,10,9,14,5],[7,15,19,3,23,21,11,13,22,17,9,6,10,14],[19,11,15,23,21,3,7,13,14,18,17,9,5,22,10],[3,7,23,15,14,19,11,21,22,18,13,10,17],[15,11,7,23,14,19,3,22,21,17,9,6,13,10],[19,23,11,15,14,7,3,21,13,18,17,9,6,22,10],[7,15,11,19,23,21,3,14,13,18,17,10,22],[11,7,19,15,23,14,3,21,13,18,17,9,6,22,10],[11,7,3,23,15,14,19,22,17,21,9,6,13,10],[15,7,23,22,19,3,11,13,17,21,10,14],[11,7,3,23,15,13,22,19,18,14,21,9,5,17,10],[3,23,19,11,7,15,14,21,13,17,10,22],[7,11,19,15,23,14,3,21,13,17,9,6,22,10],[15,3,11,7,23,13,22,19,17,21,10,14],[7,19,3,11,15,23,13,21,14,18,17,9,6,22,10],[3,7,11,23,19,15,14,21,13,18,22,10,17],[19,11,23,3,7,15,21,13,14,18,22,9,5,17,10],[7,23,19,3,15,22,11,14,13,17,10,9,21,5],[23,7,3,11,19,15,22,13,21,17,10,14],[19,7,3,11,15,23,22,13,18,17,14,9,6,21,10],[19,3,7,11,15,23,14,21,13,18,17,9,5,22,10],[7,3,19,23,11,15,13,22,18,14,21,9,5,17,10],[15,7,23,13,21,3,19,11,14,17,9,5,22,10],[3,19,7,15,23,14,11,22,13,18,17,10,9,21,5],[7,11,19,15,3,23,22,14,13,17,10,21],[7,23,11,19,15,14,3,21,22,18,17,9,6,13,10],[23,7,19,11,15,14,3,21,13,18,22,9,6,17,10],[19,23,3,15,14,11,7,22,21,17,9,5,10,13],[23,19,11,15,14,3,7,21,13,18,17,9,6,22,10],[15,7,19,3,11,23,13,21,22,18,17,10,14],[15,23,22,7,11,3,19,13,17,14,9,5,21,10],[3,11,15,23,22,7,19,14,21,17,10,9,13,6],[11,3,7,19,15,23,22,14,17,21,9,6,10,13],[11,19,15,23,22,3,7,13,14,17,9,5,21,10],[3,19,15,23,21,11,7,14,22,17,10,13],[7,15,3,23,13,21,11,19,22,17,10,14],[23,11,7,19,15,21,3,14,22,17,9,5,10,13],[7,11,3,23,15,21,19,14,13,17,9,5,22,10],[19,7,3,15,23,13,21,11,14,18,22,9,6,17,10],[15,19,23,21,11,7,3,13,22,18,17,9,6,14,10],[3,11,15,19,23,13,22,7,17,14,9,5,21,10],[19,3,23,15,14,11,7,21,22,18,13,9,5,17,10],[19,7,11,15,3,23,14,21,13,17,9,6,22,10],[23,3,11,7,19,15,21,13,14,18,17,10,22],[19,7,23,11,15,14,3,21,22,17,10,13],[11,23,19,3,15,21,7,14,13,18,22,9,5,17,10],[3,7,19,15,11,23,14,22,13,18,17,9,6,21,10],[23,15,21,11,7,3,19,14,22,18,17,9,6,13,10],[7,11,19,3,15,23,14,22,13,17,10,21],[3,23,19,11,15,21,7,14,13,18,17,10,22],[15,7,11,23,21,3,19,14,22,17,10,13],[15,7,23,21,19,11,3,14,22,17,9,5,13,10],[23,15,21,3,19,11,7,14,22,17,9,6,10,13],[19,15,23,22,11,3,7,13,18,14,17,10,9,21,6],[15,19,23,21,7,11,3,14,13,17,9,5,22,10],[23,7,3,19,11,15,21,14,13,17,10,22],[7,11,3,15,19,23,22,14,21,18,13,10,17],[7,3,19,15,23,21,11,13,22,18,17,9,5,14,10],[23,11,19,3,15,21,7,13,14,17,9,5,22,10],[3,23,11,15,21,19,7,13,14,17,10,9,22,6],[11,23,7,3,15,21,19,13,22,18,17,9,5,14,10],[11,3,19,15,23,22,7,13,17,21,9,6,10,14],[3,19,7,11,23,15,14,21,22,17,9,5,13,10],[11,19,3,7,15,23,21,14,13,17,9,5,22,10],[3,11,7,15,19,23,21,14,13,17,9,5,22,10],[7,3,15,19,23,21,11,13,14,18,17,10,22],[15,3,19,11,23,22,7,14,21,17,9,5,13,10],[7,23,11,19,3,15,22,14,21,17,9,6,10,13],[7,3,23,15,21,11,19,14,22,17,10,9,13,5],[19,11,7,23,15,22,3,13,17,21,9,6,14,10],[15,23,21,7,3,11,19,14,13,18,17,10,22],[15,19,7,11,3,23,13,21,22,17,9,5,10,14],[19,7,15,23,22,3,11,13,18,14,21,9,6,17,10],[7,23,11,3,15,14,19,21,22,18,17,9,6,13,10],[19,11,23,7,3,15,21,13,22,18,17,9,6,14,10],[15,3,19,11,23,21,7,14,13,17,10,22],[3,7,15,19,11,23,14,22,21,18,17,9,5,13,10],[11,23,7,15,13,21,3,19,14,18,22,10,9,17,5],[19,3,7,23,11,15,14,22,21,18,17,10,9,13,5],[7,3,11,19,23,15,22,13,18,17,21,10,14],[7,11,15,23,22,19,3,14,13,18,17,10,21],[11,19,23,3,7,15,22,14,17,13,10,21],[11,19,23,3,7,15,22,14,13,18,17,10,9,21,5],[19,15,23,14,11,7,3,21,13,18,22,10,9,17,5],[15,11,23,13,22,3,7,19,18,14,17,10,9,21,6],[23,7,15,22,19,11,3,14,13,17,10,21],[7,23,19,3,11,15,21,14,13,18,22,9,6,17,10],[15,19,11,23,13,22,3,7,17,21,10,9,14,6],[15,11,7,19,3,23,21,13,22,17,9,5,14,10],[7,23,15,22,19,3,11,13,14,18,21,9,5,17,10],[23,3,7,11,19,15,21,13,14,17,10,9,22,6],[23,3,7,15,14,19,11,21,22,17,9,6,13,10],[11,19,23,3,15,13,21,7,14,17,9,5,22,10],[11,3,7,23,15,22,19,13,17,21,9,6,14,10],[11,15,19,7,23,14,3,22,21,18,17,10,13],[23,11,15,13,21,7,19,3,22,18,17,9,5,14,10],[7,3,19,23,15,22,11,13,18,14,17,10,9,21,6],[15,11,7,23,22,3,19,13,18,14,17,10,21],[3,19,23,15,13,22,7,11,14,18,17,10,21],[15,11,7,3,23,21,19,13,14,17,10,22],[7,15,23,21,19,3,11,13,14,17,10,9,22,6],[19,15,3,7,11,23,13,22,17,21,9,6,14,10],[7,3,23,19,11,15,13,22,17,21,9,5,10,14],[7,19,23,15,14,3,11,22,21,17,10,9,13,6],[3,7,19,23,15,14,11,21,22,17,10,9,13,5],[3,23,19,7,15,13,22,11,18,14,21,9,5,17,10],[23,19,3,15,13,22,11,7,18,14,17,9,5,21,10],[15,3,11,7,19,23,13,21,14,18,17,9,5,22,10],[7,3,23,11,15,14,19,22,21,17,10,13],[7,19,23,11,15,21,3,14,13,17,9,6,22,10],[15,7,3,19,23,14,11,22,21,17,9,6,10,13],[7,3,15,19,11,23,14,21,22,17,10,9,13,6],[11,7,19,23,3,15,21,14,13,17,10,9,22,6],[3,11,7,19,23,15,21,13,22,18,17,10,9,14,5],[23,15,21,3,11,7,19,13,14,17,9,5,22,10],[23,11,3,15,14,19,7,21,22,18,17,10,9,13,5],[15,23,21,7,3,11,19,13,22,18,14,10,9,17,6],[7,15,11,23,22,19,3,13,18,17,14,9,6,21,10],[23,7,11,3,19,15,22,14,18,17,21,9,5,13,10],[11,23,7,15,22,19,3,14,21,18,13,9,6,17,10],[7,23,11,15,13,21,19,3,22,18,17,10,14],[19,11,15,3,23,14,7,21,13,18,17,10,9,22,5],[15,7,23,14,19,11,3,21,22,18,13,9,6,17,10],[19,11,7,23,3,15,14,22,21,17,9,5,13,10],[11,19,7,15,23,22,3,14,13,18,21,9,6,17,10],[7,11,23,15,21,19,3,14,13,18,17,10,22],[15,23,13,21,19,7,11,3,22,18,14,9,6,17,10],[23,19,11,7,3,15,22,14,21,18,13,10,9,17,6],[7,3,23,19,15,13,22,11,17,14,10,21],[7,15,3,19,11,23,14,22,21,17,9,5,10,13],[23,3,19,15,21,7,11,13,14,17,9,5,22,10],[19,15,23,13,22,3,7,11,18,14,17,10,21],[23,7,15,22,11,3,19,14,13,18,17,10,21],[19,23,15,22,7,3,11,13,18,14,17,9,6,21,10],[23,7,19,3,11,15,21,13,14,17,9,6,22,10],[23,3,15,14,7,11,19,22,13,17,10,9,21,5],[23,7,3,19,15,13,21,11,22,18,17,10,14],[19,23,15,21,11,7,3,14,13,18,22,9,5,17,10],[19,7,3,23,15,14,11,21,13,18,17,10,22],[3,7,19,23,15,13,21,11,22,17,10,14],[11,3,19,23,15,22,7,14,21,17,9,6,10,13],[23,3,15,21,11,7,19,14,22,18,13,10,9,17,5],[3,7,15,23,21,19,11,14,22,18,13,10,17],[3,23,15,21,19,7,11,14,13,18,22,10,17],[15,11,7,3,23,22,19,14,21,17,9,5,10,13],[19,7,23,15,21,3,11,14,13,17,9,5,22,10],[15,19,7,11,3,23,21,14,13,18,17,10,22],[19,11,23,3,7,15,13,22,18,14,17,10,9,21,5],[23,15,14,3,7,11,19,21,13,18,17,9,6,22,10],[19,7,15,3,11,23,21,14,22,17,10,9,13,6],[3,19,11,23,15,13,21,7,14,17,9,6,22,10],[19,15,7,3,11,23,14,21,13,18,22,10,9,17,6],[11,3,19,15,7,23,14,22,21,17,10,9,13,5],[3,11,23,15,22,19,7,13,18,14,21,10,17],[19,23,3,15,22,7,11,13,17,14,9,6,21,10],[15,11,7,19,23,22,3,13,17,21,10,14],[19,7,15,11,3,23,22,14,21,17,10,9,13,6],[23,19,3,7,11,15,21,13,22,18,14,9,6,17,10],[19,7,15,11,3,23,14,21,13,18,17,10,22],[7,15,3,23,22,19,11,14,13,17,9,5,21,10],[19,23,15,21,3,7,11,14,22,17,10,13],[15,11,3,23,14,7,19,21,13,18,17,10,22],[3,19,11,15,23,14,7,22,13,17,10,9,21,6],[19,23,15,14,7,11,3,22,17,21,9,5,13,10],[23,11,19,3,7,15,14,22,21,17,9,5,10,13],[19,3,11,23,15,22,7,14,13,18,17,9,6,21,10],[23,11,7,15,13,3,21,19,14,18,22,10,9,17,6],[3,11,19,7,23,15,13,21,14,17,10,9,22,5],[23,19,3,7,11,15,13,22,17,21,9,6,10,14],[3,19,23,15,21,7,11,13,22,17,9,5,14,10],[11,23,7,15,13,22,19,3,14,17,10,9,21,5],[3,11,15,7,19,23,14,22,21,17,9,6,10,13],[19,23,7,15,21,3,11,13,22,17,10,9,14,6],[23,19,11,15,13,22,7,3,18,14,17,10,21],[3,23,19,7,15,21,11,13,22,18,17,10,14],[7,11,3,15,23,14,19,22,21,17,9,6,13,10],[11,19,3,7,15,23,13,22,17,14,10,21],[7,19,11,3,15,23,21,14,22,18,17,9,5,13,10],[3,11,15,19,23,22,7,13,18,17,21,9,5,14,10],[15,23,14,7,11,3,19,22,21,17,10,9,13,5],[11,15,7,3,23,21,19,14,22,17,9,5,13,10],[15,3,19,23,21,11,7,13,14,18,22,10,9,17,6],[19,3,11,15,7,23,21,14,13,18,17,9,5,22,10],[19,3,15,23,14,11,7,21,22,17,10,9,13,6],[7,11,15,19,3,23,13,22,14,18,17,10,9,21,5],[19,15,23,13,22,11,7,3,17,21,10,9,14,6],[15,7,23,13,22,11,3,19,21,18,17,9,5,14,10],[23,7,3,11,19,15,22,14,21,17,9,6,10,13],[23,11,15,13,22,7,19,3,18,14,21,10,9,17,5],[7,15,19,3,23,22,11,14,21,18,13,9,5,17,10],[19,11,7,3,15,23,22,13,17,14,10,21],[7,19,15,3,23,13,22,11,17,14,10,21],[19,23,11,7,15,22,3,13,14,17,10,9,21,5],[23,3,11,19,15,14,7,22,13,18,17,9,6,21,10],[23,19,11,15,21,7,3,13,22,18,14,9,6,17,10],[7,19,23,3,15,21,11,13,14,17,10,22],[11,3,15,7,19,23,13,21,22,17,10,9,14,6],[3,23,7,11,19,15,21,13,22,18,14,9,5,17,10],[3,19,11,15,23,21,7,14,13,17,10,22],[19,3,11,15,7,23,21,14,13,17,9,6,22,10],[19,7,3,23,11,15,13,22,17,14,10,21],[3,19,15,23,14,7,11,22,13,18,17,9,5,21,10],[23,7,11,3,15,22,19,14,13,17,10,9,21,5],[7,15,3,11,23,22,19,13,18,14,17,9,6,21,10],[3,15,11,7,23,13,21,19,22,17,9,5,10,14],[3,7,23,15,21,11,19,14,22,18,13,9,5,17,10],[11,7,3,19,15,23,21,13,14,18,22,10,9,17,5],[23,11,19,15,21,3,7,14,22,17,10,1