{"problem_id":"eWfRxBDR16rpROT","sigma":150,"alpha":0.316,"cost":4,"probabilities":"[0.36, 0.12, 0.38, 0.14]","payoff_matrix":"[[-59, -168, 158, -197, -165, 70], [164, -296, 269, 31, 145, -93], [-140, -13, -123, 4, -87, -241], [-143, -156, -121, -22, -95, -2]]","uncovered":[[11,23,15,3,19,7,13,5,17,1,9],[7,19,23,3,11,15,13,5,9,17],[23,15,3,11,7,19,13,17,9,5],[23,19,15,3,11,7,13,17,9,5],[19,3,7,15,23,11,13,17,9,5],[19,11,3,23,7,15,5,13,17,1,9],[7,19,3,11,15,23,13,5,17,9],[11,3,7,23,15,19,5,17,9,13],[3,11,23,7,19,15,5,17,9,13],[7,15,11,23,19,3,5,17,9,13],[11,15,19,7,3,23,5,17,9,13],[23,7,3,15,19,11,5,17,13,1,9],[11,15,7,3,23,19,5,13,9,17],[7,23,3,15,19,11,5,17,9,13],[3,7,15,23,11,19,13,17,5,1,9],[11,7,19,15,3,23,13,5,17,1,9],[7,15,11,19,23,3,5,13,17,9],[11,7,19,3,23,15,5,17,13,1,9],[11,23,19,3,7,15,13,17,5,1,9],[15,23,7,11,3,19,5,17,9,13],[3,7,23,15,19,11,5,17,9,13],[19,11,7,3,23,15,5,13,9,17],[23,7,15,3,11,19,5,17,13,1,9],[3,23,11,7,19,15,13,17,9,5],[15,3,19,11,23,7,13,17,5,1,9],[15,11,7,3,19,23,5,17,9,13],[23,19,11,15,3,7,5,17,9,13],[19,3,15,7,23,11,13,17,5,9],[11,3,19,15,23,7,13,17,5,1,9],[15,23,19,3,11,7,5,13,9,17],[3,11,15,23,7,19,13,5,9,17],[19,15,11,23,7,3,5,13,17,9],[15,11,23,3,7,19,5,13,17,1,9],[15,19,23,11,7,3,13,5,17,9],[11,23,7,19,3,15,5,13,17,1,9],[7,15,3,23,19,11,13,17,5,1,9],[11,3,19,7,15,23,5,17,9,13],[7,3,23,19,11,15,5,13,9,17],[23,19,11,15,7,3,5,13,9,17],[15,23,3,7,19,11,5,13,9,17],[11,3,7,19,15,23,13,5,9,17],[3,11,23,15,7,19,5,17,9,13],[11,23,15,19,7,3,13,17,9,5],[23,15,19,3,7,11,5,13,9,17],[15,11,19,3,23,7,13,17,9,5],[23,15,11,3,19,7,5,13,9,17],[7,3,11,19,23,15,13,17,5,1,9],[23,11,19,7,15,3,5,13,9,17],[19,7,3,11,23,15,5,17,9,13],[11,19,7,23,15,3,13,17,5,9],[23,11,19,3,7,15,13,17,9,5],[23,11,19,3,15,7,13,17,9,5],[15,3,23,7,19,11,13,17,9,5],[19,3,15,23,7,11,5,13,17,1,9],[3,23,19,11,7,15,13,5,9,17],[11,7,19,15,3,23,5,13,9,17],[3,15,19,7,11,23,13,5,9,17],[11,3,23,19,15,7,5,13,9,17],[7,3,11,15,23,19,13,5,9,17],[15,7,19,23,11,3,5,13,9,17],[15,7,19,3,23,11,13,5,9,17],[7,19,11,3,15,23,5,13,9,17],[7,23,15,11,19,3,13,5,9,17],[11,19,3,7,15,23,5,13,9,17],[11,3,19,15,7,23,13,5,9,17],[3,23,11,19,15,7,5,13,17,9],[19,23,3,11,7,15,13,5,9,17],[3,19,11,7,23,15,5,17,13,9],[23,19,3,15,11,7,13,5,17,1,9],[19,23,3,7,11,15,5,17,13,9],[23,15,7,11,3,19,13,5,17,1,9],[11,7,23,15,3,19,13,17,5,1,9],[11,3,23,7,19,15,5,13,9,17],[7,19,11,15,23,3,13,5,17,1,9],[7,23,3,19,15,11,5,13,9,17],[15,23,19,11,7,3,13,17,9,5],[19,11,15,3,7,23,13,5,9,17],[19,23,3,7,11,15,5,13,17,1,9],[19,15,11,23,7,3,13,5,17,9],[3,15,7,19,23,11,13,5,17,1,9],[3,15,11,7,19,23,5,13,17,1,9],[11,3,19,15,7,23,5,17,9,13],[15,3,11,23,19,7,5,17,13,1,9],[15,11,3,23,7,19,5,17,13,1,9],[15,11,3,7,23,19,13,17,9,5],[19,7,3,23,15,11,13,5,17,1,9],[15,7,19,23,11,3,13,5,9,17],[7,23,15,11,19,3,5,13,9,17],[19,7,3,11,15,23,13,5,17,1,9],[7,23,11,19,15,3,5,13,17,1,9],[11,23,7,19,3,15,5,17,9,13],[11,23,3,15,19,7,13,17,9,5],[15,23,3,19,7,11,5,17,13,9],[19,15,3,23,7,11,5,13,17,1,9],[23,3,7,15,19,11,13,5,9,17],[7,23,3,19,15,11,13,17,9,5],[15,3,19,23,7,11,5,13,17,9],[11,15,3,7,23,19,5,17,13,1,9],[15,23,7,19,3,11,13,17,5,9],[15,7,3,11,23,19,13,5,9,17],[19,15,7,11,3,23,5,13,17,1,9],[15,11,23,3,7,19,5,17,13,1,9],[7,19,3,23,15,11,5,17,9,13],[19,3,23,7,15,11,13,17,9,5],[7,3,15,11,19,23,13,17,5,9],[11,7,19,15,3,23,5,13,17,9],[11,23,3,15,19,7,13,17,9,5],[7,23,15,3,11,19,13,5,17,9],[3,11,7,19,23,15,13,5,9,17],[23,7,19,3,15,11,13,17,9,5],[7,19,11,23,3,15,13,5,17,9],[19,23,11,15,3,7,5,17,13,9],[23,7,15,11,3,19,5,13,17,1,9],[11,3,15,19,7,23,5,17,13,9],[3,19,15,23,7,11,13,5,9,17],[11,19,15,3,7,23,5,17,9,13],[23,15,7,3,19,11,13,5,17,1,9],[11,23,7,3,19,15,13,17,9,5],[19,23,7,15,11,3,13,17,5,9],[11,19,3,15,7,23,5,13,9,17],[7,15,19,3,11,23,13,5,17,9],[7,15,11,19,23,3,13,17,5,9],[11,7,23,15,19,3,5,17,13,1,9],[23,19,11,7,3,15,5,13,17,9],[11,3,19,15,7,23,13,5,9,17],[23,19,7,3,11,15,5,13,9,17],[19,23,15,11,3,7,13,17,5,1,9],[3,23,19,7,11,15,13,5,9,17],[15,19,7,3,23,11,13,17,5,1,9],[3,23,19,7,15,11,13,5,17,9],[11,15,23,19,7,3,5,13,9,17],[3,11,19,15,23,7,5,13,17,1,9],[7,3,23,15,11,19,13,5,9,17],[15,11,3,23,7,19,13,17,5,9],[15,19,11,23,7,3,13,5,9,17],[15,11,3,19,7,23,5,17,9,13],[19,11,7,15,3,23,5,13,17,9],[11,19,15,3,23,7,5,13,17,1,9],[3,11,19,23,15,7,5,13,17,9],[11,23,15,19,7,3,5,13,9,17],[19,23,11,15,3,7,5,17,9,13],[23,19,3,11,7,15,5,13,9,17],[7,15,23,19,11,3,5,13,17,9],[19,3,15,23,7,11,5,17,9,13],[23,11,7,15,19,3,13,17,9,5],[19,15,23,7,3,11,5,17,9,13],[11,23,15,19,7,3,13,17,9,5],[15,23,19,3,7,11,5,17,9,13],[7,23,3,11,15,19,13,5,9,17],[11,15,7,19,23,3,13,17,9,5],[7,15,11,19,3,23,13,17,9,5],[15,23,3,11,7,19,13,5,9,17],[15,7,11,23,19,3,13,17,5,9],[23,3,15,11,19,7,13,5,9,17],[23,15,19,7,3,11,13,5,17,9],[23,11,15,7,19,3,5,17,9,13],[23,11,19,7,3,15,5,13,17,1,9],[11,15,19,7,23,3,5,17,13,1,9],[7,3,23,15,11,19,13,17,9,5],[7,3,11,23,15,19,13,5,9,17],[7,15,23,3,19,11,5,17,13,1,9],[23,15,7,11,19,3,13,17,9,5],[15,11,3,7,23,19,13,17,5,1,9],[15,7,3,11,19,23,5,13,9,17],[7,3,23,19,15,11,13,5,9,17],[23,19,11,3,7,15,5,13,17,1,9],[7,23,19,3,11,15,13,17,5,9],[7,23,3,19,11,15,13,17,5,1,9],[3,15,19,11,7,23,5,13,17,1,9],[23,7,3,15,19,11,5,13,9,17],[7,19,15,23,11,3,13,17,5,9],[19,7,3,23,11,15,13,5,17,1,9],[15,19,11,3,23,7,13,5,9,17],[19,11,7,15,3,23,13,17,5,9],[23,15,11,19,7,3,5,13,17,9],[23,3,19,7,15,11,13,17,5,1,9],[23,3,7,11,19,15,5,13,17,1,9],[7,19,15,3,23,11,5,13,17,1,9],[15,3,7,19,11,23,13,17,9,5],[19,3,15,7,23,11,5,17,9,13],[11,3,23,15,19,7,13,5,17,9],[11,19,7,3,15,23,5,13,17,1,9],[23,7,3,11,15,19,13,5,9,17],[3,7,15,19,11,23,13,5,17,1,9],[19,23,15,11,3,7,13,5,9,17],[19,23,15,7,11,3,13,5,9,17],[7,19,15,23,11,3,13,17,9,5],[19,7,23,3,15,11,5,17,13,1,9],[23,7,3,11,19,15,5,13,17,9],[23,15,19,7,11,3,13,17,5,9],[3,19,23,15,7,11,13,17,5,9],[11,19,7,15,23,3,5,13,9,17],[7,3,19,23,11,15,13,5,17,1,9],[15,19,11,3,23,7,5,13,17,1,9],[3,19,7,15,23,11,5,13,9,17],[7,11,23,3,15,19,13,5,17,9],[11,3,23,15,7,19,5,17,9,13],[23,11,19,15,3,7,5,13,9,17],[19,23,3,11,7,15,5,13,17,9],[15,3,11,23,7,19,13,17,5,1,9],[15,11,3,23,19,7,5,17,9,13],[11,19,3,7,15,23,5,13,9,17],[15,7,23,19,3,11,13,5,9,17],[11,3,7,19,15,23,5,17,13,9],[7,11,15,19,23,3,13,17,9,5],[15,11,7,19,23,3,13,17,5,1,9],[3,7,11,23,15,19,13,17,5,9],[7,3,19,23,15,11,13,5,9,17],[15,7,3,23,19,11,5,17,13,9],[19,23,3,15,11,7,5,17,13,1,9],[11,3,7,23,15,19,5,17,13,1,9],[23,7,3,11,15,19,13,5,17,1,9],[23,7,15,19,3,11,5,17,13,1,9],[19,11,3,23,15,7,5,17,13,9],[19,11,15,7,23,3,13,5,17,1,9],[23,11,3,7,19,15,13,5,9,17],[3,15,19,7,23,11,5,17,9,13],[11,3,7,19,15,23,5,13,9,17],[19,7,3,15,23,11,13,5,17,1,9],[19,7,23,11,3,15,5,13,9,17],[7,23,19,15,11,3,13,5,17,1,9],[15,3,19,23,11,7,13,17,5,1,9],[19,3,11,23,15,7,13,5,9,17],[7,3,15,23,11,19,5,13,17,9],[11,3,15,23,19,7,5,13,17,1,9],[15,19,11,7,23,3,13,5,17,9],[23,7,11,3,19,15,5,17,13,9],[11,19,15,23,3,7,5,17,13,9],[3,15,11,7,19,23,13,17,9,5],[3,7,11,23,15,19,5,17,13,1,9],[7,19,3,15,11,23,13,5,9,17],[3,23,7,11,15,19,5,17,13,9],[3,23,19,15,11,7,5,13,17,1,9],[23,3,15,11,7,19,5,13,17,9],[11,19,7,3,23,15,5,13,17,9],[11,19,3,23,7,15,5,13,9,17],[11,23,15,3,7,19,13,17,5,1,9],[11,3,19,15,23,7,5,17,9,13],[7,19,23,3,15,11,5,13,9,17],[3,19,23,7,15,11,5,13,9,17],[3,19,15,7,23,11,5,17,13,9],[7,23,19,3,11,15,5,17,9,13],[19,11,7,15,23,3,5,17,13,9],[15,7,11,23,3,19,13,17,5,9],[19,11,15,3,7,23,5,17,13,9],[15,23,19,7,11,3,5,13,17,9],[23,7,11,15,19,3,13,5,9,17],[23,19,3,11,15,7,5,17,9,13],[19,23,15,3,11,7,5,13,17,9],[19,15,23,7,11,3,5,17,9,13],[11,3,19,15,7,23,5,13,9,17],[23,11,15,7,19,3,5,13,9,17],[19,7,3,15,11,23,13,5,9,17],[15,3,19,7,23,11,5,13,17,9],[3,19,23,11,7,15,5,13,9,17],[23,3,11,7,15,19,5,13,9,17],[15,3,23,7,19,11,13,5,9,17],[23,11,15,7,3,19,13,17,5,9],[11,19,7,23,15,3,13,5,17,9],[19,7,15,11,23,3,5,17,13,1,9],[11,7,3,19,15,23,5,17,13,9],[23,19,7,11,3,15,13,17,9,5],[15,11,19,3,23,7,5,17,13,1,9],[7,15,3,11,23,19,5,13,9,17],[3,7,15,19,11,23,13,17,9,5],[23,3,11,19,15,7,13,5,9,17],[11,23,19,3,7,15,13,5,17,1,9],[3,23,7,15,11,19,13,17,9,5],[3,23,11,19,7,15,13,5,17,9],[3,11,15,23,7,19,13,17,9,5],[11,19,7,15,3,23,13,5,9,17],[3,7,11,15,19,23,5,17,13,1,9],[23,19,11,7,15,3,5,17,13,1,9],[7,23,3,11,15,19,13,5,17,1,9],[7,19,15,3,23,11,13,5,9,17],[15,23,11,19,3,7,5,13,17,1,9],[19,3,7,23,15,11,13,17,5,9],[3,23,19,11,7,15,13,5,9,17],[7,15,11,19,3,23,13,17,5,1,9],[7,19,11,3,15,23,13,5,9,17],[23,3,19,15,7,11,5,17,9,13],[19,23,3,11,7,15,13,17,5,9],[19,15,23,7,3,11,13,5,17,9],[19,7,3,15,23,11,13,17,9,5],[23,15,11,3,7,19,5,17,9,13],[23,15,11,19,3,7,5,17,9,13],[15,7,23,19,11,3,13,5,9,17],[7,23,19,3,11,15,5,13,17,9],[23,15,7,11,19,3,13,5,17,1,9],[3,15,23,19,7,11,13,17,9,5],[3,11,23,7,15,19,13,17,9,5],[23,3,19,11,7,15,5,17,9,13],[11,23,7,15,19,3,5,17,13,1,9],[23,3,15,19,11,7,13,17,9,5],[7,15,19,11,23,3,13,5,17,9],[3,15,11,19,23,7,13,17,9,5],[11,3,15,19,7,23,5,17,13,9],[19,7,3,11,15,23,5,17,9,13],[3,15,7,23,11,19,13,17,5,1,9],[7,23,11,19,3,15,13,5,17,9],[11,7,19,15,3,23,13,5,9,17],[23,7,15,11,19,3,5,13,9,17],[7,3,11,23,15,19,13,5,17,9],[7,11,3,19,15,23,13,17,5,1,9],[19,15,3,7,11,23,5,17,13,9],[15,11,23,19,3,7,13,5,17,9],[11,19,7,23,3,15,5,13,17,9],[11,19,15,3,7,23,13,17,5,1,9],[11,23,15,19,7,3,13,17,9,5],[11,15,3,19,7,23,5,17,9,13],[19,3,11,7,15,23,5,13,17,9],[19,7,3,23,11,15,5,13,9,17],[15,19,3,23,11,7,5,13,17,1,9],[19,23,3,15,7,11,5,13,17,1,9],[15,23,11,7,3,19,13,17,5,1,9],[19,23,15,3,7,11,5,13,17,9],[3,15,23,7,19,11,13,5,9,17],[19,3,11,15,23,7,13,5,17,9],[19,11,7,23,15,3,5,17,13,1,9],[3,19,15,7,11,23,13,17,9,5],[23,7,3,11,19,15,13,17,9,5],[7,23,11,19,15,3,5,17,9,13],[23,11,19,3,7,15,5,17,9,13],[7,23,15,11,19,3,13,5,9,17],[19,11,15,7,3,23,5,17,9,13],[3,19,7,15,11,23,5,13,17,9],[19,15,11,23,7,3,5,17,13,9],[19,3,7,15,11,23,13,17,5,9],[15,23,11,19,7,3,5,13,17,1,9],[19,23,7,11,15,3,13,5,9,17],[3,7,23,19,15,11,5,13,17,9],[3,19,23,11,15,7,13,17,5,9],[23,7,11,3,15,19,5,13,17,1,9],[7,3,11,15,23,19,13,5,17,9],[19,7,11,23,3,15,13,5,9,17],[11,3,23,15,7,19,13,17,5,1,9],[15,11,19,7,3,23,13,5,17,1,9],[15,7,11,23,19,3,13,17,5,1,9],[11,23,7,3,19,15,13,17,5,9],[3,19,11,15,23,7,5,17,9,13],[23,15,11,3,7,19,5,17,9,13],[3,23,11,15,19,7,5,17,9,13],[3,19,15,23,7,11,5,13,17,9],[23,15,19,3,11,7,13,5,9,17],[11,15,19,23,3,7,13,17,9,5],[3,23,7,19,11,15,5,13,17,1,9],[11,19,23,7,3,15,5,13,17,9],[19,7,15,11,3,23,5,13,17,1,9],[19,15,23,11,3,7,5,13,9,17],[11,7,19,3,15,23,5,17,13,1,9],[19,15,7,3,23,11,5,17,9,13],[23,19,11,15,7,3,13,5,9,17],[15,3,11,7,19,23,13,17,5,9],[19,11,23,7,3,15,5,17,13,9],[15,11,23,19,3,7,5,17,9,13],[19,7,23,15,3,11,5,17,9,13],[7,23,15,3,11,19,13,5,17,1,9],[15,7,19,11,3,23,13,17,9,5],[7,23,15,19,11,3,5,17,13,1,9],[19,11,3,23,15,7,5,13,17,1,9],[11,19,3,23,15,7,5,17,13,9],[11,3,23,15,19,7,5,13,17,1,9],[3,19,15,23,11,7,5,17,13,9],[15,3,23,19,11,7,5,17,13,1,9],[15,11,23,19,3,7,13,5,17,1,9],[7,19,23,15,11,3,13,17,5,1,9],[23,15,19,7,11,3,5,17,13,1,9],[7,15,23,11,3,19,13,17,5,9],[3,15,23,11,19,7,13,5,17,9],[19,7,23,15,3,11,5,17,13,9],[7,15,19,23,11,3,13,17,5,9],[3,7,19,23,15,11,5,13,9,17],[7,3,15,11,19,23,13,17,9,5],[11,23,19,3,15,7,5,17,9,13],[23,7,19,11,3,15,13,5,17,9],[19,3,15,11,23,7,5,13,17,9],[23,19,15,7,3,11,5,13,9,17],[23,7,11,15,19,3,5,17,13,1,9],[19,7,3,11,23,15,5,13,17,1,9],[23,3,7,15,19,11,13,17,5,9],[19,3,11,15,23,7,5,13,17,1,9],[11,19,15,23,7,3,13,17,9,5],[19,7,11,23,3,15,5,17,9,13],[15,7,19,23,11,3,13,5,17,1,9],[23,19,11,3,7,15,5,17,13,1,9],[7,11,23,19,15,3,5,17,9,13],[23,19,15,3,7,11,13,5,9,17],[23,7,19,3,15,11,13,5,9,17],[19,15,11,7,23,3,5,13,17,9],[11,3,19,7,15,23,5,17,13,9],[15,11,19,3,7,23,13,17,9,5],[23,15,3,7,11,19,5,17,13,1,9],[7,3,19,11,23,15,5,13,17,1,9],[3,7,11,15,19,23,5,13,17,1,9],[7,15,23,3,11,19,5,13,9,17],[23,3,11,15,7,19,13,5,9,17],[23,3,7,15,11,19,13,17,5,1,9],[19,11,7,23,3,15,13,17,9,5],[7,19,15,23,11,3,5,13,17,1,9],[23,15,11,19,3,7,5,17,13,1,9],[11,23,7,19,3,15,5,13,17,1,9],[23,11,3,19,15,7,13,17,5,9],[23,15,3,11,7,19,13,5,9,17],[11,3,7,19,15,23,13,17,9,5],[19,3,11,15,7,23,13,17,5,1,9],[7,15,19,11,23,3,5,17,13,1,9],[23,15,7,19,3,11,5,17,13,9],[7,23,3,11,19,15,13,17,9,5],[23,11,3,7,15,19,5,13,17,9],[15,7,19,11,23,3,5,13,9,17],[7,11,15,19,23,3,5,17,9,13],[3,15,19,23,7,11,5,13,9,17],[19,7,15,3,11,23,13,5,17,1,9],[15,19,11,3,7,23,5,13,17,9],[19,11,23,15,7,3,13,17,9,5],[19,23,11,7,3,15,13,17,5,9],[11,3,15,23,7,19,13,5,17,1,9],[19,15,7,3,11,23,13,5,9,17],[7,11,19,15,3,23,5,17,9,13],[23,7,3,15,11,19,5,17,9,13],[11,3,19,7,15,23,5,13,17,1,9],[11,7,3,19,15,23,5,17,9,13],[19,3,15,7,23,11,5,13,17,9],[7,3,15,19,11,23,5,17,13,9],[3,19,7,15,11,23,13,5,9,17],[3,15,23,11,7,19,5,13,17,1,9],[3,19,23,11,7,15,13,17,9,5],[3,19,11,15,7,23,5,13,17,1,9],[23,3,11,7,15,19,5,13,17,9],[11,15,3,23,19,7,13,5,17,9],[15,19,23,11,7,3,13,17,9,5],[19,3,23,11,15,7,13,17,5,1,9],[23,15,19,3,7,11,5,17,9,13],[7,23,3,15,19,11,13,5,17,9],[11,15,19,3,7,23,13,5,9,17],[15,7,23,11,19,3,5,17,13,1,9],[15,23,11,19,7,3,13,17,5,1,9],[11,7,23,19,15,3,5,13,9,17],[3,11,19,7,23,15,13,5,17,9],[11,15,19,7,23,3,5,13,9,17],[15,7,19,23,3,11,5,17,13,9],[15,23,11,7,3,19,5,17,13,1,9],[23,3,19,7,11,15,13,17,9,5],[7,15,23,11,3,19,13,5,17,9],[23,7,3,15,11,19,13,5,17,9],[19,11,3,15,23,7,5,17,13,1,9],[19,7,15,23,3,11,5,13,17,9],[3,23,19,15,7,11,5,17,13,9],[11,19,23,3,7,15,5,13,9,17],[15,11,23,7,19,3,13,17,5,9],[15,7,3,23,19,11,13,17,5,9],[15,11,3,23,7,19,5,13,17,9],[3,15,11,7,23,19,5,13,17,1,9],[23,19,7,3,11,15,13,17,9,5],[19,15,11,7,23,3,13,17,9,5],[7,3,11,15,19,23,13,17,5,1,9],[23,19,7,15,3,11,13,5,9,17],[7,23,15,11,19,3,5,17,13,1,9],[11,23,7,3,19,15,13,5,9,17],[7,19,3,11,15,23,5,17,9,13],[3,23,19,7,15,11,5,13,17,1,9],[19,15,11,23,3,7,13,5,17,1,9],[3,7,15,19,23,11,5,17,9,13],[19,3,23,7,15,11,5,13,9,17],[11,3,15,7,19,23,5,13,17,1,9],[19,15,23,11,3,7,5,17,9,13],[7,23,15,19,3,11,5,13,17,1,9],[3,23,11,7,19,15,13,5,17,1,9],[3,23,7,11,19,15,5,17,9,13],[19,23,15,3,7,11,5,17,13,1,9],[19,23,11,15,3,7,5,13,9,17],[15,19,7,11,23,3,13,5,17,9],[23,19,3,7,15,11,13,17,5,9],[3,7,23,15,19,11,5,13,17,1,9],[7,11,23,15,19,3,13,17,5,1,9],[3,7,15,11,23,19,13,5,9,17],[11,15,19,7,3,23,13,17,5,9],[19,3,11,7,23,15,5,13,9,17],[11,15,23,7,3,19,13,17,9,5],[7,19,15,11,3,23,13,17,5,9],[3,11,19,15,23,7,13,5,17,1,9],[3,15,19,11,7,23,13,17,9,5],[7,19,11,23,3,15,13,17,9,5],[19,23,3,11,7,15,13,5,9,17],[15,19,3,23,11,7,5,13,9,17],[3,7,23,19,11,15,13,5,17,1,9],[3,23,11,19,7,15,5,17,9,13],[11,23,7,19,15,3,5,13,17,9],[7,19,15,23,3,11,13,5,17,1,9],[11,15,7,3,19,23,5,17,9,13],[23,19,15,11,7,3,5,13,17,9],[23,15,7,11,3,19,5,13,9,17],[7,19,15,23,3,11,13,5,17,1,9],[3,23,11,19,7,15,13,5,17,1,9],[11,15,23,7,3,19,13,5,17,9],[19,23,11,15,7,3,5,17,9,13],[7,11,3,19,15,23,5,17,9,13],[23,19,3,7,11,15,5,17,13,1,9],[3,19,7,23,15,11,5,17,13,9],[23,11,7,19,3,15,13,5,9,17],[19,3,23,7,11,15,13,17,9,5],[19,7,23,11,3,15,5,17,9,13],[23,19,15,11,3,7,13,5,9,17],[19,23,11,3,15,7,13,5,17,9],[7,11,19,15,23,3,13,17,5,1,9],[15,11,3,23,19,7,5,17,13,1,9],[7,19,11,23,15,3,13,5,17,1,9],[3,15,7,19,11,23,5,13,9,17],[7,19,23,11,3,15,13,17,9,5],[23,7,19,11,15,3,13,17,9,5],[11,3,15,23,19,7,5,13,9,17],[3,23,15,11,19,7,5,17,9,13],[7,19,3,11,15,23,13,5,17,1,9],[7,19,15,11,23,3,13,5,9,17],[3,11,7,23,15,19,5,13,17,9],[7,19,23,11,3,15,5,17,9,13],[15,23,7,19,11,3,5,17,9,13],[19,23,7,3,15,11,13,17,5,9],[3,23,15,7,19,11,5,13,9,17],[3,11,15,23,7,19,5,13,9,17],[7,19,3,11,15,23,13,5,9,17],[15,23,3,19,11,7,5,13,9,17],[11,19,23,7,3,15,13,5,17,1,9],[11,19,15,3,7,23,13,17,9,5],[11,3,23,7,15,19,13,17,5,1,9],[11,15,3,7,23,19,13,17,5,9],[19,23,7,15,11,3,13,17,5,1,9],[23,15,7,11,3,19,13,17,5,1,9],[23,11,15,3,19,7,5,17,9,13],[7,3,11,23,15,19,13,5,17,9],[3,19,7,11,15,23,5,17,9,13],[15,11,23,3,7,19,5,13,17,1,9],[19,15,23,11,3,7,13,17,5,1,9],[23,15,7,11,3,19,13,17,5,9],[19,15,3,7,23,11,13,17,5,9],[15,3,11,19,23,7,5,13,17,9],[23,3,11,15,19,7,13,5,17,1,9],[3,23,11,7,19,15,5,13,17,1,9],[3,11,7,23,15,19,13,5,9,17],[19,11,7,23,15,3,13,17,5,9],[3,19,11,15,7,23,5,17,13,1,9],[7,23,11,19,15,3,13,5,9,17],[19,23,15,3,7,11,5,13,17,1,9],[23,19,15,3,7,11,5,13,17,1,9],[3,19,7,11,15,23,5,17,9,13],[3,23,7,11,19,15,5,13,9,17],[19,23,15,11,3,7,13,5,9,17],[7,3,11,19,15,23,5,17,13,9],[23,7,19,15,11,3,5,17,13,9],[11,15,7,23,19,3,13,5,9,17],[23,7,15,3,19,11,5,13,9,17],[15,23,19,3,11,7,13,5,17,9],[11,3,23,19,15,7,5,17,13,1,9],[3,23,7,19,15,11,13,5,9,17],[7,15,19,3,11,23,13,17,9,5],[11,19,7,15,23,3,13,17,9,5],[23,19,15,7,11,3,13,5,17,1,9],[23,3,19,7,11,15,13,17,5,9],[7,19,23,3,11,15,13,5,17,9],[7,23,3,19,11,15,13,17,5,1,9],[23,7,11,3,15,19,13,5,17,1,9],[11,3,15,7,19,23,13,5,9,17],[23,19,15,3,11,7,13,17,5,9],[23,11,7,19,15,3,13,17,5,9],[3,19,23,15,11,7,5,13,9,17],[11,7,23,19,15,3,5,13,9,17],[11,15,23,3,7,19,5,17,9,13],[11,19,3,7,15,23,13,5,9,17],[23,3,11,15,19,7,13,17,5,1,9],[15,11,3,19,23,7,13,5,9,17],[15,19,7,11,3,23,13,5,17,1,9],[19,3,23,15,11,7,5,17,9,13],[3,15,23,7,19,11,5,13,9,17],[19,23,3,7,11,15,13,5,9,17],[3,19,15,23,11,7,13,17,5,9],[15,19,11,7,23,3,13,5,9,17],[3,19,7,11,15,23,5,17,13,9],[3,15,7,23,11,19,13,5,17,1,9],[15,19,3,7,11,23,13,17,9,5],[19,3,11,7,15,23,13,5,9,17],[19,23,11,7,15,3,5,17,9,13],[15,23,19,3,7,11,13,5,9,17],[23,3,7,11,15,19,13,5,9,17],[15,23,19,3,7,11,13,5,9,17],[3,23,15,11,19,7,13,17,9,5],[7,3,23,19,11,15,13,17,5,1,9],[23,3,15,19,11,7,5,17,9,13],[3,7,19,23,11,15,13,17,9,5],[3,15,19,23,11,7,13,17,5,1,9],[3,7,23,15,11,19,13,5,9,17],[11,23,7,15,19,3,5,13,17,9],[3,7,11,19,15,23,13,5,9,17],[11,3,19,23,7,15,13,5,17,1,9],[3,23,19,15,11,7,13,5,17,1,9],[23,7,3,15,19,11,5,13,9,17],[15,11,3,19,23,7,13,5,9,17],[3,19,23,11,15,7,13,5,17,9],[11,19,7,23,15,3,5,17,9,13],[11,23,7,15,19,3,13,5,17,1,9],[7,19,3,15,23,11,5,17,13,1,9],[3,11,7,15,23,19,5,13,17,1,9],[23,15,19,3,7,11,5,13,9,17],[7,23,19,3,11,15,13,5,17,1,9],[23,3,11,15,19,7,13,5,9,17],[7,3,19,15,23,11,13,17,9,5],[3,11,23,7,19,15,5,13,17,9],[11,19,23,7,3,15,13,17,9,5],[15,11,7,23,19,3,5,13,9,17],[15,19,3,7,23,11,13,17,9,5],[7,19,11,15,3,23,13,17,5,1,9],[15,7,11,23,19,3,5,17,9,13],[19,11,23,15,3,7,13,5,9,17],[11,19,3,7,23,15,5,17,13,9],[15,3,23,7,11,19,13,5,9,17],[15,7,3,11,23,19,13,5,9,17],[19,15,23,11,7,3,13,17,5,9],[11,3,15,19,23,7,13,5,17,9],[7,23,19,11,3,15,13,5,9,17],[3,7,15,11,19,23,13,17,9,5],[19,23,15,11,7,3,5,13,17,9],[11,23,19,15,7,3,5,13,9,17],[7,3,15,23,11,19,13,17,5,1,9],[11,15,23,3,19,7,13,17,5,1,9],[11,3,19,15,7,23,5,17,13,9],[3,19,23,15,7,11,5,17,9,13],[7,11,3,15,19,23,13,17,9,5],[3,11,7,23,15,19,5,17,13,1,9],[23,19,15,3,11,7,5,13,9,17],[15,23,7,3,11,19,13,5,17,9],[3,19,11,15,23,7,13,17,5,1,9],[23,11,15,7,19,3,13,17,9,5],[23,15,11,3,7,19,5,13,17,9],[15,23,11,19,7,3,13,5,9,17],[19,7,3,11,23,15,13,17,9,5],[7,23,15,3,11,19,5,17,13,1,9],[3,19,11,23,7,15,13,5,9,17],[23,15,7,19,11,3,13,17,5,9],[15,11,7,3,23,19,5,13,17,1,9],[23,19,11,3,7,15,13,5,17,1,9],[3,15,19,11,7,23,13,5,9,17],[19,15,23,3,11,7,5,13,9,17],[15,11,19,23,7,3,13,17,5,1,9],[11,15,7,23,19,3,5,17,9,13],[19,15,7,3,11,23,13,5,17,1,9],[23,7,15,11,3,19,13,17,5,1,9],[3,7,19,23,15,11,13,17,5,1,9],[19,15,11,7,23,3,13,17,9,5],[3,23,19,7,15,11,13,17,9,5],[7,19,23,15,11,3,5,13,17,9],[3,23,15,11,7,19,13,5,17,1,9],[7,15,3,19,23,11,5,13,17,1,9],[7,15,19,23,11,3,5,13,9,17],[7,15,19,11,3,23,13,17,9,5],[15,19,3,11,7,23,13,17,5,9],[15,11,3,19,23,7,13,17,5,9],[11,15,3,23,19,7,13,17,5,9],[23,3,19,15,11,7,5,17,9,13],[3,19,7,23,15,11,13,17,5,1,9],[19,23,11,7,15,3,5,17,13,1,9],[19,15,11,23,3,7,5,17,13,9],[23,19,3,7,15,11,13,17,5,9],[19,11,15,23,7,3,5,13,9,17],[3,23,19,11,15,7,5,13,17,1,9],[23,19,7,15,3,11,5,13,9,17],[3,15,7,11,19,23,5,13,9,17],[15,7,11,19,3,23,13,5,17,1,9],[3,11,15,7,23,19,13,5,9,17],[15,7,11,23,19,3,5,13,9,17],[15,19,23,11,3,7,5,13,17,9],[19,23,3,11,7,15,13,17,5,1,9],[15,11,23,3,7,19,5,17,13,1,9],[15,3,7,23,11,19,13,5,9,17],[15,7,3,19,23,11,13,17,5,9],[23,11,3,7,19,15,5,17,13,9],[19,15,3,23,11,7,13,5,17,1,9],[11,19,3,23,7,15,5,17,9,13],[19,23,15,7,11,3,13,5,9,17],[11,7,15,19,23,3,13,5,9,17],[23,15,7,19,11,3,5,17,9,13],[23,15,7,11,19,3,5,13,17,9],[7,11,19,3,15,23,5,17,9,13],[15,11,23,19,3,7,5,17,9,13],[19,15,3,11,7,23,13,17,9,5],[11,15,3,19,23,7,13,17,9,5],[7,19,23,15,3,11,13,5,17,1,9],[19,7,11,23,3,15,13,17,5,9],[15,3,19,23,7,11,5,13,17,1,9],[11,19,23,3,15,7,13,5,17,1,9],[19,15,3,11,23,7,13,17,9,5],[3,11,7,19,15,23,13,5,9,17],[15,19,23,3,11,7,5,17,9,13],[23,15,3,19,7,11,13,17,5,9],[19,15,7,11,23,3,5,17,9,13],[11,7,19,3,15,23,13,5,17,1,9],[3,7,11,23,15,19,5,13,9,17],[11,19,23,7,3,15,5,13,17,9],[11,19,23,15,3,7,5,13,9,17],[7,19,3,15,11,23,5,17,9,13],[7,15,3,23,19,11,13,17,5,9],[7,3,11,23,15,19,5,17,13,9],[19,3,15,7,23,11,5,17,9,13],[3,15,7,11,23,19,5,17,9,13],[11,15,19,23,3,7,13,17,5,9],[3,19,11,23,7,15,13,5,17,9],[19,7,11,3,23,15,13,17,9,5],[23,15,7,19,11,3,13,5,9,17],[23,11,3,7,19,15,13,5,9,17],[11,7,3,23,19,15,5,13,9,17],[19,15,7,23,11,3,5,13,17,1,9],[11,7,15,3,23,19,5,13,17,9],[23,19,3,7,15,11,13,5,17,9],[15,19,7,23,3,11,5,17,13,9],[3,23,11,19,7,15,5,17,13,1,9],[15,19,7,23,11,3,13,17,5,1,9],[11,19,7,15,23,3,5,17,13,9],[23,7,15,19,3,11,5,13,17,9],[15,7,23,11,3,19,5,17,13,1,9],[23,11,3,15,19,7,13,5,17,9],[23,15,19,7,3,11,13,17,5,1,9],[19,23,7,11,3,15,13,17,9,5],[23,11,7,15,19,3,5,13,9,17],[11,19,23,3,15,7,5,13,9,17],[11,23,15,7,3,19,5,17,13,9],[11,23,15,7,19,3,13,5,17,1,9],[19,3,7,11,23,15,5,17,13,9],[15,23,19,3,7,11,13,5,9,17],[3,23,7,11,15,19,5,13,17,1,9],[19,15,7,11,23,3,13,5,9,17],[7,23,15,11,19,3,5,13,9,17],[7,15,19,3,23,11,5,13,9,17],[15,19,23,11,7,3,5,17,9,13],[19,15,11,7,3,23,13,5,17,9],[23,15,3,11,7,19,13,5,17,1,9],[19,3,11,15,23,7,13,17,9,5],[23,7,11,15,19,3,13,5,9,17],[23,3,15,11,19,7,5,17,9,13],[19,3,23,11,7,15,13,5,17,1,9],[23,7,3,15,11,19,5,13,17,1,9],[15,23,3,7,19,11,13,17,9,5],[7,11,15,23,19,3,5,13,17,1,9],[23,3,7,11,15,19,5,17,13,1,9],[23,19,7,3,11,15,5,13,17,9],[7,23,11,15,19,3,13,17,9,5],[19,11,7,3,15,23,5,17,9,13],[3,23,7,19,15,11,5,17,9,13],[23,11,15,19,7,3,5,13,17,1,9],[19,3,23,7,15,11,13,5,17,1,9],[15,11,23,3,7,19,13,17,9,5],[15,19,11,23,3,7,5,17,9,13],[23,19,7,3,15,11,13,17,5,9],[7,23,11,3,15,19,5,17,13,1,9],[19,7,23,11,15,3,5,13,17,9],[11,15,19,3,23,7,13,17,9,5],[7,3,23,15,11,19,5,13,9,17],[19,11,7,3,23,15,13,17,9,5],[3,11,23,19,7,15,5,17,9,13],[15,19,11,3,23,7,5,17,13,9],[15,7,19,3,11,23,5,13,9,17],[15,11,19,7,23,3,13,5,9,17],[19,23,11,7,3,15,5,13,9,17],[7,11,23,15,3,19,13,5,9,17],[11,19,15,7,3,23,13,17,9,5],[7,3,23,11,19,15,5,17,9,13],[23,3,19,7,15,11,13,17,5,9],[7,15,19,23,3,11,5,13,9,17],[11,23,7,3,15,19,5,13,17,1,9],[3,7,15,23,11,19,5,17,9,13],[19,3,23,7,11,15,5,13,17,9],[7,3,11,23,15,19,5,13,17,9],[7,19,23,15,11,3,13,5,9,17],[7,3,19,23,11,15,13,5,17,9],[7,11,23,15,19,3,13,5,9,17],[3,11,7,19,15,23,13,5,9,17],[7,19,15,23,3,11,5,13,9,17],[7,3,11,15,23,19,5,17,13,1,9],[7,3,19,11,23,15,13,17,5,9],[15,23,7,3,11,19,13,17,9,5],[11,3,23,7,15,19,5,17,13,1,9],[7,15,23,19,3,11,13,17,5,1,9],[15,3,7,11,19,23,13,5,9,17],[15,23,19,7,11,3,5,13,17,1,9],[15,11,7,3,19,23,5,13,9,17],[7,15,11,3,19,23,13,5,17,9],[3,23,19,11,15,7,5,13,9,17],[19,23,15,11,3,7,5,13,17,1,9],[7,15,3,11,19,23,5,13,17,9],[19,7,11,3,23,15,13,17,5,9],[19,11,15,23,7,3,5,13,9,17],[15,19,11,3,23,7,13,17,5,1,9],[11,19,23,3,15,7,5,13,17,1,9],[7,11,23,3,15,19,13,5,9,17],[3,23,19,15,7,11,5,17,9,13],[15,11,19,23,3,7,13,5,17,9],[15,11,23,3,7,19,5,17,9,13],[3,11,19,7,23,15,5,17,13,1,9],[15,3,7,11,23,19,13,5,17,1,9],[15,23,11,19,3,7,5,17,9,13],[23,3,7,15,19,11,13,5,17,1,9],[7,19,3,23,11,15,13,5,17,9],[3,11,15,23,19,7,13,17,5,9],[7,23,11,19,15,3,5,13,17,1,9],[15,11,3,19,23,7,5,17,9,13],[11,23,3,7,15,19,13,5,9,17],[23,3,19,11,7,15,13,17,5,1,9],[19,15,23,3,7,11,5,13,17,1,9],[7,3,23,11,19,15,5,17,9,13],[7,23,15,19,3,11,5,17,9,13],[23,11,3,7,19,15,5,13,9,17],[15,3,19,7,23,11,5,13,17,9],[11,23,19,7,3,15,5,17,9,13],[23,7,3,19,15,11,5,13,17,1,9],[3,15,7,11,19,23,13,5,17,1,9],[19,11,23,3,15,7,5,13,17,9],[19,23,15,7,11,3,13,5,9,17],[3,7,19,15,23,11,5,13,17,1,9],[15,19,11,23,3,7,5,17,9,13],[23,15,7,19,11,3,13,17,5,9],[23,11,15,3,19,7,5,13,17,1,9],[23,7,3,19,11,15,13,17,5,9],[7,23,19,15,3,11,13,5,9,17],[7,23,3,19,11,15,13,5,9,17],[11,19,3,15,7,23,5,17,13,1,9],[19,15,11,7,23,3,5,17,13,9],[23,19,7,15,3,11,5,17,9,13],[19,23,7,15,11,3,13,17,9,5],[23,19,3,15,7,11,13,17,5,1,9],[3,15,11,23,7,19,5,13,9,17],[3,7,23,15,19,11,5,13,9,17],[7,3,23,15,19,11,5,17,9,13],[15,7,3,23,11,19,13,5,9,17],[3,23,11,19,7,15,13,5,9,17],[15,3,23,11,7,19,5,17,13,1,9],[15,11,23,7,19,3,5,17,13,9],[7,15,23,11,19,3,13,17,5,9],[11,3,23,15,7,19,13,17,5,9],[11,19,7,15,3,23,13,17,5,9],[3,7,15,19,23,11,5,17,9,13],[3,11,15,7,23,19,5,13,9,17],[3,19,11,15,23,7,5,17,9,13],[11,3,15,23,19,7,13,5,17,9],[3,15,11,7,23,19,13,5,17,9],[7,3,15,19,23,11,5,13,17,9],[19,7,3,15,23,11,5,13,17,1,9],[3,7,15,19,23,11,5,17,9,13],[19,11,23,7,15,3,13,17,5,9],[11,3,7,23,19,15,5,13,9,17],[11,3,7,15,19,23,5,17,13,1,9],[23,11,19,15,7,3,5,17,13,9],[11,23,15,19,3,7,13,5,9,17],[23,19,11,15,7,3,5,13,9,17],[3,7,19,11,23,15,13,17,5,1,9],[23,15,3,19,7,11,5,17,13,9],[3,15,23,11,19,7,5,13,9,17],[19,3,15,7,11,23,5,13,17,1,9],[11,19,15,3,23,7,5,17,13,9],[11,7,15,19,23,3,5,17,13,9],[3,15,23,19,11,7,5,13,17,1,9],[7,19,15,23,3,11,13,17,9,5],[7,11,15,3,19,23,5,13,9,17],[3,11,7,15,23,19,5,13,17,1,9],[23,3,15,11,19,7,13,5,17,1,9],[19,3,11,23,15,7,13,5,9,17],[15,11,23,7,19,3,13,17,5,1,9],[3,15,23,19,11,7,13,5,9,17],[7,11,23,15,19,3,13,5,9,17],[15,23,11,19,3,7,13,17,9,5],[19,7,3,15,23,11,5,17,9,13],[15,19,11,3,23,7,5,13,17,9],[19,7,23,15,3,11,5,17,9,13],[23,11,19,3,15,7,5,17,13,1,9],[19,23,15,11,3,7,13,5,17,1,9],[15,19,23,3,11,7,13,17,5,9],[7,19,15,3,23,11,13,17,9,5],[7,15,23,19,3,11,5,13,9,17],[15,11,7,23,19,3,13,17,9,5],[23,19,3,11,7,15,13,5,17,9],[7,3,19,15,11,23,5,13,17,9],[15,11,3,23,19,7,5,13,9,17],[11,15,3,7,23,19,13,5,17,9],[7,3,15,11,19,23,13,17,5,1,9],[3,7,15,11,23,19,13,5,9,17],[7,15,23,3,19,11,13,5,9,17],[11,19,23,7,15,3,5,17,13,1,9],[19,23,7,15,3,11,13,5,9,17],[11,7,23,15,3,19,5,17,13,1,9],[11,15,23,3,19,7,13,5,9,17],[3,15,19,7,11,23,13,17,5,9],[11,7,15,23,19,3,13,5,17,1,9],[7,23,11,15,3,19,5,17,9,13],[15,23,19,3,7,11,5,13,17,1,9],[19,11,7,15,3,23,13,17,5,9],[19,23,15,11,7,3,13,17,9,5],[7,15,11,23,3,19,5,13,9,17],[19,3,23,15,7,11,5,17,9,13],[3,19,15,7,23,11,5,17,9,13],[11,7,23,15,3,19,13,17,9,5],[23,19,15,11,7,3,5,13,17,1,9],[11,15,23,3,7,19,13,17,9,5],[23,7,15,19,11,3,5,13,17,9],[15,23,7,19,3,11,5,13,17,9],[15,19,11,23,3,7,5,13,17,9],[11,3,19,23,15,7,5,17,13,9],[23,11,3,19,15,7,5,13,17,1,9],[3,23,7,19,15,11,13,5,17,9],[19,11,3,15,7,23,5,13,9,17],[3,23,11,15,7,19,5,17,9,13],[19,7,11,3,23,15,5,17,9,13],[3,11,19,23,7,15,13,5,17,1,9],[7,19,23,15,11,3,5,17,13,9],[11,19,3,23,15,7,13,17,9,5],[3,23,11,7,15,19,13,5,17,1,9],[19,3,11,7,23,15,5,13,9,17],[7,15,23,11,3,19,5,13,17,9],[7,3,23,19,11,15,13,17,9,5],[15,3,11,7,23,19,13,5,17,9],[19,15,7,11,3,23,5,17,9,13],[3,15,23,19,11,7,13,5,17,9],[15,11,7,3,23,19,13,5,17,9],[7,23,11,3,15,19,5,17,9,13],[15,3,11,23,19,7,13,5,17,9],[11,19,23,7,15,3,5,13,17,9],[15,23,19,7,11,3,5,13,17,9],[19,15,7,11,23,3,5,13,17,1,9],[23,3,19,11,15,7,5,17,13,9],[23,7,19,11,15,3,13,5,9,17],[7,23,15,11,3,19,13,5,9,17],[3,7,11,19,15,23,5,17,13,9],[19,3,15,23,11,7,13,5,9,17],[11,19,3,7,15,23,13,17,5,9],[3,11,19,7,15,23,5,17,13,1,9],[3,7,11,23,15,19,13,17,5,9],[3,15,11,19,7,23,5,17,9,13],[11,15,23,3,7,19,13,17,5,1,9],[15,7,19,3,23,11,13,17,5,1,9],[15,7,23,3,11,19,13,5,17,1,9],[19,3,15,23,11,7,13,5,17,9],[3,11,15,23,19,7,13,17,5,9],[3,23,7,11,19,15,13,17,5,9],[19,11,7,3,15,23,5,17,13,9],[19,23,15,3,7,11,5,17,13,9],[11,23,15,7,3,19,5,17,9,13],[15,3,23,7,11,19,13,5,9,17],[3,7,11,15,23,19,5,17,13,9],[11,7,19,3,15,23,5,13,9,17],[19,7,15,3,23,11,5,17,9,13],[23,15,7,19,11,3,5,13,9,17],[7,15,3,23,11,19,5,17,13,9],[23,3,7,15,11,19,5,13,9,17],[19,11,15,7,23,3,5,17,9,13],[11,23,15,7,19,3,13,5,17,1,9],[7,15,23,19,3,11,13,5,9,17],[15,19,7,23,11,3,13,5,17,1,9],[23,11,3,19,15,7,13,17,9,5],[3,11,7,23,19,15,13,17,9,5],[11,7,3,23,19,15,13,5,17,9],[23,3,15,19,11,7,13,17,9,5],[11,23,3,15,7,19,5,13,17,9],[23,11,3,7,19,15,13,17,5,9],[11,15,7,23,3,19,13,17,9,5],[3,23,7,15,11,19,5,13,9,17],[23,19,7,11,15,3,5,17,9,13],[3,19,11,7,23,15,5,17,13,1,9],[19,23,15,11,7,3,13,17,5,1,9],[11,23,19,3,15,7,13,17,5,1,9],[3,23,11,19,15,7,13,5,17,9],[7,3,15,23,11,19,13,17,9,5],[7,23,11,19,15,3,13,5,17,1,9],[7,19,23,3,11,15,13,17,5,9],[19,15,7,11,23,3,13,5,17,1,9],[15,3,19,23,7,11,13,17,9,5],[23,11,7,15,3,19,5,13,17,1,9],[7,3,19,11,23,15,5,17,9,13],[15,7,23,11,19,3,5,17,13,1,9],[15,3,11,23,19,7,5,17,9,13],[11,7,23,19,3,15,13,17,9,5],[19,7,11,23,15,3,5,17,9,13],[7,15,23,11,19,3,13,17,9,5],[7,23,11,15,3,19,5,13,17,9],[19,15,7,11,3,23,13,17,9,5],[19,3,23,11,15,7,13,5,17,9],[15,19,7,23,11,3,5,13,17,9],[15,19,23,11,7,3,5,17,9,13],[15,23,11,7,19,3,13,5,17,9],[3,23,19,7,15,11,5,13,17,1,9],[19,11,7,3,23,15,13,17,5,1,9],[15,23,3,7,11,19,5,13,17,9],[3,19,11,7,15,23,13,17,5,9],[7,23,15,19,3,11,13,17,5,1,9],[23,11,15,3,7,19,13,5,17,1,9],[23,19,15,11,7,3,13,17,9,5],[7,11,23,3,15,19,13,17,9,5],[15,11,19,3,23,7,13,17,9,5],[23,11,15,19,7,3,13,5,17,1,9],[3,19,7,15,11,23,13,5,9,17],[15,11,3,23,19,7,5,17,13,9],[7,15,3,23,19,11,5,17,13,9],[7,23,11,3,19,15,13,17,9,5],[3,15,23,7,11,19,13,5,9,17],[19,23,15,3,7,11,5,17,9,13],[19,7,3,23,15,11,13,17,5,9]],"n_human":7}