{"problem_id":"f2xpn3YCjwjoU5x","sigma":150,"alpha":3.162,"cost":4,"probabilities":"[0.25, 0.11, 0.47, 0.17]","payoff_matrix":"[[-43, -227, 158, 10, 183, -227], [-67, 119, -155, -121, 80, 347], [-143, 61, -68, -11, -10, 26], [-98, 184, 187, 112, 133, -222]]","uncovered":[[23,15,11,3,19,7,21],[23,15,19,3,7,11,5,17],[15,3,7,11,23,19,5,17],[19,11,3,7,23,15,21],[11,23,7,15,19,3,21],[7,3,11,23,15,19,5,21,13,17],[3,11,23,19,15,7,21],[11,19,3,7,15,23,5,21,13,17],[3,11,15,23,19,7,5,17],[7,11,3,23,19,15,5,17],[19,7,23,11,15,3,5,17],[15,11,19,7,23,3,21],[7,19,3,15,11,23,21],[15,3,7,23,19,11,5,21,17],[7,23,3,19,15,11,21],[19,3,7,11,15,23,5,21,17],[11,7,19,15,23,3,21],[7,23,3,19,15,11,5,17],[7,23,19,3,15,11,21],[11,19,15,23,7,3,5,17],[19,3,11,23,15,7,5,17],[15,23,11,3,19,7,21],[15,7,23,3,11,19,21],[11,23,19,3,7,15,5,21,13,17],[19,23,7,15,3,11,21],[7,11,19,23,15,3,21],[11,19,15,3,23,7,5,21,17],[7,3,19,23,15,11,21],[7,3,15,19,23,11,5,21,17],[15,7,3,23,19,11,21],[15,19,11,7,3,23,5,21,17],[19,7,3,15,23,11,21],[19,7,11,3,15,23,21],[15,19,11,23,7,3,5,17],[15,3,23,11,7,19,21],[11,19,3,15,7,23,5,21,17],[7,11,19,15,3,23,5,21,17],[23,3,7,15,11,19,5,21,17],[23,15,7,3,19,11,5,21,17],[19,7,15,3,23,11,5,21,13,17],[19,3,15,23,7,11,21],[19,3,15,11,7,23,5,21,17],[23,19,11,3,15,7,21],[15,7,23,3,11,19,21],[7,23,15,3,11,19,5,17],[19,15,3,23,7,11,21],[15,23,11,3,19,7,5,17],[23,19,3,15,11,7,21],[11,7,19,15,3,23,21],[23,7,3,11,19,15,21],[15,7,3,23,19,11,21],[3,23,7,19,11,15,21],[19,11,23,3,15,7,5,17],[15,3,19,11,7,23,21],[7,23,3,15,19,11,5,21,17],[11,7,3,15,19,23,21],[7,11,3,15,23,19,21],[19,3,7,23,11,15,21],[7,19,15,11,23,3,5,21,13,17],[3,7,11,19,15,23,21],[23,15,7,3,11,19,21],[15,11,19,7,3,23,5,21,17],[7,19,23,11,3,15,5,21,13,17],[19,7,23,3,11,15,21],[3,19,15,11,7,23,21],[23,11,7,19,3,15,21],[15,3,23,7,11,19,21],[3,11,15,19,7,23,5,21,17],[15,23,3,11,7,19,5,21,17],[19,23,11,7,15,3,21],[11,3,19,23,15,7,21],[15,7,11,23,19,3,5,17],[3,11,7,19,23,15,5,17],[7,15,11,3,19,23,5,21,13,17],[7,3,11,15,19,23,5,17],[23,15,3,7,19,11,21],[15,23,7,19,3,11,21],[7,11,15,19,23,3,5,21,17],[7,15,3,19,23,11,21],[11,7,3,15,23,19,21],[7,19,3,15,11,23,5,17],[23,7,3,15,19,11,5,21,17],[15,7,11,19,23,3,21],[11,3,23,7,15,19,21],[15,23,11,7,19,3,21],[15,7,19,23,3,11,21],[7,23,19,11,15,3,21],[3,23,15,19,7,11,21],[7,11,15,19,23,3,21],[11,15,7,23,19,3,21],[15,11,3,23,19,7,5,17],[19,23,7,3,11,15,5,17],[11,19,15,3,23,7,21],[15,23,19,11,7,3,21],[11,23,15,19,7,3,21],[3,7,23,19,15,11,21],[7,15,19,3,23,11,5,21,13,17],[11,19,3,15,7,23,5,21,17],[23,15,19,11,3,7,21],[7,19,3,15,11,23,21],[3,15,11,19,7,23,21],[23,15,11,7,19,3,5,21,17],[15,3,19,11,7,23,5,17],[3,19,15,23,7,11,5,21,17],[19,11,3,15,23,7,5,21,17],[3,19,11,15,7,23,5,17],[7,11,15,3,19,23,21],[15,7,19,23,3,11,5,17],[11,15,19,23,3,7,5,21,13,17],[7,15,23,11,3,19,5,17],[19,11,7,3,23,15,21],[15,23,11,19,7,3,21],[15,11,23,19,3,7,21],[7,15,11,23,3,19,5,21,17],[11,19,7,3,15,23,5,17],[15,23,7,19,11,3,5,17],[23,3,19,7,15,11,21],[19,11,15,7,3,23,21],[7,3,15,19,23,11,21],[23,3,15,19,11,7,21],[15,3,19,11,7,23,21],[19,3,15,23,7,11,21],[7,23,19,15,11,3,21],[23,15,7,11,19,3,21],[3,19,7,15,11,23,5,13,21,17],[7,15,3,23,19,11,5,21,13,17],[3,15,23,7,11,19,21],[15,19,7,23,11,3,5,13,21,17],[7,15,19,3,23,11,5,21,13,17],[11,23,3,7,15,19,5,21,17],[11,3,15,19,23,7,21],[15,23,11,19,3,7,5,21,17],[11,15,19,7,3,23,5,21,13,17],[15,3,19,23,7,11,5,21,17],[23,15,19,11,3,7,5,21,17],[23,11,7,19,3,15,21],[11,15,23,7,3,19,5,13,21,17],[3,23,11,15,7,19,5,21,17],[23,15,3,19,7,11,5,21,13,17],[7,15,19,23,11,3,5,21,13,17],[3,23,7,11,15,19,21],[19,11,15,3,23,7,5,17],[23,11,3,7,19,15,5,21,17],[11,23,15,7,19,3,5,21,17],[11,3,19,23,15,7,21],[11,3,19,15,7,23,21],[7,3,19,11,15,23,5,13,21,17],[19,7,11,3,23,15,5,17],[19,3,7,15,23,11,21],[7,3,23,15,11,19,21],[19,7,11,3,23,15,5,17],[19,7,3,15,11,23,5,21,17],[3,23,19,7,11,15,5,21,17],[15,23,3,7,19,11,21],[23,7,19,3,15,11,5,21,17],[19,23,7,11,3,15,21],[3,7,19,23,15,11,5,21,17],[23,19,7,11,3,15,5,21,13,17],[7,23,15,3,19,11,5,21,13,17],[11,23,7,19,3,15,5,17],[7,11,15,23,19,3,21],[23,19,3,11,15,7,5,21,13,17],[7,11,3,19,15,23,5,21,13,17],[19,23,11,15,7,3,5,17],[15,19,11,23,7,3,21],[19,3,7,15,11,23,21],[3,11,15,7,23,19,21],[15,23,3,7,11,19,21],[23,19,3,15,7,11,5,21,17],[7,15,19,3,11,23,21],[3,23,11,19,15,7,21],[23,11,3,15,19,7,5,17],[15,7,23,19,11,3,5,21,17],[19,7,15,23,11,3,21],[11,3,15,23,19,7,5,17],[7,23,15,3,19,11,21],[11,19,15,23,7,3,5,17],[3,15,11,23,19,7,21],[19,7,3,15,23,11,21],[15,11,23,19,7,3,21],[3,23,19,11,15,7,5,13,21,17],[23,15,3,19,11,7,21],[11,7,15,23,3,19,21],[19,15,7,23,3,11,21],[7,15,3,19,23,11,5,21,13,17],[3,19,7,23,15,11,5,17],[7,19,23,11,3,15,5,17],[23,7,11,19,3,15,5,17],[15,3,11,19,7,23,5,21,17],[19,15,3,11,7,23,21],[3,15,19,7,11,23,5,21,17],[7,23,19,11,15,3,21],[15,23,3,7,11,19,21],[11,7,19,15,23,3,21],[15,11,7,3,19,23,21],[15,23,3,7,19,11,21],[3,7,19,23,15,11,5,17],[3,7,11,23,19,15,5,21,17],[11,19,23,7,3,15,21],[15,11,19,7,3,23,21],[19,3,7,11,15,23,21],[15,23,11,3,19,7,21],[23,15,7,19,11,3,21],[7,3,19,23,11,15,21],[23,7,15,3,19,11,21],[15,3,11,7,23,19,5,21,17],[15,11,7,19,3,23,21],[15,19,11,3,23,7,5,17],[3,15,19,11,7,23,21],[3,15,19,23,11,7,21],[15,7,3,11,23,19,21],[19,15,23,3,11,7,5,21,17],[11,23,15,7,3,19,5,17],[11,23,7,15,19,3,21],[15,19,3,11,7,23,5,21,13,17],[19,3,7,23,11,15,21],[11,23,15,7,19,3,5,17],[15,23,19,7,3,11,21],[3,15,23,11,19,7,5,21,17],[23,15,7,19,3,11,21],[15,19,3,23,7,11,5,21,17],[7,3,15,11,23,19,5,17],[23,15,11,3,19,7,5,17],[15,11,19,3,23,7,5,21,17],[23,15,7,11,19,3,5,21,13,17],[23,3,7,15,19,11,5,17],[3,7,19,15,11,23,5,17],[23,11,19,3,7,15,21],[23,7,11,15,3,19,21],[11,23,7,19,15,3,5,17],[11,15,23,3,7,19,5,17],[7,23,15,11,19,3,5,21,13,17],[15,7,3,19,11,23,21],[19,23,3,7,11,15,21],[7,3,19,23,11,15,5,21,17],[3,7,11,23,19,15,21],[7,15,19,11,3,23,5,21,13,17],[7,19,23,3,15,11,5,13,21,17],[19,3,7,11,23,15,21],[3,11,7,23,15,19,21],[3,23,11,15,7,19,5,17],[11,7,3,19,23,15,5,21,17],[3,11,23,7,15,19,5,21,13,17],[15,11,3,23,7,19,21],[15,3,23,19,11,7,21],[15,11,7,19,3,23,21],[19,11,15,3,7,23,21],[3,23,11,7,19,15,5,21,17],[11,7,19,3,23,15,21],[15,11,7,23,3,19,5,17],[11,19,15,3,23,7,5,17],[19,7,23,15,11,3,5,21,13,17],[7,11,19,23,15,3,21],[7,15,11,23,19,3,21],[23,3,15,19,7,11,5,21,13,17],[7,19,11,23,15,3,5,17],[19,23,7,11,15,3,5,17],[11,23,15,7,3,19,5,17],[7,11,19,23,3,15,5,21,17],[19,11,7,15,23,3,5,17],[19,11,7,23,3,15,5,17],[15,3,19,11,23,7,21],[19,11,15,7,23,3,21],[7,15,11,23,3,19,5,17],[11,23,15,3,19,7,5,21,17],[15,11,7,23,19,3,21],[3,11,7,23,15,19,5,17],[7,23,11,19,3,15,21],[15,23,3,11,7,19,5,21,13,17],[23,7,3,11,19,15,21],[19,3,15,23,11,7,5,21,17],[15,7,19,23,3,11,5,17],[7,11,15,3,19,23,21],[11,3,15,19,23,7,21],[15,23,11,3,7,19,5,17],[7,15,23,3,19,11,5,21,17],[11,7,15,3,19,23,5,17],[7,3,23,15,19,11,5,21,17],[23,15,11,19,3,7,21],[7,3,23,15,11,19,21],[23,11,15,7,3,19,21],[3,23,11,19,7,15,21],[11,3,19,7,23,15,21],[15,3,7,19,23,11,21],[15,23,19,7,11,3,5,21,17],[11,7,23,19,15,3,5,17],[3,15,19,7,23,11,21],[3,15,19,11,23,7,5,21,13,17],[23,3,7,11,15,19,21],[11,3,15,19,23,7,5,21,13,17],[7,15,3,19,11,23,21],[7,11,19,15,3,23,5,21,13,17],[15,23,11,19,7,3,21],[11,15,19,23,3,7,5,13,21,17],[19,7,11,3,15,23,5,17],[11,3,7,15,19,23,5,17],[15,7,19,3,23,11,21],[19,3,11,7,23,15,5,21,17],[15,11,7,3,23,19,5,17],[3,23,15,7,11,19,21],[23,19,3,11,15,7,21],[19,15,3,11,23,7,5,21,17],[15,11,3,19,23,7,21],[11,15,3,19,7,23,5,21,17],[7,19,23,11,3,15,5,17],[23,19,7,11,15,3,21],[19,3,23,11,15,7,21],[15,7,23,3,11,19,21],[11,19,7,3,23,15,21],[23,15,11,3,19,7,21],[7,3,19,11,15,23,21],[7,3,11,15,19,23,21],[11,19,3,23,15,7,21],[7,19,15,23,11,3,5,21,13,17],[23,11,19,7,3,15,21],[15,19,7,11,3,23,5,13,21,17],[11,19,15,3,7,23,21],[19,3,23,11,7,15,21],[7,19,3,23,11,15,21],[7,3,15,11,23,19,5,17],[15,19,23,7,11,3,21],[15,3,19,23,11,7,5,21,13,17],[19,15,11,7,23,3,5,17],[23,3,7,11,15,19,5,21,17],[19,3,7,15,23,11,21],[7,19,15,23,11,3,21],[7,3,23,15,11,19,5,17],[23,11,3,19,15,7,5,21,17],[3,15,23,11,19,7,21],[11,3,23,15,19,7,21],[23,7,3,15,19,11,5,21,13,17],[23,19,11,7,15,3,5,21,13,17],[23,7,15,11,19,3,5,21,17],[19,7,15,23,3,11,5,17],[7,23,19,11,3,15,21],[19,15,3,7,23,11,21],[19,11,15,7,23,3,21],[15,11,3,7,19,23,5,17],[7,3,19,11,15,23,5,21,17],[3,15,19,7,23,11,5,21,13,17],[7,19,11,15,23,3,21],[3,19,23,7,11,15,21],[11,23,3,15,19,7,21],[11,15,23,19,7,3,21],[15,3,23,7,11,19,5,17],[23,15,7,3,11,19,21],[3,11,19,23,7,15,5,17],[7,3,11,15,23,19,5,21,13,17],[19,11,3,23,15,7,21],[23,7,3,15,19,11,5,21,13,17],[23,19,11,15,3,7,21],[23,19,15,3,7,11,5,21,17],[3,19,7,23,15,11,5,17],[23,11,7,3,19,15,21],[19,11,23,3,15,7,5,17],[15,3,19,11,23,7,21],[11,7,23,19,15,3,21],[3,23,11,15,19,7,21],[3,19,15,11,23,7,21],[7,3,23,11,19,15,5,17],[7,11,19,23,15,3,21],[3,15,23,19,7,11,21],[3,23,19,11,7,15,5,21,17],[15,11,19,7,23,3,5,17],[11,15,23,3,19,7,21],[23,19,11,3,15,7,5,17],[7,3,23,15,19,11,5,17],[15,11,23,7,19,3,5,17],[11,3,15,23,19,7,5,21,13,17],[23,15,7,3,11,19,5,13,21,17],[3,11,15,23,7,19,21],[3,15,23,19,7,11,5,21,17],[15,19,7,23,11,3,5,21,13,17],[23,7,19,15,3,11,21],[23,19,7,15,11,3,21],[7,3,11,15,23,19,5,21,17],[3,23,7,19,15,11,5,17],[11,23,19,3,7,15,21],[19,23,3,11,7,15,5,21,13,17],[15,19,3,7,11,23,5,21,17],[7,19,11,15,3,23,5,21,17],[15,19,7,3,23,11,21],[11,19,23,7,15,3,5,21,17],[3,11,19,23,15,7,21],[19,23,11,15,3,7,5,17],[19,11,15,23,7,3,5,21,13,17],[15,3,23,7,19,11,5,17],[7,19,3,23,15,11,5,17],[11,3,15,7,23,19,21],[15,11,7,19,23,3,21],[11,7,3,19,23,15,21],[11,15,23,19,3,7,5,17],[15,11,7,19,23,3,21],[23,11,15,7,3,19,5,17],[15,7,23,19,3,11,5,21,17],[19,11,15,3,7,23,5,17],[11,19,3,7,15,23,5,21,13,17],[15,7,11,3,23,19,21],[3,7,11,23,15,19,5,21,17],[15,11,7,3,23,19,5,21,17],[19,7,23,15,11,3,5,21,17],[7,15,23,3,19,11,5,13,21,17],[15,7,19,23,3,11,21],[11,3,23,15,7,19,21],[19,15,11,23,7,3,21],[3,15,23,7,19,11,21],[15,3,19,23,7,11,21],[15,3,11,23,7,19,5,17],[11,15,23,7,19,3,5,21,13,17],[19,3,23,7,11,15,21],[3,15,7,19,23,11,5,21,13,17],[23,11,3,7,15,19,5,17],[7,11,19,15,23,3,5,21,13,17],[15,3,7,11,19,23,5,17],[3,23,7,15,19,11,21],[15,11,3,23,7,19,21],[11,7,23,15,19,3,5,17],[23,15,19,7,3,11,21],[15,23,7,3,11,19,5,21,17],[11,15,23,19,3,7,21],[7,23,3,15,19,11,21],[23,15,11,7,3,19,5,21,17],[11,19,7,23,3,15,5,17],[7,15,23,11,19,3,5,21,17],[23,15,19,3,11,7,5,17],[19,7,23,3,15,11,21],[15,7,3,19,23,11,21],[7,11,19,3,15,23,5,21,13,17],[15,3,7,19,11,23,5,21,13,17],[7,3,19,11,15,23,5,17],[19,7,3,23,15,11,5,21,17],[11,19,7,3,15,23,21],[3,11,19,23,7,15,5,17],[15,3,23,19,7,11,21],[23,7,3,11,19,15,21],[7,3,19,15,23,11,21],[19,15,3,7,11,23,21],[19,23,7,15,11,3,5,17],[3,15,7,11,19,23,5,17],[3,23,11,7,19,15,5,21,17],[19,23,7,3,15,11,5,21,17],[19,23,15,7,3,11,5,17],[15,11,3,23,19,7,5,21,17],[19,23,7,15,11,3,5,21,17],[7,15,3,11,23,19,21],[3,23,7,15,11,19,21],[15,19,23,7,11,3,5,21,13,17],[23,11,3,7,19,15,21],[7,23,19,11,3,15,5,17],[11,7,15,23,19,3,5,21,13,17],[7,19,3,23,15,11,5,17],[19,7,23,3,11,15,21],[23,15,3,11,19,7,21],[11,7,3,15,23,19,21],[23,7,3,11,19,15,21],[7,19,23,3,11,15,5,21,13,17],[23,15,3,7,11,19,5,17],[11,15,23,7,3,19,21],[15,11,7,19,3,23,5,21,17],[7,19,23,15,3,11,21],[23,3,7,11,15,19,5,17],[11,7,23,15,3,19,21],[11,15,23,7,19,3,5,17],[15,7,23,19,11,3,5,21,17],[19,7,3,23,11,15,5,21,17],[7,19,3,15,23,11,5,21,17],[19,11,3,7,23,15,21],[23,15,3,7,11,19,5,21,17],[3,11,7,23,19,15,5,21,13,17],[15,23,7,19,3,11,5,17],[23,15,19,7,11,3,21],[23,11,3,19,7,15,21],[7,19,11,3,23,15,21],[7,15,23,11,19,3,5,17],[11,3,15,7,19,23,5,17],[11,3,23,15,19,7,5,17],[19,7,23,11,15,3,21],[3,11,7,15,23,19,21],[23,11,3,15,7,19,21],[15,19,7,11,3,23,21],[19,3,11,23,7,15,21],[7,23,15,11,19,3,5,21,13,17],[23,19,7,3,15,11,5,17],[3,11,7,23,15,19,5,21,13,17],[23,11,19,15,7,3,21],[15,23,19,3,11,7,21],[11,19,3,23,7,15,5,21,13,17],[23,15,3,11,19,7,5,13,21,17],[19,15,23,3,7,11,5,21,17],[23,15,3,19,7,11,5,21,13,17],[3,15,11,23,19,7,5,21,13,17],[7,19,15,3,23,11,5,21,13,17],[19,11,23,7,3,15,21],[15,23,19,11,7,3,21],[11,15,19,23,3,7,5,21,13,17],[15,11,7,23,3,19,21],[7,11,3,19,15,23,21],[3,15,23,7,11,19,21],[23,15,19,7,11,3,5,17],[15,7,11,23,3,19,21],[7,15,3,11,19,23,21],[11,7,15,23,3,19,21],[19,3,11,23,7,15,21],[15,23,11,3,19,7,5,21,17],[19,7,23,3,11,15,5,21,17],[15,11,19,7,23,3,5,21,17],[7,11,19,15,23,3,21],[3,23,19,15,7,11,21],[23,7,15,11,3,19,21],[19,11,23,3,7,15,5,17],[15,23,3,11,19,7,5,17],[15,11,7,23,19,3,21],[7,19,3,15,23,11,21],[11,15,7,3,19,23,21],[3,19,15,11,23,7,5,21,13,17],[19,7,23,3,15,11,5,21,17],[3,7,15,19,23,11,21],[23,15,11,3,7,19,5,17],[19,3,7,23,11,15,21],[11,7,15,3,23,19,5,21,17],[11,19,7,23,3,15,5,17],[7,3,15,19,23,11,21],[7,3,15,11,19,23,5,17],[19,7,3,23,15,11,21],[19,7,15,23,3,11,21],[7,23,19,3,15,11,5,21,13,17],[15,23,7,3,11,19,5,17],[7,11,19,23,15,3,21],[23,7,11,3,19,15,5,21,17],[19,23,11,15,7,3,5,17],[19,23,3,11,7,15,21],[15,19,7,11,3,23,21],[3,11,23,19,15,7,5,21,13,17],[23,15,7,3,19,11,21],[7,15,19,23,11,3,21],[15,3,7,19,23,11,21],[23,11,19,3,15,7,5,13,21,17],[7,3,15,11,23,19,5,17],[15,23,19,3,11,7,21],[19,7,3,11,15,23,5,21,17],[23,11,15,7,3,19,5,17],[11,7,3,23,15,19,5,21,13,17],[19,23,15,7,3,11,21],[7,23,11,19,15,3,5,21,13,17],[11,23,19,3,7,15,21],[15,7,3,19,11,23,21],[23,19,7,3,11,15,21],[19,11,23,15,3,7,5,13,21,17],[19,7,11,15,3,23,5,17],[23,3,7,15,19,11,5,17],[15,11,3,19,23,7,5,17],[11,3,15,23,19,7,21],[3,7,23,19,15,11,21],[11,23,15,19,7,3,5,17],[23,3,19,15,11,7,5,17],[23,11,3,19,15,7,21],[3,15,23,19,7,11,21],[7,19,23,3,11,15,21],[11,19,15,3,7,23,21],[15,19,23,7,11,3,21],[7,3,11,19,15,23,5,13,21,17],[19,7,15,23,11,3,5,17],[23,19,15,11,3,7,5,17],[7,11,19,15,3,23,5,13,21,17],[23,7,15,19,11,3,21],[11,23,3,15,7,19,21],[7,19,15,11,3,23,5,17],[7,11,15,23,3,19,5,21,13,17],[7,19,23,15,3,11,5,17],[15,19,23,3,7,11,21],[15,11,19,23,3,7,21],[3,15,7,23,19,11,5,21,17],[23,3,11,7,15,19,21],[11,19,7,3,15,23,5,17],[11,7,19,23,3,15,21],[7,11,15,3,23,19,21],[15,7,23,19,11,3,5,17],[3,11,7,23,15,19,21],[11,15,19,7,3,23,21],[3,19,7,15,23,11,5,21,17],[11,15,23,3,7,19,5,21,13,17],[15,7,19,3,11,23,5,21,17],[3,19,23,11,15,7,21],[23,7,19,15,11,3,5,21,13,17],[3,19,23,15,11,7,5,21,13,17],[11,23,19,7,15,3,21],[7,11,15,19,3,23,21],[11,19,23,3,7,15,5,17],[7,11,3,15,19,23,21],[23,11,19,7,3,15,21],[11,3,23,19,15,7,5,17],[15,23,11,3,19,7,21],[3,7,19,15,11,23,21],[15,23,19,11,3,7,5,17],[7,15,11,23,19,3,5,17],[15,23,3,19,11,7,5,21,17],[11,3,19,23,15,7,21],[23,15,19,11,3,7,21],[19,15,23,3,11,7,5,17],[23,3,15,19,11,7,5,21,13,17],[15,19,3,23,11,7,21],[15,23,11,19,7,3,5,17],[11,7,23,3,15,19,5,21,17],[7,15,19,3,11,23,5,21,13,17],[7,11,23,3,15,19,21],[23,19,11,7,3,15,5,17],[23,11,3,19,15,7,5,21,13,17],[23,19,11,7,3,15,21],[11,23,3,15,19,7,21],[3,11,7,15,19,23,21],[3,23,7,11,15,19,21],[11,23,15,7,19,3,21],[3,7,19,11,23,15,21],[7,11,3,19,23,15,21],[3,15,11,19,23,7,21],[23,11,19,3,7,15,21],[15,11,19,3,23,7,21],[15,19,7,3,23,11,5,17],[15,19,3,7,11,23,5,17],[7,23,3,15,11,19,21],[23,19,3,7,11,15,5,21,13,17],[19,15,7,11,23,3,21],[3,19,7,23,11,15,21],[23,3,7,11,19,15,21],[15,23,3,19,11,7,21],[11,7,23,19,3,15,21],[3,7,23,19,11,15,21],[7,3,11,19,23,15,21],[15,11,3,19,7,23,21],[23,7,15,11,3,19,5,21,13,17],[3,15,23,19,7,11,21],[3,15,7,23,19,11,5,17],[15,3,11,19,7,23,21],[15,11,7,19,3,23,5,17],[23,7,15,11,19,3,5,21,17],[15,11,3,23,19,7,5,17],[23,19,15,11,3,7,5,13,21,17],[23,3,19,7,11,15,21],[11,23,3,7,19,15,21],[11,15,3,23,19,7,5,17],[19,3,23,7,11,15,5,17],[19,7,23,3,11,15,5,17],[15,23,11,19,7,3,21],[19,23,15,11,7,3,21],[7,15,11,19,3,23,21],[19,15,23,7,11,3,21],[19,11,15,7,23,3,5,17],[7,15,19,23,11,3,21],[15,3,23,11,19,7,21],[15,19,23,7,3,11,21],[3,23,15,11,19,7,21],[3,15,23,11,19,7,5,17],[23,3,15,11,7,19,5,17],[11,19,15,23,7,3,5,21,17],[3,11,23,19,15,7,5,17],[3,23,11,19,15,7,21],[3,7,23,15,19,11,5,21,17],[23,15,11,19,3,7,5,17],[11,19,7,15,23,3,21],[19,3,7,11,23,15,5,17],[3,23,7,11,15,19,21],[3,19,11,7,15,23,5,21,17],[15,11,3,7,23,19,5,13,21,17],[19,15,11,3,23,7,21],[19,7,3,15,23,11,5,21,13,17],[19,7,23,3,15,11,5,17],[7,19,23,15,3,11,5,21,13,17],[15,3,23,19,11,7,5,17],[23,3,7,19,11,15,21],[3,11,23,19,15,7,21],[19,23,11,15,3,7,21],[3,19,7,15,11,23,5,21,13,17],[3,15,23,11,19,7,21],[11,19,3,7,15,23,21],[7,3,15,23,19,11,21],[19,15,11,7,23,3,5,21,13,17],[19,23,11,3,7,15,5,17],[19,23,7,11,15,3,5,17],[7,3,19,15,23,11,21],[11,7,15,23,3,19,21],[11,7,3,15,19,23,5,17],[11,23,15,7,19,3,5,17],[19,23,15,11,7,3,21],[19,11,23,15,7,3,5,21,17],[19,11,15,23,7,3,21],[11,23,15,3,7,19,21],[7,15,11,19,23,3,5,21,17],[7,15,11,19,23,3,5,21,13,17],[11,15,3,23,19,7,21],[23,7,19,15,11,3,5,17],[19,11,15,3,23,7,5,21,17],[3,7,11,19,15,23,21],[3,19,11,23,7,15,21],[19,15,23,3,11,7,5,17],[23,7,11,19,15,3,5,21,17],[3,19,11,15,7,23,21],[7,11,3,19,23,15,21],[15,7,3,11,19,23,21],[3,19,7,23,15,11,5,21,17],[23,7,11,19,3,15,5,17],[11,15,3,7,19,23,5,21,17],[19,11,7,3,15,23,5,21,13,17],[23,11,15,3,7,19,5,17],[7,11,15,19,23,3,5,21,13,17],[3,15,7,23,19,11,21],[11,7,19,23,15,3,21],[11,23,3,19,7,15,5,17],[11,19,23,7,3,15,5,17],[3,23,11,7,15,19,21],[23,11,7,3,19,15,21],[23,19,3,15,7,11,21],[11,7,3,23,15,19,5,21,17],[23,3,7,11,19,15,21],[11,23,3,19,15,7,5,17],[23,7,19,11,3,15,5,21,17],[7,11,23,15,19,3,21],[7,11,3,19,23,15,21],[11,7,15,3,19,23,5,17],[3,15,19,7,23,11,21],[3,15,11,23,7,19,5,21,17],[11,15,3,23,7,19,21],[19,3,7,15,11,23,21],[15,7,3,11,23,19,5,17],[3,7,23,15,11,19,21],[11,3,15,19,7,23,5,21,17],[23,11,7,19,3,15,5,17],[3,11,15,23,7,19,5,21,13,17],[7,15,3,19,11,23,5,21,17],[11,3,23,19,7,15,21],[11,23,7,15,19,3,5,17],[19,11,7,3,15,23,5,21,17],[19,23,11,15,3,7,5,21,13,17],[3,7,23,11,19,15,5,21,13,17],[15,3,23,11,19,7,21],[7,3,11,23,19,15,5,17],[19,7,11,3,23,15,5,21,17],[7,19,11,3,23,15,21],[23,7,19,3,15,11,5,21,13,17],[11,15,3,7,19,23,21],[23,19,11,3,7,15,5,21,13,17],[23,7,19,11,3,15,21],[3,11,23,7,19,15,5,21,13,17],[3,7,15,19,11,23,5,21,17],[23,19,7,3,11,15,21],[7,11,23,3,15,19,21],[7,11,15,3,19,23,5,17],[19,11,3,7,23,15,21],[23,7,11,19,3,15,5,21,17],[11,19,15,3,7,23,21],[23,11,3,7,15,19,5,21,13,17],[19,7,15,11,3,23,21],[15,23,3,11,7,19,5,21,17],[7,3,23,11,19,15,5,21,17],[19,11,7,23,15,3,21],[7,15,19,23,11,3,21],[15,7,19,11,23,3,21],[19,7,11,23,3,15,21],[23,3,15,7,19,11,5,17],[19,23,11,3,15,7,5,13,21,17],[3,19,11,15,23,7,21],[7,3,11,19,23,15,21],[19,15,23,11,3,7,21],[3,19,7,11,23,15,5,17],[19,3,7,15,11,23,5,17],[11,19,15,23,7,3,21],[23,3,11,7,15,19,21],[7,3,15,11,23,19,5,17],[23,19,11,15,7,3,21],[19,3,7,15,23,11,5,17],[7,19,23,3,15,11,5,21,17],[19,23,15,7,3,11,5,21,17],[19,7,3,23,15,11,5,21,17],[23,15,3,19,7,11,5,21,13,17],[7,11,3,15,23,19,5,17],[15,19,23,3,7,11,21],[19,23,15,7,11,3,5,21,13,17],[11,23,3,19,15,7,5,17],[3,15,19,7,11,23,21],[19,15,3,7,11,23,5,17],[7,11,15,3,23,19,21],[15,7,11,23,19,3,21],[3,23,11,7,19,15,21],[23,19,15,7,3,11,21],[7,3,11,19,15,23,5,17],[15,23,3,7,19,11,5,17],[3,11,23,15,7,19,5,17],[3,7,11,23,19,15,21],[11,23,15,7,19,3,21],[23,3,15,11,7,19,21],[15,3,11,19,23,7,21],[3,11,19,23,15,7,21],[15,7,23,11,19,3,21],[7,19,3,15,11,23,21],[15,11,3,19,23,7,21],[11,15,3,19,23,7,5,17],[7,19,23,11,15,3,21],[23,15,11,19,7,3,21],[11,19,15,7,23,3,5,21,17],[19,7,3,11,23,15,21],[23,15,7,3,19,11,21],[15,11,7,3,23,19,5,21,13,17],[19,15,7,23,3,11,5,17],[7,3,15,11,23,19,21],[19,11,3,15,23,7,21],[11,19,15,23,3,7,21],[23,3,7,19,15,11,5,21,17],[3,19,23,15,7,11,21],[3,23,7,19,15,11,5,21,13,17],[19,23,3,7,11,15,21],[11,15,3,19,7,23,21],[15,7,19,23,11,3,21],[7,23,15,3,11,19,21],[19,3,15,11,7,23,5,21,17],[15,3,19,7,11,23,21],[23,11,15,7,19,3,21],[15,19,23,7,11,3,21],[19,3,23,7,11,15,5,17],[7,23,3,15,19,11,5,21,13,17],[7,3,15,11,23,19,21],[7,11,23,3,19,15,21],[15,7,23,19,3,11,21],[23,3,19,11,15,7,5,17],[15,11,19,23,3,7,5,17],[11,15,3,19,23,7,5,17],[23,7,11,19,15,3,5,17],[11,3,23,7,19,15,5,17],[15,7,19,11,3,23,5,17],[3,15,11,19,7,23,21],[23,7,11,19,3,15,5,17],[23,19,15,11,3,7,5,21,13,17],[23,3,7,11,15,19,21],[23,15,19,7,3,11,5,17],[15,7,19,23,11,3,5,13,21,17],[7,11,3,15,23,19,5,21,13,17],[15,19,7,11,3,23,21],[7,23,15,3,19,11,5,21,13,17],[11,23,19,3,7,15,21],[3,23,11,7,15,19,5,21,17],[7,19,11,15,3,23,21],[15,23,3,19,11,7,21],[19,7,3,11,15,23,21],[7,15,19,3,23,11,21],[11,3,15,7,19,23,5,13,21,17],[7,3,23,19,15,11,5,17],[3,23,7,15,19,11,21],[23,7,3,19,15,11,21],[15,11,7,19,23,3,5,13,21,17],[7,23,11,3,19,15,21],[23,15,3,11,7,19,21],[15,19,3,7,11,23,5,17],[11,7,3,23,15,19,21],[7,15,19,11,23,3,21],[19,11,15,3,23,7,5,21,13,17],[3,11,23,19,7,15,21],[19,15,11,23,7,3,21],[7,15,23,19,3,11,5,21,17],[19,3,23,11,15,7,5,21,13,17],[15,7,3,11,19,23,5,17],[11,23,7,3,19,15,5,17],[15,11,7,23,3,19,21],[19,15,11,23,7,3,5,17],[7,11,23,15,19,3,21],[23,3,7,19,11,15,21],[15,7,23,3,19,11,21],[15,11,19,23,7,3,21],[3,15,23,11,19,7,5,17],[7,11,19,15,23,3,5,21,17],[7,3,15,23,11,19,5,21,13,17],[19,7,15,3,11,23,21],[7,11,15,23,19,3,21],[19,7,11,3,15,23,5,21,13,17],[15,23,11,7,19,3,21],[19,23,15,3,11,7,21],[3,23,19,11,7,15,5,17],[19,15,11,23,3,7,5,21,13,17],[7,23,19,15,11,3,21],[23,11,3,19,15,7,21],[15,3,7,11,23,19,5,17],[3,7,19,23,11,15,5,13,21,17],[15,3,23,7,11,19,5,17],[15,7,11,23,19,3,5,21,17],[19,3,11,7,23,15,21],[19,23,7,3,15,11,5,21,17],[19,3,23,15,7,11,21],[19,3,23,15,11,7,21],[7,15,23,3,19,11,21],[7,23,11,15,3,19,21],[23,3,15,7,19,11,5,17],[15,3,7,19,23,11,5,21,17],[11,7,15,3,23,19,21],[19,23,11,15,3,7,21],[7,3,23,11,15,19,5,21,17],[15,23,19,11,7,3,5,21,17],[3,19,23,11,7,15,21],[3,7,15,23,11,19,5,21,13,17],[3,15,7,19,23,11,5,17],[19,3,23,7,15,11,5,21,17],[23,11,19,3,7,15,5,17],[11,7,19,23,3,15,5,21,13,17],[15,7,23,19,11,3,21],[19,7,15,3,23,11,21],[15,3,19,23,11,7,5,17],[3,23,7,15,19,11,21],[11,15,7,19,3,23,21],[23,3,11,19,7,15,5,21,13,17],[11,15,19,3,23,7,21],[3,11,23,7,19,15,5,21,17],[3,7,15,19,23,11,5,17],[7,15,3,23,11,19,5,21,13,17],[19,11,23,3,15,7,5,21,13,17],[23,11,19,15,3,7,5,17],[11,3,7,23,19,15,5,21,17],[11,3,7,23,19,15,5,17],[7,11,3,19,23,15,21],[15,7,3,11,23,19,21],[11,3,7,19,15,23,5,17],[19,7,3,11,23,15,5,21,13,17],[11,7,3,19,15,23,5,21,17],[7,11,3,23,19,15,21],[15,11,23,3,7,19,5,21,13,17],[19,11,3,23,15,7,5,21,13,17],[7,3,11,19,23,15,21],[23,19,7,3,15,11,21],[11,3,23,7,15,19,5,17],[7,15,3,11,19,23,21],[23,19,7,15,3,11,5,21,17],[23,7,19,3,11,15,5,21,17],[19,11,7,3,23,15,5,21,13,17],[11,23,3,19,7,15,5,21,13,17],[7,19,15,11,3,23,21],[7,15,11,3,19,23,5,17],[7,11,15,23,3,19,5,21,13,17],[15,19,7,23,11,3,21],[3,15,23,19,7,11,21],[15,23,11,7,19,3,5,21,13,17],[7,15,11,3,23,19,5,17],[15,7,3,23,11,19,21],[7,15,3,23,11,19,21],[15,11,3,19,23,7,21],[3,23,19,11,15,7,21],[15,7,19,23,3,11,5,21,13,17],[19,7,23,15,11,3,21],[23,19,7,15,3,11,21],[23,19,11,7,3,15,21],[3,7,23,11,15,19,21],[7,3,15,23,19,11,5,17],[11,19,3,15,23,7,21],[23,3,19,15,11,7,21],[11,3,23,7,15,19,5,21,17],[11,23,15,3,19,7,5,17],[7,19,11,15,23,3,5,17],[3,19,7,15,23,11,5,21,13,17],[7,23,15,3,11,19,5,21,17],[11,3,7,19,23,15,21],[3,7,23,15,11,19,21],[3,7,23,19,15,11,5,17],[7,19,11,23,3,15,5,21,13,17],[19,3,15,23,7,11,21],[11,3,7,19,15,23,5,17],[7,11,3,23,15,19,5,17],[15,23,11,7,3,19,21],[23,7,11,19,15,3,21],[23,15,7,3,19,11,21],[11,7,23,15,3,19,5,21,17],[11,7,3,19,15,23,21],[15,23,19,11,7,3,21],[11,23,3,7,19,15,5,21,17],[15,19,23,11,7,3,5,17],[11,7,15,19,3,23,5,21,17],[15,23,19,11,3,7,21],[19,23,3,11,7,15,5,13,21,17],[19,7,15,11,23,3,5,17],[23,11,3,19,15,7,21],[3,15,23,19,11,7,5,17],[15,23,7,3,11,19,5,21,17],[23,3,19,7,15,11,5,17],[19,15,11,3,7,23,5,21,13,17],[7,19,23,15,3,11,5,17],[11,15,19,3,23,7,21],[3,19,23,15,11,7,5,17],[11,15,3,19,23,7,21],[11,15,23,19,3,7,21],[3,7,11,23,15,19,5,21,13,17],[19,23,7,15,11,3,5,21,17],[7,3,23,19,15,11,21],[15,7,3,19,11,23,21],[19,7,23,15,11,3,21],[3,15,11,19,23,7,5,21,17],[15,7,3,11,23,19,5,21,13,17],[15,11,19,23,7,3,5,21,13,17],[15,19,23,11,7,3,5,21,17],[23,19,7,11,15,3,21],[11,7,19,15,3,23,5,17],[11,15,7,23,3,19,5,17],[23,15,19,7,11,3,21],[19,11,7,15,3,23,5,21,13,17],[19,3,15,7,23,11,21],[3,15,7,19,23,11,5,21,13,17],[7,3,23,11,15,19,5,17],[7,19,15,23,11,3,5,17]],"n_human":14}