{"problem_id":"iY5ihY525D06K48","sigma":75,"alpha":10.000,"cost":0,"probabilities":"[0.15000000000000002, 0.3, 0.28, 0.27]","payoff_matrix":"[[-45, -34, -5, 9, -41, -82], [-4, -65, -31, -8, -27, -9], [-20, 43, 47, 75, 21, 5], [-25, 15, -55, -45, -20, -11]]","uncovered":[[10,2,14,6,22,18,15,3,23,24,16,4,19,20,11,12,7,8],[6,2,14,10,22,18,15,3,23,16,24,19,20,4,11,12,7,8],[22,18,10,6,14,2,15,3,23,24,16,4,19,20,11,12,7,8],[22,14,10,18,2,6,15,3,24,4,16,23,19,20,11,12,7,8],[22,18,14,2,6,10,23,3,15,16,24,4,19,20,11,12,7,8],[22,2,6,14,10,18,3,15,23,16,24,4,19,20,11,12,7,8],[22,10,2,14,6,18,23,3,15,16,24,19,20,4,11,12,7,8],[2,14,10,18,22,6,3,23,15,16,24,19,20,4,11,12,7,8],[2,14,22,18,6,10,15,3,23,16,24,19,20,4,11,12,7,8],[2,6,10,18,22,14,3,23,15,24,16,4,19,20,11,12,7,8],[22,18,2,10,14,6,3,15,23,24,16,19,20,4,11,12,8],[2,6,14,10,18,22,15,3,16,23,24,19,20,4,11,12,7,8],[14,6,10,2,18,22,3,23,15,24,16,4,19,20,11,12,7,8],[10,18,22,2,14,6,3,15,23,16,24,19,20,4,11,12,8],[10,2,6,14,22,18,3,15,23,24,16,4,19,20,11,12,8],[2,22,10,18,6,14,3,15,23,16,24,20,4,11,12,19,8],[14,2,22,10,6,18,3,15,23,24,16,19,20,4,11,12,21],[18,22,10,14,2,6,15,3,23,24,16,19,20,4,11,12,8],[14,2,22,18,6,10,15,3,23,24,16,19,20,4,11,12,7,8],[2,14,18,6,10,22,3,23,15,24,16,19,20,4,11,12,7,8],[2,10,18,22,14,6,15,3,23,16,24,19,20,4,11,12,8],[22,10,2,6,14,18,3,16,23,19,20,4,24,12,15,8,7],[22,6,10,18,14,2,15,3,23,24,16,19,20,4,11,12,8],[14,6,2,18,10,22,15,3,24,23,16,19,20,4,11,12,7,8],[18,22,14,6,10,2,15,3,23,16,24,4,19,20,11,12,8],[6,10,22,2,14,18,4,15,23,16,24,19,20,3,11,12,7,8],[14,22,18,2,6,10,15,3,23,16,24,4,19,20,11,12,7,8],[6,2,14,18,22,10,3,23,15,16,24,19,20,4,11,12,7,8],[18,2,10,14,22,6,15,3,23,16,24,4,19,20,11,12,8],[6,18,10,14,22,2,3,23,15,16,24,19,20,4,11,12,7,8],[6,22,18,2,10,14,3,15,24,23,16,4,19,20,11,12,7,8],[22,2,6,10,18,14,3,15,16,23,24,19,20,4,11,12,7,8],[2,18,14,6,22,10,15,3,23,16,24,19,20,4,11,12,7,8],[6,22,18,14,2,10,15,3,23,16,24,4,19,20,11,12,7,8],[6,2,14,10,18,22,3,23,15,24,16,19,20,11,12,4,7,8],[10,6,18,2,22,14,15,3,23,24,20,16,12,4,19,13],[14,6,18,22,2,10,3,23,15,24,16,4,19,20,11,12,8],[10,2,6,14,22,18,3,15,23,24,16,19,20,11,12,4,7,8],[22,6,10,18,14,2,23,3,15,24,11,16,12,4,19,20,7,8],[18,14,10,2,22,6,15,3,23,16,24,19,20,4,11,12,7,8],[14,10,18,6,22,2,4,23,15,16,24,19,20,3,11,12,7,8],[2,14,22,6,18,10,15,3,23,16,24,19,20,4,11,12,7,8],[6,10,14,22,2,18,3,15,16,23,24,19,20,4,11,12,13],[14,2,10,18,22,6,15,3,23,24,16,19,20,4,11,12,8],[18,10,2,22,6,14,15,3,23,16,24,19,20,4,11,12,7,8],[2,6,10,22,14,18,15,3,24,16,23,4,20,11,12,19,7,8],[18,22,6,14,2,10,3,23,15,16,24,19,20,4,11,12,7,8],[18,14,22,10,2,6,15,3,23,24,16,4,19,20,11,12,7,8],[6,2,14,10,22,18,3,23,15,16,24,19,20,4,11,12,8],[14,2,22,18,6,10,15,3,23,16,24,4,19,20,11,12,13],[6,14,22,2,10,18,15,3,23,16,24,4,19,20,11,12,7,8],[10,18,2,14,22,6,3,15,23,16,24,4,19,20,11,12,8],[22,2,6,14,10,18,3,24,15,23,16,19,20,11,12,4,7,8],[10,2,18,22,6,14,15,3,23,16,24,4,19,20,11,12,8],[2,22,18,6,10,14,15,3,24,23,16,19,20,4,11,12,7,8],[14,6,2,22,18,10,16,3,23,4,19,24,20,11,12,15,21],[2,18,10,22,14,6,3,23,15,24,16,4,19,20,12,7,8],[22,14,10,18,6,2,15,3,23,16,24,19,20,4,11,12,7,8],[18,6,22,2,14,10,3,23,15,24,16,4,20,11,12,19,7,8],[6,2,22,14,18,10,3,23,15,24,16,19,20,4,11,12,7,8],[14,10,22,18,2,6,15,3,23,16,24,19,20,4,11,12,7,8],[14,18,10,6,2,22,15,3,16,23,24,4,19,20,11,12,7,8],[22,10,14,18,6,2,15,4,23,24,16,19,20,3,11,12,7,8],[22,2,18,14,6,10,3,15,23,24,16,4,19,20,11,12,7,8],[22,6,18,10,14,2,3,15,23,24,4,16,19,20,11,12,8],[14,10,18,6,22,2,15,3,23,24,16,19,20,12,4,8,7],[22,10,2,14,18,6,23,3,15,24,16,4,19,20,11,12,8],[14,2,22,18,10,6,3,15,23,24,16,4,19,20,11,12,8],[18,14,10,6,3,22,15,2,23,24,16,19,20,4,11,12,7,8],[6,18,10,22,14,2,16,3,23,4,19,20,24,11,12,15,7,8],[2,14,6,10,22,18,3,15,23,16,24,4,19,20,11,12,7,8],[2,22,18,14,10,6,3,15,23,16,24,4,19,20,11,12,13],[14,18,22,2,6,10,3,23,15,16,24,19,20,4,11,12,7,8],[10,18,14,2,6,22,15,23,3,24,16,19,20,4,12,8,7],[18,6,10,14,2,22,23,3,15,24,16,4,19,20,11,12,7,8],[6,10,2,18,22,14,3,15,23,16,24,19,20,4,11,12,7,8],[2,22,10,14,6,18,15,3,23,24,16,19,20,4,11,12,7,8],[18,22,14,2,10,6,15,3,23,16,24,19,20,4,11,12,7,8],[10,2,14,18,6,22,3,15,23,16,24,4,19,20,11,12,13],[18,6,22,14,10,2,15,4,23,16,24,19,20,3,11,12,7,8],[2,10,14,6,18,22,15,4,23,16,24,3,19,20,11,12,7,8],[6,22,18,10,14,2,15,4,23,16,24,19,20,3,11,12,7,8],[14,6,2,10,22,18,15,3,24,23,16,20,4,11,12,19,7,8],[6,18,2,22,10,14,3,23,15,16,24,4,19,20,12,8,7],[18,22,14,2,10,6,15,3,23,24,16,4,19,20,11,12,7,8],[2,14,6,18,22,10,3,15,23,16,24,19,20,4,11,12,8],[10,22,6,2,14,18,3,23,15,16,24,4,19,20,11,12,21],[22,2,18,10,6,14,3,15,24,16,23,4,19,20,11,12,7,8],[2,18,14,6,10,22,15,3,23,16,24,4,19,20,11,12,7,8],[14,6,2,18,10,22,3,16,23,19,24,20,4,11,12,15,7,8],[22,6,14,10,18,2,23,3,15,24,20,16,4,11,12,19,13],[6,18,10,2,14,22,3,23,15,16,24,19,20,4,11,12,7,8],[22,2,14,18,6,10,15,3,23,16,24,4,19,20,11,12,8],[10,14,6,18,2,22,3,15,23,24,16,19,20,4,11,12,7,8],[2,6,18,14,10,22,3,23,15,24,16,11,12,4,19,20,7,8],[14,18,6,2,10,22,3,23,15,24,16,19,20,4,11,12,21],[14,22,10,18,6,2,15,3,23,16,24,19,20,4,11,12,7,8],[6,2,22,10,14,18,3,23,15,24,16,19,20,4,11,12,7,8],[6,22,2,14,10,18,15,3,24,23,16,19,20,4,11,12,7,8],[14,10,6,2,18,22,15,3,23,16,24,4,20,11,12,19,7,8],[18,22,6,2,10,14,15,4,23,24,16,20,3,11,12,19,7,8],[10,22,6,18,14,2,3,23,15,16,24,19,20,4,11,12,8],[18,2,6,22,14,10,3,15,23,16,24,20,4,11,12,19,8],[14,22,6,2,18,10,15,3,23,16,24,4,19,20,11,12,8],[6,14,10,18,22,2,15,3,23,16,24,19,20,4,11,12,7,8],[2,22,6,10,14,18,3,15,23,16,24,19,20,4,11,12,7,8],[6,2,18,10,22,14,15,3,23,24,16,19,20,4,11,12,7,8],[22,18,10,14,6,2,15,4,24,19,16,20,23,3,11,12,7,8],[22,2,6,10,14,18,3,23,15,16,24,4,20,11,12,19,21],[2,18,14,10,22,6,15,3,23,24,16,4,19,20,11,12,7,8],[2,22,18,6,14,10,15,3,23,16,24,19,20,4,11,12,13],[14,10,6,22,2,18,3,23,15,24,16,4,19,20,11,12,8],[22,6,10,18,14,2,23,3,15,24,16,19,20,4,11,12,8],[22,14,10,6,2,18,23,3,15,16,24,19,20,4,11,12,7,8],[18,22,14,10,6,2,15,3,23,16,24,19,20,4,11,12,7,8],[14,6,10,18,2,22,3,15,23,16,24,20,4,11,12,19,7,8],[22,6,10,18,2,14,3,23,15,24,16,4,19,20,11,12,13],[18,10,2,22,14,6,15,3,24,23,16,4,11,12,19,20,7,8],[6,14,10,18,2,22,3,24,15,23,16,19,20,4,11,12,7,8],[6,2,10,22,14,18,3,15,23,16,24,4,19,20,11,12,8],[6,22,10,18,14,2,4,23,15,16,24,3,19,20,11,12,21],[22,18,2,6,14,10,3,15,23,16,24,4,19,20,11,12,13],[2,10,18,6,14,22,15,3,23,16,24,19,20,4,11,12,7,8],[10,2,14,6,22,18,15,4,23,24,16,19,20,3,11,12,7,8],[6,18,2,22,10,14,15,3,23,24,16,19,20,4,11,12,13],[18,2,22,10,6,14,15,3,23,24,16,19,20,4,11,12,21],[22,10,2,18,14,6,15,3,23,16,24,4,19,20,11,12,7,8],[18,22,14,6,10,2,15,3,24,23,16,19,20,4,11,12,8],[22,18,2,6,14,10,15,3,23,16,24,4,19,20,11,12,7,8],[10,14,2,6,22,18,3,15,23,24,16,19,20,4,11,12,13],[18,6,10,2,22,14,3,15,24,23,16,19,20,4,11,12,7,8],[14,10,2,22,6,18,3,15,23,24,16,19,20,4,11,12,7,8],[6,10,22,14,18,2,15,3,23,24,16,19,20,4,11,12,13],[18,14,22,10,2,6,3,15,23,16,24,19,20,4,11,12,7,8],[6,22,10,14,18,2,3,15,23,16,24,19,20,4,11,12,7,8],[22,18,10,2,6,14,23,3,15,16,24,19,20,4,11,12,7,8],[6,10,2,18,22,14,3,15,24,23,16,20,4,11,12,19,7,8],[2,18,14,22,6,10,3,23,15,24,16,19,20,4,11,12,7,8],[2,18,22,14,6,10,15,3,23,16,24,19,20,4,11,12,7,8],[14,18,2,22,6,10,3,23,15,16,24,4,19,20,11,12,7,8],[6,14,18,10,2,22,15,3,23,24,11,16,12,19,20,4,13],[6,14,10,18,22,2,15,3,23,24,16,19,20,4,11,12,7,8],[14,6,2,10,22,18,3,15,23,24,16,19,20,4,11,12,7,8],[18,14,2,10,6,22,15,3,23,16,24,20,4,11,12,19,21],[22,6,11,10,2,14,18,3,23,12,15,16,24,19,20,4,7,8],[6,18,22,14,10,2,3,15,23,24,16,19,20,4,11,12,7,8],[10,18,2,22,6,14,15,3,24,23,4,16,19,20,11,12,8],[14,10,22,18,6,2,15,3,23,16,24,19,20,4,11,12,7,8],[14,10,18,6,2,22,23,3,15,24,16,4,19,20,11,12,7,8],[2,6,22,18,14,10,3,15,23,24,16,4,19,20,11,12,7,8],[18,14,10,2,6,22,15,4,24,19,20,23,16,3,11,12,7,8],[6,22,10,14,2,18,15,23,3,24,16,4,19,20,11,12,7,8],[14,2,10,6,18,22,15,3,23,24,16,20,4,11,12,19,8],[10,14,18,22,2,6,3,23,15,24,16,4,19,20,11,12,7,8],[2,14,10,18,22,6,15,3,23,24,16,19,20,4,11,12,7,8],[10,22,6,2,14,18,4,23,15,16,24,3,19,20,11,12,7,8],[10,14,6,2,18,22,15,3,23,24,16,19,20,4,11,12,8],[22,2,10,14,18,6,16,3,23,24,4,19,20,11,12,15,7,8],[22,14,10,18,2,6,15,3,23,24,16,4,19,20,11,12,13],[10,6,22,2,14,18,15,4,23,24,16,19,20,3,11,12,7,8],[18,14,6,2,22,10,3,23,15,16,24,4,19,20,11,12,7,8],[22,2,18,6,14,10,3,15,23,16,24,19,20,4,11,12,8],[18,14,2,6,22,10,16,3,23,4,19,24,20,11,12,15,7,8],[18,10,6,22,14,2,3,15,23,16,24,19,20,4,11,12,7,8],[22,10,2,18,14,6,15,3,23,24,16,19,20,4,11,12,7,8],[2,14,18,6,22,10,3,15,23,24,16,19,20,4,11,12,7,8],[6,18,14,22,2,10,15,3,23,16,24,4,19,20,11,12,7,8],[22,14,18,2,10,6,15,3,23,24,16,4,19,20,11,12,7,8],[6,10,2,22,18,14,3,15,23,24,16,19,20,4,11,12,7,8],[22,14,18,6,2,10,3,15,23,24,16,19,20,4,11,12,7,8],[10,14,18,22,6,2,3,15,23,16,24,19,20,4,11,12,7,8],[14,2,6,18,10,22,15,3,23,24,19,20,16,4,11,12,7,8],[18,2,10,6,14,22,15,3,24,23,16,4,19,20,11,12,7,8],[18,10,2,22,14,6,3,15,23,16,24,19,20,4,11,12,7,8],[18,14,6,2,22,10,3,23,15,24,16,19,20,4,11,12,7,8],[6,10,2,14,18,22,15,3,23,16,24,19,20,4,11,12,7,8],[18,2,6,14,22,10,15,3,23,24,19,20,16,4,11,12,8],[6,22,2,10,18,14,15,3,23,16,24,19,20,4,11,12,7,8],[18,14,6,22,2,11,10,3,15,12,23,16,24,4,19,20,7,8],[10,14,6,18,2,22,15,3,23,24,16,4,19,20,11,12,7,8],[10,22,14,6,18,2,15,3,23,16,24,19,20,4,11,12,13],[2,10,18,14,6,22,15,3,23,16,24,19,20,4,11,12,7,8],[22,18,2,10,6,14,3,15,23,16,24,4,19,20,11,12,7,8],[22,14,2,6,18,10,3,15,23,16,24,19,20,4,11,12,8],[14,6,2,22,18,10,15,3,23,16,24,4,19,20,11,12,8],[10,22,14,2,18,6,3,15,23,16,24,4,19,20,11,12,7,8],[18,6,14,22,10,2,3,23,15,16,24,4,19,20,11,12,7,8],[22,2,14,10,6,18,15,4,23,16,24,19,20,3,11,12,8],[22,6,2,10,14,18,3,23,15,24,16,19,20,4,11,12,7,8],[18,22,2,14,6,10,3,23,15,24,16,19,20,4,11,12,7,8],[6,10,18,22,2,14,15,3,23,16,24,19,20,4,11,12,7,8],[10,18,14,22,2,6,3,15,16,23,24,19,20,4,11,12,7,8],[10,22,14,2,6,18,15,3,23,24,16,19,20,4,11,12,13],[14,22,2,10,18,6,3,23,15,24,16,4,19,20,11,12,7,8],[2,6,10,18,14,22,3,23,15,16,24,19,20,4,11,12,7,8],[2,18,10,6,14,22,3,23,15,16,24,4,19,20,11,12,7,8],[6,14,18,10,22,2,3,15,23,24,16,4,11,12,19,20,7,8],[22,18,10,6,2,14,15,3,23,24,16,19,20,4,11,12,7,8],[22,14,6,18,10,2,3,23,15,16,24,19,20,4,11,12,7,8],[10,22,2,6,14,18,3,23,15,16,24,4,19,20,11,12,7,8],[6,2,22,14,10,18,3,15,23,24,16,19,20,4,11,12,7,8],[22,10,18,2,6,14,3,15,23,16,24,4,19,20,12,21,7,8],[22,14,10,6,18,2,15,23,3,16,24,19,20,4,11,12,7,8],[18,10,22,14,6,2,23,3,15,24,20,16,4,11,12,19,8],[22,2,14,18,10,6,15,4,23,24,20,16,3,11,12,19,7,8],[10,22,18,6,14,2,23,3,15,24,16,4,19,20,11,12,7,8],[10,2,14,18,22,6,15,3,16,23,24,4,19,20,11,12,7,8],[6,10,2,14,18,22,15,3,23,24,16,19,20,4,11,12,7,8],[14,6,22,2,18,10,3,15,23,16,24,20,4,11,12,19,7,8],[10,14,22,18,6,2,15,3,23,16,24,19,20,4,11,12,13],[2,10,14,22,6,18,3,23,15,24,16,19,20,4,11,12,7,8],[18,14,10,2,6,22,3,15,23,24,16,4,19,20,11,12,7,8],[14,22,2,6,18,10,15,3,23,24,16,4,19,20,11,12,7,8],[22,10,6,2,14,18,3,23,15,16,24,20,11,12,4,19,7,8],[10,22,6,18,2,14,3,15,23,24,16,19,20,4,11,12,7,8],[18,2,22,10,6,14,3,15,23,16,24,19,20,4,11,12,7,8],[2,22,6,10,14,18,15,4,23,16,24,19,20,3,11,12,7,8],[14,2,6,22,18,10,3,15,23,24,16,19,20,4,11,12,21],[22,6,2,14,10,18,23,3,15,24,16,4,19,20,11,12,7,8],[22,14,18,2,6,10,15,3,23,24,16,19,20,4,11,12,13],[14,2,22,6,10,18,15,4,23,16,24,19,20,3,11,12,7,8],[18,2,14,6,10,22,15,3,24,23,16,4,19,20,12,7,8],[22,10,14,2,18,6,15,3,23,16,24,19,20,4,11,12,7,8],[6,14,2,10,18,22,15,3,23,24,19,16,20,4,12,8,7],[6,2,10,18,14,22,15,3,23,16,24,19,20,4,11,12,7,8],[22,2,14,10,6,18,3,23,15,24,16,19,20,4,11,12,8],[14,6,2,22,10,18,3,23,15,24,16,19,20,4,11,12,7,8],[2,18,6,10,22,14,3,15,23,24,19,20,16,4,11,12,7,8],[2,6,22,10,14,18,3,23,15,16,24,19,20,4,11,12,7,8],[18,10,22,14,2,6,3,23,15,24,12,16,19,20,4,8,7],[22,6,10,18,2,14,3,15,23,24,19,20,16,4,11,12,8],[22,10,6,14,2,18,15,3,23,16,24,4,19,20,11,12,7,8],[22,2,14,18,10,6,3,23,15,24,16,19,20,4,11,12,7,8],[22,2,14,6,18,10,15,3,24,23,16,19,20,4,11,12,7,8],[6,22,18,2,10,14,15,3,24,23,16,19,20,4,11,12,8],[2,10,14,6,18,22,3,23,15,24,16,4,19,20,11,12,7,8],[22,14,18,2,10,6,15,3,23,24,16,19,20,4,11,12,13],[2,18,10,22,6,14,3,15,23,24,16,19,20,4,11,12,7,8],[22,2,18,6,10,14,15,3,23,16,24,19,20,4,11,12,7,8],[6,14,10,22,18,2,3,15,23,24,16,4,19,20,11,12,8],[18,22,2,14,6,10,23,3,15,24,16,4,19,20,11,12,8],[2,22,18,6,10,14,16,23,3,19,24,20,4,11,12,15,8],[2,22,10,14,6,18,3,15,16,23,24,4,19,20,11,12,8],[14,22,6,18,10,2,3,15,23,24,16,19,20,4,11,12,7,8],[18,10,22,2,6,14,3,15,16,23,24,19,20,4,11,12,7,8],[6,22,18,14,2,10,3,23,15,24,16,4,19,20,12,7,8],[10,22,18,14,2,6,15,3,23,16,24,19,20,4,11,12,7,8],[22,18,2,14,10,6,15,3,16,24,23,4,19,20,11,12,7,8],[22,10,18,6,14,2,3,23,15,24,16,4,19,20,11,12,21],[10,22,18,6,14,2,3,23,15,24,4,16,19,20,11,12,21],[22,18,6,10,2,14,15,3,23,24,16,4,19,20,11,12,7,8],[10,14,22,2,6,18,15,3,23,16,24,4,19,20,11,12,13],[18,14,10,2,22,6,3,23,15,24,16,11,12,19,20,4,8],[6,22,18,14,10,2,23,3,15,16,24,4,19,20,11,12,7,8],[18,6,10,14,2,22,3,23,15,16,24,19,20,4,11,12,13],[6,2,14,10,18,22,3,15,23,24,19,20,16,4,11,12,7,8],[22,18,6,14,2,10,15,3,23,16,24,4,19,20,11,12,7,8],[2,10,22,18,6,14,15,3,23,24,16,19,20,4,11,12,7,8],[14,6,18,2,22,10,3,15,23,24,16,19,20,4,12,8,7],[2,6,14,18,10,22,3,23,15,16,24,4,20,11,12,19,7,8],[14,2,6,10,18,22,3,23,15,24,16,19,20,4,11,12,7,8],[6,22,10,14,2,18,3,15,23,16,24,19,20,4,11,12,7,8],[22,2,18,10,14,6,15,3,23,16,24,19,20,4,11,12,13],[2,22,14,6,10,18,4,23,15,24,16,19,20,3,11,12,8],[14,10,6,2,22,18,15,3,24,23,16,19,20,4,11,12,7,8],[6,22,18,14,10,2,15,3,23,16,24,19,20,4,11,12,7,8],[18,2,22,6,10,14,15,3,24,23,16,19,20,4,11,12,7,8],[14,6,2,22,10,18,15,3,23,24,16,19,20,4,11,12,7,8],[6,18,10,22,2,14,15,3,23,16,24,19,20,4,11,12,13],[14,2,10,6,18,22,3,23,15,16,24,19,20,4,11,12,21],[18,6,2,14,22,10,15,3,23,24,16,4,19,20,11,12,13],[14,2,18,6,22,10,3,15,23,24,16,19,20,4,12,7,8],[2,6,14,10,18,22,3,23,15,16,24,19,20,4,11,12,8],[14,6,10,2,22,18,15,3,23,16,24,19,20,4,11,12,7,8],[6,10,22,2,14,18,3,23,15,16,24,4,19,20,11,12,7,8],[10,22,14,2,6,18,15,23,3,16,24,19,20,4,11,12,7,8],[2,18,10,6,22,14,3,23,15,16,24,4,19,20,12,8,7],[22,10,6,2,14,18,3,15,23,24,16,19,20,4,11,12,21],[10,14,2,22,18,6,23,3,15,16,24,19,20,4,11,12,8],[10,6,18,22,14,2,3,15,23,16,24,19,20,4,11,12,7,8],[22,14,10,18,2,6,3,23,15,24,19,20,16,4,11,12,8],[14,22,18,2,10,6,15,3,23,24,16,4,19,20,11,12,7,8],[10,18,2,22,14,6,3,15,23,16,24,4,19,20,11,12,7,8],[18,2,22,14,10,6,15,3,23,16,24,19,20,4,11,12,7,8],[6,2,14,18,22,10,15,3,23,24,16,19,20,4,11,12,21],[14,2,18,22,6,10,3,15,23,24,16,20,4,11,12,19,7,8],[18,22,10,2,14,6,15,3,23,24,16,4,19,20,11,12,7,8],[2,10,6,18,22,14,23,3,15,16,24,19,20,4,11,12,7,8],[6,18,2,14,22,10,15,3,23,24,16,19,20,4,11,12,7,8],[14,6,2,18,10,22,15,3,16,23,24,4,19,20,11,12,7,8],[6,22,14,18,2,10,15,4,23,16,24,19,20,3,11,12,7,8],[22,10,14,18,6,2,15,3,24,23,16,19,20,4,11,12,21],[22,2,18,6,10,15,14,3,23,24,16,4,19,20,11,12,21],[14,6,2,22,18,10,3,15,23,16,24,19,20,4,11,12,8],[14,18,10,22,6,2,3,23,15,24,16,19,20,4,11,12,7,8],[22,6,18,2,10,14,23,3,15,24,16,19,20,4,11,12,7,8],[22,2,6,10,18,14,3,15,23,16,24,19,20,4,11,12,13],[10,6,22,18,14,2,3,23,15,16,24,4,19,20,11,12,7,8],[18,2,6,14,10,22,23,3,15,16,24,4,19,20,11,12,7,8],[14,2,22,6,10,18,15,3,23,24,16,19,20,4,11,12,7,8],[14,22,6,2,10,18,15,3,23,16,24,4,19,20,11,12,7,8],[14,6,22,10,18,2,3,15,23,16,24,4,19,20,11,12,7,8],[18,2,22,14,6,10,3,23,15,24,16,19,20,4,11,12,7,8],[10,14,18,2,6,22,15,3,23,16,24,19,20,11,12,4,7,8],[14,10,6,2,18,22,3,23,15,24,16,19,20,4,11,12,7,8],[22,6,2,14,18,10,15,3,23,16,24,19,20,4,11,12,7,8],[2,22,6,10,18,14,3,23,15,16,24,4,19,20,11,12,7,8],[2,14,22,10,6,18,3,15,23,16,24,19,20,4,11,12,7,8],[10,6,22,2,14,18,3,23,15,16,24,19,20,4,11,12,7,8],[6,10,22,14,18,2,3,23,15,24,16,19,20,4,11,12,7,8],[18,22,6,14,10,2,15,16,3,23,24,4,19,20,11,12,13],[2,14,10,22,18,6,3,23,15,24,16,19,20,4,11,12,8],[22,18,6,10,2,14,15,3,23,16,24,19,20,4,11,12,7,8],[6,2,10,22,14,18,15,3,23,16,24,4,19,20,11,12,13],[18,6,14,2,22,10,15,3,23,24,16,19,20,4,11,12,7,8],[18,2,14,22,6,10,15,3,23,24,16,11,12,19,20,4,7,8],[6,22,18,14,10,2,23,3,15,24,16,4,19,20,11,12,7,8],[18,14,10,6,22,2,15,3,23,16,24,19,20,4,11,12,7,8],[6,22,2,14,18,10,3,15,23,24,16,4,19,20,11,12,8],[10,2,6,18,14,22,3,15,23,24,19,20,16,11,12,4,7,8],[2,18,10,22,6,14,15,3,23,24,16,19,20,4,11,12,7,8],[6,18,10,22,2,14,23,3,15,16,24,19,20,4,11,12,21],[18,6,22,10,14,2,15,3,16,24,23,4,19,20,11,12,7,8],[2,6,10,18,22,14,3,23,15,24,16,4,19,20,11,12,7,8],[6,22,10,2,18,14,3,23,15,16,24,4,11,12,19,20,8],[2,14,6,18,10,22,15,3,23,16,24,19,20,4,11,12,7,8],[22,2,18,14,6,10,3,15,23,24,16,19,20,4,11,12,7,8],[18,10,22,6,2,14,3,23,15,24,16,19,20,4,11,12,7,8],[2,6,18,10,22,14,23,3,15,16,24,19,20,4,11,12,7,8],[18,22,10,6,2,14,15,4,23,24,16,19,20,3,11,12,7,8],[22,14,18,10,2,6,23,3,15,24,16,19,20,4,11,12,7,8],[22,14,6,10,2,18,15,3,23,16,24,19,20,4,11,12,7,8],[22,6,2,10,18,14,15,3,23,24,16,19,20,4,11,12,8],[18,10,22,6,2,14,3,15,23,16,24,4,19,20,11,12,21],[2,6,10,14,18,22,3,15,23,16,24,19,20,4,11,12,21],[14,22,2,18,6,10,3,23,15,16,24,19,20,4,11,12,7,8],[18,14,22,2,10,6,15,3,23,16,24,19,20,4,11,12,7,8],[14,6,10,22,18,2,3,15,23,16,24,19,20,4,11,12,7,8],[18,14,2,6,10,22,3,23,15,16,24,19,20,4,11,12,7,8],[18,10,6,22,14,2,15,3,23,16,24,4,19,20,11,12,7,8],[10,2,6,14,22,18,15,3,23,24,16,4,19,20,11,12,7,8],[2,14,18,22,10,6,3,23,15,16,24,19,20,4,11,12,7,8],[18,14,22,2,6,10,15,3,23,24,16,4,20,11,12,19,7,8],[2,18,10,6,14,22,16,3,23,24,4,19,20,11,12,15,13],[2,6,14,10,22,18,15,3,23,16,24,4,19,20,11,12,7,8],[18,14,6,10,2,22,15,3,23,24,19,16,20,4,11,12,8],[14,2,10,22,6,18,15,3,24,23,16,4,19,20,11,12,13],[14,10,2,22,6,18,15,3,23,24,16,4,19,20,11,12,7,8],[2,18,14,22,6,10,3,23,15,16,24,19,20,4,11,12,7,8],[22,6,10,2,18,14,3,23,15,16,24,11,12,19,20,4,7,8],[10,18,14,2,22,6,3,15,23,16,24,20,4,11,12,19,7,8],[10,22,6,18,14,2,15,3,23,24,16,4,19,20,11,12,7,8],[22,10,2,18,14,6,15,3,23,24,16,19,20,4,11,12,7,8],[14,6,2,22,18,10,15,4,23,16,24,19,20,3,11,12,8],[18,22,10,2,6,14,3,15,23,16,24,19,20,4,11,12,7,8],[22,14,6,18,2,10,15,3,23,16,24,4,19,20,11,12,13],[10,22,2,14,18,6,23,3,15,16,24,19,20,4,11,12,7,8],[18,22,2,6,14,10,3,23,15,16,24,20,4,11,12,19,7,8],[6,14,22,18,2,10,3,15,16,23,24,19,20,11,12,4,7,8],[6,14,10,2,22,18,15,4,23,24,16,19,20,3,11,12,7,8],[22,14,10,2,6,18,23,4,15,24,16,19,20,3,11,12,7,8],[22,18,10,2,6,14,3,15,23,24,16,20,4,11,12,19,7,8],[18,22,2,14,6,10,3,23,15,24,16,19,20,4,11,12,21],[10,18,14,22,2,6,15,3,24,16,23,4,19,20,11,12,7,8],[2,18,10,6,14,22,15,3,23,16,24,19,20,4,11,12,7,8],[14,18,22,6,10,2,15,3,23,24,16,4,19,20,11,12,21],[10,18,14,2,6,22,3,15,23,24,16,11,12,4,19,20,7,8],[22,6,14,10,18,2,3,15,23,16,24,19,20,4,11,12,7,8],[6,22,14,18,10,2,3,15,23,24,16,20,4,12,19,7,8],[2,18,10,22,14,6,15,3,23,24,16,19,20,4,11,12,13],[22,14,10,18,2,6,15,3,23,24,16,19,20,4,11,12,7,8],[6,18,14,10,22,2,3,15,24,23,16,4,19,20,11,12,21],[18,6,2,10,14,22,4,23,15,16,24,19,20,3,11,12,7,8],[22,2,10,14,18,6,3,23,15,16,24,4,19,20,11,12,7,8],[22,18,2,14,6,10,3,15,23,24,16,4,19,20,11,12,8],[14,2,22,10,18,6,4,15,24,23,16,3,20,11,12,19,7,8],[10,22,18,2,6,14,3,24,15,23,16,19,20,4,11,12,7,8],[10,14,2,6,22,18,15,3,24,23,16,19,20,4,11,12,7,8],[14,18,22,2,6,10,3,23,15,16,24,19,20,4,11,12,7,8],[10,6,22,2,14,18,15,3,23,16,24,19,20,4,11,12,7,8],[22,6,18,2,14,10,3,15,23,16,24,4,19,20,11,12,7,8],[10,14,2,18,6,22,15,3,23,16,24,4,19,20,11,12,8],[22,6,10,14,2,18,15,3,23,16,24,4,11,12,19,20,7,8],[6,2,14,10,18,22,15,3,23,16,24,19,20,4,12,7,8],[2,6,10,22,18,14,3,23,15,24,16,4,11,12,19,20,7,8],[10,22,14,18,2,6,3,15,23,16,24,19,20,4,11,12,8],[6,14,2,22,10,18,3,15,23,16,24,19,20,4,11,12,7,8],[18,2,22,10,6,14,15,3,23,24,16,4,19,20,11,12,21],[14,22,2,10,6,18,15,23,4,24,16,3,19,20,11,12,7,8],[14,18,10,6,2,22,15,3,23,24,16,4,19,20,11,12,7,8],[2,22,10,14,18,6,3,23,15,16,24,19,20,4,11,12,8],[6,10,14,18,22,2,15,3,23,16,24,19,20,4,11,12,7,8],[14,6,22,2,18,10,15,3,23,24,16,4,19,20,11,12,7,8],[2,14,6,10,18,22,15,3,16,23,24,19,20,4,11,12,21],[2,22,6,18,10,14,15,3,23,16,24,19,20,4,11,12,7,8],[10,14,22,6,18,2,3,15,23,24,19,20,16,4,11,12,7,8],[2,6,10,14,22,18,3,15,23,16,24,4,19,20,11,12,7,8],[18,2,14,6,22,10,15,4,24,19,20,23,16,3,11,12,8],[10,14,2,18,22,6,15,3,16,23,24,20,4,11,12,19,7,8],[10,14,18,2,22,6,15,3,23,16,24,19,20,4,11,12,7,8],[18,10,2,22,14,6,15,3,23,24,16,4,19,20,11,12,7,8],[10,22,14,6,2,18,15,3,23,24,16,4,19,20,11,12,7,8],[10,22,6,14,18,2,3,15,23,24,16,19,20,4,11,12,13],[18,2,10,14,22,6,3,15,23,16,24,19,20,4,11,12,7,8],[2,10,14,18,22,6,3,16,23,24,4,19,20,11,12,15,7,8],[2,10,18,22,6,14,3,15,23,24,16,19,20,4,11,12,7,8],[10,22,6,2,14,18,3,15,23,24,16,19,20,4,11,12,7,8],[22,6,14,2,10,18,3,15,23,16,24,19,20,4,11,12,21],[14,22,10,2,18,6,3,15,24,23,16,4,19,20,11,12,7,8],[22,6,10,2,18,14,3,23,15,24,16,19,20,4,11,12,7,8],[14,18,10,6,2,22,3,23,15,16,24,19,20,4,11,12,7,8],[10,22,14,2,18,6,3,15,23,16,24,19,20,4,11,12,7,8],[2,22,18,10,14,6,3,23,15,16,24,4,19,20,11,12,7,8],[18,2,14,6,10,22,3,23,15,16,24,4,19,20,11,12,7,8],[10,22,2,18,6,14,15,3,23,16,24,19,20,4,11,12,7,8],[18,2,22,10,6,14,15,3,23,16,24,4,19,20,11,12,7,8],[6,22,10,2,18,14,3,23,15,24,16,19,20,4,11,12,21],[18,2,14,22,6,10,15,3,23,16,24,4,19,20,12,7,8],[22,10,6,18,14,2,3,15,23,16,24,4,19,20,12,13],[6,22,14,10,2,18,15,3,24,23,19,20,16,4,11,12,7,8],[18,10,2,6,22,14,3,15,23,16,24,19,20,4,11,12,7,8],[10,18,6,2,22,14,15,4,23,24,16,19,20,3,11,12,7,8],[6,22,14,10,2,18,3,23,16,4,19,20,24,11,12,15,7,8],[2,22,6,14,10,18,3,23,15,16,24,4,19,20,11,12,7,8],[18,6,14,22,2,10,15,3,23,24,16,19,20,4,11,12,8],[6,14,22,2,10,18,15,3,23,24,16,19,20,4,11,12,7,8],[18,22,14,6,2,10,3,23,15,24,16,4,11,12,20,19,7,8],[10,6,2,18,14,22,3,23,15,16,24,19,20,4,11,12,7,8],[14,6,18,10,22,2,15,3,23,24,16,4,19,20,11,12,7,8],[22,2,18,10,14,6,15,3,23,24,16,4,20,12,19,7,8],[22,6,18,2,10,14,15,3,23,16,24,20,4,11,12,19,7,8],[10,22,6,14,18,2,23,3,15,24,20,16,4,11,12,19,7,8],[18,6,14,2,22,10,3,15,23,16,24,19,20,4,11,12,7,8],[6,2,14,10,22,18,15,3,23,16,24,19,20,4,11,12,7,8],[22,10,2,6,14,18,3,15,23,16,24,19,20,4,12,7,8],[14,6,22,10,18,2,4,15,23,16,24,3,19,20,11,12,21],[10,2,22,6,18,14,3,23,16,4,19,20,24,11,12,15,8],[6,2,14,18,22,10,3,23,15,24,16,4,19,20,12,7,8],[10,18,22,6,2,14,3,23,15,24,16,4,19,20,11,12,7,8],[2,14,10,6,22,18,15,4,23,24,16,19,20,3,11,12,7,8],[2,6,18,14,10,22,3,15,23,16,24,4,19,20,11,12,7,8],[10,6,2,14,18,22,15,3,23,24,16,4,19,20,11,12,7,8],[22,14,2,18,10,6,4,15,23,24,16,20,3,12,19,7,8],[18,14,10,22,2,6,15,4,23,16,24,3,19,20,11,12,7,8],[10,14,2,6,22,18,15,3,23,24,16,19,20,4,11,12,7,8],[14,2,18,6,10,22,3,23,15,24,16,4,19,20,11,12,7,8],[14,22,6,18,2,10,3,23,15,24,19,16,20,4,11,12,8],[22,6,18,2,14,10,3,23,15,16,24,19,20,11,12,4,7,8],[22,14,6,10,18,2,15,3,23,16,24,4,19,20,11,12,7,8],[2,6,18,14,22,10,3,16,23,4,19,20,24,11,12,15,7,8],[10,6,2,14,22,18,3,15,24,23,16,19,20,4,11,12,21],[22,10,18,6,14,2,3,23,15,24,16,19,20,4,11,12,7,8],[22,6,2,18,10,14,15,3,23,24,16,19,20,4,11,12,7,8],[22,6,14,10,18,2,15,3,23,16,24,4,19,20,11,12,8],[14,2,22,10,6,18,3,23,15,16,24,4,19,20,11,12,8],[18,10,2,6,22,14,3,15,23,16,24,4,19,20,11,12,7,8],[18,14,6,10,2,22,15,23,3,16,24,4,19,20,11,12,7,8],[6,10,2,18,14,22,3,23,15,24,16,4,19,20,11,12,7,8],[22,18,10,6,2,14,3,15,23,24,16,19,20,4,11,12,7,8],[22,6,18,2,10,14,15,3,23,24,16,19,20,4,11,12,7,8],[2,22,18,10,6,14,15,3,23,16,24,4,19,20,11,12,7,8],[6,18,2,22,10,14,23,3,15,16,24,19,20,4,11,12,7,8],[22,14,18,10,2,6,15,3,23,24,16,4,19,20,11,12,8],[22,10,14,6,18,2,15,3,23,16,24,19,20,4,11,12,7,8],[14,22,18,10,6,2,23,3,15,16,24,19,20,4,11,12,7,8],[10,2,22,18,6,14,3,23,15,16,24,19,20,4,11,12,7,8],[22,14,10,18,2,6,3,23,15,16,24,4,19,20,11,12,8],[22,2,6,18,10,14,3,15,24,23,16,4,19,20,11,12,8],[2,22,18,10,6,14,3,23,15,16,24,19,20,4,11,12,7,8],[18,10,6,2,22,14,15,3,23,16,24,19,20,4,11,12,7,8],[10,18,14,22,2,6,3,23,15,24,16,19,20,4,11,12,7,8],[22,2,10,18,14,6,23,3,15,24,16,4,19,20,11,12,7,8],[10,6,22,2,18,14,3,15,23,24,16,19,20,4,11,12,21],[2,10,14,22,6,18,15,3,23,16,24,19,20,11,12,4,7,8],[2,14,22,6,18,10,3,15,23,16,24,4,19,20,11,12,8],[18,2,10,22,14,6,3,23,15,24,16,19,20,4,11,12,21],[6,14,18,2,22,10,15,3,23,24,16,19,20,4,11,12,8],[2,10,6,14,22,18,3,23,15,16,24,4,19,20,11,12,7,8],[2,6,10,14,18,22,15,4,24,12,23,16,19,20,3,7,8],[6,2,10,22,14,18,23,3,15,24,16,19,20,4,11,12,7,8],[6,10,2,14,22,18,15,3,23,24,16,4,20,11,12,19,7,8],[10,14,22,2,6,18,23,3,15,24,16,19,20,4,12,7,8],[2,18,14,10,22,6,15,3,23,24,16,4,19,20,11,12,21],[14,18,22,10,2,6,15,3,16,23,24,19,20,4,11,12,13],[22,2,18,10,14,6,3,15,23,16,24,19,20,4,11,12,7,8],[10,6,14,18,2,22,3,23,15,16,24,4,19,20,11,12,7,8],[22,14,18,2,6,10,3,23,15,24,16,19,20,4,11,12,8],[22,6,18,10,14,2,3,23,15,24,16,4,19,20,11,12,7,8],[10,6,22,18,2,14,4,23,15,16,24,19,20,3,12,7,8],[10,2,22,6,18,14,23,3,15,16,24,19,20,4,11,12,7,8],[10,14,2,22,18,6,3,15,23,24,16,19,20,4,11,12,7,8],[10,18,2,6,14,22,15,3,23,24,16,4,19,20,11,12,7,8],[22,10,6,14,18,2,3,15,23,24,16,4,19,20,11,12,21],[2,14,18,22,10,6,15,3,23,24,16,4,19,20,11,12,21],[6,10,22,18,14,2,3,23,15,24,16,4,19,20,11,12,7,8],[22,6,10,14,2,18,3,15,23,16,24,19,20,4,11,12,13],[22,14,10,2,18,6,3,15,23,16,24,19,20,4,11,12,7,8],[18,14,22,2,10,6,23,3,15,24,16,19,20,4,11,12,7,8],[10,22,14,18,6,2,15,3,23,24,19,20,16,4,11,12,13],[14,22,6,2,10,18,15,3,23,24,16,19,20,4,11,12,8],[6,14,22,2,18,10,3,15,23,16,24,4,19,20,11,12,8],[10,22,2,14,18,6,15,3,24,23,16,4,19,20,11,12,21],[2,18,14,10,6,22,15,3,23,24,16,19,20,4,11,12,7,8],[2,6,10,22,18,14,3,23,15,16,24,19,20,4,11,12,7,8],[18,22,2,6,10,14,15,3,23,24,16,4,19,20,11,12,21],[2,14,10,6,18,22,15,3,23,24,16,4,19,20,11,12,7,8],[18,10,22,6,14,2,3,15,23,16,24,4,19,20,11,12,7,8],[10,22,6,18,14,2,4,15,23,16,24,19,20,3,11,12,7,8],[10,2,18,14,6,22,3,15,16,23,24,4,19,20,11,12,7,8],[6,18,2,22,14,10,3,15,24,23,16,19,20,4,11,12,7,8],[6,18,14,22,2,10,15,3,23,24,16,19,20,4,11,12,7,8],[2,18,6,14,22,10,3,15,16,23,24,19,20,4,11,12,13],[6,2,18,14,22,10,3,23,16,24,4,19,20,11,12,15,7,8],[6,18,2,22,14,10,3,23,15,24,19,16,20,4,11,12,7,8],[2,14,22,10,6,18,3,15,23,24,16,19,20,4,11,12,7,8],[22,18,10,6,14,2,3,23,15,24,16,4,19,20,11,12,8],[14,18,6,22,10,2,3,15,23,24,16,4,19,20,11,12,7,8],[6,18,10,14,22,2,3,23,15,24,16,11,12,4,19,20,7,8],[2,18,10,6,22,14,3,23,15,16,24,19,20,4,11,12,7,8],[10,2,22,14,6,18,15,3,23,16,24,4,19,20,12,7,8],[14,10,6,22,18,2,15,3,23,24,16,19,20,4,12,21,7,8],[6,22,18,10,14,2,3,23,15,16,24,19,20,4,11,12,7,8],[10,22,18,2,6,14,15,3,23,24,16,19,20,4,11,12,7,8],[14,22,6,2,10,18,15,3,24,23,16,4,19,20,11,12,7,8],[2,6,22,10,14,18,15,3,23,16,24,19,20,4,11,12,7,8],[10,18,14,2,6,22,3,15,23,24,16,19,20,4,11,12,7,8],[6,18,14,2,22,10,15,3,23,24,16,4,19,20,11,12,7,8],[6,22,14,10,18,2,15,3,23,24,16,19,20,4,11,12,7,8],[10,18,6,22,2,14,3,23,15,16,24,19,20,4,11,12,7,8],[2,6,14,22,10,18,23,3,15,16,24,19,20,4,11,12,7,8],[14,6,2,10,18,22,23,3,15,24,16,19,20,4,11,12,7,8],[14,18,2,10,6,22,15,3,23,16,24,19,20,4,11,12,7,8],[6,14,22,10,2,18,15,3,23,24,16,19,20,4,11,12,7,8],[10,22,14,2,18,6,3,15,23,24,19,16,20,4,11,12,7,8],[10,14,6,22,18,2,15,3,23,24,16,4,19,20,11,12,7,8],[10,18,6,14,2,22,3,15,23,16,24,19,20,4,11,12,7,8],[10,18,22,6,2,14,3,15,23,16,24,19,20,4,11,12,7,8],[6,2,10,18,22,14,15,3,23,16,24,19,20,4,11,12,13],[22,2,6,10,18,14,3,23,15,16,24,19,20,4,11,12,21],[14,22,6,10,18,2,15,3,23,24,16,4,19,20,11,12,7,8],[10,22,18,14,2,6,15,3,24,23,16,19,20,4,11,12,7,8],[14,6,10,2,22,18,3,15,23,24,16,19,20,4,11,12,7,8],[10,2,6,18,14,22,15,3,23,24,16,19,20,4,11,12,7,8],[6,18,10,14,2,22,23,3,15,24,16,11,12,20,4,19,7,8],[6,22,2,18,10,14,3,15,23,24,19,16,20,4,11,12,7,8],[6,2,14,10,22,18,16,23,3,4,19,20,24,11,12,15,7,8],[2,22,18,10,6,14,3,23,15,24,16,19,20,4,11,12,7,8],[2,22,14,6,18,10,15,3,23,24,16,4,19,20,11,12,7,8],[10,22,14,18,2,6,15,3,23,16,24,4,19,20,11,12,7,8],[18,22,10,2,14,6,15,3,23,24,16,19,20,4,11,12,7,8],[14,18,6,2,22,10,15,4,23,24,16,3,19,20,11,12,7,8],[2,14,22,10,18,6,3,23,15,24,16,4,20,11,12,19,7,8],[6,22,10,14,2,18,15,3,23,24,16,4,20,11,12,19,8],[22,14,10,6,18,2,3,15,23,16,24,19,20,4,11,12,7,8],[14,10,6,18,2,22,15,16,3,23,24,19,20,4,11,12,7,8],[22,18,2,14,10,6,15,3,23,16,24,4,19,20,11,12,7,8],[14,6,10,22,18,2,15,4,23,24,16,3,19,20,11,12,7,8],[6,22,2,10,18,14,3,23,15,16,24,4,19,20,11,12,7,8],[18,2,22,14,10,6,3,15,24,23,16,4,19,20,11,12,7,8],[6,14,10,22,18,2,15,3,24,23,16,4,19,20,11,12,7,8],[22,2,10,18,6,14,3,23,15,24,16,4,19,20,11,12,7,8],[14,10,2,6,22,18,3,15,23,24,20,16,4,12,19,8,7],[6,18,2,14,22,10,15,3,24,23,16,4,19,20,11,12,7,8],[14,18,2,10,6,22,23,3,15,16,24,4,19,20,11,12,7,8],[18,6,10,14,22,2,3,23,15,24,16,19,20,4,11,12,7,8],[18,10,2,6,14,22,3,23,15,24,16,19,20,4,11,12,7,8],[22,2,18,6,10,14,23,3,15,16,24,4,19,20,11,12,8],[18,2,22,10,6,14,15,3,23,16,24,19,20,4,11,12,8],[6,10,14,2,18,22,3,23,15,24,16,19,20,4,11,12,7,8],[6,10,2,14,18,22,3,15,23,16,24,19,20,4,11,12,7,8],[6,2,14,10,22,18,3,23,15,24,16,19,20,4,11,12,21],[6,22,14,10,2,18,15,3,23,24,16,4,19,20,11,12,8],[22,6,14,2,18,10,15,3,23,16,24,19,20,4,11,12,7,8],[2,22,6,18,14,10,15,3,23,16,24,19,20,4,11,12,8],[14,6,22,10,18,2,3,23,15,24,16,4,19,20,11,12,7,8],[10,2,6,22,14,18,3,23,15,16,24,19,20,4,11,12,7,8],[18,14,22,6,2,10,3,23,15,24,11,16,12,19,20,4,7,8],[18,6,10,2,22,14,3,15,23,16,24,11,12,4,19,20,8],[2,10,22,18,6,14,3,23,15,24,16,19,20,4,11,12,7,8],[6,14,18,2,10,22,3,15,23,16,24,4,19,20,11,12,8],[10,14,2,6,22,18,15,3,23,24,16,4,19,20,11,12,7,8],[22,14,6,18,10,2,3,15,23,16,24,19,20,4,11,12,7,8],[6,22,14,10,18,2,15,3,23,16,24,19,20,4,11,12,13],[6,10,18,14,22,2,15,3,23,24,16,19,20,4,11,12,7,8],[10,18,6,14,2,22,15,3,23,24,16,19,20,4,11,12,13],[22,18,14,6,2,10,3,15,23,24,16,19,20,4,11,12,7,8],[18,22,2,6,10,14,3,23,15,16,24,4,19,20,11,12,8],[6,14,18,10,22,2,3,15,23,24,16,19,20,4,11,12,7,8],[10,2,6,18,14,22,3,23,15,16,24,19,20,11,12,4,7,8],[6,22,18,2,10,14,15,3,23,16,24,4,20,11,12,19,7,8],[6,18,2,10,22,14,15,3,23,16,24,4,19,20,11,12,7,8],[14,6,22,18,2,10,15,3,24,23,16,4,19,20,11,12,21],[6,2,22,10,14,18,15,4,23,24,19,16,20,3,11,12,21],[22,10,18,6,14,2,15,16,3,23,24,19,20,4,11,12,7,8],[22,18,2,6,10,14,3,15,23,24,16,4,19,20,11,12,7,8],[14,6,10,18,22,2,3,23,15,16,24,4,19,20,11,12,7,8],[2,6,18,22,14,10,3,15,23,24,16,19,20,4,11,12,8],[2,6,14,10,18,22,15,3,23,16,24,4,19,20,11,12,7,8],[14,2,18,22,6,10,3,24,15,23,16,19,20,4,11,12,8],[14,18,22,10,2,6,3,15,23,24,19,16,20,4,12,7,8],[14,6,22,18,2,10,15,3,23,16,24,19,20,4,11,12,7,8],[6,22,14,2,10,18,15,3,23,24,16,19,20,4,11,12,7,8],[14,22,6,18,10,2,3,23,15,16,24,19,20,4,11,12,8],[22,10,2,6,18,14,23,3,15,24,16,19,20,4,11,12,13],[2,14,22,18,6,10,15,3,23,16,24,4,19,20,11,12,7,8],[10,14,6,22,2,18,15,3,23,16,24,4,19,20,11,12,7,8],[10,18,22,14,2,6,15,3,23,16,24,4,19,20,11,12,7,8],[2,10,14,18,6,22,3,15,24,23,16,4,19,20,11,12,7,8],[18,22,14,2,10,6,3,15,23,24,16,19,20,4,11,12,7,8],[18,6,10,22,14,2,3,23,15,16,24,19,20,4,11,12,7,8],[18,2,6,22,10,14,15,3,23,24,16,19,20,4,11,12,7,8],[10,2,6,22,14,18,15,4,23,16,24,19,20,3,11,12,13],[18,14,2,22,10,6,15,3,23,24,16,4,19,20,11,12,7,8],[2,10,22,14,18,6,3,15,23,16,24,19,20,4,11,12,7,8],[22,14,18,2,10,6,15,3,23,24,16,20,4,11,12,19,7,8],[18,14,6,22,2,10,4,23,15,24,19,16,20,3,12,7,8],[10,6,22,18,2,14,3,23,15,16,24,4,20,11,12,19,7,8],[6,2,22,10,18,14,15,3,23,16,24,4,19,20,11,12,7,8],[22,6,2,18,10,14,3,23,15,16,24,4,19,20,11,12,7,8],[14,18,6,10,22,2,15,3,23,24,16,19,20,4,11,12,7,8],[10,18,6,2,14,22,15,3,23,24,16,19,20,4,11,12,7,8],[6,14,2,18,22,10,15,3,23,24,16,4,20,11,12,19,13],[6,14,10,18,2,22,3,15,23,16,24,19,20,4,11,12,7,8],[14,18,2,6,22,10,15,3,23,24,16,19,20,4,11,12,8],[22,6,14,10,2,18,3,23,15,24,16,4,19,20,11,12,13],[2,6,22,18,14,10,15,3,23,16,24,19,20,4,11,12,7,8],[22,10,14,2,18,6,3,23,15,16,24,19,20,4,11,12,7,8],[18,14,10,6,2,22,3,15,23,16,24,19,20,4,12,7,8],[18,14,10,22,6,2,15,3,23,24,16,19,20,4,11,12,8],[14,2,18,22,6,10,3,23,15,16,24,4,19,20,11,12,8],[18,22,14,6,2,10,3,23,15,16,24,4,20,11,12,19,7,8],[18,2,10,14,6,22,3,15,24,23,16,4,19,20,11,12,7,8],[18,22,10,14,2,6,3,23,15,16,24,4,19,20,11,12,13],[6,18,14,22,10,2,3,15,23,24,16,4,19,20,11,12,7,8],[18,6,22,10,14,2,3,15,23,16,24,4,19,20,11,12,7,8],[22,6,14,10,18,2,3,23,15,24,16,19,20,4,11,12,7,8],[2,18,22,14,10,6,3,23,15,24,16,4,19,20,11,12,7,8],[22,6,2,14,18,10,3,23,15,16,24,19,20,4,11,12,7,8],[6,18,14,10,22,2,3,15,23,24,16,19,20,4,11,12,7,8],[10,22,6,2,18,14,3,23,15,16,24,4,19,20,11,12,7,8],[10,2,14,18,22,6,15,3,24,23,4,16,19,20,12,7,8],[14,6,2,10,22,18,23,3,15,24,16,4,19,20,11,12,7,8],[6,18,22,2,14,10,3,23,15,16,24,19,20,4,11,12,7,8],[22,2,18,10,6,14,23,3,15,24,16,19,20,4,11,12,7,8],[18,2,10,22,14,6,3,15,23,16,24,19,20,4,12,7,8],[14,18,2,22,10,6,15,3,23,16,24,19,20,4,11,12,7,8],[14,10,18,2,6,22,3,15,23,24,16,4,19,20,11,12,7,8],[18,6,22,10,2,14,15,3,23,24,16,4,19,20,12,8,7],[2,10,6,14,22,18,3,23,15,24,16,4,19,20,12,7,8],[10,6,14,22,18,2,3,23,15,24,16,4,19,20,11,12,7,8],[10,2,6,14,18,22,15,4,23,16,24,19,20,3,11,12,8],[14,22,18,6,2,10,3,15,23,16,24,4,19,20,11,12,21],[10,18,2,14,22,6,15,4,23,16,24,19,20,3,11,12,7,8],[2,18,22,10,14,6,15,3,23,16,24,19,20,4,11,12,7,8],[18,14,22,6,10,2,3,15,23,24,16,19,20,4,11,12,8],[2,6,10,22,18,14,3,23,15,16,24,4,11,12,19,20,13],[22,18,6,14,10,2,3,15,23,16,24,4,19,20,11,12,13],[22,18,6,10,2,14,23,3,15,24,16,4,19,20,11,12,7,8],[14,10,22,6,18,2,3,23,15,16,24,19,20,4,11,12,21],[22,10,6,2,14,18,15,3,23,24,16,4,19,20,11,12,7,8],[2,18,6,10,14,22,3,15,23,16,24,19,20,4,11,12,7,8],[6,22,18,14,2,10,3,15,23,16,24,4,19,20,11,12,7,8],[10,18,14,2,6,22,15,3,23,24,16,4,19,20,11,12,7,8],[18,10,6,2,14,22,3,23,15,16,24,4,19,20,11,12,7,8],[10,14,22,2,18,6,15,3,24,23,16,4,20,11,12,19,7,8],[6,22,18,2,10,14,15,3,23,16,24,19,20,4,11,12,7,8],[6,22,18,2,10,14,3,23,15,16,24,19,20,4,11,12,7,8],[2,22,18,10,6,14,15,3,23,24,16,19,20,4,11,12,7,8],[14,10,18,2,6,22,15,3,23,24,16,19,20,4,11,12,7,8],[10,18,6,2,22,14,15,3,23,24,16,19,20,4,11,12,7,8],[18,10,2,6,14,22,3,15,23,24,16,19,20,4,12,21,7,8],[2,10,22,6,18,14,3,23,15,16,24,20,4,11,12,19,7,8],[22,18,10,2,6,14,3,15,23,16,24,19,20,4,11,12,8],[6,2,14,22,10,18,3,15,24,23,16,4,19,20,11,12,7,8],[10,14,22,6,2,18,3,23,15,24,16,19,20,4,11,12,21],[18,10,2,22,6,14,3,15,23,24,16,19,20,4,11,12,21],[18,6,2,14,10,22,3,15,23,16,24,19,20,4,11,12,7,8],[22,10,18,6,2,14,15,3,23,16,24,19,20,4,12,21,7,8],[10,6,2,22,14,18,3,23,15,24,16,4,19,20,11,12,7,8],[22,18,6,14,10,2,15,3,23,24,16,19,20,4,11,12,7,8],[18,14,10,22,6,2,3,23,15,16,24,19,20,4,11,12,8],[14,2,22,6,18,10,3,23,15,24,16,4,19,20,11,12,21],[6,2,18,14,22,10,3,23,15,16,24,19,20,4,11,12,13],[2,10,14,22,6,18,3,23,15,16,24,19,20,4,11,12,7,8],[14,6,22,18,10,2,15,3,23,16,24,20,4,11,12,19,7,8],[10,18,6,14,22,2,3,15,23,24,19,20,16,4,11,12,7,8],[18,10,2,14,6,22,3,23,15,24,16,19,20,11,12,4,8],[2,14,10,18,22,6,3,15,23,24,16,19,20,4,11,12,7,8],[18,2,10,22,6,14,15,3,23,16,24,4,19,20,11,12,7,8],[18,6,22,2,10,14,3,23,15,16,24,4,19,20,11,12,7,8],[22,14,10,2,18,6,15,3,23,24,19,20,16,4,11,12,7,8],[10,6,14,18,22,2,15,3,23,24,16,19,20,4,11,12,8],[14,10,6,18,2,22,3,23,15,24,16,19,20,4,11,12,7,8],[18,10,14,22,2,6,23,3,15,24,16,19,20,4,11,12,7,8],[10,2,6,14,18,22,15,3,23,24,16,19,20,4,11,12,7,8],[6,22,18,14,2,10,3,15,23,16,24,19,20,4,11,12,7,8],[2,18,10,22,14,6,15,3,23,16,24,19,20,4,11,12,7,8],[14,10,22,2,6,18,3,15,23,16,24,19,20,4,11,12,13],[18,22,6,14,2,10,15,3,23,24,16,4,19,20,11,12,7,8],[2,18,10,6,14,22,15,3,23,24,16,4,19,20,11,12,8],[10,6,22,2,14,18,15,3,23,16,24,19,20,4,11,12,7,8],[22,10,6,18,14,2,3,15,23,24,4,16,19,20,11,12,13],[2,6,22,10,14,18,15,3,23,24,16,4,19,20,11,12,7,8],[22,10,2,18,14,6,3,23,15,24,16,4,19,20,11,12,7,8],[18,6,10,14,2,22,15,3,23,24,16,4,19,20,11,12,7,8],[22,2,10,14,6,18,3,15,23,24,16,4,19,20,11,12,7,8],[22,10,2,6,18,14,15,3,23,24,16,20,4,11,12,19,13],[6,22,14,18,2,10,15,3,23,16,24,19,20,4,11,12,8],[14,18,10,2,22,6,15,3,24,23,16,19,20,4,11,12,7,8],[10,18,14,22,6,2,3,23,15,16,24,4,20,11,12,19,7,8],[6,14,10,18,22,2,15,3,23,16,24,4,19,20,11,12,7,8],[14,2,22,18,10,6,23,3,15,16,24,19,20,4,11,12,7,8],[14,22,10,2,18,6,15,3,23,16,24,4,19,20,11,12,7,8],[2,22,10,18,14,6,3,23,15,16,24,4,20,11,12,19,13],[6,14,2,18,10,22,3,23,15,16,24,19,20,4,11,12,21],[2,14,10,22,6,18,3,23,15,24,19,20,16,4,11,12,8],[6,10,18,14,2,22,3,23,15,24,16,4,19,20,11,12,7,8],[22,14,18,10,2,6,3,23,15,24,16,4,19,20,11,12,7,8],[18,22,14,6,2,10,3,15,23,24,16,19,20,4,11,12,21],[6,18,14,2,10,22,3,23,15,16,24,19,20,4,11,12,7,8],[18,2,22,6,10,14,15,23,3,16,24,19,20,4,11,12,8],[14,6,2,10,22,18,3,23,15,16,24,19,20,4,11,12,7,8],[2,6,10,14,18,22,3,15,23,24,16,4,11,12,19,20,7,8],[2,6,10,18,14,22,15,3,23,16,24,19,20,4,11,12,7,8],[2,6,10,14,18,22,15,3,23,24,16,19,20,4,11,12,7,8],[14,18,10,2,22,6,3,15,23,24,16,19,20,4,12,7,8],[6,22,18,14,10,2,3,23,15,24,16,4,19,20,11,12,7,8],[22,2,6,10,18,14,15,3,23,24,16,4,19,20,11,12,7,8],[14,2,6,22,10,18,15,3,23,24,19,16,20,4,11,12,7,8],[22,10,2,6,14,18,15,3,23,16,24,4,19,20,11,12,21],[6,14,18,10,2,22,3,15,16,23,24,19,20,4,11,12,7,8],[10,18,2,6,14,22,15,3,23,16,24,4,19,20,11,12,7,8],[10,2,6,22,14,18,15,3,23,16,24,19,20,4,11,12,7,8],[18,22,6,10,14,2,15,3,23,16,24,20,4,12,19,7,8],[10,18,22,2,6,14,15,3,23,24,16,19,20,4,11,12,7,8],[10,22,14,6,2,18,15,3,23,16,24,4,20,11,12,19,7,8],[6,10,14,2,22,18,15,3,16,23,24,4,19,20,11,12,7,8],[14,22,10,6,18,2,3,23,15,24,16,19,20,4,11,12,7,8],[10,2,18,14,6,22,3,23,15,16,24,19,20,4,11,12,7,8],[18,10,14,22,6,2,15,3,23,24,16,4,19,20,11,12,7,8],[22,6,14,18,2,10,3,23,15,24,20,16,4,11,12,19,7,8],[6,10,14,2,18,22,16,3,23,4,19,24,20,11,12,15,7,8],[18,6,22,2,10,14,15,4,23,16,24,3,19,20,11,12,7,8],[22,2,10,18,14,6,3,23,15,24,16,19,20,4,11,12,8],[6,22,18,2,10,14,3,15,23,24,16,19,20,4,11,12,7,8],[2,14,6,18,10,22,3,15,23,24,16,19,20,4,11,12,21],[6,22,18,10,2,14,3,15,24,23,16,19,20,4,11,12,7,8],[10,2,18,14,6,22,23,3,15,24,16,19,20,4,11,12,7,8],[14,6,22,18,10,2,15,3,23,16,24,19,20,4,11,12,21],[22,2,6,18,10,14,15,3,23,16,24,19,20,4,11,12,7,8],[14,2,10,22,6,18,15,3,23,16,24,19,20,4,12,21,7,8],[6,2,10,18,22,14,15,3,23,16,24,19,20,4,12,7,8],[2,6,14,22,18,10,23,3,15,16,24,4,19,20,11,12,8],[6,14,10,22,2,18,3,23,15,16,24,4,19,20,11,12,7,8],[2,14,22,6,18,10,15,3,23,16,24,19,20,4,11,12,13],[2,6,18,14,10,22,15,3,16,23,24,4,19,20,11,12,7,8],[18,10,2,6,22,14,15,3,23,24,20,16,4,11,12,19,13],[22,6,18,2,14,10,3,15,23,24,16,4,19,20,11,12,7,8],[14,10,22,6,18,2,3,15,24,23,16,19,20,4,11,12,13],[14,22,18,2,6,10,15,3,23,16,24,19,20,4,11,12,7,8],[2,22,18,6,10,14,3,15,23,24,12,16,19,20,4,7,8],[18,6,22,14,2,10,15,3,23,16,24,4,19,20,11,12,7,8],[22,10,14,6,2,18,3,15,23,16,24,19,20,4,11,12,8],[6,18,2,10,22,14,3,23,15,16,24,19,20,4,11,12,7,8],[22,6,2,14,10,18,3,23,15,16,24,4,19,20,11,12,7,8],[10,18,2,14,6,22,3,15,23,24,16,19,20,4,11,12,8],[2,18,6,22,14,10,15,3,23,24,16,19,20,4,11,12,7,8],[10,6,18,14,22,2,15,3,23,16,24,19,20,12,4,7,8],[14,22,2,6,18,10,15,4,24,23,16,19,20,3,11,12,7,8],[22,6,14,2,18,10,3,23,15,16,24,4,19,20,11,12,7,8],[2,6,10,22,14,18,3,15,23,24,16,4,19,20,11,12,7,8],[6,22,2,14,18,10,3,23,15,16,24,4,20,11,12,19,7,8],[22,6,10,2,14,18,3,15,23,16,24,19,20,4,11,12,7,8],[14,2,22,10,18,6,15,3,23,24,16,4,19,20,11,12,13],[10,2,22,14,18,6,15,3,23,16,24,4,19,20,11,12,7,8],[18,10,6,22,2,14,15,3,23,24,16,19,20,4,11,12,13],[10,14,2,22,6,18,15,4,23,16,24,20,3,11,12,19,13],[6,14,22,18,10,2,23,3,15,16,24,19,20,4,11,12,7,8],[18,6,10,14,22,2,15,3,23,16,24,4,19,20,11,12,7,8],[6,2,18,22,14,10,3,23,15,16,24,20,4,11,12,19,7,8],[18,22,2,10,6,14,15,3,23,24,16,4,19,20,11,12,7,8],[14,10,18,22,6,2,15,3,23,16,24,19,20,4,11,12,8],[18,22,10,2,6,14,3,24,15,23,16,19,20,4,11,12,7,8],[14,18,10,2,22,6,15,3,23,16,24,19,20,4,11,12,7,8],[18,22,6,14,10,2,3,23,15,24,20,16,4,11,12,19,7,8],[2,6,14,10,18,22,15,3,23,24,16,4,19,20,11,12,7,8],[22,2,10,18,14,6,3,15,23,16,24,19,20,4,11,12,7,8],[22,14,6,10,2,18,15,3,23,24,16,4,19,20,11,12,7,8],[2,18,6,10,22,14,3,23,15,24,16,19,20,4,12,7,8],[6,14,10,2,18,22,3,15,23,24,16,20,4,11,12,19,13],[6,10,14,22,2,18,3,15,23,16,24,19,20,4,11,12,13],[10,14,2,6,22,18,15,3,23,16,24,19,20,4,11,12,7,8],[18,22,6,10,2,14,15,3,23,16,24,19,20,4,11,12,7,8],[22,14,2,10,6,18,3,15,23,24,16,4,19,20,11,12,21],[2,10,22,6,18,14,15,3,23,16,24,19,20,4,11,12,7,8],[6,2,14,10,18,22,3,23,15,24,16,4,19,20,11,12,7,8],[14,18,22,2,6,10,3,23,15,24,16,19,20,4,11,12,7,8],[14,6,18,22,10,2,3,23,15,16,24,19,20,4,11,12,7,8],[2,22,14,10,6,18,15,3,23,16,24,4,19,20,11,12,21],[22,6,2,18,14,10,15,3,23,24,16,4,19,20,11,12,7,8],[6,18,14,22,10,2,15,3,24,23,16,19,20,4,11,12,7,8],[6,2,10,14,18,22,3,15,23,16,24,19,20,4,11,12,7,8],[22,6,18,10,2,14,3,23,15,24,16,4,19,20,11,12,7,8],[2,18,6,14,