{"problem_id":"iY5ihY525D06K48","sigma":75,"alpha":10.000,"cost":1,"probabilities":"[0.15000000000000002, 0.3, 0.28, 0.27]","payoff_matrix":"[[-45, -34, -5, 9, -41, -82], [-4, -65, -31, -8, -27, -9], [-20, 43, 47, 75, 21, 5], [-25, 15, -55, -45, -20, -11]]","uncovered":[[18,10,22,6,14,2,3,23,15,19,11,12],[10,14,22,6,18,2,3,15,23,19,11,16,12,24,20,4],[6,2,18,14,22,10,15,3,23,19,11,12],[14,10,22,2,18,6,15,3,23,19,11,12],[18,22,10,2,6,14,15,3,23,19,11,16,12,24,20,4],[10,22,18,6,2,14,15,3,23,19,11,12],[22,2,14,10,6,18,3,23,15,19,11,16,12,24,20,4],[18,22,2,14,6,10,15,3,23,19,11,16,12,24,20,4],[22,18,14,2,10,6,3,15,23,19,11,16,12,24,20,4],[6,22,18,10,14,2,15,3,23,19,11,16,12,24,20,4],[10,14,2,6,18,22,3,15,23,19,11,12],[10,18,22,6,2,14,15,3,23,19,11,16,12,24,20,4],[10,6,22,2,18,14,15,3,23,19,11,12],[22,10,2,14,6,18,3,15,23,19,11,16,12,24,20,4],[22,10,14,18,6,2,15,3,23,19,11,12],[18,10,22,14,6,2,15,3,23,19,11,16,12,24,20,4],[10,6,2,14,22,18,3,23,15,19,11,16,12,24,20,4],[6,14,18,2,22,10,15,3,23,19,11,16,12,24,20,4],[18,2,10,14,6,22,15,3,23,19,11,16,12,24,20,4],[10,18,14,6,2,22,15,3,23,19,11,16,12,24,20,4],[14,18,22,10,6,2,3,23,15,19,11,16,12,24,20,4],[22,18,6,2,10,14,15,3,23,19,16,24,20,11,12,4],[22,2,14,18,6,10,3,15,23,19,11,12],[22,18,14,6,10,2,3,15,23,19,11,12],[10,2,22,18,14,6,3,15,23,19,11,12],[2,22,18,10,6,14,15,3,23,19,11,12],[14,10,18,22,2,6,15,3,23,19,11,16,12,24,20,4],[14,6,18,2,10,22,15,3,23,19,11,12],[14,22,18,2,10,6,3,15,23,19,11,12],[10,18,22,6,2,14,3,15,23,19,11,16,12,24,20,4],[22,6,2,14,18,10,3,15,23,19,11,16,12,24,20,4],[10,18,2,22,6,14,15,3,23,19,11,12],[22,2,6,10,14,18,15,3,23,19,11,12],[14,18,22,6,10,2,3,15,23,19,11,16,12,24,20,4],[10,2,6,18,22,14,3,15,23,19,11,12],[14,10,2,18,6,22,3,23,15,19,11,16,12,24,20,4],[6,22,14,2,18,10,3,23,15,19,11,12],[22,2,18,14,6,10,3,15,23,19,11,12],[2,22,18,10,14,6,15,3,23,19,24],[10,22,14,6,2,18,3,23,15,19,12],[14,18,6,2,10,22,15,3,23,19,11,12],[18,2,6,10,14,22,15,3,23,19,11,16,12,24,20,4],[22,6,14,18,2,10,15,3,23,19,11,16,12,24,20,4],[14,10,6,2,18,22,3,23,15,19,11,16,12,24,20,4],[10,2,6,22,18,14,3,15,23,19,11,16,12,24,20,4],[22,10,18,14,2,6,3,23,15,19,11,12],[2,22,14,10,6,18,3,15,23,19,12],[10,6,2,18,14,22,3,23,15,19,16,24,20,11,12,4],[18,22,2,10,14,6,15,3,23,19,11,12],[2,18,22,10,14,6,3,15,23,19,11,16,12,24,20,4],[10,2,14,6,22,18,3,15,23,19,11,16,12,24,20,4],[10,22,6,14,2,18,3,23,15,19,11,12],[10,2,14,22,6,18,3,23,15,19,11,16,12,24,20,4],[18,22,6,10,2,14,3,15,23,20,11,16,12,24,4],[18,14,6,10,2,22,15,3,23,19,11,16,12,24,20,4],[14,22,10,2,18,6,15,3,23,19,11,12],[10,14,22,6,2,18,15,3,23,19,16,24,20,11,12,4],[2,6,10,18,14,22,15,3,23,19,16,24,20,11,12,4],[2,14,10,6,18,22,15,3,23,20,11,12],[18,22,6,2,10,14,3,23,15,19,11,12],[22,6,14,18,10,2,15,3,23,19,11,16,12,24,20,4],[14,22,10,18,2,6,3,23,15,19,11,12],[18,10,2,22,6,14,15,3,23,19,11,12],[22,14,6,18,2,10,3,23,15,19,11,12],[14,18,2,6,10,22,15,3,23,19,11,12],[2,14,10,6,18,22,3,23,15,19,11,12],[18,22,10,6,14,2,3,15,23,19,11,16,12,24,20,4],[6,2,10,22,14,18,3,23,15,19,11,16,12,24,20,4],[10,18,14,22,2,6,3,23,15,19,11,12],[6,14,2,10,18,22,15,3,23,19,11,16,12,24,20,4],[14,22,6,10,2,18,15,3,23,19,11,12],[18,14,6,2,10,22,15,3,23,19,11,16,12,24,20,4],[22,18,14,6,10,2,15,3,23,19,11,12],[6,2,14,10,18,22,3,15,23,19,11,12],[10,2,14,18,22,6,3,15,23,19,11,12],[6,2,18,22,14,10,15,3,23,19,11,12],[14,22,2,18,6,10,15,3,23,19,11,12],[10,6,22,18,2,14,15,3,23,19,11,12],[22,6,2,18,10,14,3,23,15,19,11,12],[10,6,2,14,18,22,15,3,23,19,11,12],[6,18,2,14,22,10,15,3,23,19,11,16,12,24,20,4],[2,14,6,18,10,22,3,15,23,19,11,16,12,24,20,4],[18,22,6,10,14,2,3,23,15,19,11,16,12,24,20,4],[18,2,6,10,14,22,3,23,15,19,11,16,12,24,20,4],[22,2,18,10,14,6,3,15,23,19,11,16,12,24,20,4],[6,18,14,2,10,22,3,23,15,19,11,16,12,24,20,4],[22,10,6,14,2,18,3,15,23,19,11,16,12,24,20,4],[6,14,10,18,22,2,15,3,23,19,11,16,12,24,20,4],[18,6,22,10,14,2,3,15,23,19,11,12],[2,22,14,6,18,10,3,15,23,19,11,12],[6,2,18,10,22,14,15,3,23,19,11,16,12,24,20,4],[18,14,10,22,6,2,15,3,23,19,11,16,12,24,20,4],[2,14,10,6,18,22,15,3,23,19,11,16,12,24,20,4],[22,18,10,14,6,2,15,3,23,19,11,12],[14,18,6,10,22,2,15,3,23,19,11,16,12,24,20,4],[18,2,6,14,22,10,15,3,23,19,11,16,12,24,20,4],[6,22,10,14,18,2,3,23,15,19,11,16,12,24,20,4],[6,14,22,2,10,18,3,15,23,19,11,16,12,24,20,4],[6,10,22,2,18,14,15,3,23,19,11,16,12,24,20,4],[14,22,6,2,10,18,15,3,23,19,11,16,12,24,20,4],[14,10,22,6,2,18,3,23,15,19,11,12],[18,22,10,6,14,2,15,3,23,19,11,12],[6,22,2,14,18,10,15,3,23,19,11,12],[6,14,2,22,10,18,3,15,23,19,11,12],[6,14,10,2,18,22,15,3,23,19,11,16,12,24,20,4],[10,2,18,22,14,6,15,3,23,19,11,16,12,24,20,4],[14,2,6,18,22,10,15,3,23,19,11,16,12,24,20,4],[22,10,18,14,6,2,15,3,23,19,16,24,20,11,12,4],[18,6,10,2,14,22,15,3,23,19,11,12],[18,2,22,10,6,14,3,23,15,19,11,16,12,24,20,4],[6,2,14,10,18,22,3,15,23,19,11,16,12,24,20,4],[10,22,18,6,14,2,15,3,23,19,11,16,12,24,20,4],[22,6,14,18,2,10,15,3,23,19,11,16,12,24,20,4],[2,10,22,14,18,6,3,23,15,19,11,12],[10,18,6,22,2,14,15,3,23,19,24],[18,22,10,14,6,2,15,3,23,19,11,16,12,24,20,4],[10,14,6,18,22,2,3,23,15,19,11,16,12,24,20,4],[6,18,2,14,22,10,3,23,15,19,11,12],[18,2,6,10,22,14,3,23,15,19,11,16,12,24,20,4],[18,22,10,6,14,2,3,15,23,19,11,12],[22,2,18,14,6,10,15,3,23,19,11,12],[22,18,14,6,2,10,3,23,15,19,11,16,12,24,20,4],[18,10,22,2,6,14,15,3,23,19,11,16,12,24,20,4],[6,18,14,22,10,2,3,15,23,19,11,12],[6,14,18,10,22,2,15,3,23,19,11,12],[10,22,14,2,18,6,3,15,23,19,11,16,12,24,20,4],[6,10,18,14,2,22,3,15,23,19,11,16,12,24,20,4],[14,18,2,10,6,22,3,15,23,19,11,12],[14,6,18,10,2,22,3,23,15,19,11,12],[22,18,2,14,6,10,3,15,23,19,11,16,12,24,20,4],[14,6,10,2,22,18,15,3,23,19,11,16,12,24,20,4],[14,18,10,6,22,2,3,15,23,19,11,16,12,24,20,4],[6,10,18,14,2,22,15,3,23,19,12],[18,6,22,10,2,14,15,3,23,19,11,16,12,24,20,4],[10,14,6,18,22,2,3,15,23,19,11,12],[18,6,22,14,10,2,15,3,23,19,11,16,12,24,20,4],[2,18,6,22,14,10,15,3,23,19,11,16,12,24,20,4],[10,6,18,14,22,2,3,15,23,19,11,12],[18,22,2,14,6,10,3,15,23,19,11,16,12,24,20,4],[18,10,2,22,6,14,15,3,23,19,11,12],[14,2,22,18,6,10,15,3,23,19,11,12],[6,22,10,14,18,2,3,23,15,19,11,12],[2,22,6,10,18,14,15,3,23,19,11,12],[10,18,6,22,2,14,3,15,23,19,11,12],[6,18,10,22,2,14,15,3,23,19,11,16,12,24,20,4],[2,18,6,22,10,14,15,3,23,19,11,12],[18,14,10,6,2,22,15,3,23,19,11,16,12,24,20,4],[14,10,2,18,22,6,3,23,15,19,11,12],[2,10,18,22,6,14,15,3,23,19,11,16,12,24,20,4],[18,14,22,6,10,2,15,3,23,19,11,16,12,24,20,4],[2,10,18,22,6,14,15,3,23,19,11,12],[2,22,6,10,18,14,15,3,23,19,11,12],[6,2,18,10,22,14,3,23,15,19,11,16,12,24,20,4],[6,18,2,10,14,22,15,3,23,19,11,16,12,24,20,4],[18,14,10,2,6,22,3,15,23,19,11,12],[22,18,6,10,2,14,15,3,23,19,11,12],[18,14,6,10,2,22,3,23,15,19,11,12],[22,2,10,14,18,6,3,23,15,19,11,12],[22,18,6,14,2,10,3,23,15,19,11,16,12,24,20,4],[10,22,14,18,2,6,15,3,23,19,11,16,12,24,20,4],[14,22,10,2,18,6,3,23,15,19,11,16,12,24,20,4],[18,2,10,22,6,14,15,3,23,19,11,12],[18,10,6,22,2,14,15,3,23,19,11,12],[6,14,2,10,18,22,3,15,23,19,11,12],[6,22,18,14,2,10,15,3,23,19,11,12],[2,22,18,10,6,14,3,15,23,19,11,12],[6,2,10,22,14,18,3,23,15,19,11,16,12,24,20,4],[10,2,6,14,18,22,15,3,23,19,11,16,12,24,20,4],[10,22,6,2,14,18,3,23,15,19,11,12],[6,10,18,14,2,22,3,23,15,19,11,16,12,24,20,4],[6,2,14,22,10,18,15,3,23,19,11,12],[10,6,14,2,22,18,15,3,23,19,12],[18,2,6,14,10,22,15,3,23,19,11,12],[10,14,6,18,22,2,15,3,23,19,11,12],[10,18,2,6,14,22,3,23,15,19,11,16,12,24,20,4],[14,18,6,2,10,22,15,3,23,19,11,16,12,24,20,4],[22,18,14,10,2,6,15,3,23,19,11,16,12,24,20,4],[2,22,6,10,14,18,3,23,15,19,11,12],[22,6,14,18,10,2,3,23,15,19,11,12],[2,14,10,6,18,22,3,15,23,19,11,12],[10,6,2,14,18,22,15,3,23,19,24],[22,2,18,14,6,10,3,15,23,20,11,12],[22,10,2,6,18,14,3,23,15,19,11,16,12,24,20,4],[18,2,6,10,22,14,15,3,23,19,11,12],[14,6,10,22,18,2,15,3,23,19,16,24,20,11,12,4],[10,22,18,6,14,2,15,3,23,19,12],[6,18,2,14,22,10,3,15,23,19,11,16,12,24,20,4],[14,10,6,22,2,18,3,15,23,20,11,12],[2,10,6,22,18,14,3,15,23,19,11,16,12,24,20,4],[14,10,6,18,22,2,15,3,23,19,11,16,12,24,20,4],[10,6,18,22,2,14,15,3,23,19,11,12],[14,22,18,10,2,6,15,3,23,20,11,16,12,24,4],[10,2,18,14,22,6,15,3,23,19,11,16,12,24,20,4],[22,10,6,2,18,14,15,3,23,19,12],[2,6,14,18,22,10,15,3,23,19,11,16,12,24,20,4],[22,6,2,18,10,14,3,15,23,19,11,12],[10,14,6,22,2,18,15,3,23,19,24],[18,10,2,14,22,6,3,15,23,19,11,12],[10,6,18,2,14,22,3,23,15,19,11,16,12,24,20,4],[18,6,10,22,2,14,15,3,23,19,11,12],[22,18,2,6,10,14,15,3,23,19,11,16,12,24,20,4],[10,22,14,2,6,18,15,3,23,19,11,12],[14,6,18,10,22,2,15,3,23,19,11,16,12,24,20,4],[14,18,10,22,6,2,3,15,23,19,11,12],[14,10,6,18,22,2,3,23,15,19,11,16,12,24,20,4],[2,22,14,6,18,10,3,23,15,19,11,12],[22,18,2,14,10,6,3,23,15,19,11,16,12,24,20,4],[18,22,10,2,14,6,15,3,23,19,11,12],[18,2,6,14,22,10,15,3,23,19,11,12],[10,18,6,22,2,14,3,23,15,19,11,16,12,24,20,4],[2,14,22,18,10,6,3,23,15,19,11,12],[22,6,2,18,14,10,3,15,23,19,11,16,12,24,20,4],[10,18,6,22,14,2,15,3,23,19,11,12],[6,10,18,22,2,14,15,3,23,19,11,12],[2,18,6,22,10,14,15,3,23,19,11,12],[22,10,18,2,14,6,3,23,15,19,11,16,12,24,20,4],[2,10,14,18,6,22,15,3,23,19,11,16,12,24,20,4],[22,18,10,2,14,6,3,15,23,19,11,12],[6,18,10,14,22,2,3,15,23,19,11,16,12,24,20,4],[18,22,14,2,6,10,3,23,15,19,11,16,12,24,20,4],[2,18,6,10,22,14,3,23,15,19,11,16,12,24,20,4],[18,2,14,22,10,6,3,15,23,19,24],[6,22,14,10,18,2,15,3,23,19,11,16,12,24,20,4],[22,14,2,10,6,18,3,23,15,19,11,12],[10,18,22,6,2,14,15,3,23,19,11,16,12,24,20,4],[22,10,18,14,2,6,3,15,23,19,11,16,12,24,20,4],[6,18,14,2,10,22,15,3,23,19,16,24,20,11,12,4],[10,14,18,6,2,22,3,23,15,19,11,16,12,24,20,4],[22,14,18,10,6,2,3,15,23,19,11,12],[22,2,18,14,6,10,3,23,15,19,11,16,12,24,20,4],[18,22,2,6,14,10,15,3,23,19,11,12],[6,10,22,14,18,2,15,3,23,19,11,16,12,24,20,4],[14,10,22,2,6,18,3,23,15,19,11,16,12,24,20,4],[6,18,2,22,14,10,15,3,23,20,11,16,12,24,4],[22,6,14,18,10,2,3,15,23,19,11,16,12,24,20,4],[6,18,2,22,14,10,3,15,23,19,11,16,12,24,20,4],[10,14,18,6,22,2,15,3,23,19,24],[6,10,2,22,18,14,3,23,15,19,11,12],[14,22,6,2,10,18,15,3,23,19,11,12],[6,10,18,14,22,2,15,3,23,19,11,12],[22,18,14,6,2,10,3,15,23,19,11,12],[10,6,22,2,14,18,15,3,23,19,11,12],[10,6,14,22,2,18,3,15,23,19,11,16,12,24,20,4],[22,2,10,14,18,6,15,3,23,19,11,16,12,24,20,4],[10,18,2,6,14,22,3,23,15,19,11,12],[18,2,22,6,14,10,15,3,23,19,11,16,12,24,20,4],[6,14,10,22,18,2,15,3,23,19,11,16,12,24,20,4],[6,22,18,2,14,10,15,3,23,20,11,16,12,24,4],[18,2,10,14,6,22,3,15,23,19,11,12],[22,14,2,10,18,6,3,15,23,19,11,12],[22,2,14,10,18,6,15,3,23,19,11,12],[22,14,6,2,18,10,15,3,23,19,11,12],[18,6,22,2,14,10,15,3,23,19,11,16,12,24,20,4],[2,14,6,22,10,18,15,3,23,19,11,16,12,24,20,4],[10,14,6,22,2,18,3,15,23,19,11,12],[18,14,6,22,2,10,15,3,23,19,11,12],[10,14,2,6,22,18,3,23,15,19,11,12],[6,10,14,2,18,22,3,15,23,19,11,16,12,24,20,4],[6,18,14,22,10,2,15,3,23,19,11,12],[10,18,2,6,22,14,15,3,23,19,11,12],[22,14,10,6,18,2,3,23,15,19,11,12],[2,6,10,22,18,14,15,3,23,19,11,16,12,24,20,4],[6,10,14,2,22,18,3,15,23,19,11,16,12,24,20,4],[10,6,2,14,18,22,3,23,15,19,11,12],[10,18,2,6,22,14,3,23,15,19,11,16,12,24,20,4],[6,10,22,14,2,18,3,15,23,19,11,16,12,24,20,4],[18,6,22,10,14,2,15,3,23,19,11,12],[18,2,22,6,14,10,3,15,23,19,11,16,12,24,20,4],[2,10,18,14,22,6,15,3,23,19,11,16,12,24,20,4],[10,6,14,22,2,18,3,15,23,19,11,16,12,24,20,4],[22,14,6,10,2,18,15,3,23,19,11,16,12,24,20,4],[2,18,10,22,6,14,15,3,23,19,11,12],[2,6,18,14,22,10,3,15,23,19,11,12],[18,10,14,6,2,22,15,3,23,19,11,12],[6,2,14,10,22,18,15,3,23,19,11,12],[6,22,18,14,2,10,15,3,23,19,11,12],[14,18,22,6,2,10,15,3,23,19,11,16,12,24,20,4],[2,22,6,14,18,10,3,23,15,19,11,12],[14,10,22,18,2,6,15,3,23,19,11,12],[14,6,2,10,22,18,3,23,15,19,11,12],[2,6,14,10,22,18,15,3,23,19,11,12],[18,14,6,10,2,22,15,3,23,19,11,16,12,24,20,4],[10,6,14,2,18,22,15,3,23,19,11,12],[18,2,22,6,14,10,3,15,23,19,11,16,12,24,20,4],[2,14,10,18,6,22,3,15,23,19,11,16,12,24,20,4],[22,18,2,14,6,10,3,23,15,19,11,12],[22,2,6,14,10,18,15,3,23,19,11,16,12,24,20,4],[10,18,22,6,2,14,15,3,23,19,11,12],[6,10,18,22,2,14,15,3,23,19,11,16,12,24,20,4],[22,10,6,14,18,2,3,23,15,19,11,12],[10,18,6,14,2,22,15,3,23,19,11,16,12,24,20,4],[10,2,18,14,6,22,3,15,23,19,11,16,12,24,20,4],[2,22,10,18,14,6,3,15,23,19,11,16,12,24,20,4],[6,2,22,14,18,10,15,3,23,19,11,12],[18,6,14,22,10,2,15,3,23,19,11,12],[18,14,10,2,22,6,15,3,23,19,11,12],[6,2,22,18,14,10,3,15,23,20,11,12],[6,10,2,18,22,14,15,3,23,19,11,16,12,24,20,4],[22,14,6,10,18,2,3,23,15,19,11,12],[22,6,18,14,2,10,3,15,23,20,11,12],[14,6,10,22,2,18,15,3,23,19,11,16,12,24,20,4],[6,2,18,14,10,22,3,15,23,19,11,12],[14,18,22,6,2,10,3,23,15,19,11,16,12,24,20,4],[22,2,14,18,10,6,15,3,23,19,11,16,12,24,20,4],[14,18,6,2,22,10,15,3,23,19,11,16,12,24,20,4],[2,22,14,6,18,10,15,3,23,19,11,16,12,24,20,4],[22,14,6,10,18,2,15,3,23,19,11,12],[10,22,14,2,18,6,3,15,23,19,11,12],[22,2,14,10,6,18,15,3,23,19,11,16,12,24,20,4],[6,10,2,14,18,22,15,3,23,19,24],[2,22,18,6,10,14,15,3,23,19,11,16,12,24,20,4],[6,10,18,14,2,22,3,15,23,19,11,16,12,24,20,4],[2,6,14,18,10,22,3,23,15,19,24],[2,14,6,18,22,10,3,15,23,19,11,16,12,24,20,4],[18,2,6,14,10,22,3,23,15,19,11,16,12,24,20,4],[2,22,18,6,10,14,15,3,23,19,11,16,12,24,20,4],[6,10,22,2,14,18,3,15,23,19,11,16,12,24,20,4],[2,10,14,22,6,18,3,15,23,19,24],[6,18,2,10,14,22,15,3,23,19,11,16,12,24,20,4],[6,10,2,14,18,22,3,23,15,19,11,16,12,24,20,4],[18,22,6,2,10,14,3,23,15,19,11,12],[10,2,18,22,6,14,3,15,23,19,11,12],[10,18,14,22,6,2,15,3,23,19,11,16,12,24,20,4],[6,18,14,2,22,10,3,15,23,19,11,16,12,24,20,4],[2,18,14,10,22,6,15,3,23,19,11,16,12,24,20,4],[14,22,18,2,10,6,15,3,23,19,11,16,12,24,20,4],[2,14,18,22,10,6,3,15,23,19,11,12],[14,6,18,10,2,22,15,3,23,19,11,16,12,24,20,4],[2,6,10,18,14,22,15,3,23,19,11,12],[18,10,6,2,22,14,3,23,15,19,11,16,12,24,20,4],[14,2,18,10,22,6,3,15,23,19,11,12],[22,10,2,18,14,6,15,3,23,19,12],[2,10,18,22,6,14,3,15,23,19,24],[18,10,2,6,14,22,15,3,23,19,11,16,12,24,20,4],[10,2,14,6,18,22,3,23,15,19,11,12],[18,2,22,6,14,10,15,3,23,19,11,12],[10,18,14,2,6,22,15,3,23,19,11,16,12,24,20,4],[10,14,6,2,22,18,3,15,23,19,24],[22,18,14,10,6,2,15,3,23,19,11,12],[6,22,18,14,2,10,3,15,23,19,11,16,12,24,20,4],[14,18,22,2,6,10,15,3,23,19,11,16,12,24,20,4],[14,22,2,6,10,18,3,23,15,19,11,16,12,24,20,4],[18,6,2,22,14,10,3,23,15,19,11,12],[14,18,10,2,22,6,3,23,15,19,11,12],[6,22,18,10,14,2,3,23,15,19,11,16,12,24,20,4],[18,6,2,10,22,14,15,3,23,19,11,12],[14,10,18,22,6,2,3,23,15,19,11,12],[18,22,10,14,6,2,3,15,23,19,24],[14,22,6,18,2,10,15,3,23,19,11,12],[2,14,10,6,18,22,15,3,23,19,11,16,12,24,20,4],[14,22,18,10,6,2,15,3,23,20,11,16,12,24,4],[2,14,22,6,18,10,15,3,23,19,11,12],[18,6,10,22,14,2,3,23,15,19,11,12],[18,14,22,2,6,10,3,15,23,19,11,12],[18,14,2,6,10,22,15,3,23,19,16,24,20,11,12,4],[14,2,6,22,18,10,15,3,23,19,11,12],[14,2,6,22,18,10,15,3,23,19,11,16,12,24,20,4],[2,22,10,6,14,18,15,3,23,19,11,12],[22,10,6,2,18,14,3,15,23,19,11,12],[18,6,22,14,10,2,15,3,23,19,11,12],[14,10,2,18,6,22,15,3,23,19,11,16,12,24,20,4],[22,18,6,14,2,10,3,15,23,19,11,16,12,24,20,4],[14,22,6,18,2,10,15,3,23,19,24],[22,10,6,2,14,18,3,15,23,19,11,12],[6,2,22,14,10,18,15,3,23,19,11,16,12,24,20,4],[2,22,10,6,14,18,3,15,23,19,11,12],[6,22,2,18,10,14,3,23,15,19,11,12],[2,14,10,6,18,22,15,3,23,19,11,12],[18,10,6,22,2,14,15,3,23,19,11,12],[22,18,14,10,6,2,3,23,15,19,11,12],[2,6,18,14,10,22,3,23,15,19,11,12],[6,10,2,18,14,22,3,23,15,19,11,16,12,24,20,4],[18,6,2,10,14,22,15,3,23,19,11,16,12,24,20,4],[6,10,22,18,14,2,3,15,23,19,11,16,12,24,20,4],[14,2,10,18,22,6,15,3,23,19,11,12],[14,2,10,22,6,18,3,23,15,19,11,16,12,24,20,4],[14,2,22,6,18,10,3,15,23,19,11,12],[14,22,10,18,6,2,15,3,23,19,11,16,12,24,20,4],[6,18,10,14,22,2,3,15,23,19,11,12],[2,18,14,6,22,10,15,3,23,19,11,12],[2,18,10,6,14,22,3,15,23,19,11,12],[6,10,22,18,2,14,15,3,23,19,11,12],[6,14,10,2,22,18,15,3,23,19,11,12],[14,10,2,18,22,6,3,15,23,19,11,16,12,24,20,4],[6,14,18,22,10,2,3,23,15,19,11,12],[14,6,10,2,22,18,15,3,23,19,11,12],[22,18,14,6,2,10,3,23,15,20,11,16,12,24,4],[18,14,2,22,10,6,3,15,23,19,11,12],[14,22,18,6,2,10,3,23,15,19,11,16,12,24,20,4],[6,22,2,18,10,14,3,23,15,19,11,16,12,24,20,4],[2,10,18,6,14,22,15,3,23,19,11,16,12,24,20,4],[6,22,14,2,10,18,15,3,23,19,11,16,12,24,20,4],[6,14,22,10,18,2,15,3,23,20,11,12],[18,22,2,6,14,10,3,15,23,19,11,16,12,24,20,4],[18,14,6,22,2,10,15,3,23,19,11,12],[6,22,14,10,2,18,15,3,23,19,11,12],[14,22,10,18,6,2,3,15,23,19,11,12],[6,18,22,10,14,2,3,23,15,19,11,12],[18,10,22,6,2,14,3,23,15,19,11,16,12,24,20,4],[6,14,10,18,2,22,15,3,23,19,11,12],[10,22,6,2,18,14,3,15,23,19,11,16,12,24,20,4],[14,22,6,18,10,2,3,23,15,19,11,16,12,24,20,4],[2,10,22,6,18,14,15,3,23,19,11,16,12,24,20,4],[14,2,10,22,6,18,3,15,23,19,11,12],[18,14,22,2,6,10,3,15,23,19,11,16,12,24,20,4],[2,18,6,10,22,14,15,3,23,19,11,16,12,24,20,4],[22,10,18,6,2,14,3,15,23,19,11,16,12,24,20,4],[2,18,14,10,6,22,3,23,15,19,24],[14,10,22,18,6,2,15,3,23,19,11,12],[10,2,14,22,6,18,15,3,23,19,11,16,12,24,20,4],[10,22,6,2,14,18,3,15,23,19,16,24,20,11,12,4],[10,14,22,18,6,2,15,3,23,19,11,16,12,24,20,4],[2,18,10,22,6,14,15,3,23,19,11,12],[18,6,14,22,10,2,15,3,23,19,11,16,12,24,20,4],[6,2,10,18,14,22,15,3,23,19,12],[18,10,2,6,14,22,15,3,23,20,11,16,12,24,4],[22,6,14,18,2,10,15,3,23,19,11,16,12,24,20,4],[10,18,22,2,14,6,15,3,23,19,11,16,12,24,20,4],[10,2,22,14,6,18,15,3,23,19,11,12],[10,6,22,14,2,18,3,23,15,19,11,12],[18,6,22,10,14,2,15,3,23,19,11,16,12,24,20,4],[18,14,10,2,22,6,3,23,15,19,11,12],[14,10,6,2,22,18,3,23,15,19,11,12],[2,14,6,22,18,10,15,3,23,19,11,16,12,24,20,4],[10,6,2,22,18,14,15,3,23,19,11,12],[2,10,22,6,14,18,15,3,23,19,11,16,12,24,20,4],[22,18,14,6,2,10,3,15,23,19,11,16,12,24,20,4],[22,2,14,10,18,6,3,15,23,19,11,16,12,24,20,4],[10,2,18,22,14,6,3,15,23,19,11,16,12,24,20,4],[2,6,14,18,22,10,15,3,23,19,11,16,12,24,20,4],[6,18,2,22,14,10,15,3,23,19,12],[10,2,6,14,22,18,15,3,23,19,11,12],[14,18,6,10,2,22,15,3,23,19,11,12],[10,18,22,14,6,2,3,23,15,19,11,16,12,24,20,4],[10,18,22,14,2,6,3,15,23,19,11,12],[14,10,22,2,18,6,3,23,15,19,11,16,12,24,20,4],[6,10,14,22,2,18,3,23,15,19,11,12],[22,14,18,10,2,6,3,15,23,19,11,16,12,24,20,4],[10,6,18,2,22,14,15,3,23,19,11,16,12,24,20,4],[14,18,2,10,6,22,3,15,23,19,11,12],[14,10,22,6,2,18,15,3,23,19,11,12],[6,14,18,22,10,2,15,3,23,20,11,16,12,24,4],[14,10,6,2,18,22,3,15,23,19,11,16,12,24,20,4],[2,22,10,14,18,6,3,15,23,19,11,12],[10,14,6,18,22,2,3,23,15,19,11,16,12,24,20,4],[14,18,6,2,10,22,3,15,23,19,11,12],[6,18,2,22,14,10,15,3,23,19,11,16,12,24,20,4],[2,10,22,18,14,6,3,23,15,19,11,16,12,24,20,4],[22,18,10,2,14,6,15,3,23,19,11,12],[14,18,22,2,10,6,15,3,23,19,11,16,12,24,20,4],[18,6,22,10,2,14,3,15,23,19,24],[2,22,6,10,14,18,15,3,23,19,11,12],[18,14,10,6,22,2,15,3,23,19,11,12],[10,18,2,6,22,14,15,3,23,19,11,12],[2,6,18,14,22,10,15,3,23,19,24],[18,14,2,10,6,22,15,3,23,19,11,16,12,24,20,4],[14,22,2,10,18,6,3,15,23,19,11,12],[6,14,2,22,10,18,15,3,23,19,11,12],[14,18,2,10,22,6,15,3,23,19,11,16,12,24,20,4],[14,22,2,18,10,6,3,15,23,19,11,12],[10,6,14,22,2,18,15,4,24,19,11,12],[14,2,6,22,10,18,15,3,23,19,11,16,12,24,20,4],[10,6,18,2,22,14,3,15,23,19,11,12],[6,18,10,2,22,14,15,3,23,19,11,16,12,24,20,4],[14,6,18,2,22,10,15,3,23,19,11,12],[18,2,14,10,6,22,15,3,23,19,11,12],[14,22,6,18,10,2,3,23,15,19,11,16,12,24,20,4],[6,14,22,2,10,18,15,4,23,19,11,16,12,24,20,3],[6,10,14,18,2,22,3,15,23,19,11,16,12,24,20,4],[2,22,18,6,14,10,3,15,23,19,11,16,12,24,20,4],[10,6,22,18,2,14,15,3,23,19,11,16,12,24,20,4],[22,14,6,18,10,2,15,3,23,19,11,12],[18,10,14,22,6,2,15,3,23,19,11,12],[14,6,22,10,18,2,15,3,23,19,11,12],[10,2,22,14,18,6,15,3,23,19,24],[14,10,22,6,2,18,3,15,23,19,16,24,20,11,12,4],[2,14,6,22,18,10,3,15,23,19,11,12],[22,10,6,14,2,18,3,23,15,19,11,16,12,24,20,4],[2,18,6,22,10,14,3,23,15,19,11,12],[6,18,2,14,10,22,3,15,23,19,11,12],[10,2,14,22,6,18,15,3,23,19,11,12],[14,18,2,6,22,10,3,15,23,19,11,12],[6,10,18,2,14,22,3,23,15,19,11,16,12,24,20,4],[18,2,14,6,22,10,3,23,15,19,11,12],[10,14,18,6,22,2,15,3,23,19,11,12],[18,14,22,6,10,2,3,15,23,19,11,12],[14,2,10,22,6,18,15,3,23,19,11,12],[2,10,18,22,14,6,15,3,23,19,11,16,12,24,20,4],[6,18,10,2,14,22,15,3,23,19,11,12],[6,18,2,22,10,14,15,3,23,19,11,16,12,24,20,4],[14,22,2,6,10,18,3,23,15,19,11,16,12,24,20,4],[14,22,18,2,10,6,3,15,23,19,11,16,12,24,20,4],[18,14,22,2,6,10,15,3,23,19,11,12],[6,2,18,14,22,10,15,3,23,19,11,16,12,24,20,4],[2,10,6,18,14,22,15,3,23,19,11,16,12,24,20,4],[2,18,10,6,22,14,3,23,15,19,11,16,12,24,20,4],[18,14,22,10,2,6,3,23,15,19,11,12],[14,2,10,6,22,18,15,3,23,19,11,16,12,24,20,4],[6,10,14,2,18,22,3,23,15,19,11,16,12,24,20,4],[22,2,6,14,10,18,15,3,23,19,11,12],[22,14,2,6,10,18,15,3,23,19,11,16,12,24,20,4],[22,18,6,2,10,14,3,15,23,19,11,12],[2,10,6,18,22,14,3,23,15,19,11,12],[22,18,2,10,6,14,15,3,23,19,24],[6,18,10,14,2,22,15,3,23,19,11,16,12,24,20,4],[2,6,10,22,14,18,3,23,15,19,11,12],[18,2,10,6,14,22,3,15,23,19,11,16,12,24,20,4],[2,10,6,14,22,18,3,23,15,19,11,12],[18,22,14,6,10,2,15,3,23,19,11,16,12,24,20,4],[2,18,22,10,14,6,15,3,23,19,11,12],[10,14,18,22,2,6,15,3,23,19,11,12],[10,6,18,14,2,22,15,3,23,19,24],[6,10,2,14,18,22,15,3,23,19,11,16,12,24,20,4],[22,6,2,10,14,18,3,15,23,19,11,16,12,24,20,4],[10,18,14,6,2,22,15,3,23,19,11,12],[14,6,18,2,10,22,15,3,23,19,11,12],[2,14,10,18,22,6,15,3,23,19,11,12],[14,10,2,18,22,6,15,3,23,19,11,16,12,24,20,4],[14,2,18,22,6,10,3,15,23,19,16,24,20,11,12,4],[6,10,14,2,22,18,3,23,15,19,11,12],[2,14,10,18,6,22,15,3,23,19,11,12],[22,10,14,18,6,2,15,3,23,19,11,12],[22,2,14,10,6,18,15,3,23,19,11,16,12,24,20,4],[10,2,18,22,14,6,15,3,23,19,11,16,12,24,20,4],[18,6,10,22,2,14,3,23,15,19,11,16,12,24,20,4],[22,10,6,2,14,18,15,3,23,19,11,16,12,24,20,4],[2,14,22,6,10,18,3,23,15,19,11,12],[22,10,2,6,14,18,15,3,23,19,11,12],[10,2,6,14,18,22,3,23,15,19,11,12],[6,18,22,10,2,14,15,3,23,19,11,16,12,24,20,4],[22,14,2,18,6,10,3,23,15,19,11,16,12,24,20,4],[14,10,6,18,22,2,3,15,23,19,11,16,12,24,20,4],[22,14,10,6,2,18,3,23,15,19,11,16,12,24,20,4],[2,14,10,6,18,22,15,3,23,19,11,16,12,24,20,4],[22,10,18,14,6,2,15,3,23,19,24],[22,14,6,2,18,10,3,23,15,19,11,16,12,24,20,4],[22,14,18,6,10,2,15,3,23,19,11,16,12,24,20,4],[2,10,6,22,18,14,15,3,23,19,11,16,12,24,20,4],[18,6,2,22,14,10,15,3,23,19,11,16,12,24,20,4],[14,18,10,6,22,2,3,15,23,19,11,12],[10,14,6,22,18,2,15,3,23,19,11,12],[10,6,14,2,22,18,15,3,23,19,11,12],[6,14,10,18,2,22,3,15,23,19,11,16,12,24,20,4],[22,6,18,14,2,10,15,3,23,19,11,12],[22,14,6,2,18,10,15,3,23,19,11,16,12,24,20,4],[10,18,2,14,22,6,15,3,23,19,11,16,12,24,20,4],[10,14,2,18,22,6,3,15,23,19,11,16,12,24,20,4],[14,2,18,10,6,22,15,3,23,19,11,12],[18,22,10,2,6,14,3,23,15,19,12],[6,22,18,10,2,14,15,3,23,19,11,12],[2,14,6,10,18,22,15,3,23,19,11,16,12,24,20,4],[6,18,2,14,22,10,15,3,23,19,11,16,12,24,20,4],[14,10,18,2,6,22,3,15,23,19,11,12],[14,18,10,22,2,6,3,23,15,19,11,16,12,24,20,4],[14,6,10,2,22,18,15,3,23,19,11,12],[6,14,22,2,18,10,3,23,15,19,11,16,12,24,20,4],[6,22,10,18,2,14,15,3,23,19,24],[10,18,22,6,2,14,3,15,23,19,11,16,12,24,20,4],[6,22,2,18,14,10,3,15,23,19,11,16,12,24,20,4],[6,22,18,14,10,2,3,23,15,19,11,12],[22,10,14,2,18,6,15,3,23,19,11,16,12,24,20,4],[2,10,22,18,14,6,3,15,23,19,11,16,12,24,20,4],[10,22,18,6,14,2,3,23,15,19,11,12],[18,6,10,22,2,14,3,23,15,19,11,12],[2,22,10,6,18,14,15,3,23,19,11,16,12,24,20,4],[18,22,10,2,6,14,15,3,23,19,11,16,12,24,20,4],[10,18,14,22,2,6,3,15,23,19,11,12],[18,22,14,2,6,10,15,3,23,19,11,16,12,24,20,4],[14,6,2,22,18,10,15,3,23,19,11,12],[18,10,6,2,22,14,15,3,23,19,11,16,12,24,20,4],[6,10,22,2,14,18,3,15,23,19,11,16,12,24,20,4],[14,2,18,6,10,22,3,15,23,19,11,12],[10,6,14,22,18,2,3,15,23,19,11,16,12,24,20,4],[6,22,18,14,10,2,3,15,23,19,11,12],[14,22,10,6,18,2,15,3,23,19,11,12],[2,6,18,10,22,14,3,15,23,19,11,12],[22,6,2,10,18,14,3,23,15,19,11,16,12,24,20,4],[14,18,22,2,10,6,15,3,23,19,11,12],[18,2,14,6,10,22,15,3,23,19,11,12],[14,18,6,22,10,2,15,3,23,19,11,12],[2,14,10,22,6,18,3,23,15,19,11,16,12,24,20,4],[14,6,2,18,10,22,15,3,23,19,11,16,12,24,20,4],[10,22,2,18,14,6,3,15,23,19,11,16,12,24,20,4],[22,6,18,14,2,10,3,23,15,19,11,16,12,24,20,4],[14,18,6,10,22,2,15,3,23,19,11,16,12,24,20,4],[18,14,22,2,6,10,3,15,23,19,11,16,12,24,20,4],[2,22,18,6,10,14,3,15,23,19,11,16,12,24,20,4],[6,10,22,14,2,18,15,3,23,19,11,12],[6,14,2,22,18,10,3,23,15,19,11,16,12,24,20,4],[14,6,2,22,18,10,3,23,15,19,11,12],[14,22,10,2,18,6,3,23,15,19,11,16,12,24,20,4],[14,2,18,10,22,6,15,3,23,19,11,12],[14,6,10,22,2,18,3,23,15,19,11,12],[22,18,10,14,6,2,3,23,15,19,11,12],[22,2,14,18,6,10,3,15,23,19,11,12],[10,14,6,2,18,22,15,3,23,19,11,12],[14,22,6,10,2,18,3,15,23,19,11,16,12,24,20,4],[18,6,22,2,14,10,3,15,23,19,11,16,12,24,20,4],[18,14,22,10,2,6,3,15,23,19,11,16,12,24,20,4],[18,2,22,14,6,10,3,23,15,19,11,12],[2,6,22,18,10,14,15,3,23,19,11,16,12,24,20,4],[10,2,14,22,18,6,3,23,15,19,11,12],[10,22,6,2,14,18,15,3,23,19,11,16,12,24,20,4],[18,2,10,14,22,6,15,3,23,19,11,16,12,24,20,4],[6,10,22,2,18,14,3,23,15,19,11,16,12,24,20,4],[14,10,18,6,22,2,3,15,23,19,11,16,12,24,20,4],[14,2,18,22,6,10,3,15,23,19,11,12],[14,6,10,18,2,22,3,23,15,19,11,16,12,24,20,4],[22,18,6,10,2,14,15,3,23,19,11,16,12,24,20,4],[10,22,18,6,2,14,3,15,23,19,11,12],[14,10,2,22,6,18,3,23,15,19,11,16,12,24,20,4],[6,22,10,2,18,14,15,3,23,19,11,12],[10,18,22,14,6,2,15,3,23,19,11,16,12,24,20,4],[22,2,10,14,6,18,15,3,23,19,16,24,20,11,12,4],[14,6,22,10,2,18,15,3,23,19,11,12],[2,22,14,10,6,18,3,23,15,19,11,16,12,24,20,4],[6,22,14,18,10,2,3,15,23,19,11,16,12,24,20,4],[14,22,6,10,2,18,3,15,23,19,11,12],[22,14,10,18,2,6,15,3,23,19,11,12],[22,6,2,18,10,14,3,23,15,19,11,12],[10,2,14,6,22,18,3,23,15,19,11,16,12,24,20,4],[2,10,14,6,18,22,15,3,23,19,24],[10,22,14,2,18,6,15,3,23,19,12],[6,14,2,18,22,10,15,3,23,19,11,12],[22,2,18,6,10,14,3,23,15,20,11,16,12,24,4],[6,10,22,14,2,18,15,3,23,19,11,12],[2,22,10,6,14,18,15,3,23,19,12],[6,22,14,18,2,10,15,3,23,19,16,24,20,11,12,4],[18,6,2,14,22,10,15,3,23,19,11,12],[22,18,10,2,14,6,3,23,15,19,11,16,12,24,20,4],[2,14,22,10,18,6,3,23,15,19,11,12],[10,18,22,6,2,14,15,3,23,19,11,12],[14,6,18,22,2,10,3,23,15,19,11,16,12,24,20,4],[2,10,22,6,18,14,3,23,15,19,16,24,20,11,12,4],[18,22,6,2,10,14,3,15,23,19,11,16,12,24,20,4],[10,22,6,14,18,2,3,15,23,19,11,12],[6,22,2,10,18,14,15,3,23,19,11,12],[6,18,2,10,14,22,3,15,23,19,11,12],[22,18,14,6,10,2,15,3,23,19,11,16,12,24,20,4],[22,2,14,10,6,18,15,3,23,20,11,16,12,24,4],[18,6,2,22,10,14,15,3,23,19,12],[2,18,14,22,10,6,3,15,23,19,12],[22,2,10,6,18,14,3,15,23,19,11,12],[14,2,18,6,22,10,3,15,23,19,11,12],[6,22,2,10,14,18,3,15,23,19,11,12],[22,18,10,2,14,6,15,3,23,19,11,12],[10,2,18,14,22,6,3,15,23,19,11,16,12,24,20,4],[2,6,14,22,18,10,3,23,15,19,11,12],[10,14,2,6,22,18,3,15,23,19,11,12],[14,2,6,22,10,18,3,23,15,19,11,16,12,24,20,4],[10,14,2,18,6,22,3,15,23,19,11,12],[6,2,10,22,18,14,3,23,15,19,11,12],[18,14,10,2,22,6,15,3,23,19,11,16,12,24,20,4],[18,22,10,6,2,14,3,23,15,19,11,12],[6,10,18,2,22,14,15,3,23,19,11,12],[22,18,2,10,6,14,15,3,23,19,11,16,12,24,20,4],[14,22,10,18,2,6,15,3,23,19,11,16,12,24,20,4],[6,18,2,22,14,10,3,15,23,19,11,16,12,24,20,4],[10,18,2,6,22,14,3,23,15,19,11,16,12,24,20,4],[22,2,6,10,14,18,3,15,23,19,11,12],[6,22,2,10,18,14,15,3,23,19,16,24,20,11,12,4],[2,6,14,22,18,10,15,3,23,19,11,16,12,24,20,4],[14,10,6,18,2,22,3,23,15,19,11,12],[2,22,18,6,14,10,15,3,23,19,11,16,12,24,20,4],[18,22,2,6,10,14,15,3,23,19,11,16,12,24,20,4],[18,14,6,2,10,22,15,3,23,19,11,16,12,24,20,4],[22,14,6,18,10,2,3,15,23,19,11,16,12,24,20,4],[18,10,22,14,6,2,3,23,15,19,11,12],[2,18,14,10,6,22,3,23,15,19,11,16,12,24,20,4],[18,10,2,14,6,22,3,15,23,19,11,16,12,24,20,4],[10,14,2,6,18,22,3,15,23,19,11,12],[2,22,18,6,10,14,15,3,23,19,11,16,12,24,20,4],[18,2,10,22,14,6,15,3,23,19,11,12],[14,10,2,6,22,18,15,3,23,19,11,12],[10,6,14,18,2,22,15,3,23,19,11,16,12,24,20,4],[14,18,6,10,22,2,15,3,23,19,11,12],[22,10,18,14,2,6,15,3,23,19,11,16,12,24,20,4],[10,22,2,6,18,14,3,15,23,19,11,16,12,24,20,4],[22,6,14,2,18,10,15,3,23,19,11,16,12,24,20,4],[10,14,22,6,18,2,15,3,23,19,12],[10,18,2,6,14,22,3,23,15,19,11,16,12,24,20,4],[10,14,22,18,2,6,15,3,23,19,11,16,12,24,20,4],[6,18,2,10,14,22,3,23,15,19,16,24,20,11,12,4],[10,14,18,22,2,6,15,3,23,19,11,12],[18,10,6,2,14,22,15,3,23,19,11,16,12,24,20,4],[6,2,18,22,10,14,3,15,23,19,11,12],[14,18,10,22,2,6,15,3,23,19,11,12],[2,6,22,18,10,14,15,3,24,19,11,16,12,20,23,4],[14,10,6,2,22,18,15,3,23,20,16,24,11,12,4],[2,6,10,18,14,22,15,3,23,19,11,16,12,24,20,4],[14,18,10,2,22,6,15,3,23,19,11,12],[22,18,14,2,10,6,3,23,15,19,11,12],[10,6,22,18,14,2,15,3,23,19,11,12],[6,22,2,14,18,10,15,3,23,19,11,12],[2,6,10,22,18,14,3,23,15,19,11,16,12,24,20,4],[22,6,18,14,2,10,3,15,23,19,11,12],[22,6,18,14,10,2,3,23,15,19,11,12],[18,10,22,14,6,2,3,15,23,19,11,12],[14,22,18,2,10,6,3,23,15,19,11,12],[22,14,18,6,10,2,15,3,23,19,11,16,12,24,20,4],[10,6,18,14,2,22,3,15,23,19,11,12],[22,14,10,18,6,2,15,3,23,19,11,16,12,24,20,4],[18,22,2,6,10,14,3,23,15,19,11,16,12,24,20,4],[2,14,6,10,22,18,15,3,23,19,11,16,12,24,20,4],[22,18,6,10,2,14,15,3,23,19,11,16,12,24,20,4],[14,10,18,22,2,6,15,3,23,19,11,16,12,24,20,4],[22,14,2,10,6,18,3,15,23,19,11,16,12,24,20,4],[2,10,22,18,14,6,15,3,23,19,11,16,12,24,20,4],[6,2,10,14,22,18,15,3,23,19,11,16,12,24,20,4],[22,2,14,18,10,6,3,15,23,19,16,24,20,11,12,4],[18,6,22,2,10,14,15,3,23,19,11,16,12,24,20,4],[10,6,18,2,22,14,3,23,15,19,11,12],[2,10,6,22,18,14,15,3,23,19,11,16,12,24,20,4],[18,10,14,22,6,2,3,15,23,19,11,16,12,24,20,4],[22,18,10,6,2,14,3,15,23,19,11,16,12,24,20,4],[14,2,18,10,22,6,3,23,15,19,12],[14,22,2,10,6,18,3,15,23,19,11,16,12,24,20,4],[14,18,6,2,10,22,15,3,23,19,11,12],[18,22,14,10,2,6,3,23,15,19,11,12],[6,22,14,18,10,2,3,15,23,19,11,12],[6,10,2,22,14,18,3,15,23,19,11,12],[18,22,6,2,10,14,15,3,23,19,11,16,12,24,20,4],[14,6,2,10,22,18,3,15,23,19,11,16,12,24,20,4],[10,2,6,22,18,14,3,15,23,19,11,16,12,24,20,4],[6,22,14,2,10,18,15,3,23,19,11,12],[2,18,14,6,10,22,3,23,15,19,11,16,12,24,20,4],[10,22,18,14,6,2,3,23,15,19,11,16,12,24,20,4],[2,22,10,6,18,14,3,15,23,19,11,16,12,24,20,4],[18,2,22,14,10,6,15,3,23,19,11,16,12,24,20,4],[22,18,14,10,6,2,3,23,15,19,11,16,12,24,20,4],[10,22,14,2,6,18,3,15,23,19,11,16,12,24,20,4],[2,18,22,14,10,6,3,15,23,19,11,16,12,24,20,4],[18,2,14,22,6,10,3,23,15,19,11,16,12,24,20,4],[2,22,14,10,6,18,15,3,23,19,16,24,20,11,12,4],[18,22,6,2,14,10,3,23,15,19,11,12],[6,2,10,18,22,14,15,3,23,20,11,12],[14,18,10,2,22,6,3,23,15,19,11,12],[22,10,6,2,14,18,15,3,23,19,16,24,20,11,12,4],[10,18,2,6,14,22,3,15,23,19,16,24,20,11,12,4],[18,22,6,10,2,14,3,15,23,19,12],[10,22,18,14,2,6,15,3,23,19,11,16,12,24,20,4],[18,2,14,6,22,10,15,3,23,19,11,16,12,24,20,4],[22,2,6,10,14,18,15,3,23,19,12],[6,22,18,10,14,2,15,3,23,19,11,16,12,24,20,4],[2,10,6,18,14,22,15,3,23,19,11,12],[10,14,18,22,2,6,3,23,15,19,11,16,12,24,20,4],[22,10,2,14,18,6,15,3,23,19,11,12],[6,10,18,22,2,14,3,15,23,19,11,12],[18,2,22,6,10,14,15,3,23,19,11,16,12,24,20,4],[14,18,6,10,2,22,15,3,23,19,11,16,12,24,20,4],[2,18,10,22,14,6,3,23,15,19,11,16,12,24,20,4],[14,6,2,10,22,18,15,3,23,19,11,16,12,24,20,4],[18,2,14,6,22,10,15,3,23,19,11,12],[22,2,6,14,18,10,15,3,23,19,11,16,12,24,20,4],[14,6,10,22,18,2,3,23,15,19,11,16,12,24,20,4],[18,6,22,14,10,2,3,23,15,19,11,12],[18,2,10,14,6,22,15,3,23,19,11,12],[14,2,18,6,10,22,15,3,23,19,11,16,12,24,20,4],[6,18,14,10,2,22,3,23,15,19,11,12],[14,2,10,22,6,18,15,3,23,19,11,12],[18,22,10,6,2,14,3,15,23,19,11,16,12,24,20,4],[6,14,18,10,2,22,15,3,23,20,11,16,12,24,4],[22,10,18,6,14,2,15,3,23,19,11,16,12,24,20,4],[22,18,6,10,2,14,15,3,23,19,11,12],[14,2,6,10,18,22,3,15,23,20,11,16,12,24,4],[6,14,10,22,2,18,15,3,23,19,11,16,12,24,20,4],[6,18,2,10,14,22,3,15,23,19,11,16,12,24,20,4],[18,14,6,10,2,22,3,15,23,19,11,12],[22,2,6,18,14,10,3,15,23,19,24],[18,14,6,22,2,10,3,23,15,19,11,16,12,24,20,4],[6,22,18,14,2,10,15,3,23,19,11,12],[10,6,18,14,2,22,3,23,15,19,11,12],[10,18,2,6,14,22,15,3,23,19,11,16,12,24,20,4],[10,2,14,18,6,22,3,23,15,19,11,12],[2,14,10,22,6,18,3,15,23,19,11,12],[22,14,10,2,18,6,15,3,23,19,11,12],[6,18,22,14,10,2,15,3,23,19,11,12],[18,10,2,14,22,6,15,3,23,19,11,16,12,24,20,4],[10,18,14,22,2,6,15,3,23,19,24],[10,2,14,22,18,6,15,3,23,19,11,16,12,24,20,4],[2,6,18,10,22,14,3,15,23,19,11,16,12,24,20,4],[14,2,18,22,6,10,15,3,23,19,11,16,12,24,20,4],[18,2,10,14,6,22,3,15,23,19,11,12],[10,2,6,22,18,14,3,15,23,19,11,16,12,24,20,4],[14,22,18,10,2,6,3,15,23,19,11,16,12,24,20,4],[6,14,18,2,10,22,3,15,23,19,11,12],[2,10,6,14,22,18,15,3,23,19,11,16,12,24,20,4],[14,18,2,6,10,22,3,23,15,19,11,16,12,24,20,4],[18,10,2,6,22,14,15,3,23,19,11,16,12,24,20,4],[2,22,6,14,10,18,3,23,15,19,11,16,12,24,20,4],[22,6,10,18,2,14,15,3,23,19,11,16,12,24,20,4],[2,6,10,22,14,18,15,3,23,19,11,12],[6,18,2,10,22,14,3,15,23,19,11,12],[18,6,2,10,22,14,3,23,15,19,11,12],[10,22,14,2,18,6,3,23,15,19,11,12],[2,10,18,14,6,22,3,15,23,19,11,16,12,24,20,4],[22,6,14,10,2,18,3,15,23,19,11,16,12,24,20,4],[18,6,14,10,22,2,3,15,23,19,11,16,12,24,20,4],[6,22,2,18,10,14,3,23,15,19,11,16,12,24,20,4],[14,18,10,2,6,22,15,3,23,19,11,12],[18,22,10,2,6,14,15,3,23,19,12],[22,18,2,6,10,14,15,3,23,19,11,12],[22,2,14,10,18,6,3,15,23,19,11,12],[6,2,10,22,18,14,15,3,23,19,11,12],[2,22,14,10,6,18,3,15,23,19,11,12],[10,6,22,14,2,18,15,3,23,19,11,16,12,24,20,4],[18,10,14,22,6,2,3,15,23,19,11,16,12,24,20,4],[14,6,2,10,18,22,3,23,15,19,11,12],[2,22,14,18,10,6,3,23,15,19,11,12],[6,18,2,22,14,10,3,15,23,19,11,16,12,24,20,4],[6,18,22,14,2,10,15,3,23,19,11,12],[6,14,10,18,22,2,15,3,24,19,11,16,12,20,23,4],[14,22,10,18,2,6,3,23,15,19,11,16,12,24,20,4],[18,10,22,14,2,6,15,3,23,19,11,12],[22,18,10,6,14,2,3,15,23,19,11,12],[6,2,14,10,22,18,15,3,23,19,11,16,12,24,20,4],[2,10,14,22,6,18,3,23,15,19,11,16,12,24,20,4],[22,10,6,14,18,2,3,15,23,19,11,12],[22,10,6,18,2,14,15,3,23,19,11,16,12,24,20,4],[14,6,10,22,2,18,15,3,23,19,11,12],[14,10,6,18,2,22,15,3,23,19,11,16,12,24,20,4],[22,18,10,2,14,6,3,23,15,19,11,12],[14,22,10,2,6,18,15,3,23,19,11,12],[18,6,2,10,14,22,3,15,23,19,16,24,20,11,12,4],[10,2,18,6,14,22,15,3,23,19,11,16,12,24,20,4],[6,22,2,18,10,14,15,3,23,19,11,16,12,24,20,4],[6,22,10,2,14,18,3,23,15,19,11,16,12,24,20,4],[6,14,10,22,2,18,15,3,23,19,11,16,12,24,20,4],[14,6,2,22,18,10,15,3,23,19,24],[22,18,14,10,6,2,3,23,15,19,11,12],[2,10,6,14,18,22,15,3,23,19,11,12],[22,14,6,18,10,2,3,15,23,19,11,16,12,24,20,4],[14,10,6,18,2,22,15,3,23,19,11,16,12,24,20,4],[2,10,22,14,6,18,15,3,23,19,11,16,12,24,20,4],[10,14,2,6,18,22,3,15,23,19,11,16,12,24,20,4],[6,2,18,10,22,14,15,3,23,19,11,12],[22,10,6,2,18,14,15,3,23,19,11,16,12,24,20,4],[18,2,6,10,22,14,3,15,23,19,11,12],[18,2,14,22,10,6,15,3,23,19,11,12],[14,10,6,2,22,18,3,23,15,19,11,16,12,24,20,4],[14,22,2,10,18,6,15,3,23,19,11,12],[18,14,2,6,22,10,15,3,23,19,11,16,12,24,20,4],[2,10,22,14,6,18,3,23,15,19,11,12],[22,18,14,10,2,6,3,15,23,19,11,12],[22,14,2,18,6,10,15,3,23,19,11,12],[18,14,6,2,22,10,15,3,23,19,11,12],[10,6,22,18,2,14,3,23,15,19,11,16,12,24,20,4],[18,10,22,6,2,14,3,15,23,19,11,12],[18,22,6,2,14,10,15,3,23,19,11,12],[22,10,6,14,18,2,3,15,23,19,11,12],[2,18,6,22,10,14,3,15,23,19,11,16,12,24,20,4],[18,22,10,2,14,6,15,3,23,19,11,12],[22,14,18,6,10,2,15,3,23,19,11,12],[22,2,18,14,6,10,3,23,15,19,11,16,12,24,20,4],[18,6,22,10,2,14,3,15,23,19,11,16,12,24,20,4],[18,22,14,6,2,10,15,3,23,19,11,12],[6,2,18,10,14,22,15,3,23,19,11,12],[14,2,22,6,10,18,15,3,23,19,11,16,12,24,20,4],[22,18,14,6,2,10,15,3,23,19,11,16,12,24,20,4],[6,22,14,2,10,18,3,23,15,19,11,12],[22,6,18,10,14,2,3,15,23,19,11,16,12,24,20,4],[18,22,6,2,14,10,15,3,23,19,11,12],[22,18,14,2,6,10,15,3,23,19,11,16,12,24,20,4],[10,6,14,2,18,22,3,15,23,19,11,12],[2,6,18,22,10,14,3,15,23,19,11,12],[6,14,22,18,2,10,15,3,23,19,11,12],[14,2,22,6,10,18,15,3,23,19,11,16,12,24,20,4],[14,6,22,10,2,18,15,3,23,19,11,12],[10,6,14,22,2,18,3,15,23,19,11,12],[6,2,22,14,10,18,15,3,23,19,11,12],[22,2,18,6,14,10,15,3,23,19,11,12],[14,6,18,10,2,22,3,23,15,19,11,12],[10,2,18,14,6,22,3,15,23,19,11,16,12,24,20,4],[18,14,2,10,22,6,3,23,15,19,11,12],[14,2,18,6,22,10,3,15,23,19,11,12],[2,22,10,18,14,6,15,3,23,19,11,12],[6,10,22,18,14,2,3,23,15,19,11,16,12,24,20,4],[2,10,18,6,22,14,15,3,23,19,16,24,20,11,12,4],[18,14,6,10,2,22,3,15,23,19,11,16,12,24,20,4],[18,10,14,6,22,2,3,23,15,19,11,16,12,24,20,4],[6,22,18,10,2,14,15,3,23,19,11,12],[22,10,6,18,2,14,15,3,23,19,11,12],[18,6,22,14,10,2,3,15,23,19,11,16,12,24,20,4],[6,14,22,2,18,10,15,3,23,19,11,16,12,24,20,4],[22,2,6,14,10,18,3,23,15,19,11,16,12,24,20,4],[6,18,22,2,10,14,3,15,23,19,11,12],[10,6,18,2,22,14,15,3,23,19,11,16,12,24,20,4],[18,6,10,14,22,2,3,15,23,19,11,12],[22,14,6,10,2,18,3,15,23,19,11,16,12,24,20,4],[6,14,10,22,18,2,15,3,23,19,11,16,12,24,20,4],[10,2,18,6,22,14,3,23,15,19,11,12],[18,6,22,10,2,14,15,3,23,19,11,12],[2,6,10,22,14,18,15,3,23,19,11,12],[18,22,10,6,2,14,15,3,23,19,11,12],[6,18,10,2,22,14,15,3,23,19,24],[22,6,18,2,14,10,3,15,23,19,11,12],[18,14,22,2,6,10,15,3,23,19,11,12],[6,22,10,2,18,14,3,15,23,19,11,12],[10,22,14,2,6,18,3,23,15,19,11,16,12,24,20,4],[14,22,18,6,10,2,15,3,23,19,11,16,12,24,20,4],[18,6,2,14,22,10,3,23,15,19,11,16,12,24,20,4],[18,10,2,14,6,22,3,23,15,19,11,16,12,24,20,4],[18,2,10,22,14,6,3,15,23,19,11,12],[6,22,14,10,2,18,3,15,23,19,11,12],[2,22,10,18,14,6,3,15,23,19,11,16,12,24,20,4],[18,10,22,2,14,6,15,3,23,19,11,16,12,24,20,4],[14,10,2,6,22,18,3,23,15,19,11,12],[18,6,22,14,10,2,15,3,23,19,11,16,12,24,20,4],[22,18,14,6,10,2,15,3,23,19,11,12],[14,10,6,18,2,22,3,15,23,19,11,12],[6,2,10,18,22,14,15,3,23,19,11,16,12,24,20,4],[14,22,10,18,2,6,3,23,15,19,11,16,12,24,20,4],[2,18,22,6,14,10,15,3,23,19,11,16,12,24,20,4],[2,22,14,10,18,6,3,15,23,19,11,12],[10,18,22,6,2,14,15,3,23,19,11,12],[14,18,22,6,2,10,15,3,23,19,11,12],[2,10,22,18,6,14,3,15,23,19,11,16,12,24,20,4],[10,18,6,22,14,2,3,23,15,19,11,12],[18,14,2,10,6,22,3,15,23,19,11,16,12,24,20,4],[18,6,10,22,2,14,3,23,15,19,12],[10,2,18,22,6,14,3,15,23,19,11,16,12,24,20,4],[6,18,14,2,22,10,15,3,23,19,11,12],[18,22,2,14,6,10,15,3,23,19,11,12],[2,6,18,22,14,10,15,3,23,19,11,16,12,24,20,4],[22,14,18,6,2,10,15,3,23,19,11,16,12,24,20,4],[14,18,2,10,6,22,15,3,23,19,11,16,12,24,20,4],[22,14,10,2,6,18,15,3,23,19,12],[14,6,10,18,2,22,15,3,23,19,11,12],[14,10,18,6,22,2,3,23,15,19,11,16,12,24,20,4],[14,2,18,6,22,10,15,3,23,19,11,12],[14,2,6,22,18,10,3,15,23,19,11,12],[6,22,18,2,14,10,15,3,23,19,11,12],[2,14,10,18,6,22,15,3,23,19,11,12],[18,10,2,14,6,22,3,15,23,19,11,16,12,24,20,4],[18,6,14,10,22,2,15,3,23,19,11,12],[2,10,18,14,22,6,15,3,23,19,11,16,12,24,20,4],[14,6,18,10,22,2,15,3,23,19,11,16,12,24,20,4],[2,10,6,14,18,22,15,3,23,19,11,16,12,24,20,4],[18,10,14,6,2,22,15,3,23,19,11,12],[6,2,18,10,14,22,3,23,15,19,11,16,12,24,20,4],[22,18,2,6,14,10,3,15,23,19,11,16,12,24,20,4],[10,22,18,6,14,2,3,23,15,19,11,16,12,24,20,4],[14,18,22,2,10,6,3,15,23,19,11,12],[14,10,6,22,2,18,3,23,15,19,11,12],[10,14,2,22,18,6,15,3,23,19,11,12],[6,10,2,22,18,14,3,23,15,19,11,12],[22,10,2,6,14,18,15,3,23,19,11,12],[18,10,14,22,2,6,15,3,23,20,11,16,12,24,4],[14,10,2,18,22,6,15,3,23,19,11,12],[18,10,6,14,2,22,15,3,23,20,11,12],[14,18,10,22,2,6,15,3,23,19,11,12],[2,18,14,6,22,10,3,15,23,19,11,16,12,24,20,4],[14,18,10,22,2,6,15,3,23,19,12],[6,14,10,18,2,22,15,3,23,19,11,12],[14,18,10,2,22,6,3,15,23,19,11,12],[18,6,14,10,2,22,15,3,23,19,24],[18,14,2,10,22,6,15,3,23,19,11,16,12,24,20,4],[22,10,6,14,2,18,15,3,23,19,11,12],[2,14,22,10,6,18,15,3,23,19,11,16,12,24,20,4],[6,18,10,14,22,2,3,23,15,19,11,16,12,24,20,4],[10,18,22,2,6,14,15,3,23,19,11,16,12,24,20,4],[6,18,22,14,10,2,15,3,23,19,11,16,12,24,20,4],[18,6,2,14,10,22,3,23,15,19,11,16,12,24,20,4],[2,6,18,14,10,22,3,23,15,19,11,16,12,24,20,4],[18,14,2,10,22,6,15,3,23,19,11,12],[22,6,2,14,10,18,15,3,23,19,16,24,20,11,12,4],[22,6,2,14,18,10,15,3,23,19,11,16,12,24,20,4],[22,14,2,10,6,18,3,15,23,19,11,16,12,24,20,4],[18,22,10,2,14,6,15,3,23,19,11,12],[22,14,6,18,10,2,15,3,23,19,11,12],[6,18,22,2,14,10,15,3,23,19,11,16,12,24,20,4],[18,6,10,14,2,22,15,3,23,19,16,24,20,11,12,4],[14,22,2,18,6,10,15,3,23,19,11,16,12,24,20,4],[14,10,6,2,18,22,3,15,23,19,11,16,12,24,20,4],[18,10,6,2,14,22,15,3,23,19,24],[22,18,6,14,10,2,15,3,23,19,11,12],[22,14,10,2,6,18,15,3,23,19,11,16,12,24,20,4],[18,6,14,22,2,10,15,3,23,19,11,12],[14,18,10,2,6,22,3,23,15,19,11,12],[22,6,14,18,10,2,15,3,23,19,11,16,12,24,20,4],[6,10,14,18,2,22,3,23,15,20,11,12],[18,22,10,6,2,14,3,23,15,19,11,16,12,24,20,4],[18,14,22,2,6,10,3,15,23,19,11,16,12,24,20,4],[6,10,2,22,14,18,15,3,23,19,11,12],[6,18,14,2,22,10,3,15,23,19,11,16,12,24,20,4],[