{"problem_id":"Lre4wVFTbfA71BC","sigma":75,"alpha":0.316,"cost":1,"probabilities":"[0.4, 0.09, 0.12, 0.39]","payoff_matrix":"[[52, 147, 3, -10, 0, -40], [31, 15, -70, 63, -28, 28], [-42, 26, 139, 67, 128, 50], [-44, -143, 29, 56, 7, -111]]","uncovered":[[17,5,1,4,13,8,9,12,21,20,16,24,15],[9,1,17,5,4,13,21],[13,9,5,17,1,4,8,21,12,20,16,24,11],[1,13,5,4,17,24],[13,21,17,5,1,4,9],[13,5,20,21,17,1,8,4,9,12,16,24,11],[17,1,5,8,4,13,9,21,12,20,16,24,15],[5,1,8,4,17,21,9,13,12,20,16,24,15],[5,21,20,9,13,17,8,1,4,12,16,24,15],[13,9,5,17,1,8,4,21,12,20,16,24,11],[21,17,13,1,5,8,4,9,12,20,16,24,15],[17,21,5,1,4,12,9,8,13,20,16,24,11],[9,1,21,17,5,8,4,12,13,20,16,24,11],[1,21,13,5,4,9,17],[9,1,13,17,5,4,21],[13,1,9,21,5,8,4,17,12,20,16,24,11],[17,9,1,5,8,4,21,13,12,20,16,24,15],[9,17,1,5,8,4,21,12,13,20,16,24,11],[1,13,5,4,21,9,17],[13,21,17,9,5,1,8,4,12,20,16,24,11],[13,9,5,4,21,17],[1,9,5,8,4,17,13,12,21,20,16,24,15],[9,17,5,21,4,13],[5,21,17,9,1,4,8,13,12,20,16,24,15],[13,21,17,9,5,1,8,4,12,20,16,24,15],[21,13,5,17,1,8,4,9,12,20,16,24,15],[21,13,17,1,9,5,4],[13,17,9,5,21,1,4],[1,17,5,4,13,8,9,21,12,20,16,24,11],[5,17,1,8,4,13,9,21,12,20,16,24,11],[17,13,9,5,1,8,4,12,21,20,16,24,11],[9,21,17,1,5,8,4,12,13,20,16,24,11],[5,9,21,1,8,4,13,17,12,20,16,24,11],[17,1,13,21,5,8,4,9,12,20,16,24,15],[21,5,13,17,9,1,4],[13,1,17,21,9,5,4],[21,5,9,16,13,8,17,1,4,12,20,24,15],[13,5,9,21,17,1,8,4,12,20,16,24,15],[1,9,5,8,4,13,17,21,12,20,16,24,11],[1,13,17,21,5,4,9],[13,21,9,1,17,5,8,4,12,20,16,24,11],[13,5,1,4,9,8,12,21,17,20,16,24,15],[21,13,9,17,1,5,8,4,12,20,16,24,11],[5,1,4,13,17,9,21],[5,24,1,8,4,9,13,17,12,20,16,11],[17,13,21,9,1,5,8,4,12,20,16,24,15],[1,9,17,21,13,5,4],[1,13,9,5,4,17,21],[21,9,5,13,20,17,1,4],[5,16,13,8,9,17,1,4,21,12,20,24,11],[17,5,21,1,8,4,9,13,12,20,16,24,11],[17,13,21,5,9,1,4],[17,1,13,9,5,8,4,21,12,20,16,24,15],[13,1,21,9,17,5,4],[17,21,5,9,13,1,4],[17,21,5,13,12,9,8,1,4,20,16,24,11],[17,9,13,1,5,8,4,21,12,20,16,24,15],[13,1,9,21,17,5,4],[5,1,8,4,13,17,9,21,12,20,16,24,15],[13,17,5,12,9,8,1,4,21,20,16,24,11],[17,5,9,24,13,1,8,4,12,20,16,11],[1,13,9,5,8,4,17,21,12,20,16,24,11],[9,13,1,17,21,5,4],[5,21,1,4,17,12,9,8,13,20,16,24,11],[5,13,21,9,1,4,20],[5,9,13,17,1,4,21],[21,17,1,9,13,5,8,4,12,20,16,24,15],[21,1,5,4,13,17,9],[9,13,21,5,17,1,8,4,12,20,16,24,11],[13,9,21,1,5,4,17],[21,9,5,17,13,1,4],[5,21,13,1,8,4,9,17,12,20,16,24,15],[21,1,13,5,8,4,17,9,12,20,16,24,15],[13,5,21,4,17,9],[21,9,13,5,1,4,17],[17,1,9,13,5,8,4,21,12,20,16,24,15],[13,9,1,21,17,5,8,4,12,20,16,24,11],[13,21,5,9,1,8,4,17,12,20,16,24,11],[1,13,5,4,17,21,9],[5,13,21,9,17,1,4],[17,9,1,13,21,5,8,4,12,20,16,24,11],[21,9,5,17,1,4,8,13,12,20,16,24,11],[17,5,1,4,13,9,21],[17,5,1,8,4,13,9,12,21,20,16,24,15],[5,17,21,16,13,8,1,4,9,12,20,24,15],[13,9,5,1,8,4,21,17,12,20,16,24,11],[17,9,1,21,5,8,4,12,13,20,16,24,15],[1,17,9,13,21,5,8,4,12,20,16,24,11],[13,17,1,9,5,8,4,21,12,20,16,24,15],[21,5,17,9,1,4,13],[13,17,21,9,1,5,4],[21,17,13,9,1,5,4],[13,17,1,21,9,5,4],[5,20,9,13,1,8,17,4,21,12,16,24,11],[21,5,9,13,1,8,4,17,12,20,16,24,11],[5,9,1,8,4,21,13,12,17,20,16,24,11],[17,13,9,21,1,5,8,4,12,20,16,24,15],[1,9,17,21,13,5,4],[21,5,16,13,8,1,4,9,17,12,20,24,11],[5,21,13,17,9,1,4],[17,1,9,5,8,4,21,12,13,20,16,24,15],[9,21,5,13,1,8,4,17,12,20,16,24,15],[17,1,13,5,4,21,9],[9,5,17,21,1,8,4,13,12,20,16,24,11],[13,1,21,9,17,5,8,4,12,20,16,24,11],[21,13,5,17,9,1,4],[9,17,13,21,1,5,4],[21,9,1,13,17,5,8,4,12,20,16,24,11],[17,5,1,8,4,21,9,13,12,20,16,24,11],[5,9,1,4,17,13,24],[1,13,5,4,17,9,8,21,12,20,16,24,15],[1,13,9,17,5,4,21],[17,1,5,4,8,13,21,9,12,20,16,24,11],[17,21,13,9,5,1,8,4,12,20,16,24,15],[21,5,9,17,4,13],[17,21,1,9,13,5,8,4,12,20,16,24,15],[5,13,1,4,20,21,8,17,9,12,16,24,15],[5,21,13,9,17,1,8,4,12,20,16,24,15],[13,5,17,21,9,1,8,4,12,20,16,24,15],[1,17,13,9,21,5,4],[21,13,9,1,17,5,8,4,12,20,16,24,11],[13,9,17,1,5,4,21],[5,1,8,4,17,13,21,9,12,20,16,24,11],[9,1,13,5,4,17,21],[13,17,1,9,21,5,4],[13,17,21,1,9,5,8,4,12,20,16,24,11],[13,21,5,17,9,1,4],[9,17,1,21,5,8,4,13,12,20,16,24,15],[21,1,13,9,5,8,4,17,12,20,16,24,15],[21,17,13,1,5,4,8,9,12,20,16,24,15],[13,1,9,21,5,8,4,12,17,20,16,24,11],[13,1,9,5,8,4,17,12,21,20,16,24,15],[1,9,17,5,4,16,13,8,21,12,20,24,15],[1,21,9,13,5,4,17],[1,17,5,8,4,13,9,21,12,20,16,24,11],[13,17,9,21,1,5,8,4,12,20,16,24,15],[1,21,17,5,4,9,13],[21,9,17,13,1,5,4],[5,13,9,17,1,4,21],[13,9,17,21,1,5,4],[5,17,1,8,4,9,21,12,13,20,16,24,15],[13,5,24,12,9,8,1,4,17,20,16,15],[9,21,1,5,8,4,17,13,12,20,16,24,11],[13,9,21,1,17,5,8,4,12,20,16,24,15],[9,1,17,21,5,4,13],[13,21,5,1,4,20,9],[9,5,21,20,17,13,4],[17,21,13,9,1,5,4],[5,1,4,21,17,9,8,13,12,20,16,24,15],[13,9,1,5,8,4,21,17,12,20,16,24,15],[1,17,13,21,5,8,4,9,12,20,16,24,11],[21,1,17,5,8,4,9,13,12,20,16,24,15],[1,9,21,17,5,8,4,13,12,20,16,24,11],[5,21,9,17,13,1,8,4,12,20,16,24,15],[13,1,17,5,8,4,21,9,12,20,16,24,11],[9,5,21,1,8,4,13,12,17,20,16,24,11],[5,21,1,4,9,13,17],[21,9,1,5,8,4,13,17,12,20,16,24,15],[17,9,5,1,8,4,13,21,12,20,16,24,11],[21,13,9,5,20,1,4],[9,1,13,17,5,4,21],[17,1,9,13,5,8,4,21,12,20,16,24,15],[17,9,1,5,8,4,13,12,21,20,16,24,15],[5,13,17,9,21,1,4],[5,13,17,21,1,8,4,9,12,20,16,24,15],[1,13,5,8,4,17,9,12,21,20,16,24,11],[9,21,13,1,5,4,17],[1,17,5,4,13,8,9,21,12,20,16,24,15],[21,17,13,5,1,4,9],[13,1,21,5,8,4,9,17,12,20,16,24,11],[5,13,17,21,9,12,8,1,4,20,16,24,15],[17,13,1,9,21,5,8,4,12,20,16,24,15],[1,17,13,5,8,4,21,9,12,20,16,24,11],[21,1,13,9,17,5,8,4,12,20,16,24,11],[17,21,9,13,1,5,4],[21,17,9,5,13,1,8,4,12,20,16,24,15],[1,17,13,5,8,4,9,21,12,20,16,24,11],[1,13,5,8,4,17,9,12,21,20,16,24,11],[21,9,5,13,1,4,17],[17,1,9,21,5,4,13],[9,17,1,21,13,5,8,4,12,20,16,24,11],[13,1,21,9,17,5,8,4,12,20,16,24,11],[17,13,5,1,4,21,8,9,12,20,16,24,15],[17,21,13,9,5,1,8,4,12,20,16,24,11],[17,13,9,21,1,5,8,4,12,20,16,24,11],[1,17,5,8,4,21,13,9,12,20,16,24,11],[5,1,8,4,17,9,21,13,12,20,16,24,15],[17,1,13,5,4,9,21],[5,9,21,17,1,8,4,13,12,20,16,24,15],[5,21,1,8,4,17,13,9,12,20,16,24,15],[9,21,17,5,1,8,4,13,12,20,16,24,15],[5,13,17,9,4,24],[5,1,8,4,9,13,17,21,12,20,16,24,11],[17,1,13,21,9,5,8,4,12,20,16,24,11],[9,17,13,21,5,1,4],[1,17,21,9,5,4,13],[21,9,17,13,1,5,4],[1,17,21,5,8,4,9,13,12,20,16,24,11],[17,13,9,5,1,4,21],[9,13,21,17,1,5,4],[21,9,17,1,5,8,4,13,12,20,16,24,11],[21,9,17,1,5,4,13],[17,21,5,13,1,4,9],[13,17,5,4,9,21],[21,5,1,4,20,16,13,8,17,9,12,24,15],[13,9,21,17,5,1,8,4,12,20,16,24,15],[1,9,21,17,5,4,13],[21,17,1,13,9,5,4],[21,9,5,1,8,4,13,17,12,20,16,24,11],[17,9,5,1,8,4,13,12,21,20,16,24,11],[17,5,9,21,16,13,8,1,4,12,20,24,15],[1,5,4,21,17,13,9],[1,9,21,13,5,4,17],[5,13,9,1,8,4,17,21,12,20,16,24,15],[1,9,5,8,4,21,17,12,13,20,16,24,11],[5,1,8,4,13,9,21,12,17,20,16,24,15],[5,12,9,8,21,13,17,1,4,20,16,24,11],[21,17,13,5,9,1,4],[17,5,9,24,1,4,13],[1,5,4,12,9,8,13,21,17,20,16,24,15],[17,9,21,1,13,5,4],[21,5,13,1,4,17,9],[21,1,5,8,4,17,13,9,12,20,16,24,11],[21,1,9,17,13,5,4],[5,9,17,16,13,8,21,1,4,12,20,24,11],[1,21,17,13,5,4,9],[5,17,21,13,1,8,4,9,12,20,16,24,15],[9,5,13,1,8,4,17,21,12,20,16,24,11],[17,13,9,5,21,1,8,4,12,20,16,24,15],[13,17,1,9,21,5,8,4,12,20,16,24,15],[9,17,13,21,5,1,8,4,12,20,16,24,11],[13,5,17,9,1,4,24],[13,21,9,5,1,4,20],[5,1,4,9,21,17,13],[21,17,5,1,4,13,8,9,12,20,16,24,11],[13,1,5,8,4,17,9,12,21,20,16,24,11],[1,9,13,21,17,5,4],[13,17,1,5,8,4,21,9,12,20,16,24,15],[21,13,17,1,9,5,8,4,12,20,16,24,15],[9,21,1,17,5,4,8,13,12,20,16,24,11],[5,24,13,9,17,1,4],[9,5,21,1,8,4,17,12,13,20,16,24,11],[17,1,5,8,4,13,21,9,12,20,16,24,15],[21,13,1,9,5,4,17],[9,13,17,1,21,5,4],[17,5,13,1,8,4,21,9,12,20,16,24,11],[1,13,17,9,21,5,8,4,12,20,16,24,11],[13,21,17,5,9,1,4],[13,17,21,5,9,1,8,4,12,20,16,24,15],[13,5,9,1,8,4,17,21,12,20,16,24,15],[17,21,1,9,13,5,8,4,12,20,16,24,15],[9,21,1,17,5,8,4,13,12,20,16,24,11],[5,13,1,4,8,17,21,9,12,20,16,24,15],[5,24,1,4,9,13],[1,17,9,21,13,5,8,4,12,20,16,24,11],[9,1,13,21,5,4,17],[1,5,8,4,21,9,17,13,12,20,16,24,15],[21,1,13,9,17,5,4],[17,5,1,8,4,9,21,13,12,20,16,24,11],[1,13,17,21,5,4,8,9,12,20,16,24,11],[21,5,9,17,13,1,8,4,12,20,16,24,11],[1,21,5,8,4,13,9,17,12,20,16,24,11],[5,13,1,8,4,9,17,12,21,20,16,24,11],[17,1,13,9,5,8,4,12,21,20,16,24,15],[9,13,17,21,5,1,8,4,12,20,16,24,15],[17,5,9,21,1,4,13],[17,9,21,1,5,4,13],[21,1,9,5,4,16,13,8,17,12,20,24,11],[17,9,13,5,21,1,4],[5,9,13,17,21,1,4],[1,9,5,8,4,13,17,21,12,20,16,24,11],[17,9,21,1,5,4,13],[1,17,21,13,5,4,9],[21,13,9,1,17,5,4],[1,21,9,5,8,4,12,13,17,20,16,24,15],[13,21,5,1,8,4,17,9,12,20,16,24,15],[17,1,13,9,5,4,24],[13,17,5,21,4,9],[17,1,21,13,9,5,8,4,12,20,16,24,15],[21,17,5,13,9,1,8,4,12,20,16,24,11],[9,1,21,5,8,4,17,13,12,20,16,24,11],[9,13,21,5,1,4,17],[5,17,13,24,1,8,4,9,12,20,16,15],[5,1,4,16,13,8,17,21,9,12,20,24,15],[9,17,1,13,21,5,4],[1,5,4,12,9,8,21,13,17,20,16,24,11],[21,1,5,4,13,9,17],[17,21,1,9,13,5,4],[13,17,5,21,1,4,9],[21,17,13,5,9,1,8,4,12,20,16,24,11],[9,13,21,1,5,4,17],[5,9,17,21,13,1,4],[9,21,17,5,1,8,4,13,12,20,16,24,11],[9,5,1,8,4,13,21,12,17,20,16,24,15],[17,21,13,9,1,5,8,4,12,20,16,24,15],[1,5,4,9,21,13,12],[13,17,9,1,5,8,4,21,12,20,16,24,11],[21,17,1,5,8,4,13,9,12,20,16,24,11],[1,13,5,4,21,12,9],[1,5,8,4,13,21,17,9,12,20,16,24,15],[1,17,9,5,8,4,13,21,12,20,16,24,11],[13,5,17,21,9,1,4],[1,5,8,4,17,13,21,9,12,20,16,24,15],[13,21,5,4,9,17],[1,5,8,4,17,21,13,9,12,20,16,24,15],[17,1,13,5,8,4,9,12,21,20,16,24,11],[1,17,21,13,5,8,4,9,12,20,16,24,11],[17,13,21,1,5,8,4,9,12,20,16,24,11],[1,13,5,8,4,17,9,21,12,20,16,24,15],[9,13,17,5,1,4,8,21,12,20,16,24,15],[13,5,21,1,8,4,17,9,12,20,16,24,11],[9,17,21,5,1,8,4,13,12,20,16,24,11],[9,17,5,1,4,21,13],[13,1,5,4,17,9,21],[17,9,1,21,13,5,8,4,12,20,16,24,11],[5,24,17,13,1,4],[21,13,9,17,1,5,4],[1,21,9,5,8,4,12,13,17,20,16,24,11],[21,13,5,17,9,12,8,1,4,20,16,24,11],[9,21,1,13,5,4,17],[5,13,21,20,9,17,1,8,4,12,16,24,15],[1,9,13,5,4,17,21],[21,17,9,1,13,5,4],[17,13,5,1,4,21,9],[13,21,1,5,8,4,17,9,12,20,16,24,11],[9,1,5,4,21,13,20],[13,17,9,5,21,4],[13,17,1,21,5,4,9],[1,17,13,9,21,5,4],[13,17,1,21,5,8,4,9,12,20,16,24,15],[13,1,17,9,5,8,4,21,12,20,16,24,11],[21,17,5,9,13,1,8,4,12,20,16,24,15],[21,17,13,9,1,5,8,4,12,20,16,24,15],[21,1,17,13,5,8,4,9,12,20,16,24,11],[9,5,21,13,4,17],[13,5,21,17,9,1,4],[1,13,17,21,9,5,4],[9,21,1,17,13,5,8,4,12,20,16,24,11],[9,1,21,5,8,4,17,13,12,20,16,24,15],[17,5,13,1,8,4,21,9,12,20,16,24,15],[17,1,21,9,5,4,16,13],[21,1,9,5,8,4,13,17,12,20,16,24,11],[5,12,9,8,13,21,1,4,17,20,16,24,15],[9,17,13,5,1,8,4,21,12,20,16,24,11],[9,17,5,21,1,4,13],[13,1,21,17,5,4,12,9],[1,17,9,21,13,5,8,4,12,20,16,24,15],[5,17,9,1,4,21,8,12,13,20,16,24,11],[1,21,17,9,5,4,13],[13,21,5,9,1,4,8,17,12,20,16,24,11],[21,5,1,8,4,13,9,17,12,20,16,24,15],[9,13,17,1,5,4,8,21,12,20,16,24,15],[13,1,9,17,21,5,8,4,12,20,16,24,15],[5,17,9,1,8,4,21,13,12,20,16,24,11],[9,21,5,20,13,1,4],[9,1,21,17,5,8,4,13,12,20,16,24,11],[9,1,5,4,13,17,21],[21,1,13,5,4,9,8,17,12,20,16,24,15],[9,1,5,8,4,21,17,12,13,20,16,24,15],[13,5,20,1,8,17,4,9,21,12,16,24,15],[9,21,1,5,8,4,13,17,12,20,16,24,11],[5,1,4,9,21,16,13,8,17,12,20,24,11],[5,21,1,8,4,13,17,9,12,20,16,24,15],[1,9,21,5,8,4,13,17,12,20,16,24,15],[13,1,5,8,4,21,9,17,12,20,16,24,15],[13,5,9,21,1,4,17],[5,21,17,1,4,13,9],[1,17,21,13,5,8,4,9,12,20,16,24,15],[21,13,9,5,20,1,8,17,4,12,16,24,11],[17,1,9,21,13,5,8,4,12,20,16,24,15],[17,5,21,1,4,13,9],[5,13,17,21,1,8,4,9,12,20,16,24,11],[9,21,13,1,5,4,17],[9,13,5,17,1,8,4,21,12,20,16,24,15],[17,5,21,4,9,13],[13,21,5,4,9,17],[13,1,9,5,8,4,17,12,21,20,16,24,15],[1,13,5,8,4,9,21,12,17,20,16,24,11],[1,5,4,13,24,9],[1,13,5,8,4,17,9,12,21,20,16,24,11],[9,17,1,5,4,21,8,12,13,20,16,24,11],[21,17,13,1,9,5,4],[17,1,13,5,8,4,21,9,12,20,16,24,11],[5,21,13,9,20,1,4],[13,1,5,8,4,17,9,12,21,20,16,24,11],[1,5,4,17,9,8,13,21,12,20,16,24,15],[21,1,5,4,9,17,13],[17,13,5,1,8,4,9,21,12,20,16,24,15],[17,13,21,5,1,4,8,9,12,20,16,24,15],[13,9,5,21,17,1,8,4,12,20,16,24,11],[9,1,21,17,13,5,4],[1,17,5,4,9,21,13],[21,17,9,13,1,5,4],[13,17,5,21,1,4,9],[17,13,21,5,9,1,8,4,12,20,16,24,15],[17,5,9,1,4,8,13,12,21,20,16,24,11],[9,13,5,4,21,17],[9,21,17,5,1,4,13],[9,1,13,17,5,4,21],[1,21,13,17,5,4,9],[5,4,13,17,9,21],[21,13,9,17,1,5,4],[5,12,9,8,21,13,1,4,17,20,16,24,11],[1,5,4,13,9,17,21],[13,21,1,17,5,8,4,9,12,20,16,24,11],[13,1,17,9,5,8,4,12,21,20,16,24,11],[17,9,5,1,8,4,21,13,12,20,16,24,15],[13,5,21,1,4,8,17,9,12,20,16,24,11],[13,21,17,5,9,1,4],[1,21,5,4,9,16,13,8,17,12,20,24,15],[9,13,5,4,17,21],[21,17,9,5,13,1,4],[1,21,9,5,4,13,17],[13,1,21,5,8,4,17,9,12,20,16,24,15],[9,1,17,5,4,13,21],[17,9,1,21,5,4,13],[13,5,9,21,1,4,17],[9,17,5,16,13,8,1,4,21,12,20,24,15],[5,17,21,1,4,9,13],[1,17,5,8,4,13,9,21,12,20,16,24,11],[9,21,17,5,1,4,13],[21,17,1,5,8,4,9,12,13,20,16,24,11],[9,17,21,1,5,8,4,13,12,20,16,24,15],[5,13,21,12,9,8,17,1,4,20,16,24,11],[13,17,5,21,1,4,9],[1,13,17,5,8,4,9,21,12,20,16,24,15],[9,21,1,5,8,4,12,13,17,20,16,24,11],[9,1,13,5,8,4,17,21,12,20,16,24,11],[1,21,17,5,8,4,13,9,12,20,16,24,11],[17,1,9,13,21,5,4],[5,1,8,4,13,21,9,17,12,20,16,24,11],[13,1,21,17,9,5,4],[9,1,17,21,13,5,8,4,12,20,16,24,15],[13,1,9,5,4,17,8,21,12,20,16,24,15],[1,5,8,4,17,9,13,21,12,20,16,24,15],[13,1,9,17,21,5,4],[17,1,21,13,9,5,8,4,12,20,16,24,11],[1,21,5,8,4,9,12,13,17,20,16,24,11],[1,17,21,5,4,13,9],[9,1,5,8,4,21,17,13,12,20,16,24,15],[13,17,9,5,1,8,4,21,12,20,16,24,15],[5,17,13,24,1,4],[21,1,5,8,4,13,17,9,12,20,16,24,11],[17,5,21,9,13,1,4],[5,9,1,4,13,21,8,17,12,20,16,24,11],[5,1,8,4,9,13,21,17,12,20,16,24,15],[5,13,21,9,17,1,8,4,12,20,16,24,11],[1,21,17,9,13,5,8,4,12,20,16,24,11],[21,5,1,4,20,13,12,9],[13,1,17,5,8,4,9,12,21,20,16,24,11],[9,5,1,4,13,21,17],[21,17,13,9,5,1,8,4,12,20,16,24,15],[13,5,12,9,8,17,21,1,4,20,16,24,11],[13,5,9,1,8,4,17,21,12,20,16,24,11],[13,5,1,8,4,9,21,12,17,20,16,24,15],[5,1,8,4,13,21,17,9,12,20,16,24,15],[9,1,13,5,8,4,17,21,12,20,16,24,11],[21,13,9,1,17,5,4],[5,21,13,9,17,1,8,4,12,20,16,24,11],[5,17,9,1,8,4,13,21,12,20,16,24,11],[17,1,21,5,4,9,13],[9,13,1,17,5,8,4,21,12,20,16,24,11],[9,1,13,5,4,17,21],[1,21,5,4,20,9,13],[1,13,17,5,4,9,12,8,21,20,16,24,11],[9,5,13,1,8,4,17,12,21,20,16,24,15],[13,21,1,9,5,4,17],[9,21,5,13,17,1,8,4,12,20,16,24,11],[9,21,5,13,17,4],[5,16,13,8,1,4,21,17,9,12,20,24,11],[1,9,5,8,4,17,21,13,12,20,16,24,15],[5,13,9,17,24,1,8,4,12,20,16,11],[1,9,17,21,5,4,13],[5,13,17,21,1,4,9],[1,9,13,5,8,4,21,12,17,20,16,24,15],[21,1,17,5,4,13,9],[17,21,5,1,4,9,13],[9,17,1,21,5,4,13],[13,9,21,1,17,5,4],[17,9,13,21,1,5,8,4,12,20,16,24,15],[13,21,17,5,9,4],[21,5,13,1,8,4,17,9,12,20,16,24,11],[5,17,16,13,8,21,9,1,4,12,20,24,11],[17,21,9,5,1,4,13],[21,9,17,13,1,5,8,4,12,20,16,24,15],[5,17,13,1,8,4,21,9,12,20,16,24,15],[9,5,17,13,1,8,4,12,21,20,16,24,15],[1,17,5,8,4,13,9,21,12,20,16,24,11],[5,9,1,4,24,13],[1,17,5,8,4,9,21,12,13,20,16,24,11],[5,1,8,4,9,21,12,13,17,20,16,24,15],[5,9,24,1,4,13,17],[13,9,17,5,1,8,4,21,12,20,16,24,15],[5,13,4,9,21,17],[5,13,17,1,4,9,21],[17,5,21,9,1,8,4,12,13,20,16,24,15],[17,13,5,24,1,4],[9,5,4,20,17,13,21],[17,1,9,13,5,8,4,12,21,20,16,24,15],[17,1,5,8,4,13,21,9,12,20,16,24,15],[13,5,21,17,9,1,4],[17,1,9,21,5,8,4,13,12,20,16,24,11],[21,9,17,1,13,5,4],[21,13,1,5,8,4,9,17,12,20,16,24,15],[13,1,21,17,5,8,4,9,12,20,16,24,11],[1,21,9,17,5,4,8,13,12,20,16,24,15],[17,13,5,1,4,9,21],[17,13,21,1,5,8,4,9,12,20,16,24,11],[21,13,9,5,1,4,17],[1,21,17,5,8,4,9,13,12,20,16,24,15],[9,13,1,5,4,21,17],[21,9,13,5,17,1,4],[17,9,21,13,1,5,8,4,12,20,16,24,15],[17,5,9,13,21,1,4],[9,1,21,17,13,5,4],[13,21,9,17,5,1,4],[9,21,13,5,1,4,17],[1,13,5,8,4,17,21,9,12,20,16,24,11],[1,21,9,5,8,4,13,17,12,20,16,24,11],[13,21,17,1,9,5,8,4,12,20,16,24,11],[5,13,9,17,21,1,8,4,12,20,16,24,11],[1,17,5,8,4,9,21,13,12,20,16,24,11],[5,1,8,4,21,13,17,9,12,20,16,24,11],[9,1,13,21,17,5,4],[13,17,1,9,21,5,8,4,12,20,16,24,11],[13,21,1,17,5,4,8,9,12,20,16,24,15],[9,17,5,13,1,8,4,21,12,20,16,24,15],[1,5,4,9,17,21,13],[1,21,17,5,4,9,13],[21,5,13,1,4,9,17],[21,17,1,5,4,16,13,8,9,12,20,24,15],[9,13,17,21,1,5,8,4,12,20,16,24,11],[5,1,4,9,24,13],[1,9,17,5,4,16,13,8,21,12,20,24,15],[13,9,21,17,1,5,8,4,12,20,16,24,15],[21,13,17,1,9,5,4],[5,21,17,1,8,4,9,13,12,20,16,24,15],[1,17,13,9,5,8,4,12,21,20,16,24,15],[13,9,5,17,1,8,4,12,21,20,16,24,11],[17,21,13,9,5,1,4],[9,21,13,5,17,1,8,4,12,20,16,24,11],[17,21,13,9,1,5,8,4,12,20,16,24,11],[5,21,9,13,17,1,8,4,12,20,16,24,15],[9,21,13,17,5,1,4],[13,5,1,4,21,17,12,8,9,20,16,24,15],[13,21,5,9,1,8,4,12,17,20,16,24,15],[21,1,13,5,8,4,9,12,17,20,16,24,11],[13,5,1,8,4,9,12,17,21,20,16,24,11],[5,17,1,4,13,21,8,9,12,20,16,24,15],[5,21,13,17,9,1,4],[13,21,5,1,4,17,9],[1,13,5,8,4,21,17,9,12,20,16,24,15],[17,1,5,8,4,21,13,9,12,20,16,24,11],[9,1,21,13,17,5,4],[1,21,13,5,4,8,17,9,12,20,16,24,15],[5,4,16,13,8,21,17,9,12,20,1,24,11],[5,21,9,1,4,13,17],[9,1,17,5,8,4,13,21,12,20,16,24,11],[5,1,4,17,13,21,12,9],[1,17,13,21,9,5,8,4,12,20,16,24,15],[9,13,5,21,17,1,8,4,12,20,16,24,15],[17,5,9,1,4,8,13,12,21,20,16,24,11],[17,5,9,13,21,1,8,4,12,20,16,24,15],[21,17,9,1,13,5,8,4,12,20,16,24,15],[17,9,5,13,21,1,8,4,12,20,16,24,11],[21,17,1,13,9,5,4],[5,9,24,1,8,4,13,17,12,20,16,11],[5,17,1,4,13,9,21],[1,17,13,21,5,4,9],[9,17,5,1,8,4,21,13,12,20,16,24,15],[21,9,1,13,17,5,4],[21,13,1,5,4,17,8,9,12,20,16,24,15],[9,1,21,5,4,13,17],[13,9,5,24,17,1,8,4,12,20,16,11],[1,13,17,9,21,5,4],[17,21,1,9,5,8,4,13,12,20,16,24,11],[9,13,17,5,1,8,4,21,12,20,16,24,15],[5,1,8,4,17,21,13,9,12,20,16,24,15],[21,9,5,17,13,1,8,4,12,20,16,24,11],[21,9,5,13,1,4,17],[21,5,13,12,8,9,1,4,17,20,16,24,11],[13,17,5,1,8,4,21,9,12,20,16,24,11],[1,9,5,8,4,13,17,12,21,20,16,24,15],[1,9,5,8,4,21,13,17,12,20,16,24,15],[1,13,9,21,17,5,8,4,12,20,16,24,11],[5,21,17,9,1,4,12,8,13,20,16,24,15],[17,5,9,1,4,21,16,13],[21,17,1,9,5,8,4,12,13,20,16,24,15],[1,5,4,24,17,8,9,13,12,20,16,15],[1,5,8,4,13,17,21,9,12,20,16,24,11],[21,13,5,17,1,4,9],[5,9,16,13,8,17,21,1,4,12,20,24,15],[17,21,5,4,9,13],[13,21,5,4,17,12,9],[21,5,1,4,13,9,8,17,12,20,16,24,11],[21,9,5,17,1,4,8,13,12,20,16,24,11],[21,1,17,5,8,4,13,9,12,20,16,24,11],[17,21,13,9,1,5,4],[5,21,13,9,12,8,1,4,17,20,16,24,15],[1,21,13,5,8,4,17,9,12,20,16,24,15],[9,1,5,8,4,17,21,13,12,20,16,24,11],[21,1,13,9,5,4,17],[13,21,17,1,9,5,4],[9,13,21,5,17,1,4],[17,13,9,21,1,5,4],[17,5,9,1,4,8,13,21,12,20,16,24,11],[1,13,17,5,4,21,12,9],[9,17,5,13,1,8,4,12,21,20,16,24,15],[21,5,16,13,8,9,17,1,4,12,20,24,15],[21,13,9,5,4,17],[21,9,13,5,20,1,8,17,4,12,16,24,11],[21,5,17,1,4,9,8,13,12,20,16,24,15],[13,9,1,17,5,8,4,21,12,20,16,24,15],[21,1,13,17,5,4,9],[13,1,9,17,21,5,8,4,12,20,16,24,11],[9,1,21,17,13,5,8,4,12,20,16,24,11],[1,5,4,21,13,12,9],[21,9,17,13,1,5,4],[1,21,13,17,9,5,4],[1,5,8,4,9,13,17,12,21,20,16,24,11],[9,17,13,5,21,1,8,4,12,20,16,24,11],[21,9,5,1,4,16,13,8,17,12,20,24,15],[1,9,5,4,8,17,13,12,21,20,16,24,15],[13,21,5,9,17,1,8,4,12,20,16,24,15],[1,17,5,4,13,9,21],[21,17,1,9,13,5,8,4,12,20,16,24,15],[1,17,21,5,8,4,9,13,12,20,16,24,11],[5,1,4,13,9,21,17],[13,5,21,9,4,17],[13,9,17,5,24,1,8,4,12,20,16,15],[9,17,21,1,5,8,4,13,12,20,16,24,15],[1,13,21,17,9,5,4],[1,17,5,8,4,13,9,21,12,20,16,24,11],[5,12,9,8,13,21,1,4,17,20,16,24,11],[9,5,17,1,4,21,13],[17,5,16,13,8,9,21,1,4,12,20,24,11],[1,9,5,8,4,13,17,21,12,20,16,24,15],[5,13,21,9,1,4,17],[1,9,5,8,4,21,17,13,12,20,16,24,11],[17,9,21,5,1,4,13],[13,21,9,17,5,1,8,4,12,20,16,24,15],[17,1,13,9,5,8,4,21,12,20,16,24,11],[9,1,17,13,21,5,4],[17,21,5,9,12,8,13,1,4,20,16,24,11],[9,13,1,5,8,4,21,12,17,20,16,24,11],[21,9,17,1,5,4,13],[1,17,9,5,8,4,13,21,12,20,16,24,15],[17,1,21,9,13,5,4],[9,13,1,17,5,4,21],[21,5,1,4,13,17,9],[17,9,1,21,5,8,4,12,13,20,16,24,11],[5,13,17,4,9,21],[9,1,21,17,5,4,13],[21,17,13,9,1,5,8,4,12,20,16,24,15],[21,9,1,5,4,20,17],[13,17,5,9,1,8,4,21,12,20,16,24,15],[13,1,21,17,5,8,4,9,12,20,16,24,15],[9,21,5,1,8,4,12,13,17,20,16,24,15],[1,21,13,5,4,17,9],[21,1,9,13,17,5,8,4,12,20,16,24,11],[5,13,1,8,4,9,21,12,17,20,16,24,11],[1,9,5,8,4,13,17,21,12,20,16,24,11],[5,9,24,20,13,1,4],[13,17,21,9,1,5,8,4,12,20,16,24,15],[13,17,1,5,8,4,9,21,12,20,16,24,15],[13,9,5,21,4,8,17,12,20,16,1,24,15],[13,17,21,5,1,4,9],[21,17,13,5,9,1,4],[21,5,4,12,9,8,17,13,20,16,24,1,11],[13,5,9,17,21,1,8,4,12,20,16,24,15],[13,17,9,1,5,4,21],[9,1,5,4,21,8,13,17,12,20,16,24,15],[5,20,1,4,17,12,9,8,13,21,16,24,11],[17,5,9,21,1,8,4,13,12,20,16,24,15],[9,5,17,13,21,4],[5,17,21,9,1,8,4,13,12,20,16,24,11],[13,9,17,5,21,1,8,4,12,20,16,24,15],[9,17,1,13,21,5,8,4,12,20,16,24,11],[9,21,5,17,1,8,4,13,12,20,16,24,11],[9,17,1,21,13,5,8,4,12,20,16,24,15],[5,1,4,13,21,12,9],[1,21,9,5,8,4,13,17,12,20,16,24,15],[21,13,5,17,1,4,9],[1,13,21,17,9,5,8,4,12,20,16,24,11],[1,5,4,17,21,9,13],[17,1,9,21,5,4,13],[21,1,17,5,4,13,9],[1,9,5,8,4,21,17,12,13,20,16,24,15],[5,21,17,1,4,16,13,8,9,12,20,24,15],[13,9,5,17,21,1,8,4,12,20,16,24,15],[17,9,21,1,13,5,8,4,12,20,16,24,15],[21,1,17,13,5,8,4,9,12,20,16,24,15],[1,9,17,5,8,4,13,12,21,20,16,24,11],[21,1,5,8,4,13,9,17,12,20,16,24,15],[9,1,13,21,17,5,8,4,12,20,16,24,11],[1,9,13,5,4,17,24],[1,9,21,17,5,8,4,13,12,20,16,24,15],[13,5,1,4,17,21,9],[17,13,5,1,8,4,9,21,12,20,16,24,15],[13,9,21,1,5,4,17],[21,13,17,9,1,5,4],[13,21,9,17,1,5,4],[1,21,13,17,9,5,4],[17,1,21,9,13,5,4],[13,17,1,9,21,5,8,4,12,20,16,24,15],[17,21,9,5,13,4],[5,1,4,13,21,17,8,9,12,20,16,24,15],[17,9,13,5,21,1,4],[17,9,21,5,13,1,8,4,12,20,16,24,11],[13,9,1,17,21,5,4],[21,5,9,16,13,8,1,4,17,12,20,24,11],[5,24,13,9,1,8,4,17,12,20,16,11],[13,1,21,5,8,4,9,12,17,20,16,24,15],[5,12,9,8,1,4,13,21,17,20,16,24,15],[1,9,17,13,21,5,4],[9,5,17,1,8,4,13,21,12,20,16,24,11],[17,9,1,21,5,4,13],[9,17,13,5,1,4,21],[21,13,9,17,5,1,8,4,12,20,16,24,11],[17,5,9,1,8,4,21,13,12,20,16,24,11],[9,1,13,17,21,5,8,4,12,20,16,24,15],[1,9,13,17,5,4,21],[5,16,13,8,21,9,1,4,17,12,20,24,11],[9,13,17,21,1,5,4],[17,1,21,13,9,5,8,4,12,20,16,24,15],[9,21,17,5,13,1,8,4,12,20,16,24,15],[5,21,17,9,1,4,13],[13,9,1,5,8,4,21,17,12,20,16,24,15],[5,21,1,8,4,9,17,13,12,20,16,24,15],[1,5,4,9,16,13,8,17,21,12,20,24,15],[5,13,21,17,1,8,4,9,12,20,16,24,15],[5,17,9,21,4,13],[13,21,5,1,8,4,17,9,12,20,16,24,11],[1,13,21,17,9,5,8,4,12,20,16,24,11],[17,1,21,5,4,13,8,9,12,20,16,24,11],[9,1,17,21,5,4,13],[21,5,9,1,8,4,17,13,12,20,16,24,15],[21,9,17,1,13,5,4],[5,16,13,8,9,1,4,21,17,12,20,24,11],[9,17,13,5,21,1,4],[21,9,5,1,8,4,17,13,12,20,16,24,11],[17,21,5,13,9,1,8,4,12,20,16,24,11],[9,21,13,1,17,5,4],[21,17,13,5,4,9],[17,13,21,1,5,8,4,9,12,20,16,24,11],[5,21,13,4,9,17],[1,5,4,9,21,13,17],[21,1,9,13,5,8,4,17,12,20,16,24,15],[9,17,21,5,13,1,4],[5,17,1,8,4,13,21,9,12,20,16,24,15],[21,1,13,17,9,5,4],[5,9,17,21,1,8,4,13,12,20,16,24,11],[21,5,9,1,8,4,17,12,13,20,16,24,15],[9,21,17,13,1,5,8,4,12,20,16,24,15],[1,9,5,4,21,8,17,13,12,20,16,24,15],[21,9,1,5,4,17,13],[21,17,13,9,1,5,4],[17,21,13,1,5,4,8,9,12,20,16,24,11],[5,17,16,13,8,1,4,21,9,12,20,24,15],[5,17,21,9,13,1,4],[9,21,17,5,13,1,4],[9,21,1,5,4,17,13],[9,5,17,21,1,8,4,13,12,20,16,24,11],[9,5,1,8,4,21,13,17,12,20,16,24,15],[13,5,9,21,4,17],[17,9,5,1,4,13,8,21,12,20,16,24,11],[21,17,1,9,13,5,4],[17,21,1,13,9,5,4],[5,13,9,1,4,21,17],[1,13,9,21,17,5,8,4,12,20,16,24,15],[9,1,13,17,21,5,4],[9,13,21,17,1,5,8,4,12,20,16,24,11],[21,1,5,8,4,9,13,17,12,20,16,24,11],[21,17,9,13,1,5,4],[5,13,1,8,4,21,9,17,12,20,16,24,15],[9,17,5,21,13,4],[9,1,17,5,8,4,21,13,12,20,16,24,11],[9,13,21,1,5,4,17],[1,13,21,17,5,4,9],[21,13,5,17,9,1,8,4,12,20,16,24,11],[17,9,13,5,1,4,21],[21,13,1,17,9,5,4],[17,5,13,1,4,9,21],[5,21,17,13,1,8,4,9,12,20,16,24,15],[21,1,5,4,17,13,9],[17,1,5,4,9,21,13],[5,9,13,24,1,4],[9,21,1,17,13,5,8,4,12,20,16,24,11],[5,12,9,8,1,4,17,21,13,20,16,24,11],[1,13,5,8,4,21,17,9,12,20,16,24,11],[21,13,17,9,5,1,8,4,12,20,16,24,15],[13,1,9,21,5,4,17],[13,9,21,5,17,1,8,4,12,20,16,24,15],[17,13,1,9,5,4,8,21,12,20,16,24,11],[9,21,13,5,17,1,8,4,12,20,16,24,15],[13,21,1,9,17,5,4],[17,5,9,1,4,21,13],[1,5,8,4,17,13,21,9,12,20,16,24,15],[17,13,5,21,9,4],[13,17,5,9,1,4,21],[9,1,5,8,4,21,12,17,13,20,16,24,15],[9,1,5,8,4,13,21,17,12,20,16,24,15],[21,5,13,9,17,1,4],[21,5,12,9,8,13,1,4,17,20,16,24,11],[1,9,5,8,4,17,21,13,12,20,16,24,15],[17,9,1,13,21,5,4],[21,5,9,1,8,4,17,13,12,20,16,24,15],[17,1,9,5,4,24,13],[9,1,5,8,4,21,13,17,12,20,16,24,15],[13,9,1,21,5,8,4,12,17,20,16,24,11],[17,1,9,21,5,4,13],[17,21,1,9,13,5,8,4,12,20,16,24,11],[5,21,17,9,13,1,4],[13,5,9,17,21,4],[9,13,1,5,4,21,17],[21,9,17,5,13,1,4],[9,1,17,5,8,4,13,21,12,20,16,24,11],[21,9,1,13,17,5,4],[13,21,9,1,5,4,17],[1,17,9,5,8,4,12,21,13,20,16,24,15],[13,5,1,8,4,9,21,12,17,20,16,24,15],[1,17,5,8,4,9,12,21,13,20,16,24,11],[21,5,17,9,13,1,8,4,12,20,16,24,15],[5,17,9,13,1,8,4,12,21,20,16,24,15],[5,9,20,1,4,17,13],[13,9,17,5,4,21],[13,1,21,17,9,5,4],[1,5,4,17,21,9,13],[17,9,13,1,21,5,4],[1,5,4,17,21,9,8,13,12,20,16,24,11],[21,13,5,20,1,8,17,4,9,12,16,24,11],[9,13,17,5,1,4,21],[1,5,4,17,13,9,8,21,12,20,16,24,11],[17,1,9,5,4,21,13],[9,17,5,1,4,24,13],[5,13,21,1,4,9,17],[17,5,21,13,9,4],[1,5,8,4,9,17,21,13,12,20,16,24,11],[21,5,16,13,8,9,17,1,4,12,20,24,11],[9,5,1,8,4,17,13,21,12,20,16,24,15],[13,1,21,9,5,4,17],[21,13,5,17,9,1,4],[17,21,9,1,13,5,4],[17,13,21,9,1,5,8,4,12,20,16,24,15],[9,17,5,1,4,16,13,8,21,12,20,24,11],[13,21,9,5,1,8,4,17,12,20,16,24,15],[17,1,21,9,13,5,8,4,12,20,16,24,11],[1,5,8,4,9,13,21,17,12,20,16,24,11],[9,17,13,1,5,4,21],[5,24,17,13,9,1,4],[21,9,5,13,1,8,4,12,17,20,16,24,15],[1,21,5,8,4,13,9,17,12,20,16,24,11],[13,21,5,1,8,4,17,9,12,20,16,24,11],[13,9,17,21,5,1,4],[1,5,4,17,21,9,13],[13,5,17,1,4,21,9],[13,17,21,9,5,4],[17,13,21,5,9,1,4],[9,13,1,5,4,21,17],[5,4,21,17,9,13],[13,21,5,12,9,8,17,1,4,20,16,24,15],[13,21,1,5,4,17,9],[9,21,1,17,5,4,13],[17,1,5,8,4,21,9,13,12,20,16,24,11],[17,13,5,1,8,4,9,21,12,20,16,24,11],[13,21,5,17,9,8,1,4,12,20,16,24,11],[5,1,8,4,13,9,17,21,12,20,16,24,15],[17,21,9,1,13,5,4],[13,5,21,17,9,1,4],[5,13,17,9,1,8,4,21,12,20,16,24,11],[21,5,17,9,13,1,4],[21,1,5,8,4,17,13,9,12,20,16,24,11],[21,17,9,13,1,5,4],[9,13,1,17,21,5,8,4,12,20,16,24,11],[5,1,4,8,13,21,17,9,12,20,16,24,15],[13,5,21,17,9,1,4],[13,17,5,9,1,4,21],[5,21,13,1,4,9,17],[21,17,9,1,5,4,13],[13,9,1,17,5,4,21],[1,9,5,8,4,13,17,21,12,20,16,24,11],[1,21,17,13,9,5,4],[9,5,1,8,4,17,13,12,21,20,16,24,15],[13,5,4,17,21,9],[17,5,13,9,1,4,21],[1,17,5,4,21,13,9],[17,1,21,5,4,9,13],[13,1,17,5,8,4,9,21,12,20,16,24,11],[1,5,4,21,13,9,17],[1,9,21,5,8,4,12,17,13,20,16,24,15],[13,9,21,1,17,5,4],[5,1,8,4,13,17,21,9,12,20,16,24,15],[5,9,21,17,13,1,8,4,12,20,16,24,15],[13,1,5,4,9,21,17],[21,17,5,9,1,8,4,13,12,20,16,24,15],[17,1,5,4,9,13,21],[9,21,5,17,13,1,8,4,12,20,16,24,15],[21,13,9,17,1,5,8,4,12,20,16,24,15],[5,21,13,17,9,1,4],[1,17,5,8,4,13,21,9,12,20,16,24,11],[1,5,8,4,21,9,17,13,12,20,16,24,15],[1,21,9,17,13,5,8,4,12,20,16,24,15],[1,9,13,5,4,17,21],[9,21,1,13,17,5,8,4,12,20,16,24,15],[21,9,5,13,1,4,17],[9,5,1,4,21,8,13,17,12,20,16,24,15],[17,21,5,13,1,8,4,9,12,20,16,24,15],[17,5,9,13,21,1,4],[5,17,21,12,9,8,13,1,4,20,16,24,15],[9,17,13,1,21,5,4],[21,1,5,4,13,17,9],[21,9,17,1,13,5,4],[5,13,1,8,4,9,21,17,12,20,16,24,11],[1,17,5,8,4,9,13,12,21,20,16,24,11],[5,21,4,9,17,13],[5,17,1,8,4,21,13,9,12,20,16,24,11],[13,21,9,1,17,5,8,4,12,20,16,24,15],[1,9,5,4,17,21,16,13],[21,1,13,17,9,5,4],[9,13,5,1,4,24],[5,1,4,17,12,9,8,13,21,20,16,24,11],[1,17,5,4,21,8,13,9,12,20,16,24,11],[1,13,5,8,4,21,17,9,12,20,16,24,15],[17,13,1,5,4,8,9,21,12,20,16,24,11],[5,17,21,1,8,4,9,13,12,20,16,24,11],[17,5,13,21,1,8,4,9,12,20,16,24,15],[21,5,17,9,1,8,4,13,12,20,16,24,15],[13,9,17,21,5,1,8,4,12,20,16,24,15],[13,17,9,1,21,5,4],[13,1,21,9,5,8,4,17,12,20,16,24,15],[13,5,17,21,9,1,4],[17,9,1,21,13,5,4],[13,9,1,5,4,17,21],[9,13,1,21,17,5,4],[9,17,21,5,13,1,4],[21,13,5,17,9,1,8,4,12,20,16,24,11],[9,13,17,21,1,5,8,4,12,20,16,24,11],[21,13,5,17,9,1,8,4,12,20,16,24,15],[1,17,9,5,8,4,13,21,12,20,16,24,11],[9,21,13,1,17,5,4],[5,17,13,9,21,1,8,4,12,20,16,24,11],[13,17,5,4,9,21],[21,17,9,1,13,5,4],[13,9,17,1,21,5,4],[13,21,5,17,9,1,8,4,12,20,16,24,11],[5,17,9,13,1,8,4,21,12,20,16,24,11],[9,5,1,4,8,13,17,21,12,20,16,24,11],[17,21,13,1,9,5,8,4,12,20,16,24,11],[1,21,5,8,4,9,17,12,13,20,16,24,15],[13,21,17,1,5,4,9],[21,13,17,5,9,1,4],[9,17,13,1,5,8,4,21,12,20,16,24,15],[5,16,13,8,1,4,21,9,17,12,20,24,15],[21,1,9,17,5,8,4,13,12,20,16,24,11],[9,17,13,1,21,5,8,4,12,20,16,24,15],[5,13,4,21,17,9],[17,1,13,21,9,5,8,4,12,20,16,24,11],[17,5,1,8,4,21,9,13,12,20,16,24,11],[9,21,13,5,17,1,4],[1,21,17,9,13,5,4],[5,17,9,16,13,8,21,1,4,12,20,24,11],[17,5,13,21,1,8,4,9,12,20,16,24,11],[13,5,21,9,17,1,4],[13,5,9,1,8,4,17,21,12,20,16,24,15],[21,5,1,4,9,17,13],[9,13,5,21,1,8,4,17,12,20,16,24,11],[5,1,8,4,13,9,21,17,12,20,16,24,15],[13,1,5,8,4,17,21,9,12,20,16,24,15],[1,17,21,13,9,5,8,4,12,20,16,24,11],[21,13,1,17,9,5,4],[1,9,13,21,5,8,4,17,12,20,16,24,15],[17,13,9,5,21,4],[13,9,5,21,1,8,4,12,17,20,16,24,15],[17,1,21,13,5,8,4,9,12,20,16,24,15],[13,9,21,5,17,1,4],[9,1,17,21,5,8,4,12,13,20,16,24,15],[5,21,9,1,4,17,13],[13,9,17,5,24,1,8,4,12,20,16,15],[9,13,1,17,5,4,21],[9,21,13,1,17,5,8,4,12,20,16,24,15],[17,13,9,21,1,5,4],[21,5,13,1,4,9,17],[13,17,1,21,9,5,8,4,12,20,16,24,15],[13,17,9,21,5,1,8,4,12,20,16,24,11],[13,9,5,4,21,17],[17,13,5,1,4,24],[5,1,4,13,9,17,21],[1,5,8,4,13,17,21,9,12,20,16,24,11],[5,20,16,13,8,17,1,4,21,9,12,24,11],[5,21,1,4,13,9,17],[1,9,13,17,5,4,21],[21,13,5,1,8,4,17,9,12,20,16,24,15],[21,9,17,13,1,5,4],[21,13,1,9,5,4,17],[13,21,5,17,1,4,9],[17,13,5,9,1,4,21],[17,5,13,21,9,1,4],[21,5,12,9,8,17,13,1,4,20,16,24,11],[17,21,13,1,5,8,4,9,12,20,16,24,15],[21,13,1,17,5,8,4,9,12,20,16,24,11]],"n_human":9}