{"problem_id":"neZxlxCCVnc1QUg","sigma":75,"alpha":0.316,"cost":0,"probabilities":"[0.24000000000000002, 0.25, 0.18, 0.33]","payoff_matrix":"[[-59, -12, 99, -46, -10, 56], [-112, -60, 100, -23, -8, 25], [-74, -60, 185, -66, 60, -156], [41, 76, 51, -18, -4, -80]]","uncovered":[[8,24,20,16,12,5,10,6,4,1],[24,12,20,8,6,10,4,2,16],[20,8,16,12,6,10,4,1,24],[8,12,10,6,24,20,16,4,2],[24,16,4,8,5,2,20,12,10,6],[12,24,8,6,10,20,4,16,2],[8,16,4,6,2,20,24,12,10],[24,20,16,12,4,10,1,8,6],[24,16,4,8,2,12,10,6,20],[12,20,16,4,10,24,8,6,2],[8,16,12,6,10,24,20,4,2],[8,16,20,24,4,1,12,10,6,11],[4,20,8,2,24,12,10,6,16],[24,8,12,6,10,16,20,4,2],[20,16,24,12,4,2,8,6,10],[16,12,24,8,10,6,20,4,2],[12,8,10,5,6,16,4,2,24,20],[20,4,8,6,2,12,10,16,24],[16,24,12,8,6,10,20,4,2],[24,8,12,9,6,4,2,16,20,10],[4,12,2,16,24,8,10,5,6,20],[20,4,16,12,10,24,2,8,6],[8,24,16,4,2,20,12,6,10],[24,8,4,2,12,10,6,20,16],[12,16,4,10,24,20,2,8,6],[4,24,20,16,12,2,8,6,10],[24,12,20,4,10,16,2,8,6],[20,8,16,24,4,6,2,12,10],[4,16,24,8,6,2,12,10,20],[4,16,12,10,20,1,8,6,24,5],[12,24,8,10,6,4,2,20,16],[4,8,6,2,12,10,16,20,24],[24,16,8,4,6,2,12,10,20],[4,12,2,24,8,10,6,20,16],[4,8,2,20,16,24,12,10,5,6],[4,12,10,8,6,2,20,16,24],[8,20,12,6,10,24,16,4,2],[12,24,20,8,6,10,16,4,2],[8,20,12,10,6,16,4,24,2],[4,16,12,2,24,8,10,6,20],[16,24,8,20,12,10,6,4,2],[24,12,8,6,10,20,16,4,2],[12,16,4,10,20,8,6,24,2],[4,16,24,12,2,8,10,6,20],[20,4,24,8,2,12,10,6,16],[8,4,2,24,12,6,10,16,20],[24,8,20,12,6,10,4,16,2],[4,8,2,12,10,6,16,24,20],[20,4,24,16,12,10,2,8,6],[24,16,8,12,6,10,4,20,2],[24,16,12,4,2,8,6,10,20],[16,24,8,20,4,2,12,10,6],[4,12,2,16,20,24,8,6,10],[12,16,20,8,6,10,24,4,2],[20,4,16,12,10,2,8,6,24],[20,4,12,2,8,10,6,16,24],[20,24,12,4,2,8,10,6,16],[20,24,12,8,10,6,4,2,16],[8,24,20,16,12,6,10,4,1],[4,16,12,2,20,8,10,6,24],[16,8,12,6,10,20,4,24,2],[4,16,12,2,8,6,10,20,24],[20,8,4,2,12,6,10,24,13],[24,20,16,12,4,2,8,5,10,6],[16,4,8,2,20,12,6,10,24],[8,20,12,10,6,16,24,4,1],[12,16,24,8,6,10,20,4,2],[24,16,4,12,2,20,8,10,6],[8,12,10,6,24,4,20,16,2],[24,8,12,6,10,16,20,4,1,18],[4,8,6,2,12,10,16,20,24],[4,24,12,2,8,10,6,20,16],[8,16,12,6,10,4,20,2,24],[20,24,4,16,12,10,8,6,2],[16,12,24,8,10,6,20,4,2],[20,8,12,10,6,24,16,4,2],[4,20,12,2,16,24,8,6,10],[16,8,20,12,10,6,24,4,2],[4,12,2,20,24,8,6,10,16],[8,24,12,6,10,4,16,2,20],[12,24,8,10,6,4,1,16,20],[24,8,16,20,12,10,6,4,2],[20,16,4,24,12,2,8,10,6],[12,8,6,10,20,16,4,24,2],[24,8,12,10,6,4,20,16,2],[20,4,12,2,24,8,6,10,16],[24,12,16,4,2,8,10,6,20],[8,12,10,6,24,4,16,20,2],[20,24,16,8,4,6,2,12,10],[8,4,6,2,12,10,20,16,24],[4,20,8,2,12,10,6,24,16],[8,20,4,6,2,12,10,24,16],[24,16,8,12,10,6,20,4,2],[4,24,20,16,12,2,8,10,6],[16,12,24,4,10,1,8,6,20,5],[16,8,24,4,6,2,12,10,20],[12,8,6,10,20,24,4,2,16],[16,20,4,24,12,2,8,10,6],[20,4,16,8,6,2,12,10,23],[8,24,12,6,10,20,16,4,2],[24,20,16,8,12,6,10,4,2],[8,12,6,10,24,4,16,20,2],[24,12,20,16,8,10,6,4,2],[4,12,10,16,2,8,6,20,24],[24,8,4,2,16,20,12,6,10],[24,4,20,12,10,16,2,8,6],[16,4,20,24,12,10,2,8,6],[8,24,16,12,6,10,4,2,20],[16,20,24,12,4,10,8,6,1,5],[8,4,6,2,24,20,12,10,16],[4,20,8,2,24,16,12,10,6],[20,4,24,8,2,16,12,10,6],[16,8,4,2,12,6,10,20,24],[24,8,20,12,10,6,16,4,2],[20,12,4,2,16,8,10,6,24],[16,24,20,8,4,6,2,12,10],[20,12,24,8,6,10,4,1,16,18],[16,12,4,10,20,24,1,8,6],[20,16,24,4,8,6,2,12,10],[4,20,16,12,10,24,2,8,6],[12,16,24,20,4,10,2,8,6],[4,12,2,8,6,10,24,16,20],[12,24,20,16,4,10,2,8,6],[12,20,4,10,24,16,2,8,6],[4,20,8,2,16,24,12,6,10],[4,20,16,8,6,2,12,10,24],[16,24,4,8,2,12,6,10,20],[4,24,16,8,6,2,12,10,20],[16,24,8,20,12,10,6,4,2],[4,24,12,2,20,8,10,6,16],[8,16,20,12,6,10,24,4,1,9],[4,8,2,24,16,12,10,6,20],[12,24,8,10,6,16,20,4,1,5],[24,16,8,4,6,2,20,12,10],[12,20,8,10,6,16,24,4,2],[16,4,12,10,20,8,6,24,2],[16,12,20,24,8,6,10,4,2],[24,16,20,4,8,2,12,6,10],[20,24,4,16,12,2,8,10,6],[20,4,24,8,2,12,10,6,16],[12,20,4,2,8,10,6,16,24],[4,24,8,2,12,6,10,20,16],[24,8,16,12,10,6,20,4,1],[24,4,20,16,8,6,2,12,10],[24,8,20,16,12,10,6,4,2],[12,4,10,8,6,16,20,2,24],[20,8,4,2,24,16,12,10,6],[4,24,8,6,2,16,20,12,10],[4,24,16,8,2,20,12,10,6],[20,16,4,12,10,8,6,24,1,9],[12,24,4,2,20,8,10,6,16],[24,16,8,20,4,2,12,6,10],[12,16,20,8,6,10,4,24,1],[24,16,4,8,2,20,12,6,10],[4,24,16,8,6,2,12,10,20],[24,8,12,10,6,20,16,4,2],[20,8,4,2,12,10,6,16,24],[24,12,16,4,10,8,6,1,20,5],[20,24,16,12,4,2,8,6,10],[16,8,12,10,6,4,2,24,20],[4,20,24,12,10,2,16,8,6],[8,24,4,6,2,12,10,16,20],[4,16,8,2,24,12,6,10,20],[16,8,4,6,2,12,10,20,24],[8,24,20,12,10,6,16,4,2],[12,16,20,8,6,10,4,24,2],[8,24,20,4,6,2,12,9,16,10],[4,24,20,12,2,8,10,6,16],[16,12,24,20,8,6,10,4,2],[4,12,2,8,10,6,24,20,16],[24,8,16,12,10,6,4,2,20],[12,8,6,10,16,4,20,24,2],[16,20,8,12,6,10,4,24,2],[16,24,12,8,6,10,20,4,2],[20,4,24,12,2,16,8,6,10],[16,4,12,2,24,20,8,10,6],[12,24,4,2,8,10,6,16,20],[4,8,2,12,10,6,20,24,16],[20,8,12,10,6,24,16,4,2],[4,24,8,1,16,20,12,10,6,5],[20,4,16,12,10,8,6,2,24],[16,8,24,4,6,2,12,10,20],[20,4,8,2,24,16,12,6,10],[16,20,8,12,10,6,4,24,1,18],[24,4,20,8,6,2,16,12,10],[24,20,12,8,10,6,16,4,1,19,18],[24,12,4,10,8,6,1,16,20,11],[4,16,12,2,24,20,8,6,10],[12,16,20,24,4,10,1,8,6,17],[20,8,12,10,6,16,24,4,2],[8,4,6,2,20,24,16,12,10],[4,24,20,16,12,10,8,5,6,2],[4,24,12,2,20,16,8,6,10],[20,8,16,4,2,24,12,6,10],[24,4,16,12,2,20,8,6,10],[8,12,10,5,6,24,20,16,4,2],[8,16,20,24,12,10,6,4,2],[20,16,4,24,12,10,8,5,6,1],[20,16,8,12,10,6,24,4,2],[16,24,20,12,8,10,6,4,2],[24,20,4,8,2,16,12,10,6],[12,8,10,6,20,4,16,24,2],[8,20,4,2,16,12,6,10,24],[12,24,20,16,8,10,6,4,2],[16,8,12,10,6,20,24,4,2],[8,12,6,10,16,20,24,4,2],[24,4,8,6,2,16,12,10,20],[16,12,8,6,10,4,2,20,24],[24,12,4,2,16,8,10,6,20],[16,4,8,6,2,20,24,12,10],[12,4,10,8,6,20,2,16,24],[24,16,4,12,2,8,10,5,6,20],[20,4,24,16,8,2,12,6,10],[16,12,4,2,24,8,10,6,20],[4,24,20,12,2,16,8,10,6],[24,8,20,4,2,12,6,10,16],[8,4,6,2,24,12,10,20,16],[4,12,10,24,16,8,6,20,2],[4,8,2,16,12,10,6,24,20],[12,4,10,16,24,20,8,6,2],[12,16,24,8,10,6,4,1,20,9],[4,24,16,20,8,6,2,12,10],[8,16,12,6,10,24,4,2,20],[20,12,4,2,16,24,8,6,10],[20,16,24,8,4,6,2,12,10],[12,16,4,2,8,10,6,20,24],[24,12,16,20,8,10,6,4,2],[24,16,12,8,10,6,20,4,2],[12,8,6,9,24,16,20,4,1,10],[20,4,8,2,24,16,12,6,9,10],[8,12,6,10,4,20,2,16,24],[8,20,24,4,2,12,6,10,16],[12,8,10,6,20,16,24,4,1,9],[24,4,16,20,12,10,2,8,6],[12,24,20,16,8,10,6,4,2],[4,20,24,8,2,16,12,9,6,10],[20,4,16,8,2,24,12,10,6],[4,24,20,16,8,2,12,6,10],[24,12,8,6,10,4,20,16,2],[12,24,20,16,8,6,10,4,2],[4,24,12,2,16,20,8,6,10],[8,16,20,12,10,6,1,24,5],[8,4,2,20,12,6,10,24,14,13],[24,8,12,10,6,16,20,4,2],[24,4,8,2,16,20,12,10,6],[20,8,16,12,6,10,24,4,1,9],[4,8,2,24,20,12,10,6,16],[8,20,24,16,12,10,6,4,2],[12,8,10,6,20,4,2,24,16],[8,12,6,10,16,24,4,20,2],[16,24,4,12,10,8,6,2,20],[8,20,24,16,4,6,2,12,10],[24,8,20,12,10,6,16,4,1,18],[16,12,20,8,6,10,24,4,2],[4,8,2,24,12,10,6,20,16],[20,16,24,4,8,5,2,12,10,6],[24,16,8,4,6,2,12,10,20],[4,16,20,8,6,1,24,12,10,17],[12,24,16,4,10,20,2,8,6],[20,16,12,4,2,8,6,10,24],[16,20,24,8,12,10,6,4,2],[24,12,4,10,8,6,16,20,2],[8,24,16,4,6,2,12,10,20],[8,12,5,10,6,16,24,4,20,1],[24,20,12,8,10,6,4,16,1,17],[8,12,10,6,24,4,2,16,20],[24,12,16,20,4,2,8,6,10],[16,24,12,20,4,2,8,6,10],[12,24,16,20,4,10,8,6,2],[4,20,8,6,2,24,16,12,10],[4,24,12,10,20,8,6,16,2],[4,12,10,16,2,20,24,8,6],[8,16,20,24,12,10,5,6,4,1],[4,16,24,12,2,20,8,10,6],[20,4,12,10,8,6,1,16,24,9],[16,20,12,8,10,6,4,2,24],[4,8,6,2,24,20,12,10,16],[24,8,4,2,12,6,10,20,16],[16,20,4,12,2,8,10,6,24],[16,24,4,8,6,2,12,10,20],[24,12,16,20,8,6,10,4,2],[4,16,24,12,10,1,8,6,20,5],[20,16,12,8,10,6,4,24,1,9],[8,16,4,6,2,20,24,12,10],[4,20,24,16,12,2,8,6,10],[20,4,24,12,2,16,8,10,6],[20,16,4,12,10,24,8,6,2],[16,24,20,12,4,2,8,10,6],[20,24,12,8,6,10,4,2,16],[8,24,20,12,10,6,4,2,16],[8,16,4,6,2,12,10,20,24],[16,12,20,24,4,10,8,6,2],[20,16,12,24,4,10,2,8,6],[12,24,20,8,6,10,16,4,2],[16,12,8,6,10,20,4,24,2],[8,4,2,20,24,16,12,10,6],[8,16,12,10,6,4,24,1,20,5],[24,12,20,16,8,6,10,4,2],[24,20,4,16,8,6,2,12,10],[24,16,4,12,2,8,6,10,20],[4,12,10,20,24,8,6,16,2],[20,8,24,12,10,6,16,4,2],[4,8,6,2,12,10,20,16,24],[24,20,8,4,2,12,10,6,16],[16,24,12,20,4,10,2,8,6],[8,16,24,20,4,5,2,12,10,6],[12,8,6,10,4,24,1,20,16],[20,4,24,12,10,2,16,8,6],[16,12,20,4,10,8,6,1,24],[16,8,24,12,6,10,20,4,1],[4,20,16,8,6,2,12,10,24],[24,4,20,8,2,16,12,10,6],[20,12,4,2,16,24,8,10,6],[24,12,20,16,8,6,9,4,2,10],[8,24,12,10,6,16,20,4,2],[4,8,6,2,16,12,10,20,24],[4,16,12,10,20,2,8,6,24],[16,12,20,8,6,10,4,24,1,9],[12,24,4,2,20,8,10,6,16],[8,20,4,2,16,24,12,6,10],[24,12,16,20,4,2,8,6,10],[24,12,4,10,16,8,6,20,2],[16,20,24,12,4,10,8,6,2],[20,4,16,24,12,10,8,6,2],[20,24,16,4,12,2,8,10,6],[16,4,12,2,8,10,6,20,24],[24,4,20,12,10,2,16,8,6],[12,16,20,8,6,10,4,24,2],[20,4,24,12,2,16,8,10,6],[4,24,8,2,12,6,10,20,16],[8,24,20,4,6,2,12,10,16],[8,24,20,16,4,6,2,12,10],[24,12,20,16,4,2,8,6,10],[12,24,4,10,8,6,20,16,2],[4,8,6,2,20,24,16,12,10],[4,24,20,16,8,2,12,10,6],[8,12,10,6,24,4,20,16,2],[20,4,24,8,6,2,16,12,10],[4,8,2,20,24,12,6,10,16],[24,16,20,4,12,10,2,8,6],[24,4,16,20,8,6,2,12,10],[8,20,16,24,12,10,6,4,2],[20,12,8,10,6,4,16,24,1,9],[12,4,10,20,8,6,16,24,1,18],[20,24,12,16,4,2,8,10,6],[16,20,24,8,12,6,10,4,2],[20,8,4,1,12,6,10,24,16,9],[24,4,12,10,16,8,6,2,20],[20,8,12,6,10,4,24,2,16],[24,12,8,6,10,20,16,4,2],[20,8,16,12,5,10,6,24,4,1],[20,12,24,8,10,6,4,16,2],[8,12,10,6,20,24,16,4,2],[4,8,2,16,12,6,10,24,20],[16,24,8,4,6,2,20,12,10],[20,16,12,24,8,10,6,4,1,5],[20,16,24,4,12,10,8,6,2],[24,4,12,10,2,8,6,20,16],[16,4,12,2,20,8,10,6,24],[12,16,20,4,10,8,6,24,2],[8,4,6,2,20,24,16,12,10],[4,20,8,6,2,16,24,12,10],[4,8,2,20,24,12,6,10,16],[24,20,8,16,4,2,12,10,6],[8,4,6,2,20,24,12,10,16],[4,24,16,12,10,8,6,2,20],[24,16,8,20,4,2,12,10,6],[20,8,4,6,2,16,12,10,24],[4,12,10,2,8,6,24,20,16],[4,16,24,12,10,2,8,6,20],[16,8,20,24,4,6,2,12,10],[16,8,12,6,10,24,4,20,2],[12,20,4,10,16,24,8,6,2],[16,20,24,4,12,10,8,6,2],[12,20,16,8,10,6,4,1,24,5],[12,20,4,10,24,2,16,8,6],[12,16,4,10,20,8,6,2,24],[4,24,8,6,2,16,12,10,20],[4,24,16,20,12,10,8,6,2],[16,8,4,2,24,12,10,6,20],[24,16,12,20,4,2,8,10,6],[24,8,4,2,12,10,5,6,20,16],[16,24,8,4,2,20,12,5,10,6],[24,4,16,20,8,6,2,12,9,10],[16,12,24,4,2,20,8,10,5,6],[24,4,20,12,10,8,6,2,16],[4,24,12,10,20,8,5,6,2,16],[24,8,4,6,2,16,12,10,20],[12,8,6,10,24,4,20,2,16],[8,12,6,10,20,24,16,4,2],[12,8,10,6,16,24,20,4,2],[20,4,24,8,6,2,12,10,16],[20,4,24,8,2,12,6,10,16],[8,4,6,2,12,10,16,24,20],[8,24,16,4,2,12,10,6,20],[4,24,20,12,10,8,6,16,2],[12,24,8,10,6,20,4,16,2],[20,16,24,8,12,6,10,4,2],[12,8,6,10,24,4,16,2,20],[12,4,10,24,1,8,6,20,16,18],[16,8,4,2,24,12,10,6,20],[20,16,4,24,12,2,8,6,10],[4,8,6,2,12,10,24,16,20],[8,24,16,4,6,2,12,10,20],[12,16,8,10,6,24,4,20,2],[4,8,2,16,20,12,10,6,24],[12,20,24,16,8,10,6,4,2],[20,12,16,8,10,6,24,4,1,18],[16,24,20,4,12,2,8,6,10],[8,20,16,12,6,10,4,21,24,2],[8,12,10,6,1,16,20,24,19,18],[24,16,4,12,2,20,8,10,6],[24,20,12,4,10,2,16,8,6],[20,16,24,8,4,6,2,12,10],[8,12,6,10,16,4,20,2,24],[24,4,20,8,2,16,12,6,10],[24,20,16,8,12,6,10,4,2],[4,12,2,20,16,8,10,6,24],[4,20,8,2,16,24,12,6,10],[20,8,24,16,4,6,2,12,10],[24,8,16,4,6,2,20,12,10],[20,8,24,16,12,6,10,4,2],[4,20,8,2,16,24,12,10,6],[12,4,10,24,8,6,2,20,16],[8,16,12,6,10,24,4,20,2],[24,16,12,4,10,2,20,8,6],[8,16,24,20,4,6,2,12,10],[4,16,12,10,2,24,8,6,20],[24,16,20,8,4,2,12,10,6],[4,12,10,16,8,6,24,20,1,5],[4,16,12,10,2,8,6,24,20],[4,24,20,8,2,12,6,10,16],[4,24,20,8,2,16,12,10,6],[20,24,8,4,2,16,12,6,10],[16,4,20,24,12,2,8,10,6],[16,4,20,8,6,2,12,10,24],[4,20,24,16,8,2,12,6,10],[12,16,8,6,10,4,2,24,20],[24,8,20,12,9,6,16,4,1,10],[8,24,20,4,2,12,6,10,16],[8,4,6,2,12,10,24,20,16],[4,16,12,10,8,6,2,24,20],[4,20,12,10,16,24,8,6,2],[20,12,8,6,10,4,16,2,24],[20,16,8,24,4,2,12,6,10],[12,4,10,2,24,16,8,6,20],[16,8,4,2,20,24,12,10,6],[16,24,12,8,10,6,20,4,2],[8,24,12,10,6,20,16,4,1,9],[20,4,24,16,12,10,8,6,1,9],[20,8,4,6,2,24,12,10,16],[12,20,24,16,4,10,1,8,6,5],[12,24,8,6,10,20,16,4,2],[24,4,16,8,6,2,12,10,20],[16,8,12,10,6,4,20,24,2],[20,4,24,16,12,10,2,8,6],[8,20,4,2,12,6,10,24,16],[16,8,12,6,10,4,24,20,2],[4,16,12,2,24,20,8,10,6],[4,12,10,16,8,6,2,20,24],[12,24,8,6,10,20,16,4,2],[24,12,20,16,8,6,10,4,2],[12,16,24,8,6,10,4,2,20],[20,12,4,10,16,2,8,5,6,24],[4,12,9,1,20,24,16,8,6,5],[8,4,6,2,12,10,24,16,20],[8,12,6,10,24,4,16,1,20],[4,8,2,20,12,10,6,24,16],[20,8,16,12,6,10,24,4,2],[4,20,8,2,24,16,12,6,10],[4,12,10,16,1,8,6,24,20,5],[20,16,4,12,2,24,8,6,10],[8,4,6,2,16,20,12,10,24],[24,8,4,6,2,12,10,20,16],[16,8,24,20,12,6,10,4,2],[4,12,10,24,16,2,8,6,20],[20,16,8,12,6,10,24,4,2],[4,20,8,6,2,24,16,12,9,10],[24,20,16,12,8,10,6,4,2],[16,24,12,20,4,10,2,8,5,6],[24,16,12,4,2,20,8,10,6],[4,16,20,8,2,24,12,10,6],[20,16,12,4,10,8,6,24,2],[8,4,2,12,6,10,16,20,24],[24,4,16,8,2,20,12,6,10],[8,20,24,4,6,2,16,12,10],[24,20,4,16,12,10,8,6,1,17],[20,8,4,6,2,24,16,12,10],[8,20,4,6,2,24,12,10,16],[24,16,20,8,4,6,2,12,10],[20,12,24,16,4,10,8,6,2],[8,20,24,16,12,10,6,4,1,17],[24,20,8,4,6,2,12,10,16],[4,8,6,2,16,12,10,20,24],[12,20,4,2,8,6,10,24,16],[8,12,6,10,20,16,4,24,2],[8,4,6,2,24,12,10,20,16],[24,20,4,12,2,8,6,10,16],[4,24,12,2,16,20,8,10,6],[16,4,8,6,2,12,10,24,20],[8,16,4,2,12,6,10,20,24],[12,4,2,20,8,6,10,16,24],[4,20,8,2,24,16,12,10,6],[4,12,10,24,8,6,16,1,20,9],[12,20,16,4,2,24,8,6,10],[12,8,10,6,20,1,24,16,9],[8,12,10,6,20,24,4,16,2],[8,16,24,12,6,10,4,2,20],[24,8,12,6,10,16,4,20,2],[12,8,10,6,24,16,20,4,2],[12,8,6,10,20,16,23,4,2],[12,8,10,6,4,20,2,16,24],[20,8,16,4,2,24,12,6,10],[16,24,20,8,4,6,2,12,10],[20,8,16,4,6,2,24,12,10],[8,20,4,6,2,12,10,24,16],[8,4,2,12,6,10,20,16,24],[20,8,24,16,12,10,6,4,2],[20,24,12,8,10,6,2,16],[20,4,12,2,24,16,8,10,6],[4,20,8,6,2,16,12,10,24],[20,16,12,8,10,5,6,24,4,2],[20,8,12,6,10,16,4,2,24],[4,24,16,12,2,20,8,10,6],[4,20,8,2,24,12,6,10,16],[8,24,16,4,2,12,10,6,20],[8,20,12,10,6,16,24,4,1],[4,24,12,10,20,2,8,6,16],[24,12,4,10,2,20,8,6,16],[16,8,12,6,10,24,20,4,2],[24,20,8,4,6,2,16,12,10],[16,12,24,20,4,10,2,8,6],[20,12,16,24,4,2,8,10,6],[20,24,8,16,4,6,2,12,10],[16,4,8,6,2,24,12,10,20],[24,4,16,12,10,2,8,6,20],[24,8,20,12,6,10,4,16,2],[4,12,10,20,8,6,16,24,2],[12,24,16,20,4,2,8,6,10],[8,12,6,10,16,24,20,4,1,18],[16,24,4,8,6,2,20,12,9,10],[16,4,8,6,2,20,24,12,10],[20,24,4,16,8,6,2,12,10],[8,16,24,4,2,12,10,6,20],[4,20,16,8,6,2,12,10,24],[20,4,8,6,2,24,12,10,16],[12,8,6,10,4,24,2,20,16],[24,8,4,6,2,16,12,10,20],[24,16,20,4,8,6,2,12,10],[16,24,8,12,10,6,4,20,2],[24,4,20,16,12,10,8,6,2],[8,4,2,12,6,10,24,16,20],[16,24,20,8,12,10,6,4,1,9],[8,24,16,4,6,2,20,12,10],[20,4,16,24,12,10,8,6,2],[16,24,20,12,8,6,10,4,2],[24,20,8,12,10,6,4,2,16],[4,20,12,10,2,8,6,24,16],[4,8,6,2,16,24,20,12,10],[8,20,4,6,2,12,10,24,16],[20,16,24,12,8,6,10,4,1,9],[4,12,10,8,6,24,1,20,16,5],[16,20,12,24,4,10,2,8,6],[4,16,24,8,6,2,20,12,10],[20,12,8,6,10,4,24,16,2],[4,8,2,16,20,12,6,10,24],[8,12,10,5,6,24,16,4,1,20],[24,4,12,2,20,16,8,6,10],[4,8,2,24,20,12,6,9,16,10],[16,4,24,20,12,2,8,6,10],[20,24,16,4,12,10,2,8,6],[24,16,4,20,12,10,8,6,2],[16,8,12,10,6,24,4,2,20],[16,24,12,4,2,20,8,6,10],[4,24,16,8,6,2,12,10,20],[8,24,4,2,12,10,6,16,20],[20,4,16,24,8,6,2,12,10],[4,20,8,2,12,6,10,24,16],[8,20,12,6,10,4,16,24,2],[16,4,24,8,2,20,12,6,10],[4,16,12,2,20,8,10,6,24],[4,20,12,10,24,16,8,6,1,17],[8,20,24,16,12,6,10,4,1,17],[8,20,12,6,10,4,24,16,2],[24,16,20,8,4,2,12,6,10],[20,8,16,12,6,10,4,2,24],[24,8,16,20,4,2,12,6,10],[16,12,8,6,10,4,20,2,24],[4,8,6,2,20,12,10,24,16],[8,20,12,6,10,4,16,24,2],[16,4,24,12,2,8,6,10,20],[24,16,4,12,10,2,6,20],[12,24,8,10,6,16,20,4,2],[4,20,12,2,16,24,8,10,6],[16,4,12,2,8,10,6,24,20],[20,4,16,8,2,12,6,10,24],[24,16,4,8,6,2,12,10,20],[24,12,20,16,8,10,6,4,2],[20,4,8,6,2,24,12,10,16],[16,8,20,4,2,24,12,6,10],[4,24,16,8,2,12,10,6,20],[4,12,10,16,20,8,6,24,2],[16,8,4,6,2,20,24,12,10],[24,16,20,12,4,2,8,10,6],[24,12,20,16,4,10,8,6,2],[24,12,16,8,10,6,4,20,2],[8,4,6,2,16,12,10,20,24],[4,8,6,2,20,12,10,24,16],[8,12,6,10,24,16,4,2,20],[24,4,16,20,12,2,8,10,6],[4,16,12,10,2,20,24,8,6],[12,8,6,10,24,16,4,2,20],[24,4,12,10,16,20,8,6,2],[12,16,20,8,6,10,24,4,1,5],[12,16,24,8,6,10,4,1,20,5],[12,20,24,16,4,10,8,6,2],[12,8,6,10,24,4,20,16,2],[24,8,20,4,6,2,12,10,16],[4,12,2,8,6,10,20,24,16],[4,8,6,2,20,16,12,10,24],[16,12,24,20,8,6,10,4,1,9],[4,8,2,16,12,10,6,20,24],[20,24,8,4,1,16,12,6,10,5],[16,12,8,10,6,20,24,4,2],[8,24,4,6,2,12,10,16,20],[20,16,12,24,8,10,6,4,2],[8,24,4,2,16,20,12,6,10],[4,20,12,10,16,24,1,8,5,6],[24,12,20,8,10,6,16,4,1,9],[4,24,20,8,6,2,16,12,10],[4,24,12,2,16,8,10,6,20],[16,4,12,10,8,6,2,24,20],[8,24,20,16,4,2,12,6,10],[16,24,8,12,6,10,20,4,2],[24,16,20,12,4,10,2,8,6],[8,24,4,6,2,16,20,12,10],[8,12,10,6,24,16,4,2,20],[20,16,24,8,4,6,2,12,10],[24,16,4,12,10,20,8,6,2],[12,24,8,9,6,20,16,4,2,10],[20,12,24,8,6,10,16,4,1,19,17],[12,20,16,4,2,24,8,6,10],[4,12,9,1,8,6,16,20,24,10],[12,8,6,10,24,20,4,16,2],[4,20,12,10,24,2,8,6,16],[24,12,4,10,20,16,8,6,1,19,17],[4,8,2,24,12,6,10,16,20],[8,20,4,6,2,24,16,12,10],[20,4,16,8,2,12,6,10,24],[20,16,12,8,10,6,24,4,2],[20,16,8,24,12,10,6,4,1,9],[12,24,8,6,10,20,16,4,2],[24,8,12,6,10,4,20,2,16],[4,24,12,2,8,6,9,20,16,10],[20,16,4,12,10,24,8,6,2],[12,4,2,20,16,24,8,6,10],[12,24,16,8,10,6,20,4,2],[24,4,8,6,2,20,16,12,10],[20,8,12,6,10,24,4,2,16],[16,4,24,8,2,20,12,6,10],[4,20,12,2,16,8,9,6,24,5],[24,20,12,16,8,10,6,4,2],[20,16,8,4,6,2,24,12,10],[8,4,6,2,16,24,12,10,20],[24,16,4,8,6,2,20,12,10],[20,12,16,4,2,24,8,10,6],[8,16,24,20,4,6,2,12,10],[16,8,24,20,12,10,6,4,2],[8,12,6,10,24,16,4,20,2],[20,16,24,4,12,10,8,6,2],[20,12,24,16,4,2,8,6,10],[12,20,16,8,6,10,24,4,2],[4,16,8,6,2,12,10,24,20],[24,12,16,4,10,8,6,20,2],[24,4,16,12,10,20,8,6,2],[16,20,8,4,6,2,24,12,10],[12,20,16,24,4,10,8,6,2],[16,12,20,24,8,10,5,9],[12,4,10,24,8,6,16,2,20],[4,12,2,16,24,20,8,6,10],[4,12,10,20,16,8,5,6,24,2],[12,8,10,6,16,20,4,24,2],[24,4,8,2,16,12,6,9,20,5],[20,24,4,12,10,1,16,8,6,5],[12,4,10,16,24,2,20,8,6],[8,4,6,2,20,24,12,10,16],[24,4,16,8,2,20,12,10,6],[8,20,24,16,12,6,10,4,2],[16,12,4,2,20,8,6,10,24],[4,12,2,20,24,16,8,6,10],[16,8,12,10,6,20,24,4,2],[20,4,8,6,2,12,10,24,16],[4,16,20,12,2,24,8,10,6],[24,4,12,2,20,16,8,10,6],[4,12,2,20,8,10,6,24,16],[20,24,8,12,10,6,16,4,2],[20,12,4,2,8,10,6,16,24],[16,24,8,20,12,6,10,4,2],[24,16,20,12,4,10,2,8,6],[16,24,4,8,2,20,12,10,6],[4,8,6,2,20,24,12,10,16],[8,16,24,4,6,2,12,10,20],[8,12,6,10,4,20,24,16,1],[8,20,16,24,4,2,12,6,10],[16,8,12,6,10,4,2,20,24],[4,24,20,12,2,16,8,6,10],[12,16,8,6,10,4,2,20,24],[24,16,20,4,8,6,2,12,10],[24,12,16,8,6,10,20,4,1,19,17],[8,4,2,20,24,12,6,10,16],[16,24,8,4,6,2,20,12,10],[8,24,20,4,2,12,6,10,16],[20,16,4,24,8,2,12,6,10],[24,16,8,12,10,6,20,4,2],[16,4,20,12,10,1,8,6,24,18],[20,12,16,24,4,10,2,8,6],[24,4,8,6,2,12,10,16,20],[8,24,16,20,4,2,12,6,10],[24,20,4,16,8,6,2,12,10],[12,4,2,24,8,10,6,16,20],[4,16,8,2,20,24,12,6,10],[24,20,16,12,4,10,8,6,2],[16,8,20,4,6,2,12,10,24],[24,4,8,6,2,12,10,16,20],[20,24,16,12,4,2,8,10,5,6],[4,24,8,1,20,16,12,6,10,17],[12,4,10,16,24,20,2,8,6],[20,4,16,8,2,24,12,5,10,6],[20,24,8,4,6,2,12,10,16],[4,16,8,2,12,6,10,23,20],[16,12,4,2,8,6,10,24,20],[4,24,8,2,16,20,12,6,10],[24,8,4,6,2,20,12,10,16],[20,24,16,4,8,2,12,6,10],[20,8,4,6,2,16,12,10,24],[12,4,10,8,6,24,20,16,2],[24,12,8,6,10,16,20,4,1,9],[8,12,6,9,24,16,4,20,2,10],[20,16,4,24,12,10,8,6,2],[12,20,16,8,6,10,4,2,24],[20,24,4,8,2,12,6,10,16],[12,20,16,8,6,10,4,24,1,18],[12,20,24,8,6,10,4,2,16],[8,24,4,6,2,16,20,12,10],[20,8,4,6,2,16,24,12,10],[16,20,8,4,2,12,10,6,24],[12,8,10,6,16,24,4,20,2],[4,20,24,12,10,16,8,6,2],[8,16,12,6,10,4,20,2,24],[24,20,16,12,8,10,6,4,2],[20,24,16,12,4,2,8,10,6],[20,24,12,4,2,8,10,6,16],[24,16,4,12,2,8,6,10,20],[20,16,4,24,8,2,12,10,6],[24,4,16,12,10,8,5,6,20,1],[12,4,10,22,2,20,24,8,6,16],[12,16,4,2,20,8,6,10,24],[12,20,24,16,8,6,10,4,2],[4,24,8,6,2,20,16,12,10],[20,4,24,12,2,16,8,10,6],[24,20,4,16,8,6,2,12,10],[16,12,8,6,10,24,4,20,1,9],[20,8,16,12,10,6,4,24,2],[16,24,4,12,10,8,6,20,1,9],[16,4,24,8,6,2,20,12,10],[8,16,12,10,6,4,2,20,24],[16,8,20,24,12,10,6,4,2],[4,8,2,20,16,12,10,6,24],[4,12,2,16,8,10,6,20,22,24],[20,8,16,4,6,2,12,10,24],[24,8,12,10,6,4,1,20,16,9],[20,4,8,6,2,12,10,24,16],[24,20,12,16,4,2,8,6,10],[8,20,24,16,4,2,12,6,10],[12,16,24,8,10,6,4,2,20],[16,24,4,20,8,6,2,12,10],[8,16,20,4,6,2,12,10,24],[4,20,12,2,16,24,8,10,6],[20,4,24,12,10,16,8,6,2],[4,24,12,10,8,6,20,16,2],[4,12,10,20,16,8,6,24,2],[20,4,24,16,8,2,12,9,6,10],[16,12,8,6,10,24,20,4,1,18],[12,24,4,2,20,16,8,6,10],[8,20,4,6,2,24,16,12,10],[24,4,12,10,20,8,6,16,2],[16,24,4,8,2,20,12,10,6],[12,4,10,24,20,8,6,1,16],[12,4,2,20,16,8,6,10,24],[12,20,4,2,8,10,6,16,24],[20,12,24,8,6,10,16,4,2],[12,16,4,10,8,6,20,24,1,9],[24,16,12,8,6,10,4,2,20],[20,24,8,4,2,16,12,10,6],[12,16,20,8,10,5,6,24,4,2],[8,4,2,24,16,20,12,10,6],[12,20,4,10,16,2,8,6,24],[20,4,12,10,2,24,8,6,16],[20,12,24,8,6,10,16,4,2],[8,20,12,10,6,16,4,24,1,5],[20,16,4,24,12,10,8,6,2],[4,8,5,2,20,16,24,12,10,6],[8,16,24,4,6,2,20,12,10],[20,16,8,12,10,6,24,4,2],[4,16,20,12,2,8,6,10,24],[24,12,16,8,6,10,4,2,20],[4,24,16,8,6,2,20,12,10],[8,20,4,6,2,16,12,10,24],[20,16,4,12,2,24,8,10,6],[16,8,24,20,4,6,2,12,10],[8,20,4,2,12,6,10,16,24],[20,12,8,6,10,24,4,1,16],[20,12,16,4,10,24,8,5,6,1],[16,8,24,20,4,2,12,6,10],[4,12,10,16,8,6,24,20,2],[20,8,4,2,16,24,12,6,10],[20,16,12,8,6,10,24,4,2],[16,24,4,20,8,2,12,6,10],[24,20,12,4,10,16,8,6,2],[8,20,4,6,2,24,12,10,16],[8,24,12,10,6,4,16,20,2],[24,4,8,6,2,16,12,10,20],[4,20,24,16,8,2,12,6,10],[8,20,16,12,10,6,24,4,2],[24,8,20,12,10,6,16,4,1,17],[16,12,20,8,6,10,24,4,2],[16,20,24,8,12,10,6,4,2],[12,4,2,16,8,6,10,24,20],[12,20,4,2,24,16,8,10,6],[4,8,2,20,16,24,12,10,6],[8,16,20,4,6,2,24,12,10],[12,8,6,10,20,16,24,4,1,5],[4,8,6,2,20,24,16,12,10],[8,12,6,10,4,20,24,16,1,5],[24,16,20,8,12,9,6,4,2,10],[16,24,12,20,4,10,8,6,2],[8,12,10,6,4,20,16,2,24],[4,16,12,2,24,20,8,6,10],[20,4,16,12,10,2,8,6,24],[16,24,4,8,2,12,10,6,20],[24,4,8,2,20,12,10,6,16],[20,12,24,8,10,6,4,2,16],[16,8,24,12,6,10,4,20,1,18],[4,20,8,6,2,16,24,12,10],[4,12,10,2,16,20,8,6,24],[16,20,4,12,2,8,10,5,6,24],[12,20,8,10,6,24,4,2,16],[8,20,12,6,10,16,4,2,24],[24,8,4,6,2,12,10,20,16],[4,24,20,16,12,2,8,10,5,6],[4,20,24,16,12,10,8,6,2],[20,4,16,24,8,2,12,10,6],[12,4,2,24,8,10,6,20,16],[4,24,12,10,20,8,6,2,16],[12,8,10,6,16,24,4,1,20,19,18],[20,24,8,16,4,6,2,12,10],[12,16,4,2,24,20,8,10,6],[4,8,2,12,6,10,20,24,16],[12,16,24,8,6,10,4,20,1,5],[8,20,4,2,16,12,6,9,24,10],[24,8,4,6,2,20,16,12,10],[4,16,12,2,24,20,8,10,6],[12,4,2,20,16,8,6,10,24],[16,4,24,20,12,2,8,6,10],[4,24,8,6,2,20,12,10,16],[4,24,12,10,16,20,2,8,6],[12,24,16,20,8,6,10,4,2],[8,16,4,6,2,12,10,24,20],[24,4,20,12,2,16,8,6,10],[24,8,20,16,4,2,12,10,6],[12,24,4,2,8,6,10,16,20],[4,12,10,20,1,8,6,24,16,5],[12,4,2,24,8,6,10,20,16],[16,12,24,8,10,6,4,20,2],[4,24,20,12,10,16,1,8,6,17],[8,24,12,10,6,20,16,4,2],[8,4,2,12,10,6,20,16,24],[12,20,16,8,10,6,4,24,1],[4,8,2,20,16,24,12,6,10],[8,4,2,20,16,24,12,10,6],[24,20,4,12,2,16,8,6,10],[8,12,10,6,24,20,4,2,16],[16,8,20,24,12,10,6,4,1,9],[12,16,20,4,2,24,8,10,6],[16,4,20,12,10,8,6,24,1,17],[20,16,12,8,6,10,4,24,1,17],[24,12,8,10,6,16,20,4,2],[12,8,10,6,4,20,2,24,16],[24,16,12,20,4,2,8,10,6],[16,20,4,12,10,8,6,24,2],[4,16,20,8,6,2,12,10,24],[8,20,12,10,6,4,24,16,2],[12,16,8,6,10,4,24,20,2],[4,16,8,2,20,24,12,10,6],[24,16,4,8,2,20,12,6,10],[8,4,2,12,10,6,20,16,24],[16,8,4,6,2,24,12,10,20],[12,16,8,6,10,20,24,4,2],[20,8,4,6,2,12,10,16,24],[24,12,8,6,10,4,20,16,2],[24,16,12,8,10,6,4,20,2],[24,12,4,2,8,10,6,20,16],[24,12,4,2,16,8,6,10,20],[12,4,10,8,6,20,2,16,24],[20,12,8,5,10,6,4,13,1,24],[8,24,20,4,2,12,10,6,16],[12,16,20,4,10,8,6,24,2],[16,8,20,4,2,12,10,6,24],[20,24,12,16,4,10,8,6,2],[20,4,24,16,12,2,8,10,6],[24,12,20,4,10,1,16,8,6,5],[20,24,4,12,10,8,5,6,16,2],[20,16,4,12,2,8,10,6,24],[24,16,20,12,8,10,6,4,2],[24,20,8,16,12,6,10,4,1,5],[24,8,16,12,10,6,20,4,1],[8,20,16,4,2,24,12,6,10],[8,16,4,2,12,6,10,20,24],[8,24,20,12,10,6,16,4,2],[16,4,20,24,12,10,2,8,6],[12,4,10,16,8,6,20,24,2],[12,24,4,10,8,6,16,1,20,5],[20,8,24,4,2,16,12,9,6,10],[8,20,4,6,2,24,12,10,16],[8,16,20,24,4,6,2,12,10],[16,8,12,6,10,4,20,24,2],[24,8,16,4,2,12,6,10,20],[20,24,16,4,12,2,8,6,10],[16,24,12,20,8,10,6,4,1,18],[16,12,20,4,2,8,10,5,6,24],[8,20,24,16,4,6,2,12,10],[12,16,8,6,10,20,3,24,4,9],[24,4,16,8,2,20,12,6,10],[8,4,1,16,24,20,12,6,10,18],[24,12,16,4,10,8,6,2,20],[8,24,16,4,2,20,12,6,10],[12,4,10,8,6,20,24,1,16,9],[24,16,12,20,4,10,2,8,6],[12,16,8,6,10,20,4,24,2],[4,8,6,2,20,16,24,12,10],[8,16,20,12,6,10,21,24,4,2],[16,24,4,12,2,20,8,10,6],[24,16,8,20,4,6,2,12,10],[12,4,10,20,1,8,6,24,16,5],[20,24,16,12,8,10,6,4,2],[12,20,4,10,16,2,8,6,24],[20,12,16,24,4,2,8,6,10],[16,8,20,12,10,6,4,24,2],[20,12,8,6,10,4,24,16,2],[24,4,16,8,2,20,12,6,10],[8,4,2,24,20,16,12,10,6],[8,24,12,10,6,4,2,20,16],[20,12,24,4,10,8,6,2,13],[8,16,12,10,6,20,4,2,24],[24,12,8,6,10,16,4,20,2],[24,20,12,16,4,10,8,6,2],[4,16,8,6,2,24,20,12,10],[16,20,4,12,2,24,8,10,6],[16,8,24,4,6,2,20,12,10],[8,20,4,6,2,12,10,16,24],[16,12,24,20,8,10,6,4,2],[12,20,24,4,2,8,6,10,16],[16,20,24,4,8,2,12,10,6],[24,20,4,12,2,16,8,6,10],[16,8,12,6,10,4,20,24,2],[4,16,20,12,10,24,2,8,6],[16,4,20,8,6,2,24,12,10],[24,4,16,12,2,8,10,6,20],[4,8,2,16,20,24,12,10,6],[20,24,4,8,6,2,12,10,16],[4,24,12,10,20,8,6,2,16],[8,20,4,2,12,6,10,16,24],[12,24,4,10,8,6,20,16,2],[8,20,24,16,12,6,10,4,1],[8,20,4,2,16,12,6,9,24,10],[20,12,16,8,6,10,24,4,2],[20,12,16,4,2,8,6,10,24],[12,20,16,4,2,8,10,6,24],[4,24,16,20,12,10,1,8,6,9],[12,16,8,6,10,20,24,4,2],[16,8,20,4,6,2,12,10,24],[12,16,4,10,1,20,8,6,24,18],[4,24,12,2,16,20,8,10,6],[20,12,24,8,6,10,16,4,2],[20,8,12,10,6,4,2,24,16],[4,16,20,8,2,24,12,6,10],[4,16,24,20,8,2,12,10,6],[16,12,20,4,2,8,6,10,24],[4,20,8,2,12,6,10,16,24],[12,16,24,4,2,8,6,10,20],[16,4,24,8,6,2,20,12,10],[8,24,20,4,6,2,16,12,10],[24,8,16,4,6,2,12,10,20],[8,16,20,4,2,12,10,6,24],[24,8,12,10,6,20,4,2,16],[24,16,8,4,2,12,10,6,20],[16,8,20,12,10,6,24,4,2],[4,16,24,12,2,8,10,6,20],[20,8,4,2,12,6,10,24,16],[8,20,12,6,10,16,24,4,2]],"n_human":9}