{"problem_id":"OyNTv7w2tf8yH1l","sigma":150,"alpha":10.000,"cost":0,"probabilities":"[0.28, 0.17, 0.38, 0.17]","payoff_matrix":"[[-93, 169, -112, -111, -107, 34], [-236, -162, -168, 284, 279, 356], [-79, -212, -54, -134, -156, 187], [67, 164, 42, -80, -32, -139]]","uncovered":[[3,11,23,15,19,7,10,24,1,13,9,17],[15,7,11,19,23,3,21],[15,23,11,19,7,3,9,2,21],[15,3,23,7,11,19,9,21],[3,19,11,7,23,15,21],[23,19,11,3,7,15,21],[3,19,15,23,7,11,21],[15,19,11,23,3,7,21],[11,23,15,3,19,7,9,22],[23,19,7,11,3,15,9,1,6],[7,15,3,23,11,19,9,21],[19,3,11,7,23,15,21],[7,3,11,15,23,19,21],[7,23,3,15,19,11,21],[3,11,23,15,19,7,9,24,1,16,18,17,21],[19,3,11,7,23,15,21],[15,11,7,19,23,3,9,1,14,21],[19,3,23,11,7,15,12,21],[19,3,7,15,23,11,24,9,1,21],[11,7,3,23,15,19,9,1,14,21],[7,3,19,15,23,11,12,21],[11,15,23,3,19,7,21],[11,3,23,15,19,7,9,22],[19,23,11,15,3,7,21],[19,3,11,15,7,23,24,9,1,13,14,21],[19,11,3,7,15,23,9,1,10],[11,15,23,3,7,19,9,4,24,1,13,21],[15,11,23,19,7,3,9,1,18,21],[19,15,23,11,3,7,10,1,21],[23,15,7,3,11,19,9,21],[11,3,15,19,7,23,9,2,22],[15,11,19,3,7,23,9,21],[3,23,7,11,15,19,21],[11,7,19,3,15,23,9,21],[3,23,7,15,19,11,9,2,21],[19,15,3,11,7,23,9,4,21],[7,15,11,3,23,19,21],[15,7,11,19,3,23,12,24,9,1,16,14,21],[19,11,23,7,3,15,21],[7,23,19,15,3,11,22],[15,7,23,11,3,19,21],[15,7,19,3,23,11,22],[19,15,23,3,7,11,21],[3,7,15,19,23,11,21],[19,23,3,7,15,11,21],[23,15,3,11,7,19,21],[15,19,3,7,11,23,9,24,1,13,21],[23,19,11,15,7,3,9,21],[11,15,23,3,7,19,24,9,1,13,18,17],[15,3,7,23,11,19,9,1,24,13,22],[19,3,23,15,11,7,21],[11,23,15,3,19,7,12,21],[19,11,23,3,15,7,9,4,21],[11,19,7,3,15,23,10,21],[15,11,23,19,7,3,21],[11,19,7,15,3,23,9,22],[3,7,15,11,23,19,9,4,21],[3,19,7,11,15,23,9,22],[19,23,11,3,15,7,9,1,18,21],[23,7,19,3,15,11,9,2,16],[11,23,19,15,7,3,21],[19,7,11,15,23,3,10,1,21],[19,15,23,3,7,11,10,21],[7,11,23,15,3,19,12,24,9,1,21],[15,23,3,7,11,19,21],[15,19,7,11,23,3,21],[11,19,23,15,3,7,21],[11,19,3,15,23,7,9,21],[19,11,15,3,23,7,21],[19,3,15,7,23,11,24,9,1,16,5,21],[15,7,11,23,19,3,21],[11,19,7,3,15,23,9,24,1,18,21,17],[7,3,11,15,23,19,24,9,1,13,17],[11,19,7,3,15,23,9,1,24,14,21,13],[7,3,11,19,15,23,21],[23,19,7,3,15,11,21],[11,15,7,3,19,23,21],[7,15,11,3,19,23,9,1,17],[11,23,3,19,7,15,24,9,1,14,21,13],[3,19,15,23,11,7,24,9,1,16,21],[7,3,15,23,19,11,21],[19,23,15,3,7,11,21],[11,19,7,3,15,23,21],[7,3,15,11,23,19,22],[23,15,19,3,7,11,21],[15,23,7,19,11,3,9,21],[23,3,11,7,19,15,9,24,1,13,17],[23,11,15,3,19,7,21],[23,7,15,11,19,3,9,1,22],[3,19,15,11,23,7,21],[15,7,3,19,23,11,24,9,1,13,17],[23,19,3,15,11,7,9,1,16],[19,23,3,7,15,11,9,21],[3,11,7,15,23,19,10,2,22],[19,3,7,15,23,11,21],[11,19,23,3,7,15,21],[19,7,23,11,15,3,24,9,1,13,17],[23,3,19,11,15,7,21],[11,3,19,23,15,7,21],[15,23,3,19,11,7,21],[11,3,19,15,7,23,21],[19,3,23,11,7,15,9,1,18,22],[3,11,23,7,15,19,21],[11,3,19,15,23,7,22],[3,15,7,11,23,19,9,21],[19,11,3,7,23,15,22],[19,11,15,23,7,3,24,9,1,14,13,21],[3,23,15,19,11,7,21],[23,19,15,11,7,3,21],[23,19,7,15,11,3,10,22],[3,7,15,23,19,11,21],[3,23,7,11,19,15,21],[23,11,7,15,19,3,21],[15,7,23,19,11,3,9,21],[23,11,15,7,3,19,21],[7,19,11,15,3,23,22],[3,15,23,7,11,19,9,1,13],[11,7,15,3,23,19,21],[3,15,23,19,11,7,9,24,1,13,17],[23,3,7,19,15,11,21],[19,15,23,7,11,3,21],[3,7,19,23,15,11,9,4,24,1,13,22],[7,11,19,15,3,23,9,22],[7,15,3,19,23,11,10,4,21],[23,7,11,19,3,15,21],[15,19,11,7,23,3,9,24,2,14,13,21],[23,15,11,19,3,7,21],[15,11,19,7,3,23,21],[7,3,23,19,15,11,9,16,22],[19,23,3,11,15,7,24,9,1,17,14,13],[11,23,19,3,15,7,9,21],[15,23,19,7,3,11,21],[23,15,19,3,11,7,21],[11,19,3,15,7,23,21],[23,19,3,11,7,15,21],[7,19,23,15,3,11,9,4,21],[11,3,23,7,19,15,12,21],[11,3,23,19,15,7,9,21],[19,23,3,11,7,15,21],[11,3,7,19,15,23,21],[23,3,15,11,19,7,9,1,13],[7,3,11,23,15,19,9,1,21],[23,3,15,11,7,19,21],[19,7,15,3,11,23,21],[15,19,23,7,11,3,21],[11,7,19,15,3,23,21],[11,23,15,19,7,3,9,21],[7,3,19,11,15,23,21],[19,3,11,23,7,15,9,21],[11,19,3,15,7,23,9,22],[11,3,23,15,7,19,9,1,21],[23,7,3,11,19,15,12,21],[19,11,3,7,23,15,12,21],[7,23,3,15,11,19,21],[11,19,15,23,7,3,9,21],[3,11,7,15,23,19,9,1,13],[11,3,19,7,23,15,24,9,1,13,17],[19,23,7,3,11,15,9,1,6],[23,11,15,19,7,3,9,4,21],[11,3,19,7,23,15,21],[7,11,23,19,15,3,21],[7,11,19,15,23,3,24,9,1,14,13,21],[19,15,3,11,7,23,21],[7,11,3,23,19,15,9,4,21],[15,3,19,7,11,23,9,1,4,16],[15,11,3,7,19,23,9,24,1,13,17],[11,3,19,7,15,23,9,2,21],[11,23,15,3,7,19,22],[15,7,3,19,11,23,9,1,18,21],[19,23,3,7,11,15,21],[7,11,19,15,23,3,9,1,13],[23,15,11,3,19,7,21],[15,23,11,3,7,19,9,2,17],[7,3,19,23,15,11,9,21],[3,23,7,19,15,11,21],[19,7,11,15,23,3,21],[19,11,23,15,3,7,9,24,1,13,20,22],[15,7,19,23,11,3,21],[23,7,19,15,11,3,9,1,21],[7,19,3,23,15,11,9,24,1,13,21],[7,15,23,19,11,3,9,1,16],[3,19,23,11,7,15,9,4,21],[23,11,7,15,3,19,9,21],[23,19,7,3,11,15,21],[15,11,23,7,3,19,21],[15,23,3,19,11,7,9,4,21],[3,15,23,11,19,7,9,1,22],[3,11,19,23,7,15,9,2,18,21],[15,7,3,11,23,19,9,22],[15,7,19,23,3,11,21],[11,23,15,19,3,7,21],[23,3,15,7,19,11,21],[11,7,23,3,19,15,1,21],[3,11,15,19,7,23,9,1,8,21],[23,7,15,19,3,11,21],[7,15,11,23,3,19,9,2,16],[11,7,3,15,19,23,9,1,20],[3,15,7,19,23,11,21],[19,23,3,11,7,15,12,21],[7,19,11,15,3,23,21],[23,3,19,15,7,11,10,1,9],[7,3,15,11,19,23,21],[11,3,15,19,23,7,21],[19,11,15,23,3,7,9,4,21],[3,7,15,19,23,11,9,4,21],[15,7,11,3,23,19,21],[19,11,15,7,3,23,21],[11,15,3,23,19,7,9,21],[3,11,23,19,7,15,22],[7,15,23,3,19,11,21],[3,7,11,23,15,19,9,1,21],[15,11,19,7,3,23,21],[19,7,11,3,23,15,9,21],[3,23,15,19,11,7,9,21],[19,7,15,23,3,11,24,9,1,13,21],[23,19,11,15,7,3,21],[15,3,7,19,11,23,21],[15,11,7,23,19,3,21],[7,15,19,11,23,3,21],[23,19,7,3,11,15,21],[23,15,19,11,7,3,9,21],[23,19,11,15,3,7,9,21],[23,3,15,19,11,7,21],[3,23,15,19,11,7,21],[11,19,23,15,3,7,21],[23,7,3,19,11,15,21],[3,11,15,7,23,19,22],[19,15,3,11,23,7,21],[7,11,3,23,19,15,24,9,1,13,14,21],[15,23,11,3,7,19,9,1,21],[7,3,11,19,15,23,21],[15,7,3,19,11,23,21],[7,11,3,15,23,19,21],[7,3,23,15,11,19,9,24,1,13,21],[11,7,3,15,19,23,21],[3,19,15,7,11,23,22],[23,7,3,11,19,15,21],[3,19,11,15,23,7,24,9,1,22],[15,7,19,11,3,23,21],[7,19,23,15,3,11,9,22],[7,23,19,3,11,15,24,9,1,14,13,21],[7,15,11,23,19,3,21],[15,11,23,3,19,7,9,1,13],[11,3,7,19,23,15,22],[7,15,23,11,19,3,21],[23,19,7,11,15,3,21],[19,11,3,23,15,7,21],[3,23,7,15,19,11,21],[7,3,19,15,23,11,24,9,1,20,14,13,21],[11,7,19,23,15,3,21],[19,15,11,23,3,7,21],[3,19,11,15,7,23,9,1,8,13],[15,7,11,3,19,23,9,24,1,21],[11,3,23,19,15,7,10,21],[11,19,23,7,3,15,9,1,21],[19,11,23,7,3,15,24,9,1,13,22],[19,11,7,15,23,3,9,21],[11,7,3,15,19,23,9,4,21],[19,3,23,7,11,15,21],[7,19,11,3,23,15,9,1,5,21],[15,19,23,11,3,7,21],[3,7,15,23,19,11,21],[3,23,15,19,11,7,21],[7,19,23,3,11,15,9,21],[23,19,15,3,7,11,9,2,24,13,21],[7,15,3,19,11,23,21],[23,11,3,7,19,15,10,4,21],[19,15,7,11,23,3,21],[15,23,7,11,3,19,21],[15,3,23,19,11,7,9,4,21],[23,3,7,15,11,19,9,24,1,17,13],[15,3,19,23,7,11,9,4,22],[15,3,19,7,23,11,9,21],[3,23,15,11,7,19,21],[23,19,15,7,11,3,9,1,17],[11,7,3,15,23,19,9,2,14,21],[23,11,15,3,19,7,22],[19,11,23,7,3,15,9,21],[19,23,11,7,15,3,21],[19,23,11,15,3,7,21],[11,3,23,19,15,7,21],[11,23,19,15,7,3,4,21],[3,7,11,19,23,15,10,1,20,22],[7,3,23,11,15,19,9,4,21],[3,7,23,15,11,19,22],[23,3,19,7,11,15,9,4,21],[19,23,3,11,15,7,21],[7,15,19,3,11,23,10,24,1,21],[3,11,23,7,15,19,21],[3,23,19,7,11,15,9,22],[3,11,19,15,23,7,21],[7,15,11,3,23,19,9,21],[11,19,3,7,23,15,9,21],[7,15,11,3,23,19,21],[19,11,23,15,3,7,24,9,1,13,17],[23,7,19,15,3,11,22],[7,15,3,11,19,23,21],[7,3,23,11,19,15,9,1,14,21],[19,23,15,11,3,7,9,1,13],[11,19,23,7,3,15,24,9,1,13,17],[15,7,11,3,19,23,12,21],[7,23,11,19,3,15,9,2,22],[7,23,11,15,19,3,21],[3,23,15,19,11,7,9,1,22],[15,11,23,19,7,3,9,24,1,14,13,21],[7,19,11,15,23,3,2,12,21],[19,23,3,11,15,7,21],[11,7,3,19,15,23,22],[15,19,3,7,23,11,12,21],[23,15,19,11,7,3,9,24,1,13,17],[19,15,7,23,3,11,21],[7,11,19,15,3,23,9,21],[15,19,23,11,7,3,10,21],[11,3,19,15,7,23,9,22],[15,7,3,19,23,11,21],[11,19,7,3,23,15,9,21],[15,3,23,19,11,7,21],[7,3,15,19,23,11,24,9,1,14,13,21],[19,11,7,15,3,23,9,24,1,14,13,21],[23,19,7,3,15,11,21],[19,23,15,3,7,11,21],[7,15,11,19,23,3,21],[15,11,3,7,23,19,21],[19,3,23,15,11,7,10,21],[15,19,11,23,7,3,21],[11,19,23,15,7,3,21],[23,3,15,11,19,7,21],[7,3,15,11,23,19,21],[3,19,7,15,11,23,21],[23,11,7,19,15,3,9,21],[7,23,19,3,15,11,12,21],[23,19,7,15,3,11,21],[11,3,15,19,23,7,9,2,16],[15,3,23,19,7,11,12,21],[3,19,23,7,15,11,21],[3,7,11,23,19,15,21],[3,11,19,15,23,7,9,21],[11,15,7,23,19,3,22],[19,23,11,7,15,3,21],[3,19,15,23,11,7,12,21],[15,19,7,23,11,3,9,21],[3,23,19,7,15,11,10,1,20,22],[15,7,23,19,11,3,21],[11,3,7,19,23,15,21],[15,7,23,11,3,19,21],[15,19,7,3,11,23,21],[11,19,23,3,15,7,10,1,9],[23,3,7,11,19,15,9,4,21],[11,3,23,7,15,19,21],[7,11,3,15,19,23,22],[15,3,11,23,19,7,21],[15,23,7,3,19,11,9,24,1,13,17],[23,15,19,7,11,3,12,21],[11,7,19,3,23,15,21],[23,19,11,3,7,15,10,1,4,22],[11,7,23,3,15,19,21],[7,19,11,23,15,3,21],[3,15,7,23,19,11,9,24,1,16,18,21],[19,11,23,3,7,15,24,9,1,13,17],[3,15,19,23,7,11,9,24,1,13,21],[19,7,23,15,3,11,9,21],[19,11,3,15,7,23,10,1,18,21],[11,7,19,3,15,23,24,9,1,13,18,17],[19,11,23,15,3,7,9,4,21],[11,7,19,15,3,23,21],[15,19,3,11,7,23,9,1,16],[3,19,7,15,11,23,21],[15,11,19,7,3,23,9,21],[19,15,7,11,3,23,21],[3,19,23,11,15,7,21],[19,11,7,3,15,23,21],[15,3,19,7,11,23,21],[15,19,11,3,7,23,9,1,24,13,17],[23,15,19,7,3,11,9,24,1,16,21],[19,15,7,23,3,11,9,21],[15,11,3,19,23,7,9,21],[15,11,19,7,23,3,21],[19,11,23,15,3,7,21],[3,23,19,15,11,7,9,2,21],[19,11,7,3,23,15,9,21],[19,3,11,23,15,7,21],[23,19,3,15,7,11,9,21],[7,3,23,19,15,11,22],[3,19,11,23,15,7,21],[3,11,7,15,23,19,21],[3,19,7,11,15,23,22],[23,19,3,7,15,11,21],[23,3,11,7,15,19,21],[19,15,3,23,7,11,21],[15,7,11,19,3,23,21],[19,7,11,15,23,3,21],[7,15,11,19,23,3,9,24,1,13,22],[15,3,11,23,7,19,10,1,24,17,13,12,21],[11,7,19,15,23,3,9,22],[23,15,7,3,11,19,24,9,1,16,6,21],[11,23,7,15,3,19,21],[11,3,15,7,23,19,10,21],[15,3,11,19,23,7,24,9,1,13,20,17],[23,7,19,3,15,11,21],[7,19,23,3,15,11,24,9,1,14,13,21],[11,7,3,19,15,23,21],[23,11,19,7,3,15,21],[15,11,19,23,3,7,21],[19,15,11,23,7,3,9,1,21],[3,11,15,7,23,19,10,21],[15,3,23,11,7,19,21],[11,7,19,23,3,15,22],[11,19,23,7,15,3,21],[11,23,7,3,19,15,21],[7,19,11,23,3,15,21],[7,15,23,3,11,19,9,21],[11,3,19,7,15,23,9,1,16],[15,3,7,11,19,23,24,9,1,14,21,13],[7,19,3,11,15,23,12,21],[11,23,7,3,19,15,10,1,16,17],[23,11,7,15,19,3,9,21],[7,23,19,15,11,3,21],[23,19,7,3,11,15,22],[3,11,23,15,19,7,9,21],[19,23,11,7,3,15,9,1,24,14,21,13],[11,19,7,15,3,23,9,1,14,21],[11,7,19,15,23,3,12,21],[3,7,23,11,19,15,24,9,1,16,21],[23,15,3,19,7,11,21],[11,23,7,3,15,19,9,21],[7,19,3,23,15,11,10,1,24,14,13,21],[7,3,19,15,11,23,21],[23,19,7,15,3,11,1,22],[19,11,3,23,7,15,21],[23,15,19,11,7,3,21],[19,11,23,7,15,3,21],[3,7,23,11,15,19,12,21],[7,11,19,15,23,3,21],[19,11,3,7,15,23,21],[23,3,7,15,11,19,21],[3,23,15,7,19,11,9,1,20],[23,7,11,19,15,3,9,21],[23,3,15,7,19,11,9,2,20],[15,7,19,3,23,11,9,21],[23,7,3,19,15,11,21],[19,7,11,15,3,23,9,1,13],[3,11,19,7,15,23,21],[23,19,11,7,15,3,21],[11,15,7,23,19,3,21],[7,19,3,15,23,11,21],[11,23,7,19,3,15,22],[11,7,15,3,23,19,9,1,21],[7,11,19,15,3,23,21],[7,11,3,15,19,23,21],[15,3,11,23,7,19,10,22],[3,7,15,11,23,19,9,4,21],[23,3,7,15,19,11,9,2,8,13],[7,3,23,19,15,11,21],[23,7,19,15,3,11,9,21],[23,7,11,15,19,3,22],[15,23,3,19,7,11,21],[15,19,3,11,23,7,9,21],[23,11,7,19,3,15,9,21],[23,19,15,11,7,3,21],[7,15,3,19,11,23,21],[7,11,3,15,19,23,22],[19,11,15,7,3,23,9,24,1,14,13,21],[3,11,7,19,15,23,12,21],[11,19,23,3,15,7,10,1,21],[3,15,19,7,11,23,21],[23,3,19,7,11,15,21],[3,19,23,15,7,11,21],[11,3,7,15,19,23,9,24,1,13,21],[19,23,15,7,11,3,9,21],[19,11,7,3,23,15,4,21],[23,11,3,7,15,19,21],[7,19,11,15,23,3,21],[11,23,19,7,3,15,21],[19,7,3,15,23,11,21],[15,19,11,7,3,23,21],[19,7,23,15,3,11,21],[3,19,23,7,15,11,10,21],[11,23,7,3,15,19,24,9,1,13,21],[3,11,15,7,23,19,9,1,22],[11,15,7,3,23,19,21],[23,11,7,15,3,19,9,14,21],[3,23,7,11,15,19,9,4,22],[15,23,19,7,11,3,21],[7,3,11,15,23,19,9,1,16],[11,15,7,19,23,3,9,4,22],[15,23,19,11,7,3,12,21],[15,3,19,7,23,11,9,21],[7,19,11,3,23,15,24,9,1,13,18,17],[23,11,7,19,15,3,21],[19,15,11,7,23,3,22],[3,11,7,23,19,15,9,22],[19,15,11,3,7,23,12,21],[7,11,15,19,23,3,9,2,17],[19,23,3,15,11,7,9,21],[19,15,7,11,23,3,24,9,1,13,17],[3,7,15,23,19,11,22],[11,7,19,3,23,15,21],[19,3,15,23,11,7,9,1,17],[23,15,7,11,19,3,21],[11,3,23,19,15,7,9,21],[19,3,23,7,11,15,9,4,21],[23,3,7,15,11,19,21],[23,3,19,11,15,7,22],[15,11,23,3,19,7,9,1,13],[7,3,11,23,19,15,9,21],[7,23,19,3,15,11,9,2,17],[15,11,23,7,19,3,21],[23,11,19,7,15,3,9,24,1,14,13,21],[7,11,3,19,15,23,24,9,1,13,22],[7,15,23,19,11,3,21],[11,7,3,19,23,15,21],[19,3,15,23,7,11,22],[15,19,11,3,23,7,9,24,1,13,17],[7,23,3,19,11,15,9,4,24,21],[19,15,11,23,3,7,21],[23,3,15,19,7,11,12,21],[11,3,19,15,23,7,9,24,1,16,21],[7,23,19,15,3,11,9,1,14,21],[3,15,11,19,23,7,9,22],[3,15,11,23,7,19,9,1,21],[23,19,11,3,15,7,9,24,1,13,17],[11,3,15,23,19,7,21],[23,15,7,19,11,3,21],[15,7,19,3,23,11,9,21],[11,3,7,15,23,19,21],[23,11,3,7,15,19,21],[23,7,11,3,19,15,21],[23,11,3,15,7,19,21],[3,19,15,11,7,23,21],[19,23,3,11,7,15,9,1,21],[11,15,3,19,23,7,9,4,21],[11,3,23,15,7,19,9,21],[3,23,19,15,7,11,10,21],[7,3,15,23,11,19,9,21],[11,3,19,23,15,7,9,4,21],[15,19,3,11,23,7,21],[23,3,11,7,15,19,9,21],[23,3,19,7,15,11,9,1,13],[19,23,15,3,7,11,9,21],[7,23,15,3,19,11,21],[3,15,11,19,23,7,21],[3,7,19,15,11,23,9,2,12,21],[15,19,23,7,3,11,9,21],[19,23,7,3,11,15,9,1,20],[11,3,23,19,7,15,22],[15,23,19,3,7,11,21],[7,15,19,23,11,3,21],[3,7,15,23,11,19,21],[11,3,19,15,23,7,21],[11,3,15,23,7,19,21],[7,19,23,3,15,11,21],[3,19,15,7,11,23,21],[3,23,11,7,15,19,9,1,13],[11,23,3,15,19,7,9,1,17],[11,23,3,19,15,7,9,4,21],[19,7,15,11,23,3,9,21],[3,23,7,15,19,11,9,21],[23,19,15,7,3,11,10,1,20,14,21],[23,15,11,19,3,7,10,21],[15,3,11,23,19,7,9,4,21],[7,15,23,3,11,19,10,22],[19,15,23,3,11,7,9,1,12,18,22],[7,11,15,23,3,19,21],[11,19,23,7,15,3,9,1,20],[19,15,7,11,23,3,9,1,21],[3,19,15,7,23,11,9,22],[7,19,15,11,3,23,22],[7,3,19,23,15,11,22],[11,15,23,3,19,7,21],[11,15,19,23,7,3,9,22],[3,11,7,15,19,23,9,21],[15,7,11,23,3,19,24,9,1,13,21],[23,15,3,7,19,11,21],[23,3,11,15,7,19,9,1,20],[7,23,15,11,3,19,24,9,1,14,13,21],[11,19,15,7,23,3,10,1,21],[11,3,7,23,19,15,21],[11,3,19,15,7,23,9,4,21],[7,11,3,23,19,15,9,24,1,14,13,21],[11,3,23,15,19,7,9,21],[3,23,19,11,7,15,21],[23,19,3,7,11,15,9,1,18,21],[23,3,11,15,19,7,1,21],[7,11,3,15,19,23,21],[3,23,11,19,7,15,9,21],[3,19,15,11,7,23,21],[15,7,23,19,11,3,21],[23,11,7,15,19,3,9,21],[19,15,7,11,23,3,21],[3,19,11,7,15,23,9,1,20],[23,3,11,7,19,15,21],[7,11,23,19,3,15,21],[11,3,19,15,23,7,1,9,14,21],[19,7,15,11,3,23,9,4,21],[3,15,11,19,23,7,24,9,1,13,18,17],[7,11,15,3,23,19,21],[3,19,7,11,15,23,9,24,1,13,17],[7,11,19,23,15,3,21],[7,19,15,11,23,3,9,1,16],[19,3,7,23,15,11,24,9,1,14,13,22],[7,23,11,3,19,15,21],[11,15,23,7,19,3,22],[23,19,3,7,15,11,21],[23,19,11,15,7,3,9,1,13],[3,7,19,23,11,15,10,4,21],[3,11,19,7,23,15,24,9,1,16,22],[19,3,11,7,15,23,9,2,13],[11,23,15,3,7,19,9,21],[23,15,7,19,3,11,21],[19,11,23,3,15,7,9,21],[23,7,11,15,19,3,9,21],[23,3,11,19,15,7,9,21],[3,11,7,23,15,19,9,22],[23,3,11,19,15,7,21],[15,3,7,23,19,11,10,21],[3,23,15,19,11,7,21],[3,15,7,23,19,11,9,22],[19,15,7,11,23,3,21],[7,15,3,11,23,19,9,21],[11,15,7,19,3,23,21],[19,23,11,3,7,15,21],[23,19,11,7,3,15,21],[11,3,23,7,19,15,21],[19,3,23,15,7,11,21],[15,3,11,23,7,19,22],[11,15,23,3,7,19,12,21],[3,11,23,19,7,15,12,21],[3,11,19,7,15,23,9,24,1,13,21],[7,3,15,19,23,11,22],[7,19,15,3,23,11,10,4,21],[15,3,23,11,19,7,9,4,21],[3,7,19,15,11,23,12,21],[11,3,23,19,15,7,21],[19,7,15,11,23,3,21],[3,23,7,19,15,11,9,24,1,13,21],[23,7,3,15,19,11,21],[23,3,11,19,15,7,10,21],[23,7,15,11,3,19,9,21],[11,15,7,23,19,3,21],[19,15,7,23,11,3,21],[15,19,7,11,3,23,9,21],[15,7,19,11,3,23,9,22],[19,11,7,3,15,23,9,21],[3,15,7,19,23,11,10,21],[19,11,15,3,7,23,9,1,18,21],[23,15,19,11,3,7,21],[11,15,19,3,23,7,12,21],[7,23,19,3,11,15,9,22],[11,3,19,23,15,7,9,22],[15,7,3,23,19,11,24,9,1,13,17],[23,7,11,3,19,15,9,1,18,21],[7,19,11,3,15,23,9,4,21],[3,19,23,11,7,15,12,24,21,9],[19,15,11,23,7,3,21],[7,3,15,19,11,23,24,9,1,14,21,13],[7,11,19,15,23,3,21],[11,19,15,3,7,23,21],[7,19,23,15,3,11,12,21],[23,19,15,11,3,7,12,21],[19,7,23,11,3,15,21],[7,19,3,23,15,11,9,22],[3,23,11,19,7,15,10,2,21],[19,15,23,11,7,3,21],[3,23,7,15,11,19,12,21],[19,3,23,11,7,15,9,1,13],[11,23,15,3,7,19,10,1,22],[7,3,23,15,11,19,12,21],[3,11,7,23,15,19,21],[19,23,15,7,3,11,21],[23,15,11,7,3,19,22],[23,15,7,11,3,19,9,24,1,13,21],[15,23,11,7,3,19,9,1,14,21],[15,19,23,11,3,7,9,4,21],[3,7,15,23,19,11,21],[19,23,15,11,7,3,24,9,1,13,22],[7,19,11,23,3,15,9,2,14,21],[7,15,23,3,11,19,24,9,1,13,18,17],[19,3,11,15,7,23,21],[7,19,3,23,11,15,22],[15,19,23,7,3,11,9,4,21],[23,3,19,11,15,7,12,21],[23,15,19,3,11,7,1,9,16],[3,23,19,7,15,11,9,21],[23,7,11,19,3,15,12,21],[11,7,19,3,23,15,21],[23,3,15,7,19,11,9,1,21],[15,3,7,11,23,19,21],[11,7,23,15,19,3,24,9,1,17,16],[3,19,23,7,11,15,21],[3,15,19,7,11,23,21],[7,11,3,15,19,23,21],[15,7,23,19,11,3,21],[3,19,15,23,7,11,9,21],[11,19,15,7,3,23,21],[15,19,3,23,7,11,12,21],[3,11,19,7,23,15,21],[3,19,15,7,23,11,9,4,21],[11,7,15,23,3,19,9,21],[23,11,19,3,15,7,21],[19,11,15,3,23,7,12,21],[7,11,19,3,23,15,9,22],[19,7,11,23,3,15,21],[15,11,3,23,19,7,21],[7,11,23,3,19,15,21],[3,7,23,15,11,19,9,1,13],[7,19,23,3,11,15,12,21],[3,11,15,19,7,23,9,1,13],[23,11,15,19,7,3,12,21],[15,19,7,3,11,23,9,1,14,21],[23,11,15,3,7,19,9,21],[19,7,3,23,15,11,21],[19,11,3,7,15,23,9,24,1,13,17],[3,7,15,11,19,23,9,21],[23,11,7,15,3,19,22],[19,3,7,23,15,11,4,9,24,1,21],[3,11,15,7,23,19,21],[11,15,3,23,7,19,10,4,21],[3,23,15,11,19,7,22],[11,19,23,7,3,15,9,21],[3,23,15,7,11,19,9,21],[23,11,3,19,7,15,21],[3,15,7,19,11,23,12,21],[23,11,7,3,15,19,9,2,24,13,20,21],[23,15,11,7,3,19,9,2,20],[3,23,15,19,7,11,9,24,1,13,8,17],[19,23,11,3,15,7,9,1,18,21],[15,7,3,23,11,19,10,13,21],[15,7,19,23,11,3,10,1,24,13,18,21],[7,19,3,11,15,23,21],[3,7,23,19,11,15,21],[11,23,7,19,15,3,9,21],[15,23,11,7,19,3,24,9,1,13,20,17],[23,11,15,7,19,3,9,21],[23,19,3,15,11,7,21],[15,23,3,7,19,11,10,21],[11,23,3,15,19,7,9,1,13],[19,11,23,7,3,15,22],[23,7,19,15,11,3,9,22],[11,3,15,7,19,23,24,9,1,13,20,21],[23,7,11,15,19,3,9,24,1,13,18,21],[15,23,7,19,3,11,9,1,18,21],[19,23,11,7,3,15,21],[19,3,23,11,7,15,9,22],[23,11,19,3,15,7,21],[3,19,11,15,7,23,21],[11,15,3,23,7,19,9,4,21],[11,15,23,7,3,19,10,1,18,21],[3,7,23,15,11,19,1,9,22],[19,15,11,23,3,7,9,24,1,21],[3,15,19,23,7,11,12,21],[3,7,11,23,19,15,21],[15,19,11,3,23,7,21],[11,19,15,3,23,7,9,24,1,13,18,17],[19,7,11,15,3,23,9,22],[11,15,3,23,7,19,21],[7,11,19,3,23,15,9,22],[11,19,15,3,23,7,22],[19,23,11,7,3,15,21],[7,23,19,11,3,15,9,4,22],[15,19,3,11,7,23,21],[23,15,7,19,3,11,22],[7,23,11,15,3,19,9,21],[15,19,7,3,11,23,9,1,21],[23,15,3,19,11,7,22],[23,3,19,7,15,11,24,9,1,14,13,21],[19,15,23,7,11,3,9,1,24,13,17],[23,7,3,11,15,19,24,9,1,13,17],[7,3,11,15,19,23,12,22],[3,15,7,11,23,19,21],[7,3,19,15,23,11,9,21],[7,3,11,15,19,23,24,9,1,13,21],[15,11,23,7,3,19,21],[11,15,23,7,19,3,9,21],[3,11,23,19,15,7,21],[19,11,7,15,23,3,21],[15,19,3,7,23,11,9,21],[19,15,11,7,3,23,21],[19,23,7,3,11,15,21],[3,19,11,7,23,15,9,24,1,13,20,5,21],[19,3,15,7,11,23,9,1,22],[3,7,11,15,23,19,9,1,5,21],[19,3,23,7,15,11,9,21],[19,15,23,7,3,11,12,21],[15,11,7,3,19,23,21],[23,3,15,7,19,11,24,9,1,13,18,21],[3,15,7,23,11,19,21],[15,11,19,3,7,23,9,2,14,21],[19,23,3,15,7,11,21],[3,19,11,23,7,15,21],[3,15,19,7,11,23,9,2,16],[3,15,19,11,7,23,22],[3,15,7,19,11,23,21],[11,15,7,23,3,19,9,1,13],[15,23,11,19,3,7,21],[3,7,11,23,19,15,21],[23,7,15,11,3,19,22],[23,3,11,15,19,7,24,9,1,13,20,21],[19,3,23,7,15,11,9,1,6],[3,11,15,7,19,23,21],[11,3,7,19,23,15,10,2,24,9,13,20],[7,19,11,3,15,23,21],[15,19,23,11,7,3,21],[23,3,7,11,19,15,9,21],[19,7,11,23,3,15,21],[3,15,19,7,23,11,21],[19,11,15,23,3,7,9,4,21],[19,15,3,7,23,11,21],[19,7,23,15,3,11,21],[15,23,7,19,11,3,12,21],[19,11,15,3,23,7,9,24,1,16,18,17,21],[7,23,15,3,19,11,22],[7,15,11,23,3,19,9,1,24,16,5,21],[7,23,15,19,11,3,9,22],[11,7,3,15,19,23,21],[15,23,3,19,7,11,12,21],[23,19,3,15,7,11,9,2,10,13],[11,7,23,3,19,15,9,1,13],[23,19,11,15,3,7,21],[3,15,7,11,19,23,22],[7,11,15,23,19,3,21],[7,3,19,23,15,11,9,4,21],[11,3,23,15,19,7,9,21],[15,7,19,23,3,11,21],[15,19,11,7,3,23,21],[19,11,23,3,7,15,24,9,1,17,14,21,13],[19,23,7,11,3,15,24,9,1,17,13],[23,11,3,7,19,15,9,21],[3,23,11,15,19,7,9,2,16],[23,15,19,7,11,3,24,9,1,13,21],[23,11,15,7,19,3,9,21],[15,23,7,3,11,19,12,24,21,9],[3,11,19,7,15,23,2,21],[15,11,23,19,3,7,9,21],[23,15,11,7,19,3,9,1,14,21],[11,15,3,7,23,19,24,9,1,14,21,13],[19,15,23,11,7,3,21],[19,7,11,3,15,23,9,21],[11,15,23,3,7,19,21],[19,11,15,23,7,3,9,1,4,13],[15,23,7,3,11,19,21],[7,23,15,3,19,11,21],[19,23,15,3,11,7,24,9,1,13,17],[3,19,15,11,23,7,22],[19,11,23,7,3,15,21],[3,11,23,15,7,19,21],[19,3,15,23,11,7,9,1,5,13],[23,19,15,3,11,7,21],[11,19,23,3,7,15,9,4,21],[7,15,11,3,23,19,9,4,1,21],[11,7,23,15,3,19,22],[19,7,11,15,23,3,9,21],[7,11,3,23,15,19,21],[3,15,23,7,19,11,21],[7,3,19,23,11,15,21],[23,15,7,3,19,11,21],[3,23,15,11,19,7,9,1,22],[11,19,7,15,23,3,21],[23,11,3,7,19,15,21],[7,15,23,3,11,19,22],[15,3,7,19,11,23,21],[15,23,11,7,3,19,21],[19,11,15,7,3,23,21],[7,23,19,11,3,15,9,21],[7,15,19,23,3,11,21],[7,15,19,11,3,23,21],[7,23,11,15,19,3,9,21],[11,23,19,7,3,15,9,24,1,13,22],[15,3,7,23,11,19,9,21],[7,11,19,23,15,3,9,1,4,6],[15,7,19,11,23,3,12,21],[19,23,15,11,3,7,9,1,20],[23,19,7,3,11,15,21],[7,11,3,19,15,23,9,1,13],[19,7,15,3,11,23,21],[11,19,3,15,7,23,9,21],[15,19,23,11,3,7,9,21],[15,3,23,19,7,11,21],[7,3,15,23,11,19,21],[11,23,3,15,19,7,21],[19,11,3,15,23,7,9,1,16],[19,3,15,23,11,7,9,1,8,24,20,13,6],[19,23,11,7,3,15,21],[19,7,11,15,3,23,21],[3,15,23,11,7,19,9,2,16],[3,15,11,19,7,23,21],[23,19,15,3,7,11,9,21],[3,11,23,19,7,15,21],[3,7,11,15,19,23,21],[23,3,7,19,11,15,12,21],[7,15,23,19,3,11,9,22],[19,11,7,23,15,3,10,4,24,21,1],[19,7,11,23,3,15,9,24,1,14,21,13],[23,15,3,19,11,7,9,21],[7,23,15,19,3,11,24,9,1,13,4,21],[19,7,15,11,23,3,12,21],[19,3,7,23,11,15,21],[15,7,11,3,23,19,9,1,8,16],[15,19,7,3,23,11,9,21],[7,15,3,23,19,11,21],[23,7,3,15,11,19,12,21],[3,15,11,7,19,23,10,1,9],[3,7,19,11,23,15,22],[15,23,19,7,3,11,21],[11,15,3,7,23,19,21],[19,7,11,15,23,3,21],[19,23,15,7,11,3,21],[19,3,11,15,7,23,21],[19,15,7,3,11,23,9,4,21],[19,15,7,11,23,3,21],[3,23,15,7,11,19,21],[19,7,23,3,11,15,21],[23,3,11,15,19,7,9,22],[15,7,11,23,19,3,21],[19,11,3,15,7,23,9,1,20],[15,19,11,7,3,23,9,21],[19,3,11,23,7,15,21],[3,11,19,7,23,15,9,1,21],[11,23,3,15,19,7,21],[7,23,11,19,3,15,21],[15,23,7,19,3,11,21],[19,15,11,23,3,7,21],[3,11,19,15,7,23,24,9,1,13,22],[11,3,7,15,19,23,21],[19,11,15,7,23,3,21],[11,3,7,23,15,19,12,21],[11,19,15,7,23,3,21],[23,11,15,3,7,19,21],[7,15,11,3,23,19,21],[7,3,23,15,19,11,9,21],[19,7,3,11,15,23,9,17,1],[11,15,19,23,3,7,9,24,1,13,17],[3,23,11,19,15,7,9,24,1,13,20,21],[15,3,19,11,23,7,9,4,21],[7,23,15,19,3,11,24,9,1,14,21,13],[23,7,3,15,19,11,9,24,4,1,13,21],[19,11,3,23,7,15,21],[11,7,23,15,3,19,9,1,14,21],[7,19,15,11,23,3,12,21],[23,15,3,11,19,7,21],[15,23,3,7,19,11,9,1,21],[7,15,23,3,11,19,12,21],[11,23,7,19,15,3,9,21],[15,19,23,11,3,7,21],[11,3,23,15,7,19,9,1,14,21],[15,23,3,7,11,19,21],[19,15,11,3,7,23,21],[15,3,19,11,23,7,21],[19,7,23,3,11,15,21],[19,15,3,7,23,11,10,1,21],[19,15,11,3,23,7,21],[11,3,15,23,7,19,12,21],[19,11,23,7,3,15,12,21],[23,3,7,15,19,11,9,21],[3,19,7,23,15,11,24,9,1,13,17],[11,15,23,7,19,3,9,21],[7,11,23,15,3,19,9,22],[7,23,3,19,15,11,9,21],[23,3,7,11,19,15,9,21],[7,3,23,19,11,15,10,21],[23,11,3,15,7,19,9,1,16],[23,7,3,11,19,15,9,21],[7,11,3,15,19,23,9,2,24,16,12,21],[7,19,23,15,3,11,21],[23,19,15,7,3,11,9,21],[15,3,11,7,23,19,21],[19,3,7,11,15,23,21],[11,15,19,7,23,3,21],[3,7,19,15,23,11,21],[11,15,19,3,7,23,21],[23,19,11,7,3,15,9,1,16],[7,3,11,15,19,23,21],[7,23,3,15,11,19,9,2,24,14,21,13],[15,23,3,11,19,7,21],[7,19,11,23,3,15,21],[19,15,11,3,23,7,9,21],[3,7,15,23,19,11,21],[7,11,19,23,15,3,21],[3,19,7,11,23,15,9,21],[23,15,3,7,11,19,21],[15,7,11,19,3,23,21],[3,7,23,19,15,11,12,21],[23,11,19,15,7,3,22],[11,23,15,19,7,3,12,21],[3,7,11,19,15,23,21],[3,11,23,19,15,7,21],[19,11,7,15,3,23,21],[15,23,19,7,11,3,9,1,17],[19,23,3,11,7,15,21],[7,11,19,3,23,15,9,21],[3,19,15,11,7,23,9,1,21],[23,3,11,19,15,7,9,1,13],[7,23,11,3,19,15,10,1,21],[7,15,19,11,23,3,21],[7,15,23,3,19,11,21],[7,11,3,23,19,15,9,1,4,5,24,21],[11,19,23,7,3,15,21],[3,11,7,15,23,19,9,21],[15,11,3,23,19,7,21],[19,15,7,11,23,3,9,24,1,13,21],[3,19,11,15,7,23,21]],"n_human":7}