{"problem_id":"tWiapY5cHF33Fm4","sigma":150,"alpha":0.316,"cost":0,"probabilities":"[0.49, 0.09, 0.39, 0.03]","payoff_matrix":"[[-111, 157, 38, 4, -158, 293], [130, -61, -72, -304, -38, 301], [35, -104, -63, 457, -62, -274], [27, -283, 50, -13, 147, -366]]","uncovered":[[1,17,13,9,5,21,23,7,11,15],[1,5,21,7,17,13,9],[13,17,5,1,21,23,9,7,11,15],[9,1,13,21,17,5,23,7,11,15],[1,13,17,9,5,21,7],[1,13,17,21,9,5,23,7,11,15],[21,13,1,5,23,9,17,7,11,15],[9,17,1,13,5,21,23,7,11,15],[21,5,7,17,1,9,13],[17,13,9,5,1,21,23,7,11,15],[1,21,5,23,17,13,9,7,11,15],[5,13,9,21,7,17,1],[17,21,13,5,7,9,1],[5,17,13,21,23,9,1,7,11,15],[1,17,5,21,23,9,13,7,11,15],[5,17,1,13,9,21,23,7,11,15],[9,1,13,21,5,7,17],[5,9,21,7,13,1,17],[1,5,17,13,9,21,23,7,11,15],[9,13,21,17,5,23,1,7,11,15],[21,5,7,1,13,17,9],[9,5,21,23,1,13,17,7,11,15],[1,9,5,17,21,23,13,7,11,15],[21,9,13,5,23,17,1,7,11,15],[9,13,1,21,5,7,17],[13,5,17,1,21,7,9],[5,13,1,21,7,9,17],[5,1,13,17,21,7,9],[1,13,5,17,9,21,7],[9,5,21,23,17,13,1,7,11,15],[17,9,13,21,1,5,7],[1,21,13,5,7,17,9],[13,21,17,1,5,23,9,7,11,15],[5,17,1,9,13,21,7],[1,9,17,13,5,21,7],[9,17,1,13,21,5,23,7,11,15],[21,1,17,5,23,13,9,7,11,15],[13,1,9,5,21,7,17],[21,5,7,17,1,13,9],[5,21,23,13,9,1,17,7,11,15],[21,13,9,5,7,1,17],[1,13,21,17,5,23,9,7,11,15],[13,9,21,17,1,5,23,7,11,15],[9,1,21,17,13,5,7],[17,9,13,5,1,21,7],[13,17,9,5,21,23,1,7,11,15],[9,5,1,21,23,17,13,7,11,15],[17,13,5,1,21,7,9],[5,1,9,17,13,21,23,7,11,15],[17,5,13,9,1,21,7],[13,21,9,5,7,17,1],[13,21,9,17,5,23,1,7,11,15],[17,21,13,1,9,5,7],[5,17,13,9,21,7,1],[17,21,13,9,1,5,23,7,11,15],[9,17,13,21,5,7,1],[9,17,13,1,21,5,23,7,11,15],[1,17,21,13,5,7,9],[17,21,9,5,23,1,13,7,11,15],[5,21,7,1,17,13,9],[13,5,21,7,17,9,1],[9,21,13,17,1,5,7],[21,17,1,5,7,9,13],[21,5,23,9,13,1,17,7,11,15],[1,13,21,17,5,7,9],[1,9,17,5,13,21,7],[9,13,5,21,23,1,17,7,11,15],[5,17,13,9,21,23,1,7,11,15],[9,21,17,1,5,7,13],[17,9,1,5,21,7,13],[21,1,5,7,9,13,17],[21,9,1,17,5,23,13,7,11,15],[17,9,1,5,21,7,13],[1,21,9,5,7,17,13],[5,1,21,7,9,17,13],[1,21,9,5,7,13,17],[21,13,17,5,23,1,9,7,11,15],[1,13,5,17,21,7,9],[21,5,23,13,9,17,1,7,11,15],[13,9,5,17,21,7,1],[1,21,17,13,9,5,23,7,11,15],[9,5,21,7,1,13,17],[21,9,17,5,7,1,13],[5,17,13,21,23,1,9,7,11,15],[1,17,13,5,9,21,23,7,11,15],[5,13,17,21,23,1,9,7,11,15],[13,5,21,7,1,17,9],[1,5,17,9,21,23,13,7,11,15],[13,17,5,9,1,21,7],[17,5,1,13,9,21,23,7,11,15],[9,21,5,7,17,13,1],[13,17,9,1,21,5,7],[9,17,1,21,5,23,13,7,11,15],[17,9,1,5,13,21,7],[21,9,13,17,1,5,23,7,11,15],[1,21,5,23,17,13,9,7,11,15],[17,1,9,21,13,5,23,7,11,15],[13,21,5,7,17,9,1],[21,13,1,9,5,23,17,7,11,15],[21,13,1,17,9,5,23,7,11,15],[9,5,21,7,1,13,17],[21,1,17,13,9,5,23,7,11,15],[21,9,13,17,5,23,1,7,11,15],[21,13,1,5,7,9,17],[17,5,21,23,13,9,1,7,11,15],[9,17,1,21,5,23,13,7,11,15],[21,17,5,23,13,9,1,7,11,15],[21,17,13,9,1,5,7],[5,9,21,7,13,1,17],[21,5,23,1,17,13,9,7,11,15],[13,17,9,5,21,7,1],[1,9,17,13,21,5,23,7,11,15],[17,5,9,13,1,21,23,7,11,15],[1,5,13,9,17,21,23,7,11,15],[1,9,17,21,5,23,13,7,11,15],[13,21,9,17,1,5,7],[13,5,1,9,21,7,17],[9,21,17,5,23,13,1,7,11,15],[5,17,13,1,21,7,9],[9,5,17,21,7,13,1],[13,17,5,1,9,21,7],[21,1,5,23,13,17,9,7,11,15],[9,17,1,5,13,21,23,7,11,15],[1,17,9,5,21,23,13,7,11,15],[17,9,21,1,13,5,7],[17,13,5,9,1,21,23,7,11,15],[5,21,7,9,17,13,1],[17,5,13,1,21,7,9],[21,5,7,13,9,1,17],[9,13,1,5,21,23,17,7,11,15],[9,21,13,1,17,5,7],[13,5,1,17,21,7,9],[5,1,17,9,13,21,7],[13,1,17,9,5,21,7],[9,17,13,1,5,21,23,7,11,15],[17,13,5,1,9,21,7],[17,13,1,21,9,5,7],[21,13,1,9,17,5,23,7,11,15],[13,5,17,1,21,7,9],[17,21,1,9,5,7,13],[9,17,5,21,7,1,13],[1,17,9,5,13,21,23,7,11,15],[9,5,1,17,21,23,13,7,11,15],[17,21,9,13,1,5,7],[13,1,9,17,21,5,7],[17,9,21,5,23,13,1,7,11,15],[13,5,1,21,23,17,9,7,11,15],[5,1,13,9,21,23,17,7,11,15],[5,9,13,21,7,17,1],[1,9,21,5,7,17,13],[17,21,1,9,5,23,13,7,11,15],[21,17,9,1,13,5,23,7,11,15],[13,9,17,5,1,21,23,7,11,15],[21,9,13,1,5,7,17],[1,5,13,21,7,9,17],[21,13,17,5,23,9,1,7,11,15],[13,9,17,21,1,5,23,7,11,15],[1,21,9,5,7,13,17],[17,21,13,5,23,9,1,7,11,15],[17,9,1,13,21,5,23,7,11,15],[1,21,5,23,13,9,17,7,11,15],[1,21,9,5,23,13,17,7,11,15],[9,21,13,17,5,23,1,7,11,15],[13,1,21,17,5,23,9,7,11,15],[17,9,1,21,5,23,13,7,11,15],[13,9,1,17,5,21,23,7,11,15],[1,9,17,21,13,5,23,7,11,15],[13,17,1,9,21,5,7],[9,17,13,5,1,21,23,7,11,15],[1,17,21,13,9,5,23,7,11,15],[1,21,13,5,7,9,17],[5,13,9,17,1,21,23,7,11,15],[21,13,5,23,17,1,9,7,11,15],[13,5,9,17,21,23,1,7,11,15],[5,21,7,17,1,9,13],[17,9,21,1,13,5,23,7,11,15],[17,5,21,7,9,1,13],[21,13,5,23,17,1,9,7,11,15],[21,9,5,7,17,13,1],[17,13,1,21,9,5,7],[21,9,5,23,13,1,17,7,11,15],[17,13,9,1,5,21,7],[17,9,5,1,21,7,13],[13,9,21,5,23,17,1,7,11,15],[5,13,9,1,21,23,17,7,11,15],[13,1,17,5,21,7,9],[5,1,13,9,17,21,23,7,11,15],[9,17,5,13,21,23,1,7,11,15],[13,1,21,17,5,7,9],[17,9,21,13,1,5,7],[13,9,1,21,17,5,7],[17,9,21,13,5,23,1,7,11,15],[21,1,9,17,13,5,23,7,11,15],[5,13,17,21,23,9,1,7,11,15],[21,17,1,13,5,7,9],[5,17,13,1,21,23,9,7,11,15],[17,9,1,21,5,7,13],[9,1,13,21,5,7,17],[17,13,5,1,9,21,23,7,11,15],[13,5,1,21,23,9,17,7,11,15],[13,21,5,23,9,17,1,7,11,15],[13,17,21,9,1,5,7],[9,5,17,1,21,23,13,7,11,15],[13,17,5,9,1,21,23,7,11,15],[1,17,9,5,13,21,23,7,11,15],[1,9,21,17,5,23,13,7,11,15],[21,5,7,1,9,13,17],[1,13,5,17,21,7,9],[9,1,13,5,21,23,17,7,11,15],[1,13,21,9,5,23,17,7,11,15],[9,5,17,1,21,23,13,7,11,15],[13,9,21,17,5,23,1,7,11,15],[5,17,21,7,1,13,9],[13,9,5,17,1,21,23,7,11,15],[13,21,1,17,9,5,7],[9,21,5,7,13,1,17],[21,1,9,5,7,13,17],[13,9,17,21,5,7,1],[5,1,13,21,23,9,17,7,11,15],[5,21,23,17,13,9,1,7,11,15],[5,1,17,21,23,13,9,7,11,15],[9,1,5,21,7,13,17],[17,9,5,13,21,23,1,7,11,15],[5,1,21,23,9,17,13,7,11,15],[17,21,5,23,13,1,9,7,11,15],[1,21,5,23,13,17,9,7,11,15],[17,13,9,21,1,5,7],[13,9,1,5,17,21,7],[9,13,17,1,5,21,7],[21,1,13,5,7,9,17],[1,13,21,17,9,5,23,7,11,15],[5,9,1,17,21,23,13,7,11,15],[17,1,5,9,21,7,13],[17,5,21,23,9,13,1,7,11,15],[5,13,9,1,21,7,17],[9,1,17,21,13,5,23,7,11,15],[21,9,5,7,17,1,13],[13,21,17,5,23,1,9,7,11,15],[1,21,5,7,17,13,9],[13,5,17,21,7,1,9],[21,1,17,13,9,5,7],[9,17,13,5,1,21,7],[5,17,1,13,21,7,9],[1,17,13,21,9,5,7],[5,1,21,7,13,9,17],[21,17,9,5,23,1,13,7,11,15],[17,5,13,9,1,21,7],[21,1,13,9,17,5,23,7,11,15],[13,21,1,9,5,23,17,7,11,15],[21,17,13,1,9,5,23,7,11,15],[21,5,7,9,1,13,17],[17,9,5,1,13,21,23,7,11,15],[9,1,5,13,21,7,17],[21,9,1,5,23,13,17,7,11,15],[17,5,21,23,9,13,1,7,11,15],[17,1,21,13,9,5,23,7,11,15],[13,9,1,17,21,5,23,7,11,15],[1,21,5,23,9,17,13,7,11,15],[5,17,9,21,7,1,13],[21,9,1,5,7,13,17],[17,5,9,13,21,23,1,7,11,15],[17,21,9,13,1,5,7],[21,1,9,5,23,13,17,7,11,15],[9,21,5,23,17,1,13,7,11,15],[13,9,1,5,21,23,17,7,11,15],[13,21,17,1,5,23,9,7,11,15],[17,5,1,9,21,23,13,7,11,15],[1,13,17,5,9,21,23,7,11,15],[9,13,5,1,21,7,17],[1,5,9,13,21,23,17,7,11,15],[5,13,21,23,9,1,17,7,11,15],[17,1,13,9,5,21,23,7,11,15],[21,5,23,1,9,13,17,7,11,15],[17,5,1,21,7,9,13],[1,21,13,17,9,5,7],[1,17,5,21,23,9,13,7,11,15],[1,13,5,9,21,23,17,7,11,15],[9,21,13,17,5,23,1,7,11,15],[21,17,9,1,5,23,13,7,11,15],[9,1,21,5,23,17,13,7,11,15],[13,21,9,17,1,5,7],[13,1,5,9,17,21,7],[5,21,7,1,13,17,9],[21,5,7,13,17,1,9],[1,13,5,21,7,9,17],[13,21,1,5,7,9,17],[21,17,1,13,9,5,23,7,11,15],[5,17,1,9,21,7,13],[17,5,1,21,23,9,13,7,11,15],[9,17,21,1,13,5,23,7,11,15],[9,1,17,13,5,21,23,7,11,15],[21,17,9,1,5,23,13,7,11,15],[1,9,17,21,13,5,23,7,11,15],[17,9,13,5,21,23,1,7,11,15],[13,5,17,21,7,9,1],[5,17,21,23,13,1,9,7,11,15],[1,17,21,5,7,9,13],[21,5,7,9,17,1,13],[5,13,21,23,1,17,9,7,11,15],[1,9,17,5,21,7,13],[5,21,23,13,9,1,17,7,11,15],[1,5,9,13,21,7,17],[1,21,17,9,5,23,13,7,11,15],[9,21,13,1,5,7,17],[5,1,17,21,7,9,13],[17,5,13,1,9,21,23,7,11,15],[17,9,5,13,1,21,23,7,11,15],[9,17,5,13,21,7,1],[1,9,5,13,17,21,7],[17,13,1,9,21,5,7],[5,17,9,13,1,21,23,7,11,15],[17,13,21,5,23,1,9,7,11,15],[17,21,13,9,1,5,23,7,11,15],[5,13,21,7,9,17,1],[21,13,1,9,5,23,17,7,11,15],[5,17,9,21,7,13,1],[13,17,1,5,21,7,9],[9,5,1,21,7,13,17],[21,1,13,17,9,5,7],[1,9,13,5,17,21,7],[13,5,1,21,23,17,9,7,11,15],[9,5,17,1,21,7,13],[21,5,23,1,17,9,13,7,11,15],[9,21,1,13,5,23,17,7,11,15],[13,5,9,17,1,21,7],[1,17,13,5,21,7,9],[13,17,5,21,23,9,1,7,11,15],[13,1,5,21,23,9,17,7,11,15],[13,9,1,21,5,7,17],[13,9,17,21,1,5,7],[9,1,21,17,5,7,13],[5,1,17,9,21,7,13],[5,9,1,21,7,17,13],[17,21,9,1,5,7,13],[17,9,13,21,1,5,23,7,11,15],[17,21,9,1,5,23,13,7,11,15],[1,13,21,17,5,7,9],[5,9,13,17,21,7,1],[5,13,17,1,9,21,23,7,11,15],[9,5,1,17,21,7,13],[21,13,1,17,9,5,7],[17,5,13,9,21,23,1,7,11,15],[1,5,17,13,21,7,9],[13,17,21,5,7,1,9],[1,17,5,21,23,13,9,7,11,15],[17,9,13,5,21,23,1,7,11,15],[1,13,5,21,23,17,9,7,11,15],[13,21,17,1,9,5,23,7,11,15],[1,5,21,7,17,9,13],[5,13,1,9,17,21,23,7,11,15],[1,5,21,23,9,13,17,7,11,15],[17,5,9,21,23,13,1,7,11,15],[13,17,9,5,1,21,7],[5,17,13,21,23,1,9,7,11,15],[9,5,13,21,7,1,17],[9,13,21,1,5,23,17,7,11,15],[17,5,21,7,9,13,1],[13,1,5,17,21,23,9,7,11,15],[21,1,17,9,5,23,13,7,11,15],[9,17,1,21,13,5,7],[21,9,17,13,5,23,1,7,11,15],[21,1,17,5,7,13,9],[17,13,5,21,23,1,9,7,11,15],[21,17,1,13,5,23,9,7,11,15],[21,1,9,17,5,23,13,7,11,15],[9,13,1,21,17,5,23,7,11,15],[21,17,13,1,9,5,23,7,11,15],[17,5,1,9,13,21,7],[17,5,9,21,23,13,1,7,11,15],[13,1,21,9,5,7,17],[21,1,13,5,7,9,17],[1,5,13,17,21,7,9],[9,13,5,1,17,21,23,7,11,15],[5,17,1,9,21,23,13,7,11,15],[9,1,5,17,21,7,13],[9,17,1,21,5,23,13,7,11,15],[21,9,13,5,7,17,1],[1,9,21,17,13,5,7],[21,13,17,1,5,23,9,7,11,15],[1,9,13,21,5,23,17,7,11,15],[21,17,1,13,9,5,7],[21,1,9,13,5,23,17,7,11,15],[21,5,23,13,9,1,17,7,11,15],[21,13,9,5,23,1,17,7,11,15],[5,1,21,7,9,17,13],[21,5,23,1,17,13,9,7,11,15],[9,5,13,17,21,7,1],[21,5,23,17,1,13,9,7,11,15],[17,5,9,21,7,1,13],[1,9,21,5,23,17,13,7,11,15],[1,17,5,9,21,7,13],[17,13,21,1,5,23,9,7,11,15],[1,5,21,23,9,13,17,7,11,15],[17,21,13,9,5,23,1,7,11,15],[5,17,13,21,7,9,1],[1,5,21,23,13,17,9,7,11,15],[17,13,1,21,9,5,23,7,11,15],[21,5,23,9,17,1,13,7,11,15],[21,1,5,7,13,9,17],[17,13,5,21,23,1,9,7,11,15],[1,9,13,5,17,21,7],[9,17,13,5,21,23,1,7,11,15],[17,21,5,23,13,9,1,7,11,15],[9,17,21,5,23,13,1,7,11,15],[1,13,21,5,7,9,17],[17,13,1,9,5,21,23,7,11,15],[1,21,13,5,23,17,9,7,11,15],[1,17,13,9,21,5,7],[21,13,17,1,9,5,23,7,11,15],[9,21,17,5,7,13,1],[9,5,1,21,23,17,13,7,11,15],[17,9,1,13,21,5,7],[1,21,5,23,9,13,17,7,11,15],[17,9,5,13,21,23,1,7,11,15],[5,1,21,7,17,13,9],[21,9,13,17,1,5,7],[13,5,17,21,7,1,9],[1,21,5,7,13,9,17],[9,5,17,13,1,21,23,7,11,15],[9,21,13,1,17,5,7],[5,1,17,21,7,13,9],[13,9,17,5,1,21,23,7,11,15],[5,13,1,9,17,21,23,7,11,15],[21,13,9,1,5,23,17,7,11,15],[1,5,13,17,9,21,23,7,11,15],[13,5,17,9,21,23,1,7,11,15],[13,21,17,5,23,1,9,7,11,15],[9,1,21,13,17,5,23,7,11,15],[5,13,1,21,7,17,9],[13,1,17,21,5,7,9],[9,21,5,23,13,1,17,7,11,15],[17,9,21,13,5,7,1],[5,21,23,1,13,17,9,7,11,15],[5,1,17,13,21,7,9],[5,17,9,21,23,1,13,7,11,15],[5,9,21,7,13,1,17],[9,21,17,1,5,23,13,7,11,15],[5,9,13,1,17,21,23,7,11,15],[17,9,1,13,5,21,7],[1,5,21,7,9,17,13],[1,21,9,17,13,5,23,7,11,15],[1,5,17,21,7,9,13],[1,17,21,5,7,9,13],[5,9,17,1,21,7,13],[13,5,9,1,21,23,17,7,11,15],[5,17,21,23,13,1,9,7,11,15],[1,5,13,17,21,7,9],[5,13,1,21,23,9,17,7,11,15],[9,1,13,5,21,7,17],[17,9,5,1,21,7,13],[9,17,21,13,5,23,1,7,11,15],[21,1,17,9,5,7,13],[1,17,5,9,13,21,23,7,11,15],[1,13,9,5,21,23,17,7,11,15],[17,21,13,5,23,9,1,7,11,15],[17,21,9,13,5,7,1],[21,17,1,13,5,23,9,7,11,15],[1,9,21,13,5,23,17,7,11,15],[5,17,21,23,9,1,13,7,11,15],[9,13,21,5,7,17,1],[9,17,21,13,1,5,23,7,11,15],[17,9,1,13,5,21,23,7,11,15],[21,5,7,13,1,9,17],[1,13,5,17,21,7,9],[5,1,9,17,21,7,13],[5,9,21,23,1,13,17,7,11,15],[9,5,21,23,17,13,1,7,11,15],[9,21,17,5,23,13,1,7,11,15],[5,13,17,21,7,9,1],[21,5,23,13,9,17,1,7,11,15],[13,17,1,21,9,5,23,7,11,15],[1,21,13,9,17,5,7],[5,9,17,1,21,7,13],[21,1,13,9,5,7,17],[1,9,5,17,21,23,13,7,11,15],[21,17,1,13,9,5,7],[5,17,21,7,13,9,1],[1,9,17,5,21,23,13,7,11,15],[13,9,17,21,5,7,1],[1,13,17,9,5,21,7],[5,13,1,21,7,17,9],[13,9,5,17,21,23,1,7,11,15],[9,5,21,7,17,13,1],[5,9,1,17,13,21,7],[21,13,1,9,17,5,7],[5,13,17,1,9,21,23,7,11,15],[13,5,1,17,9,21,23,7,11,15],[17,5,13,9,1,21,7],[13,17,1,5,9,21,7],[13,17,21,1,5,7,9],[17,13,9,1,5,21,23,7,11,15],[9,17,5,13,21,7,1],[1,21,17,5,23,13,9,7,11,15],[1,5,13,17,21,23,9,7,11,15],[13,9,1,21,5,7,17],[9,21,5,7,17,13,1],[5,9,1,17,13,21,7],[5,21,23,9,17,1,13,7,11,15],[21,17,5,23,13,1,9,7,11,15],[21,5,23,13,9,1,17,7,11,15],[17,1,13,5,9,21,7],[1,21,17,13,5,23,9,7,11,15],[5,21,7,13,9,17,1],[5,13,17,9,21,7,1],[21,1,9,13,17,5,23,7,11,15],[13,9,5,17,21,7,1],[17,21,5,7,13,9,1],[1,5,9,13,21,23,17,7,11,15],[5,1,13,17,9,21,23,7,11,15],[9,5,17,1,13,21,23,7,11,15],[5,1,17,9,21,7,13],[5,17,9,21,23,13,1,7,11,15],[9,13,21,17,1,5,23,7,11,15],[5,13,1,17,9,21,7],[1,13,9,5,21,23,17,7,11,15],[17,13,5,21,23,9,1,7,11,15],[17,1,5,9,21,7,13],[9,21,13,5,7,1,17],[9,17,1,5,21,23,13,7,11,15],[13,21,1,9,17,5,7],[1,21,9,13,5,7,17],[9,17,21,5,23,1,13,7,11,15],[21,1,17,9,13,5,7],[17,13,1,9,5,21,23,7,11,15],[13,5,9,1,21,23,17,7,11,15],[5,1,13,21,23,9,17,7,11,15],[5,1,9,13,17,21,23,7,11,15],[9,17,21,1,13,5,23,7,11,15],[1,17,21,13,9,5,23,7,11,15],[5,9,17,21,7,1,13],[13,21,1,17,5,7,9],[5,13,9,1,17,21,23,7,11,15],[17,13,9,1,5,21,23,7,11,15],[21,1,17,5,23,9,13,7,11,15],[1,9,13,5,21,7,17],[1,9,5,17,21,7,13],[5,21,7,1,17,9,13],[21,1,5,7,9,13,17],[21,9,1,5,7,17,13],[13,9,17,5,21,7,1],[17,21,1,9,13,5,7],[5,13,21,7,1,9,17],[9,13,1,17,21,5,7],[13,1,5,9,21,23,17,7,11,15],[5,21,23,13,17,9,1,7,11,15],[5,1,9,21,23,17,13,7,11,15],[5,9,1,17,13,21,23,7,11,15],[17,13,9,1,21,5,7],[21,17,9,1,5,23,13,7,11,15],[17,13,9,21,5,23,1,7,11,15],[1,17,13,21,5,7,9],[9,13,17,1,21,5,23,7,11,15],[5,1,9,21,23,13,17,7,11,15],[21,13,9,17,5,7,1],[9,17,1,21,13,5,23,7,11,15],[17,21,1,5,23,9,13,7,11,15],[21,5,23,13,1,17,9,7,11,15],[9,5,21,23,13,17,1,7,11,15],[5,17,1,13,9,21,7],[1,21,17,13,5,7,9],[17,21,5,23,1,13,9,7,11,15],[21,13,5,23,1,9,17,7,11,15],[17,5,13,21,7,1,9],[9,5,13,17,1,21,23,7,11,15],[9,13,5,1,17,21,7],[9,1,21,17,5,7,13],[1,5,9,17,21,7,13],[9,1,5,21,23,13,17,7,11,15],[17,1,13,9,21,5,7],[9,13,1,5,17,21,23,7,11,15],[21,5,23,17,1,9,13,7,11,15],[13,21,9,17,5,23,1,7,11,15],[17,21,5,23,9,13,1,7,11,15],[17,1,21,9,5,23,13,7,11,15],[13,5,21,23,1,17,9,7,11,15],[21,9,17,1,13,5,23,7,11,15],[9,1,5,13,21,23,17,7,11,15],[1,13,17,21,5,23,9,7,11,15],[17,5,1,9,21,7,13],[1,13,5,17,9,21,23,7,11,15],[17,21,13,5,23,9,1,7,11,15],[5,9,21,23,17,1,13,7,11,15],[5,1,9,13,21,7,17],[1,13,5,9,17,21,23,7,11,15],[17,21,5,23,9,13,1,7,11,15],[13,21,1,17,5,7,9],[13,17,21,1,5,7,9],[17,9,1,5,13,21,7],[5,13,21,7,9,17,1],[13,1,21,9,17,5,7],[17,9,5,1,13,21,7],[5,1,21,7,17,13,9],[5,21,23,17,9,1,13,7,11,15],[17,13,21,5,23,9,1,7,11,15],[1,9,21,13,17,5,23,7,11,15],[1,9,21,5,7,17,13],[5,21,7,1,17,13,9],[13,5,9,1,17,21,7],[13,5,21,23,1,9,17,7,11,15],[1,9,5,21,23,13,17,7,11,15],[9,5,21,7,17,1,13],[21,9,5,7,1,13,17],[1,9,13,5,17,21,7],[17,5,13,9,21,23,1,7,11,15],[5,13,21,7,9,1,17],[1,13,9,5,17,21,7],[17,13,21,9,1,5,7],[5,21,7,13,17,9,1],[9,5,21,23,1,13,17,7,11,15],[21,1,17,13,5,23,9,7,11,15],[21,17,9,5,23,13,1,7,11,15],[1,21,13,9,17,5,23,7,11,15],[9,1,13,5,21,7,17],[17,21,1,13,9,5,7],[13,1,9,5,21,23,17,7,11,15],[13,5,9,1,17,21,7],[13,17,5,1,21,23,9,7,11,15],[13,1,17,21,9,5,23,7,11,15],[21,1,17,13,9,5,7],[9,17,13,5,1,21,23,7,11,15],[1,5,21,7,17,9,13],[21,13,17,1,5,23,9,7,11,15],[21,9,1,13,5,23,17,7,11,15],[17,21,5,7,9,1,13],[1,9,17,21,5,7,13],[17,5,9,21,7,13,1],[13,21,1,5,23,17,9,7,11,15],[13,17,9,5,21,23,1,7,11,15],[13,5,1,21,7,9,17],[9,17,1,21,5,23,13,7,11,15],[17,5,9,13,1,21,23,7,11,15],[9,5,1,13,21,7,17],[13,5,9,17,21,23,1,7,11,15],[13,1,17,5,21,23,9,7,11,15],[13,21,5,23,9,1,17,7,11,15],[9,21,1,17,13,5,7],[5,9,21,23,1,13,17,7,11,15],[9,13,17,1,21,5,23,7,11,15],[17,9,21,5,7,1,13],[9,5,21,7,13,1,17],[5,21,7,1,17,13,9],[21,9,17,1,5,23,13,7,11,15],[9,17,5,1,13,21,23,7,11,15],[17,1,13,5,21,23,9,7,11,15],[1,21,13,5,23,17,9,7,11,15],[9,1,5,13,17,21,23,7,11,15],[1,9,17,21,5,7,13],[21,13,5,7,1,17,9],[21,17,1,9,13,5,7],[21,9,5,7,17,1,13],[5,1,17,9,21,23,13,7,11,15],[17,5,1,9,13,21,23,7,11,15],[17,13,9,21,1,5,23,7,11,15],[17,1,9,13,5,21,23,7,11,15],[17,21,1,5,7,9,13],[1,9,17,5,13,21,7],[9,5,13,17,1,21,23,7,11,15],[1,17,9,5,13,21,7],[9,17,1,5,13,21,23,7,11,15],[21,13,1,17,9,5,23,7,11,15],[9,13,17,5,1,21,7],[13,1,17,21,5,23,9,7,11,15],[5,9,21,7,17,13,1],[13,21,5,7,9,1,17],[21,5,7,9,17,1,13],[9,13,21,1,5,7,17],[13,17,1,9,21,5,23,7,11,15],[21,5,23,9,17,1,13,7,11,15],[1,9,21,17,13,5,7],[17,1,5,21,7,13,9],[13,1,17,21,9,5,7],[13,9,1,17,21,5,7],[5,13,9,21,23,1,17,7,11,15],[17,1,9,5,13,21,7],[17,9,13,5,1,21,7],[1,13,17,9,21,5,23,7,11,15],[21,17,13,1,5,7,9],[9,13,1,5,17,21,7],[21,9,1,13,5,7,17],[9,5,13,17,21,7,1],[17,1,5,21,7,13,9],[13,17,21,9,1,5,7],[1,5,9,13,17,21,23,7,11,15],[9,21,13,1,5,23,17,7,11,15],[21,5,23,17,13,1,9,7,11,15],[1,21,13,17,5,7,9],[9,5,21,23,17,13,1,7,11,15],[17,1,5,13,9,21,7],[1,21,9,17,13,5,23,7,11,15],[9,13,5,1,17,21,7],[21,17,5,7,1,13,9],[17,21,5,7,1,9,13],[9,13,1,17,21,5,7],[21,13,9,5,23,1,17,7,11,15],[13,17,1,21,9,5,7],[9,21,1,17,5,7,13],[5,1,13,21,23,17,9,7,11,15],[1,5,21,7,13,17,9],[1,21,5,7,17,9,13],[1,21,13,9,5,7,17],[1,21,9,5,7,13,17],[1,13,17,21,9,5,23,7,11,15],[21,9,17,5,23,1,13,7,11,15],[13,1,9,5,21,23,17,7,11,15],[5,1,17,21,23,9,13,7,11,15],[13,9,21,1,17,5,7],[9,13,1,5,17,21,7],[17,1,5,21,7,13,9],[13,9,17,21,1,5,7],[21,9,1,17,13,5,7],[13,9,1,5,21,7,17],[13,17,5,9,21,23,1,7,11,15],[5,21,23,1,17,13,9,7,11,15],[1,17,21,5,23,9,13,7,11,15],[1,17,9,21,5,7,13],[21,13,1,5,23,9,17,7,11,15],[5,9,13,17,21,7,1],[17,1,9,5,21,7,13],[13,9,17,21,1,5,7],[13,5,9,21,23,17,1,7,11,15],[5,1,21,23,9,13,17,7,11,15],[21,5,7,1,13,17,9],[21,9,17,1,5,23,13,7,11,15],[13,21,5,7,1,17,9],[5,13,17,21,7,1,9],[1,9,13,5,17,21,7],[17,1,21,13,5,7,9],[5,21,7,13,1,9,17],[1,5,17,13,9,21,7],[5,9,1,13,17,21,23,7,11,15],[1,21,13,9,17,5,23,7,11,15],[17,1,9,13,21,5,7],[1,21,9,13,5,23,17,7,11,15],[21,9,13,5,23,17,1,7,11,15],[13,5,17,1,21,7,9],[9,1,21,5,23,13,17,7,11,15],[9,5,17,1,21,7,13],[9,13,1,5,17,21,23,7,11,15],[17,9,1,21,13,5,23,7,11,15],[5,9,13,17,1,21,7],[13,5,17,9,1,21,7],[17,21,5,23,9,13,1,7,11,15],[9,17,1,5,13,21,23,7,11,15],[1,9,13,21,5,7,17],[5,1,9,17,13,21,7],[5,9,1,21,7,17,13],[17,9,1,21,13,5,23,7,11,15],[21,5,7,1,13,9,17],[5,21,23,9,13,1,17,7,11,15],[1,21,9,13,17,5,7],[21,9,5,23,17,1,13,7,11,15],[13,5,21,7,9,17,1],[13,1,21,9,17,5,7],[13,5,17,1,9,21,23,7,11,15],[21,17,9,13,5,23,1,7,11,15],[21,17,1,5,7,9,13],[1,17,13,9,5,21,7],[13,1,9,5,17,21,23,7,11,15],[1,17,21,13,5,7,9],[9,17,5,13,1,21,7],[13,17,5,9,1,21,23,7,11,15],[21,1,13,9,5,7,17],[13,21,17,1,5,7,9],[21,1,13,17,9,5,7],[13,9,21,5,23,17,1,7,11,15],[21,17,1,13,9,5,7],[21,9,1,5,7,17,13],[1,13,17,21,5,23,9,7,11,15],[21,17,13,5,23,9,1,7,11,15],[5,13,9,21,23,1,17,7,11,15],[13,9,21,5,7,17,1],[13,1,9,21,17,5,23,7,11,15],[5,13,1,17,21,7,9],[9,17,5,1,21,23,13,7,11,15],[17,13,21,5,23,9,1,7,11,15],[5,21,7,1,13,17,9],[17,21,5,23,9,13,1,7,11,15],[9,13,17,21,1,5,7],[13,1,5,9,21,7,17],[21,13,17,1,5,23,9,7,11,15],[21,1,17,13,9,5,23,7,11,15],[13,9,5,21,23,1,17,7,11,15],[21,9,17,5,23,13,1,7,11,15],[13,17,9,21,5,7,1],[17,13,21,9,1,5,7],[9,17,21,5,7,1,13],[13,1,17,5,9,21,7],[1,9,21,13,17,5,7],[17,21,9,5,23,1,13,7,11,15],[5,17,13,9,21,23,1,7,11,15],[21,5,7,17,1,9,13],[21,13,17,5,7,1,9],[17,1,5,21,7,13,9],[9,1,17,13,5,21,23,7,11,15],[17,21,5,7,9,1,13],[21,1,17,13,5,7,9],[21,5,7,13,17,1,9],[13,21,5,23,1,17,9,7,11,15],[17,9,1,13,21,5,23,7,11,15],[5,17,1,21,7,9,13],[17,9,13,21,1,5,23,7,11,15],[21,9,13,5,7,17,1],[1,9,5,13,17,21,23,7,11,15],[21,17,5,23,1,13,9,7,11,15],[17,9,21,5,23,13,1,7,11,15],[1,21,13,9,17,5,23,7,11,15],[9,5,21,23,13,17,1,7,11,15],[21,9,5,23,17,1,13,7,11,15],[5,1,13,17,9,21,7],[17,9,21,1,13,5,7],[5,17,13,21,23,1,9,7,11,15],[17,21,9,1,13,5,23,7,11,15],[1,5,17,21,7,9,13],[13,5,9,1,17,21,23,7,11,15],[9,5,17,21,7,13,1],[17,1,13,9,21,5,7],[1,9,17,21,13,5,23,7,11,15],[1,9,13,5,17,21,7],[17,1,21,13,5,7,9],[1,17,5,9,13,21,23,7,11,15],[5,9,17,21,23,13,1,7,11,15],[9,13,21,5,23,1,17,7,11,15],[21,9,13,17,1,5,7],[5,1,21,7,13,17,9],[9,21,17,13,5,23,1,7,11,15],[17,1,9,13,5,21,23,7,11,15],[21,13,17,9,5,7,1],[21,17,5,7,13,9,1],[5,21,23,1,9,13,17,7,11,15],[21,17,1,9,13,5,23,7,11,15],[21,13,9,1,5,23,17,7,11,15],[17,21,9,5,23,1,13,7,11,15],[5,21,7,1,13,9,17],[21,1,5,23,9,17,13,7,11,15],[17,21,9,1,5,23,13,7,11,15],[5,17,21,23,13,9,1,7,11,15],[17,5,1,13,21,7,9],[1,9,5,21,23,13,17,7,11,15],[21,1,13,5,7,17,9],[17,1,21,5,7,9,13],[5,1,21,23,13,17,9,7,11,15],[5,9,17,1,21,7,13],[21,17,13,1,9,5,7],[13,5,9,17,1,21,23,7,11,15],[5,13,1,21,23,17,9,7,11,15],[5,21,23,1,13,17,9,7,11,15],[1,17,5,13,21,23,9,7,11,15],[9,17,21,13,5,7,1],[1,5,21,23,9,13,17,7,11,15],[5,1,21,23,13,17,9,7,11,15],[17,5,9,21,7,13,1],[1,21,17,13,9,5,23,7,11,15],[21,1,17,13,5,7,9],[17,13,5,1,9,21,7],[1,21,17,13,9,5,23,7,11,15],[1,13,5,17,9,21,7],[9,13,21,5,23,1,17,7,11,15],[9,5,13,17,1,21,23,7,11,15],[13,5,17,1,9,21,23,7,11,15],[13,9,17,21,1,5,23,7,11,15],[21,13,5,7,17,1,9],[1,9,13,21,17,5,23,7,11,15],[9,13,21,1,17,5,23,7,11,15],[17,13,1,21,9,5,7],[13,1,21,9,5,23,17,7,11,15],[17,9,1,5,21,7,13],[1,9,5,13,17,21,23,7,11,15],[5,1,17,21,23,13,9,7,11,15],[21,1,13,9,17,5,7],[13,1,9,17,21,5,23,7,11,15],[1,5,21,23,13,9,17,7,11,15],[17,13,9,21,5,23,1,7,11,15],[5,17,9,21,23,1,13,7,11,15],[9,13,5,1,17,21,7],[9,17,13,1,5,21,7],[21,17,1,5,7,13,9],[9,5,1,17,13,21,7],[17,13,5,21,23,9,1,7,11,15],[1,17,13,21,5,7,9],[5,1,17,13,21,23,9,7,11,15],[17,21,13,1,5,23,9,7,11,15],[21,9,1,13,17,5,23,7,11,15],[1,5,21,23,17,13,9,7,11,15],[9,1,5,21,23,13,17,7,11,15],[17,13,9,1,5,21,7],[5,17,1,9,21,23,13,7,11,15],[13,5,21,7,1,17,9],[5,17,9,13,21,7,1],[21,17,9,13,1,5,7],[13,5,17,21,7,9,1],[5,21,23,9,17,1,13,7,11,15],[1,17,5,13,9,21,23,7,11,15],[21,9,17,13,1,5,7],[1,5,17,21,23,13,9,7,11,15],[17,21,1,5,7,9,13],[21,9,5,7,13,1,17],[21,13,5,23,9,1,17,7,11,15],[9,17,13,5,1,21,7],[21,1,17,9,13,5,7],[1,13,9,17,5,21,7],[21,13,1,5,23,17,9,7,11,15],[17,5,13,9,21,23,1,7,11,15],[21,9,5,23,13,17,1,7,11,15],[13,1,21,9,17,5,7],[17,21,5,23,9,13,1,7,11,15],[13,17,9,21,5,7,1],[13,1,9,17,21,5,23,7,11,15],[13,9,21,5,23,1,17,7,11,15],[13,5,1,21,7,9,17],[9,17,21,13,5,7,1],[17,9,1,13,5,21,23,7,11,15],[17,1,9,5,13,21,23,7,11,15],[9,1,5,13,17,21,23,7,11,15],[21,5,7,9,13,1,17],[21,17,5,7,9,1,13],[21,5,23,9,1,13,17,7,11,15],[17,13,9,21,1,5,7],[1,13,5,21,7,9,17],[9,21,13,5,23,17,1,7,11,15],[5,9,1,13,17,21,23,7,11,15],[21,5,7,9,1,17,13],[1,17,9,21,5,23,13,7,11,15],[5,9,1,21,7,13,17],[9,21,1,13,5,23,17,7,11,15],[1,17,21,13,5,7,9],[13,1,21,17,9,5,23,7,11,15],[17,21,13,1,5,7,9],[5,21,23,17,9,13,1,7,11,15],[1,13,17,21,5,7,9],[9,21,1,17,5,7,13],[9,17,5,13,1,21,7],[5,17,13,21,7,1,9],[17,13,21,9,5,23,1,7,11,15],[1,13,9,21,17,5,23,7,11,15],[9,13,21,1,17,5,7],[9,13,21,1,17,5,23,7,11,15],[17,21,9,5,23,1,13,7,11,15],[5,1,17,9,13,21,23,7,11,15],[17,1,13,5,9,21,7],[17,5,13,9,21,7,1],[5,9,21,7,1,13,17],[21,5,23,13,17,9,1,7,11,15],[17,13,5,9,1,21,7],[5,1,9,13,21,7,17],[13,5,9,21,7,17,1],[1,13,21,17,9,5,23,7,11,15],[1,5,21,7,13,9,17],[13,5,21,23,1,9,17,7,11,15],[13,17,5,21,7,9,1],[13,5,9,21,7,1,17],[9,1,21,5,23,17,13,7,11,15],[1,9,13,5,21,7,17],[21,13,1,5,23,17,9,7,11,15],[9,21,13,5,7,1,17],[9,17,21,13,1,5,7],[13,9,1,21,5,23,17,7,11,15],[5,9,21,7,13,17,1],[13,21,5,23,1,17,9,7,11,15],[17,1,21,13,9,5,23,7,11,15],[1,21,9,13,17,5,7],[21,9,1,13,5,23,17,7,11,15],[5,9,1,13,21,7,17],[5,9,1,21,23,17,13,7,11,15],[5,13,1,17,21,7,9],[9,13,21,1,17,5,23,7,11,15],[21,17,1,9,5,23,13,7,11,15],[13,5,21,7,1,17,9],[21,5,23,9,17,1,13,7,11,15],[21,1,13,5,23,9,17,7,11,15],[9,5,21,23,17,13,1,7,11,15],[9,5,13,1,17,21,23,7,11,15],[1,17,13,5,9,21,7],[17,5,21,23,1,13,9,7,11,15],[9,17,21,13,1,5,7],[5,17,21,7,1,9,13],[13,21,9,5,23,17,1,7,11,15],[13,9,21,5,23,17,1,7,11,15],[9,17,1,21,5,7,13],[9,17,13,5,21,23,1,7,11,15],[21,1,5,23,17,9,13,7,11,15],[17,5,1,21,7,9,13],[21,5,23,17,13,1,9,7,11,15],[13,1,5,9,17,21,7],[17,21,5,23,13,1,9,7,11,15],[1,21,17,13,9,5,7],[5,21,7,9,13,1,17],[5,9,13,1,17,21,23,7,11,15],[5,9,21,23,13,17,1,7,11,15],[9,1,5,21,23,17,13,7,11,15],[5,13,21,23,9,17,1,7,11,15],[1,17,5,13,9,21,7],[9,21,13,17,1,5,7],[21,1,9,17,13,5,23,7,11,15],[9,17,13,21,1,5,7],[9,1,21,13,5,7,17],[21,5,23,17,13,1,9,7,11,15],[21,1,13,9,5,7,17],[21,17,1,5,7,9,13],[13,17,9,5,21,7,1],[21,17,5,23,1,9,13,7,11,15]],"n_human":3}