{"problem_id":"u7IBgyHnuPo3z1t","sigma":150,"alpha":3.162,"cost":1,"probabilities":"[0.26, 0.3, 0.11, 0.33]","payoff_matrix":"[[-128, -79, -114, -65, -190, 44], [90, 120, 233, 16, -181, -9], [127, 99, 57, -107, 11, -159], [20, 180, -97, 99, -183, -174]]","uncovered":[[8,12,4,20,24,16,14,6],[16,20,8,6,14,24,12,4],[24,8,16,14,6,20,4,12],[16,20,8,6,14,24,4,12],[4,20,8,12,24,16,6,14],[4,12,20,16,24,8,6,14],[4,20,16,12,24,8,6,14],[24,8,12,4,16,6,14,20],[4,20,8,16,6,14,24,12],[24,8,12,4,16,6,14,20],[12,24,20,4,16,8,14,6],[8,24,20,12,4,16,14,6],[20,8,12,24,4,16,6,14],[24,8,20,12,16,14,6,4],[8,20,24,12,16,6,14,4],[24,4,20,8,16,14,6,12],[12,20,16,8,6,14,24,4],[4,24,20,16,12,8,6,14],[8,12,24,16,6,14,20,4],[16,24,12,8,14,6,20,3,4,2,5,1],[20,16,12,8,14,6,24,4],[12,20,4,24,8,16,6,14],[12,24,20,16,4,8,14,6],[16,20,4,12,8,6,14,24],[20,8,4,24,16,14,6,12],[4,12,24,8,20,16,6,14],[8,16,6,14,12,24,4,20],[16,20,4,8,14,6,12,24],[16,20,4,24,12,8,14,6],[12,4,8,24,16,6,14,20],[4,24,20,12,16,8,14,6],[20,24,8,4,12,16,14,6],[8,16,14,6,12,20,2,4,24],[12,4,8,20,16,14,6,24],[16,12,8,6,14,4,20,24],[16,12,20,24,8,14,6,4],[4,20,24,16,8,14,6,12],[24,12,20,8,16,14,6,4],[20,16,12,4,8,14,6,24],[8,20,16,6,14,12,24,4],[16,4,8,6,14,20,12,24],[8,24,4,20,12,16,14,6],[20,4,24,12,8,16,14,6],[4,12,20,16,24,8,14,6],[20,4,16,24,12,8,14,6],[20,8,12,4,16,14,6,24],[20,8,12,24,16,6,14,2,4],[20,12,4,8,24,16,14,6],[8,16,6,14,20,4,10,12,24,2,13],[4,24,8,12,20,16,14,6],[4,12,20,16,8,14,6,24],[24,4,8,12,16,6,14,20],[24,8,16,6,14,20,4,12],[16,8,14,6,12,4,20,24],[16,20,8,6,14,4,12,24],[8,12,24,4,16,6,14,20],[4,8,16,14,6,20,24,12],[24,8,20,12,16,6,14,4],[12,20,8,16,14,6,24,4],[4,16,8,14,6,12,24,20],[20,4,24,12,16,8,14,6],[8,20,24,12,16,6,14,4],[24,16,4,20,12,8,14,6],[4,20,8,24,16,6,14,12],[4,16,12,8,14,6,20,24],[16,4,8,14,6,12,20,24],[16,4,12,24,20,8,14,6],[24,12,8,4,16,6,14,20],[12,16,24,8,14,6,4,20],[16,4,24,8,14,6,12,20],[20,12,4,24,16,8,14,6],[4,20,24,12,16,8,14,6],[4,12,20,8,24,16,14,6],[12,4,20,8,16,6,14,24],[4,12,16,24,20,8,6,14],[20,4,8,12,16,14,6,24],[8,20,16,14,6,4,24,12],[20,4,8,24,12,16,6,14],[8,12,16,6,14,20,4,24],[12,24,8,16,6,14,4,20],[8,24,16,14,6,4,10,12,20,5,9,13],[16,20,24,8,6,14,4,12],[8,24,16,6,14,20,4,12],[4,20,8,12,16,14,6,24],[8,24,20,16,6,14,12,4],[8,24,20,4,12,16,14,6],[24,8,4,20,16,14,6,12],[8,4,12,24,16,14,6,20],[24,12,20,16,4,8,6,14],[20,12,16,8,14,6,24,4],[4,16,24,12,20,8,6,14],[20,4,12,24,16,8,14,6],[12,24,4,8,16,14,6,20],[12,4,8,24,20,16,14,6],[12,16,20,4,24,8,6,14],[12,20,24,8,16,14,6,4],[16,8,6,14,20,22,12,4,2,13],[12,16,8,6,14,24,20,4],[8,16,6,14,20,4,12,24],[8,4,12,24,20,16,14,6],[8,24,12,16,6,14,20,4],[24,8,20,12,16,14,6,4],[8,24,20,4,16,6,14,12],[16,8,14,6,9,4,20,24],[16,24,12,8,6,14,4,20],[20,4,16,24,8,6,14,12],[24,4,12,16,8,14,6,20],[4,12,20,24,8,16,6,14],[12,20,24,8,4,16,6,14],[16,24,4,20,8,6,14,12],[24,12,8,4,16,14,6,20],[20,16,12,4,24,8,14,6],[16,8,14,6,12,4,24,20],[4,8,24,12,16,6,14,20],[16,12,24,20,4,8,14,6],[8,16,6,14,12,4,20,24],[24,4,8,20,16,14,6,12],[24,12,8,4,20,16,14,6],[16,20,8,6,14,24,12,4],[4,20,12,16,24,8,6,14],[12,24,16,8,6,14,4,20],[16,4,24,12,20,8,6,14],[16,24,20,4,8,6,14,12],[4,24,8,16,6,14,20,12],[24,4,8,20,12,16,6,14],[24,12,20,16,8,6,14,4],[12,8,16,14,6,20,24,4],[12,8,24,16,14,6,4,20],[12,20,24,4,8,16,14,6],[4,8,12,20,24,16,14,6],[16,24,4,20,12,8,14,6],[12,8,4,16,6,14,20,24],[16,20,12,4,24,8,6,14],[12,20,24,8,16,6,14,4],[12,16,24,20,4,8,14,6],[12,4,24,16,20,8,14,6],[8,16,14,6,12,24,4,20],[12,16,4,8,14,6,20,24],[20,12,16,8,14,6,4,24],[8,20,4,16,6,14,24,12],[20,16,24,12,4,8,14,6],[12,24,4,8,20,16,14,6],[4,12,20,16,24,8,14,6],[20,8,16,6,14,4,24,12],[12,20,24,4,16,8,6,14],[24,12,16,4,8,6,14,20],[24,8,20,12,16,6,14,4],[4,12,20,24,16,8,6,14],[4,8,24,12,20,16,14,6],[24,12,4,20,16,8,14,6],[12,16,4,20,24,8,6,14],[20,4,24,16,12,8,6,14],[16,20,8,14,6,12,4,24],[16,4,24,20,8,14,6,12],[20,4,16,8,14,6,24,12],[20,4,16,24,12,8,6,14],[12,4,8,20,16,6,14,24],[20,8,12,4,16,14,6,24],[16,4,20,8,6,14,24,12],[4,16,12,8,6,14,20,24],[24,12,8,4,20,16,14,6],[4,24,20,12,8,16,6,14],[4,12,16,8,14,6,20,24],[4,8,16,6,14,12,20,24],[24,16,4,8,14,6,20,12],[16,24,20,4,8,14,6,12],[8,16,14,6,12,24,4,20],[4,8,24,16,6,14,12,18],[12,20,8,16,6,14,24,4],[12,4,20,16,8,6,14,24],[20,8,4,24,16,6,14,12],[8,4,24,20,12,16,14,6],[24,16,20,4,8,6,14,12],[8,4,16,6,14,12,24,20],[16,24,12,8,6,14,4,20],[12,4,8,20,16,6,14,24],[16,8,6,14,12,4,20,24],[24,8,12,20,16,14,6,4],[8,24,16,6,14,20,12,4],[24,16,12,8,6,14,20,4],[24,20,12,8,16,14,6,4],[4,12,8,16,14,6,24,20],[20,8,12,4,16,6,14,24],[20,4,16,24,12,8,14,6],[24,12,4,16,20,8,14,6],[20,8,16,14,6,12,24,4],[4,24,8,12,16,14,6,20],[24,16,8,6,14,4,12,20],[12,20,4,16,24,8,6,14],[12,20,24,4,16,8,6,14],[4,16,12,8,6,14,24,20],[24,8,4,12,16,14,6,20],[12,4,8,16,6,14,20,24],[4,12,8,16,6,14,24,20],[16,12,20,24,4,8,14,6],[12,4,20,16,8,6,14,24],[4,12,24,16,8,6,14,20],[24,4,20,16,8,14,6,12],[24,16,20,8,6,14,12,4],[24,16,8,6,14,4,12,20],[16,4,24,12,20,8,6,14],[4,16,8,6,14,12,22,20,13],[8,20,16,6,14,24,4,12],[16,4,20,12,8,14,6,24],[8,16,14,6,24,12,4,20],[20,16,12,4,8,14,6,24],[16,24,8,6,14,10,12,4,20,5,9,13],[4,16,24,8,14,6,20,12],[20,8,16,14,6,4,24,12],[16,20,8,14,6,12,4,24],[4,24,16,20,12,8,6,14],[16,24,20,4,12,8,14,6],[16,20,4,8,6,14,10,12,24,2,9],[20,4,24,8,12,16,14,6],[16,4,24,12,20,8,14,6],[24,20,8,12,4,16,14,6],[12,24,16,4,8,6,14,20],[24,12,8,16,6,14,4,20],[12,4,8,24,16,14,6,20],[24,8,20,12,16,6,14,4],[4,12,24,16,20,8,14,6],[16,12,24,8,6,14,4,20],[20,24,4,16,8,6,14,12],[4,12,24,8,16,6,14,20],[12,8,20,4,16,6,14,24],[8,20,16,6,14,2,4,12,24],[4,20,8,16,14,6,24,12],[24,12,20,16,4,8,14,6],[20,24,8,12,16,14,6,4],[20,24,8,16,14,6,12,4],[24,8,4,12,16,6,14,20],[12,16,20,24,4,8,14,6],[8,16,14,6,24,4,20,12],[12,20,8,16,14,6,24,4],[4,24,8,12,16,6,14,20],[20,24,8,12,4,16,14,6],[12,20,8,24,16,14,6,4],[20,4,8,12,16,6,14,24],[24,16,20,4,12,8,14,6],[20,12,16,4,24,8,14,6],[16,20,8,6,14,4,12,24],[24,8,4,12,16,14,6,20],[24,12,8,20,4,16,14,6],[12,4,16,24,8,14,6,20],[20,4,24,16,12,8,14,6],[4,20,8,24,12,16,14,6],[8,12,16,14,6,4,20,24],[16,20,8,6,14,12,4,24],[24,20,4,8,12,16,14,6],[8,24,4,20,12,16,6,14],[20,4,24,8,12,16,14,6],[16,20,12,4,8,6,14,24],[20,8,24,12,16,14,6,4],[8,12,20,4,16,6,14,24],[24,20,12,4,16,8,14,6],[16,4,20,8,6,14,24,12],[8,16,14,6,4,20,24,12],[16,12,20,24,8,6,14,4],[24,20,4,16,12,8,14,6],[8,20,16,14,6,4,12,24],[4,24,12,16,20,8,14,6],[12,24,8,16,14,6,4,20],[16,4,24,12,20,8,6,14],[12,16,24,20,4,8,6,14],[20,16,8,14,6,4,12,24],[20,24,4,8,16,6,14,12],[24,12,16,8,6,14,20,4],[8,20,16,6,14,24,12,4],[12,16,20,4,8,14,6,24],[24,16,4,8,6,14,12,20],[20,12,4,8,24,16,6,14],[8,24,20,16,6,14,12,2,4],[8,12,20,4,24,16,14,6],[8,4,20,16,14,6,24,12],[20,8,24,4,12,16,6,14],[12,8,24,4,16,6,14,20],[24,20,8,12,4,16,14,6],[12,8,20,24,4,16,6,14],[24,16,20,8,6,14,4,12],[4,24,8,12,20,16,6,14],[8,4,16,14,6,24,20,12],[16,8,6,14,20,24,12,4],[8,24,16,14,6,12,20,4],[4,12,8,16,6,14,24,20],[20,24,4,12,8,16,14,6],[24,8,4,16,14,6,12,20],[20,8,12,4,16,6,14,24],[12,24,8,4,16,14,6,20],[24,4,20,16,12,8,6,14],[12,24,4,20,8,16,14,6],[4,16,20,24,8,14,6,12],[24,8,12,4,16,6,14,20],[16,8,14,6,20,4,12,24],[8,24,12,16,6,14,20,4],[20,24,8,4,12,16,14,6],[8,20,12,24,4,16,14,6],[12,20,4,8,24,16,6,14],[24,4,20,12,8,16,14,6],[24,8,4,16,6,14,20,12],[16,20,8,6,14,4,24,12],[4,16,8,14,6,12,24,20],[8,4,20,16,14,6,24,11,12],[20,4,24,12,16,8,6,14],[24,8,4,16,14,6,20,12],[8,24,4,12,16,6,14,20],[16,24,12,20,8,14,6,4],[16,20,12,24,4,8,14,6],[16,12,4,20,24,8,6,14],[12,4,16,20,8,6,14,24],[24,4,16,20,12,8,6,14],[16,8,6,14,4,20,12,24],[12,4,16,20,8,14,6,24],[12,20,16,8,6,14,4,24],[12,16,20,24,8,14,6,4],[20,4,16,8,6,14,24,12],[12,20,8,24,4,16,14,6],[20,8,12,4,16,6,14,22,13],[4,12,24,16,8,6,14,20],[20,16,4,12,8,6,14,22,5,13,2,1],[8,20,12,4,24,16,6,14],[8,20,4,16,14,6,12,24],[8,12,24,16,14,6,4,20],[20,8,12,16,6,14,24,1],[16,8,6,14,10,12,22,20,4,5,9,13],[16,20,4,12,24,8,14,6],[24,12,20,16,4,8,14,6],[20,12,24,8,4,16,6,14],[8,24,4,12,20,16,6,14],[24,4,16,12,20,8,14,6],[20,4,12,8,16,14,6,24],[24,8,4,16,14,6,12,20],[12,4,20,8,24,16,14,6],[8,4,24,20,16,6,14,12],[8,4,20,24,16,14,6,12],[12,16,8,14,6,4,24,20],[16,4,20,24,12,8,14,6],[20,4,8,12,24,16,14,6],[16,4,24,20,8,14,6,12],[4,24,12,8,16,14,6,20],[24,8,4,20,12,16,6,14],[20,12,4,8,16,14,6,24],[16,12,8,14,6,20,24,4],[12,24,16,8,14,6,4,20],[8,12,20,24,4,16,14,6],[12,24,4,16,20,8,6,14],[20,4,24,16,12,8,14,6],[16,20,8,6,14,12,24,4],[8,24,12,4,20,16,6,14],[4,24,20,12,16,8,6,14],[8,4,16,14,6,12,24,20],[12,4,8,24,16,6,14,20],[24,8,4,20,12,16,6,14],[16,12,24,4,8,6,14,20],[20,4,16,8,14,6,24,12],[8,12,20,16,6,14,4,24],[8,12,24,4,20,16,14,6],[24,8,4,16,6,14,20,12],[12,8,20,4,24,16,14,6],[24,12,8,20,16,14,6,4],[24,16,4,8,6,14,20,12],[20,12,24,4,8,16,14,6],[8,20,4,12,16,6,14,24],[12,20,8,24,4,16,6,14],[12,20,16,24,4,8,14,6],[12,4,24,20,8,16,6,14],[20,12,16,8,6,14,24,4],[8,20,12,4,16,6,14,24],[16,8,14,6,4,24,12,20],[4,8,16,6,14,12,24,20],[16,20,12,4,24,8,6,14],[16,20,12,24,8,6,14,4],[24,4,20,16,12,8,14,6],[4,8,16,6,14,20,12,24],[16,4,24,12,20,8,6,14],[4,8,12,20,16,14,6,24],[20,4,24,12,8,16,6,14],[16,4,12,20,8,6,14,24],[12,20,24,4,8,16,14,6],[20,4,24,12,8,16,14,6],[24,8,12,4,16,6,14,20],[20,24,8,16,14,6,4,12],[16,24,8,14,6,4,12,20],[24,8,16,14,6,20,12,4],[4,12,16,24,8,6,14,20],[8,16,14,6,24,2,4,12,20],[4,16,8,14,6,20,24,12],[20,24,12,8,16,6,14,4],[20,4,8,24,16,14,6,12],[20,12,8,4,16,14,6,24],[20,12,4,8,16,6,14,22,5,13,2,1],[16,8,6,14,24,10,12,20,4,2,5,9,13],[4,8,12,20,24,16,14,6],[12,16,4,20,24,8,14,6],[16,20,12,8,6,14,4,24],[24,12,16,4,20,8,14,6],[20,16,4,24,12,8,6,14],[16,20,4,12,8,6,14,24],[16,12,4,20,8,14,6,24],[20,16,24,12,4,8,14,6],[16,20,8,14,6,12,4,24],[4,8,20,12,16,14,6,24],[16,20,8,14,6,24,12,4],[20,16,4,8,14,6,24,12],[16,24,4,20,12,8,6,14],[24,8,4,16,6,14,20,12],[8,4,12,20,24,16,14,6],[24,8,20,12,4,16,14,6],[8,12,24,4,16,6,14,20],[8,20,24,12,16,14,6,4],[12,4,24,16,20,8,6,14],[4,20,24,12,16,8,6,14],[12,20,8,24,16,14,6,4],[8,16,6,14,4,12,24,20],[12,20,24,8,16,6,14,4],[16,4,24,8,6,14,12,20],[4,16,8,6,14,24,20,12],[12,8,24,4,16,6,14,20],[8,12,20,16,14,6,4,24],[12,4,24,16,8,14,6,20],[16,20,12,8,14,6,24,4],[24,12,8,20,4,16,6,14],[20,8,12,4,16,14,6,22,2,13],[16,20,4,12,24,8,14,6],[24,8,20,16,14,6,4,12],[4,24,20,16,8,6,14,12],[8,16,6,14,20,24,12,4],[8,12,20,4,16,14,6,24],[24,12,4,8,20,16,6,14],[16,20,24,4,8,6,14,12],[24,20,16,8,14,6,4,12],[16,24,8,6,14,20,12,4],[4,20,24,8,16,6,14,12],[8,24,20,16,6,14,4,12],[12,16,24,20,8,6,14,4],[20,4,24,8,12,16,14,6],[12,16,20,24,4,8,6,14],[24,4,12,20,16,8,14,6],[8,16,14,6,24,4,20,12],[16,12,24,8,14,6,20,4],[4,20,8,12,16,6,14,24],[16,24,12,8,6,14,2,4,20],[16,24,20,8,6,14,12,4],[12,24,8,20,4,16,14,6],[20,4,24,16,12,8,14,6],[8,20,4,16,14,6,12,24],[16,20,24,4,12,8,14,6],[12,4,8,16,14,6,24,20],[16,8,6,14,4,12,20,24],[12,20,16,8,14,6,4,24],[8,20,12,24,4,16,6,14],[24,20,8,4,16,14,6,12],[4,16,20,8,14,6,12,24],[16,20,8,14,6,12,24,4],[4,12,16,20,24,8,6,14],[24,20,8,4,16,14,6,12],[20,8,24,12,16,6,14,4],[20,12,8,24,16,14,6,4],[24,8,20,16,6,14,12,4],[20,16,4,24,12,8,6,14],[8,24,4,20,12,16,14,6],[12,8,20,16,6,14,1,24],[16,4,8,6,14,24,12,20],[20,12,24,4,8,16,14,6],[4,24,8,20,16,14,6,12],[8,16,6,14,20,24,4,12],[24,8,12,16,14,6,4,20],[20,24,16,8,6,14,4,12],[8,20,16,14,6,4,12,24],[24,12,20,16,8,14,6,2,4],[8,20,16,14,6,24,4,12],[12,16,20,24,8,6,14,4],[20,8,16,14,6,12,4,24],[20,16,4,12,24,8,14,6],[4,24,16,12,8,14,6,20],[16,24,4,20,8,14,6,12],[24,4,8,20,12,16,6,14],[4,8,24,16,14,6,20,12],[24,4,16,8,14,6,12,20],[20,4,24,16,12,8,14,6],[12,16,8,14,6,4,24,20],[12,16,20,4,8,14,6,24],[12,16,24,4,8,14,6,20],[12,8,4,16,14,6,24,20],[20,24,16,8,14,6,12,4],[4,16,20,24,12,8,14,6],[4,24,8,20,16,6,14,12],[24,20,8,12,16,14,6,4],[4,20,16,24,8,14,6,12],[20,8,16,14,6,24,4,12],[24,8,12,20,16,14,6,4],[16,8,6,14,24,20,12,4],[16,24,20,8,6,14,4,12],[8,16,6,14,20,4,24,12],[16,24,4,12,20,8,6,14],[20,12,8,24,4,16,6,14],[8,4,16,14,6,20,24,12],[12,24,16,20,8,6,14,4],[16,20,8,6,14,12,4,24],[12,20,8,24,16,6,14,4],[20,4,12,8,16,14,6,24],[20,4,16,8,6,14,12,24],[12,16,24,8,14,6,20,4],[4,16,20,12,24,8,14,6],[8,20,12,24,4,16,6,14],[8,16,14,6,12,18,4,24],[24,4,20,12,8,16,14,6],[8,4,24,20,12,16,14,6],[16,24,8,14,6,12,20,4],[24,8,16,6,14,12,20,4],[8,16,14,6,20,12,24,4],[16,12,24,20,4,8,6,14],[16,24,8,6,14,20,4,12],[20,12,16,8,14,6,24,4],[24,16,20,8,6,14,4,12],[8,16,14,6,4,24,12,20],[8,4,16,14,6,24,12,20],[24,16,8,6,14,10,12,20,4,2,9],[24,8,20,4,16,14,6,12],[16,8,14,6,20,24,12,4],[16,20,4,12,8,14,6,24],[16,12,24,20,4,8,14,6],[12,4,24,8,16,6,14,20],[20,24,12,4,16,8,6,14],[12,8,20,16,14,6,4,24],[4,16,12,8,14,6,24,20],[12,8,4,20,24,16,14,6],[20,24,4,8,16,14,6,12],[24,12,8,20,16,14,6,4],[16,12,20,24,4,8,14,6],[24,16,8,14,6,20,12,4],[8,4,12,24,16,6,14,20],[12,8,20,4,24,16,6,14],[20,12,16,24,4,8,14,6],[20,16,12,4,8,6,14,24],[24,20,16,8,14,6,4,12],[4,8,16,6,14,20,12,22,2,5,13,1],[8,20,4,16,6,14,12,22,2,5,13,1],[8,16,14,6,20,4,12,24],[12,8,16,14,6,20,24,4],[20,8,24,4,16,6,14,12],[24,12,16,20,8,6,14,4],[8,16,6,14,24,12,4,20],[4,16,12,24,20,8,6,14],[24,12,20,16,8,14,6,4],[24,8,16,6,14,20,4,12],[12,20,24,4,8,16,6,14],[16,4,12,24,8,6,14,20],[8,20,4,16,6,14,12,24],[16,24,8,14,6,20,4,12],[16,8,6,14,4,12,20,24],[8,4,20,16,6,14,12,24],[20,8,16,14,6,4,12,24],[12,4,24,16,8,14,6,20],[4,12,20,8,16,14,6,24],[8,16,6,14,24,20,12,4],[4,20,8,16,14,6,12,24],[4,20,16,8,14,6,24,10,12,1],[8,20,12,16,6,14,24,4],[16,8,6,14,24,12,4,20],[16,24,20,12,8,6,14,4],[20,4,12,8,16,6,14,24],[8,12,20,16,6,14,4,24],[20,12,24,8,4,16,14,6],[4,16,12,24,20,8,6,14],[20,24,4,8,12,16,14,6],[20,24,8,4,12,16,14,6],[20,4,12,24,16,8,14,6],[20,4,12,24,16,8,14,6],[4,24,20,8,16,6,14,12],[4,16,20,24,12,8,6,14],[12,16,24,4,20,8,14,6],[16,8,14,6,12,20,24,4],[16,24,20,12,8,6,14,4],[8,24,12,16,6,14,20,4],[20,24,16,8,14,6,12,4],[12,8,16,6,14,24,20,4],[12,4,24,8,16,14,6,20],[4,24,20,8,16,6,14,12],[16,24,20,8,14,6,4,12],[16,12,24,8,14,6,4,20],[24,4,16,8,6,14,20,12],[12,4,20,24,16,8,14,6],[24,4,20,16,12,8,6,14],[24,8,12,4,16,14,6,20],[16,24,4,20,12,8,14,6],[4,12,8,24,20,16,14,6],[12,20,8,24,4,16,14,6],[4,20,24,16,8,6,14,12],[20,16,8,6,14,24,4,12],[8,4,24,16,6,14,20,10,12,9],[24,4,12,16,8,14,6,20],[4,24,12,16,20,8,14,6],[24,16,12,8,6,14,4,18],[20,4,8,16,6,14,12,24],[4,16,8,14,6,12,20,24],[20,8,12,24,16,14,6,4],[12,20,8,24,16,14,6,4],[20,24,12,16,4,8,14,6],[4,12,20,24,8,16,6,14],[12,8,20,24,16,6,14,4],[8,16,6,14,12,24,20,4],[24,8,4,12,20,16,6,14],[12,24,20,4,16,8,14,6],[20,12,24,16,8,6,14,4],[16,20,24,8,6,14,4,12],[16,8,14,6,24,4,20,12],[16,20,4,24,12,8,6,14],[4,8,20,24,12,16,14,6],[12,16,24,20,4,8,14,6],[16,8,6,14,12,4,24,20],[12,8,4,16,6,14,20,24],[8,4,24,12,20,16,14,6],[8,4,12,24,20,16,6,14],[16,4,24,12,20,8,14,6],[4,8,16,6,14,20,12,24],[8,16,6,14,20,24,4,12],[20,16,12,24,8,14,6,4],[16,24,12,20,4,8,6,14],[20,4,12,16,8,14,6,24],[16,8,6,14,4,24,12,17],[12,8,4,20,16,6,14,24],[20,4,16,12,8,14,6,24],[8,4,16,14,6,12,22,20,5,13,2,1],[20,12,4,16,24,8,6,14],[24,12,8,20,4,16,14,6],[16,20,24,4,12,8,14,6],[20,4,24,8,12,16,14,6],[20,8,4,16,6,14,12,24],[16,4,12,20,24,8,14,6],[20,12,16,8,14,6,4,24],[8,4,20,24,16,14,6,12],[16,24,4,8,14,6,20,12],[8,12,4,20,24,16,14,6],[16,4,20,24,8,6,14,12],[4,16,20,8,14,6,12,24],[16,8,6,14,20,10,12,24,4,9],[4,8,16,14,6,12,20,24],[24,8,12,4,16,14,6,20],[20,12,16,8,6,14,24,4],[12,8,24,4,16,14,6,18],[16,24,8,14,6,4,20,12],[20,24,16,8,6,14,4,12],[16,8,14,6,24,12,20,4],[20,24,16,8,14,6,4,12],[16,24,4,8,14,6,20,12],[16,8,14,6,12,20,24,4],[4,12,20,8,16,14,6,24],[16,20,24,12,4,8,6,14],[12,16,4,24,20,8,6,14],[16,4,8,14,6,20,12,24],[24,20,12,8,16,14,6,4],[20,8,12,16,14,6,24,4],[16,20,4,12,24,8,6,14],[4,16,24,20,8,6,14,12],[24,16,12,8,14,6,4,20],[24,20,8,12,4,16,6,14],[4,16,12,20,8,6,14,24],[24,8,20,16,6,14,4,12],[24,12,16,8,6,14,20,4],[8,24,4,16,14,6,20,12],[20,8,24,4,16,14,6,12],[20,8,16,14,6,12,24,4],[24,4,20,16,8,14,6,12],[20,4,24,8,16,14,6,12],[4,16,12,24,8,14,6,20],[12,16,4,24,20,8,14,6],[24,8,4,12,16,14,6,20],[12,20,4,8,24,16,6,14],[4,12,8,24,20,16,6,14],[8,12,4,24,20,16,6,14],[16,8,14,6,4,24,12,20],[24,4,16,8,14,6,12,20],[8,20,16,14,6,12,4,24],[20,8,4,12,24,16,6,14],[16,20,12,24,4,8,14,6],[8,4,20,24,16,6,14,12],[20,24,12,16,8,6,14,4],[20,24,12,8,4,16,14,6],[20,8,4,24,12,16,6,14],[8,24,12,4,16,6,14,20],[4,16,12,8,14,6,24,20],[8,16,14,6,4,24,20,12],[12,24,8,20,4,16,14,6],[4,24,16,12,20,8,14,6],[12,24,4,20,16,8,14,6],[12,20,24,4,16,8,14,6],[20,24,8,16,6,14,12,4],[20,12,24,16,4,8,6,14],[16,24,8,6,14,20,12,4],[24,12,20,8,4,16,6,14],[4,20,24,8,12,16,6,14],[8,20,24,4,12,16,14,6],[24,12,4,20,8,16,6,14],[4,24,20,8,12,16,6,14],[12,20,16,4,24,8,14,6],[16,4,20,24,12,8,14,6],[24,4,8,12,16,14,6,20],[8,12,24,4,16,14,6,20],[16,12,24,8,14,6,18,4],[16,4,8,6,14,12,24,20],[24,16,4,8,6,14,12,20],[16,8,14,6,4,24,12,20],[20,24,12,16,4,8,6,14],[12,24,20,8,4,16,14,6],[24,16,20,4,8,6,14,12],[16,20,4,24,8,14,6,12],[16,24,20,4,8,6,14,10,12,9],[12,4,24,8,16,6,14,20],[24,16,4,20,12,8,14,6],[12,20,8,4,16,6,14,24],[20,12,16,24,8,6,14,4],[8,4,12,16,6,14,20,24],[8,16,6,14,20,12,4,22,5,13,2,1],[8,16,14,6,24,10,12,20,4,5,9,13],[4,12,20,24,16,8,6,14],[4,20,12,8,24,16,6,14],[24,4,8,20,16,6,14,12],[12,20,8,16,14,6,4,22,2,5,13,1],[8,12,4,20,24,16,6,14],[16,4,20,12,24,8,14,6],[12,8,20,24,4,16,14,6],[8,4,24,12,20,16,14,6],[16,20,4,8,14,6,24,12],[16,4,24,12,20,8,6,14],[8,24,20,4,16,14,6,12],[4,16,20,24,8,6,14,12],[24,12,4,20,16,8,6,14],[16,12,8,6,14,20,4,24],[24,8,20,12,16,6,14,4],[16,8,14,6,24,4,20,12],[4,16,12,24,20,8,14,6],[16,8,6,14,20,22,12,4,2,13],[8,12,24,4,20,16,14,6],[20,16,8,14,6,12,24,4],[4,12,24,20,16,8,6,14],[20,12,8,4,24,16,6,14],[20,12,8,24,16,14,6,4],[24,8,20,16,14,6,4,12],[20,4,24,12,8,16,14,6],[8,4,24,20,12,16,6,14],[4,12,16,8,14,6,24,18],[4,8,20,24,16,14,6,12],[24,20,8,4,16,14,6,12],[20,12,4,16,8,14,6,24],[24,16,4,20,8,6,14,12],[20,4,8,16,14,6,24,12],[20,16,12,8,14,6,24,4],[12,16,24,20,8,6,14,4],[20,8,16,6,14,4,24,12],[16,4,12,8,14,6,24,20],[8,16,6,14,4,12,20,24],[16,4,8,14,6,24,20,12],[24,20,12,8,16,14,6,4],[12,4,8,24,20,16,6,14],[4,20,16,24,12,8,6,14],[16,8,6,14,4,22,12,20,2,5,13,1],[4,12,24,16,8,6,14,20],[4,8,20,24,12,16,6,14],[16,24,20,4,12,8,6,14],[4,16,12,24,8,14,6,20],[12,24,4,20,8,16,6,14],[8,16,6,14,12,24,2,4,20],[12,20,4,8,16,14,6,24],[12,24,20,16,4,8,6,14],[16,20,12,24,8,14,6,4],[16,12,4,8,6,14,20,24],[12,24,8,20,16,6,14,4],[20,24,4,8,12,16,6,14],[24,16,20,12,4,8,14,6],[24,4,20,12,8,16,6,14],[12,24,8,16,6,14,4,20],[24,12,4,8,20,16,6,14],[20,4,12,24,16,8,6,14],[4,20,12,16,8,6,14,24],[20,12,4,24,8,16,14,6],[20,24,12,4,16,8,14,6],[24,16,8,14,6,10,12,20,4,9],[16,8,6,14,24,2,4,20,12],[8,12,4,24,20,16,14,6],[4,12,20,16,24,8,14,6],[8,12,24,16,14,6,4,20],[24,20,4,8,16,14,6,12],[16,8,6,14,20,12,4,24],[8,12,16,14,6,4,24,18],[16,24,20,4,12,8,14,6],[12,24,8,16,6,14,4,20],[8,20,4,16,14,6,12,24],[12,20,16,24,8,14,6,4],[20,8,12,24,4,16,14,6],[8,24,4,20,16,6,14,12],[24,8,12,16,14,6,4,20],[16,8,14,6,24,20,12,4],[16,24,8,6,14,20,12,4],[8,4,20,24,12,16,14,6],[16,8,6,14,24,12,4,20],[12,8,20,4,24,16,14,6],[4,8,24,12,20,16,6,14],[8,24,16,14,6,20,4,12],[4,24,8,16,14,6,12,20],[24,4,16,12,8,6,14,20],[4,20,24,12,16,8,14,6],[24,12,20,4,16,8,6,14],[24,4,12,16,20,8,14,6],[4,12,24,16,20,8,6,14],[16,20,12,8,6,14,4,24],[8,20,4,16,6,14,12,22,2,5,13,1],[24,20,8,4,16,14,6,12],[4,16,8,14,6,20,24,12],[20,16,4,24,8,14,6,12],[16,4,12,20,8,14,6,24],[8,4,24,12,16,14,6,20],[12,16,4,24,20,8,6,14],[12,8,16,14,6,4,20,24],[16,12,20,8,6,14,24,4],[16,4,12,8,14,6,24,18],[12,20,16,4,8,14,6,24],[8,12,4,20,16,6,14,24],[4,16,12,24,20,8,6,14],[24,4,12,20,8,16,14,6],[4,16,24,12,8,14,6,20],[16,20,8,14,6,4,24,12],[20,16,4,12,24,8,6,14],[24,12,16,4,20,8,14,6],[24,12,20,8,4,16,14,6],[20,16,4,24,8,14,6,12],[8,20,24,16,14,6,12,4],[4,8,24,16,6,14,12,18],[12,24,16,20,8,6,14,4],[12,16,4,24,20,8,6,14],[24,8,20,12,16,14,6,4],[24,12,4,16,20,8,6,14],[8,12,4,24,16,6,14,20],[16,4,12,20,24,8,6,14],[12,16,24,20,8,14,6,4],[8,24,12,20,4,16,14,6],[16,12,4,8,6,14,20,24],[12,8,16,6,14,24,20,4],[4,24,16,8,6,14,20,10,12,9],[8,20,12,24,4,16,14,6],[20,8,24,12,16,6,14,4],[4,20,24,16,12,8,14,6],[12,24,16,20,8,14,6,4],[24,20,4,8,16,6,14,12],[12,16,8,14,6,4,20,24],[24,4,8,12,16,6,14,20],[16,12,8,6,14,24,4,20],[4,16,20,12,24,8,6,14],[12,16,4,20,8,14,6,22,13],[20,24,8,12,4,16,14,6],[4,12,8,20,24,16,14,6],[24,20,4,8,12,16,14,6],[20,16,8,14,6,24,4,12],[4,16,20,12,24,8,14,6],[20,8,24,16,14,6,4,12],[24,8,4,16,14,6,20,12],[12,16,8,14,6,24,20,4],[4,12,8,16,6,14,24,20],[12,24,4,8,20,16,14,6],[8,12,16,6,14,24,4,20],[24,16,8,14,6,12,20,4],[12,20,16,24,4,8,6,14],[4,20,12,16,24,8,6,14],[24,8,16,6,14,4,12,20],[12,8,16,6,14,20,4,24],[20,24,8,12,16,6,14,4],[24,4,8,20,16,14,6,12],[8,16,6,14,4,24,20,12],[20,16,8,6,14,24,12,4],[20,4,16,8,6,14,12,24],[12,4,24,16,20,8,6,14],[24,20,12,4,8,16,6,14],[4,24,8,16,14,6,12,20],[8,12,20,16,14,6,4,24],[12,20,8,24,4,16,6,14],[4,12,20,24,16,8,14,6],[8,12,4,16,6,14,24,20],[4,16,20,12,8,14,6,24],[12,24,8,4,16,14,6,20],[20,24,12,8,4,16,6,14],[24,20,8,12,16,6,14,4],[12,24,8,20,4,16,6,14],[20,4,8,12,16,6,14,24],[20,16,8,6,14,12,4,24],[20,8,24,12,16,14,6,4],[8,16,14,6,24,20,4,12],[24,8,20,12,16,14,6,4],[8,16,14,6,4,24,12,20],[8,12,24,16,14,6,20,4],[20,24,16,4,12,8,14,6],[16,8,6,14,24,2,4,20,12],[4,8,16,6,14,24,12,20],[24,12,4,16,20,8,14,6],[20,16,8,6,14,12,24,4],[8,16,14,6,12,4,24,20],[12,4,20,16,8,6,14,24],[20,16,4,24,12,8,6,14],[12,4,8,24,20,16,6,14],[20,12,4,16,24,8,14,6],[4,24,12,20,8,16,6,14],[20,24,16,4,8,6,14,12],[16,8,6,14,12,4,24,20],[24,20,8,4,16,14,6,12],[24,20,12,16,8,14,6,4],[20,8,16,14,6,4,12,24],[20,16,12,8,14,6,4,24],[24,20,8,4,16,6,14,12],[4,16,12,20,8,6,14,24],[24,16,8,6,14,20,4,12],[4,24,12,16,20,8,6,14],[20,24,4,8,12,16,14,6],[16,4,8,6,14,10,12,20,24,9],[4,20,8,12,16,6,14,24],[8,20,24,12,16,6,14,4],[16,4,20,12,8,14,6,24],[16,4,24,12,20,8,6,14],[16,4,12,20,24,8,6,14],[4,8,12,20,16,14,6,24],[4,20,8,16,6,14,24,12],[20,12,8,16,14,6,24,4],[12,24,4,16,8,6,14,20],[20,8,4,12,24,16,14,6],[20,12,4,8,24,16,6,14],[8,12,16,14,6,4,20,24],[16,8,6,14,4,12,24,20],[12,16,20,4,24,8,14,6],[20,8,24,12,4,16,14,6],[12,20,4,16,24,8,14,6],[24,20,4,12,16,8,6,14],[24,8,20,12,16,14,6,4],[4,24,20,12,8,16,14,6],[20,4,8,12,24,16,6,14],[24,16,4,8,14,6,12,17],[16,8,6,14,12,24,4,20],[20,12,16,24,4,8,6,14],[16,8,6,14,24,12,4,20],[4,12,20,16,8,6,14,24],[24,8,4,12,20,16,6,14],[16,20,12,4,24,8,14,6],[24,16,12,4,20,8,14,6],[8,12,16,14,6,18,4,24],[12,8,20,16,6,14,4,24],[16,20,8,14,6,24,4,12],[24,16,8,14,6,4,20,12],[20,12,24,8,4,16,6,14],[16,20,8,14,6,24,4,12],[24,4,16,12,20,8,14,6],[8,20,4,12,24,16,6,14],[12,16,20,4,24,8,14,6],[8,24,20,12,4,16,6,14],[8,16,14,6,4,12,20,24],[8,4,20,24,16,6,14,12],[8,20,16,6,14,22,12,4,2,5,13,1],[4,8,12,24,20,16,14,6],[24,12,8,16,14,6,20,4],[4,12,24,16,8,6,14,20],[12,24,8,16,14,6,20,4],[20,4,12,16,24,8,14,6],[4,8,16,6,14,24,12,20],[24,4,16,20,12,8,14,6],[24,16,20,4,8,6,14,12],[12,8,4,24,16,14,6,20],[16,20,24,12,8,6,14,4],[24,4,8,20,12,16,14,6],[4,16,12,8,6,14,24,20],[4,8,24,20,12,16,6,14],[20,8,16,14,6,24,4,12],[4,16,8,14,6,24,12,20],[4,16,12,20,24,8,14,6],[20,24,8,12,4,16,14,6],[8,4,20,16,6,14,12,24],[12,20,4,8,16,6,14,24],[16,12,20,8,14,6,4,24],[24,12,8,20,16,14,6,4],[4,20,12,8,16,14,6,24],[8,24,4,20,16,14,6,12],[4,24,20,12,8,16,6,14],[24,4,20,16,8,14,6,12],[12,4,24,8,16,6,14,20],[12,24,8,4,20,16,6,14],[24,16,8,6,14,12,20,4],[20,12,16,4,8,14,6,24],[16,8,6,14,20,24,12,4],[12,4,24,8,16,14,6,20],[16,20,8,14,6,4,24,12],[16,4,24,20,12,8,6,14],[24,8,12,4,16,6,14,20],[24,8,12,16,6,14,4,20],[20,4,8,12,24,16,14,6],[24,8,4,20,12,16,14,6],[8,20,4,24,12,16,14,6],[12,20,16,24,8,6,14,4],[16,4,8,6,14,20,12,24],[24,4,20,12,8,16,14,6],[8,12,4,20,16,6,14,24],[8,16,6,14,12,20,24,4],[16,8,14,6,24,4,10,12,20,5,9,13],[20,8,24,4,16,6,14,12],[24,20,4,8,16,6,14,12],[8,20,24,16,14,6,4,12],[8,20,4,24,16,6,14,12]],"n_human":9}