{"problem_id":"uH8gcgWUEoa2hfm","sigma":75,"alpha":10.000,"cost":1,"probabilities":"[0.21, 0.28, 0.24, 0.27]","payoff_matrix":"[[-110, -111, 7, 18, 20, -36], [-15, -77, -21, 87, -24, 20], [-24, -17, -91, 83, -97, -109], [-48, 37, -25, -70, -102, -3]]","uncovered":[[10,6,14,22,18,2,16,24,15],[14,6,22,10,18,2,16,24,15],[10,18,22,14,2,6,16,24,23,4,12,20,11],[10,22,18,14,2,6,16,24,15],[22,14,6,18,10,2,16,24,23,4,12,20,15],[22,14,2,10,18,6,24,16,15],[18,14,22,10,6,2,24,16,23,4,12,20,11],[14,10,22,18,2,6,16,24,23,4,12,20,11],[10,2,18,22,6,14,24,16,23,4,12,20,11],[10,18,6,22,14,2,24,16,15],[22,2,14,6,18,10,24,16,23,4,12,20,11],[14,10,22,2,18,6,24,16,23,4,12,20,11],[6,2,14,10,24,18,22,16,15],[18,14,2,6,10,22,24,16,15],[14,6,10,22,18,2,16,24,15],[6,14,10,2,22,18,16,24,23,4,12,20,11],[22,18,14,2,10,6,16,24,23,4,12,20,15],[14,10,6,2,18,22,16,24,15],[10,14,18,6,2,22,16,24,15],[18,2,6,10,22,14,16,24,15],[10,14,6,22,2,18,16,24,23,4,12,20,15],[14,10,2,6,18,22,16,24,23,4,12,20,11],[18,22,2,6,14,10,24,16,15],[14,22,6,2,18,10,16,24,15],[6,22,2,10,14,18,24,16,23,4,12,20,15],[14,2,18,6,22,10,24,16,23,4,12,20,15],[6,10,22,18,14,2,16,24,23,4,12,20,11],[22,10,2,6,18,14,24,16,23,4,12,20,15],[6,2,14,10,22,18,16,24,15],[18,6,14,2,10,22,16,24,15],[22,14,6,18,10,2,16,24,23,4,12,20,11],[10,22,14,18,6,2,24,16,15],[14,18,2,6,22,10,16,24,23,4,12,20,11],[2,22,10,18,14,6,24,16,15],[18,2,22,14,10,16,24,6,15],[22,6,18,2,14,10,16,24,15],[10,6,2,18,14,22,16,24,23,4,12,20,15],[18,14,6,2,10,22,16,24,23,4,12,20,11],[18,10,6,2,14,22,24,16,15],[14,2,10,6,18,22,16,24,15],[22,18,10,14,6,2,16,24,15],[6,22,10,14,18,2,24,16,15],[10,18,2,14,22,6,24,16,15],[6,2,10,22,18,14,24,16,15],[10,18,2,14,22,6,16,24,23,4,12,20,15],[6,22,2,10,14,18,24,16,23,4,12,20,15],[14,6,22,18,2,10,24,16,23,4,12,20,11],[10,18,2,22,6,14,16,24,15],[2,14,22,18,10,6,24,16,23,4,12,20,11],[22,6,2,18,14,10,16,24,23,4,12,20,15],[6,2,18,10,14,22,16,24,15],[6,10,18,2,22,14,16,24,15],[2,6,22,10,18,14,16,24,15],[18,22,2,14,10,6,24,16,15],[22,2,18,14,10,6,16,24,15],[22,10,18,6,2,14,16,24,23,4,12,20,15],[22,2,10,18,14,6,24,16,23,4,12,20,11],[14,6,2,18,22,10,24,16,15],[2,10,6,22,18,14,24,16,23,4,12,20,11],[22,10,18,14,6,2,24,16,15],[6,14,10,2,18,22,16,24,15],[22,14,10,2,18,6,24,16,15],[10,6,14,2,22,18,24,16,15],[22,6,18,10,2,14,16,24,23,4,12,20,11],[2,6,18,14,10,22,16,24,15],[18,2,14,22,10,6,16,24,15],[22,10,2,6,18,14,16,24,15],[6,14,2,10,18,22,16,24,15],[10,6,14,2,22,18,24,16,15],[22,2,18,6,14,10,24,16,15],[22,14,2,6,10,18,24,16,15],[14,2,22,18,6,10,16,24,15],[14,10,2,22,6,18,24,16,15],[10,14,18,22,2,6,16,24,23,4,12,20,15],[10,14,22,18,2,6,16,24,23,4,12,20,11],[22,18,10,2,6,14,16,24,23,4,12,20,11],[14,18,22,10,2,6,16,24,15],[22,6,14,18,10,2,16,24,23,4,12,20,15],[10,6,18,22,14,2,16,24,15],[2,10,6,14,18,22,16,24,15],[2,10,22,18,14,6,16,24,23,4,12,20,11],[6,10,14,18,2,22,24,16,15],[10,22,2,14,6,18,16,24,15],[22,2,10,18,6,14,24,16,15],[6,22,10,14,18,2,16,24,15],[22,6,10,2,14,18,24,16,23,4,12,20,11],[14,6,22,18,10,2,16,24,15],[6,22,2,10,18,14,16,24,15],[22,18,10,6,14,2,24,16,15],[22,2,18,10,6,14,16,24,23,4,12,20,11],[18,6,10,2,22,14,24,16,15],[10,18,22,14,6,2,16,24,15],[10,14,2,18,22,6,16,24,15],[22,14,6,10,18,2,16,24,23,4,12,20,11],[2,10,14,22,6,18,24,16,15],[10,2,14,18,22,6,24,16,23,4,12,20,11],[18,14,10,22,6,2,24,16,23,4,12,20,11],[22,14,6,2,20,10,24,16,15],[2,14,10,18,22,6,24,16,23,4,12,20,11],[22,2,14,18,10,6,16,24,23,4,12,20,11],[18,14,2,6,22,10,16,24,23,4,12,20,15],[6,10,22,18,14,2,24,16,23,4,12,20,15],[14,22,6,18,10,2,16,24,15],[14,18,10,22,2,6,16,24,15],[14,6,2,22,10,18,16,24,15],[14,2,18,22,10,6,16,24,15],[10,18,14,2,22,6,16,24,23,4,12,20,15],[22,18,2,6,10,14,24,16,23,4,12,20,11],[6,14,22,10,18,2,16,24,15],[2,6,14,18,22,10,24,16,23,4,12,20,15],[2,10,22,14,6,18,24,16,15],[22,2,14,6,10,18,16,24,15],[10,2,22,6,18,14,24,16,15],[18,10,2,6,22,14,16,24,15],[6,2,22,10,18,14,16,24,15],[2,6,14,18,22,10,16,24,15],[10,6,18,14,22,2,16,24,23,4,12,20,11],[14,22,18,10,2,6,16,24,23,4,12,20,11],[22,6,2,10,14,18,24,16,23,4,12,20,15],[22,18,6,2,10,14,24,16,23,4,12,20,11],[18,22,6,2,14,10,16,24,15],[22,18,6,14,2,10,24,16,15],[14,22,18,10,6,2,24,16,15],[10,2,14,18,6,22,24,16,23,4,12,20,11],[18,14,2,6,22,10,24,16,15],[22,18,2,10,6,14,24,16,23,4,12,20,15],[22,6,14,2,12,18,24,16,23,4,10,20,15],[22,14,2,10,6,18,24,16,23,4,12,20,15],[10,18,6,2,22,14,16,24,23,4,12,20,11],[6,18,22,10,14,2,16,24,23,4,12,20,15],[14,22,6,2,18,10,16,24,23,4,12,20,15],[22,2,14,18,10,6,16,24,15],[6,10,18,22,2,14,16,24,15],[22,14,18,10,6,16,24,2,23,4,12,20,15],[2,6,10,14,22,18,24,16,15],[6,10,18,2,14,22,16,24,23,4,12,20,11],[18,22,2,10,6,14,24,16,23,4,12,20,11],[18,14,2,6,10,22,16,24,23,4,12,20,11],[22,2,10,6,18,14,16,24,15],[10,22,2,18,14,6,16,24,15],[6,18,2,22,14,10,24,16,15],[10,18,2,6,22,14,24,16,23,4,12,20,11],[22,18,2,14,10,6,24,16,23,4,12,20,11],[2,10,6,14,22,18,16,24,15],[22,10,14,6,16,24,18,2,15],[22,6,2,14,18,10,16,24,15],[22,10,14,2,18,6,16,24,23,4,12,20,11],[2,10,14,6,18,22,24,16,23,4,12,20,11],[2,18,10,22,14,6,16,24,15],[10,14,18,22,2,6,16,24,23,4,12,20,11],[22,10,18,14,2,6,16,24,23,4,12,20,15],[18,14,2,10,6,22,24,16,23,4,12,20,11],[14,18,2,6,10,22,16,24,15],[22,14,18,2,6,10,16,24,23,4,12,20,11],[6,2,22,14,18,10,16,24,23,4,12,20,15],[6,22,18,10,14,2,24,16,23,4,12,20,11],[22,6,18,10,14,2,16,24,15],[6,14,10,2,18,22,24,16,23,4,12,20,11],[18,6,22,10,14,4,24,16,23,12,20,2,15],[10,22,18,6,2,14,24,16,15],[6,18,10,14,2,22,24,16,23,4,12,20,11],[18,22,10,14,2,6,16,24,23,4,12,20,11],[10,14,6,22,18,2,24,16,23,4,12,20,11],[18,14,22,2,6,10,16,24,23,4,12,20,15],[2,22,18,6,14,10,16,24,15],[14,10,18,6,2,22,16,24,23,4,12,20,15],[10,2,18,14,6,22,24,16,15],[14,6,10,18,2,22,16,24,15],[2,10,14,18,22,6,16,24,15],[22,6,14,18,2,10,16,24,15],[10,6,2,14,18,24,22,16,15],[2,14,10,22,6,18,16,24,23,4,12,20,15],[6,14,10,18,2,22,16,24,23,4,12,20,15],[22,14,18,2,6,10,16,24,15],[22,14,6,10,18,2,16,24,23,4,12,20,15],[10,22,14,18,2,6,16,24,23,4,12,20,11],[6,2,18,10,22,14,24,16,23,4,12,20,11],[14,10,18,2,22,6,24,16,23,4,12,20,11],[2,18,10,6,14,22,16,24,23,4,12,20,15],[2,6,14,10,18,22,24,16,15],[2,18,10,6,22,14,16,24,23,4,12,20,11],[6,22,10,18,14,2,16,24,23,4,12,20,15],[22,10,6,18,14,2,24,16,15],[18,6,2,22,14,10,16,24,23,4,12,20,15],[6,22,10,2,18,14,16,24,15],[18,14,22,10,6,2,16,24,15],[6,2,18,10,14,22,16,24,23,4,12,20,15],[2,22,18,6,14,10,24,16,15],[22,14,6,18,2,10,16,24,15],[10,22,6,2,14,18,24,16,23,4,12,20,15],[2,6,14,10,22,18,16,24,23,4,12,20,15],[22,14,2,6,10,18,24,16,15],[2,18,6,10,22,14,16,24,23,4,12,20,15],[10,18,22,14,2,6,24,16,15],[2,22,10,14,6,18,16,24,23,4,12,20,11],[14,2,18,22,10,6,16,24,23,4,12,20,11],[22,14,10,2,18,6,16,24,23,4,12,20,11],[22,18,6,2,10,14,16,24,15],[10,2,14,6,18,22,24,16,23,4,12,20,11],[14,2,18,22,6,10,16,24,23,4,12,20,11],[10,6,18,22,14,2,16,24,23,4,12,20,11],[14,18,22,6,2,10,16,24,23,4,12,20,11],[6,2,14,10,18,22,16,24,15],[14,22,10,6,2,18,16,24,23,4,12,20,15],[14,22,6,10,2,18,16,24,23,4,12,20,11],[18,10,2,22,14,6,16,24,15],[18,6,2,14,10,22,16,24,15],[22,10,14,6,2,18,24,16,15],[2,10,14,18,22,6,16,24,15],[22,14,10,18,2,6,24,16,23,4,12,20,15],[18,6,22,2,10,14,24,16,15],[6,14,22,18,10,2,16,24,15],[2,10,18,6,14,22,16,24,23,4,12,20,15],[2,10,6,14,22,18,24,16,23,4,12,20,15],[22,14,2,6,18,10,16,24,23,4,12,20,11],[14,22,10,18,6,2,16,24,15],[2,22,6,14,10,18,16,24,15],[22,14,18,10,6,2,24,16,23,4,12,20,11],[22,10,18,2,6,14,24,16,15],[10,6,14,2,22,18,24,16,23,4,12,20,11],[6,2,18,22,14,24,10,16,23,4,12,20,11],[18,14,6,10,22,2,24,16,15],[22,6,10,14,2,18,24,16,23,4,12,20,11],[14,10,22,18,6,2,24,16,23,4,12,20,11],[22,14,6,10,2,18,24,16,23,4,12,20,15],[14,10,18,2,6,22,16,24,23,4,12,20,11],[22,14,2,18,6,24,10,16,15],[2,14,10,18,22,6,16,24,23,4,12,20,11],[2,22,10,6,14,18,24,16,23,4,12,20,15],[22,2,6,18,10,14,16,24,23,4,12,20,15],[18,2,14,22,6,10,24,16,15],[2,22,10,18,14,6,24,16,15],[22,14,2,18,6,10,16,24,15],[18,6,22,2,10,14,24,16,15],[14,18,2,10,22,6,16,24,23,4,12,20,15],[10,6,2,22,18,14,24,16,23,4,12,20,11],[18,22,10,14,6,2,24,16,23,4,12,20,11],[14,22,6,18,2,10,16,24,15],[6,2,14,10,18,22,16,24,23,4,12,20,15],[2,18,22,10,14,6,16,24,23,4,12,20,15],[22,6,10,2,14,18,24,16,23,4,12,20,15],[10,14,6,22,18,2,24,16,15],[10,18,2,14,22,6,24,16,15],[14,2,6,10,18,22,16,24,15],[14,6,22,2,18,10,16,24,23,4,12,20,11],[10,14,6,22,2,18,16,24,15],[14,18,2,22,10,6,16,24,23,4,12,20,15],[18,6,14,10,22,2,16,24,23,4,12,20,15],[2,14,22,18,10,6,16,24,23,4,12,20,11],[6,22,10,2,18,14,16,24,23,4,12,20,11],[2,18,6,10,14,22,16,24,15],[18,10,2,22,6,14,16,24,15],[14,6,18,10,2,22,16,24,15],[22,2,14,18,6,10,24,16,23,4,12,20,11],[10,18,6,2,14,22,24,16,23,4,12,20,15],[10,18,22,14,6,2,16,24,23,4,12,20,15],[14,6,10,2,18,22,24,16,15],[2,18,10,6,14,22,24,16,23,4,12,20,11],[2,10,18,6,22,14,16,24,15],[6,2,22,18,14,10,16,24,15],[10,14,22,2,6,18,24,16,15],[10,22,6,2,18,14,24,16,23,4,12,20,15],[22,14,6,10,2,18,16,24,23,4,12,20,11],[18,6,2,14,22,10,16,24,15],[10,18,14,2,22,6,24,16,23,4,12,20,15],[18,10,6,14,22,2,24,16,15],[22,2,18,6,10,14,24,16,15],[10,6,18,2,22,14,24,16,15],[22,14,6,18,10,2,16,24,23,4,12,20,11],[18,2,10,14,22,6,16,24,23,4,12,20,11],[10,18,22,2,6,14,24,16,23,4,12,20,11],[6,14,10,2,18,22,16,24,23,4,12,20,11],[2,10,18,14,22,6,24,16,15],[10,14,6,22,18,2,24,16,23,4,12,20,11],[14,10,6,2,22,18,24,16,15],[18,14,2,6,22,10,24,16,23,4,12,20,15],[14,22,6,2,10,18,24,16,15],[22,14,18,2,6,10,16,24,23,4,12,20,15],[2,10,22,18,6,14,24,16,15],[22,6,18,14,4,10,16,24,23,12,20,2,11],[18,6,2,22,14,10,24,16,23,4,12,20,15],[10,6,2,14,18,22,16,24,15],[6,18,10,22,14,2,24,16,15],[6,10,22,14,18,2,24,16,15],[22,6,14,10,18,2,24,16,15],[18,22,10,6,14,2,16,24,23,4,12,20,15],[10,6,14,2,22,18,24,16,15],[22,14,10,6,18,2,24,16,15],[2,18,6,14,22,10,24,16,23,4,12,20,15],[18,10,22,2,6,14,24,16,23,4,12,20,15],[2,14,18,10,22,6,24,16,23,4,12,20,15],[2,18,14,22,6,10,16,24,15],[18,6,22,10,14,2,24,16,23,4,12,20,15],[18,14,2,22,6,10,24,16,23,4,12,20,11],[2,10,22,18,14,6,16,24,23,4,12,20,11],[14,6,18,2,10,22,24,16,15],[6,2,22,14,10,18,16,24,23,4,12,20,15],[22,10,6,2,14,18,24,16,15],[14,10,22,6,2,18,24,16,23,4,12,20,11],[6,2,18,22,10,14,24,16,15],[18,22,6,10,14,2,16,24,23,4,12,20,15],[18,10,2,22,6,14,16,24,23,4,12,20,15],[14,18,2,10,6,22,16,24,23,4,12,20,11],[18,22,14,2,6,10,16,24,23,4,12,20,15],[10,22,18,6,14,2,16,24,23,4,12,20,11],[18,22,2,10,6,14,16,24,23,4,12,20,11],[18,22,10,14,2,6,24,16,23,4,12,20,11],[2,6,22,18,10,14,16,24,15],[10,14,2,22,18,6,16,24,15],[18,10,22,14,6,2,16,24,23,4,12,20,15],[22,6,14,2,18,10,24,16,15],[14,6,22,18,2,10,16,24,15],[2,22,6,10,18,14,24,16,15],[14,2,22,10,18,6,16,24,15],[6,2,22,10,18,14,24,16,15],[22,10,6,14,2,18,16,24,15],[14,6,18,22,2,10,24,16,23,4,12,20,15],[2,18,6,10,22,14,24,16,23,4,12,20,11],[6,14,10,18,24,2,22,16,15],[10,14,22,6,18,2,24,16,23,4,12,20,15],[22,18,10,14,6,2,16,24,23,4,12,20,15],[6,22,2,14,10,18,16,24,15],[14,10,22,6,2,24,18,16,15],[18,10,22,2,6,14,24,16,15],[10,18,22,2,14,6,24,16,23,4,12,20,11],[14,22,2,18,6,10,24,16,15],[18,10,22,6,2,14,24,16,23,4,12,20,15],[6,2,10,18,22,14,16,24,15],[18,22,2,10,14,6,24,16,23,4,12,20,15],[6,22,2,18,14,10,24,16,23,4,12,20,11],[2,14,10,18,22,6,16,24,23,4,12,20,15],[6,18,2,14,22,10,16,24,23,4,12,20,15],[2,6,18,14,10,22,16,24,15],[22,18,10,14,2,6,16,24,15],[6,2,22,14,10,20,16,24,15],[2,18,22,10,14,6,24,16,23,4,12,20,11],[10,22,14,18,6,2,24,16,15],[18,6,2,10,22,14,24,16,23,4,12,20,11],[6,22,2,14,18,10,16,24,23,4,12,20,15],[2,18,14,10,22,6,16,24,23,4,12,20,15],[22,2,18,14,10,6,16,24,23,4,12,20,11],[10,22,18,2,6,14,24,16,15],[22,10,18,6,2,14,24,16,23,4,12,20,11],[18,6,22,14,10,2,16,24,23,4,12,20,11],[6,10,22,2,18,14,16,24,15],[14,6,2,10,22,18,16,24,23,4,12,20,11],[14,2,22,10,18,6,16,24,23,4,12,20,15],[18,22,6,10,14,2,24,16,23,4,12,20,11],[10,2,22,18,6,14,24,16,15],[22,10,18,6,14,2,16,24,15],[6,2,18,14,22,10,16,24,23,4,12,20,15],[6,14,18,10,22,2,24,16,15],[14,10,22,2,18,6,16,24,23,4,12,20,11],[14,6,10,18,2,22,16,24,23,4,12,20,11],[10,2,6,22,18,14,24,16,15],[18,10,14,24,2,6,22,16,15],[14,10,18,2,22,6,24,16,15],[14,2,6,22,18,10,16,24,23,4,12,20,15],[6,2,10,14,20,22,16,24,15],[14,18,6,2,10,22,24,16,15],[2,14,6,22,18,10,24,16,15],[10,18,2,6,22,14,24,16,15],[2,18,10,6,14,22,24,16,15],[22,18,14,10,6,2,24,16,23,4,12,20,15],[2,6,14,18,10,22,16,24,15],[18,6,14,22,2,10,24,16,23,4,12,20,11],[22,18,6,2,14,10,16,24,15],[6,22,14,10,2,18,24,16,15],[18,2,14,10,22,6,16,24,15],[10,6,22,18,2,14,24,16,23,4,12,20,11],[10,2,14,6,18,22,16,24,15],[22,2,6,18,10,14,16,24,15],[6,10,22,14,2,18,24,16,15],[14,22,2,6,10,18,24,16,23,4,12,20,11],[6,22,10,14,18,2,24,16,23,4,12,20,11],[10,2,18,6,14,22,24,16,15],[6,18,10,22,14,2,24,16,15],[22,2,18,10,14,6,24,16,15],[10,22,14,2,6,18,16,24,23,4,12,20,15],[18,22,6,2,10,14,16,24,23,4,12,20,11],[6,18,14,10,22,2,24,16,23,4,12,20,11],[6,14,22,2,18,10,16,24,15],[6,18,22,10,14,2,16,24,23,4,12,20,15],[6,22,18,10,2,14,16,24,15],[22,10,6,2,18,14,24,16,15],[2,10,18,22,6,14,16,24,15],[14,22,18,10,6,2,16,24,15],[22,2,6,14,10,18,16,24,15],[18,2,22,14,12,6,16,24,23,4,10,20,11],[2,14,22,6,18,10,16,24,23,4,12,20,11],[18,14,2,6,10,22,24,16,15],[2,6,22,18,10,14,16,24,23,4,12,20,15],[10,6,14,18,22,2,16,24,23,4,12,20,11],[2,6,14,10,22,18,16,24,23,4,12,20,15],[18,14,22,2,6,10,24,16,23,4,12,20,15],[2,18,10,22,6,14,24,16,15],[18,2,14,10,22,6,16,24,15],[10,2,22,18,14,6,16,24,23,4,12,20,15],[10,22,2,14,18,6,24,16,23,4,12,20,15],[14,2,18,6,22,10,16,24,23,4,12,20,15],[14,22,6,2,10,18,24,16,23,4,12,20,11],[22,14,10,2,18,6,24,16,23,4,12,20,11],[14,22,2,18,6,10,16,24,23,4,12,20,15],[18,6,2,22,10,14,24,16,23,4,12,20,11],[14,2,6,10,22,18,24,16,15],[10,14,6,2,22,18,24,16,15],[14,18,8,6,2,10,22,24,16,23,4,12,20,7],[14,22,2,18,10,6,16,24,15],[14,6,2,10,22,18,24,16,15],[22,10,2,6,18,14,24,16,15],[22,6,18,14,10,2,16,24,15],[2,22,18,10,14,6,16,24,15],[14,6,10,18,22,2,16,24,23,4,12,20,11],[18,14,22,2,6,10,16,24,15],[14,6,2,20,10,22,24,16,15],[10,6,22,18,14,2,24,16,23,4,12,20,15],[6,14,22,18,10,2,24,16,23,4,12,20,15],[10,18,14,6,2,22,16,24,23,4,12,20,11],[14,6,2,10,18,22,16,24,15],[6,18,2,10,14,22,24,16,15],[14,10,22,2,18,6,16,24,15],[6,22,10,14,2,18,24,16,23,4,12,20,11],[14,24,2,6,18,10,22,16,23,4,12,20,11],[2,14,22,10,18,6,16,24,23,4,12,20,15],[10,2,14,18,22,6,16,24,15],[6,2,18,14,22,10,24,16,15],[2,18,10,14,22,6,24,16,15],[22,18,6,10,14,2,24,16,23,4,12,20,15],[2,14,22,18,10,6,16,24,15],[6,14,18,22,2,10,16,24,15],[14,18,2,22,10,6,16,24,15],[22,10,18,2,6,14,24,16,23,4,12,20,15],[2,22,14,18,6,10,24,16,15],[6,2,18,10,14,22,24,16,15],[10,2,14,20,6,22,24,16,23,4,12,11],[6,10,22,18,2,14,24,16,23,4,12,20,11],[18,14,2,6,10,22,16,24,23,4,12,20,15],[18,14,22,10,6,2,16,24,15],[14,18,10,6,22,2,16,24,15],[2,22,6,14,10,18,24,16,23,4,12,20,15],[14,6,10,18,22,4,24,16,15],[10,22,18,14,6,2,24,16,23,4,12,20,11],[22,18,6,14,10,2,24,16,15],[22,14,18,2,6,10,16,24,23,4,12,20,15],[10,14,22,2,6,18,16,24,15],[2,6,10,18,14,22,16,24,15],[2,6,22,18,10,14,16,24,23,4,12,20,11],[2,22,6,10,14,18,24,16,15],[6,18,10,2,14,22,16,24,23,4,12,20,15],[14,18,10,6,22,2,24,16,15],[6,14,2,22,18,10,16,24,15],[6,2,22,18,10,14,24,16,23,4,12,20,11],[14,2,6,18,22,10,16,24,15],[6,22,10,14,2,18,24,16,23,4,12,20,15],[14,18,10,22,2,6,16,24,23,4,12,20,11],[22,10,18,2,14,6,16,24,23,4,12,20,11],[6,14,22,18,10,2,24,16,15],[10,22,2,18,6,14,24,16,15],[18,22,2,6,14,10,16,24,23,4,12,20,11],[10,22,14,2,6,18,16,24,15],[10,18,2,22,6,14,24,16,15],[10,6,18,2,22,14,24,16,15],[22,6,2,14,18,10,24,16,23,4,12,20,15],[18,2,14,6,10,22,24,16,23,4,12,20,15],[18,10,14,22,6,2,16,24,15],[10,18,6,14,22,2,24,16,23,4,12,20,15],[6,22,2,18,10,14,16,24,15],[14,10,22,2,6,18,24,16,15],[2,10,6,14,18,22,16,24,23,4,12,20,15],[22,10,14,2,6,18,16,24,15],[10,6,22,14,18,2,16,24,15],[6,10,22,14,2,18,24,16,23,4,12,20,11],[2,14,22,18,24,6,10,16,15],[22,10,6,14,2,18,16,24,15],[18,2,10,14,6,22,16,24,15],[18,10,2,22,14,6,16,24,15],[22,18,14,2,6,10,24,16,15],[10,18,2,22,6,14,24,16,15],[14,6,2,18,10,22,24,16,15],[6,2,22,18,10,14,16,24,23,4,12,20,11],[6,10,14,22,18,2,24,16,15],[22,18,2,6,14,10,24,16,23,4,12,20,11],[14,22,18,6,2,10,16,24,23,4,12,20,15],[18,2,6,14,22,10,16,24,15],[2,14,6,18,10,22,24,16,15],[18,14,6,2,22,10,16,24,23,4,12,20,11],[10,18,14,2,6,22,24,16,15],[18,2,6,10,22,14,24,16,23,4,12,20,11],[10,2,14,18,6,22,24,16,15],[22,2,6,18,14,10,24,16,23,4,12,20,11],[2,10,14,18,22,6,16,24,23,4,12,20,15],[22,18,2,6,10,14,16,24,23,4,12,20,15],[2,18,10,6,22,14,24,16,23,4,12,20,15],[6,10,2,18,14,22,24,16,23,4,12,20,11],[22,10,2,6,18,14,24,16,15],[6,2,22,10,14,18,24,16,23,4,12,20,15],[22,18,2,14,10,6,24,16,23,4,12,20,11],[14,18,22,2,6,10,24,16,15],[14,2,18,10,6,22,24,16,15],[14,18,10,22,6,2,24,16,23,4,12,20,15],[6,22,2,14,12,18,24,16,15],[18,22,2,6,10,14,16,24,15],[14,18,10,22,6,2,24,16,23,4,12,20,15],[18,6,10,14,2,22,24,16,15],[14,10,18,22,6,2,24,16,15],[10,14,22,18,6,2,16,24,23,4,12,20,11],[18,6,2,10,14,22,16,24,23,4,12,20,11],[18,10,2,22,6,14,24,16,15],[2,14,22,18,6,10,24,16,15],[2,14,22,6,18,10,16,24,23,4,12,20,11],[22,18,14,2,6,10,24,16,15],[22,2,14,10,18,6,16,24,23,4,12,20,15],[10,22,14,18,6,2,16,24,23,4,12,20,11],[14,22,6,10,2,18,16,24,15],[2,14,18,6,22,10,24,16,15],[10,6,22,14,18,2,24,16,23,4,12,20,11],[2,22,10,6,18,14,16,24,23,4,12,20,11],[18,22,14,10,2,6,24,16,23,4,12,20,15],[22,14,10,18,2,6,24,16,23,4,12,20,11],[14,22,10,18,2,6,16,24,15],[2,14,6,18,22,10,24,16,23,4,12,20,15],[6,2,22,18,10,14,24,16,15],[6,22,18,14,2,10,24,16,23,4,12,20,11],[22,2,14,6,18,10,24,16,15],[14,6,18,22,10,2,24,16,15],[6,10,22,2,18,14,24,16,23,4,12,20,15],[22,10,6,2,14,18,16,24,23,4,12,20,11],[22,18,10,14,2,6,24,16,23,4,12,20,15],[18,2,10,14,6,22,16,24,23,4,12,20,15],[22,10,18,14,2,6,24,16,23,4,12,20,15],[14,6,22,18,2,10,24,16,15],[10,18,6,2,22,14,24,16,23,4,12,20,15],[10,14,22,2,20,6,24,16,23,4,12,11],[18,2,6,10,22,14,24,16,15],[18,14,2,22,10,6,16,24,23,4,12,20,15],[14,18,2,12,6,22,16,24,15],[18,10,2,6,22,14,24,16,23,4,12,20,11],[18,6,2,14,22,10,16,24,15],[10,14,18,22,2,6,16,24,23,4,12,20,11],[18,2,10,22,6,14,16,24,23,4,12,20,15],[14,18,6,22,10,2,24,16,15],[10,14,6,2,22,18,16,24,15],[10,6,14,18,2,22,16,24,15],[10,6,18,14,22,2,24,16,23,4,12,20,15],[22,6,2,14,10,18,24,16,15],[6,14,18,2,22,10,24,16,23,4,12,20,15],[22,2,18,14,6,10,16,24,15],[22,2,18,10,6,14,24,16,15],[18,6,2,14,10,22,24,16,15],[10,22,18,14,2,6,24,16,23,4,12,20,11],[18,14,2,10,22,6,24,16,15],[2,14,6,10,18,22,24,16,15],[2,10,22,14,6,18,24,16,23,4,12,20,15],[6,14,2,18,10,22,24,16,15],[14,6,22,10,18,2,24,16,15],[14,18,2,10,22,6,24,16,15],[10,2,18,14,22,6,16,24,23,4,12,20,11],[2,14,18,10,6,22,16,24,15],[18,2,6,14,10,22,16,24,23,4,12,20,11],[6,2,14,18,10,22,16,24,23,4,12,20,11],[10,14,2,6,22,18,16,24,15],[22,14,10,18,2,6,24,16,23,4,12,20,15],[22,18,2,6,14,10,24,16,15],[18,6,22,10,14,2,24,16,15],[14,6,18,2,22,10,24,16,23,4,12,20,15],[10,18,2,22,14,6,16,24,15],[14,18,22,10,2,6,16,24,23,4,12,20,15],[2,14,6,18,22,10,24,16,15],[14,2,6,22,10,18,16,24,23,4,12,20,11],[6,14,18,12,22,2,16,24,15],[10,6,18,22,2,14,16,24,23,4,12,20,15],[10,22,14,2,6,18,16,24,15],[14,6,18,10,2,22,16,24,15],[18,14,6,10,2,22,24,16,15],[6,18,10,2,14,22,16,24,23,4,12,20,11],[18,2,22,6,10,14,16,24,15],[22,14,6,18,10,2,24,16,15],[14,10,22,18,6,2,24,16,15],[18,10,6,14,22,2,16,24,23,4,12,20,15],[18,10,6,2,22,14,24,16,15],[2,18,14,22,6,10,16,24,23,4,12,20,15],[14,22,18,10,6,2,16,24,15],[18,6,14,22,2,10,16,24,23,4,12,20,15],[14,6,2,22,10,18,16,24,23,4,12,20,11],[18,14,6,22,2,10,16,24,15],[10,2,14,22,18,6,24,16,23,4,12,20,11],[10,22,18,14,2,6,16,24,23,4,12,20,11],[18,22,2,14,10,6,24,16,23,4,12,20,11],[10,18,14,6,2,22,16,24,15],[22,10,2,18,6,14,16,24,23,4,12,20,15],[22,14,12,2,18,6,16,24,15],[14,18,22,2,6,10,16,24,23,4,12,20,15],[10,18,6,2,22,14,16,24,23,4,12,20,15],[10,22,14,6,2,18,16,24,15],[22,2,10,14,6,18,16,24,15],[22,6,14,2,10,18,16,24,15],[10,14,2,6,22,18,24,16,15],[14,8,6,18,10,2,22,16,24,15],[18,2,10,6,14,22,16,24,23,4,12,20,11],[18,22,14,2,6,10,24,16,23,4,12,20,11],[6,14,2,22,18,10,16,24,23,4,12,20,15],[2,14,6,10,18,22,24,16,23,4,12,20,11],[14,22,6,10,2,18,24,16,23,4,12,20,11],[22,2,10,18,14,6,24,16,15],[22,18,2,10,14,6,24,16,23,4,12,20,15],[2,18,14,22,6,10,24,16,15],[6,10,2,22,18,14,16,24,15],[14,22,6,2,10,18,16,24,15],[6,14,2,10,22,18,24,16,23,4,12,20,15],[10,6,14,22,18,2,24,16,23,4,12,20,15],[6,2,22,10,18,14,24,16,23,4,12,20,15],[6,18,22,2,10,14,24,16,23,4,12,20,15],[22,6,2,14,10,18,16,24,23,4,12,20,11],[22,10,6,14,2,18,16,24,15],[6,2,22,14,10,18,16,24,15],[10,14,6,18,2,22,16,24,23,4,12,20,11],[6,18,22,10,14,2,16,24,15],[10,2,6,18,14,22,24,16,23,4,12,20,11],[22,10,6,2,14,18,24,16,23,4,12,20,15],[2,10,6,14,22,18,16,24,23,4,12,20,15],[10,14,2,18,6,22,24,16,15],[10,2,22,6,18,14,16,24,23,4,12,20,15],[6,22,2,10,18,14,24,16,23,4,12,20,15],[14,18,12,6,22,2,16,24,15],[22,6,2,18,10,14,16,24,23,4,12,20,11],[6,2,18,10,14,22,16,24,15],[22,10,6,2,14,18,16,24,23,4,12,20,15],[22,10,14,6,2,18,16,24,23,4,12,20,15],[14,6,18,22,24,10,2,16,15],[10,22,6,18,2,14,24,16,23,4,12,20,11],[14,18,22,10,2,6,16,24,23,4,12,20,15],[22,14,10,2,6,18,24,16,15],[10,22,18,6,14,2,16,24,23,4,12,20,11],[14,6,18,2,10,22,24,16,15],[2,22,14,10,18,6,16,24,23,4,12,20,11],[14,18,6,10,2,22,24,16,15],[10,6,2,22,14,18,16,24,15],[6,18,10,22,2,14,16,24,15],[6,14,2,22,10,18,24,16,23,4,12,20,15],[6,2,10,18,22,14,16,24,15],[18,14,22,10,2,6,16,24,15],[22,6,18,14,2,10,16,24,15],[2,6,18,22,14,10,16,24,23,4,12,20,11],[18,22,14,6,2,10,24,16,23,4,12,20,11],[6,18,2,22,10,14,24,16,23,4,12,20,11],[2,18,10,14,22,6,16,24,23,4,12,20,11],[10,18,2,22,14,6,16,24,23,4,12,20,15],[2,14,6,22,10,18,16,24,23,4,12,20,11],[14,18,22,10,2,6,16,24,15],[6,22,18,10,2,14,24,16,15],[2,14,22,18,10,6,24,16,15],[6,22,2,18,14,10,16,24,23,4,12,20,11],[18,10,6,14,22,2,24,16,23,4,12,20,15],[22,6,18,10,2,14,24,16,15],[18,2,10,22,14,6,24,16,23,4,12,20,11],[14,2,10,18,22,6,16,24,15],[2,18,6,14,22,10,24,16,23,4,12,20,11],[14,2,10,18,22,6,24,16,23,4,12,20,15],[2,22,14,18,10,6,16,24,23,4,12,20,15],[10,2,14,22,6,18,16,24,15],[6,22,14,18,2,10,24,16,23,4,12,20,11],[2,10,18,6,14,22,16,24,15],[10,22,18,14,6,2,24,16,23,4,12,20,15],[18,22,10,2,14,6,24,16,15],[2,10,18,22,6,14,24,16,15],[22,14,10,18,6,2,24,16,23,4,12,20,15],[22,14,2,6,10,18,16,24,23,4,12,20,15],[2,10,14,6,18,22,16,24,23,4,12,20,15],[22,10,14,2,18,6,16,24,23,4,12,20,11],[6,2,22,14,18,10,16,24,15],[18,2,14,6,22,10,24,16,23,4,12,20,11],[14,10,22,2,6,18,16,24,23,4,12,20,15],[6,22,14,18,10,2,16,24,15],[14,18,12,2,6,22,24,16,23,4,10,20,15],[2,18,6,22,10,14,16,24,23,4,12,20,15],[6,10,18,22,14,2,24,16,15],[14,6,2,22,18,10,24,16,15],[14,18,6,2,22,10,16,24,23,4,12,20,15],[14,22,2,10,18,6,24,16,15],[10,14,2,18,22,6,16,24,15],[18,22,10,6,14,2,24,16,23,4,12,20,11],[22,2,18,14,6,10,16,24,23,4,12,20,11],[22,2,10,18,6,14,24,16,15],[10,6,14,2,22,18,24,16,23,4,12,20,15],[6,2,22,10,14,18,16,24,23,4,12,20,11],[14,10,18,22,6,2,24,16,15],[14,2,6,18,22,10,24,16,23,4,12,20,15],[2,22,6,18,14,10,24,16,23,4,12,20,11],[10,2,18,14,22,6,24,16,15],[18,2,6,10,22,14,16,24,23,4,12,20,11],[22,18,10,2,14,6,24,16,15],[6,14,10,22,18,2,16,24,15],[22,6,10,18,14,2,24,16,15],[6,2,10,14,22,18,24,16,23,4,12,20,15],[2,10,22,14,18,6,16,24,15],[2,22,6,18,14,10,16,24,15],[22,2,14,6,10,18,24,16,23,4,12,20,11],[2,10,6,14,22,18,24,16,15],[18,10,22,6,14,2,24,16,15],[14,22,2,6,10,18,16,24,15],[14,22,2,10,18,6,24,16,23,4,12,20,11],[18,6,2,14,10,22,16,24,23,4,12,20,15],[10,14,18,22,2,6,24,16,23,4,12,20,11],[22,18,2,10,14,6,16,24,15],[18,6,2,22,10,14,16,24,15],[6,10,22,2,14,18,16,24,23,4,12,20,11],[6,14,22,18,10,2,16,24,15],[14,2,10,18,6,22,16,24,23,4,12,20,11],[6,2,18,14,10,22,24,16,23,4,12,20,15],[14,18,22,2,6,10,24,16,23,4,12,20,15],[10,22,18,14,6,2,24,16,15],[6,2,14,18,10,22,16,24,23,4,12,20,11],[6,14,2,10,18,22,24,16,23,4,12,20,15],[14,6,2,10,18,22,24,16,15],[22,6,2,14,10,24,18,16,23,4,12,20,15],[6,14,10,2,22,18,16,24,23,4,12,20,15],[22,14,2,18,6,10,24,16,15],[10,2,18,6,22,14,16,24,23,4,12,20,11],[10,2,18,14,6,22,16,24,23,4,12,20,15],[2,22,10,18,6,14,16,24,23,4,12,20,15],[18,22,2,10,6,14,24,16,23,4,12,20,15],[2,14,22,6,18,10,24,16,15],[14,2,6,10,18,24,22,16,23,4,12,20,11],[14,6,18,2,10,22,16,24,15],[2,6,14,18,10,22,16,24,15],[14,18,6,22,2,10,16,24,15],[14,2,18,6,22,10,24,16,15],[14,2,6,10,22,18,16,24,15],[18,6,22,2,10,14,24,16,23,4,12,20,15],[2,18,22,10,14,6,16,24,15],[2,6,14,10,22,18,24,16,15],[10,22,2,14,6,18,24,16,23,4,12,20,11],[22,2,10,6,14,18,24,16,23,4,12,20,15],[2,10,6,18,22,14,16,24,15],[14,22,6,10,2,18,24,16,15],[14,2,10,18,22,6,16,24,23,4,12,20,15],[6,18,22,14,10,2,24,16,23,4,12,20,15],[10,6,18,22,14,2,24,16,23,4,12,20,15],[2,6,22,14,18,10,16,24,15],[10,22,6,14,18,2,16,24,23,4,12,20,11],[10,6,14,2,18,22,16,24,15],[10,14,22,2,18,6,16,24,23,4,12,20,11],[2,18,14,10,6,22,16,24,23,4,12,20,11],[10,18,2,22,6,14,24,16,23,4,12,20,15],[18,2,22,6,14,10,16,24,15],[14,2,18,10,22,6,24,16,15],[14,2,18,22,6,10,24,16,15],[22,6,10,14,18,2,24,16,23,4,12,20,15],[10,2,22,18,14,6,24,16,15],[14,22,18,6,10,2,24,16,15],[2,14,18,22,10,6,24,16,23,4,12,20,11],[22,10,14,18,2,6,24,16,15],[22,2,10,6,18,14,24,16,23,4,12,20,11],[18,6,22,2,10,14,16,24,15],[6,2,18,14,10,22,16,24,15],[10,18,2,6,14,22,16,24,15],[6,22,18,14,10,2,16,24,15],[22,10,6,14,18,2,24,16,23,4,12,20,11],[2,22,18,6,14,10,16,24,23,4,12,20,11],[22,2,10,18,14,6,24,16,15],[14,6,22,2,10,18,24,16,15],[22,14,4,18,6,10,16,24,23,12,20,2,11],[6,22,18,10,14,2,24,16,15],[14,18,22,10,6,2,16,24,23,4,12,20,15],[10,18,6,2,14,22,24,16,15],[14,22,10,18,2,6,24,16,23,4,12,20,15],[22,18,10,14,6,2,24,16,23,4,12,20,11],[10,2,22,18,14,6,16,24,23,4,12,20,15],[6,18,10,2,22,14,16,24,15],[18,22,2,14,10,6,16,24,23,4,12,20,15],[14,6,18,22,2,10,24,16,15],[10,2,6,22,14,18,16,24,23,4,12,20,15],[14,6,18,10,22,2,16,24,15],[14,18,10,6,2,22,16,24,23,4,12,20,11],[14,22,2,18,6,10,24,16,23,4,12,20,11],[18,6,2,14,22,10,24,16,15],[2,22,18,10,6,14,24,16,15],[22,6,10,2,18,14,24,16,23,4,12,20,15],[22,14,2,10,6,18,24,16,23,4,12,20,11],[18,2,22,10,6,14,16,24,15],[2,14,6,18,22,10,24,16,23,4,12,20,15],[14,2,10,18,6,22,24,16,15],[18,2,10,22,14,6,16,24,15],[2,6,18,22,10,14,16,24,15],[6,18,2,22,14,10,16,24,23,4,12,20,11],[18,2,6,22,10,14,24,16,23,4,12,20,15],[2,10,14,18,6,22,24,16,23,4,12,20,11],[22,14,18,2,6,10,24,16,23,4,12,20,11],[6,22,2,14,10,18,24,16,15],[2,14,22,6,18,10,16,24,15],[18,2,10,14,22,6,16,24,15],[2,6,22,10,14,18,16,24,15],[2,22,6,10,14,18,24,16,23,4,12,20,15],[14,6,22,2,10,18,24,16,23,4,12,20,15],[22,10,6,18,14,2,16,24,15],[22,6,2,14,10,18,16,24,23,4,12,20,15],[18,2,10,14,6,22,16,24,23,4,12,20,15],[18,22,14,2,6,10,24,16,15],[18,10,2,6,22,14,24,16,15],[2,14,22,18,10,6,16,24,15],[10,6,2,14,18,22,16,24,23,4,12,20,15],[22,6,2,18,14,10,16,24,23,4,12,20,11],[2,14,18,6,10,22,24,16,15],[10,18,14,2,22,6,24,16,15],[18,6,10,2,14,22,24,16,15],[18,22,14,2,6,10,16,24,23,4,12,20,11],[18,10,2,6,22,14,24,16,15],[22,14,10,6,18,2,16,24,15],[6,10,2,18,22,14,16,24,23,4,12,20,11],[2,6,18,14,10,22,16,24,15],[10,6,2,18,22,14,16,24,23,4,12,20,15],[6,22,14,10,2,18,24,16,23,4,12,20,11],[22,18,6,10,2,14,24,16,23,4,12,20,15],[6,14,22,18,2,10,24,16,23,4,12,20,15],[14,22,10,6,18,2,16,24,15],[6,10,2,14,22,18,24,16,15],[14,22,2,6,10,18,24,16,15],[18,14,10,22,2,6,16,24,15],[22,2,18,14,10,6,16,24,23,4,12,20,15],[18,14,2,6,10,22,24,16,15],[10,22,18,14,2,6,24,16,15],[18,2,10,14,6,22,24,16,15],[2,6,22,10,14,18,16,24,15],[2,10,22,14,18,6,24,16,15],[14,2,10,6,22,18,24,16,15],[2,10,22,6,14,18,16,24,15],[18,2,6,10,14,22,16,24,15],[22,14,18,10,6,2,16,24,15],[18,10,2,6,14,22,16,24,15],[10,22,2,14,18,6,24,16,15],[6,10,14,18,22,2,24,16,15],[22,18,10,14,2,6,16,24,23,4,12,20,15],[6,22,10,18,2,14,16,24,23,4,12,20,11],[10,14,6,22,2,18,16,24,23,4,12,20,15],[14,6,18,10,22,2,16,24,23,4,12,20,11],[14,6,10,22,18,2,16,24,15],[2,6,10,18,22,14,16,24,15],[18,6,22,10,14,2,24,16,23,4,12,20,11],[2,14,6,18,10,22,24,16,15],[10,2,6,14,22,20,24,16,15],[6,22,10,14,2,18,24,16,23,4,12,20,11],[10,6,18,2,14,22,16,24,23,4,12,20,11],[6,18,10,14,2,22,16,24,15],[6,2,18,10,14,22,24,16,15],[18,2,14,6,22,10,16,24,23,4,12,20,15],[14,6,18,22,2,10,16,24,15],[6,2,14,18,22,10,16,24,15],[10,14,2,6,18,22,16,24,23,4,12,20,11],[18,22,6,14,2,10,24,16,15],[2,18,10,22,14,6,24,16,15],[18,2,10,14,22,6,24,16,15],[14,2,22,6,10,18,24,16,23,4,12,20,11],[10,14,18,6,2,22,16,24,15],[10,2,14,18,6,22,24,16,15],[10,2,14,18,22,6,24,16,23,4,12,20,11],[14,10,18,22,6,2,16,24,23,4,12,20,15],[2,14,18,22,6,10,24,16,15],[6,10,14,2,22,18,24,16,15],[2,10,18,22,14,6,24,16,23,4,12,20,15],[14,18,6,10,2,22,24,16,23,4,12,20,11],[2,22,14,18,10,6,24,16,23,4,12,20,15],[6,10,2,14,22,18,16,24,23,4,12,20,11],[10,14,2,18,22,6,24,16,15],[2,14,10,6,18,22,24,16,23,4,12,20,11],[18,22,14,2,10,6,16,24,23,4,12,20,15],[6,22,2,18,10,14,24,16,15],[6,18,22,10,2,14,24,16,15],[2,10,18,22,14,6,24,16,15],[22,10,14,18,6,2,24,16,15],[2,18,22,10,6,14,16,24,23,4,12,20,11],[14,10,22,2,6,18,16,24,15],[2,6,18,22,10,14,16,24,23,4,12,20,15],[6,14,18,10,2,22,16,24,23,4,12,20,15],[18,6,10,22,14,2,16,24,23,4,12,20,11],[18,2,22,10,14,6,24,16,15],[6,22,2,14,10,18,24,16,23,4,12,20,11],[14,22,6,18,10,16,24,2,15],[14,6,2,18,10,22,16,24,15],[6,10,2,18,14,22,16,24,15],[10,2,14,22,18,6,24,16,23,4,12,20,11],[18,22,6,10,14,2,16,24,23,4,12,20,15],[22,18,10,14,6,2,24,16,15],[14,18,6,22,10,2,16,24,23,4,12,20,11],[2,22,6,18,10,14,24,16,23,4,12,20,11],[22,14,10,2,6,18,24,16,15],[22,10,2,6,14,18,24,16,23,4,12,20,15],[14,22,6,18,10,2,16,24,15],[2,6,22,14,18,10,24,16,15],[2,6,14,18,10,22,16,24,15],[18,22,14,10,6,2,16,24,15],[18,6,22,10,2,14,16,24,15],[6,18,22,2,14,10,16,24,15],[18,10,14,22,6,2,24,16,15],[18,22,6,2,14,10,24,16,15],[14,18,6,22,2,10,24,16,23,4,12,20,11],[22,6,10,2,18,14,16,24,15],[18,14,22,6,2,10,24,16,15],[14,2,22,10,18,6,24,16,15],[10,18,6,2,22,14,16,24,23,4,12,20,15],[6,18,2,14,22,10,24,16,15],[2,6,14,10,22,18,24,16,15],[10,18,14,6,2,22,24,16,15],[22,18,6,10,2,14,16,24,23,4,12,20,15],[18,2,6,10,22,14,16,24,23,4,12,20,15],[22,14,18,2,6,10,16,24,15],[22,10,6,2,14,18,16,24,15],[22,2,14,18,6,10,24,16,15],[10,14,6,2,18,22,24,16,23,4,12,20,15],[14,22,18,6,10,2,24,16,15],[18,22,10,6,14,2,16,24,23,4,12,20,15],[22,14,10,2,8,6,18,24,16,15],[6,10,2,18,22,14,24,16,15],[18,22,10,14,2,6,24,16,15],[18,10,14,6,2,22,24,16,23,4,12,20,15],[18,10,22,14,6,2,24,16,23,4,12,20,15],[10,18,6,22,2,14,16,24,23,4,12,20,11],[6,10,14,18,22,2,16,24,23,4,12,20,11],[2,18,6,10,14,22,24,16,23,4,12,20,11],[22,6,10,2,14,18,16,24,15],[14,22,10,6,2,18,24,16,23,4,12,20,11],[22,10,2,18,14,6,24,16,15],[14,2,18,6,22,10,24,16,15],[14,6,10,22,2,18,16,24,23,4,12,20,15],[6,2,22,18,10,14,24,16,23,4,12,20,11],[22,2,18,14,6,10,16,24,15],[6,18,10,14,22,2,24,16,15],[10,22,18,2,14,6,24,16,15],[22,10,14,2,6,18,24,16,23,4,12,20,15],[18,14,6,2,10,22,24,16,23,4,12,20,15],[22,18,14,10,2,6,24,16,23,4,12,20,11],[18,14,2,22,6,10,24,16,15],[2,22,18,14,6,10,24,16,23,4,12,20,15],[14,6,2,18,10,22,16,24,15],[2,14,18,22,10,6,24,16,15],[2,6,14,10,18,22,16,24,15],[2,14,18,10,22,6,16,24,23,4,12,20,11],[22,10,2,18,6,14,24,16,23,4,12,20,15],[10,2,18,22,6,14,16,24,23,4,12,20,11],[18,10,22,6,2,14,24,16,15],[10,2,6,18,14,22,16,24,23,4,12,20,11],[18,10,22,2,6,14,16,24,23,4,12,20,11],[10,14,6,2,18,22,16,24,15],[2,10,6,14,22,18,24,16,15],[2,18,10,6,14,22,24,16,23,4,12,20,15],[2,6,10,14,18,22,24,16,23,4,12,20,15],[2,10,6,18,14,22,24,16,23,4,12,20,15],[2,22,6,14,18,10,24,16,23,4,12,20,11],[10,22,14,18,6,2,24,16,15],[14,18,10,2,6,22,24,16,23,4,12,20,11],[2,18,10,6,14,22,16,24,23,4,12,20,15],[6,2,10,14,22,18,16,24,23,4,12,20,11],[18,22,10,2,6,14,24,16,15],[2,10,18,22,14,6,24,16,23,4,12,20,11],[2,22,6,18,10,14,24,16,15],[22,2,14,6,10,18,24,16,15],[10,18,6,14,2,22,24,16,23,4,12,20,11],[10,6,18,22,14,2,16,24,23,4,12,20,11],[6,2,14,18,10,22,24,16,15],[2,22,14,10,6,18,16,24,23,4,12,20,15],[18,2,22,6,10,14,16,24,23,4,12,20,15],[2,6,14,10,22,18,16,24,15],[2,10,14,18,22,6,16,24,23,4,12,20,11],[10,14,6,18,2,22,24,16,15],[2,18,10,14,22,6,24,16,15],[14,22,18,6,2,10,16,24,23,4,12,20,11],[10,6,14,2,18,22,16,24,15],[6,2,22,10,14,18,16,24,15],[18,14,2,6,10,22,16,24,15],[10,2,6,22,14,18,24,16,23,4,12,20,15],[6,2,14,10,18,22,16,24,23,4,12,20,15],[18,6,14,2,22,10,24,16,23,4,12,20,15],[6,18,10,2,14,22,24,16,15],[2,18,10,6,22,14,24,16,23,4,12,20,15],[14,2,10,22,18,6,16,24,15],[14,10,2,6,22,18,24,16,23,4,12,20,11],[2,18,10,14,6,22,24,16,23,4,12,20,11],[2,14,18,22,10,6,24,16,15],[10,22,18,6,14,2,24,16,15],[22,10,18,14,6,4,24,16,23,12,20,2,11],[18,6,2,10,14,22,16,24,15],[14,2,22,6,10,18,16,24,15],[14,10,22,6,2,18,16,24,15],[14,18,2,22,6,10,16,24,15],[14,22,10,18,6,2,24,16,15],[6,22,18,2,14,10,16,24,23,4,12,20,15],[18,10,6,22,14,2,24,16,15],[18,22,6,2,10,14,24,16,15],[10,6,18,14,2,22,24,16,23,4,12,20,15],[10,2,22,6,18,14,16,24,23,4,12,20,15],[14,18,10,6,2,22,24,16,15],[18,6,14,10,2,22,24,16,23,4,12,20,11],[18,10,22,2,14,6,24,16,15],[14,2,18,10,6,22,16,24,23,4,12,20,11],[2,6,22,10,14,18,16,24,23,4,12,20,15],[14,6,22,10,18,2,24,16,15],[14,10,18,2,22,6,24,16,23,4,12,20,11],[10,14,22,18,6,2,16,24,23,4,12,20,15],[10,6,14,22,2,18,24,16,23,4,12,20,11],[14,22,6,2,10,18,24,16,23,4,12,20,15],[10,22,6,2,14,18,24,16,23,4,12,20,11]],"n_human":10}