{"problem_id":"XhSZ7V8PwGdrhR2","sigma":150,"alpha":0.100,"cost":4,"probabilities":"[0.24, 0.57, 0.18, 0.01]","payoff_matrix":"[[156, 123, 162, -159, 134, 7], [-95, 44, 17, 122, -89, 163], [367, 138, -64, 49, -207, -105], [-64, 19, -221, 86, 407, -106]]","uncovered":[[18,22,14,6,10,2,21,13],[14,6,2,18,22,10,21,13],[22,10,14,6,2,18,13],[14,18,22,6,10,2,21,13],[22,2,10,14,18,6,13],[10,18,22,14,6,2,21,13],[18,10,14,22,6,2,21,13],[2,22,6,18,10,14,21,13],[14,22,18,6,2,10,13],[10,14,6,2,18,22,21,13],[14,2,6,22,18,10,21,13],[22,18,10,14,2,6,21,13],[22,2,14,10,6,18,21,13],[14,18,2,6,10,22,13],[2,6,18,10,22,14,13],[18,10,2,6,22,14,21,13],[2,10,6,18,22,14,13],[14,18,2,22,10,6,13],[22,10,14,6,18,2,21,13],[10,14,18,6,2,22,21,13],[22,14,18,6,2,10,21,13],[10,6,14,18,22,2,13],[10,6,18,2,14,22,13],[2,18,22,10,14,6,21,13],[2,10,6,18,14,22,21,13],[10,22,6,18,14,2,13],[22,10,14,18,2,6,13],[2,22,18,10,14,6,13],[18,10,2,22,14,6,21,13],[22,2,18,14,10,6,21,13],[10,6,18,2,22,14,13],[10,14,6,2,18,22,21,13],[22,10,2,6,18,14,13],[10,22,18,6,14,2,21,13],[6,14,22,18,10,2,13],[6,10,14,18,22,2,13],[10,22,14,18,6,2,13],[14,6,10,22,2,18,21,13],[2,18,10,6,14,22,13],[6,10,22,2,14,18,13],[18,14,22,6,10,2,13],[10,2,14,18,6,22,21,13],[6,18,14,22,10,2,13],[14,6,22,10,18,2,13],[18,10,14,6,2,22,21,13],[10,14,6,2,22,18,13],[6,2,14,18,22,10,21,13],[18,10,2,22,6,14,13],[18,2,10,14,22,6,13],[22,10,6,18,14,2,21,13],[18,6,10,2,14,22,21,13],[18,10,14,2,22,6,21,13],[2,10,14,18,6,22,13],[6,10,2,22,14,18,21,13],[6,10,18,2,22,14,21,13],[6,10,18,14,2,22,13],[2,10,14,22,18,6,13],[14,22,6,10,18,2,13],[18,6,14,22,10,2,13],[22,18,6,14,10,2,13],[18,6,2,10,22,14,13],[22,10,6,18,14,2,21,13],[2,10,22,6,18,14,21,13],[10,2,14,22,18,6,21,13],[22,14,18,2,6,10,21,13],[22,14,18,10,6,2,21,13],[6,2,18,14,22,10,21,13],[14,10,6,22,18,2,13],[18,2,22,14,10,6,13],[2,6,18,22,14,10,13],[10,6,18,2,14,22,21,13],[14,6,22,18,2,10,13],[10,14,22,18,2,6,21,13],[22,18,6,2,10,14,21,13],[6,14,18,10,2,22,21,13],[2,6,10,22,18,14,21,13],[22,2,18,6,10,14,21,13],[22,6,14,18,10,2,13],[6,14,18,22,10,2,21,13],[6,18,22,14,10,2,13],[6,18,22,10,14,2,13],[6,2,22,14,10,18,21,13],[10,2,18,6,14,22,13],[18,2,6,10,14,22,13],[10,18,2,22,14,6,13],[10,18,6,22,14,2,21,13],[14,2,18,22,10,6,13],[22,18,2,10,6,14,13],[22,18,14,10,6,2,13],[18,10,14,2,6,22,13],[6,22,18,10,14,2,21,13],[2,14,6,10,22,18,13],[22,10,18,2,6,14,21,13],[22,2,10,18,6,14,13],[18,14,2,22,6,10,21,13],[14,18,6,10,22,2,21,13],[10,18,6,14,2,22,13],[6,10,14,2,22,18,13],[10,22,6,2,18,14,13],[10,6,2,14,18,22,13],[2,14,10,18,22,6,21,13],[6,22,10,18,2,14,21,13],[14,22,6,18,2,10,13],[6,18,10,22,2,14,21,13],[22,14,6,10,2,18,21,13],[14,18,10,2,6,22,13],[2,6,22,18,14,10,13],[22,18,14,6,2,10,13],[2,18,6,10,22,14,21,13],[2,22,10,18,6,14,13],[6,18,10,2,14,22,21,13],[10,22,2,14,18,6,13],[2,14,10,18,6,22,21,13],[22,18,14,2,6,10,21,13],[6,2,18,10,22,14,13],[2,6,14,10,18,22,13],[22,10,18,2,6,14,21,13],[6,22,14,10,18,2,21,13],[14,6,18,10,2,22,21,13],[18,14,2,22,10,6,21,13],[18,2,10,6,14,22,21,13],[22,14,2,6,10,18,21,13],[22,18,2,6,14,10,13],[6,10,14,22,18,2,21,13],[18,6,10,2,22,14,13],[18,2,22,10,14,6,21,13],[2,22,18,6,14,10,21,13],[18,6,10,22,14,2,13],[18,22,14,10,2,6,21,13],[22,6,18,14,10,2,13],[6,2,18,14,10,22,21,13],[22,10,18,2,14,6,21,13],[18,6,2,14,10,22,13],[6,14,22,10,2,18,13],[18,6,10,22,2,14,21,13],[10,14,2,6,22,18,13],[14,10,6,2,22,18,21,13],[18,22,6,2,14,10,13],[14,6,18,2,10,22,13],[18,6,14,22,2,10,21,13],[2,6,18,14,22,10,21,13],[6,14,22,2,18,10,13],[10,2,18,14,22,6,21,13],[2,18,22,10,14,6,13],[22,18,14,6,2,10,13],[14,22,6,10,18,2,21,13],[6,10,14,2,18,22,21,13],[10,14,6,18,22,2,21,13],[14,2,22,18,10,6,13],[18,10,6,2,22,14,21,13],[22,2,14,6,10,18,13],[14,10,2,6,22,18,21,13],[6,10,18,2,14,22,21,13],[14,18,22,10,6,2,21,13],[10,14,6,18,2,22,21,13],[18,10,22,14,2,6,13],[22,14,18,2,6,10,13],[22,6,18,14,2,10,13],[18,2,22,14,6,10,21,13],[6,22,18,14,2,10,21,13],[10,18,14,22,2,6,21,13],[2,6,14,22,18,10,13],[14,18,10,22,2,6,13],[2,10,18,22,14,6,13],[18,2,14,6,10,22,13],[6,22,2,18,14,10,13],[10,2,14,22,6,18,13],[14,2,6,22,10,18,13],[6,2,22,18,10,14,21,13],[18,22,6,2,10,14,21,13],[10,22,6,18,2,14,21,13],[14,22,6,2,18,10,13],[22,14,6,2,10,18,13],[18,6,14,10,2,22,13],[10,14,2,6,18,22,13],[22,2,18,14,6,10,21,13],[18,10,2,22,6,14,21,13],[2,10,6,22,14,18,21,13],[10,22,2,6,14,18,13],[10,14,6,2,22,18,13],[2,10,6,18,14,22,21,13],[10,18,14,22,2,6,21,13],[22,2,18,14,10,6,21,13],[6,22,2,10,18,14,13],[14,10,18,2,6,22,21,13],[22,6,10,18,14,2,13],[18,14,22,10,2,6,21,13],[10,6,2,18,22,14,13],[14,22,2,6,10,18,21,13],[22,10,6,18,14,2,21,13],[14,6,18,2,10,22,13],[18,6,10,22,14,2,21,13],[14,2,6,22,18,10,21,13],[2,14,10,6,22,18,13],[10,18,14,2,6,22,13],[18,10,6,2,22,14,13],[2,10,18,6,22,14,21,13],[10,14,6,2,22,18,21,13],[10,22,2,6,14,18,21,13],[10,6,2,14,18,22,21,13],[18,2,10,6,14,22,21,13],[18,22,2,14,6,10,13],[6,10,14,2,18,22,13],[2,6,14,18,10,22,13],[6,18,2,22,10,14,13],[6,2,14,10,22,18,13],[6,22,14,10,2,18,13],[22,18,6,10,2,14,13],[2,22,10,18,6,14,21,13],[10,18,22,6,14,2,21,13],[10,18,6,2,14,22,13],[6,18,22,10,2,14,21,13],[6,22,2,10,18,14,21,13],[22,10,18,14,2,6,13],[14,22,18,10,6,2,13],[18,2,14,22,10,6,13],[6,14,22,18,10,2,13],[22,10,14,18,2,6,13],[10,22,18,6,14,2,21,13],[6,18,10,22,14,2,13],[22,6,2,14,18,10,13],[14,6,18,10,2,22,21,13],[2,10,14,22,6,18,21,13],[22,14,2,18,6,10,21,13],[10,22,14,2,6,18,13],[6,2,22,10,14,18,13],[14,6,2,10,18,22,21,13],[14,6,10,22,18,2,21,13],[22,2,6,14,10,18,13],[18,6,14,22,10,2,21,13],[18,6,2,14,10,22,21,13],[14,18,6,2,22,10,13],[18,14,22,2,10,6,21,13],[14,22,18,2,10,6,13],[22,2,6,10,18,14,21,13],[18,10,6,14,2,22,13],[18,2,6,14,10,22,21,13],[18,2,14,22,6,10,21,13],[22,14,18,2,10,6,21,13],[14,10,2,22,18,6,21,13],[14,2,18,10,22,6,13],[18,10,6,14,2,22,21,13],[14,10,6,18,22,2,21,13],[6,14,22,18,10,2,13],[18,6,22,14,10,2,13],[6,10,22,2,14,18,13],[6,22,14,2,10,18,13],[22,18,10,14,2,6,13],[14,10,2,6,22,18,21,13],[14,18,10,2,6,22,21,13],[22,2,10,14,6,18,13],[18,10,14,6,22,2,21,13],[2,10,18,22,14,6,13],[18,22,2,10,14,6,21,13],[22,14,10,2,18,6,21,13],[2,10,22,6,14,18,21,13],[14,18,2,22,10,6,13],[14,22,2,6,10,18,21,13],[10,18,14,22,2,6,21,13],[2,6,14,10,22,18,21,13],[18,14,2,22,6,10,13],[18,14,10,6,2,22,13],[2,6,22,14,18,10,13],[14,22,2,6,10,18,21,13],[18,14,6,2,22,10,13],[2,6,22,14,18,10,13],[14,2,22,18,6,10,21,13],[6,10,14,22,18,2,21,13],[6,22,18,10,14,2,13],[2,18,22,10,14,6,21,13],[18,10,6,22,14,2,13],[10,2,6,22,18,14,21,13],[14,2,22,18,10,6,13],[6,22,18,10,2,14,21,13],[6,10,18,2,14,22,21,13],[18,22,14,10,2,6,21,13],[10,6,2,22,14,18,13],[2,18,14,10,6,22,21,13],[22,6,18,10,2,14,21,13],[14,2,6,10,22,18,21,13],[6,14,22,2,10,18,13],[2,14,22,6,10,18,13],[18,6,2,22,14,10,21,13],[18,22,2,6,14,10,21,13],[10,22,14,18,6,2,13],[6,2,18,10,14,22,21,13],[14,6,18,22,2,10,21,13],[18,22,2,10,14,6,13],[10,22,2,18,6,14,21,13],[22,18,6,14,2,10,13],[6,14,18,10,22,2,21,13],[2,6,10,18,22,14,13],[18,6,14,10,22,2,21,13],[14,2,10,6,18,22,13],[18,14,10,2,6,22,21,13],[18,6,14,10,2,22,21,13],[2,6,14,18,10,22,21,13],[18,2,14,6,10,22,21,13],[6,22,2,18,14,10,21,13],[10,18,22,6,14,2,13],[22,14,10,2,6,18,21,13],[2,18,10,22,14,6,13],[10,14,22,18,6,2,13],[22,14,18,6,10,2,13],[6,18,14,2,10,22,21,13],[10,18,22,14,2,6,13],[2,10,22,6,14,18,13],[2,22,6,18,14,10,21,13],[22,14,10,2,18,6,13],[6,14,18,2,22,10,13],[22,18,10,14,2,6,21,13],[22,2,6,14,18,10,13],[10,2,18,14,6,22,13],[2,6,22,10,14,18,13],[10,6,2,22,14,18,21,13],[18,6,10,2,22,14,21,13],[6,18,14,10,2,22,21,13],[18,10,6,2,14,22,13],[2,6,22,14,10,18,21,13],[18,6,10,22,14,2,13],[6,2,18,22,14,10,13],[22,10,2,14,6,18,13],[18,6,14,2,22,10,13],[2,10,14,18,22,6,13],[2,22,14,18,10,6,21,13],[10,14,2,6,18,22,21,13],[14,22,10,18,2,6,13],[2,22,6,14,18,10,13],[18,6,22,10,2,14,21,13],[6,18,22,2,14,10,13],[2,22,10,18,14,6,13],[14,2,6,22,18,10,13],[6,22,10,18,14,2,13],[22,6,2,18,14,10,13],[6,22,18,10,14,2,21,13],[22,18,2,14,10,6,21,13],[18,22,2,14,6,10,13],[10,14,6,22,2,18,21,13],[18,14,6,22,2,10,21,13],[10,14,6,18,22,2,13],[22,2,14,18,6,10,21,13],[18,10,22,14,6,2,13],[18,22,10,6,2,14,13],[22,6,18,10,14,2,13],[14,10,22,18,6,2,21,13],[10,18,6,2,14,22,13],[14,10,2,18,22,6,13],[2,22,10,18,14,6,21,13],[2,22,14,18,6,10,13],[10,14,22,2,6,18,13],[18,2,22,10,14,6,13],[2,14,6,22,18,10,13],[6,22,18,2,14,10,21,13],[2,18,22,6,10,14,13],[10,22,6,18,2,14,21,13],[2,22,14,18,6,10,21,13],[22,10,14,18,2,6,13],[10,14,2,18,6,22,21,13],[2,14,10,6,18,22,21,13],[10,14,6,22,2,18,21,13],[18,2,14,22,10,6,21,13],[2,22,18,6,10,14,21,13],[22,18,2,10,6,14,13],[14,6,10,22,18,2,13],[2,22,10,14,6,18,21,13],[18,2,14,6,10,22,13],[6,22,2,10,18,14,21,13],[14,18,6,10,22,2,13],[14,18,6,10,22,2,21,13],[10,2,22,14,18,6,13],[14,10,18,6,22,2,13],[6,10,18,2,14,22,13],[14,6,18,2,22,10,21,13],[22,2,6,14,18,10,13],[2,18,14,6,10,22,13],[14,2,10,18,6,22,13],[18,6,2,22,10,14,13],[18,2,10,22,14,6,21,13],[18,14,22,2,6,10,13],[2,14,18,10,22,6,21,13],[2,14,18,10,6,22,21,13],[18,2,22,14,6,10,13],[18,6,22,10,2,14,21,13],[2,6,18,14,10,22,21,13],[18,6,22,2,14,10,21,13],[22,18,14,2,6,10,21,13],[6,18,10,14,22,2,21,13],[10,6,22,18,14,2,13],[18,2,22,10,6,14,21,13],[2,10,18,22,14,6,13],[10,6,22,2,18,14,13],[2,18,10,6,14,22,13],[10,22,14,2,18,6,21,13],[10,18,2,22,6,14,21,13],[14,18,2,10,6,22,21,13],[18,6,10,14,2,22,13],[22,10,6,18,2,14,13],[10,14,6,22,18,2,21,13],[10,6,22,14,18,2,21,13],[22,10,2,6,14,18,21,13],[10,22,18,14,2,6,21,13],[6,22,18,2,10,14,21,13],[18,10,6,2,14,22,21,13],[18,2,6,14,22,10,21,13],[6,18,22,2,14,10,13],[10,2,18,22,6,14,21,13],[22,6,14,2,18,10,21,13],[18,2,14,22,6,10,13],[2,22,6,10,18,14,21,13],[14,2,6,10,22,18,13],[22,10,14,6,2,18,13],[22,6,2,10,14,18,21,13],[6,14,18,22,2,10,13],[18,2,14,22,6,10,21,13],[18,14,6,22,10,2,21,13],[6,14,22,10,18,2,13],[22,6,14,18,2,10,21,13],[18,10,2,14,6,22,13],[18,14,6,22,10,2,21,13],[6,14,22,18,10,2,13],[14,6,2,10,22,18,13],[22,18,2,14,10,6,21,13],[2,6,18,14,10,22,13],[22,14,18,2,10,6,13],[10,2,22,6,18,14,21,13],[6,22,18,10,2,14,13],[18,2,14,6,10,22,13],[6,22,10,18,2,14,21,13],[10,18,14,2,6,22,21,13],[18,6,10,22,2,14,13],[18,14,6,10,22,2,21,13],[14,10,22,6,2,18,21,13],[10,22,18,14,2,6,13],[18,6,14,22,10,2,13],[14,6,18,22,2,10,13],[14,22,2,18,6,10,13],[6,22,2,18,14,10,21,13],[14,6,2,18,10,22,13],[14,10,18,2,22,6,21,13],[10,14,22,18,2,6,13],[18,22,14,10,6,2,13],[18,10,6,22,2,14,21,13],[2,6,18,22,10,14,13],[22,2,14,6,18,10,13],[18,6,14,10,22,2,13],[6,2,22,18,14,10,13],[18,10,2,14,22,6,21,13],[10,2,6,14,18,22,21,13],[14,18,10,2,6,22,13],[14,6,18,2,10,22,21,13],[6,10,18,2,14,22,13],[6,10,22,14,18,2,21,13],[14,2,6,22,10,18,21,13],[6,14,2,10,22,18,21,13],[10,2,18,22,14,6,21,13],[14,18,2,22,10,6,21,13],[22,18,14,10,2,6,21,13],[22,2,14,6,18,10,13],[2,10,18,22,14,6,13],[22,6,2,18,10,14,21,13],[22,6,2,18,10,14,13],[22,2,6,10,14,18,13],[18,22,14,2,6,10,13],[22,6,2,10,14,18,13],[18,22,10,14,6,2,13],[14,2,18,10,6,22,21,13],[2,10,14,22,18,6,21,13],[18,2,6,22,14,10,21,13],[14,6,22,2,18,10,13],[10,18,22,6,14,2,13],[18,14,2,6,10,22,21,13],[10,22,6,14,18,2,13],[18,14,2,10,6,22,13],[14,6,22,2,10,18,13],[14,10,18,2,22,6,13],[6,18,10,22,2,14,21,13],[10,14,6,2,18,22,13],[10,2,6,22,18,14,21,13],[2,14,22,6,18,10,13],[14,6,2,22,18,10,13],[22,2,14,18,6,10,21,13],[22,14,10,6,18,2,21,13],[6,14,22,2,10,18,13],[2,18,10,6,14,22,13],[14,6,10,2,18,22,21,13],[22,10,18,2,14,6,13],[22,18,10,6,14,2,21,13],[2,14,6,18,10,22,21,13],[22,14,10,18,2,6,21,13],[2,22,14,6,18,10,13],[2,22,18,6,10,14,13],[2,22,14,10,6,18,21,13],[2,14,6,10,22,18,21,13],[18,22,6,2,14,10,21,13],[2,14,18,10,22,6,21,13],[6,10,18,2,14,22,21,13],[6,22,18,2,14,10,13],[2,10,6,14,18,22,13],[22,18,6,2,14,10,21,13],[6,18,10,2,22,14,13],[2,14,22,18,6,10,21,13],[18,10,14,2,6,22,13],[22,18,2,10,14,6,13],[6,10,14,2,18,22,21,13],[22,14,2,6,10,18,21,13],[2,18,10,14,22,6,13],[10,14,6,2,18,22,21,13],[2,10,18,14,6,22,13],[14,10,6,18,2,22,13],[22,14,2,10,6,18,21,13],[18,10,22,2,6,14,21,13],[6,18,10,14,22,2,13],[2,22,6,14,18,10,13],[22,14,6,18,10,2,21,13],[22,14,6,2,10,18,21,13],[14,18,2,6,10,22,13],[22,18,14,2,10,6,21,13],[6,2,14,22,10,18,13],[14,2,10,18,6,22,21,13],[10,6,22,14,2,18,21,13],[18,2,14,22,6,10,21,13],[2,18,22,14,6,10,13],[10,2,14,6,22,18,21,13],[18,2,22,6,14,10,21,13],[18,6,14,22,2,10,13],[2,10,14,18,22,6,13],[6,14,10,22,18,2,21,13],[18,22,14,10,2,6,21,13],[2,10,18,14,6,22,13],[10,14,18,22,2,6,13],[22,18,14,6,2,10,21,13],[2,18,6,10,22,14,21,13],[6,18,22,10,2,14,21,13],[10,6,2,22,14,18,13],[6,10,2,14,22,18,13],[2,10,22,14,6,18,13],[18,10,2,14,22,6,21,13],[2,14,22,6,10,18,21,13],[6,14,2,18,22,10,21,13],[10,22,14,18,2,6,21,13],[14,10,6,22,2,18,21,13],[18,14,10,22,6,2,21,13],[22,18,14,10,6,2,21,13],[14,2,10,22,6,18,21,13],[22,10,18,14,6,2,13],[18,2,6,10,14,22,13],[10,6,18,14,2,22,21,13],[22,10,18,14,2,6,13],[18,2,6,14,10,22,13],[10,14,22,6,18,2,13],[6,10,18,22,2,14,21,13],[14,22,10,2,6,18,21,13],[10,6,22,2,14,18,21,13],[14,22,10,2,6,18,21,13],[18,6,22,2,14,10,21,13],[22,14,2,10,6,18,21,13],[22,6,18,10,14,2,13],[2,14,6,22,10,18,21,13],[14,18,2,10,22,6,21,13],[22,14,2,10,6,18,21,13],[6,10,18,14,2,22,21,13],[14,2,22,6,10,18,13],[14,22,6,10,2,18,21,13],[14,10,18,2,22,6,21,13],[6,18,22,14,2,10,21,13],[6,18,22,10,14,2,13],[22,18,2,14,10,6,21,13],[22,2,18,14,10,6,13],[18,6,22,14,2,10,21,13],[10,22,2,6,18,14,13],[2,10,6,18,22,14,13],[6,22,14,2,18,10,21,13],[6,18,10,2,22,14,21,13],[18,10,6,22,14,2,13],[14,10,6,2,22,18,21,13],[14,10,6,22,18,2,13],[10,2,6,18,14,22,13],[22,14,18,10,6,2,21,13],[14,10,6,2,18,22,13],[6,2,10,18,22,14,13],[18,14,6,22,2,10,13],[18,2,6,22,14,10,13],[6,14,18,10,22,2,21,13],[2,6,10,22,14,18,13],[2,18,14,22,10,6,21,13],[10,2,6,22,14,18,13],[18,6,2,10,22,14,13],[6,18,22,2,14,10,13],[6,18,10,22,14,2,13],[10,2,6,18,14,22,13],[18,14,6,2,22,10,13],[6,18,2,22,14,10,13],[22,2,18,14,10,6,21,13],[22,10,2,6,18,14,21,13],[14,6,10,22,2,18,21,13],[18,14,6,2,22,10,21,13],[22,14,18,6,10,2,13],[18,2,22,10,14,6,21,13],[2,10,18,22,14,6,21,13],[14,22,18,10,2,6,21,13],[2,10,22,6,18,14,21,13],[6,14,2,18,10,22,21,13],[6,14,2,10,22,18,13],[14,22,2,10,18,6,13],[18,10,6,22,2,14,21,13],[18,2,10,14,22,6,21,13],[18,6,10,22,14,2,13],[22,2,18,10,6,14,21,13],[2,6,18,22,10,14,13],[10,18,6,22,14,2,21,13],[6,10,14,18,22,2,21,13],[22,18,6,14,10,2,21,13],[18,22,14,10,2,6,21,13],[22,10,14,6,2,18,21,13],[10,22,14,18,6,2,21,13],[18,14,6,22,10,2,21,13],[2,18,14,22,6,10,13],[18,2,6,10,14,22,21,13],[14,2,6,18,22,10,13],[18,22,6,10,14,2,21,13],[22,2,10,18,6,14,21,13],[22,18,10,14,2,6,21,13],[18,2,22,6,10,14,13],[18,22,6,2,14,10,21,13],[10,18,22,14,6,2,21,13],[14,18,10,6,22,2,13],[22,2,10,6,14,18,13],[6,2,10,18,14,22,21,13],[14,10,22,6,18,2,13],[18,10,2,14,6,22,13],[22,10,18,2,6,14,21,13],[6,22,2,10,18,14,13],[10,14,6,18,22,2,13],[2,10,14,18,6,22,21,13],[10,22,2,14,6,18,13],[6,10,18,14,22,2,13],[22,18,2,6,10,14,13],[14,6,22,18,10,2,13],[2,6,10,22,18,14,21,13],[6,22,2,10,14,18,21,13],[6,2,10,22,14,18,21,13],[10,6,14,22,18,2,13],[22,6,14,18,10,2,13],[2,22,6,14,10,18,13],[6,18,2,22,10,14,13],[18,22,6,14,10,2,21,13],[14,10,2,22,18,6,13],[18,14,2,6,10,22,13],[14,6,22,10,2,18,13],[2,18,10,14,22,6,13],[10,22,18,14,2,6,13],[6,18,14,10,22,2,21,13],[10,6,22,14,18,2,13],[10,6,18,22,14,2,13],[14,2,18,22,6,10,21,13],[22,2,10,6,14,18,13],[14,22,18,10,2,6,21,13],[18,6,14,22,2,10,21,13],[18,14,10,22,2,6,21,13],[6,14,18,10,2,22,21,13],[14,2,18,6,22,10,21,13],[22,10,2,18,6,14,21,13],[22,18,6,14,10,2,21,13],[22,2,14,10,6,18,21,13],[14,6,10,22,2,18,21,13],[14,6,10,18,2,22,13],[18,6,14,2,22,10,21,13],[14,22,18,10,6,2,21,13],[14,18,6,22,10,2,21,13],[14,18,22,2,6,10,21,13],[22,2,6,14,18,10,21,13],[18,6,14,2,22,10,13],[14,22,6,2,18,10,21,13],[22,18,6,2,10,14,21,13],[22,6,18,14,2,10,13],[22,6,18,14,2,10,21,13],[2,14,6,18,10,22,21,13],[10,14,2,18,22,6,21,13],[2,6,22,10,14,18,13],[6,2,14,22,18,10,21,13],[14,2,22,6,10,18,21,13],[22,18,6,10,2,14,21,13],[2,18,10,14,22,6,13],[10,6,22,14,2,18,13],[22,6,10,2,18,14,13],[6,2,14,22,18,10,13],[10,18,14,22,2,6,13],[2,14,10,6,18,22,13],[18,2,6,14,10,22,13],[14,6,2,10,22,18,21,13],[22,10,14,2,18,6,21,13],[22,6,2,10,18,14,21,13],[2,14,18,10,22,6,13],[14,22,6,10,2,18,13],[10,22,14,2,18,6,21,13],[6,22,14,2,10,18,13],[14,18,10,22,2,6,21,13],[22,6,18,2,10,14,13],[6,10,14,2,18,22,21,13],[14,2,10,6,22,18,21,13],[14,10,6,18,22,2,21,13],[14,22,2,10,18,6,13],[14,10,22,2,18,6,13],[6,10,22,18,2,14,13],[18,6,2,14,10,22,13],[14,10,18,22,6,2,21,13],[14,6,10,2,18,22,13],[18,10,2,22,14,6,21,13],[22,2,18,14,6,10,13],[18,14,6,10,2,22,13],[2,22,14,10,6,18,13],[22,14,10,6,2,18,21,13],[6,10,14,22,2,18,13],[22,18,10,2,14,6,21,13],[2,22,14,6,10,18,13],[18,6,10,2,22,14,13],[14,2,10,6,18,22,21,13],[10,18,22,6,2,14,21,13],[14,2,6,22,10,18,21,13],[10,22,2,18,6,14,21,13],[2,6,10,22,18,14,21,13],[6,14,10,18,22,2,21,13],[10,22,14,18,6,2,21,13],[14,22,10,6,2,18,21,13],[14,6,22,2,18,10,13],[18,22,2,10,14,6,21,13],[14,22,10,2,18,6,21,13],[14,2,6,10,18,22,13],[10,14,22,18,6,2,13],[2,18,10,14,22,6,13],[6,18,14,10,2,22,13],[22,10,2,6,18,14,21,13],[2,14,22,18,10,6,13],[18,2,10,6,22,14,21,13],[2,18,10,14,22,6,13],[18,6,10,14,2,22,13],[6,10,14,18,22,2,21,13],[2,18,10,22,6,14,21,13],[2,22,18,14,6,10,21,13],[6,10,22,18,14,2,21,13],[22,6,18,10,14,2,21,13],[14,2,22,10,18,6,13],[22,10,18,2,14,6,13],[2,18,10,6,22,14,21,13],[10,2,22,18,6,14,13],[18,14,22,10,6,2,21,13],[10,22,18,14,2,6,13],[22,2,18,6,10,14,13],[22,14,10,2,18,6,13],[6,2,14,18,22,10,13],[6,18,10,22,2,14,13],[14,6,2,22,10,18,13],[10,2,6,14,22,18,21,13],[18,14,22,2,10,6,13],[2,6,14,18,10,22,13],[22,18,2,10,6,14,21,13],[14,22,18,2,10,6,21,13],[14,10,6,18,2,22,21,13],[10,18,6,2,22,14,13],[2,18,6,10,14,22,21,13],[14,2,22,6,10,18,21,13],[18,14,10,2,6,22,13],[2,22,18,6,14,10,13],[10,6,22,14,18,2,21,13],[6,2,22,18,14,10,13],[14,10,22,6,18,2,13],[2,6,22,14,18,10,21,13],[14,6,22,2,18,10,13],[10,6,18,22,2,14,13],[14,10,6,22,2,18,21,13],[6,18,10,2,22,14,21,13],[10,6,22,18,2,14,21,13],[6,2,18,22,10,14,21,13],[2,22,14,10,18,6,21,13],[14,2,18,6,10,22,13],[6,2,10,18,22,14,21,13],[2,18,6,22,10,14,21,13],[22,14,10,6,18,2,13],[6,22,18,10,14,2,13],[14,10,6,18,22,2,21,13],[2,18,10,22,14,6,13],[10,2,22,14,18,6,13],[18,22,10,6,14,2,13],[14,22,2,6,18,10,13],[6,10,22,14,18,2,21,13],[14,2,10,22,18,6,21,13],[10,14,2,22,6,18,13],[6,14,10,18,2,22,21,13],[18,14,22,6,10,2,13],[6,14,10,22,18,2,13],[14,18,6,22,2,10,13],[10,18,2,14,22,6,13],[6,22,10,2,18,14,21,13],[2,6,22,14,18,10,21,13],[22,14,2,10,18,6,21,13],[18,22,10,14,6,2,13],[2,6,14,10,22,18,21,13],[18,2,14,10,6,22,13],[18,6,2,14,22,10,13],[14,2,22,10,6,18,13],[10,22,2,18,14,6,21,13],[2,22,6,10,18,14,21,13],[18,10,6,14,22,2,13],[22,18,10,6,2,14,21,13],[6,10,2,18,22,14,21,13],[18,6,2,22,10,14,13],[2,10,14,6,18,22,21,13],[18,6,14,22,10,2,13],[2,14,22,6,18,10,13],[10,14,6,2,22,18,21,13],[22,2,18,14,6,10,21,13],[14,22,18,6,10,2,13],[18,14,22,2,10,6,21,13],[22,18,2,14,10,6,21,13],[6,22,14,2,18,10,13],[10,2,18,6,22,14,13],[22,14,10,18,2,6,21,13],[2,10,14,18,22,6,21,13],[14,2,6,10,18,22,21,13],[6,10,2,18,14,22,21,13],[22,18,10,2,6,14,13],[18,14,6,2,10,22,13],[2,10,18,6,22,14,21,13],[6,2,10,22,18,14,21,13],[2,22,18,14,10,6,13],[2,14,10,22,6,18,21,13],[10,2,18,22,6,14,21,13],[18,2,22,10,14,6,21,13],[10,22,18,2,14,6,13],[2,14,18,22,10,6,13],[6,2,14,22,10,18,13],[2,22,18,14,10,6,21,13],[2,14,18,6,10,22,21,13],[14,2,6,22,18,10,13],[10,2,6,14,22,18,13],[6,22,2,14,10,18,21,13],[14,10,6,2,22,18,13],[14,22,2,18,6,10,21,13],[6,10,22,18,2,14,13],[14,22,18,2,10,6,21,13],[22,10,18,6,2,14,21,13],[14,2,6,22,18,10,13],[6,22,18,10,2,14,13],[14,18,6,22,10,2,21,13],[18,6,14,2,22,10,21,13],[10,18,22,2,14,6,21,13],[14,10,18,2,22,6,21,13],[6,2,18,10,14,22,13],[18,10,22,6,2,14,21,13],[10,2,22,14,18,6,21,13],[18,2,10,6,22,14,13],[2,10,22,14,6,18,13],[18,10,14,6,22,2,13],[14,22,10,2,6,18,21,13],[2,6,10,18,14,22,21,13],[18,14,10,6,2,22,13],[22,10,2,14,6,18,21,13],[18,6,2,22,10,14,13],[18,22,14,6,2,10,13],[2,22,14,6,18,10,13],[6,22,2,18,10,14,21,13],[2,18,22,10,14,6,13],[22,10,14,6,18,2,13],[10,6,22,14,18,2,21,13],[10,6,18,2,22,14,13],[6,22,14,10,2,18,21,13],[10,22,14,6,18,2,21,13],[10,14,6,18,22,2,21,13],[10,2,14,6,22,18,21,13],[10,14,18,2,22,6,13],[2,18,14,6,10,22,13],[22,2,18,14,10,6,13],[14,6,10,18,2,22,21,13],[10,2,6,14,22,18,13],[22,18,6,14,10,2,13],[6,10,22,14,18,2,21,13],[18,22,6,2,10,14,13],[6,18,14,22,2,10,21,13],[10,22,18,14,2,6,21,13],[2,18,6,14,10,22,21,13],[18,14,10,2,22,6,13],[10,14,2,18,6,22,13],[22,6,2,14,18,10,21,13],[14,2,22,18,10,6,13],[2,18,14,22,6,10,21,13],[6,14,18,2,10,22,13],[22,6,2,14,18,10,21,13],[14,18,10,22,6,2,21,13],[18,6,22,2,14,10,21,13],[6,2,22,10,18,14,13],[6,18,10,14,2,22,13],[10,14,6,18,22,2,21,13],[10,22,6,14,18,2,21,13],[10,14,22,18,6,2,21,13],[2,6,14,22,18,10,21,13],[10,18,22,6,2,14,13],[10,6,22,14,2,18,13],[14,18,10,2,22,6,13],[18,2,22,10,6,14,21,13],[2,18,14,10,6,22,13],[2,10,18,14,22,6,13],[10,2,18,22,6,14,21,13],[14,10,22,6,18,2,21,13],[14,22,2,10,6,18,21,13],[2,22,6,18,10,14,21,13],[14,6,18,22,10,2,21,13],[2,18,14,6,22,10,13],[22,2,14,18,6,10,13],[14,18,22,6,2,10,13],[18,22,6,2,14,10,13],[18,10,6,2,22,14,13],[2,22,6,10,18,14,21,13],[14,2,6,18,22,10,13],[6,10,2,22,14,18,21,13],[22,18,10,2,6,14,13],[6,22,18,14,10,2,21,13],[14,10,2,6,18,22,13],[22,14,6,18,2,10,13],[10,2,22,6,14,18,13],[10,18,6,22,2,14,13],[22,14,10,18,6,2,21,13],[10,14,22,6,2,18,21,13],[6,14,2,18,10,22,13],[6,14,22,10,2,18,21,13],[2,10,14,22,18,6,13],[2,22,10,6,14,18,13],[6,14,10,18,22,2,13],[10,6,2,22,14,18,21,13],[2,18,22,10,6,14,21,13],[6,22,10,2,18,14,13],[2,18,22,14,10,6,21,13],[18,10,14,2,22,6,13],[2,6,18,14,22,10,13],[10,14,6,2,18,22,21,13],[22,6,2,18,10,14,21,13],[22,18,14,6,10,2,13],[22,10,14,6,18,2,21,13],[22,18,6,14,2,10,21,13],[14,6,2,22,10,18,13],[2,10,6,22,14,18,21,13],[22,18,10,2,6,14,21,13],[14,18,6,22,2,10,13],[14,10,6,2,22,18,13],[22,14,18,2,10,6,13],[22,2,14,6,10,18,13],[14,10,22,18,6,2,13],[6,2,14,22,10,18,13],[6,2,10,14,18,22,21,13],[18,10,22,14,2,6,13],[22,2,10,14,18,6,13],[18,2,22,10,6,14,13],[6,10,2,18,22,14,21,13],[22,2,6,10,14,18,13],[10,14,22,18,2,6,13],[22,10,2,18,14,6,13],[14,18,2,10,6,22,21,13],[10,14,2,18,6,22,13],[6,10,14,2,22,18,13],[6,14,18,2,10,22,21,13],[18,14,2,6,22,10,21,13],[2,14,22,6,18,10,13],[10,22,2,6,18,14,13],[18,2,6,14,22,10,21,13],[22,6,18,14,10,2,21,13],[18,6,2,10,22,14,13],[2,14,10,18,6,22,21,13],[2,6,18,22,14,10,13],[18,2,22,14,6,10,21,13],[18,2,22,10,14,6,21,13],[10,2,6,22,14,18,21,13],[22,2,10,18,6,14,21,13],[6,14,18,22,2,10,21,13],[2,10,14,6,18,22,13],[22,2,6,14,10,18,13],[18,2,14,10,6,22,21,13],[18,6,14,22,2,10,21,13],[2,18,22,10,14,6,13],[18,2,6,14,22,10,21,13],[22,10,6,2,18,14,13],[10,22,18,2,14,6,13],[10,18,22,2,14,6,13],[22,18,14,2,6,10,13],[18,6,2,14,10,22,13],[10,18,14,2,22,6,13],[18,2,6,22,14,10,13],[18,6,14,10,2,22,13],[2,14,6,22,10,18,21,13],[6,14,22,18,10,2,13],[22,2,14,10,18,6,21,13],[10,6,22,14,2,18,13],[14,10,18,6,22,2,13],[22,14,6,10,2,18,13],[22,10,18,2,14,6,13],[14,22,10,6,2,18,13],[14,22,18,2,6,10,13],[10,2,6,14,18,22,21,13],[14,6,10,2,18,22,13],[18,14,6,22,2,10,13],[18,10,2,22,14,6,13],[14,18,22,10,2,6,21,13]],"n_human":7}