{"problem_id":"ZQ7n6qCzp44MHrJ","sigma":75,"alpha":0.316,"cost":0,"probabilities":"[0.31, 0.22, 0.27, 0.2]","payoff_matrix":"[[-85, 0, 81, -45, 140, -73], [-89, -95, -107, -109, 52, 37], [78, 86, -2, 66, 32, -173], [54, 113, -51, 20, -52, 10]]","uncovered":[[21,13,9,5,17,11,19,1],[1,21,5,13,9,17,19,11],[5,1,21,9,17,11,19,13],[17,1,5,9,11,19,23,15,13],[17,24,13,9,19,11,1,7,5,18],[13,5,17,1,9,19,11,23],[13,17,5,1,9,11,19,22,21],[17,9,19,11,1,24,16,8,5,7,18],[9,21,13,5,1,17,19,11],[17,13,1,21,7,5,19],[5,21,9,17,19,11,4,1,13],[1,5,21,9,17,19,11,13],[17,5,13,11,1,21,9,19],[21,13,9,5,17,11,19,2],[5,1,13,17,21,9,19,11],[21,1,9,5,13,17,19,11],[5,9,21,17,11,19,1,14],[13,1,9,17,19,11,21],[9,1,17,11,19,21,13],[21,5,13,17,1,9,19,11],[9,1,21,5,13,17,11,19],[17,7,5,19,13,10,1],[17,15,13,21,1,9,11,19],[5,17,1,21,9,19,11,16,13],[9,13,5,1,21,17,19,11],[9,1,17,19,11,5,13,24,10],[21,17,13,3,1,9,11,19],[13,17,23,9,19,11,7,5,1],[13,21,9,5,17,19,11,3,1],[17,7,5,19,13,21,4,1],[21,9,17,11,19,8,5,7,18],[1,13,21,5,9,17,11,19],[5,13,17,9,11,19,23,3,1],[13,1,21,9,17,11,19],[21,1,5,13,17,9,19,11],[1,13,9,5,21,17,19,11],[5,21,13,17,1,9,11,19],[1,9,13,21,17,11,19],[1,21,9,17,19,11,5,13],[1,5,13,21,17,11,9,19],[5,17,9,11,19,22,21,13,1],[13,21,5,1,17,9,19,11],[1,9,17,19,11,16,6,21],[5,13,17,21,1,9,11,19],[17,13,11,1,21,5,9,19],[17,11,13,1,5,21,9,19],[9,1,17,19,11,21,7,5,13],[9,5,13,21,17,11,19,3,1],[5,9,1,17,19,11,23,13],[9,1,13,5,21,17,19,11],[17,1,13,9,11,19,21],[9,1,21,13,17,11,19],[9,1,21,17,11,19,13],[21,1,17,5,13,9,11,19],[5,9,17,11,19,16,23,2,15,13],[9,1,17,11,19,5,21,13],[1,5,21,9,17,11,19,13],[5,1,13,17,9,11,19,21],[17,13,21,9,19,11,5,1],[9,17,19,11,6,2,24,13],[5,1,13,21,9,17,11,19],[17,9,11,19,1,8,7,5,18],[13,17,1,5,9,11,19,24,18],[17,5,9,11,19,13,21,1],[1,9,5,17,11,19,18],[13,9,17,11,19,22,21,1],[1,17,5,14,21,9,11,19],[17,9,11,19,21,7,5,13,3,1],[9,17,11,19,8,5,7,18],[9,17,19,11,4,1,15,13,24,8,5,7,18],[1,9,5,13,21,17,19,11],[1,9,21,17,19,11,5,16,13],[13,1,17,5,21,9,19,11],[21,1,17,9,19,11,5,13],[1,9,21,5,13,17,11,19],[5,13,9,21,17,19,11,1],[5,13,9,1,21,17,19,11],[1,17,21,13,9,19,11],[13,5,21,17,1,9,11,19],[13,5,21,9,17,11,19,1],[13,21,1,5,17,9,11,19],[13,9,1,17,11,19,6,21],[9,13,1,17,11,19,6,23],[17,7,5,19,1,13,9,11,21],[9,5,17,19,11,21,1,13],[1,17,21,13,9,11,19],[21,5,17,1,13,9,19,11],[17,13,21,1,9,11,19],[13,21,1,17,9,11,19],[1,5,21,13,9,17,11,19],[13,21,17,3,1,9,11,19],[17,1,13,9,11,19,21],[5,1,13,21,17,10,19],[17,5,9,19,11,13,2,24,10],[1,21,17,5,13,9,19,11],[21,9,1,5,13,17,19,11],[13,1,9,21,5,17,19,11],[21,13,5,9,1,17,11,19],[21,13,17,5,9,11,19,1],[1,17,13,5,9,19,11,21],[1,13,9,21,17,11,19],[9,17,19,11,1,15,13,21,5],[5,1,13,9,17,19,11,21],[5,1,17,15,13,21,9,19,11],[5,13,21,9,1,17,19,11],[21,13,9,17,19,11,6,3,1],[9,13,17,19,11,10,24,5],[5,9,21,17,11,19,13,1],[21,5,17,1,9,11,19,16,13],[21,5,17,9,11,19,13,1],[13,17,5,9,19,11,2,21],[9,1,5,21,13,17,11,19],[9,13,5,1,21,17,11,19],[9,5,1,13,17,19,11,21],[13,5,21,1,17,9,11,19],[17,13,1,9,19,11,5,22,21],[13,21,17,1,5,9,11,19],[13,17,5,9,11,19,23,3,1],[21,13,1,9,17,11,19],[5,9,13,21,17,19,11,2],[13,9,17,11,19,21,2,7,5,6],[1,9,17,19,11,13,21],[5,13,17,9,19,11,21,1],[5,21,1,9,13,17,11,19],[1,13,21,9,5,17,19,11],[5,17,13,1,21,9,11,19],[13,1,9,5,17,19,11,21],[17,21,9,11,19,15,13,1],[13,9,17,19,11,21,8,5,7,18],[13,5,1,17,21,9,11,19],[5,9,1,17,19,11,14,24,18],[13,21,17,9,11,19,7,5,4,1],[5,1,9,17,19,11,22,21,15,13],[1,13,5,17,9,19,11,21],[21,1,9,17,11,19,5,15,13],[21,13,17,9,19,11,5,1],[13,1,21,9,17,19,11],[1,21,5,9,17,11,19,13],[21,5,13,1,9,17,11,19],[21,9,5,1,17,11,19,13],[5,13,1,9,17,11,19,22,21],[5,21,1,17,13,9,19,11],[21,17,5,13,9,19,11,3,1],[1,5,9,21,13,17,19,11],[17,15,13,1,5,9,11,19,24,10],[5,1,21,13,17,9,11,19],[13,5,21,17,1,9,19,11],[5,17,1,9,19,11,23,14],[17,13,9,11,19,21,7,5,10],[9,5,1,17,19,11,21,13],[9,21,1,5,17,19,11,14],[13,21,17,1,9,11,19],[9,17,11,19,1,5,13,23],[13,17,1,5,21,9,19,11],[17,5,9,11,19,1,23,13],[5,1,17,13,10,24,23],[1,17,9,19,11,21,7,5,13],[9,21,5,13,17,11,19,1],[1,13,5,21,9,17,19,11],[21,5,1,9,13,17,11,19],[21,1,5,13,17,9,19,11],[9,21,5,1,17,19,11,14],[5,17,9,11,19,24,15,13,4,1,10],[21,5,1,9,13,17,19,11],[5,9,17,11,19,21,14,3,1],[17,1,21,9,11,19,5,13],[5,21,13,1,9,17,11,19],[13,1,21,17,11,5,9,19],[17,5,9,11,19,14,1,21],[17,5,9,19,11,13,1,24,18],[9,5,13,17,19,11,1,21],[1,21,17,9,11,19,7,5,13],[21,9,1,5,17,19,11,13],[17,21,13,5,9,11,19,18],[5,17,21,9,11,19,4,1,13],[13,21,9,1,17,11,19],[17,24,1,13,9,19,11,7,5,20,10,6],[1,13,5,9,17,19,11,21],[21,17,13,11,1,5,9,19],[13,1,17,9,19,11,5,22,23],[5,17,21,13,9,11,19,1],[21,17,1,9,11,19,8,5,7,18],[17,13,21,5,10,1,19],[5,1,21,9,13,17,11,19],[9,13,21,5,1,17,19,11],[5,13,21,17,9,19,11,3,1],[1,21,13,17,5,9,19,11],[5,21,1,13,9,17,11,19],[5,13,9,17,19,11,3,1,21],[13,9,21,1,17,11,19],[21,17,9,11,19,1,16,8,5,7,18],[21,1,9,13,17,19,11],[5,13,17,9,19,11,23,4,1],[21,17,1,13,5,9,11,19],[5,13,21,9,1,17,11,19],[13,17,9,19,11,2,8,5,7,18],[5,9,1,21,13,17,19,11],[5,1,9,21,13,17,19,11],[1,9,17,11,19,21,15,13],[17,21,13,5,9,11,19,1],[21,5,9,1,13,17,11,19],[21,13,17,9,19,11,5,1],[21,17,1,5,9,11,19,13],[9,17,19,11,13,1,5,22,21],[1,9,13,21,17,19,11],[21,17,9,11,19,1,13],[13,21,1,9,17,19,11],[17,5,13,3,1,21,9,11,19],[13,17,8,5,19,7,18],[1,17,21,9,19,11,15,13],[9,1,13,17,19,11,7,5,23],[5,21,9,17,11,19,18],[17,21,1,13,6,9,11,19],[9,21,13,5,1,17,19,11],[21,1,17,13,5,11,9,19],[5,17,9,11,19,21,3,1,13],[13,17,5,11,21,1,9,19],[21,13,1,5,17,11,9,19],[17,9,11,19,5,1,22,21,13],[13,17,9,19,11,2,8,5,7,18],[21,9,13,5,17,19,11,4,1],[5,1,21,9,17,11,19,16,13],[5,17,1,21,13,9,11,19],[9,21,1,17,11,19,15,13],[17,10,21,5,1,13,19],[5,17,23,13,1,9,19,11],[1,5,9,17,19,11,21,16,13],[17,1,5,21,13,9,11,19],[9,17,11,19,13,12,7,5,23],[21,13,17,9,19,11,1],[9,13,17,11,19,6,21,1],[17,9,19,11,5,14,21,1],[9,1,21,13,5,17,19,11],[9,17,19,11,2,24,5,13,10],[21,17,13,11,5,1,9,19],[9,5,17,19,11,22,21,2,13],[1,9,5,21,17,11,19,13],[5,21,13,17,1,9,11,19],[13,1,5,17,21,9,11,19],[1,9,17,19,11,5,24,16,13,18],[5,21,17,1,13,9,11,19],[21,9,1,13,17,11,19],[21,5,1,9,13,17,19,11],[5,21,9,1,13,17,11,19],[17,9,19,11,13,24,4,1,5,18],[9,13,21,17,19,11,1],[1,9,17,11,19,5,24,16,14,10],[17,13,21,1,8,5,19,7,18],[9,17,11,19,15,13,23,5,1],[13,9,17,11,19,21,1],[9,21,1,5,17,11,19,15,13],[1,5,21,17,13,9,19,11],[1,17,5,9,11,19,21,15,13],[21,9,5,13,1,17,11,19],[17,13,21,9,11,19,8,5,7,18],[9,17,11,19,23,16,4,1,5,13],[5,21,1,17,13,9,19,11],[9,17,19,11,5,3,1,13,21],[21,13,5,17,9,19,11,3,1],[5,17,21,13,9,19,11,1],[13,5,9,1,17,19,11,10],[9,1,17,19,11,23,13],[9,21,5,17,19,11,13,1],[21,13,1,5,9,17,19,11],[13,5,1,21,17,9,11,19],[21,5,17,9,11,19,2,13],[13,17,21,11,1,5,9,19],[21,5,13,9,1,17,19,11],[9,1,21,5,13,17,11,19],[9,21,1,17,11,19,15,13],[21,13,9,5,1,17,11,19],[5,1,13,17,21,9,19,11],[1,21,17,9,11,19,13],[17,9,11,19,13,1,5,21],[9,17,11,19,1,21,13],[17,5,9,19,11,15,13,3,1,12],[1,5,17,13,21,11,10],[1,17,5,11,21,13,9,19],[17,5,1,9,11,19,21,15,13],[5,13,21,1,17,9,11,19],[9,17,11,19,22,21,1,5,14],[13,21,9,1,5,17,19,11],[21,1,9,17,11,19,13],[9,17,19,11,21,15,13,18],[13,9,1,17,19,11,21],[5,9,1,13,21,17,11,19],[13,21,9,1,5,17,11,19],[5,13,9,1,17,11,19,24,18],[1,5,13,17,9,11,19,21],[13,5,9,21,17,19,11,1],[1,13,9,17,19,11,8,5,7,18],[1,9,13,21,5,17,11,19],[5,17,13,9,19,11,1,23],[13,21,1,17,5,9,19,11],[13,1,21,17,5,9,19,11],[1,17,9,11,19,21,16,5,13],[5,17,21,9,11,19,15,13,18],[21,5,13,9,17,19,11,4,1],[21,13,5,1,9,17,19,11],[21,5,1,13,17,9,11,19],[13,9,17,11,19,21,1],[13,5,9,21,1,17,19,11],[17,1,21,7,5,19,9,11,13],[9,21,1,5,17,19,11,16,13],[13,17,21,1,5,9,19,11],[5,17,21,13,3,1,9,11,19],[17,1,7,5,19,21,9,11,13],[5,17,9,11,19,21,15,13,1],[21,17,1,9,11,19,13],[13,21,17,9,11,19,1],[21,13,1,17,9,11,19],[21,17,1,9,19,11,15,13],[5,13,17,1,9,11,19,21],[13,5,9,17,19,11,23,1],[21,17,13,5,9,19,11,1],[17,9,19,11,23,5,10],[1,13,21,9,5,17,19,11],[17,1,5,21,11,13,9,19],[5,17,9,19,11,15,13,1,21],[5,21,1,13,17,9,19,11],[5,1,21,9,13,17,19,11],[17,21,13,9,11,19,2,5],[1,5,13,21,9,17,19,11],[1,21,9,5,17,19,11,13],[21,5,17,1,13,9,11,19],[17,1,13,9,19,11,7,5,22,21],[9,21,17,11,19,5,2,14],[9,21,13,17,11,19,6,1],[9,5,21,1,13,17,19,11],[9,13,1,17,11,19,8,5,7,18],[17,21,13,1,9,11,19],[5,9,17,19,11,21,2,14],[17,9,11,19,23,15,13,1],[21,17,15,13,1,5,9,19,11],[9,17,11,19,1,13,21],[1,21,13,5,9,17,19,11],[1,13,17,21,10,5,6],[9,17,19,11,2,24,13,5,21],[17,3,1,9,19,11,13,21],[9,21,5,13,1,17,11,19],[9,17,11,19,21,1,13],[9,13,21,1,17,19,11],[1,17,21,5,9,11,19,15,13],[21,9,13,1,5,17,11,19],[5,13,21,17,1,9,11,19],[1,5,13,9,21,17,19,11],[13,9,21,1,17,19,11],[9,5,21,17,11,19,1,15,13],[9,17,19,11,13,1,21],[5,1,21,9,17,11,19,13],[9,13,1,17,11,19,22,21],[1,13,5,9,21,17,11,19],[17,1,16,9,11,19,21,6],[17,21,13,1,9,11,19],[21,17,5,13,1,9,19,11],[21,17,5,14,9,19,11,2],[9,17,11,19,5,15,13,3,1,24,12],[1,21,13,17,9,11,19],[1,13,17,9,11,19,21],[13,21,5,9,1,17,11,19],[21,9,1,13,5,17,11,19],[5,13,21,17,9,11,19,4,1],[13,21,5,9,17,11,19,1],[5,1,13,17,9,11,19,21],[1,5,17,21,13,9,11,19],[17,13,21,7,5,19,9,11,1],[17,9,19,11,24,6,3,1,13],[13,5,9,21,1,17,19,11],[5,9,17,19,11,21,13,1],[9,21,1,13,5,17,19,11],[13,5,1,17,9,19,11,22,23],[17,1,9,19,11,14,20,10,21],[17,7,5,19,1,10,21],[5,1,17,9,11,19,13,21],[17,5,11,13,21,1,9,19],[17,13,5,21,1,9,11,19],[5,21,1,9,17,11,19,13],[17,9,19,11,13,5,21,18],[21,17,1,9,11,19,7,5,13],[17,9,11,19,1,21,13],[21,5,9,13,1,17,19,11],[1,5,17,21,9,11,19,16,15,13],[21,5,13,1,17,9,19,11],[21,9,17,19,11,4,1,6],[9,1,13,21,5,17,11,19],[17,5,24,9,11,19,1,15,13,10],[21,5,13,9,1,17,19,11],[9,1,21,5,17,19,11,15,13],[5,9,13,21,17,19,11,1],[9,1,5,17,19,11,13,24,20,10],[5,1,17,23,13,12,7,19],[13,5,9,21,17,11,19,1],[1,9,17,11,19,14,6,24],[17,1,5,21,10,13,18],[1,9,5,21,17,11,19,13],[17,7,5,19,1,13,23],[13,5,1,17,9,19,11,10],[17,1,21,9,11,19,5,13],[9,5,13,17,19,11,1,21],[1,13,9,5,17,19,11,21],[5,21,13,17,1,9,11,19],[17,9,11,19,13,4,1,5,21],[5,1,9,13,17,19,11,21],[1,21,9,5,17,19,11,14],[5,9,1,17,11,19,23,13],[13,17,21,9,19,11,5,1],[21,5,9,17,19,11,13,1],[1,13,9,5,21,17,11,19],[1,5,9,13,17,11,19,10],[9,17,11,19,13,3,1,5,22,21],[21,13,5,17,9,19,11,3,1],[1,9,5,21,13,17,19,11],[21,17,5,13,11,1,9,19],[21,17,1,9,11,19,13],[5,13,17,1,9,19,11,21],[21,1,5,13,17,9,11,19],[21,13,17,9,11,19,1],[17,5,13,23,1,9,11,19],[5,9,1,13,17,11,19,21],[17,9,11,19,2,15,13,21,6],[9,21,5,1,13,17,19,11],[5,1,13,9,17,19,11,23],[13,5,17,21,9,11,19,1],[9,13,5,1,17,11,19,22,21],[1,21,17,8,5,19,7,18],[1,5,21,17,9,11,19,15,13],[17,5,1,9,11,19,21,10],[5,17,1,9,11,19,21,15,13],[9,21,5,1,17,19,11,16,18],[13,17,21,5,9,19,11,1],[17,13,1,9,11,19,7,5,21],[17,5,1,13,21,9,11,19],[17,9,19,11,15,13,23,8,5,7,18],[13,21,9,17,11,19,8,5,7,18],[5,9,17,19,11,23,3,1,13],[13,1,17,5,21,11,9,19],[13,5,1,9,17,19,11,23],[9,17,11,19,13,5,21,2],[5,1,13,9,17,11,19,21],[21,5,17,1,9,19,11,15,13],[5,13,17,23,9,19,11,1],[13,17,22,21,5,1,9,19,11],[21,13,1,5,17,9,19,11],[1,9,21,17,11,19,15,13],[13,17,9,19,11,22,23,4,1],[13,17,9,11,19,1,6,21],[17,1,5,13,10,21,19],[1,9,17,11,19,16,21,5,13],[21,5,17,13,9,11,19,1],[13,17,21,1,5,9,19,11],[21,5,13,1,9,17,19,11],[5,9,1,13,21,17,19,11],[17,5,9,19,11,15,13,4,1,21],[5,17,9,19,11,2,13,21],[17,21,13,9,19,11,5,4,1],[9,5,17,19,11,4,3,1,13,22,21],[9,17,19,11,5,1,21,16,13],[5,17,1,24,13,10,21],[5,21,9,13,17,11,19,3,1],[5,13,1,21,17,9,19,11],[17,5,1,9,19,11,13,22,21],[9,1,13,17,11,19,21],[13,9,5,1,17,19,11,23],[13,9,17,19,11,23,4,1],[5,17,1,9,11,19,23,13],[1,17,13,5,21,9,11,19],[21,1,17,13,5,9,19,11],[1,21,9,17,19,11,5,13],[13,1,21,5,17,9,19,11],[17,5,9,11,19,4,1,13,18],[5,9,17,11,19,13,3,1,21],[13,1,17,21,5,9,11,19],[21,1,9,13,17,19,11],[13,5,21,17,9,11,19,1],[5,17,9,11,19,18],[21,5,17,13,9,19,11,3,1],[13,17,5,9,11,19,1,21],[9,21,1,13,5,17,11,19],[1,21,5,9,13,17,19,11],[1,5,17,10,13,21,19],[1,5,17,9,19,11,16,23,13],[17,5,1,13,9,11,19,22,21],[13,17,9,19,11,21,5,1],[1,13,17,5,21,9,19,11],[21,13,5,9,17,11,19,1],[17,5,15,13,11,21,1,19],[1,9,17,19,11,21,6],[5,13,17,9,11,19,21,4,1],[17,5,1,21,13,9,11,19],[21,9,13,1,5,17,11,19],[21,5,1,13,9,17,19,11],[5,1,21,13,17,9,11,19],[9,21,1,17,11,19,5,15,13],[21,13,9,1,17,19,11],[13,9,5,1,17,11,19,23],[9,21,13,1,17,19,11],[21,9,1,5,17,19,11,13],[17,13,9,19,11,5,22,21,3,1],[9,5,17,19,11,21,13,2],[21,5,1,17,9,11,19,14],[21,5,9,17,19,11,13,2],[17,9,11,19,15,13,8,5,7,18],[21,17,1,13,7,5,19],[13,5,21,9,1,17,19,11],[5,1,13,9,17,19,11,21],[21,1,9,13,5,17,11,19],[1,17,21,10,13,5,8,19],[5,1,17,21,13,9,11,19],[1,21,9,17,19,11,16,5,15,13],[5,21,1,9,17,11,19,13],[1,9,5,13,21,17,19,11],[13,9,1,21,17,19,11],[21,17,13,5,1,9,11,19],[21,13,9,17,11,19,1],[5,17,1,9,11,19,13,24,18],[13,17,21,1,5,11,9,19],[21,5,13,9,1,17,19,11],[9,1,5,13,17,11,19,24,18],[17,1,9,11,19,6,13,21],[21,13,1,5,17,9,19,11],[13,1,17,21,9,11,19],[9,21,5,13,17,11,19,1],[5,9,1,21,13,17,11,19],[9,5,1,13,21,17,19,11],[17,9,11,19,7,5,15,13,21,1],[13,5,21,1,17,10,7,19],[1,21,17,5,9,11,19,16,13],[9,21,17,11,19,5,1,13],[1,5,21,13,17,12,19],[13,1,17,11,7,5,19,22,21],[5,9,1,17,11,19,22,21,16,10],[5,9,13,17,11,19,1,23],[9,5,1,13,17,11,19,21],[13,9,5,1,17,19,11,24,10],[21,13,5,17,1,12,6],[1,5,13,21,9,17,19,11],[13,1,9,17,19,11,7,5,21],[17,21,1,5,13,11,9,19],[1,21,9,17,11,19,13],[5,21,17,1,9,19,11,13],[9,5,17,11,19,1,22,21,15,13],[9,21,13,1,5,17,19,11],[21,13,5,9,17,11,19,4,1],[1,17,9,19,11,5,21,15,13],[9,17,11,19,5,23,2,16,13],[21,9,1,17,11,19,5,13],[13,17,21,1,5,9,11,19],[17,13,5,1,9,11,19,21],[13,1,21,5,17,9,11,19],[1,17,5,21,13,11,9,19],[5,1,17,13,9,11,19,23],[5,9,13,21,17,19,11,3,1],[9,5,21,1,17,11,19,15,13],[21,5,9,1,17,11,19,13],[1,13,9,5,17,11,19,23],[1,13,17,21,9,19,11],[13,21,17,5,9,11,19,1],[9,17,19,11,24,5,13,1,18],[21,5,9,1,17,19,11,15,13],[5,21,17,9,11,19,14,3,1],[21,17,1,13,5,9,11,19],[5,9,17,19,11,21,13,1],[13,17,9,11,19,21,1],[17,21,5,1,9,11,19,13],[13,9,5,17,19,11,1,21],[5,9,17,19,11,14,20,10,1,21],[21,9,1,17,19,11,13],[13,21,1,5,9,17,19,11],[13,17,1,21,7,5,19],[17,13,1,21,5,9,19,11],[13,9,5,17,11,19,21,1],[21,9,5,1,17,11,19,13],[5,1,13,17,21,9,11,19],[5,9,13,17,19,11,4,1,21],[1,9,13,5,21,17,11,19],[21,5,17,1,9,11,19,14],[5,9,17,11,19,22,21,4,2,16,20,10,13],[5,13,9,1,21,17,11,19],[17,21,9,11,19,13,5,2],[17,21,9,19,11,5,2,10],[5,13,9,1,17,11,19,23],[5,9,1,13,21,17,19,11],[13,1,21,9,17,11,19],[9,13,1,17,11,19,5,24,18],[21,17,9,19,11,3,1,5,14],[13,21,17,9,11,19,6,2],[21,1,9,13,17,19,11],[5,1,9,17,11,19,22,21,13],[5,13,9,21,17,11,19,4,1],[5,9,1,13,21,17,19,11],[13,17,5,1,9,19,11,23],[17,13,5,9,19,11,1,23],[9,21,13,17,19,11,3,1],[9,1,13,5,17,19,11,23],[5,13,21,9,17,11,19,1],[13,21,1,5,9,17,19,11],[13,21,17,5,9,19,11,3,1],[21,17,5,9,19,11,1,15,13],[5,17,21,9,11,19,1,13],[13,21,5,1,17,9,11,19],[17,21,5,9,11,19,13,4,1],[9,1,17,19,11,5,16,21,18],[21,13,1,5,9,17,11,19],[5,1,9,21,17,11,19,13],[5,13,9,21,1,17,19,11],[1,9,5,21,13,17,19,11],[17,13,3,1,5,9,11,19,21],[13,5,1,21,17,9,19,11],[9,17,19,11,21,8,5,7,18],[1,17,9,11,19,24,8,5,7,18],[5,1,13,9,17,19,11,21],[1,13,9,5,17,11,19,21],[9,21,17,11,19,13,1],[1,5,21,9,13,17,11,19],[5,21,9,17,11,19,1,13],[17,5,21,2,13,9,11,19],[17,9,11,19,4,1,24,16,5,13,10],[1,9,21,5,13,17,11,19],[17,13,21,7,5,19,1],[13,5,1,21,9,17,11,19],[5,1,13,21,17,10,19],[13,9,17,19,11,1,5,22,21],[13,17,9,11,19,21,7,5,4,1],[21,9,5,17,11,19,1,16,13],[21,17,5,9,11,19,4,1,13],[13,21,9,17,19,11,5,1],[5,9,13,1,17,11,19,21],[5,13,1,9,17,11,19,23],[5,9,1,17,19,11,21,16,13],[1,17,5,13,9,19,11,21],[9,5,1,13,17,19,11,21],[21,5,1,17,13,9,19,11],[17,13,9,19,11,23,7,5,4,1],[5,17,13,4,1,9,19,11,21],[1,5,9,13,21,17,19,11],[5,9,13,17,11,19,21,1],[5,1,9,21,13,17,19,11],[9,5,17,19,11,21,2,13],[13,5,21,1,17,9,19,11],[17,21,13,5,1,9,19,11],[21,5,9,17,11,19,15,13,3,1],[17,5,21,13,9,19,11,1],[21,1,17,5,13,9,19,11],[13,5,1,9,17,11,19,23],[9,5,1,17,11,19,21,15,13],[5,17,13,21,9,19,11,2],[21,5,9,17,11,19,1,16,13],[21,1,5,17,13,9,11,19],[1,9,17,19,11,21,7,5,13],[21,17,9,11,19,4,1,7,5,13],[17,21,5,13,9,19,11,1],[5,13,9,21,17,19,11,1],[5,1,21,9,17,19,11,13],[21,13,1,9,17,19,11],[9,17,11,19,21,5,1,14],[13,5,1,17,9,19,11,21],[9,5,21,13,17,11,19,3,1],[17,15,13,24,1,9,19,11,6],[17,23,1,13,9,11,19],[5,17,9,11,19,21,13,1],[13,1,21,9,17,19,11],[9,13,21,5,17,11,19,1],[5,21,17,1,13,9,11,19],[21,1,17,13,5,9,19,11],[5,21,1,9,17,19,11,13],[5,9,1,21,17,19,11,16,20,10],[17,9,11,19,14,1,5,22,23],[5,21,17,13,1,11,9,19],[17,1,13,5,9,19,11,23],[9,13,1,21,5,17,19,11],[17,5,3,1,21,13,9,19,11],[5,13,21,17,1,9,11,19],[5,9,13,17,11,19,21,2],[17,9,11,19,15,13,21,4,1],[13,17,1,11,5,21,9,19],[9,21,13,5,1,17,19,11],[9,5,1,17,19,11,13,24,18],[17,13,1,21,5,11,9,19],[9,1,5,21,13,17,11,19],[5,1,9,13,17,11,19,24,10],[17,21,1,9,19,11,6],[1,21,5,13,17,9,11,19],[17,5,21,9,19,11,4,3,1,16,13],[9,21,13,1,5,17,11,19],[5,17,9,11,19,2,13,21],[13,9,21,5,1,17,11,19],[13,17,21,9,19,11,3,1],[17,1,21,5,9,19,11,13],[9,17,11,19,6,1,21],[1,9,13,21,17,11,19],[5,17,21,13,1,9,11,19],[13,17,6,1,21,9,11,19],[17,1,5,21,10,13,8,19],[9,17,11,19,1,21,13],[21,1,13,17,5,9,19,11],[9,5,1,21,13,17,19,11],[21,1,17,13,9,11,19],[21,17,13,1,9,11,19],[17,15,13,1,9,19,11,5,24,10],[1,9,5,13,17,11,19,21],[9,13,21,17,19,11,1],[21,1,17,9,11,19,5,13],[17,1,13,5,21,9,11,19],[21,13,9,17,19,11,1],[1,5,13,9,17,11,19,24,10],[13,1,9,17,19,11,7,5,24,10],[1,13,17,9,11,19,22,21],[21,9,17,19,11,13,5,10],[1,13,5,21,17,9,11,19],[21,13,1,9,5,17,19,11],[5,9,13,1,21,17,19,11],[21,1,17,5,9,19,11,16,15,13],[13,1,21,17,9,11,19],[1,5,9,21,13,17,11,19],[1,9,5,13,21,17,11,19],[9,17,19,11,4,1,5,13,21],[21,9,17,11,19,5,4,1,13],[21,9,17,19,11,1,13],[1,13,17,22,23,5,9,11,19],[17,15,13,9,11,19,3,1,5,21],[17,1,13,23,5,9,11,19],[17,13,5,21,9,11,19,1],[1,21,17,9,19,11,8,5,7,18],[1,5,13,9,21,17,19,11],[13,21,17,9,19,11,5,4,1],[13,21,5,17,9,19,11,1],[1,17,13,7,5,19,21],[21,1,5,17,13,10,7,19],[1,21,17,5,13,9,11,19],[5,17,21,13,1,9,19,11],[21,17,13,9,11,19,4,1],[21,5,1,17,13,9,19,11],[17,9,11,19,3,1,22,21,7,5,14],[1,13,17,5,21,9,19,11],[1,17,21,5,9,11,19,15,13],[1,13,21,9,17,11,19],[5,1,21,13,9,17,19,11],[21,17,1,5,9,19,11,14],[17,21,13,9,19,11,5,1],[5,13,9,17,19,11,1,18],[9,1,5,17,11,19,23,13],[17,5,1,13,9,19,11,23],[5,1,21,9,17,11,19,14],[5,9,1,17,11,19,13,21],[5,21,9,13,1,17,11,19],[17,5,21,9,11,19,14,3,1],[13,17,21,5,9,11,19,1],[1,17,21,9,11,19,5,15,13],[5,17,9,19,11,1,15,13,22,21],[17,1,11,21,5,13,9,19],[21,17,9,19,11,8,5,7,18],[17,21,13,5,1,9,11,19],[1,5,17,9,11,19,21,15,13],[21,9,17,11,19,8,5,7,18],[13,5,17,21,1,9,19,11],[9,17,19,11,8,5,7,18],[5,17,21,1,13,11,9,19],[17,1,5,21,13,9,11,19],[13,1,9,17,11,19,22,21],[1,21,13,9,5,17,19,11],[17,9,19,11,5,3,1,13,21],[1,21,13,9,5,17,19,11],[17,13,9,11,19,5,1,21],[1,9,5,17,11,19,10],[13,17,1,5,9,19,11,21],[17,13,1,5,21,12,20,7,19,6],[21,1,13,9,5,17,19,11],[13,17,11,5,1,21,9,19],[1,13,17,21,9,19,11],[9,17,19,11,21,4,1,13],[1,13,17,21,9,11,19],[9,13,5,21,1,17,19,11],[21,5,1,9,13,17,19,11],[21,5,17,13,10,1,7,19],[17,21,13,9,19,11,1],[5,17,9,19,11,23,13,1],[21,5,9,13,17,11,19,1],[5,21,17,1,13,9,19,11],[21,9,17,19,11,3,1,15,13,5],[9,21,1,5,13,17,19,11],[5,13,9,1,17,11,19,21],[1,5,13,9,17,11,19,21],[1,21,5,17,13,9,11,19],[5,13,9,17,11,19,21,1],[5,13,9,21,1,17,11,19],[9,21,17,19,11,13,1],[17,23,5,11,1,13,9,19],[13,5,9,1,17,11,19,21],[21,1,9,17,19,11,5,16,13],[13,17,5,11,1,21,9,19],[17,21,9,19,11,5,13,1],[9,1,13,5,17,19,11,22,21],[21,13,5,17,9,11,19,1],[21,9,17,11,19,2,13,5],[13,17,1,11,21,5,9,19],[13,17,21,9,11,19,7,5,1],[17,21,9,19,11,7,5,13,1],[21,13,5,17,9,19,11,1],[17,9,19,11,22,21,14,6,3,1],[1,5,9,21,17,11,19,13],[1,5,9,21,13,17,19,11],[17,23,1,9,11,19,8,5,7,18],[5,1,9,17,11,19,14,23],[17,5,13,9,11,19,24,1,18],[17,5,21,13,9,19,11,3,1],[21,1,9,17,19,11,16,5,18],[13,9,1,5,21,17,19,11],[21,5,13,17,9,19,11,4,1],[5,17,13,9,19,11,1,23],[21,13,1,5,17,9,11,19],[5,9,21,13,17,11,19,3,1],[1,21,5,17,9,19,11,15,13],[13,17,5,1,21,9,19,11],[17,1,5,13,23,9,19,11],[1,9,21,5,17,11,19,13],[5,21,9,17,19,11,15,13,1],[5,9,1,17,19,11,15,13,21],[5,17,13,9,11,19,21,1],[21,17,12,5,13,1,18],[21,13,5,17,1,9,19,11],[21,9,5,13,1,17,19,11],[13,1,5,17,21,9,19,11],[5,13,1,9,17,19,11,22,21],[1,17,13,21,5,9,11,19],[13,9,1,5,17,19,11,21],[21,13,1,17,9,11,19],[17,11,13,1,22,21,5,9,19],[17,5,13,9,19,11,21,2],[17,13,21,5,9,11,19,4,1],[13,17,5,21,1,9,11,19],[21,1,17,9,11,19,5,14],[17,1,9,19,11,8,5,7,18],[13,21,9,5,1,17,11,19],[13,9,21,5,1,17,11,19],[21,1,5,9,13,17,19,11],[1,17,5,13,21,9,19,11],[1,5,17,9,19,11,13,24,18],[5,1,9,13,17,11,19,21],[5,21,17,9,19,11,13,3,1],[21,5,17,9,19,11,13,1],[1,21,13,17,8,5,19,7,18],[17,9,19,11,8,5,7,18],[17,5,9,19,11,13,24,1,18],[5,1,9,17,19,11,14,23],[1,17,13,21,9,11,19],[9,17,11,19,13,1,5,21],[17,14,5,21,1,9,11,19],[21,1,5,13,17,9,19,11],[13,1,17,9,19,11,23],[17,9,11,19,23,5,3,1,15,13],[13,21,1,5,17,9,19,11],[9,13,5,21,1,17,19,11],[13,9,21,1,5,17,11,19],[1,9,17,19,11,7,5,13,24,18],[13,5,1,17,9,19,11,23],[17,21,5,13,9,19,11,1],[5,1,9,13,17,19,11,21],[5,9,13,1,21,17,11,19],[5,13,1,21,17,9,19,11],[21,9,1,17,11,19,13],[17,5,1,13,9,11,19,21],[17,1,9,11,19,5,14,22,21],[9,21,5,1,13,17,11,19],[9,5,13,21,17,11,19,3,1],[5,9,17,11,19,13,21,3,1],[9,21,5,17,11,19,3,1,13],[13,5,17,10,21,1,18],[5,21,1,9,17,19,11,13],[17,13,5,1,21,9,19,11],[17,21,5,9,11,19,13,1],[1,5,13,17,21,9,19,11],[17,21,10,1,7,5,19],[1,21,13,5,9,17,11,19],[17,9,11,19,15,13,10,22,21],[21,13,9,5,1,17,11,19],[13,1,5,9,17,11,19,21],[5,1,17,13,21,9,19,11],[17,21,9,19,11,1,7,5,15,13],[13,1,21,9,5,17,11,19],[21,9,5,17,19,11,3,1,13],[1,9,5,21,17,11,19,13],[21,17,1,9,19,11,6],[21,13,17,9,19,11,3,1],[13,21,17,5,9,11,19,1],[9,17,11,19,21,15,13,8,5,7,18],[13,21,1,9,17,19,11],[1,9,13,21,5,17,19,11],[21,13,9,5,1,17,19,11],[1,21,17,13,9,19,11],[9,17,11,19,23,14,1],[5,9,1,17,19,11,23,15,13],[13,9,5,21,17,19,11,1],[21,5,17,13,9,19,11,1],[17,5,9,19,11,21,3,1,14],[5,17,21,9,19,11,13,1],[1,5,21,9,13,17,19,11],[5,13,17,1,9,19,11,21],[21,1,9,5,17,11,19,15,13],[17,21,13,9,19,11,6,1],[17,1,5,13,12,21,19],[1,9,13,5,17,19,11,21],[5,9,21,1,13,17,11,19],[17,1,13,9,11,19,21],[13,5,21,1,9,17,19,11],[5,13,9,1,21,17,11,19],[17,21,5,1,13,9,11,19],[9,13,1,21,17,19,11],[13,17,1,5,21,9,11,19],[1,17,5,9,19,11,21,13],[1,5,17,12,13,21,7,19],[17,22,21,9,19,11,2,5,14],[1,9,17,11,19,8,5,7,18],[13,21,1,9,5,17,19,11],[13,17,1,9,11,19,21],[5,9,21,17,11,19,1,13],[21,13,17,1,11,5,9,19],[9,17,19,11,21,15,13,5,1],[5,1,13,21,9,17,19,11],[21,5,9,17,11,19,13,1],[13,21,5,17,9,19,11,3,1],[17,1,5,23,13,9,11,19],[13,9,5,17,19,11,21,4,1],[9,13,21,17,11,19,4,1],[9,13,5,1,17,19,11,22,21],[9,17,11,19,13,8,5,7,18],[9,13,1,17,11,19,24,5,18],[17,13,21,1,5,10,7,19],[5,1,9,21,13,17,19,11],[13,1,17,9,19,11,21],[1,5,17,9,19,11,23,20,10],[17,21,13,5,1,9,19,11],[1,17,9,19,11,5,24,13,18],[9,17,19,11,16,21,8,5,7,18],[5,1,13,9,21,17,19,11],[17,21,15,13,9,19,11,5,1],[17,5,1,9,19,11,13,24,10],[9,17,19,11,13,4,1,22,21],[1,21,5,13,17,9,19,11],[1,17,9,11,19,5,16,13,21],[13,21,5,1,17,9,19,11],[21,1,13,5,17,9,19,11],[13,5,9,1,17,19,11,21],[17,11,13,1,5,21,9,19],[17,5,9,11,19,1,13,22,21],[17,1,13,5,9,19,11,24,18],[17,13,3,1,9,19,11,5,21],[5,21,17,9,19,11,15,13,1],[13,1,17,22,21,5,9,19,11],[13,9,21,17,19,11,7,5,1],[13,9,17,19,11,6,23],[17,5,13,21,9,11,19,1],[5,9,21,1,17,19,11,16,13],[13,17,1,9,11,19,6,21],[17,21,13,1,9,19,11],[13,5,9,1,21,17,19,11],[13,17,5,24,1,9,19,11,22,21],[9,13,5,1,17,11,19,21],[9,21,5,13,17,11,19,1],[1,5,17,15,13,9,11,19,21],[9,1,5,17,19,11,13,23],[21,13,5,17,11,1,9,19],[21,5,1,9,13,17,19,11],[17,5,21,9,11,19,13,1],[5,9,17,11,19,1,13,21],[1,5,21,17,13,9,19,11],[21,9,17,11,19,13,6,3,1],[5,13,21,1,9,17,11,19],[21,9,1,13,17,19,11],[21,17,1,15,13,9,19,11],[9,17,11,19,23,3,1,5,13],[9,13,17,11,19,8,5,7,18],[5,13,21,1,17,9,11,19],[5,9,1,17,11,19,22,21,13],[17,1,9,11,19,21,15,13],[9,17,11,19,1,16,21,7,5,13],[5,13,17,23,9,11,19,1],[17,5,21,13,9,19,11,18],[9,5,21,13,1,17,11,19],[21,5,13,1,17,9,19,11],[9,13,17,11,19,7,5,22,21,1],[1,17,5,13,21,9,11,19],[1,17,9,19,11,23,15,13],[5,1,17,21,14,9,11,19],[13,17,9,11,19,6,1,21],[17,5,13,1,10,21,7,19],[1,21,9,17,19,11,13],[13,5,9,21,1,17,11,19],[17,9,19,11,5,23,13,2],[21,13,1,17,9,11,19],[13,5,1,17,9,11,19,21],[5,21,13,17,9,11,19,2],[9,13,1,17,19,11,8,5,7,18],[5,1,17,13,21,9,19,11],[9,13,1,17,11,19,21],[21,13,1,17,5,9,19,11],[9,21,1,17,11,19,14],[5,1,21,17,9,19,11,15,13],[21,13,9,5,1,17,19,11],[9,5,1,21,17,11,19,13],[9,21,1,13,5,17,11,19]],"n_human":6}