{"problem_id":"ED7gXhW2JCHCeQj","sigma":150,"alpha":10.000,"cost":0,"probabilities":"[0.1, 0.28, 0.35, 0.27]","payoff_matrix":"[[42, 108, 150, -53, 38, -376], [-70, 185, 235, 150, -140, -254], [-187, -75, 52, 0, -3, 132], [-26, -142, 132, 207, 189, 249]]","uncovered":[[7,11,23,10,22,3,15,19,14,12],[19,23,7,11,10,22,15,3,14,12],[3,7,19,11,15,23,22,10,14,16,12],[7,11,3,23,10,22,15,19,14,12],[19,15,11,7,23,22,3,10,18,14,12],[7,15,23,11,10,22,19,3,18,14,12],[11,19,15,3,7,23,10,22,14,12],[23,3,15,7,19,11,10,22,14,16,12],[15,11,3,23,22,7,19,10,14,16,12],[7,3,19,11,23,22,15,14,10,12],[15,23,3,7,19,11,10,22,18,16,14,12],[15,11,7,19,23,10,22,3,14,12],[11,7,23,10,22,15,19,3,14,12],[19,3,23,11,10,22,7,15,20,18,12],[19,11,15,3,7,23,10,22,16,14,12],[11,23,10,22,19,15,3,7,14,16,12],[7,19,11,15,23,22,3,10,14,12],[7,3,19,23,15,11,10,22,14,12],[3,19,7,15,23,11,10,22,20,18,12],[23,3,7,19,11,22,15,10,14,16,12],[19,3,11,7,15,23,10,22,14,12],[19,11,7,15,3,23,22,10,14,16,12],[19,23,7,3,11,10,22,15,16,14,12],[7,19,23,11,10,22,15,3,14,12],[23,11,22,15,19,3,7,10,18,14,16,12],[7,15,11,23,10,22,3,19,14,12],[3,11,15,7,19,23,10,22,18,16,14,12],[3,7,15,19,23,11,10,22,14,12],[19,15,3,7,11,23,10,22,14,12],[3,7,23,19,15,11,10,22,18,14,16,12],[11,15,7,23,22,19,3,10,14,12],[11,3,19,15,23,10,22,7,18,14,12],[3,19,7,15,11,23,10,22,14,12],[11,15,7,19,3,23,10,22,20,18,14,12],[23,7,11,22,19,3,15,14,10,16,12],[19,23,15,3,7,11,10,22,14,16,12],[15,19,23,7,11,22,3,10,14,12],[3,19,11,15,23,10,22,7,14,12],[11,15,19,23,22,3,7,14,10,12],[11,15,3,19,7,23,10,22,18,14,12],[3,11,23,22,7,15,19,14,10,12],[23,3,7,15,11,22,19,14,10,12],[15,7,11,23,22,19,3,14,10,16,12],[7,15,3,19,11,23,22,10,14,16,12],[3,15,11,23,22,19,7,10,14,12],[11,23,10,22,3,7,19,15,18,14,16,12],[3,11,7,23,22,19,15,10,16,14,12],[3,23,11,10,22,15,7,19,14,16,12],[3,19,11,15,23,10,22,7,14,12],[3,23,7,19,11,10,22,15,14,12],[11,3,23,10,22,19,15,7,14,12],[7,15,11,19,23,22,3,10,14,12],[3,7,23,15,11,22,19,14,10,12],[15,11,19,3,7,23,10,22,14,12],[11,23,10,22,7,15,19,3,14,16,12],[11,3,19,7,15,23,10,22,14,12],[19,7,11,23,22,15,3,10,18,14,16,12],[3,15,11,19,7,23,10,22,14,16,12],[11,19,3,23,10,22,7,15,14,16,12],[15,19,11,23,10,22,7,3,14,16,12],[3,11,19,7,15,23,10,22,14,16,12],[19,23,7,3,15,11,22,14,10,16,12],[11,23,10,22,15,7,3,19,18,14,16,12],[3,11,15,7,23,22,19,14,10,12],[23,19,15,7,11,10,22,3,14,16,12],[7,3,15,19,23,11,22,14,10,12],[15,3,19,23,11,22,7,14,10,16,12],[3,19,11,7,15,23,22,14,10,16,12],[23,3,11,22,19,7,15,14,10,16,12],[11,7,15,23,10,22,3,19,14,12],[23,19,3,15,7,11,22,14,10,12],[11,15,23,10,22,7,3,19,14,12],[7,11,19,23,22,15,3,14,10,16,12],[11,3,15,7,23,10,22,19,14,12],[23,3,15,11,10,22,7,19,18,14,12],[3,11,15,23,10,22,19,7,14,12],[11,19,15,23,10,22,7,3,14,12],[19,15,23,7,11,22,3,14,10,12],[19,11,3,15,7,23,10,22,14,16,12],[11,3,7,19,15,23,22,14,10,12],[19,15,11,7,23,10,22,3,14,12],[7,23,15,3,11,22,19,14,10,12],[7,11,15,23,10,22,19,3,18,16,14,12],[15,3,23,7,19,11,10,22,14,16,12],[23,11,22,7,3,19,15,14,10,16,12],[19,15,3,11,7,23,22,14,10,16,12],[15,7,11,3,23,10,22,19,16,14,12],[3,11,23,10,22,19,7,15,14,16,12],[3,15,19,11,7,23,10,22,14,16,12],[15,23,3,7,11,22,19,10,18,14,12],[3,7,23,19,15,11,22,14,10,12],[3,23,19,15,11,10,22,7,14,12],[7,3,11,23,10,22,15,19,14,12],[19,15,23,3,7,11,10,22,18,16,14,12],[19,23,11,22,7,15,3,14,10,12],[23,3,7,11,10,22,15,19,18,14,16,12],[19,3,7,11,15,23,22,14,10,12],[23,3,15,11,10,22,7,19,14,12],[15,11,3,19,23,10,22,7,18,14,16,12],[7,15,11,3,23,22,19,10,18,14,12],[7,19,3,23,15,11,22,10,14,16,12],[15,3,23,19,7,11,22,14,10,16,12],[3,23,7,11,10,22,15,19,16,14,12],[19,23,3,11,22,15,7,14,10,16,12],[15,7,23,11,10,22,3,19,14,16,12],[19,15,23,7,3,11,10,22,18,14,16,12],[11,3,15,23,10,22,19,7,14,12],[7,11,19,23,10,22,3,15,18,14,12],[19,15,11,3,7,23,10,22,16,14,12],[11,23,22,19,3,15,7,10,14,12],[19,7,11,23,22,15,3,14,10,16,12],[23,19,11,22,15,7,3,10,14,16,12],[15,3,23,7,11,10,22,19,18,14,16,12],[11,23,10,22,3,7,19,15,14,16,12],[11,3,7,15,23,22,19,14,10,12],[15,3,11,7,19,23,22,14,10,12],[11,15,7,3,23,10,22,19,16,14,12],[19,7,23,3,11,10,22,15,14,12],[15,7,11,23,22,3,19,14,10,12],[3,7,15,19,23,11,22,14,10,16,12],[3,23,11,22,7,15,19,14,10,16,12],[19,3,11,15,23,22,7,10,16,14,12],[11,23,10,22,15,7,19,3,18,16,14,12],[15,23,19,7,3,11,22,10,16,14,12],[15,3,11,23,10,22,19,7,14,12],[3,23,19,7,11,22,15,14,10,16,12],[7,23,11,10,22,19,15,3,18,14,12],[3,7,19,23,11,22,15,10,14,12],[11,7,3,23,22,19,15,10,14,12],[15,7,11,3,19,23,10,22,14,16,12],[15,3,23,11,22,7,19,10,14,12],[7,15,19,23,3,11,10,22,18,14,16,12],[23,11,10,22,15,3,7,19,14,16,12],[15,19,3,11,7,23,10,22,14,16,12],[11,19,3,15,23,10,22,7,18,14,12],[15,3,19,7,23,11,22,14,10,12],[19,15,11,23,22,7,3,14,10,16,12],[15,3,7,23,19,11,22,10,14,16,12],[23,19,15,7,3,11,10,22,14,12],[15,23,11,10,22,7,19,3,14,12],[15,23,7,19,3,11,10,22,14,16,12],[11,23,10,22,15,7,3,19,14,16,12],[7,3,23,19,11,22,15,10,16,14,12],[15,7,11,19,3,23,22,10,18,14,16,12],[15,19,7,3,23,11,10,22,14,12],[3,19,15,23,11,10,22,7,14,16,12],[19,3,15,23,7,11,22,10,18,14,12],[19,11,3,15,7,23,10,22,18,14,16,12],[11,15,23,10,22,7,3,19,14,16,12],[11,15,19,3,23,22,7,10,14,12],[3,7,11,19,15,23,22,10,18,14,12],[23,15,7,11,22,3,19,10,18,14,16,12],[3,15,7,19,23,11,22,14,10,16,12],[11,15,23,10,22,3,19,7,20,18,12],[15,19,23,11,10,22,7,3,14,12],[11,7,19,3,15,23,10,22,14,12],[19,7,23,3,11,10,22,15,14,16,12],[23,19,15,11,10,22,7,3,18,14,16,12],[23,3,15,19,11,22,7,14,10,12],[7,15,23,3,19,11,10,22,14,16,12],[11,23,22,3,19,7,15,14,10,16,12],[19,23,11,10,22,15,7,3,14,12],[19,11,7,23,10,22,15,3,14,12],[3,11,19,15,7,23,22,14,10,16,12],[19,23,11,10,22,7,15,3,14,16,12],[23,7,15,3,19,11,22,14,10,16,12],[3,23,15,11,22,19,7,14,10,12],[7,19,3,11,23,10,22,15,16,14,12],[3,11,15,23,10,22,19,7,14,16,12],[19,23,15,7,11,10,22,3,14,12],[15,19,23,11,22,7,3,10,14,12],[11,7,15,19,3,23,22,10,14,16,12],[11,23,10,22,3,15,7,19,14,12],[15,3,23,11,22,19,7,10,14,16,12],[3,19,15,23,7,11,10,22,18,14,16,12],[23,15,19,11,10,22,7,3,18,14,12],[7,3,11,23,22,19,15,14,10,12],[15,23,19,7,11,10,22,3,16,14,12],[3,19,7,15,23,11,10,22,14,16,12],[3,7,11,23,10,22,19,15,14,16,12],[11,7,15,19,23,10,22,3,14,12],[3,7,15,19,11,23,10,22,14,16,12],[23,15,7,3,11,22,19,10,18,16,14,12],[11,23,10,22,19,7,3,15,14,12],[7,23,19,11,10,22,3,15,14,16,12],[23,7,15,19,3,11,10,22,14,12],[11,7,3,15,19,23,10,22,16,14,12],[3,7,11,23,22,15,19,10,18,14,16,12],[19,3,11,7,15,23,22,14,10,16,12],[19,15,3,11,7,23,10,22,14,16,12],[3,7,11,19,23,22,15,14,10,12],[15,7,19,3,23,11,22,10,14,16,12],[19,7,3,11,15,23,22,10,14,12],[23,7,3,15,19,11,22,10,14,12],[19,7,3,11,15,23,10,22,16,14,12],[3,11,7,15,23,22,19,14,10,16,12],[23,3,7,15,11,22,19,14,10,12],[7,15,3,19,11,23,10,22,14,16,12],[7,23,19,3,15,11,22,14,10,16,12],[19,15,7,23,3,11,22,14,10,16,12],[15,23,11,22,3,19,7,14,10,12],[7,3,15,11,23,10,22,19,20,18,12],[3,19,7,15,23,11,10,22,14,12],[15,19,11,23,22,3,7,14,10,16,12],[7,23,3,11,10,22,15,19,16,14,12],[11,15,19,23,22,3,7,14,10,12],[15,19,23,3,11,22,7,14,10,16,12],[7,19,23,3,11,10,22,15,14,16,12],[15,19,23,7,11,22,3,10,18,16,14,12],[15,19,3,23,7,11,22,10,14,12],[19,3,7,15,11,23,10,22,14,16,12],[23,15,3,11,22,19,7,10,14,12],[3,23,15,11,10,22,19,7,14,16,12],[11,19,23,10,22,3,15,7,14,16,12],[19,23,11,10,22,15,3,7,14,12],[3,11,23,10,22,19,7,15,18,14,16,12],[7,23,11,22,3,19,15,10,16,14,12],[19,3,23,15,11,10,22,7,14,16,12],[19,7,23,3,15,11,22,10,14,16,12],[11,3,7,15,19,23,22,14,10,12],[23,19,11,22,7,3,15,10,18,14,16,12],[15,11,3,19,23,10,22,7,14,16,12],[7,11,19,3,23,22,15,14,10,12],[11,19,23,10,22,7,15,3,14,16,12],[19,15,23,7,11,10,22,3,18,14,16,12],[3,15,23,7,11,10,22,19,14,16,12],[7,23,19,15,11,10,22,3,14,16,12],[19,11,7,23,10,22,15,3,14,12],[7,3,23,15,11,10,22,19,14,12],[23,7,19,11,22,15,3,14,10,12],[11,23,10,22,7,3,15,19,14,16,12],[7,11,3,23,22,19,15,10,14,12],[3,7,15,19,11,23,10,22,14,12],[3,15,23,7,11,10,22,19,18,14,16,12],[19,7,15,23,3,11,10,22,14,16,12],[7,15,11,19,23,10,22,3,18,14,16,12],[23,19,15,3,11,10,22,7,14,12],[15,23,3,11,22,19,7,14,10,16,12],[11,23,22,15,3,19,7,14,10,12],[3,23,7,11,10,22,19,15,14,16,12],[15,3,23,19,7,11,22,14,10,12],[15,7,19,11,23,10,22,3,16,14,12],[15,7,23,19,11,10,22,3,14,16,12],[3,19,15,23,7,11,10,22,14,16,12],[23,11,22,15,19,7,3,10,14,12],[3,15,11,7,19,23,10,22,20,18,14,12],[19,11,3,15,23,10,22,7,18,14,16,12],[19,11,7,23,10,22,3,15,14,16,12],[7,15,19,11,3,23,10,22,14,16,12],[7,23,19,15,11,22,3,10,14,12],[15,7,23,3,19,11,22,14,10,16,12],[23,7,15,11,10,22,3,19,16,14,12],[15,7,23,11,10,22,19,3,18,14,12],[3,19,15,23,11,10,22,7,14,16,12],[3,15,19,7,23,11,10,22,18,14,16,12],[11,3,7,23,10,22,15,19,18,14,12],[23,3,19,7,15,11,22,14,10,16,12],[7,11,19,23,22,15,3,14,10,16,12],[23,3,11,22,15,7,19,10,14,16,12],[15,11,23,22,19,3,7,10,14,12],[7,3,15,11,23,10,22,19,14,16,12],[11,19,7,15,23,10,22,3,18,14,12],[3,11,7,15,23,10,22,19,14,12],[19,7,15,23,11,10,22,3,14,12],[3,19,11,23,10,22,15,7,14,12],[15,3,19,7,11,23,10,22,14,16,12],[15,23,3,19,7,11,22,14,10,16,12],[7,11,23,10,22,19,3,15,14,12],[23,19,11,10,22,3,7,15,14,12],[23,11,10,22,3,7,15,19,18,14,12],[7,3,15,23,11,10,22,19,14,16,12],[11,15,7,23,22,3,19,10,14,12],[19,15,11,3,7,23,10,22,14,12],[3,11,15,7,19,23,10,22,18,14,12],[23,15,11,22,3,19,7,14,10,16,12],[15,19,23,11,10,22,3,7,14,12],[23,11,22,19,7,3,15,10,14,16,12],[7,23,11,10,22,3,15,19,18,14,16,12],[19,7,11,3,23,22,15,10,14,12],[23,19,3,11,10,22,7,15,14,16,12],[19,7,15,3,11,23,22,14,10,12],[15,23,11,22,3,7,19,14,10,12],[15,19,11,7,3,23,10,22,14,12],[7,19,3,15,23,11,22,10,14,16,12],[19,7,3,15,23,11,22,10,14,12],[15,11,3,23,22,7,19,10,20,18,12],[7,3,19,11,15,23,22,14,10,16,12],[3,11,19,23,10,22,15,7,18,14,12],[15,3,11,23,10,22,7,19,14,16,12],[15,3,11,7,19,23,10,22,14,12],[15,3,23,7,19,11,10,22,14,16,12],[7,3,23,19,15,11,22,10,14,12],[11,7,23,22,19,3,15,14,10,12],[3,19,11,7,15,23,22,14,10,12],[7,11,15,3,19,23,22,10,14,16,12],[15,19,3,23,7,11,10,22,14,16,12],[23,19,7,11,22,15,3,14,10,16,12],[3,23,7,15,11,10,22,19,16,14,12],[11,19,7,3,23,10,22,15,14,16,12],[23,15,11,10,22,7,19,3,14,16,12],[7,3,19,23,11,22,15,10,14,12],[23,7,3,11,10,22,15,19,14,12],[11,19,3,23,22,15,7,10,14,16,12],[19,7,23,11,22,15,3,10,14,16,12],[23,7,3,19,11,10,22,15,14,16,12],[11,19,3,15,23,10,22,7,14,16,12],[23,7,11,22,19,3,15,14,10,12],[7,15,11,3,19,23,22,14,10,12],[15,7,11,19,23,10,22,3,14,16,12],[7,19,23,11,10,22,15,3,18,14,16,12],[23,11,22,15,7,3,19,10,14,12],[23,7,19,15,11,10,22,3,14,16,12],[11,7,3,15,19,23,22,10,14,12],[7,19,11,3,15,23,10,22,14,12],[23,3,11,22,15,7,19,14,10,12],[11,15,3,23,10,22,7,19,16,14,12],[11,15,3,23,10,22,7,19,18,14,12],[23,19,7,11,22,15,3,14,10,12],[15,19,23,7,3,11,10,22,14,12],[3,11,7,15,19,23,10,22,14,16,12],[19,7,23,15,3,11,10,22,18,14,12],[19,7,3,11,23,10,22,15,14,12],[23,11,22,7,15,3,19,14,10,16,12],[11,19,23,10,22,15,3,7,14,12],[7,11,3,23,10,22,15,19,14,12],[19,11,15,7,3,23,22,14,10,12],[23,19,15,3,7,11,22,14,10,12],[3,19,15,23,7,11,10,22,14,16,12],[11,19,7,3,15,23,22,14,10,12],[19,23,3,11,22,15,7,10,16,14,12],[19,23,7,3,15,11,22,14,10,12],[7,19,23,3,11,22,15,10,14,16,12],[11,19,15,23,22,7,3,14,10,16,12],[19,15,23,3,11,22,7,10,14,16,12],[15,7,19,23,3,11,10,22,18,14,16,12],[15,23,19,11,10,22,3,7,18,14,12],[23,7,19,11,22,3,15,14,10,16,12],[7,11,15,23,10,22,19,3,14,12],[19,3,15,7,23,11,22,10,18,14,16,12],[15,3,19,23,11,22,7,10,14,16,12],[19,7,23,15,11,22,3,10,14,12],[19,3,23,7,15,11,22,10,14,16,12],[11,15,7,3,23,10,22,19,14,16,12],[23,11,22,3,15,19,7,14,10,16,12],[3,11,23,22,15,7,19,14,10,16,12],[19,3,15,11,23,22,7,10,14,12],[7,11,15,3,23,10,22,19,16,14,12],[19,11,23,22,15,3,7,10,14,16,12],[15,7,19,3,11,23,10,22,14,16,12],[3,15,11,23,10,22,7,19,14,12],[15,3,11,23,22,7,19,14,10,16,12],[15,23,7,3,19,11,22,14,10,16,12],[23,3,15,7,11,22,19,14,10,12],[3,23,15,19,11,22,7,10,14,16,12],[15,11,7,19,23,22,3,14,10,16,12],[15,19,3,23,11,22,7,10,16,14,12],[3,23,15,11,10,22,7,19,18,14,12],[11,19,7,15,3,23,10,22,14,16,12],[19,15,23,3,11,10,22,7,14,16,12],[7,19,11,15,3,23,10,22,16,14,12],[23,11,22,19,7,3,15,10,14,12],[3,23,7,11,10,22,15,19,14,16,12],[19,11,23,22,15,3,7,10,16,14,12],[15,7,3,23,11,10,22,19,14,16,12],[15,3,19,11,7,23,10,22,14,12],[23,7,3,15,19,11,22,14,10,12],[3,23,11,22,15,7,19,10,14,16,12],[11,23,10,22,19,15,3,7,18,14,16,12],[3,23,19,11,22,7,15,14,10,12],[15,7,3,23,19,11,10,22,14,16,12],[19,11,3,15,23,10,22,7,14,16,12],[11,3,23,22,15,7,19,14,10,12],[7,19,3,15,11,23,10,22,16,14,12],[15,3,23,7,11,22,19,10,14,12],[15,11,23,22,7,3,19,14,10,16,12],[11,23,10,22,7,19,15,3,18,14,16,12],[3,23,11,22,15,19,7,10,18,14,12],[23,15,7,3,19,11,22,14,10,12],[23,3,15,11,10,22,19,7,18,14,16,12],[11,15,3,23,22,7,19,14,10,12],[23,3,11,22,15,7,19,10,14,12],[15,19,11,7,3,23,10,22,14,16,12],[19,7,3,15,11,23,10,22,14,12],[3,11,15,7,19,23,22,10,18,14,16,12],[23,7,19,11,22,3,15,14,10,12],[11,15,23,10,22,19,7,3,16,14,12],[15,23,7,3,11,10,22,19,16,14,12],[11,7,15,23,22,3,19,10,18,14,16,12],[19,11,23,10,22,15,7,3,14,16,12],[3,11,7,23,22,15,19,10,18,14,16,12],[11,15,23,10,22,3,7,19,14,12],[23,15,19,3,7,11,10,22,14,12],[23,11,22,3,7,15,19,14,10,16,12],[11,15,23,10,22,7,3,19,14,16,12],[3,19,11,23,22,15,7,10,18,14,12],[19,15,23,7,11,22,3,14,10,16,12],[23,11,10,22,7,19,15,3,14,16,12],[19,7,15,11,23,22,3,14,10,12],[19,11,15,3,23,22,7,14,10,16,12],[7,23,15,19,11,10,22,3,18,14,16,12],[7,11,23,10,22,3,15,19,14,16,12],[15,23,19,11,10,22,3,7,14,16,12],[7,15,23,11,10,22,3,19,18,14,16,12],[3,7,11,23,10,22,19,15,14,16,12],[15,23,19,7,11,10,22,3,14,16,12],[11,3,7,19,23,10,22,15,14,12],[3,15,19,7,23,11,10,22,14,12],[19,11,3,23,10,22,15,7,18,14,16,12],[11,23,10,22,7,19,3,15,14,16,12],[23,15,7,19,11,10,22,3,14,12],[11,19,7,23,22,15,3,14,10,16,12],[23,19,3,11,10,22,7,15,18,14,12],[3,7,11,23,22,15,19,10,14,12],[7,11,19,3,23,10,22,15,18,14,16,12],[7,3,11,23,10,22,19,15,14,16,12],[23,19,15,11,22,3,7,14,10,12],[3,23,19,15,7,11,22,10,16,14,12],[3,15,19,7,11,23,22,14,10,16,12],[23,15,19,11,10,22,7,3,14,16,12],[3,19,23,7,11,22,15,14,10,16,12],[15,11,19,3,23,22,7,10,14,12],[3,11,7,19,23,22,15,10,14,16,12],[19,15,3,23,11,22,7,14,10,12],[7,11,23,22,15,3,19,10,18,14,16,12],[15,11,3,23,22,7,19,14,10,12],[7,3,23,11,10,22,19,15,18,14,16,12],[3,11,15,23,22,19,7,14,10,16,12],[11,7,19,15,3,23,10,22,14,12],[7,3,15,11,23,22,19,14,10,12],[19,7,15,3,11,23,10,22,14,12],[7,3,19,15,23,11,22,10,20,18,14,16,12],[3,11,23,22,15,19,7,10,14,16,12],[11,19,23,10,22,7,3,15,14,12],[23,7,19,3,15,11,10,22,20,18,12],[7,15,23,3,19,11,22,10,14,16,12],[15,7,23,19,3,11,10,22,18,14,16,12],[3,15,11,19,23,10,22,7,18,14,16,12],[3,7,19,11,15,23,10,22,14,12],[15,23,7,11,10,22,19,3,14,16,12],[11,15,3,23,22,19,7,10,16,14,12],[15,11,3,23,10,22,7,19,14,12],[11,15,7,19,3,23,22,14,10,12],[19,23,7,11,10,22,15,3,16,14,12],[23,3,19,11,22,7,15,10,14,12],[7,19,23,11,10,22,15,3,14,16,12],[15,23,19,11,10,22,7,3,14,16,12],[3,7,11,23,22,15,19,10,14,12],[7,11,23,22,19,15,3,10,18,14,16,12],[11,3,23,22,19,15,7,10,18,14,12],[15,19,11,7,23,10,22,3,14,12],[19,3,11,7,15,23,22,10,14,12],[11,3,19,7,15,23,10,22,14,16,12],[3,19,11,15,23,22,7,10,14,12],[23,15,11,22,3,19,7,10,14,16,12],[7,3,23,15,11,10,22,19,18,14,16,12],[15,23,11,10,22,7,19,3,18,14,12],[23,15,3,19,11,10,22,7,14,12],[3,23,19,15,11,10,22,7,14,12],[19,7,11,3,15,23,10,22,18,14,12],[3,23,7,15,11,22,19,10,18,14,12],[3,15,23,19,11,22,7,10,14,16,12],[3,15,19,23,7,11,10,22,14,16,12],[11,7,23,10,22,15,19,3,16,14,12],[15,23,19,7,11,10,22,3,14,12],[3,23,7,11,10,22,19,15,14,16,12],[23,11,10,22,19,15,7,3,14,16,12],[19,3,11,15,23,22,7,10,14,16,12],[19,15,7,11,3,23,10,22,14,12],[23,7,3,15,11,22,19,14,10,12],[15,7,11,19,23,22,3,14,10,16,12],[3,23,19,15,11,22,7,14,10,12],[7,19,3,15,23,11,22,14,10,12],[19,3,11,15,23,22,7,10,14,12],[19,15,3,7,23,11,10,22,14,12],[15,3,19,11,23,10,22,7,14,12],[7,11,15,23,22,3,19,14,10,12],[3,19,15,7,23,11,10,22,14,12],[19,3,23,11,22,15,7,10,14,16,12],[15,19,23,7,3,11,22,10,18,14,16,12],[11,23,10,22,3,19,15,7,14,12],[19,7,11,3,15,23,22,14,10,16,12],[7,11,3,23,10,22,19,15,16,14,12],[3,11,19,15,7,23,22,14,10,16,12],[11,23,22,3,19,15,7,10,18,14,12],[11,15,19,7,23,22,3,14,10,16,12],[15,3,23,7,11,10,22,19,16,14,12],[23,11,10,22,3,7,15,19,14,12],[3,23,19,11,22,7,15,10,14,16,12],[15,3,11,19,7,23,10,22,18,14,12],[19,11,15,7,3,23,10,22,18,14,12],[19,23,15,7,3,11,22,14,10,16,12],[3,11,23,10,22,19,15,7,14,16,12],[3,19,23,11,22,15,7,14,10,12],[7,19,23,11,10,22,3,15,18,14,16,12],[7,15,23,11,10,22,3,19,14,16,12],[15,23,11,22,7,3,19,14,10,16,12],[7,19,11,15,23,22,3,14,10,16,12],[7,11,15,23,10,22,19,3,14,12],[11,7,15,19,23,10,22,3,14,16,12],[15,3,19,23,7,11,10,22,14,12],[15,7,11,3,19,23,10,22,14,16,12],[11,23,10,22,15,3,19,7,14,16,12],[19,11,15,23,10,22,3,7,14,12],[11,7,23,10,22,19,15,3,16,14,12],[15,3,7,19,11,23,10,22,14,16,12],[19,23,3,15,7,11,22,14,10,12],[3,7,15,23,11,22,19,14,10,12],[11,7,19,3,15,23,10,22,18,16,14,12],[15,3,11,19,23,10,22,7,14,12],[3,11,7,15,19,23,22,10,14,16,12],[19,15,3,7,11,23,10,22,14,12],[7,11,19,15,23,10,22,3,18,14,12],[23,7,19,15,11,22,3,14,10,16,12],[11,7,19,23,10,22,3,15,16,14,12],[23,15,19,11,22,7,3,10,14,12],[11,15,19,3,7,23,22,14,10,16,12],[23,19,15,3,11,10,22,7,14,12],[3,19,15,23,11,10,22,7,14,12],[23,3,19,11,10,22,7,15,14,12],[11,19,3,15,7,23,10,22,18,14,16,12],[15,3,11,19,7,23,22,14,10,12],[7,11,23,22,3,15,19,10,14,16,12],[7,19,3,15,11,23,22,10,18,16,14,12],[19,3,15,11,23,22,7,10,14,12],[15,3,23,7,19,11,10,22,14,16,12],[11,3,7,15,23,22,19,10,18,14,12],[15,7,23,11,22,19,3,10,18,14,12],[23,19,7,11,10,22,3,15,14,16,12],[15,23,11,22,19,7,3,14,10,12],[23,11,22,15,7,3,19,14,10,12],[19,3,11,23,22,7,15,10,16,14,12],[23,7,11,22,3,15,19,14,10,12],[3,15,23,7,11,10,22,19,16,14,12],[7,23,3,19,11,22,15,14,10,16,12],[11,15,3,19,7,23,22,14,10,16,12],[3,11,15,7,19,23,22,14,10,16,12],[3,11,23,10,22,15,7,19,14,12],[7,3,11,23,10,22,19,15,14,12],[19,15,7,3,23,11,22,14,10,16,12],[23,3,7,11,22,15,19,10,14,16,12],[7,15,23,19,11,22,3,10,18,14,12],[11,3,23,22,19,7,15,14,10,16,12],[11,23,10,22,3,15,19,7,18,14,16,12],[3,11,7,15,23,10,22,19,16,14,12],[19,15,7,11,3,23,22,14,10,16,12],[23,11,10,22,7,19,3,15,14,12],[11,23,22,7,3,15,19,10,18,14,12],[7,23,11,22,15,19,3,14,10,16,12],[7,23,11,22,3,15,19,10,18,14,12],[19,15,7,3,23,11,10,22,14,16,12],[7,15,11,19,23,22,3,10,14,16,12],[23,15,7,19,3,11,22,10,18,14,16,12],[19,7,3,11,15,23,22,10,16,14,12],[7,3,11,19,15,23,10,22,14,16,12],[15,7,3,19,11,23,22,10,14,16,12],[15,3,23,7,11,10,22,19,14,12],[19,11,7,3,15,23,22,10,14,16,12],[3,7,19,11,23,10,22,15,16,14,12],[3,23,15,19,7,11,10,22,14,12],[19,3,7,11,15,23,10,22,14,12],[7,15,23,3,19,11,10,22,14,12],[11,23,10,22,19,15,3,7,14,12],[3,15,19,7,23,11,10,22,14,12],[23,19,3,11,10,22,15,7,14,16,12],[11,7,15,19,23,22,3,14,10,12],[7,23,15,19,11,22,3,14,10,12],[19,7,15,23,3,11,10,22,14,12],[7,19,3,11,23,10,22,15,14,16,12],[11,7,19,23,22,3,15,14,10,12],[3,15,19,11,7,23,10,22,14,16,12],[15,23,3,11,22,7,19,10,18,14,16,12],[19,11,23,10,22,15,3,7,14,12],[19,11,3,23,22,15,7,10,14,16,12],[11,3,23,10,22,19,15,7,14,12],[3,15,23,11,22,7,19,10,14,16,12],[23,19,7,11,22,3,15,14,10,16,12],[19,11,3,7,23,22,15,14,10,16,12],[19,15,23,11,10,22,3,7,16,14,12],[7,3,19,23,15,11,22,10,14,12],[11,7,3,15,19,23,22,10,14,16,12],[11,19,15,3,23,10,22,7,14,12],[15,11,19,7,3,23,22,14,10,16,12],[11,19,15,7,3,23,10,22,14,16,12],[11,3,7,23,22,19,15,10,18,14,16,12],[15,19,7,11,3,23,10,22,14,16,12],[15,11,23,10,22,7,3,19,18,14,12],[11,3,19,23,10,22,15,7,14,16,12],[7,3,15,19,11,23,10,22,18,14,16,12],[15,3,11,19,7,23,22,14,10,16,12],[19,3,23,15,11,22,7,10,14,12],[3,23,15,11,10,22,19,7,14,16,12],[23,7,3,11,10,22,19,15,14,12],[7,15,19,11,23,22,3,10,18,14,16,12],[3,15,11,23,10,22,19,7,14,16,12],[11,3,23,10,22,7,15,19,14,16,12],[3,15,23,7,11,10,22,19,14,12],[3,7,19,11,15,23,10,22,16,14,12],[23,11,22,15,7,19,3,10,14,16,12],[23,11,10,22,19,7,15,3,14,12],[19,11,3,15,7,23,22,14,10,12],[7,3,11,15,19,23,10,22,14,16,12],[11,15,7,3,23,10,22,19,14,16,12],[7,15,23,19,3,11,22,14,10,16,12],[15,19,3,7,11,23,10,22,14,16,12],[15,7,19,3,11,23,22,10,18,14,12],[11,7,19,3,15,23,10,22,16,14,12],[3,7,19,15,11,23,22,14,10,16,12],[15,11,7,23,10,22,3,19,14,12],[23,3,7,11,10,22,15,19,14,16,12],[11,19,15,3,7,23,10,22,18,14,16,12],[19,15,7,3,11,23,10,22,14,12],[11,3,23,10,22,19,15,7,14,12],[19,23,15,7,3,11,10,22,14,12],[23,3,11,22,19,7,15,14,10,12],[15,23,11,22,3,7,19,10,14,12],[15,11,3,7,23,22,19,10,14,16,12],[23,3,11,22,15,7,19,10,18,16,14,12],[19,7,3,15,23,11,10,22,14,16,12],[3,23,11,22,7,15,19,10,14,16,12],[23,19,3,15,7,11,22,14,10,16,12],[3,23,19,11,22,7,15,14,10,12],[7,23,19,3,11,10,22,15,14,12],[19,23,11,10,22,15,7,3,18,14,12],[15,19,11,7,3,23,10,22,14,16,12],[3,23,7,19,11,22,15,10,14,12],[23,15,3,7,19,11,10,22,14,16,12],[3,11,19,15,23,22,7,14,10,12],[19,3,15,11,7,23,10,22,18,14,12],[7,3,15,19,11,23,10,22,14,12],[3,11,7,23,22,19,15,10,14,16,12],[19,3,23,15,7,11,22,10,14,16,12],[23,3,11,22,19,7,15,14,10,12],[15,11,19,3,23,22,7,14,10,16,12],[15,19,23,3,7,11,22,14,10,12],[7,3,15,11,23,22,19,10,18,14,12],[15,3,19,11,23,22,7,14,10,16,12],[3,23,7,11,22,19,15,14,10,12],[23,19,15,11,10,22,3,7,14,12],[3,7,15,23,19,11,22,14,10,16,12],[15,7,19,11,3,23,22,14,10,12],[19,7,11,15,23,10,22,3,14,12],[19,23,15,3,11,22,7,14,10,12],[19,7,3,11,15,23,10,22,14,16,12],[23,19,7,11,10,22,15,3,18,14,16,12],[3,7,11,15,19,23,22,10,14,12],[3,23,7,19,11,10,22,15,14,16,12],[11,15,3,19,7,23,22,10,14,16,12],[3,19,7,23,15,11,10,22,14,12],[19,15,7,23,11,10,22,3,18,14,16,12],[3,11,7,15,23,10,22,19,18,14,12],[7,19,15,3,11,23,10,22,18,14,12],[11,23,10,22,7,15,3,19,14,12],[15,23,7,11,22,19,3,10,14,16,12],[7,11,3,23,10,22,19,15,20,18,12],[23,15,7,19,3,11,10,22,14,16,12],[19,7,23,11,22,3,15,14,10,12],[11,23,22,3,7,19,15,10,14,12],[19,15,23,11,22,7,3,10,14,16,12],[11,23,22,7,3,19,15,10,14,12],[19,23,15,11,22,7,3,14,10,12],[23,19,3,7,15,11,22,14,10,16,12],[23,7,15,19,11,10,22,3,14,12],[15,3,23,11,22,7,19,14,10,12],[7,23,19,3,15,11,10,22,14,12],[15,3,11,7,23,22,19,14,10,16,12],[15,11,3,7,23,22,19,14,10,12],[7,15,23,11,10,22,19,3,14,16,12],[11,3,7,15,23,10,22,19,16,14,12],[3,15,7,23,11,10,22,19,14,16,12],[19,11,15,23,10,22,7,3,14,16,12],[23,7,11,22,3,19,15,14,10,16,12],[7,11,19,23,10,22,15,3,18,14,16,12],[23,15,19,3,11,22,7,10,14,16,12],[15,19,7,11,3,23,22,10,14,16,12],[3,15,19,7,11,23,22,10,14,12],[15,3,23,11,10,22,7,19,14,12],[15,7,23,11,10,22,19,3,16,14,12],[23,19,7,15,3,11,22,14,10,12],[23,19,15,7,11,22,3,10,14,16,12],[15,11,19,3,23,10,22,7,14,16,12],[15,7,23,3,11,22,19,14,10,12],[23,15,19,3,7,11,10,22,16,14,12],[3,23,11,22,15,7,19,10,16,14,12],[11,15,19,23,10,22,3,7,14,16,12],[11,3,7,19,23,22,15,10,14,16,12],[15,3,23,7,19,11,22,10,14,16,12],[19,23,11,22,7,3,15,14,10,16,12],[19,23,15,11,22,3,7,14,10,16,12],[15,3,11,19,7,23,22,10,14,16,12],[3,11,19,23,10,22,7,15,18,14,16,12],[7,3,19,23,15,11,10,22,14,12],[3,11,15,7,23,22,19,14,10,16,12],[23,15,7,11,10,22,3,19,14,12],[7,3,19,15,11,23,22,14,10,12],[7,19,23,3,11,22,15,10,18,14,16,12],[15,3,23,7,19,11,10,22,18,14,12],[11,19,7,23,10,22,15,3,18,14,12],[15,3,11,23,10,22,7,19,14,16,12],[15,3,19,7,11,23,10,22,14,12],[23,7,3,15,19,11,10,22,18,14,16,12],[15,7,23,3,11,22,19,14,10,12],[7,3,15,23,11,22,19,14,10,16,12],[7,15,23,11,22,19,3,14,10,16,12],[19,11,3,7,15,23,10,22,14,12],[23,11,22,19,7,15,3,10,18,14,12],[7,23,19,15,11,10,22,3,14,12],[7,11,23,10,22,15,19,3,18,14,12],[15,23,3,19,11,22,7,14,10,16,12],[7,15,19,23,11,22,3,10,14,12],[23,7,3,19,11,22,15,10,16,14,12],[3,11,19,23,10,22,7,15,14,12],[3,7,11,15,23,10,22,19,14,12],[11,23,10,22,3,19,7,15,14,16,12],[3,11,7,15,19,23,10,22,14,16,12],[23,3,19,15,11,22,7,14,10,12],[15,7,19,23,11,10,22,3,14,12],[7,11,19,23,10,22,3,15,14,16,12],[23,15,7,19,3,11,22,10,14,12],[15,23,11,10,22,7,3,19,18,14,16,12],[23,3,15,7,19,11,22,10,18,14,16,12],[23,3,7,11,22,15,19,10,14,12],[15,7,11,3,23,22,19,14,10,12],[15,23,19,7,11,10,22,3,14,12],[7,23,19,11,22,3,15,14,10,16,12],[11,15,23,10,22,3,19,7,14,12],[15,3,11,7,23,10,22,19,18,14,12],[15,19,7,11,3,23,10,22,14,16,12],[7,19,15,11,23,10,22,3,18,14,16,12],[23,7,3,19,11,22,15,14,10,12],[11,23,10,22,3,19,7,15,14,12],[23,15,19,3,11,10,22,7,14,16,12],[23,3,19,11,22,7,15,14,10,16,12],[19,15,7,3,11,23,22,10,18,16,14,12],[23,7,15,3,19,11,10,22,20,18,12],[19,15,23,3,11,10,22,7,18,14,12],[3,11,23,22,15,19,7,14,10,12],[15,7,11,23,22,3,19,10,14,16,12],[11,3,15,7,23,10,22,19,14,16,12],[7,23,11,10,22,3,19,15,16,14,12],[23,15,3,7,19,11,10,22,14,16,12],[3,11,15,23,22,7,19,10,16,14,12],[19,3,11,7,23,10,22,15,14,16,12],[19,3,15,23,7,11,22,10,14,12],[7,3,19,11,23,22,15,14,10,12],[3,7,23,11,22,15,19,14,10,16,12],[23,3,15,11,10,22,19,7,14,16,12],[11,3,7,15,19,23,22,14,10,16,12],[15,11,7,3,19,23,22,10,14,12],[15,11,19,23,22,7,3,14,10,12],[15,3,7,11,19,23,22,14,10,16,12],[7,23,11,22,3,15,19,14,10,16,12],[23,11,22,15,19,7,3,14,10,12],[19,11,3,23,10,22,15,7,14,16,12],[3,15,7,11,19,23,10,22,14,16,12],[23,3,11,22,7,15,19,14,10,12],[7,23,3,19,15,11,22,10,14,16,12],[19,3,23,15,11,22,7,14,10,12],[11,15,23,10,22,3,19,7,14,12],[3,7,23,15,11,10,22,19,18,14,12],[11,19,15,3,23,22,7,14,10,12],[11,3,23,22,15,7,19,10,18,14,12],[15,3,7,23,19,11,22,14,10,12],[23,11,10,22,3,19,7,15,16,14,12],[7,11,19,15,3,23,22,14,10,16,12],[11,19,3,15,23,10,22,7,14,16,12],[7,11,3,19,23,10,22,15,14,12],[7,3,19,11,23,10,22,15,14,12],[11,15,3,7,19,23,10,22,18,14,12],[19,3,7,11,23,22,15,10,18,14,16,12],[3,23,19,11,10,22,15,7,14,12],[7,15,19,11,3,23,10,22,18,14,16,12],[23,19,7,3,11,10,22,15,14,16,12],[23,19,11,22,3,15,7,14,10,16,12],[23,7,3,15,11,22,19,10,14,12],[23,7,3,11,10,22,19,15,18,14,16,12],[19,3,11,23,22,7,15,14,10,12],[11,23,10,22,7,15,19,3,14,16,12],[3,11,23,22,15,7,19,14,10,12],[23,19,15,3,7,11,10,22,16,14,12],[7,11,23,10,22,19,3,15,14,12],[3,11,15,7,23,22,19,14,10,12],[19,11,23,22,3,15,7,10,14,12],[19,7,23,15,11,22,3,14,10,12],[19,3,23,11,22,7,15,10,14,16,12],[19,15,23,11,22,7,3,10,14,16,12],[3,19,11,15,7,23,22,14,10,12],[7,15,19,11,23,22,3,10,14,12],[3,7,15,11,23,22,19,10,14,16,12],[23,7,15,3,11,10,22,19,14,16,12],[7,15,19,11,23,22,3,14,10,16,12],[19,7,15,3,11,23,22,10,18,14,12],[23,3,19,15,7,11,10,22,18,16,14,12],[11,19,3,15,7,23,22,14,10,12],[11,7,3,19,15,23,22,10,14,16,12],[19,11,3,15,23,22,7,14,10,16,12],[19,23,11,22,15,7,3,14,10,16,12],[11,23,10,22,19,15,3,7,14,16,12],[23,19,11,22,3,15,7,10,14,12],[23,11,10,22,7,19,15,3,14,16,12],[11,19,7,23,10,22,3,15,14,16,12],[11,19,23,22,3,7,15,10,18,14,12],[7,11,19,3,23,22,15,14,10,12],[11,15,7,23,10,22,3,19,14,12],[3,11,23,10,22,7,15,19,14,12],[15,11,3,19,7,23,10,22,16,14,12],[11,23,10,22,19,15,3,7,14,12],[15,19,11,7,23,10,22,3,14,12],[7,19,23,15,3,11,22,10,14,16,12],[7,15,3,23,11,10,22,19,18,14,12],[7,3,19,15,11,23,10,22,14,16,12],[23,7,15,11,10,22,3,19,14,16,12],[23,19,15,3,7,11,10,22,14,16,12],[15,11,23,10,22,3,19,7,14,16,12],[15,19,23,11,10,22,7,3,18,16,14,12],[7,3,19,11,15,23,10,22,14,12],[23,15,11,10,22,7,3,19,14,16,12],[19,7,23,15,11,22,3,14,10,16,12],[23,19,11,22,15,7,3,14,10,12],[7,15,3,11,23,10,22,19,14,16,12],[23,11,10,22,7,19,3,15,18,14,12],[3,15,11,7,23,22,19,14,10,16,12],[23,15,11,22,19,7,3,10,18,14,16,12],[11,7,3,15,23,10,22,19,18,16,14,12],[23,7,19,11,10,22,15,3,14,16,12],[15,23,11,10,22,19,7,3,18,14,12],[11,7,19,15,3,23,22,14,10,12],[23,7,19,3,15,11,22,10,14,12],[11,19,3,7,23,10,22,15,16,14,12],[19,23,15,3,7,11,10,22,14,16,12],[19,23,15,7,11,22,3,10,14,16,12],[3,11,23,10,22,15,19,7,14,12],[3,19,7,23,15,11,10,22,14,12],[3,11,7,15,19,23,22,10,14,12],[15,11,7,3,23,10,22,19,14,16,12],[19,3,11,7,15,23,10,22,20,18,12],[7,23,11,10,22,15,3,19,14,12],[19,3,15,11,7,23,22,14,10,16,12],[7,19,23,11,22,3,15,14,10,16,12],[19,7,3,15,11,23,10,22,14,16,12],[15,7,11,19,23,10,22,3,20,18,12],[23,7,15,11,22,3,19,10,14,12],[11,23,10,22,19,7,3,15,14,12],[11,7,23,10,22,3,19,15,14,16,12],[11,19,23,22,7,3,15,14,10,12],[23,11,22,19,7,15,3,14,10,16,12],[11,19,23,10,22,7,3,15,16,14,12],[23,11,22,7,3,15,19,10,16,14,12],[3,11,19,23,22,7,15,10,14,16,12],[23,11,22,15,3,19,7,10,18,14,16,12],[23,3,7,19,11,10,22,15,18,14,16,12],[3,15,19,11,7,23,10,22,14,16,12],[11,3,19,23,22,15,7,14,10,16,12],[11,15,3,7,19,23,10,22,18,14,12],[19,7,11,3,15,23,10,22,14,12],[7,3,11,19,15,23,22,14,10,16,12],[23,11,22,19,3,15,7,14,10,12],[3,11,19,23,22,7,15,10,14,12],[3,23,7,15,11,10,22,19,14,16,12],[23,15,7,11,10,22,3,19,18,14,12],[19,7,23,15,3,11,22,10,14,12],[11,3,23,10,22,7,15,19,18,14,16,12],[3,11,15,19,7,23,22,10,14,16,12],[15,11,3,19,23,10,22,7,14,12],[3,7,19,15,11,23,10,22,18,14,16,12],[19,15,23,7,11,10,22,3,18,14,16,12],[23,19,11,10,22,7,15,3,14,16,12],[15,23,7,11,10,22,3,19,18,16,14,12],[15,3,7,19,23,11,10,22,14,12],[3,23,11,22,15,7,19,14,10,12],[11,19,15,3,23,22,7,14,10,12],[15,3,11,7,19,23,10,22,14,12],[7,15,11,19,23,22,3,14,10,12],[23,3,7,15,11,22,19,14,10,12],[3,19,23,7,11,10,22,15,18,14,16,12],[7,3,23,11,22,15,19,14,10,12],[19,23,7,15,11,22,3,14,10,16,12],[11,19,7,3,23,22,15,10,18,14,12],[19,3,11,15,23,10,22,7,14,12],[3,7,23,19,15,11,22,10,14,16,12],[7,23,3,19,15,11,22,14,10,16,12],[3,23,19,15,7,11,10,22,14,16,12],[23,19,3,15,7,11,10,22,14,16,12],[7,19,11,23,22,15,3,14,10,16,12],[7,19,23,3,15,11,10,22,14,16,12],[15,3,11,23,10,22,7,19,16,14,12],[23,7,19,3,15,11,22,14,10,12],[3,11,15,19,23,10,22,7,14,16,12],[23,3,7,11,22,19,15,14,10,16,12],[23,19,11,10,22,7,15,3,14,16,12],[11,3,7,15,19,23,10,22,18,14,12],[3,23,15,7,11,10,22,19,14,12],[15,19,3,11,7,23,22,14,10,16,12],[11,23,10,22,19,3,15,7,18,14,16,12],[11,19,7,15,3,23,10,22,14,16,12],[7,15,3,23,19,11,22,14,10,16,12],[23,11,22,19,3,15,7,10,14,16,12],[7,15,19,23,3,11,22,10,18,14,16,12],[19,15,23,7,11,10,22,3,14,12],[15,11,3,23,10,22,7,19,14,16,12],[11,15,23,22,19,3,7,10,20,18,12],[11,3,23,10,22,19,15,7,18,14,16,12],[11,19,3,23,22,15,7,10,14,12],[7,15,3,11,23,10,22,19,16,14,12],[7,11,23,22,3,19,15,14,10,12],[11,19,23,10,22,15,7,3,14,12],[15,7,11,3,19,23,22,10,14,16,12],[7,3,19,11,15,23,22,10,14,12],[19,23,7,3,11,10,22,15,14,16,12],[11,19,23,22,7,15,3,10,14,12],[19,23,3,11,22,7,15,10,14,16,12],[7,3,11,19,23,10,22,15,18,14,12],[11,7,3,19,15,23,10,22,18,14,12],[7,19,23,3,11,22,15,10,18,14,16,12],[11,23,10,22,19,3,15,7,14,16,12],[3,19,15,7,23,11,10,22,14,16,12],[23,11,10,22,3,19,15,7,18,14,16,12],[23,11,10,22,3,7,19,15,18,14,12],[23,3,11,10,22,19,7,15,14,16,12],[3,7,23,11,10,22,19,15,14,12],[7,11,3,19,15,23,10,22,14,12],[23,11,22,15,19,7,3,10,16,14,12],[15,11,7,3,23,22,19,14,10,12],[15,23,11,10,22,7,3,19,14,16,12],[11,7,19,3,15,23,22,14,10,16,12],[19,23,11,10,22,15,7,3,14,12],[23,19,3,7,11,22,15,10,14,12],[3,19,11,7,23,22,15,10,18,14,16,12],[23,3,7,15,11,22,19,14,10,12],[23,19,7,3,15,11,10,22,16,14,12],[15,19,3,7,23,11,10,22,14,12],[7,3,15,19,11,23,10,22,14,12],[7,3,11,23,10,22,15,19,14,16,12],[23,19,3,11,22,7,15,14,10,16,12],[7,3,15,19,23,11,22,10,14,16,12],[11,23,10,22,19,3,7,15,16,14,12],[11,15,19,23,22,3,7,14,10,16,12],[3,19,15,7,23,11,10,22,14,16,12],[7,23,15,3,19,11,10,22,20,18,12],[11,15,19,3,7,23,10,22,14,12],[15,7,11,19,3,23,22,10,14,12],[19,11,3,23,10,22,15,7,14,12],[15,23,11,10,22,7,3,19,14,16,12],[7,11,19,3,15,23,22,14,10,16,12],[11,7,19,15,23,10,22,3,14,16,12],[19,15,3,11,23,22,7,10,18,14,16,12],[19,3,23,11,10,22,15,7,18,14,16,12],[11,19,23,10,22,3,7,15,20,18,14,16,12],[3,15,11,19,23,22,7,10,14,16,12],[7,19,11,3,23,10,22,15,18,14,12],[7,19,11,23,22,3,15,10,18,14,16,12],[23,3,15,7,19,11,10,22,14,12],[19,7,15,3,11,23,10,22,14,12],[19,23,15,11,10,22,7,3,18,14,12],[3,19,15,11,23,22,7,14,10,12],[11,7,3,23,22,15,19,14,10,12],[23,15,3,19,7,11,10,22,14,16,12],[7,23,15,19,3,11,22,10,20,18,14,12],[7,3,11,19,15,23,22,14,10,16,12],[23,15,3,11,22,7,19,10,14,16,12],[15,19,7,3,23,11,22,10,14,12],[11,7,15,3,23,22,19,10,18,14,16,12],[7,3,19,15,23,11,10,22,16,14,12],[11,15,3,23,22,7,19,14,10,16,12],[11,19,15,3,7,23,22,14,10,12],[7,19,23,15,11,10,22,3,14,16,12],[19,11,7,15,23,22,3,14,10,16,12],[11,7,3,19,15,23,10,22,18,16,14,12],[11,19,15,23,10,22,3,7,14,16,12],[3,19,11,23,10,22,7,15,14,16,12],[19,7,3,15,11,23,10,22,16,14,12],[11,19,3,15,7,23,10,22,14,16,12],[3,19,11,23,22,7,15,10,18,14,16,12],[3,7,19,23,15,11,22,10,14,16,12],[23,3,11,10,22,15,7,19,14,16,12],[23,15,3,19,7,11,22,10,16,14,12],[7,11,15,23,10,22,3,19,14,12],[15,7,23,3,11,10,22,19,14,16,12],[7,23,11,22,15,19,3,14,10,12],[19,15,7,23,3,11,22,10,14,16,12],[11,23,10,22,3,19,15,7,18,14,12],[23,15,3,11,22,7,19,14,10,16,12],[19,23,3,7,11,10,22,15,14,16,12],[15,7,23,19,3,11,10,22,14,12],[11,7,3,19,23,10,22,15,16,14,12],[7,11,15,3,19,23,10,22,14,12],[11,23,22,15,19,3,7,10,14,12],[23,11,10,22,3,19,7,15,14,16,12],[23,3,7,19,15,11,10,22,18,14,12],[3,7,11,15,23,10,22,19,14,16,12],[11,23,22,19,3,7,15,14,10,12],[15,19,7,3,11,23,22,10,14,16,12],[11,7,3,19,15,23,22,10,18,14,12],[19,15,3,7,11,23,10,22,14,12],[3,23,15,7,11,10,22,19,14,16,12],[11,7,3,23,22,19,15,10,14,16,12],[15,11,3,23,10,22,7,19,14,12],[15,7,23,3,11,22,19,14,10,16,12],[11,19,23,22,7,3,15,14,10,16,12],[19,7,23,15,3,11,22,14,10,12],[15,19,11,3,7,23,22,14,10,16,12]],"n_human":8}