{"problem_id":"HWnzLBuUIWOsg2x","sigma":75,"alpha":3.162,"cost":0,"probabilities":"[0.22, 0.43, 0.11, 0.24]","payoff_matrix":"[[7, -48, -147, -73, 36, 11], [-62, 40, -60, 92, -119, -22], [124, -13, 60, -17, -109, 45], [-90, -57, -23, -76, 114, 1]]","uncovered":[[2,6,10,18,22,14,8],[6,14,22,18,10,2,8],[10,22,6,18,2,14,8],[6,10,14,18,22,2,16,8],[10,18,2,6,22,14,8],[22,6,18,14,2,10,16,8],[14,2,22,6,10,18,16,8],[10,14,18,22,6,2,8],[2,18,22,10,14,6,8],[10,2,14,22,6,18,16,8],[22,2,6,18,10,14,16,8],[10,14,18,22,2,6,8],[14,2,18,6,10,22,8],[18,10,14,22,6,2,16,8],[14,18,22,6,2,10,16,8],[10,2,6,22,14,18,16,8],[22,2,14,6,10,18,16,8],[6,10,2,18,22,14,8],[10,6,2,14,22,18,16,8],[6,2,10,14,22,18,8],[6,22,18,10,2,14,8],[14,10,6,2,22,18,8],[14,22,2,10,6,18,8],[6,2,22,10,18,14,16,8],[18,6,22,2,10,14,8],[14,18,10,2,6,22,16,8],[10,18,2,6,14,22,8],[10,22,2,18,14,6,16,8],[14,6,18,22,2,10,16,8],[2,6,14,10,22,18,16,8],[22,18,14,10,6,2,8],[6,2,18,10,22,14,16,8],[2,6,22,14,10,18,16,8],[10,2,18,14,22,6,16,8],[22,10,2,18,6,14,16,8],[14,10,18,6,2,22,8],[14,22,10,6,2,18,16,8],[6,22,10,18,14,2,8],[2,22,6,10,14,18,8],[10,6,2,18,22,14,16,8],[22,2,10,18,6,14,8],[2,18,14,22,10,6,8],[6,14,18,22,2,10,8],[22,10,6,18,2,14,8],[10,6,14,22,2,18,16,8],[6,22,14,10,2,18,8],[2,10,6,18,14,22,16,8],[14,22,10,2,6,18,16,8],[14,18,2,6,10,22,16,8],[14,2,6,10,22,18,8],[10,22,6,18,2,14,8],[22,14,6,10,18,2,8],[18,14,6,2,22,10,16,8],[6,2,10,22,14,18,16,8],[14,10,18,22,2,6,16,8],[18,2,14,22,10,6,8],[14,22,6,10,2,18,16,8],[6,10,14,2,18,22,16,8],[22,6,14,2,10,18,16,8],[6,22,2,10,14,18,16,8],[2,10,18,22,6,14,8],[10,22,2,6,14,18,16,8],[18,10,2,14,6,22,16,8],[6,22,18,2,14,10,16,8],[14,6,18,2,10,22,16,8],[18,6,10,14,2,22,8],[6,18,14,10,2,22,16,8],[2,10,18,6,22,14,8],[22,2,18,6,10,14,16,8],[14,2,6,18,10,22,16,8],[10,18,2,22,6,14,16,8],[2,6,14,18,10,22,8],[2,14,22,18,10,6,16,8],[22,6,2,18,14,10,16,8],[6,14,2,10,18,22,16,8],[14,22,10,18,2,6,8],[18,10,6,2,14,22,16,8],[14,10,18,6,22,2,16,8],[6,2,10,22,14,18,8],[2,6,10,14,22,18,8],[10,14,22,18,2,6,16,8],[14,18,2,22,6,10,16,8],[18,10,2,14,22,6,16,8],[2,22,18,10,6,14,16,8],[2,18,10,6,22,14,8],[18,2,6,14,10,22,16,8],[18,10,14,2,22,6,8],[22,18,6,14,2,10,16,8],[14,10,2,6,22,18,16,8],[6,18,14,2,10,22,8],[2,22,6,14,18,10,16,8],[2,6,18,10,22,14,8],[14,10,2,18,22,6,8],[14,18,22,2,6,10,16,8],[18,6,2,22,10,14,16,8],[18,6,14,22,2,10,16,8],[6,22,18,10,2,14,16,8],[6,2,18,22,10,14,16,8],[18,10,22,2,6,14,8],[18,6,10,22,14,2,8],[10,14,2,6,22,18,8],[6,2,14,22,10,18,8],[6,2,22,18,10,14,16,8],[22,18,10,14,6,2,8],[6,18,14,10,2,22,16,8],[6,18,10,14,2,22,16,8],[18,6,14,22,2,10,16,8],[14,2,22,10,6,18,8],[10,14,2,18,22,6,16,8],[6,22,2,14,10,18,8],[22,10,18,2,6,14,16,8],[18,22,2,10,14,6,16,8],[2,18,14,10,6,22,16,8],[18,14,10,2,6,22,8],[2,14,10,6,22,18,16,8],[6,14,18,2,10,22,16,8],[10,14,18,6,22,2,16,8],[14,18,6,2,10,22,8],[6,22,10,14,18,2,16,8],[10,2,18,14,6,22,8],[18,2,22,10,14,6,16,8],[2,22,10,6,14,18,8],[22,10,6,2,18,14,8],[22,6,2,10,14,18,8],[14,22,6,18,10,2,8],[10,22,6,2,18,14,8],[18,10,14,2,6,22,8],[14,22,18,2,10,6,16,8],[10,18,22,14,2,6,8],[6,2,14,22,18,10,8],[6,14,22,10,18,2,16,8],[10,6,18,22,14,2,8],[22,14,10,6,2,18,16,8],[18,6,10,14,2,22,16,8],[10,6,2,22,18,14,16,8],[14,2,22,10,6,18,8],[10,18,22,14,6,2,8],[10,6,2,18,14,22,8],[6,2,14,10,18,22,16,8],[14,22,18,2,10,6,16,8],[18,14,22,6,2,10,16,8],[6,10,22,14,18,2,16,8],[6,14,10,18,22,2,16,8],[18,2,10,6,22,14,16,8],[6,14,10,18,2,22,8],[22,2,6,10,14,18,8],[6,2,22,14,10,18,8],[14,10,6,22,18,2,8],[10,14,2,18,6,22,8],[22,10,14,6,2,18,8],[14,22,18,6,2,10,8],[18,6,14,10,22,2,16,8],[22,2,14,10,18,6,16,8],[22,10,14,6,18,2,16,8],[2,6,22,14,10,18,8],[6,10,14,22,2,18,8],[6,18,14,10,22,2,16,8],[14,10,22,18,6,2,16,8],[10,22,2,18,6,14,8],[14,6,10,18,2,22,8],[2,10,18,14,6,22,8],[22,2,10,6,18,14,16,8],[22,6,2,14,10,18,16,8],[18,14,10,22,6,2,16,8],[22,2,14,10,18,6,8],[18,14,2,6,10,22,8],[2,22,18,6,10,14,16,8],[6,22,14,2,10,18,8],[2,6,22,10,18,14,16,8],[6,18,2,10,14,22,16,8],[10,2,14,6,22,18,8],[18,14,22,10,2,6,8],[18,2,22,6,10,14,16,8],[14,6,18,22,2,10,8],[10,2,22,18,14,6,16,8],[14,6,10,2,18,22,8],[6,14,22,2,10,18,8],[2,18,22,14,6,10,16,8],[2,22,14,18,6,10,16,8],[22,18,14,2,6,10,8],[10,6,14,2,18,22,8],[18,6,10,2,14,22,16,8],[18,6,22,10,14,2,16,8],[2,22,10,18,6,14,8],[22,18,14,10,6,2,8],[18,6,10,14,2,22,16,8],[18,2,6,22,10,14,8],[22,18,6,2,14,10,16,8],[22,6,18,10,2,14,8],[6,22,10,14,18,2,8],[22,6,10,18,2,14,8],[2,22,18,10,14,6,16,8],[18,14,10,2,22,6,8],[18,14,22,6,2,10,8],[14,10,6,2,18,22,16,8],[14,6,10,18,22,2,8],[10,22,6,14,2,18,16,8],[22,2,14,10,6,18,8],[22,14,2,6,10,18,16,8],[6,14,18,22,2,10,16,8],[10,14,6,2,22,18,16,8],[18,22,14,10,2,6,8],[6,14,18,10,22,2,8],[14,18,22,2,10,6,16,8],[10,2,22,6,14,18,16,8],[22,2,10,6,14,18,8],[14,10,6,18,2,22,8],[2,10,6,22,14,18,8],[6,18,10,2,22,14,8],[22,14,2,18,10,6,16,8],[2,14,18,10,6,22,8],[18,2,6,22,10,14,16,8],[6,10,14,18,22,2,8],[18,14,2,22,10,6,8],[10,18,22,14,6,2,8],[6,18,14,2,22,10,16,8],[22,10,14,18,6,2,8],[10,18,22,2,14,6,16,8],[6,2,22,10,18,14,16,8],[6,18,10,14,22,2,8],[18,10,6,2,22,14,8],[2,22,14,10,18,6,8],[2,10,6,22,14,18,16,8],[2,10,18,22,6,14,8],[22,14,2,18,10,6,16,8],[14,6,22,2,18,10,8],[18,22,14,10,2,6,8],[14,10,18,22,2,6,8],[18,6,14,2,22,10,8],[10,2,22,14,6,18,16,8],[22,2,10,18,6,14,16,8],[22,18,2,10,6,14,16,8],[2,18,14,6,22,10,8],[2,10,6,14,18,22,16,8],[6,22,14,2,10,18,8],[6,14,18,22,10,2,8],[18,22,6,14,2,10,8],[18,6,14,10,22,2,8],[10,22,18,2,6,14,8],[6,22,18,14,10,2,16,8],[2,10,22,6,14,18,16,8],[22,14,18,6,10,2,8],[14,2,22,6,10,18,16,8],[2,10,22,6,18,14,8],[2,14,6,22,10,18,16,8],[14,22,2,6,18,10,8],[14,18,10,6,22,2,16,8],[14,22,18,10,2,6,8],[18,22,6,14,10,2,8],[22,6,10,14,2,18,8],[18,6,22,14,2,10,8],[10,14,6,2,22,18,16,8],[2,6,14,22,10,18,16,8],[2,10,18,6,14,22,16,8],[18,2,10,14,22,6,16,8],[6,18,14,2,10,22,8],[6,18,2,14,22,10,8],[14,2,10,18,6,22,16,8],[2,22,14,6,10,18,16,8],[18,14,10,2,22,6,8],[6,22,18,2,14,10,16,8],[18,22,10,2,14,6,8],[14,6,10,2,18,22,16,8],[22,2,10,14,18,6,16,8],[14,10,6,18,22,2,8],[10,22,14,6,2,18,16,8],[2,6,14,18,10,22,8],[22,10,18,6,2,14,16,8],[22,14,18,2,6,10,8],[18,6,10,2,22,14,8],[22,18,14,2,10,6,16,8],[2,10,22,14,6,18,16,8],[18,2,6,10,14,22,16,8],[22,14,10,2,18,6,16,8],[18,22,2,14,6,10,16,8],[14,22,10,18,2,6,16,8],[22,18,10,6,14,2,16,8],[2,18,14,10,22,6,8],[10,6,14,18,22,2,16,8],[18,14,10,6,2,22,16,8],[14,22,18,10,6,2,16,8],[2,10,14,22,18,6,8],[6,14,2,10,18,22,16,8],[22,14,6,18,10,2,8],[22,10,2,18,14,6,8],[10,14,6,2,18,22,16,8],[6,22,2,18,14,10,8],[18,6,2,14,10,22,8],[18,22,2,14,6,10,16,8],[10,2,14,18,6,22,16,8],[6,18,14,10,2,22,16,8],[22,14,10,2,6,18,8],[6,14,22,2,10,18,8],[10,18,14,22,6,2,8],[18,6,14,22,2,10,8],[6,22,18,10,14,2,16,8],[6,14,10,18,2,22,16,8],[2,18,22,6,14,10,16,8],[6,2,18,22,14,10,8],[10,6,14,22,2,18,8],[10,22,18,6,14,2,16,8],[18,10,6,2,14,22,8],[2,22,10,6,14,18,8],[14,22,6,2,10,18,16,8],[14,6,10,2,18,22,16,8],[22,6,10,18,14,2,16,8],[2,6,22,10,18,14,16,8],[18,6,22,10,2,14,16,8],[2,14,18,10,6,22,16,8],[22,2,6,18,14,10,16,8],[22,10,18,6,14,2,8],[18,6,22,14,2,10,16,8],[6,10,22,14,18,2,16,8],[14,18,22,2,6,10,16,8],[18,10,6,14,22,2,8],[2,22,6,10,18,14,8],[22,2,6,18,10,14,8],[18,2,10,6,14,22,16,8],[6,2,22,10,18,14,16,8],[6,10,22,14,2,18,8],[6,2,14,10,18,22,16,8],[6,14,22,2,10,18,16,8],[22,18,14,10,6,2,8],[10,22,2,18,14,6,8],[6,2,18,10,22,14,16,8],[22,14,2,6,18,10,16,8],[2,14,10,22,18,6,8],[22,6,2,10,14,18,16,8],[22,18,2,14,10,6,16,8],[18,10,2,6,14,22,8],[18,14,10,22,2,6,16,8],[22,18,14,6,2,10,16,8],[6,2,14,10,22,18,8],[6,18,10,14,22,2,8],[2,10,6,14,18,22,16,8],[6,10,18,2,22,14,16,8],[14,6,22,2,18,10,8],[6,22,14,18,10,2,8],[6,10,18,22,2,14,16,8],[6,22,2,18,14,10,16,8],[18,10,2,6,14,22,16,8],[22,14,6,18,10,2,8],[6,10,22,2,14,18,8],[14,6,18,22,2,10,16,8],[18,6,14,2,10,22,16,8],[6,22,2,18,10,14,8],[6,18,10,22,2,14,16,8],[18,10,6,2,22,14,8],[14,18,2,10,6,22,16,8],[6,14,2,18,22,10,8],[18,2,6,22,14,10,8],[10,18,2,22,6,14,8],[22,14,2,6,10,18,16,8],[2,22,10,14,6,18,16,8],[6,22,10,2,14,18,8],[14,10,2,18,22,6,16,8],[10,6,18,22,14,2,16,8],[18,2,10,14,22,6,8],[2,18,10,14,6,22,16,8],[18,14,6,22,2,10,8],[14,6,2,18,22,10,8],[14,18,10,6,2,22,16,8],[10,22,14,2,6,18,8],[2,18,14,22,6,10,16,8],[2,6,18,14,22,10,16,8],[18,10,6,2,22,14,8],[22,10,18,6,2,14,8],[6,2,18,22,10,14,16,8],[2,22,6,18,14,10,16,8],[18,10,14,6,2,22,8],[6,14,10,22,2,18,16,8],[2,10,22,14,18,6,8],[2,10,18,14,22,6,8],[2,6,18,22,14,10,16,8],[22,10,18,6,2,14,8],[2,22,14,10,6,18,16,8],[18,10,14,2,6,22,16,8],[6,2,10,18,22,14,8],[18,14,22,10,2,6,16,8],[10,14,2,22,18,6,8],[18,6,22,14,2,10,8],[6,14,10,22,2,18,8],[18,2,6,10,14,22,8],[10,18,14,2,22,6,8],[6,18,14,2,10,22,16,8],[14,22,18,10,2,6,8],[18,6,14,2,22,10,8],[14,22,6,2,18,10,8],[14,2,10,22,6,18,16,8],[2,10,22,18,14,6,8],[18,10,14,6,22,2,16,8],[14,2,22,6,10,18,16,8],[2,18,22,10,14,6,8],[2,10,6,14,22,18,16,8],[2,10,22,6,14,18,8],[2,18,22,14,6,10,8],[14,6,18,10,2,22,8],[22,6,10,14,18,2,16,8],[14,22,6,2,18,10,16,8],[10,14,18,6,22,2,8],[6,18,14,2,22,10,8],[14,10,6,18,2,22,8],[22,2,10,6,14,18,16,8],[14,10,6,18,2,22,8],[2,22,6,14,18,10,16,8],[14,2,18,22,6,10,16,8],[10,18,2,22,14,6,8],[14,22,10,2,6,18,16,8],[18,6,22,2,10,14,16,8],[6,2,22,14,18,10,16,8],[14,10,18,2,22,6,16,8],[22,18,2,14,10,6,16,8],[22,14,6,10,18,2,8],[14,10,18,22,6,2,8],[14,6,10,18,22,2,16,8],[10,18,2,14,6,22,8],[18,6,14,2,10,22,16,8],[18,2,14,10,22,6,16,8],[22,14,2,10,18,6,8],[22,2,6,10,14,18,16,8],[10,14,6,2,22,18,8],[10,6,14,2,22,18,8],[14,10,22,18,2,6,8],[10,6,2,14,22,18,8],[14,2,22,10,6,18,8],[10,22,18,2,6,14,8],[10,6,18,14,22,2,8],[18,22,2,10,14,6,8],[2,22,18,6,14,10,8],[10,22,14,18,2,6,8],[14,2,6,18,10,22,16,8],[18,6,10,14,2,22,16,8],[10,22,2,14,6,18,16,8],[22,10,18,6,14,2,8],[14,2,22,10,6,18,16,8],[2,18,14,22,10,6,8],[14,22,18,2,10,6,8],[22,14,18,2,10,6,8],[14,2,6,18,22,10,8],[22,18,14,10,2,6,16,8],[2,6,18,22,10,14,16,8],[22,10,14,18,6,2,16,8],[22,10,6,2,18,14,8],[10,6,22,2,14,18,8],[10,14,6,22,18,2,8],[18,2,22,14,10,6,16,8],[6,14,22,18,2,10,16,8],[10,22,18,6,2,14,16,8],[2,14,10,6,22,18,16,8],[18,22,10,2,14,6,16,8],[14,2,6,18,10,22,8],[6,18,2,14,22,10,8],[10,6,14,22,18,2,16,8],[6,18,14,22,10,2,16,8],[22,18,2,6,14,10,16,8],[18,2,10,14,22,6,8],[18,2,22,14,6,10,16,8],[6,2,22,10,14,18,8],[14,22,10,2,6,18,16,8],[2,22,14,18,6,10,16,8],[10,22,14,18,2,6,8],[2,22,14,18,6,10,8],[14,18,10,22,6,2,8],[22,18,2,6,10,14,8],[2,18,14,6,22,10,8],[14,18,22,10,2,6,16,8],[6,22,2,10,14,18,16,8],[6,10,22,14,18,2,8],[6,14,22,10,2,18,8],[14,22,18,6,2,10,8],[2,10,22,18,6,14,16,8],[6,10,18,22,2,14,16,8],[18,10,6,22,14,2,16,8],[22,2,10,6,14,18,8],[14,10,18,22,2,6,8],[14,18,2,6,22,10,8],[22,6,18,2,10,14,8],[10,18,6,22,2,14,8],[22,14,10,6,18,2,8],[2,22,14,10,18,6,16,8],[6,18,22,10,14,2,8],[2,10,18,14,22,6,16,8],[6,14,18,2,10,22,16,8],[22,2,10,14,6,18,16,8],[10,18,22,14,2,6,16,8],[18,22,10,2,6,14,8],[18,22,6,14,2,10,8],[14,10,18,22,2,6,16,8],[2,22,14,10,6,18,16,8],[22,2,18,6,14,10,16,8],[18,10,2,22,14,6,8],[18,6,10,14,2,22,16,8],[10,18,14,6,22,2,8],[22,10,6,2,18,14,16,8],[14,18,10,2,22,6,8],[14,2,10,18,6,22,16,8],[18,6,14,2,10,22,16,8],[10,6,14,22,18,2,16,8],[6,14,18,10,2,22,8],[18,14,6,10,22,2,8],[6,10,14,18,2,22,8],[18,10,14,2,6,22,8],[6,2,14,10,22,18,8],[18,10,22,2,14,6,16,8],[10,22,18,2,6,14,8],[14,2,22,18,10,6,8],[6,2,22,10,14,18,8],[10,2,18,22,6,14,16,8],[18,6,22,14,10,2,8],[22,14,6,2,18,10,8],[2,6,18,10,14,22,16,8],[18,6,2,14,10,22,16,8],[2,22,14,10,18,6,16,8],[22,10,14,18,2,6,16,8],[2,10,14,22,18,6,8],[22,2,10,6,18,14,8],[2,10,6,18,14,22,8],[18,14,2,10,6,22,16,8],[2,14,6,18,10,22,8],[10,14,6,18,22,2,8],[6,22,10,18,14,2,8],[6,2,18,14,10,22,16,8],[10,14,6,18,22,2,16,8],[6,14,10,18,22,2,16,8],[22,14,2,10,18,6,8],[18,2,10,22,6,14,8],[6,22,18,2,10,14,16,8],[18,14,10,2,22,6,16,8],[14,6,22,10,2,18,8],[10,2,18,22,14,6,8],[14,6,2,18,10,22,16,8],[14,10,22,18,2,6,16,8],[18,6,22,2,10,14,8],[18,6,14,2,10,22,8],[14,10,18,6,22,2,8],[2,10,14,6,22,18,8],[14,10,6,22,2,18,8],[18,2,14,10,6,22,8],[6,22,14,10,2,18,16,8],[14,18,22,2,6,10,16,8],[10,22,2,14,6,18,16,8],[6,2,14,18,10,22,8],[22,10,18,6,2,14,16,8],[6,10,14,18,22,2,8],[14,10,18,22,6,2,16,8],[6,2,10,14,22,18,16,8],[22,14,10,6,2,18,8],[2,6,22,14,18,10,16,8],[6,10,14,18,2,22,16,8],[22,18,2,10,6,14,8],[2,14,10,18,6,22,16,8],[18,10,14,6,22,2,16,8],[18,22,14,10,2,6,8],[10,14,2,18,22,6,8],[2,10,18,22,6,14,8],[2,6,18,14,22,10,8],[6,14,22,2,10,18,8],[10,18,22,6,14,2,8],[18,2,6,14,10,22,8],[18,6,22,2,10,14,8],[2,22,10,6,14,18,16,8],[14,22,10,6,2,18,8],[6,18,22,10,14,2,8],[2,22,10,14,18,6,8],[2,14,6,10,18,22,8],[14,18,22,10,6,2,16,8],[14,10,22,2,6,18,16,8],[6,2,10,22,18,14,8],[22,2,10,6,18,14,8],[6,18,14,2,22,10,8],[2,6,18,22,14,10,16,8],[10,2,14,6,18,22,8],[2,6,22,10,18,14,16,8],[10,2,6,14,22,18,16,8],[22,14,18,2,10,6,8],[6,2,22,10,18,14,16,8],[10,2,18,6,14,22,8],[2,10,22,14,6,18,16,8],[6,14,2,22,10,18,16,8],[10,6,14,2,18,22,8],[18,10,2,14,6,22,16,8],[2,22,10,6,18,14,8],[2,6,14,22,18,10,8],[22,10,6,2,14,18,16,8],[6,14,10,2,18,22,8],[2,10,18,14,6,22,16,8],[6,14,18,2,10,22,8],[18,6,22,2,14,10,8],[14,2,10,18,22,6,8],[18,2,10,22,6,14,8],[14,18,6,22,10,2,8],[6,10,14,22,2,18,8],[6,22,2,10,18,14,16,8],[22,18,10,2,6,14,8],[18,22,14,10,2,6,16,8],[10,6,18,22,14,2,16,8],[18,22,10,2,6,14,8],[2,18,22,14,6,10,8],[10,18,2,14,22,6,8],[2,22,6,14,18,10,8],[6,18,10,14,2,22,8],[2,18,6,10,22,14,16,8],[2,10,6,22,14,18,16,8],[6,10,22,18,14,2,8],[10,6,14,2,22,18,16,8],[2,6,18,14,10,22,8],[22,18,14,6,2,10,16,8],[18,6,14,10,2,22,16,8],[22,6,2,18,10,14,8],[2,18,6,22,10,14,16,8],[10,18,22,2,6,14,8],[10,6,14,22,2,18,8],[22,10,18,14,2,6,8],[14,6,10,18,22,2,8],[2,14,22,10,18,6,16,8],[22,14,6,18,10,2,8],[18,6,22,14,10,2,16,8],[10,18,2,14,6,22,8],[14,22,2,10,18,6,8],[14,22,18,2,10,6,8],[18,6,14,22,2,10,8],[10,18,2,6,14,22,8],[18,2,22,14,10,6,16,8],[6,22,2,18,10,14,8],[2,22,10,18,6,14,16,8],[18,2,22,6,14,10,16,8],[10,14,18,2,22,6,8],[10,14,22,6,18,2,16,8],[10,2,18,14,22,6,16,8],[2,18,10,22,14,6,8],[6,18,2,10,22,14,16,8],[22,14,10,2,6,18,16,8],[22,14,18,2,10,6,8],[14,10,6,22,18,2,16,8],[6,18,10,14,2,22,8],[2,22,14,18,6,10,8],[2,6,22,10,14,18,16,8],[2,22,6,14,18,10,8],[10,14,6,2,22,18,8],[18,2,10,14,6,22,16,8],[14,22,2,10,6,18,8],[14,18,22,6,2,10,16,8],[14,18,2,10,6,22,8],[22,10,14,18,6,2,16,8],[14,6,18,10,22,2,8],[2,18,14,10,22,6,8],[10,14,2,22,18,6,8],[2,10,14,6,18,22,8],[2,18,10,6,22,14,16,8],[14,10,6,2,18,22,8],[2,22,10,6,14,18,16,8],[6,22,10,18,2,14,16,8],[2,6,14,18,10,22,16,8],[2,14,6,10,18,22,16,8],[22,18,10,14,6,2,8],[6,22,14,18,10,2,16,8],[6,2,14,10,18,22,8],[6,2,10,18,14,22,8],[10,6,2,18,14,22,8],[14,18,22,6,10,2,8],[6,10,18,14,22,2,8],[2,18,22,14,10,6,16,8],[22,10,2,18,14,6,16,8],[22,2,10,6,14,18,16,8],[14,22,18,2,6,10,16,8],[6,2,14,22,18,10,8],[14,2,6,10,18,22,16,8],[22,6,10,2,14,18,16,8],[10,6,18,14,22,2,8],[22,18,10,6,2,14,8],[22,10,18,2,6,14,16,8],[14,10,22,18,6,2,8],[22,2,18,14,10,6,8],[10,18,14,22,2,6,16,8],[18,10,6,22,2,14,8],[6,18,2,22,14,10,16,8],[18,22,14,10,2,6,8],[2,18,14,6,22,10,16,8],[10,18,22,2,6,14,8],[6,14,2,22,10,18,8],[6,10,18,14,2,22,16,8],[14,2,6,10,22,18,16,8],[22,18,2,6,14,10,8],[22,14,2,10,6,18,8],[14,18,10,6,2,22,8],[14,6,2,22,10,18,16,8],[14,18,2,6,10,22,16,8],[18,2,6,14,22,10,8],[6,14,10,18,2,22,8],[18,14,2,22,10,6,16,8],[18,14,6,10,22,2,8],[18,22,2,14,6,10,16,8],[14,10,6,22,2,18,8],[18,14,22,10,6,2,8],[22,18,10,6,14,2,16,8],[2,22,14,10,18,6,8],[18,14,2,6,22,10,16,8],[10,14,22,6,18,2,16,8],[18,10,14,2,22,6,8],[14,2,22,18,10,6,16,8],[6,22,14,2,10,18,8],[10,22,18,14,2,6,8],[14,10,6,2,18,22,16,8],[10,22,14,2,18,6,8],[18,14,6,22,2,10,16,8],[2,14,18,6,22,10,16,8],[6,2,10,22,14,18,8],[10,6,2,14,18,22,16,8],[14,22,6,2,10,18,8],[6,14,10,22,18,2,8],[6,10,18,2,14,22,16,8],[22,10,6,14,2,18,8],[18,6,14,22,10,2,16,8],[14,6,10,22,2,18,8],[2,14,22,18,10,6,16,8],[2,22,18,14,10,6,16,8],[14,2,6,18,22,10,8],[22,10,18,6,2,14,8],[18,6,14,22,2,10,8],[18,14,22,6,2,10,16,8],[18,10,6,2,14,22,8],[6,10,18,14,2,22,8],[10,22,6,18,14,2,8],[22,18,2,10,14,6,16,8],[18,22,6,14,10,2,16,8],[22,10,2,14,6,18,16,8],[2,18,22,6,10,14,16,8],[10,22,2,18,14,6,16,8],[14,6,22,10,18,2,8],[10,14,18,6,2,22,16,8],[6,14,22,18,10,2,8],[2,18,14,10,22,6,8],[2,6,14,10,18,22,8],[14,2,18,6,22,10,16,8],[14,6,10,2,18,22,16,8],[22,6,18,2,10,14,16,8],[14,22,6,2,18,10,8],[18,2,14,10,6,22,8],[10,22,14,2,6,18,8],[22,6,2,10,18,14,16,8],[10,2,18,14,6,22,16,8],[22,14,6,18,10,2,16,8],[10,18,14,2,22,6,16,8],[14,18,22,6,10,2,8],[6,10,18,22,14,2,8],[2,10,6,14,22,18,16,8],[22,2,18,10,6,14,8],[2,6,14,22,18,10,8],[14,22,2,10,18,6,16,8],[2,18,22,6,10,14,8],[22,14,6,10,2,18,8],[10,14,2,6,22,18,8],[22,18,6,2,10,14,8],[18,10,6,22,14,2,16,8],[6,10,14,18,2,22,8],[6,22,2,18,14,10,8],[14,10,6,2,22,18,16,8],[6,2,22,14,18,10,8],[22,6,18,14,10,2,16,8],[10,14,22,18,6,2,16,8],[10,14,2,22,6,18,16,8],[10,6,18,22,14,2,16,8],[10,2,6,22,14,18,8],[22,14,10,2,18,6,16,8],[10,6,14,18,22,2,16,8],[6,10,18,22,2,14,8],[2,14,10,22,18,6,16,8],[22,14,18,6,10,2,16,8],[10,2,22,18,14,6,8],[18,2,22,14,10,6,16,8],[2,10,14,18,22,6,8],[2,14,10,22,18,6,8],[6,14,22,10,18,2,8],[22,18,6,14,10,2,16,8],[18,22,14,10,2,6,16,8],[6,2,18,10,14,22,8],[14,10,18,6,22,2,16,8],[14,18,22,10,6,2,16,8],[18,6,10,22,14,2,8],[14,2,6,10,22,18,16,8],[22,14,18,2,6,10,16,8],[14,18,6,10,2,22,16,8],[6,10,14,18,22,2,8],[2,14,18,22,10,6,8],[14,10,6,22,18,2,16,8],[2,22,6,18,14,10,16,8],[6,10,18,2,14,22,16,8],[18,22,6,2,10,14,16,8],[22,10,18,14,2,6,8],[6,10,2,22,18,14,16,8],[14,2,18,22,10,6,8],[6,10,14,18,2,22,16,8],[2,18,6,22,10,14,8],[6,10,14,22,18,2,8],[18,2,10,14,22,6,8],[6,22,14,10,2,18,16,8],[18,2,14,6,22,10,8],[6,14,22,18,2,10,16,8],[14,18,2,22,6,10,16,8],[2,18,10,6,22,14,16,8],[14,6,22,10,2,18,8],[10,18,2,14,6,22,8],[6,2,22,18,14,10,8],[18,10,22,14,2,6,8],[22,2,14,6,18,10,8],[6,2,14,22,18,10,16,8],[6,10,22,2,18,14,16,8],[6,18,2,10,22,14,16,8],[6,22,18,2,14,10,16,8],[18,6,14,2,22,10,8],[18,6,10,14,2,22,8],[14,2,22,18,6,10,8],[22,10,2,14,18,6,8],[18,22,10,14,2,6,16,8],[2,10,14,6,18,22,8],[10,22,2,18,14,6,8],[10,22,18,6,2,14,8],[14,6,22,2,18,10,16,8],[14,2,6,22,18,10,8],[14,18,6,22,10,2,16,8],[6,14,2,22,18,10,16,8],[22,10,18,14,6,2,16,8],[14,18,22,2,10,6,16,8],[6,10,18,14,2,22,8],[10,22,18,6,14,2,16,8],[2,6,14,10,22,18,16,8],[14,22,2,10,18,6,8],[2,10,6,14,22,18,8],[2,10,22,14,6,18,8],[6,14,2,10,18,22,8],[18,14,10,2,22,6,8],[18,2,10,6,14,22,16,8],[10,6,2,18,22,14,8],[10,2,14,22,6,18,8],[10,18,2,22,6,14,16,8],[10,6,14,22,2,18,16,8],[18,14,10,22,6,2,16,8],[18,10,22,14,6,2,8],[18,6,14,10,2,22,16,8],[6,14,22,18,2,10,16,8],[18,6,14,10,2,22,16,8],[2,18,6,10,22,14,8],[6,22,10,2,14,18,16,8],[14,22,10,2,6,18,8],[14,10,22,18,6,2,8],[10,14,2,18,6,22,8],[2,22,10,18,6,14,16,8],[6,10,22,2,18,14,8],[22,2,6,18,10,14,8],[18,22,10,2,14,6,8],[22,18,14,2,6,10,8],[2,14,10,6,18,22,16,8],[14,22,6,18,2,10,16,8],[18,14,2,6,10,22,16,8],[22,14,10,6,2,18,16,8],[18,2,6,10,14,22,16,8],[22,2,6,10,18,14,16,8],[10,6,14,22,2,18,16,8],[2,6,18,22,14,10,8],[10,18,22,2,14,6,8],[18,14,22,2,6,10,16,8],[6,14,22,10,2,18,8],[2,18,14,6,22,10,16,8],[2,14,6,10,18,22,8],[18,2,6,22,10,14,16,8],[2,22,14,6,18,10,8],[22,2,18,14,6,10,8],[10,18,14,6,2,22,8],[18,14,6,2,10,22,8],[18,2,10,22,6,14,8],[10,6,18,2,14,22,16,8],[18,14,2,10,6,22,8],[6,22,10,18,14,2,8],[2,10,6,18,14,22,16,8],[10,14,2,18,6,22,16,8],[22,6,14,2,10,18,8],[10,22,2,14,18,6,8],[18,14,22,2,6,10,16,8],[22,6,18,14,2,10,16,8],[18,2,22,14,10,6,16,8],[2,14,18,22,10,6,8],[6,2,18,22,10,14,8],[18,14,6,2,22,10,16,8],[6,14,18,22,2,10,16,8],[14,18,2,10,6,22,16,8],[10,22,2,18,6,14,16,8],[10,2,18,6,22,14,8],[22,18,6,2,10,14,16,8],[18,10,2,22,14,6,16,8],[2,22,6,18,10,14,16,8],[2,18,6,22,14,10,16,8],[22,2,14,6,10,18,16,8],[6,14,10,18,22,2,8],[10,2,14,6,18,22,8],[2,14,6,22,10,18,16,8],[22,18,6,10,2,14,8],[2,22,10,18,14,6,8],[2,10,14,18,22,6,8],[22,14,18,6,10,2,8],[18,22,10,2,6,14,16,8],[18,10,22,2,14,6,8],[10,18,22,2,14,6,8],[18,22,14,10,6,2,8],[18,6,14,10,2,22,8],[2,14,22,10,6,18,8],[2,6,22,10,14,18,16,8],[18,10,2,6,14,22,8],[22,14,10,18,6,2,8],[18,22,2,6,10,14,16,8],[14,2,6,22,18,10,8],[6,18,2,22,10,14,16,8],[10,14,22,6,18,2,8],[10,22,2,14,18,6,16,8],[2,22,10,14,18,6,8],[6,10,18,22,2,14,8],[6,2,14,10,22,18,8],[18,14,2,6,22,10,16,8],[18,2,14,22,10,6,16,8],[2,14,10,6,22,18,8],[18,14,22,2,10,6,16,8],[10,22,18,6,14,2,8],[2,18,14,6,10,22,8],[2,10,18,14,22,6,16,8],[14,22,18,10,2,6,8],[2,22,14,10,18,6,16,8],[18,2,14,10,6,22,8],[14,22,2,10,18,6,16,8],[18,14,6,2,10,22,8],[14,18,2,6,10,22,16,8],[14,22,10,6,18,2,8],[18,22,10,6,14,2,8],[10,22,18,6,14,2,8],[18,14,10,2,22,6,16,8],[6,14,10,2,22,18,16,8],[14,2,22,6,10,18,8],[18,14,10,2,22,6,16,8],[10,22,14,18,2,6,8],[2,6,10,14,18,22,16,8],[18,10,2,6,22,14,8],[2,6,18,22,14,10,8],[2,22,14,10,18,6,16,8],[18,22,10,2,6,14,16,8],[10,14,6,22,2,18,8],[14,18,2,6,10,22,8],[22,14,10,6,18,2,16,8],[22,18,2,14,10,6,16,8],[14,10,2,22,6,18,8],[22,6,18,2,14,10,16,8],[22,6,2,18,10,14,16,8],[2,14,22,6,10,18,8],[14,22,10,2,6,18,16,8],[10,14,22,18,6,2,16,8],[10,22,18,2,6,14,16,8],[22,14,18,10,2,6,16,8],[14,10,6,22,2,18,8],[2,14,6,18,22,10,8],[6,14,22,18,10,2,16,8],[2,18,10,14,22,6,16,8],[6,22,10,14,2,18,16,8],[10,18,2,14,22,6,8],[18,6,22,14,10,2,16,8],[18,14,10,2,6,22,8],[14,6,18,2,22,10,8],[10,18,22,6,14,2,8],[10,22,18,6,14,2,8],[18,22,10,6,14,2,8],[22,6,2,14,10,18,8],[6,14,18,2,22,10,16,8],[22,10,6,14,18,2,16,8],[22,6,18,10,2,14,16,8],[6,2,14,18,22,10,16,8],[22,10,6,14,2,18,16,8],[14,18,22,6,10,2,16,8],[14,10,2,18,6,22,8],[10,14,2,18,6,22,16,8],[2,6,22,18,14,10,8],[14,22,2,18,6,10,8],[2,10,14,6,18,22,16,8],[14,6,22,18,10,2,8],[14,22,18,10,2,6,16,8],[10,18,2,6,22,14,16,8],[2,6,10,18,22,14,8],[2,18,10,6,14,22,8],[10,6,22,14,18,2,8],[6,10,22,14,18,2,8],[10,14,2,22,6,18,8],[2,18,14,22,10,6,8],[10,22,14,18,2,6,16,8],[18,2,22,10,14,6,8],[22,10,6,18,14,2,8],[2,10,14,6,22,18,16,8],[6,22,2,10,14,18,16,8],[22,10,6,14,18,2,8],[2,10,14,6,18,22,16,8],[6,14,22,18,10,2,8],[18,14,10,2,22,6,16,8],[6,18,2,14,22,10,8],[6,22,18,2,10,14,8],[2,18,14,6,10,22,16,8],[14,2,10,6,22,18,16,8]],"n_human":7}