{"problem_id":"JF3kaQTB08PzXhm","sigma":150,"alpha":10.000,"cost":0,"probabilities":"[0.16, 0.19, 0.41, 0.24]","payoff_matrix":"[[-48, 58, 219, 166, 150, 67], [85, 162, 52, 17, -176, 142], [263, -131, 44, 49, 112, 16], [255, 0, 80, 207, -133, -107]]","uncovered":[[23,11,3,15,19,7,20,16,4],[15,19,11,3,23,7,4],[19,3,15,7,23,11,4],[3,7,19,11,23,15,20,16,4],[7,23,19,11,15,3,4],[23,7,11,3,19,15,20,13,4],[19,15,3,23,11,7,20,4],[7,19,3,23,15,11,4],[19,23,3,15,11,7,20,16,4],[11,7,3,15,19,23,20,16,4],[3,15,7,19,11,23,4],[3,11,7,15,19,23,20,16,4],[15,11,3,7,23,19,4],[11,7,19,23,3,15,4],[23,7,11,19,3,15,20,16,4],[3,7,11,19,15,23,4],[3,7,23,11,19,15,20,4],[11,7,23,15,3,19,20,1,16,4],[3,7,23,19,11,15,20,4],[3,7,23,11,15,19,4],[3,15,11,23,7,19,20,16,4],[23,11,3,19,7,15,20,16,4],[7,23,19,11,15,3,4],[19,15,23,3,7,11,20,12,4],[7,3,11,19,23,15,20,4],[11,19,7,23,15,3,4],[15,23,11,7,19,3,20,4],[11,7,23,15,3,19,20,16,4],[15,3,23,7,11,19,20,4],[23,15,7,3,19,11,4],[19,23,3,15,11,7,4],[19,15,7,3,23,11,20,16,4],[11,3,15,7,23,19,4],[23,11,19,15,7,3,4],[11,19,3,23,7,15,20,16,4],[3,23,11,7,15,19,20,4],[3,23,19,7,11,15,20,16,4],[15,19,11,3,23,7,20,4],[11,15,3,23,7,19,20,18,22,4],[23,15,3,19,7,11,4],[19,11,7,23,3,15,20,4],[7,3,11,19,23,15,20,16,4],[23,11,19,15,7,3,20,4],[19,7,23,11,15,3,4],[3,7,15,19,23,11,20,12,4],[15,11,23,19,7,3,20,4],[11,23,15,19,3,7,20,4],[7,19,3,23,15,11,4],[7,15,3,11,23,19,20,14,4],[7,3,11,19,15,23,4],[3,23,19,15,11,7,4],[7,3,11,23,19,15,4],[11,15,3,19,7,23,4],[15,7,11,19,23,3,4],[19,15,3,23,11,7,20,4],[23,7,19,15,11,3,4],[23,19,15,7,11,3,4],[11,3,15,19,7,23,4],[19,23,15,11,7,3,20,4],[7,11,23,15,19,3,20,16,4],[11,7,23,19,3,15,20,4],[7,19,23,15,11,3,4],[23,15,11,7,19,3,4],[3,15,19,23,7,11,20,2,5,10,16,4],[3,11,15,19,7,23,20,16,4],[15,19,7,23,3,11,4],[19,3,23,11,15,7,20,4],[15,23,19,11,7,3,20,2,13,4],[15,19,11,23,7,3,4],[7,3,15,19,11,23,20,4],[7,15,3,11,19,23,20,4],[19,11,15,23,3,7,4],[3,11,7,19,15,23,4],[11,15,19,7,3,23,20,4],[15,3,19,7,11,23,20,16,4],[3,15,11,19,7,23,20,16,4],[19,11,23,7,15,3,4],[23,7,11,15,3,19,20,16,4],[23,11,3,15,7,19,20,1,16,4],[15,11,3,23,19,7,20,4],[15,23,7,11,19,3,20,4],[3,11,15,19,23,7,4],[23,11,3,19,15,7,4],[19,3,15,7,11,23,4],[3,15,19,11,7,23,20,4],[15,7,11,19,23,3,20,16,4],[7,15,19,3,23,11,4],[23,15,3,11,19,7,4],[19,11,23,3,15,7,4],[23,7,19,15,11,3,20,4],[7,19,15,23,3,11,4],[11,3,15,23,7,19,20,16,4],[15,7,11,23,19,3,4],[15,23,19,11,3,7,4],[15,19,3,7,23,11,20,1,16,4],[23,11,7,19,3,15,20,12,4],[11,3,7,23,19,15,4],[19,15,3,7,11,23,4],[7,15,19,11,23,3,20,16,4],[11,3,23,7,19,15,4],[7,23,11,15,3,19,20,4],[19,11,23,3,7,15,20,4],[15,3,19,23,11,7,4],[23,3,11,15,7,19,4],[7,19,3,23,15,11,20,4],[19,7,23,15,3,11,20,16,4],[7,23,3,19,15,11,20,10,4],[11,15,7,19,23,3,4],[23,15,11,7,19,3,4],[23,11,7,19,15,3,4],[19,7,15,23,11,3,20,4],[15,11,23,3,7,19,20,16,4],[3,19,7,23,15,11,20,1,16,4],[3,23,15,11,19,7,4],[11,7,19,3,23,15,20,4],[23,3,7,15,11,19,4],[7,11,23,15,19,3,20,12,4],[7,11,3,19,15,23,20,2,6,13,16,4],[23,3,19,11,7,15,20,16,4],[7,15,11,3,23,19,4],[19,15,11,3,7,23,20,4],[19,7,11,23,15,3,20,16,4],[23,3,15,19,7,11,4],[7,15,23,3,11,19,4],[7,3,11,19,15,23,20,16,4],[7,11,3,15,23,19,20,16,4],[15,19,3,7,11,23,4],[23,7,3,11,19,15,4],[7,11,3,19,23,15,4],[3,15,19,7,23,11,20,1,16,4],[19,7,11,23,15,3,4],[23,19,11,3,7,15,20,21,12,4],[11,15,7,23,3,19,4],[11,19,23,7,15,3,20,12,4],[23,15,7,19,3,11,4],[3,15,19,23,11,7,20,16,4],[7,15,3,11,23,19,20,16,4],[11,3,7,23,19,15,20,4],[7,15,11,23,19,3,4],[19,15,3,7,23,11,20,4],[11,19,15,3,7,23,4],[23,15,11,7,3,19,4],[23,11,7,3,19,15,20,10,4],[3,15,7,11,23,19,20,16,4],[11,7,15,23,3,19,20,12,4],[23,3,15,19,11,7,4],[23,15,19,11,7,3,4],[19,23,15,7,11,3,4],[15,19,3,23,11,7,4],[3,11,15,19,7,23,4],[3,7,23,11,15,19,20,4],[11,7,19,15,3,23,4],[11,23,19,15,3,7,20,16,4],[3,11,7,23,15,19,20,16,4],[3,19,11,23,7,15,4],[23,19,11,7,3,15,20,16,4],[11,7,23,15,19,3,20,16,4],[7,3,11,19,23,15,4],[19,15,3,23,11,7,20,4],[23,19,11,3,15,7,20,4],[23,11,19,15,7,3,20,2,10,12],[15,23,3,11,7,19,4],[15,3,19,7,11,23,4],[23,11,15,3,7,19,20,4],[11,3,19,7,23,15,4],[3,7,19,15,23,11,4],[11,19,3,7,23,15,4],[19,15,11,7,23,3,20,4],[19,7,15,3,23,11,4],[15,23,19,11,7,3,20,4],[15,11,23,3,7,19,4],[7,19,15,11,23,3,4],[11,15,7,23,19,3,20,4],[11,23,3,19,15,7,4],[23,7,11,15,19,3,20,13,4],[15,7,19,3,11,23,20,16,4],[3,7,15,23,19,11,20,13,4],[15,23,19,11,3,7,20,13,4],[23,15,11,19,3,7,20,12,4],[23,3,11,19,15,7,4],[23,11,7,15,19,3,20,16,4],[19,3,11,23,7,15,20,12,4],[19,15,7,11,3,23,4],[19,23,7,11,3,15,20,4],[11,7,19,23,15,3,4],[7,11,15,19,23,3,4],[19,23,3,15,11,7,4],[15,7,23,3,11,19,20,4],[11,23,3,19,7,15,20,10,4],[11,3,23,15,19,7,20,16,4],[7,11,19,23,15,3,4],[19,3,7,23,15,11,4],[23,7,11,19,15,3,4],[11,3,15,19,23,7,20,2,14],[19,15,11,3,7,23,4],[3,23,19,11,15,7,4],[15,19,23,3,7,11,20,12,4],[19,3,11,7,23,15,20,4],[11,15,19,7,23,3,20,1,16,4],[19,23,3,7,11,15,20,4],[3,15,11,7,23,19,4],[7,11,19,3,23,15,4],[23,11,15,19,7,3,4],[15,3,11,23,19,7,4],[7,11,15,19,3,23,20,16,4],[3,23,19,7,15,11,4],[15,3,23,7,11,19,20,16,4],[23,15,19,11,7,3,20,4],[23,7,3,11,15,19,20,14,4],[19,7,3,23,11,15,20,12,4],[19,7,11,15,23,3,4],[15,3,7,19,11,23,20,16,4],[3,23,19,15,11,7,4],[11,19,23,7,3,15,20,13,4],[15,23,11,19,3,7,20,16,4],[7,3,23,11,19,15,4],[15,3,23,7,19,11,4],[3,11,7,19,23,15,20,4],[19,3,7,11,23,15,4],[19,23,3,15,7,11,4],[3,7,11,15,23,19,20,4],[19,11,7,23,15,3,4],[15,3,19,23,11,7,4],[23,19,7,3,11,15,20,4],[15,7,3,23,11,19,20,16,4],[23,3,7,15,19,11,20,1,12,4],[11,3,23,19,15,7,20,16,4],[19,11,7,15,23,3,20,14,2],[15,3,23,19,7,11,4],[11,23,7,3,19,15,4],[7,11,23,15,19,3,20,4],[23,3,7,15,19,11,4],[15,23,19,11,3,7,4],[23,15,11,3,7,19,4],[7,3,11,15,19,23,4],[15,11,7,3,19,23,4],[19,11,15,7,23,3,4],[15,3,19,11,7,23,4],[19,15,11,23,3,7,20,4],[19,7,15,3,23,11,20,4],[11,23,15,3,7,19,4],[23,7,11,3,15,19,20,9,4],[19,15,11,3,23,7,20,4],[7,3,19,23,11,15,20,4],[23,7,15,3,19,11,20,21,2,1,14],[15,23,7,3,19,11,20,16,4],[3,11,23,15,19,7,20,12,4],[11,15,3,7,19,23,20,12,4],[3,23,7,19,15,11,20,12,4],[19,15,11,23,7,3,20,4],[23,19,15,3,11,7,20,2,13,16,4],[3,7,15,23,19,11,4],[23,11,7,15,3,19,4],[23,7,19,3,11,15,20,4],[7,11,3,19,23,15,20,12,4],[15,3,23,19,7,11,4],[23,3,19,7,11,15,20,4],[19,3,15,23,11,7,4],[7,23,19,11,15,3,20,16,4],[3,23,11,19,7,15,4],[3,15,11,19,23,7,20,16,4],[23,15,7,19,11,3,20,16,4],[3,19,23,7,15,11,20,1,16,4],[11,19,15,7,3,23,4],[15,3,7,23,11,19,20,4],[11,3,15,23,19,7,20,16,4],[19,15,23,11,3,7,4],[23,3,15,11,7,19,20,12,4],[15,11,3,23,7,19,4],[15,7,11,3,23,19,20,16,4],[11,3,23,19,15,7,20,16,4],[7,19,11,23,3,15,20,16,4],[23,7,15,3,11,19,20,1,16,4],[11,15,3,23,7,19,4],[11,7,19,23,3,15,20,24,12,4],[15,11,19,3,23,7,20,12,4],[11,3,7,19,23,15,20,4],[3,19,7,11,15,23,20,12,4],[23,19,11,15,7,3,4],[23,7,19,3,11,15,20,16,4],[11,3,19,15,7,23,20,12,4],[3,23,15,7,11,19,20,4],[15,3,23,7,19,11,4],[15,11,23,7,3,19,20,10,4],[3,19,11,15,23,7,20,22,4],[19,3,23,7,15,11,4],[23,19,15,11,7,3,20,16,4],[7,11,23,19,15,3,4],[23,11,7,15,3,19,4],[15,19,23,3,11,7,4],[3,15,7,23,19,11,4],[7,11,23,15,19,3,4],[3,23,15,7,19,11,20,16,4],[19,11,23,3,15,7,20,4],[23,11,19,3,15,7,20,16,4],[15,7,3,19,23,11,20,16,4],[7,23,15,19,3,11,20,2,14],[7,15,3,19,23,11,4],[23,19,15,3,11,7,20,16,4],[15,23,3,7,19,11,20,4],[7,19,23,11,15,3,4],[15,3,11,19,7,23,4],[3,7,11,15,23,19,20,12,4],[7,23,15,19,3,11,4],[19,11,15,23,3,7,20,12,4],[19,7,3,23,15,11,4],[15,3,11,7,23,19,4],[23,3,7,15,11,19,20,16,4],[19,23,3,15,11,7,20,4],[19,3,11,23,7,15,20,12,4],[19,15,7,23,3,11,4],[19,23,11,3,15,7,4],[15,11,19,3,7,23,20,2,10,16,4],[3,15,19,11,7,23,4],[15,19,11,3,7,23,4],[19,7,15,3,23,11,20,16,4],[7,19,15,11,23,3,4],[7,23,3,15,11,19,4],[15,3,23,7,19,11,4],[19,11,15,23,7,3,20,12,4],[19,3,7,23,11,15,4],[11,7,19,3,15,23,20,4],[23,3,11,7,15,19,20,12,4],[19,7,11,23,15,3,20,16,4],[19,7,23,3,15,11,20,4],[3,7,11,15,23,19,4],[3,11,19,23,15,7,4],[23,15,7,11,19,3,20,4],[23,11,7,19,15,3,4],[23,15,3,7,11,19,20,4],[23,3,19,11,7,15,4],[3,15,19,11,7,23,4],[7,19,11,3,15,23,4],[23,3,15,7,11,19,4],[11,3,7,19,23,15,4],[23,3,15,11,19,7,20,14,12,4],[3,23,19,15,11,7,20,12,4],[3,7,15,23,11,19,4],[3,7,23,15,11,19,4],[7,3,15,19,23,11,4],[19,15,3,11,7,23,20,4],[3,19,23,15,11,7,20,16,4],[19,23,15,7,3,11,20,4],[19,7,23,15,11,3,4],[23,19,15,3,7,11,20,16,4],[7,3,19,15,23,11,20,16,4],[19,15,11,23,3,7,4],[19,11,15,3,7,23,20,16,4],[19,15,7,23,3,11,4],[23,15,11,19,3,7,20,4],[7,19,3,23,11,15,4],[23,7,11,3,19,15,20,4],[7,3,11,19,23,15,20,12,4],[23,3,15,11,19,7,4],[7,23,19,11,3,15,20,16,4],[23,7,3,11,15,19,4],[7,3,19,15,11,23,4],[7,11,19,23,15,3,4],[11,15,23,3,7,19,20,12,4],[15,7,3,23,19,11,20,4],[7,15,23,19,11,3,20,16,4],[7,23,19,11,15,3,4],[7,3,23,11,15,19,4],[23,3,19,11,15,7,20,16,4],[15,7,23,19,3,11,4],[11,15,3,19,23,7,20,16,4],[3,23,7,19,15,11,20,16,4],[7,11,3,19,15,23,4],[15,3,23,7,11,19,4],[23,11,15,7,19,3,20,12,4],[11,3,19,7,15,23,20,12,4],[3,7,23,15,11,19,20,16,4],[11,19,15,23,7,3,4],[7,23,11,15,3,19,20,14,12,4],[19,7,11,15,23,3,4],[23,11,19,15,7,3,20,1,16,4],[7,19,15,23,11,3,4],[19,11,15,23,3,7,20,13,4],[7,19,3,11,23,15,20,4],[3,23,11,7,19,15,20,16,4],[15,7,3,11,23,19,4],[7,11,23,19,3,15,4],[11,15,19,7,3,23,20,4],[11,15,23,3,19,7,20,4],[11,23,3,7,15,19,4],[15,23,11,7,19,3,4],[11,7,19,15,3,23,4],[15,23,7,19,11,3,20,2,12,4],[7,11,15,3,19,23,20,12,4],[23,15,19,3,7,11,20,24,12,4],[19,7,3,15,23,11,20,4],[15,19,7,23,11,3,20,4],[11,7,3,23,15,19,20,4],[3,19,15,23,7,11,4],[7,3,23,11,19,15,20,16,4],[7,23,11,15,3,19,20,12,4],[7,3,15,11,19,23,20,16,4],[19,23,7,15,3,11,4],[3,19,11,23,7,15,4],[11,19,23,3,7,15,20,4],[23,11,7,15,3,19,4],[3,11,23,15,19,7,20,4],[15,3,19,23,11,7,20,4],[19,15,11,23,7,3,4],[19,11,15,23,7,3,4],[19,15,11,3,23,7,4],[11,19,23,3,15,7,4],[19,15,11,7,23,3,20,2,12,4],[11,7,3,15,23,19,4],[3,11,15,23,7,19,20,10,4],[23,19,3,15,7,11,20,16,4],[23,7,11,19,3,15,4],[15,23,7,11,19,3,4],[7,15,19,11,23,3,4],[11,23,15,3,7,19,20,4],[23,7,11,3,19,15,20,12,4],[19,7,3,23,15,11,20,16,4],[3,19,15,7,23,11,20,16,4],[3,7,19,23,11,15,20,4],[15,23,11,3,7,19,20,1,12,4],[19,7,11,15,3,23,20,12,4],[23,7,19,3,15,11,20,16,4],[19,3,7,11,23,15,4],[19,23,3,7,11,15,4],[7,19,15,23,11,3,4],[19,11,23,3,7,15,4],[19,15,7,23,3,11,20,16,4],[7,23,19,11,3,15,4],[3,19,15,7,23,11,20,4],[15,7,11,23,19,3,4],[11,3,15,19,7,23,4],[11,7,23,19,15,3,20,4],[11,3,7,15,19,23,20,12,4],[15,11,7,19,3,23,20,14,4],[7,19,11,23,15,3,4],[15,11,23,3,19,7,4],[23,15,19,11,7,3,20,16,4],[11,23,19,7,15,3,20,1,16,4],[11,3,7,19,15,23,20,4],[7,3,19,11,15,23,20,4],[3,23,19,7,11,15,4],[3,23,7,19,15,11,20,14,4],[19,11,3,23,7,15,20,16,4],[3,23,19,7,11,15,20,16,4],[19,23,11,15,3,7,4],[7,19,3,15,11,23,4],[11,3,15,7,23,19,4],[15,19,3,7,23,11,20,13,4],[11,7,3,23,15,19,4],[11,23,15,3,19,7,20,12,4],[7,19,15,11,3,23,20,4],[23,19,7,3,11,15,4],[15,7,3,23,19,11,20,16,4],[7,15,23,3,19,11,20,12,4],[3,23,15,11,7,19,4],[3,19,7,23,15,11,20,4],[3,11,7,23,19,15,4],[19,15,3,23,11,7,20,17,4],[19,15,3,23,11,7,4],[15,19,3,11,23,7,4],[15,11,3,7,19,23,20,4],[11,7,19,3,15,23,20,12,4],[3,19,7,15,11,23,4],[23,15,3,19,7,11,20,16,4],[7,11,15,19,23,3,4],[23,7,11,19,3,15,4],[3,15,23,11,7,19,4],[11,3,19,7,15,23,4],[3,7,19,11,15,23,4],[11,15,3,7,19,23,20,24,16,4],[7,11,15,23,19,3,4],[15,11,7,23,19,3,20,10,4],[15,23,7,3,11,19,20,12,4],[23,19,3,15,7,11,4],[19,23,11,15,7,3,20,4],[11,19,15,3,23,7,4],[11,15,23,7,3,19,20,12,4],[3,11,7,19,15,23,20,16,4],[7,19,11,3,23,15,4],[3,15,11,23,7,19,20,9,4],[15,19,23,7,11,3,20,4],[15,11,23,19,3,7,4],[3,7,15,23,19,11,20,16,4],[11,15,3,19,7,23,20,16,4],[11,19,23,15,3,7,20,16,4],[7,23,15,11,3,19,20,1,16,4],[7,23,15,19,11,3,20,4],[7,11,19,3,15,23,20,4],[11,23,7,3,19,15,4],[15,23,7,3,11,19,20,4],[23,19,11,3,7,15,4],[7,19,23,15,11,3,20,4],[19,3,11,23,15,7,20,16,4],[15,23,19,7,11,3,4],[7,11,15,19,3,23,20,4],[23,11,19,15,7,3,4],[7,11,23,3,19,15,4],[7,11,3,23,19,15,4],[15,7,19,11,3,23,20,4],[3,7,23,15,11,19,20,16,4],[11,23,7,15,3,19,20,12,4],[15,23,3,11,19,7,4],[19,23,11,7,15,3,20,12,4],[7,23,3,15,11,19,20,16,4],[19,23,3,15,11,7,4],[23,7,3,19,11,15,4],[7,19,11,15,3,23,20,16,4],[3,23,7,11,19,15,20,4],[19,11,7,23,15,3,4],[7,15,3,11,19,23,4],[3,7,23,15,11,19,4],[23,7,19,3,11,15,20,10,4],[3,11,15,19,23,7,4],[23,7,19,15,3,11,20,16,4],[15,23,19,3,7,11,20,12,4],[11,7,3,23,19,15,4],[19,7,11,23,3,15,20,4],[3,7,19,15,23,11,4],[7,11,19,3,23,15,4],[11,7,3,15,23,19,4],[15,23,7,11,19,3,20,13,4],[23,7,19,3,15,11,20,12,4],[7,23,11,19,3,15,20,9,4],[11,15,23,7,3,19,20,9,4],[23,19,7,11,15,3,4],[7,23,15,11,19,3,4],[23,3,15,7,19,11,20,4],[7,15,11,19,23,3,20,13,16,4],[15,19,11,7,3,23,20,4],[19,23,3,15,11,7,4],[19,23,11,7,3,15,20,12,4],[3,7,23,15,19,11,20,2,21,12,24],[15,11,7,23,19,3,4],[19,11,15,7,23,3,20,4],[15,23,7,11,19,3,4],[19,15,11,3,23,7,20,4],[3,19,7,15,11,23,4],[19,3,15,11,23,7,4],[7,3,23,11,19,15,4],[3,15,23,11,7,19,20,14,4],[19,11,3,7,15,23,20,4],[7,11,23,3,15,19,4],[7,19,23,3,15,11,4],[15,11,23,7,19,3,20,4],[19,23,15,7,3,11,20,24,16,4],[23,15,7,11,19,3,4],[19,23,3,15,11,7,20,4],[11,15,7,19,23,3,4],[19,23,11,3,7,15,20,16,4],[11,7,3,23,19,15,20,16,4],[23,3,19,11,15,7,20,16,4],[3,15,23,11,19,7,4],[7,23,3,15,19,11,20,10,4],[19,3,23,11,15,7,20,16,4],[3,15,19,23,11,7,20,16,4],[15,11,23,7,3,19,20,4],[11,7,15,19,3,23,4],[7,15,19,3,11,23,4],[23,19,3,11,15,7,4],[23,3,11,7,15,19,4],[19,7,15,3,11,23,4],[3,23,19,11,15,7,20,4],[19,3,23,7,11,15,20,16,4],[23,3,19,7,15,11,4],[23,19,7,3,15,11,4],[11,7,3,19,23,15,4],[11,7,3,23,15,19,20,22,4],[11,3,23,15,19,7,20,12,4],[7,19,15,23,11,3,20,12,4],[11,3,23,19,7,15,20,16,4],[7,19,15,23,3,11,4],[23,7,15,11,3,19,20,16,4],[23,19,11,15,3,7,20,4],[19,7,15,23,11,3,4],[11,15,3,23,7,19,4],[11,7,23,3,19,15,4],[19,11,15,7,3,23,20,12,4],[19,3,23,7,11,15,4],[19,15,23,3,7,11,20,12,4],[15,7,19,3,11,23,20,4],[3,19,11,15,23,7,4],[7,15,23,19,11,3,20,12,4],[11,23,15,19,7,3,4],[7,11,23,3,15,19,20,4],[23,7,3,15,11,19,20,2,9,12,4],[11,7,3,19,15,23,4],[15,3,11,19,7,23,4],[11,3,15,19,23,7,20,4],[11,3,15,7,23,19,20,12,4],[11,7,23,19,15,3,20,12,4],[7,19,15,23,11,3,20,4],[15,7,19,23,3,11,20,4],[3,23,11,19,7,15,4],[3,7,19,23,11,15,20,4],[23,3,7,19,11,15,20,9,4],[3,11,7,23,19,15,20,16,4],[3,23,19,7,11,15,4],[11,3,23,19,7,15,20,12,4],[23,7,11,3,15,19,20,13,4],[19,15,11,3,7,23,4],[15,3,7,11,23,19,4],[11,23,19,3,15,7,20,4],[15,19,23,3,11,7,20,16,4],[11,15,23,3,7,19,4],[19,3,11,15,23,7,20,4],[7,23,19,3,15,11,4],[3,23,19,7,11,15,20,16,4],[7,15,23,3,11,19,4],[19,11,15,23,7,3,20,4],[3,23,7,19,11,15,4],[7,11,19,15,23,3,20,4],[7,11,3,23,15,19,4],[15,7,23,3,11,19,20,16,4],[7,23,15,19,11,3,20,4],[11,23,19,7,3,15,4],[23,19,7,11,15,3,4],[11,15,23,19,3,7,4],[15,23,3,7,11,19,4],[3,23,19,11,7,15,20,16,4],[23,19,15,7,3,11,4],[15,11,19,23,3,7,4],[7,3,19,23,15,11,4],[11,15,7,19,3,23,20,13,4],[23,7,3,15,11,19,20,16,4],[23,3,15,7,11,19,20,4],[23,11,15,19,7,3,20,4],[15,19,7,11,23,3,4],[7,19,23,11,3,15,4],[3,23,15,11,7,19,20,16,4],[15,7,3,23,11,19,4],[15,19,3,11,7,23,20,12,4],[11,7,23,19,3,15,20,16,4],[23,3,11,15,7,19,20,4],[19,3,7,23,11,15,4],[19,23,7,11,15,3,4],[3,11,19,15,7,23,4],[7,19,3,15,23,11,20,16,4],[15,7,19,11,3,23,20,4],[7,15,23,11,3,19,4],[15,23,7,19,11,3,20,16,4],[15,19,7,3,23,11,20,2,22,9,4],[11,19,7,23,3,15,20,4],[15,19,23,3,7,11,4],[3,19,11,23,7,15,4],[7,3,15,19,23,11,20,4],[3,19,11,7,15,23,4],[11,3,19,7,15,23,4],[11,15,19,3,23,7,20,12,4],[23,15,3,7,19,11,20,4],[19,11,23,15,7,3,20,12,4],[11,23,3,15,19,7,20,4],[23,7,3,19,15,11,4],[23,19,11,7,3,15,20,4],[19,3,7,23,11,15,20,2,13,16,4],[23,15,11,19,7,3,20,4],[7,11,23,19,15,3,20,4],[7,11,23,15,19,3,4],[15,11,7,23,3,19,20,4],[15,23,3,7,11,19,4],[15,23,3,7,11,19,4],[19,23,7,15,3,11,4],[3,19,15,23,7,11,20,16,4],[7,15,23,3,19,11,4],[23,19,15,3,11,7,20,4],[7,11,23,3,19,15,4],[23,19,15,11,3,7,20,16,4],[7,19,3,23,11,15,4],[23,7,19,3,15,11,4],[7,11,15,19,23,3,4],[15,11,7,23,19,3,20,12,4],[3,23,7,19,15,11,20,9,4],[23,3,15,19,7,11,4],[19,3,7,23,15,11,4],[23,19,15,3,11,7,20,12,4],[11,23,15,19,3,7,20,16,4],[19,23,15,11,7,3,4],[7,15,19,11,23,3,4],[7,3,19,15,11,23,4],[19,3,7,11,15,23,4],[3,11,19,15,23,7,4],[11,19,7,23,3,15,4],[7,15,11,23,3,19,20,16,4],[3,7,19,15,11,23,4],[11,23,7,3,19,15,20,16,4],[3,23,15,19,11,7,4],[23,3,11,7,15,19,20,4],[11,23,3,15,19,7,4],[23,3,19,7,11,15,20,4],[23,11,7,15,19,3,4],[11,19,3,15,7,23,4],[3,11,19,23,7,15,20,16,4],[3,11,15,7,19,23,20,16,4],[11,7,3,15,19,23,4],[15,23,3,11,19,7,20,4],[7,15,11,19,3,23,4],[15,3,19,11,7,23,20,16,4],[23,19,3,15,7,11,4],[3,15,19,23,7,11,20,4],[3,11,23,15,7,19,20,4],[23,3,7,15,19,11,20,13,4],[7,19,23,15,3,11,20,16,4],[19,23,3,7,15,11,4],[15,3,11,19,7,23,20,9,4],[3,11,19,15,23,7,20,1,16,4],[3,23,11,19,7,15,4],[23,3,11,15,7,19,4],[15,19,7,23,3,11,4],[23,19,7,3,15,11,20,12,4],[7,3,15,19,23,11,4],[15,7,23,3,19,11,20,16,4],[11,3,19,15,23,7,4],[23,19,7,11,15,3,20,4],[15,7,3,19,11,23,4],[7,15,3,11,23,19,4],[19,3,15,23,7,11,20,4],[23,19,3,7,11,15,20,10,4],[3,11,7,19,23,15,20,4],[15,3,23,7,11,19,4],[7,19,23,15,11,3,4],[19,15,3,23,7,11,4],[11,19,15,3,7,23,20,16,4],[19,15,23,7,3,11,4],[7,23,19,11,3,15,20,2,16,4],[11,19,23,3,7,15,4],[19,7,15,3,11,23,4],[7,19,11,3,23,15,4],[3,23,11,15,7,19,4],[3,15,7,23,11,19,4],[15,3,23,7,19,11,4],[15,7,23,19,11,3,4],[23,15,19,7,3,11,20,9,4],[11,7,23,15,3,19,4],[15,11,19,3,7,23,20,12,4],[19,23,7,11,15,3,4],[15,23,7,11,3,19,20,4],[7,3,15,11,19,23,20,12,4],[3,7,15,23,19,11,20,16,4],[19,3,11,23,15,7,20,16,4],[3,11,15,19,23,7,20,1,16,4],[15,11,7,3,23,19,20,10,4],[3,11,23,19,7,15,4],[15,19,7,11,23,3,20,4],[15,11,23,3,7,19,4],[3,7,11,23,15,19,20,16,4],[15,23,19,11,7,3,4],[11,3,19,7,15,23,20,24,4],[7,23,11,19,15,3,4],[19,7,23,15,3,11,4],[3,15,19,23,11,7,20,16,4],[23,19,11,7,3,15,20,12,4],[15,7,23,19,11,3,4],[23,11,19,15,3,7,20,4],[15,7,19,23,3,11,20,12,4],[3,11,19,23,7,15,4],[23,7,3,15,19,11,4],[3,23,11,19,15,7,20,16,4],[15,19,7,11,3,23,20,16,4],[3,23,7,19,11,15,20,4],[23,15,7,3,11,19,4],[15,7,11,19,23,3,4],[23,3,15,19,11,7,4],[15,23,11,3,7,19,20,4],[3,11,7,23,19,15,20,4],[15,11,3,23,7,19,20,4],[3,11,19,23,15,7,20,4],[23,11,15,3,7,19,4],[3,23,15,7,19,11,4],[7,19,3,11,23,15,20,4],[19,7,15,3,23,11,4],[15,19,11,3,23,7,4],[7,11,19,23,15,3,20,16,4],[15,23,3,19,7,11,20,16,4],[7,19,11,23,15,3,20,16,4],[11,7,3,15,19,23,20,12,4],[11,15,19,23,7,3,20,12,4],[11,19,23,3,7,15,20,4],[3,15,23,7,19,11,4],[15,19,7,23,3,11,4],[15,23,11,7,3,19,20,16,4],[7,3,19,11,23,15,4],[15,23,19,3,11,7,20,13,4],[3,15,19,11,23,7,20,16,4],[3,19,11,15,23,7,4],[15,23,7,11,19,3,4],[3,15,7,19,11,23,4],[3,19,11,15,23,7,20,16,4],[3,11,23,19,7,15,4],[23,15,7,19,11,3,4],[23,7,15,11,19,3,4],[19,7,15,11,3,23,20,4],[3,11,19,7,23,15,4],[11,19,15,3,23,7,20,16,4],[7,11,23,3,15,19,20,2,9,12,4],[19,7,15,3,23,11,4],[7,15,3,19,23,11,4],[23,7,19,3,11,15,20,4],[3,19,15,7,23,11,4],[11,23,19,3,7,15,4],[11,19,7,3,23,15,4],[23,15,7,3,19,11,20,4],[19,3,7,11,15,23,20,4],[7,19,3,23,11,15,20,4],[19,7,3,23,11,15,20,4],[11,15,7,23,19,3,4],[15,23,11,3,19,7,20,4],[23,15,7,11,3,19,4],[19,23,11,7,3,15,20,16,4],[7,19,23,3,11,15,4],[3,19,7,23,15,11,20,12,4],[19,11,23,7,15,3,20,16,4],[23,15,7,3,11,19,20,4],[15,11,23,3,7,19,4],[7,19,11,15,23,3,20,16,4],[7,11,19,23,3,15,20,16,4],[15,23,11,3,7,19,4],[3,15,19,7,23,11,4],[11,23,7,19,15,3,20,4],[23,19,11,15,7,3,20,16,4],[15,23,19,11,3,7,20,4],[7,23,3,15,11,19,4],[23,15,7,19,3,11,20,16,4],[3,15,19,7,23,11,20,16,4],[3,15,7,19,11,23,4],[15,7,23,3,11,19,20,16,4],[15,19,11,23,3,7,20,12,4],[7,11,15,23,3,19,20,10,4],[7,3,11,23,19,15,20,10,4],[15,7,11,19,23,3,4],[19,3,11,23,7,15,4],[15,3,11,19,23,7,4],[11,19,23,15,7,3,4],[23,15,3,7,19,11,4],[7,11,15,3,19,23,20,16,4],[7,23,15,11,19,3,20,12,4],[3,19,7,15,11,23,4],[3,7,19,11,15,23,20,4],[19,3,11,15,23,7,20,9,4],[19,15,11,23,3,7,20,16,4],[19,7,23,11,3,15,4],[3,23,15,19,11,7,4],[3,11,15,23,7,19,20,16,4],[19,7,15,3,11,23,20,4],[23,11,3,15,19,7,20,4],[7,19,11,23,15,3,20,4],[15,23,19,7,11,3,4],[15,3,7,19,11,23,20,16,4],[3,15,7,23,11,19,20,4],[19,23,11,3,7,15,20,12,4],[19,23,7,3,15,11,20,4],[15,19,7,11,3,23,4],[23,11,19,7,15,3,20,4],[3,11,23,19,15,7,20,16,4],[7,3,11,23,19,15,4],[7,23,15,11,19,3,4],[3,23,7,19,15,11,20,4],[7,23,19,3,11,15,4],[11,19,7,23,3,15,4],[7,3,15,23,11,19,4],[11,3,23,7,19,15,4],[15,19,7,3,11,23,20,16,4],[19,23,7,15,11,3,20,12,4],[23,15,11,3,7,19,20,4],[23,19,15,11,7,3,20,12,4],[19,7,15,3,11,23,4],[7,11,23,19,3,15,20,10,4],[3,7,15,23,11,19,20,2,13,4],[23,15,19,3,7,11,4],[19,3,15,23,7,11,4],[3,7,19,15,11,23,4],[19,3,15,11,23,7,20,4],[11,23,15,3,19,7,20,4],[19,3,11,7,15,23,20,4],[23,3,7,19,15,11,20,16,4],[11,3,23,15,7,19,20,4],[3,23,7,19,11,15,4],[3,23,11,19,15,7,20,16,4],[15,23,7,3,11,19,4],[7,23,11,19,3,15,4],[3,7,15,11,23,19,20,4],[11,7,3,15,19,23,20,4],[23,7,19,15,11,3,4],[15,7,23,11,19,3,4],[15,11,3,19,23,7,4],[7,15,11,23,19,3,20,4],[15,19,7,23,3,11,4],[7,3,19,11,23,15,4],[23,19,3,11,7,15,4],[11,23,19,15,3,7,20,16,4],[23,11,15,19,3,7,4],[23,19,11,3,15,7,4],[23,11,7,19,15,3,20,4],[19,11,3,23,15,7,20,12,4],[15,23,7,19,11,3,4],[23,3,11,15,19,7,20,4],[7,15,11,19,23,3,20,4],[19,7,15,11,3,23,4],[3,19,15,23,7,11,20,16,4],[23,3,19,11,15,7,20,24,4],[15,23,7,3,19,11,4],[23,15,7,11,19,3,20,4],[11,7,23,19,15,3,4],[11,3,15,23,19,7,4],[7,11,3,23,19,15,20,1,12,4],[7,23,11,3,19,15,4],[7,15,19,3,23,11,4],[23,7,15,19,3,11,20,16,4],[23,3,19,11,15,7,4],[11,23,19,15,7,3,20,12,4],[11,19,15,23,7,3,4],[11,3,19,7,23,15,20,9,4],[3,23,11,19,7,15,4],[3,23,15,11,7,19,4],[11,3,23,7,19,15,4],[11,19,3,15,23,7,20,14,4],[3,15,23,19,11,7,20,16,4],[23,3,19,7,15,11,4],[15,23,11,19,7,3,4],[15,11,3,7,23,19,4],[23,15,7,19,3,11,4],[19,11,23,3,7,15,4],[19,7,15,3,11,23,4],[19,7,3,23,15,11,4],[15,23,7,19,11,3,4],[19,23,7,11,15,3,20,4],[23,11,15,19,7,3,20,4],[15,19,11,3,23,7,20,4],[19,23,11,7,15,3,4],[11,7,19,15,23,3,20,16,4],[3,23,19,11,7,15,4],[11,3,15,7,23,19,20,9,4],[3,23,15,19,7,11,4],[3,15,19,11,7,23,20,12,4],[15,7,19,11,3,23,20,16,4],[19,15,7,3,23,11,20,2,9,12,4],[23,19,11,7,3,15,20,16,4],[11,23,19,15,3,7,20,16,4],[7,19,3,11,15,23,20,10,4],[19,3,23,7,11,15,20,16,4],[23,19,11,3,15,7,4],[7,3,15,19,11,23,20,2,14],[19,23,11,3,15,7,20,4],[15,3,19,11,23,7,4],[3,7,19,23,11,15,4],[11,19,7,23,15,3,4],[23,15,7,3,11,19,4],[19,15,7,11,23,3,20,16,4],[7,19,11,15,23,3,20,16,4],[19,15,23,7,11,3,20,4],[7,19,3,11,15,23,4],[7,19,15,3,11,23,20,4],[3,11,15,19,7,23,4],[11,7,19,15,23,3,20,16,4],[19,15,11,3,23,7,20,21,16,4],[7,23,19,3,15,11,4],[7,15,19,23,3,11,4],[15,3,7,23,19,11,4],[19,7,11,3,15,23,4],[23,19,7,15,11,3,20,16,4],[19,15,11,7,23,3,4],[3,19,11,23,7,15,4],[23,11,19,3,7,15,4],[3,19,15,23,7,11,4],[7,23,11,15,19,3,20,16,4],[19,11,3,7,23,15,20,12,4],[19,15,11,23,7,3,4],[11,7,15,3,19,23,4],[7,15,23,19,3,11,4],[23,7,11,15,19,3,4],[15,7,19,3,11,23,4],[19,23,11,3,7,15,4],[11,15,7,23,19,3,20,16,4],[11,7,19,23,3,15,20,12,4],[15,7,19,3,23,11,20,10,4],[23,11,15,7,3,19,4],[19,11,7,15,23,3,4],[15,19,23,3,11,7,4],[11,19,15,3,23,7,20,4],[7,11,19,3,23,15,4],[23,15,19,7,3,11,20,1,16,4],[3,15,19,23,7,11,20,4],[7,11,23,15,3,19,4],[15,23,19,3,7,11,20,4],[23,15,11,19,7,3,4],[3,19,23,11,15,7,4],[3,11,23,7,19,15,4],[7,15,11,3,23,19,4],[11,3,7,23,19,15,20,4],[7,19,11,3,15,23,4],[11,15,19,7,3,23,4],[23,7,11,19,3,15,20,14,4],[3,19,7,11,15,23,4],[15,7,11,23,19,3,20,4],[3,11,15,7,19,23,20,16,4],[23,7,11,3,15,19,20,10,4],[3,23,7,19,15,11,4],[3,11,19,23,15,7,4],[3,11,23,15,19,7,20,16,4],[19,3,23,7,11,15,4],[15,19,3,7,23,11,20,4],[19,7,11,23,3,15,4]],"n_human":9}