{"problem_id":"sJaxuTLvf3TOQq9","sigma":150,"alpha":3.162,"cost":1,"probabilities":"[0.16999999999999998, 0.2, 0.26, 0.37]","payoff_matrix":"[[-7, -205, 74, -26, 77, -6], [63, 146, -121, -84, 145, -77], [-6, -20, 30, 25, 66, -63], [-32, -91, 61, -97, -5, 334]]","uncovered":[[8,24,12,4,16,20,23,11],[8,20,24,12,16,4,23,11],[24,12,8,16,4,20,23,11],[8,24,12,4,16,20,22,11,23],[24,12,4,20,16,8,11],[16,20,12,8,4,24,23,11],[16,12,24,20,8,4,22,11,23],[4,16,12,20,24,8,23,11],[24,20,8,16,4,12,15,21],[20,16,24,8,12,4,22,11,23],[20,24,4,16,12,8,1],[8,20,16,4,12,24,23,11],[24,16,20,4,8,12,14,11],[12,24,4,8,20,16,23,11],[8,16,24,12,4,20,10],[16,24,4,12,20,8,23,11],[24,16,4,8,12,20,11],[4,16,12,20,24,8,23,11],[12,16,8,24,20,4,19],[20,24,12,8,4,16,11],[24,12,8,4,20,16,11],[24,8,4,16,20,12,17,23,11],[24,16,4,12,20,8,23,11],[20,8,16,12,4,24,23,11],[12,16,8,24,4,20,23,11],[4,16,12,8,20,24,11],[4,8,24,20,12,16,22,23,11],[4,8,16,12,20,24,23,11],[8,16,20,12,4,24,11],[8,4,16,12,24,20,11],[20,12,4,16,8,24,10],[24,20,16,8,4,12,23,11],[4,20,12,16,8,24,23,11],[8,24,16,12,4,20,2,18,23,19,22,11],[24,8,20,16,4,12,6,23,11],[12,24,16,20,4,8,21],[8,20,4,24,12,16,15,11],[16,12,20,4,24,8,21],[8,20,24,12,16,4,23,11],[12,20,8,16,4,24,23,11],[12,8,4,20,24,16,23,11],[24,8,16,20,4,12,23,11],[4,24,20,12,8,16,23,11],[16,4,8,24,12,20,22,11,23],[16,20,24,8,4,12,11],[16,12,4,8,24,20,11],[8,24,20,16,4,12,11],[24,16,4,20,8,12,23,11],[4,20,16,24,12,8,23,11],[8,16,12,20,4,24,11],[4,16,12,20,8,24,10],[8,16,12,24,20,4,23,11],[8,20,4,12,16,24,11],[8,20,12,4,16,24,23,11],[8,12,20,24,4,16,10],[8,4,20,12,16,24,11],[12,20,8,4,24,16,9,23,11],[12,16,24,20,8,4,23,11],[12,8,24,4,20,16,11],[20,4,12,24,16,8,23,11],[20,12,8,16,4,24,11],[8,4,12,20,24,16,11],[16,8,4,20,12,24,23,11],[4,12,20,24,16,8,11],[4,12,24,20,8,16,11],[4,24,8,12,16,20,23,11],[24,12,8,16,4,20,23,11],[12,20,24,4,8,16,13,23,11],[12,20,24,4,16,8,7,11],[24,20,16,4,12,8,23,11],[24,20,16,8,4,12,11],[8,24,12,4,20,16,9,23,11],[20,16,12,24,8,4,10],[12,4,24,20,8,16,15,17,11],[20,4,24,8,12,16,23,11],[12,16,24,20,8,4,23,11],[4,20,16,12,8,24,21],[20,24,8,16,12,4,23,11],[24,20,12,16,8,4,23,11],[4,12,8,20,24,16,18,23,19,22,11],[12,4,20,16,8,24,18,23,19,11],[24,16,4,8,12,20,21],[16,20,8,12,24,4,23,11],[20,16,4,12,24,8,23,11],[8,4,20,12,24,16,11],[24,16,20,8,12,4,11],[20,12,8,16,24,4,11],[12,24,20,8,16,4,17,22,23,11],[24,12,8,20,4,16,23,11],[20,8,12,24,16,4,11],[16,20,4,8,24,12,11],[24,20,12,8,4,16,11],[16,12,8,4,20,24,9,23,11],[12,24,20,4,16,8,23,11],[16,4,20,8,24,12,11],[24,12,16,8,20,4,22,23,11],[12,16,20,8,24,4,11],[20,24,16,8,12,4,10],[24,4,16,12,8,20,23,11],[16,20,8,4,12,24,22,11,23],[12,4,24,20,16,8,2,22,11,23],[4,16,20,24,12,8,21],[8,24,12,4,16,20,11],[24,4,16,12,8,20,11],[8,12,4,16,24,20,23,11],[4,24,8,12,16,20,23,11],[20,24,4,16,12,8,11],[20,24,16,12,8,4,10],[4,12,16,24,20,8,9,11],[12,8,4,24,20,16,11],[4,8,24,16,12,20,11],[8,12,4,20,24,16,19],[8,20,12,24,4,16,11],[4,8,20,16,24,12,11],[20,16,8,4,12,24,23,11],[4,8,24,16,12,20,6,10],[4,8,24,16,20,12,11],[24,8,16,4,20,12,11],[24,4,16,8,12,20,9,23,11],[12,4,8,20,24,16,23,11],[12,16,20,24,4,8,10],[4,24,16,12,20,8,21],[12,24,20,4,16,8,11],[8,20,24,12,4,16,11],[8,16,24,4,12,20,21],[12,20,4,24,16,8,22,11,23],[8,16,20,12,24,4,23,11],[20,24,12,4,16,8,7,17,11],[20,16,4,12,24,8,11],[16,20,4,24,8,12,9,11],[16,24,12,4,8,20,9,11],[12,8,16,4,24,20,22,11,23],[24,4,16,20,12,8,11],[16,20,24,8,4,12,10],[8,16,12,4,24,20,22,11,23],[24,8,4,12,20,16,23,11],[8,12,4,16,24,20,11],[12,24,8,20,16,4,23,11],[12,20,8,24,4,16,22,11,23],[12,20,16,8,24,4,10],[16,12,20,24,8,4,22,11,23],[16,4,20,12,24,8,23,11],[16,24,12,20,4,8,1,23],[20,8,16,12,24,4,11],[4,20,12,16,24,8,23,11],[16,4,20,12,8,24,23,11],[24,4,20,8,12,16,23,11],[4,24,12,20,8,16,11],[12,4,24,8,16,20,23,11],[20,16,12,4,24,8,23,11],[12,20,16,4,24,8,23,11],[16,20,8,24,4,12,11],[24,8,20,12,4,16,14,23],[24,8,16,4,20,12,23,11],[16,24,8,20,12,4,22,23,11],[12,24,8,20,16,4,6,21],[16,12,20,4,24,8,23,11],[12,4,16,24,8,20,23,11],[12,24,20,4,16,8,22,11,23],[20,16,4,12,24,8,9,23,11],[4,8,20,16,24,12,11],[12,8,16,4,20,24,11],[8,20,12,16,4,24,11],[20,8,24,4,16,12,23,11],[12,20,4,24,16,8,23,11],[4,24,8,16,20,12,15,23],[20,24,4,8,12,16,23,11],[20,12,4,16,8,24,11],[24,20,16,8,12,4,23,11],[4,8,24,16,20,12,6,10],[4,24,16,20,12,8,11],[20,16,24,4,8,12,23,11],[16,12,4,8,20,24,11],[4,16,12,8,20,24,23,11],[20,16,8,4,12,24,9,11],[20,4,16,8,24,12,23,11],[4,8,20,24,12,16,11],[12,8,20,16,24,4,23,11],[4,20,16,8,24,12,11],[16,24,12,4,8,20,11],[16,4,12,8,24,20,11],[16,24,12,8,4,20,11],[16,24,20,12,4,8,21],[4,8,16,20,24,12,23,11],[8,12,4,24,16,20,23,11],[4,12,24,8,20,16,23,11],[8,12,24,20,4,16,11],[20,8,16,12,24,4,11],[8,12,24,4,20,16,11],[12,8,24,16,4,20,23,11],[24,4,12,16,20,8,11],[12,16,8,20,24,4,18,23,19,22,11],[4,8,16,20,12,24,11],[4,24,20,8,12,16,23,11],[16,8,12,4,24,20,23,11],[16,12,24,4,8,20,11],[8,24,20,16,4,12,23,11],[12,24,20,4,8,16,23,11],[8,4,12,24,20,16,23,11],[12,16,8,24,4,20,11],[12,4,20,24,8,16,11],[16,12,4,8,20,24,11],[16,4,12,8,24,20,11],[4,20,16,8,24,12,23,11],[4,24,8,12,20,16,11],[20,16,24,8,12,4,3],[16,8,24,20,12,4,11],[24,16,12,8,4,20,11],[16,24,20,4,8,12,11],[20,12,4,16,8,24,23,11],[24,16,4,20,8,12,23,11],[8,16,4,24,12,20,9,23,11],[16,20,8,24,4,12,11],[8,4,20,12,24,16,11],[24,4,8,16,20,12,23,11],[16,8,4,12,24,20,23,11],[24,4,16,8,20,12,7,23],[16,8,20,24,4,12,23,11],[4,24,20,8,16,12,23,11],[12,8,20,16,24,4,10],[16,4,12,24,8,20,11],[20,24,4,8,12,16,23,11],[20,4,24,8,12,16,23,11],[16,8,4,12,20,24,11],[12,8,16,4,24,20,3],[20,24,8,16,4,12,3],[24,20,12,8,4,16,11],[8,16,12,4,24,20,9,11],[16,24,12,20,4,8,11],[20,16,24,12,4,8,11],[20,12,24,16,8,4,23,11],[20,16,4,24,12,8,10],[16,12,20,24,8,4,22,11,23],[16,8,4,20,24,12,22,23,11],[16,20,12,4,24,8,23,11],[4,20,12,8,24,16,11],[4,24,20,16,12,8,11],[24,20,16,8,12,4,10],[4,20,12,16,8,24,11],[8,4,16,20,12,24,7,11],[12,24,4,16,20,8,19,23],[24,16,20,12,8,4,23,11],[16,12,8,4,24,20,11],[4,24,12,16,20,8,11],[24,4,8,12,20,16,11],[20,8,16,24,12,4,2,3],[24,20,16,4,8,12,23,11],[16,20,4,24,8,12,11],[8,24,12,4,20,16,23,11],[16,20,8,12,24,4,11],[24,8,12,16,4,20,9,11],[8,24,12,20,4,16,9,23,11],[4,8,24,20,12,16,21],[12,8,20,16,4,24,11],[20,24,16,12,8,4,10],[12,4,24,16,20,8,11],[24,20,12,8,16,4,23,11],[16,20,24,8,4,12,23,11],[20,16,4,24,8,12,11],[4,12,8,16,20,24,11],[24,16,4,12,20,8,11],[24,16,8,12,20,4,11],[8,16,4,12,24,20,23,11],[4,8,24,12,20,16,11],[12,20,4,16,8,24,11],[24,4,20,8,16,12,18,23,19,11],[16,4,8,12,24,20,11],[20,16,4,8,12,24,11],[4,16,8,20,12,24,21],[20,4,8,16,24,12,11],[12,8,24,16,20,4,11],[16,8,20,12,4,24,11],[4,8,24,16,20,12,6,11],[16,20,8,24,4,12,21],[8,12,4,24,16,20,11],[24,8,4,12,16,20,11],[4,20,12,16,8,24,23,11],[4,16,24,12,20,8,11],[4,20,24,8,12,16,23,11],[16,12,8,20,4,24,22,11,23],[12,8,4,20,16,24,11],[24,16,20,12,4,8,21],[24,20,12,8,4,16,23,11],[24,12,8,4,16,20,23,11],[24,20,12,16,8,4,17,23,11],[8,12,4,20,24,16,11],[12,16,24,4,8,20,23,11],[20,12,8,16,24,4,15,23],[8,16,20,24,12,4,11],[20,8,4,12,24,16,23,11],[24,4,16,12,20,8,23,11],[4,16,24,12,20,8,11],[8,12,24,20,16,4,11],[20,4,8,16,24,12,23,11],[20,8,24,16,4,12,23,11],[4,20,24,12,16,8,23,11],[8,4,24,12,16,20,11],[20,24,4,16,8,12,11],[8,24,16,20,12,4,11],[24,12,4,16,8,20,23,11],[24,20,12,8,4,16,23,11],[4,12,24,16,20,8,11],[4,24,20,12,8,16,11],[24,20,16,8,12,4,5,23],[20,8,24,12,16,4,23,11],[24,4,12,16,8,20,1],[8,20,16,4,12,24,11],[20,16,8,24,4,12,23,11],[16,12,8,20,24,4,11],[20,8,16,24,4,12,11],[16,20,8,4,24,12,23,11],[8,24,12,16,20,4,23,11],[12,8,16,4,24,20,22,11,23],[4,24,20,8,12,16,23,11],[20,16,8,24,4,12,23,11],[16,12,4,8,20,24,14,11],[16,8,20,24,4,12,23,11],[4,24,16,8,20,12,23,11],[4,12,8,20,16,24,11],[16,12,24,8,20,4,19],[4,12,24,16,20,8,11],[12,16,24,20,4,8,15,9,23,11],[12,8,4,20,24,16,14,23],[4,12,24,16,20,8,21],[4,24,8,16,12,20,11],[16,12,20,8,24,4,23,11],[16,24,4,12,8,20,23,11],[4,24,16,8,12,20,13,11],[20,24,12,8,16,4,3],[20,24,16,12,4,8,23,11],[20,8,16,12,24,4,13,19],[4,24,16,20,8,12,10],[24,4,8,20,12,16,11],[8,16,20,12,4,24,11],[12,20,24,8,4,16,21],[16,12,20,24,4,8,11],[20,16,24,8,12,4,15,11],[24,16,12,20,8,4,19,5],[20,24,8,12,16,4,23,11],[16,20,8,24,12,4,23,11],[4,8,20,12,16,24,23,11],[12,4,16,8,24,20,5,11],[24,4,8,20,16,12,13,11],[4,16,12,20,24,8,23,11],[16,20,24,8,4,12,23,11],[20,4,24,16,8,12,23,11],[12,4,8,16,20,24,11],[24,4,16,8,20,12,23,11],[8,16,4,20,24,12,23,11],[4,12,20,8,24,16,11],[16,24,4,12,20,8,23,11],[12,16,20,24,4,8,19],[12,8,20,4,24,16,19,11],[12,24,8,20,16,4,11],[24,16,12,20,4,8,11],[24,4,20,12,16,8,21],[20,4,8,24,12,16,23,11],[4,12,16,24,20,8,21],[12,24,4,16,20,8,23,11],[8,20,4,16,12,24,23,11],[16,12,4,8,20,24,21],[24,20,8,16,4,12,11],[4,24,8,20,16,12,10],[16,4,20,24,12,8,3],[12,4,24,16,20,8,22,11,23],[8,12,24,4,20,16,11],[24,8,12,16,20,4,21],[24,20,16,4,8,12,11],[20,16,4,12,8,24,11],[8,16,20,4,12,24,11],[24,8,20,16,4,12,22,11,23],[8,12,4,16,20,24,11],[24,20,8,12,4,16,22,11,23],[16,4,24,12,20,8,11],[24,4,20,8,12,16,6,11],[24,8,4,20,16,12,11],[12,16,4,8,20,24,23,11],[16,20,24,8,4,12,11],[12,24,4,16,8,20,23,11],[24,8,20,4,16,12,23,11],[8,4,24,12,16,20,23,11],[12,20,16,24,8,4,11],[16,24,8,4,20,12,13,23],[16,20,12,4,24,8,23,11],[12,16,20,4,8,24,9,23,11],[24,20,8,12,4,16,11],[16,20,4,12,24,8,22,11,23],[20,24,16,8,4,12,23,11],[16,24,8,4,12,20,11],[24,16,20,4,8,12,23,11],[4,16,24,12,20,8,23,11],[8,16,20,12,24,4,23,11],[4,8,24,20,16,12,11],[20,4,24,12,8,16,11],[20,16,12,8,4,24,15,11],[12,20,4,24,8,16,11],[4,20,16,8,24,12,11],[20,8,12,4,16,24,22,23,11],[12,4,8,20,16,24,23,11],[20,8,16,4,24,12,22,11,23],[8,12,16,20,4,24,11],[24,16,20,4,12,8,23,11],[20,16,24,8,4,12,23,11],[8,24,16,12,4,20,10],[20,8,12,16,24,4,23,11],[20,16,8,4,12,24,11],[20,16,12,8,4,24,11],[16,24,20,12,8,4,23,11],[20,12,8,24,16,4,23,11],[4,8,12,24,20,16,11],[24,20,8,16,12,4,1,22,11],[4,16,24,20,12,8,23,11],[4,12,8,24,16,20,19],[20,4,24,8,12,16,11],[20,16,12,4,8,24,11],[12,4,20,16,24,8,23,11],[16,12,4,8,24,20,11],[4,8,12,16,20,24,11],[16,8,24,4,12,20,23,11],[16,8,20,24,4,12,7,23],[12,16,24,20,8,4,19],[8,20,12,24,16,4,22,11,23],[4,24,8,12,16,20,11],[24,8,4,16,20,12,22,11,23],[24,8,16,4,20,12,9,23,11],[8,4,12,16,20,24,23,11],[16,20,24,4,8,12,23,11],[4,20,16,12,24,8,5,1],[8,4,24,12,20,16,11],[12,4,20,8,16,24,11],[12,16,24,4,20,8,18,23,19,11],[12,20,24,16,8,4,11],[16,8,24,12,20,4,11],[4,24,20,12,16,8,23,11],[24,20,12,4,8,16,19],[4,16,24,12,8,20,23,11],[24,12,20,16,8,4,11],[16,4,20,12,24,8,21],[4,24,16,12,8,20,9,23,11],[8,24,16,20,4,12,21],[4,12,20,24,16,8,2,11],[12,24,20,16,4,8,15,23],[12,16,20,8,4,24,11],[12,24,4,16,8,20,23,11],[8,16,24,12,4,20,23,11],[20,24,4,16,8,12,23,11],[20,8,16,4,24,12,23,11],[12,24,20,16,8,4,11],[8,20,16,24,4,12,11],[16,12,4,24,20,8,11],[20,12,8,16,4,24,10],[8,20,24,12,16,4,13,23],[16,8,12,24,20,4,10],[4,16,24,12,8,20,23,11],[12,24,16,20,8,4,22,11,23],[20,12,4,8,16,24,23,11],[20,4,24,16,12,8,14,2,11],[4,24,12,16,20,8,11],[12,24,16,4,20,8,14,11],[20,8,24,4,16,12,23,11],[24,16,20,4,12,8,21],[4,8,16,24,12,20,11],[16,8,20,12,24,4,23,11],[24,8,12,20,4,16,23,11],[4,12,24,16,20,8,23,11],[20,24,16,12,8,4,11],[20,4,12,8,24,16,2,17,11],[24,16,12,8,20,4,23,11],[20,16,8,12,4,24,23,11],[20,24,8,12,4,16,21],[12,16,24,20,4,8,17,23,11],[20,4,12,16,8,24,11],[8,12,24,4,16,20,1,11],[8,12,16,24,4,20,11],[12,24,20,16,4,8,11],[12,20,8,4,16,24,21],[16,8,12,20,4,24,11],[8,24,12,4,16,20,23,11],[16,8,20,12,24,4,11],[8,4,12,24,16,20,21],[4,24,16,20,12,8,21],[8,20,16,12,24,4,11],[16,12,20,24,4,8,23,11],[4,12,24,16,8,20,11],[20,16,24,4,12,8,11],[20,4,16,24,8,12,13,22,11,23],[8,16,12,4,24,20,22,11,23],[8,20,12,24,16,4,23,11],[4,20,8,12,24,16,22,11,23],[12,24,4,8,20,16,23,11],[16,8,4,24,12,20,11],[4,20,24,8,12,16,11],[12,20,4,8,16,24,11],[16,12,24,20,4,8,19,23],[20,12,8,24,16,4,23,11],[20,4,24,8,12,16,5,23],[20,16,8,12,4,24,11],[4,8,24,12,20,16,23,11],[8,24,16,12,20,4,22,23,11],[24,20,16,12,8,4,19],[8,16,12,20,4,24,23,11],[16,20,8,4,12,24,11],[16,24,8,20,12,4,11],[4,24,20,12,8,16,11],[24,8,16,20,4,12,23,11],[4,24,8,20,16,12,23,11],[4,20,24,8,16,12,23,11],[20,4,16,24,8,12,9,23,11],[8,16,12,4,20,24,9,23,11],[8,16,24,20,12,4,23,11],[24,20,12,8,16,4,11],[12,16,24,20,8,4,23,11],[20,12,24,16,8,4,22,11,23],[4,8,16,20,12,24,19,7],[4,12,24,8,20,16,5],[4,20,8,12,16,24,11],[8,20,4,16,24,12,23,11],[4,8,12,20,24,16,10],[12,20,16,4,24,8,23,11],[24,8,16,12,4,20,23,11],[4,16,8,24,20,12,11],[16,4,20,8,24,12,11],[4,16,24,12,8,20,2,10],[16,8,4,24,12,20,7,23],[24,8,16,20,4,12,10],[12,8,4,20,16,24,11],[4,24,12,20,8,16,23,11],[8,12,4,24,20,16,11],[24,12,16,8,20,4,15,6,11],[4,24,8,20,12,16,21],[8,4,12,16,24,20,11],[20,12,4,8,24,16,23,11],[20,8,12,4,24,16,23,11],[20,24,4,8,12,16,10],[8,20,12,24,16,4,18,11,23],[4,12,20,24,8,16,11],[4,20,12,8,24,16,18,21],[24,4,8,12,20,14,23,16],[16,12,8,20,4,24,11],[4,24,16,8,12,20,11],[8,12,20,16,24,4,23,11],[12,8,16,24,4,20,9,23,11],[16,8,20,12,4,24,11],[20,12,24,16,4,8,15,23],[16,24,12,8,4,20,11],[4,16,8,12,24,20,2,11],[24,4,12,8,20,16,11],[4,8,24,20,12,16,21],[8,4,20,24,12,16,11],[8,16,20,24,12,4,10],[20,16,24,12,4,8,11],[24,16,12,20,8,4,9,23,11],[8,4,20,24,12,16,23,11],[24,4,8,16,12,20,23,11],[24,4,16,8,12,20,11],[12,24,8,16,20,4,10],[12,24,20,16,4,8,11],[24,8,16,20,4,12,21],[12,8,24,4,16,20,23,11],[16,20,24,4,8,12,9,23,11],[24,20,8,16,12,4,22,11,23],[24,16,4,8,20,12,23,11],[8,16,20,24,12,4,11],[20,4,8,12,24,16,11],[12,8,4,16,20,24,9,23,11],[8,4,24,12,20,16,23,11],[8,24,12,16,20,4,11],[4,8,24,12,20,16,23,11],[12,24,20,16,4,8,5],[4,24,20,16,12,8,10],[20,4,16,24,12,8,11],[12,4,16,8,24,20,23,11],[16,8,20,12,4,24,11],[4,20,8,16,24,12,23,11],[12,16,8,24,20,4,23,11],[16,24,4,12,20,8,22,11,23],[16,8,24,20,4,12,10],[8,12,4,20,24,16,11],[20,16,4,12,8,24,11],[4,12,20,8,24,16,9,23,11],[16,24,4,20,12,8,11],[16,24,12,4,20,8,11],[12,20,8,16,24,4,23,11],[20,4,16,24,12,8,10],[16,8,12,24,20,4,11],[12,8,16,24,20,4,23,11],[8,16,4,12,24,20,17,11],[12,4,20,16,24,8,23,11],[8,20,24,12,16,4,23,11],[4,8,24,20,16,12,19],[24,20,4,12,16,8,11],[16,12,4,24,20,8,22,11,23],[24,16,20,8,12,4,23,11],[12,24,4,20,8,16,23,11],[16,20,8,4,12,24,23,11],[12,8,16,4,24,20,23,11],[8,4,12,20,16,24,23,11],[12,16,20,8,24,4,11],[4,24,8,12,20,16,23,11],[24,20,12,16,4,8,11],[24,20,8,16,12,4,11],[16,8,12,20,4,24,11],[4,16,12,8,20,24,23,11],[12,16,8,24,20,4,23,11],[4,8,12,16,20,24,9,23,11],[24,12,16,8,20,4,11],[12,24,16,8,4,20,13,9,23,11],[12,4,24,20,16,8,19],[20,8,24,16,4,12,11],[12,24,20,16,4,8,22,11,23],[20,12,4,16,8,24,10],[20,16,24,8,4,12,23,11],[20,24,8,4,16,12,11],[8,16,24,12,4,20,19],[16,8,12,24,4,20,9,23,11],[20,24,4,8,16,12,23,11],[24,8,16,20,12,4,23,11],[12,8,20,4,24,16,2,23,11],[24,12,4,8,16,20,21],[16,12,24,4,8,20,11],[24,12,20,16,4,8,11],[12,24,16,20,8,4,11],[20,16,4,24,8,12,22,11,23],[8,12,24,20,4,16,11],[24,8,4,20,12,16,23,11],[16,12,8,4,24,20,11],[12,16,8,24,20,4,11],[24,16,20,4,12,8,11],[24,12,8,20,4,16,23,11],[16,8,4,20,12,24,23,11],[24,16,4,8,12,20,11],[8,4,20,16,24,12,23,11],[4,8,12,16,20,24,11],[12,4,24,20,8,16,11],[20,16,24,8,4,12,21],[24,12,20,4,16,8,11],[8,24,16,12,4,20,23,11],[24,8,12,20,16,4,3],[24,20,12,16,8,4,11],[12,20,4,16,24,8,23,11],[24,20,12,4,8,16,7,17,13,9,23,11],[20,24,16,4,8,12,19],[12,24,20,16,8,4,6,23,11],[12,16,24,20,4,8,23,11],[4,20,12,8,16,24,1,23],[8,20,4,12,24,16,23,11],[20,12,4,8,24,16,11],[4,20,12,16,24,8,11],[16,20,4,24,8,12,23,11],[16,24,20,12,4,8,2,11],[16,24,4,8,20,12,23,11],[24,12,8,20,4,16,21],[24,20,12,8,16,4,6,11],[20,16,12,8,24,4,11],[8,24,16,12,20,4,11],[20,4,16,12,8,24,18,19,23,11],[12,8,16,20,24,4,11],[20,16,24,4,8,12,11],[16,4,12,24,20,8,13,17,11],[4,24,20,16,8,12,11],[12,8,16,20,4,24,11],[24,4,12,20,16,8,19],[16,24,12,20,8,4,11],[12,8,4,24,20,16,18,19,23,11],[4,8,20,12,24,16,23,11],[16,20,24,8,12,4,11],[8,4,16,24,20,12,22,23,11],[12,16,4,20,8,24,23,11],[8,12,24,16,20,4,15,21],[20,16,4,8,12,24,7,13],[8,24,12,16,20,4,23,11],[4,24,8,16,12,20,11],[20,24,4,12,8,16,21],[8,12,24,4,16,20,23,11],[4,12,16,24,20,8,23,11],[12,16,20,8,24,4,23,11],[16,12,24,20,4,8,11],[12,8,16,24,4,20,13,23,11],[4,20,12,8,16,24,21],[20,4,12,16,8,24,11],[16,12,20,24,8,4,23,11],[8,24,12,16,4,20,23,11],[24,20,16,12,4,8,11],[16,24,8,20,12,4,23,11],[24,20,8,12,4,16,23,11],[12,16,4,24,8,20,7,23],[4,24,20,12,8,16,19],[12,24,20,8,4,16,23,11],[20,8,12,24,16,4,22,11,23],[20,8,24,16,12,4,11],[12,16,4,8,24,20,21],[24,20,8,4,16,12,11],[4,12,20,24,16,8,11],[8,20,24,16,12,4,11],[12,16,24,8,20,4,22,11,23],[8,12,24,4,20,16,23,11],[16,4,24,20,12,8,22,11,23],[4,12,24,20,8,16,11],[12,16,20,8,24,4,11],[20,12,24,16,8,4,11],[12,24,8,16,4,20,23,11],[8,24,20,12,4,16,2,11],[24,4,12,16,20,8,11],[8,24,16,20,4,12,23,11],[4,8,20,24,16,12,23,11],[8,16,24,20,12,4,11],[16,20,12,24,4,8,23,11],[20,24,16,8,4,12,11],[24,12,4,20,16,8,11],[12,16,4,24,8,20,11],[24,20,16,12,8,4,11],[20,24,16,12,4,8,11],[8,16,20,24,12,4,19],[8,24,4,20,12,16,23,11],[8,12,24,20,16,4,19],[12,16,24,8,4,20,22,11,23],[8,24,12,4,20,16,22,11,23],[8,12,4,16,20,24,11],[20,24,8,12,16,4,22,23,11],[12,8,16,24,20,4,11],[20,8,4,12,16,24,23,11],[20,16,12,24,8,4,17,22,11,23],[16,12,20,24,8,4,11],[24,8,4,12,20,16,6,10],[16,24,4,20,8,12,11],[8,12,4,24,20,16,11],[20,24,16,4,12,8,3],[4,16,24,20,8,12,11],[16,12,4,8,20,24,23,11],[16,12,24,4,20,8,23,11],[12,20,4,8,24,16,9,23,11],[16,12,8,24,4,20,21],[20,16,4,8,12,24,11],[8,12,16,4,20,24,11],[20,12,24,8,16,4,11],[20,8,12,24,4,16,11],[12,8,4,16,20,24,11],[16,24,20,8,12,4,11],[16,20,8,4,24,12,22,23,11],[4,24,20,12,16,8,11],[24,16,8,12,20,4,11],[16,24,20,4,8,12,23,11],[12,24,16,4,8,20,11],[4,20,24,8,16,12,11],[16,24,20,12,4,8,23,11],[8,16,12,24,20,4,23,11],[20,12,24,8,16,4,11],[24,16,12,20,4,8,23,11],[4,20,24,16,8,12,7,9,23,11],[20,24,8,12,4,16,11],[24,12,16,20,8,4,22,11,23],[16,12,8,24,4,20,10],[8,16,4,20,24,12,23,11],[8,20,16,12,4,24,9,11],[4,20,12,24,16,8,22,11,23],[4,20,24,12,8,16,23,11],[24,16,8,4,12,20,11],[12,8,4,16,20,24,11],[8,24,16,20,4,12,11],[24,12,8,16,4,20,11],[20,16,4,12,24,8,5,23],[8,12,16,4,20,24,11],[4,24,8,16,20,12,9,11],[4,8,20,16,12,24,10],[12,16,24,20,8,4,21],[4,12,8,20,16,24,23,11],[16,4,12,8,20,24,23,11],[16,24,4,20,12,8,14,3],[12,24,4,20,8,16,23,11],[4,12,20,24,16,8,10],[12,24,4,20,16,8,9,23,11],[8,4,24,16,12,20,17,23,11],[12,8,24,20,4,16,1],[12,16,8,24,4,20,11],[16,24,4,8,12,20,6,23,11],[16,24,12,20,4,8,11],[12,8,16,20,24,4,11],[12,8,16,20,4,24,11],[4,24,16,20,12,8,23,11],[12,8,20,24,23,4,16,11],[16,8,20,24,12,4,10],[12,24,8,20,16,4,9,23,11],[24,8,16,12,4,20,22,11,23],[20,24,8,16,12,4,23,11],[12,20,4,8,16,24,23,11],[20,4,12,24,16,8,23,11],[12,16,20,24,8,4,9,11],[8,20,16,24,12,4,23,11],[20,8,24,16,12,4,11],[4,8,24,12,20,16,11],[12,24,20,4,8,16,11],[16,20,24,8,4,12,23,11],[16,8,20,24,12,4,11],[12,4,24,16,20,8,21],[24,16,12,8,20,4,22,11,23],[4,24,16,12,20,8,11],[16,24,20,4,12,8,23,11],[8,20,4,12,24,16,2,11],[24,20,4,8,16,12,11],[24,4,20,12,8,16,21],[16,8,12,20,4,24,2,9,11],[12,20,24,8,16,4,21],[4,24,8,20,12,16,23,11],[16,12,24,4,20,8,21],[8,12,4,16,20,24,11],[4,16,8,20,24,12,23,11],[12,24,20,4,16,8,11],[8,24,4,16,12,20,23,11],[24,4,20,12,16,8,11],[20,12,24,8,4,16,11],[4,16,20,12,8,24,23,11],[24,20,12,16,8,4,23,11],[16,24,4,20,8,12,21],[4,24,16,20,8,12,11],[8,20,16,24,12,4,11],[20,12,4,24,8,16,21],[4,24,12,16,20,8,23,11],[20,8,4,12,16,24,9,23,11],[20,4,24,16,12,8,23,11],[8,12,24,20,16,4,23,11],[24,12,8,16,20,4,9,23,11],[12,20,16,4,24,8,11],[8,12,20,24,4,16,11],[24,16,12,20,8,4,2,23,11],[8,4,12,20,16,24,11],[24,12,16,8,20,4,11],[24,12,8,20,4,16,22,11,23],[24,16,12,20,4,8,23,11],[16,20,24,4,12,8,23,11],[20,12,8,24,4,16,23,11],[16,8,20,4,24,12,23,11],[12,4,16,20,8,24,23,11],[8,24,20,12,4,16,14,1],[16,24,4,12,8,20,22,11,23],[4,24,8,20,12,16,11],[4,16,12,24,8,20,23,11],[16,4,8,24,12,20,23,11],[20,12,24,8,4,16,11],[4,12,8,16,24,20,23,11],[16,8,24,4,20,12,23,11],[20,24,12,8,16,4,11],[8,16,20,4,12,24,9,11],[16,12,24,8,20,4,23,9,11],[8,24,12,4,16,20,11],[8,20,4,16,24,12,11],[8,12,4,20,24,16,23,11],[20,16,12,8,24,4,23,11],[20,16,12,24,4,8,23,11],[8,24,4,20,12,16,19,11],[20,4,24,12,8,16,11],[24,12,4,16,8,20,11],[16,4,12,20,24,8,23,11],[8,12,16,24,4,20,9,23,11],[4,20,16,24,12,8,10],[24,4,16,20,8,12,10],[4,16,8,24,12,20,15,23],[20,4,16,8,12,24,10],[16,20,4,12,8,24,11],[16,8,12,20,24,4,11],[16,24,12,4,8,20,17,23,11],[24,8,16,4,20,12,11],[12,24,4,20,8,16,11],[24,16,4,12,8,20,23,11],[8,16,4,24,12,20,11],[12,24,16,8,20,4,22,11,23],[4,16,24,12,8,20,11],[4,8,16,24,20,12,23,11],[4,24,8,12,20,16,9,23,11],[24,20,12,4,8,16,11],[8,12,4,24,20,16,23,11],[20,12,8,4,24,16,11],[4,8,12,24,16,20,15,23],[12,8,20,16,24,4,23,11],[12,8,4,16,24,20,22,23,11],[16,24,20,8,4,12,23,11],[8,4,16,20,12,24,3],[12,8,24,20,4,16,23,11],[16,24,20,8,12,4,11],[24,8,20,4,16,12,19,11],[16,12,4,8,20,24,9,23,11],[8,12,16,4,24,20,17,23,11],[8,24,20,12,4,16,11],[24,20,12,16,4,8,11],[24,16,20,12,8,4,23,11],[4,16,24,20,12,8,11],[4,8,16,20,24,12,9,23,11],[8,16,24,20,12,4,21],[24,8,12,4,16,20,11],[20,24,4,12,16,8,10],[12,16,24,8,4,20,9,23,11],[8,24,12,20,16,4,23,11],[4,24,8,12,16,20,17,11],[16,4,20,8,24,12,23,11],[8,24,4,12,16,20,23,11],[8,12,20,16,24,4,19,11],[12,4,8,16,24,20,23,11],[16,24,8,12,4,20,10],[8,4,12,16,20,24,23,11],[4,20,16,8,12,24,21],[24,20,8,12,16,4,10],[12,16,20,8,24,4,10],[4,20,24,8,16,12,11],[24,16,8,20,4,12,11],[12,4,24,20,8,16,11],[20,12,24,8,16,4,10],[16,20,8,12,4,24,10],[12,20,16,24,8,4,22,23,11],[24,20,12,8,4,16,11],[8,12,4,16,24,20,11],[4,8,24,16,12,20,23,11],[8,20,12,4,24,16,21],[8,4,24,20,16,12,11],[12,8,16,20,24,4,11],[20,16,8,24,4,12,23,11],[12,24,8,4,16,20,11],[16,12,20,4,24,8,21],[8,16,20,4,24,12,11],[8,12,20,16,24,4,11],[24,20,4,8,16,12,11],[20,16,4,24,12,8,2,23,11],[4,12,24,20,16,8,18,19,23,11],[16,8,4,20,24,12,23,11],[16,20,8,12,4,24,9,23,11],[12,8,20,24,4,16,22,11,23],[16,4,12,8,20,24,7,23],[12,4,24,8,20,16,11],[12,16,20,4,8,24,11],[8,4,12,24,20,16,3],[8,20,12,16,24,4,11],[16,24,4,12,8,20,23,11],[4,8,24,16,12,20,22,11,23],[4,16,20,12,8,24,3],[4,16,12,24,8,20,23,11],[12,16,24,8,20,4,11],[24,20,12,16,4,8,11],[8,12,24,4,16,20,22,11,23],[12,16,20,4,8,24,2,11],[8,20,12,16,4,24,23,11],[8,24,20,12,16,4,11],[8,20,12,16,24,4,11],[4,24,20,8,16,12,11],[4,12,16,20,8,24,22,11,23],[16,24,12,20,8,4,23,11],[4,8,20,12,24,16,22,11,23],[24,4,16,20,8,12,3],[24,8,20,4,16,12,23,11],[8,24,12,16,20,4,23,11],[16,12,4,20,24,8,23,11],[20,12,4,8,16,24,19,11],[16,20,4,24,12,8,1,23],[24,12,20,8,4,16,14,23],[20,24,12,8,16,4,1,23],[24,4,16,12,8,20,2,23,11],[20,4,8,24,12,16,18,22,19,23,11],[20,12,16,8,4,24,11],[24,8,20,12,16,4,21],[12,20,24,4,8,16,19,23],[16,4,20,8,12,24,11],[16,8,24,4,20,12,23,11],[8,24,12,20,4,16,22,11,23],[4,24,12,8,20,16,14,17,9,23,11],[4,16,24,8,12,20,23,11],[16,4,24,20,12,8,11],[8,16,12,24,20,4,9,23,11],[12,20,8,24,4,16,11],[20,24,8,16,4,12,23,11],[24,16,12,8,4,20,11],[8,20,16,24,12,4,23,11],[12,4,24,20,16,8,18,23,11],[24,20,4,12,8,16,11],[16,24,20,12,8,4,23,11],[16,20,8,4,12,24,11],[8,24,4,12,16,20,11],[8,24,4,20,16,12,11],[20,8,4,24,12,16,22,11,23],[12,8,4,16,20,24,21],[24,20,8,12,16,4,23,11],[12,8,4,24,20,16,11],[16,20,8,12,24,4,11],[20,8,16,4,12,24,23,11],[4,16,24,20,8,12,11],[12,24,8,4,20,16,9,23,11],[12,16,8,20,4,24,23,11],[4,8,16,12,20,24,23,11],[8,4,20,16,24,12,23,11],[16,24,8,4,20,12,11],[12,16,8,20,4,24,18,19,23,11],[16,20,4,12,24,8,23,11],[16,12,4,24,8,20,11],[12,16,24,20,4,8,11],[8,20,12,4,24,16,23,11],[12,4,8,20,24,16,15,11],[8,4,24,20,12,16,21],[4,20,8,24,16,12,23,11],[8,20,12,16,24,4,19,11],[24,12,8,4,20,16,11],[12,24,20,16,4,8,23,11],[24,4,20,12,16,8,23,11],[8,4,16,20,24,12,19,11],[16,20,4,8,12,24,23,11]],"n_human":8}