{"problem_id":"uH8gcgWUEoa2hfm","sigma":150,"alpha":10.000,"cost":2,"probabilities":"[0.21, 0.28, 0.24, 0.27]","payoff_matrix":"[[-220, -222, 13, 37, 40, -72], [-31, -155, -42, 174, -47, 40], [-48, -35, -182, 166, -193, -218], [-97, 74, -49, -141, -205, -6]]","uncovered":[[18,2,14,10,22,6,16,24,23,4,12,20,11,8,15],[10,2,18,14,6,22,24,16,15,23],[2,6,10,14,18,22,24,16,15,23],[18,14,6,22,10,2,16,24,15,23],[14,22,6,2,18,10,16,24,15,23],[14,22,2,18,10,6,16,24,23,4,12,20,11,8,7],[18,22,14,6,2,10,24,16,15,23],[14,6,22,18,10,2,24,16,23,4,12,20,11,8,7],[14,2,6,18,10,22,24,16,23,4,12,20,11,8,7],[2,22,14,6,18,10,16,24,23,4,12,20,15],[18,22,14,6,2,10,24,16,23,4,12,20,11,8,15],[6,14,10,22,18,2,16,24,15,23],[10,6,2,18,14,22,24,16,15,23],[10,2,18,22,6,14,24,16,23,4,12,20,11,8,7],[10,2,6,18,22,14,16,24,23,4,12,20,11,8,15],[18,22,14,10,6,2,16,24,15,23],[14,10,22,6,2,18,24,16,23,4,12,20,11,8,15],[6,2,10,14,22,18,24,16,23,4,12,20,15],[18,22,10,6,2,14,16,24,15,23],[18,22,10,14,2,6,16,24,15,23],[18,14,2,6,10,22,24,16,15,23],[10,6,18,22,14,2,24,16,15,23],[14,18,22,2,10,6,16,24,15,23],[10,22,14,6,18,2,16,24,23,4,12,20,15],[14,10,6,22,18,2,16,24,15,23],[18,14,22,10,6,2,24,16,23,4,12,20,15],[14,22,10,18,6,2,16,24,15,23],[14,22,10,6,18,2,16,24,23,4,12,20,15],[18,14,2,6,10,22,16,24,15,23],[2,10,6,22,14,18,16,24,15,23],[10,18,2,14,22,6,16,24,23,4,12,20,11,8,15],[22,10,14,6,18,2,24,16,15,4,23],[10,6,14,22,18,2,16,24,15,23],[18,14,22,6,2,10,24,16,15,23],[6,2,22,14,18,10,16,24,15,23],[10,18,22,14,6,2,24,16,23,4,12,20,11,8,15],[6,18,10,2,14,22,24,16,15,23],[2,14,22,18,6,10,16,24,15,23],[18,2,22,10,14,6,24,16,23,4,12,20,15],[2,22,10,18,14,6,24,16,23,4,12,20,15],[14,10,22,6,2,18,16,24,15,23],[2,22,10,18,14,6,16,24,23,4,12,20,11,8,15],[18,14,6,10,2,22,24,16,23,4,12,20,15],[18,2,10,22,6,14,16,24,23,4,12,20,15],[18,22,10,6,2,14,24,16,15,23],[18,2,6,10,14,22,24,16,15,23],[6,18,22,10,14,2,16,24,23,4,12,20,11,8,15],[22,10,2,14,18,6,24,16,23,4,12,20,15],[18,6,10,14,22,2,24,16,23,4,12,20,11,8,15],[14,22,10,6,18,2,16,24,23,4,12,20,15],[22,10,14,18,6,2,16,24,15,23],[6,18,2,14,10,22,16,24,15,23],[22,14,18,2,10,6,24,16,15,23],[18,22,10,2,14,6,16,24,15,23],[22,6,14,2,10,18,16,24,15,23],[14,2,6,10,22,18,16,24,23,4,12,20,15],[2,22,10,6,14,18,24,16,15,23],[6,14,10,22,2,18,16,24,23,4,12,20,11,8,7],[22,18,10,2,14,6,24,16,23,4,12,20,15],[22,10,6,14,18,2,24,16,23,4,12,20,15],[2,22,6,14,18,10,16,24,23,4,12,20,15],[22,10,6,14,2,18,24,16,23,4,12,20,11,8,7],[14,2,10,18,22,6,16,24,15,23],[22,6,18,10,2,14,16,24,15,23],[10,18,6,14,2,22,24,16,23,4,12,20,11,8,7],[14,2,22,18,10,6,16,24,23,4,12,20,15],[14,10,22,2,6,18,24,16,15,23],[18,10,22,6,14,2,16,24,15,23],[10,6,14,18,22,2,24,16,23,4,12,20,15],[18,2,10,14,22,6,24,16,23,4,12,20,15],[10,2,6,18,14,22,24,16,15,23],[18,22,14,6,10,2,16,24,23,4,12,20,15],[6,10,18,22,14,2,24,16,23,4,12,20,11,8,15],[6,2,18,14,22,10,16,24,15,23],[10,18,14,22,2,6,16,24,15,23],[22,2,14,10,6,18,16,24,15,23],[10,18,2,6,14,22,24,16,15,23],[2,14,10,18,6,22,16,24,15,4,23],[6,18,22,2,14,10,24,16,23,4,12,20,15],[18,2,22,14,10,6,24,16,15,23],[22,6,10,2,18,14,24,16,23,4,12,20,15],[18,14,22,2,6,10,16,24,23,4,12,20,11,8,7],[2,18,6,14,10,22,24,16,23,4,12,20,11,8,15],[14,10,2,22,18,6,16,24,15,23],[2,10,22,14,18,6,24,16,15,23],[6,2,14,22,18,10,16,24,15,23],[2,6,22,10,14,18,24,16,15,23],[10,6,18,22,2,14,16,24,23,4,12,20,15],[14,22,2,10,18,6,16,24,23,4,12,20,11,8,7],[2,14,18,10,6,22,16,24,15,23],[18,14,22,6,2,10,16,24,15,23],[2,18,10,14,22,6,16,24,23,4,12,20,11,8,15],[14,10,2,18,6,22,24,16,15,23],[18,22,14,2,6,10,16,24,15,23],[18,14,10,22,6,2,16,24,23,4,12,20,15],[2,22,18,6,10,14,24,16,23,4,12,20,11,8,7],[22,10,6,2,18,14,24,16,15,23],[2,10,14,18,6,22,16,24,15,23],[2,14,22,6,10,18,24,16,23,4,12,20,15],[2,10,18,6,14,22,24,16,23,4,12,20,15],[14,6,10,18,2,22,16,24,15,23],[22,6,14,2,18,10,16,24,15,23],[18,2,10,22,14,6,24,16,23,4,12,20,15],[2,10,6,18,22,14,24,16,23,4,12,20,11,8,7],[6,2,18,10,22,14,24,16,23,4,12,20,15],[22,18,6,10,2,14,16,24,15,23],[2,6,10,22,14,18,16,24,15,23],[6,14,2,18,10,22,16,24,23,4,12,20,11,8,7],[14,6,10,18,2,22,16,24,23,4,12,20,15],[10,14,2,6,18,22,16,24,23,4,12,20,15],[10,22,14,18,2,6,24,16,23,4,12,20,11,8,7],[22,10,18,14,6,2,24,16,23,4,12,20,15],[10,6,2,18,22,14,16,24,23,4,12,20,15],[14,18,6,2,22,10,24,16,15,23],[22,18,14,2,6,10,16,24,23,4,12,20,11,8,15],[22,14,2,18,10,6,16,24,23,4,12,20,11,8,7],[14,2,6,18,22,10,24,16,15,23],[10,14,18,2,22,6,24,16,23,4,12,20,15],[10,18,2,6,22,14,16,24,23,4,12,20,11,8,15],[18,10,2,14,6,22,24,16,15,23],[2,10,14,22,6,18,16,24,15,23],[6,18,2,14,22,10,24,16,23,4,12,20,11,8,7],[14,22,2,10,6,18,24,16,15,23],[6,18,2,14,22,10,16,24,15,23],[14,2,6,22,18,10,16,24,15,23],[18,14,10,22,6,2,16,24,15,23],[2,10,14,18,6,22,16,24,15,23],[14,18,22,2,10,6,16,24,15,23],[10,2,18,22,14,6,16,24,23,4,12,20,11,8,7],[6,14,22,18,2,10,24,16,23,4,12,20,15],[18,6,2,22,10,14,16,24,23,4,12,20,15],[6,18,10,22,14,2,24,16,15,23],[2,10,14,6,18,22,24,16,23,4,12,20,15],[18,6,22,2,10,14,24,16,23,4,12,20,15],[18,14,2,10,22,6,16,24,15,23],[22,14,2,18,10,6,16,24,23,4,12,20,15],[2,22,18,6,10,14,16,24,15,23],[14,10,2,18,22,6,24,16,15,23],[14,2,18,22,6,10,24,16,15,23],[6,18,10,14,2,22,24,16,15,23],[2,22,18,6,14,10,16,24,23,4,12,20,15],[18,22,14,2,10,6,24,16,23,4,12,20,15],[18,10,22,2,14,6,24,16,15,23],[10,18,2,22,6,14,16,24,15,23],[22,14,18,6,2,10,16,24,23,4,12,20,11,8,7],[10,14,22,18,2,6,24,16,15,23],[2,10,22,6,18,14,16,24,15,23],[2,6,14,22,18,10,24,16,15,23],[18,2,6,22,14,10,24,16,15,23],[18,6,22,2,10,14,24,16,15,23],[2,18,6,22,10,14,24,16,23,4,12,20,15],[18,22,2,6,10,14,16,24,23,4,12,20,15],[10,2,18,22,6,14,24,16,15,23],[6,14,18,22,10,2,24,16,15,23],[22,2,14,10,18,6,24,16,23,4,12,20,15],[2,18,6,22,14,10,24,16,23,4,12,20,11,8,7],[18,22,2,14,6,10,24,16,15,23],[18,2,6,22,14,10,16,24,23,4,12,20,15],[2,18,10,22,6,14,16,24,23,4,12,20,11,8,15],[10,18,2,22,14,6,24,16,23,4,12,20,15],[14,18,10,2,22,6,24,16,23,4,12,20,15],[10,6,14,2,18,22,16,24,23,4,12,20,15],[22,18,10,6,2,14,16,24,23,4,12,20,15],[10,14,22,2,18,6,24,16,23,4,12,20,15],[22,14,6,10,2,18,16,24,15,23],[22,2,10,18,14,6,16,24,15,23],[22,10,6,2,18,14,24,16,15,23],[6,14,2,18,22,10,16,24,15,23],[6,22,2,10,14,18,16,24,23,4,12,20,11,8,15],[14,22,10,6,18,2,16,24,23,4,12,20,11,8,7],[6,14,10,2,22,18,16,24,23,4,12,20,15],[2,14,6,22,18,10,24,16,15,23],[10,14,22,6,2,18,16,24,15,23],[14,18,2,6,22,10,16,24,23,4,12,20,15],[10,2,6,22,14,18,16,24,15,23],[22,2,18,6,14,10,16,24,15,23],[18,14,22,2,6,10,16,24,23,4,12,20,15],[10,22,18,6,14,2,16,24,23,4,12,20,15],[22,2,10,14,18,6,24,16,23,4,12,20,11,8,7],[6,2,10,22,18,14,16,24,15,23],[6,18,2,14,22,10,16,24,23,4,12,20,11,8,15],[10,18,2,14,22,6,16,24,15,23],[2,18,6,14,22,10,24,16,23,4,12,20,15],[6,14,18,2,10,22,24,16,15,23],[18,10,2,22,6,14,24,16,23,4,12,20,11,8,15],[2,14,18,22,6,10,24,16,15,23],[6,22,10,18,14,2,16,24,23,4,12,20,11,8,15],[2,10,14,18,22,6,16,24,23,4,12,20,15],[2,22,14,18,6,10,24,16,23,4,12,20,15],[6,22,14,10,2,18,24,16,15,23],[2,22,18,6,14,10,24,16,23,4,12,20,11,8,15],[22,2,18,10,6,14,16,24,15,23],[2,6,18,10,14,22,24,16,15,23],[14,6,22,10,18,2,16,24,23,4,12,20,11,8,15],[10,14,2,22,6,18,16,24,23,4,12,20,15],[14,22,10,6,2,18,24,16,23,4,12,20,11,8,7],[10,6,22,18,2,14,16,24,15,23],[10,2,22,18,14,6,24,16,23,4,12,20,11,8,7],[22,6,2,18,10,14,24,16,23,4,12,20,11,8,7],[10,14,2,22,18,6,16,24,23,4,12,20,15],[22,2,6,14,18,10,24,16,15,23],[18,6,22,2,10,14,24,16,23,4,12,20,11,8,15],[2,18,10,22,14,6,16,24,15,23],[18,14,10,2,6,22,16,24,23,4,12,20,11,8,15],[2,22,6,10,18,14,24,16,15,23],[22,14,6,10,18,2,16,24,15,4,23],[2,14,6,22,18,10,24,16,23,4,12,20,11,8,15],[6,2,22,10,18,14,16,24,23,4,12,20,15],[6,10,22,2,18,14,16,24,15,23],[2,14,6,18,22,10,16,24,15,23],[6,2,14,10,18,22,24,16,15,23],[10,14,6,18,22,2,24,16,15,23],[14,18,22,2,6,10,16,24,15,23],[22,14,6,2,10,18,24,16,23,4,12,20,15],[6,22,2,10,14,18,24,16,23,4,12,20,11,8,15],[14,2,18,10,6,22,24,16,23,4,12,20,11,8,15],[18,14,10,6,22,2,24,16,15,23],[6,22,2,18,10,14,16,24,15,23],[14,2,10,22,18,6,24,16,23,4,12,20,11,8,15],[22,18,2,10,14,6,24,16,15,23],[22,10,14,6,2,18,16,24,15,23],[6,2,14,18,10,22,16,24,23,4,12,20,15],[6,10,14,2,22,18,24,16,23,4,12,20,11,8,7],[14,18,10,6,22,2,24,16,15,23],[2,14,10,18,22,6,24,16,23,4,12,20,11,8,15],[2,18,14,10,22,6,24,16,23,4,12,20,15],[14,6,2,18,10,22,24,16,23,4,12,20,15],[6,2,22,10,14,18,16,24,23,4,12,20,11,8,7],[6,2,22,18,10,14,24,16,23,4,12,20,15],[22,2,10,18,6,14,16,24,23,4,12,20,11,8,7],[22,6,10,14,18,2,16,24,15,23],[14,10,6,2,18,22,24,16,15,23],[6,10,22,14,2,18,16,24,23,4,12,20,15],[18,10,2,6,14,22,16,24,15,23],[10,18,2,22,6,14,24,16,15,23],[6,22,14,2,18,10,16,24,23,4,12,20,11,8,7],[2,6,18,22,14,10,24,16,15,23],[14,10,2,22,18,6,24,16,23,4,12,20,11,8,7],[10,18,22,2,14,6,16,24,15,23],[14,10,22,6,2,18,16,24,23,4,12,20,15],[6,10,14,18,2,22,16,24,23,4,12,20,11,8,7],[22,14,10,2,6,18,24,16,23,4,12,20,11,8,7],[22,18,2,14,10,6,16,24,15,23],[22,6,10,14,18,2,24,16,23,4,12,20,11,8,7],[2,14,18,6,10,22,16,24,23,4,12,20,15],[14,10,18,2,22,6,16,24,15,23],[10,18,6,22,2,14,24,16,15,23],[14,6,10,18,2,22,24,16,15,23],[18,2,22,6,10,14,16,24,15,23],[14,22,6,2,18,10,16,24,15,23],[14,18,10,6,2,22,24,16,15,23],[6,10,18,14,2,22,24,16,23,4,12,20,11,8,15],[10,6,18,14,22,2,24,16,23,4,12,20,11,8,15],[14,22,2,18,6,10,16,24,15,23],[10,18,22,2,6,14,24,16,15,23],[6,22,2,18,14,10,16,24,15,23],[18,22,2,6,10,14,24,16,15,23],[2,14,22,6,10,18,16,24,23,4,12,20,15],[10,6,14,2,22,18,24,16,23,4,12,20,15],[10,22,18,6,14,2,24,16,23,4,12,20,11,8,15],[22,6,18,14,10,2,24,16,15,23],[2,18,22,6,10,14,24,16,15,23],[22,10,14,2,18,6,24,16,23,4,12,20,15],[18,6,14,22,10,2,24,16,15,23],[10,6,2,22,18,14,16,24,23,4,12,20,11,8,7],[2,6,22,18,10,14,24,16,23,4,12,20,15],[14,6,22,2,18,10,24,16,23,4,12,20,11,8,15],[22,6,14,10,2,18,24,16,23,4,12,20,15],[18,6,22,2,14,10,16,24,23,4,12,20,11,8,15],[18,2,22,6,14,10,24,16,15,23],[10,18,2,14,22,6,24,16,23,4,12,20,11,8,7],[18,6,14,2,10,22,24,16,23,4,12,20,11,8,7],[10,2,14,18,22,6,24,16,23,4,12,20,15],[14,18,22,2,10,6,24,16,15,23],[22,2,10,14,18,6,16,24,23,4,12,20,11,8,15],[14,22,18,2,6,10,16,24,23,4,12,20,11,8,7],[6,14,2,10,22,18,24,16,15,23],[2,22,18,14,6,10,24,16,23,4,12,20,15],[18,22,10,6,14,2,24,16,23,4,12,20,15],[22,18,14,2,10,6,16,24,15,23],[18,10,2,6,14,22,16,24,23,4,12,20,11,8,15],[14,22,2,10,18,6,24,16,23,4,12,20,15],[18,10,14,2,6,22,24,16,15,23],[14,6,22,18,2,10,24,16,23,4,12,20,15],[6,2,22,10,14,18,16,24,15,23],[18,14,22,10,2,6,24,16,15,23],[10,22,2,6,14,18,16,24,23,4,12,20,11,8,7],[10,14,6,2,18,22,16,24,15,23],[2,22,6,18,14,10,16,24,15,23],[6,18,10,22,2,14,16,24,23,4,12,20,11,8,15],[2,22,18,10,6,14,16,24,15,23],[2,6,22,14,10,18,24,16,23,4,12,20,15],[18,14,22,6,2,10,16,24,23,4,12,20,11,8,7],[2,6,10,14,18,22,16,24,23,4,12,20,11,8,15],[10,2,14,18,22,6,16,24,15,4,23],[14,6,18,2,22,10,24,16,15,23],[2,22,14,18,6,10,24,16,15,23],[18,14,22,6,2,10,16,24,23,4,12,20,11,8,15],[22,6,10,14,18,2,24,16,23,4,12,20,15],[14,22,2,6,10,18,24,16,15,23],[2,18,6,22,10,14,24,16,23,4,12,20,11,8,15],[22,10,18,14,6,2,16,24,23,4,12,20,15],[14,6,22,2,10,18,16,24,23,4,12,20,11,8,7],[10,22,2,14,6,18,16,24,23,4,12,20,11,8,7],[22,2,18,6,10,14,16,24,15,23],[2,14,6,10,22,18,24,16,23,4,12,20,15],[14,2,22,18,6,10,24,16,15,23],[10,14,2,18,6,22,24,16,23,4,12,20,15],[10,18,6,22,2,14,24,16,23,4,12,20,11,8,7],[2,14,18,6,22,10,24,16,15,23],[14,6,10,2,22,18,16,24,23,4,12,20,15],[18,6,10,14,2,22,16,24,15,23],[18,14,6,2,22,10,24,16,15,23],[2,10,18,14,22,6,16,24,23,4,12,20,15],[18,10,6,14,22,2,24,16,15,23],[2,14,10,18,22,6,24,16,15,23],[10,22,2,14,6,18,16,24,23,4,12,20,11,8,7],[10,14,18,2,6,22,16,24,23,4,12,20,15],[10,2,18,22,6,14,16,24,23,4,12,20,11,8,15],[10,22,14,2,18,6,16,24,15,23],[6,22,2,10,18,14,16,24,15,23],[18,14,2,6,10,22,24,16,15,23],[2,22,14,18,10,6,24,16,15,23],[18,14,22,2,6,10,16,24,23,4,12,20,15],[10,14,18,2,6,22,24,16,15,23],[22,6,14,18,2,10,24,16,23,4,12,20,11,8,7],[18,6,14,22,2,10,16,24,15,23],[10,2,6,22,14,18,24,16,15,23],[10,6,2,14,22,18,24,16,23,4,12,20,15],[22,6,2,14,10,18,24,16,15,23],[14,6,22,2,18,10,16,24,23,4,12,20,11,8,15],[10,22,2,6,14,18,24,16,23,4,12,20,15],[22,6,10,18,14,2,24,16,15,23],[18,14,22,6,10,2,16,24,23,4,12,20,11,8,15],[6,2,10,14,22,18,24,16,15,23],[14,10,22,6,2,18,24,16,15,4,23],[2,22,6,18,14,10,16,24,23,4,12,20,11,8,7],[2,10,22,14,18,6,16,24,15,23],[2,6,14,10,18,22,16,24,15,23],[2,22,18,10,6,14,24,16,23,4,12,20,11,8,15],[10,22,18,2,14,6,24,16,15,23],[22,2,18,14,6,10,24,16,15,23],[18,14,6,2,10,22,24,16,15,23],[22,14,10,6,2,18,24,16,15,23],[14,6,18,2,22,10,24,16,15,23],[6,22,18,10,14,2,24,16,23,4,12,20,15],[2,22,6,10,14,18,24,16,23,4,12,20,11,8,15],[10,6,22,2,14,18,24,16,23,4,12,20,15],[2,14,6,18,22,10,16,24,15,23],[18,2,6,14,10,22,16,24,23,4,12,20,15],[2,22,18,6,10,14,24,16,15,23],[6,22,14,18,10,2,16,24,23,4,12,20,15],[18,2,6,22,10,14,24,16,23,4,12,20,11,8,7],[14,22,6,2,18,10,24,16,15,23],[22,10,14,6,18,2,16,24,15,23],[22,6,14,10,18,2,16,24,23,4,12,20,11,8,15],[22,2,14,18,6,10,16,24,23,4,12,20,15],[18,22,6,2,10,14,24,16,15,23],[14,22,6,18,2,10,16,24,23,4,12,20,11,8,15],[10,6,14,22,2,18,16,24,23,4,12,20,11,8,7],[22,6,2,14,18,10,16,24,15,23],[10,6,2,22,18,14,16,24,15,23],[18,14,10,22,6,2,24,16,23,4,12,20,15],[2,14,10,6,18,22,24,16,15,23],[6,22,10,18,14,2,16,24,15,23],[2,6,10,18,14,22,24,16,23,4,12,20,15],[14,10,2,22,6,18,16,24,15,23],[18,22,6,14,2,10,16,24,15,23],[14,2,10,18,22,6,16,24,15,23],[22,10,14,18,2,6,24,16,15,23],[14,18,2,10,6,22,16,24,15,23],[14,22,10,18,6,2,24,16,23,4,12,20,11,8,7],[22,10,14,2,6,18,24,16,15,23],[10,2,22,14,6,18,24,16,15,23],[10,6,14,22,18,2,24,16,23,4,12,20,15],[18,2,22,6,10,14,16,24,15,4,23],[2,10,18,22,6,14,24,16,23,4,12,20,11,8,15],[14,18,6,22,2,10,16,24,23,4,12,20,15],[14,22,18,2,6,10,16,24,23,4,12,20,15],[2,14,18,10,6,22,24,16,15,23],[22,6,18,10,14,2,24,16,15,23],[22,10,14,6,18,2,16,24,23,4,12,20,11,8,15],[10,2,6,22,18,14,24,16,15,23],[14,6,22,10,18,2,24,16,23,4,12,20,15],[18,6,22,14,2,10,16,24,23,4,12,20,15],[14,18,22,10,6,2,16,24,23,4,12,20,15],[6,2,14,10,18,22,16,24,15,23],[14,22,18,6,10,2,16,24,23,4,12,20,11,8,7],[22,18,14,2,6,10,16,24,23,4,12,20,15],[10,22,6,2,14,18,16,24,23,4,12,20,11,8,7],[10,6,22,14,18,2,16,24,15,23],[2,6,22,14,10,18,16,24,15,23],[2,6,10,18,14,22,16,24,23,4,12,20,11,8,15],[2,10,6,22,14,18,24,16,23,4,12,20,11,8,15],[6,22,18,14,2,10,24,16,23,4,12,20,15],[22,14,18,10,6,2,24,16,15,23],[2,22,6,10,18,14,24,16,23,4,12,20,11,8,15],[2,22,10,18,14,6,24,16,15,23],[18,22,2,6,10,14,24,16,23,4,12,20,11,8,7],[22,2,10,18,6,14,24,16,23,4,12,20,15],[10,2,6,18,14,22,24,16,15,23],[10,2,14,18,22,6,24,16,23,4,12,20,15],[22,14,2,6,10,18,16,24,15,23],[22,10,14,2,6,18,24,16,23,4,12,20,11,8,7],[14,2,18,6,10,22,16,24,15,23],[2,6,18,14,10,22,24,16,15,23],[6,18,22,2,10,14,16,24,23,4,12,20,15],[6,10,2,22,14,18,24,16,23,4,12,20,15],[22,18,2,6,10,14,16,24,23,4,12,20,15],[2,18,14,10,6,22,16,24,23,4,12,20,15],[22,6,10,2,14,18,24,16,23,4,12,20,11,8,7],[22,6,14,18,10,2,16,24,23,4,12,20,11,8,15],[2,18,14,6,22,10,16,24,15,23],[10,2,6,14,18,22,16,24,23,4,12,20,15],[6,14,18,10,22,2,16,24,15,23],[18,22,2,14,10,6,16,24,23,4,12,20,15],[14,2,10,6,22,18,24,16,15,23],[6,14,22,18,2,10,24,16,23,4,12,20,11,8,15],[14,22,18,2,6,10,24,16,23,4,12,20,11,8,7],[2,6,18,14,10,22,16,24,15,23],[14,2,6,22,10,18,24,16,15,23],[6,14,18,22,10,2,16,24,23,4,12,20,15],[6,14,10,22,18,2,16,24,15,23],[10,2,6,18,14,22,16,24,15,23],[18,6,2,14,10,22,16,24,15,23],[10,18,6,14,2,22,24,16,23,4,12,20,11,8,15],[6,2,22,18,14,10,24,16,23,4,12,20,15],[6,18,22,2,14,10,16,24,15,23],[2,6,18,22,10,14,24,16,23,4,12,20,15],[22,18,2,6,10,14,16,24,15,23],[18,14,6,10,22,2,16,24,15,23],[6,18,14,22,2,10,24,16,23,4,12,20,11,8,7],[2,14,10,18,22,6,16,24,15,23],[14,2,22,6,10,18,24,16,15,23],[18,6,2,10,22,14,24,16,15,23],[2,22,14,10,18,6,16,24,15,23],[6,14,2,18,22,10,24,16,23,4,12,20,15],[2,14,22,10,6,18,16,24,15,23],[2,6,10,22,18,14,16,24,23,4,12,20,11,8,7],[22,10,2,18,6,14,16,24,15,23],[22,2,18,10,14,6,24,16,23,4,12,20,15],[10,14,2,6,18,22,24,16,15,23],[2,18,10,22,6,14,24,16,15,23],[22,6,2,10,14,18,16,24,15,23],[10,18,6,22,14,2,16,24,23,4,12,20,15],[2,10,6,18,22,14,16,24,15,23],[2,22,6,10,18,14,16,24,15,23],[6,22,14,2,10,18,16,24,15,23],[18,22,2,10,14,6,24,16,23,4,12,20,11,8,15],[14,22,2,10,18,6,24,16,23,4,12,20,15],[10,18,14,6,2,22,16,24,15,23],[14,22,10,6,2,18,24,16,15,23],[14,10,22,6,18,2,24,16,15,23],[6,14,22,10,18,2,24,16,15,23],[6,2,14,22,10,18,16,24,15,23],[6,10,2,18,14,22,24,16,23,4,12,20,15],[18,14,10,6,2,22,24,16,23,4,12,20,15],[22,14,18,6,10,2,24,16,15,23],[6,22,14,18,10,2,16,24,23,4,12,20,11,8,15],[6,14,2,18,10,22,16,24,23,4,12,20,11,8,7],[14,10,18,2,22,6,24,16,15,23],[14,22,18,10,6,2,16,24,23,4,12,20,11,8,7],[22,6,10,2,18,14,16,24,23,4,12,20,11,8,15],[22,2,6,18,10,14,16,24,15,23],[22,14,10,18,6,2,24,16,15,23],[6,2,14,10,18,22,16,24,23,4,12,20,15],[18,2,22,14,10,6,16,24,15,23],[22,10,2,14,6,18,16,24,15,23],[14,2,22,10,6,18,16,24,15,23],[10,22,6,2,14,18,24,16,15,23],[18,2,14,22,10,6,24,16,15,23],[22,10,2,14,6,18,24,16,23,4,12,20,15],[2,22,10,18,6,14,24,16,15,23],[10,22,18,2,14,6,16,24,23,4,12,20,15],[14,6,18,2,10,22,16,24,23,4,12,20,15],[14,6,18,22,10,2,16,24,23,4,12,20,11,8,15],[2,14,18,6,10,22,24,16,23,4,12,20,11,8,7],[2,10,14,18,22,6,16,24,15,23],[14,2,10,18,22,6,24,16,23,4,12,20,11,8,7],[22,10,2,18,6,14,16,24,15,23],[2,10,22,6,18,14,16,24,23,4,12,20,15],[2,14,18,6,10,22,24,16,23,4,12,20,15],[18,6,22,14,2,10,24,16,23,4,12,20,15],[14,6,10,22,2,18,16,24,15,23],[14,10,6,22,2,18,16,24,23,4,12,20,11,8,15],[14,22,10,6,2,18,24,16,23,4,12,20,11,8,7],[6,2,14,10,22,18,16,24,15,23],[14,10,2,22,6,18,24,16,23,4,12,20,15],[22,18,10,6,2,14,16,24,23,4,12,20,15],[22,2,6,10,18,14,16,24,15,23],[18,22,14,10,6,2,24,16,15,23],[18,14,10,2,6,22,24,16,23,4,12,20,11,8,15],[18,22,10,2,14,6,24,16,15,23],[10,14,22,2,6,18,24,16,15,23],[14,22,18,2,10,6,16,24,23,4,12,20,11,8,7],[6,10,22,18,2,14,24,16,15,23],[10,18,2,22,14,6,24,16,23,4,12,20,15],[18,2,14,22,10,6,24,16,23,4,12,20,15],[10,22,14,2,18,6,16,24,23,4,12,20,11,8,15],[22,18,2,6,14,10,24,16,23,4,12,20,11,8,15],[14,22,6,2,18,10,24,16,15,23],[10,2,6,18,22,14,24,16,23,4,12,20,11,8,7],[10,6,2,14,22,18,24,16,15,4,23],[2,10,14,6,18,22,24,16,23,4,12,20,15],[18,6,2,14,10,22,24,16,23,4,12,20,15],[14,2,6,18,10,22,16,24,15,23],[22,6,10,18,2,14,16,24,23,4,12,20,15],[18,2,6,22,14,10,16,24,15,23],[6,2,10,18,22,14,24,16,15,23],[2,14,10,6,18,22,24,16,15,23],[14,18,2,6,22,10,16,24,23,4,12,20,11,8,15],[22,2,18,6,10,14,16,24,15,23],[18,22,2,14,6,10,24,16,15,23],[2,22,18,6,14,10,16,24,23,4,12,20,11,8,7],[2,18,10,22,14,6,24,16,23,4,12,20,15],[22,10,14,2,6,18,16,24,15,23],[10,18,2,22,14,6,16,24,23,4,12,20,11,8,15],[10,2,22,6,18,14,24,16,23,4,12,20,15],[6,2,14,10,22,18,24,16,23,4,12,20,15],[6,14,10,22,2,18,16,24,15,23],[14,6,18,22,10,2,16,24,23,4,12,20,11,8,15],[14,6,18,22,10,2,24,16,15,23],[22,18,10,6,14,2,24,16,23,4,12,20,15],[10,18,22,14,6,2,24,16,23,4,12,20,11,8,7],[14,18,2,22,6,10,24,16,23,4,12,20,15],[22,14,18,6,10,2,16,24,23,4,12,20,11,8,7],[22,14,10,2,6,18,24,16,15,23],[22,10,18,6,14,2,24,16,15,23],[2,14,6,18,22,10,24,16,15,23],[18,14,6,2,22,10,16,24,23,4,12,20,11,8,15],[22,10,14,18,6,2,16,24,23,4,12,20,15],[14,6,2,10,22,18,16,24,23,4,12,20,11,8,7],[14,10,22,6,2,18,16,24,15,23],[6,18,2,22,14,10,16,24,15,23],[6,10,22,2,18,14,24,16,23,4,12,20,11,8,7],[2,6,22,10,18,14,16,24,23,4,12,20,11,8,7],[22,14,10,18,6,2,16,24,15,23],[14,2,22,10,18,6,16,24,15,23],[2,22,10,14,6,18,24,16,23,4,12,20,15],[14,10,18,6,22,2,24,16,23,4,12,20,11,8,15],[18,10,14,6,2,22,24,16,15,23],[22,18,10,2,14,6,24,16,15,23],[2,22,6,10,18,14,24,16,23,4,12,20,11,8,7],[22,18,14,6,2,10,16,24,23,4,12,20,15],[18,14,10,6,2,22,24,16,15,23],[2,14,6,18,22,10,16,24,23,4,12,20,11,8,15],[10,2,18,6,14,22,16,24,15,23],[2,6,14,10,18,22,16,24,23,4,12,20,15],[18,2,10,22,14,6,24,16,15,23],[6,14,18,2,10,22,24,16,15,23],[22,10,18,6,2,14,24,16,15,23],[6,18,2,10,14,22,24,16,23,4,12,20,11,8,15],[22,2,18,6,10,14,16,24,15,23],[10,22,18,6,14,2,24,16,15,23],[22,2,6,18,10,14,16,24,23,4,12,20,11,8,15],[2,10,22,14,18,6,16,24,15,23],[10,14,2,6,18,22,16,24,23,4,12,20,15],[14,22,2,6,18,10,16,24,23,4,12,20,15],[22,2,18,6,10,14,16,24,23,4,12,20,15],[14,10,18,22,6,2,24,16,15,23],[10,2,22,14,6,18,24,16,23,4,12,20,15],[10,22,6,18,14,2,24,16,15,23],[10,18,2,22,14,6,16,24,23,4,12,20,15],[14,6,10,2,22,18,16,24,23,4,12,20,11,8,7],[10,2,14,6,18,22,16,24,23,4,12,20,15],[18,6,14,22,10,2,16,24,23,4,12,20,11,8,15],[14,18,2,6,10,22,24,16,15,23],[6,22,18,14,10,2,16,24,23,4,12,20,11,8,15],[14,6,18,2,22,10,16,24,23,4,12,20,15],[14,2,6,22,18,10,24,16,15,23],[10,22,2,18,6,14,16,24,23,4,12,20,11,8,7],[14,6,22,18,2,10,24,16,15,23],[6,14,2,18,22,10,16,24,23,4,12,20,15],[10,14,18,2,6,22,24,16,23,4,12,20,15],[10,6,18,14,2,22,16,24,23,4,12,20,15],[2,22,14,6,18,10,24,16,15,23],[6,22,18,2,10,14,16,24,15,23],[2,22,10,14,18,6,16,24,15,23],[22,14,2,18,10,6,16,24,23,4,12,20,15],[6,18,10,22,14,2,24,16,23,4,12,20,15],[18,22,10,14,6,2,24,16,23,4,12,20,11,8,15],[14,18,6,2,10,22,16,24,23,4,12,20,15],[14,18,2,6,22,10,16,24,15,23],[10,14,22,2,6,18,24,16,23,4,12,20,15],[18,14,6,22,10,2,16,24,15,23],[22,6,2,14,10,18,16,24,15,23],[10,22,6,2,14,18,16,24,23,4,12,20,11,8,15],[6,22,18,2,10,14,16,24,23,4,12,20,11,8,15],[18,10,6,2,22,14,24,16,23,4,12,20,15],[6,18,14,22,10,2,24,16,15,23],[6,14,10,18,22,2,16,24,15,23],[18,6,2,22,14,10,16,24,15,23],[10,22,6,18,14,2,24,16,23,4,12,20,15],[22,14,10,18,2,6,16,24,15,23],[22,18,6,14,2,10,24,16,23,4,12,20,11,8,7],[14,22,10,18,6,2,16,24,15,23],[2,18,14,10,6,22,24,16,23,4,12,20,11,8,7],[10,6,18,14,22,2,16,24,23,4,12,20,11,8,7],[14,22,6,2,10,18,24,16,15,23],[2,18,22,6,10,14,24,16,23,4,12,20,15],[10,22,2,14,6,18,24,16,15,23],[2,10,14,18,6,22,24,16,15,23],[18,22,10,14,6,2,16,24,23,4,12,20,15],[14,10,22,18,6,2,24,16,23,4,12,20,15],[22,2,10,14,6,18,24,16,15,23],[6,22,10,2,18,14,16,24,15,23],[10,22,14,18,2,6,24,16,15,23],[10,22,2,14,18,6,24,16,23,4,12,20,15],[14,6,2,22,10,18,16,24,23,4,12,20,15],[14,2,6,22,10,18,24,16,23,4,12,20,11,8,15],[2,22,18,6,14,10,16,24,23,4,12,20,11,8,15],[18,2,14,22,6,10,24,16,15,23],[14,2,10,6,18,22,24,16,23,4,12,20,11,8,15],[2,6,14,22,18,10,16,24,15,23],[10,2,6,14,18,22,24,16,23,4,12,20,15],[22,10,14,18,6,2,24,16,23,4,12,20,11,8,15],[18,2,14,10,6,22,16,24,15,23],[14,6,22,18,2,10,24,16,15,23],[10,22,18,2,6,14,24,16,23,4,12,20,11,8,15],[18,10,14,22,2,6,24,16,15,23],[2,10,22,6,18,14,16,24,15,23],[14,6,18,2,22,10,24,16,15,23],[14,18,22,2,6,10,24,16,15,23],[22,14,10,18,2,6,24,16,15,23],[2,14,18,22,10,6,24,16,15,23],[22,6,14,18,2,10,24,16,15,23],[10,2,6,18,14,22,16,24,15,23],[18,6,14,2,10,22,24,16,23,4,12,20,15],[22,10,18,2,6,14,16,24,15,23],[14,2,22,10,18,6,24,16,15,23],[14,18,2,6,10,22,16,24,23,4,12,20,15],[2,6,14,22,10,18,24,16,23,4,12,20,11,8,15],[18,14,22,2,10,6,16,24,23,4,12,20,11,8,15],[22,6,14,10,2,18,16,24,23,4,12,20,11,8,15],[2,18,22,10,14,6,16,24,15,23],[6,18,14,22,10,2,24,16,15,23],[6,10,2,22,18,14,24,16,23,4,12,20,15],[22,14,6,18,10,2,16,24,23,4,12,20,11,8,7],[14,18,22,10,6,2,16,24,15,23],[10,14,18,6,22,2,24,16,23,4,12,20,11,8,7],[10,2,22,14,6,18,24,16,15,23],[2,10,6,22,18,14,24,16,15,23],[14,18,10,2,6,22,16,24,23,4,12,20,15],[18,10,6,2,22,14,24,16,15,23],[10,2,22,18,6,14,16,24,23,4,12,20,15],[6,2,22,18,10,14,16,24,15,23],[14,2,22,10,18,6,16,24,23,4,12,20,15],[22,2,6,10,14,18,16,24,23,4,12,20,15],[22,2,18,6,14,10,24,16,23,4,12,20,11,8,15],[22,14,18,10,2,6,16,24,23,4,12,20,11,8,15],[22,2,18,14,6,10,16,24,15,23],[22,2,18,14,10,6,16,24,15,23],[22,6,2,18,10,14,24,16,15,23],[18,14,2,22,10,6,16,24,23,4,12,20,11,8,15],[18,14,22,2,10,6,24,16,23,4,12,20,15],[10,18,6,14,22,2,24,16,15,23],[2,10,22,6,14,18,24,16,23,4,12,20,15],[2,10,14,6,22,18,16,24,23,4,12,20,11,8,7],[2,10,14,18,22,6,24,16,15,23],[14,2,6,18,10,22,16,24,15,23],[2,10,18,22,6,14,16,24,15,23],[18,10,6,2,22,14,16,24,23,4,12,20,11,8,15],[18,14,6,22,10,2,16,24,23,4,12,20,15],[22,10,14,18,2,6,24,16,15,23],[18,6,2,22,10,14,16,24,15,23],[6,14,22,18,10,2,24,16,23,4,12,20,15],[6,10,2,14,22,18,24,16,15,23],[10,22,18,6,14,2,16,24,15,23],[6,2,18,14,10,22,24,16,15,23],[2,22,18,6,14,10,24,16,15,23],[2,10,6,14,18,22,16,24,15,23],[22,14,6,18,10,2,16,24,23,4,12,20,15],[2,14,18,10,6,22,16,24,15,23],[14,2,6,10,22,18,24,16,23,4,12,20,15],[14,10,2,6,18,22,24,16,23,4,12,20,15],[22,10,6,2,18,14,24,16,23,4,12,20,11,8,15],[22,10,6,14,18,2,16,24,15,23],[14,18,10,22,2,6,16,24,15,23],[14,6,22,2,18,10,24,16,23,4,12,20,11,8,15],[10,22,2,6,14,18,24,16,23,4,12,20,11,8,15],[10,2,18,22,14,6,16,24,23,4,12,20,15],[14,2,22,6,10,18,16,24,23,4,12,20,15],[18,6,14,10,22,2,16,24,15,23],[10,2,6,22,18,14,24,16,23,4,12,20,15],[22,14,18,10,6,2,16,24,15,23],[2,6,14,18,22,10,16,24,23,4,12,20,15],[22,2,14,6,10,18,16,24,23,4,12,20,15],[22,2,18,14,10,6,24,16,23,4,12,20,11,8,7],[18,6,2,10,14,22,24,16,23,4,12,20,15],[22,2,14,6,10,18,24,16,23,4,12,20,11,8,15],[2,6,22,10,18,14,24,16,23,4,12,20,11,8,15],[14,10,6,22,2,18,16,24,23,4,12,20,15],[2,22,14,6,10,18,24,16,15,23],[18,14,22,6,2,10,16,24,15,23],[10,6,22,14,18,2,24,16,15,23],[22,6,14,2,18,10,24,16,23,4,12,20,15],[2,22,18,10,14,6,16,24,15,23],[22,10,2,6,14,18,16,24,23,4,12,20,11,8,7],[18,14,2,10,6,22,16,24,23,4,12,20,11,8,7],[10,14,6,18,22,2,16,24,15,23],[6,18,22,2,10,14,24,16,23,4,12,20,15],[22,18,2,14,10,6,24,16,23,4,12,20,15],[6,14,18,22,2,10,16,24,15,23],[6,10,2,14,18,22,16,24,23,4,12,20,15],[2,6,14,10,18,22,24,16,23,4,12,20,15],[14,2,22,10,6,18,24,16,23,4,12,20,15],[10,14,18,6,2,22,24,16,23,4,12,20,11,8,7],[2,14,22,10,18,6,16,24,15,23],[2,14,10,6,22,18,16,24,15,23],[14,2,10,6,18,22,16,24,15,23],[18,22,6,10,14,2,24,16,15,23],[14,18,10,2,6,22,16,24,23,4,12,20,15],[14,6,10,18,2,22,16,24,15,23],[2,14,18,22,6,10,24,16,23,4,12,20,11,8,7],[14,22,2,18,6,10,24,16,23,4,12,20,15],[6,14,22,10,18,2,16,24,15,23],[2,10,14,18,6,22,16,24,15,23],[18,6,14,22,2,10,24,16,15,23],[6,18,22,14,10,2,24,16,15,23],[14,18,2,10,6,22,24,16,15,23],[2,6,10,22,18,14,16,24,15,23],[22,6,2,10,18,14,16,24,15,23],[18,2,6,14,22,10,16,24,15,23],[18,22,2,14,6,10,24,16,15,23],[22,6,14,10,18,2,24,16,15,23],[22,2,18,14,6,10,24,16,15,23],[10,18,22,2,14,6,16,24,23,4,12,20,11,8,15],[14,10,22,2,18,6,16,24,15,23],[2,22,6,10,18,14,24,16,15,23],[22,18,14,10,6,2,24,16,15,4,23],[6,18,2,22,10,14,16,24,15,23],[2,6,22,14,18,10,16,24,15,23],[6,22,10,14,18,2,24,16,15,23],[6,2,10,18,22,14,16,24,15,23],[2,18,22,14,10,6,16,24,15,23],[22,2,14,18,10,6,24,16,15,23],[10,6,22,14,18,2,16,24,23,4,12,20,11,8,7],[6,2,14,10,18,22,24,16,15,23],[18,10,6,2,22,14,16,24,23,4,12,20,15],[10,2,14,6,18,22,24,16,23,4,12,20,15],[2,14,22,6,10,18,24,16,15,23],[10,22,14,18,6,2,16,24,15,23],[22,10,6,14,2,18,24,16,23,4,12,20,11,8,15],[6,10,14,18,2,22,16,24,15,23],[22,2,14,10,6,18,16,24,23,4,12,20,11,8,7],[22,14,18,6,10,2,24,16,15,23],[6,2,14,10,18,22,24,16,15,23],[6,14,22,2,10,18,16,24,23,4,12,20,15],[10,2,22,6,18,14,24,16,23,4,12,20,11,8,7],[22,10,14,18,2,6,24,16,15,23],[6,22,14,2,18,10,16,24,23,4,12,20,11,8,7],[10,2,22,14,6,18,16,24,23,4,12,20,11,8,7],[14,22,6,10,18,2,16,24,15,23],[2,14,18,6,10,22,16,24,15,23],[2,6,10,22,18,14,16,24,15,23],[6,18,14,2,10,22,16,24,23,4,12,20,11,8,15],[10,6,14,22,2,18,16,24,23,4,12,20,15],[14,10,18,22,2,6,16,24,15,23],[2,14,18,10,22,6,16,24,23,4,12,20,15],[14,22,6,2,10,18,16,24,15,23],[22,10,18,14,6,2,16,24,15,23],[10,6,22,14,2,18,24,16,23,4,12,20,15],[6,14,18,10,2,22,16,24,23,4,12,20,15],[14,10,6,2,22,18,16,24,15,23],[6,22,10,2,18,14,24,16,23,4,12,20,11,8,15],[14,10,18,6,22,2,24,16,15,23],[22,18,2,10,14,6,24,16,23,4,12,20,15],[18,14,22,10,6,2,16,24,23,4,12,20,15],[6,2,10,18,14,22,24,16,23,4,12,20,15],[22,10,18,6,14,2,24,16,15,23],[10,14,18,22,6,2,16,24,23,4,12,20,15],[22,18,6,14,10,2,24,16,23,4,12,20,15],[6,2,14,18,22,10,24,16,23,4,12,20,11,8,7],[10,2,6,18,22,14,24,16,15,23],[18,14,6,2,22,10,16,24,23,4,12,20,11,8,7],[22,10,14,18,2,6,24,16,15,23],[14,6,22,18,10,2,16,24,15,23],[2,10,14,18,6,22,24,16,15,23],[22,6,14,2,18,10,24,16,15,4,23],[10,18,14,2,6,22,16,24,15,23],[22,6,14,10,2,18,16,24,15,23],[18,14,10,22,6,2,24,16,15,23],[10,14,2,18,22,6,16,24,15,23],[22,18,14,6,10,2,16,24,15,23],[2,18,22,6,10,14,24,16,23,4,12,20,15],[10,6,22,18,2,14,16,24,23,4,12,20,15],[18,10,2,22,14,6,16,24,15,23],[6,22,2,14,18,10,24,16,15,23],[14,2,10,6,18,22,24,16,23,4,12,20,15],[22,10,2,6,14,18,16,24,15,23],[6,22,18,14,2,10,24,16,15,23],[10,18,14,22,2,6,16,24,15,23],[6,10,22,14,18,2,16,24,23,4,12,20,15],[18,22,10,2,6,14,16,24,23,4,12,20,15],[22,6,18,2,10,14,24,16,23,4,12,20,11,8,7],[10,2,18,22,6,14,24,16,15,23],[22,6,14,10,18,2,16,24,23,4,12,20,11,8,15],[6,14,10,22,2,18,16,24,23,4,12,20,15],[2,6,10,14,22,18,24,16,15,23],[10,6,22,18,2,14,16,24,15,23],[22,14,18,2,6,10,16,24,15,23],[22,6,14,2,10,18,24,16,23,4,12,20,11,8,15],[18,6,22,2,10,14,16,24,15,23],[10,6,2,18,14,22,24,16,23,4,12,20,15],[18,10,2,6,22,14,24,16,15,23],[10,2,18,6,14,22,16,24,23,4,12,20,15],[22,18,10,6,14,2,16,24,23,4,12,20,15],[2,6,22,14,18,10,16,24,15,23],[2,6,22,18,14,10,24,16,15,23],[6,10,14,2,22,18,24,16,15,23],[14,6,22,2,10,18,16,24,15,23],[18,22,6,14,2,10,16,24,15,23],[6,18,22,2,14,10,16,24,23,4,12,20,11,8,15],[10,6,14,18,22,2,16,24,15,23],[14,6,18,2,10,22,24,16,15,23],[2,18,10,22,14,6,24,16,15,23],[22,2,18,6,10,14,16,24,15,23],[10,18,14,22,2,6,24,16,15,23],[10,18,14,22,6,2,16,24,15,23],[2,14,22,10,6,18,24,16,23,4,12,20,11,8,7],[6,2,18,14,10,22,24,16,23,4,12,20,15],[10,2,22,14,18,6,16,24,15,23],[14,2,18,6,22,10,16,24,15,23,4],[18,10,2,22,14,6,24,16,23,4,12,20,11,8,15],[6,10,22,18,14,2,16,24,23,4,12,20,11,8,7],[6,2,10,14,22,18,16,24,15,23],[18,10,22,6,14,2,16,24,23,4,12,20,11,8,7],[22,6,18,2,14,10,24,16,23,4,12,20,11,8,7],[6,10,22,14,2,18,16,24,15,23],[14,22,6,2,10,18,16,24,23,4,12,20,11,8,7],[14,2,18,6,10,22,24,16,15,23],[6,10,22,18,2,14,16,24,15,23],[22,2,18,14,6,10,24,16,15,23],[10,22,6,14,18,2,24,16,15,23],[18,2,10,6,14,22,24,16,15,23],[22,2,10,14,6,18,24,16,23,4,12,20,11,8,7],[2,18,14,6,10,22,16,24,23,4,12,20,11,8,7],[2,10,22,18,6,14,16,24,15,23],[14,20,2,10,6,22,16,24,15,23],[2,18,6,14,22,10,24,16,15,23],[18,6,2,22,10,14,16,24,23,4,12,20,11,8,7],[22,14,10,2,6,18,24,16,15,23],[18,2,10,6,14,22,16,24,23,4,12,20,11,8,15],[2,14,6,10,22,18,24,16,23,4,12,20,15],[2,6,22,14,18,10,24,16,15,23],[14,6,22,10,18,2,16,24,15,23],[14,6,10,22,2,18,16,24,15,23],[2,6,22,14,18,10,24,16,15,23],[18,10,6,2,14,22,24,16,23,4,12,20,15],[10,18,14,22,6,2,16,24,15,23],[22,14,2,10,18,6,16,24,23,4,12,20,15],[18,14,10,22,6,2,24,16,15,23],[2,14,6,10,18,22,24,16,23,4,12,20,11,8,15],[22,2,18,14,10,6,24,16,23,4,12,20,11,8,15],[10,6,14,18,22,2,24,16,23,4,12,20,15],[22,2,10,18,6,14,16,24,15,23],[2,10,14,18,22,6,24,16,23,4,12,20,11,8,7],[18,2,22,10,6,14,16,24,23,4,12,20,15],[22,2,6,14,18,10,16,24,23,4,12,20,11,8,15],[22,18,2,14,10,6,24,16,23,4,12,20,11,8,7],[6,18,2,10,14,22,16,24,23,4,12,20,11,8,15],[22,6,14,10,18,2,24,16,23,4,12,20,15],[6,22,18,2,10,14,16,24,15,23],[14,6,2,22,10,18,16,24,23,4,12,20,11,8,15],[14,2,18,22,10,6,16,24,15,23],[10,22,6,14,18,2,24,16,23,4,12,20,15],[6,10,2,18,22,14,24,16,23,4,12,20,11,8,15],[10,18,2,14,22,6,24,16,15,23],[2,14,10,6,22,18,16,24,15,23],[6,14,2,18,22,10,24,16,15,23],[22,2,6,18,14,10,24,16,15,23],[22,14,2,10,6,18,24,16,15,23],[22,2,6,14,10,18,24,16,15,23],[22,2,6,14,10,18,24,16,15,23],[10,2,14,18,22,6,16,24,23,4,12,20,11,8,15],[18,2,22,14,6,10,24,16,23,4,12,20,15],[2,10,6,14,18,22,16,24,15,23],[22,6,18,2,10,14,16,24,23,4,12,20,11,8,7],[18,22,2,6,10,14,24,16,15,23],[10,14,22,2,6,18,24,16,23,4,12,20,11,8,15],[10,6,18,14,2,22,24,16,23,4,12,20,15],[18,22,2,6,10,14,16,24,15,23],[2,22,10,14,18,6,16,24,23,4,12,20,11,8,7],[14,18,6,10,22,2,16,24,15,23],[18,2,22,6,14,10,16,24,23,4,12,20,11,8,15],[2,6,22,18,14,10,16,24,15,23],[22,18,10,6,2,14,24,16,15,23],[22,2,6,18,14,10,24,16,23,4,12,20,11,8,15],[2,22,14,10,6,18,16,24,23,4,12,20,15],[2,22,6,14,18,10,16,24,15,23],[22,14,10,18,6,2,24,16,23,4,12,20,15],[14,2,10,22,18,6,24,16,15,23],[10,18,14,6,22,2,16,24,15,23],[6,2,14,18,22,10,16,24,23,4,12,20,11,8,7],[2,18,10,6,14,22,16,24,15,23],[10,22,2,14,18,6,16,24,23,4,12,20,15],[10,14,18,2,6,22,16,24,15,23],[6,22,18,14,10,2,16,24,23,4,12,20,15],[22,2,6,18,14,10,24,16,15,23],[6,18,14,22,2,10,16,24,23,4,12,20,15],[22,18,6,10,2,14,24,16,23,4,12,20,15],[10,22,14,6,18,2,16,24,15,23],[2,18,22,14,10,6,16,24,23,4,12,20,15],[10,6,14,2,22,18,24,16,15,23],[10,2,22,18,14,6,24,16,23,4,12,20,15],[22,2,18,14,10,6,16,24,23,4,12,20,15],[2,22,6,10,14,18,16,24,23,4,12,20,11,8,7],[18,6,14,10,2,22,16,24,15,23],[18,22,10,14,6,2,16,24,23,4,12,20,15],[22,2,14,10,18,6,24,16,15,23],[6,10,22,2,14,18,24,16,15,23],[22,6,10,18,2,14,16,24,15,23],[6,10,14,2,22,18,16,24,23,4,12,20,15],[2,10,22,14,6,18,24,16,23,4,12,20,11,8,7],[2,22,6,14,18,10,16,24,15,23],[14,18,22,2,10,6,16,24,15,23],[18,6,22,10,14,2,24,16,23,4,12,20,15],[18,22,6,2,10,14,16,24,15,23],[22,10,18,2,6,14,24,16,23,4,12,20,15],[18,6,2,14,10,22,24,16,15,23],[14,22,18,6,10,2,16,24,15,23],[22,14,6,10,18,2,16,24,23,4,12,20,15],[18,14,10,6,22,2,16,24,15,23],[22,6,14,18,10,2,24,16,23,4,12,20,15],[2,22,6,10,14,18,24,16,15,23],[22,6,18,2,10,14,24,16,23,4,12,20,15],[22,10,2,14,6,18,24,16,15,23],[18,22,14,2,10,6,24,16,23,4,12,20,15],[22,2,14,18,10,6,24,16,23,4,12,20,11,8,7],[22,18,10,14,2,6,24,16,15,23],[2,6,22,14,10,18,24,16,23,4,12,20,15],[10,22,18,14,2,6,24,16,23,4,12,20,15],[18,14,22,6,2,10,24,16,15,23],[10,14,22,6,2,18,24,16,23,4,12,20,15],[2,10,6,18,22,14,24,16,23,4,12,20,15],[10,6,2,22,18,14,16,24,15,23],[14,22,6,2,10,18,24,16,15,23],[10,18,6,14,22,2,24,16,23,4,12,20,11,8,15],[22,2,14,10,18,6,16,24,15,23],[6,22,2,10,14,18,24,16,15,23],[22,10,2,18,14,6,16,24,23,4,12,20,11,8,15],[18,22,10,14,2,6,24,16,15,23],[2,22,14,6,10,18,16,24,15,23],[6,22,2,14,18,10,16,24,23,4,12,20,15],[6,18,10,14,2,22,24,16,15,23],[6,18,14,2,10,22,24,16,23,4,12,20,15],[22,18,10,2,14,6,16,24,23,4,12,20,11,8,7],[2,6,22,10,18,14,16,24,15,23],[18,10,22,2,6,14,24,16,15,23],[22,14,6,2,18,10,24,16,23,4,12,20,11,8,7],[6,10,14,18,22,2,24,16,23,4,12,20,11,8,7],[2,22,10,14,6,18,24,16,23,4,12,20,15],[22,10,18,14,2,6,16,24,15,23],[22,2,18,14,10,6,16,24,15,23],[2,22,14,6,18,10,16,24,15,23],[14,2,10,18,22,6,24,16,15,23],[14,22,18,6,2,10,24,16,15,23],[10,22,18,6,14,2,24,16,15,23],[14,6,22,18,10,2,24,16,23,4,12,20,15],[2,6,22,14,18,10,16,24,23,4,12,20,11,8,15],[22,6,14,10,2,18,24,16,23,4,12,20,15],[18,22,10,6,2,14,16,24,23,4,12,20,11,8,15],[22,18,14,10,6,2,16,24,15,23],[14,10,2,6,22,18,24,16,23,4,12,20,15],[2,18,6,14,22,10,16,24,15,23],[14,2,10,18,22,6,24,16,23,4,12,20,11,8,7],[18,10,14,22,2,6,16,24,15,23],[22,10,14,18,6,2,16,24,23,4,12,20,15],[18,2,22,10,6,14,24,16,15,23],[2,18,22,14,6,10,16,24,15,23],[2,18,22,10,6,14,16,24,15,23],[22,18,6,2,14,10,16,24,15,23],[18,2,22,6,14,10,24,16,15,23],[2,14,6,22,10,18,24,16,15,23],[6,14,18,22,10,2,16,24,15,23],[10,14,22,18,2,6,16,24,15,23],[10,14,6,2,18,22,16,24,15,23],[6,14,18,22,10,2,16,24,23,4,12,20,11,8,7],[2,18,6,14,22,10,16,24,23,4,12,20,11,8,15],[14,22,10,18,6,2,24,16,23,4,12,20,11,8,15],[6,14,2,10,18,22,24,16,15,23],[10,18,22,6,2,14,16,24,15,23],[22,14,18,10,2,6,24,16,23,4,12,20,15],[10,22,18,2,14,6,24,16,15,23],[10,2,14,18,6,22,24,16,15,23],[14,6,2,10,18,22,16,24,15,23],[10,22,6,14,18,2,24,16,23,4,12,20,11,8,15],[22,10,2,18,14,6,16,24,15,23],[18,2,10,14,6,22,16,24,15,23],[22,10,14,2,18,6,16,24,23,4,12,20,15],[2,14,22,18,6,10,16,24,15,23],[18,10,6,2,14,22,24,16,15,23],[2,22,10,14,18,6,24,16,23,4,12,20,15],[18,14,10,2,6,22,16,24,15,23],[10,18,22,14,6,2,16,24,23,4,12,20,15],[14,6,22,18,2,10,24,16,23,4,12,20,11,8,15],[2,10,18,6,22,14,16,24,15,23],[18,22,14,2,6,10,24,16,23,4,12,20,11,8,7],[6,18,10,22,14,2,16,24,23,4,12,20,11,8,7],[10,22,2,6,18,14,24,16,23,4,12,20,15]],"n_human":11}