{"problem_id":"22uwHwpsBfJlOhJ","sigma":75,"alpha":0.100,"cost":0,"probabilities":"[0.11, 0.79, 0.06, 0.04]","payoff_matrix":"[[-41, -53, -34, -103, 88, -115], [-63, 51, -33, 89, -14, -98], [-27, 143, 24, 82, 17, -106], [-3, 19, 19, 26, -17, -97]]","uncovered":[[22,14,6,18,10,2,24],[6,14,10,2,22,18],[22,14,6,18,2,10,17],[22,2,10,18,14,6,4,17],[18,2,6,10,14,22,11,15],[18,14,2,22,10,6],[18,2,22,10,6,14],[6,2,14,18,22,10,15],[22,2,18,10,14,6],[10,2,22,6,14,18,9],[22,10,6,2,14,18],[10,14,6,2,18,22],[18,14,22,10,6,2,5],[6,14,18,2,10,22,12,5],[14,6,18,22,10,2],[14,2,22,10,18,6],[22,6,18,14,10,2],[18,6,14,10,2,22],[14,10,22,6,18,2,20],[6,22,14,10,18,2],[22,18,14,6,10,2],[14,10,22,2,6,18,7,8,13,5,19],[18,22,10,2,14,6,19],[14,22,6,10,18,2],[22,10,18,2,6,14],[22,14,6,18,2,10],[22,10,6,14,18,2],[14,2,10,6,22,18,21],[10,2,22,14,6,18],[10,18,14,22,6,2],[18,10,22,6,2,14],[22,10,6,14,18,2,17,16,19],[6,10,22,18,2,14],[22,18,14,2,10,6],[10,18,22,2,6,14],[2,6,18,10,22,14,8],[10,2,14,22,6,18],[10,6,14,22,2,18],[10,2,22,14,6,18],[22,6,18,10,2,14],[14,2,6,22,18,10],[14,6,10,22,18,2,16],[14,10,6,18,22,2],[14,6,10,2,22,18],[18,10,22,14,2,6],[14,2,18,22,10,6],[14,22,18,10,6,2,20,7,13,5],[10,6,22,2,18,14],[14,6,22,10,18,2],[2,18,6,22,14,10,20,19],[10,6,14,18,22,2],[14,22,10,18,6,2],[22,2,18,6,10,14,9,19],[6,2,14,18,22,10,8,9],[6,2,14,22,10,18,8],[22,6,2,18,10,14],[14,10,22,18,6,2],[14,10,6,18,2,22],[6,22,10,2,18,14,12,3],[6,18,2,10,14,22],[10,6,14,22,2,18],[18,14,2,10,22,6],[2,6,14,10,18,22],[2,10,14,6,18,22],[6,2,18,14,10,22,4],[22,14,6,18,10,2],[18,14,10,6,22,2,17],[10,6,14,2,18,22],[18,6,2,10,14,22,24],[2,18,6,22,14,10,15],[6,14,18,22,10,2],[10,14,2,6,18,22],[2,14,6,18,22,10],[2,22,14,10,18,6,16],[2,14,10,6,18,22],[14,2,10,18,6,22],[22,6,2,18,14,10,17,5],[22,2,14,18,10,6],[10,6,22,18,2,14,9],[2,14,10,6,22,18],[14,6,2,10,22,18,24],[14,6,10,2,22,18,21],[22,2,10,18,6,14],[14,22,18,6,10,2],[6,2,10,22,18,14],[2,10,14,6,18,22],[22,18,10,14,2,6,13,8,5],[10,18,22,6,2,14],[22,14,18,6,2,10],[18,6,10,22,14,2,23],[14,10,18,6,22,2],[14,10,22,18,2,6],[10,14,2,22,18,6],[10,6,22,18,2,14],[18,14,2,22,6,10,7,13,5],[22,6,10,14,18,2],[22,10,6,18,14,2],[18,6,10,22,14,2],[18,6,2,10,22,14],[22,6,14,18,10,2,7,15],[14,2,18,22,10,6],[18,14,6,22,2,10,20],[6,2,22,18,10,14,20],[18,10,6,2,14,22,20],[22,6,14,2,10,18],[22,14,10,18,6,2],[2,14,10,6,18,22,3],[2,22,10,18,14,6],[18,6,2,10,14,22],[6,14,10,2,22,18],[10,6,14,22,18,2],[10,18,6,22,14,2],[14,6,18,22,2,10,20],[14,22,2,6,10,18,13,5],[18,10,14,22,6,2,16],[18,6,10,14,22,2],[6,2,10,14,22,18],[18,6,14,22,10,2],[22,6,14,10,18,2],[10,22,6,2,14,18],[6,2,22,10,14,18],[10,18,14,2,22,6],[6,22,2,10,18,14],[2,22,18,10,14,6],[18,14,10,2,22,6,8,16],[22,6,18,2,10,14,19],[22,2,14,6,18,10,13,7,5],[22,6,10,18,2,14],[6,14,18,10,2,22],[18,22,14,2,10,6],[22,18,14,2,10,6,15,21],[10,18,14,22,6,2],[10,14,2,18,6,22],[14,10,22,2,18,6],[14,2,22,18,10,6],[10,22,14,2,18,6,19],[2,22,18,14,10,6],[14,22,2,6,10,18,15],[18,6,10,2,22,14],[22,10,14,2,18,6,23],[18,6,10,22,14,2],[18,10,6,2,22,14],[2,14,18,22,10,6],[14,2,10,6,22,18,15],[18,2,6,10,14,22],[2,22,18,14,10,6],[14,22,18,10,2,6],[10,6,18,14,2,22,5],[6,22,18,10,14,2,21],[22,18,10,2,14,6,3],[18,22,14,6,2,10],[22,18,14,2,10,6],[22,18,14,6,2,10],[22,2,6,18,10,14,12],[2,6,14,18,10,22],[2,10,6,14,18,22],[18,6,14,10,2,22],[22,10,2,6,18,14],[2,10,18,14,22,6,17,3,5],[14,6,10,2,18,22],[22,6,18,2,10,14],[18,2,10,14,22,6],[10,6,22,18,14,2,11],[10,18,2,14,22,6],[2,18,22,14,10,6],[2,22,10,18,14,6],[22,6,18,14,2,10],[18,2,6,14,10,22],[18,10,6,22,14,2,21,20,7,13,5],[6,10,14,22,2,18],[2,10,22,6,14,18,20],[10,2,22,14,18,6],[14,6,10,18,2,22,17],[2,18,14,6,10,22],[22,14,6,2,18,10],[6,10,14,2,18,22],[14,18,6,2,10,22,1],[6,2,18,22,14,10,9,21],[22,2,10,18,14,6],[14,10,6,22,18,2],[10,6,2,22,14,18],[6,2,18,14,10,22,11],[10,6,18,22,14,2],[10,18,14,22,2,6,17,3],[6,18,22,10,14,2],[18,2,22,10,6,14],[10,14,6,18,22,2],[6,14,2,18,22,10],[18,10,6,2,22,14],[6,18,10,14,22,2],[14,2,22,6,10,18],[18,14,6,2,10,22,3],[14,2,22,6,18,10,24,3,21,16],[14,6,2,10,22,18],[18,14,22,10,2,6],[2,6,18,14,22,10,19],[2,18,10,22,14,6,8,11,24,15],[22,10,2,14,6,18],[2,14,6,18,10,22],[2,6,22,10,18,14],[18,22,6,10,14,2],[22,14,10,18,6,2],[22,6,2,10,18,14,16],[18,2,14,22,6,10],[2,6,14,22,18,10],[14,18,2,22,10,6,16],[22,10,6,18,2,14,9,11],[14,6,10,2,22,18,4],[18,10,2,6,22,14],[2,18,14,22,6,10],[22,10,6,14,18,2],[14,22,2,10,18,6],[18,14,10,2,6,22],[6,22,10,14,18,2],[22,18,14,2,6,10],[22,6,2,14,18,10,19,20],[2,22,14,10,6,18],[6,18,14,10,22,2],[14,2,18,22,10,6],[6,22,2,14,18,10,20,19,15],[22,10,18,2,14,6],[22,10,14,18,2,6],[6,22,14,18,2,10],[6,22,18,14,2,10,9],[6,18,2,22,14,10],[22,18,2,10,6,14],[6,22,14,2,18,10,17,16],[10,14,18,22,2,6,17],[22,18,14,2,6,10],[18,22,10,2,14,6],[6,14,2,10,22,18,5,19],[14,10,6,22,2,18],[10,22,18,2,6,14],[22,6,10,18,14,2],[10,18,6,2,14,22,16],[6,14,18,22,2,10],[18,6,2,10,22,14],[6,22,2,18,10,14],[18,14,22,6,2,10],[22,10,6,14,18,2],[2,14,10,6,18,22,3,5],[18,22,10,2,14,6],[18,22,10,6,2,14],[2,14,22,6,18,10],[10,2,22,18,14,6],[10,6,2,18,22,14],[18,2,10,14,6,22,12],[18,14,2,6,22,10,5],[2,6,14,22,10,18,8,24,4,17],[22,14,2,18,10,6],[2,22,10,14,6,18],[14,22,10,18,2,6,15],[22,2,18,6,10,14,15],[22,2,10,18,14,6,5],[10,22,2,6,14,18,7,16,13,5],[10,14,6,22,2,18],[6,18,2,10,22,14],[10,14,6,2,22,18,16],[2,18,14,6,22,10],[2,10,18,14,6,22],[14,18,2,10,22,6],[18,2,14,6,22,10],[10,22,2,14,18,6,11],[10,2,22,14,6,18,4,20,15],[10,14,22,2,18,6],[18,2,14,6,10,22,4],[2,6,18,14,22,10],[18,6,14,2,10,22],[14,10,18,22,2,6],[18,14,6,22,2,10],[2,18,22,6,14,10],[2,14,18,22,6,10,7,15],[22,10,2,18,14,6],[14,6,22,2,10,18],[6,2,10,22,14,18],[6,22,14,10,18,2],[14,22,2,10,18,6,24],[6,2,10,22,14,18],[2,14,18,6,10,22,16],[10,22,6,18,14,2],[2,18,22,10,14,6,9],[18,14,6,2,10,22,5],[2,22,18,14,6,10],[2,22,18,10,6,14,13,7,5],[10,2,22,6,18,14],[6,22,14,18,2,10,17],[18,10,2,14,6,22,5],[18,14,10,22,2,6],[22,14,2,18,6,10],[14,18,2,6,10,22],[10,22,6,2,18,14,4],[18,2,14,6,10,22,5,9],[22,10,6,2,18,14,23],[6,10,14,22,18,2,23,15,3],[18,14,6,10,2,22],[14,10,22,2,6,18,4],[10,6,18,2,22,14,9,11],[22,6,14,10,2,18,20],[14,22,18,6,2,10],[18,2,6,14,10,22],[18,22,14,6,10,2,11,3,12],[14,18,10,6,22,2,9,16,20],[14,2,10,18,6,22],[6,18,2,10,22,14],[22,2,14,10,6,18,11],[14,18,10,2,22,6],[18,6,22,10,14,2],[6,2,10,22,14,18,13,5],[6,18,22,2,14,10],[22,6,10,2,18,14],[22,6,2,10,18,14,21],[14,18,10,2,22,6,19,23],[14,18,10,2,22,6],[2,14,6,10,22,18],[2,6,18,14,10,22],[14,22,18,10,6,2],[6,18,2,10,14,22],[2,10,6,14,18,22],[6,10,2,22,18,14,7,8,13,5,15],[18,14,10,22,2,6],[22,6,10,14,18,2],[18,6,10,14,22,2,7,5],[10,6,2,18,14,22],[22,2,18,6,14,10],[18,22,14,2,10,6],[18,6,2,10,22,14],[22,18,6,10,14,2],[10,2,6,22,14,18],[22,10,6,18,2,14],[18,22,2,6,14,10],[2,22,14,6,10,18],[22,10,2,6,14,18],[22,2,14,10,18,6,23],[14,22,6,10,2,18],[6,22,10,14,2,18,5],[22,14,6,2,10,18],[10,6,2,18,22,14],[18,22,6,10,2,14,19],[10,6,2,18,22,14],[10,18,14,22,6,2],[22,18,6,10,2,14,5],[14,6,18,22,10,2,1,19],[18,22,2,10,6,14],[2,18,10,6,22,14],[2,6,22,18,10,14,19],[14,18,2,10,22,6],[14,22,10,18,2,6],[10,22,18,14,2,6,1],[10,22,6,2,14,18],[10,2,22,6,14,18],[14,2,22,18,10,6,11],[6,18,2,14,22,10],[18,14,10,6,2,22],[6,22,18,10,14,2,11,17],[22,10,6,18,14,2,23,20],[6,10,2,18,14,22],[18,6,22,2,10,14,8],[6,10,18,14,2,22],[2,6,22,14,18,10,17],[10,18,22,2,6,14,19,11],[14,22,18,6,10,2],[10,14,18,2,6,22,4],[2,14,10,6,18,22,24],[22,18,14,2,6,10],[18,2,22,14,10,6,19],[10,14,2,18,22,6,15],[6,22,14,10,2,18,24],[18,10,2,14,22,6],[2,18,10,14,6,22],[14,6,10,18,2,22],[22,2,6,18,10,14,5],[10,6,14,2,18,22,9],[10,22,6,2,18,14],[10,2,6,22,14,18,24],[6,14,22,10,18,2,20],[10,22,14,2,18,6],[10,6,14,2,18,22,20],[14,22,6,2,10,18],[14,2,22,6,18,10],[14,10,2,22,6,18,5],[2,22,6,10,14,18],[10,18,14,2,22,6,12,21],[14,2,18,10,22,6],[10,6,2,14,18,22,7,16,13,5],[14,2,6,18,22,10,8],[22,6,10,2,14,18,13,7,5,12],[2,22,14,18,6,10],[10,14,22,6,2,18],[2,14,6,18,10,22],[18,14,6,2,10,22],[18,22,6,2,10,14],[2,10,14,22,6,18,4],[2,14,22,10,18,6],[14,22,10,2,6,18],[6,10,22,18,2,14],[22,10,14,2,18,6,9,13,5],[2,18,14,6,22,10],[14,6,2,22,18,10,3],[10,6,2,14,22,18,23,4],[18,10,2,14,22,6,20],[10,14,22,18,2,6,23,11],[6,2,18,14,22,10,5],[22,14,6,10,2,18,11],[22,18,6,2,10,14],[6,22,14,2,18,10,19],[6,10,2,22,14,18,20],[14,18,22,10,2,6,24],[18,14,6,22,10,2,17],[10,18,14,22,2,6,4,16],[6,18,10,2,22,14,17],[6,14,22,18,10,2],[22,18,6,10,14,2],[14,22,2,6,10,18,11],[2,10,6,14,18,22,3],[14,10,6,2,22,18],[14,6,18,2,10,22],[22,10,18,6,2,14,20],[22,14,10,2,6,18,24],[6,18,22,14,2,10,5],[2,6,14,10,22,18],[6,2,18,10,14,22,11,3,23],[10,2,14,18,6,22],[2,6,10,18,22,14],[22,2,10,14,6,18,13,8,7,5],[10,6,14,2,22,18],[14,22,2,10,18,6],[22,14,18,2,6,10],[22,2,14,6,10,18,1,5],[10,6,18,14,2,22,9],[18,2,14,22,10,6],[14,2,18,22,10,6],[2,6,22,14,18,10],[10,6,22,18,14,2,1,23],[2,6,22,18,10,14,9],[18,14,22,10,6,2],[6,22,14,2,18,10],[6,10,14,18,2,22,16],[14,10,22,18,6,2],[18,2,22,10,14,6],[14,10,22,18,6,2,20],[10,6,14,22,2,18],[10,22,18,6,2,14,13,8,7,5],[6,22,18,10,2,14],[2,22,10,14,18,6,12],[10,22,2,6,14,18,13,5],[22,2,18,14,10,6,8],[14,18,10,2,6,22],[2,14,10,18,22,6,3,5],[22,10,18,14,6,2],[2,22,6,18,14,10,9,4],[6,2,22,14,18,10],[10,6,22,2,18,14,7,8,5,19],[22,14,6,18,10,2],[2,6,18,22,14,10],[6,14,18,22,2,10,4,23,17,16],[6,2,18,14,10,22],[10,6,2,14,22,18],[22,2,18,14,10,6],[14,10,6,18,22,2],[18,10,6,14,22,2,7,17,13,5],[14,2,22,18,10,6],[10,22,14,6,2,18],[6,22,14,2,10,18],[18,10,2,6,22,14],[22,2,10,6,14,18,17,7,19,15],[2,10,22,18,14,6],[18,14,10,22,6,2],[14,6,22,10,18,2],[22,18,10,2,6,14],[18,14,22,2,10,6,3,7,15,9],[10,2,6,14,18,22],[18,14,2,10,22,6],[18,2,6,22,14,10],[14,2,6,10,18,22,23],[2,14,18,10,22,6,20,13,5],[2,10,22,14,6,18],[6,14,22,10,2,18],[10,18,14,6,22,2],[10,2,22,18,14,6],[22,18,2,6,10,14],[14,2,10,22,18,6],[10,22,2,6,18,14,7,16,5],[6,2,14,10,22,18],[10,18,6,2,14,22],[14,18,6,10,2,22],[2,6,14,10,18,22],[18,10,6,2,14,22,9],[2,18,6,10,14,22,11],[18,2,6,22,14,10,1,7,16,9,24,8,13,5,3],[2,14,22,18,6,10],[6,22,10,18,2,14,15],[14,18,2,10,6,22,1],[14,22,10,18,6,2],[22,6,18,14,10,2],[14,18,22,6,2,10],[2,14,18,6,10,22,13,8,7,5],[18,22,2,14,6,10,17,9,11,21],[6,10,18,14,22,2],[22,2,6,10,14,18],[22,2,10,6,18,14,9,16],[10,2,14,6,22,18],[2,14,18,6,10,22,24],[18,10,14,2,6,22],[6,10,2,14,22,18],[14,10,22,2,6,18],[14,10,2,22,18,6],[2,10,14,18,22,6,21,15],[18,10,14,22,6,2],[18,2,6,22,10,14,17],[6,14,22,18,10,2],[2,18,6,22,10,14,19],[18,6,10,22,14,2],[2,6,14,22,10,18,19],[10,22,14,6,2,18],[18,6,2,14,10,22,20],[10,6,2,22,18,14],[2,22,18,10,14,6],[2,10,18,22,6,14,24],[10,22,6,14,18,2],[14,22,2,6,18,10],[14,18,6,22,10,2],[2,22,18,6,14,10],[14,22,6,10,18,2],[22,6,14,18,2,10],[14,18,6,22,10,2],[18,2,22,14,6,10,21],[18,14,10,6,2,22],[14,10,2,22,6,18,17,15],[10,14,22,6,18,2],[14,2,10,22,18,6],[18,6,22,14,10,2],[10,22,6,2,18,14,15],[6,22,2,10,18,14,5],[2,6,14,10,22,18,15],[10,2,18,22,6,14,23,24,11],[10,6,14,22,2,18],[22,18,2,6,10,14,9,21],[18,22,6,10,2,14,7,15],[6,2,22,18,14,10],[22,2,6,14,18,10],[22,6,18,10,14,2,24],[10,6,14,2,22,18],[14,6,10,22,18,2],[10,6,14,18,22,2],[18,22,14,2,6,10],[18,22,10,6,2,14,11,20],[22,2,10,14,18,6],[22,10,2,18,14,6,11],[18,6,14,22,2,10],[22,14,18,6,10,2,24],[6,2,14,10,18,22,17,23,11],[2,18,10,6,14,22,16],[6,22,18,2,10,14,9],[6,22,14,10,2,18],[2,18,10,6,22,14],[6,22,2,14,10,18],[10,2,14,22,6,18,19],[6,10,2,14,22,18],[14,10,2,22,18,6,1,3],[10,6,22,14,18,2],[22,2,14,18,10,6],[2,22,14,10,18,6],[22,6,18,10,14,2],[22,18,6,2,10,14],[10,22,18,6,14,2],[2,14,10,18,22,6],[10,14,18,6,2,22,23],[6,18,10,14,22,2],[18,10,14,6,22,2],[6,18,10,14,22,2,5],[14,6,2,18,10,22],[22,14,2,10,18,6],[22,2,6,10,18,14],[14,10,22,18,6,2,13,7,5],[2,14,10,22,18,6,16,17],[10,18,22,6,14,2,9,1],[2,6,14,22,10,18],[10,14,2,18,6,22],[2,14,22,18,6,10,13,5],[10,22,2,14,18,6,9],[14,2,18,10,22,6,4],[22,14,6,10,18,2,11,8],[18,14,6,10,22,2],[6,18,10,2,22,14],[2,14,10,22,6,18,5],[22,6,14,2,10,18,11],[14,2,22,18,10,6],[14,22,2,6,10,18,3,17],[6,10,2,14,22,18],[18,2,22,10,6,14],[10,18,6,14,22,2,20],[10,6,18,22,14,2,19],[2,10,14,18,6,22],[14,18,22,2,10,6],[2,22,18,10,14,6,19],[22,10,14,18,6,2],[2,18,22,14,10,6],[18,6,14,10,22,2],[22,6,18,10,2,14],[22,14,10,2,18,6],[10,18,6,2,14,22],[10,14,2,6,18,22,24],[18,6,2,10,22,14],[10,14,18,22,2,6,8],[6,10,18,22,14,2,16],[2,10,18,22,14,6],[14,18,2,10,6,22],[18,10,2,6,14,22],[14,18,6,22,10,2],[14,6,10,18,2,22],[2,22,14,18,6,10,23],[22,14,6,10,18,2],[18,6,10,22,2,14],[18,14,10,6,22,2,21],[10,2,6,18,14,22,8,1],[22,6,18,2,14,10],[14,6,22,18,2,10],[10,6,14,18,22,2],[2,22,6,18,14,10],[6,22,18,14,2,10],[22,6,18,14,2,10,9],[6,22,2,10,14,18,23],[18,6,2,22,14,10],[10,22,2,14,6,18],[18,10,22,14,2,6,13,7,5],[10,22,14,6,18,2,24,15],[6,14,18,10,22,2],[10,6,18,22,2,14,1],[10,6,2,22,14,18,17,21,9],[2,22,6,18,10,14],[14,2,22,6,18,10],[6,14,22,10,18,2,24,13,8,5,3],[2,22,10,18,6,14],[14,2,6,18,22,10],[10,22,2,18,14,6,23],[14,18,22,10,2,6,11],[10,18,14,22,2,6,24],[14,10,6,18,22,2],[22,6,10,18,2,14,20],[22,2,6,18,10,14],[10,2,22,18,14,6],[10,18,2,14,6,22],[18,10,22,6,2,14],[2,10,14,18,22,6],[10,2,22,18,6,14,9],[6,22,14,10,2,18],[10,6,2,18,22,14,5],[10,22,6,18,14,2],[10,22,6,14,2,18],[18,22,2,14,6,10,21,5],[14,6,22,2,18,10],[22,10,18,2,6,14],[10,6,14,2,18,22],[18,22,6,10,14,2],[10,6,14,22,2,18],[22,6,14,2,18,10],[2,10,6,22,18,14,23],[2,22,6,18,10,14],[2,6,22,10,18,14,9],[18,6,22,2,10,14,17,15],[18,10,22,14,2,6],[14,10,18,6,22,2,23,19],[22,2,14,18,10,6],[10,14,18,2,6,22,1],[22,2,6,14,10,18],[14,10,2,18,22,6,16,4],[10,14,22,6,2,18],[18,6,10,2,14,22],[14,2,18,6,10,22],[6,14,22,18,10,2,9,8],[10,18,2,6,14,22,21,19],[2,10,6,14,18,22],[10,2,18,14,22,6],[22,10,14,18,2,6],[22,2,6,14,18,10,1,13,7,5],[18,2,14,10,6,22],[10,2,18,6,14,22],[14,6,22,2,18,10],[10,14,22,18,6,2,11],[2,6,14,22,10,18,16,11,21],[6,14,18,2,10,22],[18,10,2,22,6,14],[14,18,2,10,6,22],[18,22,10,2,14,6,3],[22,6,18,10,14,2],[6,22,10,18,2,14,7,13,5],[2,18,22,6,14,10],[2,14,6,10,22,18],[14,6,2,10,22,18],[18,22,10,6,14,2,12],[6,18,2,14,22,10],[6,14,18,2,22,10],[18,14,10,22,6,2],[14,10,6,22,2,18],[22,14,18,6,10,2,23,11,16,13,5],[6,2,22,10,14,18],[10,22,18,2,6,14],[14,18,2,6,10,22,9,13,8,5],[14,6,2,10,22,18,4,24],[14,22,10,6,18,2],[10,6,2,22,18,14,19],[2,14,18,6,10,22,4,11],[6,22,18,14,2,10],[22,10,2,18,14,6],[18,2,14,22,6,10],[2,10,14,6,18,22],[14,22,2,18,10,6,15],[10,14,18,6,2,22,9],[6,2,14,22,10,18],[10,2,18,14,6,22],[22,14,6,18,2,10,13,5],[6,18,10,2,22,14],[14,22,18,10,6,2,5,11],[2,10,18,14,6,22],[10,6,2,14,18,22],[18,6,2,14,10,22],[22,18,6,14,10,2],[22,6,14,18,2,10,21,15],[2,14,22,6,18,10],[22,14,18,10,2,6],[2,22,14,18,10,6,5],[2,6,22,14,10,18],[22,10,18,2,6,14],[18,22,14,6,10,2,16,23],[10,18,6,22,2,14],[18,10,2,22,6,14],[14,2,22,18,6,10],[22,14,6,18,10,2,12],[14,18,22,2,6,10],[10,18,14,6,2,22,24,7,15],[2,10,18,14,22,6,1,20],[18,6,10,14,22,2,7,16],[18,2,6,14,22,10],[2,18,22,14,10,6],[10,18,6,14,22,2],[14,2,10,6,18,22],[6,22,2,10,14,18],[2,22,18,14,6,10],[10,18,14,2,6,22,12],[22,2,6,10,18,14],[18,22,6,2,14,10],[2,6,10,14,18,22],[6,10,22,18,2,14],[10,18,6,22,14,2],[10,6,14,2,22,18],[10,18,14,22,6,2],[10,6,14,22,2,18],[2,10,18,22,6,14],[2,6,14,18,22,10,7,13,5],[10,22,2,6,18,14,23],[10,6,2,18,22,14],[6,14,2,10,18,22,8,21],[2,14,22,10,18,6,24,15,12],[18,14,22,6,2,10],[6,10,14,22,18,2],[22,10,6,2,18,14],[18,22,6,2,14,10],[10,18,22,6,2,14],[18,14,6,10,2,22],[18,14,10,22,2,6,5],[22,14,2,6,18,10],[22,18,2,6,10,14,3],[18,6,10,14,2,22,4],[6,10,14,2,18,22,24],[22,14,6,2,18,10],[10,14,6,2,22,18],[10,14,22,18,6,2],[2,6,10,14,18,22,21],[10,22,14,6,18,2],[18,14,2,6,10,22,1,5],[22,14,2,18,6,10,5,8],[18,10,14,22,6,2],[14,6,2,22,10,18],[18,10,22,6,2,14],[18,22,2,6,10,14],[22,6,18,2,14,10],[6,14,22,10,2,18,21],[18,14,2,6,22,10],[2,10,14,18,22,6,19],[22,18,2,10,14,6,13,5],[10,6,2,14,18,22],[14,10,22,2,18,6],[22,14,6,2,10,18],[6,10,18,2,22,14,15],[14,6,10,22,2,18,5],[10,14,18,22,6,2],[18,6,10,2,14,22,15,11],[10,6,14,18,22,2],[14,6,18,10,22,2,1],[10,2,14,22,18,6,24],[22,18,14,10,2,6,17],[22,18,14,2,6,10],[2,6,22,10,14,18],[22,6,14,10,18,2,24,5],[10,18,22,2,14,6],[18,2,14,6,22,10,7,4,3,13,5],[10,18,6,2,14,22,23],[2,14,10,18,6,22],[10,18,22,14,2,6],[2,18,10,6,14,22],[22,2,6,18,14,10],[22,14,10,6,18,2],[14,18,6,10,22,2],[14,6,2,22,10,18,23],[10,22,2,14,6,18],[18,6,22,10,2,14,23],[18,22,14,2,10,6],[22,10,14,6,2,18],[2,6,22,18,14,10],[10,14,22,18,6,2,8],[18,10,6,14,22,2,4,23,11,16],[6,22,2,18,10,14],[6,18,22,10,14,2],[18,2,10,6,14,22],[14,18,22,10,2,6],[2,10,14,18,6,22,17],[2,14,18,10,6,22],[6,14,2,22,10,18],[14,22,18,10,2,6],[2,6,14,22,18,10],[22,14,6,10,2,18,15],[2,10,18,6,14,22,24],[14,18,22,10,2,6],[6,10,14,2,22,18],[22,14,6,10,18,2,9,5],[6,10,18,2,14,22],[18,2,22,10,6,14],[2,10,22,14,6,18,7,15],[22,18,2,10,14,6],[6,14,18,10,2,22],[22,2,6,14,10,18],[22,6,10,2,14,18,9,3],[6,22,2,10,14,18],[22,6,14,10,18,2],[22,2,14,6,18,10,19],[22,6,10,14,18,2],[10,14,22,6,2,18],[10,2,6,18,14,22],[10,14,18,2,22,6,13,8,5],[2,6,14,10,22,18],[22,6,10,2,14,18],[18,2,10,22,14,6,21],[6,2,18,10,22,14],[18,2,10,14,22,6,3],[18,6,22,14,2,10],[14,18,2,10,22,6],[22,14,18,10,2,6],[10,14,22,6,2,18,13,8,7,5],[10,2,22,14,6,18],[18,6,2,22,14,10],[2,14,6,18,10,22,8,9],[14,22,18,6,10,2],[14,2,6,18,10,22],[18,2,6,10,14,22,4],[10,22,14,2,18,6],[6,14,22,10,18,2,17,8],[18,6,14,22,2,10,21],[18,22,6,10,2,14],[14,18,22,6,2,10],[22,2,10,14,18,6,13,5],[6,18,10,2,22,14],[2,18,14,10,6,22],[18,2,14,10,6,22],[10,22,18,2,6,14],[14,10,18,6,2,22],[6,18,22,2,14,10],[18,2,22,6,10,14],[6,14,22,2,18,10,23,1],[22,6,10,2,14,18],[18,22,14,2,6,10,21],[14,6,2,10,22,18],[14,2,6,10,22,18],[10,22,18,14,2,6],[18,22,6,2,10,14],[22,2,6,18,10,14],[14,10,6,18,22,2],[22,2,18,10,14,6],[18,22,14,2,6,10,9],[2,14,22,6,18,10],[18,14,22,10,6,2,3],[22,14,2,6,18,10],[14,22,18,10,2,6,1,7,13,5],[18,6,2,14,10,22],[10,2,18,14,6,22,23],[14,22,10,18,6,2],[10,2,6,14,22,18,17,12],[22,18,6,2,10,14,8,12],[14,22,2,10,6,18],[2,22,18,14,10,6,15],[6,18,2,14,10,22],[14,2,6,22,18,10,11],[2,14,18,10,22,6,11],[2,22,10,18,14,6,4,15],[10,18,6,2,14,22],[22,2,18,6,14,10],[2,18,22,6,10,14],[10,22,2,14,18,6],[14,18,2,6,10,22],[6,14,22,2,18,10,24],[2,18,14,22,10,6],[10,22,18,14,2,6],[14,18,22,2,10,6,20],[2,18,6,14,10,22],[2,18,10,6,22,14,9],[6,14,18,2,22,10],[2,22,18,6,10,14,8],[14,18,10,6,2,22,19],[6,18,2,14,22,10,12],[10,6,14,22,2,18],[22,2,18,14,6,10],[18,22,2,14,6,10,1],[6,22,2,14,18,10],[10,2,18,6,22,14],[18,6,2,14,22,10,19],[6,10,18,22,14,2],[22,14,6,2,10,18],[6,10,14,18,2,22],[22,14,2,18,10,6,7,16,13,5],[14,22,6,2,10,18],[18,10,22,14,2,6,11,1],[6,18,22,10,2,14,8],[2,10,22,14,6,18,23,5],[2,10,14,18,6,22],[22,2,18,10,6,14,16],[2,22,14,6,18,10],[2,10,6,18,22,14],[22,18,6,14,10,2],[6,2,18,10,22,14,11],[2,18,22,10,6,14],[14,18,2,10,6,22],[14,18,2,10,6,22],[2,6,18,14,10,22],[22,10,18,14,6,2,17],[2,14,18,22,10,6],[22,6,2,18,14,10],[22,14,10,2,6,18],[18,6,2,10,22,14],[10,14,18,2,6,22],[2,18,14,6,22,10],[18,22,6,10,14,2],[10,6,14,22,2,18],[2,14,10,22,6,18],[18,22,14,10,2,6,12],[2,22,10,6,18,14],[10,6,18,2,14,22],[14,10,6,18,22,2,12],[14,18,10,6,2,22],[10,18,6,14,22,2],[22,10,18,6,14,2,4,20],[2,22,14,18,10,6],[2,6,14,22,18,10],[2,6,14,22,18,10,16],[6,14,2,18,22,10,16],[2,10,22,18,14,6],[2,14,10,22,18,6,17,8,9],[22,14,2,18,6,10,11],[18,10,6,14,22,2],[6,14,2,18,10,22],[22,2,6,10,18,14,7,5],[22,10,18,6,2,14],[18,2,10,22,6,14,21],[14,2,6,10,18,22],[6,2,22,10,18,14],[14,18,22,6,10,2],[10,18,6,14,22,2,15],[14,22,6,10,2,18,16],[18,2,22,14,10,6,17],[6,10,18,14,2,22,12],[10,2,14,18,22,6],[10,18,22,14,6,2],[10,22,2,18,6,14],[14,6,18,2,22,10],[2,10,22,14,18,6],[2,22,6,10,18,14],[2,22,10,18,14,6],[18,6,2,14,10,22],[14,10,18,6,22,2],[10,6,22,14,2,18,9,20],[14,10,2,18,22,6],[6,10,18,22,2,14],[14,22,6,2,10,18],[22,18,14,2,10,6],[10,2,22,6,18,14],[10,6,22,18,2,14],[6,14,18,2,22,10],[14,10,18,6,22,2,11,3],[2,18,14,10,22,6],[10,2,18,22,6,14],[10,18,22,6,2,14,5],[2,10,6,14,18,22],[10,2,18,22,14,6],[10,2,14,18,6,22],[18,2,14,22,10,6],[2,14,6,18,10,22],[18,22,6,14,10,2],[10,2,6,18,22,14],[10,6,14,18,22,2],[10,22,2,18,14,6],[18,6,22,14,10,2],[18,22,6,2,10,14,12]]}