{"problem_id":"2DE7bo9r4RobfTw","sigma":150,"alpha":10.000,"cost":0,"probabilities":"[0.29, 0.33, 0.22, 0.16]","payoff_matrix":"[[-153, -167, 152, -3, 163, -1], [159, 119, -71, 288, 43, 58], [-181, -176, -120, 154, -88, -12], [1, 174, 30, -104, -79, -31]]","uncovered":[[2,10,22,1,6,21,5,18,17,14,13,15,19,12,9,7,23,4,11,8,16,24,20,3],[22,18,17,21,2,1,10,14,13,15,6,5,19,3,23,9,11,4,7,24,8,20,16,12],[10,14,2,13,1,6,5,18,22,21,17,19,15,9,11,24,12,20,7,4,16,23,3],[22,18,17,21,10,2,1,6,5,14,13,19,15,24,11,3,8,7,9,23,20,4,16],[22,10,18,17,21,2,1,14,13,15,6,5,19,23,9,12,24,8,11,4,16,20,3,7],[18,14,6,13,5,2,1,22,10,21,17,19,15,4,9,12,24,20,16,23,11,7,3],[10,18,22,17,21,6,5,14,13,15,2,1,19,11,20,8,24,12,9,23,3,16,7],[6,2,1,14,5,22,10,18,13,21,17,19,15,16,9,4,23,12,11,20,24,7,8,3],[22,2,21,1,18,17,6,5,10,14,13,19,15,7,11,16,23,3,12,9,20],[22,10,6,21,5,18,17,14,13,15,2,1,19,12,11,24,20,3,7,9],[2,14,1,10,22,18,6,13,5,21,17,15,19,4,11,24,23,12,20,9,7,8,3],[6,22,21,5,10,14,2,1,18,13,17,15,19,9,12,16,11,23,7,4,20,8,3],[14,18,6,5,22,10,2,1,21,13,17,15,19,12,23,4,3,9,20,8,24,11,7,16],[18,14,22,2,1,10,6,5,13,21,17,19,15,9,7,3,16,12,11,23,20,8,4,24],[14,10,18,22,2,1,6,13,5,21,17,15,19,11,9,4,23,20,8,16,12,7,24,3],[2,14,1,18,22,10,6,5,13,21,17,19,15,3,23,11,9,4,7,12,20],[18,14,22,2,13,1,6,5,10,21,17,19,15,9,11,24,3,23,16,8,7],[6,10,14,5,2,13,1,22,18,21,17,19,15,11,24,4,8,12,20,7],[2,22,1,18,17,21,6,5,14,13,19,10,15,9,20,23,11,3,4,16,24,8,7],[22,6,5,2,1,10,18,17,21,14,13,15,19,16,23,12,7,9,11,4,3,20,8,24],[22,14,6,5,2,1,10,18,21,13,17,19,15,11,20,23,7,24,4,9,12,8,16],[14,10,6,13,5,22,18,2,1,21,17,15,19,9,11,24,12,23,8,4,20,7,3],[6,22,21,5,10,2,1,14,18,13,17,15,19,12,9,4,24,20,7,23,11,16,8],[18,6,17,5,2,1,22,21,10,14,13,15,19,9,7,11,8,16,20,23,3,4,12,24],[2,18,14,1,22,6,13,5,10,21,17,19,15,12,20,23,9,16,11,7,3,24,8],[18,14,2,1,10,22,6,5,21,13,17,15,19,9,3,8,16,11,23,7,20],[22,2,1,14,18,10,6,13,5,21,17,19,15,7,12,11,16,23,9,3,4,20],[14,22,18,6,13,5,2,1,10,21,17,19,15,7,4,11,16,24,12,20,23,8,9,3],[14,6,5,18,2,1,10,22,21,13,17,15,19,24,23,12,20,11,9,3,8,7,16],[10,14,6,5,22,2,1,18,21,13,17,19,15,11,24,9,16,4,23,8,7],[14,18,6,5,10,2,13,1,22,21,17,19,15,9,11,23,24,3,12,20,8,7,4,16],[10,6,22,5,2,21,1,14,18,13,17,15,19,4,11,7,3,23,8,20,9,24],[6,14,13,5,18,22,2,1,10,21,17,15,19,9,11,4,24,3,20,23,7,12,8,16],[22,14,18,10,6,13,5,2,1,21,17,19,15,9,11,24,20,12,7,23,8,16,3],[18,6,5,22,17,21,10,14,13,15,2,1,19,9,8,24,7,11,4,23,12,20,3],[6,10,18,17,5,2,1,14,13,15,21,19,22,4,23,11,9,7,3,8,24,20],[14,22,2,13,1,10,18,6,5,21,17,15,19,11,24,7,9,16,3,20,12,23],[14,10,18,6,13,5,22,2,1,21,17,15,19,24,9,20,3,4,11,23,16,7,12,8],[10,22,14,2,13,1,6,5,18,21,17,19,15,9,23,3,11,24,16,20,8,4,12,7],[18,22,21,17,10,6,5,14,13,15,2,1,19,8,16,9,11,12,23,3,7,20,4],[18,10,14,22,2,1,6,13,5,21,17,19,15,24,12,9,3,23,16,20,11,7],[6,10,14,13,5,22,2,1,18,21,17,19,15,9,23,3,16,11,12,20,8,7,4,24],[2,10,18,6,5,14,1,22,21,13,17,19,15,8,3,12,9,16,23,11,20,7],[14,18,6,13,5,10,2,1,22,21,17,19,15,9,23,4,12,24,11,3,7,8,20],[18,10,22,21,17,6,5,14,13,19,2,1,15,23,11,7,3,20,16,4,24,9,12],[22,14,10,2,1,18,6,13,5,21,17,15,19,4,9,11,16,23,12,3,20,8,7],[14,2,13,1,18,10,6,5,22,21,17,19,15,3,11,24,9,12,20,23,16,8,7,4],[6,2,5,18,22,1,17,21,14,13,19,10,15,9,24,11,4,8,16,12,7,3,20,23],[18,22,17,21,14,13,19,10,6,5,2,1,15,4,11,24,23,9,7,3,16,8,12,20],[10,14,2,1,18,6,5,22,21,13,17,19,15,11,20,23,4,24,16,12,9,7,8,3],[22,10,14,18,2,13,1,6,5,21,17,19,15,9,23,11,20,16,3],[10,14,22,6,13,5,2,1,18,21,17,19,15,9,12,8,16,4,24,11,3,7],[18,22,21,17,6,5,14,13,19,10,2,1,15,24,8,11,20,12,23,3,4,9,16,7],[22,2,21,1,6,5,10,14,18,13,17,15,19,7,11,12,24,3,4,16,23,20],[10,2,22,21,1,18,17,6,5,14,13,15,19,12,11,3,16,24,20,23,8,7,9,4],[10,6,22,21,5,18,17,14,13,15,2,1,19,12,24,9,23,7,20,3,8,11,4],[6,14,13,5,2,1,22,10,18,21,17,19,15,4,11,20,12,9,24,8,16,23,7,3],[14,22,10,2,1,18,6,5,21,13,17,15,19,11,23,24,12,16,8,3,9,7],[14,2,13,1,18,6,5,22,10,21,17,15,19,11,23,9,4,16,24,12,7,20,8,3],[22,6,21,5,10,14,2,1,18,13,17,19,15,23,11,3,9,20,16,8,4,24,7,12],[10,18,6,5,14,22,2,1,13,21,17,19,15,9,24,3,11,16,20,12,23,8,7,4],[18,10,6,5,2,14,13,1,22,21,17,19,15,11,9,24,12,8,20,7,23,3,4],[22,6,5,2,1,10,14,18,13,21,17,19,15,8,20,9,3,23,12,7,11],[10,2,14,13,1,18,6,5,22,21,17,15,19,3,23,9,12,11,16,20,4,8,7],[14,10,22,2,13,1,18,6,5,21,17,15,19,12,8,11,7,24,9,20,16,23,3],[10,14,18,22,6,13,5,2,1,21,17,19,15,9,23,16,11,7,4,8,24,20,12],[2,6,1,14,5,18,10,22,13,21,17,19,15,3,12,11,23,16,8,20,7],[14,18,22,6,13,5,10,2,1,21,17,15,19,3,11,4,23,20,12,7,24,16,9],[18,10,6,17,5,22,21,14,13,15,1,19,2,12,24,4,3,9,16,11,20,23,8,7],[22,18,21,17,2,1,10,6,5,14,13,19,15,9,11,24,3,7,4,16,20],[22,2,1,6,5,14,18,10,13,21,17,15,19,12,3,23,9,16,20,4,11,8,7],[2,10,14,13,1,22,6,5,18,21,17,19,15,9,11,12,24,16,3,20,7,23,8],[18,6,17,5,22,21,2,1,14,13,15,9,10,19,11,24,20,16,3,12],[6,2,5,22,1,18,21,17,14,13,15,10,19,3,9,20,12,24,11,8,7,23],[22,14,10,18,6,5,2,1,21,13,17,19,15,7,8,24,11,3,16,9,20],[22,14,6,13,5,18,2,1,10,21,17,15,19,7,12,8,9,4,24,3,16,23,11,20],[14,18,10,6,13,5,22,2,1,21,17,15,19,23,12,4,11,3,24,8,7,9,16,20],[6,22,21,5,18,17,14,13,15,10,2,1,19,20,11,23,7,9,12,24,8,16,4,3],[6,14,5,10,18,2,13,1,22,21,17,15,19,20,12,7,24,11,16,3,23],[22,6,21,5,10,18,17,14,13,19,2,1,15,24,9,23,20,7,12,3,4,11,8,16],[22,10,14,18,2,13,1,6,5,21,17,19,15,11,3,16,23,24,4,20,7,9,12,8],[18,6,17,5,2,1,14,13,19,22,10,21,15,9,23,7,20,4,16,12,11,3,8,24],[10,18,14,22,2,13,1,6,5,21,17,19,15,16,9,12,24,11,3,23,8,4,7,20],[18,2,22,21,1,17,14,13,19,10,6,5,15,9,24,3,12,8,23,7,11,20,4],[10,2,6,1,14,13,5,22,18,21,17,19,15,24,20,11,23,4,8,3,7,12,9],[6,2,1,10,14,13,5,18,22,21,17,19,15,20,7,12,11,23,3,8,9,16,24,4],[6,22,21,5,18,17,14,13,19,10,2,1,15,9,24,12,8,11,3,7,4,23,16,20],[10,6,2,1,22,5,14,18,13,21,17,19,15,12,8,9,7,23,4,3,11,24,20],[10,14,2,1,22,18,6,5,13,21,17,19,15,11,7,24,9,12,3,16,20,8],[18,2,22,1,21,17,6,5,14,13,15,10,19,11,9,20,23,3,12,24,4],[14,18,6,5,10,2,1,22,13,21,17,19,15,9,12,16,23,11,20,24,4],[6,2,1,10,22,21,5,14,18,13,17,19,15,12,23,16,11,3,7,20],[10,6,18,5,22,21,17,14,13,15,2,1,19,9,11,20,12,23,3,24,7],[18,10,14,6,13,5,2,1,22,21,17,15,19,11,3,24,23,4,12,8,16,7,20],[14,2,13,1,18,22,6,5,10,21,17,15,19,4,12,23,3,20,9,8,11,24,7,16],[6,10,22,5,2,21,1,14,18,13,17,15,19,11,16,23,7,3,20,9,12,8,24,4],[18,10,14,2,13,1,22,6,5,21,17,19,15,11,23,7,3,9,20,12,8],[18,6,5,22,21,17,14,13,15,10,2,1,19,9,7,3,8,12,11,4,24,20,23],[6,18,17,5,2,1,14,13,15,10,22,19,21,11,16,24,20,8,12,7,23,9,3],[18,6,5,14,2,1,22,10,21,13,17,15,19,11,9,8,12,20,24,3,7,23,16],[14,18,22,2,1,10,6,13,5,21,17,19,15,12,24,11,7,4,3,9,20,16,23],[18,22,17,21,6,5,14,13,19,10,2,1,15,11,20,7,23,9,24,16,3,12],[18,22,21,17,6,5,14,13,19,10,2,1,15,9,23,20,11,3,8,7,24,4],[10,6,2,5,22,21,1,18,17,14,13,15,19,11,24,3,12,16,9,20,8,7,23],[10,6,22,5,18,21,17,2,1,14,13,19,15,12,24,4,16,9,11,8,20,7,23],[2,14,13,1,22,6,5,18,10,21,17,19,15,24,11,12,3,7,23,9,20,8,16],[18,6,5,22,21,17,2,1,14,13,15,12,10,19,3,11,9,23,8,7,20,24],[14,22,2,13,1,6,5,18,10,21,17,19,15,9,12,23,4,24,3,16,7,11,20],[2,10,6,1,18,5,14,22,13,21,17,15,19,11,20,3,8,12,7,24,4,23,9,16],[22,2,21,1,14,18,6,5,10,13,17,15,19,12,11,7,3,16,23,20,9],[22,18,21,17,10,14,13,19,6,5,2,1,15,4,8,9,24,12,16,11,3,23],[22,10,18,17,21,6,5,2,1,14,13,15,19,24,12,11,7,16,4,3,23],[6,10,18,17,5,22,21,2,1,14,13,19,15,11,16,7,3,23,12,24,8,9,20],[2,14,13,1,22,18,6,5,10,21,17,19,15,12,9,24,4,11,7,3,16,23,8,20],[2,6,5,22,21,1,10,18,17,14,13,19,15,7,11,8,12,23,9,3,16,24,4,20],[2,22,1,6,21,5,10,18,17,14,13,19,15,12,23,7,24,4,9,11,16,8,3],[18,6,17,5,10,14,13,19,2,1,22,21,15,7,11,23,4,20,8,12,24,3,16,9],[6,2,1,10,14,13,5,18,22,21,17,15,19,3,16,9,23,11,20,12,7,8,24],[6,10,2,5,18,14,1,22,21,13,17,19,15,12,8,16,9,3,24,20,11,23,7],[6,14,5,18,2,1,22,10,13,21,17,19,15,11,23,12,16,20,3,8,9,24,4,7],[10,18,14,2,1,6,13,5,22,21,17,19,15,11,7,20,4,23,24,3,16],[10,6,14,13,5,22,18,2,1,21,17,15,19,23,8,11,4,20,9,24,3,7,12,16],[10,6,2,1,22,21,5,14,18,13,17,15,19,11,23,20,24,16,3,8],[2,14,1,10,18,22,6,5,21,13,17,19,15,20,16,12,24,11,3,7,9,23,8,4],[14,6,5,10,18,22,2,13,1,21,17,15,19,11,23,9,8,7,24,20,12,3,16,4],[2,18,6,5,14,1,22,10,13,21,17,19,15,8,9,11,23,7,20,4],[10,14,2,13,1,18,22,6,5,21,17,15,19,24,9,23,12,11,3,7,16,20,4,8],[10,6,18,5,2,22,21,1,17,14,13,19,15,11,16,23,20,12,4,3,8,7,9,24],[6,14,5,2,13,1,10,22,18,21,17,19,15,11,3,7,12,24,23,8,9,16,4,20],[2,18,10,14,13,1,6,5,22,21,17,15,19,11,8,3,9,12,23,4,20,16,7,24],[18,10,14,22,6,13,5,2,1,21,17,19,15,12,4,23,9,20,16,11,24,3,8,7],[22,2,1,14,6,5,10,18,21,13,17,15,19,11,7,3,16,9,24,8],[6,14,5,18,22,10,2,13,1,21,17,15,19,9,11,23,3,8,12,16,7,20,4,24],[18,14,10,6,5,2,13,1,22,21,17,15,19,23,8,11,7,20,12,24,4,3],[18,22,17,21,14,13,19,6,5,10,2,1,15,9,24,8,16,11,4,20,7,12,23,3],[2,14,1,22,6,5,10,18,13,21,17,15,19,12,9,16,3,23,7,11,20,4,24,8],[22,10,18,17,21,14,13,15,2,1,6,5,19,24,9,12,8,20,11,16,3,7,23],[10,14,18,2,1,6,5,22,21,13,17,15,19,23,7,11,24,16,9,8,3,4],[6,22,5,10,2,21,1,14,18,13,17,19,15,12,11,24,4,9,23,20,3,16,8,7],[18,14,2,13,1,10,22,6,5,21,17,15,19,11,4,9,23,16,24,8,7,3,12,20],[6,14,5,2,13,1,10,18,22,21,17,19,15,23,24,4,11,12,3,7,20,9],[22,18,21,17,14,13,19,10,2,1,6,5,15,11,23,4,16,9,3,8,7,20,24,12],[6,10,22,5,14,2,13,1,18,21,17,19,15,12,23,20,4,8,9,11,24,3],[22,14,18,2,1,10,6,13,5,21,17,19,15,12,20,11,24,9,8,7,4,3,23],[10,6,14,5,18,2,13,1,22,21,17,19,15,3,20,12,9,11,7,23,16,8,24],[18,22,17,21,2,1,10,6,5,14,13,15,19,16,12,23,9,3,11,4,20,8,7],[18,2,22,1,17,21,10,6,5,14,13,19,15,12,23,9,11,24,20,4,8,7,3],[14,6,5,18,22,2,13,1,10,21,17,15,19,4,11,9,24,3,12,7,8,23],[10,22,6,5,18,17,21,14,13,19,2,1,15,4,7,9,23,12,11],[18,2,14,13,1,6,5,10,22,21,17,15,19,11,23,9,4,3,7,20,16,24,8],[2,6,1,10,22,5,18,21,17,14,13,15,19,24,9,11,20,4,16,23,8,7,3,12],[14,22,6,13,5,10,2,1,18,21,17,19,15,9,23,11,16,3,4,7,24,8,12,20],[18,6,5,10,14,2,13,1,22,21,17,15,19,12,16,23,9,3,11,7,8,20],[14,6,5,2,13,1,10,22,18,21,17,19,15,12,9,23,4,7,3,8,11,16,24],[6,10,14,5,18,2,1,22,21,13,17,15,19,24,9,23,11,8,20,12,3,4,7],[2,14,13,1,22,18,6,5,10,21,17,15,19,7,11,12,23,4,24,20,3,9],[10,22,2,1,6,21,5,14,18,13,17,19,15,11,24,3,16,23,9,12,20,8,7,4],[10,18,6,17,5,14,13,19,22,2,1,21,15,12,4,24,23,11,16,20,8,7],[18,6,17,5,14,13,19,22,2,1,10,21,15,9,8,16,11,23,20,3,7,12],[18,2,6,5,14,1,22,10,13,21,17,19,15,3,9,24,23,16,11,8,20,7,12,4],[18,6,17,5,14,13,19,2,1,22,10,21,15,12,7,11,24,8,23,16,4,20],[22,6,21,5,18,17,14,13,19,10,2,1,15,4,23,9,11,3,20,7,16],[6,22,5,2,1,14,18,10,13,21,17,15,19,12,3,9,20,23,7,8,11],[2,10,22,21,1,18,17,14,13,19,6,5,15,11,23,20,12,8,3,24,9,4,7,16],[2,6,5,18,10,14,13,1,22,21,17,19,15,11,8,7,4,24,20,9,3,16,12,23],[18,10,22,17,21,2,1,6,5,14,13,15,19,23,9,12,16,11,8,4,20,3,7],[14,10,6,13,5,2,1,18,22,21,17,15,19,9,12,23,11,4,24,7,3,16,20],[14,18,22,6,5,2,13,1,10,21,17,19,15,9,24,11,12,8,23,7,3,20],[22,2,1,6,21,5,18,17,14,13,19,10,15,11,24,7,16,20,8,3,4,12,9],[22,2,1,14,10,6,5,18,13,21,17,19,15,3,12,23,8,24,20,11,9,4,16,7],[14,22,2,13,1,18,10,6,5,21,17,19,15,24,7,9,4,16,3,12,20,11,8],[14,10,18,2,13,1,6,5,22,21,17,19,15,11,24,16,7,4,20,3,23,8,9],[10,18,22,17,21,14,13,15,5,2,1,19,4,12,7,20,9,11,24,3,23,6,8,16],[2,10,6,5,14,13,1,18,22,21,17,19,15,11,4,24,3,9,20,8,16,23,7,12],[2,22,21,1,10,18,17,14,13,19,6,5,15,23,9,4,12,8,24,11,7,16,3],[6,14,5,18,10,22,2,1,21,13,17,15,19,4,16,24,11,23,8,12,20,3],[22,10,18,21,17,6,5,14,13,19,2,1,15,23,24,11,4,20,12,9,7,8,16],[14,22,10,6,5,18,2,13,1,21,17,19,15,9,24,16,23,11,3,20,4,7,8],[22,14,2,1,6,13,5,18,10,21,17,15,19,9,11,7,24,23,12,16,3,8,4,20],[10,18,14,2,13,1,6,5,22,21,17,15,19,12,23,16,9,11,3,7,20,24],[6,14,13,5,22,18,10,2,1,21,17,15,19,9,24,11,8,16,4,3,23,7,12,20],[10,22,18,17,21,6,5,14,13,15,2,1,19,12,20,23,9,24,11,3,16,8,7],[18,22,21,17,14,13,15,11,6,5,2,1,19,10,23,3,24,7,20,9,4,12],[14,6,13,5,18,2,1,10,22,21,17,19,15,11,23,9,16,20,4,12,7,24,3,8],[22,2,1,14,18,10,6,5,13,21,17,19,15,23,11,4,3,20,7,12],[14,10,18,2,13,1,22,6,5,21,17,15,19,12,16,23,9,11,3,20,4,7,8,24],[2,6,1,18,17,5,10,22,21,14,13,19,15,23,9,12,11,8,3,4,16,7,24,20],[2,14,1,22,18,10,6,5,13,21,17,15,19,23,11,16,3,9,20,7,4,24,8,12],[10,2,6,5,22,21,1,14,18,13,17,15,19,9,11,12,7,24,23,8,20,3,16],[14,22,6,13,5,2,1,18,10,21,17,19,15,11,3,23,24,9,4,16,12,20,8,7],[22,2,21,1,6,5,10,14,18,13,17,19,15,3,12,11,4,8,16,23,7,20,24,9],[6,2,5,18,22,21,1,17,10,14,13,19,15,3,12,23,11,4,9,7,8,16],[22,10,14,18,2,13,1,6,5,21,17,19,15,12,9,7,23,24,3,11,4,8,16,20],[2,18,22,21,1,17,10,14,13,15,6,5,19,12,11,3,20,23,7,8,16],[22,14,6,5,10,2,1,18,13,21,17,19,15,12,11,7,4,24,8,23,9,16,20,3],[10,14,2,13,1,6,5,22,18,21,17,15,19,3,9,23,4,7,12,11,16,8,24,20],[14,22,2,13,1,10,18,6,5,21,17,19,15,23,12,9,3,11,7,16],[14,10,22,6,13,5,18,2,1,21,17,19,15,9,7,3,12,16,11,23,8],[6,14,5,22,18,10,2,13,1,21,17,15,19,23,4,12,11,9,7,16,8,3,20],[22,2,1,10,18,17,21,14,13,15,6,5,19,11,24,7,12,20,3,9,23,8],[14,10,18,6,13,5,22,2,1,21,17,19,15,12,3,23,11,20,7,16,24],[2,10,22,1,6,21,5,18,17,14,13,19,15,9,3,8,4,23,20,11,12,24,7],[14,2,1,10,18,6,5,22,21,13,17,19,15,12,9,23,11,3,7,4,20,16,24,8],[2,14,13,1,22,10,6,5,18,21,17,15,19,11,20,23,9,12,4,24,3,7,8],[22,14,18,2,1,10,6,5,13,21,17,19,15,9,8,3,4,7,23,12,11,16,20,24],[10,18,22,21,17,14,13,19,6,5,2,1,15,12,11,9,3,8,23,16,24,20],[22,2,21,1,10,18,17,6,5,14,13,15,19,3,12,23,24,8,9,11,20,16,7,4],[18,10,6,5,14,22,2,1,21,13,17,15,19,9,3,23,8,12,4,20,11,16,7,24],[18,14,2,1,10,22,6,5,13,21,17,19,15,9,11,16,3,8,23,12,7,24],[18,14,6,13,5,10,22,2,1,21,17,19,15,9,24,23,16,11,3,12],[22,14,10,2,13,1,6,5,18,21,17,19,15,11,24,4,16,20,3,23,9,7],[14,6,13,5,2,1,10,18,22,21,17,15,19,12,3,11,23,4,8,20,7],[2,10,22,1,14,6,5,18,21,13,17,15,19,24,9,11,16,4,23,7,20],[10,18,6,17,5,22,21,14,13,15,2,1,19,12,9,11,8,23,20,16,3,24,4,7],[18,6,5,10,22,21,17,2,1,14,13,15,19,12,20,9,24,16,11,3,23,8,7],[2,6,5,14,13,1,10,18,22,21,17,19,15,9,11,4,20,23,16,8,7,3,24],[22,10,14,2,1,6,5,18,13,21,17,19,15,11,9,24,23,4,8,20,16,7,3],[18,6,17,5,14,13,19,22,10,2,1,21,15,11,12,23,3,16,9,8,24],[14,6,5,10,2,1,22,18,21,13,17,15,19,23,4,9,11,16,7,20,3],[14,22,18,6,13,5,10,2,1,21,17,19,15,12,3,11,16,24,20,23,8,7,4,9],[14,2,13,1,18,6,5,22,10,21,17,15,19,9,23,11,16,3,8,7,20,24],[18,10,22,17,21,14,13,19,6,5,2,1,15,11,23,12,9,24,3,20,8,16,7,4],[6,10,14,13,5,2,1,22,18,21,17,19,15,9,3,23,24,7,11,8,12,4,20,16],[6,18,5,2,10,14,1,22,21,13,17,19,15,11,16,23,3,7,20,12],[2,18,6,1,5,14,22,10,13,21,17,19,15,9,3,12,23,11,4,16,24,7,20,8],[14,6,5,2,13,1,22,18,10,21,17,15,19,12,23,9,16,8,3,24,11,20,4,7],[14,2,13,1,18,10,6,5,22,21,17,19,15,11,24,16,23,4,9,8,7,3,12,20],[14,2,13,1,6,5,18,22,10,21,17,15,19,9,16,11,24,20,3,12,23,8,7,4],[14,18,6,5,10,2,1,22,13,21,17,15,19,11,7,24,23,3,16,20,4,12,8],[18,6,17,5,10,2,1,14,13,15,22,19,21,11,23,20,8,12,9,4,7,24,3,16],[2,22,21,1,18,17,6,5,10,14,13,15,19,12,16,23,3,8,9,11,4,20,7],[14,6,13,5,22,10,2,1,18,21,17,19,15,9,24,11,16,3,12,23,7,20],[10,2,6,1,14,5,22,18,13,21,17,19,15,3,23,11,9,8,7,4,16,12,24,20],[14,18,6,5,2,1,22,10,21,13,17,19,15,9,24,7,12,23,4,3,16,11,8],[14,2,13,1,6,5,18,10,22,21,17,15,19,11,12,23,4,24,20,3,8,16,9,7],[2,14,13,1,22,10,18,6,5,21,17,15,19,9,20,24,16,12,8,11,3,23],[10,18,2,22,21,1,17,14,13,19,6,5,15,11,8,3,24,20,16,9,7,12,23],[18,2,22,21,1,17,10,6,5,14,13,19,15,7,11,3,8,24,4,20],[2,22,21,1,14,10,6,5,18,13,17,19,15,16,12,23,9,4,8,11,7,3,24,20],[18,22,21,17,6,5,2,1,14,13,15,12,10,19,3,11,16,23,9,20,24],[2,22,21,1,10,18,17,6,5,14,13,19,15,11,8,23,3,12,7,4,20,9],[18,10,22,21,17,2,1,6,5,14,13,15,19,12,24,9,4,11,8,16,3,23,7],[18,10,6,17,5,14,13,15,2,1,22,19,21,20,11,3,23,4,9,12,7,16,8],[22,18,17,21,2,1,10,6,5,14,13,15,19,9,8,11,24,3,4,16,20,7],[6,10,14,13,5,18,2,1,22,21,17,19,15,12,11,20,9,4,24,23],[22,14,10,2,1,18,6,5,21,13,17,15,19,9,4,23,24,12,16,11,3,8,7,20],[6,18,5,22,21,17,10,14,13,15,1,19,4,24,3,11,8,12,9,23,2,20,16,7],[10,22,18,17,21,2,1,6,5,14,13,15,19,7,12,24,20,3,16,9,11,4,23,8],[18,10,2,22,21,1,17,14,13,15,6,5,19,11,12,20,16,23,4,3],[10,18,22,21,17,14,13,19,6,5,2,1,15,11,16,3,23,8,12,7,9,20],[18,14,22,2,13,1,6,5,10,21,17,19,15,9,3,23,8,11,12,4,16,20,7],[6,22,5,2,21,1,18,17,10,14,13,19,15,11,12,24,16,3,23,9,8,4,7,20],[22,6,21,5,10,2,1,14,18,13,17,19,15,9,16,4,11,23,7,8,12,20,24],[18,14,2,13,1,6,5,10,22,21,17,15,19,9,8,12,7,24,20,16,11,3,23],[22,10,2,1,18,21,17,6,5,14,13,19,15,12,3,9,23,11,7,20],[10,22,6,5,14,18,2,13,1,21,17,15,19,9,24,20,12,8,11,3,16,7,23],[6,18,17,5,2,1,22,21,14,13,19,10,15,12,9,16,23,3,11,20,7,4],[14,10,6,5,2,1,18,22,21,13,17,19,15,20,12,7,16,24,11,9,4,3,23,8],[10,18,14,2,1,6,13,5,22,21,17,15,19,9,4,23,12,8,20,7,11,3],[6,22,5,2,1,14,18,10,13,21,17,15,19,9,11,20,16,24,3,7,23,4],[14,6,5,22,18,2,1,10,21,13,17,15,19,12,11,8,24,16,3,7,9,20,23,4],[6,2,1,18,17,5,22,21,10,14,13,19,15,11,24,3,23,7,16,12],[18,22,17,21,14,13,19,2,1,10,6,5,15,11,24,7,12,16,3,9],[22,18,21,17,2,1,6,5,14,13,15,10,19,12,11,24,16,4,20,8,3],[22,14,18,6,13,5,10,2,1,21,17,15,19,11,23,8,9,3,12,20],[18,2,6,1,5,14,10,22,13,21,17,15,19,11,8,3,9,20,23,7,16,24,4,12],[22,14,2,1,10,18,6,13,5,21,17,15,19,9,24,7,11,20,12,4,8,16,23,3],[22,10,6,21,5,2,1,18,17,14,13,19,15,12,9,11,23,4,16,7,3,20],[14,10,22,6,13,5,18,2,1,21,17,15,19,23,12,4,11,3,16,24,8,20,7,9],[22,6,21,5,10,14,2,13,1,18,17,19,15,12,23,8,20,9,24,4,16,3,11,7],[6,14,5,10,18,22,2,13,1,21,17,19,15,9,11,24,7,3,8,23,20,4,12,16],[10,14,22,2,13,1,6,5,18,21,17,15,19,3,12,8,24,16,9,23,11,7,4,20],[22,10,18,21,17,2,1,14,13,19,6,5,15,12,4,23,24,9,8,3,11,16,20,7],[18,6,5,10,14,22,2,1,13,21,17,15,19,20,11,24,9,4,8,3,7,12,16,23],[6,18,17,5,22,21,2,1,14,13,15,10,19,4,12,23,16,11,24,3,7,8,9],[18,22,17,21,2,1,6,5,14,13,15,10,19,3,12,24,11,8,23,20,4,7,16,9],[14,2,13,1,18,22,6,5,10,21,17,19,15,12,23,3,8,11,4,16,20,9,7],[2,6,1,14,5,10,18,22,21,13,17,15,19,12,23,3,11,8,16,4,7,20,9],[2,10,14,13,1,18,6,5,22,21,17,15,19,9,4,23,24,11,7,16,3,20,8],[6,14,13,5,10,22,18,2,1,21,17,19,15,12,9,4,20,24,7,16,11,23,8],[2,22,21,1,10,6,5,14,18,13,17,19,15,9,12,24,4,16,11,20,3,8,23,7],[2,14,1,18,6,5,22,10,13,21,17,19,15,24,11,4,8,12,20,7,23],[2,18,6,5,14,13,1,10,22,21,17,19,15,24,11,16,9,20,23,3,7,12],[10,2,22,21,1,6,5,18,17,14,13,15,19,12,24,9,16,11,4,8,23,7,3,20],[22,2,1,18,21,17,6,5,10,14,13,19,15,24,8,7,11,23,20,4,9,3],[18,2,6,5,22,1,17,21,10,14,13,15,19,11,7,12,23,4,3,20,9,16,8,24],[10,22,6,21,5,18,17,14,13,19,2,1,15,9,4,8,11,23,16,7,20,3,12,24],[14,6,13,5,10,18,22,2,1,21,17,19,15,12,16,23,3,20,9,11,7,8,4,24],[2,22,21,1,18,17,10,14,13,19,6,5,15,11,20,3,8,24,7,23,16],[6,14,13,5,2,1,18,22,10,21,17,19,15,11,23,3,4,7,24,9,20],[22,2,21,1,10,18,17,6,5,14,13,19,15,11,8,9,23,4,7,20,24,3],[22,10,18,17,21,14,13,19,2,1,6,5,15,9,23,3,4,11,24,12,8,7,20],[6,2,1,22,21,5,14,10,18,13,17,15,19,11,3,9,4,16,23,8,20,7,12],[22,2,1,6,21,5,14,18,10,13,17,19,15,11,3,12,24,9,7,16,8,4,20,23],[22,10,14,18,2,1,6,5,21,13,17,19,15,9,11,4,23,16,12,3,24,20],[14,22,18,10,2,1,6,5,21,13,17,15,19,9,11,16,23,20,4,3,8,7],[18,10,22,17,21,2,1,6,5,14,13,19,15,11,8,24,16,3,4,7,12,23,20,9],[22,10,2,21,1,18,17,6,5,14,13,15,19,11,24,20,23,7,12,3,16,4,8,9],[22,6,21,5,18,17,10,14,13,15,2,1,19,4,12,23,20,9,16,11,8,7],[6,2,1,14,13,5,18,22,10,21,17,15,19,9,12,3,7,23,11,20,24,16],[10,6,18,17,5,2,1,22,21,14,13,15,19,9,11,23,3,8,24,7,12,20,4,16],[2,10,6,1,18,5,14,22,13,21,17,15,19,9,12,23,24,11,4,20,8,3,7],[2,14,1,18,6,13,5,10,22,21,17,19,15,11,3,12,4,8,9,7,23,24,20],[6,14,13,5,22,10,18,2,1,21,17,19,15,23,11,20,3,24,9,8,4,12,16,7],[18,6,17,5,2,1,14,13,19,22,10,21,15,16,11,23,7,4,24,8,20,3,12,9],[14,2,1,6,13,5,18,10,22,21,17,19,15,4,11,8,7,23,12,9,24,16,20,3],[6,22,5,18,17,21,2,1,10,14,13,15,19,9,3,4,12,23,7,11,24,16,20],[6,2,5,22,21,1,10,18,17,14,13,15,19,8,12,3,23,9,7,20,11,16],[22,14,10,6,13,5,18,2,1,21,17,19,15,12,9,4,11,23,24,8,20,3,16,7],[2,6,5,22,21,1,10,18,17,14,13,19,15,7,23,9,11,4,8,24,3,20,12,16],[2,6,1,14,5,10,18,22,13,21,17,15,19,9,24,11,7,16,3],[18,14,2,1,10,22,6,5,21,13,17,15,19,9,11,3,16,24,23,20,7,4],[14,22,10,6,13,5,2,1,18,21,17,15,19,9,12,23,11,7,24,3,4,8,16,20],[22,10,14,18,2,1,6,13,5,21,17,19,15,12,7,20,3,9,11,23,24,8,4,16],[22,10,2,21,1,18,17,6,5,14,13,19,15,12,16,9,4,23,11,20,24,8,7,3],[22,2,1,18,21,17,6,5,14,13,15,10,19,11,4,24,16,12,9,20,8,7,23,3],[22,10,2,21,1,18,17,14,13,15,6,5,19,12,7,9,16,23,11,3,8],[10,6,22,21,5,2,1,18,17,14,13,19,15,4,11,9,20,8,12,24,16,23,3,7],[14,18,2,13,1,10,6,5,22,21,17,15,19,4,12,9,8,24,23,11,20,16,7,3],[18,6,17,5,2,1,10,22,21,14,13,15,19,9,11,16,24,12,20,7,8,23,4,3],[14,18,10,22,6,13,5,2,1,21,17,19,15,12,9,20,24,4,11,23,8,7,16,3],[14,18,2,1,10,22,6,13,5,21,17,15,19,11,3,20,12,24,7,23,4,9,16,8],[6,22,5,2,1,14,10,18,13,21,17,19,15,12,20,23,8,9,4,7,11,16,3,24],[22,18,21,17,6,5,14,13,15,1,9,10,19,4,2,11,3,8,24,16,23,7,20],[18,14,6,5,10,22,2,1,13,21,17,15,19,11,24,20,9,8,12,7,23,3],[2,22,21,1,10,14,18,6,5,13,17,15,19,11,12,7,4,24,3,23,8,9,16],[10,18,6,5,14,22,2,1,21,13,17,19,15,9,24,8,20,11,23,3,4,12,16,7],[18,6,5,14,10,2,13,1,22,21,17,15,19,7,12,24,11,4,8,23,3,20,9],[14,22,2,13,1,10,6,5,18,21,17,15,19,23,4,11,12,24,9,16,7,20,8,3],[18,10,2,22,21,1,17,6,5,14,13,15,19,24,12,9,4,11,20,16,8,7,23],[22,10,2,1,6,5,14,18,13,21,17,15,19,9,23,3,4,8,20,11,7,16,12],[6,22,5,2,21,1,10,14,18,13,17,19,15,12,23,9,20,4,11,16,7,8],[14,10,2,13,1,18,6,5,22,21,17,19,15,9,11,23,4,7,24,3,16,20,8,12],[2,22,1,14,6,5,18,10,13,21,17,15,19,9,23,12,3,24,8,4,11,16,20,7],[2,6,1,14,13,5,18,10,22,21,17,15,19,9,12,7,11,20,24,23,4,8,16,3],[14,10,18,22,6,13,5,2,1,21,17,19,15,9,23,12,3,16,11,7,20,24,4],[6,18,5,2,10,22,1,21,17,14,13,15,19,4,11,23,7,16,24,3,20],[10,6,2,1,18,5,14,22,13,21,17,19,15,9,3,8,23,12,7,16,11,20],[2,18,14,13,1,10,6,5,22,21,17,19,15,11,24,8,23,16,7,20,3],[2,10,18,6,5,14,13,1,22,21,17,19,15,9,11,4,8,12,16,24,7,23],[22,18,17,21,10,2,1,6,5,14,13,19,15,11,12,23,3,24,20,16,7,8],[2,10,14,13,1,22,18,6,5,21,17,19,15,16,12,11,23,3,7,8,24,4,9,20],[14,6,13,5,2,1,18,22,10,21,17,15,19,11,3,20,8,24,4,16,12,23,9,7],[18,10,2,22,1,17,21,6,5,14,13,19,15,3,12,9,23,8,16,11,4,20,24,7],[18,22,21,17,10,2,1,6,5,14,13,15,19,11,9,24,12,7,8,20,16,4],[22,6,21,5,10,18,17,14,13,19,2,1,15,11,4,16,24,23,3,8,7,20,12,9],[14,22,2,13,1,10,18,6,5,21,17,19,15,9,8,11,4,7,16,23,20,24,12,3],[18,2,6,5,10,14,13,1,22,21,17,15,19,12,8,24,7,9,3,16,11,4,20],[14,6,5,22,10,2,1,18,13,21,17,19,15,24,9,3,7,12,23,11,8,4,16,20],[18,10,22,17,21,6,5,14,13,15,2,1,19,12,11,3,20,24,23,7,9,4],[2,10,14,1,22,6,5,18,13,21,17,19,15,12,11,9,24,20,23,8,4,3,7,16],[6,22,21,5,18,17,14,13,19,10,2,1,15,11,23,16,7,4,20,3,9],[6,18,5,10,14,22,2,13,1,21,17,15,19,12,23,9,4,3,7,11],[6,14,5,18,22,10,2,13,1,21,17,19,15,9,16,11,8,23,3,20,7,24],[6,22,5,18,17,21,10,14,13,15,2,1,19,9,4,24,11,12,23,7,16,20,3],[14,10,18,22,2,13,1,6,5,21,17,19,15,9,12,23,8,11,20,3,24,4,16,7],[18,14,2,1,10,22,6,5,13,21,17,15,19,11,4,24,16,3,12,8,7,20],[10,22,6,21,5,18,17,2,1,14,13,19,15,9,11,8,24,4,20,12,3,23,7,16],[18,2,22,21,1,17,6,5,14,13,19,10,15,9,24,7,11,4,3,16,20,23,8],[18,2,14,13,1,22,10,6,5,21,17,15,19,9,11,23,16,4,3,12,8,20,7],[10,6,2,5,22,1,14,18,21,13,17,19,15,23,9,12,8,4,11,16,7,20,3],[6,10,22,21,5,14,18,2,13,1,17,19,15,4,23,12,9,20,8,11,7],[2,14,1,22,6,13,5,18,10,21,17,19,15,23,11,4,12,7,16],[18,2,14,1,10,22,6,13,5,21,17,19,15,7,12,8,3,11,23,24,4,20],[14,18,6,5,22,10,2,1,21,13,17,19,15,4,20,23,9,11,24,7,3,12,8,16],[10,6,18,5,22,17,21,2,1,14,13,15,19,12,23,9,20,8,11,7,3,4,16,24],[14,2,13,1,18,22,6,5,10,21,17,19,15,12,23,8,9,24,16,11,7,4,20,3],[14,22,6,13,5,18,10,2,1,21,17,19,15,7,8,23,11,4,3,12,20,16,24],[2,10,22,1,6,21,5,18,17,14,13,19,15,11,4,8,24,16,23,7,20,3],[18,22,21,17,6,5,14,13,19,10,2,1,15,9,11,24,7,3,4,23,8,12,20,16],[22,10,14,6,5,18,2,1,21,13,17,19,15,8,7,12,24,11,4,20,3,23,16,9],[10,6,22,5,2,21,1,14,18,13,17,19,15,11,20,24,23,4,7,8,9,3,16,12],[10,14,22,6,5,2,1,18,21,13,17,19,15,12,11,24,7,16,20,4,9,3,23],[14,2,1,6,13,5,10,18,22,21,17,19,15,11,23,3,9,20,12,8,16],[14,6,13,5,22,2,1,18,10,21,17,19,15,9,7,23,4,12,8,11,24,16,20,3],[18,10,2,14,1,6,13,5,22,21,17,15,19,9,8,12,4,23,24,20,11,3,7,16],[18,2,22,21,1,17,10,6,5,14,13,19,15,9,12,11,4,3,23,16,8,24,7,20],[10,22,14,6,13,5,2,1,18,21,17,19,15,23,9,11,3,24,12,4,20,8,7],[18,22,17,21,2,1,14,13,15,8,6,5,10,19,11,4,3,24,20,9,16,7,23],[6,14,5,22,2,13,1,18,10,21,17,15,19,7,11,24,8,4,12,20,9,16,3,23],[2,10,6,5,22,21,1,18,17,14,13,15,19,11,4,20,16,23,12,7,3,8,9],[2,14,13,1,22,6,5,18,10,21,17,15,19,12,24,9,4,16,11,23,3,7,20],[14,2,1,10,22,18,6,13,5,21,17,15,19,11,4,23,3,9,7,12,20,24],[2,22,21,1,18,17,14,13,15,10,6,5,19,12,7,4,11,9,8,24,16,20,23,3],[22,18,21,17,6,5,2,1,14,13,15,10,19,11,20,16,23,24,4,12,7,3],[14,22,10,6,13,5,18,2,1,21,17,15,19,20,9,23,24,4,11,12,8,16,7,3],[18,14,2,13,1,22,6,5,10,21,17,15,19,12,11,20,8,23,16],[6,2,1,14,5,18,22,10,21,13,17,15,19,9,4,7,11,8,20,24,12,23,3,16],[10,2,22,1,6,5,14,18,13,21,17,19,15,12,8,11,23,3,16,9,7,20,24],[2,6,5,10,14,13,1,18,22,21,17,19,15,12,7,9,8,11,4,24,23,20,16],[18,10,14,2,13,1,22,6,5,21,17,15,19,11,9,23,3,24,8,20,7,4,16,12],[18,6,5,14,2,13,1,10,22,21,17,19,15,23,9,12,3,24,11,4,8,16,20,7],[6,18,5,22,17,21,2,1,14,13,19,10,15,23,11,24,20,7,12,4,16],[10,14,6,5,2,1,22,18,21,13,17,15,19,12,24,11,3,4,23,9,7,8,16],[18,2,22,1,21,17,14,13,19,10,6,5,15,12,11,24,20,16,4,9,8,23,7,3],[6,14,5,2,13,1,18,22,10,21,17,15,19,16,23,11,3,12,20,24,9,7,4],[22,18,17,21,10,14,13,19,6,5,2,1,15,9,12,16,24,4,11,23,8,7,3],[22,6,21,5,18,17,14,13,15,2,1,10,19,11,16,3,24,4,23,7,9,12,20,8],[22,10,2,21,1,14,18,6,13,5,17,19,15,11,7,23,16,3,12,20],[6,22,21,5,14,10,18,2,13,1,17,19,15,9,4,3,23,7,8,11,16,24,20],[2,14,1,6,5,22,18,10,13,21,17,15,19,9,23,11,12,7,24,3,8,20],[6,18,5,22,21,17,14,13,15,10,2,1,19,9,12,23,11,16,3,24],[10,18,6,17,5,22,21,2,1,14,13,19,15,23,20,11,3,9,4,8,16,12,7,24],[10,14,22,2,13,1,6,5,18,21,17,15,19,20,11,23,16,3,24,9,8,7,4,12],[10,6,18,17,5,22,21,2,1,14,13,19,15,23,9,8,3,16,12,11],[2,22,21,1,10,6,5,18,17,14,13,19,15,12,11,23,24,16,9,3,8,7,4,20],[22,18,21,17,6,5,14,13,15,1,10,19,23,11,2,7,9,4,12,3,24,16,20],[14,22,18,2,1,10,6,13,5,21,17,15,19,12,24,11,4,8,16,23,7,3,20],[18,6,5,22,17,21,2,1,10,14,13,15,19,11,20,9,23,12,24,8,4,7,3],[6,10,18,5,14,22,2,1,21,13,17,19,15,11,12,4,20,23,3,8,16,7,24],[6,22,21,5,18,17,14,13,19,2,1,10,15,12,9,24,20,7,11,3,23,16,4,8],[22,6,21,5,14,10,2,13,1,18,17,15,19,9,3,24,11,12,8,20,7,16],[18,2,10,22,1,21,17,6,5,14,13,19,15,9,11,23,12,7,24,8,3,4,16],[10,6,14,13,5,2,1,18,22,21,17,15,19,4,11,9,23,3,8,20,12,16,7,24],[2,10,6,1,18,5,22,21,17,14,13,19,15,23,12,9,7,3,8,24,20,11],[14,18,10,6,13,5,2,1,22,21,17,15,19,23,11,20,4,9,24,8,7,12,3,16],[2,14,13,1,22,18,6,5,10,21,17,19,15,11,20,23,7,3,9,8,12,24,4],[22,6,5,18,21,17,10,14,13,19,2,1,15,11,4,23,24,12,16,9,3,7,20],[10,2,14,1,22,6,5,18,13,21,17,15,19,7,9,20,16,24,11,4,3,8,23,12],[18,10,2,22,1,17,21,6,5,14,13,15,19,23,12,11,3,4,16,20,7],[22,2,21,1,18,17,14,13,15,6,5,10,19,12,4,23,11,7,20,24,3,16],[22,14,6,13,5,18,10,2,1,21,17,15,19,9,23,8,16,4,12,20,11,7,3],[2,6,5,22,1,18,21,17,14,13,19,10,15,24,9,20,3,8,12,7,16,11,23,4],[6,10,14,5,18,2,13,1,22,21,17,15,19,11,23,3,8,7,9,20,12,16],[10,2,18,6,5,14,13,1,22,21,17,15,19,9,20,12,7,23,11,8,3,16,4,24],[6,22,21,5,10,2,1,14,18,13,17,15,19,7,3,16,23,11,9,12,4,24,20],[6,22,21,5,18,17,2,1,14,13,15,10,19,12,3,9,23,11,20,16,7],[2,18,10,6,1,5,14,22,13,21,17,15,19,9,4,8,23,11,3,12,16,7,20,24],[2,10,14,1,22,18,6,13,5,21,17,19,15,9,11,3,24,12,16,4,8,7],[14,6,5,2,13,1,22,10,18,21,17,19,15,11,23,7,9,8,24,20,3,16],[2,22,21,1,10,6,5,14,18,13,17,15,19,9,23,20,12,7,4,3,24,16,11,8],[2,18,10,6,1,5,22,21,17,14,13,19,15,3,16,11,23,4,20,8,24,7,9,12],[2,18,22,21,1,17,10,14,13,19,6,5,15,12,11,9,20,16,23,4,7,3,8,24],[2,10,22,21,1,14,18,6,13,5,17,19,15,24,9,12,4,16,11,20,23,3,7,8],[18,6,17,5,22,21,10,2,1,14,13,15,19,4,23,11,20,8,3,24,12,7,16,9],[10,14,2,13,1,6,5,18,22,21,17,19,15,11,12,3,23,16,7,4,24,20,8,9],[18,10,22,17,21,6,5,2,1,14,13,19,15,9,3,11,23,20],[2,18,14,1,6,5,10,22,21,13,17,19,15,7,23,11,4,12,16,20,24,9],[18,6,17,5,2,1,22,21,10,14,13,19,15,12,8,20,24,7,9,3,23,11,16],[18,2,22,1,17,21,10,14,13,19,6,5,15,24,11,12,8,16,9,20,4,7,23,3],[22,2,21,1,18,17,6,5,10,14,13,19,15,11,9,24,8,7,20,12,3,23,16],[2,14,13,1,18,10,22,6,5,21,17,15,19,23,20,4,12,7,3,9,16,8,11,24],[2,14,13,1,6,5,18,22,10,21,17,19,15,11,12,4,16,24,23,20,3,9,8,7],[10,14,6,5,2,13,1,22,18,21,17,15,19,12,20,7,24,9,8,11,3,16],[22,18,21,17,14,13,15,2,1,10,6,5,19,12,11,3,20,23,8,7,4,9],[2,18,22,1,17,21,6,5,10,14,13,19,15,24,3,12,20,11,9,7,4,23,8,16],[6,2,5,14,1,22,18,10,13,21,17,15,19,11,23,3,16,12,8,7,20,24,4,9],[14,18,2,13,1,10,22,6,5,21,17,19,15,12,23,11,16,20,4,3,24,8,7,9],[22,6,5,2,1,14,18,10,21,13,17,19,15,20,9,12,16,24,11,4,7,23,8,3],[10,18,6,17,5,22,21,2,1,14,13,15,19,11,3,8,16,9,23,12,20,7],[14,6,13,5,2,1,10,22,18,21,17,15,19,12,9,24,11,3,8,7,16,20,23],[22,10,6,5,14,2,1,18,13,21,17,19,15,9,23,12,7,4,16,11,20,8,24,3],[22,2,1,18,21,17,14,13,19,6,5,10,15,4,9,12,3,20,24,11,7,8,16,23],[14,10,18,6,13,5,22,2,1,21,17,19,15,23,11,12,4,20,7,8,24,16,3],[2,22,1,10,18,17,21,6,5,14,13,19,15,4,9,7,24,11,23,3,16,8,20,12],[14,10,18,22,2,1,6,5,13,21,17,15,19,9,20,24,23,12,4,11,7],[10,14,18,2,1,6,5,22,21,13,17,15,19,12,3,11,23,24,9,8,7,20,4],[14,6,13,5,22,10,18,2,1,21,17,19,15,9,16,12,23,4,11,20,8,7,3,24],[2,22,1,18,17,21,6,5,10,14,13,15,19,3,9,12,8,23,7,20,16,11],[22,2,21,1,10,14,6,13,5,18,17,15,19,11,23,4,3,20,24,12,9,16,8,7],[22,2,1,14,6,13,5,10,18,21,17,15,19,9,12,7,16,11,23,20,3,8,24],[18,10,22,21,17,6,5,2,1,14,13,19,15,9,3,24,16,12,4,8,20,11,7],[22,2,21,1,6,5,18,17,14,13,15,12,10,19,24,4,9,8,3,11,7,20,23,16],[2,22,1,18,17,21,14,13,15,6,5,11,19,10,24,8,3,9,7,4,23,12,16,20],[10,14,22,18,6,13,5,2,1,21,17,19,15,12,11,8,4,9,24,3,23,7,20,16],[22,10,2,21,1,18,17,6,5,14,13,15,19,24,11,9,12,4,16,23,7,3,20,8],[18,14,6,13,5,22,10,2,1,21,17,19,15,12,9,24,4,11,20,7,8,3,16,23],[22,6,21,5,14,2,13,1,18,10,17,15,19,9,24,3,16,11,20,8,7,23,4,12],[22,18,17,21,6,5,14,13,19,10,2,1,15,12,9,16,11,23,20,24,3,4],[14,22,2,1,6,13,5,18,10,21,17,19,15,23,9,12,3,16,20,11,7,4,8,24],[2,18,22,1,21,17,6,5,10,14,13,15,19,12,9,4,8,23,3,11,24,20,7,16],[10,6,2,1,14,5,22,18,21,13,17,19,15,11,16,7,24,8,23,4,9,20,12,3],[22,6,5,18,21,17,2,1,10,14,13,19,15,9,16,11,8,23,3],[14,2,13,1,18,6,5,22,10,21,17,19,15,11,8,24,16,12,7,3,20,23,4],[10,18,2,6,1,17,5,14,13,19,22,21,15,9,12,7,23,16,11,3,20],[6,2,1,18,17,5,10,14,13,15,23,19,22,24,12,9,21,20,3,4,11,8,7,16],[10,22,6,21,5,14,2,13,1,18,17,15,19,8,7,11,20,24,9,3,4,16,23],[14,10,2,1,6,13,5,22,18,21,17,15,19,12,23,7,9,20,4,11,16,24,3,8],[18,6,5,14,10,2,13,1,22,21,17,19,15,11,23,20,8,4,24,9,3,12,7],[18,22,21,17,2,1,10,6,5,14,13,15,19,9,23,11,12,3,7,16,24,20],[18,22,21,17,10,6,5,2,1,14,13,19,15,9,23,12,20,7,11,16,4,3,8],[18,6,5,14,2,1,22,10,13,21,17,15,19,12,11,23,24,8,7,3,20],[10,6,2,1,14,13,5,18,22,21,17,15,19,4,12,20,9,23,3,11,16,24],[14,2,1,6,13,5,10,22,18,21,17,15,19,23,11,3,20,12,7,9,24,16,4],[10,22,18,17,21,2,1,6,5,14,13,15,19,24,9,11,3,20,8,16,7,4],[14,2,13,1,6,5,10,22,18,21,17,15,19,11,23,9,7,20,3,24,12,8,16,4],[10,6,2,5,14,1,22,18,13,21,17,19,15,12,7,9,3,8,16,23,11,20,24],[10,18,2,14,1,6,13,5,22,21,17,15,19,3,7,11,24,12,8,16,23,20],[14,10,18,6,13,5,22,2,1,21,17,19,15,4,9,12,3,7,23,11,16,20,24,8],[14,10,18,2,13,1,6,5,22,21,17,19,15,4,12,3,8,11,9,16,23,7,20],[18,22,21,17,2,1,10,14,13,15,6,5,19,4,9,24,11,20,16,7,12,23],[14,10,22,6,13,5,18,2,1,21,17,15,19,23,12,24,11,4,20,7],[10,18,22,21,17,2,1,6,5,14,13,15,19,24,4,11,8,3,7,23,20],[2,22,1,10,14,18,6,5,13,21,17,15,19,24,3,16,12,9,11,7,23,20,4],[14,22,6,13,5,10,18,2,1,21,17,19,15,12,8,16,23,4,3,11,7,20],[10,22,6,21,5,18,17,14,13,15,2,1,19,23,7,11,24,3,16,20,4,9,12],[22,18,17,21,2,1,10,6,5,14,13,19,15,12,20,11,4,7,23,24,8],[10,2,14,13,1,6,5,18,22,21,17,15,19,12,8,9,11,16,23,24,20,3,4,7],[2,6,1,22,21,5,10,18,17,14,13,15,19,12,9,23,8,4,16,11,24,7,3,20],[18,2,6,5,22,21,1,17,10,14,13,19,15,12,24,11,16,23,4,3,7,20],[6,18,5,2,22,1,21,17,10,14,13,19,15,8,9,3,24,23,7,11,16,20],[18,22,21,17,6,5,14,13,15,10,2,1,19,24,23,3,11,9,8,20,16,4,7],[2,22,1,10,18,17,21,6,5,14,13,15,19,9,16,11,3,23],[14,6,5,22,18,2,1,10,13,21,17,19,15,24,9,11,4,3,12,7,8,16,20,23],[18,14,10,22,6,5,2,13,1,21,17,15,19,24,9,20,23,7,12,11,3,16,4],[18,10,22,17,21,6,5,2,1,14,13,19,15,12,23,3,9,7,8,11,4,16,24,20],[2,6,1,14,5,22,10,18,21,13,17,19,15,11,23,7,9,12,24,16,20,4,3],[22,18,21,17,2,1,6,5,14,13,19,10,15,11,23,8,9,20,24,4,12,16,3,7],[2,14,13,1,22,6,5,18,10,21,17,19,15,4,11,9,16,23,24,7,20],[2,18,22,1,21,17,10,14,13,15,6,5,19,12,7,3,11,24,8,20,4,16,23],[18,6,17,5,14,13,19,2,1,22,10,21,15,12,11,20,7,24,3,23,4,9,8,16],[10,22,2,21,1,6,5,18,17,14,13,19,15,9,23,16,11,4,8,7,24,3,20,12],[2,14,1,22,6,5,10,18,21,13,17,15,19,9,24,11,4,16,12,23,8],[14,2,13,1,22,6,5,10,18,21,17,19,15,11,16,24,20,9,4,7,23,12],[10,6,22,21,5,14,2,1,18,13,17,19,15,4,12,8,9,7,24,11,3,23,16,20],[18,2,6,5,10,22,21,1,17,14,13,19,15,3,23,12,7,9,11,8,20,4],[18,2,6,1,17,5,22,21,10,14,13,19,15,12,7,16,24,23,4,9,11,20,8,3],[14,10,18,2,1,22,6,13,5,21,17,15,19,23,12,7,16,11,3,9,20,24],[10,2,22,21,1,18,17,6,5,14,13,15,19,12,3,24,9,7,4,16,23,11,20],[14,18,10,2,13,1,6,5,22,21,17,19,15,11,3,7,23,12,8,16,20,24,9],[14,10,22,18,2,1,6,13,5,21,17,19,15,12,7,23,20,9,4,3,24,11,16,8],[10,6,22,5,14,18,2,13,1,21,17,19,15,11,24,8,4,7,3,16,20,9],[2,22,1,14,6,5,18,10,13,21,17,15,19,3,12,11,4,23,7,24,9,16,20],[22,18,17,21,10,2,1,6,5,14,13,19,15,23,7,11,16,3,24,9,8],[6,14,5,2,13,1,18,22,10,21,17,15,19,23,9,12,3,11,8,7,24,16,20],[6,10,18,5,22,21,17,14,13,15,3,19,2,1,11,9,23,4,20,24,8,7],[14,2,1,18,22,10,6,5,21,13,17,15,19,9,23,11,12,4,16,3,20,8,7],[10,18,14,22,6,13,5,2,1,21,17,19,15,24,12,9,20,4,3,23,7,8,11,16],[18,2,14,13,1,22,10,6,5,21,17,19,15,9,3,12,11,20,24,7,16,8,4],[10,2,14,1,18,6,13,5,22,21,17,15,19,24,9,12,8,3,7,11,16,20,4,23],[6,10,14,13,5,22,2,1,18,21,17,15,19,20,12,9,24,23,11,7,4,8,3,16],[6,18,5,22,21,17,10,2,1,14,13,19,15,11,24,8,16,3,9,23],[22,18,17,21,2,1,10,6,5,14,13,19,15,23,9,12,16,11,3,7,24],[6,10,22,21,5,18,17,2,1,14,13,15,19,3,20,23,12,7,11,16,8,9],[10,6,18,17,5,14,13,19,22,2,1,21,15,9,11,24,20,3,7,16,23],[14,22,6,5,2,13,1,18,10,21,17,15,19,9,11,8,7,23,3,20,12,16,4],[10,14,22,6,5,18,2,1,13,21,17,19,15,9,11,24,23,20,4,8,3,12,7],[6,18,17,5,22,21,10,14,13,19,2,1,15,11,3,9,24,12,23,4,20,7],[14,22,10,2,13,1,6,5,18,21,17,15,19,11,8,4,12,16,24,7,20,9,23,3],[6,22,21,5,10,2,1,18,17,14,13,19,15,24,11,23,16,9,7,4,20,12],[18,14,22,6,5,10,2,13,1,21,17,15,19,24,9,12,16,11,3,8,7,4,23,20],[6,2,1,18,17,5,10,22,21,14,13,15,19,9,11,8,3,23,4,12,20,24,7,16],[10,18,14,2,13,1,22,6,5,21,17,19,15,9,23,8,11,16,3,7,24,12],[18,10,22,17,21,2,1,14,13,15,6,5,19,11,24,12,7,16,4,3,20,23,8,9],[22,14,6,5,10,2,1,18,13,21,17,15,19,12,7,9,11,24,8,20,4,23,16],[14,18,10,6,13,5,22,2,1,21,17,15,19,23,12,9,11,24,4,8,7,3,16,20],[2,6,1,22,21,5,10,18,17,14,13,15,19,23,24,12,11,4,3,16,20,7],[18,2,14,13,1,6,5,10,22,21,17,19,15,9,7,12,4,23,16,11,3],[6,2,5,18,22,1,21,17,10,14,13,15,19,12,24,16,9,11,3,23,20,7],[2,10,6,5,22,21,1,14,18,13,17,15,19,9,23,24,3,11,20,7,8],[14,2,13,1,18,10,22,6,5,21,17,19,15,20,12,23,7,9,4,11,16,8,3,24],[22,2,1,18,21,17,14,13,19,6,5,10,15,11,8,3,7,24,16,20,4,12,9,23],[22,14,18,2,13,1,10,6,5,21,17,15,19,16,23,11,8,9,7,3,12,24],[6,14,13,5,18,10,2,1,22,21,17,19,15,11,20,12,16,23,9,3,8,7,24],[6,10,14,13,5,2,1,18,22,21,17,15,19,12,9,11,4,23,8,16,20,7],[22,18,21,17,2,1,14,13,15,10,8,6,5,19,24,9,12,16,4,7,11,20,23,3],[18,2,14,1,6,13,5,22,10,21,17,19,15,9,23,12,3,4,8,20,11,7],[22,2,21,1,14,6,13,5,10,18,17,19,15,12,11,24,9,3,8,4,7,16,23,20],[14,2,13,1,18,10,6,5,22,21,17,15,19,12,7,24,9,8,4,11,20,23,3],[10,6,14,5,18,2,13,1,22,21,17,15,19,23,9,11,16,20,3],[18,10,6,17,5,2,1,22,21,14,13,15,19,11,9,23,20,24,3,8,16,7],[6,2,5,22,21,1,14,18,10,13,17,15,19,12,16,23,9,20,11,3,7,8],[14,22,18,6,13,5,10,2,1,21,17,15,19,23,8,9,4,11,24,12,3,16,20,7],[10,6,22,21,5,14,2,13,1,18,17,15,19,12,11,3,23,8,4,16,24,9,20,7],[18,6,5,22,17,21,2,1,10,14,13,19,15,9,23,3,11,16,20,7,8,12,24,4],[18,10,22,21,17,14,13,19,2,1,6,5,15,23,11,20,4,7,12,9,24,16],[6,18,5,22,21,17,10,14,13,15,2,1,19,12,23,24,8,11,7,20,16,4],[18,22,17,21,10,14,13,15,6,5,2,1,19,9,23,3,11,7,8,12,4,16,24,20],[14,22,2,1,6,13,5,10,18,21,17,19,15,11,4,8,3,16,23,20,7,12],[10,2,14,13,1,22,18,6,5,21,17,15,19,9,4,24,16,11,8,7,23,3,20],[14,2,1,6,13,5,22,10,18,21,17,19,15,7,24,8,9,20,4,11,3,12,23],[14,2,1,10,18,6,5,22,13,21,17,15,19,23,12,7,4,11,9,20,24,16],[10,2,14,13,1,22,6,5,18,21,17,19,15,11,24,4,9,12,23,7,20,16,3,8],[14,6,13,5,10,22,18,2,1,21,17,15,19,12,11,20,3,24,8,9,23,4,7],[2,14,1,10,22,6,13,5,18,21,17,19,15,24,20,16,12,9,11,4,3,8,7],[2,18,22,21,1,17,14,13,19,6,5,10,15,7,12,20,11,8,24,4,9,23],[18,14,22,6,13,5,2,1,10,21,17,15,19,12,23,8,11,3,24,7,4,20,16,9],[18,10,6,17,5,14,13,15,21,2,1,19,22,20,12,23,24,11,9,7,3,16,4,8],[18,14,6,13,5,22,2,1,10,21,17,19,15,12,24,11,9,20,7,3,8,23],[22,10,14,18,6,5,2,13,1,21,17,19,15,11,9,23,3,12,7,16,4,24,20],[6,18,5,10,22,17,21,2,1,14,13,15,19,23,12,11,4,8,3,7,9,16,20,24],[18,14,10,6,5,22,2,13,1,21,17,19,15,12,24,11,20,7,16,3,8,4,23],[14,6,13,5,10,2,1,18,22,21,17,15,19,23,9,3,11,24,16,4,12,8,20,7],[6,18,5,10,14,2,1,22,13,21,17,19,15,12,11,8,4,23,24,16,3,7,9,20],[6,10,14,13,5,22,2,1,18,21,17,19,15,11,9,4,23,24,8,12,20,3,7,16],[6,10,14,13,5,22,2,1,18,21,17,15,19,9,11,23,3,4,8,16,7,24,20,12],[18,10,6,5,2,14,13,1,22,21,17,19,15,11,12,9,24,7,16,20,3,23,8,4],[22,14,2,13,1,10,18,6,5,21,17,15,19,11,20,4,23,3,12,9,8],[14,10,6,13,5,18,2,1,22,21,17,15,19,24,7,11,12,3,9,20,16,23,4,8],[2,10,22,21,1,6,5,14,18,13,17,15,19,9,3,16,11,24,23,20,7],[6,2,1,18,17,5,14,13,19,10,22,21,15,9,16,23,11,3,20],[18,14,6,5,10,2,1,22,13,21,17,19,15,12,23,4,7,9,20,11,3,16],[22,2,1,6,21,5,14,18,10,13,17,15,19,12,9,8,3,16,23,11,4,7,20,24],[14,18,22,2,1,10,6,13,5,21,17,19,15,3,9,7,23,12,11,24,8,16],[2,14,13,1,10,6,5,22,18,21,17,19,15,12,3,4,24,9,16,11,8,7,20,23],[22,14,10,6,5,18,2,1,21,13,17,19,15,24,12,4,9,20,16,23,11,8,7,3],[10,22,6,5,18,21,17,14,13,19,2,1,15,11,23,7,3,12,16,9,8],[22,18,21,17,14,13,19,10,2,1,6,5,15,11,7,12,24,8,9,23,3,20],[10,2,18,6,1,5,14,22,21,13,17,15,19,9,4,24,11,12,3,23,8,7,20],[14,2,1,18,6,13,5,10,22,21,17,15,19,9,16,8,23,11,20,3,7,4,24,12],[10,2,6,5,22,1,14,18,13,21,17,15,19,9,3,11,20,12,24,16,8,7,23,4],[10,6,2,5,14,13,1,18,22,21,17,15,19,11,16,23,20,4,3,8,7],[10,18,2,22,21,1,17,14,13,19,6,5,15,12,9,24,8,23,3,4,20,11,7],[18,2,14,1,10,22,6,5,21,13,17,19,15,23,4,9,12,20,8,16,11,3],[14,2,13,1,18,10,6,5,22,21,17,19,15,12,7,23,3,9,8,16,11,24,4,20],[14,10,22,6,13,5,18,2,1,21,17,19,15,7,9,3,24,12,11,8,20],[22,14,10,6,13,5,2,1,18,21,17,15,19,9,3,24,11,7,23,16,20],[22,18,17,21,14,13,15,6,5,10,2,1,19,12,11,3,4,23,16,8,7,20,24,9],[22,14,2,1,10,18,6,13,5,21,17,15,19,9,23,12,11,3,8,16,7],[10,18,6,17,5,2,1,22,21,14,13,19,15,3,12,11,20,8,24,23],[18,6,5,14,2,13,1,22,10,21,17,19,15,4,9,8,23,20,12,16,3,11,7,24],[14,10,2,13,1,6,5,18,22,21,17,15,19,9,3,7,23,12,16,11],[18,22,21,17,14,13,19,6,5,10,2,1,15,23,9,11,4,8,20,24,12,16,7,3],[2,6,5,22,1,18,21,17,10,14,13,15,19,11,23,9,3,20,12,8,16,7,4,24],[18,14,6,5,22,2,13,1,10,21,17,19,15,12,9,16,11,24,8,4,20,23,7,3],[10,14,18,2,1,6,5,22,21,13,17,15,19,11,12,20,4,3,7,23],[22,18,17,21,14,13,15,7,10,2,1,19,6,11,8,5,24,23,3,20,12,4],[14,18,2,1,6,13,5,22,10,21,17,15,19,24,11,7,4,16,12,8,23,3,20],[18,2,10,14,13,1,6,5,22,21,17,15,19,23,20,9,16,11,4,8],[18,10,14,22,2,1,6,5,13,21,17,15,19,11,12,23,20,4,24,8,9,7,16,3],[10,18,6,17,5,2,1,22,21,14,13,15,19,9,11,8,24,7,4,20,16,3],[2,18,14,13,1,22,6,5,10,21,17,15,19,20,3,9,11,24,16,23,4,7],[6,2,1,22,5,14,10,18,13,21,17,19,15,9,3,12,23,20,11,4,8,24,7],[10,2,22,21,1,6,5,18,17,14,13,19,15,11,23,3,8,4,7,9,24,16,20,12],[10,22,2,1,14,18,6,13,5,21,17,15,19,12,8,9,4,3,23,7,20,11],[14,18,22,2,1,10,6,13,5,21,17,19,15,3,12,23,16,9,7,11,20,4,8],[10,2,6,5,18,14,1,22,21,13,17,15,19,7,9,23,4,24,20,12,16,11,3,8],[6,2,5,10,14,13,1,18,22,21,17,19,15,20,12,3,23,7,11],[2,14,1,10,22,18,6,13,5,21,17,19,15,23,9,7,12,16,3,11,4,20],[18,10,2,6,5,14,1,22,21,13,17,15,19,24,20,12,23,9,16,4,11,3,8,7],[2,6,1,22,5,18,21,17,14,13,15,10,19,20,23,12,16,11,24,7,4],[18,2,22,1,21,17,6,5,14,13,15,10,19,9,23,11,4,16,20,12,7,24],[14,22,2,13,1,10,18,6,5,21,17,15,19,9,3,4,23,20,24,12,8,11,16,7],[22,18,17,21,14,13,15,6,5,4,10,19,2,1,23,9,20,7,11,12,16,3],[2,22,1,18,21,17,14,13,15,10,6,5,19,11,12,4,24,16,20,9,3,7,23],[10,2,18,22,21,1,17,6,5,14,13,15,19,9,3,11,7,4,8,23,20,12],[6,14,13,5,10,22,18,2,1,21,17,15,19,9,23,11,20,7,24,3],[14,10,22,6,5,2,1,18,21,13,17,19,15,11,3,12,23,9,4,7,24,8,20,16],[18,2,22,1,17,21,10,14,13,19,6,5,15,11,3,16,23,8,4,7,12],[6,22,21,5,10,18,17,2,1,14,13,19,15,11,4,24,16,23,7,20,12,3,9],[2,18