{"problem_id":"3zKaQ3h3BTdb3U9","sigma":150,"alpha":3.162,"cost":0,"probabilities":"[0.27, 0.29, 0.2, 0.24]","payoff_matrix":"[[71, -4, -70, -79, 191, -151], [-82, 107, 50, 78, -73, 40], [63, -190, 181, 154, 60, 131], [202, 92, 62, -291, 189, 88]]","uncovered":[[6,14,13,18,2,22,10,5,9,21,8,17,20,19,7,3,1,16,12,4,24,11,23,15],[14,18,6,5,13,10,9,22,2,21,16,17,8,20,7,3,1,11,12,19,4,24,15,23],[10,6,5,9,2,14,13,18,22,21,16,17,20,8,7,3,1,12,4,19,23,24,11],[18,10,14,13,6,9,22,2,21,5,16,17,20,8,7,1,4,19,3,12,23,11,24,15],[22,6,18,10,5,9,2,14,13,21,8,17,20,7,3,1,15,16,12,4,19,23,24,11],[2,18,14,22,21,6,13,10,5,9,16,17,8,20,7,1,4,3,19,12,24,11],[22,18,10,21,14,13,2,6,5,9,8,17,20,19,7,3,1,15,16,12,4,23,11,24],[18,6,22,2,10,5,9,14,13,21,8,17,20,7,1,16,4,19,3,12,23,24,11],[22,2,14,13,6,10,9,18,5,21,16,17,20,8,7,4,1,19,3,12,23,24,11,15],[10,2,22,21,6,5,9,18,14,13,16,17,20,8,19,7,3,4,1,12,23,24,11,15],[10,2,18,6,9,22,14,5,13,21,16,17,8,20,19,7,1,12,4,3,24,11,23],[10,2,6,9,22,18,14,13,5,21,16,17,8,20,19,7,1,3,11,12,4,24,23],[10,14,9,2,18,6,13,22,5,21,8,17,20,19,7,3,1,15,16,11,12,4,24,23],[18,6,10,9,22,2,14,5,13,21,16,17,8,20,19,7,3,1,11,12,4,24,15,23],[14,18,2,22,13,10,9,6,5,21,8,17,20,19,7,3,1,16,11,12,4,23,24],[6,2,10,5,9,14,13,22,18,21,16,17,8,20,19,7,4,1,3,12,24,11,15],[14,10,9,22,13,6,2,18,5,21,8,17,20,19,7,1,16,4,3,12,24,11,15,23],[18,6,10,9,2,14,5,13,22,21,16,17,8,20,7,3,1,12,4,19,23,24,11],[14,22,21,2,6,13,18,10,5,9,8,17,20,7,4,1,19,3,15,16,12,23,24,11],[22,6,2,14,5,13,10,9,18,21,16,17,8,20,19,7,1,4,3,11,12,24,15,23],[14,6,13,10,9,22,2,18,21,5,8,17,20,19,7,3,1,16,11,12,4,24,23],[18,6,10,5,9,14,13,2,22,21,8,17,20,7,1,16,4,3,19,12,23,24,11,15],[18,14,2,10,13,22,21,6,5,9,8,17,20,7,1,16,12,4,3,19,23,24,11],[2,6,10,5,9,18,22,14,13,21,8,17,20,19,7,4,1,3,15,16,12,11,23,24],[10,14,9,22,21,2,6,5,13,18,16,17,20,8,7,4,1,19,3,11,12,24],[6,2,14,5,13,18,22,10,9,21,8,17,20,19,7,1,15,16,4,3,12,24,11,23],[6,14,5,13,22,10,9,18,2,21,8,17,20,7,4,1,3,19,15,16,12,24,11,23],[6,2,10,5,9,22,14,13,18,21,8,17,20,19,7,1,16,3,12,4,24,11,15],[14,6,5,13,2,18,10,9,22,21,16,17,20,8,7,3,1,11,12,19,4,23,24,15],[2,6,18,10,9,14,13,22,5,21,16,17,8,20,19,7,1,11,12,4,3,24,23],[2,18,10,22,21,6,5,9,14,13,16,17,8,20,19,7,1,11,12,4,3,23,24,15],[14,18,2,6,13,22,10,5,9,21,8,17,20,19,7,1,16,12,3,4,23,24,11,15],[14,18,6,13,2,22,10,5,9,21,8,17,20,7,1,16,4,3,19,12,23,24,11,15],[14,2,6,5,13,18,22,10,9,21,16,17,8,20,19,7,4,1,3,12,23,24,11],[14,18,2,22,13,6,10,9,21,5,8,17,20,19,7,4,1,3,16,12,24,11,15],[18,14,6,5,13,10,9,22,2,21,8,17,20,19,7,1,15,16,12,4,3,24,11],[2,10,14,13,6,5,9,22,18,21,16,17,20,8,19,7,1,12,4,3,23,11,24],[6,2,10,9,14,5,13,22,18,21,8,17,20,7,1,16,4,3,19,12,23,24,11],[2,18,14,10,9,22,21,6,13,5,8,17,20,19,7,3,4,1,16,12,23,24,11,15],[2,6,22,10,9,18,14,13,5,21,16,17,8,20,19,7,3,4,1,11,12,24],[14,2,6,13,22,10,5,9,18,21,8,17,20,7,1,16,12,4,3,19,23,24,11,15],[10,22,9,18,2,14,13,6,5,21,8,17,20,19,7,3,1,15,16,12,4,24,11],[2,6,10,9,18,14,5,13,22,21,8,17,20,19,7,3,1,16,12,4,11,24,15,23],[10,14,9,6,13,22,18,2,5,21,8,17,20,19,7,4,1,3,15,16,11,12,23,24],[10,14,13,2,22,21,6,5,9,18,8,17,20,7,1,15,16,12,4,3,19,23,24,11],[10,22,9,6,18,14,13,2,5,21,16,17,8,20,19,7,4,1,3,12,24,11],[22,2,18,10,9,14,21,6,5,13,16,17,20,8,19,7,4,1,3,12,23,24,11,15],[14,2,18,10,13,22,9,6,5,21,8,17,20,19,7,4,1,3,15,16,12,24,11],[18,6,2,22,14,13,10,5,9,21,16,17,8,20,7,4,1,3,19,11,12,23,24,15],[6,22,10,5,9,14,13,18,2,21,16,17,20,8,7,1,4,19,3,11,12,23,24],[22,18,6,14,5,13,2,10,9,21,16,17,20,8,19,7,1,4,3,12,23,24,11],[18,10,6,9,22,14,5,13,2,21,16,17,8,20,7,4,1,19,3,11,12,23,24,15],[22,18,6,2,14,13,10,9,5,21,16,17,8,20,19,7,3,1,12,4,24,11,23,15],[10,22,21,6,5,9,18,14,13,2,16,17,8,20,19,7,4,1,3,12,23,24,11,15],[10,2,6,9,14,5,13,18,22,21,8,17,20,7,1,16,12,3,4,19,24,11],[14,10,13,22,9,18,2,6,21,5,16,17,8,20,7,3,1,11,12,19,4,23,24],[10,22,21,18,6,5,9,2,14,13,16,17,8,20,7,1,12,4,3,19,24,11,23,15],[18,22,10,21,14,9,6,13,2,5,8,17,20,19,7,1,16,4,3,12,23,11,24],[2,14,22,13,18,6,10,5,9,21,16,17,20,8,7,1,4,3,19,12,23,24,11,15],[2,14,10,13,18,22,9,6,5,21,8,17,20,19,7,3,1,16,11,12,4,24],[6,22,10,9,14,5,13,18,2,21,16,17,20,8,19,7,4,1,3,12,23,24,11],[2,14,6,5,13,18,22,10,9,21,16,17,20,8,7,4,1,19,3,11,12,24,15],[2,22,18,14,13,10,21,6,9,5,8,17,20,19,7,3,1,16,11,12,4,24,23],[14,10,13,6,5,9,18,22,2,21,16,17,20,8,7,1,12,4,3,19,23,24,11,15],[2,14,10,13,18,6,5,9,22,21,16,17,20,8,19,7,3,1,12,4,23,11,24,15],[6,18,10,5,9,2,22,14,13,21,8,20,17,7,4,1,19,3,15,16,11,12,24],[6,2,22,14,13,18,10,9,5,21,8,17,20,7,4,1,3,19,16,12,24,15,11],[14,6,13,10,5,9,18,2,22,21,16,17,8,20,19,7,1,3,12,4,24,11,23],[14,10,13,2,6,9,22,18,5,21,8,17,20,19,7,1,15,16,11,12,3,4,24,23],[6,2,14,5,13,18,22,10,9,21,8,17,20,19,7,1,16,4,3,12,24,11],[6,14,13,22,2,10,9,18,21,5,16,17,20,8,19,7,1,4,3,12,24,11,23],[2,18,6,22,14,13,10,5,9,21,8,17,20,19,7,3,4,1,16,12,24,11],[10,2,14,9,6,5,13,22,18,21,8,17,20,7,1,16,12,4,19,3,24,11],[6,14,5,13,2,10,9,18,22,21,8,17,20,7,4,1,19,3,16,12,23,11,24,15],[14,10,13,2,6,9,18,22,21,5,8,17,20,7,1,16,4,3,19,11,12,24,23],[10,6,9,2,18,22,14,13,5,21,16,17,20,8,7,1,11,12,19,3,4,23,24],[18,14,2,10,13,22,9,6,5,21,8,17,20,19,7,1,16,12,4,3,23,11,24,15],[22,10,21,18,6,9,14,13,2,5,8,16,17,20,7,1,3,12,4,19,11,23,24,15],[22,14,13,10,21,2,6,9,18,5,16,17,20,8,7,1,12,4,19,3,11,24],[14,22,13,2,10,9,6,18,21,5,8,17,20,19,7,3,1,16,11,12,4,24,23,15],[6,22,14,5,13,2,10,9,18,21,16,17,8,20,7,4,1,19,3,11,12,24,23,15],[22,2,18,14,21,6,5,13,10,9,8,17,20,7,1,16,11,12,19,4,3,23,24,15],[18,22,2,14,13,10,21,6,9,5,8,17,20,7,3,1,16,12,4,19,24,11,23,15],[22,14,21,6,13,10,5,9,2,18,16,17,20,8,19,7,1,12,3,4,23,24,11],[14,2,10,13,18,6,9,22,21,5,16,17,20,8,7,1,12,4,3,19,23,24,11,15],[6,10,5,9,14,13,2,22,18,21,8,17,20,19,7,3,1,16,11,12,4,23,24],[14,22,21,18,2,10,13,6,5,9,8,17,20,7,4,1,19,3,16,12,23,11,24],[14,2,6,13,18,22,10,5,9,21,16,17,20,8,7,3,1,12,4,19,24,11,15,23],[2,6,18,14,13,10,5,9,22,21,16,17,8,20,7,1,4,3,19,12,23,11,24],[10,6,5,9,22,14,13,18,2,21,16,17,20,8,7,1,12,4,3,19,24,11,15,23],[14,18,2,6,5,13,22,10,9,21,16,17,8,20,7,1,12,4,19,3,24,23,11,15],[22,10,9,14,13,2,18,6,5,21,8,17,20,7,4,1,3,19,16,12,23,24,11,15],[14,10,9,22,21,2,18,6,5,13,8,17,20,7,1,16,12,4,19,3,24,11],[10,6,5,9,22,18,14,13,2,21,8,17,20,19,7,3,4,1,16,11,12,23,24],[6,18,22,14,13,2,10,5,9,21,8,17,20,19,7,1,16,12,3,4,11,24,15],[22,10,21,6,9,2,18,14,5,13,16,17,8,20,7,1,12,4,3,19,23,24,11,15],[6,22,2,18,14,5,13,10,9,21,8,17,20,7,4,1,19,3,16,12,23,24,11],[10,6,5,9,22,14,13,2,18,21,8,17,20,7,3,1,16,12,4,19,23,11,24],[6,14,13,22,10,9,2,18,21,5,16,17,8,20,19,7,1,4,3,12,11,24,15,23],[22,18,10,21,2,14,9,6,13,5,16,17,8,20,19,7,3,1,11,12,4,23,24],[18,22,10,9,2,14,21,6,13,5,8,17,20,19,7,1,16,12,4,3,24,11,23],[18,6,22,14,13,2,10,5,9,21,16,17,8,20,7,1,11,12,19,3,4,24,15,23],[6,10,5,9,22,2,18,14,13,21,16,17,20,8,19,7,3,1,12,4,24,15,11,23],[22,10,9,14,13,2,18,6,5,21,16,17,20,8,7,4,1,3,19,11,12,23,24],[18,2,14,22,13,10,9,6,21,5,8,17,20,19,7,4,1,3,16,11,12,24],[2,14,22,21,18,10,13,6,9,5,16,17,8,20,7,3,1,12,4,19,23,24,11,15],[2,14,22,21,10,13,6,5,9,18,16,17,20,8,19,7,3,1,12,4,24,11,15,23],[6,10,5,9,18,2,22,14,13,21,8,20,17,7,1,16,12,4,3,19,23,24,11,15],[22,6,14,13,2,18,10,9,21,5,8,17,20,19,7,3,1,16,11,12,4,23,24,15],[10,18,2,22,21,6,9,14,13,5,16,17,8,20,7,1,12,4,3,19,23,24,11,15],[22,2,6,10,5,9,14,13,18,21,16,17,8,20,7,1,11,12,19,4,3,24,23,15],[22,18,2,6,10,5,9,14,13,21,16,17,8,20,7,4,1,19,3,12,23,24,11],[2,6,18,10,5,9,14,13,22,21,8,16,17,20,19,7,4,1,3,12,24,11,15],[18,2,22,14,21,6,13,10,5,9,8,17,20,19,7,1,16,11,12,4,3,23,24,15],[22,14,21,6,5,13,18,10,9,2,16,17,20,8,19,7,1,12,3,4,24,11],[10,2,18,6,9,22,14,13,21,5,8,17,20,7,1,15,16,12,4,3,19,24,11,23],[6,18,14,13,10,5,9,2,22,21,8,17,20,19,7,4,1,3,15,16,12,23,24,11],[2,14,10,9,18,22,13,6,5,21,8,20,17,19,7,1,16,11,12,3,4,23,24,15],[18,14,6,5,13,10,9,22,2,21,16,17,20,8,19,7,3,1,12,4,23,24,11,15],[2,10,6,9,14,13,18,22,5,21,8,17,20,19,7,1,16,3,11,12,4,24,23],[22,10,9,14,21,18,6,5,13,2,8,17,20,19,7,1,16,11,12,4,3,23,24,15],[14,6,13,2,10,5,9,22,18,21,8,17,20,7,1,16,12,4,3,19,23,24,11],[14,6,5,13,2,22,10,9,18,21,8,17,20,19,7,4,1,3,15,16,11,12,24,23],[10,6,5,9,14,13,2,22,18,21,8,17,20,19,7,4,1,3,15,16,11,12,24,23],[22,6,10,9,18,2,14,5,13,21,8,17,20,19,7,3,1,16,12,15,4,24,11,23],[2,10,6,5,9,18,22,14,13,21,16,17,8,20,7,3,1,12,4,19,24,15,11,23],[6,2,14,5,13,10,9,18,22,21,8,17,20,19,7,1,16,12,4,3,24,11],[22,10,9,2,14,21,18,6,13,5,16,17,20,8,19,7,1,12,4,3,24,11,23],[10,18,14,13,6,5,9,2,22,21,16,17,20,8,19,7,1,12,4,3,23,24,11,15],[6,10,5,9,2,14,13,22,18,21,16,17,20,8,19,7,3,1,11,12,4,23,24,15],[22,2,6,18,14,5,13,10,9,21,8,17,20,19,7,3,1,15,16,12,4,24,11],[14,6,13,2,18,10,5,9,22,21,16,17,20,8,19,7,3,4,1,11,12,24,23,15],[22,6,14,13,2,18,10,5,9,21,8,17,20,19,7,1,16,3,12,4,23,11,24],[22,14,13,18,10,9,6,2,21,5,16,17,20,8,7,4,1,3,19,11,12,23,24],[6,14,5,13,18,22,2,10,9,21,16,17,20,8,7,1,4,3,19,12,23,24,11,15],[2,18,10,22,21,14,13,6,9,5,8,17,20,19,7,3,1,16,12,4,24,11,23],[10,2,18,14,9,6,13,22,5,21,8,16,17,20,19,7,1,12,4,3,24,11,23],[2,18,14,22,13,10,21,6,9,5,8,17,20,7,1,15,16,12,4,3,19,23,24,11],[18,6,14,5,13,10,9,2,22,21,8,17,20,19,7,4,1,3,15,16,11,12,23,24],[10,2,22,9,14,13,18,6,5,21,16,17,20,8,7,4,1,3,19,11,12,23,24,15],[10,18,22,21,2,14,13,6,5,9,16,17,8,20,19,7,4,1,3,12,23,24,11],[2,18,10,22,21,6,5,9,14,13,8,17,20,7,3,1,16,12,4,19,23,11,24],[22,14,21,10,13,6,9,18,2,5,16,17,8,20,19,7,3,1,12,4,24,11,15,23],[18,14,6,5,13,2,10,9,22,21,16,17,20,8,19,7,1,3,11,12,4,24,23],[14,2,6,13,18,10,9,22,5,21,16,17,8,20,7,1,12,4,3,19,23,24,11],[22,6,18,10,5,9,14,13,2,21,16,17,20,8,7,1,12,4,19,3,24,11],[10,22,9,2,6,18,14,5,13,21,8,17,20,7,4,1,3,19,16,12,24,11],[2,6,10,5,9,14,13,22,18,21,8,17,20,19,7,4,1,3,16,11,12,24,15,23],[2,6,22,14,13,10,9,18,5,21,16,17,8,20,19,7,4,1,3,11,12,24,15,23],[2,6,18,10,5,9,14,13,22,21,8,17,20,19,7,1,16,4,3,11,12,23,24],[14,18,2,22,13,6,10,9,5,21,8,17,20,19,7,3,4,1,16,12,24,11,23,15],[6,10,5,9,18,14,13,22,2,21,8,17,20,7,1,16,12,3,4,19,23,24,11],[10,22,9,2,14,13,18,6,21,5,16,17,8,20,7,4,1,3,19,12,23,24,11,15],[22,14,21,10,13,6,5,9,2,18,16,17,20,8,7,3,1,11,12,19,4,23,24,15],[2,6,22,10,5,9,14,13,18,21,16,17,20,8,7,4,1,3,19,12,23,11,24,15],[18,22,2,10,9,14,13,6,5,21,16,17,8,20,7,3,1,12,4,19,15,24,11,23],[10,2,22,21,6,5,9,14,13,18,16,17,8,20,19,7,4,1,3,12,23,11,24,15],[14,22,21,6,13,10,9,2,18,5,8,17,20,7,1,16,12,4,19,3,24,11],[22,6,14,5,13,18,10,9,2,21,8,17,20,7,4,1,3,19,16,12,23,24,11],[2,22,6,10,5,9,18,14,13,21,16,17,20,8,19,7,4,1,3,12,23,11,24,15],[14,18,10,13,2,6,9,22,21,5,8,17,20,7,3,1,16,12,4,19,11,23,24],[22,10,9,14,21,6,13,2,18,5,8,17,20,19,7,4,1,3,16,12,23,24,11,15],[22,14,13,6,10,9,2,18,5,21,16,17,20,8,7,1,3,12,4,19,24,11,23],[18,6,14,13,22,10,9,2,5,21,8,20,17,7,4,1,19,3,15,16,12,24,23,11],[2,10,6,9,14,5,13,22,18,21,16,17,8,20,19,7,4,1,3,11,12,24,15,23],[14,6,13,18,10,9,2,22,5,21,16,17,20,8,19,7,1,4,3,12,23,24,11,15],[18,6,2,14,5,13,10,9,22,21,16,17,20,8,7,1,4,19,3,11,12,23,24,15],[22,10,21,14,13,2,6,5,9,18,16,17,8,20,19,7,4,1,3,12,23,24,15,11],[10,14,9,22,13,2,18,6,21,5,16,17,20,8,7,3,1,12,4,19,24,11],[14,22,13,6,18,10,9,2,5,21,8,17,20,7,3,1,16,12,4,19,24,11,23,15],[2,22,6,14,5,13,18,10,9,21,8,17,20,19,7,1,16,12,3,4,23,11,24,15],[6,18,2,22,10,5,9,14,13,21,8,17,20,7,4,1,3,19,15,16,12,24,11],[2,10,22,21,14,9,6,13,18,5,16,17,8,20,7,1,12,4,19,3,24,11,23],[14,2,18,22,21,10,13,6,5,9,8,17,20,7,1,16,12,3,4,19,23,24,11,15],[14,6,5,13,22,18,2,10,9,21,16,17,8,20,7,1,12,4,3,19,23,24,11,15],[18,2,6,14,13,10,5,9,22,21,8,17,20,19,7,4,1,3,15,16,12,23,11,24],[22,10,9,14,21,18,2,6,13,5,8,17,20,19,7,4,1,3,16,11,12,24],[6,10,5,9,22,14,13,2,18,21,16,17,8,20,19,7,4,1,3,12,24,11,23],[2,14,6,5,13,22,18,10,9,21,16,17,8,20,19,7,1,4,3,12,11,23,24,15],[14,6,13,22,18,10,5,9,2,21,8,17,20,19,7,4,1,3,16,11,12,23,24,15],[2,14,6,13,22,18,10,9,21,5,16,17,20,8,7,4,1,19,3,12,24,11,23],[18,2,10,14,9,22,13,6,5,21,16,17,8,20,7,3,4,1,19,12,24,11,23,15],[22,14,21,6,13,18,10,9,2,5,16,17,8,20,19,7,4,1,3,11,12,23,24],[10,14,13,22,21,2,6,9,18,5,8,17,20,7,1,16,12,4,19,3,11,24,23,15],[14,6,13,10,9,2,22,18,5,21,16,17,20,8,7,1,3,12,4,19,24,11],[22,14,13,18,10,9,2,6,21,5,16,17,8,20,19,7,4,1,3,12,24,11,15,23],[10,18,6,9,14,5,13,2,22,21,16,17,20,8,19,7,1,4,3,12,24,11],[18,6,14,5,13,10,9,22,2,21,8,17,20,7,3,1,16,12,4,19,23,24,11],[2,6,22,18,10,9,14,13,5,21,16,17,8,20,19,7,4,1,3,12,24,11,15,23],[2,18,22,10,21,14,9,6,5,13,8,17,20,19,7,4,1,3,15,16,12,24,11,23],[2,10,22,21,18,14,13,6,5,9,16,17,20,8,19,7,1,3,12,4,23,24,11,15],[14,18,2,6,5,13,22,10,9,21,16,17,8,20,7,1,12,4,3,19,23,11,24],[10,22,9,2,6,14,13,18,5,21,8,17,20,7,1,16,12,4,3,19,23,24,11,15],[22,10,21,6,5,9,18,2,14,13,8,16,17,20,7,1,12,4,19,3,24,11,23],[10,14,13,22,9,2,6,18,5,21,8,17,20,19,7,3,4,1,15,16,11,12,23,24],[14,18,2,22,13,10,21,6,9,5,16,17,20,8,7,4,1,3,19,12,23,24,11],[22,6,2,10,9,14,13,18,5,21,16,17,8,20,7,1,4,3,19,12,24,11],[18,6,22,2,10,9,14,5,13,21,16,17,8,20,19,7,4,1,3,11,12,24,15],[2,18,14,22,13,6,10,9,21,5,16,17,8,20,19,7,4,1,3,12,23,24,11,15],[10,2,6,9,14,5,13,18,22,21,16,17,8,20,19,7,3,1,12,4,24,11,15,23],[2,14,18,6,5,13,10,9,22,21,8,17,20,7,1,16,4,3,19,12,24],[2,6,18,22,14,5,13,10,9,21,8,16,17,20,7,1,4,3,19,11,12,23,24],[2,14,18,22,13,6,10,5,9,21,8,17,20,7,4,1,3,19,16,12,23,24,11],[18,14,22,21,2,6,5,13,10,9,16,17,20,8,19,7,4,1,3,11,12,24,15],[10,6,5,9,22,2,14,13,18,21,16,17,20,8,19,7,1,11,12,3,4,24,23],[18,6,22,2,10,9,14,13,5,21,16,17,8,20,19,7,4,1,3,11,12,23,24],[22,10,21,2,18,6,9,14,13,5,8,17,20,7,1,16,4,19,3,12,23,24,11,15],[10,14,9,6,5,13,22,2,18,21,16,17,8,20,7,1,3,12,4,19,23,11,24,15],[10,6,9,18,2,14,13,22,5,21,8,17,20,7,1,16,4,19,3,12,11,24,23],[10,22,9,6,2,18,14,13,21,5,16,17,8,20,19,7,4,1,3,11,12,24,23],[6,22,18,14,13,2,10,5,9,21,16,17,8,20,7,1,12,3,4,19,23,24,15,11],[18,6,2,22,14,13,10,5,9,21,16,17,8,20,19,7,1,12,4,3,24,11,23],[6,10,9,14,13,18,2,22,21,5,16,17,8,20,19,7,4,1,3,11,12,24,15,23],[10,6,5,9,18,14,13,22,2,21,16,17,8,20,19,7,4,1,3,11,12,24,23],[6,2,10,9,18,22,14,5,13,21,8,17,20,7,1,16,12,4,19,3,23,24,11],[18,10,6,9,22,14,5,13,2,21,16,17,20,8,7,1,12,4,19,3,24,11],[18,22,14,21,2,10,9,6,13,5,8,16,17,20,19,7,4,1,3,12,23,24,11],[10,14,9,22,21,2,18,6,13,5,16,17,20,8,7,1,11,12,19,4,3,23,24,15],[14,6,13,22,10,5,9,2,18,21,16,17,20,8,7,1,12,4,3,19,24,11,23],[18,10,22,21,2,14,13,6,9,5,16,17,20,8,7,4,1,19,3,11,12,23,24,15],[22,10,21,18,14,13,6,5,9,2,16,17,20,8,19,7,3,1,12,4,24,23,15,11],[2,14,22,13,10,9,18,6,5,21,16,17,20,8,7,3,1,12,4,19,23,24,11],[18,14,6,13,10,9,2,22,21,5,8,17,20,19,7,1,16,3,11,12,4,24],[22,18,10,9,6,2,14,13,21,5,8,20,17,7,1,16,12,4,3,19,24,11],[22,10,9,18,14,13,2,6,21,5,16,17,8,20,19,7,1,4,3,11,12,24,23],[22,18,14,13,6,10,5,9,2,21,16,17,8,20,19,7,3,1,12,4,23,24,11],[6,10,5,9,2,14,13,22,18,21,8,17,20,7,4,1,19,3,15,16,12,23,11,24],[22,2,6,14,5,13,18,10,9,21,16,17,8,20,7,4,1,3,19,12,24,11,15,23],[22,14,13,18,10,21,2,6,9,5,16,17,20,8,7,1,4,3,19,12,23,11,24],[14,18,10,9,6,5,13,22,2,21,8,17,20,19,7,3,1,16,12,4,23,24,11,15],[18,22,10,9,2,14,21,6,5,13,16,17,8,20,7,4,1,19,3,12,24,11,23],[22,2,18,10,9,14,13,6,5,21,8,17,20,19,7,1,16,12,4,3,23,24,11,15],[10,6,9,14,5,13,18,22,2,21,16,17,8,20,19,7,3,1,12,4,23,24,11,15],[6,22,2,10,5,9,18,14,13,21,8,17,20,19,7,4,1,3,16,12,24,11,23],[14,10,9,18,22,13,6,2,5,21,16,17,8,20,7,1,12,4,19,3,11,24,15,23],[18,14,22,13,10,21,2,6,9,5,16,17,20,8,7,1,12,4,3,19,24,15,11,23],[2,22,18,10,9,6,14,13,21,5,16,17,8,20,7,1,12,4,19,3,23,24,11,15],[22,18,10,9,2,6,14,5,13,21,16,17,20,8,19,7,1,12,4,3,24,11,15,23],[10,22,9,6,2,18,14,5,13,21,8,17,20,19,7,4,1,3,16,12,11,24,23],[18,6,10,5,9,14,13,22,2,21,16,17,20,8,7,3,4,1,19,11,12,24,23],[18,22,14,13,10,9,2,6,21,5,16,17,8,20,7,1,3,12,4,19,23,24,11,15],[2,10,22,21,18,6,5,9,14,13,8,17,20,19,7,3,1,16,12,4,24,11],[18,2,10,22,21,6,9,14,5,13,8,17,20,7,1,16,11,12,19,3,4,24,15,23],[2,18,22,10,21,14,9,6,13,5,8,17,20,7,3,1,16,12,4,19,23,24,11],[6,18,22,10,5,9,2,14,13,21,8,17,20,19,7,4,1,3,16,11,12,24],[10,22,9,6,18,14,13,2,5,21,16,17,8,20,19,7,1,12,3,4,24,15,23,11],[18,6,10,5,9,22,14,13,2,21,16,17,20,8,19,7,4,1,3,12,23,11,24],[2,22,10,21,6,5,9,18,14,13,16,17,20,8,19,7,4,1,3,11,12,24,23],[10,2,6,9,18,22,14,13,5,21,8,20,17,7,1,16,4,19,3,11,12,24,23,15],[6,18,10,9,2,14,5,13,22,21,16,17,8,20,19,7,4,1,3,12,24,15,11,23],[10,22,21,6,5,9,2,18,14,13,16,17,20,8,7,3,1,12,4,19,24,11,23],[22,10,9,14,13,2,6,18,21,5,8,17,20,19,7,4,1,3,16,12,23,11,24],[2,14,6,5,13,22,18,10,9,21,8,17,20,19,7,1,16,4,3,11,12,24],[2,14,10,13,22,9,18,6,21,5,8,17,20,19,7,1,16,4,3,12,24],[2,22,10,9,6,18,14,13,21,5,8,17,20,7,3,4,1,19,16,11,12,24,23,15],[18,2,6,14,13,22,10,9,5,21,8,17,20,7,4,1,3,19,15,16,12,23,11,24],[14,10,9,6,5,13,22,2,18,21,8,17,20,7,1,16,4,3,19,11,12,24,23,15],[10,14,13,22,21,2,6,9,18,5,8,17,20,7,1,16,12,4,19,3,23,24,11,15],[18,2,22,6,14,5,13,10,9,21,16,17,8,20,7,1,3,12,4,19,24,11,15],[2,22,14,13,10,21,18,6,9,5,16,17,20,8,19,7,1,12,4,3,23,24,11],[10,2,22,9,6,18,14,13,5,21,16,17,20,8,19,7,1,4,3,11,12,23,24,15],[6,14,13,10,9,22,18,2,5,21,8,20,17,7,3,4,1,19,16,11,12,24,23,15],[18,2,6,14,13,22,10,9,5,21,8,17,20,19,7,1,16,4,3,12,23,24,11],[14,2,10,13,22,21,18,6,5,9,8,17,20,19,7,1,16,12,3,4,23,24,11],[18,14,22,13,10,21,2,6,5,9,16,17,20,8,19,7,1,3,12,4,23,24,11],[10,22,21,2,14,13,18,6,9,5,8,17,20,7,1,16,3,12,4,19,24,11],[18,14,2,22,21,10,13,6,5,9,8,17,20,19,7,1,15,16,4,3,12,23,24,11],[18,22,6,10,5,9,14,13,2,21,16,17,20,8,19,7,3,1,12,4,23,15,24,11],[6,22,14,13,18,10,9,2,5,21,16,17,20,8,7,1,11,12,19,3,4,24],[18,6,2,14,13,22,10,5,9,21,16,17,8,20,19,7,3,1,12,4,23,24,11,15],[22,6,14,13,18,10,9,2,5,21,8,17,20,19,7,3,1,16,12,4,23,24,11,15],[14,10,13,6,9,2,22,18,5,21,16,17,20,8,19,7,1,3,12,4,24,11],[22,6,14,13,2,18,10,5,9,21,16,17,20,8,19,7,3,4,1,12,24,23,11],[10,22,21,6,5,9,14,13,18,2,8,20,17,19,7,4,1,3,15,16,12,23,11,24],[6,2,22,18,10,5,9,14,13,21,16,17,8,20,19,7,1,4,3,12,11,24],[2,14,22,13,18,6,10,5,9,21,8,17,20,7,1,16,12,4,3,19,24,11,23],[18,6,14,13,22,2,10,9,5,21,16,17,20,8,7,3,4,1,19,12,24,11],[18,10,2,14,13,22,9,6,5,21,8,17,20,7,4,1,19,3,15,16,12,24,11],[18,10,2,6,5,9,14,13,22,21,16,17,8,20,7,1,4,19,3,11,12,24,23,15],[6,18,22,10,9,2,14,5,13,21,16,17,8,20,7,4,1,3,19,11,12,24],[14,2,22,21,18,10,13,6,9,5,8,17,20,19,7,1,16,11,12,3,4,23,24],[18,2,6,22,10,9,14,5,13,21,8,17,20,19,7,1,16,12,3,4,23,11,24],[10,2,14,9,22,13,18,6,21,5,16,17,20,8,7,4,1,3,19,12,23,15,24,11],[18,6,2,10,5,9,22,14,13,21,16,17,8,20,19,7,4,1,3,12,11,23,24,15],[10,18,6,5,9,2,14,13,22,21,8,17,20,7,1,16,12,4,3,19,11,24],[10,6,9,18,2,14,13,22,5,21,8,17,20,7,1,16,12,4,3,19,23,24,11],[10,22,21,6,5,9,14,13,18,2,16,17,20,8,7,1,11,12,19,4,3,23,24],[22,6,14,5,13,2,18,10,9,21,16,17,20,8,7,3,1,12,4,19,11,24,15,23],[6,2,22,10,9,18,14,5,13,21,8,17,20,7,4,1,19,3,16,12,23,24,11],[10,14,13,2,6,9,18,22,5,21,16,17,20,8,19,7,4,1,3,12,15,24,11,23],[22,18,10,9,14,21,6,5,13,2,8,17,20,19,7,3,4,1,15,16,11,12,23,24],[14,22,21,10,9,6,5,13,2,18,8,17,20,7,4,1,19,3,15,16,11,12,23,24],[6,10,9,14,5,13,2,22,18,21,8,17,20,7,1,16,4,19,3,12,23,24,11,15],[6,2,22,18,10,9,14,5,13,21,8,17,20,19,7,4,1,3,15,16,12,24,11,23],[22,14,13,18,6,2,10,9,5,21,16,17,20,8,7,1,11,12,19,4,3,24,15,23],[14,10,13,18,22,21,2,6,5,9,16,17,8,20,7,4,1,19,3,12,11,23,24,15],[6,18,2,10,5,9,14,13,22,21,8,17,20,19,7,3,1,16,11,12,4,23,24,15],[22,14,13,10,21,18,2,6,9,5,16,17,8,20,7,3,1,12,4,19,24,11,23,15],[14,18,6,5,13,22,10,9,2,21,16,17,20,8,7,1,3,11,12,19,4,23,24,15],[18,6,10,5,9,14,13,2,22,21,8,17,20,19,7,3,4,1,16,11,12,24],[14,18,22,13,2,6,10,5,9,21,8,17,20,7,4,1,3,19,16,12,24,11,15],[10,18,22,21,6,5,9,2,14,13,16,17,8,20,7,1,12,4,3,19,23,24,11,15],[14,2,6,5,13,10,9,22,18,21,16,17,8,20,19,7,4,1,3,11,12,24,23],[6,10,5,9,18,14,13,2,22,21,8,17,20,7,4,1,3,19,16,11,12,24,23],[14,6,13,2,18,10,5,9,22,21,8,17,20,7,1,15,16,12,3,4,19,23,24,11],[6,14,13,10,5,9,2,18,22,21,16,17,20,8,19,7,3,1,12,4,24,11,15],[6,2,18,14,5,13,22,10,9,21,8,17,20,19,7,3,1,16,12,4,23,24,11,15],[2,6,18,22,14,13,10,5,9,21,16,17,8,20,7,1,12,4,3,19,24,11,15,23],[22,14,21,6,5,13,2,18,10,9,8,17,20,7,4,1,3,19,16,12,11,23,24],[2,18,10,22,9,14,21,6,13,5,8,17,20,7,1,16,4,3,19,11,12,24,23],[2,14,10,9,22,21,6,13,18,5,8,17,20,19,7,3,4,1,15,16,11,12,23,24],[22,10,21,6,5,9,18,2,14,13,16,17,20,8,19,7,4,1,3,12,24,11],[14,22,13,18,10,21,2,6,9,5,8,16,17,20,7,1,12,4,3,19,24,11,23,15],[14,10,9,2,22,21,18,6,13,5,8,17,20,19,7,1,16,3,11,12,4,24,23,15],[2,6,22,18,10,5,9,14,13,21,8,17,20,19,7,4,1,3,16,11,12,23,24,15],[14,2,6,13,22,10,5,9,18,21,16,17,8,20,7,4,1,3,19,12,23,24,11,15],[2,6,10,5,9,14,13,22,18,21,8,17,20,19,7,1,15,16,12,4,3,11,23,24],[14,2,22,21,6,13,10,9,18,5,8,17,20,19,7,3,1,16,11,12,4,24,23,15],[14,2,22,21,10,9,18,6,5,13,16,17,20,8,7,1,4,3,19,12,23,11,24],[10,18,2,6,5,9,22,14,13,21,16,17,20,8,7,1,4,3,19,12,23,24,11],[22,2,6,10,5,9,18,14,13,21,16,17,20,8,19,7,4,1,3,12,24,11,23,15],[2,18,14,22,13,10,21,6,9,5,8,17,20,7,1,15,16,4,19,3,11,12,23,24],[18,6,22,2,14,13,10,5,9,21,16,17,20,8,7,1,12,3,4,19,23,11,24,15],[2,22,18,14,21,10,13,6,9,5,16,17,8,20,7,1,4,19,3,12,23,24,11,15],[10,6,9,14,5,13,22,18,2,21,16,17,20,8,19,7,4,1,3,11,12,24,23],[22,14,13,10,9,6,2,18,21,5,16,17,20,8,19,7,3,4,1,12,11,24,23,15],[22,10,9,2,6,14,13,18,5,21,16,17,20,8,19,7,1,3,12,4,23,24,11,15],[6,2,18,22,10,5,9,14,13,21,8,17,20,7,1,16,12,4,3,19,23,11,24],[18,14,6,13,2,10,5,9,22,21,8,17,20,7,1,16,11,12,19,3,4,24,15,23],[10,14,13,2,6,5,9,22,18,21,16,17,8,20,19,7,3,1,12,4,23,24,11],[10,18,14,13,2,22,21,6,5,9,8,17,20,7,1,16,4,3,19,12,11,23,24,15],[14,10,9,6,5,13,22,18,2,21,16,17,8,20,7,4,1,3,19,12,23,24,11],[18,10,6,9,22,2,14,13,21,5,16,17,20,8,19,7,4,1,3,12,24,11,23,15],[2,18,14,22,13,10,21,6,9,5,8,17,20,7,4,1,19,3,15,16,12,23,24,11],[6,18,14,5,13,22,10,9,2,21,16,17,20,8,7,1,4,19,3,12,23,15,24,11],[2,18,14,10,9,22,21,6,5,13,8,17,20,19,7,1,15,16,11,12,3,4,23,24],[18,6,10,9,14,13,22,2,21,5,16,17,8,20,19,7,1,12,4,3,11,24,23,15],[22,2,18,10,9,6,14,13,21,5,16,17,20,8,19,7,3,4,1,12,23,11,24],[14,18,6,5,13,2,10,9,22,21,16,17,20,8,7,1,4,19,3,12,23,11,24],[10,6,5,9,14,13,22,2,18,21,8,17,20,19,7,3,4,1,16,12,24,15,11,23],[10,6,9,2,22,18,14,5,13,21,8,17,20,19,7,4,1,3,16,12,23,24,11,15],[14,18,2,6,5,13,22,10,9,21,8,17,20,19,7,3,4,1,15,16,11,12,23,24],[18,22,6,2,10,9,14,13,21,5,8,17,20,7,1,16,12,4,19,3,24,11],[6,14,13,22,2,18,10,9,21,5,16,17,20,8,19,7,4,1,3,12,24,11],[14,18,10,13,6,9,2,22,21,5,16,17,8,20,19,7,1,4,3,12,24,15,11,23],[14,22,13,18,6,10,5,9,2,21,8,17,20,19,7,3,1,16,11,12,4,23,24,15],[14,22,13,18,2,10,9,6,5,21,16,17,20,8,7,1,4,3,19,12,24,11,15,23],[22,14,21,2,18,6,13,10,9,5,16,17,8,20,19,7,1,4,3,12,23,11,24],[2,18,6,22,14,5,13,10,9,21,16,17,20,8,7,1,12,4,19,3,23,11,24],[18,2,22,14,21,10,9,6,5,13,8,17,20,7,1,16,4,3,19,11,12,24,15,23],[14,6,5,13,18,22,2,10,9,21,8,17,20,19,7,1,16,3,12,4,23,24,11],[2,6,14,5,13,18,22,10,9,21,16,17,20,8,7,1,4,19,3,12,24,15,23,11],[10,14,9,6,13,18,2,22,5,21,16,17,8,20,19,7,3,1,11,12,4,24],[22,18,6,10,5,9,2,14,13,21,8,17,20,7,3,1,16,12,4,19,24,11,23],[10,6,9,2,18,14,13,22,21,5,16,17,20,8,19,7,4,1,3,12,23,24,11],[2,6,18,10,9,14,13,22,5,21,16,17,20,8,19,7,1,3,12,4,23,24,11],[22,14,21,10,13,18,6,5,9,2,16,17,20,8,7,1,12,4,3,19,24,11,15,23],[18,6,10,5,9,2,22,14,13,21,16,17,20,8,19,7,4,1,3,11,12,24,23,15],[10,6,5,9,2,22,18,14,13,21,16,17,8,20,19,7,1,3,12,4,23,24,11,15],[22,10,9,18,2,14,13,6,21,5,8,17,20,7,1,16,12,4,19,3,24,11],[14,10,9,2,22,13,6,18,5,21,8,17,20,7,4,1,3,19,15,16,12,24,11,23],[18,14,22,21,10,13,6,5,9,2,16,17,20,8,7,1,12,4,19,3,23,24,11,15],[6,2,14,13,10,5,9,18,22,21,16,17,8,20,19,7,4,1,3,12,24,11,23],[18,22,14,21,2,10,13,6,9,5,16,17,8,20,7,1,12,4,3,19,11,23,24,15],[18,6,10,5,9,14,13,2,22,21,8,17,20,19,7,1,16,12,4,3,24,11,23,15],[6,18,10,9,22,14,5,13,2,21,8,17,20,19,7,4,1,3,16,11,12,24,15,23],[2,14,18,6,5,13,10,9,22,21,8,17,20,7,1,16,11,12,19,4,3,23,24],[6,10,9,14,13,2,18,22,21,5,16,17,20,8,7,1,4,3,19,12,24,11],[18,14,2,22,21,10,13,6,5,9,8,17,20,7,4,1,19,3,16,11,12,24,23,15],[2,14,10,9,22,13,18,6,21,5,16,17,20,8,7,3,1,12,4,19,24,11],[22,18,2,6,14,13,10,5,9,21,8,17,20,19,7,1,16,4,3,11,12,24],[2,10,6,9,22,14,5,13,18,21,16,17,8,20,7,1,4,19,3,11,12,24],[22,14,13,18,6,2,10,5,9,21,16,17,8,20,7,4,1,3,19,12,24,11,15],[14,2,6,13,22,18,10,5,9,21,16,17,8,20,19,7,3,1,12,4,24,11],[2,18,6,14,5,13,10,9,22,21,16,17,8,20,7,1,4,19,3,12,24,11,23],[18,2,14,22,13,10,9,6,5,21,8,17,20,19,7,3,1,15,16,12,4,11,24],[22,14,21,2,18,10,9,6,5,13,16,17,8,20,19,7,1,4,3,12,23,24,11],[18,22,2,10,21,14,9,6,5,13,8,17,20,7,1,16,12,4,19,3,23,24,11,15],[2,22,10,9,6,18,14,5,13,21,16,17,8,20,7,4,1,19,3,11,12,24],[10,18,2,6,5,9,22,14,13,21,8,17,20,19,7,3,1,16,12,4,24,23,11],[18,10,22,21,2,14,13,6,9,5,8,17,20,7,4,1,19,3,15,16,11,12,23,24],[6,2,14,13,18,10,5,9,22,21,16,17,20,8,7,1,12,4,3,19,23,11,24,15],[14,22,13,18,6,2,10,5,9,21,8,17,20,7,4,1,19,3,15,16,11,12,24,23],[22,10,21,6,9,2,18,14,13,5,16,17,20,8,19,7,1,4,3,11,12,24,23,15],[6,14,13,18,10,5,9,2,22,21,16,17,8,20,19,7,3,1,12,4,24,11,15,23],[2,14,22,13,18,10,21,6,9,5,8,17,20,19,7,1,16,12,3,4,23,24,11,15],[2,10,18,22,21,14,13,6,9,5,16,17,20,8,7,3,1,12,4,19,24,23,11,15],[2,22,18,10,21,6,5,9,14,13,8,20,17,7,1,16,4,19,3,12,23,24,11,15],[18,2,22,10,9,14,13,6,21,5,8,17,20,19,7,3,1,16,11,12,4,24,23,15],[14,6,5,13,10,9,22,2,18,21,16,17,8,20,19,7,4,1,3,12,24,11,23],[2,14,10,9,22,13,18,6,21,5,16,17,20,8,19,7,4,1,3,12,23,24,11,15],[22,14,13,6,2,10,5,9,18,21,8,17,20,7,4,1,3,19,15,16,12,24,11,23],[18,6,22,10,9,14,5,13,2,21,8,17,20,7,1,16,12,4,19,3,24,11],[10,14,9,18,2,6,13,22,5,21,8,17,20,7,1,16,12,4,19,3,23,11,24],[22,2,6,10,9,14,13,18,5,21,16,17,20,8,19,7,1,3,12,4,23,24,11],[14,2,10,13,22,9,6,18,5,21,8,17,20,7,1,16,12,4,19,3,23,24,11],[14,22,21,2,10,9,18,6,13,5,8,17,20,7,3,1,16,12,4,19,23,24,11,15],[22,10,9,14,13,6,2,18,5,21,16,17,20,8,19,7,1,4,3,12,24,11,15,23],[6,22,10,9,2,14,13,18,21,5,8,17,20,7,1,16,12,4,3,19,24,11],[6,14,5,13,2,22,10,9,18,21,8,17,20,19,7,4,1,3,16,11,12,23,24,15],[22,2,10,21,14,13,6,9,18,5,8,17,20,19,7,4,1,3,16,12,24,11,23,15],[10,18,14,13,22,21,6,9,2,5,16,17,20,8,7,1,4,19,3,12,11,24],[18,10,14,9,22,13,6,2,5,21,8,16,17,20,7,1,3,12,4,19,23,24,11,15],[6,10,5,9,18,22,2,14,13,21,8,17,20,7,1,16,12,4,3,19,24,11,23],[18,14,6,5,13,10,9,2,22,21,16,17,20,8,19,7,3,1,12,4,23,11,24,15],[10,22,9,6,18,2,14,5,13,21,8,17,20,7,1,16,12,4,3,19,24,11,15],[10,18,14,9,2,22,21,6,5,13,16,17,20,8,19,7,1,3,12,4,11,23,24,15],[14,18,2,6,5,13,22,10,9,21,8,17,20,7,1,16,4,19,3,12,15,24,11,23],[18,22,2,14,21,10,9,6,5,13,8,17,20,7,4,1,19,3,16,12,23,24,11],[22,18,2,10,21,14,13,6,5,9,8,17,20,19,7,1,16,12,4,3,24,23,15,11],[2,14,22,21,10,9,18,6,5,13,16,17,8,20,7,1,4,3,19,11,12,24,23,15],[22,18,10,9,14,13,6,2,5,21,16,17,20,8,19,7,3,1,12,4,24,11,23],[10,6,5,9,22,14,13,18,2,21,16,17,20,8,19,7,1,4,3,11,12,24,23],[14,6,13,22,10,5,9,18,2,21,8,17,20,19,7,4,1,3,16,11,12,23,24,15],[10,14,13,6,9,2,18,22,5,21,16,17,8,20,7,1,12,3,4,19,24,11,15],[6,22,14,5,13,2,18,10,9,21,8,17,20,19,7,4,1,3,16,12,24,23,11,15],[22,14,13,10,21,18,6,5,9,2,8,17,20,7,1,16,4,19,3,12,24,23,11,15],[18,2,6,22,10,9,14,5,13,21,8,17,20,7,4,1,3,19,16,12,24,11],[10,22,9,14,21,6,13,2,18,5,16,17,8,20,19,7,1,4,3,12,23,24,15,11],[10,18,14,9,2,6,13,22,5,21,8,17,20,7,1,16,11,12,19,4,3,24,15,23],[18,14,22,21,6,13,10,5,9,2,8,17,20,19,7,1,15,16,4,3,12,23,24,11],[6,14,5,13,18,2,10,9,22,21,8,17,20,7,1,16,12,4,3,19,24,11,23,15],[18,10,14,13,22,9,2,6,21,5,16,17,20,8,19,7,1,3,12,4,23,24,11],[2,18,10,14,13,22,21,6,9,5,16,17,20,8,19,7,4,1,3,11,12,23,24,15],[2,14,18,10,13,6,5,9,22,21,8,17,20,7,1,16,12,4,3,19,23,24,11,15],[14,22,13,2,18,6,10,5,9,21,8,17,20,7,4,1,3,19,16,12,23,24,11,15],[2,14,18,22,13,6,10,9,5,21,8,17,20,7,3,1,16,12,4,19,23,11,24,15],[10,2,6,5,9,14,13,22,18,21,8,17,20,19,7,3,1,16,11,12,4,24],[6,22,14,5,13,10,9,2,18,21,8,17,20,19,7,1,15,16,4,3,12,24,11],[18,14,2,22,21,6,5,13,10,9,8,17,20,19,7,4,1,3,16,12,23,11,24],[10,14,9,18,6,13,22,2,5,21,8,17,20,19,7,4,1,3,16,12,24,15,11],[6,22,10,9,2,14,13,18,21,5,16,17,20,8,7,3,1,11,12,19,4,23,24,15],[6,22,18,2,10,5,9,14,13,21,16,17,20,8,19,7,4,1,3,12,23,11,24],[10,2,6,5,9,18,22,14,13,21,16,17,8,20,19,7,1,3,11,12,4,23,24],[22,18,14,21,6,5,13,10,9,2,8,17,20,19,7,4,1,3,16,11,12,24,23,15],[10,14,13,2,22,21,18,6,5,9,16,17,20,8,7,1,4,19,3,12,24,11,23,15],[6,18,10,9,22,14,5,13,2,21,8,17,20,19,7,3,4,1,16,12,23,24,11,15],[18,22,14,21,10,13,2,6,9,5,16,17,20,8,7,1,12,4,19,3,24,11,23,15],[2,6,22,10,9,18,14,13,5,21,8,17,20,7,1,16,12,4,3,19,23,24,11],[2,22,14,13,10,9,18,6,21,5,8,17,20,19,7,4,1,3,16,12,23,24,11],[2,10,14,9,6,13,22,18,5,21,8,17,20,19,7,4,1,3,15,16,11,12,23,24],[14,10,13,22,9,6,2,18,21,5,16,17,20,8,7,1,4,3,19,12,11,23,24,15],[2,6,14,13,18,22,10,5,9,21,16,17,20,8,19,7,3,1,12,4,23,11,24],[18,10,6,5,9,14,13,22,2,21,8,17,20,7,1,16,4,3,19,12,23,24,11],[10,14,13,2,18,22,21,6,5,9,8,17,20,7,4,1,3,19,16,11,12,24],[14,18,10,13,6,5,9,22,2,21,16,17,20,8,19,7,3,1,12,4,11,24,15,23],[6,14,13,2,18,22,10,9,21,5,16,17,20,8,7,4,1,19,3,12,11,23,24],[10,18,2,6,5,9,22,14,13,21,16,17,20,8,7,1,4,3,19,12,23,11,24,15],[18,22,2,10,9,14,21,6,5,13,16,17,8,20,19,7,1,11,12,4,3,23,24],[18,22,2,14,13,6,10,9,5,21,8,17,20,19,7,1,16,11,12,4,3,23,24],[2,14,18,22,13,6,10,5,9,21,8,17,20,7,1,16,12,4,19,3,24,23,11,15],[10,18,6,5,9,2,14,13,22,21,16,17,8,20,19,7,3,1,12,4,24,11],[10,22,9,2,18,14,21,6,5,13,16,17,8,20,19,7,4,1,3,11,12,24,23,15],[6,18,10,5,9,2,22,14,13,21,16,17,8,20,7,3,1,12,4,19,23,24,11],[22,18,2,6,10,5,9,14,13,21,16,17,20,8,19,7,1,3,11,12,4,24],[6,22,18,14,13,2,10,5,9,21,16,17,20,8,19,7,3,1,12,4,24,11,23,15],[10,6,9,2,14,5,13,22,18,21,8,17,20,19,7,1,16,12,4,3,24,11,15,23],[6,14,5,13,18,22,10,9,2,21,16,17,8,20,7,3,1,12,4,19,24,11],[6,2,18,22,14,5,13,10,9,21,16,17,20,8,7,3,1,12,4,19,23,24,11,15],[18,22,14,21,2,6,5,13,10,9,8,17,20,19,7,3,1,15,16,12,4,24,11,23],[18,2,22,10,9,14,13,6,5,21,8,20,17,7,1,16,4,19,3,12,23,24,11],[18,10,22,21,6,5,9,14,13,2,16,17,20,8,19,7,1,11,12,4,3,23,24],[18,14,6,13,2,22,10,9,21,5,8,17,20,19,7,3,1,16,12,4,23,24,11,15],[14,6,13,10,5,9,22,2,18,21,16,17,8,20,19,7,4,1,3,12,24,23,11,15],[2,18,6,22,10,9,14,13,5,21,8,17,20,19,7,4,1,3,15,16,12,23,24,11],[14,2,10,9,18,6,13,22,5,21,8,17,20,19,7,1,15,16,11,12,3,4,24,23],[6,10,9,2,22,18,14,5,13,21,8,17,20,7,1,16,4,3,19,12,23,11,24],[2,6,14,5,13,10,9,18,22,21,8,17,20,19,7,3,1,15,16,11,12,4,24,23],[10,2,6,9,22,18,14,5,13,21,8,17,20,7,1,16,3,11,12,19,4,23,24,15],[10,18,22,9,2,14,21,6,5,13,8,17,20,7,4,1,3,19,16,11,12,23,24],[18,2,10,6,9,14,5,13,22,21,8,17,20,19,7,4,1,3,16,11,12,23,24,15],[2,22,18,6,10,5,9,14,13,21,8,17,20,7,1,16,4,3,19,11,12,24,23],[10,18,14,9,2,6,13,22,5,21,8,17,20,7,1,16,4,3,19,11,12,23,24],[18,6,14,13,22,2,10,5,9,21,16,17,20,8,19,7,3,1,11,12,4,23,24],[6,14,5,13,10,9,2,18,22,21,8,17,20,7,3,1,15,16,12,4,19,23,24,11],[6,2,10,9,18,14,13,22,21,5,8,16,17,20,19,7,1,11,12,3,4,24,23,15],[2,6,22,18,14,13,10,9,5,21,16,17,8,20,7,4,1,19,3,11,12,23,24],[18,6,2,22,14,5,13,10,9,21,8,17,20,7,1,16,12,4,19,3,23,24,11,15],[14,18,22,21,10,13,6,9,2,5,8,17,20,19,7,1,16,12,4,3,24,11],[10,2,22,21,18,14,9,6,13,5,8,17,20,7,1,16,4,19,3,11,12,23,24],[10,18,22,9,6,2,14,13,21,5,8,17,20,19,7,1,16,11,12,4,3,23,24,15],[18,14,22,21,2,6,5,13,10,9,16,17,20,8,19,7,4,1,3,12,24,11,23],[10,18,2,22,21,14,13,6,9,5,16,17,8,20,19,7,3,1,12,4,24,11],[22,2,6,14,13,10,9,18,21,5,8,17,20,7,1,16,4,19,3,12,23,24,15,11],[22,2,10,9,6,18,14,5,13,21,16,17,8,20,19,7,1,12,4,3,23,24,11],[22,6,18,10,5,9,14,13,2,21,16,17,8,20,19,7,4,1,3,12,24,11],[6,22,18,14,5,13,10,9,2,21,8,17,20,7,4,1,3,19,16,11,12,23,24],[10,22,21,6,9,14,13,2,18,5,8,17,20,19,7,4,1,3,16,11,12,23,24,15],[14,10,9,6,13,18,2,22,5,21,8,17,20,7,1,16,12,4,3,19,23,11,24],[18,6,14,13,10,5,9,22,2,21,16,17,8,20,19,7,4,1,3,12,24,11,23,15],[22,18,6,14,5,13,2,10,9,21,16,17,20,8,19,7,4,1,3,12,24,11,23],[6,10,9,18,2,14,5,13,22,21,8,17,20,7,1,16,12,4,3,19,23,24,11,15],[2,10,6,9,14,5,13,22,18,21,8,17,20,19,7,1,16,4,3,11,12,24],[2,18,6,10,9,22,14,5,13,21,16,17,20,8,7,1,12,4,3,19,24,11,15,23],[22,6,18,10,5,9,2,14,13,21,16,17,8,20,19,7,3,1,12,4,24,11,23],[14,6,13,18,10,9,2,22,5,21,16,17,20,8,7,1,4,3,19,12,24,11],[22,6,14,5,13,2,10,9,18,21,16,17,8,20,19,7,1,12,3,4,23,24,11,15],[10,18,14,9,22,21,6,5,13,2,8,17,20,7,4,1,19,3,16,12,24,11],[18,14,6,13,22,10,5,9,2,21,16,17,8,20,7,3,1,11,12,19,4,23,24,15],[22,2,18,6,14,13,10,5,9,21,8,17,20,19,7,4,1,3,16,11,12,24],[22,18,14,13,6,10,5,9,2,21,8,17,20,19,7,3,1,16,12,4,23,24,11,15],[2,10,14,13,6,5,9,18,22,21,8,17,20,7,3,1,16,11,12,19,4,24,15],[2,6,22,18,14,13,10,5,9,21,16,17,20,8,7,1,4,3,19,12,24,11,15,23],[18,14,6,5,13,2,10,9,22,21,8,17,20,19,7,1,16,3,11,12,4,23,24,15],[2,10,14,9,22,13,6,18,21,5,16,17,20,8,19,7,1,4,3,11,12,24,23,15],[6,2,14,5,13,22,10,9,18,21,16,17,8,20,7,1,4,3,19,12,23,24,11,15],[6,2,10,9,18,22,14,13,5,21,16,17,8,20,19,7,1,12,4,3,23,24,11],[6,14,13,10,9,2,18,22,5,21,8,17,20,19,7,3,4,1,16,12,24,11,23],[14,2,10,13,6,5,9,18,22,21,16,17,20,8,7,4,1,3,19,11,12,24,23],[10,6,5,9,22,14,13,2,18,21,8,17,20,19,7,3,4,1,16,12,24,23,11],[2,10,18,22,21,6,9,14,13,5,16,17,8,20,19,7,3,4,1,11,12,23,24,15],[2,18,10,14,13,6,5,9,22,21,8,17,20,19,7,3,4,1,15,16,12,23,24,11],[2,18,10,22,9,14,21,6,13,5,8,17,20,19,7,3,1,16,12,4,24,11,15],[18,14,10,9,2,22,13,6,21,5,16,17,20,8,19,7,4,1,3,12,24,11,23],[14,6,13,22,18,2,10,5,9,21,8,17,20,7,1,16,4,3,19,11,12,23,24,15],[14,18,22,21,2,10,9,6,5,13,8,17,20,7,1,16,12,3,4,19,23,11,24,15],[6,2,22,18,10,5,9,14,13,21,8,17,20,7,3,1,16,12,4,19,24,11,15],[18,14,6,13,22,2,10,5,9,21,16,17,20,8,19,7,1,3,12,4,24,15],[14,22,13,6,10,9,18,2,21,5,16,17,20,8,19,7,1,11,12,4,3,24,23,15],[10,6,9,2,22,18,14,5,13,21,16,17,8,20,7,4,1,19,3,12,24,11,15,23],[2,14,6,13,10,9,22,18,5,21,16,17,8,20,19,7,4,1,3,12,23,24,11],[14,2,10,13,6,9,22,18,5,21,8,20,17,7,4,1,3,19,15,16,11,12,24,23],[22,14,21,18,6,5,13,10,9,2,16,17,8,20,19,7,1,12,3,4,24,11],[6,10,9,14,5,13,22,18,2,21,16,17,8,20,7,1,4,3,19,12,24,11,15,23],[2,10,22,9,6,18,14,5,13,21,8,17,20,19,7,1,16,12,4,3,23,24,11],[22,6,2,14,5,13,18,10,9,21,16,17,20,8,19,7,3,1,12,4,24,11],[18,10,2,6,5,9,14,13,22,21,8,17,20,7,4,1,3,19,16,11,12,24,23,15],[18,6,14,5,13,10,9,22,2,21,8,17,20,19,7,4,1,3,16,11,12,23,15,24],[10,2,18,14,13,6,9,22,5,21,16,17,8,20,19,7,4,1,3,11,12,24,15,23],[2,10,22,9,14,13,18,6,5,21,8,17,20,7,1,16,3,12,4,19,23,24,11,15],[18,2,6,14,13,22,10,9,5,21,8,17,20,7,4,1,3,19,16,12,23,15,11,24],[14,18,6,13,2,10,9,22,21,5,16,17,20,8,7,4,1,3,19,11,12,23,24,15],[2,14,10,9,22,21,18,6,5,13,16,17,20,8,19,7,1,11,12,4,3,24,23],[6,14,13,2,18,10,5,9,22,21,8,17,20,19,7,4,1,3,16,11,12,23,24],[6,22,2,10,9,18,14,13,5,21,8,17,20,19,7,4,1,3,16,11,12,23,24],[22,6,18,2,14,5,13,10,9,21,8,17,20,7,4,1,19,3,16,12,24,11,23,15],[18,14,10,13,22,21,6,9,2,5,16,17,20,8,19,7,1,12,4,3,24,23,11],[2,14,18,22,21,6,5,13,10,9,16,17,20,8,7,1,12,4,19,3,24,11,15,23],[6,18,14,13,22,10,5,9,2,21,16,17,20,8,7,3,1,12,4,19,24,11,15,23],[2,14,6,13,10,5,9,22,18,21,8,17,20,7,1,16,4,19,3,12,24,23,11],[18,6,22,2,10,5,9,14,13,21,8,17,20,19,7,4,1,3,15,16,12,23,11,24],[22,10,21,2,18,6,9,14,13,5,16,17,8,20,19,7,4,1,3,12,23,24,11],[2,18,14,22,21,6,5,13,10,9,16,17,8,20,7,4,1,3,19,12,24,11,23],[18,6,14,13,22,10,9,2,21,5,16,17,8,20,19,7,4,1,3,12,24,23,11],[6,2,22,10,5,9,18,14,13,21,8,17,20,7,4,1,19,3,15,16,12,24,11,23],[2,10,6,5,9,22,14,13,18,21,16,17,20,8,19,7,4,1,3,11,12,24,15],[10,22,9,2,14,13,6,18,5,21,8,17,20,7,3,4,1,19,16,12,11,24,23],[6,2,14,5,13,22,10,9,18,21,8,17,20,19,7,4,1,3,16,12,24,11],[6,14,5,13,2,22,18,10,9,21,16,17,8,20,19,7,4,1,3,11,12,24,23],[18,14,6,5,13,22,10,9,2,21,16,17,8,20,7,1,4,3,19,12,11,23,24,15],[2,6,22,10,5,9,18,14,13,21,16,17,8,20,19,7,1,12,4,3,11,24],[10,2,18,22,9,6,14,13,21,5,16,17,8,20,19,7,1,12,4,3,23,24,11,15],[2,6,18,14,5,13,10,9,22,21,16,17,8,20,19,7,3,1,11,12,4,23,24],[18,6,22,14,5,13,10,9,2,21,8,20,17,7,1,16,4,19,3,11,12,24,23,15],[6,10,5,9,22,2,18,14,13,21,8,17,20,7,1,16,3,12,4,19,23,24,11,15],[2,10,18,14,13,22,9,6,5,21,16,17,20,8,19,7,3,1,12,4,23,24,11],[2,22,10,9,6,14,5,13,18,21,16,17,20,8,19,7,4,1,3,12,24,11,23],[10,18,6,5,9,2,22,14,13,21,16,17,20,8,7,1,4,3,19,12,24,15,11,23],[18,10,6,5,9,22,14,13,2,21,16,17,20,8,19,7,3,1,12,4,24,11,23],[2,14,10,9,22,13,6,18,21,5,8,17,20,19,7,3,4,1,16,11,12,23,24],[18,2,22,14,13,10,9,6,5,21,16,17,20,8,7,3,1,12,4,19,24,11,15,23],[18,10,14,9,22,21,2,6,13,5,8,17,20,7,1,16,12,4,3,19,24,11],[10,2,6,5,9,22,18,14,13,21,16,17,8,20,7,3,1,12,4,19,23,11,24,15],[18,10,14,13,6,9,22,2,21,5,16,17,20,8,7,1,3,11,12,19,4,23,24,15],[6,22,18,14,5,13,2,10,9,21,8,17,20,19,7,4,1,3,15,16,11,12,23,24],[6,10,5,9,14,13,2,18,22,21,16,17,20,8,7,1,3,12,4,19,23,24,11],[18,14,6,13,2,22,10,5,9,21,16,17,8,20,19,7,1,11,12,3,4,23,24],[2,14,18,22,21,10,9,6,13,5,16,17,8,20,7,1,12,4,19,3,24,11,15,23],[2,18,10,22,9,14,21,6,5,13,16,17,8,20,19,7,3,4,1,12,23,24,11],[10,14,9,2,6,5,13,22,18,21,16,17,8,20,7,1,12,4,19,3,23,24,11,15],[6,18,10,5,9,14,13,2,22,21,16,17,20,8,19,7,1,11,12,3,4,24],[14,22,13,6,10,5,9,18,2,21,16,17,8,20,7,1,3,12,4,19,24,11,23,15],[6,18,14,5,13,2,10,9,22,21,8,17,20,7,4,1,3,19,16,11,12,23,24,15],[14,18,10,13,22,21,2,6,5,9,8,17,20,19,7,3,4,1,16,11,12,24,23],[18,14,6,13,22,2,10,9,21,5,16,17,8,20,19,7,4,1,3,12,24,11,15,23],[14,22,13,18,6,10,5,9,2,21,8,17,20,7,3,1,16,12,4,19,24,15,11],[6,14,13,22,18,10,5,9,2,21,16,17,20,8,19,7,4,1,3,11,12,24,23,15],[18,2,22,6,14,5,13,10,9,21,8,17,20,19,7,3,1,16,11,12,4,24],[14,6,13,22,2,10,9,18,21,5,8,19,17,20,7,1,16,4,3,12,24,11],[10,6,9,22,18,2,14,5,13,21,8,17,20,7,4,1,3,19,16,12,24,11,23],[14,10,13,18,6,9,2,22,5,21,8,17,20,7,1,16,12,3,4,19,24,11,15,23],[18,14,22,13,6,2,10,9,21,5,8,17,20,7,1,16,4,19,3,12,24,11,15,23],[18,22,10,21,2,14,9,6,13,5,16,17,8,20,7,1,12,4,3,19,23,24,11,15],[22,14,13,10,21,6,5,9,18,2,16,17,20,8,19,7,1,11,12,3,4,23,24],[2,6,10,9,22,18,14,5,13,21,8,17,20,7,1,16,4,19,3,12,24,11,23],[22,10,9,2,6,14,13,18,21,5,8,17,20,7,1,16,12,4,19,3,24,11],[10,22,9,6,14,13,2,18,5,21,8,17,20,7,3,1,16,12,4,19,24,11],[10,22,21,18,14,13,2,6,9,5,8,17,20,19,7,3,1,16,12,4,24,11,15],[2,14,18,10,13,22,21,6,9,5,8,17,20,19,7,1,16,4,3,12,24,23,11],[22,18,2,14,21,10,13,6,5,9,8,20,17,7,1,16,4,3,19,11,12,24,23,15],[18,14,2,22,21,10,13,6,9,5,16,17,20,8,7,1,12,4,3,19,23,24,11,15],[6,10,5,9,22,14,13,2,18,21,16,17,8,20,19,7,3,1,12,4,23,11,24],[2,22,14,13,6,18,10,9,5,21,16,17,20,8,19,7,1,4,3,11,12,24,23,15],[10,2,18,22,9,14,13,6,5,21,8,17,20,7,1,16,11,12,19,3,4,24,23],[22,10,9,2,14,21,6,5,13,18,8,17,20,7,1,16,11,12,19,4,3,24,15,23],[18,2,10,22,9,14,21,6,13,5,16,17,20,8,19,7,4,1,3,12,24,11],[14,6,5,13,22,2,18,10,9,21,8,17,20,7,4,1,3,19,16,12,23,24,11,15],[6,2,18,14,13,22,10,9,21,5,8,17,20,19,7,1,16,12,4,3,23,11,24],[18,6,22,2,14,13,10,5,9,21,16,17,8,20,19,7,1,3,12,4,24,15,23,11],[10,22,9,18,14,13,2,6,21,5,16,17,20,8,19,7,1,12,4,3,24,11],[22,6,2,14,13,10,9,18,21,5,8,17,20,19,7,4,1,3,16,12,24,11,15,23],[18,14,10,13,22,21,6,9,2,5,16,17,8,20,7,3,1,12,4,19,23,24,11],[6,22,10,5,9,14,13,2,18,21,8,17,20,7,4,1,3,19,15,16,12,23,11,24],[14,6,5,13,2,18,22,10,9,21,8,17,20,7,4,1,19,3,16,12,24,11,23,15],[18,10,22,21,2,14,13,6,5,9,8,17,20,19,7,3,1,16,12,4,11,23,24],[18,6,14,5,13,22,2,10,9,21,16,17,20,8,7,4,1,3,19,11,12,24,15,23],[14,10,9,6,13,18,22,2,5,21,8,17,20,19,7,3,1,16,12,4,24,11],[18,22,6,14,13,2,10,9,21,5,8,17,20,19,7,4,1,3,16,12,24,11,15],[10,22,21,14,9,18,2,6,5,13,8,17,20,7,3,1,16,12,4,19,24,11,23],[14,10,9,6,13,18,2,22,21,5,16,17,8,20,19,7,4,1,3,12,23,24,11,15],[22,10,9,14,21,6,13,2,18,5,8,17,20,7,3,1,16,12,4,19,24,11,15],[14,22,21,18,2,10,9,6,5,13,8,17,20,19,7,3,4,1,16,12,24,11,23,15],[10,6,9,14,13,22,2,18,21,5,16,17,20,8,7,1,4,19,3,11,12,24,23],[2,6,22,18,10,5,9,14,13,21,8,17,20,7,1,16,11,12,19,3,4,24,23,15],[14,18,2,22,13,6,10,9,5,21,16,17,8,20,19,7,1,4,3,12,24,11,15,23],[6,18,14,13,10,9,22,2,21,5,8,17,20,7,1,16,4,3,19,11,12,23,24],[22,18,6,10,9,14,5,13,2,21,16,17,20,8,19,7,3,1,12,4,23,24,11],[6,22,2,18,14,13,10,5,9,21,16,17,8,20,7,1,4,3,19,11,12,24,23],[2,14,18,10,9,6,13,22,21,5,8,17,20,7,1,16,4,19,3,12,23,24,11,15],[18,10,14,9,22,13,6,2,21,5,8,17,20,19,7,4,1,3,16,12,11,24],[14,18,2,22,21,10,13,6,5,9,8,17,20,7,4,1,19,3,16,12,24,11,23],[6,18,22,2,10,9,14,5,13,21,8,17,20,7,1,16,3,12,4,19,24,11,15],[14,18,22,13,6,2,10,9,5,21,8,17,20,7,1,16,4,19,3,12,23,24,11,15],[6,22,14,5,13,10,9,18,2,21,16,17,8,20,7,1,12,4,3,19,23,24,11,15],[18,6,2,14,13,22,10,9,21,5,16,17,20,8,19,7,1,3,11,12,4,24],[18,10,14,9,2,6,5,13,22,21,8,17,20,19,7,4,1,3,16,12,24,23,11],[18,10,22,21,6,5,9,2,14,13,8,17,20,19,7,3,4,1,16,11,12,24,23,15],[22,14,13,10,21,2,6,9,18,5,16,17,8,20,19,7,4,1,3,11,12,23,24],[2,18,22,6,10,9,14,13,5,21,8,17,20,7,1,16,4,19,3,12,23,24,11,15],[2,10,6,5,9,18,14,13,22,21