{"problem_id":"7lCeXu4gC7vvJ0A","sigma":75,"alpha":0.100,"cost":0,"probabilities":"[0.18, 0.11, 0.02, 0.69]","payoff_matrix":"[[-120, -66, 192, 35, -49, -17], [31, 42, -56, -15, -103, 81], [47, -11, 36, -39, 12, 32], [-52, -38, 12, 18, -35, -44]]","uncovered":[[4,16,20,8,12,24,9,13],[8,12,24,16,20,4,13,9],[24,4,12,20,16,8,13,9,7],[24,20,16,12,8,4,9,13,6],[8,16,24,12,20,4,13,9,19,3],[20,12,24,16,4,8,9,13],[16,4,24,8,20,12,9,13],[20,16,8,24,4,12,9,13],[16,4,20,12,24,8,13,9,1],[24,20,4,8,16,12,13,9],[20,12,24,16,4,8,13,9,23],[8,4,12,20,24,16,13,9],[24,8,16,20,12,4,13,9,11],[20,16,12,8,4,24,13,9],[24,8,4,20,16,12,13,9,17,2],[4,24,12,20,8,16,13,9],[20,8,24,16,4,12,9,15,13],[8,12,20,4,16,24,13,9],[16,8,20,12,4,24,9,13],[24,20,4,16,8,12,13,9,22,19,2],[24,16,4,20,12,8,9,15,13],[8,12,4,24,16,20,9,15,13,6],[20,16,8,12,4,24,9,15,13],[4,8,16,24,12,20,13,9],[8,12,24,20,4,16,9,13],[24,8,12,16,4,20,13,9],[20,24,4,12,8,16,13,9,15],[4,16,24,12,20,8,13,9,3,1,23,22],[24,20,4,12,16,8,9,13,22],[4,8,16,24,12,20,9,13,21,6,18],[20,24,16,4,8,12,13,9],[4,8,24,16,20,12,9,13,6,10],[8,12,20,24,16,4,13,9],[4,12,24,20,8,16,9,13,7],[16,12,4,24,20,8,13,9],[8,12,16,4,24,20,9,14,5,13],[12,16,24,8,4,20,13,9],[4,16,24,20,12,8,9,13,11,6],[16,4,12,8,24,20,9,13],[4,16,12,24,8,20,9,13],[24,12,20,4,8,16,9,14],[16,4,20,24,12,8,13,9],[24,4,12,8,20,16,13,9],[16,4,8,12,24,20,13,9],[20,12,8,4,16,24,9,13,15],[8,12,16,24,20,4,13,9,5],[8,20,4,16,24,12,9,14],[16,12,8,4,20,24,9,14,15,13],[4,16,12,24,20,8,9,14,13],[12,24,20,8,4,16,13,9],[20,4,16,8,12,24,13,9,3],[24,12,16,4,8,20,9,14,13],[4,16,12,24,20,8,9,14,15],[20,8,24,12,16,4,13,9,17,6],[4,20,24,12,8,16,13,9],[24,20,16,4,12,8,9,15,14,13],[24,16,8,12,4,20,9,14,15],[4,12,16,8,20,24,9,13],[4,12,24,20,8,16,13,9],[12,20,16,24,4,8,13,9],[4,20,12,24,16,8,13,9],[24,8,16,4,12,20,9,14,15],[8,4,20,24,16,12,13,9,17,5,1],[12,24,4,16,8,20,9,13,23],[20,16,8,12,4,24,9,13,11],[20,4,12,8,16,24,9,15,13],[12,20,4,24,16,8,13,9,10,1,14],[24,12,8,4,20,16,13,9],[4,20,12,16,8,24,13,9,23],[24,16,4,12,8,20,13,9,21],[16,8,24,20,4,12,9,15,14,10,13],[8,4,20,12,16,24,13,9,2,11],[8,12,20,4,24,16,13,9,11],[12,8,24,20,4,16,13,9],[20,16,24,8,4,12,13,9],[16,4,8,20,12,24,13,9,22],[8,20,12,16,4,24,9,13],[4,24,8,12,16,20,13,9],[4,8,12,24,20,16,9,15,13],[12,20,8,24,4,16,13,9],[12,8,20,4,16,24,9,14,1,13],[4,16,20,8,24,12,9,13,14],[20,24,8,16,12,4,9,13],[16,20,8,4,24,12,9,14],[24,20,12,4,8,16,13,9,11,23,7,19],[16,12,4,8,24,20,9,15,14,21,13],[12,8,20,4,24,16,9,13],[12,8,20,16,4,24,9,14,13],[20,12,24,16,4,8,9,13],[4,12,20,24,16,8,13,9,19],[24,20,8,12,16,4,13,9,3,10,14,22],[12,16,20,8,24,4,9,13,21],[8,4,12,24,16,20,13,9],[20,4,16,12,24,8,13,9,11],[24,8,16,20,4,12,13,9,6,17],[4,12,16,24,8,20,9,14,13],[20,8,24,12,4,16,13,9],[20,12,8,24,4,16,13,9],[24,20,4,12,8,16,13,9],[16,8,12,4,20,24,13,9],[12,20,4,16,8,24,9,13],[8,16,12,24,4,20,9,14,23,15,13],[12,16,8,24,4,20,9,15,13,7],[12,20,8,24,4,16,13,9],[16,8,4,24,12,20,13,9,1],[4,20,12,24,16,8,13,9],[16,4,24,12,8,20,13,9],[16,4,8,12,24,20,13,9],[16,24,20,12,8,4,13,9,14],[16,20,24,12,4,8,9,13],[4,8,12,20,24,16,9,13,6,22],[24,8,12,16,20,4,13,9,17,19,10,15,14],[16,12,20,8,24,4,13,9,15],[4,20,16,8,24,12,9,13],[20,24,12,8,4,16,13,9],[16,12,20,8,4,24,9,13,15,17],[24,4,16,12,20,8,9,13],[4,16,20,24,8,12,13,9,14,19],[16,12,24,20,4,8,9,13],[24,16,8,20,12,4,9,13],[16,24,4,20,8,12,9,13,17],[16,4,24,20,12,8,9,13],[8,20,24,12,16,4,9,13],[12,20,16,24,4,8,13,9],[4,16,12,20,8,24,13,9],[20,24,12,16,4,8,9,13,11],[12,4,8,20,16,24,13,9],[16,24,20,8,12,4,9,13],[12,16,4,20,24,8,13,9,2],[24,8,16,20,12,4,9,13,3],[24,20,12,8,16,4,9,13,1],[20,8,24,12,16,4,9,13,3,5],[20,4,24,16,12,8,13,9],[4,8,20,24,16,12,9,15,14],[24,16,8,4,20,12,9,13],[20,24,8,4,12,16,13,9],[24,4,12,16,8,20,9,13,5],[8,4,24,12,16,20,9,13],[16,4,8,12,24,20,13,9,10],[12,24,20,16,4,8,13,9],[4,8,12,20,16,24,13,9,14],[8,20,16,4,24,12,9,15,14,22,11,13],[8,4,12,24,16,20,13,9,22,1,14],[4,16,20,24,12,8,9,15,13],[20,4,16,8,12,24,9,13,19,14],[16,20,24,12,4,8,13,9],[8,12,20,16,4,24,9,13],[4,12,8,16,20,24,13,9],[24,16,8,20,4,12,13,9],[12,16,4,24,8,20,9,15,14,13],[24,12,8,4,16,20,9,13],[16,24,4,12,20,8,13,9,14],[8,4,12,16,24,20,13,9],[4,12,16,20,24,8,13,9],[20,4,24,12,16,8,9,13],[4,16,20,8,24,12,9,13],[8,12,4,20,24,16,13,9],[12,20,24,8,16,4,13,9,17],[16,4,20,12,24,8,9,14],[12,20,24,16,8,4,13,9,15,21,1],[4,20,16,8,12,24,9,14,13],[4,20,24,12,8,16,13,9,18,6,2],[4,8,12,20,24,16,9,14,13],[8,24,12,20,16,4,13,9,5,2,10,15],[24,16,12,8,20,4,13,9],[20,16,24,4,12,8,13,9,19,14],[20,4,8,24,16,12,9,15,13],[12,8,4,16,24,20,13,9,7],[4,16,12,24,8,20,13,9],[16,20,24,12,4,8,13,9,15],[16,12,24,8,4,20,13,9,15],[20,16,4,24,12,8,13,9],[16,20,8,12,24,4,13,9],[24,20,16,4,8,12,9,13,7,22],[20,12,16,24,4,8,13,9,21],[8,24,20,12,4,16,9,13,21],[16,24,20,8,12,4,13,9],[12,20,4,24,16,8,9,13,18,3],[24,8,12,16,20,4,9,14,13],[16,12,4,8,24,20,9,15,13],[8,4,20,24,12,16,9,13,23,2],[20,24,16,4,8,12,9,15,13],[12,24,8,16,4,20,9,13],[4,24,20,16,8,12,13,9,3],[4,20,12,16,24,8,9,13,17,18,23,7],[20,12,24,4,8,16,9,15,13],[24,12,16,20,4,8,9,13,7,21],[16,12,8,4,24,20,13,9],[8,12,16,4,20,24,13,9,7,5,10],[4,24,16,8,12,20,9,15,13,21],[8,20,12,24,16,4,9,13],[12,20,16,4,8,24,13,9],[12,20,4,24,16,8,9,13],[16,8,12,20,24,4,13,9,18,7],[4,16,24,12,8,20,9,14,17,3,13],[16,24,12,20,4,8,13,9,15],[12,4,20,8,16,24,9,13,10],[12,20,4,8,24,16,9,13],[20,16,12,8,4,24,9,15,13],[8,16,4,12,24,20,13,9,19],[8,24,12,16,4,20,13,9],[20,8,16,24,12,4,9,13],[16,24,20,8,4,12,9,14,22,13],[16,12,4,20,24,8,9,13],[12,20,16,8,24,4,13,9,22,15],[8,20,24,16,12,4,13,9],[24,8,4,16,20,12,9,15,13],[12,20,4,8,16,24,13,9],[20,12,24,4,8,16,9,13],[4,20,16,12,24,8,9,13,22],[4,12,24,8,20,16,13,9,22],[12,8,20,4,24,16,9,15,14,7],[8,4,12,20,16,24,9,14,21,13,6],[12,16,8,4,20,24,9,15,13],[8,4,24,20,12,16,9,14],[16,8,24,4,20,12,13,9],[20,12,8,16,24,4,9,13],[20,24,4,12,8,16,13,9],[20,4,24,16,12,8,13,9,23],[8,4,16,20,12,24,13,9,10],[12,24,8,16,4,20,9,13],[24,20,12,8,16,4,13,9],[20,8,16,12,4,24,9,13,17],[4,20,16,12,24,8,13,9],[16,4,8,20,24,12,9,13],[20,4,8,24,16,12,13,9],[20,16,12,4,24,8,13,9,19],[12,24,20,8,16,4,13,9],[8,4,16,12,20,24,9,14,11],[8,12,24,16,20,4,9,14,23,13],[16,8,24,20,4,12,9,15,13],[8,16,20,24,4,12,13,9,18,5],[16,8,12,20,4,24,13,9],[8,4,24,16,20,12,13,9],[8,20,16,4,24,12,9,13],[24,16,4,12,20,8,9,13,22],[20,4,12,8,24,16,13,9],[16,24,8,20,4,12,9,14,13],[24,8,16,12,4,20,13,9],[20,12,4,24,16,8,13,9],[24,16,20,4,8,12,13,9],[24,8,12,20,16,4,13,9],[4,20,8,24,12,16,9,13,5],[24,12,4,16,20,8,9,13],[4,8,20,24,16,12,13,9],[12,24,20,16,8,4,9,13],[8,4,20,16,24,12,9,13],[16,24,8,12,20,4,9,13,5,14],[12,16,8,20,4,24,9,14,15],[24,20,8,4,12,16,9,15,13],[4,12,8,16,24,20,13,9],[24,4,8,20,12,16,13,9],[4,20,24,16,8,12,9,14,13],[4,24,20,8,16,12,13,9],[24,4,16,8,12,20,13,9],[8,16,12,4,20,24,9,13,17],[16,20,24,8,4,12,9,13],[24,12,20,4,8,16,9,14],[8,20,12,24,16,4,13,9],[12,20,4,8,24,16,9,15,14],[12,24,20,16,8,4,9,13],[8,16,24,20,12,4,9,13,15,11],[24,12,8,20,16,4,13,9,10,14],[16,20,8,4,24,12,13,9],[16,4,24,12,8,20,13,9,6],[8,16,12,4,24,20,9,13],[20,4,12,16,8,24,9,15,13],[24,8,4,20,16,12,9,13],[8,16,4,12,24,20,9,13,17,22],[12,4,20,16,8,24,9,13,21],[24,12,16,4,8,20,13,9,14],[24,4,12,16,8,20,9,13],[24,4,16,20,8,12,13,9],[8,16,12,20,24,4,13,9],[4,16,8,12,24,20,13,9,23,1,6],[8,24,20,16,4,12,13,9],[20,12,16,24,4,8,9,13,2,21],[20,4,24,16,12,8,9,13,14],[8,24,16,20,4,12,9,13],[24,8,12,16,4,20,9,13],[16,8,20,24,12,4,9,14,18,15,13,19],[12,8,16,24,4,20,9,15,13,23],[20,12,8,24,4,16,9,13],[16,8,24,12,4,20,9,13],[16,8,24,12,20,4,13,9],[16,8,4,12,20,24,13,9,2],[12,8,20,24,16,4,9,15,14,21,10,13],[20,4,24,12,16,8,13,9,17,14],[12,20,24,16,4,8,13,9],[20,4,16,24,12,8,13,9,15],[8,12,24,4,16,20,9,13,7],[12,24,16,20,4,8,13,9,22],[8,16,12,4,20,24,9,14,13],[4,20,16,8,24,12,13,9,19],[8,16,20,24,4,12,13,9,21],[4,20,8,24,12,16,9,13],[24,8,20,4,12,16,9,14,15,10,13],[24,16,12,20,4,8,13,9,15,18],[16,12,20,4,24,8,13,9],[20,12,16,8,24,4,9,13],[4,12,8,16,24,20,9,13],[24,12,4,8,20,16,13,9],[8,12,16,24,20,4,13,9],[24,4,12,20,8,16,13,9],[4,12,8,20,24,16,13,9],[20,12,4,16,24,8,9,13,10],[12,16,20,8,24,4,13,9],[12,16,24,20,8,4,13,9],[16,12,20,4,8,24,13,9,14],[8,12,20,24,4,16,9,13,18],[24,4,8,16,20,12,13,9],[16,4,24,20,8,12,13,9,21,7],[4,12,8,20,24,16,9,15,13],[20,4,24,8,12,16,9,13],[12,20,16,8,4,24,13,9],[24,20,16,12,8,4,13,9],[12,24,16,20,8,4,9,13,10,1],[20,8,4,12,16,24,9,15,13,22],[24,16,12,4,8,20,9,14,13,15],[12,24,20,4,16,8,13,9],[24,16,12,8,20,4,9,13],[16,12,4,8,24,20,9,13],[24,20,16,8,4,12,13,9,21],[4,16,12,20,24,8,13,9],[20,8,12,4,24,16,9,15,13],[20,12,24,4,8,16,13,9],[24,16,12,4,8,20,9,13],[8,16,12,4,20,24,13,9],[4,24,8,20,16,12,13,9],[8,16,4,12,20,24,13,9],[12,20,24,8,16,4,9,13,1],[24,16,4,8,12,20,9,13,19,18,11],[4,20,8,24,16,12,9,13],[4,12,20,8,16,24,13,9],[20,12,4,8,16,24,9,13],[20,16,8,12,24,4,13,9],[24,16,12,20,4,8,9,13,23,14,1],[16,20,24,8,4,12,13,9],[16,8,20,12,24,4,9,13],[20,4,16,8,12,24,13,9],[20,12,4,8,24,16,9,13,3,15,10,14],[16,24,4,8,20,12,9,13],[8,20,12,24,4,16,9,13,15],[4,24,12,8,20,16,13,9,21,2],[8,16,20,24,12,4,13,9],[4,20,16,8,24,12,13,9],[24,4,12,20,16,8,9,15,13],[20,24,4,16,8,12,13,9],[20,8,16,24,12,4,13,9],[8,16,24,4,20,12,13,9],[12,16,8,24,20,4,9,13,2],[4,20,24,12,8,16,9,13],[24,8,12,4,16,20,9,13,21],[8,24,20,4,16,12,13,9],[8,16,4,20,24,12,13,9,21,15],[8,20,4,12,16,24,9,13,17],[8,20,12,4,16,24,9,13,22],[16,20,24,4,8,12,9,13,11,23,5],[24,20,8,16,4,12,9,15,14,23],[12,20,8,16,24,4,9,15,13],[8,12,24,4,16,20,13,9,3,11,15],[20,12,24,16,4,8,13,9],[20,8,24,12,4,16,13,9],[20,4,8,12,16,24,9,14,15],[8,24,20,4,16,12,9,15,14,6],[4,12,24,20,8,16,13,9],[12,16,24,4,8,20,13,9,11,19],[24,20,4,16,12,8,9,13,14],[12,4,16,8,24,20,13,9],[4,8,12,20,24,16,13,9,15,7],[4,16,20,8,12,24,13,9],[24,8,16,12,4,20,9,14,15],[20,4,16,8,24,12,9,14,13],[16,24,8,20,12,4,9,13],[24,4,12,20,8,16,13,9,2,14],[20,24,8,16,4,12,13,9,11,23],[12,24,8,20,4,16,13,9],[4,8,16,12,24,20,13,9,14],[16,24,4,12,8,20,13,9,23],[24,16,12,4,8,20,9,13],[4,16,8,20,12,24,9,13,21],[16,24,12,8,20,4,13,9],[4,8,20,16,12,24,9,13],[4,24,12,16,8,20,9,14,15,13],[16,8,20,24,12,4,9,15,13],[20,8,16,24,4,12,9,14,11,13],[24,16,4,12,20,8,9,14,19,13,1],[8,20,12,4,16,24,9,13,15],[8,20,12,4,16,24,9,14,13],[12,24,8,4,16,20,13,9,17],[4,20,8,24,12,16,13,9],[4,24,20,12,8,16,9,13],[4,24,16,12,8,20,9,13,5,11],[20,24,4,16,12,8,9,14,13],[8,24,16,20,12,4,9,14,2,1,13],[8,24,4,16,12,20,13,9,17],[20,8,24,4,16,12,9,15,13],[8,16,12,4,20,24,9,13],[12,24,20,4,8,16,9,13],[16,12,24,4,20,8,9,13,1,17],[8,4,12,24,20,16,9,13,10],[4,20,24,8,12,16,13,9],[24,16,12,20,4,8,9,14,10,13,17],[12,8,16,4,20,24,13,9,2],[16,20,4,8,24,12,13,9],[12,4,20,8,16,24,9,13],[8,24,4,12,16,20,13,9],[24,16,4,12,20,8,9,14,13],[16,8,24,20,4,12,13,9],[12,16,4,20,8,24,13,9],[8,16,12,24,4,20,13,9],[12,16,8,24,4,20,9,13,15],[4,20,8,16,24,12,9,13,6],[16,20,4,12,24,8,13,9,18,2],[16,20,24,8,4,12,9,14,13,18],[20,12,4,8,24,16,9,13,19,11,6],[8,20,4,24,16,12,13,9,21],[8,24,20,16,4,12,9,15,13],[16,24,4,8,20,12,13,9],[20,12,8,4,16,24,9,14,13],[12,16,20,24,8,4,9,13],[12,24,8,4,20,16,13,9,21],[12,4,8,20,16,24,9,13],[20,4,8,16,24,12,9,14,13,18],[8,12,4,24,20,16,9,15,13,19],[16,24,8,12,4,20,13,9],[24,4,12,20,8,16,9,13],[12,20,8,4,24,16,13,9,10],[16,4,24,20,12,8,13,9],[8,16,20,4,12,24,9,13],[24,16,20,12,8,4,9,13,2,10],[12,16,24,4,20,8,9,15,14,13],[24,16,8,4,12,20,9,13],[12,20,24,8,4,16,13,9,6],[16,4,12,24,20,8,13,9],[4,20,8,24,16,12,13,9],[24,4,12,20,8,16,13,9],[4,8,24,20,16,12,13,9],[16,24,12,8,20,4,9,14],[8,16,4,20,12,24,9,13],[8,24,20,12,4,16,13,9,10,15,2],[16,12,8,24,20,4,9,15,13,5],[20,16,24,8,12,4,13,9,6],[20,16,12,24,8,4,9,13,6,22,7,15,3],[12,8,4,24,16,20,9,13],[16,20,12,8,4,24,9,13,23],[8,16,12,4,24,20,13,9,17],[20,24,4,12,8,16,13,9,17,22,1],[8,12,24,20,16,4,13,9,21,22],[24,12,16,20,8,4,9,13,3],[24,4,20,8,16,12,9,14],[16,20,4,24,8,12,13,9],[8,16,12,20,4,24,9,13,15,23],[4,8,20,12,16,24,13,9,3],[16,4,24,20,12,8,13,9],[12,24,8,4,16,20,9,13,5],[12,8,24,20,4,16,13,9],[16,4,24,8,12,20,13,9],[12,24,4,8,16,20,13,9],[20,8,24,12,16,4,13,9],[4,24,20,16,8,12,13,9,15],[8,24,12,4,20,16,13,9,6],[16,4,24,8,12,20,13,9],[8,16,4,24,20,12,13,9,18,15,19,22],[4,16,8,20,12,24,13,9],[16,8,20,4,24,12,13,9],[16,12,20,4,8,24,13,9],[20,12,4,8,24,16,9,13,15,1],[4,8,20,16,24,12,13,9],[20,12,4,24,16,8,9,15,13,21],[4,16,20,8,12,24,9,15,13],[8,4,20,12,24,16,13,9],[8,4,12,16,20,24,9,13,6],[16,8,12,4,20,24,13,9,14],[8,20,16,4,12,24,9,13],[20,4,8,12,16,24,9,13],[20,24,16,8,4,12,9,13],[20,4,16,24,8,12,9,13,17],[24,12,8,4,16,20,13,9,5],[12,20,16,8,4,24,13,9,5,7],[24,16,12,8,4,20,13,9,1],[16,12,8,24,4,20,9,14],[16,12,24,8,20,4,9,13,11],[4,16,12,20,8,24,9,13],[24,4,12,16,8,20,13,9],[12,16,4,8,24,20,13,9],[4,8,12,24,20,16,9,13],[16,20,24,4,8,12,9,13],[4,8,20,12,24,16,13,9,15],[20,4,12,8,16,24,9,13],[24,8,16,4,20,12,9,15,13],[12,20,8,16,4,24,13,9],[4,20,16,8,24,12,9,13,17],[12,24,16,20,8,4,9,15,14,2],[8,20,24,16,12,4,9,14,15,5,21],[20,16,12,4,8,24,13,9],[8,24,4,20,16,12,13,9,5],[12,8,16,24,4,20,9,14,13],[20,8,16,12,4,24,9,14,15,22,13],[20,16,12,24,8,4,9,13,7],[4,20,12,24,8,16,9,14,15],[24,8,16,12,20,4,13,9,22],[24,16,20,12,8,4,9,13,23],[4,16,8,24,20,12,9,13],[20,8,4,24,12,16,9,13],[8,24,16,4,12,20,9,15,14],[16,12,8,20,4,24,13,9],[20,16,8,24,4,12,9,13],[12,16,4,20,24,8,13,9],[12,24,8,4,16,20,13,9,10,3,11,15,6],[20,16,4,12,24,8,9,15,14],[12,24,8,16,4,20,9,15,13,23],[12,20,8,24,16,4,13,9,18],[24,12,16,20,4,8,13,9],[8,4,20,16,24,12,9,13],[20,12,8,24,16,4,13,9],[8,16,20,12,24,4,13,9],[8,4,16,12,24,20,13,9],[4,20,12,24,16,8,13,9,10,14],[4,20,8,24,12,16,9,13],[16,8,20,24,12,4,13,9],[12,20,24,4,8,16,9,15,14,13],[20,12,24,8,4,16,9,13],[8,12,4,24,20,16,9,13],[24,16,12,20,8,4,13,9],[4,16,8,20,24,12,13,9,14],[4,20,12,16,24,8,13,9],[12,16,20,24,8,4,13,9],[12,16,20,24,8,4,13,9,15,23],[8,24,20,12,16,4,13,9],[24,8,12,20,4,16,13,9,18,14],[8,12,4,16,20,24,9,13,10,18],[8,12,20,16,24,4,13,9,17],[16,20,24,4,12,8,9,13],[12,4,20,24,8,16,9,13,10],[24,4,8,12,20,16,9,13,17,10,7,23],[12,20,4,8,24,16,13,9],[16,4,24,12,20,8,9,13],[4,20,8,24,16,12,9,13],[16,4,8,12,20,24,13,9],[20,24,12,16,8,4,13,9],[24,12,20,8,16,4,9,13,11],[4,12,20,24,16,8,13,9,1,23,19],[16,12,20,8,4,24,13,9,5],[8,24,12,16,20,4,13,9,7],[16,12,24,8,4,20,9,13,15,10],[16,24,12,4,8,20,9,13],[24,16,12,8,20,4,13,9,21,23],[8,16,12,24,4,20,13,9],[8,4,16,20,24,12,9,13],[12,4,16,20,8,24,13,9,1],[4,20,8,12,24,16,9,13],[24,16,20,8,4,12,13,9],[12,24,20,16,4,8,9,13],[8,24,16,20,12,4,13,9],[20,12,24,4,8,16,9,13,7],[16,24,8,12,20,4,9,13],[20,24,8,16,4,12,9,13,5],[20,4,16,24,8,12,9,14,13],[12,4,8,24,16,20,13,9],[24,12,4,20,16,8,13,9,2],[12,20,4,16,8,24,9,13,1,14],[16,4,12,20,8,24,13,9,3],[16,8,12,4,20,24,9,14,13],[8,12,4,24,20,16,13,9],[20,16,4,8,12,24,9,14,13],[12,24,20,16,4,8,13,9],[12,4,24,20,8,16,13,9,15],[12,4,24,20,16,8,9,13],[24,4,16,20,8,12,9,14,10,13],[16,12,20,24,8,4,9,13],[8,4,20,16,12,24,13,9,23,7],[8,12,4,16,24,20,13,9,14],[16,8,12,24,20,4,13,9],[4,12,24,20,8,16,9,13,1],[8,16,20,4,24,12,9,14],[12,24,20,4,16,8,13,9],[20,4,16,8,12,24,13,9],[24,12,4,16,8,20,13,9,21,10,18],[8,16,24,4,20,12,13,9,5],[24,4,16,8,12,20,13,9],[4,24,8,12,20,16,9,13],[16,20,12,24,8,4,9,13,10,15,3,14],[20,8,24,12,4,16,9,13],[16,24,8,20,12,4,9,13,17],[20,16,12,8,24,4,9,13],[20,8,24,4,16,12,13,9],[20,24,16,8,4,12,13,9],[12,20,8,16,24,4,13,9],[20,8,12,4,24,16,9,15,13,17],[24,20,12,4,8,16,9,13,14],[8,4,12,24,16,20,13,9,21],[12,4,24,8,16,20,9,13,22],[8,24,12,16,20,4,9,13],[8,12,20,24,16,4,13,9],[20,16,24,4,8,12,9,14],[16,20,12,4,24,8,9,13],[12,4,8,24,16,20,13,9],[8,12,20,16,24,4,9,13],[12,24,8,4,16,20,9,14,15,10,13,2],[16,12,8,20,4,24,13,9],[12,24,20,4,16,8,9,14],[16,12,24,8,20,4,9,14,6,13],[4,24,20,8,12,16,9,13],[24,16,8,20,4,12,13,9],[24,20,12,8,16,4,9,13,11,10,14],[16,20,4,24,12,8,13,9],[12,20,24,4,8,16,13,9,5,10,18],[12,16,24,20,4,8,9,13],[24,16,20,4,8,12,13,9],[16,4,8,12,20,24,13,9,14],[8,16,24,20,4,12,13,9,6],[4,20,8,16,24,12,9,13],[12,16,8,24,4,20,13,9,22,15],[12,24,16,4,8,20,13,9],[4,24,16,20,12,8,9,13],[4,20,16,24,8,12,13,9,14],[4,20,8,16,12,24,13,9,18],[16,12,8,20,4,24,13,9],[8,4,24,20,16,12,13,9],[16,12,20,8,4,24,13,9],[8,20,24,16,4,12,13,9],[4,24,16,8,20,12,9,13,3],[24,8,12,16,4,20,13,9],[24,8,20,4,12,16,13,9],[20,24,12,16,4,8,9,13,14],[16,20,4,24,12,8,9,13,14],[12,24,4,20,8,16,9,14,11,15],[12,24,8,4,16,20,13,9,1],[8,24,16,4,20,12,13,9],[24,12,16,8,20,4,9,13],[12,4,16,20,24,8,9,13],[20,16,12,8,24,4,13,9,18],[4,8,24,20,16,12,9,13],[24,4,8,16,12,20,13,9],[24,20,8,16,12,4,9,13],[16,8,20,24,4,12,9,13,6],[8,24,16,4,20,12,9,13],[24,16,12,8,4,20,9,13],[20,24,8,16,4,12,13,9],[20,16,4,8,12,24,13,9],[16,12,4,20,8,24,9,13],[20,4,12,16,24,8,13,9],[16,12,20,24,8,4,13,9],[8,16,4,24,20,12,13,9,6,11,2],[4,24,8,12,16,20,13,9],[16,12,4,8,24,20,9,13],[12,16,4,24,8,20,9,15,13,2,21],[24,16,20,12,8,4,9,13,10],[20,8,24,16,12,4,9,13],[16,8,24,12,4,20,13,9],[20,4,16,8,24,12,13,9],[8,4,12,24,20,16,13,9,19],[8,12,24,4,16,20,13,9],[16,8,20,24,12,4,13,9],[20,4,16,8,24,12,9,13],[20,12,4,24,8,16,13,9],[8,4,20,24,12,16,9,13,11],[4,12,20,24,8,16,9,15,14,13],[8,20,4,24,12,16,13,9],[20,24,12,4,16,8,9,13,3,7],[20,12,24,16,4,8,9,15,13],[12,4,20,8,16,24,13,9],[24,16,8,12,4,20,9,13],[8,4,16,12,24,20,13,9],[16,8,24,12,20,4,13,9,7,11],[16,20,8,4,12,24,9,15,14,6,13],[4,12,16,8,20,24,13,9],[12,4,16,20,24,8,9,13,23],[8,12,4,24,16,20,9,14,13,11],[20,8,4,24,16,12,9,13,5],[24,8,20,12,16,4,9,14,22,13],[16,8,20,12,4,24,9,13,3],[8,20,12,16,24,4,9,14,13],[4,24,16,12,8,20,9,15,14,1,18,7,13],[24,16,20,4,12,8,13,9],[4,24,16,12,8,20,13,9,11],[8,12,20,16,24,4,9,13],[20,16,12,8,24,4,9,13],[24,4,12,20,8,16,9,13],[4,24,20,12,16,8,9,15,13],[8,24,12,20,16,4,13,9],[12,24,16,4,8,20,9,15,13,17],[20,24,8,16,4,12,13,9],[20,16,8,4,12,24,9,13],[4,24,16,20,8,12,13,9],[4,16,12,24,8,20,9,14,13],[12,20,8,4,16,24,13,9],[4,12,24,16,20,8,9,13],[8,24,12,16,20,4,9,13,2],[24,8,16,12,4,20,9,13,14],[16,24,8,12,20,4,9,14],[4,8,16,12,20,24,13,9,7],[8,24,12,16,4,20,13,9],[12,20,8,16,4,24,9,14],[20,24,12,16,8,4,9,14],[16,4,24,20,12,8,9,13],[12,4,8,20,16,24,9,15,13,23],[8,20,16,12,4,24,9,13],[16,24,4,12,20,8,9,13],[24,4,12,16,20,8,13,9],[16,20,24,8,4,12,9,13],[4,16,20,8,12,24,13,9,11],[24,20,12,8,16,4,13,9],[4,8,20,12,24,16,9,13],[20,4,8,16,24,12,13,9],[12,16,8,20,4,24,13,9],[8,12,16,24,4,20,9,13,19],[12,4,16,8,24,20,13,9],[20,8,12,24,16,4,9,13],[8,24,4,16,20,12,13,9],[8,12,4,16,20,24,9,13],[24,4,20,16,8,12,13,9],[24,12,4,8,16,20,13,9,1,5,6],[4,8,24,20,16,12,9,13],[4,16,20,12,24,8,9,13,14],[12,4,8,24,20,16,13,9],[24,16,4,20,12,8,9,14,11,15,1],[4,8,16,12,20,24,13,9],[24,12,16,4,20,8,13,9],[16,12,4,8,20,24,9,13],[20,4,12,8,24,16,9,13],[4,24,8,20,16,12,9,13],[24,4,8,16,20,12,9,15,13],[4,12,16,8,20,24,9,15,14,5,13],[8,4,16,20,24,12,13,9,5],[8,4,24,12,20,16,13,9,5,6,18],[20,8,16,4,12,24,13,9],[4,16,24,20,12,8,9,13,14],[8,4,20,16,12,24,9,13,21],[12,4,24,20,8,16,9,15,14,23],[24,20,16,8,4,12,13,9,21,15],[24,4,12,8,20,16,13,9],[4,12,24,16,8,20,9,13],[12,8,16,20,24,4,13,9],[20,4,24,8,16,12,9,13],[12,4,16,20,24,8,9,14],[4,20,24,16,8,12,13,9],[24,20,16,12,4,8,9,13,7],[12,24,20,16,8,4,13,9,19],[16,24,4,12,20,8,9,13],[4,12,16,20,8,24,9,13],[24,20,12,16,8,4,13,9],[12,24,4,16,20,8,9,13],[24,20,16,8,12,4,9,13,18],[8,4,24,12,16,20,9,15,14,13],[12,4,24,20,16,8,9,13,18],[8,20,12,16,4,24,9,14],[20,4,24,8,12,16,13,9,19],[4,8,24,12,16,20,9,14,15],[20,8,12,16,24,4,13,9,10,14,6],[12,20,8,16,4,24,9,13],[20,4,8,24,12,16,13,9],[20,16,12,4,24,8,9,13,11],[8,4,20,12,24,16,13,9],[12,24,8,16,20,4,13,9],[20,12,8,24,4,16,9,13,18],[16,8,20,4,24,12,9,13,19,5,3],[4,20,8,12,16,24,9,15,13],[4,12,20,16,24,8,13,9,19],[20,4,8,16,24,12,13,9],[24,4,12,16,8,20,13,9],[24,8,4,12,20,16,9,13],[20,8,12,4,16,24,9,13],[8,4,24,16,12,20,9,15,13,21],[24,4,16,20,8,12,13,9],[16,4,24,12,8,20,9,13],[8,16,4,12,24,20,9,13],[24,4,20,8,12,16,9,13],[24,20,4,12,16,8,13,9],[12,20,16,8,24,4,13,9],[4,24,16,12,8,20,13,9],[16,24,8,4,12,20,13,9,14],[20,8,4,16,24,12,9,13,21,10,15],[4,8,20,24,12,16,9,15,14],[4,12,24,20,8,16,13,9,1],[24,16,8,20,4,12,9,13,7,2,10,14],[20,24,8,12,4,16,13,9,14],[20,8,12,16,24,4,9,13,5],[4,20,16,8,12,24,13,9],[12,20,4,16,24,8,9,15,13],[8,24,20,16,12,4,13,9],[4,8,24,16,12,20,9,13,21],[24,8,12,4,16,20,9,13],[16,20,12,4,8,24,9,13,14],[8,20,12,4,16,24,13,9],[24,4,12,20,16,8,9,13,6],[20,4,24,16,8,12,13,9],[12,8,16,20,4,24,9,14,13],[12,8,4,20,24,16,13,9],[24,12,16,8,20,4,13,9,21],[16,20,8,12,4,24,13,9],[4,20,8,16,12,24,9,13],[8,4,16,20,12,24,9,15,13],[16,20,8,24,4,12,9,13,14],[12,4,16,20,24,8,9,14,13],[16,24,20,4,8,12,13,9],[8,4,12,20,16,24,9,13,15],[4,12,20,8,24,16,13,9,15],[24,4,20,12,16,8,13,9,7,17,3,23],[8,24,12,20,4,16,13,9],[20,12,4,8,24,16,13,9,19],[16,24,8,20,12,4,13,9],[4,20,16,12,8,24,13,9,7,17],[16,20,12,8,4,24,9,13,7],[20,8,4,24,16,12,9,13,7,2,10,14],[12,16,4,24,20,8,13,9,7,22],[24,8,4,12,16,20,9,13],[8,20,16,24,4,12,9,13],[4,12,20,24,16,8,9,13],[20,24,4,8,16,12,9,13],[8,12,16,24,20,4,13,9],[4,16,24,12,20,8,9,15,14,13,21],[24,4,20,16,12,8,9,15,13],[20,24,8,16,4,12,9,13],[16,4,8,24,20,12,13,9],[4,12,24,20,8,16,13,9],[16,20,12,24,8,4,13,9],[16,8,12,24,4,20,13,9],[24,8,12,4,20,16,9,15,14],[4,12,20,24,8,16,9,13],[4,20,24,16,8,12,13,9],[24,16,8,12,20,4,9,14,13],[12,4,24,20,8,16,9,13],[8,12,16,24,20,4,13,9],[12,8,4,16,24,20,13,9,5,7],[20,16,8,4,12,24,9,13,5,19],[12,4,24,16,8,20,13,9,3],[24,12,8,16,20,4,9,15,13,21,14],[20,8,16,24,12,4,9,13],[12,24,4,20,16,8,9,14,13],[16,8,24,12,20,4,9,13],[20,8,16,12,4,24,9,13,14,22],[4,24,8,20,12,16,9,14],[4,8,16,12,20,24,9,13],[24,8,12,16,4,20,13,9],[4,16,20,24,12,8,9,13],[12,4,8,20,16,24,9,13],[8,24,12,20,4,16,9,13],[12,8,16,4,20,24,9,13],[12,16,4,8,20,24,13,9,18,19,5,21],[8,16,4,12,24,20,9,13,22,17],[12,4,20,8,24,16,13,9,10],[12,8,24,16,20,4,9,13],[20,8,16,24,12,4,9,13],[12,20,16,8,4,24,13,9,1],[16,12,8,24,4,20,13,9],[12,20,8,16,4,24,13,9],[24,4,20,8,16,12,13,9],[8,12,24,16,4,20,9,14,22,13],[12,16,20,4,24,8,9,15,14],[8,12,16,24,4,20,9,13,14,18],[8,20,4,16,12,24,9,13,19],[4,20,8,16,12,24,13,9],[12,16,24,20,8,4,9,15,13,2,1,14],[12,20,16,4,8,24,13,9,11],[12,16,24,8,4,20,9,15,13,10],[20,12,8,24,16,4,13,9],[16,20,12,8,4,24,9,15,13,14],[12,4,8,20,16,24,13,9],[4,12,8,16,20,24,9,14,13,2],[20,24,8,12,4,16,9,13],[16,20,4,8,24,12,9,15,13],[4,16,20,12,24,8,9,13,3],[16,24,4,12,8,20,9,15,13],[24,16,12,4,8,20,9,13,22],[16,8,20,4,12,24,9,13,14],[12,8,24,16,20,4,9,13,15,21],[20,16,8,24,12,4,9,13,11],[8,20,16,4,24,12,9,14,13,23],[20,24,16,4,12,8,13,9,17],[4,12,16,8,24,20,9,13],[8,12,20,4,24,16,9,13],[4,12,24,20,16,8,13,9],[4,20,8,24,12,16,13,9,22,14],[24,20,16,8,12,4,9,13],[8,4,16,20,12,24,13,9],[4,12,8,24,20,16,13,9],[20,24,4,12,16,8,9,14],[16,24,20,8,12,4,9,13],[24,20,12,16,4,8,13,9,2,15],[4,12,24,20,8,16,9,15,13,3],[16,12,24,20,4,8,9,15,13],[4,16,12,8,20,24,9,13],[20,4,12,16,8,24,9,14,13],[12,24,20,8,16,4,13,9],[20,8,24,12,16,4,13,9],[16,12,8,20,4,24,9,13,21],[16,12,20,8,4,24,13,9],[4,20,12,8,24,16,9,13],[8,24,4,20,16,12,13,9],[20,8,16,24,12,4,9,13,23],[16,24,8,4,20,12,9,13,2,1],[8,16,4,24,20,12,9,13,11],[16,12,8,24,20,4,13,9,3],[8,16,4,12,20,24,13,9,18,10,14],[20,24,8,12,16,4,13,9],[16,24,4,12,8,20,13,9],[24,20,8,4,16,12,13,9],[20,12,4,16,24,8,13,9],[20,16,24,4,8,12,9,14,18,13],[12,8,4,20,24,16,13,9],[16,12,8,20,4,24,13,9],[24,8,4,16,20,12,9,13,17,10,15],[12,24,4,8,16,20,13,9],[8,16,24,4,20,12,9,13,11,18],[8,16,12,4,20,24,13,9,2],[4,16,8,20,24,12,13,9],[24,12,4,8,20,16,9,14],[20,16,8,4,12,24,9,14,15],[20,4,16,12,8,24,9,13],[16,4,8,20,12,24,9,13,11,10,17,14,2,23],[16,12,8,24,20,4,13,9,15],[12,8,16,4,24,20,9,13],[16,24,4,20,8,12,9,14,13],[8,20,4,24,16,12,13,9,19],[20,8,12,4,16,24,9,13],[24,16,12,4,8,20,13,9,18],[12,8,20,24,16,4,13,9],[8,16,4,12,20,24,13,9,10,14],[4,24,12,8,20,16,9,14,13],[24,12,20,4,16,8,13,9],[12,16,24,8,4,20,9,14,13],[16,8,4,24,20,12,9,13,2,19],[4,8,16,20,12,24,13,9,14],[16,12,4,8,20,24,9,14,13],[24,12,8,4,16,20,13,9],[4,12,8,24,20,16,13,9],[20,16,8,4,12,24,13,9,21,1,14,15],[24,16,20,8,4,12,9,15,14,7,13],[24,16,8,4,20,12,9,15,14,13],[20,4,12,8,24,16,9,13,11,1],[20,24,4,12,16,8,9,13],[20,24,12,4,16,8,9,13,19],[4,16,12,8,24,20,13,9],[16,20,4,8,24,12,9,15,14,13],[20,12,16,24,4,8,13,9],[8,20,12,24,16,4,13,9,15],[20,12,16,4,24,8,9,14,13],[16,8,24,12,4,20,13,9],[4,8,20,12,24,16,9,13],[4,20,24,16,8,12,9,13],[20,4,16,12,24,8,13,9],[4,24,12,8,20,16,13,9,15],[20,12,24,4,8,16,9,13],[4,12,16,8,24,20,13,9],[24,16,20,8,4,12,9,13],[8,20,24,16,12,4,9,13,18],[8,16,12,20,4,24,9,13,3],[20,24,4,8,12,16,9,15,14,13],[8,12,20,24,16,4,13,9],[12,24,8,16,20,4,13,9,14],[20,24,8,12,4,16,13,9],[20,16,24,12,4,8,13,9,15,6,23,18],[12,24,8,20,4,16,9,13,6,10,15],[4,16,8,20,12,24,13,9,14],[8,4,20,16,12,24,13,9],[16,24,8,12,4,20,9,13,1,19],[24,16,8,4,20,12,9,15,13],[8,4,16,24,12,20,9,13,23],[4,12,16,24,20,8,13,9],[12,16,4,24,8,20,13,9,5],[4,16,12,20,24,8,13,9],[24,12,8,20,16,4,9,13,14],[16,20,8,12,4,24,13,9,6],[20,4,24,12,16,8,13,9,2,19,1],[16,12,24,4,20,8,9,14,13],[16,4,24,8,20,12,9,13],[12,4,20,16,24,8,9,13,11],[20,16,12,24,4,8,9,15,13],[16,12,8,24,20,4,9,14,13],[24,12,16,20,4,8,9,13,10,14],[20,12,8,16,24,4,13,9],[24,16,20,4,12,8,9,14],[4,8,20,16,12,24,13,9,17],[12,8,4,20,24,16,9,13,19],[16,24,12,4,20,8,13,9],[4,24,20,16,8,12,13,9,2,22],[16,4,20,8,24,12,13,9,22,2],[20,12,24,8,16,4,13,9],[16,12,24,8,4,20,9,14,15],[4,8,12,16,20,24,13,9,14],[20,16,12,4,8,24,9,13],[12,24,16,4,20,8,13,9],[8,24,4,16,20,12,13,9,11,21],[16,20,12,24,4,8,13,9,5],[4,16,20,8,24,12,13,9,2],[12,24,20,4,16,8,13,9,21],[24,4,8,12,20,16,9,13],[12,8,24,20,4,16,13,9],[8,12,16,20,4,24,9,13],[20,8,4,24,12,16,13,9,2,10,15,3],[4,8,20,16,12,24,13,9],[4,24,16,8,12,20,13,9,5],[12,24,8,20,4,16,9,13,19],[12,8,4,20,24,16,9,13],[8,20,4,24,16,12,13,9],[24,20,16,12,4,8,13,9,2,10,14],[8,20,4,16,12,24,13,9,23,14],[20,16,8,4,12,24,13,9,11]]}