{"problem_id":"7O4idtbEKm7tztX","sigma":150,"alpha":0.316,"cost":2,"probabilities":"[0.09000000000000001, 0.02, 0.3, 0.59]","payoff_matrix":"[[33, -166, 90, 325, 285, 290], [23, -150, -34, -66, 270, -44], [299, -50, 183, -80, 150, -125], [2, -234, 85, -207, 137, -287]]","uncovered":[[20,12,4,24,16,8,11,19],[20,12,8,24,4,16,11,19],[4,24,8,20,12,16,11,19],[4,16,8,20,24,12,11,19],[12,16,24,20,8,4,11,19],[24,4,12,8,16,20,11,19],[20,12,8,4,16,24,11,19],[20,16,12,8,24,4,19],[12,16,24,20,4,8,19],[8,20,12,4,16,24,19],[4,20,16,24,12,8,11,19],[24,12,20,8,16,4,11,19],[4,12,16,8,24,20,19],[16,8,20,4,12,24,19],[4,20,12,8,24,16,11,19],[12,8,16,20,24,4,19],[12,24,8,20,16,4,11,19],[12,4,24,20,16,8,11,19],[20,16,4,24,8,12,11,19],[4,16,8,20,12,24,19],[16,4,12,8,20,24,11,19],[12,20,24,8,16,4,11,19],[8,20,24,4,16,12,11,19],[4,24,16,12,20,8,19],[8,16,20,24,12,4,11,19],[20,16,4,24,12,8,11,19],[24,16,12,8,4,20,11,19],[4,24,8,16,12,20,19],[8,20,12,4,24,16,11,19],[12,24,8,4,20,16,19],[4,24,20,8,12,16,19],[12,20,16,24,8,4,19],[8,12,4,24,16,20,19],[4,8,12,24,20,16,11,19],[16,8,20,12,4,24,11,19],[24,16,20,8,4,12,19],[20,16,4,8,24,12,11,19],[12,16,8,20,4,24,11,19],[16,4,8,20,12,24,19],[4,24,12,8,16,20,19],[4,20,12,24,8,16,11,19],[20,24,16,4,8,12,11,19],[24,8,12,20,16,4,19],[4,8,12,24,16,20,19],[12,4,24,16,20,8,11,19],[20,8,12,24,4,16,19],[16,12,4,8,20,24,11,19],[4,8,16,12,24,20,11,19],[8,4,12,24,20,16,11,19],[16,8,4,20,12,24,19],[8,16,24,20,12,4,19],[16,4,12,24,20,8,19],[12,4,16,20,8,24,11,19],[16,24,8,12,20,4,11,19],[16,12,4,20,8,24,11,19],[24,16,8,12,20,4,11,19],[24,8,16,12,20,4,11,19],[24,12,4,20,16,8,11,19],[4,8,16,12,24,20,11,19],[4,12,24,8,16,20,11,19],[8,24,4,12,16,20,11,19],[12,4,8,24,20,16,11,19],[16,4,8,24,20,12,11,19],[12,20,16,4,8,24,11,19],[24,4,8,20,16,12,11,19],[16,12,20,8,4,24,11,19],[20,8,16,4,24,12,19],[20,16,4,24,8,12,11,19],[20,24,4,16,12,8,19],[24,16,4,12,20,8,19],[20,12,24,16,4,8,11,19],[4,12,20,24,8,16,19],[12,20,4,16,8,24,11,19],[24,8,20,16,4,12,19],[4,24,20,12,8,16,11,19],[16,24,4,12,20,8,11,19],[24,12,16,8,20,4,19],[4,12,20,8,24,16,11,19],[4,8,12,16,24,20,11,19],[12,24,16,20,4,8,19],[16,12,4,24,8,20,11,19],[16,8,20,24,4,12,19],[24,8,12,16,4,20,19],[20,4,12,16,8,24,19],[24,4,20,8,12,16,19],[16,4,12,24,20,8,11,19],[16,12,24,4,20,8,11,19],[16,24,4,8,12,20,11,19],[8,20,12,4,24,16,11,19],[8,24,12,16,4,20,19],[16,12,20,24,4,8,11,19],[20,12,4,24,16,8,11,19],[4,20,16,8,12,24,11,19],[8,4,20,24,12,16,19],[20,4,12,8,24,16,11,19],[4,24,8,12,20,16,19],[12,24,20,8,16,4,19],[8,20,12,24,16,4,19],[24,20,4,16,8,12,19],[4,12,16,8,20,24,11,19],[12,24,16,20,4,8,11,19],[20,12,8,16,4,24,11,19],[8,24,16,4,12,20,19],[12,8,4,20,24,16,11,19],[4,24,8,20,16,12,19],[20,4,8,24,16,12,19],[12,16,20,8,4,24,11,19],[4,8,12,24,16,20,11,19],[8,24,4,20,12,16,11,19],[8,12,20,24,4,16,11,19],[8,12,20,4,16,24,11,19],[12,24,20,4,16,8,11,19],[12,16,4,20,24,8,11,19],[8,4,16,20,24,12,11,19],[16,8,12,24,20,4,11,19],[12,24,20,4,8,16,19],[12,8,24,4,16,20,19],[8,20,4,12,24,16,11,19],[20,4,16,12,8,24,19],[24,4,8,20,12,16,19],[8,20,4,12,16,24,11,19],[16,20,12,8,4,24,11,19],[8,24,4,20,12,16,19],[24,8,16,20,4,12,19],[4,12,16,24,20,8,11,19],[12,16,8,24,4,20,19],[4,20,8,24,16,12,19],[20,4,24,16,8,12,19],[20,8,24,16,4,12,11,19],[4,20,24,8,12,16,19],[8,20,12,24,4,16,19],[8,16,20,24,12,4,19],[16,4,20,12,24,8,19],[4,16,20,12,24,8,11,19],[4,24,16,20,8,12,19],[16,24,4,20,8,12,11,19],[8,24,4,16,12,20,11,19],[12,24,8,20,16,4,11,19],[12,20,24,4,8,16,19],[24,20,8,12,4,16,19],[20,16,8,12,4,24,19],[16,12,24,8,20,4,11,19],[20,24,16,8,12,4,19],[20,16,4,8,24,12,11,19],[24,16,4,20,12,8,19],[4,16,12,20,8,24,11,19],[4,8,20,24,16,12,19],[20,12,4,16,24,8,11,19],[8,20,12,4,16,24,19],[12,8,20,4,24,16,11,19],[8,16,20,24,12,4,11,19],[20,8,16,4,24,12,19],[24,12,16,4,20,8,11,19],[4,12,16,8,24,20,11,19],[12,24,20,16,4,8,19],[16,12,24,20,8,4,19],[16,8,12,20,24,4,11,19],[8,20,24,4,16,12,19],[8,12,16,20,24,4,19],[12,8,20,24,16,4,11,19],[24,4,20,16,8,12,11,19],[20,16,4,24,12,8,11,19],[12,24,8,20,16,4,11,19],[8,4,12,20,16,24,11,19],[4,12,20,24,8,16,19],[12,4,16,20,24,8,11,19],[20,4,16,8,24,12,19],[4,24,12,20,16,8,19],[24,8,20,16,4,12,19],[20,12,4,8,16,24,19],[8,12,4,20,24,16,19],[20,24,12,8,16,4,11,19],[4,8,24,12,16,20,11,19],[4,20,12,8,16,24,11,19],[4,12,20,8,16,24,19],[12,8,16,4,24,20,11,19],[4,12,20,24,16,8,19],[16,20,12,24,8,4,19],[20,4,24,12,8,16,19],[20,12,4,16,8,24,11,19],[16,12,24,8,4,20,11,19],[8,20,16,12,4,24,19],[4,12,20,24,8,16,19],[4,20,8,24,12,16,19],[8,4,12,16,20,24,11,19],[16,24,20,12,4,8,11,19],[4,16,20,24,12,8,11,19],[24,12,20,16,4,8,11,19],[12,24,8,16,4,20,11,19],[16,12,4,20,24,8,19],[4,12,8,20,16,24,19],[4,20,12,16,8,24,19],[8,12,20,16,24,4,19],[24,8,12,4,20,16,19],[8,16,4,20,12,24,19],[24,20,16,8,12,4,11,19],[4,24,12,20,16,8,11,19],[20,12,16,8,4,24,19],[8,16,20,12,4,24,19],[12,20,16,24,8,4,11,19],[16,24,12,20,4,8,11,19],[24,16,8,12,20,4,19],[24,8,12,4,16,20,19],[20,4,12,8,16,24,19],[8,16,4,12,20,24,19],[4,16,24,20,12,8,19],[20,8,16,24,4,12,11,19],[20,8,24,4,12,16,19],[8,12,20,16,24,4,11,19],[12,16,24,4,8,20,11,19],[24,8,16,12,4,20,11,19],[16,4,20,8,12,24,19],[16,8,4,20,12,24,11,19],[12,8,16,24,20,4,11,19],[8,24,20,4,16,12,19],[12,16,4,24,20,8,11,19],[24,8,12,16,20,4,11,19],[4,16,20,12,24,8,11,19],[4,16,24,8,12,20,19],[4,8,16,24,12,20,19],[20,24,8,4,16,12,11,19],[12,4,24,20,8,16,19],[20,8,4,12,16,24,19],[16,4,12,24,8,20,11,19],[8,16,12,20,4,24,19],[20,8,24,16,4,12,19],[12,20,4,24,8,16,11,19],[12,20,4,24,16,8,19],[20,24,4,12,16,8,11,19],[16,4,24,12,8,20,11,19],[8,4,12,16,24,20,11,19],[4,24,12,16,8,20,19],[20,16,24,4,12,8,19],[12,20,16,8,24,4,11,19],[12,4,24,8,20,16,11,19],[12,16,8,24,20,4,19],[16,12,24,20,4,8,11,19],[12,20,8,4,24,16,19],[12,16,8,20,4,24,11,19],[12,16,4,20,8,24,19],[12,8,20,4,24,16,19],[12,20,8,24,4,16,11,19],[24,12,8,4,16,20,19],[20,16,8,12,24,4,11,19],[12,20,8,4,16,24,11,19],[12,16,4,24,8,20,19],[12,20,16,4,24,8,19],[20,12,4,16,8,24,11,19],[8,20,4,12,24,16,11,19],[20,16,4,24,8,12,11,19],[12,24,20,4,8,16,19],[8,16,20,4,24,12,19],[8,24,20,16,4,12,19],[12,4,24,16,8,20,11,19],[16,8,24,20,4,12,19],[20,4,24,8,16,12,11,19],[4,16,24,12,8,20,19],[24,16,20,12,4,8,11,19],[12,20,16,24,4,8,11,19],[8,12,20,24,4,16,11,19],[24,8,16,4,12,20,11,19],[20,4,16,8,12,24,11,19],[24,16,12,8,20,4,19],[8,4,20,16,12,24,11,19],[24,8,12,16,20,4,11,19],[20,8,4,24,16,12,11,19],[20,24,16,4,8,12,19],[20,4,8,24,16,12,11,19],[16,8,4,24,20,12,19],[4,20,16,12,8,24,19],[16,4,24,12,20,8,11,19],[16,12,24,4,20,8,11,19],[24,4,20,8,12,16,19],[12,20,24,8,4,16,19],[8,4,12,20,16,24,19],[24,20,8,16,12,4,19],[20,16,8,4,12,24,11,19],[8,12,20,4,16,24,19],[24,20,12,8,4,16,11,19],[8,4,16,20,24,12,19],[8,20,4,16,12,24,11,19],[20,24,16,8,4,12,19],[24,16,8,20,4,12,11,19],[8,12,24,4,16,20,19],[20,16,4,24,8,12,11,19],[24,4,8,12,16,20,11,19],[8,24,20,16,12,4,11,19],[24,20,8,16,4,12,19],[8,4,20,16,24,12,11,19],[20,24,8,16,12,4,19],[16,24,12,8,20,4,19],[12,4,24,8,20,16,19],[4,12,16,24,8,20,11,19],[8,4,24,12,16,20,11,19],[20,4,16,12,24,8,11,19],[16,20,4,12,24,8,19],[16,24,20,4,8,12,11,19],[4,12,24,8,20,16,19],[8,16,24,12,20,4,11,19],[4,12,24,16,20,8,19],[8,24,20,16,12,4,11,19],[12,16,24,8,4,20,11,19],[24,20,12,4,16,8,19],[8,20,16,12,24,4,11,19],[20,8,16,24,4,12,19],[4,20,12,8,16,24,19],[8,16,4,12,24,20,19],[16,4,8,20,12,24,19],[24,16,20,4,8,12,11,19],[4,8,12,24,20,16,11,19],[16,24,4,8,12,20,11,19],[12,20,8,4,16,24,19],[8,12,4,20,16,24,11,19],[12,4,8,16,24,20,11,19],[16,24,8,20,4,12,11,19],[4,16,12,20,8,24,11,19],[24,4,8,12,16,20,11,19],[4,8,16,20,12,24,11,19],[20,24,12,8,16,4,19],[16,8,24,4,20,12,19],[24,16,20,12,4,8,11,19],[4,12,24,16,8,20,19],[12,8,24,4,20,16,11,19],[24,20,12,8,16,4,11,19],[20,12,16,24,4,8,11,19],[16,24,4,12,8,20,11,19],[20,24,8,12,16,4,11,19],[20,12,8,16,24,4,11,19],[20,24,8,16,12,4,19],[24,4,20,16,8,12,11,19],[4,16,12,20,24,8,19],[4,12,8,20,16,24,19],[16,8,20,4,24,12,11,19],[12,20,4,24,16,8,19],[4,16,12,20,8,24,19],[8,20,16,4,12,24,11,19],[20,12,8,16,4,24,19],[4,8,16,20,12,24,19],[8,12,4,20,16,24,11,19],[8,20,4,24,12,16,11,19],[24,16,4,20,12,8,11,19],[12,16,24,8,4,20,19],[4,16,24,12,8,20,11,19],[16,8,20,4,12,24,19],[16,12,24,8,4,20,19],[4,16,12,24,8,20,19],[16,24,4,12,8,20,19],[16,4,12,20,24,8,19],[24,20,4,12,16,8,11,19],[8,20,16,4,12,24,11,19],[24,16,12,20,8,4,11,19],[12,24,16,20,4,8,11,19],[20,8,12,24,4,16,11,19],[16,4,24,8,12,20,19],[4,8,24,16,20,12,11,19],[20,12,4,16,8,24,19],[12,16,20,8,4,24,19],[20,12,8,24,16,4,11,19],[16,12,8,20,4,24,11,19],[12,4,20,16,24,8,11,19],[4,12,16,24,8,20,19],[12,24,4,16,20,8,11,19],[4,20,24,12,16,8,11,19],[20,24,16,4,12,8,11,19],[8,24,16,20,4,12,11,19],[24,8,12,16,20,4,11,19],[8,12,20,24,4,16,11,19],[24,20,16,12,4,8,11,19],[20,12,4,16,24,8,19],[8,4,12,24,20,16,11,19],[20,4,8,24,16,12,11,19],[24,4,12,8,20,16,11,19],[16,24,4,12,20,8,11,19],[20,4,24,8,12,16,11,19],[8,24,20,12,4,16,19],[12,4,24,16,8,20,11,19],[24,8,16,12,20,4,19],[20,24,8,4,16,12,19],[20,24,12,8,4,16,19],[8,16,20,12,4,24,19],[20,4,24,16,12,8,19],[8,4,20,12,24,16,19],[8,20,24,16,4,12,19],[16,24,20,8,4,12,11,19],[16,4,12,8,24,20,11,19],[20,24,16,4,12,8,11,19],[4,24,20,16,12,8,19],[12,20,16,4,24,8,19],[24,16,4,8,20,12,19],[12,20,24,4,8,16,19],[24,12,8,16,4,20,19],[4,20,16,12,8,24,11,19],[8,4,20,16,24,12,19],[16,20,12,8,4,24,11,19],[16,24,20,8,12,4,11,19],[20,8,16,12,24,4,19],[16,24,4,12,20,8,11,19],[12,8,24,20,4,16,19],[4,8,20,24,12,16,11,19],[4,20,16,24,12,8,11,19],[4,24,12,20,8,16,11,19],[8,12,20,24,4,16,11,19],[24,8,4,12,20,16,11,19],[8,4,24,16,20,12,11,19],[4,16,12,20,24,8,11,19],[20,12,8,16,24,4,19],[12,16,8,4,20,24,11,19],[16,8,20,12,24,4,19],[8,24,20,16,4,12,19],[4,24,20,12,16,8,19],[24,8,4,20,16,12,19],[24,4,12,16,20,8,11,19],[16,4,8,20,12,24,19],[16,20,12,8,24,4,11,19],[4,12,24,20,8,16,11,19],[8,24,4,16,20,12,11,19],[8,4,20,24,12,16,19],[4,12,8,24,20,16,19],[16,8,20,12,24,4,19],[8,16,24,12,4,20,19],[16,20,4,8,24,12,11,19],[8,4,24,12,16,20,11,19],[12,8,24,16,4,20,19],[24,16,20,12,4,8,19],[12,16,8,20,24,4,19],[4,12,20,16,24,8,19],[12,8,16,24,4,20,11,19],[4,8,24,16,12,20,19],[8,24,12,16,20,4,11,19],[20,4,24,16,8,12,19],[20,12,24,8,16,4,19],[4,24,20,12,16,8,19],[8,24,20,12,4,16,19],[8,12,20,4,24,16,19],[4,8,20,16,24,12,19],[12,16,8,24,4,20,11,19],[20,12,16,24,8,4,11,19],[8,4,16,12,24,20,11,19],[4,16,12,20,8,24,19],[16,24,12,20,8,4,11,19],[12,16,4,24,8,20,19],[24,20,8,16,12,4,11,19],[12,16,4,20,24,8,11,19],[12,4,8,24,20,16,19],[12,16,4,24,8,20,11,19],[4,8,20,16,12,24,11,19],[24,20,16,4,8,12,19],[8,20,4,16,24,12,19],[16,4,20,12,8,24,19],[16,4,20,12,24,8,11,19],[4,16,12,24,20,8,19],[8,16,4,20,12,24,11,19],[4,8,24,16,20,12,19],[24,8,4,12,20,16,11,19],[12,20,4,8,16,24,11,19],[24,16,4,12,8,20,19],[20,8,16,24,4,12,11,19],[12,24,8,20,4,16,11,19],[24,12,4,8,16,20,11,19],[8,4,12,16,20,24,11,19],[12,16,24,4,20,8,19],[4,24,16,20,12,8,11,19],[4,8,24,20,12,16,19],[24,16,20,4,12,8,19],[20,12,8,24,4,16,11,19],[4,16,8,12,24,20,11,19],[8,20,12,16,4,24,11,19],[20,8,12,4,24,16,19],[12,4,20,16,24,8,19],[24,16,20,12,8,4,19],[20,12,4,16,8,24,19],[4,12,16,20,24,8,19],[20,4,16,8,12,24,19],[24,12,4,20,16,8,11,19],[16,12,24,20,8,4,19],[8,4,20,16,12,24,19],[24,8,12,16,20,4,11,19],[4,24,8,20,12,16,11,19],[24,4,20,8,12,16,19],[4,8,24,16,12,20,11,19],[12,16,20,8,24,4,19],[24,4,20,8,16,12,19],[12,4,8,20,16,24,11,19],[12,4,8,20,24,16,19],[20,16,24,12,8,4,11,19],[16,12,20,8,24,4,11,19],[12,16,4,20,24,8,11,19],[16,12,4,24,8,20,11,19],[12,8,20,24,16,4,19],[8,20,24,12,4,16,11,19],[4,12,20,8,16,24,19],[24,8,12,16,20,4,19],[24,12,4,20,8,16,11,19],[24,4,16,20,8,12,19],[16,4,8,24,20,12,19],[8,24,20,12,16,4,19],[16,4,24,8,20,12,19],[4,16,8,20,12,24,11,19],[20,12,4,8,16,24,11,19],[20,16,8,24,4,12,11,19],[16,4,8,24,20,12,19],[8,4,20,24,16,12,19],[24,12,4,8,20,16,19],[4,16,12,8,20,24,19],[4,20,16,12,8,24,19],[16,24,4,20,12,8,11,19],[12,20,8,24,16,4,11,19],[8,24,16,20,12,4,11,19],[4,20,12,8,16,24,19],[8,24,4,12,16,20,19],[16,24,4,12,8,20,11,19],[12,8,16,20,4,24,11,19],[16,12,4,24,8,20,11,19],[20,8,12,4,24,16,19],[4,16,20,24,8,12,19],[12,20,4,24,8,16,19],[4,24,16,12,20,8,19],[12,24,16,20,4,8,11,19],[12,24,4,8,20,16,11,19],[12,24,20,4,8,16,11,19],[4,20,8,24,16,12,19],[20,16,8,24,12,4,19],[20,24,16,8,4,12,11,19],[20,24,8,4,16,12,11,19],[8,12,20,4,24,16,11,19],[12,20,4,8,16,24,19],[12,20,8,24,4,16,19],[4,20,24,16,8,12,11,19],[4,24,20,8,16,12,11,19],[8,24,20,16,12,4,11,19],[24,16,4,20,12,8,11,19],[20,12,24,16,4,8,19],[12,20,4,16,8,24,19],[16,24,20,4,12,8,11,19],[20,24,4,8,16,12,19],[20,12,4,8,24,16,19],[24,16,4,8,12,20,19],[16,4,12,24,20,8,11,19],[20,16,4,12,24,8,11,19],[16,20,4,12,24,8,11,19],[12,24,4,16,20,8,19],[24,16,12,8,4,20,11,19],[20,8,16,12,4,24,11,19],[4,12,20,24,8,16,19],[16,4,24,8,12,20,11,19],[16,24,20,4,8,12,11,19],[4,20,16,8,12,24,19],[12,20,16,4,8,24,19],[12,4,24,20,8,16,19],[12,16,8,4,20,24,19],[16,4,12,20,24,8,11,19],[20,8,16,24,12,4,11,19],[8,4,24,16,12,20,11,19],[16,4,24,12,8,20,11,19],[8,12,24,20,4,16,19],[20,4,16,24,8,12,19],[8,12,20,4,24,16,19],[12,24,16,20,8,4,19],[20,4,12,16,8,24,19],[20,12,8,24,4,16,11,19],[16,4,8,12,24,20,11,19],[4,20,24,16,12,8,11,19],[4,20,8,24,12,16,11,19],[24,20,16,4,12,8,11,19],[24,12,4,8,20,16,19],[8,16,12,24,4,20,19],[4,20,16,12,8,24,19],[20,4,24,8,12,16,19],[12,24,16,20,8,4,11,19],[4,20,16,8,12,24,19],[20,24,16,4,8,12,11,19],[24,4,8,20,12,16,11,19],[4,16,24,8,20,12,19],[4,8,12,24,16,20,19],[20,12,4,8,16,24,19],[24,8,4,12,16,20,11,19],[20,16,8,4,24,12,19],[20,4,12,16,24,8,19],[16,24,20,4,12,8,11,19],[20,12,16,24,4,8,11,19],[16,20,4,8,24,12,11,19],[4,20,16,8,24,12,11,19],[12,24,8,16,20,4,11,19],[4,12,8,20,24,16,19],[8,12,24,4,16,20,11,19],[12,16,8,20,4,24,11,19],[12,16,20,24,4,8,11,19],[20,12,16,4,8,24,19],[12,8,24,16,20,4,11,19],[12,24,8,20,16,4,19],[20,8,24,12,4,16,11,19],[16,4,24,20,12,8,11,19],[8,20,12,16,24,4,11,19],[20,16,8,24,12,4,19],[8,20,16,12,4,24,11,19],[24,4,16,8,12,20,11,19],[4,16,20,12,24,8,11,19],[24,16,20,4,12,8,11,19],[8,16,4,12,20,24,19],[12,20,8,24,4,16,11,19],[20,4,12,16,8,24,19],[20,24,12,8,16,4,19],[12,20,24,8,4,16,19],[8,4,16,24,20,12,11,19],[4,24,20,12,8,16,11,19],[12,24,20,8,16,4,11,19],[12,16,20,4,8,24,19],[20,16,12,24,4,8,19],[8,12,4,16,24,20,19],[24,4,12,16,8,20,11,19],[16,12,4,20,24,8,11,19],[12,4,16,24,8,20,19],[8,12,16,4,20,24,11,19],[24,20,16,4,8,12,19],[16,8,24,12,4,20,19],[12,24,16,8,4,20,11,19],[4,8,20,16,24,12,19],[8,20,12,16,24,4,19],[8,24,4,20,16,12,11,19],[24,8,12,16,4,20,19],[20,4,8,16,12,24,19],[8,4,12,24,16,20,19],[8,4,16,20,24,12,19],[20,4,8,16,12,24,11,19],[20,4,24,16,8,12,11,19],[12,24,16,4,8,20,11,19],[8,12,24,16,20,4,11,19],[16,4,24,8,12,20,19],[12,24,20,8,16,4,19],[16,4,20,24,12,8,11,19],[24,8,12,20,4,16,11,19],[12,8,24,16,4,20,19],[24,4,16,8,12,20,19],[12,4,16,24,20,8,19],[12,8,4,24,16,20,19],[8,4,16,24,20,12,19],[24,20,12,8,16,4,19],[16,8,20,24,12,4,19],[20,12,4,16,24,8,11,19],[16,8,4,12,20,24,11,19],[12,4,20,8,24,16,19],[20,24,8,16,4,12,19],[4,20,8,16,24,12,11,19],[24,12,20,16,4,8,11,19],[20,24,8,4,12,16,19],[16,8,12,20,4,24,19],[16,8,4,20,24,12,11,19],[12,24,4,20,8,16,19],[20,4,12,24,8,16,11,19],[16,20,24,4,12,8,11,19],[8,16,24,20,12,4,11,19],[4,16,12,8,24,20,11,19],[12,4,16,8,20,24,11,19],[16,12,8,20,24,4,19],[4,20,12,24,8,16,19],[12,4,24,20,8,16,11,19],[8,24,12,4,20,16,11,19],[4,24,8,20,16,12,19],[16,4,20,12,8,24,11,19],[20,24,4,8,12,16,19],[4,12,24,20,16,8,19],[16,20,24,8,4,12,19],[4,16,24,8,20,12,19],[24,8,20,4,16,12,11,19],[4,16,12,8,20,24,19],[8,4,12,16,20,24,19],[4,12,8,24,20,16,11,19],[8,4,12,24,16,20,11,19],[4,12,24,20,16,8,11,19],[12,8,24,20,16,4,19],[12,16,20,24,8,4,11,19],[20,8,4,24,12,16,19],[4,20,8,16,12,24,11,19],[4,12,16,8,24,20,19],[24,16,4,20,12,8,19],[4,20,24,16,12,8,11,19],[16,4,20,12,24,8,19],[12,20,8,16,24,4,11,19],[20,4,24,16,8,12,11,19],[20,16,8,4,24,12,11,19],[4,8,16,24,12,20,11,19],[12,16,8,20,4,24,11,19],[16,4,20,8,12,24,11,19],[20,16,12,8,4,24,19],[4,16,20,8,12,24,11,19],[16,8,20,4,12,24,11,19],[16,12,8,4,24,20,11,19],[24,12,16,20,8,4,19],[20,24,12,4,8,16,11,19],[12,16,24,8,20,4,11,19],[4,24,16,20,8,12,19],[4,16,12,24,8,20,11,19],[4,8,16,24,12,20,19],[24,12,16,8,4,20,19],[8,24,12,4,16,20,19],[24,12,16,4,8,20,19],[20,16,4,12,8,24,11,19],[4,16,12,20,8,24,19],[20,4,12,8,16,24,19],[20,16,12,4,24,8,19],[12,20,24,8,4,16,19],[4,12,20,24,8,16,11,19],[8,4,12,20,24,16,11,19],[16,24,4,8,20,12,19],[4,8,20,24,16,12,19],[16,20,4,8,24,12,11,19],[20,8,4,12,16,24,19],[8,24,16,12,4,20,11,19],[24,8,20,12,16,4,19],[12,20,4,8,24,16,11,19],[4,12,16,24,8,20,11,19],[16,8,12,4,24,20,11,19],[4,8,12,24,20,16,19],[4,20,24,12,8,16,19],[12,4,16,8,24,20,11,19],[24,16,8,20,12,4,19],[12,8,24,16,20,4,11,19],[20,12,8,4,16,24,11,19],[16,8,24,20,12,4,19],[16,4,20,24,12,8,19],[20,12,24,8,4,16,19],[16,20,4,8,12,24,19],[8,24,12,4,20,16,11,19],[4,16,20,24,8,12,19],[8,4,24,16,12,20,11,19],[24,8,12,20,4,16,19],[8,16,4,12,24,20,19],[20,12,16,4,24,8,19],[16,4,24,20,8,12,19],[16,24,12,4,20,8,19],[24,16,20,4,12,8,19],[12,16,20,24,4,8,11,19],[20,24,8,16,12,4,11,19],[8,12,4,20,16,24,11,19],[20,4,16,12,8,24,11,19],[16,8,20,24,4,12,11,19],[12,16,8,24,20,4,19],[12,24,20,16,8,4,11,19],[12,24,8,20,4,16,11,19],[8,4,20,12,24,16,11,19],[16,8,24,20,12,4,11,19],[8,12,4,20,24,16,11,19],[24,16,4,8,20,12,11,19],[20,4,12,24,16,8,19],[24,12,20,16,4,8,19],[4,16,8,12,20,24,11,19],[12,16,24,20,4,8,11,19],[4,12,16,20,24,8,11,19],[16,20,4,8,12,24,19],[8,12,4,24,16,20,11,19],[24,8,20,12,4,16,11,19],[24,12,4,16,8,20,19],[16,12,20,4,24,8,19],[12,24,16,8,4,20,19],[4,12,20,8,16,24,11,19],[8,4,24,20,12,16,19],[16,24,12,8,4,20,19],[20,16,4,8,24,12,11,19],[24,4,8,12,20,16,11,19],[12,8,16,4,24,20,19],[20,16,4,12,8,24,19],[24,20,12,4,8,16,11,19],[12,20,8,24,4,16,19],[16,20,24,8,12,4,19],[24,4,12,8,16,20,11,19],[4,12,16,20,8,24,19],[4,12,20,8,16,24,11,19],[24,12,8,4,16,20,11,19],[12,4,8,24,16,20,11,19],[8,20,4,16,24,12,19],[12,16,20,4,8,24,19],[24,4,12,8,16,20,11,19],[4,20,24,8,12,16,19],[4,8,12,20,16,24,19],[24,12,4,16,8,20,19],[4,16,8,20,12,24,19],[8,12,20,16,4,24,11,19],[16,8,12,24,4,20,19],[4,24,20,12,8,16,19],[12,20,8,4,24,16,19],[12,8,20,16,24,4,11,19],[16,4,20,12,24,8,19],[16,24,20,12,8,4,19],[20,4,16,24,12,8,11,19],[24,12,4,20,16,8,19],[4,16,24,8,12,20,11,19],[16,12,8,24,4,20,11,19],[20,4,16,12,24,8,19],[4,12,16,24,8,20,11,19],[12,20,24,16,4,8,19],[20,12,24,16,8,4,19],[4,16,20,12,24,8,11,19],[24,20,4,8,12,16,19],[20,8,4,24,16,12,19],[16,20,24,8,12,4,11,19],[12,4,20,8,16,24,11,19],[20,16,4,24,12,8,11,19],[20,12,4,8,24,16,11,19],[4,16,12,8,20,24,19],[20,8,12,24,16,4,19],[16,4,12,20,8,24,11,19],[12,8,24,16,4,20,11,19],[12,20,8,4,16,24,19],[4,8,12,16,24,20,11,19],[20,24,4,12,8,16,11,19],[4,12,20,24,8,16,11,19],[24,20,4,16,8,12,19],[12,8,20,24,16,4,11,19],[8,16,20,24,12,4,11,19],[24,4,16,12,20,8,19],[12,16,8,20,24,4,11,19],[16,8,20,12,4,24,11,19],[4,8,16,12,20,24,19],[4,12,24,8,20,16,11,19],[4,8,20,16,12,24,11,19],[8,24,12,20,4,16,19],[4,20,8,12,16,24,11,19],[12,24,16,4,8,20,19],[24,8,12,16,20,4,11,19],[20,16,8,4,24,12,19],[4,16,8,20,12,24,11,19],[16,24,8,4,12,20,19],[16,12,8,24,20,4,11,19],[20,12,8,24,4,16,19],[8,12,16,20,24,4,11,19],[4,8,20,24,12,16,11,19],[8,4,20,12,24,16,19],[8,12,20,4,16,24,11,19],[24,4,8,16,12,20,19],[8,24,20,4,12,16,19],[12,24,16,20,8,4,19],[16,8,4,20,12,24,11,19],[8,12,4,16,20,24,19],[8,12,20,16,24,4,11,19],[24,16,4,20,12,8,19],[12,4,24,20,8,16,11,19],[12,4,16,8,20,24,11,19],[16,8,20,12,4,24,11,19],[24,20,12,4,16,8,19],[12,8,16,24,4,20,11,19],[4,24,16,8,20,12,19],[16,8,4,12,20,24,11,19],[8,20,12,24,4,16,11,19],[20,4,12,24,16,8,19],[16,12,20,8,24,4,11,19],[8,12,20,16,4,24,11,19],[20,24,8,4,12,16,11,19],[20,12,8,4,24,16,19],[16,24,4,12,8,20,11,19],[16,4,20,8,24,12,11,19],[12,8,4,16,20,24,19],[16,8,20,24,12,4,19],[8,20,16,4,12,24,11,19],[16,4,20,8,12,24,11,19],[16,12,20,24,4,8,11,19],[24,8,12,20,4,16,11,19],[12,4,8,20,24,16,11,19],[20,4,12,16,24,8,19],[24,4,8,12,20,16,11,19],[24,4,8,20,12,16,19],[24,12,16,4,20,8,11,19],[12,8,20,4,24,16,11,19],[4,8,12,24,20,16,11,19],[24,12,4,8,20,16,19],[24,16,20,12,4,8,11,19],[24,4,8,12,20,16,11,19],[16,8,24,20,4,12,11,19],[8,4,20,12,16,24,19],[20,12,24,16,4,8,19],[12,8,16,24,20,4,11,19],[24,8,20,12,4,16,19],[4,24,16,12,20,8,11,19],[12,24,4,8,16,20,19],[8,12,4,24,20,16,19],[8,4,20,24,16,12,19],[4,12,16,8,24,20,11,19],[8,24,4,16,20,12,11,19],[24,8,16,20,12,4,19],[16,20,8,24,12,4,19],[4,8,12,16,24,20,11,19],[16,20,24,12,4,8,19],[12,8,20,16,24,4,11,19],[8,16,20,12,24,4,11,19],[8,24,4,12,16,20,11,19],[20,24,4,16,12,8,19],[8,12,20,4,16,24,19],[20,24,16,4,12,8,19],[20,12,4,24,16,8,19],[8,24,20,16,12,4,11,19],[4,16,12,8,24,20,11,19],[8,24,16,20,4,12,11,19],[12,8,24,16,20,4,11,19],[20,24,4,12,16,8,19],[16,8,24,20,12,4,11,19],[12,20,16,24,4,8,19],[8,4,16,20,24,12,11,19],[20,24,16,8,4,12,11,19],[24,8,4,16,12,20,11,19],[16,20,24,8,12,4,19],[4,24,12,16,20,8,11,19],[20,12,16,24,8,4,11,19],[16,4,8,20,24,12,11,19],[4,8,16,24,12,20,19],[24,4,20,16,8,12,19],[16,8,24,4,20,12,11,19],[24,12,20,8,16,4,11,19],[8,4,16,24,12,20,11,19],[24,16,12,8,20,4,11,19],[4,24,20,8,16,12,11,19],[16,4,12,20,24,8,11,19],[8,24,12,4,16,20,19],[20,12,16,24,8,4,11,19],[20,16,24,8,12,4,11,19],[24,4,12,20,16,8,19],[12,8,20,16,24,4,19],[8,24,12,20,4,16,19],[24,4,20,12,8,16,19],[16,12,20,8,24,4,19],[8,4,24,20,12,16,19],[12,24,4,20,8,16,11,19],[24,16,12,20,4,8,11,19],[12,20,8,4,24,16,11,19],[16,8,20,12,4,24,11,19],[24,4,20,12,8,16,19],[4,8,24,20,16,12,19],[24,12,4,8,16,20,11,19],[8,20,4,16,24,12,11,19],[4,24,12,16,20,8,11,19],[24,12,16,8,4,20,19],[4,20,12,24,8,16,11,19],[12,4,20,16,8,24,11,19],[12,20,8,24,16,4,11,19],[4,20,24,12,8,16,19],[20,12,16,4,8,24,19],[4,24,8,20,12,16,19],[4,12,20,8,24,16,19],[4,8,24,16,12,20,19],[4,24,16,12,8,20,19],[4,12,24,20,8,16,19],[16,8,24,20,12,4,11,19],[8,16,12,20,24,4,11,19],[24,20,8,12,16,4,11,19],[16,20,24,12,4,8,11,19],[4,12,20,8,16,24,19],[8,16,24,12,20,4,19],[16,4,8,12,24,20,11,19],[20,16,4,24,8,12,19],[20,16,8,4,24,12,11,19],[20,16,12,4,8,24,19],[8,24,12,16,20,4,19],[8,20,4,12,24,16,11,19],[12,8,16,24,20,4,19],[16,24,8,4,20,12,11,19],[8,12,16,24,4,20,19],[4,8,12,24,20,16,11,19],[16,24,4,8,20,12,11,19],[20,4,8,24,16,12,19],[8,12,4,16,20,24,19],[12,16,4,20,8,24,11,19],[24,16,8,12,4,20,19],[8,12,20,24,4,16,19],[16,24,8,4,20,12,19],[4,12,16,8,20,24,11,19],[4,16,12,24,20,8,11,19],[24,16,20,12,8,4,11,19],[24,4,8,16,12,20,19],[20,16,12,4,24,8,19],[4,12,20,16,8,24,11,19],[20,8,16,24,12,4,11,19],[24,8,4,20,16,12,19],[12,8,4,20,24,16,11,19],[4,12,8,24,16,20,11,19],[24,4,8,20,16,12,19],[12,4,16,8,24,20,11,19],[16,24,12,20,4,8,11,19],[12,20,16,8,24,4,19],[16,24,8,20,4,12,19],[20,16,24,12,4,8,11,19],[12,8,4,24,16,20,11,19],[12,20,16,24,4,8,19],[4,16,20,24,8,12,19],[8,20,24,4,16,12,11,19],[24,4,12,16,8,20,11,19],[16,24,20,12,4,8,11,19],[4,20,16,8,12,24,11,19],[20,12,24,8,16,4,19],[20,4,8,16,12,24,11,19],[4,16,20,8,12,24,19],[4,24,20,12,16,8,19],[12,20,16,24,4,8,11,19],[20,12,24,16,4,8,11,19],[4,12,24,8,20,16,11,19],[20,12,8,24,4,16,19],[16,4,24,8,20,12,11,19],[12,16,24,8,20,4,19],[12,20,16,4,8,24,19],[4,16,12,8,20,24,11,19],[16,24,8,12,4,20,19],[16,20,8,4,12,24,11,19],[24,8,20,16,12,4,19]]}