{"problem_id":"8xTWpNL9dxfOvpi","sigma":75,"alpha":3.162,"cost":0,"probabilities":"[0.14, 0.37, 0.11, 0.38]","payoff_matrix":"[[38, -42, 49, 90, 77, 36], [61, -141, -4, -35, 23, 53], [-60, -11, -37, -1, -1, 33], [53, 11, -103, 43, 43, 16]]","uncovered":[[16,12,20,18,14,24,8,2,4,22,6,21,1],[12,4,24,20,18,2,6,16,14,22,21,1],[16,24,4,2,14,18,8,12,20,22,6,1,23,5,21],[8,16,24,12,4,14,20,18,2,22,6,21,1],[20,8,2,4,18,24,10,16,14,22,6,12,21,1],[12,24,8,20,4,2,18,16,14,22,6,1,17,19],[4,16,2,14,20,18,12,24,6,22,21,1],[8,4,24,12,14,20,18,2,22,6,21,1,16],[8,24,20,12,16,14,4,2,18,22,6,21,1],[12,8,24,16,20,14,4,2,18,22,6,1,21],[4,20,2,18,8,24,12,16,14,22,6,1,19],[20,24,12,16,14,4,2,18,8,22,6,1,19],[8,4,20,2,18,12,16,14,24,22,6,21,1],[24,16,8,4,2,14,18,12,20,22,6,1,19],[4,16,14,8,20,18,2,24,12,22,6,3,21,1,17,19],[4,8,12,24,16,2,14,20,18,22,6,1,17,3,19,21],[20,12,4,18,2,24,8,16,14,22,6,1,19],[8,12,24,16,20,18,14,4,2,22,6,1,23,21],[4,20,18,2,24,10,8,16,14,22,6,12,21,1],[24,12,16,8,4,14,20,18,2,22,6,1,21],[16,20,18,14,8,24,4,2,12,22,6,21,1],[24,12,20,4,18,2,16,14,6,22,1,21],[8,16,12,20,14,24,4,2,18,22,6,1,21],[20,8,24,12,4,18,2,16,14,22,6,21,1],[16,12,4,2,14,6,24,18,20,22,17,1,19],[24,8,16,4,14,20,18,2,12,22,6,21,1],[8,4,24,12,20,2,18,16,14,22,6,21,1],[4,12,24,16,14,20,2,18,8,22,6,1,19],[12,8,4,16,14,20,2,18,24,22,6,1,23,19],[24,20,4,2,18,16,14,6,12,22,23,1,21],[4,8,24,20,2,18,16,14,12,22,6,1,19],[24,4,16,2,14,6,20,18,10,22,12,1,3,21,17,19],[16,24,20,14,12,2,4,18,8,22,6,1,21],[12,20,24,8,4,2,18,16,14,22,6,1,17,21,3,19],[16,12,24,20,14,8,4,18,2,22,6,21,1],[24,20,16,14,4,2,18,10,8,22,6,12,1,17,19],[20,24,8,16,14,4,18,2,12,22,6,17,1,19],[8,24,12,20,4,18,2,16,14,22,6,21,1],[16,8,12,24,4,2,14,20,18,22,6,1,17,19],[24,8,4,16,2,14,20,18,12,22,6,23,1,21],[20,4,18,2,16,14,22,24,8,12,6,21,1],[8,4,10,24,20,18,2,16,14,22,6,12,1,19],[4,24,20,2,18,16,14,8,12,22,6,1,21],[4,8,20,18,2,24,12,16,14,22,6,17,1,19],[20,16,14,12,8,4,18,2,24,22,6,1,19],[16,20,18,14,12,8,24,4,2,22,6,21,1],[8,24,16,20,18,14,4,2,10,22,6,12,1,23,21],[16,4,2,14,12,8,20,18,22,24,6,3,21,1,17,19],[4,20,18,2,12,16,14,8,24,22,6,3,21,1,17,19],[12,4,24,16,2,14,20,18,6,22,1,17,3,19,21],[16,24,4,14,20,18,2,12,6,22,21,1],[4,22,24,2,8,10,18,16,14,20,6,12,21,1],[16,6,20,14,4,2,18,24,12,22,1,23,15,21],[20,16,18,14,8,4,2,10,22,24,6,12,3,21,1,17,19],[8,16,24,4,2,14,20,18,12,22,6,1,21],[20,10,8,4,18,2,14,24,22,6,12,1,15,21,16],[4,8,12,16,2,14,22,24,20,18,6,1,23,21],[24,12,16,8,18,20,14,4,2,22,6,21,1],[24,4,12,8,16,14,20,2,18,22,6,21,1],[20,8,16,18,14,4,2,22,24,12,6,21,1],[24,20,16,18,14,8,12,4,2,22,6,1,17,19],[8,4,20,18,2,16,14,10,24,22,6,12,21,1],[4,20,2,18,24,8,12,16,14,22,6,21,1],[12,16,20,18,14,8,24,4,2,22,6,17,1,3,19,21],[20,24,12,4,2,18,8,16,14,22,6,17,1,19],[4,16,2,14,12,8,20,18,24,22,6,21,1],[16,8,12,4,2,14,24,20,18,22,6,21,1],[24,12,20,4,18,2,6,16,14,22,1,23,21],[12,24,20,8,16,14,4,18,2,22,6,21,1],[4,24,8,12,16,14,20,18,2,22,6,17,1,19],[20,16,18,14,24,12,2,4,8,22,6,17,1,3,19,21],[12,8,4,16,14,20,2,18,24,22,6,1,21],[8,20,12,24,16,14,4,2,18,22,6,21,1],[4,24,12,8,16,2,14,20,18,22,6,1,19],[4,8,16,14,24,12,20,2,18,22,6,1,19],[12,20,8,4,2,18,24,16,14,22,6,1,21],[16,20,14,4,18,2,8,10,22,24,6,12,1,19],[24,4,20,18,2,8,12,14,22,6,23,1,16,17,3,19,21],[4,24,8,16,14,12,20,2,18,22,6,21,1],[8,24,16,4,14,20,18,2,12,22,6,1,21],[4,24,20,18,2,16,14,12,8,22,6,1,17,3,19,21],[4,12,24,20,18,2,8,16,14,22,6,1,21],[12,24,8,20,4,2,18,14,22,6,1,16,19],[8,20,4,18,2,14,12,22,24,6,21,1,16],[20,16,18,14,4,2,24,8,10,22,6,12,21,1],[24,16,20,14,8,12,4,2,18,22,6,21,1],[16,4,2,14,8,24,12,20,18,22,6,1,23,17,19],[24,20,8,4,18,2,16,14,12,22,6,1,19],[8,24,4,12,16,14,20,18,2,22,6,21,1],[4,20,2,18,16,14,8,12,24,22,6,1,21],[24,16,20,14,4,2,18,12,8,22,6,1,21],[4,24,8,20,18,2,14,12,22,6,21,1,13,16],[16,12,4,14,8,20,18,2,24,22,6,1,17,3,19,21],[8,4,20,18,2,10,16,14,24,22,6,12,21,1],[20,12,24,8,16,14,4,18,2,22,6,1,21],[4,16,2,14,20,18,8,12,22,24,6,1,23],[20,12,4,2,18,24,16,14,6,22,3,21,1,17,19],[24,16,20,18,14,4,2,6,12,22,21,1],[16,22,24,14,12,6,20,18,4,2,21,1],[24,16,12,20,14,8,4,18,2,22,6,3,21,1,17,19],[12,8,16,4,2,14,20,18,24,22,6,21,1],[20,8,12,24,4,2,18,16,14,22,6,1,17,3,19,21],[8,12,4,20,18,2,16,14,24,22,6,21,1],[12,24,20,8,4,18,2,14,22,6,21,1,13,16],[8,4,16,14,20,18,2,12,24,22,6,1,23],[12,4,16,2,14,20,18,6,24,22,21,1],[20,12,16,18,14,2,4,8,24,22,6,21,1],[20,12,8,16,18,14,4,2,22,24,6,3,21,1,17,19],[20,8,16,18,14,12,4,2,24,22,6,21,1],[4,20,2,18,24,8,16,14,10,22,6,12,1,21],[20,12,16,18,14,4,2,8,24,22,6,21,1],[12,14,8,4,24,20,2,18,22,6,1,21,17,16,3,19],[12,20,8,4,2,18,14,22,24,6,17,1,15,19,3,21,16],[16,12,20,18,14,24,8,4,2,22,6,1,17,19],[16,24,8,12,4,2,14,18,20,22,6,1,17,3,19,21],[4,12,16,14,20,18,2,24,8,22,6,1,21],[8,24,4,20,18,2,12,16,14,22,6,1,21],[20,24,12,4,18,2,6,16,14,22,21,1],[8,4,12,16,2,14,20,18,24,22,6,1,23,17,19],[8,12,24,20,16,18,14,4,2,22,6,21,1],[12,2,8,16,4,14,20,18,24,22,6,21,1],[12,4,16,14,24,20,2,18,8,22,6,1,23,19],[16,4,2,14,20,18,22,24,6,10,12,1,21],[20,24,16,14,4,18,2,8,12,22,6,1,17,19],[8,16,4,14,10,20,2,18,24,22,6,12,21,1],[16,4,2,14,22,24,6,20,18,12,1,19],[20,24,16,14,10,8,4,2,18,22,6,12,1,21],[20,12,24,4,18,2,8,16,14,22,6,1,19],[12,4,20,2,18,24,8,16,14,22,6,1,21],[8,12,24,20,16,18,14,4,2,22,6,21,1],[4,16,2,14,10,24,20,18,8,22,6,12,1,21],[24,8,16,12,4,2,14,18,20,22,6,21,1],[8,4,12,16,14,20,2,18,22,24,6,21,1],[20,16,18,14,10,4,2,24,8,22,6,12,17,1,3,19,21],[4,24,8,20,2,18,12,16,14,22,6,1,17,21,19],[12,4,20,18,2,6,24,16,14,22,1,17,3,19,21],[16,4,2,14,20,18,8,22,24,12,6,21,1],[16,4,2,14,18,24,12,8,20,22,6,21,1],[12,16,8,4,2,14,24,18,20,22,6,21,1],[8,16,24,12,20,18,14,4,2,22,6,1,23,19],[8,20,16,18,14,24,12,4,2,22,6,1,19],[12,16,24,20,18,14,4,2,8,22,6,1,23,21],[4,8,12,16,14,24,20,18,2,22,6,1,21],[12,24,4,8,20,2,18,16,14,22,6,1,23,17,19],[20,4,18,2,16,14,24,8,12,22,6,21,1],[16,20,14,22,24,18,4,2,12,8,6,21,1],[16,8,4,14,20,18,2,12,24,22,6,21,1],[4,16,14,24,20,2,18,10,8,22,6,12,17,1,3,19,21],[4,20,18,2,6,16,14,10,22,24,12,21,1],[12,24,16,4,2,14,20,18,8,22,6,1,21],[8,12,20,24,4,18,2,16,14,22,6,21,1],[8,20,22,24,18,4,2,16,14,12,6,1,23,21],[12,8,24,16,20,14,4,2,18,22,6,1,21],[8,20,16,14,24,4,2,18,12,22,6,1,21],[24,8,16,4,2,14,20,18,12,22,6,21,1],[24,4,12,8,16,2,14,20,18,22,6,23,1,21],[8,18,16,20,14,12,4,2,22,24,6,21,1],[8,12,4,20,18,2,24,16,14,22,6,21,1],[12,24,16,4,2,14,8,20,18,22,6,21,1],[16,24,10,20,18,14,8,4,2,22,6,12,21,1],[8,4,24,12,20,2,18,16,14,22,6,1,21],[4,12,20,2,18,22,24,6,16,14,1,17,3,19,21],[20,4,18,2,8,16,14,24,10,22,6,12,21,1],[12,16,8,24,4,2,14,20,18,22,6,21,1],[12,24,8,4,20,2,18,16,14,22,6,21,1],[16,24,20,18,14,8,4,2,12,22,6,21,1],[20,16,14,24,2,4,18,8,12,22,6,21,1],[20,12,4,18,2,24,16,14,8,22,6,17,1,3,19,21],[16,12,8,4,14,24,20,2,18,22,6,1,23,21],[20,12,4,18,2,24,8,16,14,22,6,21,1],[4,24,20,18,2,14,8,12,22,6,1,13,16,23,21],[20,12,24,16,18,14,8,4,2,22,6,21,1],[20,4,2,18,12,14,22,24,8,6,21,1,16],[20,8,16,18,14,12,4,2,24,22,6,17,1,21,3,19],[4,24,18,20,2,6,14,10,22,12,16,21,1],[4,8,20,2,18,10,22,24,16,14,6,12,21,1],[8,16,4,2,14,24,12,20,18,22,6,21,1],[8,12,4,24,20,18,2,16,14,22,6,21,1],[16,24,2,4,14,12,8,18,20,22,6,1,23,17,19],[12,8,20,16,14,4,2,18,22,24,6,21,1],[24,8,4,10,20,18,2,16,14,22,6,12,1,19],[24,12,16,4,2,14,20,18,8,22,6,21,1],[20,12,24,16,14,4,2,18,8,22,6,21,1],[12,20,24,16,14,4,2,18,8,22,6,3,21,1,17,19],[20,12,4,18,2,14,6,24,22,16,21,1],[8,16,12,20,14,4,18,2,22,24,6,17,1,3,19,21],[12,16,24,4,14,20,2,18,8,22,6,1,21],[20,24,4,18,2,16,14,12,8,6,22,21,1],[24,16,12,20,18,14,4,2,8,22,6,1,21],[20,16,14,8,4,18,2,22,24,12,6,21,1],[20,24,12,8,16,14,4,2,18,22,6,21,1],[24,16,4,2,14,12,18,8,20,22,6,1,17,3,19,21],[12,20,24,4,18,2,6,16,14,22,21,1],[20,16,14,4,18,2,22,24,12,6,21,1],[20,12,4,2,18,8,24,16,14,22,6,1,21],[4,8,16,14,20,18,2,12,24,22,6,21,1],[24,8,4,20,2,18,12,16,14,22,6,21,1],[24,20,4,18,2,14,12,8,22,6,23,1,16,17,3,19,21],[12,20,4,2,18,6,22,24,16,14,23,1,17,3,19,21],[8,4,16,14,24,20,18,2,12,22,6,21,1],[4,24,16,2,14,8,12,18,20,22,6,21,1],[12,20,16,18,14,4,2,8,24,22,6,1,21],[12,16,24,20,14,4,18,2,6,22,1,21],[8,12,4,16,2,14,22,24,18,20,6,21,1],[24,8,16,20,14,12,4,18,2,22,6,3,21,1,17,19],[4,16,14,12,8,24,20,2,18,22,6,21,1],[20,12,8,16,18,14,4,2,22,24,6,21,1],[20,16,14,10,8,24,2,4,18,22,6,12,1,17,3,19,21],[4,12,16,14,24,20,2,18,8,22,6,21,1],[12,20,8,24,16,18,14,4,2,22,6,1,21],[24,20,16,14,12,4,2,18,8,22,6,17,1,3,19,21],[20,8,16,14,24,4,2,18,10,22,6,12,1,21],[12,8,24,16,4,14,18,20,2,22,6,21,1],[4,8,20,2,18,14,10,22,24,6,12,21,1,17,3,19,16],[4,20,2,18,12,8,24,14,22,6,21,1,16],[4,8,12,20,18,2,22,24,16,14,6,21,1],[16,4,14,8,12,20,18,2,22,24,6,21,1],[12,8,4,16,2,14,20,18,24,22,6,21,1],[8,20,12,4,18,2,16,14,24,22,6,23,1,21],[16,4,2,14,24,12,18,8,20,22,6,21,1],[12,8,4,16,2,14,24,20,18,22,6,1,23],[8,20,16,14,4,2,18,22,24,12,6,21,1],[16,4,2,14,20,18,6,24,12,22,1,23,17,19],[12,24,16,8,20,14,4,2,18,22,6,21,1],[16,20,18,14,8,4,2,12,24,22,6,21,1],[4,24,20,18,2,16,14,12,8,22,6,21,1],[4,12,8,24,16,2,14,20,18,22,6,21,1],[20,16,18,14,12,8,4,2,24,22,6,21,1],[12,8,24,16,4,14,20,18,2,22,6,3,21,1,17,19],[12,4,16,14,24,20,2,18,6,22,21,1],[20,8,16,18,14,4,2,24,12,22,6,21,1],[12,8,24,4,16,2,14,18,20,22,6,1,21],[8,4,24,16,14,20,2,18,12,22,6,21,1],[12,16,8,4,2,14,24,20,18,22,6,21,1],[20,16,14,12,4,2,18,8,24,22,6,21,1],[20,8,24,4,18,2,16,14,12,22,6,21,1],[16,12,24,20,14,4,18,2,8,22,6,1,23,21],[4,24,20,2,18,8,16,14,12,22,6,21,1],[12,8,4,20,2,18,14,24,22,6,21,1,16],[24,12,20,4,18,2,6,16,14,22,1,17,19],[6,20,4,18,2,12,24,16,14,22,21,1],[4,20,18,2,16,14,12,24,8,22,6,21,1],[20,12,16,14,8,4,18,2,24,22,6,21,1],[12,8,20,24,4,2,18,14,22,6,21,1,16],[12,20,22,24,18,4,2,16,14,8,6,1,21],[16,4,14,20,18,2,24,12,8,22,6,1,21],[20,12,4,2,18,8,24,16,14,22,6,21,1],[4,8,24,16,14,12,20,18,2,22,6,23,1,21],[16,8,12,4,14,24,20,2,18,22,6,23,1,21],[4,8,16,14,24,12,20,18,2,22,6,23,1,17,3,19,21],[16,4,14,8,12,24,20,18,2,22,6,21,1],[4,24,8,20,18,2,12,16,14,22,6,3,21,1,17,19],[8,12,16,20,14,4,2,18,22,24,6,1,17,3,19,21],[16,20,14,8,24,12,4,18,2,22,6,1,23,19],[4,8,16,2,14,12,24,20,18,22,6,21,1],[4,20,2,18,16,14,8,24,12,22,6,21,1],[12,16,24,4,2,14,8,20,18,22,6,21,1],[20,24,8,12,4,2,18,16,14,22,6,17,1,21,19],[16,24,8,4,2,14,12,20,18,22,6,1,23,17,19],[12,20,4,2,18,8,24,16,14,22,6,21,1],[20,16,14,24,4,2,18,8,12,22,6,23,1,17,19],[20,8,4,2,18,22,24,12,16,14,6,21,1],[20,24,8,12,16,14,4,2,18,22,6,1,21],[12,16,24,4,2,14,18,8,20,22,6,1,21],[20,6,24,4,18,2,12,16,14,22,21,1],[8,20,16,18,14,12,4,2,24,22,6,1,21],[4,24,8,20,2,18,16,14,12,22,6,21,1],[16,24,8,4,14,20,18,2,12,22,6,1,21],[20,4,2,18,14,22,24,12,8,6,1,23,16,21],[8,16,12,4,14,24,20,18,2,22,6,17,1,3,19,21],[20,4,18,2,24,12,6,16,14,22,1,21],[24,8,20,12,4,18,2,16,14,22,6,1,23,21],[16,24,8,20,14,12,4,18,2,22,6,1,21],[20,16,14,8,24,4,2,18,12,22,6,21,1],[24,8,20,12,16,18,14,4,2,22,6,21,1],[24,16,4,14,20,18,2,12,8,22,6,1,21],[24,20,16,18,14,12,4,2,8,22,6,21,1],[20,10,24,16,14,8,4,2,18,22,6,12,1,17,19],[24,12,16,20,18,14,8,4,2,22,6,1,21],[8,24,4,20,2,18,12,16,14,22,6,1,17,19],[16,24,20,18,14,8,12,4,2,22,6,23,1,17,3,19,21],[24,12,8,16,4,2,14,20,18,22,6,1,21],[8,4,16,14,12,24,20,18,2,22,6,21,1],[8,16,20,14,12,4,18,2,24,22,6,21,1],[4,24,8,20,2,18,10,16,14,22,6,12,1,21],[24,4,16,14,8,12,20,18,2,22,6,21,1],[8,12,20,24,16,14,4,2,18,22,6,1,23,21],[4,24,12,16,14,8,20,2,18,22,6,1,21],[4,12,20,18,2,16,14,24,8,22,6,21,1],[12,8,4,24,16,2,14,20,18,22,6,21,1],[20,4,18,2,12,24,8,16,14,22,6,21,1],[12,24,20,8,4,18,2,16,14,22,6,21,1],[24,12,4,16,2,14,18,6,20,22,1,21],[20,24,16,14,12,6,4,2,18,22,21,1],[4,20,2,18,8,14,12,22,24,6,21,1,16],[12,20,16,14,24,8,4,18,2,22,6,21,1],[12,4,16,14,24,20,2,18,8,22,6,1,21],[20,24,12,16,14,8,4,2,18,22,6,21,1],[4,12,8,16,2,14,20,18,24,22,6,1,17,19],[20,4,2,18,8,24,12,14,22,6,1,16,23,17,3,19,21],[4,8,16,14,12,20,18,2,24,22,6,21,1],[4,16,2,14,8,20,18,24,12,22,6,1,23,21],[16,4,14,24,12,8,20,18,2,22,6,21,1],[24,12,4,20,2,18,16,14,8,22,6,1,21],[20,4,18,2,6,16,14,12,24,22,21,1],[12,20,16,18,14,4,2,24,8,22,6,1,17,3,19,23,21],[8,16,4,14,24,12,20,18,2,22,6,21,1],[4,20,18,2,16,14,12,24,8,22,6,1,21],[4,16,2,14,24,8,20,18,12,22,6,1,23,17,3,19,21],[8,16,12,20,14,4,2,18,24,22,6,23,1,21],[12,20,8,24,4,2,18,16,14,22,6,21,1],[24,12,4,16,14,8,20,18,2,22,6,3,21,1,17,19],[4,12,16,14,8,20,2,18,24,22,6,1,21],[4,12,24,20,18,2,8,16,14,22,6,1,19],[8,16,24,4,14,12,20,2,18,22,6,17,1,19],[8,4,16,14,12,20,2,18,24,22,6,1,23,17,19],[12,4,8,24,20,18,2,16,14,22,6,21,1],[8,16,24,12,4,2,14,20,18,22,6,3,21,1,17,19],[24,8,4,12,16,2,14,20,18,22,6,3,21,1,17,19],[24,12,8,20,16,18,14,4,2,22,6,1,21],[24,4,20,2,18,8,16,14,10,22,6,12,21,1],[24,16,4,14,8,20,18,2,10,22,6,12,21,1],[8,20,16,14,4,2,18,12,24,22,6,21,1],[12,4,20,2,18,16,14,6,24,22,1,19],[4,8,20,18,2,22,24,12,16,14,6,21,1],[20,16,14,24,4,18,2,8,12,22,6,1,23,21],[20,16,14,12,24,4,18,2,8,22,6,21,1],[20,16,18,14,24,12,4,2,8,22,6,3,21,1,17,19],[20,24,12,8,4,18,2,16,14,22,6,21,1],[24,12,4,8,16,14,20,2,18,22,6,17,1,19],[24,4,12,20,18,2,8,16,14,22,6,17,1,19],[8,16,12,24,20,18,14,2,4,22,6,23,1,21],[4,20,2,18,24,8,12,14,22,6,1,16,21],[24,8,4,20,2,18,14,12,22,6,1,16,19],[18,8,24,20,16,14,4,2,12,22,6,17,1,3,19,21],[4,24,12,8,14,20,2,18,22,6,1,16,21],[4,18,20,2,8,10,16,14,24,22,6,12,1,23,5],[12,16,8,4,14,20,2,18,24,22,6,21,1],[12,20,16,18,14,24,4,2,6,22,17,1,3,19,21],[12,20,24,8,4,18,2,16,14,22,6,1,21],[20,4,2,18,6,16,14,10,22,24,12,1,19],[12,16,20,14,8,4,2,18,24,22,6,1,21],[24,12,4,20,2,18,16,14,8,22,6,1,23,15],[20,12,8,4,2,18,24,16,14,22,6,1,23,17,19],[12,20,16,14,4,2,18,24,8,22,6,21,1],[20,16,18,14,24,8,4,2,12,22,6,1,21],[4,8,16,14,12,24,20,2,18,22,6,21,1],[4,24,20,2,18,8,12,16,14,22,6,21,1],[20,4,18,2,12,8,16,14,24,22,6,21,1],[8,16,12,24,20,18,14,4,2,22,6,1,21],[12,16,8,20,14,24,4,2,18,22,6,21,1],[16,4,2,14,6,20,18,24,12,22,21,1],[16,20,18,14,8,4,2,24,10,22,6,12,1,21],[8,24,4,12,16,14,20,2,18,22,6,1,21],[20,24,16,18,14,2,4,8,12,22,6,21,1],[16,12,20,14,24,4,2,18,8,22,6,21,1],[16,24,20,14,4,18,2,8,12,22,6,3,21,1,17,19],[4,12,16,2,14,24,20,18,8,22,6,1,21],[16,8,24,12,20,18,14,4,2,22,6,21,1],[16,12,24,8,20,18,14,4,2,22,6,21,1],[20,12,4,18,2,14,24,8,22,6,16,1,17,19],[8,12,16,20,18,14,4,2,24,22,6,1,21],[16,8,20,18,14,24,4,2,12,22,6,1,23,17,19],[16,4,2,14,12,20,18,8,24,22,6,21,1],[16,8,20,14,24,12,4,2,18,22,6,21,1],[4,12,24,16,14,8,20,18,2,22,6,17,1,19],[16,20,14,10,4,18,2,8,24,22,6,12,1,21],[16,12,24,20,18,14,4,2,8,22,6,21,1],[12,8,16,20,18,14,24,4,2,22,6,1,23,17,3,19,21],[8,24,12,20,16,14,4,2,18,22,6,23,1,21],[20,24,16,14,12,8,4,2,18,22,6,1,21],[4,8,12,20,18,2,16,14,24,22,6,1,23,21],[16,8,24,4,14,12,20,2,18,22,6,1,21],[4,8,20,2,18,24,10,16,14,22,6,12,1,21],[20,4,2,18,16,14,12,24,8,22,6,21,1],[16,24,8,4,2,14,10,20,18,22,6,12,21,1],[20,24,12,4,2,18,8,16,14,22,6,1,23,17,3,19,21],[12,20,24,8,4,2,18,16,14,22,6,21,1],[20,4,18,2,12,8,24,16,14,22,6,1,21],[16,20,14,4,18,2,12,22,24,8,6,1,21],[4,8,22,24,2,12,16,14,20,18,6,1,21],[16,4,14,20,18,2,12,6,24,22,21,1],[24,20,4,18,2,8,12,16,14,22,6,1,21],[20,8,16,18,14,24,4,2,12,22,6,21,1,19],[12,8,16,20,18,14,24,4,2,22,6,21,1],[12,4,24,16,2,14,8,18,20,22,6,23,1,21],[20,6,24,16,18,14,12,4,2,22,1,21],[4,24,20,18,2,6,16,14,12,22,21,1],[20,8,12,24,4,18,2,16,14,22,6,1,21],[12,24,20,8,16,18,14,4,2,22,6,3,21,1,17,19],[16,8,4,14,12,20,2,18,24,22,6,1,17,19],[8,20,12,24,4,2,18,14,22,6,1,16,17,19],[8,12,20,16,18,14,24,4,2,22,6,21,1],[4,8,16,2,14,22,24,12,18,20,6,21,1],[16,12,8,24,20,14,4,2,18,22,6,21,1],[4,12,22,24,2,8,20,18,16,14,6,21,1],[4,16,14,8,20,2,18,24,12,22,6,1,23,21],[8,16,20,14,24,12,4,2,18,22,6,21,1],[8,4,12,24,16,14,20,18,2,22,6,21,1],[14,12,8,20,4,2,18,22,24,6,21,1,16],[16,10,8,20,18,14,4,2,22,24,6,12,1,21],[8,12,16,4,14,20,18,2,22,24,6,21,1],[12,8,18,4,20,2,16,14,24,22,6,1,19],[8,12,4,24,20,2,18,16,14,22,6,1,21],[12,20,4,18,2,24,16,14,8,22,6,1,19],[12,24,8,4,20,18,2,16,14,22,6,21,1],[16,12,24,20,18,14,8,4,2,22,6,21,1],[16,24,4,2,14,18,8,12,20,22,6,21,1],[16,20,18,14,4,2,12,8,24,22,6,1,21],[24,4,12,8,20,18,2,16,14,22,6,1,23,17,3,19,21],[20,8,16,18,14,12,24,4,2,22,6,21,1],[8,12,4,20,18,2,14,24,22,6,1,21,17,16,3,19],[16,12,24,4,2,14,20,18,8,22,6,1,23,19],[24,4,12,20,2,18,8,14,22,6,1,16,21],[20,16,14,10,24,8,4,18,2,22,6,12,17,1,19],[16,12,4,14,24,8,18,20,2,22,6,17,1,19],[8,24,12,4,16,14,20,2,18,22,6,23,1,17,19],[4,24,12,16,2,14,6,20,18,22,3,21,1,17,19],[20,4,18,2,24,12,16,14,6,22,1,21],[4,24,16,14,8,12,20,2,18,22,6,1,23,21],[24,20,8,10,4,18,2,16,14,22,6,12,1,21],[16,4,14,24,8,20,18,2,12,22,6,1,19],[24,16,4,2,14,8,12,20,18,22,6,1,23,21],[16,8,20,18,14,24,12,4,2,22,6,1,21],[20,24,4,18,2,16,14,12,8,22,6,21,1],[12,8,4,20,2,18,16,14,24,22,6,1,21],[20,12,16,14,8,24,4,2,18,22,6,1,21],[20,12,24,8,4,2,18,16,14,22,6,21,1],[20,12,8,2,4,18,22,24,14,6,1,16,17,19],[20,8,4,18,2,24,16,14,10,22,6,12,23,1,21],[16,12,20,18,14,24,8,2,4,22,6,21,1],[24,20,12,4,2,18,6,16,14,22,1,21],[12,16,8,20,14,4,18,2,24,22,6,21,1],[4,12,22,24,2,18,16,14,8,20,6,1,21],[4,12,24,20,2,18,8,16,14,22,6,1,17,19],[4,12,24,20,18,2,8,16,14,22,6,1,21],[16,20,14,12,4,2,18,8,22,24,6,21,1],[8,20,16,18,14,4,2,24,12,22,6,21,1],[12,4,20,2,18,16,14,24,8,22,6,21,1],[24,8,4,20,18,2,16,14,10,22,6,12,1,21],[24,20,4,2,18,12,8,16,14,22,6,1,23,21],[20,4,18,2,16,14,8,10,24,22,6,12,1,17,19],[20,16,18,14,24,12,8,4,2,22,6,21,1],[4,16,14,20,18,2,24,8,12,22,6,21,1],[20,4,2,18,8,10,16,14,22,24,6,12,1,21],[8,20,24,4,18,2,12,14,22,6,19,3,21,1,16],[12,16,8,20,14,4,18,2,24,22,6,21,1],[8,16,4,14,20,18,2,24,12,22,6,1,23,21],[12,8,16,20,18,14,4,2,24,22,6,21,1],[16,24,4,14,12,20,2,18,6,22,1,21],[8,20,12,24,4,18,2,14,22,6,23,1,16,21],[16,8,12,24,20,18,14,4,2,22,6,1,21],[16,12,24,4,14,8,20,18,2,22,6,21,1],[24,12,20,4,18,2,16,14,6,22,1,17,3,19,21],[24,4,16,14,12,20,2,18,6,22,1,21],[24,12,8,4,20,18,2,16,14,22,6,1,21],[20,16,18,14,4,2,6,12,24,22,21,1],[8,12,24,16,2,4,14,20,18,22,6,1,21],[20,24,6,16,18,14,12,4,2,22,21,1],[16,4,14,8,24,20,2,18,12,22,6,21,1],[20,16,18,14,8,10,4,2,24,22,6,12,1,17,19],[12,16,20,18,14,4,2,8,24,22,6,1,23,21],[8,24,12,20,16,18,14,4,2,22,6,21,1],[8,4,16,2,14,12,18,24,20,22,6,17,1,3,19,21],[4,8,24,12,16,2,14,20,18,22,6,1,21],[24,20,16,18,14,8,12,4,2,22,6,21,1],[8,12,16,24,20,18,14,4,2,22,6,21,1],[12,8,4,16,2,14,20,18,24,22,6,21,1],[4,24,8,20,18,2,10,16,14,22,6,12,21,1],[10,8,24,16,20,18,14,4,2,22,6,12,21,1],[16,24,12,4,14,20,2,18,6,22,21,1],[16,20,14,24,8,12,2,4,18,22,6,21,1],[24,4,20,2,18,8,16,14,12,22,6,21,1],[24,4,20,2,18,16,14,8,12,22,6,21,1],[12,4,24,8,16,2,14,20,18,22,6,1,17,19],[24,4,12,16,14,20,2,18,8,22,6,1,21],[12,20,4,2,18,22,24,16,14,8,6,21,1],[8,12,20,4,18,2,24,16,14,22,6,21,1],[24,4,20,18,2,14,8,12,22,6,21,1,16],[8,12,20,24,16,14,4,2,18,22,6,1,21],[20,8,16,18,14,12,4,2,24,22,6,1,17,3,19,21],[20,8,24,16,14,12,4,18,2,22,6,21,1],[24,8,12,4,16,2,14,20,18,22,6,21,1],[4,16,2,14,18,8,12,24,20,22,6,21,1],[12,24,8,20,4,2,18,16,14,22,6,1],[24,16,20,18,14,4,2,12,8,22,6,1,21],[4,12,16,14,24,8,20,2,18,22,6,21,1],[4,12,8,20,18,2,16,14,24,22,6,1,23,17,19],[12,16,24,20,18,14,8,4,2,22,6,23,1,17,3,19],[20,24,4,2,18,12,8,16,14,22,6,19,1],[16,12,4,2,14,22,24,8,20,18,6,1,21],[8,20,4,18,2,24,16,14,12,22,6,1,21],[12,8,16,20,18,14,24,4,2,22,6,17,1,19],[12,8,16,24,20,14,4,18,2,22,6,21,1],[8,12,4,20,2,18,24,16,14,22,6,1,23,21],[20,12,22,24,18,8,16,14,4,2,6,1,21],[16,24,20,14,4,18,2,12,6,22,17,1,19],[12,8,24,16,4,2,14,20,18,22,6,21,1],[24,4,12,16,14,8,20,2,18,22,6,1,19],[20,16,14,8,4,18,2,12,24,22,6,1,23,19],[4,16,14,24,8,20,2,18,12,22,6,1,23,21],[8,16,12,2,4,14,22,24,20,18,6,1,23,21],[12,8,24,16,4,2,14,20,18,22,6,21,1],[8,20,4,2,18,16,14,24,10,22,6,12,21,1],[4,24,20,18,2,8,16,14,12,22,6,1,21],[4,16,2,14,12,24,8,18,20,22,6,17,1,19],[24,4,20,2,18,10,14,8,22,6,12,1,16,17,3,19,21],[4,20,18,2,8,24,16,14,10,22,6,12,1,21],[24,20,4,2,18,14,8,12,22,6,16,21,1],[24,8,4,16,14,20,2,18,12,22,6,1,21],[12,16,4,2,14,20,18,8,22,24,6,1,21],[12,4,8,20,2,18,16,14,24,22,6,21,1],[24,12,4,8,20,18,2,16,14,22,6,23,1,21],[8,16,20,14,4,18,2,22,24,12,6,21,1],[12,4,8,24,20,2,18,16,14,22,6,1,21],[8,12,4,16,2,14,24,20,18,22,6,21,1],[24,4,8,12,20,18,2,16,14,22,6,1,21,17,3,19],[16,8,24,4,2,14,12,20,18,22,6,21,1],[16,8,12,20,18,14,4,2,22,24,6,1,17,3,19,21],[24,20,4,2,18,10,6,16,14,22,12,1,23,17,3,19,21],[16,20,14,8,12,4,18,2,24,22,6,17,1,19],[24,16,8,20,14,4,18,2,12,22,6,19,21,1],[16,8,20,14,24,12,4,18,2,22,6,21,1],[24,8,12,4,16,2,14,20,18,22,6,1,21],[8,4,20,2,18,12,16,14,24,22,6,21,1],[8,24,4,20,18,2,12,16,14,22,6,1,21],[24,12,8,4,16,2,14,20,18,22,6,1,21],[20,12,4,18,2,8,16,14,22,24,6,1,21],[20,8,16,18,14,10,4,2,24,22,6,12,1,23,17,19],[16,20,18,14,12,24,4,2,8,22,6,1,21],[24,4,8,12,16,2,14,20,18,22,6,1,23,17,19],[4,20,18,2,16,14,12,8,22,24,6,21,1],[24,8,12,16,20,14,4,2,18,22,6,1,23,17,3,19,21],[20,24,4,18,2,12,8,16,14,22,6,1,23,21],[24,8,16,12,4,2,14,20,18,22,6,1,21],[8,24,12,20,16,18,14,4,2,22,6,23,1,17,19],[20,4,2,18,14,22,24,8,12,6,21,1,16],[16,24,12,8,4,14,20,2,18,22,6,1,21],[8,24,16,12,20,18,14,4,2,22,6,1,17,3,19,21],[20,12,8,24,16,14,4,18,2,22,6,1,23,17,19],[24,20,12,8,16,18,14,4,2,22,6,3,21,1,17,19],[16,4,2,14,12,24,8,20,18,22,6,23,1],[20,24,16,14,4,18,2,12,8,22,6,1,23,19],[8,24,20,4,18,2,10,14,22,6,12,16,1,17,19],[8,4,24,20,2,18,16,14,12,22,6,1,23],[24,4,12,8,20,2,18,16,14,22,6,21,1],[20,4,18,2,22,24,10,8,14,6,12,1,16,21],[16,24,20,14,4,2,18,8,12,22,6,21,1],[20,12,24,8,16,18,14,4,2,22,6,3,21,1,17,19],[8,16,24,4,14,12,20,18,2,22,6,21,1],[8,20,16,18,14,12,24,4,2,22,6,1,21],[8,4,20,2,18,24,12,14,22,6,1,21,16],[20,24,4,18,2,16,14,12,8,22,6,1,21],[16,20,14,4,18,2,24,12,6,22,21,1],[20,4,2,18,24,12,16,14,8,22,6,21,1],[12,20,24,16,14,4,18,2,8,22,6,23,1],[8,12,20,24,4,2,18,16,14,22,6,21,1],[20,12,4,2,18,8,16,14,24,22,6,21,1],[12,20,8,24,4,18,2,16,14,22,6,21,1],[12,4,20,2,18,16,14,22,24,8,6,17,1,19],[4,24,20,2,18,16,14,6,12,22,21,1],[24,4,16,2,14,8,20,18,10,22,6,12,21,1],[8,20,16,14,4,18,2,22,24,12,6,1,17,19],[8,24,20,12,4,18,2,14,22,6,21,1,16],[4,16,14,12,20,18,2,24,8,22,6,1,21],[4,20,2,18,16,14,24,8,10,22,6,12,21,1],[8,4,16,2,14,24,20,18,12,22,6,21,1],[4,8,24,16,14,12,20,18,2,22,6,1,23],[20,4,18,2,16,14,24,6,12,22,21,1],[12,16,24,8,4,2,14,20,18,22,6,1,21],[16,4,14,12,20,18,2,8,24,22,6,1,17,19],[4,20,18,2,6,12,16,14,24,22,21,1],[12,4,24,20,18,2,8,16,14,22,6,21,1],[8,4,24,12,20,2,18,16,14,22,6,1,21],[12,20,4,18,2,8,24,16,14,22,6,21,1],[12,24,4,8,20,2,18,16,14,22,6,1,21],[20,12,4,18,2,24,6,16,14,22,3,21,1,17,19],[12,4,16,2,14,8,24,20,18,22,6,1,21],[8,18,16,20,14,4,2,24,12,22,6,1,23,21],[12,20,24,4,2,18,14,8,22,6,21,1,16],[4,8,24,16,14,12,20,2,18,22,6,1,21],[8,24,20,16,18,14,12,4,2,22,6,21,1],[20,4,18,2,8,24,16,14,12,22,6,1,23,19],[20,4,18,2,8,24,14,12,22,6,21,1,16],[24,20,8,4,18,2,10,16,14,22,6,12,17,1,19],[4,16,2,14,24,6,12,18,20,22,1,23,17,21,3,19],[8,4,18,20,2,12,14,22,24,6,17,1,15,23,19,16],[16,12,24,20,14,4,18,2,8,22,6,21,1],[20,16,18,14,4,2,12,24,8,22,6,21,1],[16,4,2,14,18,24,12,6,20,22,1,23,19],[16,8,4,14,12,24,20,2,18,22,6,1,21],[20,4,2,18,16,14,24,12,8,22,6,1,21],[24,16,12,4,14,20,18,2,8,22,6,21,1],[8,4,20,18,2,12,24,16,14,22,6,1,21],[16,24,20,14,8,4,2,18,12,22,6,1,21],[20,24,16,18,14,8,12,4,2,22,6,21,1],[12,20,16,14,8,24,4,18,2,22,6,1,23,17,3,19,21],[8,24,20,16,14,12,4,2,18,22,6,21,1],[20,12,16,18,14,8,24,4,2,22,6,21,1],[20,24,12,4,2,18,8,16,14,22,6,1,21],[16,24,8,4,14,20,18,2,12,22,6,1,21],[20,4,18,2,24,16,14,10,8,22,6,12,21,1],[24,8,12,4,16,2,14,20,18,22,6,1,23,17,19],[12,4,8,20,18,2,16,14,24,22,6,3,21,1,17,19],[8,24,4,12,20,2,18,16,14,22,6,1,21],[16,4,14,24,20,18,2,12,8,22,6,21,1],[8,20,12,16,18,14,24,4,2,22,6,1,17,21,3,19],[24,8,12,20,16,18,14,4,2,22,6,21,1],[8,24,20,12,16,14,4,18,2,22,6,1,19],[24,20,12,4,2,18,8,16,14,22,6,21,1],[8,12,4,16,2,14,24,20,18,22,6,1,21],[4,20,18,2,12,24,8,16,14,22,6,21,1],[4,16,14,20,18,2,12,8,24,22,6,21,1],[16,4,14,20,2,18,24,8,12,22,6,1,21],[4,16,14,24,20,2,18,12,8,22,6,1,17,3,19,21],[8,24,4,10,20,2,18,16,14,22,6,12,1,21],[4,16,14,12,8,20,18,2,24,22,6,1,19],[4,24,16,14,20,18,2,10,8,22,6,12,1,21],[16,8,24,20,18,14,4,2,10,22,6,12,21,1],[12,24,4,16,14,8,20,2,18,22,6,1,17,3,19,21],[8,24,16,4,2,14,12,20,18,22,6,1,17,3,19,21],[24,16,4,14,8,12,20,18,2,22,6,21,1],[24,12,8,16,20,18,14,4,2,22,6,1,19],[24,16,8,20,18,14,4,2,12,22,6,21,1],[6,24,16,12,20,14,4,2,18,22,1,19],[12,20,14,8,24,4,18,2,22,6,1,16,23,21],[8,24,4,20,18,2,16,14,12,22,6,1,21],[16,4,2,14,12,18,6,24,20,22,1,23,21],[8,16,24,4,2,14,20,18,10,22,6,12,1,17,3,19,21],[4,12,16,14,24,20,18,2,8,22,6,21,1],[8,20,4,2,18,12,22,24,16,14,6,1,23,21],[12,4,8,16,14,20,2,18,24,22,6,21,1],[16,24,12,4,2,14,8,20,18,22,6,21,1],[24,4,8,20,18,2,10,14,22,6,12,23,1,16],[12,4,20,2,18,22,24,8,16,14,6,1,21],[16,12,8,20,14,4,2,18,24,22,6,1,21],[12,20,16,14,24,4,2,18,8,22,6,1,23,21],[24,20,12,8,4,2,18,16,14,22,6,1,23,19],[16,4,14,12,24,8,20,18,2,22,6,21,1],[16,8,24,12,20,18,14,4,2,22,6,1,21],[24,12,20,4,18,2,16,14,8,22,6,21,1],[24,20,16,14,8,12,4,18,2,22,6,1,23,19],[20,8,12,24,16,14,4,18,2,22,6,21,1],[16,12,4,14,20,2,18,24,8,22,6,21,1],[8,16,20,18,14,12,4,2,24,22,6,21,1],[4,20,18,2,12,24,8,16,14,22,6,21,1],[20,8,12,4,18,2,16,14,24,22,6,21,1],[4,12,22,24,2,20,18,8,16,14,6,1,23,21],[8,4,16,2,14,20,18,10,24,22,6,12,1,19],[8,16,4,2,14,20,18,12,22,24,6,1,17,3,19,21],[8,24,12,16,4,2,14,20,18,22,6,1,23,21],[24,8,4,16,14,20,2,18,12,22,6,1,19],[16,20,18,14,8,12,22,24,4,2,6,21,1],[8,24,4,20,2,18,16,14,12,22,6,1,23,19],[20,4,2,18,12,16,14,8,24,22,6,23,1,17,3,19,21],[12,24,4,16,14,20,2,18,8,22,6,21,1],[24,8,12,16,20,14,4,18,2,22,6,21,1],[12,4,16,2,14,24,6,18,20,22,21,1],[20,8,4,2,18,16,14,24,10,22,6,12,17,1,19],[8,12,20,24,4,2,18,14,22,6,21,1,16],[8,4,12,14,24,20,2,18,22,6,1,21,16],[16,8,4,2,14,24,18,12,20,22,6,1,21],[4,24,8,12,16,14,20,2,18,22,6,1,21],[20,8,12,24,16,18,14,4,2,22,6,21,1],[24,4,8,20,18,2,16,14,10,22,6,12,1,23,21],[12,16,24,4,2,14,8,20,18,22,6,21,1],[24,20,8,16,14,12,4,18,2,22,6,21,1],[20,8,4,2,18,24,12,16,14,22,6,1,21],[8,24,4,12,20,18,2,16,14,22,6,3,21,1,17,19],[24,8,20,4,18,2,14,12,22,6,21,1,16],[20,8,4,2,18,12,22,24,16,14,6,3,21,1,19],[24,4,12,8,16,2,14,20,18,22,6,21,1],[24,16,4,14,8,12,20,2,18,22,6,1,23,21],[8,20,12,4,2,18,24,14,22,6,21,1,16],[8,24,16,12,4,2,14,20,18,22,6,21,1],[16,8,4,14,24,12,18,20,2,22,6,21,3,1,19],[8,20,16,14,12,24,4,2,18,22,6,1,17,19],[22,4,24,2,10,8,20,18,16,14,6,12,3,21,1,17,19],[4,20,18,2,8,16,14,22,24,10,6,12,1,23],[8,16,12,22,24,14,20,18,4,2,6,21,1],[24,4,12,8,16,14,20,2,18,22,6,21,1],[8,4,24,12,20,18,2,14,22,6,21,1,15,16],[12,16,24,4,14,8,20,18,2,22,6,21,1],[4,20,18,2,8,24,16,14,12,22,6,21,1],[8,20,16,18,14,4,2,12,24,22,6,21,1],[4,8,24,20,18,2,12,16,14,22,6,1,21],[4,12,8,24,20,18,2,16,14,22,6,1,21],[4,24,16,14,8,12,20,18,2,22,6,1,21],[16,24,4,14,12,8,20,18,2,22,6,21,3,1,17,19],[24,8,12,4,20,18,2,16,14,22,6,21,1],[12,18,4,20,2,24,14,8,22,6,1,16,21],[8,20,12,24,4,18,2,16,14,22,6,21,1],[12,8,16,20,18,14,24,4,2,22,6,3,21,1,17,19],[4,24,12,16,14,8,20,18,2,22,6,21,1],[8,16,20,14,12,4,2,18,24,22,6,21,1],[20,24,12,4,2,18,16,14,8,22,6,1,21],[12,16,8,4,2,14,20,18,24,22,6,1,21],[12,24,16,20,18,14,4,2,6,22,21,1],[20,24,12,8,4,18,2,16,14,22,6,21,1],[4,24,20,18,2,8,16,14,12,22,6,1,23,21],[12,20,16,18,14,4,2,8,24,22,6,1,23,17,3,19,21],[20,8,4,2,18,12,24,14,22,6,1,16,17,3,19,21],[24,20,16,14,12,8,4,18,2,22,6,1,17,19],[4,20,2,18,8,24,12,16,14,22,6,1,17,19],[4,24,12,16,14,8,20,18,2,22,6,21,1],[4,16,14,24,20,18,2,12,8,22,6,21,1],[4,16,2,14,24,6,12,20,18,22,1,19],[20,4,2,18,8,16,14,12,24,22,6,21,1],[12,20,4,2,18,16,14,22,24,8,6,1,21],[4,20,2,18,12,16,14,8,22,24,6,21,1],[20,12,24,8,4,18,2,16,14,22,6,21,1],[24,4,20,18,2,16,14,6,12,22,21,1],[4,16,2,14,8,20,18,24,12,22,6,1,19],[12,8,16,20,14,4,2,18,24,22,6,1,21],[8,24,4,16,14,12,20,2,18,22,6,21,1],[16,12,20,14,4,18,2,24,8,22,6,21,1],[8,24,12,20,4,18,2,16,14,22,6,21,1],[24,16,12,20,18,14,4,2,8,22,6,21,1],[16,8,12,24,20,18,14,4,2,22,6,1,17,19],[24,12,4,8,16,2,14,20,18,22,6,21,1],[4,8,16,14,24,12,20,2,18,22,6,21,1],[12,4,16,14,24,8,20,2,18,22,6,21,1],[4,24,8,16,2,14,20,18,12,22,6,17,1,19],[24,8,16,20,14,12,4,2,18,22,6,21,1],[16,8,20,18,14,24,4,2,12,22,6,21,1],[24,4,12,20,18,2,16,14,8,22,6,1,21],[4,20,18,2,8,16,14,10,24,22,6,12,21,1],[16,8,20,18,14,12,24,4,2,22,6,21,1],[16,4,2,14,20,18,12,8,24,22,6,1,19],[12,16,8,20,14,24,4,2,18,22,6,21,1],[8,4,16,14,12,20,18,2,24,22,6,1,21],[20,8,12,16,14,4,2,18,24,22,6,21,1],[4,20,18,2,8,16,14,22,24,10,6,12,23,1,21],[24,16,12,8,20,18,14,4,2,22,6,1,23],[2,8,16,4,14,20,18,24,12,22,6,1,17,3,19,21],[8,4,12,20,2,18,24,16,14,22,6,1,21],[20,24,8,4,18,2,16,14,10,22,6,12,1,21],[20,12,16,18,14,24,8,4,2,22,6,1,23,19],[4,12,8,20,18,2,24,16,14,22,6,1,23,19],[8,4,24,12,16,14,20,18,2,22,6,21,1],[16,20,14,24,12,8,4,18,2,22,6,21,1],[4,24,20,18,2,8,14,12,22,6,23,1,16,17,3,19,21],[16,8,12,24,20,14,4,2,18,22,6,21,1],[4,24,8,16,2,14,18,12,20,22,6,3,21,1,17,19],[24,4,20,18,2,16,14,8,12,22,6,21,1],[12,16,4,2,14,24,8,18,20,22,6,1,21],[4,8,16,14,12,20,2,18,24,22,6,23,1,17,3,19,21],[8,24,16,20,14,12,4,18,2,22,6,3,21,1,19],[12,8,16,24,4,14,20,2,18,22,6,1,21],[24,20,4,2,18,14,8,12,22,6,1,13,16,21],[16,12,20,18,14,4,2,24,8,22,6,1,21],[20,16,14,24,8,12,4,2,18,22,6,21,1],[4,12,24,8,20,18,2,14,22,6,1,15,13,16,21],[20,12,4,18,2,24,8,14,22,6,1,16,21],[24,8,4,20,2,18,16,14,10,22,6,12,21,1],[16,4,2,14,24,20,18,8,10,22,6,12,1,23,21],[16,12,4,2,14,8,20,18,24,22,6,17,1,19],[8,12,20,24,4,18,2,16,14,22,6,21,1],[16,20,14,12,4,18,2,24,8,22,6,1,21],[12,8,16,24,4,2,14,20,18,22,6,21,1],[12,24,16,4,14,20,18,2,6,22,1,21],[4,20,18,2,24,8,16,14,12,22,6,1,21],[16,18,20,14,12,4,2,22,24,8,6,21,1],[20,4,2,18,12,8,24,16,14,22,6,1,21],[8,4,12,24,14,20,18,2,22,6,1,16,21],[24,20,8,16,18,14,4,2,12,22,6,1,17,19],[24,4,8,12,18,20,2,16,14,22,6,1,23,21],[8,16,20,18,14,24,4,2,12,22,6,1,21],[24,8,12,16,4,14,20,18,2,22,6,21,1],[16,12,8,4,14,24,20,2,18,22,6,21,1],[20,4,18,2,12,8,24,16,14,22,6,17,1,3,19,21],[8,24,16,4,2,14,20,18,12,22,6,1,19],[12,24,8,4,20,18,2,16,14,22,6,21,1],[16,4,14,12,8,24,20,18,2,22,6,21,1],[24,8,16,20,18,14,12,4,2,22,6,1,23,21],[12,4,20,2,18,24,6,16,14,22,1,17,3,19,21],[16,12,24,4,2,14,8,20,18,22,6,21,1],[12,8,24,20,4,18,2,16,14,22,6,1,21],[12,20,4,18,2,16,14,22,24,8,6,1,23,21],[4,8,18,20,2,12,24,16,14,22,6,1,21],[8,4,20,18,2,14,10,24,22,6,12,1,17,16,19],[24,12,16,4,2,14,20,18,8,22,6,1,21],[12,16,8,20,14,4,2,18,24,22,6,21,1],[4,12,20,18,2,24,8,16,14,22,6,1,23,19],[20,12,24,16,18,14,4,2,8,22,6,17,1,19],[20,12,6,24,2,4,18,16,14,22,1,21],[20,4,2,18,12,16,14,8,24,22,6,1,17,19],[24,20,16,18,14,12,4,2,6,22,1,17,19],[24,16,12,4,2,14,20,18,6,22,1,21],[12,24,8,4,16,2,14,20,18,22,6,23,1,21],[12,4,16,14,8,20,2,18,24,22,6,1,17,19],[4,8,20,18,2,12,16,14,24,22,6,21,1],[8,24,20,16,14,12,4,2,18,22,6,21,1],[24,12,16,20,14,8,4,2,18,22,6,1,21],[8,4,12,20,18,2,16,14,24,22,6,21,1],[8,16,4,2,14,12,24,20,18,22,6,1,21],[16,12,8,4,14,24,20,2,18,22,6,21,1],[16,8,12,4,2,14,22,24,20,18,6,17,1,3,19,21],[4,24,8,12,20,18,2,16,14,22,6,1,21],[20,4,18,2,24,6,12,16,14,22,17,1,19],[24,10,20,4,18,2,8,14,22,6,12,21,1,13,16],[8,20,16,14,4,18,2,10,24,22,6,12,21,1],[8,16,20,18,14,24,12,4,2,22,6,21,1],[20,24,8,12,16,14,4,2,18,22,6,17,1,3,19,21],[4,12,16,2,14,20,18,6,24,22,21,1],[16,20,14,8,4,18,2,12,24,22,6,21,1],[4,20,18,2,14,12,24,6,22,21,1,16],[16,20,18,14,8,24,4,2,12,22,6,1,21],[12,8,20,24,16,14,4,18,2,22,6,21,1],[16,8,20,14,12,24,4,2,18,22,6,21,1],[16,4,14,24,10,20,2,18,8,22,6,12,21,1],[8,24,16,20,14,4,18,2,12,22,6,23,3,21,1],[20,4,18,2,16,14,8,24,12,22,6,3,21,1,19],[24,16,8,12,4,2,14,20,18,22,6,21,1],[16,8,24,4,2,14,12,20,18,22,6,1,17,19],[24,16,4,2,14,8,12,20,18,22,6,21,1],[16,12,8,20,18,14,24,4,2,22,6,1,21],[20,24,8,12,16,14,4,18,2,22,6,1,23,21],[20,12,24,8,16,14,4,2,18,22,6,3,21,1,17,19],[4,12,16,2,14,24,20,18,8,22,6,21,1],[24,4,16,14,8,20,2,18,12,22,6,1,21],[20,10,8,4,2,18,22,24,16,14,6,12,21,1],[4,8,20,18,2,12,24,16,14,22,6,21,1],[20,8,16,14,24,4,18,2,12,22,6,21,1],[20,8,24,4,18,2,12,14,22,6,1,16,21],[4,8,12,24,20,18,2,16,14,22,6,21,1],[12,20,16,18,14,24,8,2,4,22,6,21,1],[24,4,12,16,14,20,2,18,8,22,6,1,21],[4,16,14,8,20,18,2,22,24,12,6,3,21,1,19],[4,12,20,18,2,16,14,24,6,22,1,21],[4,8,16,14,20,2,18,24,12,22,6,21,1],[20,8,4,18,2,16,14,10,22,24,6,12,1,21],[8,20,16,14,4,18,2,12,22,24,6,1,23,17,3,19,21],[20,12,4,2,18,24,8,16,14,22,6,21,1],[16,24,4,14,8,20,18,2,12,22,6,21,1],[16,20,18,14,8,4,2,24,12,22,6,21,1],[4,20,2,18,6,10,24,16,14,22,12,21,1],[12,16,8,20,18,14,4,2,24,22,6,1,21],[20,24,4,18,2,12,16,14,8,22,6,21,1],[16,12,24,8,20,18,14,4,2,22,6,17,1,19],[16,8,12,4,2,14,20,18,24,22,6,1,17,19],[12,16,6,24,20,14,4,18,2,22,1,17,19],[16,20,14,8,24,12,4,18,2,22,6,21,1],[20,12,24,4,2,18,8,14,22,6,1,15,16,17,3,19,21],[4,24,8,12,20,2,18,14,22,6,1,16,21],[16,4,14,20,18,2,10,24,8,22,6,12,1,23,21],[20,4,2,18,16,14,22,24,6,10,12,1,17,3,19,21],[16,4,2,14,12,24,8,18,20,22,6,1,17,3,19,21],[20,16,14,24,4,18,2,12,6,22,21,1],[24,16,4,14,8,20,18,2,12,22,6,21,1],[16,12,20,14,4,18,2,8,22,24,6,21,1],[12,24,16,20,14,4,18,2,8,22,6,21,1],[4,20,2,18,12,24,8,16,14,22,6,21,1],[4,16,2,14,24,12,20,18,8,22,6,23,1,17,3,19,21],[24,20,12,8,4,18,2,16,14,22,6,21,1],[8,16,4,14,24,12,20,18,2,22,6,1,23,21],[16,24,4,14,12,20,2,18,8,22,6,1,21],[8,16,24,4,2,14,12,20,18,22,6,1,21],[8,12,16,20,14,4,18,2,24,22,6,1,23,21],[16,4,14,22,24,2,6,12,18,20,1,23,21],[8,20,12,16,18,14,24,4,2,22,6,21,1],[16,12,24,4,14,8,20,2,18,22,6,21,1],[4,12,20,18,2,16,14,8,24,22,6,1,21],[8,24,16,20,18,14,12,4,2,22,6,21,1],[24,16,4,14,12,8,20,18,2,22,6,1,21],[24,20,16,14,8,4,2,18,12,22,6,1,23,21],[4,16,2,14,20,18,8,24,12,22,6,23,1],[16,24,12,4,14,8,18,20,2,22,6,21,1],[4,12,16,2,14,20,18,24,8,22,6,21,1],[24,8,20,16,18,14,12,4,2,22,6,1,21],[12,24,20,4,18,2,8,16,14,22,6,1,19],[24,12,8,4,20,2,18,16,14,22,6,21,1],[24,16,12,8,4,14,20,18,2,22,6,17,1,19],[16,24,4,14,12,20,2,18,8,22,6,23,1,17,3,19,21],[10,8,24,4,20,18,2,16,14,22,6,12,21,1],[8,16,12,20,14,24,4,2,18,22,6,23,1,21],[24,8,16,20,14,4,18,2,12,22,6,1,23,17,19],[20,16,18,14,4,2,8,12,22,24,6,1,19],[8,16,12,24,20,18,14,4,2,22,6,17,1,3,19,21],[4,20,18,2,6,12,24,16,14,22,1,17,19],[4,12,20,18,2,24,16,14,8,22,6,1,21],[20,24,4,18,2,8,16,14,12,22,6,21,1],[4,20,18,2,16,14,8,10,24,22,6,12,1,21],[24,20,12,8,16,18,14,4,2,22,6,1,21],[20,24,16,14,12,8,4,18,2,22,6,21,1],[12,20,8,14,24,4,2,18,22,6,21,1,13,16],[20,16,14,12,4,2,18,8,24,22,6,21,1],[16,8,24,20,14,12,4,18,2,22,6,1,21],[12,16,22,24,14,4,2,20,18,8,6,21,1],[16,20,18,14,8,4,2,24,12,22,6,1,23,21],[24,8,16,10,4,14,20,18,2,22,6,12,1,17,19],[8,20,16,14,4,18,2,22,24,12,6,1,21],[8,4,16,2,14,24,20,18,12,22,6,21,1],[24,12,8,4,20,2,18,14,22,6,1,17,19,16],[12,24,16,8,20,18,14,4,2,22,6,1,21],[12,20,8,4,18,2,14,24,22,6,1,16,21],[20,8,12,24,16,14,4,2,18,22,6,1,17,3,19,21],[8,24,12,20,4,2,18,16,14,22,6,21,1],[16,4,2,14,22,24,8,20,18,12,6,1,19],[8,4,12,16,2,14,24,20,18,22,6,1,17,3,19,21],[20,16,18,14,8,12,24,4,2,22,6,21,1],[16,8,20,14,4,2,18,10,24,22,6,12,21,1],[16,4,2,14,8,12,20,18,24,22,6,1,23,17,3,19,21],[16,12,8,24,20,14,4,18,2,22,6,1,21],[24,8,12,4,16,2,14,20,18,22,6,21,1],[20,4,2,18,12,24,8,14,22,6,21,1,16],[22,16,24,14,6,20,18,12,4,2,3,21,1,17,19],[24,20,8,16,14,12,4,18,2,22,6,21,1],[12,4,20,2,18,24,8,16,14,22,6,21,1],[8,24,16,12,4,14,20,2,18,22,6,1,23,21],[4,16,2,14,6,24,10,18,20,22,12,21,1],[8,12,4,20,18,2,16,14,24,22,6,1,21],[22,20,24,18,4,2,8,16,14,12,6,1,21],[4,12,24,8,20,2,18,16,14,22,6,1,17,3,19,21],[16,8,20,18,14,12,4,2,24,22,6,1,19],[24,16,8,4,2,14,12,20,18,22,6,21,1],[20,4,18,2,24,8,14,12,22,6,1,13,16,21],[24,4,16,14,8,12,20,2,18,22,6,1,21],[16,4,14,20,2,18,12,8,24,22,6,1,21],[12,8,4,24,20,18,2,16,14,22,6,21,1],[12,8,24,20,4,2,18,16,14,22,6,21,1],[24,8,12,16,20,14,4,2,18,22,6,1,19],[20,12,8,4,18,2,16,14,24,22,6,3,21,1,17,19],[20,6,4,2,18,12,24,16,14,22,23,3,1,21,17,19],[8,24,4,12,20,18,2,16,14,22,6,21,1],[24,16,8,20,14,4,18,2,12,22,6,1,17,19],[12,8,4,24,16,14,20,2,18,22,6,21,1],[8,24,16,4,14,20,18,2,10,22,6,12,1,23,21],[20,16,18,14,4,2,10,8,24,22,6,12,21,1],[8,20,16,14,4,2,18,12,22,24,6,1,23,19],[20,16,18,14,12,8,4,2,24,22,6,1,17,19],[24,2,8,16,4,14,12,20,18,22,6,17,1,3,19,21],[8,16,20,18,14,24,12,4,2,22,6,1,17,19],[4,24,8,16,2,14,12,20,18,22,6,17,1,19],[8,12,24,20,4,18,2,16,14,22,6,21,1],[24,8,12,4,16,2,14,18,20,22,6,21,1],[4,12,8,20,18,2,24,16,14,22,6,21,1],[16,4,14,20,18,2,6,12,22,24,1,23,21],[24,4,6,20,2,18,14,10,22,12,21,1,16],[12,16,8,24,20,18,14,4,2,22,6,17,1,19],[8,12,20,16,14,4,18,2,24,22,6,1,19],[22,4,24,2,12,6,20,18,16,14,21,1],[16,4,14,12,20,2,18,24,8,22,6,21,1],[20,8,24,4,18,2,12,16,14,22,6,1,17,3,19,21],[20,16,18,14,12,4,2,6,24,22,21,1],[24,8,4,16,14,20,18,2,10,22,6,12,21,1],[8,12,16,24,4,14,20,18,2,22,6,1,19],[16,8,20,14,24,12,4,18,2,22,6,21,1],[16,12,8,4,2,14,18,24,20,22,6,1,21],[8,12,24,16,20,14,4,2,18,22,6,1,21],[4,8,20,2,18,22,24,16,14,12,6,1,23,19],[8,20,12,22,24,18,4,2,16,14,6,1,21],[16,12,24,8,20,14,4,2,18,22,6,21,1],[16,12,4,14,8,24,20,18,2,22,6,1,21],[4,16,2,14,24,8,20,18,12,22,6,1,19],[4,20,2,18,16,14,8,10,24,22,6,12,1,17,3,19,21],[16,8,20,14,24,12,4,2,18,22,6,21,1],[4,24,16,2,14,10,8,20,18,22,6,12,1,17,19],[16,20,18,14,4,2,12,24,6,22,21,1],[4,8,24,20,18,2,12,16,14,22,6,21,1],[24,4,8,12,16,2,14,20,18,22,6,21,1],[20,4,2,18,12,16,14,24,8,22,6,1,21],[4,14,20,2,18,6,10,24,22,12,1,16,21],[4,24,8,16,14,12,20,2,18,22,6,21,1],[16,12,20,14,8,4,2,18,22,24,6,21,1],[8,12,24,20,16,14,4,18,2,22,6,19,1],[4,16,2,14,20,18,8,24,12,22,6,21,1],[24,16,20,14,4,2,18,12,8,22,6,3,21,1,17,19],[4,12,16,2,14,18,22,24,8,20,6,21,1],[20,16,14,12,4,2,18,8,24,22,6,1,17,3,19,21],[16,20,18,14,12,2,4,8,24,22,6,1,21],[24,20,16,14,8,12,4,2,18,22,6,1,17,19],[24,20,16,18,14,8,12,4,2,22,6,17,1,3,19,21],[8,4,12,24,20,18,2,14,22,6,1,16,17,19],[20,8,16,18,14,4,2,12,24,22,6,21,1],[24,4,16,14,12,20,2,18,8,22,6,1,21],[24,8,12,16,20,14,4,2,18,22,6,1,21],[8,20,12,24,4,2,18,16,14,22,6,1,21],[12,8,20,4,18,2,24,16,14,22,6,1,21],[12,16,4,2,14,24,20,18,8,22,6,21,1],[8,4,16,14,24,12,20,2,18,22,6,1,17,3,19,21],[12,20,8,4,2,18,24,14,22,6,1,16,21],[4,12,24,8,16,2,14,20,18,22,6,21,1],[20,4,2,18,12,14,24,8,22,6,3,21,1,17,19,16],[16,24,8,20,18,14,4,2,12,22,6,21,1],[24,16,20,14,12,8,4,2,18,22,6,1,21],[8,4,16,2,14,24,20,18,10,22,6,12,21,1],[20,16,14,24,12,8,4,2,18,22,6,21,1],[12,24,16,8,20,18,14,4,2,22,6,1,21],[24,8,16,12,4,2,14,20,18,22,6,1,23,19],[4,24,12,8,20,2,18,16,14,22,6,23,1,19],[4,12,16,2,14,20,18,24,8,22,6,21,1],[24,16,12,20,18,14,8,4,2,22,6,21,1],[24,4,20,2,18,8,12,16,14,22,6,3,21,1,17,19],[4,24,8,16,14,20,2,18,12,22,6,1,23,17,3,19,21],[8,20,24,4,2,18,12,16,14,22,6,21,1],[4,24,12,16,14,8,18,20,2,22,6,21,1],[12,18,8,24,20,4,2,16,14,22,6,21,1],[4,24,12,16,2,14,8,20,18,22,6,1,17,19],[24,16,8,20,18,14,12,4,2,22,6,21,1]]}