{"problem_id":"9O2lgD5ZyLLdmIF","sigma":150,"alpha":3.162,"cost":2,"probabilities":"[0.18000000000000002, 0.4, 0.22, 0.2]","payoff_matrix":"[[-84, 244, -103, 105, -56, -37], [36, -69, 19, 205, 66, 146], [-88, -25, 136, -381, -207, 241], [248, 240, 289, -96, 292, -27]]","uncovered":[[10,2,18,6,14,22,15,19,3,23],[10,14,18,22,15,6,2,19,3,23],[2,14,18,22,23,15,10,6,19],[22,18,2,6,10,14,23,15,17],[10,6,18,22,2,14,15,19,23],[22,6,2,14,23,15,18,10,19],[2,22,18,14,15,10,6,19,23],[6,10,22,18,14,23,15,2,19],[22,2,10,6,14,23,15,18,19],[18,2,22,10,6,14,23,15,19],[18,22,14,15,10,6,2,19,3,11,23],[2,6,18,22,10,14,15,23,17],[10,2,18,22,6,14,23,15,19],[14,18,2,22,23,15,6,10,19],[10,2,18,6,14,22,15,19,3,11,23],[10,14,2,22,15,6,18,23,20,19],[14,6,2,18,22,15,10,19,3,23],[2,14,18,22,15,6,10,19,3,11,23],[14,10,2,22,15,18,6,19,23],[18,14,22,23,15,10,2,6,19],[6,10,22,14,23,15,2,18,20,19],[18,10,22,14,23,15,6,2,19],[2,18,6,22,10,14,23,15,20,19],[2,18,10,14,22,23,15,6,17],[18,14,10,22,15,6,2,23,19],[22,14,23,15,10,18,2,6,19],[18,22,2,6,14,15,10,19,3,11,23],[14,2,18,22,15,10,6,23,20,19],[2,14,18,6,22,15,10,19,3,11,23],[6,2,14,22,15,18,10,23,19],[2,14,18,10,6,22,15,19,3,11,23],[2,10,6,18,14,22,15,19,23],[14,6,18,22,23,15,10,2,19],[14,6,22,15,2,10,18,19,23],[22,14,23,15,2,10,6,18,19],[2,18,22,14,23,15,10,6,20,19],[6,22,14,23,15,2,18,10,19],[22,10,6,18,14,15,2,23,19],[22,2,14,15,6,10,18,23,17],[22,18,10,14,15,2,6,19,23],[18,2,14,6,10,22,23,15,20,19],[14,10,6,22,23,15,2,18,17],[2,6,22,14,15,18,10,19,3,11,23],[18,6,2,22,14,15,10,23,19],[14,22,15,10,2,18,6,23,20,19],[22,2,18,14,23,15,10,6,19],[2,6,22,14,15,10,18,23,19],[14,18,2,22,15,6,10,23,19],[6,18,22,14,23,15,10,2,19],[22,18,2,14,15,10,6,23,19],[22,6,14,15,2,18,10,19,3,23],[22,18,14,23,15,6,2,10,19],[22,6,2,18,10,14,15,19,23],[18,2,10,22,6,14,23,15,19],[22,18,6,14,15,10,2,23,19],[18,10,2,14,6,22,15,19,23],[10,22,6,18,2,14,23,15,17],[18,22,6,2,14,23,15,10,19],[22,18,10,6,2,14,23,15,19],[2,10,22,6,18,14,23,15,17],[18,10,2,14,6,22,15,23,17],[10,2,22,14,15,6,18,23,19],[6,2,10,18,14,22,15,19,23],[2,6,14,22,23,15,10,18,17],[6,14,2,10,18,22,15,23,17],[14,2,18,22,23,15,6,10,17],[22,6,14,15,2,18,10,23,19],[22,10,14,23,15,2,6,18,19],[18,6,14,2,22,15,10,23,20,19],[22,10,2,6,18,14,15,19,3,11,23],[18,10,6,2,22,14,23,15,20,19],[6,2,14,10,22,23,15,18,17],[10,14,6,22,23,15,2,18,19],[22,18,10,2,6,14,15,19,3,23],[14,22,15,2,18,10,6,19,23],[22,6,18,14,15,10,2,23,19],[22,2,6,10,18,14,23,15,19],[6,14,22,15,2,18,10,19,23],[2,6,14,22,23,15,10,18,17],[2,10,18,14,22,15,6,23,20,19],[6,22,10,18,2,14,23,15,19],[22,18,2,14,23,15,6,10,19],[10,14,18,6,22,23,15,2,19],[2,14,22,15,18,10,6,19,23],[14,2,10,22,15,6,18,23,17],[2,6,10,14,18,22,15,23,19],[2,6,18,10,14,22,15,23,17],[2,18,14,10,22,23,15,6,19],[14,2,6,18,10,22,15,23,20,19],[2,10,14,6,22,15,18,19,3,23],[6,14,18,22,15,10,2,23,20,19],[6,22,14,15,10,2,18,23,17],[6,22,18,2,14,15,10,19,23],[22,6,18,2,14,15,10,19,23],[22,18,14,23,15,2,10,6,20,19],[2,14,6,22,15,18,10,23,17],[22,18,6,2,10,14,23,15,20,19],[6,14,22,15,10,18,2,19,23],[10,6,18,22,2,14,15,19,23],[22,18,6,10,14,23,15,2,20,19],[2,18,10,22,6,14,15,19,23],[2,10,22,14,23,15,6,18,19],[14,2,18,10,22,15,6,19,3,23],[10,14,6,18,2,22,23,15,20,19],[6,2,22,14,15,18,10,23,19],[10,2,18,22,14,23,15,6,20,19],[22,14,15,6,18,10,2,19,23],[6,18,10,14,22,23,15,2,19],[22,10,2,18,14,23,15,6,19],[18,22,10,2,14,15,6,23,20,19],[18,6,2,14,10,22,23,15,19],[2,18,14,6,10,22,23,15,17],[6,14,10,2,18,22,15,19,23],[14,22,23,15,18,2,6,10,20,19],[6,18,10,2,14,22,15,19,23],[2,14,18,6,22,15,10,23,19],[14,6,2,10,22,23,15,18,17],[18,14,22,23,15,2,10,6,19],[6,10,18,14,2,22,23,15,17],[2,6,22,10,14,23,15,18,20,19],[14,22,15,6,10,2,18,23,19],[2,22,18,14,23,15,6,10,20,19],[22,2,14,15,10,6,18,23,20,19],[18,2,6,22,14,15,10,19,23],[22,18,2,6,14,23,15,10,19],[10,22,2,18,14,23,15,6,20,19],[2,18,6,22,10,14,15,23,20,19],[18,14,22,23,15,6,10,2,17],[6,2,22,14,23,15,18,10,19],[2,10,6,14,22,23,15,18,20,19],[22,2,6,18,14,15,10,23,17],[10,6,14,2,18,22,23,15,17],[18,14,10,2,22,15,6,19,3,23],[18,14,22,23,15,10,2,6,19],[10,22,18,2,14,23,15,6,19],[10,6,18,14,2,22,23,15,17],[18,14,22,23,15,6,2,10,20,19],[22,6,2,18,10,14,23,15,17],[22,18,6,2,14,15,10,19,23],[2,22,6,14,23,15,18,10,17],[6,10,14,18,22,15,2,23,20,19],[18,6,10,2,14,22,15,19,23],[14,2,18,22,23,15,10,6,19],[10,6,2,22,14,23,15,18,17],[14,22,23,15,10,18,6,2,17],[22,6,2,14,15,10,18,23,17],[6,14,2,22,23,15,10,18,19],[22,18,6,2,14,23,15,10,19],[10,22,6,18,14,23,15,2,17],[22,10,6,2,14,23,15,18,19],[14,18,10,2,22,23,15,6,19],[10,22,6,2,14,15,18,19,23],[2,14,18,22,23,15,10,6,17],[14,10,22,23,15,6,2,18,20,19],[18,2,14,6,10,22,15,19,3,23],[6,18,2,10,22,14,23,15,19],[22,18,10,6,14,15,2,23,20,19],[22,14,23,15,6,18,10,2,20,19],[14,22,15,18,2,10,6,23,20,19],[14,10,6,2,22,23,15,18,17],[14,2,6,18,22,15,10,19,3,23],[10,2,6,22,18,14,15,23,19],[14,2,10,18,22,23,15,6,17],[22,6,2,14,15,10,18,19,23],[14,22,15,18,6,10,2,23,19],[6,22,2,14,15,18,10,19,23],[10,18,22,6,2,14,15,23,19],[2,6,10,18,14,22,15,19,3,23],[18,2,14,6,10,22,23,15,19],[22,18,2,10,6,14,23,15,19],[2,18,10,14,6,22,23,15,19],[22,18,14,23,15,2,10,6,20,19],[18,2,22,14,15,6,10,23,20,19],[2,22,10,14,15,18,6,19,3,23],[6,14,10,22,15,18,2,23,19],[18,14,6,22,23,15,2,10,19],[14,6,18,22,15,2,10,19,3,23],[18,14,22,15,2,6,10,23,19],[2,14,22,23,15,6,18,10,20,19],[2,14,18,6,10,22,15,19,23],[10,6,22,18,2,14,23,15,20,19],[2,14,22,15,18,6,10,23,19],[6,22,14,23,15,2,10,18,19],[2,18,14,22,15,10,6,19,3,23],[6,14,18,10,2,22,15,23,19],[10,6,14,18,2,22,23,15,19],[18,6,10,22,14,15,2,19,3,23],[6,22,2,10,14,15,18,23,17],[2,18,10,6,22,14,23,15,20,19],[6,22,10,18,14,23,15,2,20,19],[22,2,18,14,15,10,6,19,23],[2,6,10,18,22,14,15,23,19],[18,22,14,23,15,10,2,6,20,19],[2,18,22,10,14,23,15,6,20,19],[22,6,2,14,23,15,18,10,20,19],[2,10,14,18,22,23,15,6,17],[18,22,6,10,2,14,15,23,20,19],[2,22,14,23,15,10,6,18,19],[22,6,18,10,14,23,15,2,20,19],[14,2,18,22,15,10,6,19,3,11,23],[2,22,18,14,23,15,10,6,20,19],[2,18,22,6,14,15,10,23,17],[2,14,6,22,15,10,18,23,19],[14,6,22,15,18,2,10,23,20,19],[10,2,14,6,22,23,15,18,19],[22,6,10,14,15,18,2,23,19],[6,10,18,22,2,14,23,15,19],[14,22,23,15,18,10,6,2,19],[2,14,6,22,23,15,10,18,19],[2,22,6,18,14,23,15,10,19],[18,14,2,10,22,23,15,6,17],[22,14,15,6,10,18,2,23,19],[2,10,18,6,14,22,15,23,19],[6,2,14,18,22,15,10,23,19],[14,10,6,22,15,18,2,23,20,19],[10,22,6,2,14,23,15,18,17],[14,2,18,6,22,15,10,23,17],[2,10,6,22,14,15,18,19,23],[22,6,18,14,23,15,10,2,20,19],[22,10,6,2,18,14,15,19,23],[10,6,22,14,15,2,18,23,19],[22,18,2,10,14,23,15,6,17],[18,14,2,10,22,15,6,23,20,19],[10,22,6,14,15,2,18,23,17],[14,22,23,15,10,18,6,2,19],[6,14,22,23,15,10,18,2,19],[10,2,18,14,22,15,6,19,23],[14,2,22,15,18,10,6,19,3,23],[14,6,10,22,15,2,18,19,3,11,23],[6,14,18,10,2,22,23,15,20,19],[22,2,6,10,18,14,23,15,19],[2,22,14,23,15,6,18,10,19],[18,10,2,14,22,23,15,6,20,19],[18,10,14,22,15,6,2,19,3,11,23],[10,6,14,22,23,15,18,2,19],[22,14,23,15,18,10,6,2,20,19],[14,10,2,6,18,22,23,15,17],[10,6,22,14,23,15,18,2,20,19],[10,2,22,6,18,14,15,19,23],[6,14,2,10,18,22,15,19,3,23],[2,14,10,22,15,18,6,19,3,23],[14,18,10,2,22,15,6,23,19],[22,6,10,18,14,23,15,2,17],[6,14,2,10,22,15,18,23,17],[2,18,22,6,10,14,15,23,17],[18,14,2,10,22,23,15,6,19],[10,14,6,18,22,15,2,19,3,11,23],[18,2,14,6,10,22,23,15,20,19],[22,14,23,15,2,18,6,10,19],[2,18,6,22,14,15,10,19,23],[14,10,18,6,2,22,23,15,20,19],[6,22,14,23,15,18,2,10,19],[2,18,22,10,6,14,15,19,3,23],[18,2,6,10,22,14,23,15,20,19],[14,2,18,22,15,6,10,23,20,19],[18,14,6,2,10,22,23,15,19],[6,14,2,10,18,22,15,19,3,23],[18,10,22,6,14,15,2,19,23],[10,14,18,22,23,15,2,6,17],[6,10,18,22,2,14,15,19,23],[6,18,14,22,23,15,10,2,20,19],[22,2,14,23,15,10,18,6,17],[2,6,10,22,14,23,15,18,19],[6,18,22,10,14,15,2,23,19],[2,18,22,14,23,15,10,6,20,19],[10,14,22,23,15,18,2,6,19],[22,10,18,2,14,15,6,19,23],[22,18,14,15,2,6,10,23,19],[10,14,6,18,22,15,2,23,20,19],[2,10,22,6,18,14,15,19,3,23],[2,14,22,15,6,18,10,23,19],[10,22,14,23,15,18,2,6,19],[18,2,10,14,22,15,6,19,3,11,23],[18,10,22,14,23,15,6,2,17],[2,10,18,14,6,22,15,19,23],[2,18,10,22,14,23,15,6,17],[14,10,18,6,22,15,2,23,19],[14,18,10,22,23,15,2,6,19],[18,6,14,22,15,2,10,19,3,11,23],[2,10,6,18,22,14,15,23,17],[14,18,10,22,15,6,2,23,20,19],[10,6,18,14,2,22,15,23,17],[22,10,18,14,15,2,6,23,17],[22,14,23,15,2,10,6,18,19],[10,2,6,18,22,14,23,15,20,19],[14,6,2,22,15,18,10,19,3,23],[2,6,18,10,22,14,15,19,23],[2,14,10,18,6,22,23,15,19],[10,22,2,18,6,14,15,23,19],[2,18,6,10,14,22,23,15,17],[22,6,18,14,23,15,2,10,20,19],[10,18,6,2,14,22,23,15,19],[2,10,22,14,15,18,6,23,19],[6,18,10,22,2,14,23,15,19],[10,18,22,6,14,23,15,2,20,19],[22,14,23,15,2,18,10,6,20,19],[18,22,14,15,2,6,10,19,3,11,23],[6,2,22,14,23,15,18,10,17],[14,2,10,18,22,15,6,19,23],[10,2,18,6,14,22,15,23,20,19],[22,10,6,18,2,14,15,23,20,19],[6,10,22,14,15,18,2,19,3,23],[6,2,18,10,14,22,23,15,19],[18,14,2,10,6,22,23,15,17],[6,14,18,10,22,15,2,19,23],[10,6,18,22,2,14,23,15,19],[6,10,22,18,2,14,23,15,19],[10,6,18,22,14,23,15,2,19],[14,18,2,10,6,22,23,15,17],[2,14,6,10,22,23,15,18,20,19],[10,22,14,15,2,18,6,23,17],[6,22,18,14,15,10,2,19,23],[6,22,18,2,14,15,10,23,20,19],[14,22,23,15,2,18,10,6,19],[22,18,6,10,2,14,23,15,19],[22,2,14,15,6,18,10,23,17],[22,14,23,15,10,2,18,6,20,19],[22,2,18,6,14,23,15,10,20,19],[2,14,18,6,22,15,10,23,19],[6,22,14,15,2,10,18,23,20,19],[14,2,10,18,6,22,15,19,3,23],[18,2,22,14,15,10,6,23,19],[14,22,15,2,10,6,18,19,23],[14,2,18,6,10,22,23,15,19],[22,18,14,15,2,6,10,19,3,11,23],[14,18,2,10,22,15,6,23,17],[2,10,6,14,18,22,15,23,19],[14,10,22,23,15,18,6,2,17],[18,14,6,22,15,2,10,23,19],[18,10,2,22,14,15,6,19,23],[10,2,6,14,22,23,15,18,19],[22,6,18,2,10,14,15,19,3,23],[10,18,14,6,22,15,2,19,23],[14,10,18,22,15,6,2,19,23],[14,2,10,22,15,18,6,23,17],[14,10,18,22,23,15,2,6,17],[18,14,2,10,22,23,15,6,17],[18,6,14,10,2,22,15,23,19],[22,6,18,2,14,23,15,10,19],[2,22,10,18,6,14,15,23,19],[22,18,10,6,2,14,15,19,3,11,23],[22,14,15,18,2,10,6,23,20,19],[2,14,10,22,23,15,6,18,17],[2,14,18,10,22,23,15,6,20,19],[18,14,10,22,23,15,2,6,19],[6,2,14,18,22,23,15,10,19],[2,10,6,14,22,15,18,19,23],[18,6,10,22,2,14,15,19,3,11,23],[2,18,22,10,14,23,15,6,19],[10,6,2,14,22,15,18,19,23],[10,6,22,2,14,15,18,23,19],[18,14,22,23,15,2,6,10,17],[6,2,18,14,10,22,15,23,19],[6,14,10,2,22,23,15,18,19],[6,10,18,2,14,22,23,15,19],[6,18,14,22,15,2,10,19,23],[6,2,10,14,22,23,15,18,20,19],[10,18,6,2,22,14,23,15,19],[18,14,10,22,15,2,6,23,19],[2,10,6,22,18,14,23,15,19],[18,14,22,23,15,2,6,10,20,19],[2,10,22,6,18,14,15,23,20,19],[2,10,6,18,22,14,23,15,20,19],[10,14,18,22,15,2,6,19,23],[2,14,22,23,15,6,18,10,19],[6,2,10,18,14,22,15,23,19],[2,14,10,18,6,22,23,15,19],[14,18,2,6,10,22,15,23,19],[2,10,22,18,6,14,23,15,19],[22,14,23,15,18,6,10,2,20,19],[2,6,18,22,14,15,10,19,23],[2,14,6,22,15,18,10,23,20,19],[10,14,22,15,6,18,2,23,17],[14,22,15,6,18,2,10,19,3,11,23],[2,22,10,18,6,14,15,23,19],[6,18,22,2,14,15,10,23,17],[2,6,18,22,14,15,10,19,3,11,23],[6,22,14,15,10,18,2,19,3,11,23],[2,6,18,14,10,22,15,23,20,19],[6,2,10,22,18,14,23,15,19],[6,2,22,10,18,14,23,15,19],[14,2,6,22,15,10,18,23,20,19],[14,2,10,6,22,23,15,18,19],[6,18,10,2,22,14,15,19,3,23],[18,2,10,22,14,15,6,19,23],[10,22,14,15,2,18,6,23,19],[10,2,22,6,14,15,18,19,23],[14,18,10,6,22,15,2,23,20,19],[10,18,2,6,14,22,15,19,3,11,23],[14,22,15,10,6,18,2,23,17],[14,18,22,15,6,10,2,19,23],[2,6,14,22,23,15,10,18,19],[6,14,18,22,23,15,10,2,17],[6,2,18,10,14,22,15,19,23],[14,6,2,18,10,22,15,19,23],[2,18,22,14,15,6,10,23,20,19],[18,2,10,6,14,22,15,23,20,19],[6,2,10,22,14,23,15,18,19],[18,10,14,22,23,15,2,6,17],[2,6,18,10,14,22,23,15,19],[2,6,22,18,14,23,15,10,19],[10,22,18,6,2,14,23,15,17],[2,18,14,10,6,22,15,23,20,19],[22,18,14,15,6,10,2,23,19],[6,14,10,18,22,15,2,19,23],[2,14,6,10,22,15,18,23,20,19],[2,6,14,10,22,23,15,18,19],[18,14,2,6,22,15,10,19,3,23],[14,2,6,22,23,15,10,18,19],[6,10,22,18,14,15,2,19,3,11,23],[6,18,14,10,2,22,23,15,17],[22,2,10,6,14,15,18,23,19],[2,22,14,23,15,18,10,6,20,19],[14,6,22,15,2,10,18,23,19],[22,18,14,15,2,10,6,23,19],[14,10,2,18,6,22,23,15,17],[6,2,14,18,22,15,10,19,3,23],[6,2,10,22,14,23,15,18,20,19],[22,10,2,14,23,15,18,6,20,19],[14,18,6,22,23,15,10,2,20,19],[22,2,6,14,15,10,18,23,19],[6,22,10,14,15,2,18,19,3,23],[10,14,18,6,22,15,2,19,3,23],[18,6,10,2,22,14,15,19,3,11,23],[22,18,6,10,2,14,23,15,20,19],[10,6,2,14,22,15,18,19,23],[18,10,6,22,14,23,15,2,19],[18,14,6,10,22,23,15,2,19],[18,14,2,6,10,22,23,15,20,19],[22,10,18,6,14,15,2,23,19],[2,22,10,18,14,15,6,23,19],[10,18,6,14,22,23,15,2,17],[2,22,10,14,23,15,18,6,20,19],[14,22,23,15,10,2,6,18,19],[18,2,14,6,10,22,15,23,19],[6,18,10,22,14,15,2,19,3,23],[18,14,2,10,22,23,15,6,19],[2,14,6,18,10,22,15,23,19],[6,14,10,18,2,22,15,19,3,23],[2,14,6,18,22,15,10,19,23],[14,18,22,23,15,6,2,10,19],[22,10,18,6,14,15,2,19,23],[2,10,18,22,6,14,15,19,23],[14,2,22,15,18,6,10,23,19],[22,6,2,18,14,23,15,10,19],[2,18,14,10,22,15,6,23,19],[6,22,10,14,23,15,2,18,20,19],[2,6,10,14,18,22,15,23,20,19],[14,22,15,2,10,18,6,19,3,11,23],[14,2,10,18,22,15,6,19,23],[14,6,10,2,22,23,15,18,19],[2,6,18,22,14,15,10,23,19],[22,14,15,2,6,10,18,19,3,23],[22,10,18,6,2,14,15,19,23],[10,18,2,14,22,15,6,19,3,23],[10,2,18,14,6,22,15,19,23],[22,14,23,15,18,10,2,6,19],[6,22,10,14,15,2,18,23,19],[10,22,6,2,18,14,23,15,17],[6,18,10,22,2,14,15,19,23],[10,2,18,22,6,14,15,23,17],[18,6,14,22,23,15,10,2,19],[2,18,22,10,14,23,15,6,19],[22,2,6,14,15,10,18,23,20,19],[14,10,2,6,18,22,23,15,19],[10,6,18,14,22,15,2,23,20,19],[2,10,18,6,14,22,23,15,19],[6,22,18,14,23,15,2,10,19],[18,10,6,14,22,15,2,19,23],[2,14,6,10,18,22,23,15,17],[14,2,18,10,22,15,6,19,3,11,23],[14,22,23,15,18,6,10,2,17],[18,6,14,10,2,22,23,15,19],[14,22,15,6,18,2,10,23,20,19],[22,14,15,10,2,6,18,19,3,11,23],[6,2,18,22,14,15,10,23,17],[2,22,18,6,14,15,10,23,20,19],[22,2,10,6,14,23,15,18,19],[18,2,10,6,14,22,15,23,19],[10,18,14,6,22,23,15,2,19],[18,10,2,6,22,14,15,23,19],[10,2,22,6,14,15,18,23,19],[10,6,2,14,22,23,15,18,19],[18,6,10,14,2,22,23,15,17],[14,18,22,23,15,6,10,2,17],[6,14,2,18,10,22,23,15,19],[10,18,22,14,15,2,6,23,17],[10,18,22,2,14,15,6,19,23],[14,18,6,2,22,15,10,23,17],[2,18,10,14,6,22,15,23,20,19],[18,2,6,10,14,22,15,19,3,11,23],[18,22,10,2,6,14,23,15,19],[14,10,22,23,15,18,6,2,19],[6,14,18,22,15,10,2,19,3,11,23],[2,22,14,15,18,6,10,23,20,19],[10,2,18,6,14,22,23,15,19],[6,10,14,22,15,2,18,23,17],[14,22,15,6,18,10,2,19,3,23],[18,2,10,22,14,15,6,19,3,11,23],[6,10,22,14,15,18,2,19,3,23],[22,6,2,14,23,15,10,18,20,19],[6,2,14,10,18,22,23,15,17],[18,2,6,10,22,14,23,15,19],[2,18,14,6,22,15,10,19,23],[6,14,18,22,23,15,2,10,19],[14,6,18,2,10,22,15,19,3,11,23],[2,18,10,6,14,22,15,19,3,23],[2,18,14,22,23,15,6,10,20,19],[2,22,10,14,15,6,18,19,23],[6,22,18,10,2,14,23,15,17],[22,2,6,10,14,23,15,18,19],[2,22,10,6,14,23,15,18,17],[18,14,10,2,22,23,15,6,20,19],[22,10,2,6,14,15,18,19,23],[2,14,22,15,6,10,18,23,20,19],[6,14,18,22,15,2,10,23,20,19],[18,14,2,22,23,15,6,10,19],[6,10,14,22,15,18,2,23,19],[10,18,14,22,23,15,2,6,19],[6,10,14,2,18,22,15,23,19],[10,22,6,18,2,14,23,15,19],[2,10,18,6,14,22,23,15,19],[14,2,18,10,22,23,15,6,20,19],[18,22,6,10,14,23,15,2,17],[2,14,22,23,15,18,6,10,17],[2,22,14,23,15,10,18,6,20,19],[2,22,14,15,18,10,6,23,19],[6,10,2,14,18,22,15,23,19],[6,10,2,18,14,22,23,15,19],[22,14,23,15,10,2,18,6,20,19],[6,22,14,15,2,10,18,19,23],[2,22,14,15,6,10,18,23,19],[10,2,18,14,6,22,23,15,20,19],[14,22,23,15,10,2,18,6,19],[2,14,6,10,18,22,15,23,19],[6,10,2,18,14,22,23,15,19],[2,10,14,18,6,22,15,23,19],[14,10,2,22,23,15,6,18,17],[18,22,10,2,6,14,15,23,20,19],[14,10,6,22,15,2,18,23,20,19],[2,14,6,22,15,10,18,23,19],[18,2,10,22,14,15,6,19,23],[6,22,10,18,14,15,2,23,19],[22,2,14,15,18,10,6,19,3,11,23],[10,18,22,2,6,14,23,15,20,19],[10,2,22,6,18,14,15,19,3,23],[22,2,18,6,14,23,15,10,17],[18,10,14,22,15,2,6,23,20,19],[22,2,14,23,15,6,10,18,20,19],[14,18,10,22,23,15,6,2,17],[14,18,6,2,22,15,10,19,23],[6,18,22,2,14,23,15,10,20,19],[18,2,6,22,14,15,10,19,23],[6,18,10,2,22,14,15,19,3,11,23],[6,14,22,15,2,18,10,23,19],[18,10,14,2,6,22,23,15,19],[18,2,14,10,6,22,15,23,17],[22,18,2,6,14,15,10,23,19],[10,6,22,2,14,23,15,18,20,19],[18,6,14,2,10,22,23,15,19],[10,2,22,6,14,23,15,18,17],[10,14,18,6,22,23,15,2,17],[22,2,6,10,18,14,15,23,19],[10,14,18,22,23,15,2,6,19],[6,18,2,10,14,22,15,19,23],[6,14,10,22,23,15,2,18,19],[18,10,14,6,2,22,23,15,20,19],[22,14,15,18,6,10,2,19,3,23],[6,10,14,22,23,15,2,18,20,19],[6,22,18,10,2,14,23,15,19],[14,6,10,22,23,15,18,2,20,19],[14,22,15,18,2,10,6,19,23],[14,10,6,22,15,18,2,19,3,11,23],[22,14,23,15,6,10,18,2,19],[22,18,6,2,14,23,15,10,20,19],[6,14,10,2,18,22,15,23,19],[14,18,22,23,15,6,10,2,19],[2,18,22,10,14,15,6,23,20,19],[14,2,18,22,23,15,6,10,20,19],[2,22,14,23,15,18,10,6,19],[10,2,18,6,22,14,15,23,19],[18,14,2,10,22,23,15,6,17],[14,10,18,2,22,15,6,23,20,19],[2,14,18,22,23,15,10,6,20,19],[2,10,18,22,14,23,15,6,20,19],[10,2,6,22,14,15,18,19,3,11,23],[14,22,15,2,6,10,18,23,17],[2,6,18,14,10,22,23,15,20,19],[18,2,6,10,14,22,15,23,19],[2,10,22,6,18,14,15,19,3,23],[2,10,18,6,22,14,23,15,17],[22,6,18,10,2,14,23,15,19],[6,22,14,15,2,10,18,23,20,19],[6,10,22,14,23,15,18,2,19],[6,14,22,15,10,2,18,23,20,19],[22,10,6,18,2,14,15,23,19],[10,14,2,6,22,23,15,18,19],[14,2,18,22,23,15,10,6,19],[18,10,14,6,2,22,15,19,23],[10,18,14,22,23,15,6,2,19],[2,14,18,6,10,22,15,23,20,19],[18,6,10,2,14,22,23,15,19],[14,22,15,10,18,2,6,19,3,11,23],[14,10,18,22,23,15,6,2,19],[10,18,22,2,6,14,23,15,19],[22,10,14,15,2,18,6,23,19],[10,14,6,2,18,22,23,15,19],[14,10,6,18,2,22,23,15,19],[6,14,18,22,15,10,2,23,20,19],[2,18,6,10,14,22,23,15,19],[2,6,22,10,18,14,15,23,20,19],[18,6,2,14,10,22,15,23,19],[6,18,10,14,2,22,15,23,19],[22,10,6,14,15,18,2,23,19],[6,2,14,18,22,23,15,10,19],[18,22,2,6,10,14,23,15,20,19],[14,22,15,2,18,6,10,23,19],[2,22,6,18,10,14,23,15,17],[10,2,18,6,14,22,15,23,19],[22,14,15,2,6,18,10,19,3,23],[14,22,23,15,6,18,2,10,19],[14,18,2,10,22,23,15,6,17],[22,10,2,6,18,14,15,19,3,11,23],[18,10,22,6,14,15,2,19,3,11,23],[18,10,6,2,22,14,23,15,19],[22,14,23,15,2,18,10,6,17],[10,2,22,6,18,14,15,19,3,11,23],[6,22,10,14,15,2,18,23,19],[10,22,14,23,15,18,6,2,20,19],[14,10,2,18,22,23,15,6,17],[22,6,18,10,14,15,2,19,3,23],[18,10,6,2,22,14,23,15,17],[14,6,10,18,22,15,2,23,19],[22,18,2,14,15,10,6,19,3,11,23],[18,14,6,10,2,22,15,19,3,23],[6,22,18,10,2,14,23,15,19],[18,6,2,14,10,22,23,15,17],[10,6,2,22,14,15,18,19,23],[22,18,6,2,10,14,15,19,3,11,23],[18,10,2,14,6,22,15,19,23],[2,6,14,18,22,23,15,10,17],[22,14,23,15,6,10,18,2,20,19],[22,18,6,14,23,15,10,2,19],[22,6,10,18,14,15,2,19,3,23],[18,14,10,6,2,22,23,15,20,19],[10,22,6,2,14,15,18,23,19],[14,22,23,15,18,6,10,2,20,19],[14,10,6,2,22,23,15,18,19],[14,18,10,22,15,2,6,23,19],[22,2,18,14,23,15,10,6,20,19],[6,2,22,14,23,15,18,10,19],[22,2,18,6,10,14,23,15,19],[22,18,2,14,15,6,10,19,23],[6,14,18,2,22,23,15,10,20,19],[18,6,2,14,22,15,10,19,3,23],[18,2,6,22,10,14,23,15,20,19],[6,18,2,10,22,14,23,15,19],[14,18,22,23,15,10,2,6,19],[6,18,22,2,14,15,10,23,19],[10,18,2,22,6,14,15,23,17],[10,6,18,22,2,14,23,15,19],[18,14,22,15,10,2,6,23,20,19],[14,10,18,6,22,15,2,19,23],[22,10,18,6,2,14,15,23,20,19],[2,14,18,6,22,23,15,10,19],[2,10,18,14,22,23,15,6,19],[14,6,18,22,23,15,2,10,19],[18,22,14,15,10,6,2,19,3,11,23],[22,6,10,14,15,18,2,19,3,23],[22,18,6,14,15,10,2,19,3,11,23],[22,14,15,2,18,6,10,23,20,19],[2,18,14,22,15,10,6,23,17],[10,14,18,22,23,15,2,6,17],[22,10,2,14,15,6,18,23,20,19],[10,6,18,2,14,22,23,15,19],[6,18,22,10,14,23,15,2,19],[2,6,10,14,18,22,23,15,17],[18,14,6,22,15,2,10,23,17],[22,10,14,15,18,6,2,19,23],[10,6,22,2,18,14,15,23,19],[10,6,18,14,2,22,15,19,23],[2,18,10,6,22,14,15,19,23],[10,2,22,14,23,15,18,6,17],[18,6,14,10,2,22,23,15,19],[18,22,6,2,14,23,15,10,20,19],[18,10,6,2,22,14,15,19,3,23],[6,18,10,14,22,15,2,19,3,23],[6,22,14,15,2,10,18,23,19],[6,18,22,14,15,2,10,19,3,11,23],[10,2,18,14,22,23,15,6,19],[18,2,22,10,14,23,15,6,20,19],[10,14,22,23,15,18,6,2,19],[18,2,14,22,23,15,6,10,20,19],[10,6,18,2,22,14,23,15,20,19],[22,2,18,10,6,14,23,15,20,19],[14,2,22,15,10,6,18,23,17],[18,22,6,2,10,14,23,15,19],[18,2,10,14,6,22,23,15,20,19],[14,10,18,6,2,22,23,15,19],[6,18,10,2,22,14,15,23,19],[10,2,6,22,14,15,18,23,20,19],[6,14,2,10,22,23,15,18,17],[22,18,10,2,6,14,23,15,20,19],[14,6,22,15,10,18,2,23,17],[14,6,2,22,15,10,18,19,3,11,23],[22,2,6,14,23,15,10,18,20,19],[6,22,14,15,18,2,10,19,23],[14,18,2,6,22,15,10,23,19],[6,10,22,18,2,14,15,23,20,19],[22,6,10,18,14,23,15,2,19],[10,22,2,18,6,14,23,15,20,19],[14,6,22,15,2,18,10,19,23],[14,18,2,6,22,15,10,23,17],[22,14,23,15,18,6,2,10,20,19],[6,14,22,23,15,2,18,10,19],[22,6,18,2,10,14,15,23,17],[22,10,18,14,23,15,2,6,20,19],[14,6,10,22,15,18,2,23,17],[22,2,6,14,23,15,18,10,17],[2,22,14,15,18,6,10,23,19],[6,18,10,14,2,22,15,23,19],[22,10,18,14,23,15,2,6,20,19],[18,22,10,6,2,14,23,15,19],[10,2,6,18,22,14,15,19,3,11,23],[18,2,14,6,22,23,15,10,20,19],[10,2,14,6,18,22,15,23,20,19],[2,18,14,6,22,15,10,19,23],[14,22,15,18,2,10,6,23,20,19],[14,6,2,22,15,18,10,19,3,23],[22,18,14,15,10,2,6,19,23],[2,10,6,14,22,23,15,18,19],[14,6,22,23,15,2,10,18,19],[18,10,14,22,23,15,2,6,20,19],[10,22,6,14,23,15,2,18,19],[10,2,22,6,14,23,15,18,20,19],[10,22,14,15,18,2,6,19,3,23],[18,14,2,6,10,22,23,15,19],[14,18,22,15,6,10,2,23,19],[2,6,14,22,15,18,10,23,20,19],[6,14,18,10,22,23,15,2,17],[18,14,2,10,6,22,23,15,19],[10,2,6,22,14,15,18,19,23],[2,22,14,15,6,18,10,19,23],[10,2,18,14,22,23,15,6,19],[10,2,14,22,15,18,6,19,23],[22,10,14,23,15,2,6,18,17],[10,14,6,18,2,22,15,19,23],[10,14,6,18,2,22,23,15,19],[22,2,6,10,14,23,15,18,17],[6,10,2,22,18,14,15,23,20,19],[2,22,6,10,18,14,23,15,17],[6,10,14,22,23,15,2,18,20,19],[10,6,14,2,18,22,23,15,20,19],[22,10,2,18,14,23,15,6,19],[14,6,2,10,22,15,18,23,20,19],[22,2,6,10,18,14,15,23,20,19],[18,2,14,22,23,15,10,6,19],[2,10,18,14,6,22,15,23,19],[18,6,14,2,10,22,15,23,20,19],[18,2,22,10,14,23,15,6,19],[18,10,2,14,22,15,6,19,23],[22,6,18,2,10,14,23,15,20,19],[18,6,2,22,10,14,15,23,19],[14,18,10,22,15,6,2,19,23],[14,10,22,15,2,18,6,23,20,19],[18,2,14,10,22,15,6,23,17],[22,2,6,14,23,15,10,18,19],[14,18,6,10,22,15,2,19,3,23],[18,22,2,6,10,14,23,15,19],[6,10,22,18,2,14,15,19,3,11,23],[6,2,10,18,22,14,15,23,19],[18,10,22,14,23,15,2,6,17],[14,22,23,15,6,18,2,10,19],[22,18,14,15,2,6,10,23,17],[6,10,14,22,23,15,2,18,19],[18,22,14,15,2,6,10,23,19],[14,22,23,15,18,2,10,6,20,19],[14,6,22,15,2,18,10,19,3,23],[18,10,2,22,14,15,6,23,17],[10,6,14,18,22,23,15,2,19],[10,14,2,18,6,22,15,23,20,19],[14,22,15,10,18,6,2,23,19],[10,6,22,18,2,14,15,19,23],[18,22,14,15,2,6,10,23,17],[2,22,14,15,10,6,18,23,19],[2,6,14,18,22,15,10,23,19],[10,2,18,22,6,14,23,15,20,19],[14,22,23,15,18,6,10,2,19],[14,22,23,15,10,2,6,18,20,19],[14,18,6,22,23,15,10,2,19],[14,6,2,10,22,23,15,18,19],[22,6,14,15,10,18,2,23,19],[10,14,22,23,15,2,18,6,20,19],[18,6,14,2,10,22,15,19,23],[14,10,2,22,15,6,18,19,23],[10,18,22,2,14,15,6,23,20,19],[14,10,22,15,2,18,6,23,19],[18,6,22,14,15,2,10,19,23],[2,6,18,22,10,14,23,15,19],[2,14,18,6,10,22,15,19,3,11,23],[18,6,22,10,2,14,23,15,20,19],[10,14,18,22,15,2,6,19,23],[18,14,22,23,15,6,2,10,19],[22,10,14,15,6,2,18,19,3,11,23],[14,18,2,22,15,6,10,23,19],[2,22,6,10,18,14,15,19,23],[14,6,2,18,22,23,15,10,17],[10,6,2,18,14,22,15,23,20,19],[10,2,6,22,14,15,18,23,19],[18,10,2,6,22,14,15,19,3,11,23],[10,6,14,2,18,22,15,19,23],[14,22,15,2,10,6,18,19,3,23],[10,14,22,15,6,18,2,23,19],[14,2,10,22,15,6,18,19,23],[18,2,14,10,6,22,15,19,23],[14,10,6,18,22,23,15,2,19],[18,2,6,22,14,15,10,19,3,23],[10,2,14,18,6,22,23,15,19],[2,10,18,22,6,14,15,23,20,19],[6,18,22,2,10,14,15,23,20,19],[2,18,6,22,10,14,23,15,20,19],[2,10,14,6,18,22,23,15,19],[2,10,14,22,23,15,18,6,19],[18,22,10,14,23,15,2,6,19],[10,2,18,14,22,15,6,23,17],[22,14,15,2,6,10,18,23,20,19],[22,18,10,2,14,15,6,23,17],[2,6,10,22,18,14,23,15,19],[18,10,6,2,22,14,23,15,19],[22,6,18,2,10,14,23,15,19],[6,22,10,18,2,14,23,15,17],[10,6,2,14,18,22,15,23,19],[14,2,18,6,10,22,15,19,23],[14,22,15,18,6,10,2,19,23],[14,18,2,10,6,22,15,19,3,11,23],[2,18,6,10,22,14,23,15,19],[6,10,22,2,18,14,23,15,19],[14,22,15,2,6,18,10,19,3,23],[2,14,22,15,10,6,18,19,3,11,23],[10,6,14,22,15,2,18,23,17],[22,6,18,10,14,15,2,19,23],[2,22,6,18,14,23,15,10,19],[14,6,10,18,22,15,2,19,3,23],[22,18,2,14,15,6,10,19,23],[14,6,2,18,10,22,15,19,23],[14,10,22,23,15,6,18,2,19],[18,22,14,23,15,6,10,2,20,19],[10,2,18,6,22,14,23,15,17],[10,2,14,18,6,22,15,23,19],[10,6,18,14,22,23,15,2,19],[22,18,10,14,15,2,6,23,19],[18,22,10,6,14,23,15,2,20,19],[22,18,10,14,23,15,2,6,19],[14,6,18,22,15,2,10,23,19],[10,22,6,14,15,18,2,19,3,23],[22,6,10,14,23,15,18,2,19],[10,14,18,22,23,15,2,6,19],[6,10,18,22,2,14,15,19,3,23],[18,2,14,6,22,15,10,19,23],[14,2,18,10,22,23,15,6,19],[18,6,14,22,15,2,10,19,23],[2,18,14,6,10,22,23,15,17],[10,18,14,6,22,15,2,19,23],[22,18,10,6,2,14,15,19,3,11,23],[18,6,14,2,10,22,15,19,23],[2,18,22,6,10,14,23,15,19],[6,22,10,18,2,14,23,15,19],[10,22,14,23,15,6,18,2,19],[14,6,22,23,15,2,18,10,19],[18,22,6,14,23,15,2,10,19],[22,10,14,23,15,2,6,18,19],[18,10,14,2,6,22,23,15,19],[10,14,6,22,15,18,2,23,19],[6,14,10,22,15,18,2,23,17],[18,22,10,2,6,14,23,15,20,19],[14,6,2,18,22,15,10,23,20,19],[22,18,10,2,14,23,15,6,20,19],[22,2,14,23,15,6,10,18,20,19],[18,14,10,2,22,15,6,19,3,11,23],[10,18,2,6,22,14,23,15,20,19],[22,10,18,14,23,15,6,2,20,19],[18,6,10,2,14,22,15,19,3,11,23],[18,6,22,14,15,10,2,19,3,11,23],[22,18,10,6,14,23,15,2,19],[22,14,23,15,18,2,6,10,20,19],[10,2,22,18,6,14,15,19,23],[6,10,22,14,15,18,2,19,23],[6,18,22,2,10,14,15,23,19],[2,18,14,10,6,22,15,19,23],[10,2,6,18,14,22,15,19,23],[10,18,2,22,6,14,15,23,19],[18,6,10,2,14,22,23,15,19],[6,22,10,18,14,23,15,2,19],[2,10,6,18,22,14,15,19,3,11,23],[2,14,6,22,15,18,10,19,23],[18,22,14,15,6,10,2,19,23],[6,22,2,10,14,15,18,19,3,11,23],[2,6,22,10,18,14,15,19,3,11,23],[18,2,22,10,6,14,23,15,17],[2,10,22,18,6,14,23,15,19],[6,2,14,10,18,22,15,19,3,11,23],[6,22,2,10,14,15,18,23,19],[6,14,18,2,10,22,23,15,19],[14,2,22,15,18,10,6,19,3,23],[22,2,10,14,23,15,18,6,17],[18,10,22,6,2,14,15,23,20,19],[22,18,14,15,2,6,10,19,23],[2,10,6,22,14,23,15,18,19],[2,22,14,15,6,18,10,23,20,19],[2,14,22,15,10,18,6,19,3,11,23],[2,22,18,6,14,15,10,23,19],[6,14,18,10,2,22,23,15,19],[18,22,2,6,10,14,23,15,20,19],[14,2,22,15,18,6,10,23,19],[18,6,2,10,14,22,15,19,3,11,23],[22,6,10,18,14,23,15,2,20,19],[18,14,2,22,15,6,10,19,23],[18,2,14,10,6,22,15,19,3,11,23],[6,2,22,10,18,14,23,15,19],[2,14,10,6,22,15,18,19,23],[22,18,2,6,10,14,15,23,17],[6,22,10,14,15,2,18,19,3,11,23],[10,14,2,6,18,22,15,19,3,23],[22,18,2,14,23,15,10,6,17],[6,2,22,14,23,15,10,18,17],[10,14,2,18,6,22,15,23,17],[22,18,14,23,15,6,2,10,17],[22,10,2,14,23,15,18,6,20,19],[18,2,10,6,22,14,23,15,19],[10,6,18,22,2,14,15,19,23],[6,22,14,23,15,2,18,10,17],[14,2,10,22,15,18,6,19,3,11,23],[22,18,6,14,15,10,2,19,23],[22,6,14,23,15,10,18,2,20,19],[14,22,23,15,10,6,2,18,19],[6,2,14,22,23,15,18,10,20,19],[2,6,14,22,23,15,10,18,19],[14,10,6,22,15,18,2,19,23],[14,18,2,6,22,23,15,10,20,19],[2,18,14,6,22,23,15,10,20,19],[6,18,10,22,2,14,23,15,19],[14,18,22,23,15,2,10,6,17],[22,2,10,6,18,14,15,19,3,23],[2,18,6,14,10,22,15,23,20,19],[10,14,18,22,15,2,6,23,17],[2,14,6,18,22,15,10,19,23],[10,6,18,22,14,23,15,2,19],[2,18,6,14,22,23,15,10,19],[14,10,22,15,18,2,6,19,23],[2,14,22,15,18,6,10,19,3,11,23],[10,14,22,15,18,2,6,19,3,11,23],[2,10,6,14,22,23,15,18,17],[22,10,2,18,14,23,15,6,19],[6,2,18,14,22,23,15,10,19],[6,14,10,18,2,22,23,15,19],[10,14,22,15,2,6,18,19,23],[2,22,14,23,15,6,10,18,19],[6,18,22,2,10,14,15,23,17],[6,18,22,2,10,14,15,23,19],[22,2,6,14,15,10,18,23,19],[14,2,22,15,10,6,18,19,23],[14,22,23,15,10,18,6,2,19],[10,14,18,2,6,22,15,19,23],[18,2,10,14,22,15,6,19,3,23],[22,2,10,6,18,14,15,23,20,19],[14,18,2,10,6,22,15,19,23],[6,2,10,18,22,14,23,15,17],[22,6,2,14,23,15,18,10,20,19],[6,2,18,10,14,22,23,15,20,19],[6,14,18,10,22,23,15,2,20,19],[10,2,18,22,6,14,23,15,17],[10,2,18,6,22,14,15,23,19],[2,22,18,14,15,10,6,23,19],[22,18,14,23,15,6,2,10,19],[22,18,2,14,15,10,6,23,20,19],[14,10,2,22,23,15,6,18,20,19],[22,10,2,18,14,15,6,19,3,11,23],[2,18,6,22,10,14,15,19,3,11,23],[22,14,15,18,6,2,10,19,3,11,23],[18,14,22,15,10,2,6,23,20,19],[14,18,6,2,22,15,10,19,3,11,23],[2,6,22,14,15,10,18,19,23],[22,6,18,10,14,15,2,19,3,11,23],[14,18,2,22,23,15,6,10,20,19],[10,18,22,14,15,6,2,19,23],[6,14,22,15,2,10,18,23,20,19],[6,14,2,10,22,23,15,18,20,19],[14,10,22,15,6,2,18,23,17],[2,14,6,18,10,22,15,23,19],[14,10,2,6,18,22,23,15,17],[18,14,2,10,22,15,6,19,23],[18,22,14,15,10,2,6,23,19],[10,6,2,22,14,23,15,18,17],[14,10,2,18,22,15,6,23,17],[22,2,10,18,14,15,6,19,3,11,23],[18,22,2,10,6,14,23,15,19],[18,6,14,10,22,23,15,2,20,19],[14,18,2,22,15,10,6,19,23],[18,10,14,6,2,22,15,19,23],[14,6,18,2,10,22,15,23,20,19]]}