{"problem_id":"CMGjVRi1gG4Q0Fu","sigma":150,"alpha":10.000,"cost":0,"probabilities":"[0.26, 0.22, 0.28, 0.24]","payoff_matrix":"[[-2, -215, -133, 38, -52, 117], [47, 140, 36, 350, -167, 68], [177, -53, 116, 163, 216, 57], [32, 88, 148, 55, -9, -41]]","uncovered":[[23,3,1,21,4,24,2,11,9,15,13,16,14,18,6,7,19,20,8,5,12,17,10,22],[19,3,1,17,20,4,18,11,9,23,21,24,2,15,13,16,14,7,6,8,12,5,10],[15,11,13,9,23,21,16,24,3,1,4,14,5,20,19,17,2,7,12,22],[19,7,11,17,9,23,21,24,20,22,18,15,13,16,14,4,3,1,8,5,6,12,2,10],[15,3,13,1,4,16,14,21,24,11,9,8,7,19,17,20,12,23,5,2],[7,11,23,9,15,21,13,24,16,3,1,4,2,14,18,8,19,17,5,20,6,22,12],[3,19,1,17,4,20,2,18,15,13,16,14,24,7,10,9,22,21,6,23,5,12,8],[3,23,1,21,4,24,22,2,7,11,9,15,13,16,14,20,17,8,18,5,10],[19,3,1,17,20,4,2,18,7,15,13,16,14,22,11,9,23,21,24,10,6,5,8],[3,11,1,9,15,13,4,16,14,7,21,23,18,24,6,2,8,5,17,22,19,20,12],[19,7,11,9,15,13,17,20,16,18,23,21,24,3,1,4,14,2,5,12,22,6],[23,11,9,3,21,1,4,24,22,2,7,19,17,20,18,15,13,16,14,6,12,5,10],[3,7,15,1,13,16,4,14,11,9,24,19,17,20,23,6,5,18,2,10,22],[19,15,17,13,16,20,18,3,1,4,14,22,11,10,24,5,12,9,23,2,8],[3,19,1,17,4,20,18,11,9,15,13,16,2,14,22,6,7,23,21,24,8,5,12,10],[7,23,19,17,21,24,20,18,11,9,3,1,4,2,15,13,16,14,8,5,22,12,10,6],[15,19,13,17,20,16,14,12,10,11,9,24,5,3,2,1,4,21,23,6,18,22,8,7],[19,3,17,1,4,20,18,15,13,16,14,12,11,9,23,5,22,24,6,7,2,10,8,21],[15,19,13,17,20,16,18,3,1,4,2,14,11,12,9,22,24,7,5,23,6],[23,7,3,21,1,4,24,2,11,9,15,13,16,14,18,6,5,20,22,10,8,19,17,12],[15,3,13,1,4,16,14,21,23,12,11,9,8,7,18,22,24,6,5,20,2,19,17,10],[23,11,21,9,7,15,13,24,16,3,1,4,2,14,18,6,5,19,20,10,17,22,12,8],[11,15,9,23,21,13,16,24,3,1,4,2,14,8,5,20,18,17,22,10,12,6],[7,3,23,21,1,24,4,2,11,9,15,13,16,14,18,5,17,10],[7,19,15,13,17,16,20,14,23,12,9,3,1,2,21,24,4,10,6,5,8,18,22,11],[19,3,1,17,4,20,2,18,23,21,24,7,11,9,15,13,16,14,6,5,10,12,8,22],[15,23,13,21,24,16,11,9,7,19,17,20,14,2,3,1,4,8,6,18,5,10],[19,15,13,17,16,20,18,7,3,1,4,14,22,23,12,9,21,24,2,5,11,6,10],[11,7,19,9,23,21,17,24,20,22,18,3,1,4,2,15,13,16,14,6,8,10,5],[23,7,19,17,21,24,20,18,3,1,4,2,11,9,15,13,16,14,6,5,8],[7,3,23,1,21,24,4,2,11,9,19,17,20,18,15,13,16,14,8,10,5,6,22],[3,23,1,21,24,4,22,2,7,19,17,20,18,11,9,15,13,16,14,6,8,5,10],[3,15,1,13,4,16,14,23,7,19,17,12,11,9,21,20,24,6,2,8,18,5,10],[3,19,17,1,20,4,2,18,23,21,24,7,11,9,15,13,16,14,5,12,22],[7,23,11,21,9,19,17,24,20,22,18,3,1,4,2,15,13,16,14,8,5,12],[11,19,17,9,23,21,24,20,18,7,3,1,4,22,2,15,13,16,14,5,10],[15,19,13,17,20,16,14,12,9,23,1,7,24,3,4,21,5,2,10,18,8,6],[3,23,21,1,4,24,2,19,17,20,18,11,9,15,13,16,14,6,7,8,5,10,22],[19,3,17,1,4,20,18,7,23,21,24,2,15,13,16,14,11,12,9,5,22,6],[3,19,17,1,20,4,18,11,9,15,13,16,14,8,23,7,22,24,2,5,12],[11,7,19,17,9,23,21,20,24,18,15,13,16,3,1,4,14,2,6,5,12,10],[3,7,19,1,17,4,20,2,18,15,13,16,14,10,22,23,11,9,21,24,6,8,5,12],[11,23,21,9,15,13,24,16,7,3,1,4,2,14,17,6,18,5,19,8,22],[19,23,21,17,20,24,22,18,15,13,16,14,2,12,9,7,1,6,8,10,5,11,3,4],[7,11,3,1,9,19,17,4,20,2,18,23,21,24,15,13,16,14,8,5,22,10],[11,7,15,13,9,19,17,20,16,14,21,23,2,4,22,24,3,1,18,5,12,6,10,8],[23,19,21,17,20,24,22,18,7,15,13,16,14,9,1,3,4,8,6,2,5,11,12,10],[3,23,21,1,4,24,2,7,11,9,19,17,20,18,15,13,16,14,6,5,10,8,22,12],[11,19,17,9,15,13,20,16,14,8,2,5,24,4,1,23,3,22,18,7,6,10,12,21],[3,15,13,1,4,16,2,14,18,11,9,24,5,22,21,23,19,20,10,12,6,7,17,8],[19,7,3,17,1,4,20,18,15,13,16,2,14,23,9,24,8,12,21,6,5,10,22,11],[19,3,17,1,4,20,18,11,9,7,15,13,16,14,23,24,10,5,22,21,12,2,8],[15,7,11,13,9,23,21,24,16,19,17,20,14,2,3,1,4,22,12,8,5,18,10,6],[7,23,11,21,9,3,1,4,24,22,2,19,17,20,18,15,13,16,14,5,6],[15,11,13,9,7,23,21,24,16,3,1,4,2,14,20,18,6,5],[11,19,17,9,7,23,21,24,20,22,18,15,13,16,14,3,2,1,4,5,10,6],[15,19,17,13,16,20,14,12,11,9,1,7,22,23,21,24,4,3,6,5,2,10],[3,19,1,17,4,20,18,23,21,24,22,2,7,15,13,16,14,12,11,9,6,5,8,10],[23,7,3,21,1,24,4,22,2,19,17,20,18,15,13,16,14,12,11,9,5,10],[7,11,23,9,19,21,17,20,24,18,15,13,16,3,1,4,2,14,6,5],[7,15,23,13,21,24,16,11,9,3,1,4,14,19,17,20,8,2,22,6,5,18,12],[15,3,13,1,4,16,14,23,12,9,19,17,5,24,20,2,18,21,22,7,11,6],[7,3,11,9,15,1,13,4,16,2,14,24,17,20,21,22,8,23,12,10,5,19,18,6],[15,11,9,19,17,13,16,20,14,22,5,1,21,23,24,3,4,10,2,6,8,12],[3,11,1,9,23,21,24,4,22,2,19,17,20,18,15,13,16,14,7,5,12,10],[11,19,9,23,17,21,20,24,22,18,15,13,16,14,8,5,2,3,1,4],[7,19,3,1,17,20,4,18,23,21,24,22,2,15,13,16,14,11,10,9,5,6,12],[23,11,9,7,15,21,13,24,16,3,1,4,2,14,20,18,6,10,5],[7,23,15,13,21,16,24,3,1,4,2,14,20,12,11,9,17,8,6,5,19,22,18,10],[3,15,1,13,16,4,14,6,5,11,12,9,18,23,21,24,2,19,17,22,10,20,7],[23,19,21,17,24,20,18,11,9,7,3,1,4,22,2,15,13,16,14,5,8,6],[19,15,13,17,20,16,18,11,9,7,3,1,4,14,22,21,23,24,6,5,10,2],[3,23,21,1,4,24,2,7,11,9,15,13,16,14,19,17,20,8,12,5,22,18,6,10],[23,11,9,15,21,13,16,24,19,17,20,18,3,1,4,14,5,8,2,12,10],[19,7,23,17,21,24,20,18,11,9,3,1,4,22,2,15,13,16,14,6,5,10],[7,3,23,21,1,24,4,22,2,11,9,15,13,16,14,17,8,20,6,5,12,10,19,18],[19,7,11,9,15,13,17,16,20,14,3,1,24,4,23,2,5,6,21,18,10],[15,23,21,13,24,16,19,17,20,14,2,7,12,11,9,1,4,8,3,22,5,10,18],[19,11,9,7,15,13,17,16,20,14,4,22,24,2,1,10,8,23,5,6,18,21,3,12],[23,3,21,1,4,24,2,15,13,16,14,19,17,12,11,9,8,7,20,6,22,5,10,18],[11,19,9,7,23,17,21,20,24,18,3,1,4,22,2,15,13,16,14,12,6,8,5],[7,19,15,13,17,16,20,18,11,9,23,21,24,3,1,4,14,5,2,22,8,12],[15,23,13,21,24,16,7,11,9,3,1,4,14,20,19,17,8,2,6,5,22,12,18],[15,3,13,1,16,4,2,14,9,8,21,22,23,7,20,19,17,24,6,10,5,18,11,12],[3,19,17,1,20,4,18,15,13,16,14,5,11,9,24,8,21,23],[15,23,21,13,16,24,3,1,4,14,7,20,11,9,18,8,5,2,19,17],[3,7,19,1,17,4,20,2,18,11,9,23,21,24,15,13,16,14,6,8,5,22],[11,7,23,21,9,19,17,20,24,18,3,1,4,22,2,15,13,16,14,5,12,8,6],[23,15,13,21,24,16,3,1,4,2,14,19,17,5,11,12,9,20,22],[23,19,21,17,20,24,18,15,13,16,3,1,4,2,14,10,5,9,6,7,22,12,8,11],[23,7,3,21,1,24,4,22,2,11,9,19,17,20,18,15,13,16,14,5,10,12,6,8],[15,23,13,21,24,16,11,9,19,17,20,14,4,8,6,7,1,3,2,10,5],[3,19,1,17,4,20,2,18,7,11,9,23,21,24,15,13,16,14,6,8,12,22,5],[19,11,9,7,15,17,13,16,20,18,3,1,4,14,21,23,22,24,2,8,12,6,5,10],[7,19,3,1,17,20,4,18,11,9,23,21,24,22,2,15,13,16,14,8,6,5,10,12],[23,3,1,21,4,24,22,2,15,13,16,14,11,7,10,19,17,12,9,20,8,18,6,5],[11,23,21,9,19,17,20,24,22,18,15,13,16,14,8,1,7,3,4,10,5,2,12,6],[15,7,23,21,13,16,24,3,1,4,2,14,11,20,9,17,8,12,6,19,5,18],[11,7,23,21,9,15,13,16,24,3,1,4,2,14,17,19,20,6,5,22,8,18,12,10],[23,15,21,13,16,24,19,17,20,14,11,10,2,8,7,4,9,3,1,12,22,18,6,5],[3,11,9,7,15,13,1,16,4,2,14,19,17,24,18,21,23,22,8,6,5,10,12],[19,15,13,17,16,20,14,2,6,5,9,24,1,23,4,22,12,11,10,3,21,8,18,7],[19,7,15,13,17,20,16,14,3,1,10,24,11,9,2,4,22,23,8,12,21,5],[23,3,21,1,4,24,22,2,19,17,20,18,7,15,13,16,14,12,9,5,11,8,10],[7,3,11,1,9,23,21,24,4,2,15,13,16,14,18,19,17,5,10,20,8,22],[7,11,3,1,9,15,13,16,4,14,18,21,23,24,17,19,8,10,6,2,5],[3,23,1,21,4,24,22,2,11,9,15,13,16,14,19,17,5,20,6,18,7,8],[11,19,17,9,15,13,16,20,18,3,1,4,2,14,21,23,6,7,24,5,22,10,8,12],[23,15,13,21,24,16,11,9,19,17,20,18,7,3,1,4,2,14,5,8,12,22],[15,3,13,1,16,4,14,23,17,8,12,11,9,6,7,22,21,24,2,18,5,10],[19,7,15,17,13,16,20,18,23,21,24,3,1,4,14,10,9,2,5,11],[23,19,17,21,24,20,18,7,3,1,4,2,11,9,15,13,16,14,8,10,6,22,5,12],[15,23,13,21,16,24,3,1,4,14,17,12,11,9,6,5,20,8,2,7,10,22,19,18],[7,23,15,21,13,24,16,19,17,20,14,9,3,1,4,5,18,2,10,11,8],[7,23,15,21,13,24,16,3,1,4,14,17,10,11,9,5,19,20,2,18,22,12,6],[15,7,3,13,1,16,4,14,11,9,24,19,17,20,23,8,22,10,2,12,5,21,6,18],[15,11,9,3,13,1,4,16,14,23,19,17,5,20,24,2,18,22,6,7,8,12,10],[11,19,17,9,23,21,20,24,18,7,3,1,4,2,15,13,16,14,8,5,10],[11,19,9,23,21,17,24,20,18,3,1,4,22,2,7,15,13,16,14,8,6,12,5],[3,19,17,1,4,20,18,23,21,24,22,2,7,11,9,15,13,16,14,6,8,12,10,5],[23,11,21,9,7,3,1,24,4,22,2,15,13,16,14,20,18,8,17,6,19,5,12,10],[19,7,15,13,17,20,16,18,3,1,4,2,14,12,11,9,23,21,24,8,6,10,22,5],[19,3,1,17,4,20,2,18,11,9,15,13,16,14,7,24,21,12,22,6,23,10,8,5],[11,23,21,9,7,19,17,24,20,18,3,1,4,22,2,15,13,16,14,6,5],[11,19,9,23,21,17,20,24,22,18,3,1,4,2,7,15,13,16,14,6,5,10],[3,15,13,1,16,4,14,18,9,23,8,5,22,21,24,19,2,11,17,6,20,10,7],[11,7,19,9,23,17,21,20,24,22,18,15,13,16,14,2,3,1,4,6,5,10],[19,3,1,17,4,20,18,11,9,15,13,16,14,22,7,24,21,23,8,2,12,5,6],[15,3,13,1,16,4,14,17,5,24,10,12,11,9,20,18,21,23,6,22,7,2,8,19],[15,3,1,13,16,4,2,14,6,7,12,11,9,24,19,17,20,22,5,21,23],[3,11,9,19,1,17,20,4,18,23,21,24,22,2,7,15,13,16,14,8,10,5],[7,3,11,9,23,21,1,24,4,22,2,15,13,16,14,18,12,5,20,8,19],[15,3,13,1,16,4,14,24,5,9,20,22,19,17,23,2,8,10,12,7,21,18,6,11],[7,15,11,13,9,19,17,20,16,14,21,23,1,24,4,8,5,2,18,6,22,12,10,3],[7,19,15,13,17,20,16,14,11,10,1,21,23,9,22,4,24,8,6,2,12,5,18,3],[15,3,1,13,16,4,2,14,7,10,24,19,17,9,20,22,23,18,5,8,21,11,6,12],[15,19,13,17,16,20,18,7,23,21,24,11,9,3,1,4,14,6,2,8,5,10,22],[15,7,11,13,9,3,1,16,4,2,14,22,18,23,24,6,20,8,19,5,12,10,17,21],[11,19,17,9,3,1,4,20,18,15,13,16,14,23,6,7,24,2,5,8,12,21,10,22],[11,19,17,9,3,1,4,20,18,15,13,16,14,24,8,6,7,22,21,5,23,2,12],[11,19,17,9,23,21,20,24,22,18,7,15,13,16,14,3,1,4,5,10,2],[11,19,17,9,23,21,20,24,18,7,15,13,16,3,1,4,2,14,6,5],[23,7,19,21,17,20,24,18,3,1,4,2,15,13,16,14,10,11,9,5,12],[15,19,17,13,16,20,18,7,11,9,23,21,24,3,1,4,14,5,12,2,6,22,10],[3,7,23,21,1,24,4,2,15,13,16,14,20,10,9,17,6,8,5,18,19,22],[19,7,23,17,21,20,24,22,18,11,9,15,13,16,14,4,1,6,8,5,2,12,10,3],[15,3,1,13,16,4,2,14,11,9,18,24,7,22,23,20,6,17,8,19,21,5,10,12],[11,23,21,9,3,1,4,24,22,2,15,13,16,14,17,6,7,18,8,12,5],[3,15,1,13,16,4,2,14,10,21,23,20,9,6,5,19,17,24,18,7,11],[15,7,19,17,13,16,20,18,11,9,3,1,4,14,22,23,24,5,2,10,21,6],[15,19,13,17,20,16,14,22,6,7,4,9,23,3,1,21,5,24,2,18,11,10,12],[23,7,15,21,13,16,24,19,17,20,18,11,9,3,1,4,14,8,12,2,5,6,22],[7,19,3,1,17,4,20,2,18,11,9,15,13,16,14,21,23,22,24,6,8,5,10],[15,19,13,17,20,16,14,6,5,2,10,22,24,4,11,12,9,3,1,23,7,18,21],[3,23,21,1,4,24,2,19,17,20,18,15,13,16,14,11,9,5,10],[11,7,15,13,9,19,17,20,16,18,23,21,24,3,1,4,14,6,2,8,22,5,12,10],[7,15,3,1,13,4,16,2,14,10,22,17,24,11,12,9,23,21,5,19,20,18],[19,7,11,17,9,3,1,4,20,2,18,23,21,24,15,13,16,14,6,5,12,10,8],[19,15,13,17,20,16,14,5,2,21,23,11,10,24,1,9,3,4],[15,23,13,21,16,24,19,17,20,18,7,3,1,4,14,12,11,9,6,5,10,2],[7,15,19,17,13,20,16,18,11,9,3,1,4,14,23,21,24,6,2,5,10,22,8],[11,23,9,3,1,21,4,24,22,2,7,15,13,16,14,19,17,18,6,5],[23,7,11,9,19,17,21,24,20,18,3,1,4,2,15,13,16,14,5,6,10,8],[23,11,9,15,13,21,24,16,7,3,1,4,2,14,17,8,10,18,19,5],[3,19,17,1,4,20,18,15,13,16,2,14,9,22,7,23,8,21,24,5,11],[19,11,17,9,3,1,20,4,18,23,21,24,2,7,15,13,16,14,8,6,22,5,12],[11,7,15,13,9,19,17,16,20,18,3,1,4,2,14,21,23,24,12,6,8,10,5,22],[23,19,17,21,20,24,18,7,11,9,3,1,4,22,2,15,13,16,14,8,12,5,10],[7,15,11,9,23,21,13,24,16,19,17,20,18,3,1,4,14,5,22,8,10,2,6,12],[15,19,17,13,16,20,18,11,9,7,23,21,24,3,1,4,14,6,5,12,2,8,22],[15,7,23,21,13,16,24,3,1,4,2,14,19,17,9,18,6,5,10],[7,15,11,13,9,3,1,4,16,14,24,20,17,22,21,2,6,8,5,23,10,19,12,18],[11,19,9,15,17,13,20,16,18,3,1,4,14,23,5,21,22,24,7,10,12,2],[19,15,17,13,20,16,14,12,9,4,5,21,24,2,1,23,11,7,8,3,6,18],[23,7,19,17,21,24,20,22,18,15,13,16,14,11,12,9,2,3,1,4,5,8],[23,7,3,21,1,24,4,22,2,11,9,15,13,16,14,19,17,20,10,8,5,18,12,6],[11,19,9,7,23,21,17,20,24,18,3,1,4,22,2,15,13,16,14,12,5,8,6],[19,3,1,17,20,4,18,7,11,9,15,13,16,14,24,22,21,5,23,12,2,10],[23,11,9,19,21,17,24,20,22,18,3,1,4,2,15,13,16,14,7,5,8,12],[3,23,21,1,4,24,22,2,11,9,7,15,13,16,14,19,17,20,18,5,10,6,8,12],[7,11,3,9,15,1,13,16,4,2,14,18,23,21,22,24,12,20,5,8,19,17],[19,3,17,1,20,4,2,18,23,21,24,11,9,7,15,13,16,14,5,22,12,8,6],[19,15,13,17,20,16,14,7,9,3,1,22,23,4,21,24,5,2,18,11,12,10,6],[7,15,23,13,21,24,16,3,1,4,2,14,20,12,9,6,17,5,18,10,8],[11,15,9,19,17,13,20,16,14,22,1,8,5,23,21,24,4,3,2,10,18,6],[7,11,23,9,3,1,21,24,4,2,19,17,20,18,15,13,16,14,8,10,5,12,22],[11,23,21,9,3,1,24,4,22,2,7,15,13,16,14,19,17,18,6,5,12,10,8],[15,3,1,13,4,16,14,22,19,17,5,10,21,23,11,9,18,24,20,8,2,12,7],[7,19,3,1,17,20,4,18,11,9,23,21,24,22,2,15,13,16,14,5,6],[11,3,1,9,19,17,20,4,18,15,13,16,14,6,5,21,24,23,12,2,7,8],[7,11,19,9,15,17,13,20,16,18,3,1,4,14,21,24,23,22,5,2,8,12,6,10],[11,23,9,3,21,1,4,24,2,7,15,13,16,14,20,19,17,5,10,18,12,22],[11,15,9,23,21,13,24,16,7,19,17,20,18,3,1,4,14,12,5,2],[19,23,21,17,20,24,18,3,1,4,22,2,11,9,15,13,16,14,6,7,8,5],[19,7,15,17,13,20,16,18,11,9,23,21,24,3,1,4,14,5,8,22,10,2],[15,7,19,17,13,16,20,14,24,9,1,4,3,21,23,6,12,5,2,22,11,18,8,10],[3,7,15,13,1,4,16,2,14,17,22,11,10,23,12,9,21,24,18,20,19,5,6,8],[11,23,21,9,15,13,16,24,7,3,1,4,2,14,20,17,19,8,5,6,10,12],[23,7,3,21,1,24,4,2,11,9,15,13,16,14,19,17,20,5,6,12,18,22,8],[3,19,17,1,4,20,18,7,15,13,16,14,11,9,22,21,23,24,8,2,10,6,5,12],[7,23,11,9,19,21,17,24,20,22,18,15,13,16,14,4,2,3,1,8,5,10,6],[11,15,9,19,13,17,20,16,18,3,1,4,14,8,21,23,6,7,24,2,5,12],[23,11,21,9,3,1,4,24,22,2,7,19,17,20,18,15,13,16,14,8,6,5,12,10],[23,3,1,21,4,24,22,2,19,17,20,18,15,13,16,14,5,11,10,9,7,6,8,12],[19,11,9,15,17,13,20,16,18,7,3,1,4,14,23,22,24,2,6,5,12,21,8,10],[23,19,21,17,24,20,18,3,1,4,22,2,15,13,16,14,10,8,7,12,9,5],[11,7,23,9,15,21,13,24,16,3,1,4,2,14,17,5,19,20,8,10],[3,11,9,23,1,21,4,24,22,2,15,13,16,14,18,5,7,17],[19,23,21,17,20,24,18,15,13,16,11,9,7,3,1,4,14,5,12,22,10,2],[11,15,13,9,3,1,4,16,2,14,17,24,6,8,7,22,20,5,18,21,10,23],[15,7,23,21,13,24,16,3,1,4,2,14,11,9,17,8,20,22,12,19,6,5,18],[11,19,9,7,15,17,13,20,16,14,24,4,2,3,1,21,23,6,8,5,12,18,10,22],[23,19,17,21,20,24,18,15,13,16,11,9,7,3,1,4,2,14,6,8],[11,19,9,15,17,13,20,16,14,7,22,3,1,24,4,6,8,23,2,12,21,5,18],[11,3,9,19,17,1,20,4,18,15,13,16,14,23,6,7,21,22,24,2,5,10,12,8],[19,11,17,9,3,1,20,4,18,7,23,21,24,22,2,15,13,16,14,8,5,10,6,12],[15,7,19,17,13,16,20,14,24,10,1,9,23,2,4,5,3,11,6,22,12,18,8,21],[7,19,3,1,17,20,4,2,18,15,13,16,14,21,22,23,9,24,6,11,5,10,12],[15,23,21,13,24,16,3,1,4,2,14,11,12,9,19,17,5,20,8,22,6,18,10],[11,23,21,9,15,13,24,16,7,3,1,4,14,18,10,8,2,6],[3,15,1,13,4,16,2,14,12,9,18,5,23,21,24,11,19,17,8],[15,3,13,1,4,16,14,20,22,6,5,10,23,9,18,21,11,24,12,17,2],[15,3,13,1,4,16,14,17,24,11,9,6,5,22,18,19,23,7,12,2],[19,15,13,17,16,20,14,12,11,9,8,21,22,23,7,3,1,4,24,10,6,2,5,18],[23,7,3,1,21,24,4,2,19,17,20,18,15,13,16,14,12,11,9,8,6,22,5],[11,15,9,23,13,21,16,24,19,17,20,14,2,8,7,1,4,6,5,12,10,18,22],[23,19,17,21,24,20,22,18,11,9,3,1,4,2,7,15,13,16,14,6,8,5,12,10],[7,3,23,21,1,4,24,2,15,13,16,14,19,17,10,11,20,9,8,5,6,22,18],[15,3,13,1,16,4,2,14,10,19,20,17,5,24,12,11,9,23,6,7,21,22,18],[11,19,9,7,15,13,17,20,16,14,24,3,1,2,23,8,4,12,22,18,6,5,10,21],[11,23,21,9,7,3,1,4,24,22,2,19,17,20,18,15,13,16,14,5,12,8],[19,3,17,1,20,4,2,18,23,21,24,11,9,7,15,13,16,14,12,5,8,22,6],[3,7,23,21,1,24,4,2,11,9,19,17,20,18,15,13,16,14,6,5,8,12],[15,19,13,17,20,16,14,11,7,12,9,1,24,3,2,4,22,6,21,8,23,5,10,18],[3,7,19,1,17,4,20,18,11,9,23,21,24,2,15,13,16,14,10,5,6],[3,7,23,1,21,24,4,22,2,15,13,16,14,18,12,11,9,5,17,19,8,6,20,10],[3,23,1,21,24,4,22,2,15,13,16,14,17,9,5,18,6,20,10,8,7,11],[15,19,13,17,16,20,14,24,7,10,1,12,11,9,3,4,23,18,5,22,8,21,2,6],[7,3,23,21,1,4,24,22,2,11,9,15,13,16,14,18,6,5,8,19,17,12],[7,11,23,9,15,21,13,16,24,19,17,20,14,4,2,3,1,6,5,12,22],[7,19,3,1,17,20,4,18,23,21,24,22,2,11,9,15,13,16,14,5,10,8,6,12],[15,19,17,13,16,20,18,3,1,4,2,14,12,9,21,24,8,6,7,23,5,22,10,11],[7,23,11,9,15,13,21,24,16,3,1,4,14,17,20,5,6,2,19,22,8,18,12,10],[19,15,17,13,20,16,14,3,1,7,21,23,11,12,9,4,24,8,6,10,2,5,18],[15,19,17,13,20,16,18,23,21,24,7,3,1,4,14,10,12,11,9,6,5,2,8,22],[23,3,21,1,4,24,2,11,9,7,19,17,20,18,15,13,16,14,8,10,6,22,5],[15,11,13,9,23,21,24,16,19,17,20,18,7,3,1,4,2,14,8,5,12,10,22,6],[3,15,1,13,16,4,14,21,24,12,9,18,6,7,23,17,11,5,22,2,19,10,20,8],[15,23,13,21,24,16,19,17,20,14,10,6,7,2,4,9,3,1,8,5],[3,19,1,17,4,20,18,15,13,16,2,14,5,22,21,23,9,24,11,6,8,7,10],[11,19,9,23,21,17,20,24,22,18,7,3,1,4,2,15,13,16,14,6,8,5],[7,11,15,9,19,17,13,20,16,14,2,23,3,1,21,24,4,5,12,8,18,22],[7,15,3,1,13,4,16,14,17,21,22,23,10,9,24,8,2,18,6,12],[15,3,1,13,16,4,14,12,10,11,9,17,23,7,22,24,19,18,6,8,5,2,20],[3,19,17,1,20,4,18,7,15,13,16,2,14,10,23,12,11,9,22,24,6,8,5,21],[19,15,13,17,16,20,18,23,21,24,3,1,4,14,6,7,12,9,2,5,10],[7,23,11,21,9,15,13,16,24,3,1,4,2,14,19,17,20,6,5,12,8,18,10],[15,19,17,13,20,16,18,7,11,9,23,21,24,3,1,4,14,8,10,2,5,22,12,6],[3,15,1,13,4,16,14,11,10,18,21,23,8,7,12,9,22,24,19,20,2,5,6],[11,15,9,19,13,17,16,20,14,2,23,5,4,21,24,3,1,10,6,12,18,8,7,22],[3,15,1,13,4,16,14,8,20,9,21,24,7,17,2,10,23,19,22,5,18,11],[7,23,11,9,15,21,13,16,24,19,17,20,18,3,1,4,14,12,6,2,5,22,10,8],[11,3,9,23,21,1,24,4,2,19,17,20,18,15,13,16,14,5,6,7,10,12,22,8],[23,11,21,9,3,1,4,24,22,2,15,13,16,14,7,20,19,17,18,8,12,5,10,6],[11,19,9,3,17,1,20,4,2,18,7,15,13,16,14,22,21,23,24,8,5,6,12,10],[19,3,1,17,20,4,18,15,13,16,14,6,8,7,11,10,22,24,9,2,21,23,5,12],[7,19,11,17,9,15,13,20,16,18,23,21,24,3,1,4,2,14,6,12,5,10],[15,23,13,21,24,16,3,1,4,14,7,11,12,9,18,8,2,17,22,5,6,10],[15,11,9,7,23,13,21,24,16,3,1,4,2,14,20,18,8,5,22,19,12,10,17,6],[11,23,9,15,13,21,24,16,7,19,17,20,18,3,1,4,14,8,5,6,2,10,12,22],[3,15,1,13,16,4,14,5,22,23,19,17,11,9,18,21,24,2,6,20,10],[3,23,1,21,24,4,22,2,19,17,20,18,15,13,16,14,12,11,9,8,5,7,10],[19,23,21,17,20,24,18,7,11,9,15,13,16,3,1,4,2,14,6,5,10,12,8,22],[7,15,11,9,3,13,1,16,4,2,14,22,20,24,17,21,23,5,8,6,12,10,19,18],[7,3,19,1,17,4,20,18,11,9,15,13,16,2,14,21,23,22,24,8,12,6,5,10],[23,11,21,9,3,1,24,4,2,15,13,16,14,17,6,7,19,20,8,10,5,18,12],[19,23,17,21,20,24,22,18,11,9,3,1,4,2,7,15,13,16,14,8,5,10,6,12],[23,7,15,13,21,16,24,19,17,20,18,3,1,4,2,14,12,9,5,10,22,11,8,6],[3,7,23,21,1,4,24,22,2,15,13,16,14,9,19,17,20,12,8,10,6,5,18],[3,23,1,21,24,4,22,2,19,17,20,18,11,9,7,15,13,16,14,8,12,5,10],[19,11,17,9,23,21,20,24,18,15,13,16,7,3,1,4,2,14,6,5,12,10],[3,19,17,1,20,4,2,18,7,15,13,16,14,12,10,11,9,22,24,5,21,23,8],[7,3,23,1,21,4,24,2,11,9,15,13,16,14,20,18,6,10,5,12,22,17],[23,19,17,21,20,24,18,3,1,4,22,2,11,9,15,13,16,14,7,6,5,10,12],[11,3,1,9,15,13,16,4,2,14,7,19,17,21,22,23,20,24,18,6,8,12,5],[23,3,1,21,24,4,2,7,19,17,20,18,11,9,15,13,16,14,5,8,12,22,10,6],[15,23,13,21,24,16,19,17,20,14,12,11,9,4,6,7,3,1,5,2,8,18,10,22],[15,3,1,13,4,16,14,5,9,18,21,23,22,24,20,8,2,6,10,7,11],[23,7,19,21,17,24,20,22,18,11,9,15,13,16,14,3,1,4,8,2,5,10,12,6],[7,11,3,1,9,15,13,16,4,2,14,22,20,21,23,24,17,8,6,10,5,18,19,12],[11,3,1,9,7,23,21,4,24,2,15,13,16,14,18,8,12,22,5,10,19,20,17,6],[3,19,1,17,20,4,18,23,21,24,2,15,13,16,14,6,5,9,12,11,22,10],[15,11,13,9,3,1,4,16,2,14,19,17,6,7,21,23,24,20,5,8,10,22,12,18],[3,15,1,13,4,16,14,12,11,9,20,8,6,7,22,21,23,19,17,24,2,5,10,18],[19,7,15,13,17,20,16,14,10,3,1,23,21,9,24,4,6,12,8,5,2,18,11,22],[11,7,15,13,9,23,21,24,16,3,1,4,14,17,18,2,6,5,8,22,20,10,19,12],[15,3,13,1,4,16,2,14,18,5,11,10,24,9,22,23,19,17,6,21,7,12,20],[15,3,1,13,16,4,14,11,12,9,7,21,23,17,24,18,20,8,5,2],[7,11,19,9,15,17,13,20,16,14,24,2,4,23,3,1,6,8,10,5,18,21],[7,11,15,9,3,13,1,16,4,2,14,17,24,23,18,20,5,8,22,10,19,12],[15,11,9,19,13,17,20,16,14,6,7,23,1,24,2,4,5,22,12,21,18],[15,19,17,13,20,16,14,4,21,23,6,5,11,12,9,3,1,24,2,22,10],[3,11,1,9,19,17,20,4,18,23,21,24,2,7,15,13,16,14,5,8,10,22,6,12],[7,19,11,17,9,3,1,20,4,2,18,23,21,24,15,13,16,14,6,8,5,10,22],[11,3,9,19,17,1,20,4,2,18,7,15,13,16,14,24,23,8,5,21],[23,19,17,21,24,20,18,15,13,16,7,11,9,3,1,4,2,14,6,5,10],[7,19,23,17,21,20,24,22,18,3,1,4,2,11,9,15,13,16,14,12,8,10,6,5],[15,7,3,13,1,16,4,2,14,24,19,17,12,11,9,20,23,8,6,21,5,22],[15,3,1,13,16,4,14,20,5,21,23,10,12,11,9,24,18,2,7,17,8],[7,11,15,13,9,23,21,16,24,19,17,20,18,3,1,4,14,8,2,6,22,5,12,10],[15,23,21,13,16,24,11,9,7,19,17,20,18,3,1,4,2,14,12,6,5,22],[19,23,17,21,24,20,22,18,3,1,4,2,11,9,7,15,13,16,14,10,8,6,5],[11,15,13,9,19,17,16,20,14,23,2,8,7,4,24,3,1,21,6,5,22],[19,7,3,1,17,20,4,2,18,23,21,24,15,13,16,14,9,6,8,5,12,11,10,22],[7,19,15,17,13,20,16,18,23,21,24,3,1,4,14,12,11,9,8,2,5,10,6],[23,15,13,21,16,24,19,17,20,18,11,9,3,1,4,2,14,5,6,10,7],[7,19,15,13,17,16,20,18,3,1,4,2,14,23,11,9,22,21,24,5,6,12],[11,15,13,9,7,3,1,4,16,2,14,23,19,17,21,18,24,10,6,5,8,12,22,20],[23,7,11,21,9,3,1,24,4,2,15,13,16,14,18,10,8,12,5,19,17,20,22,6],[23,15,21,13,24,16,11,9,7,3,1,4,2,14,19,17,18,6,8,20,12,10,5,22],[3,11,9,15,1,13,4,16,14,6,7,22,18,23,21,24,5,19,17,2,12,20,10],[7,19,15,13,17,16,20,18,23,21,24,3,1,4,14,12,11,9,8,2,22,6,5],[19,23,21,17,24,20,22,18,3,1,4,2,7,15,13,16,14,11,10,9,8,6,5],[7,11,15,13,9,19,17,20,16,14,23,4,1,24,8,2,21,3,22,12,6,5,10,18],[23,15,13,21,16,24,7,3,1,4,2,14,18,9,6,5,17,12,11,22,19,20],[11,23,21,9,7,15,13,16,24,3,1,4,2,14,19,17,20,6,8,5,10,18,12,22],[19,7,3,1,17,20,4,2,18,11,9,15,13,16,14,22,24,21,10,23,8,5],[11,7,15,13,9,23,21,24,16,3,1,4,14,20,17,2,22,6,5,10,12,18,19],[15,23,21,13,24,16,7,3,1,4,14,11,12,9,19,17,20,5,2,8,22],[23,15,21,13,24,16,3,1,4,2,14,20,5,11,9,19,17,18,12,10,7,22,6,8],[23,11,9,19,17,21,20,24,18,7,15,13,16,3,1,4,14,6,5,2,8,10,22,12],[23,19,17,21,24,20,22,18,7,11,9,3,1,4,2,15,13,16,14,8,5,12,6],[19,11,17,9,23,21,24,20,18,3,1,4,22,2,7,15,13,16,14,6,8,5],[23,11,21,9,7,3,1,4,24,22,2,19,17,20,18,15,13,16,14,6,5,10,12],[23,3,1,21,4,24,2,11,9,7,19,17,20,18,15,13,16,14,5,10,8,12],[7,19,11,17,9,23,21,24,20,22,18,3,1,4,2,15,13,16,14,8,5,10,12,6],[15,3,13,1,4,16,2,14,6,7,21,23,11,10,19,17,24,9,18,5,8,20,22],[11,23,21,9,7,15,13,16,24,3,1,4,14,18,2,5,17,12,22,20,10,6,8],[3,15,1,13,16,4,2,14,5,9,17,23,21,24,20,8,12,18,11,7,10,19],[3,15,1,13,4,16,14,5,11,9,20,21,23,24,18,10,2,12,8],[15,11,13,9,23,21,16,24,7,19,17,20,14,1,2,4,5,6,3,18,8,10,12,22],[19,15,17,13,16,20,14,5,9,4,23,24,1,21,10,3,18,22,2,6,11,12,8,7],[3,23,1,21,4,24,22,2,7,15,13,16,14,19,17,10,12,11,9,20,5,6],[23,19,17,21,20,24,22,18,7,3,1,4,2,11,9,15,13,16,14,5,10,12,6,8],[23,15,21,13,16,24,19,17,20,14,12,10,5,11,9,2,1,3,4,18,7,6,22,8],[7,23,15,13,21,16,24,11,9,19,17,20,18,3,1,4,2,14,6,8,10,5,22,12],[11,15,9,3,13,1,16,4,2,14,19,17,21,24,7,20,8,23,5,10,6],[23,11,21,9,15,13,16,24,19,17,20,14,4,6,5,1,3,2,18,10,8,22,7,12],[19,11,17,9,7,15,13,20,16,14,1,22,23,2,3,21,24,4,8,12,5,10],[15,11,13,9,19,17,16,20,14,24,5,2,1,21,23,3,4,8,10,6],[3,7,15,1,13,16,4,14,12,11,9,21,22,23,17,24,5,10,18,2,8,19],[3,11,9,19,17,1,20,4,18,7,23,21,24,22,2,15,13,16,14,5,8,12],[11,7,15,13,9,3,1,4,16,14,21,23,20,24,6,19,17,5,2,10,22,18,12,8],[11,19,9,3,1,17,20,4,2,18,23,21,24,7,15,13,16,14,6,5,8,10],[23,19,21,17,20,24,18,15,13,16,7,11,9,3,1,4,14,8,6,22,10,5,2,12],[23,3,21,1,4,24,22,2,7,11,9,15,13,16,14,17,8,20,6,18,5,12,19],[3,19,1,17,20,4,2,18,11,9,23,21,24,15,13,16,14,8,7,10,5,22,6],[15,19,13,17,20,16,14,24,3,1,8,6,7,12,9,4,23,2,10,22,5,18,21,11],[15,19,13,17,16,20,18,23,21,24,3,1,4,14,12,9,7,2,6,8,10,5],[11,23,21,9,19,17,24,20,22,18,3,1,4,2,15,13,16,14,7,6,5,12,10,8],[23,7,3,1,21,4,24,2,11,9,15,13,16,14,18,22,5,17,19,8,10,20],[7,3,15,1,13,16,4,2,14,20,23,9,21,24,18,5,19,8,11,17,12,22],[7,23,11,9,19,17,21,20,24,22,18,3,1,4,2,15,13,16,14,5,12],[15,3,1,13,16,4,14,18,11,12,9,5,24,23,19,20,17,2,10,8,7,6,21],[19,7,23,21,17,24,20,22,18,3,1,4,2,11,9,15,13,16,14,5,10,12],[15,7,23,13,21,24,16,3,1,4,2,14,20,9,19,17,8,12,18,6,5,10,11,22],[3,7,15,13,1,16,4,14,18,21,24,10,9,11,23,6,8,2,19,17,20,5,22,12],[7,15,3,13,1,4,16,2,14,11,12,9,22,19,17,24,20,18,23,5,8,10,6],[3,19,17,1,4,20,18,15,13,16,14,7,24,9,6,23,2,10,5,8,21,12,22,11],[11,23,9,3,1,21,24,4,22,2,15,13,16,14,7,17,18,8,12,5,19,10,20,6],[19,11,9,3,1,17,20,4,2,18,15,13,16,14,8,22,7,23,21,24,5,12,10,6],[11,15,9,19,17,13,20,16,14,24,8,5,1,4,22,18,3,6,2,21,23,10,7],[7,11,19,9,23,21,17,20,24,18,3,1,4,22,2,15,13,16,14,8,5,10,12],[7,3,15,1,13,4,16,14,20,12,11,9,23,21,22,17,24,2,8,6,5,18,19,10],[23,19,21,17,20,24,22,18,11,9,3,1,4,2,15,13,16,14,6,7,8,12,5],[11,3,1,9,7,19,17,20,4,2,18,15,13,16,14,22,23,24,5,21,10,12,8],[15,7,3,1,13,4,16,2,14,17,11,12,9,21,24,19,18,23,8,5],[19,23,21,17,20,24,18,3,1,4,22,2,11,9,7,15,13,16,14,5,10],[3,23,21,1,4,24,22,2,7,11,9,19,17,20,18,15,13,16,14,5,6,8,10],[23,19,21,17,24,20,18,15,13,16,11,9,3,1,4,14,7,5,2,22,10,6,12],[19,23,17,21,20,24,22,18,15,13,16,14,11,10,3,2,4,1,5,9,6,7,8,12],[19,15,13,17,16,20,18,23,21,24,11,9,7,3,1,4,2,14,5,10,12,8,22],[19,3,1,17,4,20,18,11,9,23,21,24,2,15,13,16,14,7,6,12,5,10,8,22],[23,7,19,17,21,24,20,22,18,15,13,16,14,3,1,11,9,4,6,10,5,2,12,8],[11,23,21,9,15,13,16,24,19,17,20,14,4,7,2,1,10,5,3,22,8],[15,11,9,19,17,13,16,20,14,6,8,7,21,23,3,1,4,24,2,5,18,10,22,12],[7,23,3,21,1,24,4,2,19,17,20,18,15,13,16,14,9,8,11,5,22,12,6],[15,3,1,13,4,16,14,19,17,24,6,7,12,11,9,20,22,8,23,2,5,18,21,10],[11,3,9,23,1,21,4,24,2,7,19,17,20,18,15,13,16,14,5,10,22,6,12,8],[3,15,13,1,4,16,14,19,17,6,7,23,11,9,20,22,21,24,5,2,18],[19,3,1,17,20,4,2,18,15,13,16,14,22,12,11,9,21,23,8,7,24,6,10,5],[19,3,17,1,4,20,18,15,13,16,2,14,10,8,24,6,7,9,23,5,11,21,22,12],[3,19,1,17,4,20,18,23,21,24,2,11,9,7,15,13,16,14,5,6,8,22,12],[19,23,21,17,20,24,18,15,13,16,3,1,4,2,14,11,9,5,6,7],[15,7,3,13,1,16,4,2,14,9,19,17,21,23,20,24,8,6,11,5,22],[19,23,21,17,24,20,22,18,15,13,16,14,12,11,9,4,7,2,3,1,5],[11,23,21,9,3,1,24,4,22,2,15,13,16,14,18,5,19,17,10,12,6,8,20,7],[15,7,3,1,13,16,4,14,22,17,12,11,9,23,21,24,20,8,2,19,18,6,5],[11,15,9,19,13,17,16,20,14,7,2,23,4,21,24,3,1,6,5,22,8,12,10,18],[11,7,15,13,9,23,21,16,24,3,1,4,2,14,19,17,18,5,10,20,22,6],[3,11,1,9,23,21,24,4,22,2,19,17,20,18,7,15,13,16,14,6,5,8,12,10],[7,19,23,17,21,24,20,18,3,1,4,2,11,9,15,13,16,14,6,8,10,5,22,12],[11,3,1,9,23,21,4,24,2,15,13,16,14,18,7,8,17,6,5,20,10,22,12],[23,3,21,1,4,24,22,2,11,9,15,13,16,14,17,6,7,20,5,19,10,18,12,8],[7,11,23,21,9,19,17,20,24,18,3,1,4,22,2,15,13,16,14,8,5,6,10,12],[19,3,1,17,20,4,2,18,11,9,15,13,16,14,7,21,22,23,24,5,10],[19,7,15,17,13,20,16,14,11,10,22,21,23,1,9,24,2,6,4,5,12,3],[19,23,21,17,20,24,18,3,1,4,2,11,9,15,13,16,14,6,7,10,5,12,8],[11,15,13,9,23,21,24,16,3,1,4,14,17,7,8,19,20,2,18,6,5,10,22,12],[15,11,9,3,13,1,4,16,14,6,7,20,24,17,5,22,23,2,18,21,10],[19,7,15,13,17,16,20,14,4,12,11,9,23,1,21,24,2,6,5,8,3,10,22,18],[19,7,15,13,17,16,20,18,11,9,3,1,4,14,21,22,23,24,10,5,8,2,6,12],[11,3,9,19,1,17,20,4,2,18,7,23,21,24,15,13,16,14,8,5,10,6,22],[11,3,1,9,15,13,16,4,14,24,7,19,17,20,2,21,5,23,8,10,6,18,22,12],[3,11,1,9,19,17,20,4,2,18,15,13,16,14,8,24,7,22,21,23,6,5,12,10],[23,11,9,7,19,21,17,24,20,22,18,15,13,16,14,2,4,1,6,8,5,3,12,10],[19,11,17,9,23,21,24,20,18,3,1,4,22,2,7,15,13,16,14,5],[7,3,19,17,1,4,20,2,18,23,21,24,11,9,15,13,16,14,5,10],[23,11,21,9,7,19,17,20,24,18,15,13,16,3,1,4,14,5,2,22,12,6,10],[15,11,13,9,3,1,4,16,2,14,20,22,6,5,23,18,21,24,7,12,8],[3,11,9,7,15,1,13,16,4,14,24,20,17,23,8,10,5,2,12,19,22],[19,3,1,17,4,20,18,23,21,24,2,15,13,16,14,10,8,7,11,9,6,5,12,22],[11,19,17,9,3,1,20,4,18,23,21,24,2,15,13,16,14,5,6,10,8,12,7,22],[19,3,17,1,4,20,2,18,15,13,16,14,21,23,8,6,7,11,10,9,24,5,22],[7,23,15,21,13,24,16,11,9,3,1,4,14,19,17,20,2,10,5,8,22,6,18,12],[11,7,23,9,19,21,17,24,20,22,18,3,1,4,2,15,13,16,14,8,10],[3,7,11,9,19,17,1,20,4,18,23,21,24,22,2,15,13,16,14,5,6,12,8,10],[7,3,23,1,21,24,4,22,2,15,13,16,14,11,12,9,19,17,20,6,18,5,10,8],[11,7,23,21,9,15,13,24,16,19,17,20,18,3,1,4,14,6,5,2,22,12],[19,23,21,17,20,24,18,7,11,9,3,1,4,22,2,15,13,16,14,5,12,6,8,10],[15,7,23,21,13,16,24,3,1,4,2,14,19,17,9,20,10,8,12,6,5,22,11,18],[3,23,1,21,4,24,2,19,17,20,18,11,9,15,13,16,14,8,7,6,5,12,10],[11,23,21,9,19,17,20,24,22,18,7,3,1,4,2,15,13,16,14,8,6,10,5,12],[23,3,1,21,4,24,2,19,17,20,18,11,9,15,13,16,14,8,5,12,6,10,22,7],[23,3,21,1,4,24,22,2,7,19,17,20,18,15,13,16,14,11,10,12,9,6,5],[3,7,23,21,1,24,4,2,19,17,20,18,15,13,16,14,10,11,12,9,5],[15,19,17,13,20,16,18,23,21,24,7,11,9,3,1,4,2,14,8,12,5,22],[19,15,17,13,20,16,14,9,7,1,23,22,24,4,2,10,5,3,11,8,21,6,18,12],[11,3,1,9,23,21,24,4,2,7,15,13,16,14,17,20,12,8,6,5,22,18,19,10],[7,3,19,17,1,4,20,18,23,21,24,2,15,13,16,14,12,9,10,8,5,22,6,11],[15,7,23,21,13,24,16,11,9,19,17,20,18,3,1,4,14,2,5,12,10,6,22,8],[23,7,11,21,9,3,1,4,24,22,2,15,13,16,14,20,17,12,8,18,6,5,19,10],[7,23,19,21,17,20,24,18,11,9,15,13,16,3,1,4,2,14,5,22,8,12],[19,11,9,15,13,17,20,16,14,7,4,22,21,23,3,1,24,2,8,6,12,10,5,18],[7,23,15,21,13,16,24,3,1,4,2,14,11,10,20,9,19,17,5,12,22],[7,11,23,9,3,21,1,4,24,22,2,19,17,20,18,15,13,16,14,6,5,8,10],[23,15,13,21,24,16,11,9,7,3,1,4,14,18,8,17,6,5,2,22,10,12],[15,19,13,17,20,16,14,8,22,2,9,5,24,3,1,4,23,11,21,6,10,7,12],[19,3,17,1,20,4,2,18,15,13,16,14,23,7,9,24,22,6,8,5,11,21,10],[3,19,17,1,4,20,2,18,15,13,16,14,21,23,9,6,5,24,8,11,7,22],[15,11,13,9,19,17,20,16,14,23,1,5,21,24,2,3,4,18,12,8,6,10],[7,15,23,13,21,16,24,3,1,4,2,14,20,10,9,17,12,6,8,5,18],[11,3,1,9,7,19,17,20,4,18,15,13,16,2,14,24,6,23,5,10,21,8,22,12],[23,3,1,21,4,24,2,11,9,15,13,16,14,18,8,5,17,20,6,10,19,7,22],[7,3,15,1,13,16,4,14,18,21,23,12,11,9,24,5,2,20,22,10,19,8,6,17],[11,15,13,9,3,1,16,4,2,14,24,20,5,18,21,23,7,8,19,6,10,17,22,12],[23,15,13,21,24,16,19,17,20,18,11,9,7,3,1,4,14,5,2,22,12],[15,11,9,19,17,13,20,16,18,3,1,4,2,14,5,21,24,22,23,7,10,12],[7,23,15,21,13,16,24,11,9,19,17,20,14,1,2,3,4,8,6,5,18,10,22],[7,19,15,17,13,20,16,18,3,1,4,14,10,22,24,11,9,23,5,8,2,21],[7,23,19,21,17,20,24,18,15,13,16,11,9,3,1,4,2,14,6,5,12,8,10],[23,7,19,21,17,20,24,22,18,3,1,4,2,11,9,15,13,16,14,8,6,10,5,12],[15,23,13,21,24,16,3,1,4,14,5,19,17,11,9,20,6,2,18,8,10,7,22,12],[7,19,3,17,1,4,20,2,18,11,9,23,21,24,15,13,16,14,5,12],[11,15,13,9,19,17,20,16,18,7,23,21,24,3,1,4,14,5,2,10,6],[7,3,11,1,9,15,13,4,16,2,14,23,18,24,6,5,17,12,22,21,20,8,10,19],[15,19,13,17,16,20,18,7,11,9,3,1,4,14,22,21,23,24,6,5,2,10],[23,3,1,21,4,24,2,11,9,7,19,17,20,18,15,13,16,14,5,6,8,12,10],[19,15,17,13,16,20,18,23,21,24,3,1,4,2,14,7,10,11,9,6,8,12,5,22],[15,7,11,9,23,21,13,24,16,19,17,20,18,3,1,4,14,8,2,6,10,22,5],[7,15,19,17,13,16,20,14,10,2,24,12,9,4,1,18,21,23,5,3,11,22],[15,19,17,13,20,16,18,3,1,4,2,14,5,12,11,9,21,23,22,24],[15,3,13,1,4,16,14,11,12,9,18,22,5,23,21,24,20,2,10,8,17,7,6],[15,3,13,1,4,16,2,14,21,23,9,17,7,24,18,11,19,10,5],[11,23,21,9,7,19,17,20,24,22,18,3,1,4,2,15,13,16,14,5,10],[11,15,13,9,3,1,4,16,2,14,5,21,22,23,20,24,17,19,18,8,6,7,12,10],[7,3,23,1,21,4,24,2,19,17,20,18,11,9,15,13,16,14,6,8,12,5,22],[11,15,13,9,19,17,16,20,14,7,4,24,2,3,1,5,22,23,21,8,18,10,12],[11,23,9,15,21,13,24,16,19,17,20,14,5,4,2,1,18,7,12,6,8,10,3,22],[11,3,9,15,1,13,4,16,14,6,5,17,21,23,22,24,20,10,2,7,18,8],[7,3,15,13,1,4,16,2,14,19,17,24,12,11,9,20,23,6,5,22,18,21,10],[23,19,17,21,20,24,18,15,13,16,11,9,3,1,4,14,6,8,5,2,10],[7,23,19,17,21,24,20,18,15,13,16,11,9,3,1,4,14,5,22,10,2,8,12],[23,3,1,21,4,24,2,7,15,13,16,14,17,11,9,18,5],[3,7,19,1,17,20,4,2,18,11,9,23,21,24,15,13,16,14,8,5,22,12],[11,3,9,23,1,21,24,4,2,7,15,13,16,14,18,20,5,17,22,6,10,19,8,12],[7,23,3,1,21,24,4,22,2,15,13,16,14,19,17,9,18,5,11,20,12,10,8],[19,23,21,17,24,20,18,11,9,7,3,1,4,2,15,13,16,14,8,10,5,12],[19,23,17,21,24,20,22,18,3,1,4,2,11,9,7,15,13,16,14,5,10,12],[19,7,23,21,17,20,24,22,18,11,9,15,13,16,14,2,4,1,8,10,6,5,3,12],[15,7,3,13,1,4,16,2,14,12,10,11,9,17,21,23,24,20,6,5,22,18],[11,19,17,9,7,15,13,16,20,14,3,1,21,22,23,4,8,24,5,12,18,10,2,6],[7,3,23,1,21,24,4,22,2,15,13,16,14,18,10,9,6,5,17,20,11,8,12],[15,19,17,13,16,20,18,23,21,24,3,1,4,14,12,9,7,5,2,22,11,8,6,10],[3,23,21,1,24,4,22,2,19,17,20,18,15,13,16,14,8,5,12,10,11,9],[23,11,21,9,19,17,20,24,22,18,7,15,13,16,14,1,4,2,5,3,6,12],[11,19,17,9,3,1,20,4,2,18,23,21,24,15,13,16,14,7,8,6,12,5,10,22],[19,7,15,17,13,20,16,18,11,9,23,21,24,3,1,4,14,5,10,12,8,2,6,22],[15,19,13,17,16,20,18,7,23,21,24,11,9,3,1,4,14,2,6,8,5,10],[23,3,21,1,4,24,22,2,15,13,16,14,7,20,11,10,9,19,17,6,5],[15,3,1,13,4,16,2,14,11,9,7,22,19,17,21,23,18,24,5,12,6,20,8,10],[3,15,1,13,4,16,14,12,10,11,9,19,17,6,8,7,21,24,20,22,23,18,5,2],[3,7,15,1,13,4,16,14,19,17,21,23,11,9,22,20,12,24,10,2,6,5,18,8],[23,15,13,21,24,16,3,1,4,2,14,9,5,19,17,18,6,10,20,7,11,12,8,22],[3,7,23,1,21,24,4,2,11,9,19,17,20,18,15,13,16,14,5,10],[15,19,17,13,16,20,18,3,1,4,14,5,22,23,12,11,9,21,24,2,6],[7,15,23,13,21,16,24,3,1,4,2,14,10,18,9,5,17,8],[19,11,17,9,23,21,20,24,18,15,13,16,3,1,4,14,5,2,7,12,22,8,10,6],[3,15,1,13,16,4,14,21,23,17,9,7,24,5,18,2,12,11,6,19,8,20,22],[3,23,21,1,24,4,22,2,7,15,13,16,14,10,20,9,19,17,5,18,11,12],[15,23,21,13,16,24,3,1,4,14,10,19,17,7,9,20,8,11,2,18,6,5,22,12],[19,3,1,17,20,4,18,11,9,7,23,21,24,22,2,15,13,16,14,10,5,6,8],[7,23,15,21,13,24,16,3,1,4,14,18,9,6,19,17,22,5,10,2,20,11],[15,3,1,13,16,4,14,10,8,24,17,6,7,9,5,22,21,23,20,11,2,12,19,18],[15,11,13,9,19,17,20,16,18,7,23,21,24,3,1,4,2,14,22,8,5,6],[19,7,11,9,23,17,21,20,24,22,18,15,13,16,14,1,4,2,5,12],[7,15,23,13,21,16,24,3,1,4,2,14,9,18,17,10,5,19,20,6,22],[11,7,23,9,19,17,21,20,24,22,18,15,13,16,14,2,3,1,4,6,12,8,5],[3,23,21,1,4,24,2,19,17,20,18,15,13,16,14,7,12,11,9,8,5,6,22,10],[3,23,1,21,24,4,22,2,7,11,9,15,13,16,14,20,17,8,6,5,12,18,10],[3,23,1,21,4,24,2,7,11,9,15,13,16,14,20,18,8,6,5,22,10,19,12,17],[19,23,21,17,20,24,22,18,11,9,7,3,1,4,2,15,13,16,14,5,8,12,6,10],[7,11,15,9,19,13,17,20,16,14,3,1,23,4,24,2,12,5,18,22,21],[7,11,15,9,19,13,17,16,20,14,1,23,21,24,4,8,3,2,6,18,10,5,12,22],[19,7,3,17,1,20,4,18,23,21,24,2,15,13,16,14,11,9,5,22,8,10,12],[3,11,9,23,21,1,4,24,22,2,19,17,20,18,7,15,13,16,14,8,10,6,5,12],[11,19,9,23,17,21,24,20,18,15,13,16,7,3,1,4,14,2,8,6,5,10],[19,11,9,7,23,21,17,20,24,22,18,3,1,4,2,15,13,16,14,6,8,5],[23,11,9,7,3,1,21,24,4,22,2,19,17,20,18,15,13,16,14,5,10,12,8],[7,3,11,9,23,21,1,24,4,2,15,13,16,14,20,17,5,19,18,12,6,8,22,10],[15,11,9,7,23,21,13,24,16,19,17,20,18,3,1,4,2,14,12,5,10,6,22],[7,3,15,1,13,4,16,2,14,11,12,9,24,18,19,22,20,10,5,21,23,8,6,17],[15,23,21,13,24,16,3,1,4,14,12,9,8,19,17,7,18,2,5,20,22,11,10,6],[15,23,21,13,24,16,11,9,7,19,17,20,14,1,4,8,10,3,22,2,5,18],[15,11,9,23,13,21,16,24,19,17,20,18,3,1,4,2,14,6,7,5,10],[3,11,1,9,23,21,24,4,22,2,19,17,20,18,7,15,13,16,14,8,6,5,12],[3,19,17,1,20,4,18,7,23,21,24,22,2,15,13,16,14,12,9,5,11,8,10,6],[19,7,23,17,21,24,20,18,15,13,16,3,1,4,2,14,10,9,6,5,11,22,12],[11,3,9,19,17,1,20,4,18,7,23,21,24,2,15,13,16,14,5,12,22,6,8,10],[7,11,23,21,9,15,13,16,24,3,1,4,14,17,20,5,2,22,10,19,8,18,6,12],[19,7,3,17,1,4,20,2,18,15,13,16,14,21,23,11,10,9,24,6,5,22,8,12],[11,19,9,15,17,13,16,20,14,2,21,23,8,7,3,1,24,4,6,10,18,5],[7,11,23,21,9,3,1,4,24,22,2,19,17,20,18,15,13,16,14,6,5],[23,19,17,21,24,20,18,3,1,4,22,2,15,13,16,14,10,8,7,12,11,9,5,6],[3,23,21,1,24,4,2,7,19,17,20,18,11,9,15,13,16,14,6,5,12,10],[19,3,17,1,20,4,18,11,9,23,21,24,2,7,15,13,16,14,6,5,22,10,8,12],[3,19,17,1,4,20,18,15,13,16,14,23,7,9,24,6,21,8,5,11,2,10,22,12],[11,3,9,15,13,1,4,16,14,22,18,6,5,21,23,24,2,7,20,19,12,17,8,10],[15,3,1,13,16,4,2,14,19,17,8,7,10,21,23,11,12,9,18,24,6,5,20,22],[11,15,9,23,13,21,24,16,7,19,17,20,14,3,1,2,4,18,5],[15,23,21,13,24,16,11,9,19,17,20,18,7,3,1,4,14,8,2,5,6,10,12,22],[19,23,21,17,20,24,18,15,13,16,11,9,3,1,4,14,7,5,2,22,12,10,8,6],[3,15,1,13,16,4,14,9,7,23,18,22,21,24,2,20,11,10,6,5,8],[7,11,15,9,23,13,21,24,16,19,17,20,18,3,1,4,14,8,10,2,22,6,5,12],[3,19,1,17,20,4,2,18,7,15,13,16,14,21,22,23,9,24,8,6,5,12,11,10],[15,23,21,13,16,24,19,17,20,18,11,9,3,1,4,2,14,6,7,5,10],[23,19,17,21,24,20,22,18,3,1,4,2,15,13,16,14,5,12,11,9,6,7,10],[23,19,21,17,20,24,22,18,3,1,4,2,7,11,9,15,13,16,14,5,8,10,6],[23,19,17,21,24,20,18,15,13,16,7,11,9,3,1,4,2,14,6,5,12,10],[23,3,1,21,24,4,2,11,9,15,13,16,14,18,8,7,12,22,19,17,20,6,5,10],[11,7,23,21,9,19,17,20,24,18,3,1,4,22,2,15,13,16,14,12,8,5,6,10],[19,15,13,17,16,20,18,23,21,24,7,3,1,4,2,14,11,9,8,12,22,5,10,6],[15,19,13,17,20,16,14,3,1,7,9,21,23,4,24,2,8,22,11,18,10,6,12,5],[3,15,1,13,4,16,14,6,5,21,23,12,11,9,18,22,24,19,17,7,8],[7,15,23,13,21,16,24,19,17,20,14,2,11,9,4,3,1,6,5,22,10,8,18],[7,19,23,21,17,24,20,22,18,3,1,4,2,15,13,16,14,12,10,11,9,6,5],[15,11,9,3,1,13,4,16,2,14,20,23,5,22,18,24,6,10,19,8,17,12,21,7],[11,23,9,19,21,17,20,24,22,18,7,15,13,16,14,4,2,3,1,5],[15,19,17,13,20,16,18,11,9,7,23,21,24,3,1,4,14,8,12,2,6,5,10],[15,11,13,9,3,1,16,4,14,18,24,5,23,2,17,20,22,7,19,6,10,12],[11,15,9,23,21,13,24,16,7,3,1,4,14,20,19,17,8,12,2,6,5,22,18,10],[15,23,21,13,24,16,19,17,20,18,3,1,4,2,14,9,6,7,10,8,11,5,22],[15,23,21,13,24,16,3,1,4,2,14,10,20,5,9,18,11,8,22,12,7,19],[7,19,23,21,17,20,24,18,15,13,16,11,9,3,1,4,2,14,10,8,6,12,5,22],[3,11,1,9,15,13,4,16,14,6,7,18,21,23,22,24,8,12,17,5,19,2,10,20],[7,15,19,17,13,20,16,14,21,23,11,10,3,1,9,4,22,24,6,2,8,5,18,12],[23,19,21,17,24,20,18,3,1,4,22,2,11,9,7,15,13,16,14,8,12,6,5],[7,3,15,1,13,4,16,14,19,17,23,11,10,9,20,22,24,2,6,18,12,5,21,8],[7,19,15,13,17,16,20,18,11,9,3,1,4,14,24,21,23,6,5,2,12,8],[3,23,21,1,24,4,2,15,13,16,14,6,5,9,19,17,20,12,10,7,22],[19,15,17,13,16,20,14,12,9,5,2,21,23,1,24,11,3,4],[15,3,1,13,4,16,14,7,9,21,24,19,17,20,22,23,2,8,18,6,5,12,11,10],[15,7,19,17,13,16,20,18,3,1,4,14,24,11,9,23,2,6,8,21,10,5],[15,3,13,1,4,16,14,20,21,24,10,8,11,7,9,17,23,2,6,5],[3,23,21,1,4,24,22,2,7,11,9,15,13,16,14,20,18,6,8,5,12,10],[11,7,3,9,15,13,1,16,4,2,14,24,20,18,22,12,23,5,19,6,10,17],[15,11,13,9,7,3,1,16,4,2,14,19,17,23,21,24,18,5,6,10,22,12,8,20],[15,23,13,21,16,24,11,9,3,1,4,14,20,7,17,22,8,12,18,6,2,5],[19,3,17,1,4,20,2,18,15,13,16,14,23,12,9,6,7,21,24,8,10,5,11,22],[19,15,17,13,16,20,18,23,21,24,11,9,7,3,1,4,2,14,6,5,8,12,22,10],[7,11,15,9,23,13,21,16,24,19,17,20,18,3,1,4,2,14,6,8,5,22,10],[23,19,17,21,24,20,18,3,1,4,2,11,9,7,15,13,16,14,8,12,6,5,22],[3,11,9,19,17,1,20,4,2,18,15,13,16,14,23,7,22,24,10,5,12,8,21],[11,23,21,9,15,13,24,16,3,1,4,2,14,18,8,6,7,19,20,12,5,10,17],[7,23,3,1,21,24,4,22,2,19,17,20,18,11,9,15,13,16,14,6,5,12],[23,3,1,21,24,4,2,15,13,16,14,7,20,10,11,12,9,19,18,5,6],[7,3,11,1,9,15,13,16,4,2,14,18,23,22,21,24,8,6,17,10,5],[15,3,13,1,16,4,2,14,23,10,17,7,9,22,20,21,24,5,18,12,11],[3,19,1,17,20,4,2,18,11,9,15,13,16,14,7,24,21,22,23,5,6],[19,11,17,9,3,1,4,20,2,18,15,13,16,14,23,8,6,7,22,21,24,5,12,10],[15,3,1,13,4,16,14,9,19,17,8,21,22,5,23,24,18,2,6,12,11,7,10,20],[19,11,9,15,17,13,20,16,18,7,23,21,24,3,1,4,14,2,6,8,5,10,12],[23,15,21,13,24,16,11,9,7,3,1,4,2,14,20,19,17,10,6,5,22,18,8],[19,3,17,1,4,20,2,18,23,21,24,15,13,16,14,11,12,9,5,6,22,7,8],[15,3,1,13,4,16,2,14,21,22,6,7,23,18,9,24,11,8,5,19,20,12,10],[7,15,11,13,9,19,17,16,20,18,23,21,24,3,1,4,2,14,5,12,6,10,8],[15,19,17,13,16,20,18,23,21,24,7,11,9,3,1,4,2,14,6,5,8,12,22],[11,19,9,23,17,21,20,24,18,15,13,16,3,1,4,2,14,5,22,8,7,12,6,10],[19,15,13,17,16,20,18,11,9,23,21,24,7,3,1,4,2,14,6,5,8,10,22,12],[3,15,13,1,16,4,14,18,21,23,9,7,24,17,5,6,22,10,2,19,11,12,20,8],[19,7,23,21,17,20,24,22,18,3,1,4,2,15,13,16,14,9,6,8,5,10,11],[19,7,15,13,17,16,20,18,3,1,4,2,14,11,10,23,9,24,5,21],[3,19,1,17,4,20,18,11,9,23,21,24,22,2,15,13,16,14,6,7,8,12,5,10],[7,15,11,9,3,1,13,16,4,14,17,24,22,6,23,8,18,5,2,12,10,21,19,20],[11,3,9,7,15,1,13,16,4,2,14,24,20,18,22,23,12,6,5,10,17,21,19,8],[15,11,13,9,23,21,24,16,3,1,4,14,6,8,7,19,17,20,22,2,5,12,18],[3,11,9,7,23,21,1,24,4,22,2,15,13,16,14,18,17,8,5,10],[23,7,11,9,3,21,1,4,24,2,19,17,20,18,15,13,16,14,10,6,5],[23,7,19,21,17,24,20,18,11,9,3,1,4,22,2,15,13,16,14,8,5,6],[19,3,17,1,4,20,2,18,11,9,7,23,21,24,15,13,16,14,5,8,22,6,12],[15,11,9,7,19,17,13,20,16,14,23,4,22,2,1,24,5,18,21,12,3,10],[7,3,19,1,17,4,20,2,18,15,13,16,14,12,11,9,24,22,23,8,6,5,21],[7,23,11,9,15,21,13,24,16,3,1,4,2,14,19,17,20,8,6,5,18,22,12,10],[23,3,21,1,24,4,22,2,7,15,13,16,14,12,11,9,18,8,20,10,5,19,17,6],[11,7,19,9,15,13,17,20,16,18,3,1,4,14,22,21,23,2,24,8,10,5,12,6],[3,11,1,9,7,23,21,4,24,2,15,13,16,14,19,17,20,6,8,12,18,10],[15,11,9,19,17,13,16,20,18,23,21,24,3,1,4,2,14,7,6,5,10,22],[7,19,23,21,17,24,20,18,15,13,16,3,1,4,14,11,12,9,5,22,6,10,2,8],[11,3,9,23,21,1,24,4,2,19,17,20,18,7,15,13,16,14,10,8,5,6,22,12],[15,11,9,19,17,13,20,16,18,7,3,1,4,14,24,5,23,2,22],[11,23,21,9,19,17,20,24,22,18,15,13,16,14,5,4,3,1,2,6,7],[11,3,1,9,23,21,24,4,22,2,7,15,13,16,14,18,5,12,20,10,19,8,6,17],[3,23,21,1,24,4,2,7,11,9,15,13,16,14,18,5,20,10,19,8],[19,11,9,3,1,17,20,4,18,15,13,16,2,14,7,23,22,21,24,10,5,12,6,8],[15,3,1,13,16,4,14,8,21,10,23,20,5,12,11,9,24,17,18,2],[7,23,3,21,1,24,4,2,19,17,20,18,15,13,16,14,9,8,10,6,5,22,11,12],[19,7,15,13,17,20,16,18,3,1,4,14,11,12,9,23,21,24,2,6,22,8,5],[15,7,19,13,17,20,16,18,3,1,4,14,24,10,9,21,23,8,6,5,22,2],[19,11,17,9,7,3,1,4,20,2,18,15,13,16,14,23,22,24,5,10,12,21,8],[3,19,17,1,4,20,18,11,9,15,13,16,2,14,8,7,24,23,5,6,21,22,12,10],[11,3,1,9,19,17,20,4,18,7,23,21,24,2,15,13,16,14,5,6,10,22,12],[7,11,3,9,15,1,13,4,16,2,14,23,19,17,20,22,24,5,10,8,21,18,6],[15,7,3,13,1,4,16,14,20,10,23,11,9,22,18,21,24,2,5,17,19,8],[3,11,1,9,23,21,24,4,2,19,17,20,18,15,13,16,14,5,22,10,12,8],[15,11,13,9,7,19,17,20,16,18,23,21,24,3,1,4,14,2,5,12],[15,23,21,13,16,24,7,3,1,4,14,19,17,10,11,12,9,20,6,5,18,2],[