{"problem_id":"CPd3q1he8bOEYnf","sigma":150,"alpha":10.000,"cost":0,"probabilities":"[0.17, 0.18, 0.4, 0.25]","payoff_matrix":"[[19, -195, 240, 98, 135, 82], [146, 75, 60, 156, 22, 18], [138, 166, -151, 33, 55, -20], [-125, 21, -112, -25, -74, 21]]","uncovered":[[19,7,11,15,3,8,4,23,20,16,2,6,5,1,24,14,13,18,22,17,21,9,12],[7,19,3,4,15,23,11,8,20,16,6,2,5,1,24,14,13,18,22,17,21,10,12],[23,7,3,8,4,19,15,11,20,16,2,6,5,1,24,14,13,18,22,17,21,12,9],[15,23,11,3,7,8,4,19,20,16,6,24,2,1,5,14,13,18,22,17,21,9,12,10],[19,15,23,7,3,8,4,11,20,16,6,24,2,5,1,14,13,18,22,17,21,9,12],[23,7,19,15,3,8,4,11,20,16,2,6,5,1,24,14,13,18,22,17,21,12],[15,3,23,19,7,8,4,11,20,16,2,6,5,1,24,14,13,18,22,17,21,9,12],[15,23,11,7,3,4,19,8,20,16,2,6,5,1,24,14,13,18,22,17,21,12,10],[15,23,7,3,4,19,11,8,20,16,6,24,2,5,1,14,13,18,22,17,21,12],[7,3,4,15,11,19,23,8,20,16,6,24,2,5,1,14,13,18,21,22,17,12,10,9],[11,23,3,19,7,4,15,8,20,16,6,2,5,1,24,14,13,18,22,17,21,9,12],[11,19,7,23,15,3,8,4,20,16,6,24,1,2,5,14,13,18,22,17,21,12],[15,23,7,11,19,3,8,4,20,16,6,2,1,5,24,14,13,18,22,17,21,10,12,9],[19,11,15,23,7,3,8,4,20,16,6,24,2,5,1,14,13,18,22,17,21,12,10],[7,19,11,3,4,15,23,8,20,16,6,2,5,1,24,14,13,18,22,17,21,9,12],[23,19,15,3,11,7,8,4,20,16,6,24,1,2,5,14,13,18,22,17,21,12],[23,3,7,8,4,11,19,15,20,16,2,6,5,1,24,14,13,18,22,17,21,9,12,10],[23,3,7,4,11,15,19,8,20,16,2,6,5,1,24,14,13,18,22,17,21,10,12],[23,3,11,15,7,8,4,19,20,16,6,22,2,1,5,24,14,13,18,17,21,10,12],[23,15,7,11,19,3,4,8,20,16,2,6,1,5,24,14,13,18,22,17,21,12,10],[7,15,3,8,4,19,11,23,20,16,2,6,5,1,24,14,13,18,21,22,17,12,9],[7,11,19,3,4,15,23,8,20,16,6,1,24,2,5,14,13,18,22,17,21,9,12,10],[19,15,3,7,4,23,11,8,20,16,2,6,5,1,24,14,13,18,22,17,21,12,10,9],[23,11,19,15,7,3,8,4,20,16,6,24,2,1,5,14,13,18,22,17,21,12,9],[23,15,3,7,4,11,19,8,20,16,2,6,5,1,24,14,13,18,21,22,17,9,12,10],[7,11,19,15,23,3,4,8,20,16,2,6,1,5,24,14,13,18,22,17,21,12],[15,11,3,19,7,4,23,8,20,16,6,2,5,1,24,14,13,18,22,17,21,10,9,12],[7,23,15,3,4,11,19,8,20,16,6,2,1,5,24,14,13,18,22,17,21,12,10,9],[15,11,19,7,3,4,23,8,20,16,6,2,5,1,24,14,13,18,22,17,21,10,9,12],[19,3,7,8,4,11,23,15,20,16,2,6,5,1,24,14,13,18,22,17,21,12,10],[7,3,8,4,23,15,19,11,20,16,2,6,1,5,24,14,13,18,22,17,21,10,12],[11,3,23,15,7,4,19,8,20,16,6,24,2,1,5,14,13,18,22,17,21,9,12,10],[3,23,15,19,11,7,8,4,20,16,2,6,1,5,24,14,13,18,21,22,17,9,12],[15,23,11,7,3,4,19,8,20,16,6,2,5,1,24,14,13,18,22,17,12,21],[15,19,7,3,8,4,23,11,20,16,2,6,1,5,24,14,13,18,22,17,21,9,12],[23,15,3,19,7,4,11,8,20,16,6,2,5,1,24,14,13,18,22,17,21,9,12,10],[7,23,11,15,3,4,19,8,20,16,6,2,5,1,24,14,13,18,22,17,21,12],[3,15,19,7,8,4,23,11,20,16,2,6,5,1,24,14,13,18,22,17,21,10,12],[11,15,3,7,8,4,23,19,20,16,6,2,5,1,24,14,13,18,22,17,10,21,12,9],[7,11,19,15,3,8,4,23,20,16,2,6,1,5,24,14,13,18,22,17,21,9,12,10],[19,7,23,15,11,3,8,4,20,16,6,2,5,1,24,14,13,18,22,17,10,21,9,12],[15,7,3,8,4,23,11,19,20,16,2,6,5,1,24,14,13,18,21,22,17,9,12],[19,15,23,11,7,3,8,4,20,16,5,2,6,1,24,14,13,18,22,17,21,12,9,10],[7,11,15,23,19,3,4,8,20,16,2,6,1,5,24,14,13,18,22,17,21,12,9],[11,19,15,7,3,4,23,8,20,16,6,2,5,1,24,14,13,18,22,17,21,12],[19,15,7,23,11,3,4,8,20,16,6,2,5,1,24,14,13,18,21,22,17,12,9],[3,7,8,4,11,15,23,19,20,16,2,6,1,5,24,14,13,18,22,17,21,10,12],[11,7,23,3,4,19,15,8,20,16,6,1,22,24,2,5,14,13,18,17,21,12],[3,23,15,7,8,4,19,11,20,16,6,1,24,2,5,14,13,18,22,17,21,10,12,9],[19,7,15,23,11,3,4,8,20,16,2,6,5,1,24,14,13,18,22,17,12,21,9],[23,7,11,15,3,4,19,8,20,16,6,24,2,5,1,14,13,18,22,17,21,10,12],[23,15,11,3,7,8,4,19,20,16,2,6,1,5,24,14,13,18,22,17,21,12,9],[23,15,19,11,7,3,4,8,20,16,6,24,2,1,5,14,13,18,22,17,21,10,12],[15,3,11,23,19,7,8,4,20,16,2,6,1,5,24,14,13,18,22,17,21,12,10],[11,7,3,4,19,15,23,8,20,16,6,24,1,2,5,14,13,18,22,17,21,12,9,10],[15,19,7,3,8,4,11,23,20,16,6,1,24,2,5,14,13,18,22,17,21,12,9],[19,15,11,7,3,8,4,23,20,16,6,24,2,1,5,14,13,18,22,17,21,10,12,9],[11,7,3,4,23,15,19,8,20,16,2,6,5,1,24,14,13,18,22,17,21,12,9,10],[15,19,3,23,11,7,8,4,20,16,2,6,5,1,24,14,13,18,22,17,21,12,9],[15,23,3,19,11,7,8,4,20,16,2,6,5,1,24,14,13,18,22,17,21,9,12,10],[7,23,11,15,3,4,19,8,20,16,6,2,5,1,24,14,13,18,22,17,21,9,12],[23,3,7,4,15,11,19,8,20,16,2,6,1,5,24,14,13,18,22,17,21,12,9],[15,19,7,23,11,3,4,8,20,16,6,24,2,1,5,14,13,18,22,17,21,10,12,9],[15,23,11,3,7,8,4,19,20,16,6,24,2,5,1,14,13,18,22,17,21,12,10,9],[11,7,15,19,3,8,4,23,20,16,6,24,2,5,1,14,13,18,22,17,21,9,12],[23,15,3,7,4,19,11,8,20,16,2,6,1,5,24,14,13,18,22,17,21,12],[7,23,19,11,15,3,8,4,20,16,6,2,1,5,24,14,13,18,22,17,21,12,9],[15,23,7,3,8,4,19,11,20,16,6,1,24,2,5,14,13,18,22,17,21,12],[3,15,7,8,4,19,11,23,20,16,6,24,1,2,5,14,13,18,22,17,21,12,10,9],[7,3,4,11,23,19,15,8,20,16,2,6,5,1,24,14,13,18,22,17,21,9,12,10],[7,15,19,23,3,4,11,8,20,16,2,6,5,1,24,14,13,18,22,17,21,9,12,10],[19,7,23,11,15,3,4,8,20,16,2,6,5,1,24,14,13,18,22,17,21,9,12],[15,3,11,19,7,4,23,8,20,16,6,24,1,2,5,14,13,17,18,22,21,10,9,12],[19,11,23,15,7,3,8,4,20,16,2,6,5,1,24,14,13,18,22,17,21,10,12,9],[19,23,11,3,7,8,4,15,20,16,2,6,1,5,24,14,13,18,22,17,21,12],[7,15,3,8,4,23,19,11,20,16,2,6,5,1,24,14,13,18,22,17,21,9,12],[3,11,7,8,4,15,23,19,20,16,2,6,5,1,24,14,13,18,22,17,21,9,12,10],[3,11,19,23,15,7,4,8,20,16,6,2,5,1,24,14,13,18,22,17,21,12],[19,15,23,3,7,4,11,8,20,16,2,6,5,1,24,14,13,18,22,17,21,10,12,9],[19,3,15,11,7,8,4,23,20,16,2,6,5,1,24,14,13,18,22,17,21,9,12],[23,3,15,11,19,7,4,8,20,16,2,6,5,1,24,14,13,18,22,17,21,12,10,9],[23,3,7,8,4,15,11,19,20,16,6,1,24,21,2,5,14,13,18,22,17,10,12],[23,7,11,3,4,15,19,8,20,16,2,6,1,5,24,14,13,18,22,17,21,12,10],[15,19,3,23,11,7,8,4,20,16,2,6,1,5,24,14,13,18,21,22,17,12,9,10],[7,23,11,15,19,3,8,4,20,16,6,2,1,5,24,14,13,18,22,17,21,9,12],[7,23,19,15,11,3,4,8,20,16,2,6,1,5,24,14,13,18,22,17,21,12],[11,23,15,3,7,8,4,19,20,16,2,6,5,1,24,14,13,18,22,17,21,9,12],[3,23,19,7,4,15,11,8,20,16,6,24,2,5,1,14,13,18,22,17,21,12],[23,19,3,11,15,7,4,8,20,16,2,6,1,5,24,14,13,18,17,22,21,12],[23,19,15,11,3,7,4,8,20,16,6,21,24,2,1,5,14,13,18,22,17,9,12,10],[15,11,7,19,3,8,4,23,20,16,2,6,1,5,24,14,13,18,22,17,21,9,12,10],[3,19,23,7,4,11,15,8,20,16,6,1,24,2,5,14,13,17,18,22,21,10,12],[19,23,15,3,11,7,8,4,20,16,6,2,5,1,24,14,13,18,22,17,21,10,12,9],[19,15,3,11,23,7,4,8,20,16,2,6,1,5,24,14,13,18,22,17,21,12,9,10],[15,23,19,3,7,4,11,8,20,16,2,6,5,1,24,14,13,18,22,17,21,9,12],[11,19,15,23,3,7,4,8,20,16,6,24,2,1,5,14,13,18,22,17,21,12],[3,19,11,15,7,8,4,23,20,16,2,6,1,5,24,14,13,18,21,22,17,12,9],[3,7,8,4,23,19,11,15,20,16,2,6,1,5,24,14,13,18,22,17,21,9,12,10],[15,23,7,3,4,19,11,8,20,16,6,2,1,5,24,14,13,18,22,17,21,10,12,9],[7,23,3,8,4,15,19,11,20,16,2,6,1,5,24,14,13,18,22,17,21,9,12,10],[19,23,15,11,7,3,4,8,20,16,2,6,1,5,24,14,13,18,22,17,21,9,12],[23,15,19,3,7,8,4,11,20,16,2,6,1,5,24,14,13,17,18,22,21,9,12,10],[7,23,11,3,4,19,15,8,20,16,2,6,5,1,24,14,13,18,22,17,21,10,9,12],[11,15,7,3,4,19,23,8,20,16,6,24,2,5,1,14,13,18,22,17,21,12,9,10],[11,23,7,15,19,3,4,8,20,16,2,6,5,1,24,14,13,18,22,17,12,21],[7,15,3,8,4,23,11,19,20,16,2,6,1,5,24,14,13,18,22,17,21,10,9,12],[11,19,15,3,7,4,23,8,20,16,6,24,2,5,1,14,13,18,22,17,21,9,12],[15,11,3,19,7,8,4,23,20,16,6,2,1,5,24,14,13,18,22,17,21,9,12,10],[15,3,7,8,4,11,23,19,20,16,6,1,24,2,5,14,13,18,22,17,21,10,12],[7,15,23,3,8,4,19,11,20,16,2,6,1,5,24,14,13,18,22,17,21,9,12,10],[7,19,23,3,8,4,15,11,20,16,2,6,5,1,24,14,13,18,22,17,21,9,12],[19,7,11,15,3,4,23,8,20,16,6,2,1,5,24,14,13,18,22,17,21,9,12,10],[23,7,11,15,3,8,4,19,20,16,2,6,1,5,24,14,13,18,22,17,21,9,12],[7,19,23,11,3,8,4,15,20,16,6,24,2,1,5,14,13,18,22,17,21,12,9,10],[3,23,15,7,8,4,11,19,20,16,2,6,1,5,24,14,13,18,22,17,21,12],[7,19,3,4,11,23,15,8,20,16,6,2,5,1,24,13,14,17,18,22,21,9,12],[19,3,15,23,7,8,4,11,20,16,2,6,5,1,24,14,13,18,22,17,21,10,12,9],[19,23,7,3,4,15,11,8,20,16,2,6,5,1,24,14,13,18,21,22,17,9,12,10],[3,11,7,8,4,23,19,15,20,16,6,24,2,1,5,13,14,18,22,17,21,12],[15,23,7,3,8,4,11,19,20,16,2,6,5,1,24,14,13,18,21,22,17,12],[3,11,19,23,15,7,8,4,20,16,6,24,1,2,5,14,13,18,22,17,21,10,12,9],[11,19,23,7,15,3,8,4,20,16,6,1,24,2,5,14,13,18,22,17,21,9,12],[7,23,19,15,3,8,4,11,20,16,6,2,5,1,24,14,13,18,22,17,21,12,10],[19,15,11,23,3,7,4,8,20,16,2,6,1,5,24,14,13,18,22,17,21,12,9,10],[15,7,23,11,3,8,4,19,20,16,2,6,1,5,24,14,13,18,22,17,21,12,10],[11,3,23,15,19,7,4,8,20,16,6,24,1,5,2,14,13,18,22,17,21,10,12,9],[3,15,7,4,11,23,19,8,20,16,2,6,5,1,24,14,13,18,22,17,21,9,12],[7,19,11,23,3,8,4,15,20,16,2,6,1,5,24,14,13,18,22,17,21,12,9],[23,7,3,4,19,15,11,8,20,16,6,24,2,1,5,14,13,18,22,17,21,9,12,10],[19,7,3,4,15,11,23,8,20,16,2,6,5,1,24,14,13,18,21,22,17,10,12],[15,3,7,8,4,19,23,11,20,16,6,1,22,24,2,5,14,13,18,17,21,9,12],[11,15,23,3,19,7,4,8,20,16,2,6,1,5,24,14,13,18,22,17,21,10,12,9],[23,3,11,19,7,8,4,15,20,16,6,24,2,1,5,14,13,18,22,17,21,9,12,10],[23,19,11,3,15,7,8,4,20,16,2,6,1,5,24,14,13,18,22,17,21,12,9,10],[23,7,11,19,3,8,4,15,20,16,6,2,5,1,24,14,13,18,22,17,21,10,12,9],[11,19,3,7,4,15,23,8,20,16,2,6,1,5,24,14,13,18,22,17,21,12,10,9],[23,15,19,3,11,7,4,8,20,16,5,2,6,1,24,14,13,18,21,22,17,12],[11,3,7,8,4,15,19,23,20,16,2,6,1,5,24,14,13,18,22,17,21,10,12,9],[23,15,3,11,19,7,4,8,20,16,2,6,5,1,24,14,13,18,22,17,21,12,10,9],[11,7,19,3,4,15,23,8,20,16,2,6,1,5,24,14,13,18,22,17,21,12],[7,23,11,19,3,4,15,8,20,16,2,6,5,1,24,14,13,18,22,17,21,12],[23,3,19,15,7,4,11,8,20,16,6,2,5,1,24,14,13,18,22,17,21,12],[7,3,4,15,23,11,19,8,20,16,2,6,5,1,24,14,13,18,22,17,21,12,9],[19,7,15,23,3,4,11,8,20,16,6,2,1,5,24,14,13,18,22,17,21,9,12],[15,3,7,4,11,19,23,8,20,16,2,6,5,1,24,14,13,18,22,17,21,10,9,12],[19,15,11,23,3,7,4,8,20,16,2,6,1,5,24,14,13,18,22,17,21,12,9],[15,7,11,3,8,4,23,19,20,16,6,1,24,2,5,14,13,18,21,22,17,9,12],[15,3,23,19,7,8,4,11,20,16,6,22,2,1,5,24,14,13,18,17,21,12,10],[23,15,19,11,7,3,8,4,20,16,2,6,5,1,24,14,13,18,22,17,21,12,10,9],[7,11,3,8,4,23,19,15,20,16,6,2,1,5,24,14,13,18,22,17,21,9,12],[15,11,7,23,19,3,4,8,20,16,6,2,5,1,24,14,13,18,22,17,21,12,10,9],[23,11,15,19,7,3,4,8,20,16,6,2,5,1,24,14,13,18,22,17,21,12,9],[15,3,23,7,8,4,19,11,20,16,6,2,1,5,24,14,13,18,21,22,17,12,9],[15,7,3,8,4,23,19,11,20,16,2,6,5,1,24,14,13,18,22,17,21,9,12],[19,15,23,7,3,4,11,8,20,16,6,2,5,1,24,14,13,18,22,17,10,21,12,9],[3,23,19,11,7,8,4,15,20,16,6,2,1,5,24,14,13,18,22,17,21,9,12],[19,11,23,15,7,3,4,8,20,16,6,24,1,2,5,14,13,18,22,17,9,12,21],[11,7,3,4,23,19,15,8,20,16,2,6,5,1,24,14,13,18,22,17,21,12,9,10],[3,11,7,8,4,15,19,23,20,16,6,24,2,1,5,14,13,18,22,17,21,12,9,10],[7,23,11,19,3,8,4,15,20,16,2,6,1,5,24,14,13,18,22,17,21,10,12,9],[3,7,8,4,19,15,11,23,20,16,2,6,5,1,24,14,13,18,22,17,21,10,12,9],[3,23,7,4,11,15,19,8,20,16,6,1,24,2,5,14,13,18,22,17,21,12,9],[3,19,23,15,7,8,4,11,20,16,6,2,1,5,24,14,13,18,22,17,21,12,10],[19,3,11,7,8,4,15,23,20,16,6,24,2,5,1,14,13,18,22,17,21,12],[15,19,7,23,11,3,8,4,20,16,6,24,2,5,1,14,13,18,21,22,17,12],[15,19,23,3,7,8,4,11,20,16,2,6,1,5,24,14,13,18,22,17,21,9,12,10],[3,19,7,4,23,15,11,8,20,16,2,6,5,1,24,14,13,18,22,17,21,10,9,12],[7,19,23,3,8,4,11,15,20,16,2,6,5,1,24,14,13,18,22,17,21,9,12,10],[11,3,19,15,7,8,4,23,20,16,2,6,5,1,24,14,13,18,21,22,17,10,12,9],[3,15,19,7,8,4,23,11,20,16,2,6,1,5,24,14,13,18,22,17,21,10,12,9],[3,15,23,19,7,4,11,8,20,16,2,6,5,1,24,14,13,18,21,22,17,9,12],[11,7,23,19,15,3,4,8,20,16,6,24,2,1,5,14,13,18,22,17,21,12,9,10],[19,3,11,23,15,7,8,4,20,16,2,6,5,1,24,14,13,18,22,17,21,9,12,10],[7,11,15,23,3,4,19,8,20,16,2,6,1,5,24,14,13,18,22,17,21,12],[23,15,19,11,3,7,8,4,20,16,6,2,5,1,24,14,13,18,22,17,21,9,12],[3,23,11,19,15,7,8,4,20,16,2,6,5,1,24,14,13,18,22,17,21,9,12,10],[7,15,23,11,3,8,4,19,20,16,6,2,1,5,24,14,13,18,22,17,21,12],[7,11,19,3,8,4,23,15,20,16,6,24,2,1,5,14,13,18,22,17,12,21,10,9],[11,19,15,23,3,7,8,4,20,16,2,6,1,5,24,14,13,18,21,22,17,9,12,10],[3,7,4,19,15,23,11,8,20,16,6,24,2,1,5,14,13,18,22,17,21,12,10],[15,7,3,8,4,11,19,23,20,16,2,6,1,5,24,14,13,18,22,17,21,12],[7,23,11,3,4,19,15,8,20,16,6,2,5,1,24,14,13,18,22,17,21,10,12],[3,7,4,19,23,15,11,8,20,16,2,6,5,1,24,14,13,18,21,22,17,9,12,10],[23,15,3,7,8,4,11,19,20,16,2,6,5,1,24,14,13,18,21,22,17,12],[11,15,7,3,8,4,19,23,20,16,6,2,5,1,24,14,13,18,22,17,21,9,12,10],[19,7,3,8,4,11,15,23,20,16,6,1,24,14,5,13,2,18,22,17,21,9,12],[11,15,3,23,19,7,4,8,20,16,6,24,2,1,5,14,13,18,22,17,21,12,9,10],[11,15,19,7,3,8,4,23,20,16,2,6,1,5,24,14,13,18,22,17,21,12,10,9],[7,19,15,3,8,4,23,11,20,16,2,6,1,5,24,14,13,18,22,17,21,10,12],[19,11,15,23,3,7,8,4,20,16,6,2,1,5,24,14,13,18,22,17,21,10,9,12],[15,19,7,23,11,3,8,4,20,16,2,6,5,1,24,14,13,18,22,17,21,10,12],[11,7,23,3,8,4,19,15,20,16,6,2,1,5,24,14,13,18,22,17,21,10,12],[15,3,7,8,4,23,19,11,20,16,2,6,1,5,24,14,13,18,22,17,21,10,12],[23,7,19,3,8,4,15,11,20,16,2,6,5,1,24,14,13,18,22,17,21,10,9,12],[23,15,7,3,4,19,11,8,20,16,2,6,5,1,24,14,13,18,22,17,21,12,10],[3,15,7,4,23,11,19,8,20,16,2,6,1,5,24,14,13,18,22,17,21,10,12,9],[11,15,19,3,7,8,4,23,20,16,6,2,5,1,24,14,13,18,22,17,21,12,10,9],[7,11,15,3,8,4,19,23,20,16,5,2,6,1,24,14,13,18,22,17,9,12,21],[19,7,3,4,15,23,11,8,20,16,6,2,1,5,24,14,13,18,22,17,21,10,9,12],[11,15,19,7,3,8,4,23,20,16,6,24,2,1,5,14,13,18,22,17,21,12],[3,23,19,15,7,4,11,8,20,16,2,6,1,5,24,14,13,18,21,22,17,9,12],[19,23,15,7,3,4,11,8,20,16,6,2,5,1,24,14,13,18,22,17,21,12,10,9],[7,11,19,23,15,3,4,8,20,16,6,22,2,1,5,24,14,13,18,17,21,10,12],[23,7,11,19,3,8,4,15,20,16,6,24,2,1,5,14,13,18,22,17,21,12,10],[3,23,19,15,7,4,11,8,20,16,6,2,1,5,24,14,13,18,22,17,21,9,12,10],[15,3,19,23,11,7,8,4,20,16,6,2,5,1,24,14,13,18,21,22,17,12],[19,7,11,23,3,4,15,8,20,16,6,2,5,1,24,14,13,18,22,17,21,12,10,9],[11,3,19,23,15,7,8,4,20,16,2,6,1,5,24,14,13,18,22,17,21,9,12,10],[15,19,3,7,4,23,11,8,20,16,6,1,24,2,5,14,13,18,22,17,21,9,12,10],[23,15,3,7,4,19,11,8,20,16,2,6,1,5,24,14,13,18,22,17,21,10,9,12],[23,3,15,19,7,8,4,11,20,16,6,24,2,1,5,14,13,18,22,17,21,9,12,10],[15,7,3,8,4,23,19,11,20,16,6,1,24,13,2,5,14,18,22,17,21,10,12,9],[19,7,23,11,15,3,8,4,20,16,6,2,5,1,24,14,13,18,22,17,21,12],[15,19,7,11,23,3,8,4,20,16,6,2,5,1,24,14,13,18,21,22,17,9,12,10],[19,7,15,23,3,8,4,11,20,16,6,1,24,2,5,14,13,18,22,17,21,12,10],[23,19,11,3,7,8,4,15,20,16,2,6,5,1,24,14,13,18,22,17,21,9,12,10],[3,19,23,15,11,7,4,8,20,16,2,6,5,1,24,14,13,18,22,17,21,9,12,10],[15,7,11,3,4,23,19,8,20,16,2,6,5,1,24,14,13,18,22,17,21,12,10,9],[19,11,7,3,4,23,15,8,20,16,2,6,5,1,24,14,13,18,22,17,10,21,12,9],[11,23,3,15,19,7,8,4,20,16,6,24,2,5,1,14,13,18,21,22,17,9,12],[7,23,15,3,4,19,11,8,20,16,6,2,5,1,24,14,13,18,21,22,17,10,12,9],[11,7,19,15,3,8,4,23,20,16,6,24,1,5,2,14,13,18,22,17,21,12,9],[19,11,3,15,23,7,8,4,20,16,6,1,24,5,2,14,13,18,22,17,21,12],[11,19,3,23,15,7,4,8,20,16,6,24,2,1,5,14,13,17,18,22,21,12],[15,23,19,3,7,4,11,8,20,16,2,6,1,5,24,14,13,18,22,17,21,10,12,9],[15,11,7,19,23,3,8,4,20,16,6,2,5,1,24,14,13,18,22,17,21,9,12],[11,3,23,19,7,8,4,15,20,16,5,2,6,1,24,14,13,18,22,17,21,12,10],[7,19,23,15,3,4,11,8,20,16,6,2,1,5,24,14,13,18,22,17,21,9,12,10],[19,11,7,3,8,4,15,23,20,16,2,6,1,5,24,14,13,18,22,17,21,12,10],[11,7,3,8,4,15,23,19,20,16,1,6,24,2,5,14,13,18,22,17,21,10,12,9],[11,7,19,15,3,8,4,23,20,16,2,6,1,5,24,14,13,18,22,17,21,12,9,10],[19,11,7,3,4,23,15,8,20,16,6,24,2,5,1,14,13,18,22,17,21,10,9,12],[23,7,15,11,19,3,8,4,20,16,2,6,5,1,24,14,13,18,22,17,21,12,9],[3,15,23,11,19,7,4,8,20,16,6,1,24,2,5,14,13,18,22,17,21,12,9,10],[23,3,7,4,19,15,11,8,20,16,6,2,1,5,24,14,13,18,22,17,21,10,12,9],[7,3,8,4,19,15,11,23,20,16,2,6,5,1,24,14,13,18,22,17,21,12,10,9],[11,15,7,19,3,4,23,8,20,16,6,2,5,1,24,14,13,18,22,17,21,10,12,9],[15,23,3,11,19,7,8,4,20,16,1,6,24,2,5,14,13,18,22,17,21,9,12],[3,23,11,7,8,4,15,19,20,16,6,2,1,5,24,14,13,18,22,17,21,9,12,10],[3,7,4,23,19,15,11,8,20,16,2,6,1,5,24,14,13,18,22,17,21,10,9,12],[7,11,23,19,3,8,4,15,20,16,2,6,5,1,24,14,13,18,22,17,21,12,9],[15,23,11,3,7,8,4,19,20,16,2,6,5,1,24,14,13,18,22,17,21,9,12],[7,19,23,15,11,3,8,4,20,16,6,2,1,5,24,14,13,18,22,17,21,12],[23,11,19,3,15,7,8,4,20,16,2,6,5,1,24,14,13,18,22,17,21,12,9],[15,7,11,19,23,3,8,4,20,16,2,6,1,5,24,14,13,18,22,17,21,12,9,10],[7,3,4,15,11,23,19,8,20,16,2,6,1,5,24,14,13,18,22,17,21,9,12,10],[3,7,4,11,23,15,19,8,20,16,6,24,2,5,1,14,13,18,21,22,17,9,12,10],[15,11,3,19,23,7,8,4,20,16,2,6,5,1,24,14,13,18,22,17,21,12,9,10],[11,7,15,19,3,8,4,23,20,16,6,24,2,1,5,14,13,18,22,17,21,10,12],[11,3,7,4,15,23,19,8,20,16,2,6,5,1,24,14,13,18,22,17,21,12,10],[11,23,3,7,8,4,15,19,20,16,6,24,2,1,5,14,13,18,22,17,9,12,21,10],[11,3,23,19,15,7,8,4,20,16,2,6,1,5,24,14,13,18,22,17,21,9,12],[15,19,23,11,3,7,8,4,20,16,2,6,5,1,24,14,13,18,22,17,21,12],[11,7,3,4,15,23,19,8,20,16,6,2,5,1,24,14,13,18,22,17,21,12],[11,15,23,7,3,4,19,8,20,16,2,6,5,1,24,14,13,18,22,17,21,10,9,12],[15,11,3,19,7,8,4,23,20,16,6,24,2,1,5,14,13,18,22,17,21,9,12,10],[15,3,7,8,4,19,23,11,20,16,6,24,2,5,1,14,13,18,22,17,21,12],[7,3,4,15,19,23,11,8,20,16,6,24,2,5,1,14,13,18,22,17,21,12],[23,11,3,7,4,15,19,8,20,16,6,24,1,2,5,14,13,18,22,17,21,9,12],[23,19,7,15,3,8,4,11,20,16,6,21,24,2,5,1,14,13,18,22,17,12,9,10],[11,19,15,7,3,4,23,8,20,16,6,24,2,1,5,14,13,18,21,22,17,10,9,12],[23,3,11,7,8,4,15,19,20,16,2,6,1,5,24,14,13,18,22,17,21,12,10],[19,3,11,7,8,4,23,15,20,16,2,6,1,5,24,14,13,18,22,17,21,12],[3,15,7,4,23,19,11,8,20,16,6,24,2,5,1,14,13,18,22,17,21,12,9,10],[3,7,4,19,11,15,23,8,20,16,2,6,5,1,24,14,13,18,22,17,21,12],[15,23,19,11,7,3,4,8,20,16,6,2,1,5,24,14,13,18,22,17,21,12],[3,23,7,8,4,15,19,11,20,16,6,2,5,1,24,14,13,18,21,22,17,10,12,9],[23,3,19,7,8,4,11,15,20,16,2,6,1,5,24,14,13,18,22,17,21,9,12,10],[23,3,11,7,8,4,15,19,20,16,6,2,5,1,24,14,13,18,22,17,21,9,12,10],[7,3,4,11,19,15,23,8,20,16,6,2,1,5,24,14,13,18,21,22,17,9,12,10],[3,11,7,4,23,19,15,8,20,16,6,24,2,5,1,14,13,18,22,17,21,12,9,10],[7,23,3,4,19,11,15,8,20,16,2,6,5,1,24,14,13,18,22,17,21,10,12,9],[23,15,11,3,19,7,8,4,20,16,6,2,1,5,24,14,13,18,22,17,21,9,12,10],[7,23,19,11,15,3,4,8,20,16,6,24,2,5,1,14,13,18,22,17,21,12,9],[15,7,11,3,8,4,23,19,20,16,6,2,1,5,24,13,14,17,18,22,21,10,12],[23,15,3,7,8,4,19,11,20,16,2,6,5,1,24,14,13,18,22,17,21,9,12,10],[3,19,15,7,4,11,23,8,20,16,2,6,5,1,24,14,13,18,22,17,21,10,12,9],[19,7,11,3,8,4,23,15,20,16,2,6,5,1,24,14,13,18,22,17,21,12,9],[19,15,7,11,23,3,4,8,20,16,6,2,1,5,24,14,13,18,22,17,21,10,12],[11,23,15,3,7,4,19,8,20,16,6,2,5,1,24,14,13,18,22,17,21,9,12],[23,3,7,8,4,15,11,19,20,16,2,6,1,5,24,14,13,18,21,22,17,10,9,12],[11,19,7,15,23,3,4,8,20,16,6,24,2,5,1,14,13,18,22,17,21,10,12,9],[15,23,19,7,3,8,4,11,20,16,6,24,2,1,5,14,13,18,22,17,21,12],[15,23,7,19,11,3,4,8,20,16,1,6,24,2,5,14,13,18,22,17,21,12,10,9],[7,3,8,4,19,11,23,15,20,16,2,6,5,1,24,14,13,18,22,17,21,12],[23,3,15,11,7,8,4,19,20,16,2,6,5,1,24,14,13,18,22,17,21,12,9],[19,11,3,15,7,8,4,23,20,16,6,24,2,5,1,14,13,18,22,17,21,12,10],[3,11,7,8,4,23,15,19,20,16,6,2,1,5,24,14,13,18,22,17,21,12,9],[11,23,3,7,4,15,19,8,20,16,2,6,1,5,24,14,13,18,22,17,21,9,12],[3,23,7,4,19,11,15,8,20,16,6,24,2,1,5,14,13,18,21,22,17,9,12],[23,11,3,19,7,8,4,15,20,16,2,6,5,1,24,14,13,18,22,17,21,12],[7,11,3,8,4,15,19,23,20,16,6,24,1,2,5,14,13,18,21,22,17,12],[15,3,7,8,4,19,11,23,20,16,6,2,5,1,24,14,13,18,21,22,17,10,12],[19,7,3,8,4,23,11,15,20,16,6,24,2,5,1,14,13,18,22,17,21,9,12,10],[11,19,3,15,7,4,23,8,20,16,2,6,1,5,24,14,13,18,22,17,21,12],[15,3,11,19,23,7,8,4,20,16,2,6,1,5,24,14,13,18,22,17,21,12,9],[15,19,7,3,4,11,23,8,20,16,6,24,2,5,1,14,13,18,22,17,21,10,12],[19,7,3,8,4,11,23,15,20,16,6,2,1,5,24,14,13,18,21,22,17,12,10,9],[15,3,23,19,7,8,4,11,20,16,2,6,5,1,24,14,13,18,22,17,21,12,9,10],[15,7,11,19,23,3,8,4,20,16,2,6,5,1,24,14,13,18,22,17,21,10,12],[15,23,19,3,11,7,4,8,20,16,2,6,5,1,24,14,13,18,22,17,21,12],[15,23,19,11,7,3,8,4,20,16,6,24,1,14,13,5,2,18,22,17,21,12,9],[7,23,15,11,3,8,4,19,20,16,6,24,1,2,5,14,13,18,22,17,21,10,12,9],[15,3,19,23,11,7,4,8,20,16,6,2,1,5,24,14,13,18,22,17,21,10,12,9],[11,15,19,7,23,3,4,8,20,16,6,2,1,5,24,14,13,18,22,17,21,12,9],[3,15,23,19,7,8,4,11,20,16,6,22,2,1,5,24,14,13,18,17,21,12,10],[23,11,15,3,7,8,4,19,20,16,2,6,5,1,24,14,13,18,22,17,21,12,9],[3,7,8,4,23,15,11,19,20,16,2,6,1,5,24,14,13,18,22,17,21,12],[23,7,11,15,19,3,8,4,20,16,6,24,1,2,5,14,13,18,22,17,21,10,9,12],[11,15,19,3,23,7,8,4,20,16,2,6,5,1,24,14,13,18,21,22,17,10,12,9],[23,3,15,11,7,4,19,8,20,16,6,2,5,1,24,14,13,18,22,17,21,10,12],[23,19,3,15,11,7,8,4,20,16,2,6,1,5,24,14,13,18,22,17,21,12,9],[23,3,11,15,7,4,19,8,20,16,2,6,1,5,24,14,13,18,22,17,21,9,12],[19,7,15,23,11,3,4,8,20,16,2,6,1,5,24,14,13,18,22,17,21,12],[3,23,15,11,19,7,4,8,20,16,6,2,5,1,24,14,13,18,22,17,21,10,12,9],[23,3,19,15,7,8,4,11,20,16,6,1,24,2,5,14,13,18,22,17,21,12,10,9],[11,23,19,7,15,3,8,4,20,16,6,2,5,1,24,14,13,18,21,22,17,10,12],[23,19,3,15,7,4,11,8,20,16,2,6,1,5,24,14,13,18,22,17,21,9,12,10],[11,7,19,3,8,4,23,15,20,16,6,1,24,2,5,14,13,18,22,17,21,12,9,10],[11,3,15,7,4,19,23,8,20,16,6,1,24,2,5,14,13,17,18,22,21,12,9],[7,3,4,15,19,11,23,8,20,16,2,6,1,5,24,14,13,18,22,17,21,10,9,12],[15,19,7,3,4,11,23,8,20,16,2,6,5,1,24,14,13,18,22,17,21,10,12],[7,3,8,4,19,11,23,15,20,16,2,6,5,1,24,14,13,18,22,17,21,12],[11,19,3,15,23,7,8,4,20,16,6,24,2,1,5,14,13,17,18,22,21,10,12,9],[15,23,3,11,7,8,4,19,20,16,6,24,2,1,5,14,13,18,22,17,21,9,12,10],[19,15,11,7,23,3,8,4,20,16,6,24,2,1,5,14,13,18,22,17,21,12,9,10],[3,11,19,15,7,4,23,8,20,16,2,6,5,1,24,14,13,18,22,17,21,12,10],[7,3,4,15,19,23,11,8,20,16,6,2,5,1,24,14,13,18,22,17,21,10,12,9],[15,7,11,23,3,4,19,8,20,16,6,24,2,1,5,14,13,18,22,17,21,12,10,9],[23,3,7,8,4,11,15,19,20,16,6,24,2,5,1,14,13,18,22,17,21,12,10,9],[15,23,19,3,7,4,11,8,20,16,6,2,1,5,24,14,13,18,22,17,21,12,10,9],[15,19,7,3,4,11,23,8,20,16,6,24,2,1,5,14,13,18,22,17,21,10,12,9],[3,15,19,11,7,4,23,8,20,16,2,6,5,1,24,14,13,18,22,17,21,12,9],[7,3,4,23,19,15,11,8,20,16,2,6,5,1,24,14,13,18,22,17,21,12,10],[15,11,3,19,7,8,4,23,20,16,2,6,5,1,24,14,13,18,22,17,21,12],[11,15,3,23,7,8,4,19,20,16,2,6,5,1,24,14,13,18,22,17,21,12],[11,7,23,19,3,8,4,15,20,16,6,2,5,1,24,14,13,18,22,17,21,12,10],[3,7,8,4,11,19,23,15,20,16,6,2,1,5,24,14,13,18,21,22,17,12],[19,3,23,15,7,4,11,8,20,16,2,6,5,1,24,14,13,18,22,17,21,9,12,10],[23,7,15,19,11,3,4,8,20,16,2,6,5,1,24,14,13,18,22,17,21,12,10,9],[3,23,11,15,19,7,8,4,20,16,6,24,2,5,1,14,13,18,22,17,21,12],[11,19,7,15,3,4,23,8,20,16,6,2,5,1,24,14,13,18,22,17,21,10,12,9],[19,11,23,15,7,3,4,8,20,16,2,6,1,5,24,14,13,18,22,17,21,9,12],[11,3,19,7,4,15,23,8,20,16,2,6,1,5,24,14,13,18,22,17,21,9,12,10],[7,3,4,15,23,19,11,8,20,16,2,6,1,5,24,14,13,18,21,22,17,12],[11,7,23,19,3,4,15,8,20,16,6,24,1,2,5,14,13,18,22,17,21,10,12],[23,19,3,11,15,7,8,4,20,16,5,2,6,1,24,14,13,18,21,22,17,9,12,10],[3,11,23,7,4,15,19,8,20,16,2,6,1,5,24,14,13,18,22,17,21,12,9,10],[3,7,4,19,23,11,15,8,20,16,6,2,5,1,24,14,13,18,22,17,21,12,10],[15,7,23,11,19,3,8,4,20,16,2,6,1,5,24,14,13,18,22,17,21,9,12],[11,19,7,3,4,23,15,8,20,16,2,6,1,5,24,14,13,18,22,17,21,12,10],[23,7,15,19,3,4,11,8,20,16,6,1,24,5,2,14,13,18,22,17,21,9,12],[19,7,23,3,4,11,15,8,20,16,2,6,5,1,24,14,13,18,22,17,21,10,12],[19,23,11,15,7,3,4,8,20,16,2,6,5,1,24,14,13,18,21,22,17,12,10,9],[19,15,7,23,3,8,4,11,20,16,6,24,2,5,1,14,13,18,22,17,21,12,10,9],[3,15,19,7,4,23,11,8,20,16,2,6,5,1,24,14,13,18,22,17,21,9,12,10],[7,23,15,19,11,3,4,8,20,16,2,6,1,5,24,14,13,18,22,17,21,9,12,10],[15,19,3,23,7,4,11,8,20,16,6,2,5,1,24,14,13,18,22,17,21,9,12],[7,11,23,19,3,8,4,15,20,16,2,6,1,5,24,14,13,18,21,22,17,12,10],[7,19,15,11,3,8,4,23,20,16,2,6,1,5,24,14,13,18,22,17,21,9,12],[19,15,23,11,7,3,8,4,20,16,2,6,1,5,24,14,13,18,22,17,21,10,12,9],[11,7,3,8,4,23,19,15,20,16,2,6,5,1,24,14,13,18,22,17,21,12,10,9],[23,19,3,11,15,7,4,8,20,16,6,24,2,5,1,14,13,18,22,17,21,10,9,12],[11,19,15,3,23,7,8,4,20,16,6,2,1,5,24,14,13,18,22,17,21,12,10,9],[11,23,19,7,3,8,4,15,20,16,6,1,24,2,5,14,13,18,22,17,21,10,12],[7,19,15,23,3,4,11,8,20,16,6,1,24,2,5,14,13,18,21,22,17,10,12,9],[19,3,15,23,11,7,4,8,20,16,6,24,2,5,1,14,13,18,22,17,21,9,12],[15,19,3,23,11,7,8,4,20,16,6,24,1,2,5,14,13,18,22,17,21,9,12,10],[11,7,15,23,19,3,8,4,20,16,6,22,2,1,5,24,14,13,18,17,21,9,12],[19,3,23,7,4,11,15,8,20,16,6,2,5,1,24,14,13,18,22,17,21,12,9,10],[23,7,19,3,8,4,11,15,20,16,6,2,1,5,24,14,13,18,22,17,21,9,12,10],[15,11,19,23,7,3,4,8,20,16,6,2,5,1,24,14,13,18,22,17,21,12],[15,7,3,8,4,19,23,11,20,16,2,6,5,1,24,14,13,18,22,17,21,9,12,10],[19,15,7,11,23,3,8,4,20,16,6,1,21,24,2,5,14,13,18,22,17,12],[19,23,11,3,7,4,15,8,20,16,6,2,5,1,24,14,13,18,22,17,21,10,12],[19,23,11,15,3,7,8,4,20,16,6,2,1,5,24,14,13,18,22,17,21,9,12],[19,15,7,3,4,23,11,8,20,16,2,6,1,5,24,14,13,18,22,17,21,9,12,10],[23,19,7,3,8,4,11,15,20,16,2,6,5,1,24,14,13,18,22,17,21,10,12,9],[19,7,23,15,3,8,4,11,20,16,2,6,5,1,24,14,13,18,22,17,21,12],[19,15,11,23,3,7,4,8,20,16,6,24,2,5,1,14,13,18,22,17,21,10,9,12],[19,7,3,8,4,15,23,11,20,16,2,6,5,1,24,14,13,18,22,17,21,12],[23,15,7,3,4,19,11,8,20,16,2,6,1,5,24,14,13,18,22,17,21,12,10,9],[15,11,7,19,3,8,4,23,20,16,2,6,5,1,24,14,13,18,22,17,21,9,12,10],[23,15,3,11,7,8,4,19,20,16,2,6,5,1,24,14,13,18,22,17,21,9,12],[19,7,3,4,23,11,15,8,20,16,6,21,24,2,5,1,14,13,18,22,17,10,12,9],[11,15,3,23,19,7,4,8,20,16,6,24,1,2,5,14,13,18,22,17,21,12,9],[7,3,4,19,15,11,23,8,20,16,2,6,1,5,24,14,13,18,22,17,21,9,12,10],[7,15,3,4,11,19,23,8,20,16,2,6,5,1,24,14,13,18,22,17,21,10,12,9],[11,3,23,7,4,19,15,8,20,16,6,24,2,5,1,14,13,18,22,17,12,21,10,9],[3,15,11,7,8,4,19,23,20,16,2,6,5,1,24,14,13,18,22,17,21,9,12],[19,7,23,3,4,11,15,8,20,16,6,2,5,1,24,14,13,18,22,17,21,9,12],[11,19,23,3,15,7,4,8,20,16,2,6,1,5,24,14,13,18,22,17,21,10,12,9],[15,19,3,23,7,4,11,8,20,16,6,2,1,5,24,14,13,18,22,17,21,12,9,10],[3,7,4,11,15,19,23,8,20,16,2,6,5,1,24,14,13,18,22,17,21,10,9,12],[3,7,8,4,11,23,15,19,20,16,2,6,5,1,24,14,13,18,22,17,21,9,12],[11,3,7,8,4,19,23,15,20,16,6,1,24,2,5,14,13,18,21,22,17,10,12,9],[19,15,3,7,8,4,23,11,20,16,2,6,5,1,24,14,13,18,22,17,21,10,9,12],[15,3,23,19,11,7,4,8,20,16,2,6,1,5,24,14,13,18,22,17,21,9,12],[11,19,3,15,7,8,4,23,20,16,6,1,24,14,13,5,2,18,22,17,21,10,9,12],[7,3,4,19,23,15,11,8,20,16,5,2,6,1,24,14,13,18,21,22,17,9,12],[23,7,3,4,11,15,19,8,20,16,6,2,1,5,24,14,13,18,22,17,21,12,10],[3,15,7,4,19,23,11,8,20,16,6,22,2,1,5,24,14,13,18,17,21,12,9],[3,15,19,23,11,7,4,8,20,16,6,24,2,1,5,14,13,18,21,22,17,12],[3,7,8,4,23,11,19,15,20,16,6,2,5,1,24,14,13,18,22,17,21,10,12,9],[11,3,7,8,4,19,23,15,20,16,2,6,5,1,24,14,13,18,22,17,21,12,9,10],[7,15,3,8,4,11,23,19,20,16,2,6,1,5,24,14,13,18,22,17,21,10,9,12],[15,3,11,19,23,7,4,8,20,16,6,2,1,5,24,14,13,18,21,22,17,10,12,9],[19,15,7,23,3,8,4,11,20,16,2,6,5,1,24,14,13,18,22,17,21,10,12,9],[19,23,11,3,15,7,8,4,20,16,2,6,5,1,24,14,13,17,18,21,22,10,12],[19,3,15,11,7,4,23,8,20,16,2,6,1,5,24,14,13,18,22,17,21,12,9,10],[11,7,19,3,4,15,23,8,20,16,1,6,24,2,5,14,13,18,22,17,21,10,12],[11,19,7,15,3,4,23,8,20,16,6,2,1,5,24,14,13,18,22,17,21,9,12],[7,3,4,19,11,15,23,8,20,16,2,6,5,1,24,14,13,18,22,17,21,12],[11,19,3,7,4,15,23,8,20,16,2,6,1,5,24,14,13,18,22,17,21,12,9,10],[11,3,23,7,8,4,15,19,20,16,2,6,5,1,24,14,13,18,22,17,21,12,9,10],[19,15,3,11,23,7,8,4,20,16,6,24,2,1,5,14,13,18,22,17,21,12,9,10],[23,7,11,15,3,4,19,8,20,16,2,6,1,5,24,14,13,18,22,17,21,10,9,12],[11,7,15,19,23,3,8,4,20,16,2,6,5,1,24,14,13,18,22,17,21,12,9],[23,3,11,19,7,4,15,8,20,16,2,6,1,5,24,14,13,18,22,17,21,12,10,9],[7,3,4,23,11,19,15,8,20,16,2,6,5,1,24,14,13,18,22,17,21,9,12],[23,7,19,11,3,8,4,15,20,16,6,2,1,5,24,14,13,18,22,17,21,12],[15,3,11,7,4,23,19,8,20,16,6,2,1,5,24,14,13,18,22,17,21,10,12,9],[3,19,23,7,8,4,11,15,20,16,2,6,1,5,24,14,13,18,22,17,21,12,9],[19,7,3,8,4,23,15,11,20,16,2,6,5,1,24,14,13,18,22,17,21,12,10,9],[7,3,4,19,15,23,11,8,20,16,2,6,1,5,24,14,13,17,18,22,21,10,12,9],[23,3,7,4,19,11,15,8,20,16,2,6,5,1,24,14,13,18,22,17,21,10,12,9],[3,15,11,19,23,7,4,8,20,16,2,6,5,1,24,14,13,18,22,17,12,21,10,9],[3,15,7,4,19,11,23,8,20,16,2,6,5,1,24,14,13,18,22,17,21,10,12,9],[3,23,15,11,7,8,4,19,20,16,2,6,5,1,24,14,13,18,22,17,21,12,10,9],[7,11,3,8,4,19,15,23,20,16,2,6,5,1,24,14,13,18,22,17,12,21],[15,23,7,11,3,4,19,8,20,16,5,2,6,1,24,14,13,18,22,17,21,9,12],[3,7,8,4,11,19,23,15,20,16,2,6,1,5,24,14,13,18,21,22,17,12,9],[23,3,11,19,7,8,4,15,20,16,6,24,1,5,2,14,13,18,22,17,21,10,12,9],[11,3,15,7,8,4,19,23,20,16,2,6,5,1,24,14,13,18,22,17,21,10,12,9],[15,7,11,23,19,3,8,4,20,16,2,6,5,1,24,14,13,18,22,17,21,9,12],[11,19,7,15,3,4,23,8,20,16,2,6,1,5,24,14,13,18,22,17,21,12,10,9],[19,7,15,23,3,8,4,11,20,16,6,2,5,1,24,14,13,18,22,17,21,12],[3,7,8,4,15,11,19,23,20,16,2,6,5,1,24,14,13,18,22,17,21,12,10,9],[11,19,23,3,7,8,4,15,20,16,6,2,1,5,24,14,13,18,21,22,17,10,12],[23,19,15,11,7,3,4,8,20,16,6,2,5,1,24,14,13,18,22,17,21,12,10,9],[11,15,23,7,3,8,4,19,20,16,6,24,2,5,1,14,13,18,22,17,21,12,10,9],[11,15,23,3,7,4,19,8,20,16,6,24,2,1,5,13,14,18,22,17,21,10,12,9],[7,23,19,15,3,4,11,8,20,16,2,6,5,1,24,14,13,18,22,17,21,12,9],[19,11,15,23,7,3,4,8,20,16,6,24,2,5,1,14,13,18,22,17,21,12],[7,11,23,19,15,3,8,4,20,16,2,6,1,5,24,14,13,18,22,17,21,10,12,9],[23,3,7,8,4,19,15,11,20,16,2,6,1,5,24,14,13,18,22,17,21,12],[11,15,19,3,23,7,8,4,20,16,6,24,2,1,5,14,13,18,22,17,21,12,9,10],[3,19,7,4,11,15,23,8,20,16,2,6,1,5,24,14,13,18,22,17,21,10,12,9],[3,11,7,8,4,23,19,15,20,16,2,6,1,5,24,14,13,18,22,17,9,12,21,10],[7,3,4,15,11,23,19,8,20,16,6,2,5,1,24,14,13,18,22,17,21,10,12],[15,19,11,3,7,4,23,8,20,16,6,24,2,5,1,14,13,18,22,17,21,10,12,9],[15,3,7,4,19,23,11,8,20,16,2,6,1,5,24,14,13,18,22,17,21,9,12],[3,15,23,19,7,8,4,11,20,16,2,6,5,1,24,14,13,18,22,17,21,9,12,10],[11,7,3,4,19,15,23,8,20,16,6,24,1,2,5,14,13,18,22,17,21,12,9,10],[15,11,23,19,3,7,8,4,20,16,6,24,2,5,1,14,13,18,22,17,21,10,12],[7,15,23,11,3,8,4,19,20,16,6,1,24,2,5,14,13,18,22,17,21,10,12,9],[11,23,19,7,15,3,8,4,20,16,2,6,5,1,24,14,13,18,22,17,21,9,12],[23,15,11,19,3,7,8,4,20,16,6,24,2,1,5,14,13,18,22,17,21,12,9,10],[11,3,23,15,19,7,8,4,20,16,6,2,1,5,24,14,13,18,22,17,21,10,9,12],[19,3,15,23,7,4,11,8,20,16,2,6,5,1,24,14,13,18,22,17,21,12,9,10],[11,19,15,7,23,3,4,8,20,16,6,2,5,1,24,14,13,18,22,17,21,9,12,10],[19,7,11,23,3,4,15,8,20,16,2,6,5,1,24,14,13,18,22,17,21,12,10,9],[11,19,23,7,15,3,8,4,20,16,2,6,1,5,24,14,13,18,22,17,21,12,9],[7,11,19,15,23,3,4,8,20,16,6,24,2,1,5,14,13,18,22,17,21,12,9,10],[19,11,23,3,7,4,15,8,20,16,2,6,1,5,24,14,13,18,21,22,17,12],[3,23,15,7,8,4,19,11,20,16,2,6,1,5,24,14,13,18,22,17,21,10,12,9],[3,19,7,8,4,11,15,23,20,16,6,2,5,1,24,14,13,18,22,17,21,12],[3,19,7,4,15,11,23,8,20,16,2,6,5,1,24,14,13,18,22,17,21,10,9,12],[7,3,8,4,11,23,15,19,20,16,2,6,5,1,24,14,13,18,22,17,21,10,9,12],[7,11,19,23,3,4,15,8,20,16,6,24,2,5,1,14,13,18,22,17,21,10,9,12],[11,19,15,23,7,3,4,8,20,16,6,2,1,5,24,14,13,18,22,17,21,10,12],[11,7,15,3,4,19,23,8,20,16,6,2,1,5,24,14,13,18,22,17,21,9,12],[11,15,7,3,4,19,23,8,20,16,6,24,2,1,5,14,13,18,22,17,21,12,10],[23,11,3,7,4,19,15,8,20,16,2,6,5,1,24,14,13,18,22,17,21,10,12,9],[23,7,19,15,11,3,8,4,20,16,2,6,5,1,24,14,13,18,22,17,21,12,9],[23,19,7,11,3,8,4,15,20,16,2,6,1,5,24,14,13,18,22,17,21,10,9,12],[11,7,15,23,3,4,19,8,20,16,2,6,1,5,24,14,13,18,22,17,21,10,12,9],[15,19,7,11,23,3,4,8,20,16,6,1,24,2,5,14,13,18,21,22,17,10,12],[11,7,19,3,4,23,15,8,20,16,1,6,24,2,5,14,13,18,22,17,21,9,12,10],[11,7,23,19,3,4,15,8,20,16,6,24,2,1,5,14,13,18,22,17,21,12,9],[19,3,11,7,4,15,23,8,20,16,6,24,2,1,5,14,13,18,22,17,21,10,12],[15,23,19,11,7,3,8,4,20,16,6,2,1,5,24,14,13,18,21,22,17,9,12],[7,19,15,23,11,3,8,4,20,16,6,24,2,1,5,14,13,18,22,17,21,12],[7,11,19,3,8,4,23,15,20,16,6,2,5,1,24,14,13,18,22,17,21,9,12,10],[3,19,7,8,4,11,15,23,20,16,2,6,1,5,24,14,13,18,22,17,21,12,10,9],[15,3,7,8,4,11,23,19,20,16,6,24,2,1,5,14,13,18,22,17,21,12,9,10],[23,15,3,19,11,7,4,8,20,16,6,2,5,1,24,14,13,18,22,17,21,9,12,10],[23,19,7,15,3,8,4,11,20,16,6,24,2,5,1,14,13,18,22,17,21,12,9,10],[23,19,3,11,7,4,15,8,20,16,2,6,1,5,24,14,13,18,22,17,21,12,9,10],[7,23,15,11,19,3,8,4,20,16,6,24,1,13,2,5,14,18,22,17,21,12],[15,7,11,23,19,3,8,4,20,16,2,6,1,5,24,14,13,18,22,17,21,9,12,10],[11,19,23,3,15,7,4,8,20,16,6,2,1,5,24,14,13,18,22,17,21,12,9,10],[15,23,7,3,8,4,19,11,20,16,2,6,5,1,24,14,13,18,22,17,21,10,12],[3,11,19,7,4,23,15,8,20,16,2,6,1,5,24,14,13,18,22,17,21,12],[15,11,19,7,23,3,4,8,20,16,6,2,5,1,24,14,13,18,22,17,21,12,9],[11,3,19,23,15,7,8,4,20,16,6,24,2,5,1,14,13,17,18,22,21,10,12],[15,23,19,3,11,7,8,4,20,16,6,2,1,5,24,14,13,18,22,17,21,12],[11,19,23,15,3,7,8,4,20,16,2,6,5,1,24,14,13,18,22,17,21,9,12,10],[23,11,19,3,15,7,4,8,20,16,6,2,5,1,24,14,13,18,22,17,21,12],[11,15,19,23,3,7,4,8,20,16,2,6,5,1,24,14,13,18,22,17,21,10,12],[23,3,19,11,15,7,8,4,20,16,6,24,2,1,5,14,13,18,22,17,21,9,12,10],[11,3,23,15,7,4,19,8,20,16,2,6,1,5,24,14,13,18,21,22,17,12,9,10],[15,3,19,23,11,7,4,8,20,16,6,2,5,1,24,14,13,18,22,17,21,12,10,9],[23,3,11,19,15,7,8,4,20,16,6,2,1,5,24,14,13,18,22,17,21,10,12],[19,11,15,3,7,4,23,8,20,16,6,24,2,1,5,14,13,18,22,17,21,12,9,10],[15,3,7,4,19,23,11,8,20,16,2,6,5,1,24,14,13,18,22,17,21,12],[23,7,19,3,8,4,11,15,20,16,2,6,1,5,24,14,13,18,22,17,21,10,12,9],[3,23,7,8,4,15,11,19,20,16,2,6,1,5,24,14,13,18,21,22,17,12],[11,19,3,23,7,8,4,15,20,16,6,24,2,5,1,14,13,18,22,17,21,12,9],[19,23,3,11,7,4,15,8,20,16,6,24,2,5,1,14,13,18,22,17,9,12,21],[23,15,11,19,3,7,8,4,20,16,2,6,1,5,24,14,13,18,22,17,21,10,12],[7,3,4,19,15,11,23,8,20,16,6,24,2,5,1,14,13,18,22,17,21,12,9],[7,15,11,19,3,8,4,23,20,16,6,22,2,1,5,24,14,13,18,17,21,9,12,10],[19,7,11,3,4,15,23,8,20,16,2,6,5,1,24,14,13,18,22,17,21,9,12,10],[7,19,23,11,15,3,8,4,20,16,6,2,1,5,24,14,13,18,22,17,21,12,9],[11,15,7,19,3,4,23,8,20,16,2,6,1,5,24,14,13,18,22,17,21,9,12],[15,11,23,3,7,4,19,8,20,16,6,2,1,5,24,14,13,18,22,17,21,9,12,10],[15,11,19,3,7,4,23,8,20,16,2,6,1,5,24,14,13,18,22,17,21,10,12],[19,3,15,23,11,7,8,4,20,16,6,1,24,2,5,14,13,18,22,17,21,10,9,12],[3,7,4,19,23,15,11,8,20,16,6,24,2,5,1,14,13,18,22,17,21,10,12,9],[11,19,7,15,23,3,8,4,20,16,6,2,5,1,24,14,13,18,22,17,21,10,12,9],[11,19,3,15,23,7,4,8,20,16,2,6,5,1,24,14,13,18,22,17,21,12,10],[11,19,23,15,7,3,4,8,20,16,2,6,5,1,24,14,13,18,22,17,21,12,9,10],[11,19,3,23,7,4,15,8,20,16,6,24,2,5,1,14,13,18,22,17,21,10,12,9],[3,11,7,4,23,19,15,8,20,16,6,24,2,1,5,14,13,18,22,17,21,12,9,10],[15,23,11,19,7,3,8,4,20,16,6,24,2,1,5,14,13,18,22,17,21,10,12,9],[19,11,3,7,4,23,15,8,20,16,6,2,5,1,24,14,13,18,22,17,21,10,12,9],[23,19,11,15,3,7,8,4,20,16,2,6,5,1,24,14,13,18,22,17,21,12,10],[11,19,15,3,7,8,4,23,20,16,2,6,5,1,24,14,13,18,22,17,21,9,12,10],[23,3,7,8,4,11,19,15,20,16,6,2,1,5,24,14,13,18,22,17,21,10,12,9],[3,11,15,19,23,7,4,8,20,16,6,2,1,5,24,14,13,18,22,17,21,9,12,10],[7,15,11,3,4,23,19,8,20,16,2,6,1,5,24,14,13,18,22,17,21,10,12,9],[19,11,3,23,15,7,8,4,20,16,2,6,1,5,24,14,13,18,21,22,17,10,12,9],[11,15,7,3,4,23,19,8,20,16,6,2,5,1,24,14,13,18,22,17,21,12,9],[19,23,3,15,11,7,8,4,20,16,6,2,5,1,24,14,13,18,22,17,21,12],[19,15,3,7,8,4,11,23,20,16,6,1,24,14,5,13,2,18,22,17,21,9,12],[7,15,11,23,3,4,19,8,20,16,6,24,2,1,5,14,13,18,22,17,21,10,12],[11,23,7,3,4,19,15,8,20,16,6,2,5,1,24,14,13,18,22,17,21,10,12],[11,15,7,19,23,3,4,8,20,16,6,2,1,5,24,14,13,18,22,17,21,9,12,10],[23,3,15,19,7,8,4,11,20,16,6,24,2,1,5,14,13,18,22,17,21,9,12],[15,11,19,3,7,8,4,23,20,16,6,2,1,5,24,14,13,18,22,17,21,12,9,10],[11,7,19,15,3,8,4,23,20,16,2,6,1,5,24,14,13,18,22,17,21,10,12],[23,7,3,4,19,15,11,8,20,16,6,24,2,1,5,14,13,18,22,17,21,12,9],[11,3,23,7,8,4,19,15,20,16,2,6,1,5,24,14,13,18,21,22,17,12],[3,11,15,23,19,7,4,8,20,16,6,2,5,1,24,14,13,18,21,22,17,12,10],[3,15,11,23,19,7,8,4,20,16,6,2,5,1,24,14,13,18,22,17,21,12,10,9],[11,7,3,8,4,19,23,15,20,16,6,2,1,5,24,14,13,18,22,17,21,10,12],[15,23,3,7,8,4,19,11,20,16,2,6,1,5,24,14,13,18,22,17,21,12,10],[23,15,7,11,19,3,8,4,20,16,2,6,1,5,24,14,13,18,22,17,21,10,12,9],[23,11,3,15,7,8,4,19,20,16,2,6,5,1,24,14,13,18,22,17,21,9,12],[19,15,23,11,7,3,8,4,20,16,6,21,24,2,1,5,14,13,18,22,17,9,12,10],[11,15,7,3,8,4,23,19,20,16,2,6,1,5,24,14,13,18,22,17,21,10,12],[7,3,4,11,15,23,19,8,20,16,6,24,2,1,5,14,13,18,22,17,21,10,9,12],[11,3,15,23,19,7,4,8,20,16,2,6,5,1,24,14,13,18,22,17,21,10,12,9],[23,19,15,3,11,7,8,4,20,16,6,1,24,2,5,14,13,18,22,17,21,12,10,9],[7,19,3,8,4,15,23,11,20,16,6,1,24,5,2,14,13,18,22,17,21,12],[23,3,11,7,8,4,19,15,20,16,6,1,24,2,5,14,13,18,21,22,17,10,12],[11,23,3,15,19,7,8,4,20,16,6,2,5,1,24,14,13,18,22,17,21,10,9,12],[19,15,7,11,3,4,23,8,20,16,2,6,1,5,24,14,13,18,22,17,21,12,10,9],[19,15,11,3,7,8,4,23,20,16,2,6,1,5,24,14,13,18,22,17,21,9,12],[19,7,3,8,4,23,15,11,20,16,6,24,2,5,1,14,13,18,22,17,21,12],[7,23,3,4,19,11,15,8,20,16,6,2,5,1,24,14,13,18,22,17,21,9,12,10],[11,7,15,19,3,8,4,23,20,16,2,6,1,5,24,14,13,18,22,17,21,12,9,10],[11,3,7,4,15,23,19,8,20,16,2,6,1,5,24,14,13,18,22,17,21,12,10],[23,3,7,4,19,11,15,8,20,16,2,6,1,5,24,14,13,18,22,17,21,12,10],[23,3,11,15,7,4,19,8,20,16,6,2,1,5,24,14,13,18,22,17,21,12,10],[19,7,23,3,4,15,11,8,20,16,5,2,6,1,24,14,13,18,22,17,21,12,10,9],[19,23,7,11,15,3,4,8,20,16,2,6,1,5,24,14,13,18,22,17,21,10,9,12],[15,19,23,7,11,3,4,8,20,16,2,6,1,5,24,14,13,18,22,17,21,9,12,10],[11,23,15,19,3,7,4,8,20,16,2,6,5,1,24,14,13,18,22,17,21,9,12],[11,15,23,7,3,4,19,8,20,16,2,6,1,5,24,14,13,18,22,17,9,12,21],[3,7,4,19,11,15,23,8,20,16,2,6,5,1,24,14,13,18,22,17,21,12,10,9],[19,11,23,15,3,7,8,4,20,16,6,2,1,5,24,14,13,18,22,17,21,10,9,12],[11,23,15,3,19,7,4,8,20,16,6,24,2,5,1,14,13,18,22,17,10,21,12],[11,7,3,8,4,23,19,15,20,16,2,6,5,1,24,14,13,18,22,17,9,12,21,10],[11,3,7,4,23,19,15,8,20,16,2,6,5,1,24,14,13,18,22,17,21,9,12,10],[19,23,7,15,3,4,11,8,20,16,2,6,5,1,24,14,13,18,22,17,21,9,12],[7,11,3,8,4,23,19,15,20,16,2,6,5,1,24,14,13,18,22,17,21,9,12,10],[23,3,19,11,15,7,8,4,20,16,6,24,2,5,1,14,13,18,22,17,21,9,12,10],[19,11,3,23,15,7,4,8,20,16,6,2,5,1,24,14,13,18,22,17,21,12],[23,7,19,3,4,11,15,8,20,16,6,2,1,5,24,14,13,18,21,22,17,12,9,10],[7,23,11,3,8,4,19,15,20,16,2,6,1,5,24,14,13,18,22,17,21,10,12],[19,7,3,8,4,11,23,15,20,16,2,6,1,5,24,14,13,18,22,17,21,10,9,12],[7,19,23,3,8,4,15,11,20,16,2,6,5,1,24,14,13,18,22,17,21,12],[15,3,11,7,8,4,23,19,20,16,2,6,5,1,24,14,13,18,22,17,21,9,12],[3,11,19,15,23,7,4,8,20,16,2,6,5,1,24,14,13,18,21,22,17,12,10,9],[19,11,23,3,15,7,4,8,20,16,6,1,24,2,5,14,13,18,22,17,21,12,10,9],[7,11,3,4,19,23,15,8,20,16,6,24,1,2,5,14,13,18,21,22,17,12,9],[11,19,7,3,8,4,23,15,20,16,2,6,1,5,24,14,13,18,22,17,21,12,10],[23,3,11,7,4,15,19,8,20,16,6,2,5,1,24,14,13,18,22,17,21,10,12,9],[23,7,15,3,4,19,11,8,20,16,2,6,5,1,24,14,13,18,22,17,21,12,10,9],[7,15,23,11,19,3,4,8,20,16,6,2,5,1,24,14,13,18,22,17,21,12,9],[7,15,23,11,19,3,4,8,20,16,2,6,5,1,24,14,13,18,22,17,21,9,12],[15,7,19,3,4,11,23,8,20,16,2,6,1,5,24,14,13,18,22,17,21,9,12],[11,15,7,19,23,3,4,8,20,16,2,6,1,5,24,14,13,18,21,22,17,12,9,10],[15,23,7,11,3,4,19,8,20,16,2,6,5,1,24,14,13,18,22,17,21,12,10],[23,11,19,15,7,3,4,8,20,16,2,6,5,1,24,14,13,18,22,17,21,12,9],[15,7,11,19,23,3,8,4,20,16,6,2,5,1,24,14,13,18,22,17,9,12,21],[15,7,23,11,3,4,19,8,20,16,6,1,24,2,5,14,13,18,22,17,21,10,12],[23,11,19,3,15,7,8,4,20,16,6,2,1,5,24,14,13,18,22,17,21,12,10],[23,3,7,4,19,11,15,8,20,16,2,6,1,5,24,14,13,18,22,17,21,9,12,10],[7,23,19,15,3,8,4,11,20,16,6,24,1,2,5,14,13,18,22,17,21,9,12],[7,15,3,8,4,11,19,23,20,16,6,2,5,1,24,14,13,18,22,17,21,12,10,9],[11,19,15,23,3,7,4,8,20,16,2,6,5,1,24,14,13,18,22,17,21,12,10],[11,19,15,7,23,3,4,8,20,16,6,2,1,5,24,14,13,18,22,17,21,12,10],[3,11,7,4,19,15,23,8,20,16,6,24,2,1,5,14,13,18,22,17,21,10,12,9],[11,7,15,3,8,4,23,19,20,16,6,2,5,1,24,14,13,18,22,17,21,9,12],[19,23,3,15,11,7,4,8,20,16,6,2,1,5,24,14,13,18,22,17,21,10,12,9],[23,3,11,15,19,7,4,8,20,16,2,6,1,5,24,14,13,18,22,17,21,10,12],[3,15,19,7,4,23,11,8,20,16,2,6,5,1,24,14,13,18,22,17,21,12,9],[11,19,15,23,7,3,8,4,20,16,6,2,1,5,24,14,13,18,22,17,21,12],[19,23,15,7,11,3,8,4,20,16,6,2,5,1,24,14,13,17,18,22,21,9,12,10],[7,23,3,8,4,19,15,11,20,16,6,2,5,1,24,14,13,18,22,17,21,10,12,9],[15,3,23,11,7,8,4,19,20,16,6,21,24,2,1,5,14,13,22,18,17,10,12],[3,15,11,23,19,7,8,4,20,16,6,1,24,2,5,14,13,18,22,17,21,10,12],[15,3,11,7,4,23,19,8,20,16,6,2,5,1,24,14,13,18,22,17,21,12,9],[3,7,8,4,23,19,15,11,20,16,2,6,5,1,24,14,13,18,22,17,21,10,12],[23,3,7,8,4,15,11,19,20,16,6,24,2,5,1,14,13,18,22,17,21,10,12,9],[11,23,7,19,3,8,4,15,20,16,2,6,5,1,24,14,13,18,22,17,21,12,9],[3,19,11,15,7,4,23,8,20,16,2,6,1,5,24,14,13,18,22,17,21,10,12,9],[7,19,15,3,8,4,23,11,20,16,2,6,1,5,24,14,13,18,22,17,21,12,9,10],[3,19,11,7,4,23,15,8,20,16,2,6,1,5,24,14,13,18,22,17,21,10,12],[7,19,23,15,11,3,8,4,20,16,6,2,1,5,24,14,13,18,22,17,21,10,9,12],[19,23,7,11,15,3,8,4,20,16,6,24,2,1,5,14,13,18,22,17,10,21,12],[7,19,15,11,3,4,23,8,20,16,6,24,2,1,5,14,13,18,22,17,21,12,9,10],[7,23,15,19,11,3,8,4,20,16,2,6,5,1,24,14,13,18,22,17,21,12],[15,3,7,8,4,19,23,11,20,16,6,24,2,1,5,14,13,17,18,22,21,10,9,12],[11,7,3,8,4,19,23,15