{"problem_id":"DV1m0Nx22GnZmiB","sigma":150,"alpha":10.000,"cost":0,"probabilities":"[0.26, 0.24, 0.27, 0.23]","payoff_matrix":"[[-19, 153, -234, 36, 38, 60], [0, -14, -234, -116, 136, -275], [-6, 44, -123, 81, -137, -431], [-84, -94, 162, -226, -74, 86]]","uncovered":[[3,19,15,23,7,13,5,6,14,11,1,2,16,9,17,4,18,20,8,22,21,10,24],[23,3,19,15,11,7,5,13,6,14,1,2,16,9,17,4,18,20,8,22,10],[7,19,15,5,13,6,14,11,3,23,1,2,16,9,17,4,18,8,20,21,24,12,10,22],[15,23,3,19,7,13,5,14,11,1,6,2,8,16,4,9,17,18,20,24,22,10,21,12],[23,3,19,7,11,15,5,13,14,1,6,2,16,9,17,8,4,18,20,22,12,10,24],[23,7,19,15,5,13,14,3,11,1,6,2,16,9,17,4,18,8,20,24,21,10,22,12],[11,3,19,7,23,15,13,5,14,1,6,2,16,9,17,4,18,8,20,24,22,12,10],[11,7,15,5,13,14,3,19,23,1,6,2,8,16,4,9,17,18,20,22,10],[7,15,5,13,14,11,23,19,3,1,6,2,8,16,4,9,17,18,20,24,22,10,12],[3,23,19,11,15,7,5,13,6,14,1,2,8,16,4,9,17,18,20,21,12,10,24],[19,11,7,3,15,13,5,14,23,1,6,2,16,9,17,4,18,20,8,24,21,12,10,22],[3,11,15,23,19,7,13,5,6,14,1,2,16,9,17,8,4,18,20,22,12,10,24,21],[23,7,11,15,5,13,14,19,3,1,6,2,16,9,17,8,4,18,20,22,12,10,24,21],[23,15,3,19,7,5,13,6,14,11,1,2,16,9,17,8,4,18,20,22,12,10,21,24],[15,3,19,11,7,13,5,14,23,1,6,2,8,16,4,9,17,18,20,22,10],[11,19,3,23,7,15,13,5,6,14,1,2,16,9,17,8,4,18,20,21,12,10,22],[15,23,11,19,7,5,13,14,3,1,6,2,16,9,17,4,20,8,18,21,12,10,24,22],[11,15,19,3,23,7,13,5,14,1,6,2,16,9,17,8,4,18,20,21,22,10,24],[15,3,11,7,13,5,14,19,23,1,6,2,8,16,4,9,17,18,20,22,21,12,10],[7,23,3,19,11,15,13,5,6,14,1,2,8,16,4,9,17,18,20,21,12,10,24,22],[15,11,23,3,19,7,5,13,6,14,1,2,16,9,17,8,4,18,20,24,22,12,10],[19,23,7,3,11,15,5,13,6,14,1,2,16,10,17,8,4,18,20,22,9,12,24,21],[7,19,15,13,5,14,23,11,3,1,6,2,8,16,4,9,17,18,20,21,22,10,24],[11,7,3,19,23,15,13,5,14,1,6,2,8,16,4,9,17,18,20,24,21,22,12,10],[3,19,11,23,7,15,13,5,14,1,6,2,8,16,4,9,17,18,20,21,24,22,10],[7,19,11,3,23,15,5,13,6,14,1,2,16,9,17,4,18,20,8,22,10],[15,3,23,11,19,7,5,13,6,14,1,2,16,9,17,8,4,18,20,22,12,10],[3,23,19,7,15,5,13,14,11,1,6,2,8,16,4,9,17,18,20,21,10,12,24,22],[3,15,11,19,7,5,13,14,23,1,6,2,16,9,17,4,18,8,20,21,24,12,10,22],[19,7,15,13,5,6,14,3,23,11,1,2,8,16,4,9,17,18,20,22,12,10],[7,15,13,5,6,14,19,3,23,11,1,2,8,16,4,9,17,18,20,21,12,10,22,24],[23,11,3,19,15,7,13,5,6,14,1,2,8,16,4,9,17,18,20,24,22,10,21,12],[3,19,11,15,7,13,5,14,23,1,6,2,8,16,4,9,17,18,20,22,10],[7,3,23,11,15,13,5,14,19,1,6,2,16,9,17,4,18,8,20,21,12,10,24,22],[3,19,15,7,5,13,6,14,11,23,1,2,8,16,4,9,17,18,20,22,10],[7,15,13,5,14,23,3,11,19,1,6,2,8,16,4,9,17,18,20,10,21,22],[3,15,11,7,13,5,14,19,23,1,6,2,16,9,17,8,4,18,20,24,22,12,10],[7,23,11,15,5,13,14,19,3,1,6,2,8,16,4,9,17,18,20,21,22,24,10],[15,19,11,3,23,7,5,13,14,1,6,2,8,16,4,9,17,18,20,21,10,24],[11,15,3,23,19,7,13,5,6,14,1,2,16,9,17,4,20,8,18,21,22,12,10],[19,15,7,13,5,14,23,11,3,1,6,2,8,16,4,9,17,18,20,21,12,10,24,22],[3,23,15,11,7,13,5,14,19,1,6,2,8,16,4,9,17,18,20,24,22,12,10],[23,19,3,15,11,7,5,13,14,1,6,2,16,9,17,8,4,18,20,22,10,12],[3,15,19,11,7,13,5,14,23,1,6,2,16,9,17,8,4,18,20,12,24,10,22],[19,3,23,7,15,13,5,14,11,1,6,2,16,9,17,4,18,20,8,22,10,12,21,24],[7,11,15,5,13,14,19,3,23,1,6,2,8,16,4,9,17,18,20,24,21,12,10,22],[3,7,23,15,5,13,14,19,11,1,6,2,8,16,4,9,17,18,20,22,10,12,24,21],[3,23,19,11,7,15,5,13,14,1,6,2,16,9,17,4,20,8,18,22,10,21,12],[11,3,19,23,15,7,5,13,6,14,1,2,16,9,17,4,18,8,20,22,12,10,24,21],[3,23,19,11,15,7,13,5,6,14,1,2,8,16,4,9,17,18,20,24,22,10],[7,15,5,13,6,14,23,19,3,11,1,2,16,9,17,8,4,18,20,24,21,12,10,22],[3,11,23,19,7,15,13,5,14,1,6,2,16,9,17,8,4,18,20,24,22,12,10,21],[23,7,15,5,13,6,14,19,11,3,1,2,16,9,17,8,4,18,20,21,10,24,12],[3,7,15,5,13,14,11,23,19,1,6,2,16,9,17,8,4,18,20,21,22,12,10],[11,7,23,15,5,13,14,19,3,1,6,2,16,9,17,4,20,8,18,24,10,21,22,12],[23,15,19,7,5,13,14,11,3,1,6,2,8,16,4,9,17,18,20,24,12,10,21,22],[3,11,15,7,13,5,6,14,23,19,1,2,8,16,4,9,17,18,20,21,24,22,10],[7,19,15,5,13,14,11,3,23,1,6,2,8,16,4,9,17,18,20,21,12,10,22,24],[3,7,19,15,13,5,14,11,23,1,6,2,16,9,17,8,4,18,20,21,12,10,22,24],[7,15,13,5,14,19,11,23,3,1,6,2,8,16,4,9,17,18,20,24,22,10],[3,23,15,7,5,13,6,14,19,11,1,2,16,9,17,8,4,18,20,22,12,10,21,24],[3,7,19,23,15,5,13,6,14,11,1,2,16,9,17,4,20,8,18,24,22,12,10,21],[11,15,23,7,5,13,6,14,19,3,1,2,16,9,17,4,18,8,20,24,21,12,10,22],[15,11,23,7,5,13,14,19,3,1,6,2,8,16,4,9,17,18,20,22,10,12,21,24],[23,7,3,11,19,15,13,5,14,1,6,2,16,9,17,8,4,18,20,21,10,24,22,12],[7,11,15,5,13,14,23,3,19,1,6,2,8,16,4,9,17,18,20,21,12,10,24],[19,3,23,15,11,7,13,5,6,14,1,2,8,16,4,9,17,18,20,24,22,12,10],[19,11,7,15,13,5,14,23,3,1,6,2,8,16,4,9,17,18,20,22,10,21,12],[19,3,7,15,5,13,6,14,11,23,1,2,16,9,17,4,18,8,20,22,10],[19,3,15,7,13,5,14,23,11,1,6,2,8,16,4,9,17,18,20,22,12,10,24],[11,7,19,23,15,13,5,14,3,1,6,2,8,16,4,9,17,18,20,21,12,10,22,24],[19,15,3,11,23,7,13,5,14,1,6,2,16,9,17,4,18,8,20,24,21,10,22,12],[23,7,15,5,13,6,14,19,11,3,1,2,8,16,4,9,17,18,20,21,10,22,12],[7,11,23,19,15,13,5,14,3,1,6,2,8,16,4,9,17,18,20,22,10,12,24],[7,15,13,5,6,14,23,19,3,11,1,2,16,9,17,8,4,18,20,24,10,12,22,21],[11,23,7,3,19,15,5,13,14,1,6,2,8,16,4,9,17,18,20,21,12,10,24,22],[7,3,11,23,19,15,13,5,6,14,1,2,16,9,17,8,4,18,20,24,21,10],[11,3,15,23,19,7,13,5,14,1,6,2,16,9,17,8,4,18,20,22,12,10],[3,11,7,23,19,15,13,5,6,14,1,2,16,9,17,4,18,8,20,21,12,10,22],[3,15,19,11,7,5,13,6,14,23,1,2,16,9,17,4,18,20,8,22,12,10,21,24],[15,7,13,5,14,11,23,19,3,1,6,2,16,9,17,8,4,18,20,22,10],[7,23,19,3,15,13,5,6,14,11,1,2,8,16,4,9,17,18,20,21,10,22,12,24],[7,19,15,13,5,14,11,23,3,1,6,2,16,9,17,4,18,20,8,21,12,10,24,22],[19,7,11,3,15,13,5,6,14,23,1,2,16,9,17,4,18,8,20,21,10,24,12,22],[3,19,11,7,15,5,13,14,23,1,6,2,8,16,4,9,17,18,20,21,10,24,22,12],[11,15,23,19,7,13,5,14,3,1,6,2,8,16,4,9,17,18,20,22,12,10],[7,23,11,3,15,5,13,14,19,1,6,2,16,9,17,8,4,18,20,24,22,12,10],[15,19,23,11,3,7,5,13,14,1,6,2,8,16,4,9,17,18,20,24,21,12,10,22],[15,11,7,13,5,14,23,3,19,1,6,2,8,16,4,9,17,18,20,22,12,10,21,24],[7,11,19,15,13,5,6,14,23,3,1,2,16,9,17,8,4,18,20,10,21,24,22,12],[19,15,23,11,7,5,13,14,3,1,6,2,8,16,4,9,17,18,20,21,22,10],[3,11,23,19,15,7,5,13,6,14,1,2,16,9,18,17,20,4,8,24,10,21,22,12],[19,15,7,5,13,14,3,23,11,1,6,2,16,9,17,8,4,18,20,21,24,12,10,22],[23,19,7,3,11,15,5,13,14,1,6,2,8,16,4,9,17,18,20,24,21,10,22,12],[3,23,11,19,15,7,5,13,14,1,6,2,8,16,4,9,17,18,20,24,12,22,10,21],[19,11,3,7,23,15,13,5,14,1,6,2,8,16,4,9,17,18,20,22,12,10],[7,23,15,5,13,14,3,19,11,1,6,2,16,9,17,4,20,8,18,22,12,10],[15,19,11,7,5,13,14,23,3,1,6,2,8,16,4,9,17,18,20,24,12,10,21,22],[7,11,15,5,13,14,19,3,23,1,6,2,8,16,4,9,17,18,20,21,10,24],[11,23,15,3,19,7,5,13,14,1,6,2,16,9,17,8,4,18,20,24,22,12,10,21],[7,19,15,5,13,6,14,23,3,11,1,2,8,16,4,9,17,18,20,22,12,10],[15,11,23,19,3,7,5,13,14,1,6,2,8,16,4,9,17,18,20,21,10,22],[15,3,11,23,19,7,5,13,14,1,6,2,16,9,17,8,4,18,20,22,12,10,21],[23,15,7,5,13,14,3,11,19,1,6,2,8,16,4,9,17,18,20,21,12,10,22],[15,11,19,7,13,5,6,14,23,3,1,2,16,9,17,8,4,18,20,21,10,24,22],[15,19,11,23,7,5,13,6,14,3,1,2,16,9,17,8,4,18,20,22,10,12,21],[7,23,19,11,3,15,13,5,14,1,6,2,16,9,17,4,18,20,8,24,22,10,21],[15,23,11,7,5,13,14,3,19,1,6,2,8,16,4,9,17,18,20,24,22,10,21],[19,15,11,3,7,13,5,6,14,23,1,2,16,9,17,8,4,18,20,21,24,12,10,22],[11,7,19,15,5,13,6,14,23,3,1,2,8,16,4,9,17,18,20,24,22,10],[3,19,15,7,5,13,6,14,11,23,1,2,8,16,4,9,17,18,20,22,12,10,24,21],[23,7,11,19,15,13,5,14,3,1,6,2,16,9,17,8,4,18,20,21,10,22],[3,11,19,7,15,13,5,14,23,1,6,2,16,9,17,4,18,20,8,24,22,12,10],[19,7,23,11,15,5,13,14,3,1,6,2,16,9,17,4,20,8,18,22,10,12,21,24],[11,23,15,3,19,7,13,5,6,14,1,2,8,16,4,9,17,18,20,21,10,24,22],[11,7,19,23,3,15,13,5,14,1,6,2,16,9,17,8,4,18,20,24,21,10],[19,3,7,11,23,15,13,5,14,1,6,2,8,16,4,9,17,18,20,22,10,21,24],[11,23,15,3,7,5,13,14,19,1,6,2,16,9,17,8,4,18,20,24,21,22,12,10],[23,3,19,7,15,5,13,6,14,11,1,2,16,9,17,8,4,18,20,21,12,10,22,24],[7,3,19,23,15,5,13,6,14,11,1,2,8,16,4,9,17,18,20,21,12,10,22],[7,19,15,13,5,6,14,3,11,23,1,2,16,9,17,8,4,18,20,24,10,21,22,12],[11,19,7,23,15,13,5,14,3,1,6,2,8,16,4,9,17,18,20,10,22,12,21,24],[7,15,5,13,6,14,23,19,3,11,1,2,8,16,4,9,17,18,20,24,22,12,10,21],[3,15,23,19,7,5,13,6,14,11,1,2,8,16,4,9,17,18,20,24,21,22,12,10],[19,3,7,15,5,13,6,14,11,23,1,2,16,9,17,8,4,18,20,22,12,10,21,24],[19,11,15,23,3,7,13,5,14,1,6,2,8,16,4,9,17,18,20,24,22,12,10,21],[15,11,3,23,19,7,5,13,6,14,1,2,16,9,17,4,18,20,8,22,10,21,24,12],[15,19,7,13,5,14,23,3,11,1,6,2,16,9,17,4,18,8,20,21,10,24,22,12],[3,19,11,15,7,5,13,14,23,1,6,2,16,9,17,8,4,18,20,22,10,24],[11,3,19,15,23,7,13,5,14,1,6,2,8,16,4,9,17,18,20,22,10,21,12,24],[15,23,19,3,7,13,5,6,14,11,1,2,8,16,4,9,17,18,20,21,10,24,22,12],[7,11,23,3,15,5,13,6,14,19,1,2,8,16,4,9,17,18,20,22,10],[19,3,11,15,23,7,13,5,6,14,1,2,8,16,4,9,17,18,20,24,22,10,21,12],[19,11,3,7,23,15,13,5,6,14,1,2,8,16,4,9,17,18,20,24,22,12,10,21],[15,11,23,19,7,5,13,6,14,3,1,2,16,9,17,4,18,8,20,24,10,21,12],[3,23,15,7,13,5,14,11,19,1,6,2,16,9,17,4,18,20,8,21,12,10,24,22],[15,7,13,5,14,23,3,19,11,1,6,2,16,9,17,4,18,20,8,21,10,24,22,12],[3,11,15,23,19,7,13,5,14,1,6,2,16,9,17,4,18,8,20,21,12,10,24,22],[23,3,19,7,11,15,13,5,6,14,1,2,16,9,17,8,4,18,20,12,10,22,21],[3,19,23,15,11,7,5,13,6,14,1,2,8,16,4,9,17,18,20,10,22,21,24],[23,11,15,3,7,13,5,14,19,1,6,2,16,9,17,4,18,20,8,22,10,12,24,21],[3,11,7,15,5,13,6,14,23,19,1,2,8,16,4,9,17,18,20,24,21,12,10,22],[15,11,7,13,5,14,3,23,19,1,6,2,16,9,17,8,4,18,20,22,10,21,24,12],[19,3,11,23,7,15,13,5,6,14,1,2,8,16,4,9,17,18,20,21,12,10,24,22],[19,7,11,23,3,15,13,5,14,1,6,2,16,9,17,4,18,20,8,21,24,12,10],[3,19,11,23,7,15,5,13,6,14,1,2,8,16,4,9,17,18,20,21,12,10,24,22],[3,19,15,11,23,7,5,13,14,1,6,2,16,9,17,8,4,18,20,21,10,24,12,22],[3,15,23,19,7,13,5,14,11,1,6,2,8,16,4,9,17,18,20,22,12,10],[23,3,11,19,7,15,13,5,14,1,6,2,8,16,4,9,17,18,20,22,10,24,12,21],[11,19,23,3,7,15,5,13,14,1,6,2,8,16,4,9,17,18,20,22,12,10,21,24],[19,3,11,15,7,5,13,6,14,23,1,2,8,16,4,9,17,18,20,24,21,12,10],[11,3,23,15,19,7,5,13,14,1,6,2,16,9,20,4,17,8,18,21,10,22],[7,23,19,3,11,15,13,5,14,1,6,2,8,16,4,9,17,18,20,24,22,10,21,12],[7,11,3,23,15,5,13,14,19,1,6,2,16,9,17,4,18,8,20,24,21,10,22,12],[19,3,23,15,7,13,5,14,11,1,6,2,8,16,4,9,17,18,20,22,12,10,24,21],[7,11,19,15,13,5,14,3,23,1,6,2,8,16,4,9,17,18,20,22,10,21,12],[19,23,7,15,13,5,14,3,11,1,6,2,16,9,17,4,18,8,20,21,12,10,24,22],[15,7,5,13,6,14,19,3,23,11,1,2,16,9,17,8,4,18,20,21,10,24,12,22],[23,3,19,7,11,15,5,13,14,1,6,2,16,9,17,8,4,18,20,21,22,12,10],[15,23,7,5,13,6,14,11,19,3,1,2,8,16,4,9,17,18,20,24,22,12,10],[7,19,23,15,13,5,14,11,3,1,6,2,16,9,17,4,18,20,8,22,10],[23,3,19,15,11,7,13,5,6,14,1,2,8,16,4,9,17,18,20,21,22,12,10,24],[15,23,3,19,11,7,13,5,14,1,6,2,8,16,4,9,17,18,20,24,21,12,10,22],[11,7,3,19,15,13,5,6,14,23,1,2,8,16,4,9,17,18,20,24,21,12,10,22],[3,23,7,19,15,5,13,14,11,1,6,2,8,16,4,9,17,18,20,21,22,12,10],[3,7,23,15,5,13,6,14,19,11,1,2,16,9,17,4,18,20,8,21,10,24,22,12],[11,7,15,13,5,6,14,3,23,19,1,2,8,16,4,9,17,18,20,21,10,24,22],[23,15,19,3,7,13,5,6,14,11,1,2,16,9,17,4,18,20,8,21,24,12,10,22],[11,15,3,23,19,7,13,5,14,1,6,2,16,9,17,4,18,20,8,24,22,21,10],[3,15,19,23,7,5,13,6,14,11,1,2,16,9,17,4,18,8,20,24,21,10,22,12],[7,15,13,5,6,14,23,11,19,3,1,2,16,9,17,8,4,18,20,24,12,10,21,22],[23,15,11,7,13,5,14,19,3,1,6,2,8,16,4,9,17,18,20,21,10,24,22],[15,19,3,11,7,5,13,6,14,23,1,2,16,9,17,8,4,18,20,21,22,12,10,24],[19,3,7,15,13,5,6,14,23,11,1,2,16,9,17,4,20,8,18,22,10,12,24],[19,23,7,11,15,5,13,14,3,1,6,2,16,9,17,4,18,8,20,21,22,12,10,24],[15,11,23,19,7,5,13,14,3,1,6,2,8,16,4,9,17,18,20,21,12,10,22],[3,23,7,19,11,15,5,13,6,14,1,2,8,16,4,9,17,18,20,21,12,10,22],[11,23,7,15,5,13,14,19,3,1,6,2,8,16,4,9,17,18,20,22,10,21,24,12],[19,11,7,3,15,13,5,14,23,1,6,2,8,16,4,9,17,18,20,22,10,12,24,21],[3,7,19,23,15,5,13,6,14,11,1,2,8,16,4,9,17,18,20,21,10,24,22],[3,11,15,23,7,13,5,6,14,19,1,2,16,9,17,8,4,18,20,21,12,10,24,22],[15,23,7,13,5,14,19,11,3,1,6,2,8,16,4,9,17,18,20,21,12,10,24,22],[11,23,3,15,19,7,13,5,14,1,6,2,16,9,17,8,4,18,20,22,10,12,21,24],[23,3,15,7,13,5,6,14,11,19,1,2,8,16,4,9,17,18,20,22,12,10,24,21],[23,19,7,3,11,15,5,13,6,14,1,2,8,16,4,9,17,18,20,24,21,22,10,12],[3,11,23,15,19,7,5,13,6,14,1,2,16,9,17,4,18,20,8,22,21,12,10],[19,3,23,7,15,5,13,14,11,1,6,2,8,16,4,9,17,18,20,22,10,21],[7,19,3,23,15,5,13,14,11,1,6,2,16,9,17,8,4,18,20,24,22,12,10],[15,23,19,7,5,13,6,14,11,3,1,2,8,16,4,9,17,18,20,21,24,22,10,12],[11,15,23,7,13,5,14,3,19,1,6,2,8,16,4,9,17,18,20,24,22,12,10,21],[11,7,3,23,15,5,13,6,14,19,1,2,8,16,4,9,17,18,20,24,21,12,10,22],[3,7,19,11,23,15,13,5,14,1,6,2,8,16,4,9,17,18,20,21,22,12,10,24],[19,11,15,7,13,5,14,23,3,1,6,2,8,16,4,9,17,18,20,24,22,10],[23,11,19,3,15,7,13,5,14,1,6,2,16,9,17,4,18,8,20,21,22,10],[7,11,3,15,5,13,6,14,19,23,1,2,8,16,4,9,17,18,20,22,10,24,12,21],[23,15,19,3,11,7,13,5,6,14,1,2,16,9,17,4,18,20,8,22,10],[7,15,5,13,6,14,11,23,19,3,1,2,8,16,4,9,17,18,20,21,12,10,22],[11,3,19,15,7,5,13,14,23,1,6,2,8,16,4,9,17,18,20,21,10,12,24,22],[19,11,3,7,23,15,13,5,14,1,6,2,16,9,17,8,4,18,20,22,12,10],[23,7,19,15,13,5,14,3,11,1,6,2,8,16,4,9,17,18,20,24,21,12,10],[7,23,3,15,5,13,6,14,19,11,1,2,8,16,4,9,17,18,20,22,10,21,12,24],[3,15,7,13,5,14,23,19,11,1,6,2,16,9,17,8,4,18,20,22,10,24],[19,7,11,3,23,15,13,5,6,14,1,2,16,9,17,8,4,18,20,24,10,22,12],[11,15,3,7,13,5,14,23,19,1,6,2,8,16,4,9,17,18,20,24,22,10,21],[3,19,15,7,5,13,6,14,11,23,1,2,8,16,4,9,17,18,20,22,10],[23,7,19,11,15,5,13,14,3,1,6,2,8,16,4,9,17,18,20,24,21,10,12,22],[3,11,7,23,15,5,13,6,14,19,1,2,16,10,17,4,18,20,8,9,21,12,22],[3,19,11,15,7,13,5,6,14,23,1,2,16,10,17,4,18,8,20,9,24,21,22],[3,7,23,15,13,5,6,14,11,19,1,2,16,9,17,8,4,18,20,21,12,10,24],[7,23,11,19,15,13,5,14,3,1,6,2,8,16,4,9,17,18,20,21,12,10,24,22],[15,11,3,7,13,5,14,23,19,1,6,2,16,9,17,8,4,18,20,24,12,10,21,22],[3,7,15,13,5,6,14,23,19,11,1,2,8,16,4,9,17,18,20,24,21,22,10],[23,19,11,3,7,15,13,5,6,14,1,2,8,16,4,9,17,18,20,21,10,22,12,24],[15,11,7,13,5,6,14,19,23,3,1,2,16,9,17,8,4,18,20,22,10],[11,23,19,7,3,15,13,5,14,1,6,2,16,9,17,4,18,20,8,24,22,12,10,21],[3,11,7,19,15,5,13,6,14,23,1,2,8,16,4,9,17,18,20,21,10,22,12,24],[23,3,15,7,13,5,14,11,19,1,6,2,16,9,17,8,4,18,20,24,22,12,10],[7,23,15,5,13,14,3,11,19,1,6,2,16,9,17,4,20,8,18,24,10,21,22],[19,11,7,3,23,15,13,5,14,1,6,2,8,16,4,9,17,18,20,22,10],[3,7,23,19,15,13,5,14,11,1,6,2,16,9,18,17,20,4,8,21,12,10,22,24],[3,7,15,13,5,6,14,19,23,11,1,2,16,9,17,4,18,8,20,22,10,24],[3,7,11,23,19,15,13,5,6,14,1,2,8,16,4,9,17,18,20,22,12,10],[23,11,19,3,7,15,13,5,6,14,1,2,16,9,17,8,4,18,20,21,24,22,12,10],[11,3,19,15,23,7,13,5,6,14,1,2,16,9,17,4,18,8,20,22,12,10,21],[19,15,23,7,5,13,14,3,11,1,6,2,8,16,4,9,17,18,20,12,21,10,24,22],[11,7,23,3,19,15,13,5,14,1,6,2,16,9,17,8,4,18,20,12,21,10,22],[15,11,19,7,5,13,14,23,3,1,6,2,16,9,17,4,18,20,8,21,12,10,24,22],[11,23,19,7,15,5,13,6,14,3,1,2,16,9,17,8,4,18,20,24,21,12,10],[19,3,7,11,15,5,13,14,23,1,6,2,16,9,17,8,4,18,20,22,10],[3,15,23,11,19,7,13,5,14,1,6,2,16,9,17,8,4,18,20,21,22,12,10,24],[19,3,7,15,13,5,6,14,11,23,1,2,8,16,4,9,17,18,20,24,10,21,22,12],[11,7,19,15,13,5,14,23,3,1,6,2,8,16,4,9,17,18,20,24,22,10,21,12],[19,11,23,7,15,5,13,6,14,3,1,2,16,9,17,4,18,8,20,22,10,24,21],[3,23,15,11,7,5,13,14,19,1,6,2,16,9,17,8,4,18,20,22,10,21,24],[15,7,5,13,14,3,11,23,19,1,6,2,8,16,4,9,17,18,20,10,21,24,12,22],[19,15,7,5,13,6,14,11,3,23,1,2,16,9,17,8,4,18,20,21,10,24,22,12],[19,3,23,7,15,5,13,6,14,11,1,2,8,16,4,9,17,18,20,22,10,24,21],[11,3,23,7,15,5,13,14,19,1,6,2,8,16,4,9,17,18,20,21,10,24,22],[11,15,23,3,19,7,5,13,14,1,6,2,16,9,17,4,18,20,8,21,12,10,22],[3,7,11,15,13,5,14,19,23,1,6,2,16,9,17,4,18,8,20,22,21,12,10,24],[15,11,23,3,7,13,5,14,19,1,6,2,8,16,4,9,17,18,20,22,12,10,24],[11,7,23,19,15,5,13,14,3,1,6,2,16,9,17,4,18,8,20,22,10,12,21,24],[19,11,7,23,15,5,13,14,3,1,6,2,8,16,4,9,17,18,20,24,21,12,10,22],[15,7,5,13,14,23,19,3,11,1,6,2,8,16,4,9,17,20,18,21,10,24,22],[11,15,7,13,5,6,14,19,3,23,1,2,16,9,17,8,4,18,20,24,21,10],[7,3,23,15,5,13,14,19,11,1,6,2,16,9,17,8,4,18,20,22,10,21],[7,3,23,11,15,5,13,6,14,19,1,2,16,9,17,8,4,18,20,24,21,12,10,22],[7,15,13,5,14,11,19,23,3,1,6,2,8,16,4,9,17,18,20,21,12,10,22,24],[7,11,15,5,13,14,19,23,3,1,6,2,8,16,4,9,17,18,20,21,22,10,24,12],[23,7,15,13,5,14,3,19,11,1,6,2,8,16,4,9,17,18,20,22,12,10],[11,7,23,15,5,13,6,14,3,19,1,2,16,9,17,8,4,18,20,24,21,12,10,22],[11,23,15,19,7,5,13,14,3,1,6,2,16,9,17,4,18,20,8,22,10,12,24],[11,19,7,3,23,15,13,5,6,14,1,2,16,9,17,8,4,18,20,21,10,24,22,12],[11,7,3,19,15,13,5,6,14,23,1,2,16,9,17,8,4,18,20,24,10,21,22],[3,23,7,19,15,13,5,6,14,11,1,2,8,16,4,9,17,18,20,21,22,10],[3,15,23,7,13,5,14,11,19,1,6,2,8,16,4,9,17,18,20,21,10,24,12,22],[3,15,23,19,7,5,13,14,11,1,6,2,16,9,17,4,18,8,20,24,22,10],[7,15,5,13,14,19,3,23,11,1,6,2,8,16,4,9,17,18,20,22,10,24,21],[3,19,7,23,15,13,5,14,11,1,6,2,16,9,17,4,18,8,20,24,22,10,21],[15,19,7,5,13,6,14,3,23,11,1,2,8,16,4,9,17,18,20,24,21,10,22],[19,15,23,11,7,13,5,6,14,3,1,2,8,16,4,9,17,18,20,21,12,10,22],[19,15,11,7,13,5,14,3,23,1,6,2,8,16,4,9,17,18,20,24,21,12,10,22],[19,3,23,7,11,15,5,13,6,14,1,2,16,9,17,4,18,8,20,22,10,12,24,21],[11,23,7,3,15,5,13,14,19,1,6,2,16,9,17,4,20,8,18,24,21,10,22],[11,23,3,19,7,15,13,5,14,1,6,2,8,16,4,9,17,18,20,21,12,10,22],[19,15,7,5,13,14,11,23,3,1,6,2,8,16,4,9,17,18,20,22,10],[11,7,15,13,5,6,14,23,19,3,1,2,8,16,4,9,17,18,20,24,10,22,21,12],[7,3,23,19,11,15,5,13,6,14,1,2,16,9,17,8,4,18,20,24,22,21,10],[7,15,13,5,6,14,19,3,11,23,1,2,8,16,4,9,17,18,20,24,21,22,10,12],[7,3,19,11,23,15,5,13,6,14,1,2,8,16,4,9,17,18,20,22,10,21,24],[19,23,7,11,3,15,13,5,14,1,6,2,8,16,4,9,17,18,20,21,22,12,10,24],[15,7,13,5,14,3,19,11,23,1,6,2,16,9,17,4,18,20,8,21,22,10,12],[23,3,15,19,7,13,5,6,14,11,1,2,16,9,17,8,4,18,20,22,12,10],[3,23,15,11,19,7,5,13,14,1,6,2,8,16,4,9,17,18,20,21,12,10,22],[11,3,7,15,13,5,14,23,19,1,6,2,8,16,4,9,17,18,20,22,12,10,24,21],[23,3,19,15,11,7,13,5,6,14,1,2,8,16,4,9,17,18,20,22,12,10,21,24],[11,19,23,7,3,15,13,5,14,1,6,2,8,16,4,9,17,18,20,24,21,10,12,22],[19,23,7,11,3,15,5,13,6,14,1,2,16,9,17,4,18,20,8,21,12,10,22],[19,11,15,3,7,5,13,6,14,23,1,2,16,9,17,4,20,8,18,21,10,12,22],[11,19,23,3,7,15,5,13,6,14,1,2,16,9,17,4,18,8,20,21,10,24,22],[23,11,3,15,19,7,13,5,6,14,1,2,8,16,4,9,17,18,20,22,24,10],[19,11,23,3,7,15,13,5,6,14,1,2,16,9,17,4,18,20,8,22,10,21,12,24],[19,15,11,3,23,7,13,5,6,14,1,2,8,16,4,9,17,18,20,12,24,10,21,22],[11,23,15,19,7,5,13,6,14,3,1,2,8,16,4,9,17,18,20,22,12,10,21,24],[19,7,11,23,3,15,13,5,6,14,1,2,16,9,17,8,4,18,20,24,10,21,22],[15,11,19,23,3,7,5,13,6,14,1,2,16,9,17,4,18,8,20,22,12,10,21],[3,11,7,15,5,13,6,14,23,19,1,2,8,16,4,9,17,18,20,22,10,21],[11,23,15,19,3,7,13,5,14,1,6,2,16,9,17,8,4,18,20,24,22,10,21,12],[11,23,3,19,15,7,13,5,14,1,6,2,8,16,4,9,17,18,20,24,10,22],[7,11,15,5,13,14,23,3,19,1,6,2,8,16,4,9,17,18,20,22,12,10,24],[15,23,11,7,5,13,14,3,19,1,6,2,16,9,17,8,4,18,20,21,12,10,24],[19,7,23,3,15,5,13,6,14,11,1,2,16,9,17,4,20,8,18,22,10,21],[3,23,11,19,15,7,5,13,14,1,6,2,16,9,17,8,4,18,20,22,12,10],[15,23,19,3,11,7,5,13,6,14,1,2,8,16,4,9,17,18,20,24,21,12,10],[3,7,19,15,5,13,14,23,11,1,6,2,16,9,17,8,4,18,20,21,22,10,12],[19,7,11,3,23,15,5,13,6,14,1,2,8,16,4,9,17,18,20,24,22,10,21,12],[7,23,19,11,3,15,13,5,14,1,6,2,16,9,17,4,18,20,8,21,22,10,12],[23,11,3,15,7,13,5,6,14,19,1,2,8,16,4,9,17,18,20,21,10,24,22,12],[7,3,19,11,15,13,5,14,23,1,6,2,16,9,17,8,4,18,20,24,12,10,22],[19,15,11,23,7,5,13,14,3,1,6,2,8,16,4,9,17,18,20,21,12,10,24,22],[15,23,19,7,5,13,14,11,3,1,6,2,16,9,17,4,18,20,8,22,21,10,24,12],[3,7,23,19,11,15,13,5,6,14,1,2,16,9,17,4,18,8,20,21,24,12,10,22],[3,19,15,23,11,7,5,13,6,14,1,2,8,16,4,9,17,18,20,22,10],[11,19,3,7,15,13,5,14,23,1,6,2,16,9,17,8,4,18,20,24,21,12,10,22],[19,15,23,7,5,13,6,14,3,11,1,2,8,16,4,9,17,18,20,22,12,10],[19,15,23,3,11,7,5,13,14,1,6,2,16,9,17,8,4,18,20,24,22,10,12],[19,15,7,5,13,6,14,23,3,11,1,2,16,9,17,8,4,18,20,24,21,10,22,12],[3,19,15,23,11,7,13,5,6,14,1,2,16,9,17,8,4,18,20,21,10,22,12],[7,15,13,5,6,14,19,11,23,3,1,2,8,16,4,9,17,18,20,22,12,10,21,24],[19,15,7,5,13,6,14,23,3,11,1,2,16,9,17,8,4,18,20,22,10],[19,7,11,3,23,15,5,13,6,14,1,2,8,16,4,9,17,18,20,24,21,10,22,12],[15,19,3,23,7,13,5,6,14,11,1,2,16,9,17,8,4,18,20,24,21,10,12,22],[7,11,19,23,15,5,13,6,14,3,1,2,8,16,4,9,17,18,20,22,24,12,10,21],[23,11,3,7,19,15,5,13,6,14,1,2,8,16,4,9,17,18,20,22,10,12],[11,7,23,15,5,13,6,14,3,19,1,2,8,16,4,9,17,18,20,21,10,22,12,24],[11,19,7,3,23,15,5,13,14,1,6,2,16,9,17,8,4,18,20,21,10,22,24,12],[15,11,3,23,7,5,13,14,19,1,6,2,8,16,4,9,17,18,20,22,12,10],[19,23,11,15,7,13,5,6,14,3,1,2,8,16,4,9,17,18,20,12,22,10],[7,15,5,13,6,14,23,19,11,3,1,2,16,9,17,4,20,8,18,22,12,10,21],[3,15,19,23,11,7,13,5,14,1,6,2,8,16,4,9,17,18,20,22,12,10,24],[3,23,7,19,11,15,13,5,14,1,6,2,8,16,4,9,17,18,20,22,12,10],[7,15,13,5,6,14,3,23,11,19,1,2,16,9,17,8,4,18,20,21,10,24,22,12],[23,15,19,3,7,13,5,14,11,1,6,2,16,9,17,4,18,8,20,22,12,10,21],[11,15,3,19,23,7,13,5,14,1,6,2,8,16,4,9,17,18,20,22,12,10,21,24],[7,11,19,15,5,13,14,3,23,1,6,2,8,16,4,9,17,18,20,21,10,22],[3,11,15,23,7,5,13,6,14,19,1,2,8,16,4,9,17,18,20,21,10,24,22],[15,11,7,5,13,6,14,23,3,19,1,2,8,16,4,9,17,18,20,22,10,24,21,12],[11,7,19,15,5,13,14,23,3,1,6,2,16,9,17,8,4,18,20,21,10,22,12],[7,15,13,5,14,11,19,3,23,1,6,2,8,16,4,9,17,18,20,24,21,10,22],[23,11,3,7,19,15,13,5,6,14,1,2,16,9,17,4,18,8,20,24,22,12,10],[19,3,7,23,15,13,5,14,11,1,6,2,8,16,4,9,17,18,20,24,21,22,10,12],[19,7,23,3,11,15,5,13,6,14,1,2,8,16,4,9,17,18,20,24,10,21,22],[23,7,11,3,15,13,5,14,19,1,6,2,16,9,17,8,4,20,18,24,22,10],[3,11,15,19,7,13,5,14,23,1,6,2,8,16,4,9,17,18,20,21,12,10,22],[15,11,23,19,7,5,13,6,14,3,1,2,8,16,4,9,17,18,20,21,22,12,10,24],[15,23,11,7,5,13,6,14,19,3,1,2,16,9,17,8,4,18,20,24,12,10,21,22],[19,3,23,15,11,7,5,13,6,14,1,2,8,16,4,9,17,18,20,24,21,10,12,22],[7,11,23,19,3,15,5,13,6,14,1,2,16,9,17,8,4,18,20,21,10,24,22],[11,15,3,23,19,7,13,5,14,1,6,2,16,9,17,8,4,18,20,24,21,10,22],[15,3,11,19,23,7,5,13,6,14,1,2,8,16,4,9,17,18,20,21,10,24,22],[23,11,15,19,3,7,13,5,14,1,6,2,8,16,4,9,17,18,20,22,12,10,24,21],[11,15,23,19,3,7,13,5,14,1,6,2,8,16,4,9,17,18,20,21,24,10],[11,3,15,23,7,5,13,14,19,1,6,2,16,9,17,4,18,8,20,21,22,10,24,12],[7,11,19,15,5,13,14,23,3,1,6,2,8,16,4,9,17,18,20,24,12,10,22],[11,23,19,15,3,7,5,13,6,14,1,2,16,9,17,4,18,20,8,21,22,24,10,12],[23,7,11,19,15,13,5,6,14,3,1,2,16,9,17,4,18,20,8,22,12,10,24],[7,15,13,5,14,11,23,3,19,1,6,2,8,16,4,9,17,18,20,22,12,10],[11,19,3,7,23,15,13,5,6,14,1,2,8,16,4,9,17,18,20,24,10,22],[7,11,15,5,13,14,23,19,3,1,6,2,16,9,17,8,4,18,20,21,10,22,12,24],[3,15,19,11,23,7,13,5,14,1,6,2,8,16,4,9,17,18,20,21,10,22,12],[23,15,3,7,5,13,6,14,19,11,1,2,8,16,4,9,17,18,20,24,22,12,10],[15,11,7,5,13,6,14,19,3,23,1,2,16,9,17,4,20,8,18,24,22,12,10],[11,7,3,23,15,5,13,14,19,1,6,2,8,16,4,9,17,18,20,24,12,10,21,22],[15,7,13,5,6,14,11,3,19,23,1,2,16,9,17,8,4,18,20,24,12,10,22,21],[19,7,23,15,13,5,14,11,3,1,6,2,8,16,4,9,17,18,20,21,24,10,22,12],[3,11,15,19,23,7,5,13,6,14,1,2,16,9,18,17,20,4,8,21,10,24,22,12],[3,7,23,19,11,15,5,13,6,14,1,2,8,16,4,9,17,18,20,21,24,10,12,22],[11,7,19,15,13,5,6,14,23,3,1,2,16,9,17,4,18,20,8,24,21,12,10,22],[11,7,15,5,13,6,14,19,3,23,1,2,16,9,17,4,18,8,20,22,10],[3,15,7,13,5,14,11,19,23,1,6,2,8,16,4,9,17,18,20,22,12,10,21,24],[11,23,7,3,19,15,13,5,14,1,6,2,8,16,4,9,17,18,20,24,22,12,10,21],[7,23,15,13,5,6,14,11,19,3,1,2,8,16,4,9,17,18,20,22,12,10],[7,3,23,11,19,15,5,13,14,1,6,2,16,9,17,8,4,18,20,24,22,10,12,21],[7,19,11,23,15,13,5,14,3,1,6,2,8,16,4,9,17,18,20,24,21,10,12],[3,7,19,11,15,13,5,14,23,1,6,2,16,9,17,8,4,18,20,24,22,12,10],[11,7,15,5,13,14,3,23,19,1,6,2,16,9,17,8,4,18,20,21,12,10,24,22],[7,15,13,5,6,14,3,19,23,11,1,2,16,9,17,4,18,20,8,24,10,22],[7,11,19,3,23,15,13,5,14,1,6,2,16,9,17,8,4,18,20,21,12,24,10,22],[23,19,3,15,11,7,5,13,6,14,1,2,16,9,17,8,4,18,20,21,24,10,22],[7,3,23,19,11,15,5,13,6,14,1,2,8,16,4,9,17,18,20,22,12,10,21,24],[3,15,11,19,23,7,5,13,6,14,1,2,16,9,17,8,4,18,20,24,21,12,10,22],[11,3,19,7,15,5,13,14,23,1,6,2,8,16,4,9,17,18,20,21,12,10,24,22],[7,3,19,23,11,15,5,13,6,14,1,2,8,16,4,9,17,18,20,22,12,10,24,21],[11,7,3,23,15,13,5,6,14,19,1,2,16,10,17,8,4,18,20,24,12,9,21,22],[11,23,19,3,7,15,5,13,14,1,6,2,8,16,4,9,17,18,20,21,12,10,24,22],[15,7,5,13,14,19,11,3,23,1,6,2,16,9,17,8,4,18,20,21,24,22,10,12],[23,19,11,7,3,15,13,5,14,1,6,2,8,16,4,9,17,18,20,21,24,12,10,22],[19,11,3,7,15,13,5,14,23,1,6,2,8,16,4,9,17,18,20,24,21,10,12,22],[19,3,15,11,23,7,5,13,6,14,1,2,16,9,17,4,18,20,8,22,12,10,21,24],[3,7,11,23,15,5,13,14,19,1,6,2,16,9,17,4,18,20,8,21,10,22,24],[11,7,3,19,23,15,5,13,14,1,6,2,8,16,4,9,17,18,20,21,12,10,22,24],[3,7,11,23,19,15,13,5,6,14,1,2,16,9,17,8,4,18,20,10,24,21,12,22],[23,7,11,3,19,15,5,13,6,14,1,2,8,16,4,9,17,18,20,21,12,10,24,22],[23,7,19,3,11,15,13,5,14,1,6,2,8,16,4,9,17,18,20,21,10,24,22],[3,19,7,23,15,13,5,14,11,1,6,2,16,9,17,8,4,18,20,22,24,10,21,12],[7,15,13,5,6,14,3,23,19,11,1,2,16,9,17,8,4,18,20,21,10,24,22,12],[15,7,13,5,14,23,19,11,3,1,6,2,16,9,17,8,4,18,20,22,12,10,21,24],[15,11,7,13,5,6,14,3,23,19,1,2,8,16,4,9,17,18,20,24,10,21,22,12],[23,11,7,15,13,5,14,19,3,1,6,2,8,16,4,9,17,18,20,21,10,22,12,24],[23,7,15,5,13,14,3,11,19,1,6,2,8,16,4,9,17,18,20,22,12,10,21],[7,15,13,5,6,14,23,11,3,19,1,2,8,16,4,9,17,18,20,10,21,22,12,24],[3,19,23,7,15,13,5,14,11,1,6,2,16,9,17,4,18,8,20,24,21,10,22,12],[7,3,19,15,13,5,14,11,23,1,6,2,16,9,17,8,4,18,20,24,21,22,10,12],[3,7,11,15,13,5,6,14,19,23,1,2,8,16,4,9,17,18,20,24,12,10,22,21],[3,19,23,7,11,15,13,5,6,14,1,2,8,16,4,9,17,18,20,21,10,22,12,24],[3,7,11,19,15,13,5,6,14,23,1,2,8,16,4,9,17,18,20,21,12,10,22,24],[19,23,11,3,7,15,13,5,6,14,1,2,8,16,4,9,17,18,20,22,10],[19,7,15,13,5,14,23,3,11,1,6,2,16,9,18,17,8,20,4,21,22,12,10],[11,15,19,3,7,5,13,14,23,1,6,2,16,9,17,4,18,20,8,22,10],[23,15,3,7,5,13,6,14,19,11,1,2,16,9,17,8,4,18,20,22,10,21],[23,15,3,19,7,5,13,14,11,1,6,2,8,16,4,9,17,18,20,24,22,10,12,21],[19,3,11,23,7,15,13,5,14,1,6,2,16,9,17,8,4,18,20,21,10,24,12,22],[15,19,3,7,5,13,6,14,11,23,1,2,16,9,17,4,18,20,8,22,12,10,24],[23,11,7,3,19,15,5,13,6,14,1,2,16,9,17,4,18,8,20,24,21,10],[19,23,3,11,15,7,13,5,6,14,1,2,16,9,17,4,18,8,20,22,21,10],[15,19,23,11,7,13,5,14,3,1,6,2,16,9,17,8,4,18,20,21,12,10,24,22],[15,23,3,19,11,7,5,13,14,1,6,2,16,9,17,8,4,18,20,22,10,21],[15,3,23,11,19,7,5,13,6,14,1,2,8,16,4,9,17,18,20,21,12,10,22],[23,3,7,15,13,5,6,14,19,11,1,2,8,16,4,9,17,18,20,21,22,10],[15,7,5,13,14,23,11,19,3,1,6,2,8,16,4,9,17,18,20,22,10],[19,23,3,15,7,13,5,14,11,1,6,2,16,9,17,8,4,18,20,21,22,10,12,24],[3,19,11,15,23,7,13,5,6,14,1,2,16,9,17,8,4,18,20,21,10,22],[7,19,23,3,15,5,13,6,14,11,1,2,16,9,17,8,4,18,20,22,10,12,24],[7,19,3,11,15,5,13,14,23,1,6,2,16,9,17,4,18,20,8,21,10,24,22,12],[3,11,19,15,23,7,13,5,6,14,1,2,16,9,17,8,4,18,20,21,10,24,22,12],[7,3,23,19,15,5,13,6,14,11,1,2,8,16,4,9,17,18,20,24,21,12,10,22],[19,15,7,5,13,6,14,3,11,23,1,2,16,9,17,8,4,18,20,24,12,10,21,22],[7,23,15,13,5,14,11,19,3,1,6,2,16,9,17,4,20,8,18,21,12,10,22],[19,15,11,7,5,13,6,14,3,23,1,2,8,16,4,9,17,18,20,24,21,10,12],[23,3,11,15,7,5,13,14,19,1,6,2,16,9,17,4,18,8,20,21,22,10],[11,19,23,3,15,7,13,5,6,14,1,2,16,9,17,8,4,18,20,21,10],[3,19,15,23,7,5,13,6,14,11,1,2,16,9,17,4,18,20,8,24,22,12,10],[3,23,7,11,19,15,5,13,14,1,6,2,8,16,4,9,17,18,20,22,12,10,21],[7,3,23,19,11,15,5,13,6,14,1,2,8,16,4,9,17,18,20,21,10,24,12,22],[23,15,3,11,7,5,13,6,14,19,1,2,8,16,4,9,17,18,20,22,12,10,21,24],[15,23,11,7,5,13,14,3,19,1,6,2,16,9,18,17,8,20,4,10,22,12,24],[23,3,19,7,11,15,5,13,6,14,1,2,8,16,4,9,17,18,20,21,22,12,10],[19,23,15,3,7,5,13,6,14,11,1,2,8,16,4,9,17,18,20,24,21,12,10,22],[11,3,15,23,7,13,5,6,14,19,1,2,16,9,17,4,18,8,20,22,12,10,21],[3,7,11,19,15,13,5,6,14,23,1,2,16,9,17,8,4,18,20,21,22,10,12],[19,3,7,11,15,13,5,6,14,23,1,2,8,16,4,9,17,18,20,22,10,21],[15,11,23,19,3,7,13,5,14,1,6,2,16,9,17,8,4,18,20,22,12,10,21,24],[23,19,11,15,7,5,13,6,14,3,1,2,8,16,4,9,17,18,20,21,10,22],[11,3,7,23,15,5,13,6,14,19,1,2,8,16,4,9,17,18,20,22,12,10,24,21],[3,19,23,15,7,5,13,14,11,1,6,2,16,9,17,4,18,20,8,24,21,10,22,12],[7,3,15,13,5,6,14,11,19,23,1,2,16,9,17,4,18,8,20,24,22,10,21,12],[19,7,11,3,15,5,13,14,23,1,6,2,8,16,4,9,17,18,20,22,10],[23,7,3,15,13,5,14,11,19,1,6,2,8,16,4,9,17,18,20,22,24,12,10],[11,15,7,13,5,6,14,19,23,3,1,2,16,9,17,8,4,18,20,24,10,22,21],[23,7,11,15,5,13,14,19,3,1,6,2,16,9,17,8,4,18,20,24,22,12,10],[3,11,15,19,23,7,5,13,6,14,1,2,16,9,17,4,18,8,20,21,22,10],[19,15,11,7,13,5,6,14,3,23,1,2,16,9,17,4,18,8,20,24,12,21,10,22],[15,3,7,5,13,14,11,19,23,1,6,2,16,9,17,4,18,20,8,24,21,12,10,22],[3,23,11,7,15,5,13,6,14,19,1,2,16,9,17,8,4,18,20,21,10,22,24],[15,11,23,7,13,5,6,14,19,3,1,2,16,9,17,4,18,20,8,22,10],[23,3,7,19,15,5,13,6,14,11,1,2,16,9,17,4,18,8,20,22,10],[15,11,7,5,13,14,19,23,3,1,6,2,16,9,17,8,4,18,20,22,12,10,24,21],[19,7,15,13,5,6,14,3,11,23,1,2,8,16,4,9,17,18,20,24,22,10,21,12],[23,11,19,7,15,5,13,14,3,1,6,2,8,16,4,9,17,18,20,22,10,21],[15,23,7,5,13,6,14,3,11,19,1,2,16,9,17,4,18,8,20,22,10,12],[15,3,19,7,13,5,14,23,11,1,6,2,16,9,17,8,4,18,20,22,10,12],[3,23,19,11,7,15,5,13,14,1,6,2,8,16,4,9,17,18,20,24,21,10,12,22],[15,19,23,11,3,7,5,13,14,1,6,2,16,9,17,8,4,18,20,22,10,21,12,24],[11,3,19,7,15,5,13,6,14,23,1,2,16,9,17,8,4,18,20,24,12,10,22,21],[23,19,11,15,7,13,5,14,3,1,6,2,8,16,4,9,17,18,20,24,21,10,22,12],[3,19,23,11,7,15,5,13,14,1,6,2,16,9,17,4,20,8,18,22,10,12,24],[7,23,3,19,11,15,5,13,14,1,6,2,16,9,17,4,18,8,20,22,10,21],[19,15,7,5,13,14,3,23,11,1,6,2,8,16,4,9,17,18,20,22,12,10,21],[23,3,15,11,7,13,5,6,14,19,1,2,16,9,17,4,18,20,8,21,12,10,22,24],[3,23,7,11,15,5,13,6,14,19,1,2,8,16,4,9,17,18,20,22,12,10],[7,3,11,19,23,15,5,13,6,14,1,2,16,9,17,4,18,20,8,22,12,10,24],[15,23,19,3,11,7,13,5,6,14,1,2,8,16,4,9,17,18,20,22,12,10,21,24],[15,11,7,5,13,14,3,23,19,1,6,2,8,16,4,9,17,18,20,12,24,10,21,22],[23,3,19,7,11,15,13,5,14,1,6,2,8,16,4,9,17,18,20,24,22,12,10],[11,19,3,15,23,7,13,5,14,1,6,2,8,16,4,9,17,18,20,22,10,24],[11,3,15,23,19,7,13,5,6,14,1,2,16,9,17,8,4,18,20,22,12,10],[7,15,5,13,6,14,11,23,3,19,1,2,8,16,4,9,17,18,20,21,10,22,12,24],[11,19,7,3,23,15,5,13,6,14,1,2,16,9,17,8,4,18,20,22,10],[15,7,13,5,6,14,19,3,23,11,1,2,16,9,17,8,4,18,20,22,12,10],[15,23,3,7,5,13,14,11,19,1,6,2,8,16,4,9,17,18,20,22,12,10,21],[19,23,3,15,7,13,5,14,11,1,6,2,8,16,4,9,17,18,20,21,10,24,12,22],[7,23,11,15,5,13,14,3,19,1,6,2,16,9,17,4,20,8,18,22,10,24],[19,15,7,13,5,6,14,11,23,3,1,2,16,9,17,4,18,8,20,21,12,10,22,24],[3,15,23,7,13,5,6,14,19,11,1,2,8,16,4,9,17,18,20,24,21,10,12,22],[15,23,7,13,5,6,14,11,3,19,1,2,8,16,4,9,17,18,20,22,12,10,24],[15,19,23,3,11,7,5,13,6,14,1,2,16,9,17,4,18,20,8,24,22,12,10,21],[19,7,11,15,5,13,6,14,23,3,1,2,16,9,17,4,18,20,8,22,21,12,10,24],[15,11,19,23,7,5,13,6,14,3,1,2,16,9,17,8,4,18,20,24,10,21,12],[19,23,7,3,15,13,5,6,14,11,1,2,8,16,4,9,17,18,20,22,10],[19,3,7,15,13,5,6,14,23,11,1,2,8,16,4,9,17,18,20,22,12,10,24],[7,3,19,15,5,13,14,23,11,1,6,2,16,9,17,4,18,8,20,24,21,12,10,22],[19,11,3,15,23,7,13,5,6,14,1,2,16,9,17,4,18,8,20,24,21,12,10,22],[11,3,19,7,23,15,13,5,6,14,1,2,8,16,4,9,17,18,20,22,12,10,24],[19,11,3,23,15,7,13,5,6,14,1,2,16,9,17,8,4,18,20,22,10],[15,3,23,7,13,5,14,11,19,1,6,2,8,16,4,9,17,18,20,22,10,21],[23,11,3,7,19,15,13,5,6,14,1,2,16,9,17,4,20,8,18,21,12,10,24,22],[7,11,23,3,19,15,5,13,6,14,1,2,16,9,18,17,20,8,4,22,10,21,24],[19,15,3,7,13,5,6,14,11,23,1,2,16,9,17,8,4,18,20,21,10,24,22],[23,15,7,13,5,14,19,3,11,1,6,2,8,16,4,9,17,18,20,21,22,12,10],[15,3,23,7,5,13,6,14,19,11,1,2,8,16,4,9,17,18,20,22,12,10,24],[19,3,7,15,13,5,14,11,23,1,6,2,16,9,17,8,4,18,20,22,10,12,24],[23,7,15,5,13,6,14,11,3,19,1,2,8,16,4,9,17,18,20,22,10],[19,23,3,7,11,15,5,13,14,1,6,2,8,16,4,9,17,18,20,22,10,24,12],[7,19,15,13,5,14,23,11,3,1,6,2,8,16,4,9,17,18,20,24,22,10],[7,19,3,23,15,5,13,6,14,11,1,2,16,9,18,17,8,20,4,21,24,12,10],[7,15,13,5,6,14,19,3,11,23,1,2,16,9,17,4,18,8,20,24,21,10],[15,7,5,13,6,14,19,11,23,3,1,2,16,9,17,8,4,18,20,10,21,22,24],[19,3,23,11,15,7,5,13,14,1,6,2,8,16,4,9,17,18,20,24,21,12,10],[19,15,23,3,7,13,5,14,11,1,6,2,16,9,17,8,4,18,20,21,12,10,22],[3,7,11,19,15,5,13,14,23,1,6,2,8,16,4,9,17,18,20,24,22,12,10,21],[7,15,5,13,6,14,23,3,19,11,1,2,16,9,17,4,18,20,8,24,10,21,22],[23,3,7,19,11,15,13,5,6,14,1,2,16,9,17,4,18,20,8,21,12,10,24,22],[7,19,3,23,11,15,13,5,14,1,6,2,8,16,4,9,17,18,20,22,10],[23,15,19,11,7,5,13,14,3,1,6,2,8,16,4,9,17,18,20,22,10,21,12],[11,7,23,3,19,15,13,5,14,1,6,2,8,16,4,9,17,18,20,21,24,10,22,12],[7,15,13,5,14,23,19,3,11,1,6,2,8,16,4,9,17,18,20,21,24,12,10,22],[11,19,23,7,15,5,13,14,3,1,6,2,8,16,4,9,17,18,20,22,21,10],[19,7,3,23,11,15,5,13,14,1,6,2,16,9,17,8,4,18,20,22,21,10,12],[11,3,7,15,13,5,6,14,23,19,1,2,16,9,17,4,18,20,8,10,22,12],[15,11,19,3,7,5,13,14,23,1,6,2,8,16,4,9,17,18,20,22,10,24],[19,15,7,13,5,6,14,3,23,11,1,2,16,9,17,4,18,8,20,21,10,12,22],[15,7,5,13,6,14,11,19,3,23,1,2,8,16,4,9,17,18,20,21,10,24,22,12],[11,19,23,15,7,13,5,14,3,1,6,2,8,16,4,9,17,18,20,22,10,24,12,21],[7,19,11,23,15,5,13,6,14,3,1,2,16,9,17,8,4,18,20,21,22,10,12],[19,11,23,3,7,15,13,5,14,1,6,2,8,16,4,9,17,18,20,22,10,12],[23,19,15,3,7,5,13,14,11,1,6,4,8,16,9,17,18,20,2,24,22,10,21,12],[23,19,7,11,15,13,5,14,3,1,6,2,8,16,4,9,17,18,20,22,12,10,21,24],[23,3,19,11,15,7,13,5,14,1,6,2,16,9,17,8,4,18,20,22,10,12],[11,19,23,3,7,15,13,5,6,14,1,2,16,9,17,4,18,20,8,22,12,10],[23,15,3,11,19,7,13,5,14,1,6,2,8,16,4,9,17,18,20,21,10,22],[19,23,15,3,11,7,13,5,6,14,1,2,16,9,17,4,18,20,8,22,24,12,10],[15,19,3,11,7,5,13,6,14,23,1,2,16,9,17,4,18,8,20,22,12,10,21,24],[3,11,15,7,5,13,14,19,23,1,6,2,16,9,17,8,4,18,20,24,21,10,22,12],[7,11,15,13,5,14,3,19,23,1,6,2,16,9,17,8,4,18,20,21,22,10,24],[15,3,7,13,5,14,19,11,23,1,6,2,8,16,4,9,17,18,20,10,22,24],[19,7,15,13,5,6,14,23,11,3,1,2,8,16,4,9,17,18,20,10,24,21],[23,19,11,3,15,7,13,5,6,14,1,2,16,9,17,8,4,18,20,24,21,12,10,22],[11,3,15,7,13,5,6,14,23,19,1,2,16,9,17,8,4,18,20,22,21,12,10,24],[3,7,15,5,13,6,14,19,23,11,1,2,8,16,4,9,17,18,20,24,21,12,10,22],[7,23,3,15,5,13,14,19,11,1,6,2,16,9,17,4,20,8,18,22,10,12],[3,23,7,19,11,15,13,5,14,1,6,2,8,16,4,9,17,18,20,21,10,22,24,12],[3,15,11,23,19,7,13,5,6,14,1,2,16,9,17,4,18,20,8,22,10,12,21],[3,15,19,11,23,7,13,5,6,14,1,2,8,16,4,9,17,18,20,21,12,10,24,22],[11,15,7,13,5,14,23,3,19,1,6,2,8,16,4,9,17,18,20,24,21,12,10,22],[7,11,15,5,13,14,23,19,3,1,6,2,16,9,17,4,18,8,20,21,10,24],[15,3,23,7,5,13,14,11,19,1,6,2,8,16,4,9,17,18,20,22,12,10],[23,3,11,19,7,15,13,5,6,14,1,2,16,9,17,8,4,18,20,24,21,10,22,12],[15,7,13,5,6,14,23,19,11,3,1,2,16,9,17,8,4,18,20,22,10,12],[15,19,11,23,3,7,13,5,14,1,6,2,8,16,4,9,17,18,20,21,12,10,22,24],[15,23,7,13,5,14,11,3,19,1,6,2,8,16,4,9,17,18,20,12,10,24,22],[7,23,11,19,3,15,5,13,6,14,1,2,8,16,4,9,17,18,20,21,12,10,22,24],[11,3,23,7,19,15,5,13,6,14,1,2,16,9,17,8,4,18,20,24,21,12,10,22],[15,11,19,23,7,13,5,6,14,3,1,2,8,16,4,9,17,18,20,22,10,12],[23,7,3,19,15,13,5,14,11,1,6,2,16,9,17,4,18,8,20,24,21,10,22],[3,7,15,13,5,6,14,11,19,23,1,2,16,9,17,4,18,20,8,22,10,21,12,24],[7,3,23,19,11,15,13,5,6,14,1,2,8,16,4,9,17,18,20,24,10,22,12,21],[19,7,15,5,13,6,14,3,11,23,1,2,16,9,17,4,18,20,8,22,10,21],[11,19,23,7,3,15,13,5,14,1,6,2,8,16,4,9,17,18,20,22,10],[7,11,3,23,19,15,5,13,6,14,1,2,8,16,4,9,17,18,20,24,12,10,22,21],[23,19,11,15,7,5,13,6,14,3,1,2,16,9,17,4,18,20,8,21,24,12,10,22],[19,7,11,23,3,15,5,13,14,1,6,2,16,9,17,4,18,20,8,22,12,10,21,24],[7,11,3,15,13,5,14,23,19,1,6,2,8,16,4,9,17,18,20,22,12,10,24],[19,15,3,7,5,13,14,11,23,1,6,2,8,16,4,9,17,18,20,21,10,24,12,22],[15,23,19,7,13,5,14,11,3,1,6,2,8,16,4,9,17,18,20,24,21,12,10,22],[7,3,19,23,15,5,13,14,11,1,6,2,16,9,17,4,18,8,20,24,22,10,21,12],[3,23,11,15,7,13,5,6,14,19,1,2,8,16,4,9,17,18,20,21,22,10,12,24],[19,11,23,7,3,15,5,13,14,1,6,2,8,16,4,9,17,18,20,22,10,21,24],[15,3,19,23,7,13,5,14,11,1,6,2,16,9,17,8,4,18,20,24,22,10],[11,19,3,15,23,7,13,5,6,14,1,2,16,9,17,8,4,18,20,24,21,12,10,22],[11,19,15,3,7,13,5,6,14,23,1,2,8,16,4,9,17,18,20,21,22,12,10],[11,19,3,15,7,5,13,14,23,1,6,2,8,16,4,9,17,18,20,24,21,12,10,22],[15,23,11,7,13,5,6,14,3,19,1,2,16,9,17,8,4,18,20,21,10,24,22],[19,23,3,7,15,13,5,6,14,11,1,2,8,16,4,9,17,18,20,24,12,10,22,21],[19,15,3,11,7,5,13,6,14,23,1,2,16,9,18,17,20,8,4,24,22,12,10],[19,23,11,15,3,7,13,5,6,14,1,2,16,9,17,4,20,8,18,24,22,10,21,12],[15,3,7,13,5,6,14,19,11,23,1,2,16,9,17,4,18,8,20,22,12,10,24,21],[3,15,7,13,5,14,11,23,19,1,6,2,8,16,4,9,17,18,20,22,12,10,24],[15,3,23,19,7,13,5,6,14,11,1,2,8,16,4,9,17,18,20,22,12,10,24,21],[23,11,7,15,5,13,14,19,3,1,6,2,16,9,17,8,4,18,20,21,22,12,10,24],[15,19,11,7,13,5,6,14,3,23,1,2,16,9,17,8,4,18,20,21,24,10],[19,11,23,3,7,15,13,5,14,1,6,2,8,16,4,9,17,18,20,22,12,10],[7,23,11,3,19,15,13,5,6,14,1,2,16,9,17,4,18,20,8,21,12,10,24,22],[19,11,15,3,7,5,13,14,23,1,6,2,16,9,17,4,18,8,20,22,10,21,24],[15,23,11,3,19,7,13,5,6,14,1,2,8,16,4,9,17,18,20,24,21,12,10,22],[11,7,15,13,5,14,23,19,3,1,6,2,16,9,17,8,4,18,20,24,12,10,22],[3,19,11,15,7,13,5,6,14,23,1,2,16,9,17,4,18,20,8,24,21,12,10,22],[7,19,23,15,13,5,6,14,3,11,1,2,8,16,4,9,17,18,20,21,12,10,22,24],[3,15,7,5,13,6,14,11,19,23,1,2,16,9,17,8,4,18,20,24,10,21,12,22],[3,23,15,11,7,13,5,6,14,19,1,2,16,9,17,8,4,18,20,21,22,12,10,24],[23,11,19,3,7,15,13,5,6,14,1,2,16,9,17,4,18,8,20,24,10,21,12,22],[23,19,7,11,3,15,5,13,14,1,6,2,8,16,4,9,17,18,20,22,12,10,24],[19,7,3,23,15,5,13,6,14,11,1,2,8,16,4,9,17,18,20,21,22,10,12],[19,11,3,23,15,7,13,5,6,14,1,2,8,16,4,9,17,18,20,24,22,10,12],[3,11,15,23,7,5,13,6,14,19,1,2,16,9,17,8,4,18,20,22,10,24,12,21],[3,19,11,23,7,15,13,5,14,1,6,2,16,9,17,8,4,18,20,21,24,12,10,22],[7,23,15,5,13,6,14,3,19,11,1,2,16,9,17,8,4,18,20,21,10,22],[15,3,19,23,7,5,13,14,11,1,6,2,16,9,17,4,18,20,8,22,12,10,24],[23,3,19,7,11,15,5,13,14,1,6,2,16,9,17,4,18,8,20,21,12,10,24,22],[19,7,15,13,5,14,11,23,3,1,6,2,16,9,17,4,18,8,20,21,10,24,12,22],[19,23,15,11,7,5,13,14,3,1,6,2,8,16,4,9,17,18,20,24,22,12,10,21],[7,19,3,15,5,13,14,23,11,1,6,2,8,16,4,9,17,18,20,22,12,10,21],[3,15,11,19,23,7,5,13,14,1,6,2,16,9,17,8,4,18,20,24,22,12,10,21],[3,23,15,11,7,13,5,14,19,1,6,2,16,9,17,8,4,18,20,12,10,22,21,24],[19,15,3,7,5,13,14,23,11,1,6,2,16,10,17,4,18,8,20,12,9,24,21],[3,15,19,23,11,7,5,13,14,1,6,2,8,16,4,9,17,18,20,22,10],[7,19,11,3,23,15,13,5,6,14,1,2,8,16,4,9,17,18,20,21,22,12,10,24],[3,15,19,23,7,13,5,14,11,1,6,2,16,9,17,4,20,8,18,24,22,10,12],[11,19,15,3,23,7,5,13,6,14,1,2,8,16,4,9,17,18,20,12,10,22,24,21],[7,11,19,15,5,13,6,14,3,23,1,2,16,9,17,4,18,20,8,24,22,10,21,12],[19,3,7,15,13,5,14,23,11,1,6,2,8,16,4,9,17,18,20,24,12,10,22],[15,23,11,7,13,5,6,14,3,19,1,2,8,16,4,9,17,18,20,24,21,10],[3,7,11,19,15,13,5,14,23,1,6,2,16,9,17,8,4,18,20,24,21,10,12,22],[23,15,7,13,5,14,19,3,11,1,6,2,8,16,4,9,17,18,20,22,12,10,21,24],[23,11,15,7,13,5,6,14,3,19,1,2,16,9,17,8,4,18,20,10,22],[23,7,11,19,15,5,13,6,14,3,1,2,8,16,4,9,17,18,20,21,10,24,12,22],[7,23,11,19,3,15,5,13,14,1,6,2,16,9,17,8,4,18,20,24,21,10,12,22],[15,7,5,13,14,19,3,23,11,1,6,2,16,9,17,8,4,18,20,22,12,10,24,21],[23,19,3,7,15,13,5,14,11,1,6,2,16,9,17,4,18,8,20,24,22,12,10,21],[15,7,13,5,14,11,3,23,19,1,6,2,8,16,4,9,17,18,20,21,22,10,24],[7,19,23,15,13,5,6,14,11,3,1,2,16,9,17,8,4,18,20,21,10,24],[23,15,11,3,7,13,5,6,14,19,1,2,16,9,17,8,4,18,20,24,21,12,10,22],[3,15,7,13,5,6,14,11,19,23,1,2,8,16,4,9,17,18,20,22,10,21,12],[3,11,7,19,15,13,5,14,23,1,6,2,8,16,4,9,17,18,20,24,22,10,21],[23,11,7,15,5,13,6,14,19,3,1,2,16,9,17,4,18,20,8,22,10,21,24],[19,23,7,15,5,13,6,14,11,3,1,2,16,9,17,4,18,8,20,24,22,10,12],[3,7,23,15,5,13,14,11,19,1,6,2,16,9,17,8,4,18,20,24,10,22,12,21],[3,19,15,7,5,13,6,14,11,23,1,2,8,16,4,9,17,18,20,22,12,10,24,21],[3,23,7,19,11,15,13,5,6,14,1,2,16,9,17,4,18,8,20,22,24,10,12],[19,23,15,3,11,7,13,5,14,1,6,2,8,16,4,9,17,18,20,24,12,10,21,22],[7,19,11,3,23,15,13,5,14,1,6,2,8,16,4,9,17,18,20,24,12,10,21,22],[11,23,3,15,7,5,13,14,19,1,6,2,8,16,4,9,17,18,20,22,10,12],[15,19,7,5,13,6,14,3,23,11,1,2,16,9,17,4,18,8,20,24,12,10,21,22],[19,7,23,15,13,5,6,14,11,3,1,2,16,9,17,4,18,8,20,24,21,10,22],[19,15,23,7,13,5,6,14,3,11,1,2,8,16,4,9,17,18,20,24,21,10,12,22],[23,11,3,15,19,7,5,13,14,1,6,2,8,16,4,9,17,18,20,24,21,12,10,22],[19,23,7,11,3,15,13,5,14,1,6,2,16,9,17,4,18,20,8,21,10,22,24,12],[11,15,3,7,13,5,6,14,23,19,1,2,16,9,17,4,18,8,20,21,12,10,22],[11,7,23,3,19,15,13,5,6,14,1,2,8,16,4,9,17,18,20,22,12,10],[3,11,23,15,7,13,5,14,19,1,6,2,16,9,17,8,4,18,20,21,12,10,22,24],[23,7,11,15,13,5,14,3,19,1,6,2,16,9,17,4,18,20,8,24,21,10],[15,23,3,7,5,13,14,19,11,1,6,2,16,9,17,4,18,8,20,24,21,10,22],[7,23,3,11,15,5,13,6,14,19,1,2,8,16,4,9,17,18,20,24,21,12,10],[23,3,19,7,11,15,13,5,14,1,6,2,16,9,17,8,4,18,20,21,12,10,22,24],[23,15,3,7,5,13,6,14,19,11,1,2,16,9,17,8,4,18,20,24,21,10,22],[1